bet_date,uid,dealer_id,is_sentinel_dealer,stake_amount,profit_amount,net_pnl,win_rate,n_related_orders,n_rounds_eff,p_base_mix_w,p_base_mix_unw,z_score_w,z_score_unw,z_score,delta_p,eligibility_status,comparison_id,filter_stage,filter_rule_version,cmp_time_window,cmp_population,cmp_label,z_score_alias_status,stake,valid_bet,profit,n_bets,n_rounds,roi,roi_recent,roi_non_recent,roi_ex_rebate,roi_numerator,roi_denominator,roi_denominator_status,rebate_cost,cost_complement_b,pct_complement,pct_top_bet23,agent_formula_version,agent_level_scope,agent_cost_lv1,agent_cost_lv2,agent_cost_lv3,agent_cost_lv4,agent_cost_lv5,agent_pct_lv1,agent_pct_lv2,agent_pct_lv3,agent_pct_lv4,agent_pct_lv5,retain_pct_lv1,retain_pct_lv2,retain_pct_lv3,retain_pct_lv4,retain_pct_lv5,chain_depth_avg,agent_cost_chain_additive,agent_cost_chain_nested,residual_chain_additive,residual_chain_nested,decision_status,admit_to_risk_decision,deliverable_class,agent_cost_a_legacy,agent_cost_valid_base_legacy,ngr,residual_b,residual_a,ngr_rate,residual_b_rate,agent_cost_bet23_formal_canonical,net_margin_bet23_formal_canonical,net_margin_bet23_formal_rate_canonical,agent_cost_lv1_bet23_canonical,agent_cost_lv2_bet24_canonical,agent_cost_lv3_bet25_canonical,agent_cost_lv4_bet26_canonical,agent_cost_lv5_bet27_canonical,net_margin_lv1_bet23_canonical,net_margin_lv1_bet23_rate_canonical,agent_cost_chain_additive_canonical,agent_cost_chain_nested_canonical,net_margin_chain_additive_canonical,net_margin_chain_nested_canonical,net_margin_chain_additive_rate_canonical,net_margin_chain_nested_rate_canonical,residual_a_rate,avg_stake_per_bet,avg_valid_bet_per_round,avg_profit_per_round,avg_profit_per_day,avg_profit_per_shoe,avg_stake_per_active_day,avg_rounds_per_active_day,avg_stake_recent,avg_stake_non_recent,p25_stake,p50_stake,p75_stake,p90_stake,p95_stake,p99_stake,p50_valid_bet,p50_profit,p95_over_p50,p99_over_p50,avg_over_p50,common_table_count,common_dealer_count,common_ip_count,common_product_count,share_recent,hold_rate,hold_rate_recent,rebate_rate_actual,rebate_pct_config,turnover_multiple,free_comm_rate,roi_delta_recent,first_seen,last_seen,active_days,active_shoes,active_sessions,span_days,persistence,ramp_recent_vs_prior,ramp_recent_vs_all,stake_ramp,vip_tier,economic_value,roi_pr_global,risk_value,pr_stake,pr_global,pr_qualified,pr_qualified_population,pr_global_population_n,pr_qualified_population_n,pr_calculation_method,pr_calculation_version,evidence_flag,evidence_rate,hold_ci_halfwidth_approx,action_priority,audit_rn,batch_id,run_id,snapshot_sync_time
2026-05-31,144397996,2151,0,28.5402937061,57.0805874107,57.0805874107,0.1428571,11,8,0.06245142500000000,0.062451425000,0.8791599353310248,0.8791599353310248,0.8791599353310248,0E-17,ELIGIBLE,R03b_20260811_FULL_v1,L1_ELIGIBILITY,v2026-08-11,2026-03-21..2026-08-06,baccarat_bet02_101_all_pairs_incl_sentinel,round_win = game_pnl > 0 (decisive only),COMPATIBILITY_ONLY_NOT_PRODUCTION,4613.0103,4471.8145,167.8006,1664,1112,-0.03637551,-0.24795640,0.02538275,-0.03637551,-167.8006,4613.0103,OK,0.0000,6.7120,4.0000,96.0000,AG03-UNRESOLVED,ALL5_LEVELS_bet23_to_bet27,6.7120,6.7120,6.7120,6.7120,6.7120,4.000000,4.000000,4.000000,4.000000,4.000000,96.000000,96.000000,96.000000,96.000000,96.000000,5.0,33.5601,30.9806,134.2405,136.82,PENDING_AG03,FALSE,NOT_FOR_ENFORCEMENT,161.0886,4292.9419,167.8006,161.0886,6.7120,0.03637551,0.03492049,6.7120,161.0886,0.03492049,6.7120,6.7120,6.7120,6.7120,6.7120,161.0886,0.03492049,33.5601,30.9806,134.2405,136.82,0.02910041,0.0296596,0.00145502,2.7722,4.0214,0.1509,4.5352,0.7841,124.6760,30.0541,2.5927,2.8294,2.5818,2.5946,2.5946,2.6176,5.1431,5.2352,2.5946,-2.5818,1.982256,2.017747,1.068477,14,72,7,8,0.22594003,0.03637551,0.24795640,0E-8,0.000000,0.969392,0.011418,-0.27333915,2026-03-28,2026-07-27,37,214,160,122,0.303279,0.916330,0.935234,0.753133,,,,,,,,GLOBAL_BASELINE_NO_ENTITY_RANKING,,,NOT_APPLICABLE_GLOBAL_BASELINE,HF9g-P5,,,,X 全窗基线 · 不参与实体赏罚,6870001,688,A168_HF9F_20260827_0900,2026-08-27 09:00:00
2026-05-31,144397996,2153,0,61.7172834117,-46.5451179064,-46.5451179064,0.1428571,21,14,0.22801125357142857,0.228011253571,-0.7594269583865905,-0.7594269583832713,-0.7594269583865905,4.2857E-13,ELIGIBLE,R03b_20260811_FULL_v1,L1_ELIGIBILITY,v2026-08-11,2026-03-21..2026-08-06,baccarat_bet02_101_all_pairs_incl_sentinel,round_win = game_pnl > 0 (decisive only),COMPATIBILITY_ONLY_NOT_PRODUCTION,4613.0103,4471.8145,167.8006,1664,1112,-0.03637551,-0.24795640,0.02538275,-0.03637551,-167.8006,4613.0103,OK,0.0000,6.7120,4.0000,96.0000,AG03-UNRESOLVED,ALL5_LEVELS_bet23_to_bet27,6.7120,6.7120,6.7120,6.7120,6.7120,4.000000,4.000000,4.000000,4.000000,4.000000,96.000000,96.000000,96.000000,96.000000,96.000000,5.0,33.5601,30.9806,134.2405,136.82,PENDING_AG03,FALSE,NOT_FOR_ENFORCEMENT,161.0886,4292.9419,167.8006,161.0886,6.7120,0.03637551,0.03492049,6.7120,161.0886,0.03492049,6.7120,6.7120,6.7120,6.7120,6.7120,161.0886,0.03492049,33.5601,30.9806,134.2405,136.82,0.02910041,0.0296596,0.00145502,2.7722,4.0214,0.1509,4.5352,0.7841,124.6760,30.0541,2.5927,2.8294,2.5818,2.5946,2.5946,2.6176,5.1431,5.2352,2.5946,-2.5818,1.982256,2.017747,1.068477,14,72,7,8,0.22594003,0.03637551,0.24795640,0E-8,0.000000,0.969392,0.011418,-0.27333915,2026-03-28,2026-07-27,37,214,160,122,0.303279,0.916330,0.935234,0.753133,,,,,,,,GLOBAL_BASELINE_NO_ENTITY_RANKING,,,NOT_APPLICABLE_GLOBAL_BASELINE,HF9g-P5,,,,X 全窗基线 · 不参与实体赏罚,6870002,688,A168_HF9F_20260827_0900,2026-08-27 09:00:00
2026-05-31,144397996,2155,0,10.3322512611,-10.3322512611,-10.3322512611,0E-7,3,2,0.28397192500000000,0.283971925000,-0.8906102211649702,-0.8906102211649702,-0.8906102211649702,0E-17,ELIGIBLE,R03b_20260811_FULL_v1,L1_ELIGIBILITY,v2026-08-11,2026-03-21..2026-08-06,baccarat_bet02_101_all_pairs_incl_sentinel,round_win = game_pnl > 0 (decisive only),COMPATIBILITY_ONLY_NOT_PRODUCTION,4613.0103,4471.8145,167.8006,1664,1112,-0.03637551,-0.24795640,0.02538275,-0.03637551,-167.8006,4613.0103,OK,0.0000,6.7120,4.0000,96.0000,AG03-UNRESOLVED,ALL5_LEVELS_bet23_to_bet27,6.7120,6.7120,6.7120,6.7120,6.7120,4.000000,4.000000,4.000000,4.000000,4.000000,96.000000,96.000000,96.000000,96.000000,96.000000,5.0,33.5601,30.9806,134.2405,136.82,PENDING_AG03,FALSE,NOT_FOR_ENFORCEMENT,161.0886,4292.9419,167.8006,161.0886,6.7120,0.03637551,0.03492049,6.7120,161.0886,0.03492049,6.7120,6.7120,6.7120,6.7120,6.7120,161.0886,0.03492049,33.5601,30.9806,134.2405,136.82,0.02910041,0.0296596,0.00145502,2.7722,4.0214,0.1509,4.5352,0.7841,124.6760,30.0541,2.5927,2.8294,2.5818,2.5946,2.5946,2.6176,5.1431,5.2352,2.5946,-2.5818,1.982256,2.017747,1.068477,14,72,7,8,0.22594003,0.03637551,0.24795640,0E-8,0.000000,0.969392,0.011418,-0.27333915,2026-03-28,2026-07-27,37,214,160,122,0.303279,0.916330,0.935234,0.753133,,,,,,,,GLOBAL_BASELINE_NO_ENTITY_RANKING,,,NOT_APPLICABLE_GLOBAL_BASELINE,HF9g-P5,,,,X 全窗基线 · 不参与实体赏罚,6870003,688,A168_HF9F_20260827_0900,2026-08-27 09:00:00
2026-05-31,144397996,462,0,28.2870882303,-5.1431069510,-5.1431069510,0.3750000,9,9,0.49324550000000000,0.493245500000,-0.6689586021016365,-0.6689586021016365,-0.6689586021016365,0E-17,ELIGIBLE,R03b_20260811_FULL_v1,L1_ELIGIBILITY,v2026-08-11,2026-03-21..2026-08-06,baccarat_bet02_101_all_pairs_incl_sentinel,round_win = game_pnl > 0 (decisive only),COMPATIBILITY_ONLY_NOT_PRODUCTION,4613.0103,4471.8145,167.8006,1664,1112,-0.03637551,-0.24795640,0.02538275,-0.03637551,-167.8006,4613.0103,OK,0.0000,6.7120,4.0000,96.0000,AG03-UNRESOLVED,ALL5_LEVELS_bet23_to_bet27,6.7120,6.7120,6.7120,6.7120,6.7120,4.000000,4.000000,4.000000,4.000000,4.000000,96.000000,96.000000,96.000000,96.000000,96.000000,5.0,33.5601,30.9806,134.2405,136.82,PENDING_AG03,FALSE,NOT_FOR_ENFORCEMENT,161.0886,4292.9419,167.8006,161.0886,6.7120,0.03637551,0.03492049,6.7120,161.0886,0.03492049,6.7120,6.7120,6.7120,6.7120,6.7120,161.0886,0.03492049,33.5601,30.9806,134.2405,136.82,0.02910041,0.0296596,0.00145502,2.7722,4.0214,0.1509,4.5352,0.7841,124.6760,30.0541,2.5927,2.8294,2.5818,2.5946,2.5946,2.6176,5.1431,5.2352,2.5946,-2.5818,1.982256,2.017747,1.068477,14,72,7,8,0.22594003,0.03637551,0.24795640,0E-8,0.000000,0.969392,0.011418,-0.27333915,2026-03-28,2026-07-27,37,214,160,122,0.303279,0.916330,0.935234,0.753133,,,,,,,,GLOBAL_BASELINE_NO_ENTITY_RANKING,,,NOT_APPLICABLE_GLOBAL_BASELINE,HF9g-P5,,,,X 全窗基线 · 不参与实体赏罚,6870004,688,A168_HF9F_20260827_0900,2026-08-27 09:00:00
2026-05-31,144397996,529,0,23.2820933570,-20.7105398815,-20.7105398815,0E-7,8,8,0.14078885000000000,0.140788850000,-1.0709845324688634,-1.0709845324688634,-1.0709845324688634,0E-17,ELIGIBLE,R03b_20260811_FULL_v1,L1_ELIGIBILITY,v2026-08-11,2026-03-21..2026-08-06,baccarat_bet02_101_all_pairs_incl_sentinel,round_win = game_pnl > 0 (decisive only),COMPATIBILITY_ONLY_NOT_PRODUCTION,4613.0103,4471.8145,167.8006,1664,1112,-0.03637551,-0.24795640,0.02538275,-0.03637551,-167.8006,4613.0103,OK,0.0000,6.7120,4.0000,96.0000,AG03-UNRESOLVED,ALL5_LEVELS_bet23_to_bet27,6.7120,6.7120,6.7120,6.7120,6.7120,4.000000,4.000000,4.000000,4.000000,4.000000,96.000000,96.000000,96.000000,96.000000,96.000000,5.0,33.5601,30.9806,134.2405,136.82,PENDING_AG03,FALSE,NOT_FOR_ENFORCEMENT,161.0886,4292.9419,167.8006,161.0886,6.7120,0.03637551,0.03492049,6.7120,161.0886,0.03492049,6.7120,6.7120,6.7120,6.7120,6.7120,161.0886,0.03492049,33.5601,30.9806,134.2405,136.82,0.02910041,0.0296596,0.00145502,2.7722,4.0214,0.1509,4.5352,0.7841,124.6760,30.0541,2.5927,2.8294,2.5818,2.5946,2.5946,2.6176,5.1431,5.2352,2.5946,-2.5818,1.982256,2.017747,1.068477,14,72,7,8,0.22594003,0.03637551,0.24795640,0E-8,0.000000,0.969392,0.011418,-0.27333915,2026-03-28,2026-07-27,37,214,160,122,0.303279,0.916330,0.935234,0.753133,,,,,,,,GLOBAL_BASELINE_NO_ENTITY_RANKING,,,NOT_APPLICABLE_GLOBAL_BASELINE,HF9g-P5,,,,X 全窗基线 · 不参与实体赏罚,6870005,688,A168_HF9F_20260827_0900,2026-08-27 09:00:00
2026-05-31,144397996,772,0,51.4310695091,-16.3293645691,-16.3293645691,0.3333333,6,6,0.50665070000000000,0.506650700000,-0.8491533462951141,-0.8491533462951141,-0.8491533462951141,0E-17,ELIGIBLE,R03b_20260811_FULL_v1,L1_ELIGIBILITY,v2026-08-11,2026-03-21..2026-08-06,baccarat_bet02_101_all_pairs_incl_sentinel,round_win = game_pnl > 0 (decisive only),COMPATIBILITY_ONLY_NOT_PRODUCTION,4613.0103,4471.8145,167.8006,1664,1112,-0.03637551,-0.24795640,0.02538275,-0.03637551,-167.8006,4613.0103,OK,0.0000,6.7120,4.0000,96.0000,AG03-UNRESOLVED,ALL5_LEVELS_bet23_to_bet27,6.7120,6.7120,6.7120,6.7120,6.7120,4.000000,4.000000,4.000000,4.000000,4.000000,96.000000,96.000000,96.000000,96.000000,96.000000,5.0,33.5601,30.9806,134.2405,136.82,PENDING_AG03,FALSE,NOT_FOR_ENFORCEMENT,161.0886,4292.9419,167.8006,161.0886,6.7120,0.03637551,0.03492049,6.7120,161.0886,0.03492049,6.7120,6.7120,6.7120,6.7120,6.7120,161.0886,0.03492049,33.5601,30.9806,134.2405,136.82,0.02910041,0.0296596,0.00145502,2.7722,4.0214,0.1509,4.5352,0.7841,124.6760,30.0541,2.5927,2.8294,2.5818,2.5946,2.5946,2.6176,5.1431,5.2352,2.5946,-2.5818,1.982256,2.017747,1.068477,14,72,7,8,0.22594003,0.03637551,0.24795640,0E-8,0.000000,0.969392,0.011418,-0.27333915,2026-03-28,2026-07-27,37,214,160,122,0.303279,0.916330,0.935234,0.753133,,,,,,,,GLOBAL_BASELINE_NO_ENTITY_RANKING,,,NOT_APPLICABLE_GLOBAL_BASELINE,HF9g-P5,,,,X 全窗基线 · 不参与实体赏罚,6870006,688,A168_HF9F_20260827_0900,2026-08-27 09:00:00
2026-05-31,144397996,789,0,57.0805874122,28.5402937048,28.5402937048,0.2857143,22,14,0.08362564285714286,0.083625642857,2.7314907025757744,2.7314907025798254,2.7314907025757744,1.4286E-13,ELIGIBLE,R03b_20260811_FULL_v1,L1_ELIGIBILITY,v2026-08-11,2026-03-21..2026-08-06,baccarat_bet02_101_all_pairs_incl_sentinel,round_win = game_pnl > 0 (decisive only),COMPATIBILITY_ONLY_NOT_PRODUCTION,4613.0103,4471.8145,167.8006,1664,1112,-0.03637551,-0.24795640,0.02538275,-0.03637551,-167.8006,4613.0103,OK,0.0000,6.7120,4.0000,96.0000,AG03-UNRESOLVED,ALL5_LEVELS_bet23_to_bet27,6.7120,6.7120,6.7120,6.7120,6.7120,4.000000,4.000000,4.000000,4.000000,4.000000,96.000000,96.000000,96.000000,96.000000,96.000000,5.0,33.5601,30.9806,134.2405,136.82,PENDING_AG03,FALSE,NOT_FOR_ENFORCEMENT,161.0886,4292.9419,167.8006,161.0886,6.7120,0.03637551,0.03492049,6.7120,161.0886,0.03492049,6.7120,6.7120,6.7120,6.7120,6.7120,161.0886,0.03492049,33.5601,30.9806,134.2405,136.82,0.02910041,0.0296596,0.00145502,2.7722,4.0214,0.1509,4.5352,0.7841,124.6760,30.0541,2.5927,2.8294,2.5818,2.5946,2.5946,2.6176,5.1431,5.2352,2.5946,-2.5818,1.982256,2.017747,1.068477,14,72,7,8,0.22594003,0.03637551,0.24795640,0E-8,0.000000,0.969392,0.011418,-0.27333915,2026-03-28,2026-07-27,37,214,160,122,0.303279,0.916330,0.935234,0.753133,,,,,,,,GLOBAL_BASELINE_NO_ENTITY_RANKING,,,NOT_APPLICABLE_GLOBAL_BASELINE,HF9g-P5,,,,X 全窗基线 · 不参与实体赏罚,6870007,688,A168_HF9F_20260827_0900,2026-08-27 09:00:00
2026-05-31,144397996,919,0,64.4039302846,26.8862180942,26.8862180942,0.4615385,16,15,0.31256757000000000,0.312567570000,1.1587403400655003,1.1587403400655005,1.1587403400655003,0E-17,ELIGIBLE,R03b_20260811_FULL_v1,L1_ELIGIBILITY,v2026-08-11,2026-03-21..2026-08-06,baccarat_bet02_101_all_pairs_incl_sentinel,round_win = game_pnl > 0 (decisive only),COMPATIBILITY_ONLY_NOT_PRODUCTION,4613.0103,4471.8145,167.8006,1664,1112,-0.03637551,-0.24795640,0.02538275,-0.03637551,-167.8006,4613.0103,OK,0.0000,6.7120,4.0000,96.0000,AG03-UNRESOLVED,ALL5_LEVELS_bet23_to_bet27,6.7120,6.7120,6.7120,6.7120,6.7120,4.000000,4.000000,4.000000,4.000000,4.000000,96.000000,96.000000,96.000000,96.000000,96.000000,5.0,33.5601,30.9806,134.2405,136.82,PENDING_AG03,FALSE,NOT_FOR_ENFORCEMENT,161.0886,4292.9419,167.8006,161.0886,6.7120,0.03637551,0.03492049,6.7120,161.0886,0.03492049,6.7120,6.7120,6.7120,6.7120,6.7120,161.0886,0.03492049,33.5601,30.9806,134.2405,136.82,0.02910041,0.0296596,0.00145502,2.7722,4.0214,0.1509,4.5352,0.7841,124.6760,30.0541,2.5927,2.8294,2.5818,2.5946,2.5946,2.6176,5.1431,5.2352,2.5946,-2.5818,1.982256,2.017747,1.068477,14,72,7,8,0.22594003,0.03637551,0.24795640,0E-8,0.000000,0.969392,0.011418,-0.27333915,2026-03-28,2026-07-27,37,214,160,122,0.303279,0.916330,0.935234,0.753133,,,,,,,,GLOBAL_BASELINE_NO_ENTITY_RANKING,,,NOT_APPLICABLE_GLOBAL_BASELINE,HF9g-P5,,,,X 全窗基线 · 不参与实体赏罚,6870008,688,A168_HF9F_20260827_0900,2026-08-27 09:00:00
2026-06-05,144397996,1205,0,18.0008743285,-18.0008743285,-18.0008743285,0E-7,7,4,0.07967446250000000,0.079674462500,-0.5884625511832666,-0.5884625511832666,-0.5884625511832666,0E-17,ELIGIBLE,R03b_20260811_FULL_v1,L1_ELIGIBILITY,v2026-08-11,2026-03-21..2026-08-06,baccarat_bet02_101_all_pairs_incl_sentinel,round_win = game_pnl > 0 (decisive only),COMPATIBILITY_ONLY_NOT_PRODUCTION,4613.0103,4471.8145,167.8006,1664,1112,-0.03637551,-0.24795640,0.02538275,-0.03637551,-167.8006,4613.0103,OK,0.0000,6.7120,4.0000,96.0000,AG03-UNRESOLVED,ALL5_LEVELS_bet23_to_bet27,6.7120,6.7120,6.7120,6.7120,6.7120,4.000000,4.000000,4.000000,4.000000,4.000000,96.000000,96.000000,96.000000,96.000000,96.000000,5.0,33.5601,30.9806,134.2405,136.82,PENDING_AG03,FALSE,NOT_FOR_ENFORCEMENT,161.0886,4292.9419,167.8006,161.0886,6.7120,0.03637551,0.03492049,6.7120,161.0886,0.03492049,6.7120,6.7120,6.7120,6.7120,6.7120,161.0886,0.03492049,33.5601,30.9806,134.2405,136.82,0.02910041,0.0296596,0.00145502,2.7722,4.0214,0.1509,4.5352,0.7841,124.6760,30.0541,2.5927,2.8294,2.5818,2.5946,2.5946,2.6176,5.1431,5.2352,2.5946,-2.5818,1.982256,2.017747,1.068477,14,72,7,8,0.22594003,0.03637551,0.24795640,0E-8,0.000000,0.969392,0.011418,-0.27333915,2026-03-28,2026-07-27,37,214,160,122,0.303279,0.916330,0.935234,0.753133,,,,,,,,GLOBAL_BASELINE_NO_ENTITY_RANKING,,,NOT_APPLICABLE_GLOBAL_BASELINE,HF9g-P5,,,,X 全窗基线 · 不参与实体赏罚,6870009,688,A168_HF9F_20260827_0900,2026-08-27 09:00:00
2026-06-05,144397996,1323,0,20.5724278040,-20.5724278040,-20.5724278040,0E-7,8,4,0.07291737500000000,0.072917375000,-0.5609010947832228,-0.5609010947832228,-0.5609010947832228,0E-17,ELIGIBLE,R03b_20260811_FULL_v1,L1_ELIGIBILITY,v2026-08-11,2026-03-21..2026-08-06,baccarat_bet02_101_all_pairs_incl_sentinel,round_win = game_pnl > 0 (decisive only),COMPATIBILITY_ONLY_NOT_PRODUCTION,4613.0103,4471.8145,167.8006,1664,1112,-0.03637551,-0.24795640,0.02538275,-0.03637551,-167.8006,4613.0103,OK,0.0000,6.7120,4.0000,96.0000,AG03-UNRESOLVED,ALL5_LEVELS_bet23_to_bet27,6.7120,6.7120,6.7120,6.7120,6.7120,4.000000,4.000000,4.000000,4.000000,4.000000,96.000000,96.000000,96.000000,96.000000,96.000000,5.0,33.5601,30.9806,134.2405,136.82,PENDING_AG03,FALSE,NOT_FOR_ENFORCEMENT,161.0886,4292.9419,167.8006,161.0886,6.7120,0.03637551,0.03492049,6.7120,161.0886,0.03492049,6.7120,6.7120,6.7120,6.7120,6.7120,161.0886,0.03492049,33.5601,30.9806,134.2405,136.82,0.02910041,0.0296596,0.00145502,2.7722,4.0214,0.1509,4.5352,0.7841,124.6760,30.0541,2.5927,2.8294,2.5818,2.5946,2.5946,2.6176,5.1431,5.2352,2.5946,-2.5818,1.982256,2.017747,1.068477,14,72,7,8,0.22594003,0.03637551,0.24795640,0E-8,0.000000,0.969392,0.011418,-0.27333915,2026-03-28,2026-07-27,37,214,160,122,0.303279,0.916330,0.935234,0.753133,,,,,,,,GLOBAL_BASELINE_NO_ENTITY_RANKING,,,NOT_APPLICABLE_GLOBAL_BASELINE,HF9g-P5,,,,X 全窗基线 · 不参与实体赏罚,6870010,688,A168_HF9F_20260827_0900,2026-08-27 09:00:00
2026-06-05,144397996,1353,0,5.1431069510,-5.1431069510,-5.1431069510,0E-7,2,1,0.07469835000000000,0.074698350000,-0.2841278703448948,-0.28412787034489473,-0.2841278703448948,0E-17,ELIGIBLE,R03b_20260811_FULL_v1,L1_ELIGIBILITY,v2026-08-11,2026-03-21..2026-08-06,baccarat_bet02_101_all_pairs_incl_sentinel,round_win = game_pnl > 0 (decisive only),COMPATIBILITY_ONLY_NOT_PRODUCTION,4613.0103,4471.8145,167.8006,1664,1112,-0.03637551,-0.24795640,0.02538275,-0.03637551,-167.8006,4613.0103,OK,0.0000,6.7120,4.0000,96.0000,AG03-UNRESOLVED,ALL5_LEVELS_bet23_to_bet27,6.7120,6.7120,6.7120,6.7120,6.7120,4.000000,4.000000,4.000000,4.000000,4.000000,96.000000,96.000000,96.000000,96.000000,96.000000,5.0,33.5601,30.9806,134.2405,136.82,PENDING_AG03,FALSE,NOT_FOR_ENFORCEMENT,161.0886,4292.9419,167.8006,161.0886,6.7120,0.03637551,0.03492049,6.7120,161.0886,0.03492049,6.7120,6.7120,6.7120,6.7120,6.7120,161.0886,0.03492049,33.5601,30.9806,134.2405,136.82,0.02910041,0.0296596,0.00145502,2.7722,4.0214,0.1509,4.5352,0.7841,124.6760,30.0541,2.5927,2.8294,2.5818,2.5946,2.5946,2.6176,5.1431,5.2352,2.5946,-2.5818,1.982256,2.017747,1.068477,14,72,7,8,0.22594003,0.03637551,0.24795640,0E-8,0.000000,0.969392,0.011418,-0.27333915,2026-03-28,2026-07-27,37,214,160,122,0.303279,0.916330,0.935234,0.753133,,,,,,,,GLOBAL_BASELINE_NO_ENTITY_RANKING,,,NOT_APPLICABLE_GLOBAL_BASELINE,HF9g-P5,,,,X 全窗基线 · 不参与实体赏罚,6870011,688,A168_HF9F_20260827_0900,2026-08-27 09:00:00
2026-06-05,144397996,1714,0,41.1448556079,-6E-10,-6E-10,0.2857143,15,7,0.13398195000000000,0.133981950000,1.1785297340416991,1.1785297340416991,1.1785297340416991,0E-17,ELIGIBLE,R03b_20260811_FULL_v1,L1_ELIGIBILITY,v2026-08-11,2026-03-21..2026-08-06,baccarat_bet02_101_all_pairs_incl_sentinel,round_win = game_pnl > 0 (decisive only),COMPATIBILITY_ONLY_NOT_PRODUCTION,4613.0103,4471.8145,167.8006,1664,1112,-0.03637551,-0.24795640,0.02538275,-0.03637551,-167.8006,4613.0103,OK,0.0000,6.7120,4.0000,96.0000,AG03-UNRESOLVED,ALL5_LEVELS_bet23_to_bet27,6.7120,6.7120,6.7120,6.7120,6.7120,4.000000,4.000000,4.000000,4.000000,4.000000,96.000000,96.000000,96.000000,96.000000,96.000000,5.0,33.5601,30.9806,134.2405,136.82,PENDING_AG03,FALSE,NOT_FOR_ENFORCEMENT,161.0886,4292.9419,167.8006,161.0886,6.7120,0.03637551,0.03492049,6.7120,161.0886,0.03492049,6.7120,6.7120,6.7120,6.7120,6.7120,161.0886,0.03492049,33.5601,30.9806,134.2405,136.82,0.02910041,0.0296596,0.00145502,2.7722,4.0214,0.1509,4.5352,0.7841,124.6760,30.0541,2.5927,2.8294,2.5818,2.5946,2.5946,2.6176,5.1431,5.2352,2.5946,-2.5818,1.982256,2.017747,1.068477,14,72,7,8,0.22594003,0.03637551,0.24795640,0E-8,0.000000,0.969392,0.011418,-0.27333915,2026-03-28,2026-07-27,37,214,160,122,0.303279,0.916330,0.935234,0.753133,,,,,,,,GLOBAL_BASELINE_NO_ENTITY_RANKING,,,NOT_APPLICABLE_GLOBAL_BASELINE,HF9g-P5,,,,X 全窗基线 · 不参与实体赏罚,6870012,688,A168_HF9F_20260827_0900,2026-08-27 09:00:00
2026-06-05,144397996,1985,0,18.0008743285,46.2879625580,46.2879625580,0.3333333,7,3,0.21749515000000000,0.217495150000,0.486344554861075,0.486344554861075,0.486344554861075,0E-17,ELIGIBLE,R03b_20260811_FULL_v1,L1_ELIGIBILITY,v2026-08-11,2026-03-21..2026-08-06,baccarat_bet02_101_all_pairs_incl_sentinel,round_win = game_pnl > 0 (decisive only),COMPATIBILITY_ONLY_NOT_PRODUCTION,4613.0103,4471.8145,167.8006,1664,1112,-0.03637551,-0.24795640,0.02538275,-0.03637551,-167.8006,4613.0103,OK,0.0000,6.7120,4.0000,96.0000,AG03-UNRESOLVED,ALL5_LEVELS_bet23_to_bet27,6.7120,6.7120,6.7120,6.7120,6.7120,4.000000,4.000000,4.000000,4.000000,4.000000,96.000000,96.000000,96.000000,96.000000,96.000000,5.0,33.5601,30.9806,134.2405,136.82,PENDING_AG03,FALSE,NOT_FOR_ENFORCEMENT,161.0886,4292.9419,167.8006,161.0886,6.7120,0.03637551,0.03492049,6.7120,161.0886,0.03492049,6.7120,6.7120,6.7120,6.7120,6.7120,161.0886,0.03492049,33.5601,30.9806,134.2405,136.82,0.02910041,0.0296596,0.00145502,2.7722,4.0214,0.1509,4.5352,0.7841,124.6760,30.0541,2.5927,2.8294,2.5818,2.5946,2.5946,2.6176,5.1431,5.2352,2.5946,-2.5818,1.982256,2.017747,1.068477,14,72,7,8,0.22594003,0.03637551,0.24795640,0E-8,0.000000,0.969392,0.011418,-0.27333915,2026-03-28,2026-07-27,37,214,160,122,0.303279,0.916330,0.935234,0.753133,,,,,,,,GLOBAL_BASELINE_NO_ENTITY_RANKING,,,NOT_APPLICABLE_GLOBAL_BASELINE,HF9g-P5,,,,X 全窗基线 · 不参与实体赏罚,6870013,688,A168_HF9F_20260827_0900,2026-08-27 09:00:00
2026-06-05,144397996,462,0,10.2862139020,20.5724278035,20.5724278035,0.5000000,4,2,0.07469835000000000,0.074698350000,2.2877833380976127,2.2877833380976127,2.2877833380976127,0E-17,ELIGIBLE,R03b_20260811_FULL_v1,L1_ELIGIBILITY,v2026-08-11,2026-03-21..2026-08-06,baccarat_bet02_101_all_pairs_incl_sentinel,round_win = game_pnl > 0 (decisive only),COMPATIBILITY_ONLY_NOT_PRODUCTION,4613.0103,4471.8145,167.8006,1664,1112,-0.03637551,-0.24795640,0.02538275,-0.03637551,-167.8006,4613.0103,OK,0.0000,6.7120,4.0000,96.0000,AG03-UNRESOLVED,ALL5_LEVELS_bet23_to_bet27,6.7120,6.7120,6.7120,6.7120,6.7120,4.000000,4.000000,4.000000,4.000000,4.000000,96.000000,96.000000,96.000000,96.000000,96.000000,5.0,33.5601,30.9806,134.2405,136.82,PENDING_AG03,FALSE,NOT_FOR_ENFORCEMENT,161.0886,4292.9419,167.8006,161.0886,6.7120,0.03637551,0.03492049,6.7120,161.0886,0.03492049,6.7120,6.7120,6.7120,6.7120,6.7120,161.0886,0.03492049,33.5601,30.9806,134.2405,136.82,0.02910041,0.0296596,0.00145502,2.7722,4.0214,0.1509,4.5352,0.7841,124.6760,30.0541,2.5927,2.8294,2.5818,2.5946,2.5946,2.6176,5.1431,5.2352,2.5946,-2.5818,1.982256,2.017747,1.068477,14,72,7,8,0.22594003,0.03637551,0.24795640,0E-8,0.000000,0.969392,0.011418,-0.27333915,2026-03-28,2026-07-27,37,214,160,122,0.303279,0.916330,0.935234,0.753133,,,,,,,,GLOBAL_BASELINE_NO_ENTITY_RANKING,,,NOT_APPLICABLE_GLOBAL_BASELINE,HF9g-P5,,,,X 全窗基线 · 不参与实体赏罚,6870014,688,A168_HF9F_20260827_0900,2026-08-27 09:00:00
2026-06-05,144397996,919,0,7.7146604265,-7.7146604265,-7.7146604265,0E-7,3,2,0.07470437500000000,0.074704375000,-0.4018350004625123,-0.4018350004625123,-0.4018350004625123,0E-17,ELIGIBLE,R03b_20260811_FULL_v1,L1_ELIGIBILITY,v2026-08-11,2026-03-21..2026-08-06,baccarat_bet02_101_all_pairs_incl_sentinel,round_win = game_pnl > 0 (decisive only),COMPATIBILITY_ONLY_NOT_PRODUCTION,4613.0103,4471.8145,167.8006,1664,1112,-0.03637551,-0.24795640,0.02538275,-0.03637551,-167.8006,4613.0103,OK,0.0000,6.7120,4.0000,96.0000,AG03-UNRESOLVED,ALL5_LEVELS_bet23_to_bet27,6.7120,6.7120,6.7120,6.7120,6.7120,4.000000,4.000000,4.000000,4.000000,4.000000,96.000000,96.000000,96.000000,96.000000,96.000000,5.0,33.5601,30.9806,134.2405,136.82,PENDING_AG03,FALSE,NOT_FOR_ENFORCEMENT,161.0886,4292.9419,167.8006,161.0886,6.7120,0.03637551,0.03492049,6.7120,161.0886,0.03492049,6.7120,6.7120,6.7120,6.7120,6.7120,161.0886,0.03492049,33.5601,30.9806,134.2405,136.82,0.02910041,0.0296596,0.00145502,2.7722,4.0214,0.1509,4.5352,0.7841,124.6760,30.0541,2.5927,2.8294,2.5818,2.5946,2.5946,2.6176,5.1431,5.2352,2.5946,-2.5818,1.982256,2.017747,1.068477,14,72,7,8,0.22594003,0.03637551,0.24795640,0E-8,0.000000,0.969392,0.011418,-0.27333915,2026-03-28,2026-07-27,37,214,160,122,0.303279,0.916330,0.935234,0.753133,,,,,,,,GLOBAL_BASELINE_NO_ENTITY_RANKING,,,NOT_APPLICABLE_GLOBAL_BASELINE,HF9g-P5,,,,X 全窗基线 · 不参与实体赏罚,6870015,688,A168_HF9F_20260827_0900,2026-08-27 09:00:00
2026-06-05,144397996,948,0,43.7164090834,2.5715534749,2.5715534749,0.2222222,16,9,0.23413902407407407,0.234139024074,-0.08442461727628522,-0.08442461727576975,-0.08442461727628522,7.407E-14,ELIGIBLE,R03b_20260811_FULL_v1,L1_ELIGIBILITY,v2026-08-11,2026-03-21..2026-08-06,baccarat_bet02_101_all_pairs_incl_sentinel,round_win = game_pnl > 0 (decisive only),COMPATIBILITY_ONLY_NOT_PRODUCTION,4613.0103,4471.8145,167.8006,1664,1112,-0.03637551,-0.24795640,0.02538275,-0.03637551,-167.8006,4613.0103,OK,0.0000,6.7120,4.0000,96.0000,AG03-UNRESOLVED,ALL5_LEVELS_bet23_to_bet27,6.7120,6.7120,6.7120,6.7120,6.7120,4.000000,4.000000,4.000000,4.000000,4.000000,96.000000,96.000000,96.000000,96.000000,96.000000,5.0,33.5601,30.9806,134.2405,136.82,PENDING_AG03,FALSE,NOT_FOR_ENFORCEMENT,161.0886,4292.9419,167.8006,161.0886,6.7120,0.03637551,0.03492049,6.7120,161.0886,0.03492049,6.7120,6.7120,6.7120,6.7120,6.7120,161.0886,0.03492049,33.5601,30.9806,134.2405,136.82,0.02910041,0.0296596,0.00145502,2.7722,4.0214,0.1509,4.5352,0.7841,124.6760,30.0541,2.5927,2.8294,2.5818,2.5946,2.5946,2.6176,5.1431,5.2352,2.5946,-2.5818,1.982256,2.017747,1.068477,14,72,7,8,0.22594003,0.03637551,0.24795640,0E-8,0.000000,0.969392,0.011418,-0.27333915,2026-03-28,2026-07-27,37,214,160,122,0.303279,0.916330,0.935234,0.753133,,,,,,,,GLOBAL_BASELINE_NO_ENTITY_RANKING,,,NOT_APPLICABLE_GLOBAL_BASELINE,HF9g-P5,,,,X 全窗基线 · 不参与实体赏罚,6870016,688,A168_HF9F_20260827_0900,2026-08-27 09:00:00
2026-06-06,144397996,1323,0,20.5724278040,20.5724278033,20.5724278033,0.2500000,8,4,0.07291737500000000,0.072917375000,1.3621696917859,1.3621696917859,1.3621696917859,0E-17,ELIGIBLE,R03b_20260811_FULL_v1,L1_ELIGIBILITY,v2026-08-11,2026-03-21..2026-08-06,baccarat_bet02_101_all_pairs_incl_sentinel,round_win = game_pnl > 0 (decisive only),COMPATIBILITY_ONLY_NOT_PRODUCTION,4613.0103,4471.8145,167.8006,1664,1112,-0.03637551,-0.24795640,0.02538275,-0.03637551,-167.8006,4613.0103,OK,0.0000,6.7120,4.0000,96.0000,AG03-UNRESOLVED,ALL5_LEVELS_bet23_to_bet27,6.7120,6.7120,6.7120,6.7120,6.7120,4.000000,4.000000,4.000000,4.000000,4.000000,96.000000,96.000000,96.000000,96.000000,96.000000,5.0,33.5601,30.9806,134.2405,136.82,PENDING_AG03,FALSE,NOT_FOR_ENFORCEMENT,161.0886,4292.9419,167.8006,161.0886,6.7120,0.03637551,0.03492049,6.7120,161.0886,0.03492049,6.7120,6.7120,6.7120,6.7120,6.7120,161.0886,0.03492049,33.5601,30.9806,134.2405,136.82,0.02910041,0.0296596,0.00145502,2.7722,4.0214,0.1509,4.5352,0.7841,124.6760,30.0541,2.5927,2.8294,2.5818,2.5946,2.5946,2.6176,5.1431,5.2352,2.5946,-2.5818,1.982256,2.017747,1.068477,14,72,7,8,0.22594003,0.03637551,0.24795640,0E-8,0.000000,0.969392,0.011418,-0.27333915,2026-03-28,2026-07-27,37,214,160,122,0.303279,0.916330,0.935234,0.753133,,,,,,,,GLOBAL_BASELINE_NO_ENTITY_RANKING,,,NOT_APPLICABLE_GLOBAL_BASELINE,HF9g-P5,,,,X 全窗基线 · 不参与实体赏罚,6870017,688,A168_HF9F_20260827_0900,2026-08-27 09:00:00
2026-06-06,144397996,1646,0,11.0576799446,-11.0576799446,-11.0576799446,0E-7,4,2,0.07469913586956518,0.074698350000,-0.40181977199497015,-0.4018174876899344,-0.40181977199497015,7.8586956518E-7,ELIGIBLE,R03b_20260811_FULL_v1,L1_ELIGIBILITY,v2026-08-11,2026-03-21..2026-08-06,baccarat_bet02_101_all_pairs_incl_sentinel,round_win = game_pnl > 0 (decisive only),COMPATIBILITY_ONLY_NOT_PRODUCTION,4613.0103,4471.8145,167.8006,1664,1112,-0.03637551,-0.24795640,0.02538275,-0.03637551,-167.8006,4613.0103,OK,0.0000,6.7120,4.0000,96.0000,AG03-UNRESOLVED,ALL5_LEVELS_bet23_to_bet27,6.7120,6.7120,6.7120,6.7120,6.7120,4.000000,4.000000,4.000000,4.000000,4.000000,96.000000,96.000000,96.000000,96.000000,96.000000,5.0,33.5601,30.9806,134.2405,136.82,PENDING_AG03,FALSE,NOT_FOR_ENFORCEMENT,161.0886,4292.9419,167.8006,161.0886,6.7120,0.03637551,0.03492049,6.7120,161.0886,0.03492049,6.7120,6.7120,6.7120,6.7120,6.7120,161.0886,0.03492049,33.5601,30.9806,134.2405,136.82,0.02910041,0.0296596,0.00145502,2.7722,4.0214,0.1509,4.5352,0.7841,124.6760,30.0541,2.5927,2.8294,2.5818,2.5946,2.5946,2.6176,5.1431,5.2352,2.5946,-2.5818,1.982256,2.017747,1.068477,14,72,7,8,0.22594003,0.03637551,0.24795640,0E-8,0.000000,0.969392,0.011418,-0.27333915,2026-03-28,2026-07-27,37,214,160,122,0.303279,0.916330,0.935234,0.753133,,,,,,,,GLOBAL_BASELINE_NO_ENTITY_RANKING,,,NOT_APPLICABLE_GLOBAL_BASELINE,HF9g-P5,,,,X 全窗基线 · 不参与实体赏罚,6870018,688,A168_HF9F_20260827_0900,2026-08-27 09:00:00
2026-06-06,144397996,1714,0,5.1431069510,-5.1431069510,-5.1431069510,0E-7,2,1,0.06757445000000000,0.067574450000,-0.2692056541018722,-0.2692056541018722,-0.2692056541018722,0E-17,ELIGIBLE,R03b_20260811_FULL_v1,L1_ELIGIBILITY,v2026-08-11,2026-03-21..2026-08-06,baccarat_bet02_101_all_pairs_incl_sentinel,round_win = game_pnl > 0 (decisive only),COMPATIBILITY_ONLY_NOT_PRODUCTION,4613.0103,4471.8145,167.8006,1664,1112,-0.03637551,-0.24795640,0.02538275,-0.03637551,-167.8006,4613.0103,OK,0.0000,6.7120,4.0000,96.0000,AG03-UNRESOLVED,ALL5_LEVELS_bet23_to_bet27,6.7120,6.7120,6.7120,6.7120,6.7120,4.000000,4.000000,4.000000,4.000000,4.000000,96.000000,96.000000,96.000000,96.000000,96.000000,5.0,33.5601,30.9806,134.2405,136.82,PENDING_AG03,FALSE,NOT_FOR_ENFORCEMENT,161.0886,4292.9419,167.8006,161.0886,6.7120,0.03637551,0.03492049,6.7120,161.0886,0.03492049,6.7120,6.7120,6.7120,6.7120,6.7120,161.0886,0.03492049,33.5601,30.9806,134.2405,136.82,0.02910041,0.0296596,0.00145502,2.7722,4.0214,0.1509,4.5352,0.7841,124.6760,30.0541,2.5927,2.8294,2.5818,2.5946,2.5946,2.6176,5.1431,5.2352,2.5946,-2.5818,1.982256,2.017747,1.068477,14,72,7,8,0.22594003,0.03637551,0.24795640,0E-8,0.000000,0.969392,0.011418,-0.27333915,2026-03-28,2026-07-27,37,214,160,122,0.303279,0.916330,0.935234,0.753133,,,,,,,,GLOBAL_BASELINE_NO_ENTITY_RANKING,,,NOT_APPLICABLE_GLOBAL_BASELINE,HF9g-P5,,,,X 全窗基线 · 不参与实体赏罚,6870019,688,A168_HF9F_20260827_0900,2026-08-27 09:00:00
2026-06-06,144397996,2134,0,25.7155347550,-25.7155347550,-25.7155347550,0E-7,10,5,0.07469835000000000,0.074698350000,-0.6353292323934313,-0.6353292323934313,-0.6353292323934313,0E-17,ELIGIBLE,R03b_20260811_FULL_v1,L1_ELIGIBILITY,v2026-08-11,2026-03-21..2026-08-06,baccarat_bet02_101_all_pairs_incl_sentinel,round_win = game_pnl > 0 (decisive only),COMPATIBILITY_ONLY_NOT_PRODUCTION,4613.0103,4471.8145,167.8006,1664,1112,-0.03637551,-0.24795640,0.02538275,-0.03637551,-167.8006,4613.0103,OK,0.0000,6.7120,4.0000,96.0000,AG03-UNRESOLVED,ALL5_LEVELS_bet23_to_bet27,6.7120,6.7120,6.7120,6.7120,6.7120,4.000000,4.000000,4.000000,4.000000,4.000000,96.000000,96.000000,96.000000,96.000000,96.000000,5.0,33.5601,30.9806,134.2405,136.82,PENDING_AG03,FALSE,NOT_FOR_ENFORCEMENT,161.0886,4292.9419,167.8006,161.0886,6.7120,0.03637551,0.03492049,6.7120,161.0886,0.03492049,6.7120,6.7120,6.7120,6.7120,6.7120,161.0886,0.03492049,33.5601,30.9806,134.2405,136.82,0.02910041,0.0296596,0.00145502,2.7722,4.0214,0.1509,4.5352,0.7841,124.6760,30.0541,2.5927,2.8294,2.5818,2.5946,2.5946,2.6176,5.1431,5.2352,2.5946,-2.5818,1.982256,2.017747,1.068477,14,72,7,8,0.22594003,0.03637551,0.24795640,0E-8,0.000000,0.969392,0.011418,-0.27333915,2026-03-28,2026-07-27,37,214,160,122,0.303279,0.916330,0.935234,0.753133,,,,,,,,GLOBAL_BASELINE_NO_ENTITY_RANKING,,,NOT_APPLICABLE_GLOBAL_BASELINE,HF9g-P5,,,,X 全窗基线 · 不参与实体赏罚,6870020,688,A168_HF9F_20260827_0900,2026-08-27 09:00:00
2026-06-06,144397996,2153,0,36.0017486570,-36.0017486570,-36.0017486570,0E-7,14,7,0.07469835000000000,0.074698350000,-0.7517316854749951,-0.7517316854749951,-0.7517316854749951,0E-17,ELIGIBLE,R03b_20260811_FULL_v1,L1_ELIGIBILITY,v2026-08-11,2026-03-21..2026-08-06,baccarat_bet02_101_all_pairs_incl_sentinel,round_win = game_pnl > 0 (decisive only),COMPATIBILITY_ONLY_NOT_PRODUCTION,4613.0103,4471.8145,167.8006,1664,1112,-0.03637551,-0.24795640,0.02538275,-0.03637551,-167.8006,4613.0103,OK,0.0000,6.7120,4.0000,96.0000,AG03-UNRESOLVED,ALL5_LEVELS_bet23_to_bet27,6.7120,6.7120,6.7120,6.7120,6.7120,4.000000,4.000000,4.000000,4.000000,4.000000,96.000000,96.000000,96.000000,96.000000,96.000000,5.0,33.5601,30.9806,134.2405,136.82,PENDING_AG03,FALSE,NOT_FOR_ENFORCEMENT,161.0886,4292.9419,167.8006,161.0886,6.7120,0.03637551,0.03492049,6.7120,161.0886,0.03492049,6.7120,6.7120,6.7120,6.7120,6.7120,161.0886,0.03492049,33.5601,30.9806,134.2405,136.82,0.02910041,0.0296596,0.00145502,2.7722,4.0214,0.1509,4.5352,0.7841,124.6760,30.0541,2.5927,2.8294,2.5818,2.5946,2.5946,2.6176,5.1431,5.2352,2.5946,-2.5818,1.982256,2.017747,1.068477,14,72,7,8,0.22594003,0.03637551,0.24795640,0E-8,0.000000,0.969392,0.011418,-0.27333915,2026-03-28,2026-07-27,37,214,160,122,0.303279,0.916330,0.935234,0.753133,,,,,,,,GLOBAL_BASELINE_NO_ENTITY_RANKING,,,NOT_APPLICABLE_GLOBAL_BASELINE,HF9g-P5,,,,X 全窗基线 · 不参与实体赏罚,6870021,688,A168_HF9F_20260827_0900,2026-08-27 09:00:00
2026-06-06,144397996,462,0,10.2862139020,-10.2862139020,-10.2862139020,0E-7,4,2,0.07469835000000000,0.074698350000,-0.40181748768993447,-0.4018174876899344,-0.40181748768993447,0E-17,ELIGIBLE,R03b_20260811_FULL_v1,L1_ELIGIBILITY,v2026-08-11,2026-03-21..2026-08-06,baccarat_bet02_101_all_pairs_incl_sentinel,round_win = game_pnl > 0 (decisive only),COMPATIBILITY_ONLY_NOT_PRODUCTION,4613.0103,4471.8145,167.8006,1664,1112,-0.03637551,-0.24795640,0.02538275,-0.03637551,-167.8006,4613.0103,OK,0.0000,6.7120,4.0000,96.0000,AG03-UNRESOLVED,ALL5_LEVELS_bet23_to_bet27,6.7120,6.7120,6.7120,6.7120,6.7120,4.000000,4.000000,4.000000,4.000000,4.000000,96.000000,96.000000,96.000000,96.000000,96.000000,5.0,33.5601,30.9806,134.2405,136.82,PENDING_AG03,FALSE,NOT_FOR_ENFORCEMENT,161.0886,4292.9419,167.8006,161.0886,6.7120,0.03637551,0.03492049,6.7120,161.0886,0.03492049,6.7120,6.7120,6.7120,6.7120,6.7120,161.0886,0.03492049,33.5601,30.9806,134.2405,136.82,0.02910041,0.0296596,0.00145502,2.7722,4.0214,0.1509,4.5352,0.7841,124.6760,30.0541,2.5927,2.8294,2.5818,2.5946,2.5946,2.6176,5.1431,5.2352,2.5946,-2.5818,1.982256,2.017747,1.068477,14,72,7,8,0.22594003,0.03637551,0.24795640,0E-8,0.000000,0.969392,0.011418,-0.27333915,2026-03-28,2026-07-27,37,214,160,122,0.303279,0.916330,0.935234,0.753133,,,,,,,,GLOBAL_BASELINE_NO_ENTITY_RANKING,,,NOT_APPLICABLE_GLOBAL_BASELINE,HF9g-P5,,,,X 全窗基线 · 不参与实体赏罚,6870022,688,A168_HF9F_20260827_0900,2026-08-27 09:00:00
2026-06-06,144397996,529,0,2.5715534755,-2.5715534755,-2.5715534755,0E-7,1,1,0.05356140000000000,0.053561400000,-0.2378919454095156,-0.2378919454095156,-0.2378919454095156,0E-17,ELIGIBLE,R03b_20260811_FULL_v1,L1_ELIGIBILITY,v2026-08-11,2026-03-21..2026-08-06,baccarat_bet02_101_all_pairs_incl_sentinel,round_win = game_pnl > 0 (decisive only),COMPATIBILITY_ONLY_NOT_PRODUCTION,4613.0103,4471.8145,167.8006,1664,1112,-0.03637551,-0.24795640,0.02538275,-0.03637551,-167.8006,4613.0103,OK,0.0000,6.7120,4.0000,96.0000,AG03-UNRESOLVED,ALL5_LEVELS_bet23_to_bet27,6.7120,6.7120,6.7120,6.7120,6.7120,4.000000,4.000000,4.000000,4.000000,4.000000,96.000000,96.000000,96.000000,96.000000,96.000000,5.0,33.5601,30.9806,134.2405,136.82,PENDING_AG03,FALSE,NOT_FOR_ENFORCEMENT,161.0886,4292.9419,167.8006,161.0886,6.7120,0.03637551,0.03492049,6.7120,161.0886,0.03492049,6.7120,6.7120,6.7120,6.7120,6.7120,161.0886,0.03492049,33.5601,30.9806,134.2405,136.82,0.02910041,0.0296596,0.00145502,2.7722,4.0214,0.1509,4.5352,0.7841,124.6760,30.0541,2.5927,2.8294,2.5818,2.5946,2.5946,2.6176,5.1431,5.2352,2.5946,-2.5818,1.982256,2.017747,1.068477,14,72,7,8,0.22594003,0.03637551,0.24795640,0E-8,0.000000,0.969392,0.011418,-0.27333915,2026-03-28,2026-07-27,37,214,160,122,0.303279,0.916330,0.935234,0.753133,,,,,,,,GLOBAL_BASELINE_NO_ENTITY_RANKING,,,NOT_APPLICABLE_GLOBAL_BASELINE,HF9g-P5,,,,X 全窗基线 · 不参与实体赏罚,6870023,688,A168_HF9F_20260827_0900,2026-08-27 09:00:00
2026-06-06,144397996,948,0,12.8577673775,18.0008743280,18.0008743280,0.3333333,5,3,0.07462010000000000,0.074620100000,1.7052628336904603,1.7052628336904603,1.7052628336904603,0E-17,ELIGIBLE,R03b_20260811_FULL_v1,L1_ELIGIBILITY,v2026-08-11,2026-03-21..2026-08-06,baccarat_bet02_101_all_pairs_incl_sentinel,round_win = game_pnl > 0 (decisive only),COMPATIBILITY_ONLY_NOT_PRODUCTION,4613.0103,4471.8145,167.8006,1664,1112,-0.03637551,-0.24795640,0.02538275,-0.03637551,-167.8006,4613.0103,OK,0.0000,6.7120,4.0000,96.0000,AG03-UNRESOLVED,ALL5_LEVELS_bet23_to_bet27,6.7120,6.7120,6.7120,6.7120,6.7120,4.000000,4.000000,4.000000,4.000000,4.000000,96.000000,96.000000,96.000000,96.000000,96.000000,5.0,33.5601,30.9806,134.2405,136.82,PENDING_AG03,FALSE,NOT_FOR_ENFORCEMENT,161.0886,4292.9419,167.8006,161.0886,6.7120,0.03637551,0.03492049,6.7120,161.0886,0.03492049,6.7120,6.7120,6.7120,6.7120,6.7120,161.0886,0.03492049,33.5601,30.9806,134.2405,136.82,0.02910041,0.0296596,0.00145502,2.7722,4.0214,0.1509,4.5352,0.7841,124.6760,30.0541,2.5927,2.8294,2.5818,2.5946,2.5946,2.6176,5.1431,5.2352,2.5946,-2.5818,1.982256,2.017747,1.068477,14,72,7,8,0.22594003,0.03637551,0.24795640,0E-8,0.000000,0.969392,0.011418,-0.27333915,2026-03-28,2026-07-27,37,214,160,122,0.303279,0.916330,0.935234,0.753133,,,,,,,,GLOBAL_BASELINE_NO_ENTITY_RANKING,,,NOT_APPLICABLE_GLOBAL_BASELINE,HF9g-P5,,,,X 全窗基线 · 不参与实体赏罚,6870024,688,A168_HF9F_20260827_0900,2026-08-27 09:00:00
2026-06-17,144397996,1151,0,10.2862139020,-10.2862139020,-10.2862139020,0E-7,4,2,0.07469835000000000,0.074698350000,-0.40181748768993447,-0.4018174876899344,-0.40181748768993447,0E-17,ELIGIBLE,R03b_20260811_FULL_v1,L1_ELIGIBILITY,v2026-08-11,2026-03-21..2026-08-06,baccarat_bet02_101_all_pairs_incl_sentinel,round_win = game_pnl > 0 (decisive only),COMPATIBILITY_ONLY_NOT_PRODUCTION,4613.0103,4471.8145,167.8006,1664,1112,-0.03637551,-0.24795640,0.02538275,-0.03637551,-167.8006,4613.0103,OK,0.0000,6.7120,4.0000,96.0000,AG03-UNRESOLVED,ALL5_LEVELS_bet23_to_bet27,6.7120,6.7120,6.7120,6.7120,6.7120,4.000000,4.000000,4.000000,4.000000,4.000000,96.000000,96.000000,96.000000,96.000000,96.000000,5.0,33.5601,30.9806,134.2405,136.82,PENDING_AG03,FALSE,NOT_FOR_ENFORCEMENT,161.0886,4292.9419,167.8006,161.0886,6.7120,0.03637551,0.03492049,6.7120,161.0886,0.03492049,6.7120,6.7120,6.7120,6.7120,6.7120,161.0886,0.03492049,33.5601,30.9806,134.2405,136.82,0.02910041,0.0296596,0.00145502,2.7722,4.0214,0.1509,4.5352,0.7841,124.6760,30.0541,2.5927,2.8294,2.5818,2.5946,2.5946,2.6176,5.1431,5.2352,2.5946,-2.5818,1.982256,2.017747,1.068477,14,72,7,8,0.22594003,0.03637551,0.24795640,0E-8,0.000000,0.969392,0.011418,-0.27333915,2026-03-28,2026-07-27,37,214,160,122,0.303279,0.916330,0.935234,0.753133,,,,,,,,GLOBAL_BASELINE_NO_ENTITY_RANKING,,,NOT_APPLICABLE_GLOBAL_BASELINE,HF9g-P5,,,,X 全窗基线 · 不参与实体赏罚,6870025,688,A168_HF9F_20260827_0900,2026-08-27 09:00:00
2026-06-17,144397996,1385,0,20.5724278040,-20.5724278040,-20.5724278040,0E-7,8,3,0.07351103333333333,0.073511033333,-0.48788421285614664,-0.4878842128549527,-0.48788421285614664,3.3333E-13,ELIGIBLE,R03b_20260811_FULL_v1,L1_ELIGIBILITY,v2026-08-11,2026-03-21..2026-08-06,baccarat_bet02_101_all_pairs_incl_sentinel,round_win = game_pnl > 0 (decisive only),COMPATIBILITY_ONLY_NOT_PRODUCTION,4613.0103,4471.8145,167.8006,1664,1112,-0.03637551,-0.24795640,0.02538275,-0.03637551,-167.8006,4613.0103,OK,0.0000,6.7120,4.0000,96.0000,AG03-UNRESOLVED,ALL5_LEVELS_bet23_to_bet27,6.7120,6.7120,6.7120,6.7120,6.7120,4.000000,4.000000,4.000000,4.000000,4.000000,96.000000,96.000000,96.000000,96.000000,96.000000,5.0,33.5601,30.9806,134.2405,136.82,PENDING_AG03,FALSE,NOT_FOR_ENFORCEMENT,161.0886,4292.9419,167.8006,161.0886,6.7120,0.03637551,0.03492049,6.7120,161.0886,0.03492049,6.7120,6.7120,6.7120,6.7120,6.7120,161.0886,0.03492049,33.5601,30.9806,134.2405,136.82,0.02910041,0.0296596,0.00145502,2.7722,4.0214,0.1509,4.5352,0.7841,124.6760,30.0541,2.5927,2.8294,2.5818,2.5946,2.5946,2.6176,5.1431,5.2352,2.5946,-2.5818,1.982256,2.017747,1.068477,14,72,7,8,0.22594003,0.03637551,0.24795640,0E-8,0.000000,0.969392,0.011418,-0.27333915,2026-03-28,2026-07-27,37,214,160,122,0.303279,0.916330,0.935234,0.753133,,,,,,,,GLOBAL_BASELINE_NO_ENTITY_RANKING,,,NOT_APPLICABLE_GLOBAL_BASELINE,HF9g-P5,,,,X 全窗基线 · 不参与实体赏罚,6870026,688,A168_HF9F_20260827_0900,2026-08-27 09:00:00
2026-06-17,144397996,1702,0,5.1431069510,-5.1431069510,-5.1431069510,0E-7,2,1,0.07469835000000000,0.074698350000,-0.2841278703448948,-0.28412787034489473,-0.2841278703448948,0E-17,ELIGIBLE,R03b_20260811_FULL_v1,L1_ELIGIBILITY,v2026-08-11,2026-03-21..2026-08-06,baccarat_bet02_101_all_pairs_incl_sentinel,round_win = game_pnl > 0 (decisive only),COMPATIBILITY_ONLY_NOT_PRODUCTION,4613.0103,4471.8145,167.8006,1664,1112,-0.03637551,-0.24795640,0.02538275,-0.03637551,-167.8006,4613.0103,OK,0.0000,6.7120,4.0000,96.0000,AG03-UNRESOLVED,ALL5_LEVELS_bet23_to_bet27,6.7120,6.7120,6.7120,6.7120,6.7120,4.000000,4.000000,4.000000,4.000000,4.000000,96.000000,96.000000,96.000000,96.000000,96.000000,5.0,33.5601,30.9806,134.2405,136.82,PENDING_AG03,FALSE,NOT_FOR_ENFORCEMENT,161.0886,4292.9419,167.8006,161.0886,6.7120,0.03637551,0.03492049,6.7120,161.0886,0.03492049,6.7120,6.7120,6.7120,6.7120,6.7120,161.0886,0.03492049,33.5601,30.9806,134.2405,136.82,0.02910041,0.0296596,0.00145502,2.7722,4.0214,0.1509,4.5352,0.7841,124.6760,30.0541,2.5927,2.8294,2.5818,2.5946,2.5946,2.6176,5.1431,5.2352,2.5946,-2.5818,1.982256,2.017747,1.068477,14,72,7,8,0.22594003,0.03637551,0.24795640,0E-8,0.000000,0.969392,0.011418,-0.27333915,2026-03-28,2026-07-27,37,214,160,122,0.303279,0.916330,0.935234,0.753133,,,,,,,,GLOBAL_BASELINE_NO_ENTITY_RANKING,,,NOT_APPLICABLE_GLOBAL_BASELINE,HF9g-P5,,,,X 全窗基线 · 不参与实体赏罚,6870027,688,A168_HF9F_20260827_0900,2026-08-27 09:00:00
2026-06-17,144397996,550,0,12.0863013348,-6.9431943838,-6.9431943838,0.3333333,4,3,0.35373082469135800,0.353729783333,-0.07389145371166676,-0.0738877305435585,-0.07389145371166676,0.00000104135835800,ELIGIBLE,R03b_20260811_FULL_v1,L1_ELIGIBILITY,v2026-08-11,2026-03-21..2026-08-06,baccarat_bet02_101_all_pairs_incl_sentinel,round_win = game_pnl > 0 (decisive only),COMPATIBILITY_ONLY_NOT_PRODUCTION,4613.0103,4471.8145,167.8006,1664,1112,-0.03637551,-0.24795640,0.02538275,-0.03637551,-167.8006,4613.0103,OK,0.0000,6.7120,4.0000,96.0000,AG03-UNRESOLVED,ALL5_LEVELS_bet23_to_bet27,6.7120,6.7120,6.7120,6.7120,6.7120,4.000000,4.000000,4.000000,4.000000,4.000000,96.000000,96.000000,96.000000,96.000000,96.000000,5.0,33.5601,30.9806,134.2405,136.82,PENDING_AG03,FALSE,NOT_FOR_ENFORCEMENT,161.0886,4292.9419,167.8006,161.0886,6.7120,0.03637551,0.03492049,6.7120,161.0886,0.03492049,6.7120,6.7120,6.7120,6.7120,6.7120,161.0886,0.03492049,33.5601,30.9806,134.2405,136.82,0.02910041,0.0296596,0.00145502,2.7722,4.0214,0.1509,4.5352,0.7841,124.6760,30.0541,2.5927,2.8294,2.5818,2.5946,2.5946,2.6176,5.1431,5.2352,2.5946,-2.5818,1.982256,2.017747,1.068477,14,72,7,8,0.22594003,0.03637551,0.24795640,0E-8,0.000000,0.969392,0.011418,-0.27333915,2026-03-28,2026-07-27,37,214,160,122,0.303279,0.916330,0.935234,0.753133,,,,,,,,GLOBAL_BASELINE_NO_ENTITY_RANKING,,,NOT_APPLICABLE_GLOBAL_BASELINE,HF9g-P5,,,,X 全窗基线 · 不参与实体赏罚,6870028,688,A168_HF9F_20260827_0900,2026-08-27 09:00:00
2026-06-17,144397996,948,0,15.6864762005,-15.6864762005,-15.6864762005,0E-7,6,3,0.07469854126984123,0.074698350000,-0.49212458820419963,-0.4921239072837002,-0.49212458820419963,1.9126984123E-7,ELIGIBLE,R03b_20260811_FULL_v1,L1_ELIGIBILITY,v2026-08-11,2026-03-21..2026-08-06,baccarat_bet02_101_all_pairs_incl_sentinel,round_win = game_pnl > 0 (decisive only),COMPATIBILITY_ONLY_NOT_PRODUCTION,4613.0103,4471.8145,167.8006,1664,1112,-0.03637551,-0.24795640,0.02538275,-0.03637551,-167.8006,4613.0103,OK,0.0000,6.7120,4.0000,96.0000,AG03-UNRESOLVED,ALL5_LEVELS_bet23_to_bet27,6.7120,6.7120,6.7120,6.7120,6.7120,4.000000,4.000000,4.000000,4.000000,4.000000,96.000000,96.000000,96.000000,96.000000,96.000000,5.0,33.5601,30.9806,134.2405,136.82,PENDING_AG03,FALSE,NOT_FOR_ENFORCEMENT,161.0886,4292.9419,167.8006,161.0886,6.7120,0.03637551,0.03492049,6.7120,161.0886,0.03492049,6.7120,6.7120,6.7120,6.7120,6.7120,161.0886,0.03492049,33.5601,30.9806,134.2405,136.82,0.02910041,0.0296596,0.00145502,2.7722,4.0214,0.1509,4.5352,0.7841,124.6760,30.0541,2.5927,2.8294,2.5818,2.5946,2.5946,2.6176,5.1431,5.2352,2.5946,-2.5818,1.982256,2.017747,1.068477,14,72,7,8,0.22594003,0.03637551,0.24795640,0E-8,0.000000,0.969392,0.011418,-0.27333915,2026-03-28,2026-07-27,37,214,160,122,0.303279,0.916330,0.935234,0.753133,,,,,,,,GLOBAL_BASELINE_NO_ENTITY_RANKING,,,NOT_APPLICABLE_GLOBAL_BASELINE,HF9g-P5,,,,X 全窗基线 · 不参与实体赏罚,6870029,688,A168_HF9F_20260827_0900,2026-08-27 09:00:00
2026-06-18,144397996,1485,0,5.1431069510,-5.1431069510,-5.1431069510,0E-7,2,1,0.07469835000000000,0.074698350000,-0.2841278703448948,-0.28412787034489473,-0.2841278703448948,0E-17,ELIGIBLE,R03b_20260811_FULL_v1,L1_ELIGIBILITY,v2026-08-11,2026-03-21..2026-08-06,baccarat_bet02_101_all_pairs_incl_sentinel,round_win = game_pnl > 0 (decisive only),COMPATIBILITY_ONLY_NOT_PRODUCTION,4613.0103,4471.8145,167.8006,1664,1112,-0.03637551,-0.24795640,0.02538275,-0.03637551,-167.8006,4613.0103,OK,0.0000,6.7120,4.0000,96.0000,AG03-UNRESOLVED,ALL5_LEVELS_bet23_to_bet27,6.7120,6.7120,6.7120,6.7120,6.7120,4.000000,4.000000,4.000000,4.000000,4.000000,96.000000,96.000000,96.000000,96.000000,96.000000,5.0,33.5601,30.9806,134.2405,136.82,PENDING_AG03,FALSE,NOT_FOR_ENFORCEMENT,161.0886,4292.9419,167.8006,161.0886,6.7120,0.03637551,0.03492049,6.7120,161.0886,0.03492049,6.7120,6.7120,6.7120,6.7120,6.7120,161.0886,0.03492049,33.5601,30.9806,134.2405,136.82,0.02910041,0.0296596,0.00145502,2.7722,4.0214,0.1509,4.5352,0.7841,124.6760,30.0541,2.5927,2.8294,2.5818,2.5946,2.5946,2.6176,5.1431,5.2352,2.5946,-2.5818,1.982256,2.017747,1.068477,14,72,7,8,0.22594003,0.03637551,0.24795640,0E-8,0.000000,0.969392,0.011418,-0.27333915,2026-03-28,2026-07-27,37,214,160,122,0.303279,0.916330,0.935234,0.753133,,,,,,,,GLOBAL_BASELINE_NO_ENTITY_RANKING,,,NOT_APPLICABLE_GLOBAL_BASELINE,HF9g-P5,,,,X 全窗基线 · 不参与实体赏罚,6870030,688,A168_HF9F_20260827_0900,2026-08-27 09:00:00
2026-06-18,144397996,1941,0,33.4301951815,-30.8586417060,-30.8586417060,0E-7,13,7,0.13245540000000000,0.132455400000,-0.9571159507663896,-0.9571159507663896,-0.9571159507663896,0E-17,ELIGIBLE,R03b_20260811_FULL_v1,L1_ELIGIBILITY,v2026-08-11,2026-03-21..2026-08-06,baccarat_bet02_101_all_pairs_incl_sentinel,round_win = game_pnl > 0 (decisive only),COMPATIBILITY_ONLY_NOT_PRODUCTION,4613.0103,4471.8145,167.8006,1664,1112,-0.03637551,-0.24795640,0.02538275,-0.03637551,-167.8006,4613.0103,OK,0.0000,6.7120,4.0000,96.0000,AG03-UNRESOLVED,ALL5_LEVELS_bet23_to_bet27,6.7120,6.7120,6.7120,6.7120,6.7120,4.000000,4.000000,4.000000,4.000000,4.000000,96.000000,96.000000,96.000000,96.000000,96.000000,5.0,33.5601,30.9806,134.2405,136.82,PENDING_AG03,FALSE,NOT_FOR_ENFORCEMENT,161.0886,4292.9419,167.8006,161.0886,6.7120,0.03637551,0.03492049,6.7120,161.0886,0.03492049,6.7120,6.7120,6.7120,6.7120,6.7120,161.0886,0.03492049,33.5601,30.9806,134.2405,136.82,0.02910041,0.0296596,0.00145502,2.7722,4.0214,0.1509,4.5352,0.7841,124.6760,30.0541,2.5927,2.8294,2.5818,2.5946,2.5946,2.6176,5.1431,5.2352,2.5946,-2.5818,1.982256,2.017747,1.068477,14,72,7,8,0.22594003,0.03637551,0.24795640,0E-8,0.000000,0.969392,0.011418,-0.27333915,2026-03-28,2026-07-27,37,214,160,122,0.303279,0.916330,0.935234,0.753133,,,,,,,,GLOBAL_BASELINE_NO_ENTITY_RANKING,,,NOT_APPLICABLE_GLOBAL_BASELINE,HF9g-P5,,,,X 全窗基线 · 不参与实体赏罚,6870031,688,A168_HF9F_20260827_0900,2026-08-27 09:00:00
2026-06-18,144397996,2129,0,20.5724278040,20.5724278033,20.5724278033,0.2000000,8,5,0.07725205000000000,0.077252050000,1.0280226868155646,1.0280226868155646,1.0280226868155646,0E-17,ELIGIBLE,R03b_20260811_FULL_v1,L1_ELIGIBILITY,v2026-08-11,2026-03-21..2026-08-06,baccarat_bet02_101_all_pairs_incl_sentinel,round_win = game_pnl > 0 (decisive only),COMPATIBILITY_ONLY_NOT_PRODUCTION,4613.0103,4471.8145,167.8006,1664,1112,-0.03637551,-0.24795640,0.02538275,-0.03637551,-167.8006,4613.0103,OK,0.0000,6.7120,4.0000,96.0000,AG03-UNRESOLVED,ALL5_LEVELS_bet23_to_bet27,6.7120,6.7120,6.7120,6.7120,6.7120,4.000000,4.000000,4.000000,4.000000,4.000000,96.000000,96.000000,96.000000,96.000000,96.000000,5.0,33.5601,30.9806,134.2405,136.82,PENDING_AG03,FALSE,NOT_FOR_ENFORCEMENT,161.0886,4292.9419,167.8006,161.0886,6.7120,0.03637551,0.03492049,6.7120,161.0886,0.03492049,6.7120,6.7120,6.7120,6.7120,6.7120,161.0886,0.03492049,33.5601,30.9806,134.2405,136.82,0.02910041,0.0296596,0.00145502,2.7722,4.0214,0.1509,4.5352,0.7841,124.6760,30.0541,2.5927,2.8294,2.5818,2.5946,2.5946,2.6176,5.1431,5.2352,2.5946,-2.5818,1.982256,2.017747,1.068477,14,72,7,8,0.22594003,0.03637551,0.24795640,0E-8,0.000000,0.969392,0.011418,-0.27333915,2026-03-28,2026-07-27,37,214,160,122,0.303279,0.916330,0.935234,0.753133,,,,,,,,GLOBAL_BASELINE_NO_ENTITY_RANKING,,,NOT_APPLICABLE_GLOBAL_BASELINE,HF9g-P5,,,,X 全窗基线 · 不参与实体赏罚,6870032,688,A168_HF9F_20260827_0900,2026-08-27 09:00:00
2026-06-18,144397996,2130,0,5.1431069510,-5.1431069510,-5.1431069510,0E-7,2,1,0.06757445000000000,0.067574450000,-0.2692056541018722,-0.2692056541018722,-0.2692056541018722,0E-17,ELIGIBLE,R03b_20260811_FULL_v1,L1_ELIGIBILITY,v2026-08-11,2026-03-21..2026-08-06,baccarat_bet02_101_all_pairs_incl_sentinel,round_win = game_pnl > 0 (decisive only),COMPATIBILITY_ONLY_NOT_PRODUCTION,4613.0103,4471.8145,167.8006,1664,1112,-0.03637551,-0.24795640,0.02538275,-0.03637551,-167.8006,4613.0103,OK,0.0000,6.7120,4.0000,96.0000,AG03-UNRESOLVED,ALL5_LEVELS_bet23_to_bet27,6.7120,6.7120,6.7120,6.7120,6.7120,4.000000,4.000000,4.000000,4.000000,4.000000,96.000000,96.000000,96.000000,96.000000,96.000000,5.0,33.5601,30.9806,134.2405,136.82,PENDING_AG03,FALSE,NOT_FOR_ENFORCEMENT,161.0886,4292.9419,167.8006,161.0886,6.7120,0.03637551,0.03492049,6.7120,161.0886,0.03492049,6.7120,6.7120,6.7120,6.7120,6.7120,161.0886,0.03492049,33.5601,30.9806,134.2405,136.82,0.02910041,0.0296596,0.00145502,2.7722,4.0214,0.1509,4.5352,0.7841,124.6760,30.0541,2.5927,2.8294,2.5818,2.5946,2.5946,2.6176,5.1431,5.2352,2.5946,-2.5818,1.982256,2.017747,1.068477,14,72,7,8,0.22594003,0.03637551,0.24795640,0E-8,0.000000,0.969392,0.011418,-0.27333915,2026-03-28,2026-07-27,37,214,160,122,0.303279,0.916330,0.935234,0.753133,,,,,,,,GLOBAL_BASELINE_NO_ENTITY_RANKING,,,NOT_APPLICABLE_GLOBAL_BASELINE,HF9g-P5,,,,X 全窗基线 · 不参与实体赏罚,6870033,688,A168_HF9F_20260827_0900,2026-08-27 09:00:00
2026-06-18,144397996,583,0,2.5715534755,-2.5715534755,-2.5715534755,0E-7,1,1,0.09460280000000000,0.094602800000,-0.32324545095860213,-0.32324545095860213,-0.32324545095860213,0E-17,ELIGIBLE,R03b_20260811_FULL_v1,L1_ELIGIBILITY,v2026-08-11,2026-03-21..2026-08-06,baccarat_bet02_101_all_pairs_incl_sentinel,round_win = game_pnl > 0 (decisive only),COMPATIBILITY_ONLY_NOT_PRODUCTION,4613.0103,4471.8145,167.8006,1664,1112,-0.03637551,-0.24795640,0.02538275,-0.03637551,-167.8006,4613.0103,OK,0.0000,6.7120,4.0000,96.0000,AG03-UNRESOLVED,ALL5_LEVELS_bet23_to_bet27,6.7120,6.7120,6.7120,6.7120,6.7120,4.000000,4.000000,4.000000,4.000000,4.000000,96.000000,96.000000,96.000000,96.000000,96.000000,5.0,33.5601,30.9806,134.2405,136.82,PENDING_AG03,FALSE,NOT_FOR_ENFORCEMENT,161.0886,4292.9419,167.8006,161.0886,6.7120,0.03637551,0.03492049,6.7120,161.0886,0.03492049,6.7120,6.7120,6.7120,6.7120,6.7120,161.0886,0.03492049,33.5601,30.9806,134.2405,136.82,0.02910041,0.0296596,0.00145502,2.7722,4.0214,0.1509,4.5352,0.7841,124.6760,30.0541,2.5927,2.8294,2.5818,2.5946,2.5946,2.6176,5.1431,5.2352,2.5946,-2.5818,1.982256,2.017747,1.068477,14,72,7,8,0.22594003,0.03637551,0.24795640,0E-8,0.000000,0.969392,0.011418,-0.27333915,2026-03-28,2026-07-27,37,214,160,122,0.303279,0.916330,0.935234,0.753133,,,,,,,,GLOBAL_BASELINE_NO_ENTITY_RANKING,,,NOT_APPLICABLE_GLOBAL_BASELINE,HF9g-P5,,,,X 全窗基线 · 不参与实体赏罚,6870034,688,A168_HF9F_20260827_0900,2026-08-27 09:00:00
2026-07-06,144397996,1094,0,41.3084449952,-7.7453334366,-7.7453334366,0.1250000,16,9,0.12262365000000000,0.122623650000,0.02049157396763208,0.02049157396763208,0.02049157396763208,0E-17,ELIGIBLE,R03b_20260811_FULL_v1,L1_ELIGIBILITY,v2026-08-11,2026-03-21..2026-08-06,baccarat_bet02_101_all_pairs_incl_sentinel,round_win = game_pnl > 0 (decisive only),COMPATIBILITY_ONLY_NOT_PRODUCTION,4613.0103,4471.8145,167.8006,1664,1112,-0.03637551,-0.24795640,0.02538275,-0.03637551,-167.8006,4613.0103,OK,0.0000,6.7120,4.0000,96.0000,AG03-UNRESOLVED,ALL5_LEVELS_bet23_to_bet27,6.7120,6.7120,6.7120,6.7120,6.7120,4.000000,4.000000,4.000000,4.000000,4.000000,96.000000,96.000000,96.000000,96.000000,96.000000,5.0,33.5601,30.9806,134.2405,136.82,PENDING_AG03,FALSE,NOT_FOR_ENFORCEMENT,161.0886,4292.9419,167.8006,161.0886,6.7120,0.03637551,0.03492049,6.7120,161.0886,0.03492049,6.7120,6.7120,6.7120,6.7120,6.7120,161.0886,0.03492049,33.5601,30.9806,134.2405,136.82,0.02910041,0.0296596,0.00145502,2.7722,4.0214,0.1509,4.5352,0.7841,124.6760,30.0541,2.5927,2.8294,2.5818,2.5946,2.5946,2.6176,5.1431,5.2352,2.5946,-2.5818,1.982256,2.017747,1.068477,14,72,7,8,0.22594003,0.03637551,0.24795640,0E-8,0.000000,0.969392,0.011418,-0.27333915,2026-03-28,2026-07-27,37,214,160,122,0.303279,0.916330,0.935234,0.753133,,,,,,,,GLOBAL_BASELINE_NO_ENTITY_RANKING,,,NOT_APPLICABLE_GLOBAL_BASELINE,HF9g-P5,,,,X 全窗基线 · 不参与实体赏罚,6870035,688,A168_HF9F_20260827_0900,2026-08-27 09:00:00
2026-07-06,144397996,1299,0,28.3995559342,-5.1635556244,-5.1635556244,0.1428571,11,7,0.08221112857142857,0.082211128571,0.5841368241413212,0.5841368241468353,0.5841368241413212,4.2857E-13,ELIGIBLE,R03b_20260811_FULL_v1,L1_ELIGIBILITY,v2026-08-11,2026-03-21..2026-08-06,baccarat_bet02_101_all_pairs_incl_sentinel,round_win = game_pnl > 0 (decisive only),COMPATIBILITY_ONLY_NOT_PRODUCTION,4613.0103,4471.8145,167.8006,1664,1112,-0.03637551,-0.24795640,0.02538275,-0.03637551,-167.8006,4613.0103,OK,0.0000,6.7120,4.0000,96.0000,AG03-UNRESOLVED,ALL5_LEVELS_bet23_to_bet27,6.7120,6.7120,6.7120,6.7120,6.7120,4.000000,4.000000,4.000000,4.000000,4.000000,96.000000,96.000000,96.000000,96.000000,96.000000,5.0,33.5601,30.9806,134.2405,136.82,PENDING_AG03,FALSE,NOT_FOR_ENFORCEMENT,161.0886,4292.9419,167.8006,161.0886,6.7120,0.03637551,0.03492049,6.7120,161.0886,0.03492049,6.7120,6.7120,6.7120,6.7120,6.7120,161.0886,0.03492049,33.5601,30.9806,134.2405,136.82,0.02910041,0.0296596,0.00145502,2.7722,4.0214,0.1509,4.5352,0.7841,124.6760,30.0541,2.5927,2.8294,2.5818,2.5946,2.5946,2.6176,5.1431,5.2352,2.5946,-2.5818,1.982256,2.017747,1.068477,14,72,7,8,0.22594003,0.03637551,0.24795640,0E-8,0.000000,0.969392,0.011418,-0.27333915,2026-03-28,2026-07-27,37,214,160,122,0.303279,0.916330,0.935234,0.753133,,,,,,,,GLOBAL_BASELINE_NO_ENTITY_RANKING,,,NOT_APPLICABLE_GLOBAL_BASELINE,HF9g-P5,,,,X 全窗基线 · 不参与实体赏罚,6870036,688,A168_HF9F_20260827_0900,2026-08-27 09:00:00
2026-07-06,144397996,1490,0,30.9813337464,46.4720006196,46.4720006196,0.3000000,11,10,0.12971300500000000,0.129713005000,1.6027230191676263,1.6027230191676263,1.6027230191676263,0E-17,ELIGIBLE,R03b_20260811_FULL_v1,L1_ELIGIBILITY,v2026-08-11,2026-03-21..2026-08-06,baccarat_bet02_101_all_pairs_incl_sentinel,round_win = game_pnl > 0 (decisive only),COMPATIBILITY_ONLY_NOT_PRODUCTION,4613.0103,4471.8145,167.8006,1664,1112,-0.03637551,-0.24795640,0.02538275,-0.03637551,-167.8006,4613.0103,OK,0.0000,6.7120,4.0000,96.0000,AG03-UNRESOLVED,ALL5_LEVELS_bet23_to_bet27,6.7120,6.7120,6.7120,6.7120,6.7120,4.000000,4.000000,4.000000,4.000000,4.000000,96.000000,96.000000,96.000000,96.000000,96.000000,5.0,33.5601,30.9806,134.2405,136.82,PENDING_AG03,FALSE,NOT_FOR_ENFORCEMENT,161.0886,4292.9419,167.8006,161.0886,6.7120,0.03637551,0.03492049,6.7120,161.0886,0.03492049,6.7120,6.7120,6.7120,6.7120,6.7120,161.0886,0.03492049,33.5601,30.9806,134.2405,136.82,0.02910041,0.0296596,0.00145502,2.7722,4.0214,0.1509,4.5352,0.7841,124.6760,30.0541,2.5927,2.8294,2.5818,2.5946,2.5946,2.6176,5.1431,5.2352,2.5946,-2.5818,1.982256,2.017747,1.068477,14,72,7,8,0.22594003,0.03637551,0.24795640,0E-8,0.000000,0.969392,0.011418,-0.27333915,2026-03-28,2026-07-27,37,214,160,122,0.303279,0.916330,0.935234,0.753133,,,,,,,,GLOBAL_BASELINE_NO_ENTITY_RANKING,,,NOT_APPLICABLE_GLOBAL_BASELINE,HF9g-P5,,,,X 全窗基线 · 不参与实体赏罚,6870037,688,A168_HF9F_20260827_0900,2026-08-27 09:00:00
2026-07-06,144397996,1985,0,20.6542224976,-20.6542224976,-20.6542224976,0E-7,8,6,0.08465258333333333,0.084652583333,-0.7449081966276131,-0.7449081966260109,-0.7449081966276131,3.3333E-13,ELIGIBLE,R03b_20260811_FULL_v1,L1_ELIGIBILITY,v2026-08-11,2026-03-21..2026-08-06,baccarat_bet02_101_all_pairs_incl_sentinel,round_win = game_pnl > 0 (decisive only),COMPATIBILITY_ONLY_NOT_PRODUCTION,4613.0103,4471.8145,167.8006,1664,1112,-0.03637551,-0.24795640,0.02538275,-0.03637551,-167.8006,4613.0103,OK,0.0000,6.7120,4.0000,96.0000,AG03-UNRESOLVED,ALL5_LEVELS_bet23_to_bet27,6.7120,6.7120,6.7120,6.7120,6.7120,4.000000,4.000000,4.000000,4.000000,4.000000,96.000000,96.000000,96.000000,96.000000,96.000000,5.0,33.5601,30.9806,134.2405,136.82,PENDING_AG03,FALSE,NOT_FOR_ENFORCEMENT,161.0886,4292.9419,167.8006,161.0886,6.7120,0.03637551,0.03492049,6.7120,161.0886,0.03492049,6.7120,6.7120,6.7120,6.7120,6.7120,161.0886,0.03492049,33.5601,30.9806,134.2405,136.82,0.02910041,0.0296596,0.00145502,2.7722,4.0214,0.1509,4.5352,0.7841,124.6760,30.0541,2.5927,2.8294,2.5818,2.5946,2.5946,2.6176,5.1431,5.2352,2.5946,-2.5818,1.982256,2.017747,1.068477,14,72,7,8,0.22594003,0.03637551,0.24795640,0E-8,0.000000,0.969392,0.011418,-0.27333915,2026-03-28,2026-07-27,37,214,160,122,0.303279,0.916330,0.935234,0.753133,,,,,,,,GLOBAL_BASELINE_NO_ENTITY_RANKING,,,NOT_APPLICABLE_GLOBAL_BASELINE,HF9g-P5,,,,X 全窗基线 · 不参与实体赏罚,6870038,688,A168_HF9F_20260827_0900,2026-08-27 09:00:00
2026-07-06,144397996,2271,0,20.6542224976,41.3084449952,41.3084449952,0.2500000,8,4,0.07469835000000000,0.074698350000,1.3335792419095234,1.3335792419095231,1.3335792419095234,0E-17,ELIGIBLE,R03b_20260811_FULL_v1,L1_ELIGIBILITY,v2026-08-11,2026-03-21..2026-08-06,baccarat_bet02_101_all_pairs_incl_sentinel,round_win = game_pnl > 0 (decisive only),COMPATIBILITY_ONLY_NOT_PRODUCTION,4613.0103,4471.8145,167.8006,1664,1112,-0.03637551,-0.24795640,0.02538275,-0.03637551,-167.8006,4613.0103,OK,0.0000,6.7120,4.0000,96.0000,AG03-UNRESOLVED,ALL5_LEVELS_bet23_to_bet27,6.7120,6.7120,6.7120,6.7120,6.7120,4.000000,4.000000,4.000000,4.000000,4.000000,96.000000,96.000000,96.000000,96.000000,96.000000,5.0,33.5601,30.9806,134.2405,136.82,PENDING_AG03,FALSE,NOT_FOR_ENFORCEMENT,161.0886,4292.9419,167.8006,161.0886,6.7120,0.03637551,0.03492049,6.7120,161.0886,0.03492049,6.7120,6.7120,6.7120,6.7120,6.7120,161.0886,0.03492049,33.5601,30.9806,134.2405,136.82,0.02910041,0.0296596,0.00145502,2.7722,4.0214,0.1509,4.5352,0.7841,124.6760,30.0541,2.5927,2.8294,2.5818,2.5946,2.5946,2.6176,5.1431,5.2352,2.5946,-2.5818,1.982256,2.017747,1.068477,14,72,7,8,0.22594003,0.03637551,0.24795640,0E-8,0.000000,0.969392,0.011418,-0.27333915,2026-03-28,2026-07-27,37,214,160,122,0.303279,0.916330,0.935234,0.753133,,,,,,,,GLOBAL_BASELINE_NO_ENTITY_RANKING,,,NOT_APPLICABLE_GLOBAL_BASELINE,HF9g-P5,,,,X 全窗基线 · 不参与实体赏罚,6870039,688,A168_HF9F_20260827_0900,2026-08-27 09:00:00
2026-07-06,144397996,583,0,18.0724446854,-18.0724446854,-18.0724446854,0E-7,7,4,0.07469533750000000,0.074695337500,-0.5682433570057004,-0.5682433570057004,-0.5682433570057004,0E-17,ELIGIBLE,R03b_20260811_FULL_v1,L1_ELIGIBILITY,v2026-08-11,2026-03-21..2026-08-06,baccarat_bet02_101_all_pairs_incl_sentinel,round_win = game_pnl > 0 (decisive only),COMPATIBILITY_ONLY_NOT_PRODUCTION,4613.0103,4471.8145,167.8006,1664,1112,-0.03637551,-0.24795640,0.02538275,-0.03637551,-167.8006,4613.0103,OK,0.0000,6.7120,4.0000,96.0000,AG03-UNRESOLVED,ALL5_LEVELS_bet23_to_bet27,6.7120,6.7120,6.7120,6.7120,6.7120,4.000000,4.000000,4.000000,4.000000,4.000000,96.000000,96.000000,96.000000,96.000000,96.000000,5.0,33.5601,30.9806,134.2405,136.82,PENDING_AG03,FALSE,NOT_FOR_ENFORCEMENT,161.0886,4292.9419,167.8006,161.0886,6.7120,0.03637551,0.03492049,6.7120,161.0886,0.03492049,6.7120,6.7120,6.7120,6.7120,6.7120,161.0886,0.03492049,33.5601,30.9806,134.2405,136.82,0.02910041,0.0296596,0.00145502,2.7722,4.0214,0.1509,4.5352,0.7841,124.6760,30.0541,2.5927,2.8294,2.5818,2.5946,2.5946,2.6176,5.1431,5.2352,2.5946,-2.5818,1.982256,2.017747,1.068477,14,72,7,8,0.22594003,0.03637551,0.24795640,0E-8,0.000000,0.969392,0.011418,-0.27333915,2026-03-28,2026-07-27,37,214,160,122,0.303279,0.916330,0.935234,0.753133,,,,,,,,GLOBAL_BASELINE_NO_ENTITY_RANKING,,,NOT_APPLICABLE_GLOBAL_BASELINE,HF9g-P5,,,,X 全窗基线 · 不参与实体赏罚,6870040,688,A168_HF9F_20260827_0900,2026-08-27 09:00:00
2026-07-06,144397996,752,0,64.5444453050,23.2360003098,23.2360003098,0.2142857,24,14,0.22677485357142857,0.226774853571,-0.11159534897264999,-0.11159534896889509,-0.11159534897264999,4.2857E-13,ELIGIBLE,R03b_20260811_FULL_v1,L1_ELIGIBILITY,v2026-08-11,2026-03-21..2026-08-06,baccarat_bet02_101_all_pairs_incl_sentinel,round_win = game_pnl > 0 (decisive only),COMPATIBILITY_ONLY_NOT_PRODUCTION,4613.0103,4471.8145,167.8006,1664,1112,-0.03637551,-0.24795640,0.02538275,-0.03637551,-167.8006,4613.0103,OK,0.0000,6.7120,4.0000,96.0000,AG03-UNRESOLVED,ALL5_LEVELS_bet23_to_bet27,6.7120,6.7120,6.7120,6.7120,6.7120,4.000000,4.000000,4.000000,4.000000,4.000000,96.000000,96.000000,96.000000,96.000000,96.000000,5.0,33.5601,30.9806,134.2405,136.82,PENDING_AG03,FALSE,NOT_FOR_ENFORCEMENT,161.0886,4292.9419,167.8006,161.0886,6.7120,0.03637551,0.03492049,6.7120,161.0886,0.03492049,6.7120,6.7120,6.7120,6.7120,6.7120,161.0886,0.03492049,33.5601,30.9806,134.2405,136.82,0.02910041,0.0296596,0.00145502,2.7722,4.0214,0.1509,4.5352,0.7841,124.6760,30.0541,2.5927,2.8294,2.5818,2.5946,2.5946,2.6176,5.1431,5.2352,2.5946,-2.5818,1.982256,2.017747,1.068477,14,72,7,8,0.22594003,0.03637551,0.24795640,0E-8,0.000000,0.969392,0.011418,-0.27333915,2026-03-28,2026-07-27,37,214,160,122,0.303279,0.916330,0.935234,0.753133,,,,,,,,GLOBAL_BASELINE_NO_ENTITY_RANKING,,,NOT_APPLICABLE_GLOBAL_BASELINE,HF9g-P5,,,,X 全窗基线 · 不参与实体赏罚,6870041,688,A168_HF9F_20260827_0900,2026-08-27 09:00:00
2026-07-06,144397996,919,0,18.0724446854,-8.0035112178,-8.0035112178,0.2500000,6,4,0.17740220000000000,0.177402200000,0.3800845209857686,0.3800845209857686,0.3800845209857686,0E-17,ELIGIBLE,R03b_20260811_FULL_v1,L1_ELIGIBILITY,v2026-08-11,2026-03-21..2026-08-06,baccarat_bet02_101_all_pairs_incl_sentinel,round_win = game_pnl > 0 (decisive only),COMPATIBILITY_ONLY_NOT_PRODUCTION,4613.0103,4471.8145,167.8006,1664,1112,-0.03637551,-0.24795640,0.02538275,-0.03637551,-167.8006,4613.0103,OK,0.0000,6.7120,4.0000,96.0000,AG03-UNRESOLVED,ALL5_LEVELS_bet23_to_bet27,6.7120,6.7120,6.7120,6.7120,6.7120,4.000000,4.000000,4.000000,4.000000,4.000000,96.000000,96.000000,96.000000,96.000000,96.000000,5.0,33.5601,30.9806,134.2405,136.82,PENDING_AG03,FALSE,NOT_FOR_ENFORCEMENT,161.0886,4292.9419,167.8006,161.0886,6.7120,0.03637551,0.03492049,6.7120,161.0886,0.03492049,6.7120,6.7120,6.7120,6.7120,6.7120,161.0886,0.03492049,33.5601,30.9806,134.2405,136.82,0.02910041,0.0296596,0.00145502,2.7722,4.0214,0.1509,4.5352,0.7841,124.6760,30.0541,2.5927,2.8294,2.5818,2.5946,2.5946,2.6176,5.1431,5.2352,2.5946,-2.5818,1.982256,2.017747,1.068477,14,72,7,8,0.22594003,0.03637551,0.24795640,0E-8,0.000000,0.969392,0.011418,-0.27333915,2026-03-28,2026-07-27,37,214,160,122,0.303279,0.916330,0.935234,0.753133,,,,,,,,GLOBAL_BASELINE_NO_ENTITY_RANKING,,,NOT_APPLICABLE_GLOBAL_BASELINE,HF9g-P5,,,,X 全窗基线 · 不参与实体赏罚,6870042,688,A168_HF9F_20260827_0900,2026-08-27 09:00:00
2026-07-08,144397996,1304,0,15.4906668732,-15.4906668732,-15.4906668732,0E-7,6,3,0.07469835000000000,0.074698350000,-0.4921239072837002,-0.4921239072837002,-0.4921239072837002,0E-17,ELIGIBLE,R03b_20260811_FULL_v1,L1_ELIGIBILITY,v2026-08-11,2026-03-21..2026-08-06,baccarat_bet02_101_all_pairs_incl_sentinel,round_win = game_pnl > 0 (decisive only),COMPATIBILITY_ONLY_NOT_PRODUCTION,4613.0103,4471.8145,167.8006,1664,1112,-0.03637551,-0.24795640,0.02538275,-0.03637551,-167.8006,4613.0103,OK,0.0000,6.7120,4.0000,96.0000,AG03-UNRESOLVED,ALL5_LEVELS_bet23_to_bet27,6.7120,6.7120,6.7120,6.7120,6.7120,4.000000,4.000000,4.000000,4.000000,4.000000,96.000000,96.000000,96.000000,96.000000,96.000000,5.0,33.5601,30.9806,134.2405,136.82,PENDING_AG03,FALSE,NOT_FOR_ENFORCEMENT,161.0886,4292.9419,167.8006,161.0886,6.7120,0.03637551,0.03492049,6.7120,161.0886,0.03492049,6.7120,6.7120,6.7120,6.7120,6.7120,161.0886,0.03492049,33.5601,30.9806,134.2405,136.82,0.02910041,0.0296596,0.00145502,2.7722,4.0214,0.1509,4.5352,0.7841,124.6760,30.0541,2.5927,2.8294,2.5818,2.5946,2.5946,2.6176,5.1431,5.2352,2.5946,-2.5818,1.982256,2.017747,1.068477,14,72,7,8,0.22594003,0.03637551,0.24795640,0E-8,0.000000,0.969392,0.011418,-0.27333915,2026-03-28,2026-07-27,37,214,160,122,0.303279,0.916330,0.935234,0.753133,,,,,,,,GLOBAL_BASELINE_NO_ENTITY_RANKING,,,NOT_APPLICABLE_GLOBAL_BASELINE,HF9g-P5,,,,X 全窗基线 · 不参与实体赏罚,6870043,688,A168_HF9F_20260827_0900,2026-08-27 09:00:00
2026-07-08,144397996,1623,0,5.1635556244,-5.1635556244,-5.1635556244,0E-7,2,1,0.07469835000000000,0.074698350000,-0.2841278703448948,-0.28412787034489473,-0.2841278703448948,0E-17,ELIGIBLE,R03b_20260811_FULL_v1,L1_ELIGIBILITY,v2026-08-11,2026-03-21..2026-08-06,baccarat_bet02_101_all_pairs_incl_sentinel,round_win = game_pnl > 0 (decisive only),COMPATIBILITY_ONLY_NOT_PRODUCTION,4613.0103,4471.8145,167.8006,1664,1112,-0.03637551,-0.24795640,0.02538275,-0.03637551,-167.8006,4613.0103,OK,0.0000,6.7120,4.0000,96.0000,AG03-UNRESOLVED,ALL5_LEVELS_bet23_to_bet27,6.7120,6.7120,6.7120,6.7120,6.7120,4.000000,4.000000,4.000000,4.000000,4.000000,96.000000,96.000000,96.000000,96.000000,96.000000,5.0,33.5601,30.9806,134.2405,136.82,PENDING_AG03,FALSE,NOT_FOR_ENFORCEMENT,161.0886,4292.9419,167.8006,161.0886,6.7120,0.03637551,0.03492049,6.7120,161.0886,0.03492049,6.7120,6.7120,6.7120,6.7120,6.7120,161.0886,0.03492049,33.5601,30.9806,134.2405,136.82,0.02910041,0.0296596,0.00145502,2.7722,4.0214,0.1509,4.5352,0.7841,124.6760,30.0541,2.5927,2.8294,2.5818,2.5946,2.5946,2.6176,5.1431,5.2352,2.5946,-2.5818,1.982256,2.017747,1.068477,14,72,7,8,0.22594003,0.03637551,0.24795640,0E-8,0.000000,0.969392,0.011418,-0.27333915,2026-03-28,2026-07-27,37,214,160,122,0.303279,0.916330,0.935234,0.753133,,,,,,,,GLOBAL_BASELINE_NO_ENTITY_RANKING,,,NOT_APPLICABLE_GLOBAL_BASELINE,HF9g-P5,,,,X 全窗基线 · 不参与实体赏罚,6870044,688,A168_HF9F_20260827_0900,2026-08-27 09:00:00
2026-07-08,144397996,1714,0,15.4906668732,46.4720006196,46.4720006196,0.6666667,6,3,0.07469835000000000,0.074698350000,3.899975849348141,3.899975849348141,3.899975849348141,0E-17,ELIGIBLE,R03b_20260811_FULL_v1,L1_ELIGIBILITY,v2026-08-11,2026-03-21..2026-08-06,baccarat_bet02_101_all_pairs_incl_sentinel,round_win = game_pnl > 0 (decisive only),COMPATIBILITY_ONLY_NOT_PRODUCTION,4613.0103,4471.8145,167.8006,1664,1112,-0.03637551,-0.24795640,0.02538275,-0.03637551,-167.8006,4613.0103,OK,0.0000,6.7120,4.0000,96.0000,AG03-UNRESOLVED,ALL5_LEVELS_bet23_to_bet27,6.7120,6.7120,6.7120,6.7120,6.7120,4.000000,4.000000,4.000000,4.000000,4.000000,96.000000,96.000000,96.000000,96.000000,96.000000,5.0,33.5601,30.9806,134.2405,136.82,PENDING_AG03,FALSE,NOT_FOR_ENFORCEMENT,161.0886,4292.9419,167.8006,161.0886,6.7120,0.03637551,0.03492049,6.7120,161.0886,0.03492049,6.7120,6.7120,6.7120,6.7120,6.7120,161.0886,0.03492049,33.5601,30.9806,134.2405,136.82,0.02910041,0.0296596,0.00145502,2.7722,4.0214,0.1509,4.5352,0.7841,124.6760,30.0541,2.5927,2.8294,2.5818,2.5946,2.5946,2.6176,5.1431,5.2352,2.5946,-2.5818,1.982256,2.017747,1.068477,14,72,7,8,0.22594003,0.03637551,0.24795640,0E-8,0.000000,0.969392,0.011418,-0.27333915,2026-03-28,2026-07-27,37,214,160,122,0.303279,0.916330,0.935234,0.753133,,,,,,,,GLOBAL_BASELINE_NO_ENTITY_RANKING,,,NOT_APPLICABLE_GLOBAL_BASELINE,HF9g-P5,,,,X 全窗基线 · 不参与实体赏罚,6870045,688,A168_HF9F_20260827_0900,2026-08-27 09:00:00
2026-07-08,144397996,2106,0,5.1635556244,-5.1635556244,-5.1635556244,0E-7,2,1,0.07469835000000000,0.074698350000,-0.2841278703448948,-0.28412787034489473,-0.2841278703448948,0E-17,ELIGIBLE,R03b_20260811_FULL_v1,L1_ELIGIBILITY,v2026-08-11,2026-03-21..2026-08-06,baccarat_bet02_101_all_pairs_incl_sentinel,round_win = game_pnl > 0 (decisive only),COMPATIBILITY_ONLY_NOT_PRODUCTION,4613.0103,4471.8145,167.8006,1664,1112,-0.03637551,-0.24795640,0.02538275,-0.03637551,-167.8006,4613.0103,OK,0.0000,6.7120,4.0000,96.0000,AG03-UNRESOLVED,ALL5_LEVELS_bet23_to_bet27,6.7120,6.7120,6.7120,6.7120,6.7120,4.000000,4.000000,4.000000,4.000000,4.000000,96.000000,96.000000,96.000000,96.000000,96.000000,5.0,33.5601,30.9806,134.2405,136.82,PENDING_AG03,FALSE,NOT_FOR_ENFORCEMENT,161.0886,4292.9419,167.8006,161.0886,6.7120,0.03637551,0.03492049,6.7120,161.0886,0.03492049,6.7120,6.7120,6.7120,6.7120,6.7120,161.0886,0.03492049,33.5601,30.9806,134.2405,136.82,0.02910041,0.0296596,0.00145502,2.7722,4.0214,0.1509,4.5352,0.7841,124.6760,30.0541,2.5927,2.8294,2.5818,2.5946,2.5946,2.6176,5.1431,5.2352,2.5946,-2.5818,1.982256,2.017747,1.068477,14,72,7,8,0.22594003,0.03637551,0.24795640,0E-8,0.000000,0.969392,0.011418,-0.27333915,2026-03-28,2026-07-27,37,214,160,122,0.303279,0.916330,0.935234,0.753133,,,,,,,,GLOBAL_BASELINE_NO_ENTITY_RANKING,,,NOT_APPLICABLE_GLOBAL_BASELINE,HF9g-P5,,,,X 全窗基线 · 不参与实体赏罚,6870046,688,A168_HF9F_20260827_0900,2026-08-27 09:00:00
2026-07-08,144397996,2108,0,20.6542224976,-20.6542224976,-20.6542224976,0E-7,8,4,0.07469835000000000,0.074698350000,-0.5682557406897896,-0.5682557406897895,-0.5682557406897896,0E-17,ELIGIBLE,R03b_20260811_FULL_v1,L1_ELIGIBILITY,v2026-08-11,2026-03-21..2026-08-06,baccarat_bet02_101_all_pairs_incl_sentinel,round_win = game_pnl > 0 (decisive only),COMPATIBILITY_ONLY_NOT_PRODUCTION,4613.0103,4471.8145,167.8006,1664,1112,-0.03637551,-0.24795640,0.02538275,-0.03637551,-167.8006,4613.0103,OK,0.0000,6.7120,4.0000,96.0000,AG03-UNRESOLVED,ALL5_LEVELS_bet23_to_bet27,6.7120,6.7120,6.7120,6.7120,6.7120,4.000000,4.000000,4.000000,4.000000,4.000000,96.000000,96.000000,96.000000,96.000000,96.000000,5.0,33.5601,30.9806,134.2405,136.82,PENDING_AG03,FALSE,NOT_FOR_ENFORCEMENT,161.0886,4292.9419,167.8006,161.0886,6.7120,0.03637551,0.03492049,6.7120,161.0886,0.03492049,6.7120,6.7120,6.7120,6.7120,6.7120,161.0886,0.03492049,33.5601,30.9806,134.2405,136.82,0.02910041,0.0296596,0.00145502,2.7722,4.0214,0.1509,4.5352,0.7841,124.6760,30.0541,2.5927,2.8294,2.5818,2.5946,2.5946,2.6176,5.1431,5.2352,2.5946,-2.5818,1.982256,2.017747,1.068477,14,72,7,8,0.22594003,0.03637551,0.24795640,0E-8,0.000000,0.969392,0.011418,-0.27333915,2026-03-28,2026-07-27,37,214,160,122,0.303279,0.916330,0.935234,0.753133,,,,,,,,GLOBAL_BASELINE_NO_ENTITY_RANKING,,,NOT_APPLICABLE_GLOBAL_BASELINE,HF9g-P5,,,,X 全窗基线 · 不参与实体赏罚,6870047,688,A168_HF9F_20260827_0900,2026-08-27 09:00:00
2026-07-08,144397996,2121,0,63.2535563989,-63.2535563989,-63.2535563989,0E-7,24,12,0.07469855083333333,0.074698350000,-0.984249244500415,-0.9842478145674004,-0.984249244500415,2.0083333333E-7,ELIGIBLE,R03b_20260811_FULL_v1,L1_ELIGIBILITY,v2026-08-11,2026-03-21..2026-08-06,baccarat_bet02_101_all_pairs_incl_sentinel,round_win = game_pnl > 0 (decisive only),COMPATIBILITY_ONLY_NOT_PRODUCTION,4613.0103,4471.8145,167.8006,1664,1112,-0.03637551,-0.24795640,0.02538275,-0.03637551,-167.8006,4613.0103,OK,0.0000,6.7120,4.0000,96.0000,AG03-UNRESOLVED,ALL5_LEVELS_bet23_to_bet27,6.7120,6.7120,6.7120,6.7120,6.7120,4.000000,4.000000,4.000000,4.000000,4.000000,96.000000,96.000000,96.000000,96.000000,96.000000,5.0,33.5601,30.9806,134.2405,136.82,PENDING_AG03,FALSE,NOT_FOR_ENFORCEMENT,161.0886,4292.9419,167.8006,161.0886,6.7120,0.03637551,0.03492049,6.7120,161.0886,0.03492049,6.7120,6.7120,6.7120,6.7120,6.7120,161.0886,0.03492049,33.5601,30.9806,134.2405,136.82,0.02910041,0.0296596,0.00145502,2.7722,4.0214,0.1509,4.5352,0.7841,124.6760,30.0541,2.5927,2.8294,2.5818,2.5946,2.5946,2.6176,5.1431,5.2352,2.5946,-2.5818,1.982256,2.017747,1.068477,14,72,7,8,0.22594003,0.03637551,0.24795640,0E-8,0.000000,0.969392,0.011418,-0.27333915,2026-03-28,2026-07-27,37,214,160,122,0.303279,0.916330,0.935234,0.753133,,,,,,,,GLOBAL_BASELINE_NO_ENTITY_RANKING,,,NOT_APPLICABLE_GLOBAL_BASELINE,HF9g-P5,,,,X 全窗基线 · 不参与实体赏罚,6870048,688,A168_HF9F_20260827_0900,2026-08-27 09:00:00
2026-07-08,144397996,2130,0,5.1635556244,-5.1635556244,-5.1635556244,0E-7,2,1,0.07469835000000000,0.074698350000,-0.2841278703448948,-0.28412787034489473,-0.2841278703448948,0E-17,ELIGIBLE,R03b_20260811_FULL_v1,L1_ELIGIBILITY,v2026-08-11,2026-03-21..2026-08-06,baccarat_bet02_101_all_pairs_incl_sentinel,round_win = game_pnl > 0 (decisive only),COMPATIBILITY_ONLY_NOT_PRODUCTION,4613.0103,4471.8145,167.8006,1664,1112,-0.03637551,-0.24795640,0.02538275,-0.03637551,-167.8006,4613.0103,OK,0.0000,6.7120,4.0000,96.0000,AG03-UNRESOLVED,ALL5_LEVELS_bet23_to_bet27,6.7120,6.7120,6.7120,6.7120,6.7120,4.000000,4.000000,4.000000,4.000000,4.000000,96.000000,96.000000,96.000000,96.000000,96.000000,5.0,33.5601,30.9806,134.2405,136.82,PENDING_AG03,FALSE,NOT_FOR_ENFORCEMENT,161.0886,4292.9419,167.8006,161.0886,6.7120,0.03637551,0.03492049,6.7120,161.0886,0.03492049,6.7120,6.7120,6.7120,6.7120,6.7120,161.0886,0.03492049,33.5601,30.9806,134.2405,136.82,0.02910041,0.0296596,0.00145502,2.7722,4.0214,0.1509,4.5352,0.7841,124.6760,30.0541,2.5927,2.8294,2.5818,2.5946,2.5946,2.6176,5.1431,5.2352,2.5946,-2.5818,1.982256,2.017747,1.068477,14,72,7,8,0.22594003,0.03637551,0.24795640,0E-8,0.000000,0.969392,0.011418,-0.27333915,2026-03-28,2026-07-27,37,214,160,122,0.303279,0.916330,0.935234,0.753133,,,,,,,,GLOBAL_BASELINE_NO_ENTITY_RANKING,,,NOT_APPLICABLE_GLOBAL_BASELINE,HF9g-P5,,,,X 全窗基线 · 不参与实体赏罚,6870049,688,A168_HF9F_20260827_0900,2026-08-27 09:00:00
2026-07-08,144397996,471,0,10.3271112488,-10.3271112488,-10.3271112488,0E-7,4,2,0.07469835000000000,0.074698350000,-0.40181748768993447,-0.4018174876899344,-0.40181748768993447,0E-17,ELIGIBLE,R03b_20260811_FULL_v1,L1_ELIGIBILITY,v2026-08-11,2026-03-21..2026-08-06,baccarat_bet02_101_all_pairs_incl_sentinel,round_win = game_pnl > 0 (decisive only),COMPATIBILITY_ONLY_NOT_PRODUCTION,4613.0103,4471.8145,167.8006,1664,1112,-0.03637551,-0.24795640,0.02538275,-0.03637551,-167.8006,4613.0103,OK,0.0000,6.7120,4.0000,96.0000,AG03-UNRESOLVED,ALL5_LEVELS_bet23_to_bet27,6.7120,6.7120,6.7120,6.7120,6.7120,4.000000,4.000000,4.000000,4.000000,4.000000,96.000000,96.000000,96.000000,96.000000,96.000000,5.0,33.5601,30.9806,134.2405,136.82,PENDING_AG03,FALSE,NOT_FOR_ENFORCEMENT,161.0886,4292.9419,167.8006,161.0886,6.7120,0.03637551,0.03492049,6.7120,161.0886,0.03492049,6.7120,6.7120,6.7120,6.7120,6.7120,161.0886,0.03492049,33.5601,30.9806,134.2405,136.82,0.02910041,0.0296596,0.00145502,2.7722,4.0214,0.1509,4.5352,0.7841,124.6760,30.0541,2.5927,2.8294,2.5818,2.5946,2.5946,2.6176,5.1431,5.2352,2.5946,-2.5818,1.982256,2.017747,1.068477,14,72,7,8,0.22594003,0.03637551,0.24795640,0E-8,0.000000,0.969392,0.011418,-0.27333915,2026-03-28,2026-07-27,37,214,160,122,0.303279,0.916330,0.935234,0.753133,,,,,,,,GLOBAL_BASELINE_NO_ENTITY_RANKING,,,NOT_APPLICABLE_GLOBAL_BASELINE,HF9g-P5,,,,X 全窗基线 · 不参与实体赏罚,6870050,688,A168_HF9F_20260827_0900,2026-08-27 09:00:00
2026-07-08,144397996,550,0,10.3271112488,-10.3271112488,-10.3271112488,0E-7,4,2,0.07469835000000000,0.074698350000,-0.40181748768993447,-0.4018174876899344,-0.40181748768993447,0E-17,ELIGIBLE,R03b_20260811_FULL_v1,L1_ELIGIBILITY,v2026-08-11,2026-03-21..2026-08-06,baccarat_bet02_101_all_pairs_incl_sentinel,round_win = game_pnl > 0 (decisive only),COMPATIBILITY_ONLY_NOT_PRODUCTION,4613.0103,4471.8145,167.8006,1664,1112,-0.03637551,-0.24795640,0.02538275,-0.03637551,-167.8006,4613.0103,OK,0.0000,6.7120,4.0000,96.0000,AG03-UNRESOLVED,ALL5_LEVELS_bet23_to_bet27,6.7120,6.7120,6.7120,6.7120,6.7120,4.000000,4.000000,4.000000,4.000000,4.000000,96.000000,96.000000,96.000000,96.000000,96.000000,5.0,33.5601,30.9806,134.2405,136.82,PENDING_AG03,FALSE,NOT_FOR_ENFORCEMENT,161.0886,4292.9419,167.8006,161.0886,6.7120,0.03637551,0.03492049,6.7120,161.0886,0.03492049,6.7120,6.7120,6.7120,6.7120,6.7120,161.0886,0.03492049,33.5601,30.9806,134.2405,136.82,0.02910041,0.0296596,0.00145502,2.7722,4.0214,0.1509,4.5352,0.7841,124.6760,30.0541,2.5927,2.8294,2.5818,2.5946,2.5946,2.6176,5.1431,5.2352,2.5946,-2.5818,1.982256,2.017747,1.068477,14,72,7,8,0.22594003,0.03637551,0.24795640,0E-8,0.000000,0.969392,0.011418,-0.27333915,2026-03-28,2026-07-27,37,214,160,122,0.303279,0.916330,0.935234,0.753133,,,,,,,,GLOBAL_BASELINE_NO_ENTITY_RANKING,,,NOT_APPLICABLE_GLOBAL_BASELINE,HF9g-P5,,,,X 全窗基线 · 不参与实体赏罚,6870051,688,A168_HF9F_20260827_0900,2026-08-27 09:00:00
2026-07-08,144397996,595,0,10.3271112488,20.6542224976,20.6542224976,0.5000000,4,2,0.07469835000000000,0.074698350000,2.2877833380976127,2.2877833380976127,2.2877833380976127,0E-17,ELIGIBLE,R03b_20260811_FULL_v1,L1_ELIGIBILITY,v2026-08-11,2026-03-21..2026-08-06,baccarat_bet02_101_all_pairs_incl_sentinel,round_win = game_pnl > 0 (decisive only),COMPATIBILITY_ONLY_NOT_PRODUCTION,4613.0103,4471.8145,167.8006,1664,1112,-0.03637551,-0.24795640,0.02538275,-0.03637551,-167.8006,4613.0103,OK,0.0000,6.7120,4.0000,96.0000,AG03-UNRESOLVED,ALL5_LEVELS_bet23_to_bet27,6.7120,6.7120,6.7120,6.7120,6.7120,4.000000,4.000000,4.000000,4.000000,4.000000,96.000000,96.000000,96.000000,96.000000,96.000000,5.0,33.5601,30.9806,134.2405,136.82,PENDING_AG03,FALSE,NOT_FOR_ENFORCEMENT,161.0886,4292.9419,167.8006,161.0886,6.7120,0.03637551,0.03492049,6.7120,161.0886,0.03492049,6.7120,6.7120,6.7120,6.7120,6.7120,161.0886,0.03492049,33.5601,30.9806,134.2405,136.82,0.02910041,0.0296596,0.00145502,2.7722,4.0214,0.1509,4.5352,0.7841,124.6760,30.0541,2.5927,2.8294,2.5818,2.5946,2.5946,2.6176,5.1431,5.2352,2.5946,-2.5818,1.982256,2.017747,1.068477,14,72,7,8,0.22594003,0.03637551,0.24795640,0E-8,0.000000,0.969392,0.011418,-0.27333915,2026-03-28,2026-07-27,37,214,160,122,0.303279,0.916330,0.935234,0.753133,,,,,,,,GLOBAL_BASELINE_NO_ENTITY_RANKING,,,NOT_APPLICABLE_GLOBAL_BASELINE,HF9g-P5,,,,X 全窗基线 · 不参与实体赏罚,6870052,688,A168_HF9F_20260827_0900,2026-08-27 09:00:00
2026-07-08,144397996,789,0,7.7453334366,-7.7453334366,-7.7453334366,0E-7,3,2,0.08465057500000000,0.084650575000,-0.4300673744008988,-0.4300673744008988,-0.4300673744008988,0E-17,ELIGIBLE,R03b_20260811_FULL_v1,L1_ELIGIBILITY,v2026-08-11,2026-03-21..2026-08-06,baccarat_bet02_101_all_pairs_incl_sentinel,round_win = game_pnl > 0 (decisive only),COMPATIBILITY_ONLY_NOT_PRODUCTION,4613.0103,4471.8145,167.8006,1664,1112,-0.03637551,-0.24795640,0.02538275,-0.03637551,-167.8006,4613.0103,OK,0.0000,6.7120,4.0000,96.0000,AG03-UNRESOLVED,ALL5_LEVELS_bet23_to_bet27,6.7120,6.7120,6.7120,6.7120,6.7120,4.000000,4.000000,4.000000,4.000000,4.000000,96.000000,96.000000,96.000000,96.000000,96.000000,5.0,33.5601,30.9806,134.2405,136.82,PENDING_AG03,FALSE,NOT_FOR_ENFORCEMENT,161.0886,4292.9419,167.8006,161.0886,6.7120,0.03637551,0.03492049,6.7120,161.0886,0.03492049,6.7120,6.7120,6.7120,6.7120,6.7120,161.0886,0.03492049,33.5601,30.9806,134.2405,136.82,0.02910041,0.0296596,0.00145502,2.7722,4.0214,0.1509,4.5352,0.7841,124.6760,30.0541,2.5927,2.8294,2.5818,2.5946,2.5946,2.6176,5.1431,5.2352,2.5946,-2.5818,1.982256,2.017747,1.068477,14,72,7,8,0.22594003,0.03637551,0.24795640,0E-8,0.000000,0.969392,0.011418,-0.27333915,2026-03-28,2026-07-27,37,214,160,122,0.303279,0.916330,0.935234,0.753133,,,,,,,,GLOBAL_BASELINE_NO_ENTITY_RANKING,,,NOT_APPLICABLE_GLOBAL_BASELINE,HF9g-P5,,,,X 全窗基线 · 不参与实体赏罚,6870053,688,A168_HF9F_20260827_0900,2026-08-27 09:00:00
2026-07-08,144397996,925,0,18.0724446854,43.8902228074,43.8902228074,0.5000000,7,4,0.17933513750000000,0.179335137500,1.6717285324194202,1.6717285324194202,1.6717285324194202,0E-17,ELIGIBLE,R03b_20260811_FULL_v1,L1_ELIGIBILITY,v2026-08-11,2026-03-21..2026-08-06,baccarat_bet02_101_all_pairs_incl_sentinel,round_win = game_pnl > 0 (decisive only),COMPATIBILITY_ONLY_NOT_PRODUCTION,4613.0103,4471.8145,167.8006,1664,1112,-0.03637551,-0.24795640,0.02538275,-0.03637551,-167.8006,4613.0103,OK,0.0000,6.7120,4.0000,96.0000,AG03-UNRESOLVED,ALL5_LEVELS_bet23_to_bet27,6.7120,6.7120,6.7120,6.7120,6.7120,4.000000,4.000000,4.000000,4.000000,4.000000,96.000000,96.000000,96.000000,96.000000,96.000000,5.0,33.5601,30.9806,134.2405,136.82,PENDING_AG03,FALSE,NOT_FOR_ENFORCEMENT,161.0886,4292.9419,167.8006,161.0886,6.7120,0.03637551,0.03492049,6.7120,161.0886,0.03492049,6.7120,6.7120,6.7120,6.7120,6.7120,161.0886,0.03492049,33.5601,30.9806,134.2405,136.82,0.02910041,0.0296596,0.00145502,2.7722,4.0214,0.1509,4.5352,0.7841,124.6760,30.0541,2.5927,2.8294,2.5818,2.5946,2.5946,2.6176,5.1431,5.2352,2.5946,-2.5818,1.982256,2.017747,1.068477,14,72,7,8,0.22594003,0.03637551,0.24795640,0E-8,0.000000,0.969392,0.011418,-0.27333915,2026-03-28,2026-07-27,37,214,160,122,0.303279,0.916330,0.935234,0.753133,,,,,,,,GLOBAL_BASELINE_NO_ENTITY_RANKING,,,NOT_APPLICABLE_GLOBAL_BASELINE,HF9g-P5,,,,X 全窗基线 · 不参与实体赏罚,6870054,688,A168_HF9F_20260827_0900,2026-08-27 09:00:00
2026-07-08,144397996,987,0,20.6542224976,-20.6542224976,-20.6542224976,0E-7,8,4,0.07469835000000000,0.074698350000,-0.5682557406897896,-0.5682557406897895,-0.5682557406897896,0E-17,ELIGIBLE,R03b_20260811_FULL_v1,L1_ELIGIBILITY,v2026-08-11,2026-03-21..2026-08-06,baccarat_bet02_101_all_pairs_incl_sentinel,round_win = game_pnl > 0 (decisive only),COMPATIBILITY_ONLY_NOT_PRODUCTION,4613.0103,4471.8145,167.8006,1664,1112,-0.03637551,-0.24795640,0.02538275,-0.03637551,-167.8006,4613.0103,OK,0.0000,6.7120,4.0000,96.0000,AG03-UNRESOLVED,ALL5_LEVELS_bet23_to_bet27,6.7120,6.7120,6.7120,6.7120,6.7120,4.000000,4.000000,4.000000,4.000000,4.000000,96.000000,96.000000,96.000000,96.000000,96.000000,5.0,33.5601,30.9806,134.2405,136.82,PENDING_AG03,FALSE,NOT_FOR_ENFORCEMENT,161.0886,4292.9419,167.8006,161.0886,6.7120,0.03637551,0.03492049,6.7120,161.0886,0.03492049,6.7120,6.7120,6.7120,6.7120,6.7120,161.0886,0.03492049,33.5601,30.9806,134.2405,136.82,0.02910041,0.0296596,0.00145502,2.7722,4.0214,0.1509,4.5352,0.7841,124.6760,30.0541,2.5927,2.8294,2.5818,2.5946,2.5946,2.6176,5.1431,5.2352,2.5946,-2.5818,1.982256,2.017747,1.068477,14,72,7,8,0.22594003,0.03637551,0.24795640,0E-8,0.000000,0.969392,0.011418,-0.27333915,2026-03-28,2026-07-27,37,214,160,122,0.303279,0.916330,0.935234,0.753133,,,,,,,,GLOBAL_BASELINE_NO_ENTITY_RANKING,,,NOT_APPLICABLE_GLOBAL_BASELINE,HF9g-P5,,,,X 全窗基线 · 不参与实体赏罚,6870055,688,A168_HF9F_20260827_0900,2026-08-27 09:00:00
2026-07-09,144397996,1094,0,5.1635556244,-5.1635556244,-5.1635556244,0E-7,2,1,0.07469835000000000,0.074698350000,-0.2841278703448948,-0.28412787034489473,-0.2841278703448948,0E-17,ELIGIBLE,R03b_20260811_FULL_v1,L1_ELIGIBILITY,v2026-08-11,2026-03-21..2026-08-06,baccarat_bet02_101_all_pairs_incl_sentinel,round_win = game_pnl > 0 (decisive only),COMPATIBILITY_ONLY_NOT_PRODUCTION,4613.0103,4471.8145,167.8006,1664,1112,-0.03637551,-0.24795640,0.02538275,-0.03637551,-167.8006,4613.0103,OK,0.0000,6.7120,4.0000,96.0000,AG03-UNRESOLVED,ALL5_LEVELS_bet23_to_bet27,6.7120,6.7120,6.7120,6.7120,6.7120,4.000000,4.000000,4.000000,4.000000,4.000000,96.000000,96.000000,96.000000,96.000000,96.000000,5.0,33.5601,30.9806,134.2405,136.82,PENDING_AG03,FALSE,NOT_FOR_ENFORCEMENT,161.0886,4292.9419,167.8006,161.0886,6.7120,0.03637551,0.03492049,6.7120,161.0886,0.03492049,6.7120,6.7120,6.7120,6.7120,6.7120,161.0886,0.03492049,33.5601,30.9806,134.2405,136.82,0.02910041,0.0296596,0.00145502,2.7722,4.0214,0.1509,4.5352,0.7841,124.6760,30.0541,2.5927,2.8294,2.5818,2.5946,2.5946,2.6176,5.1431,5.2352,2.5946,-2.5818,1.982256,2.017747,1.068477,14,72,7,8,0.22594003,0.03637551,0.24795640,0E-8,0.000000,0.969392,0.011418,-0.27333915,2026-03-28,2026-07-27,37,214,160,122,0.303279,0.916330,0.935234,0.753133,,,,,,,,GLOBAL_BASELINE_NO_ENTITY_RANKING,,,NOT_APPLICABLE_GLOBAL_BASELINE,HF9g-P5,,,,X 全窗基线 · 不参与实体赏罚,6870056,688,A168_HF9F_20260827_0900,2026-08-27 09:00:00
2026-07-09,144397996,1490,0,23.2360003098,-23.2360003098,-23.2360003098,0E-7,9,5,0.06352566000000000,0.063525660000,-0.5823869758705202,-0.5823869758705202,-0.5823869758705202,0E-17,ELIGIBLE,R03b_20260811_FULL_v1,L1_ELIGIBILITY,v2026-08-11,2026-03-21..2026-08-06,baccarat_bet02_101_all_pairs_incl_sentinel,round_win = game_pnl > 0 (decisive only),COMPATIBILITY_ONLY_NOT_PRODUCTION,4613.0103,4471.8145,167.8006,1664,1112,-0.03637551,-0.24795640,0.02538275,-0.03637551,-167.8006,4613.0103,OK,0.0000,6.7120,4.0000,96.0000,AG03-UNRESOLVED,ALL5_LEVELS_bet23_to_bet27,6.7120,6.7120,6.7120,6.7120,6.7120,4.000000,4.000000,4.000000,4.000000,4.000000,96.000000,96.000000,96.000000,96.000000,96.000000,5.0,33.5601,30.9806,134.2405,136.82,PENDING_AG03,FALSE,NOT_FOR_ENFORCEMENT,161.0886,4292.9419,167.8006,161.0886,6.7120,0.03637551,0.03492049,6.7120,161.0886,0.03492049,6.7120,6.7120,6.7120,6.7120,6.7120,161.0886,0.03492049,33.5601,30.9806,134.2405,136.82,0.02910041,0.0296596,0.00145502,2.7722,4.0214,0.1509,4.5352,0.7841,124.6760,30.0541,2.5927,2.8294,2.5818,2.5946,2.5946,2.6176,5.1431,5.2352,2.5946,-2.5818,1.982256,2.017747,1.068477,14,72,7,8,0.22594003,0.03637551,0.24795640,0E-8,0.000000,0.969392,0.011418,-0.27333915,2026-03-28,2026-07-27,37,214,160,122,0.303279,0.916330,0.935234,0.753133,,,,,,,,GLOBAL_BASELINE_NO_ENTITY_RANKING,,,NOT_APPLICABLE_GLOBAL_BASELINE,HF9g-P5,,,,X 全窗基线 · 不参与实体赏罚,6870057,688,A168_HF9F_20260827_0900,2026-08-27 09:00:00
2026-07-09,144397996,1985,0,41.3084449952,-41.3084449952,-41.3084449952,0E-7,16,8,0.07469835000000000,0.074698350000,-0.8036349753798689,-0.8036349753798688,-0.8036349753798689,0E-17,ELIGIBLE,R03b_20260811_FULL_v1,L1_ELIGIBILITY,v2026-08-11,2026-03-21..2026-08-06,baccarat_bet02_101_all_pairs_incl_sentinel,round_win = game_pnl > 0 (decisive only),COMPATIBILITY_ONLY_NOT_PRODUCTION,4613.0103,4471.8145,167.8006,1664,1112,-0.03637551,-0.24795640,0.02538275,-0.03637551,-167.8006,4613.0103,OK,0.0000,6.7120,4.0000,96.0000,AG03-UNRESOLVED,ALL5_LEVELS_bet23_to_bet27,6.7120,6.7120,6.7120,6.7120,6.7120,4.000000,4.000000,4.000000,4.000000,4.000000,96.000000,96.000000,96.000000,96.000000,96.000000,5.0,33.5601,30.9806,134.2405,136.82,PENDING_AG03,FALSE,NOT_FOR_ENFORCEMENT,161.0886,4292.9419,167.8006,161.0886,6.7120,0.03637551,0.03492049,6.7120,161.0886,0.03492049,6.7120,6.7120,6.7120,6.7120,6.7120,161.0886,0.03492049,33.5601,30.9806,134.2405,136.82,0.02910041,0.0296596,0.00145502,2.7722,4.0214,0.1509,4.5352,0.7841,124.6760,30.0541,2.5927,2.8294,2.5818,2.5946,2.5946,2.6176,5.1431,5.2352,2.5946,-2.5818,1.982256,2.017747,1.068477,14,72,7,8,0.22594003,0.03637551,0.24795640,0E-8,0.000000,0.969392,0.011418,-0.27333915,2026-03-28,2026-07-27,37,214,160,122,0.303279,0.916330,0.935234,0.753133,,,,,,,,GLOBAL_BASELINE_NO_ENTITY_RANKING,,,NOT_APPLICABLE_GLOBAL_BASELINE,HF9g-P5,,,,X 全窗基线 · 不参与实体赏罚,6870058,688,A168_HF9F_20260827_0900,2026-08-27 09:00:00
2026-07-09,144397996,1990,0,18.8469780291,-18.8469780291,-18.8469780291,0E-7,7,6,0.02814573695652175,0.028145475000,-0.41685149696362434,-0.4168495009305229,-0.41685149696362434,2.6195652175E-7,ELIGIBLE,R03b_20260811_FULL_v1,L1_ELIGIBILITY,v2026-08-11,2026-03-21..2026-08-06,baccarat_bet02_101_all_pairs_incl_sentinel,round_win = game_pnl > 0 (decisive only),COMPATIBILITY_ONLY_NOT_PRODUCTION,4613.0103,4471.8145,167.8006,1664,1112,-0.03637551,-0.24795640,0.02538275,-0.03637551,-167.8006,4613.0103,OK,0.0000,6.7120,4.0000,96.0000,AG03-UNRESOLVED,ALL5_LEVELS_bet23_to_bet27,6.7120,6.7120,6.7120,6.7120,6.7120,4.000000,4.000000,4.000000,4.000000,4.000000,96.000000,96.000000,96.000000,96.000000,96.000000,5.0,33.5601,30.9806,134.2405,136.82,PENDING_AG03,FALSE,NOT_FOR_ENFORCEMENT,161.0886,4292.9419,167.8006,161.0886,6.7120,0.03637551,0.03492049,6.7120,161.0886,0.03492049,6.7120,6.7120,6.7120,6.7120,6.7120,161.0886,0.03492049,33.5601,30.9806,134.2405,136.82,0.02910041,0.0296596,0.00145502,2.7722,4.0214,0.1509,4.5352,0.7841,124.6760,30.0541,2.5927,2.8294,2.5818,2.5946,2.5946,2.6176,5.1431,5.2352,2.5946,-2.5818,1.982256,2.017747,1.068477,14,72,7,8,0.22594003,0.03637551,0.24795640,0E-8,0.000000,0.969392,0.011418,-0.27333915,2026-03-28,2026-07-27,37,214,160,122,0.303279,0.916330,0.935234,0.753133,,,,,,,,GLOBAL_BASELINE_NO_ENTITY_RANKING,,,NOT_APPLICABLE_GLOBAL_BASELINE,HF9g-P5,,,,X 全窗基线 · 不参与实体赏罚,6870059,688,A168_HF9F_20260827_0900,2026-08-27 09:00:00
2026-07-09,144397996,2106,0,33.5631115586,-2.5817778122,-2.5817778122,0.1428571,13,7,0.13449080000000000,0.134490800000,0.06487876069712728,0.06487876069712728,0.06487876069712728,0E-17,ELIGIBLE,R03b_20260811_FULL_v1,L1_ELIGIBILITY,v2026-08-11,2026-03-21..2026-08-06,baccarat_bet02_101_all_pairs_incl_sentinel,round_win = game_pnl > 0 (decisive only),COMPATIBILITY_ONLY_NOT_PRODUCTION,4613.0103,4471.8145,167.8006,1664,1112,-0.03637551,-0.24795640,0.02538275,-0.03637551,-167.8006,4613.0103,OK,0.0000,6.7120,4.0000,96.0000,AG03-UNRESOLVED,ALL5_LEVELS_bet23_to_bet27,6.7120,6.7120,6.7120,6.7120,6.7120,4.000000,4.000000,4.000000,4.000000,4.000000,96.000000,96.000000,96.000000,96.000000,96.000000,5.0,33.5601,30.9806,134.2405,136.82,PENDING_AG03,FALSE,NOT_FOR_ENFORCEMENT,161.0886,4292.9419,167.8006,161.0886,6.7120,0.03637551,0.03492049,6.7120,161.0886,0.03492049,6.7120,6.7120,6.7120,6.7120,6.7120,161.0886,0.03492049,33.5601,30.9806,134.2405,136.82,0.02910041,0.0296596,0.00145502,2.7722,4.0214,0.1509,4.5352,0.7841,124.6760,30.0541,2.5927,2.8294,2.5818,2.5946,2.5946,2.6176,5.1431,5.2352,2.5946,-2.5818,1.982256,2.017747,1.068477,14,72,7,8,0.22594003,0.03637551,0.24795640,0E-8,0.000000,0.969392,0.011418,-0.27333915,2026-03-28,2026-07-27,37,214,160,122,0.303279,0.916330,0.935234,0.753133,,,,,,,,GLOBAL_BASELINE_NO_ENTITY_RANKING,,,NOT_APPLICABLE_GLOBAL_BASELINE,HF9g-P5,,,,X 全窗基线 · 不参与实体赏罚,6870060,688,A168_HF9F_20260827_0900,2026-08-27 09:00:00
2026-07-09,144397996,2115,0,15.4906668732,15.4906668732,15.4906668732,0.3333333,6,3,0.07469835000000000,0.074698350000,1.7039259710322208,1.7039259710322208,1.7039259710322208,0E-17,ELIGIBLE,R03b_20260811_FULL_v1,L1_ELIGIBILITY,v2026-08-11,2026-03-21..2026-08-06,baccarat_bet02_101_all_pairs_incl_sentinel,round_win = game_pnl > 0 (decisive only),COMPATIBILITY_ONLY_NOT_PRODUCTION,4613.0103,4471.8145,167.8006,1664,1112,-0.03637551,-0.24795640,0.02538275,-0.03637551,-167.8006,4613.0103,OK,0.0000,6.7120,4.0000,96.0000,AG03-UNRESOLVED,ALL5_LEVELS_bet23_to_bet27,6.7120,6.7120,6.7120,6.7120,6.7120,4.000000,4.000000,4.000000,4.000000,4.000000,96.000000,96.000000,96.000000,96.000000,96.000000,5.0,33.5601,30.9806,134.2405,136.82,PENDING_AG03,FALSE,NOT_FOR_ENFORCEMENT,161.0886,4292.9419,167.8006,161.0886,6.7120,0.03637551,0.03492049,6.7120,161.0886,0.03492049,6.7120,6.7120,6.7120,6.7120,6.7120,161.0886,0.03492049,33.5601,30.9806,134.2405,136.82,0.02910041,0.0296596,0.00145502,2.7722,4.0214,0.1509,4.5352,0.7841,124.6760,30.0541,2.5927,2.8294,2.5818,2.5946,2.5946,2.6176,5.1431,5.2352,2.5946,-2.5818,1.982256,2.017747,1.068477,14,72,7,8,0.22594003,0.03637551,0.24795640,0E-8,0.000000,0.969392,0.011418,-0.27333915,2026-03-28,2026-07-27,37,214,160,122,0.303279,0.916330,0.935234,0.753133,,,,,,,,GLOBAL_BASELINE_NO_ENTITY_RANKING,,,NOT_APPLICABLE_GLOBAL_BASELINE,HF9g-P5,,,,X 全窗基线 · 不参与实体赏罚,6870061,688,A168_HF9F_20260827_0900,2026-08-27 09:00:00
2026-07-09,144397996,2167,0,10.3271112488,-10.3271112488,-10.3271112488,0E-7,4,2,0.07469835000000000,0.074698350000,-0.40181748768993447,-0.4018174876899344,-0.40181748768993447,0E-17,ELIGIBLE,R03b_20260811_FULL_v1,L1_ELIGIBILITY,v2026-08-11,2026-03-21..2026-08-06,baccarat_bet02_101_all_pairs_incl_sentinel,round_win = game_pnl > 0 (decisive only),COMPATIBILITY_ONLY_NOT_PRODUCTION,4613.0103,4471.8145,167.8006,1664,1112,-0.03637551,-0.24795640,0.02538275,-0.03637551,-167.8006,4613.0103,OK,0.0000,6.7120,4.0000,96.0000,AG03-UNRESOLVED,ALL5_LEVELS_bet23_to_bet27,6.7120,6.7120,6.7120,6.7120,6.7120,4.000000,4.000000,4.000000,4.000000,4.000000,96.000000,96.000000,96.000000,96.000000,96.000000,5.0,33.5601,30.9806,134.2405,136.82,PENDING_AG03,FALSE,NOT_FOR_ENFORCEMENT,161.0886,4292.9419,167.8006,161.0886,6.7120,0.03637551,0.03492049,6.7120,161.0886,0.03492049,6.7120,6.7120,6.7120,6.7120,6.7120,161.0886,0.03492049,33.5601,30.9806,134.2405,136.82,0.02910041,0.0296596,0.00145502,2.7722,4.0214,0.1509,4.5352,0.7841,124.6760,30.0541,2.5927,2.8294,2.5818,2.5946,2.5946,2.6176,5.1431,5.2352,2.5946,-2.5818,1.982256,2.017747,1.068477,14,72,7,8,0.22594003,0.03637551,0.24795640,0E-8,0.000000,0.969392,0.011418,-0.27333915,2026-03-28,2026-07-27,37,214,160,122,0.303279,0.916330,0.935234,0.753133,,,,,,,,GLOBAL_BASELINE_NO_ENTITY_RANKING,,,NOT_APPLICABLE_GLOBAL_BASELINE,HF9g-P5,,,,X 全窗基线 · 不参与实体赏罚,6870062,688,A168_HF9F_20260827_0900,2026-08-27 09:00:00
2026-07-09,144397996,2261,0,25.8177781220,5.1635556244,5.1635556244,0.2000000,10,5,0.07042401000000000,0.070424010000,1.1324178689232305,1.1324178689232305,1.1324178689232305,0E-17,ELIGIBLE,R03b_20260811_FULL_v1,L1_ELIGIBILITY,v2026-08-11,2026-03-21..2026-08-06,baccarat_bet02_101_all_pairs_incl_sentinel,round_win = game_pnl > 0 (decisive only),COMPATIBILITY_ONLY_NOT_PRODUCTION,4613.0103,4471.8145,167.8006,1664,1112,-0.03637551,-0.24795640,0.02538275,-0.03637551,-167.8006,4613.0103,OK,0.0000,6.7120,4.0000,96.0000,AG03-UNRESOLVED,ALL5_LEVELS_bet23_to_bet27,6.7120,6.7120,6.7120,6.7120,6.7120,4.000000,4.000000,4.000000,4.000000,4.000000,96.000000,96.000000,96.000000,96.000000,96.000000,5.0,33.5601,30.9806,134.2405,136.82,PENDING_AG03,FALSE,NOT_FOR_ENFORCEMENT,161.0886,4292.9419,167.8006,161.0886,6.7120,0.03637551,0.03492049,6.7120,161.0886,0.03492049,6.7120,6.7120,6.7120,6.7120,6.7120,161.0886,0.03492049,33.5601,30.9806,134.2405,136.82,0.02910041,0.0296596,0.00145502,2.7722,4.0214,0.1509,4.5352,0.7841,124.6760,30.0541,2.5927,2.8294,2.5818,2.5946,2.5946,2.6176,5.1431,5.2352,2.5946,-2.5818,1.982256,2.017747,1.068477,14,72,7,8,0.22594003,0.03637551,0.24795640,0E-8,0.000000,0.969392,0.011418,-0.27333915,2026-03-28,2026-07-27,37,214,160,122,0.303279,0.916330,0.935234,0.753133,,,,,,,,GLOBAL_BASELINE_NO_ENTITY_RANKING,,,NOT_APPLICABLE_GLOBAL_BASELINE,HF9g-P5,,,,X 全窗基线 · 不参与实体赏罚,6870063,688,A168_HF9F_20260827_0900,2026-08-27 09:00:00
2026-07-09,144397996,2271,0,15.4906668732,15.4906668732,15.4906668732,0.3333333,6,3,0.07469835000000000,0.074698350000,1.7039259710322208,1.7039259710322208,1.7039259710322208,0E-17,ELIGIBLE,R03b_20260811_FULL_v1,L1_ELIGIBILITY,v2026-08-11,2026-03-21..2026-08-06,baccarat_bet02_101_all_pairs_incl_sentinel,round_win = game_pnl > 0 (decisive only),COMPATIBILITY_ONLY_NOT_PRODUCTION,4613.0103,4471.8145,167.8006,1664,1112,-0.03637551,-0.24795640,0.02538275,-0.03637551,-167.8006,4613.0103,OK,0.0000,6.7120,4.0000,96.0000,AG03-UNRESOLVED,ALL5_LEVELS_bet23_to_bet27,6.7120,6.7120,6.7120,6.7120,6.7120,4.000000,4.000000,4.000000,4.000000,4.000000,96.000000,96.000000,96.000000,96.000000,96.000000,5.0,33.5601,30.9806,134.2405,136.82,PENDING_AG03,FALSE,NOT_FOR_ENFORCEMENT,161.0886,4292.9419,167.8006,161.0886,6.7120,0.03637551,0.03492049,6.7120,161.0886,0.03492049,6.7120,6.7120,6.7120,6.7120,6.7120,161.0886,0.03492049,33.5601,30.9806,134.2405,136.82,0.02910041,0.0296596,0.00145502,2.7722,4.0214,0.1509,4.5352,0.7841,124.6760,30.0541,2.5927,2.8294,2.5818,2.5946,2.5946,2.6176,5.1431,5.2352,2.5946,-2.5818,1.982256,2.017747,1.068477,14,72,7,8,0.22594003,0.03637551,0.24795640,0E-8,0.000000,0.969392,0.011418,-0.27333915,2026-03-28,2026-07-27,37,214,160,122,0.303279,0.916330,0.935234,0.753133,,,,,,,,GLOBAL_BASELINE_NO_ENTITY_RANKING,,,NOT_APPLICABLE_GLOBAL_BASELINE,HF9g-P5,,,,X 全窗基线 · 不参与实体赏罚,6870064,688,A168_HF9F_20260827_0900,2026-08-27 09:00:00
2026-07-09,144397996,987,0,12.9088890610,-12.9088890610,-12.9088890610,0E-7,5,2,0.06538777500000000,0.065387775000,-0.37406540848963554,-0.37406540848963554,-0.37406540848963554,0E-17,ELIGIBLE,R03b_20260811_FULL_v1,L1_ELIGIBILITY,v2026-08-11,2026-03-21..2026-08-06,baccarat_bet02_101_all_pairs_incl_sentinel,round_win = game_pnl > 0 (decisive only),COMPATIBILITY_ONLY_NOT_PRODUCTION,4613.0103,4471.8145,167.8006,1664,1112,-0.03637551,-0.24795640,0.02538275,-0.03637551,-167.8006,4613.0103,OK,0.0000,6.7120,4.0000,96.0000,AG03-UNRESOLVED,ALL5_LEVELS_bet23_to_bet27,6.7120,6.7120,6.7120,6.7120,6.7120,4.000000,4.000000,4.000000,4.000000,4.000000,96.000000,96.000000,96.000000,96.000000,96.000000,5.0,33.5601,30.9806,134.2405,136.82,PENDING_AG03,FALSE,NOT_FOR_ENFORCEMENT,161.0886,4292.9419,167.8006,161.0886,6.7120,0.03637551,0.03492049,6.7120,161.0886,0.03492049,6.7120,6.7120,6.7120,6.7120,6.7120,161.0886,0.03492049,33.5601,30.9806,134.2405,136.82,0.02910041,0.0296596,0.00145502,2.7722,4.0214,0.1509,4.5352,0.7841,124.6760,30.0541,2.5927,2.8294,2.5818,2.5946,2.5946,2.6176,5.1431,5.2352,2.5946,-2.5818,1.982256,2.017747,1.068477,14,72,7,8,0.22594003,0.03637551,0.24795640,0E-8,0.000000,0.969392,0.011418,-0.27333915,2026-03-28,2026-07-27,37,214,160,122,0.303279,0.916330,0.935234,0.753133,,,,,,,,GLOBAL_BASELINE_NO_ENTITY_RANKING,,,NOT_APPLICABLE_GLOBAL_BASELINE,HF9g-P5,,,,X 全窗基线 · 不参与实体赏罚,6870065,688,A168_HF9F_20260827_0900,2026-08-27 09:00:00
2026-07-14,144397996,1157,0,7.7453334366,-7.7453334366,-7.7453334366,0E-7,3,2,0.07114242500000000,0.071142425000,-0.3913855312278758,-0.39138553122787584,-0.3913855312278758,0E-17,ELIGIBLE,R03b_20260811_FULL_v1,L1_ELIGIBILITY,v2026-08-11,2026-03-21..2026-08-06,baccarat_bet02_101_all_pairs_incl_sentinel,round_win = game_pnl > 0 (decisive only),COMPATIBILITY_ONLY_NOT_PRODUCTION,4613.0103,4471.8145,167.8006,1664,1112,-0.03637551,-0.24795640,0.02538275,-0.03637551,-167.8006,4613.0103,OK,0.0000,6.7120,4.0000,96.0000,AG03-UNRESOLVED,ALL5_LEVELS_bet23_to_bet27,6.7120,6.7120,6.7120,6.7120,6.7120,4.000000,4.000000,4.000000,4.000000,4.000000,96.000000,96.000000,96.000000,96.000000,96.000000,5.0,33.5601,30.9806,134.2405,136.82,PENDING_AG03,FALSE,NOT_FOR_ENFORCEMENT,161.0886,4292.9419,167.8006,161.0886,6.7120,0.03637551,0.03492049,6.7120,161.0886,0.03492049,6.7120,6.7120,6.7120,6.7120,6.7120,161.0886,0.03492049,33.5601,30.9806,134.2405,136.82,0.02910041,0.0296596,0.00145502,2.7722,4.0214,0.1509,4.5352,0.7841,124.6760,30.0541,2.5927,2.8294,2.5818,2.5946,2.5946,2.6176,5.1431,5.2352,2.5946,-2.5818,1.982256,2.017747,1.068477,14,72,7,8,0.22594003,0.03637551,0.24795640,0E-8,0.000000,0.969392,0.011418,-0.27333915,2026-03-28,2026-07-27,37,214,160,122,0.303279,0.916330,0.935234,0.753133,,,,,,,,GLOBAL_BASELINE_NO_ENTITY_RANKING,,,NOT_APPLICABLE_GLOBAL_BASELINE,HF9g-P5,,,,X 全窗基线 · 不参与实体赏罚,6870066,688,A168_HF9F_20260827_0900,2026-08-27 09:00:00
2026-07-14,144397996,1353,0,10.3271112488,-10.3271112488,-10.3271112488,0E-7,4,2,0.07469835000000000,0.074698350000,-0.40181748768993447,-0.4018174876899344,-0.40181748768993447,0E-17,ELIGIBLE,R03b_20260811_FULL_v1,L1_ELIGIBILITY,v2026-08-11,2026-03-21..2026-08-06,baccarat_bet02_101_all_pairs_incl_sentinel,round_win = game_pnl > 0 (decisive only),COMPATIBILITY_ONLY_NOT_PRODUCTION,4613.0103,4471.8145,167.8006,1664,1112,-0.03637551,-0.24795640,0.02538275,-0.03637551,-167.8006,4613.0103,OK,0.0000,6.7120,4.0000,96.0000,AG03-UNRESOLVED,ALL5_LEVELS_bet23_to_bet27,6.7120,6.7120,6.7120,6.7120,6.7120,4.000000,4.000000,4.000000,4.000000,4.000000,96.000000,96.000000,96.000000,96.000000,96.000000,5.0,33.5601,30.9806,134.2405,136.82,PENDING_AG03,FALSE,NOT_FOR_ENFORCEMENT,161.0886,4292.9419,167.8006,161.0886,6.7120,0.03637551,0.03492049,6.7120,161.0886,0.03492049,6.7120,6.7120,6.7120,6.7120,6.7120,161.0886,0.03492049,33.5601,30.9806,134.2405,136.82,0.02910041,0.0296596,0.00145502,2.7722,4.0214,0.1509,4.5352,0.7841,124.6760,30.0541,2.5927,2.8294,2.5818,2.5946,2.5946,2.6176,5.1431,5.2352,2.5946,-2.5818,1.982256,2.017747,1.068477,14,72,7,8,0.22594003,0.03637551,0.24795640,0E-8,0.000000,0.969392,0.011418,-0.27333915,2026-03-28,2026-07-27,37,214,160,122,0.303279,0.916330,0.935234,0.753133,,,,,,,,GLOBAL_BASELINE_NO_ENTITY_RANKING,,,NOT_APPLICABLE_GLOBAL_BASELINE,HF9g-P5,,,,X 全窗基线 · 不参与实体赏罚,6870067,688,A168_HF9F_20260827_0900,2026-08-27 09:00:00
2026-07-14,144397996,1382,0,5.1635556244,25.8177781220,25.8177781220,1.0000000,2,1,0.07469835000000000,0.074698350000,3.519542094853731,3.51954209485373,3.519542094853731,0E-17,ELIGIBLE,R03b_20260811_FULL_v1,L1_ELIGIBILITY,v2026-08-11,2026-03-21..2026-08-06,baccarat_bet02_101_all_pairs_incl_sentinel,round_win = game_pnl > 0 (decisive only),COMPATIBILITY_ONLY_NOT_PRODUCTION,4613.0103,4471.8145,167.8006,1664,1112,-0.03637551,-0.24795640,0.02538275,-0.03637551,-167.8006,4613.0103,OK,0.0000,6.7120,4.0000,96.0000,AG03-UNRESOLVED,ALL5_LEVELS_bet23_to_bet27,6.7120,6.7120,6.7120,6.7120,6.7120,4.000000,4.000000,4.000000,4.000000,4.000000,96.000000,96.000000,96.000000,96.000000,96.000000,5.0,33.5601,30.9806,134.2405,136.82,PENDING_AG03,FALSE,NOT_FOR_ENFORCEMENT,161.0886,4292.9419,167.8006,161.0886,6.7120,0.03637551,0.03492049,6.7120,161.0886,0.03492049,6.7120,6.7120,6.7120,6.7120,6.7120,161.0886,0.03492049,33.5601,30.9806,134.2405,136.82,0.02910041,0.0296596,0.00145502,2.7722,4.0214,0.1509,4.5352,0.7841,124.6760,30.0541,2.5927,2.8294,2.5818,2.5946,2.5946,2.6176,5.1431,5.2352,2.5946,-2.5818,1.982256,2.017747,1.068477,14,72,7,8,0.22594003,0.03637551,0.24795640,0E-8,0.000000,0.969392,0.011418,-0.27333915,2026-03-28,2026-07-27,37,214,160,122,0.303279,0.916330,0.935234,0.753133,,,,,,,,GLOBAL_BASELINE_NO_ENTITY_RANKING,,,NOT_APPLICABLE_GLOBAL_BASELINE,HF9g-P5,,,,X 全窗基线 · 不参与实体赏罚,6870068,688,A168_HF9F_20260827_0900,2026-08-27 09:00:00
2026-07-14,144397996,1385,0,2.5817778122,-2.5817778122,-2.5817778122,0E-7,1,1,0.09460280000000000,0.094602800000,-0.32324545095860213,-0.32324545095860213,-0.32324545095860213,0E-17,ELIGIBLE,R03b_20260811_FULL_v1,L1_ELIGIBILITY,v2026-08-11,2026-03-21..2026-08-06,baccarat_bet02_101_all_pairs_incl_sentinel,round_win = game_pnl > 0 (decisive only),COMPATIBILITY_ONLY_NOT_PRODUCTION,4613.0103,4471.8145,167.8006,1664,1112,-0.03637551,-0.24795640,0.02538275,-0.03637551,-167.8006,4613.0103,OK,0.0000,6.7120,4.0000,96.0000,AG03-UNRESOLVED,ALL5_LEVELS_bet23_to_bet27,6.7120,6.7120,6.7120,6.7120,6.7120,4.000000,4.000000,4.000000,4.000000,4.000000,96.000000,96.000000,96.000000,96.000000,96.000000,5.0,33.5601,30.9806,134.2405,136.82,PENDING_AG03,FALSE,NOT_FOR_ENFORCEMENT,161.0886,4292.9419,167.8006,161.0886,6.7120,0.03637551,0.03492049,6.7120,161.0886,0.03492049,6.7120,6.7120,6.7120,6.7120,6.7120,161.0886,0.03492049,33.5601,30.9806,134.2405,136.82,0.02910041,0.0296596,0.00145502,2.7722,4.0214,0.1509,4.5352,0.7841,124.6760,30.0541,2.5927,2.8294,2.5818,2.5946,2.5946,2.6176,5.1431,5.2352,2.5946,-2.5818,1.982256,2.017747,1.068477,14,72,7,8,0.22594003,0.03637551,0.24795640,0E-8,0.000000,0.969392,0.011418,-0.27333915,2026-03-28,2026-07-27,37,214,160,122,0.303279,0.916330,0.935234,0.753133,,,,,,,,GLOBAL_BASELINE_NO_ENTITY_RANKING,,,NOT_APPLICABLE_GLOBAL_BASELINE,HF9g-P5,,,,X 全窗基线 · 不参与实体赏罚,6870069,688,A168_HF9F_20260827_0900,2026-08-27 09:00:00
2026-07-14,144397996,1399,0,5.1635556244,-5.1635556244,-5.1635556244,0E-7,2,1,0.07469835000000000,0.074698350000,-0.2841278703448948,-0.28412787034489473,-0.2841278703448948,0E-17,ELIGIBLE,R03b_20260811_FULL_v1,L1_ELIGIBILITY,v2026-08-11,2026-03-21..2026-08-06,baccarat_bet02_101_all_pairs_incl_sentinel,round_win = game_pnl > 0 (decisive only),COMPATIBILITY_ONLY_NOT_PRODUCTION,4613.0103,4471.8145,167.8006,1664,1112,-0.03637551,-0.24795640,0.02538275,-0.03637551,-167.8006,4613.0103,OK,0.0000,6.7120,4.0000,96.0000,AG03-UNRESOLVED,ALL5_LEVELS_bet23_to_bet27,6.7120,6.7120,6.7120,6.7120,6.7120,4.000000,4.000000,4.000000,4.000000,4.000000,96.000000,96.000000,96.000000,96.000000,96.000000,5.0,33.5601,30.9806,134.2405,136.82,PENDING_AG03,FALSE,NOT_FOR_ENFORCEMENT,161.0886,4292.9419,167.8006,161.0886,6.7120,0.03637551,0.03492049,6.7120,161.0886,0.03492049,6.7120,6.7120,6.7120,6.7120,6.7120,161.0886,0.03492049,33.5601,30.9806,134.2405,136.82,0.02910041,0.0296596,0.00145502,2.7722,4.0214,0.1509,4.5352,0.7841,124.6760,30.0541,2.5927,2.8294,2.5818,2.5946,2.5946,2.6176,5.1431,5.2352,2.5946,-2.5818,1.982256,2.017747,1.068477,14,72,7,8,0.22594003,0.03637551,0.24795640,0E-8,0.000000,0.969392,0.011418,-0.27333915,2026-03-28,2026-07-27,37,214,160,122,0.303279,0.916330,0.935234,0.753133,,,,,,,,GLOBAL_BASELINE_NO_ENTITY_RANKING,,,NOT_APPLICABLE_GLOBAL_BASELINE,HF9g-P5,,,,X 全窗基线 · 不参与实体赏罚,6870070,688,A168_HF9F_20260827_0900,2026-08-27 09:00:00
2026-07-14,144397996,1405,0,49.0537784318,-18.0724446854,-18.0724446854,0.1000000,19,10,0.11789358500000000,0.117893585000,-0.17546551819901193,-0.17546551819901193,-0.17546551819901193,0E-17,ELIGIBLE,R03b_20260811_FULL_v1,L1_ELIGIBILITY,v2026-08-11,2026-03-21..2026-08-06,baccarat_bet02_101_all_pairs_incl_sentinel,round_win = game_pnl > 0 (decisive only),COMPATIBILITY_ONLY_NOT_PRODUCTION,4613.0103,4471.8145,167.8006,1664,1112,-0.03637551,-0.24795640,0.02538275,-0.03637551,-167.8006,4613.0103,OK,0.0000,6.7120,4.0000,96.0000,AG03-UNRESOLVED,ALL5_LEVELS_bet23_to_bet27,6.7120,6.7120,6.7120,6.7120,6.7120,4.000000,4.000000,4.000000,4.000000,4.000000,96.000000,96.000000,96.000000,96.000000,96.000000,5.0,33.5601,30.9806,134.2405,136.82,PENDING_AG03,FALSE,NOT_FOR_ENFORCEMENT,161.0886,4292.9419,167.8006,161.0886,6.7120,0.03637551,0.03492049,6.7120,161.0886,0.03492049,6.7120,6.7120,6.7120,6.7120,6.7120,161.0886,0.03492049,33.5601,30.9806,134.2405,136.82,0.02910041,0.0296596,0.00145502,2.7722,4.0214,0.1509,4.5352,0.7841,124.6760,30.0541,2.5927,2.8294,2.5818,2.5946,2.5946,2.6176,5.1431,5.2352,2.5946,-2.5818,1.982256,2.017747,1.068477,14,72,7,8,0.22594003,0.03637551,0.24795640,0E-8,0.000000,0.969392,0.011418,-0.27333915,2026-03-28,2026-07-27,37,214,160,122,0.303279,0.916330,0.935234,0.753133,,,,,,,,GLOBAL_BASELINE_NO_ENTITY_RANKING,,,NOT_APPLICABLE_GLOBAL_BASELINE,HF9g-P5,,,,X 全窗基线 · 不参与实体赏罚,6870071,688,A168_HF9F_20260827_0900,2026-08-27 09:00:00
2026-07-14,144397996,1485,0,12.9088890610,18.0724446854,18.0724446854,0.3333333,5,3,0.07469433333333333,0.074694333333,1.7039945491439101,1.7039945491496011,1.7039945491439101,3.3333E-13,ELIGIBLE,R03b_20260811_FULL_v1,L1_ELIGIBILITY,v2026-08-11,2026-03-21..2026-08-06,baccarat_bet02_101_all_pairs_incl_sentinel,round_win = game_pnl > 0 (decisive only),COMPATIBILITY_ONLY_NOT_PRODUCTION,4613.0103,4471.8145,167.8006,1664,1112,-0.03637551,-0.24795640,0.02538275,-0.03637551,-167.8006,4613.0103,OK,0.0000,6.7120,4.0000,96.0000,AG03-UNRESOLVED,ALL5_LEVELS_bet23_to_bet27,6.7120,6.7120,6.7120,6.7120,6.7120,4.000000,4.000000,4.000000,4.000000,4.000000,96.000000,96.000000,96.000000,96.000000,96.000000,5.0,33.5601,30.9806,134.2405,136.82,PENDING_AG03,FALSE,NOT_FOR_ENFORCEMENT,161.0886,4292.9419,167.8006,161.0886,6.7120,0.03637551,0.03492049,6.7120,161.0886,0.03492049,6.7120,6.7120,6.7120,6.7120,6.7120,161.0886,0.03492049,33.5601,30.9806,134.2405,136.82,0.02910041,0.0296596,0.00145502,2.7722,4.0214,0.1509,4.5352,0.7841,124.6760,30.0541,2.5927,2.8294,2.5818,2.5946,2.5946,2.6176,5.1431,5.2352,2.5946,-2.5818,1.982256,2.017747,1.068477,14,72,7,8,0.22594003,0.03637551,0.24795640,0E-8,0.000000,0.969392,0.011418,-0.27333915,2026-03-28,2026-07-27,37,214,160,122,0.303279,0.916330,0.935234,0.753133,,,,,,,,GLOBAL_BASELINE_NO_ENTITY_RANKING,,,NOT_APPLICABLE_GLOBAL_BASELINE,HF9g-P5,,,,X 全窗基线 · 不参与实体赏罚,6870072,688,A168_HF9F_20260827_0900,2026-08-27 09:00:00
2026-07-14,144397996,1509,0,5.1635556244,-5.1635556244,-5.1635556244,0E-7,2,1,0.07469835000000000,0.074698350000,-0.2841278703448948,-0.28412787034489473,-0.2841278703448948,0E-17,ELIGIBLE,R03b_20260811_FULL_v1,L1_ELIGIBILITY,v2026-08-11,2026-03-21..2026-08-06,baccarat_bet02_101_all_pairs_incl_sentinel,round_win = game_pnl > 0 (decisive only),COMPATIBILITY_ONLY_NOT_PRODUCTION,4613.0103,4471.8145,167.8006,1664,1112,-0.03637551,-0.24795640,0.02538275,-0.03637551,-167.8006,4613.0103,OK,0.0000,6.7120,4.0000,96.0000,AG03-UNRESOLVED,ALL5_LEVELS_bet23_to_bet27,6.7120,6.7120,6.7120,6.7120,6.7120,4.000000,4.000000,4.000000,4.000000,4.000000,96.000000,96.000000,96.000000,96.000000,96.000000,5.0,33.5601,30.9806,134.2405,136.82,PENDING_AG03,FALSE,NOT_FOR_ENFORCEMENT,161.0886,4292.9419,167.8006,161.0886,6.7120,0.03637551,0.03492049,6.7120,161.0886,0.03492049,6.7120,6.7120,6.7120,6.7120,6.7120,161.0886,0.03492049,33.5601,30.9806,134.2405,136.82,0.02910041,0.0296596,0.00145502,2.7722,4.0214,0.1509,4.5352,0.7841,124.6760,30.0541,2.5927,2.8294,2.5818,2.5946,2.5946,2.6176,5.1431,5.2352,2.5946,-2.5818,1.982256,2.017747,1.068477,14,72,7,8,0.22594003,0.03637551,0.24795640,0E-8,0.000000,0.969392,0.011418,-0.27333915,2026-03-28,2026-07-27,37,214,160,122,0.303279,0.916330,0.935234,0.753133,,,,,,,,GLOBAL_BASELINE_NO_ENTITY_RANKING,,,NOT_APPLICABLE_GLOBAL_BASELINE,HF9g-P5,,,,X 全窗基线 · 不参与实体赏罚,6870073,688,A168_HF9F_20260827_0900,2026-08-27 09:00:00
2026-07-14,144397996,1654,0,54.9918673999,78.2278677097,78.2278677097,0.3636364,21,11,0.07650798833992096,0.076507845455,3.5826344117800417,3.5826392629020507,3.5826344117800417,1.4288492096E-7,ELIGIBLE,R03b_20260811_FULL_v1,L1_ELIGIBILITY,v2026-08-11,2026-03-21..2026-08-06,baccarat_bet02_101_all_pairs_incl_sentinel,round_win = game_pnl > 0 (decisive only),COMPATIBILITY_ONLY_NOT_PRODUCTION,4613.0103,4471.8145,167.8006,1664,1112,-0.03637551,-0.24795640,0.02538275,-0.03637551,-167.8006,4613.0103,OK,0.0000,6.7120,4.0000,96.0000,AG03-UNRESOLVED,ALL5_LEVELS_bet23_to_bet27,6.7120,6.7120,6.7120,6.7120,6.7120,4.000000,4.000000,4.000000,4.000000,4.000000,96.000000,96.000000,96.000000,96.000000,96.000000,5.0,33.5601,30.9806,134.2405,136.82,PENDING_AG03,FALSE,NOT_FOR_ENFORCEMENT,161.0886,4292.9419,167.8006,161.0886,6.7120,0.03637551,0.03492049,6.7120,161.0886,0.03492049,6.7120,6.7120,6.7120,6.7120,6.7120,161.0886,0.03492049,33.5601,30.9806,134.2405,136.82,0.02910041,0.0296596,0.00145502,2.7722,4.0214,0.1509,4.5352,0.7841,124.6760,30.0541,2.5927,2.8294,2.5818,2.5946,2.5946,2.6176,5.1431,5.2352,2.5946,-2.5818,1.982256,2.017747,1.068477,14,72,7,8,0.22594003,0.03637551,0.24795640,0E-8,0.000000,0.969392,0.011418,-0.27333915,2026-03-28,2026-07-27,37,214,160,122,0.303279,0.916330,0.935234,0.753133,,,,,,,,GLOBAL_BASELINE_NO_ENTITY_RANKING,,,NOT_APPLICABLE_GLOBAL_BASELINE,HF9g-P5,,,,X 全窗基线 · 不参与实体赏罚,6870074,688,A168_HF9F_20260827_0900,2026-08-27 09:00:00
2026-07-14,144397996,1940,0,18.0724446854,12.9088890610,12.9088890610,0.2500000,7,4,0.07967446250000000,0.079674462500,1.2579965673306068,1.2579965673306068,1.2579965673306068,0E-17,ELIGIBLE,R03b_20260811_FULL_v1,L1_ELIGIBILITY,v2026-08-11,2026-03-21..2026-08-06,baccarat_bet02_101_all_pairs_incl_sentinel,round_win = game_pnl > 0 (decisive only),COMPATIBILITY_ONLY_NOT_PRODUCTION,4613.0103,4471.8145,167.8006,1664,1112,-0.03637551,-0.24795640,0.02538275,-0.03637551,-167.8006,4613.0103,OK,0.0000,6.7120,4.0000,96.0000,AG03-UNRESOLVED,ALL5_LEVELS_bet23_to_bet27,6.7120,6.7120,6.7120,6.7120,6.7120,4.000000,4.000000,4.000000,4.000000,4.000000,96.000000,96.000000,96.000000,96.000000,96.000000,5.0,33.5601,30.9806,134.2405,136.82,PENDING_AG03,FALSE,NOT_FOR_ENFORCEMENT,161.0886,4292.9419,167.8006,161.0886,6.7120,0.03637551,0.03492049,6.7120,161.0886,0.03492049,6.7120,6.7120,6.7120,6.7120,6.7120,161.0886,0.03492049,33.5601,30.9806,134.2405,136.82,0.02910041,0.0296596,0.00145502,2.7722,4.0214,0.1509,4.5352,0.7841,124.6760,30.0541,2.5927,2.8294,2.5818,2.5946,2.5946,2.6176,5.1431,5.2352,2.5946,-2.5818,1.982256,2.017747,1.068477,14,72,7,8,0.22594003,0.03637551,0.24795640,0E-8,0.000000,0.969392,0.011418,-0.27333915,2026-03-28,2026-07-27,37,214,160,122,0.303279,0.916330,0.935234,0.753133,,,,,,,,GLOBAL_BASELINE_NO_ENTITY_RANKING,,,NOT_APPLICABLE_GLOBAL_BASELINE,HF9g-P5,,,,X 全窗基线 · 不参与实体赏罚,6870075,688,A168_HF9F_20260827_0900,2026-08-27 09:00:00
2026-07-14,144397996,1942,0,30.9813337464,0E-10,0E-10,0.1666667,12,6,0.07469835000000000,0.074698350000,0.8568734567324316,0.8568734567324316,0.8568734567324316,0E-17,ELIGIBLE,R03b_20260811_FULL_v1,L1_ELIGIBILITY,v2026-08-11,2026-03-21..2026-08-06,baccarat_bet02_101_all_pairs_incl_sentinel,round_win = game_pnl > 0 (decisive only),COMPATIBILITY_ONLY_NOT_PRODUCTION,4613.0103,4471.8145,167.8006,1664,1112,-0.03637551,-0.24795640,0.02538275,-0.03637551,-167.8006,4613.0103,OK,0.0000,6.7120,4.0000,96.0000,AG03-UNRESOLVED,ALL5_LEVELS_bet23_to_bet27,6.7120,6.7120,6.7120,6.7120,6.7120,4.000000,4.000000,4.000000,4.000000,4.000000,96.000000,96.000000,96.000000,96.000000,96.000000,5.0,33.5601,30.9806,134.2405,136.82,PENDING_AG03,FALSE,NOT_FOR_ENFORCEMENT,161.0886,4292.9419,167.8006,161.0886,6.7120,0.03637551,0.03492049,6.7120,161.0886,0.03492049,6.7120,6.7120,6.7120,6.7120,6.7120,161.0886,0.03492049,33.5601,30.9806,134.2405,136.82,0.02910041,0.0296596,0.00145502,2.7722,4.0214,0.1509,4.5352,0.7841,124.6760,30.0541,2.5927,2.8294,2.5818,2.5946,2.5946,2.6176,5.1431,5.2352,2.5946,-2.5818,1.982256,2.017747,1.068477,14,72,7,8,0.22594003,0.03637551,0.24795640,0E-8,0.000000,0.969392,0.011418,-0.27333915,2026-03-28,2026-07-27,37,214,160,122,0.303279,0.916330,0.935234,0.753133,,,,,,,,GLOBAL_BASELINE_NO_ENTITY_RANKING,,,NOT_APPLICABLE_GLOBAL_BASELINE,HF9g-P5,,,,X 全窗基线 · 不参与实体赏罚,6870076,688,A168_HF9F_20260827_0900,2026-08-27 09:00:00
2026-07-14,144397996,2134,0,30.9813337464,-30.9813337464,-30.9813337464,0E-7,12,6,0.07469835000000000,0.074698350000,-0.6959683040486483,-0.6959683040486483,-0.6959683040486483,0E-17,ELIGIBLE,R03b_20260811_FULL_v1,L1_ELIGIBILITY,v2026-08-11,2026-03-21..2026-08-06,baccarat_bet02_101_all_pairs_incl_sentinel,round_win = game_pnl > 0 (decisive only),COMPATIBILITY_ONLY_NOT_PRODUCTION,4613.0103,4471.8145,167.8006,1664,1112,-0.03637551,-0.24795640,0.02538275,-0.03637551,-167.8006,4613.0103,OK,0.0000,6.7120,4.0000,96.0000,AG03-UNRESOLVED,ALL5_LEVELS_bet23_to_bet27,6.7120,6.7120,6.7120,6.7120,6.7120,4.000000,4.000000,4.000000,4.000000,4.000000,96.000000,96.000000,96.000000,96.000000,96.000000,5.0,33.5601,30.9806,134.2405,136.82,PENDING_AG03,FALSE,NOT_FOR_ENFORCEMENT,161.0886,4292.9419,167.8006,161.0886,6.7120,0.03637551,0.03492049,6.7120,161.0886,0.03492049,6.7120,6.7120,6.7120,6.7120,6.7120,161.0886,0.03492049,33.5601,30.9806,134.2405,136.82,0.02910041,0.0296596,0.00145502,2.7722,4.0214,0.1509,4.5352,0.7841,124.6760,30.0541,2.5927,2.8294,2.5818,2.5946,2.5946,2.6176,5.1431,5.2352,2.5946,-2.5818,1.982256,2.017747,1.068477,14,72,7,8,0.22594003,0.03637551,0.24795640,0E-8,0.000000,0.969392,0.011418,-0.27333915,2026-03-28,2026-07-27,37,214,160,122,0.303279,0.916330,0.935234,0.753133,,,,,,,,GLOBAL_BASELINE_NO_ENTITY_RANKING,,,NOT_APPLICABLE_GLOBAL_BASELINE,HF9g-P5,,,,X 全窗基线 · 不参与实体赏罚,6870077,688,A168_HF9F_20260827_0900,2026-08-27 09:00:00
2026-07-14,144397996,2160,0,15.4906668732,15.4906668732,15.4906668732,0.3333333,6,3,0.07469835000000000,0.074698350000,1.7039259710322208,1.7039259710322208,1.7039259710322208,0E-17,ELIGIBLE,R03b_20260811_FULL_v1,L1_ELIGIBILITY,v2026-08-11,2026-03-21..2026-08-06,baccarat_bet02_101_all_pairs_incl_sentinel,round_win = game_pnl > 0 (decisive only),COMPATIBILITY_ONLY_NOT_PRODUCTION,4613.0103,4471.8145,167.8006,1664,1112,-0.03637551,-0.24795640,0.02538275,-0.03637551,-167.8006,4613.0103,OK,0.0000,6.7120,4.0000,96.0000,AG03-UNRESOLVED,ALL5_LEVELS_bet23_to_bet27,6.7120,6.7120,6.7120,6.7120,6.7120,4.000000,4.000000,4.000000,4.000000,4.000000,96.000000,96.000000,96.000000,96.000000,96.000000,5.0,33.5601,30.9806,134.2405,136.82,PENDING_AG03,FALSE,NOT_FOR_ENFORCEMENT,161.0886,4292.9419,167.8006,161.0886,6.7120,0.03637551,0.03492049,6.7120,161.0886,0.03492049,6.7120,6.7120,6.7120,6.7120,6.7120,161.0886,0.03492049,33.5601,30.9806,134.2405,136.82,0.02910041,0.0296596,0.00145502,2.7722,4.0214,0.1509,4.5352,0.7841,124.6760,30.0541,2.5927,2.8294,2.5818,2.5946,2.5946,2.6176,5.1431,5.2352,2.5946,-2.5818,1.982256,2.017747,1.068477,14,72,7,8,0.22594003,0.03637551,0.24795640,0E-8,0.000000,0.969392,0.011418,-0.27333915,2026-03-28,2026-07-27,37,214,160,122,0.303279,0.916330,0.935234,0.753133,,,,,,,,GLOBAL_BASELINE_NO_ENTITY_RANKING,,,NOT_APPLICABLE_GLOBAL_BASELINE,HF9g-P5,,,,X 全窗基线 · 不参与实体赏罚,6870078,688,A168_HF9F_20260827_0900,2026-08-27 09:00:00
2026-07-14,144397996,2261,0,15.4906668732,15.4906668732,15.4906668732,0.3333333,6,3,0.07469835000000000,0.074698350000,1.7039259710322208,1.7039259710322208,1.7039259710322208,0E-17,ELIGIBLE,R03b_20260811_FULL_v1,L1_ELIGIBILITY,v2026-08-11,2026-03-21..2026-08-06,baccarat_bet02_101_all_pairs_incl_sentinel,round_win = game_pnl > 0 (decisive only),COMPATIBILITY_ONLY_NOT_PRODUCTION,4613.0103,4471.8145,167.8006,1664,1112,-0.03637551,-0.24795640,0.02538275,-0.03637551,-167.8006,4613.0103,OK,0.0000,6.7120,4.0000,96.0000,AG03-UNRESOLVED,ALL5_LEVELS_bet23_to_bet27,6.7120,6.7120,6.7120,6.7120,6.7120,4.000000,4.000000,4.000000,4.000000,4.000000,96.000000,96.000000,96.000000,96.000000,96.000000,5.0,33.5601,30.9806,134.2405,136.82,PENDING_AG03,FALSE,NOT_FOR_ENFORCEMENT,161.0886,4292.9419,167.8006,161.0886,6.7120,0.03637551,0.03492049,6.7120,161.0886,0.03492049,6.7120,6.7120,6.7120,6.7120,6.7120,161.0886,0.03492049,33.5601,30.9806,134.2405,136.82,0.02910041,0.0296596,0.00145502,2.7722,4.0214,0.1509,4.5352,0.7841,124.6760,30.0541,2.5927,2.8294,2.5818,2.5946,2.5946,2.6176,5.1431,5.2352,2.5946,-2.5818,1.982256,2.017747,1.068477,14,72,7,8,0.22594003,0.03637551,0.24795640,0E-8,0.000000,0.969392,0.011418,-0.27333915,2026-03-28,2026-07-27,37,214,160,122,0.303279,0.916330,0.935234,0.753133,,,,,,,,GLOBAL_BASELINE_NO_ENTITY_RANKING,,,NOT_APPLICABLE_GLOBAL_BASELINE,HF9g-P5,,,,X 全窗基线 · 不参与实体赏罚,6870079,688,A168_HF9F_20260827_0900,2026-08-27 09:00:00
2026-07-14,144397996,471,0,10.3271112488,-10.3271112488,-10.3271112488,0E-7,4,2,0.07469835000000000,0.074698350000,-0.40181748768993447,-0.4018174876899344,-0.40181748768993447,0E-17,ELIGIBLE,R03b_20260811_FULL_v1,L1_ELIGIBILITY,v2026-08-11,2026-03-21..2026-08-06,baccarat_bet02_101_all_pairs_incl_sentinel,round_win = game_pnl > 0 (decisive only),COMPATIBILITY_ONLY_NOT_PRODUCTION,4613.0103,4471.8145,167.8006,1664,1112,-0.03637551,-0.24795640,0.02538275,-0.03637551,-167.8006,4613.0103,OK,0.0000,6.7120,4.0000,96.0000,AG03-UNRESOLVED,ALL5_LEVELS_bet23_to_bet27,6.7120,6.7120,6.7120,6.7120,6.7120,4.000000,4.000000,4.000000,4.000000,4.000000,96.000000,96.000000,96.000000,96.000000,96.000000,5.0,33.5601,30.9806,134.2405,136.82,PENDING_AG03,FALSE,NOT_FOR_ENFORCEMENT,161.0886,4292.9419,167.8006,161.0886,6.7120,0.03637551,0.03492049,6.7120,161.0886,0.03492049,6.7120,6.7120,6.7120,6.7120,6.7120,161.0886,0.03492049,33.5601,30.9806,134.2405,136.82,0.02910041,0.0296596,0.00145502,2.7722,4.0214,0.1509,4.5352,0.7841,124.6760,30.0541,2.5927,2.8294,2.5818,2.5946,2.5946,2.6176,5.1431,5.2352,2.5946,-2.5818,1.982256,2.017747,1.068477,14,72,7,8,0.22594003,0.03637551,0.24795640,0E-8,0.000000,0.969392,0.011418,-0.27333915,2026-03-28,2026-07-27,37,214,160,122,0.303279,0.916330,0.935234,0.753133,,,,,,,,GLOBAL_BASELINE_NO_ENTITY_RANKING,,,NOT_APPLICABLE_GLOBAL_BASELINE,HF9g-P5,,,,X 全窗基线 · 不参与实体赏罚,6870080,688,A168_HF9F_20260827_0900,2026-08-27 09:00:00
2026-07-16,144397996,1094,0,18.0724446854,-18.0724446854,-18.0724446854,0E-7,7,4,0.07469533750000000,0.074695337500,-0.5682433570057004,-0.5682433570057004,-0.5682433570057004,0E-17,ELIGIBLE,R03b_20260811_FULL_v1,L1_ELIGIBILITY,v2026-08-11,2026-03-21..2026-08-06,baccarat_bet02_101_all_pairs_incl_sentinel,round_win = game_pnl > 0 (decisive only),COMPATIBILITY_ONLY_NOT_PRODUCTION,4613.0103,4471.8145,167.8006,1664,1112,-0.03637551,-0.24795640,0.02538275,-0.03637551,-167.8006,4613.0103,OK,0.0000,6.7120,4.0000,96.0000,AG03-UNRESOLVED,ALL5_LEVELS_bet23_to_bet27,6.7120,6.7120,6.7120,6.7120,6.7120,4.000000,4.000000,4.000000,4.000000,4.000000,96.000000,96.000000,96.000000,96.000000,96.000000,5.0,33.5601,30.9806,134.2405,136.82,PENDING_AG03,FALSE,NOT_FOR_ENFORCEMENT,161.0886,4292.9419,167.8006,161.0886,6.7120,0.03637551,0.03492049,6.7120,161.0886,0.03492049,6.7120,6.7120,6.7120,6.7120,6.7120,161.0886,0.03492049,33.5601,30.9806,134.2405,136.82,0.02910041,0.0296596,0.00145502,2.7722,4.0214,0.1509,4.5352,0.7841,124.6760,30.0541,2.5927,2.8294,2.5818,2.5946,2.5946,2.6176,5.1431,5.2352,2.5946,-2.5818,1.982256,2.017747,1.068477,14,72,7,8,0.22594003,0.03637551,0.24795640,0E-8,0.000000,0.969392,0.011418,-0.27333915,2026-03-28,2026-07-27,37,214,160,122,0.303279,0.916330,0.935234,0.753133,,,,,,,,GLOBAL_BASELINE_NO_ENTITY_RANKING,,,NOT_APPLICABLE_GLOBAL_BASELINE,HF9g-P5,,,,X 全窗基线 · 不参与实体赏罚,6870081,688,A168_HF9F_20260827_0900,2026-08-27 09:00:00
2026-07-16,144397996,1485,0,20.6542224976,-20.6542224976,-20.6542224976,0E-7,8,4,0.07469835000000000,0.074698350000,-0.5682557406897896,-0.5682557406897895,-0.5682557406897896,0E-17,ELIGIBLE,R03b_20260811_FULL_v1,L1_ELIGIBILITY,v2026-08-11,2026-03-21..2026-08-06,baccarat_bet02_101_all_pairs_incl_sentinel,round_win = game_pnl > 0 (decisive only),COMPATIBILITY_ONLY_NOT_PRODUCTION,4613.0103,4471.8145,167.8006,1664,1112,-0.03637551,-0.24795640,0.02538275,-0.03637551,-167.8006,4613.0103,OK,0.0000,6.7120,4.0000,96.0000,AG03-UNRESOLVED,ALL5_LEVELS_bet23_to_bet27,6.7120,6.7120,6.7120,6.7120,6.7120,4.000000,4.000000,4.000000,4.000000,4.000000,96.000000,96.000000,96.000000,96.000000,96.000000,5.0,33.5601,30.9806,134.2405,136.82,PENDING_AG03,FALSE,NOT_FOR_ENFORCEMENT,161.0886,4292.9419,167.8006,161.0886,6.7120,0.03637551,0.03492049,6.7120,161.0886,0.03492049,6.7120,6.7120,6.7120,6.7120,6.7120,161.0886,0.03492049,33.5601,30.9806,134.2405,136.82,0.02910041,0.0296596,0.00145502,2.7722,4.0214,0.1509,4.5352,0.7841,124.6760,30.0541,2.5927,2.8294,2.5818,2.5946,2.5946,2.6176,5.1431,5.2352,2.5946,-2.5818,1.982256,2.017747,1.068477,14,72,7,8,0.22594003,0.03637551,0.24795640,0E-8,0.000000,0.969392,0.011418,-0.27333915,2026-03-28,2026-07-27,37,214,160,122,0.303279,0.916330,0.935234,0.753133,,,,,,,,GLOBAL_BASELINE_NO_ENTITY_RANKING,,,NOT_APPLICABLE_GLOBAL_BASELINE,HF9g-P5,,,,X 全窗基线 · 不参与实体赏罚,6870082,688,A168_HF9F_20260827_0900,2026-08-27 09:00:00
2026-07-16,144397996,1654,0,20.6542224976,10.3271112488,10.3271112488,0.2500000,8,4,0.07469835000000000,0.074698350000,1.3335792419095234,1.3335792419095231,1.3335792419095234,0E-17,ELIGIBLE,R03b_20260811_FULL_v1,L1_ELIGIBILITY,v2026-08-11,2026-03-21..2026-08-06,baccarat_bet02_101_all_pairs_incl_sentinel,round_win = game_pnl > 0 (decisive only),COMPATIBILITY_ONLY_NOT_PRODUCTION,4613.0103,4471.8145,167.8006,1664,1112,-0.03637551,-0.24795640,0.02538275,-0.03637551,-167.8006,4613.0103,OK,0.0000,6.7120,4.0000,96.0000,AG03-UNRESOLVED,ALL5_LEVELS_bet23_to_bet27,6.7120,6.7120,6.7120,6.7120,6.7120,4.000000,4.000000,4.000000,4.000000,4.000000,96.000000,96.000000,96.000000,96.000000,96.000000,5.0,33.5601,30.9806,134.2405,136.82,PENDING_AG03,FALSE,NOT_FOR_ENFORCEMENT,161.0886,4292.9419,167.8006,161.0886,6.7120,0.03637551,0.03492049,6.7120,161.0886,0.03492049,6.7120,6.7120,6.7120,6.7120,6.7120,161.0886,0.03492049,33.5601,30.9806,134.2405,136.82,0.02910041,0.0296596,0.00145502,2.7722,4.0214,0.1509,4.5352,0.7841,124.6760,30.0541,2.5927,2.8294,2.5818,2.5946,2.5946,2.6176,5.1431,5.2352,2.5946,-2.5818,1.982256,2.017747,1.068477,14,72,7,8,0.22594003,0.03637551,0.24795640,0E-8,0.000000,0.969392,0.011418,-0.27333915,2026-03-28,2026-07-27,37,214,160,122,0.303279,0.916330,0.935234,0.753133,,,,,,,,GLOBAL_BASELINE_NO_ENTITY_RANKING,,,NOT_APPLICABLE_GLOBAL_BASELINE,HF9g-P5,,,,X 全窗基线 · 不参与实体赏罚,6870083,688,A168_HF9F_20260827_0900,2026-08-27 09:00:00
2026-07-16,144397996,2106,0,5.1635556244,-5.1635556244,-5.1635556244,0E-7,2,1,0.07469835000000000,0.074698350000,-0.2841278703448948,-0.28412787034489473,-0.2841278703448948,0E-17,ELIGIBLE,R03b_20260811_FULL_v1,L1_ELIGIBILITY,v2026-08-11,2026-03-21..2026-08-06,baccarat_bet02_101_all_pairs_incl_sentinel,round_win = game_pnl > 0 (decisive only),COMPATIBILITY_ONLY_NOT_PRODUCTION,4613.0103,4471.8145,167.8006,1664,1112,-0.03637551,-0.24795640,0.02538275,-0.03637551,-167.8006,4613.0103,OK,0.0000,6.7120,4.0000,96.0000,AG03-UNRESOLVED,ALL5_LEVELS_bet23_to_bet27,6.7120,6.7120,6.7120,6.7120,6.7120,4.000000,4.000000,4.000000,4.000000,4.000000,96.000000,96.000000,96.000000,96.000000,96.000000,5.0,33.5601,30.9806,134.2405,136.82,PENDING_AG03,FALSE,NOT_FOR_ENFORCEMENT,161.0886,4292.9419,167.8006,161.0886,6.7120,0.03637551,0.03492049,6.7120,161.0886,0.03492049,6.7120,6.7120,6.7120,6.7120,6.7120,161.0886,0.03492049,33.5601,30.9806,134.2405,136.82,0.02910041,0.0296596,0.00145502,2.7722,4.0214,0.1509,4.5352,0.7841,124.6760,30.0541,2.5927,2.8294,2.5818,2.5946,2.5946,2.6176,5.1431,5.2352,2.5946,-2.5818,1.982256,2.017747,1.068477,14,72,7,8,0.22594003,0.03637551,0.24795640,0E-8,0.000000,0.969392,0.011418,-0.27333915,2026-03-28,2026-07-27,37,214,160,122,0.303279,0.916330,0.935234,0.753133,,,,,,,,GLOBAL_BASELINE_NO_ENTITY_RANKING,,,NOT_APPLICABLE_GLOBAL_BASELINE,HF9g-P5,,,,X 全窗基线 · 不参与实体赏罚,6870084,688,A168_HF9F_20260827_0900,2026-08-27 09:00:00
2026-07-16,144397996,2121,0,30.9813337464,0E-10,0E-10,0.1666667,12,6,0.07469835000000000,0.074698350000,0.8568734567324316,0.8568734567324316,0.8568734567324316,0E-17,ELIGIBLE,R03b_20260811_FULL_v1,L1_ELIGIBILITY,v2026-08-11,2026-03-21..2026-08-06,baccarat_bet02_101_all_pairs_incl_sentinel,round_win = game_pnl > 0 (decisive only),COMPATIBILITY_ONLY_NOT_PRODUCTION,4613.0103,4471.8145,167.8006,1664,1112,-0.03637551,-0.24795640,0.02538275,-0.03637551,-167.8006,4613.0103,OK,0.0000,6.7120,4.0000,96.0000,AG03-UNRESOLVED,ALL5_LEVELS_bet23_to_bet27,6.7120,6.7120,6.7120,6.7120,6.7120,4.000000,4.000000,4.000000,4.000000,4.000000,96.000000,96.000000,96.000000,96.000000,96.000000,5.0,33.5601,30.9806,134.2405,136.82,PENDING_AG03,FALSE,NOT_FOR_ENFORCEMENT,161.0886,4292.9419,167.8006,161.0886,6.7120,0.03637551,0.03492049,6.7120,161.0886,0.03492049,6.7120,6.7120,6.7120,6.7120,6.7120,161.0886,0.03492049,33.5601,30.9806,134.2405,136.82,0.02910041,0.0296596,0.00145502,2.7722,4.0214,0.1509,4.5352,0.7841,124.6760,30.0541,2.5927,2.8294,2.5818,2.5946,2.5946,2.6176,5.1431,5.2352,2.5946,-2.5818,1.982256,2.017747,1.068477,14,72,7,8,0.22594003,0.03637551,0.24795640,0E-8,0.000000,0.969392,0.011418,-0.27333915,2026-03-28,2026-07-27,37,214,160,122,0.303279,0.916330,0.935234,0.753133,,,,,,,,GLOBAL_BASELINE_NO_ENTITY_RANKING,,,NOT_APPLICABLE_GLOBAL_BASELINE,HF9g-P5,,,,X 全窗基线 · 不参与实体赏罚,6870085,688,A168_HF9F_20260827_0900,2026-08-27 09:00:00
2026-07-16,144397996,2153,0,5.1635556244,-5.1635556244,-5.1635556244,0E-7,2,1,0.07469835000000000,0.074698350000,-0.2841278703448948,-0.28412787034489473,-0.2841278703448948,0E-17,ELIGIBLE,R03b_20260811_FULL_v1,L1_ELIGIBILITY,v2026-08-11,2026-03-21..2026-08-06,baccarat_bet02_101_all_pairs_incl_sentinel,round_win = game_pnl > 0 (decisive only),COMPATIBILITY_ONLY_NOT_PRODUCTION,4613.0103,4471.8145,167.8006,1664,1112,-0.03637551,-0.24795640,0.02538275,-0.03637551,-167.8006,4613.0103,OK,0.0000,6.7120,4.0000,96.0000,AG03-UNRESOLVED,ALL5_LEVELS_bet23_to_bet27,6.7120,6.7120,6.7120,6.7120,6.7120,4.000000,4.000000,4.000000,4.000000,4.000000,96.000000,96.000000,96.000000,96.000000,96.000000,5.0,33.5601,30.9806,134.2405,136.82,PENDING_AG03,FALSE,NOT_FOR_ENFORCEMENT,161.0886,4292.9419,167.8006,161.0886,6.7120,0.03637551,0.03492049,6.7120,161.0886,0.03492049,6.7120,6.7120,6.7120,6.7120,6.7120,161.0886,0.03492049,33.5601,30.9806,134.2405,136.82,0.02910041,0.0296596,0.00145502,2.7722,4.0214,0.1509,4.5352,0.7841,124.6760,30.0541,2.5927,2.8294,2.5818,2.5946,2.5946,2.6176,5.1431,5.2352,2.5946,-2.5818,1.982256,2.017747,1.068477,14,72,7,8,0.22594003,0.03637551,0.24795640,0E-8,0.000000,0.969392,0.011418,-0.27333915,2026-03-28,2026-07-27,37,214,160,122,0.303279,0.916330,0.935234,0.753133,,,,,,,,GLOBAL_BASELINE_NO_ENTITY_RANKING,,,NOT_APPLICABLE_GLOBAL_BASELINE,HF9g-P5,,,,X 全窗基线 · 不参与实体赏罚,6870086,688,A168_HF9F_20260827_0900,2026-08-27 09:00:00
2026-07-16,144397996,2160,0,20.6542224976,-20.6542224976,-20.6542224976,0E-7,8,4,0.07469835000000000,0.074698350000,-0.5682557406897896,-0.5682557406897895,-0.5682557406897896,0E-17,ELIGIBLE,R03b_20260811_FULL_v1,L1_ELIGIBILITY,v2026-08-11,2026-03-21..2026-08-06,baccarat_bet02_101_all_pairs_incl_sentinel,round_win = game_pnl > 0 (decisive only),COMPATIBILITY_ONLY_NOT_PRODUCTION,4613.0103,4471.8145,167.8006,1664,1112,-0.03637551,-0.24795640,0.02538275,-0.03637551,-167.8006,4613.0103,OK,0.0000,6.7120,4.0000,96.0000,AG03-UNRESOLVED,ALL5_LEVELS_bet23_to_bet27,6.7120,6.7120,6.7120,6.7120,6.7120,4.000000,4.000000,4.000000,4.000000,4.000000,96.000000,96.000000,96.000000,96.000000,96.000000,5.0,33.5601,30.9806,134.2405,136.82,PENDING_AG03,FALSE,NOT_FOR_ENFORCEMENT,161.0886,4292.9419,167.8006,161.0886,6.7120,0.03637551,0.03492049,6.7120,161.0886,0.03492049,6.7120,6.7120,6.7120,6.7120,6.7120,161.0886,0.03492049,33.5601,30.9806,134.2405,136.82,0.02910041,0.0296596,0.00145502,2.7722,4.0214,0.1509,4.5352,0.7841,124.6760,30.0541,2.5927,2.8294,2.5818,2.5946,2.5946,2.6176,5.1431,5.2352,2.5946,-2.5818,1.982256,2.017747,1.068477,14,72,7,8,0.22594003,0.03637551,0.24795640,0E-8,0.000000,0.969392,0.011418,-0.27333915,2026-03-28,2026-07-27,37,214,160,122,0.303279,0.916330,0.935234,0.753133,,,,,,,,GLOBAL_BASELINE_NO_ENTITY_RANKING,,,NOT_APPLICABLE_GLOBAL_BASELINE,HF9g-P5,,,,X 全窗基线 · 不参与实体赏罚,6870087,688,A168_HF9F_20260827_0900,2026-08-27 09:00:00
2026-07-16,144397996,2261,0,5.1635556244,-5.1635556244,-5.1635556244,0E-7,2,1,0.07469835000000000,0.074698350000,-0.2841278703448948,-0.28412787034489473,-0.2841278703448948,0E-17,ELIGIBLE,R03b_20260811_FULL_v1,L1_ELIGIBILITY,v2026-08-11,2026-03-21..2026-08-06,baccarat_bet02_101_all_pairs_incl_sentinel,round_win = game_pnl > 0 (decisive only),COMPATIBILITY_ONLY_NOT_PRODUCTION,4613.0103,4471.8145,167.8006,1664,1112,-0.03637551,-0.24795640,0.02538275,-0.03637551,-167.8006,4613.0103,OK,0.0000,6.7120,4.0000,96.0000,AG03-UNRESOLVED,ALL5_LEVELS_bet23_to_bet27,6.7120,6.7120,6.7120,6.7120,6.7120,4.000000,4.000000,4.000000,4.000000,4.000000,96.000000,96.000000,96.000000,96.000000,96.000000,5.0,33.5601,30.9806,134.2405,136.82,PENDING_AG03,FALSE,NOT_FOR_ENFORCEMENT,161.0886,4292.9419,167.8006,161.0886,6.7120,0.03637551,0.03492049,6.7120,161.0886,0.03492049,6.7120,6.7120,6.7120,6.7120,6.7120,161.0886,0.03492049,33.5601,30.9806,134.2405,136.82,0.02910041,0.0296596,0.00145502,2.7722,4.0214,0.1509,4.5352,0.7841,124.6760,30.0541,2.5927,2.8294,2.5818,2.5946,2.5946,2.6176,5.1431,5.2352,2.5946,-2.5818,1.982256,2.017747,1.068477,14,72,7,8,0.22594003,0.03637551,0.24795640,0E-8,0.000000,0.969392,0.011418,-0.27333915,2026-03-28,2026-07-27,37,214,160,122,0.303279,0.916330,0.935234,0.753133,,,,,,,,GLOBAL_BASELINE_NO_ENTITY_RANKING,,,NOT_APPLICABLE_GLOBAL_BASELINE,HF9g-P5,,,,X 全窗基线 · 不参与实体赏罚,6870088,688,A168_HF9F_20260827_0900,2026-08-27 09:00:00
2026-07-16,144397996,462,0,34.5958226835,-34.5958226835,-34.5958226835,0E-7,13,6,0.07159515972222223,0.071594825000,-0.6802189996548288,-0.6802172869495327,-0.6802189996548288,3.3472222223E-7,ELIGIBLE,R03b_20260811_FULL_v1,L1_ELIGIBILITY,v2026-08-11,2026-03-21..2026-08-06,baccarat_bet02_101_all_pairs_incl_sentinel,round_win = game_pnl > 0 (decisive only),COMPATIBILITY_ONLY_NOT_PRODUCTION,4613.0103,4471.8145,167.8006,1664,1112,-0.03637551,-0.24795640,0.02538275,-0.03637551,-167.8006,4613.0103,OK,0.0000,6.7120,4.0000,96.0000,AG03-UNRESOLVED,ALL5_LEVELS_bet23_to_bet27,6.7120,6.7120,6.7120,6.7120,6.7120,4.000000,4.000000,4.000000,4.000000,4.000000,96.000000,96.000000,96.000000,96.000000,96.000000,5.0,33.5601,30.9806,134.2405,136.82,PENDING_AG03,FALSE,NOT_FOR_ENFORCEMENT,161.0886,4292.9419,167.8006,161.0886,6.7120,0.03637551,0.03492049,6.7120,161.0886,0.03492049,6.7120,6.7120,6.7120,6.7120,6.7120,161.0886,0.03492049,33.5601,30.9806,134.2405,136.82,0.02910041,0.0296596,0.00145502,2.7722,4.0214,0.1509,4.5352,0.7841,124.6760,30.0541,2.5927,2.8294,2.5818,2.5946,2.5946,2.6176,5.1431,5.2352,2.5946,-2.5818,1.982256,2.017747,1.068477,14,72,7,8,0.22594003,0.03637551,0.24795640,0E-8,0.000000,0.969392,0.011418,-0.27333915,2026-03-28,2026-07-27,37,214,160,122,0.303279,0.916330,0.935234,0.753133,,,,,,,,GLOBAL_BASELINE_NO_ENTITY_RANKING,,,NOT_APPLICABLE_GLOBAL_BASELINE,HF9g-P5,,,,X 全窗基线 · 不参与实体赏罚,6870089,688,A168_HF9F_20260827_0900,2026-08-27 09:00:00
2026-07-16,144397996,471,0,15.4906668732,46.4720006196,46.4720006196,0.6666667,6,3,0.07469835000000000,0.074698350000,3.899975849348141,3.899975849348141,3.899975849348141,0E-17,ELIGIBLE,R03b_20260811_FULL_v1,L1_ELIGIBILITY,v2026-08-11,2026-03-21..2026-08-06,baccarat_bet02_101_all_pairs_incl_sentinel,round_win = game_pnl > 0 (decisive only),COMPATIBILITY_ONLY_NOT_PRODUCTION,4613.0103,4471.8145,167.8006,1664,1112,-0.03637551,-0.24795640,0.02538275,-0.03637551,-167.8006,4613.0103,OK,0.0000,6.7120,4.0000,96.0000,AG03-UNRESOLVED,ALL5_LEVELS_bet23_to_bet27,6.7120,6.7120,6.7120,6.7120,6.7120,4.000000,4.000000,4.000000,4.000000,4.000000,96.000000,96.000000,96.000000,96.000000,96.000000,5.0,33.5601,30.9806,134.2405,136.82,PENDING_AG03,FALSE,NOT_FOR_ENFORCEMENT,161.0886,4292.9419,167.8006,161.0886,6.7120,0.03637551,0.03492049,6.7120,161.0886,0.03492049,6.7120,6.7120,6.7120,6.7120,6.7120,161.0886,0.03492049,33.5601,30.9806,134.2405,136.82,0.02910041,0.0296596,0.00145502,2.7722,4.0214,0.1509,4.5352,0.7841,124.6760,30.0541,2.5927,2.8294,2.5818,2.5946,2.5946,2.6176,5.1431,5.2352,2.5946,-2.5818,1.982256,2.017747,1.068477,14,72,7,8,0.22594003,0.03637551,0.24795640,0E-8,0.000000,0.969392,0.011418,-0.27333915,2026-03-28,2026-07-27,37,214,160,122,0.303279,0.916330,0.935234,0.753133,,,,,,,,GLOBAL_BASELINE_NO_ENTITY_RANKING,,,NOT_APPLICABLE_GLOBAL_BASELINE,HF9g-P5,,,,X 全窗基线 · 不参与实体赏罚,6870090,688,A168_HF9F_20260827_0900,2026-08-27 09:00:00
2026-07-19,144397996,1654,0,5.1635556244,-5.1635556244,-5.1635556244,0E-7,2,1,0.07469835000000000,0.074698350000,-0.2841278703448948,-0.28412787034489473,-0.2841278703448948,0E-17,ELIGIBLE,R03b_20260811_FULL_v1,L1_ELIGIBILITY,v2026-08-11,2026-03-21..2026-08-06,baccarat_bet02_101_all_pairs_incl_sentinel,round_win = game_pnl > 0 (decisive only),COMPATIBILITY_ONLY_NOT_PRODUCTION,4613.0103,4471.8145,167.8006,1664,1112,-0.03637551,-0.24795640,0.02538275,-0.03637551,-167.8006,4613.0103,OK,0.0000,6.7120,4.0000,96.0000,AG03-UNRESOLVED,ALL5_LEVELS_bet23_to_bet27,6.7120,6.7120,6.7120,6.7120,6.7120,4.000000,4.000000,4.000000,4.000000,4.000000,96.000000,96.000000,96.000000,96.000000,96.000000,5.0,33.5601,30.9806,134.2405,136.82,PENDING_AG03,FALSE,NOT_FOR_ENFORCEMENT,161.0886,4292.9419,167.8006,161.0886,6.7120,0.03637551,0.03492049,6.7120,161.0886,0.03492049,6.7120,6.7120,6.7120,6.7120,6.7120,161.0886,0.03492049,33.5601,30.9806,134.2405,136.82,0.02910041,0.0296596,0.00145502,2.7722,4.0214,0.1509,4.5352,0.7841,124.6760,30.0541,2.5927,2.8294,2.5818,2.5946,2.5946,2.6176,5.1431,5.2352,2.5946,-2.5818,1.982256,2.017747,1.068477,14,72,7,8,0.22594003,0.03637551,0.24795640,0E-8,0.000000,0.969392,0.011418,-0.27333915,2026-03-28,2026-07-27,37,214,160,122,0.303279,0.916330,0.935234,0.753133,,,,,,,,GLOBAL_BASELINE_NO_ENTITY_RANKING,,,NOT_APPLICABLE_GLOBAL_BASELINE,HF9g-P5,,,,X 全窗基线 · 不参与实体赏罚,6870091,688,A168_HF9F_20260827_0900,2026-08-27 09:00:00
2026-07-19,144397996,2121,0,5.1635556244,-5.1635556244,-5.1635556244,0E-7,2,2,0.01883490000000000,0.018834900000,-0.19594113131146038,-0.19594113131146038,-0.19594113131146038,0E-17,ELIGIBLE,R03b_20260811_FULL_v1,L1_ELIGIBILITY,v2026-08-11,2026-03-21..2026-08-06,baccarat_bet02_101_all_pairs_incl_sentinel,round_win = game_pnl > 0 (decisive only),COMPATIBILITY_ONLY_NOT_PRODUCTION,4613.0103,4471.8145,167.8006,1664,1112,-0.03637551,-0.24795640,0.02538275,-0.03637551,-167.8006,4613.0103,OK,0.0000,6.7120,4.0000,96.0000,AG03-UNRESOLVED,ALL5_LEVELS_bet23_to_bet27,6.7120,6.7120,6.7120,6.7120,6.7120,4.000000,4.000000,4.000000,4.000000,4.000000,96.000000,96.000000,96.000000,96.000000,96.000000,5.0,33.5601,30.9806,134.2405,136.82,PENDING_AG03,FALSE,NOT_FOR_ENFORCEMENT,161.0886,4292.9419,167.8006,161.0886,6.7120,0.03637551,0.03492049,6.7120,161.0886,0.03492049,6.7120,6.7120,6.7120,6.7120,6.7120,161.0886,0.03492049,33.5601,30.9806,134.2405,136.82,0.02910041,0.0296596,0.00145502,2.7722,4.0214,0.1509,4.5352,0.7841,124.6760,30.0541,2.5927,2.8294,2.5818,2.5946,2.5946,2.6176,5.1431,5.2352,2.5946,-2.5818,1.982256,2.017747,1.068477,14,72,7,8,0.22594003,0.03637551,0.24795640,0E-8,0.000000,0.969392,0.011418,-0.27333915,2026-03-28,2026-07-27,37,214,160,122,0.303279,0.916330,0.935234,0.753133,,,,,,,,GLOBAL_BASELINE_NO_ENTITY_RANKING,,,NOT_APPLICABLE_GLOBAL_BASELINE,HF9g-P5,,,,X 全窗基线 · 不参与实体赏罚,6870092,688,A168_HF9F_20260827_0900,2026-08-27 09:00:00
2026-07-19,144397996,2134,0,2.5817778122,-2.5817778122,-2.5817778122,0E-7,1,1,0.01883490000000000,0.018834900000,-0.1385513026636974,-0.1385513026636974,-0.1385513026636974,0E-17,ELIGIBLE,R03b_20260811_FULL_v1,L1_ELIGIBILITY,v2026-08-11,2026-03-21..2026-08-06,baccarat_bet02_101_all_pairs_incl_sentinel,round_win = game_pnl > 0 (decisive only),COMPATIBILITY_ONLY_NOT_PRODUCTION,4613.0103,4471.8145,167.8006,1664,1112,-0.03637551,-0.24795640,0.02538275,-0.03637551,-167.8006,4613.0103,OK,0.0000,6.7120,4.0000,96.0000,AG03-UNRESOLVED,ALL5_LEVELS_bet23_to_bet27,6.7120,6.7120,6.7120,6.7120,6.7120,4.000000,4.000000,4.000000,4.000000,4.000000,96.000000,96.000000,96.000000,96.000000,96.000000,5.0,33.5601,30.9806,134.2405,136.82,PENDING_AG03,FALSE,NOT_FOR_ENFORCEMENT,161.0886,4292.9419,167.8006,161.0886,6.7120,0.03637551,0.03492049,6.7120,161.0886,0.03492049,6.7120,6.7120,6.7120,6.7120,6.7120,161.0886,0.03492049,33.5601,30.9806,134.2405,136.82,0.02910041,0.0296596,0.00145502,2.7722,4.0214,0.1509,4.5352,0.7841,124.6760,30.0541,2.5927,2.8294,2.5818,2.5946,2.5946,2.6176,5.1431,5.2352,2.5946,-2.5818,1.982256,2.017747,1.068477,14,72,7,8,0.22594003,0.03637551,0.24795640,0E-8,0.000000,0.969392,0.011418,-0.27333915,2026-03-28,2026-07-27,37,214,160,122,0.303279,0.916330,0.935234,0.753133,,,,,,,,GLOBAL_BASELINE_NO_ENTITY_RANKING,,,NOT_APPLICABLE_GLOBAL_BASELINE,HF9g-P5,,,,X 全窗基线 · 不参与实体赏罚,6870093,688,A168_HF9F_20260827_0900,2026-08-27 09:00:00
2026-07-19,144397996,2261,0,5.1635556244,-5.1635556244,-5.1635556244,0E-7,2,1,0.07469835000000000,0.074698350000,-0.2841278703448948,-0.28412787034489473,-0.2841278703448948,0E-17,ELIGIBLE,R03b_20260811_FULL_v1,L1_ELIGIBILITY,v2026-08-11,2026-03-21..2026-08-06,baccarat_bet02_101_all_pairs_incl_sentinel,round_win = game_pnl > 0 (decisive only),COMPATIBILITY_ONLY_NOT_PRODUCTION,4613.0103,4471.8145,167.8006,1664,1112,-0.03637551,-0.24795640,0.02538275,-0.03637551,-167.8006,4613.0103,OK,0.0000,6.7120,4.0000,96.0000,AG03-UNRESOLVED,ALL5_LEVELS_bet23_to_bet27,6.7120,6.7120,6.7120,6.7120,6.7120,4.000000,4.000000,4.000000,4.000000,4.000000,96.000000,96.000000,96.000000,96.000000,96.000000,5.0,33.5601,30.9806,134.2405,136.82,PENDING_AG03,FALSE,NOT_FOR_ENFORCEMENT,161.0886,4292.9419,167.8006,161.0886,6.7120,0.03637551,0.03492049,6.7120,161.0886,0.03492049,6.7120,6.7120,6.7120,6.7120,6.7120,161.0886,0.03492049,33.5601,30.9806,134.2405,136.82,0.02910041,0.0296596,0.00145502,2.7722,4.0214,0.1509,4.5352,0.7841,124.6760,30.0541,2.5927,2.8294,2.5818,2.5946,2.5946,2.6176,5.1431,5.2352,2.5946,-2.5818,1.982256,2.017747,1.068477,14,72,7,8,0.22594003,0.03637551,0.24795640,0E-8,0.000000,0.969392,0.011418,-0.27333915,2026-03-28,2026-07-27,37,214,160,122,0.303279,0.916330,0.935234,0.753133,,,,,,,,GLOBAL_BASELINE_NO_ENTITY_RANKING,,,NOT_APPLICABLE_GLOBAL_BASELINE,HF9g-P5,,,,X 全窗基线 · 不参与实体赏罚,6870094,688,A168_HF9F_20260827_0900,2026-08-27 09:00:00
2026-07-19,144397996,925,0,43.8902228074,-12.9088890610,-12.9088890610,0.1111111,17,9,0.06849130000000000,0.068491300000,0.5061993846795605,0.5061993846795605,0.5061993846795605,0E-17,ELIGIBLE,R03b_20260811_FULL_v1,L1_ELIGIBILITY,v2026-08-11,2026-03-21..2026-08-06,baccarat_bet02_101_all_pairs_incl_sentinel,round_win = game_pnl > 0 (decisive only),COMPATIBILITY_ONLY_NOT_PRODUCTION,4613.0103,4471.8145,167.8006,1664,1112,-0.03637551,-0.24795640,0.02538275,-0.03637551,-167.8006,4613.0103,OK,0.0000,6.7120,4.0000,96.0000,AG03-UNRESOLVED,ALL5_LEVELS_bet23_to_bet27,6.7120,6.7120,6.7120,6.7120,6.7120,4.000000,4.000000,4.000000,4.000000,4.000000,96.000000,96.000000,96.000000,96.000000,96.000000,5.0,33.5601,30.9806,134.2405,136.82,PENDING_AG03,FALSE,NOT_FOR_ENFORCEMENT,161.0886,4292.9419,167.8006,161.0886,6.7120,0.03637551,0.03492049,6.7120,161.0886,0.03492049,6.7120,6.7120,6.7120,6.7120,6.7120,161.0886,0.03492049,33.5601,30.9806,134.2405,136.82,0.02910041,0.0296596,0.00145502,2.7722,4.0214,0.1509,4.5352,0.7841,124.6760,30.0541,2.5927,2.8294,2.5818,2.5946,2.5946,2.6176,5.1431,5.2352,2.5946,-2.5818,1.982256,2.017747,1.068477,14,72,7,8,0.22594003,0.03637551,0.24795640,0E-8,0.000000,0.969392,0.011418,-0.27333915,2026-03-28,2026-07-27,37,214,160,122,0.303279,0.916330,0.935234,0.753133,,,,,,,,GLOBAL_BASELINE_NO_ENTITY_RANKING,,,NOT_APPLICABLE_GLOBAL_BASELINE,HF9g-P5,,,,X 全窗基线 · 不参与实体赏罚,6870095,688,A168_HF9F_20260827_0900,2026-08-27 09:00:00
2026-07-19,144397996,948,0,15.4906668732,-15.4906668732,-15.4906668732,0E-7,6,6,0.01883490000000000,0.018834900000,-0.33937999472397434,-0.33937999472397434,-0.33937999472397434,0E-17,ELIGIBLE,R03b_20260811_FULL_v1,L1_ELIGIBILITY,v2026-08-11,2026-03-21..2026-08-06,baccarat_bet02_101_all_pairs_incl_sentinel,round_win = game_pnl > 0 (decisive only),COMPATIBILITY_ONLY_NOT_PRODUCTION,4613.0103,4471.8145,167.8006,1664,1112,-0.03637551,-0.24795640,0.02538275,-0.03637551,-167.8006,4613.0103,OK,0.0000,6.7120,4.0000,96.0000,AG03-UNRESOLVED,ALL5_LEVELS_bet23_to_bet27,6.7120,6.7120,6.7120,6.7120,6.7120,4.000000,4.000000,4.000000,4.000000,4.000000,96.000000,96.000000,96.000000,96.000000,96.000000,5.0,33.5601,30.9806,134.2405,136.82,PENDING_AG03,FALSE,NOT_FOR_ENFORCEMENT,161.0886,4292.9419,167.8006,161.0886,6.7120,0.03637551,0.03492049,6.7120,161.0886,0.03492049,6.7120,6.7120,6.7120,6.7120,6.7120,161.0886,0.03492049,33.5601,30.9806,134.2405,136.82,0.02910041,0.0296596,0.00145502,2.7722,4.0214,0.1509,4.5352,0.7841,124.6760,30.0541,2.5927,2.8294,2.5818,2.5946,2.5946,2.6176,5.1431,5.2352,2.5946,-2.5818,1.982256,2.017747,1.068477,14,72,7,8,0.22594003,0.03637551,0.24795640,0E-8,0.000000,0.969392,0.011418,-0.27333915,2026-03-28,2026-07-27,37,214,160,122,0.303279,0.916330,0.935234,0.753133,,,,,,,,GLOBAL_BASELINE_NO_ENTITY_RANKING,,,NOT_APPLICABLE_GLOBAL_BASELINE,HF9g-P5,,,,X 全窗基线 · 不参与实体赏罚,6870096,688,A168_HF9F_20260827_0900,2026-08-27 09:00:00
2026-07-27,144397996,1710,0,15.4906668732,-15.4906668732,-15.4906668732,0E-7,6,3,0.07469835000000000,0.074698350000,-0.4921239072837002,-0.4921239072837002,-0.4921239072837002,0E-17,ELIGIBLE,R03b_20260811_FULL_v1,L1_ELIGIBILITY,v2026-08-11,2026-03-21..2026-08-06,baccarat_bet02_101_all_pairs_incl_sentinel,round_win = game_pnl > 0 (decisive only),COMPATIBILITY_ONLY_NOT_PRODUCTION,4613.0103,4471.8145,167.8006,1664,1112,-0.03637551,-0.24795640,0.02538275,-0.03637551,-167.8006,4613.0103,OK,0.0000,6.7120,4.0000,96.0000,AG03-UNRESOLVED,ALL5_LEVELS_bet23_to_bet27,6.7120,6.7120,6.7120,6.7120,6.7120,4.000000,4.000000,4.000000,4.000000,4.000000,96.000000,96.000000,96.000000,96.000000,96.000000,5.0,33.5601,30.9806,134.2405,136.82,PENDING_AG03,FALSE,NOT_FOR_ENFORCEMENT,161.0886,4292.9419,167.8006,161.0886,6.7120,0.03637551,0.03492049,6.7120,161.0886,0.03492049,6.7120,6.7120,6.7120,6.7120,6.7120,161.0886,0.03492049,33.5601,30.9806,134.2405,136.82,0.02910041,0.0296596,0.00145502,2.7722,4.0214,0.1509,4.5352,0.7841,124.6760,30.0541,2.5927,2.8294,2.5818,2.5946,2.5946,2.6176,5.1431,5.2352,2.5946,-2.5818,1.982256,2.017747,1.068477,14,72,7,8,0.22594003,0.03637551,0.24795640,0E-8,0.000000,0.969392,0.011418,-0.27333915,2026-03-28,2026-07-27,37,214,160,122,0.303279,0.916330,0.935234,0.753133,,,,,,,,GLOBAL_BASELINE_NO_ENTITY_RANKING,,,NOT_APPLICABLE_GLOBAL_BASELINE,HF9g-P5,,,,X 全窗基线 · 不参与实体赏罚,6870097,688,A168_HF9F_20260827_0900,2026-08-27 09:00:00
2026-07-27,144397996,2129,0,5.6799111868,-5.6799111868,-5.6799111868,0E-7,2,1,0.07469944545454538,0.074698350000,-0.28413012190036097,-0.28412787034489473,-0.28413012190036097,0.00000109545454538,ELIGIBLE,R03b_20260811_FULL_v1,L1_ELIGIBILITY,v2026-08-11,2026-03-21..2026-08-06,baccarat_bet02_101_all_pairs_incl_sentinel,round_win = game_pnl > 0 (decisive only),COMPATIBILITY_ONLY_NOT_PRODUCTION,4613.0103,4471.8145,167.8006,1664,1112,-0.03637551,-0.24795640,0.02538275,-0.03637551,-167.8006,4613.0103,OK,0.0000,6.7120,4.0000,96.0000,AG03-UNRESOLVED,ALL5_LEVELS_bet23_to_bet27,6.7120,6.7120,6.7120,6.7120,6.7120,4.000000,4.000000,4.000000,4.000000,4.000000,96.000000,96.000000,96.000000,96.000000,96.000000,5.0,33.5601,30.9806,134.2405,136.82,PENDING_AG03,FALSE,NOT_FOR_ENFORCEMENT,161.0886,4292.9419,167.8006,161.0886,6.7120,0.03637551,0.03492049,6.7120,161.0886,0.03492049,6.7120,6.7120,6.7120,6.7120,6.7120,161.0886,0.03492049,33.5601,30.9806,134.2405,136.82,0.02910041,0.0296596,0.00145502,2.7722,4.0214,0.1509,4.5352,0.7841,124.6760,30.0541,2.5927,2.8294,2.5818,2.5946,2.5946,2.6176,5.1431,5.2352,2.5946,-2.5818,1.982256,2.017747,1.068477,14,72,7,8,0.22594003,0.03637551,0.24795640,0E-8,0.000000,0.969392,0.011418,-0.27333915,2026-03-28,2026-07-27,37,214,160,122,0.303279,0.916330,0.935234,0.753133,,,,,,,,GLOBAL_BASELINE_NO_ENTITY_RANKING,,,NOT_APPLICABLE_GLOBAL_BASELINE,HF9g-P5,,,,X 全窗基线 · 不参与实体赏罚,6870098,688,A168_HF9F_20260827_0900,2026-08-27 09:00:00
2026-07-27,144397996,2147,0,46.4720006196,-46.4720006196,-46.4720006196,0E-7,18,10,0.07469835000000000,0.074698350000,-0.8984912170228784,-0.8984912170228784,-0.8984912170228784,0E-17,ELIGIBLE,R03b_20260811_FULL_v1,L1_ELIGIBILITY,v2026-08-11,2026-03-21..2026-08-06,baccarat_bet02_101_all_pairs_incl_sentinel,round_win = game_pnl > 0 (decisive only),COMPATIBILITY_ONLY_NOT_PRODUCTION,4613.0103,4471.8145,167.8006,1664,1112,-0.03637551,-0.24795640,0.02538275,-0.03637551,-167.8006,4613.0103,OK,0.0000,6.7120,4.0000,96.0000,AG03-UNRESOLVED,ALL5_LEVELS_bet23_to_bet27,6.7120,6.7120,6.7120,6.7120,6.7120,4.000000,4.000000,4.000000,4.000000,4.000000,96.000000,96.000000,96.000000,96.000000,96.000000,5.0,33.5601,30.9806,134.2405,136.82,PENDING_AG03,FALSE,NOT_FOR_ENFORCEMENT,161.0886,4292.9419,167.8006,161.0886,6.7120,0.03637551,0.03492049,6.7120,161.0886,0.03492049,6.7120,6.7120,6.7120,6.7120,6.7120,161.0886,0.03492049,33.5601,30.9806,134.2405,136.82,0.02910041,0.0296596,0.00145502,2.7722,4.0214,0.1509,4.5352,0.7841,124.6760,30.0541,2.5927,2.8294,2.5818,2.5946,2.5946,2.6176,5.1431,5.2352,2.5946,-2.5818,1.982256,2.017747,1.068477,14,72,7,8,0.22594003,0.03637551,0.24795640,0E-8,0.000000,0.969392,0.011418,-0.27333915,2026-03-28,2026-07-27,37,214,160,122,0.303279,0.916330,0.935234,0.753133,,,,,,,,GLOBAL_BASELINE_NO_ENTITY_RANKING,,,NOT_APPLICABLE_GLOBAL_BASELINE,HF9g-P5,,,,X 全窗基线 · 不参与实体赏罚,6870099,688,A168_HF9F_20260827_0900,2026-08-27 09:00:00
2026-07-27,144397996,595,0,20.6542224976,-20.6542224976,-20.6542224976,0E-7,8,4,0.07469835000000000,0.074698350000,-0.5682557406897896,-0.5682557406897895,-0.5682557406897896,0E-17,ELIGIBLE,R03b_20260811_FULL_v1,L1_ELIGIBILITY,v2026-08-11,2026-03-21..2026-08-06,baccarat_bet02_101_all_pairs_incl_sentinel,round_win = game_pnl > 0 (decisive only),COMPATIBILITY_ONLY_NOT_PRODUCTION,4613.0103,4471.8145,167.8006,1664,1112,-0.03637551,-0.24795640,0.02538275,-0.03637551,-167.8006,4613.0103,OK,0.0000,6.7120,4.0000,96.0000,AG03-UNRESOLVED,ALL5_LEVELS_bet23_to_bet27,6.7120,6.7120,6.7120,6.7120,6.7120,4.000000,4.000000,4.000000,4.000000,4.000000,96.000000,96.000000,96.000000,96.000000,96.000000,5.0,33.5601,30.9806,134.2405,136.82,PENDING_AG03,FALSE,NOT_FOR_ENFORCEMENT,161.0886,4292.9419,167.8006,161.0886,6.7120,0.03637551,0.03492049,6.7120,161.0886,0.03492049,6.7120,6.7120,6.7120,6.7120,6.7120,161.0886,0.03492049,33.5601,30.9806,134.2405,136.82,0.02910041,0.0296596,0.00145502,2.7722,4.0214,0.1509,4.5352,0.7841,124.6760,30.0541,2.5927,2.8294,2.5818,2.5946,2.5946,2.6176,5.1431,5.2352,2.5946,-2.5818,1.982256,2.017747,1.068477,14,72,7,8,0.22594003,0.03637551,0.24795640,0E-8,0.000000,0.969392,0.011418,-0.27333915,2026-03-28,2026-07-27,37,214,160,122,0.303279,0.916330,0.935234,0.753133,,,,,,,,GLOBAL_BASELINE_NO_ENTITY_RANKING,,,NOT_APPLICABLE_GLOBAL_BASELINE,HF9g-P5,,,,X 全窗基线 · 不参与实体赏罚,6870100,688,A168_HF9F_20260827_0900,2026-08-27 09:00:00
2026-07-27,144397996,789,0,10.3271112488,-10.3271112488,-10.3271112488,0E-7,4,2,0.07469835000000000,0.074698350000,-0.40181748768993447,-0.4018174876899344,-0.40181748768993447,0E-17,ELIGIBLE,R03b_20260811_FULL_v1,L1_ELIGIBILITY,v2026-08-11,2026-03-21..2026-08-06,baccarat_bet02_101_all_pairs_incl_sentinel,round_win = game_pnl > 0 (decisive only),COMPATIBILITY_ONLY_NOT_PRODUCTION,4613.0103,4471.8145,167.8006,1664,1112,-0.03637551,-0.24795640,0.02538275,-0.03637551,-167.8006,4613.0103,OK,0.0000,6.7120,4.0000,96.0000,AG03-UNRESOLVED,ALL5_LEVELS_bet23_to_bet27,6.7120,6.7120,6.7120,6.7120,6.7120,4.000000,4.000000,4.000000,4.000000,4.000000,96.000000,96.000000,96.000000,96.000000,96.000000,5.0,33.5601,30.9806,134.2405,136.82,PENDING_AG03,FALSE,NOT_FOR_ENFORCEMENT,161.0886,4292.9419,167.8006,161.0886,6.7120,0.03637551,0.03492049,6.7120,161.0886,0.03492049,6.7120,6.7120,6.7120,6.7120,6.7120,161.0886,0.03492049,33.5601,30.9806,134.2405,136.82,0.02910041,0.0296596,0.00145502,2.7722,4.0214,0.1509,4.5352,0.7841,124.6760,30.0541,2.5927,2.8294,2.5818,2.5946,2.5946,2.6176,5.1431,5.2352,2.5946,-2.5818,1.982256,2.017747,1.068477,14,72,7,8,0.22594003,0.03637551,0.24795640,0E-8,0.000000,0.969392,0.011418,-0.27333915,2026-03-28,2026-07-27,37,214,160,122,0.303279,0.916330,0.935234,0.753133,,,,,,,,GLOBAL_BASELINE_NO_ENTITY_RANKING,,,NOT_APPLICABLE_GLOBAL_BASELINE,HF9g-P5,,,,X 全窗基线 · 不参与实体赏罚,6870101,688,A168_HF9F_20260827_0900,2026-08-27 09:00:00
2026-07-27,144397996,948,0,5.1635556244,-5.1635556244,-5.1635556244,0E-7,2,1,0.07469835000000000,0.074698350000,-0.2841278703448948,-0.28412787034489473,-0.2841278703448948,0E-17,ELIGIBLE,R03b_20260811_FULL_v1,L1_ELIGIBILITY,v2026-08-11,2026-03-21..2026-08-06,baccarat_bet02_101_all_pairs_incl_sentinel,round_win = game_pnl > 0 (decisive only),COMPATIBILITY_ONLY_NOT_PRODUCTION,4613.0103,4471.8145,167.8006,1664,1112,-0.03637551,-0.24795640,0.02538275,-0.03637551,-167.8006,4613.0103,OK,0.0000,6.7120,4.0000,96.0000,AG03-UNRESOLVED,ALL5_LEVELS_bet23_to_bet27,6.7120,6.7120,6.7120,6.7120,6.7120,4.000000,4.000000,4.000000,4.000000,4.000000,96.000000,96.000000,96.000000,96.000000,96.000000,5.0,33.5601,30.9806,134.2405,136.82,PENDING_AG03,FALSE,NOT_FOR_ENFORCEMENT,161.0886,4292.9419,167.8006,161.0886,6.7120,0.03637551,0.03492049,6.7120,161.0886,0.03492049,6.7120,6.7120,6.7120,6.7120,6.7120,161.0886,0.03492049,33.5601,30.9806,134.2405,136.82,0.02910041,0.0296596,0.00145502,2.7722,4.0214,0.1509,4.5352,0.7841,124.6760,30.0541,2.5927,2.8294,2.5818,2.5946,2.5946,2.6176,5.1431,5.2352,2.5946,-2.5818,1.982256,2.017747,1.068477,14,72,7,8,0.22594003,0.03637551,0.24795640,0E-8,0.000000,0.969392,0.011418,-0.27333915,2026-03-28,2026-07-27,37,214,160,122,0.303279,0.916330,0.935234,0.753133,,,,,,,,GLOBAL_BASELINE_NO_ENTITY_RANKING,,,NOT_APPLICABLE_GLOBAL_BASELINE,HF9g-P5,,,,X 全窗基线 · 不参与实体赏罚,6870102,688,A168_HF9F_20260827_0900,2026-08-27 09:00:00
2026-03-28,143321913,2209,0,3.4231245227,3.4231245227,3.4231245227,1.0000000,1,1,0.49324550000000000,0.493245500000,1.01360149184955,1.01360149184955,1.01360149184955,0E-17,ELIGIBLE,R03b_20260811_FULL_v1,L1_ELIGIBILITY,v2026-08-11,2026-03-21..2026-08-06,baccarat_bet02_101_all_pairs_incl_sentinel,round_win = game_pnl > 0 (decisive only),COMPATIBILITY_ONLY_NOT_PRODUCTION,873.1114,805.2013,167.8028,92,92,-0.19218946,,-0.19218946,-0.19218946,-167.8028,873.1114,OK,0.0000,6.7121,4.0000,96.0000,AG03-UNRESOLVED,ALL5_LEVELS_bet23_to_bet27,6.7121,6.7121,6.7121,8.3901,8.3901,4.000000,4.000000,4.000000,5.000000,5.000000,96.000000,96.000000,96.000000,95.000000,95.000000,5.0,36.9166,33.8166,130.8862,133.9862,PENDING_AG03,FALSE,NOT_FOR_ENFORCEMENT,161.0907,772.9932,167.8028,161.0907,6.7121,0.19218946,0.18450189,6.7121,161.0907,0.18450189,6.7121,6.7121,6.7121,8.3901,8.3901,161.0907,0.18450189,36.9166,33.8166,130.8862,133.9862,0.14990778,0.15345834,0.00768758,9.4903,8.7522,1.8239,6.7121,2.7967,34.9245,3.6800,,9.4903,4.8207,8.3763,11.5174,17.4868,24.7206,26.7832,7.3293,0.0,2.951252,3.1975,1.132998,22,43,9,1,0E-8,0.19218946,,0E-8,0.000000,0.922221,0.000000,,2026-03-28,2026-05-13,25,60,60,47,0.531915,,,0.000000,,,,,,,,GLOBAL_BASELINE_NO_ENTITY_RANKING,,,NOT_APPLICABLE_GLOBAL_BASELINE,HF9g-P5,,,,X 全窗基线 · 不参与实体赏罚,6870103,688,A168_HF9F_20260827_0900,2026-08-27 09:00:00
2026-03-28,143321913,789,0,6.8462490455,-6.8462490455,-6.8462490455,0E-7,1,1,0.49324550000000000,0.493245500000,-0.9865810262130424,-0.9865810262130424,-0.9865810262130424,0E-17,ELIGIBLE,R03b_20260811_FULL_v1,L1_ELIGIBILITY,v2026-08-11,2026-03-21..2026-08-06,baccarat_bet02_101_all_pairs_incl_sentinel,round_win = game_pnl > 0 (decisive only),COMPATIBILITY_ONLY_NOT_PRODUCTION,873.1114,805.2013,167.8028,92,92,-0.19218946,,-0.19218946,-0.19218946,-167.8028,873.1114,OK,0.0000,6.7121,4.0000,96.0000,AG03-UNRESOLVED,ALL5_LEVELS_bet23_to_bet27,6.7121,6.7121,6.7121,8.3901,8.3901,4.000000,4.000000,4.000000,5.000000,5.000000,96.000000,96.000000,96.000000,95.000000,95.000000,5.0,36.9166,33.8166,130.8862,133.9862,PENDING_AG03,FALSE,NOT_FOR_ENFORCEMENT,161.0907,772.9932,167.8028,161.0907,6.7121,0.19218946,0.18450189,6.7121,161.0907,0.18450189,6.7121,6.7121,6.7121,8.3901,8.3901,161.0907,0.18450189,36.9166,33.8166,130.8862,133.9862,0.14990778,0.15345834,0.00768758,9.4903,8.7522,1.8239,6.7121,2.7967,34.9245,3.6800,,9.4903,4.8207,8.3763,11.5174,17.4868,24.7206,26.7832,7.3293,0.0,2.951252,3.1975,1.132998,22,43,9,1,0E-8,0.19218946,,0E-8,0.000000,0.922221,0.000000,,2026-03-28,2026-05-13,25,60,60,47,0.531915,,,0.000000,,,,,,,,GLOBAL_BASELINE_NO_ENTITY_RANKING,,,NOT_APPLICABLE_GLOBAL_BASELINE,HF9g-P5,,,,X 全窗基线 · 不参与实体赏罚,6870104,688,A168_HF9F_20260827_0900,2026-08-27 09:00:00
2026-04-01,143321913,2171,0,9.9468628118,-9.9468628118,-9.9468628118,0E-7,1,1,0.49324550000000000,0.493245500000,-0.9865810262130424,-0.9865810262130424,-0.9865810262130424,0E-17,ELIGIBLE,R03b_20260811_FULL_v1,L1_ELIGIBILITY,v2026-08-11,2026-03-21..2026-08-06,baccarat_bet02_101_all_pairs_incl_sentinel,round_win = game_pnl > 0 (decisive only),COMPATIBILITY_ONLY_NOT_PRODUCTION,873.1114,805.2013,167.8028,92,92,-0.19218946,,-0.19218946,-0.19218946,-167.8028,873.1114,OK,0.0000,6.7121,4.0000,96.0000,AG03-UNRESOLVED,ALL5_LEVELS_bet23_to_bet27,6.7121,6.7121,6.7121,8.3901,8.3901,4.000000,4.000000,4.000000,5.000000,5.000000,96.000000,96.000000,96.000000,95.000000,95.000000,5.0,36.9166,33.8166,130.8862,133.9862,PENDING_AG03,FALSE,NOT_FOR_ENFORCEMENT,161.0907,772.9932,167.8028,161.0907,6.7121,0.19218946,0.18450189,6.7121,161.0907,0.18450189,6.7121,6.7121,6.7121,8.3901,8.3901,161.0907,0.18450189,36.9166,33.8166,130.8862,133.9862,0.14990778,0.15345834,0.00768758,9.4903,8.7522,1.8239,6.7121,2.7967,34.9245,3.6800,,9.4903,4.8207,8.3763,11.5174,17.4868,24.7206,26.7832,7.3293,0.0,2.951252,3.1975,1.132998,22,43,9,1,0E-8,0.19218946,,0E-8,0.000000,0.922221,0.000000,,2026-03-28,2026-05-13,25,60,60,47,0.531915,,,0.000000,,,,,,,,GLOBAL_BASELINE_NO_ENTITY_RANKING,,,NOT_APPLICABLE_GLOBAL_BASELINE,HF9g-P5,,,,X 全窗基线 · 不参与实体赏罚,6870105,688,A168_HF9F_20260827_0900,2026-08-27 09:00:00
2026-04-01,143321913,2209,0,4.9734314059,4.9734314059,4.9734314059,1.0000000,1,1,0.49324550000000000,0.493245500000,1.01360149184955,1.01360149184955,1.01360149184955,0E-17,ELIGIBLE,R03b_20260811_FULL_v1,L1_ELIGIBILITY,v2026-08-11,2026-03-21..2026-08-06,baccarat_bet02_101_all_pairs_incl_sentinel,round_win = game_pnl > 0 (decisive only),COMPATIBILITY_ONLY_NOT_PRODUCTION,873.1114,805.2013,167.8028,92,92,-0.19218946,,-0.19218946,-0.19218946,-167.8028,873.1114,OK,0.0000,6.7121,4.0000,96.0000,AG03-UNRESOLVED,ALL5_LEVELS_bet23_to_bet27,6.7121,6.7121,6.7121,8.3901,8.3901,4.000000,4.000000,4.000000,5.000000,5.000000,96.000000,96.000000,96.000000,95.000000,95.000000,5.0,36.9166,33.8166,130.8862,133.9862,PENDING_AG03,FALSE,NOT_FOR_ENFORCEMENT,161.0907,772.9932,167.8028,161.0907,6.7121,0.19218946,0.18450189,6.7121,161.0907,0.18450189,6.7121,6.7121,6.7121,8.3901,8.3901,161.0907,0.18450189,36.9166,33.8166,130.8862,133.9862,0.14990778,0.15345834,0.00768758,9.4903,8.7522,1.8239,6.7121,2.7967,34.9245,3.6800,,9.4903,4.8207,8.3763,11.5174,17.4868,24.7206,26.7832,7.3293,0.0,2.951252,3.1975,1.132998,22,43,9,1,0E-8,0.19218946,,0E-8,0.000000,0.922221,0.000000,,2026-03-28,2026-05-13,25,60,60,47,0.531915,,,0.000000,,,,,,,,GLOBAL_BASELINE_NO_ENTITY_RANKING,,,NOT_APPLICABLE_GLOBAL_BASELINE,HF9g-P5,,,,X 全窗基线 · 不参与实体赏罚,6870106,688,A168_HF9F_20260827_0900,2026-08-27 09:00:00
2026-04-03,143321913,1306,0,7.3292673350,7.3292673350,7.3292673350,1.0000000,1,1,0.49324550000000000,0.493245500000,1.01360149184955,1.01360149184955,1.01360149184955,0E-17,ELIGIBLE,R03b_20260811_FULL_v1,L1_ELIGIBILITY,v2026-08-11,2026-03-21..2026-08-06,baccarat_bet02_101_all_pairs_incl_sentinel,round_win = game_pnl > 0 (decisive only),COMPATIBILITY_ONLY_NOT_PRODUCTION,873.1114,805.2013,167.8028,92,92,-0.19218946,,-0.19218946,-0.19218946,-167.8028,873.1114,OK,0.0000,6.7121,4.0000,96.0000,AG03-UNRESOLVED,ALL5_LEVELS_bet23_to_bet27,6.7121,6.7121,6.7121,8.3901,8.3901,4.000000,4.000000,4.000000,5.000000,5.000000,96.000000,96.000000,96.000000,95.000000,95.000000,5.0,36.9166,33.8166,130.8862,133.9862,PENDING_AG03,FALSE,NOT_FOR_ENFORCEMENT,161.0907,772.9932,167.8028,161.0907,6.7121,0.19218946,0.18450189,6.7121,161.0907,0.18450189,6.7121,6.7121,6.7121,8.3901,8.3901,161.0907,0.18450189,36.9166,33.8166,130.8862,133.9862,0.14990778,0.15345834,0.00768758,9.4903,8.7522,1.8239,6.7121,2.7967,34.9245,3.6800,,9.4903,4.8207,8.3763,11.5174,17.4868,24.7206,26.7832,7.3293,0.0,2.951252,3.1975,1.132998,22,43,9,1,0E-8,0.19218946,,0E-8,0.000000,0.922221,0.000000,,2026-03-28,2026-05-13,25,60,60,47,0.531915,,,0.000000,,,,,,,,GLOBAL_BASELINE_NO_ENTITY_RANKING,,,NOT_APPLICABLE_GLOBAL_BASELINE,HF9g-P5,,,,X 全窗基线 · 不参与实体赏罚,6870107,688,A168_HF9F_20260827_0900,2026-08-27 09:00:00
2026-04-03,143321913,1940,0,14.6585346701,-14.6585346701,-14.6585346701,0E-7,1,1,0.49324550000000000,0.493245500000,-0.9865810262130424,-0.9865810262130424,-0.9865810262130424,0E-17,ELIGIBLE,R03b_20260811_FULL_v1,L1_ELIGIBILITY,v2026-08-11,2026-03-21..2026-08-06,baccarat_bet02_101_all_pairs_incl_sentinel,round_win = game_pnl > 0 (decisive only),COMPATIBILITY_ONLY_NOT_PRODUCTION,873.1114,805.2013,167.8028,92,92,-0.19218946,,-0.19218946,-0.19218946,-167.8028,873.1114,OK,0.0000,6.7121,4.0000,96.0000,AG03-UNRESOLVED,ALL5_LEVELS_bet23_to_bet27,6.7121,6.7121,6.7121,8.3901,8.3901,4.000000,4.000000,4.000000,5.000000,5.000000,96.000000,96.000000,96.000000,95.000000,95.000000,5.0,36.9166,33.8166,130.8862,133.9862,PENDING_AG03,FALSE,NOT_FOR_ENFORCEMENT,161.0907,772.9932,167.8028,161.0907,6.7121,0.19218946,0.18450189,6.7121,161.0907,0.18450189,6.7121,6.7121,6.7121,8.3901,8.3901,161.0907,0.18450189,36.9166,33.8166,130.8862,133.9862,0.14990778,0.15345834,0.00768758,9.4903,8.7522,1.8239,6.7121,2.7967,34.9245,3.6800,,9.4903,4.8207,8.3763,11.5174,17.4868,24.7206,26.7832,7.3293,0.0,2.951252,3.1975,1.132998,22,43,9,1,0E-8,0.19218946,,0E-8,0.000000,0.922221,0.000000,,2026-03-28,2026-05-13,25,60,60,47,0.531915,,,0.000000,,,,,,,,GLOBAL_BASELINE_NO_ENTITY_RANKING,,,NOT_APPLICABLE_GLOBAL_BASELINE,HF9g-P5,,,,X 全窗基线 · 不参与实体赏罚,6870108,688,A168_HF9F_20260827_0900,2026-08-27 09:00:00
2026-04-06,143321913,1623,0,6.8057482397,6.8057482397,6.8057482397,1.0000000,1,1,0.49324550000000000,0.493245500000,1.01360149184955,1.01360149184955,1.01360149184955,0E-17,ELIGIBLE,R03b_20260811_FULL_v1,L1_ELIGIBILITY,v2026-08-11,2026-03-21..2026-08-06,baccarat_bet02_101_all_pairs_incl_sentinel,round_win = game_pnl > 0 (decisive only),COMPATIBILITY_ONLY_NOT_PRODUCTION,873.1114,805.2013,167.8028,92,92,-0.19218946,,-0.19218946,-0.19218946,-167.8028,873.1114,OK,0.0000,6.7121,4.0000,96.0000,AG03-UNRESOLVED,ALL5_LEVELS_bet23_to_bet27,6.7121,6.7121,6.7121,8.3901,8.3901,4.000000,4.000000,4.000000,5.000000,5.000000,96.000000,96.000000,96.000000,95.000000,95.000000,5.0,36.9166,33.8166,130.8862,133.9862,PENDING_AG03,FALSE,NOT_FOR_ENFORCEMENT,161.0907,772.9932,167.8028,161.0907,6.7121,0.19218946,0.18450189,6.7121,161.0907,0.18450189,6.7121,6.7121,6.7121,8.3901,8.3901,161.0907,0.18450189,36.9166,33.8166,130.8862,133.9862,0.14990778,0.15345834,0.00768758,9.4903,8.7522,1.8239,6.7121,2.7967,34.9245,3.6800,,9.4903,4.8207,8.3763,11.5174,17.4868,24.7206,26.7832,7.3293,0.0,2.951252,3.1975,1.132998,22,43,9,1,0E-8,0.19218946,,0E-8,0.000000,0.922221,0.000000,,2026-03-28,2026-05-13,25,60,60,47,0.531915,,,0.000000,,,,,,,,GLOBAL_BASELINE_NO_ENTITY_RANKING,,,NOT_APPLICABLE_GLOBAL_BASELINE,HF9g-P5,,,,X 全窗基线 · 不参与实体赏罚,6870109,688,A168_HF9F_20260827_0900,2026-08-27 09:00:00
2026-04-06,143321913,2205,0,13.6114964793,-13.6114964793,-13.6114964793,0E-7,1,1,0.49324550000000000,0.493245500000,-0.9865810262130424,-0.9865810262130424,-0.9865810262130424,0E-17,ELIGIBLE,R03b_20260811_FULL_v1,L1_ELIGIBILITY,v2026-08-11,2026-03-21..2026-08-06,baccarat_bet02_101_all_pairs_incl_sentinel,round_win = game_pnl > 0 (decisive only),COMPATIBILITY_ONLY_NOT_PRODUCTION,873.1114,805.2013,167.8028,92,92,-0.19218946,,-0.19218946,-0.19218946,-167.8028,873.1114,OK,0.0000,6.7121,4.0000,96.0000,AG03-UNRESOLVED,ALL5_LEVELS_bet23_to_bet27,6.7121,6.7121,6.7121,8.3901,8.3901,4.000000,4.000000,4.000000,5.000000,5.000000,96.000000,96.000000,96.000000,95.000000,95.000000,5.0,36.9166,33.8166,130.8862,133.9862,PENDING_AG03,FALSE,NOT_FOR_ENFORCEMENT,161.0907,772.9932,167.8028,161.0907,6.7121,0.19218946,0.18450189,6.7121,161.0907,0.18450189,6.7121,6.7121,6.7121,8.3901,8.3901,161.0907,0.18450189,36.9166,33.8166,130.8862,133.9862,0.14990778,0.15345834,0.00768758,9.4903,8.7522,1.8239,6.7121,2.7967,34.9245,3.6800,,9.4903,4.8207,8.3763,11.5174,17.4868,24.7206,26.7832,7.3293,0.0,2.951252,3.1975,1.132998,22,43,9,1,0E-8,0.19218946,,0E-8,0.000000,0.922221,0.000000,,2026-03-28,2026-05-13,25,60,60,47,0.531915,,,0.000000,,,,,,,,GLOBAL_BASELINE_NO_ENTITY_RANKING,,,NOT_APPLICABLE_GLOBAL_BASELINE,HF9g-P5,,,,X 全窗基线 · 不参与实体赏罚,6870110,688,A168_HF9F_20260827_0900,2026-08-27 09:00:00
2026-04-06,143321913,2266,0,3.4028741198,3.4028741198,3.4028741198,1.0000000,1,1,0.49324550000000000,0.493245500000,1.01360149184955,1.01360149184955,1.01360149184955,0E-17,ELIGIBLE,R03b_20260811_FULL_v1,L1_ELIGIBILITY,v2026-08-11,2026-03-21..2026-08-06,baccarat_bet02_101_all_pairs_incl_sentinel,round_win = game_pnl > 0 (decisive only),COMPATIBILITY_ONLY_NOT_PRODUCTION,873.1114,805.2013,167.8028,92,92,-0.19218946,,-0.19218946,-0.19218946,-167.8028,873.1114,OK,0.0000,6.7121,4.0000,96.0000,AG03-UNRESOLVED,ALL5_LEVELS_bet23_to_bet27,6.7121,6.7121,6.7121,8.3901,8.3901,4.000000,4.000000,4.000000,5.000000,5.000000,96.000000,96.000000,96.000000,95.000000,95.000000,5.0,36.9166,33.8166,130.8862,133.9862,PENDING_AG03,FALSE,NOT_FOR_ENFORCEMENT,161.0907,772.9932,167.8028,161.0907,6.7121,0.19218946,0.18450189,6.7121,161.0907,0.18450189,6.7121,6.7121,6.7121,8.3901,8.3901,161.0907,0.18450189,36.9166,33.8166,130.8862,133.9862,0.14990778,0.15345834,0.00768758,9.4903,8.7522,1.8239,6.7121,2.7967,34.9245,3.6800,,9.4903,4.8207,8.3763,11.5174,17.4868,24.7206,26.7832,7.3293,0.0,2.951252,3.1975,1.132998,22,43,9,1,0E-8,0.19218946,,0E-8,0.000000,0.922221,0.000000,,2026-03-28,2026-05-13,25,60,60,47,0.531915,,,0.000000,,,,,,,,GLOBAL_BASELINE_NO_ENTITY_RANKING,,,NOT_APPLICABLE_GLOBAL_BASELINE,HF9g-P5,,,,X 全窗基线 · 不参与实体赏罚,6870111,688,A168_HF9F_20260827_0900,2026-08-27 09:00:00
2026-04-07,143321913,1401,0,11.5174200979,11.5174200979,11.5174200979,1.0000000,1,1,0.49324550000000000,0.493245500000,1.01360149184955,1.01360149184955,1.01360149184955,0E-17,ELIGIBLE,R03b_20260811_FULL_v1,L1_ELIGIBILITY,v2026-08-11,2026-03-21..2026-08-06,baccarat_bet02_101_all_pairs_incl_sentinel,round_win = game_pnl > 0 (decisive only),COMPATIBILITY_ONLY_NOT_PRODUCTION,873.1114,805.2013,167.8028,92,92,-0.19218946,,-0.19218946,-0.19218946,-167.8028,873.1114,OK,0.0000,6.7121,4.0000,96.0000,AG03-UNRESOLVED,ALL5_LEVELS_bet23_to_bet27,6.7121,6.7121,6.7121,8.3901,8.3901,4.000000,4.000000,4.000000,5.000000,5.000000,96.000000,96.000000,96.000000,95.000000,95.000000,5.0,36.9166,33.8166,130.8862,133.9862,PENDING_AG03,FALSE,NOT_FOR_ENFORCEMENT,161.0907,772.9932,167.8028,161.0907,6.7121,0.19218946,0.18450189,6.7121,161.0907,0.18450189,6.7121,6.7121,6.7121,8.3901,8.3901,161.0907,0.18450189,36.9166,33.8166,130.8862,133.9862,0.14990778,0.15345834,0.00768758,9.4903,8.7522,1.8239,6.7121,2.7967,34.9245,3.6800,,9.4903,4.8207,8.3763,11.5174,17.4868,24.7206,26.7832,7.3293,0.0,2.951252,3.1975,1.132998,22,43,9,1,0E-8,0.19218946,,0E-8,0.000000,0.922221,0.000000,,2026-03-28,2026-05-13,25,60,60,47,0.531915,,,0.000000,,,,,,,,GLOBAL_BASELINE_NO_ENTITY_RANKING,,,NOT_APPLICABLE_GLOBAL_BASELINE,HF9g-P5,,,,X 全窗基线 · 不参与实体赏罚,6870112,688,A168_HF9F_20260827_0900,2026-08-27 09:00:00
2026-04-07,143321913,1702,0,23.0348401958,-23.0348401958,-23.0348401958,0E-7,1,1,0.49324550000000000,0.493245500000,-0.9865810262130424,-0.9865810262130424,-0.9865810262130424,0E-17,ELIGIBLE,R03b_20260811_FULL_v1,L1_ELIGIBILITY,v2026-08-11,2026-03-21..2026-08-06,baccarat_bet02_101_all_pairs_incl_sentinel,round_win = game_pnl > 0 (decisive only),COMPATIBILITY_ONLY_NOT_PRODUCTION,873.1114,805.2013,167.8028,92,92,-0.19218946,,-0.19218946,-0.19218946,-167.8028,873.1114,OK,0.0000,6.7121,4.0000,96.0000,AG03-UNRESOLVED,ALL5_LEVELS_bet23_to_bet27,6.7121,6.7121,6.7121,8.3901,8.3901,4.000000,4.000000,4.000000,5.000000,5.000000,96.000000,96.000000,96.000000,95.000000,95.000000,5.0,36.9166,33.8166,130.8862,133.9862,PENDING_AG03,FALSE,NOT_FOR_ENFORCEMENT,161.0907,772.9932,167.8028,161.0907,6.7121,0.19218946,0.18450189,6.7121,161.0907,0.18450189,6.7121,6.7121,6.7121,8.3901,8.3901,161.0907,0.18450189,36.9166,33.8166,130.8862,133.9862,0.14990778,0.15345834,0.00768758,9.4903,8.7522,1.8239,6.7121,2.7967,34.9245,3.6800,,9.4903,4.8207,8.3763,11.5174,17.4868,24.7206,26.7832,7.3293,0.0,2.951252,3.1975,1.132998,22,43,9,1,0E-8,0.19218946,,0E-8,0.000000,0.922221,0.000000,,2026-03-28,2026-05-13,25,60,60,47,0.531915,,,0.000000,,,,,,,,GLOBAL_BASELINE_NO_ENTITY_RANKING,,,NOT_APPLICABLE_GLOBAL_BASELINE,HF9g-P5,,,,X 全窗基线 · 不参与实体赏罚,6870113,688,A168_HF9F_20260827_0900,2026-08-27 09:00:00
2026-04-07,143321913,2121,0,46.0696803916,0E-10,0E-10,0.5000000,4,4,0.49324550000000000,0.493245500000,0.027020465636507562,0.027020465636507562,0.027020465636507562,0E-17,ELIGIBLE,R03b_20260811_FULL_v1,L1_ELIGIBILITY,v2026-08-11,2026-03-21..2026-08-06,baccarat_bet02_101_all_pairs_incl_sentinel,round_win = game_pnl > 0 (decisive only),COMPATIBILITY_ONLY_NOT_PRODUCTION,873.1114,805.2013,167.8028,92,92,-0.19218946,,-0.19218946,-0.19218946,-167.8028,873.1114,OK,0.0000,6.7121,4.0000,96.0000,AG03-UNRESOLVED,ALL5_LEVELS_bet23_to_bet27,6.7121,6.7121,6.7121,8.3901,8.3901,4.000000,4.000000,4.000000,5.000000,5.000000,96.000000,96.000000,96.000000,95.000000,95.000000,5.0,36.9166,33.8166,130.8862,133.9862,PENDING_AG03,FALSE,NOT_FOR_ENFORCEMENT,161.0907,772.9932,167.8028,161.0907,6.7121,0.19218946,0.18450189,6.7121,161.0907,0.18450189,6.7121,6.7121,6.7121,8.3901,8.3901,161.0907,0.18450189,36.9166,33.8166,130.8862,133.9862,0.14990778,0.15345834,0.00768758,9.4903,8.7522,1.8239,6.7121,2.7967,34.9245,3.6800,,9.4903,4.8207,8.3763,11.5174,17.4868,24.7206,26.7832,7.3293,0.0,2.951252,3.1975,1.132998,22,43,9,1,0E-8,0.19218946,,0E-8,0.000000,0.922221,0.000000,,2026-03-28,2026-05-13,25,60,60,47,0.531915,,,0.000000,,,,,,,,GLOBAL_BASELINE_NO_ENTITY_RANKING,,,NOT_APPLICABLE_GLOBAL_BASELINE,HF9g-P5,,,,X 全窗基线 · 不参与实体赏罚,6870114,688,A168_HF9F_20260827_0900,2026-08-27 09:00:00
2026-04-07,143321913,2145,0,3.6646336675,-3.6646336675,-3.6646336675,0E-7,1,1,0.49324550000000000,0.493245500000,-0.9865810262130424,-0.9865810262130424,-0.9865810262130424,0E-17,ELIGIBLE,R03b_20260811_FULL_v1,L1_ELIGIBILITY,v2026-08-11,2026-03-21..2026-08-06,baccarat_bet02_101_all_pairs_incl_sentinel,round_win = game_pnl > 0 (decisive only),COMPATIBILITY_ONLY_NOT_PRODUCTION,873.1114,805.2013,167.8028,92,92,-0.19218946,,-0.19218946,-0.19218946,-167.8028,873.1114,OK,0.0000,6.7121,4.0000,96.0000,AG03-UNRESOLVED,ALL5_LEVELS_bet23_to_bet27,6.7121,6.7121,6.7121,8.3901,8.3901,4.000000,4.000000,4.000000,5.000000,5.000000,96.000000,96.000000,96.000000,95.000000,95.000000,5.0,36.9166,33.8166,130.8862,133.9862,PENDING_AG03,FALSE,NOT_FOR_ENFORCEMENT,161.0907,772.9932,167.8028,161.0907,6.7121,0.19218946,0.18450189,6.7121,161.0907,0.18450189,6.7121,6.7121,6.7121,8.3901,8.3901,161.0907,0.18450189,36.9166,33.8166,130.8862,133.9862,0.14990778,0.15345834,0.00768758,9.4903,8.7522,1.8239,6.7121,2.7967,34.9245,3.6800,,9.4903,4.8207,8.3763,11.5174,17.4868,24.7206,26.7832,7.3293,0.0,2.951252,3.1975,1.132998,22,43,9,1,0E-8,0.19218946,,0E-8,0.000000,0.922221,0.000000,,2026-03-28,2026-05-13,25,60,60,47,0.531915,,,0.000000,,,,,,,,GLOBAL_BASELINE_NO_ENTITY_RANKING,,,NOT_APPLICABLE_GLOBAL_BASELINE,HF9g-P5,,,,X 全窗基线 · 不参与实体赏罚,6870115,688,A168_HF9F_20260827_0900,2026-08-27 09:00:00
2026-04-07,143321913,2169,0,3.4028741198,-3.4028741198,-3.4028741198,0E-7,1,1,0.49324550000000000,0.493245500000,-0.9865810262130424,-0.9865810262130424,-0.9865810262130424,0E-17,ELIGIBLE,R03b_20260811_FULL_v1,L1_ELIGIBILITY,v2026-08-11,2026-03-21..2026-08-06,baccarat_bet02_101_all_pairs_incl_sentinel,round_win = game_pnl > 0 (decisive only),COMPATIBILITY_ONLY_NOT_PRODUCTION,873.1114,805.2013,167.8028,92,92,-0.19218946,,-0.19218946,-0.19218946,-167.8028,873.1114,OK,0.0000,6.7121,4.0000,96.0000,AG03-UNRESOLVED,ALL5_LEVELS_bet23_to_bet27,6.7121,6.7121,6.7121,8.3901,8.3901,4.000000,4.000000,4.000000,5.000000,5.000000,96.000000,96.000000,96.000000,95.000000,95.000000,5.0,36.9166,33.8166,130.8862,133.9862,PENDING_AG03,FALSE,NOT_FOR_ENFORCEMENT,161.0907,772.9932,167.8028,161.0907,6.7121,0.19218946,0.18450189,6.7121,161.0907,0.18450189,6.7121,6.7121,6.7121,8.3901,8.3901,161.0907,0.18450189,36.9166,33.8166,130.8862,133.9862,0.14990778,0.15345834,0.00768758,9.4903,8.7522,1.8239,6.7121,2.7967,34.9245,3.6800,,9.4903,4.8207,8.3763,11.5174,17.4868,24.7206,26.7832,7.3293,0.0,2.951252,3.1975,1.132998,22,43,9,1,0E-8,0.19218946,,0E-8,0.000000,0.922221,0.000000,,2026-03-28,2026-05-13,25,60,60,47,0.531915,,,0.000000,,,,,,,,GLOBAL_BASELINE_NO_ENTITY_RANKING,,,NOT_APPLICABLE_GLOBAL_BASELINE,HF9g-P5,,,,X 全窗基线 · 不参与实体赏罚,6870116,688,A168_HF9F_20260827_0900,2026-08-27 09:00:00
2026-04-07,143321913,2209,0,3.6646336675,-3.6646336675,-3.6646336675,0E-7,1,1,0.49324550000000000,0.493245500000,-0.9865810262130424,-0.9865810262130424,-0.9865810262130424,0E-17,ELIGIBLE,R03b_20260811_FULL_v1,L1_ELIGIBILITY,v2026-08-11,2026-03-21..2026-08-06,baccarat_bet02_101_all_pairs_incl_sentinel,round_win = game_pnl > 0 (decisive only),COMPATIBILITY_ONLY_NOT_PRODUCTION,873.1114,805.2013,167.8028,92,92,-0.19218946,,-0.19218946,-0.19218946,-167.8028,873.1114,OK,0.0000,6.7121,4.0000,96.0000,AG03-UNRESOLVED,ALL5_LEVELS_bet23_to_bet27,6.7121,6.7121,6.7121,8.3901,8.3901,4.000000,4.000000,4.000000,5.000000,5.000000,96.000000,96.000000,96.000000,95.000000,95.000000,5.0,36.9166,33.8166,130.8862,133.9862,PENDING_AG03,FALSE,NOT_FOR_ENFORCEMENT,161.0907,772.9932,167.8028,161.0907,6.7121,0.19218946,0.18450189,6.7121,161.0907,0.18450189,6.7121,6.7121,6.7121,8.3901,8.3901,161.0907,0.18450189,36.9166,33.8166,130.8862,133.9862,0.14990778,0.15345834,0.00768758,9.4903,8.7522,1.8239,6.7121,2.7967,34.9245,3.6800,,9.4903,4.8207,8.3763,11.5174,17.4868,24.7206,26.7832,7.3293,0.0,2.951252,3.1975,1.132998,22,43,9,1,0E-8,0.19218946,,0E-8,0.000000,0.922221,0.000000,,2026-03-28,2026-05-13,25,60,60,47,0.531915,,,0.000000,,,,,,,,GLOBAL_BASELINE_NO_ENTITY_RANKING,,,NOT_APPLICABLE_GLOBAL_BASELINE,HF9g-P5,,,,X 全窗基线 · 不参与实体赏罚,6870117,688,A168_HF9F_20260827_0900,2026-08-27 09:00:00
2026-04-07,143321913,2239,0,11.2556605502,-11.2556605502,-11.2556605502,0E-7,1,1,0.49324550000000000,0.493245500000,-0.9865810262130424,-0.9865810262130424,-0.9865810262130424,0E-17,ELIGIBLE,R03b_20260811_FULL_v1,L1_ELIGIBILITY,v2026-08-11,2026-03-21..2026-08-06,baccarat_bet02_101_all_pairs_incl_sentinel,round_win = game_pnl > 0 (decisive only),COMPATIBILITY_ONLY_NOT_PRODUCTION,873.1114,805.2013,167.8028,92,92,-0.19218946,,-0.19218946,-0.19218946,-167.8028,873.1114,OK,0.0000,6.7121,4.0000,96.0000,AG03-UNRESOLVED,ALL5_LEVELS_bet23_to_bet27,6.7121,6.7121,6.7121,8.3901,8.3901,4.000000,4.000000,4.000000,5.000000,5.000000,96.000000,96.000000,96.000000,95.000000,95.000000,5.0,36.9166,33.8166,130.8862,133.9862,PENDING_AG03,FALSE,NOT_FOR_ENFORCEMENT,161.0907,772.9932,167.8028,161.0907,6.7121,0.19218946,0.18450189,6.7121,161.0907,0.18450189,6.7121,6.7121,6.7121,8.3901,8.3901,161.0907,0.18450189,36.9166,33.8166,130.8862,133.9862,0.14990778,0.15345834,0.00768758,9.4903,8.7522,1.8239,6.7121,2.7967,34.9245,3.6800,,9.4903,4.8207,8.3763,11.5174,17.4868,24.7206,26.7832,7.3293,0.0,2.951252,3.1975,1.132998,22,43,9,1,0E-8,0.19218946,,0E-8,0.000000,0.922221,0.000000,,2026-03-28,2026-05-13,25,60,60,47,0.531915,,,0.000000,,,,,,,,GLOBAL_BASELINE_NO_ENTITY_RANKING,,,NOT_APPLICABLE_GLOBAL_BASELINE,HF9g-P5,,,,X 全窗基线 · 不参与实体赏罚,6870118,688,A168_HF9F_20260827_0900,2026-08-27 09:00:00
2026-04-10,143321913,2251,0,3.1411145722,-3.1411145722,-3.1411145722,0E-7,1,1,0.49324550000000000,0.493245500000,-0.9865810262130424,-0.9865810262130424,-0.9865810262130424,0E-17,ELIGIBLE,R03b_20260811_FULL_v1,L1_ELIGIBILITY,v2026-08-11,2026-03-21..2026-08-06,baccarat_bet02_101_all_pairs_incl_sentinel,round_win = game_pnl > 0 (decisive only),COMPATIBILITY_ONLY_NOT_PRODUCTION,873.1114,805.2013,167.8028,92,92,-0.19218946,,-0.19218946,-0.19218946,-167.8028,873.1114,OK,0.0000,6.7121,4.0000,96.0000,AG03-UNRESOLVED,ALL5_LEVELS_bet23_to_bet27,6.7121,6.7121,6.7121,8.3901,8.3901,4.000000,4.000000,4.000000,5.000000,5.000000,96.000000,96.000000,96.000000,95.000000,95.000000,5.0,36.9166,33.8166,130.8862,133.9862,PENDING_AG03,FALSE,NOT_FOR_ENFORCEMENT,161.0907,772.9932,167.8028,161.0907,6.7121,0.19218946,0.18450189,6.7121,161.0907,0.18450189,6.7121,6.7121,6.7121,8.3901,8.3901,161.0907,0.18450189,36.9166,33.8166,130.8862,133.9862,0.14990778,0.15345834,0.00768758,9.4903,8.7522,1.8239,6.7121,2.7967,34.9245,3.6800,,9.4903,4.8207,8.3763,11.5174,17.4868,24.7206,26.7832,7.3293,0.0,2.951252,3.1975,1.132998,22,43,9,1,0E-8,0.19218946,,0E-8,0.000000,0.922221,0.000000,,2026-03-28,2026-05-13,25,60,60,47,0.531915,,,0.000000,,,,,,,,GLOBAL_BASELINE_NO_ENTITY_RANKING,,,NOT_APPLICABLE_GLOBAL_BASELINE,HF9g-P5,,,,X 全窗基线 · 不参与实体赏罚,6870119,688,A168_HF9F_20260827_0900,2026-08-27 09:00:00
2026-04-12,143321913,1396,0,40.8344894380,-13.6114964794,-13.6114964794,0.5000000,2,2,0.49324550000000000,0.493245500000,0.01910635448239258,0.01910635448239258,0.01910635448239258,0E-17,ELIGIBLE,R03b_20260811_FULL_v1,L1_ELIGIBILITY,v2026-08-11,2026-03-21..2026-08-06,baccarat_bet02_101_all_pairs_incl_sentinel,round_win = game_pnl > 0 (decisive only),COMPATIBILITY_ONLY_NOT_PRODUCTION,873.1114,805.2013,167.8028,92,92,-0.19218946,,-0.19218946,-0.19218946,-167.8028,873.1114,OK,0.0000,6.7121,4.0000,96.0000,AG03-UNRESOLVED,ALL5_LEVELS_bet23_to_bet27,6.7121,6.7121,6.7121,8.3901,8.3901,4.000000,4.000000,4.000000,5.000000,5.000000,96.000000,96.000000,96.000000,95.000000,95.000000,5.0,36.9166,33.8166,130.8862,133.9862,PENDING_AG03,FALSE,NOT_FOR_ENFORCEMENT,161.0907,772.9932,167.8028,161.0907,6.7121,0.19218946,0.18450189,6.7121,161.0907,0.18450189,6.7121,6.7121,6.7121,8.3901,8.3901,161.0907,0.18450189,36.9166,33.8166,130.8862,133.9862,0.14990778,0.15345834,0.00768758,9.4903,8.7522,1.8239,6.7121,2.7967,34.9245,3.6800,,9.4903,4.8207,8.3763,11.5174,17.4868,24.7206,26.7832,7.3293,0.0,2.951252,3.1975,1.132998,22,43,9,1,0E-8,0.19218946,,0E-8,0.000000,0.922221,0.000000,,2026-03-28,2026-05-13,25,60,60,47,0.531915,,,0.000000,,,,,,,,GLOBAL_BASELINE_NO_ENTITY_RANKING,,,NOT_APPLICABLE_GLOBAL_BASELINE,HF9g-P5,,,,X 全窗基线 · 不参与实体赏罚,6870120,688,A168_HF9F_20260827_0900,2026-08-27 09:00:00
2026-04-12,143321913,2252,0,10.2086223595,10.2086223595,10.2086223595,1.0000000,2,2,0.49324550000000000,0.493245500000,1.4334489766152358,1.4334489766152358,1.4334489766152358,0E-17,ELIGIBLE,R03b_20260811_FULL_v1,L1_ELIGIBILITY,v2026-08-11,2026-03-21..2026-08-06,baccarat_bet02_101_all_pairs_incl_sentinel,round_win = game_pnl > 0 (decisive only),COMPATIBILITY_ONLY_NOT_PRODUCTION,873.1114,805.2013,167.8028,92,92,-0.19218946,,-0.19218946,-0.19218946,-167.8028,873.1114,OK,0.0000,6.7121,4.0000,96.0000,AG03-UNRESOLVED,ALL5_LEVELS_bet23_to_bet27,6.7121,6.7121,6.7121,8.3901,8.3901,4.000000,4.000000,4.000000,5.000000,5.000000,96.000000,96.000000,96.000000,95.000000,95.000000,5.0,36.9166,33.8166,130.8862,133.9862,PENDING_AG03,FALSE,NOT_FOR_ENFORCEMENT,161.0907,772.9932,167.8028,161.0907,6.7121,0.19218946,0.18450189,6.7121,161.0907,0.18450189,6.7121,6.7121,6.7121,8.3901,8.3901,161.0907,0.18450189,36.9166,33.8166,130.8862,133.9862,0.14990778,0.15345834,0.00768758,9.4903,8.7522,1.8239,6.7121,2.7967,34.9245,3.6800,,9.4903,4.8207,8.3763,11.5174,17.4868,24.7206,26.7832,7.3293,0.0,2.951252,3.1975,1.132998,22,43,9,1,0E-8,0.19218946,,0E-8,0.000000,0.922221,0.000000,,2026-03-28,2026-05-13,25,60,60,47,0.531915,,,0.000000,,,,,,,,GLOBAL_BASELINE_NO_ENTITY_RANKING,,,NOT_APPLICABLE_GLOBAL_BASELINE,HF9g-P5,,,,X 全窗基线 · 不参与实体赏罚,6870121,688,A168_HF9F_20260827_0900,2026-08-27 09:00:00
2026-04-13,143321913,-1,1,10.4703819072,0E-10,0E-10,,1,1,0.49324550000000000,0.493245500000,,,,0E-17,SENTINEL_DEALER,R03b_20260811_FULL_v1,L1_ELIGIBILITY,v2026-08-11,2026-03-21..2026-08-06,baccarat_bet02_101_all_pairs_incl_sentinel,round_win = game_pnl > 0 (decisive only),COMPATIBILITY_ONLY_NOT_PRODUCTION,873.1114,805.2013,167.8028,92,92,-0.19218946,,-0.19218946,-0.19218946,-167.8028,873.1114,OK,0.0000,6.7121,4.0000,96.0000,AG03-UNRESOLVED,ALL5_LEVELS_bet23_to_bet27,6.7121,6.7121,6.7121,8.3901,8.3901,4.000000,4.000000,4.000000,5.000000,5.000000,96.000000,96.000000,96.000000,95.000000,95.000000,5.0,36.9166,33.8166,130.8862,133.9862,PENDING_AG03,FALSE,NOT_FOR_ENFORCEMENT,161.0907,772.9932,167.8028,161.0907,6.7121,0.19218946,0.18450189,6.7121,161.0907,0.18450189,6.7121,6.7121,6.7121,8.3901,8.3901,161.0907,0.18450189,36.9166,33.8166,130.8862,133.9862,0.14990778,0.15345834,0.00768758,9.4903,8.7522,1.8239,6.7121,2.7967,34.9245,3.6800,,9.4903,4.8207,8.3763,11.5174,17.4868,24.7206,26.7832,7.3293,0.0,2.951252,3.1975,1.132998,22,43,9,1,0E-8,0.19218946,,0E-8,0.000000,0.922221,0.000000,,2026-03-28,2026-05-13,25,60,60,47,0.531915,,,0.000000,,,,,,,,GLOBAL_BASELINE_NO_ENTITY_RANKING,,,NOT_APPLICABLE_GLOBAL_BASELINE,HF9g-P5,,,,X 全窗基线 · 不参与实体赏罚,6870122,688,A168_HF9F_20260827_0900,2026-08-27 09:00:00
2026-04-13,143321913,1307,0,26.1759547680,5.2351909536,5.2351909536,0.6666667,3,3,0.49324550000000000,0.493245500000,0.6008033672792107,0.6008033672792106,0.6008033672792107,0E-17,ELIGIBLE,R03b_20260811_FULL_v1,L1_ELIGIBILITY,v2026-08-11,2026-03-21..2026-08-06,baccarat_bet02_101_all_pairs_incl_sentinel,round_win = game_pnl > 0 (decisive only),COMPATIBILITY_ONLY_NOT_PRODUCTION,873.1114,805.2013,167.8028,92,92,-0.19218946,,-0.19218946,-0.19218946,-167.8028,873.1114,OK,0.0000,6.7121,4.0000,96.0000,AG03-UNRESOLVED,ALL5_LEVELS_bet23_to_bet27,6.7121,6.7121,6.7121,8.3901,8.3901,4.000000,4.000000,4.000000,5.000000,5.000000,96.000000,96.000000,96.000000,95.000000,95.000000,5.0,36.9166,33.8166,130.8862,133.9862,PENDING_AG03,FALSE,NOT_FOR_ENFORCEMENT,161.0907,772.9932,167.8028,161.0907,6.7121,0.19218946,0.18450189,6.7121,161.0907,0.18450189,6.7121,6.7121,6.7121,8.3901,8.3901,161.0907,0.18450189,36.9166,33.8166,130.8862,133.9862,0.14990778,0.15345834,0.00768758,9.4903,8.7522,1.8239,6.7121,2.7967,34.9245,3.6800,,9.4903,4.8207,8.3763,11.5174,17.4868,24.7206,26.7832,7.3293,0.0,2.951252,3.1975,1.132998,22,43,9,1,0E-8,0.19218946,,0E-8,0.000000,0.922221,0.000000,,2026-03-28,2026-05-13,25,60,60,47,0.531915,,,0.000000,,,,,,,,GLOBAL_BASELINE_NO_ENTITY_RANKING,,,NOT_APPLICABLE_GLOBAL_BASELINE,HF9g-P5,,,,X 全窗基线 · 不参与实体赏罚,6870123,688,A168_HF9F_20260827_0900,2026-08-27 09:00:00
2026-04-13,143321913,1318,0,10.4703819072,10.4703819072,10.4703819072,1.0000000,1,1,0.49324550000000000,0.493245500000,1.01360149184955,1.01360149184955,1.01360149184955,0E-17,ELIGIBLE,R03b_20260811_FULL_v1,L1_ELIGIBILITY,v2026-08-11,2026-03-21..2026-08-06,baccarat_bet02_101_all_pairs_incl_sentinel,round_win = game_pnl > 0 (decisive only),COMPATIBILITY_ONLY_NOT_PRODUCTION,873.1114,805.2013,167.8028,92,92,-0.19218946,,-0.19218946,-0.19218946,-167.8028,873.1114,OK,0.0000,6.7121,4.0000,96.0000,AG03-UNRESOLVED,ALL5_LEVELS_bet23_to_bet27,6.7121,6.7121,6.7121,8.3901,8.3901,4.000000,4.000000,4.000000,5.000000,5.000000,96.000000,96.000000,96.000000,95.000000,95.000000,5.0,36.9166,33.8166,130.8862,133.9862,PENDING_AG03,FALSE,NOT_FOR_ENFORCEMENT,161.0907,772.9932,167.8028,161.0907,6.7121,0.19218946,0.18450189,6.7121,161.0907,0.18450189,6.7121,6.7121,6.7121,8.3901,8.3901,161.0907,0.18450189,36.9166,33.8166,130.8862,133.9862,0.14990778,0.15345834,0.00768758,9.4903,8.7522,1.8239,6.7121,2.7967,34.9245,3.6800,,9.4903,4.8207,8.3763,11.5174,17.4868,24.7206,26.7832,7.3293,0.0,2.951252,3.1975,1.132998,22,43,9,1,0E-8,0.19218946,,0E-8,0.000000,0.922221,0.000000,,2026-03-28,2026-05-13,25,60,60,47,0.531915,,,0.000000,,,,,,,,GLOBAL_BASELINE_NO_ENTITY_RANKING,,,NOT_APPLICABLE_GLOBAL_BASELINE,HF9g-P5,,,,X 全窗基线 · 不参与实体赏罚,6870124,688,A168_HF9F_20260827_0900,2026-08-27 09:00:00
2026-04-13,143321913,1947,0,10.4703819072,0E-10,0E-10,,1,1,0.49324550000000000,0.493245500000,,,,0E-17,NO_DECISIVE_ROUND,R03b_20260811_FULL_v1,L1_ELIGIBILITY,v2026-08-11,2026-03-21..2026-08-06,baccarat_bet02_101_all_pairs_incl_sentinel,round_win = game_pnl > 0 (decisive only),COMPATIBILITY_ONLY_NOT_PRODUCTION,873.1114,805.2013,167.8028,92,92,-0.19218946,,-0.19218946,-0.19218946,-167.8028,873.1114,OK,0.0000,6.7121,4.0000,96.0000,AG03-UNRESOLVED,ALL5_LEVELS_bet23_to_bet27,6.7121,6.7121,6.7121,8.3901,8.3901,4.000000,4.000000,4.000000,5.000000,5.000000,96.000000,96.000000,96.000000,95.000000,95.000000,5.0,36.9166,33.8166,130.8862,133.9862,PENDING_AG03,FALSE,NOT_FOR_ENFORCEMENT,161.0907,772.9932,167.8028,161.0907,6.7121,0.19218946,0.18450189,6.7121,161.0907,0.18450189,6.7121,6.7121,6.7121,8.3901,8.3901,161.0907,0.18450189,36.9166,33.8166,130.8862,133.9862,0.14990778,0.15345834,0.00768758,9.4903,8.7522,1.8239,6.7121,2.7967,34.9245,3.6800,,9.4903,4.8207,8.3763,11.5174,17.4868,24.7206,26.7832,7.3293,0.0,2.951252,3.1975,1.132998,22,43,9,1,0E-8,0.19218946,,0E-8,0.000000,0.922221,0.000000,,2026-03-28,2026-05-13,25,60,60,47,0.531915,,,0.000000,,,,,,,,GLOBAL_BASELINE_NO_ENTITY_RANKING,,,NOT_APPLICABLE_GLOBAL_BASELINE,HF9g-P5,,,,X 全窗基线 · 不参与实体赏罚,6870125,688,A168_HF9F_20260827_0900,2026-08-27 09:00:00
2026-04-13,143321913,2115,0,20.9407638144,-20.9407638144,-20.9407638144,0E-7,1,1,0.49324550000000000,0.493245500000,-0.9865810262130424,-0.9865810262130424,-0.9865810262130424,0E-17,ELIGIBLE,R03b_20260811_FULL_v1,L1_ELIGIBILITY,v2026-08-11,2026-03-21..2026-08-06,baccarat_bet02_101_all_pairs_incl_sentinel,round_win = game_pnl > 0 (decisive only),COMPATIBILITY_ONLY_NOT_PRODUCTION,873.1114,805.2013,167.8028,92,92,-0.19218946,,-0.19218946,-0.19218946,-167.8028,873.1114,OK,0.0000,6.7121,4.0000,96.0000,AG03-UNRESOLVED,ALL5_LEVELS_bet23_to_bet27,6.7121,6.7121,6.7121,8.3901,8.3901,4.000000,4.000000,4.000000,5.000000,5.000000,96.000000,96.000000,96.000000,95.000000,95.000000,5.0,36.9166,33.8166,130.8862,133.9862,PENDING_AG03,FALSE,NOT_FOR_ENFORCEMENT,161.0907,772.9932,167.8028,161.0907,6.7121,0.19218946,0.18450189,6.7121,161.0907,0.18450189,6.7121,6.7121,6.7121,8.3901,8.3901,161.0907,0.18450189,36.9166,33.8166,130.8862,133.9862,0.14990778,0.15345834,0.00768758,9.4903,8.7522,1.8239,6.7121,2.7967,34.9245,3.6800,,9.4903,4.8207,8.3763,11.5174,17.4868,24.7206,26.7832,7.3293,0.0,2.951252,3.1975,1.132998,22,43,9,1,0E-8,0.19218946,,0E-8,0.000000,0.922221,0.000000,,2026-03-28,2026-05-13,25,60,60,47,0.531915,,,0.000000,,,,,,,,GLOBAL_BASELINE_NO_ENTITY_RANKING,,,NOT_APPLICABLE_GLOBAL_BASELINE,HF9g-P5,,,,X 全窗基线 · 不参与实体赏罚,6870126,688,A168_HF9F_20260827_0900,2026-08-27 09:00:00
2026-04-14,143321913,1157,0,8.6380650734,8.6380650734,8.6380650734,1.0000000,1,1,0.49324550000000000,0.493245500000,1.01360149184955,1.01360149184955,1.01360149184955,0E-17,ELIGIBLE,R03b_20260811_FULL_v1,L1_ELIGIBILITY,v2026-08-11,2026-03-21..2026-08-06,baccarat_bet02_101_all_pairs_incl_sentinel,round_win = game_pnl > 0 (decisive only),COMPATIBILITY_ONLY_NOT_PRODUCTION,873.1114,805.2013,167.8028,92,92,-0.19218946,,-0.19218946,-0.19218946,-167.8028,873.1114,OK,0.0000,6.7121,4.0000,96.0000,AG03-UNRESOLVED,ALL5_LEVELS_bet23_to_bet27,6.7121,6.7121,6.7121,8.3901,8.3901,4.000000,4.000000,4.000000,5.000000,5.000000,96.000000,96.000000,96.000000,95.000000,95.000000,5.0,36.9166,33.8166,130.8862,133.9862,PENDING_AG03,FALSE,NOT_FOR_ENFORCEMENT,161.0907,772.9932,167.8028,161.0907,6.7121,0.19218946,0.18450189,6.7121,161.0907,0.18450189,6.7121,6.7121,6.7121,8.3901,8.3901,161.0907,0.18450189,36.9166,33.8166,130.8862,133.9862,0.14990778,0.15345834,0.00768758,9.4903,8.7522,1.8239,6.7121,2.7967,34.9245,3.6800,,9.4903,4.8207,8.3763,11.5174,17.4868,24.7206,26.7832,7.3293,0.0,2.951252,3.1975,1.132998,22,43,9,1,0E-8,0.19218946,,0E-8,0.000000,0.922221,0.000000,,2026-03-28,2026-05-13,25,60,60,47,0.531915,,,0.000000,,,,,,,,GLOBAL_BASELINE_NO_ENTITY_RANKING,,,NOT_APPLICABLE_GLOBAL_BASELINE,HF9g-P5,,,,X 全窗基线 · 不参与实体赏罚,6870127,688,A168_HF9F_20260827_0900,2026-08-27 09:00:00
2026-04-14,143321913,1325,0,17.2761301468,-17.2761301468,-17.2761301468,0E-7,2,2,0.49324550000000000,0.493245500000,-1.3952362676504506,-1.3952362676504506,-1.3952362676504506,0E-17,ELIGIBLE,R03b_20260811_FULL_v1,L1_ELIGIBILITY,v2026-08-11,2026-03-21..2026-08-06,baccarat_bet02_101_all_pairs_incl_sentinel,round_win = game_pnl > 0 (decisive only),COMPATIBILITY_ONLY_NOT_PRODUCTION,873.1114,805.2013,167.8028,92,92,-0.19218946,,-0.19218946,-0.19218946,-167.8028,873.1114,OK,0.0000,6.7121,4.0000,96.0000,AG03-UNRESOLVED,ALL5_LEVELS_bet23_to_bet27,6.7121,6.7121,6.7121,8.3901,8.3901,4.000000,4.000000,4.000000,5.000000,5.000000,96.000000,96.000000,96.000000,95.000000,95.000000,5.0,36.9166,33.8166,130.8862,133.9862,PENDING_AG03,FALSE,NOT_FOR_ENFORCEMENT,161.0907,772.9932,167.8028,161.0907,6.7121,0.19218946,0.18450189,6.7121,161.0907,0.18450189,6.7121,6.7121,6.7121,8.3901,8.3901,161.0907,0.18450189,36.9166,33.8166,130.8862,133.9862,0.14990778,0.15345834,0.00768758,9.4903,8.7522,1.8239,6.7121,2.7967,34.9245,3.6800,,9.4903,4.8207,8.3763,11.5174,17.4868,24.7206,26.7832,7.3293,0.0,2.951252,3.1975,1.132998,22,43,9,1,0E-8,0.19218946,,0E-8,0.000000,0.922221,0.000000,,2026-03-28,2026-05-13,25,60,60,47,0.531915,,,0.000000,,,,,,,,GLOBAL_BASELINE_NO_ENTITY_RANKING,,,NOT_APPLICABLE_GLOBAL_BASELINE,HF9g-P5,,,,X 全窗基线 · 不参与实体赏罚,6870128,688,A168_HF9F_20260827_0900,2026-08-27 09:00:00
2026-04-15,143321913,1205,0,10.4703819072,10.4703819072,10.4703819072,1.0000000,1,1,0.49324550000000000,0.493245500000,1.01360149184955,1.01360149184955,1.01360149184955,0E-17,ELIGIBLE,R03b_20260811_FULL_v1,L1_ELIGIBILITY,v2026-08-11,2026-03-21..2026-08-06,baccarat_bet02_101_all_pairs_incl_sentinel,round_win = game_pnl > 0 (decisive only),COMPATIBILITY_ONLY_NOT_PRODUCTION,873.1114,805.2013,167.8028,92,92,-0.19218946,,-0.19218946,-0.19218946,-167.8028,873.1114,OK,0.0000,6.7121,4.0000,96.0000,AG03-UNRESOLVED,ALL5_LEVELS_bet23_to_bet27,6.7121,6.7121,6.7121,8.3901,8.3901,4.000000,4.000000,4.000000,5.000000,5.000000,96.000000,96.000000,96.000000,95.000000,95.000000,5.0,36.9166,33.8166,130.8862,133.9862,PENDING_AG03,FALSE,NOT_FOR_ENFORCEMENT,161.0907,772.9932,167.8028,161.0907,6.7121,0.19218946,0.18450189,6.7121,161.0907,0.18450189,6.7121,6.7121,6.7121,8.3901,8.3901,161.0907,0.18450189,36.9166,33.8166,130.8862,133.9862,0.14990778,0.15345834,0.00768758,9.4903,8.7522,1.8239,6.7121,2.7967,34.9245,3.6800,,9.4903,4.8207,8.3763,11.5174,17.4868,24.7206,26.7832,7.3293,0.0,2.951252,3.1975,1.132998,22,43,9,1,0E-8,0.19218946,,0E-8,0.000000,0.922221,0.000000,,2026-03-28,2026-05-13,25,60,60,47,0.531915,,,0.000000,,,,,,,,GLOBAL_BASELINE_NO_ENTITY_RANKING,,,NOT_APPLICABLE_GLOBAL_BASELINE,HF9g-P5,,,,X 全窗基线 · 不参与实体赏罚,6870129,688,A168_HF9F_20260827_0900,2026-08-27 09:00:00
2026-04-15,143321913,2101,0,10.4703819072,5.2351909536,5.2351909536,1.0000000,2,2,0.49324550000000000,0.493245500000,1.01360149184955,1.01360149184955,1.01360149184955,0E-17,ELIGIBLE,R03b_20260811_FULL_v1,L1_ELIGIBILITY,v2026-08-11,2026-03-21..2026-08-06,baccarat_bet02_101_all_pairs_incl_sentinel,round_win = game_pnl > 0 (decisive only),COMPATIBILITY_ONLY_NOT_PRODUCTION,873.1114,805.2013,167.8028,92,92,-0.19218946,,-0.19218946,-0.19218946,-167.8028,873.1114,OK,0.0000,6.7121,4.0000,96.0000,AG03-UNRESOLVED,ALL5_LEVELS_bet23_to_bet27,6.7121,6.7121,6.7121,8.3901,8.3901,4.000000,4.000000,4.000000,5.000000,5.000000,96.000000,96.000000,96.000000,95.000000,95.000000,5.0,36.9166,33.8166,130.8862,133.9862,PENDING_AG03,FALSE,NOT_FOR_ENFORCEMENT,161.0907,772.9932,167.8028,161.0907,6.7121,0.19218946,0.18450189,6.7121,161.0907,0.18450189,6.7121,6.7121,6.7121,8.3901,8.3901,161.0907,0.18450189,36.9166,33.8166,130.8862,133.9862,0.14990778,0.15345834,0.00768758,9.4903,8.7522,1.8239,6.7121,2.7967,34.9245,3.6800,,9.4903,4.8207,8.3763,11.5174,17.4868,24.7206,26.7832,7.3293,0.0,2.951252,3.1975,1.132998,22,43,9,1,0E-8,0.19218946,,0E-8,0.000000,0.922221,0.000000,,2026-03-28,2026-05-13,25,60,60,47,0.531915,,,0.000000,,,,,,,,GLOBAL_BASELINE_NO_ENTITY_RANKING,,,NOT_APPLICABLE_GLOBAL_BASELINE,HF9g-P5,,,,X 全窗基线 · 不参与实体赏罚,6870130,688,A168_HF9F_20260827_0900,2026-08-27 09:00:00
2026-04-15,143321913,2106,0,10.4703819072,10.4703819072,10.4703819072,1.0000000,1,1,0.49324550000000000,0.493245500000,1.01360149184955,1.01360149184955,1.01360149184955,0E-17,ELIGIBLE,R03b_20260811_FULL_v1,L1_ELIGIBILITY,v2026-08-11,2026-03-21..2026-08-06,baccarat_bet02_101_all_pairs_incl_sentinel,round_win = game_pnl > 0 (decisive only),COMPATIBILITY_ONLY_NOT_PRODUCTION,873.1114,805.2013,167.8028,92,92,-0.19218946,,-0.19218946,-0.19218946,-167.8028,873.1114,OK,0.0000,6.7121,4.0000,96.0000,AG03-UNRESOLVED,ALL5_LEVELS_bet23_to_bet27,6.7121,6.7121,6.7121,8.3901,8.3901,4.000000,4.000000,4.000000,5.000000,5.000000,96.000000,96.000000,96.000000,95.000000,95.000000,5.0,36.9166,33.8166,130.8862,133.9862,PENDING_AG03,FALSE,NOT_FOR_ENFORCEMENT,161.0907,772.9932,167.8028,161.0907,6.7121,0.19218946,0.18450189,6.7121,161.0907,0.18450189,6.7121,6.7121,6.7121,8.3901,8.3901,161.0907,0.18450189,36.9166,33.8166,130.8862,133.9862,0.14990778,0.15345834,0.00768758,9.4903,8.7522,1.8239,6.7121,2.7967,34.9245,3.6800,,9.4903,4.8207,8.3763,11.5174,17.4868,24.7206,26.7832,7.3293,0.0,2.951252,3.1975,1.132998,22,43,9,1,0E-8,0.19218946,,0E-8,0.000000,0.922221,0.000000,,2026-03-28,2026-05-13,25,60,60,47,0.531915,,,0.000000,,,,,,,,GLOBAL_BASELINE_NO_ENTITY_RANKING,,,NOT_APPLICABLE_GLOBAL_BASELINE,HF9g-P5,,,,X 全窗基线 · 不参与实体赏罚,6870131,688,A168_HF9F_20260827_0900,2026-08-27 09:00:00
2026-04-15,143321913,752,0,167.5261105152,-31.4111457216,-31.4111457216,0.3750000,9,9,0.49324550000000000,0.493245500000,-0.6689586021016365,-0.6689586021016365,-0.6689586021016365,0E-17,ELIGIBLE,R03b_20260811_FULL_v1,L1_ELIGIBILITY,v2026-08-11,2026-03-21..2026-08-06,baccarat_bet02_101_all_pairs_incl_sentinel,round_win = game_pnl > 0 (decisive only),COMPATIBILITY_ONLY_NOT_PRODUCTION,873.1114,805.2013,167.8028,92,92,-0.19218946,,-0.19218946,-0.19218946,-167.8028,873.1114,OK,0.0000,6.7121,4.0000,96.0000,AG03-UNRESOLVED,ALL5_LEVELS_bet23_to_bet27,6.7121,6.7121,6.7121,8.3901,8.3901,4.000000,4.000000,4.000000,5.000000,5.000000,96.000000,96.000000,96.000000,95.000000,95.000000,5.0,36.9166,33.8166,130.8862,133.9862,PENDING_AG03,FALSE,NOT_FOR_ENFORCEMENT,161.0907,772.9932,167.8028,161.0907,6.7121,0.19218946,0.18450189,6.7121,161.0907,0.18450189,6.7121,6.7121,6.7121,8.3901,8.3901,161.0907,0.18450189,36.9166,33.8166,130.8862,133.9862,0.14990778,0.15345834,0.00768758,9.4903,8.7522,1.8239,6.7121,2.7967,34.9245,3.6800,,9.4903,4.8207,8.3763,11.5174,17.4868,24.7206,26.7832,7.3293,0.0,2.951252,3.1975,1.132998,22,43,9,1,0E-8,0.19218946,,0E-8,0.000000,0.922221,0.000000,,2026-03-28,2026-05-13,25,60,60,47,0.531915,,,0.000000,,,,,,,,GLOBAL_BASELINE_NO_ENTITY_RANKING,,,NOT_APPLICABLE_GLOBAL_BASELINE,HF9g-P5,,,,X 全窗基线 · 不参与实体赏罚,6870132,688,A168_HF9F_20260827_0900,2026-08-27 09:00:00
2026-04-21,143321913,1985,0,23.8201188388,-3.4028741198,-3.4028741198,0.6666667,3,3,0.49324550000000000,0.493245500000,0.6008033672792107,0.6008033672792106,0.6008033672792107,0E-17,ELIGIBLE,R03b_20260811_FULL_v1,L1_ELIGIBILITY,v2026-08-11,2026-03-21..2026-08-06,baccarat_bet02_101_all_pairs_incl_sentinel,round_win = game_pnl > 0 (decisive only),COMPATIBILITY_ONLY_NOT_PRODUCTION,873.1114,805.2013,167.8028,92,92,-0.19218946,,-0.19218946,-0.19218946,-167.8028,873.1114,OK,0.0000,6.7121,4.0000,96.0000,AG03-UNRESOLVED,ALL5_LEVELS_bet23_to_bet27,6.7121,6.7121,6.7121,8.3901,8.3901,4.000000,4.000000,4.000000,5.000000,5.000000,96.000000,96.000000,96.000000,95.000000,95.000000,5.0,36.9166,33.8166,130.8862,133.9862,PENDING_AG03,FALSE,NOT_FOR_ENFORCEMENT,161.0907,772.9932,167.8028,161.0907,6.7121,0.19218946,0.18450189,6.7121,161.0907,0.18450189,6.7121,6.7121,6.7121,8.3901,8.3901,161.0907,0.18450189,36.9166,33.8166,130.8862,133.9862,0.14990778,0.15345834,0.00768758,9.4903,8.7522,1.8239,6.7121,2.7967,34.9245,3.6800,,9.4903,4.8207,8.3763,11.5174,17.4868,24.7206,26.7832,7.3293,0.0,2.951252,3.1975,1.132998,22,43,9,1,0E-8,0.19218946,,0E-8,0.000000,0.922221,0.000000,,2026-03-28,2026-05-13,25,60,60,47,0.531915,,,0.000000,,,,,,,,GLOBAL_BASELINE_NO_ENTITY_RANKING,,,NOT_APPLICABLE_GLOBAL_BASELINE,HF9g-P5,,,,X 全窗基线 · 不参与实体赏罚,6870133,688,A168_HF9F_20260827_0900,2026-08-27 09:00:00
2026-04-22,143321913,-1,1,8.3763055257,8.3763055257,8.3763055257,1.0000000,1,1,0.49324550000000000,0.493245500000,1.01360149184955,1.01360149184955,1.01360149184955,0E-17,SENTINEL_DEALER,R03b_20260811_FULL_v1,L1_ELIGIBILITY,v2026-08-11,2026-03-21..2026-08-06,baccarat_bet02_101_all_pairs_incl_sentinel,round_win = game_pnl > 0 (decisive only),COMPATIBILITY_ONLY_NOT_PRODUCTION,873.1114,805.2013,167.8028,92,92,-0.19218946,,-0.19218946,-0.19218946,-167.8028,873.1114,OK,0.0000,6.7121,4.0000,96.0000,AG03-UNRESOLVED,ALL5_LEVELS_bet23_to_bet27,6.7121,6.7121,6.7121,8.3901,8.3901,4.000000,4.000000,4.000000,5.000000,5.000000,96.000000,96.000000,96.000000,95.000000,95.000000,5.0,36.9166,33.8166,130.8862,133.9862,PENDING_AG03,FALSE,NOT_FOR_ENFORCEMENT,161.0907,772.9932,167.8028,161.0907,6.7121,0.19218946,0.18450189,6.7121,161.0907,0.18450189,6.7121,6.7121,6.7121,8.3901,8.3901,161.0907,0.18450189,36.9166,33.8166,130.8862,133.9862,0.14990778,0.15345834,0.00768758,9.4903,8.7522,1.8239,6.7121,2.7967,34.9245,3.6800,,9.4903,4.8207,8.3763,11.5174,17.4868,24.7206,26.7832,7.3293,0.0,2.951252,3.1975,1.132998,22,43,9,1,0E-8,0.19218946,,0E-8,0.000000,0.922221,0.000000,,2026-03-28,2026-05-13,25,60,60,47,0.531915,,,0.000000,,,,,,,,GLOBAL_BASELINE_NO_ENTITY_RANKING,,,NOT_APPLICABLE_GLOBAL_BASELINE,HF9g-P5,,,,X 全窗基线 · 不参与实体赏罚,6870134,688,A168_HF9F_20260827_0900,2026-08-27 09:00:00
2026-04-22,143321913,1306,0,7.3292673350,-7.3292673350,-7.3292673350,0E-7,1,1,0.49324550000000000,0.493245500000,-0.9865810262130424,-0.9865810262130424,-0.9865810262130424,0E-17,ELIGIBLE,R03b_20260811_FULL_v1,L1_ELIGIBILITY,v2026-08-11,2026-03-21..2026-08-06,baccarat_bet02_101_all_pairs_incl_sentinel,round_win = game_pnl > 0 (decisive only),COMPATIBILITY_ONLY_NOT_PRODUCTION,873.1114,805.2013,167.8028,92,92,-0.19218946,,-0.19218946,-0.19218946,-167.8028,873.1114,OK,0.0000,6.7121,4.0000,96.0000,AG03-UNRESOLVED,ALL5_LEVELS_bet23_to_bet27,6.7121,6.7121,6.7121,8.3901,8.3901,4.000000,4.000000,4.000000,5.000000,5.000000,96.000000,96.000000,96.000000,95.000000,95.000000,5.0,36.9166,33.8166,130.8862,133.9862,PENDING_AG03,FALSE,NOT_FOR_ENFORCEMENT,161.0907,772.9932,167.8028,161.0907,6.7121,0.19218946,0.18450189,6.7121,161.0907,0.18450189,6.7121,6.7121,6.7121,8.3901,8.3901,161.0907,0.18450189,36.9166,33.8166,130.8862,133.9862,0.14990778,0.15345834,0.00768758,9.4903,8.7522,1.8239,6.7121,2.7967,34.9245,3.6800,,9.4903,4.8207,8.3763,11.5174,17.4868,24.7206,26.7832,7.3293,0.0,2.951252,3.1975,1.132998,22,43,9,1,0E-8,0.19218946,,0E-8,0.000000,0.922221,0.000000,,2026-03-28,2026-05-13,25,60,60,47,0.531915,,,0.000000,,,,,,,,GLOBAL_BASELINE_NO_ENTITY_RANKING,,,NOT_APPLICABLE_GLOBAL_BASELINE,HF9g-P5,,,,X 全窗基线 · 不参与实体赏罚,6870135,688,A168_HF9F_20260827_0900,2026-08-27 09:00:00
2026-04-22,143321913,1331,0,16.7526110515,-16.7526110515,-16.7526110515,0E-7,1,1,0.49324550000000000,0.493245500000,-0.9865810262130424,-0.9865810262130424,-0.9865810262130424,0E-17,ELIGIBLE,R03b_20260811_FULL_v1,L1_ELIGIBILITY,v2026-08-11,2026-03-21..2026-08-06,baccarat_bet02_101_all_pairs_incl_sentinel,round_win = game_pnl > 0 (decisive only),COMPATIBILITY_ONLY_NOT_PRODUCTION,873.1114,805.2013,167.8028,92,92,-0.19218946,,-0.19218946,-0.19218946,-167.8028,873.1114,OK,0.0000,6.7121,4.0000,96.0000,AG03-UNRESOLVED,ALL5_LEVELS_bet23_to_bet27,6.7121,6.7121,6.7121,8.3901,8.3901,4.000000,4.000000,4.000000,5.000000,5.000000,96.000000,96.000000,96.000000,95.000000,95.000000,5.0,36.9166,33.8166,130.8862,133.9862,PENDING_AG03,FALSE,NOT_FOR_ENFORCEMENT,161.0907,772.9932,167.8028,161.0907,6.7121,0.19218946,0.18450189,6.7121,161.0907,0.18450189,6.7121,6.7121,6.7121,8.3901,8.3901,161.0907,0.18450189,36.9166,33.8166,130.8862,133.9862,0.14990778,0.15345834,0.00768758,9.4903,8.7522,1.8239,6.7121,2.7967,34.9245,3.6800,,9.4903,4.8207,8.3763,11.5174,17.4868,24.7206,26.7832,7.3293,0.0,2.951252,3.1975,1.132998,22,43,9,1,0E-8,0.19218946,,0E-8,0.000000,0.922221,0.000000,,2026-03-28,2026-05-13,25,60,60,47,0.531915,,,0.000000,,,,,,,,GLOBAL_BASELINE_NO_ENTITY_RANKING,,,NOT_APPLICABLE_GLOBAL_BASELINE,HF9g-P5,,,,X 全窗基线 · 不参与实体赏罚,6870136,688,A168_HF9F_20260827_0900,2026-08-27 09:00:00
2026-04-23,143321913,1306,0,7.3292673350,7.3292673350,7.3292673350,1.0000000,1,1,0.49324550000000000,0.493245500000,1.01360149184955,1.01360149184955,1.01360149184955,0E-17,ELIGIBLE,R03b_20260811_FULL_v1,L1_ELIGIBILITY,v2026-08-11,2026-03-21..2026-08-06,baccarat_bet02_101_all_pairs_incl_sentinel,round_win = game_pnl > 0 (decisive only),COMPATIBILITY_ONLY_NOT_PRODUCTION,873.1114,805.2013,167.8028,92,92,-0.19218946,,-0.19218946,-0.19218946,-167.8028,873.1114,OK,0.0000,6.7121,4.0000,96.0000,AG03-UNRESOLVED,ALL5_LEVELS_bet23_to_bet27,6.7121,6.7121,6.7121,8.3901,8.3901,4.000000,4.000000,4.000000,5.000000,5.000000,96.000000,96.000000,96.000000,95.000000,95.000000,5.0,36.9166,33.8166,130.8862,133.9862,PENDING_AG03,FALSE,NOT_FOR_ENFORCEMENT,161.0907,772.9932,167.8028,161.0907,6.7121,0.19218946,0.18450189,6.7121,161.0907,0.18450189,6.7121,6.7121,6.7121,8.3901,8.3901,161.0907,0.18450189,36.9166,33.8166,130.8862,133.9862,0.14990778,0.15345834,0.00768758,9.4903,8.7522,1.8239,6.7121,2.7967,34.9245,3.6800,,9.4903,4.8207,8.3763,11.5174,17.4868,24.7206,26.7832,7.3293,0.0,2.951252,3.1975,1.132998,22,43,9,1,0E-8,0.19218946,,0E-8,0.000000,0.922221,0.000000,,2026-03-28,2026-05-13,25,60,60,47,0.531915,,,0.000000,,,,,,,,GLOBAL_BASELINE_NO_ENTITY_RANKING,,,NOT_APPLICABLE_GLOBAL_BASELINE,HF9g-P5,,,,X 全窗基线 · 不参与实体赏罚,6870137,688,A168_HF9F_20260827_0900,2026-08-27 09:00:00
2026-04-23,143321913,2093,0,14.6585346701,-14.6585346701,-14.6585346701,0E-7,1,1,0.49324550000000000,0.493245500000,-0.9865810262130424,-0.9865810262130424,-0.9865810262130424,0E-17,ELIGIBLE,R03b_20260811_FULL_v1,L1_ELIGIBILITY,v2026-08-11,2026-03-21..2026-08-06,baccarat_bet02_101_all_pairs_incl_sentinel,round_win = game_pnl > 0 (decisive only),COMPATIBILITY_ONLY_NOT_PRODUCTION,873.1114,805.2013,167.8028,92,92,-0.19218946,,-0.19218946,-0.19218946,-167.8028,873.1114,OK,0.0000,6.7121,4.0000,96.0000,AG03-UNRESOLVED,ALL5_LEVELS_bet23_to_bet27,6.7121,6.7121,6.7121,8.3901,8.3901,4.000000,4.000000,4.000000,5.000000,5.000000,96.000000,96.000000,96.000000,95.000000,95.000000,5.0,36.9166,33.8166,130.8862,133.9862,PENDING_AG03,FALSE,NOT_FOR_ENFORCEMENT,161.0907,772.9932,167.8028,161.0907,6.7121,0.19218946,0.18450189,6.7121,161.0907,0.18450189,6.7121,6.7121,6.7121,8.3901,8.3901,161.0907,0.18450189,36.9166,33.8166,130.8862,133.9862,0.14990778,0.15345834,0.00768758,9.4903,8.7522,1.8239,6.7121,2.7967,34.9245,3.6800,,9.4903,4.8207,8.3763,11.5174,17.4868,24.7206,26.7832,7.3293,0.0,2.951252,3.1975,1.132998,22,43,9,1,0E-8,0.19218946,,0E-8,0.000000,0.922221,0.000000,,2026-03-28,2026-05-13,25,60,60,47,0.531915,,,0.000000,,,,,,,,GLOBAL_BASELINE_NO_ENTITY_RANKING,,,NOT_APPLICABLE_GLOBAL_BASELINE,HF9g-P5,,,,X 全窗基线 · 不参与实体赏罚,6870138,688,A168_HF9F_20260827_0900,2026-08-27 09:00:00
2026-04-24,143321913,2093,0,12.5644582886,-4.1881527628,-4.1881527628,0.5000000,2,2,0.49324550000000000,0.493245500000,0.01910635448239258,0.01910635448239258,0.01910635448239258,0E-17,ELIGIBLE,R03b_20260811_FULL_v1,L1_ELIGIBILITY,v2026-08-11,2026-03-21..2026-08-06,baccarat_bet02_101_all_pairs_incl_sentinel,round_win = game_pnl > 0 (decisive only),COMPATIBILITY_ONLY_NOT_PRODUCTION,873.1114,805.2013,167.8028,92,92,-0.19218946,,-0.19218946,-0.19218946,-167.8028,873.1114,OK,0.0000,6.7121,4.0000,96.0000,AG03-UNRESOLVED,ALL5_LEVELS_bet23_to_bet27,6.7121,6.7121,6.7121,8.3901,8.3901,4.000000,4.000000,4.000000,5.000000,5.000000,96.000000,96.000000,96.000000,95.000000,95.000000,5.0,36.9166,33.8166,130.8862,133.9862,PENDING_AG03,FALSE,NOT_FOR_ENFORCEMENT,161.0907,772.9932,167.8028,161.0907,6.7121,0.19218946,0.18450189,6.7121,161.0907,0.18450189,6.7121,6.7121,6.7121,8.3901,8.3901,161.0907,0.18450189,36.9166,33.8166,130.8862,133.9862,0.14990778,0.15345834,0.00768758,9.4903,8.7522,1.8239,6.7121,2.7967,34.9245,3.6800,,9.4903,4.8207,8.3763,11.5174,17.4868,24.7206,26.7832,7.3293,0.0,2.951252,3.1975,1.132998,22,43,9,1,0E-8,0.19218946,,0E-8,0.000000,0.922221,0.000000,,2026-03-28,2026-05-13,25,60,60,47,0.531915,,,0.000000,,,,,,,,GLOBAL_BASELINE_NO_ENTITY_RANKING,,,NOT_APPLICABLE_GLOBAL_BASELINE,HF9g-P5,,,,X 全窗基线 · 不参与实体赏罚,6870139,688,A168_HF9F_20260827_0900,2026-08-27 09:00:00
2026-04-26,143321913,2239,0,4.9734314059,-4.9734314059,-4.9734314059,0E-7,1,1,0.49324550000000000,0.493245500000,-0.9865810262130424,-0.9865810262130424,-0.9865810262130424,0E-17,ELIGIBLE,R03b_20260811_FULL_v1,L1_ELIGIBILITY,v2026-08-11,2026-03-21..2026-08-06,baccarat_bet02_101_all_pairs_incl_sentinel,round_win = game_pnl > 0 (decisive only),COMPATIBILITY_ONLY_NOT_PRODUCTION,873.1114,805.2013,167.8028,92,92,-0.19218946,,-0.19218946,-0.19218946,-167.8028,873.1114,OK,0.0000,6.7121,4.0000,96.0000,AG03-UNRESOLVED,ALL5_LEVELS_bet23_to_bet27,6.7121,6.7121,6.7121,8.3901,8.3901,4.000000,4.000000,4.000000,5.000000,5.000000,96.000000,96.000000,96.000000,95.000000,95.000000,5.0,36.9166,33.8166,130.8862,133.9862,PENDING_AG03,FALSE,NOT_FOR_ENFORCEMENT,161.0907,772.9932,167.8028,161.0907,6.7121,0.19218946,0.18450189,6.7121,161.0907,0.18450189,6.7121,6.7121,6.7121,8.3901,8.3901,161.0907,0.18450189,36.9166,33.8166,130.8862,133.9862,0.14990778,0.15345834,0.00768758,9.4903,8.7522,1.8239,6.7121,2.7967,34.9245,3.6800,,9.4903,4.8207,8.3763,11.5174,17.4868,24.7206,26.7832,7.3293,0.0,2.951252,3.1975,1.132998,22,43,9,1,0E-8,0.19218946,,0E-8,0.000000,0.922221,0.000000,,2026-03-28,2026-05-13,25,60,60,47,0.531915,,,0.000000,,,,,,,,GLOBAL_BASELINE_NO_ENTITY_RANKING,,,NOT_APPLICABLE_GLOBAL_BASELINE,HF9g-P5,,,,X 全窗基线 · 不参与实体赏罚,6870140,688,A168_HF9F_20260827_0900,2026-08-27 09:00:00
2026-04-28,143321913,-1,1,3.6646336675,3.6646336675,3.6646336675,1.0000000,1,1,0.49324550000000000,0.493245500000,1.01360149184955,1.01360149184955,1.01360149184955,0E-17,SENTINEL_DEALER,R03b_20260811_FULL_v1,L1_ELIGIBILITY,v2026-08-11,2026-03-21..2026-08-06,baccarat_bet02_101_all_pairs_incl_sentinel,round_win = game_pnl > 0 (decisive only),COMPATIBILITY_ONLY_NOT_PRODUCTION,873.1114,805.2013,167.8028,92,92,-0.19218946,,-0.19218946,-0.19218946,-167.8028,873.1114,OK,0.0000,6.7121,4.0000,96.0000,AG03-UNRESOLVED,ALL5_LEVELS_bet23_to_bet27,6.7121,6.7121,6.7121,8.3901,8.3901,4.000000,4.000000,4.000000,5.000000,5.000000,96.000000,96.000000,96.000000,95.000000,95.000000,5.0,36.9166,33.8166,130.8862,133.9862,PENDING_AG03,FALSE,NOT_FOR_ENFORCEMENT,161.0907,772.9932,167.8028,161.0907,6.7121,0.19218946,0.18450189,6.7121,161.0907,0.18450189,6.7121,6.7121,6.7121,8.3901,8.3901,161.0907,0.18450189,36.9166,33.8166,130.8862,133.9862,0.14990778,0.15345834,0.00768758,9.4903,8.7522,1.8239,6.7121,2.7967,34.9245,3.6800,,9.4903,4.8207,8.3763,11.5174,17.4868,24.7206,26.7832,7.3293,0.0,2.951252,3.1975,1.132998,22,43,9,1,0E-8,0.19218946,,0E-8,0.000000,0.922221,0.000000,,2026-03-28,2026-05-13,25,60,60,47,0.531915,,,0.000000,,,,,,,,GLOBAL_BASELINE_NO_ENTITY_RANKING,,,NOT_APPLICABLE_GLOBAL_BASELINE,HF9g-P5,,,,X 全窗基线 · 不参与实体赏罚,6870141,688,A168_HF9F_20260827_0900,2026-08-27 09:00:00
2026-04-28,143321913,1396,0,7.3292673350,-7.3292673350,-7.3292673350,0E-7,1,1,0.49324550000000000,0.493245500000,-0.9865810262130424,-0.9865810262130424,-0.9865810262130424,0E-17,ELIGIBLE,R03b_20260811_FULL_v1,L1_ELIGIBILITY,v2026-08-11,2026-03-21..2026-08-06,baccarat_bet02_101_all_pairs_incl_sentinel,round_win = game_pnl > 0 (decisive only),COMPATIBILITY_ONLY_NOT_PRODUCTION,873.1114,805.2013,167.8028,92,92,-0.19218946,,-0.19218946,-0.19218946,-167.8028,873.1114,OK,0.0000,6.7121,4.0000,96.0000,AG03-UNRESOLVED,ALL5_LEVELS_bet23_to_bet27,6.7121,6.7121,6.7121,8.3901,8.3901,4.000000,4.000000,4.000000,5.000000,5.000000,96.000000,96.000000,96.000000,95.000000,95.000000,5.0,36.9166,33.8166,130.8862,133.9862,PENDING_AG03,FALSE,NOT_FOR_ENFORCEMENT,161.0907,772.9932,167.8028,161.0907,6.7121,0.19218946,0.18450189,6.7121,161.0907,0.18450189,6.7121,6.7121,6.7121,8.3901,8.3901,161.0907,0.18450189,36.9166,33.8166,130.8862,133.9862,0.14990778,0.15345834,0.00768758,9.4903,8.7522,1.8239,6.7121,2.7967,34.9245,3.6800,,9.4903,4.8207,8.3763,11.5174,17.4868,24.7206,26.7832,7.3293,0.0,2.951252,3.1975,1.132998,22,43,9,1,0E-8,0.19218946,,0E-8,0.000000,0.922221,0.000000,,2026-03-28,2026-05-13,25,60,60,47,0.531915,,,0.000000,,,,,,,,GLOBAL_BASELINE_NO_ENTITY_RANKING,,,NOT_APPLICABLE_GLOBAL_BASELINE,HF9g-P5,,,,X 全窗基线 · 不参与实体赏罚,6870142,688,A168_HF9F_20260827_0900,2026-08-27 09:00:00
2026-04-29,143321913,-1,1,12.5644582886,-4.1881527628,-4.1881527628,0.5000000,2,2,0.49324550000000000,0.493245500000,0.01910635448239258,0.01910635448239258,0.01910635448239258,0E-17,SENTINEL_DEALER,R03b_20260811_FULL_v1,L1_ELIGIBILITY,v2026-08-11,2026-03-21..2026-08-06,baccarat_bet02_101_all_pairs_incl_sentinel,round_win = game_pnl > 0 (decisive only),COMPATIBILITY_ONLY_NOT_PRODUCTION,873.1114,805.2013,167.8028,92,92,-0.19218946,,-0.19218946,-0.19218946,-167.8028,873.1114,OK,0.0000,6.7121,4.0000,96.0000,AG03-UNRESOLVED,ALL5_LEVELS_bet23_to_bet27,6.7121,6.7121,6.7121,8.3901,8.3901,4.000000,4.000000,4.000000,5.000000,5.000000,96.000000,96.000000,96.000000,95.000000,95.000000,5.0,36.9166,33.8166,130.8862,133.9862,PENDING_AG03,FALSE,NOT_FOR_ENFORCEMENT,161.0907,772.9932,167.8028,161.0907,6.7121,0.19218946,0.18450189,6.7121,161.0907,0.18450189,6.7121,6.7121,6.7121,8.3901,8.3901,161.0907,0.18450189,36.9166,33.8166,130.8862,133.9862,0.14990778,0.15345834,0.00768758,9.4903,8.7522,1.8239,6.7121,2.7967,34.9245,3.6800,,9.4903,4.8207,8.3763,11.5174,17.4868,24.7206,26.7832,7.3293,0.0,2.951252,3.1975,1.132998,22,43,9,1,0E-8,0.19218946,,0E-8,0.000000,0.922221,0.000000,,2026-03-28,2026-05-13,25,60,60,47,0.531915,,,0.000000,,,,,,,,GLOBAL_BASELINE_NO_ENTITY_RANKING,,,NOT_APPLICABLE_GLOBAL_BASELINE,HF9g-P5,,,,X 全窗基线 · 不参与实体赏罚,6870143,688,A168_HF9F_20260827_0900,2026-08-27 09:00:00
2026-04-29,143321913,1094,0,14.1350155746,-4.7116718582,-4.7116718582,0E-7,3,3,0.49324550000000000,0.493245500000,-0.9865810262130424,-0.9865810262130424,-0.9865810262130424,0E-17,ELIGIBLE,R03b_20260811_FULL_v1,L1_ELIGIBILITY,v2026-08-11,2026-03-21..2026-08-06,baccarat_bet02_101_all_pairs_incl_sentinel,round_win = game_pnl > 0 (decisive only),COMPATIBILITY_ONLY_NOT_PRODUCTION,873.1114,805.2013,167.8028,92,92,-0.19218946,,-0.19218946,-0.19218946,-167.8028,873.1114,OK,0.0000,6.7121,4.0000,96.0000,AG03-UNRESOLVED,ALL5_LEVELS_bet23_to_bet27,6.7121,6.7121,6.7121,8.3901,8.3901,4.000000,4.000000,4.000000,5.000000,5.000000,96.000000,96.000000,96.000000,95.000000,95.000000,5.0,36.9166,33.8166,130.8862,133.9862,PENDING_AG03,FALSE,NOT_FOR_ENFORCEMENT,161.0907,772.9932,167.8028,161.0907,6.7121,0.19218946,0.18450189,6.7121,161.0907,0.18450189,6.7121,6.7121,6.7121,8.3901,8.3901,161.0907,0.18450189,36.9166,33.8166,130.8862,133.9862,0.14990778,0.15345834,0.00768758,9.4903,8.7522,1.8239,6.7121,2.7967,34.9245,3.6800,,9.4903,4.8207,8.3763,11.5174,17.4868,24.7206,26.7832,7.3293,0.0,2.951252,3.1975,1.132998,22,43,9,1,0E-8,0.19218946,,0E-8,0.000000,0.922221,0.000000,,2026-03-28,2026-05-13,25,60,60,47,0.531915,,,0.000000,,,,,,,,GLOBAL_BASELINE_NO_ENTITY_RANKING,,,NOT_APPLICABLE_GLOBAL_BASELINE,HF9g-P5,,,,X 全窗基线 · 不参与实体赏罚,6870144,688,A168_HF9F_20260827_0900,2026-08-27 09:00:00
2026-04-29,143321913,1210,0,7.3292673350,-7.3292673350,-7.3292673350,0E-7,1,1,0.49324550000000000,0.493245500000,-0.9865810262130424,-0.9865810262130424,-0.9865810262130424,0E-17,ELIGIBLE,R03b_20260811_FULL_v1,L1_ELIGIBILITY,v2026-08-11,2026-03-21..2026-08-06,baccarat_bet02_101_all_pairs_incl_sentinel,round_win = game_pnl > 0 (decisive only),COMPATIBILITY_ONLY_NOT_PRODUCTION,873.1114,805.2013,167.8028,92,92,-0.19218946,,-0.19218946,-0.19218946,-167.8028,873.1114,OK,0.0000,6.7121,4.0000,96.0000,AG03-UNRESOLVED,ALL5_LEVELS_bet23_to_bet27,6.7121,6.7121,6.7121,8.3901,8.3901,4.000000,4.000000,4.000000,5.000000,5.000000,96.000000,96.000000,96.000000,95.000000,95.000000,5.0,36.9166,33.8166,130.8862,133.9862,PENDING_AG03,FALSE,NOT_FOR_ENFORCEMENT,161.0907,772.9932,167.8028,161.0907,6.7121,0.19218946,0.18450189,6.7121,161.0907,0.18450189,6.7121,6.7121,6.7121,8.3901,8.3901,161.0907,0.18450189,36.9166,33.8166,130.8862,133.9862,0.14990778,0.15345834,0.00768758,9.4903,8.7522,1.8239,6.7121,2.7967,34.9245,3.6800,,9.4903,4.8207,8.3763,11.5174,17.4868,24.7206,26.7832,7.3293,0.0,2.951252,3.1975,1.132998,22,43,9,1,0E-8,0.19218946,,0E-8,0.000000,0.922221,0.000000,,2026-03-28,2026-05-13,25,60,60,47,0.531915,,,0.000000,,,,,,,,GLOBAL_BASELINE_NO_ENTITY_RANKING,,,NOT_APPLICABLE_GLOBAL_BASELINE,HF9g-P5,,,,X 全窗基线 · 不参与实体赏罚,6870145,688,A168_HF9F_20260827_0900,2026-08-27 09:00:00
2026-04-29,143321913,2248,0,3.9263932152,-3.9263932152,-3.9263932152,0E-7,1,1,0.49324550000000000,0.493245500000,-0.9865810262130424,-0.9865810262130424,-0.9865810262130424,0E-17,ELIGIBLE,R03b_20260811_FULL_v1,L1_ELIGIBILITY,v2026-08-11,2026-03-21..2026-08-06,baccarat_bet02_101_all_pairs_incl_sentinel,round_win = game_pnl > 0 (decisive only),COMPATIBILITY_ONLY_NOT_PRODUCTION,873.1114,805.2013,167.8028,92,92,-0.19218946,,-0.19218946,-0.19218946,-167.8028,873.1114,OK,0.0000,6.7121,4.0000,96.0000,AG03-UNRESOLVED,ALL5_LEVELS_bet23_to_bet27,6.7121,6.7121,6.7121,8.3901,8.3901,4.000000,4.000000,4.000000,5.000000,5.000000,96.000000,96.000000,96.000000,95.000000,95.000000,5.0,36.9166,33.8166,130.8862,133.9862,PENDING_AG03,FALSE,NOT_FOR_ENFORCEMENT,161.0907,772.9932,167.8028,161.0907,6.7121,0.19218946,0.18450189,6.7121,161.0907,0.18450189,6.7121,6.7121,6.7121,8.3901,8.3901,161.0907,0.18450189,36.9166,33.8166,130.8862,133.9862,0.14990778,0.15345834,0.00768758,9.4903,8.7522,1.8239,6.7121,2.7967,34.9245,3.6800,,9.4903,4.8207,8.3763,11.5174,17.4868,24.7206,26.7832,7.3293,0.0,2.951252,3.1975,1.132998,22,43,9,1,0E-8,0.19218946,,0E-8,0.000000,0.922221,0.000000,,2026-03-28,2026-05-13,25,60,60,47,0.531915,,,0.000000,,,,,,,,GLOBAL_BASELINE_NO_ENTITY_RANKING,,,NOT_APPLICABLE_GLOBAL_BASELINE,HF9g-P5,,,,X 全窗基线 · 不参与实体赏罚,6870146,688,A168_HF9F_20260827_0900,2026-08-27 09:00:00
2026-05-02,143321913,1710,0,14.7890612838,14.7890612838,14.7890612838,1.0000000,2,2,0.49324550000000000,0.493245500000,1.4334489766152358,1.4334489766152358,1.4334489766152358,0E-17,ELIGIBLE,R03b_20260811_FULL_v1,L1_ELIGIBILITY,v2026-08-11,2026-03-21..2026-08-06,baccarat_bet02_101_all_pairs_incl_sentinel,round_win = game_pnl > 0 (decisive only),COMPATIBILITY_ONLY_NOT_PRODUCTION,873.1114,805.2013,167.8028,92,92,-0.19218946,,-0.19218946,-0.19218946,-167.8028,873.1114,OK,0.0000,6.7121,4.0000,96.0000,AG03-UNRESOLVED,ALL5_LEVELS_bet23_to_bet27,6.7121,6.7121,6.7121,8.3901,8.3901,4.000000,4.000000,4.000000,5.000000,5.000000,96.000000,96.000000,96.000000,95.000000,95.000000,5.0,36.9166,33.8166,130.8862,133.9862,PENDING_AG03,FALSE,NOT_FOR_ENFORCEMENT,161.0907,772.9932,167.8028,161.0907,6.7121,0.19218946,0.18450189,6.7121,161.0907,0.18450189,6.7121,6.7121,6.7121,8.3901,8.3901,161.0907,0.18450189,36.9166,33.8166,130.8862,133.9862,0.14990778,0.15345834,0.00768758,9.4903,8.7522,1.8239,6.7121,2.7967,34.9245,3.6800,,9.4903,4.8207,8.3763,11.5174,17.4868,24.7206,26.7832,7.3293,0.0,2.951252,3.1975,1.132998,22,43,9,1,0E-8,0.19218946,,0E-8,0.000000,0.922221,0.000000,,2026-03-28,2026-05-13,25,60,60,47,0.531915,,,0.000000,,,,,,,,GLOBAL_BASELINE_NO_ENTITY_RANKING,,,NOT_APPLICABLE_GLOBAL_BASELINE,HF9g-P5,,,,X 全窗基线 · 不参与实体赏罚,6870147,688,A168_HF9F_20260827_0900,2026-08-27 09:00:00
2026-05-04,143321913,1402,0,7.7837164652,7.7837164652,7.7837164652,1.0000000,2,2,0.49324550000000000,0.493245500000,1.4334489766152358,1.4334489766152358,1.4334489766152358,0E-17,ELIGIBLE,R03b_20260811_FULL_v1,L1_ELIGIBILITY,v2026-08-11,2026-03-21..2026-08-06,baccarat_bet02_101_all_pairs_incl_sentinel,round_win = game_pnl > 0 (decisive only),COMPATIBILITY_ONLY_NOT_PRODUCTION,873.1114,805.2013,167.8028,92,92,-0.19218946,,-0.19218946,-0.19218946,-167.8028,873.1114,OK,0.0000,6.7121,4.0000,96.0000,AG03-UNRESOLVED,ALL5_LEVELS_bet23_to_bet27,6.7121,6.7121,6.7121,8.3901,8.3901,4.000000,4.000000,4.000000,5.000000,5.000000,96.000000,96.000000,96.000000,95.000000,95.000000,5.0,36.9166,33.8166,130.8862,133.9862,PENDING_AG03,FALSE,NOT_FOR_ENFORCEMENT,161.0907,772.9932,167.8028,161.0907,6.7121,0.19218946,0.18450189,6.7121,161.0907,0.18450189,6.7121,6.7121,6.7121,8.3901,8.3901,161.0907,0.18450189,36.9166,33.8166,130.8862,133.9862,0.14990778,0.15345834,0.00768758,9.4903,8.7522,1.8239,6.7121,2.7967,34.9245,3.6800,,9.4903,4.8207,8.3763,11.5174,17.4868,24.7206,26.7832,7.3293,0.0,2.951252,3.1975,1.132998,22,43,9,1,0E-8,0.19218946,,0E-8,0.000000,0.922221,0.000000,,2026-03-28,2026-05-13,25,60,60,47,0.531915,,,0.000000,,,,,,,,GLOBAL_BASELINE_NO_ENTITY_RANKING,,,NOT_APPLICABLE_GLOBAL_BASELINE,HF9g-P5,,,,X 全窗基线 · 不参与实体赏罚,6870148,688,A168_HF9F_20260827_0900,2026-08-27 09:00:00
2026-05-04,143321913,1505,0,10.3782886202,-10.3782886202,-10.3782886202,0E-7,1,1,0.49324550000000000,0.493245500000,-0.9865810262130424,-0.9865810262130424,-0.9865810262130424,0E-17,ELIGIBLE,R03b_20260811_FULL_v1,L1_ELIGIBILITY,v2026-08-11,2026-03-21..2026-08-06,baccarat_bet02_101_all_pairs_incl_sentinel,round_win = game_pnl > 0 (decisive only),COMPATIBILITY_ONLY_NOT_PRODUCTION,873.1114,805.2013,167.8028,92,92,-0.19218946,,-0.19218946,-0.19218946,-167.8028,873.1114,OK,0.0000,6.7121,4.0000,96.0000,AG03-UNRESOLVED,ALL5_LEVELS_bet23_to_bet27,6.7121,6.7121,6.7121,8.3901,8.3901,4.000000,4.000000,4.000000,5.000000,5.000000,96.000000,96.000000,96.000000,95.000000,95.000000,5.0,36.9166,33.8166,130.8862,133.9862,PENDING_AG03,FALSE,NOT_FOR_ENFORCEMENT,161.0907,772.9932,167.8028,161.0907,6.7121,0.19218946,0.18450189,6.7121,161.0907,0.18450189,6.7121,6.7121,6.7121,8.3901,8.3901,161.0907,0.18450189,36.9166,33.8166,130.8862,133.9862,0.14990778,0.15345834,0.00768758,9.4903,8.7522,1.8239,6.7121,2.7967,34.9245,3.6800,,9.4903,4.8207,8.3763,11.5174,17.4868,24.7206,26.7832,7.3293,0.0,2.951252,3.1975,1.132998,22,43,9,1,0E-8,0.19218946,,0E-8,0.000000,0.922221,0.000000,,2026-03-28,2026-05-13,25,60,60,47,0.531915,,,0.000000,,,,,,,,GLOBAL_BASELINE_NO_ENTITY_RANKING,,,NOT_APPLICABLE_GLOBAL_BASELINE,HF9g-P5,,,,X 全窗基线 · 不参与实体赏罚,6870149,688,A168_HF9F_20260827_0900,2026-08-27 09:00:00
2026-05-04,143321913,2205,0,2.5945721551,0E-10,0E-10,,1,1,0.49324550000000000,0.493245500000,,,,0E-17,NO_DECISIVE_ROUND,R03b_20260811_FULL_v1,L1_ELIGIBILITY,v2026-08-11,2026-03-21..2026-08-06,baccarat_bet02_101_all_pairs_incl_sentinel,round_win = game_pnl > 0 (decisive only),COMPATIBILITY_ONLY_NOT_PRODUCTION,873.1114,805.2013,167.8028,92,92,-0.19218946,,-0.19218946,-0.19218946,-167.8028,873.1114,OK,0.0000,6.7121,4.0000,96.0000,AG03-UNRESOLVED,ALL5_LEVELS_bet23_to_bet27,6.7121,6.7121,6.7121,8.3901,8.3901,4.000000,4.000000,4.000000,5.000000,5.000000,96.000000,96.000000,96.000000,95.000000,95.000000,5.0,36.9166,33.8166,130.8862,133.9862,PENDING_AG03,FALSE,NOT_FOR_ENFORCEMENT,161.0907,772.9932,167.8028,161.0907,6.7121,0.19218946,0.18450189,6.7121,161.0907,0.18450189,6.7121,6.7121,6.7121,8.3901,8.3901,161.0907,0.18450189,36.9166,33.8166,130.8862,133.9862,0.14990778,0.15345834,0.00768758,9.4903,8.7522,1.8239,6.7121,2.7967,34.9245,3.6800,,9.4903,4.8207,8.3763,11.5174,17.4868,24.7206,26.7832,7.3293,0.0,2.951252,3.1975,1.132998,22,43,9,1,0E-8,0.19218946,,0E-8,0.000000,0.922221,0.000000,,2026-03-28,2026-05-13,25,60,60,47,0.531915,,,0.000000,,,,,,,,GLOBAL_BASELINE_NO_ENTITY_RANKING,,,NOT_APPLICABLE_GLOBAL_BASELINE,HF9g-P5,,,,X 全窗基线 · 不参与实体赏罚,6870150,688,A168_HF9F_20260827_0900,2026-08-27 09:00:00
2026-05-04,143321913,2242,0,9.0810025427,-9.0810025427,-9.0810025427,0E-7,1,1,0.49324550000000000,0.493245500000,-0.9865810262130424,-0.9865810262130424,-0.9865810262130424,0E-17,ELIGIBLE,R03b_20260811_FULL_v1,L1_ELIGIBILITY,v2026-08-11,2026-03-21..2026-08-06,baccarat_bet02_101_all_pairs_incl_sentinel,round_win = game_pnl > 0 (decisive only),COMPATIBILITY_ONLY_NOT_PRODUCTION,873.1114,805.2013,167.8028,92,92,-0.19218946,,-0.19218946,-0.19218946,-167.8028,873.1114,OK,0.0000,6.7121,4.0000,96.0000,AG03-UNRESOLVED,ALL5_LEVELS_bet23_to_bet27,6.7121,6.7121,6.7121,8.3901,8.3901,4.000000,4.000000,4.000000,5.000000,5.000000,96.000000,96.000000,96.000000,95.000000,95.000000,5.0,36.9166,33.8166,130.8862,133.9862,PENDING_AG03,FALSE,NOT_FOR_ENFORCEMENT,161.0907,772.9932,167.8028,161.0907,6.7121,0.19218946,0.18450189,6.7121,161.0907,0.18450189,6.7121,6.7121,6.7121,8.3901,8.3901,161.0907,0.18450189,36.9166,33.8166,130.8862,133.9862,0.14990778,0.15345834,0.00768758,9.4903,8.7522,1.8239,6.7121,2.7967,34.9245,3.6800,,9.4903,4.8207,8.3763,11.5174,17.4868,24.7206,26.7832,7.3293,0.0,2.951252,3.1975,1.132998,22,43,9,1,0E-8,0.19218946,,0E-8,0.000000,0.922221,0.000000,,2026-03-28,2026-05-13,25,60,60,47,0.531915,,,0.000000,,,,,,,,GLOBAL_BASELINE_NO_ENTITY_RANKING,,,NOT_APPLICABLE_GLOBAL_BASELINE,HF9g-P5,,,,X 全窗基线 · 不参与实体赏罚,6870151,688,A168_HF9F_20260827_0900,2026-08-27 09:00:00
2026-05-05,143321913,2170,0,9.3404597582,-9.3404597582,-9.3404597582,0E-7,1,1,0.49324550000000000,0.493245500000,-0.9865810262130424,-0.9865810262130424,-0.9865810262130424,0E-17,ELIGIBLE,R03b_20260811_FULL_v1,L1_ELIGIBILITY,v2026-08-11,2026-03-21..2026-08-06,baccarat_bet02_101_all_pairs_incl_sentinel,round_win = game_pnl > 0 (decisive only),COMPATIBILITY_ONLY_NOT_PRODUCTION,873.1114,805.2013,167.8028,92,92,-0.19218946,,-0.19218946,-0.19218946,-167.8028,873.1114,OK,0.0000,6.7121,4.0000,96.0000,AG03-UNRESOLVED,ALL5_LEVELS_bet23_to_bet27,6.7121,6.7121,6.7121,8.3901,8.3901,4.000000,4.000000,4.000000,5.000000,5.000000,96.000000,96.000000,96.000000,95.000000,95.000000,5.0,36.9166,33.8166,130.8862,133.9862,PENDING_AG03,FALSE,NOT_FOR_ENFORCEMENT,161.0907,772.9932,167.8028,161.0907,6.7121,0.19218946,0.18450189,6.7121,161.0907,0.18450189,6.7121,6.7121,6.7121,8.3901,8.3901,161.0907,0.18450189,36.9166,33.8166,130.8862,133.9862,0.14990778,0.15345834,0.00768758,9.4903,8.7522,1.8239,6.7121,2.7967,34.9245,3.6800,,9.4903,4.8207,8.3763,11.5174,17.4868,24.7206,26.7832,7.3293,0.0,2.951252,3.1975,1.132998,22,43,9,1,0E-8,0.19218946,,0E-8,0.000000,0.922221,0.000000,,2026-03-28,2026-05-13,25,60,60,47,0.531915,,,0.000000,,,,,,,,GLOBAL_BASELINE_NO_ENTITY_RANKING,,,NOT_APPLICABLE_GLOBAL_BASELINE,HF9g-P5,,,,X 全窗基线 · 不参与实体赏罚,6870152,688,A168_HF9F_20260827_0900,2026-08-27 09:00:00
2026-05-05,143321913,2252,0,28.0213792746,4.6702298791,4.6702298791,0.6666667,5,5,0.49324550000000000,0.493245500000,0.6008033672792107,0.6008033672792106,0.6008033672792107,0E-17,ELIGIBLE,R03b_20260811_FULL_v1,L1_ELIGIBILITY,v2026-08-11,2026-03-21..2026-08-06,baccarat_bet02_101_all_pairs_incl_sentinel,round_win = game_pnl > 0 (decisive only),COMPATIBILITY_ONLY_NOT_PRODUCTION,873.1114,805.2013,167.8028,92,92,-0.19218946,,-0.19218946,-0.19218946,-167.8028,873.1114,OK,0.0000,6.7121,4.0000,96.0000,AG03-UNRESOLVED,ALL5_LEVELS_bet23_to_bet27,6.7121,6.7121,6.7121,8.3901,8.3901,4.000000,4.000000,4.000000,5.000000,5.000000,96.000000,96.000000,96.000000,95.000000,95.000000,5.0,36.9166,33.8166,130.8862,133.9862,PENDING_AG03,FALSE,NOT_FOR_ENFORCEMENT,161.0907,772.9932,167.8028,161.0907,6.7121,0.19218946,0.18450189,6.7121,161.0907,0.18450189,6.7121,6.7121,6.7121,8.3901,8.3901,161.0907,0.18450189,36.9166,33.8166,130.8862,133.9862,0.14990778,0.15345834,0.00768758,9.4903,8.7522,1.8239,6.7121,2.7967,34.9245,3.6800,,9.4903,4.8207,8.3763,11.5174,17.4868,24.7206,26.7832,7.3293,0.0,2.951252,3.1975,1.132998,22,43,9,1,0E-8,0.19218946,,0E-8,0.000000,0.922221,0.000000,,2026-03-28,2026-05-13,25,60,60,47,0.531915,,,0.000000,,,,,,,,GLOBAL_BASELINE_NO_ENTITY_RANKING,,,NOT_APPLICABLE_GLOBAL_BASELINE,HF9g-P5,,,,X 全窗基线 · 不参与实体赏罚,6870153,688,A168_HF9F_20260827_0900,2026-08-27 09:00:00
2026-05-07,143321913,1151,0,6.2269731721,6.2269731721,6.2269731721,1.0000000,1,1,0.49324550000000000,0.493245500000,1.01360149184955,1.01360149184955,1.01360149184955,0E-17,ELIGIBLE,R03b_20260811_FULL_v1,L1_ELIGIBILITY,v2026-08-11,2026-03-21..2026-08-06,baccarat_bet02_101_all_pairs_incl_sentinel,round_win = game_pnl > 0 (decisive only),COMPATIBILITY_ONLY_NOT_PRODUCTION,873.1114,805.2013,167.8028,92,92,-0.19218946,,-0.19218946,-0.19218946,-167.8028,873.1114,OK,0.0000,6.7121,4.0000,96.0000,AG03-UNRESOLVED,ALL5_LEVELS_bet23_to_bet27,6.7121,6.7121,6.7121,8.3901,8.3901,4.000000,4.000000,4.000000,5.000000,5.000000,96.000000,96.000000,96.000000,95.000000,95.000000,5.0,36.9166,33.8166,130.8862,133.9862,PENDING_AG03,FALSE,NOT_FOR_ENFORCEMENT,161.0907,772.9932,167.8028,161.0907,6.7121,0.19218946,0.18450189,6.7121,161.0907,0.18450189,6.7121,6.7121,6.7121,8.3901,8.3901,161.0907,0.18450189,36.9166,33.8166,130.8862,133.9862,0.14990778,0.15345834,0.00768758,9.4903,8.7522,1.8239,6.7121,2.7967,34.9245,3.6800,,9.4903,4.8207,8.3763,11.5174,17.4868,24.7206,26.7832,7.3293,0.0,2.951252,3.1975,1.132998,22,43,9,1,0E-8,0.19218946,,0E-8,0.000000,0.922221,0.000000,,2026-03-28,2026-05-13,25,60,60,47,0.531915,,,0.000000,,,,,,,,GLOBAL_BASELINE_NO_ENTITY_RANKING,,,NOT_APPLICABLE_GLOBAL_BASELINE,HF9g-P5,,,,X 全窗基线 · 不参与实体赏罚,6870154,688,A168_HF9F_20260827_0900,2026-08-27 09:00:00
2026-05-07,143321913,2201,0,24.9078926885,-24.9078926885,-24.9078926885,0E-7,1,1,0.49324550000000000,0.493245500000,-0.9865810262130424,-0.9865810262130424,-0.9865810262130424,0E-17,ELIGIBLE,R03b_20260811_FULL_v1,L1_ELIGIBILITY,v2026-08-11,2026-03-21..2026-08-06,baccarat_bet02_101_all_pairs_incl_sentinel,round_win = game_pnl > 0 (decisive only),COMPATIBILITY_ONLY_NOT_PRODUCTION,873.1114,805.2013,167.8028,92,92,-0.19218946,,-0.19218946,-0.19218946,-167.8028,873.1114,OK,0.0000,6.7121,4.0000,96.0000,AG03-UNRESOLVED,ALL5_LEVELS_bet23_to_bet27,6.7121,6.7121,6.7121,8.3901,8.3901,4.000000,4.000000,4.000000,5.000000,5.000000,96.000000,96.000000,96.000000,95.000000,95.000000,5.0,36.9166,33.8166,130.8862,133.9862,PENDING_AG03,FALSE,NOT_FOR_ENFORCEMENT,161.0907,772.9932,167.8028,161.0907,6.7121,0.19218946,0.18450189,6.7121,161.0907,0.18450189,6.7121,6.7121,6.7121,8.3901,8.3901,161.0907,0.18450189,36.9166,33.8166,130.8862,133.9862,0.14990778,0.15345834,0.00768758,9.4903,8.7522,1.8239,6.7121,2.7967,34.9245,3.6800,,9.4903,4.8207,8.3763,11.5174,17.4868,24.7206,26.7832,7.3293,0.0,2.951252,3.1975,1.132998,22,43,9,1,0E-8,0.19218946,,0E-8,0.000000,0.922221,0.000000,,2026-03-28,2026-05-13,25,60,60,47,0.531915,,,0.000000,,,,,,,,GLOBAL_BASELINE_NO_ENTITY_RANKING,,,NOT_APPLICABLE_GLOBAL_BASELINE,HF9g-P5,,,,X 全窗基线 · 不参与实体赏罚,6870155,688,A168_HF9F_20260827_0900,2026-08-27 09:00:00
2026-05-07,143321913,2234,0,12.4539463442,12.4539463442,12.4539463442,1.0000000,1,1,0.49324550000000000,0.493245500000,1.01360149184955,1.01360149184955,1.01360149184955,0E-17,ELIGIBLE,R03b_20260811_FULL_v1,L1_ELIGIBILITY,v2026-08-11,2026-03-21..2026-08-06,baccarat_bet02_101_all_pairs_incl_sentinel,round_win = game_pnl > 0 (decisive only),COMPATIBILITY_ONLY_NOT_PRODUCTION,873.1114,805.2013,167.8028,92,92,-0.19218946,,-0.19218946,-0.19218946,-167.8028,873.1114,OK,0.0000,6.7121,4.0000,96.0000,AG03-UNRESOLVED,ALL5_LEVELS_bet23_to_bet27,6.7121,6.7121,6.7121,8.3901,8.3901,4.000000,4.000000,4.000000,5.000000,5.000000,96.000000,96.000000,96.000000,95.000000,95.000000,5.0,36.9166,33.8166,130.8862,133.9862,PENDING_AG03,FALSE,NOT_FOR_ENFORCEMENT,161.0907,772.9932,167.8028,161.0907,6.7121,0.19218946,0.18450189,6.7121,161.0907,0.18450189,6.7121,6.7121,6.7121,8.3901,8.3901,161.0907,0.18450189,36.9166,33.8166,130.8862,133.9862,0.14990778,0.15345834,0.00768758,9.4903,8.7522,1.8239,6.7121,2.7967,34.9245,3.6800,,9.4903,4.8207,8.3763,11.5174,17.4868,24.7206,26.7832,7.3293,0.0,2.951252,3.1975,1.132998,22,43,9,1,0E-8,0.19218946,,0E-8,0.000000,0.922221,0.000000,,2026-03-28,2026-05-13,25,60,60,47,0.531915,,,0.000000,,,,,,,,GLOBAL_BASELINE_NO_ENTITY_RANKING,,,NOT_APPLICABLE_GLOBAL_BASELINE,HF9g-P5,,,,X 全窗基线 · 不参与实体赏罚,6870156,688,A168_HF9F_20260827_0900,2026-08-27 09:00:00
2026-05-08,143321913,-1,1,9.5999169737,9.5999169737,9.5999169737,1.0000000,1,1,0.49324550000000000,0.493245500000,1.01360149184955,1.01360149184955,1.01360149184955,0E-17,SENTINEL_DEALER,R03b_20260811_FULL_v1,L1_ELIGIBILITY,v2026-08-11,2026-03-21..2026-08-06,baccarat_bet02_101_all_pairs_incl_sentinel,round_win = game_pnl > 0 (decisive only),COMPATIBILITY_ONLY_NOT_PRODUCTION,873.1114,805.2013,167.8028,92,92,-0.19218946,,-0.19218946,-0.19218946,-167.8028,873.1114,OK,0.0000,6.7121,4.0000,96.0000,AG03-UNRESOLVED,ALL5_LEVELS_bet23_to_bet27,6.7121,6.7121,6.7121,8.3901,8.3901,4.000000,4.000000,4.000000,5.000000,5.000000,96.000000,96.000000,96.000000,95.000000,95.000000,5.0,36.9166,33.8166,130.8862,133.9862,PENDING_AG03,FALSE,NOT_FOR_ENFORCEMENT,161.0907,772.9932,167.8028,161.0907,6.7121,0.19218946,0.18450189,6.7121,161.0907,0.18450189,6.7121,6.7121,6.7121,8.3901,8.3901,161.0907,0.18450189,36.9166,33.8166,130.8862,133.9862,0.14990778,0.15345834,0.00768758,9.4903,8.7522,1.8239,6.7121,2.7967,34.9245,3.6800,,9.4903,4.8207,8.3763,11.5174,17.4868,24.7206,26.7832,7.3293,0.0,2.951252,3.1975,1.132998,22,43,9,1,0E-8,0.19218946,,0E-8,0.000000,0.922221,0.000000,,2026-03-28,2026-05-13,25,60,60,47,0.531915,,,0.000000,,,,,,,,GLOBAL_BASELINE_NO_ENTITY_RANKING,,,NOT_APPLICABLE_GLOBAL_BASELINE,HF9g-P5,,,,X 全窗基线 · 不参与实体赏罚,6870157,688,A168_HF9F_20260827_0900,2026-08-27 09:00:00
2026-05-08,143321913,2205,0,19.1998339474,-19.1998339474,-19.1998339474,0E-7,1,1,0.49324550000000000,0.493245500000,-0.9865810262130424,-0.9865810262130424,-0.9865810262130424,0E-17,ELIGIBLE,R03b_20260811_FULL_v1,L1_ELIGIBILITY,v2026-08-11,2026-03-21..2026-08-06,baccarat_bet02_101_all_pairs_incl_sentinel,round_win = game_pnl > 0 (decisive only),COMPATIBILITY_ONLY_NOT_PRODUCTION,873.1114,805.2013,167.8028,92,92,-0.19218946,,-0.19218946,-0.19218946,-167.8028,873.1114,OK,0.0000,6.7121,4.0000,96.0000,AG03-UNRESOLVED,ALL5_LEVELS_bet23_to_bet27,6.7121,6.7121,6.7121,8.3901,8.3901,4.000000,4.000000,4.000000,5.000000,5.000000,96.000000,96.000000,96.000000,95.000000,95.000000,5.0,36.9166,33.8166,130.8862,133.9862,PENDING_AG03,FALSE,NOT_FOR_ENFORCEMENT,161.0907,772.9932,167.8028,161.0907,6.7121,0.19218946,0.18450189,6.7121,161.0907,0.18450189,6.7121,6.7121,6.7121,8.3901,8.3901,161.0907,0.18450189,36.9166,33.8166,130.8862,133.9862,0.14990778,0.15345834,0.00768758,9.4903,8.7522,1.8239,6.7121,2.7967,34.9245,3.6800,,9.4903,4.8207,8.3763,11.5174,17.4868,24.7206,26.7832,7.3293,0.0,2.951252,3.1975,1.132998,22,43,9,1,0E-8,0.19218946,,0E-8,0.000000,0.922221,0.000000,,2026-03-28,2026-05-13,25,60,60,47,0.531915,,,0.000000,,,,,,,,GLOBAL_BASELINE_NO_ENTITY_RANKING,,,NOT_APPLICABLE_GLOBAL_BASELINE,HF9g-P5,,,,X 全窗基线 · 不参与实体赏罚,6870158,688,A168_HF9F_20260827_0900,2026-08-27 09:00:00
2026-05-10,143321913,2155,0,14.5296040683,-14.5296040683,-14.5296040683,0E-7,1,1,0.49324550000000000,0.493245500000,-0.9865810262130424,-0.9865810262130424,-0.9865810262130424,0E-17,ELIGIBLE,R03b_20260811_FULL_v1,L1_ELIGIBILITY,v2026-08-11,2026-03-21..2026-08-06,baccarat_bet02_101_all_pairs_incl_sentinel,round_win = game_pnl > 0 (decisive only),COMPATIBILITY_ONLY_NOT_PRODUCTION,873.1114,805.2013,167.8028,92,92,-0.19218946,,-0.19218946,-0.19218946,-167.8028,873.1114,OK,0.0000,6.7121,4.0000,96.0000,AG03-UNRESOLVED,ALL5_LEVELS_bet23_to_bet27,6.7121,6.7121,6.7121,8.3901,8.3901,4.000000,4.000000,4.000000,5.000000,5.000000,96.000000,96.000000,96.000000,95.000000,95.000000,5.0,36.9166,33.8166,130.8862,133.9862,PENDING_AG03,FALSE,NOT_FOR_ENFORCEMENT,161.0907,772.9932,167.8028,161.0907,6.7121,0.19218946,0.18450189,6.7121,161.0907,0.18450189,6.7121,6.7121,6.7121,8.3901,8.3901,161.0907,0.18450189,36.9166,33.8166,130.8862,133.9862,0.14990778,0.15345834,0.00768758,9.4903,8.7522,1.8239,6.7121,2.7967,34.9245,3.6800,,9.4903,4.8207,8.3763,11.5174,17.4868,24.7206,26.7832,7.3293,0.0,2.951252,3.1975,1.132998,22,43,9,1,0E-8,0.19218946,,0E-8,0.000000,0.922221,0.000000,,2026-03-28,2026-05-13,25,60,60,47,0.531915,,,0.000000,,,,,,,,GLOBAL_BASELINE_NO_ENTITY_RANKING,,,NOT_APPLICABLE_GLOBAL_BASELINE,HF9g-P5,,,,X 全窗基线 · 不参与实体赏罚,6870159,688,A168_HF9F_20260827_0900,2026-08-27 09:00:00
2026-05-10,143321913,2171,0,7.2648020341,7.2648020341,7.2648020341,1.0000000,1,1,0.49324550000000000,0.493245500000,1.01360149184955,1.01360149184955,1.01360149184955,0E-17,ELIGIBLE,R03b_20260811_FULL_v1,L1_ELIGIBILITY,v2026-08-11,2026-03-21..2026-08-06,baccarat_bet02_101_all_pairs_incl_sentinel,round_win = game_pnl > 0 (decisive only),COMPATIBILITY_ONLY_NOT_PRODUCTION,873.1114,805.2013,167.8028,92,92,-0.19218946,,-0.19218946,-0.19218946,-167.8028,873.1114,OK,0.0000,6.7121,4.0000,96.0000,AG03-UNRESOLVED,ALL5_LEVELS_bet23_to_bet27,6.7121,6.7121,6.7121,8.3901,8.3901,4.000000,4.000000,4.000000,5.000000,5.000000,96.000000,96.000000,96.000000,95.000000,95.000000,5.0,36.9166,33.8166,130.8862,133.9862,PENDING_AG03,FALSE,NOT_FOR_ENFORCEMENT,161.0907,772.9932,167.8028,161.0907,6.7121,0.19218946,0.18450189,6.7121,161.0907,0.18450189,6.7121,6.7121,6.7121,8.3901,8.3901,161.0907,0.18450189,36.9166,33.8166,130.8862,133.9862,0.14990778,0.15345834,0.00768758,9.4903,8.7522,1.8239,6.7121,2.7967,34.9245,3.6800,,9.4903,4.8207,8.3763,11.5174,17.4868,24.7206,26.7832,7.3293,0.0,2.951252,3.1975,1.132998,22,43,9,1,0E-8,0.19218946,,0E-8,0.000000,0.922221,0.000000,,2026-03-28,2026-05-13,25,60,60,47,0.531915,,,0.000000,,,,,,,,GLOBAL_BASELINE_NO_ENTITY_RANKING,,,NOT_APPLICABLE_GLOBAL_BASELINE,HF9g-P5,,,,X 全窗基线 · 不参与实体赏罚,6870160,688,A168_HF9F_20260827_0900,2026-08-27 09:00:00
2026-05-12,143321913,-1,1,2.8540293706,-2.8540293706,-2.8540293706,0E-7,1,1,0.49324550000000000,0.493245500000,-0.9865810262130424,-0.9865810262130424,-0.9865810262130424,0E-17,SENTINEL_DEALER,R03b_20260811_FULL_v1,L1_ELIGIBILITY,v2026-08-11,2026-03-21..2026-08-06,baccarat_bet02_101_all_pairs_incl_sentinel,round_win = game_pnl > 0 (decisive only),COMPATIBILITY_ONLY_NOT_PRODUCTION,873.1114,805.2013,167.8028,92,92,-0.19218946,,-0.19218946,-0.19218946,-167.8028,873.1114,OK,0.0000,6.7121,4.0000,96.0000,AG03-UNRESOLVED,ALL5_LEVELS_bet23_to_bet27,6.7121,6.7121,6.7121,8.3901,8.3901,4.000000,4.000000,4.000000,5.000000,5.000000,96.000000,96.000000,96.000000,95.000000,95.000000,5.0,36.9166,33.8166,130.8862,133.9862,PENDING_AG03,FALSE,NOT_FOR_ENFORCEMENT,161.0907,772.9932,167.8028,161.0907,6.7121,0.19218946,0.18450189,6.7121,161.0907,0.18450189,6.7121,6.7121,6.7121,8.3901,8.3901,161.0907,0.18450189,36.9166,33.8166,130.8862,133.9862,0.14990778,0.15345834,0.00768758,9.4903,8.7522,1.8239,6.7121,2.7967,34.9245,3.6800,,9.4903,4.8207,8.3763,11.5174,17.4868,24.7206,26.7832,7.3293,0.0,2.951252,3.1975,1.132998,22,43,9,1,0E-8,0.19218946,,0E-8,0.000000,0.922221,0.000000,,2026-03-28,2026-05-13,25,60,60,47,0.531915,,,0.000000,,,,,,,,GLOBAL_BASELINE_NO_ENTITY_RANKING,,,NOT_APPLICABLE_GLOBAL_BASELINE,HF9g-P5,,,,X 全窗基线 · 不参与实体赏罚,6870161,688,A168_HF9F_20260827_0900,2026-08-27 09:00:00
2026-05-13,143321913,2248,0,18.1620050854,-2.5945721550,-2.5945721550,0.5000000,4,4,0.49324550000000000,0.493245500000,0.027020465636507562,0.027020465636507562,0.027020465636507562,0E-17,ELIGIBLE,R03b_20260811_FULL_v1,L1_ELIGIBILITY,v2026-08-11,2026-03-21..2026-08-06,baccarat_bet02_101_all_pairs_incl_sentinel,round_win = game_pnl > 0 (decisive only),COMPATIBILITY_ONLY_NOT_PRODUCTION,873.1114,805.2013,167.8028,92,92,-0.19218946,,-0.19218946,-0.19218946,-167.8028,873.1114,OK,0.0000,6.7121,4.0000,96.0000,AG03-UNRESOLVED,ALL5_LEVELS_bet23_to_bet27,6.7121,6.7121,6.7121,8.3901,8.3901,4.000000,4.000000,4.000000,5.000000,5.000000,96.000000,96.000000,96.000000,95.000000,95.000000,5.0,36.9166,33.8166,130.8862,133.9862,PENDING_AG03,FALSE,NOT_FOR_ENFORCEMENT,161.0907,772.9932,167.8028,161.0907,6.7121,0.19218946,0.18450189,6.7121,161.0907,0.18450189,6.7121,6.7121,6.7121,8.3901,8.3901,161.0907,0.18450189,36.9166,33.8166,130.8862,133.9862,0.14990778,0.15345834,0.00768758,9.4903,8.7522,1.8239,6.7121,2.7967,34.9245,3.6800,,9.4903,4.8207,8.3763,11.5174,17.4868,24.7206,26.7832,7.3293,0.0,2.951252,3.1975,1.132998,22,43,9,1,0E-8,0.19218946,,0E-8,0.000000,0.922221,0.000000,,2026-03-28,2026-05-13,25,60,60,47,0.531915,,,0.000000,,,,,,,,GLOBAL_BASELINE_NO_ENTITY_RANKING,,,NOT_APPLICABLE_GLOBAL_BASELINE,HF9g-P5,,,,X 全窗基线 · 不参与实体赏罚,6870162,688,A168_HF9F_20260827_0900,2026-08-27 09:00:00
2026-07-21,153310908,1346,0,204.3903037240,-40.8780607448,-40.8780607448,0.3333333,6,3,0.36834182500000000,0.282542866667,-0.12570931175192593,0.19539015525446246,-0.12570931175192593,0.08579895833300000,ELIGIBLE,R03b_20260811_FULL_v1,L1_ELIGIBILITY,v2026-08-11,2026-03-21..2026-08-06,baccarat_bet02_101_all_pairs_incl_sentinel,round_win = game_pnl > 0 (decisive only),COMPATIBILITY_ONLY_NOT_PRODUCTION,864.7754,823.8973,167.8044,20,10,-0.19404396,-0.19404396,,-0.19404396,-167.8044,864.7754,THIN_EXPOSURE,0.0000,6.7122,4.0000,96.0000,AG03-UNRESOLVED,ALL5_LEVELS_bet23_to_bet27,6.7122,6.7122,6.7122,10.0683,10.0683,4.000000,4.000000,4.000000,6.000000,6.000000,96.000000,96.000000,96.000000,94.000000,94.000000,5.0,40.2731,36.6229,127.5314,131.1816,PENDING_AG03,FALSE,NOT_FOR_ENFORCEMENT,161.0923,790.9414,167.8044,161.0923,6.7122,0.19404396,0.18628220,6.7122,161.0923,0.18628220,6.7122,6.7122,6.7122,10.0683,10.0683,161.0923,0.18628220,40.2731,36.6229,127.5314,131.1816,0.14747341,0.1516944,0.00776176,43.2388,82.3897,16.7804,167.8044,33.5609,864.7754,10.0000,43.2388,,20.439,40.8781,57.2293,91.9756,112.4147,122.6342,40.8781,-20.439,2.75,3.0,1.05775,5,6,1,4,1.00000000,0.19404396,0.19404396,0E-8,0.000000,0.952730,0.900000,,2026-07-21,2026-07-21,1,5,5,1,1.000000,,1.000000,3.333333,,,,,,,,GLOBAL_BASELINE_NO_ENTITY_RANKING,,,NOT_APPLICABLE_GLOBAL_BASELINE,HF9g-P5,,,,X 全窗基线 · 不参与实体赏罚,6870163,688,A168_HF9F_20260827_0900,2026-08-27 09:00:00
2026-07-21,153310908,1374,0,163.5122429792,-163.5122429792,-163.5122429792,0E-7,2,1,0.39033100000000000,0.287416500000,-0.800146418517346,-0.6350939377956173,-0.800146418517346,0.10291450000000000,ELIGIBLE,R03b_20260811_FULL_v1,L1_ELIGIBILITY,v2026-08-11,2026-03-21..2026-08-06,baccarat_bet02_101_all_pairs_incl_sentinel,round_win = game_pnl > 0 (decisive only),COMPATIBILITY_ONLY_NOT_PRODUCTION,864.7754,823.8973,167.8044,20,10,-0.19404396,-0.19404396,,-0.19404396,-167.8044,864.7754,THIN_EXPOSURE,0.0000,6.7122,4.0000,96.0000,AG03-UNRESOLVED,ALL5_LEVELS_bet23_to_bet27,6.7122,6.7122,6.7122,10.0683,10.0683,4.000000,4.000000,4.000000,6.000000,6.000000,96.000000,96.000000,96.000000,94.000000,94.000000,5.0,40.2731,36.6229,127.5314,131.1816,PENDING_AG03,FALSE,NOT_FOR_ENFORCEMENT,161.0923,790.9414,167.8044,161.0923,6.7122,0.19404396,0.18628220,6.7122,161.0923,0.18628220,6.7122,6.7122,6.7122,10.0683,10.0683,161.0923,0.18628220,40.2731,36.6229,127.5314,131.1816,0.14747341,0.1516944,0.00776176,43.2388,82.3897,16.7804,167.8044,33.5609,864.7754,10.0000,43.2388,,20.439,40.8781,57.2293,91.9756,112.4147,122.6342,40.8781,-20.439,2.75,3.0,1.05775,5,6,1,4,1.00000000,0.19404396,0.19404396,0E-8,0.000000,0.952730,0.900000,,2026-07-21,2026-07-21,1,5,5,1,1.000000,,1.000000,3.333333,,,,,,,,GLOBAL_BASELINE_NO_ENTITY_RANKING,,,NOT_APPLICABLE_GLOBAL_BASELINE,HF9g-P5,,,,X 全窗基线 · 不参与实体赏罚,6870164,688,A168_HF9F_20260827_0900,2026-08-27 09:00:00
2026-07-21,153310908,1509,0,122.6341822344,40.8780607448,40.8780607448,1.0000000,2,1,0.35562093333333333,0.280106050000,1.3460991592879357,1.6031457840727341,1.3460991592879357,0.07551488333333333,ELIGIBLE,R03b_20260811_FULL_v1,L1_ELIGIBILITY,v2026-08-11,2026-03-21..2026-08-06,baccarat_bet02_101_all_pairs_incl_sentinel,round_win = game_pnl > 0 (decisive only),COMPATIBILITY_ONLY_NOT_PRODUCTION,864.7754,823.8973,167.8044,20,10,-0.19404396,-0.19404396,,-0.19404396,-167.8044,864.7754,THIN_EXPOSURE,0.0000,6.7122,4.0000,96.0000,AG03-UNRESOLVED,ALL5_LEVELS_bet23_to_bet27,6.7122,6.7122,6.7122,10.0683,10.0683,4.000000,4.000000,4.000000,6.000000,6.000000,96.000000,96.000000,96.000000,94.000000,94.000000,5.0,40.2731,36.6229,127.5314,131.1816,PENDING_AG03,FALSE,NOT_FOR_ENFORCEMENT,161.0923,790.9414,167.8044,161.0923,6.7122,0.19404396,0.18628220,6.7122,161.0923,0.18628220,6.7122,6.7122,6.7122,10.0683,10.0683,161.0923,0.18628220,40.2731,36.6229,127.5314,131.1816,0.14747341,0.1516944,0.00776176,43.2388,82.3897,16.7804,167.8044,33.5609,864.7754,10.0000,43.2388,,20.439,40.8781,57.2293,91.9756,112.4147,122.6342,40.8781,-20.439,2.75,3.0,1.05775,5,6,1,4,1.00000000,0.19404396,0.19404396,0E-8,0.000000,0.952730,0.900000,,2026-07-21,2026-07-21,1,5,5,1,1.000000,,1.000000,3.333333,,,,,,,,GLOBAL_BASELINE_NO_ENTITY_RANKING,,,NOT_APPLICABLE_GLOBAL_BASELINE,HF9g-P5,,,,X 全窗基线 · 不参与实体赏罚,6870165,688,A168_HF9F_20260827_0900,2026-08-27 09:00:00
2026-07-21,153310908,1704,0,204.5946940277,-0.2043903037,-0.2043903037,0.5000000,4,2,0.41194297402249939,0.280106050000,0.2530176045881471,0.6925207201862208,0.2530176045881471,0.13183692402249939,ELIGIBLE,R03b_20260811_FULL_v1,L1_ELIGIBILITY,v2026-08-11,2026-03-21..2026-08-06,baccarat_bet02_101_all_pairs_incl_sentinel,round_win = game_pnl > 0 (decisive only),COMPATIBILITY_ONLY_NOT_PRODUCTION,864.7754,823.8973,167.8044,20,10,-0.19404396,-0.19404396,,-0.19404396,-167.8044,864.7754,THIN_EXPOSURE,0.0000,6.7122,4.0000,96.0000,AG03-UNRESOLVED,ALL5_LEVELS_bet23_to_bet27,6.7122,6.7122,6.7122,10.0683,10.0683,4.000000,4.000000,4.000000,6.000000,6.000000,96.000000,96.000000,96.000000,94.000000,94.000000,5.0,40.2731,36.6229,127.5314,131.1816,PENDING_AG03,FALSE,NOT_FOR_ENFORCEMENT,161.0923,790.9414,167.8044,161.0923,6.7122,0.19404396,0.18628220,6.7122,161.0923,0.18628220,6.7122,6.7122,6.7122,10.0683,10.0683,161.0923,0.18628220,40.2731,36.6229,127.5314,131.1816,0.14747341,0.1516944,0.00776176,43.2388,82.3897,16.7804,167.8044,33.5609,864.7754,10.0000,43.2388,,20.439,40.8781,57.2293,91.9756,112.4147,122.6342,40.8781,-20.439,2.75,3.0,1.05775,5,6,1,4,1.00000000,0.19404396,0.19404396,0E-8,0.000000,0.952730,0.900000,,2026-07-21,2026-07-21,1,5,5,1,1.000000,,1.000000,3.333333,,,,,,,,GLOBAL_BASELINE_NO_ENTITY_RANKING,,,NOT_APPLICABLE_GLOBAL_BASELINE,HF9g-P5,,,,X 全窗基线 · 不参与实体赏罚,6870166,688,A168_HF9F_20260827_0900,2026-08-27 09:00:00
2026-07-21,153310908,2169,0,51.0975759310,28.6146425214,28.6146425214,1.0000000,2,1,0.41603284000000000,0.280106050000,1.184760061642335,1.6031457840727341,1.184760061642335,0.13592679000000000,ELIGIBLE,R03b_20260811_FULL_v1,L1_ELIGIBILITY,v2026-08-11,2026-03-21..2026-08-06,baccarat_bet02_101_all_pairs_incl_sentinel,round_win = game_pnl > 0 (decisive only),COMPATIBILITY_ONLY_NOT_PRODUCTION,864.7754,823.8973,167.8044,20,10,-0.19404396,-0.19404396,,-0.19404396,-167.8044,864.7754,THIN_EXPOSURE,0.0000,6.7122,4.0000,96.0000,AG03-UNRESOLVED,ALL5_LEVELS_bet23_to_bet27,6.7122,6.7122,6.7122,10.0683,10.0683,4.000000,4.000000,4.000000,6.000000,6.000000,96.000000,96.000000,96.000000,94.000000,94.000000,5.0,40.2731,36.6229,127.5314,131.1816,PENDING_AG03,FALSE,NOT_FOR_ENFORCEMENT,161.0923,790.9414,167.8044,161.0923,6.7122,0.19404396,0.18628220,6.7122,161.0923,0.18628220,6.7122,6.7122,6.7122,10.0683,10.0683,161.0923,0.18628220,40.2731,36.6229,127.5314,131.1816,0.14747341,0.1516944,0.00776176,43.2388,82.3897,16.7804,167.8044,33.5609,864.7754,10.0000,43.2388,,20.439,40.8781,57.2293,91.9756,112.4147,122.6342,40.8781,-20.439,2.75,3.0,1.05775,5,6,1,4,1.00000000,0.19404396,0.19404396,0E-8,0.000000,0.952730,0.900000,,2026-07-21,2026-07-21,1,5,5,1,1.000000,,1.000000,3.333333,,,,,,,,GLOBAL_BASELINE_NO_ENTITY_RANKING,,,NOT_APPLICABLE_GLOBAL_BASELINE,HF9g-P5,,,,X 全窗基线 · 不参与实体赏罚,6870167,688,A168_HF9F_20260827_0900,2026-08-27 09:00:00
2026-07-21,153310908,2196,0,118.5463761598,-32.7024485958,-32.7024485958,0.5000000,4,2,0.41778888365389204,0.283761275000,0.23573651375479468,0.678333096483827,0.23573651375479468,0.13402760865389204,ELIGIBLE,R03b_20260811_FULL_v1,L1_ELIGIBILITY,v2026-08-11,2026-03-21..2026-08-06,baccarat_bet02_101_all_pairs_incl_sentinel,round_win = game_pnl > 0 (decisive only),COMPATIBILITY_ONLY_NOT_PRODUCTION,864.7754,823.8973,167.8044,20,10,-0.19404396,-0.19404396,,-0.19404396,-167.8044,864.7754,THIN_EXPOSURE,0.0000,6.7122,4.0000,96.0000,AG03-UNRESOLVED,ALL5_LEVELS_bet23_to_bet27,6.7122,6.7122,6.7122,10.0683,10.0683,4.000000,4.000000,4.000000,6.000000,6.000000,96.000000,96.000000,96.000000,94.000000,94.000000,5.0,40.2731,36.6229,127.5314,131.1816,PENDING_AG03,FALSE,NOT_FOR_ENFORCEMENT,161.0923,790.9414,167.8044,161.0923,6.7122,0.19404396,0.18628220,6.7122,161.0923,0.18628220,6.7122,6.7122,6.7122,10.0683,10.0683,161.0923,0.18628220,40.2731,36.6229,127.5314,131.1816,0.14747341,0.1516944,0.00776176,43.2388,82.3897,16.7804,167.8044,33.5609,864.7754,10.0000,43.2388,,20.439,40.8781,57.2293,91.9756,112.4147,122.6342,40.8781,-20.439,2.75,3.0,1.05775,5,6,1,4,1.00000000,0.19404396,0.19404396,0E-8,0.000000,0.952730,0.900000,,2026-07-21,2026-07-21,1,5,5,1,1.000000,,1.000000,3.333333,,,,,,,,GLOBAL_BASELINE_NO_ENTITY_RANKING,,,NOT_APPLICABLE_GLOBAL_BASELINE,HF9g-P5,,,,X 全窗基线 · 不参与实体赏罚,6870168,688,A168_HF9F_20260827_0900,2026-08-27 09:00:00
2026-05-03,132005934,-1,1,68.9003255961,-19.1156391137,-19.1156391137,0.4000000,5,5,0.49860758000000000,0.498607580000,-0.440988213962219,-0.440988213962219,-0.440988213962219,0E-17,SENTINEL_DEALER,R03b_20260811_FULL_v1,L1_ELIGIBILITY,v2026-08-11,2026-03-21..2026-08-06,baccarat_bet02_101_all_pairs_incl_sentinel,round_win = game_pnl > 0 (decisive only),COMPATIBILITY_ONLY_NOT_PRODUCTION,1598.5716,1455.9395,167.8080,139,139,-0.10497372,,-0.10497372,-0.10497372,-167.8080,1598.5716,OK,0.0000,6.7123,4.0000,96.0000,AG03-UNRESOLVED,ALL5_LEVELS_bet23_to_bet27,6.7123,6.7123,6.7123,6.7123,6.7123,4.000000,4.000000,4.000000,4.000000,4.000000,96.000000,96.000000,96.000000,96.000000,96.000000,5.0,33.5616,30.9819,134.2464,136.8261,PENDING_AG03,FALSE,NOT_FOR_ENFORCEMENT,161.0957,1397.7019,167.8080,161.0957,6.7123,0.10497372,0.10077477,6.7123,161.0957,0.10077477,6.7123,6.7123,6.7123,6.7123,6.7123,161.0957,0.10077477,33.5616,30.9819,134.2464,136.8261,0.08397898,0.0855927,0.00419895,11.5005,10.4744,1.2073,55.9360,6.7123,532.8572,46.3333,,11.5005,8.4025,10.5031,12.6037,16.805,21.0062,29.8708,10.5031,0.0,2.0,2.844,1.094964,17,24,4,3,0E-8,0.10497372,,0E-8,0.000000,0.910775,0.000000,,2026-05-03,2026-05-15,3,25,22,13,0.230769,,,0.000000,,,,,,,,GLOBAL_BASELINE_NO_ENTITY_RANKING,,,NOT_APPLICABLE_GLOBAL_BASELINE,HF9g-P5,,,,X 全窗基线 · 不参与实体赏罚,6870169,688,A168_HF9F_20260827_0900,2026-08-27 09:00:00
2026-05-03,132005934,1078,0,58.8173511186,46.2136330218,46.2136330218,1.0000000,3,3,0.49324550000000000,0.493245500000,1.4334489766152358,1.4334489766152358,1.4334489766152358,0E-17,ELIGIBLE,R03b_20260811_FULL_v1,L1_ELIGIBILITY,v2026-08-11,2026-03-21..2026-08-06,baccarat_bet02_101_all_pairs_incl_sentinel,round_win = game_pnl > 0 (decisive only),COMPATIBILITY_ONLY_NOT_PRODUCTION,1598.5716,1455.9395,167.8080,139,139,-0.10497372,,-0.10497372,-0.10497372,-167.8080,1598.5716,OK,0.0000,6.7123,4.0000,96.0000,AG03-UNRESOLVED,ALL5_LEVELS_bet23_to_bet27,6.7123,6.7123,6.7123,6.7123,6.7123,4.000000,4.000000,4.000000,4.000000,4.000000,96.000000,96.000000,96.000000,96.000000,96.000000,5.0,33.5616,30.9819,134.2464,136.8261,PENDING_AG03,FALSE,NOT_FOR_ENFORCEMENT,161.0957,1397.7019,167.8080,161.0957,6.7123,0.10497372,0.10077477,6.7123,161.0957,0.10077477,6.7123,6.7123,6.7123,6.7123,6.7123,161.0957,0.10077477,33.5616,30.9819,134.2464,136.8261,0.08397898,0.0855927,0.00419895,11.5005,10.4744,1.2073,55.9360,6.7123,532.8572,46.3333,,11.5005,8.4025,10.5031,12.6037,16.805,21.0062,29.8708,10.5031,0.0,2.0,2.844,1.094964,17,24,4,3,0E-8,0.10497372,,0E-8,0.000000,0.910775,0.000000,,2026-05-03,2026-05-15,3,25,22,13,0.230769,,,0.000000,,,,,,,,GLOBAL_BASELINE_NO_ENTITY_RANKING,,,NOT_APPLICABLE_GLOBAL_BASELINE,HF9g-P5,,,,X 全窗基线 · 不参与实体赏罚,6870170,688,A168_HF9F_20260827_0900,2026-08-27 09:00:00
2026-05-03,132005934,1402,0,163.8483352591,-15.3345236846,-15.3345236846,0.5000000,8,8,0.49827245000000000,0.498272450000,0.009772556889889069,0.009772556889889069,0.009772556889889069,0E-17,ELIGIBLE,R03b_20260811_FULL_v1,L1_ELIGIBILITY,v2026-08-11,2026-03-21..2026-08-06,baccarat_bet02_101_all_pairs_incl_sentinel,round_win = game_pnl > 0 (decisive only),COMPATIBILITY_ONLY_NOT_PRODUCTION,1598.5716,1455.9395,167.8080,139,139,-0.10497372,,-0.10497372,-0.10497372,-167.8080,1598.5716,OK,0.0000,6.7123,4.0000,96.0000,AG03-UNRESOLVED,ALL5_LEVELS_bet23_to_bet27,6.7123,6.7123,6.7123,6.7123,6.7123,4.000000,4.000000,4.000000,4.000000,4.000000,96.000000,96.000000,96.000000,96.000000,96.000000,5.0,33.5616,30.9819,134.2464,136.8261,PENDING_AG03,FALSE,NOT_FOR_ENFORCEMENT,161.0957,1397.7019,167.8080,161.0957,6.7123,0.10497372,0.10077477,6.7123,161.0957,0.10077477,6.7123,6.7123,6.7123,6.7123,6.7123,161.0957,0.10077477,33.5616,30.9819,134.2464,136.8261,0.08397898,0.0855927,0.00419895,11.5005,10.4744,1.2073,55.9360,6.7123,532.8572,46.3333,,11.5005,8.4025,10.5031,12.6037,16.805,21.0062,29.8708,10.5031,0.0,2.0,2.844,1.094964,17,24,4,3,0E-8,0.10497372,,0E-8,0.000000,0.910775,0.000000,,2026-05-03,2026-05-15,3,25,22,13,0.230769,,,0.000000,,,,,,,,GLOBAL_BASELINE_NO_ENTITY_RANKING,,,NOT_APPLICABLE_GLOBAL_BASELINE,HF9g-P5,,,,X 全窗基线 · 不参与实体赏罚,6870171,688,A168_HF9F_20260827_0900,2026-08-27 09:00:00
2026-05-03,132005934,1485,0,8.4024787312,-8.4024787312,-8.4024787312,0E-7,1,1,0.49324550000000000,0.493245500000,-0.9865810262130424,-0.9865810262130424,-0.9865810262130424,0E-17,ELIGIBLE,R03b_20260811_FULL_v1,L1_ELIGIBILITY,v2026-08-11,2026-03-21..2026-08-06,baccarat_bet02_101_all_pairs_incl_sentinel,round_win = game_pnl > 0 (decisive only),COMPATIBILITY_ONLY_NOT_PRODUCTION,1598.5716,1455.9395,167.8080,139,139,-0.10497372,,-0.10497372,-0.10497372,-167.8080,1598.5716,OK,0.0000,6.7123,4.0000,96.0000,AG03-UNRESOLVED,ALL5_LEVELS_bet23_to_bet27,6.7123,6.7123,6.7123,6.7123,6.7123,4.000000,4.000000,4.000000,4.000000,4.000000,96.000000,96.000000,96.000000,96.000000,96.000000,5.0,33.5616,30.9819,134.2464,136.8261,PENDING_AG03,FALSE,NOT_FOR_ENFORCEMENT,161.0957,1397.7019,167.8080,161.0957,6.7123,0.10497372,0.10077477,6.7123,161.0957,0.10077477,6.7123,6.7123,6.7123,6.7123,6.7123,161.0957,0.10077477,33.5616,30.9819,134.2464,136.8261,0.08397898,0.0855927,0.00419895,11.5005,10.4744,1.2073,55.9360,6.7123,532.8572,46.3333,,11.5005,8.4025,10.5031,12.6037,16.805,21.0062,29.8708,10.5031,0.0,2.0,2.844,1.094964,17,24,4,3,0E-8,0.10497372,,0E-8,0.000000,0.910775,0.000000,,2026-05-03,2026-05-15,3,25,22,13,0.230769,,,0.000000,,,,,,,,GLOBAL_BASELINE_NO_ENTITY_RANKING,,,NOT_APPLICABLE_GLOBAL_BASELINE,HF9g-P5,,,,X 全窗基线 · 不参与实体赏罚,6870172,688,A168_HF9F_20260827_0900,2026-08-27 09:00:00
2026-05-03,132005934,1704,0,29.4086755592,-4.6213633021,-4.6213633021,0.5000000,3,3,0.50665070000000000,0.506650700000,-0.018812684590367487,-0.018812684590367487,-0.018812684590367487,0E-17,ELIGIBLE,R03b_20260811_FULL_v1,L1_ELIGIBILITY,v2026-08-11,2026-03-21..2026-08-06,baccarat_bet02_101_all_pairs_incl_sentinel,round_win = game_pnl > 0 (decisive only),COMPATIBILITY_ONLY_NOT_PRODUCTION,1598.5716,1455.9395,167.8080,139,139,-0.10497372,,-0.10497372,-0.10497372,-167.8080,1598.5716,OK,0.0000,6.7123,4.0000,96.0000,AG03-UNRESOLVED,ALL5_LEVELS_bet23_to_bet27,6.7123,6.7123,6.7123,6.7123,6.7123,4.000000,4.000000,4.000000,4.000000,4.000000,96.000000,96.000000,96.000000,96.000000,96.000000,5.0,33.5616,30.9819,134.2464,136.8261,PENDING_AG03,FALSE,NOT_FOR_ENFORCEMENT,161.0957,1397.7019,167.8080,161.0957,6.7123,0.10497372,0.10077477,6.7123,161.0957,0.10077477,6.7123,6.7123,6.7123,6.7123,6.7123,161.0957,0.10077477,33.5616,30.9819,134.2464,136.8261,0.08397898,0.0855927,0.00419895,11.5005,10.4744,1.2073,55.9360,6.7123,532.8572,46.3333,,11.5005,8.4025,10.5031,12.6037,16.805,21.0062,29.8708,10.5031,0.0,2.0,2.844,1.094964,17,24,4,3,0E-8,0.10497372,,0E-8,0.000000,0.910775,0.000000,,2026-05-03,2026-05-15,3,25,22,13,0.230769,,,0.000000,,,,,,,,GLOBAL_BASELINE_NO_ENTITY_RANKING,,,NOT_APPLICABLE_GLOBAL_BASELINE,HF9g-P5,,,,X 全窗基线 · 不参与实体赏罚,6870173,688,A168_HF9F_20260827_0900,2026-08-27 09:00:00
2026-05-03,132005934,2108,0,8.4024787312,-8.4024787312,-8.4024787312,0E-7,1,1,0.50665070000000000,0.506650700000,-1.013391052207602,-1.013391052207602,-1.013391052207602,0E-17,ELIGIBLE,R03b_20260811_FULL_v1,L1_ELIGIBILITY,v2026-08-11,2026-03-21..2026-08-06,baccarat_bet02_101_all_pairs_incl_sentinel,round_win = game_pnl > 0 (decisive only),COMPATIBILITY_ONLY_NOT_PRODUCTION,1598.5716,1455.9395,167.8080,139,139,-0.10497372,,-0.10497372,-0.10497372,-167.8080,1598.5716,OK,0.0000,6.7123,4.0000,96.0000,AG03-UNRESOLVED,ALL5_LEVELS_bet23_to_bet27,6.7123,6.7123,6.7123,6.7123,6.7123,4.000000,4.000000,4.000000,4.000000,4.000000,96.000000,96.000000,96.000000,96.000000,96.000000,5.0,33.5616,30.9819,134.2464,136.8261,PENDING_AG03,FALSE,NOT_FOR_ENFORCEMENT,161.0957,1397.7019,167.8080,161.0957,6.7123,0.10497372,0.10077477,6.7123,161.0957,0.10077477,6.7123,6.7123,6.7123,6.7123,6.7123,161.0957,0.10077477,33.5616,30.9819,134.2464,136.8261,0.08397898,0.0855927,0.00419895,11.5005,10.4744,1.2073,55.9360,6.7123,532.8572,46.3333,,11.5005,8.4025,10.5031,12.6037,16.805,21.0062,29.8708,10.5031,0.0,2.0,2.844,1.094964,17,24,4,3,0E-8,0.10497372,,0E-8,0.000000,0.910775,0.000000,,2026-05-03,2026-05-15,3,25,22,13,0.230769,,,0.000000,,,,,,,,GLOBAL_BASELINE_NO_ENTITY_RANKING,,,NOT_APPLICABLE_GLOBAL_BASELINE,HF9g-P5,,,,X 全窗基线 · 不参与实体赏罚,6870174,688,A168_HF9F_20260827_0900,2026-08-27 09:00:00
2026-05-03,132005934,2160,0,67.2198298498,-21.8464447012,-21.8464447012,0.2500000,5,5,0.50128862000000000,0.501288620000,-1.0051578182180947,-1.0051578182180947,-1.0051578182180947,0E-17,ELIGIBLE,R03b_20260811_FULL_v1,L1_ELIGIBILITY,v2026-08-11,2026-03-21..2026-08-06,baccarat_bet02_101_all_pairs_incl_sentinel,round_win = game_pnl > 0 (decisive only),COMPATIBILITY_ONLY_NOT_PRODUCTION,1598.5716,1455.9395,167.8080,139,139,-0.10497372,,-0.10497372,-0.10497372,-167.8080,1598.5716,OK,0.0000,6.7123,4.0000,96.0000,AG03-UNRESOLVED,ALL5_LEVELS_bet23_to_bet27,6.7123,6.7123,6.7123,6.7123,6.7123,4.000000,4.000000,4.000000,4.000000,4.000000,96.000000,96.000000,96.000000,96.000000,96.000000,5.0,33.5616,30.9819,134.2464,136.8261,PENDING_AG03,FALSE,NOT_FOR_ENFORCEMENT,161.0957,1397.7019,167.8080,161.0957,6.7123,0.10497372,0.10077477,6.7123,161.0957,0.10077477,6.7123,6.7123,6.7123,6.7123,6.7123,161.0957,0.10077477,33.5616,30.9819,134.2464,136.8261,0.08397898,0.0855927,0.00419895,11.5005,10.4744,1.2073,55.9360,6.7123,532.8572,46.3333,,11.5005,8.4025,10.5031,12.6037,16.805,21.0062,29.8708,10.5031,0.0,2.0,2.844,1.094964,17,24,4,3,0E-8,0.10497372,,0E-8,0.000000,0.910775,0.000000,,2026-05-03,2026-05-15,3,25,22,13,0.230769,,,0.000000,,,,,,,,GLOBAL_BASELINE_NO_ENTITY_RANKING,,,NOT_APPLICABLE_GLOBAL_BASELINE,HF9g-P5,,,,X 全窗基线 · 不参与实体赏罚,6870175,688,A168_HF9F_20260827_0900,2026-08-27 09:00:00
2026-05-03,132005934,2171,0,11.3433462872,-11.3433462872,-11.3433462872,0E-7,1,1,0.50665070000000000,0.506650700000,-1.013391052207602,-1.013391052207602,-1.013391052207602,0E-17,ELIGIBLE,R03b_20260811_FULL_v1,L1_ELIGIBILITY,v2026-08-11,2026-03-21..2026-08-06,baccarat_bet02_101_all_pairs_incl_sentinel,round_win = game_pnl > 0 (decisive only),COMPATIBILITY_ONLY_NOT_PRODUCTION,1598.5716,1455.9395,167.8080,139,139,-0.10497372,,-0.10497372,-0.10497372,-167.8080,1598.5716,OK,0.0000,6.7123,4.0000,96.0000,AG03-UNRESOLVED,ALL5_LEVELS_bet23_to_bet27,6.7123,6.7123,6.7123,6.7123,6.7123,4.000000,4.000000,4.000000,4.000000,4.000000,96.000000,96.000000,96.000000,96.000000,96.000000,5.0,33.5616,30.9819,134.2464,136.8261,PENDING_AG03,FALSE,NOT_FOR_ENFORCEMENT,161.0957,1397.7019,167.8080,161.0957,6.7123,0.10497372,0.10077477,6.7123,161.0957,0.10077477,6.7123,6.7123,6.7123,6.7123,6.7123,161.0957,0.10077477,33.5616,30.9819,134.2464,136.8261,0.08397898,0.0855927,0.00419895,11.5005,10.4744,1.2073,55.9360,6.7123,532.8572,46.3333,,11.5005,8.4025,10.5031,12.6037,16.805,21.0062,29.8708,10.5031,0.0,2.0,2.844,1.094964,17,24,4,3,0E-8,0.10497372,,0E-8,0.000000,0.910775,0.000000,,2026-05-03,2026-05-15,3,25,22,13,0.230769,,,0.000000,,,,,,,,GLOBAL_BASELINE_NO_ENTITY_RANKING,,,NOT_APPLICABLE_GLOBAL_BASELINE,HF9g-P5,,,,X 全窗基线 · 不参与实体赏罚,6870176,688,A168_HF9F_20260827_0900,2026-08-27 09:00:00
2026-05-03,132005934,2201,0,21.0061968281,-21.0061968281,-21.0061968281,0E-7,1,1,0.50665070000000000,0.506650700000,-1.013391052207602,-1.013391052207602,-1.013391052207602,0E-17,ELIGIBLE,R03b_20260811_FULL_v1,L1_ELIGIBILITY,v2026-08-11,2026-03-21..2026-08-06,baccarat_bet02_101_all_pairs_incl_sentinel,round_win = game_pnl > 0 (decisive only),COMPATIBILITY_ONLY_NOT_PRODUCTION,1598.5716,1455.9395,167.8080,139,139,-0.10497372,,-0.10497372,-0.10497372,-167.8080,1598.5716,OK,0.0000,6.7123,4.0000,96.0000,AG03-UNRESOLVED,ALL5_LEVELS_bet23_to_bet27,6.7123,6.7123,6.7123,6.7123,6.7123,4.000000,4.000000,4.000000,4.000000,4.000000,96.000000,96.000000,96.000000,96.000000,96.000000,5.0,33.5616,30.9819,134.2464,136.8261,PENDING_AG03,FALSE,NOT_FOR_ENFORCEMENT,161.0957,1397.7019,167.8080,161.0957,6.7123,0.10497372,0.10077477,6.7123,161.0957,0.10077477,6.7123,6.7123,6.7123,6.7123,6.7123,161.0957,0.10077477,33.5616,30.9819,134.2464,136.8261,0.08397898,0.0855927,0.00419895,11.5005,10.4744,1.2073,55.9360,6.7123,532.8572,46.3333,,11.5005,8.4025,10.5031,12.6037,16.805,21.0062,29.8708,10.5031,0.0,2.0,2.844,1.094964,17,24,4,3,0E-8,0.10497372,,0E-8,0.000000,0.910775,0.000000,,2026-05-03,2026-05-15,3,25,22,13,0.230769,,,0.000000,,,,,,,,GLOBAL_BASELINE_NO_ENTITY_RANKING,,,NOT_APPLICABLE_GLOBAL_BASELINE,HF9g-P5,,,,X 全窗基线 · 不参与实体赏罚,6870177,688,A168_HF9F_20260827_0900,2026-08-27 09:00:00
2026-05-03,132005934,2251,0,46.2136330216,-12.6037180968,-12.6037180968,0.5000000,5,5,0.49324550000000000,0.493245500000,0.027020465636507562,0.027020465636507562,0.027020465636507562,0E-17,ELIGIBLE,R03b_20260811_FULL_v1,L1_ELIGIBILITY,v2026-08-11,2026-03-21..2026-08-06,baccarat_bet02_101_all_pairs_incl_sentinel,round_win = game_pnl > 0 (decisive only),COMPATIBILITY_ONLY_NOT_PRODUCTION,1598.5716,1455.9395,167.8080,139,139,-0.10497372,,-0.10497372,-0.10497372,-167.8080,1598.5716,OK,0.0000,6.7123,4.0000,96.0000,AG03-UNRESOLVED,ALL5_LEVELS_bet23_to_bet27,6.7123,6.7123,6.7123,6.7123,6.7123,4.000000,4.000000,4.000000,4.000000,4.000000,96.000000,96.000000,96.000000,96.000000,96.000000,5.0,33.5616,30.9819,134.2464,136.8261,PENDING_AG03,FALSE,NOT_FOR_ENFORCEMENT,161.0957,1397.7019,167.8080,161.0957,6.7123,0.10497372,0.10077477,6.7123,161.0957,0.10077477,6.7123,6.7123,6.7123,6.7123,6.7123,161.0957,0.10077477,33.5616,30.9819,134.2464,136.8261,0.08397898,0.0855927,0.00419895,11.5005,10.4744,1.2073,55.9360,6.7123,532.8572,46.3333,,11.5005,8.4025,10.5031,12.6037,16.805,21.0062,29.8708,10.5031,0.0,2.0,2.844,1.094964,17,24,4,3,0E-8,0.10497372,,0E-8,0.000000,0.910775,0.000000,,2026-05-03,2026-05-15,3,25,22,13,0.230769,,,0.000000,,,,,,,,GLOBAL_BASELINE_NO_ENTITY_RANKING,,,NOT_APPLICABLE_GLOBAL_BASELINE,HF9g-P5,,,,X 全窗基线 · 不参与实体赏罚,6870178,688,A168_HF9F_20260827_0900,2026-08-27 09:00:00
2026-05-03,132005934,752,0,67.2198298497,8.4024787311,8.4024787311,0.6000000,5,5,0.49860758000000000,0.498607580000,0.4534424453485946,0.4534424453485946,0.4534424453485946,0E-17,ELIGIBLE,R03b_20260811_FULL_v1,L1_ELIGIBILITY,v2026-08-11,2026-03-21..2026-08-06,baccarat_bet02_101_all_pairs_incl_sentinel,round_win = game_pnl > 0 (decisive only),COMPATIBILITY_ONLY_NOT_PRODUCTION,1598.5716,1455.9395,167.8080,139,139,-0.10497372,,-0.10497372,-0.10497372,-167.8080,1598.5716,OK,0.0000,6.7123,4.0000,96.0000,AG03-UNRESOLVED,ALL5_LEVELS_bet23_to_bet27,6.7123,6.7123,6.7123,6.7123,6.7123,4.000000,4.000000,4.000000,4.000000,4.000000,96.000000,96.000000,96.000000,96.000000,96.000000,5.0,33.5616,30.9819,134.2464,136.8261,PENDING_AG03,FALSE,NOT_FOR_ENFORCEMENT,161.0957,1397.7019,167.8080,161.0957,6.7123,0.10497372,0.10077477,6.7123,161.0957,0.10077477,6.7123,6.7123,6.7123,6.7123,6.7123,161.0957,0.10077477,33.5616,30.9819,134.2464,136.8261,0.08397898,0.0855927,0.00419895,11.5005,10.4744,1.2073,55.9360,6.7123,532.8572,46.3333,,11.5005,8.4025,10.5031,12.6037,16.805,21.0062,29.8708,10.5031,0.0,2.0,2.844,1.094964,17,24,4,3,0E-8,0.10497372,,0E-8,0.000000,0.910775,0.000000,,2026-05-03,2026-05-15,3,25,22,13,0.230769,,,0.000000,,,,,,,,GLOBAL_BASELINE_NO_ENTITY_RANKING,,,NOT_APPLICABLE_GLOBAL_BASELINE,HF9g-P5,,,,X 全窗基线 · 不参与实体赏罚,6870179,688,A168_HF9F_20260827_0900,2026-08-27 09:00:00
2026-05-03,132005934,970,0,79.8235479467,-46.2136330219,-46.2136330219,0.2500000,5,5,0.49592654000000000,0.495926540000,-0.983738807048034,-0.983738807048034,-0.983738807048034,0E-17,ELIGIBLE,R03b_20260811_FULL_v1,L1_ELIGIBILITY,v2026-08-11,2026-03-21..2026-08-06,baccarat_bet02_101_all_pairs_incl_sentinel,round_win = game_pnl > 0 (decisive only),COMPATIBILITY_ONLY_NOT_PRODUCTION,1598.5716,1455.9395,167.8080,139,139,-0.10497372,,-0.10497372,-0.10497372,-167.8080,1598.5716,OK,0.0000,6.7123,4.0000,96.0000,AG03-UNRESOLVED,ALL5_LEVELS_bet23_to_bet27,6.7123,6.7123,6.7123,6.7123,6.7123,4.000000,4.000000,4.000000,4.000000,4.000000,96.000000,96.000000,96.000000,96.000000,96.000000,5.0,33.5616,30.9819,134.2464,136.8261,PENDING_AG03,FALSE,NOT_FOR_ENFORCEMENT,161.0957,1397.7019,167.8080,161.0957,6.7123,0.10497372,0.10077477,6.7123,161.0957,0.10077477,6.7123,6.7123,6.7123,6.7123,6.7123,161.0957,0.10077477,33.5616,30.9819,134.2464,136.8261,0.08397898,0.0855927,0.00419895,11.5005,10.4744,1.2073,55.9360,6.7123,532.8572,46.3333,,11.5005,8.4025,10.5031,12.6037,16.805,21.0062,29.8708,10.5031,0.0,2.0,2.844,1.094964,17,24,4,3,0E-8,0.10497372,,0E-8,0.000000,0.910775,0.000000,,2026-05-03,2026-05-15,3,25,22,13,0.230769,,,0.000000,,,,,,,,GLOBAL_BASELINE_NO_ENTITY_RANKING,,,NOT_APPLICABLE_GLOBAL_BASELINE,HF9g-P5,,,,X 全窗基线 · 不参与实体赏罚,6870180,688,A168_HF9F_20260827_0900,2026-08-27 09:00:00
2026-05-03,132005934,986,0,207.5412246609,-9.5368133598,-9.5368133598,0.4666667,18,18,0.50143756666666667,0.501437566667,-0.2693353464833218,-0.2693353464859043,-0.2693353464833218,-3.3333E-13,ELIGIBLE,R03b_20260811_FULL_v1,L1_ELIGIBILITY,v2026-08-11,2026-03-21..2026-08-06,baccarat_bet02_101_all_pairs_incl_sentinel,round_win = game_pnl > 0 (decisive only),COMPATIBILITY_ONLY_NOT_PRODUCTION,1598.5716,1455.9395,167.8080,139,139,-0.10497372,,-0.10497372,-0.10497372,-167.8080,1598.5716,OK,0.0000,6.7123,4.0000,96.0000,AG03-UNRESOLVED,ALL5_LEVELS_bet23_to_bet27,6.7123,6.7123,6.7123,6.7123,6.7123,4.000000,4.000000,4.000000,4.000000,4.000000,96.000000,96.000000,96.000000,96.000000,96.000000,5.0,33.5616,30.9819,134.2464,136.8261,PENDING_AG03,FALSE,NOT_FOR_ENFORCEMENT,161.0957,1397.7019,167.8080,161.0957,6.7123,0.10497372,0.10077477,6.7123,161.0957,0.10077477,6.7123,6.7123,6.7123,6.7123,6.7123,161.0957,0.10077477,33.5616,30.9819,134.2464,136.8261,0.08397898,0.0855927,0.00419895,11.5005,10.4744,1.2073,55.9360,6.7123,532.8572,46.3333,,11.5005,8.4025,10.5031,12.6037,16.805,21.0062,29.8708,10.5031,0.0,2.0,2.844,1.094964,17,24,4,3,0E-8,0.10497372,,0E-8,0.000000,0.910775,0.000000,,2026-05-03,2026-05-15,3,25,22,13,0.230769,,,0.000000,,,,,,,,GLOBAL_BASELINE_NO_ENTITY_RANKING,,,NOT_APPLICABLE_GLOBAL_BASELINE,HF9g-P5,,,,X 全窗基线 · 不参与实体赏罚,6870181,688,A168_HF9F_20260827_0900,2026-08-27 09:00:00
2026-05-05,132005934,-1,1,32.1394811469,-8.1924167629,-8.1924167629,0.3333333,6,6,0.49547970000000000,0.495479700000,-0.7943841881047936,-0.7943841881047936,-0.7943841881047936,0E-17,SENTINEL_DEALER,R03b_20260811_FULL_v1,L1_ELIGIBILITY,v2026-08-11,2026-03-21..2026-08-06,baccarat_bet02_101_all_pairs_incl_sentinel,round_win = game_pnl > 0 (decisive only),COMPATIBILITY_ONLY_NOT_PRODUCTION,1598.5716,1455.9395,167.8080,139,139,-0.10497372,,-0.10497372,-0.10497372,-167.8080,1598.5716,OK,0.0000,6.7123,4.0000,96.0000,AG03-UNRESOLVED,ALL5_LEVELS_bet23_to_bet27,6.7123,6.7123,6.7123,6.7123,6.7123,4.000000,4.000000,4.000000,4.000000,4.000000,96.000000,96.000000,96.000000,96.000000,96.000000,5.0,33.5616,30.9819,134.2464,136.8261,PENDING_AG03,FALSE,NOT_FOR_ENFORCEMENT,161.0957,1397.7019,167.8080,161.0957,6.7123,0.10497372,0.10077477,6.7123,161.0957,0.10077477,6.7123,6.7123,6.7123,6.7123,6.7123,161.0957,0.10077477,33.5616,30.9819,134.2464,136.8261,0.08397898,0.0855927,0.00419895,11.5005,10.4744,1.2073,55.9360,6.7123,532.8572,46.3333,,11.5005,8.4025,10.5031,12.6037,16.805,21.0062,29.8708,10.5031,0.0,2.0,2.844,1.094964,17,24,4,3,0E-8,0.10497372,,0E-8,0.000000,0.910775,0.000000,,2026-05-03,2026-05-15,3,25,22,13,0.230769,,,0.000000,,,,,,,,GLOBAL_BASELINE_NO_ENTITY_RANKING,,,NOT_APPLICABLE_GLOBAL_BASELINE,HF9g-P5,,,,X 全窗基线 · 不参与实体赏罚,6870182,688,A168_HF9F_20260827_0900,2026-08-27 09:00:00
2026-05-05,132005934,1399,0,10.5030984140,2.1006196828,2.1006196828,0.6666667,3,3,0.49324550000000000,0.493245500000,0.6008033672792107,0.6008033672792106,0.6008033672792107,0E-17,ELIGIBLE,R03b_20260811_FULL_v1,L1_ELIGIBILITY,v2026-08-11,2026-03-21..2026-08-06,baccarat_bet02_101_all_pairs_incl_sentinel,round_win = game_pnl > 0 (decisive only),COMPATIBILITY_ONLY_NOT_PRODUCTION,1598.5716,1455.9395,167.8080,139,139,-0.10497372,,-0.10497372,-0.10497372,-167.8080,1598.5716,OK,0.0000,6.7123,4.0000,96.0000,AG03-UNRESOLVED,ALL5_LEVELS_bet23_to_bet27,6.7123,6.7123,6.7123,6.7123,6.7123,4.000000,4.000000,4.000000,4.000000,4.000000,96.000000,96.000000,96.000000,96.000000,96.000000,5.0,33.5616,30.9819,134.2464,136.8261,PENDING_AG03,FALSE,NOT_FOR_ENFORCEMENT,161.0957,1397.7019,167.8080,161.0957,6.7123,0.10497372,0.10077477,6.7123,161.0957,0.10077477,6.7123,6.7123,6.7123,6.7123,6.7123,161.0957,0.10077477,33.5616,30.9819,134.2464,136.8261,0.08397898,0.0855927,0.00419895,11.5005,10.4744,1.2073,55.9360,6.7123,532.8572,46.3333,,11.5005,8.4025,10.5031,12.6037,16.805,21.0062,29.8708,10.5031,0.0,2.0,2.844,1.094964,17,24,4,3,0E-8,0.10497372,,0E-8,0.000000,0.910775,0.000000,,2026-05-03,2026-05-15,3,25,22,13,0.230769,,,0.000000,,,,,,,,GLOBAL_BASELINE_NO_ENTITY_RANKING,,,NOT_APPLICABLE_GLOBAL_BASELINE,HF9g-P5,,,,X 全窗基线 · 不参与实体赏罚,6870183,688,A168_HF9F_20260827_0900,2026-08-27 09:00:00
2026-05-15,132005934,-1,1,60.9179708013,-46.2136330217,-46.2136330217,0.1666667,7,7,0.49516052857142857,0.495160528571,-1.6093600763544051,-1.6093600763523188,-1.6093600763544051,4.2857E-13,SENTINEL_DEALER,R03b_20260811_FULL_v1,L1_ELIGIBILITY,v2026-08-11,2026-03-21..2026-08-06,baccarat_bet02_101_all_pairs_incl_sentinel,round_win = game_pnl > 0 (decisive only),COMPATIBILITY_ONLY_NOT_PRODUCTION,1598.5716,1455.9395,167.8080,139,139,-0.10497372,,-0.10497372,-0.10497372,-167.8080,1598.5716,OK,0.0000,6.7123,4.0000,96.0000,AG03-UNRESOLVED,ALL5_LEVELS_bet23_to_bet27,6.7123,6.7123,6.7123,6.7123,6.7123,4.000000,4.000000,4.000000,4.000000,4.000000,96.000000,96.000000,96.000000,96.000000,96.000000,5.0,33.5616,30.9819,134.2464,136.8261,PENDING_AG03,FALSE,NOT_FOR_ENFORCEMENT,161.0957,1397.7019,167.8080,161.0957,6.7123,0.10497372,0.10077477,6.7123,161.0957,0.10077477,6.7123,6.7123,6.7123,6.7123,6.7123,161.0957,0.10077477,33.5616,30.9819,134.2464,136.8261,0.08397898,0.0855927,0.00419895,11.5005,10.4744,1.2073,55.9360,6.7123,532.8572,46.3333,,11.5005,8.4025,10.5031,12.6037,16.805,21.0062,29.8708,10.5031,0.0,2.0,2.844,1.094964,17,24,4,3,0E-8,0.10497372,,0E-8,0.000000,0.910775,0.000000,,2026-05-03,2026-05-15,3,25,22,13,0.230769,,,0.000000,,,,,,,,GLOBAL_BASELINE_NO_ENTITY_RANKING,,,NOT_APPLICABLE_GLOBAL_BASELINE,HF9g-P5,,,,X 全窗基线 · 不参与实体赏罚,6870184,688,A168_HF9F_20260827_0900,2026-08-27 09:00:00
2026-05-15,132005934,1221,0,220.5650666945,-114.4837727130,-114.4837727130,0.2500000,17,17,0.47689280000000000,0.476892800000,-1.8170838745007172,-1.8170838745007172,-1.8170838745007172,0E-17,ELIGIBLE,R03b_20260811_FULL_v1,L1_ELIGIBILITY,v2026-08-11,2026-03-21..2026-08-06,baccarat_bet02_101_all_pairs_incl_sentinel,round_win = game_pnl > 0 (decisive only),COMPATIBILITY_ONLY_NOT_PRODUCTION,1598.5716,1455.9395,167.8080,139,139,-0.10497372,,-0.10497372,-0.10497372,-167.8080,1598.5716,OK,0.0000,6.7123,4.0000,96.0000,AG03-UNRESOLVED,ALL5_LEVELS_bet23_to_bet27,6.7123,6.7123,6.7123,6.7123,6.7123,4.000000,4.000000,4.000000,4.000000,4.000000,96.000000,96.000000,96.000000,96.000000,96.000000,5.0,33.5616,30.9819,134.2464,136.8261,PENDING_AG03,FALSE,NOT_FOR_ENFORCEMENT,161.0957,1397.7019,167.8080,161.0957,6.7123,0.10497372,0.10077477,6.7123,161.0957,0.10077477,6.7123,6.7123,6.7123,6.7123,6.7123,161.0957,0.10077477,33.5616,30.9819,134.2464,136.8261,0.08397898,0.0855927,0.00419895,11.5005,10.4744,1.2073,55.9360,6.7123,532.8572,46.3333,,11.5005,8.4025,10.5031,12.6037,16.805,21.0062,29.8708,10.5031,0.0,2.0,2.844,1.094964,17,24,4,3,0E-8,0.10497372,,0E-8,0.000000,0.910775,0.000000,,2026-05-03,2026-05-15,3,25,22,13,0.230769,,,0.000000,,,,,,,,GLOBAL_BASELINE_NO_ENTITY_RANKING,,,NOT_APPLICABLE_GLOBAL_BASELINE,HF9g-P5,,,,X 全窗基线 · 不参与实体赏罚,6870185,688,A168_HF9F_20260827_0900,2026-08-27 09:00:00
2026-05-15,132005934,1382,0,31.5092952420,-19.2206700976,-19.2206700976,0.2500000,4,4,0.50329940000000000,0.503299400000,-1.013219660140378,-1.013219660140378,-1.013219660140378,0E-17,ELIGIBLE,R03b_20260811_FULL_v1,L1_ELIGIBILITY,v2026-08-11,2026-03-21..2026-08-06,baccarat_bet02_101_all_pairs_incl_sentinel,round_win = game_pnl > 0 (decisive only),COMPATIBILITY_ONLY_NOT_PRODUCTION,1598.5716,1455.9395,167.8080,139,139,-0.10497372,,-0.10497372,-0.10497372,-167.8080,1598.5716,OK,0.0000,6.7123,4.0000,96.0000,AG03-UNRESOLVED,ALL5_LEVELS_bet23_to_bet27,6.7123,6.7123,6.7123,6.7123,6.7123,4.000000,4.000000,4.000000,4.000000,4.000000,96.000000,96.000000,96.000000,96.000000,96.000000,5.0,33.5616,30.9819,134.2464,136.8261,PENDING_AG03,FALSE,NOT_FOR_ENFORCEMENT,161.0957,1397.7019,167.8080,161.0957,6.7123,0.10497372,0.10077477,6.7123,161.0957,0.10077477,6.7123,6.7123,6.7123,6.7123,6.7123,161.0957,0.10077477,33.5616,30.9819,134.2464,136.8261,0.08397898,0.0855927,0.00419895,11.5005,10.4744,1.2073,55.9360,6.7123,532.8572,46.3333,,11.5005,8.4025,10.5031,12.6037,16.805,21.0062,29.8708,10.5031,0.0,2.0,2.844,1.094964,17,24,4,3,0E-8,0.10497372,,0E-8,0.000000,0.910775,0.000000,,2026-05-03,2026-05-15,3,25,22,13,0.230769,,,0.000000,,,,,,,,GLOBAL_BASELINE_NO_ENTITY_RANKING,,,NOT_APPLICABLE_GLOBAL_BASELINE,HF9g-P5,,,,X 全窗基线 · 不参与实体赏罚,6870186,688,A168_HF9F_20260827_0900,2026-08-27 09:00:00
2026-05-15,132005934,1507,0,6.3018590484,-6.3018590484,-6.3018590484,0E-7,1,1,0.49324550000000000,0.493245500000,-0.9865810262130424,-0.9865810262130424,-0.9865810262130424,0E-17,ELIGIBLE,R03b_20260811_FULL_v1,L1_ELIGIBILITY,v2026-08-11,2026-03-21..2026-08-06,baccarat_bet02_101_all_pairs_incl_sentinel,round_win = game_pnl > 0 (decisive only),COMPATIBILITY_ONLY_NOT_PRODUCTION,1598.5716,1455.9395,167.8080,139,139,-0.10497372,,-0.10497372,-0.10497372,-167.8080,1598.5716,OK,0.0000,6.7123,4.0000,96.0000,AG03-UNRESOLVED,ALL5_LEVELS_bet23_to_bet27,6.7123,6.7123,6.7123,6.7123,6.7123,4.000000,4.000000,4.000000,4.000000,4.000000,96.000000,96.000000,96.000000,96.000000,96.000000,5.0,33.5616,30.9819,134.2464,136.8261,PENDING_AG03,FALSE,NOT_FOR_ENFORCEMENT,161.0957,1397.7019,167.8080,161.0957,6.7123,0.10497372,0.10077477,6.7123,161.0957,0.10077477,6.7123,6.7123,6.7123,6.7123,6.7123,161.0957,0.10077477,33.5616,30.9819,134.2464,136.8261,0.08397898,0.0855927,0.00419895,11.5005,10.4744,1.2073,55.9360,6.7123,532.8572,46.3333,,11.5005,8.4025,10.5031,12.6037,16.805,21.0062,29.8708,10.5031,0.0,2.0,2.844,1.094964,17,24,4,3,0E-8,0.10497372,,0E-8,0.000000,0.910775,0.000000,,2026-05-03,2026-05-15,3,25,22,13,0.230769,,,0.000000,,,,,,,,GLOBAL_BASELINE_NO_ENTITY_RANKING,,,NOT_APPLICABLE_GLOBAL_BASELINE,HF9g-P5,,,,X 全窗基线 · 不参与实体赏罚,6870187,688,A168_HF9F_20260827_0900,2026-08-27 09:00:00
2026-05-15,132005934,1941,0,52.5154920700,50.8349963238,50.8349963238,1.0000000,5,5,0.50128862000000000,0.501288620000,2.2303125007307085,2.2303125007307085,2.2303125007307085,0E-17,ELIGIBLE,R03b_20260811_FULL_v1,L1_ELIGIBILITY,v2026-08-11,2026-03-21..2026-08-06,baccarat_bet02_101_all_pairs_incl_sentinel,round_win = game_pnl > 0 (decisive only),COMPATIBILITY_ONLY_NOT_PRODUCTION,1598.5716,1455.9395,167.8080,139,139,-0.10497372,,-0.10497372,-0.10497372,-167.8080,1598.5716,OK,0.0000,6.7123,4.0000,96.0000,AG03-UNRESOLVED,ALL5_LEVELS_bet23_to_bet27,6.7123,6.7123,6.7123,6.7123,6.7123,4.000000,4.000000,4.000000,4.000000,4.000000,96.000000,96.000000,96.000000,96.000000,96.000000,5.0,33.5616,30.9819,134.2464,136.8261,PENDING_AG03,FALSE,NOT_FOR_ENFORCEMENT,161.0957,1397.7019,167.8080,161.0957,6.7123,0.10497372,0.10077477,6.7123,161.0957,0.10077477,6.7123,6.7123,6.7123,6.7123,6.7123,161.0957,0.10077477,33.5616,30.9819,134.2464,136.8261,0.08397898,0.0855927,0.00419895,11.5005,10.4744,1.2073,55.9360,6.7123,532.8572,46.3333,,11.5005,8.4025,10.5031,12.6037,16.805,21.0062,29.8708,10.5031,0.0,2.0,2.844,1.094964,17,24,4,3,0E-8,0.10497372,,0E-8,0.000000,0.910775,0.000000,,2026-05-03,2026-05-15,3,25,22,13,0.230769,,,0.000000,,,,,,,,GLOBAL_BASELINE_NO_ENTITY_RANKING,,,NOT_APPLICABLE_GLOBAL_BASELINE,HF9g-P5,,,,X 全窗基线 · 不参与实体赏罚,6870188,688,A168_HF9F_20260827_0900,2026-08-27 09:00:00
2026-05-15,132005934,2156,0,21.0061968281,-21.0061968281,-21.0061968281,0E-7,1,1,0.49324550000000000,0.493245500000,-0.9865810262130424,-0.9865810262130424,-0.9865810262130424,0E-17,ELIGIBLE,R03b_20260811_FULL_v1,L1_ELIGIBILITY,v2026-08-11,2026-03-21..2026-08-06,baccarat_bet02_101_all_pairs_incl_sentinel,round_win = game_pnl > 0 (decisive only),COMPATIBILITY_ONLY_NOT_PRODUCTION,1598.5716,1455.9395,167.8080,139,139,-0.10497372,,-0.10497372,-0.10497372,-167.8080,1598.5716,OK,0.0000,6.7123,4.0000,96.0000,AG03-UNRESOLVED,ALL5_LEVELS_bet23_to_bet27,6.7123,6.7123,6.7123,6.7123,6.7123,4.000000,4.000000,4.000000,4.000000,4.000000,96.000000,96.000000,96.000000,96.000000,96.000000,5.0,33.5616,30.9819,134.2464,136.8261,PENDING_AG03,FALSE,NOT_FOR_ENFORCEMENT,161.0957,1397.7019,167.8080,161.0957,6.7123,0.10497372,0.10077477,6.7123,161.0957,0.10077477,6.7123,6.7123,6.7123,6.7123,6.7123,161.0957,0.10077477,33.5616,30.9819,134.2464,136.8261,0.08397898,0.0855927,0.00419895,11.5005,10.4744,1.2073,55.9360,6.7123,532.8572,46.3333,,11.5005,8.4025,10.5031,12.6037,16.805,21.0062,29.8708,10.5031,0.0,2.0,2.844,1.094964,17,24,4,3,0E-8,0.10497372,,0E-8,0.000000,0.910775,0.000000,,2026-05-03,2026-05-15,3,25,22,13,0.230769,,,0.000000,,,,,,,,GLOBAL_BASELINE_NO_ENTITY_RANKING,,,NOT_APPLICABLE_GLOBAL_BASELINE,HF9g-P5,,,,X 全窗基线 · 不参与实体赏罚,6870189,688,A168_HF9F_20260827_0900,2026-08-27 09:00:00
2026-05-15,132005934,2170,0,60.9179708012,49.8897174665,49.8897174665,1.0000000,5,5,0.49592654000000000,0.495926540000,2.0163607563664128,2.0163607563664128,2.0163607563664128,0E-17,ELIGIBLE,R03b_20260811_FULL_v1,L1_ELIGIBILITY,v2026-08-11,2026-03-21..2026-08-06,baccarat_bet02_101_all_pairs_incl_sentinel,round_win = game_pnl > 0 (decisive only),COMPATIBILITY_ONLY_NOT_PRODUCTION,1598.5716,1455.9395,167.8080,139,139,-0.10497372,,-0.10497372,-0.10497372,-167.8080,1598.5716,OK,0.0000,6.7123,4.0000,96.0000,AG03-UNRESOLVED,ALL5_LEVELS_bet23_to_bet27,6.7123,6.7123,6.7123,6.7123,6.7123,4.000000,4.000000,4.000000,4.000000,4.000000,96.000000,96.000000,96.000000,96.000000,96.000000,5.0,33.5616,30.9819,134.2464,136.8261,PENDING_AG03,FALSE,NOT_FOR_ENFORCEMENT,161.0957,1397.7019,167.8080,161.0957,6.7123,0.10497372,0.10077477,6.7123,161.0957,0.10077477,6.7123,6.7123,6.7123,6.7123,6.7123,161.0957,0.10077477,33.5616,30.9819,134.2464,136.8261,0.08397898,0.0855927,0.00419895,11.5005,10.4744,1.2073,55.9360,6.7123,532.8572,46.3333,,11.5005,8.4025,10.5031,12.6037,16.805,21.0062,29.8708,10.5031,0.0,2.0,2.844,1.094964,17,24,4,3,0E-8,0.10497372,,0E-8,0.000000,0.910775,0.000000,,2026-05-03,2026-05-15,3,25,22,13,0.230769,,,0.000000,,,,,,,,GLOBAL_BASELINE_NO_ENTITY_RANKING,,,NOT_APPLICABLE_GLOBAL_BASELINE,HF9g-P5,,,,X 全窗基线 · 不参与实体赏罚,6870190,688,A168_HF9F_20260827_0900,2026-08-27 09:00:00
2026-05-15,132005934,2218,0,64.4890242620,27.8437138956,27.8437138956,0.7500000,9,9,0.49771390000000000,0.497713900000,1.4271606143563065,1.4271606143563067,1.4271606143563065,0E-17,ELIGIBLE,R03b_20260811_FULL_v1,L1_ELIGIBILITY,v2026-08-11,2026-03-21..2026-08-06,baccarat_bet02_101_all_pairs_incl_sentinel,round_win = game_pnl > 0 (decisive only),COMPATIBILITY_ONLY_NOT_PRODUCTION,1598.5716,1455.9395,167.8080,139,139,-0.10497372,,-0.10497372,-0.10497372,-167.8080,1598.5716,OK,0.0000,6.7123,4.0000,96.0000,AG03-UNRESOLVED,ALL5_LEVELS_bet23_to_bet27,6.7123,6.7123,6.7123,6.7123,6.7123,4.000000,4.000000,4.000000,4.000000,4.000000,96.000000,96.000000,96.000000,96.000000,96.000000,5.0,33.5616,30.9819,134.2464,136.8261,PENDING_AG03,FALSE,NOT_FOR_ENFORCEMENT,161.0957,1397.7019,167.8080,161.0957,6.7123,0.10497372,0.10077477,6.7123,161.0957,0.10077477,6.7123,6.7123,6.7123,6.7123,6.7123,161.0957,0.10077477,33.5616,30.9819,134.2464,136.8261,0.08397898,0.0855927,0.00419895,11.5005,10.4744,1.2073,55.9360,6.7123,532.8572,46.3333,,11.5005,8.4025,10.5031,12.6037,16.805,21.0062,29.8708,10.5031,0.0,2.0,2.844,1.094964,17,24,4,3,0E-8,0.10497372,,0E-8,0.000000,0.910775,0.000000,,2026-05-03,2026-05-15,3,25,22,13,0.230769,,,0.000000,,,,,,,,GLOBAL_BASELINE_NO_ENTITY_RANKING,,,NOT_APPLICABLE_GLOBAL_BASELINE,HF9g-P5,,,,X 全窗基线 · 不参与实体赏罚,6870191,688,A168_HF9F_20260827_0900,2026-08-27 09:00:00
2026-05-15,132005934,2224,0,92.4272660432,3.7811154291,3.7811154291,0.5714286,8,8,0.49827245000000000,0.498272450000,0.3871081189643771,0.3871081189643771,0.3871081189643771,0E-17,ELIGIBLE,R03b_20260811_FULL_v1,L1_ELIGIBILITY,v2026-08-11,2026-03-21..2026-08-06,baccarat_bet02_101_all_pairs_incl_sentinel,round_win = game_pnl > 0 (decisive only),COMPATIBILITY_ONLY_NOT_PRODUCTION,1598.5716,1455.9395,167.8080,139,139,-0.10497372,,-0.10497372,-0.10497372,-167.8080,1598.5716,OK,0.0000,6.7123,4.0000,96.0000,AG03-UNRESOLVED,ALL5_LEVELS_bet23_to_bet27,6.7123,6.7123,6.7123,6.7123,6.7123,4.000000,4.000000,4.000000,4.000000,4.000000,96.000000,96.000000,96.000000,96.000000,96.000000,5.0,33.5616,30.9819,134.2464,136.8261,PENDING_AG03,FALSE,NOT_FOR_ENFORCEMENT,161.0957,1397.7019,167.8080,161.0957,6.7123,0.10497372,0.10077477,6.7123,161.0957,0.10077477,6.7123,6.7123,6.7123,6.7123,6.7123,161.0957,0.10077477,33.5616,30.9819,134.2464,136.8261,0.08397898,0.0855927,0.00419895,11.5005,10.4744,1.2073,55.9360,6.7123,532.8572,46.3333,,11.5005,8.4025,10.5031,12.6037,16.805,21.0062,29.8708,10.5031,0.0,2.0,2.844,1.094964,17,24,4,3,0E-8,0.10497372,,0E-8,0.000000,0.910775,0.000000,,2026-05-03,2026-05-15,3,25,22,13,0.230769,,,0.000000,,,,,,,,GLOBAL_BASELINE_NO_ENTITY_RANKING,,,NOT_APPLICABLE_GLOBAL_BASELINE,HF9g-P5,,,,X 全窗基线 · 不参与实体赏罚,6870192,688,A168_HF9F_20260827_0900,2026-08-27 09:00:00
2026-05-15,132005934,2252,0,73.5216888980,4.6213633023,4.6213633023,0.5555556,9,9,0.50069283333333333,0.500692833333,0.32917664935493707,0.32917664935693675,0.32917664935493707,3.3333E-13,ELIGIBLE,R03b_20260811_FULL_v1,L1_ELIGIBILITY,v2026-08-11,2026-03-21..2026-08-06,baccarat_bet02_101_all_pairs_incl_sentinel,round_win = game_pnl > 0 (decisive only),COMPATIBILITY_ONLY_NOT_PRODUCTION,1598.5716,1455.9395,167.8080,139,139,-0.10497372,,-0.10497372,-0.10497372,-167.8080,1598.5716,OK,0.0000,6.7123,4.0000,96.0000,AG03-UNRESOLVED,ALL5_LEVELS_bet23_to_bet27,6.7123,6.7123,6.7123,6.7123,6.7123,4.000000,4.000000,4.000000,4.000000,4.000000,96.000000,96.000000,96.000000,96.000000,96.000000,5.0,33.5616,30.9819,134.2464,136.8261,PENDING_AG03,FALSE,NOT_FOR_ENFORCEMENT,161.0957,1397.7019,167.8080,161.0957,6.7123,0.10497372,0.10077477,6.7123,161.0957,0.10077477,6.7123,6.7123,6.7123,6.7123,6.7123,161.0957,0.10077477,33.5616,30.9819,134.2464,136.8261,0.08397898,0.0855927,0.00419895,11.5005,10.4744,1.2073,55.9360,6.7123,532.8572,46.3333,,11.5005,8.4025,10.5031,12.6037,16.805,21.0062,29.8708,10.5031,0.0,2.0,2.844,1.094964,17,24,4,3,0E-8,0.10497372,,0E-8,0.000000,0.910775,0.000000,,2026-05-03,2026-05-15,3,25,22,13,0.230769,,,0.000000,,,,,,,,GLOBAL_BASELINE_NO_ENTITY_RANKING,,,NOT_APPLICABLE_GLOBAL_BASELINE,HF9g-P5,,,,X 全窗基线 · 不参与实体赏罚,6870193,688,A168_HF9F_20260827_0900,2026-08-27 09:00:00
2026-05-15,132005934,925,0,33.6099149249,32.3495431152,32.3495431152,1.0000000,3,3,0.50218230000000000,0.502182300000,1.724507524396475,1.7245075243964754,1.724507524396475,0E-17,ELIGIBLE,R03b_20260811_FULL_v1,L1_ELIGIBILITY,v2026-08-11,2026-03-21..2026-08-06,baccarat_bet02_101_all_pairs_incl_sentinel,round_win = game_pnl > 0 (decisive only),COMPATIBILITY_ONLY_NOT_PRODUCTION,1598.5716,1455.9395,167.8080,139,139,-0.10497372,,-0.10497372,-0.10497372,-167.8080,1598.5716,OK,0.0000,6.7123,4.0000,96.0000,AG03-UNRESOLVED,ALL5_LEVELS_bet23_to_bet27,6.7123,6.7123,6.7123,6.7123,6.7123,4.000000,4.000000,4.000000,4.000000,4.000000,96.000000,96.000000,96.000000,96.000000,96.000000,5.0,33.5616,30.9819,134.2464,136.8261,PENDING_AG03,FALSE,NOT_FOR_ENFORCEMENT,161.0957,1397.7019,167.8080,161.0957,6.7123,0.10497372,0.10077477,6.7123,161.0957,0.10077477,6.7123,6.7123,6.7123,6.7123,6.7123,161.0957,0.10077477,33.5616,30.9819,134.2464,136.8261,0.08397898,0.0855927,0.00419895,11.5005,10.4744,1.2073,55.9360,6.7123,532.8572,46.3333,,11.5005,8.4025,10.5031,12.6037,16.805,21.0062,29.8708,10.5031,0.0,2.0,2.844,1.094964,17,24,4,3,0E-8,0.10497372,,0E-8,0.000000,0.910775,0.000000,,2026-05-03,2026-05-15,3,25,22,13,0.230769,,,0.000000,,,,,,,,GLOBAL_BASELINE_NO_ENTITY_RANKING,,,NOT_APPLICABLE_GLOBAL_BASELINE,HF9g-P5,,,,X 全窗基线 · 不参与实体赏罚,6870194,688,A168_HF9F_20260827_0900,2026-08-27 09:00:00
2026-03-22,48140594,1354,0,23.6985543882,-23.6985543882,-23.6985543882,0E-7,1,1,0.49324550000000000,0.493245500000,-0.9865810262130424,-0.9865810262130424,-0.9865810262130424,0E-17,ELIGIBLE,R03b_20260811_FULL_v1,L1_ELIGIBILITY,v2026-08-11,2026-03-21..2026-08-06,baccarat_bet02_101_all_pairs_incl_sentinel,round_win = game_pnl > 0 (decisive only),COMPATIBILITY_ONLY_NOT_PRODUCTION,496.8674,496.8674,167.8108,20,19,-0.33773760,,-0.33773760,-0.33773760,-167.8108,496.8674,THIN_EXPOSURE,0.0000,6.7124,4.0000,96.0000,AG03-UNRESOLVED,ALL5_LEVELS_bet23_to_bet27,6.7124,6.7124,6.7124,8.3905,8.3905,4.000000,4.000000,4.000000,5.000000,5.000000,96.000000,96.000000,96.000000,95.000000,95.000000,5.0,36.9184,33.8182,130.8924,133.9926,PENDING_AG03,FALSE,NOT_FOR_ENFORCEMENT,161.0984,476.9927,167.8108,161.0984,6.7124,0.33773760,0.32422809,6.7124,161.0984,0.32422809,6.7124,6.7124,6.7124,8.3905,8.3905,161.0984,0.32422809,36.9184,33.8182,130.8924,133.9926,0.26343533,0.26967477,0.01350950,24.8434,26.1509,8.8321,55.9369,11.9865,165.6225,6.3333,,24.8434,12.9729,22.2276,29.7544,43.4737,63.2536,80.0351,22.2276,-12.9729,2.845726,3.600714,1.117683,12,10,3,3,0E-8,0.33773760,,0E-8,0.000000,1.000000,0.000000,,2026-03-22,2026-07-01,3,14,14,102,0.029412,,,0.000000,,,,,,,,GLOBAL_BASELINE_NO_ENTITY_RANKING,,,NOT_APPLICABLE_GLOBAL_BASELINE,HF9g-P5,,,,X 全窗基线 · 不参与实体赏罚,6870195,688,A168_HF9F_20260827_0900,2026-08-27 09:00:00
2026-03-22,48140594,2212,0,15.7990362588,-15.7990362588,-15.7990362588,0E-7,1,1,0.50665070000000000,0.506650700000,-1.013391052207602,-1.013391052207602,-1.013391052207602,0E-17,ELIGIBLE,R03b_20260811_FULL_v1,L1_ELIGIBILITY,v2026-08-11,2026-03-21..2026-08-06,baccarat_bet02_101_all_pairs_incl_sentinel,round_win = game_pnl > 0 (decisive only),COMPATIBILITY_ONLY_NOT_PRODUCTION,496.8674,496.8674,167.8108,20,19,-0.33773760,,-0.33773760,-0.33773760,-167.8108,496.8674,THIN_EXPOSURE,0.0000,6.7124,4.0000,96.0000,AG03-UNRESOLVED,ALL5_LEVELS_bet23_to_bet27,6.7124,6.7124,6.7124,8.3905,8.3905,4.000000,4.000000,4.000000,5.000000,5.000000,96.000000,96.000000,96.000000,95.000000,95.000000,5.0,36.9184,33.8182,130.8924,133.9926,PENDING_AG03,FALSE,NOT_FOR_ENFORCEMENT,161.0984,476.9927,167.8108,161.0984,6.7124,0.33773760,0.32422809,6.7124,161.0984,0.32422809,6.7124,6.7124,6.7124,8.3905,8.3905,161.0984,0.32422809,36.9184,33.8182,130.8924,133.9926,0.26343533,0.26967477,0.01350950,24.8434,26.1509,8.8321,55.9369,11.9865,165.6225,6.3333,,24.8434,12.9729,22.2276,29.7544,43.4737,63.2536,80.0351,22.2276,-12.9729,2.845726,3.600714,1.117683,12,10,3,3,0E-8,0.33773760,,0E-8,0.000000,1.000000,0.000000,,2026-03-22,2026-07-01,3,14,14,102,0.029412,,,0.000000,,,,,,,,GLOBAL_BASELINE_NO_ENTITY_RANKING,,,NOT_APPLICABLE_GLOBAL_BASELINE,HF9g-P5,,,,X 全窗基线 · 不参与实体赏罚,6870196,688,A168_HF9F_20260827_0900,2026-08-27 09:00:00
2026-05-04,48140594,-1,1,111.5666026673,7.7837164651,7.7837164651,0.5000000,6,6,0.49771390000000000,0.497713900000,0.011199674067230152,0.011199674067230152,0.011199674067230152,0E-17,SENTINEL_DEALER,R03b_20260811_FULL_v1,L1_ELIGIBILITY,v2026-08-11,2026-03-21..2026-08-06,baccarat_bet02_101_all_pairs_incl_sentinel,round_win = game_pnl > 0 (decisive only),COMPATIBILITY_ONLY_NOT_PRODUCTION,496.8674,496.8674,167.8108,20,19,-0.33773760,,-0.33773760,-0.33773760,-167.8108,496.8674,THIN_EXPOSURE,0.0000,6.7124,4.0000,96.0000,AG03-UNRESOLVED,ALL5_LEVELS_bet23_to_bet27,6.7124,6.7124,6.7124,8.3905,8.3905,4.000000,4.000000,4.000000,5.000000,5.000000,96.000000,96.000000,96.000000,95.000000,95.000000,5.0,36.9184,33.8182,130.8924,133.9926,PENDING_AG03,FALSE,NOT_FOR_ENFORCEMENT,161.0984,476.9927,167.8108,161.0984,6.7124,0.33773760,0.32422809,6.7124,161.0984,0.32422809,6.7124,6.7124,6.7124,8.3905,8.3905,161.0984,0.32422809,36.9184,33.8182,130.8924,133.9926,0.26343533,0.26967477,0.01350950,24.8434,26.1509,8.8321,55.9369,11.9865,165.6225,6.3333,,24.8434,12.9729,22.2276,29.7544,43.4737,63.2536,80.0351,22.2276,-12.9729,2.845726,3.600714,1.117683,12,10,3,3,0E-8,0.33773760,,0E-8,0.000000,1.000000,0.000000,,2026-03-22,2026-07-01,3,14,14,102,0.029412,,,0.000000,,,,,,,,GLOBAL_BASELINE_NO_ENTITY_RANKING,,,NOT_APPLICABLE_GLOBAL_BASELINE,HF9g-P5,,,,X 全窗基线 · 不参与实体赏罚,6870197,688,A168_HF9F_20260827_0900,2026-08-27 09:00:00
2026-05-04,48140594,1094,0,51.8914431011,25.9457215505,25.9457215505,0.5000000,2,2,0.49324550000000000,0.493245500000,0.01910635448239258,0.01910635448239258,0.01910635448239258,0E-17,ELIGIBLE,R03b_20260811_FULL_v1,L1_ELIGIBILITY,v2026-08-11,2026-03-21..2026-08-06,baccarat_bet02_101_all_pairs_incl_sentinel,round_win = game_pnl > 0 (decisive only),COMPATIBILITY_ONLY_NOT_PRODUCTION,496.8674,496.8674,167.8108,20,19,-0.33773760,,-0.33773760,-0.33773760,-167.8108,496.8674,THIN_EXPOSURE,0.0000,6.7124,4.0000,96.0000,AG03-UNRESOLVED,ALL5_LEVELS_bet23_to_bet27,6.7124,6.7124,6.7124,8.3905,8.3905,4.000000,4.000000,4.000000,5.000000,5.000000,96.000000,96.000000,96.000000,95.000000,95.000000,5.0,36.9184,33.8182,130.8924,133.9926,PENDING_AG03,FALSE,NOT_FOR_ENFORCEMENT,161.0984,476.9927,167.8108,161.0984,6.7124,0.33773760,0.32422809,6.7124,161.0984,0.32422809,6.7124,6.7124,6.7124,8.3905,8.3905,161.0984,0.32422809,36.9184,33.8182,130.8924,133.9926,0.26343533,0.26967477,0.01350950,24.8434,26.1509,8.8321,55.9369,11.9865,165.6225,6.3333,,24.8434,12.9729,22.2276,29.7544,43.4737,63.2536,80.0351,22.2276,-12.9729,2.845726,3.600714,1.117683,12,10,3,3,0E-8,0.33773760,,0E-8,0.000000,1.000000,0.000000,,2026-03-22,2026-07-01,3,14,14,102,0.029412,,,0.000000,,,,,,,,GLOBAL_BASELINE_NO_ENTITY_RANKING,,,NOT_APPLICABLE_GLOBAL_BASELINE,HF9g-P5,,,,X 全窗基线 · 不参与实体赏罚,6870198,688,A168_HF9F_20260827_0900,2026-08-27 09:00:00
2026-05-04,48140594,1291,0,12.9728607753,-12.9728607753,-12.9728607753,0E-7,1,1,0.50665070000000000,0.506650700000,-1.013391052207602,-1.013391052207602,-1.013391052207602,0E-17,ELIGIBLE,R03b_20260811_FULL_v1,L1_ELIGIBILITY,v2026-08-11,2026-03-21..2026-08-06,baccarat_bet02_101_all_pairs_incl_sentinel,round_win = game_pnl > 0 (decisive only),COMPATIBILITY_ONLY_NOT_PRODUCTION,496.8674,496.8674,167.8108,20,19,-0.33773760,,-0.33773760,-0.33773760,-167.8108,496.8674,THIN_EXPOSURE,0.0000,6.7124,4.0000,96.0000,AG03-UNRESOLVED,ALL5_LEVELS_bet23_to_bet27,6.7124,6.7124,6.7124,8.3905,8.3905,4.000000,4.000000,4.000000,5.000000,5.000000,96.000000,96.000000,96.000000,95.000000,95.000000,5.0,36.9184,33.8182,130.8924,133.9926,PENDING_AG03,FALSE,NOT_FOR_ENFORCEMENT,161.0984,476.9927,167.8108,161.0984,6.7124,0.33773760,0.32422809,6.7124,161.0984,0.32422809,6.7124,6.7124,6.7124,8.3905,8.3905,161.0984,0.32422809,36.9184,33.8182,130.8924,133.9926,0.26343533,0.26967477,0.01350950,24.8434,26.1509,8.8321,55.9369,11.9865,165.6225,6.3333,,24.8434,12.9729,22.2276,29.7544,43.4737,63.2536,80.0351,22.2276,-12.9729,2.845726,3.600714,1.117683,12,10,3,3,0E-8,0.33773760,,0E-8,0.000000,1.000000,0.000000,,2026-03-22,2026-07-01,3,14,14,102,0.029412,,,0.000000,,,,,,,,GLOBAL_BASELINE_NO_ENTITY_RANKING,,,NOT_APPLICABLE_GLOBAL_BASELINE,HF9g-P5,,,,X 全窗基线 · 不参与实体赏罚,6870199,688,A168_HF9F_20260827_0900,2026-08-27 09:00:00
2026-05-04,48140594,1399,0,20.7565772404,19.7187483784,19.7187483784,1.0000000,1,1,0.50665070000000000,0.506650700000,0.9867858985152569,0.9867858985152569,0.9867858985152569,0E-17,ELIGIBLE,R03b_20260811_FULL_v1,L1_ELIGIBILITY,v2026-08-11,2026-03-21..2026-08-06,baccarat_bet02_101_all_pairs_incl_sentinel,round_win = game_pnl > 0 (decisive only),COMPATIBILITY_ONLY_NOT_PRODUCTION,496.8674,496.8674,167.8108,20,19,-0.33773760,,-0.33773760,-0.33773760,-167.8108,496.8674,THIN_EXPOSURE,0.0000,6.7124,4.0000,96.0000,AG03-UNRESOLVED,ALL5_LEVELS_bet23_to_bet27,6.7124,6.7124,6.7124,8.3905,8.3905,4.000000,4.000000,4.000000,5.000000,5.000000,96.000000,96.000000,96.000000,95.000000,95.000000,5.0,36.9184,33.8182,130.8924,133.9926,PENDING_AG03,FALSE,NOT_FOR_ENFORCEMENT,161.0984,476.9927,167.8108,161.0984,6.7124,0.33773760,0.32422809,6.7124,161.0984,0.32422809,6.7124,6.7124,6.7124,8.3905,8.3905,161.0984,0.32422809,36.9184,33.8182,130.8924,133.9926,0.26343533,0.26967477,0.01350950,24.8434,26.1509,8.8321,55.9369,11.9865,165.6225,6.3333,,24.8434,12.9729,22.2276,29.7544,43.4737,63.2536,80.0351,22.2276,-12.9729,2.845726,3.600714,1.117683,12,10,3,3,0E-8,0.33773760,,0E-8,0.000000,1.000000,0.000000,,2026-03-22,2026-07-01,3,14,14,102,0.029412,,,0.000000,,,,,,,,GLOBAL_BASELINE_NO_ENTITY_RANKING,,,NOT_APPLICABLE_GLOBAL_BASELINE,HF9g-P5,,,,X 全窗基线 · 不参与实体赏罚,6870200,688,A168_HF9F_20260827_0900,2026-08-27 09:00:00
2026-05-04,48140594,2205,0,38.9185823258,-12.9728607752,-12.9728607752,0.5000000,2,2,0.49994810000000000,0.499948100000,0.00014679536856514622,0.00014679536856514622,0.00014679536856514622,0E-17,ELIGIBLE,R03b_20260811_FULL_v1,L1_ELIGIBILITY,v2026-08-11,2026-03-21..2026-08-06,baccarat_bet02_101_all_pairs_incl_sentinel,round_win = game_pnl > 0 (decisive only),COMPATIBILITY_ONLY_NOT_PRODUCTION,496.8674,496.8674,167.8108,20,19,-0.33773760,,-0.33773760,-0.33773760,-167.8108,496.8674,THIN_EXPOSURE,0.0000,6.7124,4.0000,96.0000,AG03-UNRESOLVED,ALL5_LEVELS_bet23_to_bet27,6.7124,6.7124,6.7124,8.3905,8.3905,4.000000,4.000000,4.000000,5.000000,5.000000,96.000000,96.000000,96.000000,95.000000,95.000000,5.0,36.9184,33.8182,130.8924,133.9926,PENDING_AG03,FALSE,NOT_FOR_ENFORCEMENT,161.0984,476.9927,167.8108,161.0984,6.7124,0.33773760,0.32422809,6.7124,161.0984,0.32422809,6.7124,6.7124,6.7124,8.3905,8.3905,161.0984,0.32422809,36.9184,33.8182,130.8924,133.9926,0.26343533,0.26967477,0.01350950,24.8434,26.1509,8.8321,55.9369,11.9865,165.6225,6.3333,,24.8434,12.9729,22.2276,29.7544,43.4737,63.2536,80.0351,22.2276,-12.9729,2.845726,3.600714,1.117683,12,10,3,3,0E-8,0.33773760,,0E-8,0.000000,1.000000,0.000000,,2026-03-22,2026-07-01,3,14,14,102,0.029412,,,0.000000,,,,,,,,GLOBAL_BASELINE_NO_ENTITY_RANKING,,,NOT_APPLICABLE_GLOBAL_BASELINE,HF9g-P5,,,,X 全窗基线 · 不参与实体赏罚,6870201,688,A168_HF9F_20260827_0900,2026-08-27 09:00:00
2026-05-04,48140594,2220,0,40.4753256188,-40.4753256188,-40.4753256188,0E-7,1,1,0.49324550000000000,0.493245500000,-0.9865810262130424,-0.9865810262130424,-0.9865810262130424,0E-17,ELIGIBLE,R03b_20260811_FULL_v1,L1_ELIGIBILITY,v2026-08-11,2026-03-21..2026-08-06,baccarat_bet02_101_all_pairs_incl_sentinel,round_win = game_pnl > 0 (decisive only),COMPATIBILITY_ONLY_NOT_PRODUCTION,496.8674,496.8674,167.8108,20,19,-0.33773760,,-0.33773760,-0.33773760,-167.8108,496.8674,THIN_EXPOSURE,0.0000,6.7124,4.0000,96.0000,AG03-UNRESOLVED,ALL5_LEVELS_bet23_to_bet27,6.7124,6.7124,6.7124,8.3905,8.3905,4.000000,4.000000,4.000000,5.000000,5.000000,96.000000,96.000000,96.000000,95.000000,95.000000,5.0,36.9184,33.8182,130.8924,133.9926,PENDING_AG03,FALSE,NOT_FOR_ENFORCEMENT,161.0984,476.9927,167.8108,161.0984,6.7124,0.33773760,0.32422809,6.7124,161.0984,0.32422809,6.7124,6.7124,6.7124,8.3905,8.3905,161.0984,0.32422809,36.9184,33.8182,130.8924,133.9926,0.26343533,0.26967477,0.01350950,24.8434,26.1509,8.8321,55.9369,11.9865,165.6225,6.3333,,24.8434,12.9729,22.2276,29.7544,43.4737,63.2536,80.0351,22.2276,-12.9729,2.845726,3.600714,1.117683,12,10,3,3,0E-8,0.33773760,,0E-8,0.000000,1.000000,0.000000,,2026-03-22,2026-07-01,3,14,14,102,0.029412,,,0.000000,,,,,,,,GLOBAL_BASELINE_NO_ENTITY_RANKING,,,NOT_APPLICABLE_GLOBAL_BASELINE,HF9g-P5,,,,X 全窗基线 · 不参与实体赏罚,6870202,688,A168_HF9F_20260827_0900,2026-08-27 09:00:00
2026-05-04,48140594,2256,0,12.9728607753,-12.9728607753,-12.9728607753,0E-7,1,1,0.49324550000000000,0.493245500000,-0.9865810262130424,-0.9865810262130424,-0.9865810262130424,0E-17,ELIGIBLE,R03b_20260811_FULL_v1,L1_ELIGIBILITY,v2026-08-11,2026-03-21..2026-08-06,baccarat_bet02_101_all_pairs_incl_sentinel,round_win = game_pnl > 0 (decisive only),COMPATIBILITY_ONLY_NOT_PRODUCTION,496.8674,496.8674,167.8108,20,19,-0.33773760,,-0.33773760,-0.33773760,-167.8108,496.8674,THIN_EXPOSURE,0.0000,6.7124,4.0000,96.0000,AG03-UNRESOLVED,ALL5_LEVELS_bet23_to_bet27,6.7124,6.7124,6.7124,8.3905,8.3905,4.000000,4.000000,4.000000,5.000000,5.000000,96.000000,96.000000,96.000000,95.000000,95.000000,5.0,36.9184,33.8182,130.8924,133.9926,PENDING_AG03,FALSE,NOT_FOR_ENFORCEMENT,161.0984,476.9927,167.8108,161.0984,6.7124,0.33773760,0.32422809,6.7124,161.0984,0.32422809,6.7124,6.7124,6.7124,8.3905,8.3905,161.0984,0.32422809,36.9184,33.8182,130.8924,133.9926,0.26343533,0.26967477,0.01350950,24.8434,26.1509,8.8321,55.9369,11.9865,165.6225,6.3333,,24.8434,12.9729,22.2276,29.7544,43.4737,63.2536,80.0351,22.2276,-12.9729,2.845726,3.600714,1.117683,12,10,3,3,0E-8,0.33773760,,0E-8,0.000000,1.000000,0.000000,,2026-03-22,2026-07-01,3,14,14,102,0.029412,,,0.000000,,,,,,,,GLOBAL_BASELINE_NO_ENTITY_RANKING,,,NOT_APPLICABLE_GLOBAL_BASELINE,HF9g-P5,,,,X 全窗基线 · 不参与实体赏罚,6870203,688,A168_HF9F_20260827_0900,2026-08-27 09:00:00
2026-07-01,48140594,1951,0,167.8155577930,-102.3674902537,-102.3674902537,0.3333333,4,3,0.48319931428571429,0.435741850000,-0.5194443093491042,-0.3577199375296409,-0.5194443093491042,0.04745746428571429,ELIGIBLE,R03b_20260811_FULL_v1,L1_ELIGIBILITY,v2026-08-11,2026-03-21..2026-08-06,baccarat_bet02_101_all_pairs_incl_sentinel,round_win = game_pnl > 0 (decisive only),COMPATIBILITY_ONLY_NOT_PRODUCTION,496.8674,496.8674,167.8108,20,19,-0.33773760,,-0.33773760,-0.33773760,-167.8108,496.8674,THIN_EXPOSURE,0.0000,6.7124,4.0000,96.0000,AG03-UNRESOLVED,ALL5_LEVELS_bet23_to_bet27,6.7124,6.7124,6.7124,8.3905,8.3905,4.000000,4.000000,4.000000,5.000000,5.000000,96.000000,96.000000,96.000000,95.000000,95.000000,5.0,36.9184,33.8182,130.8924,133.9926,PENDING_AG03,FALSE,NOT_FOR_ENFORCEMENT,161.0984,476.9927,167.8108,161.0984,6.7124,0.33773760,0.32422809,6.7124,161.0984,0.32422809,6.7124,6.7124,6.7124,8.3905,8.3905,161.0984,0.32422809,36.9184,33.8182,130.8924,133.9926,0.26343533,0.26967477,0.01350950,24.8434,26.1509,8.8321,55.9369,11.9865,165.6225,6.3333,,24.8434,12.9729,22.2276,29.7544,43.4737,63.2536,80.0351,22.2276,-12.9729,2.845726,3.600714,1.117683,12,10,3,3,0E-8,0.33773760,,0E-8,0.000000,1.000000,0.000000,,2026-03-22,2026-07-01,3,14,14,102,0.029412,,,0.000000,,,,,,,,GLOBAL_BASELINE_NO_ENTITY_RANKING,,,NOT_APPLICABLE_GLOBAL_BASELINE,HF9g-P5,,,,X 全窗基线 · 不参与实体赏罚,6870204,688,A168_HF9F_20260827_0900,2026-08-27 09:00:00
2026-07-24,149763595,1990,0,38.7266671830,-38.7266671830,-38.7266671830,0E-7,3,2,0.47954982222222222,0.384696750000,-1.3575076460166504,-1.118226170218197,-1.3575076460166504,0.09485307222222222,ELIGIBLE,R03b_20260811_FULL_v1,L1_ELIGIBILITY,v2026-08-11,2026-03-21..2026-08-06,baccarat_bet02_101_all_pairs_incl_sentinel,round_win = game_pnl > 0 (decisive only),COMPATIBILITY_ONLY_NOT_PRODUCTION,1192.7813,1115.3280,167.8156,24,18,-0.14069264,-0.14069264,,-0.14069264,-167.8156,1192.7813,THIN_EXPOSURE,0.0000,6.7126,4.0000,96.0000,AG03-UNRESOLVED,ALL5_LEVELS_bet23_to_bet27,6.7126,6.7126,6.7126,6.7126,6.7126,4.000000,4.000000,4.000000,4.000000,4.000000,96.000000,96.000000,96.000000,96.000000,96.000000,5.0,33.5631,30.9833,134.2524,136.8322,PENDING_AG03,FALSE,NOT_FOR_ENFORCEMENT,161.1029,1070.7149,167.8156,161.1029,6.7126,0.14069264,0.13506494,6.7126,161.1029,0.13506494,6.7126,6.7126,6.7126,6.7126,6.7126,161.1029,0.13506494,33.5631,30.9833,134.2524,136.8322,0.11255411,0.11471694,0.00562771,49.6992,61.9627,9.3231,55.9385,33.5631,397.5938,6.0000,49.6992,,12.9089,45.1811,77.4533,105.8529,129.0889,129.0889,38.7267,-5.1636,2.857143,2.857143,1.1,4,7,4,5,1.00000000,0.14069264,0.14069264,0E-8,0.000000,0.935065,0.000000,,2026-07-24,2026-07-28,3,5,5,5,0.600000,,1.000000,3.333333,,,,,,,,GLOBAL_BASELINE_NO_ENTITY_RANKING,,,NOT_APPLICABLE_GLOBAL_BASELINE,HF9g-P5,,,,X 全窗基线 · 不参与实体赏罚,6870205,688,A168_HF9F_20260827_0900,2026-08-27 09:00:00
2026-07-26,149763595,1994,0,77.4533343660,77.4533343660,77.4533343660,1.0000000,2,2,0.49324550000000000,0.493245500000,1.4334489766152358,1.4334489766152358,1.4334489766152358,0E-17,ELIGIBLE,R03b_20260811_FULL_v1,L1_ELIGIBILITY,v2026-08-11,2026-03-21..2026-08-06,baccarat_bet02_101_all_pairs_incl_sentinel,round_win = game_pnl > 0 (decisive only),COMPATIBILITY_ONLY_NOT_PRODUCTION,1192.7813,1115.3280,167.8156,24,18,-0.14069264,-0.14069264,,-0.14069264,-167.8156,1192.7813,THIN_EXPOSURE,0.0000,6.7126,4.0000,96.0000,AG03-UNRESOLVED,ALL5_LEVELS_bet23_to_bet27,6.7126,6.7126,6.7126,6.7126,6.7126,4.000000,4.000000,4.000000,4.000000,4.000000,96.000000,96.000000,96.000000,96.000000,96.000000,5.0,33.5631,30.9833,134.2524,136.8322,PENDING_AG03,FALSE,NOT_FOR_ENFORCEMENT,161.1029,1070.7149,167.8156,161.1029,6.7126,0.14069264,0.13506494,6.7126,161.1029,0.13506494,6.7126,6.7126,6.7126,6.7126,6.7126,161.1029,0.13506494,33.5631,30.9833,134.2524,136.8322,0.11255411,0.11471694,0.00562771,49.6992,61.9627,9.3231,55.9385,33.5631,397.5938,6.0000,49.6992,,12.9089,45.1811,77.4533,105.8529,129.0889,129.0889,38.7267,-5.1636,2.857143,2.857143,1.1,4,7,4,5,1.00000000,0.14069264,0.14069264,0E-8,0.000000,0.935065,0.000000,,2026-07-24,2026-07-28,3,5,5,5,0.600000,,1.000000,3.333333,,,,,,,,GLOBAL_BASELINE_NO_ENTITY_RANKING,,,NOT_APPLICABLE_GLOBAL_BASELINE,HF9g-P5,,,,X 全窗基线 · 不参与实体赏罚,6870206,688,A168_HF9F_20260827_0900,2026-08-27 09:00:00
2026-07-26,149763595,2246,0,141.9977796710,-141.9977796710,-141.9977796710,0E-7,3,3,0.49771390000000000,0.497713900000,-1.724149546644903,-1.724149546644903,-1.724149546644903,0E-17,ELIGIBLE,R03b_20260811_FULL_v1,L1_ELIGIBILITY,v2026-08-11,2026-03-21..2026-08-06,baccarat_bet02_101_all_pairs_incl_sentinel,round_win = game_pnl > 0 (decisive only),COMPATIBILITY_ONLY_NOT_PRODUCTION,1192.7813,1115.3280,167.8156,24,18,-0.14069264,-0.14069264,,-0.14069264,-167.8156,1192.7813,THIN_EXPOSURE,0.0000,6.7126,4.0000,96.0000,AG03-UNRESOLVED,ALL5_LEVELS_bet23_to_bet27,6.7126,6.7126,6.7126,6.7126,6.7126,4.000000,4.000000,4.000000,4.000000,4.000000,96.000000,96.000000,96.000000,96.000000,96.000000,5.0,33.5631,30.9833,134.2524,136.8322,PENDING_AG03,FALSE,NOT_FOR_ENFORCEMENT,161.1029,1070.7149,167.8156,161.1029,6.7126,0.14069264,0.13506494,6.7126,161.1029,0.13506494,6.7126,6.7126,6.7126,6.7126,6.7126,161.1029,0.13506494,33.5631,30.9833,134.2524,136.8322,0.11255411,0.11471694,0.00562771,49.6992,61.9627,9.3231,55.9385,33.5631,397.5938,6.0000,49.6992,,12.9089,45.1811,77.4533,105.8529,129.0889,129.0889,38.7267,-5.1636,2.857143,2.857143,1.1,4,7,4,5,1.00000000,0.14069264,0.14069264,0E-8,0.000000,0.935065,0.000000,,2026-07-24,2026-07-28,3,5,5,5,0.600000,,1.000000,3.333333,,,,,,,,GLOBAL_BASELINE_NO_ENTITY_RANKING,,,NOT_APPLICABLE_GLOBAL_BASELINE,HF9g-P5,,,,X 全窗基线 · 不参与实体赏罚,6870207,688,A168_HF9F_20260827_0900,2026-08-27 09:00:00
2026-07-26,149763595,2271,0,12.9088890610,-12.9088890610,-12.9088890610,0E-7,1,1,0.49324550000000000,0.493245500000,-0.9865810262130424,-0.9865810262130424,-0.9865810262130424,0E-17,ELIGIBLE,R03b_20260811_FULL_v1,L1_ELIGIBILITY,v2026-08-11,2026-03-21..2026-08-06,baccarat_bet02_101_all_pairs_incl_sentinel,round_win = game_pnl > 0 (decisive only),COMPATIBILITY_ONLY_NOT_PRODUCTION,1192.7813,1115.3280,167.8156,24,18,-0.14069264,-0.14069264,,-0.14069264,-167.8156,1192.7813,THIN_EXPOSURE,0.0000,6.7126,4.0000,96.0000,AG03-UNRESOLVED,ALL5_LEVELS_bet23_to_bet27,6.7126,6.7126,6.7126,6.7126,6.7126,4.000000,4.000000,4.000000,4.000000,4.000000,96.000000,96.000000,96.000000,96.000000,96.000000,5.0,33.5631,30.9833,134.2524,136.8322,PENDING_AG03,FALSE,NOT_FOR_ENFORCEMENT,161.1029,1070.7149,167.8156,161.1029,6.7126,0.14069264,0.13506494,6.7126,161.1029,0.13506494,6.7126,6.7126,6.7126,6.7126,6.7126,161.1029,0.13506494,33.5631,30.9833,134.2524,136.8322,0.11255411,0.11471694,0.00562771,49.6992,61.9627,9.3231,55.9385,33.5631,397.5938,6.0000,49.6992,,12.9089,45.1811,77.4533,105.8529,129.0889,129.0889,38.7267,-5.1636,2.857143,2.857143,1.1,4,7,4,5,1.00000000,0.14069264,0.14069264,0E-8,0.000000,0.935065,0.000000,,2026-07-24,2026-07-28,3,5,5,5,0.600000,,1.000000,3.333333,,,,,,,,GLOBAL_BASELINE_NO_ENTITY_RANKING,,,NOT_APPLICABLE_GLOBAL_BASELINE,HF9g-P5,,,,X 全窗基线 · 不参与实体赏罚,6870208,688,A168_HF9F_20260827_0900,2026-08-27 09:00:00
2026-07-28,149763595,1323,0,451.8111171353,-167.8155577931,-167.8155577931,0.3333333,5,4,0.48217209166667620,0.443415162500,-0.5159206420074107,-0.38380029954981504,-0.5159206420074107,0.03875692916667620,ELIGIBLE,R03b_20260811_FULL_v1,L1_ELIGIBILITY,v2026-08-11,2026-03-21..2026-08-06,baccarat_bet02_101_all_pairs_incl_sentinel,round_win = game_pnl > 0 (decisive only),COMPATIBILITY_ONLY_NOT_PRODUCTION,1192.7813,1115.3280,167.8156,24,18,-0.14069264,-0.14069264,,-0.14069264,-167.8156,1192.7813,THIN_EXPOSURE,0.0000,6.7126,4.0000,96.0000,AG03-UNRESOLVED,ALL5_LEVELS_bet23_to_bet27,6.7126,6.7126,6.7126,6.7126,6.7126,4.000000,4.000000,4.000000,4.000000,4.000000,96.000000,96.000000,96.000000,96.000000,96.000000,5.0,33.5631,30.9833,134.2524,136.8322,PENDING_AG03,FALSE,NOT_FOR_ENFORCEMENT,161.1029,1070.7149,167.8156,161.1029,6.7126,0.14069264,0.13506494,6.7126,161.1029,0.13506494,6.7126,6.7126,6.7126,6.7126,6.7126,161.1029,0.13506494,33.5631,30.9833,134.2524,136.8322,0.11255411,0.11471694,0.00562771,49.6992,61.9627,9.3231,55.9385,33.5631,397.5938,6.0000,49.6992,,12.9089,45.1811,77.4533,105.8529,129.0889,129.0889,38.7267,-5.1636,2.857143,2.857143,1.1,4,7,4,5,1.00000000,0.14069264,0.14069264,0E-8,0.000000,0.935065,0.000000,,2026-07-24,2026-07-28,3,5,5,5,0.600000,,1.000000,3.333333,,,,,,,,GLOBAL_BASELINE_NO_ENTITY_RANKING,,,NOT_APPLICABLE_GLOBAL_BASELINE,HF9g-P5,,,,X 全窗基线 · 不参与实体赏罚,6870209,688,A168_HF9F_20260827_0900,2026-08-27 09:00:00
2026-07-28,149763595,2088,0,366.6124493325,219.4511140371,219.4511140371,0.8000000,9,5,0.48106999886614573,0.314430890000,1.4273216390121382,2.338556300357697,1.4273216390121382,0.16663910886614573,ELIGIBLE,R03b_20260811_FULL_v1,L1_ELIGIBILITY,v2026-08-11,2026-03-21..2026-08-06,baccarat_bet02_101_all_pairs_incl_sentinel,round_win = game_pnl > 0 (decisive only),COMPATIBILITY_ONLY_NOT_PRODUCTION,1192.7813,1115.3280,167.8156,24,18,-0.14069264,-0.14069264,,-0.14069264,-167.8156,1192.7813,THIN_EXPOSURE,0.0000,6.7126,4.0000,96.0000,AG03-UNRESOLVED,ALL5_LEVELS_bet23_to_bet27,6.7126,6.7126,6.7126,6.7126,6.7126,4.000000,4.000000,4.000000,4.000000,4.000000,96.000000,96.000000,96.000000,96.000000,96.000000,5.0,33.5631,30.9833,134.2524,136.8322,PENDING_AG03,FALSE,NOT_FOR_ENFORCEMENT,161.1029,1070.7149,167.8156,161.1029,6.7126,0.14069264,0.13506494,6.7126,161.1029,0.13506494,6.7126,6.7126,6.7126,6.7126,6.7126,161.1029,0.13506494,33.5631,30.9833,134.2524,136.8322,0.11255411,0.11471694,0.00562771,49.6992,61.9627,9.3231,55.9385,33.5631,397.5938,6.0000,49.6992,,12.9089,45.1811,77.4533,105.8529,129.0889,129.0889,38.7267,-5.1636,2.857143,2.857143,1.1,4,7,4,5,1.00000000,0.14069264,0.14069264,0E-8,0.000000,0.935065,0.000000,,2026-07-24,2026-07-28,3,5,5,5,0.600000,,1.000000,3.333333,,,,,,,,GLOBAL_BASELINE_NO_ENTITY_RANKING,,,NOT_APPLICABLE_GLOBAL_BASELINE,HF9g-P5,,,,X 全窗基线 · 不参与实体赏罚,6870210,688,A168_HF9F_20260827_0900,2026-08-27 09:00:00
2026-07-28,149763595,2174,0,103.2711124881,-103.2711124881,-103.2711124881,0E-7,1,1,0.50665070000000000,0.506650700000,-1.013391052207602,-1.013391052207602,-1.013391052207602,0E-17,ELIGIBLE,R03b_20260811_FULL_v1,L1_ELIGIBILITY,v2026-08-11,2026-03-21..2026-08-06,baccarat_bet02_101_all_pairs_incl_sentinel,round_win = game_pnl > 0 (decisive only),COMPATIBILITY_ONLY_NOT_PRODUCTION,1192.7813,1115.3280,167.8156,24,18,-0.14069264,-0.14069264,,-0.14069264,-167.8156,1192.7813,THIN_EXPOSURE,0.0000,6.7126,4.0000,96.0000,AG03-UNRESOLVED,ALL5_LEVELS_bet23_to_bet27,6.7126,6.7126,6.7126,6.7126,6.7126,4.000000,4.000000,4.000000,4.000000,4.000000,96.000000,96.000000,96.000000,96.000000,96.000000,5.0,33.5631,30.9833,134.2524,136.8322,PENDING_AG03,FALSE,NOT_FOR_ENFORCEMENT,161.1029,1070.7149,167.8156,161.1029,6.7126,0.14069264,0.13506494,6.7126,161.1029,0.13506494,6.7126,6.7126,6.7126,6.7126,6.7126,161.1029,0.13506494,33.5631,30.9833,134.2524,136.8322,0.11255411,0.11471694,0.00562771,49.6992,61.9627,9.3231,55.9385,33.5631,397.5938,6.0000,49.6992,,12.9089,45.1811,77.4533,105.8529,129.0889,129.0889,38.7267,-5.1636,2.857143,2.857143,1.1,4,7,4,5,1.00000000,0.14069264,0.14069264,0E-8,0.000000,0.935065,0.000000,,2026-07-24,2026-07-28,3,5,5,5,0.600000,,1.000000,3.333333,,,,,,,,GLOBAL_BASELINE_NO_ENTITY_RANKING,,,NOT_APPLICABLE_GLOBAL_BASELINE,HF9g-P5,,,,X 全窗基线 · 不参与实体赏罚,6870211,688,A168_HF9F_20260827_0900,2026-08-27 09:00:00
2026-07-16,151956426,-1,1,387.2666718302,222.0328918494,222.0328918494,0.8000000,5,5,0.49860758000000000,0.498607580000,1.3478731046594083,1.3478731046594083,1.3478731046594083,0E-17,SENTINEL_DEALER,R03b_20260811_FULL_v1,L1_ELIGIBILITY,v2026-08-11,2026-03-21..2026-08-06,baccarat_bet02_101_all_pairs_incl_sentinel,round_win = game_pnl > 0 (decisive only),COMPATIBILITY_ONLY_NOT_PRODUCTION,1187.6178,1135.9822,167.8156,17,17,-0.14130435,-0.14130435,,-0.14130435,-167.8156,1187.6178,THIN_EXPOSURE,0.0000,6.7126,4.0000,96.0000,AG03-UNRESOLVED,ALL5_LEVELS_bet23_to_bet27,6.7126,6.7126,6.7126,6.7126,6.7126,4.000000,4.000000,4.000000,4.000000,4.000000,96.000000,96.000000,96.000000,96.000000,96.000000,5.0,33.5631,30.9833,134.2524,136.8322,PENDING_AG03,FALSE,NOT_FOR_ENFORCEMENT,161.1029,1090.5429,167.8156,161.1029,6.7126,0.14130435,0.13565217,6.7126,161.1029,0.13565217,6.7126,6.7126,6.7126,6.7126,6.7126,161.1029,0.13565217,33.5631,30.9833,134.2524,136.8322,0.11304348,0.11521571,0.00565217,69.8599,66.8225,9.8715,167.8156,33.5631,1187.6178,17.0000,69.8599,,45.1811,77.4533,103.2711,103.2711,120.0527,129.0889,77.4533,0.0,1.55,1.666667,0.901961,5,4,1,2,1.00000000,0.14130435,0.14130435,0E-8,0.000000,0.956522,0.000000,,2026-07-16,2026-07-16,1,5,5,1,1.000000,,1.000000,3.333333,,,,,,,,GLOBAL_BASELINE_NO_ENTITY_RANKING,,,NOT_APPLICABLE_GLOBAL_BASELINE,HF9g-P5,,,,X 全窗基线 · 不参与实体赏罚,6870212,688,A168_HF9F_20260827_0900,2026-08-27 09:00:00
2026-07-16,151956426,2088,0,103.2711124881,-103.2711124881,-103.2711124881,0E-7,1,1,0.49324550000000000,0.493245500000,-0.9865810262130424,-0.9865810262130424,-0.9865810262130424,0E-17,ELIGIBLE,R03b_20260811_FULL_v1,L1_ELIGIBILITY,v2026-08-11,2026-03-21..2026-08-06,baccarat_bet02_101_all_pairs_incl_sentinel,round_win = game_pnl > 0 (decisive only),COMPATIBILITY_ONLY_NOT_PRODUCTION,1187.6178,1135.9822,167.8156,17,17,-0.14130435,-0.14130435,,-0.14130435,-167.8156,1187.6178,THIN_EXPOSURE,0.0000,6.7126,4.0000,96.0000,AG03-UNRESOLVED,ALL5_LEVELS_bet23_to_bet27,6.7126,6.7126,6.7126,6.7126,6.7126,4.000000,4.000000,4.000000,4.000000,4.000000,96.000000,96.000000,96.000000,96.000000,96.000000,5.0,33.5631,30.9833,134.2524,136.8322,PENDING_AG03,FALSE,NOT_FOR_ENFORCEMENT,161.1029,1090.5429,167.8156,161.1029,6.7126,0.14130435,0.13565217,6.7126,161.1029,0.13565217,6.7126,6.7126,6.7126,6.7126,6.7126,161.1029,0.13565217,33.5631,30.9833,134.2524,136.8322,0.11304348,0.11521571,0.00565217,69.8599,66.8225,9.8715,167.8156,33.5631,1187.6178,17.0000,69.8599,,45.1811,77.4533,103.2711,103.2711,120.0527,129.0889,77.4533,0.0,1.55,1.666667,0.901961,5,4,1,2,1.00000000,0.14130435,0.14130435,0E-8,0.000000,0.956522,0.000000,,2026-07-16,2026-07-16,1,5,5,1,1.000000,,1.000000,3.333333,,,,,,,,GLOBAL_BASELINE_NO_ENTITY_RANKING,,,NOT_APPLICABLE_GLOBAL_BASELINE,HF9g-P5,,,,X 全窗基线 · 不参与实体赏罚,6870213,688,A168_HF9F_20260827_0900,2026-08-27 09:00:00
2026-07-16,151956426,2167,0,335.6311155861,-283.9955593421,-283.9955593421,0E-7,6,6,0.49994810000000000,0.499948100000,-1.9997924107733216,-1.9997924107733216,-1.9997924107733216,0E-17,ELIGIBLE,R03b_20260811_FULL_v1,L1_ELIGIBILITY,v2026-08-11,2026-03-21..2026-08-06,baccarat_bet02_101_all_pairs_incl_sentinel,round_win = game_pnl > 0 (decisive only),COMPATIBILITY_ONLY_NOT_PRODUCTION,1187.6178,1135.9822,167.8156,17,17,-0.14130435,-0.14130435,,-0.14130435,-167.8156,1187.6178,THIN_EXPOSURE,0.0000,6.7126,4.0000,96.0000,AG03-UNRESOLVED,ALL5_LEVELS_bet23_to_bet27,6.7126,6.7126,6.7126,6.7126,6.7126,4.000000,4.000000,4.000000,4.000000,4.000000,96.000000,96.000000,96.000000,96.000000,96.000000,5.0,33.5631,30.9833,134.2524,136.8322,PENDING_AG03,FALSE,NOT_FOR_ENFORCEMENT,161.1029,1090.5429,167.8156,161.1029,6.7126,0.14130435,0.13565217,6.7126,161.1029,0.13565217,6.7126,6.7126,6.7126,6.7126,6.7126,161.1029,0.13565217,33.5631,30.9833,134.2524,136.8322,0.11304348,0.11521571,0.00565217,69.8599,66.8225,9.8715,167.8156,33.5631,1187.6178,17.0000,69.8599,,45.1811,77.4533,103.2711,103.2711,120.0527,129.0889,77.4533,0.0,1.55,1.666667,0.901961,5,4,1,2,1.00000000,0.14130435,0.14130435,0E-8,0.000000,0.956522,0.000000,,2026-07-16,2026-07-16,1,5,5,1,1.000000,,1.000000,3.333333,,,,,,,,GLOBAL_BASELINE_NO_ENTITY_RANKING,,,NOT_APPLICABLE_GLOBAL_BASELINE,HF9g-P5,,,,X 全窗基线 · 不参与实体赏罚,6870214,688,A168_HF9F_20260827_0900,2026-08-27 09:00:00
2026-07-16,151956426,2278,0,361.4488937082,-2.5817778122,-2.5817778122,0.6000000,5,5,0.49592654000000000,0.495926540000,0.46544610904919037,0.46544610904919037,0.46544610904919037,0E-17,ELIGIBLE,R03b_20260811_FULL_v1,L1_ELIGIBILITY,v2026-08-11,2026-03-21..2026-08-06,baccarat_bet02_101_all_pairs_incl_sentinel,round_win = game_pnl > 0 (decisive only),COMPATIBILITY_ONLY_NOT_PRODUCTION,1187.6178,1135.9822,167.8156,17,17,-0.14130435,-0.14130435,,-0.14130435,-167.8156,1187.6178,THIN_EXPOSURE,0.0000,6.7126,4.0000,96.0000,AG03-UNRESOLVED,ALL5_LEVELS_bet23_to_bet27,6.7126,6.7126,6.7126,6.7126,6.7126,4.000000,4.000000,4.000000,4.000000,4.000000,96.000000,96.000000,96.000000,96.000000,96.000000,5.0,33.5631,30.9833,134.2524,136.8322,PENDING_AG03,FALSE,NOT_FOR_ENFORCEMENT,161.1029,1090.5429,167.8156,161.1029,6.7126,0.14130435,0.13565217,6.7126,161.1029,0.13565217,6.7126,6.7126,6.7126,6.7126,6.7126,161.1029,0.13565217,33.5631,30.9833,134.2524,136.8322,0.11304348,0.11521571,0.00565217,69.8599,66.8225,9.8715,167.8156,33.5631,1187.6178,17.0000,69.8599,,45.1811,77.4533,103.2711,103.2711,120.0527,129.0889,77.4533,0.0,1.55,1.666667,0.901961,5,4,1,2,1.00000000,0.14130435,0.14130435,0E-8,0.000000,0.956522,0.000000,,2026-07-16,2026-07-16,1,5,5,1,1.000000,,1.000000,3.333333,,,,,,,,GLOBAL_BASELINE_NO_ENTITY_RANKING,,,NOT_APPLICABLE_GLOBAL_BASELINE,HF9g-P5,,,,X 全窗基线 · 不参与实体赏罚,6870215,688,A168_HF9F_20260827_0900,2026-08-27 09:00:00
2026-07-12,152892745,-1,1,819.9726331547,-168.7191800272,-168.7191800272,0.5000000,76,28,0.41499146431551721,0.262348139881,0.9129371235528836,2.8586140108764138,0.9129371235528836,0.15264332443451721,SENTINEL_DEALER,R03b_20260811_FULL_v1,L1_ELIGIBILITY,v2026-08-11,2026-03-21..2026-08-06,baccarat_bet02_101_all_pairs_incl_sentinel,round_win = game_pnl > 0 (decisive only),COMPATIBILITY_ONLY_NOT_PRODUCTION,1150.4402,1129.7860,167.8156,120,48,-0.14587074,-0.14587074,,-0.14587074,-167.8156,1150.4402,OK,0.0000,6.7126,4.0000,96.0000,AG03-UNRESOLVED,ALL5_LEVELS_bet23_to_bet27,6.7126,6.7126,8.3908,8.3908,8.3908,4.000000,4.000000,5.000000,5.000000,5.000000,96.000000,96.000000,95.000000,95.000000,95.000000,5.0,38.5976,35.215,129.2180,132.6006,PENDING_AG03,FALSE,NOT_FOR_ENFORCEMENT,161.1029,1084.5945,167.8156,161.1029,6.7126,0.14587074,0.14003591,6.7126,161.1029,0.14003591,6.7126,6.7126,8.3908,8.3908,8.3908,161.1029,0.14003591,38.5976,35.215,129.2180,132.6006,0.11232047,0.11526075,0.00583483,9.5870,23.5372,3.4962,167.8156,83.9078,1150.4402,48.0000,9.5870,,2.5818,5.1636,12.9089,18.0724,30.9813,66.6099,5.1636,-2.5818,6.0,12.90001,1.856667,2,3,2,7,1.00000000,0.14587074,0.14587074,0E-8,0.000000,0.982047,0.000000,,2026-07-12,2026-07-12,1,2,2,1,1.000000,,1.000000,3.333333,,,,,,,,GLOBAL_BASELINE_NO_ENTITY_RANKING,,,NOT_APPLICABLE_GLOBAL_BASELINE,HF9g-P5,,,,X 全窗基线 · 不参与实体赏罚,6870216,688,A168_HF9F_20260827_0900,2026-08-27 09:00:00
2026-07-12,152892745,1963,0,304.6497818396,1.5490666875,1.5490666875,0.6111111,42,18,0.41195695295414462,0.297399936111,1.7167029475088298,2.9116670650325585,1.7167029475088298,0.11455701684314462,ELIGIBLE,R03b_20260811_FULL_v1,L1_ELIGIBILITY,v2026-08-11,2026-03-21..2026-08-06,baccarat_bet02_101_all_pairs_incl_sentinel,round_win = game_pnl > 0 (decisive only),COMPATIBILITY_ONLY_NOT_PRODUCTION,1150.4402,1129.7860,167.8156,120,48,-0.14587074,-0.14587074,,-0.14587074,-167.8156,1150.4402,OK,0.0000,6.7126,4.0000,96.0000,AG03-UNRESOLVED,ALL5_LEVELS_bet23_to_bet27,6.7126,6.7126,8.3908,8.3908,8.3908,4.000000,4.000000,5.000000,5.000000,5.000000,96.000000,96.000000,95.000000,95.000000,95.000000,5.0,38.5976,35.215,129.2180,132.6006,PENDING_AG03,FALSE,NOT_FOR_ENFORCEMENT,161.1029,1084.5945,167.8156,161.1029,6.7126,0.14587074,0.14003591,6.7126,161.1029,0.14003591,6.7126,6.7126,8.3908,8.3908,8.3908,161.1029,0.14003591,38.5976,35.215,129.2180,132.6006,0.11232047,0.11526075,0.00583483,9.5870,23.5372,3.4962,167.8156,83.9078,1150.4402,48.0000,9.5870,,2.5818,5.1636,12.9089,18.0724,30.9813,66.6099,5.1636,-2.5818,6.0,12.90001,1.856667,2,3,2,7,1.00000000,0.14587074,0.14587074,0E-8,0.000000,0.982047,0.000000,,2026-07-12,2026-07-12,1,2,2,1,1.000000,,1.000000,3.333333,,,,,,,,GLOBAL_BASELINE_NO_ENTITY_RANKING,,,NOT_APPLICABLE_GLOBAL_BASELINE,HF9g-P5,,,,X 全窗基线 · 不参与实体赏罚,6870217,688,A168_HF9F_20260827_0900,2026-08-27 09:00:00
2026-07-12,152892745,2258,0,25.8177781220,-0.6454444530,-0.6454444530,0.5000000,2,2,0.50665070000000000,0.506650700000,-0.018812684590367487,-0.018812684590367487,-0.018812684590367487,0E-17,ELIGIBLE,R03b_20260811_FULL_v1,L1_ELIGIBILITY,v2026-08-11,2026-03-21..2026-08-06,baccarat_bet02_101_all_pairs_incl_sentinel,round_win = game_pnl > 0 (decisive only),COMPATIBILITY_ONLY_NOT_PRODUCTION,1150.4402,1129.7860,167.8156,120,48,-0.14587074,-0.14587074,,-0.14587074,-167.8156,1150.4402,OK,0.0000,6.7126,4.0000,96.0000,AG03-UNRESOLVED,ALL5_LEVELS_bet23_to_bet27,6.7126,6.7126,8.3908,8.3908,8.3908,4.000000,4.000000,5.000000,5.000000,5.000000,96.000000,96.000000,95.000000,95.000000,95.000000,5.0,38.5976,35.215,129.2180,132.6006,PENDING_AG03,FALSE,NOT_FOR_ENFORCEMENT,161.1029,1084.5945,167.8156,161.1029,6.7126,0.14587074,0.14003591,6.7126,161.1029,0.14003591,6.7126,6.7126,8.3908,8.3908,8.3908,161.1029,0.14003591,38.5976,35.215,129.2180,132.6006,0.11232047,0.11526075,0.00583483,9.5870,23.5372,3.4962,167.8156,83.9078,1150.4402,48.0000,9.5870,,2.5818,5.1636,12.9089,18.0724,30.9813,66.6099,5.1636,-2.5818,6.0,12.90001,1.856667,2,3,2,7,1.00000000,0.14587074,0.14587074,0E-8,0.000000,0.982047,0.000000,,2026-07-12,2026-07-12,1,2,2,1,1.000000,,1.000000,3.333333,,,,,,,,GLOBAL_BASELINE_NO_ENTITY_RANKING,,,NOT_APPLICABLE_GLOBAL_BASELINE,HF9g-P5,,,,X 全窗基线 · 不参与实体赏罚,6870218,688,A168_HF9F_20260827_0900,2026-08-27 09:00:00
2026-07-15,136389809,1325,0,581.6745410884,-114.3727570802,-114.3727570802,0.4285714,62,21,0.44407397733725091,0.249283585635,-0.14298042694051602,1.8992218242736807,-0.14298042694051602,0.19479039170225091,ELIGIBLE,R03b_20260811_FULL_v1,L1_ELIGIBILITY,v2026-08-11,2026-03-21..2026-08-06,baccarat_bet02_101_all_pairs_incl_sentinel,round_win = game_pnl > 0 (decisive only),COMPATIBILITY_ONLY_NOT_PRODUCTION,822.5544,724.4469,167.8156,77,32,-0.20401758,-0.20401758,,-0.20401758,-167.8156,822.5544,OK,0.0000,6.7126,4.0000,96.0000,AG03-UNRESOLVED,ALL5_LEVELS_bet23_to_bet27,6.7126,6.7126,6.7126,6.7126,6.7126,4.000000,4.000000,4.000000,4.000000,4.000000,96.000000,96.000000,96.000000,96.000000,96.000000,5.0,33.5631,30.9833,134.2524,136.8322,PENDING_AG03,FALSE,NOT_FOR_ENFORCEMENT,161.1029,695.4690,167.8156,161.1029,6.7126,0.20401758,0.19585687,6.7126,161.1029,0.19585687,6.7126,6.7126,6.7126,6.7126,6.7126,161.1029,0.19585687,33.5631,30.9833,134.2524,136.8322,0.16321406,0.16635036,0.00816070,10.6825,22.6390,5.2442,167.8156,83.9078,822.5544,32.0000,10.6825,,2.5818,2.5818,25.8178,25.8178,25.8178,25.8178,2.5818,-2.5818,10.0,10.0,4.137662,1,3,1,8,1.00000000,0.20401758,0.20401758,0E-8,0.000000,0.880728,0.000000,,2026-07-15,2026-07-15,1,2,1,1,1.000000,,1.000000,3.333333,,,,,,,,GLOBAL_BASELINE_NO_ENTITY_RANKING,,,NOT_APPLICABLE_GLOBAL_BASELINE,HF9g-P5,,,,X 全窗基线 · 不参与实体赏罚,6870219,688,A168_HF9F_20260827_0900,2026-08-27 09:00:00
2026-07-15,136389809,2142,0,54.9918673998,3.3563111559,3.3563111559,0.5000000,7,4,0.49899979526390882,0.323719775000,0.004000826949303416,0.7535041223723599,0.004000826949303416,0.17528002026390882,ELIGIBLE,R03b_20260811_FULL_v1,L1_ELIGIBILITY,v2026-08-11,2026-03-21..2026-08-06,baccarat_bet02_101_all_pairs_incl_sentinel,round_win = game_pnl > 0 (decisive only),COMPATIBILITY_ONLY_NOT_PRODUCTION,822.5544,724.4469,167.8156,77,32,-0.20401758,-0.20401758,,-0.20401758,-167.8156,822.5544,OK,0.0000,6.7126,4.0000,96.0000,AG03-UNRESOLVED,ALL5_LEVELS_bet23_to_bet27,6.7126,6.7126,6.7126,6.7126,6.7126,4.000000,4.000000,4.000000,4.000000,4.000000,96.000000,96.000000,96.000000,96.000000,96.000000,5.0,33.5631,30.9833,134.2524,136.8322,PENDING_AG03,FALSE,NOT_FOR_ENFORCEMENT,161.1029,695.4690,167.8156,161.1029,6.7126,0.20401758,0.19585687,6.7126,161.1029,0.19585687,6.7126,6.7126,6.7126,6.7126,6.7126,161.1029,0.19585687,33.5631,30.9833,134.2524,136.8322,0.16321406,0.16635036,0.00816070,10.6825,22.6390,5.2442,167.8156,83.9078,822.5544,32.0000,10.6825,,2.5818,2.5818,25.8178,25.8178,25.8178,25.8178,2.5818,-2.5818,10.0,10.0,4.137662,1,3,1,8,1.00000000,0.20401758,0.20401758,0E-8,0.000000,0.880728,0.000000,,2026-07-15,2026-07-15,1,2,1,1,1.000000,,1.000000,3.333333,,,,,,,,GLOBAL_BASELINE_NO_ENTITY_RANKING,,,NOT_APPLICABLE_GLOBAL_BASELINE,HF9g-P5,,,,X 全窗基线 · 不参与实体赏罚,6870220,688,A168_HF9F_20260827_0900,2026-08-27 09:00:00
2026-07-15,136389809,2170,0,185.8880024784,-56.7991118684,-56.7991118684,0.3333333,8,7,0.48375400714285714,0.464771021429,-0.7372970909830772,-0.6455148033381205,-0.7372970909830772,0.01898298571385714,ELIGIBLE,R03b_20260811_FULL_v1,L1_ELIGIBILITY,v2026-08-11,2026-03-21..2026-08-06,baccarat_bet02_101_all_pairs_incl_sentinel,round_win = game_pnl > 0 (decisive only),COMPATIBILITY_ONLY_NOT_PRODUCTION,822.5544,724.4469,167.8156,77,32,-0.20401758,-0.20401758,,-0.20401758,-167.8156,822.5544,OK,0.0000,6.7126,4.0000,96.0000,AG03-UNRESOLVED,ALL5_LEVELS_bet23_to_bet27,6.7126,6.7126,6.7126,6.7126,6.7126,4.000000,4.000000,4.000000,4.000000,4.000000,96.000000,96.000000,96.000000,96.000000,96.000000,5.0,33.5631,30.9833,134.2524,136.8322,PENDING_AG03,FALSE,NOT_FOR_ENFORCEMENT,161.1029,695.4690,167.8156,161.1029,6.7126,0.20401758,0.19585687,6.7126,161.1029,0.19585687,6.7126,6.7126,6.7126,6.7126,6.7126,161.1029,0.19585687,33.5631,30.9833,134.2524,136.8322,0.16321406,0.16635036,0.00816070,10.6825,22.6390,5.2442,167.8156,83.9078,822.5544,32.0000,10.6825,,2.5818,2.5818,25.8178,25.8178,25.8178,25.8178,2.5818,-2.5818,10.0,10.0,4.137662,1,3,1,8,1.00000000,0.20401758,0.20401758,0E-8,0.000000,0.880728,0.000000,,2026-07-15,2026-07-15,1,2,1,1,1.000000,,1.000000,3.333333,,,,,,,,GLOBAL_BASELINE_NO_ENTITY_RANKING,,,NOT_APPLICABLE_GLOBAL_BASELINE,HF9g-P5,,,,X 全窗基线 · 不参与实体赏罚,6870221,688,A168_HF9F_20260827_0900,2026-08-27 09:00:00
2026-07-18,64083522,1331,0,103.2711124881,-103.2711124881,-103.2711124881,0E-7,1,1,0.50665070000000000,0.506650700000,-1.013391052207602,-1.013391052207602,-1.013391052207602,0E-17,ELIGIBLE,R03b_20260811_FULL_v1,L1_ELIGIBILITY,v2026-08-11,2026-03-21..2026-08-06,baccarat_bet02_101_all_pairs_incl_sentinel,round_win = game_pnl > 0 (decisive only),COMPATIBILITY_ONLY_NOT_PRODUCTION,348.5400,348.5400,167.8156,4,4,-0.48148148,-0.48148148,,-0.48148148,-167.8156,348.5400,THIN_EXPOSURE,0.0000,6.7126,4.0000,96.0000,AG03-UNRESOLVED,ALL5_LEVELS_bet23_to_bet27,6.7126,6.7126,6.7126,6.7126,6.7126,4.000000,4.000000,4.000000,4.000000,4.000000,96.000000,96.000000,96.000000,96.000000,96.000000,5.0,33.5631,30.9833,134.2524,136.8322,PENDING_AG03,FALSE,NOT_FOR_ENFORCEMENT,161.1029,334.5984,167.8156,161.1029,6.7126,0.48148148,0.46222222,6.7126,161.1029,0.46222222,6.7126,6.7126,6.7126,6.7126,6.7126,161.1029,0.46222222,33.5631,30.9833,134.2524,136.8322,0.38518519,0.39258685,0.01925926,87.1350,87.1350,41.9539,167.8156,83.9078,348.5400,4.0000,87.1350,,77.4533,83.9078,96.8167,103.2711,103.2711,103.2711,83.9078,-77.4533,1.230769,1.230769,1.038462,2,2,2,2,1.00000000,0.48148148,0.48148148,0E-8,0.000000,1.000000,0.000000,,2026-07-18,2026-07-18,1,2,2,1,1.000000,,1.000000,3.333333,,,,,,,,GLOBAL_BASELINE_NO_ENTITY_RANKING,,,NOT_APPLICABLE_GLOBAL_BASELINE,HF9g-P5,,,,X 全窗基线 · 不参与实体赏罚,6870222,688,A168_HF9F_20260827_0900,2026-08-27 09:00:00
2026-07-18,64083522,1374,0,245.2688921591,-64.5444453049,-64.5444453049,0.3333333,3,3,0.49771390000000000,0.497713900000,-0.5694369385616226,-0.5694369385616226,-0.5694369385616226,0E-17,ELIGIBLE,R03b_20260811_FULL_v1,L1_ELIGIBILITY,v2026-08-11,2026-03-21..2026-08-06,baccarat_bet02_101_all_pairs_incl_sentinel,round_win = game_pnl > 0 (decisive only),COMPATIBILITY_ONLY_NOT_PRODUCTION,348.5400,348.5400,167.8156,4,4,-0.48148148,-0.48148148,,-0.48148148,-167.8156,348.5400,THIN_EXPOSURE,0.0000,6.7126,4.0000,96.0000,AG03-UNRESOLVED,ALL5_LEVELS_bet23_to_bet27,6.7126,6.7126,6.7126,6.7126,6.7126,4.000000,4.000000,4.000000,4.000000,4.000000,96.000000,96.000000,96.000000,96.000000,96.000000,5.0,33.5631,30.9833,134.2524,136.8322,PENDING_AG03,FALSE,NOT_FOR_ENFORCEMENT,161.1029,334.5984,167.8156,161.1029,6.7126,0.48148148,0.46222222,6.7126,161.1029,0.46222222,6.7126,6.7126,6.7126,6.7126,6.7126,161.1029,0.46222222,33.5631,30.9833,134.2524,136.8322,0.38518519,0.39258685,0.01925926,87.1350,87.1350,41.9539,167.8156,83.9078,348.5400,4.0000,87.1350,,77.4533,83.9078,96.8167,103.2711,103.2711,103.2711,83.9078,-77.4533,1.230769,1.230769,1.038462,2,2,2,2,1.00000000,0.48148148,0.48148148,0E-8,0.000000,1.000000,0.000000,,2026-07-18,2026-07-18,1,2,2,1,1.000000,,1.000000,3.333333,,,,,,,,GLOBAL_BASELINE_NO_ENTITY_RANKING,,,NOT_APPLICABLE_GLOBAL_BASELINE,HF9g-P5,,,,X 全窗基线 · 不参与实体赏罚,6870223,688,A168_HF9F_20260827_0900,2026-08-27 09:00:00
2026-07-07,151579479,2141,0,245.2688921590,-167.8155577930,-167.8155577930,0.2000000,5,5,0.49860758000000000,0.498607580000,-1.3354188732730328,-1.3354188732730328,-1.3354188732730328,0E-17,ELIGIBLE,R03b_20260811_FULL_v1,L1_ELIGIBILITY,v2026-08-11,2026-03-21..2026-08-06,baccarat_bet02_101_all_pairs_incl_sentinel,round_win = game_pnl > 0 (decisive only),COMPATIBILITY_ONLY_NOT_PRODUCTION,296.9044,245.2689,167.8156,6,6,-0.56521739,,-0.56521739,-0.56521739,-167.8156,296.9044,THIN_EXPOSURE,0.0000,6.7126,4.0000,96.0000,AG03-UNRESOLVED,ALL5_LEVELS_bet23_to_bet27,6.7126,6.7126,6.7126,8.3908,8.3908,4.000000,4.000000,4.000000,5.000000,5.000000,96.000000,96.000000,96.000000,95.000000,95.000000,5.0,36.9194,33.8192,130.8961,133.9964,PENDING_AG03,FALSE,NOT_FOR_ENFORCEMENT,161.1029,235.4581,167.8156,161.1029,6.7126,0.56521739,0.54260870,6.7126,161.1029,0.54260870,6.7126,6.7126,6.7126,8.3908,8.3908,161.1029,0.54260870,36.9194,33.8192,130.8961,133.9964,0.44086957,0.45131153,0.02260870,49.4841,40.8781,27.9693,167.8156,167.8156,296.9044,6.0000,,49.4841,51.6356,51.6356,51.6356,51.6356,51.6356,51.6356,51.6356,-51.6356,1.0,1.0,0.958333,1,2,1,2,0E-8,0.56521739,,0E-8,0.000000,0.826087,0.000000,,2026-07-07,2026-07-07,1,1,1,1,1.000000,,,0.000000,,,,,,,,GLOBAL_BASELINE_NO_ENTITY_RANKING,,,NOT_APPLICABLE_GLOBAL_BASELINE,HF9g-P5,,,,X 全窗基线 · 不参与实体赏罚,6870224,688,A168_HF9F_20260827_0900,2026-08-27 09:00:00
2026-07-07,151579479,2252,0,51.6355562440,0E-10,0E-10,,1,1,0.49324550000000000,0.493245500000,,,,0E-17,NO_DECISIVE_ROUND,R03b_20260811_FULL_v1,L1_ELIGIBILITY,v2026-08-11,2026-03-21..2026-08-06,baccarat_bet02_101_all_pairs_incl_sentinel,round_win = game_pnl > 0 (decisive only),COMPATIBILITY_ONLY_NOT_PRODUCTION,296.9044,245.2689,167.8156,6,6,-0.56521739,,-0.56521739,-0.56521739,-167.8156,296.9044,THIN_EXPOSURE,0.0000,6.7126,4.0000,96.0000,AG03-UNRESOLVED,ALL5_LEVELS_bet23_to_bet27,6.7126,6.7126,6.7126,8.3908,8.3908,4.000000,4.000000,4.000000,5.000000,5.000000,96.000000,96.000000,96.000000,95.000000,95.000000,5.0,36.9194,33.8192,130.8961,133.9964,PENDING_AG03,FALSE,NOT_FOR_ENFORCEMENT,161.1029,235.4581,167.8156,161.1029,6.7126,0.56521739,0.54260870,6.7126,161.1029,0.54260870,6.7126,6.7126,6.7126,8.3908,8.3908,161.1029,0.54260870,36.9194,33.8192,130.8961,133.9964,0.44086957,0.45131153,0.02260870,49.4841,40.8781,27.9693,167.8156,167.8156,296.9044,6.0000,,49.4841,51.6356,51.6356,51.6356,51.6356,51.6356,51.6356,51.6356,-51.6356,1.0,1.0,0.958333,1,2,1,2,0E-8,0.56521739,,0E-8,0.000000,0.826087,0.000000,,2026-07-07,2026-07-07,1,1,1,1,1.000000,,,0.000000,,,,,,,,GLOBAL_BASELINE_NO_ENTITY_RANKING,,,NOT_APPLICABLE_GLOBAL_BASELINE,HF9g-P5,,,,X 全窗基线 · 不参与实体赏罚,6870225,688,A168_HF9F_20260827_0900,2026-08-27 09:00:00
2026-07-22,153320458,1374,0,64.5444453050,-64.5444453050,-64.5444453050,0E-7,1,1,0.50665070000000000,0.506650700000,-1.013391052207602,-1.013391052207602,-1.013391052207602,0E-17,ELIGIBLE,R03b_20260811_FULL_v1,L1_ELIGIBILITY,v2026-08-11,2026-03-21..2026-08-06,baccarat_bet02_101_all_pairs_incl_sentinel,round_win = game_pnl > 0 (decisive only),COMPATIBILITY_ONLY_NOT_PRODUCTION,271.0867,167.8156,167.8156,3,3,-0.61904762,-0.61904762,,-0.61904762,-167.8156,271.0867,THIN_EXPOSURE,0.0000,6.7126,4.0000,96.0000,AG03-UNRESOLVED,ALL5_LEVELS_bet23_to_bet27,6.7126,6.7126,8.3908,8.3908,8.3908,4.000000,4.000000,5.000000,5.000000,5.000000,96.000000,96.000000,95.000000,95.000000,95.000000,5.0,38.5976,35.215,129.2180,132.6006,PENDING_AG03,FALSE,NOT_FOR_ENFORCEMENT,161.1029,161.1029,167.8156,161.1029,6.7126,0.61904762,0.59428571,6.7126,161.1029,0.59428571,6.7126,6.7126,8.3908,8.3908,8.3908,161.1029,0.59428571,38.5976,35.215,129.2180,132.6006,0.47666667,0.48914469,0.02476190,90.3622,55.9385,55.9385,167.8156,83.9078,271.0867,3.0000,90.3622,,74.2261,103.2711,103.2711,103.2711,103.2711,103.2711,64.5444,-64.5444,1.0,1.0,0.875,2,2,1,2,1.00000000,0.61904762,0.61904762,0E-8,0.000000,0.619048,0.000000,,2026-07-22,2026-07-22,1,2,2,1,1.000000,,1.000000,3.333333,,,,,,,,GLOBAL_BASELINE_NO_ENTITY_RANKING,,,NOT_APPLICABLE_GLOBAL_BASELINE,HF9g-P5,,,,X 全窗基线 · 不参与实体赏罚,6870226,688,A168_HF9F_20260827_0900,2026-08-27 09:00:00
2026-07-22,153320458,2209,0,206.5422249762,-103.2711124881,-103.2711124881,0E-7,2,2,0.49324550000000000,0.493245500000,-0.9865810262130424,-0.9865810262130424,-0.9865810262130424,0E-17,ELIGIBLE,R03b_20260811_FULL_v1,L1_ELIGIBILITY,v2026-08-11,2026-03-21..2026-08-06,baccarat_bet02_101_all_pairs_incl_sentinel,round_win = game_pnl > 0 (decisive only),COMPATIBILITY_ONLY_NOT_PRODUCTION,271.0867,167.8156,167.8156,3,3,-0.61904762,-0.61904762,,-0.61904762,-167.8156,271.0867,THIN_EXPOSURE,0.0000,6.7126,4.0000,96.0000,AG03-UNRESOLVED,ALL5_LEVELS_bet23_to_bet27,6.7126,6.7126,8.3908,8.3908,8.3908,4.000000,4.000000,5.000000,5.000000,5.000000,96.000000,96.000000,95.000000,95.000000,95.000000,5.0,38.5976,35.215,129.2180,132.6006,PENDING_AG03,FALSE,NOT_FOR_ENFORCEMENT,161.1029,161.1029,167.8156,161.1029,6.7126,0.61904762,0.59428571,6.7126,161.1029,0.59428571,6.7126,6.7126,8.3908,8.3908,8.3908,161.1029,0.59428571,38.5976,35.215,129.2180,132.6006,0.47666667,0.48914469,0.02476190,90.3622,55.9385,55.9385,167.8156,83.9078,271.0867,3.0000,90.3622,,74.2261,103.2711,103.2711,103.2711,103.2711,103.2711,64.5444,-64.5444,1.0,1.0,0.875,2,2,1,2,1.00000000,0.61904762,0.61904762,0E-8,0.000000,0.619048,0.000000,,2026-07-22,2026-07-22,1,2,2,1,1.000000,,1.000000,3.333333,,,,,,,,GLOBAL_BASELINE_NO_ENTITY_RANKING,,,NOT_APPLICABLE_GLOBAL_BASELINE,HF9g-P5,,,,X 全窗基线 · 不参与实体赏罚,6870227,688,A168_HF9F_20260827_0900,2026-08-27 09:00:00
2026-07-01,140780036,1318,0,167.8155577931,-167.8155577931,-167.8155577931,0E-7,1,1,0.50665070000000000,0.506650700000,-1.013391052207602,-1.013391052207602,-1.013391052207602,0E-17,ELIGIBLE,R03b_20260811_FULL_v1,L1_ELIGIBILITY,v2026-08-11,2026-03-21..2026-08-06,baccarat_bet02_101_all_pairs_incl_sentinel,round_win = game_pnl > 0 (decisive only),COMPATIBILITY_ONLY_NOT_PRODUCTION,167.8156,167.8156,167.8156,1,1,-1.00000000,,-1.00000000,-1.00000000,-167.8156,167.8156,THIN_EXPOSURE,0.0000,6.7126,4.0000,96.0000,AG03-UNRESOLVED,ALL5_LEVELS_bet23_to_bet27,6.7126,6.7126,6.7126,8.3908,8.3908,4.000000,4.000000,4.000000,5.000000,5.000000,96.000000,96.000000,96.000000,95.000000,95.000000,5.0,36.9194,33.8192,130.8961,133.9964,PENDING_AG03,FALSE,NOT_FOR_ENFORCEMENT,161.1029,161.1029,167.8156,161.1029,6.7126,1.00000000,0.96000000,6.7126,161.1029,0.96000000,6.7126,6.7126,6.7126,8.3908,8.3908,161.1029,0.96000000,36.9194,33.8192,130.8961,133.9964,0.78000000,0.79847424,0.04000000,167.8156,167.8156,167.8156,167.8156,167.8156,167.8156,1.0000,,167.8156,167.8156,167.8156,167.8156,167.8156,167.8156,167.8156,167.8156,-167.8156,1.0,1.0,1.0,1,1,1,1,0E-8,1.00000000,,0E-8,0.000000,1.000000,0.000000,,2026-07-01,2026-07-01,1,1,1,1,1.000000,,,0.000000,,,,,,,,GLOBAL_BASELINE_NO_ENTITY_RANKING,,,NOT_APPLICABLE_GLOBAL_BASELINE,HF9g-P5,,,,X 全窗基线 · 不参与实体赏罚,6870228,688,A168_HF9F_20260827_0900,2026-08-27 09:00:00
2026-07-04,152573636,2109,0,167.8155577930,-167.8155577930,-167.8155577930,0E-7,4,4,0.49324550000000000,0.493245500000,-1.973162052426085,-1.973162052426085,-1.973162052426085,0E-17,ELIGIBLE,R03b_20260811_FULL_v1,L1_ELIGIBILITY,v2026-08-11,2026-03-21..2026-08-06,baccarat_bet02_101_all_pairs_incl_sentinel,round_win = game_pnl > 0 (decisive only),COMPATIBILITY_ONLY_NOT_PRODUCTION,167.8156,167.8156,167.8156,4,4,-1.00000000,,-1.00000000,-1.00000000,-167.8156,167.8156,THIN_EXPOSURE,0.0000,6.7126,4.0000,96.0000,AG03-UNRESOLVED,ALL5_LEVELS_bet23_to_bet27,6.7126,6.7126,8.3908,8.3908,8.3908,4.000000,4.000000,5.000000,5.000000,5.000000,96.000000,96.000000,95.000000,95.000000,95.000000,5.0,38.5976,35.215,129.2180,132.6006,PENDING_AG03,FALSE,NOT_FOR_ENFORCEMENT,161.1029,161.1029,167.8156,161.1029,6.7126,1.00000000,0.96000000,6.7126,161.1029,0.96000000,6.7126,6.7126,8.3908,8.3908,8.3908,161.1029,0.96000000,38.5976,35.215,129.2180,132.6006,0.77000000,0.7901568,0.04000000,41.9539,41.9539,41.9539,167.8156,167.8156,167.8156,4.0000,,41.9539,12.9089,38.7267,70.9989,77.4533,77.4533,77.4533,38.7267,-38.7267,2.0,2.0,1.083333,1,1,1,1,0E-8,1.00000000,,0E-8,0.000000,1.000000,0.000000,,2026-07-04,2026-07-04,1,1,1,1,1.000000,,,0.000000,,,,,,,,GLOBAL_BASELINE_NO_ENTITY_RANKING,,,NOT_APPLICABLE_GLOBAL_BASELINE,HF9g-P5,,,,X 全窗基线 · 不参与实体赏罚,6870229,688,A168_HF9F_20260827_0900,2026-08-27 09:00:00
2026-07-19,136125329,1490,0,167.8155577931,-167.8155577931,-167.8155577931,0E-7,3,3,0.49324550000000000,0.493245500000,-1.708808463184432,-1.7088084631844318,-1.708808463184432,0E-17,ELIGIBLE,R03b_20260811_FULL_v1,L1_ELIGIBILITY,v2026-08-11,2026-03-21..2026-08-06,baccarat_bet02_101_all_pairs_incl_sentinel,round_win = game_pnl > 0 (decisive only),COMPATIBILITY_ONLY_NOT_PRODUCTION,167.8156,167.8156,167.8156,3,3,-1.00000000,-1.00000000,,-1.00000000,-167.8156,167.8156,THIN_EXPOSURE,0.0000,6.7126,4.0000,96.0000,AG03-UNRESOLVED,ALL5_LEVELS_bet23_to_bet27,6.7126,6.7126,6.7126,6.7126,6.7126,4.000000,4.000000,4.000000,4.000000,4.000000,96.000000,96.000000,96.000000,96.000000,96.000000,5.0,33.5631,30.9833,134.2524,136.8322,PENDING_AG03,FALSE,NOT_FOR_ENFORCEMENT,161.1029,161.1029,167.8156,161.1029,6.7126,1.00000000,0.96000000,6.7126,161.1029,0.96000000,6.7126,6.7126,6.7126,6.7126,6.7126,161.1029,0.96000000,33.5631,30.9833,134.2524,136.8322,0.80000000,0.8153727,0.04000000,55.9385,55.9385,55.9385,167.8156,167.8156,167.8156,3.0000,55.9385,,32.2722,51.6356,80.6806,90.3622,90.3622,90.3622,51.6356,-51.6356,1.75,1.75,1.083333,1,1,1,1,1.00000000,1.00000000,1.00000000,0E-8,0.000000,1.000000,0.000000,,2026-07-19,2026-07-19,1,1,1,1,1.000000,,1.000000,3.333333,,,,,,,,GLOBAL_BASELINE_NO_ENTITY_RANKING,,,NOT_APPLICABLE_GLOBAL_BASELINE,HF9g-P5,,,,X 全窗基线 · 不参与实体赏罚,6870230,688,A168_HF9F_20260827_0900,2026-08-27 09:00:00
2026-07-21,153286970,2101,0,167.8155577931,-167.8155577931,-167.8155577931,0E-7,1,1,0.50665070000000000,0.506650700000,-1.013391052207602,-1.013391052207602,-1.013391052207602,0E-17,ELIGIBLE,R03b_20260811_FULL_v1,L1_ELIGIBILITY,v2026-08-11,2026-03-21..2026-08-06,baccarat_bet02_101_all_pairs_incl_sentinel,round_win = game_pnl > 0 (decisive only),COMPATIBILITY_ONLY_NOT_PRODUCTION,167.8156,167.8156,167.8156,1,1,-1.00000000,-1.00000000,,-1.00000000,-167.8156,167.8156,THIN_EXPOSURE,0.0000,6.7126,4.0000,96.0000,AG03-UNRESOLVED,ALL5_LEVELS_bet23_to_bet27,6.7126,6.7126,6.7126,8.3908,8.3908,4.000000,4.000000,4.000000,5.000000,5.000000,96.000000,96.000000,96.000000,95.000000,95.000000,5.0,36.9194,33.8192,130.8961,133.9964,PENDING_AG03,FALSE,NOT_FOR_ENFORCEMENT,161.1029,161.1029,167.8156,161.1029,6.7126,1.00000000,0.96000000,6.7126,161.1029,0.96000000,6.7126,6.7126,6.7126,8.3908,8.3908,161.1029,0.96000000,36.9194,33.8192,130.8961,133.9964,0.78000000,0.79847424,0.04000000,167.8156,167.8156,167.8156,167.8156,167.8156,167.8156,1.0000,167.8156,,167.8156,167.8156,167.8156,167.8156,167.8156,167.8156,167.8156,-167.8156,1.0,1.0,1.0,1,1,1,1,1.00000000,1.00000000,1.00000000,0E-8,0.000000,1.000000,0.000000,,2026-07-21,2026-07-21,1,1,1,1,1.000000,,1.000000,3.333333,,,,,,,,GLOBAL_BASELINE_NO_ENTITY_RANKING,,,NOT_APPLICABLE_GLOBAL_BASELINE,HF9g-P5,,,,X 全窗基线 · 不参与实体赏罚,6870231,688,A168_HF9F_20260827_0900,2026-08-27 09:00:00
2026-07-28,153580779,1385,0,129.0888906100,-129.0888906100,-129.0888906100,0E-7,2,2,0.49994810000000000,0.499948100000,-1.4140667746232096,-1.4140667746232096,-1.4140667746232096,0E-17,ELIGIBLE,R03b_20260811_FULL_v1,L1_ELIGIBILITY,v2026-08-11,2026-03-21..2026-08-06,baccarat_bet02_101_all_pairs_incl_sentinel,round_win = game_pnl > 0 (decisive only),COMPATIBILITY_ONLY_NOT_PRODUCTION,167.8156,167.8156,167.8156,3,3,-1.00000000,-1.00000000,,-1.00000000,-167.8156,167.8156,THIN_EXPOSURE,0.0000,6.7126,4.0000,96.0000,AG03-UNRESOLVED,ALL5_LEVELS_bet23_to_bet27,6.7126,6.7126,6.7126,8.3908,8.3908,4.000000,4.000000,4.000000,5.000000,5.000000,96.000000,96.000000,96.000000,95.000000,95.000000,5.0,36.9194,33.8192,130.8961,133.9964,PENDING_AG03,FALSE,NOT_FOR_ENFORCEMENT,161.1029,161.1029,167.8156,161.1029,6.7126,1.00000000,0.96000000,6.7126,161.1029,0.96000000,6.7126,6.7126,6.7126,8.3908,8.3908,161.1029,0.96000000,36.9194,33.8192,130.8961,133.9964,0.78000000,0.79847424,0.04000000,55.9385,55.9385,55.9385,167.8156,83.9078,167.8156,3.0000,55.9385,,41.9539,51.6356,70.9989,77.4533,77.4533,77.4533,51.6356,-51.6356,1.5,1.5,1.083333,2,2,1,2,1.00000000,1.00000000,1.00000000,0E-8,0.000000,1.000000,1.000000,,2026-07-28,2026-07-28,1,2,2,1,1.000000,,1.000000,3.333333,,,,,,,,GLOBAL_BASELINE_NO_ENTITY_RANKING,,,NOT_APPLICABLE_GLOBAL_BASELINE,HF9g-P5,,,,X 全窗基线 · 不参与实体赏罚,6870232,688,A168_HF9F_20260827_0900,2026-08-27 09:00:00
2026-07-28,153580779,2156,0,38.7266671830,-38.7266671830,-38.7266671830,0E-7,1,1,0.50665070000000000,0.506650700000,-1.013391052207602,-1.013391052207602,-1.013391052207602,0E-17,ELIGIBLE,R03b_20260811_FULL_v1,L1_ELIGIBILITY,v2026-08-11,2026-03-21..2026-08-06,baccarat_bet02_101_all_pairs_incl_sentinel,round_win = game_pnl > 0 (decisive only),COMPATIBILITY_ONLY_NOT_PRODUCTION,167.8156,167.8156,167.8156,3,3,-1.00000000,-1.00000000,,-1.00000000,-167.8156,167.8156,THIN_EXPOSURE,0.0000,6.7126,4.0000,96.0000,AG03-UNRESOLVED,ALL5_LEVELS_bet23_to_bet27,6.7126,6.7126,6.7126,8.3908,8.3908,4.000000,4.000000,4.000000,5.000000,5.000000,96.000000,96.000000,96.000000,95.000000,95.000000,5.0,36.9194,33.8192,130.8961,133.9964,PENDING_AG03,FALSE,NOT_FOR_ENFORCEMENT,161.1029,161.1029,167.8156,161.1029,6.7126,1.00000000,0.96000000,6.7126,161.1029,0.96000000,6.7126,6.7126,6.7126,8.3908,8.3908,161.1029,0.96000000,36.9194,33.8192,130.8961,133.9964,0.78000000,0.79847424,0.04000000,55.9385,55.9385,55.9385,167.8156,83.9078,167.8156,3.0000,55.9385,,41.9539,51.6356,70.9989,77.4533,77.4533,77.4533,51.6356,-51.6356,1.5,1.5,1.083333,2,2,1,2,1.00000000,1.00000000,1.00000000,0E-8,0.000000,1.000000,1.000000,,2026-07-28,2026-07-28,1,2,2,1,1.000000,,1.000000,3.333333,,,,,,,,GLOBAL_BASELINE_NO_ENTITY_RANKING,,,NOT_APPLICABLE_GLOBAL_BASELINE,HF9g-P5,,,,X 全窗基线 · 不参与实体赏罚,6870233,688,A168_HF9F_20260827_0900,2026-08-27 09:00:00
2026-04-08,146551570,1507,0,167.8156557671,0E-10,0E-10,,1,1,0.49324550000000000,0.493245500000,,,,0E-17,NO_DECISIVE_ROUND,R03b_20260811_FULL_v1,L1_ELIGIBILITY,v2026-08-11,2026-03-21..2026-08-06,baccarat_bet02_101_all_pairs_incl_sentinel,round_win = game_pnl > 0 (decisive only),COMPATIBILITY_ONLY_NOT_PRODUCTION,335.6313,167.8157,167.8157,2,2,-0.50000000,,-0.50000000,-0.50000000,-167.8157,335.6313,THIN_EXPOSURE,0.0000,6.7126,4.0000,96.0000,AG03-UNRESOLVED,ALL5_LEVELS_bet23_to_bet27,6.7126,6.7126,8.3908,8.3908,8.3908,4.000000,4.000000,5.000000,5.000000,5.000000,96.000000,96.000000,95.000000,95.000000,95.000000,5.0,38.5976,35.215,129.2181,132.6007,PENDING_AG03,FALSE,NOT_FOR_ENFORCEMENT,161.1030,161.1030,167.8157,161.1030,6.7126,0.50000000,0.48000000,6.7126,161.1030,0.48000000,6.7126,6.7126,8.3908,8.3908,8.3908,161.1030,0.48000000,38.5976,35.215,129.2181,132.6007,0.38500000,0.3950784,0.02000000,167.8157,83.9078,83.9078,167.8157,83.9078,335.6313,2.0000,,167.8157,167.8157,167.8157,167.8157,167.8157,167.8157,167.8157,83.9078,-83.9078,1.0,1.0,1.0,2,2,1,1,0E-8,0.50000000,,0E-8,0.000000,0.500000,0.000000,,2026-04-08,2026-04-08,1,2,2,1,1.000000,,,0.000000,,,,,,,,GLOBAL_BASELINE_NO_ENTITY_RANKING,,,NOT_APPLICABLE_GLOBAL_BASELINE,HF9g-P5,,,,X 全窗基线 · 不参与实体赏罚,6870234,688,A168_HF9F_20260827_0900,2026-08-27 09:00:00
2026-04-08,146551570,1935,0,167.8156557671,-167.8156557671,-167.8156557671,0E-7,1,1,0.49324550000000000,0.493245500000,-0.9865810262130424,-0.9865810262130424,-0.9865810262130424,0E-17,ELIGIBLE,R03b_20260811_FULL_v1,L1_ELIGIBILITY,v2026-08-11,2026-03-21..2026-08-06,baccarat_bet02_101_all_pairs_incl_sentinel,round_win = game_pnl > 0 (decisive only),COMPATIBILITY_ONLY_NOT_PRODUCTION,335.6313,167.8157,167.8157,2,2,-0.50000000,,-0.50000000,-0.50000000,-167.8157,335.6313,THIN_EXPOSURE,0.0000,6.7126,4.0000,96.0000,AG03-UNRESOLVED,ALL5_LEVELS_bet23_to_bet27,6.7126,6.7126,8.3908,8.3908,8.3908,4.000000,4.000000,5.000000,5.000000,5.000000,96.000000,96.000000,95.000000,95.000000,95.000000,5.0,38.5976,35.215,129.2181,132.6007,PENDING_AG03,FALSE,NOT_FOR_ENFORCEMENT,161.1030,161.1030,167.8157,161.1030,6.7126,0.50000000,0.48000000,6.7126,161.1030,0.48000000,6.7126,6.7126,8.3908,8.3908,8.3908,161.1030,0.48000000,38.5976,35.215,129.2181,132.6007,0.38500000,0.3950784,0.02000000,167.8157,83.9078,83.9078,167.8157,83.9078,335.6313,2.0000,,167.8157,167.8157,167.8157,167.8157,167.8157,167.8157,167.8157,83.9078,-83.9078,1.0,1.0,1.0,2,2,1,1,0E-8,0.50000000,,0E-8,0.000000,0.500000,0.000000,,2026-04-08,2026-04-08,1,2,2,1,1.000000,,,0.000000,,,,,,,,GLOBAL_BASELINE_NO_ENTITY_RANKING,,,NOT_APPLICABLE_GLOBAL_BASELINE,HF9g-P5,,,,X 全窗基线 · 不参与实体赏罚,6870235,688,A168_HF9F_20260827_0900,2026-08-27 09:00:00
2026-04-08,145912782,1507,0,167.8156557671,-167.8156557671,-167.8156557671,0E-7,1,1,0.49324550000000000,0.493245500000,-0.9865810262130424,-0.9865810262130424,-0.9865810262130424,0E-17,ELIGIBLE,R03b_20260811_FULL_v1,L1_ELIGIBILITY,v2026-08-11,2026-03-21..2026-08-06,baccarat_bet02_101_all_pairs_incl_sentinel,round_win = game_pnl > 0 (decisive only),COMPATIBILITY_ONLY_NOT_PRODUCTION,167.8157,167.8157,167.8157,1,1,-1.00000000,,-1.00000000,-1.00000000,-167.8157,167.8157,THIN_EXPOSURE,0.0000,6.7126,4.0000,96.0000,AG03-UNRESOLVED,ALL5_LEVELS_bet23_to_bet27,6.7126,6.7126,8.3908,8.3908,8.3908,4.000000,4.000000,5.000000,5.000000,5.000000,96.000000,96.000000,95.000000,95.000000,95.000000,5.0,38.5976,35.215,129.2181,132.6007,PENDING_AG03,FALSE,NOT_FOR_ENFORCEMENT,161.1030,161.1030,167.8157,161.1030,6.7126,1.00000000,0.96000000,6.7126,161.1030,0.96000000,6.7126,6.7126,8.3908,8.3908,8.3908,161.1030,0.96000000,38.5976,35.215,129.2181,132.6007,0.77000000,0.7901568,0.04000000,167.8157,167.8157,167.8157,167.8157,167.8157,167.8157,1.0000,,167.8157,167.8157,167.8157,167.8157,167.8157,167.8157,167.8157,167.8157,-167.8157,1.0,1.0,1.0,1,1,1,1,0E-8,1.00000000,,0E-8,0.000000,1.000000,0.000000,,2026-04-08,2026-04-08,1,1,1,1,1.000000,,,0.000000,,,,,,,,GLOBAL_BASELINE_NO_ENTITY_RANKING,,,NOT_APPLICABLE_GLOBAL_BASELINE,HF9g-P5,,,,X 全窗基线 · 不参与实体赏罚,6870236,688,A168_HF9F_20260827_0900,2026-08-27 09:00:00
2026-03-29,147779898,1331,0,70.4287349236,-31.2527511225,-31.2527511225,0.5714286,8,8,0.50162375000000000,0.501623750000,0.36937434338991915,0.36937434338991915,0.36937434338991915,0E-17,ELIGIBLE,R03b_20260811_FULL_v1,L1_ELIGIBILITY,v2026-08-11,2026-03-21..2026-08-06,baccarat_bet02_101_all_pairs_incl_sentinel,round_win = game_pnl > 0 (decisive only),COMPATIBILITY_ONLY_NOT_PRODUCTION,292.7194,254.2037,167.8185,32,32,-0.57330827,,-0.57330827,-0.57330827,-167.8185,292.7194,OK,0.0000,6.7127,4.0000,96.0000,AG03-UNRESOLVED,ALL5_LEVELS_bet23_to_bet27,6.7127,6.7127,6.7127,8.3909,8.3909,4.000000,4.000000,4.000000,5.000000,5.000000,96.000000,96.000000,96.000000,95.000000,95.000000,5.0,36.9201,33.8197,130.8984,133.9987,PENDING_AG03,FALSE,NOT_FOR_ENFORCEMENT,161.1057,244.0356,167.8185,161.1057,6.7127,0.57330827,0.55037594,6.7127,161.1057,0.55037594,6.7127,6.7127,6.7127,8.3909,8.3909,161.1057,0.55037594,36.9201,33.8197,130.8984,133.9987,0.44718045,0.45777189,0.02293233,9.1475,7.9439,5.2443,83.9092,83.9092,146.3597,16.0000,,9.1475,1.1004,4.4018,12.1049,33.0135,34.0039,40.7166,3.3013,-0.5502,7.725,9.25,2.078125,2,3,1,2,0E-8,0.57330827,,0E-8,0.000000,0.868421,0.000000,,2026-03-29,2026-03-30,2,2,2,2,1.000000,,,0.000000,,,,,,,,GLOBAL_BASELINE_NO_ENTITY_RANKING,,,NOT_APPLICABLE_GLOBAL_BASELINE,HF9g-P5,,,,X 全窗基线 · 不参与实体赏罚,6870237,688,A168_HF9F_20260827_0900,2026-08-27 09:00:00
2026-03-29,147779898,994,0,77.0314288231,-44.0179593275,-44.0179593275,0E-7,3,3,0.50218230000000000,0.502182300000,-1.4203995680682369,-1.4203995680682369,-1.4203995680682369,0E-17,ELIGIBLE,R03b_20260811_FULL_v1,L1_ELIGIBILITY,v2026-08-11,2026-03-21..2026-08-06,baccarat_bet02_101_all_pairs_incl_sentinel,round_win = game_pnl > 0 (decisive only),COMPATIBILITY_ONLY_NOT_PRODUCTION,292.7194,254.2037,167.8185,32,32,-0.57330827,,-0.57330827,-0.57330827,-167.8185,292.7194,OK,0.0000,6.7127,4.0000,96.0000,AG03-UNRESOLVED,ALL5_LEVELS_bet23_to_bet27,6.7127,6.7127,6.7127,8.3909,8.3909,4.000000,4.000000,4.000000,5.000000,5.000000,96.000000,96.000000,96.000000,95.000000,95.000000,5.0,36.9201,33.8197,130.8984,133.9987,PENDING_AG03,FALSE,NOT_FOR_ENFORCEMENT,161.1057,244.0356,167.8185,161.1057,6.7127,0.57330827,0.55037594,6.7127,161.1057,0.55037594,6.7127,6.7127,6.7127,8.3909,8.3909,161.1057,0.55037594,36.9201,33.8197,130.8984,133.9987,0.44718045,0.45777189,0.02293233,9.1475,7.9439,5.2443,83.9092,83.9092,146.3597,16.0000,,9.1475,1.1004,4.4018,12.1049,33.0135,34.0039,40.7166,3.3013,-0.5502,7.725,9.25,2.078125,2,3,1,2,0E-8,0.57330827,,0E-8,0.000000,0.868421,0.000000,,2026-03-29,2026-03-30,2,2,2,2,1.000000,,,0.000000,,,,,,,,GLOBAL_BASELINE_NO_ENTITY_RANKING,,,NOT_APPLICABLE_GLOBAL_BASELINE,HF9g-P5,,,,X 全窗基线 · 不参与实体赏罚,6870238,688,A168_HF9F_20260827_0900,2026-08-27 09:00:00
2026-03-30,147779898,1331,0,119.9489391673,-88.8062329431,-88.8062329431,0.1428571,8,8,0.50665070000000000,0.506650700000,-1.925184877894219,-1.925184877894219,-1.925184877894219,0E-17,ELIGIBLE,R03b_20260811_FULL_v1,L1_ELIGIBILITY,v2026-08-11,2026-03-21..2026-08-06,baccarat_bet02_101_all_pairs_incl_sentinel,round_win = game_pnl > 0 (decisive only),COMPATIBILITY_ONLY_NOT_PRODUCTION,292.7194,254.2037,167.8185,32,32,-0.57330827,,-0.57330827,-0.57330827,-167.8185,292.7194,OK,0.0000,6.7127,4.0000,96.0000,AG03-UNRESOLVED,ALL5_LEVELS_bet23_to_bet27,6.7127,6.7127,6.7127,8.3909,8.3909,4.000000,4.000000,4.000000,5.000000,5.000000,96.000000,96.000000,96.000000,95.000000,95.000000,5.0,36.9201,33.8197,130.8984,133.9987,PENDING_AG03,FALSE,NOT_FOR_ENFORCEMENT,161.1057,244.0356,167.8185,161.1057,6.7127,0.57330827,0.55037594,6.7127,161.1057,0.55037594,6.7127,6.7127,6.7127,8.3909,8.3909,161.1057,0.55037594,36.9201,33.8197,130.8984,133.9987,0.44718045,0.45777189,0.02293233,9.1475,7.9439,5.2443,83.9092,83.9092,146.3597,16.0000,,9.1475,1.1004,4.4018,12.1049,33.0135,34.0039,40.7166,3.3013,-0.5502,7.725,9.25,2.078125,2,3,1,2,0E-8,0.57330827,,0E-8,0.000000,0.868421,0.000000,,2026-03-29,2026-03-30,2,2,2,2,1.000000,,,0.000000,,,,,,,,GLOBAL_BASELINE_NO_ENTITY_RANKING,,,NOT_APPLICABLE_GLOBAL_BASELINE,HF9g-P5,,,,X 全窗基线 · 不参与实体赏罚,6870239,688,A168_HF9F_20260827_0900,2026-08-27 09:00:00
2026-03-30,147779898,2235,0,25.3103266135,-3.7415265430,-3.7415265430,0.6153846,13,13,0.50355719230769231,0.503557192308,0.8064194243172039,0.8064194243149886,0.8064194243172039,-3.0769E-13,ELIGIBLE,R03b_20260811_FULL_v1,L1_ELIGIBILITY,v2026-08-11,2026-03-21..2026-08-06,baccarat_bet02_101_all_pairs_incl_sentinel,round_win = game_pnl > 0 (decisive only),COMPATIBILITY_ONLY_NOT_PRODUCTION,292.7194,254.2037,167.8185,32,32,-0.57330827,,-0.57330827,-0.57330827,-167.8185,292.7194,OK,0.0000,6.7127,4.0000,96.0000,AG03-UNRESOLVED,ALL5_LEVELS_bet23_to_bet27,6.7127,6.7127,6.7127,8.3909,8.3909,4.000000,4.000000,4.000000,5.000000,5.000000,96.000000,96.000000,96.000000,95.000000,95.000000,5.0,36.9201,33.8197,130.8984,133.9987,PENDING_AG03,FALSE,NOT_FOR_ENFORCEMENT,161.1057,244.0356,167.8185,161.1057,6.7127,0.57330827,0.55037594,6.7127,161.1057,0.55037594,6.7127,6.7127,6.7127,8.3909,8.3909,161.1057,0.55037594,36.9201,33.8197,130.8984,133.9987,0.44718045,0.45777189,0.02293233,9.1475,7.9439,5.2443,83.9092,83.9092,146.3597,16.0000,,9.1475,1.1004,4.4018,12.1049,33.0135,34.0039,40.7166,3.3013,-0.5502,7.725,9.25,2.078125,2,3,1,2,0E-8,0.57330827,,0E-8,0.000000,0.868421,0.000000,,2026-03-29,2026-03-30,2,2,2,2,1.000000,,,0.000000,,,,,,,,GLOBAL_BASELINE_NO_ENTITY_RANKING,,,NOT_APPLICABLE_GLOBAL_BASELINE,HF9g-P5,,,,X 全窗基线 · 不参与实体赏罚,6870240,688,A168_HF9F_20260827_0900,2026-08-27 09:00:00
2026-04-16,128521660,2108,0,52.3519095360,-39.2639321520,-39.2639321520,0E-7,3,3,0.50218230000000000,0.502182300000,-1.4203995680682369,-1.4203995680682369,-1.4203995680682369,0E-17,ELIGIBLE,R03b_20260811_FULL_v1,L1_ELIGIBILITY,v2026-08-11,2026-03-21..2026-08-06,baccarat_bet02_101_all_pairs_incl_sentinel,round_win = game_pnl > 0 (decisive only),COMPATIBILITY_ONLY_NOT_PRODUCTION,10808.1802,9947.9492,167.8188,111,111,-0.01552702,0.02526999,-0.50800157,-0.01552702,-167.8188,10808.1802,OK,0.0000,6.7128,4.0000,96.0000,AG03-UNRESOLVED,ALL5_LEVELS_bet23_to_bet27,6.7128,6.7128,6.7128,6.7128,6.7128,4.000000,4.000000,4.000000,4.000000,4.000000,96.000000,96.000000,96.000000,96.000000,96.000000,5.0,33.5638,30.9839,134.2551,136.8349,PENDING_AG03,FALSE,NOT_FOR_ENFORCEMENT,161.1061,9550.0313,167.8188,161.1061,6.7128,0.01552702,0.01490594,6.7128,161.1061,0.01490594,6.7128,6.7128,6.7128,6.7128,6.7128,161.1061,0.01490594,33.5638,30.9839,134.2551,136.8349,0.01242162,0.01266031,0.00062108,97.3710,89.6212,1.5119,15.2563,7.2965,982.5618,10.0909,110.9035,39.3743,77.0555,103.2711,129.0889,129.0889,129.0889,258.1778,102.7406,0.0,1.25,2.5,0.942868,13,22,12,2,0.92349674,0.01552702,-0.02526999,0E-8,0.000000,0.920409,0.000000,0.53327156,2026-04-16,2026-08-01,11,23,22,108,0.101852,2.816646,1.138979,3.078322,,,,,,,,GLOBAL_BASELINE_NO_ENTITY_RANKING,,,NOT_APPLICABLE_GLOBAL_BASELINE,HF9g-P5,,,,X 全窗基线 · 不参与实体赏罚,6870241,688,A168_HF9F_20260827_0900,2026-08-27 09:00:00
2026-05-02,128521660,2142,0,38.9185823258,-38.9185823258,-38.9185823258,0E-7,1,1,0.49324550000000000,0.493245500000,-0.9865810262130424,-0.9865810262130424,-0.9865810262130424,0E-17,ELIGIBLE,R03b_20260811_FULL_v1,L1_ELIGIBILITY,v2026-08-11,2026-03-21..2026-08-06,baccarat_bet02_101_all_pairs_incl_sentinel,round_win = game_pnl > 0 (decisive only),COMPATIBILITY_ONLY_NOT_PRODUCTION,10808.1802,9947.9492,167.8188,111,111,-0.01552702,0.02526999,-0.50800157,-0.01552702,-167.8188,10808.1802,OK,0.0000,6.7128,4.0000,96.0000,AG03-UNRESOLVED,ALL5_LEVELS_bet23_to_bet27,6.7128,6.7128,6.7128,6.7128,6.7128,4.000000,4.000000,4.000000,4.000000,4.000000,96.000000,96.000000,96.000000,96.000000,96.000000,5.0,33.5638,30.9839,134.2551,136.8349,PENDING_AG03,FALSE,NOT_FOR_ENFORCEMENT,161.1061,9550.0313,167.8188,161.1061,6.7128,0.01552702,0.01490594,6.7128,161.1061,0.01490594,6.7128,6.7128,6.7128,6.7128,6.7128,161.1061,0.01490594,33.5638,30.9839,134.2551,136.8349,0.01242162,0.01266031,0.00062108,97.3710,89.6212,1.5119,15.2563,7.2965,982.5618,10.0909,110.9035,39.3743,77.0555,103.2711,129.0889,129.0889,129.0889,258.1778,102.7406,0.0,1.25,2.5,0.942868,13,22,12,2,0.92349674,0.01552702,-0.02526999,0E-8,0.000000,0.920409,0.000000,0.53327156,2026-04-16,2026-08-01,11,23,22,108,0.101852,2.816646,1.138979,3.078322,,,,,,,,GLOBAL_BASELINE_NO_ENTITY_RANKING,,,NOT_APPLICABLE_GLOBAL_BASELINE,HF9g-P5,,,,X 全窗基线 · 不参与实体赏罚,6870242,688,A168_HF9F_20260827_0900,2026-08-27 09:00:00
2026-05-29,128521660,2088,0,25.9457215505,-25.9457215505,-25.9457215505,0E-7,1,1,0.50665070000000000,0.506650700000,-1.013391052207602,-1.013391052207602,-1.013391052207602,0E-17,ELIGIBLE,R03b_20260811_FULL_v1,L1_ELIGIBILITY,v2026-08-11,2026-03-21..2026-08-06,baccarat_bet02_101_all_pairs_incl_sentinel,round_win = game_pnl > 0 (decisive only),COMPATIBILITY_ONLY_NOT_PRODUCTION,10808.1802,9947.9492,167.8188,111,111,-0.01552702,0.02526999,-0.50800157,-0.01552702,-167.8188,10808.1802,OK,0.0000,6.7128,4.0000,96.0000,AG03-UNRESOLVED,ALL5_LEVELS_bet23_to_bet27,6.7128,6.7128,6.7128,6.7128,6.7128,4.000000,4.000000,4.000000,4.000000,4.000000,96.000000,96.000000,96.000000,96.000000,96.000000,5.0,33.5638,30.9839,134.2551,136.8349,PENDING_AG03,FALSE,NOT_FOR_ENFORCEMENT,161.1061,9550.0313,167.8188,161.1061,6.7128,0.01552702,0.01490594,6.7128,161.1061,0.01490594,6.7128,6.7128,6.7128,6.7128,6.7128,161.1061,0.01490594,33.5638,30.9839,134.2551,136.8349,0.01242162,0.01266031,0.00062108,97.3710,89.6212,1.5119,15.2563,7.2965,982.5618,10.0909,110.9035,39.3743,77.0555,103.2711,129.0889,129.0889,129.0889,258.1778,102.7406,0.0,1.25,2.5,0.942868,13,22,12,2,0.92349674,0.01552702,-0.02526999,0E-8,0.000000,0.920409,0.000000,0.53327156,2026-04-16,2026-08-01,11,23,22,108,0.101852,2.816646,1.138979,3.078322,,,,,,,,GLOBAL_BASELINE_NO_ENTITY_RANKING,,,NOT_APPLICABLE_GLOBAL_BASELINE,HF9g-P5,,,,X 全窗基线 · 不参与实体赏罚,6870243,688,A168_HF9F_20260827_0900,2026-08-27 09:00:00
2026-05-29,128521660,2229,0,49.5563281615,-49.5563281615,-49.5563281615,0E-7,1,1,0.49324550000000000,0.493245500000,-0.9865810262130424,-0.9865810262130424,-0.9865810262130424,0E-17,ELIGIBLE,R03b_20260811_FULL_v1,L1_ELIGIBILITY,v2026-08-11,2026-03-21..2026-08-06,baccarat_bet02_101_all_pairs_incl_sentinel,round_win = game_pnl > 0 (decisive only),COMPATIBILITY_ONLY_NOT_PRODUCTION,10808.1802,9947.9492,167.8188,111,111,-0.01552702,0.02526999,-0.50800157,-0.01552702,-167.8188,10808.1802,OK,0.0000,6.7128,4.0000,96.0000,AG03-UNRESOLVED,ALL5_LEVELS_bet23_to_bet27,6.7128,6.7128,6.7128,6.7128,6.7128,4.000000,4.000000,4.000000,4.000000,4.000000,96.000000,96.000000,96.000000,96.000000,96.000000,5.0,33.5638,30.9839,134.2551,136.8349,PENDING_AG03,FALSE,NOT_FOR_ENFORCEMENT,161.1061,9550.0313,167.8188,161.1061,6.7128,0.01552702,0.01490594,6.7128,161.1061,0.01490594,6.7128,6.7128,6.7128,6.7128,6.7128,161.1061,0.01490594,33.5638,30.9839,134.2551,136.8349,0.01242162,0.01266031,0.00062108,97.3710,89.6212,1.5119,15.2563,7.2965,982.5618,10.0909,110.9035,39.3743,77.0555,103.2711,129.0889,129.0889,129.0889,258.1778,102.7406,0.0,1.25,2.5,0.942868,13,22,12,2,0.92349674,0.01552702,-0.02526999,0E-8,0.000000,0.920409,0.000000,0.53327156,2026-04-16,2026-08-01,11,23,22,108,0.101852,2.816646,1.138979,3.078322,,,,,,,,GLOBAL_BASELINE_NO_ENTITY_RANKING,,,NOT_APPLICABLE_GLOBAL_BASELINE,HF9g-P5,,,,X 全窗基线 · 不参与实体赏罚,6870244,688,A168_HF9F_20260827_0900,2026-08-27 09:00:00
2026-05-30,128521660,2256,0,415.1315448080,-111.5666026670,-111.5666026670,0.3333333,6,6,0.50441650000000000,0.504416500000,-0.838165622096103,-0.838165622096103,-0.838165622096103,0E-17,ELIGIBLE,R03b_20260811_FULL_v1,L1_ELIGIBILITY,v2026-08-11,2026-03-21..2026-08-06,baccarat_bet02_101_all_pairs_incl_sentinel,round_win = game_pnl > 0 (decisive only),COMPATIBILITY_ONLY_NOT_PRODUCTION,10808.1802,9947.9492,167.8188,111,111,-0.01552702,0.02526999,-0.50800157,-0.01552702,-167.8188,10808.1802,OK,0.0000,6.7128,4.0000,96.0000,AG03-UNRESOLVED,ALL5_LEVELS_bet23_to_bet27,6.7128,6.7128,6.7128,6.7128,6.7128,4.000000,4.000000,4.000000,4.000000,4.000000,96.000000,96.000000,96.000000,96.000000,96.000000,5.0,33.5638,30.9839,134.2551,136.8349,PENDING_AG03,FALSE,NOT_FOR_ENFORCEMENT,161.1061,9550.0313,167.8188,161.1061,6.7128,0.01552702,0.01490594,6.7128,161.1061,0.01490594,6.7128,6.7128,6.7128,6.7128,6.7128,161.1061,0.01490594,33.5638,30.9839,134.2551,136.8349,0.01242162,0.01266031,0.00062108,97.3710,89.6212,1.5119,15.2563,7.2965,982.5618,10.0909,110.9035,39.3743,77.0555,103.2711,129.0889,129.0889,129.0889,258.1778,102.7406,0.0,1.25,2.5,0.942868,13,22,12,2,0.92349674,0.01552702,-0.02526999,0E-8,0.000000,0.920409,0.000000,0.53327156,2026-04-16,2026-08-01,11,23,22,108,0.101852,2.816646,1.138979,3.078322,,,,,,,,GLOBAL_BASELINE_NO_ENTITY_RANKING,,,NOT_APPLICABLE_GLOBAL_BASELINE,HF9g-P5,,,,X 全窗基线 · 不参与实体赏罚,6870245,688,A168_HF9F_20260827_0900,2026-08-27 09:00:00
2026-05-31,128521660,1094,0,128.4313216751,-102.4856001246,-102.4856001246,0E-7,4,4,0.50665070000000000,0.506650700000,-1.7552447903592512,-1.7552447903592512,-1.7552447903592512,0E-17,ELIGIBLE,R03b_20260811_FULL_v1,L1_ELIGIBILITY,v2026-08-11,2026-03-21..2026-08-06,baccarat_bet02_101_all_pairs_incl_sentinel,round_win = game_pnl > 0 (decisive only),COMPATIBILITY_ONLY_NOT_PRODUCTION,10808.1802,9947.9492,167.8188,111,111,-0.01552702,0.02526999,-0.50800157,-0.01552702,-167.8188,10808.1802,OK,0.0000,6.7128,4.0000,96.0000,AG03-UNRESOLVED,ALL5_LEVELS_bet23_to_bet27,6.7128,6.7128,6.7128,6.7128,6.7128,4.000000,4.000000,4.000000,4.000000,4.000000,96.000000,96.000000,96.000000,96.000000,96.000000,5.0,33.5638,30.9839,134.2551,136.8349,PENDING_AG03,FALSE,NOT_FOR_ENFORCEMENT,161.1061,9550.0313,167.8188,161.1061,6.7128,0.01552702,0.01490594,6.7128,161.1061,0.01490594,6.7128,6.7128,6.7128,6.7128,6.7128,161.1061,0.01490594,33.5638,30.9839,134.2551,136.8349,0.01242162,0.01266031,0.00062108,97.3710,89.6212,1.5119,15.2563,7.2965,982.5618,10.0909,110.9035,39.3743,77.0555,103.2711,129.0889,129.0889,129.0889,258.1778,102.7406,0.0,1.25,2.5,0.942868,13,22,12,2,0.92349674,0.01552702,-0.02526999,0E-8,0.000000,0.920409,0.000000,0.53327156,2026-04-16,2026-08-01,11,23,22,108,0.101852,2.816646,1.138979,3.078322,,,,,,,,GLOBAL_BASELINE_NO_ENTITY_RANKING,,,NOT_APPLICABLE_GLOBAL_BASELINE,HF9g-P5,,,,X 全窗基线 · 不参与实体赏罚,6870246,688,A168_HF9F_20260827_0900,2026-08-27 09:00:00
2026-05-31,128521660,919,0,90.8100254269,-26.5943645893,-26.5943645893,0.3333333,4,4,0.50665070000000000,0.506650700000,-0.6004420894325239,-0.6004420894325239,-0.6004420894325239,0E-17,ELIGIBLE,R03b_20260811_FULL_v1,L1_ELIGIBILITY,v2026-08-11,2026-03-21..2026-08-06,baccarat_bet02_101_all_pairs_incl_sentinel,round_win = game_pnl > 0 (decisive only),COMPATIBILITY_ONLY_NOT_PRODUCTION,10808.1802,9947.9492,167.8188,111,111,-0.01552702,0.02526999,-0.50800157,-0.01552702,-167.8188,10808.1802,OK,0.0000,6.7128,4.0000,96.0000,AG03-UNRESOLVED,ALL5_LEVELS_bet23_to_bet27,6.7128,6.7128,6.7128,6.7128,6.7128,4.000000,4.000000,4.000000,4.000000,4.000000,96.000000,96.000000,96.000000,96.000000,96.000000,5.0,33.5638,30.9839,134.2551,136.8349,PENDING_AG03,FALSE,NOT_FOR_ENFORCEMENT,161.1061,9550.0313,167.8188,161.1061,6.7128,0.01552702,0.01490594,6.7128,161.1061,0.01490594,6.7128,6.7128,6.7128,6.7128,6.7128,161.1061,0.01490594,33.5638,30.9839,134.2551,136.8349,0.01242162,0.01266031,0.00062108,97.3710,89.6212,1.5119,15.2563,7.2965,982.5618,10.0909,110.9035,39.3743,77.0555,103.2711,129.0889,129.0889,129.0889,258.1778,102.7406,0.0,1.25,2.5,0.942868,13,22,12,2,0.92349674,0.01552702,-0.02526999,0E-8,0.000000,0.920409,0.000000,0.53327156,2026-04-16,2026-08-01,11,23,22,108,0.101852,2.816646,1.138979,3.078322,,,,,,,,GLOBAL_BASELINE_NO_ENTITY_RANKING,,,NOT_APPLICABLE_GLOBAL_BASELINE,HF9g-P5,,,,X 全窗基线 · 不参与实体赏罚,6870247,688,A168_HF9F_20260827_0900,2026-08-27 09:00:00
2026-06-26,128521660,2121,0,25.7155347545,-25.7155347545,-25.7155347545,0E-7,1,1,0.50665070000000000,0.506650700000,-1.013391052207602,-1.013391052207602,-1.013391052207602,0E-17,ELIGIBLE,R03b_20260811_FULL_v1,L1_ELIGIBILITY,v2026-08-11,2026-03-21..2026-08-06,baccarat_bet02_101_all_pairs_incl_sentinel,round_win = game_pnl > 0 (decisive only),COMPATIBILITY_ONLY_NOT_PRODUCTION,10808.1802,9947.9492,167.8188,111,111,-0.01552702,0.02526999,-0.50800157,-0.01552702,-167.8188,10808.1802,OK,0.0000,6.7128,4.0000,96.0000,AG03-UNRESOLVED,ALL5_LEVELS_bet23_to_bet27,6.7128,6.7128,6.7128,6.7128,6.7128,4.000000,4.000000,4.000000,4.000000,4.000000,96.000000,96.000000,96.000000,96.000000,96.000000,5.0,33.5638,30.9839,134.2551,136.8349,PENDING_AG03,FALSE,NOT_FOR_ENFORCEMENT,161.1061,9550.0313,167.8188,161.1061,6.7128,0.01552702,0.01490594,6.7128,161.1061,0.01490594,6.7128,6.7128,6.7128,6.7128,6.7128,161.1061,0.01490594,33.5638,30.9839,134.2551,136.8349,0.01242162,0.01266031,0.00062108,97.3710,89.6212,1.5119,15.2563,7.2965,982.5618,10.0909,110.9035,39.3743,77.0555,103.2711,129.0889,129.0889,129.0889,258.1778,102.7406,0.0,1.25,2.5,0.942868,13,22,12,2,0.92349674,0.01552702,-0.02526999,0E-8,0.000000,0.920409,0.000000,0.53327156,2026-04-16,2026-08-01,11,23,22,108,0.101852,2.816646,1.138979,3.078322,,,,,,,,GLOBAL_BASELINE_NO_ENTITY_RANKING,,,NOT_APPLICABLE_GLOBAL_BASELINE,HF9g-P5,,,,X 全窗基线 · 不参与实体赏罚,6870248,688,A168_HF9F_20260827_0900,2026-08-27 09:00:00
2026-07-18,128521660,-1,1,180.7244468541,-180.7244468541,-180.7244468541,0E-7,2,2,0.50665070000000000,0.506650700000,-1.4331513700195317,-1.4331513700195317,-1.4331513700195317,0E-17,SENTINEL_DEALER,R03b_20260811_FULL_v1,L1_ELIGIBILITY,v2026-08-11,2026-03-21..2026-08-06,baccarat_bet02_101_all_pairs_incl_sentinel,round_win = game_pnl > 0 (decisive only),COMPATIBILITY_ONLY_NOT_PRODUCTION,10808.1802,9947.9492,167.8188,111,111,-0.01552702,0.02526999,-0.50800157,-0.01552702,-167.8188,10808.1802,OK,0.0000,6.7128,4.0000,96.0000,AG03-UNRESOLVED,ALL5_LEVELS_bet23_to_bet27,6.7128,6.7128,6.7128,6.7128,6.7128,4.000000,4.000000,4.000000,4.000000,4.000000,96.000000,96.000000,96.000000,96.000000,96.000000,5.0,33.5638,30.9839,134.2551,136.8349,PENDING_AG03,FALSE,NOT_FOR_ENFORCEMENT,161.1061,9550.0313,167.8188,161.1061,6.7128,0.01552702,0.01490594,6.7128,161.1061,0.01490594,6.7128,6.7128,6.7128,6.7128,6.7128,161.1061,0.01490594,33.5638,30.9839,134.2551,136.8349,0.01242162,0.01266031,0.00062108,97.3710,89.6212,1.5119,15.2563,7.2965,982.5618,10.0909,110.9035,39.3743,77.0555,103.2711,129.0889,129.0889,129.0889,258.1778,102.7406,0.0,1.25,2.5,0.942868,13,22,12,2,0.92349674,0.01552702,-0.02526999,0E-8,0.000000,0.920409,0.000000,0.53327156,2026-04-16,2026-08-01,11,23,22,108,0.101852,2.816646,1.138979,3.078322,,,,,,,,GLOBAL_BASELINE_NO_ENTITY_RANKING,,,NOT_APPLICABLE_GLOBAL_BASELINE,HF9g-P5,,,,X 全窗基线 · 不参与实体赏罚,6870249,688,A168_HF9F_20260827_0900,2026-08-27 09:00:00
2026-07-18,128521660,1383,0,1032.7111248806,-645.4444530503,-645.4444530503,0.2000000,6,6,0.49324550000000000,0.493245500000,-1.3115534243649334,-1.3115534243649334,-1.3115534243649334,0E-17,ELIGIBLE,R03b_20260811_FULL_v1,L1_ELIGIBILITY,v2026-08-11,2026-03-21..2026-08-06,baccarat_bet02_101_all_pairs_incl_sentinel,round_win = game_pnl > 0 (decisive only),COMPATIBILITY_ONLY_NOT_PRODUCTION,10808.1802,9947.9492,167.8188,111,111,-0.01552702,0.02526999,-0.50800157,-0.01552702,-167.8188,10808.1802,OK,0.0000,6.7128,4.0000,96.0000,AG03-UNRESOLVED,ALL5_LEVELS_bet23_to_bet27,6.7128,6.7128,6.7128,6.7128,6.7128,4.000000,4.000000,4.000000,4.000000,4.000000,96.000000,96.000000,96.000000,96.000000,96.000000,5.0,33.5638,30.9839,134.2551,136.8349,PENDING_AG03,FALSE,NOT_FOR_ENFORCEMENT,161.1061,9550.0313,167.8188,161.1061,6.7128,0.01552702,0.01490594,6.7128,161.1061,0.01490594,6.7128,6.7128,6.7128,6.7128,6.7128,161.1061,0.01490594,33.5638,30.9839,134.2551,136.8349,0.01242162,0.01266031,0.00062108,97.3710,89.6212,1.5119,15.2563,7.2965,982.5618,10.0909,110.9035,39.3743,77.0555,103.2711,129.0889,129.0889,129.0889,258.1778,102.7406,0.0,1.25,2.5,0.942868,13,22,12,2,0.92349674,0.01552702,-0.02526999,0E-8,0.000000,0.920409,0.000000,0.53327156,2026-04-16,2026-08-01,11,23,22,108,0.101852,2.816646,1.138979,3.078322,,,,,,,,GLOBAL_BASELINE_NO_ENTITY_RANKING,,,NOT_APPLICABLE_GLOBAL_BASELINE,HF9g-P5,,,,X 全窗基线 · 不参与实体赏罚,6870250,688,A168_HF9F_20260827_0900,2026-08-27 09:00:00
2026-07-18,128521660,1485,0,258.1777812202,251.7233366897,251.7233366897,1.0000000,2,2,0.49994810000000000,0.499948100000,1.4143603653603398,1.4143603653603398,1.4143603653603398,0E-17,ELIGIBLE,R03b_20260811_FULL_v1,L1_ELIGIBILITY,v2026-08-11,2026-03-21..2026-08-06,baccarat_bet02_101_all_pairs_incl_sentinel,round_win = game_pnl > 0 (decisive only),COMPATIBILITY_ONLY_NOT_PRODUCTION,10808.1802,9947.9492,167.8188,111,111,-0.01552702,0.02526999,-0.50800157,-0.01552702,-167.8188,10808.1802,OK,0.0000,6.7128,4.0000,96.0000,AG03-UNRESOLVED,ALL5_LEVELS_bet23_to_bet27,6.7128,6.7128,6.7128,6.7128,6.7128,4.000000,4.000000,4.000000,4.000000,4.000000,96.000000,96.000000,96.000000,96.000000,96.000000,5.0,33.5638,30.9839,134.2551,136.8349,PENDING_AG03,FALSE,NOT_FOR_ENFORCEMENT,161.1061,9550.0313,167.8188,161.1061,6.7128,0.01552702,0.01490594,6.7128,161.1061,0.01490594,6.7128,6.7128,6.7128,6.7128,6.7128,161.1061,0.01490594,33.5638,30.9839,134.2551,136.8349,0.01242162,0.01266031,0.00062108,97.3710,89.6212,1.5119,15.2563,7.2965,982.5618,10.0909,110.9035,39.3743,77.0555,103.2711,129.0889,129.0889,129.0889,258.1778,102.7406,0.0,1.25,2.5,0.942868,13,22,12,2,0.92349674,0.01552702,-0.02526999,0E-8,0.000000,0.920409,0.000000,0.53327156,2026-04-16,2026-08-01,11,23,22,108,0.101852,2.816646,1.138979,3.078322,,,,,,,,GLOBAL_BASELINE_NO_ENTITY_RANKING,,,NOT_APPLICABLE_GLOBAL_BASELINE,HF9g-P5,,,,X 全窗基线 · 不参与实体赏罚,6870251,688,A168_HF9F_20260827_0900,2026-08-27 09:00:00
2026-07-18,128521660,2246,0,1833.0622466634,-161.3611132626,-161.3611132626,0.4615385,14,14,0.49899058571428571,0.498990585714,-0.27007165854383425,-0.27007165854177423,-0.27007165854383425,2.8571E-13,ELIGIBLE,R03b_20260811_FULL_v1,L1_ELIGIBILITY,v2026-08-11,2026-03-21..2026-08-06,baccarat_bet02_101_all_pairs_incl_sentinel,round_win = game_pnl > 0 (decisive only),COMPATIBILITY_ONLY_NOT_PRODUCTION,10808.1802,9947.9492,167.8188,111,111,-0.01552702,0.02526999,-0.50800157,-0.01552702,-167.8188,10808.1802,OK,0.0000,6.7128,4.0000,96.0000,AG03-UNRESOLVED,ALL5_LEVELS_bet23_to_bet27,6.7128,6.7128,6.7128,6.7128,6.7128,4.000000,4.000000,4.000000,4.000000,4.000000,96.000000,96.000000,96.000000,96.000000,96.000000,5.0,33.5638,30.9839,134.2551,136.8349,PENDING_AG03,FALSE,NOT_FOR_ENFORCEMENT,161.1061,9550.0313,167.8188,161.1061,6.7128,0.01552702,0.01490594,6.7128,161.1061,0.01490594,6.7128,6.7128,6.7128,6.7128,6.7128,161.1061,0.01490594,33.5638,30.9839,134.2551,136.8349,0.01242162,0.01266031,0.00062108,97.3710,89.6212,1.5119,15.2563,7.2965,982.5618,10.0909,110.9035,39.3743,77.0555,103.2711,129.0889,129.0889,129.0889,258.1778,102.7406,0.0,1.25,2.5,0.942868,13,22,12,2,0.92349674,0.01552702,-0.02526999,0E-8,0.000000,0.920409,0.000000,0.53327156,2026-04-16,2026-08-01,11,23,22,108,0.101852,2.816646,1.138979,3.078322,,,,,,,,GLOBAL_BASELINE_NO_ENTITY_RANKING,,,NOT_APPLICABLE_GLOBAL_BASELINE,HF9g-P5,,,,X 全窗基线 · 不参与实体赏罚,6870252,688,A168_HF9F_20260827_0900,2026-08-27 09:00:00
2026-07-18,128521660,471,0,2013.7866935172,307.2315596519,307.2315596519,0.6250000,19,19,0.50100640526315789,0.501006405263,0.9919507672945239,0.9919507672957864,0.9919507672945239,1.5789E-13,ELIGIBLE,R03b_20260811_FULL_v1,L1_ELIGIBILITY,v2026-08-11,2026-03-21..2026-08-06,baccarat_bet02_101_all_pairs_incl_sentinel,round_win = game_pnl > 0 (decisive only),COMPATIBILITY_ONLY_NOT_PRODUCTION,10808.1802,9947.9492,167.8188,111,111,-0.01552702,0.02526999,-0.50800157,-0.01552702,-167.8188,10808.1802,OK,0.0000,6.7128,4.0000,96.0000,AG03-UNRESOLVED,ALL5_LEVELS_bet23_to_bet27,6.7128,6.7128,6.7128,6.7128,6.7128,4.000000,4.000000,4.000000,4.000000,4.000000,96.000000,96.000000,96.000000,96.000000,96.000000,5.0,33.5638,30.9839,134.2551,136.8349,PENDING_AG03,FALSE,NOT_FOR_ENFORCEMENT,161.1061,9550.0313,167.8188,161.1061,6.7128,0.01552702,0.01490594,6.7128,161.1061,0.01490594,6.7128,6.7128,6.7128,6.7128,6.7128,161.1061,0.01490594,33.5638,30.9839,134.2551,136.8349,0.01242162,0.01266031,0.00062108,97.3710,89.6212,1.5119,15.2563,7.2965,982.5618,10.0909,110.9035,39.3743,77.0555,103.2711,129.0889,129.0889,129.0889,258.1778,102.7406,0.0,1.25,2.5,0.942868,13,22,12,2,0.92349674,0.01552702,-0.02526999,0E-8,0.000000,0.920409,0.000000,0.53327156,2026-04-16,2026-08-01,11,23,22,108,0.101852,2.816646,1.138979,3.078322,,,,,,,,GLOBAL_BASELINE_NO_ENTITY_RANKING,,,NOT_APPLICABLE_GLOBAL_BASELINE,HF9g-P5,,,,X 全窗基线 · 不参与实体赏罚,6870253,688,A168_HF9F_20260827_0900,2026-08-27 09:00:00
2026-07-18,128521660,763,0,774.5333436606,-141.9977796711,-141.9977796711,0.4000000,6,6,0.50441650000000000,0.504416500000,-0.466983001748531,-0.466983001748531,-0.466983001748531,0E-17,ELIGIBLE,R03b_20260811_FULL_v1,L1_ELIGIBILITY,v2026-08-11,2026-03-21..2026-08-06,baccarat_bet02_101_all_pairs_incl_sentinel,round_win = game_pnl > 0 (decisive only),COMPATIBILITY_ONLY_NOT_PRODUCTION,10808.1802,9947.9492,167.8188,111,111,-0.01552702,0.02526999,-0.50800157,-0.01552702,-167.8188,10808.1802,OK,0.0000,6.7128,4.0000,96.0000,AG03-UNRESOLVED,ALL5_LEVELS_bet23_to_bet27,6.7128,6.7128,6.7128,6.7128,6.7128,4.000000,4.000000,4.000000,4.000000,4.000000,96.000000,96.000000,96.000000,96.000000,96.000000,5.0,33.5638,30.9839,134.2551,136.8349,PENDING_AG03,FALSE,NOT_FOR_ENFORCEMENT,161.1061,9550.0313,167.8188,161.1061,6.7128,0.01552702,0.01490594,6.7128,161.1061,0.01490594,6.7128,6.7128,6.7128,6.7128,6.7128,161.1061,0.01490594,33.5638,30.9839,134.2551,136.8349,0.01242162,0.01266031,0.00062108,97.3710,89.6212,1.5119,15.2563,7.2965,982.5618,10.0909,110.9035,39.3743,77.0555,103.2711,129.0889,129.0889,129.0889,258.1778,102.7406,0.0,1.25,2.5,0.942868,13,22,12,2,0.92349674,0.01552702,-0.02526999,0E-8,0.000000,0.920409,0.000000,0.53327156,2026-04-16,2026-08-01,11,23,22,108,0.101852,2.816646,1.138979,3.078322,,,,,,,,GLOBAL_BASELINE_NO_ENTITY_RANKING,,,NOT_APPLICABLE_GLOBAL_BASELINE,HF9g-P5,,,,X 全窗基线 · 不参与实体赏罚,6870254,688,A168_HF9F_20260827_0900,2026-08-27 09:00:00
2026-07-19,128521660,2160,0,785.8931660342,148.9169442078,148.9169442078,0.4285714,7,7,0.50090561428571429,0.500905614286,-0.38275716120403624,-0.38275716120554854,-0.38275716120403624,-2.8571E-13,ELIGIBLE,R03b_20260811_FULL_v1,L1_ELIGIBILITY,v2026-08-11,2026-03-21..2026-08-06,baccarat_bet02_101_all_pairs_incl_sentinel,round_win = game_pnl > 0 (decisive only),COMPATIBILITY_ONLY_NOT_PRODUCTION,10808.1802,9947.9492,167.8188,111,111,-0.01552702,0.02526999,-0.50800157,-0.01552702,-167.8188,10808.1802,OK,0.0000,6.7128,4.0000,96.0000,AG03-UNRESOLVED,ALL5_LEVELS_bet23_to_bet27,6.7128,6.7128,6.7128,6.7128,6.7128,4.000000,4.000000,4.000000,4.000000,4.000000,96.000000,96.000000,96.000000,96.000000,96.000000,5.0,33.5638,30.9839,134.2551,136.8349,PENDING_AG03,FALSE,NOT_FOR_ENFORCEMENT,161.1061,9550.0313,167.8188,161.1061,6.7128,0.01552702,0.01490594,6.7128,161.1061,0.01490594,6.7128,6.7128,6.7128,6.7128,6.7128,161.1061,0.01490594,33.5638,30.9839,134.2551,136.8349,0.01242162,0.01266031,0.00062108,97.3710,89.6212,1.5119,15.2563,7.2965,982.5618,10.0909,110.9035,39.3743,77.0555,103.2711,129.0889,129.0889,129.0889,258.1778,102.7406,0.0,1.25,2.5,0.942868,13,22,12,2,0.92349674,0.01552702,-0.02526999,0E-8,0.000000,0.920409,0.000000,0.53327156,2026-04-16,2026-08-01,11,23,22,108,0.101852,2.816646,1.138979,3.078322,,,,,,,,GLOBAL_BASELINE_NO_ENTITY_RANKING,,,NOT_APPLICABLE_GLOBAL_BASELINE,HF9g-P5,,,,X 全窗基线 · 不参与实体赏罚,6870255,688,A168_HF9F_20260827_0900,2026-08-27 09:00:00
2026-07-29,128521660,1330,0,7.7453334366,0E-10,0E-10,,1,1,0.49324550000000000,0.493245500000,,,,0E-17,NO_DECISIVE_ROUND,R03b_20260811_FULL_v1,L1_ELIGIBILITY,v2026-08-11,2026-03-21..2026-08-06,baccarat_bet02_101_all_pairs_incl_sentinel,round_win = game_pnl > 0 (decisive only),COMPATIBILITY_ONLY_NOT_PRODUCTION,10808.1802,9947.9492,167.8188,111,111,-0.01552702,0.02526999,-0.50800157,-0.01552702,-167.8188,10808.1802,OK,0.0000,6.7128,4.0000,96.0000,AG03-UNRESOLVED,ALL5_LEVELS_bet23_to_bet27,6.7128,6.7128,6.7128,6.7128,6.7128,4.000000,4.000000,4.000000,4.000000,4.000000,96.000000,96.000000,96.000000,96.000000,96.000000,5.0,33.5638,30.9839,134.2551,136.8349,PENDING_AG03,FALSE,NOT_FOR_ENFORCEMENT,161.1061,9550.0313,167.8188,161.1061,6.7128,0.01552702,0.01490594,6.7128,161.1061,0.01490594,6.7128,6.7128,6.7128,6.7128,6.7128,161.1061,0.01490594,33.5638,30.9839,134.2551,136.8349,0.01242162,0.01266031,0.00062108,97.3710,89.6212,1.5119,15.2563,7.2965,982.5618,10.0909,110.9035,39.3743,77.0555,103.2711,129.0889,129.0889,129.0889,258.1778,102.7406,0.0,1.25,2.5,0.942868,13,22,12,2,0.92349674,0.01552702,-0.02526999,0E-8,0.000000,0.920409,0.000000,0.53327156,2026-04-16,2026-08-01,11,23,22,108,0.101852,2.816646,1.138979,3.078322,,,,,,,,GLOBAL_BASELINE_NO_ENTITY_RANKING,,,NOT_APPLICABLE_GLOBAL_BASELINE,HF9g-P5,,,,X 全窗基线 · 不参与实体赏罚,6870256,688,A168_HF9F_20260827_0900,2026-08-27 09:00:00
2026-07-31,128521660,-1,1,129.0888906101,-129.0888906101,-129.0888906101,0E-7,1,1,0.50665070000000000,0.506650700000,-1.013391052207602,-1.013391052207602,-1.013391052207602,0E-17,SENTINEL_DEALER,R03b_20260811_FULL_v1,L1_ELIGIBILITY,v2026-08-11,2026-03-21..2026-08-06,baccarat_bet02_101_all_pairs_incl_sentinel,round_win = game_pnl > 0 (decisive only),COMPATIBILITY_ONLY_NOT_PRODUCTION,10808.1802,9947.9492,167.8188,111,111,-0.01552702,0.02526999,-0.50800157,-0.01552702,-167.8188,10808.1802,OK,0.0000,6.7128,4.0000,96.0000,AG03-UNRESOLVED,ALL5_LEVELS_bet23_to_bet27,6.7128,6.7128,6.7128,6.7128,6.7128,4.000000,4.000000,4.000000,4.000000,4.000000,96.000000,96.000000,96.000000,96.000000,96.000000,5.0,33.5638,30.9839,134.2551,136.8349,PENDING_AG03,FALSE,NOT_FOR_ENFORCEMENT,161.1061,9550.0313,167.8188,161.1061,6.7128,0.01552702,0.01490594,6.7128,161.1061,0.01490594,6.7128,6.7128,6.7128,6.7128,6.7128,161.1061,0.01490594,33.5638,30.9839,134.2551,136.8349,0.01242162,0.01266031,0.00062108,97.3710,89.6212,1.5119,15.2563,7.2965,982.5618,10.0909,110.9035,39.3743,77.0555,103.2711,129.0889,129.0889,129.0889,258.1778,102.7406,0.0,1.25,2.5,0.942868,13,22,12,2,0.92349674,0.01552702,-0.02526999,0E-8,0.000000,0.920409,0.000000,0.53327156,2026-04-16,2026-08-01,11,23,22,108,0.101852,2.816646,1.138979,3.078322,,,,,,,,GLOBAL_BASELINE_NO_ENTITY_RANKING,,,NOT_APPLICABLE_GLOBAL_BASELINE,HF9g-P5,,,,X 全窗基线 · 不参与实体赏罚,6870257,688,A168_HF9F_20260827_0900,2026-08-27 09:00:00
2026-07-31,128521660,1306,0,258.1777812202,-154.9066687321,-154.9066687321,0E-7,3,3,0.49324550000000000,0.493245500000,-1.3952362676504506,-1.3952362676504506,-1.3952362676504506,0E-17,ELIGIBLE,R03b_20260811_FULL_v1,L1_ELIGIBILITY,v2026-08-11,2026-03-21..2026-08-06,baccarat_bet02_101_all_pairs_incl_sentinel,round_win = game_pnl > 0 (decisive only),COMPATIBILITY_ONLY_NOT_PRODUCTION,10808.1802,9947.9492,167.8188,111,111,-0.01552702,0.02526999,-0.50800157,-0.01552702,-167.8188,10808.1802,OK,0.0000,6.7128,4.0000,96.0000,AG03-UNRESOLVED,ALL5_LEVELS_bet23_to_bet27,6.7128,6.7128,6.7128,6.7128,6.7128,4.000000,4.000000,4.000000,4.000000,4.000000,96.000000,96.000000,96.000000,96.000000,96.000000,5.0,33.5638,30.9839,134.2551,136.8349,PENDING_AG03,FALSE,NOT_FOR_ENFORCEMENT,161.1061,9550.0313,167.8188,161.1061,6.7128,0.01552702,0.01490594,6.7128,161.1061,0.01490594,6.7128,6.7128,6.7128,6.7128,6.7128,161.1061,0.01490594,33.5638,30.9839,134.2551,136.8349,0.01242162,0.01266031,0.00062108,97.3710,89.6212,1.5119,15.2563,7.2965,982.5618,10.0909,110.9035,39.3743,77.0555,103.2711,129.0889,129.0889,129.0889,258.1778,102.7406,0.0,1.25,2.5,0.942868,13,22,12,2,0.92349674,0.01552702,-0.02526999,0E-8,0.000000,0.920409,0.000000,0.53327156,2026-04-16,2026-08-01,11,23,22,108,0.101852,2.816646,1.138979,3.078322,,,,,,,,GLOBAL_BASELINE_NO_ENTITY_RANKING,,,NOT_APPLICABLE_GLOBAL_BASELINE,HF9g-P5,,,,X 全窗基线 · 不参与实体赏罚,6870258,688,A168_HF9F_20260827_0900,2026-08-27 09:00:00
2026-07-31,128521660,1646,0,77.4533343660,77.4533343660,77.4533343660,1.0000000,1,1,0.49324550000000000,0.493245500000,1.01360149184955,1.01360149184955,1.01360149184955,0E-17,ELIGIBLE,R03b_20260811_FULL_v1,L1_ELIGIBILITY,v2026-08-11,2026-03-21..2026-08-06,baccarat_bet02_101_all_pairs_incl_sentinel,round_win = game_pnl > 0 (decisive only),COMPATIBILITY_ONLY_NOT_PRODUCTION,10808.1802,9947.9492,167.8188,111,111,-0.01552702,0.02526999,-0.50800157,-0.01552702,-167.8188,10808.1802,OK,0.0000,6.7128,4.0000,96.0000,AG03-UNRESOLVED,ALL5_LEVELS_bet23_to_bet27,6.7128,6.7128,6.7128,6.7128,6.7128,4.000000,4.000000,4.000000,4.000000,4.000000,96.000000,96.000000,96.000000,96.000000,96.000000,5.0,33.5638,30.9839,134.2551,136.8349,PENDING_AG03,FALSE,NOT_FOR_ENFORCEMENT,161.1061,9550.0313,167.8188,161.1061,6.7128,0.01552702,0.01490594,6.7128,161.1061,0.01490594,6.7128,6.7128,6.7128,6.7128,6.7128,161.1061,0.01490594,33.5638,30.9839,134.2551,136.8349,0.01242162,0.01266031,0.00062108,97.3710,89.6212,1.5119,15.2563,7.2965,982.5618,10.0909,110.9035,39.3743,77.0555,103.2711,129.0889,129.0889,129.0889,258.1778,102.7406,0.0,1.25,2.5,0.942868,13,22,12,2,0.92349674,0.01552702,-0.02526999,0E-8,0.000000,0.920409,0.000000,0.53327156,2026-04-16,2026-08-01,11,23,22,108,0.101852,2.816646,1.138979,3.078322,,,,,,,,GLOBAL_BASELINE_NO_ENTITY_RANKING,,,NOT_APPLICABLE_GLOBAL_BASELINE,HF9g-P5,,,,X 全窗基线 · 不参与实体赏罚,6870259,688,A168_HF9F_20260827_0900,2026-08-27 09:00:00
2026-07-31,128521660,2224,0,567.9911186841,249.1415588774,249.1415588774,0.7142857,7,7,0.50090561428571429,0.500905614286,1.129103210700875,1.1291032106993646,1.129103210700875,-2.8571E-13,ELIGIBLE,R03b_20260811_FULL_v1,L1_ELIGIBILITY,v2026-08-11,2026-03-21..2026-08-06,baccarat_bet02_101_all_pairs_incl_sentinel,round_win = game_pnl > 0 (decisive only),COMPATIBILITY_ONLY_NOT_PRODUCTION,10808.1802,9947.9492,167.8188,111,111,-0.01552702,0.02526999,-0.50800157,-0.01552702,-167.8188,10808.1802,OK,0.0000,6.7128,4.0000,96.0000,AG03-UNRESOLVED,ALL5_LEVELS_bet23_to_bet27,6.7128,6.7128,6.7128,6.7128,6.7128,4.000000,4.000000,4.000000,4.000000,4.000000,96.000000,96.000000,96.000000,96.000000,96.000000,5.0,33.5638,30.9839,134.2551,136.8349,PENDING_AG03,FALSE,NOT_FOR_ENFORCEMENT,161.1061,9550.0313,167.8188,161.1061,6.7128,0.01552702,0.01490594,6.7128,161.1061,0.01490594,6.7128,6.7128,6.7128,6.7128,6.7128,161.1061,0.01490594,33.5638,30.9839,134.2551,136.8349,0.01242162,0.01266031,0.00062108,97.3710,89.6212,1.5119,15.2563,7.2965,982.5618,10.0909,110.9035,39.3743,77.0555,103.2711,129.0889,129.0889,129.0889,258.1778,102.7406,0.0,1.25,2.5,0.942868,13,22,12,2,0.92349674,0.01552702,-0.02526999,0E-8,0.000000,0.920409,0.000000,0.53327156,2026-04-16,2026-08-01,11,23,22,108,0.101852,2.816646,1.138979,3.078322,,,,,,,,GLOBAL_BASELINE_NO_ENTITY_RANKING,,,NOT_APPLICABLE_GLOBAL_BASELINE,HF9g-P5,,,,X 全窗基线 · 不参与实体赏罚,6870260,688,A168_HF9F_20260827_0900,2026-08-27 09:00:00
2026-07-31,128521660,2258,0,851.9866780266,174.2700023237,174.2700023237,0.5714286,7,7,0.49707555714285714,0.497075557143,0.39344589990031587,0.3934458998995593,0.39344589990031587,-1.4286E-13,ELIGIBLE,R03b_20260811_FULL_v1,L1_ELIGIBILITY,v2026-08-11,2026-03-21..2026-08-06,baccarat_bet02_101_all_pairs_incl_sentinel,round_win = game_pnl > 0 (decisive only),COMPATIBILITY_ONLY_NOT_PRODUCTION,10808.1802,9947.9492,167.8188,111,111,-0.01552702,0.02526999,-0.50800157,-0.01552702,-167.8188,10808.1802,OK,0.0000,6.7128,4.0000,96.0000,AG03-UNRESOLVED,ALL5_LEVELS_bet23_to_bet27,6.7128,6.7128,6.7128,6.7128,6.7128,4.000000,4.000000,4.000000,4.000000,4.000000,96.000000,96.000000,96.000000,96.000000,96.000000,5.0,33.5638,30.9839,134.2551,136.8349,PENDING_AG03,FALSE,NOT_FOR_ENFORCEMENT,161.1061,9550.0313,167.8188,161.1061,6.7128,0.01552702,0.01490594,6.7128,161.1061,0.01490594,6.7128,6.7128,6.7128,6.7128,6.7128,161.1061,0.01490594,33.5638,30.9839,134.2551,136.8349,0.01242162,0.01266031,0.00062108,97.3710,89.6212,1.5119,15.2563,7.2965,982.5618,10.0909,110.9035,39.3743,77.0555,103.2711,129.0889,129.0889,129.0889,258.1778,102.7406,0.0,1.25,2.5,0.942868,13,22,12,2,0.92349674,0.01552702,-0.02526999,0E-8,0.000000,0.920409,0.000000,0.53327156,2026-04-16,2026-08-01,11,23,22,108,0.101852,2.816646,1.138979,3.078322,,,,,,,,GLOBAL_BASELINE_NO_ENTITY_RANKING,,,NOT_APPLICABLE_GLOBAL_BASELINE,HF9g-P5,,,,X 全窗基线 · 不参与实体赏罚,6870261,688,A168_HF9F_20260827_0900,2026-08-27 09:00:00
2026-07-31,128521660,925,0,542.1733405624,464.7200061964,464.7200061964,0.8000000,5,5,0.50396966000000000,0.503969660000,1.3239296534401845,1.3239296534401845,1.3239296534401845,0E-17,ELIGIBLE,R03b_20260811_FULL_v1,L1_ELIGIBILITY,v2026-08-11,2026-03-21..2026-08-06,baccarat_bet02_101_all_pairs_incl_sentinel,round_win = game_pnl > 0 (decisive only),COMPATIBILITY_ONLY_NOT_PRODUCTION,10808.1802,9947.9492,167.8188,111,111,-0.01552702,0.02526999,-0.50800157,-0.01552702,-167.8188,10808.1802,OK,0.0000,6.7128,4.0000,96.0000,AG03-UNRESOLVED,ALL5_LEVELS_bet23_to_bet27,6.7128,6.7128,6.7128,6.7128,6.7128,4.000000,4.000000,4.000000,4.000000,4.000000,96.000000,96.000000,96.000000,96.000000,96.000000,5.0,33.5638,30.9839,134.2551,136.8349,PENDING_AG03,FALSE,NOT_FOR_ENFORCEMENT,161.1061,9550.0313,167.8188,161.1061,6.7128,0.01552702,0.01490594,6.7128,161.1061,0.01490594,6.7128,6.7128,6.7128,6.7128,6.7128,161.1061,0.01490594,33.5638,30.9839,134.2551,136.8349,0.01242162,0.01266031,0.00062108,97.3710,89.6212,1.5119,15.2563,7.2965,982.5618,10.0909,110.9035,39.3743,77.0555,103.2711,129.0889,129.0889,129.0889,258.1778,102.7406,0.0,1.25,2.5,0.942868,13,22,12,2,0.92349674,0.01552702,-0.02526999,0E-8,0.000000,0.920409,0.000000,0.53327156,2026-04-16,2026-08-01,11,23,22,108,0.101852,2.816646,1.138979,3.078322,,,,,,,,GLOBAL_BASELINE_NO_ENTITY_RANKING,,,NOT_APPLICABLE_GLOBAL_BASELINE,HF9g-P5,,,,X 全窗基线 · 不参与实体赏罚,6870262,688,A168_HF9F_20260827_0900,2026-08-27 09:00:00
2026-08-01,128521660,-1,1,25.6851514140,-25.6851514140,-25.6851514140,0E-7,1,1,0.50665070000000000,0.506650700000,-1.013391052207602,-1.013391052207602,-1.013391052207602,0E-17,SENTINEL_DEALER,R03b_20260811_FULL_v1,L1_ELIGIBILITY,v2026-08-11,2026-03-21..2026-08-06,baccarat_bet02_101_all_pairs_incl_sentinel,round_win = game_pnl > 0 (decisive only),COMPATIBILITY_ONLY_NOT_PRODUCTION,10808.1802,9947.9492,167.8188,111,111,-0.01552702,0.02526999,-0.50800157,-0.01552702,-167.8188,10808.1802,OK,0.0000,6.7128,4.0000,96.0000,AG03-UNRESOLVED,ALL5_LEVELS_bet23_to_bet27,6.7128,6.7128,6.7128,6.7128,6.7128,4.000000,4.000000,4.000000,4.000000,4.000000,96.000000,96.000000,96.000000,96.000000,96.000000,5.0,33.5638,30.9839,134.2551,136.8349,PENDING_AG03,FALSE,NOT_FOR_ENFORCEMENT,161.1061,9550.0313,167.8188,161.1061,6.7128,0.01552702,0.01490594,6.7128,161.1061,0.01490594,6.7128,6.7128,6.7128,6.7128,6.7128,161.1061,0.01490594,33.5638,30.9839,134.2551,136.8349,0.01242162,0.01266031,0.00062108,97.3710,89.6212,1.5119,15.2563,7.2965,982.5618,10.0909,110.9035,39.3743,77.0555,103.2711,129.0889,129.0889,129.0889,258.1778,102.7406,0.0,1.25,2.5,0.942868,13,22,12,2,0.92349674,0.01552702,-0.02526999,0E-8,0.000000,0.920409,0.000000,0.53327156,2026-04-16,2026-08-01,11,23,22,108,0.101852,2.816646,1.138979,3.078322,,,,,,,,GLOBAL_BASELINE_NO_ENTITY_RANKING,,,NOT_APPLICABLE_GLOBAL_BASELINE,HF9g-P5,,,,X 全窗基线 · 不参与实体赏罚,6870263,688,A168_HF9F_20260827_0900,2026-08-27 09:00:00
2026-08-01,128521660,2093,0,642.1287853492,17.9796059898,17.9796059898,0.5000000,8,8,0.49994810000000000,0.499948100000,0.00029359073713029245,0.00029359073713029245,0.00029359073713029245,0E-17,ELIGIBLE,R03b_20260811_FULL_v1,L1_ELIGIBILITY,v2026-08-11,2026-03-21..2026-08-06,baccarat_bet02_101_all_pairs_incl_sentinel,round_win = game_pnl > 0 (decisive only),COMPATIBILITY_ONLY_NOT_PRODUCTION,10808.1802,9947.9492,167.8188,111,111,-0.01552702,0.02526999,-0.50800157,-0.01552702,-167.8188,10808.1802,OK,0.0000,6.7128,4.0000,96.0000,AG03-UNRESOLVED,ALL5_LEVELS_bet23_to_bet27,6.7128,6.7128,6.7128,6.7128,6.7128,4.000000,4.000000,4.000000,4.000000,4.000000,96.000000,96.000000,96.000000,96.000000,96.000000,5.0,33.5638,30.9839,134.2551,136.8349,PENDING_AG03,FALSE,NOT_FOR_ENFORCEMENT,161.1061,9550.0313,167.8188,161.1061,6.7128,0.01552702,0.01490594,6.7128,161.1061,0.01490594,6.7128,6.7128,6.7128,6.7128,6.7128,161.1061,0.01490594,33.5638,30.9839,134.2551,136.8349,0.01242162,0.01266031,0.00062108,97.3710,89.6212,1.5119,15.2563,7.2965,982.5618,10.0909,110.9035,39.3743,77.0555,103.2711,129.0889,129.0889,129.0889,258.1778,102.7406,0.0,1.25,2.5,0.942868,13,22,12,2,0.92349674,0.01552702,-0.02526999,0E-8,0.000000,0.920409,0.000000,0.53327156,2026-04-16,2026-08-01,11,23,22,108,0.101852,2.816646,1.138979,3.078322,,,,,,,,GLOBAL_BASELINE_NO_ENTITY_RANKING,,,NOT_APPLICABLE_GLOBAL_BASELINE,HF9g-P5,,,,X 全窗基线 · 不参与实体赏罚,6870264,688,A168_HF9F_20260827_0900,2026-08-27 09:00:00
2026-03-22,115293628,1004,0,59.2463859705,42.7890565342,42.7890565342,0.7500000,6,5,0.49516052857142857,0.494586020000,1.0194056367788809,1.0217158171470144,1.0194056367788809,0.00057450857142857,ELIGIBLE,R03b_20260811_FULL_v1,L1_ELIGIBILITY,v2026-08-11,2026-03-21..2026-08-06,baccarat_bet02_101_all_pairs_incl_sentinel,round_win = game_pnl > 0 (decisive only),COMPATIBILITY_ONLY_NOT_PRODUCTION,15115.5905,13281.2450,167.8190,891,853,-0.01110238,,-0.01110238,-0.01110238,-167.8190,15115.5905,OK,0.0000,6.7128,4.0000,96.0000,AG03-UNRESOLVED,ALL5_LEVELS_bet23_to_bet27,6.7128,6.7128,6.7128,8.3909,8.3909,4.000000,4.000000,4.000000,5.000000,5.000000,96.000000,96.000000,96.000000,95.000000,95.000000,5.0,36.9202,33.8198,130.8988,133.9991,PENDING_AG03,FALSE,NOT_FOR_ENFORCEMENT,161.1062,12749.9952,167.8190,161.1062,6.7128,0.01110238,0.01065828,6.7128,161.1062,0.01065828,6.7128,6.7128,6.7128,8.3909,8.3909,161.1062,0.01065828,36.9202,33.8198,130.8988,133.9991,0.00865985,0.00886496,0.00044410,16.9647,15.5700,0.1967,20.9774,0.5708,1889.4488,106.6250,,16.9647,5.2352,10.4704,20.9408,39.2639,52.6635,155.808,7.8528,0.0,5.029755,14.880828,1.620261,29,115,5,6,0E-8,0.01110238,,0E-8,0.000000,0.878645,0.000000,,2026-03-22,2026-04-02,8,294,164,12,0.666667,,,0.000000,,,,,,,,GLOBAL_BASELINE_NO_ENTITY_RANKING,,,NOT_APPLICABLE_GLOBAL_BASELINE,HF9g-P5,,,,X 全窗基线 · 不参与实体赏罚,6870265,688,A168_HF9F_20260827_0900,2026-08-27 09:00:00
2026-03-22,115293628,1109,0,13.1658635490,13.1658635490,13.1658635490,1.0000000,1,1,0.49324550000000000,0.493245500000,1.01360149184955,1.01360149184955,1.01360149184955,0E-17,ELIGIBLE,R03b_20260811_FULL_v1,L1_ELIGIBILITY,v2026-08-11,2026-03-21..2026-08-06,baccarat_bet02_101_all_pairs_incl_sentinel,round_win = game_pnl > 0 (decisive only),COMPATIBILITY_ONLY_NOT_PRODUCTION,15115.5905,13281.2450,167.8190,891,853,-0.01110238,,-0.01110238,-0.01110238,-167.8190,15115.5905,OK,0.0000,6.7128,4.0000,96.0000,AG03-UNRESOLVED,ALL5_LEVELS_bet23_to_bet27,6.7128,6.7128,6.7128,8.3909,8.3909,4.000000,4.000000,4.000000,5.000000,5.000000,96.000000,96.000000,96.000000,95.000000,95.000000,5.0,36.9202,33.8198,130.8988,133.9991,PENDING_AG03,FALSE,NOT_FOR_ENFORCEMENT,161.1062,12749.9952,167.8190,161.1062,6.7128,0.01110238,0.01065828,6.7128,161.1062,0.01065828,6.7128,6.7128,6.7128,8.3909,8.3909,161.1062,0.01065828,36.9202,33.8198,130.8988,133.9991,0.00865985,0.00886496,0.00044410,16.9647,15.5700,0.1967,20.9774,0.5708,1889.4488,106.6250,,16.9647,5.2352,10.4704,20.9408,39.2639,52.6635,155.808,7.8528,0.0,5.029755,14.880828,1.620261,29,115,5,6,0E-8,0.01110238,,0E-8,0.000000,0.878645,0.000000,,2026-03-22,2026-04-02,8,294,164,12,0.666667,,,0.000000,,,,,,,,GLOBAL_BASELINE_NO_ENTITY_RANKING,,,NOT_APPLICABLE_GLOBAL_BASELINE,HF9g-P5,,,,X 全窗基线 · 不参与实体赏罚,6870266,688,A168_HF9F_20260827_0900,2026-08-27 09:00:00
2026-03-22,115293628,1115,0,15.7990362588,4.7397108776,4.7397108776,0.5000000,2,2,0.50665070000000000,0.506650700000,-0.018812684590367487,-0.018812684590367487,-0.018812684590367487,0E-17,ELIGIBLE,R03b_20260811_FULL_v1,L1_ELIGIBILITY,v2026-08-11,2026-03-21..2026-08-06,baccarat_bet02_101_all_pairs_incl_sentinel,round_win = game_pnl > 0 (decisive only),COMPATIBILITY_ONLY_NOT_PRODUCTION,15115.5905,13281.2450,167.8190,891,853,-0.01110238,,-0.01110238,-0.01110238,-167.8190,15115.5905,OK,0.0000,6.7128,4.0000,96.0000,AG03-UNRESOLVED,ALL5_LEVELS_bet23_to_bet27,6.7128,6.7128,6.7128,8.3909,8.3909,4.000000,4.000000,4.000000,5.000000,5.000000,96.000000,96.000000,96.000000,95.000000,95.000000,5.0,36.9202,33.8198,130.8988,133.9991,PENDING_AG03,FALSE,NOT_FOR_ENFORCEMENT,161.1062,12749.9952,167.8190,161.1062,6.7128,0.01110238,0.01065828,6.7128,161.1062,0.01065828,6.7128,6.7128,6.7128,8.3909,8.3909,161.1062,0.01065828,36.9202,33.8198,130.8988,133.9991,0.00865985,0.00886496,0.00044410,16.9647,15.5700,0.1967,20.9774,0.5708,1889.4488,106.6250,,16.9647,5.2352,10.4704,20.9408,39.2639,52.6635,155.808,7.8528,0.0,5.029755,14.880828,1.620261,29,115,5,6,0E-8,0.01110238,,0E-8,0.000000,0.878645,0.000000,,2026-03-22,2026-04-02,8,294,164,12,0.666667,,,0.000000,,,,,,,,GLOBAL_BASELINE_NO_ENTITY_RANKING,,,NOT_APPLICABLE_GLOBAL_BASELINE,HF9g-P5,,,,X 全窗基线 · 不参与实体赏罚,6870267,688,A168_HF9F_20260827_0900,2026-08-27 09:00:00
2026-03-22,115293628,1291,0,97.4273902626,-34.4945624984,-34.4945624984,0.2857143,7,7,0.50090561428571429,0.500905614286,-1.138687347156492,-1.138687347158005,-1.138687347156492,-2.8571E-13,ELIGIBLE,R03b_20260811_FULL_v1,L1_ELIGIBILITY,v2026-08-11,2026-03-21..2026-08-06,baccarat_bet02_101_all_pairs_incl_sentinel,round_win = game_pnl > 0 (decisive only),COMPATIBILITY_ONLY_NOT_PRODUCTION,15115.5905,13281.2450,167.8190,891,853,-0.01110238,,-0.01110238,-0.01110238,-167.8190,15115.5905,OK,0.0000,6.7128,4.0000,96.0000,AG03-UNRESOLVED,ALL5_LEVELS_bet23_to_bet27,6.7128,6.7128,6.7128,8.3909,8.3909,4.000000,4.000000,4.000000,5.000000,5.000000,96.000000,96.000000,96.000000,95.000000,95.000000,5.0,36.9202,33.8198,130.8988,133.9991,PENDING_AG03,FALSE,NOT_FOR_ENFORCEMENT,161.1062,12749.9952,167.8190,161.1062,6.7128,0.01110238,0.01065828,6.7128,161.1062,0.01065828,6.7128,6.7128,6.7128,8.3909,8.3909,161.1062,0.01065828,36.9202,33.8198,130.8988,133.9991,0.00865985,0.00886496,0.00044410,16.9647,15.5700,0.1967,20.9774,0.5708,1889.4488,106.6250,,16.9647,5.2352,10.4704,20.9408,39.2639,52.6635,155.808,7.8528,0.0,5.029755,14.880828,1.620261,29,115,5,6,0E-8,0.01110238,,0E-8,0.000000,0.878645,0.000000,,2026-03-22,2026-04-02,8,294,164,12,0.666667,,,0.000000,,,,,,,,GLOBAL_BASELINE_NO_ENTITY_RANKING,,,NOT_APPLICABLE_GLOBAL_BASELINE,HF9g-P5,,,,X 全窗基线 · 不参与实体赏罚,6870268,688,A168_HF9F_20260827_0900,2026-08-27 09:00:00
2026-03-22,115293628,1299,0,426.5739789875,-135.7400531902,-135.7400531902,0.3529412,18,17,0.50246536606334842,0.502313723529,-1.2330230433444331,-1.231770766367058,-1.2330230433444331,0.00015164253434842,ELIGIBLE,R03b_20260811_FULL_v1,L1_ELIGIBILITY,v2026-08-11,2026-03-21..2026-08-06,baccarat_bet02_101_all_pairs_incl_sentinel,round_win = game_pnl > 0 (decisive only),COMPATIBILITY_ONLY_NOT_PRODUCTION,15115.5905,13281.2450,167.8190,891,853,-0.01110238,,-0.01110238,-0.01110238,-167.8190,15115.5905,OK,0.0000,6.7128,4.0000,96.0000,AG03-UNRESOLVED,ALL5_LEVELS_bet23_to_bet27,6.7128,6.7128,6.7128,8.3909,8.3909,4.000000,4.000000,4.000000,5.000000,5.000000,96.000000,96.000000,96.000000,95.000000,95.000000,5.0,36.9202,33.8198,130.8988,133.9991,PENDING_AG03,FALSE,NOT_FOR_ENFORCEMENT,161.1062,12749.9952,167.8190,161.1062,6.7128,0.01110238,0.01065828,6.7128,161.1062,0.01065828,6.7128,6.7128,6.7128,8.3909,8.3909,161.1062,0.01065828,36.9202,33.8198,130.8988,133.9991,0.00865985,0.00886496,0.00044410,16.9647,15.5700,0.1967,20.9774,0.5708,1889.4488,106.6250,,16.9647,5.2352,10.4704,20.9408,39.2639,52.6635,155.808,7.8528,0.0,5.029755,14.880828,1.620261,29,115,5,6,0E-8,0.01110238,,0E-8,0.000000,0.878645,0.000000,,2026-03-22,2026-04-02,8,294,164,12,0.666667,,,0.000000,,,,,,,,GLOBAL_BASELINE_NO_ENTITY_RANKING,,,NOT_APPLICABLE_GLOBAL_BASELINE,HF9g-P5,,,,X 全窗基线 · 不参与实体赏罚,6870269,688,A168_HF9F_20260827_0900,2026-08-27 09:00:00
2026-03-22,115293628,1354,0,202.2276641126,-17.3789398848,-17.3789398848,0.5000000,7,7,0.49899058571428571,0.498990585714,0.004945109955477372,0.0049451099568770685,0.004945109955477372,2.8571E-13,ELIGIBLE,R03b_20260811_FULL_v1,L1_ELIGIBILITY,v2026-08-11,2026-03-21..2026-08-06,baccarat_bet02_101_all_pairs_incl_sentinel,round_win = game_pnl > 0 (decisive only),COMPATIBILITY_ONLY_NOT_PRODUCTION,15115.5905,13281.2450,167.8190,891,853,-0.01110238,,-0.01110238,-0.01110238,-167.8190,15115.5905,OK,0.0000,6.7128,4.0000,96.0000,AG03-UNRESOLVED,ALL5_LEVELS_bet23_to_bet27,6.7128,6.7128,6.7128,8.3909,8.3909,4.000000,4.000000,4.000000,5.000000,5.000000,96.000000,96.000000,96.000000,95.000000,95.000000,5.0,36.9202,33.8198,130.8988,133.9991,PENDING_AG03,FALSE,NOT_FOR_ENFORCEMENT,161.1062,12749.9952,167.8190,161.1062,6.7128,0.01110238,0.01065828,6.7128,161.1062,0.01065828,6.7128,6.7128,6.7128,8.3909,8.3909,161.1062,0.01065828,36.9202,33.8198,130.8988,133.9991,0.00865985,0.00886496,0.00044410,16.9647,15.5700,0.1967,20.9774,0.5708,1889.4488,106.6250,,16.9647,5.2352,10.4704,20.9408,39.2639,52.6635,155.808,7.8528,0.0,5.029755,14.880828,1.620261,29,115,5,6,0E-8,0.01110238,,0E-8,0.000000,0.878645,0.000000,,2026-03-22,2026-04-02,8,294,164,12,0.666667,,,0.000000,,,,,,,,GLOBAL_BASELINE_NO_ENTITY_RANKING,,,NOT_APPLICABLE_GLOBAL_BASELINE,HF9g-P5,,,,X 全窗基线 · 不参与实体赏罚,6870270,688,A168_HF9F_20260827_0900,2026-08-27 09:00:00
2026-03-22,115293628,1383,0,38.1810042921,18.5638676040,18.5638676040,0.5000000,6,6,0.49994810000000000,0.499948100000,0.00025425703667063243,0.00025425703667063243,0.00025425703667063243,0E-17,ELIGIBLE,R03b_20260811_FULL_v1,L1_ELIGIBILITY,v2026-08-11,2026-03-21..2026-08-06,baccarat_bet02_101_all_pairs_incl_sentinel,round_win = game_pnl > 0 (decisive only),COMPATIBILITY_ONLY_NOT_PRODUCTION,15115.5905,13281.2450,167.8190,891,853,-0.01110238,,-0.01110238,-0.01110238,-167.8190,15115.5905,OK,0.0000,6.7128,4.0000,96.0000,AG03-UNRESOLVED,ALL5_LEVELS_bet23_to_bet27,6.7128,6.7128,6.7128,8.3909,8.3909,4.000000,4.000000,4.000000,5.000000,5.000000,96.000000,96.000000,96.000000,95.000000,95.000000,5.0,36.9202,33.8198,130.8988,133.9991,PENDING_AG03,FALSE,NOT_FOR_ENFORCEMENT,161.1062,12749.9952,167.8190,161.1062,6.7128,0.01110238,0.01065828,6.7128,161.1062,0.01065828,6.7128,6.7128,6.7128,8.3909,8.3909,161.1062,0.01065828,36.9202,33.8198,130.8988,133.9991,0.00865985,0.00886496,0.00044410,16.9647,15.5700,0.1967,20.9774,0.5708,1889.4488,106.6250,,16.9647,5.2352,10.4704,20.9408,39.2639,52.6635,155.808,7.8528,0.0,5.029755,14.880828,1.620261,29,115,5,6,0E-8,0.01110238,,0E-8,0.000000,0.878645,0.000000,,2026-03-22,2026-04-02,8,294,164,12,0.666667,,,0.000000,,,,,,,,GLOBAL_BASELINE_NO_ENTITY_RANKING,,,NOT_APPLICABLE_GLOBAL_BASELINE,HF9g-P5,,,,X 全窗基线 · 不参与实体赏罚,6870271,688,A168_HF9F_20260827_0900,2026-08-27 09:00:00
2026-03-22,115293628,1384,0,47.3971087764,0E-10,0E-10,0.2500000,4,4,0.49324550000000000,0.493245500000,-0.9730707933947887,-0.9730707933947887,-0.9730707933947887,0E-17,ELIGIBLE,R03b_20260811_FULL_v1,L1_ELIGIBILITY,v2026-08-11,2026-03-21..2026-08-06,baccarat_bet02_101_all_pairs_incl_sentinel,round_win = game_pnl > 0 (decisive only),COMPATIBILITY_ONLY_NOT_PRODUCTION,15115.5905,13281.2450,167.8190,891,853,-0.01110238,,-0.01110238,-0.01110238,-167.8190,15115.5905,OK,0.0000,6.7128,4.0000,96.0000,AG03-UNRESOLVED,ALL5_LEVELS_bet23_to_bet27,6.7128,6.7128,6.7128,8.3909,8.3909,4.000000,4.000000,4.000000,5.000000,5.000000,96.000000,96.000000,96.000000,95.000000,95.000000,5.0,36.9202,33.8198,130.8988,133.9991,PENDING_AG03,FALSE,NOT_FOR_ENFORCEMENT,161.1062,12749.9952,167.8190,161.1062,6.7128,0.01110238,0.01065828,6.7128,161.1062,0.01065828,6.7128,6.7128,6.7128,8.3909,8.3909,161.1062,0.01065828,36.9202,33.8198,130.8988,133.9991,0.00865985,0.00886496,0.00044410,16.9647,15.5700,0.1967,20.9774,0.5708,1889.4488,106.6250,,16.9647,5.2352,10.4704,20.9408,39.2639,52.6635,155.808,7.8528,0.0,5.029755,14.880828,1.620261,29,115,5,6,0E-8,0.01110238,,0E-8,0.000000,0.878645,0.000000,,2026-03-22,2026-04-02,8,294,164,12,0.666667,,,0.000000,,,,,,,,GLOBAL_BASELINE_NO_ENTITY_RANKING,,,NOT_APPLICABLE_GLOBAL_BASELINE,HF9g-P5,,,,X 全窗基线 · 不参与实体赏罚,6870272,688,A168_HF9F_20260827_0900,2026-08-27 09:00:00
2026-03-22,115293628,1400,0,50.0302814862,14.2191326329,14.2191326329,0.7500000,5,5,0.50665070000000000,0.506650700000,0.9734833216690844,0.9734833216690844,0.9734833216690844,0E-17,ELIGIBLE,R03b_20260811_FULL_v1,L1_ELIGIBILITY,v2026-08-11,2026-03-21..2026-08-06,baccarat_bet02_101_all_pairs_incl_sentinel,round_win = game_pnl > 0 (decisive only),COMPATIBILITY_ONLY_NOT_PRODUCTION,15115.5905,13281.2450,167.8190,891,853,-0.01110238,,-0.01110238,-0.01110238,-167.8190,15115.5905,OK,0.0000,6.7128,4.0000,96.0000,AG03-UNRESOLVED,ALL5_LEVELS_bet23_to_bet27,6.7128,6.7128,6.7128,8.3909,8.3909,4.000000,4.000000,4.000000,5.000000,5.000000,96.000000,96.000000,96.000000,95.000000,95.000000,5.0,36.9202,33.8198,130.8988,133.9991,PENDING_AG03,FALSE,NOT_FOR_ENFORCEMENT,161.1062,12749.9952,167.8190,161.1062,6.7128,0.01110238,0.01065828,6.7128,161.1062,0.01065828,6.7128,6.7128,6.7128,8.3909,8.3909,161.1062,0.01065828,36.9202,33.8198,130.8988,133.9991,0.00865985,0.00886496,0.00044410,16.9647,15.5700,0.1967,20.9774,0.5708,1889.4488,106.6250,,16.9647,5.2352,10.4704,20.9408,39.2639,52.6635,155.808,7.8528,0.0,5.029755,14.880828,1.620261,29,115,5,6,0E-8,0.01110238,,0E-8,0.000000,0.878645,0.000000,,2026-03-22,2026-04-02,8,294,164,12,0.666667,,,0.000000,,,,,,,,GLOBAL_BASELINE_NO_ENTITY_RANKING,,,NOT_APPLICABLE_GLOBAL_BASELINE,HF9g-P5,,,,X 全窗基线 · 不参与实体赏罚,6870273,688,A168_HF9F_20260827_0900,2026-08-27 09:00:00
2026-03-22,115293628,1491,0,200.1211259448,46.4754983279,46.4754983279,0.4666667,15,15,0.49682022000000000,0.496820220000,-0.23357314314220967,-0.23357314314220967,-0.23357314314220967,0E-17,ELIGIBLE,R03b_20260811_FULL_v1,L1_ELIGIBILITY,v2026-08-11,2026-03-21..2026-08-06,baccarat_bet02_101_all_pairs_incl_sentinel,round_win = game_pnl > 0 (decisive only),COMPATIBILITY_ONLY_NOT_PRODUCTION,15115.5905,13281.2450,167.8190,891,853,-0.01110238,,-0.01110238,-0.01110238,-167.8190,15115.5905,OK,0.0000,6.7128,4.0000,96.0000,AG03-UNRESOLVED,ALL5_LEVELS_bet23_to_bet27,6.7128,6.7128,6.7128,8.3909,8.3909,4.000000,4.000000,4.000000,5.000000,5.000000,96.000000,96.000000,96.000000,95.000000,95.000000,5.0,36.9202,33.8198,130.8988,133.9991,PENDING_AG03,FALSE,NOT_FOR_ENFORCEMENT,161.1062,12749.9952,167.8190,161.1062,6.7128,0.01110238,0.01065828,6.7128,161.1062,0.01065828,6.7128,6.7128,6.7128,8.3909,8.3909,161.1062,0.01065828,36.9202,33.8198,130.8988,133.9991,0.00865985,0.00886496,0.00044410,16.9647,15.5700,0.1967,20.9774,0.5708,1889.4488,106.6250,,16.9647,5.2352,10.4704,20.9408,39.2639,52.6635,155.808,7.8528,0.0,5.029755,14.880828,1.620261,29,115,5,6,0E-8,0.01110238,,0E-8,0.000000,0.878645,0.000000,,2026-03-22,2026-04-02,8,294,164,12,0.666667,,,0.000000,,,,,,,,GLOBAL_BASELINE_NO_ENTITY_RANKING,,,NOT_APPLICABLE_GLOBAL_BASELINE,HF9g-P5,,,,X 全窗基线 · 不参与实体赏罚,6870274,688,A168_HF9F_20260827_0900,2026-08-27 09:00:00
2026-03-22,115293628,1509,0,18.4322089686,17.5105985201,17.5105985201,1.0000000,2,2,0.50665070000000000,0.506650700000,1.3955260008387969,1.3955260008387969,1.3955260008387969,0E-17,ELIGIBLE,R03b_20260811_FULL_v1,L1_ELIGIBILITY,v2026-08-11,2026-03-21..2026-08-06,baccarat_bet02_101_all_pairs_incl_sentinel,round_win = game_pnl > 0 (decisive only),COMPATIBILITY_ONLY_NOT_PRODUCTION,15115.5905,13281.2450,167.8190,891,853,-0.01110238,,-0.01110238,-0.01110238,-167.8190,15115.5905,OK,0.0000,6.7128,4.0000,96.0000,AG03-UNRESOLVED,ALL5_LEVELS_bet23_to_bet27,6.7128,6.7128,6.7128,8.3909,8.3909,4.000000,4.000000,4.000000,5.000000,5.000000,96.000000,96.000000,96.000000,95.000000,95.000000,5.0,36.9202,33.8198,130.8988,133.9991,PENDING_AG03,FALSE,NOT_FOR_ENFORCEMENT,161.1062,12749.9952,167.8190,161.1062,6.7128,0.01110238,0.01065828,6.7128,161.1062,0.01065828,6.7128,6.7128,6.7128,8.3909,8.3909,161.1062,0.01065828,36.9202,33.8198,130.8988,133.9991,0.00865985,0.00886496,0.00044410,16.9647,15.5700,0.1967,20.9774,0.5708,1889.4488,106.6250,,16.9647,5.2352,10.4704,20.9408,39.2639,52.6635,155.808,7.8528,0.0,5.029755,14.880828,1.620261,29,115,5,6,0E-8,0.01110238,,0E-8,0.000000,0.878645,0.000000,,2026-03-22,2026-04-02,8,294,164,12,0.666667,,,0.000000,,,,,,,,GLOBAL_BASELINE_NO_ENTITY_RANKING,,,NOT_APPLICABLE_GLOBAL_BASELINE,HF9g-P5,,,,X 全窗基线 · 不参与实体赏罚,6870275,688,A168_HF9F_20260827_0900,2026-08-27 09:00:00
2026-03-22,115293628,1623,0,101.3771493273,11.8492771940,11.8492771940,0.4285714,7,7,0.50473567142857143,0.504735671429,-0.403041368878626,-0.40304136888089725,-0.403041368878626,-4.2857E-13,ELIGIBLE,R03b_20260811_FULL_v1,L1_ELIGIBILITY,v2026-08-11,2026-03-21..2026-08-06,baccarat_bet02_101_all_pairs_incl_sentinel,round_win = game_pnl > 0 (decisive only),COMPATIBILITY_ONLY_NOT_PRODUCTION,15115.5905,13281.2450,167.8190,891,853,-0.01110238,,-0.01110238,-0.01110238,-167.8190,15115.5905,OK,0.0000,6.7128,4.0000,96.0000,AG03-UNRESOLVED,ALL5_LEVELS_bet23_to_bet27,6.7128,6.7128,6.7128,8.3909,8.3909,4.000000,4.000000,4.000000,5.000000,5.000000,96.000000,96.000000,96.000000,95.000000,95.000000,5.0,36.9202,33.8198,130.8988,133.9991,PENDING_AG03,FALSE,NOT_FOR_ENFORCEMENT,161.1062,12749.9952,167.8190,161.1062,6.7128,0.01110238,0.01065828,6.7128,161.1062,0.01065828,6.7128,6.7128,6.7128,8.3909,8.3909,161.1062,0.01065828,36.9202,33.8198,130.8988,133.9991,0.00865985,0.00886496,0.00044410,16.9647,15.5700,0.1967,20.9774,0.5708,1889.4488,106.6250,,16.9647,5.2352,10.4704,20.9408,39.2639,52.6635,155.808,7.8528,0.0,5.029755,14.880828,1.620261,29,115,5,6,0E-8,0.01110238,,0E-8,0.000000,0.878645,0.000000,,2026-03-22,2026-04-02,8,294,164,12,0.666667,,,0.000000,,,,,,,,GLOBAL_BASELINE_NO_ENTITY_RANKING,,,NOT_APPLICABLE_GLOBAL_BASELINE,HF9g-P5,,,,X 全窗基线 · 不参与实体赏罚,6870276,688,A168_HF9F_20260827_0900,2026-08-27 09:00:00
2026-03-22,115293628,1704,0,35.8111488533,8.3471574900,8.3471574900,0.6666667,3,3,0.50665070000000000,0.506650700000,0.5543606114942035,0.5543606114942035,0.5543606114942035,0E-17,ELIGIBLE,R03b_20260811_FULL_v1,L1_ELIGIBILITY,v2026-08-11,2026-03-21..2026-08-06,baccarat_bet02_101_all_pairs_incl_sentinel,round_win = game_pnl > 0 (decisive only),COMPATIBILITY_ONLY_NOT_PRODUCTION,15115.5905,13281.2450,167.8190,891,853,-0.01110238,,-0.01110238,-0.01110238,-167.8190,15115.5905,OK,0.0000,6.7128,4.0000,96.0000,AG03-UNRESOLVED,ALL5_LEVELS_bet23_to_bet27,6.7128,6.7128,6.7128,8.3909,8.3909,4.000000,4.000000,4.000000,5.000000,5.000000,96.000000,96.000000,96.000000,95.000000,95.000000,5.0,36.9202,33.8198,130.8988,133.9991,PENDING_AG03,FALSE,NOT_FOR_ENFORCEMENT,161.1062,12749.9952,167.8190,161.1062,6.7128,0.01110238,0.01065828,6.7128,161.1062,0.01065828,6.7128,6.7128,6.7128,8.3909,8.3909,161.1062,0.01065828,36.9202,33.8198,130.8988,133.9991,0.00865985,0.00886496,0.00044410,16.9647,15.5700,0.1967,20.9774,0.5708,1889.4488,106.6250,,16.9647,5.2352,10.4704,20.9408,39.2639,52.6635,155.808,7.8528,0.0,5.029755,14.880828,1.620261,29,115,5,6,0E-8,0.01110238,,0E-8,0.000000,0.878645,0.000000,,2026-03-22,2026-04-02,8,294,164,12,0.666667,,,0.000000,,,,,,,,GLOBAL_BASELINE_NO_ENTITY_RANKING,,,NOT_APPLICABLE_GLOBAL_BASELINE,HF9g-P5,,,,X 全窗基线 · 不参与实体赏罚,6870277,688,A168_HF9F_20260827_0900,2026-08-27 09:00:00
2026-03-22,115293628,1940,0,2.6331727098,-2.6331727098,-2.6331727098,0E-7,1,1,0.50665070000000000,0.506650700000,-1.013391052207602,-1.013391052207602,-1.013391052207602,0E-17,ELIGIBLE,R03b_20260811_FULL_v1,L1_ELIGIBILITY,v2026-08-11,2026-03-21..2026-08-06,baccarat_bet02_101_all_pairs_incl_sentinel,round_win = game_pnl > 0 (decisive only),COMPATIBILITY_ONLY_NOT_PRODUCTION,15115.5905,13281.2450,167.8190,891,853,-0.01110238,,-0.01110238,-0.01110238,-167.8190,15115.5905,OK,0.0000,6.7128,4.0000,96.0000,AG03-UNRESOLVED,ALL5_LEVELS_bet23_to_bet27,6.7128,6.7128,6.7128,8.3909,8.3909,4.000000,4.000000,4.000000,5.000000,5.000000,96.000000,96.000000,96.000000,95.000000,95.000000,5.0,36.9202,33.8198,130.8988,133.9991,PENDING_AG03,FALSE,NOT_FOR_ENFORCEMENT,161.1062,12749.9952,167.8190,161.1062,6.7128,0.01110238,0.01065828,6.7128,161.1062,0.01065828,6.7128,6.7128,6.7128,8.3909,8.3909,161.1062,0.01065828,36.9202,33.8198,130.8988,133.9991,0.00865985,0.00886496,0.00044410,16.9647,15.5700,0.1967,20.9774,0.5708,1889.4488,106.6250,,16.9647,5.2352,10.4704,20.9408,39.2639,52.6635,155.808,7.8528,0.0,5.029755,14.880828,1.620261,29,115,5,6,0E-8,0.01110238,,0E-8,0.000000,0.878645,0.000000,,2026-03-22,2026-04-02,8,294,164,12,0.666667,,,0.000000,,,,,,,,GLOBAL_BASELINE_NO_ENTITY_RANKING,,,NOT_APPLICABLE_GLOBAL_BASELINE,HF9g-P5,,,,X 全窗基线 · 不参与实体赏罚,6870278,688,A168_HF9F_20260827_0900,2026-08-27 09:00:00
2026-03-22,115293628,1991,0,97.4273902626,6.3196145035,6.3196145035,0.7142857,8,8,0.49994810000000000,0.499948100000,1.134168054123783,1.134168054123783,1.134168054123783,0E-17,ELIGIBLE,R03b_20260811_FULL_v1,L1_ELIGIBILITY,v2026-08-11,2026-03-21..2026-08-06,baccarat_bet02_101_all_pairs_incl_sentinel,round_win = game_pnl > 0 (decisive only),COMPATIBILITY_ONLY_NOT_PRODUCTION,15115.5905,13281.2450,167.8190,891,853,-0.01110238,,-0.01110238,-0.01110238,-167.8190,15115.5905,OK,0.0000,6.7128,4.0000,96.0000,AG03-UNRESOLVED,ALL5_LEVELS_bet23_to_bet27,6.7128,6.7128,6.7128,8.3909,8.3909,4.000000,4.000000,4.000000,5.000000,5.000000,96.000000,96.000000,96.000000,95.000000,95.000000,5.0,36.9202,33.8198,130.8988,133.9991,PENDING_AG03,FALSE,NOT_FOR_ENFORCEMENT,161.1062,12749.9952,167.8190,161.1062,6.7128,0.01110238,0.01065828,6.7128,161.1062,0.01065828,6.7128,6.7128,6.7128,8.3909,8.3909,161.1062,0.01065828,36.9202,33.8198,130.8988,133.9991,0.00865985,0.00886496,0.00044410,16.9647,15.5700,0.1967,20.9774,0.5708,1889.4488,106.6250,,16.9647,5.2352,10.4704,20.9408,39.2639,52.6635,155.808,7.8528,0.0,5.029755,14.880828,1.620261,29,115,5,6,0E-8,0.01110238,,0E-8,0.000000,0.878645,0.000000,,2026-03-22,2026-04-02,8,294,164,12,0.666667,,,0.000000,,,,,,,,GLOBAL_BASELINE_NO_ENTITY_RANKING,,,NOT_APPLICABLE_GLOBAL_BASELINE,HF9g-P5,,,,X 全窗基线 · 不参与实体赏罚,6870279,688,A168_HF9F_20260827_0900,2026-08-27 09:00:00
2026-03-22,115293628,2066,0,15.7990362588,4.7397108776,4.7397108776,0.5000000,2,2,0.50665070000000000,0.506650700000,-0.018812684590367487,-0.018812684590367487,-0.018812684590367487,0E-17,ELIGIBLE,R03b_20260811_FULL_v1,L1_ELIGIBILITY,v2026-08-11,2026-03-21..2026-08-06,baccarat_bet02_101_all_pairs_incl_sentinel,round_win = game_pnl > 0 (decisive only),COMPATIBILITY_ONLY_NOT_PRODUCTION,15115.5905,13281.2450,167.8190,891,853,-0.01110238,,-0.01110238,-0.01110238,-167.8190,15115.5905,OK,0.0000,6.7128,4.0000,96.0000,AG03-UNRESOLVED,ALL5_LEVELS_bet23_to_bet27,6.7128,6.7128,6.7128,8.3909,8.3909,4.000000,4.000000,4.000000,5.000000,5.000000,96.000000,96.000000,96.000000,95.000000,95.000000,5.0,36.9202,33.8198,130.8988,133.9991,PENDING_AG03,FALSE,NOT_FOR_ENFORCEMENT,161.1062,12749.9952,167.8190,161.1062,6.7128,0.01110238,0.01065828,6.7128,161.1062,0.01065828,6.7128,6.7128,6.7128,8.3909,8.3909,161.1062,0.01065828,36.9202,33.8198,130.8988,133.9991,0.00865985,0.00886496,0.00044410,16.9647,15.5700,0.1967,20.9774,0.5708,1889.4488,106.6250,,16.9647,5.2352,10.4704,20.9408,39.2639,52.6635,155.808,7.8528,0.0,5.029755,14.880828,1.620261,29,115,5,6,0E-8,0.01110238,,0E-8,0.000000,0.878645,0.000000,,2026-03-22,2026-04-02,8,294,164,12,0.666667,,,0.000000,,,,,,,,GLOBAL_BASELINE_NO_ENTITY_RANKING,,,NOT_APPLICABLE_GLOBAL_BASELINE,HF9g-P5,,,,X 全窗基线 · 不参与实体赏罚,6870280,688,A168_HF9F_20260827_0900,2026-08-27 09:00:00
2026-03-22,115293628,2088,0,80.3117676489,30.6106327514,30.6106327514,0.5714286,7,7,0.50282064285714286,0.502820642857,0.36304481076852674,0.3630448107692821,0.36304481076852674,1.4286E-13,ELIGIBLE,R03b_20260811_FULL_v1,L1_ELIGIBILITY,v2026-08-11,2026-03-21..2026-08-06,baccarat_bet02_101_all_pairs_incl_sentinel,round_win = game_pnl > 0 (decisive only),COMPATIBILITY_ONLY_NOT_PRODUCTION,15115.5905,13281.2450,167.8190,891,853,-0.01110238,,-0.01110238,-0.01110238,-167.8190,15115.5905,OK,0.0000,6.7128,4.0000,96.0000,AG03-UNRESOLVED,ALL5_LEVELS_bet23_to_bet27,6.7128,6.7128,6.7128,8.3909,8.3909,4.000000,4.000000,4.000000,5.000000,5.000000,96.000000,96.000000,96.000000,95.000000,95.000000,5.0,36.9202,33.8198,130.8988,133.9991,PENDING_AG03,FALSE,NOT_FOR_ENFORCEMENT,161.1062,12749.9952,167.8190,161.1062,6.7128,0.01110238,0.01065828,6.7128,161.1062,0.01065828,6.7128,6.7128,6.7128,8.3909,8.3909,161.1062,0.01065828,36.9202,33.8198,130.8988,133.9991,0.00865985,0.00886496,0.00044410,16.9647,15.5700,0.1967,20.9774,0.5708,1889.4488,106.6250,,16.9647,5.2352,10.4704,20.9408,39.2639,52.6635,155.808,7.8528,0.0,5.029755,14.880828,1.620261,29,115,5,6,0E-8,0.01110238,,0E-8,0.000000,0.878645,0.000000,,2026-03-22,2026-04-02,8,294,164,12,0.666667,,,0.000000,,,,,,,,GLOBAL_BASELINE_NO_ENTITY_RANKING,,,NOT_APPLICABLE_GLOBAL_BASELINE,HF9g-P5,,,,X 全窗基线 · 不参与实体赏罚,6870281,688,A168_HF9F_20260827_0900,2026-08-27 09:00:00
2026-03-22,115293628,2093,0,180.3723306212,33.1121468257,33.1121468257,0.6250000,8,8,0.50329940000000000,0.503299400000,0.6884575455922034,0.6884575455922034,0.6884575455922034,0E-17,ELIGIBLE,R03b_20260811_FULL_v1,L1_ELIGIBILITY,v2026-08-11,2026-03-21..2026-08-06,baccarat_bet02_101_all_pairs_incl_sentinel,round_win = game_pnl > 0 (decisive only),COMPATIBILITY_ONLY_NOT_PRODUCTION,15115.5905,13281.2450,167.8190,891,853,-0.01110238,,-0.01110238,-0.01110238,-167.8190,15115.5905,OK,0.0000,6.7128,4.0000,96.0000,AG03-UNRESOLVED,ALL5_LEVELS_bet23_to_bet27,6.7128,6.7128,6.7128,8.3909,8.3909,4.000000,4.000000,4.000000,5.000000,5.000000,96.000000,96.000000,96.000000,95.000000,95.000000,5.0,36.9202,33.8198,130.8988,133.9991,PENDING_AG03,FALSE,NOT_FOR_ENFORCEMENT,161.1062,12749.9952,167.8190,161.1062,6.7128,0.01110238,0.01065828,6.7128,161.1062,0.01065828,6.7128,6.7128,6.7128,8.3909,8.3909,161.1062,0.01065828,36.9202,33.8198,130.8988,133.9991,0.00865985,0.00886496,0.00044410,16.9647,15.5700,0.1967,20.9774,0.5708,1889.4488,106.6250,,16.9647,5.2352,10.4704,20.9408,39.2639,52.6635,155.808,7.8528,0.0,5.029755,14.880828,1.620261,29,115,5,6,0E-8,0.01110238,,0E-8,0.000000,0.878645,0.000000,,2026-03-22,2026-04-02,8,294,164,12,0.666667,,,0.000000,,,,,,,,GLOBAL_BASELINE_NO_ENTITY_RANKING,,,NOT_APPLICABLE_GLOBAL_BASELINE,HF9g-P5,,,,X 全窗基线 · 不参与实体赏罚,6870282,688,A168_HF9F_20260827_0900,2026-08-27 09:00:00
2026-03-22,115293628,2103,0,10.5326908392,5.2663454196,5.2663454196,0.5000000,2,2,0.49324550000000000,0.493245500000,0.01910635448239258,0.01910635448239258,0.01910635448239258,0E-17,ELIGIBLE,R03b_20260811_FULL_v1,L1_ELIGIBILITY,v2026-08-11,2026-03-21..2026-08-06,baccarat_bet02_101_all_pairs_incl_sentinel,round_win = game_pnl > 0 (decisive only),COMPATIBILITY_ONLY_NOT_PRODUCTION,15115.5905,13281.2450,167.8190,891,853,-0.01110238,,-0.01110238,-0.01110238,-167.8190,15115.5905,OK,0.0000,6.7128,4.0000,96.0000,AG03-UNRESOLVED,ALL5_LEVELS_bet23_to_bet27,6.7128,6.7128,6.7128,8.3909,8.3909,4.000000,4.000000,4.000000,5.000000,5.000000,96.000000,96.000000,96.000000,95.000000,95.000000,5.0,36.9202,33.8198,130.8988,133.9991,PENDING_AG03,FALSE,NOT_FOR_ENFORCEMENT,161.1062,12749.9952,167.8190,161.1062,6.7128,0.01110238,0.01065828,6.7128,161.1062,0.01065828,6.7128,6.7128,6.7128,8.3909,8.3909,161.1062,0.01065828,36.9202,33.8198,130.8988,133.9991,0.00865985,0.00886496,0.00044410,16.9647,15.5700,0.1967,20.9774,0.5708,1889.4488,106.6250,,16.9647,5.2352,10.4704,20.9408,39.2639,52.6635,155.808,7.8528,0.0,5.029755,14.880828,1.620261,29,115,5,6,0E-8,0.01110238,,0E-8,0.000000,0.878645,0.000000,,2026-03-22,2026-04-02,8,294,164,12,0.666667,,,0.000000,,,,,,,,GLOBAL_BASELINE_NO_ENTITY_RANKING,,,NOT_APPLICABLE_GLOBAL_BASELINE,HF9g-P5,,,,X 全窗基线 · 不参与实体赏罚,6870283,688,A168_HF9F_20260827_0900,2026-08-27 09:00:00
2026-03-22,115293628,2106,0,645.3906311716,-221.1865076231,-221.1865076231,0.3000000,11,11,0.49812011818181818,0.498120118182,-1.2530305038523217,-1.2530305038534701,-1.2530305038523217,-1.8182E-13,ELIGIBLE,R03b_20260811_FULL_v1,L1_ELIGIBILITY,v2026-08-11,2026-03-21..2026-08-06,baccarat_bet02_101_all_pairs_incl_sentinel,round_win = game_pnl > 0 (decisive only),COMPATIBILITY_ONLY_NOT_PRODUCTION,15115.5905,13281.2450,167.8190,891,853,-0.01110238,,-0.01110238,-0.01110238,-167.8190,15115.5905,OK,0.0000,6.7128,4.0000,96.0000,AG03-UNRESOLVED,ALL5_LEVELS_bet23_to_bet27,6.7128,6.7128,6.7128,8.3909,8.3909,4.000000,4.000000,4.000000,5.000000,5.000000,96.000000,96.000000,96.000000,95.000000,95.000000,5.0,36.9202,33.8198,130.8988,133.9991,PENDING_AG03,FALSE,NOT_FOR_ENFORCEMENT,161.1062,12749.9952,167.8190,161.1062,6.7128,0.01110238,0.01065828,6.7128,161.1062,0.01065828,6.7128,6.7128,6.7128,8.3909,8.3909,161.1062,0.01065828,36.9202,33.8198,130.8988,133.9991,0.00865985,0.00886496,0.00044410,16.9647,15.5700,0.1967,20.9774,0.5708,1889.4488,106.6250,,16.9647,5.2352,10.4704,20.9408,39.2639,52.6635,155.808,7.8528,0.0,5.029755,14.880828,1.620261,29,115,5,6,0E-8,0.01110238,,0E-8,0.000000,0.878645,0.000000,,2026-03-22,2026-04-02,8,294,164,12,0.666667,,,0.000000,,,,,,,,GLOBAL_BASELINE_NO_ENTITY_RANKING,,,NOT_APPLICABLE_GLOBAL_BASELINE,HF9g-P5,,,,X 全窗基线 · 不参与实体赏罚,6870284,688,A168_HF9F_20260827_0900,2026-08-27 09:00:00
2026-03-22,115293628,2129,0,13.1658635490,13.1658635490,13.1658635490,1.0000000,1,1,0.49324550000000000,0.493245500000,1.01360149184955,1.01360149184955,1.01360149184955,0E-17,ELIGIBLE,R03b_20260811_FULL_v1,L1_ELIGIBILITY,v2026-08-11,2026-03-21..2026-08-06,baccarat_bet02_101_all_pairs_incl_sentinel,round_win = game_pnl > 0 (decisive only),COMPATIBILITY_ONLY_NOT_PRODUCTION,15115.5905,13281.2450,167.8190,891,853,-0.01110238,,-0.01110238,-0.01110238,-167.8190,15115.5905,OK,0.0000,6.7128,4.0000,96.0000,AG03-UNRESOLVED,ALL5_LEVELS_bet23_to_bet27,6.7128,6.7128,6.7128,8.3909,8.3909,4.000000,4.000000,4.000000,5.000000,5.000000,96.000000,96.000000,96.000000,95.000000,95.000000,5.0,36.9202,33.8198,130.8988,133.9991,PENDING_AG03,FALSE,NOT_FOR_ENFORCEMENT,161.1062,12749.9952,167.8190,161.1062,6.7128,0.01110238,0.01065828,6.7128,161.1062,0.01065828,6.7128,6.7128,6.7128,8.3909,8.3909,161.1062,0.01065828,36.9202,33.8198,130.8988,133.9991,0.00865985,0.00886496,0.00044410,16.9647,15.5700,0.1967,20.9774,0.5708,1889.4488,106.6250,,16.9647,5.2352,10.4704,20.9408,39.2639,52.6635,155.808,7.8528,0.0,5.029755,14.880828,1.620261,29,115,5,6,0E-8,0.01110238,,0E-8,0.000000,0.878645,0.000000,,2026-03-22,2026-04-02,8,294,164,12,0.666667,,,0.000000,,,,,,,,GLOBAL_BASELINE_NO_ENTITY_RANKING,,,NOT_APPLICABLE_GLOBAL_BASELINE,HF9g-P5,,,,X 全窗基线 · 不参与实体赏罚,6870285,688,A168_HF9F_20260827_0900,2026-08-27 09:00:00
2026-03-22,115293628,2130,0,18.4322089686,0E-10,0E-10,0.5000000,3,3,0.50218230000000000,0.502182300000,-0.00617253530718887,-0.00617253530718887,-0.00617253530718887,0E-17,ELIGIBLE,R03b_20260811_FULL_v1,L1_ELIGIBILITY,v2026-08-11,2026-03-21..2026-08-06,baccarat_bet02_101_all_pairs_incl_sentinel,round_win = game_pnl > 0 (decisive only),COMPATIBILITY_ONLY_NOT_PRODUCTION,15115.5905,13281.2450,167.8190,891,853,-0.01110238,,-0.01110238,-0.01110238,-167.8190,15115.5905,OK,0.0000,6.7128,4.0000,96.0000,AG03-UNRESOLVED,ALL5_LEVELS_bet23_to_bet27,6.7128,6.7128,6.7128,8.3909,8.3909,4.000000,4.000000,4.000000,5.000000,5.000000,96.000000,96.000000,96.000000,95.000000,95.000000,5.0,36.9202,33.8198,130.8988,133.9991,PENDING_AG03,FALSE,NOT_FOR_ENFORCEMENT,161.1062,12749.9952,167.8190,161.1062,6.7128,0.01110238,0.01065828,6.7128,161.1062,0.01065828,6.7128,6.7128,6.7128,8.3909,8.3909,161.1062,0.01065828,36.9202,33.8198,130.8988,133.9991,0.00865985,0.00886496,0.00044410,16.9647,15.5700,0.1967,20.9774,0.5708,1889.4488,106.6250,,16.9647,5.2352,10.4704,20.9408,39.2639,52.6635,155.808,7.8528,0.0,5.029755,14.880828,1.620261,29,115,5,6,0E-8,0.01110238,,0E-8,0.000000,0.878645,0.000000,,2026-03-22,2026-04-02,8,294,164,12,0.666667,,,0.000000,,,,,,,,GLOBAL_BASELINE_NO_ENTITY_RANKING,,,NOT_APPLICABLE_GLOBAL_BASELINE,HF9g-P5,,,,X 全窗基线 · 不参与实体赏罚,6870286,688,A168_HF9F_20260827_0900,2026-08-27 09:00:00
2026-03-22,115293628,2141,0,77.6785949391,49.5036469442,49.5036469442,0.8333333,6,6,0.49994810000000000,0.499948100000,1.6332474276894162,1.6332474276894162,1.6332474276894162,0E-17,ELIGIBLE,R03b_20260811_FULL_v1,L1_ELIGIBILITY,v2026-08-11,2026-03-21..2026-08-06,baccarat_bet02_101_all_pairs_incl_sentinel,round_win = game_pnl > 0 (decisive only),COMPATIBILITY_ONLY_NOT_PRODUCTION,15115.5905,13281.2450,167.8190,891,853,-0.01110238,,-0.01110238,-0.01110238,-167.8190,15115.5905,OK,0.0000,6.7128,4.0000,96.0000,AG03-UNRESOLVED,ALL5_LEVELS_bet23_to_bet27,6.7128,6.7128,6.7128,8.3909,8.3909,4.000000,4.000000,4.000000,5.000000,5.000000,96.000000,96.000000,96.000000,95.000000,95.000000,5.0,36.9202,33.8198,130.8988,133.9991,PENDING_AG03,FALSE,NOT_FOR_ENFORCEMENT,161.1062,12749.9952,167.8190,161.1062,6.7128,0.01110238,0.01065828,6.7128,161.1062,0.01065828,6.7128,6.7128,6.7128,8.3909,8.3909,161.1062,0.01065828,36.9202,33.8198,130.8988,133.9991,0.00865985,0.00886496,0.00044410,16.9647,15.5700,0.1967,20.9774,0.5708,1889.4488,106.6250,,16.9647,5.2352,10.4704,20.9408,39.2639,52.6635,155.808,7.8528,0.0,5.029755,14.880828,1.620261,29,115,5,6,0E-8,0.01110238,,0E-8,0.000000,0.878645,0.000000,,2026-03-22,2026-04-02,8,294,164,12,0.666667,,,0.000000,,,,,,,,GLOBAL_BASELINE_NO_ENTITY_RANKING,,,NOT_APPLICABLE_GLOBAL_BASELINE,HF9g-P5,,,,X 全窗基线 · 不参与实体赏罚,6870287,688,A168_HF9F_20260827_0900,2026-08-27 09:00:00
2026-03-22,115293628,2152,0,61.8795586803,13.8241567264,13.8241567264,0.5555556,11,11,0.50177608181818182,0.501776081818,0.3226788781901678,0.3226788781912583,0.3226788781901678,1.8182E-13,ELIGIBLE,R03b_20260811_FULL_v1,L1_ELIGIBILITY,v2026-08-11,2026-03-21..2026-08-06,baccarat_bet02_101_all_pairs_incl_sentinel,round_win = game_pnl > 0 (decisive only),COMPATIBILITY_ONLY_NOT_PRODUCTION,15115.5905,13281.2450,167.8190,891,853,-0.01110238,,-0.01110238,-0.01110238,-167.8190,15115.5905,OK,0.0000,6.7128,4.0000,96.0000,AG03-UNRESOLVED,ALL5_LEVELS_bet23_to_bet27,6.7128,6.7128,6.7128,8.3909,8.3909,4.000000,4.000000,4.000000,5.000000,5.000000,96.000000,96.000000,96.000000,95.000000,95.000000,5.0,36.9202,33.8198,130.8988,133.9991,PENDING_AG03,FALSE,NOT_FOR_ENFORCEMENT,161.1062,12749.9952,167.8190,161.1062,6.7128,0.01110238,0.01065828,6.7128,161.1062,0.01065828,6.7128,6.7128,6.7128,8.3909,8.3909,161.1062,0.01065828,36.9202,33.8198,130.8988,133.9991,0.00865985,0.00886496,0.00044410,16.9647,15.5700,0.1967,20.9774,0.5708,1889.4488,106.6250,,16.9647,5.2352,10.4704,20.9408,39.2639,52.6635,155.808,7.8528,0.0,5.029755,14.880828,1.620261,29,115,5,6,0E-8,0.01110238,,0E-8,0.000000,0.878645,0.000000,,2026-03-22,2026-04-02,8,294,164,12,0.666667,,,0.000000,,,,,,,,GLOBAL_BASELINE_NO_ENTITY_RANKING,,,NOT_APPLICABLE_GLOBAL_BASELINE,HF9g-P5,,,,X 全窗基线 · 不参与实体赏罚,6870288,688,A168_HF9F_20260827_0900,2026-08-27 09:00:00
2026-03-22,115293628,2160,0,55.2966269058,17.5105985201,17.5105985201,1.0000000,4,4,0.50665070000000000,0.506650700000,1.3955260008387969,1.3955260008387969,1.3955260008387969,0E-17,ELIGIBLE,R03b_20260811_FULL_v1,L1_ELIGIBILITY,v2026-08-11,2026-03-21..2026-08-06,baccarat_bet02_101_all_pairs_incl_sentinel,round_win = game_pnl > 0 (decisive only),COMPATIBILITY_ONLY_NOT_PRODUCTION,15115.5905,13281.2450,167.8190,891,853,-0.01110238,,-0.01110238,-0.01110238,-167.8190,15115.5905,OK,0.0000,6.7128,4.0000,96.0000,AG03-UNRESOLVED,ALL5_LEVELS_bet23_to_bet27,6.7128,6.7128,6.7128,8.3909,8.3909,4.000000,4.000000,4.000000,5.000000,5.000000,96.000000,96.000000,96.000000,95.000000,95.000000,5.0,36.9202,33.8198,130.8988,133.9991,PENDING_AG03,FALSE,NOT_FOR_ENFORCEMENT,161.1062,12749.9952,167.8190,161.1062,6.7128,0.01110238,0.01065828,6.7128,161.1062,0.01065828,6.7128,6.7128,6.7128,8.3909,8.3909,161.1062,0.01065828,36.9202,33.8198,130.8988,133.9991,0.00865985,0.00886496,0.00044410,16.9647,15.5700,0.1967,20.9774,0.5708,1889.4488,106.6250,,16.9647,5.2352,10.4704,20.9408,39.2639,52.6635,155.808,7.8528,0.0,5.029755,14.880828,1.620261,29,115,5,6,0E-8,0.01110238,,0E-8,0.000000,0.878645,0.000000,,2026-03-22,2026-04-02,8,294,164,12,0.666667,,,0.000000,,,,,,,,GLOBAL_BASELINE_NO_ENTITY_RANKING,,,NOT_APPLICABLE_GLOBAL_BASELINE,HF9g-P5,,,,X 全窗基线 · 不参与实体赏罚,6870289,688,A168_HF9F_20260827_0900,2026-08-27 09:00:00
2026-03-22,115293628,2169,0,10.5326908392,5.2663454196,5.2663454196,0.5000000,2,2,0.49324550000000000,0.493245500000,0.01910635448239258,0.01910635448239258,0.01910635448239258,0E-17,ELIGIBLE,R03b_20260811_FULL_v1,L1_ELIGIBILITY,v2026-08-11,2026-03-21..2026-08-06,baccarat_bet02_101_all_pairs_incl_sentinel,round_win = game_pnl > 0 (decisive only),COMPATIBILITY_ONLY_NOT_PRODUCTION,15115.5905,13281.2450,167.8190,891,853,-0.01110238,,-0.01110238,-0.01110238,-167.8190,15115.5905,OK,0.0000,6.7128,4.0000,96.0000,AG03-UNRESOLVED,ALL5_LEVELS_bet23_to_bet27,6.7128,6.7128,6.7128,8.3909,8.3909,4.000000,4.000000,4.000000,5.000000,5.000000,96.000000,96.000000,96.000000,95.000000,95.000000,5.0,36.9202,33.8198,130.8988,133.9991,PENDING_AG03,FALSE,NOT_FOR_ENFORCEMENT,161.1062,12749.9952,167.8190,161.1062,6.7128,0.01110238,0.01065828,6.7128,161.1062,0.01065828,6.7128,6.7128,6.7128,8.3909,8.3909,161.1062,0.01065828,36.9202,33.8198,130.8988,133.9991,0.00865985,0.00886496,0.00044410,16.9647,15.5700,0.1967,20.9774,0.5708,1889.4488,106.6250,,16.9647,5.2352,10.4704,20.9408,39.2639,52.6635,155.808,7.8528,0.0,5.029755,14.880828,1.620261,29,115,5,6,0E-8,0.01110238,,0E-8,0.000000,0.878645,0.000000,,2026-03-22,2026-04-02,8,294,164,12,0.666667,,,0.000000,,,,,,,,GLOBAL_BASELINE_NO_ENTITY_RANKING,,,NOT_APPLICABLE_GLOBAL_BASELINE,HF9g-P5,,,,X 全窗基线 · 不参与实体赏罚,6870290,688,A168_HF9F_20260827_0900,2026-08-27 09:00:00
2026-03-22,115293628,2177,0,57.9297996156,14.7457671748,14.7457671748,0.5000000,5,4,0.50078592500000000,0.501623750000,-0.003143703883596518,-0.006495034249238073,-0.003143703883596518,-0.00083782500000000,ELIGIBLE,R03b_20260811_FULL_v1,L1_ELIGIBILITY,v2026-08-11,2026-03-21..2026-08-06,baccarat_bet02_101_all_pairs_incl_sentinel,round_win = game_pnl > 0 (decisive only),COMPATIBILITY_ONLY_NOT_PRODUCTION,15115.5905,13281.2450,167.8190,891,853,-0.01110238,,-0.01110238,-0.01110238,-167.8190,15115.5905,OK,0.0000,6.7128,4.0000,96.0000,AG03-UNRESOLVED,ALL5_LEVELS_bet23_to_bet27,6.7128,6.7128,6.7128,8.3909,8.3909,4.000000,4.000000,4.000000,5.000000,5.000000,96.000000,96.000000,96.000000,95.000000,95.000000,5.0,36.9202,33.8198,130.8988,133.9991,PENDING_AG03,FALSE,NOT_FOR_ENFORCEMENT,161.1062,12749.9952,167.8190,161.1062,6.7128,0.01110238,0.01065828,6.7128,161.1062,0.01065828,6.7128,6.7128,6.7128,8.3909,8.3909,161.1062,0.01065828,36.9202,33.8198,130.8988,133.9991,0.00865985,0.00886496,0.00044410,16.9647,15.5700,0.1967,20.9774,0.5708,1889.4488,106.6250,,16.9647,5.2352,10.4704,20.9408,39.2639,52.6635,155.808,7.8528,0.0,5.029755,14.880828,1.620261,29,115,5,6,0E-8,0.01110238,,0E-8,0.000000,0.878645,0.000000,,2026-03-22,2026-04-02,8,294,164,12,0.666667,,,0.000000,,,,,,,,GLOBAL_BASELINE_NO_ENTITY_RANKING,,,NOT_APPLICABLE_GLOBAL_BASELINE,HF9g-P5,,,,X 全窗基线 · 不参与实体赏罚,6870291,688,A168_HF9F_20260827_0900,2026-08-27 09:00:00
2026-03-22,115293628,2178,0,5.2663454196,0E-10,0E-10,0.5000000,2,2,0.49994810000000000,0.499948100000,0.00014679536856514622,0.00014679536856514622,0.00014679536856514622,0E-17,ELIGIBLE,R03b_20260811_FULL_v1,L1_ELIGIBILITY,v2026-08-11,2026-03-21..2026-08-06,baccarat_bet02_101_all_pairs_incl_sentinel,round_win = game_pnl > 0 (decisive only),COMPATIBILITY_ONLY_NOT_PRODUCTION,15115.5905,13281.2450,167.8190,891,853,-0.01110238,,-0.01110238,-0.01110238,-167.8190,15115.5905,OK,0.0000,6.7128,4.0000,96.0000,AG03-UNRESOLVED,ALL5_LEVELS_bet23_to_bet27,6.7128,6.7128,6.7128,8.3909,8.3909,4.000000,4.000000,4.000000,5.000000,5.000000,96.000000,96.000000,96.000000,95.000000,95.000000,5.0,36.9202,33.8198,130.8988,133.9991,PENDING_AG03,FALSE,NOT_FOR_ENFORCEMENT,161.1062,12749.9952,167.8190,161.1062,6.7128,0.01110238,0.01065828,6.7128,161.1062,0.01065828,6.7128,6.7128,6.7128,8.3909,8.3909,161.1062,0.01065828,36.9202,33.8198,130.8988,133.9991,0.00865985,0.00886496,0.00044410,16.9647,15.5700,0.1967,20.9774,0.5708,1889.4488,106.6250,,16.9647,5.2352,10.4704,20.9408,39.2639,52.6635,155.808,7.8528,0.0,5.029755,14.880828,1.620261,29,115,5,6,0E-8,0.01110238,,0E-8,0.000000,0.878645,0.000000,,2026-03-22,2026-04-02,8,294,164,12,0.666667,,,0.000000,,,,,,,,GLOBAL_BASELINE_NO_ENTITY_RANKING,,,NOT_APPLICABLE_GLOBAL_BASELINE,HF9g-P5,,,,X 全窗基线 · 不参与实体赏罚,6870292,688,A168_HF9F_20260827_0900,2026-08-27 09:00:00
2026-03-22,115293628,2188,0,331.7797614346,48.4503778603,48.4503778603,0.6000000,6,5,0.50156999166666414,0.460775630000,0.4401945493718211,0.6245550968309608,0.4401945493718211,0.04079436166666414,ELIGIBLE,R03b_20260811_FULL_v1,L1_ELIGIBILITY,v2026-08-11,2026-03-21..2026-08-06,baccarat_bet02_101_all_pairs_incl_sentinel,round_win = game_pnl > 0 (decisive only),COMPATIBILITY_ONLY_NOT_PRODUCTION,15115.5905,13281.2450,167.8190,891,853,-0.01110238,,-0.01110238,-0.01110238,-167.8190,15115.5905,OK,0.0000,6.7128,4.0000,96.0000,AG03-UNRESOLVED,ALL5_LEVELS_bet23_to_bet27,6.7128,6.7128,6.7128,8.3909,8.3909,4.000000,4.000000,4.000000,5.000000,5.000000,96.000000,96.000000,96.000000,95.000000,95.000000,5.0,36.9202,33.8198,130.8988,133.9991,PENDING_AG03,FALSE,NOT_FOR_ENFORCEMENT,161.1062,12749.9952,167.8190,161.1062,6.7128,0.01110238,0.01065828,6.7128,161.1062,0.01065828,6.7128,6.7128,6.7128,8.3909,8.3909,161.1062,0.01065828,36.9202,33.8198,130.8988,133.9991,0.00865985,0.00886496,0.00044410,16.9647,15.5700,0.1967,20.9774,0.5708,1889.4488,106.6250,,16.9647,5.2352,10.4704,20.9408,39.2639,52.6635,155.808,7.8528,0.0,5.029755,14.880828,1.620261,29,115,5,6,0E-8,0.01110238,,0E-8,0.000000,0.878645,0.000000,,2026-03-22,2026-04-02,8,294,164,12,0.666667,,,0.000000,,,,,,,,GLOBAL_BASELINE_NO_ENTITY_RANKING,,,NOT_APPLICABLE_GLOBAL_BASELINE,HF9g-P5,,,,X 全窗基线 · 不参与实体赏罚,6870293,688,A168_HF9F_20260827_0900,2026-08-27 09:00:00
2026-03-22,115293628,2205,0,56.3498959897,15.5357189878,15.5357189878,0.6000000,6,5,0.50605491333333333,0.505310180000,0.42016600923897673,0.42348963239909426,0.42016600923897673,0.00074473333333333,ELIGIBLE,R03b_20260811_FULL_v1,L1_ELIGIBILITY,v2026-08-11,2026-03-21..2026-08-06,baccarat_bet02_101_all_pairs_incl_sentinel,round_win = game_pnl > 0 (decisive only),COMPATIBILITY_ONLY_NOT_PRODUCTION,15115.5905,13281.2450,167.8190,891,853,-0.01110238,,-0.01110238,-0.01110238,-167.8190,15115.5905,OK,0.0000,6.7128,4.0000,96.0000,AG03-UNRESOLVED,ALL5_LEVELS_bet23_to_bet27,6.7128,6.7128,6.7128,8.3909,8.3909,4.000000,4.000000,4.000000,5.000000,5.000000,96.000000,96.000000,96.000000,95.000000,95.000000,5.0,36.9202,33.8198,130.8988,133.9991,PENDING_AG03,FALSE,NOT_FOR_ENFORCEMENT,161.1062,12749.9952,167.8190,161.1062,6.7128,0.01110238,0.01065828,6.7128,161.1062,0.01065828,6.7128,6.7128,6.7128,8.3909,8.3909,161.1062,0.01065828,36.9202,33.8198,130.8988,133.9991,0.00865985,0.00886496,0.00044410,16.9647,15.5700,0.1967,20.9774,0.5708,1889.4488,106.6250,,16.9647,5.2352,10.4704,20.9408,39.2639,52.6635,155.808,7.8528,0.0,5.029755,14.880828,1.620261,29,115,5,6,0E-8,0.01110238,,0E-8,0.000000,0.878645,0.000000,,2026-03-22,2026-04-02,8,294,164,12,0.666667,,,0.000000,,,,,,,,GLOBAL_BASELINE_NO_ENTITY_RANKING,,,NOT_APPLICABLE_GLOBAL_BASELINE,HF9g-P5,,,,X 全窗基线 · 不参与实体赏罚,6870294,688,A168_HF9F_20260827_0900,2026-08-27 09:00:00
2026-03-22,115293628,2212,0,159.3069489429,-30.9397793402,-30.9397793402,0.4444444,10,9,0.50601235714285714,0.505905966667,-0.36943418609387985,-0.3687948616885474,-0.36943418609387985,0.00010639047585714,ELIGIBLE,R03b_20260811_FULL_v1,L1_ELIGIBILITY,v2026-08-11,2026-03-21..2026-08-06,baccarat_bet02_101_all_pairs_incl_sentinel,round_win = game_pnl > 0 (decisive only),COMPATIBILITY_ONLY_NOT_PRODUCTION,15115.5905,13281.2450,167.8190,891,853,-0.01110238,,-0.01110238,-0.01110238,-167.8190,15115.5905,OK,0.0000,6.7128,4.0000,96.0000,AG03-UNRESOLVED,ALL5_LEVELS_bet23_to_bet27,6.7128,6.7128,6.7128,8.3909,8.3909,4.000000,4.000000,4.000000,5.000000,5.000000,96.000000,96.000000,96.000000,95.000000,95.000000,5.0,36.9202,33.8198,130.8988,133.9991,PENDING_AG03,FALSE,NOT_FOR_ENFORCEMENT,161.1062,12749.9952,167.8190,161.1062,6.7128,0.01110238,0.01065828,6.7128,161.1062,0.01065828,6.7128,6.7128,6.7128,8.3909,8.3909,161.1062,0.01065828,36.9202,33.8198,130.8988,133.9991,0.00865985,0.00886496,0.00044410,16.9647,15.5700,0.1967,20.9774,0.5708,1889.4488,106.6250,,16.9647,5.2352,10.4704,20.9408,39.2639,52.6635,155.808,7.8528,0.0,5.029755,14.880828,1.620261,29,115,5,6,0E-8,0.01110238,,0E-8,0.000000,0.878645,0.000000,,2026-03-22,2026-04-02,8,294,164,12,0.666667,,,0.000000,,,,,,,,GLOBAL_BASELINE_NO_ENTITY_RANKING,,,NOT_APPLICABLE_GLOBAL_BASELINE,HF9g-P5,,,,X 全窗基线 · 不参与实体赏罚,6870295,688,A168_HF9F_20260827_0900,2026-08-27 09:00:00
2026-03-22,115293628,2218,0,660.3997156174,28.7015825368,28.7015825368,0.3333333,12,12,0.49659680000000000,0.496596800000,-0.9796034913479353,-0.9796034913479353,-0.9796034913479353,0E-17,ELIGIBLE,R03b_20260811_FULL_v1,L1_ELIGIBILITY,v2026-08-11,2026-03-21..2026-08-06,baccarat_bet02_101_all_pairs_incl_sentinel,round_win = game_pnl > 0 (decisive only),COMPATIBILITY_ONLY_NOT_PRODUCTION,15115.5905,13281.2450,167.8190,891,853,-0.01110238,,-0.01110238,-0.01110238,-167.8190,15115.5905,OK,0.0000,6.7128,4.0000,96.0000,AG03-UNRESOLVED,ALL5_LEVELS_bet23_to_bet27,6.7128,6.7128,6.7128,8.3909,8.3909,4.000000,4.000000,4.000000,5.000000,5.000000,96.000000,96.000000,96.000000,95.000000,95.000000,5.0,36.9202,33.8198,130.8988,133.9991,PENDING_AG03,FALSE,NOT_FOR_ENFORCEMENT,161.1062,12749.9952,167.8190,161.1062,6.7128,0.01110238,0.01065828,6.7128,161.1062,0.01065828,6.7128,6.7128,6.7128,8.3909,8.3909,161.1062,0.01065828,36.9202,33.8198,130.8988,133.9991,0.00865985,0.00886496,0.00044410,16.9647,15.5700,0.1967,20.9774,0.5708,1889.4488,106.6250,,16.9647,5.2352,10.4704,20.9408,39.2639,52.6635,155.808,7.8528,0.0,5.029755,14.880828,1.620261,29,115,5,6,0E-8,0.01110238,,0E-8,0.000000,0.878645,0.000000,,2026-03-22,2026-04-02,8,294,164,12,0.666667,,,0.000000,,,,,,,,GLOBAL_BASELINE_NO_ENTITY_RANKING,,,NOT_APPLICABLE_GLOBAL_BASELINE,HF9g-P5,,,,X 全窗基线 · 不参与实体赏罚,6870296,688,A168_HF9F_20260827_0900,2026-08-27 09:00:00
2026-03-22,115293628,2220,0,165.8898807173,42.2624219921,42.2624219921,0.5714286,9,8,0.50441650000000000,0.504137225000,0.35460838555648344,0.3560845262167135,0.35460838555648344,0.00027927500000000,ELIGIBLE,R03b_20260811_FULL_v1,L1_ELIGIBILITY,v2026-08-11,2026-03-21..2026-08-06,baccarat_bet02_101_all_pairs_incl_sentinel,round_win = game_pnl > 0 (decisive only),COMPATIBILITY_ONLY_NOT_PRODUCTION,15115.5905,13281.2450,167.8190,891,853,-0.01110238,,-0.01110238,-0.01110238,-167.8190,15115.5905,OK,0.0000,6.7128,4.0000,96.0000,AG03-UNRESOLVED,ALL5_LEVELS_bet23_to_bet27,6.7128,6.7128,6.7128,8.3909,8.3909,4.000000,4.000000,4.000000,5.000000,5.000000,96.000000,96.000000,96.000000,95.000000,95.000000,5.0,36.9202,33.8198,130.8988,133.9991,PENDING_AG03,FALSE,NOT_FOR_ENFORCEMENT,161.1062,12749.9952,167.8190,161.1062,6.7128,0.01110238,0.01065828,6.7128,161.1062,0.01065828,6.7128,6.7128,6.7128,8.3909,8.3909,161.1062,0.01065828,36.9202,33.8198,130.8988,133.9991,0.00865985,0.00886496,0.00044410,16.9647,15.5700,0.1967,20.9774,0.5708,1889.4488,106.6250,,16.9647,5.2352,10.4704,20.9408,39.2639,52.6635,155.808,7.8528,0.0,5.029755,14.880828,1.620261,29,115,5,6,0E-8,0.01110238,,0E-8,0.000000,0.878645,0.000000,,2026-03-22,2026-04-02,8,294,164,12,0.666667,,,0.000000,,,,,,,,GLOBAL_BASELINE_NO_ENTITY_RANKING,,,NOT_APPLICABLE_GLOBAL_BASELINE,HF9g-P5,,,,X 全窗基线 · 不参与实体赏罚,6870297,688,A168_HF9F_20260827_0900,2026-08-27 09:00:00
2026-03-22,115293628,2233,0,77.6785949391,33.0463175079,33.0463175079,0.8000000,5,5,0.50396966000000000,0.503969660000,1.3239296534401845,1.3239296534401845,1.3239296534401845,0E-17,ELIGIBLE,R03b_20260811_FULL_v1,L1_ELIGIBILITY,v2026-08-11,2026-03-21..2026-08-06,baccarat_bet02_101_all_pairs_incl_sentinel,round_win = game_pnl > 0 (decisive only),COMPATIBILITY_ONLY_NOT_PRODUCTION,15115.5905,13281.2450,167.8190,891,853,-0.01110238,,-0.01110238,-0.01110238,-167.8190,15115.5905,OK,0.0000,6.7128,4.0000,96.0000,AG03-UNRESOLVED,ALL5_LEVELS_bet23_to_bet27,6.7128,6.7128,6.7128,8.3909,8.3909,4.000000,4.000000,4.000000,5.000000,5.000000,96.000000,96.000000,96.000000,95.000000,95.000000,5.0,36.9202,33.8198,130.8988,133.9991,PENDING_AG03,FALSE,NOT_FOR_ENFORCEMENT,161.1062,12749.9952,167.8190,161.1062,6.7128,0.01110238,0.01065828,6.7128,161.1062,0.01065828,6.7128,6.7128,6.7128,8.3909,8.3909,161.1062,0.01065828,36.9202,33.8198,130.8988,133.9991,0.00865985,0.00886496,0.00044410,16.9647,15.5700,0.1967,20.9774,0.5708,1889.4488,106.6250,,16.9647,5.2352,10.4704,20.9408,39.2639,52.6635,155.808,7.8528,0.0,5.029755,14.880828,1.620261,29,115,5,6,0E-8,0.01110238,,0E-8,0.000000,0.878645,0.000000,,2026-03-22,2026-04-02,8,294,164,12,0.666667,,,0.000000,,,,,,,,GLOBAL_BASELINE_NO_ENTITY_RANKING,,,NOT_APPLICABLE_GLOBAL_BASELINE,HF9g-P5,,,,X 全窗基线 · 不参与实体赏罚,6870298,688,A168_HF9F_20260827_0900,2026-08-27 09:00:00
2026-03-22,115293628,2248,0,7.8995181294,2.6331727098,2.6331727098,1.0000000,2,1,0.49771390000000000,0.499948100000,1.0045827004620043,1.0001038053877793,1.0045827004620043,-0.00223420000000000,ELIGIBLE,R03b_20260811_FULL_v1,L1_ELIGIBILITY,v2026-08-11,2026-03-21..2026-08-06,baccarat_bet02_101_all_pairs_incl_sentinel,round_win = game_pnl > 0 (decisive only),COMPATIBILITY_ONLY_NOT_PRODUCTION,15115.5905,13281.2450,167.8190,891,853,-0.01110238,,-0.01110238,-0.01110238,-167.8190,15115.5905,OK,0.0000,6.7128,4.0000,96.0000,AG03-UNRESOLVED,ALL5_LEVELS_bet23_to_bet27,6.7128,6.7128,6.7128,8.3909,8.3909,4.000000,4.000000,4.000000,5.000000,5.000000,96.000000,96.000000,96.000000,95.000000,95.000000,5.0,36.9202,33.8198,130.8988,133.9991,PENDING_AG03,FALSE,NOT_FOR_ENFORCEMENT,161.1062,12749.9952,167.8190,161.1062,6.7128,0.01110238,0.01065828,6.7128,161.1062,0.01065828,6.7128,6.7128,6.7128,8.3909,8.3909,161.1062,0.01065828,36.9202,33.8198,130.8988,133.9991,0.00865985,0.00886496,0.00044410,16.9647,15.5700,0.1967,20.9774,0.5708,1889.4488,106.6250,,16.9647,5.2352,10.4704,20.9408,39.2639,52.6635,155.808,7.8528,0.0,5.029755,14.880828,1.620261,29,115,5,6,0E-8,0.01110238,,0E-8,0.000000,0.878645,0.000000,,2026-03-22,2026-04-02,8,294,164,12,0.666667,,,0.000000,,,,,,,,GLOBAL_BASELINE_NO_ENTITY_RANKING,,,NOT_APPLICABLE_GLOBAL_BASELINE,HF9g-P5,,,,X 全窗基线 · 不参与实体赏罚,6870299,688,A168_HF9F_20260827_0900,2026-08-27 09:00:00
2026-03-22,115293628,526,0,5.2663454196,5.2663454196,5.2663454196,1.0000000,1,1,0.49324550000000000,0.493245500000,1.01360149184955,1.01360149184955,1.01360149184955,0E-17,ELIGIBLE,R03b_20260811_FULL_v1,L1_ELIGIBILITY,v2026-08-11,2026-03-21..2026-08-06,baccarat_bet02_101_all_pairs_incl_sentinel,round_win = game_pnl > 0 (decisive only),COMPATIBILITY_ONLY_NOT_PRODUCTION,15115.5905,13281.2450,167.8190,891,853,-0.01110238,,-0.01110238,-0.01110238,-167.8190,15115.5905,OK,0.0000,6.7128,4.0000,96.0000,AG03-UNRESOLVED,ALL5_LEVELS_bet23_to_bet27,6.7128,6.7128,6.7128,8.3909,8.3909,4.000000,4.000000,4.000000,5.000000,5.000000,96.000000,96.000000,96.000000,95.000000,95.000000,5.0,36.9202,33.8198,130.8988,133.9991,PENDING_AG03,FALSE,NOT_FOR_ENFORCEMENT,161.1062,12749.9952,167.8190,161.1062,6.7128,0.01110238,0.01065828,6.7128,161.1062,0.01065828,6.7128,6.7128,6.7128,8.3909,8.3909,161.1062,0.01065828,36.9202,33.8198,130.8988,133.9991,0.00865985,0.00886496,0.00044410,16.9647,15.5700,0.1967,20.9774,0.5708,1889.4488,106.6250,,16.9647,5.2352,10.4704,20.9408,39.2639,52.6635,155.808,7.8528,0.0,5.029755,14.880828,1.620261,29,115,5,6,0E-8,0.01110238,,0E-8,0.000000,0.878645,0.000000,,2026-03-22,2026-04-02,8,294,164,12,0.666667,,,0.000000,,,,,,,,GLOBAL_BASELINE_NO_ENTITY_RANKING,,,NOT_APPLICABLE_GLOBAL_BASELINE,HF9g-P5,,,,X 全窗基线 · 不参与实体赏罚,6870300,688,A168_HF9F_20260827_0900,2026-08-27 09:00:00
2026-03-22,115293628,550,0,18.4322089686,7.3728835874,7.3728835874,0.6666667,3,3,0.50218230000000000,0.502182300000,0.5697959874915163,0.5697959874915164,0.5697959874915163,0E-17,ELIGIBLE,R03b_20260811_FULL_v1,L1_ELIGIBILITY,v2026-08-11,2026-03-21..2026-08-06,baccarat_bet02_101_all_pairs_incl_sentinel,round_win = game_pnl > 0 (decisive only),COMPATIBILITY_ONLY_NOT_PRODUCTION,15115.5905,13281.2450,167.8190,891,853,-0.01110238,,-0.01110238,-0.01110238,-167.8190,15115.5905,OK,0.0000,6.7128,4.0000,96.0000,AG03-UNRESOLVED,ALL5_LEVELS_bet23_to_bet27,6.7128,6.7128,6.7128,8.3909,8.3909,4.000000,4.000000,4.000000,5.000000,5.000000,96.000000,96.000000,96.000000,95.000000,95.000000,5.0,36.9202,33.8198,130.8988,133.9991,PENDING_AG03,FALSE,NOT_FOR_ENFORCEMENT,161.1062,12749.9952,167.8190,161.1062,6.7128,0.01110238,0.01065828,6.7128,161.1062,0.01065828,6.7128,6.7128,6.7128,8.3909,8.3909,161.1062,0.01065828,36.9202,33.8198,130.8988,133.9991,0.00865985,0.00886496,0.00044410,16.9647,15.5700,0.1967,20.9774,0.5708,1889.4488,106.6250,,16.9647,5.2352,10.4704,20.9408,39.2639,52.6635,155.808,7.8528,0.0,5.029755,14.880828,1.620261,29,115,5,6,0E-8,0.01110238,,0E-8,0.000000,0.878645,0.000000,,2026-03-22,2026-04-02,8,294,164,12,0.666667,,,0.000000,,,,,,,,GLOBAL_BASELINE_NO_ENTITY_RANKING,,,NOT_APPLICABLE_GLOBAL_BASELINE,HF9g-P5,,,,X 全窗基线 · 不参与实体赏罚,6870301,688,A168_HF9F_20260827_0900,2026-08-27 09:00:00
2026-03-22,115293628,919,0,158.5169971299,65.4343418383,65.4343418383,0.8181818,11,11,0.50177608181818182,0.501776081818,2.0988114593717535,2.0988114593729565,2.0988114593717535,1.8182E-13,ELIGIBLE,R03b_20260811_FULL_v1,L1_ELIGIBILITY,v2026-08-11,2026-03-21..2026-08-06,baccarat_bet02_101_all_pairs_incl_sentinel,round_win = game_pnl > 0 (decisive only),COMPATIBILITY_ONLY_NOT_PRODUCTION,15115.5905,13281.2450,167.8190,891,853,-0.01110238,,-0.01110238,-0.01110238,-167.8190,15115.5905,OK,0.0000,6.7128,4.0000,96.0000,AG03-UNRESOLVED,ALL5_LEVELS_bet23_to_bet27,6.7128,6.7128,6.7128,8.3909,8.3909,4.000000,4.000000,4.000000,5.000000,5.000000,96.000000,96.000000,96.000000,95.000000,95.000000,5.0,36.9202,33.8198,130.8988,133.9991,PENDING_AG03,FALSE,NOT_FOR_ENFORCEMENT,161.1062,12749.9952,167.8190,161.1062,6.7128,0.01110238,0.01065828,6.7128,161.1062,0.01065828,6.7128,6.7128,6.7128,8.3909,8.3909,161.1062,0.01065828,36.9202,33.8198,130.8988,133.9991,0.00865985,0.00886496,0.00044410,16.9647,15.5700,0.1967,20.9774,0.5708,1889.4488,106.6250,,16.9647,5.2352,10.4704,20.9408,39.2639,52.6635,155.808,7.8528,0.0,5.029755,14.880828,1.620261,29,115,5,6,0E-8,0.01110238,,0E-8,0.000000,0.878645,0.000000,,2026-03-22,2026-04-02,8,294,164,12,0.666667,,,0.000000,,,,,,,,GLOBAL_BASELINE_NO_ENTITY_RANKING,,,NOT_APPLICABLE_GLOBAL_BASELINE,HF9g-P5,,,,X 全窗基线 · 不参与实体赏罚,6870302,688,A168_HF9F_20260827_0900,2026-08-27 09:00:00
2026-03-24,115293628,-1,1,399.9789346185,-33.7046106856,-33.7046106856,0.3809524,22,21,0.48949909285714286,0.489499092857,-0.9950665217698841,-0.9950665217685805,-0.9950665217698841,1.4286E-13,SENTINEL_DEALER,R03b_20260811_FULL_v1,L1_ELIGIBILITY,v2026-08-11,2026-03-21..2026-08-06,baccarat_bet02_101_all_pairs_incl_sentinel,round_win = game_pnl > 0 (decisive only),COMPATIBILITY_ONLY_NOT_PRODUCTION,15115.5905,13281.2450,167.8190,891,853,-0.01110238,,-0.01110238,-0.01110238,-167.8190,15115.5905,OK,0.0000,6.7128,4.0000,96.0000,AG03-UNRESOLVED,ALL5_LEVELS_bet23_to_bet27,6.7128,6.7128,6.7128,8.3909,8.3909,4.000000,4.000000,4.000000,5.000000,5.000000,96.000000,96.000000,96.000000,95.000000,95.000000,5.0,36.9202,33.8198,130.8988,133.9991,PENDING_AG03,FALSE,NOT_FOR_ENFORCEMENT,161.1062,12749.9952,167.8190,161.1062,6.7128,0.01110238,0.01065828,6.7128,161.1062,0.01065828,6.7128,6.7128,6.7128,8.3909,8.3909,161.1062,0.01065828,36.9202,33.8198,130.8988,133.9991,0.00865985,0.00886496,0.00044410,16.9647,15.5700,0.1967,20.9774,0.5708,1889.4488,106.6250,,16.9647,5.2352,10.4704,20.9408,39.2639,52.6635,155.808,7.8528,0.0,5.029755,14.880828,1.620261,29,115,5,6,0E-8,0.01110238,,0E-8,0.000000,0.878645,0.000000,,2026-03-22,2026-04-02,8,294,164,12,0.666667,,,0.000000,,,,,,,,GLOBAL_BASELINE_NO_ENTITY_RANKING,,,NOT_APPLICABLE_GLOBAL_BASELINE,HF9g-P5,,,,X 全窗基线 · 不参与实体赏罚,6870303,688,A168_HF9F_20260827_0900,2026-08-27 09:00:00
2026-03-24,115293628,1385,0,5.2663454196,-5.2663454196,-5.2663454196,0E-7,1,1,0.50665070000000000,0.506650700000,-1.013391052207602,-1.013391052207602,-1.013391052207602,0E-17,ELIGIBLE,R03b_20260811_FULL_v1,L1_ELIGIBILITY,v2026-08-11,2026-03-21..2026-08-06,baccarat_bet02_101_all_pairs_incl_sentinel,round_win = game_pnl > 0 (decisive only),COMPATIBILITY_ONLY_NOT_PRODUCTION,15115.5905,13281.2450,167.8190,891,853,-0.01110238,,-0.01110238,-0.01110238,-167.8190,15115.5905,OK,0.0000,6.7128,4.0000,96.0000,AG03-UNRESOLVED,ALL5_LEVELS_bet23_to_bet27,6.7128,6.7128,6.7128,8.3909,8.3909,4.000000,4.000000,4.000000,5.000000,5.000000,96.000000,96.000000,96.000000,95.000000,95.000000,5.0,36.9202,33.8198,130.8988,133.9991,PENDING_AG03,FALSE,NOT_FOR_ENFORCEMENT,161.1062,12749.9952,167.8190,161.1062,6.7128,0.01110238,0.01065828,6.7128,161.1062,0.01065828,6.7128,6.7128,6.7128,8.3909,8.3909,161.1062,0.01065828,36.9202,33.8198,130.8988,133.9991,0.00865985,0.00886496,0.00044410,16.9647,15.5700,0.1967,20.9774,0.5708,1889.4488,106.6250,,16.9647,5.2352,10.4704,20.9408,39.2639,52.6635,155.808,7.8528,0.0,5.029755,14.880828,1.620261,29,115,5,6,0E-8,0.01110238,,0E-8,0.000000,0.878645,0.000000,,2026-03-22,2026-04-02,8,294,164,12,0.666667,,,0.000000,,,,,,,,GLOBAL_BASELINE_NO_ENTITY_RANKING,,,NOT_APPLICABLE_GLOBAL_BASELINE,HF9g-P5,,,,X 全窗基线 · 不参与实体赏罚,6870304,688,A168_HF9F_20260827_0900,2026-08-27 09:00:00
2026-03-24,115293628,1957,0,313.3475524660,46.7388155989,46.7388155989,0.3333333,5,3,0.50577297857142787,0.502182300000,-0.5973882735646193,-0.5849155494134426,-0.5973882735646193,0.00359067857142787,ELIGIBLE,R03b_20260811_FULL_v1,L1_ELIGIBILITY,v2026-08-11,2026-03-21..2026-08-06,baccarat_bet02_101_all_pairs_incl_sentinel,round_win = game_pnl > 0 (decisive only),COMPATIBILITY_ONLY_NOT_PRODUCTION,15115.5905,13281.2450,167.8190,891,853,-0.01110238,,-0.01110238,-0.01110238,-167.8190,15115.5905,OK,0.0000,6.7128,4.0000,96.0000,AG03-UNRESOLVED,ALL5_LEVELS_bet23_to_bet27,6.7128,6.7128,6.7128,8.3909,8.3909,4.000000,4.000000,4.000000,5.000000,5.000000,96.000000,96.000000,96.000000,95.000000,95.000000,5.0,36.9202,33.8198,130.8988,133.9991,PENDING_AG03,FALSE,NOT_FOR_ENFORCEMENT,161.1062,12749.9952,167.8190,161.1062,6.7128,0.01110238,0.01065828,6.7128,161.1062,0.01065828,6.7128,6.7128,6.7128,8.3909,8.3909,161.1062,0.01065828,36.9202,33.8198,130.8988,133.9991,0.00865985,0.00886496,0.00044410,16.9647,15.5700,0.1967,20.9774,0.5708,1889.4488,106.6250,,16.9647,5.2352,10.4704,20.9408,39.2639,52.6635,155.808,7.8528,0.0,5.029755,14.880828,1.620261,29,115,5,6,0E-8,0.01110238,,0E-8,0.000000,0.878645,0.000000,,2026-03-22,2026-04-02,8,294,164,12,0.666667,,,0.000000,,,,,,,,GLOBAL_BASELINE_NO_ENTITY_RANKING,,,NOT_APPLICABLE_GLOBAL_BASELINE,HF9g-P5,,,,X 全窗基线 · 不参与实体赏罚,6870305,688,A168_HF9F_20260827_0900,2026-08-27 09:00:00
2026-03-24,115293628,1991,0,2.6331727098,2.6331727098,2.6331727098,1.0000000,1,1,0.49324550000000000,0.493245500000,1.01360149184955,1.01360149184955,1.01360149184955,0E-17,ELIGIBLE,R03b_20260811_FULL_v1,L1_ELIGIBILITY,v2026-08-11,2026-03-21..2026-08-06,baccarat_bet02_101_all_pairs_incl_sentinel,round_win = game_pnl > 0 (decisive only),COMPATIBILITY_ONLY_NOT_PRODUCTION,15115.5905,13281.2450,167.8190,891,853,-0.01110238,,-0.01110238,-0.01110238,-167.8190,15115.5905,OK,0.0000,6.7128,4.0000,96.0000,AG03-UNRESOLVED,ALL5_LEVELS_bet23_to_bet27,6.7128,6.7128,6.7128,8.3909,8.3909,4.000000,4.000000,4.000000,5.000000,5.000000,96.000000,96.000000,96.000000,95.000000,95.000000,5.0,36.9202,33.8198,130.8988,133.9991,PENDING_AG03,FALSE,NOT_FOR_ENFORCEMENT,161.1062,12749.9952,167.8190,161.1062,6.7128,0.01110238,0.01065828,6.7128,161.1062,0.01065828,6.7128,6.7128,6.7128,8.3909,8.3909,161.1062,0.01065828,36.9202,33.8198,130.8988,133.9991,0.00865985,0.00886496,0.00044410,16.9647,15.5700,0.1967,20.9774,0.5708,1889.4488,106.6250,,16.9647,5.2352,10.4704,20.9408,39.2639,52.6635,155.808,7.8528,0.0,5.029755,14.880828,1.620261,29,115,5,6,0E-8,0.01110238,,0E-8,0.000000,0.878645,0.000000,,2026-03-22,2026-04-02,8,294,164,12,0.666667,,,0.000000,,,,,,,,GLOBAL_BASELINE_NO_ENTITY_RANKING,,,NOT_APPLICABLE_GLOBAL_BASELINE,HF9g-P5,,,,X 全窗基线 · 不参与实体赏罚,6870306,688,A168_HF9F_20260827_0900,2026-08-27 09:00:00
2026-03-24,115293628,2127,0,18.4322089686,17.5105985202,17.5105985202,1.0000000,1,1,0.50665070000000000,0.506650700000,0.9867858985152569,0.9867858985152569,0.9867858985152569,0E-17,ELIGIBLE,R03b_20260811_FULL_v1,L1_ELIGIBILITY,v2026-08-11,2026-03-21..2026-08-06,baccarat_bet02_101_all_pairs_incl_sentinel,round_win = game_pnl > 0 (decisive only),COMPATIBILITY_ONLY_NOT_PRODUCTION,15115.5905,13281.2450,167.8190,891,853,-0.01110238,,-0.01110238,-0.01110238,-167.8190,15115.5905,OK,0.0000,6.7128,4.0000,96.0000,AG03-UNRESOLVED,ALL5_LEVELS_bet23_to_bet27,6.7128,6.7128,6.7128,8.3909,8.3909,4.000000,4.000000,4.000000,5.000000,5.000000,96.000000,96.000000,96.000000,95.000000,95.000000,5.0,36.9202,33.8198,130.8988,133.9991,PENDING_AG03,FALSE,NOT_FOR_ENFORCEMENT,161.1062,12749.9952,167.8190,161.1062,6.7128,0.01110238,0.01065828,6.7128,161.1062,0.01065828,6.7128,6.7128,6.7128,8.3909,8.3909,161.1062,0.01065828,36.9202,33.8198,130.8988,133.9991,0.00865985,0.00886496,0.00044410,16.9647,15.5700,0.1967,20.9774,0.5708,1889.4488,106.6250,,16.9647,5.2352,10.4704,20.9408,39.2639,52.6635,155.808,7.8528,0.0,5.029755,14.880828,1.620261,29,115,5,6,0E-8,0.01110238,,0E-8,0.000000,0.878645,0.000000,,2026-03-22,2026-04-02,8,294,164,12,0.666667,,,0.000000,,,,,,,,GLOBAL_BASELINE_NO_ENTITY_RANKING,,,NOT_APPLICABLE_GLOBAL_BASELINE,HF9g-P5,,,,X 全窗基线 · 不参与实体赏罚,6870307,688,A168_HF9F_20260827_0900,2026-08-27 09:00:00
2026-03-24,115293628,2218,0,5.2663454196,5.0030281486,5.0030281486,1.0000000,1,1,0.50665070000000000,0.506650700000,0.9867858985152569,0.9867858985152569,0.9867858985152569,0E-17,ELIGIBLE,R03b_20260811_FULL_v1,L1_ELIGIBILITY,v2026-08-11,2026-03-21..2026-08-06,baccarat_bet02_101_all_pairs_incl_sentinel,round_win = game_pnl > 0 (decisive only),COMPATIBILITY_ONLY_NOT_PRODUCTION,15115.5905,13281.2450,167.8190,891,853,-0.01110238,,-0.01110238,-0.01110238,-167.8190,15115.5905,OK,0.0000,6.7128,4.0000,96.0000,AG03-UNRESOLVED,ALL5_LEVELS_bet23_to_bet27,6.7128,6.7128,6.7128,8.3909,8.3909,4.000000,4.000000,4.000000,5.000000,5.000000,96.000000,96.000000,96.000000,95.000000,95.000000,5.0,36.9202,33.8198,130.8988,133.9991,PENDING_AG03,FALSE,NOT_FOR_ENFORCEMENT,161.1062,12749.9952,167.8190,161.1062,6.7128,0.01110238,0.01065828,6.7128,161.1062,0.01065828,6.7128,6.7128,6.7128,8.3909,8.3909,161.1062,0.01065828,36.9202,33.8198,130.8988,133.9991,0.00865985,0.00886496,0.00044410,16.9647,15.5700,0.1967,20.9774,0.5708,1889.4488,106.6250,,16.9647,5.2352,10.4704,20.9408,39.2639,52.6635,155.808,7.8528,0.0,5.029755,14.880828,1.620261,29,115,5,6,0E-8,0.01110238,,0E-8,0.000000,0.878645,0.000000,,2026-03-22,2026-04-02,8,294,164,12,0.666667,,,0.000000,,,,,,,,GLOBAL_BASELINE_NO_ENTITY_RANKING,,,NOT_APPLICABLE_GLOBAL_BASELINE,HF9g-P5,,,,X 全窗基线 · 不参与实体赏罚,6870308,688,A168_HF9F_20260827_0900,2026-08-27 09:00:00
2026-03-24,115293628,2248,0,63.1961450352,21.0653816784,21.0653816784,0.5000000,2,2,0.49324550000000000,0.493245500000,0.01910635448239258,0.01910635448239258,0.01910635448239258,0E-17,ELIGIBLE,R03b_20260811_FULL_v1,L1_ELIGIBILITY,v2026-08-11,2026-03-21..2026-08-06,baccarat_bet02_101_all_pairs_incl_sentinel,round_win = game_pnl > 0 (decisive only),COMPATIBILITY_ONLY_NOT_PRODUCTION,15115.5905,13281.2450,167.8190,891,853,-0.01110238,,-0.01110238,-0.01110238,-167.8190,15115.5905,OK,0.0000,6.7128,4.0000,96.0000,AG03-UNRESOLVED,ALL5_LEVELS_bet23_to_bet27,6.7128,6.7128,6.7128,8.3909,8.3909,4.000000,4.000000,4.000000,5.000000,5.000000,96.000000,96.000000,96.000000,95.000000,95.000000,5.0,36.9202,33.8198,130.8988,133.9991,PENDING_AG03,FALSE,NOT_FOR_ENFORCEMENT,161.1062,12749.9952,167.8190,161.1062,6.7128,0.01110238,0.01065828,6.7128,161.1062,0.01065828,6.7128,6.7128,6.7128,8.3909,8.3909,161.1062,0.01065828,36.9202,33.8198,130.8988,133.9991,0.00865985,0.00886496,0.00044410,16.9647,15.5700,0.1967,20.9774,0.5708,1889.4488,106.6250,,16.9647,5.2352,10.4704,20.9408,39.2639,52.6635,155.808,7.8528,0.0,5.029755,14.880828,1.620261,29,115,5,6,0E-8,0.01110238,,0E-8,0.000000,0.878645,0.000000,,2026-03-22,2026-04-02,8,294,164,12,0.666667,,,0.000000,,,,,,,,GLOBAL_BASELINE_NO_ENTITY_RANKING,,,NOT_APPLICABLE_GLOBAL_BASELINE,HF9g-P5,,,,X 全窗基线 · 不参与实体赏罚,6870309,688,A168_HF9F_20260827_0900,2026-08-27 09:00:00
2026-03-24,115293628,2252,0,18.4322089686,18.1688916976,18.1688916976,1.0000000,2,2,0.49994810000000000,0.499948100000,1.4143603653603398,1.4143603653603398,1.4143603653603398,0E-17,ELIGIBLE,R03b_20260811_FULL_v1,L1_ELIGIBILITY,v2026-08-11,2026-03-21..2026-08-06,baccarat_bet02_101_all_pairs_incl_sentinel,round_win = game_pnl > 0 (decisive only),COMPATIBILITY_ONLY_NOT_PRODUCTION,15115.5905,13281.2450,167.8190,891,853,-0.01110238,,-0.01110238,-0.01110238,-167.8190,15115.5905,OK,0.0000,6.7128,4.0000,96.0000,AG03-UNRESOLVED,ALL5_LEVELS_bet23_to_bet27,6.7128,6.7128,6.7128,8.3909,8.3909,4.000000,4.000000,4.000000,5.000000,5.000000,96.000000,96.000000,96.000000,95.000000,95.000000,5.0,36.9202,33.8198,130.8988,133.9991,PENDING_AG03,FALSE,NOT_FOR_ENFORCEMENT,161.1062,12749.9952,167.8190,161.1062,6.7128,0.01110238,0.01065828,6.7128,161.1062,0.01065828,6.7128,6.7128,6.7128,8.3909,8.3909,161.1062,0.01065828,36.9202,33.8198,130.8988,133.9991,0.00865985,0.00886496,0.00044410,16.9647,15.5700,0.1967,20.9774,0.5708,1889.4488,106.6250,,16.9647,5.2352,10.4704,20.9408,39.2639,52.6635,155.808,7.8528,0.0,5.029755,14.880828,1.620261,29,115,5,6,0E-8,0.01110238,,0E-8,0.000000,0.878645,0.000000,,2026-03-22,2026-04-02,8,294,164,12,0.666667,,,0.000000,,,,,,,,GLOBAL_BASELINE_NO_ENTITY_RANKING,,,NOT_APPLICABLE_GLOBAL_BASELINE,HF9g-P5,,,,X 全窗基线 · 不参与实体赏罚,6870310,688,A168_HF9F_20260827_0900,2026-08-27 09:00:00
2026-03-27,115293628,-1,1,291.7555362458,54.8358216814,54.8358216814,0.4761905,22,22,0.49933877272727273,0.499338772727,-0.2121578276983196,-0.21215782769582012,-0.2121578276983196,2.7273E-13,SENTINEL_DEALER,R03b_20260811_FULL_v1,L1_ELIGIBILITY,v2026-08-11,2026-03-21..2026-08-06,baccarat_bet02_101_all_pairs_incl_sentinel,round_win = game_pnl > 0 (decisive only),COMPATIBILITY_ONLY_NOT_PRODUCTION,15115.5905,13281.2450,167.8190,891,853,-0.01110238,,-0.01110238,-0.01110238,-167.8190,15115.5905,OK,0.0000,6.7128,4.0000,96.0000,AG03-UNRESOLVED,ALL5_LEVELS_bet23_to_bet27,6.7128,6.7128,6.7128,8.3909,8.3909,4.000000,4.000000,4.000000,5.000000,5.000000,96.000000,96.000000,96.000000,95.000000,95.000000,5.0,36.9202,33.8198,130.8988,133.9991,PENDING_AG03,FALSE,NOT_FOR_ENFORCEMENT,161.1062,12749.9952,167.8190,161.1062,6.7128,0.01110238,0.01065828,6.7128,161.1062,0.01065828,6.7128,6.7128,6.7128,8.3909,8.3909,161.1062,0.01065828,36.9202,33.8198,130.8988,133.9991,0.00865985,0.00886496,0.00044410,16.9647,15.5700,0.1967,20.9774,0.5708,1889.4488,106.6250,,16.9647,5.2352,10.4704,20.9408,39.2639,52.6635,155.808,7.8528,0.0,5.029755,14.880828,1.620261,29,115,5,6,0E-8,0.01110238,,0E-8,0.000000,0.878645,0.000000,,2026-03-22,2026-04-02,8,294,164,12,0.666667,,,0.000000,,,,,,,,GLOBAL_BASELINE_NO_ENTITY_RANKING,,,NOT_APPLICABLE_GLOBAL_BASELINE,HF9g-P5,,,,X 全窗基线 · 不参与实体赏罚,6870311,688,A168_HF9F_20260827_0900,2026-08-27 09:00:00
2026-03-27,115293628,1017,0,47.3971087764,-16.4573294363,-16.4573294363,0E-7,4,2,0.49994810000000000,0.499948100000,-1.4140667746232096,-1.4140667746232096,-1.4140667746232096,0E-17,ELIGIBLE,R03b_20260811_FULL_v1,L1_ELIGIBILITY,v2026-08-11,2026-03-21..2026-08-06,baccarat_bet02_101_all_pairs_incl_sentinel,round_win = game_pnl > 0 (decisive only),COMPATIBILITY_ONLY_NOT_PRODUCTION,15115.5905,13281.2450,167.8190,891,853,-0.01110238,,-0.01110238,-0.01110238,-167.8190,15115.5905,OK,0.0000,6.7128,4.0000,96.0000,AG03-UNRESOLVED,ALL5_LEVELS_bet23_to_bet27,6.7128,6.7128,6.7128,8.3909,8.3909,4.000000,4.000000,4.000000,5.000000,5.000000,96.000000,96.000000,96.000000,95.000000,95.000000,5.0,36.9202,33.8198,130.8988,133.9991,PENDING_AG03,FALSE,NOT_FOR_ENFORCEMENT,161.1062,12749.9952,167.8190,161.1062,6.7128,0.01110238,0.01065828,6.7128,161.1062,0.01065828,6.7128,6.7128,6.7128,8.3909,8.3909,161.1062,0.01065828,36.9202,33.8198,130.8988,133.9991,0.00865985,0.00886496,0.00044410,16.9647,15.5700,0.1967,20.9774,0.5708,1889.4488,106.6250,,16.9647,5.2352,10.4704,20.9408,39.2639,52.6635,155.808,7.8528,0.0,5.029755,14.880828,1.620261,29,115,5,6,0E-8,0.01110238,,0E-8,0.000000,0.878645,0.000000,,2026-03-22,2026-04-02,8,294,164,12,0.666667,,,0.000000,,,,,,,,GLOBAL_BASELINE_NO_ENTITY_RANKING,,,NOT_APPLICABLE_GLOBAL_BASELINE,HF9g-P5,,,,X 全窗基线 · 不参与实体赏罚,6870312,688,A168_HF9F_20260827_0900,2026-08-27 09:00:00
2026-03-27,115293628,1257,0,39.4975906470,11.8492771941,11.8492771941,0.5000000,2,2,0.50665070000000000,0.506650700000,-0.018812684590367487,-0.018812684590367487,-0.018812684590367487,0E-17,ELIGIBLE,R03b_20260811_FULL_v1,L1_ELIGIBILITY,v2026-08-11,2026-03-21..2026-08-06,baccarat_bet02_101_all_pairs_incl_sentinel,round_win = game_pnl > 0 (decisive only),COMPATIBILITY_ONLY_NOT_PRODUCTION,15115.5905,13281.2450,167.8190,891,853,-0.01110238,,-0.01110238,-0.01110238,-167.8190,15115.5905,OK,0.0000,6.7128,4.0000,96.0000,AG03-UNRESOLVED,ALL5_LEVELS_bet23_to_bet27,6.7128,6.7128,6.7128,8.3909,8.3909,4.000000,4.000000,4.000000,5.000000,5.000000,96.000000,96.000000,96.000000,95.000000,95.000000,5.0,36.9202,33.8198,130.8988,133.9991,PENDING_AG03,FALSE,NOT_FOR_ENFORCEMENT,161.1062,12749.9952,167.8190,161.1062,6.7128,0.01110238,0.01065828,6.7128,161.1062,0.01065828,6.7128,6.7128,6.7128,8.3909,8.3909,161.1062,0.01065828,36.9202,33.8198,130.8988,133.9991,0.00865985,0.00886496,0.00044410,16.9647,15.5700,0.1967,20.9774,0.5708,1889.4488,106.6250,,16.9647,5.2352,10.4704,20.9408,39.2639,52.6635,155.808,7.8528,0.0,5.029755,14.880828,1.620261,29,115,5,6,0E-8,0.01110238,,0E-8,0.000000,0.878645,0.000000,,2026-03-22,2026-04-02,8,294,164,12,0.666667,,,0.000000,,,,,,,,GLOBAL_BASELINE_NO_ENTITY_RANKING,,,NOT_APPLICABLE_GLOBAL_BASELINE,HF9g-P5,,,,X 全窗基线 · 不参与实体赏罚,6870313,688,A168_HF9F_20260827_0900,2026-08-27 09:00:00
2026-03-27,115293628,1384,0,7.8995181294,0E-10,0E-10,,2,2,0.50665070000000000,0.506650700000,,,,0E-17,NO_DECISIVE_ROUND,R03b_20260811_FULL_v1,L1_ELIGIBILITY,v2026-08-11,2026-03-21..2026-08-06,baccarat_bet02_101_all_pairs_incl_sentinel,round_win = game_pnl > 0 (decisive only),COMPATIBILITY_ONLY_NOT_PRODUCTION,15115.5905,13281.2450,167.8190,891,853,-0.01110238,,-0.01110238,-0.01110238,-167.8190,15115.5905,OK,0.0000,6.7128,4.0000,96.0000,AG03-UNRESOLVED,ALL5_LEVELS_bet23_to_bet27,6.7128,6.7128,6.7128,8.3909,8.3909,4.000000,4.000000,4.000000,5.000000,5.000000,96.000000,96.000000,96.000000,95.000000,95.000000,5.0,36.9202,33.8198,130.8988,133.9991,PENDING_AG03,FALSE,NOT_FOR_ENFORCEMENT,161.1062,12749.9952,167.8190,161.1062,6.7128,0.01110238,0.01065828,6.7128,161.1062,0.01065828,6.7128,6.7128,6.7128,8.3909,8.3909,161.1062,0.01065828,36.9202,33.8198,130.8988,133.9991,0.00865985,0.00886496,0.00044410,16.9647,15.5700,0.1967,20.9774,0.5708,1889.4488,106.6250,,16.9647,5.2352,10.4704,20.9408,39.2639,52.6635,155.808,7.8528,0.0,5.029755,14.880828,1.620261,29,115,5,6,0E-8,0.01110238,,0E-8,0.000000,0.878645,0.000000,,2026-03-22,2026-04-02,8,294,164,12,0.666667,,,0.000000,,,,,,,,GLOBAL_BASELINE_NO_ENTITY_RANKING,,,NOT_APPLICABLE_GLOBAL_BASELINE,HF9g-P5,,,,X 全窗基线 · 不参与实体赏罚,6870314,688,A168_HF9F_20260827_0900,2026-08-27 09:00:00
2026-03-27,115293628,1645,0,2.6331727098,-2.6331727098,-2.6331727098,0E-7,1,1,0.49324550000000000,0.493245500000,-0.9865810262130424,-0.9865810262130424,-0.9865810262130424,0E-17,ELIGIBLE,R03b_20260811_FULL_v1,L1_ELIGIBILITY,v2026-08-11,2026-03-21..2026-08-06,baccarat_bet02_101_all_pairs_incl_sentinel,round_win = game_pnl > 0 (decisive only),COMPATIBILITY_ONLY_NOT_PRODUCTION,15115.5905,13281.2450,167.8190,891,853,-0.01110238,,-0.01110238,-0.01110238,-167.8190,15115.5905,OK,0.0000,6.7128,4.0000,96.0000,AG03-UNRESOLVED,ALL5_LEVELS_bet23_to_bet27,6.7128,6.7128,6.7128,8.3909,8.3909,4.000000,4.000000,4.000000,5.000000,5.000000,96.000000,96.000000,96.000000,95.000000,95.000000,5.0,36.9202,33.8198,130.8988,133.9991,PENDING_AG03,FALSE,NOT_FOR_ENFORCEMENT,161.1062,12749.9952,167.8190,161.1062,6.7128,0.01110238,0.01065828,6.7128,161.1062,0.01065828,6.7128,6.7128,6.7128,8.3909,8.3909,161.1062,0.01065828,36.9202,33.8198,130.8988,133.9991,0.00865985,0.00886496,0.00044410,16.9647,15.5700,0.1967,20.9774,0.5708,1889.4488,106.6250,,16.9647,5.2352,10.4704,20.9408,39.2639,52.6635,155.808,7.8528,0.0,5.029755,14.880828,1.620261,29,115,5,6,0E-8,0.01110238,,0E-8,0.000000,0.878645,0.000000,,2026-03-22,2026-04-02,8,294,164,12,0.666667,,,0.000000,,,,,,,,GLOBAL_BASELINE_NO_ENTITY_RANKING,,,NOT_APPLICABLE_GLOBAL_BASELINE,HF9g-P5,,,,X 全窗基线 · 不参与实体赏罚,6870315,688,A168_HF9F_20260827_0900,2026-08-27 09:00:00
2026-03-27,115293628,1941,0,7.8995181294,-7.8995181294,-7.8995181294,0E-7,2,2,0.49324550000000000,0.493245500000,-1.3952362676504506,-1.3952362676504506,-1.3952362676504506,0E-17,ELIGIBLE,R03b_20260811_FULL_v1,L1_ELIGIBILITY,v2026-08-11,2026-03-21..2026-08-06,baccarat_bet02_101_all_pairs_incl_sentinel,round_win = game_pnl > 0 (decisive only),COMPATIBILITY_ONLY_NOT_PRODUCTION,15115.5905,13281.2450,167.8190,891,853,-0.01110238,,-0.01110238,-0.01110238,-167.8190,15115.5905,OK,0.0000,6.7128,4.0000,96.0000,AG03-UNRESOLVED,ALL5_LEVELS_bet23_to_bet27,6.7128,6.7128,6.7128,8.3909,8.3909,4.000000,4.000000,4.000000,5.000000,5.000000,96.000000,96.000000,96.000000,95.000000,95.000000,5.0,36.9202,33.8198,130.8988,133.9991,PENDING_AG03,FALSE,NOT_FOR_ENFORCEMENT,161.1062,12749.9952,167.8190,161.1062,6.7128,0.01110238,0.01065828,6.7128,161.1062,0.01065828,6.7128,6.7128,6.7128,8.3909,8.3909,161.1062,0.01065828,36.9202,33.8198,130.8988,133.9991,0.00865985,0.00886496,0.00044410,16.9647,15.5700,0.1967,20.9774,0.5708,1889.4488,106.6250,,16.9647,5.2352,10.4704,20.9408,39.2639,52.6635,155.808,7.8528,0.0,5.029755,14.880828,1.620261,29,115,5,6,0E-8,0.01110238,,0E-8,0.000000,0.878645,0.000000,,2026-03-22,2026-04-02,8,294,164,12,0.666667,,,0.000000,,,,,,,,GLOBAL_BASELINE_NO_ENTITY_RANKING,,,NOT_APPLICABLE_GLOBAL_BASELINE,HF9g-P5,,,,X 全窗基线 · 不参与实体赏罚,6870316,688,A168_HF9F_20260827_0900,2026-08-27 09:00:00
2026-03-27,115293628,1951,0,13.1658635490,13.1658635490,13.1658635490,1.0000000,1,1,0.49324550000000000,0.493245500000,1.01360149184955,1.01360149184955,1.01360149184955,0E-17,ELIGIBLE,R03b_20260811_FULL_v1,L1_ELIGIBILITY,v2026-08-11,2026-03-21..2026-08-06,baccarat_bet02_101_all_pairs_incl_sentinel,round_win = game_pnl > 0 (decisive only),COMPATIBILITY_ONLY_NOT_PRODUCTION,15115.5905,13281.2450,167.8190,891,853,-0.01110238,,-0.01110238,-0.01110238,-167.8190,15115.5905,OK,0.0000,6.7128,4.0000,96.0000,AG03-UNRESOLVED,ALL5_LEVELS_bet23_to_bet27,6.7128,6.7128,6.7128,8.3909,8.3909,4.000000,4.000000,4.000000,5.000000,5.000000,96.000000,96.000000,96.000000,95.000000,95.000000,5.0,36.9202,33.8198,130.8988,133.9991,PENDING_AG03,FALSE,NOT_FOR_ENFORCEMENT,161.1062,12749.9952,167.8190,161.1062,6.7128,0.01110238,0.01065828,6.7128,161.1062,0.01065828,6.7128,6.7128,6.7128,8.3909,8.3909,161.1062,0.01065828,36.9202,33.8198,130.8988,133.9991,0.00865985,0.00886496,0.00044410,16.9647,15.5700,0.1967,20.9774,0.5708,1889.4488,106.6250,,16.9647,5.2352,10.4704,20.9408,39.2639,52.6635,155.808,7.8528,0.0,5.029755,14.880828,1.620261,29,115,5,6,0E-8,0.01110238,,0E-8,0.000000,0.878645,0.000000,,2026-03-22,2026-04-02,8,294,164,12,0.666667,,,0.000000,,,,,,,,GLOBAL_BASELINE_NO_ENTITY_RANKING,,,NOT_APPLICABLE_GLOBAL_BASELINE,HF9g-P5,,,,X 全窗基线 · 不参与实体赏罚,6870317,688,A168_HF9F_20260827_0900,2026-08-27 09:00:00
2026-03-27,115293628,2093,0,42.1307633568,-1.0532690839,-1.0532690839,0.2500000,4,4,0.50329940000000000,0.503299400000,-1.013219660140378,-1.013219660140378,-1.013219660140378,0E-17,ELIGIBLE,R03b_20260811_FULL_v1,L1_ELIGIBILITY,v2026-08-11,2026-03-21..2026-08-06,baccarat_bet02_101_all_pairs_incl_sentinel,round_win = game_pnl > 0 (decisive only),COMPATIBILITY_ONLY_NOT_PRODUCTION,15115.5905,13281.2450,167.8190,891,853,-0.01110238,,-0.01110238,-0.01110238,-167.8190,15115.5905,OK,0.0000,6.7128,4.0000,96.0000,AG03-UNRESOLVED,ALL5_LEVELS_bet23_to_bet27,6.7128,6.7128,6.7128,8.3909,8.3909,4.000000,4.000000,4.000000,5.000000,5.000000,96.000000,96.000000,96.000000,95.000000,95.000000,5.0,36.9202,33.8198,130.8988,133.9991,PENDING_AG03,FALSE,NOT_FOR_ENFORCEMENT,161.1062,12749.9952,167.8190,161.1062,6.7128,0.01110238,0.01065828,6.7128,161.1062,0.01065828,6.7128,6.7128,6.7128,8.3909,8.3909,161.1062,0.01065828,36.9202,33.8198,130.8988,133.9991,0.00865985,0.00886496,0.00044410,16.9647,15.5700,0.1967,20.9774,0.5708,1889.4488,106.6250,,16.9647,5.2352,10.4704,20.9408,39.2639,52.6635,155.808,7.8528,0.0,5.029755,14.880828,1.620261,29,115,5,6,0E-8,0.01110238,,0E-8,0.000000,0.878645,0.000000,,2026-03-22,2026-04-02,8,294,164,12,0.666667,,,0.000000,,,,,,,,GLOBAL_BASELINE_NO_ENTITY_RANKING,,,NOT_APPLICABLE_GLOBAL_BASELINE,HF9g-P5,,,,X 全窗基线 · 不参与实体赏罚,6870318,688,A168_HF9F_20260827_0900,2026-08-27 09:00:00
2026-03-27,115293628,2127,0,5.2663454196,-5.2663454196,-5.2663454196,0E-7,1,1,0.50665070000000000,0.506650700000,-1.013391052207602,-1.013391052207602,-1.013391052207602,0E-17,ELIGIBLE,R03b_20260811_FULL_v1,L1_ELIGIBILITY,v2026-08-11,2026-03-21..2026-08-06,baccarat_bet02_101_all_pairs_incl_sentinel,round_win = game_pnl > 0 (decisive only),COMPATIBILITY_ONLY_NOT_PRODUCTION,15115.5905,13281.2450,167.8190,891,853,-0.01110238,,-0.01110238,-0.01110238,-167.8190,15115.5905,OK,0.0000,6.7128,4.0000,96.0000,AG03-UNRESOLVED,ALL5_LEVELS_bet23_to_bet27,6.7128,6.7128,6.7128,8.3909,8.3909,4.000000,4.000000,4.000000,5.000000,5.000000,96.000000,96.000000,96.000000,95.000000,95.000000,5.0,36.9202,33.8198,130.8988,133.9991,PENDING_AG03,FALSE,NOT_FOR_ENFORCEMENT,161.1062,12749.9952,167.8190,161.1062,6.7128,0.01110238,0.01065828,6.7128,161.1062,0.01065828,6.7128,6.7128,6.7128,8.3909,8.3909,161.1062,0.01065828,36.9202,33.8198,130.8988,133.9991,0.00865985,0.00886496,0.00044410,16.9647,15.5700,0.1967,20.9774,0.5708,1889.4488,106.6250,,16.9647,5.2352,10.4704,20.9408,39.2639,52.6635,155.808,7.8528,0.0,5.029755,14.880828,1.620261,29,115,5,6,0E-8,0.01110238,,0E-8,0.000000,0.878645,0.000000,,2026-03-22,2026-04-02,8,294,164,12,0.666667,,,0.000000,,,,,,,,GLOBAL_BASELINE_NO_ENTITY_RANKING,,,NOT_APPLICABLE_GLOBAL_BASELINE,HF9g-P5,,,,X 全窗基线 · 不参与实体赏罚,6870319,688,A168_HF9F_20260827_0900,2026-08-27 09:00:00
2026-03-27,115293628,2177,0,13.1658635490,2.2381968033,2.2381968033,0.5000000,2,2,0.50665070000000000,0.506650700000,-0.018812684590367487,-0.018812684590367487,-0.018812684590367487,0E-17,ELIGIBLE,R03b_20260811_FULL_v1,L1_ELIGIBILITY,v2026-08-11,2026-03-21..2026-08-06,baccarat_bet02_101_all_pairs_incl_sentinel,round_win = game_pnl > 0 (decisive only),COMPATIBILITY_ONLY_NOT_PRODUCTION,15115.5905,13281.2450,167.8190,891,853,-0.01110238,,-0.01110238,-0.01110238,-167.8190,15115.5905,OK,0.0000,6.7128,4.0000,96.0000,AG03-UNRESOLVED,ALL5_LEVELS_bet23_to_bet27,6.7128,6.7128,6.7128,8.3909,8.3909,4.000000,4.000000,4.000000,5.000000,5.000000,96.000000,96.000000,96.000000,95.000000,95.000000,5.0,36.9202,33.8198,130.8988,133.9991,PENDING_AG03,FALSE,NOT_FOR_ENFORCEMENT,161.1062,12749.9952,167.8190,161.1062,6.7128,0.01110238,0.01065828,6.7128,161.1062,0.01065828,6.7128,6.7128,6.7128,8.3909,8.3909,161.1062,0.01065828,36.9202,33.8198,130.8988,133.9991,0.00865985,0.00886496,0.00044410,16.9647,15.5700,0.1967,20.9774,0.5708,1889.4488,106.6250,,16.9647,5.2352,10.4704,20.9408,39.2639,52.6635,155.808,7.8528,0.0,5.029755,14.880828,1.620261,29,115,5,6,0E-8,0.01110238,,0E-8,0.000000,0.878645,0.000000,,2026-03-22,2026-04-02,8,294,164,12,0.666667,,,0.000000,,,,,,,,GLOBAL_BASELINE_NO_ENTITY_RANKING,,,NOT_APPLICABLE_GLOBAL_BASELINE,HF9g-P5,,,,X 全窗基线 · 不参与实体赏罚,6870320,688,A168_HF9F_20260827_0900,2026-08-27 09:00:00
2026-03-27,115293628,2202,0,66.3559522869,22.3556363061,22.3556363061,0.7500000,5,5,0.50665070000000000,0.506650700000,0.9734833216690844,0.9734833216690844,0.9734833216690844,0E-17,ELIGIBLE,R03b_20260811_FULL_v1,L1_ELIGIBILITY,v2026-08-11,2026-03-21..2026-08-06,baccarat_bet02_101_all_pairs_incl_sentinel,round_win = game_pnl > 0 (decisive only),COMPATIBILITY_ONLY_NOT_PRODUCTION,15115.5905,13281.2450,167.8190,891,853,-0.01110238,,-0.01110238,-0.01110238,-167.8190,15115.5905,OK,0.0000,6.7128,4.0000,96.0000,AG03-UNRESOLVED,ALL5_LEVELS_bet23_to_bet27,6.7128,6.7128,6.7128,8.3909,8.3909,4.000000,4.000000,4.000000,5.000000,5.000000,96.000000,96.000000,96.000000,95.000000,95.000000,5.0,36.9202,33.8198,130.8988,133.9991,PENDING_AG03,FALSE,NOT_FOR_ENFORCEMENT,161.1062,12749.9952,167.8190,161.1062,6.7128,0.01110238,0.01065828,6.7128,161.1062,0.01065828,6.7128,6.7128,6.7128,8.3909,8.3909,161.1062,0.01065828,36.9202,33.8198,130.8988,133.9991,0.00865985,0.00886496,0.00044410,16.9647,15.5700,0.1967,20.9774,0.5708,1889.4488,106.6250,,16.9647,5.2352,10.4704,20.9408,39.2639,52.6635,155.808,7.8528,0.0,5.029755,14.880828,1.620261,29,115,5,6,0E-8,0.01110238,,0E-8,0.000000,0.878645,0.000000,,2026-03-22,2026-04-02,8,294,164,12,0.666667,,,0.000000,,,,,,,,GLOBAL_BASELINE_NO_ENTITY_RANKING,,,NOT_APPLICABLE_GLOBAL_BASELINE,HF9g-P5,,,,X 全窗基线 · 不参与实体赏罚,6870321,688,A168_HF9F_20260827_0900,2026-08-27 09:00:00
2026-03-27,115293628,2223,0,92.1610448430,10.5326908392,10.5326908392,0.3333333,3,3,0.50665070000000000,0.506650700000,-0.6004420894325239,-0.6004420894325239,-0.6004420894325239,0E-17,ELIGIBLE,R03b_20260811_FULL_v1,L1_ELIGIBILITY,v2026-08-11,2026-03-21..2026-08-06,baccarat_bet02_101_all_pairs_incl_sentinel,round_win = game_pnl > 0 (decisive only),COMPATIBILITY_ONLY_NOT_PRODUCTION,15115.5905,13281.2450,167.8190,891,853,-0.01110238,,-0.01110238,-0.01110238,-167.8190,15115.5905,OK,0.0000,6.7128,4.0000,96.0000,AG03-UNRESOLVED,ALL5_LEVELS_bet23_to_bet27,6.7128,6.7128,6.7128,8.3909,8.3909,4.000000,4.000000,4.000000,5.000000,5.000000,96.000000,96.000000,96.000000,95.000000,95.000000,5.0,36.9202,33.8198,130.8988,133.9991,PENDING_AG03,FALSE,NOT_FOR_ENFORCEMENT,161.1062,12749.9952,167.8190,161.1062,6.7128,0.01110238,0.01065828,6.7128,161.1062,0.01065828,6.7128,6.7128,6.7128,8.3909,8.3909,161.1062,0.01065828,36.9202,33.8198,130.8988,133.9991,0.00865985,0.00886496,0.00044410,16.9647,15.5700,0.1967,20.9774,0.5708,1889.4488,106.6250,,16.9647,5.2352,10.4704,20.9408,39.2639,52.6635,155.808,7.8528,0.0,5.029755,14.880828,1.620261,29,115,5,6,0E-8,0.01110238,,0E-8,0.000000,0.878645,0.000000,,2026-03-22,2026-04-02,8,294,164,12,0.666667,,,0.000000,,,,,,,,GLOBAL_BASELINE_NO_ENTITY_RANKING,,,NOT_APPLICABLE_GLOBAL_BASELINE,HF9g-P5,,,,X 全窗基线 · 不参与实体赏罚,6870322,688,A168_HF9F_20260827_0900,2026-08-27 09:00:00
2026-03-27,115293628,2252,0,18.4322089686,17.5105985202,17.5105985202,1.0000000,1,1,0.50665070000000000,0.506650700000,0.9867858985152569,0.9867858985152569,0.9867858985152569,0E-17,ELIGIBLE,R03b_20260811_FULL_v1,L1_ELIGIBILITY,v2026-08-11,2026-03-21..2026-08-06,baccarat_bet02_101_all_pairs_incl_sentinel,round_win = game_pnl > 0 (decisive only),COMPATIBILITY_ONLY_NOT_PRODUCTION,15115.5905,13281.2450,167.8190,891,853,-0.01110238,,-0.01110238,-0.01110238,-167.8190,15115.5905,OK,0.0000,6.7128,4.0000,96.0000,AG03-UNRESOLVED,ALL5_LEVELS_bet23_to_bet27,6.7128,6.7128,6.7128,8.3909,8.3909,4.000000,4.000000,4.000000,5.000000,5.000000,96.000000,96.000000,96.000000,95.000000,95.000000,5.0,36.9202,33.8198,130.8988,133.9991,PENDING_AG03,FALSE,NOT_FOR_ENFORCEMENT,161.1062,12749.9952,167.8190,161.1062,6.7128,0.01110238,0.01065828,6.7128,161.1062,0.01065828,6.7128,6.7128,6.7128,8.3909,8.3909,161.1062,0.01065828,36.9202,33.8198,130.8988,133.9991,0.00865985,0.00886496,0.00044410,16.9647,15.5700,0.1967,20.9774,0.5708,1889.4488,106.6250,,16.9647,5.2352,10.4704,20.9408,39.2639,52.6635,155.808,7.8528,0.0,5.029755,14.880828,1.620261,29,115,5,6,0E-8,0.01110238,,0E-8,0.000000,0.878645,0.000000,,2026-03-22,2026-04-02,8,294,164,12,0.666667,,,0.000000,,,,,,,,GLOBAL_BASELINE_NO_ENTITY_RANKING,,,NOT_APPLICABLE_GLOBAL_BASELINE,HF9g-P5,,,,X 全窗基线 · 不参与实体赏罚,6870323,688,A168_HF9F_20260827_0900,2026-08-27 09:00:00
2026-03-27,115293628,462,0,21.0653816784,5.2663454196,5.2663454196,1.0000000,2,2,0.49324550000000000,0.493245500000,1.01360149184955,1.01360149184955,1.01360149184955,0E-17,ELIGIBLE,R03b_20260811_FULL_v1,L1_ELIGIBILITY,v2026-08-11,2026-03-21..2026-08-06,baccarat_bet02_101_all_pairs_incl_sentinel,round_win = game_pnl > 0 (decisive only),COMPATIBILITY_ONLY_NOT_PRODUCTION,15115.5905,13281.2450,167.8190,891,853,-0.01110238,,-0.01110238,-0.01110238,-167.8190,15115.5905,OK,0.0000,6.7128,4.0000,96.0000,AG03-UNRESOLVED,ALL5_LEVELS_bet23_to_bet27,6.7128,6.7128,6.7128,8.3909,8.3909,4.000000,4.000000,4.000000,5.000000,5.000000,96.000000,96.000000,96.000000,95.000000,95.000000,5.0,36.9202,33.8198,130.8988,133.9991,PENDING_AG03,FALSE,NOT_FOR_ENFORCEMENT,161.1062,12749.9952,167.8190,161.1062,6.7128,0.01110238,0.01065828,6.7128,161.1062,0.01065828,6.7128,6.7128,6.7128,8.3909,8.3909,161.1062,0.01065828,36.9202,33.8198,130.8988,133.9991,0.00865985,0.00886496,0.00044410,16.9647,15.5700,0.1967,20.9774,0.5708,1889.4488,106.6250,,16.9647,5.2352,10.4704,20.9408,39.2639,52.6635,155.808,7.8528,0.0,5.029755,14.880828,1.620261,29,115,5,6,0E-8,0.01110238,,0E-8,0.000000,0.878645,0.000000,,2026-03-22,2026-04-02,8,294,164,12,0.666667,,,0.000000,,,,,,,,GLOBAL_BASELINE_NO_ENTITY_RANKING,,,NOT_APPLICABLE_GLOBAL_BASELINE,HF9g-P5,,,,X 全窗基线 · 不参与实体赏罚,6870324,688,A168_HF9F_20260827_0900,2026-08-27 09:00:00
2026-03-27,115293628,948,0,36.8644179372,26.3317270980,26.3317270980,1.0000000,2,1,0.49516052857142857,0.499948100000,1.009726240518834,1.0001038053877793,1.009726240518834,-0.00478757142857143,ELIGIBLE,R03b_20260811_FULL_v1,L1_ELIGIBILITY,v2026-08-11,2026-03-21..2026-08-06,baccarat_bet02_101_all_pairs_incl_sentinel,round_win = game_pnl > 0 (decisive only),COMPATIBILITY_ONLY_NOT_PRODUCTION,15115.5905,13281.2450,167.8190,891,853,-0.01110238,,-0.01110238,-0.01110238,-167.8190,15115.5905,OK,0.0000,6.7128,4.0000,96.0000,AG03-UNRESOLVED,ALL5_LEVELS_bet23_to_bet27,6.7128,6.7128,6.7128,8.3909,8.3909,4.000000,4.000000,4.000000,5.000000,5.000000,96.000000,96.000000,96.000000,95.000000,95.000000,5.0,36.9202,33.8198,130.8988,133.9991,PENDING_AG03,FALSE,NOT_FOR_ENFORCEMENT,161.1062,12749.9952,167.8190,161.1062,6.7128,0.01110238,0.01065828,6.7128,161.1062,0.01065828,6.7128,6.7128,6.7128,8.3909,8.3909,161.1062,0.01065828,36.9202,33.8198,130.8988,133.9991,0.00865985,0.00886496,0.00044410,16.9647,15.5700,0.1967,20.9774,0.5708,1889.4488,106.6250,,16.9647,5.2352,10.4704,20.9408,39.2639,52.6635,155.808,7.8528,0.0,5.029755,14.880828,1.620261,29,115,5,6,0E-8,0.01110238,,0E-8,0.000000,0.878645,0.000000,,2026-03-22,2026-04-02,8,294,164,12,0.666667,,,0.000000,,,,,,,,GLOBAL_BASELINE_NO_ENTITY_RANKING,,,NOT_APPLICABLE_GLOBAL_BASELINE,HF9g-P5,,,,X 全窗基线 · 不参与实体赏罚,6870325,688,A168_HF9F_20260827_0900,2026-08-27 09:00:00
2026-03-28,115293628,-1,1,422.3609026519,-104.6686152146,-104.6686152146,0.4074074,29,29,0.49925472758620690,0.499254727586,-0.954506410857795,-0.9545064108556455,-0.954506410857795,2.0690E-13,SENTINEL_DEALER,R03b_20260811_FULL_v1,L1_ELIGIBILITY,v2026-08-11,2026-03-21..2026-08-06,baccarat_bet02_101_all_pairs_incl_sentinel,round_win = game_pnl > 0 (decisive only),COMPATIBILITY_ONLY_NOT_PRODUCTION,15115.5905,13281.2450,167.8190,891,853,-0.01110238,,-0.01110238,-0.01110238,-167.8190,15115.5905,OK,0.0000,6.7128,4.0000,96.0000,AG03-UNRESOLVED,ALL5_LEVELS_bet23_to_bet27,6.7128,6.7128,6.7128,8.3909,8.3909,4.000000,4.000000,4.000000,5.000000,5.000000,96.000000,96.000000,96.000000,95.000000,95.000000,5.0,36.9202,33.8198,130.8988,133.9991,PENDING_AG03,FALSE,NOT_FOR_ENFORCEMENT,161.1062,12749.9952,167.8190,161.1062,6.7128,0.01110238,0.01065828,6.7128,161.1062,0.01065828,6.7128,6.7128,6.7128,8.3909,8.3909,161.1062,0.01065828,36.9202,33.8198,130.8988,133.9991,0.00865985,0.00886496,0.00044410,16.9647,15.5700,0.1967,20.9774,0.5708,1889.4488,106.6250,,16.9647,5.2352,10.4704,20.9408,39.2639,52.6635,155.808,7.8528,0.0,5.029755,14.880828,1.620261,29,115,5,6,0E-8,0.01110238,,0E-8,0.000000,0.878645,0.000000,,2026-03-22,2026-04-02,8,294,164,12,0.666667,,,0.000000,,,,,,,,GLOBAL_BASELINE_NO_ENTITY_RANKING,,,NOT_APPLICABLE_GLOBAL_BASELINE,HF9g-P5,,,,X 全窗基线 · 不参与实体赏罚,6870326,688,A168_HF9F_20260827_0900,2026-08-27 09:00:00
2026-03-28,115293628,1094,0,5.2663454196,-5.2663454196,-5.2663454196,0E-7,1,1,0.50665070000000000,0.506650700000,-1.013391052207602,-1.013391052207602,-1.013391052207602,0E-17,ELIGIBLE,R03b_20260811_FULL_v1,L1_ELIGIBILITY,v2026-08-11,2026-03-21..2026-08-06,baccarat_bet02_101_all_pairs_incl_sentinel,round_win = game_pnl > 0 (decisive only),COMPATIBILITY_ONLY_NOT_PRODUCTION,15115.5905,13281.2450,167.8190,891,853,-0.01110238,,-0.01110238,-0.01110238,-167.8190,15115.5905,OK,0.0000,6.7128,4.0000,96.0000,AG03-UNRESOLVED,ALL5_LEVELS_bet23_to_bet27,6.7128,6.7128,6.7128,8.3909,8.3909,4.000000,4.000000,4.000000,5.000000,5.000000,96.000000,96.000000,96.000000,95.000000,95.000000,5.0,36.9202,33.8198,130.8988,133.9991,PENDING_AG03,FALSE,NOT_FOR_ENFORCEMENT,161.1062,12749.9952,167.8190,161.1062,6.7128,0.01110238,0.01065828,6.7128,161.1062,0.01065828,6.7128,6.7128,6.7128,8.3909,8.3909,161.1062,0.01065828,36.9202,33.8198,130.8988,133.9991,0.00865985,0.00886496,0.00044410,16.9647,15.5700,0.1967,20.9774,0.5708,1889.4488,106.6250,,16.9647,5.2352,10.4704,20.9408,39.2639,52.6635,155.808,7.8528,0.0,5.029755,14.880828,1.620261,29,115,5,6,0E-8,0.01110238,,0E-8,0.000000,0.878645,0.000000,,2026-03-22,2026-04-02,8,294,164,12,0.666667,,,0.000000,,,,,,,,GLOBAL_BASELINE_NO_ENTITY_RANKING,,,NOT_APPLICABLE_GLOBAL_BASELINE,HF9g-P5,,,,X 全窗基线 · 不参与实体赏罚,6870327,688,A168_HF9F_20260827_0900,2026-08-27 09:00:00
2026-03-28,115293628,1304,0,2.6331727098,-2.6331727098,-2.6331727098,0E-7,1,1,0.50665070000000000,0.506650700000,-1.013391052207602,-1.013391052207602,-1.013391052207602,0E-17,ELIGIBLE,R03b_20260811_FULL_v1,L1_ELIGIBILITY,v2026-08-11,2026-03-21..2026-08-06,baccarat_bet02_101_all_pairs_incl_sentinel,round_win = game_pnl > 0 (decisive only),COMPATIBILITY_ONLY_NOT_PRODUCTION,15115.5905,13281.2450,167.8190,891,853,-0.01110238,,-0.01110238,-0.01110238,-167.8190,15115.5905,OK,0.0000,6.7128,4.0000,96.0000,AG03-UNRESOLVED,ALL5_LEVELS_bet23_to_bet27,6.7128,6.7128,6.7128,8.3909,8.3909,4.000000,4.000000,4.000000,5.000000,5.000000,96.000000,96.000000,96.000000,95.000000,95.000000,5.0,36.9202,33.8198,130.8988,133.9991,PENDING_AG03,FALSE,NOT_FOR_ENFORCEMENT,161.1062,12749.9952,167.8190,161.1062,6.7128,0.01110238,0.01065828,6.7128,161.1062,0.01065828,6.7128,6.7128,6.7128,8.3909,8.3909,161.1062,0.01065828,36.9202,33.8198,130.8988,133.9991,0.00865985,0.00886496,0.00044410,16.9647,15.5700,0.1967,20.9774,0.5708,1889.4488,106.6250,,16.9647,5.2352,10.4704,20.9408,39.2639,52.6635,155.808,7.8528,0.0,5.029755,14.880828,1.620261,29,115,5,6,0E-8,0.01110238,,0E-8,0.000000,0.878645,0.000000,,2026-03-22,2026-04-02,8,294,164,12,0.666667,,,0.000000,,,,,,,,GLOBAL_BASELINE_NO_ENTITY_RANKING,,,NOT_APPLICABLE_GLOBAL_BASELINE,HF9g-P5,,,,X 全窗基线 · 不参与实体赏罚,6870328,688,A168_HF9F_20260827_0900,2026-08-27 09:00:00
2026-03-28,115293628,1323,0,15.7990362588,-15.7990362588,-15.7990362588,0E-7,2,2,0.49324550000000000,0.493245500000,-1.3952362676504506,-1.3952362676504506,-1.3952362676504506,0E-17,ELIGIBLE,R03b_20260811_FULL_v1,L1_ELIGIBILITY,v2026-08-11,2026-03-21..2026-08-06,baccarat_bet02_101_all_pairs_incl_sentinel,round_win = game_pnl > 0 (decisive only),COMPATIBILITY_ONLY_NOT_PRODUCTION,15115.5905,13281.2450,167.8190,891,853,-0.01110238,,-0.01110238,-0.01110238,-167.8190,15115.5905,OK,0.0000,6.7128,4.0000,96.0000,AG03-UNRESOLVED,ALL5_LEVELS_bet23_to_bet27,6.7128,6.7128,6.7128,8.3909,8.3909,4.000000,4.000000,4.000000,5.000000,5.000000,96.000000,96.000000,96.000000,95.000000,95.000000,5.0,36.9202,33.8198,130.8988,133.9991,PENDING_AG03,FALSE,NOT_FOR_ENFORCEMENT,161.1062,12749.9952,167.8190,161.1062,6.7128,0.01110238,0.01065828,6.7128,161.1062,0.01065828,6.7128,6.7128,6.7128,8.3909,8.3909,161.1062,0.01065828,36.9202,33.8198,130.8988,133.9991,0.00865985,0.00886496,0.00044410,16.9647,15.5700,0.1967,20.9774,0.5708,1889.4488,106.6250,,16.9647,5.2352,10.4704,20.9408,39.2639,52.6635,155.808,7.8528,0.0,5.029755,14.880828,1.620261,29,115,5,6,0E-8,0.01110238,,0E-8,0.000000,0.878645,0.000000,,2026-03-22,2026-04-02,8,294,164,12,0.666667,,,0.000000,,,,,,,,GLOBAL_BASELINE_NO_ENTITY_RANKING,,,NOT_APPLICABLE_GLOBAL_BASELINE,HF9g-P5,,,,X 全窗基线 · 不参与实体赏罚,6870329,688,A168_HF9F_20260827_0900,2026-08-27 09:00:00
2026-03-28,115293628,1325,0,21.0653816784,21.0653816784,21.0653816784,1.0000000,1,1,0.49324550000000000,0.493245500000,1.01360149184955,1.01360149184955,1.01360149184955,0E-17,ELIGIBLE,R03b_20260811_FULL_v1,L1_ELIGIBILITY,v2026-08-11,2026-03-21..2026-08-06,baccarat_bet02_101_all_pairs_incl_sentinel,round_win = game_pnl > 0 (decisive only),COMPATIBILITY_ONLY_NOT_PRODUCTION,15115.5905,13281.2450,167.8190,891,853,-0.01110238,,-0.01110238,-0.01110238,-167.8190,15115.5905,OK,0.0000,6.7128,4.0000,96.0000,AG03-UNRESOLVED,ALL5_LEVELS_bet23_to_bet27,6.7128,6.7128,6.7128,8.3909,8.3909,4.000000,4.000000,4.000000,5.000000,5.000000,96.000000,96.000000,96.000000,95.000000,95.000000,5.0,36.9202,33.8198,130.8988,133.9991,PENDING_AG03,FALSE,NOT_FOR_ENFORCEMENT,161.1062,12749.9952,167.8190,161.1062,6.7128,0.01110238,0.01065828,6.7128,161.1062,0.01065828,6.7128,6.7128,6.7128,8.3909,8.3909,161.1062,0.01065828,36.9202,33.8198,130.8988,133.9991,0.00865985,0.00886496,0.00044410,16.9647,15.5700,0.1967,20.9774,0.5708,1889.4488,106.6250,,16.9647,5.2352,10.4704,20.9408,39.2639,52.6635,155.808,7.8528,0.0,5.029755,14.880828,1.620261,29,115,5,6,0E-8,0.01110238,,0E-8,0.000000,0.878645,0.000000,,2026-03-22,2026-04-02,8,294,164,12,0.666667,,,0.000000,,,,,,,,GLOBAL_BASELINE_NO_ENTITY_RANKING,,,NOT_APPLICABLE_GLOBAL_BASELINE,HF9g-P5,,,,X 全窗基线 · 不参与实体赏罚,6870330,688,A168_HF9F_20260827_0900,2026-08-27 09:00:00
2026-03-28,115293628,1331,0,52.1368196540,21.4866893119,21.4866893119,0.6000000,6,6,0.50665070000000000,0.506650700000,0.4175076967804994,0.4175076967804994,0.4175076967804994,0E-17,ELIGIBLE,R03b_20260811_FULL_v1,L1_ELIGIBILITY,v2026-08-11,2026-03-21..2026-08-06,baccarat_bet02_101_all_pairs_incl_sentinel,round_win = game_pnl > 0 (decisive only),COMPATIBILITY_ONLY_NOT_PRODUCTION,15115.5905,13281.2450,167.8190,891,853,-0.01110238,,-0.01110238,-0.01110238,-167.8190,15115.5905,OK,0.0000,6.7128,4.0000,96.0000,AG03-UNRESOLVED,ALL5_LEVELS_bet23_to_bet27,6.7128,6.7128,6.7128,8.3909,8.3909,4.000000,4.000000,4.000000,5.000000,5.000000,96.000000,96.000000,96.000000,95.000000,95.000000,5.0,36.9202,33.8198,130.8988,133.9991,PENDING_AG03,FALSE,NOT_FOR_ENFORCEMENT,161.1062,12749.9952,167.8190,161.1062,6.7128,0.01110238,0.01065828,6.7128,161.1062,0.01065828,6.7128,6.7128,6.7128,8.3909,8.3909,161.1062,0.01065828,36.9202,33.8198,130.8988,133.9991,0.00865985,0.00886496,0.00044410,16.9647,15.5700,0.1967,20.9774,0.5708,1889.4488,106.6250,,16.9647,5.2352,10.4704,20.9408,39.2639,52.6635,155.808,7.8528,0.0,5.029755,14.880828,1.620261,29,115,5,6,0E-8,0.01110238,,0E-8,0.000000,0.878645,0.000000,,2026-03-22,2026-04-02,8,294,164,12,0.666667,,,0.000000,,,,,,,,GLOBAL_BASELINE_NO_ENTITY_RANKING,,,NOT_APPLICABLE_GLOBAL_BASELINE,HF9g-P5,,,,X 全窗基线 · 不参与实体赏罚,6870331,688,A168_HF9F_20260827_0900,2026-08-27 09:00:00
2026-03-28,115293628,1354,0,15.7990362588,9.8743976617,9.8743976617,0.5000000,2,2,0.50665070000000000,0.506650700000,-0.018812684590367487,-0.018812684590367487,-0.018812684590367487,0E-17,ELIGIBLE,R03b_20260811_FULL_v1,L1_ELIGIBILITY,v2026-08-11,2026-03-21..2026-08-06,baccarat_bet02_101_all_pairs_incl_sentinel,round_win = game_pnl > 0 (decisive only),COMPATIBILITY_ONLY_NOT_PRODUCTION,15115.5905,13281.2450,167.8190,891,853,-0.01110238,,-0.01110238,-0.01110238,-167.8190,15115.5905,OK,0.0000,6.7128,4.0000,96.0000,AG03-UNRESOLVED,ALL5_LEVELS_bet23_to_bet27,6.7128,6.7128,6.7128,8.3909,8.3909,4.000000,4.000000,4.000000,5.000000,5.000000,96.000000,96.000000,96.000000,95.000000,95.000000,5.0,36.9202,33.8198,130.8988,133.9991,PENDING_AG03,FALSE,NOT_FOR_ENFORCEMENT,161.1062,12749.9952,167.8190,161.1062,6.7128,0.01110238,0.01065828,6.7128,161.1062,0.01065828,6.7128,6.7128,6.7128,8.3909,8.3909,161.1062,0.01065828,36.9202,33.8198,130.8988,133.9991,0.00865985,0.00886496,0.00044410,16.9647,15.5700,0.1967,20.9774,0.5708,1889.4488,106.6250,,16.9647,5.2352,10.4704,20.9408,39.2639,52.6635,155.808,7.8528,0.0,5.029755,14.880828,1.620261,29,115,5,6,0E-8,0.01110238,,0E-8,0.000000,0.878645,0.000000,,2026-03-22,2026-04-02,8,294,164,12,0.666667,,,0.000000,,,,,,,,GLOBAL_BASELINE_NO_ENTITY_RANKING,,,NOT_APPLICABLE_GLOBAL_BASELINE,HF9g-P5,,,,X 全窗基线 · 不参与实体赏罚,6870332,688,A168_HF9F_20260827_0900,2026-08-27 09:00:00
2026-03-28,115293628,1382,0,78.9951812940,26.3317270980,26.3317270980,0.5000000,2,2,0.49324550000000000,0.493245500000,0.01910635448239258,0.01910635448239258,0.01910635448239258,0E-17,ELIGIBLE,R03b_20260811_FULL_v1,L1_ELIGIBILITY,v2026-08-11,2026-03-21..2026-08-06,baccarat_bet02_101_all_pairs_incl_sentinel,round_win = game_pnl > 0 (decisive only),COMPATIBILITY_ONLY_NOT_PRODUCTION,15115.5905,13281.2450,167.8190,891,853,-0.01110238,,-0.01110238,-0.01110238,-167.8190,15115.5905,OK,0.0000,6.7128,4.0000,96.0000,AG03-UNRESOLVED,ALL5_LEVELS_bet23_to_bet27,6.7128,6.7128,6.7128,8.3909,8.3909,4.000000,4.000000,4.000000,5.000000,5.000000,96.000000,96.000000,96.000000,95.000000,95.000000,5.0,36.9202,33.8198,130.8988,133.9991,PENDING_AG03,FALSE,NOT_FOR_ENFORCEMENT,161.1062,12749.9952,167.8190,161.1062,6.7128,0.01110238,0.01065828,6.7128,161.1062,0.01065828,6.7128,6.7128,6.7128,8.3909,8.3909,161.1062,0.01065828,36.9202,33.8198,130.8988,133.9991,0.00865985,0.00886496,0.00044410,16.9647,15.5700,0.1967,20.9774,0.5708,1889.4488,106.6250,,16.9647,5.2352,10.4704,20.9408,39.2639,52.6635,155.808,7.8528,0.0,5.029755,14.880828,1.620261,29,115,5,6,0E-8,0.01110238,,0E-8,0.000000,0.878645,0.000000,,2026-03-22,2026-04-02,8,294,164,12,0.666667,,,0.000000,,,,,,,,GLOBAL_BASELINE_NO_ENTITY_RANKING,,,NOT_APPLICABLE_GLOBAL_BASELINE,HF9g-P5,,,,X 全窗基线 · 不参与实体赏罚,6870333,688,A168_HF9F_20260827_0900,2026-08-27 09:00:00
2026-03-28,115293628,1383,0,223.8196803329,-200.6477604867,-200.6477604867,0E-7,8,6,0.49454878333333333,0.495479700000,-2.2118208512417996,-2.2159431404219934,-2.2118208512417996,-0.00093091666666667,ELIGIBLE,R03b_20260811_FULL_v1,L1_ELIGIBILITY,v2026-08-11,2026-03-21..2026-08-06,baccarat_bet02_101_all_pairs_incl_sentinel,round_win = game_pnl > 0 (decisive only),COMPATIBILITY_ONLY_NOT_PRODUCTION,15115.5905,13281.2450,167.8190,891,853,-0.01110238,,-0.01110238,-0.01110238,-167.8190,15115.5905,OK,0.0000,6.7128,4.0000,96.0000,AG03-UNRESOLVED,ALL5_LEVELS_bet23_to_bet27,6.7128,6.7128,6.7128,8.3909,8.3909,4.000000,4.000000,4.000000,5.000000,5.000000,96.000000,96.000000,96.000000,95.000000,95.000000,5.0,36.9202,33.8198,130.8988,133.9991,PENDING_AG03,FALSE,NOT_FOR_ENFORCEMENT,161.1062,12749.9952,167.8190,161.1062,6.7128,0.01110238,0.01065828,6.7128,161.1062,0.01065828,6.7128,6.7128,6.7128,8.3909,8.3909,161.1062,0.01065828,36.9202,33.8198,130.8988,133.9991,0.00865985,0.00886496,0.00044410,16.9647,15.5700,0.1967,20.9774,0.5708,1889.4488,106.6250,,16.9647,5.2352,10.4704,20.9408,39.2639,52.6635,155.808,7.8528,0.0,5.029755,14.880828,1.620261,29,115,5,6,0E-8,0.01110238,,0E-8,0.000000,0.878645,0.000000,,2026-03-22,2026-04-02,8,294,164,12,0.666667,,,0.000000,,,,,,,,GLOBAL_BASELINE_NO_ENTITY_RANKING,,,NOT_APPLICABLE_GLOBAL_BASELINE,HF9g-P5,,,,X 全窗基线 · 不参与实体赏罚,6870334,688,A168_HF9F_20260827_0900,2026-08-27 09:00:00
2026-03-28,115293628,1384,0,115.5962819602,-15.9833583485,-15.9833583485,0.3750000,8,8,0.50497505000000000,0.504975050000,-0.7352863131446508,-0.7352863131446508,-0.7352863131446508,0E-17,ELIGIBLE,R03b_20260811_FULL_v1,L1_ELIGIBILITY,v2026-08-11,2026-03-21..2026-08-06,baccarat_bet02_101_all_pairs_incl_sentinel,round_win = game_pnl > 0 (decisive only),COMPATIBILITY_ONLY_NOT_PRODUCTION,15115.5905,13281.2450,167.8190,891,853,-0.01110238,,-0.01110238,-0.01110238,-167.8190,15115.5905,OK,0.0000,6.7128,4.0000,96.0000,AG03-UNRESOLVED,ALL5_LEVELS_bet23_to_bet27,6.7128,6.7128,6.7128,8.3909,8.3909,4.000000,4.000000,4.000000,5.000000,5.000000,96.000000,96.000000,96.000000,95.000000,95.000000,5.0,36.9202,33.8198,130.8988,133.9991,PENDING_AG03,FALSE,NOT_FOR_ENFORCEMENT,161.1062,12749.9952,167.8190,161.1062,6.7128,0.01110238,0.01065828,6.7128,161.1062,0.01065828,6.7128,6.7128,6.7128,8.3909,8.3909,161.1062,0.01065828,36.9202,33.8198,130.8988,133.9991,0.00865985,0.00886496,0.00044410,16.9647,15.5700,0.1967,20.9774,0.5708,1889.4488,106.6250,,16.9647,5.2352,10.4704,20.9408,39.2639,52.6635,155.808,7.8528,0.0,5.029755,14.880828,1.620261,29,115,5,6,0E-8,0.01110238,,0E-8,0.000000,0.878645,0.000000,,2026-03-22,2026-04-02,8,294,164,12,0.666667,,,0.000000,,,,,,,,GLOBAL_BASELINE_NO_ENTITY_RANKING,,,NOT_APPLICABLE_GLOBAL_BASELINE,HF9g-P5,,,,X 全窗基线 · 不参与实体赏罚,6870335,688,A168_HF9F_20260827_0900,2026-08-27 09:00:00
2026-03-28,115293628,1509,0,7.8995181294,2.3698554388,2.3698554388,0.5000000,2,2,0.50665070000000000,0.506650700000,-0.018812684590367487,-0.018812684590367487,-0.018812684590367487,0E-17,ELIGIBLE,R03b_20260811_FULL_v1,L1_ELIGIBILITY,v2026-08-11,2026-03-21..2026-08-06,baccarat_bet02_101_all_pairs_incl_sentinel,round_win = game_pnl > 0 (decisive only),COMPATIBILITY_ONLY_NOT_PRODUCTION,15115.5905,13281.2450,167.8190,891,853,-0.01110238,,-0.01110238,-0.01110238,-167.8190,15115.5905,OK,0.0000,6.7128,4.0000,96.0000,AG03-UNRESOLVED,ALL5_LEVELS_bet23_to_bet27,6.7128,6.7128,6.7128,8.3909,8.3909,4.000000,4.000000,4.000000,5.000000,5.000000,96.000000,96.000000,96.000000,95.000000,95.000000,5.0,36.9202,33.8198,130.8988,133.9991,PENDING_AG03,FALSE,NOT_FOR_ENFORCEMENT,161.1062,12749.9952,167.8190,161.1062,6.7128,0.01110238,0.01065828,6.7128,161.1062,0.01065828,6.7128,6.7128,6.7128,8.3909,8.3909,161.1062,0.01065828,36.9202,33.8198,130.8988,133.9991,0.00865985,0.00886496,0.00044410,16.9647,15.5700,0.1967,20.9774,0.5708,1889.4488,106.6250,,16.9647,5.2352,10.4704,20.9408,39.2639,52.6635,155.808,7.8528,0.0,5.029755,14.880828,1.620261,29,115,5,6,0E-8,0.01110238,,0E-8,0.000000,0.878645,0.000000,,2026-03-22,2026-04-02,8,294,164,12,0.666667,,,0.000000,,,,,,,,GLOBAL_BASELINE_NO_ENTITY_RANKING,,,NOT_APPLICABLE_GLOBAL_BASELINE,HF9g-P5,,,,X 全窗基线 · 不参与实体赏罚,6870336,688,A168_HF9F_20260827_0900,2026-08-27 09:00:00
2026-03-28,115293628,1646,0,5.2663454196,5.0030281486,5.0030281486,1.0000000,1,1,0.50665070000000000,0.506650700000,0.9867858985152569,0.9867858985152569,0.9867858985152569,0E-17,ELIGIBLE,R03b_20260811_FULL_v1,L1_ELIGIBILITY,v2026-08-11,2026-03-21..2026-08-06,baccarat_bet02_101_all_pairs_incl_sentinel,round_win = game_pnl > 0 (decisive only),COMPATIBILITY_ONLY_NOT_PRODUCTION,15115.5905,13281.2450,167.8190,891,853,-0.01110238,,-0.01110238,-0.01110238,-167.8190,15115.5905,OK,0.0000,6.7128,4.0000,96.0000,AG03-UNRESOLVED,ALL5_LEVELS_bet23_to_bet27,6.7128,6.7128,6.7128,8.3909,8.3909,4.000000,4.000000,4.000000,5.000000,5.000000,96.000000,96.000000,96.000000,95.000000,95.000000,5.0,36.9202,33.8198,130.8988,133.9991,PENDING_AG03,FALSE,NOT_FOR_ENFORCEMENT,161.1062,12749.9952,167.8190,161.1062,6.7128,0.01110238,0.01065828,6.7128,161.1062,0.01065828,6.7128,6.7128,6.7128,8.3909,8.3909,161.1062,0.01065828,36.9202,33.8198,130.8988,133.9991,0.00865985,0.00886496,0.00044410,16.9647,15.5700,0.1967,20.9774,0.5708,1889.4488,106.6250,,16.9647,5.2352,10.4704,20.9408,39.2639,52.6635,155.808,7.8528,0.0,5.029755,14.880828,1.620261,29,115,5,6,0E-8,0.01110238,,0E-8,0.000000,0.878645,0.000000,,2026-03-22,2026-04-02,8,294,164,12,0.666667,,,0.000000,,,,,,,,GLOBAL_BASELINE_NO_ENTITY_RANKING,,,NOT_APPLICABLE_GLOBAL_BASELINE,HF9g-P5,,,,X 全窗基线 · 不参与实体赏罚,6870337,688,A168_HF9F_20260827_0900,2026-08-27 09:00:00
2026-03-28,115293628,1654,0,50.0302814862,21.8553334913,21.8553334913,0.6666667,3,3,0.50218230000000000,0.502182300000,0.5697959874915163,0.5697959874915164,0.5697959874915163,0E-17,ELIGIBLE,R03b_20260811_FULL_v1,L1_ELIGIBILITY,v2026-08-11,2026-03-21..2026-08-06,baccarat_bet02_101_all_pairs_incl_sentinel,round_win = game_pnl > 0 (decisive only),COMPATIBILITY_ONLY_NOT_PRODUCTION,15115.5905,13281.2450,167.8190,891,853,-0.01110238,,-0.01110238,-0.01110238,-167.8190,15115.5905,OK,0.0000,6.7128,4.0000,96.0000,AG03-UNRESOLVED,ALL5_LEVELS_bet23_to_bet27,6.7128,6.7128,6.7128,8.3909,8.3909,4.000000,4.000000,4.000000,5.000000,5.000000,96.000000,96.000000,96.000000,95.000000,95.000000,5.0,36.9202,33.8198,130.8988,133.9991,PENDING_AG03,FALSE,NOT_FOR_ENFORCEMENT,161.1062,12749.9952,167.8190,161.1062,6.7128,0.01110238,0.01065828,6.7128,161.1062,0.01065828,6.7128,6.7128,6.7128,8.3909,8.3909,161.1062,0.01065828,36.9202,33.8198,130.8988,133.9991,0.00865985,0.00886496,0.00044410,16.9647,15.5700,0.1967,20.9774,0.5708,1889.4488,106.6250,,16.9647,5.2352,10.4704,20.9408,39.2639,52.6635,155.808,7.8528,0.0,5.029755,14.880828,1.620261,29,115,5,6,0E-8,0.01110238,,0E-8,0.000000,0.878645,0.000000,,2026-03-22,2026-04-02,8,294,164,12,0.666667,,,0.000000,,,,,,,,GLOBAL_BASELINE_NO_ENTITY_RANKING,,,NOT_APPLICABLE_GLOBAL_BASELINE,HF9g-P5,,,,X 全窗基线 · 不参与实体赏罚,6870338,688,A168_HF9F_20260827_0900,2026-08-27 09:00:00
2026-03-28,115293628,1702,0,2.6331727098,2.6331727098,2.6331727098,1.0000000,1,1,0.49324550000000000,0.493245500000,1.01360149184955,1.01360149184955,1.01360149184955,0E-17,ELIGIBLE,R03b_20260811_FULL_v1,L1_ELIGIBILITY,v2026-08-11,2026-03-21..2026-08-06,baccarat_bet02_101_all_pairs_incl_sentinel,round_win = game_pnl > 0 (decisive only),COMPATIBILITY_ONLY_NOT_PRODUCTION,15115.5905,13281.2450,167.8190,891,853,-0.01110238,,-0.01110238,-0.01110238,-167.8190,15115.5905,OK,0.0000,6.7128,4.0000,96.0000,AG03-UNRESOLVED,ALL5_LEVELS_bet23_to_bet27,6.7128,6.7128,6.7128,8.3909,8.3909,4.000000,4.000000,4.000000,5.000000,5.000000,96.000000,96.000000,96.000000,95.000000,95.000000,5.0,36.9202,33.8198,130.8988,133.9991,PENDING_AG03,FALSE,NOT_FOR_ENFORCEMENT,161.1062,12749.9952,167.8190,161.1062,6.7128,0.01110238,0.01065828,6.7128,161.1062,0.01065828,6.7128,6.7128,6.7128,8.3909,8.3909,161.1062,0.01065828,36.9202,33.8198,130.8988,133.9991,0.00865985,0.00886496,0.00044410,16.9647,15.5700,0.1967,20.9774,0.5708,1889.4488,106.6250,,16.9647,5.2352,10.4704,20.9408,39.2639,52.6635,155.808,7.8528,0.0,5.029755,14.880828,1.620261,29,115,5,6,0E-8,0.01110238,,0E-8,0.000000,0.878645,0.000000,,2026-03-22,2026-04-02,8,294,164,12,0.666667,,,0.000000,,,,,,,,GLOBAL_BASELINE_NO_ENTITY_RANKING,,,NOT_APPLICABLE_GLOBAL_BASELINE,HF9g-P5,,,,X 全窗基线 · 不参与实体赏罚,6870339,688,A168_HF9F_20260827_0900,2026-08-27 09:00:00
2026-03-28,115293628,1704,0,5.2663454196,5.0030281486,5.0030281486,1.0000000,1,1,0.50665070000000000,0.506650700000,0.9867858985152569,0.9867858985152569,0.9867858985152569,0E-17,ELIGIBLE,R03b_20260811_FULL_v1,L1_ELIGIBILITY,v2026-08-11,2026-03-21..2026-08-06,baccarat_bet02_101_all_pairs_incl_sentinel,round_win = game_pnl > 0 (decisive only),COMPATIBILITY_ONLY_NOT_PRODUCTION,15115.5905,13281.2450,167.8190,891,853,-0.01110238,,-0.01110238,-0.01110238,-167.8190,15115.5905,OK,0.0000,6.7128,4.0000,96.0000,AG03-UNRESOLVED,ALL5_LEVELS_bet23_to_bet27,6.7128,6.7128,6.7128,8.3909,8.3909,4.000000,4.000000,4.000000,5.000000,5.000000,96.000000,96.000000,96.000000,95.000000,95.000000,5.0,36.9202,33.8198,130.8988,133.9991,PENDING_AG03,FALSE,NOT_FOR_ENFORCEMENT,161.1062,12749.9952,167.8190,161.1062,6.7128,0.01110238,0.01065828,6.7128,161.1062,0.01065828,6.7128,6.7128,6.7128,8.3909,8.3909,161.1062,0.01065828,36.9202,33.8198,130.8988,133.9991,0.00865985,0.00886496,0.00044410,16.9647,15.5700,0.1967,20.9774,0.5708,1889.4488,106.6250,,16.9647,5.2352,10.4704,20.9408,39.2639,52.6635,155.808,7.8528,0.0,5.029755,14.880828,1.620261,29,115,5,6,0E-8,0.01110238,,0E-8,0.000000,0.878645,0.000000,,2026-03-22,2026-04-02,8,294,164,12,0.666667,,,0.000000,,,,,,,,GLOBAL_BASELINE_NO_ENTITY_RANKING,,,NOT_APPLICABLE_GLOBAL_BASELINE,HF9g-P5,,,,X 全窗基线 · 不参与实体赏罚,6870340,688,A168_HF9F_20260827_0900,2026-08-27 09:00:00
2026-03-28,115293628,1963,0,10.5326908392,-10.5326908392,-10.5326908392,0E-7,1,1,0.50665070000000000,0.506650700000,-1.013391052207602,-1.013391052207602,-1.013391052207602,0E-17,ELIGIBLE,R03b_20260811_FULL_v1,L1_ELIGIBILITY,v2026-08-11,2026-03-21..2026-08-06,baccarat_bet02_101_all_pairs_incl_sentinel,round_win = game_pnl > 0 (decisive only),COMPATIBILITY_ONLY_NOT_PRODUCTION,15115.5905,13281.2450,167.8190,891,853,-0.01110238,,-0.01110238,-0.01110238,-167.8190,15115.5905,OK,0.0000,6.7128,4.0000,96.0000,AG03-UNRESOLVED,ALL5_LEVELS_bet23_to_bet27,6.7128,6.7128,6.7128,8.3909,8.3909,4.000000,4.000000,4.000000,5.000000,5.000000,96.000000,96.000000,96.000000,95.000000,95.000000,5.0,36.9202,33.8198,130.8988,133.9991,PENDING_AG03,FALSE,NOT_FOR_ENFORCEMENT,161.1062,12749.9952,167.8190,161.1062,6.7128,0.01110238,0.01065828,6.7128,161.1062,0.01065828,6.7128,6.7128,6.7128,8.3909,8.3909,161.1062,0.01065828,36.9202,33.8198,130.8988,133.9991,0.00865985,0.00886496,0.00044410,16.9647,15.5700,0.1967,20.9774,0.5708,1889.4488,106.6250,,16.9647,5.2352,10.4704,20.9408,39.2639,52.6635,155.808,7.8528,0.0,5.029755,14.880828,1.620261,29,115,5,6,0E-8,0.01110238,,0E-8,0.000000,0.878645,0.000000,,2026-03-22,2026-04-02,8,294,164,12,0.666667,,,0.000000,,,,,,,,GLOBAL_BASELINE_NO_ENTITY_RANKING,,,NOT_APPLICABLE_GLOBAL_BASELINE,HF9g-P5,,,,X 全窗基线 · 不参与实体赏罚,6870341,688,A168_HF9F_20260827_0900,2026-08-27 09:00:00
2026-03-28,115293628,2121,0,5.2663454196,5.0030281486,5.0030281486,1.0000000,1,1,0.50665070000000000,0.506650700000,0.9867858985152569,0.9867858985152569,0.9867858985152569,0E-17,ELIGIBLE,R03b_20260811_FULL_v1,L1_ELIGIBILITY,v2026-08-11,2026-03-21..2026-08-06,baccarat_bet02_101_all_pairs_incl_sentinel,round_win = game_pnl > 0 (decisive only),COMPATIBILITY_ONLY_NOT_PRODUCTION,15115.5905,13281.2450,167.8190,891,853,-0.01110238,,-0.01110238,-0.01110238,-167.8190,15115.5905,OK,0.0000,6.7128,4.0000,96.0000,AG03-UNRESOLVED,ALL5_LEVELS_bet23_to_bet27,6.7128,6.7128,6.7128,8.3909,8.3909,4.000000,4.000000,4.000000,5.000000,5.000000,96.000000,96.000000,96.000000,95.000000,95.000000,5.0,36.9202,33.8198,130.8988,133.9991,PENDING_AG03,FALSE,NOT_FOR_ENFORCEMENT,161.1062,12749.9952,167.8190,161.1062,6.7128,0.01110238,0.01065828,6.7128,161.1062,0.01065828,6.7128,6.7128,6.7128,8.3909,8.3909,161.1062,0.01065828,36.9202,33.8198,130.8988,133.9991,0.00865985,0.00886496,0.00044410,16.9647,15.5700,0.1967,20.9774,0.5708,1889.4488,106.6250,,16.9647,5.2352,10.4704,20.9408,39.2639,52.6635,155.808,7.8528,0.0,5.029755,14.880828,1.620261,29,115,5,6,0E-8,0.01110238,,0E-8,0.000000,0.878645,0.000000,,2026-03-22,2026-04-02,8,294,164,12,0.666667,,,0.000000,,,,,,,,GLOBAL_BASELINE_NO_ENTITY_RANKING,,,NOT_APPLICABLE_GLOBAL_BASELINE,HF9g-P5,,,,X 全窗基线 · 不参与实体赏罚,6870342,688,A168_HF9F_20260827_0900,2026-08-27 09:00:00
2026-03-28,115293628,2141,0,13.1658635490,12.5075703715,12.5075703715,1.0000000,1,1,0.50665070000000000,0.506650700000,0.9867858985152569,0.9867858985152569,0.9867858985152569,0E-17,ELIGIBLE,R03b_20260811_FULL_v1,L1_ELIGIBILITY,v2026-08-11,2026-03-21..2026-08-06,baccarat_bet02_101_all_pairs_incl_sentinel,round_win = game_pnl > 0 (decisive only),COMPATIBILITY_ONLY_NOT_PRODUCTION,15115.5905,13281.2450,167.8190,891,853,-0.01110238,,-0.01110238,-0.01110238,-167.8190,15115.5905,OK,0.0000,6.7128,4.0000,96.0000,AG03-UNRESOLVED,ALL5_LEVELS_bet23_to_bet27,6.7128,6.7128,6.7128,8.3909,8.3909,4.000000,4.000000,4.000000,5.000000,5.000000,96.000000,96.000000,96.000000,95.000000,95.000000,5.0,36.9202,33.8198,130.8988,133.9991,PENDING_AG03,FALSE,NOT_FOR_ENFORCEMENT,161.1062,12749.9952,167.8190,161.1062,6.7128,0.01110238,0.01065828,6.7128,161.1062,0.01065828,6.7128,6.7128,6.7128,8.3909,8.3909,161.1062,0.01065828,36.9202,33.8198,130.8988,133.9991,0.00865985,0.00886496,0.00044410,16.9647,15.5700,0.1967,20.9774,0.5708,1889.4488,106.6250,,16.9647,5.2352,10.4704,20.9408,39.2639,52.6635,155.808,7.8528,0.0,5.029755,14.880828,1.620261,29,115,5,6,0E-8,0.01110238,,0E-8,0.000000,0.878645,0.000000,,2026-03-22,2026-04-02,8,294,164,12,0.666667,,,0.000000,,,,,,,,GLOBAL_BASELINE_NO_ENTITY_RANKING,,,NOT_APPLICABLE_GLOBAL_BASELINE,HF9g-P5,,,,X 全窗基线 · 不参与实体赏罚,6870343,688,A168_HF9F_20260827_0900,2026-08-27 09:00:00
2026-03-28,115293628,2209,0,56.6132132607,40.2875424599,40.2875424599,0.6000000,5,5,0.49860758000000000,0.498607580000,0.4534424453485946,0.4534424453485946,0.4534424453485946,0E-17,ELIGIBLE,R03b_20260811_FULL_v1,L1_ELIGIBILITY,v2026-08-11,2026-03-21..2026-08-06,baccarat_bet02_101_all_pairs_incl_sentinel,round_win = game_pnl > 0 (decisive only),COMPATIBILITY_ONLY_NOT_PRODUCTION,15115.5905,13281.2450,167.8190,891,853,-0.01110238,,-0.01110238,-0.01110238,-167.8190,15115.5905,OK,0.0000,6.7128,4.0000,96.0000,AG03-UNRESOLVED,ALL5_LEVELS_bet23_to_bet27,6.7128,6.7128,6.7128,8.3909,8.3909,4.000000,4.000000,4.000000,5.000000,5.000000,96.000000,96.000000,96.000000,95.000000,95.000000,5.0,36.9202,33.8198,130.8988,133.9991,PENDING_AG03,FALSE,NOT_FOR_ENFORCEMENT,161.1062,12749.9952,167.8190,161.1062,6.7128,0.01110238,0.01065828,6.7128,161.1062,0.01065828,6.7128,6.7128,6.7128,8.3909,8.3909,161.1062,0.01065828,36.9202,33.8198,130.8988,133.9991,0.00865985,0.00886496,0.00044410,16.9647,15.5700,0.1967,20.9774,0.5708,1889.4488,106.6250,,16.9647,5.2352,10.4704,20.9408,39.2639,52.6635,155.808,7.8528,0.0,5.029755,14.880828,1.620261,29,115,5,6,0E-8,0.01110238,,0E-8,0.000000,0.878645,0.000000,,2026-03-22,2026-04-02,8,294,164,12,0.666667,,,0.000000,,,,,,,,GLOBAL_BASELINE_NO_ENTITY_RANKING,,,NOT_APPLICABLE_GLOBAL_BASELINE,HF9g-P5,,,,X 全窗基线 · 不参与实体赏罚,6870344,688,A168_HF9F_20260827_0900,2026-08-27 09:00:00
2026-03-28,115293628,2218,0,15.7990362588,-5.5296626906,-5.5296626906,0.3333333,3,3,0.49771390000000000,0.497713900000,-0.5694369385616226,-0.5694369385616226,-0.5694369385616226,0E-17,ELIGIBLE,R03b_20260811_FULL_v1,L1_ELIGIBILITY,v2026-08-11,2026-03-21..2026-08-06,baccarat_bet02_101_all_pairs_incl_sentinel,round_win = game_pnl > 0 (decisive only),COMPATIBILITY_ONLY_NOT_PRODUCTION,15115.5905,13281.2450,167.8190,891,853,-0.01110238,,-0.01110238,-0.01110238,-167.8190,15115.5905,OK,0.0000,6.7128,4.0000,96.0000,AG03-UNRESOLVED,ALL5_LEVELS_bet23_to_bet27,6.7128,6.7128,6.7128,8.3909,8.3909,4.000000,4.000000,4.000000,5.000000,5.000000,96.000000,96.000000,96.000000,95.000000,95.000000,5.0,36.9202,33.8198,130.8988,133.9991,PENDING_AG03,FALSE,NOT_FOR_ENFORCEMENT,161.1062,12749.9952,167.8190,161.1062,6.7128,0.01110238,0.01065828,6.7128,161.1062,0.01065828,6.7128,6.7128,6.7128,8.3909,8.3909,161.1062,0.01065828,36.9202,33.8198,130.8988,133.9991,0.00865985,0.00886496,0.00044410,16.9647,15.5700,0.1967,20.9774,0.5708,1889.4488,106.6250,,16.9647,5.2352,10.4704,20.9408,39.2639,52.6635,155.808,7.8528,0.0,5.029755,14.880828,1.620261,29,115,5,6,0E-8,0.01110238,,0E-8,0.000000,0.878645,0.000000,,2026-03-22,2026-04-02,8,294,164,12,0.666667,,,0.000000,,,,,,,,GLOBAL_BASELINE_NO_ENTITY_RANKING,,,NOT_APPLICABLE_GLOBAL_BASELINE,HF9g-P5,,,,X 全窗基线 · 不参与实体赏罚,6870345,688,A168_HF9F_20260827_0900,2026-08-27 09:00:00
2026-03-28,115293628,2223,0,23.6985543882,-23.6985543882,-23.6985543882,0E-7,4,4,0.49324550000000000,0.493245500000,-1.973162052426085,-1.973162052426085,-1.973162052426085,0E-17,ELIGIBLE,R03b_20260811_FULL_v1,L1_ELIGIBILITY,v2026-08-11,2026-03-21..2026-08-06,baccarat_bet02_101_all_pairs_incl_sentinel,round_win = game_pnl > 0 (decisive only),COMPATIBILITY_ONLY_NOT_PRODUCTION,15115.5905,13281.2450,167.8190,891,853,-0.01110238,,-0.01110238,-0.01110238,-167.8190,15115.5905,OK,0.0000,6.7128,4.0000,96.0000,AG03-UNRESOLVED,ALL5_LEVELS_bet23_to_bet27,6.7128,6.7128,6.7128,8.3909,8.3909,4.000000,4.000000,4.000000,5.000000,5.000000,96.000000,96.000000,96.000000,95.000000,95.000000,5.0,36.9202,33.8198,130.8988,133.9991,PENDING_AG03,FALSE,NOT_FOR_ENFORCEMENT,161.1062,12749.9952,167.8190,161.1062,6.7128,0.01110238,0.01065828,6.7128,161.1062,0.01065828,6.7128,6.7128,6.7128,8.3909,8.3909,161.1062,0.01065828,36.9202,33.8198,130.8988,133.9991,0.00865985,0.00886496,0.00044410,16.9647,15.5700,0.1967,20.9774,0.5708,1889.4488,106.6250,,16.9647,5.2352,10.4704,20.9408,39.2639,52.6635,155.808,7.8528,0.0,5.029755,14.880828,1.620261,29,115,5,6,0E-8,0.01110238,,0E-8,0.000000,0.878645,0.000000,,2026-03-22,2026-04-02,8,294,164,12,0.666667,,,0.000000,,,,,,,,GLOBAL_BASELINE_NO_ENTITY_RANKING,,,NOT_APPLICABLE_GLOBAL_BASELINE,HF9g-P5,,,,X 全窗基线 · 不参与实体赏罚,6870346,688,A168_HF9F_20260827_0900,2026-08-27 09:00:00
2026-03-28,115293628,2224,0,18.4322089686,17.7739157911,17.7739157911,1.0000000,2,2,0.49994810000000000,0.499948100000,1.4143603653603398,1.4143603653603398,1.4143603653603398,0E-17,ELIGIBLE,R03b_20260811_FULL_v1,L1_ELIGIBILITY,v2026-08-11,2026-03-21..2026-08-06,baccarat_bet02_101_all_pairs_incl_sentinel,round_win = game_pnl > 0 (decisive only),COMPATIBILITY_ONLY_NOT_PRODUCTION,15115.5905,13281.2450,167.8190,891,853,-0.01110238,,-0.01110238,-0.01110238,-167.8190,15115.5905,OK,0.0000,6.7128,4.0000,96.0000,AG03-UNRESOLVED,ALL5_LEVELS_bet23_to_bet27,6.7128,6.7128,6.7128,8.3909,8.3909,4.000000,4.000000,4.000000,5.000000,5.000000,96.000000,96.000000,96.000000,95.000000,95.000000,5.0,36.9202,33.8198,130.8988,133.9991,PENDING_AG03,FALSE,NOT_FOR_ENFORCEMENT,161.1062,12749.9952,167.8190,161.1062,6.7128,0.01110238,0.01065828,6.7128,161.1062,0.01065828,6.7128,6.7128,6.7128,8.3909,8.3909,161.1062,0.01065828,36.9202,33.8198,130.8988,133.9991,0.00865985,0.00886496,0.00044410,16.9647,15.5700,0.1967,20.9774,0.5708,1889.4488,106.6250,,16.9647,5.2352,10.4704,20.9408,39.2639,52.6635,155.808,7.8528,0.0,5.029755,14.880828,1.620261,29,115,5,6,0E-8,0.01110238,,0E-8,0.000000,0.878645,0.000000,,2026-03-22,2026-04-02,8,294,164,12,0.666667,,,0.000000,,,,,,,,GLOBAL_BASELINE_NO_ENTITY_RANKING,,,NOT_APPLICABLE_GLOBAL_BASELINE,HF9g-P5,,,,X 全窗基线 · 不参与实体赏罚,6870347,688,A168_HF9F_20260827_0900,2026-08-27 09:00:00
2026-03-28,115293628,2244,0,97.4273902626,-45.2905706086,-45.2905706086,0.3333333,5,4,0.49547970000000000,0.494921150000,-0.5617144462762695,-0.5597854964638329,-0.5617144462762695,0.00055855000000000,ELIGIBLE,R03b_20260811_FULL_v1,L1_ELIGIBILITY,v2026-08-11,2026-03-21..2026-08-06,baccarat_bet02_101_all_pairs_incl_sentinel,round_win = game_pnl > 0 (decisive only),COMPATIBILITY_ONLY_NOT_PRODUCTION,15115.5905,13281.2450,167.8190,891,853,-0.01110238,,-0.01110238,-0.01110238,-167.8190,15115.5905,OK,0.0000,6.7128,4.0000,96.0000,AG03-UNRESOLVED,ALL5_LEVELS_bet23_to_bet27,6.7128,6.7128,6.7128,8.3909,8.3909,4.000000,4.000000,4.000000,5.000000,5.000000,96.000000,96.000000,96.000000,95.000000,95.000000,5.0,36.9202,33.8198,130.8988,133.9991,PENDING_AG03,FALSE,NOT_FOR_ENFORCEMENT,161.1062,12749.9952,167.8190,161.1062,6.7128,0.01110238,0.01065828,6.7128,161.1062,0.01065828,6.7128,6.7128,6.7128,8.3909,8.3909,161.1062,0.01065828,36.9202,33.8198,130.8988,133.9991,0.00865985,0.00886496,0.00044410,16.9647,15.5700,0.1967,20.9774,0.5708,1889.4488,106.6250,,16.9647,5.2352,10.4704,20.9408,39.2639,52.6635,155.808,7.8528,0.0,5.029755,14.880828,1.620261,29,115,5,6,0E-8,0.01110238,,0E-8,0.000000,0.878645,0.000000,,2026-03-22,2026-04-02,8,294,164,12,0.666667,,,0.000000,,,,,,,,GLOBAL_BASELINE_NO_ENTITY_RANKING,,,NOT_APPLICABLE_GLOBAL_BASELINE,HF9g-P5,,,,X 全窗基线 · 不参与实体赏罚,6870348,688,A168_HF9F_20260827_0900,2026-08-27 09:00:00
2026-03-28,115293628,2252,0,13.1658635490,12.5075703715,12.5075703715,1.0000000,1,1,0.50665070000000000,0.506650700000,0.9867858985152569,0.9867858985152569,0.9867858985152569,0E-17,ELIGIBLE,R03b_20260811_FULL_v1,L1_ELIGIBILITY,v2026-08-11,2026-03-21..2026-08-06,baccarat_bet02_101_all_pairs_incl_sentinel,round_win = game_pnl > 0 (decisive only),COMPATIBILITY_ONLY_NOT_PRODUCTION,15115.5905,13281.2450,167.8190,891,853,-0.01110238,,-0.01110238,-0.01110238,-167.8190,15115.5905,OK,0.0000,6.7128,4.0000,96.0000,AG03-UNRESOLVED,ALL5_LEVELS_bet23_to_bet27,6.7128,6.7128,6.7128,8.3909,8.3909,4.000000,4.000000,4.000000,5.000000,5.000000,96.000000,96.000000,96.000000,95.000000,95.000000,5.0,36.9202,33.8198,130.8988,133.9991,PENDING_AG03,FALSE,NOT_FOR_ENFORCEMENT,161.1062,12749.9952,167.8190,161.1062,6.7128,0.01110238,0.01065828,6.7128,161.1062,0.01065828,6.7128,6.7128,6.7128,8.3909,8.3909,161.1062,0.01065828,36.9202,33.8198,130.8988,133.9991,0.00865985,0.00886496,0.00044410,16.9647,15.5700,0.1967,20.9774,0.5708,1889.4488,106.6250,,16.9647,5.2352,10.4704,20.9408,39.2639,52.6635,155.808,7.8528,0.0,5.029755,14.880828,1.620261,29,115,5,6,0E-8,0.01110238,,0E-8,0.000000,0.878645,0.000000,,2026-03-22,2026-04-02,8,294,164,12,0.666667,,,0.000000,,,,,,,,GLOBAL_BASELINE_NO_ENTITY_RANKING,,,NOT_APPLICABLE_GLOBAL_BASELINE,HF9g-P5,,,,X 全窗基线 · 不参与实体赏罚,6870349,688,A168_HF9F_20260827_0900,2026-08-27 09:00:00
2026-03-28,115293628,471,0,2.6331727098,2.5015140743,2.5015140743,1.0000000,1,1,0.50665070000000000,0.506650700000,0.9867858985152569,0.9867858985152569,0.9867858985152569,0E-17,ELIGIBLE,R03b_20260811_FULL_v1,L1_ELIGIBILITY,v2026-08-11,2026-03-21..2026-08-06,baccarat_bet02_101_all_pairs_incl_sentinel,round_win = game_pnl > 0 (decisive only),COMPATIBILITY_ONLY_NOT_PRODUCTION,15115.5905,13281.2450,167.8190,891,853,-0.01110238,,-0.01110238,-0.01110238,-167.8190,15115.5905,OK,0.0000,6.7128,4.0000,96.0000,AG03-UNRESOLVED,ALL5_LEVELS_bet23_to_bet27,6.7128,6.7128,6.7128,8.3909,8.3909,4.000000,4.000000,4.000000,5.000000,5.000000,96.000000,96.000000,96.000000,95.000000,95.000000,5.0,36.9202,33.8198,130.8988,133.9991,PENDING_AG03,FALSE,NOT_FOR_ENFORCEMENT,161.1062,12749.9952,167.8190,161.1062,6.7128,0.01110238,0.01065828,6.7128,161.1062,0.01065828,6.7128,6.7128,6.7128,8.3909,8.3909,161.1062,0.01065828,36.9202,33.8198,130.8988,133.9991,0.00865985,0.00886496,0.00044410,16.9647,15.5700,0.1967,20.9774,0.5708,1889.4488,106.6250,,16.9647,5.2352,10.4704,20.9408,39.2639,52.6635,155.808,7.8528,0.0,5.029755,14.880828,1.620261,29,115,5,6,0E-8,0.01110238,,0E-8,0.000000,0.878645,0.000000,,2026-03-22,2026-04-02,8,294,164,12,0.666667,,,0.000000,,,,,,,,GLOBAL_BASELINE_NO_ENTITY_RANKING,,,NOT_APPLICABLE_GLOBAL_BASELINE,HF9g-P5,,,,X 全窗基线 · 不参与实体赏罚,6870350,688,A168_HF9F_20260827_0900,2026-08-27 09:00:00
2026-03-28,115293628,526,0,47.3971087764,15.7990362588,15.7990362588,0.5000000,2,2,0.49324550000000000,0.493245500000,0.01910635448239258,0.01910635448239258,0.01910635448239258,0E-17,ELIGIBLE,R03b_20260811_FULL_v1,L1_ELIGIBILITY,v2026-08-11,2026-03-21..2026-08-06,baccarat_bet02_101_all_pairs_incl_sentinel,round_win = game_pnl > 0 (decisive only),COMPATIBILITY_ONLY_NOT_PRODUCTION,15115.5905,13281.2450,167.8190,891,853,-0.01110238,,-0.01110238,-0.01110238,-167.8190,15115.5905,OK,0.0000,6.7128,4.0000,96.0000,AG03-UNRESOLVED,ALL5_LEVELS_bet23_to_bet27,6.7128,6.7128,6.7128,8.3909,8.3909,4.000000,4.000000,4.000000,5.000000,5.000000,96.000000,96.000000,96.000000,95.000000,95.000000,5.0,36.9202,33.8198,130.8988,133.9991,PENDING_AG03,FALSE,NOT_FOR_ENFORCEMENT,161.1062,12749.9952,167.8190,161.1062,6.7128,0.01110238,0.01065828,6.7128,161.1062,0.01065828,6.7128,6.7128,6.7128,8.3909,8.3909,161.1062,0.01065828,36.9202,33.8198,130.8988,133.9991,0.00865985,0.00886496,0.00044410,16.9647,15.5700,0.1967,20.9774,0.5708,1889.4488,106.6250,,16.9647,5.2352,10.4704,20.9408,39.2639,52.6635,155.808,7.8528,0.0,5.029755,14.880828,1.620261,29,115,5,6,0E-8,0.01110238,,0E-8,0.000000,0.878645,0.000000,,2026-03-22,2026-04-02,8,294,164,12,0.666667,,,0.000000,,,,,,,,GLOBAL_BASELINE_NO_ENTITY_RANKING,,,NOT_APPLICABLE_GLOBAL_BASELINE,HF9g-P5,,,,X 全窗基线 · 不参与实体赏罚,6870351,688,A168_HF9F_20260827_0900,2026-08-27 09:00:00
2026-03-28,115293628,529,0,5.2663454196,5.0030281486,5.0030281486,1.0000000,1,1,0.50665070000000000,0.506650700000,0.9867858985152569,0.9867858985152569,0.9867858985152569,0E-17,ELIGIBLE,R03b_20260811_FULL_v1,L1_ELIGIBILITY,v2026-08-11,2026-03-21..2026-08-06,baccarat_bet02_101_all_pairs_incl_sentinel,round_win = game_pnl > 0 (decisive only),COMPATIBILITY_ONLY_NOT_PRODUCTION,15115.5905,13281.2450,167.8190,891,853,-0.01110238,,-0.01110238,-0.01110238,-167.8190,15115.5905,OK,0.0000,6.7128,4.0000,96.0000,AG03-UNRESOLVED,ALL5_LEVELS_bet23_to_bet27,6.7128,6.7128,6.7128,8.3909,8.3909,4.000000,4.000000,4.000000,5.000000,5.000000,96.000000,96.000000,96.000000,95.000000,95.000000,5.0,36.9202,33.8198,130.8988,133.9991,PENDING_AG03,FALSE,NOT_FOR_ENFORCEMENT,161.1062,12749.9952,167.8190,161.1062,6.7128,0.01110238,0.01065828,6.7128,161.1062,0.01065828,6.7128,6.7128,6.7128,8.3909,8.3909,161.1062,0.01065828,36.9202,33.8198,130.8988,133.9991,0.00865985,0.00886496,0.00044410,16.9647,15.5700,0.1967,20.9774,0.5708,1889.4488,106.6250,,16.9647,5.2352,10.4704,20.9408,39.2639,52.6635,155.808,7.8528,0.0,5.029755,14.880828,1.620261,29,115,5,6,0E-8,0.01110238,,0E-8,0.000000,0.878645,0.000000,,2026-03-22,2026-04-02,8,294,164,12,0.666667,,,0.000000,,,,,,,,GLOBAL_BASELINE_NO_ENTITY_RANKING,,,NOT_APPLICABLE_GLOBAL_BASELINE,HF9g-P5,,,,X 全窗基线 · 不参与实体赏罚,6870352,688,A168_HF9F_20260827_0900,2026-08-27 09:00:00
2026-03-28,115293628,763,0,50.0302814862,12.5075703715,12.5075703715,0.6666667,6,5,0.50218230000000000,0.502629140000,0.5697959874915163,0.5682505170472736,0.5697959874915163,-0.00044684000000000,ELIGIBLE,R03b_20260811_FULL_v1,L1_ELIGIBILITY,v2026-08-11,2026-03-21..2026-08-06,baccarat_bet02_101_all_pairs_incl_sentinel,round_win = game_pnl > 0 (decisive only),COMPATIBILITY_ONLY_NOT_PRODUCTION,15115.5905,13281.2450,167.8190,891,853,-0.01110238,,-0.01110238,-0.01110238,-167.8190,15115.5905,OK,0.0000,6.7128,4.0000,96.0000,AG03-UNRESOLVED,ALL5_LEVELS_bet23_to_bet27,6.7128,6.7128,6.7128,8.3909,8.3909,4.000000,4.000000,4.000000,5.000000,5.000000,96.000000,96.000000,96.000000,95.000000,95.000000,5.0,36.9202,33.8198,130.8988,133.9991,PENDING_AG03,FALSE,NOT_FOR_ENFORCEMENT,161.1062,12749.9952,167.8190,161.1062,6.7128,0.01110238,0.01065828,6.7128,161.1062,0.01065828,6.7128,6.7128,6.7128,8.3909,8.3909,161.1062,0.01065828,36.9202,33.8198,130.8988,133.9991,0.00865985,0.00886496,0.00044410,16.9647,15.5700,0.1967,20.9774,0.5708,1889.4488,106.6250,,16.9647,5.2352,10.4704,20.9408,39.2639,52.6635,155.808,7.8528,0.0,5.029755,14.880828,1.620261,29,115,5,6,0E-8,0.01110238,,0E-8,0.000000,0.878645,0.000000,,2026-03-22,2026-04-02,8,294,164,12,0.666667,,,0.000000,,,,,,,,GLOBAL_BASELINE_NO_ENTITY_RANKING,,,NOT_APPLICABLE_GLOBAL_BASELINE,HF9g-P5,,,,X 全窗基线 · 不参与实体赏罚,6870353,688,A168_HF9F_20260827_0900,2026-08-27 09:00:00
2026-03-29,115293628,-1,1,342.5757695448,230.6527635147,230.6527635147,0.7000000,11,11,0.50177608181818182,0.501776081818,1.2536860458013457,1.253686045802494,1.2536860458013457,1.8182E-13,SENTINEL_DEALER,R03b_20260811_FULL_v1,L1_ELIGIBILITY,v2026-08-11,2026-03-21..2026-08-06,baccarat_bet02_101_all_pairs_incl_sentinel,round_win = game_pnl > 0 (decisive only),COMPATIBILITY_ONLY_NOT_PRODUCTION,15115.5905,13281.2450,167.8190,891,853,-0.01110238,,-0.01110238,-0.01110238,-167.8190,15115.5905,OK,0.0000,6.7128,4.0000,96.0000,AG03-UNRESOLVED,ALL5_LEVELS_bet23_to_bet27,6.7128,6.7128,6.7128,8.3909,8.3909,4.000000,4.000000,4.000000,5.000000,5.000000,96.000000,96.000000,96.000000,95.000000,95.000000,5.0,36.9202,33.8198,130.8988,133.9991,PENDING_AG03,FALSE,NOT_FOR_ENFORCEMENT,161.1062,12749.9952,167.8190,161.1062,6.7128,0.01110238,0.01065828,6.7128,161.1062,0.01065828,6.7128,6.7128,6.7128,8.3909,8.3909,161.1062,0.01065828,36.9202,33.8198,130.8988,133.9991,0.00865985,0.00886496,0.00044410,16.9647,15.5700,0.1967,20.9774,0.5708,1889.4488,106.6250,,16.9647,5.2352,10.4704,20.9408,39.2639,52.6635,155.808,7.8528,0.0,5.029755,14.880828,1.620261,29,115,5,6,0E-8,0.01110238,,0E-8,0.000000,0.878645,0.000000,,2026-03-22,2026-04-02,8,294,164,12,0.666667,,,0.000000,,,,,,,,GLOBAL_BASELINE_NO_ENTITY_RANKING,,,NOT_APPLICABLE_GLOBAL_BASELINE,HF9g-P5,,,,X 全窗基线 · 不参与实体赏罚,6870354,688,A168_HF9F_20260827_0900,2026-08-27 09:00:00
2026-03-29,115293628,1505,0,55.2966269058,16.5889880717,16.5889880717,0.5000000,2,2,0.50665070000000000,0.506650700000,-0.018812684590367487,-0.018812684590367487,-0.018812684590367487,0E-17,ELIGIBLE,R03b_20260811_FULL_v1,L1_ELIGIBILITY,v2026-08-11,2026-03-21..2026-08-06,baccarat_bet02_101_all_pairs_incl_sentinel,round_win = game_pnl > 0 (decisive only),COMPATIBILITY_ONLY_NOT_PRODUCTION,15115.5905,13281.2450,167.8190,891,853,-0.01110238,,-0.01110238,-0.01110238,-167.8190,15115.5905,OK,0.0000,6.7128,4.0000,96.0000,AG03-UNRESOLVED,ALL5_LEVELS_bet23_to_bet27,6.7128,6.7128,6.7128,8.3909,8.3909,4.000000,4.000000,4.000000,5.000000,5.000000,96.000000,96.000000,96.000000,95.000000,95.000000,5.0,36.9202,33.8198,130.8988,133.9991,PENDING_AG03,FALSE,NOT_FOR_ENFORCEMENT,161.1062,12749.9952,167.8190,161.1062,6.7128,0.01110238,0.01065828,6.7128,161.1062,0.01065828,6.7128,6.7128,6.7128,8.3909,8.3909,161.1062,0.01065828,36.9202,33.8198,130.8988,133.9991,0.00865985,0.00886496,0.00044410,16.9647,15.5700,0.1967,20.9774,0.5708,1889.4488,106.6250,,16.9647,5.2352,10.4704,20.9408,39.2639,52.6635,155.808,7.8528,0.0,5.029755,14.880828,1.620261,29,115,5,6,0E-8,0.01110238,,0E-8,0.000000,0.878645,0.000000,,2026-03-22,2026-04-02,8,294,164,12,0.666667,,,0.000000,,,,,,,,GLOBAL_BASELINE_NO_ENTITY_RANKING,,,NOT_APPLICABLE_GLOBAL_BASELINE,HF9g-P5,,,,X 全窗基线 · 不参与实体赏罚,6870355,688,A168_HF9F_20260827_0900,2026-08-27 09:00:00
2026-03-29,115293628,1623,0,28.9648998078,27.7799720884,27.7799720884,1.0000000,2,2,0.49994810000000000,0.499948100000,1.4143603653603398,1.4143603653603398,1.4143603653603398,0E-17,ELIGIBLE,R03b_20260811_FULL_v1,L1_ELIGIBILITY,v2026-08-11,2026-03-21..2026-08-06,baccarat_bet02_101_all_pairs_incl_sentinel,round_win = game_pnl > 0 (decisive only),COMPATIBILITY_ONLY_NOT_PRODUCTION,15115.5905,13281.2450,167.8190,891,853,-0.01110238,,-0.01110238,-0.01110238,-167.8190,15115.5905,OK,0.0000,6.7128,4.0000,96.0000,AG03-UNRESOLVED,ALL5_LEVELS_bet23_to_bet27,6.7128,6.7128,6.7128,8.3909,8.3909,4.000000,4.000000,4.000000,5.000000,5.000000,96.000000,96.000000,96.000000,95.000000,95.000000,5.0,36.9202,33.8198,130.8988,133.9991,PENDING_AG03,FALSE,NOT_FOR_ENFORCEMENT,161.1062,12749.9952,167.8190,161.1062,6.7128,0.01110238,0.01065828,6.7128,161.1062,0.01065828,6.7128,6.7128,6.7128,8.3909,8.3909,161.1062,0.01065828,36.9202,33.8198,130.8988,133.9991,0.00865985,0.00886496,0.00044410,16.9647,15.5700,0.1967,20.9774,0.5708,1889.4488,106.6250,,16.9647,5.2352,10.4704,20.9408,39.2639,52.6635,155.808,7.8528,0.0,5.029755,14.880828,1.620261,29,115,5,6,0E-8,0.01110238,,0E-8,0.000000,0.878645,0.000000,,2026-03-22,2026-04-02,8,294,164,12,0.666667,,,0.000000,,,,,,,,GLOBAL_BASELINE_NO_ENTITY_RANKING,,,NOT_APPLICABLE_GLOBAL_BASELINE,HF9g-P5,,,,X 全窗基线 · 不参与实体赏罚,6870356,688,A168_HF9F_20260827_0900,2026-08-27 09:00:00
2026-03-29,115293628,1984,0,2.6331727098,-2.6331727098,-2.6331727098,0E-7,1,1,0.49324550000000000,0.493245500000,-0.9865810262130424,-0.9865810262130424,-0.9865810262130424,0E-17,ELIGIBLE,R03b_20260811_FULL_v1,L1_ELIGIBILITY,v2026-08-11,2026-03-21..2026-08-06,baccarat_bet02_101_all_pairs_incl_sentinel,round_win = game_pnl > 0 (decisive only),COMPATIBILITY_ONLY_NOT_PRODUCTION,15115.5905,13281.2450,167.8190,891,853,-0.01110238,,-0.01110238,-0.01110238,-167.8190,15115.5905,OK,0.0000,6.7128,4.0000,96.0000,AG03-UNRESOLVED,ALL5_LEVELS_bet23_to_bet27,6.7128,6.7128,6.7128,8.3909,8.3909,4.000000,4.000000,4.000000,5.000000,5.000000,96.000000,96.000000,96.000000,95.000000,95.000000,5.0,36.9202,33.8198,130.8988,133.9991,PENDING_AG03,FALSE,NOT_FOR_ENFORCEMENT,161.1062,12749.9952,167.8190,161.1062,6.7128,0.01110238,0.01065828,6.7128,161.1062,0.01065828,6.7128,6.7128,6.7128,8.3909,8.3909,161.1062,0.01065828,36.9202,33.8198,130.8988,133.9991,0.00865985,0.00886496,0.00044410,16.9647,15.5700,0.1967,20.9774,0.5708,1889.4488,106.6250,,16.9647,5.2352,10.4704,20.9408,39.2639,52.6635,155.808,7.8528,0.0,5.029755,14.880828,1.620261,29,115,5,6,0E-8,0.01110238,,0E-8,0.000000,0.878645,0.000000,,2026-03-22,2026-04-02,8,294,164,12,0.666667,,,0.000000,,,,,,,,GLOBAL_BASELINE_NO_ENTITY_RANKING,,,NOT_APPLICABLE_GLOBAL_BASELINE,HF9g-P5,,,,X 全窗基线 · 不参与实体赏罚,6870357,688,A168_HF9F_20260827_0900,2026-08-27 09:00:00
2026-03-29,115293628,1994,0,14.4824499039,0E-10,0E-10,,2,1,0.50177608181818182,0.499948100000,,,,0.00182798181818182,NO_DECISIVE_ROUND,R03b_20260811_FULL_v1,L1_ELIGIBILITY,v2026-08-11,2026-03-21..2026-08-06,baccarat_bet02_101_all_pairs_incl_sentinel,round_win = game_pnl > 0 (decisive only),COMPATIBILITY_ONLY_NOT_PRODUCTION,15115.5905,13281.2450,167.8190,891,853,-0.01110238,,-0.01110238,-0.01110238,-167.8190,15115.5905,OK,0.0000,6.7128,4.0000,96.0000,AG03-UNRESOLVED,ALL5_LEVELS_bet23_to_bet27,6.7128,6.7128,6.7128,8.3909,8.3909,4.000000,4.000000,4.000000,5.000000,5.000000,96.000000,96.000000,96.000000,95.000000,95.000000,5.0,36.9202,33.8198,130.8988,133.9991,PENDING_AG03,FALSE,NOT_FOR_ENFORCEMENT,161.1062,12749.9952,167.8190,161.1062,6.7128,0.01110238,0.01065828,6.7128,161.1062,0.01065828,6.7128,6.7128,6.7128,8.3909,8.3909,161.1062,0.01065828,36.9202,33.8198,130.8988,133.9991,0.00865985,0.00886496,0.00044410,16.9647,15.5700,0.1967,20.9774,0.5708,1889.4488,106.6250,,16.9647,5.2352,10.4704,20.9408,39.2639,52.6635,155.808,7.8528,0.0,5.029755,14.880828,1.620261,29,115,5,6,0E-8,0.01110238,,0E-8,0.000000,0.878645,0.000000,,2026-03-22,2026-04-02,8,294,164,12,0.666667,,,0.000000,,,,,,,,GLOBAL_BASELINE_NO_ENTITY_RANKING,,,NOT_APPLICABLE_GLOBAL_BASELINE,HF9g-P5,,,,X 全窗基线 · 不参与实体赏罚,6870358,688,A168_HF9F_20260827_0900,2026-08-27 09:00:00
2026-03-29,115293628,2117,0,89.5278721332,6.4512731390,6.4512731390,0.5000000,7,5,0.50486334000000000,0.503969660000,-0.019454280289997444,-0.0158791404612453,-0.019454280289997444,0.00089368000000000,ELIGIBLE,R03b_20260811_FULL_v1,L1_ELIGIBILITY,v2026-08-11,2026-03-21..2026-08-06,baccarat_bet02_101_all_pairs_incl_sentinel,round_win = game_pnl > 0 (decisive only),COMPATIBILITY_ONLY_NOT_PRODUCTION,15115.5905,13281.2450,167.8190,891,853,-0.01110238,,-0.01110238,-0.01110238,-167.8190,15115.5905,OK,0.0000,6.7128,4.0000,96.0000,AG03-UNRESOLVED,ALL5_LEVELS_bet23_to_bet27,6.7128,6.7128,6.7128,8.3909,8.3909,4.000000,4.000000,4.000000,5.000000,5.000000,96.000000,96.000000,96.000000,95.000000,95.000000,5.0,36.9202,33.8198,130.8988,133.9991,PENDING_AG03,FALSE,NOT_FOR_ENFORCEMENT,161.1062,12749.9952,167.8190,161.1062,6.7128,0.01110238,0.01065828,6.7128,161.1062,0.01065828,6.7128,6.7128,6.7128,8.3909,8.3909,161.1062,0.01065828,36.9202,33.8198,130.8988,133.9991,0.00865985,0.00886496,0.00044410,16.9647,15.5700,0.1967,20.9774,0.5708,1889.4488,106.6250,,16.9647,5.2352,10.4704,20.9408,39.2639,52.6635,155.808,7.8528,0.0,5.029755,14.880828,1.620261,29,115,5,6,0E-8,0.01110238,,0E-8,0.000000,0.878645,0.000000,,2026-03-22,2026-04-02,8,294,164,12,0.666667,,,0.000000,,,,,,,,GLOBAL_BASELINE_NO_ENTITY_RANKING,,,NOT_APPLICABLE_GLOBAL_BASELINE,HF9g-P5,,,,X 全窗基线 · 不参与实体赏罚,6870359,688,A168_HF9F_20260827_0900,2026-08-27 09:00:00
2026-03-29,115293628,2201,0,21.0653816784,7.8995181294,7.8995181294,1.0000000,2,1,0.49743462500000000,0.499948100000,1.0051439800914488,1.0001038053877793,1.0051439800914488,-0.00251347500000000,ELIGIBLE,R03b_20260811_FULL_v1,L1_ELIGIBILITY,v2026-08-11,2026-03-21..2026-08-06,baccarat_bet02_101_all_pairs_incl_sentinel,round_win = game_pnl > 0 (decisive only),COMPATIBILITY_ONLY_NOT_PRODUCTION,15115.5905,13281.2450,167.8190,891,853,-0.01110238,,-0.01110238,-0.01110238,-167.8190,15115.5905,OK,0.0000,6.7128,4.0000,96.0000,AG03-UNRESOLVED,ALL5_LEVELS_bet23_to_bet27,6.7128,6.7128,6.7128,8.3909,8.3909,4.000000,4.000000,4.000000,5.000000,5.000000,96.000000,96.000000,96.000000,95.000000,95.000000,5.0,36.9202,33.8198,130.8988,133.9991,PENDING_AG03,FALSE,NOT_FOR_ENFORCEMENT,161.1062,12749.9952,167.8190,161.1062,6.7128,0.01110238,0.01065828,6.7128,161.1062,0.01065828,6.7128,6.7128,6.7128,8.3909,8.3909,161.1062,0.01065828,36.9202,33.8198,130.8988,133.9991,0.00865985,0.00886496,0.00044410,16.9647,15.5700,0.1967,20.9774,0.5708,1889.4488,106.6250,,16.9647,5.2352,10.4704,20.9408,39.2639,52.6635,155.808,7.8528,0.0,5.029755,14.880828,1.620261,29,115,5,6,0E-8,0.01110238,,0E-8,0.000000,0.878645,0.000000,,2026-03-22,2026-04-02,8,294,164,12,0.666667,,,0.000000,,,,,,,,GLOBAL_BASELINE_NO_ENTITY_RANKING,,,NOT_APPLICABLE_GLOBAL_BASELINE,HF9g-P5,,,,X 全窗基线 · 不参与实体赏罚,6870360,688,A168_HF9F_20260827_0900,2026-08-27 09:00:00
2026-03-29,115293628,2222,0,98.7439766175,3.9497590647,3.9497590647,0.2500000,4,4,0.50665070000000000,0.506650700000,-1.0266936290537745,-1.0266936290537745,-1.0266936290537745,0E-17,ELIGIBLE,R03b_20260811_FULL_v1,L1_ELIGIBILITY,v2026-08-11,2026-03-21..2026-08-06,baccarat_bet02_101_all_pairs_incl_sentinel,round_win = game_pnl > 0 (decisive only),COMPATIBILITY_ONLY_NOT_PRODUCTION,15115.5905,13281.2450,167.8190,891,853,-0.01110238,,-0.01110238,-0.01110238,-167.8190,15115.5905,OK,0.0000,6.7128,4.0000,96.0000,AG03-UNRESOLVED,ALL5_LEVELS_bet23_to_bet27,6.7128,6.7128,6.7128,8.3909,8.3909,4.000000,4.000000,4.000000,5.000000,5.000000,96.000000,96.000000,96.000000,95.000000,95.000000,5.0,36.9202,33.8198,130.8988,133.9991,PENDING_AG03,FALSE,NOT_FOR_ENFORCEMENT,161.1062,12749.9952,167.8190,161.1062,6.7128,0.01110238,0.01065828,6.7128,161.1062,0.01065828,6.7128,6.7128,6.7128,8.3909,8.3909,161.1062,0.01065828,36.9202,33.8198,130.8988,133.9991,0.00865985,0.00886496,0.00044410,16.9647,15.5700,0.1967,20.9774,0.5708,1889.4488,106.6250,,16.9647,5.2352,10.4704,20.9408,39.2639,52.6635,155.808,7.8528,0.0,5.029755,14.880828,1.620261,29,115,5,6,0E-8,0.01110238,,0E-8,0.000000,0.878645,0.000000,,2026-03-22,2026-04-02,8,294,164,12,0.666667,,,0.000000,,,,,,,,GLOBAL_BASELINE_NO_ENTITY_RANKING,,,NOT_APPLICABLE_GLOBAL_BASELINE,HF9g-P5,,,,X 全窗基线 · 不参与实体赏罚,6870361,688,A168_HF9F_20260827_0900,2026-08-27 09:00:00
2026-03-29,115293628,2252,0,39.4975906470,37.5227111146,37.5227111146,1.0000000,1,1,0.50665070000000000,0.506650700000,0.9867858985152569,0.9867858985152569,0.9867858985152569,0E-17,ELIGIBLE,R03b_20260811_FULL_v1,L1_ELIGIBILITY,v2026-08-11,2026-03-21..2026-08-06,baccarat_bet02_101_all_pairs_incl_sentinel,round_win = game_pnl > 0 (decisive only),COMPATIBILITY_ONLY_NOT_PRODUCTION,15115.5905,13281.2450,167.8190,891,853,-0.01110238,,-0.01110238,-0.01110238,-167.8190,15115.5905,OK,0.0000,6.7128,4.0000,96.0000,AG03-UNRESOLVED,ALL5_LEVELS_bet23_to_bet27,6.7128,6.7128,6.7128,8.3909,8.3909,4.000000,4.000000,4.000000,5.000000,5.000000,96.000000,96.000000,96.000000,95.000000,95.000000,5.0,36.9202,33.8198,130.8988,133.9991,PENDING_AG03,FALSE,NOT_FOR_ENFORCEMENT,161.1062,12749.9952,167.8190,161.1062,6.7128,0.01110238,0.01065828,6.7128,161.1062,0.01065828,6.7128,6.7128,6.7128,8.3909,8.3909,161.1062,0.01065828,36.9202,33.8198,130.8988,133.9991,0.00865985,0.00886496,0.00044410,16.9647,15.5700,0.1967,20.9774,0.5708,1889.4488,106.6250,,16.9647,5.2352,10.4704,20.9408,39.2639,52.6635,155.808,7.8528,0.0,5.029755,14.880828,1.620261,29,115,5,6,0E-8,0.01110238,,0E-8,0.000000,0.878645,0.000000,,2026-03-22,2026-04-02,8,294,164,12,0.666667,,,0.000000,,,,,,,,GLOBAL_BASELINE_NO_ENTITY_RANKING,,,NOT_APPLICABLE_GLOBAL_BASELINE,HF9g-P5,,,,X 全窗基线 · 不参与实体赏罚,6870362,688,A168_HF9F_20260827_0900,2026-08-27 09:00:00
2026-03-29,115293628,2256,0,26.3317270980,4.4763936066,4.4763936066,0.5000000,2,2,0.50665070000000000,0.506650700000,-0.018812684590367487,-0.018812684590367487,-0.018812684590367487,0E-17,ELIGIBLE,R03b_20260811_FULL_v1,L1_ELIGIBILITY,v2026-08-11,2026-03-21..2026-08-06,baccarat_bet02_101_all_pairs_incl_sentinel,round_win = game_pnl > 0 (decisive only),COMPATIBILITY_ONLY_NOT_PRODUCTION,15115.5905,13281.2450,167.8190,891,853,-0.01110238,,-0.01110238,-0.01110238,-167.8190,15115.5905,OK,0.0000,6.7128,4.0000,96.0000,AG03-UNRESOLVED,ALL5_LEVELS_bet23_to_bet27,6.7128,6.7128,6.7128,8.3909,8.3909,4.000000,4.000000,4.000000,5.000000,5.000000,96.000000,96.000000,96.000000,95.000000,95.000000,5.0,36.9202,33.8198,130.8988,133.9991,PENDING_AG03,FALSE,NOT_FOR_ENFORCEMENT,161.1062,12749.9952,167.8190,161.1062,6.7128,0.01110238,0.01065828,6.7128,161.1062,0.01065828,6.7128,6.7128,6.7128,8.3909,8.3909,161.1062,0.01065828,36.9202,33.8198,130.8988,133.9991,0.00865985,0.00886496,0.00044410,16.9647,15.5700,0.1967,20.9774,0.5708,1889.4488,106.6250,,16.9647,5.2352,10.4704,20.9408,39.2639,52.6635,155.808,7.8528,0.0,5.029755,14.880828,1.620261,29,115,5,6,0E-8,0.01110238,,0E-8,0.000000,0.878645,0.000000,,2026-03-22,2026-04-02,8,294,164,12,0.666667,,,0.000000,,,,,,,,GLOBAL_BASELINE_NO_ENTITY_RANKING,,,NOT_APPLICABLE_GLOBAL_BASELINE,HF9g-P5,,,,X 全窗基线 · 不参与实体赏罚,6870363,688,A168_HF9F_20260827_0900,2026-08-27 09:00:00
2026-03-29,115293628,2266,0,5.2663454196,5.0030281486,5.0030281486,1.0000000,1,1,0.50665070000000000,0.506650700000,0.9867858985152569,0.9867858985152569,0.9867858985152569,0E-17,ELIGIBLE,R03b_20260811_FULL_v1,L1_ELIGIBILITY,v2026-08-11,2026-03-21..2026-08-06,baccarat_bet02_101_all_pairs_incl_sentinel,round_win = game_pnl > 0 (decisive only),COMPATIBILITY_ONLY_NOT_PRODUCTION,15115.5905,13281.2450,167.8190,891,853,-0.01110238,,-0.01110238,-0.01110238,-167.8190,15115.5905,OK,0.0000,6.7128,4.0000,96.0000,AG03-UNRESOLVED,ALL5_LEVELS_bet23_to_bet27,6.7128,6.7128,6.7128,8.3909,8.3909,4.000000,4.000000,4.000000,5.000000,5.000000,96.000000,96.000000,96.000000,95.000000,95.000000,5.0,36.9202,33.8198,130.8988,133.9991,PENDING_AG03,FALSE,NOT_FOR_ENFORCEMENT,161.1062,12749.9952,167.8190,161.1062,6.7128,0.01110238,0.01065828,6.7128,161.1062,0.01065828,6.7128,6.7128,6.7128,8.3909,8.3909,161.1062,0.01065828,36.9202,33.8198,130.8988,133.9991,0.00865985,0.00886496,0.00044410,16.9647,15.5700,0.1967,20.9774,0.5708,1889.4488,106.6250,,16.9647,5.2352,10.4704,20.9408,39.2639,52.6635,155.808,7.8528,0.0,5.029755,14.880828,1.620261,29,115,5,6,0E-8,0.01110238,,0E-8,0.000000,0.878645,0.000000,,2026-03-22,2026-04-02,8,294,164,12,0.666667,,,0.000000,,,,,,,,GLOBAL_BASELINE_NO_ENTITY_RANKING,,,NOT_APPLICABLE_GLOBAL_BASELINE,HF9g-P5,,,,X 全窗基线 · 不参与实体赏罚,6870364,688,A168_HF9F_20260827_0900,2026-08-27 09:00:00
2026-03-29,115293628,986,0,5.2663454196,-5.2663454196,-5.2663454196,0E-7,1,1,0.50665070000000000,0.506650700000,-1.013391052207602,-1.013391052207602,-1.013391052207602,0E-17,ELIGIBLE,R03b_20260811_FULL_v1,L1_ELIGIBILITY,v2026-08-11,2026-03-21..2026-08-06,baccarat_bet02_101_all_pairs_incl_sentinel,round_win = game_pnl > 0 (decisive only),COMPATIBILITY_ONLY_NOT_PRODUCTION,15115.5905,13281.2450,167.8190,891,853,-0.01110238,,-0.01110238,-0.01110238,-167.8190,15115.5905,OK,0.0000,6.7128,4.0000,96.0000,AG03-UNRESOLVED,ALL5_LEVELS_bet23_to_bet27,6.7128,6.7128,6.7128,8.3909,8.3909,4.000000,4.000000,4.000000,5.000000,5.000000,96.000000,96.000000,96.000000,95.000000,95.000000,5.0,36.9202,33.8198,130.8988,133.9991,PENDING_AG03,FALSE,NOT_FOR_ENFORCEMENT,161.1062,12749.9952,167.8190,161.1062,6.7128,0.01110238,0.01065828,6.7128,161.1062,0.01065828,6.7128,6.7128,6.7128,8.3909,8.3909,161.1062,0.01065828,36.9202,33.8198,130.8988,133.9991,0.00865985,0.00886496,0.00044410,16.9647,15.5700,0.1967,20.9774,0.5708,1889.4488,106.6250,,16.9647,5.2352,10.4704,20.9408,39.2639,52.6635,155.808,7.8528,0.0,5.029755,14.880828,1.620261,29,115,5,6,0E-8,0.01110238,,0E-8,0.000000,0.878645,0.000000,,2026-03-22,2026-04-02,8,294,164,12,0.666667,,,0.000000,,,,,,,,GLOBAL_BASELINE_NO_ENTITY_RANKING,,,NOT_APPLICABLE_GLOBAL_BASELINE,HF9g-P5,,,,X 全窗基线 · 不参与实体赏罚,6870365,688,A168_HF9F_20260827_0900,2026-08-27 09:00:00
2026-03-29,115293628,989,0,9.2161044843,3.9497590647,3.9497590647,0.5000000,2,2,0.49324550000000000,0.493245500000,0.01910635448239258,0.01910635448239258,0.01910635448239258,0E-17,ELIGIBLE,R03b_20260811_FULL_v1,L1_ELIGIBILITY,v2026-08-11,2026-03-21..2026-08-06,baccarat_bet02_101_all_pairs_incl_sentinel,round_win = game_pnl > 0 (decisive only),COMPATIBILITY_ONLY_NOT_PRODUCTION,15115.5905,13281.2450,167.8190,891,853,-0.01110238,,-0.01110238,-0.01110238,-167.8190,15115.5905,OK,0.0000,6.7128,4.0000,96.0000,AG03-UNRESOLVED,ALL5_LEVELS_bet23_to_bet27,6.7128,6.7128,6.7128,8.3909,8.3909,4.000000,4.000000,4.000000,5.000000,5.000000,96.000000,96.000000,96.000000,95.000000,95.000000,5.0,36.9202,33.8198,130.8988,133.9991,PENDING_AG03,FALSE,NOT_FOR_ENFORCEMENT,161.1062,12749.9952,167.8190,161.1062,6.7128,0.01110238,0.01065828,6.7128,161.1062,0.01065828,6.7128,6.7128,6.7128,8.3909,8.3909,161.1062,0.01065828,36.9202,33.8198,130.8988,133.9991,0.00865985,0.00886496,0.00044410,16.9647,15.5700,0.1967,20.9774,0.5708,1889.4488,106.6250,,16.9647,5.2352,10.4704,20.9408,39.2639,52.6635,155.808,7.8528,0.0,5.029755,14.880828,1.620261,29,115,5,6,0E-8,0.01110238,,0E-8,0.000000,0.878645,0.000000,,2026-03-22,2026-04-02,8,294,164,12,0.666667,,,0.000000,,,,,,,,GLOBAL_BASELINE_NO_ENTITY_RANKING,,,NOT_APPLICABLE_GLOBAL_BASELINE,HF9g-P5,,,,X 全窗基线 · 不参与实体赏罚,6870366,688,A168_HF9F_20260827_0900,2026-08-27 09:00:00
2026-03-31,115293628,-1,1,107.9600811018,50.6885746635,50.6885746635,0.6923077,15,14,0.49934965357142857,0.499469342857,1.391441382375222,1.3905778968059865,1.391441382375222,-0.00011968928557143,SENTINEL_DEALER,R03b_20260811_FULL_v1,L1_ELIGIBILITY,v2026-08-11,2026-03-21..2026-08-06,baccarat_bet02_101_all_pairs_incl_sentinel,round_win = game_pnl > 0 (decisive only),COMPATIBILITY_ONLY_NOT_PRODUCTION,15115.5905,13281.2450,167.8190,891,853,-0.01110238,,-0.01110238,-0.01110238,-167.8190,15115.5905,OK,0.0000,6.7128,4.0000,96.0000,AG03-UNRESOLVED,ALL5_LEVELS_bet23_to_bet27,6.7128,6.7128,6.7128,8.3909,8.3909,4.000000,4.000000,4.000000,5.000000,5.000000,96.000000,96.000000,96.000000,95.000000,95.000000,5.0,36.9202,33.8198,130.8988,133.9991,PENDING_AG03,FALSE,NOT_FOR_ENFORCEMENT,161.1062,12749.9952,167.8190,161.1062,6.7128,0.01110238,0.01065828,6.7128,161.1062,0.01065828,6.7128,6.7128,6.7128,8.3909,8.3909,161.1062,0.01065828,36.9202,33.8198,130.8988,133.9991,0.00865985,0.00886496,0.00044410,16.9647,15.5700,0.1967,20.9774,0.5708,1889.4488,106.6250,,16.9647,5.2352,10.4704,20.9408,39.2639,52.6635,155.808,7.8528,0.0,5.029755,14.880828,1.620261,29,115,5,6,0E-8,0.01110238,,0E-8,0.000000,0.878645,0.000000,,2026-03-22,2026-04-02,8,294,164,12,0.666667,,,0.000000,,,,,,,,GLOBAL_BASELINE_NO_ENTITY_RANKING,,,NOT_APPLICABLE_GLOBAL_BASELINE,HF9g-P5,,,,X 全窗基线 · 不参与实体赏罚,6870367,688,A168_HF9F_20260827_0900,2026-08-27 09:00:00
2026-03-31,115293628,1017,0,5.2663454196,-5.2663454196,-5.2663454196,0E-7,1,1,0.49324550000000000,0.493245500000,-0.9865810262130424,-0.9865810262130424,-0.9865810262130424,0E-17,ELIGIBLE,R03b_20260811_FULL_v1,L1_ELIGIBILITY,v2026-08-11,2026-03-21..2026-08-06,baccarat_bet02_101_all_pairs_incl_sentinel,round_win = game_pnl > 0 (decisive only),COMPATIBILITY_ONLY_NOT_PRODUCTION,15115.5905,13281.2450,167.8190,891,853,-0.01110238,,-0.01110238,-0.01110238,-167.8190,15115.5905,OK,0.0000,6.7128,4.0000,96.0000,AG03-UNRESOLVED,ALL5_LEVELS_bet23_to_bet27,6.7128,6.7128,6.7128,8.3909,8.3909,4.000000,4.000000,4.000000,5.000000,5.000000,96.000000,96.000000,96.000000,95.000000,95.000000,5.0,36.9202,33.8198,130.8988,133.9991,PENDING_AG03,FALSE,NOT_FOR_ENFORCEMENT,161.1062,12749.9952,167.8190,161.1062,6.7128,0.01110238,0.01065828,6.7128,161.1062,0.01065828,6.7128,6.7128,6.7128,8.3909,8.3909,161.1062,0.01065828,36.9202,33.8198,130.8988,133.9991,0.00865985,0.00886496,0.00044410,16.9647,15.5700,0.1967,20.9774,0.5708,1889.4488,106.6250,,16.9647,5.2352,10.4704,20.9408,39.2639,52.6635,155.808,7.8528,0.0,5.029755,14.880828,1.620261,29,115,5,6,0E-8,0.01110238,,0E-8,0.000000,0.878645,0.000000,,2026-03-22,2026-04-02,8,294,164,12,0.666667,,,0.000000,,,,,,,,GLOBAL_BASELINE_NO_ENTITY_RANKING,,,NOT_APPLICABLE_GLOBAL_BASELINE,HF9g-P5,,,,X 全窗基线 · 不参与实体赏罚,6870368,688,A168_HF9F_20260827_0900,2026-08-27 09:00:00
2026-03-31,115293628,1109,0,129.0254627802,27.9116307239,27.9116307239,0.4000000,6,5,0.50005121692307692,0.499948100000,-0.44744264689059376,-0.4469814940518811,-0.44744264689059376,0.00010311692307692,ELIGIBLE,R03b_20260811_FULL_v1,L1_ELIGIBILITY,v2026-08-11,2026-03-21..2026-08-06,baccarat_bet02_101_all_pairs_incl_sentinel,round_win = game_pnl > 0 (decisive only),COMPATIBILITY_ONLY_NOT_PRODUCTION,15115.5905,13281.2450,167.8190,891,853,-0.01110238,,-0.01110238,-0.01110238,-167.8190,15115.5905,OK,0.0000,6.7128,4.0000,96.0000,AG03-UNRESOLVED,ALL5_LEVELS_bet23_to_bet27,6.7128,6.7128,6.7128,8.3909,8.3909,4.000000,4.000000,4.000000,5.000000,5.000000,96.000000,96.000000,96.000000,95.000000,95.000000,5.0,36.9202,33.8198,130.8988,133.9991,PENDING_AG03,FALSE,NOT_FOR_ENFORCEMENT,161.1062,12749.9952,167.8190,161.1062,6.7128,0.01110238,0.01065828,6.7128,161.1062,0.01065828,6.7128,6.7128,6.7128,8.3909,8.3909,161.1062,0.01065828,36.9202,33.8198,130.8988,133.9991,0.00865985,0.00886496,0.00044410,16.9647,15.5700,0.1967,20.9774,0.5708,1889.4488,106.6250,,16.9647,5.2352,10.4704,20.9408,39.2639,52.6635,155.808,7.8528,0.0,5.029755,14.880828,1.620261,29,115,5,6,0E-8,0.01110238,,0E-8,0.000000,0.878645,0.000000,,2026-03-22,2026-04-02,8,294,164,12,0.666667,,,0.000000,,,,,,,,GLOBAL_BASELINE_NO_ENTITY_RANKING,,,NOT_APPLICABLE_GLOBAL_BASELINE,HF9g-P5,,,,X 全窗基线 · 不参与实体赏罚,6870369,688,A168_HF9F_20260827_0900,2026-08-27 09:00:00
2026-03-31,115293628,1304,0,76.3620085842,-35.2845143114,-35.2845143114,0.3750000,8,8,0.50665070000000000,0.506650700000,-0.7447947118953172,-0.7447947118953172,-0.7447947118953172,0E-17,ELIGIBLE,R03b_20260811_FULL_v1,L1_ELIGIBILITY,v2026-08-11,2026-03-21..2026-08-06,baccarat_bet02_101_all_pairs_incl_sentinel,round_win = game_pnl > 0 (decisive only),COMPATIBILITY_ONLY_NOT_PRODUCTION,15115.5905,13281.2450,167.8190,891,853,-0.01110238,,-0.01110238,-0.01110238,-167.8190,15115.5905,OK,0.0000,6.7128,4.0000,96.0000,AG03-UNRESOLVED,ALL5_LEVELS_bet23_to_bet27,6.7128,6.7128,6.7128,8.3909,8.3909,4.000000,4.000000,4.000000,5.000000,5.000000,96.000000,96.000000,96.000000,95.000000,95.000000,5.0,36.9202,33.8198,130.8988,133.9991,PENDING_AG03,FALSE,NOT_FOR_ENFORCEMENT,161.1062,12749.9952,167.8190,161.1062,6.7128,0.01110238,0.01065828,6.7128,161.1062,0.01065828,6.7128,6.7128,6.7128,8.3909,8.3909,161.1062,0.01065828,36.9202,33.8198,130.8988,133.9991,0.00865985,0.00886496,0.00044410,16.9647,15.5700,0.1967,20.9774,0.5708,1889.4488,106.6250,,16.9647,5.2352,10.4704,20.9408,39.2639,52.6635,155.808,7.8528,0.0,5.029755,14.880828,1.620261,29,115,5,6,0E-8,0.01110238,,0E-8,0.000000,0.878645,0.000000,,2026-03-22,2026-04-02,8,294,164,12,0.666667,,,0.000000,,,,,,,,GLOBAL_BASELINE_NO_ENTITY_RANKING,,,NOT_APPLICABLE_GLOBAL_BASELINE,HF9g-P5,,,,X 全窗基线 · 不参与实体赏罚,6870370,688,A168_HF9F_20260827_0900,2026-08-27 09:00:00
2026-03-31,115293628,1402,0,110.5932538116,18.6955262396,18.6955262396,0.5000000,8,6,0.50441650000000000,0.504416500000,-0.02163718700157003,-0.02163718700157003,-0.02163718700157003,0E-17,ELIGIBLE,R03b_20260811_FULL_v1,L1_ELIGIBILITY,v2026-08-11,2026-03-21..2026-08-06,baccarat_bet02_101_all_pairs_incl_sentinel,round_win = game_pnl > 0 (decisive only),COMPATIBILITY_ONLY_NOT_PRODUCTION,15115.5905,13281.2450,167.8190,891,853,-0.01110238,,-0.01110238,-0.01110238,-167.8190,15115.5905,OK,0.0000,6.7128,4.0000,96.0000,AG03-UNRESOLVED,ALL5_LEVELS_bet23_to_bet27,6.7128,6.7128,6.7128,8.3909,8.3909,4.000000,4.000000,4.000000,5.000000,5.000000,96.000000,96.000000,96.000000,95.000000,95.000000,5.0,36.9202,33.8198,130.8988,133.9991,PENDING_AG03,FALSE,NOT_FOR_ENFORCEMENT,161.1062,12749.9952,167.8190,161.1062,6.7128,0.01110238,0.01065828,6.7128,161.1062,0.01065828,6.7128,6.7128,6.7128,8.3909,8.3909,161.1062,0.01065828,36.9202,33.8198,130.8988,133.9991,0.00865985,0.00886496,0.00044410,16.9647,15.5700,0.1967,20.9774,0.5708,1889.4488,106.6250,,16.9647,5.2352,10.4704,20.9408,39.2639,52.6635,155.808,7.8528,0.0,5.029755,14.880828,1.620261,29,115,5,6,0E-8,0.01110238,,0E-8,0.000000,0.878645,0.000000,,2026-03-22,2026-04-02,8,294,164,12,0.666667,,,0.000000,,,,,,,,GLOBAL_BASELINE_NO_ENTITY_RANKING,,,NOT_APPLICABLE_GLOBAL_BASELINE,HF9g-P5,,,,X 全窗基线 · 不参与实体赏罚,6870371,688,A168_HF9F_20260827_0900,2026-08-27 09:00:00
2026-03-31,115293628,1505,0,15.7990362588,15.1407430813,15.1407430813,1.0000000,3,3,0.50218230000000000,0.502182300000,1.724507524396475,1.7245075243964754,1.724507524396475,0E-17,ELIGIBLE,R03b_20260811_FULL_v1,L1_ELIGIBILITY,v2026-08-11,2026-03-21..2026-08-06,baccarat_bet02_101_all_pairs_incl_sentinel,round_win = game_pnl > 0 (decisive only),COMPATIBILITY_ONLY_NOT_PRODUCTION,15115.5905,13281.2450,167.8190,891,853,-0.01110238,,-0.01110238,-0.01110238,-167.8190,15115.5905,OK,0.0000,6.7128,4.0000,96.0000,AG03-UNRESOLVED,ALL5_LEVELS_bet23_to_bet27,6.7128,6.7128,6.7128,8.3909,8.3909,4.000000,4.000000,4.000000,5.000000,5.000000,96.000000,96.000000,96.000000,95.000000,95.000000,5.0,36.9202,33.8198,130.8988,133.9991,PENDING_AG03,FALSE,NOT_FOR_ENFORCEMENT,161.1062,12749.9952,167.8190,161.1062,6.7128,0.01110238,0.01065828,6.7128,161.1062,0.01065828,6.7128,6.7128,6.7128,8.3909,8.3909,161.1062,0.01065828,36.9202,33.8198,130.8988,133.9991,0.00865985,0.00886496,0.00044410,16.9647,15.5700,0.1967,20.9774,0.5708,1889.4488,106.6250,,16.9647,5.2352,10.4704,20.9408,39.2639,52.6635,155.808,7.8528,0.0,5.029755,14.880828,1.620261,29,115,5,6,0E-8,0.01110238,,0E-8,0.000000,0.878645,0.000000,,2026-03-22,2026-04-02,8,294,164,12,0.666667,,,0.000000,,,,,,,,GLOBAL_BASELINE_NO_ENTITY_RANKING,,,NOT_APPLICABLE_GLOBAL_BASELINE,HF9g-P5,,,,X 全窗基线 · 不参与实体赏罚,6870372,688,A168_HF9F_20260827_0900,2026-08-27 09:00:00
2026-03-31,115293628,1951,0,7.8995181294,7.5045422229,7.5045422229,1.0000000,1,1,0.50665070000000000,0.506650700000,0.9867858985152569,0.9867858985152569,0.9867858985152569,0E-17,ELIGIBLE,R03b_20260811_FULL_v1,L1_ELIGIBILITY,v2026-08-11,2026-03-21..2026-08-06,baccarat_bet02_101_all_pairs_incl_sentinel,round_win = game_pnl > 0 (decisive only),COMPATIBILITY_ONLY_NOT_PRODUCTION,15115.5905,13281.2450,167.8190,891,853,-0.01110238,,-0.01110238,-0.01110238,-167.8190,15115.5905,OK,0.0000,6.7128,4.0000,96.0000,AG03-UNRESOLVED,ALL5_LEVELS_bet23_to_bet27,6.7128,6.7128,6.7128,8.3909,8.3909,4.000000,4.000000,4.000000,5.000000,5.000000,96.000000,96.000000,96.000000,95.000000,95.000000,5.0,36.9202,33.8198,130.8988,133.9991,PENDING_AG03,FALSE,NOT_FOR_ENFORCEMENT,161.1062,12749.9952,167.8190,161.1062,6.7128,0.01110238,0.01065828,6.7128,161.1062,0.01065828,6.7128,6.7128,6.7128,8.3909,8.3909,161.1062,0.01065828,36.9202,33.8198,130.8988,133.9991,0.00865985,0.00886496,0.00044410,16.9647,15.5700,0.1967,20.9774,0.5708,1889.4488,106.6250,,16.9647,5.2352,10.4704,20.9408,39.2639,52.6635,155.808,7.8528,0.0,5.029755,14.880828,1.620261,29,115,5,6,0E-8,0.01110238,,0E-8,0.000000,0.878645,0.000000,,2026-03-22,2026-04-02,8,294,164,12,0.666667,,,0.000000,,,,,,,,GLOBAL_BASELINE_NO_ENTITY_RANKING,,,NOT_APPLICABLE_GLOBAL_BASELINE,HF9g-P5,,,,X 全窗基线 · 不参与实体赏罚,6870373,688,A168_HF9F_20260827_0900,2026-08-27 09:00:00
2026-03-31,115293628,1963,0,1.3165863549,1.2507570372,1.2507570372,1.0000000,1,1,0.50665070000000000,0.506650700000,0.9867858985152569,0.9867858985152569,0.9867858985152569,0E-17,ELIGIBLE,R03b_20260811_FULL_v1,L1_ELIGIBILITY,v2026-08-11,2026-03-21..2026-08-06,baccarat_bet02_101_all_pairs_incl_sentinel,round_win = game_pnl > 0 (decisive only),COMPATIBILITY_ONLY_NOT_PRODUCTION,15115.5905,13281.2450,167.8190,891,853,-0.01110238,,-0.01110238,-0.01110238,-167.8190,15115.5905,OK,0.0000,6.7128,4.0000,96.0000,AG03-UNRESOLVED,ALL5_LEVELS_bet23_to_bet27,6.7128,6.7128,6.7128,8.3909,8.3909,4.000000,4.000000,4.000000,5.000000,5.000000,96.000000,96.000000,96.000000,95.000000,95.000000,5.0,36.9202,33.8198,130.8988,133.9991,PENDING_AG03,FALSE,NOT_FOR_ENFORCEMENT,161.1062,12749.9952,167.8190,161.1062,6.7128,0.01110238,0.01065828,6.7128,161.1062,0.01065828,6.7128,6.7128,6.7128,8.3909,8.3909,161.1062,0.01065828,36.9202,33.8198,130.8988,133.9991,0.00865985,0.00886496,0.00044410,16.9647,15.5700,0.1967,20.9774,0.5708,1889.4488,106.6250,,16.9647,5.2352,10.4704,20.9408,39.2639,52.6635,155.808,7.8528,0.0,5.029755,14.880828,1.620261,29,115,5,6,0E-8,0.01110238,,0E-8,0.000000,0.878645,0.000000,,2026-03-22,2026-04-02,8,294,164,12,0.666667,,,0.000000,,,,,,,,GLOBAL_BASELINE_NO_ENTITY_RANKING,,,NOT_APPLICABLE_GLOBAL_BASELINE,HF9g-P5,,,,X 全窗基线 · 不参与实体赏罚,6870374,688,A168_HF9F_20260827_0900,2026-08-27 09:00:00
2026-03-31,115293628,2108,0,16.0623535298,-2.3698554388,-2.3698554388,0.3333333,4,4,0.49659680000000000,0.496596800000,-0.5655743394288276,-0.5655743394288276,-0.5655743394288276,0E-17,ELIGIBLE,R03b_20260811_FULL_v1,L1_ELIGIBILITY,v2026-08-11,2026-03-21..2026-08-06,baccarat_bet02_101_all_pairs_incl_sentinel,round_win = game_pnl > 0 (decisive only),COMPATIBILITY_ONLY_NOT_PRODUCTION,15115.5905,13281.2450,167.8190,891,853,-0.01110238,,-0.01110238,-0.01110238,-167.8190,15115.5905,OK,0.0000,6.7128,4.0000,96.0000,AG03-UNRESOLVED,ALL5_LEVELS_bet23_to_bet27,6.7128,6.7128,6.7128,8.3909,8.3909,4.000000,4.000000,4.000000,5.000000,5.000000,96.000000,96.000000,96.000000,95.000000,95.000000,5.0,36.9202,33.8198,130.8988,133.9991,PENDING_AG03,FALSE,NOT_FOR_ENFORCEMENT,161.1062,12749.9952,167.8190,161.1062,6.7128,0.01110238,0.01065828,6.7128,161.1062,0.01065828,6.7128,6.7128,6.7128,8.3909,8.3909,161.1062,0.01065828,36.9202,33.8198,130.8988,133.9991,0.00865985,0.00886496,0.00044410,16.9647,15.5700,0.1967,20.9774,0.5708,1889.4488,106.6250,,16.9647,5.2352,10.4704,20.9408,39.2639,52.6635,155.808,7.8528,0.0,5.029755,14.880828,1.620261,29,115,5,6,0E-8,0.01110238,,0E-8,0.000000,0.878645,0.000000,,2026-03-22,2026-04-02,8,294,164,12,0.666667,,,0.000000,,,,,,,,GLOBAL_BASELINE_NO_ENTITY_RANKING,,,NOT_APPLICABLE_GLOBAL_BASELINE,HF9g-P5,,,,X 全窗基线 · 不参与实体赏罚,6870375,688,A168_HF9F_20260827_0900,2026-08-27 09:00:00
2026-03-31,115293628,2167,0,2.6331727098,2.5015140743,2.5015140743,1.0000000,1,1,0.50665070000000000,0.506650700000,0.9867858985152569,0.9867858985152569,0.9867858985152569,0E-17,ELIGIBLE,R03b_20260811_FULL_v1,L1_ELIGIBILITY,v2026-08-11,2026-03-21..2026-08-06,baccarat_bet02_101_all_pairs_incl_sentinel,round_win = game_pnl > 0 (decisive only),COMPATIBILITY_ONLY_NOT_PRODUCTION,15115.5905,13281.2450,167.8190,891,853,-0.01110238,,-0.01110238,-0.01110238,-167.8190,15115.5905,OK,0.0000,6.7128,4.0000,96.0000,AG03-UNRESOLVED,ALL5_LEVELS_bet23_to_bet27,6.7128,6.7128,6.7128,8.3909,8.3909,4.000000,4.000000,4.000000,5.000000,5.000000,96.000000,96.000000,96.000000,95.000000,95.000000,5.0,36.9202,33.8198,130.8988,133.9991,PENDING_AG03,FALSE,NOT_FOR_ENFORCEMENT,161.1062,12749.9952,167.8190,161.1062,6.7128,0.01110238,0.01065828,6.7128,161.1062,0.01065828,6.7128,6.7128,6.7128,8.3909,8.3909,161.1062,0.01065828,36.9202,33.8198,130.8988,133.9991,0.00865985,0.00886496,0.00044410,16.9647,15.5700,0.1967,20.9774,0.5708,1889.4488,106.6250,,16.9647,5.2352,10.4704,20.9408,39.2639,52.6635,155.808,7.8528,0.0,5.029755,14.880828,1.620261,29,115,5,6,0E-8,0.01110238,,0E-8,0.000000,0.878645,0.000000,,2026-03-22,2026-04-02,8,294,164,12,0.666667,,,0.000000,,,,,,,,GLOBAL_BASELINE_NO_ENTITY_RANKING,,,NOT_APPLICABLE_GLOBAL_BASELINE,HF9g-P5,,,,X 全窗基线 · 不参与实体赏罚,6870376,688,A168_HF9F_20260827_0900,2026-08-27 09:00:00
2026-03-31,115293628,2196,0,5.2663454196,0E-10,0E-10,,1,1,0.49324550000000000,0.493245500000,,,,0E-17,NO_DECISIVE_ROUND,R03b_20260811_FULL_v1,L1_ELIGIBILITY,v2026-08-11,2026-03-21..2026-08-06,baccarat_bet02_101_all_pairs_incl_sentinel,round_win = game_pnl > 0 (decisive only),COMPATIBILITY_ONLY_NOT_PRODUCTION,15115.5905,13281.2450,167.8190,891,853,-0.01110238,,-0.01110238,-0.01110238,-167.8190,15115.5905,OK,0.0000,6.7128,4.0000,96.0000,AG03-UNRESOLVED,ALL5_LEVELS_bet23_to_bet27,6.7128,6.7128,6.7128,8.3909,8.3909,4.000000,4.000000,4.000000,5.000000,5.000000,96.000000,96.000000,96.000000,95.000000,95.000000,5.0,36.9202,33.8198,130.8988,133.9991,PENDING_AG03,FALSE,NOT_FOR_ENFORCEMENT,161.1062,12749.9952,167.8190,161.1062,6.7128,0.01110238,0.01065828,6.7128,161.1062,0.01065828,6.7128,6.7128,6.7128,8.3909,8.3909,161.1062,0.01065828,36.9202,33.8198,130.8988,133.9991,0.00865985,0.00886496,0.00044410,16.9647,15.5700,0.1967,20.9774,0.5708,1889.4488,106.6250,,16.9647,5.2352,10.4704,20.9408,39.2639,52.6635,155.808,7.8528,0.0,5.029755,14.880828,1.620261,29,115,5,6,0E-8,0.01110238,,0E-8,0.000000,0.878645,0.000000,,2026-03-22,2026-04-02,8,294,164,12,0.666667,,,0.000000,,,,,,,,GLOBAL_BASELINE_NO_ENTITY_RANKING,,,NOT_APPLICABLE_GLOBAL_BASELINE,HF9g-P5,,,,X 全窗基线 · 不参与实体赏罚,6870377,688,A168_HF9F_20260827_0900,2026-08-27 09:00:00
2026-03-31,115293628,2201,0,15.7990362588,-15.7990362588,-15.7990362588,0E-7,2,2,0.49324550000000000,0.493245500000,-1.3952362676504506,-1.3952362676504506,-1.3952362676504506,0E-17,ELIGIBLE,R03b_20260811_FULL_v1,L1_ELIGIBILITY,v2026-08-11,2026-03-21..2026-08-06,baccarat_bet02_101_all_pairs_incl_sentinel,round_win = game_pnl > 0 (decisive only),COMPATIBILITY_ONLY_NOT_PRODUCTION,15115.5905,13281.2450,167.8190,891,853,-0.01110238,,-0.01110238,-0.01110238,-167.8190,15115.5905,OK,0.0000,6.7128,4.0000,96.0000,AG03-UNRESOLVED,ALL5_LEVELS_bet23_to_bet27,6.7128,6.7128,6.7128,8.3909,8.3909,4.000000,4.000000,4.000000,5.000000,5.000000,96.000000,96.000000,96.000000,95.000000,95.000000,5.0,36.9202,33.8198,130.8988,133.9991,PENDING_AG03,FALSE,NOT_FOR_ENFORCEMENT,161.1062,12749.9952,167.8190,161.1062,6.7128,0.01110238,0.01065828,6.7128,161.1062,0.01065828,6.7128,6.7128,6.7128,8.3909,8.3909,161.1062,0.01065828,36.9202,33.8198,130.8988,133.9991,0.00865985,0.00886496,0.00044410,16.9647,15.5700,0.1967,20.9774,0.5708,1889.4488,106.6250,,16.9647,5.2352,10.4704,20.9408,39.2639,52.6635,155.808,7.8528,0.0,5.029755,14.880828,1.620261,29,115,5,6,0E-8,0.01110238,,0E-8,0.000000,0.878645,0.000000,,2026-03-22,2026-04-02,8,294,164,12,0.666667,,,0.000000,,,,,,,,GLOBAL_BASELINE_NO_ENTITY_RANKING,,,NOT_APPLICABLE_GLOBAL_BASELINE,HF9g-P5,,,,X 全窗基线 · 不参与实体赏罚,6870378,688,A168_HF9F_20260827_0900,2026-08-27 09:00:00
2026-03-31,115293628,2202,0,5.2663454196,5.2663454196,5.2663454196,1.0000000,1,1,0.49324550000000000,0.493245500000,1.01360149184955,1.01360149184955,1.01360149184955,0E-17,ELIGIBLE,R03b_20260811_FULL_v1,L1_ELIGIBILITY,v2026-08-11,2026-03-21..2026-08-06,baccarat_bet02_101_all_pairs_incl_sentinel,round_win = game_pnl > 0 (decisive only),COMPATIBILITY_ONLY_NOT_PRODUCTION,15115.5905,13281.2450,167.8190,891,853,-0.01110238,,-0.01110238,-0.01110238,-167.8190,15115.5905,OK,0.0000,6.7128,4.0000,96.0000,AG03-UNRESOLVED,ALL5_LEVELS_bet23_to_bet27,6.7128,6.7128,6.7128,8.3909,8.3909,4.000000,4.000000,4.000000,5.000000,5.000000,96.000000,96.000000,96.000000,95.000000,95.000000,5.0,36.9202,33.8198,130.8988,133.9991,PENDING_AG03,FALSE,NOT_FOR_ENFORCEMENT,161.1062,12749.9952,167.8190,161.1062,6.7128,0.01110238,0.01065828,6.7128,161.1062,0.01065828,6.7128,6.7128,6.7128,8.3909,8.3909,161.1062,0.01065828,36.9202,33.8198,130.8988,133.9991,0.00865985,0.00886496,0.00044410,16.9647,15.5700,0.1967,20.9774,0.5708,1889.4488,106.6250,,16.9647,5.2352,10.4704,20.9408,39.2639,52.6635,155.808,7.8528,0.0,5.029755,14.880828,1.620261,29,115,5,6,0E-8,0.01110238,,0E-8,0.000000,0.878645,0.000000,,2026-03-22,2026-04-02,8,294,164,12,0.666667,,,0.000000,,,,,,,,GLOBAL_BASELINE_NO_ENTITY_RANKING,,,NOT_APPLICABLE_GLOBAL_BASELINE,HF9g-P5,,,,X 全窗基线 · 不参与实体赏罚,6870379,688,A168_HF9F_20260827_0900,2026-08-27 09:00:00
2026-03-31,115293628,2220,0,2.6331727098,2.5015140743,2.5015140743,1.0000000,1,1,0.50665070000000000,0.506650700000,0.9867858985152569,0.9867858985152569,0.9867858985152569,0E-17,ELIGIBLE,R03b_20260811_FULL_v1,L1_ELIGIBILITY,v2026-08-11,2026-03-21..2026-08-06,baccarat_bet02_101_all_pairs_incl_sentinel,round_win = game_pnl > 0 (decisive only),COMPATIBILITY_ONLY_NOT_PRODUCTION,15115.5905,13281.2450,167.8190,891,853,-0.01110238,,-0.01110238,-0.01110238,-167.8190,15115.5905,OK,0.0000,6.7128,4.0000,96.0000,AG03-UNRESOLVED,ALL5_LEVELS_bet23_to_bet27,6.7128,6.7128,6.7128,8.3909,8.3909,4.000000,4.000000,4.000000,5.000000,5.000000,96.000000,96.000000,96.000000,95.000000,95.000000,5.0,36.9202,33.8198,130.8988,133.9991,PENDING_AG03,FALSE,NOT_FOR_ENFORCEMENT,161.1062,12749.9952,167.8190,161.1062,6.7128,0.01110238,0.01065828,6.7128,161.1062,0.01065828,6.7128,6.7128,6.7128,8.3909,8.3909,161.1062,0.01065828,36.9202,33.8198,130.8988,133.9991,0.00865985,0.00886496,0.00044410,16.9647,15.5700,0.1967,20.9774,0.5708,1889.4488,106.6250,,16.9647,5.2352,10.4704,20.9408,39.2639,52.6635,155.808,7.8528,0.0,5.029755,14.880828,1.620261,29,115,5,6,0E-8,0.01110238,,0E-8,0.000000,0.878645,0.000000,,2026-03-22,2026-04-02,8,294,164,12,0.666667,,,0.000000,,,,,,,,GLOBAL_BASELINE_NO_ENTITY_RANKING,,,NOT_APPLICABLE_GLOBAL_BASELINE,HF9g-P5,,,,X 全窗基线 · 不参与实体赏罚,6870380,688,A168_HF9F_20260827_0900,2026-08-27 09:00:00
2026-03-31,115293628,2222,0,13.1658635490,12.6392290070,12.6392290070,1.0000000,3,3,0.50218230000000000,0.502182300000,1.724507524396475,1.7245075243964754,1.724507524396475,0E-17,ELIGIBLE,R03b_20260811_FULL_v1,L1_ELIGIBILITY,v2026-08-11,2026-03-21..2026-08-06,baccarat_bet02_101_all_pairs_incl_sentinel,round_win = game_pnl > 0 (decisive only),COMPATIBILITY_ONLY_NOT_PRODUCTION,15115.5905,13281.2450,167.8190,891,853,-0.01110238,,-0.01110238,-0.01110238,-167.8190,15115.5905,OK,0.0000,6.7128,4.0000,96.0000,AG03-UNRESOLVED,ALL5_LEVELS_bet23_to_bet27,6.7128,6.7128,6.7128,8.3909,8.3909,4.000000,4.000000,4.000000,5.000000,5.000000,96.000000,96.000000,96.000000,95.000000,95.000000,5.0,36.9202,33.8198,130.8988,133.9991,PENDING_AG03,FALSE,NOT_FOR_ENFORCEMENT,161.1062,12749.9952,167.8190,161.1062,6.7128,0.01110238,0.01065828,6.7128,161.1062,0.01065828,6.7128,6.7128,6.7128,8.3909,8.3909,161.1062,0.01065828,36.9202,33.8198,130.8988,133.9991,0.00865985,0.00886496,0.00044410,16.9647,15.5700,0.1967,20.9774,0.5708,1889.4488,106.6250,,16.9647,5.2352,10.4704,20.9408,39.2639,52.6635,155.808,7.8528,0.0,5.029755,14.880828,1.620261,29,115,5,6,0E-8,0.01110238,,0E-8,0.000000,0.878645,0.000000,,2026-03-22,2026-04-02,8,294,164,12,0.666667,,,0.000000,,,,,,,,GLOBAL_BASELINE_NO_ENTITY_RANKING,,,NOT_APPLICABLE_GLOBAL_BASELINE,HF9g-P5,,,,X 全窗基线 · 不参与实体赏罚,6870381,688,A168_HF9F_20260827_0900,2026-08-27 09:00:00
2026-03-31,115293628,2232,0,81.6283540038,2.6331727098,2.6331727098,0.2000000,5,5,0.49324550000000000,0.493245500000,-1.3115534243649334,-1.3115534243649334,-1.3115534243649334,0E-17,ELIGIBLE,R03b_20260811_FULL_v1,L1_ELIGIBILITY,v2026-08-11,2026-03-21..2026-08-06,baccarat_bet02_101_all_pairs_incl_sentinel,round_win = game_pnl > 0 (decisive only),COMPATIBILITY_ONLY_NOT_PRODUCTION,15115.5905,13281.2450,167.8190,891,853,-0.01110238,,-0.01110238,-0.01110238,-167.8190,15115.5905,OK,0.0000,6.7128,4.0000,96.0000,AG03-UNRESOLVED,ALL5_LEVELS_bet23_to_bet27,6.7128,6.7128,6.7128,8.3909,8.3909,4.000000,4.000000,4.000000,5.000000,5.000000,96.000000,96.000000,96.000000,95.000000,95.000000,5.0,36.9202,33.8198,130.8988,133.9991,PENDING_AG03,FALSE,NOT_FOR_ENFORCEMENT,161.1062,12749.9952,167.8190,161.1062,6.7128,0.01110238,0.01065828,6.7128,161.1062,0.01065828,6.7128,6.7128,6.7128,8.3909,8.3909,161.1062,0.01065828,36.9202,33.8198,130.8988,133.9991,0.00865985,0.00886496,0.00044410,16.9647,15.5700,0.1967,20.9774,0.5708,1889.4488,106.6250,,16.9647,5.2352,10.4704,20.9408,39.2639,52.6635,155.808,7.8528,0.0,5.029755,14.880828,1.620261,29,115,5,6,0E-8,0.01110238,,0E-8,0.000000,0.878645,0.000000,,2026-03-22,2026-04-02,8,294,164,12,0.666667,,,0.000000,,,,,,,,GLOBAL_BASELINE_NO_ENTITY_RANKING,,,NOT_APPLICABLE_GLOBAL_BASELINE,HF9g-P5,,,,X 全窗基线 · 不参与实体赏罚,6870382,688,A168_HF9F_20260827_0900,2026-08-27 09:00:00
2026-03-31,115293628,2233,0,13.1658635490,7.6362008584,7.6362008584,0.6666667,3,3,0.50218230000000000,0.502182300000,0.5697959874915163,0.5697959874915164,0.5697959874915163,0E-17,ELIGIBLE,R03b_20260811_FULL_v1,L1_ELIGIBILITY,v2026-08-11,2026-03-21..2026-08-06,baccarat_bet02_101_all_pairs_incl_sentinel,round_win = game_pnl > 0 (decisive only),COMPATIBILITY_ONLY_NOT_PRODUCTION,15115.5905,13281.2450,167.8190,891,853,-0.01110238,,-0.01110238,-0.01110238,-167.8190,15115.5905,OK,0.0000,6.7128,4.0000,96.0000,AG03-UNRESOLVED,ALL5_LEVELS_bet23_to_bet27,6.7128,6.7128,6.7128,8.3909,8.3909,4.000000,4.000000,4.000000,5.000000,5.000000,96.000000,96.000000,96.000000,95.000000,95.000000,5.0,36.9202,33.8198,130.8988,133.9991,PENDING_AG03,FALSE,NOT_FOR_ENFORCEMENT,161.1062,12749.9952,167.8190,161.1062,6.7128,0.01110238,0.01065828,6.7128,161.1062,0.01065828,6.7128,6.7128,6.7128,8.3909,8.3909,161.1062,0.01065828,36.9202,33.8198,130.8988,133.9991,0.00865985,0.00886496,0.00044410,16.9647,15.5700,0.1967,20.9774,0.5708,1889.4488,106.6250,,16.9647,5.2352,10.4704,20.9408,39.2639,52.6635,155.808,7.8528,0.0,5.029755,14.880828,1.620261,29,115,5,6,0E-8,0.01110238,,0E-8,0.000000,0.878645,0.000000,,2026-03-22,2026-04-02,8,294,164,12,0.666667,,,0.000000,,,,,,,,GLOBAL_BASELINE_NO_ENTITY_RANKING,,,NOT_APPLICABLE_GLOBAL_BASELINE,HF9g-P5,,,,X 全窗基线 · 不参与实体赏罚,6870383,688,A168_HF9F_20260827_0900,2026-08-27 09:00:00
2026-03-31,115293628,2239,0,7.8995181294,-7.8995181294,-7.8995181294,0E-7,1,1,0.49324550000000000,0.493245500000,-0.9865810262130424,-0.9865810262130424,-0.9865810262130424,0E-17,ELIGIBLE,R03b_20260811_FULL_v1,L1_ELIGIBILITY,v2026-08-11,2026-03-21..2026-08-06,baccarat_bet02_101_all_pairs_incl_sentinel,round_win = game_pnl > 0 (decisive only),COMPATIBILITY_ONLY_NOT_PRODUCTION,15115.5905,13281.2450,167.8190,891,853,-0.01110238,,-0.01110238,-0.01110238,-167.8190,15115.5905,OK,0.0000,6.7128,4.0000,96.0000,AG03-UNRESOLVED,ALL5_LEVELS_bet23_to_bet27,6.7128,6.7128,6.7128,8.3909,8.3909,4.000000,4.000000,4.000000,5.000000,5.000000,96.000000,96.000000,96.000000,95.000000,95.000000,5.0,36.9202,33.8198,130.8988,133.9991,PENDING_AG03,FALSE,NOT_FOR_ENFORCEMENT,161.1062,12749.9952,167.8190,161.1062,6.7128,0.01110238,0.01065828,6.7128,161.1062,0.01065828,6.7128,6.7128,6.7128,8.3909,8.3909,161.1062,0.01065828,36.9202,33.8198,130.8988,133.9991,0.00865985,0.00886496,0.00044410,16.9647,15.5700,0.1967,20.9774,0.5708,1889.4488,106.6250,,16.9647,5.2352,10.4704,20.9408,39.2639,52.6635,155.808,7.8528,0.0,5.029755,14.880828,1.620261,29,115,5,6,0E-8,0.01110238,,0E-8,0.000000,0.878645,0.000000,,2026-03-22,2026-04-02,8,294,164,12,0.666667,,,0.000000,,,,,,,,GLOBAL_BASELINE_NO_ENTITY_RANKING,,,NOT_APPLICABLE_GLOBAL_BASELINE,HF9g-P5,,,,X 全窗基线 · 不参与实体赏罚,6870384,688,A168_HF9F_20260827_0900,2026-08-27 09:00:00
2026-03-31,115293628,2264,0,5.2663454196,2.6331727098,2.6331727098,1.0000000,2,2,0.49994810000000000,0.499948100000,1.0001038053877793,1.0001038053877793,1.0001038053877793,0E-17,ELIGIBLE,R03b_20260811_FULL_v1,L1_ELIGIBILITY,v2026-08-11,2026-03-21..2026-08-06,baccarat_bet02_101_all_pairs_incl_sentinel,round_win = game_pnl > 0 (decisive only),COMPATIBILITY_ONLY_NOT_PRODUCTION,15115.5905,13281.2450,167.8190,891,853,-0.01110238,,-0.01110238,-0.01110238,-167.8190,15115.5905,OK,0.0000,6.7128,4.0000,96.0000,AG03-UNRESOLVED,ALL5_LEVELS_bet23_to_bet27,6.7128,6.7128,6.7128,8.3909,8.3909,4.000000,4.000000,4.000000,5.000000,5.000000,96.000000,96.000000,96.000000,95.000000,95.000000,5.0,36.9202,33.8198,130.8988,133.9991,PENDING_AG03,FALSE,NOT_FOR_ENFORCEMENT,161.1062,12749.9952,167.8190,161.1062,6.7128,0.01110238,0.01065828,6.7128,161.1062,0.01065828,6.7128,6.7128,6.7128,8.3909,8.3909,161.1062,0.01065828,36.9202,33.8198,130.8988,133.9991,0.00865985,0.00886496,0.00044410,16.9647,15.5700,0.1967,20.9774,0.5708,1889.4488,106.6250,,16.9647,5.2352,10.4704,20.9408,39.2639,52.6635,155.808,7.8528,0.0,5.029755,14.880828,1.620261,29,115,5,6,0E-8,0.01110238,,0E-8,0.000000,0.878645,0.000000,,2026-03-22,2026-04-02,8,294,164,12,0.666667,,,0.000000,,,,,,,,GLOBAL_BASELINE_NO_ENTITY_RANKING,,,NOT_APPLICABLE_GLOBAL_BASELINE,HF9g-P5,,,,X 全窗基线 · 不参与实体赏罚,6870385,688,A168_HF9F_20260827_0900,2026-08-27 09:00:00
2026-03-31,115293628,583,0,26.3317270980,20.0121125944,20.0121125944,1.0000000,3,3,0.50665070000000000,0.506650700000,1.3955260008387969,1.3955260008387969,1.3955260008387969,0E-17,ELIGIBLE,R03b_20260811_FULL_v1,L1_ELIGIBILITY,v2026-08-11,2026-03-21..2026-08-06,baccarat_bet02_101_all_pairs_incl_sentinel,round_win = game_pnl > 0 (decisive only),COMPATIBILITY_ONLY_NOT_PRODUCTION,15115.5905,13281.2450,167.8190,891,853,-0.01110238,,-0.01110238,-0.01110238,-167.8190,15115.5905,OK,0.0000,6.7128,4.0000,96.0000,AG03-UNRESOLVED,ALL5_LEVELS_bet23_to_bet27,6.7128,6.7128,6.7128,8.3909,8.3909,4.000000,4.000000,4.000000,5.000000,5.000000,96.000000,96.000000,96.000000,95.000000,95.000000,5.0,36.9202,33.8198,130.8988,133.9991,PENDING_AG03,FALSE,NOT_FOR_ENFORCEMENT,161.1062,12749.9952,167.8190,161.1062,6.7128,0.01110238,0.01065828,6.7128,161.1062,0.01065828,6.7128,6.7128,6.7128,8.3909,8.3909,161.1062,0.01065828,36.9202,33.8198,130.8988,133.9991,0.00865985,0.00886496,0.00044410,16.9647,15.5700,0.1967,20.9774,0.5708,1889.4488,106.6250,,16.9647,5.2352,10.4704,20.9408,39.2639,52.6635,155.808,7.8528,0.0,5.029755,14.880828,1.620261,29,115,5,6,0E-8,0.01110238,,0E-8,0.000000,0.878645,0.000000,,2026-03-22,2026-04-02,8,294,164,12,0.666667,,,0.000000,,,,,,,,GLOBAL_BASELINE_NO_ENTITY_RANKING,,,NOT_APPLICABLE_GLOBAL_BASELINE,HF9g-P5,,,,X 全窗基线 · 不参与实体赏罚,6870386,688,A168_HF9F_20260827_0900,2026-08-27 09:00:00
2026-03-31,115293628,595,0,50.0302814862,-3.2914658873,-3.2914658873,0.5000000,5,5,0.49860758000000000,0.498607580000,0.005569701597489473,0.005569701597489473,0.005569701597489473,0E-17,ELIGIBLE,R03b_20260811_FULL_v1,L1_ELIGIBILITY,v2026-08-11,2026-03-21..2026-08-06,baccarat_bet02_101_all_pairs_incl_sentinel,round_win = game_pnl > 0 (decisive only),COMPATIBILITY_ONLY_NOT_PRODUCTION,15115.5905,13281.2450,167.8190,891,853,-0.01110238,,-0.01110238,-0.01110238,-167.8190,15115.5905,OK,0.0000,6.7128,4.0000,96.0000,AG03-UNRESOLVED,ALL5_LEVELS_bet23_to_bet27,6.7128,6.7128,6.7128,8.3909,8.3909,4.000000,4.000000,4.000000,5.000000,5.000000,96.000000,96.000000,96.000000,95.000000,95.000000,5.0,36.9202,33.8198,130.8988,133.9991,PENDING_AG03,FALSE,NOT_FOR_ENFORCEMENT,161.1062,12749.9952,167.8190,161.1062,6.7128,0.01110238,0.01065828,6.7128,161.1062,0.01065828,6.7128,6.7128,6.7128,8.3909,8.3909,161.1062,0.01065828,36.9202,33.8198,130.8988,133.9991,0.00865985,0.00886496,0.00044410,16.9647,15.5700,0.1967,20.9774,0.5708,1889.4488,106.6250,,16.9647,5.2352,10.4704,20.9408,39.2639,52.6635,155.808,7.8528,0.0,5.029755,14.880828,1.620261,29,115,5,6,0E-8,0.01110238,,0E-8,0.000000,0.878645,0.000000,,2026-03-22,2026-04-02,8,294,164,12,0.666667,,,0.000000,,,,,,,,GLOBAL_BASELINE_NO_ENTITY_RANKING,,,NOT_APPLICABLE_GLOBAL_BASELINE,HF9g-P5,,,,X 全窗基线 · 不参与实体赏罚,6870387,688,A168_HF9F_20260827_0900,2026-08-27 09:00:00
2026-03-31,115293628,925,0,42.1307633568,40.0242251889,40.0242251889,1.0000000,1,1,0.50665070000000000,0.506650700000,0.9867858985152569,0.9867858985152569,0.9867858985152569,0E-17,ELIGIBLE,R03b_20260811_FULL_v1,L1_ELIGIBILITY,v2026-08-11,2026-03-21..2026-08-06,baccarat_bet02_101_all_pairs_incl_sentinel,round_win = game_pnl > 0 (decisive only),COMPATIBILITY_ONLY_NOT_PRODUCTION,15115.5905,13281.2450,167.8190,891,853,-0.01110238,,-0.01110238,-0.01110238,-167.8190,15115.5905,OK,0.0000,6.7128,4.0000,96.0000,AG03-UNRESOLVED,ALL5_LEVELS_bet23_to_bet27,6.7128,6.7128,6.7128,8.3909,8.3909,4.000000,4.000000,4.000000,5.000000,5.000000,96.000000,96.000000,96.000000,95.000000,95.000000,5.0,36.9202,33.8198,130.8988,133.9991,PENDING_AG03,FALSE,NOT_FOR_ENFORCEMENT,161.1062,12749.9952,167.8190,161.1062,6.7128,0.01110238,0.01065828,6.7128,161.1062,0.01065828,6.7128,6.7128,6.7128,8.3909,8.3909,161.1062,0.01065828,36.9202,33.8198,130.8988,133.9991,0.00865985,0.00886496,0.00044410,16.9647,15.5700,0.1967,20.9774,0.5708,1889.4488,106.6250,,16.9647,5.2352,10.4704,20.9408,39.2639,52.6635,155.808,7.8528,0.0,5.029755,14.880828,1.620261,29,115,5,6,0E-8,0.01110238,,0E-8,0.000000,0.878645,0.000000,,2026-03-22,2026-04-02,8,294,164,12,0.666667,,,0.000000,,,,,,,,GLOBAL_BASELINE_NO_ENTITY_RANKING,,,NOT_APPLICABLE_GLOBAL_BASELINE,HF9g-P5,,,,X 全窗基线 · 不参与实体赏罚,6870388,688,A168_HF9F_20260827_0900,2026-08-27 09:00:00
2026-04-01,115293628,-1,1,301.0234798320,24.8671570295,24.8671570295,0.4333333,34,33,0.50028661515151515,0.500354318182,-0.7334365755174386,-0.7341782888960594,-0.7334365755174386,-0.00006770303048485,SENTINEL_DEALER,R03b_20260811_FULL_v1,L1_ELIGIBILITY,v2026-08-11,2026-03-21..2026-08-06,baccarat_bet02_101_all_pairs_incl_sentinel,round_win = game_pnl > 0 (decisive only),COMPATIBILITY_ONLY_NOT_PRODUCTION,15115.5905,13281.2450,167.8190,891,853,-0.01110238,,-0.01110238,-0.01110238,-167.8190,15115.5905,OK,0.0000,6.7128,4.0000,96.0000,AG03-UNRESOLVED,ALL5_LEVELS_bet23_to_bet27,6.7128,6.7128,6.7128,8.3909,8.3909,4.000000,4.000000,4.000000,5.000000,5.000000,96.000000,96.000000,96.000000,95.000000,95.000000,5.0,36.9202,33.8198,130.8988,133.9991,PENDING_AG03,FALSE,NOT_FOR_ENFORCEMENT,161.1062,12749.9952,167.8190,161.1062,6.7128,0.01110238,0.01065828,6.7128,161.1062,0.01065828,6.7128,6.7128,6.7128,8.3909,8.3909,161.1062,0.01065828,36.9202,33.8198,130.8988,133.9991,0.00865985,0.00886496,0.00044410,16.9647,15.5700,0.1967,20.9774,0.5708,1889.4488,106.6250,,16.9647,5.2352,10.4704,20.9408,39.2639,52.6635,155.808,7.8528,0.0,5.029755,14.880828,1.620261,29,115,5,6,0E-8,0.01110238,,0E-8,0.000000,0.878645,0.000000,,2026-03-22,2026-04-02,8,294,164,12,0.666667,,,0.000000,,,,,,,,GLOBAL_BASELINE_NO_ENTITY_RANKING,,,NOT_APPLICABLE_GLOBAL_BASELINE,HF9g-P5,,,,X 全窗基线 · 不参与实体赏罚,6870389,688,A168_HF9F_20260827_0900,2026-08-27 09:00:00
2026-04-01,115293628,1094,0,10.4703819072,9.9468628118,9.9468628118,1.0000000,2,2,0.50665070000000000,0.506650700000,1.3955260008387969,1.3955260008387969,1.3955260008387969,0E-17,ELIGIBLE,R03b_20260811_FULL_v1,L1_ELIGIBILITY,v2026-08-11,2026-03-21..2026-08-06,baccarat_bet02_101_all_pairs_incl_sentinel,round_win = game_pnl > 0 (decisive only),COMPATIBILITY_ONLY_NOT_PRODUCTION,15115.5905,13281.2450,167.8190,891,853,-0.01110238,,-0.01110238,-0.01110238,-167.8190,15115.5905,OK,0.0000,6.7128,4.0000,96.0000,AG03-UNRESOLVED,ALL5_LEVELS_bet23_to_bet27,6.7128,6.7128,6.7128,8.3909,8.3909,4.000000,4.000000,4.000000,5.000000,5.000000,96.000000,96.000000,96.000000,95.000000,95.000000,5.0,36.9202,33.8198,130.8988,133.9991,PENDING_AG03,FALSE,NOT_FOR_ENFORCEMENT,161.1062,12749.9952,167.8190,161.1062,6.7128,0.01110238,0.01065828,6.7128,161.1062,0.01065828,6.7128,6.7128,6.7128,8.3909,8.3909,161.1062,0.01065828,36.9202,33.8198,130.8988,133.9991,0.00865985,0.00886496,0.00044410,16.9647,15.5700,0.1967,20.9774,0.5708,1889.4488,106.6250,,16.9647,5.2352,10.4704,20.9408,39.2639,52.6635,155.808,7.8528,0.0,5.029755,14.880828,1.620261,29,115,5,6,0E-8,0.01110238,,0E-8,0.000000,0.878645,0.000000,,2026-03-22,2026-04-02,8,294,164,12,0.666667,,,0.000000,,,,,,,,GLOBAL_BASELINE_NO_ENTITY_RANKING,,,NOT_APPLICABLE_GLOBAL_BASELINE,HF9g-P5,,,,X 全窗基线 · 不参与实体赏罚,6870390,688,A168_HF9F_20260827_0900,2026-08-27 09:00:00
2026-04-01,115293628,1115,0,102.0862235951,13.0879773840,13.0879773840,0.5000000,6,5,0.49391576000000128,0.494586020000,0.02433876201013842,0.021657189632758523,0.02433876201013842,-0.00067025999999872,ELIGIBLE,R03b_20260811_FULL_v1,L1_ELIGIBILITY,v2026-08-11,2026-03-21..2026-08-06,baccarat_bet02_101_all_pairs_incl_sentinel,round_win = game_pnl > 0 (decisive only),COMPATIBILITY_ONLY_NOT_PRODUCTION,15115.5905,13281.2450,167.8190,891,853,-0.01110238,,-0.01110238,-0.01110238,-167.8190,15115.5905,OK,0.0000,6.7128,4.0000,96.0000,AG03-UNRESOLVED,ALL5_LEVELS_bet23_to_bet27,6.7128,6.7128,6.7128,8.3909,8.3909,4.000000,4.000000,4.000000,5.000000,5.000000,96.000000,96.000000,96.000000,95.000000,95.000000,5.0,36.9202,33.8198,130.8988,133.9991,PENDING_AG03,FALSE,NOT_FOR_ENFORCEMENT,161.1062,12749.9952,167.8190,161.1062,6.7128,0.01110238,0.01065828,6.7128,161.1062,0.01065828,6.7128,6.7128,6.7128,8.3909,8.3909,161.1062,0.01065828,36.9202,33.8198,130.8988,133.9991,0.00865985,0.00886496,0.00044410,16.9647,15.5700,0.1967,20.9774,0.5708,1889.4488,106.6250,,16.9647,5.2352,10.4704,20.9408,39.2639,52.6635,155.808,7.8528,0.0,5.029755,14.880828,1.620261,29,115,5,6,0E-8,0.01110238,,0E-8,0.000000,0.878645,0.000000,,2026-03-22,2026-04-02,8,294,164,12,0.666667,,,0.000000,,,,,,,,GLOBAL_BASELINE_NO_ENTITY_RANKING,,,NOT_APPLICABLE_GLOBAL_BASELINE,HF9g-P5,,,,X 全窗基线 · 不参与实体赏罚,6870391,688,A168_HF9F_20260827_0900,2026-08-27 09:00:00
2026-04-01,115293628,1157,0,5.2351909536,-0.1308797738,-0.1308797738,0E-7,2,1,0.39717375000000000,0.397173750000,-0.811697467588411,-0.811697467588411,-0.811697467588411,0E-17,ELIGIBLE,R03b_20260811_FULL_v1,L1_ELIGIBILITY,v2026-08-11,2026-03-21..2026-08-06,baccarat_bet02_101_all_pairs_incl_sentinel,round_win = game_pnl > 0 (decisive only),COMPATIBILITY_ONLY_NOT_PRODUCTION,15115.5905,13281.2450,167.8190,891,853,-0.01110238,,-0.01110238,-0.01110238,-167.8190,15115.5905,OK,0.0000,6.7128,4.0000,96.0000,AG03-UNRESOLVED,ALL5_LEVELS_bet23_to_bet27,6.7128,6.7128,6.7128,8.3909,8.3909,4.000000,4.000000,4.000000,5.000000,5.000000,96.000000,96.000000,96.000000,95.000000,95.000000,5.0,36.9202,33.8198,130.8988,133.9991,PENDING_AG03,FALSE,NOT_FOR_ENFORCEMENT,161.1062,12749.9952,167.8190,161.1062,6.7128,0.01110238,0.01065828,6.7128,161.1062,0.01065828,6.7128,6.7128,6.7128,8.3909,8.3909,161.1062,0.01065828,36.9202,33.8198,130.8988,133.9991,0.00865985,0.00886496,0.00044410,16.9647,15.5700,0.1967,20.9774,0.5708,1889.4488,106.6250,,16.9647,5.2352,10.4704,20.9408,39.2639,52.6635,155.808,7.8528,0.0,5.029755,14.880828,1.620261,29,115,5,6,0E-8,0.01110238,,0E-8,0.000000,0.878645,0.000000,,2026-03-22,2026-04-02,8,294,164,12,0.666667,,,0.000000,,,,,,,,GLOBAL_BASELINE_NO_ENTITY_RANKING,,,NOT_APPLICABLE_GLOBAL_BASELINE,HF9g-P5,,,,X 全窗基线 · 不参与实体赏罚,6870392,688,A168_HF9F_20260827_0900,2026-08-27 09:00:00
2026-04-01,115293628,1299,0,10.4703819072,0E-10,0E-10,,2,2,0.49324550000000000,0.493245500000,,,,0E-17,NO_DECISIVE_ROUND,R03b_20260811_FULL_v1,L1_ELIGIBILITY,v2026-08-11,2026-03-21..2026-08-06,baccarat_bet02_101_all_pairs_incl_sentinel,round_win = game_pnl > 0 (decisive only),COMPATIBILITY_ONLY_NOT_PRODUCTION,15115.5905,13281.2450,167.8190,891,853,-0.01110238,,-0.01110238,-0.01110238,-167.8190,15115.5905,OK,0.0000,6.7128,4.0000,96.0000,AG03-UNRESOLVED,ALL5_LEVELS_bet23_to_bet27,6.7128,6.7128,6.7128,8.3909,8.3909,4.000000,4.000000,4.000000,5.000000,5.000000,96.000000,96.000000,96.000000,95.000000,95.000000,5.0,36.9202,33.8198,130.8988,133.9991,PENDING_AG03,FALSE,NOT_FOR_ENFORCEMENT,161.1062,12749.9952,167.8190,161.1062,6.7128,0.01110238,0.01065828,6.7128,161.1062,0.01065828,6.7128,6.7128,6.7128,8.3909,8.3909,161.1062,0.01065828,36.9202,33.8198,130.8988,133.9991,0.00865985,0.00886496,0.00044410,16.9647,15.5700,0.1967,20.9774,0.5708,1889.4488,106.6250,,16.9647,5.2352,10.4704,20.9408,39.2639,52.6635,155.808,7.8528,0.0,5.029755,14.880828,1.620261,29,115,5,6,0E-8,0.01110238,,0E-8,0.000000,0.878645,0.000000,,2026-03-22,2026-04-02,8,294,164,12,0.666667,,,0.000000,,,,,,,,GLOBAL_BASELINE_NO_ENTITY_RANKING,,,NOT_APPLICABLE_GLOBAL_BASELINE,HF9g-P5,,,,X 全窗基线 · 不参与实体赏罚,6870393,688,A168_HF9F_20260827_0900,2026-08-27 09:00:00
2026-04-01,115293628,1396,0,5.2351909536,4.9734314059,4.9734314059,1.0000000,1,1,0.50665070000000000,0.506650700000,0.9867858985152569,0.9867858985152569,0.9867858985152569,0E-17,ELIGIBLE,R03b_20260811_FULL_v1,L1_ELIGIBILITY,v2026-08-11,2026-03-21..2026-08-06,baccarat_bet02_101_all_pairs_incl_sentinel,round_win = game_pnl > 0 (decisive only),COMPATIBILITY_ONLY_NOT_PRODUCTION,15115.5905,13281.2450,167.8190,891,853,-0.01110238,,-0.01110238,-0.01110238,-167.8190,15115.5905,OK,0.0000,6.7128,4.0000,96.0000,AG03-UNRESOLVED,ALL5_LEVELS_bet23_to_bet27,6.7128,6.7128,6.7128,8.3909,8.3909,4.000000,4.000000,4.000000,5.000000,5.000000,96.000000,96.000000,96.000000,95.000000,95.000000,5.0,36.9202,33.8198,130.8988,133.9991,PENDING_AG03,FALSE,NOT_FOR_ENFORCEMENT,161.1062,12749.9952,167.8190,161.1062,6.7128,0.01110238,0.01065828,6.7128,161.1062,0.01065828,6.7128,6.7128,6.7128,8.3909,8.3909,161.1062,0.01065828,36.9202,33.8198,130.8988,133.9991,0.00865985,0.00886496,0.00044410,16.9647,15.5700,0.1967,20.9774,0.5708,1889.4488,106.6250,,16.9647,5.2352,10.4704,20.9408,39.2639,52.6635,155.808,7.8528,0.0,5.029755,14.880828,1.620261,29,115,5,6,0E-8,0.01110238,,0E-8,0.000000,0.878645,0.000000,,2026-03-22,2026-04-02,8,294,164,12,0.666667,,,0.000000,,,,,,,,GLOBAL_BASELINE_NO_ENTITY_RANKING,,,NOT_APPLICABLE_GLOBAL_BASELINE,HF9g-P5,,,,X 全窗基线 · 不参与实体赏罚,6870394,688,A168_HF9F_20260827_0900,2026-08-27 09:00:00
2026-04-01,115293628,1399,0,7.8527864304,7.7219066566,7.7219066566,1.0000000,2,2,0.49994810000000000,0.499948100000,1.4143603653603398,1.4143603653603398,1.4143603653603398,0E-17,ELIGIBLE,R03b_20260811_FULL_v1,L1_ELIGIBILITY,v2026-08-11,2026-03-21..2026-08-06,baccarat_bet02_101_all_pairs_incl_sentinel,round_win = game_pnl > 0 (decisive only),COMPATIBILITY_ONLY_NOT_PRODUCTION,15115.5905,13281.2450,167.8190,891,853,-0.01110238,,-0.01110238,-0.01110238,-167.8190,15115.5905,OK,0.0000,6.7128,4.0000,96.0000,AG03-UNRESOLVED,ALL5_LEVELS_bet23_to_bet27,6.7128,6.7128,6.7128,8.3909,8.3909,4.000000,4.000000,4.000000,5.000000,5.000000,96.000000,96.000000,96.000000,95.000000,95.000000,5.0,36.9202,33.8198,130.8988,133.9991,PENDING_AG03,FALSE,NOT_FOR_ENFORCEMENT,161.1062,12749.9952,167.8190,161.1062,6.7128,0.01110238,0.01065828,6.7128,161.1062,0.01065828,6.7128,6.7128,6.7128,8.3909,8.3909,161.1062,0.01065828,36.9202,33.8198,130.8988,133.9991,0.00865985,0.00886496,0.00044410,16.9647,15.5700,0.1967,20.9774,0.5708,1889.4488,106.6250,,16.9647,5.2352,10.4704,20.9408,39.2639,52.6635,155.808,7.8528,0.0,5.029755,14.880828,1.620261,29,115,5,6,0E-8,0.01110238,,0E-8,0.000000,0.878645,0.000000,,2026-03-22,2026-04-02,8,294,164,12,0.666667,,,0.000000,,,,,,,,GLOBAL_BASELINE_NO_ENTITY_RANKING,,,NOT_APPLICABLE_GLOBAL_BASELINE,HF9g-P5,,,,X 全窗基线 · 不参与实体赏罚,6870395,688,A168_HF9F_20260827_0900,2026-08-27 09:00:00
2026-04-01,115293628,1401,0,28.7935502448,4.7116718582,4.7116718582,0.5000000,4,3,0.50516123333333333,0.504416500000,-0.014598950161154246,-0.012492235739862727,-0.014598950161154246,0.00074473333333333,ELIGIBLE,R03b_20260811_FULL_v1,L1_ELIGIBILITY,v2026-08-11,2026-03-21..2026-08-06,baccarat_bet02_101_all_pairs_incl_sentinel,round_win = game_pnl > 0 (decisive only),COMPATIBILITY_ONLY_NOT_PRODUCTION,15115.5905,13281.2450,167.8190,891,853,-0.01110238,,-0.01110238,-0.01110238,-167.8190,15115.5905,OK,0.0000,6.7128,4.0000,96.0000,AG03-UNRESOLVED,ALL5_LEVELS_bet23_to_bet27,6.7128,6.7128,6.7128,8.3909,8.3909,4.000000,4.000000,4.000000,5.000000,5.000000,96.000000,96.000000,96.000000,95.000000,95.000000,5.0,36.9202,33.8198,130.8988,133.9991,PENDING_AG03,FALSE,NOT_FOR_ENFORCEMENT,161.1062,12749.9952,167.8190,161.1062,6.7128,0.01110238,0.01065828,6.7128,161.1062,0.01065828,6.7128,6.7128,6.7128,8.3909,8.3909,161.1062,0.01065828,36.9202,33.8198,130.8988,133.9991,0.00865985,0.00886496,0.00044410,16.9647,15.5700,0.1967,20.9774,0.5708,1889.4488,106.6250,,16.9647,5.2352,10.4704,20.9408,39.2639,52.6635,155.808,7.8528,0.0,5.029755,14.880828,1.620261,29,115,5,6,0E-8,0.01110238,,0E-8,0.000000,0.878645,0.000000,,2026-03-22,2026-04-02,8,294,164,12,0.666667,,,0.000000,,,,,,,,GLOBAL_BASELINE_NO_ENTITY_RANKING,,,NOT_APPLICABLE_GLOBAL_BASELINE,HF9g-P5,,,,X 全窗基线 · 不参与实体赏罚,6870396,688,A168_HF9F_20260827_0900,2026-08-27 09:00:00
2026-04-01,115293628,1646,0,49.7343140592,23.5583592912,23.5583592912,1.0000000,3,3,0.49324550000000000,0.493245500000,1.4334489766152358,1.4334489766152358,1.4334489766152358,0E-17,ELIGIBLE,R03b_20260811_FULL_v1,L1_ELIGIBILITY,v2026-08-11,2026-03-21..2026-08-06,baccarat_bet02_101_all_pairs_incl_sentinel,round_win = game_pnl > 0 (decisive only),COMPATIBILITY_ONLY_NOT_PRODUCTION,15115.5905,13281.2450,167.8190,891,853,-0.01110238,,-0.01110238,-0.01110238,-167.8190,15115.5905,OK,0.0000,6.7128,4.0000,96.0000,AG03-UNRESOLVED,ALL5_LEVELS_bet23_to_bet27,6.7128,6.7128,6.7128,8.3909,8.3909,4.000000,4.000000,4.000000,5.000000,5.000000,96.000000,96.000000,96.000000,95.000000,95.000000,5.0,36.9202,33.8198,130.8988,133.9991,PENDING_AG03,FALSE,NOT_FOR_ENFORCEMENT,161.1062,12749.9952,167.8190,161.1062,6.7128,0.01110238,0.01065828,6.7128,161.1062,0.01065828,6.7128,6.7128,6.7128,8.3909,8.3909,161.1062,0.01065828,36.9202,33.8198,130.8988,133.9991,0.00865985,0.00886496,0.00044410,16.9647,15.5700,0.1967,20.9774,0.5708,1889.4488,106.6250,,16.9647,5.2352,10.4704,20.9408,39.2639,52.6635,155.808,7.8528,0.0,5.029755,14.880828,1.620261,29,115,5,6,0E-8,0.01110238,,0E-8,0.000000,0.878645,0.000000,,2026-03-22,2026-04-02,8,294,164,12,0.666667,,,0.000000,,,,,,,,GLOBAL_BASELINE_NO_ENTITY_RANKING,,,NOT_APPLICABLE_GLOBAL_BASELINE,HF9g-P5,,,,X 全窗基线 · 不参与实体赏罚,6870397,688,A168_HF9F_20260827_0900,2026-08-27 09:00:00
2026-04-01,115293628,1710,0,5.2351909536,4.9734314059,4.9734314059,1.0000000,1,1,0.50665070000000000,0.506650700000,0.9867858985152569,0.9867858985152569,0.9867858985152569,0E-17,ELIGIBLE,R03b_20260811_FULL_v1,L1_ELIGIBILITY,v2026-08-11,2026-03-21..2026-08-06,baccarat_bet02_101_all_pairs_incl_sentinel,round_win = game_pnl > 0 (decisive only),COMPATIBILITY_ONLY_NOT_PRODUCTION,15115.5905,13281.2450,167.8190,891,853,-0.01110238,,-0.01110238,-0.01110238,-167.8190,15115.5905,OK,0.0000,6.7128,4.0000,96.0000,AG03-UNRESOLVED,ALL5_LEVELS_bet23_to_bet27,6.7128,6.7128,6.7128,8.3909,8.3909,4.000000,4.000000,4.000000,5.000000,5.000000,96.000000,96.000000,96.000000,95.000000,95.000000,5.0,36.9202,33.8198,130.8988,133.9991,PENDING_AG03,FALSE,NOT_FOR_ENFORCEMENT,161.1062,12749.9952,167.8190,161.1062,6.7128,0.01110238,0.01065828,6.7128,161.1062,0.01065828,6.7128,6.7128,6.7128,8.3909,8.3909,161.1062,0.01065828,36.9202,33.8198,130.8988,133.9991,0.00865985,0.00886496,0.00044410,16.9647,15.5700,0.1967,20.9774,0.5708,1889.4488,106.6250,,16.9647,5.2352,10.4704,20.9408,39.2639,52.6635,155.808,7.8528,0.0,5.029755,14.880828,1.620261,29,115,5,6,0E-8,0.01110238,,0E-8,0.000000,0.878645,0.000000,,2026-03-22,2026-04-02,8,294,164,12,0.666667,,,0.000000,,,,,,,,GLOBAL_BASELINE_NO_ENTITY_RANKING,,,NOT_APPLICABLE_GLOBAL_BASELINE,HF9g-P5,,,,X 全窗基线 · 不参与实体赏罚,6870398,688,A168_HF9F_20260827_0900,2026-08-27 09:00:00
2026-04-01,115293628,2115,0,5.2351909536,5.2351909536,5.2351909536,1.0000000,1,1,0.49324550000000000,0.493245500000,1.01360149184955,1.01360149184955,1.01360149184955,0E-17,ELIGIBLE,R03b_20260811_FULL_v1,L1_ELIGIBILITY,v2026-08-11,2026-03-21..2026-08-06,baccarat_bet02_101_all_pairs_incl_sentinel,round_win = game_pnl > 0 (decisive only),COMPATIBILITY_ONLY_NOT_PRODUCTION,15115.5905,13281.2450,167.8190,891,853,-0.01110238,,-0.01110238,-0.01110238,-167.8190,15115.5905,OK,0.0000,6.7128,4.0000,96.0000,AG03-UNRESOLVED,ALL5_LEVELS_bet23_to_bet27,6.7128,6.7128,6.7128,8.3909,8.3909,4.000000,4.000000,4.000000,5.000000,5.000000,96.000000,96.000000,96.000000,95.000000,95.000000,5.0,36.9202,33.8198,130.8988,133.9991,PENDING_AG03,FALSE,NOT_FOR_ENFORCEMENT,161.1062,12749.9952,167.8190,161.1062,6.7128,0.01110238,0.01065828,6.7128,161.1062,0.01065828,6.7128,6.7128,6.7128,8.3909,8.3909,161.1062,0.01065828,36.9202,33.8198,130.8988,133.9991,0.00865985,0.00886496,0.00044410,16.9647,15.5700,0.1967,20.9774,0.5708,1889.4488,106.6250,,16.9647,5.2352,10.4704,20.9408,39.2639,52.6635,155.808,7.8528,0.0,5.029755,14.880828,1.620261,29,115,5,6,0E-8,0.01110238,,0E-8,0.000000,0.878645,0.000000,,2026-03-22,2026-04-02,8,294,164,12,0.666667,,,0.000000,,,,,,,,GLOBAL_BASELINE_NO_ENTITY_RANKING,,,NOT_APPLICABLE_GLOBAL_BASELINE,HF9g-P5,,,,X 全窗基线 · 不参与实体赏罚,6870399,688,A168_HF9F_20260827_0900,2026-08-27 09:00:00
2026-04-01,115293628,2134,0,10.4703819072,9.9468628118,9.9468628118,1.0000000,1,1,0.50665070000000000,0.506650700000,0.9867858985152569,0.9867858985152569,0.9867858985152569,0E-17,ELIGIBLE,R03b_20260811_FULL_v1,L1_ELIGIBILITY,v2026-08-11,2026-03-21..2026-08-06,baccarat_bet02_101_all_pairs_incl_sentinel,round_win = game_pnl > 0 (decisive only),COMPATIBILITY_ONLY_NOT_PRODUCTION,15115.5905,13281.2450,167.8190,891,853,-0.01110238,,-0.01110238,-0.01110238,-167.8190,15115.5905,OK,0.0000,6.7128,4.0000,96.0000,AG03-UNRESOLVED,ALL5_LEVELS_bet23_to_bet27,6.7128,6.7128,6.7128,8.3909,8.3909,4.000000,4.000000,4.000000,5.000000,5.000000,96.000000,96.000000,96.000000,95.000000,95.000000,5.0,36.9202,33.8198,130.8988,133.9991,PENDING_AG03,FALSE,NOT_FOR_ENFORCEMENT,161.1062,12749.9952,167.8190,161.1062,6.7128,0.01110238,0.01065828,6.7128,161.1062,0.01065828,6.7128,6.7128,6.7128,8.3909,8.3909,161.1062,0.01065828,36.9202,33.8198,130.8988,133.9991,0.00865985,0.00886496,0.00044410,16.9647,15.5700,0.1967,20.9774,0.5708,1889.4488,106.6250,,16.9647,5.2352,10.4704,20.9408,39.2639,52.6635,155.808,7.8528,0.0,5.029755,14.880828,1.620261,29,115,5,6,0E-8,0.01110238,,0E-8,0.000000,0.878645,0.000000,,2026-03-22,2026-04-02,8,294,164,12,0.666667,,,0.000000,,,,,,,,GLOBAL_BASELINE_NO_ENTITY_RANKING,,,NOT_APPLICABLE_GLOBAL_BASELINE,HF9g-P5,,,,X 全窗基线 · 不参与实体赏罚,6870400,688,A168_HF9F_20260827_0900,2026-08-27 09:00:00
2026-04-01,115293628,2155,0,5.2351909536,5.2351909536,5.2351909536,1.0000000,1,1,0.49324550000000000,0.493245500000,1.01360149184955,1.01360149184955,1.01360149184955,0E-17,ELIGIBLE,R03b_20260811_FULL_v1,L1_ELIGIBILITY,v2026-08-11,2026-03-21..2026-08-06,baccarat_bet02_101_all_pairs_incl_sentinel,round_win = game_pnl > 0 (decisive only),COMPATIBILITY_ONLY_NOT_PRODUCTION,15115.5905,13281.2450,167.8190,891,853,-0.01110238,,-0.01110238,-0.01110238,-167.8190,15115.5905,OK,0.0000,6.7128,4.0000,96.0000,AG03-UNRESOLVED,ALL5_LEVELS_bet23_to_bet27,6.7128,6.7128,6.7128,8.3909,8.3909,4.000000,4.000000,4.000000,5.000000,5.000000,96.000000,96.000000,96.000000,95.000000,95.000000,5.0,36.9202,33.8198,130.8988,133.9991,PENDING_AG03,FALSE,NOT_FOR_ENFORCEMENT,161.1062,12749.9952,167.8190,161.1062,6.7128,0.01110238,0.01065828,6.7128,161.1062,0.01065828,6.7128,6.7128,6.7128,8.3909,8.3909,161.1062,0.01065828,36.9202,33.8198,130.8988,133.9991,0.00865985,0.00886496,0.00044410,16.9647,15.5700,0.1967,20.9774,0.5708,1889.4488,106.6250,,16.9647,5.2352,10.4704,20.9408,39.2639,52.6635,155.808,7.8528,0.0,5.029755,14.880828,1.620261,29,115,5,6,0E-8,0.01110238,,0E-8,0.000000,0.878645,0.000000,,2026-03-22,2026-04-02,8,294,164,12,0.666667,,,0.000000,,,,,,,,GLOBAL_BASELINE_NO_ENTITY_RANKING,,,NOT_APPLICABLE_GLOBAL_BASELINE,HF9g-P5,,,,X 全窗基线 · 不参与实体赏罚,6870401,688,A168_HF9F_20260827_0900,2026-08-27 09:00:00
2026-04-01,115293628,2196,0,523.2573358113,-523.2573358113,-523.2573358113,0E-7,2,2,0.49324550000000000,0.493245500000,-1.3952362676504506,-1.3952362676504506,-1.3952362676504506,0E-17,ELIGIBLE,R03b_20260811_FULL_v1,L1_ELIGIBILITY,v2026-08-11,2026-03-21..2026-08-06,baccarat_bet02_101_all_pairs_incl_sentinel,round_win = game_pnl > 0 (decisive only),COMPATIBILITY_ONLY_NOT_PRODUCTION,15115.5905,13281.2450,167.8190,891,853,-0.01110238,,-0.01110238,-0.01110238,-167.8190,15115.5905,OK,0.0000,6.7128,4.0000,96.0000,AG03-UNRESOLVED,ALL5_LEVELS_bet23_to_bet27,6.7128,6.7128,6.7128,8.3909,8.3909,4.000000,4.000000,4.000000,5.000000,5.000000,96.000000,96.000000,96.000000,95.000000,95.000000,5.0,36.9202,33.8198,130.8988,133.9991,PENDING_AG03,FALSE,NOT_FOR_ENFORCEMENT,161.1062,12749.9952,167.8190,161.1062,6.7128,0.01110238,0.01065828,6.7128,161.1062,0.01065828,6.7128,6.7128,6.7128,8.3909,8.3909,161.1062,0.01065828,36.9202,33.8198,130.8988,133.9991,0.00865985,0.00886496,0.00044410,16.9647,15.5700,0.1967,20.9774,0.5708,1889.4488,106.6250,,16.9647,5.2352,10.4704,20.9408,39.2639,52.6635,155.808,7.8528,0.0,5.029755,14.880828,1.620261,29,115,5,6,0E-8,0.01110238,,0E-8,0.000000,0.878645,0.000000,,2026-03-22,2026-04-02,8,294,164,12,0.666667,,,0.000000,,,,,,,,GLOBAL_BASELINE_NO_ENTITY_RANKING,,,NOT_APPLICABLE_GLOBAL_BASELINE,HF9g-P5,,,,X 全窗基线 · 不参与实体赏罚,6870402,688,A168_HF9F_20260827_0900,2026-08-27 09:00:00
2026-04-01,115293628,2216,0,10.4703819072,9.9468628118,9.9468628118,1.0000000,1,1,0.50665070000000000,0.506650700000,0.9867858985152569,0.9867858985152569,0.9867858985152569,0E-17,ELIGIBLE,R03b_20260811_FULL_v1,L1_ELIGIBILITY,v2026-08-11,2026-03-21..2026-08-06,baccarat_bet02_101_all_pairs_incl_sentinel,round_win = game_pnl > 0 (decisive only),COMPATIBILITY_ONLY_NOT_PRODUCTION,15115.5905,13281.2450,167.8190,891,853,-0.01110238,,-0.01110238,-0.01110238,-167.8190,15115.5905,OK,0.0000,6.7128,4.0000,96.0000,AG03-UNRESOLVED,ALL5_LEVELS_bet23_to_bet27,6.7128,6.7128,6.7128,8.3909,8.3909,4.000000,4.000000,4.000000,5.000000,5.000000,96.000000,96.000000,96.000000,95.000000,95.000000,5.0,36.9202,33.8198,130.8988,133.9991,PENDING_AG03,FALSE,NOT_FOR_ENFORCEMENT,161.1062,12749.9952,167.8190,161.1062,6.7128,0.01110238,0.01065828,6.7128,161.1062,0.01065828,6.7128,6.7128,6.7128,8.3909,8.3909,161.1062,0.01065828,36.9202,33.8198,130.8988,133.9991,0.00865985,0.00886496,0.00044410,16.9647,15.5700,0.1967,20.9774,0.5708,1889.4488,106.6250,,16.9647,5.2352,10.4704,20.9408,39.2639,52.6635,155.808,7.8528,0.0,5.029755,14.880828,1.620261,29,115,5,6,0E-8,0.01110238,,0E-8,0.000000,0.878645,0.000000,,2026-03-22,2026-04-02,8,294,164,12,0.666667,,,0.000000,,,,,,,,GLOBAL_BASELINE_NO_ENTITY_RANKING,,,NOT_APPLICABLE_GLOBAL_BASELINE,HF9g-P5,,,,X 全窗基线 · 不参与实体赏罚,6870403,688,A168_HF9F_20260827_0900,2026-08-27 09:00:00
2026-04-01,115293628,2233,0,41.8815276288,9.1615841688,9.1615841688,0.3333333,4,3,0.47785468000000000,0.434660650000,-0.501128393657142,-0.3540441306738834,-0.501128393657142,0.04319403000000000,ELIGIBLE,R03b_20260811_FULL_v1,L1_ELIGIBILITY,v2026-08-11,2026-03-21..2026-08-06,baccarat_bet02_101_all_pairs_incl_sentinel,round_win = game_pnl > 0 (decisive only),COMPATIBILITY_ONLY_NOT_PRODUCTION,15115.5905,13281.2450,167.8190,891,853,-0.01110238,,-0.01110238,-0.01110238,-167.8190,15115.5905,OK,0.0000,6.7128,4.0000,96.0000,AG03-UNRESOLVED,ALL5_LEVELS_bet23_to_bet27,6.7128,6.7128,6.7128,8.3909,8.3909,4.000000,4.000000,4.000000,5.000000,5.000000,96.000000,96.000000,96.000000,95.000000,95.000000,5.0,36.9202,33.8198,130.8988,133.9991,PENDING_AG03,FALSE,NOT_FOR_ENFORCEMENT,161.1062,12749.9952,167.8190,161.1062,6.7128,0.01110238,0.01065828,6.7128,161.1062,0.01065828,6.7128,6.7128,6.7128,8.3909,8.3909,161.1062,0.01065828,36.9202,33.8198,130.8988,133.9991,0.00865985,0.00886496,0.00044410,16.9647,15.5700,0.1967,20.9774,0.5708,1889.4488,106.6250,,16.9647,5.2352,10.4704,20.9408,39.2639,52.6635,155.808,7.8528,0.0,5.029755,14.880828,1.620261,29,115,5,6,0E-8,0.01110238,,0E-8,0.000000,0.878645,0.000000,,2026-03-22,2026-04-02,8,294,164,12,0.666667,,,0.000000,,,,,,,,GLOBAL_BASELINE_NO_ENTITY_RANKING,,,NOT_APPLICABLE_GLOBAL_BASELINE,HF9g-P5,,,,X 全窗基线 · 不参与实体赏罚,6870404,688,A168_HF9F_20260827_0900,2026-08-27 09:00:00
2026-04-01,115293628,2250,0,10.4703819072,10.4703819072,10.4703819072,1.0000000,1,1,0.49324550000000000,0.493245500000,1.01360149184955,1.01360149184955,1.01360149184955,0E-17,ELIGIBLE,R03b_20260811_FULL_v1,L1_ELIGIBILITY,v2026-08-11,2026-03-21..2026-08-06,baccarat_bet02_101_all_pairs_incl_sentinel,round_win = game_pnl > 0 (decisive only),COMPATIBILITY_ONLY_NOT_PRODUCTION,15115.5905,13281.2450,167.8190,891,853,-0.01110238,,-0.01110238,-0.01110238,-167.8190,15115.5905,OK,0.0000,6.7128,4.0000,96.0000,AG03-UNRESOLVED,ALL5_LEVELS_bet23_to_bet27,6.7128,6.7128,6.7128,8.3909,8.3909,4.000000,4.000000,4.000000,5.000000,5.000000,96.000000,96.000000,96.000000,95.000000,95.000000,5.0,36.9202,33.8198,130.8988,133.9991,PENDING_AG03,FALSE,NOT_FOR_ENFORCEMENT,161.1062,12749.9952,167.8190,161.1062,6.7128,0.01110238,0.01065828,6.7128,161.1062,0.01065828,6.7128,6.7128,6.7128,8.3909,8.3909,161.1062,0.01065828,36.9202,33.8198,130.8988,133.9991,0.00865985,0.00886496,0.00044410,16.9647,15.5700,0.1967,20.9774,0.5708,1889.4488,106.6250,,16.9647,5.2352,10.4704,20.9408,39.2639,52.6635,155.808,7.8528,0.0,5.029755,14.880828,1.620261,29,115,5,6,0E-8,0.01110238,,0E-8,0.000000,0.878645,0.000000,,2026-03-22,2026-04-02,8,294,164,12,0.666667,,,0.000000,,,,,,,,GLOBAL_BASELINE_NO_ENTITY_RANKING,,,NOT_APPLICABLE_GLOBAL_BASELINE,HF9g-P5,,,,X 全窗基线 · 不参与实体赏罚,6870405,688,A168_HF9F_20260827_0900,2026-08-27 09:00:00
2026-04-01,115293628,2258,0,39.2639321520,1.5705572860,1.5705572860,0.3333333,3,3,0.50665070000000000,0.506650700000,-0.6004420894325239,-0.6004420894325239,-0.6004420894325239,0E-17,ELIGIBLE,R03b_20260811_FULL_v1,L1_ELIGIBILITY,v2026-08-11,2026-03-21..2026-08-06,baccarat_bet02_101_all_pairs_incl_sentinel,round_win = game_pnl > 0 (decisive only),COMPATIBILITY_ONLY_NOT_PRODUCTION,15115.5905,13281.2450,167.8190,891,853,-0.01110238,,-0.01110238,-0.01110238,-167.8190,15115.5905,OK,0.0000,6.7128,4.0000,96.0000,AG03-UNRESOLVED,ALL5_LEVELS_bet23_to_bet27,6.7128,6.7128,6.7128,8.3909,8.3909,4.000000,4.000000,4.000000,5.000000,5.000000,96.000000,96.000000,96.000000,95.000000,95.000000,5.0,36.9202,33.8198,130.8988,133.9991,PENDING_AG03,FALSE,NOT_FOR_ENFORCEMENT,161.1062,12749.9952,167.8190,161.1062,6.7128,0.01110238,0.01065828,6.7128,161.1062,0.01065828,6.7128,6.7128,6.7128,8.3909,8.3909,161.1062,0.01065828,36.9202,33.8198,130.8988,133.9991,0.00865985,0.00886496,0.00044410,16.9647,15.5700,0.1967,20.9774,0.5708,1889.4488,106.6250,,16.9647,5.2352,10.4704,20.9408,39.2639,52.6635,155.808,7.8528,0.0,5.029755,14.880828,1.620261,29,115,5,6,0E-8,0.01110238,,0E-8,0.000000,0.878645,0.000000,,2026-03-22,2026-04-02,8,294,164,12,0.666667,,,0.000000,,,,,,,,GLOBAL_BASELINE_NO_ENTITY_RANKING,,,NOT_APPLICABLE_GLOBAL_BASELINE,HF9g-P5,,,,X 全窗基线 · 不参与实体赏罚,6870406,688,A168_HF9F_20260827_0900,2026-08-27 09:00:00
2026-04-01,115293628,550,0,36.6463366751,-31.5420254953,-31.5420254953,0.5000000,2,2,0.49994810000000000,0.499948100000,0.00014679536856514622,0.00014679536856514622,0.00014679536856514622,0E-17,ELIGIBLE,R03b_20260811_FULL_v1,L1_ELIGIBILITY,v2026-08-11,2026-03-21..2026-08-06,baccarat_bet02_101_all_pairs_incl_sentinel,round_win = game_pnl > 0 (decisive only),COMPATIBILITY_ONLY_NOT_PRODUCTION,15115.5905,13281.2450,167.8190,891,853,-0.01110238,,-0.01110238,-0.01110238,-167.8190,15115.5905,OK,0.0000,6.7128,4.0000,96.0000,AG03-UNRESOLVED,ALL5_LEVELS_bet23_to_bet27,6.7128,6.7128,6.7128,8.3909,8.3909,4.000000,4.000000,4.000000,5.000000,5.000000,96.000000,96.000000,96.000000,95.000000,95.000000,5.0,36.9202,33.8198,130.8988,133.9991,PENDING_AG03,FALSE,NOT_FOR_ENFORCEMENT,161.1062,12749.9952,167.8190,161.1062,6.7128,0.01110238,0.01065828,6.7128,161.1062,0.01065828,6.7128,6.7128,6.7128,8.3909,8.3909,161.1062,0.01065828,36.9202,33.8198,130.8988,133.9991,0.00865985,0.00886496,0.00044410,16.9647,15.5700,0.1967,20.9774,0.5708,1889.4488,106.6250,,16.9647,5.2352,10.4704,20.9408,39.2639,52.6635,155.808,7.8528,0.0,5.029755,14.880828,1.620261,29,115,5,6,0E-8,0.01110238,,0E-8,0.000000,0.878645,0.000000,,2026-03-22,2026-04-02,8,294,164,12,0.666667,,,0.000000,,,,,,,,GLOBAL_BASELINE_NO_ENTITY_RANKING,,,NOT_APPLICABLE_GLOBAL_BASELINE,HF9g-P5,,,,X 全窗基线 · 不参与实体赏罚,6870407,688,A168_HF9F_20260827_0900,2026-08-27 09:00:00
2026-04-02,115293628,-1,1,2056.1212470238,-210.0620370128,-210.0620370128,0.4673913,99,98,0.50040405918367347,0.500426857143,-0.6332946480408508,-0.6337320128815126,-0.6332946480408508,-0.00002279795932653,SENTINEL_DEALER,R03b_20260811_FULL_v1,L1_ELIGIBILITY,v2026-08-11,2026-03-21..2026-08-06,baccarat_bet02_101_all_pairs_incl_sentinel,round_win = game_pnl > 0 (decisive only),COMPATIBILITY_ONLY_NOT_PRODUCTION,15115.5905,13281.2450,167.8190,891,853,-0.01110238,,-0.01110238,-0.01110238,-167.8190,15115.5905,OK,0.0000,6.7128,4.0000,96.0000,AG03-UNRESOLVED,ALL5_LEVELS_bet23_to_bet27,6.7128,6.7128,6.7128,8.3909,8.3909,4.000000,4.000000,4.000000,5.000000,5.000000,96.000000,96.000000,96.000000,95.000000,95.000000,5.0,36.9202,33.8198,130.8988,133.9991,PENDING_AG03,FALSE,NOT_FOR_ENFORCEMENT,161.1062,12749.9952,167.8190,161.1062,6.7128,0.01110238,0.01065828,6.7128,161.1062,0.01065828,6.7128,6.7128,6.7128,8.3909,8.3909,161.1062,0.01065828,36.9202,33.8198,130.8988,133.9991,0.00865985,0.00886496,0.00044410,16.9647,15.5700,0.1967,20.9774,0.5708,1889.4488,106.6250,,16.9647,5.2352,10.4704,20.9408,39.2639,52.6635,155.808,7.8528,0.0,5.029755,14.880828,1.620261,29,115,5,6,0E-8,0.01110238,,0E-8,0.000000,0.878645,0.000000,,2026-03-22,2026-04-02,8,294,164,12,0.666667,,,0.000000,,,,,,,,GLOBAL_BASELINE_NO_ENTITY_RANKING,,,NOT_APPLICABLE_GLOBAL_BASELINE,HF9g-P5,,,,X 全窗基线 · 不参与实体赏罚,6870408,688,A168_HF9F_20260827_0900,2026-08-27 09:00:00
2026-04-02,115293628,1004,0,2.6175954768,2.4867157030,2.4867157030,1.0000000,1,1,0.50665070000000000,0.506650700000,0.9867858985152569,0.9867858985152569,0.9867858985152569,0E-17,ELIGIBLE,R03b_20260811_FULL_v1,L1_ELIGIBILITY,v2026-08-11,2026-03-21..2026-08-06,baccarat_bet02_101_all_pairs_incl_sentinel,round_win = game_pnl > 0 (decisive only),COMPATIBILITY_ONLY_NOT_PRODUCTION,15115.5905,13281.2450,167.8190,891,853,-0.01110238,,-0.01110238,-0.01110238,-167.8190,15115.5905,OK,0.0000,6.7128,4.0000,96.0000,AG03-UNRESOLVED,ALL5_LEVELS_bet23_to_bet27,6.7128,6.7128,6.7128,8.3909,8.3909,4.000000,4.000000,4.000000,5.000000,5.000000,96.000000,96.000000,96.000000,95.000000,95.000000,5.0,36.9202,33.8198,130.8988,133.9991,PENDING_AG03,FALSE,NOT_FOR_ENFORCEMENT,161.1062,12749.9952,167.8190,161.1062,6.7128,0.01110238,0.01065828,6.7128,161.1062,0.01065828,6.7128,6.7128,6.7128,8.3909,8.3909,161.1062,0.01065828,36.9202,33.8198,130.8988,133.9991,0.00865985,0.00886496,0.00044410,16.9647,15.5700,0.1967,20.9774,0.5708,1889.4488,106.6250,,16.9647,5.2352,10.4704,20.9408,39.2639,52.6635,155.808,7.8528,0.0,5.029755,14.880828,1.620261,29,115,5,6,0E-8,0.01110238,,0E-8,0.000000,0.878645,0.000000,,2026-03-22,2026-04-02,8,294,164,12,0.666667,,,0.000000,,,,,,,,GLOBAL_BASELINE_NO_ENTITY_RANKING,,,NOT_APPLICABLE_GLOBAL_BASELINE,HF9g-P5,,,,X 全窗基线 · 不参与实体赏罚,6870409,688,A168_HF9F_20260827_0900,2026-08-27 09:00:00
2026-04-02,115293628,1094,0,2.6175954768,2.6175954768,2.6175954768,1.0000000,1,1,0.49324550000000000,0.493245500000,1.01360149184955,1.01360149184955,1.01360149184955,0E-17,ELIGIBLE,R03b_20260811_FULL_v1,L1_ELIGIBILITY,v2026-08-11,2026-03-21..2026-08-06,baccarat_bet02_101_all_pairs_incl_sentinel,round_win = game_pnl > 0 (decisive only),COMPATIBILITY_ONLY_NOT_PRODUCTION,15115.5905,13281.2450,167.8190,891,853,-0.01110238,,-0.01110238,-0.01110238,-167.8190,15115.5905,OK,0.0000,6.7128,4.0000,96.0000,AG03-UNRESOLVED,ALL5_LEVELS_bet23_to_bet27,6.7128,6.7128,6.7128,8.3909,8.3909,4.000000,4.000000,4.000000,5.000000,5.000000,96.000000,96.000000,96.000000,95.000000,95.000000,5.0,36.9202,33.8198,130.8988,133.9991,PENDING_AG03,FALSE,NOT_FOR_ENFORCEMENT,161.1062,12749.9952,167.8190,161.1062,6.7128,0.01110238,0.01065828,6.7128,161.1062,0.01065828,6.7128,6.7128,6.7128,8.3909,8.3909,161.1062,0.01065828,36.9202,33.8198,130.8988,133.9991,0.00865985,0.00886496,0.00044410,16.9647,15.5700,0.1967,20.9774,0.5708,1889.4488,106.6250,,16.9647,5.2352,10.4704,20.9408,39.2639,52.6635,155.808,7.8528,0.0,5.029755,14.880828,1.620261,29,115,5,6,0E-8,0.01110238,,0E-8,0.000000,0.878645,0.000000,,2026-03-22,2026-04-02,8,294,164,12,0.666667,,,0.000000,,,,,,,,GLOBAL_BASELINE_NO_ENTITY_RANKING,,,NOT_APPLICABLE_GLOBAL_BASELINE,HF9g-P5,,,,X 全窗基线 · 不参与实体赏罚,6870410,688,A168_HF9F_20260827_0900,2026-08-27 09:00:00
2026-04-02,115293628,1115,0,2.6175954768,2.4867157030,2.4867157030,1.0000000,1,1,0.50665070000000000,0.506650700000,0.9867858985152569,0.9867858985152569,0.9867858985152569,0E-17,ELIGIBLE,R03b_20260811_FULL_v1,L1_ELIGIBILITY,v2026-08-11,2026-03-21..2026-08-06,baccarat_bet02_101_all_pairs_incl_sentinel,round_win = game_pnl > 0 (decisive only),COMPATIBILITY_ONLY_NOT_PRODUCTION,15115.5905,13281.2450,167.8190,891,853,-0.01110238,,-0.01110238,-0.01110238,-167.8190,15115.5905,OK,0.0000,6.7128,4.0000,96.0000,AG03-UNRESOLVED,ALL5_LEVELS_bet23_to_bet27,6.7128,6.7128,6.7128,8.3909,8.3909,4.000000,4.000000,4.000000,5.000000,5.000000,96.000000,96.000000,96.000000,95.000000,95.000000,5.0,36.9202,33.8198,130.8988,133.9991,PENDING_AG03,FALSE,NOT_FOR_ENFORCEMENT,161.1062,12749.9952,167.8190,161.1062,6.7128,0.01110238,0.01065828,6.7128,161.1062,0.01065828,6.7128,6.7128,6.7128,8.3909,8.3909,161.1062,0.01065828,36.9202,33.8198,130.8988,133.9991,0.00865985,0.00886496,0.00044410,16.9647,15.5700,0.1967,20.9774,0.5708,1889.4488,106.6250,,16.9647,5.2352,10.4704,20.9408,39.2639,52.6635,155.808,7.8528,0.0,5.029755,14.880828,1.620261,29,115,5,6,0E-8,0.01110238,,0E-8,0.000000,0.878645,0.000000,,2026-03-22,2026-04-02,8,294,164,12,0.666667,,,0.000000,,,,,,,,GLOBAL_BASELINE_NO_ENTITY_RANKING,,,NOT_APPLICABLE_GLOBAL_BASELINE,HF9g-P5,,,,X 全窗基线 · 不参与实体赏罚,6870411,688,A168_HF9F_20260827_0900,2026-08-27 09:00:00
2026-04-02,115293628,1221,0,26.1759547680,23.5583592912,23.5583592912,0.6666667,3,3,0.49324550000000000,0.493245500000,0.6008033672792107,0.6008033672792106,0.6008033672792107,0E-17,ELIGIBLE,R03b_20260811_FULL_v1,L1_ELIGIBILITY,v2026-08-11,2026-03-21..2026-08-06,baccarat_bet02_101_all_pairs_incl_sentinel,round_win = game_pnl > 0 (decisive only),COMPATIBILITY_ONLY_NOT_PRODUCTION,15115.5905,13281.2450,167.8190,891,853,-0.01110238,,-0.01110238,-0.01110238,-167.8190,15115.5905,OK,0.0000,6.7128,4.0000,96.0000,AG03-UNRESOLVED,ALL5_LEVELS_bet23_to_bet27,6.7128,6.7128,6.7128,8.3909,8.3909,4.000000,4.000000,4.000000,5.000000,5.000000,96.000000,96.000000,96.000000,95.000000,95.000000,5.0,36.9202,33.8198,130.8988,133.9991,PENDING_AG03,FALSE,NOT_FOR_ENFORCEMENT,161.1062,12749.9952,167.8190,161.1062,6.7128,0.01110238,0.01065828,6.7128,161.1062,0.01065828,6.7128,6.7128,6.7128,8.3909,8.3909,161.1062,0.01065828,36.9202,33.8198,130.8988,133.9991,0.00865985,0.00886496,0.00044410,16.9647,15.5700,0.1967,20.9774,0.5708,1889.4488,106.6250,,16.9647,5.2352,10.4704,20.9408,39.2639,52.6635,155.808,7.8528,0.0,5.029755,14.880828,1.620261,29,115,5,6,0E-8,0.01110238,,0E-8,0.000000,0.878645,0.000000,,2026-03-22,2026-04-02,8,294,164,12,0.666667,,,0.000000,,,,,,,,GLOBAL_BASELINE_NO_ENTITY_RANKING,,,NOT_APPLICABLE_GLOBAL_BASELINE,HF9g-P5,,,,X 全窗基线 · 不参与实体赏罚,6870412,688,A168_HF9F_20260827_0900,2026-08-27 09:00:00
2026-04-02,115293628,1302,0,2.6175954768,2.4867157030,2.4867157030,1.0000000,1,1,0.50665070000000000,0.506650700000,0.9867858985152569,0.9867858985152569,0.9867858985152569,0E-17,ELIGIBLE,R03b_20260811_FULL_v1,L1_ELIGIBILITY,v2026-08-11,2026-03-21..2026-08-06,baccarat_bet02_101_all_pairs_incl_sentinel,round_win = game_pnl > 0 (decisive only),COMPATIBILITY_ONLY_NOT_PRODUCTION,15115.5905,13281.2450,167.8190,891,853,-0.01110238,,-0.01110238,-0.01110238,-167.8190,15115.5905,OK,0.0000,6.7128,4.0000,96.0000,AG03-UNRESOLVED,ALL5_LEVELS_bet23_to_bet27,6.7128,6.7128,6.7128,8.3909,8.3909,4.000000,4.000000,4.000000,5.000000,5.000000,96.000000,96.000000,96.000000,95.000000,95.000000,5.0,36.9202,33.8198,130.8988,133.9991,PENDING_AG03,FALSE,NOT_FOR_ENFORCEMENT,161.1062,12749.9952,167.8190,161.1062,6.7128,0.01110238,0.01065828,6.7128,161.1062,0.01065828,6.7128,6.7128,6.7128,8.3909,8.3909,161.1062,0.01065828,36.9202,33.8198,130.8988,133.9991,0.00865985,0.00886496,0.00044410,16.9647,15.5700,0.1967,20.9774,0.5708,1889.4488,106.6250,,16.9647,5.2352,10.4704,20.9408,39.2639,52.6635,155.808,7.8528,0.0,5.029755,14.880828,1.620261,29,115,5,6,0E-8,0.01110238,,0E-8,0.000000,0.878645,0.000000,,2026-03-22,2026-04-02,8,294,164,12,0.666667,,,0.000000,,,,,,,,GLOBAL_BASELINE_NO_ENTITY_RANKING,,,NOT_APPLICABLE_GLOBAL_BASELINE,HF9g-P5,,,,X 全窗基线 · 不参与实体赏罚,6870413,688,A168_HF9F_20260827_0900,2026-08-27 09:00:00
2026-04-02,115293628,1306,0,99.4686281183,-5.4969505014,-5.4969505014,0.3333333,7,6,0.50385795000000000,0.503299400000,-0.8354214676598748,-0.8326784031811704,-0.8354214676598748,0.00055855000000000,ELIGIBLE,R03b_20260811_FULL_v1,L1_ELIGIBILITY,v2026-08-11,2026-03-21..2026-08-06,baccarat_bet02_101_all_pairs_incl_sentinel,round_win = game_pnl > 0 (decisive only),COMPATIBILITY_ONLY_NOT_PRODUCTION,15115.5905,13281.2450,167.8190,891,853,-0.01110238,,-0.01110238,-0.01110238,-167.8190,15115.5905,OK,0.0000,6.7128,4.0000,96.0000,AG03-UNRESOLVED,ALL5_LEVELS_bet23_to_bet27,6.7128,6.7128,6.7128,8.3909,8.3909,4.000000,4.000000,4.000000,5.000000,5.000000,96.000000,96.000000,96.000000,95.000000,95.000000,5.0,36.9202,33.8198,130.8988,133.9991,PENDING_AG03,FALSE,NOT_FOR_ENFORCEMENT,161.1062,12749.9952,167.8190,161.1062,6.7128,0.01110238,0.01065828,6.7128,161.1062,0.01065828,6.7128,6.7128,6.7128,8.3909,8.3909,161.1062,0.01065828,36.9202,33.8198,130.8988,133.9991,0.00865985,0.00886496,0.00044410,16.9647,15.5700,0.1967,20.9774,0.5708,1889.4488,106.6250,,16.9647,5.2352,10.4704,20.9408,39.2639,52.6635,155.808,7.8528,0.0,5.029755,14.880828,1.620261,29,115,5,6,0E-8,0.01110238,,0E-8,0.000000,0.878645,0.000000,,2026-03-22,2026-04-02,8,294,164,12,0.666667,,,0.000000,,,,,,,,GLOBAL_BASELINE_NO_ENTITY_RANKING,,,NOT_APPLICABLE_GLOBAL_BASELINE,HF9g-P5,,,,X 全窗基线 · 不参与实体赏罚,6870414,688,A168_HF9F_20260827_0900,2026-08-27 09:00:00
2026-04-02,115293628,1323,0,3.9263932152,3.9263932152,3.9263932152,1.0000000,1,1,0.49324550000000000,0.493245500000,1.01360149184955,1.01360149184955,1.01360149184955,0E-17,ELIGIBLE,R03b_20260811_FULL_v1,L1_ELIGIBILITY,v2026-08-11,2026-03-21..2026-08-06,baccarat_bet02_101_all_pairs_incl_sentinel,round_win = game_pnl > 0 (decisive only),COMPATIBILITY_ONLY_NOT_PRODUCTION,15115.5905,13281.2450,167.8190,891,853,-0.01110238,,-0.01110238,-0.01110238,-167.8190,15115.5905,OK,0.0000,6.7128,4.0000,96.0000,AG03-UNRESOLVED,ALL5_LEVELS_bet23_to_bet27,6.7128,6.7128,6.7128,8.3909,8.3909,4.000000,4.000000,4.000000,5.000000,5.000000,96.000000,96.000000,96.000000,95.000000,95.000000,5.0,36.9202,33.8198,130.8988,133.9991,PENDING_AG03,FALSE,NOT_FOR_ENFORCEMENT,161.1062,12749.9952,167.8190,161.1062,6.7128,0.01110238,0.01065828,6.7128,161.1062,0.01065828,6.7128,6.7128,6.7128,8.3909,8.3909,161.1062,0.01065828,36.9202,33.8198,130.8988,133.9991,0.00865985,0.00886496,0.00044410,16.9647,15.5700,0.1967,20.9774,0.5708,1889.4488,106.6250,,16.9647,5.2352,10.4704,20.9408,39.2639,52.6635,155.808,7.8528,0.0,5.029755,14.880828,1.620261,29,115,5,6,0E-8,0.01110238,,0E-8,0.000000,0.878645,0.000000,,2026-03-22,2026-04-02,8,294,164,12,0.666667,,,0.000000,,,,,,,,GLOBAL_BASELINE_NO_ENTITY_RANKING,,,NOT_APPLICABLE_GLOBAL_BASELINE,HF9g-P5,,,,X 全窗基线 · 不参与实体赏罚,6870415,688,A168_HF9F_20260827_0900,2026-08-27 09:00:00
2026-04-02,115293628,1353,0,41.8815276288,9.1615841688,9.1615841688,0.5000000,3,2,0.50553360000000000,0.503299400000,-0.015652342939150955,-0.009332315641528947,-0.015652342939150955,0.00223420000000000,ELIGIBLE,R03b_20260811_FULL_v1,L1_ELIGIBILITY,v2026-08-11,2026-03-21..2026-08-06,baccarat_bet02_101_all_pairs_incl_sentinel,round_win = game_pnl > 0 (decisive only),COMPATIBILITY_ONLY_NOT_PRODUCTION,15115.5905,13281.2450,167.8190,891,853,-0.01110238,,-0.01110238,-0.01110238,-167.8190,15115.5905,OK,0.0000,6.7128,4.0000,96.0000,AG03-UNRESOLVED,ALL5_LEVELS_bet23_to_bet27,6.7128,6.7128,6.7128,8.3909,8.3909,4.000000,4.000000,4.000000,5.000000,5.000000,96.000000,96.000000,96.000000,95.000000,95.000000,5.0,36.9202,33.8198,130.8988,133.9991,PENDING_AG03,FALSE,NOT_FOR_ENFORCEMENT,161.1062,12749.9952,167.8190,161.1062,6.7128,0.01110238,0.01065828,6.7128,161.1062,0.01065828,6.7128,6.7128,6.7128,8.3909,8.3909,161.1062,0.01065828,36.9202,33.8198,130.8988,133.9991,0.00865985,0.00886496,0.00044410,16.9647,15.5700,0.1967,20.9774,0.5708,1889.4488,106.6250,,16.9647,5.2352,10.4704,20.9408,39.2639,52.6635,155.808,7.8528,0.0,5.029755,14.880828,1.620261,29,115,5,6,0E-8,0.01110238,,0E-8,0.000000,0.878645,0.000000,,2026-03-22,2026-04-02,8,294,164,12,0.666667,,,0.000000,,,,,,,,GLOBAL_BASELINE_NO_ENTITY_RANKING,,,NOT_APPLICABLE_GLOBAL_BASELINE,HF9g-P5,,,,X 全窗基线 · 不参与实体赏罚,6870416,688,A168_HF9F_20260827_0900,2026-08-27 09:00:00
2026-04-02,115293628,1382,0,57.5871004896,35.2066591629,35.2066591629,0.7500000,8,8,0.49994810000000000,0.499948100000,1.414507160728905,1.414507160728905,1.414507160728905,0E-17,ELIGIBLE,R03b_20260811_FULL_v1,L1_ELIGIBILITY,v2026-08-11,2026-03-21..2026-08-06,baccarat_bet02_101_all_pairs_incl_sentinel,round_win = game_pnl > 0 (decisive only),COMPATIBILITY_ONLY_NOT_PRODUCTION,15115.5905,13281.2450,167.8190,891,853,-0.01110238,,-0.01110238,-0.01110238,-167.8190,15115.5905,OK,0.0000,6.7128,4.0000,96.0000,AG03-UNRESOLVED,ALL5_LEVELS_bet23_to_bet27,6.7128,6.7128,6.7128,8.3909,8.3909,4.000000,4.000000,4.000000,5.000000,5.000000,96.000000,96.000000,96.000000,95.000000,95.000000,5.0,36.9202,33.8198,130.8988,133.9991,PENDING_AG03,FALSE,NOT_FOR_ENFORCEMENT,161.1062,12749.9952,167.8190,161.1062,6.7128,0.01110238,0.01065828,6.7128,161.1062,0.01065828,6.7128,6.7128,6.7128,8.3909,8.3909,161.1062,0.01065828,36.9202,33.8198,130.8988,133.9991,0.00865985,0.00886496,0.00044410,16.9647,15.5700,0.1967,20.9774,0.5708,1889.4488,106.6250,,16.9647,5.2352,10.4704,20.9408,39.2639,52.6635,155.808,7.8528,0.0,5.029755,14.880828,1.620261,29,115,5,6,0E-8,0.01110238,,0E-8,0.000000,0.878645,0.000000,,2026-03-22,2026-04-02,8,294,164,12,0.666667,,,0.000000,,,,,,,,GLOBAL_BASELINE_NO_ENTITY_RANKING,,,NOT_APPLICABLE_GLOBAL_BASELINE,HF9g-P5,,,,X 全窗基线 · 不参与实体赏罚,6870417,688,A168_HF9F_20260827_0900,2026-08-27 09:00:00
2026-04-02,115293628,1401,0,91.6158416879,-35.2066591629,-35.2066591629,0.6000000,5,5,0.50396966000000000,0.503969660000,0.4294742719815242,0.4294742719815242,0.4294742719815242,0E-17,ELIGIBLE,R03b_20260811_FULL_v1,L1_ELIGIBILITY,v2026-08-11,2026-03-21..2026-08-06,baccarat_bet02_101_all_pairs_incl_sentinel,round_win = game_pnl > 0 (decisive only),COMPATIBILITY_ONLY_NOT_PRODUCTION,15115.5905,13281.2450,167.8190,891,853,-0.01110238,,-0.01110238,-0.01110238,-167.8190,15115.5905,OK,0.0000,6.7128,4.0000,96.0000,AG03-UNRESOLVED,ALL5_LEVELS_bet23_to_bet27,6.7128,6.7128,6.7128,8.3909,8.3909,4.000000,4.000000,4.000000,5.000000,5.000000,96.000000,96.000000,96.000000,95.000000,95.000000,5.0,36.9202,33.8198,130.8988,133.9991,PENDING_AG03,FALSE,NOT_FOR_ENFORCEMENT,161.1062,12749.9952,167.8190,161.1062,6.7128,0.01110238,0.01065828,6.7128,161.1062,0.01065828,6.7128,6.7128,6.7128,8.3909,8.3909,161.1062,0.01065828,36.9202,33.8198,130.8988,133.9991,0.00865985,0.00886496,0.00044410,16.9647,15.5700,0.1967,20.9774,0.5708,1889.4488,106.6250,,16.9647,5.2352,10.4704,20.9408,39.2639,52.6635,155.808,7.8528,0.0,5.029755,14.880828,1.620261,29,115,5,6,0E-8,0.01110238,,0E-8,0.000000,0.878645,0.000000,,2026-03-22,2026-04-02,8,294,164,12,0.666667,,,0.000000,,,,,,,,GLOBAL_BASELINE_NO_ENTITY_RANKING,,,NOT_APPLICABLE_GLOBAL_BASELINE,HF9g-P5,,,,X 全窗基线 · 不参与实体赏罚,6870418,688,A168_HF9F_20260827_0900,2026-08-27 09:00:00
2026-04-02,115293628,1490,0,52.3519095360,35.2066591629,35.2066591629,0.7500000,4,4,0.49994810000000000,0.499948100000,1.0002076053883384,1.0002076053883384,1.0002076053883384,0E-17,ELIGIBLE,R03b_20260811_FULL_v1,L1_ELIGIBILITY,v2026-08-11,2026-03-21..2026-08-06,baccarat_bet02_101_all_pairs_incl_sentinel,round_win = game_pnl > 0 (decisive only),COMPATIBILITY_ONLY_NOT_PRODUCTION,15115.5905,13281.2450,167.8190,891,853,-0.01110238,,-0.01110238,-0.01110238,-167.8190,15115.5905,OK,0.0000,6.7128,4.0000,96.0000,AG03-UNRESOLVED,ALL5_LEVELS_bet23_to_bet27,6.7128,6.7128,6.7128,8.3909,8.3909,4.000000,4.000000,4.000000,5.000000,5.000000,96.000000,96.000000,96.000000,95.000000,95.000000,5.0,36.9202,33.8198,130.8988,133.9991,PENDING_AG03,FALSE,NOT_FOR_ENFORCEMENT,161.1062,12749.9952,167.8190,161.1062,6.7128,0.01110238,0.01065828,6.7128,161.1062,0.01065828,6.7128,6.7128,6.7128,8.3909,8.3909,161.1062,0.01065828,36.9202,33.8198,130.8988,133.9991,0.00865985,0.00886496,0.00044410,16.9647,15.5700,0.1967,20.9774,0.5708,1889.4488,106.6250,,16.9647,5.2352,10.4704,20.9408,39.2639,52.6635,155.808,7.8528,0.0,5.029755,14.880828,1.620261,29,115,5,6,0E-8,0.01110238,,0E-8,0.000000,0.878645,0.000000,,2026-03-22,2026-04-02,8,294,164,12,0.666667,,,0.000000,,,,,,,,GLOBAL_BASELINE_NO_ENTITY_RANKING,,,NOT_APPLICABLE_GLOBAL_BASELINE,HF9g-P5,,,,X 全窗基线 · 不参与实体赏罚,6870419,688,A168_HF9F_20260827_0900,2026-08-27 09:00:00
2026-04-02,115293628,1509,0,5.2351909536,4.9734314059,4.9734314059,1.0000000,1,1,0.50665070000000000,0.506650700000,0.9867858985152569,0.9867858985152569,0.9867858985152569,0E-17,ELIGIBLE,R03b_20260811_FULL_v1,L1_ELIGIBILITY,v2026-08-11,2026-03-21..2026-08-06,baccarat_bet02_101_all_pairs_incl_sentinel,round_win = game_pnl > 0 (decisive only),COMPATIBILITY_ONLY_NOT_PRODUCTION,15115.5905,13281.2450,167.8190,891,853,-0.01110238,,-0.01110238,-0.01110238,-167.8190,15115.5905,OK,0.0000,6.7128,4.0000,96.0000,AG03-UNRESOLVED,ALL5_LEVELS_bet23_to_bet27,6.7128,6.7128,6.7128,8.3909,8.3909,4.000000,4.000000,4.000000,5.000000,5.000000,96.000000,96.000000,96.000000,95.000000,95.000000,5.0,36.9202,33.8198,130.8988,133.9991,PENDING_AG03,FALSE,NOT_FOR_ENFORCEMENT,161.1062,12749.9952,167.8190,161.1062,6.7128,0.01110238,0.01065828,6.7128,161.1062,0.01065828,6.7128,6.7128,6.7128,8.3909,8.3909,161.1062,0.01065828,36.9202,33.8198,130.8988,133.9991,0.00865985,0.00886496,0.00044410,16.9647,15.5700,0.1967,20.9774,0.5708,1889.4488,106.6250,,16.9647,5.2352,10.4704,20.9408,39.2639,52.6635,155.808,7.8528,0.0,5.029755,14.880828,1.620261,29,115,5,6,0E-8,0.01110238,,0E-8,0.000000,0.878645,0.000000,,2026-03-22,2026-04-02,8,294,164,12,0.666667,,,0.000000,,,,,,,,GLOBAL_BASELINE_NO_ENTITY_RANKING,,,NOT_APPLICABLE_GLOBAL_BASELINE,HF9g-P5,,,,X 全窗基线 · 不参与实体赏罚,6870420,688,A168_HF9F_20260827_0900,2026-08-27 09:00:00
2026-04-02,115293628,1645,0,28.7935502448,17.6687694684,17.6687694684,0.6666667,3,3,0.49771390000000000,0.497713900000,0.5852756695216578,0.5852756695216578,0.5852756695216578,0E-17,ELIGIBLE,R03b_20260811_FULL_v1,L1_ELIGIBILITY,v2026-08-11,2026-03-21..2026-08-06,baccarat_bet02_101_all_pairs_incl_sentinel,round_win = game_pnl > 0 (decisive only),COMPATIBILITY_ONLY_NOT_PRODUCTION,15115.5905,13281.2450,167.8190,891,853,-0.01110238,,-0.01110238,-0.01110238,-167.8190,15115.5905,OK,0.0000,6.7128,4.0000,96.0000,AG03-UNRESOLVED,ALL5_LEVELS_bet23_to_bet27,6.7128,6.7128,6.7128,8.3909,8.3909,4.000000,4.000000,4.000000,5.000000,5.000000,96.000000,96.000000,96.000000,95.000000,95.000000,5.0,36.9202,33.8198,130.8988,133.9991,PENDING_AG03,FALSE,NOT_FOR_ENFORCEMENT,161.1062,12749.9952,167.8190,161.1062,6.7128,0.01110238,0.01065828,6.7128,161.1062,0.01065828,6.7128,6.7128,6.7128,8.3909,8.3909,161.1062,0.01065828,36.9202,33.8198,130.8988,133.9991,0.00865985,0.00886496,0.00044410,16.9647,15.5700,0.1967,20.9774,0.5708,1889.4488,106.6250,,16.9647,5.2352,10.4704,20.9408,39.2639,52.6635,155.808,7.8528,0.0,5.029755,14.880828,1.620261,29,115,5,6,0E-8,0.01110238,,0E-8,0.000000,0.878645,0.000000,,2026-03-22,2026-04-02,8,294,164,12,0.666667,,,0.000000,,,,,,,,GLOBAL_BASELINE_NO_ENTITY_RANKING,,,NOT_APPLICABLE_GLOBAL_BASELINE,HF9g-P5,,,,X 全窗基线 · 不参与实体赏罚,6870421,688,A168_HF9F_20260827_0900,2026-08-27 09:00:00
2026-04-02,115293628,1704,0,138.7325602703,-128.2621783631,-128.2621783631,0E-7,6,6,0.50441650000000000,0.504416500000,-2.255907172731205,-2.255907172731205,-2.255907172731205,0E-17,ELIGIBLE,R03b_20260811_FULL_v1,L1_ELIGIBILITY,v2026-08-11,2026-03-21..2026-08-06,baccarat_bet02_101_all_pairs_incl_sentinel,round_win = game_pnl > 0 (decisive only),COMPATIBILITY_ONLY_NOT_PRODUCTION,15115.5905,13281.2450,167.8190,891,853,-0.01110238,,-0.01110238,-0.01110238,-167.8190,15115.5905,OK,0.0000,6.7128,4.0000,96.0000,AG03-UNRESOLVED,ALL5_LEVELS_bet23_to_bet27,6.7128,6.7128,6.7128,8.3909,8.3909,4.000000,4.000000,4.000000,5.000000,5.000000,96.000000,96.000000,96.000000,95.000000,95.000000,5.0,36.9202,33.8198,130.8988,133.9991,PENDING_AG03,FALSE,NOT_FOR_ENFORCEMENT,161.1062,12749.9952,167.8190,161.1062,6.7128,0.01110238,0.01065828,6.7128,161.1062,0.01065828,6.7128,6.7128,6.7128,8.3909,8.3909,161.1062,0.01065828,36.9202,33.8198,130.8988,133.9991,0.00865985,0.00886496,0.00044410,16.9647,15.5700,0.1967,20.9774,0.5708,1889.4488,106.6250,,16.9647,5.2352,10.4704,20.9408,39.2639,52.6635,155.808,7.8528,0.0,5.029755,14.880828,1.620261,29,115,5,6,0E-8,0.01110238,,0E-8,0.000000,0.878645,0.000000,,2026-03-22,2026-04-02,8,294,164,12,0.666667,,,0.000000,,,,,,,,GLOBAL_BASELINE_NO_ENTITY_RANKING,,,NOT_APPLICABLE_GLOBAL_BASELINE,HF9g-P5,,,,X 全窗基线 · 不参与实体赏罚,6870422,688,A168_HF9F_20260827_0900,2026-08-27 09:00:00
2026-04-02,115293628,1714,0,1.3087977384,1.3087977384,1.3087977384,1.0000000,1,1,0.49324550000000000,0.493245500000,1.01360149184955,1.01360149184955,1.01360149184955,0E-17,ELIGIBLE,R03b_20260811_FULL_v1,L1_ELIGIBILITY,v2026-08-11,2026-03-21..2026-08-06,baccarat_bet02_101_all_pairs_incl_sentinel,round_win = game_pnl > 0 (decisive only),COMPATIBILITY_ONLY_NOT_PRODUCTION,15115.5905,13281.2450,167.8190,891,853,-0.01110238,,-0.01110238,-0.01110238,-167.8190,15115.5905,OK,0.0000,6.7128,4.0000,96.0000,AG03-UNRESOLVED,ALL5_LEVELS_bet23_to_bet27,6.7128,6.7128,6.7128,8.3909,8.3909,4.000000,4.000000,4.000000,5.000000,5.000000,96.000000,96.000000,96.000000,95.000000,95.000000,5.0,36.9202,33.8198,130.8988,133.9991,PENDING_AG03,FALSE,NOT_FOR_ENFORCEMENT,161.1062,12749.9952,167.8190,161.1062,6.7128,0.01110238,0.01065828,6.7128,161.1062,0.01065828,6.7128,6.7128,6.7128,8.3909,8.3909,161.1062,0.01065828,36.9202,33.8198,130.8988,133.9991,0.00865985,0.00886496,0.00044410,16.9647,15.5700,0.1967,20.9774,0.5708,1889.4488,106.6250,,16.9647,5.2352,10.4704,20.9408,39.2639,52.6635,155.808,7.8528,0.0,5.029755,14.880828,1.620261,29,115,5,6,0E-8,0.01110238,,0E-8,0.000000,0.878645,0.000000,,2026-03-22,2026-04-02,8,294,164,12,0.666667,,,0.000000,,,,,,,,GLOBAL_BASELINE_NO_ENTITY_RANKING,,,NOT_APPLICABLE_GLOBAL_BASELINE,HF9g-P5,,,,X 全窗基线 · 不参与实体赏罚,6870423,688,A168_HF9F_20260827_0900,2026-08-27 09:00:00
2026-04-02,115293628,1935,0,47.1167185824,47.1167185824,47.1167185824,1.0000000,2,2,0.49324550000000000,0.493245500000,1.4334489766152358,1.4334489766152358,1.4334489766152358,0E-17,ELIGIBLE,R03b_20260811_FULL_v1,L1_ELIGIBILITY,v2026-08-11,2026-03-21..2026-08-06,baccarat_bet02_101_all_pairs_incl_sentinel,round_win = game_pnl > 0 (decisive only),COMPATIBILITY_ONLY_NOT_PRODUCTION,15115.5905,13281.2450,167.8190,891,853,-0.01110238,,-0.01110238,-0.01110238,-167.8190,15115.5905,OK,0.0000,6.7128,4.0000,96.0000,AG03-UNRESOLVED,ALL5_LEVELS_bet23_to_bet27,6.7128,6.7128,6.7128,8.3909,8.3909,4.000000,4.000000,4.000000,5.000000,5.000000,96.000000,96.000000,96.000000,95.000000,95.000000,5.0,36.9202,33.8198,130.8988,133.9991,PENDING_AG03,FALSE,NOT_FOR_ENFORCEMENT,161.1062,12749.9952,167.8190,161.1062,6.7128,0.01110238,0.01065828,6.7128,161.1062,0.01065828,6.7128,6.7128,6.7128,8.3909,8.3909,161.1062,0.01065828,36.9202,33.8198,130.8988,133.9991,0.00865985,0.00886496,0.00044410,16.9647,15.5700,0.1967,20.9774,0.5708,1889.4488,106.6250,,16.9647,5.2352,10.4704,20.9408,39.2639,52.6635,155.808,7.8528,0.0,5.029755,14.880828,1.620261,29,115,5,6,0E-8,0.01110238,,0E-8,0.000000,0.878645,0.000000,,2026-03-22,2026-04-02,8,294,164,12,0.666667,,,0.000000,,,,,,,,GLOBAL_BASELINE_NO_ENTITY_RANKING,,,NOT_APPLICABLE_GLOBAL_BASELINE,HF9g-P5,,,,X 全窗基线 · 不参与实体赏罚,6870424,688,A168_HF9F_20260827_0900,2026-08-27 09:00:00
2026-04-02,115293628,1947,0,96.8510326415,-63.3458105385,-63.3458105385,0.2000000,6,6,0.50218230000000000,0.502182300000,-1.351413200886205,-1.351413200886205,-1.351413200886205,0E-17,ELIGIBLE,R03b_20260811_FULL_v1,L1_ELIGIBILITY,v2026-08-11,2026-03-21..2026-08-06,baccarat_bet02_101_all_pairs_incl_sentinel,round_win = game_pnl > 0 (decisive only),COMPATIBILITY_ONLY_NOT_PRODUCTION,15115.5905,13281.2450,167.8190,891,853,-0.01110238,,-0.01110238,-0.01110238,-167.8190,15115.5905,OK,0.0000,6.7128,4.0000,96.0000,AG03-UNRESOLVED,ALL5_LEVELS_bet23_to_bet27,6.7128,6.7128,6.7128,8.3909,8.3909,4.000000,4.000000,4.000000,5.000000,5.000000,96.000000,96.000000,96.000000,95.000000,95.000000,5.0,36.9202,33.8198,130.8988,133.9991,PENDING_AG03,FALSE,NOT_FOR_ENFORCEMENT,161.1062,12749.9952,167.8190,161.1062,6.7128,0.01110238,0.01065828,6.7128,161.1062,0.01065828,6.7128,6.7128,6.7128,8.3909,8.3909,161.1062,0.01065828,36.9202,33.8198,130.8988,133.9991,0.00865985,0.00886496,0.00044410,16.9647,15.5700,0.1967,20.9774,0.5708,1889.4488,106.6250,,16.9647,5.2352,10.4704,20.9408,39.2639,52.6635,155.808,7.8528,0.0,5.029755,14.880828,1.620261,29,115,5,6,0E-8,0.01110238,,0E-8,0.000000,0.878645,0.000000,,2026-03-22,2026-04-02,8,294,164,12,0.666667,,,0.000000,,,,,,,,GLOBAL_BASELINE_NO_ENTITY_RANKING,,,NOT_APPLICABLE_GLOBAL_BASELINE,HF9g-P5,,,,X 全窗基线 · 不参与实体赏罚,6870425,688,A168_HF9F_20260827_0900,2026-08-27 09:00:00
2026-04-02,115293628,1966,0,1.3087977384,1.3087977384,1.3087977384,1.0000000,1,1,0.49324550000000000,0.493245500000,1.01360149184955,1.01360149184955,1.01360149184955,0E-17,ELIGIBLE,R03b_20260811_FULL_v1,L1_ELIGIBILITY,v2026-08-11,2026-03-21..2026-08-06,baccarat_bet02_101_all_pairs_incl_sentinel,round_win = game_pnl > 0 (decisive only),COMPATIBILITY_ONLY_NOT_PRODUCTION,15115.5905,13281.2450,167.8190,891,853,-0.01110238,,-0.01110238,-0.01110238,-167.8190,15115.5905,OK,0.0000,6.7128,4.0000,96.0000,AG03-UNRESOLVED,ALL5_LEVELS_bet23_to_bet27,6.7128,6.7128,6.7128,8.3909,8.3909,4.000000,4.000000,4.000000,5.000000,5.000000,96.000000,96.000000,96.000000,95.000000,95.000000,5.0,36.9202,33.8198,130.8988,133.9991,PENDING_AG03,FALSE,NOT_FOR_ENFORCEMENT,161.1062,12749.9952,167.8190,161.1062,6.7128,0.01110238,0.01065828,6.7128,161.1062,0.01065828,6.7128,6.7128,6.7128,8.3909,8.3909,161.1062,0.01065828,36.9202,33.8198,130.8988,133.9991,0.00865985,0.00886496,0.00044410,16.9647,15.5700,0.1967,20.9774,0.5708,1889.4488,106.6250,,16.9647,5.2352,10.4704,20.9408,39.2639,52.6635,155.808,7.8528,0.0,5.029755,14.880828,1.620261,29,115,5,6,0E-8,0.01110238,,0E-8,0.000000,0.878645,0.000000,,2026-03-22,2026-04-02,8,294,164,12,0.666667,,,0.000000,,,,,,,,GLOBAL_BASELINE_NO_ENTITY_RANKING,,,NOT_APPLICABLE_GLOBAL_BASELINE,HF9g-P5,,,,X 全窗基线 · 不参与实体赏罚,6870426,688,A168_HF9F_20260827_0900,2026-08-27 09:00:00
2026-04-02,115293628,2106,0,61.5134937048,72.8345941418,72.8345941418,1.0000000,3,2,0.47413440000000000,0.474134400000,1.48936672192116,1.48936672192116,1.48936672192116,0E-17,ELIGIBLE,R03b_20260811_FULL_v1,L1_ELIGIBILITY,v2026-08-11,2026-03-21..2026-08-06,baccarat_bet02_101_all_pairs_incl_sentinel,round_win = game_pnl > 0 (decisive only),COMPATIBILITY_ONLY_NOT_PRODUCTION,15115.5905,13281.2450,167.8190,891,853,-0.01110238,,-0.01110238,-0.01110238,-167.8190,15115.5905,OK,0.0000,6.7128,4.0000,96.0000,AG03-UNRESOLVED,ALL5_LEVELS_bet23_to_bet27,6.7128,6.7128,6.7128,8.3909,8.3909,4.000000,4.000000,4.000000,5.000000,5.000000,96.000000,96.000000,96.000000,95.000000,95.000000,5.0,36.9202,33.8198,130.8988,133.9991,PENDING_AG03,FALSE,NOT_FOR_ENFORCEMENT,161.1062,12749.9952,167.8190,161.1062,6.7128,0.01110238,0.01065828,6.7128,161.1062,0.01065828,6.7128,6.7128,6.7128,8.3909,8.3909,161.1062,0.01065828,36.9202,33.8198,130.8988,133.9991,0.00865985,0.00886496,0.00044410,16.9647,15.5700,0.1967,20.9774,0.5708,1889.4488,106.6250,,16.9647,5.2352,10.4704,20.9408,39.2639,52.6635,155.808,7.8528,0.0,5.029755,14.880828,1.620261,29,115,5,6,0E-8,0.01110238,,0E-8,0.000000,0.878645,0.000000,,2026-03-22,2026-04-02,8,294,164,12,0.666667,,,0.000000,,,,,,,,GLOBAL_BASELINE_NO_ENTITY_RANKING,,,NOT_APPLICABLE_GLOBAL_BASELINE,HF9g-P5,,,,X 全窗基线 · 不参与实体赏罚,6870427,688,A168_HF9F_20260827_0900,2026-08-27 09:00:00
2026-04-02,115293628,2108,0,15.7055728608,4.7116718582,4.7116718582,0.5000000,2,2,0.50665070000000000,0.506650700000,-0.018812684590367487,-0.018812684590367487,-0.018812684590367487,0E-17,ELIGIBLE,R03b_20260811_FULL_v1,L1_ELIGIBILITY,v2026-08-11,2026-03-21..2026-08-06,baccarat_bet02_101_all_pairs_incl_sentinel,round_win = game_pnl > 0 (decisive only),COMPATIBILITY_ONLY_NOT_PRODUCTION,15115.5905,13281.2450,167.8190,891,853,-0.01110238,,-0.01110238,-0.01110238,-167.8190,15115.5905,OK,0.0000,6.7128,4.0000,96.0000,AG03-UNRESOLVED,ALL5_LEVELS_bet23_to_bet27,6.7128,6.7128,6.7128,8.3909,8.3909,4.000000,4.000000,4.000000,5.000000,5.000000,96.000000,96.000000,96.000000,95.000000,95.000000,5.0,36.9202,33.8198,130.8988,133.9991,PENDING_AG03,FALSE,NOT_FOR_ENFORCEMENT,161.1062,12749.9952,167.8190,161.1062,6.7128,0.01110238,0.01065828,6.7128,161.1062,0.01065828,6.7128,6.7128,6.7128,8.3909,8.3909,161.1062,0.01065828,36.9202,33.8198,130.8988,133.9991,0.00865985,0.00886496,0.00044410,16.9647,15.5700,0.1967,20.9774,0.5708,1889.4488,106.6250,,16.9647,5.2352,10.4704,20.9408,39.2639,52.6635,155.808,7.8528,0.0,5.029755,14.880828,1.620261,29,115,5,6,0E-8,0.01110238,,0E-8,0.000000,0.878645,0.000000,,2026-03-22,2026-04-02,8,294,164,12,0.666667,,,0.000000,,,,,,,,GLOBAL_BASELINE_NO_ENTITY_RANKING,,,NOT_APPLICABLE_GLOBAL_BASELINE,HF9g-P5,,,,X 全窗基线 · 不参与实体赏罚,6870428,688,A168_HF9F_20260827_0900,2026-08-27 09:00:00
2026-04-02,115293628,2115,0,65.4398869199,13.0879773839,13.0879773839,0.3333333,3,3,0.49324550000000000,0.493245500000,-0.5540025479526107,-0.5540025479526106,-0.5540025479526107,0E-17,ELIGIBLE,R03b_20260811_FULL_v1,L1_ELIGIBILITY,v2026-08-11,2026-03-21..2026-08-06,baccarat_bet02_101_all_pairs_incl_sentinel,round_win = game_pnl > 0 (decisive only),COMPATIBILITY_ONLY_NOT_PRODUCTION,15115.5905,13281.2450,167.8190,891,853,-0.01110238,,-0.01110238,-0.01110238,-167.8190,15115.5905,OK,0.0000,6.7128,4.0000,96.0000,AG03-UNRESOLVED,ALL5_LEVELS_bet23_to_bet27,6.7128,6.7128,6.7128,8.3909,8.3909,4.000000,4.000000,4.000000,5.000000,5.000000,96.000000,96.000000,96.000000,95.000000,95.000000,5.0,36.9202,33.8198,130.8988,133.9991,PENDING_AG03,FALSE,NOT_FOR_ENFORCEMENT,161.1062,12749.9952,167.8190,161.1062,6.7128,0.01110238,0.01065828,6.7128,161.1062,0.01065828,6.7128,6.7128,6.7128,8.3909,8.3909,161.1062,0.01065828,36.9202,33.8198,130.8988,133.9991,0.00865985,0.00886496,0.00044410,16.9647,15.5700,0.1967,20.9774,0.5708,1889.4488,106.6250,,16.9647,5.2352,10.4704,20.9408,39.2639,52.6635,155.808,7.8528,0.0,5.029755,14.880828,1.620261,29,115,5,6,0E-8,0.01110238,,0E-8,0.000000,0.878645,0.000000,,2026-03-22,2026-04-02,8,294,164,12,0.666667,,,0.000000,,,,,,,,GLOBAL_BASELINE_NO_ENTITY_RANKING,,,NOT_APPLICABLE_GLOBAL_BASELINE,HF9g-P5,,,,X 全窗基线 · 不参与实体赏罚,6870429,688,A168_HF9F_20260827_0900,2026-08-27 09:00:00
2026-04-02,115293628,2129,0,20.9407638144,7.8527864304,7.8527864304,0.7500000,5,5,0.49324550000000000,0.493245500000,1.0271117246678039,1.0271117246678039,1.0271117246678039,0E-17,ELIGIBLE,R03b_20260811_FULL_v1,L1_ELIGIBILITY,v2026-08-11,2026-03-21..2026-08-06,baccarat_bet02_101_all_pairs_incl_sentinel,round_win = game_pnl > 0 (decisive only),COMPATIBILITY_ONLY_NOT_PRODUCTION,15115.5905,13281.2450,167.8190,891,853,-0.01110238,,-0.01110238,-0.01110238,-167.8190,15115.5905,OK,0.0000,6.7128,4.0000,96.0000,AG03-UNRESOLVED,ALL5_LEVELS_bet23_to_bet27,6.7128,6.7128,6.7128,8.3909,8.3909,4.000000,4.000000,4.000000,5.000000,5.000000,96.000000,96.000000,96.000000,95.000000,95.000000,5.0,36.9202,33.8198,130.8988,133.9991,PENDING_AG03,FALSE,NOT_FOR_ENFORCEMENT,161.1062,12749.9952,167.8190,161.1062,6.7128,0.01110238,0.01065828,6.7128,161.1062,0.01065828,6.7128,6.7128,6.7128,8.3909,8.3909,161.1062,0.01065828,36.9202,33.8198,130.8988,133.9991,0.00865985,0.00886496,0.00044410,16.9647,15.5700,0.1967,20.9774,0.5708,1889.4488,106.6250,,16.9647,5.2352,10.4704,20.9408,39.2639,52.6635,155.808,7.8528,0.0,5.029755,14.880828,1.620261,29,115,5,6,0E-8,0.01110238,,0E-8,0.000000,0.878645,0.000000,,2026-03-22,2026-04-02,8,294,164,12,0.666667,,,0.000000,,,,,,,,GLOBAL_BASELINE_NO_ENTITY_RANKING,,,NOT_APPLICABLE_GLOBAL_BASELINE,HF9g-P5,,,,X 全窗基线 · 不参与实体赏罚,6870430,688,A168_HF9F_20260827_0900,2026-08-27 09:00:00
2026-04-02,115293628,2152,0,248.6715702956,-248.6715702956,-248.6715702956,0E-7,5,5,0.49324550000000000,0.493245500000,-2.206062239923865,-2.206062239923865,-2.206062239923865,0E-17,ELIGIBLE,R03b_20260811_FULL_v1,L1_ELIGIBILITY,v2026-08-11,2026-03-21..2026-08-06,baccarat_bet02_101_all_pairs_incl_sentinel,round_win = game_pnl > 0 (decisive only),COMPATIBILITY_ONLY_NOT_PRODUCTION,15115.5905,13281.2450,167.8190,891,853,-0.01110238,,-0.01110238,-0.01110238,-167.8190,15115.5905,OK,0.0000,6.7128,4.0000,96.0000,AG03-UNRESOLVED,ALL5_LEVELS_bet23_to_bet27,6.7128,6.7128,6.7128,8.3909,8.3909,4.000000,4.000000,4.000000,5.000000,5.000000,96.000000,96.000000,96.000000,95.000000,95.000000,5.0,36.9202,33.8198,130.8988,133.9991,PENDING_AG03,FALSE,NOT_FOR_ENFORCEMENT,161.1062,12749.9952,167.8190,161.1062,6.7128,0.01110238,0.01065828,6.7128,161.1062,0.01065828,6.7128,6.7128,6.7128,8.3909,8.3909,161.1062,0.01065828,36.9202,33.8198,130.8988,133.9991,0.00865985,0.00886496,0.00044410,16.9647,15.5700,0.1967,20.9774,0.5708,1889.4488,106.6250,,16.9647,5.2352,10.4704,20.9408,39.2639,52.6635,155.808,7.8528,0.0,5.029755,14.880828,1.620261,29,115,5,6,0E-8,0.01110238,,0E-8,0.000000,0.878645,0.000000,,2026-03-22,2026-04-02,8,294,164,12,0.666667,,,0.000000,,,,,,,,GLOBAL_BASELINE_NO_ENTITY_RANKING,,,NOT_APPLICABLE_GLOBAL_BASELINE,HF9g-P5,,,,X 全窗基线 · 不参与实体赏罚,6870431,688,A168_HF9F_20260827_0900,2026-08-27 09:00:00
2026-04-02,115293628,2156,0,232.9659974349,22.2495615527,22.2495615527,0.2000000,5,5,0.49860758000000000,0.498607580000,-1.3354188732730328,-1.3354188732730328,-1.3354188732730328,0E-17,ELIGIBLE,R03b_20260811_FULL_v1,L1_ELIGIBILITY,v2026-08-11,2026-03-21..2026-08-06,baccarat_bet02_101_all_pairs_incl_sentinel,round_win = game_pnl > 0 (decisive only),COMPATIBILITY_ONLY_NOT_PRODUCTION,15115.5905,13281.2450,167.8190,891,853,-0.01110238,,-0.01110238,-0.01110238,-167.8190,15115.5905,OK,0.0000,6.7128,4.0000,96.0000,AG03-UNRESOLVED,ALL5_LEVELS_bet23_to_bet27,6.7128,6.7128,6.7128,8.3909,8.3909,4.000000,4.000000,4.000000,5.000000,5.000000,96.000000,96.000000,96.000000,95.000000,95.000000,5.0,36.9202,33.8198,130.8988,133.9991,PENDING_AG03,FALSE,NOT_FOR_ENFORCEMENT,161.1062,12749.9952,167.8190,161.1062,6.7128,0.01110238,0.01065828,6.7128,161.1062,0.01065828,6.7128,6.7128,6.7128,8.3909,8.3909,161.1062,0.01065828,36.9202,33.8198,130.8988,133.9991,0.00865985,0.00886496,0.00044410,16.9647,15.5700,0.1967,20.9774,0.5708,1889.4488,106.6250,,16.9647,5.2352,10.4704,20.9408,39.2639,52.6635,155.808,7.8528,0.0,5.029755,14.880828,1.620261,29,115,5,6,0E-8,0.01110238,,0E-8,0.000000,0.878645,0.000000,,2026-03-22,2026-04-02,8,294,164,12,0.666667,,,0.000000,,,,,,,,GLOBAL_BASELINE_NO_ENTITY_RANKING,,,NOT_APPLICABLE_GLOBAL_BASELINE,HF9g-P5,,,,X 全窗基线 · 不参与实体赏罚,6870432,688,A168_HF9F_20260827_0900,2026-08-27 09:00:00
2026-04-02,115293628,2160,0,13.0879773840,2.6175954768,2.6175954768,0.5000000,4,4,0.49324550000000000,0.493245500000,0.027020465636507562,0.027020465636507562,0.027020465636507562,0E-17,ELIGIBLE,R03b_20260811_FULL_v1,L1_ELIGIBILITY,v2026-08-11,2026-03-21..2026-08-06,baccarat_bet02_101_all_pairs_incl_sentinel,round_win = game_pnl > 0 (decisive only),COMPATIBILITY_ONLY_NOT_PRODUCTION,15115.5905,13281.2450,167.8190,891,853,-0.01110238,,-0.01110238,-0.01110238,-167.8190,15115.5905,OK,0.0000,6.7128,4.0000,96.0000,AG03-UNRESOLVED,ALL5_LEVELS_bet23_to_bet27,6.7128,6.7128,6.7128,8.3909,8.3909,4.000000,4.000000,4.000000,5.000000,5.000000,96.000000,96.000000,96.000000,95.000000,95.000000,5.0,36.9202,33.8198,130.8988,133.9991,PENDING_AG03,FALSE,NOT_FOR_ENFORCEMENT,161.1062,12749.9952,167.8190,161.1062,6.7128,0.01110238,0.01065828,6.7128,161.1062,0.01065828,6.7128,6.7128,6.7128,8.3909,8.3909,161.1062,0.01065828,36.9202,33.8198,130.8988,133.9991,0.00865985,0.00886496,0.00044410,16.9647,15.5700,0.1967,20.9774,0.5708,1889.4488,106.6250,,16.9647,5.2352,10.4704,20.9408,39.2639,52.6635,155.808,7.8528,0.0,5.029755,14.880828,1.620261,29,115,5,6,0E-8,0.01110238,,0E-8,0.000000,0.878645,0.000000,,2026-03-22,2026-04-02,8,294,164,12,0.666667,,,0.000000,,,,,,,,GLOBAL_BASELINE_NO_ENTITY_RANKING,,,NOT_APPLICABLE_GLOBAL_BASELINE,HF9g-P5,,,,X 全窗基线 · 不参与实体赏罚,6870433,688,A168_HF9F_20260827_0900,2026-08-27 09:00:00
2026-04-02,115293628,2167,0,134.8061670549,36.3191372406,36.3191372406,0.6000000,5,5,0.50396966000000000,0.503969660000,0.4294742719815242,0.4294742719815242,0.4294742719815242,0E-17,ELIGIBLE,R03b_20260811_FULL_v1,L1_ELIGIBILITY,v2026-08-11,2026-03-21..2026-08-06,baccarat_bet02_101_all_pairs_incl_sentinel,round_win = game_pnl > 0 (decisive only),COMPATIBILITY_ONLY_NOT_PRODUCTION,15115.5905,13281.2450,167.8190,891,853,-0.01110238,,-0.01110238,-0.01110238,-167.8190,15115.5905,OK,0.0000,6.7128,4.0000,96.0000,AG03-UNRESOLVED,ALL5_LEVELS_bet23_to_bet27,6.7128,6.7128,6.7128,8.3909,8.3909,4.000000,4.000000,4.000000,5.000000,5.000000,96.000000,96.000000,96.000000,95.000000,95.000000,5.0,36.9202,33.8198,130.8988,133.9991,PENDING_AG03,FALSE,NOT_FOR_ENFORCEMENT,161.1062,12749.9952,167.8190,161.1062,6.7128,0.01110238,0.01065828,6.7128,161.1062,0.01065828,6.7128,6.7128,6.7128,8.3909,8.3909,161.1062,0.01065828,36.9202,33.8198,130.8988,133.9991,0.00865985,0.00886496,0.00044410,16.9647,15.5700,0.1967,20.9774,0.5708,1889.4488,106.6250,,16.9647,5.2352,10.4704,20.9408,39.2639,52.6635,155.808,7.8528,0.0,5.029755,14.880828,1.620261,29,115,5,6,0E-8,0.01110238,,0E-8,0.000000,0.878645,0.000000,,2026-03-22,2026-04-02,8,294,164,12,0.666667,,,0.000000,,,,,,,,GLOBAL_BASELINE_NO_ENTITY_RANKING,,,NOT_APPLICABLE_GLOBAL_BASELINE,HF9g-P5,,,,X 全窗基线 · 不参与实体赏罚,6870434,688,A168_HF9F_20260827_0900,2026-08-27 09:00:00
2026-04-02,115293628,2171,0,191.0844698063,-61.7752532524,-61.7752532524,0.3636364,14,13,0.49805762307692308,0.497885761538,-0.8916564909814424,-0.8905177236133555,-0.8916564909814424,0.00017186153892308,ELIGIBLE,R03b_20260811_FULL_v1,L1_ELIGIBILITY,v2026-08-11,2026-03-21..2026-08-06,baccarat_bet02_101_all_pairs_incl_sentinel,round_win = game_pnl > 0 (decisive only),COMPATIBILITY_ONLY_NOT_PRODUCTION,15115.5905,13281.2450,167.8190,891,853,-0.01110238,,-0.01110238,-0.01110238,-167.8190,15115.5905,OK,0.0000,6.7128,4.0000,96.0000,AG03-UNRESOLVED,ALL5_LEVELS_bet23_to_bet27,6.7128,6.7128,6.7128,8.3909,8.3909,4.000000,4.000000,4.000000,5.000000,5.000000,96.000000,96.000000,96.000000,95.000000,95.000000,5.0,36.9202,33.8198,130.8988,133.9991,PENDING_AG03,FALSE,NOT_FOR_ENFORCEMENT,161.1062,12749.9952,167.8190,161.1062,6.7128,0.01110238,0.01065828,6.7128,161.1062,0.01065828,6.7128,6.7128,6.7128,8.3909,8.3909,161.1062,0.01065828,36.9202,33.8198,130.8988,133.9991,0.00865985,0.00886496,0.00044410,16.9647,15.5700,0.1967,20.9774,0.5708,1889.4488,106.6250,,16.9647,5.2352,10.4704,20.9408,39.2639,52.6635,155.808,7.8528,0.0,5.029755,14.880828,1.620261,29,115,5,6,0E-8,0.01110238,,0E-8,0.000000,0.878645,0.000000,,2026-03-22,2026-04-02,8,294,164,12,0.666667,,,0.000000,,,,,,,,GLOBAL_BASELINE_NO_ENTITY_RANKING,,,NOT_APPLICABLE_GLOBAL_BASELINE,HF9g-P5,,,,X 全窗基线 · 不参与实体赏罚,6870435,688,A168_HF9F_20260827_0900,2026-08-27 09:00:00
2026-04-02,115293628,2201,0,104.7038190718,-62.8222914431,-62.8222914431,0E-7,3,3,0.50665070000000000,0.506650700000,-1.4331513700195317,-1.4331513700195317,-1.4331513700195317,0E-17,ELIGIBLE,R03b_20260811_FULL_v1,L1_ELIGIBILITY,v2026-08-11,2026-03-21..2026-08-06,baccarat_bet02_101_all_pairs_incl_sentinel,round_win = game_pnl > 0 (decisive only),COMPATIBILITY_ONLY_NOT_PRODUCTION,15115.5905,13281.2450,167.8190,891,853,-0.01110238,,-0.01110238,-0.01110238,-167.8190,15115.5905,OK,0.0000,6.7128,4.0000,96.0000,AG03-UNRESOLVED,ALL5_LEVELS_bet23_to_bet27,6.7128,6.7128,6.7128,8.3909,8.3909,4.000000,4.000000,4.000000,5.000000,5.000000,96.000000,96.000000,96.000000,95.000000,95.000000,5.0,36.9202,33.8198,130.8988,133.9991,PENDING_AG03,FALSE,NOT_FOR_ENFORCEMENT,161.1062,12749.9952,167.8190,161.1062,6.7128,0.01110238,0.01065828,6.7128,161.1062,0.01065828,6.7128,6.7128,6.7128,8.3909,8.3909,161.1062,0.01065828,36.9202,33.8198,130.8988,133.9991,0.00865985,0.00886496,0.00044410,16.9647,15.5700,0.1967,20.9774,0.5708,1889.4488,106.6250,,16.9647,5.2352,10.4704,20.9408,39.2639,52.6635,155.808,7.8528,0.0,5.029755,14.880828,1.620261,29,115,5,6,0E-8,0.01110238,,0E-8,0.000000,0.878645,0.000000,,2026-03-22,2026-04-02,8,294,164,12,0.666667,,,0.000000,,,,,,,,GLOBAL_BASELINE_NO_ENTITY_RANKING,,,NOT_APPLICABLE_GLOBAL_BASELINE,HF9g-P5,,,,X 全窗基线 · 不参与实体赏罚,6870436,688,A168_HF9F_20260827_0900,2026-08-27 09:00:00
2026-04-02,115293628,2216,0,14.3967751224,-14.3967751224,-14.3967751224,0E-7,2,2,0.49324550000000000,0.493245500000,-1.3952362676504506,-1.3952362676504506,-1.3952362676504506,0E-17,ELIGIBLE,R03b_20260811_FULL_v1,L1_ELIGIBILITY,v2026-08-11,2026-03-21..2026-08-06,baccarat_bet02_101_all_pairs_incl_sentinel,round_win = game_pnl > 0 (decisive only),COMPATIBILITY_ONLY_NOT_PRODUCTION,15115.5905,13281.2450,167.8190,891,853,-0.01110238,,-0.01110238,-0.01110238,-167.8190,15115.5905,OK,0.0000,6.7128,4.0000,96.0000,AG03-UNRESOLVED,ALL5_LEVELS_bet23_to_bet27,6.7128,6.7128,6.7128,8.3909,8.3909,4.000000,4.000000,4.000000,5.000000,5.000000,96.000000,96.000000,96.000000,95.000000,95.000000,5.0,36.9202,33.8198,130.8988,133.9991,PENDING_AG03,FALSE,NOT_FOR_ENFORCEMENT,161.1062,12749.9952,167.8190,161.1062,6.7128,0.01110238,0.01065828,6.7128,161.1062,0.01065828,6.7128,6.7128,6.7128,8.3909,8.3909,161.1062,0.01065828,36.9202,33.8198,130.8988,133.9991,0.00865985,0.00886496,0.00044410,16.9647,15.5700,0.1967,20.9774,0.5708,1889.4488,106.6250,,16.9647,5.2352,10.4704,20.9408,39.2639,52.6635,155.808,7.8528,0.0,5.029755,14.880828,1.620261,29,115,5,6,0E-8,0.01110238,,0E-8,0.000000,0.878645,0.000000,,2026-03-22,2026-04-02,8,294,164,12,0.666667,,,0.000000,,,,,,,,GLOBAL_BASELINE_NO_ENTITY_RANKING,,,NOT_APPLICABLE_GLOBAL_BASELINE,HF9g-P5,,,,X 全窗基线 · 不参与实体赏罚,6870437,688,A168_HF9F_20260827_0900,2026-08-27 09:00:00
2026-04-02,115293628,2218,0,10.4703819072,10.3395021334,10.3395021334,1.0000000,2,2,0.49994810000000000,0.499948100000,1.4143603653603398,1.4143603653603398,1.4143603653603398,0E-17,ELIGIBLE,R03b_20260811_FULL_v1,L1_ELIGIBILITY,v2026-08-11,2026-03-21..2026-08-06,baccarat_bet02_101_all_pairs_incl_sentinel,round_win = game_pnl > 0 (decisive only),COMPATIBILITY_ONLY_NOT_PRODUCTION,15115.5905,13281.2450,167.8190,891,853,-0.01110238,,-0.01110238,-0.01110238,-167.8190,15115.5905,OK,0.0000,6.7128,4.0000,96.0000,AG03-UNRESOLVED,ALL5_LEVELS_bet23_to_bet27,6.7128,6.7128,6.7128,8.3909,8.3909,4.000000,4.000000,4.000000,5.000000,5.000000,96.000000,96.000000,96.000000,95.000000,95.000000,5.0,36.9202,33.8198,130.8988,133.9991,PENDING_AG03,FALSE,NOT_FOR_ENFORCEMENT,161.1062,12749.9952,167.8190,161.1062,6.7128,0.01110238,0.01065828,6.7128,161.1062,0.01065828,6.7128,6.7128,6.7128,8.3909,8.3909,161.1062,0.01065828,36.9202,33.8198,130.8988,133.9991,0.00865985,0.00886496,0.00044410,16.9647,15.5700,0.1967,20.9774,0.5708,1889.4488,106.6250,,16.9647,5.2352,10.4704,20.9408,39.2639,52.6635,155.808,7.8528,0.0,5.029755,14.880828,1.620261,29,115,5,6,0E-8,0.01110238,,0E-8,0.000000,0.878645,0.000000,,2026-03-22,2026-04-02,8,294,164,12,0.666667,,,0.000000,,,,,,,,GLOBAL_BASELINE_NO_ENTITY_RANKING,,,NOT_APPLICABLE_GLOBAL_BASELINE,HF9g-P5,,,,X 全窗基线 · 不参与实体赏罚,6870438,688,A168_HF9F_20260827_0900,2026-08-27 09:00:00
2026-04-02,115293628,2220,0,7.8527864304,7.8527864304,7.8527864304,1.0000000,2,2,0.49324550000000000,0.493245500000,1.4334489766152358,1.4334489766152358,1.4334489766152358,0E-17,ELIGIBLE,R03b_20260811_FULL_v1,L1_ELIGIBILITY,v2026-08-11,2026-03-21..2026-08-06,baccarat_bet02_101_all_pairs_incl_sentinel,round_win = game_pnl > 0 (decisive only),COMPATIBILITY_ONLY_NOT_PRODUCTION,15115.5905,13281.2450,167.8190,891,853,-0.01110238,,-0.01110238,-0.01110238,-167.8190,15115.5905,OK,0.0000,6.7128,4.0000,96.0000,AG03-UNRESOLVED,ALL5_LEVELS_bet23_to_bet27,6.7128,6.7128,6.7128,8.3909,8.3909,4.000000,4.000000,4.000000,5.000000,5.000000,96.000000,96.000000,96.000000,95.000000,95.000000,5.0,36.9202,33.8198,130.8988,133.9991,PENDING_AG03,FALSE,NOT_FOR_ENFORCEMENT,161.1062,12749.9952,167.8190,161.1062,6.7128,0.01110238,0.01065828,6.7128,161.1062,0.01065828,6.7128,6.7128,6.7128,8.3909,8.3909,161.1062,0.01065828,36.9202,33.8198,130.8988,133.9991,0.00865985,0.00886496,0.00044410,16.9647,15.5700,0.1967,20.9774,0.5708,1889.4488,106.6250,,16.9647,5.2352,10.4704,20.9408,39.2639,52.6635,155.808,7.8528,0.0,5.029755,14.880828,1.620261,29,115,5,6,0E-8,0.01110238,,0E-8,0.000000,0.878645,0.000000,,2026-03-22,2026-04-02,8,294,164,12,0.666667,,,0.000000,,,,,,,,GLOBAL_BASELINE_NO_ENTITY_RANKING,,,NOT_APPLICABLE_GLOBAL_BASELINE,HF9g-P5,,,,X 全窗基线 · 不参与实体赏罚,6870439,688,A168_HF9F_20260827_0900,2026-08-27 09:00:00
2026-04-02,115293628,2223,0,68.0574823968,34.0287411984,34.0287411984,0.7500000,6,6,0.49324550000000000,0.493245500000,1.0271117246678039,1.0271117246678039,1.0271117246678039,0E-17,ELIGIBLE,R03b_20260811_FULL_v1,L1_ELIGIBILITY,v2026-08-11,2026-03-21..2026-08-06,baccarat_bet02_101_all_pairs_incl_sentinel,round_win = game_pnl > 0 (decisive only),COMPATIBILITY_ONLY_NOT_PRODUCTION,15115.5905,13281.2450,167.8190,891,853,-0.01110238,,-0.01110238,-0.01110238,-167.8190,15115.5905,OK,0.0000,6.7128,4.0000,96.0000,AG03-UNRESOLVED,ALL5_LEVELS_bet23_to_bet27,6.7128,6.7128,6.7128,8.3909,8.3909,4.000000,4.000000,4.000000,5.000000,5.000000,96.000000,96.000000,96.000000,95.000000,95.000000,5.0,36.9202,33.8198,130.8988,133.9991,PENDING_AG03,FALSE,NOT_FOR_ENFORCEMENT,161.1062,12749.9952,167.8190,161.1062,6.7128,0.01110238,0.01065828,6.7128,161.1062,0.01065828,6.7128,6.7128,6.7128,8.3909,8.3909,161.1062,0.01065828,36.9202,33.8198,130.8988,133.9991,0.00865985,0.00886496,0.00044410,16.9647,15.5700,0.1967,20.9774,0.5708,1889.4488,106.6250,,16.9647,5.2352,10.4704,20.9408,39.2639,52.6635,155.808,7.8528,0.0,5.029755,14.880828,1.620261,29,115,5,6,0E-8,0.01110238,,0E-8,0.000000,0.878645,0.000000,,2026-03-22,2026-04-02,8,294,164,12,0.666667,,,0.000000,,,,,,,,GLOBAL_BASELINE_NO_ENTITY_RANKING,,,NOT_APPLICABLE_GLOBAL_BASELINE,HF9g-P5,,,,X 全窗基线 · 不参与实体赏罚,6870440,688,A168_HF9F_20260827_0900,2026-08-27 09:00:00
2026-04-02,115293628,2224,0,205.4812449285,24.3436379341,24.3436379341,0.3333333,6,6,0.49547970000000000,0.495479700000,-0.7943841881047936,-0.7943841881047936,-0.7943841881047936,0E-17,ELIGIBLE,R03b_20260811_FULL_v1,L1_ELIGIBILITY,v2026-08-11,2026-03-21..2026-08-06,baccarat_bet02_101_all_pairs_incl_sentinel,round_win = game_pnl > 0 (decisive only),COMPATIBILITY_ONLY_NOT_PRODUCTION,15115.5905,13281.2450,167.8190,891,853,-0.01110238,,-0.01110238,-0.01110238,-167.8190,15115.5905,OK,0.0000,6.7128,4.0000,96.0000,AG03-UNRESOLVED,ALL5_LEVELS_bet23_to_bet27,6.7128,6.7128,6.7128,8.3909,8.3909,4.000000,4.000000,4.000000,5.000000,5.000000,96.000000,96.000000,96.000000,95.000000,95.000000,5.0,36.9202,33.8198,130.8988,133.9991,PENDING_AG03,FALSE,NOT_FOR_ENFORCEMENT,161.1062,12749.9952,167.8190,161.1062,6.7128,0.01110238,0.01065828,6.7128,161.1062,0.01065828,6.7128,6.7128,6.7128,8.3909,8.3909,161.1062,0.01065828,36.9202,33.8198,130.8988,133.9991,0.00865985,0.00886496,0.00044410,16.9647,15.5700,0.1967,20.9774,0.5708,1889.4488,106.6250,,16.9647,5.2352,10.4704,20.9408,39.2639,52.6635,155.808,7.8528,0.0,5.029755,14.880828,1.620261,29,115,5,6,0E-8,0.01110238,,0E-8,0.000000,0.878645,0.000000,,2026-03-22,2026-04-02,8,294,164,12,0.666667,,,0.000000,,,,,,,,GLOBAL_BASELINE_NO_ENTITY_RANKING,,,NOT_APPLICABLE_GLOBAL_BASELINE,HF9g-P5,,,,X 全窗基线 · 不参与实体赏罚,6870441,688,A168_HF9F_20260827_0900,2026-08-27 09:00:00
2026-04-02,115293628,2232,0,5.2351909536,4.9734314059,4.9734314059,1.0000000,1,1,0.50665070000000000,0.506650700000,0.9867858985152569,0.9867858985152569,0.9867858985152569,0E-17,ELIGIBLE,R03b_20260811_FULL_v1,L1_ELIGIBILITY,v2026-08-11,2026-03-21..2026-08-06,baccarat_bet02_101_all_pairs_incl_sentinel,round_win = game_pnl > 0 (decisive only),COMPATIBILITY_ONLY_NOT_PRODUCTION,15115.5905,13281.2450,167.8190,891,853,-0.01110238,,-0.01110238,-0.01110238,-167.8190,15115.5905,OK,0.0000,6.7128,4.0000,96.0000,AG03-UNRESOLVED,ALL5_LEVELS_bet23_to_bet27,6.7128,6.7128,6.7128,8.3909,8.3909,4.000000,4.000000,4.000000,5.000000,5.000000,96.000000,96.000000,96.000000,95.000000,95.000000,5.0,36.9202,33.8198,130.8988,133.9991,PENDING_AG03,FALSE,NOT_FOR_ENFORCEMENT,161.1062,12749.9952,167.8190,161.1062,6.7128,0.01110238,0.01065828,6.7128,161.1062,0.01065828,6.7128,6.7128,6.7128,8.3909,8.3909,161.1062,0.01065828,36.9202,33.8198,130.8988,133.9991,0.00865985,0.00886496,0.00044410,16.9647,15.5700,0.1967,20.9774,0.5708,1889.4488,106.6250,,16.9647,5.2352,10.4704,20.9408,39.2639,52.6635,155.808,7.8528,0.0,5.029755,14.880828,1.620261,29,115,5,6,0E-8,0.01110238,,0E-8,0.000000,0.878645,0.000000,,2026-03-22,2026-04-02,8,294,164,12,0.666667,,,0.000000,,,,,,,,GLOBAL_BASELINE_NO_ENTITY_RANKING,,,NOT_APPLICABLE_GLOBAL_BASELINE,HF9g-P5,,,,X 全窗基线 · 不参与实体赏罚,6870442,688,A168_HF9F_20260827_0900,2026-08-27 09:00:00
2026-04-02,115293628,2233,0,71.9838756119,44.1064837841,44.1064837841,0.5714286,7,7,0.49899058571428571,0.498990585714,0.38330657246501415,0.3833065724665265,0.38330657246501415,2.8571E-13,ELIGIBLE,R03b_20260811_FULL_v1,L1_ELIGIBILITY,v2026-08-11,2026-03-21..2026-08-06,baccarat_bet02_101_all_pairs_incl_sentinel,round_win = game_pnl > 0 (decisive only),COMPATIBILITY_ONLY_NOT_PRODUCTION,15115.5905,13281.2450,167.8190,891,853,-0.01110238,,-0.01110238,-0.01110238,-167.8190,15115.5905,OK,0.0000,6.7128,4.0000,96.0000,AG03-UNRESOLVED,ALL5_LEVELS_bet23_to_bet27,6.7128,6.7128,6.7128,8.3909,8.3909,4.000000,4.000000,4.000000,5.000000,5.000000,96.000000,96.000000,96.000000,95.000000,95.000000,5.0,36.9202,33.8198,130.8988,133.9991,PENDING_AG03,FALSE,NOT_FOR_ENFORCEMENT,161.1062,12749.9952,167.8190,161.1062,6.7128,0.01110238,0.01065828,6.7128,161.1062,0.01065828,6.7128,6.7128,6.7128,8.3909,8.3909,161.1062,0.01065828,36.9202,33.8198,130.8988,133.9991,0.00865985,0.00886496,0.00044410,16.9647,15.5700,0.1967,20.9774,0.5708,1889.4488,106.6250,,16.9647,5.2352,10.4704,20.9408,39.2639,52.6635,155.808,7.8528,0.0,5.029755,14.880828,1.620261,29,115,5,6,0E-8,0.01110238,,0E-8,0.000000,0.878645,0.000000,,2026-03-22,2026-04-02,8,294,164,12,0.666667,,,0.000000,,,,,,,,GLOBAL_BASELINE_NO_ENTITY_RANKING,,,NOT_APPLICABLE_GLOBAL_BASELINE,HF9g-P5,,,,X 全窗基线 · 不参与实体赏罚,6870443,688,A168_HF9F_20260827_0900,2026-08-27 09:00:00
2026-04-02,115293628,2250,0,5.2351909536,-5.2351909536,-5.2351909536,0E-7,1,1,0.49324550000000000,0.493245500000,-0.9865810262130424,-0.9865810262130424,-0.9865810262130424,0E-17,ELIGIBLE,R03b_20260811_FULL_v1,L1_ELIGIBILITY,v2026-08-11,2026-03-21..2026-08-06,baccarat_bet02_101_all_pairs_incl_sentinel,round_win = game_pnl > 0 (decisive only),COMPATIBILITY_ONLY_NOT_PRODUCTION,15115.5905,13281.2450,167.8190,891,853,-0.01110238,,-0.01110238,-0.01110238,-167.8190,15115.5905,OK,0.0000,6.7128,4.0000,96.0000,AG03-UNRESOLVED,ALL5_LEVELS_bet23_to_bet27,6.7128,6.7128,6.7128,8.3909,8.3909,4.000000,4.000000,4.000000,5.000000,5.000000,96.000000,96.000000,96.000000,95.000000,95.000000,5.0,36.9202,33.8198,130.8988,133.9991,PENDING_AG03,FALSE,NOT_FOR_ENFORCEMENT,161.1062,12749.9952,167.8190,161.1062,6.7128,0.01110238,0.01065828,6.7128,161.1062,0.01065828,6.7128,6.7128,6.7128,8.3909,8.3909,161.1062,0.01065828,36.9202,33.8198,130.8988,133.9991,0.00865985,0.00886496,0.00044410,16.9647,15.5700,0.1967,20.9774,0.5708,1889.4488,106.6250,,16.9647,5.2352,10.4704,20.9408,39.2639,52.6635,155.808,7.8528,0.0,5.029755,14.880828,1.620261,29,115,5,6,0E-8,0.01110238,,0E-8,0.000000,0.878645,0.000000,,2026-03-22,2026-04-02,8,294,164,12,0.666667,,,0.000000,,,,,,,,GLOBAL_BASELINE_NO_ENTITY_RANKING,,,NOT_APPLICABLE_GLOBAL_BASELINE,HF9g-P5,,,,X 全窗基线 · 不参与实体赏罚,6870444,688,A168_HF9F_20260827_0900,2026-08-27 09:00:00
2026-04-02,115293628,2258,0,165.9555532289,-26.9612334111,-26.9612334111,0.5000000,7,7,0.50090561428571429,0.500905614286,-0.00443659308478647,-0.004436593086186165,-0.00443659308478647,-2.8571E-13,ELIGIBLE,R03b_20260811_FULL_v1,L1_ELIGIBILITY,v2026-08-11,2026-03-21..2026-08-06,baccarat_bet02_101_all_pairs_incl_sentinel,round_win = game_pnl > 0 (decisive only),COMPATIBILITY_ONLY_NOT_PRODUCTION,15115.5905,13281.2450,167.8190,891,853,-0.01110238,,-0.01110238,-0.01110238,-167.8190,15115.5905,OK,0.0000,6.7128,4.0000,96.0000,AG03-UNRESOLVED,ALL5_LEVELS_bet23_to_bet27,6.7128,6.7128,6.7128,8.3909,8.3909,4.000000,4.000000,4.000000,5.000000,5.000000,96.000000,96.000000,96.000000,95.000000,95.000000,5.0,36.9202,33.8198,130.8988,133.9991,PENDING_AG03,FALSE,NOT_FOR_ENFORCEMENT,161.1062,12749.9952,167.8190,161.1062,6.7128,0.01110238,0.01065828,6.7128,161.1062,0.01065828,6.7128,6.7128,6.7128,8.3909,8.3909,161.1062,0.01065828,36.9202,33.8198,130.8988,133.9991,0.00865985,0.00886496,0.00044410,16.9647,15.5700,0.1967,20.9774,0.5708,1889.4488,106.6250,,16.9647,5.2352,10.4704,20.9408,39.2639,52.6635,155.808,7.8528,0.0,5.029755,14.880828,1.620261,29,115,5,6,0E-8,0.01110238,,0E-8,0.000000,0.878645,0.000000,,2026-03-22,2026-04-02,8,294,164,12,0.666667,,,0.000000,,,,,,,,GLOBAL_BASELINE_NO_ENTITY_RANKING,,,NOT_APPLICABLE_GLOBAL_BASELINE,HF9g-P5,,,,X 全窗基线 · 不参与实体赏罚,6870445,688,A168_HF9F_20260827_0900,2026-08-27 09:00:00
2026-04-02,115293628,2266,0,151.8205376542,-112.5566055022,-112.5566055022,0.3000000,10,10,0.49994810000000000,0.499948100000,-1.2645828264588121,-1.2645828264588121,-1.2645828264588121,0E-17,ELIGIBLE,R03b_20260811_FULL_v1,L1_ELIGIBILITY,v2026-08-11,2026-03-21..2026-08-06,baccarat_bet02_101_all_pairs_incl_sentinel,round_win = game_pnl > 0 (decisive only),COMPATIBILITY_ONLY_NOT_PRODUCTION,15115.5905,13281.2450,167.8190,891,853,-0.01110238,,-0.01110238,-0.01110238,-167.8190,15115.5905,OK,0.0000,6.7128,4.0000,96.0000,AG03-UNRESOLVED,ALL5_LEVELS_bet23_to_bet27,6.7128,6.7128,6.7128,8.3909,8.3909,4.000000,4.000000,4.000000,5.000000,5.000000,96.000000,96.000000,96.000000,95.000000,95.000000,5.0,36.9202,33.8198,130.8988,133.9991,PENDING_AG03,FALSE,NOT_FOR_ENFORCEMENT,161.1062,12749.9952,167.8190,161.1062,6.7128,0.01110238,0.01065828,6.7128,161.1062,0.01065828,6.7128,6.7128,6.7128,8.3909,8.3909,161.1062,0.01065828,36.9202,33.8198,130.8988,133.9991,0.00865985,0.00886496,0.00044410,16.9647,15.5700,0.1967,20.9774,0.5708,1889.4488,106.6250,,16.9647,5.2352,10.4704,20.9408,39.2639,52.6635,155.808,7.8528,0.0,5.029755,14.880828,1.620261,29,115,5,6,0E-8,0.01110238,,0E-8,0.000000,0.878645,0.000000,,2026-03-22,2026-04-02,8,294,164,12,0.666667,,,0.000000,,,,,,,,GLOBAL_BASELINE_NO_ENTITY_RANKING,,,NOT_APPLICABLE_GLOBAL_BASELINE,HF9g-P5,,,,X 全窗基线 · 不参与实体赏罚,6870446,688,A168_HF9F_20260827_0900,2026-08-27 09:00:00
2026-04-02,115293628,471,0,26.1759547680,24.8671570296,24.8671570296,1.0000000,1,1,0.50665070000000000,0.506650700000,0.9867858985152569,0.9867858985152569,0.9867858985152569,0E-17,ELIGIBLE,R03b_20260811_FULL_v1,L1_ELIGIBILITY,v2026-08-11,2026-03-21..2026-08-06,baccarat_bet02_101_all_pairs_incl_sentinel,round_win = game_pnl > 0 (decisive only),COMPATIBILITY_ONLY_NOT_PRODUCTION,15115.5905,13281.2450,167.8190,891,853,-0.01110238,,-0.01110238,-0.01110238,-167.8190,15115.5905,OK,0.0000,6.7128,4.0000,96.0000,AG03-UNRESOLVED,ALL5_LEVELS_bet23_to_bet27,6.7128,6.7128,6.7128,8.3909,8.3909,4.000000,4.000000,4.000000,5.000000,5.000000,96.000000,96.000000,96.000000,95.000000,95.000000,5.0,36.9202,33.8198,130.8988,133.9991,PENDING_AG03,FALSE,NOT_FOR_ENFORCEMENT,161.1062,12749.9952,167.8190,161.1062,6.7128,0.01110238,0.01065828,6.7128,161.1062,0.01065828,6.7128,6.7128,6.7128,8.3909,8.3909,161.1062,0.01065828,36.9202,33.8198,130.8988,133.9991,0.00865985,0.00886496,0.00044410,16.9647,15.5700,0.1967,20.9774,0.5708,1889.4488,106.6250,,16.9647,5.2352,10.4704,20.9408,39.2639,52.6635,155.808,7.8528,0.0,5.029755,14.880828,1.620261,29,115,5,6,0E-8,0.01110238,,0E-8,0.000000,0.878645,0.000000,,2026-03-22,2026-04-02,8,294,164,12,0.666667,,,0.000000,,,,,,,,GLOBAL_BASELINE_NO_ENTITY_RANKING,,,NOT_APPLICABLE_GLOBAL_BASELINE,HF9g-P5,,,,X 全窗基线 · 不参与实体赏罚,6870447,688,A168_HF9F_20260827_0900,2026-08-27 09:00:00
2026-04-02,115293628,526,0,75.9102688271,-35.0757793891,-35.0757793891,0.3333333,3,3,0.50665070000000000,0.506650700000,-0.6004420894325239,-0.6004420894325239,-0.6004420894325239,0E-17,ELIGIBLE,R03b_20260811_FULL_v1,L1_ELIGIBILITY,v2026-08-11,2026-03-21..2026-08-06,baccarat_bet02_101_all_pairs_incl_sentinel,round_win = game_pnl > 0 (decisive only),COMPATIBILITY_ONLY_NOT_PRODUCTION,15115.5905,13281.2450,167.8190,891,853,-0.01110238,,-0.01110238,-0.01110238,-167.8190,15115.5905,OK,0.0000,6.7128,4.0000,96.0000,AG03-UNRESOLVED,ALL5_LEVELS_bet23_to_bet27,6.7128,6.7128,6.7128,8.3909,8.3909,4.000000,4.000000,4.000000,5.000000,5.000000,96.000000,96.000000,96.000000,95.000000,95.000000,5.0,36.9202,33.8198,130.8988,133.9991,PENDING_AG03,FALSE,NOT_FOR_ENFORCEMENT,161.1062,12749.9952,167.8190,161.1062,6.7128,0.01110238,0.01065828,6.7128,161.1062,0.01065828,6.7128,6.7128,6.7128,8.3909,8.3909,161.1062,0.01065828,36.9202,33.8198,130.8988,133.9991,0.00865985,0.00886496,0.00044410,16.9647,15.5700,0.1967,20.9774,0.5708,1889.4488,106.6250,,16.9647,5.2352,10.4704,20.9408,39.2639,52.6635,155.808,7.8528,0.0,5.029755,14.880828,1.620261,29,115,5,6,0E-8,0.01110238,,0E-8,0.000000,0.878645,0.000000,,2026-03-22,2026-04-02,8,294,164,12,0.666667,,,0.000000,,,,,,,,GLOBAL_BASELINE_NO_ENTITY_RANKING,,,NOT_APPLICABLE_GLOBAL_BASELINE,HF9g-P5,,,,X 全窗基线 · 不参与实体赏罚,6870448,688,A168_HF9F_20260827_0900,2026-08-27 09:00:00
2026-04-02,115293628,550,0,6.5439886920,-6.5439886920,-6.5439886920,0E-7,2,2,0.50665070000000000,0.506650700000,-1.4331513700195317,-1.4331513700195317,-1.4331513700195317,0E-17,ELIGIBLE,R03b_20260811_FULL_v1,L1_ELIGIBILITY,v2026-08-11,2026-03-21..2026-08-06,baccarat_bet02_101_all_pairs_incl_sentinel,round_win = game_pnl > 0 (decisive only),COMPATIBILITY_ONLY_NOT_PRODUCTION,15115.5905,13281.2450,167.8190,891,853,-0.01110238,,-0.01110238,-0.01110238,-167.8190,15115.5905,OK,0.0000,6.7128,4.0000,96.0000,AG03-UNRESOLVED,ALL5_LEVELS_bet23_to_bet27,6.7128,6.7128,6.7128,8.3909,8.3909,4.000000,4.000000,4.000000,5.000000,5.000000,96.000000,96.000000,96.000000,95.000000,95.000000,5.0,36.9202,33.8198,130.8988,133.9991,PENDING_AG03,FALSE,NOT_FOR_ENFORCEMENT,161.1062,12749.9952,167.8190,161.1062,6.7128,0.01110238,0.01065828,6.7128,161.1062,0.01065828,6.7128,6.7128,6.7128,8.3909,8.3909,161.1062,0.01065828,36.9202,33.8198,130.8988,133.9991,0.00865985,0.00886496,0.00044410,16.9647,15.5700,0.1967,20.9774,0.5708,1889.4488,106.6250,,16.9647,5.2352,10.4704,20.9408,39.2639,52.6635,155.808,7.8528,0.0,5.029755,14.880828,1.620261,29,115,5,6,0E-8,0.01110238,,0E-8,0.000000,0.878645,0.000000,,2026-03-22,2026-04-02,8,294,164,12,0.666667,,,0.000000,,,,,,,,GLOBAL_BASELINE_NO_ENTITY_RANKING,,,NOT_APPLICABLE_GLOBAL_BASELINE,HF9g-P5,,,,X 全窗基线 · 不参与实体赏罚,6870449,688,A168_HF9F_20260827_0900,2026-08-27 09:00:00
2026-04-02,115293628,595,0,48.4255163208,27.4193126195,27.4193126195,0.6666667,6,6,0.49547970000000000,0.495479700000,0.83867571210634,0.83867571210634,0.83867571210634,0E-17,ELIGIBLE,R03b_20260811_FULL_v1,L1_ELIGIBILITY,v2026-08-11,2026-03-21..2026-08-06,baccarat_bet02_101_all_pairs_incl_sentinel,round_win = game_pnl > 0 (decisive only),COMPATIBILITY_ONLY_NOT_PRODUCTION,15115.5905,13281.2450,167.8190,891,853,-0.01110238,,-0.01110238,-0.01110238,-167.8190,15115.5905,OK,0.0000,6.7128,4.0000,96.0000,AG03-UNRESOLVED,ALL5_LEVELS_bet23_to_bet27,6.7128,6.7128,6.7128,8.3909,8.3909,4.000000,4.000000,4.000000,5.000000,5.000000,96.000000,96.000000,96.000000,95.000000,95.000000,5.0,36.9202,33.8198,130.8988,133.9991,PENDING_AG03,FALSE,NOT_FOR_ENFORCEMENT,161.1062,12749.9952,167.8190,161.1062,6.7128,0.01110238,0.01065828,6.7128,161.1062,0.01065828,6.7128,6.7128,6.7128,8.3909,8.3909,161.1062,0.01065828,36.9202,33.8198,130.8988,133.9991,0.00865985,0.00886496,0.00044410,16.9647,15.5700,0.1967,20.9774,0.5708,1889.4488,106.6250,,16.9647,5.2352,10.4704,20.9408,39.2639,52.6635,155.808,7.8528,0.0,5.029755,14.880828,1.620261,29,115,5,6,0E-8,0.01110238,,0E-8,0.000000,0.878645,0.000000,,2026-03-22,2026-04-02,8,294,164,12,0.666667,,,0.000000,,,,,,,,GLOBAL_BASELINE_NO_ENTITY_RANKING,,,NOT_APPLICABLE_GLOBAL_BASELINE,HF9g-P5,,,,X 全窗基线 · 不参与实体赏罚,6870450,688,A168_HF9F_20260827_0900,2026-08-27 09:00:00
2026-04-02,115293628,626,0,73.2926733503,25.5215558987,25.5215558987,0.6666667,6,6,0.49771390000000000,0.497713900000,0.8277047895645219,0.8277047895645219,0.8277047895645219,0E-17,ELIGIBLE,R03b_20260811_FULL_v1,L1_ELIGIBILITY,v2026-08-11,2026-03-21..2026-08-06,baccarat_bet02_101_all_pairs_incl_sentinel,round_win = game_pnl > 0 (decisive only),COMPATIBILITY_ONLY_NOT_PRODUCTION,15115.5905,13281.2450,167.8190,891,853,-0.01110238,,-0.01110238,-0.01110238,-167.8190,15115.5905,OK,0.0000,6.7128,4.0000,96.0000,AG03-UNRESOLVED,ALL5_LEVELS_bet23_to_bet27,6.7128,6.7128,6.7128,8.3909,8.3909,4.000000,4.000000,4.000000,5.000000,5.000000,96.000000,96.000000,96.000000,95.000000,95.000000,5.0,36.9202,33.8198,130.8988,133.9991,PENDING_AG03,FALSE,NOT_FOR_ENFORCEMENT,161.1062,12749.9952,167.8190,161.1062,6.7128,0.01110238,0.01065828,6.7128,161.1062,0.01065828,6.7128,6.7128,6.7128,8.3909,8.3909,161.1062,0.01065828,36.9202,33.8198,130.8988,133.9991,0.00865985,0.00886496,0.00044410,16.9647,15.5700,0.1967,20.9774,0.5708,1889.4488,106.6250,,16.9647,5.2352,10.4704,20.9408,39.2639,52.6635,155.808,7.8528,0.0,5.029755,14.880828,1.620261,29,115,5,6,0E-8,0.01110238,,0E-8,0.000000,0.878645,0.000000,,2026-03-22,2026-04-02,8,294,164,12,0.666667,,,0.000000,,,,,,,,GLOBAL_BASELINE_NO_ENTITY_RANKING,,,NOT_APPLICABLE_GLOBAL_BASELINE,HF9g-P5,,,,X 全窗基线 · 不参与实体赏罚,6870451,688,A168_HF9F_20260827_0900,2026-08-27 09:00:00
2026-04-02,115293628,752,0,176.9494542314,-12.7738659268,-12.7738659268,0.2857143,8,8,0.50665070000000000,0.506650700000,-1.169189050789051,-1.169189050789051,-1.169189050789051,0E-17,ELIGIBLE,R03b_20260811_FULL_v1,L1_ELIGIBILITY,v2026-08-11,2026-03-21..2026-08-06,baccarat_bet02_101_all_pairs_incl_sentinel,round_win = game_pnl > 0 (decisive only),COMPATIBILITY_ONLY_NOT_PRODUCTION,15115.5905,13281.2450,167.8190,891,853,-0.01110238,,-0.01110238,-0.01110238,-167.8190,15115.5905,OK,0.0000,6.7128,4.0000,96.0000,AG03-UNRESOLVED,ALL5_LEVELS_bet23_to_bet27,6.7128,6.7128,6.7128,8.3909,8.3909,4.000000,4.000000,4.000000,5.000000,5.000000,96.000000,96.000000,96.000000,95.000000,95.000000,5.0,36.9202,33.8198,130.8988,133.9991,PENDING_AG03,FALSE,NOT_FOR_ENFORCEMENT,161.1062,12749.9952,167.8190,161.1062,6.7128,0.01110238,0.01065828,6.7128,161.1062,0.01065828,6.7128,6.7128,6.7128,8.3909,8.3909,161.1062,0.01065828,36.9202,33.8198,130.8988,133.9991,0.00865985,0.00886496,0.00044410,16.9647,15.5700,0.1967,20.9774,0.5708,1889.4488,106.6250,,16.9647,5.2352,10.4704,20.9408,39.2639,52.6635,155.808,7.8528,0.0,5.029755,14.880828,1.620261,29,115,5,6,0E-8,0.01110238,,0E-8,0.000000,0.878645,0.000000,,2026-03-22,2026-04-02,8,294,164,12,0.666667,,,0.000000,,,,,,,,GLOBAL_BASELINE_NO_ENTITY_RANKING,,,NOT_APPLICABLE_GLOBAL_BASELINE,HF9g-P5,,,,X 全窗基线 · 不参与实体赏罚,6870452,688,A168_HF9F_20260827_0900,2026-08-27 09:00:00
2026-04-02,115293628,925,0,170.1437059917,34.0287411983,34.0287411983,0.3333333,6,6,0.50665070000000000,0.506650700000,-0.8491533462951141,-0.8491533462951141,-0.8491533462951141,0E-17,ELIGIBLE,R03b_20260811_FULL_v1,L1_ELIGIBILITY,v2026-08-11,2026-03-21..2026-08-06,baccarat_bet02_101_all_pairs_incl_sentinel,round_win = game_pnl > 0 (decisive only),COMPATIBILITY_ONLY_NOT_PRODUCTION,15115.5905,13281.2450,167.8190,891,853,-0.01110238,,-0.01110238,-0.01110238,-167.8190,15115.5905,OK,0.0000,6.7128,4.0000,96.0000,AG03-UNRESOLVED,ALL5_LEVELS_bet23_to_bet27,6.7128,6.7128,6.7128,8.3909,8.3909,4.000000,4.000000,4.000000,5.000000,5.000000,96.000000,96.000000,96.000000,95.000000,95.000000,5.0,36.9202,33.8198,130.8988,133.9991,PENDING_AG03,FALSE,NOT_FOR_ENFORCEMENT,161.1062,12749.9952,167.8190,161.1062,6.7128,0.01110238,0.01065828,6.7128,161.1062,0.01065828,6.7128,6.7128,6.7128,8.3909,8.3909,161.1062,0.01065828,36.9202,33.8198,130.8988,133.9991,0.00865985,0.00886496,0.00044410,16.9647,15.5700,0.1967,20.9774,0.5708,1889.4488,106.6250,,16.9647,5.2352,10.4704,20.9408,39.2639,52.6635,155.808,7.8528,0.0,5.029755,14.880828,1.620261,29,115,5,6,0E-8,0.01110238,,0E-8,0.000000,0.878645,0.000000,,2026-03-22,2026-04-02,8,294,164,12,0.666667,,,0.000000,,,,,,,,GLOBAL_BASELINE_NO_ENTITY_RANKING,,,NOT_APPLICABLE_GLOBAL_BASELINE,HF9g-P5,,,,X 全窗基线 · 不参与实体赏罚,6870453,688,A168_HF9F_20260827_0900,2026-08-27 09:00:00
2026-04-02,115293628,948,0,7.8527864304,0E-10,0E-10,,3,3,0.50218230000000000,0.502182300000,,,,0E-17,NO_DECISIVE_ROUND,R03b_20260811_FULL_v1,L1_ELIGIBILITY,v2026-08-11,2026-03-21..2026-08-06,baccarat_bet02_101_all_pairs_incl_sentinel,round_win = game_pnl > 0 (decisive only),COMPATIBILITY_ONLY_NOT_PRODUCTION,15115.5905,13281.2450,167.8190,891,853,-0.01110238,,-0.01110238,-0.01110238,-167.8190,15115.5905,OK,0.0000,6.7128,4.0000,96.0000,AG03-UNRESOLVED,ALL5_LEVELS_bet23_to_bet27,6.7128,6.7128,6.7128,8.3909,8.3909,4.000000,4.000000,4.000000,5.000000,5.000000,96.000000,96.000000,96.000000,95.000000,95.000000,5.0,36.9202,33.8198,130.8988,133.9991,PENDING_AG03,FALSE,NOT_FOR_ENFORCEMENT,161.1062,12749.9952,167.8190,161.1062,6.7128,0.01110238,0.01065828,6.7128,161.1062,0.01065828,6.7128,6.7128,6.7128,8.3909,8.3909,161.1062,0.01065828,36.9202,33.8198,130.8988,133.9991,0.00865985,0.00886496,0.00044410,16.9647,15.5700,0.1967,20.9774,0.5708,1889.4488,106.6250,,16.9647,5.2352,10.4704,20.9408,39.2639,52.6635,155.808,7.8528,0.0,5.029755,14.880828,1.620261,29,115,5,6,0E-8,0.01110238,,0E-8,0.000000,0.878645,0.000000,,2026-03-22,2026-04-02,8,294,164,12,0.666667,,,0.000000,,,,,,,,GLOBAL_BASELINE_NO_ENTITY_RANKING,,,NOT_APPLICABLE_GLOBAL_BASELINE,HF9g-P5,,,,X 全窗基线 · 不参与实体赏罚,6870454,688,A168_HF9F_20260827_0900,2026-08-27 09:00:00
2026-04-02,115293628,970,0,77.2190665656,12.8916577232,12.8916577232,0.4000000,9,7,0.49634602244897959,0.497075557143,-0.4308840172095792,-0.4341425154057331,-0.4308840172095792,-0.00072953469402041,ELIGIBLE,R03b_20260811_FULL_v1,L1_ELIGIBILITY,v2026-08-11,2026-03-21..2026-08-06,baccarat_bet02_101_all_pairs_incl_sentinel,round_win = game_pnl > 0 (decisive only),COMPATIBILITY_ONLY_NOT_PRODUCTION,15115.5905,13281.2450,167.8190,891,853,-0.01110238,,-0.01110238,-0.01110238,-167.8190,15115.5905,OK,0.0000,6.7128,4.0000,96.0000,AG03-UNRESOLVED,ALL5_LEVELS_bet23_to_bet27,6.7128,6.7128,6.7128,8.3909,8.3909,4.000000,4.000000,4.000000,5.000000,5.000000,96.000000,96.000000,96.000000,95.000000,95.000000,5.0,36.9202,33.8198,130.8988,133.9991,PENDING_AG03,FALSE,NOT_FOR_ENFORCEMENT,161.1062,12749.9952,167.8190,161.1062,6.7128,0.01110238,0.01065828,6.7128,161.1062,0.01065828,6.7128,6.7128,6.7128,8.3909,8.3909,161.1062,0.01065828,36.9202,33.8198,130.8988,133.9991,0.00865985,0.00886496,0.00044410,16.9647,15.5700,0.1967,20.9774,0.5708,1889.4488,106.6250,,16.9647,5.2352,10.4704,20.9408,39.2639,52.6635,155.808,7.8528,0.0,5.029755,14.880828,1.620261,29,115,5,6,0E-8,0.01110238,,0E-8,0.000000,0.878645,0.000000,,2026-03-22,2026-04-02,8,294,164,12,0.666667,,,0.000000,,,,,,,,GLOBAL_BASELINE_NO_ENTITY_RANKING,,,NOT_APPLICABLE_GLOBAL_BASELINE,HF9g-P5,,,,X 全窗基线 · 不参与实体赏罚,6870455,688,A168_HF9F_20260827_0900,2026-08-27 09:00:00
2026-04-02,115293628,987,0,13.0879773840,-2.6175954768,-2.6175954768,0.5000000,2,2,0.49994810000000000,0.499948100000,0.00014679536856514622,0.00014679536856514622,0.00014679536856514622,0E-17,ELIGIBLE,R03b_20260811_FULL_v1,L1_ELIGIBILITY,v2026-08-11,2026-03-21..2026-08-06,baccarat_bet02_101_all_pairs_incl_sentinel,round_win = game_pnl > 0 (decisive only),COMPATIBILITY_ONLY_NOT_PRODUCTION,15115.5905,13281.2450,167.8190,891,853,-0.01110238,,-0.01110238,-0.01110238,-167.8190,15115.5905,OK,0.0000,6.7128,4.0000,96.0000,AG03-UNRESOLVED,ALL5_LEVELS_bet23_to_bet27,6.7128,6.7128,6.7128,8.3909,8.3909,4.000000,4.000000,4.000000,5.000000,5.000000,96.000000,96.000000,96.000000,95.000000,95.000000,5.0,36.9202,33.8198,130.8988,133.9991,PENDING_AG03,FALSE,NOT_FOR_ENFORCEMENT,161.1062,12749.9952,167.8190,161.1062,6.7128,0.01110238,0.01065828,6.7128,161.1062,0.01065828,6.7128,6.7128,6.7128,8.3909,8.3909,161.1062,0.01065828,36.9202,33.8198,130.8988,133.9991,0.00865985,0.00886496,0.00044410,16.9647,15.5700,0.1967,20.9774,0.5708,1889.4488,106.6250,,16.9647,5.2352,10.4704,20.9408,39.2639,52.6635,155.808,7.8528,0.0,5.029755,14.880828,1.620261,29,115,5,6,0E-8,0.01110238,,0E-8,0.000000,0.878645,0.000000,,2026-03-22,2026-04-02,8,294,164,12,0.666667,,,0.000000,,,,,,,,GLOBAL_BASELINE_NO_ENTITY_RANKING,,,NOT_APPLICABLE_GLOBAL_BASELINE,HF9g-P5,,,,X 全窗基线 · 不参与实体赏罚,6870456,688,A168_HF9F_20260827_0900,2026-08-27 09:00:00
2026-03-25,146450109,1318,0,39.1759838015,-18.0473633243,-18.0473633243,0.3333333,3,3,0.49324550000000000,0.493245500000,-0.5540025479526107,-0.5540025479526106,-0.5540025479526107,0E-17,ELIGIBLE,R03b_20260811_FULL_v1,L1_ELIGIBILITY,v2026-08-11,2026-03-21..2026-08-06,baccarat_bet02_101_all_pairs_incl_sentinel,round_win = game_pnl > 0 (decisive only),COMPATIBILITY_ONLY_NOT_PRODUCTION,13085.0393,11650.7125,167.8201,577,577,-0.01282534,-0.37042689,-0.01070522,-0.01282534,-167.8201,13085.0393,OK,0.0000,6.7128,4.0000,96.0000,AG03-UNRESOLVED,ALL5_LEVELS_bet23_to_bet27,6.7128,6.7128,6.7128,10.0692,10.0692,4.000000,4.000000,4.000000,6.000000,6.000000,96.000000,96.000000,96.000000,94.000000,94.000000,5.0,40.2768,36.6263,127.5433,131.1939,PENDING_AG03,FALSE,NOT_FOR_ENFORCEMENT,161.1073,11184.6840,167.8201,161.1073,6.7128,0.01282534,0.01231233,6.7128,161.1073,0.01231233,6.7128,6.7128,6.7128,10.0692,10.0692,161.1073,0.01231233,40.2768,36.6263,127.5433,131.1939,0.00974726,0.01002625,0.00051301,22.6777,20.1919,0.2908,9.3233,1.4593,726.9466,32.0556,4.8200,23.1870,10.3857,20.7715,21.0062,42.0124,73.8047,105.031,10.5031,0.0,3.553178,5.056507,1.091773,21,84,13,2,0.00589380,0.01282534,0.37042689,0E-8,0.000000,0.890384,0.000000,-0.35972167,2026-03-25,2026-07-31,18,115,89,129,0.139535,0.207877,0.212545,0.019646,,,,,,,,GLOBAL_BASELINE_NO_ENTITY_RANKING,,,NOT_APPLICABLE_GLOBAL_BASELINE,HF9g-P5,,,,X 全窗基线 · 不参与实体赏罚,6870457,688,A168_HF9F_20260827_0900,2026-08-27 09:00:00
2026-03-25,146450109,1325,0,4.4017959327,-4.4017959327,-4.4017959327,0E-7,1,1,0.50665070000000000,0.506650700000,-1.013391052207602,-1.013391052207602,-1.013391052207602,0E-17,ELIGIBLE,R03b_20260811_FULL_v1,L1_ELIGIBILITY,v2026-08-11,2026-03-21..2026-08-06,baccarat_bet02_101_all_pairs_incl_sentinel,round_win = game_pnl > 0 (decisive only),COMPATIBILITY_ONLY_NOT_PRODUCTION,13085.0393,11650.7125,167.8201,577,577,-0.01282534,-0.37042689,-0.01070522,-0.01282534,-167.8201,13085.0393,OK,0.0000,6.7128,4.0000,96.0000,AG03-UNRESOLVED,ALL5_LEVELS_bet23_to_bet27,6.7128,6.7128,6.7128,10.0692,10.0692,4.000000,4.000000,4.000000,6.000000,6.000000,96.000000,96.000000,96.000000,94.000000,94.000000,5.0,40.2768,36.6263,127.5433,131.1939,PENDING_AG03,FALSE,NOT_FOR_ENFORCEMENT,161.1073,11184.6840,167.8201,161.1073,6.7128,0.01282534,0.01231233,6.7128,161.1073,0.01231233,6.7128,6.7128,6.7128,10.0692,10.0692,161.1073,0.01231233,40.2768,36.6263,127.5433,131.1939,0.00974726,0.01002625,0.00051301,22.6777,20.1919,0.2908,9.3233,1.4593,726.9466,32.0556,4.8200,23.1870,10.3857,20.7715,21.0062,42.0124,73.8047,105.031,10.5031,0.0,3.553178,5.056507,1.091773,21,84,13,2,0.00589380,0.01282534,0.37042689,0E-8,0.000000,0.890384,0.000000,-0.35972167,2026-03-25,2026-07-31,18,115,89,129,0.139535,0.207877,0.212545,0.019646,,,,,,,,GLOBAL_BASELINE_NO_ENTITY_RANKING,,,NOT_APPLICABLE_GLOBAL_BASELINE,HF9g-P5,,,,X 全窗基线 · 不参与实体赏罚,6870458,688,A168_HF9F_20260827_0900,2026-08-27 09:00:00
2026-03-25,146450109,1396,0,4.4017959327,-4.4017959327,-4.4017959327,0E-7,1,1,0.49324550000000000,0.493245500000,-0.9865810262130424,-0.9865810262130424,-0.9865810262130424,0E-17,ELIGIBLE,R03b_20260811_FULL_v1,L1_ELIGIBILITY,v2026-08-11,2026-03-21..2026-08-06,baccarat_bet02_101_all_pairs_incl_sentinel,round_win = game_pnl > 0 (decisive only),COMPATIBILITY_ONLY_NOT_PRODUCTION,13085.0393,11650.7125,167.8201,577,577,-0.01282534,-0.37042689,-0.01070522,-0.01282534,-167.8201,13085.0393,OK,0.0000,6.7128,4.0000,96.0000,AG03-UNRESOLVED,ALL5_LEVELS_bet23_to_bet27,6.7128,6.7128,6.7128,10.0692,10.0692,4.000000,4.000000,4.000000,6.000000,6.000000,96.000000,96.000000,96.000000,94.000000,94.000000,5.0,40.2768,36.6263,127.5433,131.1939,PENDING_AG03,FALSE,NOT_FOR_ENFORCEMENT,161.1073,11184.6840,167.8201,161.1073,6.7128,0.01282534,0.01231233,6.7128,161.1073,0.01231233,6.7128,6.7128,6.7128,10.0692,10.0692,161.1073,0.01231233,40.2768,36.6263,127.5433,131.1939,0.00974726,0.01002625,0.00051301,22.6777,20.1919,0.2908,9.3233,1.4593,726.9466,32.0556,4.8200,23.1870,10.3857,20.7715,21.0062,42.0124,73.8047,105.031,10.5031,0.0,3.553178,5.056507,1.091773,21,84,13,2,0.00589380,0.01282534,0.37042689,0E-8,0.000000,0.890384,0.000000,-0.35972167,2026-03-25,2026-07-31,18,115,89,129,0.139535,0.207877,0.212545,0.019646,,,,,,,,GLOBAL_BASELINE_NO_ENTITY_RANKING,,,NOT_APPLICABLE_GLOBAL_BASELINE,HF9g-P5,,,,X 全窗基线 · 不参与实体赏罚,6870459,688,A168_HF9F_20260827_0900,2026-08-27 09:00:00
2026-05-01,146450109,1325,0,31.5092952421,-10.5030984140,-10.5030984140,0E-7,2,2,0.49994810000000000,0.499948100000,-0.9998962053866608,-0.9998962053866608,-0.9998962053866608,0E-17,ELIGIBLE,R03b_20260811_FULL_v1,L1_ELIGIBILITY,v2026-08-11,2026-03-21..2026-08-06,baccarat_bet02_101_all_pairs_incl_sentinel,round_win = game_pnl > 0 (decisive only),COMPATIBILITY_ONLY_NOT_PRODUCTION,13085.0393,11650.7125,167.8201,577,577,-0.01282534,-0.37042689,-0.01070522,-0.01282534,-167.8201,13085.0393,OK,0.0000,6.7128,4.0000,96.0000,AG03-UNRESOLVED,ALL5_LEVELS_bet23_to_bet27,6.7128,6.7128,6.7128,10.0692,10.0692,4.000000,4.000000,4.000000,6.000000,6.000000,96.000000,96.000000,96.000000,94.000000,94.000000,5.0,40.2768,36.6263,127.5433,131.1939,PENDING_AG03,FALSE,NOT_FOR_ENFORCEMENT,161.1073,11184.6840,167.8201,161.1073,6.7128,0.01282534,0.01231233,6.7128,161.1073,0.01231233,6.7128,6.7128,6.7128,10.0692,10.0692,161.1073,0.01231233,40.2768,36.6263,127.5433,131.1939,0.00974726,0.01002625,0.00051301,22.6777,20.1919,0.2908,9.3233,1.4593,726.9466,32.0556,4.8200,23.1870,10.3857,20.7715,21.0062,42.0124,73.8047,105.031,10.5031,0.0,3.553178,5.056507,1.091773,21,84,13,2,0.00589380,0.01282534,0.37042689,0E-8,0.000000,0.890384,0.000000,-0.35972167,2026-03-25,2026-07-31,18,115,89,129,0.139535,0.207877,0.212545,0.019646,,,,,,,,GLOBAL_BASELINE_NO_ENTITY_RANKING,,,NOT_APPLICABLE_GLOBAL_BASELINE,HF9g-P5,,,,X 全窗基线 · 不参与实体赏罚,6870460,688,A168_HF9F_20260827_0900,2026-08-27 09:00:00
2026-05-25,146450109,2141,0,6.3018590484,-2.2056506669,-2.2056506669,0.3333333,3,3,0.50665070000000000,0.506650700000,-0.6004420894325239,-0.6004420894325239,-0.6004420894325239,0E-17,ELIGIBLE,R03b_20260811_FULL_v1,L1_ELIGIBILITY,v2026-08-11,2026-03-21..2026-08-06,baccarat_bet02_101_all_pairs_incl_sentinel,round_win = game_pnl > 0 (decisive only),COMPATIBILITY_ONLY_NOT_PRODUCTION,13085.0393,11650.7125,167.8201,577,577,-0.01282534,-0.37042689,-0.01070522,-0.01282534,-167.8201,13085.0393,OK,0.0000,6.7128,4.0000,96.0000,AG03-UNRESOLVED,ALL5_LEVELS_bet23_to_bet27,6.7128,6.7128,6.7128,10.0692,10.0692,4.000000,4.000000,4.000000,6.000000,6.000000,96.000000,96.000000,96.000000,94.000000,94.000000,5.0,40.2768,36.6263,127.5433,131.1939,PENDING_AG03,FALSE,NOT_FOR_ENFORCEMENT,161.1073,11184.6840,167.8201,161.1073,6.7128,0.01282534,0.01231233,6.7128,161.1073,0.01231233,6.7128,6.7128,6.7128,10.0692,10.0692,161.1073,0.01231233,40.2768,36.6263,127.5433,131.1939,0.00974726,0.01002625,0.00051301,22.6777,20.1919,0.2908,9.3233,1.4593,726.9466,32.0556,4.8200,23.1870,10.3857,20.7715,21.0062,42.0124,73.8047,105.031,10.5031,0.0,3.553178,5.056507,1.091773,21,84,13,2,0.00589380,0.01282534,0.37042689,0E-8,0.000000,0.890384,0.000000,-0.35972167,2026-03-25,2026-07-31,18,115,89,129,0.139535,0.207877,0.212545,0.019646,,,,,,,,GLOBAL_BASELINE_NO_ENTITY_RANKING,,,NOT_APPLICABLE_GLOBAL_BASELINE,HF9g-P5,,,,X 全窗基线 · 不参与实体赏罚,6870461,688,A168_HF9F_20260827_0900,2026-08-27 09:00:00
2026-05-25,146450109,2177,0,77.7229282636,59.7626299756,59.7626299756,0.8461538,13,13,0.49943251538461538,0.499432515385,2.5002446831232,2.500244683120425,2.5002446831232,-3.8462E-13,ELIGIBLE,R03b_20260811_FULL_v1,L1_ELIGIBILITY,v2026-08-11,2026-03-21..2026-08-06,baccarat_bet02_101_all_pairs_incl_sentinel,round_win = game_pnl > 0 (decisive only),COMPATIBILITY_ONLY_NOT_PRODUCTION,13085.0393,11650.7125,167.8201,577,577,-0.01282534,-0.37042689,-0.01070522,-0.01282534,-167.8201,13085.0393,OK,0.0000,6.7128,4.0000,96.0000,AG03-UNRESOLVED,ALL5_LEVELS_bet23_to_bet27,6.7128,6.7128,6.7128,10.0692,10.0692,4.000000,4.000000,4.000000,6.000000,6.000000,96.000000,96.000000,96.000000,94.000000,94.000000,5.0,40.2768,36.6263,127.5433,131.1939,PENDING_AG03,FALSE,NOT_FOR_ENFORCEMENT,161.1073,11184.6840,167.8201,161.1073,6.7128,0.01282534,0.01231233,6.7128,161.1073,0.01231233,6.7128,6.7128,6.7128,10.0692,10.0692,161.1073,0.01231233,40.2768,36.6263,127.5433,131.1939,0.00974726,0.01002625,0.00051301,22.6777,20.1919,0.2908,9.3233,1.4593,726.9466,32.0556,4.8200,23.1870,10.3857,20.7715,21.0062,42.0124,73.8047,105.031,10.5031,0.0,3.553178,5.056507,1.091773,21,84,13,2,0.00589380,0.01282534,0.37042689,0E-8,0.000000,0.890384,0.000000,-0.35972167,2026-03-25,2026-07-31,18,115,89,129,0.139535,0.207877,0.212545,0.019646,,,,,,,,GLOBAL_BASELINE_NO_ENTITY_RANKING,,,NOT_APPLICABLE_GLOBAL_BASELINE,HF9g-P5,,,,X 全窗基线 · 不参与实体赏罚,6870462,688,A168_HF9F_20260827_0900,2026-08-27 09:00:00
2026-05-25,146450109,2223,0,268.8793193994,193.2570108184,193.2570108184,0.8125000,19,19,0.49395103684210526,0.493951036842,2.5485782168138464,2.548578216814696,2.5485782168138464,1.0526E-13,ELIGIBLE,R03b_20260811_FULL_v1,L1_ELIGIBILITY,v2026-08-11,2026-03-21..2026-08-06,baccarat_bet02_101_all_pairs_incl_sentinel,round_win = game_pnl > 0 (decisive only),COMPATIBILITY_ONLY_NOT_PRODUCTION,13085.0393,11650.7125,167.8201,577,577,-0.01282534,-0.37042689,-0.01070522,-0.01282534,-167.8201,13085.0393,OK,0.0000,6.7128,4.0000,96.0000,AG03-UNRESOLVED,ALL5_LEVELS_bet23_to_bet27,6.7128,6.7128,6.7128,10.0692,10.0692,4.000000,4.000000,4.000000,6.000000,6.000000,96.000000,96.000000,96.000000,94.000000,94.000000,5.0,40.2768,36.6263,127.5433,131.1939,PENDING_AG03,FALSE,NOT_FOR_ENFORCEMENT,161.1073,11184.6840,167.8201,161.1073,6.7128,0.01282534,0.01231233,6.7128,161.1073,0.01231233,6.7128,6.7128,6.7128,10.0692,10.0692,161.1073,0.01231233,40.2768,36.6263,127.5433,131.1939,0.00974726,0.01002625,0.00051301,22.6777,20.1919,0.2908,9.3233,1.4593,726.9466,32.0556,4.8200,23.1870,10.3857,20.7715,21.0062,42.0124,73.8047,105.031,10.5031,0.0,3.553178,5.056507,1.091773,21,84,13,2,0.00589380,0.01282534,0.37042689,0E-8,0.000000,0.890384,0.000000,-0.35972167,2026-03-25,2026-07-31,18,115,89,129,0.139535,0.207877,0.212545,0.019646,,,,,,,,GLOBAL_BASELINE_NO_ENTITY_RANKING,,,NOT_APPLICABLE_GLOBAL_BASELINE,HF9g-P5,,,,X 全窗基线 · 不参与实体赏罚,6870463,688,A168_HF9F_20260827_0900,2026-08-27 09:00:00
2026-05-29,146450109,1210,0,100.8297447744,-4.3062703496,-4.3062703496,0.4000000,11,11,0.50421339090909091,0.504213390909,-0.6591267588502832,-0.659126758849707,-0.6591267588502832,9.091E-14,ELIGIBLE,R03b_20260811_FULL_v1,L1_ELIGIBILITY,v2026-08-11,2026-03-21..2026-08-06,baccarat_bet02_101_all_pairs_incl_sentinel,round_win = game_pnl > 0 (decisive only),COMPATIBILITY_ONLY_NOT_PRODUCTION,13085.0393,11650.7125,167.8201,577,577,-0.01282534,-0.37042689,-0.01070522,-0.01282534,-167.8201,13085.0393,OK,0.0000,6.7128,4.0000,96.0000,AG03-UNRESOLVED,ALL5_LEVELS_bet23_to_bet27,6.7128,6.7128,6.7128,10.0692,10.0692,4.000000,4.000000,4.000000,6.000000,6.000000,96.000000,96.000000,96.000000,94.000000,94.000000,5.0,40.2768,36.6263,127.5433,131.1939,PENDING_AG03,FALSE,NOT_FOR_ENFORCEMENT,161.1073,11184.6840,167.8201,161.1073,6.7128,0.01282534,0.01231233,6.7128,161.1073,0.01231233,6.7128,6.7128,6.7128,10.0692,10.0692,161.1073,0.01231233,40.2768,36.6263,127.5433,131.1939,0.00974726,0.01002625,0.00051301,22.6777,20.1919,0.2908,9.3233,1.4593,726.9466,32.0556,4.8200,23.1870,10.3857,20.7715,21.0062,42.0124,73.8047,105.031,10.5031,0.0,3.553178,5.056507,1.091773,21,84,13,2,0.00589380,0.01282534,0.37042689,0E-8,0.000000,0.890384,0.000000,-0.35972167,2026-03-25,2026-07-31,18,115,89,129,0.139535,0.207877,0.212545,0.019646,,,,,,,,GLOBAL_BASELINE_NO_ENTITY_RANKING,,,NOT_APPLICABLE_GLOBAL_BASELINE,HF9g-P5,,,,X 全窗基线 · 不参与实体赏罚,6870464,688,A168_HF9F_20260827_0900,2026-08-27 09:00:00
2026-05-29,146450109,1304,0,8.4024787312,-8.4024787312,-8.4024787312,0E-7,1,1,0.49324550000000000,0.493245500000,-0.9865810262130424,-0.9865810262130424,-0.9865810262130424,0E-17,ELIGIBLE,R03b_20260811_FULL_v1,L1_ELIGIBILITY,v2026-08-11,2026-03-21..2026-08-06,baccarat_bet02_101_all_pairs_incl_sentinel,round_win = game_pnl > 0 (decisive only),COMPATIBILITY_ONLY_NOT_PRODUCTION,13085.0393,11650.7125,167.8201,577,577,-0.01282534,-0.37042689,-0.01070522,-0.01282534,-167.8201,13085.0393,OK,0.0000,6.7128,4.0000,96.0000,AG03-UNRESOLVED,ALL5_LEVELS_bet23_to_bet27,6.7128,6.7128,6.7128,10.0692,10.0692,4.000000,4.000000,4.000000,6.000000,6.000000,96.000000,96.000000,96.000000,94.000000,94.000000,5.0,40.2768,36.6263,127.5433,131.1939,PENDING_AG03,FALSE,NOT_FOR_ENFORCEMENT,161.1073,11184.6840,167.8201,161.1073,6.7128,0.01282534,0.01231233,6.7128,161.1073,0.01231233,6.7128,6.7128,6.7128,10.0692,10.0692,161.1073,0.01231233,40.2768,36.6263,127.5433,131.1939,0.00974726,0.01002625,0.00051301,22.6777,20.1919,0.2908,9.3233,1.4593,726.9466,32.0556,4.8200,23.1870,10.3857,20.7715,21.0062,42.0124,73.8047,105.031,10.5031,0.0,3.553178,5.056507,1.091773,21,84,13,2,0.00589380,0.01282534,0.37042689,0E-8,0.000000,0.890384,0.000000,-0.35972167,2026-03-25,2026-07-31,18,115,89,129,0.139535,0.207877,0.212545,0.019646,,,,,,,,GLOBAL_BASELINE_NO_ENTITY_RANKING,,,NOT_APPLICABLE_GLOBAL_BASELINE,HF9g-P5,,,,X 全窗基线 · 不参与实体赏罚,6870465,688,A168_HF9F_20260827_0900,2026-08-27 09:00:00
2026-05-29,146450109,1401,0,8.4024787312,-8.4024787312,-8.4024787312,0E-7,1,1,0.50665070000000000,0.506650700000,-1.013391052207602,-1.013391052207602,-1.013391052207602,0E-17,ELIGIBLE,R03b_20260811_FULL_v1,L1_ELIGIBILITY,v2026-08-11,2026-03-21..2026-08-06,baccarat_bet02_101_all_pairs_incl_sentinel,round_win = game_pnl > 0 (decisive only),COMPATIBILITY_ONLY_NOT_PRODUCTION,13085.0393,11650.7125,167.8201,577,577,-0.01282534,-0.37042689,-0.01070522,-0.01282534,-167.8201,13085.0393,OK,0.0000,6.7128,4.0000,96.0000,AG03-UNRESOLVED,ALL5_LEVELS_bet23_to_bet27,6.7128,6.7128,6.7128,10.0692,10.0692,4.000000,4.000000,4.000000,6.000000,6.000000,96.000000,96.000000,96.000000,94.000000,94.000000,5.0,40.2768,36.6263,127.5433,131.1939,PENDING_AG03,FALSE,NOT_FOR_ENFORCEMENT,161.1073,11184.6840,167.8201,161.1073,6.7128,0.01282534,0.01231233,6.7128,161.1073,0.01231233,6.7128,6.7128,6.7128,10.0692,10.0692,161.1073,0.01231233,40.2768,36.6263,127.5433,131.1939,0.00974726,0.01002625,0.00051301,22.6777,20.1919,0.2908,9.3233,1.4593,726.9466,32.0556,4.8200,23.1870,10.3857,20.7715,21.0062,42.0124,73.8047,105.031,10.5031,0.0,3.553178,5.056507,1.091773,21,84,13,2,0.00589380,0.01282534,0.37042689,0E-8,0.000000,0.890384,0.000000,-0.35972167,2026-03-25,2026-07-31,18,115,89,129,0.139535,0.207877,0.212545,0.019646,,,,,,,,GLOBAL_BASELINE_NO_ENTITY_RANKING,,,NOT_APPLICABLE_GLOBAL_BASELINE,HF9g-P5,,,,X 全窗基线 · 不参与实体赏罚,6870466,688,A168_HF9F_20260827_0900,2026-08-27 09:00:00
2026-05-29,146450109,1935,0,84.0247873123,18.9055771452,18.9055771452,0.5000000,3,3,0.49771390000000000,0.497713900000,0.006466134837551399,0.0064661348375514,0.006466134837551399,0E-17,ELIGIBLE,R03b_20260811_FULL_v1,L1_ELIGIBILITY,v2026-08-11,2026-03-21..2026-08-06,baccarat_bet02_101_all_pairs_incl_sentinel,round_win = game_pnl > 0 (decisive only),COMPATIBILITY_ONLY_NOT_PRODUCTION,13085.0393,11650.7125,167.8201,577,577,-0.01282534,-0.37042689,-0.01070522,-0.01282534,-167.8201,13085.0393,OK,0.0000,6.7128,4.0000,96.0000,AG03-UNRESOLVED,ALL5_LEVELS_bet23_to_bet27,6.7128,6.7128,6.7128,10.0692,10.0692,4.000000,4.000000,4.000000,6.000000,6.000000,96.000000,96.000000,96.000000,94.000000,94.000000,5.0,40.2768,36.6263,127.5433,131.1939,PENDING_AG03,FALSE,NOT_FOR_ENFORCEMENT,161.1073,11184.6840,167.8201,161.1073,6.7128,0.01282534,0.01231233,6.7128,161.1073,0.01231233,6.7128,6.7128,6.7128,10.0692,10.0692,161.1073,0.01231233,40.2768,36.6263,127.5433,131.1939,0.00974726,0.01002625,0.00051301,22.6777,20.1919,0.2908,9.3233,1.4593,726.9466,32.0556,4.8200,23.1870,10.3857,20.7715,21.0062,42.0124,73.8047,105.031,10.5031,0.0,3.553178,5.056507,1.091773,21,84,13,2,0.00589380,0.01282534,0.37042689,0E-8,0.000000,0.890384,0.000000,-0.35972167,2026-03-25,2026-07-31,18,115,89,129,0.139535,0.207877,0.212545,0.019646,,,,,,,,GLOBAL_BASELINE_NO_ENTITY_RANKING,,,NOT_APPLICABLE_GLOBAL_BASELINE,HF9g-P5,,,,X 全窗基线 · 不参与实体赏罚,6870467,688,A168_HF9F_20260827_0900,2026-08-27 09:00:00
2026-05-29,146450109,1963,0,12.6037180968,-12.6037180968,-12.6037180968,0E-7,1,1,0.49324550000000000,0.493245500000,-0.9865810262130424,-0.9865810262130424,-0.9865810262130424,0E-17,ELIGIBLE,R03b_20260811_FULL_v1,L1_ELIGIBILITY,v2026-08-11,2026-03-21..2026-08-06,baccarat_bet02_101_all_pairs_incl_sentinel,round_win = game_pnl > 0 (decisive only),COMPATIBILITY_ONLY_NOT_PRODUCTION,13085.0393,11650.7125,167.8201,577,577,-0.01282534,-0.37042689,-0.01070522,-0.01282534,-167.8201,13085.0393,OK,0.0000,6.7128,4.0000,96.0000,AG03-UNRESOLVED,ALL5_LEVELS_bet23_to_bet27,6.7128,6.7128,6.7128,10.0692,10.0692,4.000000,4.000000,4.000000,6.000000,6.000000,96.000000,96.000000,96.000000,94.000000,94.000000,5.0,40.2768,36.6263,127.5433,131.1939,PENDING_AG03,FALSE,NOT_FOR_ENFORCEMENT,161.1073,11184.6840,167.8201,161.1073,6.7128,0.01282534,0.01231233,6.7128,161.1073,0.01231233,6.7128,6.7128,6.7128,10.0692,10.0692,161.1073,0.01231233,40.2768,36.6263,127.5433,131.1939,0.00974726,0.01002625,0.00051301,22.6777,20.1919,0.2908,9.3233,1.4593,726.9466,32.0556,4.8200,23.1870,10.3857,20.7715,21.0062,42.0124,73.8047,105.031,10.5031,0.0,3.553178,5.056507,1.091773,21,84,13,2,0.00589380,0.01282534,0.37042689,0E-8,0.000000,0.890384,0.000000,-0.35972167,2026-03-25,2026-07-31,18,115,89,129,0.139535,0.207877,0.212545,0.019646,,,,,,,,GLOBAL_BASELINE_NO_ENTITY_RANKING,,,NOT_APPLICABLE_GLOBAL_BASELINE,HF9g-P5,,,,X 全窗基线 · 不参与实体赏罚,6870468,688,A168_HF9F_20260827_0900,2026-08-27 09:00:00
2026-05-29,146450109,2123,0,10.5030984140,10.5030984140,10.5030984140,1.0000000,1,1,0.49324550000000000,0.493245500000,1.01360149184955,1.01360149184955,1.01360149184955,0E-17,ELIGIBLE,R03b_20260811_FULL_v1,L1_ELIGIBILITY,v2026-08-11,2026-03-21..2026-08-06,baccarat_bet02_101_all_pairs_incl_sentinel,round_win = game_pnl > 0 (decisive only),COMPATIBILITY_ONLY_NOT_PRODUCTION,13085.0393,11650.7125,167.8201,577,577,-0.01282534,-0.37042689,-0.01070522,-0.01282534,-167.8201,13085.0393,OK,0.0000,6.7128,4.0000,96.0000,AG03-UNRESOLVED,ALL5_LEVELS_bet23_to_bet27,6.7128,6.7128,6.7128,10.0692,10.0692,4.000000,4.000000,4.000000,6.000000,6.000000,96.000000,96.000000,96.000000,94.000000,94.000000,5.0,40.2768,36.6263,127.5433,131.1939,PENDING_AG03,FALSE,NOT_FOR_ENFORCEMENT,161.1073,11184.6840,167.8201,161.1073,6.7128,0.01282534,0.01231233,6.7128,161.1073,0.01231233,6.7128,6.7128,6.7128,10.0692,10.0692,161.1073,0.01231233,40.2768,36.6263,127.5433,131.1939,0.00974726,0.01002625,0.00051301,22.6777,20.1919,0.2908,9.3233,1.4593,726.9466,32.0556,4.8200,23.1870,10.3857,20.7715,21.0062,42.0124,73.8047,105.031,10.5031,0.0,3.553178,5.056507,1.091773,21,84,13,2,0.00589380,0.01282534,0.37042689,0E-8,0.000000,0.890384,0.000000,-0.35972167,2026-03-25,2026-07-31,18,115,89,129,0.139535,0.207877,0.212545,0.019646,,,,,,,,GLOBAL_BASELINE_NO_ENTITY_RANKING,,,NOT_APPLICABLE_GLOBAL_BASELINE,HF9g-P5,,,,X 全窗基线 · 不参与实体赏罚,6870469,688,A168_HF9F_20260827_0900,2026-08-27 09:00:00
2026-05-29,146450109,2205,0,430.4169730073,27.2135279911,27.2135279911,0.5882353,21,21,0.50409732857142857,0.504097328571,0.6938427351388128,0.6938427351423422,0.6938427351388128,4.2857E-13,ELIGIBLE,R03b_20260811_FULL_v1,L1_ELIGIBILITY,v2026-08-11,2026-03-21..2026-08-06,baccarat_bet02_101_all_pairs_incl_sentinel,round_win = game_pnl > 0 (decisive only),COMPATIBILITY_ONLY_NOT_PRODUCTION,13085.0393,11650.7125,167.8201,577,577,-0.01282534,-0.37042689,-0.01070522,-0.01282534,-167.8201,13085.0393,OK,0.0000,6.7128,4.0000,96.0000,AG03-UNRESOLVED,ALL5_LEVELS_bet23_to_bet27,6.7128,6.7128,6.7128,10.0692,10.0692,4.000000,4.000000,4.000000,6.000000,6.000000,96.000000,96.000000,96.000000,94.000000,94.000000,5.0,40.2768,36.6263,127.5433,131.1939,PENDING_AG03,FALSE,NOT_FOR_ENFORCEMENT,161.1073,11184.6840,167.8201,161.1073,6.7128,0.01282534,0.01231233,6.7128,161.1073,0.01231233,6.7128,6.7128,6.7128,10.0692,10.0692,161.1073,0.01231233,40.2768,36.6263,127.5433,131.1939,0.00974726,0.01002625,0.00051301,22.6777,20.1919,0.2908,9.3233,1.4593,726.9466,32.0556,4.8200,23.1870,10.3857,20.7715,21.0062,42.0124,73.8047,105.031,10.5031,0.0,3.553178,5.056507,1.091773,21,84,13,2,0.00589380,0.01282534,0.37042689,0E-8,0.000000,0.890384,0.000000,-0.35972167,2026-03-25,2026-07-31,18,115,89,129,0.139535,0.207877,0.212545,0.019646,,,,,,,,GLOBAL_BASELINE_NO_ENTITY_RANKING,,,NOT_APPLICABLE_GLOBAL_BASELINE,HF9g-P5,,,,X 全窗基线 · 不参与实体赏罚,6870470,688,A168_HF9F_20260827_0900,2026-08-27 09:00:00
2026-05-29,146450109,2216,0,84.0247873122,-63.0185904842,-63.0185904842,0.2500000,5,5,0.49592654000000000,0.495926540000,-0.983738807048034,-0.983738807048034,-0.983738807048034,0E-17,ELIGIBLE,R03b_20260811_FULL_v1,L1_ELIGIBILITY,v2026-08-11,2026-03-21..2026-08-06,baccarat_bet02_101_all_pairs_incl_sentinel,round_win = game_pnl > 0 (decisive only),COMPATIBILITY_ONLY_NOT_PRODUCTION,13085.0393,11650.7125,167.8201,577,577,-0.01282534,-0.37042689,-0.01070522,-0.01282534,-167.8201,13085.0393,OK,0.0000,6.7128,4.0000,96.0000,AG03-UNRESOLVED,ALL5_LEVELS_bet23_to_bet27,6.7128,6.7128,6.7128,10.0692,10.0692,4.000000,4.000000,4.000000,6.000000,6.000000,96.000000,96.000000,96.000000,94.000000,94.000000,5.0,40.2768,36.6263,127.5433,131.1939,PENDING_AG03,FALSE,NOT_FOR_ENFORCEMENT,161.1073,11184.6840,167.8201,161.1073,6.7128,0.01282534,0.01231233,6.7128,161.1073,0.01231233,6.7128,6.7128,6.7128,10.0692,10.0692,161.1073,0.01231233,40.2768,36.6263,127.5433,131.1939,0.00974726,0.01002625,0.00051301,22.6777,20.1919,0.2908,9.3233,1.4593,726.9466,32.0556,4.8200,23.1870,10.3857,20.7715,21.0062,42.0124,73.8047,105.031,10.5031,0.0,3.553178,5.056507,1.091773,21,84,13,2,0.00589380,0.01282534,0.37042689,0E-8,0.000000,0.890384,0.000000,-0.35972167,2026-03-25,2026-07-31,18,115,89,129,0.139535,0.207877,0.212545,0.019646,,,,,,,,GLOBAL_BASELINE_NO_ENTITY_RANKING,,,NOT_APPLICABLE_GLOBAL_BASELINE,HF9g-P5,,,,X 全窗基线 · 不参与实体赏罚,6870471,688,A168_HF9F_20260827_0900,2026-08-27 09:00:00
2026-05-29,146450109,2254,0,46.6337569583,-46.6337569583,-46.6337569583,0E-7,2,2,0.49994810000000000,0.499948100000,-1.4140667746232096,-1.4140667746232096,-1.4140667746232096,0E-17,ELIGIBLE,R03b_20260811_FULL_v1,L1_ELIGIBILITY,v2026-08-11,2026-03-21..2026-08-06,baccarat_bet02_101_all_pairs_incl_sentinel,round_win = game_pnl > 0 (decisive only),COMPATIBILITY_ONLY_NOT_PRODUCTION,13085.0393,11650.7125,167.8201,577,577,-0.01282534,-0.37042689,-0.01070522,-0.01282534,-167.8201,13085.0393,OK,0.0000,6.7128,4.0000,96.0000,AG03-UNRESOLVED,ALL5_LEVELS_bet23_to_bet27,6.7128,6.7128,6.7128,10.0692,10.0692,4.000000,4.000000,4.000000,6.000000,6.000000,96.000000,96.000000,96.000000,94.000000,94.000000,5.0,40.2768,36.6263,127.5433,131.1939,PENDING_AG03,FALSE,NOT_FOR_ENFORCEMENT,161.1073,11184.6840,167.8201,161.1073,6.7128,0.01282534,0.01231233,6.7128,161.1073,0.01231233,6.7128,6.7128,6.7128,10.0692,10.0692,161.1073,0.01231233,40.2768,36.6263,127.5433,131.1939,0.00974726,0.01002625,0.00051301,22.6777,20.1919,0.2908,9.3233,1.4593,726.9466,32.0556,4.8200,23.1870,10.3857,20.7715,21.0062,42.0124,73.8047,105.031,10.5031,0.0,3.553178,5.056507,1.091773,21,84,13,2,0.00589380,0.01282534,0.37042689,0E-8,0.000000,0.890384,0.000000,-0.35972167,2026-03-25,2026-07-31,18,115,89,129,0.139535,0.207877,0.212545,0.019646,,,,,,,,GLOBAL_BASELINE_NO_ENTITY_RANKING,,,NOT_APPLICABLE_GLOBAL_BASELINE,HF9g-P5,,,,X 全窗基线 · 不参与实体赏罚,6870472,688,A168_HF9F_20260827_0900,2026-08-27 09:00:00
2026-05-29,146450109,2256,0,92.6373280116,33.8199768930,33.8199768930,0.7500000,8,8,0.49324550000000000,0.493245500000,1.4525553310976282,1.4525553310976282,1.4525553310976282,0E-17,ELIGIBLE,R03b_20260811_FULL_v1,L1_ELIGIBILITY,v2026-08-11,2026-03-21..2026-08-06,baccarat_bet02_101_all_pairs_incl_sentinel,round_win = game_pnl > 0 (decisive only),COMPATIBILITY_ONLY_NOT_PRODUCTION,13085.0393,11650.7125,167.8201,577,577,-0.01282534,-0.37042689,-0.01070522,-0.01282534,-167.8201,13085.0393,OK,0.0000,6.7128,4.0000,96.0000,AG03-UNRESOLVED,ALL5_LEVELS_bet23_to_bet27,6.7128,6.7128,6.7128,10.0692,10.0692,4.000000,4.000000,4.000000,6.000000,6.000000,96.000000,96.000000,96.000000,94.000000,94.000000,5.0,40.2768,36.6263,127.5433,131.1939,PENDING_AG03,FALSE,NOT_FOR_ENFORCEMENT,161.1073,11184.6840,167.8201,161.1073,6.7128,0.01282534,0.01231233,6.7128,161.1073,0.01231233,6.7128,6.7128,6.7128,10.0692,10.0692,161.1073,0.01231233,40.2768,36.6263,127.5433,131.1939,0.00974726,0.01002625,0.00051301,22.6777,20.1919,0.2908,9.3233,1.4593,726.9466,32.0556,4.8200,23.1870,10.3857,20.7715,21.0062,42.0124,73.8047,105.031,10.5031,0.0,3.553178,5.056507,1.091773,21,84,13,2,0.00589380,0.01282534,0.37042689,0E-8,0.000000,0.890384,0.000000,-0.35972167,2026-03-25,2026-07-31,18,115,89,129,0.139535,0.207877,0.212545,0.019646,,,,,,,,GLOBAL_BASELINE_NO_ENTITY_RANKING,,,NOT_APPLICABLE_GLOBAL_BASELINE,HF9g-P5,,,,X 全窗基线 · 不参与实体赏罚,6870473,688,A168_HF9F_20260827_0900,2026-08-27 09:00:00
2026-05-29,146450109,2258,0,21.0061968280,12.6037180968,12.6037180968,1.0000000,2,2,0.49324550000000000,0.493245500000,1.01360149184955,1.01360149184955,1.01360149184955,0E-17,ELIGIBLE,R03b_20260811_FULL_v1,L1_ELIGIBILITY,v2026-08-11,2026-03-21..2026-08-06,baccarat_bet02_101_all_pairs_incl_sentinel,round_win = game_pnl > 0 (decisive only),COMPATIBILITY_ONLY_NOT_PRODUCTION,13085.0393,11650.7125,167.8201,577,577,-0.01282534,-0.37042689,-0.01070522,-0.01282534,-167.8201,13085.0393,OK,0.0000,6.7128,4.0000,96.0000,AG03-UNRESOLVED,ALL5_LEVELS_bet23_to_bet27,6.7128,6.7128,6.7128,10.0692,10.0692,4.000000,4.000000,4.000000,6.000000,6.000000,96.000000,96.000000,96.000000,94.000000,94.000000,5.0,40.2768,36.6263,127.5433,131.1939,PENDING_AG03,FALSE,NOT_FOR_ENFORCEMENT,161.1073,11184.6840,167.8201,161.1073,6.7128,0.01282534,0.01231233,6.7128,161.1073,0.01231233,6.7128,6.7128,6.7128,10.0692,10.0692,161.1073,0.01231233,40.2768,36.6263,127.5433,131.1939,0.00974726,0.01002625,0.00051301,22.6777,20.1919,0.2908,9.3233,1.4593,726.9466,32.0556,4.8200,23.1870,10.3857,20.7715,21.0062,42.0124,73.8047,105.031,10.5031,0.0,3.553178,5.056507,1.091773,21,84,13,2,0.00589380,0.01282534,0.37042689,0E-8,0.000000,0.890384,0.000000,-0.35972167,2026-03-25,2026-07-31,18,115,89,129,0.139535,0.207877,0.212545,0.019646,,,,,,,,GLOBAL_BASELINE_NO_ENTITY_RANKING,,,NOT_APPLICABLE_GLOBAL_BASELINE,HF9g-P5,,,,X 全窗基线 · 不参与实体赏罚,6870474,688,A168_HF9F_20260827_0900,2026-08-27 09:00:00
2026-05-29,146450109,970,0,19.1156391135,19.1156391135,19.1156391135,1.0000000,4,4,0.49324550000000000,0.493245500000,2.0272029836991,2.0272029836991,2.0272029836991,0E-17,ELIGIBLE,R03b_20260811_FULL_v1,L1_ELIGIBILITY,v2026-08-11,2026-03-21..2026-08-06,baccarat_bet02_101_all_pairs_incl_sentinel,round_win = game_pnl > 0 (decisive only),COMPATIBILITY_ONLY_NOT_PRODUCTION,13085.0393,11650.7125,167.8201,577,577,-0.01282534,-0.37042689,-0.01070522,-0.01282534,-167.8201,13085.0393,OK,0.0000,6.7128,4.0000,96.0000,AG03-UNRESOLVED,ALL5_LEVELS_bet23_to_bet27,6.7128,6.7128,6.7128,10.0692,10.0692,4.000000,4.000000,4.000000,6.000000,6.000000,96.000000,96.000000,96.000000,94.000000,94.000000,5.0,40.2768,36.6263,127.5433,131.1939,PENDING_AG03,FALSE,NOT_FOR_ENFORCEMENT,161.1073,11184.6840,167.8201,161.1073,6.7128,0.01282534,0.01231233,6.7128,161.1073,0.01231233,6.7128,6.7128,6.7128,10.0692,10.0692,161.1073,0.01231233,40.2768,36.6263,127.5433,131.1939,0.00974726,0.01002625,0.00051301,22.6777,20.1919,0.2908,9.3233,1.4593,726.9466,32.0556,4.8200,23.1870,10.3857,20.7715,21.0062,42.0124,73.8047,105.031,10.5031,0.0,3.553178,5.056507,1.091773,21,84,13,2,0.00589380,0.01282534,0.37042689,0E-8,0.000000,0.890384,0.000000,-0.35972167,2026-03-25,2026-07-31,18,115,89,129,0.139535,0.207877,0.212545,0.019646,,,,,,,,GLOBAL_BASELINE_NO_ENTITY_RANKING,,,NOT_APPLICABLE_GLOBAL_BASELINE,HF9g-P5,,,,X 全窗基线 · 不参与实体赏罚,6870475,688,A168_HF9F_20260827_0900,2026-08-27 09:00:00
2026-05-30,146450109,1382,0,420.1239365614,124.9868711270,124.9868711270,0.7272727,11,11,0.49568280909090909,0.495682809091,1.5362509944578238,1.5362509944572182,1.5362509944578238,-9.091E-14,ELIGIBLE,R03b_20260811_FULL_v1,L1_ELIGIBILITY,v2026-08-11,2026-03-21..2026-08-06,baccarat_bet02_101_all_pairs_incl_sentinel,round_win = game_pnl > 0 (decisive only),COMPATIBILITY_ONLY_NOT_PRODUCTION,13085.0393,11650.7125,167.8201,577,577,-0.01282534,-0.37042689,-0.01070522,-0.01282534,-167.8201,13085.0393,OK,0.0000,6.7128,4.0000,96.0000,AG03-UNRESOLVED,ALL5_LEVELS_bet23_to_bet27,6.7128,6.7128,6.7128,10.0692,10.0692,4.000000,4.000000,4.000000,6.000000,6.000000,96.000000,96.000000,96.000000,94.000000,94.000000,5.0,40.2768,36.6263,127.5433,131.1939,PENDING_AG03,FALSE,NOT_FOR_ENFORCEMENT,161.1073,11184.6840,167.8201,161.1073,6.7128,0.01282534,0.01231233,6.7128,161.1073,0.01231233,6.7128,6.7128,6.7128,10.0692,10.0692,161.1073,0.01231233,40.2768,36.6263,127.5433,131.1939,0.00974726,0.01002625,0.00051301,22.6777,20.1919,0.2908,9.3233,1.4593,726.9466,32.0556,4.8200,23.1870,10.3857,20.7715,21.0062,42.0124,73.8047,105.031,10.5031,0.0,3.553178,5.056507,1.091773,21,84,13,2,0.00589380,0.01282534,0.37042689,0E-8,0.000000,0.890384,0.000000,-0.35972167,2026-03-25,2026-07-31,18,115,89,129,0.139535,0.207877,0.212545,0.019646,,,,,,,,GLOBAL_BASELINE_NO_ENTITY_RANKING,,,NOT_APPLICABLE_GLOBAL_BASELINE,HF9g-P5,,,,X 全窗基线 · 不参与实体赏罚,6870476,688,A168_HF9F_20260827_0900,2026-08-27 09:00:00
2026-05-30,146450109,1384,0,63.0185904842,-63.0185904842,-63.0185904842,0E-7,2,2,0.49994810000000000,0.499948100000,-1.4140667746232096,-1.4140667746232096,-1.4140667746232096,0E-17,ELIGIBLE,R03b_20260811_FULL_v1,L1_ELIGIBILITY,v2026-08-11,2026-03-21..2026-08-06,baccarat_bet02_101_all_pairs_incl_sentinel,round_win = game_pnl > 0 (decisive only),COMPATIBILITY_ONLY_NOT_PRODUCTION,13085.0393,11650.7125,167.8201,577,577,-0.01282534,-0.37042689,-0.01070522,-0.01282534,-167.8201,13085.0393,OK,0.0000,6.7128,4.0000,96.0000,AG03-UNRESOLVED,ALL5_LEVELS_bet23_to_bet27,6.7128,6.7128,6.7128,10.0692,10.0692,4.000000,4.000000,4.000000,6.000000,6.000000,96.000000,96.000000,96.000000,94.000000,94.000000,5.0,40.2768,36.6263,127.5433,131.1939,PENDING_AG03,FALSE,NOT_FOR_ENFORCEMENT,161.1073,11184.6840,167.8201,161.1073,6.7128,0.01282534,0.01231233,6.7128,161.1073,0.01231233,6.7128,6.7128,6.7128,10.0692,10.0692,161.1073,0.01231233,40.2768,36.6263,127.5433,131.1939,0.00974726,0.01002625,0.00051301,22.6777,20.1919,0.2908,9.3233,1.4593,726.9466,32.0556,4.8200,23.1870,10.3857,20.7715,21.0062,42.0124,73.8047,105.031,10.5031,0.0,3.553178,5.056507,1.091773,21,84,13,2,0.00589380,0.01282534,0.37042689,0E-8,0.000000,0.890384,0.000000,-0.35972167,2026-03-25,2026-07-31,18,115,89,129,0.139535,0.207877,0.212545,0.019646,,,,,,,,GLOBAL_BASELINE_NO_ENTITY_RANKING,,,NOT_APPLICABLE_GLOBAL_BASELINE,HF9g-P5,,,,X 全窗基线 · 不参与实体赏罚,6870477,688,A168_HF9F_20260827_0900,2026-08-27 09:00:00
2026-05-30,146450109,1385,0,84.0247873122,0E-10,0E-10,0.5000000,2,2,0.49324550000000000,0.493245500000,0.01910635448239258,0.01910635448239258,0.01910635448239258,0E-17,ELIGIBLE,R03b_20260811_FULL_v1,L1_ELIGIBILITY,v2026-08-11,2026-03-21..2026-08-06,baccarat_bet02_101_all_pairs_incl_sentinel,round_win = game_pnl > 0 (decisive only),COMPATIBILITY_ONLY_NOT_PRODUCTION,13085.0393,11650.7125,167.8201,577,577,-0.01282534,-0.37042689,-0.01070522,-0.01282534,-167.8201,13085.0393,OK,0.0000,6.7128,4.0000,96.0000,AG03-UNRESOLVED,ALL5_LEVELS_bet23_to_bet27,6.7128,6.7128,6.7128,10.0692,10.0692,4.000000,4.000000,4.000000,6.000000,6.000000,96.000000,96.000000,96.000000,94.000000,94.000000,5.0,40.2768,36.6263,127.5433,131.1939,PENDING_AG03,FALSE,NOT_FOR_ENFORCEMENT,161.1073,11184.6840,167.8201,161.1073,6.7128,0.01282534,0.01231233,6.7128,161.1073,0.01231233,6.7128,6.7128,6.7128,10.0692,10.0692,161.1073,0.01231233,40.2768,36.6263,127.5433,131.1939,0.00974726,0.01002625,0.00051301,22.6777,20.1919,0.2908,9.3233,1.4593,726.9466,32.0556,4.8200,23.1870,10.3857,20.7715,21.0062,42.0124,73.8047,105.031,10.5031,0.0,3.553178,5.056507,1.091773,21,84,13,2,0.00589380,0.01282534,0.37042689,0E-8,0.000000,0.890384,0.000000,-0.35972167,2026-03-25,2026-07-31,18,115,89,129,0.139535,0.207877,0.212545,0.019646,,,,,,,,GLOBAL_BASELINE_NO_ENTITY_RANKING,,,NOT_APPLICABLE_GLOBAL_BASELINE,HF9g-P5,,,,X 全窗基线 · 不参与实体赏罚,6870478,688,A168_HF9F_20260827_0900,2026-08-27 09:00:00
2026-05-30,146450109,1396,0,18.9055771452,17.9602982880,17.9602982880,1.0000000,2,2,0.50665070000000000,0.506650700000,1.3955260008387969,1.3955260008387969,1.3955260008387969,0E-17,ELIGIBLE,R03b_20260811_FULL_v1,L1_ELIGIBILITY,v2026-08-11,2026-03-21..2026-08-06,baccarat_bet02_101_all_pairs_incl_sentinel,round_win = game_pnl > 0 (decisive only),COMPATIBILITY_ONLY_NOT_PRODUCTION,13085.0393,11650.7125,167.8201,577,577,-0.01282534,-0.37042689,-0.01070522,-0.01282534,-167.8201,13085.0393,OK,0.0000,6.7128,4.0000,96.0000,AG03-UNRESOLVED,ALL5_LEVELS_bet23_to_bet27,6.7128,6.7128,6.7128,10.0692,10.0692,4.000000,4.000000,4.000000,6.000000,6.000000,96.000000,96.000000,96.000000,94.000000,94.000000,5.0,40.2768,36.6263,127.5433,131.1939,PENDING_AG03,FALSE,NOT_FOR_ENFORCEMENT,161.1073,11184.6840,167.8201,161.1073,6.7128,0.01282534,0.01231233,6.7128,161.1073,0.01231233,6.7128,6.7128,6.7128,10.0692,10.0692,161.1073,0.01231233,40.2768,36.6263,127.5433,131.1939,0.00974726,0.01002625,0.00051301,22.6777,20.1919,0.2908,9.3233,1.4593,726.9466,32.0556,4.8200,23.1870,10.3857,20.7715,21.0062,42.0124,73.8047,105.031,10.5031,0.0,3.553178,5.056507,1.091773,21,84,13,2,0.00589380,0.01282534,0.37042689,0E-8,0.000000,0.890384,0.000000,-0.35972167,2026-03-25,2026-07-31,18,115,89,129,0.139535,0.207877,0.212545,0.019646,,,,,,,,GLOBAL_BASELINE_NO_ENTITY_RANKING,,,NOT_APPLICABLE_GLOBAL_BASELINE,HF9g-P5,,,,X 全窗基线 · 不参与实体赏罚,6870479,688,A168_HF9F_20260827_0900,2026-08-27 09:00:00
2026-05-30,146450109,1714,0,210.0619682806,0E-10,0E-10,0.5000000,2,2,0.49324550000000000,0.493245500000,0.01910635448239258,0.01910635448239258,0.01910635448239258,0E-17,ELIGIBLE,R03b_20260811_FULL_v1,L1_ELIGIBILITY,v2026-08-11,2026-03-21..2026-08-06,baccarat_bet02_101_all_pairs_incl_sentinel,round_win = game_pnl > 0 (decisive only),COMPATIBILITY_ONLY_NOT_PRODUCTION,13085.0393,11650.7125,167.8201,577,577,-0.01282534,-0.37042689,-0.01070522,-0.01282534,-167.8201,13085.0393,OK,0.0000,6.7128,4.0000,96.0000,AG03-UNRESOLVED,ALL5_LEVELS_bet23_to_bet27,6.7128,6.7128,6.7128,10.0692,10.0692,4.000000,4.000000,4.000000,6.000000,6.000000,96.000000,96.000000,96.000000,94.000000,94.000000,5.0,40.2768,36.6263,127.5433,131.1939,PENDING_AG03,FALSE,NOT_FOR_ENFORCEMENT,161.1073,11184.6840,167.8201,161.1073,6.7128,0.01282534,0.01231233,6.7128,161.1073,0.01231233,6.7128,6.7128,6.7128,10.0692,10.0692,161.1073,0.01231233,40.2768,36.6263,127.5433,131.1939,0.00974726,0.01002625,0.00051301,22.6777,20.1919,0.2908,9.3233,1.4593,726.9466,32.0556,4.8200,23.1870,10.3857,20.7715,21.0062,42.0124,73.8047,105.031,10.5031,0.0,3.553178,5.056507,1.091773,21,84,13,2,0.00589380,0.01282534,0.37042689,0E-8,0.000000,0.890384,0.000000,-0.35972167,2026-03-25,2026-07-31,18,115,89,129,0.139535,0.207877,0.212545,0.019646,,,,,,,,GLOBAL_BASELINE_NO_ENTITY_RANKING,,,NOT_APPLICABLE_GLOBAL_BASELINE,HF9g-P5,,,,X 全窗基线 · 不参与实体赏罚,6870480,688,A168_HF9F_20260827_0900,2026-08-27 09:00:00
2026-05-30,146450109,1941,0,672.1982984980,210.0619682806,210.0619682806,0.5714286,8,8,0.50497505000000000,0.504975050000,0.3516563911007167,0.3516563911007167,0.3516563911007167,0E-17,ELIGIBLE,R03b_20260811_FULL_v1,L1_ELIGIBILITY,v2026-08-11,2026-03-21..2026-08-06,baccarat_bet02_101_all_pairs_incl_sentinel,round_win = game_pnl > 0 (decisive only),COMPATIBILITY_ONLY_NOT_PRODUCTION,13085.0393,11650.7125,167.8201,577,577,-0.01282534,-0.37042689,-0.01070522,-0.01282534,-167.8201,13085.0393,OK,0.0000,6.7128,4.0000,96.0000,AG03-UNRESOLVED,ALL5_LEVELS_bet23_to_bet27,6.7128,6.7128,6.7128,10.0692,10.0692,4.000000,4.000000,4.000000,6.000000,6.000000,96.000000,96.000000,96.000000,94.000000,94.000000,5.0,40.2768,36.6263,127.5433,131.1939,PENDING_AG03,FALSE,NOT_FOR_ENFORCEMENT,161.1073,11184.6840,167.8201,161.1073,6.7128,0.01282534,0.01231233,6.7128,161.1073,0.01231233,6.7128,6.7128,6.7128,10.0692,10.0692,161.1073,0.01231233,40.2768,36.6263,127.5433,131.1939,0.00974726,0.01002625,0.00051301,22.6777,20.1919,0.2908,9.3233,1.4593,726.9466,32.0556,4.8200,23.1870,10.3857,20.7715,21.0062,42.0124,73.8047,105.031,10.5031,0.0,3.553178,5.056507,1.091773,21,84,13,2,0.00589380,0.01282534,0.37042689,0E-8,0.000000,0.890384,0.000000,-0.35972167,2026-03-25,2026-07-31,18,115,89,129,0.139535,0.207877,0.212545,0.019646,,,,,,,,GLOBAL_BASELINE_NO_ENTITY_RANKING,,,NOT_APPLICABLE_GLOBAL_BASELINE,HF9g-P5,,,,X 全窗基线 · 不参与实体赏罚,6870481,688,A168_HF9F_20260827_0900,2026-08-27 09:00:00
2026-05-30,146450109,1957,0,168.0495746245,0E-10,0E-10,0.6666667,4,4,0.49324550000000000,0.493245500000,0.6008033672792107,0.6008033672792106,0.6008033672792107,0E-17,ELIGIBLE,R03b_20260811_FULL_v1,L1_ELIGIBILITY,v2026-08-11,2026-03-21..2026-08-06,baccarat_bet02_101_all_pairs_incl_sentinel,round_win = game_pnl > 0 (decisive only),COMPATIBILITY_ONLY_NOT_PRODUCTION,13085.0393,11650.7125,167.8201,577,577,-0.01282534,-0.37042689,-0.01070522,-0.01282534,-167.8201,13085.0393,OK,0.0000,6.7128,4.0000,96.0000,AG03-UNRESOLVED,ALL5_LEVELS_bet23_to_bet27,6.7128,6.7128,6.7128,10.0692,10.0692,4.000000,4.000000,4.000000,6.000000,6.000000,96.000000,96.000000,96.000000,94.000000,94.000000,5.0,40.2768,36.6263,127.5433,131.1939,PENDING_AG03,FALSE,NOT_FOR_ENFORCEMENT,161.1073,11184.6840,167.8201,161.1073,6.7128,0.01282534,0.01231233,6.7128,161.1073,0.01231233,6.7128,6.7128,6.7128,10.0692,10.0692,161.1073,0.01231233,40.2768,36.6263,127.5433,131.1939,0.00974726,0.01002625,0.00051301,22.6777,20.1919,0.2908,9.3233,1.4593,726.9466,32.0556,4.8200,23.1870,10.3857,20.7715,21.0062,42.0124,73.8047,105.031,10.5031,0.0,3.553178,5.056507,1.091773,21,84,13,2,0.00589380,0.01282534,0.37042689,0E-8,0.000000,0.890384,0.000000,-0.35972167,2026-03-25,2026-07-31,18,115,89,129,0.139535,0.207877,0.212545,0.019646,,,,,,,,GLOBAL_BASELINE_NO_ENTITY_RANKING,,,NOT_APPLICABLE_GLOBAL_BASELINE,HF9g-P5,,,,X 全窗基线 · 不参与实体赏罚,6870482,688,A168_HF9F_20260827_0900,2026-08-27 09:00:00
2026-05-30,146450109,2072,0,31.5092952421,-31.5092952421,-31.5092952421,0E-7,1,1,0.49324550000000000,0.493245500000,-0.9865810262130424,-0.9865810262130424,-0.9865810262130424,0E-17,ELIGIBLE,R03b_20260811_FULL_v1,L1_ELIGIBILITY,v2026-08-11,2026-03-21..2026-08-06,baccarat_bet02_101_all_pairs_incl_sentinel,round_win = game_pnl > 0 (decisive only),COMPATIBILITY_ONLY_NOT_PRODUCTION,13085.0393,11650.7125,167.8201,577,577,-0.01282534,-0.37042689,-0.01070522,-0.01282534,-167.8201,13085.0393,OK,0.0000,6.7128,4.0000,96.0000,AG03-UNRESOLVED,ALL5_LEVELS_bet23_to_bet27,6.7128,6.7128,6.7128,10.0692,10.0692,4.000000,4.000000,4.000000,6.000000,6.000000,96.000000,96.000000,96.000000,94.000000,94.000000,5.0,40.2768,36.6263,127.5433,131.1939,PENDING_AG03,FALSE,NOT_FOR_ENFORCEMENT,161.1073,11184.6840,167.8201,161.1073,6.7128,0.01282534,0.01231233,6.7128,161.1073,0.01231233,6.7128,6.7128,6.7128,10.0692,10.0692,161.1073,0.01231233,40.2768,36.6263,127.5433,131.1939,0.00974726,0.01002625,0.00051301,22.6777,20.1919,0.2908,9.3233,1.4593,726.9466,32.0556,4.8200,23.1870,10.3857,20.7715,21.0062,42.0124,73.8047,105.031,10.5031,0.0,3.553178,5.056507,1.091773,21,84,13,2,0.00589380,0.01282534,0.37042689,0E-8,0.000000,0.890384,0.000000,-0.35972167,2026-03-25,2026-07-31,18,115,89,129,0.139535,0.207877,0.212545,0.019646,,,,,,,,GLOBAL_BASELINE_NO_ENTITY_RANKING,,,NOT_APPLICABLE_GLOBAL_BASELINE,HF9g-P5,,,,X 全窗基线 · 不参与实体赏罚,6870483,688,A168_HF9F_20260827_0900,2026-08-27 09:00:00
2026-05-30,146450109,2106,0,1029.3036445750,-309.8414032139,-309.8414032139,0.2857143,8,8,0.50665070000000000,0.506650700000,-1.169189050789051,-1.169189050789051,-1.169189050789051,0E-17,ELIGIBLE,R03b_20260811_FULL_v1,L1_ELIGIBILITY,v2026-08-11,2026-03-21..2026-08-06,baccarat_bet02_101_all_pairs_incl_sentinel,round_win = game_pnl > 0 (decisive only),COMPATIBILITY_ONLY_NOT_PRODUCTION,13085.0393,11650.7125,167.8201,577,577,-0.01282534,-0.37042689,-0.01070522,-0.01282534,-167.8201,13085.0393,OK,0.0000,6.7128,4.0000,96.0000,AG03-UNRESOLVED,ALL5_LEVELS_bet23_to_bet27,6.7128,6.7128,6.7128,10.0692,10.0692,4.000000,4.000000,4.000000,6.000000,6.000000,96.000000,96.000000,96.000000,94.000000,94.000000,5.0,40.2768,36.6263,127.5433,131.1939,PENDING_AG03,FALSE,NOT_FOR_ENFORCEMENT,161.1073,11184.6840,167.8201,161.1073,6.7128,0.01282534,0.01231233,6.7128,161.1073,0.01231233,6.7128,6.7128,6.7128,10.0692,10.0692,161.1073,0.01231233,40.2768,36.6263,127.5433,131.1939,0.00974726,0.01002625,0.00051301,22.6777,20.1919,0.2908,9.3233,1.4593,726.9466,32.0556,4.8200,23.1870,10.3857,20.7715,21.0062,42.0124,73.8047,105.031,10.5031,0.0,3.553178,5.056507,1.091773,21,84,13,2,0.00589380,0.01282534,0.37042689,0E-8,0.000000,0.890384,0.000000,-0.35972167,2026-03-25,2026-07-31,18,115,89,129,0.139535,0.207877,0.212545,0.019646,,,,,,,,GLOBAL_BASELINE_NO_ENTITY_RANKING,,,NOT_APPLICABLE_GLOBAL_BASELINE,HF9g-P5,,,,X 全窗基线 · 不参与实体赏罚,6870484,688,A168_HF9F_20260827_0900,2026-08-27 09:00:00
2026-05-30,146450109,2134,0,63.0185904842,59.8676609600,59.8676609600,1.0000000,1,1,0.50665070000000000,0.506650700000,0.9867858985152569,0.9867858985152569,0.9867858985152569,0E-17,ELIGIBLE,R03b_20260811_FULL_v1,L1_ELIGIBILITY,v2026-08-11,2026-03-21..2026-08-06,baccarat_bet02_101_all_pairs_incl_sentinel,round_win = game_pnl > 0 (decisive only),COMPATIBILITY_ONLY_NOT_PRODUCTION,13085.0393,11650.7125,167.8201,577,577,-0.01282534,-0.37042689,-0.01070522,-0.01282534,-167.8201,13085.0393,OK,0.0000,6.7128,4.0000,96.0000,AG03-UNRESOLVED,ALL5_LEVELS_bet23_to_bet27,6.7128,6.7128,6.7128,10.0692,10.0692,4.000000,4.000000,4.000000,6.000000,6.000000,96.000000,96.000000,96.000000,94.000000,94.000000,5.0,40.2768,36.6263,127.5433,131.1939,PENDING_AG03,FALSE,NOT_FOR_ENFORCEMENT,161.1073,11184.6840,167.8201,161.1073,6.7128,0.01282534,0.01231233,6.7128,161.1073,0.01231233,6.7128,6.7128,6.7128,10.0692,10.0692,161.1073,0.01231233,40.2768,36.6263,127.5433,131.1939,0.00974726,0.01002625,0.00051301,22.6777,20.1919,0.2908,9.3233,1.4593,726.9466,32.0556,4.8200,23.1870,10.3857,20.7715,21.0062,42.0124,73.8047,105.031,10.5031,0.0,3.553178,5.056507,1.091773,21,84,13,2,0.00589380,0.01282534,0.37042689,0E-8,0.000000,0.890384,0.000000,-0.35972167,2026-03-25,2026-07-31,18,115,89,129,0.139535,0.207877,0.212545,0.019646,,,,,,,,GLOBAL_BASELINE_NO_ENTITY_RANKING,,,NOT_APPLICABLE_GLOBAL_BASELINE,HF9g-P5,,,,X 全窗基线 · 不参与实体赏罚,6870485,688,A168_HF9F_20260827_0900,2026-08-27 09:00:00
2026-05-30,146450109,2145,0,105.0309841403,99.7794349333,99.7794349333,1.0000000,1,1,0.50665070000000000,0.506650700000,0.9867858985152569,0.9867858985152569,0.9867858985152569,0E-17,ELIGIBLE,R03b_20260811_FULL_v1,L1_ELIGIBILITY,v2026-08-11,2026-03-21..2026-08-06,baccarat_bet02_101_all_pairs_incl_sentinel,round_win = game_pnl > 0 (decisive only),COMPATIBILITY_ONLY_NOT_PRODUCTION,13085.0393,11650.7125,167.8201,577,577,-0.01282534,-0.37042689,-0.01070522,-0.01282534,-167.8201,13085.0393,OK,0.0000,6.7128,4.0000,96.0000,AG03-UNRESOLVED,ALL5_LEVELS_bet23_to_bet27,6.7128,6.7128,6.7128,10.0692,10.0692,4.000000,4.000000,4.000000,6.000000,6.000000,96.000000,96.000000,96.000000,94.000000,94.000000,5.0,40.2768,36.6263,127.5433,131.1939,PENDING_AG03,FALSE,NOT_FOR_ENFORCEMENT,161.1073,11184.6840,167.8201,161.1073,6.7128,0.01282534,0.01231233,6.7128,161.1073,0.01231233,6.7128,6.7128,6.7128,10.0692,10.0692,161.1073,0.01231233,40.2768,36.6263,127.5433,131.1939,0.00974726,0.01002625,0.00051301,22.6777,20.1919,0.2908,9.3233,1.4593,726.9466,32.0556,4.8200,23.1870,10.3857,20.7715,21.0062,42.0124,73.8047,105.031,10.5031,0.0,3.553178,5.056507,1.091773,21,84,13,2,0.00589380,0.01282534,0.37042689,0E-8,0.000000,0.890384,0.000000,-0.35972167,2026-03-25,2026-07-31,18,115,89,129,0.139535,0.207877,0.212545,0.019646,,,,,,,,GLOBAL_BASELINE_NO_ENTITY_RANKING,,,NOT_APPLICABLE_GLOBAL_BASELINE,HF9g-P5,,,,X 全窗基线 · 不参与实体赏罚,6870486,688,A168_HF9F_20260827_0900,2026-08-27 09:00:00
2026-05-30,146450109,2167,0,1054.3010188010,-44.5226341770,-44.5226341770,0.6000000,25,25,0.49914378800000000,0.499143788000,0.9020867065791947,0.9020867065791947,0.9020867065791947,0E-17,ELIGIBLE,R03b_20260811_FULL_v1,L1_ELIGIBILITY,v2026-08-11,2026-03-21..2026-08-06,baccarat_bet02_101_all_pairs_incl_sentinel,round_win = game_pnl > 0 (decisive only),COMPATIBILITY_ONLY_NOT_PRODUCTION,13085.0393,11650.7125,167.8201,577,577,-0.01282534,-0.37042689,-0.01070522,-0.01282534,-167.8201,13085.0393,OK,0.0000,6.7128,4.0000,96.0000,AG03-UNRESOLVED,ALL5_LEVELS_bet23_to_bet27,6.7128,6.7128,6.7128,10.0692,10.0692,4.000000,4.000000,4.000000,6.000000,6.000000,96.000000,96.000000,96.000000,94.000000,94.000000,5.0,40.2768,36.6263,127.5433,131.1939,PENDING_AG03,FALSE,NOT_FOR_ENFORCEMENT,161.1073,11184.6840,167.8201,161.1073,6.7128,0.01282534,0.01231233,6.7128,161.1073,0.01231233,6.7128,6.7128,6.7128,10.0692,10.0692,161.1073,0.01231233,40.2768,36.6263,127.5433,131.1939,0.00974726,0.01002625,0.00051301,22.6777,20.1919,0.2908,9.3233,1.4593,726.9466,32.0556,4.8200,23.1870,10.3857,20.7715,21.0062,42.0124,73.8047,105.031,10.5031,0.0,3.553178,5.056507,1.091773,21,84,13,2,0.00589380,0.01282534,0.37042689,0E-8,0.000000,0.890384,0.000000,-0.35972167,2026-03-25,2026-07-31,18,115,89,129,0.139535,0.207877,0.212545,0.019646,,,,,,,,GLOBAL_BASELINE_NO_ENTITY_RANKING,,,NOT_APPLICABLE_GLOBAL_BASELINE,HF9g-P5,,,,X 全窗基线 · 不参与实体赏罚,6870487,688,A168_HF9F_20260827_0900,2026-08-27 09:00:00
2026-05-30,146450109,2169,0,84.0247873123,18.9055771452,18.9055771452,0.7500000,5,5,0.50665070000000000,0.506650700000,0.9734833216690844,0.9734833216690844,0.9734833216690844,0E-17,ELIGIBLE,R03b_20260811_FULL_v1,L1_ELIGIBILITY,v2026-08-11,2026-03-21..2026-08-06,baccarat_bet02_101_all_pairs_incl_sentinel,round_win = game_pnl > 0 (decisive only),COMPATIBILITY_ONLY_NOT_PRODUCTION,13085.0393,11650.7125,167.8201,577,577,-0.01282534,-0.37042689,-0.01070522,-0.01282534,-167.8201,13085.0393,OK,0.0000,6.7128,4.0000,96.0000,AG03-UNRESOLVED,ALL5_LEVELS_bet23_to_bet27,6.7128,6.7128,6.7128,10.0692,10.0692,4.000000,4.000000,4.000000,6.000000,6.000000,96.000000,96.000000,96.000000,94.000000,94.000000,5.0,40.2768,36.6263,127.5433,131.1939,PENDING_AG03,FALSE,NOT_FOR_ENFORCEMENT,161.1073,11184.6840,167.8201,161.1073,6.7128,0.01282534,0.01231233,6.7128,161.1073,0.01231233,6.7128,6.7128,6.7128,10.0692,10.0692,161.1073,0.01231233,40.2768,36.6263,127.5433,131.1939,0.00974726,0.01002625,0.00051301,22.6777,20.1919,0.2908,9.3233,1.4593,726.9466,32.0556,4.8200,23.1870,10.3857,20.7715,21.0062,42.0124,73.8047,105.031,10.5031,0.0,3.553178,5.056507,1.091773,21,84,13,2,0.00589380,0.01282534,0.37042689,0E-8,0.000000,0.890384,0.000000,-0.35972167,2026-03-25,2026-07-31,18,115,89,129,0.139535,0.207877,0.212545,0.019646,,,,,,,,GLOBAL_BASELINE_NO_ENTITY_RANKING,,,NOT_APPLICABLE_GLOBAL_BASELINE,HF9g-P5,,,,X 全窗基线 · 不参与实体赏罚,6870488,688,A168_HF9F_20260827_0900,2026-08-27 09:00:00
2026-05-30,146450109,2174,0,138.6408990651,90.9568322656,90.9568322656,0.5000000,5,5,0.50665070000000000,0.506650700000,-0.02660515369234503,-0.02660515369234503,-0.02660515369234503,0E-17,ELIGIBLE,R03b_20260811_FULL_v1,L1_ELIGIBILITY,v2026-08-11,2026-03-21..2026-08-06,baccarat_bet02_101_all_pairs_incl_sentinel,round_win = game_pnl > 0 (decisive only),COMPATIBILITY_ONLY_NOT_PRODUCTION,13085.0393,11650.7125,167.8201,577,577,-0.01282534,-0.37042689,-0.01070522,-0.01282534,-167.8201,13085.0393,OK,0.0000,6.7128,4.0000,96.0000,AG03-UNRESOLVED,ALL5_LEVELS_bet23_to_bet27,6.7128,6.7128,6.7128,10.0692,10.0692,4.000000,4.000000,4.000000,6.000000,6.000000,96.000000,96.000000,96.000000,94.000000,94.000000,5.0,40.2768,36.6263,127.5433,131.1939,PENDING_AG03,FALSE,NOT_FOR_ENFORCEMENT,161.1073,11184.6840,167.8201,161.1073,6.7128,0.01282534,0.01231233,6.7128,161.1073,0.01231233,6.7128,6.7128,6.7128,10.0692,10.0692,161.1073,0.01231233,40.2768,36.6263,127.5433,131.1939,0.00974726,0.01002625,0.00051301,22.6777,20.1919,0.2908,9.3233,1.4593,726.9466,32.0556,4.8200,23.1870,10.3857,20.7715,21.0062,42.0124,73.8047,105.031,10.5031,0.0,3.553178,5.056507,1.091773,21,84,13,2,0.00589380,0.01282534,0.37042689,0E-8,0.000000,0.890384,0.000000,-0.35972167,2026-03-25,2026-07-31,18,115,89,129,0.139535,0.207877,0.212545,0.019646,,,,,,,,GLOBAL_BASELINE_NO_ENTITY_RANKING,,,NOT_APPLICABLE_GLOBAL_BASELINE,HF9g-P5,,,,X 全窗基线 · 不参与实体赏罚,6870489,688,A168_HF9F_20260827_0900,2026-08-27 09:00:00
2026-05-30,146450109,2175,0,84.0247873124,42.0123936562,42.0123936562,0.7500000,4,4,0.49324550000000000,0.493245500000,1.0271117246678039,1.0271117246678039,1.0271117246678039,0E-17,ELIGIBLE,R03b_20260811_FULL_v1,L1_ELIGIBILITY,v2026-08-11,2026-03-21..2026-08-06,baccarat_bet02_101_all_pairs_incl_sentinel,round_win = game_pnl > 0 (decisive only),COMPATIBILITY_ONLY_NOT_PRODUCTION,13085.0393,11650.7125,167.8201,577,577,-0.01282534,-0.37042689,-0.01070522,-0.01282534,-167.8201,13085.0393,OK,0.0000,6.7128,4.0000,96.0000,AG03-UNRESOLVED,ALL5_LEVELS_bet23_to_bet27,6.7128,6.7128,6.7128,10.0692,10.0692,4.000000,4.000000,4.000000,6.000000,6.000000,96.000000,96.000000,96.000000,94.000000,94.000000,5.0,40.2768,36.6263,127.5433,131.1939,PENDING_AG03,FALSE,NOT_FOR_ENFORCEMENT,161.1073,11184.6840,167.8201,161.1073,6.7128,0.01282534,0.01231233,6.7128,161.1073,0.01231233,6.7128,6.7128,6.7128,10.0692,10.0692,161.1073,0.01231233,40.2768,36.6263,127.5433,131.1939,0.00974726,0.01002625,0.00051301,22.6777,20.1919,0.2908,9.3233,1.4593,726.9466,32.0556,4.8200,23.1870,10.3857,20.7715,21.0062,42.0124,73.8047,105.031,10.5031,0.0,3.553178,5.056507,1.091773,21,84,13,2,0.00589380,0.01282534,0.37042689,0E-8,0.000000,0.890384,0.000000,-0.35972167,2026-03-25,2026-07-31,18,115,89,129,0.139535,0.207877,0.212545,0.019646,,,,,,,,GLOBAL_BASELINE_NO_ENTITY_RANKING,,,NOT_APPLICABLE_GLOBAL_BASELINE,HF9g-P5,,,,X 全窗基线 · 不参与实体赏罚,6870490,688,A168_HF9F_20260827_0900,2026-08-27 09:00:00
2026-05-30,146450109,2234,0,105.0309841403,21.0061968281,21.0061968281,0.5000000,2,2,0.49324550000000000,0.493245500000,0.01910635448239258,0.01910635448239258,0.01910635448239258,0E-17,ELIGIBLE,R03b_20260811_FULL_v1,L1_ELIGIBILITY,v2026-08-11,2026-03-21..2026-08-06,baccarat_bet02_101_all_pairs_incl_sentinel,round_win = game_pnl > 0 (decisive only),COMPATIBILITY_ONLY_NOT_PRODUCTION,13085.0393,11650.7125,167.8201,577,577,-0.01282534,-0.37042689,-0.01070522,-0.01282534,-167.8201,13085.0393,OK,0.0000,6.7128,4.0000,96.0000,AG03-UNRESOLVED,ALL5_LEVELS_bet23_to_bet27,6.7128,6.7128,6.7128,10.0692,10.0692,4.000000,4.000000,4.000000,6.000000,6.000000,96.000000,96.000000,96.000000,94.000000,94.000000,5.0,40.2768,36.6263,127.5433,131.1939,PENDING_AG03,FALSE,NOT_FOR_ENFORCEMENT,161.1073,11184.6840,167.8201,161.1073,6.7128,0.01282534,0.01231233,6.7128,161.1073,0.01231233,6.7128,6.7128,6.7128,10.0692,10.0692,161.1073,0.01231233,40.2768,36.6263,127.5433,131.1939,0.00974726,0.01002625,0.00051301,22.6777,20.1919,0.2908,9.3233,1.4593,726.9466,32.0556,4.8200,23.1870,10.3857,20.7715,21.0062,42.0124,73.8047,105.031,10.5031,0.0,3.553178,5.056507,1.091773,21,84,13,2,0.00589380,0.01282534,0.37042689,0E-8,0.000000,0.890384,0.000000,-0.35972167,2026-03-25,2026-07-31,18,115,89,129,0.139535,0.207877,0.212545,0.019646,,,,,,,,GLOBAL_BASELINE_NO_ENTITY_RANKING,,,NOT_APPLICABLE_GLOBAL_BASELINE,HF9g-P5,,,,X 全窗基线 · 不参与实体赏罚,6870491,688,A168_HF9F_20260827_0900,2026-08-27 09:00:00
2026-05-30,146450109,2250,0,86.1254069951,-41.0671147989,-41.0671147989,0.4000000,5,5,0.50396966000000000,0.503969660000,-0.4649811094771361,-0.4649811094771361,-0.4649811094771361,0E-17,ELIGIBLE,R03b_20260811_FULL_v1,L1_ELIGIBILITY,v2026-08-11,2026-03-21..2026-08-06,baccarat_bet02_101_all_pairs_incl_sentinel,round_win = game_pnl > 0 (decisive only),COMPATIBILITY_ONLY_NOT_PRODUCTION,13085.0393,11650.7125,167.8201,577,577,-0.01282534,-0.37042689,-0.01070522,-0.01282534,-167.8201,13085.0393,OK,0.0000,6.7128,4.0000,96.0000,AG03-UNRESOLVED,ALL5_LEVELS_bet23_to_bet27,6.7128,6.7128,6.7128,10.0692,10.0692,4.000000,4.000000,4.000000,6.000000,6.000000,96.000000,96.000000,96.000000,94.000000,94.000000,5.0,40.2768,36.6263,127.5433,131.1939,PENDING_AG03,FALSE,NOT_FOR_ENFORCEMENT,161.1073,11184.6840,167.8201,161.1073,6.7128,0.01282534,0.01231233,6.7128,161.1073,0.01231233,6.7128,6.7128,6.7128,10.0692,10.0692,161.1073,0.01231233,40.2768,36.6263,127.5433,131.1939,0.00974726,0.01002625,0.00051301,22.6777,20.1919,0.2908,9.3233,1.4593,726.9466,32.0556,4.8200,23.1870,10.3857,20.7715,21.0062,42.0124,73.8047,105.031,10.5031,0.0,3.553178,5.056507,1.091773,21,84,13,2,0.00589380,0.01282534,0.37042689,0E-8,0.000000,0.890384,0.000000,-0.35972167,2026-03-25,2026-07-31,18,115,89,129,0.139535,0.207877,0.212545,0.019646,,,,,,,,GLOBAL_BASELINE_NO_ENTITY_RANKING,,,NOT_APPLICABLE_GLOBAL_BASELINE,HF9g-P5,,,,X 全窗基线 · 不参与实体赏罚,6870492,688,A168_HF9F_20260827_0900,2026-08-27 09:00:00
2026-05-30,146450109,2254,0,10.5030984140,0E-10,0E-10,,1,1,0.49324550000000000,0.493245500000,,,,0E-17,NO_DECISIVE_ROUND,R03b_20260811_FULL_v1,L1_ELIGIBILITY,v2026-08-11,2026-03-21..2026-08-06,baccarat_bet02_101_all_pairs_incl_sentinel,round_win = game_pnl > 0 (decisive only),COMPATIBILITY_ONLY_NOT_PRODUCTION,13085.0393,11650.7125,167.8201,577,577,-0.01282534,-0.37042689,-0.01070522,-0.01282534,-167.8201,13085.0393,OK,0.0000,6.7128,4.0000,96.0000,AG03-UNRESOLVED,ALL5_LEVELS_bet23_to_bet27,6.7128,6.7128,6.7128,10.0692,10.0692,4.000000,4.000000,4.000000,6.000000,6.000000,96.000000,96.000000,96.000000,94.000000,94.000000,5.0,40.2768,36.6263,127.5433,131.1939,PENDING_AG03,FALSE,NOT_FOR_ENFORCEMENT,161.1073,11184.6840,167.8201,161.1073,6.7128,0.01282534,0.01231233,6.7128,161.1073,0.01231233,6.7128,6.7128,6.7128,10.0692,10.0692,161.1073,0.01231233,40.2768,36.6263,127.5433,131.1939,0.00974726,0.01002625,0.00051301,22.6777,20.1919,0.2908,9.3233,1.4593,726.9466,32.0556,4.8200,23.1870,10.3857,20.7715,21.0062,42.0124,73.8047,105.031,10.5031,0.0,3.553178,5.056507,1.091773,21,84,13,2,0.00589380,0.01282534,0.37042689,0E-8,0.000000,0.890384,0.000000,-0.35972167,2026-03-25,2026-07-31,18,115,89,129,0.139535,0.207877,0.212545,0.019646,,,,,,,,GLOBAL_BASELINE_NO_ENTITY_RANKING,,,NOT_APPLICABLE_GLOBAL_BASELINE,HF9g-P5,,,,X 全窗基线 · 不参与实体赏罚,6870493,688,A168_HF9F_20260827_0900,2026-08-27 09:00:00
2026-05-30,146450109,2266,0,292.4062598465,11.0282533347,11.0282533347,0.5294118,20,20,0.49592654000000000,0.495926540000,0.27613540074343873,0.27613540074343873,0.27613540074343873,0E-17,ELIGIBLE,R03b_20260811_FULL_v1,L1_ELIGIBILITY,v2026-08-11,2026-03-21..2026-08-06,baccarat_bet02_101_all_pairs_incl_sentinel,round_win = game_pnl > 0 (decisive only),COMPATIBILITY_ONLY_NOT_PRODUCTION,13085.0393,11650.7125,167.8201,577,577,-0.01282534,-0.37042689,-0.01070522,-0.01282534,-167.8201,13085.0393,OK,0.0000,6.7128,4.0000,96.0000,AG03-UNRESOLVED,ALL5_LEVELS_bet23_to_bet27,6.7128,6.7128,6.7128,10.0692,10.0692,4.000000,4.000000,4.000000,6.000000,6.000000,96.000000,96.000000,96.000000,94.000000,94.000000,5.0,40.2768,36.6263,127.5433,131.1939,PENDING_AG03,FALSE,NOT_FOR_ENFORCEMENT,161.1073,11184.6840,167.8201,161.1073,6.7128,0.01282534,0.01231233,6.7128,161.1073,0.01231233,6.7128,6.7128,6.7128,10.0692,10.0692,161.1073,0.01231233,40.2768,36.6263,127.5433,131.1939,0.00974726,0.01002625,0.00051301,22.6777,20.1919,0.2908,9.3233,1.4593,726.9466,32.0556,4.8200,23.1870,10.3857,20.7715,21.0062,42.0124,73.8047,105.031,10.5031,0.0,3.553178,5.056507,1.091773,21,84,13,2,0.00589380,0.01282534,0.37042689,0E-8,0.000000,0.890384,0.000000,-0.35972167,2026-03-25,2026-07-31,18,115,89,129,0.139535,0.207877,0.212545,0.019646,,,,,,,,GLOBAL_BASELINE_NO_ENTITY_RANKING,,,NOT_APPLICABLE_GLOBAL_BASELINE,HF9g-P5,,,,X 全窗基线 · 不参与实体赏罚,6870494,688,A168_HF9F_20260827_0900,2026-08-27 09:00:00
2026-05-30,146450109,2267,0,315.0929524211,-169.0998844660,-169.0998844660,0.1666667,7,7,0.49899058571428571,0.498990585714,-1.6280513796797877,-1.6280513796783902,-1.6280513796797877,2.8571E-13,ELIGIBLE,R03b_20260811_FULL_v1,L1_ELIGIBILITY,v2026-08-11,2026-03-21..2026-08-06,baccarat_bet02_101_all_pairs_incl_sentinel,round_win = game_pnl > 0 (decisive only),COMPATIBILITY_ONLY_NOT_PRODUCTION,13085.0393,11650.7125,167.8201,577,577,-0.01282534,-0.37042689,-0.01070522,-0.01282534,-167.8201,13085.0393,OK,0.0000,6.7128,4.0000,96.0000,AG03-UNRESOLVED,ALL5_LEVELS_bet23_to_bet27,6.7128,6.7128,6.7128,10.0692,10.0692,4.000000,4.000000,4.000000,6.000000,6.000000,96.000000,96.000000,96.000000,94.000000,94.000000,5.0,40.2768,36.6263,127.5433,131.1939,PENDING_AG03,FALSE,NOT_FOR_ENFORCEMENT,161.1073,11184.6840,167.8201,161.1073,6.7128,0.01282534,0.01231233,6.7128,161.1073,0.01231233,6.7128,6.7128,6.7128,10.0692,10.0692,161.1073,0.01231233,40.2768,36.6263,127.5433,131.1939,0.00974726,0.01002625,0.00051301,22.6777,20.1919,0.2908,9.3233,1.4593,726.9466,32.0556,4.8200,23.1870,10.3857,20.7715,21.0062,42.0124,73.8047,105.031,10.5031,0.0,3.553178,5.056507,1.091773,21,84,13,2,0.00589380,0.01282534,0.37042689,0E-8,0.000000,0.890384,0.000000,-0.35972167,2026-03-25,2026-07-31,18,115,89,129,0.139535,0.207877,0.212545,0.019646,,,,,,,,GLOBAL_BASELINE_NO_ENTITY_RANKING,,,NOT_APPLICABLE_GLOBAL_BASELINE,HF9g-P5,,,,X 全窗基线 · 不参与实体赏罚,6870495,688,A168_HF9F_20260827_0900,2026-08-27 09:00:00
2026-05-30,146450109,526,0,210.0619682806,126.0371809684,126.0371809684,0.6000000,5,5,0.49324550000000000,0.493245500000,0.47746420675292983,0.47746420675292983,0.47746420675292983,0E-17,ELIGIBLE,R03b_20260811_FULL_v1,L1_ELIGIBILITY,v2026-08-11,2026-03-21..2026-08-06,baccarat_bet02_101_all_pairs_incl_sentinel,round_win = game_pnl > 0 (decisive only),COMPATIBILITY_ONLY_NOT_PRODUCTION,13085.0393,11650.7125,167.8201,577,577,-0.01282534,-0.37042689,-0.01070522,-0.01282534,-167.8201,13085.0393,OK,0.0000,6.7128,4.0000,96.0000,AG03-UNRESOLVED,ALL5_LEVELS_bet23_to_bet27,6.7128,6.7128,6.7128,10.0692,10.0692,4.000000,4.000000,4.000000,6.000000,6.000000,96.000000,96.000000,96.000000,94.000000,94.000000,5.0,40.2768,36.6263,127.5433,131.1939,PENDING_AG03,FALSE,NOT_FOR_ENFORCEMENT,161.1073,11184.6840,167.8201,161.1073,6.7128,0.01282534,0.01231233,6.7128,161.1073,0.01231233,6.7128,6.7128,6.7128,10.0692,10.0692,161.1073,0.01231233,40.2768,36.6263,127.5433,131.1939,0.00974726,0.01002625,0.00051301,22.6777,20.1919,0.2908,9.3233,1.4593,726.9466,32.0556,4.8200,23.1870,10.3857,20.7715,21.0062,42.0124,73.8047,105.031,10.5031,0.0,3.553178,5.056507,1.091773,21,84,13,2,0.00589380,0.01282534,0.37042689,0E-8,0.000000,0.890384,0.000000,-0.35972167,2026-03-25,2026-07-31,18,115,89,129,0.139535,0.207877,0.212545,0.019646,,,,,,,,GLOBAL_BASELINE_NO_ENTITY_RANKING,,,NOT_APPLICABLE_GLOBAL_BASELINE,HF9g-P5,,,,X 全窗基线 · 不参与实体赏罚,6870496,688,A168_HF9F_20260827_0900,2026-08-27 09:00:00
2026-05-30,146450109,595,0,462.1363302174,272.0302489233,272.0302489233,0.6666667,10,10,0.49592654000000000,0.495926540000,1.024474758939988,1.024474758939988,1.024474758939988,0E-17,ELIGIBLE,R03b_20260811_FULL_v1,L1_ELIGIBILITY,v2026-08-11,2026-03-21..2026-08-06,baccarat_bet02_101_all_pairs_incl_sentinel,round_win = game_pnl > 0 (decisive only),COMPATIBILITY_ONLY_NOT_PRODUCTION,13085.0393,11650.7125,167.8201,577,577,-0.01282534,-0.37042689,-0.01070522,-0.01282534,-167.8201,13085.0393,OK,0.0000,6.7128,4.0000,96.0000,AG03-UNRESOLVED,ALL5_LEVELS_bet23_to_bet27,6.7128,6.7128,6.7128,10.0692,10.0692,4.000000,4.000000,4.000000,6.000000,6.000000,96.000000,96.000000,96.000000,94.000000,94.000000,5.0,40.2768,36.6263,127.5433,131.1939,PENDING_AG03,FALSE,NOT_FOR_ENFORCEMENT,161.1073,11184.6840,167.8201,161.1073,6.7128,0.01282534,0.01231233,6.7128,161.1073,0.01231233,6.7128,6.7128,6.7128,10.0692,10.0692,161.1073,0.01231233,40.2768,36.6263,127.5433,131.1939,0.00974726,0.01002625,0.00051301,22.6777,20.1919,0.2908,9.3233,1.4593,726.9466,32.0556,4.8200,23.1870,10.3857,20.7715,21.0062,42.0124,73.8047,105.031,10.5031,0.0,3.553178,5.056507,1.091773,21,84,13,2,0.00589380,0.01282534,0.37042689,0E-8,0.000000,0.890384,0.000000,-0.35972167,2026-03-25,2026-07-31,18,115,89,129,0.139535,0.207877,0.212545,0.019646,,,,,,,,GLOBAL_BASELINE_NO_ENTITY_RANKING,,,NOT_APPLICABLE_GLOBAL_BASELINE,HF9g-P5,,,,X 全窗基线 · 不参与实体赏罚,6870497,688,A168_HF9F_20260827_0900,2026-08-27 09:00:00
2026-05-30,146450109,763,0,291.9861359100,-234.6392185694,-234.6392185694,0.2000000,5,5,0.50396966000000000,0.503969660000,-1.3594364909357963,-1.3594364909357963,-1.3594364909357963,0E-17,ELIGIBLE,R03b_20260811_FULL_v1,L1_ELIGIBILITY,v2026-08-11,2026-03-21..2026-08-06,baccarat_bet02_101_all_pairs_incl_sentinel,round_win = game_pnl > 0 (decisive only),COMPATIBILITY_ONLY_NOT_PRODUCTION,13085.0393,11650.7125,167.8201,577,577,-0.01282534,-0.37042689,-0.01070522,-0.01282534,-167.8201,13085.0393,OK,0.0000,6.7128,4.0000,96.0000,AG03-UNRESOLVED,ALL5_LEVELS_bet23_to_bet27,6.7128,6.7128,6.7128,10.0692,10.0692,4.000000,4.000000,4.000000,6.000000,6.000000,96.000000,96.000000,96.000000,94.000000,94.000000,5.0,40.2768,36.6263,127.5433,131.1939,PENDING_AG03,FALSE,NOT_FOR_ENFORCEMENT,161.1073,11184.6840,167.8201,161.1073,6.7128,0.01282534,0.01231233,6.7128,161.1073,0.01231233,6.7128,6.7128,6.7128,10.0692,10.0692,161.1073,0.01231233,40.2768,36.6263,127.5433,131.1939,0.00974726,0.01002625,0.00051301,22.6777,20.1919,0.2908,9.3233,1.4593,726.9466,32.0556,4.8200,23.1870,10.3857,20.7715,21.0062,42.0124,73.8047,105.031,10.5031,0.0,3.553178,5.056507,1.091773,21,84,13,2,0.00589380,0.01282534,0.37042689,0E-8,0.000000,0.890384,0.000000,-0.35972167,2026-03-25,2026-07-31,18,115,89,129,0.139535,0.207877,0.212545,0.019646,,,,,,,,GLOBAL_BASELINE_NO_ENTITY_RANKING,,,NOT_APPLICABLE_GLOBAL_BASELINE,HF9g-P5,,,,X 全窗基线 · 不参与实体赏罚,6870498,688,A168_HF9F_20260827_0900,2026-08-27 09:00:00
2026-05-31,146450109,-1,1,42.0123936562,-1.0503098414,-1.0503098414,0.5000000,2,2,0.50665070000000000,0.506650700000,-0.018812684590367487,-0.018812684590367487,-0.018812684590367487,0E-17,SENTINEL_DEALER,R03b_20260811_FULL_v1,L1_ELIGIBILITY,v2026-08-11,2026-03-21..2026-08-06,baccarat_bet02_101_all_pairs_incl_sentinel,round_win = game_pnl > 0 (decisive only),COMPATIBILITY_ONLY_NOT_PRODUCTION,13085.0393,11650.7125,167.8201,577,577,-0.01282534,-0.37042689,-0.01070522,-0.01282534,-167.8201,13085.0393,OK,0.0000,6.7128,4.0000,96.0000,AG03-UNRESOLVED,ALL5_LEVELS_bet23_to_bet27,6.7128,6.7128,6.7128,10.0692,10.0692,4.000000,4.000000,4.000000,6.000000,6.000000,96.000000,96.000000,96.000000,94.000000,94.000000,5.0,40.2768,36.6263,127.5433,131.1939,PENDING_AG03,FALSE,NOT_FOR_ENFORCEMENT,161.1073,11184.6840,167.8201,161.1073,6.7128,0.01282534,0.01231233,6.7128,161.1073,0.01231233,6.7128,6.7128,6.7128,10.0692,10.0692,161.1073,0.01231233,40.2768,36.6263,127.5433,131.1939,0.00974726,0.01002625,0.00051301,22.6777,20.1919,0.2908,9.3233,1.4593,726.9466,32.0556,4.8200,23.1870,10.3857,20.7715,21.0062,42.0124,73.8047,105.031,10.5031,0.0,3.553178,5.056507,1.091773,21,84,13,2,0.00589380,0.01282534,0.37042689,0E-8,0.000000,0.890384,0.000000,-0.35972167,2026-03-25,2026-07-31,18,115,89,129,0.139535,0.207877,0.212545,0.019646,,,,,,,,GLOBAL_BASELINE_NO_ENTITY_RANKING,,,NOT_APPLICABLE_GLOBAL_BASELINE,HF9g-P5,,,,X 全窗基线 · 不参与实体赏罚,6870499,688,A168_HF9F_20260827_0900,2026-08-27 09:00:00
2026-05-31,146450109,1094,0,155.7858878760,27.0028872316,27.0028872316,0.5714286,8,8,0.50497505000000000,0.504975050000,0.3516563911007167,0.3516563911007167,0.3516563911007167,0E-17,ELIGIBLE,R03b_20260811_FULL_v1,L1_ELIGIBILITY,v2026-08-11,2026-03-21..2026-08-06,baccarat_bet02_101_all_pairs_incl_sentinel,round_win = game_pnl > 0 (decisive only),COMPATIBILITY_ONLY_NOT_PRODUCTION,13085.0393,11650.7125,167.8201,577,577,-0.01282534,-0.37042689,-0.01070522,-0.01282534,-167.8201,13085.0393,OK,0.0000,6.7128,4.0000,96.0000,AG03-UNRESOLVED,ALL5_LEVELS_bet23_to_bet27,6.7128,6.7128,6.7128,10.0692,10.0692,4.000000,4.000000,4.000000,6.000000,6.000000,96.000000,96.000000,96.000000,94.000000,94.000000,5.0,40.2768,36.6263,127.5433,131.1939,PENDING_AG03,FALSE,NOT_FOR_ENFORCEMENT,161.1073,11184.6840,167.8201,161.1073,6.7128,0.01282534,0.01231233,6.7128,161.1073,0.01231233,6.7128,6.7128,6.7128,10.0692,10.0692,161.1073,0.01231233,40.2768,36.6263,127.5433,131.1939,0.00974726,0.01002625,0.00051301,22.6777,20.1919,0.2908,9.3233,1.4593,726.9466,32.0556,4.8200,23.1870,10.3857,20.7715,21.0062,42.0124,73.8047,105.031,10.5031,0.0,3.553178,5.056507,1.091773,21,84,13,2,0.00589380,0.01282534,0.37042689,0E-8,0.000000,0.890384,0.000000,-0.35972167,2026-03-25,2026-07-31,18,115,89,129,0.139535,0.207877,0.212545,0.019646,,,,,,,,GLOBAL_BASELINE_NO_ENTITY_RANKING,,,NOT_APPLICABLE_GLOBAL_BASELINE,HF9g-P5,,,,X 全窗基线 · 不参与实体赏罚,6870500,688,A168_HF9F_20260827_0900,2026-08-27 09:00:00
2026-05-31,146450109,1151,0,361.5166474109,-64.4890242623,-64.4890242623,0.4444444,9,9,0.49324550000000000,0.493245500000,-0.29283305455567077,-0.29283305455567077,-0.29283305455567077,0E-17,ELIGIBLE,R03b_20260811_FULL_v1,L1_ELIGIBILITY,v2026-08-11,2026-03-21..2026-08-06,baccarat_bet02_101_all_pairs_incl_sentinel,round_win = game_pnl > 0 (decisive only),COMPATIBILITY_ONLY_NOT_PRODUCTION,13085.0393,11650.7125,167.8201,577,577,-0.01282534,-0.37042689,-0.01070522,-0.01282534,-167.8201,13085.0393,OK,0.0000,6.7128,4.0000,96.0000,AG03-UNRESOLVED,ALL5_LEVELS_bet23_to_bet27,6.7128,6.7128,6.7128,10.0692,10.0692,4.000000,4.000000,4.000000,6.000000,6.000000,96.000000,96.000000,96.000000,94.000000,94.000000,5.0,40.2768,36.6263,127.5433,131.1939,PENDING_AG03,FALSE,NOT_FOR_ENFORCEMENT,161.1073,11184.6840,167.8201,161.1073,6.7128,0.01282534,0.01231233,6.7128,161.1073,0.01231233,6.7128,6.7128,6.7128,10.0692,10.0692,161.1073,0.01231233,40.2768,36.6263,127.5433,131.1939,0.00974726,0.01002625,0.00051301,22.6777,20.1919,0.2908,9.3233,1.4593,726.9466,32.0556,4.8200,23.1870,10.3857,20.7715,21.0062,42.0124,73.8047,105.031,10.5031,0.0,3.553178,5.056507,1.091773,21,84,13,2,0.00589380,0.01282534,0.37042689,0E-8,0.000000,0.890384,0.000000,-0.35972167,2026-03-25,2026-07-31,18,115,89,129,0.139535,0.207877,0.212545,0.019646,,,,,,,,GLOBAL_BASELINE_NO_ENTITY_RANKING,,,NOT_APPLICABLE_GLOBAL_BASELINE,HF9g-P5,,,,X 全窗基线 · 不参与实体赏罚,6870501,688,A168_HF9F_20260827_0900,2026-08-27 09:00:00
2026-05-31,146450109,1299,0,41.5429034336,-20.7714517168,-20.7714517168,0E-7,2,2,0.49324550000000000,0.493245500000,-0.9865810262130424,-0.9865810262130424,-0.9865810262130424,0E-17,ELIGIBLE,R03b_20260811_FULL_v1,L1_ELIGIBILITY,v2026-08-11,2026-03-21..2026-08-06,baccarat_bet02_101_all_pairs_incl_sentinel,round_win = game_pnl > 0 (decisive only),COMPATIBILITY_ONLY_NOT_PRODUCTION,13085.0393,11650.7125,167.8201,577,577,-0.01282534,-0.37042689,-0.01070522,-0.01282534,-167.8201,13085.0393,OK,0.0000,6.7128,4.0000,96.0000,AG03-UNRESOLVED,ALL5_LEVELS_bet23_to_bet27,6.7128,6.7128,6.7128,10.0692,10.0692,4.000000,4.000000,4.000000,6.000000,6.000000,96.000000,96.000000,96.000000,94.000000,94.000000,5.0,40.2768,36.6263,127.5433,131.1939,PENDING_AG03,FALSE,NOT_FOR_ENFORCEMENT,161.1073,11184.6840,167.8201,161.1073,6.7128,0.01282534,0.01231233,6.7128,161.1073,0.01231233,6.7128,6.7128,6.7128,10.0692,10.0692,161.1073,0.01231233,40.2768,36.6263,127.5433,131.1939,0.00974726,0.01002625,0.00051301,22.6777,20.1919,0.2908,9.3233,1.4593,726.9466,32.0556,4.8200,23.1870,10.3857,20.7715,21.0062,42.0124,73.8047,105.031,10.5031,0.0,3.553178,5.056507,1.091773,21,84,13,2,0.00589380,0.01282534,0.37042689,0E-8,0.000000,0.890384,0.000000,-0.35972167,2026-03-25,2026-07-31,18,115,89,129,0.139535,0.207877,0.212545,0.019646,,,,,,,,GLOBAL_BASELINE_NO_ENTITY_RANKING,,,NOT_APPLICABLE_GLOBAL_BASELINE,HF9g-P5,,,,X 全窗基线 · 不参与实体赏罚,6870502,688,A168_HF9F_20260827_0900,2026-08-27 09:00:00
2026-05-31,146450109,1385,0,104.1907362670,62.1783426110,62.1783426110,0.6666667,6,6,0.49324550000000000,0.493245500000,0.8496642703256836,0.8496642703256835,0.8496642703256836,0E-17,ELIGIBLE,R03b_20260811_FULL_v1,L1_ELIGIBILITY,v2026-08-11,2026-03-21..2026-08-06,baccarat_bet02_101_all_pairs_incl_sentinel,round_win = game_pnl > 0 (decisive only),COMPATIBILITY_ONLY_NOT_PRODUCTION,13085.0393,11650.7125,167.8201,577,577,-0.01282534,-0.37042689,-0.01070522,-0.01282534,-167.8201,13085.0393,OK,0.0000,6.7128,4.0000,96.0000,AG03-UNRESOLVED,ALL5_LEVELS_bet23_to_bet27,6.7128,6.7128,6.7128,10.0692,10.0692,4.000000,4.000000,4.000000,6.000000,6.000000,96.000000,96.000000,96.000000,94.000000,94.000000,5.0,40.2768,36.6263,127.5433,131.1939,PENDING_AG03,FALSE,NOT_FOR_ENFORCEMENT,161.1073,11184.6840,167.8201,161.1073,6.7128,0.01282534,0.01231233,6.7128,161.1073,0.01231233,6.7128,6.7128,6.7128,10.0692,10.0692,161.1073,0.01231233,40.2768,36.6263,127.5433,131.1939,0.00974726,0.01002625,0.00051301,22.6777,20.1919,0.2908,9.3233,1.4593,726.9466,32.0556,4.8200,23.1870,10.3857,20.7715,21.0062,42.0124,73.8047,105.031,10.5031,0.0,3.553178,5.056507,1.091773,21,84,13,2,0.00589380,0.01282534,0.37042689,0E-8,0.000000,0.890384,0.000000,-0.35972167,2026-03-25,2026-07-31,18,115,89,129,0.139535,0.207877,0.212545,0.019646,,,,,,,,GLOBAL_BASELINE_NO_ENTITY_RANKING,,,NOT_APPLICABLE_GLOBAL_BASELINE,HF9g-P5,,,,X 全窗基线 · 不参与实体赏罚,6870503,688,A168_HF9F_20260827_0900,2026-08-27 09:00:00
2026-05-31,146450109,1396,0,51.9286292919,-11.4242984442,-11.4242984442,0.5000000,2,2,0.50665070000000000,0.506650700000,-0.018812684590367487,-0.018812684590367487,-0.018812684590367487,0E-17,ELIGIBLE,R03b_20260811_FULL_v1,L1_ELIGIBILITY,v2026-08-11,2026-03-21..2026-08-06,baccarat_bet02_101_all_pairs_incl_sentinel,round_win = game_pnl > 0 (decisive only),COMPATIBILITY_ONLY_NOT_PRODUCTION,13085.0393,11650.7125,167.8201,577,577,-0.01282534,-0.37042689,-0.01070522,-0.01282534,-167.8201,13085.0393,OK,0.0000,6.7128,4.0000,96.0000,AG03-UNRESOLVED,ALL5_LEVELS_bet23_to_bet27,6.7128,6.7128,6.7128,10.0692,10.0692,4.000000,4.000000,4.000000,6.000000,6.000000,96.000000,96.000000,96.000000,94.000000,94.000000,5.0,40.2768,36.6263,127.5433,131.1939,PENDING_AG03,FALSE,NOT_FOR_ENFORCEMENT,161.1073,11184.6840,167.8201,161.1073,6.7128,0.01282534,0.01231233,6.7128,161.1073,0.01231233,6.7128,6.7128,6.7128,10.0692,10.0692,161.1073,0.01231233,40.2768,36.6263,127.5433,131.1939,0.00974726,0.01002625,0.00051301,22.6777,20.1919,0.2908,9.3233,1.4593,726.9466,32.0556,4.8200,23.1870,10.3857,20.7715,21.0062,42.0124,73.8047,105.031,10.5031,0.0,3.553178,5.056507,1.091773,21,84,13,2,0.00589380,0.01282534,0.37042689,0E-8,0.000000,0.890384,0.000000,-0.35972167,2026-03-25,2026-07-31,18,115,89,129,0.139535,0.207877,0.212545,0.019646,,,,,,,,GLOBAL_BASELINE_NO_ENTITY_RANKING,,,NOT_APPLICABLE_GLOBAL_BASELINE,HF9g-P5,,,,X 全窗基线 · 不参与实体赏罚,6870504,688,A168_HF9F_20260827_0900,2026-08-27 09:00:00
2026-05-31,146450109,1704,0,502.6691315461,126.7058554724,126.7058554724,0.6666667,24,24,0.49324550000000000,0.493245500000,1.5895762966709923,1.5895762966709923,1.5895762966709923,0E-17,ELIGIBLE,R03b_20260811_FULL_v1,L1_ELIGIBILITY,v2026-08-11,2026-03-21..2026-08-06,baccarat_bet02_101_all_pairs_incl_sentinel,round_win = game_pnl > 0 (decisive only),COMPATIBILITY_ONLY_NOT_PRODUCTION,13085.0393,11650.7125,167.8201,577,577,-0.01282534,-0.37042689,-0.01070522,-0.01282534,-167.8201,13085.0393,OK,0.0000,6.7128,4.0000,96.0000,AG03-UNRESOLVED,ALL5_LEVELS_bet23_to_bet27,6.7128,6.7128,6.7128,10.0692,10.0692,4.000000,4.000000,4.000000,6.000000,6.000000,96.000000,96.000000,96.000000,94.000000,94.000000,5.0,40.2768,36.6263,127.5433,131.1939,PENDING_AG03,FALSE,NOT_FOR_ENFORCEMENT,161.1073,11184.6840,167.8201,161.1073,6.7128,0.01282534,0.01231233,6.7128,161.1073,0.01231233,6.7128,6.7128,6.7128,10.0692,10.0692,161.1073,0.01231233,40.2768,36.6263,127.5433,131.1939,0.00974726,0.01002625,0.00051301,22.6777,20.1919,0.2908,9.3233,1.4593,726.9466,32.0556,4.8200,23.1870,10.3857,20.7715,21.0062,42.0124,73.8047,105.031,10.5031,0.0,3.553178,5.056507,1.091773,21,84,13,2,0.00589380,0.01282534,0.37042689,0E-8,0.000000,0.890384,0.000000,-0.35972167,2026-03-25,2026-07-31,18,115,89,129,0.139535,0.207877,0.212545,0.019646,,,,,,,,GLOBAL_BASELINE_NO_ENTITY_RANKING,,,NOT_APPLICABLE_GLOBAL_BASELINE,HF9g-P5,,,,X 全窗基线 · 不参与实体赏罚,6870505,688,A168_HF9F_20260827_0900,2026-08-27 09:00:00
2026-05-31,146450109,1985,0,189.6433541742,-65.0146438736,-65.0146438736,0.3000000,10,10,0.49592654000000000,0.495926540000,-1.239189365562131,-1.239189365562131,-1.239189365562131,0E-17,ELIGIBLE,R03b_20260811_FULL_v1,L1_ELIGIBILITY,v2026-08-11,2026-03-21..2026-08-06,baccarat_bet02_101_all_pairs_incl_sentinel,round_win = game_pnl > 0 (decisive only),COMPATIBILITY_ONLY_NOT_PRODUCTION,13085.0393,11650.7125,167.8201,577,577,-0.01282534,-0.37042689,-0.01070522,-0.01282534,-167.8201,13085.0393,OK,0.0000,6.7128,4.0000,96.0000,AG03-UNRESOLVED,ALL5_LEVELS_bet23_to_bet27,6.7128,6.7128,6.7128,10.0692,10.0692,4.000000,4.000000,4.000000,6.000000,6.000000,96.000000,96.000000,96.000000,94.000000,94.000000,5.0,40.2768,36.6263,127.5433,131.1939,PENDING_AG03,FALSE,NOT_FOR_ENFORCEMENT,161.1073,11184.6840,167.8201,161.1073,6.7128,0.01282534,0.01231233,6.7128,161.1073,0.01231233,6.7128,6.7128,6.7128,10.0692,10.0692,161.1073,0.01231233,40.2768,36.6263,127.5433,131.1939,0.00974726,0.01002625,0.00051301,22.6777,20.1919,0.2908,9.3233,1.4593,726.9466,32.0556,4.8200,23.1870,10.3857,20.7715,21.0062,42.0124,73.8047,105.031,10.5031,0.0,3.553178,5.056507,1.091773,21,84,13,2,0.00589380,0.01282534,0.37042689,0E-8,0.000000,0.890384,0.000000,-0.35972167,2026-03-25,2026-07-31,18,115,89,129,0.139535,0.207877,0.212545,0.019646,,,,,,,,GLOBAL_BASELINE_NO_ENTITY_RANKING,,,NOT_APPLICABLE_GLOBAL_BASELINE,HF9g-P5,,,,X 全窗基线 · 不参与实体赏罚,6870506,688,A168_HF9F_20260827_0900,2026-08-27 09:00:00
2026-05-31,146450109,1990,0,83.0858068675,-8.7240097214,-8.7240097214,0.3846154,14,14,0.49803307142857143,0.498033071429,-0.8178728991098438,-0.8178728991129317,-0.8178728991098438,-4.2857E-13,ELIGIBLE,R03b_20260811_FULL_v1,L1_ELIGIBILITY,v2026-08-11,2026-03-21..2026-08-06,baccarat_bet02_101_all_pairs_incl_sentinel,round_win = game_pnl > 0 (decisive only),COMPATIBILITY_ONLY_NOT_PRODUCTION,13085.0393,11650.7125,167.8201,577,577,-0.01282534,-0.37042689,-0.01070522,-0.01282534,-167.8201,13085.0393,OK,0.0000,6.7128,4.0000,96.0000,AG03-UNRESOLVED,ALL5_LEVELS_bet23_to_bet27,6.7128,6.7128,6.7128,10.0692,10.0692,4.000000,4.000000,4.000000,6.000000,6.000000,96.000000,96.000000,96.000000,94.000000,94.000000,5.0,40.2768,36.6263,127.5433,131.1939,PENDING_AG03,FALSE,NOT_FOR_ENFORCEMENT,161.1073,11184.6840,167.8201,161.1073,6.7128,0.01282534,0.01231233,6.7128,161.1073,0.01231233,6.7128,6.7128,6.7128,10.0692,10.0692,161.1073,0.01231233,40.2768,36.6263,127.5433,131.1939,0.00974726,0.01002625,0.00051301,22.6777,20.1919,0.2908,9.3233,1.4593,726.9466,32.0556,4.8200,23.1870,10.3857,20.7715,21.0062,42.0124,73.8047,105.031,10.5031,0.0,3.553178,5.056507,1.091773,21,84,13,2,0.00589380,0.01282534,0.37042689,0E-8,0.000000,0.890384,0.000000,-0.35972167,2026-03-25,2026-07-31,18,115,89,129,0.139535,0.207877,0.212545,0.019646,,,,,,,,GLOBAL_BASELINE_NO_ENTITY_RANKING,,,NOT_APPLICABLE_GLOBAL_BASELINE,HF9g-P5,,,,X 全窗基线 · 不参与实体赏罚,6870507,688,A168_HF9F_20260827_0900,2026-08-27 09:00:00
2026-05-31,146450109,2106,0,252.0743619369,-87.7008717571,-87.7008717571,0.4000000,11,11,0.50665070000000000,0.506650700000,-0.6745779303487851,-0.6745779303487851,-0.6745779303487851,0E-17,ELIGIBLE,R03b_20260811_FULL_v1,L1_ELIGIBILITY,v2026-08-11,2026-03-21..2026-08-06,baccarat_bet02_101_all_pairs_incl_sentinel,round_win = game_pnl > 0 (decisive only),COMPATIBILITY_ONLY_NOT_PRODUCTION,13085.0393,11650.7125,167.8201,577,577,-0.01282534,-0.37042689,-0.01070522,-0.01282534,-167.8201,13085.0393,OK,0.0000,6.7128,4.0000,96.0000,AG03-UNRESOLVED,ALL5_LEVELS_bet23_to_bet27,6.7128,6.7128,6.7128,10.0692,10.0692,4.000000,4.000000,4.000000,6.000000,6.000000,96.000000,96.000000,96.000000,94.000000,94.000000,5.0,40.2768,36.6263,127.5433,131.1939,PENDING_AG03,FALSE,NOT_FOR_ENFORCEMENT,161.1073,11184.6840,167.8201,161.1073,6.7128,0.01282534,0.01231233,6.7128,161.1073,0.01231233,6.7128,6.7128,6.7128,10.0692,10.0692,161.1073,0.01231233,40.2768,36.6263,127.5433,131.1939,0.00974726,0.01002625,0.00051301,22.6777,20.1919,0.2908,9.3233,1.4593,726.9466,32.0556,4.8200,23.1870,10.3857,20.7715,21.0062,42.0124,73.8047,105.031,10.5031,0.0,3.553178,5.056507,1.091773,21,84,13,2,0.00589380,0.01282534,0.37042689,0E-8,0.000000,0.890384,0.000000,-0.35972167,2026-03-25,2026-07-31,18,115,89,129,0.139535,0.207877,0.212545,0.019646,,,,,,,,GLOBAL_BASELINE_NO_ENTITY_RANKING,,,NOT_APPLICABLE_GLOBAL_BASELINE,HF9g-P5,,,,X 全窗基线 · 不参与实体赏罚,6870508,688,A168_HF9F_20260827_0900,2026-08-27 09:00:00
2026-05-31,146450109,2127,0,8.1008661695,-8.1008661695,-8.1008661695,0E-7,1,1,0.49324550000000000,0.493245500000,-0.9865810262130424,-0.9865810262130424,-0.9865810262130424,0E-17,ELIGIBLE,R03b_20260811_FULL_v1,L1_ELIGIBILITY,v2026-08-11,2026-03-21..2026-08-06,baccarat_bet02_101_all_pairs_incl_sentinel,round_win = game_pnl > 0 (decisive only),COMPATIBILITY_ONLY_NOT_PRODUCTION,13085.0393,11650.7125,167.8201,577,577,-0.01282534,-0.37042689,-0.01070522,-0.01282534,-167.8201,13085.0393,OK,0.0000,6.7128,4.0000,96.0000,AG03-UNRESOLVED,ALL5_LEVELS_bet23_to_bet27,6.7128,6.7128,6.7128,10.0692,10.0692,4.000000,4.000000,4.000000,6.000000,6.000000,96.000000,96.000000,96.000000,94.000000,94.000000,5.0,40.2768,36.6263,127.5433,131.1939,PENDING_AG03,FALSE,NOT_FOR_ENFORCEMENT,161.1073,11184.6840,167.8201,161.1073,6.7128,0.01282534,0.01231233,6.7128,161.1073,0.01231233,6.7128,6.7128,6.7128,10.0692,10.0692,161.1073,0.01231233,40.2768,36.6263,127.5433,131.1939,0.00974726,0.01002625,0.00051301,22.6777,20.1919,0.2908,9.3233,1.4593,726.9466,32.0556,4.8200,23.1870,10.3857,20.7715,21.0062,42.0124,73.8047,105.031,10.5031,0.0,3.553178,5.056507,1.091773,21,84,13,2,0.00589380,0.01282534,0.37042689,0E-8,0.000000,0.890384,0.000000,-0.35972167,2026-03-25,2026-07-31,18,115,89,129,0.139535,0.207877,0.212545,0.019646,,,,,,,,GLOBAL_BASELINE_NO_ENTITY_RANKING,,,NOT_APPLICABLE_GLOBAL_BASELINE,HF9g-P5,,,,X 全窗基线 · 不参与实体赏罚,6870509,688,A168_HF9F_20260827_0900,2026-08-27 09:00:00
2026-05-31,146450109,2155,0,519.2862929191,-145.4001620173,-145.4001620173,0.4000000,16,16,0.49408332500000000,0.494083325000,-0.72881733102746,-0.72881733102746,-0.72881733102746,0E-17,ELIGIBLE,R03b_20260811_FULL_v1,L1_ELIGIBILITY,v2026-08-11,2026-03-21..2026-08-06,baccarat_bet02_101_all_pairs_incl_sentinel,round_win = game_pnl > 0 (decisive only),COMPATIBILITY_ONLY_NOT_PRODUCTION,13085.0393,11650.7125,167.8201,577,577,-0.01282534,-0.37042689,-0.01070522,-0.01282534,-167.8201,13085.0393,OK,0.0000,6.7128,4.0000,96.0000,AG03-UNRESOLVED,ALL5_LEVELS_bet23_to_bet27,6.7128,6.7128,6.7128,10.0692,10.0692,4.000000,4.000000,4.000000,6.000000,6.000000,96.000000,96.000000,96.000000,94.000000,94.000000,5.0,40.2768,36.6263,127.5433,131.1939,PENDING_AG03,FALSE,NOT_FOR_ENFORCEMENT,161.1073,11184.6840,167.8201,161.1073,6.7128,0.01282534,0.01231233,6.7128,161.1073,0.01231233,6.7128,6.7128,6.7128,10.0692,10.0692,161.1073,0.01231233,40.2768,36.6263,127.5433,131.1939,0.00974726,0.01002625,0.00051301,22.6777,20.1919,0.2908,9.3233,1.4593,726.9466,32.0556,4.8200,23.1870,10.3857,20.7715,21.0062,42.0124,73.8047,105.031,10.5031,0.0,3.553178,5.056507,1.091773,21,84,13,2,0.00589380,0.01282534,0.37042689,0E-8,0.000000,0.890384,0.000000,-0.35972167,2026-03-25,2026-07-31,18,115,89,129,0.139535,0.207877,0.212545,0.019646,,,,,,,,GLOBAL_BASELINE_NO_ENTITY_RANKING,,,NOT_APPLICABLE_GLOBAL_BASELINE,HF9g-P5,,,,X 全窗基线 · 不参与实体赏罚,6870510,688,A168_HF9F_20260827_0900,2026-08-27 09:00:00
2026-05-31,146450109,2167,0,135.2799075729,38.3993278018,38.3993278018,0.6666667,6,6,0.50665070000000000,0.506650700000,0.7839842952205449,0.7839842952205449,0.7839842952205449,0E-17,ELIGIBLE,R03b_20260811_FULL_v1,L1_ELIGIBILITY,v2026-08-11,2026-03-21..2026-08-06,baccarat_bet02_101_all_pairs_incl_sentinel,round_win = game_pnl > 0 (decisive only),COMPATIBILITY_ONLY_NOT_PRODUCTION,13085.0393,11650.7125,167.8201,577,577,-0.01282534,-0.37042689,-0.01070522,-0.01282534,-167.8201,13085.0393,OK,0.0000,6.7128,4.0000,96.0000,AG03-UNRESOLVED,ALL5_LEVELS_bet23_to_bet27,6.7128,6.7128,6.7128,10.0692,10.0692,4.000000,4.000000,4.000000,6.000000,6.000000,96.000000,96.000000,96.000000,94.000000,94.000000,5.0,40.2768,36.6263,127.5433,131.1939,PENDING_AG03,FALSE,NOT_FOR_ENFORCEMENT,161.1073,11184.6840,167.8201,161.1073,6.7128,0.01282534,0.01231233,6.7128,161.1073,0.01231233,6.7128,6.7128,6.7128,10.0692,10.0692,161.1073,0.01231233,40.2768,36.6263,127.5433,131.1939,0.00974726,0.01002625,0.00051301,22.6777,20.1919,0.2908,9.3233,1.4593,726.9466,32.0556,4.8200,23.1870,10.3857,20.7715,21.0062,42.0124,73.8047,105.031,10.5031,0.0,3.553178,5.056507,1.091773,21,84,13,2,0.00589380,0.01282534,0.37042689,0E-8,0.000000,0.890384,0.000000,-0.35972167,2026-03-25,2026-07-31,18,115,89,129,0.139535,0.207877,0.212545,0.019646,,,,,,,,GLOBAL_BASELINE_NO_ENTITY_RANKING,,,NOT_APPLICABLE_GLOBAL_BASELINE,HF9g-P5,,,,X 全窗基线 · 不参与实体赏罚,6870511,688,A168_HF9F_20260827_0900,2026-08-27 09:00:00
2026-05-31,146450109,2201,0,145.4001620175,-41.5429034335,-41.5429034335,0.3750000,8,8,0.49492115000000000,0.494921150000,-0.6784114667483717,-0.6784114667483717,-0.6784114667483717,0E-17,ELIGIBLE,R03b_20260811_FULL_v1,L1_ELIGIBILITY,v2026-08-11,2026-03-21..2026-08-06,baccarat_bet02_101_all_pairs_incl_sentinel,round_win = game_pnl > 0 (decisive only),COMPATIBILITY_ONLY_NOT_PRODUCTION,13085.0393,11650.7125,167.8201,577,577,-0.01282534,-0.37042689,-0.01070522,-0.01282534,-167.8201,13085.0393,OK,0.0000,6.7128,4.0000,96.0000,AG03-UNRESOLVED,ALL5_LEVELS_bet23_to_bet27,6.7128,6.7128,6.7128,10.0692,10.0692,4.000000,4.000000,4.000000,6.000000,6.000000,96.000000,96.000000,96.000000,94.000000,94.000000,5.0,40.2768,36.6263,127.5433,131.1939,PENDING_AG03,FALSE,NOT_FOR_ENFORCEMENT,161.1073,11184.6840,167.8201,161.1073,6.7128,0.01282534,0.01231233,6.7128,161.1073,0.01231233,6.7128,6.7128,6.7128,10.0692,10.0692,161.1073,0.01231233,40.2768,36.6263,127.5433,131.1939,0.00974726,0.01002625,0.00051301,22.6777,20.1919,0.2908,9.3233,1.4593,726.9466,32.0556,4.8200,23.1870,10.3857,20.7715,21.0062,42.0124,73.8047,105.031,10.5031,0.0,3.553178,5.056507,1.091773,21,84,13,2,0.00589380,0.01282534,0.37042689,0E-8,0.000000,0.890384,0.000000,-0.35972167,2026-03-25,2026-07-31,18,115,89,129,0.139535,0.207877,0.212545,0.019646,,,,,,,,GLOBAL_BASELINE_NO_ENTITY_RANKING,,,NOT_APPLICABLE_GLOBAL_BASELINE,HF9g-P5,,,,X 全窗基线 · 不参与实体赏罚,6870512,688,A168_HF9F_20260827_0900,2026-08-27 09:00:00
2026-05-31,146450109,2222,0,41.5429034336,29.5993186965,29.5993186965,1.0000000,4,4,0.50665070000000000,0.506650700000,1.7091633124209307,1.7091633124209307,1.7091633124209307,0E-17,ELIGIBLE,R03b_20260811_FULL_v1,L1_ELIGIBILITY,v2026-08-11,2026-03-21..2026-08-06,baccarat_bet02_101_all_pairs_incl_sentinel,round_win = game_pnl > 0 (decisive only),COMPATIBILITY_ONLY_NOT_PRODUCTION,13085.0393,11650.7125,167.8201,577,577,-0.01282534,-0.37042689,-0.01070522,-0.01282534,-167.8201,13085.0393,OK,0.0000,6.7128,4.0000,96.0000,AG03-UNRESOLVED,ALL5_LEVELS_bet23_to_bet27,6.7128,6.7128,6.7128,10.0692,10.0692,4.000000,4.000000,4.000000,6.000000,6.000000,96.000000,96.000000,96.000000,94.000000,94.000000,5.0,40.2768,36.6263,127.5433,131.1939,PENDING_AG03,FALSE,NOT_FOR_ENFORCEMENT,161.1073,11184.6840,167.8201,161.1073,6.7128,0.01282534,0.01231233,6.7128,161.1073,0.01231233,6.7128,6.7128,6.7128,10.0692,10.0692,161.1073,0.01231233,40.2768,36.6263,127.5433,131.1939,0.00974726,0.01002625,0.00051301,22.6777,20.1919,0.2908,9.3233,1.4593,726.9466,32.0556,4.8200,23.1870,10.3857,20.7715,21.0062,42.0124,73.8047,105.031,10.5031,0.0,3.553178,5.056507,1.091773,21,84,13,2,0.00589380,0.01282534,0.37042689,0E-8,0.000000,0.890384,0.000000,-0.35972167,2026-03-25,2026-07-31,18,115,89,129,0.139535,0.207877,0.212545,0.019646,,,,,,,,GLOBAL_BASELINE_NO_ENTITY_RANKING,,,NOT_APPLICABLE_GLOBAL_BASELINE,HF9g-P5,,,,X 全窗基线 · 不参与实体赏罚,6870513,688,A168_HF9F_20260827_0900,2026-08-27 09:00:00
2026-05-31,146450109,462,0,317.8032112666,59.7698523149,59.7698523149,0.5454545,12,12,0.49994810000000000,0.499948100000,0.30185561185716514,0.30185561185716514,0.30185561185716514,0E-17,ELIGIBLE,R03b_20260811_FULL_v1,L1_ELIGIBILITY,v2026-08-11,2026-03-21..2026-08-06,baccarat_bet02_101_all_pairs_incl_sentinel,round_win = game_pnl > 0 (decisive only),COMPATIBILITY_ONLY_NOT_PRODUCTION,13085.0393,11650.7125,167.8201,577,577,-0.01282534,-0.37042689,-0.01070522,-0.01282534,-167.8201,13085.0393,OK,0.0000,6.7128,4.0000,96.0000,AG03-UNRESOLVED,ALL5_LEVELS_bet23_to_bet27,6.7128,6.7128,6.7128,10.0692,10.0692,4.000000,4.000000,4.000000,6.000000,6.000000,96.000000,96.000000,96.000000,94.000000,94.000000,5.0,40.2768,36.6263,127.5433,131.1939,PENDING_AG03,FALSE,NOT_FOR_ENFORCEMENT,161.1073,11184.6840,167.8201,161.1073,6.7128,0.01282534,0.01231233,6.7128,161.1073,0.01231233,6.7128,6.7128,6.7128,10.0692,10.0692,161.1073,0.01231233,40.2768,36.6263,127.5433,131.1939,0.00974726,0.01002625,0.00051301,22.6777,20.1919,0.2908,9.3233,1.4593,726.9466,32.0556,4.8200,23.1870,10.3857,20.7715,21.0062,42.0124,73.8047,105.031,10.5031,0.0,3.553178,5.056507,1.091773,21,84,13,2,0.00589380,0.01282534,0.37042689,0E-8,0.000000,0.890384,0.000000,-0.35972167,2026-03-25,2026-07-31,18,115,89,129,0.139535,0.207877,0.212545,0.019646,,,,,,,,GLOBAL_BASELINE_NO_ENTITY_RANKING,,,NOT_APPLICABLE_GLOBAL_BASELINE,HF9g-P5,,,,X 全窗基线 · 不参与实体赏罚,6870514,688,A168_HF9F_20260827_0900,2026-08-27 09:00:00
2026-05-31,146450109,772,0,207.7145171678,-44.6586211912,-44.6586211912,0.3750000,9,9,0.50069283333333333,0.500692833333,-0.7110267209840203,-0.7110267209821342,-0.7110267209840203,3.3333E-13,ELIGIBLE,R03b_20260811_FULL_v1,L1_ELIGIBILITY,v2026-08-11,2026-03-21..2026-08-06,baccarat_bet02_101_all_pairs_incl_sentinel,round_win = game_pnl > 0 (decisive only),COMPATIBILITY_ONLY_NOT_PRODUCTION,13085.0393,11650.7125,167.8201,577,577,-0.01282534,-0.37042689,-0.01070522,-0.01282534,-167.8201,13085.0393,OK,0.0000,6.7128,4.0000,96.0000,AG03-UNRESOLVED,ALL5_LEVELS_bet23_to_bet27,6.7128,6.7128,6.7128,10.0692,10.0692,4.000000,4.000000,4.000000,6.000000,6.000000,96.000000,96.000000,96.000000,94.000000,94.000000,5.0,40.2768,36.6263,127.5433,131.1939,PENDING_AG03,FALSE,NOT_FOR_ENFORCEMENT,161.1073,11184.6840,167.8201,161.1073,6.7128,0.01282534,0.01231233,6.7128,161.1073,0.01231233,6.7128,6.7128,6.7128,10.0692,10.0692,161.1073,0.01231233,40.2768,36.6263,127.5433,131.1939,0.00974726,0.01002625,0.00051301,22.6777,20.1919,0.2908,9.3233,1.4593,726.9466,32.0556,4.8200,23.1870,10.3857,20.7715,21.0062,42.0124,73.8047,105.031,10.5031,0.0,3.553178,5.056507,1.091773,21,84,13,2,0.00589380,0.01282534,0.37042689,0E-8,0.000000,0.890384,0.000000,-0.35972167,2026-03-25,2026-07-31,18,115,89,129,0.139535,0.207877,0.212545,0.019646,,,,,,,,GLOBAL_BASELINE_NO_ENTITY_RANKING,,,NOT_APPLICABLE_GLOBAL_BASELINE,HF9g-P5,,,,X 全窗基线 · 不参与实体赏罚,6870515,688,A168_HF9F_20260827_0900,2026-08-27 09:00:00
2026-05-31,146450109,919,0,186.9430654512,-41.5429034336,-41.5429034336,0.3750000,12,12,0.49659680000000000,0.496596800000,-0.6878713085241178,-0.6878713085241179,-0.6878713085241178,0E-17,ELIGIBLE,R03b_20260811_FULL_v1,L1_ELIGIBILITY,v2026-08-11,2026-03-21..2026-08-06,baccarat_bet02_101_all_pairs_incl_sentinel,round_win = game_pnl > 0 (decisive only),COMPATIBILITY_ONLY_NOT_PRODUCTION,13085.0393,11650.7125,167.8201,577,577,-0.01282534,-0.37042689,-0.01070522,-0.01282534,-167.8201,13085.0393,OK,0.0000,6.7128,4.0000,96.0000,AG03-UNRESOLVED,ALL5_LEVELS_bet23_to_bet27,6.7128,6.7128,6.7128,10.0692,10.0692,4.000000,4.000000,4.000000,6.000000,6.000000,96.000000,96.000000,96.000000,94.000000,94.000000,5.0,40.2768,36.6263,127.5433,131.1939,PENDING_AG03,FALSE,NOT_FOR_ENFORCEMENT,161.1073,11184.6840,167.8201,161.1073,6.7128,0.01282534,0.01231233,6.7128,161.1073,0.01231233,6.7128,6.7128,6.7128,10.0692,10.0692,161.1073,0.01231233,40.2768,36.6263,127.5433,131.1939,0.00974726,0.01002625,0.00051301,22.6777,20.1919,0.2908,9.3233,1.4593,726.9466,32.0556,4.8200,23.1870,10.3857,20.7715,21.0062,42.0124,73.8047,105.031,10.5031,0.0,3.553178,5.056507,1.091773,21,84,13,2,0.00589380,0.01282534,0.37042689,0E-8,0.000000,0.890384,0.000000,-0.35972167,2026-03-25,2026-07-31,18,115,89,129,0.139535,0.207877,0.212545,0.019646,,,,,,,,GLOBAL_BASELINE_NO_ENTITY_RANKING,,,NOT_APPLICABLE_GLOBAL_BASELINE,HF9g-P5,,,,X 全窗基线 · 不参与实体赏罚,6870516,688,A168_HF9F_20260827_0900,2026-08-27 09:00:00
2026-06-01,146450109,1951,0,25.7566001288,-25.7566001288,-25.7566001288,0E-7,2,2,0.49994810000000000,0.499948100000,-1.4140667746232096,-1.4140667746232096,-1.4140667746232096,0E-17,ELIGIBLE,R03b_20260811_FULL_v1,L1_ELIGIBILITY,v2026-08-11,2026-03-21..2026-08-06,baccarat_bet02_101_all_pairs_incl_sentinel,round_win = game_pnl > 0 (decisive only),COMPATIBILITY_ONLY_NOT_PRODUCTION,13085.0393,11650.7125,167.8201,577,577,-0.01282534,-0.37042689,-0.01070522,-0.01282534,-167.8201,13085.0393,OK,0.0000,6.7128,4.0000,96.0000,AG03-UNRESOLVED,ALL5_LEVELS_bet23_to_bet27,6.7128,6.7128,6.7128,10.0692,10.0692,4.000000,4.000000,4.000000,6.000000,6.000000,96.000000,96.000000,96.000000,94.000000,94.000000,5.0,40.2768,36.6263,127.5433,131.1939,PENDING_AG03,FALSE,NOT_FOR_ENFORCEMENT,161.1073,11184.6840,167.8201,161.1073,6.7128,0.01282534,0.01231233,6.7128,161.1073,0.01231233,6.7128,6.7128,6.7128,10.0692,10.0692,161.1073,0.01231233,40.2768,36.6263,127.5433,131.1939,0.00974726,0.01002625,0.00051301,22.6777,20.1919,0.2908,9.3233,1.4593,726.9466,32.0556,4.8200,23.1870,10.3857,20.7715,21.0062,42.0124,73.8047,105.031,10.5031,0.0,3.553178,5.056507,1.091773,21,84,13,2,0.00589380,0.01282534,0.37042689,0E-8,0.000000,0.890384,0.000000,-0.35972167,2026-03-25,2026-07-31,18,115,89,129,0.139535,0.207877,0.212545,0.019646,,,,,,,,GLOBAL_BASELINE_NO_ENTITY_RANKING,,,NOT_APPLICABLE_GLOBAL_BASELINE,HF9g-P5,,,,X 全窗基线 · 不参与实体赏罚,6870517,688,A168_HF9F_20260827_0900,2026-08-27 09:00:00
2026-06-01,146450109,595,0,20.7714517168,-20.7714517168,-20.7714517168,0E-7,1,1,0.49324550000000000,0.493245500000,-0.9865810262130424,-0.9865810262130424,-0.9865810262130424,0E-17,ELIGIBLE,R03b_20260811_FULL_v1,L1_ELIGIBILITY,v2026-08-11,2026-03-21..2026-08-06,baccarat_bet02_101_all_pairs_incl_sentinel,round_win = game_pnl > 0 (decisive only),COMPATIBILITY_ONLY_NOT_PRODUCTION,13085.0393,11650.7125,167.8201,577,577,-0.01282534,-0.37042689,-0.01070522,-0.01282534,-167.8201,13085.0393,OK,0.0000,6.7128,4.0000,96.0000,AG03-UNRESOLVED,ALL5_LEVELS_bet23_to_bet27,6.7128,6.7128,6.7128,10.0692,10.0692,4.000000,4.000000,4.000000,6.000000,6.000000,96.000000,96.000000,96.000000,94.000000,94.000000,5.0,40.2768,36.6263,127.5433,131.1939,PENDING_AG03,FALSE,NOT_FOR_ENFORCEMENT,161.1073,11184.6840,167.8201,161.1073,6.7128,0.01282534,0.01231233,6.7128,161.1073,0.01231233,6.7128,6.7128,6.7128,10.0692,10.0692,161.1073,0.01231233,40.2768,36.6263,127.5433,131.1939,0.00974726,0.01002625,0.00051301,22.6777,20.1919,0.2908,9.3233,1.4593,726.9466,32.0556,4.8200,23.1870,10.3857,20.7715,21.0062,42.0124,73.8047,105.031,10.5031,0.0,3.553178,5.056507,1.091773,21,84,13,2,0.00589380,0.01282534,0.37042689,0E-8,0.000000,0.890384,0.000000,-0.35972167,2026-03-25,2026-07-31,18,115,89,129,0.139535,0.207877,0.212545,0.019646,,,,,,,,GLOBAL_BASELINE_NO_ENTITY_RANKING,,,NOT_APPLICABLE_GLOBAL_BASELINE,HF9g-P5,,,,X 全窗基线 · 不参与实体赏罚,6870518,688,A168_HF9F_20260827_0900,2026-08-27 09:00:00
2026-06-05,146450109,-1,1,60.2372099788,-21.4984525269,-21.4984525269,0.4000000,6,6,0.50665070000000000,0.506650700000,-0.4769986289884125,-0.4769986289884125,-0.4769986289884125,0E-17,SENTINEL_DEALER,R03b_20260811_FULL_v1,L1_ELIGIBILITY,v2026-08-11,2026-03-21..2026-08-06,baccarat_bet02_101_all_pairs_incl_sentinel,round_win = game_pnl > 0 (decisive only),COMPATIBILITY_ONLY_NOT_PRODUCTION,13085.0393,11650.7125,167.8201,577,577,-0.01282534,-0.37042689,-0.01070522,-0.01282534,-167.8201,13085.0393,OK,0.0000,6.7128,4.0000,96.0000,AG03-UNRESOLVED,ALL5_LEVELS_bet23_to_bet27,6.7128,6.7128,6.7128,10.0692,10.0692,4.000000,4.000000,4.000000,6.000000,6.000000,96.000000,96.000000,96.000000,94.000000,94.000000,5.0,40.2768,36.6263,127.5433,131.1939,PENDING_AG03,FALSE,NOT_FOR_ENFORCEMENT,161.1073,11184.6840,167.8201,161.1073,6.7128,0.01282534,0.01231233,6.7128,161.1073,0.01231233,6.7128,6.7128,6.7128,10.0692,10.0692,161.1073,0.01231233,40.2768,36.6263,127.5433,131.1939,0.00974726,0.01002625,0.00051301,22.6777,20.1919,0.2908,9.3233,1.4593,726.9466,32.0556,4.8200,23.1870,10.3857,20.7715,21.0062,42.0124,73.8047,105.031,10.5031,0.0,3.553178,5.056507,1.091773,21,84,13,2,0.00589380,0.01282534,0.37042689,0E-8,0.000000,0.890384,0.000000,-0.35972167,2026-03-25,2026-07-31,18,115,89,129,0.139535,0.207877,0.212545,0.019646,,,,,,,,GLOBAL_BASELINE_NO_ENTITY_RANKING,,,NOT_APPLICABLE_GLOBAL_BASELINE,HF9g-P5,,,,X 全窗基线 · 不参与实体赏罚,6870519,688,A168_HF9F_20260827_0900,2026-08-27 09:00:00
2026-06-05,146450109,1323,0,31.1571775752,-31.1571775752,-31.1571775752,0E-7,2,2,0.49994810000000000,0.499948100000,-1.4140667746232096,-1.4140667746232096,-1.4140667746232096,0E-17,ELIGIBLE,R03b_20260811_FULL_v1,L1_ELIGIBILITY,v2026-08-11,2026-03-21..2026-08-06,baccarat_bet02_101_all_pairs_incl_sentinel,round_win = game_pnl > 0 (decisive only),COMPATIBILITY_ONLY_NOT_PRODUCTION,13085.0393,11650.7125,167.8201,577,577,-0.01282534,-0.37042689,-0.01070522,-0.01282534,-167.8201,13085.0393,OK,0.0000,6.7128,4.0000,96.0000,AG03-UNRESOLVED,ALL5_LEVELS_bet23_to_bet27,6.7128,6.7128,6.7128,10.0692,10.0692,4.000000,4.000000,4.000000,6.000000,6.000000,96.000000,96.000000,96.000000,94.000000,94.000000,5.0,40.2768,36.6263,127.5433,131.1939,PENDING_AG03,FALSE,NOT_FOR_ENFORCEMENT,161.1073,11184.6840,167.8201,161.1073,6.7128,0.01282534,0.01231233,6.7128,161.1073,0.01231233,6.7128,6.7128,6.7128,10.0692,10.0692,161.1073,0.01231233,40.2768,36.6263,127.5433,131.1939,0.00974726,0.01002625,0.00051301,22.6777,20.1919,0.2908,9.3233,1.4593,726.9466,32.0556,4.8200,23.1870,10.3857,20.7715,21.0062,42.0124,73.8047,105.031,10.5031,0.0,3.553178,5.056507,1.091773,21,84,13,2,0.00589380,0.01282534,0.37042689,0E-8,0.000000,0.890384,0.000000,-0.35972167,2026-03-25,2026-07-31,18,115,89,129,0.139535,0.207877,0.212545,0.019646,,,,,,,,GLOBAL_BASELINE_NO_ENTITY_RANKING,,,NOT_APPLICABLE_GLOBAL_BASELINE,HF9g-P5,,,,X 全窗基线 · 不参与实体赏罚,6870520,688,A168_HF9F_20260827_0900,2026-08-27 09:00:00
2026-06-05,146450109,1957,0,21.3945952683,-4.7774338949,-4.7774338949,0.3333333,3,3,0.49771390000000000,0.497713900000,-0.5694369385616226,-0.5694369385616226,-0.5694369385616226,0E-17,ELIGIBLE,R03b_20260811_FULL_v1,L1_ELIGIBILITY,v2026-08-11,2026-03-21..2026-08-06,baccarat_bet02_101_all_pairs_incl_sentinel,round_win = game_pnl > 0 (decisive only),COMPATIBILITY_ONLY_NOT_PRODUCTION,13085.0393,11650.7125,167.8201,577,577,-0.01282534,-0.37042689,-0.01070522,-0.01282534,-167.8201,13085.0393,OK,0.0000,6.7128,4.0000,96.0000,AG03-UNRESOLVED,ALL5_LEVELS_bet23_to_bet27,6.7128,6.7128,6.7128,10.0692,10.0692,4.000000,4.000000,4.000000,6.000000,6.000000,96.000000,96.000000,96.000000,94.000000,94.000000,5.0,40.2768,36.6263,127.5433,131.1939,PENDING_AG03,FALSE,NOT_FOR_ENFORCEMENT,161.1073,11184.6840,167.8201,161.1073,6.7128,0.01282534,0.01231233,6.7128,161.1073,0.01231233,6.7128,6.7128,6.7128,10.0692,10.0692,161.1073,0.01231233,40.2768,36.6263,127.5433,131.1939,0.00974726,0.01002625,0.00051301,22.6777,20.1919,0.2908,9.3233,1.4593,726.9466,32.0556,4.8200,23.1870,10.3857,20.7715,21.0062,42.0124,73.8047,105.031,10.5031,0.0,3.553178,5.056507,1.091773,21,84,13,2,0.00589380,0.01282534,0.37042689,0E-8,0.000000,0.890384,0.000000,-0.35972167,2026-03-25,2026-07-31,18,115,89,129,0.139535,0.207877,0.212545,0.019646,,,,,,,,GLOBAL_BASELINE_NO_ENTITY_RANKING,,,NOT_APPLICABLE_GLOBAL_BASELINE,HF9g-P5,,,,X 全窗基线 · 不参与实体赏罚,6870521,688,A168_HF9F_20260827_0900,2026-08-27 09:00:00
2026-06-05,146450109,1966,0,8.3085806867,-8.3085806867,-8.3085806867,0E-7,1,1,0.50665070000000000,0.506650700000,-1.013391052207602,-1.013391052207602,-1.013391052207602,0E-17,ELIGIBLE,R03b_20260811_FULL_v1,L1_ELIGIBILITY,v2026-08-11,2026-03-21..2026-08-06,baccarat_bet02_101_all_pairs_incl_sentinel,round_win = game_pnl > 0 (decisive only),COMPATIBILITY_ONLY_NOT_PRODUCTION,13085.0393,11650.7125,167.8201,577,577,-0.01282534,-0.37042689,-0.01070522,-0.01282534,-167.8201,13085.0393,OK,0.0000,6.7128,4.0000,96.0000,AG03-UNRESOLVED,ALL5_LEVELS_bet23_to_bet27,6.7128,6.7128,6.7128,10.0692,10.0692,4.000000,4.000000,4.000000,6.000000,6.000000,96.000000,96.000000,96.000000,94.000000,94.000000,5.0,40.2768,36.6263,127.5433,131.1939,PENDING_AG03,FALSE,NOT_FOR_ENFORCEMENT,161.1073,11184.6840,167.8201,161.1073,6.7128,0.01282534,0.01231233,6.7128,161.1073,0.01231233,6.7128,6.7128,6.7128,10.0692,10.0692,161.1073,0.01231233,40.2768,36.6263,127.5433,131.1939,0.00974726,0.01002625,0.00051301,22.6777,20.1919,0.2908,9.3233,1.4593,726.9466,32.0556,4.8200,23.1870,10.3857,20.7715,21.0062,42.0124,73.8047,105.031,10.5031,0.0,3.553178,5.056507,1.091773,21,84,13,2,0.00589380,0.01282534,0.37042689,0E-8,0.000000,0.890384,0.000000,-0.35972167,2026-03-25,2026-07-31,18,115,89,129,0.139535,0.207877,0.212545,0.019646,,,,,,,,GLOBAL_BASELINE_NO_ENTITY_RANKING,,,NOT_APPLICABLE_GLOBAL_BASELINE,HF9g-P5,,,,X 全窗基线 · 不参与实体赏罚,6870522,688,A168_HF9F_20260827_0900,2026-08-27 09:00:00
2026-06-05,146450109,2106,0,4.1542903434,-4.1542903434,-4.1542903434,0E-7,1,1,0.50665070000000000,0.506650700000,-1.013391052207602,-1.013391052207602,-1.013391052207602,0E-17,ELIGIBLE,R03b_20260811_FULL_v1,L1_ELIGIBILITY,v2026-08-11,2026-03-21..2026-08-06,baccarat_bet02_101_all_pairs_incl_sentinel,round_win = game_pnl > 0 (decisive only),COMPATIBILITY_ONLY_NOT_PRODUCTION,13085.0393,11650.7125,167.8201,577,577,-0.01282534,-0.37042689,-0.01070522,-0.01282534,-167.8201,13085.0393,OK,0.0000,6.7128,4.0000,96.0000,AG03-UNRESOLVED,ALL5_LEVELS_bet23_to_bet27,6.7128,6.7128,6.7128,10.0692,10.0692,4.000000,4.000000,4.000000,6.000000,6.000000,96.000000,96.000000,96.000000,94.000000,94.000000,5.0,40.2768,36.6263,127.5433,131.1939,PENDING_AG03,FALSE,NOT_FOR_ENFORCEMENT,161.1073,11184.6840,167.8201,161.1073,6.7128,0.01282534,0.01231233,6.7128,161.1073,0.01231233,6.7128,6.7128,6.7128,10.0692,10.0692,161.1073,0.01231233,40.2768,36.6263,127.5433,131.1939,0.00974726,0.01002625,0.00051301,22.6777,20.1919,0.2908,9.3233,1.4593,726.9466,32.0556,4.8200,23.1870,10.3857,20.7715,21.0062,42.0124,73.8047,105.031,10.5031,0.0,3.553178,5.056507,1.091773,21,84,13,2,0.00589380,0.01282534,0.37042689,0E-8,0.000000,0.890384,0.000000,-0.35972167,2026-03-25,2026-07-31,18,115,89,129,0.139535,0.207877,0.212545,0.019646,,,,,,,,GLOBAL_BASELINE_NO_ENTITY_RANKING,,,NOT_APPLICABLE_GLOBAL_BASELINE,HF9g-P5,,,,X 全窗基线 · 不参与实体赏罚,6870523,688,A168_HF9F_20260827_0900,2026-08-27 09:00:00
2026-06-05,146450109,2127,0,10.3857258584,-10.3857258584,-10.3857258584,0E-7,1,1,0.49324550000000000,0.493245500000,-0.9865810262130424,-0.9865810262130424,-0.9865810262130424,0E-17,ELIGIBLE,R03b_20260811_FULL_v1,L1_ELIGIBILITY,v2026-08-11,2026-03-21..2026-08-06,baccarat_bet02_101_all_pairs_incl_sentinel,round_win = game_pnl > 0 (decisive only),COMPATIBILITY_ONLY_NOT_PRODUCTION,13085.0393,11650.7125,167.8201,577,577,-0.01282534,-0.37042689,-0.01070522,-0.01282534,-167.8201,13085.0393,OK,0.0000,6.7128,4.0000,96.0000,AG03-UNRESOLVED,ALL5_LEVELS_bet23_to_bet27,6.7128,6.7128,6.7128,10.0692,10.0692,4.000000,4.000000,4.000000,6.000000,6.000000,96.000000,96.000000,96.000000,94.000000,94.000000,5.0,40.2768,36.6263,127.5433,131.1939,PENDING_AG03,FALSE,NOT_FOR_ENFORCEMENT,161.1073,11184.6840,167.8201,161.1073,6.7128,0.01282534,0.01231233,6.7128,161.1073,0.01231233,6.7128,6.7128,6.7128,10.0692,10.0692,161.1073,0.01231233,40.2768,36.6263,127.5433,131.1939,0.00974726,0.01002625,0.00051301,22.6777,20.1919,0.2908,9.3233,1.4593,726.9466,32.0556,4.8200,23.1870,10.3857,20.7715,21.0062,42.0124,73.8047,105.031,10.5031,0.0,3.553178,5.056507,1.091773,21,84,13,2,0.00589380,0.01282534,0.37042689,0E-8,0.000000,0.890384,0.000000,-0.35972167,2026-03-25,2026-07-31,18,115,89,129,0.139535,0.207877,0.212545,0.019646,,,,,,,,GLOBAL_BASELINE_NO_ENTITY_RANKING,,,NOT_APPLICABLE_GLOBAL_BASELINE,HF9g-P5,,,,X 全窗基线 · 不参与实体赏罚,6870524,688,A168_HF9F_20260827_0900,2026-08-27 09:00:00
2026-06-05,146450109,2246,0,8.3085806867,-8.3085806867,-8.3085806867,0E-7,1,1,0.50665070000000000,0.506650700000,-1.013391052207602,-1.013391052207602,-1.013391052207602,0E-17,ELIGIBLE,R03b_20260811_FULL_v1,L1_ELIGIBILITY,v2026-08-11,2026-03-21..2026-08-06,baccarat_bet02_101_all_pairs_incl_sentinel,round_win = game_pnl > 0 (decisive only),COMPATIBILITY_ONLY_NOT_PRODUCTION,13085.0393,11650.7125,167.8201,577,577,-0.01282534,-0.37042689,-0.01070522,-0.01282534,-167.8201,13085.0393,OK,0.0000,6.7128,4.0000,96.0000,AG03-UNRESOLVED,ALL5_LEVELS_bet23_to_bet27,6.7128,6.7128,6.7128,10.0692,10.0692,4.000000,4.000000,4.000000,6.000000,6.000000,96.000000,96.000000,96.000000,94.000000,94.000000,5.0,40.2768,36.6263,127.5433,131.1939,PENDING_AG03,FALSE,NOT_FOR_ENFORCEMENT,161.1073,11184.6840,167.8201,161.1073,6.7128,0.01282534,0.01231233,6.7128,161.1073,0.01231233,6.7128,6.7128,6.7128,10.0692,10.0692,161.1073,0.01231233,40.2768,36.6263,127.5433,131.1939,0.00974726,0.01002625,0.00051301,22.6777,20.1919,0.2908,9.3233,1.4593,726.9466,32.0556,4.8200,23.1870,10.3857,20.7715,21.0062,42.0124,73.8047,105.031,10.5031,0.0,3.553178,5.056507,1.091773,21,84,13,2,0.00589380,0.01282534,0.37042689,0E-8,0.000000,0.890384,0.000000,-0.35972167,2026-03-25,2026-07-31,18,115,89,129,0.139535,0.207877,0.212545,0.019646,,,,,,,,GLOBAL_BASELINE_NO_ENTITY_RANKING,,,NOT_APPLICABLE_GLOBAL_BASELINE,HF9g-P5,,,,X 全窗基线 · 不参与实体赏罚,6870525,688,A168_HF9F_20260827_0900,2026-08-27 09:00:00
2026-06-05,146450109,948,0,66.4686454937,38.6349001933,38.6349001933,0.8000000,6,6,0.49994810000000000,0.499948100000,1.3418728975849028,1.3418728975849028,1.3418728975849028,0E-17,ELIGIBLE,R03b_20260811_FULL_v1,L1_ELIGIBILITY,v2026-08-11,2026-03-21..2026-08-06,baccarat_bet02_101_all_pairs_incl_sentinel,round_win = game_pnl > 0 (decisive only),COMPATIBILITY_ONLY_NOT_PRODUCTION,13085.0393,11650.7125,167.8201,577,577,-0.01282534,-0.37042689,-0.01070522,-0.01282534,-167.8201,13085.0393,OK,0.0000,6.7128,4.0000,96.0000,AG03-UNRESOLVED,ALL5_LEVELS_bet23_to_bet27,6.7128,6.7128,6.7128,10.0692,10.0692,4.000000,4.000000,4.000000,6.000000,6.000000,96.000000,96.000000,96.000000,94.000000,94.000000,5.0,40.2768,36.6263,127.5433,131.1939,PENDING_AG03,FALSE,NOT_FOR_ENFORCEMENT,161.1073,11184.6840,167.8201,161.1073,6.7128,0.01282534,0.01231233,6.7128,161.1073,0.01231233,6.7128,6.7128,6.7128,10.0692,10.0692,161.1073,0.01231233,40.2768,36.6263,127.5433,131.1939,0.00974726,0.01002625,0.00051301,22.6777,20.1919,0.2908,9.3233,1.4593,726.9466,32.0556,4.8200,23.1870,10.3857,20.7715,21.0062,42.0124,73.8047,105.031,10.5031,0.0,3.553178,5.056507,1.091773,21,84,13,2,0.00589380,0.01282534,0.37042689,0E-8,0.000000,0.890384,0.000000,-0.35972167,2026-03-25,2026-07-31,18,115,89,129,0.139535,0.207877,0.212545,0.019646,,,,,,,,GLOBAL_BASELINE_NO_ENTITY_RANKING,,,NOT_APPLICABLE_GLOBAL_BASELINE,HF9g-P5,,,,X 全窗基线 · 不参与实体赏罚,6870526,688,A168_HF9F_20260827_0900,2026-08-27 09:00:00
2026-06-06,146450109,1115,0,58.1600648070,33.2343227468,33.2343227468,0.6666667,3,3,0.49324550000000000,0.493245500000,0.6008033672792107,0.6008033672792106,0.6008033672792107,0E-17,ELIGIBLE,R03b_20260811_FULL_v1,L1_ELIGIBILITY,v2026-08-11,2026-03-21..2026-08-06,baccarat_bet02_101_all_pairs_incl_sentinel,round_win = game_pnl > 0 (decisive only),COMPATIBILITY_ONLY_NOT_PRODUCTION,13085.0393,11650.7125,167.8201,577,577,-0.01282534,-0.37042689,-0.01070522,-0.01282534,-167.8201,13085.0393,OK,0.0000,6.7128,4.0000,96.0000,AG03-UNRESOLVED,ALL5_LEVELS_bet23_to_bet27,6.7128,6.7128,6.7128,10.0692,10.0692,4.000000,4.000000,4.000000,6.000000,6.000000,96.000000,96.000000,96.000000,94.000000,94.000000,5.0,40.2768,36.6263,127.5433,131.1939,PENDING_AG03,FALSE,NOT_FOR_ENFORCEMENT,161.1073,11184.6840,167.8201,161.1073,6.7128,0.01282534,0.01231233,6.7128,161.1073,0.01231233,6.7128,6.7128,6.7128,10.0692,10.0692,161.1073,0.01231233,40.2768,36.6263,127.5433,131.1939,0.00974726,0.01002625,0.00051301,22.6777,20.1919,0.2908,9.3233,1.4593,726.9466,32.0556,4.8200,23.1870,10.3857,20.7715,21.0062,42.0124,73.8047,105.031,10.5031,0.0,3.553178,5.056507,1.091773,21,84,13,2,0.00589380,0.01282534,0.37042689,0E-8,0.000000,0.890384,0.000000,-0.35972167,2026-03-25,2026-07-31,18,115,89,129,0.139535,0.207877,0.212545,0.019646,,,,,,,,GLOBAL_BASELINE_NO_ENTITY_RANKING,,,NOT_APPLICABLE_GLOBAL_BASELINE,HF9g-P5,,,,X 全窗基线 · 不参与实体赏罚,6870527,688,A168_HF9F_20260827_0900,2026-08-27 09:00:00
2026-06-06,146450109,1401,0,20.7714517168,0E-10,0E-10,0.5000000,2,2,0.49324550000000000,0.493245500000,0.01910635448239258,0.01910635448239258,0.01910635448239258,0E-17,ELIGIBLE,R03b_20260811_FULL_v1,L1_ELIGIBILITY,v2026-08-11,2026-03-21..2026-08-06,baccarat_bet02_101_all_pairs_incl_sentinel,round_win = game_pnl > 0 (decisive only),COMPATIBILITY_ONLY_NOT_PRODUCTION,13085.0393,11650.7125,167.8201,577,577,-0.01282534,-0.37042689,-0.01070522,-0.01282534,-167.8201,13085.0393,OK,0.0000,6.7128,4.0000,96.0000,AG03-UNRESOLVED,ALL5_LEVELS_bet23_to_bet27,6.7128,6.7128,6.7128,10.0692,10.0692,4.000000,4.000000,4.000000,6.000000,6.000000,96.000000,96.000000,96.000000,94.000000,94.000000,5.0,40.2768,36.6263,127.5433,131.1939,PENDING_AG03,FALSE,NOT_FOR_ENFORCEMENT,161.1073,11184.6840,167.8201,161.1073,6.7128,0.01282534,0.01231233,6.7128,161.1073,0.01231233,6.7128,6.7128,6.7128,10.0692,10.0692,161.1073,0.01231233,40.2768,36.6263,127.5433,131.1939,0.00974726,0.01002625,0.00051301,22.6777,20.1919,0.2908,9.3233,1.4593,726.9466,32.0556,4.8200,23.1870,10.3857,20.7715,21.0062,42.0124,73.8047,105.031,10.5031,0.0,3.553178,5.056507,1.091773,21,84,13,2,0.00589380,0.01282534,0.37042689,0E-8,0.000000,0.890384,0.000000,-0.35972167,2026-03-25,2026-07-31,18,115,89,129,0.139535,0.207877,0.212545,0.019646,,,,,,,,GLOBAL_BASELINE_NO_ENTITY_RANKING,,,NOT_APPLICABLE_GLOBAL_BASELINE,HF9g-P5,,,,X 全窗基线 · 不参与实体赏罚,6870528,688,A168_HF9F_20260827_0900,2026-08-27 09:00:00
2026-06-06,146450109,1645,0,51.9286292920,-31.1571775752,-31.1571775752,0E-7,3,3,0.49771390000000000,0.497713900000,-1.4077622098436522,-1.4077622098436524,-1.4077622098436522,0E-17,ELIGIBLE,R03b_20260811_FULL_v1,L1_ELIGIBILITY,v2026-08-11,2026-03-21..2026-08-06,baccarat_bet02_101_all_pairs_incl_sentinel,round_win = game_pnl > 0 (decisive only),COMPATIBILITY_ONLY_NOT_PRODUCTION,13085.0393,11650.7125,167.8201,577,577,-0.01282534,-0.37042689,-0.01070522,-0.01282534,-167.8201,13085.0393,OK,0.0000,6.7128,4.0000,96.0000,AG03-UNRESOLVED,ALL5_LEVELS_bet23_to_bet27,6.7128,6.7128,6.7128,10.0692,10.0692,4.000000,4.000000,4.000000,6.000000,6.000000,96.000000,96.000000,96.000000,94.000000,94.000000,5.0,40.2768,36.6263,127.5433,131.1939,PENDING_AG03,FALSE,NOT_FOR_ENFORCEMENT,161.1073,11184.6840,167.8201,161.1073,6.7128,0.01282534,0.01231233,6.7128,161.1073,0.01231233,6.7128,6.7128,6.7128,10.0692,10.0692,161.1073,0.01231233,40.2768,36.6263,127.5433,131.1939,0.00974726,0.01002625,0.00051301,22.6777,20.1919,0.2908,9.3233,1.4593,726.9466,32.0556,4.8200,23.1870,10.3857,20.7715,21.0062,42.0124,73.8047,105.031,10.5031,0.0,3.553178,5.056507,1.091773,21,84,13,2,0.00589380,0.01282534,0.37042689,0E-8,0.000000,0.890384,0.000000,-0.35972167,2026-03-25,2026-07-31,18,115,89,129,0.139535,0.207877,0.212545,0.019646,,,,,,,,GLOBAL_BASELINE_NO_ENTITY_RANKING,,,NOT_APPLICABLE_GLOBAL_BASELINE,HF9g-P5,,,,X 全窗基线 · 不参与实体赏罚,6870529,688,A168_HF9F_20260827_0900,2026-08-27 09:00:00
2026-06-06,146450109,1702,0,74.7772261804,-29.0800324035,-29.0800324035,0E-7,2,2,0.49324550000000000,0.493245500000,-0.9865810262130424,-0.9865810262130424,-0.9865810262130424,0E-17,ELIGIBLE,R03b_20260811_FULL_v1,L1_ELIGIBILITY,v2026-08-11,2026-03-21..2026-08-06,baccarat_bet02_101_all_pairs_incl_sentinel,round_win = game_pnl > 0 (decisive only),COMPATIBILITY_ONLY_NOT_PRODUCTION,13085.0393,11650.7125,167.8201,577,577,-0.01282534,-0.37042689,-0.01070522,-0.01282534,-167.8201,13085.0393,OK,0.0000,6.7128,4.0000,96.0000,AG03-UNRESOLVED,ALL5_LEVELS_bet23_to_bet27,6.7128,6.7128,6.7128,10.0692,10.0692,4.000000,4.000000,4.000000,6.000000,6.000000,96.000000,96.000000,96.000000,94.000000,94.000000,5.0,40.2768,36.6263,127.5433,131.1939,PENDING_AG03,FALSE,NOT_FOR_ENFORCEMENT,161.1073,11184.6840,167.8201,161.1073,6.7128,0.01282534,0.01231233,6.7128,161.1073,0.01231233,6.7128,6.7128,6.7128,10.0692,10.0692,161.1073,0.01231233,40.2768,36.6263,127.5433,131.1939,0.00974726,0.01002625,0.00051301,22.6777,20.1919,0.2908,9.3233,1.4593,726.9466,32.0556,4.8200,23.1870,10.3857,20.7715,21.0062,42.0124,73.8047,105.031,10.5031,0.0,3.553178,5.056507,1.091773,21,84,13,2,0.00589380,0.01282534,0.37042689,0E-8,0.000000,0.890384,0.000000,-0.35972167,2026-03-25,2026-07-31,18,115,89,129,0.139535,0.207877,0.212545,0.019646,,,,,,,,GLOBAL_BASELINE_NO_ENTITY_RANKING,,,NOT_APPLICABLE_GLOBAL_BASELINE,HF9g-P5,,,,X 全窗基线 · 不参与实体赏罚,6870530,688,A168_HF9F_20260827_0900,2026-08-27 09:00:00
2026-06-06,146450109,1750,0,124.6287103008,50.3707704133,50.3707704133,0.8333333,9,9,0.49920336666666667,0.499203366667,1.6368979298458988,1.6368979298442639,1.6368979298458988,-3.3333E-13,ELIGIBLE,R03b_20260811_FULL_v1,L1_ELIGIBILITY,v2026-08-11,2026-03-21..2026-08-06,baccarat_bet02_101_all_pairs_incl_sentinel,round_win = game_pnl > 0 (decisive only),COMPATIBILITY_ONLY_NOT_PRODUCTION,13085.0393,11650.7125,167.8201,577,577,-0.01282534,-0.37042689,-0.01070522,-0.01282534,-167.8201,13085.0393,OK,0.0000,6.7128,4.0000,96.0000,AG03-UNRESOLVED,ALL5_LEVELS_bet23_to_bet27,6.7128,6.7128,6.7128,10.0692,10.0692,4.000000,4.000000,4.000000,6.000000,6.000000,96.000000,96.000000,96.000000,94.000000,94.000000,5.0,40.2768,36.6263,127.5433,131.1939,PENDING_AG03,FALSE,NOT_FOR_ENFORCEMENT,161.1073,11184.6840,167.8201,161.1073,6.7128,0.01282534,0.01231233,6.7128,161.1073,0.01231233,6.7128,6.7128,6.7128,10.0692,10.0692,161.1073,0.01231233,40.2768,36.6263,127.5433,131.1939,0.00974726,0.01002625,0.00051301,22.6777,20.1919,0.2908,9.3233,1.4593,726.9466,32.0556,4.8200,23.1870,10.3857,20.7715,21.0062,42.0124,73.8047,105.031,10.5031,0.0,3.553178,5.056507,1.091773,21,84,13,2,0.00589380,0.01282534,0.37042689,0E-8,0.000000,0.890384,0.000000,-0.35972167,2026-03-25,2026-07-31,18,115,89,129,0.139535,0.207877,0.212545,0.019646,,,,,,,,GLOBAL_BASELINE_NO_ENTITY_RANKING,,,NOT_APPLICABLE_GLOBAL_BASELINE,HF9g-P5,,,,X 全窗基线 · 不参与实体赏罚,6870531,688,A168_HF9F_20260827_0900,2026-08-27 09:00:00
2026-06-06,146450109,1966,0,16.6171613734,-16.6171613734,-16.6171613734,0E-7,1,1,0.49324550000000000,0.493245500000,-0.9865810262130424,-0.9865810262130424,-0.9865810262130424,0E-17,ELIGIBLE,R03b_20260811_FULL_v1,L1_ELIGIBILITY,v2026-08-11,2026-03-21..2026-08-06,baccarat_bet02_101_all_pairs_incl_sentinel,round_win = game_pnl > 0 (decisive only),COMPATIBILITY_ONLY_NOT_PRODUCTION,13085.0393,11650.7125,167.8201,577,577,-0.01282534,-0.37042689,-0.01070522,-0.01282534,-167.8201,13085.0393,OK,0.0000,6.7128,4.0000,96.0000,AG03-UNRESOLVED,ALL5_LEVELS_bet23_to_bet27,6.7128,6.7128,6.7128,10.0692,10.0692,4.000000,4.000000,4.000000,6.000000,6.000000,96.000000,96.000000,96.000000,94.000000,94.000000,5.0,40.2768,36.6263,127.5433,131.1939,PENDING_AG03,FALSE,NOT_FOR_ENFORCEMENT,161.1073,11184.6840,167.8201,161.1073,6.7128,0.01282534,0.01231233,6.7128,161.1073,0.01231233,6.7128,6.7128,6.7128,10.0692,10.0692,161.1073,0.01231233,40.2768,36.6263,127.5433,131.1939,0.00974726,0.01002625,0.00051301,22.6777,20.1919,0.2908,9.3233,1.4593,726.9466,32.0556,4.8200,23.1870,10.3857,20.7715,21.0062,42.0124,73.8047,105.031,10.5031,0.0,3.553178,5.056507,1.091773,21,84,13,2,0.00589380,0.01282534,0.37042689,0E-8,0.000000,0.890384,0.000000,-0.35972167,2026-03-25,2026-07-31,18,115,89,129,0.139535,0.207877,0.212545,0.019646,,,,,,,,GLOBAL_BASELINE_NO_ENTITY_RANKING,,,NOT_APPLICABLE_GLOBAL_BASELINE,HF9g-P5,,,,X 全窗基线 · 不参与实体赏罚,6870532,688,A168_HF9F_20260827_0900,2026-08-27 09:00:00
2026-06-06,146450109,2115,0,10.3857258584,-10.3857258584,-10.3857258584,0E-7,1,1,0.50665070000000000,0.506650700000,-1.013391052207602,-1.013391052207602,-1.013391052207602,0E-17,ELIGIBLE,R03b_20260811_FULL_v1,L1_ELIGIBILITY,v2026-08-11,2026-03-21..2026-08-06,baccarat_bet02_101_all_pairs_incl_sentinel,round_win = game_pnl > 0 (decisive only),COMPATIBILITY_ONLY_NOT_PRODUCTION,13085.0393,11650.7125,167.8201,577,577,-0.01282534,-0.37042689,-0.01070522,-0.01282534,-167.8201,13085.0393,OK,0.0000,6.7128,4.0000,96.0000,AG03-UNRESOLVED,ALL5_LEVELS_bet23_to_bet27,6.7128,6.7128,6.7128,10.0692,10.0692,4.000000,4.000000,4.000000,6.000000,6.000000,96.000000,96.000000,96.000000,94.000000,94.000000,5.0,40.2768,36.6263,127.5433,131.1939,PENDING_AG03,FALSE,NOT_FOR_ENFORCEMENT,161.1073,11184.6840,167.8201,161.1073,6.7128,0.01282534,0.01231233,6.7128,161.1073,0.01231233,6.7128,6.7128,6.7128,10.0692,10.0692,161.1073,0.01231233,40.2768,36.6263,127.5433,131.1939,0.00974726,0.01002625,0.00051301,22.6777,20.1919,0.2908,9.3233,1.4593,726.9466,32.0556,4.8200,23.1870,10.3857,20.7715,21.0062,42.0124,73.8047,105.031,10.5031,0.0,3.553178,5.056507,1.091773,21,84,13,2,0.00589380,0.01282534,0.37042689,0E-8,0.000000,0.890384,0.000000,-0.35972167,2026-03-25,2026-07-31,18,115,89,129,0.139535,0.207877,0.212545,0.019646,,,,,,,,GLOBAL_BASELINE_NO_ENTITY_RANKING,,,NOT_APPLICABLE_GLOBAL_BASELINE,HF9g-P5,,,,X 全窗基线 · 不参与实体赏罚,6870533,688,A168_HF9F_20260827_0900,2026-08-27 09:00:00
2026-06-06,146450109,2234,0,45.6971937769,-24.9257420601,-24.9257420601,0E-7,2,2,0.50665070000000000,0.506650700000,-1.013391052207602,-1.013391052207602,-1.013391052207602,0E-17,ELIGIBLE,R03b_20260811_FULL_v1,L1_ELIGIBILITY,v2026-08-11,2026-03-21..2026-08-06,baccarat_bet02_101_all_pairs_incl_sentinel,round_win = game_pnl > 0 (decisive only),COMPATIBILITY_ONLY_NOT_PRODUCTION,13085.0393,11650.7125,167.8201,577,577,-0.01282534,-0.37042689,-0.01070522,-0.01282534,-167.8201,13085.0393,OK,0.0000,6.7128,4.0000,96.0000,AG03-UNRESOLVED,ALL5_LEVELS_bet23_to_bet27,6.7128,6.7128,6.7128,10.0692,10.0692,4.000000,4.000000,4.000000,6.000000,6.000000,96.000000,96.000000,96.000000,94.000000,94.000000,5.0,40.2768,36.6263,127.5433,131.1939,PENDING_AG03,FALSE,NOT_FOR_ENFORCEMENT,161.1073,11184.6840,167.8201,161.1073,6.7128,0.01282534,0.01231233,6.7128,161.1073,0.01231233,6.7128,6.7128,6.7128,10.0692,10.0692,161.1073,0.01231233,40.2768,36.6263,127.5433,131.1939,0.00974726,0.01002625,0.00051301,22.6777,20.1919,0.2908,9.3233,1.4593,726.9466,32.0556,4.8200,23.1870,10.3857,20.7715,21.0062,42.0124,73.8047,105.031,10.5031,0.0,3.553178,5.056507,1.091773,21,84,13,2,0.00589380,0.01282534,0.37042689,0E-8,0.000000,0.890384,0.000000,-0.35972167,2026-03-25,2026-07-31,18,115,89,129,0.139535,0.207877,0.212545,0.019646,,,,,,,,GLOBAL_BASELINE_NO_ENTITY_RANKING,,,NOT_APPLICABLE_GLOBAL_BASELINE,HF9g-P5,,,,X 全窗基线 · 不参与实体赏罚,6870534,688,A168_HF9F_20260827_0900,2026-08-27 09:00:00
2026-06-06,146450109,2267,0,41.5429034336,-41.5429034336,-41.5429034336,0E-7,2,2,0.50665070000000000,0.506650700000,-1.4331513700195317,-1.4331513700195317,-1.4331513700195317,0E-17,ELIGIBLE,R03b_20260811_FULL_v1,L1_ELIGIBILITY,v2026-08-11,2026-03-21..2026-08-06,baccarat_bet02_101_all_pairs_incl_sentinel,round_win = game_pnl > 0 (decisive only),COMPATIBILITY_ONLY_NOT_PRODUCTION,13085.0393,11650.7125,167.8201,577,577,-0.01282534,-0.37042689,-0.01070522,-0.01282534,-167.8201,13085.0393,OK,0.0000,6.7128,4.0000,96.0000,AG03-UNRESOLVED,ALL5_LEVELS_bet23_to_bet27,6.7128,6.7128,6.7128,10.0692,10.0692,4.000000,4.000000,4.000000,6.000000,6.000000,96.000000,96.000000,96.000000,94.000000,94.000000,5.0,40.2768,36.6263,127.5433,131.1939,PENDING_AG03,FALSE,NOT_FOR_ENFORCEMENT,161.1073,11184.6840,167.8201,161.1073,6.7128,0.01282534,0.01231233,6.7128,161.1073,0.01231233,6.7128,6.7128,6.7128,10.0692,10.0692,161.1073,0.01231233,40.2768,36.6263,127.5433,131.1939,0.00974726,0.01002625,0.00051301,22.6777,20.1919,0.2908,9.3233,1.4593,726.9466,32.0556,4.8200,23.1870,10.3857,20.7715,21.0062,42.0124,73.8047,105.031,10.5031,0.0,3.553178,5.056507,1.091773,21,84,13,2,0.00589380,0.01282534,0.37042689,0E-8,0.000000,0.890384,0.000000,-0.35972167,2026-03-25,2026-07-31,18,115,89,129,0.139535,0.207877,0.212545,0.019646,,,,,,,,GLOBAL_BASELINE_NO_ENTITY_RANKING,,,NOT_APPLICABLE_GLOBAL_BASELINE,HF9g-P5,,,,X 全窗基线 · 不参与实体赏罚,6870535,688,A168_HF9F_20260827_0900,2026-08-27 09:00:00
2026-06-06,146450109,772,0,51.9286292920,10.3857258584,10.3857258584,0.6666667,3,3,0.49324550000000000,0.493245500000,0.6008033672792107,0.6008033672792106,0.6008033672792107,0E-17,ELIGIBLE,R03b_20260811_FULL_v1,L1_ELIGIBILITY,v2026-08-11,2026-03-21..2026-08-06,baccarat_bet02_101_all_pairs_incl_sentinel,round_win = game_pnl > 0 (decisive only),COMPATIBILITY_ONLY_NOT_PRODUCTION,13085.0393,11650.7125,167.8201,577,577,-0.01282534,-0.37042689,-0.01070522,-0.01282534,-167.8201,13085.0393,OK,0.0000,6.7128,4.0000,96.0000,AG03-UNRESOLVED,ALL5_LEVELS_bet23_to_bet27,6.7128,6.7128,6.7128,10.0692,10.0692,4.000000,4.000000,4.000000,6.000000,6.000000,96.000000,96.000000,96.000000,94.000000,94.000000,5.0,40.2768,36.6263,127.5433,131.1939,PENDING_AG03,FALSE,NOT_FOR_ENFORCEMENT,161.1073,11184.6840,167.8201,161.1073,6.7128,0.01282534,0.01231233,6.7128,161.1073,0.01231233,6.7128,6.7128,6.7128,10.0692,10.0692,161.1073,0.01231233,40.2768,36.6263,127.5433,131.1939,0.00974726,0.01002625,0.00051301,22.6777,20.1919,0.2908,9.3233,1.4593,726.9466,32.0556,4.8200,23.1870,10.3857,20.7715,21.0062,42.0124,73.8047,105.031,10.5031,0.0,3.553178,5.056507,1.091773,21,84,13,2,0.00589380,0.01282534,0.37042689,0E-8,0.000000,0.890384,0.000000,-0.35972167,2026-03-25,2026-07-31,18,115,89,129,0.139535,0.207877,0.212545,0.019646,,,,,,,,GLOBAL_BASELINE_NO_ENTITY_RANKING,,,NOT_APPLICABLE_GLOBAL_BASELINE,HF9g-P5,,,,X 全窗基线 · 不参与实体赏罚,6870536,688,A168_HF9F_20260827_0900,2026-08-27 09:00:00
2026-06-08,146450109,1302,0,321.9575016098,51.9286292918,51.9286292918,0.5454545,11,11,0.49568280909090909,0.495682809091,0.33016065675406375,0.3301606567534602,0.33016065675406375,-9.091E-14,ELIGIBLE,R03b_20260811_FULL_v1,L1_ELIGIBILITY,v2026-08-11,2026-03-21..2026-08-06,baccarat_bet02_101_all_pairs_incl_sentinel,round_win = game_pnl > 0 (decisive only),COMPATIBILITY_ONLY_NOT_PRODUCTION,13085.0393,11650.7125,167.8201,577,577,-0.01282534,-0.37042689,-0.01070522,-0.01282534,-167.8201,13085.0393,OK,0.0000,6.7128,4.0000,96.0000,AG03-UNRESOLVED,ALL5_LEVELS_bet23_to_bet27,6.7128,6.7128,6.7128,10.0692,10.0692,4.000000,4.000000,4.000000,6.000000,6.000000,96.000000,96.000000,96.000000,94.000000,94.000000,5.0,40.2768,36.6263,127.5433,131.1939,PENDING_AG03,FALSE,NOT_FOR_ENFORCEMENT,161.1073,11184.6840,167.8201,161.1073,6.7128,0.01282534,0.01231233,6.7128,161.1073,0.01231233,6.7128,6.7128,6.7128,10.0692,10.0692,161.1073,0.01231233,40.2768,36.6263,127.5433,131.1939,0.00974726,0.01002625,0.00051301,22.6777,20.1919,0.2908,9.3233,1.4593,726.9466,32.0556,4.8200,23.1870,10.3857,20.7715,21.0062,42.0124,73.8047,105.031,10.5031,0.0,3.553178,5.056507,1.091773,21,84,13,2,0.00589380,0.01282534,0.37042689,0E-8,0.000000,0.890384,0.000000,-0.35972167,2026-03-25,2026-07-31,18,115,89,129,0.139535,0.207877,0.212545,0.019646,,,,,,,,GLOBAL_BASELINE_NO_ENTITY_RANKING,,,NOT_APPLICABLE_GLOBAL_BASELINE,HF9g-P5,,,,X 全窗基线 · 不参与实体赏罚,6870537,688,A168_HF9F_20260827_0900,2026-08-27 09:00:00
2026-06-08,146450109,1990,0,166.1716137342,-41.5429034336,-41.5429034336,0.4000000,5,5,0.49592654000000000,0.495926540000,-0.42901076602576227,-0.42901076602576227,-0.42901076602576227,0E-17,ELIGIBLE,R03b_20260811_FULL_v1,L1_ELIGIBILITY,v2026-08-11,2026-03-21..2026-08-06,baccarat_bet02_101_all_pairs_incl_sentinel,round_win = game_pnl > 0 (decisive only),COMPATIBILITY_ONLY_NOT_PRODUCTION,13085.0393,11650.7125,167.8201,577,577,-0.01282534,-0.37042689,-0.01070522,-0.01282534,-167.8201,13085.0393,OK,0.0000,6.7128,4.0000,96.0000,AG03-UNRESOLVED,ALL5_LEVELS_bet23_to_bet27,6.7128,6.7128,6.7128,10.0692,10.0692,4.000000,4.000000,4.000000,6.000000,6.000000,96.000000,96.000000,96.000000,94.000000,94.000000,5.0,40.2768,36.6263,127.5433,131.1939,PENDING_AG03,FALSE,NOT_FOR_ENFORCEMENT,161.1073,11184.6840,167.8201,161.1073,6.7128,0.01282534,0.01231233,6.7128,161.1073,0.01231233,6.7128,6.7128,6.7128,10.0692,10.0692,161.1073,0.01231233,40.2768,36.6263,127.5433,131.1939,0.00974726,0.01002625,0.00051301,22.6777,20.1919,0.2908,9.3233,1.4593,726.9466,32.0556,4.8200,23.1870,10.3857,20.7715,21.0062,42.0124,73.8047,105.031,10.5031,0.0,3.553178,5.056507,1.091773,21,84,13,2,0.00589380,0.01282534,0.37042689,0E-8,0.000000,0.890384,0.000000,-0.35972167,2026-03-25,2026-07-31,18,115,89,129,0.139535,0.207877,0.212545,0.019646,,,,,,,,GLOBAL_BASELINE_NO_ENTITY_RANKING,,,NOT_APPLICABLE_GLOBAL_BASELINE,HF9g-P5,,,,X 全窗基线 · 不参与实体赏罚,6870538,688,A168_HF9F_20260827_0900,2026-08-27 09:00:00
2026-06-08,146450109,2064,0,20.7714517168,-20.7714517168,-20.7714517168,0E-7,1,1,0.50665070000000000,0.506650700000,-1.013391052207602,-1.013391052207602,-1.013391052207602,0E-17,ELIGIBLE,R03b_20260811_FULL_v1,L1_ELIGIBILITY,v2026-08-11,2026-03-21..2026-08-06,baccarat_bet02_101_all_pairs_incl_sentinel,round_win = game_pnl > 0 (decisive only),COMPATIBILITY_ONLY_NOT_PRODUCTION,13085.0393,11650.7125,167.8201,577,577,-0.01282534,-0.37042689,-0.01070522,-0.01282534,-167.8201,13085.0393,OK,0.0000,6.7128,4.0000,96.0000,AG03-UNRESOLVED,ALL5_LEVELS_bet23_to_bet27,6.7128,6.7128,6.7128,10.0692,10.0692,4.000000,4.000000,4.000000,6.000000,6.000000,96.000000,96.000000,96.000000,94.000000,94.000000,5.0,40.2768,36.6263,127.5433,131.1939,PENDING_AG03,FALSE,NOT_FOR_ENFORCEMENT,161.1073,11184.6840,167.8201,161.1073,6.7128,0.01282534,0.01231233,6.7128,161.1073,0.01231233,6.7128,6.7128,6.7128,10.0692,10.0692,161.1073,0.01231233,40.2768,36.6263,127.5433,131.1939,0.00974726,0.01002625,0.00051301,22.6777,20.1919,0.2908,9.3233,1.4593,726.9466,32.0556,4.8200,23.1870,10.3857,20.7715,21.0062,42.0124,73.8047,105.031,10.5031,0.0,3.553178,5.056507,1.091773,21,84,13,2,0.00589380,0.01282534,0.37042689,0E-8,0.000000,0.890384,0.000000,-0.35972167,2026-03-25,2026-07-31,18,115,89,129,0.139535,0.207877,0.212545,0.019646,,,,,,,,GLOBAL_BASELINE_NO_ENTITY_RANKING,,,NOT_APPLICABLE_GLOBAL_BASELINE,HF9g-P5,,,,X 全窗基线 · 不参与实体赏罚,6870539,688,A168_HF9F_20260827_0900,2026-08-27 09:00:00
2026-06-08,146450109,2239,0,72.7000810088,31.1571775752,31.1571775752,0.6666667,4,4,0.49324550000000000,0.493245500000,0.6008033672792107,0.6008033672792106,0.6008033672792107,0E-17,ELIGIBLE,R03b_20260811_FULL_v1,L1_ELIGIBILITY,v2026-08-11,2026-03-21..2026-08-06,baccarat_bet02_101_all_pairs_incl_sentinel,round_win = game_pnl > 0 (decisive only),COMPATIBILITY_ONLY_NOT_PRODUCTION,13085.0393,11650.7125,167.8201,577,577,-0.01282534,-0.37042689,-0.01070522,-0.01282534,-167.8201,13085.0393,OK,0.0000,6.7128,4.0000,96.0000,AG03-UNRESOLVED,ALL5_LEVELS_bet23_to_bet27,6.7128,6.7128,6.7128,10.0692,10.0692,4.000000,4.000000,4.000000,6.000000,6.000000,96.000000,96.000000,96.000000,94.000000,94.000000,5.0,40.2768,36.6263,127.5433,131.1939,PENDING_AG03,FALSE,NOT_FOR_ENFORCEMENT,161.1073,11184.6840,167.8201,161.1073,6.7128,0.01282534,0.01231233,6.7128,161.1073,0.01231233,6.7128,6.7128,6.7128,10.0692,10.0692,161.1073,0.01231233,40.2768,36.6263,127.5433,131.1939,0.00974726,0.01002625,0.00051301,22.6777,20.1919,0.2908,9.3233,1.4593,726.9466,32.0556,4.8200,23.1870,10.3857,20.7715,21.0062,42.0124,73.8047,105.031,10.5031,0.0,3.553178,5.056507,1.091773,21,84,13,2,0.00589380,0.01282534,0.37042689,0E-8,0.000000,0.890384,0.000000,-0.35972167,2026-03-25,2026-07-31,18,115,89,129,0.139535,0.207877,0.212545,0.019646,,,,,,,,GLOBAL_BASELINE_NO_ENTITY_RANKING,,,NOT_APPLICABLE_GLOBAL_BASELINE,HF9g-P5,,,,X 全窗基线 · 不参与实体赏罚,6870540,688,A168_HF9F_20260827_0900,2026-08-27 09:00:00
2026-06-08,146450109,2256,0,20.7714517168,-20.7714517168,-20.7714517168,0E-7,1,1,0.49324550000000000,0.493245500000,-0.9865810262130424,-0.9865810262130424,-0.9865810262130424,0E-17,ELIGIBLE,R03b_20260811_FULL_v1,L1_ELIGIBILITY,v2026-08-11,2026-03-21..2026-08-06,baccarat_bet02_101_all_pairs_incl_sentinel,round_win = game_pnl > 0 (decisive only),COMPATIBILITY_ONLY_NOT_PRODUCTION,13085.0393,11650.7125,167.8201,577,577,-0.01282534,-0.37042689,-0.01070522,-0.01282534,-167.8201,13085.0393,OK,0.0000,6.7128,4.0000,96.0000,AG03-UNRESOLVED,ALL5_LEVELS_bet23_to_bet27,6.7128,6.7128,6.7128,10.0692,10.0692,4.000000,4.000000,4.000000,6.000000,6.000000,96.000000,96.000000,96.000000,94.000000,94.000000,5.0,40.2768,36.6263,127.5433,131.1939,PENDING_AG03,FALSE,NOT_FOR_ENFORCEMENT,161.1073,11184.6840,167.8201,161.1073,6.7128,0.01282534,0.01231233,6.7128,161.1073,0.01231233,6.7128,6.7128,6.7128,10.0692,10.0692,161.1073,0.01231233,40.2768,36.6263,127.5433,131.1939,0.00974726,0.01002625,0.00051301,22.6777,20.1919,0.2908,9.3233,1.4593,726.9466,32.0556,4.8200,23.1870,10.3857,20.7715,21.0062,42.0124,73.8047,105.031,10.5031,0.0,3.553178,5.056507,1.091773,21,84,13,2,0.00589380,0.01282534,0.37042689,0E-8,0.000000,0.890384,0.000000,-0.35972167,2026-03-25,2026-07-31,18,115,89,129,0.139535,0.207877,0.212545,0.019646,,,,,,,,GLOBAL_BASELINE_NO_ENTITY_RANKING,,,NOT_APPLICABLE_GLOBAL_BASELINE,HF9g-P5,,,,X 全窗基线 · 不参与实体赏罚,6870541,688,A168_HF9F_20260827_0900,2026-08-27 09:00:00
2026-06-08,146450109,2271,0,103.8572585839,-1E-10,-1E-10,0.3333333,6,6,0.49547970000000000,0.495479700000,-0.7943841881047936,-0.7943841881047936,-0.7943841881047936,0E-17,ELIGIBLE,R03b_20260811_FULL_v1,L1_ELIGIBILITY,v2026-08-11,2026-03-21..2026-08-06,baccarat_bet02_101_all_pairs_incl_sentinel,round_win = game_pnl > 0 (decisive only),COMPATIBILITY_ONLY_NOT_PRODUCTION,13085.0393,11650.7125,167.8201,577,577,-0.01282534,-0.37042689,-0.01070522,-0.01282534,-167.8201,13085.0393,OK,0.0000,6.7128,4.0000,96.0000,AG03-UNRESOLVED,ALL5_LEVELS_bet23_to_bet27,6.7128,6.7128,6.7128,10.0692,10.0692,4.000000,4.000000,4.000000,6.000000,6.000000,96.000000,96.000000,96.000000,94.000000,94.000000,5.0,40.2768,36.6263,127.5433,131.1939,PENDING_AG03,FALSE,NOT_FOR_ENFORCEMENT,161.1073,11184.6840,167.8201,161.1073,6.7128,0.01282534,0.01231233,6.7128,161.1073,0.01231233,6.7128,6.7128,6.7128,10.0692,10.0692,161.1073,0.01231233,40.2768,36.6263,127.5433,131.1939,0.00974726,0.01002625,0.00051301,22.6777,20.1919,0.2908,9.3233,1.4593,726.9466,32.0556,4.8200,23.1870,10.3857,20.7715,21.0062,42.0124,73.8047,105.031,10.5031,0.0,3.553178,5.056507,1.091773,21,84,13,2,0.00589380,0.01282534,0.37042689,0E-8,0.000000,0.890384,0.000000,-0.35972167,2026-03-25,2026-07-31,18,115,89,129,0.139535,0.207877,0.212545,0.019646,,,,,,,,GLOBAL_BASELINE_NO_ENTITY_RANKING,,,NOT_APPLICABLE_GLOBAL_BASELINE,HF9g-P5,,,,X 全窗基线 · 不参与实体赏罚,6870542,688,A168_HF9F_20260827_0900,2026-08-27 09:00:00
2026-06-08,146450109,529,0,62.3143551503,20.7714517167,20.7714517167,0.5000000,2,2,0.49324550000000000,0.493245500000,0.01910635448239258,0.01910635448239258,0.01910635448239258,0E-17,ELIGIBLE,R03b_20260811_FULL_v1,L1_ELIGIBILITY,v2026-08-11,2026-03-21..2026-08-06,baccarat_bet02_101_all_pairs_incl_sentinel,round_win = game_pnl > 0 (decisive only),COMPATIBILITY_ONLY_NOT_PRODUCTION,13085.0393,11650.7125,167.8201,577,577,-0.01282534,-0.37042689,-0.01070522,-0.01282534,-167.8201,13085.0393,OK,0.0000,6.7128,4.0000,96.0000,AG03-UNRESOLVED,ALL5_LEVELS_bet23_to_bet27,6.7128,6.7128,6.7128,10.0692,10.0692,4.000000,4.000000,4.000000,6.000000,6.000000,96.000000,96.000000,96.000000,94.000000,94.000000,5.0,40.2768,36.6263,127.5433,131.1939,PENDING_AG03,FALSE,NOT_FOR_ENFORCEMENT,161.1073,11184.6840,167.8201,161.1073,6.7128,0.01282534,0.01231233,6.7128,161.1073,0.01231233,6.7128,6.7128,6.7128,10.0692,10.0692,161.1073,0.01231233,40.2768,36.6263,127.5433,131.1939,0.00974726,0.01002625,0.00051301,22.6777,20.1919,0.2908,9.3233,1.4593,726.9466,32.0556,4.8200,23.1870,10.3857,20.7715,21.0062,42.0124,73.8047,105.031,10.5031,0.0,3.553178,5.056507,1.091773,21,84,13,2,0.00589380,0.01282534,0.37042689,0E-8,0.000000,0.890384,0.000000,-0.35972167,2026-03-25,2026-07-31,18,115,89,129,0.139535,0.207877,0.212545,0.019646,,,,,,,,GLOBAL_BASELINE_NO_ENTITY_RANKING,,,NOT_APPLICABLE_GLOBAL_BASELINE,HF9g-P5,,,,X 全窗基线 · 不参与实体赏罚,6870543,688,A168_HF9F_20260827_0900,2026-08-27 09:00:00
2026-06-09,146450109,1004,0,20.7714517168,0E-10,0E-10,0.5000000,2,2,0.49324550000000000,0.493245500000,0.01910635448239258,0.01910635448239258,0.01910635448239258,0E-17,ELIGIBLE,R03b_20260811_FULL_v1,L1_ELIGIBILITY,v2026-08-11,2026-03-21..2026-08-06,baccarat_bet02_101_all_pairs_incl_sentinel,round_win = game_pnl > 0 (decisive only),COMPATIBILITY_ONLY_NOT_PRODUCTION,13085.0393,11650.7125,167.8201,577,577,-0.01282534,-0.37042689,-0.01070522,-0.01282534,-167.8201,13085.0393,OK,0.0000,6.7128,4.0000,96.0000,AG03-UNRESOLVED,ALL5_LEVELS_bet23_to_bet27,6.7128,6.7128,6.7128,10.0692,10.0692,4.000000,4.000000,4.000000,6.000000,6.000000,96.000000,96.000000,96.000000,94.000000,94.000000,5.0,40.2768,36.6263,127.5433,131.1939,PENDING_AG03,FALSE,NOT_FOR_ENFORCEMENT,161.1073,11184.6840,167.8201,161.1073,6.7128,0.01282534,0.01231233,6.7128,161.1073,0.01231233,6.7128,6.7128,6.7128,10.0692,10.0692,161.1073,0.01231233,40.2768,36.6263,127.5433,131.1939,0.00974726,0.01002625,0.00051301,22.6777,20.1919,0.2908,9.3233,1.4593,726.9466,32.0556,4.8200,23.1870,10.3857,20.7715,21.0062,42.0124,73.8047,105.031,10.5031,0.0,3.553178,5.056507,1.091773,21,84,13,2,0.00589380,0.01282534,0.37042689,0E-8,0.000000,0.890384,0.000000,-0.35972167,2026-03-25,2026-07-31,18,115,89,129,0.139535,0.207877,0.212545,0.019646,,,,,,,,GLOBAL_BASELINE_NO_ENTITY_RANKING,,,NOT_APPLICABLE_GLOBAL_BASELINE,HF9g-P5,,,,X 全窗基线 · 不参与实体赏罚,6870544,688,A168_HF9F_20260827_0900,2026-08-27 09:00:00
2026-06-09,146450109,1078,0,41.5429034336,-20.7714517168,-20.7714517168,0E-7,2,2,0.50665070000000000,0.506650700000,-1.013391052207602,-1.013391052207602,-1.013391052207602,0E-17,ELIGIBLE,R03b_20260811_FULL_v1,L1_ELIGIBILITY,v2026-08-11,2026-03-21..2026-08-06,baccarat_bet02_101_all_pairs_incl_sentinel,round_win = game_pnl > 0 (decisive only),COMPATIBILITY_ONLY_NOT_PRODUCTION,13085.0393,11650.7125,167.8201,577,577,-0.01282534,-0.37042689,-0.01070522,-0.01282534,-167.8201,13085.0393,OK,0.0000,6.7128,4.0000,96.0000,AG03-UNRESOLVED,ALL5_LEVELS_bet23_to_bet27,6.7128,6.7128,6.7128,10.0692,10.0692,4.000000,4.000000,4.000000,6.000000,6.000000,96.000000,96.000000,96.000000,94.000000,94.000000,5.0,40.2768,36.6263,127.5433,131.1939,PENDING_AG03,FALSE,NOT_FOR_ENFORCEMENT,161.1073,11184.6840,167.8201,161.1073,6.7128,0.01282534,0.01231233,6.7128,161.1073,0.01231233,6.7128,6.7128,6.7128,10.0692,10.0692,161.1073,0.01231233,40.2768,36.6263,127.5433,131.1939,0.00974726,0.01002625,0.00051301,22.6777,20.1919,0.2908,9.3233,1.4593,726.9466,32.0556,4.8200,23.1870,10.3857,20.7715,21.0062,42.0124,73.8047,105.031,10.5031,0.0,3.553178,5.056507,1.091773,21,84,13,2,0.00589380,0.01282534,0.37042689,0E-8,0.000000,0.890384,0.000000,-0.35972167,2026-03-25,2026-07-31,18,115,89,129,0.139535,0.207877,0.212545,0.019646,,,,,,,,GLOBAL_BASELINE_NO_ENTITY_RANKING,,,NOT_APPLICABLE_GLOBAL_BASELINE,HF9g-P5,,,,X 全窗基线 · 不参与实体赏罚,6870545,688,A168_HF9F_20260827_0900,2026-08-27 09:00:00
2026-06-09,146450109,1702,0,62.3143551504,-20.7714517168,-20.7714517168,0E-7,3,3,0.49324550000000000,0.493245500000,-0.9865810262130424,-0.9865810262130424,-0.9865810262130424,0E-17,ELIGIBLE,R03b_20260811_FULL_v1,L1_ELIGIBILITY,v2026-08-11,2026-03-21..2026-08-06,baccarat_bet02_101_all_pairs_incl_sentinel,round_win = game_pnl > 0 (decisive only),COMPATIBILITY_ONLY_NOT_PRODUCTION,13085.0393,11650.7125,167.8201,577,577,-0.01282534,-0.37042689,-0.01070522,-0.01282534,-167.8201,13085.0393,OK,0.0000,6.7128,4.0000,96.0000,AG03-UNRESOLVED,ALL5_LEVELS_bet23_to_bet27,6.7128,6.7128,6.7128,10.0692,10.0692,4.000000,4.000000,4.000000,6.000000,6.000000,96.000000,96.000000,96.000000,94.000000,94.000000,5.0,40.2768,36.6263,127.5433,131.1939,PENDING_AG03,FALSE,NOT_FOR_ENFORCEMENT,161.1073,11184.6840,167.8201,161.1073,6.7128,0.01282534,0.01231233,6.7128,161.1073,0.01231233,6.7128,6.7128,6.7128,10.0692,10.0692,161.1073,0.01231233,40.2768,36.6263,127.5433,131.1939,0.00974726,0.01002625,0.00051301,22.6777,20.1919,0.2908,9.3233,1.4593,726.9466,32.0556,4.8200,23.1870,10.3857,20.7715,21.0062,42.0124,73.8047,105.031,10.5031,0.0,3.553178,5.056507,1.091773,21,84,13,2,0.00589380,0.01282534,0.37042689,0E-8,0.000000,0.890384,0.000000,-0.35972167,2026-03-25,2026-07-31,18,115,89,129,0.139535,0.207877,0.212545,0.019646,,,,,,,,GLOBAL_BASELINE_NO_ENTITY_RANKING,,,NOT_APPLICABLE_GLOBAL_BASELINE,HF9g-P5,,,,X 全窗基线 · 不参与实体赏罚,6870546,688,A168_HF9F_20260827_0900,2026-08-27 09:00:00
2026-06-09,146450109,2234,0,10.3857258584,-10.3857258584,-10.3857258584,0E-7,1,1,0.49324550000000000,0.493245500000,-0.9865810262130424,-0.9865810262130424,-0.9865810262130424,0E-17,ELIGIBLE,R03b_20260811_FULL_v1,L1_ELIGIBILITY,v2026-08-11,2026-03-21..2026-08-06,baccarat_bet02_101_all_pairs_incl_sentinel,round_win = game_pnl > 0 (decisive only),COMPATIBILITY_ONLY_NOT_PRODUCTION,13085.0393,11650.7125,167.8201,577,577,-0.01282534,-0.37042689,-0.01070522,-0.01282534,-167.8201,13085.0393,OK,0.0000,6.7128,4.0000,96.0000,AG03-UNRESOLVED,ALL5_LEVELS_bet23_to_bet27,6.7128,6.7128,6.7128,10.0692,10.0692,4.000000,4.000000,4.000000,6.000000,6.000000,96.000000,96.000000,96.000000,94.000000,94.000000,5.0,40.2768,36.6263,127.5433,131.1939,PENDING_AG03,FALSE,NOT_FOR_ENFORCEMENT,161.1073,11184.6840,167.8201,161.1073,6.7128,0.01282534,0.01231233,6.7128,161.1073,0.01231233,6.7128,6.7128,6.7128,10.0692,10.0692,161.1073,0.01231233,40.2768,36.6263,127.5433,131.1939,0.00974726,0.01002625,0.00051301,22.6777,20.1919,0.2908,9.3233,1.4593,726.9466,32.0556,4.8200,23.1870,10.3857,20.7715,21.0062,42.0124,73.8047,105.031,10.5031,0.0,3.553178,5.056507,1.091773,21,84,13,2,0.00589380,0.01282534,0.37042689,0E-8,0.000000,0.890384,0.000000,-0.35972167,2026-03-25,2026-07-31,18,115,89,129,0.139535,0.207877,0.212545,0.019646,,,,,,,,GLOBAL_BASELINE_NO_ENTITY_RANKING,,,NOT_APPLICABLE_GLOBAL_BASELINE,HF9g-P5,,,,X 全窗基线 · 不参与实体赏罚,6870547,688,A168_HF9F_20260827_0900,2026-08-27 09:00:00
2026-06-09,146450109,2272,0,10.3857258584,-10.3857258584,-10.3857258584,0E-7,1,1,0.50665070000000000,0.506650700000,-1.013391052207602,-1.013391052207602,-1.013391052207602,0E-17,ELIGIBLE,R03b_20260811_FULL_v1,L1_ELIGIBILITY,v2026-08-11,2026-03-21..2026-08-06,baccarat_bet02_101_all_pairs_incl_sentinel,round_win = game_pnl > 0 (decisive only),COMPATIBILITY_ONLY_NOT_PRODUCTION,13085.0393,11650.7125,167.8201,577,577,-0.01282534,-0.37042689,-0.01070522,-0.01282534,-167.8201,13085.0393,OK,0.0000,6.7128,4.0000,96.0000,AG03-UNRESOLVED,ALL5_LEVELS_bet23_to_bet27,6.7128,6.7128,6.7128,10.0692,10.0692,4.000000,4.000000,4.000000,6.000000,6.000000,96.000000,96.000000,96.000000,94.000000,94.000000,5.0,40.2768,36.6263,127.5433,131.1939,PENDING_AG03,FALSE,NOT_FOR_ENFORCEMENT,161.1073,11184.6840,167.8201,161.1073,6.7128,0.01282534,0.01231233,6.7128,161.1073,0.01231233,6.7128,6.7128,6.7128,10.0692,10.0692,161.1073,0.01231233,40.2768,36.6263,127.5433,131.1939,0.00974726,0.01002625,0.00051301,22.6777,20.1919,0.2908,9.3233,1.4593,726.9466,32.0556,4.8200,23.1870,10.3857,20.7715,21.0062,42.0124,73.8047,105.031,10.5031,0.0,3.553178,5.056507,1.091773,21,84,13,2,0.00589380,0.01282534,0.37042689,0E-8,0.000000,0.890384,0.000000,-0.35972167,2026-03-25,2026-07-31,18,115,89,129,0.139535,0.207877,0.212545,0.019646,,,,,,,,GLOBAL_BASELINE_NO_ENTITY_RANKING,,,NOT_APPLICABLE_GLOBAL_BASELINE,HF9g-P5,,,,X 全窗基线 · 不参与实体赏罚,6870548,688,A168_HF9F_20260827_0900,2026-08-27 09:00:00
2026-06-09,146450109,462,0,72.7000810088,-10.3857258584,-10.3857258584,0.4000000,5,5,0.49592654000000000,0.495926540000,-0.42901076602576227,-0.42901076602576227,-0.42901076602576227,0E-17,ELIGIBLE,R03b_20260811_FULL_v1,L1_ELIGIBILITY,v2026-08-11,2026-03-21..2026-08-06,baccarat_bet02_101_all_pairs_incl_sentinel,round_win = game_pnl > 0 (decisive only),COMPATIBILITY_ONLY_NOT_PRODUCTION,13085.0393,11650.7125,167.8201,577,577,-0.01282534,-0.37042689,-0.01070522,-0.01282534,-167.8201,13085.0393,OK,0.0000,6.7128,4.0000,96.0000,AG03-UNRESOLVED,ALL5_LEVELS_bet23_to_bet27,6.7128,6.7128,6.7128,10.0692,10.0692,4.000000,4.000000,4.000000,6.000000,6.000000,96.000000,96.000000,96.000000,94.000000,94.000000,5.0,40.2768,36.6263,127.5433,131.1939,PENDING_AG03,FALSE,NOT_FOR_ENFORCEMENT,161.1073,11184.6840,167.8201,161.1073,6.7128,0.01282534,0.01231233,6.7128,161.1073,0.01231233,6.7128,6.7128,6.7128,10.0692,10.0692,161.1073,0.01231233,40.2768,36.6263,127.5433,131.1939,0.00974726,0.01002625,0.00051301,22.6777,20.1919,0.2908,9.3233,1.4593,726.9466,32.0556,4.8200,23.1870,10.3857,20.7715,21.0062,42.0124,73.8047,105.031,10.5031,0.0,3.553178,5.056507,1.091773,21,84,13,2,0.00589380,0.01282534,0.37042689,0E-8,0.000000,0.890384,0.000000,-0.35972167,2026-03-25,2026-07-31,18,115,89,129,0.139535,0.207877,0.212545,0.019646,,,,,,,,GLOBAL_BASELINE_NO_ENTITY_RANKING,,,NOT_APPLICABLE_GLOBAL_BASELINE,HF9g-P5,,,,X 全窗基线 · 不参与实体赏罚,6870549,688,A168_HF9F_20260827_0900,2026-08-27 09:00:00
2026-06-09,146450109,789,0,20.7714517168,20.7714517168,20.7714517168,1.0000000,2,2,0.49324550000000000,0.493245500000,1.4334489766152358,1.4334489766152358,1.4334489766152358,0E-17,ELIGIBLE,R03b_20260811_FULL_v1,L1_ELIGIBILITY,v2026-08-11,2026-03-21..2026-08-06,baccarat_bet02_101_all_pairs_incl_sentinel,round_win = game_pnl > 0 (decisive only),COMPATIBILITY_ONLY_NOT_PRODUCTION,13085.0393,11650.7125,167.8201,577,577,-0.01282534,-0.37042689,-0.01070522,-0.01282534,-167.8201,13085.0393,OK,0.0000,6.7128,4.0000,96.0000,AG03-UNRESOLVED,ALL5_LEVELS_bet23_to_bet27,6.7128,6.7128,6.7128,10.0692,10.0692,4.000000,4.000000,4.000000,6.000000,6.000000,96.000000,96.000000,96.000000,94.000000,94.000000,5.0,40.2768,36.6263,127.5433,131.1939,PENDING_AG03,FALSE,NOT_FOR_ENFORCEMENT,161.1073,11184.6840,167.8201,161.1073,6.7128,0.01282534,0.01231233,6.7128,161.1073,0.01231233,6.7128,6.7128,6.7128,10.0692,10.0692,161.1073,0.01231233,40.2768,36.6263,127.5433,131.1939,0.00974726,0.01002625,0.00051301,22.6777,20.1919,0.2908,9.3233,1.4593,726.9466,32.0556,4.8200,23.1870,10.3857,20.7715,21.0062,42.0124,73.8047,105.031,10.5031,0.0,3.553178,5.056507,1.091773,21,84,13,2,0.00589380,0.01282534,0.37042689,0E-8,0.000000,0.890384,0.000000,-0.35972167,2026-03-25,2026-07-31,18,115,89,129,0.139535,0.207877,0.212545,0.019646,,,,,,,,GLOBAL_BASELINE_NO_ENTITY_RANKING,,,NOT_APPLICABLE_GLOBAL_BASELINE,HF9g-P5,,,,X 全窗基线 · 不参与实体赏罚,6870550,688,A168_HF9F_20260827_0900,2026-08-27 09:00:00
2026-06-15,146450109,1221,0,13.0860145817,-13.0860145817,-13.0860145817,0E-7,3,3,0.49771390000000000,0.497713900000,-1.724149546644903,-1.724149546644903,-1.724149546644903,0E-17,ELIGIBLE,R03b_20260811_FULL_v1,L1_ELIGIBILITY,v2026-08-11,2026-03-21..2026-08-06,baccarat_bet02_101_all_pairs_incl_sentinel,round_win = game_pnl > 0 (decisive only),COMPATIBILITY_ONLY_NOT_PRODUCTION,13085.0393,11650.7125,167.8201,577,577,-0.01282534,-0.37042689,-0.01070522,-0.01282534,-167.8201,13085.0393,OK,0.0000,6.7128,4.0000,96.0000,AG03-UNRESOLVED,ALL5_LEVELS_bet23_to_bet27,6.7128,6.7128,6.7128,10.0692,10.0692,4.000000,4.000000,4.000000,6.000000,6.000000,96.000000,96.000000,96.000000,94.000000,94.000000,5.0,40.2768,36.6263,127.5433,131.1939,PENDING_AG03,FALSE,NOT_FOR_ENFORCEMENT,161.1073,11184.6840,167.8201,161.1073,6.7128,0.01282534,0.01231233,6.7128,161.1073,0.01231233,6.7128,6.7128,6.7128,10.0692,10.0692,161.1073,0.01231233,40.2768,36.6263,127.5433,131.1939,0.00974726,0.01002625,0.00051301,22.6777,20.1919,0.2908,9.3233,1.4593,726.9466,32.0556,4.8200,23.1870,10.3857,20.7715,21.0062,42.0124,73.8047,105.031,10.5031,0.0,3.553178,5.056507,1.091773,21,84,13,2,0.00589380,0.01282534,0.37042689,0E-8,0.000000,0.890384,0.000000,-0.35972167,2026-03-25,2026-07-31,18,115,89,129,0.139535,0.207877,0.212545,0.019646,,,,,,,,GLOBAL_BASELINE_NO_ENTITY_RANKING,,,NOT_APPLICABLE_GLOBAL_BASELINE,HF9g-P5,,,,X 全窗基线 · 不参与实体赏罚,6870551,688,A168_HF9F_20260827_0900,2026-08-27 09:00:00
2026-06-15,146450109,1385,0,31.1571775752,-31.1571775752,-31.1571775752,0E-7,2,2,0.49994810000000000,0.499948100000,-1.4140667746232096,-1.4140667746232096,-1.4140667746232096,0E-17,ELIGIBLE,R03b_20260811_FULL_v1,L1_ELIGIBILITY,v2026-08-11,2026-03-21..2026-08-06,baccarat_bet02_101_all_pairs_incl_sentinel,round_win = game_pnl > 0 (decisive only),COMPATIBILITY_ONLY_NOT_PRODUCTION,13085.0393,11650.7125,167.8201,577,577,-0.01282534,-0.37042689,-0.01070522,-0.01282534,-167.8201,13085.0393,OK,0.0000,6.7128,4.0000,96.0000,AG03-UNRESOLVED,ALL5_LEVELS_bet23_to_bet27,6.7128,6.7128,6.7128,10.0692,10.0692,4.000000,4.000000,4.000000,6.000000,6.000000,96.000000,96.000000,96.000000,94.000000,94.000000,5.0,40.2768,36.6263,127.5433,131.1939,PENDING_AG03,FALSE,NOT_FOR_ENFORCEMENT,161.1073,11184.6840,167.8201,161.1073,6.7128,0.01282534,0.01231233,6.7128,161.1073,0.01231233,6.7128,6.7128,6.7128,10.0692,10.0692,161.1073,0.01231233,40.2768,36.6263,127.5433,131.1939,0.00974726,0.01002625,0.00051301,22.6777,20.1919,0.2908,9.3233,1.4593,726.9466,32.0556,4.8200,23.1870,10.3857,20.7715,21.0062,42.0124,73.8047,105.031,10.5031,0.0,3.553178,5.056507,1.091773,21,84,13,2,0.00589380,0.01282534,0.37042689,0E-8,0.000000,0.890384,0.000000,-0.35972167,2026-03-25,2026-07-31,18,115,89,129,0.139535,0.207877,0.212545,0.019646,,,,,,,,GLOBAL_BASELINE_NO_ENTITY_RANKING,,,NOT_APPLICABLE_GLOBAL_BASELINE,HF9g-P5,,,,X 全窗基线 · 不参与实体赏罚,6870552,688,A168_HF9F_20260827_0900,2026-08-27 09:00:00
2026-06-15,146450109,2256,0,20.7714517168,-0.5192862929,-0.5192862929,0.5000000,2,2,0.50665070000000000,0.506650700000,-0.018812684590367487,-0.018812684590367487,-0.018812684590367487,0E-17,ELIGIBLE,R03b_20260811_FULL_v1,L1_ELIGIBILITY,v2026-08-11,2026-03-21..2026-08-06,baccarat_bet02_101_all_pairs_incl_sentinel,round_win = game_pnl > 0 (decisive only),COMPATIBILITY_ONLY_NOT_PRODUCTION,13085.0393,11650.7125,167.8201,577,577,-0.01282534,-0.37042689,-0.01070522,-0.01282534,-167.8201,13085.0393,OK,0.0000,6.7128,4.0000,96.0000,AG03-UNRESOLVED,ALL5_LEVELS_bet23_to_bet27,6.7128,6.7128,6.7128,10.0692,10.0692,4.000000,4.000000,4.000000,6.000000,6.000000,96.000000,96.000000,96.000000,94.000000,94.000000,5.0,40.2768,36.6263,127.5433,131.1939,PENDING_AG03,FALSE,NOT_FOR_ENFORCEMENT,161.1073,11184.6840,167.8201,161.1073,6.7128,0.01282534,0.01231233,6.7128,161.1073,0.01231233,6.7128,6.7128,6.7128,10.0692,10.0692,161.1073,0.01231233,40.2768,36.6263,127.5433,131.1939,0.00974726,0.01002625,0.00051301,22.6777,20.1919,0.2908,9.3233,1.4593,726.9466,32.0556,4.8200,23.1870,10.3857,20.7715,21.0062,42.0124,73.8047,105.031,10.5031,0.0,3.553178,5.056507,1.091773,21,84,13,2,0.00589380,0.01282534,0.37042689,0E-8,0.000000,0.890384,0.000000,-0.35972167,2026-03-25,2026-07-31,18,115,89,129,0.139535,0.207877,0.212545,0.019646,,,,,,,,GLOBAL_BASELINE_NO_ENTITY_RANKING,,,NOT_APPLICABLE_GLOBAL_BASELINE,HF9g-P5,,,,X 全窗基线 · 不参与实体赏罚,6870553,688,A168_HF9F_20260827_0900,2026-08-27 09:00:00
2026-06-16,146450109,1004,0,48.6051970175,-1.2462871031,-1.2462871031,0.4444444,9,9,0.49473496666666667,0.494734966667,-0.3017598637115941,-0.3017598637135921,-0.3017598637115941,-3.3333E-13,ELIGIBLE,R03b_20260811_FULL_v1,L1_ELIGIBILITY,v2026-08-11,2026-03-21..2026-08-06,baccarat_bet02_101_all_pairs_incl_sentinel,round_win = game_pnl > 0 (decisive only),COMPATIBILITY_ONLY_NOT_PRODUCTION,13085.0393,11650.7125,167.8201,577,577,-0.01282534,-0.37042689,-0.01070522,-0.01282534,-167.8201,13085.0393,OK,0.0000,6.7128,4.0000,96.0000,AG03-UNRESOLVED,ALL5_LEVELS_bet23_to_bet27,6.7128,6.7128,6.7128,10.0692,10.0692,4.000000,4.000000,4.000000,6.000000,6.000000,96.000000,96.000000,96.000000,94.000000,94.000000,5.0,40.2768,36.6263,127.5433,131.1939,PENDING_AG03,FALSE,NOT_FOR_ENFORCEMENT,161.1073,11184.6840,167.8201,161.1073,6.7128,0.01282534,0.01231233,6.7128,161.1073,0.01231233,6.7128,6.7128,6.7128,10.0692,10.0692,161.1073,0.01231233,40.2768,36.6263,127.5433,131.1939,0.00974726,0.01002625,0.00051301,22.6777,20.1919,0.2908,9.3233,1.4593,726.9466,32.0556,4.8200,23.1870,10.3857,20.7715,21.0062,42.0124,73.8047,105.031,10.5031,0.0,3.553178,5.056507,1.091773,21,84,13,2,0.00589380,0.01282534,0.37042689,0E-8,0.000000,0.890384,0.000000,-0.35972167,2026-03-25,2026-07-31,18,115,89,129,0.139535,0.207877,0.212545,0.019646,,,,,,,,GLOBAL_BASELINE_NO_ENTITY_RANKING,,,NOT_APPLICABLE_GLOBAL_BASELINE,HF9g-P5,,,,X 全窗基线 · 不参与实体赏罚,6870554,688,A168_HF9F_20260827_0900,2026-08-27 09:00:00
2026-06-16,146450109,1704,0,10.3857258584,-10.3857258584,-10.3857258584,0E-7,1,1,0.49324550000000000,0.493245500000,-0.9865810262130424,-0.9865810262130424,-0.9865810262130424,0E-17,ELIGIBLE,R03b_20260811_FULL_v1,L1_ELIGIBILITY,v2026-08-11,2026-03-21..2026-08-06,baccarat_bet02_101_all_pairs_incl_sentinel,round_win = game_pnl > 0 (decisive only),COMPATIBILITY_ONLY_NOT_PRODUCTION,13085.0393,11650.7125,167.8201,577,577,-0.01282534,-0.37042689,-0.01070522,-0.01282534,-167.8201,13085.0393,OK,0.0000,6.7128,4.0000,96.0000,AG03-UNRESOLVED,ALL5_LEVELS_bet23_to_bet27,6.7128,6.7128,6.7128,10.0692,10.0692,4.000000,4.000000,4.000000,6.000000,6.000000,96.000000,96.000000,96.000000,94.000000,94.000000,5.0,40.2768,36.6263,127.5433,131.1939,PENDING_AG03,FALSE,NOT_FOR_ENFORCEMENT,161.1073,11184.6840,167.8201,161.1073,6.7128,0.01282534,0.01231233,6.7128,161.1073,0.01231233,6.7128,6.7128,6.7128,10.0692,10.0692,161.1073,0.01231233,40.2768,36.6263,127.5433,131.1939,0.00974726,0.01002625,0.00051301,22.6777,20.1919,0.2908,9.3233,1.4593,726.9466,32.0556,4.8200,23.1870,10.3857,20.7715,21.0062,42.0124,73.8047,105.031,10.5031,0.0,3.553178,5.056507,1.091773,21,84,13,2,0.00589380,0.01282534,0.37042689,0E-8,0.000000,0.890384,0.000000,-0.35972167,2026-03-25,2026-07-31,18,115,89,129,0.139535,0.207877,0.212545,0.019646,,,,,,,,GLOBAL_BASELINE_NO_ENTITY_RANKING,,,NOT_APPLICABLE_GLOBAL_BASELINE,HF9g-P5,,,,X 全窗基线 · 不参与实体赏罚,6870555,688,A168_HF9F_20260827_0900,2026-08-27 09:00:00
2026-06-16,146450109,2214,0,79.1392310410,-46.3307230543,-46.3307230543,0.2500000,8,8,0.50329940000000000,0.503299400000,-1.4329089850335803,-1.4329089850335803,-1.4329089850335803,0E-17,ELIGIBLE,R03b_20260811_FULL_v1,L1_ELIGIBILITY,v2026-08-11,2026-03-21..2026-08-06,baccarat_bet02_101_all_pairs_incl_sentinel,round_win = game_pnl > 0 (decisive only),COMPATIBILITY_ONLY_NOT_PRODUCTION,13085.0393,11650.7125,167.8201,577,577,-0.01282534,-0.37042689,-0.01070522,-0.01282534,-167.8201,13085.0393,OK,0.0000,6.7128,4.0000,96.0000,AG03-UNRESOLVED,ALL5_LEVELS_bet23_to_bet27,6.7128,6.7128,6.7128,10.0692,10.0692,4.000000,4.000000,4.000000,6.000000,6.000000,96.000000,96.000000,96.000000,94.000000,94.000000,5.0,40.2768,36.6263,127.5433,131.1939,PENDING_AG03,FALSE,NOT_FOR_ENFORCEMENT,161.1073,11184.6840,167.8201,161.1073,6.7128,0.01282534,0.01231233,6.7128,161.1073,0.01231233,6.7128,6.7128,6.7128,10.0692,10.0692,161.1073,0.01231233,40.2768,36.6263,127.5433,131.1939,0.00974726,0.01002625,0.00051301,22.6777,20.1919,0.2908,9.3233,1.4593,726.9466,32.0556,4.8200,23.1870,10.3857,20.7715,21.0062,42.0124,73.8047,105.031,10.5031,0.0,3.553178,5.056507,1.091773,21,84,13,2,0.00589380,0.01282534,0.37042689,0E-8,0.000000,0.890384,0.000000,-0.35972167,2026-03-25,2026-07-31,18,115,89,129,0.139535,0.207877,0.212545,0.019646,,,,,,,,GLOBAL_BASELINE_NO_ENTITY_RANKING,,,NOT_APPLICABLE_GLOBAL_BASELINE,HF9g-P5,,,,X 全窗基线 · 不参与实体赏罚,6870556,688,A168_HF9F_20260827_0900,2026-08-27 09:00:00
2026-06-16,146450109,2218,0,16.6171613735,-8.3085806867,-8.3085806867,0.5000000,2,2,0.49324550000000000,0.493245500000,0.01910635448239258,0.01910635448239258,0.01910635448239258,0E-17,ELIGIBLE,R03b_20260811_FULL_v1,L1_ELIGIBILITY,v2026-08-11,2026-03-21..2026-08-06,baccarat_bet02_101_all_pairs_incl_sentinel,round_win = game_pnl > 0 (decisive only),COMPATIBILITY_ONLY_NOT_PRODUCTION,13085.0393,11650.7125,167.8201,577,577,-0.01282534,-0.37042689,-0.01070522,-0.01282534,-167.8201,13085.0393,OK,0.0000,6.7128,4.0000,96.0000,AG03-UNRESOLVED,ALL5_LEVELS_bet23_to_bet27,6.7128,6.7128,6.7128,10.0692,10.0692,4.000000,4.000000,4.000000,6.000000,6.000000,96.000000,96.000000,96.000000,94.000000,94.000000,5.0,40.2768,36.6263,127.5433,131.1939,PENDING_AG03,FALSE,NOT_FOR_ENFORCEMENT,161.1073,11184.6840,167.8201,161.1073,6.7128,0.01282534,0.01231233,6.7128,161.1073,0.01231233,6.7128,6.7128,6.7128,10.0692,10.0692,161.1073,0.01231233,40.2768,36.6263,127.5433,131.1939,0.00974726,0.01002625,0.00051301,22.6777,20.1919,0.2908,9.3233,1.4593,726.9466,32.0556,4.8200,23.1870,10.3857,20.7715,21.0062,42.0124,73.8047,105.031,10.5031,0.0,3.553178,5.056507,1.091773,21,84,13,2,0.00589380,0.01282534,0.37042689,0E-8,0.000000,0.890384,0.000000,-0.35972167,2026-03-25,2026-07-31,18,115,89,129,0.139535,0.207877,0.212545,0.019646,,,,,,,,GLOBAL_BASELINE_NO_ENTITY_RANKING,,,NOT_APPLICABLE_GLOBAL_BASELINE,HF9g-P5,,,,X 全窗基线 · 不参与实体赏罚,6870557,688,A168_HF9F_20260827_0900,2026-08-27 09:00:00
2026-06-16,146450109,2229,0,20.7714517168,19.7328791310,19.7328791310,1.0000000,3,3,0.50665070000000000,0.506650700000,1.7091633124209307,1.7091633124209307,1.7091633124209307,0E-17,ELIGIBLE,R03b_20260811_FULL_v1,L1_ELIGIBILITY,v2026-08-11,2026-03-21..2026-08-06,baccarat_bet02_101_all_pairs_incl_sentinel,round_win = game_pnl > 0 (decisive only),COMPATIBILITY_ONLY_NOT_PRODUCTION,13085.0393,11650.7125,167.8201,577,577,-0.01282534,-0.37042689,-0.01070522,-0.01282534,-167.8201,13085.0393,OK,0.0000,6.7128,4.0000,96.0000,AG03-UNRESOLVED,ALL5_LEVELS_bet23_to_bet27,6.7128,6.7128,6.7128,10.0692,10.0692,4.000000,4.000000,4.000000,6.000000,6.000000,96.000000,96.000000,96.000000,94.000000,94.000000,5.0,40.2768,36.6263,127.5433,131.1939,PENDING_AG03,FALSE,NOT_FOR_ENFORCEMENT,161.1073,11184.6840,167.8201,161.1073,6.7128,0.01282534,0.01231233,6.7128,161.1073,0.01231233,6.7128,6.7128,6.7128,10.0692,10.0692,161.1073,0.01231233,40.2768,36.6263,127.5433,131.1939,0.00974726,0.01002625,0.00051301,22.6777,20.1919,0.2908,9.3233,1.4593,726.9466,32.0556,4.8200,23.1870,10.3857,20.7715,21.0062,42.0124,73.8047,105.031,10.5031,0.0,3.553178,5.056507,1.091773,21,84,13,2,0.00589380,0.01282534,0.37042689,0E-8,0.000000,0.890384,0.000000,-0.35972167,2026-03-25,2026-07-31,18,115,89,129,0.139535,0.207877,0.212545,0.019646,,,,,,,,GLOBAL_BASELINE_NO_ENTITY_RANKING,,,NOT_APPLICABLE_GLOBAL_BASELINE,HF9g-P5,,,,X 全窗基线 · 不参与实体赏罚,6870558,688,A168_HF9F_20260827_0900,2026-08-27 09:00:00
2026-06-16,146450109,2271,0,72.7000810090,0.4154290343,0.4154290343,0.5454545,12,12,0.50441650000000000,0.504416500000,0.27222621781358125,0.27222621781358125,0.27222621781358125,0E-17,ELIGIBLE,R03b_20260811_FULL_v1,L1_ELIGIBILITY,v2026-08-11,2026-03-21..2026-08-06,baccarat_bet02_101_all_pairs_incl_sentinel,round_win = game_pnl > 0 (decisive only),COMPATIBILITY_ONLY_NOT_PRODUCTION,13085.0393,11650.7125,167.8201,577,577,-0.01282534,-0.37042689,-0.01070522,-0.01282534,-167.8201,13085.0393,OK,0.0000,6.7128,4.0000,96.0000,AG03-UNRESOLVED,ALL5_LEVELS_bet23_to_bet27,6.7128,6.7128,6.7128,10.0692,10.0692,4.000000,4.000000,4.000000,6.000000,6.000000,96.000000,96.000000,96.000000,94.000000,94.000000,5.0,40.2768,36.6263,127.5433,131.1939,PENDING_AG03,FALSE,NOT_FOR_ENFORCEMENT,161.1073,11184.6840,167.8201,161.1073,6.7128,0.01282534,0.01231233,6.7128,161.1073,0.01231233,6.7128,6.7128,6.7128,10.0692,10.0692,161.1073,0.01231233,40.2768,36.6263,127.5433,131.1939,0.00974726,0.01002625,0.00051301,22.6777,20.1919,0.2908,9.3233,1.4593,726.9466,32.0556,4.8200,23.1870,10.3857,20.7715,21.0062,42.0124,73.8047,105.031,10.5031,0.0,3.553178,5.056507,1.091773,21,84,13,2,0.00589380,0.01282534,0.37042689,0E-8,0.000000,0.890384,0.000000,-0.35972167,2026-03-25,2026-07-31,18,115,89,129,0.139535,0.207877,0.212545,0.019646,,,,,,,,GLOBAL_BASELINE_NO_ENTITY_RANKING,,,NOT_APPLICABLE_GLOBAL_BASELINE,HF9g-P5,,,,X 全窗基线 · 不参与实体赏罚,6870559,688,A168_HF9F_20260827_0900,2026-08-27 09:00:00
2026-06-16,146450109,2276,0,12.4628710302,-4.1542903434,-4.1542903434,0.3333333,3,3,0.49324550000000000,0.493245500000,-0.5540025479526107,-0.5540025479526106,-0.5540025479526107,0E-17,ELIGIBLE,R03b_20260811_FULL_v1,L1_ELIGIBILITY,v2026-08-11,2026-03-21..2026-08-06,baccarat_bet02_101_all_pairs_incl_sentinel,round_win = game_pnl > 0 (decisive only),COMPATIBILITY_ONLY_NOT_PRODUCTION,13085.0393,11650.7125,167.8201,577,577,-0.01282534,-0.37042689,-0.01070522,-0.01282534,-167.8201,13085.0393,OK,0.0000,6.7128,4.0000,96.0000,AG03-UNRESOLVED,ALL5_LEVELS_bet23_to_bet27,6.7128,6.7128,6.7128,10.0692,10.0692,4.000000,4.000000,4.000000,6.000000,6.000000,96.000000,96.000000,96.000000,94.000000,94.000000,5.0,40.2768,36.6263,127.5433,131.1939,PENDING_AG03,FALSE,NOT_FOR_ENFORCEMENT,161.1073,11184.6840,167.8201,161.1073,6.7128,0.01282534,0.01231233,6.7128,161.1073,0.01231233,6.7128,6.7128,6.7128,10.0692,10.0692,161.1073,0.01231233,40.2768,36.6263,127.5433,131.1939,0.00974726,0.01002625,0.00051301,22.6777,20.1919,0.2908,9.3233,1.4593,726.9466,32.0556,4.8200,23.1870,10.3857,20.7715,21.0062,42.0124,73.8047,105.031,10.5031,0.0,3.553178,5.056507,1.091773,21,84,13,2,0.00589380,0.01282534,0.37042689,0E-8,0.000000,0.890384,0.000000,-0.35972167,2026-03-25,2026-07-31,18,115,89,129,0.139535,0.207877,0.212545,0.019646,,,,,,,,GLOBAL_BASELINE_NO_ENTITY_RANKING,,,NOT_APPLICABLE_GLOBAL_BASELINE,HF9g-P5,,,,X 全窗基线 · 不参与实体赏罚,6870560,688,A168_HF9F_20260827_0900,2026-08-27 09:00:00
2026-06-16,146450109,2278,0,10.3857258584,-10.3857258584,-10.3857258584,0E-7,1,1,0.49324550000000000,0.493245500000,-0.9865810262130424,-0.9865810262130424,-0.9865810262130424,0E-17,ELIGIBLE,R03b_20260811_FULL_v1,L1_ELIGIBILITY,v2026-08-11,2026-03-21..2026-08-06,baccarat_bet02_101_all_pairs_incl_sentinel,round_win = game_pnl > 0 (decisive only),COMPATIBILITY_ONLY_NOT_PRODUCTION,13085.0393,11650.7125,167.8201,577,577,-0.01282534,-0.37042689,-0.01070522,-0.01282534,-167.8201,13085.0393,OK,0.0000,6.7128,4.0000,96.0000,AG03-UNRESOLVED,ALL5_LEVELS_bet23_to_bet27,6.7128,6.7128,6.7128,10.0692,10.0692,4.000000,4.000000,4.000000,6.000000,6.000000,96.000000,96.000000,96.000000,94.000000,94.000000,5.0,40.2768,36.6263,127.5433,131.1939,PENDING_AG03,FALSE,NOT_FOR_ENFORCEMENT,161.1073,11184.6840,167.8201,161.1073,6.7128,0.01282534,0.01231233,6.7128,161.1073,0.01231233,6.7128,6.7128,6.7128,10.0692,10.0692,161.1073,0.01231233,40.2768,36.6263,127.5433,131.1939,0.00974726,0.01002625,0.00051301,22.6777,20.1919,0.2908,9.3233,1.4593,726.9466,32.0556,4.8200,23.1870,10.3857,20.7715,21.0062,42.0124,73.8047,105.031,10.5031,0.0,3.553178,5.056507,1.091773,21,84,13,2,0.00589380,0.01282534,0.37042689,0E-8,0.000000,0.890384,0.000000,-0.35972167,2026-03-25,2026-07-31,18,115,89,129,0.139535,0.207877,0.212545,0.019646,,,,,,,,GLOBAL_BASELINE_NO_ENTITY_RANKING,,,NOT_APPLICABLE_GLOBAL_BASELINE,HF9g-P5,,,,X 全窗基线 · 不参与实体赏罚,6870561,688,A168_HF9F_20260827_0900,2026-08-27 09:00:00
2026-06-18,146450109,2201,0,45.6971937772,-4.9851484121,-4.9851484121,0.5714286,8,8,0.50497505000000000,0.504975050000,0.3516563911007167,0.3516563911007167,0.3516563911007167,0E-17,ELIGIBLE,R03b_20260811_FULL_v1,L1_ELIGIBILITY,v2026-08-11,2026-03-21..2026-08-06,baccarat_bet02_101_all_pairs_incl_sentinel,round_win = game_pnl > 0 (decisive only),COMPATIBILITY_ONLY_NOT_PRODUCTION,13085.0393,11650.7125,167.8201,577,577,-0.01282534,-0.37042689,-0.01070522,-0.01282534,-167.8201,13085.0393,OK,0.0000,6.7128,4.0000,96.0000,AG03-UNRESOLVED,ALL5_LEVELS_bet23_to_bet27,6.7128,6.7128,6.7128,10.0692,10.0692,4.000000,4.000000,4.000000,6.000000,6.000000,96.000000,96.000000,96.000000,94.000000,94.000000,5.0,40.2768,36.6263,127.5433,131.1939,PENDING_AG03,FALSE,NOT_FOR_ENFORCEMENT,161.1073,11184.6840,167.8201,161.1073,6.7128,0.01282534,0.01231233,6.7128,161.1073,0.01231233,6.7128,6.7128,6.7128,10.0692,10.0692,161.1073,0.01231233,40.2768,36.6263,127.5433,131.1939,0.00974726,0.01002625,0.00051301,22.6777,20.1919,0.2908,9.3233,1.4593,726.9466,32.0556,4.8200,23.1870,10.3857,20.7715,21.0062,42.0124,73.8047,105.031,10.5031,0.0,3.553178,5.056507,1.091773,21,84,13,2,0.00589380,0.01282534,0.37042689,0E-8,0.000000,0.890384,0.000000,-0.35972167,2026-03-25,2026-07-31,18,115,89,129,0.139535,0.207877,0.212545,0.019646,,,,,,,,GLOBAL_BASELINE_NO_ENTITY_RANKING,,,NOT_APPLICABLE_GLOBAL_BASELINE,HF9g-P5,,,,X 全窗基线 · 不参与实体赏罚,6870562,688,A168_HF9F_20260827_0900,2026-08-27 09:00:00
2026-06-18,146450109,529,0,8.3085806867,-8.3085806867,-8.3085806867,0E-7,1,1,0.50665070000000000,0.506650700000,-1.013391052207602,-1.013391052207602,-1.013391052207602,0E-17,ELIGIBLE,R03b_20260811_FULL_v1,L1_ELIGIBILITY,v2026-08-11,2026-03-21..2026-08-06,baccarat_bet02_101_all_pairs_incl_sentinel,round_win = game_pnl > 0 (decisive only),COMPATIBILITY_ONLY_NOT_PRODUCTION,13085.0393,11650.7125,167.8201,577,577,-0.01282534,-0.37042689,-0.01070522,-0.01282534,-167.8201,13085.0393,OK,0.0000,6.7128,4.0000,96.0000,AG03-UNRESOLVED,ALL5_LEVELS_bet23_to_bet27,6.7128,6.7128,6.7128,10.0692,10.0692,4.000000,4.000000,4.000000,6.000000,6.000000,96.000000,96.000000,96.000000,94.000000,94.000000,5.0,40.2768,36.6263,127.5433,131.1939,PENDING_AG03,FALSE,NOT_FOR_ENFORCEMENT,161.1073,11184.6840,167.8201,161.1073,6.7128,0.01282534,0.01231233,6.7128,161.1073,0.01231233,6.7128,6.7128,6.7128,10.0692,10.0692,161.1073,0.01231233,40.2768,36.6263,127.5433,131.1939,0.00974726,0.01002625,0.00051301,22.6777,20.1919,0.2908,9.3233,1.4593,726.9466,32.0556,4.8200,23.1870,10.3857,20.7715,21.0062,42.0124,73.8047,105.031,10.5031,0.0,3.553178,5.056507,1.091773,21,84,13,2,0.00589380,0.01282534,0.37042689,0E-8,0.000000,0.890384,0.000000,-0.35972167,2026-03-25,2026-07-31,18,115,89,129,0.139535,0.207877,0.212545,0.019646,,,,,,,,GLOBAL_BASELINE_NO_ENTITY_RANKING,,,NOT_APPLICABLE_GLOBAL_BASELINE,HF9g-P5,,,,X 全窗基线 · 不参与实体赏罚,6870563,688,A168_HF9F_20260827_0900,2026-08-27 09:00:00
2026-06-29,146450109,1087,0,64.3915003220,-27.5221735247,-27.5221735247,0.4000000,5,5,0.49860758000000000,0.498607580000,-0.440988213962219,-0.440988213962219,-0.440988213962219,0E-17,ELIGIBLE,R03b_20260811_FULL_v1,L1_ELIGIBILITY,v2026-08-11,2026-03-21..2026-08-06,baccarat_bet02_101_all_pairs_incl_sentinel,round_win = game_pnl > 0 (decisive only),COMPATIBILITY_ONLY_NOT_PRODUCTION,13085.0393,11650.7125,167.8201,577,577,-0.01282534,-0.37042689,-0.01070522,-0.01282534,-167.8201,13085.0393,OK,0.0000,6.7128,4.0000,96.0000,AG03-UNRESOLVED,ALL5_LEVELS_bet23_to_bet27,6.7128,6.7128,6.7128,10.0692,10.0692,4.000000,4.000000,4.000000,6.000000,6.000000,96.000000,96.000000,96.000000,94.000000,94.000000,5.0,40.2768,36.6263,127.5433,131.1939,PENDING_AG03,FALSE,NOT_FOR_ENFORCEMENT,161.1073,11184.6840,167.8201,161.1073,6.7128,0.01282534,0.01231233,6.7128,161.1073,0.01231233,6.7128,6.7128,6.7128,10.0692,10.0692,161.1073,0.01231233,40.2768,36.6263,127.5433,131.1939,0.00974726,0.01002625,0.00051301,22.6777,20.1919,0.2908,9.3233,1.4593,726.9466,32.0556,4.8200,23.1870,10.3857,20.7715,21.0062,42.0124,73.8047,105.031,10.5031,0.0,3.553178,5.056507,1.091773,21,84,13,2,0.00589380,0.01282534,0.37042689,0E-8,0.000000,0.890384,0.000000,-0.35972167,2026-03-25,2026-07-31,18,115,89,129,0.139535,0.207877,0.212545,0.019646,,,,,,,,GLOBAL_BASELINE_NO_ENTITY_RANKING,,,NOT_APPLICABLE_GLOBAL_BASELINE,HF9g-P5,,,,X 全窗基线 · 不参与实体赏罚,6870564,688,A168_HF9F_20260827_0900,2026-08-27 09:00:00
2026-06-29,146450109,1109,0,20.7714517168,0E-10,0E-10,0.5000000,2,2,0.49324550000000000,0.493245500000,0.01910635448239258,0.01910635448239258,0.01910635448239258,0E-17,ELIGIBLE,R03b_20260811_FULL_v1,L1_ELIGIBILITY,v2026-08-11,2026-03-21..2026-08-06,baccarat_bet02_101_all_pairs_incl_sentinel,round_win = game_pnl > 0 (decisive only),COMPATIBILITY_ONLY_NOT_PRODUCTION,13085.0393,11650.7125,167.8201,577,577,-0.01282534,-0.37042689,-0.01070522,-0.01282534,-167.8201,13085.0393,OK,0.0000,6.7128,4.0000,96.0000,AG03-UNRESOLVED,ALL5_LEVELS_bet23_to_bet27,6.7128,6.7128,6.7128,10.0692,10.0692,4.000000,4.000000,4.000000,6.000000,6.000000,96.000000,96.000000,96.000000,94.000000,94.000000,5.0,40.2768,36.6263,127.5433,131.1939,PENDING_AG03,FALSE,NOT_FOR_ENFORCEMENT,161.1073,11184.6840,167.8201,161.1073,6.7128,0.01282534,0.01231233,6.7128,161.1073,0.01231233,6.7128,6.7128,6.7128,10.0692,10.0692,161.1073,0.01231233,40.2768,36.6263,127.5433,131.1939,0.00974726,0.01002625,0.00051301,22.6777,20.1919,0.2908,9.3233,1.4593,726.9466,32.0556,4.8200,23.1870,10.3857,20.7715,21.0062,42.0124,73.8047,105.031,10.5031,0.0,3.553178,5.056507,1.091773,21,84,13,2,0.00589380,0.01282534,0.37042689,0E-8,0.000000,0.890384,0.000000,-0.35972167,2026-03-25,2026-07-31,18,115,89,129,0.139535,0.207877,0.212545,0.019646,,,,,,,,GLOBAL_BASELINE_NO_ENTITY_RANKING,,,NOT_APPLICABLE_GLOBAL_BASELINE,HF9g-P5,,,,X 全窗基线 · 不参与实体赏罚,6870565,688,A168_HF9F_20260827_0900,2026-08-27 09:00:00
2026-06-29,146450109,2134,0,12.4628710301,-12.4628710301,-12.4628710301,0E-7,1,1,0.49324550000000000,0.493245500000,-0.9865810262130424,-0.9865810262130424,-0.9865810262130424,0E-17,ELIGIBLE,R03b_20260811_FULL_v1,L1_ELIGIBILITY,v2026-08-11,2026-03-21..2026-08-06,baccarat_bet02_101_all_pairs_incl_sentinel,round_win = game_pnl > 0 (decisive only),COMPATIBILITY_ONLY_NOT_PRODUCTION,13085.0393,11650.7125,167.8201,577,577,-0.01282534,-0.37042689,-0.01070522,-0.01282534,-167.8201,13085.0393,OK,0.0000,6.7128,4.0000,96.0000,AG03-UNRESOLVED,ALL5_LEVELS_bet23_to_bet27,6.7128,6.7128,6.7128,10.0692,10.0692,4.000000,4.000000,4.000000,6.000000,6.000000,96.000000,96.000000,96.000000,94.000000,94.000000,5.0,40.2768,36.6263,127.5433,131.1939,PENDING_AG03,FALSE,NOT_FOR_ENFORCEMENT,161.1073,11184.6840,167.8201,161.1073,6.7128,0.01282534,0.01231233,6.7128,161.1073,0.01231233,6.7128,6.7128,6.7128,10.0692,10.0692,161.1073,0.01231233,40.2768,36.6263,127.5433,131.1939,0.00974726,0.01002625,0.00051301,22.6777,20.1919,0.2908,9.3233,1.4593,726.9466,32.0556,4.8200,23.1870,10.3857,20.7715,21.0062,42.0124,73.8047,105.031,10.5031,0.0,3.553178,5.056507,1.091773,21,84,13,2,0.00589380,0.01282534,0.37042689,0E-8,0.000000,0.890384,0.000000,-0.35972167,2026-03-25,2026-07-31,18,115,89,129,0.139535,0.207877,0.212545,0.019646,,,,,,,,GLOBAL_BASELINE_NO_ENTITY_RANKING,,,NOT_APPLICABLE_GLOBAL_BASELINE,HF9g-P5,,,,X 全窗基线 · 不参与实体赏罚,6870566,688,A168_HF9F_20260827_0900,2026-08-27 09:00:00
2026-06-29,146450109,2153,0,10.3857258584,-10.3857258584,-10.3857258584,0E-7,1,1,0.50665070000000000,0.506650700000,-1.013391052207602,-1.013391052207602,-1.013391052207602,0E-17,ELIGIBLE,R03b_20260811_FULL_v1,L1_ELIGIBILITY,v2026-08-11,2026-03-21..2026-08-06,baccarat_bet02_101_all_pairs_incl_sentinel,round_win = game_pnl > 0 (decisive only),COMPATIBILITY_ONLY_NOT_PRODUCTION,13085.0393,11650.7125,167.8201,577,577,-0.01282534,-0.37042689,-0.01070522,-0.01282534,-167.8201,13085.0393,OK,0.0000,6.7128,4.0000,96.0000,AG03-UNRESOLVED,ALL5_LEVELS_bet23_to_bet27,6.7128,6.7128,6.7128,10.0692,10.0692,4.000000,4.000000,4.000000,6.000000,6.000000,96.000000,96.000000,96.000000,94.000000,94.000000,5.0,40.2768,36.6263,127.5433,131.1939,PENDING_AG03,FALSE,NOT_FOR_ENFORCEMENT,161.1073,11184.6840,167.8201,161.1073,6.7128,0.01282534,0.01231233,6.7128,161.1073,0.01231233,6.7128,6.7128,6.7128,10.0692,10.0692,161.1073,0.01231233,40.2768,36.6263,127.5433,131.1939,0.00974726,0.01002625,0.00051301,22.6777,20.1919,0.2908,9.3233,1.4593,726.9466,32.0556,4.8200,23.1870,10.3857,20.7715,21.0062,42.0124,73.8047,105.031,10.5031,0.0,3.553178,5.056507,1.091773,21,84,13,2,0.00589380,0.01282534,0.37042689,0E-8,0.000000,0.890384,0.000000,-0.35972167,2026-03-25,2026-07-31,18,115,89,129,0.139535,0.207877,0.212545,0.019646,,,,,,,,GLOBAL_BASELINE_NO_ENTITY_RANKING,,,NOT_APPLICABLE_GLOBAL_BASELINE,HF9g-P5,,,,X 全窗基线 · 不参与实体赏罚,6870567,688,A168_HF9F_20260827_0900,2026-08-27 09:00:00
2026-06-29,146450109,2210,0,51.9286292920,20.7714517168,20.7714517168,0.7500000,5,5,0.49324550000000000,0.493245500000,1.0271117246678039,1.0271117246678039,1.0271117246678039,0E-17,ELIGIBLE,R03b_20260811_FULL_v1,L1_ELIGIBILITY,v2026-08-11,2026-03-21..2026-08-06,baccarat_bet02_101_all_pairs_incl_sentinel,round_win = game_pnl > 0 (decisive only),COMPATIBILITY_ONLY_NOT_PRODUCTION,13085.0393,11650.7125,167.8201,577,577,-0.01282534,-0.37042689,-0.01070522,-0.01282534,-167.8201,13085.0393,OK,0.0000,6.7128,4.0000,96.0000,AG03-UNRESOLVED,ALL5_LEVELS_bet23_to_bet27,6.7128,6.7128,6.7128,10.0692,10.0692,4.000000,4.000000,4.000000,6.000000,6.000000,96.000000,96.000000,96.000000,94.000000,94.000000,5.0,40.2768,36.6263,127.5433,131.1939,PENDING_AG03,FALSE,NOT_FOR_ENFORCEMENT,161.1073,11184.6840,167.8201,161.1073,6.7128,0.01282534,0.01231233,6.7128,161.1073,0.01231233,6.7128,6.7128,6.7128,10.0692,10.0692,161.1073,0.01231233,40.2768,36.6263,127.5433,131.1939,0.00974726,0.01002625,0.00051301,22.6777,20.1919,0.2908,9.3233,1.4593,726.9466,32.0556,4.8200,23.1870,10.3857,20.7715,21.0062,42.0124,73.8047,105.031,10.5031,0.0,3.553178,5.056507,1.091773,21,84,13,2,0.00589380,0.01282534,0.37042689,0E-8,0.000000,0.890384,0.000000,-0.35972167,2026-03-25,2026-07-31,18,115,89,129,0.139535,0.207877,0.212545,0.019646,,,,,,,,GLOBAL_BASELINE_NO_ENTITY_RANKING,,,NOT_APPLICABLE_GLOBAL_BASELINE,HF9g-P5,,,,X 全窗基线 · 不参与实体赏罚,6870568,688,A168_HF9F_20260827_0900,2026-08-27 09:00:00
2026-07-17,146450109,1304,0,4.0878060745,-4.0878060745,-4.0878060745,0E-7,1,1,0.49324550000000000,0.493245500000,-0.9865810262130424,-0.9865810262130424,-0.9865810262130424,0E-17,ELIGIBLE,R03b_20260811_FULL_v1,L1_ELIGIBILITY,v2026-08-11,2026-03-21..2026-08-06,baccarat_bet02_101_all_pairs_incl_sentinel,round_win = game_pnl > 0 (decisive only),COMPATIBILITY_ONLY_NOT_PRODUCTION,13085.0393,11650.7125,167.8201,577,577,-0.01282534,-0.37042689,-0.01070522,-0.01282534,-167.8201,13085.0393,OK,0.0000,6.7128,4.0000,96.0000,AG03-UNRESOLVED,ALL5_LEVELS_bet23_to_bet27,6.7128,6.7128,6.7128,10.0692,10.0692,4.000000,4.000000,4.000000,6.000000,6.000000,96.000000,96.000000,96.000000,94.000000,94.000000,5.0,40.2768,36.6263,127.5433,131.1939,PENDING_AG03,FALSE,NOT_FOR_ENFORCEMENT,161.1073,11184.6840,167.8201,161.1073,6.7128,0.01282534,0.01231233,6.7128,161.1073,0.01231233,6.7128,6.7128,6.7128,10.0692,10.0692,161.1073,0.01231233,40.2768,36.6263,127.5433,131.1939,0.00974726,0.01002625,0.00051301,22.6777,20.1919,0.2908,9.3233,1.4593,726.9466,32.0556,4.8200,23.1870,10.3857,20.7715,21.0062,42.0124,73.8047,105.031,10.5031,0.0,3.553178,5.056507,1.091773,21,84,13,2,0.00589380,0.01282534,0.37042689,0E-8,0.000000,0.890384,0.000000,-0.35972167,2026-03-25,2026-07-31,18,115,89,129,0.139535,0.207877,0.212545,0.019646,,,,,,,,GLOBAL_BASELINE_NO_ENTITY_RANKING,,,NOT_APPLICABLE_GLOBAL_BASELINE,HF9g-P5,,,,X 全窗基线 · 不参与实体赏罚,6870569,688,A168_HF9F_20260827_0900,2026-08-27 09:00:00
2026-07-17,146450109,1994,0,4.0878060745,-4.0878060745,-4.0878060745,0E-7,1,1,0.50665070000000000,0.506650700000,-1.013391052207602,-1.013391052207602,-1.013391052207602,0E-17,ELIGIBLE,R03b_20260811_FULL_v1,L1_ELIGIBILITY,v2026-08-11,2026-03-21..2026-08-06,baccarat_bet02_101_all_pairs_incl_sentinel,round_win = game_pnl > 0 (decisive only),COMPATIBILITY_ONLY_NOT_PRODUCTION,13085.0393,11650.7125,167.8201,577,577,-0.01282534,-0.37042689,-0.01070522,-0.01282534,-167.8201,13085.0393,OK,0.0000,6.7128,4.0000,96.0000,AG03-UNRESOLVED,ALL5_LEVELS_bet23_to_bet27,6.7128,6.7128,6.7128,10.0692,10.0692,4.000000,4.000000,4.000000,6.000000,6.000000,96.000000,96.000000,96.000000,94.000000,94.000000,5.0,40.2768,36.6263,127.5433,131.1939,PENDING_AG03,FALSE,NOT_FOR_ENFORCEMENT,161.1073,11184.6840,167.8201,161.1073,6.7128,0.01282534,0.01231233,6.7128,161.1073,0.01231233,6.7128,6.7128,6.7128,10.0692,10.0692,161.1073,0.01231233,40.2768,36.6263,127.5433,131.1939,0.00974726,0.01002625,0.00051301,22.6777,20.1919,0.2908,9.3233,1.4593,726.9466,32.0556,4.8200,23.1870,10.3857,20.7715,21.0062,42.0124,73.8047,105.031,10.5031,0.0,3.553178,5.056507,1.091773,21,84,13,2,0.00589380,0.01282534,0.37042689,0E-8,0.000000,0.890384,0.000000,-0.35972167,2026-03-25,2026-07-31,18,115,89,129,0.139535,0.207877,0.212545,0.019646,,,,,,,,GLOBAL_BASELINE_NO_ENTITY_RANKING,,,NOT_APPLICABLE_GLOBAL_BASELINE,HF9g-P5,,,,X 全窗基线 · 不参与实体赏罚,6870570,688,A168_HF9F_20260827_0900,2026-08-27 09:00:00
2026-07-17,146450109,2075,0,4.0878060745,-4.0878060745,-4.0878060745,0E-7,1,1,0.49324550000000000,0.493245500000,-0.9865810262130424,-0.9865810262130424,-0.9865810262130424,0E-17,ELIGIBLE,R03b_20260811_FULL_v1,L1_ELIGIBILITY,v2026-08-11,2026-03-21..2026-08-06,baccarat_bet02_101_all_pairs_incl_sentinel,round_win = game_pnl > 0 (decisive only),COMPATIBILITY_ONLY_NOT_PRODUCTION,13085.0393,11650.7125,167.8201,577,577,-0.01282534,-0.37042689,-0.01070522,-0.01282534,-167.8201,13085.0393,OK,0.0000,6.7128,4.0000,96.0000,AG03-UNRESOLVED,ALL5_LEVELS_bet23_to_bet27,6.7128,6.7128,6.7128,10.0692,10.0692,4.000000,4.000000,4.000000,6.000000,6.000000,96.000000,96.000000,96.000000,94.000000,94.000000,5.0,40.2768,36.6263,127.5433,131.1939,PENDING_AG03,FALSE,NOT_FOR_ENFORCEMENT,161.1073,11184.6840,167.8201,161.1073,6.7128,0.01282534,0.01231233,6.7128,161.1073,0.01231233,6.7128,6.7128,6.7128,10.0692,10.0692,161.1073,0.01231233,40.2768,36.6263,127.5433,131.1939,0.00974726,0.01002625,0.00051301,22.6777,20.1919,0.2908,9.3233,1.4593,726.9466,32.0556,4.8200,23.1870,10.3857,20.7715,21.0062,42.0124,73.8047,105.031,10.5031,0.0,3.553178,5.056507,1.091773,21,84,13,2,0.00589380,0.01282534,0.37042689,0E-8,0.000000,0.890384,0.000000,-0.35972167,2026-03-25,2026-07-31,18,115,89,129,0.139535,0.207877,0.212545,0.019646,,,,,,,,GLOBAL_BASELINE_NO_ENTITY_RANKING,,,NOT_APPLICABLE_GLOBAL_BASELINE,HF9g-P5,,,,X 全窗基线 · 不参与实体赏罚,6870571,688,A168_HF9F_20260827_0900,2026-08-27 09:00:00
2026-07-17,146450109,2216,0,8.1756121490,-0.2043903037,-0.2043903037,0.5000000,2,2,0.50665070000000000,0.506650700000,-0.018812684590367487,-0.018812684590367487,-0.018812684590367487,0E-17,ELIGIBLE,R03b_20260811_FULL_v1,L1_ELIGIBILITY,v2026-08-11,2026-03-21..2026-08-06,baccarat_bet02_101_all_pairs_incl_sentinel,round_win = game_pnl > 0 (decisive only),COMPATIBILITY_ONLY_NOT_PRODUCTION,13085.0393,11650.7125,167.8201,577,577,-0.01282534,-0.37042689,-0.01070522,-0.01282534,-167.8201,13085.0393,OK,0.0000,6.7128,4.0000,96.0000,AG03-UNRESOLVED,ALL5_LEVELS_bet23_to_bet27,6.7128,6.7128,6.7128,10.0692,10.0692,4.000000,4.000000,4.000000,6.000000,6.000000,96.000000,96.000000,96.000000,94.000000,94.000000,5.0,40.2768,36.6263,127.5433,131.1939,PENDING_AG03,FALSE,NOT_FOR_ENFORCEMENT,161.1073,11184.6840,167.8201,161.1073,6.7128,0.01282534,0.01231233,6.7128,161.1073,0.01231233,6.7128,6.7128,6.7128,10.0692,10.0692,161.1073,0.01231233,40.2768,36.6263,127.5433,131.1939,0.00974726,0.01002625,0.00051301,22.6777,20.1919,0.2908,9.3233,1.4593,726.9466,32.0556,4.8200,23.1870,10.3857,20.7715,21.0062,42.0124,73.8047,105.031,10.5031,0.0,3.553178,5.056507,1.091773,21,84,13,2,0.00589380,0.01282534,0.37042689,0E-8,0.000000,0.890384,0.000000,-0.35972167,2026-03-25,2026-07-31,18,115,89,129,0.139535,0.207877,0.212545,0.019646,,,,,,,,GLOBAL_BASELINE_NO_ENTITY_RANKING,,,NOT_APPLICABLE_GLOBAL_BASELINE,HF9g-P5,,,,X 全窗基线 · 不参与实体赏罚,6870572,688,A168_HF9F_20260827_0900,2026-08-27 09:00:00
2026-07-17,146450109,462,0,20.4390303725,4.0878060745,4.0878060745,0.6000000,5,5,0.49324550000000000,0.493245500000,0.47746420675292983,0.47746420675292983,0.47746420675292983,0E-17,ELIGIBLE,R03b_20260811_FULL_v1,L1_ELIGIBILITY,v2026-08-11,2026-03-21..2026-08-06,baccarat_bet02_101_all_pairs_incl_sentinel,round_win = game_pnl > 0 (decisive only),COMPATIBILITY_ONLY_NOT_PRODUCTION,13085.0393,11650.7125,167.8201,577,577,-0.01282534,-0.37042689,-0.01070522,-0.01282534,-167.8201,13085.0393,OK,0.0000,6.7128,4.0000,96.0000,AG03-UNRESOLVED,ALL5_LEVELS_bet23_to_bet27,6.7128,6.7128,6.7128,10.0692,10.0692,4.000000,4.000000,4.000000,6.000000,6.000000,96.000000,96.000000,96.000000,94.000000,94.000000,5.0,40.2768,36.6263,127.5433,131.1939,PENDING_AG03,FALSE,NOT_FOR_ENFORCEMENT,161.1073,11184.6840,167.8201,161.1073,6.7128,0.01282534,0.01231233,6.7128,161.1073,0.01231233,6.7128,6.7128,6.7128,10.0692,10.0692,161.1073,0.01231233,40.2768,36.6263,127.5433,131.1939,0.00974726,0.01002625,0.00051301,22.6777,20.1919,0.2908,9.3233,1.4593,726.9466,32.0556,4.8200,23.1870,10.3857,20.7715,21.0062,42.0124,73.8047,105.031,10.5031,0.0,3.553178,5.056507,1.091773,21,84,13,2,0.00589380,0.01282534,0.37042689,0E-8,0.000000,0.890384,0.000000,-0.35972167,2026-03-25,2026-07-31,18,115,89,129,0.139535,0.207877,0.212545,0.019646,,,,,,,,GLOBAL_BASELINE_NO_ENTITY_RANKING,,,NOT_APPLICABLE_GLOBAL_BASELINE,HF9g-P5,,,,X 全窗基线 · 不参与实体赏罚,6870573,688,A168_HF9F_20260827_0900,2026-08-27 09:00:00
2026-07-17,146450109,948,0,16.3512242980,-8.1756121490,-8.1756121490,0.3333333,3,3,0.49324550000000000,0.493245500000,-0.5540025479526107,-0.5540025479526106,-0.5540025479526107,0E-17,ELIGIBLE,R03b_20260811_FULL_v1,L1_ELIGIBILITY,v2026-08-11,2026-03-21..2026-08-06,baccarat_bet02_101_all_pairs_incl_sentinel,round_win = game_pnl > 0 (decisive only),COMPATIBILITY_ONLY_NOT_PRODUCTION,13085.0393,11650.7125,167.8201,577,577,-0.01282534,-0.37042689,-0.01070522,-0.01282534,-167.8201,13085.0393,OK,0.0000,6.7128,4.0000,96.0000,AG03-UNRESOLVED,ALL5_LEVELS_bet23_to_bet27,6.7128,6.7128,6.7128,10.0692,10.0692,4.000000,4.000000,4.000000,6.000000,6.000000,96.000000,96.000000,96.000000,94.000000,94.000000,5.0,40.2768,36.6263,127.5433,131.1939,PENDING_AG03,FALSE,NOT_FOR_ENFORCEMENT,161.1073,11184.6840,167.8201,161.1073,6.7128,0.01282534,0.01231233,6.7128,161.1073,0.01231233,6.7128,6.7128,6.7128,10.0692,10.0692,161.1073,0.01231233,40.2768,36.6263,127.5433,131.1939,0.00974726,0.01002625,0.00051301,22.6777,20.1919,0.2908,9.3233,1.4593,726.9466,32.0556,4.8200,23.1870,10.3857,20.7715,21.0062,42.0124,73.8047,105.031,10.5031,0.0,3.553178,5.056507,1.091773,21,84,13,2,0.00589380,0.01282534,0.37042689,0E-8,0.000000,0.890384,0.000000,-0.35972167,2026-03-25,2026-07-31,18,115,89,129,0.139535,0.207877,0.212545,0.019646,,,,,,,,GLOBAL_BASELINE_NO_ENTITY_RANKING,,,NOT_APPLICABLE_GLOBAL_BASELINE,HF9g-P5,,,,X 全窗基线 · 不参与实体赏罚,6870574,688,A168_HF9F_20260827_0900,2026-08-27 09:00:00
2026-07-29,146450109,2246,0,7.9712218452,-7.9712218452,-7.9712218452,0E-7,1,1,0.49324550000000000,0.493245500000,-0.9865810262130424,-0.9865810262130424,-0.9865810262130424,0E-17,ELIGIBLE,R03b_20260811_FULL_v1,L1_ELIGIBILITY,v2026-08-11,2026-03-21..2026-08-06,baccarat_bet02_101_all_pairs_incl_sentinel,round_win = game_pnl > 0 (decisive only),COMPATIBILITY_ONLY_NOT_PRODUCTION,13085.0393,11650.7125,167.8201,577,577,-0.01282534,-0.37042689,-0.01070522,-0.01282534,-167.8201,13085.0393,OK,0.0000,6.7128,4.0000,96.0000,AG03-UNRESOLVED,ALL5_LEVELS_bet23_to_bet27,6.7128,6.7128,6.7128,10.0692,10.0692,4.000000,4.000000,4.000000,6.000000,6.000000,96.000000,96.000000,96.000000,94.000000,94.000000,5.0,40.2768,36.6263,127.5433,131.1939,PENDING_AG03,FALSE,NOT_FOR_ENFORCEMENT,161.1073,11184.6840,167.8201,161.1073,6.7128,0.01282534,0.01231233,6.7128,161.1073,0.01231233,6.7128,6.7128,6.7128,10.0692,10.0692,161.1073,0.01231233,40.2768,36.6263,127.5433,131.1939,0.00974726,0.01002625,0.00051301,22.6777,20.1919,0.2908,9.3233,1.4593,726.9466,32.0556,4.8200,23.1870,10.3857,20.7715,21.0062,42.0124,73.8047,105.031,10.5031,0.0,3.553178,5.056507,1.091773,21,84,13,2,0.00589380,0.01282534,0.37042689,0E-8,0.000000,0.890384,0.000000,-0.35972167,2026-03-25,2026-07-31,18,115,89,129,0.139535,0.207877,0.212545,0.019646,,,,,,,,GLOBAL_BASELINE_NO_ENTITY_RANKING,,,NOT_APPLICABLE_GLOBAL_BASELINE,HF9g-P5,,,,X 全窗基线 · 不参与实体赏罚,6870575,688,A168_HF9F_20260827_0900,2026-08-27 09:00:00
2026-07-31,146450109,1384,0,11.9201551641,-4.0407305641,-4.0407305641,0.5000000,2,2,0.50665070000000000,0.506650700000,-0.018812684590367487,-0.018812684590367487,-0.018812684590367487,0E-17,ELIGIBLE,R03b_20260811_FULL_v1,L1_ELIGIBILITY,v2026-08-11,2026-03-21..2026-08-06,baccarat_bet02_101_all_pairs_incl_sentinel,round_win = game_pnl > 0 (decisive only),COMPATIBILITY_ONLY_NOT_PRODUCTION,13085.0393,11650.7125,167.8201,577,577,-0.01282534,-0.37042689,-0.01070522,-0.01282534,-167.8201,13085.0393,OK,0.0000,6.7128,4.0000,96.0000,AG03-UNRESOLVED,ALL5_LEVELS_bet23_to_bet27,6.7128,6.7128,6.7128,10.0692,10.0692,4.000000,4.000000,4.000000,6.000000,6.000000,96.000000,96.000000,96.000000,94.000000,94.000000,5.0,40.2768,36.6263,127.5433,131.1939,PENDING_AG03,FALSE,NOT_FOR_ENFORCEMENT,161.1073,11184.6840,167.8201,161.1073,6.7128,0.01282534,0.01231233,6.7128,161.1073,0.01231233,6.7128,6.7128,6.7128,10.0692,10.0692,161.1073,0.01231233,40.2768,36.6263,127.5433,131.1939,0.00974726,0.01002625,0.00051301,22.6777,20.1919,0.2908,9.3233,1.4593,726.9466,32.0556,4.8200,23.1870,10.3857,20.7715,21.0062,42.0124,73.8047,105.031,10.5031,0.0,3.553178,5.056507,1.091773,21,84,13,2,0.00589380,0.01282534,0.37042689,0E-8,0.000000,0.890384,0.000000,-0.35972167,2026-03-25,2026-07-31,18,115,89,129,0.139535,0.207877,0.212545,0.019646,,,,,,,,GLOBAL_BASELINE_NO_ENTITY_RANKING,,,NOT_APPLICABLE_GLOBAL_BASELINE,HF9g-P5,,,,X 全窗基线 · 不参与实体赏罚,6870576,688,A168_HF9F_20260827_0900,2026-08-27 09:00:00
2026-07-16,153067580,-1,1,14.3073212607,-14.3073212607,-14.3073212607,0E-7,1,1,0.09460280000000000,0.094602800000,-0.32324545095860213,-0.32324545095860213,-0.32324545095860213,0E-17,SENTINEL_DEALER,R03b_20260811_FULL_v1,L1_ELIGIBILITY,v2026-08-11,2026-03-21..2026-08-06,baccarat_bet02_101_all_pairs_incl_sentinel,round_win = game_pnl > 0 (decisive only),COMPATIBILITY_ONLY_NOT_PRODUCTION,683.6856,671.4221,167.8249,12,10,-0.24547085,-0.24547085,,-0.24547085,-167.8249,683.6856,THIN_EXPOSURE,0.0000,6.7130,4.0000,96.0000,AG03-UNRESOLVED,ALL5_LEVELS_bet23_to_bet27,6.7130,6.7130,6.7130,10.0695,10.0695,4.000000,4.000000,4.000000,6.000000,6.000000,96.000000,96.000000,96.000000,94.000000,94.000000,5.0,40.2780,36.6273,127.5469,131.1976,PENDING_AG03,FALSE,NOT_FOR_ENFORCEMENT,161.1119,644.5653,167.8249,161.1119,6.7130,0.24547085,0.23565202,6.7130,161.1119,0.23565202,6.7130,6.7130,6.7130,10.0695,10.0695,161.1119,0.23565202,40.2780,36.6273,127.5469,131.1976,0.18655785,0.19189751,0.00981883,56.9738,67.1422,16.7825,167.8249,23.9750,683.6856,10.0000,56.9738,,19.7237,71.5366,81.9605,102.1952,102.1952,102.1952,71.5366,-21.7676,1.428571,1.428571,0.796429,7,7,1,3,1.00000000,0.24547085,0.24547085,0E-8,0.000000,0.982063,0.000000,,2026-07-16,2026-07-16,1,7,7,1,1.000000,,1.000000,3.333333,,,,,,,,GLOBAL_BASELINE_NO_ENTITY_RANKING,,,NOT_APPLICABLE_GLOBAL_BASELINE,HF9g-P5,,,,X 全窗基线 · 不参与实体赏罚,6870577,688,A168_HF9F_20260827_0900,2026-08-27 09:00:00
2026-07-16,153067580,1985,0,126.7219883089,-126.7219883089,-126.7219883089,0E-7,2,2,0.30062675000000000,0.300626750000,-0.9272018728036208,-0.9272018728036208,-0.9272018728036208,0E-17,ELIGIBLE,R03b_20260811_FULL_v1,L1_ELIGIBILITY,v2026-08-11,2026-03-21..2026-08-06,baccarat_bet02_101_all_pairs_incl_sentinel,round_win = game_pnl > 0 (decisive only),COMPATIBILITY_ONLY_NOT_PRODUCTION,683.6856,671.4221,167.8249,12,10,-0.24547085,-0.24547085,,-0.24547085,-167.8249,683.6856,THIN_EXPOSURE,0.0000,6.7130,4.0000,96.0000,AG03-UNRESOLVED,ALL5_LEVELS_bet23_to_bet27,6.7130,6.7130,6.7130,10.0695,10.0695,4.000000,4.000000,4.000000,6.000000,6.000000,96.000000,96.000000,96.000000,94.000000,94.000000,5.0,40.2780,36.6273,127.5469,131.1976,PENDING_AG03,FALSE,NOT_FOR_ENFORCEMENT,161.1119,644.5653,167.8249,161.1119,6.7130,0.24547085,0.23565202,6.7130,161.1119,0.23565202,6.7130,6.7130,6.7130,10.0695,10.0695,161.1119,0.23565202,40.2780,36.6273,127.5469,131.1976,0.18655785,0.19189751,0.00981883,56.9738,67.1422,16.7825,167.8249,23.9750,683.6856,10.0000,56.9738,,19.7237,71.5366,81.9605,102.1952,102.1952,102.1952,71.5366,-21.7676,1.428571,1.428571,0.796429,7,7,1,3,1.00000000,0.24547085,0.24547085,0E-8,0.000000,0.982063,0.000000,,2026-07-16,2026-07-16,1,7,7,1,1.000000,,1.000000,3.333333,,,,,,,,GLOBAL_BASELINE_NO_ENTITY_RANKING,,,NOT_APPLICABLE_GLOBAL_BASELINE,HF9g-P5,,,,X 全窗基线 · 不参与实体赏罚,6870578,688,A168_HF9F_20260827_0900,2026-08-27 09:00:00
2026-07-16,153067580,2201,0,82.1649020970,78.0566569922,78.0566569922,1.0000000,1,1,0.50665070000000000,0.506650700000,0.9867858985152569,0.9867858985152569,0.9867858985152569,0E-17,ELIGIBLE,R03b_20260811_FULL_v1,L1_ELIGIBILITY,v2026-08-11,2026-03-21..2026-08-06,baccarat_bet02_101_all_pairs_incl_sentinel,round_win = game_pnl > 0 (decisive only),COMPATIBILITY_ONLY_NOT_PRODUCTION,683.6856,671.4221,167.8249,12,10,-0.24547085,-0.24547085,,-0.24547085,-167.8249,683.6856,THIN_EXPOSURE,0.0000,6.7130,4.0000,96.0000,AG03-UNRESOLVED,ALL5_LEVELS_bet23_to_bet27,6.7130,6.7130,6.7130,10.0695,10.0695,4.000000,4.000000,4.000000,6.000000,6.000000,96.000000,96.000000,96.000000,94.000000,94.000000,5.0,40.2780,36.6273,127.5469,131.1976,PENDING_AG03,FALSE,NOT_FOR_ENFORCEMENT,161.1119,644.5653,167.8249,161.1119,6.7130,0.24547085,0.23565202,6.7130,161.1119,0.23565202,6.7130,6.7130,6.7130,10.0695,10.0695,161.1119,0.23565202,40.2780,36.6273,127.5469,131.1976,0.18655785,0.19189751,0.00981883,56.9738,67.1422,16.7825,167.8249,23.9750,683.6856,10.0000,56.9738,,19.7237,71.5366,81.9605,102.1952,102.1952,102.1952,71.5366,-21.7676,1.428571,1.428571,0.796429,7,7,1,3,1.00000000,0.24547085,0.24547085,0E-8,0.000000,0.982063,0.000000,,2026-07-16,2026-07-16,1,7,7,1,1.000000,,1.000000,3.333333,,,,,,,,GLOBAL_BASELINE_NO_ENTITY_RANKING,,,NOT_APPLICABLE_GLOBAL_BASELINE,HF9g-P5,,,,X 全窗基线 · 不参与实体赏罚,6870579,688,A168_HF9F_20260827_0900,2026-08-27 09:00:00
2026-07-16,153067580,2233,0,133.4668683317,62.7478232433,62.7478232433,0.5000000,4,2,0.33902117273062581,0.300626750000,0.48092413445283544,0.6149128471998733,0.48092413445283544,0.03839442273062581,ELIGIBLE,R03b_20260811_FULL_v1,L1_ELIGIBILITY,v2026-08-11,2026-03-21..2026-08-06,baccarat_bet02_101_all_pairs_incl_sentinel,round_win = game_pnl > 0 (decisive only),COMPATIBILITY_ONLY_NOT_PRODUCTION,683.6856,671.4221,167.8249,12,10,-0.24547085,-0.24547085,,-0.24547085,-167.8249,683.6856,THIN_EXPOSURE,0.0000,6.7130,4.0000,96.0000,AG03-UNRESOLVED,ALL5_LEVELS_bet23_to_bet27,6.7130,6.7130,6.7130,10.0695,10.0695,4.000000,4.000000,4.000000,6.000000,6.000000,96.000000,96.000000,96.000000,94.000000,94.000000,5.0,40.2780,36.6273,127.5469,131.1976,PENDING_AG03,FALSE,NOT_FOR_ENFORCEMENT,161.1119,644.5653,167.8249,161.1119,6.7130,0.24547085,0.23565202,6.7130,161.1119,0.23565202,6.7130,6.7130,6.7130,10.0695,10.0695,161.1119,0.23565202,40.2780,36.6273,127.5469,131.1976,0.18655785,0.19189751,0.00981883,56.9738,67.1422,16.7825,167.8249,23.9750,683.6856,10.0000,56.9738,,19.7237,71.5366,81.9605,102.1952,102.1952,102.1952,71.5366,-21.7676,1.428571,1.428571,0.796429,7,7,1,3,1.00000000,0.24547085,0.24547085,0E-8,0.000000,0.982063,0.000000,,2026-07-16,2026-07-16,1,7,7,1,1.000000,,1.000000,3.333333,,,,,,,,GLOBAL_BASELINE_NO_ENTITY_RANKING,,,NOT_APPLICABLE_GLOBAL_BASELINE,HF9g-P5,,,,X 全窗基线 · 不参与实体赏罚,6870580,688,A168_HF9F_20260827_0900,2026-08-27 09:00:00
2026-07-16,153067580,2288,0,61.3170911172,-61.3170911172,-61.3170911172,0E-7,1,1,0.50665070000000000,0.506650700000,-1.013391052207602,-1.013391052207602,-1.013391052207602,0E-17,ELIGIBLE,R03b_20260811_FULL_v1,L1_ELIGIBILITY,v2026-08-11,2026-03-21..2026-08-06,baccarat_bet02_101_all_pairs_incl_sentinel,round_win = game_pnl > 0 (decisive only),COMPATIBILITY_ONLY_NOT_PRODUCTION,683.6856,671.4221,167.8249,12,10,-0.24547085,-0.24547085,,-0.24547085,-167.8249,683.6856,THIN_EXPOSURE,0.0000,6.7130,4.0000,96.0000,AG03-UNRESOLVED,ALL5_LEVELS_bet23_to_bet27,6.7130,6.7130,6.7130,10.0695,10.0695,4.000000,4.000000,4.000000,6.000000,6.000000,96.000000,96.000000,96.000000,94.000000,94.000000,5.0,40.2780,36.6273,127.5469,131.1976,PENDING_AG03,FALSE,NOT_FOR_ENFORCEMENT,161.1119,644.5653,167.8249,161.1119,6.7130,0.24547085,0.23565202,6.7130,161.1119,0.23565202,6.7130,6.7130,6.7130,10.0695,10.0695,161.1119,0.23565202,40.2780,36.6273,127.5469,131.1976,0.18655785,0.19189751,0.00981883,56.9738,67.1422,16.7825,167.8249,23.9750,683.6856,10.0000,56.9738,,19.7237,71.5366,81.9605,102.1952,102.1952,102.1952,71.5366,-21.7676,1.428571,1.428571,0.796429,7,7,1,3,1.00000000,0.24547085,0.24547085,0E-8,0.000000,0.982063,0.000000,,2026-07-16,2026-07-16,1,7,7,1,1.000000,,1.000000,3.333333,,,,,,,,GLOBAL_BASELINE_NO_ENTITY_RANKING,,,NOT_APPLICABLE_GLOBAL_BASELINE,HF9g-P5,,,,X 全窗基线 · 不参与实体赏罚,6870581,688,A168_HF9F_20260827_0900,2026-08-27 09:00:00
2026-07-16,153067580,772,0,81.7561214896,-81.7561214896,-81.7561214896,0E-7,1,1,0.49324550000000000,0.493245500000,-0.9865810262130424,-0.9865810262130424,-0.9865810262130424,0E-17,ELIGIBLE,R03b_20260811_FULL_v1,L1_ELIGIBILITY,v2026-08-11,2026-03-21..2026-08-06,baccarat_bet02_101_all_pairs_incl_sentinel,round_win = game_pnl > 0 (decisive only),COMPATIBILITY_ONLY_NOT_PRODUCTION,683.6856,671.4221,167.8249,12,10,-0.24547085,-0.24547085,,-0.24547085,-167.8249,683.6856,THIN_EXPOSURE,0.0000,6.7130,4.0000,96.0000,AG03-UNRESOLVED,ALL5_LEVELS_bet23_to_bet27,6.7130,6.7130,6.7130,10.0695,10.0695,4.000000,4.000000,4.000000,6.000000,6.000000,96.000000,96.000000,96.000000,94.000000,94.000000,5.0,40.2780,36.6273,127.5469,131.1976,PENDING_AG03,FALSE,NOT_FOR_ENFORCEMENT,161.1119,644.5653,167.8249,161.1119,6.7130,0.24547085,0.23565202,6.7130,161.1119,0.23565202,6.7130,6.7130,6.7130,10.0695,10.0695,161.1119,0.23565202,40.2780,36.6273,127.5469,131.1976,0.18655785,0.19189751,0.00981883,56.9738,67.1422,16.7825,167.8249,23.9750,683.6856,10.0000,56.9738,,19.7237,71.5366,81.9605,102.1952,102.1952,102.1952,71.5366,-21.7676,1.428571,1.428571,0.796429,7,7,1,3,1.00000000,0.24547085,0.24547085,0E-8,0.000000,0.982063,0.000000,,2026-07-16,2026-07-16,1,7,7,1,1.000000,,1.000000,3.333333,,,,,,,,GLOBAL_BASELINE_NO_ENTITY_RANKING,,,NOT_APPLICABLE_GLOBAL_BASELINE,HF9g-P5,,,,X 全窗基线 · 不参与实体赏罚,6870582,688,A168_HF9F_20260827_0900,2026-08-27 09:00:00
2026-07-16,153067580,919,0,183.9512733516,-24.5268364469,-24.5268364469,0.5000000,2,2,0.50665070000000000,0.506650700000,-0.018812684590367487,-0.018812684590367487,-0.018812684590367487,0E-17,ELIGIBLE,R03b_20260811_FULL_v1,L1_ELIGIBILITY,v2026-08-11,2026-03-21..2026-08-06,baccarat_bet02_101_all_pairs_incl_sentinel,round_win = game_pnl > 0 (decisive only),COMPATIBILITY_ONLY_NOT_PRODUCTION,683.6856,671.4221,167.8249,12,10,-0.24547085,-0.24547085,,-0.24547085,-167.8249,683.6856,THIN_EXPOSURE,0.0000,6.7130,4.0000,96.0000,AG03-UNRESOLVED,ALL5_LEVELS_bet23_to_bet27,6.7130,6.7130,6.7130,10.0695,10.0695,4.000000,4.000000,4.000000,6.000000,6.000000,96.000000,96.000000,96.000000,94.000000,94.000000,5.0,40.2780,36.6273,127.5469,131.1976,PENDING_AG03,FALSE,NOT_FOR_ENFORCEMENT,161.1119,644.5653,167.8249,161.1119,6.7130,0.24547085,0.23565202,6.7130,161.1119,0.23565202,6.7130,6.7130,6.7130,10.0695,10.0695,161.1119,0.23565202,40.2780,36.6273,127.5469,131.1976,0.18655785,0.19189751,0.00981883,56.9738,67.1422,16.7825,167.8249,23.9750,683.6856,10.0000,56.9738,,19.7237,71.5366,81.9605,102.1952,102.1952,102.1952,71.5366,-21.7676,1.428571,1.428571,0.796429,7,7,1,3,1.00000000,0.24547085,0.24547085,0E-8,0.000000,0.982063,0.000000,,2026-07-16,2026-07-16,1,7,7,1,1.000000,,1.000000,3.333333,,,,,,,,GLOBAL_BASELINE_NO_ENTITY_RANKING,,,NOT_APPLICABLE_GLOBAL_BASELINE,HF9g-P5,,,,X 全窗基线 · 不参与实体赏罚,6870583,688,A168_HF9F_20260827_0900,2026-08-27 09:00:00
2026-04-30,149351693,-1,1,164.9085150381,86.3806507342,86.3806507342,1.0000000,3,3,0.49771390000000000,0.497713900000,1.4206944795187548,1.420694479518755,1.4206944795187548,0E-17,SENTINEL_DEALER,R03b_20260811_FULL_v1,L1_ELIGIBILITY,v2026-08-11,2026-03-21..2026-08-06,baccarat_bet02_101_all_pairs_incl_sentinel,round_win = game_pnl > 0 (decisive only),COMPATIBILITY_ONLY_NOT_PRODUCTION,44544.5453,40072.9644,167.8358,1016,882,-0.00376782,-0.25196217,0.00359216,-0.00376782,-167.8358,44544.5453,OK,0.0000,6.7134,4.0000,96.0000,AG03-UNRESOLVED,ALL5_LEVELS_bet23_to_bet27,6.7134,6.7134,8.3918,8.3918,8.3918,4.000000,4.000000,5.000000,5.000000,5.000000,96.000000,96.000000,95.000000,95.000000,95.000000,5.0,38.6022,35.2192,129.2336,132.6166,PENDING_AG03,FALSE,NOT_FOR_ENFORCEMENT,161.1224,38470.0458,167.8358,161.1224,6.7134,0.00376782,0.00361711,6.7134,161.1224,0.00361711,6.7134,6.7134,8.3918,8.3918,8.3918,161.1224,0.00361711,38.6022,35.2192,129.2336,132.6166,0.00290122,0.00297717,0.00015071,43.8431,45.4342,0.1903,6.9932,0.3858,1856.0227,36.7500,42.7628,43.8759,23.144,38.5733,57.0806,78.5279,103.7829,155.6743,31.1349,-5.1431,2.690537,4.035805,1.136617,24,140,35,5,0.02880006,0.00376782,0.25196217,0E-8,0.000000,0.899616,0.000000,-0.25555432,2026-04-30,2026-07-25,24,435,233,87,0.275862,0.974631,0.975362,0.096000,,,,,,,,GLOBAL_BASELINE_NO_ENTITY_RANKING,,,NOT_APPLICABLE_GLOBAL_BASELINE,HF9g-P5,,,,X 全窗基线 · 不参与实体赏罚,6870584,688,A168_HF9F_20260827_0900,2026-08-27 09:00:00
2026-04-30,149351693,1205,0,78.5278643039,0E-10,0E-10,,1,1,0.49324550000000000,0.493245500000,,,,0E-17,NO_DECISIVE_ROUND,R03b_20260811_FULL_v1,L1_ELIGIBILITY,v2026-08-11,2026-03-21..2026-08-06,baccarat_bet02_101_all_pairs_incl_sentinel,round_win = game_pnl > 0 (decisive only),COMPATIBILITY_ONLY_NOT_PRODUCTION,44544.5453,40072.9644,167.8358,1016,882,-0.00376782,-0.25196217,0.00359216,-0.00376782,-167.8358,44544.5453,OK,0.0000,6.7134,4.0000,96.0000,AG03-UNRESOLVED,ALL5_LEVELS_bet23_to_bet27,6.7134,6.7134,8.3918,8.3918,8.3918,4.000000,4.000000,5.000000,5.000000,5.000000,96.000000,96.000000,95.000000,95.000000,95.000000,5.0,38.6022,35.2192,129.2336,132.6166,PENDING_AG03,FALSE,NOT_FOR_ENFORCEMENT,161.1224,38470.0458,167.8358,161.1224,6.7134,0.00376782,0.00361711,6.7134,161.1224,0.00361711,6.7134,6.7134,8.3918,8.3918,8.3918,161.1224,0.00361711,38.6022,35.2192,129.2336,132.6166,0.00290122,0.00297717,0.00015071,43.8431,45.4342,0.1903,6.9932,0.3858,1856.0227,36.7500,42.7628,43.8759,23.144,38.5733,57.0806,78.5279,103.7829,155.6743,31.1349,-5.1431,2.690537,4.035805,1.136617,24,140,35,5,0.02880006,0.00376782,0.25196217,0E-8,0.000000,0.899616,0.000000,-0.25555432,2026-04-30,2026-07-25,24,435,233,87,0.275862,0.974631,0.975362,0.096000,,,,,,,,GLOBAL_BASELINE_NO_ENTITY_RANKING,,,NOT_APPLICABLE_GLOBAL_BASELINE,HF9g-P5,,,,X 全窗基线 · 不参与实体赏罚,6870585,688,A168_HF9F_20260827_0900,2026-08-27 09:00:00
2026-04-30,149351693,1302,0,52.3519095359,-52.3519095359,-52.3519095359,0E-7,1,1,0.50665070000000000,0.506650700000,-1.013391052207602,-1.013391052207602,-1.013391052207602,0E-17,ELIGIBLE,R03b_20260811_FULL_v1,L1_ELIGIBILITY,v2026-08-11,2026-03-21..2026-08-06,baccarat_bet02_101_all_pairs_incl_sentinel,round_win = game_pnl > 0 (decisive only),COMPATIBILITY_ONLY_NOT_PRODUCTION,44544.5453,40072.9644,167.8358,1016,882,-0.00376782,-0.25196217,0.00359216,-0.00376782,-167.8358,44544.5453,OK,0.0000,6.7134,4.0000,96.0000,AG03-UNRESOLVED,ALL5_LEVELS_bet23_to_bet27,6.7134,6.7134,8.3918,8.3918,8.3918,4.000000,4.000000,5.000000,5.000000,5.000000,96.000000,96.000000,95.000000,95.000000,95.000000,5.0,38.6022,35.2192,129.2336,132.6166,PENDING_AG03,FALSE,NOT_FOR_ENFORCEMENT,161.1224,38470.0458,167.8358,161.1224,6.7134,0.00376782,0.00361711,6.7134,161.1224,0.00361711,6.7134,6.7134,8.3918,8.3918,8.3918,161.1224,0.00361711,38.6022,35.2192,129.2336,132.6166,0.00290122,0.00297717,0.00015071,43.8431,45.4342,0.1903,6.9932,0.3858,1856.0227,36.7500,42.7628,43.8759,23.144,38.5733,57.0806,78.5279,103.7829,155.6743,31.1349,-5.1431,2.690537,4.035805,1.136617,24,140,35,5,0.02880006,0.00376782,0.25196217,0E-8,0.000000,0.899616,0.000000,-0.25555432,2026-04-30,2026-07-25,24,435,233,87,0.275862,0.974631,0.975362,0.096000,,,,,,,,GLOBAL_BASELINE_NO_ENTITY_RANKING,,,NOT_APPLICABLE_GLOBAL_BASELINE,HF9g-P5,,,,X 全窗基线 · 不参与实体赏罚,6870586,688,A168_HF9F_20260827_0900,2026-08-27 09:00:00
2026-04-30,149351693,1402,0,28.7935502447,-28.7935502447,-28.7935502447,0E-7,1,1,0.50665070000000000,0.506650700000,-1.013391052207602,-1.013391052207602,-1.013391052207602,0E-17,ELIGIBLE,R03b_20260811_FULL_v1,L1_ELIGIBILITY,v2026-08-11,2026-03-21..2026-08-06,baccarat_bet02_101_all_pairs_incl_sentinel,round_win = game_pnl > 0 (decisive only),COMPATIBILITY_ONLY_NOT_PRODUCTION,44544.5453,40072.9644,167.8358,1016,882,-0.00376782,-0.25196217,0.00359216,-0.00376782,-167.8358,44544.5453,OK,0.0000,6.7134,4.0000,96.0000,AG03-UNRESOLVED,ALL5_LEVELS_bet23_to_bet27,6.7134,6.7134,8.3918,8.3918,8.3918,4.000000,4.000000,5.000000,5.000000,5.000000,96.000000,96.000000,95.000000,95.000000,95.000000,5.0,38.6022,35.2192,129.2336,132.6166,PENDING_AG03,FALSE,NOT_FOR_ENFORCEMENT,161.1224,38470.0458,167.8358,161.1224,6.7134,0.00376782,0.00361711,6.7134,161.1224,0.00361711,6.7134,6.7134,8.3918,8.3918,8.3918,161.1224,0.00361711,38.6022,35.2192,129.2336,132.6166,0.00290122,0.00297717,0.00015071,43.8431,45.4342,0.1903,6.9932,0.3858,1856.0227,36.7500,42.7628,43.8759,23.144,38.5733,57.0806,78.5279,103.7829,155.6743,31.1349,-5.1431,2.690537,4.035805,1.136617,24,140,35,5,0.02880006,0.00376782,0.25196217,0E-8,0.000000,0.899616,0.000000,-0.25555432,2026-04-30,2026-07-25,24,435,233,87,0.275862,0.974631,0.975362,0.096000,,,,,,,,GLOBAL_BASELINE_NO_ENTITY_RANKING,,,NOT_APPLICABLE_GLOBAL_BASELINE,HF9g-P5,,,,X 全窗基线 · 不参与实体赏罚,6870587,688,A168_HF9F_20260827_0900,2026-08-27 09:00:00
2026-04-30,149351693,1505,0,39.2639321519,-39.2639321519,-39.2639321519,0E-7,1,1,0.50665070000000000,0.506650700000,-1.013391052207602,-1.013391052207602,-1.013391052207602,0E-17,ELIGIBLE,R03b_20260811_FULL_v1,L1_ELIGIBILITY,v2026-08-11,2026-03-21..2026-08-06,baccarat_bet02_101_all_pairs_incl_sentinel,round_win = game_pnl > 0 (decisive only),COMPATIBILITY_ONLY_NOT_PRODUCTION,44544.5453,40072.9644,167.8358,1016,882,-0.00376782,-0.25196217,0.00359216,-0.00376782,-167.8358,44544.5453,OK,0.0000,6.7134,4.0000,96.0000,AG03-UNRESOLVED,ALL5_LEVELS_bet23_to_bet27,6.7134,6.7134,8.3918,8.3918,8.3918,4.000000,4.000000,5.000000,5.000000,5.000000,96.000000,96.000000,95.000000,95.000000,95.000000,5.0,38.6022,35.2192,129.2336,132.6166,PENDING_AG03,FALSE,NOT_FOR_ENFORCEMENT,161.1224,38470.0458,167.8358,161.1224,6.7134,0.00376782,0.00361711,6.7134,161.1224,0.00361711,6.7134,6.7134,8.3918,8.3918,8.3918,161.1224,0.00361711,38.6022,35.2192,129.2336,132.6166,0.00290122,0.00297717,0.00015071,43.8431,45.4342,0.1903,6.9932,0.3858,1856.0227,36.7500,42.7628,43.8759,23.144,38.5733,57.0806,78.5279,103.7829,155.6743,31.1349,-5.1431,2.690537,4.035805,1.136617,24,140,35,5,0.02880006,0.00376782,0.25196217,0E-8,0.000000,0.899616,0.000000,-0.25555432,2026-04-30,2026-07-25,24,435,233,87,0.275862,0.974631,0.975362,0.096000,,,,,,,,GLOBAL_BASELINE_NO_ENTITY_RANKING,,,NOT_APPLICABLE_GLOBAL_BASELINE,HF9g-P5,,,,X 全窗基线 · 不参与实体赏罚,6870588,688,A168_HF9F_20260827_0900,2026-08-27 09:00:00
2026-04-30,149351693,1654,0,52.3519095359,52.3519095359,52.3519095359,1.0000000,1,1,0.49324550000000000,0.493245500000,1.01360149184955,1.01360149184955,1.01360149184955,0E-17,ELIGIBLE,R03b_20260811_FULL_v1,L1_ELIGIBILITY,v2026-08-11,2026-03-21..2026-08-06,baccarat_bet02_101_all_pairs_incl_sentinel,round_win = game_pnl > 0 (decisive only),COMPATIBILITY_ONLY_NOT_PRODUCTION,44544.5453,40072.9644,167.8358,1016,882,-0.00376782,-0.25196217,0.00359216,-0.00376782,-167.8358,44544.5453,OK,0.0000,6.7134,4.0000,96.0000,AG03-UNRESOLVED,ALL5_LEVELS_bet23_to_bet27,6.7134,6.7134,8.3918,8.3918,8.3918,4.000000,4.000000,5.000000,5.000000,5.000000,96.000000,96.000000,95.000000,95.000000,95.000000,5.0,38.6022,35.2192,129.2336,132.6166,PENDING_AG03,FALSE,NOT_FOR_ENFORCEMENT,161.1224,38470.0458,167.8358,161.1224,6.7134,0.00376782,0.00361711,6.7134,161.1224,0.00361711,6.7134,6.7134,8.3918,8.3918,8.3918,161.1224,0.00361711,38.6022,35.2192,129.2336,132.6166,0.00290122,0.00297717,0.00015071,43.8431,45.4342,0.1903,6.9932,0.3858,1856.0227,36.7500,42.7628,43.8759,23.144,38.5733,57.0806,78.5279,103.7829,155.6743,31.1349,-5.1431,2.690537,4.035805,1.136617,24,140,35,5,0.02880006,0.00376782,0.25196217,0E-8,0.000000,0.899616,0.000000,-0.25555432,2026-04-30,2026-07-25,24,435,233,87,0.275862,0.974631,0.975362,0.096000,,,,,,,,GLOBAL_BASELINE_NO_ENTITY_RANKING,,,NOT_APPLICABLE_GLOBAL_BASELINE,HF9g-P5,,,,X 全窗基线 · 不参与实体赏罚,6870589,688,A168_HF9F_20260827_0900,2026-08-27 09:00:00
2026-04-30,149351693,2142,0,86.3806507342,15.7055728608,15.7055728608,0.5000000,2,2,0.50665070000000000,0.506650700000,-0.018812684590367487,-0.018812684590367487,-0.018812684590367487,0E-17,ELIGIBLE,R03b_20260811_FULL_v1,L1_ELIGIBILITY,v2026-08-11,2026-03-21..2026-08-06,baccarat_bet02_101_all_pairs_incl_sentinel,round_win = game_pnl > 0 (decisive only),COMPATIBILITY_ONLY_NOT_PRODUCTION,44544.5453,40072.9644,167.8358,1016,882,-0.00376782,-0.25196217,0.00359216,-0.00376782,-167.8358,44544.5453,OK,0.0000,6.7134,4.0000,96.0000,AG03-UNRESOLVED,ALL5_LEVELS_bet23_to_bet27,6.7134,6.7134,8.3918,8.3918,8.3918,4.000000,4.000000,5.000000,5.000000,5.000000,96.000000,96.000000,95.000000,95.000000,95.000000,5.0,38.6022,35.2192,129.2336,132.6166,PENDING_AG03,FALSE,NOT_FOR_ENFORCEMENT,161.1224,38470.0458,167.8358,161.1224,6.7134,0.00376782,0.00361711,6.7134,161.1224,0.00361711,6.7134,6.7134,8.3918,8.3918,8.3918,161.1224,0.00361711,38.6022,35.2192,129.2336,132.6166,0.00290122,0.00297717,0.00015071,43.8431,45.4342,0.1903,6.9932,0.3858,1856.0227,36.7500,42.7628,43.8759,23.144,38.5733,57.0806,78.5279,103.7829,155.6743,31.1349,-5.1431,2.690537,4.035805,1.136617,24,140,35,5,0.02880006,0.00376782,0.25196217,0E-8,0.000000,0.899616,0.000000,-0.25555432,2026-04-30,2026-07-25,24,435,233,87,0.275862,0.974631,0.975362,0.096000,,,,,,,,GLOBAL_BASELINE_NO_ENTITY_RANKING,,,NOT_APPLICABLE_GLOBAL_BASELINE,HF9g-P5,,,,X 全窗基线 · 不参与实体赏罚,6870590,688,A168_HF9F_20260827_0900,2026-08-27 09:00:00
2026-04-30,149351693,2155,0,157.0557286077,-157.0557286077,-157.0557286077,0E-7,2,2,0.50665070000000000,0.506650700000,-1.4331513700195317,-1.4331513700195317,-1.4331513700195317,0E-17,ELIGIBLE,R03b_20260811_FULL_v1,L1_ELIGIBILITY,v2026-08-11,2026-03-21..2026-08-06,baccarat_bet02_101_all_pairs_incl_sentinel,round_win = game_pnl > 0 (decisive only),COMPATIBILITY_ONLY_NOT_PRODUCTION,44544.5453,40072.9644,167.8358,1016,882,-0.00376782,-0.25196217,0.00359216,-0.00376782,-167.8358,44544.5453,OK,0.0000,6.7134,4.0000,96.0000,AG03-UNRESOLVED,ALL5_LEVELS_bet23_to_bet27,6.7134,6.7134,8.3918,8.3918,8.3918,4.000000,4.000000,5.000000,5.000000,5.000000,96.000000,96.000000,95.000000,95.000000,95.000000,5.0,38.6022,35.2192,129.2336,132.6166,PENDING_AG03,FALSE,NOT_FOR_ENFORCEMENT,161.1224,38470.0458,167.8358,161.1224,6.7134,0.00376782,0.00361711,6.7134,161.1224,0.00361711,6.7134,6.7134,8.3918,8.3918,8.3918,161.1224,0.00361711,38.6022,35.2192,129.2336,132.6166,0.00290122,0.00297717,0.00015071,43.8431,45.4342,0.1903,6.9932,0.3858,1856.0227,36.7500,42.7628,43.8759,23.144,38.5733,57.0806,78.5279,103.7829,155.6743,31.1349,-5.1431,2.690537,4.035805,1.136617,24,140,35,5,0.02880006,0.00376782,0.25196217,0E-8,0.000000,0.899616,0.000000,-0.25555432,2026-04-30,2026-07-25,24,435,233,87,0.275862,0.974631,0.975362,0.096000,,,,,,,,GLOBAL_BASELINE_NO_ENTITY_RANKING,,,NOT_APPLICABLE_GLOBAL_BASELINE,HF9g-P5,,,,X 全窗基线 · 不参与实体赏罚,6870591,688,A168_HF9F_20260827_0900,2026-08-27 09:00:00
2026-04-30,149351693,2212,0,36.6463366751,34.8140198414,34.8140198414,1.0000000,1,1,0.50665070000000000,0.506650700000,0.9867858985152569,0.9867858985152569,0.9867858985152569,0E-17,ELIGIBLE,R03b_20260811_FULL_v1,L1_ELIGIBILITY,v2026-08-11,2026-03-21..2026-08-06,baccarat_bet02_101_all_pairs_incl_sentinel,round_win = game_pnl > 0 (decisive only),COMPATIBILITY_ONLY_NOT_PRODUCTION,44544.5453,40072.9644,167.8358,1016,882,-0.00376782,-0.25196217,0.00359216,-0.00376782,-167.8358,44544.5453,OK,0.0000,6.7134,4.0000,96.0000,AG03-UNRESOLVED,ALL5_LEVELS_bet23_to_bet27,6.7134,6.7134,8.3918,8.3918,8.3918,4.000000,4.000000,5.000000,5.000000,5.000000,96.000000,96.000000,95.000000,95.000000,95.000000,5.0,38.6022,35.2192,129.2336,132.6166,PENDING_AG03,FALSE,NOT_FOR_ENFORCEMENT,161.1224,38470.0458,167.8358,161.1224,6.7134,0.00376782,0.00361711,6.7134,161.1224,0.00361711,6.7134,6.7134,8.3918,8.3918,8.3918,161.1224,0.00361711,38.6022,35.2192,129.2336,132.6166,0.00290122,0.00297717,0.00015071,43.8431,45.4342,0.1903,6.9932,0.3858,1856.0227,36.7500,42.7628,43.8759,23.144,38.5733,57.0806,78.5279,103.7829,155.6743,31.1349,-5.1431,2.690537,4.035805,1.136617,24,140,35,5,0.02880006,0.00376782,0.25196217,0E-8,0.000000,0.899616,0.000000,-0.25555432,2026-04-30,2026-07-25,24,435,233,87,0.275862,0.974631,0.975362,0.096000,,,,,,,,GLOBAL_BASELINE_NO_ENTITY_RANKING,,,NOT_APPLICABLE_GLOBAL_BASELINE,HF9g-P5,,,,X 全窗基线 · 不参与实体赏罚,6870592,688,A168_HF9F_20260827_0900,2026-08-27 09:00:00
2026-04-30,149351693,2224,0,73.2926733502,37.3007355443,37.3007355443,1.0000000,2,2,0.50665070000000000,0.506650700000,0.9867858985152569,0.9867858985152569,0.9867858985152569,0E-17,ELIGIBLE,R03b_20260811_FULL_v1,L1_ELIGIBILITY,v2026-08-11,2026-03-21..2026-08-06,baccarat_bet02_101_all_pairs_incl_sentinel,round_win = game_pnl > 0 (decisive only),COMPATIBILITY_ONLY_NOT_PRODUCTION,44544.5453,40072.9644,167.8358,1016,882,-0.00376782,-0.25196217,0.00359216,-0.00376782,-167.8358,44544.5453,OK,0.0000,6.7134,4.0000,96.0000,AG03-UNRESOLVED,ALL5_LEVELS_bet23_to_bet27,6.7134,6.7134,8.3918,8.3918,8.3918,4.000000,4.000000,5.000000,5.000000,5.000000,96.000000,96.000000,95.000000,95.000000,95.000000,5.0,38.6022,35.2192,129.2336,132.6166,PENDING_AG03,FALSE,NOT_FOR_ENFORCEMENT,161.1224,38470.0458,167.8358,161.1224,6.7134,0.00376782,0.00361711,6.7134,161.1224,0.00361711,6.7134,6.7134,8.3918,8.3918,8.3918,161.1224,0.00361711,38.6022,35.2192,129.2336,132.6166,0.00290122,0.00297717,0.00015071,43.8431,45.4342,0.1903,6.9932,0.3858,1856.0227,36.7500,42.7628,43.8759,23.144,38.5733,57.0806,78.5279,103.7829,155.6743,31.1349,-5.1431,2.690537,4.035805,1.136617,24,140,35,5,0.02880006,0.00376782,0.25196217,0E-8,0.000000,0.899616,0.000000,-0.25555432,2026-04-30,2026-07-25,24,435,233,87,0.275862,0.974631,0.975362,0.096000,,,,,,,,GLOBAL_BASELINE_NO_ENTITY_RANKING,,,NOT_APPLICABLE_GLOBAL_BASELINE,HF9g-P5,,,,X 全窗基线 · 不参与实体赏罚,6870593,688,A168_HF9F_20260827_0900,2026-08-27 09:00:00
2026-04-30,149351693,2254,0,57.5871004895,-5.2351909536,-5.2351909536,0E-7,2,1,0.46546076363629211,0.280106050000,-0.9331506102117484,-0.6237735893609975,-0.9331506102117484,0.18535471363629211,ELIGIBLE,R03b_20260811_FULL_v1,L1_ELIGIBILITY,v2026-08-11,2026-03-21..2026-08-06,baccarat_bet02_101_all_pairs_incl_sentinel,round_win = game_pnl > 0 (decisive only),COMPATIBILITY_ONLY_NOT_PRODUCTION,44544.5453,40072.9644,167.8358,1016,882,-0.00376782,-0.25196217,0.00359216,-0.00376782,-167.8358,44544.5453,OK,0.0000,6.7134,4.0000,96.0000,AG03-UNRESOLVED,ALL5_LEVELS_bet23_to_bet27,6.7134,6.7134,8.3918,8.3918,8.3918,4.000000,4.000000,5.000000,5.000000,5.000000,96.000000,96.000000,95.000000,95.000000,95.000000,5.0,38.6022,35.2192,129.2336,132.6166,PENDING_AG03,FALSE,NOT_FOR_ENFORCEMENT,161.1224,38470.0458,167.8358,161.1224,6.7134,0.00376782,0.00361711,6.7134,161.1224,0.00361711,6.7134,6.7134,8.3918,8.3918,8.3918,161.1224,0.00361711,38.6022,35.2192,129.2336,132.6166,0.00290122,0.00297717,0.00015071,43.8431,45.4342,0.1903,6.9932,0.3858,1856.0227,36.7500,42.7628,43.8759,23.144,38.5733,57.0806,78.5279,103.7829,155.6743,31.1349,-5.1431,2.690537,4.035805,1.136617,24,140,35,5,0.02880006,0.00376782,0.25196217,0E-8,0.000000,0.899616,0.000000,-0.25555432,2026-04-30,2026-07-25,24,435,233,87,0.275862,0.974631,0.975362,0.096000,,,,,,,,GLOBAL_BASELINE_NO_ENTITY_RANKING,,,NOT_APPLICABLE_GLOBAL_BASELINE,HF9g-P5,,,,X 全窗基线 · 不参与实体赏罚,6870594,688,A168_HF9F_20260827_0900,2026-08-27 09:00:00
2026-04-30,149351693,2267,0,78.5278643039,78.5278643039,78.5278643039,1.0000000,1,1,0.49324550000000000,0.493245500000,1.01360149184955,1.01360149184955,1.01360149184955,0E-17,ELIGIBLE,R03b_20260811_FULL_v1,L1_ELIGIBILITY,v2026-08-11,2026-03-21..2026-08-06,baccarat_bet02_101_all_pairs_incl_sentinel,round_win = game_pnl > 0 (decisive only),COMPATIBILITY_ONLY_NOT_PRODUCTION,44544.5453,40072.9644,167.8358,1016,882,-0.00376782,-0.25196217,0.00359216,-0.00376782,-167.8358,44544.5453,OK,0.0000,6.7134,4.0000,96.0000,AG03-UNRESOLVED,ALL5_LEVELS_bet23_to_bet27,6.7134,6.7134,8.3918,8.3918,8.3918,4.000000,4.000000,5.000000,5.000000,5.000000,96.000000,96.000000,95.000000,95.000000,95.000000,5.0,38.6022,35.2192,129.2336,132.6166,PENDING_AG03,FALSE,NOT_FOR_ENFORCEMENT,161.1224,38470.0458,167.8358,161.1224,6.7134,0.00376782,0.00361711,6.7134,161.1224,0.00361711,6.7134,6.7134,8.3918,8.3918,8.3918,161.1224,0.00361711,38.6022,35.2192,129.2336,132.6166,0.00290122,0.00297717,0.00015071,43.8431,45.4342,0.1903,6.9932,0.3858,1856.0227,36.7500,42.7628,43.8759,23.144,38.5733,57.0806,78.5279,103.7829,155.6743,31.1349,-5.1431,2.690537,4.035805,1.136617,24,140,35,5,0.02880006,0.00376782,0.25196217,0E-8,0.000000,0.899616,0.000000,-0.25555432,2026-04-30,2026-07-25,24,435,233,87,0.275862,0.974631,0.975362,0.096000,,,,,,,,GLOBAL_BASELINE_NO_ENTITY_RANKING,,,NOT_APPLICABLE_GLOBAL_BASELINE,HF9g-P5,,,,X 全窗基线 · 不参与实体赏罚,6870595,688,A168_HF9F_20260827_0900,2026-08-27 09:00:00
2026-04-30,149351693,471,0,168.8349082533,58.3069392456,58.3069392456,0.6666667,3,3,0.50218230000000000,0.502182300000,0.5697959874915163,0.5697959874915164,0.5697959874915163,0E-17,ELIGIBLE,R03b_20260811_FULL_v1,L1_ELIGIBILITY,v2026-08-11,2026-03-21..2026-08-06,baccarat_bet02_101_all_pairs_incl_sentinel,round_win = game_pnl > 0 (decisive only),COMPATIBILITY_ONLY_NOT_PRODUCTION,44544.5453,40072.9644,167.8358,1016,882,-0.00376782,-0.25196217,0.00359216,-0.00376782,-167.8358,44544.5453,OK,0.0000,6.7134,4.0000,96.0000,AG03-UNRESOLVED,ALL5_LEVELS_bet23_to_bet27,6.7134,6.7134,8.3918,8.3918,8.3918,4.000000,4.000000,5.000000,5.000000,5.000000,96.000000,96.000000,95.000000,95.000000,95.000000,5.0,38.6022,35.2192,129.2336,132.6166,PENDING_AG03,FALSE,NOT_FOR_ENFORCEMENT,161.1224,38470.0458,167.8358,161.1224,6.7134,0.00376782,0.00361711,6.7134,161.1224,0.00361711,6.7134,6.7134,8.3918,8.3918,8.3918,161.1224,0.00361711,38.6022,35.2192,129.2336,132.6166,0.00290122,0.00297717,0.00015071,43.8431,45.4342,0.1903,6.9932,0.3858,1856.0227,36.7500,42.7628,43.8759,23.144,38.5733,57.0806,78.5279,103.7829,155.6743,31.1349,-5.1431,2.690537,4.035805,1.136617,24,140,35,5,0.02880006,0.00376782,0.25196217,0E-8,0.000000,0.899616,0.000000,-0.25555432,2026-04-30,2026-07-25,24,435,233,87,0.275862,0.974631,0.975362,0.096000,,,,,,,,GLOBAL_BASELINE_NO_ENTITY_RANKING,,,NOT_APPLICABLE_GLOBAL_BASELINE,HF9g-P5,,,,X 全窗基线 · 不参与实体赏罚,6870596,688,A168_HF9F_20260827_0900,2026-08-27 09:00:00
2026-04-30,149351693,925,0,78.5278643039,-78.5278643039,-78.5278643039,0E-7,1,1,0.50665070000000000,0.506650700000,-1.013391052207602,-1.013391052207602,-1.013391052207602,0E-17,ELIGIBLE,R03b_20260811_FULL_v1,L1_ELIGIBILITY,v2026-08-11,2026-03-21..2026-08-06,baccarat_bet02_101_all_pairs_incl_sentinel,round_win = game_pnl > 0 (decisive only),COMPATIBILITY_ONLY_NOT_PRODUCTION,44544.5453,40072.9644,167.8358,1016,882,-0.00376782,-0.25196217,0.00359216,-0.00376782,-167.8358,44544.5453,OK,0.0000,6.7134,4.0000,96.0000,AG03-UNRESOLVED,ALL5_LEVELS_bet23_to_bet27,6.7134,6.7134,8.3918,8.3918,8.3918,4.000000,4.000000,5.000000,5.000000,5.000000,96.000000,96.000000,95.000000,95.000000,95.000000,5.0,38.6022,35.2192,129.2336,132.6166,PENDING_AG03,FALSE,NOT_FOR_ENFORCEMENT,161.1224,38470.0458,167.8358,161.1224,6.7134,0.00376782,0.00361711,6.7134,161.1224,0.00361711,6.7134,6.7134,8.3918,8.3918,8.3918,161.1224,0.00361711,38.6022,35.2192,129.2336,132.6166,0.00290122,0.00297717,0.00015071,43.8431,45.4342,0.1903,6.9932,0.3858,1856.0227,36.7500,42.7628,43.8759,23.144,38.5733,57.0806,78.5279,103.7829,155.6743,31.1349,-5.1431,2.690537,4.035805,1.136617,24,140,35,5,0.02880006,0.00376782,0.25196217,0E-8,0.000000,0.899616,0.000000,-0.25555432,2026-04-30,2026-07-25,24,435,233,87,0.275862,0.974631,0.975362,0.096000,,,,,,,,GLOBAL_BASELINE_NO_ENTITY_RANKING,,,NOT_APPLICABLE_GLOBAL_BASELINE,HF9g-P5,,,,X 全窗基线 · 不参与实体赏罚,6870597,688,A168_HF9F_20260827_0900,2026-08-27 09:00:00
2026-05-02,149351693,-1,1,153.5986715790,95.3245809767,95.3245809767,0.8000000,5,5,0.50665070000000000,0.506650700000,1.3120140225494112,1.3120140225494112,1.3120140225494112,0E-17,SENTINEL_DEALER,R03b_20260811_FULL_v1,L1_ELIGIBILITY,v2026-08-11,2026-03-21..2026-08-06,baccarat_bet02_101_all_pairs_incl_sentinel,round_win = game_pnl > 0 (decisive only),COMPATIBILITY_ONLY_NOT_PRODUCTION,44544.5453,40072.9644,167.8358,1016,882,-0.00376782,-0.25196217,0.00359216,-0.00376782,-167.8358,44544.5453,OK,0.0000,6.7134,4.0000,96.0000,AG03-UNRESOLVED,ALL5_LEVELS_bet23_to_bet27,6.7134,6.7134,8.3918,8.3918,8.3918,4.000000,4.000000,5.000000,5.000000,5.000000,96.000000,96.000000,95.000000,95.000000,95.000000,5.0,38.6022,35.2192,129.2336,132.6166,PENDING_AG03,FALSE,NOT_FOR_ENFORCEMENT,161.1224,38470.0458,167.8358,161.1224,6.7134,0.00376782,0.00361711,6.7134,161.1224,0.00361711,6.7134,6.7134,8.3918,8.3918,8.3918,161.1224,0.00361711,38.6022,35.2192,129.2336,132.6166,0.00290122,0.00297717,0.00015071,43.8431,45.4342,0.1903,6.9932,0.3858,1856.0227,36.7500,42.7628,43.8759,23.144,38.5733,57.0806,78.5279,103.7829,155.6743,31.1349,-5.1431,2.690537,4.035805,1.136617,24,140,35,5,0.02880006,0.00376782,0.25196217,0E-8,0.000000,0.899616,0.000000,-0.25555432,2026-04-30,2026-07-25,24,435,233,87,0.275862,0.974631,0.975362,0.096000,,,,,,,,GLOBAL_BASELINE_NO_ENTITY_RANKING,,,NOT_APPLICABLE_GLOBAL_BASELINE,HF9g-P5,,,,X 全窗基线 · 不参与实体赏罚,6870598,688,A168_HF9F_20260827_0900,2026-08-27 09:00:00
2026-05-02,149351693,1115,0,150.4851849930,43.4590835972,43.4590835972,0.6000000,5,5,0.50396966000000000,0.503969660000,0.4294742719815242,0.4294742719815242,0.4294742719815242,0E-17,ELIGIBLE,R03b_20260811_FULL_v1,L1_ELIGIBILITY,v2026-08-11,2026-03-21..2026-08-06,baccarat_bet02_101_all_pairs_incl_sentinel,round_win = game_pnl > 0 (decisive only),COMPATIBILITY_ONLY_NOT_PRODUCTION,44544.5453,40072.9644,167.8358,1016,882,-0.00376782,-0.25196217,0.00359216,-0.00376782,-167.8358,44544.5453,OK,0.0000,6.7134,4.0000,96.0000,AG03-UNRESOLVED,ALL5_LEVELS_bet23_to_bet27,6.7134,6.7134,8.3918,8.3918,8.3918,4.000000,4.000000,5.000000,5.000000,5.000000,96.000000,96.000000,95.000000,95.000000,95.000000,5.0,38.6022,35.2192,129.2336,132.6166,PENDING_AG03,FALSE,NOT_FOR_ENFORCEMENT,161.1224,38470.0458,167.8358,161.1224,6.7134,0.00376782,0.00361711,6.7134,161.1224,0.00361711,6.7134,6.7134,8.3918,8.3918,8.3918,161.1224,0.00361711,38.6022,35.2192,129.2336,132.6166,0.00290122,0.00297717,0.00015071,43.8431,45.4342,0.1903,6.9932,0.3858,1856.0227,36.7500,42.7628,43.8759,23.144,38.5733,57.0806,78.5279,103.7829,155.6743,31.1349,-5.1431,2.690537,4.035805,1.136617,24,140,35,5,0.02880006,0.00376782,0.25196217,0E-8,0.000000,0.899616,0.000000,-0.25555432,2026-04-30,2026-07-25,24,435,233,87,0.275862,0.974631,0.975362,0.096000,,,,,,,,GLOBAL_BASELINE_NO_ENTITY_RANKING,,,NOT_APPLICABLE_GLOBAL_BASELINE,HF9g-P5,,,,X 全窗基线 · 不参与实体赏罚,6870599,688,A168_HF9F_20260827_0900,2026-08-27 09:00:00
2026-05-02,149351693,1157,0,38.9185823258,-38.9185823258,-38.9185823258,0E-7,1,1,0.50665070000000000,0.506650700000,-1.013391052207602,-1.013391052207602,-1.013391052207602,0E-17,ELIGIBLE,R03b_20260811_FULL_v1,L1_ELIGIBILITY,v2026-08-11,2026-03-21..2026-08-06,baccarat_bet02_101_all_pairs_incl_sentinel,round_win = game_pnl > 0 (decisive only),COMPATIBILITY_ONLY_NOT_PRODUCTION,44544.5453,40072.9644,167.8358,1016,882,-0.00376782,-0.25196217,0.00359216,-0.00376782,-167.8358,44544.5453,OK,0.0000,6.7134,4.0000,96.0000,AG03-UNRESOLVED,ALL5_LEVELS_bet23_to_bet27,6.7134,6.7134,8.3918,8.3918,8.3918,4.000000,4.000000,5.000000,5.000000,5.000000,96.000000,96.000000,95.000000,95.000000,95.000000,5.0,38.6022,35.2192,129.2336,132.6166,PENDING_AG03,FALSE,NOT_FOR_ENFORCEMENT,161.1224,38470.0458,167.8358,161.1224,6.7134,0.00376782,0.00361711,6.7134,161.1224,0.00361711,6.7134,6.7134,8.3918,8.3918,8.3918,161.1224,0.00361711,38.6022,35.2192,129.2336,132.6166,0.00290122,0.00297717,0.00015071,43.8431,45.4342,0.1903,6.9932,0.3858,1856.0227,36.7500,42.7628,43.8759,23.144,38.5733,57.0806,78.5279,103.7829,155.6743,31.1349,-5.1431,2.690537,4.035805,1.136617,24,140,35,5,0.02880006,0.00376782,0.25196217,0E-8,0.000000,0.899616,0.000000,-0.25555432,2026-04-30,2026-07-25,24,435,233,87,0.275862,0.974631,0.975362,0.096000,,,,,,,,GLOBAL_BASELINE_NO_ENTITY_RANKING,,,NOT_APPLICABLE_GLOBAL_BASELINE,HF9g-P5,,,,X 全窗基线 · 不参与实体赏罚,6870600,688,A168_HF9F_20260827_0900,2026-08-27 09:00:00
2026-05-02,149351693,1257,0,132.3231799076,25.2970785118,25.2970785118,0.6666667,4,4,0.50665070000000000,0.506650700000,0.5543606114942035,0.5543606114942035,0.5543606114942035,0E-17,ELIGIBLE,R03b_20260811_FULL_v1,L1_ELIGIBILITY,v2026-08-11,2026-03-21..2026-08-06,baccarat_bet02_101_all_pairs_incl_sentinel,round_win = game_pnl > 0 (decisive only),COMPATIBILITY_ONLY_NOT_PRODUCTION,44544.5453,40072.9644,167.8358,1016,882,-0.00376782,-0.25196217,0.00359216,-0.00376782,-167.8358,44544.5453,OK,0.0000,6.7134,4.0000,96.0000,AG03-UNRESOLVED,ALL5_LEVELS_bet23_to_bet27,6.7134,6.7134,8.3918,8.3918,8.3918,4.000000,4.000000,5.000000,5.000000,5.000000,96.000000,96.000000,95.000000,95.000000,95.000000,5.0,38.6022,35.2192,129.2336,132.6166,PENDING_AG03,FALSE,NOT_FOR_ENFORCEMENT,161.1224,38470.0458,167.8358,161.1224,6.7134,0.00376782,0.00361711,6.7134,161.1224,0.00361711,6.7134,6.7134,8.3918,8.3918,8.3918,161.1224,0.00361711,38.6022,35.2192,129.2336,132.6166,0.00290122,0.00297717,0.00015071,43.8431,45.4342,0.1903,6.9932,0.3858,1856.0227,36.7500,42.7628,43.8759,23.144,38.5733,57.0806,78.5279,103.7829,155.6743,31.1349,-5.1431,2.690537,4.035805,1.136617,24,140,35,5,0.02880006,0.00376782,0.25196217,0E-8,0.000000,0.899616,0.000000,-0.25555432,2026-04-30,2026-07-25,24,435,233,87,0.275862,0.974631,0.975362,0.096000,,,,,,,,GLOBAL_BASELINE_NO_ENTITY_RANKING,,,NOT_APPLICABLE_GLOBAL_BASELINE,HF9g-P5,,,,X 全窗基线 · 不参与实体赏罚,6870601,688,A168_HF9F_20260827_0900,2026-08-27 09:00:00
2026-05-02,149351693,1299,0,116.7557469773,-40.8645114420,-40.8645114420,0.3333333,3,3,0.50665070000000000,0.506650700000,-0.6004420894325239,-0.6004420894325239,-0.6004420894325239,0E-17,ELIGIBLE,R03b_20260811_FULL_v1,L1_ELIGIBILITY,v2026-08-11,2026-03-21..2026-08-06,baccarat_bet02_101_all_pairs_incl_sentinel,round_win = game_pnl > 0 (decisive only),COMPATIBILITY_ONLY_NOT_PRODUCTION,44544.5453,40072.9644,167.8358,1016,882,-0.00376782,-0.25196217,0.00359216,-0.00376782,-167.8358,44544.5453,OK,0.0000,6.7134,4.0000,96.0000,AG03-UNRESOLVED,ALL5_LEVELS_bet23_to_bet27,6.7134,6.7134,8.3918,8.3918,8.3918,4.000000,4.000000,5.000000,5.000000,5.000000,96.000000,96.000000,95.000000,95.000000,95.000000,5.0,38.6022,35.2192,129.2336,132.6166,PENDING_AG03,FALSE,NOT_FOR_ENFORCEMENT,161.1224,38470.0458,167.8358,161.1224,6.7134,0.00376782,0.00361711,6.7134,161.1224,0.00361711,6.7134,6.7134,8.3918,8.3918,8.3918,161.1224,0.00361711,38.6022,35.2192,129.2336,132.6166,0.00290122,0.00297717,0.00015071,43.8431,45.4342,0.1903,6.9932,0.3858,1856.0227,36.7500,42.7628,43.8759,23.144,38.5733,57.0806,78.5279,103.7829,155.6743,31.1349,-5.1431,2.690537,4.035805,1.136617,24,140,35,5,0.02880006,0.00376782,0.25196217,0E-8,0.000000,0.899616,0.000000,-0.25555432,2026-04-30,2026-07-25,24,435,233,87,0.275862,0.974631,0.975362,0.096000,,,,,,,,GLOBAL_BASELINE_NO_ENTITY_RANKING,,,NOT_APPLICABLE_GLOBAL_BASELINE,HF9g-P5,,,,X 全窗基线 · 不参与实体赏罚,6870602,688,A168_HF9F_20260827_0900,2026-08-27 09:00:00
2026-05-02,149351693,1304,0,166.0526179232,-44.6266410668,-44.6266410668,0.5000000,4,4,0.50665070000000000,0.506650700000,-0.02660515369234503,-0.02660515369234503,-0.02660515369234503,0E-17,ELIGIBLE,R03b_20260811_FULL_v1,L1_ELIGIBILITY,v2026-08-11,2026-03-21..2026-08-06,baccarat_bet02_101_all_pairs_incl_sentinel,round_win = game_pnl > 0 (decisive only),COMPATIBILITY_ONLY_NOT_PRODUCTION,44544.5453,40072.9644,167.8358,1016,882,-0.00376782,-0.25196217,0.00359216,-0.00376782,-167.8358,44544.5453,OK,0.0000,6.7134,4.0000,96.0000,AG03-UNRESOLVED,ALL5_LEVELS_bet23_to_bet27,6.7134,6.7134,8.3918,8.3918,8.3918,4.000000,4.000000,5.000000,5.000000,5.000000,96.000000,96.000000,95.000000,95.000000,95.000000,5.0,38.6022,35.2192,129.2336,132.6166,PENDING_AG03,FALSE,NOT_FOR_ENFORCEMENT,161.1224,38470.0458,167.8358,161.1224,6.7134,0.00376782,0.00361711,6.7134,161.1224,0.00361711,6.7134,6.7134,8.3918,8.3918,8.3918,161.1224,0.00361711,38.6022,35.2192,129.2336,132.6166,0.00290122,0.00297717,0.00015071,43.8431,45.4342,0.1903,6.9932,0.3858,1856.0227,36.7500,42.7628,43.8759,23.144,38.5733,57.0806,78.5279,103.7829,155.6743,31.1349,-5.1431,2.690537,4.035805,1.136617,24,140,35,5,0.02880006,0.00376782,0.25196217,0E-8,0.000000,0.899616,0.000000,-0.25555432,2026-04-30,2026-07-25,24,435,233,87,0.275862,0.974631,0.975362,0.096000,,,,,,,,GLOBAL_BASELINE_NO_ENTITY_RANKING,,,NOT_APPLICABLE_GLOBAL_BASELINE,HF9g-P5,,,,X 全窗基线 · 不参与实体赏罚,6870603,688,A168_HF9F_20260827_0900,2026-08-27 09:00:00
2026-05-02,149351693,1307,0,295.7812256758,36.3240101707,36.3240101707,0.5000000,5,5,0.49860758000000000,0.498607580000,0.005569701597489473,0.005569701597489473,0.005569701597489473,0E-17,ELIGIBLE,R03b_20260811_FULL_v1,L1_ELIGIBILITY,v2026-08-11,2026-03-21..2026-08-06,baccarat_bet02_101_all_pairs_incl_sentinel,round_win = game_pnl > 0 (decisive only),COMPATIBILITY_ONLY_NOT_PRODUCTION,44544.5453,40072.9644,167.8358,1016,882,-0.00376782,-0.25196217,0.00359216,-0.00376782,-167.8358,44544.5453,OK,0.0000,6.7134,4.0000,96.0000,AG03-UNRESOLVED,ALL5_LEVELS_bet23_to_bet27,6.7134,6.7134,8.3918,8.3918,8.3918,4.000000,4.000000,5.000000,5.000000,5.000000,96.000000,96.000000,95.000000,95.000000,95.000000,5.0,38.6022,35.2192,129.2336,132.6166,PENDING_AG03,FALSE,NOT_FOR_ENFORCEMENT,161.1224,38470.0458,167.8358,161.1224,6.7134,0.00376782,0.00361711,6.7134,161.1224,0.00361711,6.7134,6.7134,8.3918,8.3918,8.3918,161.1224,0.00361711,38.6022,35.2192,129.2336,132.6166,0.00290122,0.00297717,0.00015071,43.8431,45.4342,0.1903,6.9932,0.3858,1856.0227,36.7500,42.7628,43.8759,23.144,38.5733,57.0806,78.5279,103.7829,155.6743,31.1349,-5.1431,2.690537,4.035805,1.136617,24,140,35,5,0.02880006,0.00376782,0.25196217,0E-8,0.000000,0.899616,0.000000,-0.25555432,2026-04-30,2026-07-25,24,435,233,87,0.275862,0.974631,0.975362,0.096000,,,,,,,,GLOBAL_BASELINE_NO_ENTITY_RANKING,,,NOT_APPLICABLE_GLOBAL_BASELINE,HF9g-P5,,,,X 全窗基线 · 不参与实体赏罚,6870604,688,A168_HF9F_20260827_0900,2026-08-27 09:00:00
2026-05-02,149351693,1323,0,129.7286077526,123.2421773650,123.2421773650,1.0000000,2,2,0.50665070000000000,0.506650700000,1.3955260008387969,1.3955260008387969,1.3955260008387969,0E-17,ELIGIBLE,R03b_20260811_FULL_v1,L1_ELIGIBILITY,v2026-08-11,2026-03-21..2026-08-06,baccarat_bet02_101_all_pairs_incl_sentinel,round_win = game_pnl > 0 (decisive only),COMPATIBILITY_ONLY_NOT_PRODUCTION,44544.5453,40072.9644,167.8358,1016,882,-0.00376782,-0.25196217,0.00359216,-0.00376782,-167.8358,44544.5453,OK,0.0000,6.7134,4.0000,96.0000,AG03-UNRESOLVED,ALL5_LEVELS_bet23_to_bet27,6.7134,6.7134,8.3918,8.3918,8.3918,4.000000,4.000000,5.000000,5.000000,5.000000,96.000000,96.000000,95.000000,95.000000,95.000000,5.0,38.6022,35.2192,129.2336,132.6166,PENDING_AG03,FALSE,NOT_FOR_ENFORCEMENT,161.1224,38470.0458,167.8358,161.1224,6.7134,0.00376782,0.00361711,6.7134,161.1224,0.00361711,6.7134,6.7134,8.3918,8.3918,8.3918,161.1224,0.00361711,38.6022,35.2192,129.2336,132.6166,0.00290122,0.00297717,0.00015071,43.8431,45.4342,0.1903,6.9932,0.3858,1856.0227,36.7500,42.7628,43.8759,23.144,38.5733,57.0806,78.5279,103.7829,155.6743,31.1349,-5.1431,2.690537,4.035805,1.136617,24,140,35,5,0.02880006,0.00376782,0.25196217,0E-8,0.000000,0.899616,0.000000,-0.25555432,2026-04-30,2026-07-25,24,435,233,87,0.275862,0.974631,0.975362,0.096000,,,,,,,,GLOBAL_BASELINE_NO_ENTITY_RANKING,,,NOT_APPLICABLE_GLOBAL_BASELINE,HF9g-P5,,,,X 全窗基线 · 不参与实体赏罚,6870605,688,A168_HF9F_20260827_0900,2026-08-27 09:00:00
2026-05-02,149351693,1331,0,262.0517876603,-184.2146230087,-184.2146230087,0.1666667,6,6,0.50218230000000000,0.502182300000,-1.6436998608832374,-1.6436998608832374,-1.6436998608832374,0E-17,ELIGIBLE,R03b_20260811_FULL_v1,L1_ELIGIBILITY,v2026-08-11,2026-03-21..2026-08-06,baccarat_bet02_101_all_pairs_incl_sentinel,round_win = game_pnl > 0 (decisive only),COMPATIBILITY_ONLY_NOT_PRODUCTION,44544.5453,40072.9644,167.8358,1016,882,-0.00376782,-0.25196217,0.00359216,-0.00376782,-167.8358,44544.5453,OK,0.0000,6.7134,4.0000,96.0000,AG03-UNRESOLVED,ALL5_LEVELS_bet23_to_bet27,6.7134,6.7134,8.3918,8.3918,8.3918,4.000000,4.000000,5.000000,5.000000,5.000000,96.000000,96.000000,95.000000,95.000000,95.000000,5.0,38.6022,35.2192,129.2336,132.6166,PENDING_AG03,FALSE,NOT_FOR_ENFORCEMENT,161.1224,38470.0458,167.8358,161.1224,6.7134,0.00376782,0.00361711,6.7134,161.1224,0.00361711,6.7134,6.7134,8.3918,8.3918,8.3918,161.1224,0.00361711,38.6022,35.2192,129.2336,132.6166,0.00290122,0.00297717,0.00015071,43.8431,45.4342,0.1903,6.9932,0.3858,1856.0227,36.7500,42.7628,43.8759,23.144,38.5733,57.0806,78.5279,103.7829,155.6743,31.1349,-5.1431,2.690537,4.035805,1.136617,24,140,35,5,0.02880006,0.00376782,0.25196217,0E-8,0.000000,0.899616,0.000000,-0.25555432,2026-04-30,2026-07-25,24,435,233,87,0.275862,0.974631,0.975362,0.096000,,,,,,,,GLOBAL_BASELINE_NO_ENTITY_RANKING,,,NOT_APPLICABLE_GLOBAL_BASELINE,HF9g-P5,,,,X 全窗基线 · 不参与实体赏罚,6870606,688,A168_HF9F_20260827_0900,2026-08-27 09:00:00
2026-05-02,149351693,1363,0,25.9457215505,-25.9457215505,-25.9457215505,0E-7,1,1,0.49324550000000000,0.493245500000,-0.9865810262130424,-0.9865810262130424,-0.9865810262130424,0E-17,ELIGIBLE,R03b_20260811_FULL_v1,L1_ELIGIBILITY,v2026-08-11,2026-03-21..2026-08-06,baccarat_bet02_101_all_pairs_incl_sentinel,round_win = game_pnl > 0 (decisive only),COMPATIBILITY_ONLY_NOT_PRODUCTION,44544.5453,40072.9644,167.8358,1016,882,-0.00376782,-0.25196217,0.00359216,-0.00376782,-167.8358,44544.5453,OK,0.0000,6.7134,4.0000,96.0000,AG03-UNRESOLVED,ALL5_LEVELS_bet23_to_bet27,6.7134,6.7134,8.3918,8.3918,8.3918,4.000000,4.000000,5.000000,5.000000,5.000000,96.000000,96.000000,95.000000,95.000000,95.000000,5.0,38.6022,35.2192,129.2336,132.6166,PENDING_AG03,FALSE,NOT_FOR_ENFORCEMENT,161.1224,38470.0458,167.8358,161.1224,6.7134,0.00376782,0.00361711,6.7134,161.1224,0.00361711,6.7134,6.7134,8.3918,8.3918,8.3918,161.1224,0.00361711,38.6022,35.2192,129.2336,132.6166,0.00290122,0.00297717,0.00015071,43.8431,45.4342,0.1903,6.9932,0.3858,1856.0227,36.7500,42.7628,43.8759,23.144,38.5733,57.0806,78.5279,103.7829,155.6743,31.1349,-5.1431,2.690537,4.035805,1.136617,24,140,35,5,0.02880006,0.00376782,0.25196217,0E-8,0.000000,0.899616,0.000000,-0.25555432,2026-04-30,2026-07-25,24,435,233,87,0.275862,0.974631,0.975362,0.096000,,,,,,,,GLOBAL_BASELINE_NO_ENTITY_RANKING,,,NOT_APPLICABLE_GLOBAL_BASELINE,HF9g-P5,,,,X 全窗基线 · 不参与实体赏罚,6870607,688,A168_HF9F_20260827_0900,2026-08-27 09:00:00
2026-05-02,149351693,1400,0,215.3494888692,-48.3887706916,-48.3887706916,0.2000000,7,5,0.49193578540541028,0.443612806667,-1.3057463629464174,-1.096464353889014,-1.3057463629464174,0.04832297873841028,ELIGIBLE,R03b_20260811_FULL_v1,L1_ELIGIBILITY,v2026-08-11,2026-03-21..2026-08-06,baccarat_bet02_101_all_pairs_incl_sentinel,round_win = game_pnl > 0 (decisive only),COMPATIBILITY_ONLY_NOT_PRODUCTION,44544.5453,40072.9644,167.8358,1016,882,-0.00376782,-0.25196217,0.00359216,-0.00376782,-167.8358,44544.5453,OK,0.0000,6.7134,4.0000,96.0000,AG03-UNRESOLVED,ALL5_LEVELS_bet23_to_bet27,6.7134,6.7134,8.3918,8.3918,8.3918,4.000000,4.000000,5.000000,5.000000,5.000000,96.000000,96.000000,95.000000,95.000000,95.000000,5.0,38.6022,35.2192,129.2336,132.6166,PENDING_AG03,FALSE,NOT_FOR_ENFORCEMENT,161.1224,38470.0458,167.8358,161.1224,6.7134,0.00376782,0.00361711,6.7134,161.1224,0.00361711,6.7134,6.7134,8.3918,8.3918,8.3918,161.1224,0.00361711,38.6022,35.2192,129.2336,132.6166,0.00290122,0.00297717,0.00015071,43.8431,45.4342,0.1903,6.9932,0.3858,1856.0227,36.7500,42.7628,43.8759,23.144,38.5733,57.0806,78.5279,103.7829,155.6743,31.1349,-5.1431,2.690537,4.035805,1.136617,24,140,35,5,0.02880006,0.00376782,0.25196217,0E-8,0.000000,0.899616,0.000000,-0.25555432,2026-04-30,2026-07-25,24,435,233,87,0.275862,0.974631,0.975362,0.096000,,,,,,,,GLOBAL_BASELINE_NO_ENTITY_RANKING,,,NOT_APPLICABLE_GLOBAL_BASELINE,HF9g-P5,,,,X 全窗基线 · 不参与实体赏罚,6870608,688,A168_HF9F_20260827_0900,2026-08-27 09:00:00
2026-05-02,149351693,1405,0,77.8371646515,73.9453064190,73.9453064190,1.0000000,1,1,0.50665070000000000,0.506650700000,0.9867858985152569,0.9867858985152569,0.9867858985152569,0E-17,ELIGIBLE,R03b_20260811_FULL_v1,L1_ELIGIBILITY,v2026-08-11,2026-03-21..2026-08-06,baccarat_bet02_101_all_pairs_incl_sentinel,round_win = game_pnl > 0 (decisive only),COMPATIBILITY_ONLY_NOT_PRODUCTION,44544.5453,40072.9644,167.8358,1016,882,-0.00376782,-0.25196217,0.00359216,-0.00376782,-167.8358,44544.5453,OK,0.0000,6.7134,4.0000,96.0000,AG03-UNRESOLVED,ALL5_LEVELS_bet23_to_bet27,6.7134,6.7134,8.3918,8.3918,8.3918,4.000000,4.000000,5.000000,5.000000,5.000000,96.000000,96.000000,95.000000,95.000000,95.000000,5.0,38.6022,35.2192,129.2336,132.6166,PENDING_AG03,FALSE,NOT_FOR_ENFORCEMENT,161.1224,38470.0458,167.8358,161.1224,6.7134,0.00376782,0.00361711,6.7134,161.1224,0.00361711,6.7134,6.7134,8.3918,8.3918,8.3918,161.1224,0.00361711,38.6022,35.2192,129.2336,132.6166,0.00290122,0.00297717,0.00015071,43.8431,45.4342,0.1903,6.9932,0.3858,1856.0227,36.7500,42.7628,43.8759,23.144,38.5733,57.0806,78.5279,103.7829,155.6743,31.1349,-5.1431,2.690537,4.035805,1.136617,24,140,35,5,0.02880006,0.00376782,0.25196217,0E-8,0.000000,0.899616,0.000000,-0.25555432,2026-04-30,2026-07-25,24,435,233,87,0.275862,0.974631,0.975362,0.096000,,,,,,,,GLOBAL_BASELINE_NO_ENTITY_RANKING,,,NOT_APPLICABLE_GLOBAL_BASELINE,HF9g-P5,,,,X 全窗基线 · 不参与实体赏罚,6870609,688,A168_HF9F_20260827_0900,2026-08-27 09:00:00
2026-05-02,149351693,1646,0,77.8371646515,-77.8371646515,-77.8371646515,0E-7,1,1,0.50665070000000000,0.506650700000,-1.013391052207602,-1.013391052207602,-1.013391052207602,0E-17,ELIGIBLE,R03b_20260811_FULL_v1,L1_ELIGIBILITY,v2026-08-11,2026-03-21..2026-08-06,baccarat_bet02_101_all_pairs_incl_sentinel,round_win = game_pnl > 0 (decisive only),COMPATIBILITY_ONLY_NOT_PRODUCTION,44544.5453,40072.9644,167.8358,1016,882,-0.00376782,-0.25196217,0.00359216,-0.00376782,-167.8358,44544.5453,OK,0.0000,6.7134,4.0000,96.0000,AG03-UNRESOLVED,ALL5_LEVELS_bet23_to_bet27,6.7134,6.7134,8.3918,8.3918,8.3918,4.000000,4.000000,5.000000,5.000000,5.000000,96.000000,96.000000,95.000000,95.000000,95.000000,5.0,38.6022,35.2192,129.2336,132.6166,PENDING_AG03,FALSE,NOT_FOR_ENFORCEMENT,161.1224,38470.0458,167.8358,161.1224,6.7134,0.00376782,0.00361711,6.7134,161.1224,0.00361711,6.7134,6.7134,8.3918,8.3918,8.3918,161.1224,0.00361711,38.6022,35.2192,129.2336,132.6166,0.00290122,0.00297717,0.00015071,43.8431,45.4342,0.1903,6.9932,0.3858,1856.0227,36.7500,42.7628,43.8759,23.144,38.5733,57.0806,78.5279,103.7829,155.6743,31.1349,-5.1431,2.690537,4.035805,1.136617,24,140,35,5,0.02880006,0.00376782,0.25196217,0E-8,0.000000,0.899616,0.000000,-0.25555432,2026-04-30,2026-07-25,24,435,233,87,0.275862,0.974631,0.975362,0.096000,,,,,,,,GLOBAL_BASELINE_NO_ENTITY_RANKING,,,NOT_APPLICABLE_GLOBAL_BASELINE,HF9g-P5,,,,X 全窗基线 · 不参与实体赏罚,6870610,688,A168_HF9F_20260827_0900,2026-08-27 09:00:00
2026-05-02,149351693,1704,0,51.8914431010,49.2968709460,49.2968709460,1.0000000,1,1,0.50665070000000000,0.506650700000,0.9867858985152569,0.9867858985152569,0.9867858985152569,0E-17,ELIGIBLE,R03b_20260811_FULL_v1,L1_ELIGIBILITY,v2026-08-11,2026-03-21..2026-08-06,baccarat_bet02_101_all_pairs_incl_sentinel,round_win = game_pnl > 0 (decisive only),COMPATIBILITY_ONLY_NOT_PRODUCTION,44544.5453,40072.9644,167.8358,1016,882,-0.00376782,-0.25196217,0.00359216,-0.00376782,-167.8358,44544.5453,OK,0.0000,6.7134,4.0000,96.0000,AG03-UNRESOLVED,ALL5_LEVELS_bet23_to_bet27,6.7134,6.7134,8.3918,8.3918,8.3918,4.000000,4.000000,5.000000,5.000000,5.000000,96.000000,96.000000,95.000000,95.000000,95.000000,5.0,38.6022,35.2192,129.2336,132.6166,PENDING_AG03,FALSE,NOT_FOR_ENFORCEMENT,161.1224,38470.0458,167.8358,161.1224,6.7134,0.00376782,0.00361711,6.7134,161.1224,0.00361711,6.7134,6.7134,8.3918,8.3918,8.3918,161.1224,0.00361711,38.6022,35.2192,129.2336,132.6166,0.00290122,0.00297717,0.00015071,43.8431,45.4342,0.1903,6.9932,0.3858,1856.0227,36.7500,42.7628,43.8759,23.144,38.5733,57.0806,78.5279,103.7829,155.6743,31.1349,-5.1431,2.690537,4.035805,1.136617,24,140,35,5,0.02880006,0.00376782,0.25196217,0E-8,0.000000,0.899616,0.000000,-0.25555432,2026-04-30,2026-07-25,24,435,233,87,0.275862,0.974631,0.975362,0.096000,,,,,,,,GLOBAL_BASELINE_NO_ENTITY_RANKING,,,NOT_APPLICABLE_GLOBAL_BASELINE,HF9g-P5,,,,X 全窗基线 · 不参与实体赏罚,6870611,688,A168_HF9F_20260827_0900,2026-08-27 09:00:00
2026-05-02,149351693,1710,0,38.9185823258,36.9726532095,36.9726532095,1.0000000,1,1,0.50665070000000000,0.506650700000,0.9867858985152569,0.9867858985152569,0.9867858985152569,0E-17,ELIGIBLE,R03b_20260811_FULL_v1,L1_ELIGIBILITY,v2026-08-11,2026-03-21..2026-08-06,baccarat_bet02_101_all_pairs_incl_sentinel,round_win = game_pnl > 0 (decisive only),COMPATIBILITY_ONLY_NOT_PRODUCTION,44544.5453,40072.9644,167.8358,1016,882,-0.00376782,-0.25196217,0.00359216,-0.00376782,-167.8358,44544.5453,OK,0.0000,6.7134,4.0000,96.0000,AG03-UNRESOLVED,ALL5_LEVELS_bet23_to_bet27,6.7134,6.7134,8.3918,8.3918,8.3918,4.000000,4.000000,5.000000,5.000000,5.000000,96.000000,96.000000,95.000000,95.000000,95.000000,5.0,38.6022,35.2192,129.2336,132.6166,PENDING_AG03,FALSE,NOT_FOR_ENFORCEMENT,161.1224,38470.0458,167.8358,161.1224,6.7134,0.00376782,0.00361711,6.7134,161.1224,0.00361711,6.7134,6.7134,8.3918,8.3918,8.3918,161.1224,0.00361711,38.6022,35.2192,129.2336,132.6166,0.00290122,0.00297717,0.00015071,43.8431,45.4342,0.1903,6.9932,0.3858,1856.0227,36.7500,42.7628,43.8759,23.144,38.5733,57.0806,78.5279,103.7829,155.6743,31.1349,-5.1431,2.690537,4.035805,1.136617,24,140,35,5,0.02880006,0.00376782,0.25196217,0E-8,0.000000,0.899616,0.000000,-0.25555432,2026-04-30,2026-07-25,24,435,233,87,0.275862,0.974631,0.975362,0.096000,,,,,,,,GLOBAL_BASELINE_NO_ENTITY_RANKING,,,NOT_APPLICABLE_GLOBAL_BASELINE,HF9g-P5,,,,X 全窗基线 · 不参与实体赏罚,6870612,688,A168_HF9F_20260827_0900,2026-08-27 09:00:00
2026-05-02,149351693,1714,0,233.5114939545,-80.4317368065,-80.4317368065,0.2500000,5,5,0.50665070000000000,0.506650700000,-1.0266936290537745,-1.0266936290537745,-1.0266936290537745,0E-17,ELIGIBLE,R03b_20260811_FULL_v1,L1_ELIGIBILITY,v2026-08-11,2026-03-21..2026-08-06,baccarat_bet02_101_all_pairs_incl_sentinel,round_win = game_pnl > 0 (decisive only),COMPATIBILITY_ONLY_NOT_PRODUCTION,44544.5453,40072.9644,167.8358,1016,882,-0.00376782,-0.25196217,0.00359216,-0.00376782,-167.8358,44544.5453,OK,0.0000,6.7134,4.0000,96.0000,AG03-UNRESOLVED,ALL5_LEVELS_bet23_to_bet27,6.7134,6.7134,8.3918,8.3918,8.3918,4.000000,4.000000,5.000000,5.000000,5.000000,96.000000,96.000000,95.000000,95.000000,95.000000,5.0,38.6022,35.2192,129.2336,132.6166,PENDING_AG03,FALSE,NOT_FOR_ENFORCEMENT,161.1224,38470.0458,167.8358,161.1224,6.7134,0.00376782,0.00361711,6.7134,161.1224,0.00361711,6.7134,6.7134,8.3918,8.3918,8.3918,161.1224,0.00361711,38.6022,35.2192,129.2336,132.6166,0.00290122,0.00297717,0.00015071,43.8431,45.4342,0.1903,6.9932,0.3858,1856.0227,36.7500,42.7628,43.8759,23.144,38.5733,57.0806,78.5279,103.7829,155.6743,31.1349,-5.1431,2.690537,4.035805,1.136617,24,140,35,5,0.02880006,0.00376782,0.25196217,0E-8,0.000000,0.899616,0.000000,-0.25555432,2026-04-30,2026-07-25,24,435,233,87,0.275862,0.974631,0.975362,0.096000,,,,,,,,GLOBAL_BASELINE_NO_ENTITY_RANKING,,,NOT_APPLICABLE_GLOBAL_BASELINE,HF9g-P5,,,,X 全窗基线 · 不参与实体赏罚,6870613,688,A168_HF9F_20260827_0900,2026-08-27 09:00:00
2026-05-02,149351693,1935,0,145.2960406829,-89.6424679570,-89.6424679570,0.3333333,3,3,0.50665070000000000,0.506650700000,-0.6004420894325239,-0.6004420894325239,-0.6004420894325239,0E-17,ELIGIBLE,R03b_20260811_FULL_v1,L1_ELIGIBILITY,v2026-08-11,2026-03-21..2026-08-06,baccarat_bet02_101_all_pairs_incl_sentinel,round_win = game_pnl > 0 (decisive only),COMPATIBILITY_ONLY_NOT_PRODUCTION,44544.5453,40072.9644,167.8358,1016,882,-0.00376782,-0.25196217,0.00359216,-0.00376782,-167.8358,44544.5453,OK,0.0000,6.7134,4.0000,96.0000,AG03-UNRESOLVED,ALL5_LEVELS_bet23_to_bet27,6.7134,6.7134,8.3918,8.3918,8.3918,4.000000,4.000000,5.000000,5.000000,5.000000,96.000000,96.000000,95.000000,95.000000,95.000000,5.0,38.6022,35.2192,129.2336,132.6166,PENDING_AG03,FALSE,NOT_FOR_ENFORCEMENT,161.1224,38470.0458,167.8358,161.1224,6.7134,0.00376782,0.00361711,6.7134,161.1224,0.00361711,6.7134,6.7134,8.3918,8.3918,8.3918,161.1224,0.00361711,38.6022,35.2192,129.2336,132.6166,0.00290122,0.00297717,0.00015071,43.8431,45.4342,0.1903,6.9932,0.3858,1856.0227,36.7500,42.7628,43.8759,23.144,38.5733,57.0806,78.5279,103.7829,155.6743,31.1349,-5.1431,2.690537,4.035805,1.136617,24,140,35,5,0.02880006,0.00376782,0.25196217,0E-8,0.000000,0.899616,0.000000,-0.25555432,2026-04-30,2026-07-25,24,435,233,87,0.275862,0.974631,0.975362,0.096000,,,,,,,,GLOBAL_BASELINE_NO_ENTITY_RANKING,,,NOT_APPLICABLE_GLOBAL_BASELINE,HF9g-P5,,,,X 全窗基线 · 不参与实体赏罚,6870614,688,A168_HF9F_20260827_0900,2026-08-27 09:00:00
2026-05-02,149351693,2115,0,77.8371646516,-1.9459291163,-1.9459291163,0.5000000,2,2,0.50665070000000000,0.506650700000,-0.018812684590367487,-0.018812684590367487,-0.018812684590367487,0E-17,ELIGIBLE,R03b_20260811_FULL_v1,L1_ELIGIBILITY,v2026-08-11,2026-03-21..2026-08-06,baccarat_bet02_101_all_pairs_incl_sentinel,round_win = game_pnl > 0 (decisive only),COMPATIBILITY_ONLY_NOT_PRODUCTION,44544.5453,40072.9644,167.8358,1016,882,-0.00376782,-0.25196217,0.00359216,-0.00376782,-167.8358,44544.5453,OK,0.0000,6.7134,4.0000,96.0000,AG03-UNRESOLVED,ALL5_LEVELS_bet23_to_bet27,6.7134,6.7134,8.3918,8.3918,8.3918,4.000000,4.000000,5.000000,5.000000,5.000000,96.000000,96.000000,95.000000,95.000000,95.000000,5.0,38.6022,35.2192,129.2336,132.6166,PENDING_AG03,FALSE,NOT_FOR_ENFORCEMENT,161.1224,38470.0458,167.8358,161.1224,6.7134,0.00376782,0.00361711,6.7134,161.1224,0.00361711,6.7134,6.7134,8.3918,8.3918,8.3918,161.1224,0.00361711,38.6022,35.2192,129.2336,132.6166,0.00290122,0.00297717,0.00015071,43.8431,45.4342,0.1903,6.9932,0.3858,1856.0227,36.7500,42.7628,43.8759,23.144,38.5733,57.0806,78.5279,103.7829,155.6743,31.1349,-5.1431,2.690537,4.035805,1.136617,24,140,35,5,0.02880006,0.00376782,0.25196217,0E-8,0.000000,0.899616,0.000000,-0.25555432,2026-04-30,2026-07-25,24,435,233,87,0.275862,0.974631,0.975362,0.096000,,,,,,,,GLOBAL_BASELINE_NO_ENTITY_RANKING,,,NOT_APPLICABLE_GLOBAL_BASELINE,HF9g-P5,,,,X 全窗基线 · 不参与实体赏罚,6870615,688,A168_HF9F_20260827_0900,2026-08-27 09:00:00
2026-05-02,149351693,2117,0,51.8914431010,49.2968709460,49.2968709460,1.0000000,1,1,0.50665070000000000,0.506650700000,0.9867858985152569,0.9867858985152569,0.9867858985152569,0E-17,ELIGIBLE,R03b_20260811_FULL_v1,L1_ELIGIBILITY,v2026-08-11,2026-03-21..2026-08-06,baccarat_bet02_101_all_pairs_incl_sentinel,round_win = game_pnl > 0 (decisive only),COMPATIBILITY_ONLY_NOT_PRODUCTION,44544.5453,40072.9644,167.8358,1016,882,-0.00376782,-0.25196217,0.00359216,-0.00376782,-167.8358,44544.5453,OK,0.0000,6.7134,4.0000,96.0000,AG03-UNRESOLVED,ALL5_LEVELS_bet23_to_bet27,6.7134,6.7134,8.3918,8.3918,8.3918,4.000000,4.000000,5.000000,5.000000,5.000000,96.000000,96.000000,95.000000,95.000000,95.000000,5.0,38.6022,35.2192,129.2336,132.6166,PENDING_AG03,FALSE,NOT_FOR_ENFORCEMENT,161.1224,38470.0458,167.8358,161.1224,6.7134,0.00376782,0.00361711,6.7134,161.1224,0.00361711,6.7134,6.7134,8.3918,8.3918,8.3918,161.1224,0.00361711,38.6022,35.2192,129.2336,132.6166,0.00290122,0.00297717,0.00015071,43.8431,45.4342,0.1903,6.9932,0.3858,1856.0227,36.7500,42.7628,43.8759,23.144,38.5733,57.0806,78.5279,103.7829,155.6743,31.1349,-5.1431,2.690537,4.035805,1.136617,24,140,35,5,0.02880006,0.00376782,0.25196217,0E-8,0.000000,0.899616,0.000000,-0.25555432,2026-04-30,2026-07-25,24,435,233,87,0.275862,0.974631,0.975362,0.096000,,,,,,,,GLOBAL_BASELINE_NO_ENTITY_RANKING,,,NOT_APPLICABLE_GLOBAL_BASELINE,HF9g-P5,,,,X 全窗基线 · 不参与实体赏罚,6870616,688,A168_HF9F_20260827_0900,2026-08-27 09:00:00
2026-05-02,149351693,2130,0,77.8371646516,-1.9459291163,-1.9459291163,0.5000000,2,2,0.50665070000000000,0.506650700000,-0.018812684590367487,-0.018812684590367487,-0.018812684590367487,0E-17,ELIGIBLE,R03b_20260811_FULL_v1,L1_ELIGIBILITY,v2026-08-11,2026-03-21..2026-08-06,baccarat_bet02_101_all_pairs_incl_sentinel,round_win = game_pnl > 0 (decisive only),COMPATIBILITY_ONLY_NOT_PRODUCTION,44544.5453,40072.9644,167.8358,1016,882,-0.00376782,-0.25196217,0.00359216,-0.00376782,-167.8358,44544.5453,OK,0.0000,6.7134,4.0000,96.0000,AG03-UNRESOLVED,ALL5_LEVELS_bet23_to_bet27,6.7134,6.7134,8.3918,8.3918,8.3918,4.000000,4.000000,5.000000,5.000000,5.000000,96.000000,96.000000,95.000000,95.000000,95.000000,5.0,38.6022,35.2192,129.2336,132.6166,PENDING_AG03,FALSE,NOT_FOR_ENFORCEMENT,161.1224,38470.0458,167.8358,161.1224,6.7134,0.00376782,0.00361711,6.7134,161.1224,0.00361711,6.7134,6.7134,8.3918,8.3918,8.3918,161.1224,0.00361711,38.6022,35.2192,129.2336,132.6166,0.00290122,0.00297717,0.00015071,43.8431,45.4342,0.1903,6.9932,0.3858,1856.0227,36.7500,42.7628,43.8759,23.144,38.5733,57.0806,78.5279,103.7829,155.6743,31.1349,-5.1431,2.690537,4.035805,1.136617,24,140,35,5,0.02880006,0.00376782,0.25196217,0E-8,0.000000,0.899616,0.000000,-0.25555432,2026-04-30,2026-07-25,24,435,233,87,0.275862,0.974631,0.975362,0.096000,,,,,,,,GLOBAL_BASELINE_NO_ENTITY_RANKING,,,NOT_APPLICABLE_GLOBAL_BASELINE,HF9g-P5,,,,X 全窗基线 · 不参与实体赏罚,6870617,688,A168_HF9F_20260827_0900,2026-08-27 09:00:00
2026-05-02,149351693,2134,0,106.3774583571,103.1342431633,103.1342431633,1.0000000,3,3,0.50218230000000000,0.502182300000,1.724507524396475,1.7245075243964754,1.724507524396475,0E-17,ELIGIBLE,R03b_20260811_FULL_v1,L1_ELIGIBILITY,v2026-08-11,2026-03-21..2026-08-06,baccarat_bet02_101_all_pairs_incl_sentinel,round_win = game_pnl > 0 (decisive only),COMPATIBILITY_ONLY_NOT_PRODUCTION,44544.5453,40072.9644,167.8358,1016,882,-0.00376782,-0.25196217,0.00359216,-0.00376782,-167.8358,44544.5453,OK,0.0000,6.7134,4.0000,96.0000,AG03-UNRESOLVED,ALL5_LEVELS_bet23_to_bet27,6.7134,6.7134,8.3918,8.3918,8.3918,4.000000,4.000000,5.000000,5.000000,5.000000,96.000000,96.000000,95.000000,95.000000,95.000000,5.0,38.6022,35.2192,129.2336,132.6166,PENDING_AG03,FALSE,NOT_FOR_ENFORCEMENT,161.1224,38470.0458,167.8358,161.1224,6.7134,0.00376782,0.00361711,6.7134,161.1224,0.00361711,6.7134,6.7134,8.3918,8.3918,8.3918,161.1224,0.00361711,38.6022,35.2192,129.2336,132.6166,0.00290122,0.00297717,0.00015071,43.8431,45.4342,0.1903,6.9932,0.3858,1856.0227,36.7500,42.7628,43.8759,23.144,38.5733,57.0806,78.5279,103.7829,155.6743,31.1349,-5.1431,2.690537,4.035805,1.136617,24,140,35,5,0.02880006,0.00376782,0.25196217,0E-8,0.000000,0.899616,0.000000,-0.25555432,2026-04-30,2026-07-25,24,435,233,87,0.275862,0.974631,0.975362,0.096000,,,,,,,,GLOBAL_BASELINE_NO_ENTITY_RANKING,,,NOT_APPLICABLE_GLOBAL_BASELINE,HF9g-P5,,,,X 全窗基线 · 不参与实体赏罚,6870618,688,A168_HF9F_20260827_0900,2026-08-27 09:00:00
2026-05-02,149351693,2167,0,289.2947952881,-263.3490737376,-263.3490737376,0E-7,7,7,0.50090561428571429,0.500905614286,-2.453930353713337,-2.4539303537147394,-2.453930353713337,-2.8571E-13,ELIGIBLE,R03b_20260811_FULL_v1,L1_ELIGIBILITY,v2026-08-11,2026-03-21..2026-08-06,baccarat_bet02_101_all_pairs_incl_sentinel,round_win = game_pnl > 0 (decisive only),COMPATIBILITY_ONLY_NOT_PRODUCTION,44544.5453,40072.9644,167.8358,1016,882,-0.00376782,-0.25196217,0.00359216,-0.00376782,-167.8358,44544.5453,OK,0.0000,6.7134,4.0000,96.0000,AG03-UNRESOLVED,ALL5_LEVELS_bet23_to_bet27,6.7134,6.7134,8.3918,8.3918,8.3918,4.000000,4.000000,5.000000,5.000000,5.000000,96.000000,96.000000,95.000000,95.000000,95.000000,5.0,38.6022,35.2192,129.2336,132.6166,PENDING_AG03,FALSE,NOT_FOR_ENFORCEMENT,161.1224,38470.0458,167.8358,161.1224,6.7134,0.00376782,0.00361711,6.7134,161.1224,0.00361711,6.7134,6.7134,8.3918,8.3918,8.3918,161.1224,0.00361711,38.6022,35.2192,129.2336,132.6166,0.00290122,0.00297717,0.00015071,43.8431,45.4342,0.1903,6.9932,0.3858,1856.0227,36.7500,42.7628,43.8759,23.144,38.5733,57.0806,78.5279,103.7829,155.6743,31.1349,-5.1431,2.690537,4.035805,1.136617,24,140,35,5,0.02880006,0.00376782,0.25196217,0E-8,0.000000,0.899616,0.000000,-0.25555432,2026-04-30,2026-07-25,24,435,233,87,0.275862,0.974631,0.975362,0.096000,,,,,,,,GLOBAL_BASELINE_NO_ENTITY_RANKING,,,NOT_APPLICABLE_GLOBAL_BASELINE,HF9g-P5,,,,X 全窗基线 · 不参与实体赏罚,6870619,688,A168_HF9F_20260827_0900,2026-08-27 09:00:00
2026-05-02,149351693,2169,0,132.3231799076,125.7070209123,125.7070209123,1.0000000,3,3,0.50665070000000000,0.506650700000,1.7091633124209307,1.7091633124209307,1.7091633124209307,0E-17,ELIGIBLE,R03b_20260811_FULL_v1,L1_ELIGIBILITY,v2026-08-11,2026-03-21..2026-08-06,baccarat_bet02_101_all_pairs_incl_sentinel,round_win = game_pnl > 0 (decisive only),COMPATIBILITY_ONLY_NOT_PRODUCTION,44544.5453,40072.9644,167.8358,1016,882,-0.00376782,-0.25196217,0.00359216,-0.00376782,-167.8358,44544.5453,OK,0.0000,6.7134,4.0000,96.0000,AG03-UNRESOLVED,ALL5_LEVELS_bet23_to_bet27,6.7134,6.7134,8.3918,8.3918,8.3918,4.000000,4.000000,5.000000,5.000000,5.000000,96.000000,96.000000,95.000000,95.000000,95.000000,5.0,38.6022,35.2192,129.2336,132.6166,PENDING_AG03,FALSE,NOT_FOR_ENFORCEMENT,161.1224,38470.0458,167.8358,161.1224,6.7134,0.00376782,0.00361711,6.7134,161.1224,0.00361711,6.7134,6.7134,8.3918,8.3918,8.3918,161.1224,0.00361711,38.6022,35.2192,129.2336,132.6166,0.00290122,0.00297717,0.00015071,43.8431,45.4342,0.1903,6.9932,0.3858,1856.0227,36.7500,42.7628,43.8759,23.144,38.5733,57.0806,78.5279,103.7829,155.6743,31.1349,-5.1431,2.690537,4.035805,1.136617,24,140,35,5,0.02880006,0.00376782,0.25196217,0E-8,0.000000,0.899616,0.000000,-0.25555432,2026-04-30,2026-07-25,24,435,233,87,0.275862,0.974631,0.975362,0.096000,,,,,,,,GLOBAL_BASELINE_NO_ENTITY_RANKING,,,NOT_APPLICABLE_GLOBAL_BASELINE,HF9g-P5,,,,X 全窗基线 · 不参与实体赏罚,6870620,688,A168_HF9F_20260827_0900,2026-08-27 09:00:00
2026-05-02,149351693,2175,0,134.9177520627,-33.7294380157,-33.7294380157,0.3333333,3,3,0.50665070000000000,0.506650700000,-0.6004420894325239,-0.6004420894325239,-0.6004420894325239,0E-17,ELIGIBLE,R03b_20260811_FULL_v1,L1_ELIGIBILITY,v2026-08-11,2026-03-21..2026-08-06,baccarat_bet02_101_all_pairs_incl_sentinel,round_win = game_pnl > 0 (decisive only),COMPATIBILITY_ONLY_NOT_PRODUCTION,44544.5453,40072.9644,167.8358,1016,882,-0.00376782,-0.25196217,0.00359216,-0.00376782,-167.8358,44544.5453,OK,0.0000,6.7134,4.0000,96.0000,AG03-UNRESOLVED,ALL5_LEVELS_bet23_to_bet27,6.7134,6.7134,8.3918,8.3918,8.3918,4.000000,4.000000,5.000000,5.000000,5.000000,96.000000,96.000000,95.000000,95.000000,95.000000,5.0,38.6022,35.2192,129.2336,132.6166,PENDING_AG03,FALSE,NOT_FOR_ENFORCEMENT,161.1224,38470.0458,167.8358,161.1224,6.7134,0.00376782,0.00361711,6.7134,161.1224,0.00361711,6.7134,6.7134,8.3918,8.3918,8.3918,161.1224,0.00361711,38.6022,35.2192,129.2336,132.6166,0.00290122,0.00297717,0.00015071,43.8431,45.4342,0.1903,6.9932,0.3858,1856.0227,36.7500,42.7628,43.8759,23.144,38.5733,57.0806,78.5279,103.7829,155.6743,31.1349,-5.1431,2.690537,4.035805,1.136617,24,140,35,5,0.02880006,0.00376782,0.25196217,0E-8,0.000000,0.899616,0.000000,-0.25555432,2026-04-30,2026-07-25,24,435,233,87,0.275862,0.974631,0.975362,0.096000,,,,,,,,GLOBAL_BASELINE_NO_ENTITY_RANKING,,,NOT_APPLICABLE_GLOBAL_BASELINE,HF9g-P5,,,,X 全窗基线 · 不参与实体赏罚,6870621,688,A168_HF9F_20260827_0900,2026-08-27 09:00:00
2026-05-02,149351693,2188,0,51.8914431010,25.9457215505,25.9457215505,1.0000000,2,2,0.49324550000000000,0.493245500000,1.01360149184955,1.01360149184955,1.01360149184955,0E-17,ELIGIBLE,R03b_20260811_FULL_v1,L1_ELIGIBILITY,v2026-08-11,2026-03-21..2026-08-06,baccarat_bet02_101_all_pairs_incl_sentinel,round_win = game_pnl > 0 (decisive only),COMPATIBILITY_ONLY_NOT_PRODUCTION,44544.5453,40072.9644,167.8358,1016,882,-0.00376782,-0.25196217,0.00359216,-0.00376782,-167.8358,44544.5453,OK,0.0000,6.7134,4.0000,96.0000,AG03-UNRESOLVED,ALL5_LEVELS_bet23_to_bet27,6.7134,6.7134,8.3918,8.3918,8.3918,4.000000,4.000000,5.000000,5.000000,5.000000,96.000000,96.000000,95.000000,95.000000,95.000000,5.0,38.6022,35.2192,129.2336,132.6166,PENDING_AG03,FALSE,NOT_FOR_ENFORCEMENT,161.1224,38470.0458,167.8358,161.1224,6.7134,0.00376782,0.00361711,6.7134,161.1224,0.00361711,6.7134,6.7134,8.3918,8.3918,8.3918,161.1224,0.00361711,38.6022,35.2192,129.2336,132.6166,0.00290122,0.00297717,0.00015071,43.8431,45.4342,0.1903,6.9932,0.3858,1856.0227,36.7500,42.7628,43.8759,23.144,38.5733,57.0806,78.5279,103.7829,155.6743,31.1349,-5.1431,2.690537,4.035805,1.136617,24,140,35,5,0.02880006,0.00376782,0.25196217,0E-8,0.000000,0.899616,0.000000,-0.25555432,2026-04-30,2026-07-25,24,435,233,87,0.275862,0.974631,0.975362,0.096000,,,,,,,,GLOBAL_BASELINE_NO_ENTITY_RANKING,,,NOT_APPLICABLE_GLOBAL_BASELINE,HF9g-P5,,,,X 全窗基线 · 不参与实体赏罚,6870622,688,A168_HF9F_20260827_0900,2026-08-27 09:00:00
2026-05-02,149351693,2205,0,116.7557469773,10.3782886202,10.3782886202,0.5000000,3,3,0.50665070000000000,0.506650700000,-0.018812684590367487,-0.018812684590367487,-0.018812684590367487,0E-17,ELIGIBLE,R03b_20260811_FULL_v1,L1_ELIGIBILITY,v2026-08-11,2026-03-21..2026-08-06,baccarat_bet02_101_all_pairs_incl_sentinel,round_win = game_pnl > 0 (decisive only),COMPATIBILITY_ONLY_NOT_PRODUCTION,44544.5453,40072.9644,167.8358,1016,882,-0.00376782,-0.25196217,0.00359216,-0.00376782,-167.8358,44544.5453,OK,0.0000,6.7134,4.0000,96.0000,AG03-UNRESOLVED,ALL5_LEVELS_bet23_to_bet27,6.7134,6.7134,8.3918,8.3918,8.3918,4.000000,4.000000,5.000000,5.000000,5.000000,96.000000,96.000000,95.000000,95.000000,95.000000,5.0,38.6022,35.2192,129.2336,132.6166,PENDING_AG03,FALSE,NOT_FOR_ENFORCEMENT,161.1224,38470.0458,167.8358,161.1224,6.7134,0.00376782,0.00361711,6.7134,161.1224,0.00361711,6.7134,6.7134,8.3918,8.3918,8.3918,161.1224,0.00361711,38.6022,35.2192,129.2336,132.6166,0.00290122,0.00297717,0.00015071,43.8431,45.4342,0.1903,6.9932,0.3858,1856.0227,36.7500,42.7628,43.8759,23.144,38.5733,57.0806,78.5279,103.7829,155.6743,31.1349,-5.1431,2.690537,4.035805,1.136617,24,140,35,5,0.02880006,0.00376782,0.25196217,0E-8,0.000000,0.899616,0.000000,-0.25555432,2026-04-30,2026-07-25,24,435,233,87,0.275862,0.974631,0.975362,0.096000,,,,,,,,GLOBAL_BASELINE_NO_ENTITY_RANKING,,,NOT_APPLICABLE_GLOBAL_BASELINE,HF9g-P5,,,,X 全窗基线 · 不参与实体赏罚,6870623,688,A168_HF9F_20260827_0900,2026-08-27 09:00:00
2026-05-02,149351693,2209,0,38.9185823258,36.9726532095,36.9726532095,1.0000000,1,1,0.50665070000000000,0.506650700000,0.9867858985152569,0.9867858985152569,0.9867858985152569,0E-17,ELIGIBLE,R03b_20260811_FULL_v1,L1_ELIGIBILITY,v2026-08-11,2026-03-21..2026-08-06,baccarat_bet02_101_all_pairs_incl_sentinel,round_win = game_pnl > 0 (decisive only),COMPATIBILITY_ONLY_NOT_PRODUCTION,44544.5453,40072.9644,167.8358,1016,882,-0.00376782,-0.25196217,0.00359216,-0.00376782,-167.8358,44544.5453,OK,0.0000,6.7134,4.0000,96.0000,AG03-UNRESOLVED,ALL5_LEVELS_bet23_to_bet27,6.7134,6.7134,8.3918,8.3918,8.3918,4.000000,4.000000,5.000000,5.000000,5.000000,96.000000,96.000000,95.000000,95.000000,95.000000,5.0,38.6022,35.2192,129.2336,132.6166,PENDING_AG03,FALSE,NOT_FOR_ENFORCEMENT,161.1224,38470.0458,167.8358,161.1224,6.7134,0.00376782,0.00361711,6.7134,161.1224,0.00361711,6.7134,6.7134,8.3918,8.3918,8.3918,161.1224,0.00361711,38.6022,35.2192,129.2336,132.6166,0.00290122,0.00297717,0.00015071,43.8431,45.4342,0.1903,6.9932,0.3858,1856.0227,36.7500,42.7628,43.8759,23.144,38.5733,57.0806,78.5279,103.7829,155.6743,31.1349,-5.1431,2.690537,4.035805,1.136617,24,140,35,5,0.02880006,0.00376782,0.25196217,0E-8,0.000000,0.899616,0.000000,-0.25555432,2026-04-30,2026-07-25,24,435,233,87,0.275862,0.974631,0.975362,0.096000,,,,,,,,GLOBAL_BASELINE_NO_ENTITY_RANKING,,,NOT_APPLICABLE_GLOBAL_BASELINE,HF9g-P5,,,,X 全窗基线 · 不参与实体赏罚,6870624,688,A168_HF9F_20260827_0900,2026-08-27 09:00:00
2026-05-02,149351693,2220,0,394.3749675677,-4.7999584867,-4.7999584867,0.6666667,7,6,0.50590596666666667,0.505533600000,0.7876183182524829,0.7894359357345216,0.7876183182524829,0.00037236666666667,ELIGIBLE,R03b_20260811_FULL_v1,L1_ELIGIBILITY,v2026-08-11,2026-03-21..2026-08-06,baccarat_bet02_101_all_pairs_incl_sentinel,round_win = game_pnl > 0 (decisive only),COMPATIBILITY_ONLY_NOT_PRODUCTION,44544.5453,40072.9644,167.8358,1016,882,-0.00376782,-0.25196217,0.00359216,-0.00376782,-167.8358,44544.5453,OK,0.0000,6.7134,4.0000,96.0000,AG03-UNRESOLVED,ALL5_LEVELS_bet23_to_bet27,6.7134,6.7134,8.3918,8.3918,8.3918,4.000000,4.000000,5.000000,5.000000,5.000000,96.000000,96.000000,95.000000,95.000000,95.000000,5.0,38.6022,35.2192,129.2336,132.6166,PENDING_AG03,FALSE,NOT_FOR_ENFORCEMENT,161.1224,38470.0458,167.8358,161.1224,6.7134,0.00376782,0.00361711,6.7134,161.1224,0.00361711,6.7134,6.7134,8.3918,8.3918,8.3918,161.1224,0.00361711,38.6022,35.2192,129.2336,132.6166,0.00290122,0.00297717,0.00015071,43.8431,45.4342,0.1903,6.9932,0.3858,1856.0227,36.7500,42.7628,43.8759,23.144,38.5733,57.0806,78.5279,103.7829,155.6743,31.1349,-5.1431,2.690537,4.035805,1.136617,24,140,35,5,0.02880006,0.00376782,0.25196217,0E-8,0.000000,0.899616,0.000000,-0.25555432,2026-04-30,2026-07-25,24,435,233,87,0.275862,0.974631,0.975362,0.096000,,,,,,,,GLOBAL_BASELINE_NO_ENTITY_RANKING,,,NOT_APPLICABLE_GLOBAL_BASELINE,HF9g-P5,,,,X 全窗基线 · 不参与实体赏罚,6870625,688,A168_HF9F_20260827_0900,2026-08-27 09:00:00
2026-05-02,149351693,2233,0,313.6837735457,-228.1796481759,-228.1796481759,0.2857143,7,7,0.50665070000000000,0.506650700000,-1.169189050789051,-1.169189050789051,-1.169189050789051,0E-17,ELIGIBLE,R03b_20260811_FULL_v1,L1_ELIGIBILITY,v2026-08-11,2026-03-21..2026-08-06,baccarat_bet02_101_all_pairs_incl_sentinel,round_win = game_pnl > 0 (decisive only),COMPATIBILITY_ONLY_NOT_PRODUCTION,44544.5453,40072.9644,167.8358,1016,882,-0.00376782,-0.25196217,0.00359216,-0.00376782,-167.8358,44544.5453,OK,0.0000,6.7134,4.0000,96.0000,AG03-UNRESOLVED,ALL5_LEVELS_bet23_to_bet27,6.7134,6.7134,8.3918,8.3918,8.3918,4.000000,4.000000,5.000000,5.000000,5.000000,96.000000,96.000000,95.000000,95.000000,95.000000,5.0,38.6022,35.2192,129.2336,132.6166,PENDING_AG03,FALSE,NOT_FOR_ENFORCEMENT,161.1224,38470.0458,167.8358,161.1224,6.7134,0.00376782,0.00361711,6.7134,161.1224,0.00361711,6.7134,6.7134,8.3918,8.3918,8.3918,161.1224,0.00361711,38.6022,35.2192,129.2336,132.6166,0.00290122,0.00297717,0.00015071,43.8431,45.4342,0.1903,6.9932,0.3858,1856.0227,36.7500,42.7628,43.8759,23.144,38.5733,57.0806,78.5279,103.7829,155.6743,31.1349,-5.1431,2.690537,4.035805,1.136617,24,140,35,5,0.02880006,0.00376782,0.25196217,0E-8,0.000000,0.899616,0.000000,-0.25555432,2026-04-30,2026-07-25,24,435,233,87,0.275862,0.974631,0.975362,0.096000,,,,,,,,GLOBAL_BASELINE_NO_ENTITY_RANKING,,,NOT_APPLICABLE_GLOBAL_BASELINE,HF9g-P5,,,,X 全窗基线 · 不参与实体赏罚,6870626,688,A168_HF9F_20260827_0900,2026-08-27 09:00:00
2026-05-02,149351693,2235,0,77.8371646515,77.8371646515,77.8371646515,1.0000000,1,1,0.49324550000000000,0.493245500000,1.01360149184955,1.01360149184955,1.01360149184955,0E-17,ELIGIBLE,R03b_20260811_FULL_v1,L1_ELIGIBILITY,v2026-08-11,2026-03-21..2026-08-06,baccarat_bet02_101_all_pairs_incl_sentinel,round_win = game_pnl > 0 (decisive only),COMPATIBILITY_ONLY_NOT_PRODUCTION,44544.5453,40072.9644,167.8358,1016,882,-0.00376782,-0.25196217,0.00359216,-0.00376782,-167.8358,44544.5453,OK,0.0000,6.7134,4.0000,96.0000,AG03-UNRESOLVED,ALL5_LEVELS_bet23_to_bet27,6.7134,6.7134,8.3918,8.3918,8.3918,4.000000,4.000000,5.000000,5.000000,5.000000,96.000000,96.000000,95.000000,95.000000,95.000000,5.0,38.6022,35.2192,129.2336,132.6166,PENDING_AG03,FALSE,NOT_FOR_ENFORCEMENT,161.1224,38470.0458,167.8358,161.1224,6.7134,0.00376782,0.00361711,6.7134,161.1224,0.00361711,6.7134,6.7134,8.3918,8.3918,8.3918,161.1224,0.00361711,38.6022,35.2192,129.2336,132.6166,0.00290122,0.00297717,0.00015071,43.8431,45.4342,0.1903,6.9932,0.3858,1856.0227,36.7500,42.7628,43.8759,23.144,38.5733,57.0806,78.5279,103.7829,155.6743,31.1349,-5.1431,2.690537,4.035805,1.136617,24,140,35,5,0.02880006,0.00376782,0.25196217,0E-8,0.000000,0.899616,0.000000,-0.25555432,2026-04-30,2026-07-25,24,435,233,87,0.275862,0.974631,0.975362,0.096000,,,,,,,,GLOBAL_BASELINE_NO_ENTITY_RANKING,,,NOT_APPLICABLE_GLOBAL_BASELINE,HF9g-P5,,,,X 全窗基线 · 不参与实体赏罚,6870627,688,A168_HF9F_20260827_0900,2026-08-27 09:00:00
2026-05-02,149351693,2241,0,202.3766280940,-34.1186238389,-34.1186238389,0.5000000,5,5,0.50665070000000000,0.506650700000,-0.02660515369234503,-0.02660515369234503,-0.02660515369234503,0E-17,ELIGIBLE,R03b_20260811_FULL_v1,L1_ELIGIBILITY,v2026-08-11,2026-03-21..2026-08-06,baccarat_bet02_101_all_pairs_incl_sentinel,round_win = game_pnl > 0 (decisive only),COMPATIBILITY_ONLY_NOT_PRODUCTION,44544.5453,40072.9644,167.8358,1016,882,-0.00376782,-0.25196217,0.00359216,-0.00376782,-167.8358,44544.5453,OK,0.0000,6.7134,4.0000,96.0000,AG03-UNRESOLVED,ALL5_LEVELS_bet23_to_bet27,6.7134,6.7134,8.3918,8.3918,8.3918,4.000000,4.000000,5.000000,5.000000,5.000000,96.000000,96.000000,95.000000,95.000000,95.000000,5.0,38.6022,35.2192,129.2336,132.6166,PENDING_AG03,FALSE,NOT_FOR_ENFORCEMENT,161.1224,38470.0458,167.8358,161.1224,6.7134,0.00376782,0.00361711,6.7134,161.1224,0.00361711,6.7134,6.7134,8.3918,8.3918,8.3918,161.1224,0.00361711,38.6022,35.2192,129.2336,132.6166,0.00290122,0.00297717,0.00015071,43.8431,45.4342,0.1903,6.9932,0.3858,1856.0227,36.7500,42.7628,43.8759,23.144,38.5733,57.0806,78.5279,103.7829,155.6743,31.1349,-5.1431,2.690537,4.035805,1.136617,24,140,35,5,0.02880006,0.00376782,0.25196217,0E-8,0.000000,0.899616,0.000000,-0.25555432,2026-04-30,2026-07-25,24,435,233,87,0.275862,0.974631,0.975362,0.096000,,,,,,,,GLOBAL_BASELINE_NO_ENTITY_RANKING,,,NOT_APPLICABLE_GLOBAL_BASELINE,HF9g-P5,,,,X 全窗基线 · 不参与实体赏罚,6870628,688,A168_HF9F_20260827_0900,2026-08-27 09:00:00
2026-05-02,149351693,2246,0,88.2154532717,33.2105235847,33.2105235847,0.6666667,3,3,0.50665070000000000,0.506650700000,0.5543606114942035,0.5543606114942035,0.5543606114942035,0E-17,ELIGIBLE,R03b_20260811_FULL_v1,L1_ELIGIBILITY,v2026-08-11,2026-03-21..2026-08-06,baccarat_bet02_101_all_pairs_incl_sentinel,round_win = game_pnl > 0 (decisive only),COMPATIBILITY_ONLY_NOT_PRODUCTION,44544.5453,40072.9644,167.8358,1016,882,-0.00376782,-0.25196217,0.00359216,-0.00376782,-167.8358,44544.5453,OK,0.0000,6.7134,4.0000,96.0000,AG03-UNRESOLVED,ALL5_LEVELS_bet23_to_bet27,6.7134,6.7134,8.3918,8.3918,8.3918,4.000000,4.000000,5.000000,5.000000,5.000000,96.000000,96.000000,95.000000,95.000000,95.000000,5.0,38.6022,35.2192,129.2336,132.6166,PENDING_AG03,FALSE,NOT_FOR_ENFORCEMENT,161.1224,38470.0458,167.8358,161.1224,6.7134,0.00376782,0.00361711,6.7134,161.1224,0.00361711,6.7134,6.7134,8.3918,8.3918,8.3918,161.1224,0.00361711,38.6022,35.2192,129.2336,132.6166,0.00290122,0.00297717,0.00015071,43.8431,45.4342,0.1903,6.9932,0.3858,1856.0227,36.7500,42.7628,43.8759,23.144,38.5733,57.0806,78.5279,103.7829,155.6743,31.1349,-5.1431,2.690537,4.035805,1.136617,24,140,35,5,0.02880006,0.00376782,0.25196217,0E-8,0.000000,0.899616,0.000000,-0.25555432,2026-04-30,2026-07-25,24,435,233,87,0.275862,0.974631,0.975362,0.096000,,,,,,,,GLOBAL_BASELINE_NO_ENTITY_RANKING,,,NOT_APPLICABLE_GLOBAL_BASELINE,HF9g-P5,,,,X 全窗基线 · 不参与实体赏罚,6870629,688,A168_HF9F_20260827_0900,2026-08-27 09:00:00
2026-05-02,149351693,2248,0,64.8643038763,-64.8643038763,-64.8643038763,0E-7,1,1,0.50665070000000000,0.506650700000,-1.013391052207602,-1.013391052207602,-1.013391052207602,0E-17,ELIGIBLE,R03b_20260811_FULL_v1,L1_ELIGIBILITY,v2026-08-11,2026-03-21..2026-08-06,baccarat_bet02_101_all_pairs_incl_sentinel,round_win = game_pnl > 0 (decisive only),COMPATIBILITY_ONLY_NOT_PRODUCTION,44544.5453,40072.9644,167.8358,1016,882,-0.00376782,-0.25196217,0.00359216,-0.00376782,-167.8358,44544.5453,OK,0.0000,6.7134,4.0000,96.0000,AG03-UNRESOLVED,ALL5_LEVELS_bet23_to_bet27,6.7134,6.7134,8.3918,8.3918,8.3918,4.000000,4.000000,5.000000,5.000000,5.000000,96.000000,96.000000,95.000000,95.000000,95.000000,5.0,38.6022,35.2192,129.2336,132.6166,PENDING_AG03,FALSE,NOT_FOR_ENFORCEMENT,161.1224,38470.0458,167.8358,161.1224,6.7134,0.00376782,0.00361711,6.7134,161.1224,0.00361711,6.7134,6.7134,8.3918,8.3918,8.3918,161.1224,0.00361711,38.6022,35.2192,129.2336,132.6166,0.00290122,0.00297717,0.00015071,43.8431,45.4342,0.1903,6.9932,0.3858,1856.0227,36.7500,42.7628,43.8759,23.144,38.5733,57.0806,78.5279,103.7829,155.6743,31.1349,-5.1431,2.690537,4.035805,1.136617,24,140,35,5,0.02880006,0.00376782,0.25196217,0E-8,0.000000,0.899616,0.000000,-0.25555432,2026-04-30,2026-07-25,24,435,233,87,0.275862,0.974631,0.975362,0.096000,,,,,,,,GLOBAL_BASELINE_NO_ENTITY_RANKING,,,NOT_APPLICABLE_GLOBAL_BASELINE,HF9g-P5,,,,X 全窗基线 · 不参与实体赏罚,6870630,688,A168_HF9F_20260827_0900,2026-08-27 09:00:00
2026-05-02,149351693,2250,0,93.4045975818,17.9025478699,17.9025478699,0.6666667,3,3,0.50665070000000000,0.506650700000,0.5543606114942035,0.5543606114942035,0.5543606114942035,0E-17,ELIGIBLE,R03b_20260811_FULL_v1,L1_ELIGIBILITY,v2026-08-11,2026-03-21..2026-08-06,baccarat_bet02_101_all_pairs_incl_sentinel,round_win = game_pnl > 0 (decisive only),COMPATIBILITY_ONLY_NOT_PRODUCTION,44544.5453,40072.9644,167.8358,1016,882,-0.00376782,-0.25196217,0.00359216,-0.00376782,-167.8358,44544.5453,OK,0.0000,6.7134,4.0000,96.0000,AG03-UNRESOLVED,ALL5_LEVELS_bet23_to_bet27,6.7134,6.7134,8.3918,8.3918,8.3918,4.000000,4.000000,5.000000,5.000000,5.000000,96.000000,96.000000,95.000000,95.000000,95.000000,5.0,38.6022,35.2192,129.2336,132.6166,PENDING_AG03,FALSE,NOT_FOR_ENFORCEMENT,161.1224,38470.0458,167.8358,161.1224,6.7134,0.00376782,0.00361711,6.7134,161.1224,0.00361711,6.7134,6.7134,8.3918,8.3918,8.3918,161.1224,0.00361711,38.6022,35.2192,129.2336,132.6166,0.00290122,0.00297717,0.00015071,43.8431,45.4342,0.1903,6.9932,0.3858,1856.0227,36.7500,42.7628,43.8759,23.144,38.5733,57.0806,78.5279,103.7829,155.6743,31.1349,-5.1431,2.690537,4.035805,1.136617,24,140,35,5,0.02880006,0.00376782,0.25196217,0E-8,0.000000,0.899616,0.000000,-0.25555432,2026-04-30,2026-07-25,24,435,233,87,0.275862,0.974631,0.975362,0.096000,,,,,,,,GLOBAL_BASELINE_NO_ENTITY_RANKING,,,NOT_APPLICABLE_GLOBAL_BASELINE,HF9g-P5,,,,X 全窗基线 · 不参与实体赏罚,6870631,688,A168_HF9F_20260827_0900,2026-08-27 09:00:00
2026-05-02,149351693,2267,0,25.9457215505,24.6484354730,24.6484354730,1.0000000,1,1,0.50665070000000000,0.506650700000,0.9867858985152569,0.9867858985152569,0.9867858985152569,0E-17,ELIGIBLE,R03b_20260811_FULL_v1,L1_ELIGIBILITY,v2026-08-11,2026-03-21..2026-08-06,baccarat_bet02_101_all_pairs_incl_sentinel,round_win = game_pnl > 0 (decisive only),COMPATIBILITY_ONLY_NOT_PRODUCTION,44544.5453,40072.9644,167.8358,1016,882,-0.00376782,-0.25196217,0.00359216,-0.00376782,-167.8358,44544.5453,OK,0.0000,6.7134,4.0000,96.0000,AG03-UNRESOLVED,ALL5_LEVELS_bet23_to_bet27,6.7134,6.7134,8.3918,8.3918,8.3918,4.000000,4.000000,5.000000,5.000000,5.000000,96.000000,96.000000,95.000000,95.000000,95.000000,5.0,38.6022,35.2192,129.2336,132.6166,PENDING_AG03,FALSE,NOT_FOR_ENFORCEMENT,161.1224,38470.0458,167.8358,161.1224,6.7134,0.00376782,0.00361711,6.7134,161.1224,0.00361711,6.7134,6.7134,8.3918,8.3918,8.3918,161.1224,0.00361711,38.6022,35.2192,129.2336,132.6166,0.00290122,0.00297717,0.00015071,43.8431,45.4342,0.1903,6.9932,0.3858,1856.0227,36.7500,42.7628,43.8759,23.144,38.5733,57.0806,78.5279,103.7829,155.6743,31.1349,-5.1431,2.690537,4.035805,1.136617,24,140,35,5,0.02880006,0.00376782,0.25196217,0E-8,0.000000,0.899616,0.000000,-0.25555432,2026-04-30,2026-07-25,24,435,233,87,0.275862,0.974631,0.975362,0.096000,,,,,,,,GLOBAL_BASELINE_NO_ENTITY_RANKING,,,NOT_APPLICABLE_GLOBAL_BASELINE,HF9g-P5,,,,X 全窗基线 · 不参与实体赏罚,6870632,688,A168_HF9F_20260827_0900,2026-08-27 09:00:00
2026-05-02,149351693,529,0,25.9457215505,-25.9457215505,-25.9457215505,0E-7,1,1,0.50665070000000000,0.506650700000,-1.013391052207602,-1.013391052207602,-1.013391052207602,0E-17,ELIGIBLE,R03b_20260811_FULL_v1,L1_ELIGIBILITY,v2026-08-11,2026-03-21..2026-08-06,baccarat_bet02_101_all_pairs_incl_sentinel,round_win = game_pnl > 0 (decisive only),COMPATIBILITY_ONLY_NOT_PRODUCTION,44544.5453,40072.9644,167.8358,1016,882,-0.00376782,-0.25196217,0.00359216,-0.00376782,-167.8358,44544.5453,OK,0.0000,6.7134,4.0000,96.0000,AG03-UNRESOLVED,ALL5_LEVELS_bet23_to_bet27,6.7134,6.7134,8.3918,8.3918,8.3918,4.000000,4.000000,5.000000,5.000000,5.000000,96.000000,96.000000,95.000000,95.000000,95.000000,5.0,38.6022,35.2192,129.2336,132.6166,PENDING_AG03,FALSE,NOT_FOR_ENFORCEMENT,161.1224,38470.0458,167.8358,161.1224,6.7134,0.00376782,0.00361711,6.7134,161.1224,0.00361711,6.7134,6.7134,8.3918,8.3918,8.3918,161.1224,0.00361711,38.6022,35.2192,129.2336,132.6166,0.00290122,0.00297717,0.00015071,43.8431,45.4342,0.1903,6.9932,0.3858,1856.0227,36.7500,42.7628,43.8759,23.144,38.5733,57.0806,78.5279,103.7829,155.6743,31.1349,-5.1431,2.690537,4.035805,1.136617,24,140,35,5,0.02880006,0.00376782,0.25196217,0E-8,0.000000,0.899616,0.000000,-0.25555432,2026-04-30,2026-07-25,24,435,233,87,0.275862,0.974631,0.975362,0.096000,,,,,,,,GLOBAL_BASELINE_NO_ENTITY_RANKING,,,NOT_APPLICABLE_GLOBAL_BASELINE,HF9g-P5,,,,X 全窗基线 · 不参与实体赏罚,6870633,688,A168_HF9F_20260827_0900,2026-08-27 09:00:00
2026-05-02,149351693,772,0,77.8371646515,-77.8371646515,-77.8371646515,0E-7,2,2,0.50665070000000000,0.506650700000,-1.4331513700195317,-1.4331513700195317,-1.4331513700195317,0E-17,ELIGIBLE,R03b_20260811_FULL_v1,L1_ELIGIBILITY,v2026-08-11,2026-03-21..2026-08-06,baccarat_bet02_101_all_pairs_incl_sentinel,round_win = game_pnl > 0 (decisive only),COMPATIBILITY_ONLY_NOT_PRODUCTION,44544.5453,40072.9644,167.8358,1016,882,-0.00376782,-0.25196217,0.00359216,-0.00376782,-167.8358,44544.5453,OK,0.0000,6.7134,4.0000,96.0000,AG03-UNRESOLVED,ALL5_LEVELS_bet23_to_bet27,6.7134,6.7134,8.3918,8.3918,8.3918,4.000000,4.000000,5.000000,5.000000,5.000000,96.000000,96.000000,95.000000,95.000000,95.000000,5.0,38.6022,35.2192,129.2336,132.6166,PENDING_AG03,FALSE,NOT_FOR_ENFORCEMENT,161.1224,38470.0458,167.8358,161.1224,6.7134,0.00376782,0.00361711,6.7134,161.1224,0.00361711,6.7134,6.7134,8.3918,8.3918,8.3918,161.1224,0.00361711,38.6022,35.2192,129.2336,132.6166,0.00290122,0.00297717,0.00015071,43.8431,45.4342,0.1903,6.9932,0.3858,1856.0227,36.7500,42.7628,43.8759,23.144,38.5733,57.0806,78.5279,103.7829,155.6743,31.1349,-5.1431,2.690537,4.035805,1.136617,24,140,35,5,0.02880006,0.00376782,0.25196217,0E-8,0.000000,0.899616,0.000000,-0.25555432,2026-04-30,2026-07-25,24,435,233,87,0.275862,0.974631,0.975362,0.096000,,,,,,,,GLOBAL_BASELINE_NO_ENTITY_RANKING,,,NOT_APPLICABLE_GLOBAL_BASELINE,HF9g-P5,,,,X 全窗基线 · 不参与实体赏罚,6870634,688,A168_HF9F_20260827_0900,2026-08-27 09:00:00
2026-05-05,149351693,2222,0,46.7022987910,-21.4052202792,-21.4052202792,0.3333333,3,3,0.50665070000000000,0.506650700000,-0.6004420894325239,-0.6004420894325239,-0.6004420894325239,0E-17,ELIGIBLE,R03b_20260811_FULL_v1,L1_ELIGIBILITY,v2026-08-11,2026-03-21..2026-08-06,baccarat_bet02_101_all_pairs_incl_sentinel,round_win = game_pnl > 0 (decisive only),COMPATIBILITY_ONLY_NOT_PRODUCTION,44544.5453,40072.9644,167.8358,1016,882,-0.00376782,-0.25196217,0.00359216,-0.00376782,-167.8358,44544.5453,OK,0.0000,6.7134,4.0000,96.0000,AG03-UNRESOLVED,ALL5_LEVELS_bet23_to_bet27,6.7134,6.7134,8.3918,8.3918,8.3918,4.000000,4.000000,5.000000,5.000000,5.000000,96.000000,96.000000,95.000000,95.000000,95.000000,5.0,38.6022,35.2192,129.2336,132.6166,PENDING_AG03,FALSE,NOT_FOR_ENFORCEMENT,161.1224,38470.0458,167.8358,161.1224,6.7134,0.00376782,0.00361711,6.7134,161.1224,0.00361711,6.7134,6.7134,8.3918,8.3918,8.3918,161.1224,0.00361711,38.6022,35.2192,129.2336,132.6166,0.00290122,0.00297717,0.00015071,43.8431,45.4342,0.1903,6.9932,0.3858,1856.0227,36.7500,42.7628,43.8759,23.144,38.5733,57.0806,78.5279,103.7829,155.6743,31.1349,-5.1431,2.690537,4.035805,1.136617,24,140,35,5,0.02880006,0.00376782,0.25196217,0E-8,0.000000,0.899616,0.000000,-0.25555432,2026-04-30,2026-07-25,24,435,233,87,0.275862,0.974631,0.975362,0.096000,,,,,,,,GLOBAL_BASELINE_NO_ENTITY_RANKING,,,NOT_APPLICABLE_GLOBAL_BASELINE,HF9g-P5,,,,X 全窗基线 · 不参与实体赏罚,6870635,688,A168_HF9F_20260827_0900,2026-08-27 09:00:00
2026-05-05,149351693,2234,0,35.0267240932,-35.0267240932,-35.0267240932,0E-7,1,1,0.50665070000000000,0.506650700000,-1.013391052207602,-1.013391052207602,-1.013391052207602,0E-17,ELIGIBLE,R03b_20260811_FULL_v1,L1_ELIGIBILITY,v2026-08-11,2026-03-21..2026-08-06,baccarat_bet02_101_all_pairs_incl_sentinel,round_win = game_pnl > 0 (decisive only),COMPATIBILITY_ONLY_NOT_PRODUCTION,44544.5453,40072.9644,167.8358,1016,882,-0.00376782,-0.25196217,0.00359216,-0.00376782,-167.8358,44544.5453,OK,0.0000,6.7134,4.0000,96.0000,AG03-UNRESOLVED,ALL5_LEVELS_bet23_to_bet27,6.7134,6.7134,8.3918,8.3918,8.3918,4.000000,4.000000,5.000000,5.000000,5.000000,96.000000,96.000000,95.000000,95.000000,95.000000,5.0,38.6022,35.2192,129.2336,132.6166,PENDING_AG03,FALSE,NOT_FOR_ENFORCEMENT,161.1224,38470.0458,167.8358,161.1224,6.7134,0.00376782,0.00361711,6.7134,161.1224,0.00361711,6.7134,6.7134,8.3918,8.3918,8.3918,161.1224,0.00361711,38.6022,35.2192,129.2336,132.6166,0.00290122,0.00297717,0.00015071,43.8431,45.4342,0.1903,6.9932,0.3858,1856.0227,36.7500,42.7628,43.8759,23.144,38.5733,57.0806,78.5279,103.7829,155.6743,31.1349,-5.1431,2.690537,4.035805,1.136617,24,140,35,5,0.02880006,0.00376782,0.25196217,0E-8,0.000000,0.899616,0.000000,-0.25555432,2026-04-30,2026-07-25,24,435,233,87,0.275862,0.974631,0.975362,0.096000,,,,,,,,GLOBAL_BASELINE_NO_ENTITY_RANKING,,,NOT_APPLICABLE_GLOBAL_BASELINE,HF9g-P5,,,,X 全窗基线 · 不参与实体赏罚,6870636,688,A168_HF9F_20260827_0900,2026-08-27 09:00:00
2026-05-05,149351693,986,0,31.1348658606,-31.1348658606,-31.1348658606,0E-7,1,1,0.50665070000000000,0.506650700000,-1.013391052207602,-1.013391052207602,-1.013391052207602,0E-17,ELIGIBLE,R03b_20260811_FULL_v1,L1_ELIGIBILITY,v2026-08-11,2026-03-21..2026-08-06,baccarat_bet02_101_all_pairs_incl_sentinel,round_win = game_pnl > 0 (decisive only),COMPATIBILITY_ONLY_NOT_PRODUCTION,44544.5453,40072.9644,167.8358,1016,882,-0.00376782,-0.25196217,0.00359216,-0.00376782,-167.8358,44544.5453,OK,0.0000,6.7134,4.0000,96.0000,AG03-UNRESOLVED,ALL5_LEVELS_bet23_to_bet27,6.7134,6.7134,8.3918,8.3918,8.3918,4.000000,4.000000,5.000000,5.000000,5.000000,96.000000,96.000000,95.000000,95.000000,95.000000,5.0,38.6022,35.2192,129.2336,132.6166,PENDING_AG03,FALSE,NOT_FOR_ENFORCEMENT,161.1224,38470.0458,167.8358,161.1224,6.7134,0.00376782,0.00361711,6.7134,161.1224,0.00361711,6.7134,6.7134,8.3918,8.3918,8.3918,161.1224,0.00361711,38.6022,35.2192,129.2336,132.6166,0.00290122,0.00297717,0.00015071,43.8431,45.4342,0.1903,6.9932,0.3858,1856.0227,36.7500,42.7628,43.8759,23.144,38.5733,57.0806,78.5279,103.7829,155.6743,31.1349,-5.1431,2.690537,4.035805,1.136617,24,140,35,5,0.02880006,0.00376782,0.25196217,0E-8,0.000000,0.899616,0.000000,-0.25555432,2026-04-30,2026-07-25,24,435,233,87,0.275862,0.974631,0.975362,0.096000,,,,,,,,GLOBAL_BASELINE_NO_ENTITY_RANKING,,,NOT_APPLICABLE_GLOBAL_BASELINE,HF9g-P5,,,,X 全窗基线 · 不参与实体赏罚,6870637,688,A168_HF9F_20260827_0900,2026-08-27 09:00:00
2026-05-17,149351693,-1,1,54.4860152561,-54.4860152561,-54.4860152561,0E-7,1,1,0.49324550000000000,0.493245500000,-0.9865810262130424,-0.9865810262130424,-0.9865810262130424,0E-17,SENTINEL_DEALER,R03b_20260811_FULL_v1,L1_ELIGIBILITY,v2026-08-11,2026-03-21..2026-08-06,baccarat_bet02_101_all_pairs_incl_sentinel,round_win = game_pnl > 0 (decisive only),COMPATIBILITY_ONLY_NOT_PRODUCTION,44544.5453,40072.9644,167.8358,1016,882,-0.00376782,-0.25196217,0.00359216,-0.00376782,-167.8358,44544.5453,OK,0.0000,6.7134,4.0000,96.0000,AG03-UNRESOLVED,ALL5_LEVELS_bet23_to_bet27,6.7134,6.7134,8.3918,8.3918,8.3918,4.000000,4.000000,5.000000,5.000000,5.000000,96.000000,96.000000,95.000000,95.000000,95.000000,5.0,38.6022,35.2192,129.2336,132.6166,PENDING_AG03,FALSE,NOT_FOR_ENFORCEMENT,161.1224,38470.0458,167.8358,161.1224,6.7134,0.00376782,0.00361711,6.7134,161.1224,0.00361711,6.7134,6.7134,8.3918,8.3918,8.3918,161.1224,0.00361711,38.6022,35.2192,129.2336,132.6166,0.00290122,0.00297717,0.00015071,43.8431,45.4342,0.1903,6.9932,0.3858,1856.0227,36.7500,42.7628,43.8759,23.144,38.5733,57.0806,78.5279,103.7829,155.6743,31.1349,-5.1431,2.690537,4.035805,1.136617,24,140,35,5,0.02880006,0.00376782,0.25196217,0E-8,0.000000,0.899616,0.000000,-0.25555432,2026-04-30,2026-07-25,24,435,233,87,0.275862,0.974631,0.975362,0.096000,,,,,,,,GLOBAL_BASELINE_NO_ENTITY_RANKING,,,NOT_APPLICABLE_GLOBAL_BASELINE,HF9g-P5,,,,X 全窗基线 · 不参与实体赏罚,6870638,688,A168_HF9F_20260827_0900,2026-08-27 09:00:00
2026-05-17,149351693,1353,0,77.8371646515,73.9453064190,73.9453064190,1.0000000,1,1,0.50665070000000000,0.506650700000,0.9867858985152569,0.9867858985152569,0.9867858985152569,0E-17,ELIGIBLE,R03b_20260811_FULL_v1,L1_ELIGIBILITY,v2026-08-11,2026-03-21..2026-08-06,baccarat_bet02_101_all_pairs_incl_sentinel,round_win = game_pnl > 0 (decisive only),COMPATIBILITY_ONLY_NOT_PRODUCTION,44544.5453,40072.9644,167.8358,1016,882,-0.00376782,-0.25196217,0.00359216,-0.00376782,-167.8358,44544.5453,OK,0.0000,6.7134,4.0000,96.0000,AG03-UNRESOLVED,ALL5_LEVELS_bet23_to_bet27,6.7134,6.7134,8.3918,8.3918,8.3918,4.000000,4.000000,5.000000,5.000000,5.000000,96.000000,96.000000,95.000000,95.000000,95.000000,5.0,38.6022,35.2192,129.2336,132.6166,PENDING_AG03,FALSE,NOT_FOR_ENFORCEMENT,161.1224,38470.0458,167.8358,161.1224,6.7134,0.00376782,0.00361711,6.7134,161.1224,0.00361711,6.7134,6.7134,8.3918,8.3918,8.3918,161.1224,0.00361711,38.6022,35.2192,129.2336,132.6166,0.00290122,0.00297717,0.00015071,43.8431,45.4342,0.1903,6.9932,0.3858,1856.0227,36.7500,42.7628,43.8759,23.144,38.5733,57.0806,78.5279,103.7829,155.6743,31.1349,-5.1431,2.690537,4.035805,1.136617,24,140,35,5,0.02880006,0.00376782,0.25196217,0E-8,0.000000,0.899616,0.000000,-0.25555432,2026-04-30,2026-07-25,24,435,233,87,0.275862,0.974631,0.975362,0.096000,,,,,,,,GLOBAL_BASELINE_NO_ENTITY_RANKING,,,NOT_APPLICABLE_GLOBAL_BASELINE,HF9g-P5,,,,X 全窗基线 · 不参与实体赏罚,6870639,688,A168_HF9F_20260827_0900,2026-08-27 09:00:00
2026-05-17,149351693,1399,0,129.7286077525,123.2421773650,123.2421773650,1.0000000,2,2,0.50665070000000000,0.506650700000,1.3955260008387969,1.3955260008387969,1.3955260008387969,0E-17,ELIGIBLE,R03b_20260811_FULL_v1,L1_ELIGIBILITY,v2026-08-11,2026-03-21..2026-08-06,baccarat_bet02_101_all_pairs_incl_sentinel,round_win = game_pnl > 0 (decisive only),COMPATIBILITY_ONLY_NOT_PRODUCTION,44544.5453,40072.9644,167.8358,1016,882,-0.00376782,-0.25196217,0.00359216,-0.00376782,-167.8358,44544.5453,OK,0.0000,6.7134,4.0000,96.0000,AG03-UNRESOLVED,ALL5_LEVELS_bet23_to_bet27,6.7134,6.7134,8.3918,8.3918,8.3918,4.000000,4.000000,5.000000,5.000000,5.000000,96.000000,96.000000,95.000000,95.000000,95.000000,5.0,38.6022,35.2192,129.2336,132.6166,PENDING_AG03,FALSE,NOT_FOR_ENFORCEMENT,161.1224,38470.0458,167.8358,161.1224,6.7134,0.00376782,0.00361711,6.7134,161.1224,0.00361711,6.7134,6.7134,8.3918,8.3918,8.3918,161.1224,0.00361711,38.6022,35.2192,129.2336,132.6166,0.00290122,0.00297717,0.00015071,43.8431,45.4342,0.1903,6.9932,0.3858,1856.0227,36.7500,42.7628,43.8759,23.144,38.5733,57.0806,78.5279,103.7829,155.6743,31.1349,-5.1431,2.690537,4.035805,1.136617,24,140,35,5,0.02880006,0.00376782,0.25196217,0E-8,0.000000,0.899616,0.000000,-0.25555432,2026-04-30,2026-07-25,24,435,233,87,0.275862,0.974631,0.975362,0.096000,,,,,,,,GLOBAL_BASELINE_NO_ENTITY_RANKING,,,NOT_APPLICABLE_GLOBAL_BASELINE,HF9g-P5,,,,X 全窗基线 · 不参与实体赏罚,6870640,688,A168_HF9F_20260827_0900,2026-08-27 09:00:00
2026-05-17,149351693,2117,0,54.4860152561,0E-10,0E-10,,1,1,0.50665070000000000,0.506650700000,,,,0E-17,NO_DECISIVE_ROUND,R03b_20260811_FULL_v1,L1_ELIGIBILITY,v2026-08-11,2026-03-21..2026-08-06,baccarat_bet02_101_all_pairs_incl_sentinel,round_win = game_pnl > 0 (decisive only),COMPATIBILITY_ONLY_NOT_PRODUCTION,44544.5453,40072.9644,167.8358,1016,882,-0.00376782,-0.25196217,0.00359216,-0.00376782,-167.8358,44544.5453,OK,0.0000,6.7134,4.0000,96.0000,AG03-UNRESOLVED,ALL5_LEVELS_bet23_to_bet27,6.7134,6.7134,8.3918,8.3918,8.3918,4.000000,4.000000,5.000000,5.000000,5.000000,96.000000,96.000000,95.000000,95.000000,95.000000,5.0,38.6022,35.2192,129.2336,132.6166,PENDING_AG03,FALSE,NOT_FOR_ENFORCEMENT,161.1224,38470.0458,167.8358,161.1224,6.7134,0.00376782,0.00361711,6.7134,161.1224,0.00361711,6.7134,6.7134,8.3918,8.3918,8.3918,161.1224,0.00361711,38.6022,35.2192,129.2336,132.6166,0.00290122,0.00297717,0.00015071,43.8431,45.4342,0.1903,6.9932,0.3858,1856.0227,36.7500,42.7628,43.8759,23.144,38.5733,57.0806,78.5279,103.7829,155.6743,31.1349,-5.1431,2.690537,4.035805,1.136617,24,140,35,5,0.02880006,0.00376782,0.25196217,0E-8,0.000000,0.899616,0.000000,-0.25555432,2026-04-30,2026-07-25,24,435,233,87,0.275862,0.974631,0.975362,0.096000,,,,,,,,GLOBAL_BASELINE_NO_ENTITY_RANKING,,,NOT_APPLICABLE_GLOBAL_BASELINE,HF9g-P5,,,,X 全窗基线 · 不参与实体赏罚,6870641,688,A168_HF9F_20260827_0900,2026-08-27 09:00:00
2026-05-17,149351693,2142,0,83.0263089616,78.8749935136,78.8749935136,1.0000000,2,2,0.50665070000000000,0.506650700000,1.3955260008387969,1.3955260008387969,1.3955260008387969,0E-17,ELIGIBLE,R03b_20260811_FULL_v1,L1_ELIGIBILITY,v2026-08-11,2026-03-21..2026-08-06,baccarat_bet02_101_all_pairs_incl_sentinel,round_win = game_pnl > 0 (decisive only),COMPATIBILITY_ONLY_NOT_PRODUCTION,44544.5453,40072.9644,167.8358,1016,882,-0.00376782,-0.25196217,0.00359216,-0.00376782,-167.8358,44544.5453,OK,0.0000,6.7134,4.0000,96.0000,AG03-UNRESOLVED,ALL5_LEVELS_bet23_to_bet27,6.7134,6.7134,8.3918,8.3918,8.3918,4.000000,4.000000,5.000000,5.000000,5.000000,96.000000,96.000000,95.000000,95.000000,95.000000,5.0,38.6022,35.2192,129.2336,132.6166,PENDING_AG03,FALSE,NOT_FOR_ENFORCEMENT,161.1224,38470.0458,167.8358,161.1224,6.7134,0.00376782,0.00361711,6.7134,161.1224,0.00361711,6.7134,6.7134,8.3918,8.3918,8.3918,161.1224,0.00361711,38.6022,35.2192,129.2336,132.6166,0.00290122,0.00297717,0.00015071,43.8431,45.4342,0.1903,6.9932,0.3858,1856.0227,36.7500,42.7628,43.8759,23.144,38.5733,57.0806,78.5279,103.7829,155.6743,31.1349,-5.1431,2.690537,4.035805,1.136617,24,140,35,5,0.02880006,0.00376782,0.25196217,0E-8,0.000000,0.899616,0.000000,-0.25555432,2026-04-30,2026-07-25,24,435,233,87,0.275862,0.974631,0.975362,0.096000,,,,,,,,GLOBAL_BASELINE_NO_ENTITY_RANKING,,,NOT_APPLICABLE_GLOBAL_BASELINE,HF9g-P5,,,,X 全窗基线 · 不参与实体赏罚,6870642,688,A168_HF9F_20260827_0900,2026-08-27 09:00:00
2026-05-17,149351693,2256,0,41.5131544808,39.4374967568,39.4374967568,1.0000000,1,1,0.50665070000000000,0.506650700000,0.9867858985152569,0.9867858985152569,0.9867858985152569,0E-17,ELIGIBLE,R03b_20260811_FULL_v1,L1_ELIGIBILITY,v2026-08-11,2026-03-21..2026-08-06,baccarat_bet02_101_all_pairs_incl_sentinel,round_win = game_pnl > 0 (decisive only),COMPATIBILITY_ONLY_NOT_PRODUCTION,44544.5453,40072.9644,167.8358,1016,882,-0.00376782,-0.25196217,0.00359216,-0.00376782,-167.8358,44544.5453,OK,0.0000,6.7134,4.0000,96.0000,AG03-UNRESOLVED,ALL5_LEVELS_bet23_to_bet27,6.7134,6.7134,8.3918,8.3918,8.3918,4.000000,4.000000,5.000000,5.000000,5.000000,96.000000,96.000000,95.000000,95.000000,95.000000,5.0,38.6022,35.2192,129.2336,132.6166,PENDING_AG03,FALSE,NOT_FOR_ENFORCEMENT,161.1224,38470.0458,167.8358,161.1224,6.7134,0.00376782,0.00361711,6.7134,161.1224,0.00361711,6.7134,6.7134,8.3918,8.3918,8.3918,161.1224,0.00361711,38.6022,35.2192,129.2336,132.6166,0.00290122,0.00297717,0.00015071,43.8431,45.4342,0.1903,6.9932,0.3858,1856.0227,36.7500,42.7628,43.8759,23.144,38.5733,57.0806,78.5279,103.7829,155.6743,31.1349,-5.1431,2.690537,4.035805,1.136617,24,140,35,5,0.02880006,0.00376782,0.25196217,0E-8,0.000000,0.899616,0.000000,-0.25555432,2026-04-30,2026-07-25,24,435,233,87,0.275862,0.974631,0.975362,0.096000,,,,,,,,GLOBAL_BASELINE_NO_ENTITY_RANKING,,,NOT_APPLICABLE_GLOBAL_BASELINE,HF9g-P5,,,,X 全窗基线 · 不参与实体赏罚,6870643,688,A168_HF9F_20260827_0900,2026-08-27 09:00:00
2026-05-20,149351693,-1,1,77.8371646515,73.9453064190,73.9453064190,1.0000000,1,1,0.50665070000000000,0.506650700000,0.9867858985152569,0.9867858985152569,0.9867858985152569,0E-17,SENTINEL_DEALER,R03b_20260811_FULL_v1,L1_ELIGIBILITY,v2026-08-11,2026-03-21..2026-08-06,baccarat_bet02_101_all_pairs_incl_sentinel,round_win = game_pnl > 0 (decisive only),COMPATIBILITY_ONLY_NOT_PRODUCTION,44544.5453,40072.9644,167.8358,1016,882,-0.00376782,-0.25196217,0.00359216,-0.00376782,-167.8358,44544.5453,OK,0.0000,6.7134,4.0000,96.0000,AG03-UNRESOLVED,ALL5_LEVELS_bet23_to_bet27,6.7134,6.7134,8.3918,8.3918,8.3918,4.000000,4.000000,5.000000,5.000000,5.000000,96.000000,96.000000,95.000000,95.000000,95.000000,5.0,38.6022,35.2192,129.2336,132.6166,PENDING_AG03,FALSE,NOT_FOR_ENFORCEMENT,161.1224,38470.0458,167.8358,161.1224,6.7134,0.00376782,0.00361711,6.7134,161.1224,0.00361711,6.7134,6.7134,8.3918,8.3918,8.3918,161.1224,0.00361711,38.6022,35.2192,129.2336,132.6166,0.00290122,0.00297717,0.00015071,43.8431,45.4342,0.1903,6.9932,0.3858,1856.0227,36.7500,42.7628,43.8759,23.144,38.5733,57.0806,78.5279,103.7829,155.6743,31.1349,-5.1431,2.690537,4.035805,1.136617,24,140,35,5,0.02880006,0.00376782,0.25196217,0E-8,0.000000,0.899616,0.000000,-0.25555432,2026-04-30,2026-07-25,24,435,233,87,0.275862,0.974631,0.975362,0.096000,,,,,,,,GLOBAL_BASELINE_NO_ENTITY_RANKING,,,NOT_APPLICABLE_GLOBAL_BASELINE,HF9g-P5,,,,X 全窗基线 · 不参与实体赏罚,6870644,688,A168_HF9F_20260827_0900,2026-08-27 09:00:00
2026-05-20,149351693,1109,0,98.5937418919,95.9991697369,95.9991697369,1.0000000,2,2,0.49994810000000000,0.499948100000,1.4143603653603398,1.4143603653603398,1.4143603653603398,0E-17,ELIGIBLE,R03b_20260811_FULL_v1,L1_ELIGIBILITY,v2026-08-11,2026-03-21..2026-08-06,baccarat_bet02_101_all_pairs_incl_sentinel,round_win = game_pnl > 0 (decisive only),COMPATIBILITY_ONLY_NOT_PRODUCTION,44544.5453,40072.9644,167.8358,1016,882,-0.00376782,-0.25196217,0.00359216,-0.00376782,-167.8358,44544.5453,OK,0.0000,6.7134,4.0000,96.0000,AG03-UNRESOLVED,ALL5_LEVELS_bet23_to_bet27,6.7134,6.7134,8.3918,8.3918,8.3918,4.000000,4.000000,5.000000,5.000000,5.000000,96.000000,96.000000,95.000000,95.000000,95.000000,5.0,38.6022,35.2192,129.2336,132.6166,PENDING_AG03,FALSE,NOT_FOR_ENFORCEMENT,161.1224,38470.0458,167.8358,161.1224,6.7134,0.00376782,0.00361711,6.7134,161.1224,0.00361711,6.7134,6.7134,8.3918,8.3918,8.3918,161.1224,0.00361711,38.6022,35.2192,129.2336,132.6166,0.00290122,0.00297717,0.00015071,43.8431,45.4342,0.1903,6.9932,0.3858,1856.0227,36.7500,42.7628,43.8759,23.144,38.5733,57.0806,78.5279,103.7829,155.6743,31.1349,-5.1431,2.690537,4.035805,1.136617,24,140,35,5,0.02880006,0.00376782,0.25196217,0E-8,0.000000,0.899616,0.000000,-0.25555432,2026-04-30,2026-07-25,24,435,233,87,0.275862,0.974631,0.975362,0.096000,,,,,,,,GLOBAL_BASELINE_NO_ENTITY_RANKING,,,NOT_APPLICABLE_GLOBAL_BASELINE,HF9g-P5,,,,X 全窗基线 · 不参与实体赏罚,6870645,688,A168_HF9F_20260827_0900,2026-08-27 09:00:00
2026-05-20,149351693,1205,0,233.7709511702,-233.7709511702,-233.7709511702,0E-7,2,2,0.50665070000000000,0.506650700000,-1.4331513700195317,-1.4331513700195317,-1.4331513700195317,0E-17,ELIGIBLE,R03b_20260811_FULL_v1,L1_ELIGIBILITY,v2026-08-11,2026-03-21..2026-08-06,baccarat_bet02_101_all_pairs_incl_sentinel,round_win = game_pnl > 0 (decisive only),COMPATIBILITY_ONLY_NOT_PRODUCTION,44544.5453,40072.9644,167.8358,1016,882,-0.00376782,-0.25196217,0.00359216,-0.00376782,-167.8358,44544.5453,OK,0.0000,6.7134,4.0000,96.0000,AG03-UNRESOLVED,ALL5_LEVELS_bet23_to_bet27,6.7134,6.7134,8.3918,8.3918,8.3918,4.000000,4.000000,5.000000,5.000000,5.000000,96.000000,96.000000,95.000000,95.000000,95.000000,5.0,38.6022,35.2192,129.2336,132.6166,PENDING_AG03,FALSE,NOT_FOR_ENFORCEMENT,161.1224,38470.0458,167.8358,161.1224,6.7134,0.00376782,0.00361711,6.7134,161.1224,0.00361711,6.7134,6.7134,8.3918,8.3918,8.3918,161.1224,0.00361711,38.6022,35.2192,129.2336,132.6166,0.00290122,0.00297717,0.00015071,43.8431,45.4342,0.1903,6.9932,0.3858,1856.0227,36.7500,42.7628,43.8759,23.144,38.5733,57.0806,78.5279,103.7829,155.6743,31.1349,-5.1431,2.690537,4.035805,1.136617,24,140,35,5,0.02880006,0.00376782,0.25196217,0E-8,0.000000,0.899616,0.000000,-0.25555432,2026-04-30,2026-07-25,24,435,233,87,0.275862,0.974631,0.975362,0.096000,,,,,,,,GLOBAL_BASELINE_NO_ENTITY_RANKING,,,NOT_APPLICABLE_GLOBAL_BASELINE,HF9g-P5,,,,X 全窗基线 · 不参与实体赏罚,6870646,688,A168_HF9F_20260827_0900,2026-08-27 09:00:00
2026-05-20,149351693,1210,0,64.8643038763,61.6210886825,61.6210886825,1.0000000,1,1,0.50665070000000000,0.506650700000,0.9867858985152569,0.9867858985152569,0.9867858985152569,0E-17,ELIGIBLE,R03b_20260811_FULL_v1,L1_ELIGIBILITY,v2026-08-11,2026-03-21..2026-08-06,baccarat_bet02_101_all_pairs_incl_sentinel,round_win = game_pnl > 0 (decisive only),COMPATIBILITY_ONLY_NOT_PRODUCTION,44544.5453,40072.9644,167.8358,1016,882,-0.00376782,-0.25196217,0.00359216,-0.00376782,-167.8358,44544.5453,OK,0.0000,6.7134,4.0000,96.0000,AG03-UNRESOLVED,ALL5_LEVELS_bet23_to_bet27,6.7134,6.7134,8.3918,8.3918,8.3918,4.000000,4.000000,5.000000,5.000000,5.000000,96.000000,96.000000,95.000000,95.000000,95.000000,5.0,38.6022,35.2192,129.2336,132.6166,PENDING_AG03,FALSE,NOT_FOR_ENFORCEMENT,161.1224,38470.0458,167.8358,161.1224,6.7134,0.00376782,0.00361711,6.7134,161.1224,0.00361711,6.7134,6.7134,8.3918,8.3918,8.3918,161.1224,0.00361711,38.6022,35.2192,129.2336,132.6166,0.00290122,0.00297717,0.00015071,43.8431,45.4342,0.1903,6.9932,0.3858,1856.0227,36.7500,42.7628,43.8759,23.144,38.5733,57.0806,78.5279,103.7829,155.6743,31.1349,-5.1431,2.690537,4.035805,1.136617,24,140,35,5,0.02880006,0.00376782,0.25196217,0E-8,0.000000,0.899616,0.000000,-0.25555432,2026-04-30,2026-07-25,24,435,233,87,0.275862,0.974631,0.975362,0.096000,,,,,,,,GLOBAL_BASELINE_NO_ENTITY_RANKING,,,NOT_APPLICABLE_GLOBAL_BASELINE,HF9g-P5,,,,X 全窗基线 · 不参与实体赏罚,6870647,688,A168_HF9F_20260827_0900,2026-08-27 09:00:00
2026-05-20,149351693,1302,0,124.5394634424,-33.4699808001,-33.4699808001,0.5000000,2,2,0.50665070000000000,0.506650700000,-0.018812684590367487,-0.018812684590367487,-0.018812684590367487,0E-17,ELIGIBLE,R03b_20260811_FULL_v1,L1_ELIGIBILITY,v2026-08-11,2026-03-21..2026-08-06,baccarat_bet02_101_all_pairs_incl_sentinel,round_win = game_pnl > 0 (decisive only),COMPATIBILITY_ONLY_NOT_PRODUCTION,44544.5453,40072.9644,167.8358,1016,882,-0.00376782,-0.25196217,0.00359216,-0.00376782,-167.8358,44544.5453,OK,0.0000,6.7134,4.0000,96.0000,AG03-UNRESOLVED,ALL5_LEVELS_bet23_to_bet27,6.7134,6.7134,8.3918,8.3918,8.3918,4.000000,4.000000,5.000000,5.000000,5.000000,96.000000,96.000000,95.000000,95.000000,95.000000,5.0,38.6022,35.2192,129.2336,132.6166,PENDING_AG03,FALSE,NOT_FOR_ENFORCEMENT,161.1224,38470.0458,167.8358,161.1224,6.7134,0.00376782,0.00361711,6.7134,161.1224,0.00361711,6.7134,6.7134,8.3918,8.3918,8.3918,161.1224,0.00361711,38.6022,35.2192,129.2336,132.6166,0.00290122,0.00297717,0.00015071,43.8431,45.4342,0.1903,6.9932,0.3858,1856.0227,36.7500,42.7628,43.8759,23.144,38.5733,57.0806,78.5279,103.7829,155.6743,31.1349,-5.1431,2.690537,4.035805,1.136617,24,140,35,5,0.02880006,0.00376782,0.25196217,0E-8,0.000000,0.899616,0.000000,-0.25555432,2026-04-30,2026-07-25,24,435,233,87,0.275862,0.974631,0.975362,0.096000,,,,,,,,GLOBAL_BASELINE_NO_ENTITY_RANKING,,,NOT_APPLICABLE_GLOBAL_BASELINE,HF9g-P5,,,,X 全窗基线 · 不参与实体赏罚,6870648,688,A168_HF9F_20260827_0900,2026-08-27 09:00:00
2026-05-20,149351693,1307,0,189.4037673187,104.0423434176,104.0423434176,0.7500000,4,4,0.50665070000000000,0.506650700000,0.9734833216690844,0.9734833216690844,0.9734833216690844,0E-17,ELIGIBLE,R03b_20260811_FULL_v1,L1_ELIGIBILITY,v2026-08-11,2026-03-21..2026-08-06,baccarat_bet02_101_all_pairs_incl_sentinel,round_win = game_pnl > 0 (decisive only),COMPATIBILITY_ONLY_NOT_PRODUCTION,44544.5453,40072.9644,167.8358,1016,882,-0.00376782,-0.25196217,0.00359216,-0.00376782,-167.8358,44544.5453,OK,0.0000,6.7134,4.0000,96.0000,AG03-UNRESOLVED,ALL5_LEVELS_bet23_to_bet27,6.7134,6.7134,8.3918,8.3918,8.3918,4.000000,4.000000,5.000000,5.000000,5.000000,96.000000,96.000000,95.000000,95.000000,95.000000,5.0,38.6022,35.2192,129.2336,132.6166,PENDING_AG03,FALSE,NOT_FOR_ENFORCEMENT,161.1224,38470.0458,167.8358,161.1224,6.7134,0.00376782,0.00361711,6.7134,161.1224,0.00361711,6.7134,6.7134,8.3918,8.3918,8.3918,161.1224,0.00361711,38.6022,35.2192,129.2336,132.6166,0.00290122,0.00297717,0.00015071,43.8431,45.4342,0.1903,6.9932,0.3858,1856.0227,36.7500,42.7628,43.8759,23.144,38.5733,57.0806,78.5279,103.7829,155.6743,31.1349,-5.1431,2.690537,4.035805,1.136617,24,140,35,5,0.02880006,0.00376782,0.25196217,0E-8,0.000000,0.899616,0.000000,-0.25555432,2026-04-30,2026-07-25,24,435,233,87,0.275862,0.974631,0.975362,0.096000,,,,,,,,GLOBAL_BASELINE_NO_ENTITY_RANKING,,,NOT_APPLICABLE_GLOBAL_BASELINE,HF9g-P5,,,,X 全窗基线 · 不参与实体赏罚,6870649,688,A168_HF9F_20260827_0900,2026-08-27 09:00:00
2026-05-20,149351693,1382,0,114.1611748223,59.6751595662,59.6751595662,1.0000000,2,2,0.49994810000000000,0.499948100000,1.0001038053877793,1.0001038053877793,1.0001038053877793,0E-17,ELIGIBLE,R03b_20260811_FULL_v1,L1_ELIGIBILITY,v2026-08-11,2026-03-21..2026-08-06,baccarat_bet02_101_all_pairs_incl_sentinel,round_win = game_pnl > 0 (decisive only),COMPATIBILITY_ONLY_NOT_PRODUCTION,44544.5453,40072.9644,167.8358,1016,882,-0.00376782,-0.25196217,0.00359216,-0.00376782,-167.8358,44544.5453,OK,0.0000,6.7134,4.0000,96.0000,AG03-UNRESOLVED,ALL5_LEVELS_bet23_to_bet27,6.7134,6.7134,8.3918,8.3918,8.3918,4.000000,4.000000,5.000000,5.000000,5.000000,96.000000,96.000000,95.000000,95.000000,95.000000,5.0,38.6022,35.2192,129.2336,132.6166,PENDING_AG03,FALSE,NOT_FOR_ENFORCEMENT,161.1224,38470.0458,167.8358,161.1224,6.7134,0.00376782,0.00361711,6.7134,161.1224,0.00361711,6.7134,6.7134,8.3918,8.3918,8.3918,161.1224,0.00361711,38.6022,35.2192,129.2336,132.6166,0.00290122,0.00297717,0.00015071,43.8431,45.4342,0.1903,6.9932,0.3858,1856.0227,36.7500,42.7628,43.8759,23.144,38.5733,57.0806,78.5279,103.7829,155.6743,31.1349,-5.1431,2.690537,4.035805,1.136617,24,140,35,5,0.02880006,0.00376782,0.25196217,0E-8,0.000000,0.899616,0.000000,-0.25555432,2026-04-30,2026-07-25,24,435,233,87,0.275862,0.974631,0.975362,0.096000,,,,,,,,GLOBAL_BASELINE_NO_ENTITY_RANKING,,,NOT_APPLICABLE_GLOBAL_BASELINE,HF9g-P5,,,,X 全窗基线 · 不参与实体赏罚,6870650,688,A168_HF9F_20260827_0900,2026-08-27 09:00:00
2026-05-20,149351693,1383,0,77.8371646515,73.9453064190,73.9453064190,1.0000000,1,1,0.50665070000000000,0.506650700000,0.9867858985152569,0.9867858985152569,0.9867858985152569,0E-17,ELIGIBLE,R03b_20260811_FULL_v1,L1_ELIGIBILITY,v2026-08-11,2026-03-21..2026-08-06,baccarat_bet02_101_all_pairs_incl_sentinel,round_win = game_pnl > 0 (decisive only),COMPATIBILITY_ONLY_NOT_PRODUCTION,44544.5453,40072.9644,167.8358,1016,882,-0.00376782,-0.25196217,0.00359216,-0.00376782,-167.8358,44544.5453,OK,0.0000,6.7134,4.0000,96.0000,AG03-UNRESOLVED,ALL5_LEVELS_bet23_to_bet27,6.7134,6.7134,8.3918,8.3918,8.3918,4.000000,4.000000,5.000000,5.000000,5.000000,96.000000,96.000000,95.000000,95.000000,95.000000,5.0,38.6022,35.2192,129.2336,132.6166,PENDING_AG03,FALSE,NOT_FOR_ENFORCEMENT,161.1224,38470.0458,167.8358,161.1224,6.7134,0.00376782,0.00361711,6.7134,161.1224,0.00361711,6.7134,6.7134,8.3918,8.3918,8.3918,161.1224,0.00361711,38.6022,35.2192,129.2336,132.6166,0.00290122,0.00297717,0.00015071,43.8431,45.4342,0.1903,6.9932,0.3858,1856.0227,36.7500,42.7628,43.8759,23.144,38.5733,57.0806,78.5279,103.7829,155.6743,31.1349,-5.1431,2.690537,4.035805,1.136617,24,140,35,5,0.02880006,0.00376782,0.25196217,0E-8,0.000000,0.899616,0.000000,-0.25555432,2026-04-30,2026-07-25,24,435,233,87,0.275862,0.974631,0.975362,0.096000,,,,,,,,GLOBAL_BASELINE_NO_ENTITY_RANKING,,,NOT_APPLICABLE_GLOBAL_BASELINE,HF9g-P5,,,,X 全窗基线 · 不参与实体赏罚,6870651,688,A168_HF9F_20260827_0900,2026-08-27 09:00:00
2026-05-20,149351693,1400,0,80.4317368066,51.8914431010,51.8914431010,1.0000000,2,2,0.49994810000000000,0.499948100000,1.0001038053877793,1.0001038053877793,1.0001038053877793,0E-17,ELIGIBLE,R03b_20260811_FULL_v1,L1_ELIGIBILITY,v2026-08-11,2026-03-21..2026-08-06,baccarat_bet02_101_all_pairs_incl_sentinel,round_win = game_pnl > 0 (decisive only),COMPATIBILITY_ONLY_NOT_PRODUCTION,44544.5453,40072.9644,167.8358,1016,882,-0.00376782,-0.25196217,0.00359216,-0.00376782,-167.8358,44544.5453,OK,0.0000,6.7134,4.0000,96.0000,AG03-UNRESOLVED,ALL5_LEVELS_bet23_to_bet27,6.7134,6.7134,8.3918,8.3918,8.3918,4.000000,4.000000,5.000000,5.000000,5.000000,96.000000,96.000000,95.000000,95.000000,95.000000,5.0,38.6022,35.2192,129.2336,132.6166,PENDING_AG03,FALSE,NOT_FOR_ENFORCEMENT,161.1224,38470.0458,167.8358,161.1224,6.7134,0.00376782,0.00361711,6.7134,161.1224,0.00361711,6.7134,6.7134,8.3918,8.3918,8.3918,161.1224,0.00361711,38.6022,35.2192,129.2336,132.6166,0.00290122,0.00297717,0.00015071,43.8431,45.4342,0.1903,6.9932,0.3858,1856.0227,36.7500,42.7628,43.8759,23.144,38.5733,57.0806,78.5279,103.7829,155.6743,31.1349,-5.1431,2.690537,4.035805,1.136617,24,140,35,5,0.02880006,0.00376782,0.25196217,0E-8,0.000000,0.899616,0.000000,-0.25555432,2026-04-30,2026-07-25,24,435,233,87,0.275862,0.974631,0.975362,0.096000,,,,,,,,GLOBAL_BASELINE_NO_ENTITY_RANKING,,,NOT_APPLICABLE_GLOBAL_BASELINE,HF9g-P5,,,,X 全窗基线 · 不参与实体赏罚,6870652,688,A168_HF9F_20260827_0900,2026-08-27 09:00:00
2026-05-20,149351693,1505,0,285.4029370557,-83.0263089616,-83.0263089616,0.3333333,3,3,0.50218230000000000,0.502182300000,-0.5849155494134425,-0.5849155494134426,-0.5849155494134425,0E-17,ELIGIBLE,R03b_20260811_FULL_v1,L1_ELIGIBILITY,v2026-08-11,2026-03-21..2026-08-06,baccarat_bet02_101_all_pairs_incl_sentinel,round_win = game_pnl > 0 (decisive only),COMPATIBILITY_ONLY_NOT_PRODUCTION,44544.5453,40072.9644,167.8358,1016,882,-0.00376782,-0.25196217,0.00359216,-0.00376782,-167.8358,44544.5453,OK,0.0000,6.7134,4.0000,96.0000,AG03-UNRESOLVED,ALL5_LEVELS_bet23_to_bet27,6.7134,6.7134,8.3918,8.3918,8.3918,4.000000,4.000000,5.000000,5.000000,5.000000,96.000000,96.000000,95.000000,95.000000,95.000000,5.0,38.6022,35.2192,129.2336,132.6166,PENDING_AG03,FALSE,NOT_FOR_ENFORCEMENT,161.1224,38470.0458,167.8358,161.1224,6.7134,0.00376782,0.00361711,6.7134,161.1224,0.00361711,6.7134,6.7134,8.3918,8.3918,8.3918,161.1224,0.00361711,38.6022,35.2192,129.2336,132.6166,0.00290122,0.00297717,0.00015071,43.8431,45.4342,0.1903,6.9932,0.3858,1856.0227,36.7500,42.7628,43.8759,23.144,38.5733,57.0806,78.5279,103.7829,155.6743,31.1349,-5.1431,2.690537,4.035805,1.136617,24,140,35,5,0.02880006,0.00376782,0.25196217,0E-8,0.000000,0.899616,0.000000,-0.25555432,2026-04-30,2026-07-25,24,435,233,87,0.275862,0.974631,0.975362,0.096000,,,,,,,,GLOBAL_BASELINE_NO_ENTITY_RANKING,,,NOT_APPLICABLE_GLOBAL_BASELINE,HF9g-P5,,,,X 全窗基线 · 不参与实体赏罚,6870653,688,A168_HF9F_20260827_0900,2026-08-27 09:00:00
2026-05-20,149351693,1645,0,1281.7186445953,239.4790099115,239.4790099115,0.7272727,13,13,0.50149485384615385,0.501494853846,1.4976476775066716,1.4976476775076908,1.4976476775066716,1.5385E-13,ELIGIBLE,R03b_20260811_FULL_v1,L1_ELIGIBILITY,v2026-08-11,2026-03-21..2026-08-06,baccarat_bet02_101_all_pairs_incl_sentinel,round_win = game_pnl > 0 (decisive only),COMPATIBILITY_ONLY_NOT_PRODUCTION,44544.5453,40072.9644,167.8358,1016,882,-0.00376782,-0.25196217,0.00359216,-0.00376782,-167.8358,44544.5453,OK,0.0000,6.7134,4.0000,96.0000,AG03-UNRESOLVED,ALL5_LEVELS_bet23_to_bet27,6.7134,6.7134,8.3918,8.3918,8.3918,4.000000,4.000000,5.000000,5.000000,5.000000,96.000000,96.000000,95.000000,95.000000,95.000000,5.0,38.6022,35.2192,129.2336,132.6166,PENDING_AG03,FALSE,NOT_FOR_ENFORCEMENT,161.1224,38470.0458,167.8358,161.1224,6.7134,0.00376782,0.00361711,6.7134,161.1224,0.00361711,6.7134,6.7134,8.3918,8.3918,8.3918,161.1224,0.00361711,38.6022,35.2192,129.2336,132.6166,0.00290122,0.00297717,0.00015071,43.8431,45.4342,0.1903,6.9932,0.3858,1856.0227,36.7500,42.7628,43.8759,23.144,38.5733,57.0806,78.5279,103.7829,155.6743,31.1349,-5.1431,2.690537,4.035805,1.136617,24,140,35,5,0.02880006,0.00376782,0.25196217,0E-8,0.000000,0.899616,0.000000,-0.25555432,2026-04-30,2026-07-25,24,435,233,87,0.275862,0.974631,0.975362,0.096000,,,,,,,,GLOBAL_BASELINE_NO_ENTITY_RANKING,,,NOT_APPLICABLE_GLOBAL_BASELINE,HF9g-P5,,,,X 全窗基线 · 不参与实体赏罚,6870654,688,A168_HF9F_20260827_0900,2026-08-27 09:00:00
2026-05-20,149351693,1654,0,103.7828862021,-103.7828862021,-103.7828862021,0E-7,1,1,0.50665070000000000,0.506650700000,-1.013391052207602,-1.013391052207602,-1.013391052207602,0E-17,ELIGIBLE,R03b_20260811_FULL_v1,L1_ELIGIBILITY,v2026-08-11,2026-03-21..2026-08-06,baccarat_bet02_101_all_pairs_incl_sentinel,round_win = game_pnl > 0 (decisive only),COMPATIBILITY_ONLY_NOT_PRODUCTION,44544.5453,40072.9644,167.8358,1016,882,-0.00376782,-0.25196217,0.00359216,-0.00376782,-167.8358,44544.5453,OK,0.0000,6.7134,4.0000,96.0000,AG03-UNRESOLVED,ALL5_LEVELS_bet23_to_bet27,6.7134,6.7134,8.3918,8.3918,8.3918,4.000000,4.000000,5.000000,5.000000,5.000000,96.000000,96.000000,95.000000,95.000000,95.000000,5.0,38.6022,35.2192,129.2336,132.6166,PENDING_AG03,FALSE,NOT_FOR_ENFORCEMENT,161.1224,38470.0458,167.8358,161.1224,6.7134,0.00376782,0.00361711,6.7134,161.1224,0.00361711,6.7134,6.7134,8.3918,8.3918,8.3918,161.1224,0.00361711,38.6022,35.2192,129.2336,132.6166,0.00290122,0.00297717,0.00015071,43.8431,45.4342,0.1903,6.9932,0.3858,1856.0227,36.7500,42.7628,43.8759,23.144,38.5733,57.0806,78.5279,103.7829,155.6743,31.1349,-5.1431,2.690537,4.035805,1.136617,24,140,35,5,0.02880006,0.00376782,0.25196217,0E-8,0.000000,0.899616,0.000000,-0.25555432,2026-04-30,2026-07-25,24,435,233,87,0.275862,0.974631,0.975362,0.096000,,,,,,,,GLOBAL_BASELINE_NO_ENTITY_RANKING,,,NOT_APPLICABLE_GLOBAL_BASELINE,HF9g-P5,,,,X 全窗基线 · 不参与实体赏罚,6870655,688,A168_HF9F_20260827_0900,2026-08-27 09:00:00
2026-05-20,149351693,1957,0,321.7269472263,153.8581287946,153.8581287946,0.6666667,3,3,0.50665070000000000,0.506650700000,0.5543606114942035,0.5543606114942035,0.5543606114942035,0E-17,ELIGIBLE,R03b_20260811_FULL_v1,L1_ELIGIBILITY,v2026-08-11,2026-03-21..2026-08-06,baccarat_bet02_101_all_pairs_incl_sentinel,round_win = game_pnl > 0 (decisive only),COMPATIBILITY_ONLY_NOT_PRODUCTION,44544.5453,40072.9644,167.8358,1016,882,-0.00376782,-0.25196217,0.00359216,-0.00376782,-167.8358,44544.5453,OK,0.0000,6.7134,4.0000,96.0000,AG03-UNRESOLVED,ALL5_LEVELS_bet23_to_bet27,6.7134,6.7134,8.3918,8.3918,8.3918,4.000000,4.000000,5.000000,5.000000,5.000000,96.000000,96.000000,95.000000,95.000000,95.000000,5.0,38.6022,35.2192,129.2336,132.6166,PENDING_AG03,FALSE,NOT_FOR_ENFORCEMENT,161.1224,38470.0458,167.8358,161.1224,6.7134,0.00376782,0.00361711,6.7134,161.1224,0.00361711,6.7134,6.7134,8.3918,8.3918,8.3918,161.1224,0.00361711,38.6022,35.2192,129.2336,132.6166,0.00290122,0.00297717,0.00015071,43.8431,45.4342,0.1903,6.9932,0.3858,1856.0227,36.7500,42.7628,43.8759,23.144,38.5733,57.0806,78.5279,103.7829,155.6743,31.1349,-5.1431,2.690537,4.035805,1.136617,24,140,35,5,0.02880006,0.00376782,0.25196217,0E-8,0.000000,0.899616,0.000000,-0.25555432,2026-04-30,2026-07-25,24,435,233,87,0.275862,0.974631,0.975362,0.096000,,,,,,,,GLOBAL_BASELINE_NO_ENTITY_RANKING,,,NOT_APPLICABLE_GLOBAL_BASELINE,HF9g-P5,,,,X 全窗基线 · 不参与实体赏罚,6870656,688,A168_HF9F_20260827_0900,2026-08-27 09:00:00
2026-05-20,149351693,2101,0,51.8914431010,-51.8914431010,-51.8914431010,0E-7,1,1,0.50665070000000000,0.506650700000,-1.013391052207602,-1.013391052207602,-1.013391052207602,0E-17,ELIGIBLE,R03b_20260811_FULL_v1,L1_ELIGIBILITY,v2026-08-11,2026-03-21..2026-08-06,baccarat_bet02_101_all_pairs_incl_sentinel,round_win = game_pnl > 0 (decisive only),COMPATIBILITY_ONLY_NOT_PRODUCTION,44544.5453,40072.9644,167.8358,1016,882,-0.00376782,-0.25196217,0.00359216,-0.00376782,-167.8358,44544.5453,OK,0.0000,6.7134,4.0000,96.0000,AG03-UNRESOLVED,ALL5_LEVELS_bet23_to_bet27,6.7134,6.7134,8.3918,8.3918,8.3918,4.000000,4.000000,5.000000,5.000000,5.000000,96.000000,96.000000,95.000000,95.000000,95.000000,5.0,38.6022,35.2192,129.2336,132.6166,PENDING_AG03,FALSE,NOT_FOR_ENFORCEMENT,161.1224,38470.0458,167.8358,161.1224,6.7134,0.00376782,0.00361711,6.7134,161.1224,0.00361711,6.7134,6.7134,8.3918,8.3918,8.3918,161.1224,0.00361711,38.6022,35.2192,129.2336,132.6166,0.00290122,0.00297717,0.00015071,43.8431,45.4342,0.1903,6.9932,0.3858,1856.0227,36.7500,42.7628,43.8759,23.144,38.5733,57.0806,78.5279,103.7829,155.6743,31.1349,-5.1431,2.690537,4.035805,1.136617,24,140,35,5,0.02880006,0.00376782,0.25196217,0E-8,0.000000,0.899616,0.000000,-0.25555432,2026-04-30,2026-07-25,24,435,233,87,0.275862,0.974631,0.975362,0.096000,,,,,,,,GLOBAL_BASELINE_NO_ENTITY_RANKING,,,NOT_APPLICABLE_GLOBAL_BASELINE,HF9g-P5,,,,X 全窗基线 · 不参与实体赏罚,6870657,688,A168_HF9F_20260827_0900,2026-08-27 09:00:00
2026-05-20,149351693,2115,0,129.7286077526,-129.7286077526,-129.7286077526,0E-7,1,1,0.50665070000000000,0.506650700000,-1.013391052207602,-1.013391052207602,-1.013391052207602,0E-17,ELIGIBLE,R03b_20260811_FULL_v1,L1_ELIGIBILITY,v2026-08-11,2026-03-21..2026-08-06,baccarat_bet02_101_all_pairs_incl_sentinel,round_win = game_pnl > 0 (decisive only),COMPATIBILITY_ONLY_NOT_PRODUCTION,44544.5453,40072.9644,167.8358,1016,882,-0.00376782,-0.25196217,0.00359216,-0.00376782,-167.8358,44544.5453,OK,0.0000,6.7134,4.0000,96.0000,AG03-UNRESOLVED,ALL5_LEVELS_bet23_to_bet27,6.7134,6.7134,8.3918,8.3918,8.3918,4.000000,4.000000,5.000000,5.000000,5.000000,96.000000,96.000000,95.000000,95.000000,95.000000,5.0,38.6022,35.2192,129.2336,132.6166,PENDING_AG03,FALSE,NOT_FOR_ENFORCEMENT,161.1224,38470.0458,167.8358,161.1224,6.7134,0.00376782,0.00361711,6.7134,161.1224,0.00361711,6.7134,6.7134,8.3918,8.3918,8.3918,161.1224,0.00361711,38.6022,35.2192,129.2336,132.6166,0.00290122,0.00297717,0.00015071,43.8431,45.4342,0.1903,6.9932,0.3858,1856.0227,36.7500,42.7628,43.8759,23.144,38.5733,57.0806,78.5279,103.7829,155.6743,31.1349,-5.1431,2.690537,4.035805,1.136617,24,140,35,5,0.02880006,0.00376782,0.25196217,0E-8,0.000000,0.899616,0.000000,-0.25555432,2026-04-30,2026-07-25,24,435,233,87,0.275862,0.974631,0.975362,0.096000,,,,,,,,GLOBAL_BASELINE_NO_ENTITY_RANKING,,,NOT_APPLICABLE_GLOBAL_BASELINE,HF9g-P5,,,,X 全窗基线 · 不参与实体赏罚,6870658,688,A168_HF9F_20260827_0900,2026-08-27 09:00:00
2026-05-20,149351693,2212,0,64.8643038763,64.8643038763,64.8643038763,1.0000000,1,1,0.49324550000000000,0.493245500000,1.01360149184955,1.01360149184955,1.01360149184955,0E-17,ELIGIBLE,R03b_20260811_FULL_v1,L1_ELIGIBILITY,v2026-08-11,2026-03-21..2026-08-06,baccarat_bet02_101_all_pairs_incl_sentinel,round_win = game_pnl > 0 (decisive only),COMPATIBILITY_ONLY_NOT_PRODUCTION,44544.5453,40072.9644,167.8358,1016,882,-0.00376782,-0.25196217,0.00359216,-0.00376782,-167.8358,44544.5453,OK,0.0000,6.7134,4.0000,96.0000,AG03-UNRESOLVED,ALL5_LEVELS_bet23_to_bet27,6.7134,6.7134,8.3918,8.3918,8.3918,4.000000,4.000000,5.000000,5.000000,5.000000,96.000000,96.000000,95.000000,95.000000,95.000000,5.0,38.6022,35.2192,129.2336,132.6166,PENDING_AG03,FALSE,NOT_FOR_ENFORCEMENT,161.1224,38470.0458,167.8358,161.1224,6.7134,0.00376782,0.00361711,6.7134,161.1224,0.00361711,6.7134,6.7134,8.3918,8.3918,8.3918,161.1224,0.00361711,38.6022,35.2192,129.2336,132.6166,0.00290122,0.00297717,0.00015071,43.8431,45.4342,0.1903,6.9932,0.3858,1856.0227,36.7500,42.7628,43.8759,23.144,38.5733,57.0806,78.5279,103.7829,155.6743,31.1349,-5.1431,2.690537,4.035805,1.136617,24,140,35,5,0.02880006,0.00376782,0.25196217,0E-8,0.000000,0.899616,0.000000,-0.25555432,2026-04-30,2026-07-25,24,435,233,87,0.275862,0.974631,0.975362,0.096000,,,,,,,,GLOBAL_BASELINE_NO_ENTITY_RANKING,,,NOT_APPLICABLE_GLOBAL_BASELINE,HF9g-P5,,,,X 全窗基线 · 不参与实体赏罚,6870659,688,A168_HF9F_20260827_0900,2026-08-27 09:00:00
2026-05-20,149351693,2216,0,207.5657724042,207.5657724042,207.5657724042,1.0000000,2,2,0.49324550000000000,0.493245500000,1.4334489766152358,1.4334489766152358,1.4334489766152358,0E-17,ELIGIBLE,R03b_20260811_FULL_v1,L1_ELIGIBILITY,v2026-08-11,2026-03-21..2026-08-06,baccarat_bet02_101_all_pairs_incl_sentinel,round_win = game_pnl > 0 (decisive only),COMPATIBILITY_ONLY_NOT_PRODUCTION,44544.5453,40072.9644,167.8358,1016,882,-0.00376782,-0.25196217,0.00359216,-0.00376782,-167.8358,44544.5453,OK,0.0000,6.7134,4.0000,96.0000,AG03-UNRESOLVED,ALL5_LEVELS_bet23_to_bet27,6.7134,6.7134,8.3918,8.3918,8.3918,4.000000,4.000000,5.000000,5.000000,5.000000,96.000000,96.000000,95.000000,95.000000,95.000000,5.0,38.6022,35.2192,129.2336,132.6166,PENDING_AG03,FALSE,NOT_FOR_ENFORCEMENT,161.1224,38470.0458,167.8358,161.1224,6.7134,0.00376782,0.00361711,6.7134,161.1224,0.00361711,6.7134,6.7134,8.3918,8.3918,8.3918,161.1224,0.00361711,38.6022,35.2192,129.2336,132.6166,0.00290122,0.00297717,0.00015071,43.8431,45.4342,0.1903,6.9932,0.3858,1856.0227,36.7500,42.7628,43.8759,23.144,38.5733,57.0806,78.5279,103.7829,155.6743,31.1349,-5.1431,2.690537,4.035805,1.136617,24,140,35,5,0.02880006,0.00376782,0.25196217,0E-8,0.000000,0.899616,0.000000,-0.25555432,2026-04-30,2026-07-25,24,435,233,87,0.275862,0.974631,0.975362,0.096000,,,,,,,,GLOBAL_BASELINE_NO_ENTITY_RANKING,,,NOT_APPLICABLE_GLOBAL_BASELINE,HF9g-P5,,,,X 全窗基线 · 不参与实体赏罚,6870660,688,A168_HF9F_20260827_0900,2026-08-27 09:00:00
2026-05-20,149351693,2224,0,31.1348658606,-31.1348658606,-31.1348658606,0E-7,1,1,0.50665070000000000,0.506650700000,-1.013391052207602,-1.013391052207602,-1.013391052207602,0E-17,ELIGIBLE,R03b_20260811_FULL_v1,L1_ELIGIBILITY,v2026-08-11,2026-03-21..2026-08-06,baccarat_bet02_101_all_pairs_incl_sentinel,round_win = game_pnl > 0 (decisive only),COMPATIBILITY_ONLY_NOT_PRODUCTION,44544.5453,40072.9644,167.8358,1016,882,-0.00376782,-0.25196217,0.00359216,-0.00376782,-167.8358,44544.5453,OK,0.0000,6.7134,4.0000,96.0000,AG03-UNRESOLVED,ALL5_LEVELS_bet23_to_bet27,6.7134,6.7134,8.3918,8.3918,8.3918,4.000000,4.000000,5.000000,5.000000,5.000000,96.000000,96.000000,95.000000,95.000000,95.000000,5.0,38.6022,35.2192,129.2336,132.6166,PENDING_AG03,FALSE,NOT_FOR_ENFORCEMENT,161.1224,38470.0458,167.8358,161.1224,6.7134,0.00376782,0.00361711,6.7134,161.1224,0.00361711,6.7134,6.7134,8.3918,8.3918,8.3918,161.1224,0.00361711,38.6022,35.2192,129.2336,132.6166,0.00290122,0.00297717,0.00015071,43.8431,45.4342,0.1903,6.9932,0.3858,1856.0227,36.7500,42.7628,43.8759,23.144,38.5733,57.0806,78.5279,103.7829,155.6743,31.1349,-5.1431,2.690537,4.035805,1.136617,24,140,35,5,0.02880006,0.00376782,0.25196217,0E-8,0.000000,0.899616,0.000000,-0.25555432,2026-04-30,2026-07-25,24,435,233,87,0.275862,0.974631,0.975362,0.096000,,,,,,,,GLOBAL_BASELINE_NO_ENTITY_RANKING,,,NOT_APPLICABLE_GLOBAL_BASELINE,HF9g-P5,,,,X 全窗基线 · 不参与实体赏罚,6870661,688,A168_HF9F_20260827_0900,2026-08-27 09:00:00
2026-05-20,149351693,2229,0,103.7828862021,103.7828862021,103.7828862021,1.0000000,1,1,0.49324550000000000,0.493245500000,1.01360149184955,1.01360149184955,1.01360149184955,0E-17,ELIGIBLE,R03b_20260811_FULL_v1,L1_ELIGIBILITY,v2026-08-11,2026-03-21..2026-08-06,baccarat_bet02_101_all_pairs_incl_sentinel,round_win = game_pnl > 0 (decisive only),COMPATIBILITY_ONLY_NOT_PRODUCTION,44544.5453,40072.9644,167.8358,1016,882,-0.00376782,-0.25196217,0.00359216,-0.00376782,-167.8358,44544.5453,OK,0.0000,6.7134,4.0000,96.0000,AG03-UNRESOLVED,ALL5_LEVELS_bet23_to_bet27,6.7134,6.7134,8.3918,8.3918,8.3918,4.000000,4.000000,5.000000,5.000000,5.000000,96.000000,96.000000,95.000000,95.000000,95.000000,5.0,38.6022,35.2192,129.2336,132.6166,PENDING_AG03,FALSE,NOT_FOR_ENFORCEMENT,161.1224,38470.0458,167.8358,161.1224,6.7134,0.00376782,0.00361711,6.7134,161.1224,0.00361711,6.7134,6.7134,8.3918,8.3918,8.3918,161.1224,0.00361711,38.6022,35.2192,129.2336,132.6166,0.00290122,0.00297717,0.00015071,43.8431,45.4342,0.1903,6.9932,0.3858,1856.0227,36.7500,42.7628,43.8759,23.144,38.5733,57.0806,78.5279,103.7829,155.6743,31.1349,-5.1431,2.690537,4.035805,1.136617,24,140,35,5,0.02880006,0.00376782,0.25196217,0E-8,0.000000,0.899616,0.000000,-0.25555432,2026-04-30,2026-07-25,24,435,233,87,0.275862,0.974631,0.975362,0.096000,,,,,,,,GLOBAL_BASELINE_NO_ENTITY_RANKING,,,NOT_APPLICABLE_GLOBAL_BASELINE,HF9g-P5,,,,X 全窗基线 · 不参与实体赏罚,6870662,688,A168_HF9F_20260827_0900,2026-08-27 09:00:00
2026-05-20,149351693,2234,0,77.8371646515,73.9453064190,73.9453064190,1.0000000,1,1,0.50665070000000000,0.506650700000,0.9867858985152569,0.9867858985152569,0.9867858985152569,0E-17,ELIGIBLE,R03b_20260811_FULL_v1,L1_ELIGIBILITY,v2026-08-11,2026-03-21..2026-08-06,baccarat_bet02_101_all_pairs_incl_sentinel,round_win = game_pnl > 0 (decisive only),COMPATIBILITY_ONLY_NOT_PRODUCTION,44544.5453,40072.9644,167.8358,1016,882,-0.00376782,-0.25196217,0.00359216,-0.00376782,-167.8358,44544.5453,OK,0.0000,6.7134,4.0000,96.0000,AG03-UNRESOLVED,ALL5_LEVELS_bet23_to_bet27,6.7134,6.7134,8.3918,8.3918,8.3918,4.000000,4.000000,5.000000,5.000000,5.000000,96.000000,96.000000,95.000000,95.000000,95.000000,5.0,38.6022,35.2192,129.2336,132.6166,PENDING_AG03,FALSE,NOT_FOR_ENFORCEMENT,161.1224,38470.0458,167.8358,161.1224,6.7134,0.00376782,0.00361711,6.7134,161.1224,0.00361711,6.7134,6.7134,8.3918,8.3918,8.3918,161.1224,0.00361711,38.6022,35.2192,129.2336,132.6166,0.00290122,0.00297717,0.00015071,43.8431,45.4342,0.1903,6.9932,0.3858,1856.0227,36.7500,42.7628,43.8759,23.144,38.5733,57.0806,78.5279,103.7829,155.6743,31.1349,-5.1431,2.690537,4.035805,1.136617,24,140,35,5,0.02880006,0.00376782,0.25196217,0E-8,0.000000,0.899616,0.000000,-0.25555432,2026-04-30,2026-07-25,24,435,233,87,0.275862,0.974631,0.975362,0.096000,,,,,,,,GLOBAL_BASELINE_NO_ENTITY_RANKING,,,NOT_APPLICABLE_GLOBAL_BASELINE,HF9g-P5,,,,X 全窗基线 · 不参与实体赏罚,6870663,688,A168_HF9F_20260827_0900,2026-08-27 09:00:00
2026-05-20,149351693,2241,0,53.4481863941,-53.4481863941,-53.4481863941,0E-7,1,1,0.50665070000000000,0.506650700000,-1.013391052207602,-1.013391052207602,-1.013391052207602,0E-17,ELIGIBLE,R03b_20260811_FULL_v1,L1_ELIGIBILITY,v2026-08-11,2026-03-21..2026-08-06,baccarat_bet02_101_all_pairs_incl_sentinel,round_win = game_pnl > 0 (decisive only),COMPATIBILITY_ONLY_NOT_PRODUCTION,44544.5453,40072.9644,167.8358,1016,882,-0.00376782,-0.25196217,0.00359216,-0.00376782,-167.8358,44544.5453,OK,0.0000,6.7134,4.0000,96.0000,AG03-UNRESOLVED,ALL5_LEVELS_bet23_to_bet27,6.7134,6.7134,8.3918,8.3918,8.3918,4.000000,4.000000,5.000000,5.000000,5.000000,96.000000,96.000000,95.000000,95.000000,95.000000,5.0,38.6022,35.2192,129.2336,132.6166,PENDING_AG03,FALSE,NOT_FOR_ENFORCEMENT,161.1224,38470.0458,167.8358,161.1224,6.7134,0.00376782,0.00361711,6.7134,161.1224,0.00361711,6.7134,6.7134,8.3918,8.3918,8.3918,161.1224,0.00361711,38.6022,35.2192,129.2336,132.6166,0.00290122,0.00297717,0.00015071,43.8431,45.4342,0.1903,6.9932,0.3858,1856.0227,36.7500,42.7628,43.8759,23.144,38.5733,57.0806,78.5279,103.7829,155.6743,31.1349,-5.1431,2.690537,4.035805,1.136617,24,140,35,5,0.02880006,0.00376782,0.25196217,0E-8,0.000000,0.899616,0.000000,-0.25555432,2026-04-30,2026-07-25,24,435,233,87,0.275862,0.974631,0.975362,0.096000,,,,,,,,GLOBAL_BASELINE_NO_ENTITY_RANKING,,,NOT_APPLICABLE_GLOBAL_BASELINE,HF9g-P5,,,,X 全窗基线 · 不参与实体赏罚,6870664,688,A168_HF9F_20260827_0900,2026-08-27 09:00:00
2026-05-20,149351693,2244,0,25.9457215505,-25.9457215505,-25.9457215505,0E-7,1,1,0.50665070000000000,0.506650700000,-1.013391052207602,-1.013391052207602,-1.013391052207602,0E-17,ELIGIBLE,R03b_20260811_FULL_v1,L1_ELIGIBILITY,v2026-08-11,2026-03-21..2026-08-06,baccarat_bet02_101_all_pairs_incl_sentinel,round_win = game_pnl > 0 (decisive only),COMPATIBILITY_ONLY_NOT_PRODUCTION,44544.5453,40072.9644,167.8358,1016,882,-0.00376782,-0.25196217,0.00359216,-0.00376782,-167.8358,44544.5453,OK,0.0000,6.7134,4.0000,96.0000,AG03-UNRESOLVED,ALL5_LEVELS_bet23_to_bet27,6.7134,6.7134,8.3918,8.3918,8.3918,4.000000,4.000000,5.000000,5.000000,5.000000,96.000000,96.000000,95.000000,95.000000,95.000000,5.0,38.6022,35.2192,129.2336,132.6166,PENDING_AG03,FALSE,NOT_FOR_ENFORCEMENT,161.1224,38470.0458,167.8358,161.1224,6.7134,0.00376782,0.00361711,6.7134,161.1224,0.00361711,6.7134,6.7134,8.3918,8.3918,8.3918,161.1224,0.00361711,38.6022,35.2192,129.2336,132.6166,0.00290122,0.00297717,0.00015071,43.8431,45.4342,0.1903,6.9932,0.3858,1856.0227,36.7500,42.7628,43.8759,23.144,38.5733,57.0806,78.5279,103.7829,155.6743,31.1349,-5.1431,2.690537,4.035805,1.136617,24,140,35,5,0.02880006,0.00376782,0.25196217,0E-8,0.000000,0.899616,0.000000,-0.25555432,2026-04-30,2026-07-25,24,435,233,87,0.275862,0.974631,0.975362,0.096000,,,,,,,,GLOBAL_BASELINE_NO_ENTITY_RANKING,,,NOT_APPLICABLE_GLOBAL_BASELINE,HF9g-P5,,,,X 全窗基线 · 不参与实体赏罚,6870665,688,A168_HF9F_20260827_0900,2026-08-27 09:00:00
2026-05-20,149351693,2258,0,88.2154532718,-88.2154532718,-88.2154532718,0E-7,2,2,0.50665070000000000,0.506650700000,-1.4331513700195317,-1.4331513700195317,-1.4331513700195317,0E-17,ELIGIBLE,R03b_20260811_FULL_v1,L1_ELIGIBILITY,v2026-08-11,2026-03-21..2026-08-06,baccarat_bet02_101_all_pairs_incl_sentinel,round_win = game_pnl > 0 (decisive only),COMPATIBILITY_ONLY_NOT_PRODUCTION,44544.5453,40072.9644,167.8358,1016,882,-0.00376782,-0.25196217,0.00359216,-0.00376782,-167.8358,44544.5453,OK,0.0000,6.7134,4.0000,96.0000,AG03-UNRESOLVED,ALL5_LEVELS_bet23_to_bet27,6.7134,6.7134,8.3918,8.3918,8.3918,4.000000,4.000000,5.000000,5.000000,5.000000,96.000000,96.000000,95.000000,95.000000,95.000000,5.0,38.6022,35.2192,129.2336,132.6166,PENDING_AG03,FALSE,NOT_FOR_ENFORCEMENT,161.1224,38470.0458,167.8358,161.1224,6.7134,0.00376782,0.00361711,6.7134,161.1224,0.00361711,6.7134,6.7134,8.3918,8.3918,8.3918,161.1224,0.00361711,38.6022,35.2192,129.2336,132.6166,0.00290122,0.00297717,0.00015071,43.8431,45.4342,0.1903,6.9932,0.3858,1856.0227,36.7500,42.7628,43.8759,23.144,38.5733,57.0806,78.5279,103.7829,155.6743,31.1349,-5.1431,2.690537,4.035805,1.136617,24,140,35,5,0.02880006,0.00376782,0.25196217,0E-8,0.000000,0.899616,0.000000,-0.25555432,2026-04-30,2026-07-25,24,435,233,87,0.275862,0.974631,0.975362,0.096000,,,,,,,,GLOBAL_BASELINE_NO_ENTITY_RANKING,,,NOT_APPLICABLE_GLOBAL_BASELINE,HF9g-P5,,,,X 全窗基线 · 不参与实体赏罚,6870666,688,A168_HF9F_20260827_0900,2026-08-27 09:00:00
2026-05-20,149351693,2266,0,119.3503191323,32.4321519382,32.4321519382,0.5000000,2,2,0.50665070000000000,0.506650700000,-0.018812684590367487,-0.018812684590367487,-0.018812684590367487,0E-17,ELIGIBLE,R03b_20260811_FULL_v1,L1_ELIGIBILITY,v2026-08-11,2026-03-21..2026-08-06,baccarat_bet02_101_all_pairs_incl_sentinel,round_win = game_pnl > 0 (decisive only),COMPATIBILITY_ONLY_NOT_PRODUCTION,44544.5453,40072.9644,167.8358,1016,882,-0.00376782,-0.25196217,0.00359216,-0.00376782,-167.8358,44544.5453,OK,0.0000,6.7134,4.0000,96.0000,AG03-UNRESOLVED,ALL5_LEVELS_bet23_to_bet27,6.7134,6.7134,8.3918,8.3918,8.3918,4.000000,4.000000,5.000000,5.000000,5.000000,96.000000,96.000000,95.000000,95.000000,95.000000,5.0,38.6022,35.2192,129.2336,132.6166,PENDING_AG03,FALSE,NOT_FOR_ENFORCEMENT,161.1224,38470.0458,167.8358,161.1224,6.7134,0.00376782,0.00361711,6.7134,161.1224,0.00361711,6.7134,6.7134,8.3918,8.3918,8.3918,161.1224,0.00361711,38.6022,35.2192,129.2336,132.6166,0.00290122,0.00297717,0.00015071,43.8431,45.4342,0.1903,6.9932,0.3858,1856.0227,36.7500,42.7628,43.8759,23.144,38.5733,57.0806,78.5279,103.7829,155.6743,31.1349,-5.1431,2.690537,4.035805,1.136617,24,140,35,5,0.02880006,0.00376782,0.25196217,0E-8,0.000000,0.899616,0.000000,-0.25555432,2026-04-30,2026-07-25,24,435,233,87,0.275862,0.974631,0.975362,0.096000,,,,,,,,GLOBAL_BASELINE_NO_ENTITY_RANKING,,,NOT_APPLICABLE_GLOBAL_BASELINE,HF9g-P5,,,,X 全窗基线 · 不参与实体赏罚,6870667,688,A168_HF9F_20260827_0900,2026-08-27 09:00:00
2026-05-20,149351693,462,0,103.7828862021,0E-10,0E-10,,1,1,0.50665070000000000,0.506650700000,,,,0E-17,NO_DECISIVE_ROUND,R03b_20260811_FULL_v1,L1_ELIGIBILITY,v2026-08-11,2026-03-21..2026-08-06,baccarat_bet02_101_all_pairs_incl_sentinel,round_win = game_pnl > 0 (decisive only),COMPATIBILITY_ONLY_NOT_PRODUCTION,44544.5453,40072.9644,167.8358,1016,882,-0.00376782,-0.25196217,0.00359216,-0.00376782,-167.8358,44544.5453,OK,0.0000,6.7134,4.0000,96.0000,AG03-UNRESOLVED,ALL5_LEVELS_bet23_to_bet27,6.7134,6.7134,8.3918,8.3918,8.3918,4.000000,4.000000,5.000000,5.000000,5.000000,96.000000,96.000000,95.000000,95.000000,95.000000,5.0,38.6022,35.2192,129.2336,132.6166,PENDING_AG03,FALSE,NOT_FOR_ENFORCEMENT,161.1224,38470.0458,167.8358,161.1224,6.7134,0.00376782,0.00361711,6.7134,161.1224,0.00361711,6.7134,6.7134,8.3918,8.3918,8.3918,161.1224,0.00361711,38.6022,35.2192,129.2336,132.6166,0.00290122,0.00297717,0.00015071,43.8431,45.4342,0.1903,6.9932,0.3858,1856.0227,36.7500,42.7628,43.8759,23.144,38.5733,57.0806,78.5279,103.7829,155.6743,31.1349,-5.1431,2.690537,4.035805,1.136617,24,140,35,5,0.02880006,0.00376782,0.25196217,0E-8,0.000000,0.899616,0.000000,-0.25555432,2026-04-30,2026-07-25,24,435,233,87,0.275862,0.974631,0.975362,0.096000,,,,,,,,GLOBAL_BASELINE_NO_ENTITY_RANKING,,,NOT_APPLICABLE_GLOBAL_BASELINE,HF9g-P5,,,,X 全窗基线 · 不参与实体赏罚,6870668,688,A168_HF9F_20260827_0900,2026-08-27 09:00:00
2026-05-20,149351693,925,0,181.6200508536,20.7565772405,20.7565772405,0.5000000,2,2,0.50665070000000000,0.506650700000,-0.018812684590367487,-0.018812684590367487,-0.018812684590367487,0E-17,ELIGIBLE,R03b_20260811_FULL_v1,L1_ELIGIBILITY,v2026-08-11,2026-03-21..2026-08-06,baccarat_bet02_101_all_pairs_incl_sentinel,round_win = game_pnl > 0 (decisive only),COMPATIBILITY_ONLY_NOT_PRODUCTION,44544.5453,40072.9644,167.8358,1016,882,-0.00376782,-0.25196217,0.00359216,-0.00376782,-167.8358,44544.5453,OK,0.0000,6.7134,4.0000,96.0000,AG03-UNRESOLVED,ALL5_LEVELS_bet23_to_bet27,6.7134,6.7134,8.3918,8.3918,8.3918,4.000000,4.000000,5.000000,5.000000,5.000000,96.000000,96.000000,95.000000,95.000000,95.000000,5.0,38.6022,35.2192,129.2336,132.6166,PENDING_AG03,FALSE,NOT_FOR_ENFORCEMENT,161.1224,38470.0458,167.8358,161.1224,6.7134,0.00376782,0.00361711,6.7134,161.1224,0.00361711,6.7134,6.7134,8.3918,8.3918,8.3918,161.1224,0.00361711,38.6022,35.2192,129.2336,132.6166,0.00290122,0.00297717,0.00015071,43.8431,45.4342,0.1903,6.9932,0.3858,1856.0227,36.7500,42.7628,43.8759,23.144,38.5733,57.0806,78.5279,103.7829,155.6743,31.1349,-5.1431,2.690537,4.035805,1.136617,24,140,35,5,0.02880006,0.00376782,0.25196217,0E-8,0.000000,0.899616,0.000000,-0.25555432,2026-04-30,2026-07-25,24,435,233,87,0.275862,0.974631,0.975362,0.096000,,,,,,,,GLOBAL_BASELINE_NO_ENTITY_RANKING,,,NOT_APPLICABLE_GLOBAL_BASELINE,HF9g-P5,,,,X 全窗基线 · 不参与实体赏罚,6870669,688,A168_HF9F_20260827_0900,2026-08-27 09:00:00
2026-05-20,149351693,986,0,272.4300762803,-19.4592911628,-19.4592911628,0.5000000,4,4,0.50329940000000000,0.503299400000,-0.01319788734859681,-0.01319788734859681,-0.01319788734859681,0E-17,ELIGIBLE,R03b_20260811_FULL_v1,L1_ELIGIBILITY,v2026-08-11,2026-03-21..2026-08-06,baccarat_bet02_101_all_pairs_incl_sentinel,round_win = game_pnl > 0 (decisive only),COMPATIBILITY_ONLY_NOT_PRODUCTION,44544.5453,40072.9644,167.8358,1016,882,-0.00376782,-0.25196217,0.00359216,-0.00376782,-167.8358,44544.5453,OK,0.0000,6.7134,4.0000,96.0000,AG03-UNRESOLVED,ALL5_LEVELS_bet23_to_bet27,6.7134,6.7134,8.3918,8.3918,8.3918,4.000000,4.000000,5.000000,5.000000,5.000000,96.000000,96.000000,95.000000,95.000000,95.000000,5.0,38.6022,35.2192,129.2336,132.6166,PENDING_AG03,FALSE,NOT_FOR_ENFORCEMENT,161.1224,38470.0458,167.8358,161.1224,6.7134,0.00376782,0.00361711,6.7134,161.1224,0.00361711,6.7134,6.7134,8.3918,8.3918,8.3918,161.1224,0.00361711,38.6022,35.2192,129.2336,132.6166,0.00290122,0.00297717,0.00015071,43.8431,45.4342,0.1903,6.9932,0.3858,1856.0227,36.7500,42.7628,43.8759,23.144,38.5733,57.0806,78.5279,103.7829,155.6743,31.1349,-5.1431,2.690537,4.035805,1.136617,24,140,35,5,0.02880006,0.00376782,0.25196217,0E-8,0.000000,0.899616,0.000000,-0.25555432,2026-04-30,2026-07-25,24,435,233,87,0.275862,0.974631,0.975362,0.096000,,,,,,,,GLOBAL_BASELINE_NO_ENTITY_RANKING,,,NOT_APPLICABLE_GLOBAL_BASELINE,HF9g-P5,,,,X 全窗基线 · 不参与实体赏罚,6870670,688,A168_HF9F_20260827_0900,2026-08-27 09:00:00
2026-05-20,149351693,994,0,116.7557469773,-40.8645114420,-40.8645114420,0.5000000,2,2,0.49994810000000000,0.499948100000,0.00014679536856514622,0.00014679536856514622,0.00014679536856514622,0E-17,ELIGIBLE,R03b_20260811_FULL_v1,L1_ELIGIBILITY,v2026-08-11,2026-03-21..2026-08-06,baccarat_bet02_101_all_pairs_incl_sentinel,round_win = game_pnl > 0 (decisive only),COMPATIBILITY_ONLY_NOT_PRODUCTION,44544.5453,40072.9644,167.8358,1016,882,-0.00376782,-0.25196217,0.00359216,-0.00376782,-167.8358,44544.5453,OK,0.0000,6.7134,4.0000,96.0000,AG03-UNRESOLVED,ALL5_LEVELS_bet23_to_bet27,6.7134,6.7134,8.3918,8.3918,8.3918,4.000000,4.000000,5.000000,5.000000,5.000000,96.000000,96.000000,95.000000,95.000000,95.000000,5.0,38.6022,35.2192,129.2336,132.6166,PENDING_AG03,FALSE,NOT_FOR_ENFORCEMENT,161.1224,38470.0458,167.8358,161.1224,6.7134,0.00376782,0.00361711,6.7134,161.1224,0.00361711,6.7134,6.7134,8.3918,8.3918,8.3918,161.1224,0.00361711,38.6022,35.2192,129.2336,132.6166,0.00290122,0.00297717,0.00015071,43.8431,45.4342,0.1903,6.9932,0.3858,1856.0227,36.7500,42.7628,43.8759,23.144,38.5733,57.0806,78.5279,103.7829,155.6743,31.1349,-5.1431,2.690537,4.035805,1.136617,24,140,35,5,0.02880006,0.00376782,0.25196217,0E-8,0.000000,0.899616,0.000000,-0.25555432,2026-04-30,2026-07-25,24,435,233,87,0.275862,0.974631,0.975362,0.096000,,,,,,,,GLOBAL_BASELINE_NO_ENTITY_RANKING,,,NOT_APPLICABLE_GLOBAL_BASELINE,HF9g-P5,,,,X 全窗基线 · 不参与实体赏罚,6870671,688,A168_HF9F_20260827_0900,2026-08-27 09:00:00
2026-05-21,149351693,1151,0,155.6743293030,-3.8918582325,-3.8918582325,0.5000000,2,2,0.50665070000000000,0.506650700000,-0.018812684590367487,-0.018812684590367487,-0.018812684590367487,0E-17,ELIGIBLE,R03b_20260811_FULL_v1,L1_ELIGIBILITY,v2026-08-11,2026-03-21..2026-08-06,baccarat_bet02_101_all_pairs_incl_sentinel,round_win = game_pnl > 0 (decisive only),COMPATIBILITY_ONLY_NOT_PRODUCTION,44544.5453,40072.9644,167.8358,1016,882,-0.00376782,-0.25196217,0.00359216,-0.00376782,-167.8358,44544.5453,OK,0.0000,6.7134,4.0000,96.0000,AG03-UNRESOLVED,ALL5_LEVELS_bet23_to_bet27,6.7134,6.7134,8.3918,8.3918,8.3918,4.000000,4.000000,5.000000,5.000000,5.000000,96.000000,96.000000,95.000000,95.000000,95.000000,5.0,38.6022,35.2192,129.2336,132.6166,PENDING_AG03,FALSE,NOT_FOR_ENFORCEMENT,161.1224,38470.0458,167.8358,161.1224,6.7134,0.00376782,0.00361711,6.7134,161.1224,0.00361711,6.7134,6.7134,8.3918,8.3918,8.3918,161.1224,0.00361711,38.6022,35.2192,129.2336,132.6166,0.00290122,0.00297717,0.00015071,43.8431,45.4342,0.1903,6.9932,0.3858,1856.0227,36.7500,42.7628,43.8759,23.144,38.5733,57.0806,78.5279,103.7829,155.6743,31.1349,-5.1431,2.690537,4.035805,1.136617,24,140,35,5,0.02880006,0.00376782,0.25196217,0E-8,0.000000,0.899616,0.000000,-0.25555432,2026-04-30,2026-07-25,24,435,233,87,0.275862,0.974631,0.975362,0.096000,,,,,,,,GLOBAL_BASELINE_NO_ENTITY_RANKING,,,NOT_APPLICABLE_GLOBAL_BASELINE,HF9g-P5,,,,X 全窗基线 · 不参与实体赏罚,6870672,688,A168_HF9F_20260827_0900,2026-08-27 09:00:00
2026-05-21,149351693,1210,0,202.3766280940,195.5010118832,195.5010118832,1.0000000,3,3,0.50218230000000000,0.502182300000,1.724507524396475,1.7245075243964754,1.724507524396475,0E-17,ELIGIBLE,R03b_20260811_FULL_v1,L1_ELIGIBILITY,v2026-08-11,2026-03-21..2026-08-06,baccarat_bet02_101_all_pairs_incl_sentinel,round_win = game_pnl > 0 (decisive only),COMPATIBILITY_ONLY_NOT_PRODUCTION,44544.5453,40072.9644,167.8358,1016,882,-0.00376782,-0.25196217,0.00359216,-0.00376782,-167.8358,44544.5453,OK,0.0000,6.7134,4.0000,96.0000,AG03-UNRESOLVED,ALL5_LEVELS_bet23_to_bet27,6.7134,6.7134,8.3918,8.3918,8.3918,4.000000,4.000000,5.000000,5.000000,5.000000,96.000000,96.000000,95.000000,95.000000,95.000000,5.0,38.6022,35.2192,129.2336,132.6166,PENDING_AG03,FALSE,NOT_FOR_ENFORCEMENT,161.1224,38470.0458,167.8358,161.1224,6.7134,0.00376782,0.00361711,6.7134,161.1224,0.00361711,6.7134,6.7134,8.3918,8.3918,8.3918,161.1224,0.00361711,38.6022,35.2192,129.2336,132.6166,0.00290122,0.00297717,0.00015071,43.8431,45.4342,0.1903,6.9932,0.3858,1856.0227,36.7500,42.7628,43.8759,23.144,38.5733,57.0806,78.5279,103.7829,155.6743,31.1349,-5.1431,2.690537,4.035805,1.136617,24,140,35,5,0.02880006,0.00376782,0.25196217,0E-8,0.000000,0.899616,0.000000,-0.25555432,2026-04-30,2026-07-25,24,435,233,87,0.275862,0.974631,0.975362,0.096000,,,,,,,,GLOBAL_BASELINE_NO_ENTITY_RANKING,,,NOT_APPLICABLE_GLOBAL_BASELINE,HF9g-P5,,,,X 全窗基线 · 不参与实体赏罚,6870673,688,A168_HF9F_20260827_0900,2026-08-27 09:00:00
2026-05-21,149351693,1302,0,64.8643038763,61.6210886825,61.6210886825,1.0000000,1,1,0.50665070000000000,0.506650700000,0.9867858985152569,0.9867858985152569,0.9867858985152569,0E-17,ELIGIBLE,R03b_20260811_FULL_v1,L1_ELIGIBILITY,v2026-08-11,2026-03-21..2026-08-06,baccarat_bet02_101_all_pairs_incl_sentinel,round_win = game_pnl > 0 (decisive only),COMPATIBILITY_ONLY_NOT_PRODUCTION,44544.5453,40072.9644,167.8358,1016,882,-0.00376782,-0.25196217,0.00359216,-0.00376782,-167.8358,44544.5453,OK,0.0000,6.7134,4.0000,96.0000,AG03-UNRESOLVED,ALL5_LEVELS_bet23_to_bet27,6.7134,6.7134,8.3918,8.3918,8.3918,4.000000,4.000000,5.000000,5.000000,5.000000,96.000000,96.000000,95.000000,95.000000,95.000000,5.0,38.6022,35.2192,129.2336,132.6166,PENDING_AG03,FALSE,NOT_FOR_ENFORCEMENT,161.1224,38470.0458,167.8358,161.1224,6.7134,0.00376782,0.00361711,6.7134,161.1224,0.00361711,6.7134,6.7134,8.3918,8.3918,8.3918,161.1224,0.00361711,38.6022,35.2192,129.2336,132.6166,0.00290122,0.00297717,0.00015071,43.8431,45.4342,0.1903,6.9932,0.3858,1856.0227,36.7500,42.7628,43.8759,23.144,38.5733,57.0806,78.5279,103.7829,155.6743,31.1349,-5.1431,2.690537,4.035805,1.136617,24,140,35,5,0.02880006,0.00376782,0.25196217,0E-8,0.000000,0.899616,0.000000,-0.25555432,2026-04-30,2026-07-25,24,435,233,87,0.275862,0.974631,0.975362,0.096000,,,,,,,,GLOBAL_BASELINE_NO_ENTITY_RANKING,,,NOT_APPLICABLE_GLOBAL_BASELINE,HF9g-P5,,,,X 全窗基线 · 不参与实体赏罚,6870674,688,A168_HF9F_20260827_0900,2026-08-27 09:00:00
2026-05-21,149351693,1306,0,103.7828862020,49.2968709460,49.2968709460,1.0000000,2,2,0.50665070000000000,0.506650700000,0.9867858985152569,0.9867858985152569,0.9867858985152569,0E-17,ELIGIBLE,R03b_20260811_FULL_v1,L1_ELIGIBILITY,v2026-08-11,2026-03-21..2026-08-06,baccarat_bet02_101_all_pairs_incl_sentinel,round_win = game_pnl > 0 (decisive only),COMPATIBILITY_ONLY_NOT_PRODUCTION,44544.5453,40072.9644,167.8358,1016,882,-0.00376782,-0.25196217,0.00359216,-0.00376782,-167.8358,44544.5453,OK,0.0000,6.7134,4.0000,96.0000,AG03-UNRESOLVED,ALL5_LEVELS_bet23_to_bet27,6.7134,6.7134,8.3918,8.3918,8.3918,4.000000,4.000000,5.000000,5.000000,5.000000,96.000000,96.000000,95.000000,95.000000,95.000000,5.0,38.6022,35.2192,129.2336,132.6166,PENDING_AG03,FALSE,NOT_FOR_ENFORCEMENT,161.1224,38470.0458,167.8358,161.1224,6.7134,0.00376782,0.00361711,6.7134,161.1224,0.00361711,6.7134,6.7134,8.3918,8.3918,8.3918,161.1224,0.00361711,38.6022,35.2192,129.2336,132.6166,0.00290122,0.00297717,0.00015071,43.8431,45.4342,0.1903,6.9932,0.3858,1856.0227,36.7500,42.7628,43.8759,23.144,38.5733,57.0806,78.5279,103.7829,155.6743,31.1349,-5.1431,2.690537,4.035805,1.136617,24,140,35,5,0.02880006,0.00376782,0.25196217,0E-8,0.000000,0.899616,0.000000,-0.25555432,2026-04-30,2026-07-25,24,435,233,87,0.275862,0.974631,0.975362,0.096000,,,,,,,,GLOBAL_BASELINE_NO_ENTITY_RANKING,,,NOT_APPLICABLE_GLOBAL_BASELINE,HF9g-P5,,,,X 全窗基线 · 不参与实体赏罚,6870675,688,A168_HF9F_20260827_0900,2026-08-27 09:00:00
2026-05-21,149351693,1323,0,142.7014685279,59.6751595662,59.6751595662,0.5000000,2,2,0.49994810000000000,0.499948100000,0.00014679536856514622,0.00014679536856514622,0.00014679536856514622,0E-17,ELIGIBLE,R03b_20260811_FULL_v1,L1_ELIGIBILITY,v2026-08-11,2026-03-21..2026-08-06,baccarat_bet02_101_all_pairs_incl_sentinel,round_win = game_pnl > 0 (decisive only),COMPATIBILITY_ONLY_NOT_PRODUCTION,44544.5453,40072.9644,167.8358,1016,882,-0.00376782,-0.25196217,0.00359216,-0.00376782,-167.8358,44544.5453,OK,0.0000,6.7134,4.0000,96.0000,AG03-UNRESOLVED,ALL5_LEVELS_bet23_to_bet27,6.7134,6.7134,8.3918,8.3918,8.3918,4.000000,4.000000,5.000000,5.000000,5.000000,96.000000,96.000000,95.000000,95.000000,95.000000,5.0,38.6022,35.2192,129.2336,132.6166,PENDING_AG03,FALSE,NOT_FOR_ENFORCEMENT,161.1224,38470.0458,167.8358,161.1224,6.7134,0.00376782,0.00361711,6.7134,161.1224,0.00361711,6.7134,6.7134,8.3918,8.3918,8.3918,161.1224,0.00361711,38.6022,35.2192,129.2336,132.6166,0.00290122,0.00297717,0.00015071,43.8431,45.4342,0.1903,6.9932,0.3858,1856.0227,36.7500,42.7628,43.8759,23.144,38.5733,57.0806,78.5279,103.7829,155.6743,31.1349,-5.1431,2.690537,4.035805,1.136617,24,140,35,5,0.02880006,0.00376782,0.25196217,0E-8,0.000000,0.899616,0.000000,-0.25555432,2026-04-30,2026-07-25,24,435,233,87,0.275862,0.974631,0.975362,0.096000,,,,,,,,GLOBAL_BASELINE_NO_ENTITY_RANKING,,,NOT_APPLICABLE_GLOBAL_BASELINE,HF9g-P5,,,,X 全窗基线 · 不参与实体赏罚,6870676,688,A168_HF9F_20260827_0900,2026-08-27 09:00:00
2026-05-21,149351693,1331,0,197.9658554305,5.9675159565,5.9675159565,0.5000000,3,2,0.48535029858147782,0.397033600000,0.04145340962534808,0.2976119324806302,0.04145340962534808,0.08831669858147782,ELIGIBLE,R03b_20260811_FULL_v1,L1_ELIGIBILITY,v2026-08-11,2026-03-21..2026-08-06,baccarat_bet02_101_all_pairs_incl_sentinel,round_win = game_pnl > 0 (decisive only),COMPATIBILITY_ONLY_NOT_PRODUCTION,44544.5453,40072.9644,167.8358,1016,882,-0.00376782,-0.25196217,0.00359216,-0.00376782,-167.8358,44544.5453,OK,0.0000,6.7134,4.0000,96.0000,AG03-UNRESOLVED,ALL5_LEVELS_bet23_to_bet27,6.7134,6.7134,8.3918,8.3918,8.3918,4.000000,4.000000,5.000000,5.000000,5.000000,96.000000,96.000000,95.000000,95.000000,95.000000,5.0,38.6022,35.2192,129.2336,132.6166,PENDING_AG03,FALSE,NOT_FOR_ENFORCEMENT,161.1224,38470.0458,167.8358,161.1224,6.7134,0.00376782,0.00361711,6.7134,161.1224,0.00361711,6.7134,6.7134,8.3918,8.3918,8.3918,161.1224,0.00361711,38.6022,35.2192,129.2336,132.6166,0.00290122,0.00297717,0.00015071,43.8431,45.4342,0.1903,6.9932,0.3858,1856.0227,36.7500,42.7628,43.8759,23.144,38.5733,57.0806,78.5279,103.7829,155.6743,31.1349,-5.1431,2.690537,4.035805,1.136617,24,140,35,5,0.02880006,0.00376782,0.25196217,0E-8,0.000000,0.899616,0.000000,-0.25555432,2026-04-30,2026-07-25,24,435,233,87,0.275862,0.974631,0.975362,0.096000,,,,,,,,GLOBAL_BASELINE_NO_ENTITY_RANKING,,,NOT_APPLICABLE_GLOBAL_BASELINE,HF9g-P5,,,,X 全窗基线 · 不参与实体赏罚,6870677,688,A168_HF9F_20260827_0900,2026-08-27 09:00:00
2026-05-21,149351693,1363,0,51.8914431010,0E-10,0E-10,,1,1,0.50665070000000000,0.506650700000,,,,0E-17,NO_DECISIVE_ROUND,R03b_20260811_FULL_v1,L1_ELIGIBILITY,v2026-08-11,2026-03-21..2026-08-06,baccarat_bet02_101_all_pairs_incl_sentinel,round_win = game_pnl > 0 (decisive only),COMPATIBILITY_ONLY_NOT_PRODUCTION,44544.5453,40072.9644,167.8358,1016,882,-0.00376782,-0.25196217,0.00359216,-0.00376782,-167.8358,44544.5453,OK,0.0000,6.7134,4.0000,96.0000,AG03-UNRESOLVED,ALL5_LEVELS_bet23_to_bet27,6.7134,6.7134,8.3918,8.3918,8.3918,4.000000,4.000000,5.000000,5.000000,5.000000,96.000000,96.000000,95.000000,95.000000,95.000000,5.0,38.6022,35.2192,129.2336,132.6166,PENDING_AG03,FALSE,NOT_FOR_ENFORCEMENT,161.1224,38470.0458,167.8358,161.1224,6.7134,0.00376782,0.00361711,6.7134,161.1224,0.00361711,6.7134,6.7134,8.3918,8.3918,8.3918,161.1224,0.00361711,38.6022,35.2192,129.2336,132.6166,0.00290122,0.00297717,0.00015071,43.8431,45.4342,0.1903,6.9932,0.3858,1856.0227,36.7500,42.7628,43.8759,23.144,38.5733,57.0806,78.5279,103.7829,155.6743,31.1349,-5.1431,2.690537,4.035805,1.136617,24,140,35,5,0.02880006,0.00376782,0.25196217,0E-8,0.000000,0.899616,0.000000,-0.25555432,2026-04-30,2026-07-25,24,435,233,87,0.275862,0.974631,0.975362,0.096000,,,,,,,,GLOBAL_BASELINE_NO_ENTITY_RANKING,,,NOT_APPLICABLE_GLOBAL_BASELINE,HF9g-P5,,,,X 全窗基线 · 不参与实体赏罚,6870678,688,A168_HF9F_20260827_0900,2026-08-27 09:00:00
2026-05-21,149351693,1382,0,57.0805874111,57.0805874111,57.0805874111,1.0000000,1,1,0.49324550000000000,0.493245500000,1.01360149184955,1.01360149184955,1.01360149184955,0E-17,ELIGIBLE,R03b_20260811_FULL_v1,L1_ELIGIBILITY,v2026-08-11,2026-03-21..2026-08-06,baccarat_bet02_101_all_pairs_incl_sentinel,round_win = game_pnl > 0 (decisive only),COMPATIBILITY_ONLY_NOT_PRODUCTION,44544.5453,40072.9644,167.8358,1016,882,-0.00376782,-0.25196217,0.00359216,-0.00376782,-167.8358,44544.5453,OK,0.0000,6.7134,4.0000,96.0000,AG03-UNRESOLVED,ALL5_LEVELS_bet23_to_bet27,6.7134,6.7134,8.3918,8.3918,8.3918,4.000000,4.000000,5.000000,5.000000,5.000000,96.000000,96.000000,95.000000,95.000000,95.000000,5.0,38.6022,35.2192,129.2336,132.6166,PENDING_AG03,FALSE,NOT_FOR_ENFORCEMENT,161.1224,38470.0458,167.8358,161.1224,6.7134,0.00376782,0.00361711,6.7134,161.1224,0.00361711,6.7134,6.7134,8.3918,8.3918,8.3918,161.1224,0.00361711,38.6022,35.2192,129.2336,132.6166,0.00290122,0.00297717,0.00015071,43.8431,45.4342,0.1903,6.9932,0.3858,1856.0227,36.7500,42.7628,43.8759,23.144,38.5733,57.0806,78.5279,103.7829,155.6743,31.1349,-5.1431,2.690537,4.035805,1.136617,24,140,35,5,0.02880006,0.00376782,0.25196217,0E-8,0.000000,0.899616,0.000000,-0.25555432,2026-04-30,2026-07-25,24,435,233,87,0.275862,0.974631,0.975362,0.096000,,,,,,,,GLOBAL_BASELINE_NO_ENTITY_RANKING,,,NOT_APPLICABLE_GLOBAL_BASELINE,HF9g-P5,,,,X 全窗基线 · 不参与实体赏罚,6870679,688,A168_HF9F_20260827_0900,2026-08-27 09:00:00
2026-05-21,149351693,1385,0,181.6200508536,177.7281926211,177.7281926211,1.0000000,2,2,0.49994810000000000,0.499948100000,1.4143603653603398,1.4143603653603398,1.4143603653603398,0E-17,ELIGIBLE,R03b_20260811_FULL_v1,L1_ELIGIBILITY,v2026-08-11,2026-03-21..2026-08-06,baccarat_bet02_101_all_pairs_incl_sentinel,round_win = game_pnl > 0 (decisive only),COMPATIBILITY_ONLY_NOT_PRODUCTION,44544.5453,40072.9644,167.8358,1016,882,-0.00376782,-0.25196217,0.00359216,-0.00376782,-167.8358,44544.5453,OK,0.0000,6.7134,4.0000,96.0000,AG03-UNRESOLVED,ALL5_LEVELS_bet23_to_bet27,6.7134,6.7134,8.3918,8.3918,8.3918,4.000000,4.000000,5.000000,5.000000,5.000000,96.000000,96.000000,95.000000,95.000000,95.000000,5.0,38.6022,35.2192,129.2336,132.6166,PENDING_AG03,FALSE,NOT_FOR_ENFORCEMENT,161.1224,38470.0458,167.8358,161.1224,6.7134,0.00376782,0.00361711,6.7134,161.1224,0.00361711,6.7134,6.7134,8.3918,8.3918,8.3918,161.1224,0.00361711,38.6022,35.2192,129.2336,132.6166,0.00290122,0.00297717,0.00015071,43.8431,45.4342,0.1903,6.9932,0.3858,1856.0227,36.7500,42.7628,43.8759,23.144,38.5733,57.0806,78.5279,103.7829,155.6743,31.1349,-5.1431,2.690537,4.035805,1.136617,24,140,35,5,0.02880006,0.00376782,0.25196217,0E-8,0.000000,0.899616,0.000000,-0.25555432,2026-04-30,2026-07-25,24,435,233,87,0.275862,0.974631,0.975362,0.096000,,,,,,,,GLOBAL_BASELINE_NO_ENTITY_RANKING,,,NOT_APPLICABLE_GLOBAL_BASELINE,HF9g-P5,,,,X 全窗基线 · 不参与实体赏罚,6870680,688,A168_HF9F_20260827_0900,2026-08-27 09:00:00
2026-05-21,149351693,1396,0,145.2960406829,-145.2960406829,-145.2960406829,0E-7,2,2,0.49994810000000000,0.499948100000,-1.4140667746232096,-1.4140667746232096,-1.4140667746232096,0E-17,ELIGIBLE,R03b_20260811_FULL_v1,L1_ELIGIBILITY,v2026-08-11,2026-03-21..2026-08-06,baccarat_bet02_101_all_pairs_incl_sentinel,round_win = game_pnl > 0 (decisive only),COMPATIBILITY_ONLY_NOT_PRODUCTION,44544.5453,40072.9644,167.8358,1016,882,-0.00376782,-0.25196217,0.00359216,-0.00376782,-167.8358,44544.5453,OK,0.0000,6.7134,4.0000,96.0000,AG03-UNRESOLVED,ALL5_LEVELS_bet23_to_bet27,6.7134,6.7134,8.3918,8.3918,8.3918,4.000000,4.000000,5.000000,5.000000,5.000000,96.000000,96.000000,95.000000,95.000000,95.000000,5.0,38.6022,35.2192,129.2336,132.6166,PENDING_AG03,FALSE,NOT_FOR_ENFORCEMENT,161.1224,38470.0458,167.8358,161.1224,6.7134,0.00376782,0.00361711,6.7134,161.1224,0.00361711,6.7134,6.7134,8.3918,8.3918,8.3918,161.1224,0.00361711,38.6022,35.2192,129.2336,132.6166,0.00290122,0.00297717,0.00015071,43.8431,45.4342,0.1903,6.9932,0.3858,1856.0227,36.7500,42.7628,43.8759,23.144,38.5733,57.0806,78.5279,103.7829,155.6743,31.1349,-5.1431,2.690537,4.035805,1.136617,24,140,35,5,0.02880006,0.00376782,0.25196217,0E-8,0.000000,0.899616,0.000000,-0.25555432,2026-04-30,2026-07-25,24,435,233,87,0.275862,0.974631,0.975362,0.096000,,,,,,,,GLOBAL_BASELINE_NO_ENTITY_RANKING,,,NOT_APPLICABLE_GLOBAL_BASELINE,HF9g-P5,,,,X 全窗基线 · 不参与实体赏罚,6870681,688,A168_HF9F_20260827_0900,2026-08-27 09:00:00
2026-05-21,149351693,1507,0,129.7286077526,-129.7286077526,-129.7286077526,0E-7,1,1,0.49324550000000000,0.493245500000,-0.9865810262130424,-0.9865810262130424,-0.9865810262130424,0E-17,ELIGIBLE,R03b_20260811_FULL_v1,L1_ELIGIBILITY,v2026-08-11,2026-03-21..2026-08-06,baccarat_bet02_101_all_pairs_incl_sentinel,round_win = game_pnl > 0 (decisive only),COMPATIBILITY_ONLY_NOT_PRODUCTION,44544.5453,40072.9644,167.8358,1016,882,-0.00376782,-0.25196217,0.00359216,-0.00376782,-167.8358,44544.5453,OK,0.0000,6.7134,4.0000,96.0000,AG03-UNRESOLVED,ALL5_LEVELS_bet23_to_bet27,6.7134,6.7134,8.3918,8.3918,8.3918,4.000000,4.000000,5.000000,5.000000,5.000000,96.000000,96.000000,95.000000,95.000000,95.000000,5.0,38.6022,35.2192,129.2336,132.6166,PENDING_AG03,FALSE,NOT_FOR_ENFORCEMENT,161.1224,38470.0458,167.8358,161.1224,6.7134,0.00376782,0.00361711,6.7134,161.1224,0.00361711,6.7134,6.7134,8.3918,8.3918,8.3918,161.1224,0.00361711,38.6022,35.2192,129.2336,132.6166,0.00290122,0.00297717,0.00015071,43.8431,45.4342,0.1903,6.9932,0.3858,1856.0227,36.7500,42.7628,43.8759,23.144,38.5733,57.0806,78.5279,103.7829,155.6743,31.1349,-5.1431,2.690537,4.035805,1.136617,24,140,35,5,0.02880006,0.00376782,0.25196217,0E-8,0.000000,0.899616,0.000000,-0.25555432,2026-04-30,2026-07-25,24,435,233,87,0.275862,0.974631,0.975362,0.096000,,,,,,,,GLOBAL_BASELINE_NO_ENTITY_RANKING,,,NOT_APPLICABLE_GLOBAL_BASELINE,HF9g-P5,,,,X 全窗基线 · 不参与实体赏罚,6870682,688,A168_HF9F_20260827_0900,2026-08-27 09:00:00
2026-05-21,149351693,1509,0,77.8371646516,-1.9459291163,-1.9459291163,0.5000000,2,2,0.50665070000000000,0.506650700000,-0.018812684590367487,-0.018812684590367487,-0.018812684590367487,0E-17,ELIGIBLE,R03b_20260811_FULL_v1,L1_ELIGIBILITY,v2026-08-11,2026-03-21..2026-08-06,baccarat_bet02_101_all_pairs_incl_sentinel,round_win = game_pnl > 0 (decisive only),COMPATIBILITY_ONLY_NOT_PRODUCTION,44544.5453,40072.9644,167.8358,1016,882,-0.00376782,-0.25196217,0.00359216,-0.00376782,-167.8358,44544.5453,OK,0.0000,6.7134,4.0000,96.0000,AG03-UNRESOLVED,ALL5_LEVELS_bet23_to_bet27,6.7134,6.7134,8.3918,8.3918,8.3918,4.000000,4.000000,5.000000,5.000000,5.000000,96.000000,96.000000,95.000000,95.000000,95.000000,5.0,38.6022,35.2192,129.2336,132.6166,PENDING_AG03,FALSE,NOT_FOR_ENFORCEMENT,161.1224,38470.0458,167.8358,161.1224,6.7134,0.00376782,0.00361711,6.7134,161.1224,0.00361711,6.7134,6.7134,8.3918,8.3918,8.3918,161.1224,0.00361711,38.6022,35.2192,129.2336,132.6166,0.00290122,0.00297717,0.00015071,43.8431,45.4342,0.1903,6.9932,0.3858,1856.0227,36.7500,42.7628,43.8759,23.144,38.5733,57.0806,78.5279,103.7829,155.6743,31.1349,-5.1431,2.690537,4.035805,1.136617,24,140,35,5,0.02880006,0.00376782,0.25196217,0E-8,0.000000,0.899616,0.000000,-0.25555432,2026-04-30,2026-07-25,24,435,233,87,0.275862,0.974631,0.975362,0.096000,,,,,,,,GLOBAL_BASELINE_NO_ENTITY_RANKING,,,NOT_APPLICABLE_GLOBAL_BASELINE,HF9g-P5,,,,X 全窗基线 · 不参与实体赏罚,6870683,688,A168_HF9F_20260827_0900,2026-08-27 09:00:00
2026-05-21,149351693,1935,0,90.8100254268,-90.8100254268,-90.8100254268,0E-7,1,1,0.50665070000000000,0.506650700000,-1.013391052207602,-1.013391052207602,-1.013391052207602,0E-17,ELIGIBLE,R03b_20260811_FULL_v1,L1_ELIGIBILITY,v2026-08-11,2026-03-21..2026-08-06,baccarat_bet02_101_all_pairs_incl_sentinel,round_win = game_pnl > 0 (decisive only),COMPATIBILITY_ONLY_NOT_PRODUCTION,44544.5453,40072.9644,167.8358,1016,882,-0.00376782,-0.25196217,0.00359216,-0.00376782,-167.8358,44544.5453,OK,0.0000,6.7134,4.0000,96.0000,AG03-UNRESOLVED,ALL5_LEVELS_bet23_to_bet27,6.7134,6.7134,8.3918,8.3918,8.3918,4.000000,4.000000,5.000000,5.000000,5.000000,96.000000,96.000000,95.000000,95.000000,95.000000,5.0,38.6022,35.2192,129.2336,132.6166,PENDING_AG03,FALSE,NOT_FOR_ENFORCEMENT,161.1224,38470.0458,167.8358,161.1224,6.7134,0.00376782,0.00361711,6.7134,161.1224,0.00361711,6.7134,6.7134,8.3918,8.3918,8.3918,161.1224,0.00361711,38.6022,35.2192,129.2336,132.6166,0.00290122,0.00297717,0.00015071,43.8431,45.4342,0.1903,6.9932,0.3858,1856.0227,36.7500,42.7628,43.8759,23.144,38.5733,57.0806,78.5279,103.7829,155.6743,31.1349,-5.1431,2.690537,4.035805,1.136617,24,140,35,5,0.02880006,0.00376782,0.25196217,0E-8,0.000000,0.899616,0.000000,-0.25555432,2026-04-30,2026-07-25,24,435,233,87,0.275862,0.974631,0.975362,0.096000,,,,,,,,GLOBAL_BASELINE_NO_ENTITY_RANKING,,,NOT_APPLICABLE_GLOBAL_BASELINE,HF9g-P5,,,,X 全窗基线 · 不参与实体赏罚,6870684,688,A168_HF9F_20260827_0900,2026-08-27 09:00:00
2026-05-21,149351693,1966,0,79.9128223756,0E-10,0E-10,,1,1,0.49324550000000000,0.493245500000,,,,0E-17,NO_DECISIVE_ROUND,R03b_20260811_FULL_v1,L1_ELIGIBILITY,v2026-08-11,2026-03-21..2026-08-06,baccarat_bet02_101_all_pairs_incl_sentinel,round_win = game_pnl > 0 (decisive only),COMPATIBILITY_ONLY_NOT_PRODUCTION,44544.5453,40072.9644,167.8358,1016,882,-0.00376782,-0.25196217,0.00359216,-0.00376782,-167.8358,44544.5453,OK,0.0000,6.7134,4.0000,96.0000,AG03-UNRESOLVED,ALL5_LEVELS_bet23_to_bet27,6.7134,6.7134,8.3918,8.3918,8.3918,4.000000,4.000000,5.000000,5.000000,5.000000,96.000000,96.000000,95.000000,95.000000,95.000000,5.0,38.6022,35.2192,129.2336,132.6166,PENDING_AG03,FALSE,NOT_FOR_ENFORCEMENT,161.1224,38470.0458,167.8358,161.1224,6.7134,0.00376782,0.00361711,6.7134,161.1224,0.00361711,6.7134,6.7134,8.3918,8.3918,8.3918,161.1224,0.00361711,38.6022,35.2192,129.2336,132.6166,0.00290122,0.00297717,0.00015071,43.8431,45.4342,0.1903,6.9932,0.3858,1856.0227,36.7500,42.7628,43.8759,23.144,38.5733,57.0806,78.5279,103.7829,155.6743,31.1349,-5.1431,2.690537,4.035805,1.136617,24,140,35,5,0.02880006,0.00376782,0.25196217,0E-8,0.000000,0.899616,0.000000,-0.25555432,2026-04-30,2026-07-25,24,435,233,87,0.275862,0.974631,0.975362,0.096000,,,,,,,,GLOBAL_BASELINE_NO_ENTITY_RANKING,,,NOT_APPLICABLE_GLOBAL_BASELINE,HF9g-P5,,,,X 全窗基线 · 不参与实体赏罚,6870685,688,A168_HF9F_20260827_0900,2026-08-27 09:00:00
2026-05-21,149351693,1985,0,622.6973172123,70.0534481863,70.0534481863,0.5000000,8,8,0.50329940000000000,0.503299400000,-0.016164044843397878,-0.016164044843397878,-0.016164044843397878,0E-17,ELIGIBLE,R03b_20260811_FULL_v1,L1_ELIGIBILITY,v2026-08-11,2026-03-21..2026-08-06,baccarat_bet02_101_all_pairs_incl_sentinel,round_win = game_pnl > 0 (decisive only),COMPATIBILITY_ONLY_NOT_PRODUCTION,44544.5453,40072.9644,167.8358,1016,882,-0.00376782,-0.25196217,0.00359216,-0.00376782,-167.8358,44544.5453,OK,0.0000,6.7134,4.0000,96.0000,AG03-UNRESOLVED,ALL5_LEVELS_bet23_to_bet27,6.7134,6.7134,8.3918,8.3918,8.3918,4.000000,4.000000,5.000000,5.000000,5.000000,96.000000,96.000000,95.000000,95.000000,95.000000,5.0,38.6022,35.2192,129.2336,132.6166,PENDING_AG03,FALSE,NOT_FOR_ENFORCEMENT,161.1224,38470.0458,167.8358,161.1224,6.7134,0.00376782,0.00361711,6.7134,161.1224,0.00361711,6.7134,6.7134,8.3918,8.3918,8.3918,161.1224,0.00361711,38.6022,35.2192,129.2336,132.6166,0.00290122,0.00297717,0.00015071,43.8431,45.4342,0.1903,6.9932,0.3858,1856.0227,36.7500,42.7628,43.8759,23.144,38.5733,57.0806,78.5279,103.7829,155.6743,31.1349,-5.1431,2.690537,4.035805,1.136617,24,140,35,5,0.02880006,0.00376782,0.25196217,0E-8,0.000000,0.899616,0.000000,-0.25555432,2026-04-30,2026-07-25,24,435,233,87,0.275862,0.974631,0.975362,0.096000,,,,,,,,GLOBAL_BASELINE_NO_ENTITY_RANKING,,,NOT_APPLICABLE_GLOBAL_BASELINE,HF9g-P5,,,,X 全窗基线 · 不参与实体赏罚,6870686,688,A168_HF9F_20260827_0900,2026-08-27 09:00:00
2026-05-21,149351693,2088,0,127.1340355975,-127.1340355975,-127.1340355975,0E-7,2,2,0.50665070000000000,0.506650700000,-1.4331513700195317,-1.4331513700195317,-1.4331513700195317,0E-17,ELIGIBLE,R03b_20260811_FULL_v1,L1_ELIGIBILITY,v2026-08-11,2026-03-21..2026-08-06,baccarat_bet02_101_all_pairs_incl_sentinel,round_win = game_pnl > 0 (decisive only),COMPATIBILITY_ONLY_NOT_PRODUCTION,44544.5453,40072.9644,167.8358,1016,882,-0.00376782,-0.25196217,0.00359216,-0.00376782,-167.8358,44544.5453,OK,0.0000,6.7134,4.0000,96.0000,AG03-UNRESOLVED,ALL5_LEVELS_bet23_to_bet27,6.7134,6.7134,8.3918,8.3918,8.3918,4.000000,4.000000,5.000000,5.000000,5.000000,96.000000,96.000000,95.000000,95.000000,95.000000,5.0,38.6022,35.2192,129.2336,132.6166,PENDING_AG03,FALSE,NOT_FOR_ENFORCEMENT,161.1224,38470.0458,167.8358,161.1224,6.7134,0.00376782,0.00361711,6.7134,161.1224,0.00361711,6.7134,6.7134,8.3918,8.3918,8.3918,161.1224,0.00361711,38.6022,35.2192,129.2336,132.6166,0.00290122,0.00297717,0.00015071,43.8431,45.4342,0.1903,6.9932,0.3858,1856.0227,36.7500,42.7628,43.8759,23.144,38.5733,57.0806,78.5279,103.7829,155.6743,31.1349,-5.1431,2.690537,4.035805,1.136617,24,140,35,5,0.02880006,0.00376782,0.25196217,0E-8,0.000000,0.899616,0.000000,-0.25555432,2026-04-30,2026-07-25,24,435,233,87,0.275862,0.974631,0.975362,0.096000,,,,,,,,GLOBAL_BASELINE_NO_ENTITY_RANKING,,,NOT_APPLICABLE_GLOBAL_BASELINE,HF9g-P5,,,,X 全窗基线 · 不参与实体赏罚,6870687,688,A168_HF9F_20260827_0900,2026-08-27 09:00:00
2026-05-21,149351693,2103,0,51.8914431010,-51.8914431010,-51.8914431010,0E-7,1,1,0.50665070000000000,0.506650700000,-1.013391052207602,-1.013391052207602,-1.013391052207602,0E-17,ELIGIBLE,R03b_20260811_FULL_v1,L1_ELIGIBILITY,v2026-08-11,2026-03-21..2026-08-06,baccarat_bet02_101_all_pairs_incl_sentinel,round_win = game_pnl > 0 (decisive only),COMPATIBILITY_ONLY_NOT_PRODUCTION,44544.5453,40072.9644,167.8358,1016,882,-0.00376782,-0.25196217,0.00359216,-0.00376782,-167.8358,44544.5453,OK,0.0000,6.7134,4.0000,96.0000,AG03-UNRESOLVED,ALL5_LEVELS_bet23_to_bet27,6.7134,6.7134,8.3918,8.3918,8.3918,4.000000,4.000000,5.000000,5.000000,5.000000,96.000000,96.000000,95.000000,95.000000,95.000000,5.0,38.6022,35.2192,129.2336,132.6166,PENDING_AG03,FALSE,NOT_FOR_ENFORCEMENT,161.1224,38470.0458,167.8358,161.1224,6.7134,0.00376782,0.00361711,6.7134,161.1224,0.00361711,6.7134,6.7134,8.3918,8.3918,8.3918,161.1224,0.00361711,38.6022,35.2192,129.2336,132.6166,0.00290122,0.00297717,0.00015071,43.8431,45.4342,0.1903,6.9932,0.3858,1856.0227,36.7500,42.7628,43.8759,23.144,38.5733,57.0806,78.5279,103.7829,155.6743,31.1349,-5.1431,2.690537,4.035805,1.136617,24,140,35,5,0.02880006,0.00376782,0.25196217,0E-8,0.000000,0.899616,0.000000,-0.25555432,2026-04-30,2026-07-25,24,435,233,87,0.275862,0.974631,0.975362,0.096000,,,,,,,,GLOBAL_BASELINE_NO_ENTITY_RANKING,,,NOT_APPLICABLE_GLOBAL_BASELINE,HF9g-P5,,,,X 全窗基线 · 不参与实体赏罚,6870688,688,A168_HF9F_20260827_0900,2026-08-27 09:00:00
2026-05-21,149351693,2108,0,103.7828862021,-103.7828862021,-103.7828862021,0E-7,1,1,0.49324550000000000,0.493245500000,-0.9865810262130424,-0.9865810262130424,-0.9865810262130424,0E-17,ELIGIBLE,R03b_20260811_FULL_v1,L1_ELIGIBILITY,v2026-08-11,2026-03-21..2026-08-06,baccarat_bet02_101_all_pairs_incl_sentinel,round_win = game_pnl > 0 (decisive only),COMPATIBILITY_ONLY_NOT_PRODUCTION,44544.5453,40072.9644,167.8358,1016,882,-0.00376782,-0.25196217,0.00359216,-0.00376782,-167.8358,44544.5453,OK,0.0000,6.7134,4.0000,96.0000,AG03-UNRESOLVED,ALL5_LEVELS_bet23_to_bet27,6.7134,6.7134,8.3918,8.3918,8.3918,4.000000,4.000000,5.000000,5.000000,5.000000,96.000000,96.000000,95.000000,95.000000,95.000000,5.0,38.6022,35.2192,129.2336,132.6166,PENDING_AG03,FALSE,NOT_FOR_ENFORCEMENT,161.1224,38470.0458,167.8358,161.1224,6.7134,0.00376782,0.00361711,6.7134,161.1224,0.00361711,6.7134,6.7134,8.3918,8.3918,8.3918,161.1224,0.00361711,38.6022,35.2192,129.2336,132.6166,0.00290122,0.00297717,0.00015071,43.8431,45.4342,0.1903,6.9932,0.3858,1856.0227,36.7500,42.7628,43.8759,23.144,38.5733,57.0806,78.5279,103.7829,155.6743,31.1349,-5.1431,2.690537,4.035805,1.136617,24,140,35,5,0.02880006,0.00376782,0.25196217,0E-8,0.000000,0.899616,0.000000,-0.25555432,2026-04-30,2026-07-25,24,435,233,87,0.275862,0.974631,0.975362,0.096000,,,,,,,,GLOBAL_BASELINE_NO_ENTITY_RANKING,,,NOT_APPLICABLE_GLOBAL_BASELINE,HF9g-P5,,,,X 全窗基线 · 不参与实体赏罚,6870689,688,A168_HF9F_20260827_0900,2026-08-27 09:00:00
2026-05-21,149351693,2123,0,64.8643038763,-64.8643038763,-64.8643038763,0E-7,1,1,0.50665070000000000,0.506650700000,-1.013391052207602,-1.013391052207602,-1.013391052207602,0E-17,ELIGIBLE,R03b_20260811_FULL_v1,L1_ELIGIBILITY,v2026-08-11,2026-03-21..2026-08-06,baccarat_bet02_101_all_pairs_incl_sentinel,round_win = game_pnl > 0 (decisive only),COMPATIBILITY_ONLY_NOT_PRODUCTION,44544.5453,40072.9644,167.8358,1016,882,-0.00376782,-0.25196217,0.00359216,-0.00376782,-167.8358,44544.5453,OK,0.0000,6.7134,4.0000,96.0000,AG03-UNRESOLVED,ALL5_LEVELS_bet23_to_bet27,6.7134,6.7134,8.3918,8.3918,8.3918,4.000000,4.000000,5.000000,5.000000,5.000000,96.000000,96.000000,95.000000,95.000000,95.000000,5.0,38.6022,35.2192,129.2336,132.6166,PENDING_AG03,FALSE,NOT_FOR_ENFORCEMENT,161.1224,38470.0458,167.8358,161.1224,6.7134,0.00376782,0.00361711,6.7134,161.1224,0.00361711,6.7134,6.7134,8.3918,8.3918,8.3918,161.1224,0.00361711,38.6022,35.2192,129.2336,132.6166,0.00290122,0.00297717,0.00015071,43.8431,45.4342,0.1903,6.9932,0.3858,1856.0227,36.7500,42.7628,43.8759,23.144,38.5733,57.0806,78.5279,103.7829,155.6743,31.1349,-5.1431,2.690537,4.035805,1.136617,24,140,35,5,0.02880006,0.00376782,0.25196217,0E-8,0.000000,0.899616,0.000000,-0.25555432,2026-04-30,2026-07-25,24,435,233,87,0.275862,0.974631,0.975362,0.096000,,,,,,,,GLOBAL_BASELINE_NO_ENTITY_RANKING,,,NOT_APPLICABLE_GLOBAL_BASELINE,HF9g-P5,,,,X 全窗基线 · 不参与实体赏罚,6870690,688,A168_HF9F_20260827_0900,2026-08-27 09:00:00
2026-05-21,149351693,2127,0,173.8363343884,66.1615899539,66.1615899539,0.6666667,3,3,0.49771390000000000,0.497713900000,0.5852756695216578,0.5852756695216578,0.5852756695216578,0E-17,ELIGIBLE,R03b_20260811_FULL_v1,L1_ELIGIBILITY,v2026-08-11,2026-03-21..2026-08-06,baccarat_bet02_101_all_pairs_incl_sentinel,round_win = game_pnl > 0 (decisive only),COMPATIBILITY_ONLY_NOT_PRODUCTION,44544.5453,40072.9644,167.8358,1016,882,-0.00376782,-0.25196217,0.00359216,-0.00376782,-167.8358,44544.5453,OK,0.0000,6.7134,4.0000,96.0000,AG03-UNRESOLVED,ALL5_LEVELS_bet23_to_bet27,6.7134,6.7134,8.3918,8.3918,8.3918,4.000000,4.000000,5.000000,5.000000,5.000000,96.000000,96.000000,95.000000,95.000000,95.000000,5.0,38.6022,35.2192,129.2336,132.6166,PENDING_AG03,FALSE,NOT_FOR_ENFORCEMENT,161.1224,38470.0458,167.8358,161.1224,6.7134,0.00376782,0.00361711,6.7134,161.1224,0.00361711,6.7134,6.7134,8.3918,8.3918,8.3918,161.1224,0.00361711,38.6022,35.2192,129.2336,132.6166,0.00290122,0.00297717,0.00015071,43.8431,45.4342,0.1903,6.9932,0.3858,1856.0227,36.7500,42.7628,43.8759,23.144,38.5733,57.0806,78.5279,103.7829,155.6743,31.1349,-5.1431,2.690537,4.035805,1.136617,24,140,35,5,0.02880006,0.00376782,0.25196217,0E-8,0.000000,0.899616,0.000000,-0.25555432,2026-04-30,2026-07-25,24,435,233,87,0.275862,0.974631,0.975362,0.096000,,,,,,,,GLOBAL_BASELINE_NO_ENTITY_RANKING,,,NOT_APPLICABLE_GLOBAL_BASELINE,HF9g-P5,,,,X 全窗基线 · 不参与实体赏罚,6870691,688,A168_HF9F_20260827_0900,2026-08-27 09:00:00
2026-05-21,149351693,2145,0,229.8790929375,218.3851382908,218.3851382908,1.0000000,3,3,0.50665070000000000,0.506650700000,1.7091633124209307,1.7091633124209307,1.7091633124209307,0E-17,ELIGIBLE,R03b_20260811_FULL_v1,L1_ELIGIBILITY,v2026-08-11,2026-03-21..2026-08-06,baccarat_bet02_101_all_pairs_incl_sentinel,round_win = game_pnl > 0 (decisive only),COMPATIBILITY_ONLY_NOT_PRODUCTION,44544.5453,40072.9644,167.8358,1016,882,-0.00376782,-0.25196217,0.00359216,-0.00376782,-167.8358,44544.5453,OK,0.0000,6.7134,4.0000,96.0000,AG03-UNRESOLVED,ALL5_LEVELS_bet23_to_bet27,6.7134,6.7134,8.3918,8.3918,8.3918,4.000000,4.000000,5.000000,5.000000,5.000000,96.000000,96.000000,95.000000,95.000000,95.000000,5.0,38.6022,35.2192,129.2336,132.6166,PENDING_AG03,FALSE,NOT_FOR_ENFORCEMENT,161.1224,38470.0458,167.8358,161.1224,6.7134,0.00376782,0.00361711,6.7134,161.1224,0.00361711,6.7134,6.7134,8.3918,8.3918,8.3918,161.1224,0.00361711,38.6022,35.2192,129.2336,132.6166,0.00290122,0.00297717,0.00015071,43.8431,45.4342,0.1903,6.9932,0.3858,1856.0227,36.7500,42.7628,43.8759,23.144,38.5733,57.0806,78.5279,103.7829,155.6743,31.1349,-5.1431,2.690537,4.035805,1.136617,24,140,35,5,0.02880006,0.00376782,0.25196217,0E-8,0.000000,0.899616,0.000000,-0.25555432,2026-04-30,2026-07-25,24,435,233,87,0.275862,0.974631,0.975362,0.096000,,,,,,,,GLOBAL_BASELINE_NO_ENTITY_RANKING,,,NOT_APPLICABLE_GLOBAL_BASELINE,HF9g-P5,,,,X 全窗基线 · 不参与实体赏罚,6870692,688,A168_HF9F_20260827_0900,2026-08-27 09:00:00
2026-05-21,149351693,2152,0,59.6751595662,56.6914015879,56.6914015879,1.0000000,1,1,0.50665070000000000,0.506650700000,0.9867858985152569,0.9867858985152569,0.9867858985152569,0E-17,ELIGIBLE,R03b_20260811_FULL_v1,L1_ELIGIBILITY,v2026-08-11,2026-03-21..2026-08-06,baccarat_bet02_101_all_pairs_incl_sentinel,round_win = game_pnl > 0 (decisive only),COMPATIBILITY_ONLY_NOT_PRODUCTION,44544.5453,40072.9644,167.8358,1016,882,-0.00376782,-0.25196217,0.00359216,-0.00376782,-167.8358,44544.5453,OK,0.0000,6.7134,4.0000,96.0000,AG03-UNRESOLVED,ALL5_LEVELS_bet23_to_bet27,6.7134,6.7134,8.3918,8.3918,8.3918,4.000000,4.000000,5.000000,5.000000,5.000000,96.000000,96.000000,95.000000,95.000000,95.000000,5.0,38.6022,35.2192,129.2336,132.6166,PENDING_AG03,FALSE,NOT_FOR_ENFORCEMENT,161.1224,38470.0458,167.8358,161.1224,6.7134,0.00376782,0.00361711,6.7134,161.1224,0.00361711,6.7134,6.7134,8.3918,8.3918,8.3918,161.1224,0.00361711,38.6022,35.2192,129.2336,132.6166,0.00290122,0.00297717,0.00015071,43.8431,45.4342,0.1903,6.9932,0.3858,1856.0227,36.7500,42.7628,43.8759,23.144,38.5733,57.0806,78.5279,103.7829,155.6743,31.1349,-5.1431,2.690537,4.035805,1.136617,24,140,35,5,0.02880006,0.00376782,0.25196217,0E-8,0.000000,0.899616,0.000000,-0.25555432,2026-04-30,2026-07-25,24,435,233,87,0.275862,0.974631,0.975362,0.096000,,,,,,,,GLOBAL_BASELINE_NO_ENTITY_RANKING,,,NOT_APPLICABLE_GLOBAL_BASELINE,HF9g-P5,,,,X 全窗基线 · 不参与实体赏罚,6870693,688,A168_HF9F_20260827_0900,2026-08-27 09:00:00
2026-05-21,149351693,2153,0,191.9983394738,55.9130299414,55.9130299414,0.6666667,3,3,0.50665070000000000,0.506650700000,0.5543606114942035,0.5543606114942035,0.5543606114942035,0E-17,ELIGIBLE,R03b_20260811_FULL_v1,L1_ELIGIBILITY,v2026-08-11,2026-03-21..2026-08-06,baccarat_bet02_101_all_pairs_incl_sentinel,round_win = game_pnl > 0 (decisive only),COMPATIBILITY_ONLY_NOT_PRODUCTION,44544.5453,40072.9644,167.8358,1016,882,-0.00376782,-0.25196217,0.00359216,-0.00376782,-167.8358,44544.5453,OK,0.0000,6.7134,4.0000,96.0000,AG03-UNRESOLVED,ALL5_LEVELS_bet23_to_bet27,6.7134,6.7134,8.3918,8.3918,8.3918,4.000000,4.000000,5.000000,5.000000,5.000000,96.000000,96.000000,95.000000,95.000000,95.000000,5.0,38.6022,35.2192,129.2336,132.6166,PENDING_AG03,FALSE,NOT_FOR_ENFORCEMENT,161.1224,38470.0458,167.8358,161.1224,6.7134,0.00376782,0.00361711,6.7134,161.1224,0.00361711,6.7134,6.7134,8.3918,8.3918,8.3918,161.1224,0.00361711,38.6022,35.2192,129.2336,132.6166,0.00290122,0.00297717,0.00015071,43.8431,45.4342,0.1903,6.9932,0.3858,1856.0227,36.7500,42.7628,43.8759,23.144,38.5733,57.0806,78.5279,103.7829,155.6743,31.1349,-5.1431,2.690537,4.035805,1.136617,24,140,35,5,0.02880006,0.00376782,0.25196217,0E-8,0.000000,0.899616,0.000000,-0.25555432,2026-04-30,2026-07-25,24,435,233,87,0.275862,0.974631,0.975362,0.096000,,,,,,,,GLOBAL_BASELINE_NO_ENTITY_RANKING,,,NOT_APPLICABLE_GLOBAL_BASELINE,HF9g-P5,,,,X 全窗基线 · 不参与实体赏罚,6870694,688,A168_HF9F_20260827_0900,2026-08-27 09:00:00
2026-05-21,149351693,2169,0,323.8026049506,347.8023973847,347.8023973847,0.7500000,6,4,0.48050610735284533,0.397033600000,1.078795792772436,1.4427901687302414,1.078795792772436,0.08347250735284533,ELIGIBLE,R03b_20260811_FULL_v1,L1_ELIGIBILITY,v2026-08-11,2026-03-21..2026-08-06,baccarat_bet02_101_all_pairs_incl_sentinel,round_win = game_pnl > 0 (decisive only),COMPATIBILITY_ONLY_NOT_PRODUCTION,44544.5453,40072.9644,167.8358,1016,882,-0.00376782,-0.25196217,0.00359216,-0.00376782,-167.8358,44544.5453,OK,0.0000,6.7134,4.0000,96.0000,AG03-UNRESOLVED,ALL5_LEVELS_bet23_to_bet27,6.7134,6.7134,8.3918,8.3918,8.3918,4.000000,4.000000,5.000000,5.000000,5.000000,96.000000,96.000000,95.000000,95.000000,95.000000,5.0,38.6022,35.2192,129.2336,132.6166,PENDING_AG03,FALSE,NOT_FOR_ENFORCEMENT,161.1224,38470.0458,167.8358,161.1224,6.7134,0.00376782,0.00361711,6.7134,161.1224,0.00361711,6.7134,6.7134,8.3918,8.3918,8.3918,161.1224,0.00361711,38.6022,35.2192,129.2336,132.6166,0.00290122,0.00297717,0.00015071,43.8431,45.4342,0.1903,6.9932,0.3858,1856.0227,36.7500,42.7628,43.8759,23.144,38.5733,57.0806,78.5279,103.7829,155.6743,31.1349,-5.1431,2.690537,4.035805,1.136617,24,140,35,5,0.02880006,0.00376782,0.25196217,0E-8,0.000000,0.899616,0.000000,-0.25555432,2026-04-30,2026-07-25,24,435,233,87,0.275862,0.974631,0.975362,0.096000,,,,,,,,GLOBAL_BASELINE_NO_ENTITY_RANKING,,,NOT_APPLICABLE_GLOBAL_BASELINE,HF9g-P5,,,,X 全窗基线 · 不参与实体赏罚,6870695,688,A168_HF9F_20260827_0900,2026-08-27 09:00:00
2026-05-21,149351693,2170,0,77.8371646515,-77.8371646515,-77.8371646515,0E-7,1,1,0.50665070000000000,0.506650700000,-1.013391052207602,-1.013391052207602,-1.013391052207602,0E-17,ELIGIBLE,R03b_20260811_FULL_v1,L1_ELIGIBILITY,v2026-08-11,2026-03-21..2026-08-06,baccarat_bet02_101_all_pairs_incl_sentinel,round_win = game_pnl > 0 (decisive only),COMPATIBILITY_ONLY_NOT_PRODUCTION,44544.5453,40072.9644,167.8358,1016,882,-0.00376782,-0.25196217,0.00359216,-0.00376782,-167.8358,44544.5453,OK,0.0000,6.7134,4.0000,96.0000,AG03-UNRESOLVED,ALL5_LEVELS_bet23_to_bet27,6.7134,6.7134,8.3918,8.3918,8.3918,4.000000,4.000000,5.000000,5.000000,5.000000,96.000000,96.000000,95.000000,95.000000,95.000000,5.0,38.6022,35.2192,129.2336,132.6166,PENDING_AG03,FALSE,NOT_FOR_ENFORCEMENT,161.1224,38470.0458,167.8358,161.1224,6.7134,0.00376782,0.00361711,6.7134,161.1224,0.00361711,6.7134,6.7134,8.3918,8.3918,8.3918,161.1224,0.00361711,38.6022,35.2192,129.2336,132.6166,0.00290122,0.00297717,0.00015071,43.8431,45.4342,0.1903,6.9932,0.3858,1856.0227,36.7500,42.7628,43.8759,23.144,38.5733,57.0806,78.5279,103.7829,155.6743,31.1349,-5.1431,2.690537,4.035805,1.136617,24,140,35,5,0.02880006,0.00376782,0.25196217,0E-8,0.000000,0.899616,0.000000,-0.25555432,2026-04-30,2026-07-25,24,435,233,87,0.275862,0.974631,0.975362,0.096000,,,,,,,,GLOBAL_BASELINE_NO_ENTITY_RANKING,,,NOT_APPLICABLE_GLOBAL_BASELINE,HF9g-P5,,,,X 全窗基线 · 不参与实体赏罚,6870696,688,A168_HF9F_20260827_0900,2026-08-27 09:00:00
2026-05-21,149351693,2171,0,321.7269472263,238.3114524416,238.3114524416,0.8333333,7,6,0.49968479885057786,0.470111666667,1.6345376506087301,1.782603187176548,1.6345376506087301,0.02957313218357786,ELIGIBLE,R03b_20260811_FULL_v1,L1_ELIGIBILITY,v2026-08-11,2026-03-21..2026-08-06,baccarat_bet02_101_all_pairs_incl_sentinel,round_win = game_pnl > 0 (decisive only),COMPATIBILITY_ONLY_NOT_PRODUCTION,44544.5453,40072.9644,167.8358,1016,882,-0.00376782,-0.25196217,0.00359216,-0.00376782,-167.8358,44544.5453,OK,0.0000,6.7134,4.0000,96.0000,AG03-UNRESOLVED,ALL5_LEVELS_bet23_to_bet27,6.7134,6.7134,8.3918,8.3918,8.3918,4.000000,4.000000,5.000000,5.000000,5.000000,96.000000,96.000000,95.000000,95.000000,95.000000,5.0,38.6022,35.2192,129.2336,132.6166,PENDING_AG03,FALSE,NOT_FOR_ENFORCEMENT,161.1224,38470.0458,167.8358,161.1224,6.7134,0.00376782,0.00361711,6.7134,161.1224,0.00361711,6.7134,6.7134,8.3918,8.3918,8.3918,161.1224,0.00361711,38.6022,35.2192,129.2336,132.6166,0.00290122,0.00297717,0.00015071,43.8431,45.4342,0.1903,6.9932,0.3858,1856.0227,36.7500,42.7628,43.8759,23.144,38.5733,57.0806,78.5279,103.7829,155.6743,31.1349,-5.1431,2.690537,4.035805,1.136617,24,140,35,5,0.02880006,0.00376782,0.25196217,0E-8,0.000000,0.899616,0.000000,-0.25555432,2026-04-30,2026-07-25,24,435,233,87,0.275862,0.974631,0.975362,0.096000,,,,,,,,GLOBAL_BASELINE_NO_ENTITY_RANKING,,,NOT_APPLICABLE_GLOBAL_BASELINE,HF9g-P5,,,,X 全窗基线 · 不参与实体赏罚,6870697,688,A168_HF9F_20260827_0900,2026-08-27 09:00:00
2026-05-21,149351693,2188,0,29.3186653521,-29.3186653521,-29.3186653521,0E-7,1,1,0.49324550000000000,0.493245500000,-0.9865810262130424,-0.9865810262130424,-0.9865810262130424,0E-17,ELIGIBLE,R03b_20260811_FULL_v1,L1_ELIGIBILITY,v2026-08-11,2026-03-21..2026-08-06,baccarat_bet02_101_all_pairs_incl_sentinel,round_win = game_pnl > 0 (decisive only),COMPATIBILITY_ONLY_NOT_PRODUCTION,44544.5453,40072.9644,167.8358,1016,882,-0.00376782,-0.25196217,0.00359216,-0.00376782,-167.8358,44544.5453,OK,0.0000,6.7134,4.0000,96.0000,AG03-UNRESOLVED,ALL5_LEVELS_bet23_to_bet27,6.7134,6.7134,8.3918,8.3918,8.3918,4.000000,4.000000,5.000000,5.000000,5.000000,96.000000,96.000000,95.000000,95.000000,95.000000,5.0,38.6022,35.2192,129.2336,132.6166,PENDING_AG03,FALSE,NOT_FOR_ENFORCEMENT,161.1224,38470.0458,167.8358,161.1224,6.7134,0.00376782,0.00361711,6.7134,161.1224,0.00361711,6.7134,6.7134,8.3918,8.3918,8.3918,161.1224,0.00361711,38.6022,35.2192,129.2336,132.6166,0.00290122,0.00297717,0.00015071,43.8431,45.4342,0.1903,6.9932,0.3858,1856.0227,36.7500,42.7628,43.8759,23.144,38.5733,57.0806,78.5279,103.7829,155.6743,31.1349,-5.1431,2.690537,4.035805,1.136617,24,140,35,5,0.02880006,0.00376782,0.25196217,0E-8,0.000000,0.899616,0.000000,-0.25555432,2026-04-30,2026-07-25,24,435,233,87,0.275862,0.974631,0.975362,0.096000,,,,,,,,GLOBAL_BASELINE_NO_ENTITY_RANKING,,,NOT_APPLICABLE_GLOBAL_BASELINE,HF9g-P5,,,,X 全窗基线 · 不参与实体赏罚,6870698,688,A168_HF9F_20260827_0900,2026-08-27 09:00:00
2026-05-21,149351693,2201,0,33.7294380157,0E-10,0E-10,,1,1,0.49324550000000000,0.493245500000,,,,0E-17,NO_DECISIVE_ROUND,R03b_20260811_FULL_v1,L1_ELIGIBILITY,v2026-08-11,2026-03-21..2026-08-06,baccarat_bet02_101_all_pairs_incl_sentinel,round_win = game_pnl > 0 (decisive only),COMPATIBILITY_ONLY_NOT_PRODUCTION,44544.5453,40072.9644,167.8358,1016,882,-0.00376782,-0.25196217,0.00359216,-0.00376782,-167.8358,44544.5453,OK,0.0000,6.7134,4.0000,96.0000,AG03-UNRESOLVED,ALL5_LEVELS_bet23_to_bet27,6.7134,6.7134,8.3918,8.3918,8.3918,4.000000,4.000000,5.000000,5.000000,5.000000,96.000000,96.000000,95.000000,95.000000,95.000000,5.0,38.6022,35.2192,129.2336,132.6166,PENDING_AG03,FALSE,NOT_FOR_ENFORCEMENT,161.1224,38470.0458,167.8358,161.1224,6.7134,0.00376782,0.00361711,6.7134,161.1224,0.00361711,6.7134,6.7134,8.3918,8.3918,8.3918,161.1224,0.00361711,38.6022,35.2192,129.2336,132.6166,0.00290122,0.00297717,0.00015071,43.8431,45.4342,0.1903,6.9932,0.3858,1856.0227,36.7500,42.7628,43.8759,23.144,38.5733,57.0806,78.5279,103.7829,155.6743,31.1349,-5.1431,2.690537,4.035805,1.136617,24,140,35,5,0.02880006,0.00376782,0.25196217,0E-8,0.000000,0.899616,0.000000,-0.25555432,2026-04-30,2026-07-25,24,435,233,87,0.275862,0.974631,0.975362,0.096000,,,,,,,,GLOBAL_BASELINE_NO_ENTITY_RANKING,,,NOT_APPLICABLE_GLOBAL_BASELINE,HF9g-P5,,,,X 全窗基线 · 不参与实体赏罚,6870699,688,A168_HF9F_20260827_0900,2026-08-27 09:00:00
2026-05-21,149351693,2205,0,103.7828862021,-103.7828862021,-103.7828862021,0E-7,1,1,0.50665070000000000,0.506650700000,-1.013391052207602,-1.013391052207602,-1.013391052207602,0E-17,ELIGIBLE,R03b_20260811_FULL_v1,L1_ELIGIBILITY,v2026-08-11,2026-03-21..2026-08-06,baccarat_bet02_101_all_pairs_incl_sentinel,round_win = game_pnl > 0 (decisive only),COMPATIBILITY_ONLY_NOT_PRODUCTION,44544.5453,40072.9644,167.8358,1016,882,-0.00376782,-0.25196217,0.00359216,-0.00376782,-167.8358,44544.5453,OK,0.0000,6.7134,4.0000,96.0000,AG03-UNRESOLVED,ALL5_LEVELS_bet23_to_bet27,6.7134,6.7134,8.3918,8.3918,8.3918,4.000000,4.000000,5.000000,5.000000,5.000000,96.000000,96.000000,95.000000,95.000000,95.000000,5.0,38.6022,35.2192,129.2336,132.6166,PENDING_AG03,FALSE,NOT_FOR_ENFORCEMENT,161.1224,38470.0458,167.8358,161.1224,6.7134,0.00376782,0.00361711,6.7134,161.1224,0.00361711,6.7134,6.7134,8.3918,8.3918,8.3918,161.1224,0.00361711,38.6022,35.2192,129.2336,132.6166,0.00290122,0.00297717,0.00015071,43.8431,45.4342,0.1903,6.9932,0.3858,1856.0227,36.7500,42.7628,43.8759,23.144,38.5733,57.0806,78.5279,103.7829,155.6743,31.1349,-5.1431,2.690537,4.035805,1.136617,24,140,35,5,0.02880006,0.00376782,0.25196217,0E-8,0.000000,0.899616,0.000000,-0.25555432,2026-04-30,2026-07-25,24,435,233,87,0.275862,0.974631,0.975362,0.096000,,,,,,,,GLOBAL_BASELINE_NO_ENTITY_RANKING,,,NOT_APPLICABLE_GLOBAL_BASELINE,HF9g-P5,,,,X 全窗基线 · 不参与实体赏罚,6870700,688,A168_HF9F_20260827_0900,2026-08-27 09:00:00
2026-05-21,149351693,2216,0,51.8914431010,-51.8914431010,-51.8914431010,0E-7,1,1,0.50665070000000000,0.506650700000,-1.013391052207602,-1.013391052207602,-1.013391052207602,0E-17,ELIGIBLE,R03b_20260811_FULL_v1,L1_ELIGIBILITY,v2026-08-11,2026-03-21..2026-08-06,baccarat_bet02_101_all_pairs_incl_sentinel,round_win = game_pnl > 0 (decisive only),COMPATIBILITY_ONLY_NOT_PRODUCTION,44544.5453,40072.9644,167.8358,1016,882,-0.00376782,-0.25196217,0.00359216,-0.00376782,-167.8358,44544.5453,OK,0.0000,6.7134,4.0000,96.0000,AG03-UNRESOLVED,ALL5_LEVELS_bet23_to_bet27,6.7134,6.7134,8.3918,8.3918,8.3918,4.000000,4.000000,5.000000,5.000000,5.000000,96.000000,96.000000,95.000000,95.000000,95.000000,5.0,38.6022,35.2192,129.2336,132.6166,PENDING_AG03,FALSE,NOT_FOR_ENFORCEMENT,161.1224,38470.0458,167.8358,161.1224,6.7134,0.00376782,0.00361711,6.7134,161.1224,0.00361711,6.7134,6.7134,8.3918,8.3918,8.3918,161.1224,0.00361711,38.6022,35.2192,129.2336,132.6166,0.00290122,0.00297717,0.00015071,43.8431,45.4342,0.1903,6.9932,0.3858,1856.0227,36.7500,42.7628,43.8759,23.144,38.5733,57.0806,78.5279,103.7829,155.6743,31.1349,-5.1431,2.690537,4.035805,1.136617,24,140,35,5,0.02880006,0.00376782,0.25196217,0E-8,0.000000,0.899616,0.000000,-0.25555432,2026-04-30,2026-07-25,24,435,233,87,0.275862,0.974631,0.975362,0.096000,,,,,,,,GLOBAL_BASELINE_NO_ENTITY_RANKING,,,NOT_APPLICABLE_GLOBAL_BASELINE,HF9g-P5,,,,X 全窗基线 · 不参与实体赏罚,6870701,688,A168_HF9F_20260827_0900,2026-08-27 09:00:00
2026-05-21,149351693,2220,0,77.8371646515,-77.8371646515,-77.8371646515,0E-7,1,1,0.50665070000000000,0.506650700000,-1.013391052207602,-1.013391052207602,-1.013391052207602,0E-17,ELIGIBLE,R03b_20260811_FULL_v1,L1_ELIGIBILITY,v2026-08-11,2026-03-21..2026-08-06,baccarat_bet02_101_all_pairs_incl_sentinel,round_win = game_pnl > 0 (decisive only),COMPATIBILITY_ONLY_NOT_PRODUCTION,44544.5453,40072.9644,167.8358,1016,882,-0.00376782,-0.25196217,0.00359216,-0.00376782,-167.8358,44544.5453,OK,0.0000,6.7134,4.0000,96.0000,AG03-UNRESOLVED,ALL5_LEVELS_bet23_to_bet27,6.7134,6.7134,8.3918,8.3918,8.3918,4.000000,4.000000,5.000000,5.000000,5.000000,96.000000,96.000000,95.000000,95.000000,95.000000,5.0,38.6022,35.2192,129.2336,132.6166,PENDING_AG03,FALSE,NOT_FOR_ENFORCEMENT,161.1224,38470.0458,167.8358,161.1224,6.7134,0.00376782,0.00361711,6.7134,161.1224,0.00361711,6.7134,6.7134,8.3918,8.3918,8.3918,161.1224,0.00361711,38.6022,35.2192,129.2336,132.6166,0.00290122,0.00297717,0.00015071,43.8431,45.4342,0.1903,6.9932,0.3858,1856.0227,36.7500,42.7628,43.8759,23.144,38.5733,57.0806,78.5279,103.7829,155.6743,31.1349,-5.1431,2.690537,4.035805,1.136617,24,140,35,5,0.02880006,0.00376782,0.25196217,0E-8,0.000000,0.899616,0.000000,-0.25555432,2026-04-30,2026-07-25,24,435,233,87,0.275862,0.974631,0.975362,0.096000,,,,,,,,GLOBAL_BASELINE_NO_ENTITY_RANKING,,,NOT_APPLICABLE_GLOBAL_BASELINE,HF9g-P5,,,,X 全窗基线 · 不参与实体赏罚,6870702,688,A168_HF9F_20260827_0900,2026-08-27 09:00:00
2026-05-21,149351693,2230,0,25.9457215505,24.6484354730,24.6484354730,1.0000000,1,1,0.50665070000000000,0.506650700000,0.9867858985152569,0.9867858985152569,0.9867858985152569,0E-17,ELIGIBLE,R03b_20260811_FULL_v1,L1_ELIGIBILITY,v2026-08-11,2026-03-21..2026-08-06,baccarat_bet02_101_all_pairs_incl_sentinel,round_win = game_pnl > 0 (decisive only),COMPATIBILITY_ONLY_NOT_PRODUCTION,44544.5453,40072.9644,167.8358,1016,882,-0.00376782,-0.25196217,0.00359216,-0.00376782,-167.8358,44544.5453,OK,0.0000,6.7134,4.0000,96.0000,AG03-UNRESOLVED,ALL5_LEVELS_bet23_to_bet27,6.7134,6.7134,8.3918,8.3918,8.3918,4.000000,4.000000,5.000000,5.000000,5.000000,96.000000,96.000000,95.000000,95.000000,95.000000,5.0,38.6022,35.2192,129.2336,132.6166,PENDING_AG03,FALSE,NOT_FOR_ENFORCEMENT,161.1224,38470.0458,167.8358,161.1224,6.7134,0.00376782,0.00361711,6.7134,161.1224,0.00361711,6.7134,6.7134,8.3918,8.3918,8.3918,161.1224,0.00361711,38.6022,35.2192,129.2336,132.6166,0.00290122,0.00297717,0.00015071,43.8431,45.4342,0.1903,6.9932,0.3858,1856.0227,36.7500,42.7628,43.8759,23.144,38.5733,57.0806,78.5279,103.7829,155.6743,31.1349,-5.1431,2.690537,4.035805,1.136617,24,140,35,5,0.02880006,0.00376782,0.25196217,0E-8,0.000000,0.899616,0.000000,-0.25555432,2026-04-30,2026-07-25,24,435,233,87,0.275862,0.974631,0.975362,0.096000,,,,,,,,GLOBAL_BASELINE_NO_ENTITY_RANKING,,,NOT_APPLICABLE_GLOBAL_BASELINE,HF9g-P5,,,,X 全窗基线 · 不参与实体赏罚,6870703,688,A168_HF9F_20260827_0900,2026-08-27 09:00:00
2026-05-21,149351693,2246,0,51.8914431010,-51.8914431010,-51.8914431010,0E-7,1,1,0.50665070000000000,0.506650700000,-1.013391052207602,-1.013391052207602,-1.013391052207602,0E-17,ELIGIBLE,R03b_20260811_FULL_v1,L1_ELIGIBILITY,v2026-08-11,2026-03-21..2026-08-06,baccarat_bet02_101_all_pairs_incl_sentinel,round_win = game_pnl > 0 (decisive only),COMPATIBILITY_ONLY_NOT_PRODUCTION,44544.5453,40072.9644,167.8358,1016,882,-0.00376782,-0.25196217,0.00359216,-0.00376782,-167.8358,44544.5453,OK,0.0000,6.7134,4.0000,96.0000,AG03-UNRESOLVED,ALL5_LEVELS_bet23_to_bet27,6.7134,6.7134,8.3918,8.3918,8.3918,4.000000,4.000000,5.000000,5.000000,5.000000,96.000000,96.000000,95.000000,95.000000,95.000000,5.0,38.6022,35.2192,129.2336,132.6166,PENDING_AG03,FALSE,NOT_FOR_ENFORCEMENT,161.1224,38470.0458,167.8358,161.1224,6.7134,0.00376782,0.00361711,6.7134,161.1224,0.00361711,6.7134,6.7134,8.3918,8.3918,8.3918,161.1224,0.00361711,38.6022,35.2192,129.2336,132.6166,0.00290122,0.00297717,0.00015071,43.8431,45.4342,0.1903,6.9932,0.3858,1856.0227,36.7500,42.7628,43.8759,23.144,38.5733,57.0806,78.5279,103.7829,155.6743,31.1349,-5.1431,2.690537,4.035805,1.136617,24,140,35,5,0.02880006,0.00376782,0.25196217,0E-8,0.000000,0.899616,0.000000,-0.25555432,2026-04-30,2026-07-25,24,435,233,87,0.275862,0.974631,0.975362,0.096000,,,,,,,,GLOBAL_BASELINE_NO_ENTITY_RANKING,,,NOT_APPLICABLE_GLOBAL_BASELINE,HF9g-P5,,,,X 全窗基线 · 不参与实体赏罚,6870704,688,A168_HF9F_20260827_0900,2026-08-27 09:00:00
2026-05-21,149351693,2248,0,103.7828862021,-103.7828862021,-103.7828862021,0E-7,1,1,0.49324550000000000,0.493245500000,-0.9865810262130424,-0.9865810262130424,-0.9865810262130424,0E-17,ELIGIBLE,R03b_20260811_FULL_v1,L1_ELIGIBILITY,v2026-08-11,2026-03-21..2026-08-06,baccarat_bet02_101_all_pairs_incl_sentinel,round_win = game_pnl > 0 (decisive only),COMPATIBILITY_ONLY_NOT_PRODUCTION,44544.5453,40072.9644,167.8358,1016,882,-0.00376782,-0.25196217,0.00359216,-0.00376782,-167.8358,44544.5453,OK,0.0000,6.7134,4.0000,96.0000,AG03-UNRESOLVED,ALL5_LEVELS_bet23_to_bet27,6.7134,6.7134,8.3918,8.3918,8.3918,4.000000,4.000000,5.000000,5.000000,5.000000,96.000000,96.000000,95.000000,95.000000,95.000000,5.0,38.6022,35.2192,129.2336,132.6166,PENDING_AG03,FALSE,NOT_FOR_ENFORCEMENT,161.1224,38470.0458,167.8358,161.1224,6.7134,0.00376782,0.00361711,6.7134,161.1224,0.00361711,6.7134,6.7134,8.3918,8.3918,8.3918,161.1224,0.00361711,38.6022,35.2192,129.2336,132.6166,0.00290122,0.00297717,0.00015071,43.8431,45.4342,0.1903,6.9932,0.3858,1856.0227,36.7500,42.7628,43.8759,23.144,38.5733,57.0806,78.5279,103.7829,155.6743,31.1349,-5.1431,2.690537,4.035805,1.136617,24,140,35,5,0.02880006,0.00376782,0.25196217,0E-8,0.000000,0.899616,0.000000,-0.25555432,2026-04-30,2026-07-25,24,435,233,87,0.275862,0.974631,0.975362,0.096000,,,,,,,,GLOBAL_BASELINE_NO_ENTITY_RANKING,,,NOT_APPLICABLE_GLOBAL_BASELINE,HF9g-P5,,,,X 全窗基线 · 不参与实体赏罚,6870705,688,A168_HF9F_20260827_0900,2026-08-27 09:00:00
2026-05-21,149351693,2250,0,179.8038503451,51.3725286700,51.3725286700,0.5000000,3,2,0.49164774304627848,0.393378375000,0.02362704680559192,0.3086711997975373,0.02362704680559192,0.09826936804627848,ELIGIBLE,R03b_20260811_FULL_v1,L1_ELIGIBILITY,v2026-08-11,2026-03-21..2026-08-06,baccarat_bet02_101_all_pairs_incl_sentinel,round_win = game_pnl > 0 (decisive only),COMPATIBILITY_ONLY_NOT_PRODUCTION,44544.5453,40072.9644,167.8358,1016,882,-0.00376782,-0.25196217,0.00359216,-0.00376782,-167.8358,44544.5453,OK,0.0000,6.7134,4.0000,96.0000,AG03-UNRESOLVED,ALL5_LEVELS_bet23_to_bet27,6.7134,6.7134,8.3918,8.3918,8.3918,4.000000,4.000000,5.000000,5.000000,5.000000,96.000000,96.000000,95.000000,95.000000,95.000000,5.0,38.6022,35.2192,129.2336,132.6166,PENDING_AG03,FALSE,NOT_FOR_ENFORCEMENT,161.1224,38470.0458,167.8358,161.1224,6.7134,0.00376782,0.00361711,6.7134,161.1224,0.00361711,6.7134,6.7134,8.3918,8.3918,8.3918,161.1224,0.00361711,38.6022,35.2192,129.2336,132.6166,0.00290122,0.00297717,0.00015071,43.8431,45.4342,0.1903,6.9932,0.3858,1856.0227,36.7500,42.7628,43.8759,23.144,38.5733,57.0806,78.5279,103.7829,155.6743,31.1349,-5.1431,2.690537,4.035805,1.136617,24,140,35,5,0.02880006,0.00376782,0.25196217,0E-8,0.000000,0.899616,0.000000,-0.25555432,2026-04-30,2026-07-25,24,435,233,87,0.275862,0.974631,0.975362,0.096000,,,,,,,,GLOBAL_BASELINE_NO_ENTITY_RANKING,,,NOT_APPLICABLE_GLOBAL_BASELINE,HF9g-P5,,,,X 全窗基线 · 不参与实体赏罚,6870706,688,A168_HF9F_20260827_0900,2026-08-27 09:00:00
2026-05-21,149351693,2254,0,51.8914431010,49.2968709460,49.2968709460,1.0000000,1,1,0.50665070000000000,0.506650700000,0.9867858985152569,0.9867858985152569,0.9867858985152569,0E-17,ELIGIBLE,R03b_20260811_FULL_v1,L1_ELIGIBILITY,v2026-08-11,2026-03-21..2026-08-06,baccarat_bet02_101_all_pairs_incl_sentinel,round_win = game_pnl > 0 (decisive only),COMPATIBILITY_ONLY_NOT_PRODUCTION,44544.5453,40072.9644,167.8358,1016,882,-0.00376782,-0.25196217,0.00359216,-0.00376782,-167.8358,44544.5453,OK,0.0000,6.7134,4.0000,96.0000,AG03-UNRESOLVED,ALL5_LEVELS_bet23_to_bet27,6.7134,6.7134,8.3918,8.3918,8.3918,4.000000,4.000000,5.000000,5.000000,5.000000,96.000000,96.000000,95.000000,95.000000,95.000000,5.0,38.6022,35.2192,129.2336,132.6166,PENDING_AG03,FALSE,NOT_FOR_ENFORCEMENT,161.1224,38470.0458,167.8358,161.1224,6.7134,0.00376782,0.00361711,6.7134,161.1224,0.00361711,6.7134,6.7134,8.3918,8.3918,8.3918,161.1224,0.00361711,38.6022,35.2192,129.2336,132.6166,0.00290122,0.00297717,0.00015071,43.8431,45.4342,0.1903,6.9932,0.3858,1856.0227,36.7500,42.7628,43.8759,23.144,38.5733,57.0806,78.5279,103.7829,155.6743,31.1349,-5.1431,2.690537,4.035805,1.136617,24,140,35,5,0.02880006,0.00376782,0.25196217,0E-8,0.000000,0.899616,0.000000,-0.25555432,2026-04-30,2026-07-25,24,435,233,87,0.275862,0.974631,0.975362,0.096000,,,,,,,,GLOBAL_BASELINE_NO_ENTITY_RANKING,,,NOT_APPLICABLE_GLOBAL_BASELINE,HF9g-P5,,,,X 全窗基线 · 不参与实体赏罚,6870707,688,A168_HF9F_20260827_0900,2026-08-27 09:00:00
2026-05-21,149351693,2266,0,127.1340355975,-25.9457215505,-25.9457215505,0.3333333,3,3,0.50218230000000000,0.502182300000,-0.5849155494134425,-0.5849155494134426,-0.5849155494134425,0E-17,ELIGIBLE,R03b_20260811_FULL_v1,L1_ELIGIBILITY,v2026-08-11,2026-03-21..2026-08-06,baccarat_bet02_101_all_pairs_incl_sentinel,round_win = game_pnl > 0 (decisive only),COMPATIBILITY_ONLY_NOT_PRODUCTION,44544.5453,40072.9644,167.8358,1016,882,-0.00376782,-0.25196217,0.00359216,-0.00376782,-167.8358,44544.5453,OK,0.0000,6.7134,4.0000,96.0000,AG03-UNRESOLVED,ALL5_LEVELS_bet23_to_bet27,6.7134,6.7134,8.3918,8.3918,8.3918,4.000000,4.000000,5.000000,5.000000,5.000000,96.000000,96.000000,95.000000,95.000000,95.000000,5.0,38.6022,35.2192,129.2336,132.6166,PENDING_AG03,FALSE,NOT_FOR_ENFORCEMENT,161.1224,38470.0458,167.8358,161.1224,6.7134,0.00376782,0.00361711,6.7134,161.1224,0.00361711,6.7134,6.7134,8.3918,8.3918,8.3918,161.1224,0.00361711,38.6022,35.2192,129.2336,132.6166,0.00290122,0.00297717,0.00015071,43.8431,45.4342,0.1903,6.9932,0.3858,1856.0227,36.7500,42.7628,43.8759,23.144,38.5733,57.0806,78.5279,103.7829,155.6743,31.1349,-5.1431,2.690537,4.035805,1.136617,24,140,35,5,0.02880006,0.00376782,0.25196217,0E-8,0.000000,0.899616,0.000000,-0.25555432,2026-04-30,2026-07-25,24,435,233,87,0.275862,0.974631,0.975362,0.096000,,,,,,,,GLOBAL_BASELINE_NO_ENTITY_RANKING,,,NOT_APPLICABLE_GLOBAL_BASELINE,HF9g-P5,,,,X 全窗基线 · 不参与实体赏罚,6870708,688,A168_HF9F_20260827_0900,2026-08-27 09:00:00
2026-05-21,149351693,919,0,181.6200508536,-77.8371646515,-77.8371646515,0E-7,2,2,0.49994810000000000,0.499948100000,-0.9998962053866608,-0.9998962053866608,-0.9998962053866608,0E-17,ELIGIBLE,R03b_20260811_FULL_v1,L1_ELIGIBILITY,v2026-08-11,2026-03-21..2026-08-06,baccarat_bet02_101_all_pairs_incl_sentinel,round_win = game_pnl > 0 (decisive only),COMPATIBILITY_ONLY_NOT_PRODUCTION,44544.5453,40072.9644,167.8358,1016,882,-0.00376782,-0.25196217,0.00359216,-0.00376782,-167.8358,44544.5453,OK,0.0000,6.7134,4.0000,96.0000,AG03-UNRESOLVED,ALL5_LEVELS_bet23_to_bet27,6.7134,6.7134,8.3918,8.3918,8.3918,4.000000,4.000000,5.000000,5.000000,5.000000,96.000000,96.000000,95.000000,95.000000,95.000000,5.0,38.6022,35.2192,129.2336,132.6166,PENDING_AG03,FALSE,NOT_FOR_ENFORCEMENT,161.1224,38470.0458,167.8358,161.1224,6.7134,0.00376782,0.00361711,6.7134,161.1224,0.00361711,6.7134,6.7134,8.3918,8.3918,8.3918,161.1224,0.00361711,38.6022,35.2192,129.2336,132.6166,0.00290122,0.00297717,0.00015071,43.8431,45.4342,0.1903,6.9932,0.3858,1856.0227,36.7500,42.7628,43.8759,23.144,38.5733,57.0806,78.5279,103.7829,155.6743,31.1349,-5.1431,2.690537,4.035805,1.136617,24,140,35,5,0.02880006,0.00376782,0.25196217,0E-8,0.000000,0.899616,0.000000,-0.25555432,2026-04-30,2026-07-25,24,435,233,87,0.275862,0.974631,0.975362,0.096000,,,,,,,,GLOBAL_BASELINE_NO_ENTITY_RANKING,,,NOT_APPLICABLE_GLOBAL_BASELINE,HF9g-P5,,,,X 全窗基线 · 不参与实体赏罚,6870709,688,A168_HF9F_20260827_0900,2026-08-27 09:00:00
2026-05-21,149351693,948,0,77.8371646515,-77.8371646515,-77.8371646515,0E-7,1,1,0.50665070000000000,0.506650700000,-1.013391052207602,-1.013391052207602,-1.013391052207602,0E-17,ELIGIBLE,R03b_20260811_FULL_v1,L1_ELIGIBILITY,v2026-08-11,2026-03-21..2026-08-06,baccarat_bet02_101_all_pairs_incl_sentinel,round_win = game_pnl > 0 (decisive only),COMPATIBILITY_ONLY_NOT_PRODUCTION,44544.5453,40072.9644,167.8358,1016,882,-0.00376782,-0.25196217,0.00359216,-0.00376782,-167.8358,44544.5453,OK,0.0000,6.7134,4.0000,96.0000,AG03-UNRESOLVED,ALL5_LEVELS_bet23_to_bet27,6.7134,6.7134,8.3918,8.3918,8.3918,4.000000,4.000000,5.000000,5.000000,5.000000,96.000000,96.000000,95.000000,95.000000,95.000000,5.0,38.6022,35.2192,129.2336,132.6166,PENDING_AG03,FALSE,NOT_FOR_ENFORCEMENT,161.1224,38470.0458,167.8358,161.1224,6.7134,0.00376782,0.00361711,6.7134,161.1224,0.00361711,6.7134,6.7134,8.3918,8.3918,8.3918,161.1224,0.00361711,38.6022,35.2192,129.2336,132.6166,0.00290122,0.00297717,0.00015071,43.8431,45.4342,0.1903,6.9932,0.3858,1856.0227,36.7500,42.7628,43.8759,23.144,38.5733,57.0806,78.5279,103.7829,155.6743,31.1349,-5.1431,2.690537,4.035805,1.136617,24,140,35,5,0.02880006,0.00376782,0.25196217,0E-8,0.000000,0.899616,0.000000,-0.25555432,2026-04-30,2026-07-25,24,435,233,87,0.275862,0.974631,0.975362,0.096000,,,,,,,,GLOBAL_BASELINE_NO_ENTITY_RANKING,,,NOT_APPLICABLE_GLOBAL_BASELINE,HF9g-P5,,,,X 全窗基线 · 不参与实体赏罚,6870710,688,A168_HF9F_20260827_0900,2026-08-27 09:00:00
2026-05-21,149351693,970,0,77.8371646515,77.8371646515,77.8371646515,1.0000000,1,1,0.49324550000000000,0.493245500000,1.01360149184955,1.01360149184955,1.01360149184955,0E-17,ELIGIBLE,R03b_20260811_FULL_v1,L1_ELIGIBILITY,v2026-08-11,2026-03-21..2026-08-06,baccarat_bet02_101_all_pairs_incl_sentinel,round_win = game_pnl > 0 (decisive only),COMPATIBILITY_ONLY_NOT_PRODUCTION,44544.5453,40072.9644,167.8358,1016,882,-0.00376782,-0.25196217,0.00359216,-0.00376782,-167.8358,44544.5453,OK,0.0000,6.7134,4.0000,96.0000,AG03-UNRESOLVED,ALL5_LEVELS_bet23_to_bet27,6.7134,6.7134,8.3918,8.3918,8.3918,4.000000,4.000000,5.000000,5.000000,5.000000,96.000000,96.000000,95.000000,95.000000,95.000000,5.0,38.6022,35.2192,129.2336,132.6166,PENDING_AG03,FALSE,NOT_FOR_ENFORCEMENT,161.1224,38470.0458,167.8358,161.1224,6.7134,0.00376782,0.00361711,6.7134,161.1224,0.00361711,6.7134,6.7134,8.3918,8.3918,8.3918,161.1224,0.00361711,38.6022,35.2192,129.2336,132.6166,0.00290122,0.00297717,0.00015071,43.8431,45.4342,0.1903,6.9932,0.3858,1856.0227,36.7500,42.7628,43.8759,23.144,38.5733,57.0806,78.5279,103.7829,155.6743,31.1349,-5.1431,2.690537,4.035805,1.136617,24,140,35,5,0.02880006,0.00376782,0.25196217,0E-8,0.000000,0.899616,0.000000,-0.25555432,2026-04-30,2026-07-25,24,435,233,87,0.275862,0.974631,0.975362,0.096000,,,,,,,,GLOBAL_BASELINE_NO_ENTITY_RANKING,,,NOT_APPLICABLE_GLOBAL_BASELINE,HF9g-P5,,,,X 全窗基线 · 不参与实体赏罚,6870711,688,A168_HF9F_20260827_0900,2026-08-27 09:00:00
2026-05-22,149351693,-1,1,64.8643038763,-64.8643038763,-64.8643038763,0E-7,1,1,0.50665070000000000,0.506650700000,-1.013391052207602,-1.013391052207602,-1.013391052207602,0E-17,SENTINEL_DEALER,R03b_20260811_FULL_v1,L1_ELIGIBILITY,v2026-08-11,2026-03-21..2026-08-06,baccarat_bet02_101_all_pairs_incl_sentinel,round_win = game_pnl > 0 (decisive only),COMPATIBILITY_ONLY_NOT_PRODUCTION,44544.5453,40072.9644,167.8358,1016,882,-0.00376782,-0.25196217,0.00359216,-0.00376782,-167.8358,44544.5453,OK,0.0000,6.7134,4.0000,96.0000,AG03-UNRESOLVED,ALL5_LEVELS_bet23_to_bet27,6.7134,6.7134,8.3918,8.3918,8.3918,4.000000,4.000000,5.000000,5.000000,5.000000,96.000000,96.000000,95.000000,95.000000,95.000000,5.0,38.6022,35.2192,129.2336,132.6166,PENDING_AG03,FALSE,NOT_FOR_ENFORCEMENT,161.1224,38470.0458,167.8358,161.1224,6.7134,0.00376782,0.00361711,6.7134,161.1224,0.00361711,6.7134,6.7134,8.3918,8.3918,8.3918,161.1224,0.00361711,38.6022,35.2192,129.2336,132.6166,0.00290122,0.00297717,0.00015071,43.8431,45.4342,0.1903,6.9932,0.3858,1856.0227,36.7500,42.7628,43.8759,23.144,38.5733,57.0806,78.5279,103.7829,155.6743,31.1349,-5.1431,2.690537,4.035805,1.136617,24,140,35,5,0.02880006,0.00376782,0.25196217,0E-8,0.000000,0.899616,0.000000,-0.25555432,2026-04-30,2026-07-25,24,435,233,87,0.275862,0.974631,0.975362,0.096000,,,,,,,,GLOBAL_BASELINE_NO_ENTITY_RANKING,,,NOT_APPLICABLE_GLOBAL_BASELINE,HF9g-P5,,,,X 全窗基线 · 不参与实体赏罚,6870712,688,A168_HF9F_20260827_0900,2026-08-27 09:00:00
2026-05-22,149351693,1078,0,140.1068963727,51.8914431010,51.8914431010,1.0000000,3,2,0.47609308333333334,0.390331000000,1.0490136273480763,1.249771262930825,1.0490136273480763,0.08576208333333334,ELIGIBLE,R03b_20260811_FULL_v1,L1_ELIGIBILITY,v2026-08-11,2026-03-21..2026-08-06,baccarat_bet02_101_all_pairs_incl_sentinel,round_win = game_pnl > 0 (decisive only),COMPATIBILITY_ONLY_NOT_PRODUCTION,44544.5453,40072.9644,167.8358,1016,882,-0.00376782,-0.25196217,0.00359216,-0.00376782,-167.8358,44544.5453,OK,0.0000,6.7134,4.0000,96.0000,AG03-UNRESOLVED,ALL5_LEVELS_bet23_to_bet27,6.7134,6.7134,8.3918,8.3918,8.3918,4.000000,4.000000,5.000000,5.000000,5.000000,96.000000,96.000000,95.000000,95.000000,95.000000,5.0,38.6022,35.2192,129.2336,132.6166,PENDING_AG03,FALSE,NOT_FOR_ENFORCEMENT,161.1224,38470.0458,167.8358,161.1224,6.7134,0.00376782,0.00361711,6.7134,161.1224,0.00361711,6.7134,6.7134,8.3918,8.3918,8.3918,161.1224,0.00361711,38.6022,35.2192,129.2336,132.6166,0.00290122,0.00297717,0.00015071,43.8431,45.4342,0.1903,6.9932,0.3858,1856.0227,36.7500,42.7628,43.8759,23.144,38.5733,57.0806,78.5279,103.7829,155.6743,31.1349,-5.1431,2.690537,4.035805,1.136617,24,140,35,5,0.02880006,0.00376782,0.25196217,0E-8,0.000000,0.899616,0.000000,-0.25555432,2026-04-30,2026-07-25,24,435,233,87,0.275862,0.974631,0.975362,0.096000,,,,,,,,GLOBAL_BASELINE_NO_ENTITY_RANKING,,,NOT_APPLICABLE_GLOBAL_BASELINE,HF9g-P5,,,,X 全窗基线 · 不参与实体赏罚,6870713,688,A168_HF9F_20260827_0900,2026-08-27 09:00:00
2026-05-22,149351693,1115,0,207.3063151888,129.6118520056,129.6118520056,1.0000000,5,3,0.48784336956512810,0.410524344444,1.4490260537103423,1.694643993953804,1.4490260537103423,0.07731902512112810,ELIGIBLE,R03b_20260811_FULL_v1,L1_ELIGIBILITY,v2026-08-11,2026-03-21..2026-08-06,baccarat_bet02_101_all_pairs_incl_sentinel,round_win = game_pnl > 0 (decisive only),COMPATIBILITY_ONLY_NOT_PRODUCTION,44544.5453,40072.9644,167.8358,1016,882,-0.00376782,-0.25196217,0.00359216,-0.00376782,-167.8358,44544.5453,OK,0.0000,6.7134,4.0000,96.0000,AG03-UNRESOLVED,ALL5_LEVELS_bet23_to_bet27,6.7134,6.7134,8.3918,8.3918,8.3918,4.000000,4.000000,5.000000,5.000000,5.000000,96.000000,96.000000,95.000000,95.000000,95.000000,5.0,38.6022,35.2192,129.2336,132.6166,PENDING_AG03,FALSE,NOT_FOR_ENFORCEMENT,161.1224,38470.0458,167.8358,161.1224,6.7134,0.00376782,0.00361711,6.7134,161.1224,0.00361711,6.7134,6.7134,8.3918,8.3918,8.3918,161.1224,0.00361711,38.6022,35.2192,129.2336,132.6166,0.00290122,0.00297717,0.00015071,43.8431,45.4342,0.1903,6.9932,0.3858,1856.0227,36.7500,42.7628,43.8759,23.144,38.5733,57.0806,78.5279,103.7829,155.6743,31.1349,-5.1431,2.690537,4.035805,1.136617,24,140,35,5,0.02880006,0.00376782,0.25196217,0E-8,0.000000,0.899616,0.000000,-0.25555432,2026-04-30,2026-07-25,24,435,233,87,0.275862,0.974631,0.975362,0.096000,,,,,,,,GLOBAL_BASELINE_NO_ENTITY_RANKING,,,NOT_APPLICABLE_GLOBAL_BASELINE,HF9g-P5,,,,X 全窗基线 · 不参与实体赏罚,6870714,688,A168_HF9F_20260827_0900,2026-08-27 09:00:00
2026-05-22,149351693,1151,0,129.7286077525,-28.5402937055,-28.5402937055,0.5000000,2,2,0.49994810000000000,0.499948100000,0.00014679536856514622,0.00014679536856514622,0.00014679536856514622,0E-17,ELIGIBLE,R03b_20260811_FULL_v1,L1_ELIGIBILITY,v2026-08-11,2026-03-21..2026-08-06,baccarat_bet02_101_all_pairs_incl_sentinel,round_win = game_pnl > 0 (decisive only),COMPATIBILITY_ONLY_NOT_PRODUCTION,44544.5453,40072.9644,167.8358,1016,882,-0.00376782,-0.25196217,0.00359216,-0.00376782,-167.8358,44544.5453,OK,0.0000,6.7134,4.0000,96.0000,AG03-UNRESOLVED,ALL5_LEVELS_bet23_to_bet27,6.7134,6.7134,8.3918,8.3918,8.3918,4.000000,4.000000,5.000000,5.000000,5.000000,96.000000,96.000000,95.000000,95.000000,95.000000,5.0,38.6022,35.2192,129.2336,132.6166,PENDING_AG03,FALSE,NOT_FOR_ENFORCEMENT,161.1224,38470.0458,167.8358,161.1224,6.7134,0.00376782,0.00361711,6.7134,161.1224,0.00361711,6.7134,6.7134,8.3918,8.3918,8.3918,161.1224,0.00361711,38.6022,35.2192,129.2336,132.6166,0.00290122,0.00297717,0.00015071,43.8431,45.4342,0.1903,6.9932,0.3858,1856.0227,36.7500,42.7628,43.8759,23.144,38.5733,57.0806,78.5279,103.7829,155.6743,31.1349,-5.1431,2.690537,4.035805,1.136617,24,140,35,5,0.02880006,0.00376782,0.25196217,0E-8,0.000000,0.899616,0.000000,-0.25555432,2026-04-30,2026-07-25,24,435,233,87,0.275862,0.974631,0.975362,0.096000,,,,,,,,GLOBAL_BASELINE_NO_ENTITY_RANKING,,,NOT_APPLICABLE_GLOBAL_BASELINE,HF9g-P5,,,,X 全窗基线 · 不参与实体赏罚,6870715,688,A168_HF9F_20260827_0900,2026-08-27 09:00:00
2026-05-22,149351693,1302,0,51.8914431010,49.2968709460,49.2968709460,1.0000000,1,1,0.50665070000000000,0.506650700000,0.9867858985152569,0.9867858985152569,0.9867858985152569,0E-17,ELIGIBLE,R03b_20260811_FULL_v1,L1_ELIGIBILITY,v2026-08-11,2026-03-21..2026-08-06,baccarat_bet02_101_all_pairs_incl_sentinel,round_win = game_pnl > 0 (decisive only),COMPATIBILITY_ONLY_NOT_PRODUCTION,44544.5453,40072.9644,167.8358,1016,882,-0.00376782,-0.25196217,0.00359216,-0.00376782,-167.8358,44544.5453,OK,0.0000,6.7134,4.0000,96.0000,AG03-UNRESOLVED,ALL5_LEVELS_bet23_to_bet27,6.7134,6.7134,8.3918,8.3918,8.3918,4.000000,4.000000,5.000000,5.000000,5.000000,96.000000,96.000000,95.000000,95.000000,95.000000,5.0,38.6022,35.2192,129.2336,132.6166,PENDING_AG03,FALSE,NOT_FOR_ENFORCEMENT,161.1224,38470.0458,167.8358,161.1224,6.7134,0.00376782,0.00361711,6.7134,161.1224,0.00361711,6.7134,6.7134,8.3918,8.3918,8.3918,161.1224,0.00361711,38.6022,35.2192,129.2336,132.6166,0.00290122,0.00297717,0.00015071,43.8431,45.4342,0.1903,6.9932,0.3858,1856.0227,36.7500,42.7628,43.8759,23.144,38.5733,57.0806,78.5279,103.7829,155.6743,31.1349,-5.1431,2.690537,4.035805,1.136617,24,140,35,5,0.02880006,0.00376782,0.25196217,0E-8,0.000000,0.899616,0.000000,-0.25555432,2026-04-30,2026-07-25,24,435,233,87,0.275862,0.974631,0.975362,0.096000,,,,,,,,GLOBAL_BASELINE_NO_ENTITY_RANKING,,,NOT_APPLICABLE_GLOBAL_BASELINE,HF9g-P5,,,,X 全窗基线 · 不参与实体赏罚,6870716,688,A168_HF9F_20260827_0900,2026-08-27 09:00:00
2026-05-22,149351693,1330,0,36.3240101707,-36.3240101707,-36.3240101707,0E-7,1,1,0.50665070000000000,0.506650700000,-1.013391052207602,-1.013391052207602,-1.013391052207602,0E-17,ELIGIBLE,R03b_20260811_FULL_v1,L1_ELIGIBILITY,v2026-08-11,2026-03-21..2026-08-06,baccarat_bet02_101_all_pairs_incl_sentinel,round_win = game_pnl > 0 (decisive only),COMPATIBILITY_ONLY_NOT_PRODUCTION,44544.5453,40072.9644,167.8358,1016,882,-0.00376782,-0.25196217,0.00359216,-0.00376782,-167.8358,44544.5453,OK,0.0000,6.7134,4.0000,96.0000,AG03-UNRESOLVED,ALL5_LEVELS_bet23_to_bet27,6.7134,6.7134,8.3918,8.3918,8.3918,4.000000,4.000000,5.000000,5.000000,5.000000,96.000000,96.000000,95.000000,95.000000,95.000000,5.0,38.6022,35.2192,129.2336,132.6166,PENDING_AG03,FALSE,NOT_FOR_ENFORCEMENT,161.1224,38470.0458,167.8358,161.1224,6.7134,0.00376782,0.00361711,6.7134,161.1224,0.00361711,6.7134,6.7134,8.3918,8.3918,8.3918,161.1224,0.00361711,38.6022,35.2192,129.2336,132.6166,0.00290122,0.00297717,0.00015071,43.8431,45.4342,0.1903,6.9932,0.3858,1856.0227,36.7500,42.7628,43.8759,23.144,38.5733,57.0806,78.5279,103.7829,155.6743,31.1349,-5.1431,2.690537,4.035805,1.136617,24,140,35,5,0.02880006,0.00376782,0.25196217,0E-8,0.000000,0.899616,0.000000,-0.25555432,2026-04-30,2026-07-25,24,435,233,87,0.275862,0.974631,0.975362,0.096000,,,,,,,,GLOBAL_BASELINE_NO_ENTITY_RANKING,,,NOT_APPLICABLE_GLOBAL_BASELINE,HF9g-P5,,,,X 全窗基线 · 不参与实体赏罚,6870717,688,A168_HF9F_20260827_0900,2026-08-27 09:00:00
2026-05-22,149351693,1331,0,121.6854340719,95.7397125214,95.7397125214,1.0000000,2,2,0.49994810000000000,0.499948100000,1.0001038053877793,1.0001038053877793,1.0001038053877793,0E-17,ELIGIBLE,R03b_20260811_FULL_v1,L1_ELIGIBILITY,v2026-08-11,2026-03-21..2026-08-06,baccarat_bet02_101_all_pairs_incl_sentinel,round_win = game_pnl > 0 (decisive only),COMPATIBILITY_ONLY_NOT_PRODUCTION,44544.5453,40072.9644,167.8358,1016,882,-0.00376782,-0.25196217,0.00359216,-0.00376782,-167.8358,44544.5453,OK,0.0000,6.7134,4.0000,96.0000,AG03-UNRESOLVED,ALL5_LEVELS_bet23_to_bet27,6.7134,6.7134,8.3918,8.3918,8.3918,4.000000,4.000000,5.000000,5.000000,5.000000,96.000000,96.000000,95.000000,95.000000,95.000000,5.0,38.6022,35.2192,129.2336,132.6166,PENDING_AG03,FALSE,NOT_FOR_ENFORCEMENT,161.1224,38470.0458,167.8358,161.1224,6.7134,0.00376782,0.00361711,6.7134,161.1224,0.00361711,6.7134,6.7134,8.3918,8.3918,8.3918,161.1224,0.00361711,38.6022,35.2192,129.2336,132.6166,0.00290122,0.00297717,0.00015071,43.8431,45.4342,0.1903,6.9932,0.3858,1856.0227,36.7500,42.7628,43.8759,23.144,38.5733,57.0806,78.5279,103.7829,155.6743,31.1349,-5.1431,2.690537,4.035805,1.136617,24,140,35,5,0.02880006,0.00376782,0.25196217,0E-8,0.000000,0.899616,0.000000,-0.25555432,2026-04-30,2026-07-25,24,435,233,87,0.275862,0.974631,0.975362,0.096000,,,,,,,,GLOBAL_BASELINE_NO_ENTITY_RANKING,,,NOT_APPLICABLE_GLOBAL_BASELINE,HF9g-P5,,,,X 全窗基线 · 不参与实体赏罚,6870718,688,A168_HF9F_20260827_0900,2026-08-27 09:00:00
2026-05-22,149351693,1374,0,62.2697317212,0E-10,0E-10,,1,1,0.49324550000000000,0.493245500000,,,,0E-17,NO_DECISIVE_ROUND,R03b_20260811_FULL_v1,L1_ELIGIBILITY,v2026-08-11,2026-03-21..2026-08-06,baccarat_bet02_101_all_pairs_incl_sentinel,round_win = game_pnl > 0 (decisive only),COMPATIBILITY_ONLY_NOT_PRODUCTION,44544.5453,40072.9644,167.8358,1016,882,-0.00376782,-0.25196217,0.00359216,-0.00376782,-167.8358,44544.5453,OK,0.0000,6.7134,4.0000,96.0000,AG03-UNRESOLVED,ALL5_LEVELS_bet23_to_bet27,6.7134,6.7134,8.3918,8.3918,8.3918,4.000000,4.000000,5.000000,5.000000,5.000000,96.000000,96.000000,95.000000,95.000000,95.000000,5.0,38.6022,35.2192,129.2336,132.6166,PENDING_AG03,FALSE,NOT_FOR_ENFORCEMENT,161.1224,38470.0458,167.8358,161.1224,6.7134,0.00376782,0.00361711,6.7134,161.1224,0.00361711,6.7134,6.7134,8.3918,8.3918,8.3918,161.1224,0.00361711,38.6022,35.2192,129.2336,132.6166,0.00290122,0.00297717,0.00015071,43.8431,45.4342,0.1903,6.9932,0.3858,1856.0227,36.7500,42.7628,43.8759,23.144,38.5733,57.0806,78.5279,103.7829,155.6743,31.1349,-5.1431,2.690537,4.035805,1.136617,24,140,35,5,0.02880006,0.00376782,0.25196217,0E-8,0.000000,0.899616,0.000000,-0.25555432,2026-04-30,2026-07-25,24,435,233,87,0.275862,0.974631,0.975362,0.096000,,,,,,,,GLOBAL_BASELINE_NO_ENTITY_RANKING,,,NOT_APPLICABLE_GLOBAL_BASELINE,HF9g-P5,,,,X 全窗基线 · 不参与实体赏罚,6870719,688,A168_HF9F_20260827_0900,2026-08-27 09:00:00
2026-05-22,149351693,1382,0,179.0254786985,76.5398785740,76.5398785740,0.6666667,5,3,0.47731083047612609,0.401587544444,0.6566242646355681,0.9365818163459028,0.6566242646355681,0.07572328603212609,ELIGIBLE,R03b_20260811_FULL_v1,L1_ELIGIBILITY,v2026-08-11,2026-03-21..2026-08-06,baccarat_bet02_101_all_pairs_incl_sentinel,round_win = game_pnl > 0 (decisive only),COMPATIBILITY_ONLY_NOT_PRODUCTION,44544.5453,40072.9644,167.8358,1016,882,-0.00376782,-0.25196217,0.00359216,-0.00376782,-167.8358,44544.5453,OK,0.0000,6.7134,4.0000,96.0000,AG03-UNRESOLVED,ALL5_LEVELS_bet23_to_bet27,6.7134,6.7134,8.3918,8.3918,8.3918,4.000000,4.000000,5.000000,5.000000,5.000000,96.000000,96.000000,95.000000,95.000000,95.000000,5.0,38.6022,35.2192,129.2336,132.6166,PENDING_AG03,FALSE,NOT_FOR_ENFORCEMENT,161.1224,38470.0458,167.8358,161.1224,6.7134,0.00376782,0.00361711,6.7134,161.1224,0.00361711,6.7134,6.7134,8.3918,8.3918,8.3918,161.1224,0.00361711,38.6022,35.2192,129.2336,132.6166,0.00290122,0.00297717,0.00015071,43.8431,45.4342,0.1903,6.9932,0.3858,1856.0227,36.7500,42.7628,43.8759,23.144,38.5733,57.0806,78.5279,103.7829,155.6743,31.1349,-5.1431,2.690537,4.035805,1.136617,24,140,35,5,0.02880006,0.00376782,0.25196217,0E-8,0.000000,0.899616,0.000000,-0.25555432,2026-04-30,2026-07-25,24,435,233,87,0.275862,0.974631,0.975362,0.096000,,,,,,,,GLOBAL_BASELINE_NO_ENTITY_RANKING,,,NOT_APPLICABLE_GLOBAL_BASELINE,HF9g-P5,,,,X 全窗基线 · 不参与实体赏罚,6870720,688,A168_HF9F_20260827_0900,2026-08-27 09:00:00
2026-05-22,149351693,1384,0,90.8100254268,86.2695241555,86.2695241555,1.0000000,1,1,0.50665070000000000,0.506650700000,0.9867858985152569,0.9867858985152569,0.9867858985152569,0E-17,ELIGIBLE,R03b_20260811_FULL_v1,L1_ELIGIBILITY,v2026-08-11,2026-03-21..2026-08-06,baccarat_bet02_101_all_pairs_incl_sentinel,round_win = game_pnl > 0 (decisive only),COMPATIBILITY_ONLY_NOT_PRODUCTION,44544.5453,40072.9644,167.8358,1016,882,-0.00376782,-0.25196217,0.00359216,-0.00376782,-167.8358,44544.5453,OK,0.0000,6.7134,4.0000,96.0000,AG03-UNRESOLVED,ALL5_LEVELS_bet23_to_bet27,6.7134,6.7134,8.3918,8.3918,8.3918,4.000000,4.000000,5.000000,5.000000,5.000000,96.000000,96.000000,95.000000,95.000000,95.000000,5.0,38.6022,35.2192,129.2336,132.6166,PENDING_AG03,FALSE,NOT_FOR_ENFORCEMENT,161.1224,38470.0458,167.8358,161.1224,6.7134,0.00376782,0.00361711,6.7134,161.1224,0.00361711,6.7134,6.7134,8.3918,8.3918,8.3918,161.1224,0.00361711,38.6022,35.2192,129.2336,132.6166,0.00290122,0.00297717,0.00015071,43.8431,45.4342,0.1903,6.9932,0.3858,1856.0227,36.7500,42.7628,43.8759,23.144,38.5733,57.0806,78.5279,103.7829,155.6743,31.1349,-5.1431,2.690537,4.035805,1.136617,24,140,35,5,0.02880006,0.00376782,0.25196217,0E-8,0.000000,0.899616,0.000000,-0.25555432,2026-04-30,2026-07-25,24,435,233,87,0.275862,0.974631,0.975362,0.096000,,,,,,,,GLOBAL_BASELINE_NO_ENTITY_RANKING,,,NOT_APPLICABLE_GLOBAL_BASELINE,HF9g-P5,,,,X 全窗基线 · 不参与实体赏罚,6870721,688,A168_HF9F_20260827_0900,2026-08-27 09:00:00
2026-05-22,149351693,1399,0,77.8371646516,-1.9459291163,-1.9459291163,0.5000000,2,2,0.50665070000000000,0.506650700000,-0.018812684590367487,-0.018812684590367487,-0.018812684590367487,0E-17,ELIGIBLE,R03b_20260811_FULL_v1,L1_ELIGIBILITY,v2026-08-11,2026-03-21..2026-08-06,baccarat_bet02_101_all_pairs_incl_sentinel,round_win = game_pnl > 0 (decisive only),COMPATIBILITY_ONLY_NOT_PRODUCTION,44544.5453,40072.9644,167.8358,1016,882,-0.00376782,-0.25196217,0.00359216,-0.00376782,-167.8358,44544.5453,OK,0.0000,6.7134,4.0000,96.0000,AG03-UNRESOLVED,ALL5_LEVELS_bet23_to_bet27,6.7134,6.7134,8.3918,8.3918,8.3918,4.000000,4.000000,5.000000,5.000000,5.000000,96.000000,96.000000,95.000000,95.000000,95.000000,5.0,38.6022,35.2192,129.2336,132.6166,PENDING_AG03,FALSE,NOT_FOR_ENFORCEMENT,161.1224,38470.0458,167.8358,161.1224,6.7134,0.00376782,0.00361711,6.7134,161.1224,0.00361711,6.7134,6.7134,8.3918,8.3918,8.3918,161.1224,0.00361711,38.6022,35.2192,129.2336,132.6166,0.00290122,0.00297717,0.00015071,43.8431,45.4342,0.1903,6.9932,0.3858,1856.0227,36.7500,42.7628,43.8759,23.144,38.5733,57.0806,78.5279,103.7829,155.6743,31.1349,-5.1431,2.690537,4.035805,1.136617,24,140,35,5,0.02880006,0.00376782,0.25196217,0E-8,0.000000,0.899616,0.000000,-0.25555432,2026-04-30,2026-07-25,24,435,233,87,0.275862,0.974631,0.975362,0.096000,,,,,,,,GLOBAL_BASELINE_NO_ENTITY_RANKING,,,NOT_APPLICABLE_GLOBAL_BASELINE,HF9g-P5,,,,X 全窗基线 · 不参与实体赏罚,6870722,688,A168_HF9F_20260827_0900,2026-08-27 09:00:00
2026-05-22,149351693,1490,0,1763.2712365738,420.9693321563,420.9693321563,0.6315789,47,19,0.44800742997926704,0.280114995614,1.6090623533579023,3.411597954226741,1.6090623533579023,0.16789243436526704,ELIGIBLE,R03b_20260811_FULL_v1,L1_ELIGIBILITY,v2026-08-11,2026-03-21..2026-08-06,baccarat_bet02_101_all_pairs_incl_sentinel,round_win = game_pnl > 0 (decisive only),COMPATIBILITY_ONLY_NOT_PRODUCTION,44544.5453,40072.9644,167.8358,1016,882,-0.00376782,-0.25196217,0.00359216,-0.00376782,-167.8358,44544.5453,OK,0.0000,6.7134,4.0000,96.0000,AG03-UNRESOLVED,ALL5_LEVELS_bet23_to_bet27,6.7134,6.7134,8.3918,8.3918,8.3918,4.000000,4.000000,5.000000,5.000000,5.000000,96.000000,96.000000,95.000000,95.000000,95.000000,5.0,38.6022,35.2192,129.2336,132.6166,PENDING_AG03,FALSE,NOT_FOR_ENFORCEMENT,161.1224,38470.0458,167.8358,161.1224,6.7134,0.00376782,0.00361711,6.7134,161.1224,0.00361711,6.7134,6.7134,8.3918,8.3918,8.3918,161.1224,0.00361711,38.6022,35.2192,129.2336,132.6166,0.00290122,0.00297717,0.00015071,43.8431,45.4342,0.1903,6.9932,0.3858,1856.0227,36.7500,42.7628,43.8759,23.144,38.5733,57.0806,78.5279,103.7829,155.6743,31.1349,-5.1431,2.690537,4.035805,1.136617,24,140,35,5,0.02880006,0.00376782,0.25196217,0E-8,0.000000,0.899616,0.000000,-0.25555432,2026-04-30,2026-07-25,24,435,233,87,0.275862,0.974631,0.975362,0.096000,,,,,,,,GLOBAL_BASELINE_NO_ENTITY_RANKING,,,NOT_APPLICABLE_GLOBAL_BASELINE,HF9g-P5,,,,X 全窗基线 · 不参与实体赏罚,6870723,688,A168_HF9F_20260827_0900,2026-08-27 09:00:00
2026-05-22,149351693,1623,0,147.8906128379,130.3772507914,130.3772507914,1.0000000,3,2,0.48986961481482679,0.393378375000,1.4431628573416149,1.756178681499947,1.4431628573416149,0.09649123981482679,ELIGIBLE,R03b_20260811_FULL_v1,L1_ELIGIBILITY,v2026-08-11,2026-03-21..2026-08-06,baccarat_bet02_101_all_pairs_incl_sentinel,round_win = game_pnl > 0 (decisive only),COMPATIBILITY_ONLY_NOT_PRODUCTION,44544.5453,40072.9644,167.8358,1016,882,-0.00376782,-0.25196217,0.00359216,-0.00376782,-167.8358,44544.5453,OK,0.0000,6.7134,4.0000,96.0000,AG03-UNRESOLVED,ALL5_LEVELS_bet23_to_bet27,6.7134,6.7134,8.3918,8.3918,8.3918,4.000000,4.000000,5.000000,5.000000,5.000000,96.000000,96.000000,95.000000,95.000000,95.000000,5.0,38.6022,35.2192,129.2336,132.6166,PENDING_AG03,FALSE,NOT_FOR_ENFORCEMENT,161.1224,38470.0458,167.8358,161.1224,6.7134,0.00376782,0.00361711,6.7134,161.1224,0.00361711,6.7134,6.7134,8.3918,8.3918,8.3918,161.1224,0.00361711,38.6022,35.2192,129.2336,132.6166,0.00290122,0.00297717,0.00015071,43.8431,45.4342,0.1903,6.9932,0.3858,1856.0227,36.7500,42.7628,43.8759,23.144,38.5733,57.0806,78.5279,103.7829,155.6743,31.1349,-5.1431,2.690537,4.035805,1.136617,24,140,35,5,0.02880006,0.00376782,0.25196217,0E-8,0.000000,0.899616,0.000000,-0.25555432,2026-04-30,2026-07-25,24,435,233,87,0.275862,0.974631,0.975362,0.096000,,,,,,,,GLOBAL_BASELINE_NO_ENTITY_RANKING,,,NOT_APPLICABLE_GLOBAL_BASELINE,HF9g-P5,,,,X 全窗基线 · 不参与实体赏罚,6870724,688,A168_HF9F_20260827_0900,2026-08-27 09:00:00
2026-05-22,149351693,1645,0,64.8643038763,0E-10,0E-10,,1,1,0.50665070000000000,0.506650700000,,,,0E-17,NO_DECISIVE_ROUND,R03b_20260811_FULL_v1,L1_ELIGIBILITY,v2026-08-11,2026-03-21..2026-08-06,baccarat_bet02_101_all_pairs_incl_sentinel,round_win = game_pnl > 0 (decisive only),COMPATIBILITY_ONLY_NOT_PRODUCTION,44544.5453,40072.9644,167.8358,1016,882,-0.00376782,-0.25196217,0.00359216,-0.00376782,-167.8358,44544.5453,OK,0.0000,6.7134,4.0000,96.0000,AG03-UNRESOLVED,ALL5_LEVELS_bet23_to_bet27,6.7134,6.7134,8.3918,8.3918,8.3918,4.000000,4.000000,5.000000,5.000000,5.000000,96.000000,96.000000,95.000000,95.000000,95.000000,5.0,38.6022,35.2192,129.2336,132.6166,PENDING_AG03,FALSE,NOT_FOR_ENFORCEMENT,161.1224,38470.0458,167.8358,161.1224,6.7134,0.00376782,0.00361711,6.7134,161.1224,0.00361711,6.7134,6.7134,8.3918,8.3918,8.3918,161.1224,0.00361711,38.6022,35.2192,129.2336,132.6166,0.00290122,0.00297717,0.00015071,43.8431,45.4342,0.1903,6.9932,0.3858,1856.0227,36.7500,42.7628,43.8759,23.144,38.5733,57.0806,78.5279,103.7829,155.6743,31.1349,-5.1431,2.690537,4.035805,1.136617,24,140,35,5,0.02880006,0.00376782,0.25196217,0E-8,0.000000,0.899616,0.000000,-0.25555432,2026-04-30,2026-07-25,24,435,233,87,0.275862,0.974631,0.975362,0.096000,,,,,,,,GLOBAL_BASELINE_NO_ENTITY_RANKING,,,NOT_APPLICABLE_GLOBAL_BASELINE,HF9g-P5,,,,X 全窗基线 · 不参与实体赏罚,6870725,688,A168_HF9F_20260827_0900,2026-08-27 09:00:00
2026-05-22,149351693,1935,0,145.2960406829,10.3782886201,10.3782886201,0.5000000,4,2,0.45436368359657857,0.294021625000,0.12962003675722386,0.6393685789319056,0.12962003675722386,0.16034205859657857,ELIGIBLE,R03b_20260811_FULL_v1,L1_ELIGIBILITY,v2026-08-11,2026-03-21..2026-08-06,baccarat_bet02_101_all_pairs_incl_sentinel,round_win = game_pnl > 0 (decisive only),COMPATIBILITY_ONLY_NOT_PRODUCTION,44544.5453,40072.9644,167.8358,1016,882,-0.00376782,-0.25196217,0.00359216,-0.00376782,-167.8358,44544.5453,OK,0.0000,6.7134,4.0000,96.0000,AG03-UNRESOLVED,ALL5_LEVELS_bet23_to_bet27,6.7134,6.7134,8.3918,8.3918,8.3918,4.000000,4.000000,5.000000,5.000000,5.000000,96.000000,96.000000,95.000000,95.000000,95.000000,5.0,38.6022,35.2192,129.2336,132.6166,PENDING_AG03,FALSE,NOT_FOR_ENFORCEMENT,161.1224,38470.0458,167.8358,161.1224,6.7134,0.00376782,0.00361711,6.7134,161.1224,0.00361711,6.7134,6.7134,8.3918,8.3918,8.3918,161.1224,0.00361711,38.6022,35.2192,129.2336,132.6166,0.00290122,0.00297717,0.00015071,43.8431,45.4342,0.1903,6.9932,0.3858,1856.0227,36.7500,42.7628,43.8759,23.144,38.5733,57.0806,78.5279,103.7829,155.6743,31.1349,-5.1431,2.690537,4.035805,1.136617,24,140,35,5,0.02880006,0.00376782,0.25196217,0E-8,0.000000,0.899616,0.000000,-0.25555432,2026-04-30,2026-07-25,24,435,233,87,0.275862,0.974631,0.975362,0.096000,,,,,,,,GLOBAL_BASELINE_NO_ENTITY_RANKING,,,NOT_APPLICABLE_GLOBAL_BASELINE,HF9g-P5,,,,X 全窗基线 · 不参与实体赏罚,6870726,688,A168_HF9F_20260827_0900,2026-08-27 09:00:00
2026-05-22,149351693,1941,0,77.8371646515,-77.8371646515,-77.8371646515,0E-7,1,1,0.50665070000000000,0.506650700000,-1.013391052207602,-1.013391052207602,-1.013391052207602,0E-17,ELIGIBLE,R03b_20260811_FULL_v1,L1_ELIGIBILITY,v2026-08-11,2026-03-21..2026-08-06,baccarat_bet02_101_all_pairs_incl_sentinel,round_win = game_pnl > 0 (decisive only),COMPATIBILITY_ONLY_NOT_PRODUCTION,44544.5453,40072.9644,167.8358,1016,882,-0.00376782,-0.25196217,0.00359216,-0.00376782,-167.8358,44544.5453,OK,0.0000,6.7134,4.0000,96.0000,AG03-UNRESOLVED,ALL5_LEVELS_bet23_to_bet27,6.7134,6.7134,8.3918,8.3918,8.3918,4.000000,4.000000,5.000000,5.000000,5.000000,96.000000,96.000000,95.000000,95.000000,95.000000,5.0,38.6022,35.2192,129.2336,132.6166,PENDING_AG03,FALSE,NOT_FOR_ENFORCEMENT,161.1224,38470.0458,167.8358,161.1224,6.7134,0.00376782,0.00361711,6.7134,161.1224,0.00361711,6.7134,6.7134,8.3918,8.3918,8.3918,161.1224,0.00361711,38.6022,35.2192,129.2336,132.6166,0.00290122,0.00297717,0.00015071,43.8431,45.4342,0.1903,6.9932,0.3858,1856.0227,36.7500,42.7628,43.8759,23.144,38.5733,57.0806,78.5279,103.7829,155.6743,31.1349,-5.1431,2.690537,4.035805,1.136617,24,140,35,5,0.02880006,0.00376782,0.25196217,0E-8,0.000000,0.899616,0.000000,-0.25555432,2026-04-30,2026-07-25,24,435,233,87,0.275862,0.974631,0.975362,0.096000,,,,,,,,GLOBAL_BASELINE_NO_ENTITY_RANKING,,,NOT_APPLICABLE_GLOBAL_BASELINE,HF9g-P5,,,,X 全窗基线 · 不参与实体赏罚,6870727,688,A168_HF9F_20260827_0900,2026-08-27 09:00:00
2026-05-22,149351693,1951,0,233.5114939545,-31.1348658605,-31.1348658605,0.5000000,4,4,0.49994810000000000,0.499948100000,0.00020760000111838688,0.00020760000111838688,0.00020760000111838688,0E-17,ELIGIBLE,R03b_20260811_FULL_v1,L1_ELIGIBILITY,v2026-08-11,2026-03-21..2026-08-06,baccarat_bet02_101_all_pairs_incl_sentinel,round_win = game_pnl > 0 (decisive only),COMPATIBILITY_ONLY_NOT_PRODUCTION,44544.5453,40072.9644,167.8358,1016,882,-0.00376782,-0.25196217,0.00359216,-0.00376782,-167.8358,44544.5453,OK,0.0000,6.7134,4.0000,96.0000,AG03-UNRESOLVED,ALL5_LEVELS_bet23_to_bet27,6.7134,6.7134,8.3918,8.3918,8.3918,4.000000,4.000000,5.000000,5.000000,5.000000,96.000000,96.000000,95.000000,95.000000,95.000000,5.0,38.6022,35.2192,129.2336,132.6166,PENDING_AG03,FALSE,NOT_FOR_ENFORCEMENT,161.1224,38470.0458,167.8358,161.1224,6.7134,0.00376782,0.00361711,6.7134,161.1224,0.00361711,6.7134,6.7134,8.3918,8.3918,8.3918,161.1224,0.00361711,38.6022,35.2192,129.2336,132.6166,0.00290122,0.00297717,0.00015071,43.8431,45.4342,0.1903,6.9932,0.3858,1856.0227,36.7500,42.7628,43.8759,23.144,38.5733,57.0806,78.5279,103.7829,155.6743,31.1349,-5.1431,2.690537,4.035805,1.136617,24,140,35,5,0.02880006,0.00376782,0.25196217,0E-8,0.000000,0.899616,0.000000,-0.25555432,2026-04-30,2026-07-25,24,435,233,87,0.275862,0.974631,0.975362,0.096000,,,,,,,,GLOBAL_BASELINE_NO_ENTITY_RANKING,,,NOT_APPLICABLE_GLOBAL_BASELINE,HF9g-P5,,,,X 全窗基线 · 不参与实体赏罚,6870728,688,A168_HF9F_20260827_0900,2026-08-27 09:00:00
2026-05-22,149351693,1957,0,62.2697317212,49.0374137305,49.0374137305,1.0000000,2,1,0.46889325833333333,0.280106050000,1.064275127933536,1.6031457840727341,1.064275127933536,0.18878720833333333,ELIGIBLE,R03b_20260811_FULL_v1,L1_ELIGIBILITY,v2026-08-11,2026-03-21..2026-08-06,baccarat_bet02_101_all_pairs_incl_sentinel,round_win = game_pnl > 0 (decisive only),COMPATIBILITY_ONLY_NOT_PRODUCTION,44544.5453,40072.9644,167.8358,1016,882,-0.00376782,-0.25196217,0.00359216,-0.00376782,-167.8358,44544.5453,OK,0.0000,6.7134,4.0000,96.0000,AG03-UNRESOLVED,ALL5_LEVELS_bet23_to_bet27,6.7134,6.7134,8.3918,8.3918,8.3918,4.000000,4.000000,5.000000,5.000000,5.000000,96.000000,96.000000,95.000000,95.000000,95.000000,5.0,38.6022,35.2192,129.2336,132.6166,PENDING_AG03,FALSE,NOT_FOR_ENFORCEMENT,161.1224,38470.0458,167.8358,161.1224,6.7134,0.00376782,0.00361711,6.7134,161.1224,0.00361711,6.7134,6.7134,8.3918,8.3918,8.3918,161.1224,0.00361711,38.6022,35.2192,129.2336,132.6166,0.00290122,0.00297717,0.00015071,43.8431,45.4342,0.1903,6.9932,0.3858,1856.0227,36.7500,42.7628,43.8759,23.144,38.5733,57.0806,78.5279,103.7829,155.6743,31.1349,-5.1431,2.690537,4.035805,1.136617,24,140,35,5,0.02880006,0.00376782,0.25196217,0E-8,0.000000,0.899616,0.000000,-0.25555432,2026-04-30,2026-07-25,24,435,233,87,0.275862,0.974631,0.975362,0.096000,,,,,,,,GLOBAL_BASELINE_NO_ENTITY_RANKING,,,NOT_APPLICABLE_GLOBAL_BASELINE,HF9g-P5,,,,X 全窗基线 · 不参与实体赏罚,6870729,688,A168_HF9F_20260827_0900,2026-08-27 09:00:00
2026-05-22,149351693,2101,0,147.8906128379,54.4860152561,54.4860152561,0.6666667,3,3,0.50665070000000000,0.506650700000,0.5543606114942035,0.5543606114942035,0.5543606114942035,0E-17,ELIGIBLE,R03b_20260811_FULL_v1,L1_ELIGIBILITY,v2026-08-11,2026-03-21..2026-08-06,baccarat_bet02_101_all_pairs_incl_sentinel,round_win = game_pnl > 0 (decisive only),COMPATIBILITY_ONLY_NOT_PRODUCTION,44544.5453,40072.9644,167.8358,1016,882,-0.00376782,-0.25196217,0.00359216,-0.00376782,-167.8358,44544.5453,OK,0.0000,6.7134,4.0000,96.0000,AG03-UNRESOLVED,ALL5_LEVELS_bet23_to_bet27,6.7134,6.7134,8.3918,8.3918,8.3918,4.000000,4.000000,5.000000,5.000000,5.000000,96.000000,96.000000,95.000000,95.000000,95.000000,5.0,38.6022,35.2192,129.2336,132.6166,PENDING_AG03,FALSE,NOT_FOR_ENFORCEMENT,161.1224,38470.0458,167.8358,161.1224,6.7134,0.00376782,0.00361711,6.7134,161.1224,0.00361711,6.7134,6.7134,8.3918,8.3918,8.3918,161.1224,0.00361711,38.6022,35.2192,129.2336,132.6166,0.00290122,0.00297717,0.00015071,43.8431,45.4342,0.1903,6.9932,0.3858,1856.0227,36.7500,42.7628,43.8759,23.144,38.5733,57.0806,78.5279,103.7829,155.6743,31.1349,-5.1431,2.690537,4.035805,1.136617,24,140,35,5,0.02880006,0.00376782,0.25196217,0E-8,0.000000,0.899616,0.000000,-0.25555432,2026-04-30,2026-07-25,24,435,233,87,0.275862,0.974631,0.975362,0.096000,,,,,,,,GLOBAL_BASELINE_NO_ENTITY_RANKING,,,NOT_APPLICABLE_GLOBAL_BASELINE,HF9g-P5,,,,X 全窗基线 · 不参与实体赏罚,6870730,688,A168_HF9F_20260827_0900,2026-08-27 09:00:00
2026-05-22,149351693,2115,0,235.0682372477,-235.0682372477,-235.0682372477,0E-7,2,2,0.49994810000000000,0.499948100000,-1.4140667746232096,-1.4140667746232096,-1.4140667746232096,0E-17,ELIGIBLE,R03b_20260811_FULL_v1,L1_ELIGIBILITY,v2026-08-11,2026-03-21..2026-08-06,baccarat_bet02_101_all_pairs_incl_sentinel,round_win = game_pnl > 0 (decisive only),COMPATIBILITY_ONLY_NOT_PRODUCTION,44544.5453,40072.9644,167.8358,1016,882,-0.00376782,-0.25196217,0.00359216,-0.00376782,-167.8358,44544.5453,OK,0.0000,6.7134,4.0000,96.0000,AG03-UNRESOLVED,ALL5_LEVELS_bet23_to_bet27,6.7134,6.7134,8.3918,8.3918,8.3918,4.000000,4.000000,5.000000,5.000000,5.000000,96.000000,96.000000,95.000000,95.000000,95.000000,5.0,38.6022,35.2192,129.2336,132.6166,PENDING_AG03,FALSE,NOT_FOR_ENFORCEMENT,161.1224,38470.0458,167.8358,161.1224,6.7134,0.00376782,0.00361711,6.7134,161.1224,0.00361711,6.7134,6.7134,8.3918,8.3918,8.3918,161.1224,0.00361711,38.6022,35.2192,129.2336,132.6166,0.00290122,0.00297717,0.00015071,43.8431,45.4342,0.1903,6.9932,0.3858,1856.0227,36.7500,42.7628,43.8759,23.144,38.5733,57.0806,78.5279,103.7829,155.6743,31.1349,-5.1431,2.690537,4.035805,1.136617,24,140,35,5,0.02880006,0.00376782,0.25196217,0E-8,0.000000,0.899616,0.000000,-0.25555432,2026-04-30,2026-07-25,24,435,233,87,0.275862,0.974631,0.975362,0.096000,,,,,,,,GLOBAL_BASELINE_NO_ENTITY_RANKING,,,NOT_APPLICABLE_GLOBAL_BASELINE,HF9g-P5,,,,X 全窗基线 · 不参与实体赏罚,6870731,688,A168_HF9F_20260827_0900,2026-08-27 09:00:00
2026-05-22,149351693,2123,0,25.9457215505,-25.9457215505,-25.9457215505,0E-7,1,1,0.49324550000000000,0.493245500000,-0.9865810262130424,-0.9865810262130424,-0.9865810262130424,0E-17,ELIGIBLE,R03b_20260811_FULL_v1,L1_ELIGIBILITY,v2026-08-11,2026-03-21..2026-08-06,baccarat_bet02_101_all_pairs_incl_sentinel,round_win = game_pnl > 0 (decisive only),COMPATIBILITY_ONLY_NOT_PRODUCTION,44544.5453,40072.9644,167.8358,1016,882,-0.00376782,-0.25196217,0.00359216,-0.00376782,-167.8358,44544.5453,OK,0.0000,6.7134,4.0000,96.0000,AG03-UNRESOLVED,ALL5_LEVELS_bet23_to_bet27,6.7134,6.7134,8.3918,8.3918,8.3918,4.000000,4.000000,5.000000,5.000000,5.000000,96.000000,96.000000,95.000000,95.000000,95.000000,5.0,38.6022,35.2192,129.2336,132.6166,PENDING_AG03,FALSE,NOT_FOR_ENFORCEMENT,161.1224,38470.0458,167.8358,161.1224,6.7134,0.00376782,0.00361711,6.7134,161.1224,0.00361711,6.7134,6.7134,8.3918,8.3918,8.3918,161.1224,0.00361711,38.6022,35.2192,129.2336,132.6166,0.00290122,0.00297717,0.00015071,43.8431,45.4342,0.1903,6.9932,0.3858,1856.0227,36.7500,42.7628,43.8759,23.144,38.5733,57.0806,78.5279,103.7829,155.6743,31.1349,-5.1431,2.690537,4.035805,1.136617,24,140,35,5,0.02880006,0.00376782,0.25196217,0E-8,0.000000,0.899616,0.000000,-0.25555432,2026-04-30,2026-07-25,24,435,233,87,0.275862,0.974631,0.975362,0.096000,,,,,,,,GLOBAL_BASELINE_NO_ENTITY_RANKING,,,NOT_APPLICABLE_GLOBAL_BASELINE,HF9g-P5,,,,X 全窗基线 · 不参与实体赏罚,6870732,688,A168_HF9F_20260827_0900,2026-08-27 09:00:00
2026-05-22,149351693,2134,0,38.9185823258,-38.9185823258,-38.9185823258,0E-7,1,1,0.50665070000000000,0.506650700000,-1.013391052207602,-1.013391052207602,-1.013391052207602,0E-17,ELIGIBLE,R03b_20260811_FULL_v1,L1_ELIGIBILITY,v2026-08-11,2026-03-21..2026-08-06,baccarat_bet02_101_all_pairs_incl_sentinel,round_win = game_pnl > 0 (decisive only),COMPATIBILITY_ONLY_NOT_PRODUCTION,44544.5453,40072.9644,167.8358,1016,882,-0.00376782,-0.25196217,0.00359216,-0.00376782,-167.8358,44544.5453,OK,0.0000,6.7134,4.0000,96.0000,AG03-UNRESOLVED,ALL5_LEVELS_bet23_to_bet27,6.7134,6.7134,8.3918,8.3918,8.3918,4.000000,4.000000,5.000000,5.000000,5.000000,96.000000,96.000000,95.000000,95.000000,95.000000,5.0,38.6022,35.2192,129.2336,132.6166,PENDING_AG03,FALSE,NOT_FOR_ENFORCEMENT,161.1224,38470.0458,167.8358,161.1224,6.7134,0.00376782,0.00361711,6.7134,161.1224,0.00361711,6.7134,6.7134,8.3918,8.3918,8.3918,161.1224,0.00361711,38.6022,35.2192,129.2336,132.6166,0.00290122,0.00297717,0.00015071,43.8431,45.4342,0.1903,6.9932,0.3858,1856.0227,36.7500,42.7628,43.8759,23.144,38.5733,57.0806,78.5279,103.7829,155.6743,31.1349,-5.1431,2.690537,4.035805,1.136617,24,140,35,5,0.02880006,0.00376782,0.25196217,0E-8,0.000000,0.899616,0.000000,-0.25555432,2026-04-30,2026-07-25,24,435,233,87,0.275862,0.974631,0.975362,0.096000,,,,,,,,GLOBAL_BASELINE_NO_ENTITY_RANKING,,,NOT_APPLICABLE_GLOBAL_BASELINE,HF9g-P5,,,,X 全窗基线 · 不参与实体赏罚,6870733,688,A168_HF9F_20260827_0900,2026-08-27 09:00:00
2026-05-22,149351693,2142,0,355.4563852420,73.6858492036,73.6858492036,0.6000000,6,6,0.50665070000000000,0.506650700000,0.4175076967804994,0.4175076967804994,0.4175076967804994,0E-17,ELIGIBLE,R03b_20260811_FULL_v1,L1_ELIGIBILITY,v2026-08-11,2026-03-21..2026-08-06,baccarat_bet02_101_all_pairs_incl_sentinel,round_win = game_pnl > 0 (decisive only),COMPATIBILITY_ONLY_NOT_PRODUCTION,44544.5453,40072.9644,167.8358,1016,882,-0.00376782,-0.25196217,0.00359216,-0.00376782,-167.8358,44544.5453,OK,0.0000,6.7134,4.0000,96.0000,AG03-UNRESOLVED,ALL5_LEVELS_bet23_to_bet27,6.7134,6.7134,8.3918,8.3918,8.3918,4.000000,4.000000,5.000000,5.000000,5.000000,96.000000,96.000000,95.000000,95.000000,95.000000,5.0,38.6022,35.2192,129.2336,132.6166,PENDING_AG03,FALSE,NOT_FOR_ENFORCEMENT,161.1224,38470.0458,167.8358,161.1224,6.7134,0.00376782,0.00361711,6.7134,161.1224,0.00361711,6.7134,6.7134,8.3918,8.3918,8.3918,161.1224,0.00361711,38.6022,35.2192,129.2336,132.6166,0.00290122,0.00297717,0.00015071,43.8431,45.4342,0.1903,6.9932,0.3858,1856.0227,36.7500,42.7628,43.8759,23.144,38.5733,57.0806,78.5279,103.7829,155.6743,31.1349,-5.1431,2.690537,4.035805,1.136617,24,140,35,5,0.02880006,0.00376782,0.25196217,0E-8,0.000000,0.899616,0.000000,-0.25555432,2026-04-30,2026-07-25,24,435,233,87,0.275862,0.974631,0.975362,0.096000,,,,,,,,GLOBAL_BASELINE_NO_ENTITY_RANKING,,,NOT_APPLICABLE_GLOBAL_BASELINE,HF9g-P5,,,,X 全窗基线 · 不参与实体赏罚,6870734,688,A168_HF9F_20260827_0900,2026-08-27 09:00:00
2026-05-22,149351693,2145,0,85.6208811167,-85.6208811167,-85.6208811167,0E-7,1,1,0.49324550000000000,0.493245500000,-0.9865810262130424,-0.9865810262130424,-0.9865810262130424,0E-17,ELIGIBLE,R03b_20260811_FULL_v1,L1_ELIGIBILITY,v2026-08-11,2026-03-21..2026-08-06,baccarat_bet02_101_all_pairs_incl_sentinel,round_win = game_pnl > 0 (decisive only),COMPATIBILITY_ONLY_NOT_PRODUCTION,44544.5453,40072.9644,167.8358,1016,882,-0.00376782,-0.25196217,0.00359216,-0.00376782,-167.8358,44544.5453,OK,0.0000,6.7134,4.0000,96.0000,AG03-UNRESOLVED,ALL5_LEVELS_bet23_to_bet27,6.7134,6.7134,8.3918,8.3918,8.3918,4.000000,4.000000,5.000000,5.000000,5.000000,96.000000,96.000000,95.000000,95.000000,95.000000,5.0,38.6022,35.2192,129.2336,132.6166,PENDING_AG03,FALSE,NOT_FOR_ENFORCEMENT,161.1224,38470.0458,167.8358,161.1224,6.7134,0.00376782,0.00361711,6.7134,161.1224,0.00361711,6.7134,6.7134,8.3918,8.3918,8.3918,161.1224,0.00361711,38.6022,35.2192,129.2336,132.6166,0.00290122,0.00297717,0.00015071,43.8431,45.4342,0.1903,6.9932,0.3858,1856.0227,36.7500,42.7628,43.8759,23.144,38.5733,57.0806,78.5279,103.7829,155.6743,31.1349,-5.1431,2.690537,4.035805,1.136617,24,140,35,5,0.02880006,0.00376782,0.25196217,0E-8,0.000000,0.899616,0.000000,-0.25555432,2026-04-30,2026-07-25,24,435,233,87,0.275862,0.974631,0.975362,0.096000,,,,,,,,GLOBAL_BASELINE_NO_ENTITY_RANKING,,,NOT_APPLICABLE_GLOBAL_BASELINE,HF9g-P5,,,,X 全窗基线 · 不参与实体赏罚,6870735,688,A168_HF9F_20260827_0900,2026-08-27 09:00:00
2026-05-22,149351693,2152,0,101.1883140470,25.2970785118,25.2970785118,0.6666667,3,3,0.50665070000000000,0.506650700000,0.5543606114942035,0.5543606114942035,0.5543606114942035,0E-17,ELIGIBLE,R03b_20260811_FULL_v1,L1_ELIGIBILITY,v2026-08-11,2026-03-21..2026-08-06,baccarat_bet02_101_all_pairs_incl_sentinel,round_win = game_pnl > 0 (decisive only),COMPATIBILITY_ONLY_NOT_PRODUCTION,44544.5453,40072.9644,167.8358,1016,882,-0.00376782,-0.25196217,0.00359216,-0.00376782,-167.8358,44544.5453,OK,0.0000,6.7134,4.0000,96.0000,AG03-UNRESOLVED,ALL5_LEVELS_bet23_to_bet27,6.7134,6.7134,8.3918,8.3918,8.3918,4.000000,4.000000,5.000000,5.000000,5.000000,96.000000,96.000000,95.000000,95.000000,95.000000,5.0,38.6022,35.2192,129.2336,132.6166,PENDING_AG03,FALSE,NOT_FOR_ENFORCEMENT,161.1224,38470.0458,167.8358,161.1224,6.7134,0.00376782,0.00361711,6.7134,161.1224,0.00361711,6.7134,6.7134,8.3918,8.3918,8.3918,161.1224,0.00361711,38.6022,35.2192,129.2336,132.6166,0.00290122,0.00297717,0.00015071,43.8431,45.4342,0.1903,6.9932,0.3858,1856.0227,36.7500,42.7628,43.8759,23.144,38.5733,57.0806,78.5279,103.7829,155.6743,31.1349,-5.1431,2.690537,4.035805,1.136617,24,140,35,5,0.02880006,0.00376782,0.25196217,0E-8,0.000000,0.899616,0.000000,-0.25555432,2026-04-30,2026-07-25,24,435,233,87,0.275862,0.974631,0.975362,0.096000,,,,,,,,GLOBAL_BASELINE_NO_ENTITY_RANKING,,,NOT_APPLICABLE_GLOBAL_BASELINE,HF9g-P5,,,,X 全窗基线 · 不参与实体赏罚,6870736,688,A168_HF9F_20260827_0900,2026-08-27 09:00:00
2026-05-22,149351693,2160,0,77.8371646515,77.8371646515,77.8371646515,1.0000000,1,1,0.49324550000000000,0.493245500000,1.01360149184955,1.01360149184955,1.01360149184955,0E-17,ELIGIBLE,R03b_20260811_FULL_v1,L1_ELIGIBILITY,v2026-08-11,2026-03-21..2026-08-06,baccarat_bet02_101_all_pairs_incl_sentinel,round_win = game_pnl > 0 (decisive only),COMPATIBILITY_ONLY_NOT_PRODUCTION,44544.5453,40072.9644,167.8358,1016,882,-0.00376782,-0.25196217,0.00359216,-0.00376782,-167.8358,44544.5453,OK,0.0000,6.7134,4.0000,96.0000,AG03-UNRESOLVED,ALL5_LEVELS_bet23_to_bet27,6.7134,6.7134,8.3918,8.3918,8.3918,4.000000,4.000000,5.000000,5.000000,5.000000,96.000000,96.000000,95.000000,95.000000,95.000000,5.0,38.6022,35.2192,129.2336,132.6166,PENDING_AG03,FALSE,NOT_FOR_ENFORCEMENT,161.1224,38470.0458,167.8358,161.1224,6.7134,0.00376782,0.00361711,6.7134,161.1224,0.00361711,6.7134,6.7134,8.3918,8.3918,8.3918,161.1224,0.00361711,38.6022,35.2192,129.2336,132.6166,0.00290122,0.00297717,0.00015071,43.8431,45.4342,0.1903,6.9932,0.3858,1856.0227,36.7500,42.7628,43.8759,23.144,38.5733,57.0806,78.5279,103.7829,155.6743,31.1349,-5.1431,2.690537,4.035805,1.136617,24,140,35,5,0.02880006,0.00376782,0.25196217,0E-8,0.000000,0.899616,0.000000,-0.25555432,2026-04-30,2026-07-25,24,435,233,87,0.275862,0.974631,0.975362,0.096000,,,,,,,,GLOBAL_BASELINE_NO_ENTITY_RANKING,,,NOT_APPLICABLE_GLOBAL_BASELINE,HF9g-P5,,,,X 全窗基线 · 不参与实体赏罚,6870737,688,A168_HF9F_20260827_0900,2026-08-27 09:00:00
2026-05-22,149351693,2167,0,77.8371646515,-77.8371646515,-77.8371646515,0E-7,1,1,0.50665070000000000,0.506650700000,-1.013391052207602,-1.013391052207602,-1.013391052207602,0E-17,ELIGIBLE,R03b_20260811_FULL_v1,L1_ELIGIBILITY,v2026-08-11,2026-03-21..2026-08-06,baccarat_bet02_101_all_pairs_incl_sentinel,round_win = game_pnl > 0 (decisive only),COMPATIBILITY_ONLY_NOT_PRODUCTION,44544.5453,40072.9644,167.8358,1016,882,-0.00376782,-0.25196217,0.00359216,-0.00376782,-167.8358,44544.5453,OK,0.0000,6.7134,4.0000,96.0000,AG03-UNRESOLVED,ALL5_LEVELS_bet23_to_bet27,6.7134,6.7134,8.3918,8.3918,8.3918,4.000000,4.000000,5.000000,5.000000,5.000000,96.000000,96.000000,95.000000,95.000000,95.000000,5.0,38.6022,35.2192,129.2336,132.6166,PENDING_AG03,FALSE,NOT_FOR_ENFORCEMENT,161.1224,38470.0458,167.8358,161.1224,6.7134,0.00376782,0.00361711,6.7134,161.1224,0.00361711,6.7134,6.7134,8.3918,8.3918,8.3918,161.1224,0.00361711,38.6022,35.2192,129.2336,132.6166,0.00290122,0.00297717,0.00015071,43.8431,45.4342,0.1903,6.9932,0.3858,1856.0227,36.7500,42.7628,43.8759,23.144,38.5733,57.0806,78.5279,103.7829,155.6743,31.1349,-5.1431,2.690537,4.035805,1.136617,24,140,35,5,0.02880006,0.00376782,0.25196217,0E-8,0.000000,0.899616,0.000000,-0.25555432,2026-04-30,2026-07-25,24,435,233,87,0.275862,0.974631,0.975362,0.096000,,,,,,,,GLOBAL_BASELINE_NO_ENTITY_RANKING,,,NOT_APPLICABLE_GLOBAL_BASELINE,HF9g-P5,,,,X 全窗基线 · 不参与实体赏罚,6870738,688,A168_HF9F_20260827_0900,2026-08-27 09:00:00
2026-05-22,149351693,2169,0,228.3223496446,-22.4430491412,-22.4430491412,0.6666667,5,4,0.49558081249995786,0.451842150000,0.5926819334277779,0.7476499024649291,0.5926819334277779,0.04373866249995786,ELIGIBLE,R03b_20260811_FULL_v1,L1_ELIGIBILITY,v2026-08-11,2026-03-21..2026-08-06,baccarat_bet02_101_all_pairs_incl_sentinel,round_win = game_pnl > 0 (decisive only),COMPATIBILITY_ONLY_NOT_PRODUCTION,44544.5453,40072.9644,167.8358,1016,882,-0.00376782,-0.25196217,0.00359216,-0.00376782,-167.8358,44544.5453,OK,0.0000,6.7134,4.0000,96.0000,AG03-UNRESOLVED,ALL5_LEVELS_bet23_to_bet27,6.7134,6.7134,8.3918,8.3918,8.3918,4.000000,4.000000,5.000000,5.000000,5.000000,96.000000,96.000000,95.000000,95.000000,95.000000,5.0,38.6022,35.2192,129.2336,132.6166,PENDING_AG03,FALSE,NOT_FOR_ENFORCEMENT,161.1224,38470.0458,167.8358,161.1224,6.7134,0.00376782,0.00361711,6.7134,161.1224,0.00361711,6.7134,6.7134,8.3918,8.3918,8.3918,161.1224,0.00361711,38.6022,35.2192,129.2336,132.6166,0.00290122,0.00297717,0.00015071,43.8431,45.4342,0.1903,6.9932,0.3858,1856.0227,36.7500,42.7628,43.8759,23.144,38.5733,57.0806,78.5279,103.7829,155.6743,31.1349,-5.1431,2.690537,4.035805,1.136617,24,140,35,5,0.02880006,0.00376782,0.25196217,0E-8,0.000000,0.899616,0.000000,-0.25555432,2026-04-30,2026-07-25,24,435,233,87,0.275862,0.974631,0.975362,0.096000,,,,,,,,GLOBAL_BASELINE_NO_ENTITY_RANKING,,,NOT_APPLICABLE_GLOBAL_BASELINE,HF9g-P5,,,,X 全窗基线 · 不参与实体赏罚,6870739,688,A168_HF9F_20260827_0900,2026-08-27 09:00:00
2026-05-22,149351693,2170,0,25.9457215505,0E-10,0E-10,,1,1,0.50665070000000000,0.506650700000,,,,0E-17,NO_DECISIVE_ROUND,R03b_20260811_FULL_v1,L1_ELIGIBILITY,v2026-08-11,2026-03-21..2026-08-06,baccarat_bet02_101_all_pairs_incl_sentinel,round_win = game_pnl > 0 (decisive only),COMPATIBILITY_ONLY_NOT_PRODUCTION,44544.5453,40072.9644,167.8358,1016,882,-0.00376782,-0.25196217,0.00359216,-0.00376782,-167.8358,44544.5453,OK,0.0000,6.7134,4.0000,96.0000,AG03-UNRESOLVED,ALL5_LEVELS_bet23_to_bet27,6.7134,6.7134,8.3918,8.3918,8.3918,4.000000,4.000000,5.000000,5.000000,5.000000,96.000000,96.000000,95.000000,95.000000,95.000000,5.0,38.6022,35.2192,129.2336,132.6166,PENDING_AG03,FALSE,NOT_FOR_ENFORCEMENT,161.1224,38470.0458,167.8358,161.1224,6.7134,0.00376782,0.00361711,6.7134,161.1224,0.00361711,6.7134,6.7134,8.3918,8.3918,8.3918,161.1224,0.00361711,38.6022,35.2192,129.2336,132.6166,0.00290122,0.00297717,0.00015071,43.8431,45.4342,0.1903,6.9932,0.3858,1856.0227,36.7500,42.7628,43.8759,23.144,38.5733,57.0806,78.5279,103.7829,155.6743,31.1349,-5.1431,2.690537,4.035805,1.136617,24,140,35,5,0.02880006,0.00376782,0.25196217,0E-8,0.000000,0.899616,0.000000,-0.25555432,2026-04-30,2026-07-25,24,435,233,87,0.275862,0.974631,0.975362,0.096000,,,,,,,,GLOBAL_BASELINE_NO_ENTITY_RANKING,,,NOT_APPLICABLE_GLOBAL_BASELINE,HF9g-P5,,,,X 全窗基线 · 不参与实体赏罚,6870740,688,A168_HF9F_20260827_0900,2026-08-27 09:00:00
2026-05-22,149351693,2188,0,78.3560790826,74.4382751284,74.4382751284,1.0000000,1,1,0.50665070000000000,0.506650700000,0.9867858985152569,0.9867858985152569,0.9867858985152569,0E-17,ELIGIBLE,R03b_20260811_FULL_v1,L1_ELIGIBILITY,v2026-08-11,2026-03-21..2026-08-06,baccarat_bet02_101_all_pairs_incl_sentinel,round_win = game_pnl > 0 (decisive only),COMPATIBILITY_ONLY_NOT_PRODUCTION,44544.5453,40072.9644,167.8358,1016,882,-0.00376782,-0.25196217,0.00359216,-0.00376782,-167.8358,44544.5453,OK,0.0000,6.7134,4.0000,96.0000,AG03-UNRESOLVED,ALL5_LEVELS_bet23_to_bet27,6.7134,6.7134,8.3918,8.3918,8.3918,4.000000,4.000000,5.000000,5.000000,5.000000,96.000000,96.000000,95.000000,95.000000,95.000000,5.0,38.6022,35.2192,129.2336,132.6166,PENDING_AG03,FALSE,NOT_FOR_ENFORCEMENT,161.1224,38470.0458,167.8358,161.1224,6.7134,0.00376782,0.00361711,6.7134,161.1224,0.00361711,6.7134,6.7134,8.3918,8.3918,8.3918,161.1224,0.00361711,38.6022,35.2192,129.2336,132.6166,0.00290122,0.00297717,0.00015071,43.8431,45.4342,0.1903,6.9932,0.3858,1856.0227,36.7500,42.7628,43.8759,23.144,38.5733,57.0806,78.5279,103.7829,155.6743,31.1349,-5.1431,2.690537,4.035805,1.136617,24,140,35,5,0.02880006,0.00376782,0.25196217,0E-8,0.000000,0.899616,0.000000,-0.25555432,2026-04-30,2026-07-25,24,435,233,87,0.275862,0.974631,0.975362,0.096000,,,,,,,,GLOBAL_BASELINE_NO_ENTITY_RANKING,,,NOT_APPLICABLE_GLOBAL_BASELINE,HF9g-P5,,,,X 全窗基线 · 不参与实体赏罚,6870741,688,A168_HF9F_20260827_0900,2026-08-27 09:00:00
2026-05-22,149351693,2196,0,121.9448912874,-0.5189144310,-0.5189144310,0.3333333,4,3,0.49503302564102564,0.431135816667,-0.5601718057838665,-0.3420575356522062,-0.5601718057838665,0.06389720897402564,ELIGIBLE,R03b_20260811_FULL_v1,L1_ELIGIBILITY,v2026-08-11,2026-03-21..2026-08-06,baccarat_bet02_101_all_pairs_incl_sentinel,round_win = game_pnl > 0 (decisive only),COMPATIBILITY_ONLY_NOT_PRODUCTION,44544.5453,40072.9644,167.8358,1016,882,-0.00376782,-0.25196217,0.00359216,-0.00376782,-167.8358,44544.5453,OK,0.0000,6.7134,4.0000,96.0000,AG03-UNRESOLVED,ALL5_LEVELS_bet23_to_bet27,6.7134,6.7134,8.3918,8.3918,8.3918,4.000000,4.000000,5.000000,5.000000,5.000000,96.000000,96.000000,95.000000,95.000000,95.000000,5.0,38.6022,35.2192,129.2336,132.6166,PENDING_AG03,FALSE,NOT_FOR_ENFORCEMENT,161.1224,38470.0458,167.8358,161.1224,6.7134,0.00376782,0.00361711,6.7134,161.1224,0.00361711,6.7134,6.7134,8.3918,8.3918,8.3918,161.1224,0.00361711,38.6022,35.2192,129.2336,132.6166,0.00290122,0.00297717,0.00015071,43.8431,45.4342,0.1903,6.9932,0.3858,1856.0227,36.7500,42.7628,43.8759,23.144,38.5733,57.0806,78.5279,103.7829,155.6743,31.1349,-5.1431,2.690537,4.035805,1.136617,24,140,35,5,0.02880006,0.00376782,0.25196217,0E-8,0.000000,0.899616,0.000000,-0.25555432,2026-04-30,2026-07-25,24,435,233,87,0.275862,0.974631,0.975362,0.096000,,,,,,,,GLOBAL_BASELINE_NO_ENTITY_RANKING,,,NOT_APPLICABLE_GLOBAL_BASELINE,HF9g-P5,,,,X 全窗基线 · 不参与实体赏罚,6870742,688,A168_HF9F_20260827_0900,2026-08-27 09:00:00
2026-05-22,149351693,2205,0,103.7828862021,-103.7828862021,-103.7828862021,0E-7,1,1,0.50665070000000000,0.506650700000,-1.013391052207602,-1.013391052207602,-1.013391052207602,0E-17,ELIGIBLE,R03b_20260811_FULL_v1,L1_ELIGIBILITY,v2026-08-11,2026-03-21..2026-08-06,baccarat_bet02_101_all_pairs_incl_sentinel,round_win = game_pnl > 0 (decisive only),COMPATIBILITY_ONLY_NOT_PRODUCTION,44544.5453,40072.9644,167.8358,1016,882,-0.00376782,-0.25196217,0.00359216,-0.00376782,-167.8358,44544.5453,OK,0.0000,6.7134,4.0000,96.0000,AG03-UNRESOLVED,ALL5_LEVELS_bet23_to_bet27,6.7134,6.7134,8.3918,8.3918,8.3918,4.000000,4.000000,5.000000,5.000000,5.000000,96.000000,96.000000,95.000000,95.000000,95.000000,5.0,38.6022,35.2192,129.2336,132.6166,PENDING_AG03,FALSE,NOT_FOR_ENFORCEMENT,161.1224,38470.0458,167.8358,161.1224,6.7134,0.00376782,0.00361711,6.7134,161.1224,0.00361711,6.7134,6.7134,8.3918,8.3918,8.3918,161.1224,0.00361711,38.6022,35.2192,129.2336,132.6166,0.00290122,0.00297717,0.00015071,43.8431,45.4342,0.1903,6.9932,0.3858,1856.0227,36.7500,42.7628,43.8759,23.144,38.5733,57.0806,78.5279,103.7829,155.6743,31.1349,-5.1431,2.690537,4.035805,1.136617,24,140,35,5,0.02880006,0.00376782,0.25196217,0E-8,0.000000,0.899616,0.000000,-0.25555432,2026-04-30,2026-07-25,24,435,233,87,0.275862,0.974631,0.975362,0.096000,,,,,,,,GLOBAL_BASELINE_NO_ENTITY_RANKING,,,NOT_APPLICABLE_GLOBAL_BASELINE,HF9g-P5,,,,X 全窗基线 · 不参与实体赏罚,6870743,688,A168_HF9F_20260827_0900,2026-08-27 09:00:00
2026-05-22,149351693,2212,0,77.8371646516,-1.9459291163,-1.9459291163,0.5000000,2,2,0.50665070000000000,0.506650700000,-0.018812684590367487,-0.018812684590367487,-0.018812684590367487,0E-17,ELIGIBLE,R03b_20260811_FULL_v1,L1_ELIGIBILITY,v2026-08-11,2026-03-21..2026-08-06,baccarat_bet02_101_all_pairs_incl_sentinel,round_win = game_pnl > 0 (decisive only),COMPATIBILITY_ONLY_NOT_PRODUCTION,44544.5453,40072.9644,167.8358,1016,882,-0.00376782,-0.25196217,0.00359216,-0.00376782,-167.8358,44544.5453,OK,0.0000,6.7134,4.0000,96.0000,AG03-UNRESOLVED,ALL5_LEVELS_bet23_to_bet27,6.7134,6.7134,8.3918,8.3918,8.3918,4.000000,4.000000,5.000000,5.000000,5.000000,96.000000,96.000000,95.000000,95.000000,95.000000,5.0,38.6022,35.2192,129.2336,132.6166,PENDING_AG03,FALSE,NOT_FOR_ENFORCEMENT,161.1224,38470.0458,167.8358,161.1224,6.7134,0.00376782,0.00361711,6.7134,161.1224,0.00361711,6.7134,6.7134,8.3918,8.3918,8.3918,161.1224,0.00361711,38.6022,35.2192,129.2336,132.6166,0.00290122,0.00297717,0.00015071,43.8431,45.4342,0.1903,6.9932,0.3858,1856.0227,36.7500,42.7628,43.8759,23.144,38.5733,57.0806,78.5279,103.7829,155.6743,31.1349,-5.1431,2.690537,4.035805,1.136617,24,140,35,5,0.02880006,0.00376782,0.25196217,0E-8,0.000000,0.899616,0.000000,-0.25555432,2026-04-30,2026-07-25,24,435,233,87,0.275862,0.974631,0.975362,0.096000,,,,,,,,GLOBAL_BASELINE_NO_ENTITY_RANKING,,,NOT_APPLICABLE_GLOBAL_BASELINE,HF9g-P5,,,,X 全窗基线 · 不参与实体赏罚,6870744,688,A168_HF9F_20260827_0900,2026-08-27 09:00:00
2026-05-22,149351693,2242,0,246.4843547299,194.5929116289,194.5929116289,0.7500000,4,4,0.49659680000000000,0.496596800000,1.0136362796769356,1.0136362796769358,1.0136362796769356,0E-17,ELIGIBLE,R03b_20260811_FULL_v1,L1_ELIGIBILITY,v2026-08-11,2026-03-21..2026-08-06,baccarat_bet02_101_all_pairs_incl_sentinel,round_win = game_pnl > 0 (decisive only),COMPATIBILITY_ONLY_NOT_PRODUCTION,44544.5453,40072.9644,167.8358,1016,882,-0.00376782,-0.25196217,0.00359216,-0.00376782,-167.8358,44544.5453,OK,0.0000,6.7134,4.0000,96.0000,AG03-UNRESOLVED,ALL5_LEVELS_bet23_to_bet27,6.7134,6.7134,8.3918,8.3918,8.3918,4.000000,4.000000,5.000000,5.000000,5.000000,96.000000,96.000000,95.000000,95.000000,95.000000,5.0,38.6022,35.2192,129.2336,132.6166,PENDING_AG03,FALSE,NOT_FOR_ENFORCEMENT,161.1224,38470.0458,167.8358,161.1224,6.7134,0.00376782,0.00361711,6.7134,161.1224,0.00361711,6.7134,6.7134,8.3918,8.3918,8.3918,161.1224,0.00361711,38.6022,35.2192,129.2336,132.6166,0.00290122,0.00297717,0.00015071,43.8431,45.4342,0.1903,6.9932,0.3858,1856.0227,36.7500,42.7628,43.8759,23.144,38.5733,57.0806,78.5279,103.7829,155.6743,31.1349,-5.1431,2.690537,4.035805,1.136617,24,140,35,5,0.02880006,0.00376782,0.25196217,0E-8,0.000000,0.899616,0.000000,-0.25555432,2026-04-30,2026-07-25,24,435,233,87,0.275862,0.974631,0.975362,0.096000,,,,,,,,GLOBAL_BASELINE_NO_ENTITY_RANKING,,,NOT_APPLICABLE_GLOBAL_BASELINE,HF9g-P5,,,,X 全窗基线 · 不参与实体赏罚,6870745,688,A168_HF9F_20260827_0900,2026-08-27 09:00:00
2026-05-22,149351693,2246,0,83.0263089617,78.8749935136,78.8749935136,1.0000000,1,1,0.50665070000000000,0.506650700000,0.9867858985152569,0.9867858985152569,0.9867858985152569,0E-17,ELIGIBLE,R03b_20260811_FULL_v1,L1_ELIGIBILITY,v2026-08-11,2026-03-21..2026-08-06,baccarat_bet02_101_all_pairs_incl_sentinel,round_win = game_pnl > 0 (decisive only),COMPATIBILITY_ONLY_NOT_PRODUCTION,44544.5453,40072.9644,167.8358,1016,882,-0.00376782,-0.25196217,0.00359216,-0.00376782,-167.8358,44544.5453,OK,0.0000,6.7134,4.0000,96.0000,AG03-UNRESOLVED,ALL5_LEVELS_bet23_to_bet27,6.7134,6.7134,8.3918,8.3918,8.3918,4.000000,4.000000,5.000000,5.000000,5.000000,96.000000,96.000000,95.000000,95.000000,95.000000,5.0,38.6022,35.2192,129.2336,132.6166,PENDING_AG03,FALSE,NOT_FOR_ENFORCEMENT,161.1224,38470.0458,167.8358,161.1224,6.7134,0.00376782,0.00361711,6.7134,161.1224,0.00361711,6.7134,6.7134,8.3918,8.3918,8.3918,161.1224,0.00361711,38.6022,35.2192,129.2336,132.6166,0.00290122,0.00297717,0.00015071,43.8431,45.4342,0.1903,6.9932,0.3858,1856.0227,36.7500,42.7628,43.8759,23.144,38.5733,57.0806,78.5279,103.7829,155.6743,31.1349,-5.1431,2.690537,4.035805,1.136617,24,140,35,5,0.02880006,0.00376782,0.25196217,0E-8,0.000000,0.899616,0.000000,-0.25555432,2026-04-30,2026-07-25,24,435,233,87,0.275862,0.974631,0.975362,0.096000,,,,,,,,GLOBAL_BASELINE_NO_ENTITY_RANKING,,,NOT_APPLICABLE_GLOBAL_BASELINE,HF9g-P5,,,,X 全窗基线 · 不参与实体赏罚,6870746,688,A168_HF9F_20260827_0900,2026-08-27 09:00:00
2026-05-22,149351693,2248,0,51.8914431010,-51.8914431010,-51.8914431010,0E-7,1,1,0.49324550000000000,0.493245500000,-0.9865810262130424,-0.9865810262130424,-0.9865810262130424,0E-17,ELIGIBLE,R03b_20260811_FULL_v1,L1_ELIGIBILITY,v2026-08-11,2026-03-21..2026-08-06,baccarat_bet02_101_all_pairs_incl_sentinel,round_win = game_pnl > 0 (decisive only),COMPATIBILITY_ONLY_NOT_PRODUCTION,44544.5453,40072.9644,167.8358,1016,882,-0.00376782,-0.25196217,0.00359216,-0.00376782,-167.8358,44544.5453,OK,0.0000,6.7134,4.0000,96.0000,AG03-UNRESOLVED,ALL5_LEVELS_bet23_to_bet27,6.7134,6.7134,8.3918,8.3918,8.3918,4.000000,4.000000,5.000000,5.000000,5.000000,96.000000,96.000000,95.000000,95.000000,95.000000,5.0,38.6022,35.2192,129.2336,132.6166,PENDING_AG03,FALSE,NOT_FOR_ENFORCEMENT,161.1224,38470.0458,167.8358,161.1224,6.7134,0.00376782,0.00361711,6.7134,161.1224,0.00361711,6.7134,6.7134,8.3918,8.3918,8.3918,161.1224,0.00361711,38.6022,35.2192,129.2336,132.6166,0.00290122,0.00297717,0.00015071,43.8431,45.4342,0.1903,6.9932,0.3858,1856.0227,36.7500,42.7628,43.8759,23.144,38.5733,57.0806,78.5279,103.7829,155.6743,31.1349,-5.1431,2.690537,4.035805,1.136617,24,140,35,5,0.02880006,0.00376782,0.25196217,0E-8,0.000000,0.899616,0.000000,-0.25555432,2026-04-30,2026-07-25,24,435,233,87,0.275862,0.974631,0.975362,0.096000,,,,,,,,GLOBAL_BASELINE_NO_ENTITY_RANKING,,,NOT_APPLICABLE_GLOBAL_BASELINE,HF9g-P5,,,,X 全窗基线 · 不参与实体赏罚,6870747,688,A168_HF9F_20260827_0900,2026-08-27 09:00:00
2026-05-22,149351693,2250,0,51.8914431010,49.2968709460,49.2968709460,1.0000000,1,1,0.50665070000000000,0.506650700000,0.9867858985152569,0.9867858985152569,0.9867858985152569,0E-17,ELIGIBLE,R03b_20260811_FULL_v1,L1_ELIGIBILITY,v2026-08-11,2026-03-21..2026-08-06,baccarat_bet02_101_all_pairs_incl_sentinel,round_win = game_pnl > 0 (decisive only),COMPATIBILITY_ONLY_NOT_PRODUCTION,44544.5453,40072.9644,167.8358,1016,882,-0.00376782,-0.25196217,0.00359216,-0.00376782,-167.8358,44544.5453,OK,0.0000,6.7134,4.0000,96.0000,AG03-UNRESOLVED,ALL5_LEVELS_bet23_to_bet27,6.7134,6.7134,8.3918,8.3918,8.3918,4.000000,4.000000,5.000000,5.000000,5.000000,96.000000,96.000000,95.000000,95.000000,95.000000,5.0,38.6022,35.2192,129.2336,132.6166,PENDING_AG03,FALSE,NOT_FOR_ENFORCEMENT,161.1224,38470.0458,167.8358,161.1224,6.7134,0.00376782,0.00361711,6.7134,161.1224,0.00361711,6.7134,6.7134,8.3918,8.3918,8.3918,161.1224,0.00361711,38.6022,35.2192,129.2336,132.6166,0.00290122,0.00297717,0.00015071,43.8431,45.4342,0.1903,6.9932,0.3858,1856.0227,36.7500,42.7628,43.8759,23.144,38.5733,57.0806,78.5279,103.7829,155.6743,31.1349,-5.1431,2.690537,4.035805,1.136617,24,140,35,5,0.02880006,0.00376782,0.25196217,0E-8,0.000000,0.899616,0.000000,-0.25555432,2026-04-30,2026-07-25,24,435,233,87,0.275862,0.974631,0.975362,0.096000,,,,,,,,GLOBAL_BASELINE_NO_ENTITY_RANKING,,,NOT_APPLICABLE_GLOBAL_BASELINE,HF9g-P5,,,,X 全窗基线 · 不参与实体赏罚,6870748,688,A168_HF9F_20260827_0900,2026-08-27 09:00:00
2026-05-22,149351693,2254,0,36.3240101707,0E-10,0E-10,,1,1,0.50665070000000000,0.506650700000,,,,0E-17,NO_DECISIVE_ROUND,R03b_20260811_FULL_v1,L1_ELIGIBILITY,v2026-08-11,2026-03-21..2026-08-06,baccarat_bet02_101_all_pairs_incl_sentinel,round_win = game_pnl > 0 (decisive only),COMPATIBILITY_ONLY_NOT_PRODUCTION,44544.5453,40072.9644,167.8358,1016,882,-0.00376782,-0.25196217,0.00359216,-0.00376782,-167.8358,44544.5453,OK,0.0000,6.7134,4.0000,96.0000,AG03-UNRESOLVED,ALL5_LEVELS_bet23_to_bet27,6.7134,6.7134,8.3918,8.3918,8.3918,4.000000,4.000000,5.000000,5.000000,5.000000,96.000000,96.000000,95.000000,95.000000,95.000000,5.0,38.6022,35.2192,129.2336,132.6166,PENDING_AG03,FALSE,NOT_FOR_ENFORCEMENT,161.1224,38470.0458,167.8358,161.1224,6.7134,0.00376782,0.00361711,6.7134,161.1224,0.00361711,6.7134,6.7134,8.3918,8.3918,8.3918,161.1224,0.00361711,38.6022,35.2192,129.2336,132.6166,0.00290122,0.00297717,0.00015071,43.8431,45.4342,0.1903,6.9932,0.3858,1856.0227,36.7500,42.7628,43.8759,23.144,38.5733,57.0806,78.5279,103.7829,155.6743,31.1349,-5.1431,2.690537,4.035805,1.136617,24,140,35,5,0.02880006,0.00376782,0.25196217,0E-8,0.000000,0.899616,0.000000,-0.25555432,2026-04-30,2026-07-25,24,435,233,87,0.275862,0.974631,0.975362,0.096000,,,,,,,,GLOBAL_BASELINE_NO_ENTITY_RANKING,,,NOT_APPLICABLE_GLOBAL_BASELINE,HF9g-P5,,,,X 全窗基线 · 不参与实体赏罚,6870749,688,A168_HF9F_20260827_0900,2026-08-27 09:00:00
2026-05-22,149351693,2266,0,51.8914431010,51.8914431010,51.8914431010,1.0000000,1,1,0.49324550000000000,0.493245500000,1.01360149184955,1.01360149184955,1.01360149184955,0E-17,ELIGIBLE,R03b_20260811_FULL_v1,L1_ELIGIBILITY,v2026-08-11,2026-03-21..2026-08-06,baccarat_bet02_101_all_pairs_incl_sentinel,round_win = game_pnl > 0 (decisive only),COMPATIBILITY_ONLY_NOT_PRODUCTION,44544.5453,40072.9644,167.8358,1016,882,-0.00376782,-0.25196217,0.00359216,-0.00376782,-167.8358,44544.5453,OK,0.0000,6.7134,4.0000,96.0000,AG03-UNRESOLVED,ALL5_LEVELS_bet23_to_bet27,6.7134,6.7134,8.3918,8.3918,8.3918,4.000000,4.000000,5.000000,5.000000,5.000000,96.000000,96.000000,95.000000,95.000000,95.000000,5.0,38.6022,35.2192,129.2336,132.6166,PENDING_AG03,FALSE,NOT_FOR_ENFORCEMENT,161.1224,38470.0458,167.8358,161.1224,6.7134,0.00376782,0.00361711,6.7134,161.1224,0.00361711,6.7134,6.7134,8.3918,8.3918,8.3918,161.1224,0.00361711,38.6022,35.2192,129.2336,132.6166,0.00290122,0.00297717,0.00015071,43.8431,45.4342,0.1903,6.9932,0.3858,1856.0227,36.7500,42.7628,43.8759,23.144,38.5733,57.0806,78.5279,103.7829,155.6743,31.1349,-5.1431,2.690537,4.035805,1.136617,24,140,35,5,0.02880006,0.00376782,0.25196217,0E-8,0.000000,0.899616,0.000000,-0.25555432,2026-04-30,2026-07-25,24,435,233,87,0.275862,0.974631,0.975362,0.096000,,,,,,,,GLOBAL_BASELINE_NO_ENTITY_RANKING,,,NOT_APPLICABLE_GLOBAL_BASELINE,HF9g-P5,,,,X 全窗基线 · 不参与实体赏罚,6870750,688,A168_HF9F_20260827_0900,2026-08-27 09:00:00
2026-05-22,149351693,529,0,51.8914431010,0E-10,0E-10,,1,1,0.49324550000000000,0.493245500000,,,,0E-17,NO_DECISIVE_ROUND,R03b_20260811_FULL_v1,L1_ELIGIBILITY,v2026-08-11,2026-03-21..2026-08-06,baccarat_bet02_101_all_pairs_incl_sentinel,round_win = game_pnl > 0 (decisive only),COMPATIBILITY_ONLY_NOT_PRODUCTION,44544.5453,40072.9644,167.8358,1016,882,-0.00376782,-0.25196217,0.00359216,-0.00376782,-167.8358,44544.5453,OK,0.0000,6.7134,4.0000,96.0000,AG03-UNRESOLVED,ALL5_LEVELS_bet23_to_bet27,6.7134,6.7134,8.3918,8.3918,8.3918,4.000000,4.000000,5.000000,5.000000,5.000000,96.000000,96.000000,95.000000,95.000000,95.000000,5.0,38.6022,35.2192,129.2336,132.6166,PENDING_AG03,FALSE,NOT_FOR_ENFORCEMENT,161.1224,38470.0458,167.8358,161.1224,6.7134,0.00376782,0.00361711,6.7134,161.1224,0.00361711,6.7134,6.7134,8.3918,8.3918,8.3918,161.1224,0.00361711,38.6022,35.2192,129.2336,132.6166,0.00290122,0.00297717,0.00015071,43.8431,45.4342,0.1903,6.9932,0.3858,1856.0227,36.7500,42.7628,43.8759,23.144,38.5733,57.0806,78.5279,103.7829,155.6743,31.1349,-5.1431,2.690537,4.035805,1.136617,24,140,35,5,0.02880006,0.00376782,0.25196217,0E-8,0.000000,0.899616,0.000000,-0.25555432,2026-04-30,2026-07-25,24,435,233,87,0.275862,0.974631,0.975362,0.096000,,,,,,,,GLOBAL_BASELINE_NO_ENTITY_RANKING,,,NOT_APPLICABLE_GLOBAL_BASELINE,HF9g-P5,,,,X 全窗基线 · 不参与实体赏罚,6870751,688,A168_HF9F_20260827_0900,2026-08-27 09:00:00
2026-05-22,149351693,583,0,51.8914431010,-51.8914431010,-51.8914431010,0E-7,1,1,0.49324550000000000,0.493245500000,-0.9865810262130424,-0.9865810262130424,-0.9865810262130424,0E-17,ELIGIBLE,R03b_20260811_FULL_v1,L1_ELIGIBILITY,v2026-08-11,2026-03-21..2026-08-06,baccarat_bet02_101_all_pairs_incl_sentinel,round_win = game_pnl > 0 (decisive only),COMPATIBILITY_ONLY_NOT_PRODUCTION,44544.5453,40072.9644,167.8358,1016,882,-0.00376782,-0.25196217,0.00359216,-0.00376782,-167.8358,44544.5453,OK,0.0000,6.7134,4.0000,96.0000,AG03-UNRESOLVED,ALL5_LEVELS_bet23_to_bet27,6.7134,6.7134,8.3918,8.3918,8.3918,4.000000,4.000000,5.000000,5.000000,5.000000,96.000000,96.000000,95.000000,95.000000,95.000000,5.0,38.6022,35.2192,129.2336,132.6166,PENDING_AG03,FALSE,NOT_FOR_ENFORCEMENT,161.1224,38470.0458,167.8358,161.1224,6.7134,0.00376782,0.00361711,6.7134,161.1224,0.00361711,6.7134,6.7134,8.3918,8.3918,8.3918,161.1224,0.00361711,38.6022,35.2192,129.2336,132.6166,0.00290122,0.00297717,0.00015071,43.8431,45.4342,0.1903,6.9932,0.3858,1856.0227,36.7500,42.7628,43.8759,23.144,38.5733,57.0806,78.5279,103.7829,155.6743,31.1349,-5.1431,2.690537,4.035805,1.136617,24,140,35,5,0.02880006,0.00376782,0.25196217,0E-8,0.000000,0.899616,0.000000,-0.25555432,2026-04-30,2026-07-25,24,435,233,87,0.275862,0.974631,0.975362,0.096000,,,,,,,,GLOBAL_BASELINE_NO_ENTITY_RANKING,,,NOT_APPLICABLE_GLOBAL_BASELINE,HF9g-P5,,,,X 全窗基线 · 不参与实体赏罚,6870752,688,A168_HF9F_20260827_0900,2026-08-27 09:00:00
2026-05-22,149351693,970,0,311.3486586061,163.4580457682,163.4580457682,0.8000000,6,6,0.49994810000000000,0.499948100000,1.3418728975849028,1.3418728975849028,1.3418728975849028,0E-17,ELIGIBLE,R03b_20260811_FULL_v1,L1_ELIGIBILITY,v2026-08-11,2026-03-21..2026-08-06,baccarat_bet02_101_all_pairs_incl_sentinel,round_win = game_pnl > 0 (decisive only),COMPATIBILITY_ONLY_NOT_PRODUCTION,44544.5453,40072.9644,167.8358,1016,882,-0.00376782,-0.25196217,0.00359216,-0.00376782,-167.8358,44544.5453,OK,0.0000,6.7134,4.0000,96.0000,AG03-UNRESOLVED,ALL5_LEVELS_bet23_to_bet27,6.7134,6.7134,8.3918,8.3918,8.3918,4.000000,4.000000,5.000000,5.000000,5.000000,96.000000,96.000000,95.000000,95.000000,95.000000,5.0,38.6022,35.2192,129.2336,132.6166,PENDING_AG03,FALSE,NOT_FOR_ENFORCEMENT,161.1224,38470.0458,167.8358,161.1224,6.7134,0.00376782,0.00361711,6.7134,161.1224,0.00361711,6.7134,6.7134,8.3918,8.3918,8.3918,161.1224,0.00361711,38.6022,35.2192,129.2336,132.6166,0.00290122,0.00297717,0.00015071,43.8431,45.4342,0.1903,6.9932,0.3858,1856.0227,36.7500,42.7628,43.8759,23.144,38.5733,57.0806,78.5279,103.7829,155.6743,31.1349,-5.1431,2.690537,4.035805,1.136617,24,140,35,5,0.02880006,0.00376782,0.25196217,0E-8,0.000000,0.899616,0.000000,-0.25555432,2026-04-30,2026-07-25,24,435,233,87,0.275862,0.974631,0.975362,0.096000,,,,,,,,GLOBAL_BASELINE_NO_ENTITY_RANKING,,,NOT_APPLICABLE_GLOBAL_BASELINE,HF9g-P5,,,,X 全窗基线 · 不参与实体赏罚,6870753,688,A168_HF9F_20260827_0900,2026-08-27 09:00:00
2026-05-23,149351693,-1,1,337.2943801567,-84.3235950391,-84.3235950391,0.2500000,4,4,0.49994810000000000,0.499948100000,-0.9997924053861017,-0.9997924053861017,-0.9997924053861017,0E-17,SENTINEL_DEALER,R03b_20260811_FULL_v1,L1_ELIGIBILITY,v2026-08-11,2026-03-21..2026-08-06,baccarat_bet02_101_all_pairs_incl_sentinel,round_win = game_pnl > 0 (decisive only),COMPATIBILITY_ONLY_NOT_PRODUCTION,44544.5453,40072.9644,167.8358,1016,882,-0.00376782,-0.25196217,0.00359216,-0.00376782,-167.8358,44544.5453,OK,0.0000,6.7134,4.0000,96.0000,AG03-UNRESOLVED,ALL5_LEVELS_bet23_to_bet27,6.7134,6.7134,8.3918,8.3918,8.3918,4.000000,4.000000,5.000000,5.000000,5.000000,96.000000,96.000000,95.000000,95.000000,95.000000,5.0,38.6022,35.2192,129.2336,132.6166,PENDING_AG03,FALSE,NOT_FOR_ENFORCEMENT,161.1224,38470.0458,167.8358,161.1224,6.7134,0.00376782,0.00361711,6.7134,161.1224,0.00361711,6.7134,6.7134,8.3918,8.3918,8.3918,161.1224,0.00361711,38.6022,35.2192,129.2336,132.6166,0.00290122,0.00297717,0.00015071,43.8431,45.4342,0.1903,6.9932,0.3858,1856.0227,36.7500,42.7628,43.8759,23.144,38.5733,57.0806,78.5279,103.7829,155.6743,31.1349,-5.1431,2.690537,4.035805,1.136617,24,140,35,5,0.02880006,0.00376782,0.25196217,0E-8,0.000000,0.899616,0.000000,-0.25555432,2026-04-30,2026-07-25,24,435,233,87,0.275862,0.974631,0.975362,0.096000,,,,,,,,GLOBAL_BASELINE_NO_ENTITY_RANKING,,,NOT_APPLICABLE_GLOBAL_BASELINE,HF9g-P5,,,,X 全窗基线 · 不参与实体赏罚,6870754,688,A168_HF9F_20260827_0900,2026-08-27 09:00:00
2026-05-23,149351693,1094,0,129.7286077526,123.2421773650,123.2421773650,1.0000000,1,1,0.50665070000000000,0.506650700000,0.9867858985152569,0.9867858985152569,0.9867858985152569,0E-17,ELIGIBLE,R03b_20260811_FULL_v1,L1_ELIGIBILITY,v2026-08-11,2026-03-21..2026-08-06,baccarat_bet02_101_all_pairs_incl_sentinel,round_win = game_pnl > 0 (decisive only),COMPATIBILITY_ONLY_NOT_PRODUCTION,44544.5453,40072.9644,167.8358,1016,882,-0.00376782,-0.25196217,0.00359216,-0.00376782,-167.8358,44544.5453,OK,0.0000,6.7134,4.0000,96.0000,AG03-UNRESOLVED,ALL5_LEVELS_bet23_to_bet27,6.7134,6.7134,8.3918,8.3918,8.3918,4.000000,4.000000,5.000000,5.000000,5.000000,96.000000,96.000000,95.000000,95.000000,95.000000,5.0,38.6022,35.2192,129.2336,132.6166,PENDING_AG03,FALSE,NOT_FOR_ENFORCEMENT,161.1224,38470.0458,167.8358,161.1224,6.7134,0.00376782,0.00361711,6.7134,161.1224,0.00361711,6.7134,6.7134,8.3918,8.3918,8.3918,161.1224,0.00361711,38.6022,35.2192,129.2336,132.6166,0.00290122,0.00297717,0.00015071,43.8431,45.4342,0.1903,6.9932,0.3858,1856.0227,36.7500,42.7628,43.8759,23.144,38.5733,57.0806,78.5279,103.7829,155.6743,31.1349,-5.1431,2.690537,4.035805,1.136617,24,140,35,5,0.02880006,0.00376782,0.25196217,0E-8,0.000000,0.899616,0.000000,-0.25555432,2026-04-30,2026-07-25,24,435,233,87,0.275862,0.974631,0.975362,0.096000,,,,,,,,GLOBAL_BASELINE_NO_ENTITY_RANKING,,,NOT_APPLICABLE_GLOBAL_BASELINE,HF9g-P5,,,,X 全窗基线 · 不参与实体赏罚,6870755,688,A168_HF9F_20260827_0900,2026-08-27 09:00:00
2026-05-23,149351693,1109,0,207.5657724041,197.1874837839,197.1874837839,1.0000000,1,1,0.50665070000000000,0.506650700000,0.9867858985152569,0.9867858985152569,0.9867858985152569,0E-17,ELIGIBLE,R03b_20260811_FULL_v1,L1_ELIGIBILITY,v2026-08-11,2026-03-21..2026-08-06,baccarat_bet02_101_all_pairs_incl_sentinel,round_win = game_pnl > 0 (decisive only),COMPATIBILITY_ONLY_NOT_PRODUCTION,44544.5453,40072.9644,167.8358,1016,882,-0.00376782,-0.25196217,0.00359216,-0.00376782,-167.8358,44544.5453,OK,0.0000,6.7134,4.0000,96.0000,AG03-UNRESOLVED,ALL5_LEVELS_bet23_to_bet27,6.7134,6.7134,8.3918,8.3918,8.3918,4.000000,4.000000,5.000000,5.000000,5.000000,96.000000,96.000000,95.000000,95.000000,95.000000,5.0,38.6022,35.2192,129.2336,132.6166,PENDING_AG03,FALSE,NOT_FOR_ENFORCEMENT,161.1224,38470.0458,167.8358,161.1224,6.7134,0.00376782,0.00361711,6.7134,161.1224,0.00361711,6.7134,6.7134,8.3918,8.3918,8.3918,161.1224,0.00361711,38.6022,35.2192,129.2336,132.6166,0.00290122,0.00297717,0.00015071,43.8431,45.4342,0.1903,6.9932,0.3858,1856.0227,36.7500,42.7628,43.8759,23.144,38.5733,57.0806,78.5279,103.7829,155.6743,31.1349,-5.1431,2.690537,4.035805,1.136617,24,140,35,5,0.02880006,0.00376782,0.25196217,0E-8,0.000000,0.899616,0.000000,-0.25555432,2026-04-30,2026-07-25,24,435,233,87,0.275862,0.974631,0.975362,0.096000,,,,,,,,GLOBAL_BASELINE_NO_ENTITY_RANKING,,,NOT_APPLICABLE_GLOBAL_BASELINE,HF9g-P5,,,,X 全窗基线 · 不参与实体赏罚,6870756,688,A168_HF9F_20260827_0900,2026-08-27 09:00:00
2026-05-23,149351693,1115,0,129.7286077526,0E-10,0E-10,,1,1,0.49324550000000000,0.493245500000,,,,0E-17,NO_DECISIVE_ROUND,R03b_20260811_FULL_v1,L1_ELIGIBILITY,v2026-08-11,2026-03-21..2026-08-06,baccarat_bet02_101_all_pairs_incl_sentinel,round_win = game_pnl > 0 (decisive only),COMPATIBILITY_ONLY_NOT_PRODUCTION,44544.5453,40072.9644,167.8358,1016,882,-0.00376782,-0.25196217,0.00359216,-0.00376782,-167.8358,44544.5453,OK,0.0000,6.7134,4.0000,96.0000,AG03-UNRESOLVED,ALL5_LEVELS_bet23_to_bet27,6.7134,6.7134,8.3918,8.3918,8.3918,4.000000,4.000000,5.000000,5.000000,5.000000,96.000000,96.000000,95.000000,95.000000,95.000000,5.0,38.6022,35.2192,129.2336,132.6166,PENDING_AG03,FALSE,NOT_FOR_ENFORCEMENT,161.1224,38470.0458,167.8358,161.1224,6.7134,0.00376782,0.00361711,6.7134,161.1224,0.00361711,6.7134,6.7134,8.3918,8.3918,8.3918,161.1224,0.00361711,38.6022,35.2192,129.2336,132.6166,0.00290122,0.00297717,0.00015071,43.8431,45.4342,0.1903,6.9932,0.3858,1856.0227,36.7500,42.7628,43.8759,23.144,38.5733,57.0806,78.5279,103.7829,155.6743,31.1349,-5.1431,2.690537,4.035805,1.136617,24,140,35,5,0.02880006,0.00376782,0.25196217,0E-8,0.000000,0.899616,0.000000,-0.25555432,2026-04-30,2026-07-25,24,435,233,87,0.275862,0.974631,0.975362,0.096000,,,,,,,,GLOBAL_BASELINE_NO_ENTITY_RANKING,,,NOT_APPLICABLE_GLOBAL_BASELINE,HF9g-P5,,,,X 全窗基线 · 不参与实体赏罚,6870757,688,A168_HF9F_20260827_0900,2026-08-27 09:00:00
2026-05-23,149351693,1151,0,311.3486586062,-159.5661875357,-159.5661875357,0.3333333,3,3,0.50218230000000000,0.502182300000,-0.5849155494134425,-0.5849155494134426,-0.5849155494134425,0E-17,ELIGIBLE,R03b_20260811_FULL_v1,L1_ELIGIBILITY,v2026-08-11,2026-03-21..2026-08-06,baccarat_bet02_101_all_pairs_incl_sentinel,round_win = game_pnl > 0 (decisive only),COMPATIBILITY_ONLY_NOT_PRODUCTION,44544.5453,40072.9644,167.8358,1016,882,-0.00376782,-0.25196217,0.00359216,-0.00376782,-167.8358,44544.5453,OK,0.0000,6.7134,4.0000,96.0000,AG03-UNRESOLVED,ALL5_LEVELS_bet23_to_bet27,6.7134,6.7134,8.3918,8.3918,8.3918,4.000000,4.000000,5.000000,5.000000,5.000000,96.000000,96.000000,95.000000,95.000000,95.000000,5.0,38.6022,35.2192,129.2336,132.6166,PENDING_AG03,FALSE,NOT_FOR_ENFORCEMENT,161.1224,38470.0458,167.8358,161.1224,6.7134,0.00376782,0.00361711,6.7134,161.1224,0.00361711,6.7134,6.7134,8.3918,8.3918,8.3918,161.1224,0.00361711,38.6022,35.2192,129.2336,132.6166,0.00290122,0.00297717,0.00015071,43.8431,45.4342,0.1903,6.9932,0.3858,1856.0227,36.7500,42.7628,43.8759,23.144,38.5733,57.0806,78.5279,103.7829,155.6743,31.1349,-5.1431,2.690537,4.035805,1.136617,24,140,35,5,0.02880006,0.00376782,0.25196217,0E-8,0.000000,0.899616,0.000000,-0.25555432,2026-04-30,2026-07-25,24,435,233,87,0.275862,0.974631,0.975362,0.096000,,,,,,,,GLOBAL_BASELINE_NO_ENTITY_RANKING,,,NOT_APPLICABLE_GLOBAL_BASELINE,HF9g-P5,,,,X 全窗基线 · 不参与实体赏罚,6870758,688,A168_HF9F_20260827_0900,2026-08-27 09:00:00
2026-05-23,149351693,1384,0,31.1348658606,-31.1348658606,-31.1348658606,0E-7,1,1,0.49324550000000000,0.493245500000,-0.9865810262130424,-0.9865810262130424,-0.9865810262130424,0E-17,ELIGIBLE,R03b_20260811_FULL_v1,L1_ELIGIBILITY,v2026-08-11,2026-03-21..2026-08-06,baccarat_bet02_101_all_pairs_incl_sentinel,round_win = game_pnl > 0 (decisive only),COMPATIBILITY_ONLY_NOT_PRODUCTION,44544.5453,40072.9644,167.8358,1016,882,-0.00376782,-0.25196217,0.00359216,-0.00376782,-167.8358,44544.5453,OK,0.0000,6.7134,4.0000,96.0000,AG03-UNRESOLVED,ALL5_LEVELS_bet23_to_bet27,6.7134,6.7134,8.3918,8.3918,8.3918,4.000000,4.000000,5.000000,5.000000,5.000000,96.000000,96.000000,95.000000,95.000000,95.000000,5.0,38.6022,35.2192,129.2336,132.6166,PENDING_AG03,FALSE,NOT_FOR_ENFORCEMENT,161.1224,38470.0458,167.8358,161.1224,6.7134,0.00376782,0.00361711,6.7134,161.1224,0.00361711,6.7134,6.7134,8.3918,8.3918,8.3918,161.1224,0.00361711,38.6022,35.2192,129.2336,132.6166,0.00290122,0.00297717,0.00015071,43.8431,45.4342,0.1903,6.9932,0.3858,1856.0227,36.7500,42.7628,43.8759,23.144,38.5733,57.0806,78.5279,103.7829,155.6743,31.1349,-5.1431,2.690537,4.035805,1.136617,24,140,35,5,0.02880006,0.00376782,0.25196217,0E-8,0.000000,0.899616,0.000000,-0.25555432,2026-04-30,2026-07-25,24,435,233,87,0.275862,0.974631,0.975362,0.096000,,,,,,,,GLOBAL_BASELINE_NO_ENTITY_RANKING,,,NOT_APPLICABLE_GLOBAL_BASELINE,HF9g-P5,,,,X 全窗基线 · 不参与实体赏罚,6870759,688,A168_HF9F_20260827_0900,2026-08-27 09:00:00
2026-05-23,149351693,1399,0,103.7828862021,103.7828862021,103.7828862021,1.0000000,1,1,0.49324550000000000,0.493245500000,1.01360149184955,1.01360149184955,1.01360149184955,0E-17,ELIGIBLE,R03b_20260811_FULL_v1,L1_ELIGIBILITY,v2026-08-11,2026-03-21..2026-08-06,baccarat_bet02_101_all_pairs_incl_sentinel,round_win = game_pnl > 0 (decisive only),COMPATIBILITY_ONLY_NOT_PRODUCTION,44544.5453,40072.9644,167.8358,1016,882,-0.00376782,-0.25196217,0.00359216,-0.00376782,-167.8358,44544.5453,OK,0.0000,6.7134,4.0000,96.0000,AG03-UNRESOLVED,ALL5_LEVELS_bet23_to_bet27,6.7134,6.7134,8.3918,8.3918,8.3918,4.000000,4.000000,5.000000,5.000000,5.000000,96.000000,96.000000,95.000000,95.000000,95.000000,5.0,38.6022,35.2192,129.2336,132.6166,PENDING_AG03,FALSE,NOT_FOR_ENFORCEMENT,161.1224,38470.0458,167.8358,161.1224,6.7134,0.00376782,0.00361711,6.7134,161.1224,0.00361711,6.7134,6.7134,8.3918,8.3918,8.3918,161.1224,0.00361711,38.6022,35.2192,129.2336,132.6166,0.00290122,0.00297717,0.00015071,43.8431,45.4342,0.1903,6.9932,0.3858,1856.0227,36.7500,42.7628,43.8759,23.144,38.5733,57.0806,78.5279,103.7829,155.6743,31.1349,-5.1431,2.690537,4.035805,1.136617,24,140,35,5,0.02880006,0.00376782,0.25196217,0E-8,0.000000,0.899616,0.000000,-0.25555432,2026-04-30,2026-07-25,24,435,233,87,0.275862,0.974631,0.975362,0.096000,,,,,,,,GLOBAL_BASELINE_NO_ENTITY_RANKING,,,NOT_APPLICABLE_GLOBAL_BASELINE,HF9g-P5,,,,X 全窗基线 · 不参与实体赏罚,6870760,688,A168_HF9F_20260827_0900,2026-08-27 09:00:00
2026-05-23,149351693,1623,0,417.7261169633,-88.8640963105,-88.8640963105,0.4000000,7,5,0.48862807560969262,0.443612806667,-0.3964593575956149,-0.1962946387657885,-0.3964593575956149,0.04501526894269262,ELIGIBLE,R03b_20260811_FULL_v1,L1_ELIGIBILITY,v2026-08-11,2026-03-21..2026-08-06,baccarat_bet02_101_all_pairs_incl_sentinel,round_win = game_pnl > 0 (decisive only),COMPATIBILITY_ONLY_NOT_PRODUCTION,44544.5453,40072.9644,167.8358,1016,882,-0.00376782,-0.25196217,0.00359216,-0.00376782,-167.8358,44544.5453,OK,0.0000,6.7134,4.0000,96.0000,AG03-UNRESOLVED,ALL5_LEVELS_bet23_to_bet27,6.7134,6.7134,8.3918,8.3918,8.3918,4.000000,4.000000,5.000000,5.000000,5.000000,96.000000,96.000000,95.000000,95.000000,95.000000,5.0,38.6022,35.2192,129.2336,132.6166,PENDING_AG03,FALSE,NOT_FOR_ENFORCEMENT,161.1224,38470.0458,167.8358,161.1224,6.7134,0.00376782,0.00361711,6.7134,161.1224,0.00361711,6.7134,6.7134,8.3918,8.3918,8.3918,161.1224,0.00361711,38.6022,35.2192,129.2336,132.6166,0.00290122,0.00297717,0.00015071,43.8431,45.4342,0.1903,6.9932,0.3858,1856.0227,36.7500,42.7628,43.8759,23.144,38.5733,57.0806,78.5279,103.7829,155.6743,31.1349,-5.1431,2.690537,4.035805,1.136617,24,140,35,5,0.02880006,0.00376782,0.25196217,0E-8,0.000000,0.899616,0.000000,-0.25555432,2026-04-30,2026-07-25,24,435,233,87,0.275862,0.974631,0.975362,0.096000,,,,,,,,GLOBAL_BASELINE_NO_ENTITY_RANKING,,,NOT_APPLICABLE_GLOBAL_BASELINE,HF9g-P5,,,,X 全窗基线 · 不参与实体赏罚,6870761,688,A168_HF9F_20260827_0900,2026-08-27 09:00:00
2026-05-23,149351693,1714,0,103.7828862021,0E-10,0E-10,,1,1,0.50665070000000000,0.506650700000,,,,0E-17,NO_DECISIVE_ROUND,R03b_20260811_FULL_v1,L1_ELIGIBILITY,v2026-08-11,2026-03-21..2026-08-06,baccarat_bet02_101_all_pairs_incl_sentinel,round_win = game_pnl > 0 (decisive only),COMPATIBILITY_ONLY_NOT_PRODUCTION,44544.5453,40072.9644,167.8358,1016,882,-0.00376782,-0.25196217,0.00359216,-0.00376782,-167.8358,44544.5453,OK,0.0000,6.7134,4.0000,96.0000,AG03-UNRESOLVED,ALL5_LEVELS_bet23_to_bet27,6.7134,6.7134,8.3918,8.3918,8.3918,4.000000,4.000000,5.000000,5.000000,5.000000,96.000000,96.000000,95.000000,95.000000,95.000000,5.0,38.6022,35.2192,129.2336,132.6166,PENDING_AG03,FALSE,NOT_FOR_ENFORCEMENT,161.1224,38470.0458,167.8358,161.1224,6.7134,0.00376782,0.00361711,6.7134,161.1224,0.00361711,6.7134,6.7134,8.3918,8.3918,8.3918,161.1224,0.00361711,38.6022,35.2192,129.2336,132.6166,0.00290122,0.00297717,0.00015071,43.8431,45.4342,0.1903,6.9932,0.3858,1856.0227,36.7500,42.7628,43.8759,23.144,38.5733,57.0806,78.5279,103.7829,155.6743,31.1349,-5.1431,2.690537,4.035805,1.136617,24,140,35,5,0.02880006,0.00376782,0.25196217,0E-8,0.000000,0.899616,0.000000,-0.25555432,2026-04-30,2026-07-25,24,435,233,87,0.275862,0.974631,0.975362,0.096000,,,,,,,,GLOBAL_BASELINE_NO_ENTITY_RANKING,,,NOT_APPLICABLE_GLOBAL_BASELINE,HF9g-P5,,,,X 全窗基线 · 不参与实体赏罚,6870762,688,A168_HF9F_20260827_0900,2026-08-27 09:00:00
2026-05-23,149351693,1750,0,77.8371646515,73.9453064190,73.9453064190,1.0000000,1,1,0.50665070000000000,0.506650700000,0.9867858985152569,0.9867858985152569,0.9867858985152569,0E-17,ELIGIBLE,R03b_20260811_FULL_v1,L1_ELIGIBILITY,v2026-08-11,2026-03-21..2026-08-06,baccarat_bet02_101_all_pairs_incl_sentinel,round_win = game_pnl > 0 (decisive only),COMPATIBILITY_ONLY_NOT_PRODUCTION,44544.5453,40072.9644,167.8358,1016,882,-0.00376782,-0.25196217,0.00359216,-0.00376782,-167.8358,44544.5453,OK,0.0000,6.7134,4.0000,96.0000,AG03-UNRESOLVED,ALL5_LEVELS_bet23_to_bet27,6.7134,6.7134,8.3918,8.3918,8.3918,4.000000,4.000000,5.000000,5.000000,5.000000,96.000000,96.000000,95.000000,95.000000,95.000000,5.0,38.6022,35.2192,129.2336,132.6166,PENDING_AG03,FALSE,NOT_FOR_ENFORCEMENT,161.1224,38470.0458,167.8358,161.1224,6.7134,0.00376782,0.00361711,6.7134,161.1224,0.00361711,6.7134,6.7134,8.3918,8.3918,8.3918,161.1224,0.00361711,38.6022,35.2192,129.2336,132.6166,0.00290122,0.00297717,0.00015071,43.8431,45.4342,0.1903,6.9932,0.3858,1856.0227,36.7500,42.7628,43.8759,23.144,38.5733,57.0806,78.5279,103.7829,155.6743,31.1349,-5.1431,2.690537,4.035805,1.136617,24,140,35,5,0.02880006,0.00376782,0.25196217,0E-8,0.000000,0.899616,0.000000,-0.25555432,2026-04-30,2026-07-25,24,435,233,87,0.275862,0.974631,0.975362,0.096000,,,,,,,,GLOBAL_BASELINE_NO_ENTITY_RANKING,,,NOT_APPLICABLE_GLOBAL_BASELINE,HF9g-P5,,,,X 全窗基线 · 不参与实体赏罚,6870763,688,A168_HF9F_20260827_0900,2026-08-27 09:00:00
2026-05-23,149351693,1951,0,570.8058741113,-570.8058741113,-570.8058741113,0E-7,3,3,0.50218230000000000,0.502182300000,-1.7396270863184011,-1.7396270863184016,-1.7396270863184011,0E-17,ELIGIBLE,R03b_20260811_FULL_v1,L1_ELIGIBILITY,v2026-08-11,2026-03-21..2026-08-06,baccarat_bet02_101_all_pairs_incl_sentinel,round_win = game_pnl > 0 (decisive only),COMPATIBILITY_ONLY_NOT_PRODUCTION,44544.5453,40072.9644,167.8358,1016,882,-0.00376782,-0.25196217,0.00359216,-0.00376782,-167.8358,44544.5453,OK,0.0000,6.7134,4.0000,96.0000,AG03-UNRESOLVED,ALL5_LEVELS_bet23_to_bet27,6.7134,6.7134,8.3918,8.3918,8.3918,4.000000,4.000000,5.000000,5.000000,5.000000,96.000000,96.000000,95.000000,95.000000,95.000000,5.0,38.6022,35.2192,129.2336,132.6166,PENDING_AG03,FALSE,NOT_FOR_ENFORCEMENT,161.1224,38470.0458,167.8358,161.1224,6.7134,0.00376782,0.00361711,6.7134,161.1224,0.00361711,6.7134,6.7134,8.3918,8.3918,8.3918,161.1224,0.00361711,38.6022,35.2192,129.2336,132.6166,0.00290122,0.00297717,0.00015071,43.8431,45.4342,0.1903,6.9932,0.3858,1856.0227,36.7500,42.7628,43.8759,23.144,38.5733,57.0806,78.5279,103.7829,155.6743,31.1349,-5.1431,2.690537,4.035805,1.136617,24,140,35,5,0.02880006,0.00376782,0.25196217,0E-8,0.000000,0.899616,0.000000,-0.25555432,2026-04-30,2026-07-25,24,435,233,87,0.275862,0.974631,0.975362,0.096000,,,,,,,,GLOBAL_BASELINE_NO_ENTITY_RANKING,,,NOT_APPLICABLE_GLOBAL_BASELINE,HF9g-P5,,,,X 全窗基线 · 不参与实体赏罚,6870764,688,A168_HF9F_20260827_0900,2026-08-27 09:00:00
2026-05-23,149351693,1957,0,49.2968709460,-49.2968709460,-49.2968709460,0E-7,2,1,0.44991307894741237,0.287416500000,-0.9043752104426153,-0.6350939377956173,-0.9043752104426153,0.16249657894741237,ELIGIBLE,R03b_20260811_FULL_v1,L1_ELIGIBILITY,v2026-08-11,2026-03-21..2026-08-06,baccarat_bet02_101_all_pairs_incl_sentinel,round_win = game_pnl > 0 (decisive only),COMPATIBILITY_ONLY_NOT_PRODUCTION,44544.5453,40072.9644,167.8358,1016,882,-0.00376782,-0.25196217,0.00359216,-0.00376782,-167.8358,44544.5453,OK,0.0000,6.7134,4.0000,96.0000,AG03-UNRESOLVED,ALL5_LEVELS_bet23_to_bet27,6.7134,6.7134,8.3918,8.3918,8.3918,4.000000,4.000000,5.000000,5.000000,5.000000,96.000000,96.000000,95.000000,95.000000,95.000000,5.0,38.6022,35.2192,129.2336,132.6166,PENDING_AG03,FALSE,NOT_FOR_ENFORCEMENT,161.1224,38470.0458,167.8358,161.1224,6.7134,0.00376782,0.00361711,6.7134,161.1224,0.00361711,6.7134,6.7134,8.3918,8.3918,8.3918,161.1224,0.00361711,38.6022,35.2192,129.2336,132.6166,0.00290122,0.00297717,0.00015071,43.8431,45.4342,0.1903,6.9932,0.3858,1856.0227,36.7500,42.7628,43.8759,23.144,38.5733,57.0806,78.5279,103.7829,155.6743,31.1349,-5.1431,2.690537,4.035805,1.136617,24,140,35,5,0.02880006,0.00376782,0.25196217,0E-8,0.000000,0.899616,0.000000,-0.25555432,2026-04-30,2026-07-25,24,435,233,87,0.275862,0.974631,0.975362,0.096000,,,,,,,,GLOBAL_BASELINE_NO_ENTITY_RANKING,,,NOT_APPLICABLE_GLOBAL_BASELINE,HF9g-P5,,,,X 全窗基线 · 不参与实体赏罚,6870765,688,A168_HF9F_20260827_0900,2026-08-27 09:00:00
2026-05-23,149351693,1985,0,298.3757978309,33.7294380158,33.7294380158,0.5000000,4,4,0.49659680000000000,0.496596800000,0.013613115331600182,0.013613115331600183,0.013613115331600182,0E-17,ELIGIBLE,R03b_20260811_FULL_v1,L1_ELIGIBILITY,v2026-08-11,2026-03-21..2026-08-06,baccarat_bet02_101_all_pairs_incl_sentinel,round_win = game_pnl > 0 (decisive only),COMPATIBILITY_ONLY_NOT_PRODUCTION,44544.5453,40072.9644,167.8358,1016,882,-0.00376782,-0.25196217,0.00359216,-0.00376782,-167.8358,44544.5453,OK,0.0000,6.7134,4.0000,96.0000,AG03-UNRESOLVED,ALL5_LEVELS_bet23_to_bet27,6.7134,6.7134,8.3918,8.3918,8.3918,4.000000,4.000000,5.000000,5.000000,5.000000,96.000000,96.000000,95.000000,95.000000,95.000000,5.0,38.6022,35.2192,129.2336,132.6166,PENDING_AG03,FALSE,NOT_FOR_ENFORCEMENT,161.1224,38470.0458,167.8358,161.1224,6.7134,0.00376782,0.00361711,6.7134,161.1224,0.00361711,6.7134,6.7134,8.3918,8.3918,8.3918,161.1224,0.00361711,38.6022,35.2192,129.2336,132.6166,0.00290122,0.00297717,0.00015071,43.8431,45.4342,0.1903,6.9932,0.3858,1856.0227,36.7500,42.7628,43.8759,23.144,38.5733,57.0806,78.5279,103.7829,155.6743,31.1349,-5.1431,2.690537,4.035805,1.136617,24,140,35,5,0.02880006,0.00376782,0.25196217,0E-8,0.000000,0.899616,0.000000,-0.25555432,2026-04-30,2026-07-25,24,435,233,87,0.275862,0.974631,0.975362,0.096000,,,,,,,,GLOBAL_BASELINE_NO_ENTITY_RANKING,,,NOT_APPLICABLE_GLOBAL_BASELINE,HF9g-P5,,,,X 全窗基线 · 不参与实体赏罚,6870766,688,A168_HF9F_20260827_0900,2026-08-27 09:00:00
2026-05-23,149351693,2117,0,77.8371646515,-77.8371646515,-77.8371646515,0E-7,1,1,0.49324550000000000,0.493245500000,-0.9865810262130424,-0.9865810262130424,-0.9865810262130424,0E-17,ELIGIBLE,R03b_20260811_FULL_v1,L1_ELIGIBILITY,v2026-08-11,2026-03-21..2026-08-06,baccarat_bet02_101_all_pairs_incl_sentinel,round_win = game_pnl > 0 (decisive only),COMPATIBILITY_ONLY_NOT_PRODUCTION,44544.5453,40072.9644,167.8358,1016,882,-0.00376782,-0.25196217,0.00359216,-0.00376782,-167.8358,44544.5453,OK,0.0000,6.7134,4.0000,96.0000,AG03-UNRESOLVED,ALL5_LEVELS_bet23_to_bet27,6.7134,6.7134,8.3918,8.3918,8.3918,4.000000,4.000000,5.000000,5.000000,5.000000,96.000000,96.000000,95.000000,95.000000,95.000000,5.0,38.6022,35.2192,129.2336,132.6166,PENDING_AG03,FALSE,NOT_FOR_ENFORCEMENT,161.1224,38470.0458,167.8358,161.1224,6.7134,0.00376782,0.00361711,6.7134,161.1224,0.00361711,6.7134,6.7134,8.3918,8.3918,8.3918,161.1224,0.00361711,38.6022,35.2192,129.2336,132.6166,0.00290122,0.00297717,0.00015071,43.8431,45.4342,0.1903,6.9932,0.3858,1856.0227,36.7500,42.7628,43.8759,23.144,38.5733,57.0806,78.5279,103.7829,155.6743,31.1349,-5.1431,2.690537,4.035805,1.136617,24,140,35,5,0.02880006,0.00376782,0.25196217,0E-8,0.000000,0.899616,0.000000,-0.25555432,2026-04-30,2026-07-25,24,435,233,87,0.275862,0.974631,0.975362,0.096000,,,,,,,,GLOBAL_BASELINE_NO_ENTITY_RANKING,,,NOT_APPLICABLE_GLOBAL_BASELINE,HF9g-P5,,,,X 全窗基线 · 不参与实体赏罚,6870767,688,A168_HF9F_20260827_0900,2026-08-27 09:00:00
2026-05-23,149351693,2141,0,337.2943801568,-129.7286077527,-129.7286077527,0.5000000,5,3,0.48158379523803853,0.406055944444,0.05212426165766503,0.27053197068226986,0.05212426165766503,0.07552785079403853,ELIGIBLE,R03b_20260811_FULL_v1,L1_ELIGIBILITY,v2026-08-11,2026-03-21..2026-08-06,baccarat_bet02_101_all_pairs_incl_sentinel,round_win = game_pnl > 0 (decisive only),COMPATIBILITY_ONLY_NOT_PRODUCTION,44544.5453,40072.9644,167.8358,1016,882,-0.00376782,-0.25196217,0.00359216,-0.00376782,-167.8358,44544.5453,OK,0.0000,6.7134,4.0000,96.0000,AG03-UNRESOLVED,ALL5_LEVELS_bet23_to_bet27,6.7134,6.7134,8.3918,8.3918,8.3918,4.000000,4.000000,5.000000,5.000000,5.000000,96.000000,96.000000,95.000000,95.000000,95.000000,5.0,38.6022,35.2192,129.2336,132.6166,PENDING_AG03,FALSE,NOT_FOR_ENFORCEMENT,161.1224,38470.0458,167.8358,161.1224,6.7134,0.00376782,0.00361711,6.7134,161.1224,0.00361711,6.7134,6.7134,8.3918,8.3918,8.3918,161.1224,0.00361711,38.6022,35.2192,129.2336,132.6166,0.00290122,0.00297717,0.00015071,43.8431,45.4342,0.1903,6.9932,0.3858,1856.0227,36.7500,42.7628,43.8759,23.144,38.5733,57.0806,78.5279,103.7829,155.6743,31.1349,-5.1431,2.690537,4.035805,1.136617,24,140,35,5,0.02880006,0.00376782,0.25196217,0E-8,0.000000,0.899616,0.000000,-0.25555432,2026-04-30,2026-07-25,24,435,233,87,0.275862,0.974631,0.975362,0.096000,,,,,,,,GLOBAL_BASELINE_NO_ENTITY_RANKING,,,NOT_APPLICABLE_GLOBAL_BASELINE,HF9g-P5,,,,X 全窗基线 · 不参与实体赏罚,6870768,688,A168_HF9F_20260827_0900,2026-08-27 09:00:00
2026-05-23,149351693,2152,0,233.5114939547,98.5937418920,98.5937418920,1.0000000,2,2,0.49994810000000000,0.499948100000,1.0001038053877793,1.0001038053877793,1.0001038053877793,0E-17,ELIGIBLE,R03b_20260811_FULL_v1,L1_ELIGIBILITY,v2026-08-11,2026-03-21..2026-08-06,baccarat_bet02_101_all_pairs_incl_sentinel,round_win = game_pnl > 0 (decisive only),COMPATIBILITY_ONLY_NOT_PRODUCTION,44544.5453,40072.9644,167.8358,1016,882,-0.00376782,-0.25196217,0.00359216,-0.00376782,-167.8358,44544.5453,OK,0.0000,6.7134,4.0000,96.0000,AG03-UNRESOLVED,ALL5_LEVELS_bet23_to_bet27,6.7134,6.7134,8.3918,8.3918,8.3918,4.000000,4.000000,5.000000,5.000000,5.000000,96.000000,96.000000,95.000000,95.000000,95.000000,5.0,38.6022,35.2192,129.2336,132.6166,PENDING_AG03,FALSE,NOT_FOR_ENFORCEMENT,161.1224,38470.0458,167.8358,161.1224,6.7134,0.00376782,0.00361711,6.7134,161.1224,0.00361711,6.7134,6.7134,8.3918,8.3918,8.3918,161.1224,0.00361711,38.6022,35.2192,129.2336,132.6166,0.00290122,0.00297717,0.00015071,43.8431,45.4342,0.1903,6.9932,0.3858,1856.0227,36.7500,42.7628,43.8759,23.144,38.5733,57.0806,78.5279,103.7829,155.6743,31.1349,-5.1431,2.690537,4.035805,1.136617,24,140,35,5,0.02880006,0.00376782,0.25196217,0E-8,0.000000,0.899616,0.000000,-0.25555432,2026-04-30,2026-07-25,24,435,233,87,0.275862,0.974631,0.975362,0.096000,,,,,,,,GLOBAL_BASELINE_NO_ENTITY_RANKING,,,NOT_APPLICABLE_GLOBAL_BASELINE,HF9g-P5,,,,X 全窗基线 · 不参与实体赏罚,6870769,688,A168_HF9F_20260827_0900,2026-08-27 09:00:00
2026-05-23,149351693,2155,0,36.3240101707,0E-10,0E-10,,1,1,0.50665070000000000,0.506650700000,,,,0E-17,NO_DECISIVE_ROUND,R03b_20260811_FULL_v1,L1_ELIGIBILITY,v2026-08-11,2026-03-21..2026-08-06,baccarat_bet02_101_all_pairs_incl_sentinel,round_win = game_pnl > 0 (decisive only),COMPATIBILITY_ONLY_NOT_PRODUCTION,44544.5453,40072.9644,167.8358,1016,882,-0.00376782,-0.25196217,0.00359216,-0.00376782,-167.8358,44544.5453,OK,0.0000,6.7134,4.0000,96.0000,AG03-UNRESOLVED,ALL5_LEVELS_bet23_to_bet27,6.7134,6.7134,8.3918,8.3918,8.3918,4.000000,4.000000,5.000000,5.000000,5.000000,96.000000,96.000000,95.000000,95.000000,95.000000,5.0,38.6022,35.2192,129.2336,132.6166,PENDING_AG03,FALSE,NOT_FOR_ENFORCEMENT,161.1224,38470.0458,167.8358,161.1224,6.7134,0.00376782,0.00361711,6.7134,161.1224,0.00361711,6.7134,6.7134,8.3918,8.3918,8.3918,161.1224,0.00361711,38.6022,35.2192,129.2336,132.6166,0.00290122,0.00297717,0.00015071,43.8431,45.4342,0.1903,6.9932,0.3858,1856.0227,36.7500,42.7628,43.8759,23.144,38.5733,57.0806,78.5279,103.7829,155.6743,31.1349,-5.1431,2.690537,4.035805,1.136617,24,140,35,5,0.02880006,0.00376782,0.25196217,0E-8,0.000000,0.899616,0.000000,-0.25555432,2026-04-30,2026-07-25,24,435,233,87,0.275862,0.974631,0.975362,0.096000,,,,,,,,GLOBAL_BASELINE_NO_ENTITY_RANKING,,,NOT_APPLICABLE_GLOBAL_BASELINE,HF9g-P5,,,,X 全窗基线 · 不参与实体赏罚,6870770,688,A168_HF9F_20260827_0900,2026-08-27 09:00:00
2026-05-23,149351693,2170,0,142.7014685279,135.5663951015,135.5663951015,1.0000000,2,2,0.50665070000000000,0.506650700000,1.3955260008387969,1.3955260008387969,1.3955260008387969,0E-17,ELIGIBLE,R03b_20260811_FULL_v1,L1_ELIGIBILITY,v2026-08-11,2026-03-21..2026-08-06,baccarat_bet02_101_all_pairs_incl_sentinel,round_win = game_pnl > 0 (decisive only),COMPATIBILITY_ONLY_NOT_PRODUCTION,44544.5453,40072.9644,167.8358,1016,882,-0.00376782,-0.25196217,0.00359216,-0.00376782,-167.8358,44544.5453,OK,0.0000,6.7134,4.0000,96.0000,AG03-UNRESOLVED,ALL5_LEVELS_bet23_to_bet27,6.7134,6.7134,8.3918,8.3918,8.3918,4.000000,4.000000,5.000000,5.000000,5.000000,96.000000,96.000000,95.000000,95.000000,95.000000,5.0,38.6022,35.2192,129.2336,132.6166,PENDING_AG03,FALSE,NOT_FOR_ENFORCEMENT,161.1224,38470.0458,167.8358,161.1224,6.7134,0.00376782,0.00361711,6.7134,161.1224,0.00361711,6.7134,6.7134,8.3918,8.3918,8.3918,161.1224,0.00361711,38.6022,35.2192,129.2336,132.6166,0.00290122,0.00297717,0.00015071,43.8431,45.4342,0.1903,6.9932,0.3858,1856.0227,36.7500,42.7628,43.8759,23.144,38.5733,57.0806,78.5279,103.7829,155.6743,31.1349,-5.1431,2.690537,4.035805,1.136617,24,140,35,5,0.02880006,0.00376782,0.25196217,0E-8,0.000000,0.899616,0.000000,-0.25555432,2026-04-30,2026-07-25,24,435,233,87,0.275862,0.974631,0.975362,0.096000,,,,,,,,GLOBAL_BASELINE_NO_ENTITY_RANKING,,,NOT_APPLICABLE_GLOBAL_BASELINE,HF9g-P5,,,,X 全窗基线 · 不参与实体赏罚,6870771,688,A168_HF9F_20260827_0900,2026-08-27 09:00:00
2026-05-23,149351693,2177,0,373.6183903274,64.8643038763,64.8643038763,0.5000000,5,5,0.49592654000000000,0.495926540000,0.016294380756781617,0.016294380756781617,0.016294380756781617,0E-17,ELIGIBLE,R03b_20260811_FULL_v1,L1_ELIGIBILITY,v2026-08-11,2026-03-21..2026-08-06,baccarat_bet02_101_all_pairs_incl_sentinel,round_win = game_pnl > 0 (decisive only),COMPATIBILITY_ONLY_NOT_PRODUCTION,44544.5453,40072.9644,167.8358,1016,882,-0.00376782,-0.25196217,0.00359216,-0.00376782,-167.8358,44544.5453,OK,0.0000,6.7134,4.0000,96.0000,AG03-UNRESOLVED,ALL5_LEVELS_bet23_to_bet27,6.7134,6.7134,8.3918,8.3918,8.3918,4.000000,4.000000,5.000000,5.000000,5.000000,96.000000,96.000000,95.000000,95.000000,95.000000,5.0,38.6022,35.2192,129.2336,132.6166,PENDING_AG03,FALSE,NOT_FOR_ENFORCEMENT,161.1224,38470.0458,167.8358,161.1224,6.7134,0.00376782,0.00361711,6.7134,161.1224,0.00361711,6.7134,6.7134,8.3918,8.3918,8.3918,161.1224,0.00361711,38.6022,35.2192,129.2336,132.6166,0.00290122,0.00297717,0.00015071,43.8431,45.4342,0.1903,6.9932,0.3858,1856.0227,36.7500,42.7628,43.8759,23.144,38.5733,57.0806,78.5279,103.7829,155.6743,31.1349,-5.1431,2.690537,4.035805,1.136617,24,140,35,5,0.02880006,0.00376782,0.25196217,0E-8,0.000000,0.899616,0.000000,-0.25555432,2026-04-30,2026-07-25,24,435,233,87,0.275862,0.974631,0.975362,0.096000,,,,,,,,GLOBAL_BASELINE_NO_ENTITY_RANKING,,,NOT_APPLICABLE_GLOBAL_BASELINE,HF9g-P5,,,,X 全窗基线 · 不参与实体赏罚,6870772,688,A168_HF9F_20260827_0900,2026-08-27 09:00:00
2026-05-23,149351693,2196,0,345.5970110529,196.7723522391,196.7723522391,0.7500000,6,4,0.48888044666659257,0.431204633333,1.0447365970833145,1.287425959870643,1.0447365970833145,0.05767581333359257,ELIGIBLE,R03b_20260811_FULL_v1,L1_ELIGIBILITY,v2026-08-11,2026-03-21..2026-08-06,baccarat_bet02_101_all_pairs_incl_sentinel,round_win = game_pnl > 0 (decisive only),COMPATIBILITY_ONLY_NOT_PRODUCTION,44544.5453,40072.9644,167.8358,1016,882,-0.00376782,-0.25196217,0.00359216,-0.00376782,-167.8358,44544.5453,OK,0.0000,6.7134,4.0000,96.0000,AG03-UNRESOLVED,ALL5_LEVELS_bet23_to_bet27,6.7134,6.7134,8.3918,8.3918,8.3918,4.000000,4.000000,5.000000,5.000000,5.000000,96.000000,96.000000,95.000000,95.000000,95.000000,5.0,38.6022,35.2192,129.2336,132.6166,PENDING_AG03,FALSE,NOT_FOR_ENFORCEMENT,161.1224,38470.0458,167.8358,161.1224,6.7134,0.00376782,0.00361711,6.7134,161.1224,0.00361711,6.7134,6.7134,8.3918,8.3918,8.3918,161.1224,0.00361711,38.6022,35.2192,129.2336,132.6166,0.00290122,0.00297717,0.00015071,43.8431,45.4342,0.1903,6.9932,0.3858,1856.0227,36.7500,42.7628,43.8759,23.144,38.5733,57.0806,78.5279,103.7829,155.6743,31.1349,-5.1431,2.690537,4.035805,1.136617,24,140,35,5,0.02880006,0.00376782,0.25196217,0E-8,0.000000,0.899616,0.000000,-0.25555432,2026-04-30,2026-07-25,24,435,233,87,0.275862,0.974631,0.975362,0.096000,,,,,,,,GLOBAL_BASELINE_NO_ENTITY_RANKING,,,NOT_APPLICABLE_GLOBAL_BASELINE,HF9g-P5,,,,X 全窗基线 · 不参与实体赏罚,6870773,688,A168_HF9F_20260827_0900,2026-08-27 09:00:00
2026-05-23,149351693,2218,0,88.2154532718,-88.2154532718,-88.2154532718,0E-7,1,1,0.50665070000000000,0.506650700000,-1.013391052207602,-1.013391052207602,-1.013391052207602,0E-17,ELIGIBLE,R03b_20260811_FULL_v1,L1_ELIGIBILITY,v2026-08-11,2026-03-21..2026-08-06,baccarat_bet02_101_all_pairs_incl_sentinel,round_win = game_pnl > 0 (decisive only),COMPATIBILITY_ONLY_NOT_PRODUCTION,44544.5453,40072.9644,167.8358,1016,882,-0.00376782,-0.25196217,0.00359216,-0.00376782,-167.8358,44544.5453,OK,0.0000,6.7134,4.0000,96.0000,AG03-UNRESOLVED,ALL5_LEVELS_bet23_to_bet27,6.7134,6.7134,8.3918,8.3918,8.3918,4.000000,4.000000,5.000000,5.000000,5.000000,96.000000,96.000000,95.000000,95.000000,95.000000,5.0,38.6022,35.2192,129.2336,132.6166,PENDING_AG03,FALSE,NOT_FOR_ENFORCEMENT,161.1224,38470.0458,167.8358,161.1224,6.7134,0.00376782,0.00361711,6.7134,161.1224,0.00361711,6.7134,6.7134,8.3918,8.3918,8.3918,161.1224,0.00361711,38.6022,35.2192,129.2336,132.6166,0.00290122,0.00297717,0.00015071,43.8431,45.4342,0.1903,6.9932,0.3858,1856.0227,36.7500,42.7628,43.8759,23.144,38.5733,57.0806,78.5279,103.7829,155.6743,31.1349,-5.1431,2.690537,4.035805,1.136617,24,140,35,5,0.02880006,0.00376782,0.25196217,0E-8,0.000000,0.899616,0.000000,-0.25555432,2026-04-30,2026-07-25,24,435,233,87,0.275862,0.974631,0.975362,0.096000,,,,,,,,GLOBAL_BASELINE_NO_ENTITY_RANKING,,,NOT_APPLICABLE_GLOBAL_BASELINE,HF9g-P5,,,,X 全窗基线 · 不参与实体赏罚,6870774,688,A168_HF9F_20260827_0900,2026-08-27 09:00:00
2026-05-23,149351693,2224,0,129.7286077526,-129.7286077526,-129.7286077526,0E-7,1,1,0.49324550000000000,0.493245500000,-0.9865810262130424,-0.9865810262130424,-0.9865810262130424,0E-17,ELIGIBLE,R03b_20260811_FULL_v1,L1_ELIGIBILITY,v2026-08-11,2026-03-21..2026-08-06,baccarat_bet02_101_all_pairs_incl_sentinel,round_win = game_pnl > 0 (decisive only),COMPATIBILITY_ONLY_NOT_PRODUCTION,44544.5453,40072.9644,167.8358,1016,882,-0.00376782,-0.25196217,0.00359216,-0.00376782,-167.8358,44544.5453,OK,0.0000,6.7134,4.0000,96.0000,AG03-UNRESOLVED,ALL5_LEVELS_bet23_to_bet27,6.7134,6.7134,8.3918,8.3918,8.3918,4.000000,4.000000,5.000000,5.000000,5.000000,96.000000,96.000000,95.000000,95.000000,95.000000,5.0,38.6022,35.2192,129.2336,132.6166,PENDING_AG03,FALSE,NOT_FOR_ENFORCEMENT,161.1224,38470.0458,167.8358,161.1224,6.7134,0.00376782,0.00361711,6.7134,161.1224,0.00361711,6.7134,6.7134,8.3918,8.3918,8.3918,161.1224,0.00361711,38.6022,35.2192,129.2336,132.6166,0.00290122,0.00297717,0.00015071,43.8431,45.4342,0.1903,6.9932,0.3858,1856.0227,36.7500,42.7628,43.8759,23.144,38.5733,57.0806,78.5279,103.7829,155.6743,31.1349,-5.1431,2.690537,4.035805,1.136617,24,140,35,5,0.02880006,0.00376782,0.25196217,0E-8,0.000000,0.899616,0.000000,-0.25555432,2026-04-30,2026-07-25,24,435,233,87,0.275862,0.974631,0.975362,0.096000,,,,,,,,GLOBAL_BASELINE_NO_ENTITY_RANKING,,,NOT_APPLICABLE_GLOBAL_BASELINE,HF9g-P5,,,,X 全窗基线 · 不参与实体赏罚,6870775,688,A168_HF9F_20260827_0900,2026-08-27 09:00:00
2026-05-23,149351693,2233,0,38.9185823258,-38.9185823258,-38.9185823258,0E-7,1,1,0.50665070000000000,0.506650700000,-1.013391052207602,-1.013391052207602,-1.013391052207602,0E-17,ELIGIBLE,R03b_20260811_FULL_v1,L1_ELIGIBILITY,v2026-08-11,2026-03-21..2026-08-06,baccarat_bet02_101_all_pairs_incl_sentinel,round_win = game_pnl > 0 (decisive only),COMPATIBILITY_ONLY_NOT_PRODUCTION,44544.5453,40072.9644,167.8358,1016,882,-0.00376782,-0.25196217,0.00359216,-0.00376782,-167.8358,44544.5453,OK,0.0000,6.7134,4.0000,96.0000,AG03-UNRESOLVED,ALL5_LEVELS_bet23_to_bet27,6.7134,6.7134,8.3918,8.3918,8.3918,4.000000,4.000000,5.000000,5.000000,5.000000,96.000000,96.000000,95.000000,95.000000,95.000000,5.0,38.6022,35.2192,129.2336,132.6166,PENDING_AG03,FALSE,NOT_FOR_ENFORCEMENT,161.1224,38470.0458,167.8358,161.1224,6.7134,0.00376782,0.00361711,6.7134,161.1224,0.00361711,6.7134,6.7134,8.3918,8.3918,8.3918,161.1224,0.00361711,38.6022,35.2192,129.2336,132.6166,0.00290122,0.00297717,0.00015071,43.8431,45.4342,0.1903,6.9932,0.3858,1856.0227,36.7500,42.7628,43.8759,23.144,38.5733,57.0806,78.5279,103.7829,155.6743,31.1349,-5.1431,2.690537,4.035805,1.136617,24,140,35,5,0.02880006,0.00376782,0.25196217,0E-8,0.000000,0.899616,0.000000,-0.25555432,2026-04-30,2026-07-25,24,435,233,87,0.275862,0.974631,0.975362,0.096000,,,,,,,,GLOBAL_BASELINE_NO_ENTITY_RANKING,,,NOT_APPLICABLE_GLOBAL_BASELINE,HF9g-P5,,,,X 全窗基线 · 不参与实体赏罚,6870776,688,A168_HF9F_20260827_0900,2026-08-27 09:00:00
2026-05-23,149351693,2234,0,189.4037673189,135.5663951014,135.5663951014,0.5000000,4,2,0.46442051033816493,0.283761275000,0.10088975050508357,0.678333096483827,0.10088975050508357,0.18065923533816493,ELIGIBLE,R03b_20260811_FULL_v1,L1_ELIGIBILITY,v2026-08-11,2026-03-21..2026-08-06,baccarat_bet02_101_all_pairs_incl_sentinel,round_win = game_pnl > 0 (decisive only),COMPATIBILITY_ONLY_NOT_PRODUCTION,44544.5453,40072.9644,167.8358,1016,882,-0.00376782,-0.25196217,0.00359216,-0.00376782,-167.8358,44544.5453,OK,0.0000,6.7134,4.0000,96.0000,AG03-UNRESOLVED,ALL5_LEVELS_bet23_to_bet27,6.7134,6.7134,8.3918,8.3918,8.3918,4.000000,4.000000,5.000000,5.000000,5.000000,96.000000,96.000000,95.000000,95.000000,95.000000,5.0,38.6022,35.2192,129.2336,132.6166,PENDING_AG03,FALSE,NOT_FOR_ENFORCEMENT,161.1224,38470.0458,167.8358,161.1224,6.7134,0.00376782,0.00361711,6.7134,161.1224,0.00361711,6.7134,6.7134,8.3918,8.3918,8.3918,161.1224,0.00361711,38.6022,35.2192,129.2336,132.6166,0.00290122,0.00297717,0.00015071,43.8431,45.4342,0.1903,6.9932,0.3858,1856.0227,36.7500,42.7628,43.8759,23.144,38.5733,57.0806,78.5279,103.7829,155.6743,31.1349,-5.1431,2.690537,4.035805,1.136617,24,140,35,5,0.02880006,0.00376782,0.25196217,0E-8,0.000000,0.899616,0.000000,-0.25555432,2026-04-30,2026-07-25,24,435,233,87,0.275862,0.974631,0.975362,0.096000,,,,,,,,GLOBAL_BASELINE_NO_ENTITY_RANKING,,,NOT_APPLICABLE_GLOBAL_BASELINE,HF9g-P5,,,,X 全窗基线 · 不参与实体赏罚,6870777,688,A168_HF9F_20260827_0900,2026-08-27 09:00:00
2026-05-23,149351693,2239,0,142.7014685278,60.9724456437,60.9724456437,1.0000000,3,2,0.47721870714275991,0.403638725000,1.0466495457785387,1.215509351572844,1.0466495457785387,0.07357998214275991,ELIGIBLE,R03b_20260811_FULL_v1,L1_ELIGIBILITY,v2026-08-11,2026-03-21..2026-08-06,baccarat_bet02_101_all_pairs_incl_sentinel,round_win = game_pnl > 0 (decisive only),COMPATIBILITY_ONLY_NOT_PRODUCTION,44544.5453,40072.9644,167.8358,1016,882,-0.00376782,-0.25196217,0.00359216,-0.00376782,-167.8358,44544.5453,OK,0.0000,6.7134,4.0000,96.0000,AG03-UNRESOLVED,ALL5_LEVELS_bet23_to_bet27,6.7134,6.7134,8.3918,8.3918,8.3918,4.000000,4.000000,5.000000,5.000000,5.000000,96.000000,96.000000,95.000000,95.000000,95.000000,5.0,38.6022,35.2192,129.2336,132.6166,PENDING_AG03,FALSE,NOT_FOR_ENFORCEMENT,161.1224,38470.0458,167.8358,161.1224,6.7134,0.00376782,0.00361711,6.7134,161.1224,0.00361711,6.7134,6.7134,8.3918,8.3918,8.3918,161.1224,0.00361711,38.6022,35.2192,129.2336,132.6166,0.00290122,0.00297717,0.00015071,43.8431,45.4342,0.1903,6.9932,0.3858,1856.0227,36.7500,42.7628,43.8759,23.144,38.5733,57.0806,78.5279,103.7829,155.6743,31.1349,-5.1431,2.690537,4.035805,1.136617,24,140,35,5,0.02880006,0.00376782,0.25196217,0E-8,0.000000,0.899616,0.000000,-0.25555432,2026-04-30,2026-07-25,24,435,233,87,0.275862,0.974631,0.975362,0.096000,,,,,,,,GLOBAL_BASELINE_NO_ENTITY_RANKING,,,NOT_APPLICABLE_GLOBAL_BASELINE,HF9g-P5,,,,X 全窗基线 · 不参与实体赏罚,6870778,688,A168_HF9F_20260827_0900,2026-08-27 09:00:00
2026-05-23,149351693,2242,0,77.8371646515,-77.8371646515,-77.8371646515,0E-7,1,1,0.50665070000000000,0.506650700000,-1.013391052207602,-1.013391052207602,-1.013391052207602,0E-17,ELIGIBLE,R03b_20260811_FULL_v1,L1_ELIGIBILITY,v2026-08-11,2026-03-21..2026-08-06,baccarat_bet02_101_all_pairs_incl_sentinel,round_win = game_pnl > 0 (decisive only),COMPATIBILITY_ONLY_NOT_PRODUCTION,44544.5453,40072.9644,167.8358,1016,882,-0.00376782,-0.25196217,0.00359216,-0.00376782,-167.8358,44544.5453,OK,0.0000,6.7134,4.0000,96.0000,AG03-UNRESOLVED,ALL5_LEVELS_bet23_to_bet27,6.7134,6.7134,8.3918,8.3918,8.3918,4.000000,4.000000,5.000000,5.000000,5.000000,96.000000,96.000000,95.000000,95.000000,95.000000,5.0,38.6022,35.2192,129.2336,132.6166,PENDING_AG03,FALSE,NOT_FOR_ENFORCEMENT,161.1224,38470.0458,167.8358,161.1224,6.7134,0.00376782,0.00361711,6.7134,161.1224,0.00361711,6.7134,6.7134,8.3918,8.3918,8.3918,161.1224,0.00361711,38.6022,35.2192,129.2336,132.6166,0.00290122,0.00297717,0.00015071,43.8431,45.4342,0.1903,6.9932,0.3858,1856.0227,36.7500,42.7628,43.8759,23.144,38.5733,57.0806,78.5279,103.7829,155.6743,31.1349,-5.1431,2.690537,4.035805,1.136617,24,140,35,5,0.02880006,0.00376782,0.25196217,0E-8,0.000000,0.899616,0.000000,-0.25555432,2026-04-30,2026-07-25,24,435,233,87,0.275862,0.974631,0.975362,0.096000,,,,,,,,GLOBAL_BASELINE_NO_ENTITY_RANKING,,,NOT_APPLICABLE_GLOBAL_BASELINE,HF9g-P5,,,,X 全窗基线 · 不参与实体赏罚,6870779,688,A168_HF9F_20260827_0900,2026-08-27 09:00:00
2026-05-23,149351693,2248,0,103.7828862021,98.5937418920,98.5937418920,1.0000000,1,1,0.50665070000000000,0.506650700000,0.9867858985152569,0.9867858985152569,0.9867858985152569,0E-17,ELIGIBLE,R03b_20260811_FULL_v1,L1_ELIGIBILITY,v2026-08-11,2026-03-21..2026-08-06,baccarat_bet02_101_all_pairs_incl_sentinel,round_win = game_pnl > 0 (decisive only),COMPATIBILITY_ONLY_NOT_PRODUCTION,44544.5453,40072.9644,167.8358,1016,882,-0.00376782,-0.25196217,0.00359216,-0.00376782,-167.8358,44544.5453,OK,0.0000,6.7134,4.0000,96.0000,AG03-UNRESOLVED,ALL5_LEVELS_bet23_to_bet27,6.7134,6.7134,8.3918,8.3918,8.3918,4.000000,4.000000,5.000000,5.000000,5.000000,96.000000,96.000000,95.000000,95.000000,95.000000,5.0,38.6022,35.2192,129.2336,132.6166,PENDING_AG03,FALSE,NOT_FOR_ENFORCEMENT,161.1224,38470.0458,167.8358,161.1224,6.7134,0.00376782,0.00361711,6.7134,161.1224,0.00361711,6.7134,6.7134,8.3918,8.3918,8.3918,161.1224,0.00361711,38.6022,35.2192,129.2336,132.6166,0.00290122,0.00297717,0.00015071,43.8431,45.4342,0.1903,6.9932,0.3858,1856.0227,36.7500,42.7628,43.8759,23.144,38.5733,57.0806,78.5279,103.7829,155.6743,31.1349,-5.1431,2.690537,4.035805,1.136617,24,140,35,5,0.02880006,0.00376782,0.25196217,0E-8,0.000000,0.899616,0.000000,-0.25555432,2026-04-30,2026-07-25,24,435,233,87,0.275862,0.974631,0.975362,0.096000,,,,,,,,GLOBAL_BASELINE_NO_ENTITY_RANKING,,,NOT_APPLICABLE_GLOBAL_BASELINE,HF9g-P5,,,,X 全窗基线 · 不参与实体赏罚,6870780,688,A168_HF9F_20260827_0900,2026-08-27 09:00:00
2026-05-23,149351693,2254,0,246.4843547299,-90.8100254269,-90.8100254269,0.3333333,3,3,0.50218230000000000,0.502182300000,-0.5849155494134425,-0.5849155494134426,-0.5849155494134425,0E-17,ELIGIBLE,R03b_20260811_FULL_v1,L1_ELIGIBILITY,v2026-08-11,2026-03-21..2026-08-06,baccarat_bet02_101_all_pairs_incl_sentinel,round_win = game_pnl > 0 (decisive only),COMPATIBILITY_ONLY_NOT_PRODUCTION,44544.5453,40072.9644,167.8358,1016,882,-0.00376782,-0.25196217,0.00359216,-0.00376782,-167.8358,44544.5453,OK,0.0000,6.7134,4.0000,96.0000,AG03-UNRESOLVED,ALL5_LEVELS_bet23_to_bet27,6.7134,6.7134,8.3918,8.3918,8.3918,4.000000,4.000000,5.000000,5.000000,5.000000,96.000000,96.000000,95.000000,95.000000,95.000000,5.0,38.6022,35.2192,129.2336,132.6166,PENDING_AG03,FALSE,NOT_FOR_ENFORCEMENT,161.1224,38470.0458,167.8358,161.1224,6.7134,0.00376782,0.00361711,6.7134,161.1224,0.00361711,6.7134,6.7134,8.3918,8.3918,8.3918,161.1224,0.00361711,38.6022,35.2192,129.2336,132.6166,0.00290122,0.00297717,0.00015071,43.8431,45.4342,0.1903,6.9932,0.3858,1856.0227,36.7500,42.7628,43.8759,23.144,38.5733,57.0806,78.5279,103.7829,155.6743,31.1349,-5.1431,2.690537,4.035805,1.136617,24,140,35,5,0.02880006,0.00376782,0.25196217,0E-8,0.000000,0.899616,0.000000,-0.25555432,2026-04-30,2026-07-25,24,435,233,87,0.275862,0.974631,0.975362,0.096000,,,,,,,,GLOBAL_BASELINE_NO_ENTITY_RANKING,,,NOT_APPLICABLE_GLOBAL_BASELINE,HF9g-P5,,,,X 全窗基线 · 不参与实体赏罚,6870781,688,A168_HF9F_20260827_0900,2026-08-27 09:00:00
2026-05-23,149351693,2261,0,625.2918893675,308.7540864512,308.7540864512,0.7142857,10,7,0.48586237686036885,0.426126288095,1.2091861514391813,1.5417165045189836,1.2091861514391813,0.05973608876536885,ELIGIBLE,R03b_20260811_FULL_v1,L1_ELIGIBILITY,v2026-08-11,2026-03-21..2026-08-06,baccarat_bet02_101_all_pairs_incl_sentinel,round_win = game_pnl > 0 (decisive only),COMPATIBILITY_ONLY_NOT_PRODUCTION,44544.5453,40072.9644,167.8358,1016,882,-0.00376782,-0.25196217,0.00359216,-0.00376782,-167.8358,44544.5453,OK,0.0000,6.7134,4.0000,96.0000,AG03-UNRESOLVED,ALL5_LEVELS_bet23_to_bet27,6.7134,6.7134,8.3918,8.3918,8.3918,4.000000,4.000000,5.000000,5.000000,5.000000,96.000000,96.000000,95.000000,95.000000,95.000000,5.0,38.6022,35.2192,129.2336,132.6166,PENDING_AG03,FALSE,NOT_FOR_ENFORCEMENT,161.1224,38470.0458,167.8358,161.1224,6.7134,0.00376782,0.00361711,6.7134,161.1224,0.00361711,6.7134,6.7134,8.3918,8.3918,8.3918,161.1224,0.00361711,38.6022,35.2192,129.2336,132.6166,0.00290122,0.00297717,0.00015071,43.8431,45.4342,0.1903,6.9932,0.3858,1856.0227,36.7500,42.7628,43.8759,23.144,38.5733,57.0806,78.5279,103.7829,155.6743,31.1349,-5.1431,2.690537,4.035805,1.136617,24,140,35,5,0.02880006,0.00376782,0.25196217,0E-8,0.000000,0.899616,0.000000,-0.25555432,2026-04-30,2026-07-25,24,435,233,87,0.275862,0.974631,0.975362,0.096000,,,,,,,,GLOBAL_BASELINE_NO_ENTITY_RANKING,,,NOT_APPLICABLE_GLOBAL_BASELINE,HF9g-P5,,,,X 全窗基线 · 不参与实体赏罚,6870782,688,A168_HF9F_20260827_0900,2026-08-27 09:00:00
2026-05-23,149351693,2267,0,363.2401017071,-107.6747444346,-107.6747444346,0.5000000,4,4,0.50329940000000000,0.503299400000,-0.01319788734859681,-0.01319788734859681,-0.01319788734859681,0E-17,ELIGIBLE,R03b_20260811_FULL_v1,L1_ELIGIBILITY,v2026-08-11,2026-03-21..2026-08-06,baccarat_bet02_101_all_pairs_incl_sentinel,round_win = game_pnl > 0 (decisive only),COMPATIBILITY_ONLY_NOT_PRODUCTION,44544.5453,40072.9644,167.8358,1016,882,-0.00376782,-0.25196217,0.00359216,-0.00376782,-167.8358,44544.5453,OK,0.0000,6.7134,4.0000,96.0000,AG03-UNRESOLVED,ALL5_LEVELS_bet23_to_bet27,6.7134,6.7134,8.3918,8.3918,8.3918,4.000000,4.000000,5.000000,5.000000,5.000000,96.000000,96.000000,95.000000,95.000000,95.000000,5.0,38.6022,35.2192,129.2336,132.6166,PENDING_AG03,FALSE,NOT_FOR_ENFORCEMENT,161.1224,38470.0458,167.8358,161.1224,6.7134,0.00376782,0.00361711,6.7134,161.1224,0.00361711,6.7134,6.7134,8.3918,8.3918,8.3918,161.1224,0.00361711,38.6022,35.2192,129.2336,132.6166,0.00290122,0.00297717,0.00015071,43.8431,45.4342,0.1903,6.9932,0.3858,1856.0227,36.7500,42.7628,43.8759,23.144,38.5733,57.0806,78.5279,103.7829,155.6743,31.1349,-5.1431,2.690537,4.035805,1.136617,24,140,35,5,0.02880006,0.00376782,0.25196217,0E-8,0.000000,0.899616,0.000000,-0.25555432,2026-04-30,2026-07-25,24,435,233,87,0.275862,0.974631,0.975362,0.096000,,,,,,,,GLOBAL_BASELINE_NO_ENTITY_RANKING,,,NOT_APPLICABLE_GLOBAL_BASELINE,HF9g-P5,,,,X 全窗基线 · 不参与实体赏罚,6870783,688,A168_HF9F_20260827_0900,2026-08-27 09:00:00
2026-05-23,149351693,462,0,518.9144310104,-43.3293549894,-43.3293549894,0.3333333,5,3,0.48705204868415285,0.407680488889,-0.5326758857082261,-0.262051712418506,-0.5326758857082261,0.07937155979515285,ELIGIBLE,R03b_20260811_FULL_v1,L1_ELIGIBILITY,v2026-08-11,2026-03-21..2026-08-06,baccarat_bet02_101_all_pairs_incl_sentinel,round_win = game_pnl > 0 (decisive only),COMPATIBILITY_ONLY_NOT_PRODUCTION,44544.5453,40072.9644,167.8358,1016,882,-0.00376782,-0.25196217,0.00359216,-0.00376782,-167.8358,44544.5453,OK,0.0000,6.7134,4.0000,96.0000,AG03-UNRESOLVED,ALL5_LEVELS_bet23_to_bet27,6.7134,6.7134,8.3918,8.3918,8.3918,4.000000,4.000000,5.000000,5.000000,5.000000,96.000000,96.000000,95.000000,95.000000,95.000000,5.0,38.6022,35.2192,129.2336,132.6166,PENDING_AG03,FALSE,NOT_FOR_ENFORCEMENT,161.1224,38470.0458,167.8358,161.1224,6.7134,0.00376782,0.00361711,6.7134,161.1224,0.00361711,6.7134,6.7134,8.3918,8.3918,8.3918,161.1224,0.00361711,38.6022,35.2192,129.2336,132.6166,0.00290122,0.00297717,0.00015071,43.8431,45.4342,0.1903,6.9932,0.3858,1856.0227,36.7500,42.7628,43.8759,23.144,38.5733,57.0806,78.5279,103.7829,155.6743,31.1349,-5.1431,2.690537,4.035805,1.136617,24,140,35,5,0.02880006,0.00376782,0.25196217,0E-8,0.000000,0.899616,0.000000,-0.25555432,2026-04-30,2026-07-25,24,435,233,87,0.275862,0.974631,0.975362,0.096000,,,,,,,,GLOBAL_BASELINE_NO_ENTITY_RANKING,,,NOT_APPLICABLE_GLOBAL_BASELINE,HF9g-P5,,,,X 全窗基线 · 不参与实体赏罚,6870784,688,A168_HF9F_20260827_0900,2026-08-27 09:00:00
2026-05-23,149351693,550,0,88.2154532718,-88.2154532718,-88.2154532718,0E-7,1,1,0.50665070000000000,0.506650700000,-1.013391052207602,-1.013391052207602,-1.013391052207602,0E-17,ELIGIBLE,R03b_20260811_FULL_v1,L1_ELIGIBILITY,v2026-08-11,2026-03-21..2026-08-06,baccarat_bet02_101_all_pairs_incl_sentinel,round_win = game_pnl > 0 (decisive only),COMPATIBILITY_ONLY_NOT_PRODUCTION,44544.5453,40072.9644,167.8358,1016,882,-0.00376782,-0.25196217,0.00359216,-0.00376782,-167.8358,44544.5453,OK,0.0000,6.7134,4.0000,96.0000,AG03-UNRESOLVED,ALL5_LEVELS_bet23_to_bet27,6.7134,6.7134,8.3918,8.3918,8.3918,4.000000,4.000000,5.000000,5.000000,5.000000,96.000000,96.000000,95.000000,95.000000,95.000000,5.0,38.6022,35.2192,129.2336,132.6166,PENDING_AG03,FALSE,NOT_FOR_ENFORCEMENT,161.1224,38470.0458,167.8358,161.1224,6.7134,0.00376782,0.00361711,6.7134,161.1224,0.00361711,6.7134,6.7134,8.3918,8.3918,8.3918,161.1224,0.00361711,38.6022,35.2192,129.2336,132.6166,0.00290122,0.00297717,0.00015071,43.8431,45.4342,0.1903,6.9932,0.3858,1856.0227,36.7500,42.7628,43.8759,23.144,38.5733,57.0806,78.5279,103.7829,155.6743,31.1349,-5.1431,2.690537,4.035805,1.136617,24,140,35,5,0.02880006,0.00376782,0.25196217,0E-8,0.000000,0.899616,0.000000,-0.25555432,2026-04-30,2026-07-25,24,435,233,87,0.275862,0.974631,0.975362,0.096000,,,,,,,,GLOBAL_BASELINE_NO_ENTITY_RANKING,,,NOT_APPLICABLE_GLOBAL_BASELINE,HF9g-P5,,,,X 全窗基线 · 不参与实体赏罚,6870785,688,A168_HF9F_20260827_0900,2026-08-27 09:00:00
2026-05-23,149351693,595,0,700.5344818639,-346.3753826994,-346.3753826994,0.2000000,7,5,0.49429159714282312,0.448974886667,-1.3161978145158346,-1.1192930947891178,-1.3161978145158346,0.04531671047582312,ELIGIBLE,R03b_20260811_FULL_v1,L1_ELIGIBILITY,v2026-08-11,2026-03-21..2026-08-06,baccarat_bet02_101_all_pairs_incl_sentinel,round_win = game_pnl > 0 (decisive only),COMPATIBILITY_ONLY_NOT_PRODUCTION,44544.5453,40072.9644,167.8358,1016,882,-0.00376782,-0.25196217,0.00359216,-0.00376782,-167.8358,44544.5453,OK,0.0000,6.7134,4.0000,96.0000,AG03-UNRESOLVED,ALL5_LEVELS_bet23_to_bet27,6.7134,6.7134,8.3918,8.3918,8.3918,4.000000,4.000000,5.000000,5.000000,5.000000,96.000000,96.000000,95.000000,95.000000,95.000000,5.0,38.6022,35.2192,129.2336,132.6166,PENDING_AG03,FALSE,NOT_FOR_ENFORCEMENT,161.1224,38470.0458,167.8358,161.1224,6.7134,0.00376782,0.00361711,6.7134,161.1224,0.00361711,6.7134,6.7134,8.3918,8.3918,8.3918,161.1224,0.00361711,38.6022,35.2192,129.2336,132.6166,0.00290122,0.00297717,0.00015071,43.8431,45.4342,0.1903,6.9932,0.3858,1856.0227,36.7500,42.7628,43.8759,23.144,38.5733,57.0806,78.5279,103.7829,155.6743,31.1349,-5.1431,2.690537,4.035805,1.136617,24,140,35,5,0.02880006,0.00376782,0.25196217,0E-8,0.000000,0.899616,0.000000,-0.25555432,2026-04-30,2026-07-25,24,435,233,87,0.275862,0.974631,0.975362,0.096000,,,,,,,,GLOBAL_BASELINE_NO_ENTITY_RANKING,,,NOT_APPLICABLE_GLOBAL_BASELINE,HF9g-P5,,,,X 全窗基线 · 不参与实体赏罚,6870786,688,A168_HF9F_20260827_0900,2026-08-27 09:00:00
2026-05-23,149351693,772,0,25.9457215505,-25.9457215505,-25.9457215505,0E-7,1,1,0.49324550000000000,0.493245500000,-0.9865810262130424,-0.9865810262130424,-0.9865810262130424,0E-17,ELIGIBLE,R03b_20260811_FULL_v1,L1_ELIGIBILITY,v2026-08-11,2026-03-21..2026-08-06,baccarat_bet02_101_all_pairs_incl_sentinel,round_win = game_pnl > 0 (decisive only),COMPATIBILITY_ONLY_NOT_PRODUCTION,44544.5453,40072.9644,167.8358,1016,882,-0.00376782,-0.25196217,0.00359216,-0.00376782,-167.8358,44544.5453,OK,0.0000,6.7134,4.0000,96.0000,AG03-UNRESOLVED,ALL5_LEVELS_bet23_to_bet27,6.7134,6.7134,8.3918,8.3918,8.3918,4.000000,4.000000,5.000000,5.000000,5.000000,96.000000,96.000000,95.000000,95.000000,95.000000,5.0,38.6022,35.2192,129.2336,132.6166,PENDING_AG03,FALSE,NOT_FOR_ENFORCEMENT,161.1224,38470.0458,167.8358,161.1224,6.7134,0.00376782,0.00361711,6.7134,161.1224,0.00361711,6.7134,6.7134,8.3918,8.3918,8.3918,161.1224,0.00361711,38.6022,35.2192,129.2336,132.6166,0.00290122,0.00297717,0.00015071,43.8431,45.4342,0.1903,6.9932,0.3858,1856.0227,36.7500,42.7628,43.8759,23.144,38.5733,57.0806,78.5279,103.7829,155.6743,31.1349,-5.1431,2.690537,4.035805,1.136617,24,140,35,5,0.02880006,0.00376782,0.25196217,0E-8,0.000000,0.899616,0.000000,-0.25555432,2026-04-30,2026-07-25,24,435,233,87,0.275862,0.974631,0.975362,0.096000,,,,,,,,GLOBAL_BASELINE_NO_ENTITY_RANKING,,,NOT_APPLICABLE_GLOBAL_BASELINE,HF9g-P5,,,,X 全窗基线 · 不参与实体赏罚,6870787,688,A168_HF9F_20260827_0900,2026-08-27 09:00:00
2026-05-23,149351693,970,0,249.0789268849,-145.2960406829,-145.2960406829,0.2500000,4,4,0.49659680000000000,0.496596800000,-0.9864100490137353,-0.9864100490137354,-0.9864100490137353,0E-17,ELIGIBLE,R03b_20260811_FULL_v1,L1_ELIGIBILITY,v2026-08-11,2026-03-21..2026-08-06,baccarat_bet02_101_all_pairs_incl_sentinel,round_win = game_pnl > 0 (decisive only),COMPATIBILITY_ONLY_NOT_PRODUCTION,44544.5453,40072.9644,167.8358,1016,882,-0.00376782,-0.25196217,0.00359216,-0.00376782,-167.8358,44544.5453,OK,0.0000,6.7134,4.0000,96.0000,AG03-UNRESOLVED,ALL5_LEVELS_bet23_to_bet27,6.7134,6.7134,8.3918,8.3918,8.3918,4.000000,4.000000,5.000000,5.000000,5.000000,96.000000,96.000000,95.000000,95.000000,95.000000,5.0,38.6022,35.2192,129.2336,132.6166,PENDING_AG03,FALSE,NOT_FOR_ENFORCEMENT,161.1224,38470.0458,167.8358,161.1224,6.7134,0.00376782,0.00361711,6.7134,161.1224,0.00361711,6.7134,6.7134,8.3918,8.3918,8.3918,161.1224,0.00361711,38.6022,35.2192,129.2336,132.6166,0.00290122,0.00297717,0.00015071,43.8431,45.4342,0.1903,6.9932,0.3858,1856.0227,36.7500,42.7628,43.8759,23.144,38.5733,57.0806,78.5279,103.7829,155.6743,31.1349,-5.1431,2.690537,4.035805,1.136617,24,140,35,5,0.02880006,0.00376782,0.25196217,0E-8,0.000000,0.899616,0.000000,-0.25555432,2026-04-30,2026-07-25,24,435,233,87,0.275862,0.974631,0.975362,0.096000,,,,,,,,GLOBAL_BASELINE_NO_ENTITY_RANKING,,,NOT_APPLICABLE_GLOBAL_BASELINE,HF9g-P5,,,,X 全窗基线 · 不参与实体赏罚,6870788,688,A168_HF9F_20260827_0900,2026-08-27 09:00:00
2026-05-23,149351693,986,0,155.6743293031,-51.8914431011,-51.8914431011,0.5000000,2,2,0.49994810000000000,0.499948100000,0.00014679536856514622,0.00014679536856514622,0.00014679536856514622,0E-17,ELIGIBLE,R03b_20260811_FULL_v1,L1_ELIGIBILITY,v2026-08-11,2026-03-21..2026-08-06,baccarat_bet02_101_all_pairs_incl_sentinel,round_win = game_pnl > 0 (decisive only),COMPATIBILITY_ONLY_NOT_PRODUCTION,44544.5453,40072.9644,167.8358,1016,882,-0.00376782,-0.25196217,0.00359216,-0.00376782,-167.8358,44544.5453,OK,0.0000,6.7134,4.0000,96.0000,AG03-UNRESOLVED,ALL5_LEVELS_bet23_to_bet27,6.7134,6.7134,8.3918,8.3918,8.3918,4.000000,4.000000,5.000000,5.000000,5.000000,96.000000,96.000000,95.000000,95.000000,95.000000,5.0,38.6022,35.2192,129.2336,132.6166,PENDING_AG03,FALSE,NOT_FOR_ENFORCEMENT,161.1224,38470.0458,167.8358,161.1224,6.7134,0.00376782,0.00361711,6.7134,161.1224,0.00361711,6.7134,6.7134,8.3918,8.3918,8.3918,161.1224,0.00361711,38.6022,35.2192,129.2336,132.6166,0.00290122,0.00297717,0.00015071,43.8431,45.4342,0.1903,6.9932,0.3858,1856.0227,36.7500,42.7628,43.8759,23.144,38.5733,57.0806,78.5279,103.7829,155.6743,31.1349,-5.1431,2.690537,4.035805,1.136617,24,140,35,5,0.02880006,0.00376782,0.25196217,0E-8,0.000000,0.899616,0.000000,-0.25555432,2026-04-30,2026-07-25,24,435,233,87,0.275862,0.974631,0.975362,0.096000,,,,,,,,GLOBAL_BASELINE_NO_ENTITY_RANKING,,,NOT_APPLICABLE_GLOBAL_BASELINE,HF9g-P5,,,,X 全窗基线 · 不参与实体赏罚,6870789,688,A168_HF9F_20260827_0900,2026-08-27 09:00:00
2026-05-23,149351693,994,0,79.9128223756,-79.9128223756,-79.9128223756,0E-7,1,1,0.50665070000000000,0.506650700000,-1.013391052207602,-1.013391052207602,-1.013391052207602,0E-17,ELIGIBLE,R03b_20260811_FULL_v1,L1_ELIGIBILITY,v2026-08-11,2026-03-21..2026-08-06,baccarat_bet02_101_all_pairs_incl_sentinel,round_win = game_pnl > 0 (decisive only),COMPATIBILITY_ONLY_NOT_PRODUCTION,44544.5453,40072.9644,167.8358,1016,882,-0.00376782,-0.25196217,0.00359216,-0.00376782,-167.8358,44544.5453,OK,0.0000,6.7134,4.0000,96.0000,AG03-UNRESOLVED,ALL5_LEVELS_bet23_to_bet27,6.7134,6.7134,8.3918,8.3918,8.3918,4.000000,4.000000,5.000000,5.000000,5.000000,96.000000,96.000000,95.000000,95.000000,95.000000,5.0,38.6022,35.2192,129.2336,132.6166,PENDING_AG03,FALSE,NOT_FOR_ENFORCEMENT,161.1224,38470.0458,167.8358,161.1224,6.7134,0.00376782,0.00361711,6.7134,161.1224,0.00361711,6.7134,6.7134,8.3918,8.3918,8.3918,161.1224,0.00361711,38.6022,35.2192,129.2336,132.6166,0.00290122,0.00297717,0.00015071,43.8431,45.4342,0.1903,6.9932,0.3858,1856.0227,36.7500,42.7628,43.8759,23.144,38.5733,57.0806,78.5279,103.7829,155.6743,31.1349,-5.1431,2.690537,4.035805,1.136617,24,140,35,5,0.02880006,0.00376782,0.25196217,0E-8,0.000000,0.899616,0.000000,-0.25555432,2026-04-30,2026-07-25,24,435,233,87,0.275862,0.974631,0.975362,0.096000,,,,,,,,GLOBAL_BASELINE_NO_ENTITY_RANKING,,,NOT_APPLICABLE_GLOBAL_BASELINE,HF9g-P5,,,,X 全窗基线 · 不参与实体赏罚,6870790,688,A168_HF9F_20260827_0900,2026-08-27 09:00:00
2026-05-24,149351693,1363,0,155.9337865185,-51.6319858855,-51.6319858855,0.3333333,3,3,0.49771390000000000,0.497713900000,-0.5694369385616226,-0.5694369385616226,-0.5694369385616226,0E-17,ELIGIBLE,R03b_20260811_FULL_v1,L1_ELIGIBILITY,v2026-08-11,2026-03-21..2026-08-06,baccarat_bet02_101_all_pairs_incl_sentinel,round_win = game_pnl > 0 (decisive only),COMPATIBILITY_ONLY_NOT_PRODUCTION,44544.5453,40072.9644,167.8358,1016,882,-0.00376782,-0.25196217,0.00359216,-0.00376782,-167.8358,44544.5453,OK,0.0000,6.7134,4.0000,96.0000,AG03-UNRESOLVED,ALL5_LEVELS_bet23_to_bet27,6.7134,6.7134,8.3918,8.3918,8.3918,4.000000,4.000000,5.000000,5.000000,5.000000,96.000000,96.000000,95.000000,95.000000,95.000000,5.0,38.6022,35.2192,129.2336,132.6166,PENDING_AG03,FALSE,NOT_FOR_ENFORCEMENT,161.1224,38470.0458,167.8358,161.1224,6.7134,0.00376782,0.00361711,6.7134,161.1224,0.00361711,6.7134,6.7134,8.3918,8.3918,8.3918,161.1224,0.00361711,38.6022,35.2192,129.2336,132.6166,0.00290122,0.00297717,0.00015071,43.8431,45.4342,0.1903,6.9932,0.3858,1856.0227,36.7500,42.7628,43.8759,23.144,38.5733,57.0806,78.5279,103.7829,155.6743,31.1349,-5.1431,2.690537,4.035805,1.136617,24,140,35,5,0.02880006,0.00376782,0.25196217,0E-8,0.000000,0.899616,0.000000,-0.25555432,2026-04-30,2026-07-25,24,435,233,87,0.275862,0.974631,0.975362,0.096000,,,,,,,,GLOBAL_BASELINE_NO_ENTITY_RANKING,,,NOT_APPLICABLE_GLOBAL_BASELINE,HF9g-P5,,,,X 全窗基线 · 不参与实体赏罚,6870791,688,A168_HF9F_20260827_0900,2026-08-27 09:00:00
2026-05-24,149351693,2134,0,215.3494888693,-85.2316952934,-85.2316952934,0.2500000,5,5,0.50396966000000000,0.503969660000,-1.01591065835228,-1.0159106583522801,-1.01591065835228,0E-17,ELIGIBLE,R03b_20260811_FULL_v1,L1_ELIGIBILITY,v2026-08-11,2026-03-21..2026-08-06,baccarat_bet02_101_all_pairs_incl_sentinel,round_win = game_pnl > 0 (decisive only),COMPATIBILITY_ONLY_NOT_PRODUCTION,44544.5453,40072.9644,167.8358,1016,882,-0.00376782,-0.25196217,0.00359216,-0.00376782,-167.8358,44544.5453,OK,0.0000,6.7134,4.0000,96.0000,AG03-UNRESOLVED,ALL5_LEVELS_bet23_to_bet27,6.7134,6.7134,8.3918,8.3918,8.3918,4.000000,4.000000,5.000000,5.000000,5.000000,96.000000,96.000000,95.000000,95.000000,95.000000,5.0,38.6022,35.2192,129.2336,132.6166,PENDING_AG03,FALSE,NOT_FOR_ENFORCEMENT,161.1224,38470.0458,167.8358,161.1224,6.7134,0.00376782,0.00361711,6.7134,161.1224,0.00361711,6.7134,6.7134,8.3918,8.3918,8.3918,161.1224,0.00361711,38.6022,35.2192,129.2336,132.6166,0.00290122,0.00297717,0.00015071,43.8431,45.4342,0.1903,6.9932,0.3858,1856.0227,36.7500,42.7628,43.8759,23.144,38.5733,57.0806,78.5279,103.7829,155.6743,31.1349,-5.1431,2.690537,4.035805,1.136617,24,140,35,5,0.02880006,0.00376782,0.25196217,0E-8,0.000000,0.899616,0.000000,-0.25555432,2026-04-30,2026-07-25,24,435,233,87,0.275862,0.974631,0.975362,0.096000,,,,,,,,GLOBAL_BASELINE_NO_ENTITY_RANKING,,,NOT_APPLICABLE_GLOBAL_BASELINE,HF9g-P5,,,,X 全窗基线 · 不参与实体赏罚,6870792,688,A168_HF9F_20260827_0900,2026-08-27 09:00:00
2026-05-24,149351693,2167,0,25.9457215505,-25.9457215505,-25.9457215505,0E-7,1,1,0.49324550000000000,0.493245500000,-0.9865810262130424,-0.9865810262130424,-0.9865810262130424,0E-17,ELIGIBLE,R03b_20260811_FULL_v1,L1_ELIGIBILITY,v2026-08-11,2026-03-21..2026-08-06,baccarat_bet02_101_all_pairs_incl_sentinel,round_win = game_pnl > 0 (decisive only),COMPATIBILITY_ONLY_NOT_PRODUCTION,44544.5453,40072.9644,167.8358,1016,882,-0.00376782,-0.25196217,0.00359216,-0.00376782,-167.8358,44544.5453,OK,0.0000,6.7134,4.0000,96.0000,AG03-UNRESOLVED,ALL5_LEVELS_bet23_to_bet27,6.7134,6.7134,8.3918,8.3918,8.3918,4.000000,4.000000,5.000000,5.000000,5.000000,96.000000,96.000000,95.000000,95.000000,95.000000,5.0,38.6022,35.2192,129.2336,132.6166,PENDING_AG03,FALSE,NOT_FOR_ENFORCEMENT,161.1224,38470.0458,167.8358,161.1224,6.7134,0.00376782,0.00361711,6.7134,161.1224,0.00361711,6.7134,6.7134,8.3918,8.3918,8.3918,161.1224,0.00361711,38.6022,35.2192,129.2336,132.6166,0.00290122,0.00297717,0.00015071,43.8431,45.4342,0.1903,6.9932,0.3858,1856.0227,36.7500,42.7628,43.8759,23.144,38.5733,57.0806,78.5279,103.7829,155.6743,31.1349,-5.1431,2.690537,4.035805,1.136617,24,140,35,5,0.02880006,0.00376782,0.25196217,0E-8,0.000000,0.899616,0.000000,-0.25555432,2026-04-30,2026-07-25,24,435,233,87,0.275862,0.974631,0.975362,0.096000,,,,,,,,GLOBAL_BASELINE_NO_ENTITY_RANKING,,,NOT_APPLICABLE_GLOBAL_BASELINE,HF9g-P5,,,,X 全窗基线 · 不参与实体赏罚,6870793,688,A168_HF9F_20260827_0900,2026-08-27 09:00:00
2026-05-24,149351693,2171,0,169.1661045093,84.8165637486,84.8165637486,0.7500000,4,4,0.50665070000000000,0.506650700000,0.9734833216690844,0.9734833216690844,0.9734833216690844,0E-17,ELIGIBLE,R03b_20260811_FULL_v1,L1_ELIGIBILITY,v2026-08-11,2026-03-21..2026-08-06,baccarat_bet02_101_all_pairs_incl_sentinel,round_win = game_pnl > 0 (decisive only),COMPATIBILITY_ONLY_NOT_PRODUCTION,44544.5453,40072.9644,167.8358,1016,882,-0.00376782,-0.25196217,0.00359216,-0.00376782,-167.8358,44544.5453,OK,0.0000,6.7134,4.0000,96.0000,AG03-UNRESOLVED,ALL5_LEVELS_bet23_to_bet27,6.7134,6.7134,8.3918,8.3918,8.3918,4.000000,4.000000,5.000000,5.000000,5.000000,96.000000,96.000000,95.000000,95.000000,95.000000,5.0,38.6022,35.2192,129.2336,132.6166,PENDING_AG03,FALSE,NOT_FOR_ENFORCEMENT,161.1224,38470.0458,167.8358,161.1224,6.7134,0.00376782,0.00361711,6.7134,161.1224,0.00361711,6.7134,6.7134,8.3918,8.3918,8.3918,161.1224,0.00361711,38.6022,35.2192,129.2336,132.6166,0.00290122,0.00297717,0.00015071,43.8431,45.4342,0.1903,6.9932,0.3858,1856.0227,36.7500,42.7628,43.8759,23.144,38.5733,57.0806,78.5279,103.7829,155.6743,31.1349,-5.1431,2.690537,4.035805,1.136617,24,140,35,5,0.02880006,0.00376782,0.25196217,0E-8,0.000000,0.899616,0.000000,-0.25555432,2026-04-30,2026-07-25,24,435,233,87,0.275862,0.974631,0.975362,0.096000,,,,,,,,GLOBAL_BASELINE_NO_ENTITY_RANKING,,,NOT_APPLICABLE_GLOBAL_BASELINE,HF9g-P5,,,,X 全窗基线 · 不参与实体赏罚,6870794,688,A168_HF9F_20260827_0900,2026-08-27 09:00:00
2026-05-24,149351693,2220,0,25.9457215505,-25.9457215505,-25.9457215505,0E-7,1,1,0.50665070000000000,0.506650700000,-1.013391052207602,-1.013391052207602,-1.013391052207602,0E-17,ELIGIBLE,R03b_20260811_FULL_v1,L1_ELIGIBILITY,v2026-08-11,2026-03-21..2026-08-06,baccarat_bet02_101_all_pairs_incl_sentinel,round_win = game_pnl > 0 (decisive only),COMPATIBILITY_ONLY_NOT_PRODUCTION,44544.5453,40072.9644,167.8358,1016,882,-0.00376782,-0.25196217,0.00359216,-0.00376782,-167.8358,44544.5453,OK,0.0000,6.7134,4.0000,96.0000,AG03-UNRESOLVED,ALL5_LEVELS_bet23_to_bet27,6.7134,6.7134,8.3918,8.3918,8.3918,4.000000,4.000000,5.000000,5.000000,5.000000,96.000000,96.000000,95.000000,95.000000,95.000000,5.0,38.6022,35.2192,129.2336,132.6166,PENDING_AG03,FALSE,NOT_FOR_ENFORCEMENT,161.1224,38470.0458,167.8358,161.1224,6.7134,0.00376782,0.00361711,6.7134,161.1224,0.00361711,6.7134,6.7134,8.3918,8.3918,8.3918,161.1224,0.00361711,38.6022,35.2192,129.2336,132.6166,0.00290122,0.00297717,0.00015071,43.8431,45.4342,0.1903,6.9932,0.3858,1856.0227,36.7500,42.7628,43.8759,23.144,38.5733,57.0806,78.5279,103.7829,155.6743,31.1349,-5.1431,2.690537,4.035805,1.136617,24,140,35,5,0.02880006,0.00376782,0.25196217,0E-8,0.000000,0.899616,0.000000,-0.25555432,2026-04-30,2026-07-25,24,435,233,87,0.275862,0.974631,0.975362,0.096000,,,,,,,,GLOBAL_BASELINE_NO_ENTITY_RANKING,,,NOT_APPLICABLE_GLOBAL_BASELINE,HF9g-P5,,,,X 全窗基线 · 不参与实体赏罚,6870795,688,A168_HF9F_20260827_0900,2026-08-27 09:00:00
2026-05-24,149351693,2239,0,129.2096933215,-26.2181516268,-26.2181516268,0.5000000,4,4,0.50329940000000000,0.503299400000,-0.01319788734859681,-0.01319788734859681,-0.01319788734859681,0E-17,ELIGIBLE,R03b_20260811_FULL_v1,L1_ELIGIBILITY,v2026-08-11,2026-03-21..2026-08-06,baccarat_bet02_101_all_pairs_incl_sentinel,round_win = game_pnl > 0 (decisive only),COMPATIBILITY_ONLY_NOT_PRODUCTION,44544.5453,40072.9644,167.8358,1016,882,-0.00376782,-0.25196217,0.00359216,-0.00376782,-167.8358,44544.5453,OK,0.0000,6.7134,4.0000,96.0000,AG03-UNRESOLVED,ALL5_LEVELS_bet23_to_bet27,6.7134,6.7134,8.3918,8.3918,8.3918,4.000000,4.000000,5.000000,5.000000,5.000000,96.000000,96.000000,95.000000,95.000000,95.000000,5.0,38.6022,35.2192,129.2336,132.6166,PENDING_AG03,FALSE,NOT_FOR_ENFORCEMENT,161.1224,38470.0458,167.8358,161.1224,6.7134,0.00376782,0.00361711,6.7134,161.1224,0.00361711,6.7134,6.7134,8.3918,8.3918,8.3918,161.1224,0.00361711,38.6022,35.2192,129.2336,132.6166,0.00290122,0.00297717,0.00015071,43.8431,45.4342,0.1903,6.9932,0.3858,1856.0227,36.7500,42.7628,43.8759,23.144,38.5733,57.0806,78.5279,103.7829,155.6743,31.1349,-5.1431,2.690537,4.035805,1.136617,24,140,35,5,0.02880006,0.00376782,0.25196217,0E-8,0.000000,0.899616,0.000000,-0.25555432,2026-04-30,2026-07-25,24,435,233,87,0.275862,0.974631,0.975362,0.096000,,,,,,,,GLOBAL_BASELINE_NO_ENTITY_RANKING,,,NOT_APPLICABLE_GLOBAL_BASELINE,HF9g-P5,,,,X 全窗基线 · 不参与实体赏罚,6870796,688,A168_HF9F_20260827_0900,2026-08-27 09:00:00
2026-05-30,149351693,1396,0,23.3511493955,-23.3511493955,-23.3511493955,0E-7,1,1,0.49324550000000000,0.493245500000,-0.9865810262130424,-0.9865810262130424,-0.9865810262130424,0E-17,ELIGIBLE,R03b_20260811_FULL_v1,L1_ELIGIBILITY,v2026-08-11,2026-03-21..2026-08-06,baccarat_bet02_101_all_pairs_incl_sentinel,round_win = game_pnl > 0 (decisive only),COMPATIBILITY_ONLY_NOT_PRODUCTION,44544.5453,40072.9644,167.8358,1016,882,-0.00376782,-0.25196217,0.00359216,-0.00376782,-167.8358,44544.5453,OK,0.0000,6.7134,4.0000,96.0000,AG03-UNRESOLVED,ALL5_LEVELS_bet23_to_bet27,6.7134,6.7134,8.3918,8.3918,8.3918,4.000000,4.000000,5.000000,5.000000,5.000000,96.000000,96.000000,95.000000,95.000000,95.000000,5.0,38.6022,35.2192,129.2336,132.6166,PENDING_AG03,FALSE,NOT_FOR_ENFORCEMENT,161.1224,38470.0458,167.8358,161.1224,6.7134,0.00376782,0.00361711,6.7134,161.1224,0.00361711,6.7134,6.7134,8.3918,8.3918,8.3918,161.1224,0.00361711,38.6022,35.2192,129.2336,132.6166,0.00290122,0.00297717,0.00015071,43.8431,45.4342,0.1903,6.9932,0.3858,1856.0227,36.7500,42.7628,43.8759,23.144,38.5733,57.0806,78.5279,103.7829,155.6743,31.1349,-5.1431,2.690537,4.035805,1.136617,24,140,35,5,0.02880006,0.00376782,0.25196217,0E-8,0.000000,0.899616,0.000000,-0.25555432,2026-04-30,2026-07-25,24,435,233,87,0.275862,0.974631,0.975362,0.096000,,,,,,,,GLOBAL_BASELINE_NO_ENTITY_RANKING,,,NOT_APPLICABLE_GLOBAL_BASELINE,HF9g-P5,,,,X 全窗基线 · 不参与实体赏罚,6870797,688,A168_HF9F_20260827_0900,2026-08-27 09:00:00
2026-05-30,149351693,1505,0,7.7837164652,7.3945306419,7.3945306419,1.0000000,1,1,0.50665070000000000,0.506650700000,0.9867858985152569,0.9867858985152569,0.9867858985152569,0E-17,ELIGIBLE,R03b_20260811_FULL_v1,L1_ELIGIBILITY,v2026-08-11,2026-03-21..2026-08-06,baccarat_bet02_101_all_pairs_incl_sentinel,round_win = game_pnl > 0 (decisive only),COMPATIBILITY_ONLY_NOT_PRODUCTION,44544.5453,40072.9644,167.8358,1016,882,-0.00376782,-0.25196217,0.00359216,-0.00376782,-167.8358,44544.5453,OK,0.0000,6.7134,4.0000,96.0000,AG03-UNRESOLVED,ALL5_LEVELS_bet23_to_bet27,6.7134,6.7134,8.3918,8.3918,8.3918,4.000000,4.000000,5.000000,5.000000,5.000000,96.000000,96.000000,95.000000,95.000000,95.000000,5.0,38.6022,35.2192,129.2336,132.6166,PENDING_AG03,FALSE,NOT_FOR_ENFORCEMENT,161.1224,38470.0458,167.8358,161.1224,6.7134,0.00376782,0.00361711,6.7134,161.1224,0.00361711,6.7134,6.7134,8.3918,8.3918,8.3918,161.1224,0.00361711,38.6022,35.2192,129.2336,132.6166,0.00290122,0.00297717,0.00015071,43.8431,45.4342,0.1903,6.9932,0.3858,1856.0227,36.7500,42.7628,43.8759,23.144,38.5733,57.0806,78.5279,103.7829,155.6743,31.1349,-5.1431,2.690537,4.035805,1.136617,24,140,35,5,0.02880006,0.00376782,0.25196217,0E-8,0.000000,0.899616,0.000000,-0.25555432,2026-04-30,2026-07-25,24,435,233,87,0.275862,0.974631,0.975362,0.096000,,,,,,,,GLOBAL_BASELINE_NO_ENTITY_RANKING,,,NOT_APPLICABLE_GLOBAL_BASELINE,HF9g-P5,,,,X 全窗基线 · 不参与实体赏罚,6870798,688,A168_HF9F_20260827_0900,2026-08-27 09:00:00
2026-05-30,149351693,1646,0,153.0797571480,11.6755746978,11.6755746978,0.5000000,7,7,0.50473567142857143,0.504735671429,-0.023200997840541474,-0.023200997842641315,-0.023200997840541474,-4.2857E-13,ELIGIBLE,R03b_20260811_FULL_v1,L1_ELIGIBILITY,v2026-08-11,2026-03-21..2026-08-06,baccarat_bet02_101_all_pairs_incl_sentinel,round_win = game_pnl > 0 (decisive only),COMPATIBILITY_ONLY_NOT_PRODUCTION,44544.5453,40072.9644,167.8358,1016,882,-0.00376782,-0.25196217,0.00359216,-0.00376782,-167.8358,44544.5453,OK,0.0000,6.7134,4.0000,96.0000,AG03-UNRESOLVED,ALL5_LEVELS_bet23_to_bet27,6.7134,6.7134,8.3918,8.3918,8.3918,4.000000,4.000000,5.000000,5.000000,5.000000,96.000000,96.000000,95.000000,95.000000,95.000000,5.0,38.6022,35.2192,129.2336,132.6166,PENDING_AG03,FALSE,NOT_FOR_ENFORCEMENT,161.1224,38470.0458,167.8358,161.1224,6.7134,0.00376782,0.00361711,6.7134,161.1224,0.00361711,6.7134,6.7134,8.3918,8.3918,8.3918,161.1224,0.00361711,38.6022,35.2192,129.2336,132.6166,0.00290122,0.00297717,0.00015071,43.8431,45.4342,0.1903,6.9932,0.3858,1856.0227,36.7500,42.7628,43.8759,23.144,38.5733,57.0806,78.5279,103.7829,155.6743,31.1349,-5.1431,2.690537,4.035805,1.136617,24,140,35,5,0.02880006,0.00376782,0.25196217,0E-8,0.000000,0.899616,0.000000,-0.25555432,2026-04-30,2026-07-25,24,435,233,87,0.275862,0.974631,0.975362,0.096000,,,,,,,,GLOBAL_BASELINE_NO_ENTITY_RANKING,,,NOT_APPLICABLE_GLOBAL_BASELINE,HF9g-P5,,,,X 全窗基线 · 不参与实体赏罚,6870799,688,A168_HF9F_20260827_0900,2026-08-27 09:00:00
2026-05-30,149351693,1704,0,29.3186653521,12.3242177365,12.3242177365,1.0000000,2,2,0.50665070000000000,0.506650700000,0.9867858985152569,0.9867858985152569,0.9867858985152569,0E-17,ELIGIBLE,R03b_20260811_FULL_v1,L1_ELIGIBILITY,v2026-08-11,2026-03-21..2026-08-06,baccarat_bet02_101_all_pairs_incl_sentinel,round_win = game_pnl > 0 (decisive only),COMPATIBILITY_ONLY_NOT_PRODUCTION,44544.5453,40072.9644,167.8358,1016,882,-0.00376782,-0.25196217,0.00359216,-0.00376782,-167.8358,44544.5453,OK,0.0000,6.7134,4.0000,96.0000,AG03-UNRESOLVED,ALL5_LEVELS_bet23_to_bet27,6.7134,6.7134,8.3918,8.3918,8.3918,4.000000,4.000000,5.000000,5.000000,5.000000,96.000000,96.000000,95.000000,95.000000,95.000000,5.0,38.6022,35.2192,129.2336,132.6166,PENDING_AG03,FALSE,NOT_FOR_ENFORCEMENT,161.1224,38470.0458,167.8358,161.1224,6.7134,0.00376782,0.00361711,6.7134,161.1224,0.00361711,6.7134,6.7134,8.3918,8.3918,8.3918,161.1224,0.00361711,38.6022,35.2192,129.2336,132.6166,0.00290122,0.00297717,0.00015071,43.8431,45.4342,0.1903,6.9932,0.3858,1856.0227,36.7500,42.7628,43.8759,23.144,38.5733,57.0806,78.5279,103.7829,155.6743,31.1349,-5.1431,2.690537,4.035805,1.136617,24,140,35,5,0.02880006,0.00376782,0.25196217,0E-8,0.000000,0.899616,0.000000,-0.25555432,2026-04-30,2026-07-25,24,435,233,87,0.275862,0.974631,0.975362,0.096000,,,,,,,,GLOBAL_BASELINE_NO_ENTITY_RANKING,,,NOT_APPLICABLE_GLOBAL_BASELINE,HF9g-P5,,,,X 全窗基线 · 不参与实体赏罚,6870800,688,A168_HF9F_20260827_0900,2026-08-27 09:00:00
2026-05-30,149351693,1935,0,7.7837164652,7.3945306419,7.3945306419,1.0000000,1,1,0.50665070000000000,0.506650700000,0.9867858985152569,0.9867858985152569,0.9867858985152569,0E-17,ELIGIBLE,R03b_20260811_FULL_v1,L1_ELIGIBILITY,v2026-08-11,2026-03-21..2026-08-06,baccarat_bet02_101_all_pairs_incl_sentinel,round_win = game_pnl > 0 (decisive only),COMPATIBILITY_ONLY_NOT_PRODUCTION,44544.5453,40072.9644,167.8358,1016,882,-0.00376782,-0.25196217,0.00359216,-0.00376782,-167.8358,44544.5453,OK,0.0000,6.7134,4.0000,96.0000,AG03-UNRESOLVED,ALL5_LEVELS_bet23_to_bet27,6.7134,6.7134,8.3918,8.3918,8.3918,4.000000,4.000000,5.000000,5.000000,5.000000,96.000000,96.000000,95.000000,95.000000,95.000000,5.0,38.6022,35.2192,129.2336,132.6166,PENDING_AG03,FALSE,NOT_FOR_ENFORCEMENT,161.1224,38470.0458,167.8358,161.1224,6.7134,0.00376782,0.00361711,6.7134,161.1224,0.00361711,6.7134,6.7134,8.3918,8.3918,8.3918,161.1224,0.00361711,38.6022,35.2192,129.2336,132.6166,0.00290122,0.00297717,0.00015071,43.8431,45.4342,0.1903,6.9932,0.3858,1856.0227,36.7500,42.7628,43.8759,23.144,38.5733,57.0806,78.5279,103.7829,155.6743,31.1349,-5.1431,2.690537,4.035805,1.136617,24,140,35,5,0.02880006,0.00376782,0.25196217,0E-8,0.000000,0.899616,0.000000,-0.25555432,2026-04-30,2026-07-25,24,435,233,87,0.275862,0.974631,0.975362,0.096000,,,,,,,,GLOBAL_BASELINE_NO_ENTITY_RANKING,,,NOT_APPLICABLE_GLOBAL_BASELINE,HF9g-P5,,,,X 全窗基线 · 不参与实体赏罚,6870801,688,A168_HF9F_20260827_0900,2026-08-27 09:00:00
2026-05-30,149351693,1985,0,18.1620050854,17.2539048311,17.2539048311,1.0000000,1,1,0.50665070000000000,0.506650700000,0.9867858985152569,0.9867858985152569,0.9867858985152569,0E-17,ELIGIBLE,R03b_20260811_FULL_v1,L1_ELIGIBILITY,v2026-08-11,2026-03-21..2026-08-06,baccarat_bet02_101_all_pairs_incl_sentinel,round_win = game_pnl > 0 (decisive only),COMPATIBILITY_ONLY_NOT_PRODUCTION,44544.5453,40072.9644,167.8358,1016,882,-0.00376782,-0.25196217,0.00359216,-0.00376782,-167.8358,44544.5453,OK,0.0000,6.7134,4.0000,96.0000,AG03-UNRESOLVED,ALL5_LEVELS_bet23_to_bet27,6.7134,6.7134,8.3918,8.3918,8.3918,4.000000,4.000000,5.000000,5.000000,5.000000,96.000000,96.000000,95.000000,95.000000,95.000000,5.0,38.6022,35.2192,129.2336,132.6166,PENDING_AG03,FALSE,NOT_FOR_ENFORCEMENT,161.1224,38470.0458,167.8358,161.1224,6.7134,0.00376782,0.00361711,6.7134,161.1224,0.00361711,6.7134,6.7134,8.3918,8.3918,8.3918,161.1224,0.00361711,38.6022,35.2192,129.2336,132.6166,0.00290122,0.00297717,0.00015071,43.8431,45.4342,0.1903,6.9932,0.3858,1856.0227,36.7500,42.7628,43.8759,23.144,38.5733,57.0806,78.5279,103.7829,155.6743,31.1349,-5.1431,2.690537,4.035805,1.136617,24,140,35,5,0.02880006,0.00376782,0.25196217,0E-8,0.000000,0.899616,0.000000,-0.25555432,2026-04-30,2026-07-25,24,435,233,87,0.275862,0.974631,0.975362,0.096000,,,,,,,,GLOBAL_BASELINE_NO_ENTITY_RANKING,,,NOT_APPLICABLE_GLOBAL_BASELINE,HF9g-P5,,,,X 全窗基线 · 不参与实体赏罚,6870802,688,A168_HF9F_20260827_0900,2026-08-27 09:00:00
2026-05-30,149351693,1990,0,38.6591251103,36.7261688548,36.7261688548,1.0000000,2,2,0.50665070000000000,0.506650700000,1.3955260008387969,1.3955260008387969,1.3955260008387969,0E-17,ELIGIBLE,R03b_20260811_FULL_v1,L1_ELIGIBILITY,v2026-08-11,2026-03-21..2026-08-06,baccarat_bet02_101_all_pairs_incl_sentinel,round_win = game_pnl > 0 (decisive only),COMPATIBILITY_ONLY_NOT_PRODUCTION,44544.5453,40072.9644,167.8358,1016,882,-0.00376782,-0.25196217,0.00359216,-0.00376782,-167.8358,44544.5453,OK,0.0000,6.7134,4.0000,96.0000,AG03-UNRESOLVED,ALL5_LEVELS_bet23_to_bet27,6.7134,6.7134,8.3918,8.3918,8.3918,4.000000,4.000000,5.000000,5.000000,5.000000,96.000000,96.000000,95.000000,95.000000,95.000000,5.0,38.6022,35.2192,129.2336,132.6166,PENDING_AG03,FALSE,NOT_FOR_ENFORCEMENT,161.1224,38470.0458,167.8358,161.1224,6.7134,0.00376782,0.00361711,6.7134,161.1224,0.00361711,6.7134,6.7134,8.3918,8.3918,8.3918,161.1224,0.00361711,38.6022,35.2192,129.2336,132.6166,0.00290122,0.00297717,0.00015071,43.8431,45.4342,0.1903,6.9932,0.3858,1856.0227,36.7500,42.7628,43.8759,23.144,38.5733,57.0806,78.5279,103.7829,155.6743,31.1349,-5.1431,2.690537,4.035805,1.136617,24,140,35,5,0.02880006,0.00376782,0.25196217,0E-8,0.000000,0.899616,0.000000,-0.25555432,2026-04-30,2026-07-25,24,435,233,87,0.275862,0.974631,0.975362,0.096000,,,,,,,,GLOBAL_BASELINE_NO_ENTITY_RANKING,,,NOT_APPLICABLE_GLOBAL_BASELINE,HF9g-P5,,,,X 全窗基线 · 不参与实体赏罚,6870803,688,A168_HF9F_20260827_0900,2026-08-27 09:00:00
2026-05-30,149351693,2093,0,25.9457215505,-25.9457215505,-25.9457215505,0E-7,1,1,0.50665070000000000,0.506650700000,-1.013391052207602,-1.013391052207602,-1.013391052207602,0E-17,ELIGIBLE,R03b_20260811_FULL_v1,L1_ELIGIBILITY,v2026-08-11,2026-03-21..2026-08-06,baccarat_bet02_101_all_pairs_incl_sentinel,round_win = game_pnl > 0 (decisive only),COMPATIBILITY_ONLY_NOT_PRODUCTION,44544.5453,40072.9644,167.8358,1016,882,-0.00376782,-0.25196217,0.00359216,-0.00376782,-167.8358,44544.5453,OK,0.0000,6.7134,4.0000,96.0000,AG03-UNRESOLVED,ALL5_LEVELS_bet23_to_bet27,6.7134,6.7134,8.3918,8.3918,8.3918,4.000000,4.000000,5.000000,5.000000,5.000000,96.000000,96.000000,95.000000,95.000000,95.000000,5.0,38.6022,35.2192,129.2336,132.6166,PENDING_AG03,FALSE,NOT_FOR_ENFORCEMENT,161.1224,38470.0458,167.8358,161.1224,6.7134,0.00376782,0.00361711,6.7134,161.1224,0.00361711,6.7134,6.7134,8.3918,8.3918,8.3918,161.1224,0.00361711,38.6022,35.2192,129.2336,132.6166,0.00290122,0.00297717,0.00015071,43.8431,45.4342,0.1903,6.9932,0.3858,1856.0227,36.7500,42.7628,43.8759,23.144,38.5733,57.0806,78.5279,103.7829,155.6743,31.1349,-5.1431,2.690537,4.035805,1.136617,24,140,35,5,0.02880006,0.00376782,0.25196217,0E-8,0.000000,0.899616,0.000000,-0.25555432,2026-04-30,2026-07-25,24,435,233,87,0.275862,0.974631,0.975362,0.096000,,,,,,,,GLOBAL_BASELINE_NO_ENTITY_RANKING,,,NOT_APPLICABLE_GLOBAL_BASELINE,HF9g-P5,,,,X 全窗基线 · 不参与实体赏罚,6870804,688,A168_HF9F_20260827_0900,2026-08-27 09:00:00
2026-05-30,149351693,2121,0,25.9457215506,24.6484354730,24.6484354730,1.0000000,2,2,0.50665070000000000,0.506650700000,1.3955260008387969,1.3955260008387969,1.3955260008387969,0E-17,ELIGIBLE,R03b_20260811_FULL_v1,L1_ELIGIBILITY,v2026-08-11,2026-03-21..2026-08-06,baccarat_bet02_101_all_pairs_incl_sentinel,round_win = game_pnl > 0 (decisive only),COMPATIBILITY_ONLY_NOT_PRODUCTION,44544.5453,40072.9644,167.8358,1016,882,-0.00376782,-0.25196217,0.00359216,-0.00376782,-167.8358,44544.5453,OK,0.0000,6.7134,4.0000,96.0000,AG03-UNRESOLVED,ALL5_LEVELS_bet23_to_bet27,6.7134,6.7134,8.3918,8.3918,8.3918,4.000000,4.000000,5.000000,5.000000,5.000000,96.000000,96.000000,95.000000,95.000000,95.000000,5.0,38.6022,35.2192,129.2336,132.6166,PENDING_AG03,FALSE,NOT_FOR_ENFORCEMENT,161.1224,38470.0458,167.8358,161.1224,6.7134,0.00376782,0.00361711,6.7134,161.1224,0.00361711,6.7134,6.7134,8.3918,8.3918,8.3918,161.1224,0.00361711,38.6022,35.2192,129.2336,132.6166,0.00290122,0.00297717,0.00015071,43.8431,45.4342,0.1903,6.9932,0.3858,1856.0227,36.7500,42.7628,43.8759,23.144,38.5733,57.0806,78.5279,103.7829,155.6743,31.1349,-5.1431,2.690537,4.035805,1.136617,24,140,35,5,0.02880006,0.00376782,0.25196217,0E-8,0.000000,0.899616,0.000000,-0.25555432,2026-04-30,2026-07-25,24,435,233,87,0.275862,0.974631,0.975362,0.096000,,,,,,,,GLOBAL_BASELINE_NO_ENTITY_RANKING,,,NOT_APPLICABLE_GLOBAL_BASELINE,HF9g-P5,,,,X 全窗基线 · 不参与实体赏罚,6870805,688,A168_HF9F_20260827_0900,2026-08-27 09:00:00
2026-05-30,149351693,2127,0,155.6743293033,1.8162005085,1.8162005085,0.5000000,8,8,0.50329940000000000,0.503299400000,-0.018664631283057894,-0.018664631283057894,-0.018664631283057894,0E-17,ELIGIBLE,R03b_20260811_FULL_v1,L1_ELIGIBILITY,v2026-08-11,2026-03-21..2026-08-06,baccarat_bet02_101_all_pairs_incl_sentinel,round_win = game_pnl > 0 (decisive only),COMPATIBILITY_ONLY_NOT_PRODUCTION,44544.5453,40072.9644,167.8358,1016,882,-0.00376782,-0.25196217,0.00359216,-0.00376782,-167.8358,44544.5453,OK,0.0000,6.7134,4.0000,96.0000,AG03-UNRESOLVED,ALL5_LEVELS_bet23_to_bet27,6.7134,6.7134,8.3918,8.3918,8.3918,4.000000,4.000000,5.000000,5.000000,5.000000,96.000000,96.000000,95.000000,95.000000,95.000000,5.0,38.6022,35.2192,129.2336,132.6166,PENDING_AG03,FALSE,NOT_FOR_ENFORCEMENT,161.1224,38470.0458,167.8358,161.1224,6.7134,0.00376782,0.00361711,6.7134,161.1224,0.00361711,6.7134,6.7134,8.3918,8.3918,8.3918,161.1224,0.00361711,38.6022,35.2192,129.2336,132.6166,0.00290122,0.00297717,0.00015071,43.8431,45.4342,0.1903,6.9932,0.3858,1856.0227,36.7500,42.7628,43.8759,23.144,38.5733,57.0806,78.5279,103.7829,155.6743,31.1349,-5.1431,2.690537,4.035805,1.136617,24,140,35,5,0.02880006,0.00376782,0.25196217,0E-8,0.000000,0.899616,0.000000,-0.25555432,2026-04-30,2026-07-25,24,435,233,87,0.275862,0.974631,0.975362,0.096000,,,,,,,,GLOBAL_BASELINE_NO_ENTITY_RANKING,,,NOT_APPLICABLE_GLOBAL_BASELINE,HF9g-P5,,,,X 全窗基线 · 不参与实体赏罚,6870806,688,A168_HF9F_20260827_0900,2026-08-27 09:00:00
2026-05-30,149351693,2147,0,210.1603445594,56.9508588034,56.9508588034,0.6666667,10,10,0.50396966000000000,0.503969660000,0.9762128071991669,0.9762128071991667,0.9762128071991669,0E-17,ELIGIBLE,R03b_20260811_FULL_v1,L1_ELIGIBILITY,v2026-08-11,2026-03-21..2026-08-06,baccarat_bet02_101_all_pairs_incl_sentinel,round_win = game_pnl > 0 (decisive only),COMPATIBILITY_ONLY_NOT_PRODUCTION,44544.5453,40072.9644,167.8358,1016,882,-0.00376782,-0.25196217,0.00359216,-0.00376782,-167.8358,44544.5453,OK,0.0000,6.7134,4.0000,96.0000,AG03-UNRESOLVED,ALL5_LEVELS_bet23_to_bet27,6.7134,6.7134,8.3918,8.3918,8.3918,4.000000,4.000000,5.000000,5.000000,5.000000,96.000000,96.000000,95.000000,95.000000,95.000000,5.0,38.6022,35.2192,129.2336,132.6166,PENDING_AG03,FALSE,NOT_FOR_ENFORCEMENT,161.1224,38470.0458,167.8358,161.1224,6.7134,0.00376782,0.00361711,6.7134,161.1224,0.00361711,6.7134,6.7134,8.3918,8.3918,8.3918,161.1224,0.00361711,38.6022,35.2192,129.2336,132.6166,0.00290122,0.00297717,0.00015071,43.8431,45.4342,0.1903,6.9932,0.3858,1856.0227,36.7500,42.7628,43.8759,23.144,38.5733,57.0806,78.5279,103.7829,155.6743,31.1349,-5.1431,2.690537,4.035805,1.136617,24,140,35,5,0.02880006,0.00376782,0.25196217,0E-8,0.000000,0.899616,0.000000,-0.25555432,2026-04-30,2026-07-25,24,435,233,87,0.275862,0.974631,0.975362,0.096000,,,,,,,,GLOBAL_BASELINE_NO_ENTITY_RANKING,,,NOT_APPLICABLE_GLOBAL_BASELINE,HF9g-P5,,,,X 全窗基线 · 不参与实体赏罚,6870807,688,A168_HF9F_20260827_0900,2026-08-27 09:00:00
2026-05-30,149351693,2220,0,18.1620050854,-18.1620050854,-18.1620050854,0E-7,1,1,0.50665070000000000,0.506650700000,-1.013391052207602,-1.013391052207602,-1.013391052207602,0E-17,ELIGIBLE,R03b_20260811_FULL_v1,L1_ELIGIBILITY,v2026-08-11,2026-03-21..2026-08-06,baccarat_bet02_101_all_pairs_incl_sentinel,round_win = game_pnl > 0 (decisive only),COMPATIBILITY_ONLY_NOT_PRODUCTION,44544.5453,40072.9644,167.8358,1016,882,-0.00376782,-0.25196217,0.00359216,-0.00376782,-167.8358,44544.5453,OK,0.0000,6.7134,4.0000,96.0000,AG03-UNRESOLVED,ALL5_LEVELS_bet23_to_bet27,6.7134,6.7134,8.3918,8.3918,8.3918,4.000000,4.000000,5.000000,5.000000,5.000000,96.000000,96.000000,95.000000,95.000000,95.000000,5.0,38.6022,35.2192,129.2336,132.6166,PENDING_AG03,FALSE,NOT_FOR_ENFORCEMENT,161.1224,38470.0458,167.8358,161.1224,6.7134,0.00376782,0.00361711,6.7134,161.1224,0.00361711,6.7134,6.7134,8.3918,8.3918,8.3918,161.1224,0.00361711,38.6022,35.2192,129.2336,132.6166,0.00290122,0.00297717,0.00015071,43.8431,45.4342,0.1903,6.9932,0.3858,1856.0227,36.7500,42.7628,43.8759,23.144,38.5733,57.0806,78.5279,103.7829,155.6743,31.1349,-5.1431,2.690537,4.035805,1.136617,24,140,35,5,0.02880006,0.00376782,0.25196217,0E-8,0.000000,0.899616,0.000000,-0.25555432,2026-04-30,2026-07-25,24,435,233,87,0.275862,0.974631,0.975362,0.096000,,,,,,,,GLOBAL_BASELINE_NO_ENTITY_RANKING,,,NOT_APPLICABLE_GLOBAL_BASELINE,HF9g-P5,,,,X 全窗基线 · 不参与实体赏罚,6870808,688,A168_HF9F_20260827_0900,2026-08-27 09:00:00
2026-05-30,149351693,2251,0,23.3511493955,23.3511493955,23.3511493955,1.0000000,1,1,0.49324550000000000,0.493245500000,1.01360149184955,1.01360149184955,1.01360149184955,0E-17,ELIGIBLE,R03b_20260811_FULL_v1,L1_ELIGIBILITY,v2026-08-11,2026-03-21..2026-08-06,baccarat_bet02_101_all_pairs_incl_sentinel,round_win = game_pnl > 0 (decisive only),COMPATIBILITY_ONLY_NOT_PRODUCTION,44544.5453,40072.9644,167.8358,1016,882,-0.00376782,-0.25196217,0.00359216,-0.00376782,-167.8358,44544.5453,OK,0.0000,6.7134,4.0000,96.0000,AG03-UNRESOLVED,ALL5_LEVELS_bet23_to_bet27,6.7134,6.7134,8.3918,8.3918,8.3918,4.000000,4.000000,5.000000,5.000000,5.000000,96.000000,96.000000,95.000000,95.000000,95.000000,5.0,38.6022,35.2192,129.2336,132.6166,PENDING_AG03,FALSE,NOT_FOR_ENFORCEMENT,161.1224,38470.0458,167.8358,161.1224,6.7134,0.00376782,0.00361711,6.7134,161.1224,0.00361711,6.7134,6.7134,8.3918,8.3918,8.3918,161.1224,0.00361711,38.6022,35.2192,129.2336,132.6166,0.00290122,0.00297717,0.00015071,43.8431,45.4342,0.1903,6.9932,0.3858,1856.0227,36.7500,42.7628,43.8759,23.144,38.5733,57.0806,78.5279,103.7829,155.6743,31.1349,-5.1431,2.690537,4.035805,1.136617,24,140,35,5,0.02880006,0.00376782,0.25196217,0E-8,0.000000,0.899616,0.000000,-0.25555432,2026-04-30,2026-07-25,24,435,233,87,0.275862,0.974631,0.975362,0.096000,,,,,,,,GLOBAL_BASELINE_NO_ENTITY_RANKING,,,NOT_APPLICABLE_GLOBAL_BASELINE,HF9g-P5,,,,X 全窗基线 · 不参与实体赏罚,6870809,688,A168_HF9F_20260827_0900,2026-08-27 09:00:00
2026-05-30,149351693,2254,0,49.2968709460,-13.8809610295,-13.8809610295,0.5000000,2,2,0.50665070000000000,0.506650700000,-0.018812684590367487,-0.018812684590367487,-0.018812684590367487,0E-17,ELIGIBLE,R03b_20260811_FULL_v1,L1_ELIGIBILITY,v2026-08-11,2026-03-21..2026-08-06,baccarat_bet02_101_all_pairs_incl_sentinel,round_win = game_pnl > 0 (decisive only),COMPATIBILITY_ONLY_NOT_PRODUCTION,44544.5453,40072.9644,167.8358,1016,882,-0.00376782,-0.25196217,0.00359216,-0.00376782,-167.8358,44544.5453,OK,0.0000,6.7134,4.0000,96.0000,AG03-UNRESOLVED,ALL5_LEVELS_bet23_to_bet27,6.7134,6.7134,8.3918,8.3918,8.3918,4.000000,4.000000,5.000000,5.000000,5.000000,96.000000,96.000000,95.000000,95.000000,95.000000,5.0,38.6022,35.2192,129.2336,132.6166,PENDING_AG03,FALSE,NOT_FOR_ENFORCEMENT,161.1224,38470.0458,167.8358,161.1224,6.7134,0.00376782,0.00361711,6.7134,161.1224,0.00361711,6.7134,6.7134,8.3918,8.3918,8.3918,161.1224,0.00361711,38.6022,35.2192,129.2336,132.6166,0.00290122,0.00297717,0.00015071,43.8431,45.4342,0.1903,6.9932,0.3858,1856.0227,36.7500,42.7628,43.8759,23.144,38.5733,57.0806,78.5279,103.7829,155.6743,31.1349,-5.1431,2.690537,4.035805,1.136617,24,140,35,5,0.02880006,0.00376782,0.25196217,0E-8,0.000000,0.899616,0.000000,-0.25555432,2026-04-30,2026-07-25,24,435,233,87,0.275862,0.974631,0.975362,0.096000,,,,,,,,GLOBAL_BASELINE_NO_ENTITY_RANKING,,,NOT_APPLICABLE_GLOBAL_BASELINE,HF9g-P5,,,,X 全窗基线 · 不参与实体赏罚,6870810,688,A168_HF9F_20260827_0900,2026-08-27 09:00:00
2026-05-30,149351693,2256,0,16.3458045768,0E-10,0E-10,,1,1,0.50665070000000000,0.506650700000,,,,0E-17,NO_DECISIVE_ROUND,R03b_20260811_FULL_v1,L1_ELIGIBILITY,v2026-08-11,2026-03-21..2026-08-06,baccarat_bet02_101_all_pairs_incl_sentinel,round_win = game_pnl > 0 (decisive only),COMPATIBILITY_ONLY_NOT_PRODUCTION,44544.5453,40072.9644,167.8358,1016,882,-0.00376782,-0.25196217,0.00359216,-0.00376782,-167.8358,44544.5453,OK,0.0000,6.7134,4.0000,96.0000,AG03-UNRESOLVED,ALL5_LEVELS_bet23_to_bet27,6.7134,6.7134,8.3918,8.3918,8.3918,4.000000,4.000000,5.000000,5.000000,5.000000,96.000000,96.000000,95.000000,95.000000,95.000000,5.0,38.6022,35.2192,129.2336,132.6166,PENDING_AG03,FALSE,NOT_FOR_ENFORCEMENT,161.1224,38470.0458,167.8358,161.1224,6.7134,0.00376782,0.00361711,6.7134,161.1224,0.00361711,6.7134,6.7134,8.3918,8.3918,8.3918,161.1224,0.00361711,38.6022,35.2192,129.2336,132.6166,0.00290122,0.00297717,0.00015071,43.8431,45.4342,0.1903,6.9932,0.3858,1856.0227,36.7500,42.7628,43.8759,23.144,38.5733,57.0806,78.5279,103.7829,155.6743,31.1349,-5.1431,2.690537,4.035805,1.136617,24,140,35,5,0.02880006,0.00376782,0.25196217,0E-8,0.000000,0.899616,0.000000,-0.25555432,2026-04-30,2026-07-25,24,435,233,87,0.275862,0.974631,0.975362,0.096000,,,,,,,,GLOBAL_BASELINE_NO_ENTITY_RANKING,,,NOT_APPLICABLE_GLOBAL_BASELINE,HF9g-P5,,,,X 全窗基线 · 不参与实体赏罚,6870811,688,A168_HF9F_20260827_0900,2026-08-27 09:00:00
2026-05-30,149351693,2258,0,28.5402937056,28.5402937056,28.5402937056,1.0000000,2,2,0.49324550000000000,0.493245500000,1.4334489766152358,1.4334489766152358,1.4334489766152358,0E-17,ELIGIBLE,R03b_20260811_FULL_v1,L1_ELIGIBILITY,v2026-08-11,2026-03-21..2026-08-06,baccarat_bet02_101_all_pairs_incl_sentinel,round_win = game_pnl > 0 (decisive only),COMPATIBILITY_ONLY_NOT_PRODUCTION,44544.5453,40072.9644,167.8358,1016,882,-0.00376782,-0.25196217,0.00359216,-0.00376782,-167.8358,44544.5453,OK,0.0000,6.7134,4.0000,96.0000,AG03-UNRESOLVED,ALL5_LEVELS_bet23_to_bet27,6.7134,6.7134,8.3918,8.3918,8.3918,4.000000,4.000000,5.000000,5.000000,5.000000,96.000000,96.000000,95.000000,95.000000,95.000000,5.0,38.6022,35.2192,129.2336,132.6166,PENDING_AG03,FALSE,NOT_FOR_ENFORCEMENT,161.1224,38470.0458,167.8358,161.1224,6.7134,0.00376782,0.00361711,6.7134,161.1224,0.00361711,6.7134,6.7134,8.3918,8.3918,8.3918,161.1224,0.00361711,38.6022,35.2192,129.2336,132.6166,0.00290122,0.00297717,0.00015071,43.8431,45.4342,0.1903,6.9932,0.3858,1856.0227,36.7500,42.7628,43.8759,23.144,38.5733,57.0806,78.5279,103.7829,155.6743,31.1349,-5.1431,2.690537,4.035805,1.136617,24,140,35,5,0.02880006,0.00376782,0.25196217,0E-8,0.000000,0.899616,0.000000,-0.25555432,2026-04-30,2026-07-25,24,435,233,87,0.275862,0.974631,0.975362,0.096000,,,,,,,,GLOBAL_BASELINE_NO_ENTITY_RANKING,,,NOT_APPLICABLE_GLOBAL_BASELINE,HF9g-P5,,,,X 全窗基线 · 不参与实体赏罚,6870812,688,A168_HF9F_20260827_0900,2026-08-27 09:00:00
2026-05-31,149351693,1094,0,88.2154532718,-10.3782886202,-10.3782886202,0.3333333,3,3,0.49324550000000000,0.493245500000,-0.5540025479526107,-0.5540025479526106,-0.5540025479526107,0E-17,ELIGIBLE,R03b_20260811_FULL_v1,L1_ELIGIBILITY,v2026-08-11,2026-03-21..2026-08-06,baccarat_bet02_101_all_pairs_incl_sentinel,round_win = game_pnl > 0 (decisive only),COMPATIBILITY_ONLY_NOT_PRODUCTION,44544.5453,40072.9644,167.8358,1016,882,-0.00376782,-0.25196217,0.00359216,-0.00376782,-167.8358,44544.5453,OK,0.0000,6.7134,4.0000,96.0000,AG03-UNRESOLVED,ALL5_LEVELS_bet23_to_bet27,6.7134,6.7134,8.3918,8.3918,8.3918,4.000000,4.000000,5.000000,5.000000,5.000000,96.000000,96.000000,95.000000,95.000000,95.000000,5.0,38.6022,35.2192,129.2336,132.6166,PENDING_AG03,FALSE,NOT_FOR_ENFORCEMENT,161.1224,38470.0458,167.8358,161.1224,6.7134,0.00376782,0.00361711,6.7134,161.1224,0.00361711,6.7134,6.7134,8.3918,8.3918,8.3918,161.1224,0.00361711,38.6022,35.2192,129.2336,132.6166,0.00290122,0.00297717,0.00015071,43.8431,45.4342,0.1903,6.9932,0.3858,1856.0227,36.7500,42.7628,43.8759,23.144,38.5733,57.0806,78.5279,103.7829,155.6743,31.1349,-5.1431,2.690537,4.035805,1.136617,24,140,35,5,0.02880006,0.00376782,0.25196217,0E-8,0.000000,0.899616,0.000000,-0.25555432,2026-04-30,2026-07-25,24,435,233,87,0.275862,0.974631,0.975362,0.096000,,,,,,,,GLOBAL_BASELINE_NO_ENTITY_RANKING,,,NOT_APPLICABLE_GLOBAL_BASELINE,HF9g-P5,,,,X 全窗基线 · 不参与实体赏罚,6870813,688,A168_HF9F_20260827_0900,2026-08-27 09:00:00
2026-05-31,149351693,1299,0,601.7435132564,-79.7181577392,-79.7181577392,0.4166667,15,12,0.48548844452635015,0.447883562500,-0.47701220946928385,-0.2174615292165195,-0.47701220946928385,0.03760488202635015,ELIGIBLE,R03b_20260811_FULL_v1,L1_ELIGIBILITY,v2026-08-11,2026-03-21..2026-08-06,baccarat_bet02_101_all_pairs_incl_sentinel,round_win = game_pnl > 0 (decisive only),COMPATIBILITY_ONLY_NOT_PRODUCTION,44544.5453,40072.9644,167.8358,1016,882,-0.00376782,-0.25196217,0.00359216,-0.00376782,-167.8358,44544.5453,OK,0.0000,6.7134,4.0000,96.0000,AG03-UNRESOLVED,ALL5_LEVELS_bet23_to_bet27,6.7134,6.7134,8.3918,8.3918,8.3918,4.000000,4.000000,5.000000,5.000000,5.000000,96.000000,96.000000,95.000000,95.000000,95.000000,5.0,38.6022,35.2192,129.2336,132.6166,PENDING_AG03,FALSE,NOT_FOR_ENFORCEMENT,161.1224,38470.0458,167.8358,161.1224,6.7134,0.00376782,0.00361711,6.7134,161.1224,0.00361711,6.7134,6.7134,8.3918,8.3918,8.3918,161.1224,0.00361711,38.6022,35.2192,129.2336,132.6166,0.00290122,0.00297717,0.00015071,43.8431,45.4342,0.1903,6.9932,0.3858,1856.0227,36.7500,42.7628,43.8759,23.144,38.5733,57.0806,78.5279,103.7829,155.6743,31.1349,-5.1431,2.690537,4.035805,1.136617,24,140,35,5,0.02880006,0.00376782,0.25196217,0E-8,0.000000,0.899616,0.000000,-0.25555432,2026-04-30,2026-07-25,24,435,233,87,0.275862,0.974631,0.975362,0.096000,,,,,,,,GLOBAL_BASELINE_NO_ENTITY_RANKING,,,NOT_APPLICABLE_GLOBAL_BASELINE,HF9g-P5,,,,X 全窗基线 · 不参与实体赏罚,6870814,688,A168_HF9F_20260827_0900,2026-08-27 09:00:00
2026-05-31,149351693,1304,0,231.4398127910,-90.0043716410,-90.0043716410,0.3333333,10,4,0.43266758276273367,0.290670325000,-0.3472671184922826,0.16273751899432096,-0.3472671184922826,0.14199725776273367,ELIGIBLE,R03b_20260811_FULL_v1,L1_ELIGIBILITY,v2026-08-11,2026-03-21..2026-08-06,baccarat_bet02_101_all_pairs_incl_sentinel,round_win = game_pnl > 0 (decisive only),COMPATIBILITY_ONLY_NOT_PRODUCTION,44544.5453,40072.9644,167.8358,1016,882,-0.00376782,-0.25196217,0.00359216,-0.00376782,-167.8358,44544.5453,OK,0.0000,6.7134,4.0000,96.0000,AG03-UNRESOLVED,ALL5_LEVELS_bet23_to_bet27,6.7134,6.7134,8.3918,8.3918,8.3918,4.000000,4.000000,5.000000,5.000000,5.000000,96.000000,96.000000,95.000000,95.000000,95.000000,5.0,38.6022,35.2192,129.2336,132.6166,PENDING_AG03,FALSE,NOT_FOR_ENFORCEMENT,161.1224,38470.0458,167.8358,161.1224,6.7134,0.00376782,0.00361711,6.7134,161.1224,0.00361711,6.7134,6.7134,8.3918,8.3918,8.3918,161.1224,0.00361711,38.6022,35.2192,129.2336,132.6166,0.00290122,0.00297717,0.00015071,43.8431,45.4342,0.1903,6.9932,0.3858,1856.0227,36.7500,42.7628,43.8759,23.144,38.5733,57.0806,78.5279,103.7829,155.6743,31.1349,-5.1431,2.690537,4.035805,1.136617,24,140,35,5,0.02880006,0.00376782,0.25196217,0E-8,0.000000,0.899616,0.000000,-0.25555432,2026-04-30,2026-07-25,24,435,233,87,0.275862,0.974631,0.975362,0.096000,,,,,,,,GLOBAL_BASELINE_NO_ENTITY_RANKING,,,NOT_APPLICABLE_GLOBAL_BASELINE,HF9g-P5,,,,X 全窗基线 · 不参与实体赏罚,6870815,688,A168_HF9F_20260827_0900,2026-08-27 09:00:00
2026-05-31,149351693,1318,0,121.9448912874,-20.7565772404,-20.7565772404,0.5000000,4,4,0.50665070000000000,0.506650700000,-0.02660515369234503,-0.02660515369234503,-0.02660515369234503,0E-17,ELIGIBLE,R03b_20260811_FULL_v1,L1_ELIGIBILITY,v2026-08-11,2026-03-21..2026-08-06,baccarat_bet02_101_all_pairs_incl_sentinel,round_win = game_pnl > 0 (decisive only),COMPATIBILITY_ONLY_NOT_PRODUCTION,44544.5453,40072.9644,167.8358,1016,882,-0.00376782,-0.25196217,0.00359216,-0.00376782,-167.8358,44544.5453,OK,0.0000,6.7134,4.0000,96.0000,AG03-UNRESOLVED,ALL5_LEVELS_bet23_to_bet27,6.7134,6.7134,8.3918,8.3918,8.3918,4.000000,4.000000,5.000000,5.000000,5.000000,96.000000,96.000000,95.000000,95.000000,95.000000,5.0,38.6022,35.2192,129.2336,132.6166,PENDING_AG03,FALSE,NOT_FOR_ENFORCEMENT,161.1224,38470.0458,167.8358,161.1224,6.7134,0.00376782,0.00361711,6.7134,161.1224,0.00361711,6.7134,6.7134,8.3918,8.3918,8.3918,161.1224,0.00361711,38.6022,35.2192,129.2336,132.6166,0.00290122,0.00297717,0.00015071,43.8431,45.4342,0.1903,6.9932,0.3858,1856.0227,36.7500,42.7628,43.8759,23.144,38.5733,57.0806,78.5279,103.7829,155.6743,31.1349,-5.1431,2.690537,4.035805,1.136617,24,140,35,5,0.02880006,0.00376782,0.25196217,0E-8,0.000000,0.899616,0.000000,-0.25555432,2026-04-30,2026-07-25,24,435,233,87,0.275862,0.974631,0.975362,0.096000,,,,,,,,GLOBAL_BASELINE_NO_ENTITY_RANKING,,,NOT_APPLICABLE_GLOBAL_BASELINE,HF9g-P5,,,,X 全窗基线 · 不参与实体赏罚,6870816,688,A168_HF9F_20260827_0900,2026-08-27 09:00:00
2026-05-31,149351693,1331,0,33.7294380157,0E-10,0E-10,,1,1,0.49324550000000000,0.493245500000,,,,0E-17,NO_DECISIVE_ROUND,R03b_20260811_FULL_v1,L1_ELIGIBILITY,v2026-08-11,2026-03-21..2026-08-06,baccarat_bet02_101_all_pairs_incl_sentinel,round_win = game_pnl > 0 (decisive only),COMPATIBILITY_ONLY_NOT_PRODUCTION,44544.5453,40072.9644,167.8358,1016,882,-0.00376782,-0.25196217,0.00359216,-0.00376782,-167.8358,44544.5453,OK,0.0000,6.7134,4.0000,96.0000,AG03-UNRESOLVED,ALL5_LEVELS_bet23_to_bet27,6.7134,6.7134,8.3918,8.3918,8.3918,4.000000,4.000000,5.000000,5.000000,5.000000,96.000000,96.000000,95.000000,95.000000,95.000000,5.0,38.6022,35.2192,129.2336,132.6166,PENDING_AG03,FALSE,NOT_FOR_ENFORCEMENT,161.1224,38470.0458,167.8358,161.1224,6.7134,0.00376782,0.00361711,6.7134,161.1224,0.00361711,6.7134,6.7134,8.3918,8.3918,8.3918,161.1224,0.00361711,38.6022,35.2192,129.2336,132.6166,0.00290122,0.00297717,0.00015071,43.8431,45.4342,0.1903,6.9932,0.3858,1856.0227,36.7500,42.7628,43.8759,23.144,38.5733,57.0806,78.5279,103.7829,155.6743,31.1349,-5.1431,2.690537,4.035805,1.136617,24,140,35,5,0.02880006,0.00376782,0.25196217,0E-8,0.000000,0.899616,0.000000,-0.25555432,2026-04-30,2026-07-25,24,435,233,87,0.275862,0.974631,0.975362,0.096000,,,,,,,,GLOBAL_BASELINE_NO_ENTITY_RANKING,,,NOT_APPLICABLE_GLOBAL_BASELINE,HF9g-P5,,,,X 全窗基线 · 不参与实体赏罚,6870817,688,A168_HF9F_20260827_0900,2026-08-27 09:00:00
2026-05-31,149351693,1374,0,70.0534481865,31.1348658606,31.1348658606,0.6666667,3,3,0.50218230000000000,0.502182300000,0.5697959874915163,0.5697959874915164,0.5697959874915163,0E-17,ELIGIBLE,R03b_20260811_FULL_v1,L1_ELIGIBILITY,v2026-08-11,2026-03-21..2026-08-06,baccarat_bet02_101_all_pairs_incl_sentinel,round_win = game_pnl > 0 (decisive only),COMPATIBILITY_ONLY_NOT_PRODUCTION,44544.5453,40072.9644,167.8358,1016,882,-0.00376782,-0.25196217,0.00359216,-0.00376782,-167.8358,44544.5453,OK,0.0000,6.7134,4.0000,96.0000,AG03-UNRESOLVED,ALL5_LEVELS_bet23_to_bet27,6.7134,6.7134,8.3918,8.3918,8.3918,4.000000,4.000000,5.000000,5.000000,5.000000,96.000000,96.000000,95.000000,95.000000,95.000000,5.0,38.6022,35.2192,129.2336,132.6166,PENDING_AG03,FALSE,NOT_FOR_ENFORCEMENT,161.1224,38470.0458,167.8358,161.1224,6.7134,0.00376782,0.00361711,6.7134,161.1224,0.00361711,6.7134,6.7134,8.3918,8.3918,8.3918,161.1224,0.00361711,38.6022,35.2192,129.2336,132.6166,0.00290122,0.00297717,0.00015071,43.8431,45.4342,0.1903,6.9932,0.3858,1856.0227,36.7500,42.7628,43.8759,23.144,38.5733,57.0806,78.5279,103.7829,155.6743,31.1349,-5.1431,2.690537,4.035805,1.136617,24,140,35,5,0.02880006,0.00376782,0.25196217,0E-8,0.000000,0.899616,0.000000,-0.25555432,2026-04-30,2026-07-25,24,435,233,87,0.275862,0.974631,0.975362,0.096000,,,,,,,,GLOBAL_BASELINE_NO_ENTITY_RANKING,,,NOT_APPLICABLE_GLOBAL_BASELINE,HF9g-P5,,,,X 全窗基线 · 不参与实体赏罚,6870818,688,A168_HF9F_20260827_0900,2026-08-27 09:00:00
2026-05-31,149351693,1396,0,550.3124437473,-37.4161030678,-37.4161030678,0.4166667,19,14,0.48250747800000515,0.445006533333,-0.4564379366477086,-0.1975428416441435,-0.4564379366477086,0.03750094466700515,ELIGIBLE,R03b_20260811_FULL_v1,L1_ELIGIBILITY,v2026-08-11,2026-03-21..2026-08-06,baccarat_bet02_101_all_pairs_incl_sentinel,round_win = game_pnl > 0 (decisive only),COMPATIBILITY_ONLY_NOT_PRODUCTION,44544.5453,40072.9644,167.8358,1016,882,-0.00376782,-0.25196217,0.00359216,-0.00376782,-167.8358,44544.5453,OK,0.0000,6.7134,4.0000,96.0000,AG03-UNRESOLVED,ALL5_LEVELS_bet23_to_bet27,6.7134,6.7134,8.3918,8.3918,8.3918,4.000000,4.000000,5.000000,5.000000,5.000000,96.000000,96.000000,95.000000,95.000000,95.000000,5.0,38.6022,35.2192,129.2336,132.6166,PENDING_AG03,FALSE,NOT_FOR_ENFORCEMENT,161.1224,38470.0458,167.8358,161.1224,6.7134,0.00376782,0.00361711,6.7134,161.1224,0.00361711,6.7134,6.7134,8.3918,8.3918,8.3918,161.1224,0.00361711,38.6022,35.2192,129.2336,132.6166,0.00290122,0.00297717,0.00015071,43.8431,45.4342,0.1903,6.9932,0.3858,1856.0227,36.7500,42.7628,43.8759,23.144,38.5733,57.0806,78.5279,103.7829,155.6743,31.1349,-5.1431,2.690537,4.035805,1.136617,24,140,35,5,0.02880006,0.00376782,0.25196217,0E-8,0.000000,0.899616,0.000000,-0.25555432,2026-04-30,2026-07-25,24,435,233,87,0.275862,0.974631,0.975362,0.096000,,,,,,,,GLOBAL_BASELINE_NO_ENTITY_RANKING,,,NOT_APPLICABLE_GLOBAL_BASELINE,HF9g-P5,,,,X 全窗基线 · 不参与实体赏罚,6870819,688,A168_HF9F_20260827_0900,2026-08-27 09:00:00
2026-05-31,149351693,1401,0,612.5440378533,178.4400956617,178.4400956617,0.7272727,28,11,0.43394579670310979,0.279077134848,1.9629151522017885,3.3140373299600037,1.9629151522017885,0.15486866185510979,ELIGIBLE,R03b_20260811_FULL_v1,L1_ELIGIBILITY,v2026-08-11,2026-03-21..2026-08-06,baccarat_bet02_101_all_pairs_incl_sentinel,round_win = game_pnl > 0 (decisive only),COMPATIBILITY_ONLY_NOT_PRODUCTION,44544.5453,40072.9644,167.8358,1016,882,-0.00376782,-0.25196217,0.00359216,-0.00376782,-167.8358,44544.5453,OK,0.0000,6.7134,4.0000,96.0000,AG03-UNRESOLVED,ALL5_LEVELS_bet23_to_bet27,6.7134,6.7134,8.3918,8.3918,8.3918,4.000000,4.000000,5.000000,5.000000,5.000000,96.000000,96.000000,95.000000,95.000000,95.000000,5.0,38.6022,35.2192,129.2336,132.6166,PENDING_AG03,FALSE,NOT_FOR_ENFORCEMENT,161.1224,38470.0458,167.8358,161.1224,6.7134,0.00376782,0.00361711,6.7134,161.1224,0.00361711,6.7134,6.7134,8.3918,8.3918,8.3918,161.1224,0.00361711,38.6022,35.2192,129.2336,132.6166,0.00290122,0.00297717,0.00015071,43.8431,45.4342,0.1903,6.9932,0.3858,1856.0227,36.7500,42.7628,43.8759,23.144,38.5733,57.0806,78.5279,103.7829,155.6743,31.1349,-5.1431,2.690537,4.035805,1.136617,24,140,35,5,0.02880006,0.00376782,0.25196217,0E-8,0.000000,0.899616,0.000000,-0.25555432,2026-04-30,2026-07-25,24,435,233,87,0.275862,0.974631,0.975362,0.096000,,,,,,,,GLOBAL_BASELINE_NO_ENTITY_RANKING,,,NOT_APPLICABLE_GLOBAL_BASELINE,HF9g-P5,,,,X 全窗基线 · 不参与实体赏罚,6870820,688,A168_HF9F_20260827_0900,2026-08-27 09:00:00
2026-05-31,149351693,1490,0,193.1236660066,-2.0701005477,-2.0701005477,0.6000000,5,5,0.50396966000000000,0.503969660000,0.4294742719815242,0.4294742719815242,0.4294742719815242,0E-17,ELIGIBLE,R03b_20260811_FULL_v1,L1_ELIGIBILITY,v2026-08-11,2026-03-21..2026-08-06,baccarat_bet02_101_all_pairs_incl_sentinel,round_win = game_pnl > 0 (decisive only),COMPATIBILITY_ONLY_NOT_PRODUCTION,44544.5453,40072.9644,167.8358,1016,882,-0.00376782,-0.25196217,0.00359216,-0.00376782,-167.8358,44544.5453,OK,0.0000,6.7134,4.0000,96.0000,AG03-UNRESOLVED,ALL5_LEVELS_bet23_to_bet27,6.7134,6.7134,8.3918,8.3918,8.3918,4.000000,4.000000,5.000000,5.000000,5.000000,96.000000,96.000000,95.000000,95.000000,95.000000,5.0,38.6022,35.2192,129.2336,132.6166,PENDING_AG03,FALSE,NOT_FOR_ENFORCEMENT,161.1224,38470.0458,167.8358,161.1224,6.7134,0.00376782,0.00361711,6.7134,161.1224,0.00361711,6.7134,6.7134,8.3918,8.3918,8.3918,161.1224,0.00361711,38.6022,35.2192,129.2336,132.6166,0.00290122,0.00297717,0.00015071,43.8431,45.4342,0.1903,6.9932,0.3858,1856.0227,36.7500,42.7628,43.8759,23.144,38.5733,57.0806,78.5279,103.7829,155.6743,31.1349,-5.1431,2.690537,4.035805,1.136617,24,140,35,5,0.02880006,0.00376782,0.25196217,0E-8,0.000000,0.899616,0.000000,-0.25555432,2026-04-30,2026-07-25,24,435,233,87,0.275862,0.974631,0.975362,0.096000,,,,,,,,GLOBAL_BASELINE_NO_ENTITY_RANKING,,,NOT_APPLICABLE_GLOBAL_BASELINE,HF9g-P5,,,,X 全窗基线 · 不参与实体赏罚,6870821,688,A168_HF9F_20260827_0900,2026-08-27 09:00:00
2026-05-31,149351693,1646,0,38.5733021318,37.9304137629,37.9304137629,1.0000000,2,2,0.49994810000000000,0.499948100000,1.4143603653603398,1.4143603653603398,1.4143603653603398,0E-17,ELIGIBLE,R03b_20260811_FULL_v1,L1_ELIGIBILITY,v2026-08-11,2026-03-21..2026-08-06,baccarat_bet02_101_all_pairs_incl_sentinel,round_win = game_pnl > 0 (decisive only),COMPATIBILITY_ONLY_NOT_PRODUCTION,44544.5453,40072.9644,167.8358,1016,882,-0.00376782,-0.25196217,0.00359216,-0.00376782,-167.8358,44544.5453,OK,0.0000,6.7134,4.0000,96.0000,AG03-UNRESOLVED,ALL5_LEVELS_bet23_to_bet27,6.7134,6.7134,8.3918,8.3918,8.3918,4.000000,4.000000,5.000000,5.000000,5.000000,96.000000,96.000000,95.000000,95.000000,95.000000,5.0,38.6022,35.2192,129.2336,132.6166,PENDING_AG03,FALSE,NOT_FOR_ENFORCEMENT,161.1224,38470.0458,167.8358,161.1224,6.7134,0.00376782,0.00361711,6.7134,161.1224,0.00361711,6.7134,6.7134,8.3918,8.3918,8.3918,161.1224,0.00361711,38.6022,35.2192,129.2336,132.6166,0.00290122,0.00297717,0.00015071,43.8431,45.4342,0.1903,6.9932,0.3858,1856.0227,36.7500,42.7628,43.8759,23.144,38.5733,57.0806,78.5279,103.7829,155.6743,31.1349,-5.1431,2.690537,4.035805,1.136617,24,140,35,5,0.02880006,0.00376782,0.25196217,0E-8,0.000000,0.899616,0.000000,-0.25555432,2026-04-30,2026-07-25,24,435,233,87,0.275862,0.974631,0.975362,0.096000,,,,,,,,GLOBAL_BASELINE_NO_ENTITY_RANKING,,,NOT_APPLICABLE_GLOBAL_BASELINE,HF9g-P5,,,,X 全窗基线 · 不参与实体赏罚,6870822,688,A168_HF9F_20260827_0900,2026-08-27 09:00:00
2026-05-31,149351693,1704,0,110.8339547921,23.4011366267,23.4011366267,0.5000000,2,2,0.49994810000000000,0.499948100000,0.00014679536856514622,0.00014679536856514622,0.00014679536856514622,0E-17,ELIGIBLE,R03b_20260811_FULL_v1,L1_ELIGIBILITY,v2026-08-11,2026-03-21..2026-08-06,baccarat_bet02_101_all_pairs_incl_sentinel,round_win = game_pnl > 0 (decisive only),COMPATIBILITY_ONLY_NOT_PRODUCTION,44544.5453,40072.9644,167.8358,1016,882,-0.00376782,-0.25196217,0.00359216,-0.00376782,-167.8358,44544.5453,OK,0.0000,6.7134,4.0000,96.0000,AG03-UNRESOLVED,ALL5_LEVELS_bet23_to_bet27,6.7134,6.7134,8.3918,8.3918,8.3918,4.000000,4.000000,5.000000,5.000000,5.000000,96.000000,96.000000,95.000000,95.000000,95.000000,5.0,38.6022,35.2192,129.2336,132.6166,PENDING_AG03,FALSE,NOT_FOR_ENFORCEMENT,161.1224,38470.0458,167.8358,161.1224,6.7134,0.00376782,0.00361711,6.7134,161.1224,0.00361711,6.7134,6.7134,8.3918,8.3918,8.3918,161.1224,0.00361711,38.6022,35.2192,129.2336,132.6166,0.00290122,0.00297717,0.00015071,43.8431,45.4342,0.1903,6.9932,0.3858,1856.0227,36.7500,42.7628,43.8759,23.144,38.5733,57.0806,78.5279,103.7829,155.6743,31.1349,-5.1431,2.690537,4.035805,1.136617,24,140,35,5,0.02880006,0.00376782,0.25196217,0E-8,0.000000,0.899616,0.000000,-0.25555432,2026-04-30,2026-07-25,24,435,233,87,0.275862,0.974631,0.975362,0.096000,,,,,,,,GLOBAL_BASELINE_NO_ENTITY_RANKING,,,NOT_APPLICABLE_GLOBAL_BASELINE,HF9g-P5,,,,X 全窗基线 · 不参与实体赏罚,6870823,688,A168_HF9F_20260827_0900,2026-08-27 09:00:00
2026-05-31,149351693,1750,0,38.5733021318,-38.5733021318,-38.5733021318,0E-7,1,1,0.50665070000000000,0.506650700000,-1.013391052207602,-1.013391052207602,-1.013391052207602,0E-17,ELIGIBLE,R03b_20260811_FULL_v1,L1_ELIGIBILITY,v2026-08-11,2026-03-21..2026-08-06,baccarat_bet02_101_all_pairs_incl_sentinel,round_win = game_pnl > 0 (decisive only),COMPATIBILITY_ONLY_NOT_PRODUCTION,44544.5453,40072.9644,167.8358,1016,882,-0.00376782,-0.25196217,0.00359216,-0.00376782,-167.8358,44544.5453,OK,0.0000,6.7134,4.0000,96.0000,AG03-UNRESOLVED,ALL5_LEVELS_bet23_to_bet27,6.7134,6.7134,8.3918,8.3918,8.3918,4.000000,4.000000,5.000000,5.000000,5.000000,96.000000,96.000000,95.000000,95.000000,95.000000,5.0,38.6022,35.2192,129.2336,132.6166,PENDING_AG03,FALSE,NOT_FOR_ENFORCEMENT,161.1224,38470.0458,167.8358,161.1224,6.7134,0.00376782,0.00361711,6.7134,161.1224,0.00361711,6.7134,6.7134,8.3918,8.3918,8.3918,161.1224,0.00361711,38.6022,35.2192,129.2336,132.6166,0.00290122,0.00297717,0.00015071,43.8431,45.4342,0.1903,6.9932,0.3858,1856.0227,36.7500,42.7628,43.8759,23.144,38.5733,57.0806,78.5279,103.7829,155.6743,31.1349,-5.1431,2.690537,4.035805,1.136617,24,140,35,5,0.02880006,0.00376782,0.25196217,0E-8,0.000000,0.899616,0.000000,-0.25555432,2026-04-30,2026-07-25,24,435,233,87,0.275862,0.974631,0.975362,0.096000,,,,,,,,GLOBAL_BASELINE_NO_ENTITY_RANKING,,,NOT_APPLICABLE_GLOBAL_BASELINE,HF9g-P5,,,,X 全窗基线 · 不参与实体赏罚,6870824,688,A168_HF9F_20260827_0900,2026-08-27 09:00:00
2026-05-31,149351693,1935,0,15.5674329303,14.7890612838,14.7890612838,1.0000000,1,1,0.50665070000000000,0.506650700000,0.9867858985152569,0.9867858985152569,0.9867858985152569,0E-17,ELIGIBLE,R03b_20260811_FULL_v1,L1_ELIGIBILITY,v2026-08-11,2026-03-21..2026-08-06,baccarat_bet02_101_all_pairs_incl_sentinel,round_win = game_pnl > 0 (decisive only),COMPATIBILITY_ONLY_NOT_PRODUCTION,44544.5453,40072.9644,167.8358,1016,882,-0.00376782,-0.25196217,0.00359216,-0.00376782,-167.8358,44544.5453,OK,0.0000,6.7134,4.0000,96.0000,AG03-UNRESOLVED,ALL5_LEVELS_bet23_to_bet27,6.7134,6.7134,8.3918,8.3918,8.3918,4.000000,4.000000,5.000000,5.000000,5.000000,96.000000,96.000000,95.000000,95.000000,95.000000,5.0,38.6022,35.2192,129.2336,132.6166,PENDING_AG03,FALSE,NOT_FOR_ENFORCEMENT,161.1224,38470.0458,167.8358,161.1224,6.7134,0.00376782,0.00361711,6.7134,161.1224,0.00361711,6.7134,6.7134,8.3918,8.3918,8.3918,161.1224,0.00361711,38.6022,35.2192,129.2336,132.6166,0.00290122,0.00297717,0.00015071,43.8431,45.4342,0.1903,6.9932,0.3858,1856.0227,36.7500,42.7628,43.8759,23.144,38.5733,57.0806,78.5279,103.7829,155.6743,31.1349,-5.1431,2.690537,4.035805,1.136617,24,140,35,5,0.02880006,0.00376782,0.25196217,0E-8,0.000000,0.899616,0.000000,-0.25555432,2026-04-30,2026-07-25,24,435,233,87,0.275862,0.974631,0.975362,0.096000,,,,,,,,GLOBAL_BASELINE_NO_ENTITY_RANKING,,,NOT_APPLICABLE_GLOBAL_BASELINE,HF9g-P5,,,,X 全窗基线 · 不参与实体赏罚,6870825,688,A168_HF9F_20260827_0900,2026-08-27 09:00:00
2026-05-31,149351693,1963,0,122.1487900841,-69.4319438373,-69.4319438373,0E-7,3,2,0.48470150740744035,0.397033600000,-0.9698570993440948,-0.8114599218729815,-0.9698570993440948,0.08766790740744035,ELIGIBLE,R03b_20260811_FULL_v1,L1_ELIGIBILITY,v2026-08-11,2026-03-21..2026-08-06,baccarat_bet02_101_all_pairs_incl_sentinel,round_win = game_pnl > 0 (decisive only),COMPATIBILITY_ONLY_NOT_PRODUCTION,44544.5453,40072.9644,167.8358,1016,882,-0.00376782,-0.25196217,0.00359216,-0.00376782,-167.8358,44544.5453,OK,0.0000,6.7134,4.0000,96.0000,AG03-UNRESOLVED,ALL5_LEVELS_bet23_to_bet27,6.7134,6.7134,8.3918,8.3918,8.3918,4.000000,4.000000,5.000000,5.000000,5.000000,96.000000,96.000000,95.000000,95.000000,95.000000,5.0,38.6022,35.2192,129.2336,132.6166,PENDING_AG03,FALSE,NOT_FOR_ENFORCEMENT,161.1224,38470.0458,167.8358,161.1224,6.7134,0.00376782,0.00361711,6.7134,161.1224,0.00361711,6.7134,6.7134,8.3918,8.3918,8.3918,161.1224,0.00361711,38.6022,35.2192,129.2336,132.6166,0.00290122,0.00297717,0.00015071,43.8431,45.4342,0.1903,6.9932,0.3858,1856.0227,36.7500,42.7628,43.8759,23.144,38.5733,57.0806,78.5279,103.7829,155.6743,31.1349,-5.1431,2.690537,4.035805,1.136617,24,140,35,5,0.02880006,0.00376782,0.25196217,0E-8,0.000000,0.899616,0.000000,-0.25555432,2026-04-30,2026-07-25,24,435,233,87,0.275862,0.974631,0.975362,0.096000,,,,,,,,GLOBAL_BASELINE_NO_ENTITY_RANKING,,,NOT_APPLICABLE_GLOBAL_BASELINE,HF9g-P5,,,,X 全窗基线 · 不参与实体赏罚,6870826,688,A168_HF9F_20260827_0900,2026-08-27 09:00:00
2026-05-31,149351693,1985,0,31.1348658606,-31.1348658606,-31.1348658606,0E-7,1,1,0.50665070000000000,0.506650700000,-1.013391052207602,-1.013391052207602,-1.013391052207602,0E-17,ELIGIBLE,R03b_20260811_FULL_v1,L1_ELIGIBILITY,v2026-08-11,2026-03-21..2026-08-06,baccarat_bet02_101_all_pairs_incl_sentinel,round_win = game_pnl > 0 (decisive only),COMPATIBILITY_ONLY_NOT_PRODUCTION,44544.5453,40072.9644,167.8358,1016,882,-0.00376782,-0.25196217,0.00359216,-0.00376782,-167.8358,44544.5453,OK,0.0000,6.7134,4.0000,96.0000,AG03-UNRESOLVED,ALL5_LEVELS_bet23_to_bet27,6.7134,6.7134,8.3918,8.3918,8.3918,4.000000,4.000000,5.000000,5.000000,5.000000,96.000000,96.000000,95.000000,95.000000,95.000000,5.0,38.6022,35.2192,129.2336,132.6166,PENDING_AG03,FALSE,NOT_FOR_ENFORCEMENT,161.1224,38470.0458,167.8358,161.1224,6.7134,0.00376782,0.00361711,6.7134,161.1224,0.00361711,6.7134,6.7134,8.3918,8.3918,8.3918,161.1224,0.00361711,38.6022,35.2192,129.2336,132.6166,0.00290122,0.00297717,0.00015071,43.8431,45.4342,0.1903,6.9932,0.3858,1856.0227,36.7500,42.7628,43.8759,23.144,38.5733,57.0806,78.5279,103.7829,155.6743,31.1349,-5.1431,2.690537,4.035805,1.136617,24,140,35,5,0.02880006,0.00376782,0.25196217,0E-8,0.000000,0.899616,0.000000,-0.25555432,2026-04-30,2026-07-25,24,435,233,87,0.275862,0.974631,0.975362,0.096000,,,,,,,,GLOBAL_BASELINE_NO_ENTITY_RANKING,,,NOT_APPLICABLE_GLOBAL_BASELINE,HF9g-P5,,,,X 全窗基线 · 不参与实体赏罚,6870827,688,A168_HF9F_20260827_0900,2026-08-27 09:00:00
2026-05-31,149351693,1990,0,51.4310695090,-51.4310695090,-51.4310695090,0E-7,2,2,0.50665070000000000,0.506650700000,-1.4331513700195317,-1.4331513700195317,-1.4331513700195317,0E-17,ELIGIBLE,R03b_20260811_FULL_v1,L1_ELIGIBILITY,v2026-08-11,2026-03-21..2026-08-06,baccarat_bet02_101_all_pairs_incl_sentinel,round_win = game_pnl > 0 (decisive only),COMPATIBILITY_ONLY_NOT_PRODUCTION,44544.5453,40072.9644,167.8358,1016,882,-0.00376782,-0.25196217,0.00359216,-0.00376782,-167.8358,44544.5453,OK,0.0000,6.7134,4.0000,96.0000,AG03-UNRESOLVED,ALL5_LEVELS_bet23_to_bet27,6.7134,6.7134,8.3918,8.3918,8.3918,4.000000,4.000000,5.000000,5.000000,5.000000,96.000000,96.000000,95.000000,95.000000,95.000000,5.0,38.6022,35.2192,129.2336,132.6166,PENDING_AG03,FALSE,NOT_FOR_ENFORCEMENT,161.1224,38470.0458,167.8358,161.1224,6.7134,0.00376782,0.00361711,6.7134,161.1224,0.00361711,6.7134,6.7134,8.3918,8.3918,8.3918,161.1224,0.00361711,38.6022,35.2192,129.2336,132.6166,0.00290122,0.00297717,0.00015071,43.8431,45.4342,0.1903,6.9932,0.3858,1856.0227,36.7500,42.7628,43.8759,23.144,38.5733,57.0806,78.5279,103.7829,155.6743,31.1349,-5.1431,2.690537,4.035805,1.136617,24,140,35,5,0.02880006,0.00376782,0.25196217,0E-8,0.000000,0.899616,0.000000,-0.25555432,2026-04-30,2026-07-25,24,435,233,87,0.275862,0.974631,0.975362,0.096000,,,,,,,,GLOBAL_BASELINE_NO_ENTITY_RANKING,,,NOT_APPLICABLE_GLOBAL_BASELINE,HF9g-P5,,,,X 全窗基线 · 不参与实体赏罚,6870828,688,A168_HF9F_20260827_0900,2026-08-27 09:00:00
2026-05-31,149351693,2093,0,319.3869416513,-4.0116234216,-4.0116234216,0.5714286,11,8,0.48631172743419130,0.442894439583,0.4505648784379576,0.6846184959658466,0.4505648784379576,0.04341728785119130,ELIGIBLE,R03b_20260811_FULL_v1,L1_ELIGIBILITY,v2026-08-11,2026-03-21..2026-08-06,baccarat_bet02_101_all_pairs_incl_sentinel,round_win = game_pnl > 0 (decisive only),COMPATIBILITY_ONLY_NOT_PRODUCTION,44544.5453,40072.9644,167.8358,1016,882,-0.00376782,-0.25196217,0.00359216,-0.00376782,-167.8358,44544.5453,OK,0.0000,6.7134,4.0000,96.0000,AG03-UNRESOLVED,ALL5_LEVELS_bet23_to_bet27,6.7134,6.7134,8.3918,8.3918,8.3918,4.000000,4.000000,5.000000,5.000000,5.000000,96.000000,96.000000,95.000000,95.000000,95.000000,5.0,38.6022,35.2192,129.2336,132.6166,PENDING_AG03,FALSE,NOT_FOR_ENFORCEMENT,161.1224,38470.0458,167.8358,161.1224,6.7134,0.00376782,0.00361711,6.7134,161.1224,0.00361711,6.7134,6.7134,8.3918,8.3918,8.3918,161.1224,0.00361711,38.6022,35.2192,129.2336,132.6166,0.00290122,0.00297717,0.00015071,43.8431,45.4342,0.1903,6.9932,0.3858,1856.0227,36.7500,42.7628,43.8759,23.144,38.5733,57.0806,78.5279,103.7829,155.6743,31.1349,-5.1431,2.690537,4.035805,1.136617,24,140,35,5,0.02880006,0.00376782,0.25196217,0E-8,0.000000,0.899616,0.000000,-0.25555432,2026-04-30,2026-07-25,24,435,233,87,0.275862,0.974631,0.975362,0.096000,,,,,,,,GLOBAL_BASELINE_NO_ENTITY_RANKING,,,NOT_APPLICABLE_GLOBAL_BASELINE,HF9g-P5,,,,X 全窗基线 · 不参与实体赏罚,6870829,688,A168_HF9F_20260827_0900,2026-08-27 09:00:00
2026-05-31,149351693,2108,0,101.8335176280,-18.6951937666,-18.6951937666,0.5000000,3,3,0.49771390000000000,0.497713900000,0.006466134837551399,0.0064661348375514,0.006466134837551399,0E-17,ELIGIBLE,R03b_20260811_FULL_v1,L1_ELIGIBILITY,v2026-08-11,2026-03-21..2026-08-06,baccarat_bet02_101_all_pairs_incl_sentinel,round_win = game_pnl > 0 (decisive only),COMPATIBILITY_ONLY_NOT_PRODUCTION,44544.5453,40072.9644,167.8358,1016,882,-0.00376782,-0.25196217,0.00359216,-0.00376782,-167.8358,44544.5453,OK,0.0000,6.7134,4.0000,96.0000,AG03-UNRESOLVED,ALL5_LEVELS_bet23_to_bet27,6.7134,6.7134,8.3918,8.3918,8.3918,4.000000,4.000000,5.000000,5.000000,5.000000,96.000000,96.000000,95.000000,95.000000,95.000000,5.0,38.6022,35.2192,129.2336,132.6166,PENDING_AG03,FALSE,NOT_FOR_ENFORCEMENT,161.1224,38470.0458,167.8358,161.1224,6.7134,0.00376782,0.00361711,6.7134,161.1224,0.00361711,6.7134,6.7134,8.3918,8.3918,8.3918,161.1224,0.00361711,38.6022,35.2192,129.2336,132.6166,0.00290122,0.00297717,0.00015071,43.8431,45.4342,0.1903,6.9932,0.3858,1856.0227,36.7500,42.7628,43.8759,23.144,38.5733,57.0806,78.5279,103.7829,155.6743,31.1349,-5.1431,2.690537,4.035805,1.136617,24,140,35,5,0.02880006,0.00376782,0.25196217,0E-8,0.000000,0.899616,0.000000,-0.25555432,2026-04-30,2026-07-25,24,435,233,87,0.275862,0.974631,0.975362,0.096000,,,,,,,,GLOBAL_BASELINE_NO_ENTITY_RANKING,,,NOT_APPLICABLE_GLOBAL_BASELINE,HF9g-P5,,,,X 全窗基线 · 不参与实体赏罚,6870830,688,A168_HF9F_20260827_0900,2026-08-27 09:00:00
2026-05-31,149351693,2115,0,12.9728607753,-12.9728607753,-12.9728607753,0E-7,1,1,0.50665070000000000,0.506650700000,-1.013391052207602,-1.013391052207602,-1.013391052207602,0E-17,ELIGIBLE,R03b_20260811_FULL_v1,L1_ELIGIBILITY,v2026-08-11,2026-03-21..2026-08-06,baccarat_bet02_101_all_pairs_incl_sentinel,round_win = game_pnl > 0 (decisive only),COMPATIBILITY_ONLY_NOT_PRODUCTION,44544.5453,40072.9644,167.8358,1016,882,-0.00376782,-0.25196217,0.00359216,-0.00376782,-167.8358,44544.5453,OK,0.0000,6.7134,4.0000,96.0000,AG03-UNRESOLVED,ALL5_LEVELS_bet23_to_bet27,6.7134,6.7134,8.3918,8.3918,8.3918,4.000000,4.000000,5.000000,5.000000,5.000000,96.000000,96.000000,95.000000,95.000000,95.000000,5.0,38.6022,35.2192,129.2336,132.6166,PENDING_AG03,FALSE,NOT_FOR_ENFORCEMENT,161.1224,38470.0458,167.8358,161.1224,6.7134,0.00376782,0.00361711,6.7134,161.1224,0.00361711,6.7134,6.7134,8.3918,8.3918,8.3918,161.1224,0.00361711,38.6022,35.2192,129.2336,132.6166,0.00290122,0.00297717,0.00015071,43.8431,45.4342,0.1903,6.9932,0.3858,1856.0227,36.7500,42.7628,43.8759,23.144,38.5733,57.0806,78.5279,103.7829,155.6743,31.1349,-5.1431,2.690537,4.035805,1.136617,24,140,35,5,0.02880006,0.00376782,0.25196217,0E-8,0.000000,0.899616,0.000000,-0.25555432,2026-04-30,2026-07-25,24,435,233,87,0.275862,0.974631,0.975362,0.096000,,,,,,,,GLOBAL_BASELINE_NO_ENTITY_RANKING,,,NOT_APPLICABLE_GLOBAL_BASELINE,HF9g-P5,,,,X 全窗基线 · 不参与实体赏罚,6870831,688,A168_HF9F_20260827_0900,2026-08-27 09:00:00
2026-05-31,149351693,2123,0,47.0594286008,-15.9693470826,-15.9693470826,0.5000000,2,2,0.49994810000000000,0.499948100000,0.00014679536856514622,0.00014679536856514622,0.00014679536856514622,0E-17,ELIGIBLE,R03b_20260811_FULL_v1,L1_ELIGIBILITY,v2026-08-11,2026-03-21..2026-08-06,baccarat_bet02_101_all_pairs_incl_sentinel,round_win = game_pnl > 0 (decisive only),COMPATIBILITY_ONLY_NOT_PRODUCTION,44544.5453,40072.9644,167.8358,1016,882,-0.00376782,-0.25196217,0.00359216,-0.00376782,-167.8358,44544.5453,OK,0.0000,6.7134,4.0000,96.0000,AG03-UNRESOLVED,ALL5_LEVELS_bet23_to_bet27,6.7134,6.7134,8.3918,8.3918,8.3918,4.000000,4.000000,5.000000,5.000000,5.000000,96.000000,96.000000,95.000000,95.000000,95.000000,5.0,38.6022,35.2192,129.2336,132.6166,PENDING_AG03,FALSE,NOT_FOR_ENFORCEMENT,161.1224,38470.0458,167.8358,161.1224,6.7134,0.00376782,0.00361711,6.7134,161.1224,0.00361711,6.7134,6.7134,8.3918,8.3918,8.3918,161.1224,0.00361711,38.6022,35.2192,129.2336,132.6166,0.00290122,0.00297717,0.00015071,43.8431,45.4342,0.1903,6.9932,0.3858,1856.0227,36.7500,42.7628,43.8759,23.144,38.5733,57.0806,78.5279,103.7829,155.6743,31.1349,-5.1431,2.690537,4.035805,1.136617,24,140,35,5,0.02880006,0.00376782,0.25196217,0E-8,0.000000,0.899616,0.000000,-0.25555432,2026-04-30,2026-07-25,24,435,233,87,0.275862,0.974631,0.975362,0.096000,,,,,,,,GLOBAL_BASELINE_NO_ENTITY_RANKING,,,NOT_APPLICABLE_GLOBAL_BASELINE,HF9g-P5,,,,X 全窗基线 · 不参与实体赏罚,6870832,688,A168_HF9F_20260827_0900,2026-08-27 09:00:00
2026-05-31,149351693,2127,0,247.3834443387,23.8897317870,23.8897317870,0.6000000,9,5,0.46804360622810952,0.390567486667,0.5913359266079724,0.9598828960770283,0.5913359266079724,0.07747611956110952,ELIGIBLE,R03b_20260811_FULL_v1,L1_ELIGIBILITY,v2026-08-11,2026-03-21..2026-08-06,baccarat_bet02_101_all_pairs_incl_sentinel,round_win = game_pnl > 0 (decisive only),COMPATIBILITY_ONLY_NOT_PRODUCTION,44544.5453,40072.9644,167.8358,1016,882,-0.00376782,-0.25196217,0.00359216,-0.00376782,-167.8358,44544.5453,OK,0.0000,6.7134,4.0000,96.0000,AG03-UNRESOLVED,ALL5_LEVELS_bet23_to_bet27,6.7134,6.7134,8.3918,8.3918,8.3918,4.000000,4.000000,5.000000,5.000000,5.000000,96.000000,96.000000,95.000000,95.000000,95.000000,5.0,38.6022,35.2192,129.2336,132.6166,PENDING_AG03,FALSE,NOT_FOR_ENFORCEMENT,161.1224,38470.0458,167.8358,161.1224,6.7134,0.00376782,0.00361711,6.7134,161.1224,0.00361711,6.7134,6.7134,8.3918,8.3918,8.3918,161.1224,0.00361711,38.6022,35.2192,129.2336,132.6166,0.00290122,0.00297717,0.00015071,43.8431,45.4342,0.1903,6.9932,0.3858,1856.0227,36.7500,42.7628,43.8759,23.144,38.5733,57.0806,78.5279,103.7829,155.6743,31.1349,-5.1431,2.690537,4.035805,1.136617,24,140,35,5,0.02880006,0.00376782,0.25196217,0E-8,0.000000,0.899616,0.000000,-0.25555432,2026-04-30,2026-07-25,24,435,233,87,0.275862,0.974631,0.975362,0.096000,,,,,,,,GLOBAL_BASELINE_NO_ENTITY_RANKING,,,NOT_APPLICABLE_GLOBAL_BASELINE,HF9g-P5,,,,X 全窗基线 · 不参与实体赏罚,6870833,688,A168_HF9F_20260827_0900,2026-08-27 09:00:00
2026-05-31,149351693,2151,0,111.5666026672,-111.5666026672,-111.5666026672,0E-7,3,3,0.50665070000000000,0.506650700000,-1.7552447903592512,-1.7552447903592512,-1.7552447903592512,0E-17,ELIGIBLE,R03b_20260811_FULL_v1,L1_ELIGIBILITY,v2026-08-11,2026-03-21..2026-08-06,baccarat_bet02_101_all_pairs_incl_sentinel,round_win = game_pnl > 0 (decisive only),COMPATIBILITY_ONLY_NOT_PRODUCTION,44544.5453,40072.9644,167.8358,1016,882,-0.00376782,-0.25196217,0.00359216,-0.00376782,-167.8358,44544.5453,OK,0.0000,6.7134,4.0000,96.0000,AG03-UNRESOLVED,ALL5_LEVELS_bet23_to_bet27,6.7134,6.7134,8.3918,8.3918,8.3918,4.000000,4.000000,5.000000,5.000000,5.000000,96.000000,96.000000,95.000000,95.000000,95.000000,5.0,38.6022,35.2192,129.2336,132.6166,PENDING_AG03,FALSE,NOT_FOR_ENFORCEMENT,161.1224,38470.0458,167.8358,161.1224,6.7134,0.00376782,0.00361711,6.7134,161.1224,0.00361711,6.7134,6.7134,8.3918,8.3918,8.3918,161.1224,0.00361711,38.6022,35.2192,129.2336,132.6166,0.00290122,0.00297717,0.00015071,43.8431,45.4342,0.1903,6.9932,0.3858,1856.0227,36.7500,42.7628,43.8759,23.144,38.5733,57.0806,78.5279,103.7829,155.6743,31.1349,-5.1431,2.690537,4.035805,1.136617,24,140,35,5,0.02880006,0.00376782,0.25196217,0E-8,0.000000,0.899616,0.000000,-0.25555432,2026-04-30,2026-07-25,24,435,233,87,0.275862,0.974631,0.975362,0.096000,,,,,,,,GLOBAL_BASELINE_NO_ENTITY_RANKING,,,NOT_APPLICABLE_GLOBAL_BASELINE,HF9g-P5,,,,X 全窗基线 · 不参与实体赏罚,6870834,688,A168_HF9F_20260827_0900,2026-08-27 09:00:00
2026-05-31,149351693,2155,0,51.8914431010,-1.2972860775,-1.2972860775,0.5000000,2,2,0.50665070000000000,0.506650700000,-0.018812684590367487,-0.018812684590367487,-0.018812684590367487,0E-17,ELIGIBLE,R03b_20260811_FULL_v1,L1_ELIGIBILITY,v2026-08-11,2026-03-21..2026-08-06,baccarat_bet02_101_all_pairs_incl_sentinel,round_win = game_pnl > 0 (decisive only),COMPATIBILITY_ONLY_NOT_PRODUCTION,44544.5453,40072.9644,167.8358,1016,882,-0.00376782,-0.25196217,0.00359216,-0.00376782,-167.8358,44544.5453,OK,0.0000,6.7134,4.0000,96.0000,AG03-UNRESOLVED,ALL5_LEVELS_bet23_to_bet27,6.7134,6.7134,8.3918,8.3918,8.3918,4.000000,4.000000,5.000000,5.000000,5.000000,96.000000,96.000000,95.000000,95.000000,95.000000,5.0,38.6022,35.2192,129.2336,132.6166,PENDING_AG03,FALSE,NOT_FOR_ENFORCEMENT,161.1224,38470.0458,167.8358,161.1224,6.7134,0.00376782,0.00361711,6.7134,161.1224,0.00361711,6.7134,6.7134,8.3918,8.3918,8.3918,161.1224,0.00361711,38.6022,35.2192,129.2336,132.6166,0.00290122,0.00297717,0.00015071,43.8431,45.4342,0.1903,6.9932,0.3858,1856.0227,36.7500,42.7628,43.8759,23.144,38.5733,57.0806,78.5279,103.7829,155.6743,31.1349,-5.1431,2.690537,4.035805,1.136617,24,140,35,5,0.02880006,0.00376782,0.25196217,0E-8,0.000000,0.899616,0.000000,-0.25555432,2026-04-30,2026-07-25,24,435,233,87,0.275862,0.974631,0.975362,0.096000,,,,,,,,GLOBAL_BASELINE_NO_ENTITY_RANKING,,,NOT_APPLICABLE_GLOBAL_BASELINE,HF9g-P5,,,,X 全窗基线 · 不参与实体赏罚,6870835,688,A168_HF9F_20260827_0900,2026-08-27 09:00:00
2026-05-31,149351693,2196,0,150.4851849930,55.7833013336,55.7833013336,0.7500000,5,5,0.50128862000000000,0.501288620000,0.9948488239810122,0.9948488239810122,0.9948488239810122,0E-17,ELIGIBLE,R03b_20260811_FULL_v1,L1_ELIGIBILITY,v2026-08-11,2026-03-21..2026-08-06,baccarat_bet02_101_all_pairs_incl_sentinel,round_win = game_pnl > 0 (decisive only),COMPATIBILITY_ONLY_NOT_PRODUCTION,44544.5453,40072.9644,167.8358,1016,882,-0.00376782,-0.25196217,0.00359216,-0.00376782,-167.8358,44544.5453,OK,0.0000,6.7134,4.0000,96.0000,AG03-UNRESOLVED,ALL5_LEVELS_bet23_to_bet27,6.7134,6.7134,8.3918,8.3918,8.3918,4.000000,4.000000,5.000000,5.000000,5.000000,96.000000,96.000000,95.000000,95.000000,95.000000,5.0,38.6022,35.2192,129.2336,132.6166,PENDING_AG03,FALSE,NOT_FOR_ENFORCEMENT,161.1224,38470.0458,167.8358,161.1224,6.7134,0.00376782,0.00361711,6.7134,161.1224,0.00361711,6.7134,6.7134,8.3918,8.3918,8.3918,161.1224,0.00361711,38.6022,35.2192,129.2336,132.6166,0.00290122,0.00297717,0.00015071,43.8431,45.4342,0.1903,6.9932,0.3858,1856.0227,36.7500,42.7628,43.8759,23.144,38.5733,57.0806,78.5279,103.7829,155.6743,31.1349,-5.1431,2.690537,4.035805,1.136617,24,140,35,5,0.02880006,0.00376782,0.25196217,0E-8,0.000000,0.899616,0.000000,-0.25555432,2026-04-30,2026-07-25,24,435,233,87,0.275862,0.974631,0.975362,0.096000,,,,,,,,GLOBAL_BASELINE_NO_ENTITY_RANKING,,,NOT_APPLICABLE_GLOBAL_BASELINE,HF9g-P5,,,,X 全窗基线 · 不参与实体赏罚,6870836,688,A168_HF9F_20260827_0900,2026-08-27 09:00:00
2026-05-31,149351693,2201,0,127.8062077301,-52.5882685731,-52.5882685731,0.3333333,3,3,0.50218230000000000,0.502182300000,-0.5849155494134425,-0.5849155494134426,-0.5849155494134425,0E-17,ELIGIBLE,R03b_20260811_FULL_v1,L1_ELIGIBILITY,v2026-08-11,2026-03-21..2026-08-06,baccarat_bet02_101_all_pairs_incl_sentinel,round_win = game_pnl > 0 (decisive only),COMPATIBILITY_ONLY_NOT_PRODUCTION,44544.5453,40072.9644,167.8358,1016,882,-0.00376782,-0.25196217,0.00359216,-0.00376782,-167.8358,44544.5453,OK,0.0000,6.7134,4.0000,96.0000,AG03-UNRESOLVED,ALL5_LEVELS_bet23_to_bet27,6.7134,6.7134,8.3918,8.3918,8.3918,4.000000,4.000000,5.000000,5.000000,5.000000,96.000000,96.000000,95.000000,95.000000,95.000000,5.0,38.6022,35.2192,129.2336,132.6166,PENDING_AG03,FALSE,NOT_FOR_ENFORCEMENT,161.1224,38470.0458,167.8358,161.1224,6.7134,0.00376782,0.00361711,6.7134,161.1224,0.00361711,6.7134,6.7134,8.3918,8.3918,8.3918,161.1224,0.00361711,38.6022,35.2192,129.2336,132.6166,0.00290122,0.00297717,0.00015071,43.8431,45.4342,0.1903,6.9932,0.3858,1856.0227,36.7500,42.7628,43.8759,23.144,38.5733,57.0806,78.5279,103.7829,155.6743,31.1349,-5.1431,2.690537,4.035805,1.136617,24,140,35,5,0.02880006,0.00376782,0.25196217,0E-8,0.000000,0.899616,0.000000,-0.25555432,2026-04-30,2026-07-25,24,435,233,87,0.275862,0.974631,0.975362,0.096000,,,,,,,,GLOBAL_BASELINE_NO_ENTITY_RANKING,,,NOT_APPLICABLE_GLOBAL_BASELINE,HF9g-P5,,,,X 全窗基线 · 不参与实体赏罚,6870837,688,A168_HF9F_20260827_0900,2026-08-27 09:00:00
2026-05-31,149351693,2205,0,102.8621390182,48.8595160336,48.8595160336,1.0000000,2,2,0.50665070000000000,0.506650700000,0.9867858985152569,0.9867858985152569,0.9867858985152569,0E-17,ELIGIBLE,R03b_20260811_FULL_v1,L1_ELIGIBILITY,v2026-08-11,2026-03-21..2026-08-06,baccarat_bet02_101_all_pairs_incl_sentinel,round_win = game_pnl > 0 (decisive only),COMPATIBILITY_ONLY_NOT_PRODUCTION,44544.5453,40072.9644,167.8358,1016,882,-0.00376782,-0.25196217,0.00359216,-0.00376782,-167.8358,44544.5453,OK,0.0000,6.7134,4.0000,96.0000,AG03-UNRESOLVED,ALL5_LEVELS_bet23_to_bet27,6.7134,6.7134,8.3918,8.3918,8.3918,4.000000,4.000000,5.000000,5.000000,5.000000,96.000000,96.000000,95.000000,95.000000,95.000000,5.0,38.6022,35.2192,129.2336,132.6166,PENDING_AG03,FALSE,NOT_FOR_ENFORCEMENT,161.1224,38470.0458,167.8358,161.1224,6.7134,0.00376782,0.00361711,6.7134,161.1224,0.00361711,6.7134,6.7134,8.3918,8.3918,8.3918,161.1224,0.00361711,38.6022,35.2192,129.2336,132.6166,0.00290122,0.00297717,0.00015071,43.8431,45.4342,0.1903,6.9932,0.3858,1856.0227,36.7500,42.7628,43.8759,23.144,38.5733,57.0806,78.5279,103.7829,155.6743,31.1349,-5.1431,2.690537,4.035805,1.136617,24,140,35,5,0.02880006,0.00376782,0.25196217,0E-8,0.000000,0.899616,0.000000,-0.25555432,2026-04-30,2026-07-25,24,435,233,87,0.275862,0.974631,0.975362,0.096000,,,,,,,,GLOBAL_BASELINE_NO_ENTITY_RANKING,,,NOT_APPLICABLE_GLOBAL_BASELINE,HF9g-P5,,,,X 全窗基线 · 不参与实体赏罚,6870838,688,A168_HF9F_20260827_0900,2026-08-27 09:00:00
2026-05-31,149351693,2209,0,18.1620050854,17.2539048311,17.2539048311,1.0000000,1,1,0.50665070000000000,0.506650700000,0.9867858985152569,0.9867858985152569,0.9867858985152569,0E-17,ELIGIBLE,R03b_20260811_FULL_v1,L1_ELIGIBILITY,v2026-08-11,2026-03-21..2026-08-06,baccarat_bet02_101_all_pairs_incl_sentinel,round_win = game_pnl > 0 (decisive only),COMPATIBILITY_ONLY_NOT_PRODUCTION,44544.5453,40072.9644,167.8358,1016,882,-0.00376782,-0.25196217,0.00359216,-0.00376782,-167.8358,44544.5453,OK,0.0000,6.7134,4.0000,96.0000,AG03-UNRESOLVED,ALL5_LEVELS_bet23_to_bet27,6.7134,6.7134,8.3918,8.3918,8.3918,4.000000,4.000000,5.000000,5.000000,5.000000,96.000000,96.000000,95.000000,95.000000,95.000000,5.0,38.6022,35.2192,129.2336,132.6166,PENDING_AG03,FALSE,NOT_FOR_ENFORCEMENT,161.1224,38470.0458,167.8358,161.1224,6.7134,0.00376782,0.00361711,6.7134,161.1224,0.00361711,6.7134,6.7134,8.3918,8.3918,8.3918,161.1224,0.00361711,38.6022,35.2192,129.2336,132.6166,0.00290122,0.00297717,0.00015071,43.8431,45.4342,0.1903,6.9932,0.3858,1856.0227,36.7500,42.7628,43.8759,23.144,38.5733,57.0806,78.5279,103.7829,155.6743,31.1349,-5.1431,2.690537,4.035805,1.136617,24,140,35,5,0.02880006,0.00376782,0.25196217,0E-8,0.000000,0.899616,0.000000,-0.25555432,2026-04-30,2026-07-25,24,435,233,87,0.275862,0.974631,0.975362,0.096000,,,,,,,,GLOBAL_BASELINE_NO_ENTITY_RANKING,,,NOT_APPLICABLE_GLOBAL_BASELINE,HF9g-P5,,,,X 全窗基线 · 不参与实体赏罚,6870839,688,A168_HF9F_20260827_0900,2026-08-27 09:00:00
2026-05-31,149351693,2212,0,25.9457215505,-25.9457215505,-25.9457215505,0E-7,1,1,0.49324550000000000,0.493245500000,-0.9865810262130424,-0.9865810262130424,-0.9865810262130424,0E-17,ELIGIBLE,R03b_20260811_FULL_v1,L1_ELIGIBILITY,v2026-08-11,2026-03-21..2026-08-06,baccarat_bet02_101_all_pairs_incl_sentinel,round_win = game_pnl > 0 (decisive only),COMPATIBILITY_ONLY_NOT_PRODUCTION,44544.5453,40072.9644,167.8358,1016,882,-0.00376782,-0.25196217,0.00359216,-0.00376782,-167.8358,44544.5453,OK,0.0000,6.7134,4.0000,96.0000,AG03-UNRESOLVED,ALL5_LEVELS_bet23_to_bet27,6.7134,6.7134,8.3918,8.3918,8.3918,4.000000,4.000000,5.000000,5.000000,5.000000,96.000000,96.000000,95.000000,95.000000,95.000000,5.0,38.6022,35.2192,129.2336,132.6166,PENDING_AG03,FALSE,NOT_FOR_ENFORCEMENT,161.1224,38470.0458,167.8358,161.1224,6.7134,0.00376782,0.00361711,6.7134,161.1224,0.00361711,6.7134,6.7134,8.3918,8.3918,8.3918,161.1224,0.00361711,38.6022,35.2192,129.2336,132.6166,0.00290122,0.00297717,0.00015071,43.8431,45.4342,0.1903,6.9932,0.3858,1856.0227,36.7500,42.7628,43.8759,23.144,38.5733,57.0806,78.5279,103.7829,155.6743,31.1349,-5.1431,2.690537,4.035805,1.136617,24,140,35,5,0.02880006,0.00376782,0.25196217,0E-8,0.000000,0.899616,0.000000,-0.25555432,2026-04-30,2026-07-25,24,435,233,87,0.275862,0.974631,0.975362,0.096000,,,,,,,,GLOBAL_BASELINE_NO_ENTITY_RANKING,,,NOT_APPLICABLE_GLOBAL_BASELINE,HF9g-P5,,,,X 全窗基线 · 不参与实体赏罚,6870840,688,A168_HF9F_20260827_0900,2026-08-27 09:00:00
2026-05-31,149351693,2218,0,290.5920813658,194.5929116288,194.5929116288,1.0000000,16,8,0.44572480111108742,0.359871033334,2.7315235457950946,3.2669005931241815,2.7315235457950946,0.08585376777708742,ELIGIBLE,R03b_20260811_FULL_v1,L1_ELIGIBILITY,v2026-08-11,2026-03-21..2026-08-06,baccarat_bet02_101_all_pairs_incl_sentinel,round_win = game_pnl > 0 (decisive only),COMPATIBILITY_ONLY_NOT_PRODUCTION,44544.5453,40072.9644,167.8358,1016,882,-0.00376782,-0.25196217,0.00359216,-0.00376782,-167.8358,44544.5453,OK,0.0000,6.7134,4.0000,96.0000,AG03-UNRESOLVED,ALL5_LEVELS_bet23_to_bet27,6.7134,6.7134,8.3918,8.3918,8.3918,4.000000,4.000000,5.000000,5.000000,5.000000,96.000000,96.000000,95.000000,95.000000,95.000000,5.0,38.6022,35.2192,129.2336,132.6166,PENDING_AG03,FALSE,NOT_FOR_ENFORCEMENT,161.1224,38470.0458,167.8358,161.1224,6.7134,0.00376782,0.00361711,6.7134,161.1224,0.00361711,6.7134,6.7134,8.3918,8.3918,8.3918,161.1224,0.00361711,38.6022,35.2192,129.2336,132.6166,0.00290122,0.00297717,0.00015071,43.8431,45.4342,0.1903,6.9932,0.3858,1856.0227,36.7500,42.7628,43.8759,23.144,38.5733,57.0806,78.5279,103.7829,155.6743,31.1349,-5.1431,2.690537,4.035805,1.136617,24,140,35,5,0.02880006,0.00376782,0.25196217,0E-8,0.000000,0.899616,0.000000,-0.25555432,2026-04-30,2026-07-25,24,435,233,87,0.275862,0.974631,0.975362,0.096000,,,,,,,,GLOBAL_BASELINE_NO_ENTITY_RANKING,,,NOT_APPLICABLE_GLOBAL_BASELINE,HF9g-P5,,,,X 全窗基线 · 不参与实体赏罚,6870841,688,A168_HF9F_20260827_0900,2026-08-27 09:00:00
2026-05-31,149351693,2222,0,84.8612646900,-84.8612646900,-84.8612646900,0E-7,2,2,0.50665070000000000,0.506650700000,-1.4331513700195317,-1.4331513700195317,-1.4331513700195317,0E-17,ELIGIBLE,R03b_20260811_FULL_v1,L1_ELIGIBILITY,v2026-08-11,2026-03-21..2026-08-06,baccarat_bet02_101_all_pairs_incl_sentinel,round_win = game_pnl > 0 (decisive only),COMPATIBILITY_ONLY_NOT_PRODUCTION,44544.5453,40072.9644,167.8358,1016,882,-0.00376782,-0.25196217,0.00359216,-0.00376782,-167.8358,44544.5453,OK,0.0000,6.7134,4.0000,96.0000,AG03-UNRESOLVED,ALL5_LEVELS_bet23_to_bet27,6.7134,6.7134,8.3918,8.3918,8.3918,4.000000,4.000000,5.000000,5.000000,5.000000,96.000000,96.000000,95.000000,95.000000,95.000000,5.0,38.6022,35.2192,129.2336,132.6166,PENDING_AG03,FALSE,NOT_FOR_ENFORCEMENT,161.1224,38470.0458,167.8358,161.1224,6.7134,0.00376782,0.00361711,6.7134,161.1224,0.00361711,6.7134,6.7134,8.3918,8.3918,8.3918,161.1224,0.00361711,38.6022,35.2192,129.2336,132.6166,0.00290122,0.00297717,0.00015071,43.8431,45.4342,0.1903,6.9932,0.3858,1856.0227,36.7500,42.7628,43.8759,23.144,38.5733,57.0806,78.5279,103.7829,155.6743,31.1349,-5.1431,2.690537,4.035805,1.136617,24,140,35,5,0.02880006,0.00376782,0.25196217,0E-8,0.000000,0.899616,0.000000,-0.25555432,2026-04-30,2026-07-25,24,435,233,87,0.275862,0.974631,0.975362,0.096000,,,,,,,,GLOBAL_BASELINE_NO_ENTITY_RANKING,,,NOT_APPLICABLE_GLOBAL_BASELINE,HF9g-P5,,,,X 全窗基线 · 不参与实体赏罚,6870842,688,A168_HF9F_20260827_0900,2026-08-27 09:00:00
2026-05-31,149351693,2229,0,69.4319438373,5.7859953197,5.7859953197,0.5000000,2,2,0.50665070000000000,0.506650700000,-0.018812684590367487,-0.018812684590367487,-0.018812684590367487,0E-17,ELIGIBLE,R03b_20260811_FULL_v1,L1_ELIGIBILITY,v2026-08-11,2026-03-21..2026-08-06,baccarat_bet02_101_all_pairs_incl_sentinel,round_win = game_pnl > 0 (decisive only),COMPATIBILITY_ONLY_NOT_PRODUCTION,44544.5453,40072.9644,167.8358,1016,882,-0.00376782,-0.25196217,0.00359216,-0.00376782,-167.8358,44544.5453,OK,0.0000,6.7134,4.0000,96.0000,AG03-UNRESOLVED,ALL5_LEVELS_bet23_to_bet27,6.7134,6.7134,8.3918,8.3918,8.3918,4.000000,4.000000,5.000000,5.000000,5.000000,96.000000,96.000000,95.000000,95.000000,95.000000,5.0,38.6022,35.2192,129.2336,132.6166,PENDING_AG03,FALSE,NOT_FOR_ENFORCEMENT,161.1224,38470.0458,167.8358,161.1224,6.7134,0.00376782,0.00361711,6.7134,161.1224,0.00361711,6.7134,6.7134,8.3918,8.3918,8.3918,161.1224,0.00361711,38.6022,35.2192,129.2336,132.6166,0.00290122,0.00297717,0.00015071,43.8431,45.4342,0.1903,6.9932,0.3858,1856.0227,36.7500,42.7628,43.8759,23.144,38.5733,57.0806,78.5279,103.7829,155.6743,31.1349,-5.1431,2.690537,4.035805,1.136617,24,140,35,5,0.02880006,0.00376782,0.25196217,0E-8,0.000000,0.899616,0.000000,-0.25555432,2026-04-30,2026-07-25,24,435,233,87,0.275862,0.974631,0.975362,0.096000,,,,,,,,GLOBAL_BASELINE_NO_ENTITY_RANKING,,,NOT_APPLICABLE_GLOBAL_BASELINE,HF9g-P5,,,,X 全窗基线 · 不参与实体赏罚,6870843,688,A168_HF9F_20260827_0900,2026-08-27 09:00:00
2026-05-31,149351693,2242,0,181.6167815340,-146.2008716175,-146.2008716175,0.2500000,4,4,0.50665070000000000,0.506650700000,-1.0266936290537745,-1.0266936290537745,-1.0266936290537745,0E-17,ELIGIBLE,R03b_20260811_FULL_v1,L1_ELIGIBILITY,v2026-08-11,2026-03-21..2026-08-06,baccarat_bet02_101_all_pairs_incl_sentinel,round_win = game_pnl > 0 (decisive only),COMPATIBILITY_ONLY_NOT_PRODUCTION,44544.5453,40072.9644,167.8358,1016,882,-0.00376782,-0.25196217,0.00359216,-0.00376782,-167.8358,44544.5453,OK,0.0000,6.7134,4.0000,96.0000,AG03-UNRESOLVED,ALL5_LEVELS_bet23_to_bet27,6.7134,6.7134,8.3918,8.3918,8.3918,4.000000,4.000000,5.000000,5.000000,5.000000,96.000000,96.000000,95.000000,95.000000,95.000000,5.0,38.6022,35.2192,129.2336,132.6166,PENDING_AG03,FALSE,NOT_FOR_ENFORCEMENT,161.1224,38470.0458,167.8358,161.1224,6.7134,0.00376782,0.00361711,6.7134,161.1224,0.00361711,6.7134,6.7134,8.3918,8.3918,8.3918,161.1224,0.00361711,38.6022,35.2192,129.2336,132.6166,0.00290122,0.00297717,0.00015071,43.8431,45.4342,0.1903,6.9932,0.3858,1856.0227,36.7500,42.7628,43.8759,23.144,38.5733,57.0806,78.5279,103.7829,155.6743,31.1349,-5.1431,2.690537,4.035805,1.136617,24,140,35,5,0.02880006,0.00376782,0.25196217,0E-8,0.000000,0.899616,0.000000,-0.25555432,2026-04-30,2026-07-25,24,435,233,87,0.275862,0.974631,0.975362,0.096000,,,,,,,,GLOBAL_BASELINE_NO_ENTITY_RANKING,,,NOT_APPLICABLE_GLOBAL_BASELINE,HF9g-P5,,,,X 全窗基线 · 不参与实体赏罚,6870844,688,A168_HF9F_20260827_0900,2026-08-27 09:00:00
2026-05-31,149351693,2251,0,232.9827448760,106.1280119321,106.1280119321,0.7500000,9,9,0.50367176666666667,0.503671766667,1.3934804874550164,1.3934804874531377,1.3934804874550164,-3.3333E-13,ELIGIBLE,R03b_20260811_FULL_v1,L1_ELIGIBILITY,v2026-08-11,2026-03-21..2026-08-06,baccarat_bet02_101_all_pairs_incl_sentinel,round_win = game_pnl > 0 (decisive only),COMPATIBILITY_ONLY_NOT_PRODUCTION,44544.5453,40072.9644,167.8358,1016,882,-0.00376782,-0.25196217,0.00359216,-0.00376782,-167.8358,44544.5453,OK,0.0000,6.7134,4.0000,96.0000,AG03-UNRESOLVED,ALL5_LEVELS_bet23_to_bet27,6.7134,6.7134,8.3918,8.3918,8.3918,4.000000,4.000000,5.000000,5.000000,5.000000,96.000000,96.000000,95.000000,95.000000,95.000000,5.0,38.6022,35.2192,129.2336,132.6166,PENDING_AG03,FALSE,NOT_FOR_ENFORCEMENT,161.1224,38470.0458,167.8358,161.1224,6.7134,0.00376782,0.00361711,6.7134,161.1224,0.00361711,6.7134,6.7134,8.3918,8.3918,8.3918,161.1224,0.00361711,38.6022,35.2192,129.2336,132.6166,0.00290122,0.00297717,0.00015071,43.8431,45.4342,0.1903,6.9932,0.3858,1856.0227,36.7500,42.7628,43.8759,23.144,38.5733,57.0806,78.5279,103.7829,155.6743,31.1349,-5.1431,2.690537,4.035805,1.136617,24,140,35,5,0.02880006,0.00376782,0.25196217,0E-8,0.000000,0.899616,0.000000,-0.25555432,2026-04-30,2026-07-25,24,435,233,87,0.275862,0.974631,0.975362,0.096000,,,,,,,,GLOBAL_BASELINE_NO_ENTITY_RANKING,,,NOT_APPLICABLE_GLOBAL_BASELINE,HF9g-P5,,,,X 全窗基线 · 不参与实体赏罚,6870845,688,A168_HF9F_20260827_0900,2026-08-27 09:00:00
2026-05-31,149351693,2252,0,119.3503191324,-62.2697317213,-62.2697317213,0E-7,5,5,0.50396966000000000,0.503969660000,-1.7458571371871967,-1.745857137187197,-1.7458571371871967,0E-17,ELIGIBLE,R03b_20260811_FULL_v1,L1_ELIGIBILITY,v2026-08-11,2026-03-21..2026-08-06,baccarat_bet02_101_all_pairs_incl_sentinel,round_win = game_pnl > 0 (decisive only),COMPATIBILITY_ONLY_NOT_PRODUCTION,44544.5453,40072.9644,167.8358,1016,882,-0.00376782,-0.25196217,0.00359216,-0.00376782,-167.8358,44544.5453,OK,0.0000,6.7134,4.0000,96.0000,AG03-UNRESOLVED,ALL5_LEVELS_bet23_to_bet27,6.7134,6.7134,8.3918,8.3918,8.3918,4.000000,4.000000,5.000000,5.000000,5.000000,96.000000,96.000000,95.000000,95.000000,95.000000,5.0,38.6022,35.2192,129.2336,132.6166,PENDING_AG03,FALSE,NOT_FOR_ENFORCEMENT,161.1224,38470.0458,167.8358,161.1224,6.7134,0.00376782,0.00361711,6.7134,161.1224,0.00361711,6.7134,6.7134,8.3918,8.3918,8.3918,161.1224,0.00361711,38.6022,35.2192,129.2336,132.6166,0.00290122,0.00297717,0.00015071,43.8431,45.4342,0.1903,6.9932,0.3858,1856.0227,36.7500,42.7628,43.8759,23.144,38.5733,57.0806,78.5279,103.7829,155.6743,31.1349,-5.1431,2.690537,4.035805,1.136617,24,140,35,5,0.02880006,0.00376782,0.25196217,0E-8,0.000000,0.899616,0.000000,-0.25555432,2026-04-30,2026-07-25,24,435,233,87,0.275862,0.974631,0.975362,0.096000,,,,,,,,GLOBAL_BASELINE_NO_ENTITY_RANKING,,,NOT_APPLICABLE_GLOBAL_BASELINE,HF9g-P5,,,,X 全窗基线 · 不参与实体赏罚,6870846,688,A168_HF9F_20260827_0900,2026-08-27 09:00:00
2026-05-31,149351693,2254,0,27.0013114923,25.6512459177,25.6512459177,1.0000000,1,1,0.50665070000000000,0.506650700000,0.9867858985152569,0.9867858985152569,0.9867858985152569,0E-17,ELIGIBLE,R03b_20260811_FULL_v1,L1_ELIGIBILITY,v2026-08-11,2026-03-21..2026-08-06,baccarat_bet02_101_all_pairs_incl_sentinel,round_win = game_pnl > 0 (decisive only),COMPATIBILITY_ONLY_NOT_PRODUCTION,44544.5453,40072.9644,167.8358,1016,882,-0.00376782,-0.25196217,0.00359216,-0.00376782,-167.8358,44544.5453,OK,0.0000,6.7134,4.0000,96.0000,AG03-UNRESOLVED,ALL5_LEVELS_bet23_to_bet27,6.7134,6.7134,8.3918,8.3918,8.3918,4.000000,4.000000,5.000000,5.000000,5.000000,96.000000,96.000000,95.000000,95.000000,95.000000,5.0,38.6022,35.2192,129.2336,132.6166,PENDING_AG03,FALSE,NOT_FOR_ENFORCEMENT,161.1224,38470.0458,167.8358,161.1224,6.7134,0.00376782,0.00361711,6.7134,161.1224,0.00361711,6.7134,6.7134,8.3918,8.3918,8.3918,161.1224,0.00361711,38.6022,35.2192,129.2336,132.6166,0.00290122,0.00297717,0.00015071,43.8431,45.4342,0.1903,6.9932,0.3858,1856.0227,36.7500,42.7628,43.8759,23.144,38.5733,57.0806,78.5279,103.7829,155.6743,31.1349,-5.1431,2.690537,4.035805,1.136617,24,140,35,5,0.02880006,0.00376782,0.25196217,0E-8,0.000000,0.899616,0.000000,-0.25555432,2026-04-30,2026-07-25,24,435,233,87,0.275862,0.974631,0.975362,0.096000,,,,,,,,GLOBAL_BASELINE_NO_ENTITY_RANKING,,,NOT_APPLICABLE_GLOBAL_BASELINE,HF9g-P5,,,,X 全窗基线 · 不参与实体赏罚,6870847,688,A168_HF9F_20260827_0900,2026-08-27 09:00:00
2026-05-31,149351693,462,0,155.6743293031,151.7824710705,151.7824710705,1.0000000,7,7,0.50090561428571429,0.500905614286,2.6409635826057865,2.640963582604278,2.6409635826057865,-2.8571E-13,ELIGIBLE,R03b_20260811_FULL_v1,L1_ELIGIBILITY,v2026-08-11,2026-03-21..2026-08-06,baccarat_bet02_101_all_pairs_incl_sentinel,round_win = game_pnl > 0 (decisive only),COMPATIBILITY_ONLY_NOT_PRODUCTION,44544.5453,40072.9644,167.8358,1016,882,-0.00376782,-0.25196217,0.00359216,-0.00376782,-167.8358,44544.5453,OK,0.0000,6.7134,4.0000,96.0000,AG03-UNRESOLVED,ALL5_LEVELS_bet23_to_bet27,6.7134,6.7134,8.3918,8.3918,8.3918,4.000000,4.000000,5.000000,5.000000,5.000000,96.000000,96.000000,95.000000,95.000000,95.000000,5.0,38.6022,35.2192,129.2336,132.6166,PENDING_AG03,FALSE,NOT_FOR_ENFORCEMENT,161.1224,38470.0458,167.8358,161.1224,6.7134,0.00376782,0.00361711,6.7134,161.1224,0.00361711,6.7134,6.7134,8.3918,8.3918,8.3918,161.1224,0.00361711,38.6022,35.2192,129.2336,132.6166,0.00290122,0.00297717,0.00015071,43.8431,45.4342,0.1903,6.9932,0.3858,1856.0227,36.7500,42.7628,43.8759,23.144,38.5733,57.0806,78.5279,103.7829,155.6743,31.1349,-5.1431,2.690537,4.035805,1.136617,24,140,35,5,0.02880006,0.00376782,0.25196217,0E-8,0.000000,0.899616,0.000000,-0.25555432,2026-04-30,2026-07-25,24,435,233,87,0.275862,0.974631,0.975362,0.096000,,,,,,,,GLOBAL_BASELINE_NO_ENTITY_RANKING,,,NOT_APPLICABLE_GLOBAL_BASELINE,HF9g-P5,,,,X 全窗基线 · 不参与实体赏罚,6870848,688,A168_HF9F_20260827_0900,2026-08-27 09:00:00
2026-05-31,149351693,529,0,374.2675437804,100.9812413414,100.9812413414,0.5454545,12,12,0.50441650000000000,0.504416500000,0.27222621781358125,0.27222621781358125,0.27222621781358125,0E-17,ELIGIBLE,R03b_20260811_FULL_v1,L1_ELIGIBILITY,v2026-08-11,2026-03-21..2026-08-06,baccarat_bet02_101_all_pairs_incl_sentinel,round_win = game_pnl > 0 (decisive only),COMPATIBILITY_ONLY_NOT_PRODUCTION,44544.5453,40072.9644,167.8358,1016,882,-0.00376782,-0.25196217,0.00359216,-0.00376782,-167.8358,44544.5453,OK,0.0000,6.7134,4.0000,96.0000,AG03-UNRESOLVED,ALL5_LEVELS_bet23_to_bet27,6.7134,6.7134,8.3918,8.3918,8.3918,4.000000,4.000000,5.000000,5.000000,5.000000,96.000000,96.000000,95.000000,95.000000,95.000000,5.0,38.6022,35.2192,129.2336,132.6166,PENDING_AG03,FALSE,NOT_FOR_ENFORCEMENT,161.1224,38470.0458,167.8358,161.1224,6.7134,0.00376782,0.00361711,6.7134,161.1224,0.00361711,6.7134,6.7134,8.3918,8.3918,8.3918,161.1224,0.00361711,38.6022,35.2192,129.2336,132.6166,0.00290122,0.00297717,0.00015071,43.8431,45.4342,0.1903,6.9932,0.3858,1856.0227,36.7500,42.7628,43.8759,23.144,38.5733,57.0806,78.5279,103.7829,155.6743,31.1349,-5.1431,2.690537,4.035805,1.136617,24,140,35,5,0.02880006,0.00376782,0.25196217,0E-8,0.000000,0.899616,0.000000,-0.25555432,2026-04-30,2026-07-25,24,435,233,87,0.275862,0.974631,0.975362,0.096000,,,,,,,,GLOBAL_BASELINE_NO_ENTITY_RANKING,,,NOT_APPLICABLE_GLOBAL_BASELINE,HF9g-P5,,,,X 全窗基线 · 不参与实体赏罚,6870849,688,A168_HF9F_20260827_0900,2026-08-27 09:00:00
2026-05-31,149351693,789,0,63.8264750143,25.2192413471,25.2192413471,0.5000000,2,2,0.50665070000000000,0.506650700000,-0.018812684590367487,-0.018812684590367487,-0.018812684590367487,0E-17,ELIGIBLE,R03b_20260811_FULL_v1,L1_ELIGIBILITY,v2026-08-11,2026-03-21..2026-08-06,baccarat_bet02_101_all_pairs_incl_sentinel,round_win = game_pnl > 0 (decisive only),COMPATIBILITY_ONLY_NOT_PRODUCTION,44544.5453,40072.9644,167.8358,1016,882,-0.00376782,-0.25196217,0.00359216,-0.00376782,-167.8358,44544.5453,OK,0.0000,6.7134,4.0000,96.0000,AG03-UNRESOLVED,ALL5_LEVELS_bet23_to_bet27,6.7134,6.7134,8.3918,8.3918,8.3918,4.000000,4.000000,5.000000,5.000000,5.000000,96.000000,96.000000,95.000000,95.000000,95.000000,5.0,38.6022,35.2192,129.2336,132.6166,PENDING_AG03,FALSE,NOT_FOR_ENFORCEMENT,161.1224,38470.0458,167.8358,161.1224,6.7134,0.00376782,0.00361711,6.7134,161.1224,0.00361711,6.7134,6.7134,8.3918,8.3918,8.3918,161.1224,0.00361711,38.6022,35.2192,129.2336,132.6166,0.00290122,0.00297717,0.00015071,43.8431,45.4342,0.1903,6.9932,0.3858,1856.0227,36.7500,42.7628,43.8759,23.144,38.5733,57.0806,78.5279,103.7829,155.6743,31.1349,-5.1431,2.690537,4.035805,1.136617,24,140,35,5,0.02880006,0.00376782,0.25196217,0E-8,0.000000,0.899616,0.000000,-0.25555432,2026-04-30,2026-07-25,24,435,233,87,0.275862,0.974631,0.975362,0.096000,,,,,,,,GLOBAL_BASELINE_NO_ENTITY_RANKING,,,NOT_APPLICABLE_GLOBAL_BASELINE,HF9g-P5,,,,X 全窗基线 · 不参与实体赏罚,6870850,688,A168_HF9F_20260827_0900,2026-08-27 09:00:00
2026-05-31,149351693,919,0,1066.1660709230,-142.4640625400,-142.4640625400,0.4545455,41,23,0.46628824692691223,0.385073655797,-0.11040839713314277,0.669632356440081,-0.11040839713314277,0.08121459112991223,ELIGIBLE,R03b_20260811_FULL_v1,L1_ELIGIBILITY,v2026-08-11,2026-03-21..2026-08-06,baccarat_bet02_101_all_pairs_incl_sentinel,round_win = game_pnl > 0 (decisive only),COMPATIBILITY_ONLY_NOT_PRODUCTION,44544.5453,40072.9644,167.8358,1016,882,-0.00376782,-0.25196217,0.00359216,-0.00376782,-167.8358,44544.5453,OK,0.0000,6.7134,4.0000,96.0000,AG03-UNRESOLVED,ALL5_LEVELS_bet23_to_bet27,6.7134,6.7134,8.3918,8.3918,8.3918,4.000000,4.000000,5.000000,5.000000,5.000000,96.000000,96.000000,95.000000,95.000000,95.000000,5.0,38.6022,35.2192,129.2336,132.6166,PENDING_AG03,FALSE,NOT_FOR_ENFORCEMENT,161.1224,38470.0458,167.8358,161.1224,6.7134,0.00376782,0.00361711,6.7134,161.1224,0.00361711,6.7134,6.7134,8.3918,8.3918,8.3918,161.1224,0.00361711,38.6022,35.2192,129.2336,132.6166,0.00290122,0.00297717,0.00015071,43.8431,45.4342,0.1903,6.9932,0.3858,1856.0227,36.7500,42.7628,43.8759,23.144,38.5733,57.0806,78.5279,103.7829,155.6743,31.1349,-5.1431,2.690537,4.035805,1.136617,24,140,35,5,0.02880006,0.00376782,0.25196217,0E-8,0.000000,0.899616,0.000000,-0.25555432,2026-04-30,2026-07-25,24,435,233,87,0.275862,0.974631,0.975362,0.096000,,,,,,,,GLOBAL_BASELINE_NO_ENTITY_RANKING,,,NOT_APPLICABLE_GLOBAL_BASELINE,HF9g-P5,,,,X 全窗基线 · 不参与实体赏罚,6870851,688,A168_HF9F_20260827_0900,2026-08-27 09:00:00
2026-05-31,149351693,948,0,25.9457215505,0E-10,0E-10,,1,1,0.50665070000000000,0.506650700000,,,,0E-17,NO_DECISIVE_ROUND,R03b_20260811_FULL_v1,L1_ELIGIBILITY,v2026-08-11,2026-03-21..2026-08-06,baccarat_bet02_101_all_pairs_incl_sentinel,round_win = game_pnl > 0 (decisive only),COMPATIBILITY_ONLY_NOT_PRODUCTION,44544.5453,40072.9644,167.8358,1016,882,-0.00376782,-0.25196217,0.00359216,-0.00376782,-167.8358,44544.5453,OK,0.0000,6.7134,4.0000,96.0000,AG03-UNRESOLVED,ALL5_LEVELS_bet23_to_bet27,6.7134,6.7134,8.3918,8.3918,8.3918,4.000000,4.000000,5.000000,5.000000,5.000000,96.000000,96.000000,95.000000,95.000000,95.000000,5.0,38.6022,35.2192,129.2336,132.6166,PENDING_AG03,FALSE,NOT_FOR_ENFORCEMENT,161.1224,38470.0458,167.8358,161.1224,6.7134,0.00376782,0.00361711,6.7134,161.1224,0.00361711,6.7134,6.7134,8.3918,8.3918,8.3918,161.1224,0.00361711,38.6022,35.2192,129.2336,132.6166,0.00290122,0.00297717,0.00015071,43.8431,45.4342,0.1903,6.9932,0.3858,1856.0227,36.7500,42.7628,43.8759,23.144,38.5733,57.0806,78.5279,103.7829,155.6743,31.1349,-5.1431,2.690537,4.035805,1.136617,24,140,35,5,0.02880006,0.00376782,0.25196217,0E-8,0.000000,0.899616,0.000000,-0.25555432,2026-04-30,2026-07-25,24,435,233,87,0.275862,0.974631,0.975362,0.096000,,,,,,,,GLOBAL_BASELINE_NO_ENTITY_RANKING,,,NOT_APPLICABLE_GLOBAL_BASELINE,HF9g-P5,,,,X 全窗基线 · 不参与实体赏罚,6870852,688,A168_HF9F_20260827_0900,2026-08-27 09:00:00
2026-05-31,149351693,970,0,288.0139892509,-120.8630133463,-120.8630133463,0.2000000,8,6,0.49240070555557503,0.456353322222,-1.3078067670943896,-1.1508400700384518,-1.3078067670943896,0.03604738333357503,ELIGIBLE,R03b_20260811_FULL_v1,L1_ELIGIBILITY,v2026-08-11,2026-03-21..2026-08-06,baccarat_bet02_101_all_pairs_incl_sentinel,round_win = game_pnl > 0 (decisive only),COMPATIBILITY_ONLY_NOT_PRODUCTION,44544.5453,40072.9644,167.8358,1016,882,-0.00376782,-0.25196217,0.00359216,-0.00376782,-167.8358,44544.5453,OK,0.0000,6.7134,4.0000,96.0000,AG03-UNRESOLVED,ALL5_LEVELS_bet23_to_bet27,6.7134,6.7134,8.3918,8.3918,8.3918,4.000000,4.000000,5.000000,5.000000,5.000000,96.000000,96.000000,95.000000,95.000000,95.000000,5.0,38.6022,35.2192,129.2336,132.6166,PENDING_AG03,FALSE,NOT_FOR_ENFORCEMENT,161.1224,38470.0458,167.8358,161.1224,6.7134,0.00376782,0.00361711,6.7134,161.1224,0.00361711,6.7134,6.7134,8.3918,8.3918,8.3918,161.1224,0.00361711,38.6022,35.2192,129.2336,132.6166,0.00290122,0.00297717,0.00015071,43.8431,45.4342,0.1903,6.9932,0.3858,1856.0227,36.7500,42.7628,43.8759,23.144,38.5733,57.0806,78.5279,103.7829,155.6743,31.1349,-5.1431,2.690537,4.035805,1.136617,24,140,35,5,0.02880006,0.00376782,0.25196217,0E-8,0.000000,0.899616,0.000000,-0.25555432,2026-04-30,2026-07-25,24,435,233,87,0.275862,0.974631,0.975362,0.096000,,,,,,,,GLOBAL_BASELINE_NO_ENTITY_RANKING,,,NOT_APPLICABLE_GLOBAL_BASELINE,HF9g-P5,,,,X 全窗基线 · 不参与实体赏罚,6870853,688,A168_HF9F_20260827_0900,2026-08-27 09:00:00
2026-06-02,149351693,1004,0,30.8586417055,-30.8586417055,-30.8586417055,0E-7,1,1,0.49324550000000000,0.493245500000,-0.9865810262130424,-0.9865810262130424,-0.9865810262130424,0E-17,ELIGIBLE,R03b_20260811_FULL_v1,L1_ELIGIBILITY,v2026-08-11,2026-03-21..2026-08-06,baccarat_bet02_101_all_pairs_incl_sentinel,round_win = game_pnl > 0 (decisive only),COMPATIBILITY_ONLY_NOT_PRODUCTION,44544.5453,40072.9644,167.8358,1016,882,-0.00376782,-0.25196217,0.00359216,-0.00376782,-167.8358,44544.5453,OK,0.0000,6.7134,4.0000,96.0000,AG03-UNRESOLVED,ALL5_LEVELS_bet23_to_bet27,6.7134,6.7134,8.3918,8.3918,8.3918,4.000000,4.000000,5.000000,5.000000,5.000000,96.000000,96.000000,95.000000,95.000000,95.000000,5.0,38.6022,35.2192,129.2336,132.6166,PENDING_AG03,FALSE,NOT_FOR_ENFORCEMENT,161.1224,38470.0458,167.8358,161.1224,6.7134,0.00376782,0.00361711,6.7134,161.1224,0.00361711,6.7134,6.7134,8.3918,8.3918,8.3918,161.1224,0.00361711,38.6022,35.2192,129.2336,132.6166,0.00290122,0.00297717,0.00015071,43.8431,45.4342,0.1903,6.9932,0.3858,1856.0227,36.7500,42.7628,43.8759,23.144,38.5733,57.0806,78.5279,103.7829,155.6743,31.1349,-5.1431,2.690537,4.035805,1.136617,24,140,35,5,0.02880006,0.00376782,0.25196217,0E-8,0.000000,0.899616,0.000000,-0.25555432,2026-04-30,2026-07-25,24,435,233,87,0.275862,0.974631,0.975362,0.096000,,,,,,,,GLOBAL_BASELINE_NO_ENTITY_RANKING,,,NOT_APPLICABLE_GLOBAL_BASELINE,HF9g-P5,,,,X 全窗基线 · 不参与实体赏罚,6870854,688,A168_HF9F_20260827_0900,2026-08-27 09:00:00
2026-06-02,149351693,1150,0,38.5733021318,-38.5733021318,-38.5733021318,0E-7,1,1,0.49324550000000000,0.493245500000,-0.9865810262130424,-0.9865810262130424,-0.9865810262130424,0E-17,ELIGIBLE,R03b_20260811_FULL_v1,L1_ELIGIBILITY,v2026-08-11,2026-03-21..2026-08-06,baccarat_bet02_101_all_pairs_incl_sentinel,round_win = game_pnl > 0 (decisive only),COMPATIBILITY_ONLY_NOT_PRODUCTION,44544.5453,40072.9644,167.8358,1016,882,-0.00376782,-0.25196217,0.00359216,-0.00376782,-167.8358,44544.5453,OK,0.0000,6.7134,4.0000,96.0000,AG03-UNRESOLVED,ALL5_LEVELS_bet23_to_bet27,6.7134,6.7134,8.3918,8.3918,8.3918,4.000000,4.000000,5.000000,5.000000,5.000000,96.000000,96.000000,95.000000,95.000000,95.000000,5.0,38.6022,35.2192,129.2336,132.6166,PENDING_AG03,FALSE,NOT_FOR_ENFORCEMENT,161.1224,38470.0458,167.8358,161.1224,6.7134,0.00376782,0.00361711,6.7134,161.1224,0.00361711,6.7134,6.7134,8.3918,8.3918,8.3918,161.1224,0.00361711,38.6022,35.2192,129.2336,132.6166,0.00290122,0.00297717,0.00015071,43.8431,45.4342,0.1903,6.9932,0.3858,1856.0227,36.7500,42.7628,43.8759,23.144,38.5733,57.0806,78.5279,103.7829,155.6743,31.1349,-5.1431,2.690537,4.035805,1.136617,24,140,35,5,0.02880006,0.00376782,0.25196217,0E-8,0.000000,0.899616,0.000000,-0.25555432,2026-04-30,2026-07-25,24,435,233,87,0.275862,0.974631,0.975362,0.096000,,,,,,,,GLOBAL_BASELINE_NO_ENTITY_RANKING,,,NOT_APPLICABLE_GLOBAL_BASELINE,HF9g-P5,,,,X 全窗基线 · 不参与实体赏罚,6870855,688,A168_HF9F_20260827_0900,2026-08-27 09:00:00
2026-06-02,149351693,1221,0,25.7155347545,-25.7155347545,-25.7155347545,0E-7,1,1,0.49324550000000000,0.493245500000,-0.9865810262130424,-0.9865810262130424,-0.9865810262130424,0E-17,ELIGIBLE,R03b_20260811_FULL_v1,L1_ELIGIBILITY,v2026-08-11,2026-03-21..2026-08-06,baccarat_bet02_101_all_pairs_incl_sentinel,round_win = game_pnl > 0 (decisive only),COMPATIBILITY_ONLY_NOT_PRODUCTION,44544.5453,40072.9644,167.8358,1016,882,-0.00376782,-0.25196217,0.00359216,-0.00376782,-167.8358,44544.5453,OK,0.0000,6.7134,4.0000,96.0000,AG03-UNRESOLVED,ALL5_LEVELS_bet23_to_bet27,6.7134,6.7134,8.3918,8.3918,8.3918,4.000000,4.000000,5.000000,5.000000,5.000000,96.000000,96.000000,95.000000,95.000000,95.000000,5.0,38.6022,35.2192,129.2336,132.6166,PENDING_AG03,FALSE,NOT_FOR_ENFORCEMENT,161.1224,38470.0458,167.8358,161.1224,6.7134,0.00376782,0.00361711,6.7134,161.1224,0.00361711,6.7134,6.7134,8.3918,8.3918,8.3918,161.1224,0.00361711,38.6022,35.2192,129.2336,132.6166,0.00290122,0.00297717,0.00015071,43.8431,45.4342,0.1903,6.9932,0.3858,1856.0227,36.7500,42.7628,43.8759,23.144,38.5733,57.0806,78.5279,103.7829,155.6743,31.1349,-5.1431,2.690537,4.035805,1.136617,24,140,35,5,0.02880006,0.00376782,0.25196217,0E-8,0.000000,0.899616,0.000000,-0.25555432,2026-04-30,2026-07-25,24,435,233,87,0.275862,0.974631,0.975362,0.096000,,,,,,,,GLOBAL_BASELINE_NO_ENTITY_RANKING,,,NOT_APPLICABLE_GLOBAL_BASELINE,HF9g-P5,,,,X 全窗基线 · 不参与实体赏罚,6870856,688,A168_HF9F_20260827_0900,2026-08-27 09:00:00
2026-06-02,149351693,1304,0,46.5451179057,-46.5451179057,-46.5451179057,0E-7,1,1,0.50665070000000000,0.506650700000,-1.013391052207602,-1.013391052207602,-1.013391052207602,0E-17,ELIGIBLE,R03b_20260811_FULL_v1,L1_ELIGIBILITY,v2026-08-11,2026-03-21..2026-08-06,baccarat_bet02_101_all_pairs_incl_sentinel,round_win = game_pnl > 0 (decisive only),COMPATIBILITY_ONLY_NOT_PRODUCTION,44544.5453,40072.9644,167.8358,1016,882,-0.00376782,-0.25196217,0.00359216,-0.00376782,-167.8358,44544.5453,OK,0.0000,6.7134,4.0000,96.0000,AG03-UNRESOLVED,ALL5_LEVELS_bet23_to_bet27,6.7134,6.7134,8.3918,8.3918,8.3918,4.000000,4.000000,5.000000,5.000000,5.000000,96.000000,96.000000,95.000000,95.000000,95.000000,5.0,38.6022,35.2192,129.2336,132.6166,PENDING_AG03,FALSE,NOT_FOR_ENFORCEMENT,161.1224,38470.0458,167.8358,161.1224,6.7134,0.00376782,0.00361711,6.7134,161.1224,0.00361711,6.7134,6.7134,8.3918,8.3918,8.3918,161.1224,0.00361711,38.6022,35.2192,129.2336,132.6166,0.00290122,0.00297717,0.00015071,43.8431,45.4342,0.1903,6.9932,0.3858,1856.0227,36.7500,42.7628,43.8759,23.144,38.5733,57.0806,78.5279,103.7829,155.6743,31.1349,-5.1431,2.690537,4.035805,1.136617,24,140,35,5,0.02880006,0.00376782,0.25196217,0E-8,0.000000,0.899616,0.000000,-0.25555432,2026-04-30,2026-07-25,24,435,233,87,0.275862,0.974631,0.975362,0.096000,,,,,,,,GLOBAL_BASELINE_NO_ENTITY_RANKING,,,NOT_APPLICABLE_GLOBAL_BASELINE,HF9g-P5,,,,X 全窗基线 · 不参与实体赏罚,6870857,688,A168_HF9F_20260827_0900,2026-08-27 09:00:00
2026-06-02,149351693,1383,0,38.5733021318,36.6446370252,36.6446370252,1.0000000,1,1,0.50665070000000000,0.506650700000,0.9867858985152569,0.9867858985152569,0.9867858985152569,0E-17,ELIGIBLE,R03b_20260811_FULL_v1,L1_ELIGIBILITY,v2026-08-11,2026-03-21..2026-08-06,baccarat_bet02_101_all_pairs_incl_sentinel,round_win = game_pnl > 0 (decisive only),COMPATIBILITY_ONLY_NOT_PRODUCTION,44544.5453,40072.9644,167.8358,1016,882,-0.00376782,-0.25196217,0.00359216,-0.00376782,-167.8358,44544.5453,OK,0.0000,6.7134,4.0000,96.0000,AG03-UNRESOLVED,ALL5_LEVELS_bet23_to_bet27,6.7134,6.7134,8.3918,8.3918,8.3918,4.000000,4.000000,5.000000,5.000000,5.000000,96.000000,96.000000,95.000000,95.000000,95.000000,5.0,38.6022,35.2192,129.2336,132.6166,PENDING_AG03,FALSE,NOT_FOR_ENFORCEMENT,161.1224,38470.0458,167.8358,161.1224,6.7134,0.00376782,0.00361711,6.7134,161.1224,0.00361711,6.7134,6.7134,8.3918,8.3918,8.3918,161.1224,0.00361711,38.6022,35.2192,129.2336,132.6166,0.00290122,0.00297717,0.00015071,43.8431,45.4342,0.1903,6.9932,0.3858,1856.0227,36.7500,42.7628,43.8759,23.144,38.5733,57.0806,78.5279,103.7829,155.6743,31.1349,-5.1431,2.690537,4.035805,1.136617,24,140,35,5,0.02880006,0.00376782,0.25196217,0E-8,0.000000,0.899616,0.000000,-0.25555432,2026-04-30,2026-07-25,24,435,233,87,0.275862,0.974631,0.975362,0.096000,,,,,,,,GLOBAL_BASELINE_NO_ENTITY_RANKING,,,NOT_APPLICABLE_GLOBAL_BASELINE,HF9g-P5,,,,X 全窗基线 · 不参与实体赏罚,6870858,688,A168_HF9F_20260827_0900,2026-08-27 09:00:00
2026-06-02,149351693,1507,0,128.5776737726,-78.4323810013,-78.4323810013,0.2500000,4,4,0.50329940000000000,0.503299400000,-1.013219660140378,-1.013219660140378,-1.013219660140378,0E-17,ELIGIBLE,R03b_20260811_FULL_v1,L1_ELIGIBILITY,v2026-08-11,2026-03-21..2026-08-06,baccarat_bet02_101_all_pairs_incl_sentinel,round_win = game_pnl > 0 (decisive only),COMPATIBILITY_ONLY_NOT_PRODUCTION,44544.5453,40072.9644,167.8358,1016,882,-0.00376782,-0.25196217,0.00359216,-0.00376782,-167.8358,44544.5453,OK,0.0000,6.7134,4.0000,96.0000,AG03-UNRESOLVED,ALL5_LEVELS_bet23_to_bet27,6.7134,6.7134,8.3918,8.3918,8.3918,4.000000,4.000000,5.000000,5.000000,5.000000,96.000000,96.000000,95.000000,95.000000,95.000000,5.0,38.6022,35.2192,129.2336,132.6166,PENDING_AG03,FALSE,NOT_FOR_ENFORCEMENT,161.1224,38470.0458,167.8358,161.1224,6.7134,0.00376782,0.00361711,6.7134,161.1224,0.00361711,6.7134,6.7134,8.3918,8.3918,8.3918,161.1224,0.00361711,38.6022,35.2192,129.2336,132.6166,0.00290122,0.00297717,0.00015071,43.8431,45.4342,0.1903,6.9932,0.3858,1856.0227,36.7500,42.7628,43.8759,23.144,38.5733,57.0806,78.5279,103.7829,155.6743,31.1349,-5.1431,2.690537,4.035805,1.136617,24,140,35,5,0.02880006,0.00376782,0.25196217,0E-8,0.000000,0.899616,0.000000,-0.25555432,2026-04-30,2026-07-25,24,435,233,87,0.275862,0.974631,0.975362,0.096000,,,,,,,,GLOBAL_BASELINE_NO_ENTITY_RANKING,,,NOT_APPLICABLE_GLOBAL_BASELINE,HF9g-P5,,,,X 全窗基线 · 不参与实体赏罚,6870859,688,A168_HF9F_20260827_0900,2026-08-27 09:00:00
2026-06-02,149351693,2117,0,36.0017486564,-36.0017486564,-36.0017486564,0E-7,1,1,0.50665070000000000,0.506650700000,-1.013391052207602,-1.013391052207602,-1.013391052207602,0E-17,ELIGIBLE,R03b_20260811_FULL_v1,L1_ELIGIBILITY,v2026-08-11,2026-03-21..2026-08-06,baccarat_bet02_101_all_pairs_incl_sentinel,round_win = game_pnl > 0 (decisive only),COMPATIBILITY_ONLY_NOT_PRODUCTION,44544.5453,40072.9644,167.8358,1016,882,-0.00376782,-0.25196217,0.00359216,-0.00376782,-167.8358,44544.5453,OK,0.0000,6.7134,4.0000,96.0000,AG03-UNRESOLVED,ALL5_LEVELS_bet23_to_bet27,6.7134,6.7134,8.3918,8.3918,8.3918,4.000000,4.000000,5.000000,5.000000,5.000000,96.000000,96.000000,95.000000,95.000000,95.000000,5.0,38.6022,35.2192,129.2336,132.6166,PENDING_AG03,FALSE,NOT_FOR_ENFORCEMENT,161.1224,38470.0458,167.8358,161.1224,6.7134,0.00376782,0.00361711,6.7134,161.1224,0.00361711,6.7134,6.7134,8.3918,8.3918,8.3918,161.1224,0.00361711,38.6022,35.2192,129.2336,132.6166,0.00290122,0.00297717,0.00015071,43.8431,45.4342,0.1903,6.9932,0.3858,1856.0227,36.7500,42.7628,43.8759,23.144,38.5733,57.0806,78.5279,103.7829,155.6743,31.1349,-5.1431,2.690537,4.035805,1.136617,24,140,35,5,0.02880006,0.00376782,0.25196217,0E-8,0.000000,0.899616,0.000000,-0.25555432,2026-04-30,2026-07-25,24,435,233,87,0.275862,0.974631,0.975362,0.096000,,,,,,,,GLOBAL_BASELINE_NO_ENTITY_RANKING,,,NOT_APPLICABLE_GLOBAL_BASELINE,HF9g-P5,,,,X 全窗基线 · 不参与实体赏罚,6870860,688,A168_HF9F_20260827_0900,2026-08-27 09:00:00
2026-06-02,149351693,2142,0,25.7155347545,25.4583794070,25.4583794070,1.0000000,2,2,0.49994810000000000,0.499948100000,1.4143603653603398,1.4143603653603398,1.4143603653603398,0E-17,ELIGIBLE,R03b_20260811_FULL_v1,L1_ELIGIBILITY,v2026-08-11,2026-03-21..2026-08-06,baccarat_bet02_101_all_pairs_incl_sentinel,round_win = game_pnl > 0 (decisive only),COMPATIBILITY_ONLY_NOT_PRODUCTION,44544.5453,40072.9644,167.8358,1016,882,-0.00376782,-0.25196217,0.00359216,-0.00376782,-167.8358,44544.5453,OK,0.0000,6.7134,4.0000,96.0000,AG03-UNRESOLVED,ALL5_LEVELS_bet23_to_bet27,6.7134,6.7134,8.3918,8.3918,8.3918,4.000000,4.000000,5.000000,5.000000,5.000000,96.000000,96.000000,95.000000,95.000000,95.000000,5.0,38.6022,35.2192,129.2336,132.6166,PENDING_AG03,FALSE,NOT_FOR_ENFORCEMENT,161.1224,38470.0458,167.8358,161.1224,6.7134,0.00376782,0.00361711,6.7134,161.1224,0.00361711,6.7134,6.7134,8.3918,8.3918,8.3918,161.1224,0.00361711,38.6022,35.2192,129.2336,132.6166,0.00290122,0.00297717,0.00015071,43.8431,45.4342,0.1903,6.9932,0.3858,1856.0227,36.7500,42.7628,43.8759,23.144,38.5733,57.0806,78.5279,103.7829,155.6743,31.1349,-5.1431,2.690537,4.035805,1.136617,24,140,35,5,0.02880006,0.00376782,0.25196217,0E-8,0.000000,0.899616,0.000000,-0.25555432,2026-04-30,2026-07-25,24,435,233,87,0.275862,0.974631,0.975362,0.096000,,,,,,,,GLOBAL_BASELINE_NO_ENTITY_RANKING,,,NOT_APPLICABLE_GLOBAL_BASELINE,HF9g-P5,,,,X 全窗基线 · 不参与实体赏罚,6870861,688,A168_HF9F_20260827_0900,2026-08-27 09:00:00
2026-06-02,149351693,2196,0,25.7155347545,25.7155347545,25.7155347545,1.0000000,1,1,0.49324550000000000,0.493245500000,1.01360149184955,1.01360149184955,1.01360149184955,0E-17,ELIGIBLE,R03b_20260811_FULL_v1,L1_ELIGIBILITY,v2026-08-11,2026-03-21..2026-08-06,baccarat_bet02_101_all_pairs_incl_sentinel,round_win = game_pnl > 0 (decisive only),COMPATIBILITY_ONLY_NOT_PRODUCTION,44544.5453,40072.9644,167.8358,1016,882,-0.00376782,-0.25196217,0.00359216,-0.00376782,-167.8358,44544.5453,OK,0.0000,6.7134,4.0000,96.0000,AG03-UNRESOLVED,ALL5_LEVELS_bet23_to_bet27,6.7134,6.7134,8.3918,8.3918,8.3918,4.000000,4.000000,5.000000,5.000000,5.000000,96.000000,96.000000,95.000000,95.000000,95.000000,5.0,38.6022,35.2192,129.2336,132.6166,PENDING_AG03,FALSE,NOT_FOR_ENFORCEMENT,161.1224,38470.0458,167.8358,161.1224,6.7134,0.00376782,0.00361711,6.7134,161.1224,0.00361711,6.7134,6.7134,8.3918,8.3918,8.3918,161.1224,0.00361711,38.6022,35.2192,129.2336,132.6166,0.00290122,0.00297717,0.00015071,43.8431,45.4342,0.1903,6.9932,0.3858,1856.0227,36.7500,42.7628,43.8759,23.144,38.5733,57.0806,78.5279,103.7829,155.6743,31.1349,-5.1431,2.690537,4.035805,1.136617,24,140,35,5,0.02880006,0.00376782,0.25196217,0E-8,0.000000,0.899616,0.000000,-0.25555432,2026-04-30,2026-07-25,24,435,233,87,0.275862,0.974631,0.975362,0.096000,,,,,,,,GLOBAL_BASELINE_NO_ENTITY_RANKING,,,NOT_APPLICABLE_GLOBAL_BASELINE,HF9g-P5,,,,X 全窗基线 · 不参与实体赏罚,6870862,688,A168_HF9F_20260827_0900,2026-08-27 09:00:00
2026-06-02,149351693,2234,0,169.7225293800,17.2294082855,17.2294082855,0.5714286,7,7,0.50282064285714286,0.502820642857,0.36304481076852674,0.3630448107692821,0.36304481076852674,1.4286E-13,ELIGIBLE,R03b_20260811_FULL_v1,L1_ELIGIBILITY,v2026-08-11,2026-03-21..2026-08-06,baccarat_bet02_101_all_pairs_incl_sentinel,round_win = game_pnl > 0 (decisive only),COMPATIBILITY_ONLY_NOT_PRODUCTION,44544.5453,40072.9644,167.8358,1016,882,-0.00376782,-0.25196217,0.00359216,-0.00376782,-167.8358,44544.5453,OK,0.0000,6.7134,4.0000,96.0000,AG03-UNRESOLVED,ALL5_LEVELS_bet23_to_bet27,6.7134,6.7134,8.3918,8.3918,8.3918,4.000000,4.000000,5.000000,5.000000,5.000000,96.000000,96.000000,95.000000,95.000000,95.000000,5.0,38.6022,35.2192,129.2336,132.6166,PENDING_AG03,FALSE,NOT_FOR_ENFORCEMENT,161.1224,38470.0458,167.8358,161.1224,6.7134,0.00376782,0.00361711,6.7134,161.1224,0.00361711,6.7134,6.7134,8.3918,8.3918,8.3918,161.1224,0.00361711,38.6022,35.2192,129.2336,132.6166,0.00290122,0.00297717,0.00015071,43.8431,45.4342,0.1903,6.9932,0.3858,1856.0227,36.7500,42.7628,43.8759,23.144,38.5733,57.0806,78.5279,103.7829,155.6743,31.1349,-5.1431,2.690537,4.035805,1.136617,24,140,35,5,0.02880006,0.00376782,0.25196217,0E-8,0.000000,0.899616,0.000000,-0.25555432,2026-04-30,2026-07-25,24,435,233,87,0.275862,0.974631,0.975362,0.096000,,,,,,,,GLOBAL_BASELINE_NO_ENTITY_RANKING,,,NOT_APPLICABLE_GLOBAL_BASELINE,HF9g-P5,,,,X 全窗基线 · 不参与实体赏罚,6870863,688,A168_HF9F_20260827_0900,2026-08-27 09:00:00
2026-06-02,149351693,2244,0,64.0316815388,-64.0316815388,-64.0316815388,0E-7,2,2,0.49994810000000000,0.499948100000,-1.4140667746232096,-1.4140667746232096,-1.4140667746232096,0E-17,ELIGIBLE,R03b_20260811_FULL_v1,L1_ELIGIBILITY,v2026-08-11,2026-03-21..2026-08-06,baccarat_bet02_101_all_pairs_incl_sentinel,round_win = game_pnl > 0 (decisive only),COMPATIBILITY_ONLY_NOT_PRODUCTION,44544.5453,40072.9644,167.8358,1016,882,-0.00376782,-0.25196217,0.00359216,-0.00376782,-167.8358,44544.5453,OK,0.0000,6.7134,4.0000,96.0000,AG03-UNRESOLVED,ALL5_LEVELS_bet23_to_bet27,6.7134,6.7134,8.3918,8.3918,8.3918,4.000000,4.000000,5.000000,5.000000,5.000000,96.000000,96.000000,95.000000,95.000000,95.000000,5.0,38.6022,35.2192,129.2336,132.6166,PENDING_AG03,FALSE,NOT_FOR_ENFORCEMENT,161.1224,38470.0458,167.8358,161.1224,6.7134,0.00376782,0.00361711,6.7134,161.1224,0.00361711,6.7134,6.7134,8.3918,8.3918,8.3918,161.1224,0.00361711,38.6022,35.2192,129.2336,132.6166,0.00290122,0.00297717,0.00015071,43.8431,45.4342,0.1903,6.9932,0.3858,1856.0227,36.7500,42.7628,43.8759,23.144,38.5733,57.0806,78.5279,103.7829,155.6743,31.1349,-5.1431,2.690537,4.035805,1.136617,24,140,35,5,0.02880006,0.00376782,0.25196217,0E-8,0.000000,0.899616,0.000000,-0.25555432,2026-04-30,2026-07-25,24,435,233,87,0.275862,0.974631,0.975362,0.096000,,,,,,,,GLOBAL_BASELINE_NO_ENTITY_RANKING,,,NOT_APPLICABLE_GLOBAL_BASELINE,HF9g-P5,,,,X 全窗基线 · 不参与实体赏罚,6870864,688,A168_HF9F_20260827_0900,2026-08-27 09:00:00
2026-06-04,149351693,2078,0,18.2580296758,2.3015403605,2.3015403605,0.5000000,2,2,0.50665070000000000,0.506650700000,-0.018812684590367487,-0.018812684590367487,-0.018812684590367487,0E-17,ELIGIBLE,R03b_20260811_FULL_v1,L1_ELIGIBILITY,v2026-08-11,2026-03-21..2026-08-06,baccarat_bet02_101_all_pairs_incl_sentinel,round_win = game_pnl > 0 (decisive only),COMPATIBILITY_ONLY_NOT_PRODUCTION,44544.5453,40072.9644,167.8358,1016,882,-0.00376782,-0.25196217,0.00359216,-0.00376782,-167.8358,44544.5453,OK,0.0000,6.7134,4.0000,96.0000,AG03-UNRESOLVED,ALL5_LEVELS_bet23_to_bet27,6.7134,6.7134,8.3918,8.3918,8.3918,4.000000,4.000000,5.000000,5.000000,5.000000,96.000000,96.000000,95.000000,95.000000,95.000000,5.0,38.6022,35.2192,129.2336,132.6166,PENDING_AG03,FALSE,NOT_FOR_ENFORCEMENT,161.1224,38470.0458,167.8358,161.1224,6.7134,0.00376782,0.00361711,6.7134,161.1224,0.00361711,6.7134,6.7134,8.3918,8.3918,8.3918,161.1224,0.00361711,38.6022,35.2192,129.2336,132.6166,0.00290122,0.00297717,0.00015071,43.8431,45.4342,0.1903,6.9932,0.3858,1856.0227,36.7500,42.7628,43.8759,23.144,38.5733,57.0806,78.5279,103.7829,155.6743,31.1349,-5.1431,2.690537,4.035805,1.136617,24,140,35,5,0.02880006,0.00376782,0.25196217,0E-8,0.000000,0.899616,0.000000,-0.25555432,2026-04-30,2026-07-25,24,435,233,87,0.275862,0.974631,0.975362,0.096000,,,,,,,,GLOBAL_BASELINE_NO_ENTITY_RANKING,,,NOT_APPLICABLE_GLOBAL_BASELINE,HF9g-P5,,,,X 全窗基线 · 不参与实体赏罚,6870865,688,A168_HF9F_20260827_0900,2026-08-27 09:00:00
2026-06-04,149351693,2177,0,12.8577673773,-12.8577673773,-12.8577673773,0E-7,1,1,0.50665070000000000,0.506650700000,-1.013391052207602,-1.013391052207602,-1.013391052207602,0E-17,ELIGIBLE,R03b_20260811_FULL_v1,L1_ELIGIBILITY,v2026-08-11,2026-03-21..2026-08-06,baccarat_bet02_101_all_pairs_incl_sentinel,round_win = game_pnl > 0 (decisive only),COMPATIBILITY_ONLY_NOT_PRODUCTION,44544.5453,40072.9644,167.8358,1016,882,-0.00376782,-0.25196217,0.00359216,-0.00376782,-167.8358,44544.5453,OK,0.0000,6.7134,4.0000,96.0000,AG03-UNRESOLVED,ALL5_LEVELS_bet23_to_bet27,6.7134,6.7134,8.3918,8.3918,8.3918,4.000000,4.000000,5.000000,5.000000,5.000000,96.000000,96.000000,95.000000,95.000000,95.000000,5.0,38.6022,35.2192,129.2336,132.6166,PENDING_AG03,FALSE,NOT_FOR_ENFORCEMENT,161.1224,38470.0458,167.8358,161.1224,6.7134,0.00376782,0.00361711,6.7134,161.1224,0.00361711,6.7134,6.7134,8.3918,8.3918,8.3918,161.1224,0.00361711,38.6022,35.2192,129.2336,132.6166,0.00290122,0.00297717,0.00015071,43.8431,45.4342,0.1903,6.9932,0.3858,1856.0227,36.7500,42.7628,43.8759,23.144,38.5733,57.0806,78.5279,103.7829,155.6743,31.1349,-5.1431,2.690537,4.035805,1.136617,24,140,35,5,0.02880006,0.00376782,0.25196217,0E-8,0.000000,0.899616,0.000000,-0.25555432,2026-04-30,2026-07-25,24,435,233,87,0.275862,0.974631,0.975362,0.096000,,,,,,,,GLOBAL_BASELINE_NO_ENTITY_RANKING,,,NOT_APPLICABLE_GLOBAL_BASELINE,HF9g-P5,,,,X 全窗基线 · 不参与实体赏罚,6870866,688,A168_HF9F_20260827_0900,2026-08-27 09:00:00
2026-06-05,149351693,1094,0,8.4861264690,-8.4861264690,-8.4861264690,0E-7,1,1,0.50665070000000000,0.506650700000,-1.013391052207602,-1.013391052207602,-1.013391052207602,0E-17,ELIGIBLE,R03b_20260811_FULL_v1,L1_ELIGIBILITY,v2026-08-11,2026-03-21..2026-08-06,baccarat_bet02_101_all_pairs_incl_sentinel,round_win = game_pnl > 0 (decisive only),COMPATIBILITY_ONLY_NOT_PRODUCTION,44544.5453,40072.9644,167.8358,1016,882,-0.00376782,-0.25196217,0.00359216,-0.00376782,-167.8358,44544.5453,OK,0.0000,6.7134,4.0000,96.0000,AG03-UNRESOLVED,ALL5_LEVELS_bet23_to_bet27,6.7134,6.7134,8.3918,8.3918,8.3918,4.000000,4.000000,5.000000,5.000000,5.000000,96.000000,96.000000,95.000000,95.000000,95.000000,5.0,38.6022,35.2192,129.2336,132.6166,PENDING_AG03,FALSE,NOT_FOR_ENFORCEMENT,161.1224,38470.0458,167.8358,161.1224,6.7134,0.00376782,0.00361711,6.7134,161.1224,0.00361711,6.7134,6.7134,8.3918,8.3918,8.3918,161.1224,0.00361711,38.6022,35.2192,129.2336,132.6166,0.00290122,0.00297717,0.00015071,43.8431,45.4342,0.1903,6.9932,0.3858,1856.0227,36.7500,42.7628,43.8759,23.144,38.5733,57.0806,78.5279,103.7829,155.6743,31.1349,-5.1431,2.690537,4.035805,1.136617,24,140,35,5,0.02880006,0.00376782,0.25196217,0E-8,0.000000,0.899616,0.000000,-0.25555432,2026-04-30,2026-07-25,24,435,233,87,0.275862,0.974631,0.975362,0.096000,,,,,,,,GLOBAL_BASELINE_NO_ENTITY_RANKING,,,NOT_APPLICABLE_GLOBAL_BASELINE,HF9g-P5,,,,X 全窗基线 · 不参与实体赏罚,6870867,688,A168_HF9F_20260827_0900,2026-08-27 09:00:00
2026-06-05,149351693,1623,0,51.4310695092,-36.3874816778,-36.3874816778,0.2000000,5,5,0.50665070000000000,0.506650700000,-1.3715049547573244,-1.3715049547573244,-1.3715049547573244,0E-17,ELIGIBLE,R03b_20260811_FULL_v1,L1_ELIGIBILITY,v2026-08-11,2026-03-21..2026-08-06,baccarat_bet02_101_all_pairs_incl_sentinel,round_win = game_pnl > 0 (decisive only),COMPATIBILITY_ONLY_NOT_PRODUCTION,44544.5453,40072.9644,167.8358,1016,882,-0.00376782,-0.25196217,0.00359216,-0.00376782,-167.8358,44544.5453,OK,0.0000,6.7134,4.0000,96.0000,AG03-UNRESOLVED,ALL5_LEVELS_bet23_to_bet27,6.7134,6.7134,8.3918,8.3918,8.3918,4.000000,4.000000,5.000000,5.000000,5.000000,96.000000,96.000000,95.000000,95.000000,95.000000,5.0,38.6022,35.2192,129.2336,132.6166,PENDING_AG03,FALSE,NOT_FOR_ENFORCEMENT,161.1224,38470.0458,167.8358,161.1224,6.7134,0.00376782,0.00361711,6.7134,161.1224,0.00361711,6.7134,6.7134,8.3918,8.3918,8.3918,161.1224,0.00361711,38.6022,35.2192,129.2336,132.6166,0.00290122,0.00297717,0.00015071,43.8431,45.4342,0.1903,6.9932,0.3858,1856.0227,36.7500,42.7628,43.8759,23.144,38.5733,57.0806,78.5279,103.7829,155.6743,31.1349,-5.1431,2.690537,4.035805,1.136617,24,140,35,5,0.02880006,0.00376782,0.25196217,0E-8,0.000000,0.899616,0.000000,-0.25555432,2026-04-30,2026-07-25,24,435,233,87,0.275862,0.974631,0.975362,0.096000,,,,,,,,GLOBAL_BASELINE_NO_ENTITY_RANKING,,,NOT_APPLICABLE_GLOBAL_BASELINE,HF9g-P5,,,,X 全窗基线 · 不参与实体赏罚,6870868,688,A168_HF9F_20260827_0900,2026-08-27 09:00:00
2026-06-05,149351693,2101,0,35.7445933088,24.1854604366,24.1854604366,1.0000000,3,3,0.50665070000000000,0.506650700000,1.3955260008387969,1.3955260008387969,1.3955260008387969,0E-17,ELIGIBLE,R03b_20260811_FULL_v1,L1_ELIGIBILITY,v2026-08-11,2026-03-21..2026-08-06,baccarat_bet02_101_all_pairs_incl_sentinel,round_win = game_pnl > 0 (decisive only),COMPATIBILITY_ONLY_NOT_PRODUCTION,44544.5453,40072.9644,167.8358,1016,882,-0.00376782,-0.25196217,0.00359216,-0.00376782,-167.8358,44544.5453,OK,0.0000,6.7134,4.0000,96.0000,AG03-UNRESOLVED,ALL5_LEVELS_bet23_to_bet27,6.7134,6.7134,8.3918,8.3918,8.3918,4.000000,4.000000,5.000000,5.000000,5.000000,96.000000,96.000000,95.000000,95.000000,95.000000,5.0,38.6022,35.2192,129.2336,132.6166,PENDING_AG03,FALSE,NOT_FOR_ENFORCEMENT,161.1224,38470.0458,167.8358,161.1224,6.7134,0.00376782,0.00361711,6.7134,161.1224,0.00361711,6.7134,6.7134,8.3918,8.3918,8.3918,161.1224,0.00361711,38.6022,35.2192,129.2336,132.6166,0.00290122,0.00297717,0.00015071,43.8431,45.4342,0.1903,6.9932,0.3858,1856.0227,36.7500,42.7628,43.8759,23.144,38.5733,57.0806,78.5279,103.7829,155.6743,31.1349,-5.1431,2.690537,4.035805,1.136617,24,140,35,5,0.02880006,0.00376782,0.25196217,0E-8,0.000000,0.899616,0.000000,-0.25555432,2026-04-30,2026-07-25,24,435,233,87,0.275862,0.974631,0.975362,0.096000,,,,,,,,GLOBAL_BASELINE_NO_ENTITY_RANKING,,,NOT_APPLICABLE_GLOBAL_BASELINE,HF9g-P5,,,,X 全窗基线 · 不参与实体赏罚,6870869,688,A168_HF9F_20260827_0900,2026-08-27 09:00:00
2026-06-05,149351693,2170,0,10.2862139018,-10.2862139018,-10.2862139018,0E-7,1,1,0.50665070000000000,0.506650700000,-1.013391052207602,-1.013391052207602,-1.013391052207602,0E-17,ELIGIBLE,R03b_20260811_FULL_v1,L1_ELIGIBILITY,v2026-08-11,2026-03-21..2026-08-06,baccarat_bet02_101_all_pairs_incl_sentinel,round_win = game_pnl > 0 (decisive only),COMPATIBILITY_ONLY_NOT_PRODUCTION,44544.5453,40072.9644,167.8358,1016,882,-0.00376782,-0.25196217,0.00359216,-0.00376782,-167.8358,44544.5453,OK,0.0000,6.7134,4.0000,96.0000,AG03-UNRESOLVED,ALL5_LEVELS_bet23_to_bet27,6.7134,6.7134,8.3918,8.3918,8.3918,4.000000,4.000000,5.000000,5.000000,5.000000,96.000000,96.000000,95.000000,95.000000,95.000000,5.0,38.6022,35.2192,129.2336,132.6166,PENDING_AG03,FALSE,NOT_FOR_ENFORCEMENT,161.1224,38470.0458,167.8358,161.1224,6.7134,0.00376782,0.00361711,6.7134,161.1224,0.00361711,6.7134,6.7134,8.3918,8.3918,8.3918,161.1224,0.00361711,38.6022,35.2192,129.2336,132.6166,0.00290122,0.00297717,0.00015071,43.8431,45.4342,0.1903,6.9932,0.3858,1856.0227,36.7500,42.7628,43.8759,23.144,38.5733,57.0806,78.5279,103.7829,155.6743,31.1349,-5.1431,2.690537,4.035805,1.136617,24,140,35,5,0.02880006,0.00376782,0.25196217,0E-8,0.000000,0.899616,0.000000,-0.25555432,2026-04-30,2026-07-25,24,435,233,87,0.275862,0.974631,0.975362,0.096000,,,,,,,,GLOBAL_BASELINE_NO_ENTITY_RANKING,,,NOT_APPLICABLE_GLOBAL_BASELINE,HF9g-P5,,,,X 全窗基线 · 不参与实体赏罚,6870870,688,A168_HF9F_20260827_0900,2026-08-27 09:00:00
2026-06-05,149351693,2235,0,12.8577673773,-12.8577673773,-12.8577673773,0E-7,1,1,0.50665070000000000,0.506650700000,-1.013391052207602,-1.013391052207602,-1.013391052207602,0E-17,ELIGIBLE,R03b_20260811_FULL_v1,L1_ELIGIBILITY,v2026-08-11,2026-03-21..2026-08-06,baccarat_bet02_101_all_pairs_incl_sentinel,round_win = game_pnl > 0 (decisive only),COMPATIBILITY_ONLY_NOT_PRODUCTION,44544.5453,40072.9644,167.8358,1016,882,-0.00376782,-0.25196217,0.00359216,-0.00376782,-167.8358,44544.5453,OK,0.0000,6.7134,4.0000,96.0000,AG03-UNRESOLVED,ALL5_LEVELS_bet23_to_bet27,6.7134,6.7134,8.3918,8.3918,8.3918,4.000000,4.000000,5.000000,5.000000,5.000000,96.000000,96.000000,95.000000,95.000000,95.000000,5.0,38.6022,35.2192,129.2336,132.6166,PENDING_AG03,FALSE,NOT_FOR_ENFORCEMENT,161.1224,38470.0458,167.8358,161.1224,6.7134,0.00376782,0.00361711,6.7134,161.1224,0.00361711,6.7134,6.7134,8.3918,8.3918,8.3918,161.1224,0.00361711,38.6022,35.2192,129.2336,132.6166,0.00290122,0.00297717,0.00015071,43.8431,45.4342,0.1903,6.9932,0.3858,1856.0227,36.7500,42.7628,43.8759,23.144,38.5733,57.0806,78.5279,103.7829,155.6743,31.1349,-5.1431,2.690537,4.035805,1.136617,24,140,35,5,0.02880006,0.00376782,0.25196217,0E-8,0.000000,0.899616,0.000000,-0.25555432,2026-04-30,2026-07-25,24,435,233,87,0.275862,0.974631,0.975362,0.096000,,,,,,,,GLOBAL_BASELINE_NO_ENTITY_RANKING,,,NOT_APPLICABLE_GLOBAL_BASELINE,HF9g-P5,,,,X 全窗基线 · 不参与实体赏罚,6870871,688,A168_HF9F_20260827_0900,2026-08-27 09:00:00
2026-06-05,149351693,2248,0,7.7146604264,-7.7146604264,-7.7146604264,0E-7,1,1,0.50665070000000000,0.506650700000,-1.013391052207602,-1.013391052207602,-1.013391052207602,0E-17,ELIGIBLE,R03b_20260811_FULL_v1,L1_ELIGIBILITY,v2026-08-11,2026-03-21..2026-08-06,baccarat_bet02_101_all_pairs_incl_sentinel,round_win = game_pnl > 0 (decisive only),COMPATIBILITY_ONLY_NOT_PRODUCTION,44544.5453,40072.9644,167.8358,1016,882,-0.00376782,-0.25196217,0.00359216,-0.00376782,-167.8358,44544.5453,OK,0.0000,6.7134,4.0000,96.0000,AG03-UNRESOLVED,ALL5_LEVELS_bet23_to_bet27,6.7134,6.7134,8.3918,8.3918,8.3918,4.000000,4.000000,5.000000,5.000000,5.000000,96.000000,96.000000,95.000000,95.000000,95.000000,5.0,38.6022,35.2192,129.2336,132.6166,PENDING_AG03,FALSE,NOT_FOR_ENFORCEMENT,161.1224,38470.0458,167.8358,161.1224,6.7134,0.00376782,0.00361711,6.7134,161.1224,0.00361711,6.7134,6.7134,8.3918,8.3918,8.3918,161.1224,0.00361711,38.6022,35.2192,129.2336,132.6166,0.00290122,0.00297717,0.00015071,43.8431,45.4342,0.1903,6.9932,0.3858,1856.0227,36.7500,42.7628,43.8759,23.144,38.5733,57.0806,78.5279,103.7829,155.6743,31.1349,-5.1431,2.690537,4.035805,1.136617,24,140,35,5,0.02880006,0.00376782,0.25196217,0E-8,0.000000,0.899616,0.000000,-0.25555432,2026-04-30,2026-07-25,24,435,233,87,0.275862,0.974631,0.975362,0.096000,,,,,,,,GLOBAL_BASELINE_NO_ENTITY_RANKING,,,NOT_APPLICABLE_GLOBAL_BASELINE,HF9g-P5,,,,X 全窗基线 · 不参与实体赏罚,6870872,688,A168_HF9F_20260827_0900,2026-08-27 09:00:00
2026-06-05,149351693,471,0,7.7146604264,-7.7146604264,-7.7146604264,0E-7,1,1,0.49324550000000000,0.493245500000,-0.9865810262130424,-0.9865810262130424,-0.9865810262130424,0E-17,ELIGIBLE,R03b_20260811_FULL_v1,L1_ELIGIBILITY,v2026-08-11,2026-03-21..2026-08-06,baccarat_bet02_101_all_pairs_incl_sentinel,round_win = game_pnl > 0 (decisive only),COMPATIBILITY_ONLY_NOT_PRODUCTION,44544.5453,40072.9644,167.8358,1016,882,-0.00376782,-0.25196217,0.00359216,-0.00376782,-167.8358,44544.5453,OK,0.0000,6.7134,4.0000,96.0000,AG03-UNRESOLVED,ALL5_LEVELS_bet23_to_bet27,6.7134,6.7134,8.3918,8.3918,8.3918,4.000000,4.000000,5.000000,5.000000,5.000000,96.000000,96.000000,95.000000,95.000000,95.000000,5.0,38.6022,35.2192,129.2336,132.6166,PENDING_AG03,FALSE,NOT_FOR_ENFORCEMENT,161.1224,38470.0458,167.8358,161.1224,6.7134,0.00376782,0.00361711,6.7134,161.1224,0.00361711,6.7134,6.7134,8.3918,8.3918,8.3918,161.1224,0.00361711,38.6022,35.2192,129.2336,132.6166,0.00290122,0.00297717,0.00015071,43.8431,45.4342,0.1903,6.9932,0.3858,1856.0227,36.7500,42.7628,43.8759,23.144,38.5733,57.0806,78.5279,103.7829,155.6743,31.1349,-5.1431,2.690537,4.035805,1.136617,24,140,35,5,0.02880006,0.00376782,0.25196217,0E-8,0.000000,0.899616,0.000000,-0.25555432,2026-04-30,2026-07-25,24,435,233,87,0.275862,0.974631,0.975362,0.096000,,,,,,,,GLOBAL_BASELINE_NO_ENTITY_RANKING,,,NOT_APPLICABLE_GLOBAL_BASELINE,HF9g-P5,,,,X 全窗基线 · 不参与实体赏罚,6870873,688,A168_HF9F_20260827_0900,2026-08-27 09:00:00
2026-06-09,149351693,1306,0,43.7164090827,-25.7155347545,-25.7155347545,0E-7,2,2,0.49994810000000000,0.499948100000,-0.9998962053866608,-0.9998962053866608,-0.9998962053866608,0E-17,ELIGIBLE,R03b_20260811_FULL_v1,L1_ELIGIBILITY,v2026-08-11,2026-03-21..2026-08-06,baccarat_bet02_101_all_pairs_incl_sentinel,round_win = game_pnl > 0 (decisive only),COMPATIBILITY_ONLY_NOT_PRODUCTION,44544.5453,40072.9644,167.8358,1016,882,-0.00376782,-0.25196217,0.00359216,-0.00376782,-167.8358,44544.5453,OK,0.0000,6.7134,4.0000,96.0000,AG03-UNRESOLVED,ALL5_LEVELS_bet23_to_bet27,6.7134,6.7134,8.3918,8.3918,8.3918,4.000000,4.000000,5.000000,5.000000,5.000000,96.000000,96.000000,95.000000,95.000000,95.000000,5.0,38.6022,35.2192,129.2336,132.6166,PENDING_AG03,FALSE,NOT_FOR_ENFORCEMENT,161.1224,38470.0458,167.8358,161.1224,6.7134,0.00376782,0.00361711,6.7134,161.1224,0.00361711,6.7134,6.7134,8.3918,8.3918,8.3918,161.1224,0.00361711,38.6022,35.2192,129.2336,132.6166,0.00290122,0.00297717,0.00015071,43.8431,45.4342,0.1903,6.9932,0.3858,1856.0227,36.7500,42.7628,43.8759,23.144,38.5733,57.0806,78.5279,103.7829,155.6743,31.1349,-5.1431,2.690537,4.035805,1.136617,24,140,35,5,0.02880006,0.00376782,0.25196217,0E-8,0.000000,0.899616,0.000000,-0.25555432,2026-04-30,2026-07-25,24,435,233,87,0.275862,0.974631,0.975362,0.096000,,,,,,,,GLOBAL_BASELINE_NO_ENTITY_RANKING,,,NOT_APPLICABLE_GLOBAL_BASELINE,HF9g-P5,,,,X 全窗基线 · 不参与实体赏罚,6870874,688,A168_HF9F_20260827_0900,2026-08-27 09:00:00
2026-06-09,149351693,1331,0,12.8577673773,0E-10,0E-10,,1,1,0.50665070000000000,0.506650700000,,,,0E-17,NO_DECISIVE_ROUND,R03b_20260811_FULL_v1,L1_ELIGIBILITY,v2026-08-11,2026-03-21..2026-08-06,baccarat_bet02_101_all_pairs_incl_sentinel,round_win = game_pnl > 0 (decisive only),COMPATIBILITY_ONLY_NOT_PRODUCTION,44544.5453,40072.9644,167.8358,1016,882,-0.00376782,-0.25196217,0.00359216,-0.00376782,-167.8358,44544.5453,OK,0.0000,6.7134,4.0000,96.0000,AG03-UNRESOLVED,ALL5_LEVELS_bet23_to_bet27,6.7134,6.7134,8.3918,8.3918,8.3918,4.000000,4.000000,5.000000,5.000000,5.000000,96.000000,96.000000,95.000000,95.000000,95.000000,5.0,38.6022,35.2192,129.2336,132.6166,PENDING_AG03,FALSE,NOT_FOR_ENFORCEMENT,161.1224,38470.0458,167.8358,161.1224,6.7134,0.00376782,0.00361711,6.7134,161.1224,0.00361711,6.7134,6.7134,8.3918,8.3918,8.3918,161.1224,0.00361711,38.6022,35.2192,129.2336,132.6166,0.00290122,0.00297717,0.00015071,43.8431,45.4342,0.1903,6.9932,0.3858,1856.0227,36.7500,42.7628,43.8759,23.144,38.5733,57.0806,78.5279,103.7829,155.6743,31.1349,-5.1431,2.690537,4.035805,1.136617,24,140,35,5,0.02880006,0.00376782,0.25196217,0E-8,0.000000,0.899616,0.000000,-0.25555432,2026-04-30,2026-07-25,24,435,233,87,0.275862,0.974631,0.975362,0.096000,,,,,,,,GLOBAL_BASELINE_NO_ENTITY_RANKING,,,NOT_APPLICABLE_GLOBAL_BASELINE,HF9g-P5,,,,X 全窗基线 · 不参与实体赏罚,6870875,688,A168_HF9F_20260827_0900,2026-08-27 09:00:00
2026-06-09,149351693,1507,0,198.0096176101,-3.0858641705,-3.0858641705,0.4444444,10,10,0.50396966000000000,0.503969660000,-0.35716254998887953,-0.35716254998887953,-0.35716254998887953,0E-17,ELIGIBLE,R03b_20260811_FULL_v1,L1_ELIGIBILITY,v2026-08-11,2026-03-21..2026-08-06,baccarat_bet02_101_all_pairs_incl_sentinel,round_win = game_pnl > 0 (decisive only),COMPATIBILITY_ONLY_NOT_PRODUCTION,44544.5453,40072.9644,167.8358,1016,882,-0.00376782,-0.25196217,0.00359216,-0.00376782,-167.8358,44544.5453,OK,0.0000,6.7134,4.0000,96.0000,AG03-UNRESOLVED,ALL5_LEVELS_bet23_to_bet27,6.7134,6.7134,8.3918,8.3918,8.3918,4.000000,4.000000,5.000000,5.000000,5.000000,96.000000,96.000000,95.000000,95.000000,95.000000,5.0,38.6022,35.2192,129.2336,132.6166,PENDING_AG03,FALSE,NOT_FOR_ENFORCEMENT,161.1224,38470.0458,167.8358,161.1224,6.7134,0.00376782,0.00361711,6.7134,161.1224,0.00361711,6.7134,6.7134,8.3918,8.3918,8.3918,161.1224,0.00361711,38.6022,35.2192,129.2336,132.6166,0.00290122,0.00297717,0.00015071,43.8431,45.4342,0.1903,6.9932,0.3858,1856.0227,36.7500,42.7628,43.8759,23.144,38.5733,57.0806,78.5279,103.7829,155.6743,31.1349,-5.1431,2.690537,4.035805,1.136617,24,140,35,5,0.02880006,0.00376782,0.25196217,0E-8,0.000000,0.899616,0.000000,-0.25555432,2026-04-30,2026-07-25,24,435,233,87,0.275862,0.974631,0.975362,0.096000,,,,,,,,GLOBAL_BASELINE_NO_ENTITY_RANKING,,,NOT_APPLICABLE_GLOBAL_BASELINE,HF9g-P5,,,,X 全窗基线 · 不参与实体赏罚,6870876,688,A168_HF9F_20260827_0900,2026-08-27 09:00:00
2026-06-09,149351693,1704,0,23.1439812791,0E-10,0E-10,,1,1,0.50665070000000000,0.506650700000,,,,0E-17,NO_DECISIVE_ROUND,R03b_20260811_FULL_v1,L1_ELIGIBILITY,v2026-08-11,2026-03-21..2026-08-06,baccarat_bet02_101_all_pairs_incl_sentinel,round_win = game_pnl > 0 (decisive only),COMPATIBILITY_ONLY_NOT_PRODUCTION,44544.5453,40072.9644,167.8358,1016,882,-0.00376782,-0.25196217,0.00359216,-0.00376782,-167.8358,44544.5453,OK,0.0000,6.7134,4.0000,96.0000,AG03-UNRESOLVED,ALL5_LEVELS_bet23_to_bet27,6.7134,6.7134,8.3918,8.3918,8.3918,4.000000,4.000000,5.000000,5.000000,5.000000,96.000000,96.000000,95.000000,95.000000,95.000000,5.0,38.6022,35.2192,129.2336,132.6166,PENDING_AG03,FALSE,NOT_FOR_ENFORCEMENT,161.1224,38470.0458,167.8358,161.1224,6.7134,0.00376782,0.00361711,6.7134,161.1224,0.00361711,6.7134,6.7134,8.3918,8.3918,8.3918,161.1224,0.00361711,38.6022,35.2192,129.2336,132.6166,0.00290122,0.00297717,0.00015071,43.8431,45.4342,0.1903,6.9932,0.3858,1856.0227,36.7500,42.7628,43.8759,23.144,38.5733,57.0806,78.5279,103.7829,155.6743,31.1349,-5.1431,2.690537,4.035805,1.136617,24,140,35,5,0.02880006,0.00376782,0.25196217,0E-8,0.000000,0.899616,0.000000,-0.25555432,2026-04-30,2026-07-25,24,435,233,87,0.275862,0.974631,0.975362,0.096000,,,,,,,,GLOBAL_BASELINE_NO_ENTITY_RANKING,,,NOT_APPLICABLE_GLOBAL_BASELINE,HF9g-P5,,,,X 全窗基线 · 不参与实体赏罚,6870877,688,A168_HF9F_20260827_0900,2026-08-27 09:00:00
2026-06-09,149351693,1710,0,30.8586417055,-30.8586417055,-30.8586417055,0E-7,1,1,0.50665070000000000,0.506650700000,-1.013391052207602,-1.013391052207602,-1.013391052207602,0E-17,ELIGIBLE,R03b_20260811_FULL_v1,L1_ELIGIBILITY,v2026-08-11,2026-03-21..2026-08-06,baccarat_bet02_101_all_pairs_incl_sentinel,round_win = game_pnl > 0 (decisive only),COMPATIBILITY_ONLY_NOT_PRODUCTION,44544.5453,40072.9644,167.8358,1016,882,-0.00376782,-0.25196217,0.00359216,-0.00376782,-167.8358,44544.5453,OK,0.0000,6.7134,4.0000,96.0000,AG03-UNRESOLVED,ALL5_LEVELS_bet23_to_bet27,6.7134,6.7134,8.3918,8.3918,8.3918,4.000000,4.000000,5.000000,5.000000,5.000000,96.000000,96.000000,95.000000,95.000000,95.000000,5.0,38.6022,35.2192,129.2336,132.6166,PENDING_AG03,FALSE,NOT_FOR_ENFORCEMENT,161.1224,38470.0458,167.8358,161.1224,6.7134,0.00376782,0.00361711,6.7134,161.1224,0.00361711,6.7134,6.7134,8.3918,8.3918,8.3918,161.1224,0.00361711,38.6022,35.2192,129.2336,132.6166,0.00290122,0.00297717,0.00015071,43.8431,45.4342,0.1903,6.9932,0.3858,1856.0227,36.7500,42.7628,43.8759,23.144,38.5733,57.0806,78.5279,103.7829,155.6743,31.1349,-5.1431,2.690537,4.035805,1.136617,24,140,35,5,0.02880006,0.00376782,0.25196217,0E-8,0.000000,0.899616,0.000000,-0.25555432,2026-04-30,2026-07-25,24,435,233,87,0.275862,0.974631,0.975362,0.096000,,,,,,,,GLOBAL_BASELINE_NO_ENTITY_RANKING,,,NOT_APPLICABLE_GLOBAL_BASELINE,HF9g-P5,,,,X 全窗基线 · 不参与实体赏罚,6870878,688,A168_HF9F_20260827_0900,2026-08-27 09:00:00
2026-06-09,149351693,1994,0,48.8595160337,46.4165402320,46.4165402320,1.0000000,2,2,0.50665070000000000,0.506650700000,1.3955260008387969,1.3955260008387969,1.3955260008387969,0E-17,ELIGIBLE,R03b_20260811_FULL_v1,L1_ELIGIBILITY,v2026-08-11,2026-03-21..2026-08-06,baccarat_bet02_101_all_pairs_incl_sentinel,round_win = game_pnl > 0 (decisive only),COMPATIBILITY_ONLY_NOT_PRODUCTION,44544.5453,40072.9644,167.8358,1016,882,-0.00376782,-0.25196217,0.00359216,-0.00376782,-167.8358,44544.5453,OK,0.0000,6.7134,4.0000,96.0000,AG03-UNRESOLVED,ALL5_LEVELS_bet23_to_bet27,6.7134,6.7134,8.3918,8.3918,8.3918,4.000000,4.000000,5.000000,5.000000,5.000000,96.000000,96.000000,95.000000,95.000000,95.000000,5.0,38.6022,35.2192,129.2336,132.6166,PENDING_AG03,FALSE,NOT_FOR_ENFORCEMENT,161.1224,38470.0458,167.8358,161.1224,6.7134,0.00376782,0.00361711,6.7134,161.1224,0.00361711,6.7134,6.7134,8.3918,8.3918,8.3918,161.1224,0.00361711,38.6022,35.2192,129.2336,132.6166,0.00290122,0.00297717,0.00015071,43.8431,45.4342,0.1903,6.9932,0.3858,1856.0227,36.7500,42.7628,43.8759,23.144,38.5733,57.0806,78.5279,103.7829,155.6743,31.1349,-5.1431,2.690537,4.035805,1.136617,24,140,35,5,0.02880006,0.00376782,0.25196217,0E-8,0.000000,0.899616,0.000000,-0.25555432,2026-04-30,2026-07-25,24,435,233,87,0.275862,0.974631,0.975362,0.096000,,,,,,,,GLOBAL_BASELINE_NO_ENTITY_RANKING,,,NOT_APPLICABLE_GLOBAL_BASELINE,HF9g-P5,,,,X 全窗基线 · 不参与实体赏罚,6870879,688,A168_HF9F_20260827_0900,2026-08-27 09:00:00
2026-06-09,149351693,2117,0,12.8577673773,-12.8577673773,-12.8577673773,0E-7,1,1,0.50665070000000000,0.506650700000,-1.013391052207602,-1.013391052207602,-1.013391052207602,0E-17,ELIGIBLE,R03b_20260811_FULL_v1,L1_ELIGIBILITY,v2026-08-11,2026-03-21..2026-08-06,baccarat_bet02_101_all_pairs_incl_sentinel,round_win = game_pnl > 0 (decisive only),COMPATIBILITY_ONLY_NOT_PRODUCTION,44544.5453,40072.9644,167.8358,1016,882,-0.00376782,-0.25196217,0.00359216,-0.00376782,-167.8358,44544.5453,OK,0.0000,6.7134,4.0000,96.0000,AG03-UNRESOLVED,ALL5_LEVELS_bet23_to_bet27,6.7134,6.7134,8.3918,8.3918,8.3918,4.000000,4.000000,5.000000,5.000000,5.000000,96.000000,96.000000,95.000000,95.000000,95.000000,5.0,38.6022,35.2192,129.2336,132.6166,PENDING_AG03,FALSE,NOT_FOR_ENFORCEMENT,161.1224,38470.0458,167.8358,161.1224,6.7134,0.00376782,0.00361711,6.7134,161.1224,0.00361711,6.7134,6.7134,8.3918,8.3918,8.3918,161.1224,0.00361711,38.6022,35.2192,129.2336,132.6166,0.00290122,0.00297717,0.00015071,43.8431,45.4342,0.1903,6.9932,0.3858,1856.0227,36.7500,42.7628,43.8759,23.144,38.5733,57.0806,78.5279,103.7829,155.6743,31.1349,-5.1431,2.690537,4.035805,1.136617,24,140,35,5,0.02880006,0.00376782,0.25196217,0E-8,0.000000,0.899616,0.000000,-0.25555432,2026-04-30,2026-07-25,24,435,233,87,0.275862,0.974631,0.975362,0.096000,,,,,,,,GLOBAL_BASELINE_NO_ENTITY_RANKING,,,NOT_APPLICABLE_GLOBAL_BASELINE,HF9g-P5,,,,X 全窗基线 · 不参与实体赏罚,6870880,688,A168_HF9F_20260827_0900,2026-08-27 09:00:00
2026-06-09,149351693,2141,0,59.1457299354,16.0722092217,16.0722092217,0.6666667,3,3,0.50218230000000000,0.502182300000,0.5697959874915163,0.5697959874915164,0.5697959874915163,0E-17,ELIGIBLE,R03b_20260811_FULL_v1,L1_ELIGIBILITY,v2026-08-11,2026-03-21..2026-08-06,baccarat_bet02_101_all_pairs_incl_sentinel,round_win = game_pnl > 0 (decisive only),COMPATIBILITY_ONLY_NOT_PRODUCTION,44544.5453,40072.9644,167.8358,1016,882,-0.00376782,-0.25196217,0.00359216,-0.00376782,-167.8358,44544.5453,OK,0.0000,6.7134,4.0000,96.0000,AG03-UNRESOLVED,ALL5_LEVELS_bet23_to_bet27,6.7134,6.7134,8.3918,8.3918,8.3918,4.000000,4.000000,5.000000,5.000000,5.000000,96.000000,96.000000,95.000000,95.000000,95.000000,5.0,38.6022,35.2192,129.2336,132.6166,PENDING_AG03,FALSE,NOT_FOR_ENFORCEMENT,161.1224,38470.0458,167.8358,161.1224,6.7134,0.00376782,0.00361711,6.7134,161.1224,0.00361711,6.7134,6.7134,8.3918,8.3918,8.3918,161.1224,0.00361711,38.6022,35.2192,129.2336,132.6166,0.00290122,0.00297717,0.00015071,43.8431,45.4342,0.1903,6.9932,0.3858,1856.0227,36.7500,42.7628,43.8759,23.144,38.5733,57.0806,78.5279,103.7829,155.6743,31.1349,-5.1431,2.690537,4.035805,1.136617,24,140,35,5,0.02880006,0.00376782,0.25196217,0E-8,0.000000,0.899616,0.000000,-0.25555432,2026-04-30,2026-07-25,24,435,233,87,0.275862,0.974631,0.975362,0.096000,,,,,,,,GLOBAL_BASELINE_NO_ENTITY_RANKING,,,NOT_APPLICABLE_GLOBAL_BASELINE,HF9g-P5,,,,X 全窗基线 · 不参与实体赏罚,6870881,688,A168_HF9F_20260827_0900,2026-08-27 09:00:00
2026-06-09,149351693,2162,0,39.0876128269,-14.0149664412,-14.0149664412,0.5000000,2,2,0.50665070000000000,0.506650700000,-0.018812684590367487,-0.018812684590367487,-0.018812684590367487,0E-17,ELIGIBLE,R03b_20260811_FULL_v1,L1_ELIGIBILITY,v2026-08-11,2026-03-21..2026-08-06,baccarat_bet02_101_all_pairs_incl_sentinel,round_win = game_pnl > 0 (decisive only),COMPATIBILITY_ONLY_NOT_PRODUCTION,44544.5453,40072.9644,167.8358,1016,882,-0.00376782,-0.25196217,0.00359216,-0.00376782,-167.8358,44544.5453,OK,0.0000,6.7134,4.0000,96.0000,AG03-UNRESOLVED,ALL5_LEVELS_bet23_to_bet27,6.7134,6.7134,8.3918,8.3918,8.3918,4.000000,4.000000,5.000000,5.000000,5.000000,96.000000,96.000000,95.000000,95.000000,95.000000,5.0,38.6022,35.2192,129.2336,132.6166,PENDING_AG03,FALSE,NOT_FOR_ENFORCEMENT,161.1224,38470.0458,167.8358,161.1224,6.7134,0.00376782,0.00361711,6.7134,161.1224,0.00361711,6.7134,6.7134,8.3918,8.3918,8.3918,161.1224,0.00361711,38.6022,35.2192,129.2336,132.6166,0.00290122,0.00297717,0.00015071,43.8431,45.4342,0.1903,6.9932,0.3858,1856.0227,36.7500,42.7628,43.8759,23.144,38.5733,57.0806,78.5279,103.7829,155.6743,31.1349,-5.1431,2.690537,4.035805,1.136617,24,140,35,5,0.02880006,0.00376782,0.25196217,0E-8,0.000000,0.899616,0.000000,-0.25555432,2026-04-30,2026-07-25,24,435,233,87,0.275862,0.974631,0.975362,0.096000,,,,,,,,GLOBAL_BASELINE_NO_ENTITY_RANKING,,,NOT_APPLICABLE_GLOBAL_BASELINE,HF9g-P5,,,,X 全窗基线 · 不参与实体赏罚,6870882,688,A168_HF9F_20260827_0900,2026-08-27 09:00:00
2026-06-09,149351693,2175,0,51.4310695090,0E-10,0E-10,0.5000000,2,2,0.49994810000000000,0.499948100000,0.00014679536856514622,0.00014679536856514622,0.00014679536856514622,0E-17,ELIGIBLE,R03b_20260811_FULL_v1,L1_ELIGIBILITY,v2026-08-11,2026-03-21..2026-08-06,baccarat_bet02_101_all_pairs_incl_sentinel,round_win = game_pnl > 0 (decisive only),COMPATIBILITY_ONLY_NOT_PRODUCTION,44544.5453,40072.9644,167.8358,1016,882,-0.00376782,-0.25196217,0.00359216,-0.00376782,-167.8358,44544.5453,OK,0.0000,6.7134,4.0000,96.0000,AG03-UNRESOLVED,ALL5_LEVELS_bet23_to_bet27,6.7134,6.7134,8.3918,8.3918,8.3918,4.000000,4.000000,5.000000,5.000000,5.000000,96.000000,96.000000,95.000000,95.000000,95.000000,5.0,38.6022,35.2192,129.2336,132.6166,PENDING_AG03,FALSE,NOT_FOR_ENFORCEMENT,161.1224,38470.0458,167.8358,161.1224,6.7134,0.00376782,0.00361711,6.7134,161.1224,0.00361711,6.7134,6.7134,8.3918,8.3918,8.3918,161.1224,0.00361711,38.6022,35.2192,129.2336,132.6166,0.00290122,0.00297717,0.00015071,43.8431,45.4342,0.1903,6.9932,0.3858,1856.0227,36.7500,42.7628,43.8759,23.144,38.5733,57.0806,78.5279,103.7829,155.6743,31.1349,-5.1431,2.690537,4.035805,1.136617,24,140,35,5,0.02880006,0.00376782,0.25196217,0E-8,0.000000,0.899616,0.000000,-0.25555432,2026-04-30,2026-07-25,24,435,233,87,0.275862,0.974631,0.975362,0.096000,,,,,,,,GLOBAL_BASELINE_NO_ENTITY_RANKING,,,NOT_APPLICABLE_GLOBAL_BASELINE,HF9g-P5,,,,X 全窗基线 · 不参与实体赏罚,6870883,688,A168_HF9F_20260827_0900,2026-08-27 09:00:00
2026-06-09,149351693,2224,0,23.1439812791,-23.1439812791,-23.1439812791,0E-7,1,1,0.49324550000000000,0.493245500000,-0.9865810262130424,-0.9865810262130424,-0.9865810262130424,0E-17,ELIGIBLE,R03b_20260811_FULL_v1,L1_ELIGIBILITY,v2026-08-11,2026-03-21..2026-08-06,baccarat_bet02_101_all_pairs_incl_sentinel,round_win = game_pnl > 0 (decisive only),COMPATIBILITY_ONLY_NOT_PRODUCTION,44544.5453,40072.9644,167.8358,1016,882,-0.00376782,-0.25196217,0.00359216,-0.00376782,-167.8358,44544.5453,OK,0.0000,6.7134,4.0000,96.0000,AG03-UNRESOLVED,ALL5_LEVELS_bet23_to_bet27,6.7134,6.7134,8.3918,8.3918,8.3918,4.000000,4.000000,5.000000,5.000000,5.000000,96.000000,96.000000,95.000000,95.000000,95.000000,5.0,38.6022,35.2192,129.2336,132.6166,PENDING_AG03,FALSE,NOT_FOR_ENFORCEMENT,161.1224,38470.0458,167.8358,161.1224,6.7134,0.00376782,0.00361711,6.7134,161.1224,0.00361711,6.7134,6.7134,8.3918,8.3918,8.3918,161.1224,0.00361711,38.6022,35.2192,129.2336,132.6166,0.00290122,0.00297717,0.00015071,43.8431,45.4342,0.1903,6.9932,0.3858,1856.0227,36.7500,42.7628,43.8759,23.144,38.5733,57.0806,78.5279,103.7829,155.6743,31.1349,-5.1431,2.690537,4.035805,1.136617,24,140,35,5,0.02880006,0.00376782,0.25196217,0E-8,0.000000,0.899616,0.000000,-0.25555432,2026-04-30,2026-07-25,24,435,233,87,0.275862,0.974631,0.975362,0.096000,,,,,,,,GLOBAL_BASELINE_NO_ENTITY_RANKING,,,NOT_APPLICABLE_GLOBAL_BASELINE,HF9g-P5,,,,X 全窗基线 · 不参与实体赏罚,6870884,688,A168_HF9F_20260827_0900,2026-08-27 09:00:00
2026-06-09,149351693,2229,0,56.5741764600,18.6437626970,18.6437626970,0.6666667,3,3,0.50665070000000000,0.506650700000,0.5543606114942035,0.5543606114942035,0.5543606114942035,0E-17,ELIGIBLE,R03b_20260811_FULL_v1,L1_ELIGIBILITY,v2026-08-11,2026-03-21..2026-08-06,baccarat_bet02_101_all_pairs_incl_sentinel,round_win = game_pnl > 0 (decisive only),COMPATIBILITY_ONLY_NOT_PRODUCTION,44544.5453,40072.9644,167.8358,1016,882,-0.00376782,-0.25196217,0.00359216,-0.00376782,-167.8358,44544.5453,OK,0.0000,6.7134,4.0000,96.0000,AG03-UNRESOLVED,ALL5_LEVELS_bet23_to_bet27,6.7134,6.7134,8.3918,8.3918,8.3918,4.000000,4.000000,5.000000,5.000000,5.000000,96.000000,96.000000,95.000000,95.000000,95.000000,5.0,38.6022,35.2192,129.2336,132.6166,PENDING_AG03,FALSE,NOT_FOR_ENFORCEMENT,161.1224,38470.0458,167.8358,161.1224,6.7134,0.00376782,0.00361711,6.7134,161.1224,0.00361711,6.7134,6.7134,8.3918,8.3918,8.3918,161.1224,0.00361711,38.6022,35.2192,129.2336,132.6166,0.00290122,0.00297717,0.00015071,43.8431,45.4342,0.1903,6.9932,0.3858,1856.0227,36.7500,42.7628,43.8759,23.144,38.5733,57.0806,78.5279,103.7829,155.6743,31.1349,-5.1431,2.690537,4.035805,1.136617,24,140,35,5,0.02880006,0.00376782,0.25196217,0E-8,0.000000,0.899616,0.000000,-0.25555432,2026-04-30,2026-07-25,24,435,233,87,0.275862,0.974631,0.975362,0.096000,,,,,,,,GLOBAL_BASELINE_NO_ENTITY_RANKING,,,NOT_APPLICABLE_GLOBAL_BASELINE,HF9g-P5,,,,X 全窗基线 · 不参与实体赏罚,6870885,688,A168_HF9F_20260827_0900,2026-08-27 09:00:00
2026-06-09,149351693,2256,0,12.8577673773,12.2148790084,12.2148790084,1.0000000,1,1,0.50665070000000000,0.506650700000,0.9867858985152569,0.9867858985152569,0.9867858985152569,0E-17,ELIGIBLE,R03b_20260811_FULL_v1,L1_ELIGIBILITY,v2026-08-11,2026-03-21..2026-08-06,baccarat_bet02_101_all_pairs_incl_sentinel,round_win = game_pnl > 0 (decisive only),COMPATIBILITY_ONLY_NOT_PRODUCTION,44544.5453,40072.9644,167.8358,1016,882,-0.00376782,-0.25196217,0.00359216,-0.00376782,-167.8358,44544.5453,OK,0.0000,6.7134,4.0000,96.0000,AG03-UNRESOLVED,ALL5_LEVELS_bet23_to_bet27,6.7134,6.7134,8.3918,8.3918,8.3918,4.000000,4.000000,5.000000,5.000000,5.000000,96.000000,96.000000,95.000000,95.000000,95.000000,5.0,38.6022,35.2192,129.2336,132.6166,PENDING_AG03,FALSE,NOT_FOR_ENFORCEMENT,161.1224,38470.0458,167.8358,161.1224,6.7134,0.00376782,0.00361711,6.7134,161.1224,0.00361711,6.7134,6.7134,8.3918,8.3918,8.3918,161.1224,0.00361711,38.6022,35.2192,129.2336,132.6166,0.00290122,0.00297717,0.00015071,43.8431,45.4342,0.1903,6.9932,0.3858,1856.0227,36.7500,42.7628,43.8759,23.144,38.5733,57.0806,78.5279,103.7829,155.6743,31.1349,-5.1431,2.690537,4.035805,1.136617,24,140,35,5,0.02880006,0.00376782,0.25196217,0E-8,0.000000,0.899616,0.000000,-0.25555432,2026-04-30,2026-07-25,24,435,233,87,0.275862,0.974631,0.975362,0.096000,,,,,,,,GLOBAL_BASELINE_NO_ENTITY_RANKING,,,NOT_APPLICABLE_GLOBAL_BASELINE,HF9g-P5,,,,X 全窗基线 · 不参与实体赏罚,6870886,688,A168_HF9F_20260827_0900,2026-08-27 09:00:00
2026-06-09,149351693,2281,0,20.5724278036,-20.5724278036,-20.5724278036,0E-7,1,1,0.50665070000000000,0.506650700000,-1.013391052207602,-1.013391052207602,-1.013391052207602,0E-17,ELIGIBLE,R03b_20260811_FULL_v1,L1_ELIGIBILITY,v2026-08-11,2026-03-21..2026-08-06,baccarat_bet02_101_all_pairs_incl_sentinel,round_win = game_pnl > 0 (decisive only),COMPATIBILITY_ONLY_NOT_PRODUCTION,44544.5453,40072.9644,167.8358,1016,882,-0.00376782,-0.25196217,0.00359216,-0.00376782,-167.8358,44544.5453,OK,0.0000,6.7134,4.0000,96.0000,AG03-UNRESOLVED,ALL5_LEVELS_bet23_to_bet27,6.7134,6.7134,8.3918,8.3918,8.3918,4.000000,4.000000,5.000000,5.000000,5.000000,96.000000,96.000000,95.000000,95.000000,95.000000,5.0,38.6022,35.2192,129.2336,132.6166,PENDING_AG03,FALSE,NOT_FOR_ENFORCEMENT,161.1224,38470.0458,167.8358,161.1224,6.7134,0.00376782,0.00361711,6.7134,161.1224,0.00361711,6.7134,6.7134,8.3918,8.3918,8.3918,161.1224,0.00361711,38.6022,35.2192,129.2336,132.6166,0.00290122,0.00297717,0.00015071,43.8431,45.4342,0.1903,6.9932,0.3858,1856.0227,36.7500,42.7628,43.8759,23.144,38.5733,57.0806,78.5279,103.7829,155.6743,31.1349,-5.1431,2.690537,4.035805,1.136617,24,140,35,5,0.02880006,0.00376782,0.25196217,0E-8,0.000000,0.899616,0.000000,-0.25555432,2026-04-30,2026-07-25,24,435,233,87,0.275862,0.974631,0.975362,0.096000,,,,,,,,GLOBAL_BASELINE_NO_ENTITY_RANKING,,,NOT_APPLICABLE_GLOBAL_BASELINE,HF9g-P5,,,,X 全窗基线 · 不参与实体赏罚,6870887,688,A168_HF9F_20260827_0900,2026-08-27 09:00:00
2026-06-09,149351693,462,0,23.1439812791,-23.1439812791,-23.1439812791,0E-7,1,1,0.49324550000000000,0.493245500000,-0.9865810262130424,-0.9865810262130424,-0.9865810262130424,0E-17,ELIGIBLE,R03b_20260811_FULL_v1,L1_ELIGIBILITY,v2026-08-11,2026-03-21..2026-08-06,baccarat_bet02_101_all_pairs_incl_sentinel,round_win = game_pnl > 0 (decisive only),COMPATIBILITY_ONLY_NOT_PRODUCTION,44544.5453,40072.9644,167.8358,1016,882,-0.00376782,-0.25196217,0.00359216,-0.00376782,-167.8358,44544.5453,OK,0.0000,6.7134,4.0000,96.0000,AG03-UNRESOLVED,ALL5_LEVELS_bet23_to_bet27,6.7134,6.7134,8.3918,8.3918,8.3918,4.000000,4.000000,5.000000,5.000000,5.000000,96.000000,96.000000,95.000000,95.000000,95.000000,5.0,38.6022,35.2192,129.2336,132.6166,PENDING_AG03,FALSE,NOT_FOR_ENFORCEMENT,161.1224,38470.0458,167.8358,161.1224,6.7134,0.00376782,0.00361711,6.7134,161.1224,0.00361711,6.7134,6.7134,8.3918,8.3918,8.3918,161.1224,0.00361711,38.6022,35.2192,129.2336,132.6166,0.00290122,0.00297717,0.00015071,43.8431,45.4342,0.1903,6.9932,0.3858,1856.0227,36.7500,42.7628,43.8759,23.144,38.5733,57.0806,78.5279,103.7829,155.6743,31.1349,-5.1431,2.690537,4.035805,1.136617,24,140,35,5,0.02880006,0.00376782,0.25196217,0E-8,0.000000,0.899616,0.000000,-0.25555432,2026-04-30,2026-07-25,24,435,233,87,0.275862,0.974631,0.975362,0.096000,,,,,,,,GLOBAL_BASELINE_NO_ENTITY_RANKING,,,NOT_APPLICABLE_GLOBAL_BASELINE,HF9g-P5,,,,X 全窗基线 · 不参与实体赏罚,6870888,688,A168_HF9F_20260827_0900,2026-08-27 09:00:00
2026-06-09,149351693,583,0,48.8595160337,11.3148352920,11.3148352920,0.6666667,3,3,0.50665070000000000,0.506650700000,0.5543606114942035,0.5543606114942035,0.5543606114942035,0E-17,ELIGIBLE,R03b_20260811_FULL_v1,L1_ELIGIBILITY,v2026-08-11,2026-03-21..2026-08-06,baccarat_bet02_101_all_pairs_incl_sentinel,round_win = game_pnl > 0 (decisive only),COMPATIBILITY_ONLY_NOT_PRODUCTION,44544.5453,40072.9644,167.8358,1016,882,-0.00376782,-0.25196217,0.00359216,-0.00376782,-167.8358,44544.5453,OK,0.0000,6.7134,4.0000,96.0000,AG03-UNRESOLVED,ALL5_LEVELS_bet23_to_bet27,6.7134,6.7134,8.3918,8.3918,8.3918,4.000000,4.000000,5.000000,5.000000,5.000000,96.000000,96.000000,95.000000,95.000000,95.000000,5.0,38.6022,35.2192,129.2336,132.6166,PENDING_AG03,FALSE,NOT_FOR_ENFORCEMENT,161.1224,38470.0458,167.8358,161.1224,6.7134,0.00376782,0.00361711,6.7134,161.1224,0.00361711,6.7134,6.7134,8.3918,8.3918,8.3918,161.1224,0.00361711,38.6022,35.2192,129.2336,132.6166,0.00290122,0.00297717,0.00015071,43.8431,45.4342,0.1903,6.9932,0.3858,1856.0227,36.7500,42.7628,43.8759,23.144,38.5733,57.0806,78.5279,103.7829,155.6743,31.1349,-5.1431,2.690537,4.035805,1.136617,24,140,35,5,0.02880006,0.00376782,0.25196217,0E-8,0.000000,0.899616,0.000000,-0.25555432,2026-04-30,2026-07-25,24,435,233,87,0.275862,0.974631,0.975362,0.096000,,,,,,,,GLOBAL_BASELINE_NO_ENTITY_RANKING,,,NOT_APPLICABLE_GLOBAL_BASELINE,HF9g-P5,,,,X 全窗基线 · 不参与实体赏罚,6870889,688,A168_HF9F_20260827_0900,2026-08-27 09:00:00
2026-06-09,149351693,763,0,84.8612646900,8.3575487953,8.3575487953,0.6666667,4,4,0.50665070000000000,0.506650700000,0.5543606114942035,0.5543606114942035,0.5543606114942035,0E-17,ELIGIBLE,R03b_20260811_FULL_v1,L1_ELIGIBILITY,v2026-08-11,2026-03-21..2026-08-06,baccarat_bet02_101_all_pairs_incl_sentinel,round_win = game_pnl > 0 (decisive only),COMPATIBILITY_ONLY_NOT_PRODUCTION,44544.5453,40072.9644,167.8358,1016,882,-0.00376782,-0.25196217,0.00359216,-0.00376782,-167.8358,44544.5453,OK,0.0000,6.7134,4.0000,96.0000,AG03-UNRESOLVED,ALL5_LEVELS_bet23_to_bet27,6.7134,6.7134,8.3918,8.3918,8.3918,4.000000,4.000000,5.000000,5.000000,5.000000,96.000000,96.000000,95.000000,95.000000,95.000000,5.0,38.6022,35.2192,129.2336,132.6166,PENDING_AG03,FALSE,NOT_FOR_ENFORCEMENT,161.1224,38470.0458,167.8358,161.1224,6.7134,0.00376782,0.00361711,6.7134,161.1224,0.00361711,6.7134,6.7134,8.3918,8.3918,8.3918,161.1224,0.00361711,38.6022,35.2192,129.2336,132.6166,0.00290122,0.00297717,0.00015071,43.8431,45.4342,0.1903,6.9932,0.3858,1856.0227,36.7500,42.7628,43.8759,23.144,38.5733,57.0806,78.5279,103.7829,155.6743,31.1349,-5.1431,2.690537,4.035805,1.136617,24,140,35,5,0.02880006,0.00376782,0.25196217,0E-8,0.000000,0.899616,0.000000,-0.25555432,2026-04-30,2026-07-25,24,435,233,87,0.275862,0.974631,0.975362,0.096000,,,,,,,,GLOBAL_BASELINE_NO_ENTITY_RANKING,,,NOT_APPLICABLE_GLOBAL_BASELINE,HF9g-P5,,,,X 全窗基线 · 不参与实体赏罚,6870890,688,A168_HF9F_20260827_0900,2026-08-27 09:00:00
2026-06-19,149351693,1299,0,25.7155347545,-25.7155347545,-25.7155347545,0E-7,1,1,0.50665070000000000,0.506650700000,-1.013391052207602,-1.013391052207602,-1.013391052207602,0E-17,ELIGIBLE,R03b_20260811_FULL_v1,L1_ELIGIBILITY,v2026-08-11,2026-03-21..2026-08-06,baccarat_bet02_101_all_pairs_incl_sentinel,round_win = game_pnl > 0 (decisive only),COMPATIBILITY_ONLY_NOT_PRODUCTION,44544.5453,40072.9644,167.8358,1016,882,-0.00376782,-0.25196217,0.00359216,-0.00376782,-167.8358,44544.5453,OK,0.0000,6.7134,4.0000,96.0000,AG03-UNRESOLVED,ALL5_LEVELS_bet23_to_bet27,6.7134,6.7134,8.3918,8.3918,8.3918,4.000000,4.000000,5.000000,5.000000,5.000000,96.000000,96.000000,95.000000,95.000000,95.000000,5.0,38.6022,35.2192,129.2336,132.6166,PENDING_AG03,FALSE,NOT_FOR_ENFORCEMENT,161.1224,38470.0458,167.8358,161.1224,6.7134,0.00376782,0.00361711,6.7134,161.1224,0.00361711,6.7134,6.7134,8.3918,8.3918,8.3918,161.1224,0.00361711,38.6022,35.2192,129.2336,132.6166,0.00290122,0.00297717,0.00015071,43.8431,45.4342,0.1903,6.9932,0.3858,1856.0227,36.7500,42.7628,43.8759,23.144,38.5733,57.0806,78.5279,103.7829,155.6743,31.1349,-5.1431,2.690537,4.035805,1.136617,24,140,35,5,0.02880006,0.00376782,0.25196217,0E-8,0.000000,0.899616,0.000000,-0.25555432,2026-04-30,2026-07-25,24,435,233,87,0.275862,0.974631,0.975362,0.096000,,,,,,,,GLOBAL_BASELINE_NO_ENTITY_RANKING,,,NOT_APPLICABLE_GLOBAL_BASELINE,HF9g-P5,,,,X 全窗基线 · 不参与实体赏罚,6870891,688,A168_HF9F_20260827_0900,2026-08-27 09:00:00
2026-06-19,149351693,1306,0,49.8881374238,-16.7922441947,-16.7922441947,0.5000000,2,2,0.50665070000000000,0.506650700000,-0.018812684590367487,-0.018812684590367487,-0.018812684590367487,0E-17,ELIGIBLE,R03b_20260811_FULL_v1,L1_ELIGIBILITY,v2026-08-11,2026-03-21..2026-08-06,baccarat_bet02_101_all_pairs_incl_sentinel,round_win = game_pnl > 0 (decisive only),COMPATIBILITY_ONLY_NOT_PRODUCTION,44544.5453,40072.9644,167.8358,1016,882,-0.00376782,-0.25196217,0.00359216,-0.00376782,-167.8358,44544.5453,OK,0.0000,6.7134,4.0000,96.0000,AG03-UNRESOLVED,ALL5_LEVELS_bet23_to_bet27,6.7134,6.7134,8.3918,8.3918,8.3918,4.000000,4.000000,5.000000,5.000000,5.000000,96.000000,96.000000,95.000000,95.000000,95.000000,5.0,38.6022,35.2192,129.2336,132.6166,PENDING_AG03,FALSE,NOT_FOR_ENFORCEMENT,161.1224,38470.0458,167.8358,161.1224,6.7134,0.00376782,0.00361711,6.7134,161.1224,0.00361711,6.7134,6.7134,8.3918,8.3918,8.3918,161.1224,0.00361711,38.6022,35.2192,129.2336,132.6166,0.00290122,0.00297717,0.00015071,43.8431,45.4342,0.1903,6.9932,0.3858,1856.0227,36.7500,42.7628,43.8759,23.144,38.5733,57.0806,78.5279,103.7829,155.6743,31.1349,-5.1431,2.690537,4.035805,1.136617,24,140,35,5,0.02880006,0.00376782,0.25196217,0E-8,0.000000,0.899616,0.000000,-0.25555432,2026-04-30,2026-07-25,24,435,233,87,0.275862,0.974631,0.975362,0.096000,,,,,,,,GLOBAL_BASELINE_NO_ENTITY_RANKING,,,NOT_APPLICABLE_GLOBAL_BASELINE,HF9g-P5,,,,X 全窗基线 · 不参与实体赏罚,6870892,688,A168_HF9F_20260827_0900,2026-08-27 09:00:00
2026-06-19,149351693,1307,0,21.8582045414,20.7652943143,20.7652943143,1.0000000,1,1,0.50665070000000000,0.506650700000,0.9867858985152569,0.9867858985152569,0.9867858985152569,0E-17,ELIGIBLE,R03b_20260811_FULL_v1,L1_ELIGIBILITY,v2026-08-11,2026-03-21..2026-08-06,baccarat_bet02_101_all_pairs_incl_sentinel,round_win = game_pnl > 0 (decisive only),COMPATIBILITY_ONLY_NOT_PRODUCTION,44544.5453,40072.9644,167.8358,1016,882,-0.00376782,-0.25196217,0.00359216,-0.00376782,-167.8358,44544.5453,OK,0.0000,6.7134,4.0000,96.0000,AG03-UNRESOLVED,ALL5_LEVELS_bet23_to_bet27,6.7134,6.7134,8.3918,8.3918,8.3918,4.000000,4.000000,5.000000,5.000000,5.000000,96.000000,96.000000,95.000000,95.000000,95.000000,5.0,38.6022,35.2192,129.2336,132.6166,PENDING_AG03,FALSE,NOT_FOR_ENFORCEMENT,161.1224,38470.0458,167.8358,161.1224,6.7134,0.00376782,0.00361711,6.7134,161.1224,0.00361711,6.7134,6.7134,8.3918,8.3918,8.3918,161.1224,0.00361711,38.6022,35.2192,129.2336,132.6166,0.00290122,0.00297717,0.00015071,43.8431,45.4342,0.1903,6.9932,0.3858,1856.0227,36.7500,42.7628,43.8759,23.144,38.5733,57.0806,78.5279,103.7829,155.6743,31.1349,-5.1431,2.690537,4.035805,1.136617,24,140,35,5,0.02880006,0.00376782,0.25196217,0E-8,0.000000,0.899616,0.000000,-0.25555432,2026-04-30,2026-07-25,24,435,233,87,0.275862,0.974631,0.975362,0.096000,,,,,,,,GLOBAL_BASELINE_NO_ENTITY_RANKING,,,NOT_APPLICABLE_GLOBAL_BASELINE,HF9g-P5,,,,X 全窗基线 · 不参与实体赏罚,6870893,688,A168_HF9F_20260827_0900,2026-08-27 09:00:00
2026-06-19,149351693,1402,0,64.2888368863,-64.2888368863,-64.2888368863,0E-7,2,2,0.49324550000000000,0.493245500000,-1.3952362676504506,-1.3952362676504506,-1.3952362676504506,0E-17,ELIGIBLE,R03b_20260811_FULL_v1,L1_ELIGIBILITY,v2026-08-11,2026-03-21..2026-08-06,baccarat_bet02_101_all_pairs_incl_sentinel,round_win = game_pnl > 0 (decisive only),COMPATIBILITY_ONLY_NOT_PRODUCTION,44544.5453,40072.9644,167.8358,1016,882,-0.00376782,-0.25196217,0.00359216,-0.00376782,-167.8358,44544.5453,OK,0.0000,6.7134,4.0000,96.0000,AG03-UNRESOLVED,ALL5_LEVELS_bet23_to_bet27,6.7134,6.7134,8.3918,8.3918,8.3918,4.000000,4.000000,5.000000,5.000000,5.000000,96.000000,96.000000,95.000000,95.000000,95.000000,5.0,38.6022,35.2192,129.2336,132.6166,PENDING_AG03,FALSE,NOT_FOR_ENFORCEMENT,161.1224,38470.0458,167.8358,161.1224,6.7134,0.00376782,0.00361711,6.7134,161.1224,0.00361711,6.7134,6.7134,8.3918,8.3918,8.3918,161.1224,0.00361711,38.6022,35.2192,129.2336,132.6166,0.00290122,0.00297717,0.00015071,43.8431,45.4342,0.1903,6.9932,0.3858,1856.0227,36.7500,42.7628,43.8759,23.144,38.5733,57.0806,78.5279,103.7829,155.6743,31.1349,-5.1431,2.690537,4.035805,1.136617,24,140,35,5,0.02880006,0.00376782,0.25196217,0E-8,0.000000,0.899616,0.000000,-0.25555432,2026-04-30,2026-07-25,24,435,233,87,0.275862,0.974631,0.975362,0.096000,,,,,,,,GLOBAL_BASELINE_NO_ENTITY_RANKING,,,NOT_APPLICABLE_GLOBAL_BASELINE,HF9g-P5,,,,X 全窗基线 · 不参与实体赏罚,6870894,688,A168_HF9F_20260827_0900,2026-08-27 09:00:00
2026-06-19,149351693,2164,0,64.2888368863,24.4297580168,24.4297580168,1.0000000,2,2,0.50665070000000000,0.506650700000,0.9867858985152569,0.9867858985152569,0.9867858985152569,0E-17,ELIGIBLE,R03b_20260811_FULL_v1,L1_ELIGIBILITY,v2026-08-11,2026-03-21..2026-08-06,baccarat_bet02_101_all_pairs_incl_sentinel,round_win = game_pnl > 0 (decisive only),COMPATIBILITY_ONLY_NOT_PRODUCTION,44544.5453,40072.9644,167.8358,1016,882,-0.00376782,-0.25196217,0.00359216,-0.00376782,-167.8358,44544.5453,OK,0.0000,6.7134,4.0000,96.0000,AG03-UNRESOLVED,ALL5_LEVELS_bet23_to_bet27,6.7134,6.7134,8.3918,8.3918,8.3918,4.000000,4.000000,5.000000,5.000000,5.000000,96.000000,96.000000,95.000000,95.000000,95.000000,5.0,38.6022,35.2192,129.2336,132.6166,PENDING_AG03,FALSE,NOT_FOR_ENFORCEMENT,161.1224,38470.0458,167.8358,161.1224,6.7134,0.00376782,0.00361711,6.7134,161.1224,0.00361711,6.7134,6.7134,8.3918,8.3918,8.3918,161.1224,0.00361711,38.6022,35.2192,129.2336,132.6166,0.00290122,0.00297717,0.00015071,43.8431,45.4342,0.1903,6.9932,0.3858,1856.0227,36.7500,42.7628,43.8759,23.144,38.5733,57.0806,78.5279,103.7829,155.6743,31.1349,-5.1431,2.690537,4.035805,1.136617,24,140,35,5,0.02880006,0.00376782,0.25196217,0E-8,0.000000,0.899616,0.000000,-0.25555432,2026-04-30,2026-07-25,24,435,233,87,0.275862,0.974631,0.975362,0.096000,,,,,,,,GLOBAL_BASELINE_NO_ENTITY_RANKING,,,NOT_APPLICABLE_GLOBAL_BASELINE,HF9g-P5,,,,X 全窗基线 · 不参与实体赏罚,6870895,688,A168_HF9F_20260827_0900,2026-08-27 09:00:00
2026-06-19,149351693,2223,0,75.8608275258,21.9224933783,21.9224933783,0.6666667,3,3,0.50665070000000000,0.506650700000,0.5543606114942035,0.5543606114942035,0.5543606114942035,0E-17,ELIGIBLE,R03b_20260811_FULL_v1,L1_ELIGIBILITY,v2026-08-11,2026-03-21..2026-08-06,baccarat_bet02_101_all_pairs_incl_sentinel,round_win = game_pnl > 0 (decisive only),COMPATIBILITY_ONLY_NOT_PRODUCTION,44544.5453,40072.9644,167.8358,1016,882,-0.00376782,-0.25196217,0.00359216,-0.00376782,-167.8358,44544.5453,OK,0.0000,6.7134,4.0000,96.0000,AG03-UNRESOLVED,ALL5_LEVELS_bet23_to_bet27,6.7134,6.7134,8.3918,8.3918,8.3918,4.000000,4.000000,5.000000,5.000000,5.000000,96.000000,96.000000,95.000000,95.000000,95.000000,5.0,38.6022,35.2192,129.2336,132.6166,PENDING_AG03,FALSE,NOT_FOR_ENFORCEMENT,161.1224,38470.0458,167.8358,161.1224,6.7134,0.00376782,0.00361711,6.7134,161.1224,0.00361711,6.7134,6.7134,8.3918,8.3918,8.3918,161.1224,0.00361711,38.6022,35.2192,129.2336,132.6166,0.00290122,0.00297717,0.00015071,43.8431,45.4342,0.1903,6.9932,0.3858,1856.0227,36.7500,42.7628,43.8759,23.144,38.5733,57.0806,78.5279,103.7829,155.6743,31.1349,-5.1431,2.690537,4.035805,1.136617,24,140,35,5,0.02880006,0.00376782,0.25196217,0E-8,0.000000,0.899616,0.000000,-0.25555432,2026-04-30,2026-07-25,24,435,233,87,0.275862,0.974631,0.975362,0.096000,,,,,,,,GLOBAL_BASELINE_NO_ENTITY_RANKING,,,NOT_APPLICABLE_GLOBAL_BASELINE,HF9g-P5,,,,X 全窗基线 · 不参与实体赏罚,6870896,688,A168_HF9F_20260827_0900,2026-08-27 09:00:00
2026-06-19,149351693,2272,0,77.1466042635,-25.7155347545,-25.7155347545,0E-7,3,3,0.50218230000000000,0.502182300000,-1.0043741665754933,-1.0043741665754933,-1.0043741665754933,0E-17,ELIGIBLE,R03b_20260811_FULL_v1,L1_ELIGIBILITY,v2026-08-11,2026-03-21..2026-08-06,baccarat_bet02_101_all_pairs_incl_sentinel,round_win = game_pnl > 0 (decisive only),COMPATIBILITY_ONLY_NOT_PRODUCTION,44544.5453,40072.9644,167.8358,1016,882,-0.00376782,-0.25196217,0.00359216,-0.00376782,-167.8358,44544.5453,OK,0.0000,6.7134,4.0000,96.0000,AG03-UNRESOLVED,ALL5_LEVELS_bet23_to_bet27,6.7134,6.7134,8.3918,8.3918,8.3918,4.000000,4.000000,5.000000,5.000000,5.000000,96.000000,96.000000,95.000000,95.000000,95.000000,5.0,38.6022,35.2192,129.2336,132.6166,PENDING_AG03,FALSE,NOT_FOR_ENFORCEMENT,161.1224,38470.0458,167.8358,161.1224,6.7134,0.00376782,0.00361711,6.7134,161.1224,0.00361711,6.7134,6.7134,8.3918,8.3918,8.3918,161.1224,0.00361711,38.6022,35.2192,129.2336,132.6166,0.00290122,0.00297717,0.00015071,43.8431,45.4342,0.1903,6.9932,0.3858,1856.0227,36.7500,42.7628,43.8759,23.144,38.5733,57.0806,78.5279,103.7829,155.6743,31.1349,-5.1431,2.690537,4.035805,1.136617,24,140,35,5,0.02880006,0.00376782,0.25196217,0E-8,0.000000,0.899616,0.000000,-0.25555432,2026-04-30,2026-07-25,24,435,233,87,0.275862,0.974631,0.975362,0.096000,,,,,,,,GLOBAL_BASELINE_NO_ENTITY_RANKING,,,NOT_APPLICABLE_GLOBAL_BASELINE,HF9g-P5,,,,X 全窗基线 · 不参与实体赏罚,6870897,688,A168_HF9F_20260827_0900,2026-08-27 09:00:00
2026-06-19,149351693,529,0,25.7155347545,0E-10,0E-10,,1,1,0.49324550000000000,0.493245500000,,,,0E-17,NO_DECISIVE_ROUND,R03b_20260811_FULL_v1,L1_ELIGIBILITY,v2026-08-11,2026-03-21..2026-08-06,baccarat_bet02_101_all_pairs_incl_sentinel,round_win = game_pnl > 0 (decisive only),COMPATIBILITY_ONLY_NOT_PRODUCTION,44544.5453,40072.9644,167.8358,1016,882,-0.00376782,-0.25196217,0.00359216,-0.00376782,-167.8358,44544.5453,OK,0.0000,6.7134,4.0000,96.0000,AG03-UNRESOLVED,ALL5_LEVELS_bet23_to_bet27,6.7134,6.7134,8.3918,8.3918,8.3918,4.000000,4.000000,5.000000,5.000000,5.000000,96.000000,96.000000,95.000000,95.000000,95.000000,5.0,38.6022,35.2192,129.2336,132.6166,PENDING_AG03,FALSE,NOT_FOR_ENFORCEMENT,161.1224,38470.0458,167.8358,161.1224,6.7134,0.00376782,0.00361711,6.7134,161.1224,0.00361711,6.7134,6.7134,8.3918,8.3918,8.3918,161.1224,0.00361711,38.6022,35.2192,129.2336,132.6166,0.00290122,0.00297717,0.00015071,43.8431,45.4342,0.1903,6.9932,0.3858,1856.0227,36.7500,42.7628,43.8759,23.144,38.5733,57.0806,78.5279,103.7829,155.6743,31.1349,-5.1431,2.690537,4.035805,1.136617,24,140,35,5,0.02880006,0.00376782,0.25196217,0E-8,0.000000,0.899616,0.000000,-0.25555432,2026-04-30,2026-07-25,24,435,233,87,0.275862,0.974631,0.975362,0.096000,,,,,,,,GLOBAL_BASELINE_NO_ENTITY_RANKING,,,NOT_APPLICABLE_GLOBAL_BASELINE,HF9g-P5,,,,X 全窗基线 · 不参与实体赏罚,6870898,688,A168_HF9F_20260827_0900,2026-08-27 09:00:00
2026-06-21,149351693,1299,0,59.1457299355,11.0576799444,11.0576799444,0.5000000,2,2,0.49994810000000000,0.499948100000,0.00014679536856514622,0.00014679536856514622,0.00014679536856514622,0E-17,ELIGIBLE,R03b_20260811_FULL_v1,L1_ELIGIBILITY,v2026-08-11,2026-03-21..2026-08-06,baccarat_bet02_101_all_pairs_incl_sentinel,round_win = game_pnl > 0 (decisive only),COMPATIBILITY_ONLY_NOT_PRODUCTION,44544.5453,40072.9644,167.8358,1016,882,-0.00376782,-0.25196217,0.00359216,-0.00376782,-167.8358,44544.5453,OK,0.0000,6.7134,4.0000,96.0000,AG03-UNRESOLVED,ALL5_LEVELS_bet23_to_bet27,6.7134,6.7134,8.3918,8.3918,8.3918,4.000000,4.000000,5.000000,5.000000,5.000000,96.000000,96.000000,95.000000,95.000000,95.000000,5.0,38.6022,35.2192,129.2336,132.6166,PENDING_AG03,FALSE,NOT_FOR_ENFORCEMENT,161.1224,38470.0458,167.8358,161.1224,6.7134,0.00376782,0.00361711,6.7134,161.1224,0.00361711,6.7134,6.7134,8.3918,8.3918,8.3918,161.1224,0.00361711,38.6022,35.2192,129.2336,132.6166,0.00290122,0.00297717,0.00015071,43.8431,45.4342,0.1903,6.9932,0.3858,1856.0227,36.7500,42.7628,43.8759,23.144,38.5733,57.0806,78.5279,103.7829,155.6743,31.1349,-5.1431,2.690537,4.035805,1.136617,24,140,35,5,0.02880006,0.00376782,0.25196217,0E-8,0.000000,0.899616,0.000000,-0.25555432,2026-04-30,2026-07-25,24,435,233,87,0.275862,0.974631,0.975362,0.096000,,,,,,,,GLOBAL_BASELINE_NO_ENTITY_RANKING,,,NOT_APPLICABLE_GLOBAL_BASELINE,HF9g-P5,,,,X 全窗基线 · 不参与实体赏罚,6870899,688,A168_HF9F_20260827_0900,2026-08-27 09:00:00
2026-06-21,149351693,1353,0,38.5733021318,-38.5733021318,-38.5733021318,0E-7,1,1,0.50665070000000000,0.506650700000,-1.013391052207602,-1.013391052207602,-1.013391052207602,0E-17,ELIGIBLE,R03b_20260811_FULL_v1,L1_ELIGIBILITY,v2026-08-11,2026-03-21..2026-08-06,baccarat_bet02_101_all_pairs_incl_sentinel,round_win = game_pnl > 0 (decisive only),COMPATIBILITY_ONLY_NOT_PRODUCTION,44544.5453,40072.9644,167.8358,1016,882,-0.00376782,-0.25196217,0.00359216,-0.00376782,-167.8358,44544.5453,OK,0.0000,6.7134,4.0000,96.0000,AG03-UNRESOLVED,ALL5_LEVELS_bet23_to_bet27,6.7134,6.7134,8.3918,8.3918,8.3918,4.000000,4.000000,5.000000,5.000000,5.000000,96.000000,96.000000,95.000000,95.000000,95.000000,5.0,38.6022,35.2192,129.2336,132.6166,PENDING_AG03,FALSE,NOT_FOR_ENFORCEMENT,161.1224,38470.0458,167.8358,161.1224,6.7134,0.00376782,0.00361711,6.7134,161.1224,0.00361711,6.7134,6.7134,8.3918,8.3918,8.3918,161.1224,0.00361711,38.6022,35.2192,129.2336,132.6166,0.00290122,0.00297717,0.00015071,43.8431,45.4342,0.1903,6.9932,0.3858,1856.0227,36.7500,42.7628,43.8759,23.144,38.5733,57.0806,78.5279,103.7829,155.6743,31.1349,-5.1431,2.690537,4.035805,1.136617,24,140,35,5,0.02880006,0.00376782,0.25196217,0E-8,0.000000,0.899616,0.000000,-0.25555432,2026-04-30,2026-07-25,24,435,233,87,0.275862,0.974631,0.975362,0.096000,,,,,,,,GLOBAL_BASELINE_NO_ENTITY_RANKING,,,NOT_APPLICABLE_GLOBAL_BASELINE,HF9g-P5,,,,X 全窗基线 · 不参与实体赏罚,6870900,688,A168_HF9F_20260827_0900,2026-08-27 09:00:00
2026-06-21,149351693,1384,0,25.7155347545,-25.7155347545,-25.7155347545,0E-7,1,1,0.49324550000000000,0.493245500000,-0.9865810262130424,-0.9865810262130424,-0.9865810262130424,0E-17,ELIGIBLE,R03b_20260811_FULL_v1,L1_ELIGIBILITY,v2026-08-11,2026-03-21..2026-08-06,baccarat_bet02_101_all_pairs_incl_sentinel,round_win = game_pnl > 0 (decisive only),COMPATIBILITY_ONLY_NOT_PRODUCTION,44544.5453,40072.9644,167.8358,1016,882,-0.00376782,-0.25196217,0.00359216,-0.00376782,-167.8358,44544.5453,OK,0.0000,6.7134,4.0000,96.0000,AG03-UNRESOLVED,ALL5_LEVELS_bet23_to_bet27,6.7134,6.7134,8.3918,8.3918,8.3918,4.000000,4.000000,5.000000,5.000000,5.000000,96.000000,96.000000,95.000000,95.000000,95.000000,5.0,38.6022,35.2192,129.2336,132.6166,PENDING_AG03,FALSE,NOT_FOR_ENFORCEMENT,161.1224,38470.0458,167.8358,161.1224,6.7134,0.00376782,0.00361711,6.7134,161.1224,0.00361711,6.7134,6.7134,8.3918,8.3918,8.3918,161.1224,0.00361711,38.6022,35.2192,129.2336,132.6166,0.00290122,0.00297717,0.00015071,43.8431,45.4342,0.1903,6.9932,0.3858,1856.0227,36.7500,42.7628,43.8759,23.144,38.5733,57.0806,78.5279,103.7829,155.6743,31.1349,-5.1431,2.690537,4.035805,1.136617,24,140,35,5,0.02880006,0.00376782,0.25196217,0E-8,0.000000,0.899616,0.000000,-0.25555432,2026-04-30,2026-07-25,24,435,233,87,0.275862,0.974631,0.975362,0.096000,,,,,,,,GLOBAL_BASELINE_NO_ENTITY_RANKING,,,NOT_APPLICABLE_GLOBAL_BASELINE,HF9g-P5,,,,X 全窗基线 · 不参与实体赏罚,6870901,688,A168_HF9F_20260827_0900,2026-08-27 09:00:00
2026-06-21,149351693,1396,0,38.5733021318,-38.5733021318,-38.5733021318,0E-7,1,1,0.50665070000000000,0.506650700000,-1.013391052207602,-1.013391052207602,-1.013391052207602,0E-17,ELIGIBLE,R03b_20260811_FULL_v1,L1_ELIGIBILITY,v2026-08-11,2026-03-21..2026-08-06,baccarat_bet02_101_all_pairs_incl_sentinel,round_win = game_pnl > 0 (decisive only),COMPATIBILITY_ONLY_NOT_PRODUCTION,44544.5453,40072.9644,167.8358,1016,882,-0.00376782,-0.25196217,0.00359216,-0.00376782,-167.8358,44544.5453,OK,0.0000,6.7134,4.0000,96.0000,AG03-UNRESOLVED,ALL5_LEVELS_bet23_to_bet27,6.7134,6.7134,8.3918,8.3918,8.3918,4.000000,4.000000,5.000000,5.000000,5.000000,96.000000,96.000000,95.000000,95.000000,95.000000,5.0,38.6022,35.2192,129.2336,132.6166,PENDING_AG03,FALSE,NOT_FOR_ENFORCEMENT,161.1224,38470.0458,167.8358,161.1224,6.7134,0.00376782,0.00361711,6.7134,161.1224,0.00361711,6.7134,6.7134,8.3918,8.3918,8.3918,161.1224,0.00361711,38.6022,35.2192,129.2336,132.6166,0.00290122,0.00297717,0.00015071,43.8431,45.4342,0.1903,6.9932,0.3858,1856.0227,36.7500,42.7628,43.8759,23.144,38.5733,57.0806,78.5279,103.7829,155.6743,31.1349,-5.1431,2.690537,4.035805,1.136617,24,140,35,5,0.02880006,0.00376782,0.25196217,0E-8,0.000000,0.899616,0.000000,-0.25555432,2026-04-30,2026-07-25,24,435,233,87,0.275862,0.974631,0.975362,0.096000,,,,,,,,GLOBAL_BASELINE_NO_ENTITY_RANKING,,,NOT_APPLICABLE_GLOBAL_BASELINE,HF9g-P5,,,,X 全窗基线 · 不参与实体赏罚,6870902,688,A168_HF9F_20260827_0900,2026-08-27 09:00:00
2026-06-21,149351693,1401,0,15.4293208527,15.4293208527,15.4293208527,1.0000000,1,1,0.49324550000000000,0.493245500000,1.01360149184955,1.01360149184955,1.01360149184955,0E-17,ELIGIBLE,R03b_20260811_FULL_v1,L1_ELIGIBILITY,v2026-08-11,2026-03-21..2026-08-06,baccarat_bet02_101_all_pairs_incl_sentinel,round_win = game_pnl > 0 (decisive only),COMPATIBILITY_ONLY_NOT_PRODUCTION,44544.5453,40072.9644,167.8358,1016,882,-0.00376782,-0.25196217,0.00359216,-0.00376782,-167.8358,44544.5453,OK,0.0000,6.7134,4.0000,96.0000,AG03-UNRESOLVED,ALL5_LEVELS_bet23_to_bet27,6.7134,6.7134,8.3918,8.3918,8.3918,4.000000,4.000000,5.000000,5.000000,5.000000,96.000000,96.000000,95.000000,95.000000,95.000000,5.0,38.6022,35.2192,129.2336,132.6166,PENDING_AG03,FALSE,NOT_FOR_ENFORCEMENT,161.1224,38470.0458,167.8358,161.1224,6.7134,0.00376782,0.00361711,6.7134,161.1224,0.00361711,6.7134,6.7134,8.3918,8.3918,8.3918,161.1224,0.00361711,38.6022,35.2192,129.2336,132.6166,0.00290122,0.00297717,0.00015071,43.8431,45.4342,0.1903,6.9932,0.3858,1856.0227,36.7500,42.7628,43.8759,23.144,38.5733,57.0806,78.5279,103.7829,155.6743,31.1349,-5.1431,2.690537,4.035805,1.136617,24,140,35,5,0.02880006,0.00376782,0.25196217,0E-8,0.000000,0.899616,0.000000,-0.25555432,2026-04-30,2026-07-25,24,435,233,87,0.275862,0.974631,0.975362,0.096000,,,,,,,,GLOBAL_BASELINE_NO_ENTITY_RANKING,,,NOT_APPLICABLE_GLOBAL_BASELINE,HF9g-P5,,,,X 全窗基线 · 不参与实体赏罚,6870903,688,A168_HF9F_20260827_0900,2026-08-27 09:00:00
2026-06-21,149351693,1402,0,79.7181577391,15.5578985265,15.5578985265,0.6666667,3,3,0.50665070000000000,0.506650700000,0.5543606114942035,0.5543606114942035,0.5543606114942035,0E-17,ELIGIBLE,R03b_20260811_FULL_v1,L1_ELIGIBILITY,v2026-08-11,2026-03-21..2026-08-06,baccarat_bet02_101_all_pairs_incl_sentinel,round_win = game_pnl > 0 (decisive only),COMPATIBILITY_ONLY_NOT_PRODUCTION,44544.5453,40072.9644,167.8358,1016,882,-0.00376782,-0.25196217,0.00359216,-0.00376782,-167.8358,44544.5453,OK,0.0000,6.7134,4.0000,96.0000,AG03-UNRESOLVED,ALL5_LEVELS_bet23_to_bet27,6.7134,6.7134,8.3918,8.3918,8.3918,4.000000,4.000000,5.000000,5.000000,5.000000,96.000000,96.000000,95.000000,95.000000,95.000000,5.0,38.6022,35.2192,129.2336,132.6166,PENDING_AG03,FALSE,NOT_FOR_ENFORCEMENT,161.1224,38470.0458,167.8358,161.1224,6.7134,0.00376782,0.00361711,6.7134,161.1224,0.00361711,6.7134,6.7134,8.3918,8.3918,8.3918,161.1224,0.00361711,38.6022,35.2192,129.2336,132.6166,0.00290122,0.00297717,0.00015071,43.8431,45.4342,0.1903,6.9932,0.3858,1856.0227,36.7500,42.7628,43.8759,23.144,38.5733,57.0806,78.5279,103.7829,155.6743,31.1349,-5.1431,2.690537,4.035805,1.136617,24,140,35,5,0.02880006,0.00376782,0.25196217,0E-8,0.000000,0.899616,0.000000,-0.25555432,2026-04-30,2026-07-25,24,435,233,87,0.275862,0.974631,0.975362,0.096000,,,,,,,,GLOBAL_BASELINE_NO_ENTITY_RANKING,,,NOT_APPLICABLE_GLOBAL_BASELINE,HF9g-P5,,,,X 全窗基线 · 不参与实体赏罚,6870904,688,A168_HF9F_20260827_0900,2026-08-27 09:00:00
2026-06-21,149351693,1490,0,74.5750507882,10.6719469231,10.6719469231,0.5000000,2,2,0.50665070000000000,0.506650700000,-0.018812684590367487,-0.018812684590367487,-0.018812684590367487,0E-17,ELIGIBLE,R03b_20260811_FULL_v1,L1_ELIGIBILITY,v2026-08-11,2026-03-21..2026-08-06,baccarat_bet02_101_all_pairs_incl_sentinel,round_win = game_pnl > 0 (decisive only),COMPATIBILITY_ONLY_NOT_PRODUCTION,44544.5453,40072.9644,167.8358,1016,882,-0.00376782,-0.25196217,0.00359216,-0.00376782,-167.8358,44544.5453,OK,0.0000,6.7134,4.0000,96.0000,AG03-UNRESOLVED,ALL5_LEVELS_bet23_to_bet27,6.7134,6.7134,8.3918,8.3918,8.3918,4.000000,4.000000,5.000000,5.000000,5.000000,96.000000,96.000000,95.000000,95.000000,95.000000,5.0,38.6022,35.2192,129.2336,132.6166,PENDING_AG03,FALSE,NOT_FOR_ENFORCEMENT,161.1224,38470.0458,167.8358,161.1224,6.7134,0.00376782,0.00361711,6.7134,161.1224,0.00361711,6.7134,6.7134,8.3918,8.3918,8.3918,161.1224,0.00361711,38.6022,35.2192,129.2336,132.6166,0.00290122,0.00297717,0.00015071,43.8431,45.4342,0.1903,6.9932,0.3858,1856.0227,36.7500,42.7628,43.8759,23.144,38.5733,57.0806,78.5279,103.7829,155.6743,31.1349,-5.1431,2.690537,4.035805,1.136617,24,140,35,5,0.02880006,0.00376782,0.25196217,0E-8,0.000000,0.899616,0.000000,-0.25555432,2026-04-30,2026-07-25,24,435,233,87,0.275862,0.974631,0.975362,0.096000,,,,,,,,GLOBAL_BASELINE_NO_ENTITY_RANKING,,,NOT_APPLICABLE_GLOBAL_BASELINE,HF9g-P5,,,,X 全窗基线 · 不参与实体赏罚,6870905,688,A168_HF9F_20260827_0900,2026-08-27 09:00:00
2026-06-21,149351693,1957,0,46.2879625582,43.9735644303,43.9735644303,1.0000000,1,1,0.50665070000000000,0.506650700000,0.9867858985152569,0.9867858985152569,0.9867858985152569,0E-17,ELIGIBLE,R03b_20260811_FULL_v1,L1_ELIGIBILITY,v2026-08-11,2026-03-21..2026-08-06,baccarat_bet02_101_all_pairs_incl_sentinel,round_win = game_pnl > 0 (decisive only),COMPATIBILITY_ONLY_NOT_PRODUCTION,44544.5453,40072.9644,167.8358,1016,882,-0.00376782,-0.25196217,0.00359216,-0.00376782,-167.8358,44544.5453,OK,0.0000,6.7134,4.0000,96.0000,AG03-UNRESOLVED,ALL5_LEVELS_bet23_to_bet27,6.7134,6.7134,8.3918,8.3918,8.3918,4.000000,4.000000,5.000000,5.000000,5.000000,96.000000,96.000000,95.000000,95.000000,95.000000,5.0,38.6022,35.2192,129.2336,132.6166,PENDING_AG03,FALSE,NOT_FOR_ENFORCEMENT,161.1224,38470.0458,167.8358,161.1224,6.7134,0.00376782,0.00361711,6.7134,161.1224,0.00361711,6.7134,6.7134,8.3918,8.3918,8.3918,161.1224,0.00361711,38.6022,35.2192,129.2336,132.6166,0.00290122,0.00297717,0.00015071,43.8431,45.4342,0.1903,6.9932,0.3858,1856.0227,36.7500,42.7628,43.8759,23.144,38.5733,57.0806,78.5279,103.7829,155.6743,31.1349,-5.1431,2.690537,4.035805,1.136617,24,140,35,5,0.02880006,0.00376782,0.25196217,0E-8,0.000000,0.899616,0.000000,-0.25555432,2026-04-30,2026-07-25,24,435,233,87,0.275862,0.974631,0.975362,0.096000,,,,,,,,GLOBAL_BASELINE_NO_ENTITY_RANKING,,,NOT_APPLICABLE_GLOBAL_BASELINE,HF9g-P5,,,,X 全窗基线 · 不参与实体赏罚,6870906,688,A168_HF9F_20260827_0900,2026-08-27 09:00:00
2026-06-21,149351693,2103,0,51.4310695090,-1.2857767377,-1.2857767377,0.5000000,2,2,0.49994810000000000,0.499948100000,0.00014679536856514622,0.00014679536856514622,0.00014679536856514622,0E-17,ELIGIBLE,R03b_20260811_FULL_v1,L1_ELIGIBILITY,v2026-08-11,2026-03-21..2026-08-06,baccarat_bet02_101_all_pairs_incl_sentinel,round_win = game_pnl > 0 (decisive only),COMPATIBILITY_ONLY_NOT_PRODUCTION,44544.5453,40072.9644,167.8358,1016,882,-0.00376782,-0.25196217,0.00359216,-0.00376782,-167.8358,44544.5453,OK,0.0000,6.7134,4.0000,96.0000,AG03-UNRESOLVED,ALL5_LEVELS_bet23_to_bet27,6.7134,6.7134,8.3918,8.3918,8.3918,4.000000,4.000000,5.000000,5.000000,5.000000,96.000000,96.000000,95.000000,95.000000,95.000000,5.0,38.6022,35.2192,129.2336,132.6166,PENDING_AG03,FALSE,NOT_FOR_ENFORCEMENT,161.1224,38470.0458,167.8358,161.1224,6.7134,0.00376782,0.00361711,6.7134,161.1224,0.00361711,6.7134,6.7134,8.3918,8.3918,8.3918,161.1224,0.00361711,38.6022,35.2192,129.2336,132.6166,0.00290122,0.00297717,0.00015071,43.8431,45.4342,0.1903,6.9932,0.3858,1856.0227,36.7500,42.7628,43.8759,23.144,38.5733,57.0806,78.5279,103.7829,155.6743,31.1349,-5.1431,2.690537,4.035805,1.136617,24,140,35,5,0.02880006,0.00376782,0.25196217,0E-8,0.000000,0.899616,0.000000,-0.25555432,2026-04-30,2026-07-25,24,435,233,87,0.275862,0.974631,0.975362,0.096000,,,,,,,,GLOBAL_BASELINE_NO_ENTITY_RANKING,,,NOT_APPLICABLE_GLOBAL_BASELINE,HF9g-P5,,,,X 全窗基线 · 不参与实体赏罚,6870907,688,A168_HF9F_20260827_0900,2026-08-27 09:00:00
2026-06-21,149351693,2127,0,12.8577673773,-12.8577673773,-12.8577673773,0E-7,1,1,0.50665070000000000,0.506650700000,-1.013391052207602,-1.013391052207602,-1.013391052207602,0E-17,ELIGIBLE,R03b_20260811_FULL_v1,L1_ELIGIBILITY,v2026-08-11,2026-03-21..2026-08-06,baccarat_bet02_101_all_pairs_incl_sentinel,round_win = game_pnl > 0 (decisive only),COMPATIBILITY_ONLY_NOT_PRODUCTION,44544.5453,40072.9644,167.8358,1016,882,-0.00376782,-0.25196217,0.00359216,-0.00376782,-167.8358,44544.5453,OK,0.0000,6.7134,4.0000,96.0000,AG03-UNRESOLVED,ALL5_LEVELS_bet23_to_bet27,6.7134,6.7134,8.3918,8.3918,8.3918,4.000000,4.000000,5.000000,5.000000,5.000000,96.000000,96.000000,95.000000,95.000000,95.000000,5.0,38.6022,35.2192,129.2336,132.6166,PENDING_AG03,FALSE,NOT_FOR_ENFORCEMENT,161.1224,38470.0458,167.8358,161.1224,6.7134,0.00376782,0.00361711,6.7134,161.1224,0.00361711,6.7134,6.7134,8.3918,8.3918,8.3918,161.1224,0.00361711,38.6022,35.2192,129.2336,132.6166,0.00290122,0.00297717,0.00015071,43.8431,45.4342,0.1903,6.9932,0.3858,1856.0227,36.7500,42.7628,43.8759,23.144,38.5733,57.0806,78.5279,103.7829,155.6743,31.1349,-5.1431,2.690537,4.035805,1.136617,24,140,35,5,0.02880006,0.00376782,0.25196217,0E-8,0.000000,0.899616,0.000000,-0.25555432,2026-04-30,2026-07-25,24,435,233,87,0.275862,0.974631,0.975362,0.096000,,,,,,,,GLOBAL_BASELINE_NO_ENTITY_RANKING,,,NOT_APPLICABLE_GLOBAL_BASELINE,HF9g-P5,,,,X 全窗基线 · 不参与实体赏罚,6870908,688,A168_HF9F_20260827_0900,2026-08-27 09:00:00
2026-06-21,149351693,2147,0,25.7155347545,-25.7155347545,-25.7155347545,0E-7,1,1,0.50665070000000000,0.506650700000,-1.013391052207602,-1.013391052207602,-1.013391052207602,0E-17,ELIGIBLE,R03b_20260811_FULL_v1,L1_ELIGIBILITY,v2026-08-11,2026-03-21..2026-08-06,baccarat_bet02_101_all_pairs_incl_sentinel,round_win = game_pnl > 0 (decisive only),COMPATIBILITY_ONLY_NOT_PRODUCTION,44544.5453,40072.9644,167.8358,1016,882,-0.00376782,-0.25196217,0.00359216,-0.00376782,-167.8358,44544.5453,OK,0.0000,6.7134,4.0000,96.0000,AG03-UNRESOLVED,ALL5_LEVELS_bet23_to_bet27,6.7134,6.7134,8.3918,8.3918,8.3918,4.000000,4.000000,5.000000,5.000000,5.000000,96.000000,96.000000,95.000000,95.000000,95.000000,5.0,38.6022,35.2192,129.2336,132.6166,PENDING_AG03,FALSE,NOT_FOR_ENFORCEMENT,161.1224,38470.0458,167.8358,161.1224,6.7134,0.00376782,0.00361711,6.7134,161.1224,0.00361711,6.7134,6.7134,8.3918,8.3918,8.3918,161.1224,0.00361711,38.6022,35.2192,129.2336,132.6166,0.00290122,0.00297717,0.00015071,43.8431,45.4342,0.1903,6.9932,0.3858,1856.0227,36.7500,42.7628,43.8759,23.144,38.5733,57.0806,78.5279,103.7829,155.6743,31.1349,-5.1431,2.690537,4.035805,1.136617,24,140,35,5,0.02880006,0.00376782,0.25196217,0E-8,0.000000,0.899616,0.000000,-0.25555432,2026-04-30,2026-07-25,24,435,233,87,0.275862,0.974631,0.975362,0.096000,,,,,,,,GLOBAL_BASELINE_NO_ENTITY_RANKING,,,NOT_APPLICABLE_GLOBAL_BASELINE,HF9g-P5,,,,X 全窗基线 · 不参与实体赏罚,6870909,688,A168_HF9F_20260827_0900,2026-08-27 09:00:00
2026-06-21,149351693,2205,0,59.1457299355,12.8577673773,12.8577673773,0.5000000,2,2,0.49324550000000000,0.493245500000,0.01910635448239258,0.01910635448239258,0.01910635448239258,0E-17,ELIGIBLE,R03b_20260811_FULL_v1,L1_ELIGIBILITY,v2026-08-11,2026-03-21..2026-08-06,baccarat_bet02_101_all_pairs_incl_sentinel,round_win = game_pnl > 0 (decisive only),COMPATIBILITY_ONLY_NOT_PRODUCTION,44544.5453,40072.9644,167.8358,1016,882,-0.00376782,-0.25196217,0.00359216,-0.00376782,-167.8358,44544.5453,OK,0.0000,6.7134,4.0000,96.0000,AG03-UNRESOLVED,ALL5_LEVELS_bet23_to_bet27,6.7134,6.7134,8.3918,8.3918,8.3918,4.000000,4.000000,5.000000,5.000000,5.000000,96.000000,96.000000,95.000000,95.000000,95.000000,5.0,38.6022,35.2192,129.2336,132.6166,PENDING_AG03,FALSE,NOT_FOR_ENFORCEMENT,161.1224,38470.0458,167.8358,161.1224,6.7134,0.00376782,0.00361711,6.7134,161.1224,0.00361711,6.7134,6.7134,8.3918,8.3918,8.3918,161.1224,0.00361711,38.6022,35.2192,129.2336,132.6166,0.00290122,0.00297717,0.00015071,43.8431,45.4342,0.1903,6.9932,0.3858,1856.0227,36.7500,42.7628,43.8759,23.144,38.5733,57.0806,78.5279,103.7829,155.6743,31.1349,-5.1431,2.690537,4.035805,1.136617,24,140,35,5,0.02880006,0.00376782,0.25196217,0E-8,0.000000,0.899616,0.000000,-0.25555432,2026-04-30,2026-07-25,24,435,233,87,0.275862,0.974631,0.975362,0.096000,,,,,,,,GLOBAL_BASELINE_NO_ENTITY_RANKING,,,NOT_APPLICABLE_GLOBAL_BASELINE,HF9g-P5,,,,X 全窗基线 · 不参与实体赏罚,6870910,688,A168_HF9F_20260827_0900,2026-08-27 09:00:00
2026-06-21,149351693,2216,0,30.8586417055,29.3157096202,29.3157096202,1.0000000,1,1,0.50665070000000000,0.506650700000,0.9867858985152569,0.9867858985152569,0.9867858985152569,0E-17,ELIGIBLE,R03b_20260811_FULL_v1,L1_ELIGIBILITY,v2026-08-11,2026-03-21..2026-08-06,baccarat_bet02_101_all_pairs_incl_sentinel,round_win = game_pnl > 0 (decisive only),COMPATIBILITY_ONLY_NOT_PRODUCTION,44544.5453,40072.9644,167.8358,1016,882,-0.00376782,-0.25196217,0.00359216,-0.00376782,-167.8358,44544.5453,OK,0.0000,6.7134,4.0000,96.0000,AG03-UNRESOLVED,ALL5_LEVELS_bet23_to_bet27,6.7134,6.7134,8.3918,8.3918,8.3918,4.000000,4.000000,5.000000,5.000000,5.000000,96.000000,96.000000,95.000000,95.000000,95.000000,5.0,38.6022,35.2192,129.2336,132.6166,PENDING_AG03,FALSE,NOT_FOR_ENFORCEMENT,161.1224,38470.0458,167.8358,161.1224,6.7134,0.00376782,0.00361711,6.7134,161.1224,0.00361711,6.7134,6.7134,8.3918,8.3918,8.3918,161.1224,0.00361711,38.6022,35.2192,129.2336,132.6166,0.00290122,0.00297717,0.00015071,43.8431,45.4342,0.1903,6.9932,0.3858,1856.0227,36.7500,42.7628,43.8759,23.144,38.5733,57.0806,78.5279,103.7829,155.6743,31.1349,-5.1431,2.690537,4.035805,1.136617,24,140,35,5,0.02880006,0.00376782,0.25196217,0E-8,0.000000,0.899616,0.000000,-0.25555432,2026-04-30,2026-07-25,24,435,233,87,0.275862,0.974631,0.975362,0.096000,,,,,,,,GLOBAL_BASELINE_NO_ENTITY_RANKING,,,NOT_APPLICABLE_GLOBAL_BASELINE,HF9g-P5,,,,X 全窗基线 · 不参与实体赏罚,6870911,688,A168_HF9F_20260827_0900,2026-08-27 09:00:00
2026-06-21,149351693,2223,0,136.2923341991,71.2320312700,71.2320312700,0.7500000,4,4,0.49994810000000000,0.499948100000,1.0002076053883384,1.0002076053883384,1.0002076053883384,0E-17,ELIGIBLE,R03b_20260811_FULL_v1,L1_ELIGIBILITY,v2026-08-11,2026-03-21..2026-08-06,baccarat_bet02_101_all_pairs_incl_sentinel,round_win = game_pnl > 0 (decisive only),COMPATIBILITY_ONLY_NOT_PRODUCTION,44544.5453,40072.9644,167.8358,1016,882,-0.00376782,-0.25196217,0.00359216,-0.00376782,-167.8358,44544.5453,OK,0.0000,6.7134,4.0000,96.0000,AG03-UNRESOLVED,ALL5_LEVELS_bet23_to_bet27,6.7134,6.7134,8.3918,8.3918,8.3918,4.000000,4.000000,5.000000,5.000000,5.000000,96.000000,96.000000,95.000000,95.000000,95.000000,5.0,38.6022,35.2192,129.2336,132.6166,PENDING_AG03,FALSE,NOT_FOR_ENFORCEMENT,161.1224,38470.0458,167.8358,161.1224,6.7134,0.00376782,0.00361711,6.7134,161.1224,0.00361711,6.7134,6.7134,8.3918,8.3918,8.3918,161.1224,0.00361711,38.6022,35.2192,129.2336,132.6166,0.00290122,0.00297717,0.00015071,43.8431,45.4342,0.1903,6.9932,0.3858,1856.0227,36.7500,42.7628,43.8759,23.144,38.5733,57.0806,78.5279,103.7829,155.6743,31.1349,-5.1431,2.690537,4.035805,1.136617,24,140,35,5,0.02880006,0.00376782,0.25196217,0E-8,0.000000,0.899616,0.000000,-0.25555432,2026-04-30,2026-07-25,24,435,233,87,0.275862,0.974631,0.975362,0.096000,,,,,,,,GLOBAL_BASELINE_NO_ENTITY_RANKING,,,NOT_APPLICABLE_GLOBAL_BASELINE,HF9g-P5,,,,X 全窗基线 · 不参与实体赏罚,6870912,688,A168_HF9F_20260827_0900,2026-08-27 09:00:00
2026-06-21,149351693,2229,0,25.7155347545,-25.7155347545,-25.7155347545,0E-7,1,1,0.50665070000000000,0.506650700000,-1.013391052207602,-1.013391052207602,-1.013391052207602,0E-17,ELIGIBLE,R03b_20260811_FULL_v1,L1_ELIGIBILITY,v2026-08-11,2026-03-21..2026-08-06,baccarat_bet02_101_all_pairs_incl_sentinel,round_win = game_pnl > 0 (decisive only),COMPATIBILITY_ONLY_NOT_PRODUCTION,44544.5453,40072.9644,167.8358,1016,882,-0.00376782,-0.25196217,0.00359216,-0.00376782,-167.8358,44544.5453,OK,0.0000,6.7134,4.0000,96.0000,AG03-UNRESOLVED,ALL5_LEVELS_bet23_to_bet27,6.7134,6.7134,8.3918,8.3918,8.3918,4.000000,4.000000,5.000000,5.000000,5.000000,96.000000,96.000000,95.000000,95.000000,95.000000,5.0,38.6022,35.2192,129.2336,132.6166,PENDING_AG03,FALSE,NOT_FOR_ENFORCEMENT,161.1224,38470.0458,167.8358,161.1224,6.7134,0.00376782,0.00361711,6.7134,161.1224,0.00361711,6.7134,6.7134,8.3918,8.3918,8.3918,161.1224,0.00361711,38.6022,35.2192,129.2336,132.6166,0.00290122,0.00297717,0.00015071,43.8431,45.4342,0.1903,6.9932,0.3858,1856.0227,36.7500,42.7628,43.8759,23.144,38.5733,57.0806,78.5279,103.7829,155.6743,31.1349,-5.1431,2.690537,4.035805,1.136617,24,140,35,5,0.02880006,0.00376782,0.25196217,0E-8,0.000000,0.899616,0.000000,-0.25555432,2026-04-30,2026-07-25,24,435,233,87,0.275862,0.974631,0.975362,0.096000,,,,,,,,GLOBAL_BASELINE_NO_ENTITY_RANKING,,,NOT_APPLICABLE_GLOBAL_BASELINE,HF9g-P5,,,,X 全窗基线 · 不参与实体赏罚,6870913,688,A168_HF9F_20260827_0900,2026-08-27 09:00:00
2026-06-21,149351693,2235,0,38.5733021318,36.6446370252,36.6446370252,1.0000000,1,1,0.50665070000000000,0.506650700000,0.9867858985152569,0.9867858985152569,0.9867858985152569,0E-17,ELIGIBLE,R03b_20260811_FULL_v1,L1_ELIGIBILITY,v2026-08-11,2026-03-21..2026-08-06,baccarat_bet02_101_all_pairs_incl_sentinel,round_win = game_pnl > 0 (decisive only),COMPATIBILITY_ONLY_NOT_PRODUCTION,44544.5453,40072.9644,167.8358,1016,882,-0.00376782,-0.25196217,0.00359216,-0.00376782,-167.8358,44544.5453,OK,0.0000,6.7134,4.0000,96.0000,AG03-UNRESOLVED,ALL5_LEVELS_bet23_to_bet27,6.7134,6.7134,8.3918,8.3918,8.3918,4.000000,4.000000,5.000000,5.000000,5.000000,96.000000,96.000000,95.000000,95.000000,95.000000,5.0,38.6022,35.2192,129.2336,132.6166,PENDING_AG03,FALSE,NOT_FOR_ENFORCEMENT,161.1224,38470.0458,167.8358,161.1224,6.7134,0.00376782,0.00361711,6.7134,161.1224,0.00361711,6.7134,6.7134,8.3918,8.3918,8.3918,161.1224,0.00361711,38.6022,35.2192,129.2336,132.6166,0.00290122,0.00297717,0.00015071,43.8431,45.4342,0.1903,6.9932,0.3858,1856.0227,36.7500,42.7628,43.8759,23.144,38.5733,57.0806,78.5279,103.7829,155.6743,31.1349,-5.1431,2.690537,4.035805,1.136617,24,140,35,5,0.02880006,0.00376782,0.25196217,0E-8,0.000000,0.899616,0.000000,-0.25555432,2026-04-30,2026-07-25,24,435,233,87,0.275862,0.974631,0.975362,0.096000,,,,,,,,GLOBAL_BASELINE_NO_ENTITY_RANKING,,,NOT_APPLICABLE_GLOBAL_BASELINE,HF9g-P5,,,,X 全窗基线 · 不参与实体赏罚,6870914,688,A168_HF9F_20260827_0900,2026-08-27 09:00:00
2026-06-21,149351693,2271,0,41.1448556073,0E-10,0E-10,,1,1,0.50665070000000000,0.506650700000,,,,0E-17,NO_DECISIVE_ROUND,R03b_20260811_FULL_v1,L1_ELIGIBILITY,v2026-08-11,2026-03-21..2026-08-06,baccarat_bet02_101_all_pairs_incl_sentinel,round_win = game_pnl > 0 (decisive only),COMPATIBILITY_ONLY_NOT_PRODUCTION,44544.5453,40072.9644,167.8358,1016,882,-0.00376782,-0.25196217,0.00359216,-0.00376782,-167.8358,44544.5453,OK,0.0000,6.7134,4.0000,96.0000,AG03-UNRESOLVED,ALL5_LEVELS_bet23_to_bet27,6.7134,6.7134,8.3918,8.3918,8.3918,4.000000,4.000000,5.000000,5.000000,5.000000,96.000000,96.000000,95.000000,95.000000,95.000000,5.0,38.6022,35.2192,129.2336,132.6166,PENDING_AG03,FALSE,NOT_FOR_ENFORCEMENT,161.1224,38470.0458,167.8358,161.1224,6.7134,0.00376782,0.00361711,6.7134,161.1224,0.00361711,6.7134,6.7134,8.3918,8.3918,8.3918,161.1224,0.00361711,38.6022,35.2192,129.2336,132.6166,0.00290122,0.00297717,0.00015071,43.8431,45.4342,0.1903,6.9932,0.3858,1856.0227,36.7500,42.7628,43.8759,23.144,38.5733,57.0806,78.5279,103.7829,155.6743,31.1349,-5.1431,2.690537,4.035805,1.136617,24,140,35,5,0.02880006,0.00376782,0.25196217,0E-8,0.000000,0.899616,0.000000,-0.25555432,2026-04-30,2026-07-25,24,435,233,87,0.275862,0.974631,0.975362,0.096000,,,,,,,,GLOBAL_BASELINE_NO_ENTITY_RANKING,,,NOT_APPLICABLE_GLOBAL_BASELINE,HF9g-P5,,,,X 全窗基线 · 不参与实体赏罚,6870915,688,A168_HF9F_20260827_0900,2026-08-27 09:00:00
2026-06-21,149351693,2280,0,25.7155347545,-25.7155347545,-25.7155347545,0E-7,1,1,0.49324550000000000,0.493245500000,-0.9865810262130424,-0.9865810262130424,-0.9865810262130424,0E-17,ELIGIBLE,R03b_20260811_FULL_v1,L1_ELIGIBILITY,v2026-08-11,2026-03-21..2026-08-06,baccarat_bet02_101_all_pairs_incl_sentinel,round_win = game_pnl > 0 (decisive only),COMPATIBILITY_ONLY_NOT_PRODUCTION,44544.5453,40072.9644,167.8358,1016,882,-0.00376782,-0.25196217,0.00359216,-0.00376782,-167.8358,44544.5453,OK,0.0000,6.7134,4.0000,96.0000,AG03-UNRESOLVED,ALL5_LEVELS_bet23_to_bet27,6.7134,6.7134,8.3918,8.3918,8.3918,4.000000,4.000000,5.000000,5.000000,5.000000,96.000000,96.000000,95.000000,95.000000,95.000000,5.0,38.6022,35.2192,129.2336,132.6166,PENDING_AG03,FALSE,NOT_FOR_ENFORCEMENT,161.1224,38470.0458,167.8358,161.1224,6.7134,0.00376782,0.00361711,6.7134,161.1224,0.00361711,6.7134,6.7134,8.3918,8.3918,8.3918,161.1224,0.00361711,38.6022,35.2192,129.2336,132.6166,0.00290122,0.00297717,0.00015071,43.8431,45.4342,0.1903,6.9932,0.3858,1856.0227,36.7500,42.7628,43.8759,23.144,38.5733,57.0806,78.5279,103.7829,155.6743,31.1349,-5.1431,2.690537,4.035805,1.136617,24,140,35,5,0.02880006,0.00376782,0.25196217,0E-8,0.000000,0.899616,0.000000,-0.25555432,2026-04-30,2026-07-25,24,435,233,87,0.275862,0.974631,0.975362,0.096000,,,,,,,,GLOBAL_BASELINE_NO_ENTITY_RANKING,,,NOT_APPLICABLE_GLOBAL_BASELINE,HF9g-P5,,,,X 全窗基线 · 不参与实体赏罚,6870916,688,A168_HF9F_20260827_0900,2026-08-27 09:00:00
2026-06-21,149351693,919,0,25.7155347545,24.4297580168,24.4297580168,1.0000000,1,1,0.50665070000000000,0.506650700000,0.9867858985152569,0.9867858985152569,0.9867858985152569,0E-17,ELIGIBLE,R03b_20260811_FULL_v1,L1_ELIGIBILITY,v2026-08-11,2026-03-21..2026-08-06,baccarat_bet02_101_all_pairs_incl_sentinel,round_win = game_pnl > 0 (decisive only),COMPATIBILITY_ONLY_NOT_PRODUCTION,44544.5453,40072.9644,167.8358,1016,882,-0.00376782,-0.25196217,0.00359216,-0.00376782,-167.8358,44544.5453,OK,0.0000,6.7134,4.0000,96.0000,AG03-UNRESOLVED,ALL5_LEVELS_bet23_to_bet27,6.7134,6.7134,8.3918,8.3918,8.3918,4.000000,4.000000,5.000000,5.000000,5.000000,96.000000,96.000000,95.000000,95.000000,95.000000,5.0,38.6022,35.2192,129.2336,132.6166,PENDING_AG03,FALSE,NOT_FOR_ENFORCEMENT,161.1224,38470.0458,167.8358,161.1224,6.7134,0.00376782,0.00361711,6.7134,161.1224,0.00361711,6.7134,6.7134,8.3918,8.3918,8.3918,161.1224,0.00361711,38.6022,35.2192,129.2336,132.6166,0.00290122,0.00297717,0.00015071,43.8431,45.4342,0.1903,6.9932,0.3858,1856.0227,36.7500,42.7628,43.8759,23.144,38.5733,57.0806,78.5279,103.7829,155.6743,31.1349,-5.1431,2.690537,4.035805,1.136617,24,140,35,5,0.02880006,0.00376782,0.25196217,0E-8,0.000000,0.899616,0.000000,-0.25555432,2026-04-30,2026-07-25,24,435,233,87,0.275862,0.974631,0.975362,0.096000,,,,,,,,GLOBAL_BASELINE_NO_ENTITY_RANKING,,,NOT_APPLICABLE_GLOBAL_BASELINE,HF9g-P5,,,,X 全窗基线 · 不参与实体赏罚,6870917,688,A168_HF9F_20260827_0900,2026-08-27 09:00:00
2026-06-21,149351693,986,0,51.4310695090,-51.4310695090,-51.4310695090,0E-7,2,2,0.49994810000000000,0.499948100000,-1.4140667746232096,-1.4140667746232096,-1.4140667746232096,0E-17,ELIGIBLE,R03b_20260811_FULL_v1,L1_ELIGIBILITY,v2026-08-11,2026-03-21..2026-08-06,baccarat_bet02_101_all_pairs_incl_sentinel,round_win = game_pnl > 0 (decisive only),COMPATIBILITY_ONLY_NOT_PRODUCTION,44544.5453,40072.9644,167.8358,1016,882,-0.00376782,-0.25196217,0.00359216,-0.00376782,-167.8358,44544.5453,OK,0.0000,6.7134,4.0000,96.0000,AG03-UNRESOLVED,ALL5_LEVELS_bet23_to_bet27,6.7134,6.7134,8.3918,8.3918,8.3918,4.000000,4.000000,5.000000,5.000000,5.000000,96.000000,96.000000,95.000000,95.000000,95.000000,5.0,38.6022,35.2192,129.2336,132.6166,PENDING_AG03,FALSE,NOT_FOR_ENFORCEMENT,161.1224,38470.0458,167.8358,161.1224,6.7134,0.00376782,0.00361711,6.7134,161.1224,0.00361711,6.7134,6.7134,8.3918,8.3918,8.3918,161.1224,0.00361711,38.6022,35.2192,129.2336,132.6166,0.00290122,0.00297717,0.00015071,43.8431,45.4342,0.1903,6.9932,0.3858,1856.0227,36.7500,42.7628,43.8759,23.144,38.5733,57.0806,78.5279,103.7829,155.6743,31.1349,-5.1431,2.690537,4.035805,1.136617,24,140,35,5,0.02880006,0.00376782,0.25196217,0E-8,0.000000,0.899616,0.000000,-0.25555432,2026-04-30,2026-07-25,24,435,233,87,0.275862,0.974631,0.975362,0.096000,,,,,,,,GLOBAL_BASELINE_NO_ENTITY_RANKING,,,NOT_APPLICABLE_GLOBAL_BASELINE,HF9g-P5,,,,X 全窗基线 · 不参与实体赏罚,6870918,688,A168_HF9F_20260827_0900,2026-08-27 09:00:00
2026-06-27,149351693,1935,0,12.8577673773,-12.8577673773,-12.8577673773,0E-7,1,1,0.49324550000000000,0.493245500000,-0.9865810262130424,-0.9865810262130424,-0.9865810262130424,0E-17,ELIGIBLE,R03b_20260811_FULL_v1,L1_ELIGIBILITY,v2026-08-11,2026-03-21..2026-08-06,baccarat_bet02_101_all_pairs_incl_sentinel,round_win = game_pnl > 0 (decisive only),COMPATIBILITY_ONLY_NOT_PRODUCTION,44544.5453,40072.9644,167.8358,1016,882,-0.00376782,-0.25196217,0.00359216,-0.00376782,-167.8358,44544.5453,OK,0.0000,6.7134,4.0000,96.0000,AG03-UNRESOLVED,ALL5_LEVELS_bet23_to_bet27,6.7134,6.7134,8.3918,8.3918,8.3918,4.000000,4.000000,5.000000,5.000000,5.000000,96.000000,96.000000,95.000000,95.000000,95.000000,5.0,38.6022,35.2192,129.2336,132.6166,PENDING_AG03,FALSE,NOT_FOR_ENFORCEMENT,161.1224,38470.0458,167.8358,161.1224,6.7134,0.00376782,0.00361711,6.7134,161.1224,0.00361711,6.7134,6.7134,8.3918,8.3918,8.3918,161.1224,0.00361711,38.6022,35.2192,129.2336,132.6166,0.00290122,0.00297717,0.00015071,43.8431,45.4342,0.1903,6.9932,0.3858,1856.0227,36.7500,42.7628,43.8759,23.144,38.5733,57.0806,78.5279,103.7829,155.6743,31.1349,-5.1431,2.690537,4.035805,1.136617,24,140,35,5,0.02880006,0.00376782,0.25196217,0E-8,0.000000,0.899616,0.000000,-0.25555432,2026-04-30,2026-07-25,24,435,233,87,0.275862,0.974631,0.975362,0.096000,,,,,,,,GLOBAL_BASELINE_NO_ENTITY_RANKING,,,NOT_APPLICABLE_GLOBAL_BASELINE,HF9g-P5,,,,X 全窗基线 · 不参与实体赏罚,6870919,688,A168_HF9F_20260827_0900,2026-08-27 09:00:00
2026-06-27,149351693,550,0,27.2584668398,-27.2584668398,-27.2584668398,0E-7,1,1,0.50665070000000000,0.506650700000,-1.013391052207602,-1.013391052207602,-1.013391052207602,0E-17,ELIGIBLE,R03b_20260811_FULL_v1,L1_ELIGIBILITY,v2026-08-11,2026-03-21..2026-08-06,baccarat_bet02_101_all_pairs_incl_sentinel,round_win = game_pnl > 0 (decisive only),COMPATIBILITY_ONLY_NOT_PRODUCTION,44544.5453,40072.9644,167.8358,1016,882,-0.00376782,-0.25196217,0.00359216,-0.00376782,-167.8358,44544.5453,OK,0.0000,6.7134,4.0000,96.0000,AG03-UNRESOLVED,ALL5_LEVELS_bet23_to_bet27,6.7134,6.7134,8.3918,8.3918,8.3918,4.000000,4.000000,5.000000,5.000000,5.000000,96.000000,96.000000,95.000000,95.000000,95.000000,5.0,38.6022,35.2192,129.2336,132.6166,PENDING_AG03,FALSE,NOT_FOR_ENFORCEMENT,161.1224,38470.0458,167.8358,161.1224,6.7134,0.00376782,0.00361711,6.7134,161.1224,0.00361711,6.7134,6.7134,8.3918,8.3918,8.3918,161.1224,0.00361711,38.6022,35.2192,129.2336,132.6166,0.00290122,0.00297717,0.00015071,43.8431,45.4342,0.1903,6.9932,0.3858,1856.0227,36.7500,42.7628,43.8759,23.144,38.5733,57.0806,78.5279,103.7829,155.6743,31.1349,-5.1431,2.690537,4.035805,1.136617,24,140,35,5,0.02880006,0.00376782,0.25196217,0E-8,0.000000,0.899616,0.000000,-0.25555432,2026-04-30,2026-07-25,24,435,233,87,0.275862,0.974631,0.975362,0.096000,,,,,,,,GLOBAL_BASELINE_NO_ENTITY_RANKING,,,NOT_APPLICABLE_GLOBAL_BASELINE,HF9g-P5,,,,X 全窗基线 · 不参与实体赏罚,6870920,688,A168_HF9F_20260827_0900,2026-08-27 09:00:00
2026-06-29,149351693,1299,0,64.2888368863,-64.2888368863,-64.2888368863,0E-7,2,2,0.50665070000000000,0.506650700000,-1.4331513700195317,-1.4331513700195317,-1.4331513700195317,0E-17,ELIGIBLE,R03b_20260811_FULL_v1,L1_ELIGIBILITY,v2026-08-11,2026-03-21..2026-08-06,baccarat_bet02_101_all_pairs_incl_sentinel,round_win = game_pnl > 0 (decisive only),COMPATIBILITY_ONLY_NOT_PRODUCTION,44544.5453,40072.9644,167.8358,1016,882,-0.00376782,-0.25196217,0.00359216,-0.00376782,-167.8358,44544.5453,OK,0.0000,6.7134,4.0000,96.0000,AG03-UNRESOLVED,ALL5_LEVELS_bet23_to_bet27,6.7134,6.7134,8.3918,8.3918,8.3918,4.000000,4.000000,5.000000,5.000000,5.000000,96.000000,96.000000,95.000000,95.000000,95.000000,5.0,38.6022,35.2192,129.2336,132.6166,PENDING_AG03,FALSE,NOT_FOR_ENFORCEMENT,161.1224,38470.0458,167.8358,161.1224,6.7134,0.00376782,0.00361711,6.7134,161.1224,0.00361711,6.7134,6.7134,8.3918,8.3918,8.3918,161.1224,0.00361711,38.6022,35.2192,129.2336,132.6166,0.00290122,0.00297717,0.00015071,43.8431,45.4342,0.1903,6.9932,0.3858,1856.0227,36.7500,42.7628,43.8759,23.144,38.5733,57.0806,78.5279,103.7829,155.6743,31.1349,-5.1431,2.690537,4.035805,1.136617,24,140,35,5,0.02880006,0.00376782,0.25196217,0E-8,0.000000,0.899616,0.000000,-0.25555432,2026-04-30,2026-07-25,24,435,233,87,0.275862,0.974631,0.975362,0.096000,,,,,,,,GLOBAL_BASELINE_NO_ENTITY_RANKING,,,NOT_APPLICABLE_GLOBAL_BASELINE,HF9g-P5,,,,X 全窗基线 · 不参与实体赏罚,6870921,688,A168_HF9F_20260827_0900,2026-08-27 09:00:00
2026-06-29,149351693,1396,0,38.5733021318,-38.5733021318,-38.5733021318,0E-7,1,1,0.49324550000000000,0.493245500000,-0.9865810262130424,-0.9865810262130424,-0.9865810262130424,0E-17,ELIGIBLE,R03b_20260811_FULL_v1,L1_ELIGIBILITY,v2026-08-11,2026-03-21..2026-08-06,baccarat_bet02_101_all_pairs_incl_sentinel,round_win = game_pnl > 0 (decisive only),COMPATIBILITY_ONLY_NOT_PRODUCTION,44544.5453,40072.9644,167.8358,1016,882,-0.00376782,-0.25196217,0.00359216,-0.00376782,-167.8358,44544.5453,OK,0.0000,6.7134,4.0000,96.0000,AG03-UNRESOLVED,ALL5_LEVELS_bet23_to_bet27,6.7134,6.7134,8.3918,8.3918,8.3918,4.000000,4.000000,5.000000,5.000000,5.000000,96.000000,96.000000,95.000000,95.000000,95.000000,5.0,38.6022,35.2192,129.2336,132.6166,PENDING_AG03,FALSE,NOT_FOR_ENFORCEMENT,161.1224,38470.0458,167.8358,161.1224,6.7134,0.00376782,0.00361711,6.7134,161.1224,0.00361711,6.7134,6.7134,8.3918,8.3918,8.3918,161.1224,0.00361711,38.6022,35.2192,129.2336,132.6166,0.00290122,0.00297717,0.00015071,43.8431,45.4342,0.1903,6.9932,0.3858,1856.0227,36.7500,42.7628,43.8759,23.144,38.5733,57.0806,78.5279,103.7829,155.6743,31.1349,-5.1431,2.690537,4.035805,1.136617,24,140,35,5,0.02880006,0.00376782,0.25196217,0E-8,0.000000,0.899616,0.000000,-0.25555432,2026-04-30,2026-07-25,24,435,233,87,0.275862,0.974631,0.975362,0.096000,,,,,,,,GLOBAL_BASELINE_NO_ENTITY_RANKING,,,NOT_APPLICABLE_GLOBAL_BASELINE,HF9g-P5,,,,X 全窗基线 · 不参与实体赏罚,6870922,688,A168_HF9F_20260827_0900,2026-08-27 09:00:00
2026-06-29,149351693,2101,0,15.4293208527,-15.4293208527,-15.4293208527,0E-7,1,1,0.50665070000000000,0.506650700000,-1.013391052207602,-1.013391052207602,-1.013391052207602,0E-17,ELIGIBLE,R03b_20260811_FULL_v1,L1_ELIGIBILITY,v2026-08-11,2026-03-21..2026-08-06,baccarat_bet02_101_all_pairs_incl_sentinel,round_win = game_pnl > 0 (decisive only),COMPATIBILITY_ONLY_NOT_PRODUCTION,44544.5453,40072.9644,167.8358,1016,882,-0.00376782,-0.25196217,0.00359216,-0.00376782,-167.8358,44544.5453,OK,0.0000,6.7134,4.0000,96.0000,AG03-UNRESOLVED,ALL5_LEVELS_bet23_to_bet27,6.7134,6.7134,8.3918,8.3918,8.3918,4.000000,4.000000,5.000000,5.000000,5.000000,96.000000,96.000000,95.000000,95.000000,95.000000,5.0,38.6022,35.2192,129.2336,132.6166,PENDING_AG03,FALSE,NOT_FOR_ENFORCEMENT,161.1224,38470.0458,167.8358,161.1224,6.7134,0.00376782,0.00361711,6.7134,161.1224,0.00361711,6.7134,6.7134,8.3918,8.3918,8.3918,161.1224,0.00361711,38.6022,35.2192,129.2336,132.6166,0.00290122,0.00297717,0.00015071,43.8431,45.4342,0.1903,6.9932,0.3858,1856.0227,36.7500,42.7628,43.8759,23.144,38.5733,57.0806,78.5279,103.7829,155.6743,31.1349,-5.1431,2.690537,4.035805,1.136617,24,140,35,5,0.02880006,0.00376782,0.25196217,0E-8,0.000000,0.899616,0.000000,-0.25555432,2026-04-30,2026-07-25,24,435,233,87,0.275862,0.974631,0.975362,0.096000,,,,,,,,GLOBAL_BASELINE_NO_ENTITY_RANKING,,,NOT_APPLICABLE_GLOBAL_BASELINE,HF9g-P5,,,,X 全窗基线 · 不参与实体赏罚,6870923,688,A168_HF9F_20260827_0900,2026-08-27 09:00:00
2026-06-29,149351693,2170,0,25.7155347546,0E-10,0E-10,0.5000000,2,2,0.49324550000000000,0.493245500000,0.01910635448239258,0.01910635448239258,0.01910635448239258,0E-17,ELIGIBLE,R03b_20260811_FULL_v1,L1_ELIGIBILITY,v2026-08-11,2026-03-21..2026-08-06,baccarat_bet02_101_all_pairs_incl_sentinel,round_win = game_pnl > 0 (decisive only),COMPATIBILITY_ONLY_NOT_PRODUCTION,44544.5453,40072.9644,167.8358,1016,882,-0.00376782,-0.25196217,0.00359216,-0.00376782,-167.8358,44544.5453,OK,0.0000,6.7134,4.0000,96.0000,AG03-UNRESOLVED,ALL5_LEVELS_bet23_to_bet27,6.7134,6.7134,8.3918,8.3918,8.3918,4.000000,4.000000,5.000000,5.000000,5.000000,96.000000,96.000000,95.000000,95.000000,95.000000,5.0,38.6022,35.2192,129.2336,132.6166,PENDING_AG03,FALSE,NOT_FOR_ENFORCEMENT,161.1224,38470.0458,167.8358,161.1224,6.7134,0.00376782,0.00361711,6.7134,161.1224,0.00361711,6.7134,6.7134,8.3918,8.3918,8.3918,161.1224,0.00361711,38.6022,35.2192,129.2336,132.6166,0.00290122,0.00297717,0.00015071,43.8431,45.4342,0.1903,6.9932,0.3858,1856.0227,36.7500,42.7628,43.8759,23.144,38.5733,57.0806,78.5279,103.7829,155.6743,31.1349,-5.1431,2.690537,4.035805,1.136617,24,140,35,5,0.02880006,0.00376782,0.25196217,0E-8,0.000000,0.899616,0.000000,-0.25555432,2026-04-30,2026-07-25,24,435,233,87,0.275862,0.974631,0.975362,0.096000,,,,,,,,GLOBAL_BASELINE_NO_ENTITY_RANKING,,,NOT_APPLICABLE_GLOBAL_BASELINE,HF9g-P5,,,,X 全窗基线 · 不参与实体赏罚,6870924,688,A168_HF9F_20260827_0900,2026-08-27 09:00:00
2026-06-29,149351693,2229,0,25.7155347545,-25.7155347545,-25.7155347545,0E-7,1,1,0.50665070000000000,0.506650700000,-1.013391052207602,-1.013391052207602,-1.013391052207602,0E-17,ELIGIBLE,R03b_20260811_FULL_v1,L1_ELIGIBILITY,v2026-08-11,2026-03-21..2026-08-06,baccarat_bet02_101_all_pairs_incl_sentinel,round_win = game_pnl > 0 (decisive only),COMPATIBILITY_ONLY_NOT_PRODUCTION,44544.5453,40072.9644,167.8358,1016,882,-0.00376782,-0.25196217,0.00359216,-0.00376782,-167.8358,44544.5453,OK,0.0000,6.7134,4.0000,96.0000,AG03-UNRESOLVED,ALL5_LEVELS_bet23_to_bet27,6.7134,6.7134,8.3918,8.3918,8.3918,4.000000,4.000000,5.000000,5.000000,5.000000,96.000000,96.000000,95.000000,95.000000,95.000000,5.0,38.6022,35.2192,129.2336,132.6166,PENDING_AG03,FALSE,NOT_FOR_ENFORCEMENT,161.1224,38470.0458,167.8358,161.1224,6.7134,0.00376782,0.00361711,6.7134,161.1224,0.00361711,6.7134,6.7134,8.3918,8.3918,8.3918,161.1224,0.00361711,38.6022,35.2192,129.2336,132.6166,0.00290122,0.00297717,0.00015071,43.8431,45.4342,0.1903,6.9932,0.3858,1856.0227,36.7500,42.7628,43.8759,23.144,38.5733,57.0806,78.5279,103.7829,155.6743,31.1349,-5.1431,2.690537,4.035805,1.136617,24,140,35,5,0.02880006,0.00376782,0.25196217,0E-8,0.000000,0.899616,0.000000,-0.25555432,2026-04-30,2026-07-25,24,435,233,87,0.275862,0.974631,0.975362,0.096000,,,,,,,,GLOBAL_BASELINE_NO_ENTITY_RANKING,,,NOT_APPLICABLE_GLOBAL_BASELINE,HF9g-P5,,,,X 全窗基线 · 不参与实体赏罚,6870925,688,A168_HF9F_20260827_0900,2026-08-27 09:00:00
2026-06-29,149351693,2258,0,12.8577673773,12.2148790084,12.2148790084,1.0000000,1,1,0.50665070000000000,0.506650700000,0.9867858985152569,0.9867858985152569,0.9867858985152569,0E-17,ELIGIBLE,R03b_20260811_FULL_v1,L1_ELIGIBILITY,v2026-08-11,2026-03-21..2026-08-06,baccarat_bet02_101_all_pairs_incl_sentinel,round_win = game_pnl > 0 (decisive only),COMPATIBILITY_ONLY_NOT_PRODUCTION,44544.5453,40072.9644,167.8358,1016,882,-0.00376782,-0.25196217,0.00359216,-0.00376782,-167.8358,44544.5453,OK,0.0000,6.7134,4.0000,96.0000,AG03-UNRESOLVED,ALL5_LEVELS_bet23_to_bet27,6.7134,6.7134,8.3918,8.3918,8.3918,4.000000,4.000000,5.000000,5.000000,5.000000,96.000000,96.000000,95.000000,95.000000,95.000000,5.0,38.6022,35.2192,129.2336,132.6166,PENDING_AG03,FALSE,NOT_FOR_ENFORCEMENT,161.1224,38470.0458,167.8358,161.1224,6.7134,0.00376782,0.00361711,6.7134,161.1224,0.00361711,6.7134,6.7134,8.3918,8.3918,8.3918,161.1224,0.00361711,38.6022,35.2192,129.2336,132.6166,0.00290122,0.00297717,0.00015071,43.8431,45.4342,0.1903,6.9932,0.3858,1856.0227,36.7500,42.7628,43.8759,23.144,38.5733,57.0806,78.5279,103.7829,155.6743,31.1349,-5.1431,2.690537,4.035805,1.136617,24,140,35,5,0.02880006,0.00376782,0.25196217,0E-8,0.000000,0.899616,0.000000,-0.25555432,2026-04-30,2026-07-25,24,435,233,87,0.275862,0.974631,0.975362,0.096000,,,,,,,,GLOBAL_BASELINE_NO_ENTITY_RANKING,,,NOT_APPLICABLE_GLOBAL_BASELINE,HF9g-P5,,,,X 全窗基线 · 不参与实体赏罚,6870926,688,A168_HF9F_20260827_0900,2026-08-27 09:00:00
2026-06-29,149351693,550,0,25.7155347545,-25.7155347545,-25.7155347545,0E-7,1,1,0.50665070000000000,0.506650700000,-1.013391052207602,-1.013391052207602,-1.013391052207602,0E-17,ELIGIBLE,R03b_20260811_FULL_v1,L1_ELIGIBILITY,v2026-08-11,2026-03-21..2026-08-06,baccarat_bet02_101_all_pairs_incl_sentinel,round_win = game_pnl > 0 (decisive only),COMPATIBILITY_ONLY_NOT_PRODUCTION,44544.5453,40072.9644,167.8358,1016,882,-0.00376782,-0.25196217,0.00359216,-0.00376782,-167.8358,44544.5453,OK,0.0000,6.7134,4.0000,96.0000,AG03-UNRESOLVED,ALL5_LEVELS_bet23_to_bet27,6.7134,6.7134,8.3918,8.3918,8.3918,4.000000,4.000000,5.000000,5.000000,5.000000,96.000000,96.000000,95.000000,95.000000,95.000000,5.0,38.6022,35.2192,129.2336,132.6166,PENDING_AG03,FALSE,NOT_FOR_ENFORCEMENT,161.1224,38470.0458,167.8358,161.1224,6.7134,0.00376782,0.00361711,6.7134,161.1224,0.00361711,6.7134,6.7134,8.3918,8.3918,8.3918,161.1224,0.00361711,38.6022,35.2192,129.2336,132.6166,0.00290122,0.00297717,0.00015071,43.8431,45.4342,0.1903,6.9932,0.3858,1856.0227,36.7500,42.7628,43.8759,23.144,38.5733,57.0806,78.5279,103.7829,155.6743,31.1349,-5.1431,2.690537,4.035805,1.136617,24,140,35,5,0.02880006,0.00376782,0.25196217,0E-8,0.000000,0.899616,0.000000,-0.25555432,2026-04-30,2026-07-25,24,435,233,87,0.275862,0.974631,0.975362,0.096000,,,,,,,,GLOBAL_BASELINE_NO_ENTITY_RANKING,,,NOT_APPLICABLE_GLOBAL_BASELINE,HF9g-P5,,,,X 全窗基线 · 不参与实体赏罚,6870927,688,A168_HF9F_20260827_0900,2026-08-27 09:00:00
2026-07-05,149351693,1318,0,22.7196447474,21.5836625100,21.5836625100,1.0000000,1,1,0.50665070000000000,0.506650700000,0.9867858985152569,0.9867858985152569,0.9867858985152569,0E-17,ELIGIBLE,R03b_20260811_FULL_v1,L1_ELIGIBILITY,v2026-08-11,2026-03-21..2026-08-06,baccarat_bet02_101_all_pairs_incl_sentinel,round_win = game_pnl > 0 (decisive only),COMPATIBILITY_ONLY_NOT_PRODUCTION,44544.5453,40072.9644,167.8358,1016,882,-0.00376782,-0.25196217,0.00359216,-0.00376782,-167.8358,44544.5453,OK,0.0000,6.7134,4.0000,96.0000,AG03-UNRESOLVED,ALL5_LEVELS_bet23_to_bet27,6.7134,6.7134,8.3918,8.3918,8.3918,4.000000,4.000000,5.000000,5.000000,5.000000,96.000000,96.000000,95.000000,95.000000,95.000000,5.0,38.6022,35.2192,129.2336,132.6166,PENDING_AG03,FALSE,NOT_FOR_ENFORCEMENT,161.1224,38470.0458,167.8358,161.1224,6.7134,0.00376782,0.00361711,6.7134,161.1224,0.00361711,6.7134,6.7134,8.3918,8.3918,8.3918,161.1224,0.00361711,38.6022,35.2192,129.2336,132.6166,0.00290122,0.00297717,0.00015071,43.8431,45.4342,0.1903,6.9932,0.3858,1856.0227,36.7500,42.7628,43.8759,23.144,38.5733,57.0806,78.5279,103.7829,155.6743,31.1349,-5.1431,2.690537,4.035805,1.136617,24,140,35,5,0.02880006,0.00376782,0.25196217,0E-8,0.000000,0.899616,0.000000,-0.25555432,2026-04-30,2026-07-25,24,435,233,87,0.275862,0.974631,0.975362,0.096000,,,,,,,,GLOBAL_BASELINE_NO_ENTITY_RANKING,,,NOT_APPLICABLE_GLOBAL_BASELINE,HF9g-P5,,,,X 全窗基线 · 不参与实体赏罚,6870928,688,A168_HF9F_20260827_0900,2026-08-27 09:00:00
2026-07-05,149351693,1490,0,44.4065783699,42.1862494514,42.1862494514,1.0000000,1,1,0.50665070000000000,0.506650700000,0.9867858985152569,0.9867858985152569,0.9867858985152569,0E-17,ELIGIBLE,R03b_20260811_FULL_v1,L1_ELIGIBILITY,v2026-08-11,2026-03-21..2026-08-06,baccarat_bet02_101_all_pairs_incl_sentinel,round_win = game_pnl > 0 (decisive only),COMPATIBILITY_ONLY_NOT_PRODUCTION,44544.5453,40072.9644,167.8358,1016,882,-0.00376782,-0.25196217,0.00359216,-0.00376782,-167.8358,44544.5453,OK,0.0000,6.7134,4.0000,96.0000,AG03-UNRESOLVED,ALL5_LEVELS_bet23_to_bet27,6.7134,6.7134,8.3918,8.3918,8.3918,4.000000,4.000000,5.000000,5.000000,5.000000,96.000000,96.000000,95.000000,95.000000,95.000000,5.0,38.6022,35.2192,129.2336,132.6166,PENDING_AG03,FALSE,NOT_FOR_ENFORCEMENT,161.1224,38470.0458,167.8358,161.1224,6.7134,0.00376782,0.00361711,6.7134,161.1224,0.00361711,6.7134,6.7134,8.3918,8.3918,8.3918,161.1224,0.00361711,38.6022,35.2192,129.2336,132.6166,0.00290122,0.00297717,0.00015071,43.8431,45.4342,0.1903,6.9932,0.3858,1856.0227,36.7500,42.7628,43.8759,23.144,38.5733,57.0806,78.5279,103.7829,155.6743,31.1349,-5.1431,2.690537,4.035805,1.136617,24,140,35,5,0.02880006,0.00376782,0.25196217,0E-8,0.000000,0.899616,0.000000,-0.25555432,2026-04-30,2026-07-25,24,435,233,87,0.275862,0.974631,0.975362,0.096000,,,,,,,,GLOBAL_BASELINE_NO_ENTITY_RANKING,,,NOT_APPLICABLE_GLOBAL_BASELINE,HF9g-P5,,,,X 全窗基线 · 不参与实体赏罚,6870929,688,A168_HF9F_20260827_0900,2026-08-27 09:00:00
2026-07-05,149351693,1990,0,64.5444453050,-64.5444453050,-64.5444453050,0E-7,1,1,0.49324550000000000,0.493245500000,-0.9865810262130424,-0.9865810262130424,-0.9865810262130424,0E-17,ELIGIBLE,R03b_20260811_FULL_v1,L1_ELIGIBILITY,v2026-08-11,2026-03-21..2026-08-06,baccarat_bet02_101_all_pairs_incl_sentinel,round_win = game_pnl > 0 (decisive only),COMPATIBILITY_ONLY_NOT_PRODUCTION,44544.5453,40072.9644,167.8358,1016,882,-0.00376782,-0.25196217,0.00359216,-0.00376782,-167.8358,44544.5453,OK,0.0000,6.7134,4.0000,96.0000,AG03-UNRESOLVED,ALL5_LEVELS_bet23_to_bet27,6.7134,6.7134,8.3918,8.3918,8.3918,4.000000,4.000000,5.000000,5.000000,5.000000,96.000000,96.000000,95.000000,95.000000,95.000000,5.0,38.6022,35.2192,129.2336,132.6166,PENDING_AG03,FALSE,NOT_FOR_ENFORCEMENT,161.1224,38470.0458,167.8358,161.1224,6.7134,0.00376782,0.00361711,6.7134,161.1224,0.00361711,6.7134,6.7134,8.3918,8.3918,8.3918,161.1224,0.00361711,38.6022,35.2192,129.2336,132.6166,0.00290122,0.00297717,0.00015071,43.8431,45.4342,0.1903,6.9932,0.3858,1856.0227,36.7500,42.7628,43.8759,23.144,38.5733,57.0806,78.5279,103.7829,155.6743,31.1349,-5.1431,2.690537,4.035805,1.136617,24,140,35,5,0.02880006,0.00376782,0.25196217,0E-8,0.000000,0.899616,0.000000,-0.25555432,2026-04-30,2026-07-25,24,435,233,87,0.275862,0.974631,0.975362,0.096000,,,,,,,,GLOBAL_BASELINE_NO_ENTITY_RANKING,,,NOT_APPLICABLE_GLOBAL_BASELINE,HF9g-P5,,,,X 全窗基线 · 不参与实体赏罚,6870930,688,A168_HF9F_20260827_0900,2026-08-27 09:00:00
2026-07-05,149351693,2123,0,51.6355562440,-51.6355562440,-51.6355562440,0E-7,1,1,0.50665070000000000,0.506650700000,-1.013391052207602,-1.013391052207602,-1.013391052207602,0E-17,ELIGIBLE,R03b_20260811_FULL_v1,L1_ELIGIBILITY,v2026-08-11,2026-03-21..2026-08-06,baccarat_bet02_101_all_pairs_incl_sentinel,round_win = game_pnl > 0 (decisive only),COMPATIBILITY_ONLY_NOT_PRODUCTION,44544.5453,40072.9644,167.8358,1016,882,-0.00376782,-0.25196217,0.00359216,-0.00376782,-167.8358,44544.5453,OK,0.0000,6.7134,4.0000,96.0000,AG03-UNRESOLVED,ALL5_LEVELS_bet23_to_bet27,6.7134,6.7134,8.3918,8.3918,8.3918,4.000000,4.000000,5.000000,5.000000,5.000000,96.000000,96.000000,95.000000,95.000000,95.000000,5.0,38.6022,35.2192,129.2336,132.6166,PENDING_AG03,FALSE,NOT_FOR_ENFORCEMENT,161.1224,38470.0458,167.8358,161.1224,6.7134,0.00376782,0.00361711,6.7134,161.1224,0.00361711,6.7134,6.7134,8.3918,8.3918,8.3918,161.1224,0.00361711,38.6022,35.2192,129.2336,132.6166,0.00290122,0.00297717,0.00015071,43.8431,45.4342,0.1903,6.9932,0.3858,1856.0227,36.7500,42.7628,43.8759,23.144,38.5733,57.0806,78.5279,103.7829,155.6743,31.1349,-5.1431,2.690537,4.035805,1.136617,24,140,35,5,0.02880006,0.00376782,0.25196217,0E-8,0.000000,0.899616,0.000000,-0.25555432,2026-04-30,2026-07-25,24,435,233,87,0.275862,0.974631,0.975362,0.096000,,,,,,,,GLOBAL_BASELINE_NO_ENTITY_RANKING,,,NOT_APPLICABLE_GLOBAL_BASELINE,HF9g-P5,,,,X 全窗基线 · 不参与实体赏罚,6870931,688,A168_HF9F_20260827_0900,2026-08-27 09:00:00
2026-07-05,149351693,2167,0,51.6355562440,51.6355562440,51.6355562440,1.0000000,1,1,0.49324550000000000,0.493245500000,1.01360149184955,1.01360149184955,1.01360149184955,0E-17,ELIGIBLE,R03b_20260811_FULL_v1,L1_ELIGIBILITY,v2026-08-11,2026-03-21..2026-08-06,baccarat_bet02_101_all_pairs_incl_sentinel,round_win = game_pnl > 0 (decisive only),COMPATIBILITY_ONLY_NOT_PRODUCTION,44544.5453,40072.9644,167.8358,1016,882,-0.00376782,-0.25196217,0.00359216,-0.00376782,-167.8358,44544.5453,OK,0.0000,6.7134,4.0000,96.0000,AG03-UNRESOLVED,ALL5_LEVELS_bet23_to_bet27,6.7134,6.7134,8.3918,8.3918,8.3918,4.000000,4.000000,5.000000,5.000000,5.000000,96.000000,96.000000,95.000000,95.000000,95.000000,5.0,38.6022,35.2192,129.2336,132.6166,PENDING_AG03,FALSE,NOT_FOR_ENFORCEMENT,161.1224,38470.0458,167.8358,161.1224,6.7134,0.00376782,0.00361711,6.7134,161.1224,0.00361711,6.7134,6.7134,8.3918,8.3918,8.3918,161.1224,0.00361711,38.6022,35.2192,129.2336,132.6166,0.00290122,0.00297717,0.00015071,43.8431,45.4342,0.1903,6.9932,0.3858,1856.0227,36.7500,42.7628,43.8759,23.144,38.5733,57.0806,78.5279,103.7829,155.6743,31.1349,-5.1431,2.690537,4.035805,1.136617,24,140,35,5,0.02880006,0.00376782,0.25196217,0E-8,0.000000,0.899616,0.000000,-0.25555432,2026-04-30,2026-07-25,24,435,233,87,0.275862,0.974631,0.975362,0.096000,,,,,,,,GLOBAL_BASELINE_NO_ENTITY_RANKING,,,NOT_APPLICABLE_GLOBAL_BASELINE,HF9g-P5,,,,X 全窗基线 · 不参与实体赏罚,6870932,688,A168_HF9F_20260827_0900,2026-08-27 09:00:00
2026-07-05,149351693,2281,0,100.6893346758,102.6256680350,102.6256680350,1.0000000,3,2,0.47721870714285715,0.403638725000,1.480185982691361,1.7189898101856425,1.480185982691361,0.07357998214285715,ELIGIBLE,R03b_20260811_FULL_v1,L1_ELIGIBILITY,v2026-08-11,2026-03-21..2026-08-06,baccarat_bet02_101_all_pairs_incl_sentinel,round_win = game_pnl > 0 (decisive only),COMPATIBILITY_ONLY_NOT_PRODUCTION,44544.5453,40072.9644,167.8358,1016,882,-0.00376782,-0.25196217,0.00359216,-0.00376782,-167.8358,44544.5453,OK,0.0000,6.7134,4.0000,96.0000,AG03-UNRESOLVED,ALL5_LEVELS_bet23_to_bet27,6.7134,6.7134,8.3918,8.3918,8.3918,4.000000,4.000000,5.000000,5.000000,5.000000,96.000000,96.000000,95.000000,95.000000,95.000000,5.0,38.6022,35.2192,129.2336,132.6166,PENDING_AG03,FALSE,NOT_FOR_ENFORCEMENT,161.1224,38470.0458,167.8358,161.1224,6.7134,0.00376782,0.00361711,6.7134,161.1224,0.00361711,6.7134,6.7134,8.3918,8.3918,8.3918,161.1224,0.00361711,38.6022,35.2192,129.2336,132.6166,0.00290122,0.00297717,0.00015071,43.8431,45.4342,0.1903,6.9932,0.3858,1856.0227,36.7500,42.7628,43.8759,23.144,38.5733,57.0806,78.5279,103.7829,155.6743,31.1349,-5.1431,2.690537,4.035805,1.136617,24,140,35,5,0.02880006,0.00376782,0.25196217,0E-8,0.000000,0.899616,0.000000,-0.25555432,2026-04-30,2026-07-25,24,435,233,87,0.275862,0.974631,0.975362,0.096000,,,,,,,,GLOBAL_BASELINE_NO_ENTITY_RANKING,,,NOT_APPLICABLE_GLOBAL_BASELINE,HF9g-P5,,,,X 全窗基线 · 不参与实体赏罚,6870933,688,A168_HF9F_20260827_0900,2026-08-27 09:00:00
2026-07-05,149351693,2287,0,51.6355562440,-51.6355562440,-51.6355562440,0E-7,1,1,0.50665070000000000,0.506650700000,-1.013391052207602,-1.013391052207602,-1.013391052207602,0E-17,ELIGIBLE,R03b_20260811_FULL_v1,L1_ELIGIBILITY,v2026-08-11,2026-03-21..2026-08-06,baccarat_bet02_101_all_pairs_incl_sentinel,round_win = game_pnl > 0 (decisive only),COMPATIBILITY_ONLY_NOT_PRODUCTION,44544.5453,40072.9644,167.8358,1016,882,-0.00376782,-0.25196217,0.00359216,-0.00376782,-167.8358,44544.5453,OK,0.0000,6.7134,4.0000,96.0000,AG03-UNRESOLVED,ALL5_LEVELS_bet23_to_bet27,6.7134,6.7134,8.3918,8.3918,8.3918,4.000000,4.000000,5.000000,5.000000,5.000000,96.000000,96.000000,95.000000,95.000000,95.000000,5.0,38.6022,35.2192,129.2336,132.6166,PENDING_AG03,FALSE,NOT_FOR_ENFORCEMENT,161.1224,38470.0458,167.8358,161.1224,6.7134,0.00376782,0.00361711,6.7134,161.1224,0.00361711,6.7134,6.7134,8.3918,8.3918,8.3918,161.1224,0.00361711,38.6022,35.2192,129.2336,132.6166,0.00290122,0.00297717,0.00015071,43.8431,45.4342,0.1903,6.9932,0.3858,1856.0227,36.7500,42.7628,43.8759,23.144,38.5733,57.0806,78.5279,103.7829,155.6743,31.1349,-5.1431,2.690537,4.035805,1.136617,24,140,35,5,0.02880006,0.00376782,0.25196217,0E-8,0.000000,0.899616,0.000000,-0.25555432,2026-04-30,2026-07-25,24,435,233,87,0.275862,0.974631,0.975362,0.096000,,,,,,,,GLOBAL_BASELINE_NO_ENTITY_RANKING,,,NOT_APPLICABLE_GLOBAL_BASELINE,HF9g-P5,,,,X 全窗基线 · 不参与实体赏罚,6870934,688,A168_HF9F_20260827_0900,2026-08-27 09:00:00
2026-07-05,149351693,583,0,38.7266671830,-38.7266671830,-38.7266671830,0E-7,1,1,0.49324550000000000,0.493245500000,-0.9865810262130424,-0.9865810262130424,-0.9865810262130424,0E-17,ELIGIBLE,R03b_20260811_FULL_v1,L1_ELIGIBILITY,v2026-08-11,2026-03-21..2026-08-06,baccarat_bet02_101_all_pairs_incl_sentinel,round_win = game_pnl > 0 (decisive only),COMPATIBILITY_ONLY_NOT_PRODUCTION,44544.5453,40072.9644,167.8358,1016,882,-0.00376782,-0.25196217,0.00359216,-0.00376782,-167.8358,44544.5453,OK,0.0000,6.7134,4.0000,96.0000,AG03-UNRESOLVED,ALL5_LEVELS_bet23_to_bet27,6.7134,6.7134,8.3918,8.3918,8.3918,4.000000,4.000000,5.000000,5.000000,5.000000,96.000000,96.000000,95.000000,95.000000,95.000000,5.0,38.6022,35.2192,129.2336,132.6166,PENDING_AG03,FALSE,NOT_FOR_ENFORCEMENT,161.1224,38470.0458,167.8358,161.1224,6.7134,0.00376782,0.00361711,6.7134,161.1224,0.00361711,6.7134,6.7134,8.3918,8.3918,8.3918,161.1224,0.00361711,38.6022,35.2192,129.2336,132.6166,0.00290122,0.00297717,0.00015071,43.8431,45.4342,0.1903,6.9932,0.3858,1856.0227,36.7500,42.7628,43.8759,23.144,38.5733,57.0806,78.5279,103.7829,155.6743,31.1349,-5.1431,2.690537,4.035805,1.136617,24,140,35,5,0.02880006,0.00376782,0.25196217,0E-8,0.000000,0.899616,0.000000,-0.25555432,2026-04-30,2026-07-25,24,435,233,87,0.275862,0.974631,0.975362,0.096000,,,,,,,,GLOBAL_BASELINE_NO_ENTITY_RANKING,,,NOT_APPLICABLE_GLOBAL_BASELINE,HF9g-P5,,,,X 全窗基线 · 不参与实体赏罚,6870935,688,A168_HF9F_20260827_0900,2026-08-27 09:00:00
2026-07-06,149351693,1490,0,69.1916453670,-40.2757338704,-40.2757338704,0.3333333,3,3,0.49771390000000000,0.497713900000,-0.5694369385616226,-0.5694369385616226,-0.5694369385616226,0E-17,ELIGIBLE,R03b_20260811_FULL_v1,L1_ELIGIBILITY,v2026-08-11,2026-03-21..2026-08-06,baccarat_bet02_101_all_pairs_incl_sentinel,round_win = game_pnl > 0 (decisive only),COMPATIBILITY_ONLY_NOT_PRODUCTION,44544.5453,40072.9644,167.8358,1016,882,-0.00376782,-0.25196217,0.00359216,-0.00376782,-167.8358,44544.5453,OK,0.0000,6.7134,4.0000,96.0000,AG03-UNRESOLVED,ALL5_LEVELS_bet23_to_bet27,6.7134,6.7134,8.3918,8.3918,8.3918,4.000000,4.000000,5.000000,5.000000,5.000000,96.000000,96.000000,95.000000,95.000000,95.000000,5.0,38.6022,35.2192,129.2336,132.6166,PENDING_AG03,FALSE,NOT_FOR_ENFORCEMENT,161.1224,38470.0458,167.8358,161.1224,6.7134,0.00376782,0.00361711,6.7134,161.1224,0.00361711,6.7134,6.7134,8.3918,8.3918,8.3918,161.1224,0.00361711,38.6022,35.2192,129.2336,132.6166,0.00290122,0.00297717,0.00015071,43.8431,45.4342,0.1903,6.9932,0.3858,1856.0227,36.7500,42.7628,43.8759,23.144,38.5733,57.0806,78.5279,103.7829,155.6743,31.1349,-5.1431,2.690537,4.035805,1.136617,24,140,35,5,0.02880006,0.00376782,0.25196217,0E-8,0.000000,0.899616,0.000000,-0.25555432,2026-04-30,2026-07-25,24,435,233,87,0.275862,0.974631,0.975362,0.096000,,,,,,,,GLOBAL_BASELINE_NO_ENTITY_RANKING,,,NOT_APPLICABLE_GLOBAL_BASELINE,HF9g-P5,,,,X 全窗基线 · 不参与实体赏罚,6870936,688,A168_HF9F_20260827_0900,2026-08-27 09:00:00
2026-07-12,149351693,1157,0,64.5444453050,64.5444453050,64.5444453050,1.0000000,1,1,0.49324550000000000,0.493245500000,1.01360149184955,1.01360149184955,1.01360149184955,0E-17,ELIGIBLE,R03b_20260811_FULL_v1,L1_ELIGIBILITY,v2026-08-11,2026-03-21..2026-08-06,baccarat_bet02_101_all_pairs_incl_sentinel,round_win = game_pnl > 0 (decisive only),COMPATIBILITY_ONLY_NOT_PRODUCTION,44544.5453,40072.9644,167.8358,1016,882,-0.00376782,-0.25196217,0.00359216,-0.00376782,-167.8358,44544.5453,OK,0.0000,6.7134,4.0000,96.0000,AG03-UNRESOLVED,ALL5_LEVELS_bet23_to_bet27,6.7134,6.7134,8.3918,8.3918,8.3918,4.000000,4.000000,5.000000,5.000000,5.000000,96.000000,96.000000,95.000000,95.000000,95.000000,5.0,38.6022,35.2192,129.2336,132.6166,PENDING_AG03,FALSE,NOT_FOR_ENFORCEMENT,161.1224,38470.0458,167.8358,161.1224,6.7134,0.00376782,0.00361711,6.7134,161.1224,0.00361711,6.7134,6.7134,8.3918,8.3918,8.3918,161.1224,0.00361711,38.6022,35.2192,129.2336,132.6166,0.00290122,0.00297717,0.00015071,43.8431,45.4342,0.1903,6.9932,0.3858,1856.0227,36.7500,42.7628,43.8759,23.144,38.5733,57.0806,78.5279,103.7829,155.6743,31.1349,-5.1431,2.690537,4.035805,1.136617,24,140,35,5,0.02880006,0.00376782,0.25196217,0E-8,0.000000,0.899616,0.000000,-0.25555432,2026-04-30,2026-07-25,24,435,233,87,0.275862,0.974631,0.975362,0.096000,,,,,,,,GLOBAL_BASELINE_NO_ENTITY_RANKING,,,NOT_APPLICABLE_GLOBAL_BASELINE,HF9g-P5,,,,X 全窗基线 · 不参与实体赏罚,6870937,688,A168_HF9F_20260827_0900,2026-08-27 09:00:00
2026-07-12,149351693,1385,0,38.7266671830,-38.7266671830,-38.7266671830,0E-7,1,1,0.50665070000000000,0.506650700000,-1.013391052207602,-1.013391052207602,-1.013391052207602,0E-17,ELIGIBLE,R03b_20260811_FULL_v1,L1_ELIGIBILITY,v2026-08-11,2026-03-21..2026-08-06,baccarat_bet02_101_all_pairs_incl_sentinel,round_win = game_pnl > 0 (decisive only),COMPATIBILITY_ONLY_NOT_PRODUCTION,44544.5453,40072.9644,167.8358,1016,882,-0.00376782,-0.25196217,0.00359216,-0.00376782,-167.8358,44544.5453,OK,0.0000,6.7134,4.0000,96.0000,AG03-UNRESOLVED,ALL5_LEVELS_bet23_to_bet27,6.7134,6.7134,8.3918,8.3918,8.3918,4.000000,4.000000,5.000000,5.000000,5.000000,96.000000,96.000000,95.000000,95.000000,95.000000,5.0,38.6022,35.2192,129.2336,132.6166,PENDING_AG03,FALSE,NOT_FOR_ENFORCEMENT,161.1224,38470.0458,167.8358,161.1224,6.7134,0.00376782,0.00361711,6.7134,161.1224,0.00361711,6.7134,6.7134,8.3918,8.3918,8.3918,161.1224,0.00361711,38.6022,35.2192,129.2336,132.6166,0.00290122,0.00297717,0.00015071,43.8431,45.4342,0.1903,6.9932,0.3858,1856.0227,36.7500,42.7628,43.8759,23.144,38.5733,57.0806,78.5279,103.7829,155.6743,31.1349,-5.1431,2.690537,4.035805,1.136617,24,140,35,5,0.02880006,0.00376782,0.25196217,0E-8,0.000000,0.899616,0.000000,-0.25555432,2026-04-30,2026-07-25,24,435,233,87,0.275862,0.974631,0.975362,0.096000,,,,,,,,GLOBAL_BASELINE_NO_ENTITY_RANKING,,,NOT_APPLICABLE_GLOBAL_BASELINE,HF9g-P5,,,,X 全窗基线 · 不参与实体赏罚,6870938,688,A168_HF9F_20260827_0900,2026-08-27 09:00:00
2026-07-12,149351693,2071,0,51.6355562440,0E-10,0E-10,,1,1,0.49324550000000000,0.493245500000,,,,0E-17,NO_DECISIVE_ROUND,R03b_20260811_FULL_v1,L1_ELIGIBILITY,v2026-08-11,2026-03-21..2026-08-06,baccarat_bet02_101_all_pairs_incl_sentinel,round_win = game_pnl > 0 (decisive only),COMPATIBILITY_ONLY_NOT_PRODUCTION,44544.5453,40072.9644,167.8358,1016,882,-0.00376782,-0.25196217,0.00359216,-0.00376782,-167.8358,44544.5453,OK,0.0000,6.7134,4.0000,96.0000,AG03-UNRESOLVED,ALL5_LEVELS_bet23_to_bet27,6.7134,6.7134,8.3918,8.3918,8.3918,4.000000,4.000000,5.000000,5.000000,5.000000,96.000000,96.000000,95.000000,95.000000,95.000000,5.0,38.6022,35.2192,129.2336,132.6166,PENDING_AG03,FALSE,NOT_FOR_ENFORCEMENT,161.1224,38470.0458,167.8358,161.1224,6.7134,0.00376782,0.00361711,6.7134,161.1224,0.00361711,6.7134,6.7134,8.3918,8.3918,8.3918,161.1224,0.00361711,38.6022,35.2192,129.2336,132.6166,0.00290122,0.00297717,0.00015071,43.8431,45.4342,0.1903,6.9932,0.3858,1856.0227,36.7500,42.7628,43.8759,23.144,38.5733,57.0806,78.5279,103.7829,155.6743,31.1349,-5.1431,2.690537,4.035805,1.136617,24,140,35,5,0.02880006,0.00376782,0.25196217,0E-8,0.000000,0.899616,0.000000,-0.25555432,2026-04-30,2026-07-25,24,435,233,87,0.275862,0.974631,0.975362,0.096000,,,,,,,,GLOBAL_BASELINE_NO_ENTITY_RANKING,,,NOT_APPLICABLE_GLOBAL_BASELINE,HF9g-P5,,,,X 全窗基线 · 不参与实体赏罚,6870939,688,A168_HF9F_20260827_0900,2026-08-27 09:00:00
2026-07-12,149351693,2103,0,154.9066687320,-79.3896677251,-79.3896677251,0.3333333,3,3,0.50665070000000000,0.506650700000,-0.6004420894325239,-0.6004420894325239,-0.6004420894325239,0E-17,ELIGIBLE,R03b_20260811_FULL_v1,L1_ELIGIBILITY,v2026-08-11,2026-03-21..2026-08-06,baccarat_bet02_101_all_pairs_incl_sentinel,round_win = game_pnl > 0 (decisive only),COMPATIBILITY_ONLY_NOT_PRODUCTION,44544.5453,40072.9644,167.8358,1016,882,-0.00376782,-0.25196217,0.00359216,-0.00376782,-167.8358,44544.5453,OK,0.0000,6.7134,4.0000,96.0000,AG03-UNRESOLVED,ALL5_LEVELS_bet23_to_bet27,6.7134,6.7134,8.3918,8.3918,8.3918,4.000000,4.000000,5.000000,5.000000,5.000000,96.000000,96.000000,95.000000,95.000000,95.000000,5.0,38.6022,35.2192,129.2336,132.6166,PENDING_AG03,FALSE,NOT_FOR_ENFORCEMENT,161.1224,38470.0458,167.8358,161.1224,6.7134,0.00376782,0.00361711,6.7134,161.1224,0.00361711,6.7134,6.7134,8.3918,8.3918,8.3918,161.1224,0.00361711,38.6022,35.2192,129.2336,132.6166,0.00290122,0.00297717,0.00015071,43.8431,45.4342,0.1903,6.9932,0.3858,1856.0227,36.7500,42.7628,43.8759,23.144,38.5733,57.0806,78.5279,103.7829,155.6743,31.1349,-5.1431,2.690537,4.035805,1.136617,24,140,35,5,0.02880006,0.00376782,0.25196217,0E-8,0.000000,0.899616,0.000000,-0.25555432,2026-04-30,2026-07-25,24,435,233,87,0.275862,0.974631,0.975362,0.096000,,,,,,,,GLOBAL_BASELINE_NO_ENTITY_RANKING,,,NOT_APPLICABLE_GLOBAL_BASELINE,HF9g-P5,,,,X 全窗基线 · 不参与实体赏罚,6870940,688,A168_HF9F_20260827_0900,2026-08-27 09:00:00
2026-07-12,149351693,2134,0,65.5771564299,-65.5771564299,-65.5771564299,0E-7,1,1,0.50665070000000000,0.506650700000,-1.013391052207602,-1.013391052207602,-1.013391052207602,0E-17,ELIGIBLE,R03b_20260811_FULL_v1,L1_ELIGIBILITY,v2026-08-11,2026-03-21..2026-08-06,baccarat_bet02_101_all_pairs_incl_sentinel,round_win = game_pnl > 0 (decisive only),COMPATIBILITY_ONLY_NOT_PRODUCTION,44544.5453,40072.9644,167.8358,1016,882,-0.00376782,-0.25196217,0.00359216,-0.00376782,-167.8358,44544.5453,OK,0.0000,6.7134,4.0000,96.0000,AG03-UNRESOLVED,ALL5_LEVELS_bet23_to_bet27,6.7134,6.7134,8.3918,8.3918,8.3918,4.000000,4.000000,5.000000,5.000000,5.000000,96.000000,96.000000,95.000000,95.000000,95.000000,5.0,38.6022,35.2192,129.2336,132.6166,PENDING_AG03,FALSE,NOT_FOR_ENFORCEMENT,161.1224,38470.0458,167.8358,161.1224,6.7134,0.00376782,0.00361711,6.7134,161.1224,0.00361711,6.7134,6.7134,8.3918,8.3918,8.3918,161.1224,0.00361711,38.6022,35.2192,129.2336,132.6166,0.00290122,0.00297717,0.00015071,43.8431,45.4342,0.1903,6.9932,0.3858,1856.0227,36.7500,42.7628,43.8759,23.144,38.5733,57.0806,78.5279,103.7829,155.6743,31.1349,-5.1431,2.690537,4.035805,1.136617,24,140,35,5,0.02880006,0.00376782,0.25196217,0E-8,0.000000,0.899616,0.000000,-0.25555432,2026-04-30,2026-07-25,24,435,233,87,0.275862,0.974631,0.975362,0.096000,,,,,,,,GLOBAL_BASELINE_NO_ENTITY_RANKING,,,NOT_APPLICABLE_GLOBAL_BASELINE,HF9g-P5,,,,X 全窗基线 · 不参与实体赏罚,6870941,688,A168_HF9F_20260827_0900,2026-08-27 09:00:00
2026-07-12,149351693,2169,0,90.3622234270,-90.3622234270,-90.3622234270,0E-7,2,2,0.49324550000000000,0.493245500000,-1.3952362676504506,-1.3952362676504506,-1.3952362676504506,0E-17,ELIGIBLE,R03b_20260811_FULL_v1,L1_ELIGIBILITY,v2026-08-11,2026-03-21..2026-08-06,baccarat_bet02_101_all_pairs_incl_sentinel,round_win = game_pnl > 0 (decisive only),COMPATIBILITY_ONLY_NOT_PRODUCTION,44544.5453,40072.9644,167.8358,1016,882,-0.00376782,-0.25196217,0.00359216,-0.00376782,-167.8358,44544.5453,OK,0.0000,6.7134,4.0000,96.0000,AG03-UNRESOLVED,ALL5_LEVELS_bet23_to_bet27,6.7134,6.7134,8.3918,8.3918,8.3918,4.000000,4.000000,5.000000,5.000000,5.000000,96.000000,96.000000,95.000000,95.000000,95.000000,5.0,38.6022,35.2192,129.2336,132.6166,PENDING_AG03,FALSE,NOT_FOR_ENFORCEMENT,161.1224,38470.0458,167.8358,161.1224,6.7134,0.00376782,0.00361711,6.7134,161.1224,0.00361711,6.7134,6.7134,8.3918,8.3918,8.3918,161.1224,0.00361711,38.6022,35.2192,129.2336,132.6166,0.00290122,0.00297717,0.00015071,43.8431,45.4342,0.1903,6.9932,0.3858,1856.0227,36.7500,42.7628,43.8759,23.144,38.5733,57.0806,78.5279,103.7829,155.6743,31.1349,-5.1431,2.690537,4.035805,1.136617,24,140,35,5,0.02880006,0.00376782,0.25196217,0E-8,0.000000,0.899616,0.000000,-0.25555432,2026-04-30,2026-07-25,24,435,233,87,0.275862,0.974631,0.975362,0.096000,,,,,,,,GLOBAL_BASELINE_NO_ENTITY_RANKING,,,NOT_APPLICABLE_GLOBAL_BASELINE,HF9g-P5,,,,X 全窗基线 · 不参与实体赏罚,6870942,688,A168_HF9F_20260827_0900,2026-08-27 09:00:00
2026-07-12,149351693,2174,0,38.7266671830,38.7266671830,38.7266671830,1.0000000,1,1,0.49324550000000000,0.493245500000,1.01360149184955,1.01360149184955,1.01360149184955,0E-17,ELIGIBLE,R03b_20260811_FULL_v1,L1_ELIGIBILITY,v2026-08-11,2026-03-21..2026-08-06,baccarat_bet02_101_all_pairs_incl_sentinel,round_win = game_pnl > 0 (decisive only),COMPATIBILITY_ONLY_NOT_PRODUCTION,44544.5453,40072.9644,167.8358,1016,882,-0.00376782,-0.25196217,0.00359216,-0.00376782,-167.8358,44544.5453,OK,0.0000,6.7134,4.0000,96.0000,AG03-UNRESOLVED,ALL5_LEVELS_bet23_to_bet27,6.7134,6.7134,8.3918,8.3918,8.3918,4.000000,4.000000,5.000000,5.000000,5.000000,96.000000,96.000000,95.000000,95.000000,95.000000,5.0,38.6022,35.2192,129.2336,132.6166,PENDING_AG03,FALSE,NOT_FOR_ENFORCEMENT,161.1224,38470.0458,167.8358,161.1224,6.7134,0.00376782,0.00361711,6.7134,161.1224,0.00361711,6.7134,6.7134,8.3918,8.3918,8.3918,161.1224,0.00361711,38.6022,35.2192,129.2336,132.6166,0.00290122,0.00297717,0.00015071,43.8431,45.4342,0.1903,6.9932,0.3858,1856.0227,36.7500,42.7628,43.8759,23.144,38.5733,57.0806,78.5279,103.7829,155.6743,31.1349,-5.1431,2.690537,4.035805,1.136617,24,140,35,5,0.02880006,0.00376782,0.25196217,0E-8,0.000000,0.899616,0.000000,-0.25555432,2026-04-30,2026-07-25,24,435,233,87,0.275862,0.974631,0.975362,0.096000,,,,,,,,GLOBAL_BASELINE_NO_ENTITY_RANKING,,,NOT_APPLICABLE_GLOBAL_BASELINE,HF9g-P5,,,,X 全窗基线 · 不参与实体赏罚,6870943,688,A168_HF9F_20260827_0900,2026-08-27 09:00:00
2026-07-12,149351693,2188,0,64.5444453050,61.3172230398,61.3172230398,1.0000000,1,1,0.50665070000000000,0.506650700000,0.9867858985152569,0.9867858985152569,0.9867858985152569,0E-17,ELIGIBLE,R03b_20260811_FULL_v1,L1_ELIGIBILITY,v2026-08-11,2026-03-21..2026-08-06,baccarat_bet02_101_all_pairs_incl_sentinel,round_win = game_pnl > 0 (decisive only),COMPATIBILITY_ONLY_NOT_PRODUCTION,44544.5453,40072.9644,167.8358,1016,882,-0.00376782,-0.25196217,0.00359216,-0.00376782,-167.8358,44544.5453,OK,0.0000,6.7134,4.0000,96.0000,AG03-UNRESOLVED,ALL5_LEVELS_bet23_to_bet27,6.7134,6.7134,8.3918,8.3918,8.3918,4.000000,4.000000,5.000000,5.000000,5.000000,96.000000,96.000000,95.000000,95.000000,95.000000,5.0,38.6022,35.2192,129.2336,132.6166,PENDING_AG03,FALSE,NOT_FOR_ENFORCEMENT,161.1224,38470.0458,167.8358,161.1224,6.7134,0.00376782,0.00361711,6.7134,161.1224,0.00361711,6.7134,6.7134,8.3918,8.3918,8.3918,161.1224,0.00361711,38.6022,35.2192,129.2336,132.6166,0.00290122,0.00297717,0.00015071,43.8431,45.4342,0.1903,6.9932,0.3858,1856.0227,36.7500,42.7628,43.8759,23.144,38.5733,57.0806,78.5279,103.7829,155.6743,31.1349,-5.1431,2.690537,4.035805,1.136617,24,140,35,5,0.02880006,0.00376782,0.25196217,0E-8,0.000000,0.899616,0.000000,-0.25555432,2026-04-30,2026-07-25,24,435,233,87,0.275862,0.974631,0.975362,0.096000,,,,,,,,GLOBAL_BASELINE_NO_ENTITY_RANKING,,,NOT_APPLICABLE_GLOBAL_BASELINE,HF9g-P5,,,,X 全窗基线 · 不参与实体赏罚,6870944,688,A168_HF9F_20260827_0900,2026-08-27 09:00:00
2026-07-12,149351693,2216,0,38.7266671830,-38.7266671830,-38.7266671830,0E-7,1,1,0.49324550000000000,0.493245500000,-0.9865810262130424,-0.9865810262130424,-0.9865810262130424,0E-17,ELIGIBLE,R03b_20260811_FULL_v1,L1_ELIGIBILITY,v2026-08-11,2026-03-21..2026-08-06,baccarat_bet02_101_all_pairs_incl_sentinel,round_win = game_pnl > 0 (decisive only),COMPATIBILITY_ONLY_NOT_PRODUCTION,44544.5453,40072.9644,167.8358,1016,882,-0.00376782,-0.25196217,0.00359216,-0.00376782,-167.8358,44544.5453,OK,0.0000,6.7134,4.0000,96.0000,AG03-UNRESOLVED,ALL5_LEVELS_bet23_to_bet27,6.7134,6.7134,8.3918,8.3918,8.3918,4.000000,4.000000,5.000000,5.000000,5.000000,96.000000,96.000000,95.000000,95.000000,95.000000,5.0,38.6022,35.2192,129.2336,132.6166,PENDING_AG03,FALSE,NOT_FOR_ENFORCEMENT,161.1224,38470.0458,167.8358,161.1224,6.7134,0.00376782,0.00361711,6.7134,161.1224,0.00361711,6.7134,6.7134,8.3918,8.3918,8.3918,161.1224,0.00361711,38.6022,35.2192,129.2336,132.6166,0.00290122,0.00297717,0.00015071,43.8431,45.4342,0.1903,6.9932,0.3858,1856.0227,36.7500,42.7628,43.8759,23.144,38.5733,57.0806,78.5279,103.7829,155.6743,31.1349,-5.1431,2.690537,4.035805,1.136617,24,140,35,5,0.02880006,0.00376782,0.25196217,0E-8,0.000000,0.899616,0.000000,-0.25555432,2026-04-30,2026-07-25,24,435,233,87,0.275862,0.974631,0.975362,0.096000,,,,,,,,GLOBAL_BASELINE_NO_ENTITY_RANKING,,,NOT_APPLICABLE_GLOBAL_BASELINE,HF9g-P5,,,,X 全窗基线 · 不参与实体赏罚,6870945,688,A168_HF9F_20260827_0900,2026-08-27 09:00:00
2026-07-12,149351693,2250,0,90.3622234270,51.6355562440,51.6355562440,1.0000000,2,2,0.49994810000000000,0.499948100000,1.0001038053877793,1.0001038053877793,1.0001038053877793,0E-17,ELIGIBLE,R03b_20260811_FULL_v1,L1_ELIGIBILITY,v2026-08-11,2026-03-21..2026-08-06,baccarat_bet02_101_all_pairs_incl_sentinel,round_win = game_pnl > 0 (decisive only),COMPATIBILITY_ONLY_NOT_PRODUCTION,44544.5453,40072.9644,167.8358,1016,882,-0.00376782,-0.25196217,0.00359216,-0.00376782,-167.8358,44544.5453,OK,0.0000,6.7134,4.0000,96.0000,AG03-UNRESOLVED,ALL5_LEVELS_bet23_to_bet27,6.7134,6.7134,8.3918,8.3918,8.3918,4.000000,4.000000,5.000000,5.000000,5.000000,96.000000,96.000000,95.000000,95.000000,95.000000,5.0,38.6022,35.2192,129.2336,132.6166,PENDING_AG03,FALSE,NOT_FOR_ENFORCEMENT,161.1224,38470.0458,167.8358,161.1224,6.7134,0.00376782,0.00361711,6.7134,161.1224,0.00361711,6.7134,6.7134,8.3918,8.3918,8.3918,161.1224,0.00361711,38.6022,35.2192,129.2336,132.6166,0.00290122,0.00297717,0.00015071,43.8431,45.4342,0.1903,6.9932,0.3858,1856.0227,36.7500,42.7628,43.8759,23.144,38.5733,57.0806,78.5279,103.7829,155.6743,31.1349,-5.1431,2.690537,4.035805,1.136617,24,140,35,5,0.02880006,0.00376782,0.25196217,0E-8,0.000000,0.899616,0.000000,-0.25555432,2026-04-30,2026-07-25,24,435,233,87,0.275862,0.974631,0.975362,0.096000,,,,,,,,GLOBAL_BASELINE_NO_ENTITY_RANKING,,,NOT_APPLICABLE_GLOBAL_BASELINE,HF9g-P5,,,,X 全窗基线 · 不参与实体赏罚,6870946,688,A168_HF9F_20260827_0900,2026-08-27 09:00:00
2026-07-12,149351693,2252,0,227.1964474736,-45.9556450571,-45.9556450571,0.4000000,6,5,0.50586215882352941,0.505310180000,-0.4734625088562178,-0.47098800500499893,-0.4734625088562178,0.00055197882352941,ELIGIBLE,R03b_20260811_FULL_v1,L1_ELIGIBILITY,v2026-08-11,2026-03-21..2026-08-06,baccarat_bet02_101_all_pairs_incl_sentinel,round_win = game_pnl > 0 (decisive only),COMPATIBILITY_ONLY_NOT_PRODUCTION,44544.5453,40072.9644,167.8358,1016,882,-0.00376782,-0.25196217,0.00359216,-0.00376782,-167.8358,44544.5453,OK,0.0000,6.7134,4.0000,96.0000,AG03-UNRESOLVED,ALL5_LEVELS_bet23_to_bet27,6.7134,6.7134,8.3918,8.3918,8.3918,4.000000,4.000000,5.000000,5.000000,5.000000,96.000000,96.000000,95.000000,95.000000,95.000000,5.0,38.6022,35.2192,129.2336,132.6166,PENDING_AG03,FALSE,NOT_FOR_ENFORCEMENT,161.1224,38470.0458,167.8358,161.1224,6.7134,0.00376782,0.00361711,6.7134,161.1224,0.00361711,6.7134,6.7134,8.3918,8.3918,8.3918,161.1224,0.00361711,38.6022,35.2192,129.2336,132.6166,0.00290122,0.00297717,0.00015071,43.8431,45.4342,0.1903,6.9932,0.3858,1856.0227,36.7500,42.7628,43.8759,23.144,38.5733,57.0806,78.5279,103.7829,155.6743,31.1349,-5.1431,2.690537,4.035805,1.136617,24,140,35,5,0.02880006,0.00376782,0.25196217,0E-8,0.000000,0.899616,0.000000,-0.25555432,2026-04-30,2026-07-25,24,435,233,87,0.275862,0.974631,0.975362,0.096000,,,,,,,,GLOBAL_BASELINE_NO_ENTITY_RANKING,,,NOT_APPLICABLE_GLOBAL_BASELINE,HF9g-P5,,,,X 全窗基线 · 不参与实体赏罚,6870947,688,A168_HF9F_20260827_0900,2026-08-27 09:00:00
2026-07-12,149351693,2281,0,74.8715565538,0.6454444531,0.6454444531,0.5000000,2,2,0.50665070000000000,0.506650700000,-0.018812684590367487,-0.018812684590367487,-0.018812684590367487,0E-17,ELIGIBLE,R03b_20260811_FULL_v1,L1_ELIGIBILITY,v2026-08-11,2026-03-21..2026-08-06,baccarat_bet02_101_all_pairs_incl_sentinel,round_win = game_pnl > 0 (decisive only),COMPATIBILITY_ONLY_NOT_PRODUCTION,44544.5453,40072.9644,167.8358,1016,882,-0.00376782,-0.25196217,0.00359216,-0.00376782,-167.8358,44544.5453,OK,0.0000,6.7134,4.0000,96.0000,AG03-UNRESOLVED,ALL5_LEVELS_bet23_to_bet27,6.7134,6.7134,8.3918,8.3918,8.3918,4.000000,4.000000,5.000000,5.000000,5.000000,96.000000,96.000000,95.000000,95.000000,95.000000,5.0,38.6022,35.2192,129.2336,132.6166,PENDING_AG03,FALSE,NOT_FOR_ENFORCEMENT,161.1224,38470.0458,167.8358,161.1224,6.7134,0.00376782,0.00361711,6.7134,161.1224,0.00361711,6.7134,6.7134,8.3918,8.3918,8.3918,161.1224,0.00361711,38.6022,35.2192,129.2336,132.6166,0.00290122,0.00297717,0.00015071,43.8431,45.4342,0.1903,6.9932,0.3858,1856.0227,36.7500,42.7628,43.8759,23.144,38.5733,57.0806,78.5279,103.7829,155.6743,31.1349,-5.1431,2.690537,4.035805,1.136617,24,140,35,5,0.02880006,0.00376782,0.25196217,0E-8,0.000000,0.899616,0.000000,-0.25555432,2026-04-30,2026-07-25,24,435,233,87,0.275862,0.974631,0.975362,0.096000,,,,,,,,GLOBAL_BASELINE_NO_ENTITY_RANKING,,,NOT_APPLICABLE_GLOBAL_BASELINE,HF9g-P5,,,,X 全窗基线 · 不参与实体赏罚,6870948,688,A168_HF9F_20260827_0900,2026-08-27 09:00:00
2026-07-12,149351693,948,0,64.5444453050,-64.5444453050,-64.5444453050,0E-7,1,1,0.50665070000000000,0.506650700000,-1.013391052207602,-1.013391052207602,-1.013391052207602,0E-17,ELIGIBLE,R03b_20260811_FULL_v1,L1_ELIGIBILITY,v2026-08-11,2026-03-21..2026-08-06,baccarat_bet02_101_all_pairs_incl_sentinel,round_win = game_pnl > 0 (decisive only),COMPATIBILITY_ONLY_NOT_PRODUCTION,44544.5453,40072.9644,167.8358,1016,882,-0.00376782,-0.25196217,0.00359216,-0.00376782,-167.8358,44544.5453,OK,0.0000,6.7134,4.0000,96.0000,AG03-UNRESOLVED,ALL5_LEVELS_bet23_to_bet27,6.7134,6.7134,8.3918,8.3918,8.3918,4.000000,4.000000,5.000000,5.000000,5.000000,96.000000,96.000000,95.000000,95.000000,95.000000,5.0,38.6022,35.2192,129.2336,132.6166,PENDING_AG03,FALSE,NOT_FOR_ENFORCEMENT,161.1224,38470.0458,167.8358,161.1224,6.7134,0.00376782,0.00361711,6.7134,161.1224,0.00361711,6.7134,6.7134,8.3918,8.3918,8.3918,161.1224,0.00361711,38.6022,35.2192,129.2336,132.6166,0.00290122,0.00297717,0.00015071,43.8431,45.4342,0.1903,6.9932,0.3858,1856.0227,36.7500,42.7628,43.8759,23.144,38.5733,57.0806,78.5279,103.7829,155.6743,31.1349,-5.1431,2.690537,4.035805,1.136617,24,140,35,5,0.02880006,0.00376782,0.25196217,0E-8,0.000000,0.899616,0.000000,-0.25555432,2026-04-30,2026-07-25,24,435,233,87,0.275862,0.974631,0.975362,0.096000,,,,,,,,GLOBAL_BASELINE_NO_ENTITY_RANKING,,,NOT_APPLICABLE_GLOBAL_BASELINE,HF9g-P5,,,,X 全窗基线 · 不参与实体赏罚,6870949,688,A168_HF9F_20260827_0900,2026-08-27 09:00:00
2026-07-19,149351693,994,0,27.1086670281,-27.1086670281,-27.1086670281,0E-7,1,1,0.50665070000000000,0.506650700000,-1.013391052207602,-1.013391052207602,-1.013391052207602,0E-17,ELIGIBLE,R03b_20260811_FULL_v1,L1_ELIGIBILITY,v2026-08-11,2026-03-21..2026-08-06,baccarat_bet02_101_all_pairs_incl_sentinel,round_win = game_pnl > 0 (decisive only),COMPATIBILITY_ONLY_NOT_PRODUCTION,44544.5453,40072.9644,167.8358,1016,882,-0.00376782,-0.25196217,0.00359216,-0.00376782,-167.8358,44544.5453,OK,0.0000,6.7134,4.0000,96.0000,AG03-UNRESOLVED,ALL5_LEVELS_bet23_to_bet27,6.7134,6.7134,8.3918,8.3918,8.3918,4.000000,4.000000,5.000000,5.000000,5.000000,96.000000,96.000000,95.000000,95.000000,95.000000,5.0,38.6022,35.2192,129.2336,132.6166,PENDING_AG03,FALSE,NOT_FOR_ENFORCEMENT,161.1224,38470.0458,167.8358,161.1224,6.7134,0.00376782,0.00361711,6.7134,161.1224,0.00361711,6.7134,6.7134,8.3918,8.3918,8.3918,161.1224,0.00361711,38.6022,35.2192,129.2336,132.6166,0.00290122,0.00297717,0.00015071,43.8431,45.4342,0.1903,6.9932,0.3858,1856.0227,36.7500,42.7628,43.8759,23.144,38.5733,57.0806,78.5279,103.7829,155.6743,31.1349,-5.1431,2.690537,4.035805,1.136617,24,140,35,5,0.02880006,0.00376782,0.25196217,0E-8,0.000000,0.899616,0.000000,-0.25555432,2026-04-30,2026-07-25,24,435,233,87,0.275862,0.974631,0.975362,0.096000,,,,,,,,GLOBAL_BASELINE_NO_ENTITY_RANKING,,,NOT_APPLICABLE_GLOBAL_BASELINE,HF9g-P5,,,,X 全窗基线 · 不参与实体赏罚,6870950,688,A168_HF9F_20260827_0900,2026-08-27 09:00:00
2026-07-25,149351693,1385,0,38.7266671830,-38.7266671830,-38.7266671830,0E-7,1,1,0.50665070000000000,0.506650700000,-1.013391052207602,-1.013391052207602,-1.013391052207602,0E-17,ELIGIBLE,R03b_20260811_FULL_v1,L1_ELIGIBILITY,v2026-08-11,2026-03-21..2026-08-06,baccarat_bet02_101_all_pairs_incl_sentinel,round_win = game_pnl > 0 (decisive only),COMPATIBILITY_ONLY_NOT_PRODUCTION,44544.5453,40072.9644,167.8358,1016,882,-0.00376782,-0.25196217,0.00359216,-0.00376782,-167.8358,44544.5453,OK,0.0000,6.7134,4.0000,96.0000,AG03-UNRESOLVED,ALL5_LEVELS_bet23_to_bet27,6.7134,6.7134,8.3918,8.3918,8.3918,4.000000,4.000000,5.000000,5.000000,5.000000,96.000000,96.000000,95.000000,95.000000,95.000000,5.0,38.6022,35.2192,129.2336,132.6166,PENDING_AG03,FALSE,NOT_FOR_ENFORCEMENT,161.1224,38470.0458,167.8358,161.1224,6.7134,0.00376782,0.00361711,6.7134,161.1224,0.00361711,6.7134,6.7134,8.3918,8.3918,8.3918,161.1224,0.00361711,38.6022,35.2192,129.2336,132.6166,0.00290122,0.00297717,0.00015071,43.8431,45.4342,0.1903,6.9932,0.3858,1856.0227,36.7500,42.7628,43.8759,23.144,38.5733,57.0806,78.5279,103.7829,155.6743,31.1349,-5.1431,2.690537,4.035805,1.136617,24,140,35,5,0.02880006,0.00376782,0.25196217,0E-8,0.000000,0.899616,0.000000,-0.25555432,2026-04-30,2026-07-25,24,435,233,87,0.275862,0.974631,0.975362,0.096000,,,,,,,,GLOBAL_BASELINE_NO_ENTITY_RANKING,,,NOT_APPLICABLE_GLOBAL_BASELINE,HF9g-P5,,,,X 全窗基线 · 不参与实体赏罚,6870951,688,A168_HF9F_20260827_0900,2026-08-27 09:00:00
2026-07-25,149351693,2169,0,25.8177781220,-25.8177781220,-25.8177781220,0E-7,1,1,0.50665070000000000,0.506650700000,-1.013391052207602,-1.013391052207602,-1.013391052207602,0E-17,ELIGIBLE,R03b_20260811_FULL_v1,L1_ELIGIBILITY,v2026-08-11,2026-03-21..2026-08-06,baccarat_bet02_101_all_pairs_incl_sentinel,round_win = game_pnl > 0 (decisive only),COMPATIBILITY_ONLY_NOT_PRODUCTION,44544.5453,40072.9644,167.8358,1016,882,-0.00376782,-0.25196217,0.00359216,-0.00376782,-167.8358,44544.5453,OK,0.0000,6.7134,4.0000,96.0000,AG03-UNRESOLVED,ALL5_LEVELS_bet23_to_bet27,6.7134,6.7134,8.3918,8.3918,8.3918,4.000000,4.000000,5.000000,5.000000,5.000000,96.000000,96.000000,95.000000,95.000000,95.000000,5.0,38.6022,35.2192,129.2336,132.6166,PENDING_AG03,FALSE,NOT_FOR_ENFORCEMENT,161.1224,38470.0458,167.8358,161.1224,6.7134,0.00376782,0.00361711,6.7134,161.1224,0.00361711,6.7134,6.7134,8.3918,8.3918,8.3918,161.1224,0.00361711,38.6022,35.2192,129.2336,132.6166,0.00290122,0.00297717,0.00015071,43.8431,45.4342,0.1903,6.9932,0.3858,1856.0227,36.7500,42.7628,43.8759,23.144,38.5733,57.0806,78.5279,103.7829,155.6743,31.1349,-5.1431,2.690537,4.035805,1.136617,24,140,35,5,0.02880006,0.00376782,0.25196217,0E-8,0.000000,0.899616,0.000000,-0.25555432,2026-04-30,2026-07-25,24,435,233,87,0.275862,0.974631,0.975362,0.096000,,,,,,,,GLOBAL_BASELINE_NO_ENTITY_RANKING,,,NOT_APPLICABLE_GLOBAL_BASELINE,HF9g-P5,,,,X 全窗基线 · 不参与实体赏罚,6870952,688,A168_HF9F_20260827_0900,2026-08-27 09:00:00
2026-07-25,149351693,2170,0,25.8177781220,0E-10,0E-10,,1,1,0.49324550000000000,0.493245500000,,,,0E-17,NO_DECISIVE_ROUND,R03b_20260811_FULL_v1,L1_ELIGIBILITY,v2026-08-11,2026-03-21..2026-08-06,baccarat_bet02_101_all_pairs_incl_sentinel,round_win = game_pnl > 0 (decisive only),COMPATIBILITY_ONLY_NOT_PRODUCTION,44544.5453,40072.9644,167.8358,1016,882,-0.00376782,-0.25196217,0.00359216,-0.00376782,-167.8358,44544.5453,OK,0.0000,6.7134,4.0000,96.0000,AG03-UNRESOLVED,ALL5_LEVELS_bet23_to_bet27,6.7134,6.7134,8.3918,8.3918,8.3918,4.000000,4.000000,5.000000,5.000000,5.000000,96.000000,96.000000,95.000000,95.000000,95.000000,5.0,38.6022,35.2192,129.2336,132.6166,PENDING_AG03,FALSE,NOT_FOR_ENFORCEMENT,161.1224,38470.0458,167.8358,161.1224,6.7134,0.00376782,0.00361711,6.7134,161.1224,0.00361711,6.7134,6.7134,8.3918,8.3918,8.3918,161.1224,0.00361711,38.6022,35.2192,129.2336,132.6166,0.00290122,0.00297717,0.00015071,43.8431,45.4342,0.1903,6.9932,0.3858,1856.0227,36.7500,42.7628,43.8759,23.144,38.5733,57.0806,78.5279,103.7829,155.6743,31.1349,-5.1431,2.690537,4.035805,1.136617,24,140,35,5,0.02880006,0.00376782,0.25196217,0E-8,0.000000,0.899616,0.000000,-0.25555432,2026-04-30,2026-07-25,24,435,233,87,0.275862,0.974631,0.975362,0.096000,,,,,,,,GLOBAL_BASELINE_NO_ENTITY_RANKING,,,NOT_APPLICABLE_GLOBAL_BASELINE,HF9g-P5,,,,X 全窗基线 · 不参与实体赏罚,6870953,688,A168_HF9F_20260827_0900,2026-08-27 09:00:00
2026-07-25,149351693,2201,0,38.7266671830,36.7903338239,36.7903338239,1.0000000,1,1,0.50665070000000000,0.506650700000,0.9867858985152569,0.9867858985152569,0.9867858985152569,0E-17,ELIGIBLE,R03b_20260811_FULL_v1,L1_ELIGIBILITY,v2026-08-11,2026-03-21..2026-08-06,baccarat_bet02_101_all_pairs_incl_sentinel,round_win = game_pnl > 0 (decisive only),COMPATIBILITY_ONLY_NOT_PRODUCTION,44544.5453,40072.9644,167.8358,1016,882,-0.00376782,-0.25196217,0.00359216,-0.00376782,-167.8358,44544.5453,OK,0.0000,6.7134,4.0000,96.0000,AG03-UNRESOLVED,ALL5_LEVELS_bet23_to_bet27,6.7134,6.7134,8.3918,8.3918,8.3918,4.000000,4.000000,5.000000,5.000000,5.000000,96.000000,96.000000,95.000000,95.000000,95.000000,5.0,38.6022,35.2192,129.2336,132.6166,PENDING_AG03,FALSE,NOT_FOR_ENFORCEMENT,161.1224,38470.0458,167.8358,161.1224,6.7134,0.00376782,0.00361711,6.7134,161.1224,0.00361711,6.7134,6.7134,8.3918,8.3918,8.3918,161.1224,0.00361711,38.6022,35.2192,129.2336,132.6166,0.00290122,0.00297717,0.00015071,43.8431,45.4342,0.1903,6.9932,0.3858,1856.0227,36.7500,42.7628,43.8759,23.144,38.5733,57.0806,78.5279,103.7829,155.6743,31.1349,-5.1431,2.690537,4.035805,1.136617,24,140,35,5,0.02880006,0.00376782,0.25196217,0E-8,0.000000,0.899616,0.000000,-0.25555432,2026-04-30,2026-07-25,24,435,233,87,0.275862,0.974631,0.975362,0.096000,,,,,,,,GLOBAL_BASELINE_NO_ENTITY_RANKING,,,NOT_APPLICABLE_GLOBAL_BASELINE,HF9g-P5,,,,X 全窗基线 · 不参与实体赏罚,6870954,688,A168_HF9F_20260827_0900,2026-08-27 09:00:00
2026-07-25,149351693,2267,0,25.8177781220,-25.8177781220,-25.8177781220,0E-7,1,1,0.49324550000000000,0.493245500000,-0.9865810262130424,-0.9865810262130424,-0.9865810262130424,0E-17,ELIGIBLE,R03b_20260811_FULL_v1,L1_ELIGIBILITY,v2026-08-11,2026-03-21..2026-08-06,baccarat_bet02_101_all_pairs_incl_sentinel,round_win = game_pnl > 0 (decisive only),COMPATIBILITY_ONLY_NOT_PRODUCTION,44544.5453,40072.9644,167.8358,1016,882,-0.00376782,-0.25196217,0.00359216,-0.00376782,-167.8358,44544.5453,OK,0.0000,6.7134,4.0000,96.0000,AG03-UNRESOLVED,ALL5_LEVELS_bet23_to_bet27,6.7134,6.7134,8.3918,8.3918,8.3918,4.000000,4.000000,5.000000,5.000000,5.000000,96.000000,96.000000,95.000000,95.000000,95.000000,5.0,38.6022,35.2192,129.2336,132.6166,PENDING_AG03,FALSE,NOT_FOR_ENFORCEMENT,161.1224,38470.0458,167.8358,161.1224,6.7134,0.00376782,0.00361711,6.7134,161.1224,0.00361711,6.7134,6.7134,8.3918,8.3918,8.3918,161.1224,0.00361711,38.6022,35.2192,129.2336,132.6166,0.00290122,0.00297717,0.00015071,43.8431,45.4342,0.1903,6.9932,0.3858,1856.0227,36.7500,42.7628,43.8759,23.144,38.5733,57.0806,78.5279,103.7829,155.6743,31.1349,-5.1431,2.690537,4.035805,1.136617,24,140,35,5,0.02880006,0.00376782,0.25196217,0E-8,0.000000,0.899616,0.000000,-0.25555432,2026-04-30,2026-07-25,24,435,233,87,0.275862,0.974631,0.975362,0.096000,,,,,,,,GLOBAL_BASELINE_NO_ENTITY_RANKING,,,NOT_APPLICABLE_GLOBAL_BASELINE,HF9g-P5,,,,X 全窗基线 · 不参与实体赏罚,6870955,688,A168_HF9F_20260827_0900,2026-08-27 09:00:00
2026-07-25,149351693,583,0,36.1448893708,-36.1448893708,-36.1448893708,0E-7,1,1,0.50665070000000000,0.506650700000,-1.013391052207602,-1.013391052207602,-1.013391052207602,0E-17,ELIGIBLE,R03b_20260811_FULL_v1,L1_ELIGIBILITY,v2026-08-11,2026-03-21..2026-08-06,baccarat_bet02_101_all_pairs_incl_sentinel,round_win = game_pnl > 0 (decisive only),COMPATIBILITY_ONLY_NOT_PRODUCTION,44544.5453,40072.9644,167.8358,1016,882,-0.00376782,-0.25196217,0.00359216,-0.00376782,-167.8358,44544.5453,OK,0.0000,6.7134,4.0000,96.0000,AG03-UNRESOLVED,ALL5_LEVELS_bet23_to_bet27,6.7134,6.7134,8.3918,8.3918,8.3918,4.000000,4.000000,5.000000,5.000000,5.000000,96.000000,96.000000,95.000000,95.000000,95.000000,5.0,38.6022,35.2192,129.2336,132.6166,PENDING_AG03,FALSE,NOT_FOR_ENFORCEMENT,161.1224,38470.0458,167.8358,161.1224,6.7134,0.00376782,0.00361711,6.7134,161.1224,0.00361711,6.7134,6.7134,8.3918,8.3918,8.3918,161.1224,0.00361711,38.6022,35.2192,129.2336,132.6166,0.00290122,0.00297717,0.00015071,43.8431,45.4342,0.1903,6.9932,0.3858,1856.0227,36.7500,42.7628,43.8759,23.144,38.5733,57.0806,78.5279,103.7829,155.6743,31.1349,-5.1431,2.690537,4.035805,1.136617,24,140,35,5,0.02880006,0.00376782,0.25196217,0E-8,0.000000,0.899616,0.000000,-0.25555432,2026-04-30,2026-07-25,24,435,233,87,0.275862,0.974631,0.975362,0.096000,,,,,,,,GLOBAL_BASELINE_NO_ENTITY_RANKING,,,NOT_APPLICABLE_GLOBAL_BASELINE,HF9g-P5,,,,X 全窗基线 · 不参与实体赏罚,6870956,688,A168_HF9F_20260827_0900,2026-08-27 09:00:00
2026-04-16,148743736,-1,1,38.5807349314,36.6516981848,36.6516981848,1.0000000,2,2,0.50665070000000000,0.506650700000,1.3955260008387969,1.3955260008387969,1.3955260008387969,0E-17,SENTINEL_DEALER,R03b_20260811_FULL_v1,L1_ELIGIBILITY,v2026-08-11,2026-03-21..2026-08-06,baccarat_bet02_101_all_pairs_incl_sentinel,round_win = game_pnl > 0 (decisive only),COMPATIBILITY_ONLY_NOT_PRODUCTION,590.9388,559.3152,167.8473,18,18,-0.28403496,,-0.28403496,-0.28403496,-167.8473,590.9388,THIN_EXPOSURE,0.0000,6.7139,4.0000,96.0000,AG03-UNRESOLVED,ALL5_LEVELS_bet23_to_bet27,6.7139,6.7139,6.7139,6.7139,6.7139,4.000000,4.000000,4.000000,4.000000,4.000000,96.000000,96.000000,96.000000,96.000000,96.000000,5.0,33.5695,30.9892,134.2778,136.8581,PENDING_AG03,FALSE,NOT_FOR_ENFORCEMENT,161.1334,536.9426,167.8473,161.1334,6.7139,0.28403496,0.27267356,6.7139,161.1334,0.27267356,6.7139,6.7139,6.7139,6.7139,6.7139,161.1334,0.27267356,33.5695,30.9892,134.2778,136.8581,0.22722797,0.23159435,0.01136140,32.8299,31.0731,9.3248,83.9236,11.1898,295.4694,9.0000,,32.8299,21.0824,31.6236,42.1647,42.1647,54.8142,63.2471,31.6236,-21.0824,1.733334,2.0,1.038148,14,12,2,2,0E-8,0.28403496,,0E-8,0.000000,0.946486,0.000000,,2026-04-16,2026-04-17,2,15,15,2,1.000000,,,0.000000,,,,,,,,GLOBAL_BASELINE_NO_ENTITY_RANKING,,,NOT_APPLICABLE_GLOBAL_BASELINE,HF9g-P5,,,,X 全窗基线 · 不参与实体赏罚,6870957,688,A168_HF9F_20260827_0900,2026-08-27 09:00:00
2026-04-16,148743736,2156,0,21.0823688150,-21.0823688150,-21.0823688150,0E-7,1,1,0.49324550000000000,0.493245500000,-0.9865810262130424,-0.9865810262130424,-0.9865810262130424,0E-17,ELIGIBLE,R03b_20260811_FULL_v1,L1_ELIGIBILITY,v2026-08-11,2026-03-21..2026-08-06,baccarat_bet02_101_all_pairs_incl_sentinel,round_win = game_pnl > 0 (decisive only),COMPATIBILITY_ONLY_NOT_PRODUCTION,590.9388,559.3152,167.8473,18,18,-0.28403496,,-0.28403496,-0.28403496,-167.8473,590.9388,THIN_EXPOSURE,0.0000,6.7139,4.0000,96.0000,AG03-UNRESOLVED,ALL5_LEVELS_bet23_to_bet27,6.7139,6.7139,6.7139,6.7139,6.7139,4.000000,4.000000,4.000000,4.000000,4.000000,96.000000,96.000000,96.000000,96.000000,96.000000,5.0,33.5695,30.9892,134.2778,136.8581,PENDING_AG03,FALSE,NOT_FOR_ENFORCEMENT,161.1334,536.9426,167.8473,161.1334,6.7139,0.28403496,0.27267356,6.7139,161.1334,0.27267356,6.7139,6.7139,6.7139,6.7139,6.7139,161.1334,0.27267356,33.5695,30.9892,134.2778,136.8581,0.22722797,0.23159435,0.01136140,32.8299,31.0731,9.3248,83.9236,11.1898,295.4694,9.0000,,32.8299,21.0824,31.6236,42.1647,42.1647,54.8142,63.2471,31.6236,-21.0824,1.733334,2.0,1.038148,14,12,2,2,0E-8,0.28403496,,0E-8,0.000000,0.946486,0.000000,,2026-04-16,2026-04-17,2,15,15,2,1.000000,,,0.000000,,,,,,,,GLOBAL_BASELINE_NO_ENTITY_RANKING,,,NOT_APPLICABLE_GLOBAL_BASELINE,HF9g-P5,,,,X 全窗基线 · 不参与实体赏罚,6870958,688,A168_HF9F_20260827_0900,2026-08-27 09:00:00
2026-04-16,148743736,2218,0,14.7576581705,-14.7576581705,-14.7576581705,0E-7,1,1,0.50665070000000000,0.506650700000,-1.013391052207602,-1.013391052207602,-1.013391052207602,0E-17,ELIGIBLE,R03b_20260811_FULL_v1,L1_ELIGIBILITY,v2026-08-11,2026-03-21..2026-08-06,baccarat_bet02_101_all_pairs_incl_sentinel,round_win = game_pnl > 0 (decisive only),COMPATIBILITY_ONLY_NOT_PRODUCTION,590.9388,559.3152,167.8473,18,18,-0.28403496,,-0.28403496,-0.28403496,-167.8473,590.9388,THIN_EXPOSURE,0.0000,6.7139,4.0000,96.0000,AG03-UNRESOLVED,ALL5_LEVELS_bet23_to_bet27,6.7139,6.7139,6.7139,6.7139,6.7139,4.000000,4.000000,4.000000,4.000000,4.000000,96.000000,96.000000,96.000000,96.000000,96.000000,5.0,33.5695,30.9892,134.2778,136.8581,PENDING_AG03,FALSE,NOT_FOR_ENFORCEMENT,161.1334,536.9426,167.8473,161.1334,6.7139,0.28403496,0.27267356,6.7139,161.1334,0.27267356,6.7139,6.7139,6.7139,6.7139,6.7139,161.1334,0.27267356,33.5695,30.9892,134.2778,136.8581,0.22722797,0.23159435,0.01136140,32.8299,31.0731,9.3248,83.9236,11.1898,295.4694,9.0000,,32.8299,21.0824,31.6236,42.1647,42.1647,54.8142,63.2471,31.6236,-21.0824,1.733334,2.0,1.038148,14,12,2,2,0E-8,0.28403496,,0E-8,0.000000,0.946486,0.000000,,2026-04-16,2026-04-17,2,15,15,2,1.000000,,,0.000000,,,,,,,,GLOBAL_BASELINE_NO_ENTITY_RANKING,,,NOT_APPLICABLE_GLOBAL_BASELINE,HF9g-P5,,,,X 全窗基线 · 不参与实体赏罚,6870959,688,A168_HF9F_20260827_0900,2026-08-27 09:00:00
2026-04-16,148743736,2220,0,21.0823688150,-21.0823688150,-21.0823688150,0E-7,1,1,0.49324550000000000,0.493245500000,-0.9865810262130424,-0.9865810262130424,-0.9865810262130424,0E-17,ELIGIBLE,R03b_20260811_FULL_v1,L1_ELIGIBILITY,v2026-08-11,2026-03-21..2026-08-06,baccarat_bet02_101_all_pairs_incl_sentinel,round_win = game_pnl > 0 (decisive only),COMPATIBILITY_ONLY_NOT_PRODUCTION,590.9388,559.3152,167.8473,18,18,-0.28403496,,-0.28403496,-0.28403496,-167.8473,590.9388,THIN_EXPOSURE,0.0000,6.7139,4.0000,96.0000,AG03-UNRESOLVED,ALL5_LEVELS_bet23_to_bet27,6.7139,6.7139,6.7139,6.7139,6.7139,4.000000,4.000000,4.000000,4.000000,4.000000,96.000000,96.000000,96.000000,96.000000,96.000000,5.0,33.5695,30.9892,134.2778,136.8581,PENDING_AG03,FALSE,NOT_FOR_ENFORCEMENT,161.1334,536.9426,167.8473,161.1334,6.7139,0.28403496,0.27267356,6.7139,161.1334,0.27267356,6.7139,6.7139,6.7139,6.7139,6.7139,161.1334,0.27267356,33.5695,30.9892,134.2778,136.8581,0.22722797,0.23159435,0.01136140,32.8299,31.0731,9.3248,83.9236,11.1898,295.4694,9.0000,,32.8299,21.0824,31.6236,42.1647,42.1647,54.8142,63.2471,31.6236,-21.0824,1.733334,2.0,1.038148,14,12,2,2,0E-8,0.28403496,,0E-8,0.000000,0.946486,0.000000,,2026-04-16,2026-04-17,2,15,15,2,1.000000,,,0.000000,,,,,,,,GLOBAL_BASELINE_NO_ENTITY_RANKING,,,NOT_APPLICABLE_GLOBAL_BASELINE,HF9g-P5,,,,X 全窗基线 · 不参与实体赏罚,6870960,688,A168_HF9F_20260827_0900,2026-08-27 09:00:00
2026-04-16,148743736,752,0,21.0823688150,-21.0823688150,-21.0823688150,0E-7,1,1,0.50665070000000000,0.506650700000,-1.013391052207602,-1.013391052207602,-1.013391052207602,0E-17,ELIGIBLE,R03b_20260811_FULL_v1,L1_ELIGIBILITY,v2026-08-11,2026-03-21..2026-08-06,baccarat_bet02_101_all_pairs_incl_sentinel,round_win = game_pnl > 0 (decisive only),COMPATIBILITY_ONLY_NOT_PRODUCTION,590.9388,559.3152,167.8473,18,18,-0.28403496,,-0.28403496,-0.28403496,-167.8473,590.9388,THIN_EXPOSURE,0.0000,6.7139,4.0000,96.0000,AG03-UNRESOLVED,ALL5_LEVELS_bet23_to_bet27,6.7139,6.7139,6.7139,6.7139,6.7139,4.000000,4.000000,4.000000,4.000000,4.000000,96.000000,96.000000,96.000000,96.000000,96.000000,5.0,33.5695,30.9892,134.2778,136.8581,PENDING_AG03,FALSE,NOT_FOR_ENFORCEMENT,161.1334,536.9426,167.8473,161.1334,6.7139,0.28403496,0.27267356,6.7139,161.1334,0.27267356,6.7139,6.7139,6.7139,6.7139,6.7139,161.1334,0.27267356,33.5695,30.9892,134.2778,136.8581,0.22722797,0.23159435,0.01136140,32.8299,31.0731,9.3248,83.9236,11.1898,295.4694,9.0000,,32.8299,21.0824,31.6236,42.1647,42.1647,54.8142,63.2471,31.6236,-21.0824,1.733334,2.0,1.038148,14,12,2,2,0E-8,0.28403496,,0E-8,0.000000,0.946486,0.000000,,2026-04-16,2026-04-17,2,15,15,2,1.000000,,,0.000000,,,,,,,,GLOBAL_BASELINE_NO_ENTITY_RANKING,,,NOT_APPLICABLE_GLOBAL_BASELINE,HF9g-P5,,,,X 全窗基线 · 不参与实体赏罚,6870961,688,A168_HF9F_20260827_0900,2026-08-27 09:00:00
2026-04-17,148743736,-1,1,115.9530284822,-31.6235532224,-31.6235532224,0.3333333,3,3,0.50218230000000000,0.502182300000,-0.5849155494134425,-0.5849155494134426,-0.5849155494134425,0E-17,SENTINEL_DEALER,R03b_20260811_FULL_v1,L1_ELIGIBILITY,v2026-08-11,2026-03-21..2026-08-06,baccarat_bet02_101_all_pairs_incl_sentinel,round_win = game_pnl > 0 (decisive only),COMPATIBILITY_ONLY_NOT_PRODUCTION,590.9388,559.3152,167.8473,18,18,-0.28403496,,-0.28403496,-0.28403496,-167.8473,590.9388,THIN_EXPOSURE,0.0000,6.7139,4.0000,96.0000,AG03-UNRESOLVED,ALL5_LEVELS_bet23_to_bet27,6.7139,6.7139,6.7139,6.7139,6.7139,4.000000,4.000000,4.000000,4.000000,4.000000,96.000000,96.000000,96.000000,96.000000,96.000000,5.0,33.5695,30.9892,134.2778,136.8581,PENDING_AG03,FALSE,NOT_FOR_ENFORCEMENT,161.1334,536.9426,167.8473,161.1334,6.7139,0.28403496,0.27267356,6.7139,161.1334,0.27267356,6.7139,6.7139,6.7139,6.7139,6.7139,161.1334,0.27267356,33.5695,30.9892,134.2778,136.8581,0.22722797,0.23159435,0.01136140,32.8299,31.0731,9.3248,83.9236,11.1898,295.4694,9.0000,,32.8299,21.0824,31.6236,42.1647,42.1647,54.8142,63.2471,31.6236,-21.0824,1.733334,2.0,1.038148,14,12,2,2,0E-8,0.28403496,,0E-8,0.000000,0.946486,0.000000,,2026-04-16,2026-04-17,2,15,15,2,1.000000,,,0.000000,,,,,,,,GLOBAL_BASELINE_NO_ENTITY_RANKING,,,NOT_APPLICABLE_GLOBAL_BASELINE,HF9g-P5,,,,X 全窗基线 · 不参与实体赏罚,6870962,688,A168_HF9F_20260827_0900,2026-08-27 09:00:00
2026-04-17,148743736,1151,0,42.1647376299,-42.1647376299,-42.1647376299,0E-7,1,1,0.49324550000000000,0.493245500000,-0.9865810262130424,-0.9865810262130424,-0.9865810262130424,0E-17,ELIGIBLE,R03b_20260811_FULL_v1,L1_ELIGIBILITY,v2026-08-11,2026-03-21..2026-08-06,baccarat_bet02_101_all_pairs_incl_sentinel,round_win = game_pnl > 0 (decisive only),COMPATIBILITY_ONLY_NOT_PRODUCTION,590.9388,559.3152,167.8473,18,18,-0.28403496,,-0.28403496,-0.28403496,-167.8473,590.9388,THIN_EXPOSURE,0.0000,6.7139,4.0000,96.0000,AG03-UNRESOLVED,ALL5_LEVELS_bet23_to_bet27,6.7139,6.7139,6.7139,6.7139,6.7139,4.000000,4.000000,4.000000,4.000000,4.000000,96.000000,96.000000,96.000000,96.000000,96.000000,5.0,33.5695,30.9892,134.2778,136.8581,PENDING_AG03,FALSE,NOT_FOR_ENFORCEMENT,161.1334,536.9426,167.8473,161.1334,6.7139,0.28403496,0.27267356,6.7139,161.1334,0.27267356,6.7139,6.7139,6.7139,6.7139,6.7139,161.1334,0.27267356,33.5695,30.9892,134.2778,136.8581,0.22722797,0.23159435,0.01136140,32.8299,31.0731,9.3248,83.9236,11.1898,295.4694,9.0000,,32.8299,21.0824,31.6236,42.1647,42.1647,54.8142,63.2471,31.6236,-21.0824,1.733334,2.0,1.038148,14,12,2,2,0E-8,0.28403496,,0E-8,0.000000,0.946486,0.000000,,2026-04-16,2026-04-17,2,15,15,2,1.000000,,,0.000000,,,,,,,,GLOBAL_BASELINE_NO_ENTITY_RANKING,,,NOT_APPLICABLE_GLOBAL_BASELINE,HF9g-P5,,,,X 全窗基线 · 不参与实体赏罚,6870963,688,A168_HF9F_20260827_0900,2026-08-27 09:00:00
2026-04-17,148743736,2108,0,63.2471064449,-63.2471064449,-63.2471064449,0E-7,1,1,0.49324550000000000,0.493245500000,-0.9865810262130424,-0.9865810262130424,-0.9865810262130424,0E-17,ELIGIBLE,R03b_20260811_FULL_v1,L1_ELIGIBILITY,v2026-08-11,2026-03-21..2026-08-06,baccarat_bet02_101_all_pairs_incl_sentinel,round_win = game_pnl > 0 (decisive only),COMPATIBILITY_ONLY_NOT_PRODUCTION,590.9388,559.3152,167.8473,18,18,-0.28403496,,-0.28403496,-0.28403496,-167.8473,590.9388,THIN_EXPOSURE,0.0000,6.7139,4.0000,96.0000,AG03-UNRESOLVED,ALL5_LEVELS_bet23_to_bet27,6.7139,6.7139,6.7139,6.7139,6.7139,4.000000,4.000000,4.000000,4.000000,4.000000,96.000000,96.000000,96.000000,96.000000,96.000000,5.0,33.5695,30.9892,134.2778,136.8581,PENDING_AG03,FALSE,NOT_FOR_ENFORCEMENT,161.1334,536.9426,167.8473,161.1334,6.7139,0.28403496,0.27267356,6.7139,161.1334,0.27267356,6.7139,6.7139,6.7139,6.7139,6.7139,161.1334,0.27267356,33.5695,30.9892,134.2778,136.8581,0.22722797,0.23159435,0.01136140,32.8299,31.0731,9.3248,83.9236,11.1898,295.4694,9.0000,,32.8299,21.0824,31.6236,42.1647,42.1647,54.8142,63.2471,31.6236,-21.0824,1.733334,2.0,1.038148,14,12,2,2,0E-8,0.28403496,,0E-8,0.000000,0.946486,0.000000,,2026-04-16,2026-04-17,2,15,15,2,1.000000,,,0.000000,,,,,,,,GLOBAL_BASELINE_NO_ENTITY_RANKING,,,NOT_APPLICABLE_GLOBAL_BASELINE,HF9g-P5,,,,X 全窗基线 · 不参与实体赏罚,6870964,688,A168_HF9F_20260827_0900,2026-08-27 09:00:00
2026-04-17,148743736,2174,0,31.6235532224,-31.6235532224,-31.6235532224,0E-7,1,1,0.50665070000000000,0.506650700000,-1.013391052207602,-1.013391052207602,-1.013391052207602,0E-17,ELIGIBLE,R03b_20260811_FULL_v1,L1_ELIGIBILITY,v2026-08-11,2026-03-21..2026-08-06,baccarat_bet02_101_all_pairs_incl_sentinel,round_win = game_pnl > 0 (decisive only),COMPATIBILITY_ONLY_NOT_PRODUCTION,590.9388,559.3152,167.8473,18,18,-0.28403496,,-0.28403496,-0.28403496,-167.8473,590.9388,THIN_EXPOSURE,0.0000,6.7139,4.0000,96.0000,AG03-UNRESOLVED,ALL5_LEVELS_bet23_to_bet27,6.7139,6.7139,6.7139,6.7139,6.7139,4.000000,4.000000,4.000000,4.000000,4.000000,96.000000,96.000000,96.000000,96.000000,96.000000,5.0,33.5695,30.9892,134.2778,136.8581,PENDING_AG03,FALSE,NOT_FOR_ENFORCEMENT,161.1334,536.9426,167.8473,161.1334,6.7139,0.28403496,0.27267356,6.7139,161.1334,0.27267356,6.7139,6.7139,6.7139,6.7139,6.7139,161.1334,0.27267356,33.5695,30.9892,134.2778,136.8581,0.22722797,0.23159435,0.01136140,32.8299,31.0731,9.3248,83.9236,11.1898,295.4694,9.0000,,32.8299,21.0824,31.6236,42.1647,42.1647,54.8142,63.2471,31.6236,-21.0824,1.733334,2.0,1.038148,14,12,2,2,0E-8,0.28403496,,0E-8,0.000000,0.946486,0.000000,,2026-04-16,2026-04-17,2,15,15,2,1.000000,,,0.000000,,,,,,,,GLOBAL_BASELINE_NO_ENTITY_RANKING,,,NOT_APPLICABLE_GLOBAL_BASELINE,HF9g-P5,,,,X 全窗基线 · 不参与实体赏罚,6870965,688,A168_HF9F_20260827_0900,2026-08-27 09:00:00
2026-04-17,148743736,2229,0,63.2471064448,31.6235532224,31.6235532224,1.0000000,2,2,0.49324550000000000,0.493245500000,1.01360149184955,1.01360149184955,1.01360149184955,0E-17,ELIGIBLE,R03b_20260811_FULL_v1,L1_ELIGIBILITY,v2026-08-11,2026-03-21..2026-08-06,baccarat_bet02_101_all_pairs_incl_sentinel,round_win = game_pnl > 0 (decisive only),COMPATIBILITY_ONLY_NOT_PRODUCTION,590.9388,559.3152,167.8473,18,18,-0.28403496,,-0.28403496,-0.28403496,-167.8473,590.9388,THIN_EXPOSURE,0.0000,6.7139,4.0000,96.0000,AG03-UNRESOLVED,ALL5_LEVELS_bet23_to_bet27,6.7139,6.7139,6.7139,6.7139,6.7139,4.000000,4.000000,4.000000,4.000000,4.000000,96.000000,96.000000,96.000000,96.000000,96.000000,5.0,33.5695,30.9892,134.2778,136.8581,PENDING_AG03,FALSE,NOT_FOR_ENFORCEMENT,161.1334,536.9426,167.8473,161.1334,6.7139,0.28403496,0.27267356,6.7139,161.1334,0.27267356,6.7139,6.7139,6.7139,6.7139,6.7139,161.1334,0.27267356,33.5695,30.9892,134.2778,136.8581,0.22722797,0.23159435,0.01136140,32.8299,31.0731,9.3248,83.9236,11.1898,295.4694,9.0000,,32.8299,21.0824,31.6236,42.1647,42.1647,54.8142,63.2471,31.6236,-21.0824,1.733334,2.0,1.038148,14,12,2,2,0E-8,0.28403496,,0E-8,0.000000,0.946486,0.000000,,2026-04-16,2026-04-17,2,15,15,2,1.000000,,,0.000000,,,,,,,,GLOBAL_BASELINE_NO_ENTITY_RANKING,,,NOT_APPLICABLE_GLOBAL_BASELINE,HF9g-P5,,,,X 全窗基线 · 不参与实体赏罚,6870966,688,A168_HF9F_20260827_0900,2026-08-27 09:00:00
2026-04-17,148743736,2234,0,42.1647376299,42.1647376299,42.1647376299,1.0000000,1,1,0.49324550000000000,0.493245500000,1.01360149184955,1.01360149184955,1.01360149184955,0E-17,ELIGIBLE,R03b_20260811_FULL_v1,L1_ELIGIBILITY,v2026-08-11,2026-03-21..2026-08-06,baccarat_bet02_101_all_pairs_incl_sentinel,round_win = game_pnl > 0 (decisive only),COMPATIBILITY_ONLY_NOT_PRODUCTION,590.9388,559.3152,167.8473,18,18,-0.28403496,,-0.28403496,-0.28403496,-167.8473,590.9388,THIN_EXPOSURE,0.0000,6.7139,4.0000,96.0000,AG03-UNRESOLVED,ALL5_LEVELS_bet23_to_bet27,6.7139,6.7139,6.7139,6.7139,6.7139,4.000000,4.000000,4.000000,4.000000,4.000000,96.000000,96.000000,96.000000,96.000000,96.000000,5.0,33.5695,30.9892,134.2778,136.8581,PENDING_AG03,FALSE,NOT_FOR_ENFORCEMENT,161.1334,536.9426,167.8473,161.1334,6.7139,0.28403496,0.27267356,6.7139,161.1334,0.27267356,6.7139,6.7139,6.7139,6.7139,6.7139,161.1334,0.27267356,33.5695,30.9892,134.2778,136.8581,0.22722797,0.23159435,0.01136140,32.8299,31.0731,9.3248,83.9236,11.1898,295.4694,9.0000,,32.8299,21.0824,31.6236,42.1647,42.1647,54.8142,63.2471,31.6236,-21.0824,1.733334,2.0,1.038148,14,12,2,2,0E-8,0.28403496,,0E-8,0.000000,0.946486,0.000000,,2026-04-16,2026-04-17,2,15,15,2,1.000000,,,0.000000,,,,,,,,GLOBAL_BASELINE_NO_ENTITY_RANKING,,,NOT_APPLICABLE_GLOBAL_BASELINE,HF9g-P5,,,,X 全窗基线 · 不参与实体赏罚,6870967,688,A168_HF9F_20260827_0900,2026-08-27 09:00:00
2026-04-17,148743736,772,0,31.6235532224,-31.6235532224,-31.6235532224,0E-7,1,1,0.50665070000000000,0.506650700000,-1.013391052207602,-1.013391052207602,-1.013391052207602,0E-17,ELIGIBLE,R03b_20260811_FULL_v1,L1_ELIGIBILITY,v2026-08-11,2026-03-21..2026-08-06,baccarat_bet02_101_all_pairs_incl_sentinel,round_win = game_pnl > 0 (decisive only),COMPATIBILITY_ONLY_NOT_PRODUCTION,590.9388,559.3152,167.8473,18,18,-0.28403496,,-0.28403496,-0.28403496,-167.8473,590.9388,THIN_EXPOSURE,0.0000,6.7139,4.0000,96.0000,AG03-UNRESOLVED,ALL5_LEVELS_bet23_to_bet27,6.7139,6.7139,6.7139,6.7139,6.7139,4.000000,4.000000,4.000000,4.000000,4.000000,96.000000,96.000000,96.000000,96.000000,96.000000,5.0,33.5695,30.9892,134.2778,136.8581,PENDING_AG03,FALSE,NOT_FOR_ENFORCEMENT,161.1334,536.9426,167.8473,161.1334,6.7139,0.28403496,0.27267356,6.7139,161.1334,0.27267356,6.7139,6.7139,6.7139,6.7139,6.7139,161.1334,0.27267356,33.5695,30.9892,134.2778,136.8581,0.22722797,0.23159435,0.01136140,32.8299,31.0731,9.3248,83.9236,11.1898,295.4694,9.0000,,32.8299,21.0824,31.6236,42.1647,42.1647,54.8142,63.2471,31.6236,-21.0824,1.733334,2.0,1.038148,14,12,2,2,0E-8,0.28403496,,0E-8,0.000000,0.946486,0.000000,,2026-04-16,2026-04-17,2,15,15,2,1.000000,,,0.000000,,,,,,,,GLOBAL_BASELINE_NO_ENTITY_RANKING,,,NOT_APPLICABLE_GLOBAL_BASELINE,HF9g-P5,,,,X 全窗基线 · 不参与实体赏罚,6870968,688,A168_HF9F_20260827_0900,2026-08-27 09:00:00
2026-04-17,148743736,986,0,84.3294752598,0E-10,0E-10,0.5000000,2,2,0.49324550000000000,0.493245500000,0.01910635448239258,0.01910635448239258,0.01910635448239258,0E-17,ELIGIBLE,R03b_20260811_FULL_v1,L1_ELIGIBILITY,v2026-08-11,2026-03-21..2026-08-06,baccarat_bet02_101_all_pairs_incl_sentinel,round_win = game_pnl > 0 (decisive only),COMPATIBILITY_ONLY_NOT_PRODUCTION,590.9388,559.3152,167.8473,18,18,-0.28403496,,-0.28403496,-0.28403496,-167.8473,590.9388,THIN_EXPOSURE,0.0000,6.7139,4.0000,96.0000,AG03-UNRESOLVED,ALL5_LEVELS_bet23_to_bet27,6.7139,6.7139,6.7139,6.7139,6.7139,4.000000,4.000000,4.000000,4.000000,4.000000,96.000000,96.000000,96.000000,96.000000,96.000000,5.0,33.5695,30.9892,134.2778,136.8581,PENDING_AG03,FALSE,NOT_FOR_ENFORCEMENT,161.1334,536.9426,167.8473,161.1334,6.7139,0.28403496,0.27267356,6.7139,161.1334,0.27267356,6.7139,6.7139,6.7139,6.7139,6.7139,161.1334,0.27267356,33.5695,30.9892,134.2778,136.8581,0.22722797,0.23159435,0.01136140,32.8299,31.0731,9.3248,83.9236,11.1898,295.4694,9.0000,,32.8299,21.0824,31.6236,42.1647,42.1647,54.8142,63.2471,31.6236,-21.0824,1.733334,2.0,1.038148,14,12,2,2,0E-8,0.28403496,,0E-8,0.000000,0.946486,0.000000,,2026-04-16,2026-04-17,2,15,15,2,1.000000,,,0.000000,,,,,,,,GLOBAL_BASELINE_NO_ENTITY_RANKING,,,NOT_APPLICABLE_GLOBAL_BASELINE,HF9g-P5,,,,X 全窗基线 · 不参与实体赏罚,6870969,688,A168_HF9F_20260827_0900,2026-08-27 09:00:00
2026-06-27,152128677,2171,0,56.8313318075,-56.8313318075,-56.8313318075,0E-7,1,1,0.50665070000000000,0.506650700000,-1.013391052207602,-1.013391052207602,-1.013391052207602,0E-17,ELIGIBLE,R03b_20260811_FULL_v1,L1_ELIGIBILITY,v2026-08-11,2026-03-21..2026-08-06,baccarat_bet02_101_all_pairs_incl_sentinel,round_win = game_pnl > 0 (decisive only),COMPATIBILITY_ONLY_NOT_PRODUCTION,167.8478,167.8478,167.8478,4,2,-1.00000000,,-1.00000000,-1.00000000,-167.8478,167.8478,THIN_EXPOSURE,0.0000,6.7139,4.0000,96.0000,AG03-UNRESOLVED,ALL5_LEVELS_bet23_to_bet27,6.7139,6.7139,6.7139,6.7139,6.7139,4.000000,4.000000,4.000000,4.000000,4.000000,96.000000,96.000000,96.000000,96.000000,96.000000,5.0,33.5696,30.9893,134.2782,136.8585,PENDING_AG03,FALSE,NOT_FOR_ENFORCEMENT,161.1339,161.1339,167.8478,161.1339,6.7139,1.00000000,0.96000000,6.7139,161.1339,0.96000000,6.7139,6.7139,6.7139,6.7139,6.7139,161.1339,0.96000000,33.5696,30.9893,134.2782,136.8585,0.80000000,0.8153727,0.04000000,41.9619,83.9239,83.9239,83.9239,83.9239,83.9239,1.0000,,41.9619,2.5818,29.7066,81.3421,105.8529,105.8529,105.8529,29.7066,-29.7066,3.563284,3.563284,1.412548,2,2,1,3,0E-8,1.00000000,,0E-8,0.000000,1.000000,0.000000,,2026-06-27,2026-07-01,2,2,2,5,0.400000,,,0.000000,,,,,,,,GLOBAL_BASELINE_NO_ENTITY_RANKING,,,NOT_APPLICABLE_GLOBAL_BASELINE,HF9g-P5,,,,X 全窗基线 · 不参与实体赏罚,6870970,688,A168_HF9F_20260827_0900,2026-08-27 09:00:00
2026-07-01,152128677,1330,0,111.0164459247,-111.0164459247,-111.0164459247,0E-7,3,1,0.48655989302327391,0.218682466667,-0.9734715385328885,-0.5290457096990526,-0.9734715385328885,0.26787742635627391,ELIGIBLE,R03b_20260811_FULL_v1,L1_ELIGIBILITY,v2026-08-11,2026-03-21..2026-08-06,baccarat_bet02_101_all_pairs_incl_sentinel,round_win = game_pnl > 0 (decisive only),COMPATIBILITY_ONLY_NOT_PRODUCTION,167.8478,167.8478,167.8478,4,2,-1.00000000,,-1.00000000,-1.00000000,-167.8478,167.8478,THIN_EXPOSURE,0.0000,6.7139,4.0000,96.0000,AG03-UNRESOLVED,ALL5_LEVELS_bet23_to_bet27,6.7139,6.7139,6.7139,6.7139,6.7139,4.000000,4.000000,4.000000,4.000000,4.000000,96.000000,96.000000,96.000000,96.000000,96.000000,5.0,33.5696,30.9893,134.2782,136.8585,PENDING_AG03,FALSE,NOT_FOR_ENFORCEMENT,161.1339,161.1339,167.8478,161.1339,6.7139,1.00000000,0.96000000,6.7139,161.1339,0.96000000,6.7139,6.7139,6.7139,6.7139,6.7139,161.1339,0.96000000,33.5696,30.9893,134.2782,136.8585,0.80000000,0.8153727,0.04000000,41.9619,83.9239,83.9239,83.9239,83.9239,83.9239,1.0000,,41.9619,2.5818,29.7066,81.3421,105.8529,105.8529,105.8529,29.7066,-29.7066,3.563284,3.563284,1.412548,2,2,1,3,0E-8,1.00000000,,0E-8,0.000000,1.000000,0.000000,,2026-06-27,2026-07-01,2,2,2,5,0.400000,,,0.000000,,,,,,,,GLOBAL_BASELINE_NO_ENTITY_RANKING,,,NOT_APPLICABLE_GLOBAL_BASELINE,HF9g-P5,,,,X 全窗基线 · 不参与实体赏罚,6870971,688,A168_HF9F_20260827_0900,2026-08-27 09:00:00
2026-03-27,137839828,1115,0,12.1125944651,-12.1125944651,-12.1125944651,0E-7,1,1,0.49324550000000000,0.493245500000,-0.9865810262130424,-0.9865810262130424,-0.9865810262130424,0E-17,ELIGIBLE,R03b_20260811_FULL_v1,L1_ELIGIBILITY,v2026-08-11,2026-03-21..2026-08-06,baccarat_bet02_101_all_pairs_incl_sentinel,round_win = game_pnl > 0 (decisive only),COMPATIBILITY_ONLY_NOT_PRODUCTION,8628.5404,7944.3103,167.8492,197,185,-0.01945279,,-0.01945279,-0.01945279,-167.8492,8628.5404,OK,0.0000,6.7140,4.0000,96.0000,AG03-UNRESOLVED,ALL5_LEVELS_bet23_to_bet27,6.7140,6.7140,6.7140,8.3925,8.3925,4.000000,4.000000,4.000000,5.000000,5.000000,96.000000,96.000000,96.000000,95.000000,95.000000,5.0,36.9268,33.8259,130.9224,134.0233,PENDING_AG03,FALSE,NOT_FOR_ENFORCEMENT,161.1352,7626.5379,167.8492,161.1352,6.7140,0.01945279,0.01867468,6.7140,161.1352,0.01867468,6.7140,6.7140,6.7140,8.3925,8.3925,161.1352,0.01867468,36.9268,33.8259,130.9224,134.0233,0.01517318,0.01553255,0.00077811,43.7997,42.9422,0.9073,27.9749,5.9946,1438.0901,30.8333,,43.7997,25.8488,27.223,61.3826,78.5279,105.3844,130.8798,26.176,-2.6176,3.871153,4.807692,1.608923,8,24,6,5,0E-8,0.01945279,,0E-8,0.000000,0.920702,0.000000,,2026-03-27,2026-06-10,6,28,15,76,0.078947,,,0.000000,,,,,,,,GLOBAL_BASELINE_NO_ENTITY_RANKING,,,NOT_APPLICABLE_GLOBAL_BASELINE,HF9g-P5,,,,X 全窗基线 · 不参与实体赏罚,6870972,688,A168_HF9F_20260827_0900,2026-08-27 09:00:00
2026-04-10,137839828,2258,0,21.4642829097,-7.1722116064,-7.1722116064,0.5000000,2,2,0.50665070000000000,0.506650700000,-0.018812684590367487,-0.018812684590367487,-0.018812684590367487,0E-17,ELIGIBLE,R03b_20260811_FULL_v1,L1_ELIGIBILITY,v2026-08-11,2026-03-21..2026-08-06,baccarat_bet02_101_all_pairs_incl_sentinel,round_win = game_pnl > 0 (decisive only),COMPATIBILITY_ONLY_NOT_PRODUCTION,8628.5404,7944.3103,167.8492,197,185,-0.01945279,,-0.01945279,-0.01945279,-167.8492,8628.5404,OK,0.0000,6.7140,4.0000,96.0000,AG03-UNRESOLVED,ALL5_LEVELS_bet23_to_bet27,6.7140,6.7140,6.7140,8.3925,8.3925,4.000000,4.000000,4.000000,5.000000,5.000000,96.000000,96.000000,96.000000,95.000000,95.000000,5.0,36.9268,33.8259,130.9224,134.0233,PENDING_AG03,FALSE,NOT_FOR_ENFORCEMENT,161.1352,7626.5379,167.8492,161.1352,6.7140,0.01945279,0.01867468,6.7140,161.1352,0.01867468,6.7140,6.7140,6.7140,8.3925,8.3925,161.1352,0.01867468,36.9268,33.8259,130.9224,134.0233,0.01517318,0.01553255,0.00077811,43.7997,42.9422,0.9073,27.9749,5.9946,1438.0901,30.8333,,43.7997,25.8488,27.223,61.3826,78.5279,105.3844,130.8798,26.176,-2.6176,3.871153,4.807692,1.608923,8,24,6,5,0E-8,0.01945279,,0E-8,0.000000,0.920702,0.000000,,2026-03-27,2026-06-10,6,28,15,76,0.078947,,,0.000000,,,,,,,,GLOBAL_BASELINE_NO_ENTITY_RANKING,,,NOT_APPLICABLE_GLOBAL_BASELINE,HF9g-P5,,,,X 全窗基线 · 不参与实体赏罚,6870973,688,A168_HF9F_20260827_0900,2026-08-27 09:00:00
2026-04-11,137839828,1150,0,26.1759547680,26.1759547680,26.1759547680,1.0000000,1,1,0.49324550000000000,0.493245500000,1.01360149184955,1.01360149184955,1.01360149184955,0E-17,ELIGIBLE,R03b_20260811_FULL_v1,L1_ELIGIBILITY,v2026-08-11,2026-03-21..2026-08-06,baccarat_bet02_101_all_pairs_incl_sentinel,round_win = game_pnl > 0 (decisive only),COMPATIBILITY_ONLY_NOT_PRODUCTION,8628.5404,7944.3103,167.8492,197,185,-0.01945279,,-0.01945279,-0.01945279,-167.8492,8628.5404,OK,0.0000,6.7140,4.0000,96.0000,AG03-UNRESOLVED,ALL5_LEVELS_bet23_to_bet27,6.7140,6.7140,6.7140,8.3925,8.3925,4.000000,4.000000,4.000000,5.000000,5.000000,96.000000,96.000000,96.000000,95.000000,95.000000,5.0,36.9268,33.8259,130.9224,134.0233,PENDING_AG03,FALSE,NOT_FOR_ENFORCEMENT,161.1352,7626.5379,167.8492,161.1352,6.7140,0.01945279,0.01867468,6.7140,161.1352,0.01867468,6.7140,6.7140,6.7140,8.3925,8.3925,161.1352,0.01867468,36.9268,33.8259,130.9224,134.0233,0.01517318,0.01553255,0.00077811,43.7997,42.9422,0.9073,27.9749,5.9946,1438.0901,30.8333,,43.7997,25.8488,27.223,61.3826,78.5279,105.3844,130.8798,26.176,-2.6176,3.871153,4.807692,1.608923,8,24,6,5,0E-8,0.01945279,,0E-8,0.000000,0.920702,0.000000,,2026-03-27,2026-06-10,6,28,15,76,0.078947,,,0.000000,,,,,,,,GLOBAL_BASELINE_NO_ENTITY_RANKING,,,NOT_APPLICABLE_GLOBAL_BASELINE,HF9g-P5,,,,X 全窗基线 · 不参与实体赏罚,6870974,688,A168_HF9F_20260827_0900,2026-08-27 09:00:00
2026-04-11,137839828,1509,0,323.7965604798,117.6609166819,117.6609166819,0.7272727,13,12,0.48629560250000000,0.479428137500,1.599062166073285,1.6454082896750106,1.599062166073285,0.00686746500000000,ELIGIBLE,R03b_20260811_FULL_v1,L1_ELIGIBILITY,v2026-08-11,2026-03-21..2026-08-06,baccarat_bet02_101_all_pairs_incl_sentinel,round_win = game_pnl > 0 (decisive only),COMPATIBILITY_ONLY_NOT_PRODUCTION,8628.5404,7944.3103,167.8492,197,185,-0.01945279,,-0.01945279,-0.01945279,-167.8492,8628.5404,OK,0.0000,6.7140,4.0000,96.0000,AG03-UNRESOLVED,ALL5_LEVELS_bet23_to_bet27,6.7140,6.7140,6.7140,8.3925,8.3925,4.000000,4.000000,4.000000,5.000000,5.000000,96.000000,96.000000,96.000000,95.000000,95.000000,5.0,36.9268,33.8259,130.9224,134.0233,PENDING_AG03,FALSE,NOT_FOR_ENFORCEMENT,161.1352,7626.5379,167.8492,161.1352,6.7140,0.01945279,0.01867468,6.7140,161.1352,0.01867468,6.7140,6.7140,6.7140,8.3925,8.3925,161.1352,0.01867468,36.9268,33.8259,130.9224,134.0233,0.01517318,0.01553255,0.00077811,43.7997,42.9422,0.9073,27.9749,5.9946,1438.0901,30.8333,,43.7997,25.8488,27.223,61.3826,78.5279,105.3844,130.8798,26.176,-2.6176,3.871153,4.807692,1.608923,8,24,6,5,0E-8,0.01945279,,0E-8,0.000000,0.920702,0.000000,,2026-03-27,2026-06-10,6,28,15,76,0.078947,,,0.000000,,,,,,,,GLOBAL_BASELINE_NO_ENTITY_RANKING,,,NOT_APPLICABLE_GLOBAL_BASELINE,HF9g-P5,,,,X 全窗基线 · 不参与实体赏罚,6870975,688,A168_HF9F_20260827_0900,2026-08-27 09:00:00
2026-04-11,137839828,1623,0,52.3519095360,-52.3519095360,-52.3519095360,0E-7,2,2,0.49994810000000000,0.499948100000,-1.4140667746232096,-1.4140667746232096,-1.4140667746232096,0E-17,ELIGIBLE,R03b_20260811_FULL_v1,L1_ELIGIBILITY,v2026-08-11,2026-03-21..2026-08-06,baccarat_bet02_101_all_pairs_incl_sentinel,round_win = game_pnl > 0 (decisive only),COMPATIBILITY_ONLY_NOT_PRODUCTION,8628.5404,7944.3103,167.8492,197,185,-0.01945279,,-0.01945279,-0.01945279,-167.8492,8628.5404,OK,0.0000,6.7140,4.0000,96.0000,AG03-UNRESOLVED,ALL5_LEVELS_bet23_to_bet27,6.7140,6.7140,6.7140,8.3925,8.3925,4.000000,4.000000,4.000000,5.000000,5.000000,96.000000,96.000000,96.000000,95.000000,95.000000,5.0,36.9268,33.8259,130.9224,134.0233,PENDING_AG03,FALSE,NOT_FOR_ENFORCEMENT,161.1352,7626.5379,167.8492,161.1352,6.7140,0.01945279,0.01867468,6.7140,161.1352,0.01867468,6.7140,6.7140,6.7140,8.3925,8.3925,161.1352,0.01867468,36.9268,33.8259,130.9224,134.0233,0.01517318,0.01553255,0.00077811,43.7997,42.9422,0.9073,27.9749,5.9946,1438.0901,30.8333,,43.7997,25.8488,27.223,61.3826,78.5279,105.3844,130.8798,26.176,-2.6176,3.871153,4.807692,1.608923,8,24,6,5,0E-8,0.01945279,,0E-8,0.000000,0.920702,0.000000,,2026-03-27,2026-06-10,6,28,15,76,0.078947,,,0.000000,,,,,,,,GLOBAL_BASELINE_NO_ENTITY_RANKING,,,NOT_APPLICABLE_GLOBAL_BASELINE,HF9g-P5,,,,X 全窗基线 · 不参与实体赏罚,6870976,688,A168_HF9F_20260827_0900,2026-08-27 09:00:00
2026-04-11,137839828,1957,0,52.3519095359,-52.3519095359,-52.3519095359,0E-7,1,1,0.49324550000000000,0.493245500000,-0.9865810262130424,-0.9865810262130424,-0.9865810262130424,0E-17,ELIGIBLE,R03b_20260811_FULL_v1,L1_ELIGIBILITY,v2026-08-11,2026-03-21..2026-08-06,baccarat_bet02_101_all_pairs_incl_sentinel,round_win = game_pnl > 0 (decisive only),COMPATIBILITY_ONLY_NOT_PRODUCTION,8628.5404,7944.3103,167.8492,197,185,-0.01945279,,-0.01945279,-0.01945279,-167.8492,8628.5404,OK,0.0000,6.7140,4.0000,96.0000,AG03-UNRESOLVED,ALL5_LEVELS_bet23_to_bet27,6.7140,6.7140,6.7140,8.3925,8.3925,4.000000,4.000000,4.000000,5.000000,5.000000,96.000000,96.000000,96.000000,95.000000,95.000000,5.0,36.9268,33.8259,130.9224,134.0233,PENDING_AG03,FALSE,NOT_FOR_ENFORCEMENT,161.1352,7626.5379,167.8492,161.1352,6.7140,0.01945279,0.01867468,6.7140,161.1352,0.01867468,6.7140,6.7140,6.7140,8.3925,8.3925,161.1352,0.01867468,36.9268,33.8259,130.9224,134.0233,0.01517318,0.01553255,0.00077811,43.7997,42.9422,0.9073,27.9749,5.9946,1438.0901,30.8333,,43.7997,25.8488,27.223,61.3826,78.5279,105.3844,130.8798,26.176,-2.6176,3.871153,4.807692,1.608923,8,24,6,5,0E-8,0.01945279,,0E-8,0.000000,0.920702,0.000000,,2026-03-27,2026-06-10,6,28,15,76,0.078947,,,0.000000,,,,,,,,GLOBAL_BASELINE_NO_ENTITY_RANKING,,,NOT_APPLICABLE_GLOBAL_BASELINE,HF9g-P5,,,,X 全窗基线 · 不参与实体赏罚,6870977,688,A168_HF9F_20260827_0900,2026-08-27 09:00:00
2026-04-11,137839828,1963,0,1003.3243462559,-159.9350836323,-159.9350836323,0.4285714,15,14,0.49148509740259363,0.479254471429,-0.47087107203752065,-0.3796040498000459,-0.47087107203752065,0.01223062597359363,ELIGIBLE,R03b_20260811_FULL_v1,L1_ELIGIBILITY,v2026-08-11,2026-03-21..2026-08-06,baccarat_bet02_101_all_pairs_incl_sentinel,round_win = game_pnl > 0 (decisive only),COMPATIBILITY_ONLY_NOT_PRODUCTION,8628.5404,7944.3103,167.8492,197,185,-0.01945279,,-0.01945279,-0.01945279,-167.8492,8628.5404,OK,0.0000,6.7140,4.0000,96.0000,AG03-UNRESOLVED,ALL5_LEVELS_bet23_to_bet27,6.7140,6.7140,6.7140,8.3925,8.3925,4.000000,4.000000,4.000000,5.000000,5.000000,96.000000,96.000000,96.000000,95.000000,95.000000,5.0,36.9268,33.8259,130.9224,134.0233,PENDING_AG03,FALSE,NOT_FOR_ENFORCEMENT,161.1352,7626.5379,167.8492,161.1352,6.7140,0.01945279,0.01867468,6.7140,161.1352,0.01867468,6.7140,6.7140,6.7140,8.3925,8.3925,161.1352,0.01867468,36.9268,33.8259,130.9224,134.0233,0.01517318,0.01553255,0.00077811,43.7997,42.9422,0.9073,27.9749,5.9946,1438.0901,30.8333,,43.7997,25.8488,27.223,61.3826,78.5279,105.3844,130.8798,26.176,-2.6176,3.871153,4.807692,1.608923,8,24,6,5,0E-8,0.01945279,,0E-8,0.000000,0.920702,0.000000,,2026-03-27,2026-06-10,6,28,15,76,0.078947,,,0.000000,,,,,,,,GLOBAL_BASELINE_NO_ENTITY_RANKING,,,NOT_APPLICABLE_GLOBAL_BASELINE,HF9g-P5,,,,X 全窗基线 · 不参与实体赏罚,6870978,688,A168_HF9F_20260827_0900,2026-08-27 09:00:00
2026-04-11,137839828,1966,0,63.3458105384,-29.3039813627,-29.3039813627,0.3333333,4,4,0.49659680000000000,0.496596800000,-0.5655743394288276,-0.5655743394288276,-0.5655743394288276,0E-17,ELIGIBLE,R03b_20260811_FULL_v1,L1_ELIGIBILITY,v2026-08-11,2026-03-21..2026-08-06,baccarat_bet02_101_all_pairs_incl_sentinel,round_win = game_pnl > 0 (decisive only),COMPATIBILITY_ONLY_NOT_PRODUCTION,8628.5404,7944.3103,167.8492,197,185,-0.01945279,,-0.01945279,-0.01945279,-167.8492,8628.5404,OK,0.0000,6.7140,4.0000,96.0000,AG03-UNRESOLVED,ALL5_LEVELS_bet23_to_bet27,6.7140,6.7140,6.7140,8.3925,8.3925,4.000000,4.000000,4.000000,5.000000,5.000000,96.000000,96.000000,96.000000,95.000000,95.000000,5.0,36.9268,33.8259,130.9224,134.0233,PENDING_AG03,FALSE,NOT_FOR_ENFORCEMENT,161.1352,7626.5379,167.8492,161.1352,6.7140,0.01945279,0.01867468,6.7140,161.1352,0.01867468,6.7140,6.7140,6.7140,8.3925,8.3925,161.1352,0.01867468,36.9268,33.8259,130.9224,134.0233,0.01517318,0.01553255,0.00077811,43.7997,42.9422,0.9073,27.9749,5.9946,1438.0901,30.8333,,43.7997,25.8488,27.223,61.3826,78.5279,105.3844,130.8798,26.176,-2.6176,3.871153,4.807692,1.608923,8,24,6,5,0E-8,0.01945279,,0E-8,0.000000,0.920702,0.000000,,2026-03-27,2026-06-10,6,28,15,76,0.078947,,,0.000000,,,,,,,,GLOBAL_BASELINE_NO_ENTITY_RANKING,,,NOT_APPLICABLE_GLOBAL_BASELINE,HF9g-P5,,,,X 全窗基线 · 不参与实体赏罚,6870979,688,A168_HF9F_20260827_0900,2026-08-27 09:00:00
2026-04-11,137839828,2107,0,846.2686176482,87.1659293772,87.1659293772,0.5000000,15,15,0.49503286000000000,0.495032860000,0.03441505364456211,0.03441505364456212,0.03441505364456211,0E-17,ELIGIBLE,R03b_20260811_FULL_v1,L1_ELIGIBILITY,v2026-08-11,2026-03-21..2026-08-06,baccarat_bet02_101_all_pairs_incl_sentinel,round_win = game_pnl > 0 (decisive only),COMPATIBILITY_ONLY_NOT_PRODUCTION,8628.5404,7944.3103,167.8492,197,185,-0.01945279,,-0.01945279,-0.01945279,-167.8492,8628.5404,OK,0.0000,6.7140,4.0000,96.0000,AG03-UNRESOLVED,ALL5_LEVELS_bet23_to_bet27,6.7140,6.7140,6.7140,8.3925,8.3925,4.000000,4.000000,4.000000,5.000000,5.000000,96.000000,96.000000,96.000000,95.000000,95.000000,5.0,36.9268,33.8259,130.9224,134.0233,PENDING_AG03,FALSE,NOT_FOR_ENFORCEMENT,161.1352,7626.5379,167.8492,161.1352,6.7140,0.01945279,0.01867468,6.7140,161.1352,0.01867468,6.7140,6.7140,6.7140,8.3925,8.3925,161.1352,0.01867468,36.9268,33.8259,130.9224,134.0233,0.01517318,0.01553255,0.00077811,43.7997,42.9422,0.9073,27.9749,5.9946,1438.0901,30.8333,,43.7997,25.8488,27.223,61.3826,78.5279,105.3844,130.8798,26.176,-2.6176,3.871153,4.807692,1.608923,8,24,6,5,0E-8,0.01945279,,0E-8,0.000000,0.920702,0.000000,,2026-03-27,2026-06-10,6,28,15,76,0.078947,,,0.000000,,,,,,,,GLOBAL_BASELINE_NO_ENTITY_RANKING,,,NOT_APPLICABLE_GLOBAL_BASELINE,HF9g-P5,,,,X 全窗基线 · 不参与实体赏罚,6870980,688,A168_HF9F_20260827_0900,2026-08-27 09:00:00
2026-04-11,137839828,2156,0,598.3823259956,-59.3539774363,-59.3539774363,0.4545455,11,11,0.45763197272727273,0.457631972727,-0.02054754606392014,-0.020547546062105484,-0.02054754606392014,2.7273E-13,ELIGIBLE,R03b_20260811_FULL_v1,L1_ELIGIBILITY,v2026-08-11,2026-03-21..2026-08-06,baccarat_bet02_101_all_pairs_incl_sentinel,round_win = game_pnl > 0 (decisive only),COMPATIBILITY_ONLY_NOT_PRODUCTION,8628.5404,7944.3103,167.8492,197,185,-0.01945279,,-0.01945279,-0.01945279,-167.8492,8628.5404,OK,0.0000,6.7140,4.0000,96.0000,AG03-UNRESOLVED,ALL5_LEVELS_bet23_to_bet27,6.7140,6.7140,6.7140,8.3925,8.3925,4.000000,4.000000,4.000000,5.000000,5.000000,96.000000,96.000000,96.000000,95.000000,95.000000,5.0,36.9268,33.8259,130.9224,134.0233,PENDING_AG03,FALSE,NOT_FOR_ENFORCEMENT,161.1352,7626.5379,167.8492,161.1352,6.7140,0.01945279,0.01867468,6.7140,161.1352,0.01867468,6.7140,6.7140,6.7140,8.3925,8.3925,161.1352,0.01867468,36.9268,33.8259,130.9224,134.0233,0.01517318,0.01553255,0.00077811,43.7997,42.9422,0.9073,27.9749,5.9946,1438.0901,30.8333,,43.7997,25.8488,27.223,61.3826,78.5279,105.3844,130.8798,26.176,-2.6176,3.871153,4.807692,1.608923,8,24,6,5,0E-8,0.01945279,,0E-8,0.000000,0.920702,0.000000,,2026-03-27,2026-06-10,6,28,15,76,0.078947,,,0.000000,,,,,,,,GLOBAL_BASELINE_NO_ENTITY_RANKING,,,NOT_APPLICABLE_GLOBAL_BASELINE,HF9g-P5,,,,X 全窗基线 · 不参与实体赏罚,6870981,688,A168_HF9F_20260827_0900,2026-08-27 09:00:00
2026-04-11,137839828,2188,0,206.7900426669,-86.3806507343,-86.3806507343,0.3750000,9,8,0.48660145499998308,0.468330331250,-0.6315399550658857,-0.5290183242199652,-0.6315399550658857,0.01827112374998308,ELIGIBLE,R03b_20260811_FULL_v1,L1_ELIGIBILITY,v2026-08-11,2026-03-21..2026-08-06,baccarat_bet02_101_all_pairs_incl_sentinel,round_win = game_pnl > 0 (decisive only),COMPATIBILITY_ONLY_NOT_PRODUCTION,8628.5404,7944.3103,167.8492,197,185,-0.01945279,,-0.01945279,-0.01945279,-167.8492,8628.5404,OK,0.0000,6.7140,4.0000,96.0000,AG03-UNRESOLVED,ALL5_LEVELS_bet23_to_bet27,6.7140,6.7140,6.7140,8.3925,8.3925,4.000000,4.000000,4.000000,5.000000,5.000000,96.000000,96.000000,96.000000,95.000000,95.000000,5.0,36.9268,33.8259,130.9224,134.0233,PENDING_AG03,FALSE,NOT_FOR_ENFORCEMENT,161.1352,7626.5379,167.8492,161.1352,6.7140,0.01945279,0.01867468,6.7140,161.1352,0.01867468,6.7140,6.7140,6.7140,8.3925,8.3925,161.1352,0.01867468,36.9268,33.8259,130.9224,134.0233,0.01517318,0.01553255,0.00077811,43.7997,42.9422,0.9073,27.9749,5.9946,1438.0901,30.8333,,43.7997,25.8488,27.223,61.3826,78.5279,105.3844,130.8798,26.176,-2.6176,3.871153,4.807692,1.608923,8,24,6,5,0E-8,0.01945279,,0E-8,0.000000,0.920702,0.000000,,2026-03-27,2026-06-10,6,28,15,76,0.078947,,,0.000000,,,,,,,,GLOBAL_BASELINE_NO_ENTITY_RANKING,,,NOT_APPLICABLE_GLOBAL_BASELINE,HF9g-P5,,,,X 全窗基线 · 不参与实体赏罚,6870982,688,A168_HF9F_20260827_0900,2026-08-27 09:00:00
2026-04-11,137839828,2205,0,242.3893411513,-13.4544407506,-13.4544407506,0.5000000,11,10,0.49157216428569875,0.477334925000,0.05330988677728993,0.14349402386361854,0.05330988677728993,0.01423723928569875,ELIGIBLE,R03b_20260811_FULL_v1,L1_ELIGIBILITY,v2026-08-11,2026-03-21..2026-08-06,baccarat_bet02_101_all_pairs_incl_sentinel,round_win = game_pnl > 0 (decisive only),COMPATIBILITY_ONLY_NOT_PRODUCTION,8628.5404,7944.3103,167.8492,197,185,-0.01945279,,-0.01945279,-0.01945279,-167.8492,8628.5404,OK,0.0000,6.7140,4.0000,96.0000,AG03-UNRESOLVED,ALL5_LEVELS_bet23_to_bet27,6.7140,6.7140,6.7140,8.3925,8.3925,4.000000,4.000000,4.000000,5.000000,5.000000,96.000000,96.000000,96.000000,95.000000,95.000000,5.0,36.9268,33.8259,130.9224,134.0233,PENDING_AG03,FALSE,NOT_FOR_ENFORCEMENT,161.1352,7626.5379,167.8492,161.1352,6.7140,0.01945279,0.01867468,6.7140,161.1352,0.01867468,6.7140,6.7140,6.7140,8.3925,8.3925,161.1352,0.01867468,36.9268,33.8259,130.9224,134.0233,0.01517318,0.01553255,0.00077811,43.7997,42.9422,0.9073,27.9749,5.9946,1438.0901,30.8333,,43.7997,25.8488,27.223,61.3826,78.5279,105.3844,130.8798,26.176,-2.6176,3.871153,4.807692,1.608923,8,24,6,5,0E-8,0.01945279,,0E-8,0.000000,0.920702,0.000000,,2026-03-27,2026-06-10,6,28,15,76,0.078947,,,0.000000,,,,,,,,GLOBAL_BASELINE_NO_ENTITY_RANKING,,,NOT_APPLICABLE_GLOBAL_BASELINE,HF9g-P5,,,,X 全窗基线 · 不参与实体赏罚,6870983,688,A168_HF9F_20260827_0900,2026-08-27 09:00:00
2026-04-11,137839828,2220,0,1125.5660550225,222.4956155276,222.4956155276,0.5294118,20,20,0.49458602000000000,0.494586020000,0.287197284502095,0.287197284502095,0.287197284502095,0E-17,ELIGIBLE,R03b_20260811_FULL_v1,L1_ELIGIBILITY,v2026-08-11,2026-03-21..2026-08-06,baccarat_bet02_101_all_pairs_incl_sentinel,round_win = game_pnl > 0 (decisive only),COMPATIBILITY_ONLY_NOT_PRODUCTION,8628.5404,7944.3103,167.8492,197,185,-0.01945279,,-0.01945279,-0.01945279,-167.8492,8628.5404,OK,0.0000,6.7140,4.0000,96.0000,AG03-UNRESOLVED,ALL5_LEVELS_bet23_to_bet27,6.7140,6.7140,6.7140,8.3925,8.3925,4.000000,4.000000,4.000000,5.000000,5.000000,96.000000,96.000000,96.000000,95.000000,95.000000,5.0,36.9268,33.8259,130.9224,134.0233,PENDING_AG03,FALSE,NOT_FOR_ENFORCEMENT,161.1352,7626.5379,167.8492,161.1352,6.7140,0.01945279,0.01867468,6.7140,161.1352,0.01867468,6.7140,6.7140,6.7140,8.3925,8.3925,161.1352,0.01867468,36.9268,33.8259,130.9224,134.0233,0.01517318,0.01553255,0.00077811,43.7997,42.9422,0.9073,27.9749,5.9946,1438.0901,30.8333,,43.7997,25.8488,27.223,61.3826,78.5279,105.3844,130.8798,26.176,-2.6176,3.871153,4.807692,1.608923,8,24,6,5,0E-8,0.01945279,,0E-8,0.000000,0.920702,0.000000,,2026-03-27,2026-06-10,6,28,15,76,0.078947,,,0.000000,,,,,,,,GLOBAL_BASELINE_NO_ENTITY_RANKING,,,NOT_APPLICABLE_GLOBAL_BASELINE,HF9g-P5,,,,X 全窗基线 · 不参与实体赏罚,6870984,688,A168_HF9F_20260827_0900,2026-08-27 09:00:00
2026-04-11,137839828,2222,0,689.7364081357,113.8654032405,113.8654032405,0.5833333,15,12,0.47919658461437971,0.442492366667,0.7221058585685872,0.9822936115966378,0.7221058585685872,0.03670421794737971,ELIGIBLE,R03b_20260811_FULL_v1,L1_ELIGIBILITY,v2026-08-11,2026-03-21..2026-08-06,baccarat_bet02_101_all_pairs_incl_sentinel,round_win = game_pnl > 0 (decisive only),COMPATIBILITY_ONLY_NOT_PRODUCTION,8628.5404,7944.3103,167.8492,197,185,-0.01945279,,-0.01945279,-0.01945279,-167.8492,8628.5404,OK,0.0000,6.7140,4.0000,96.0000,AG03-UNRESOLVED,ALL5_LEVELS_bet23_to_bet27,6.7140,6.7140,6.7140,8.3925,8.3925,4.000000,4.000000,4.000000,5.000000,5.000000,96.000000,96.000000,96.000000,95.000000,95.000000,5.0,36.9268,33.8259,130.9224,134.0233,PENDING_AG03,FALSE,NOT_FOR_ENFORCEMENT,161.1352,7626.5379,167.8492,161.1352,6.7140,0.01945279,0.01867468,6.7140,161.1352,0.01867468,6.7140,6.7140,6.7140,8.3925,8.3925,161.1352,0.01867468,36.9268,33.8259,130.9224,134.0233,0.01517318,0.01553255,0.00077811,43.7997,42.9422,0.9073,27.9749,5.9946,1438.0901,30.8333,,43.7997,25.8488,27.223,61.3826,78.5279,105.3844,130.8798,26.176,-2.6176,3.871153,4.807692,1.608923,8,24,6,5,0E-8,0.01945279,,0E-8,0.000000,0.920702,0.000000,,2026-03-27,2026-06-10,6,28,15,76,0.078947,,,0.000000,,,,,,,,GLOBAL_BASELINE_NO_ENTITY_RANKING,,,NOT_APPLICABLE_GLOBAL_BASELINE,HF9g-P5,,,,X 全窗基线 · 不参与实体赏罚,6870985,688,A168_HF9F_20260827_0900,2026-08-27 09:00:00
2026-04-11,137839828,2229,0,1390.2049577265,-271.1174515093,-271.1174515093,0.3461538,28,27,0.49364073456789794,0.488473337037,-1.5041987093293128,-1.4517655482614993,-1.5041987093293128,0.00516739753089794,ELIGIBLE,R03b_20260811_FULL_v1,L1_ELIGIBILITY,v2026-08-11,2026-03-21..2026-08-06,baccarat_bet02_101_all_pairs_incl_sentinel,round_win = game_pnl > 0 (decisive only),COMPATIBILITY_ONLY_NOT_PRODUCTION,8628.5404,7944.3103,167.8492,197,185,-0.01945279,,-0.01945279,-0.01945279,-167.8492,8628.5404,OK,0.0000,6.7140,4.0000,96.0000,AG03-UNRESOLVED,ALL5_LEVELS_bet23_to_bet27,6.7140,6.7140,6.7140,8.3925,8.3925,4.000000,4.000000,4.000000,5.000000,5.000000,96.000000,96.000000,96.000000,95.000000,95.000000,5.0,36.9268,33.8259,130.9224,134.0233,PENDING_AG03,FALSE,NOT_FOR_ENFORCEMENT,161.1352,7626.5379,167.8492,161.1352,6.7140,0.01945279,0.01867468,6.7140,161.1352,0.01867468,6.7140,6.7140,6.7140,8.3925,8.3925,161.1352,0.01867468,36.9268,33.8259,130.9224,134.0233,0.01517318,0.01553255,0.00077811,43.7997,42.9422,0.9073,27.9749,5.9946,1438.0901,30.8333,,43.7997,25.8488,27.223,61.3826,78.5279,105.3844,130.8798,26.176,-2.6176,3.871153,4.807692,1.608923,8,24,6,5,0E-8,0.01945279,,0E-8,0.000000,0.920702,0.000000,,2026-03-27,2026-06-10,6,28,15,76,0.078947,,,0.000000,,,,,,,,GLOBAL_BASELINE_NO_ENTITY_RANKING,,,NOT_APPLICABLE_GLOBAL_BASELINE,HF9g-P5,,,,X 全窗基线 · 不参与实体赏罚,6870986,688,A168_HF9F_20260827_0900,2026-08-27 09:00:00
2026-04-11,137839828,2239,0,105.7508572625,-43.9756040101,-43.9756040101,0.3333333,3,3,0.49324550000000000,0.493245500000,-0.5540025479526107,-0.5540025479526106,-0.5540025479526107,0E-17,ELIGIBLE,R03b_20260811_FULL_v1,L1_ELIGIBILITY,v2026-08-11,2026-03-21..2026-08-06,baccarat_bet02_101_all_pairs_incl_sentinel,round_win = game_pnl > 0 (decisive only),COMPATIBILITY_ONLY_NOT_PRODUCTION,8628.5404,7944.3103,167.8492,197,185,-0.01945279,,-0.01945279,-0.01945279,-167.8492,8628.5404,OK,0.0000,6.7140,4.0000,96.0000,AG03-UNRESOLVED,ALL5_LEVELS_bet23_to_bet27,6.7140,6.7140,6.7140,8.3925,8.3925,4.000000,4.000000,4.000000,5.000000,5.000000,96.000000,96.000000,96.000000,95.000000,95.000000,5.0,36.9268,33.8259,130.9224,134.0233,PENDING_AG03,FALSE,NOT_FOR_ENFORCEMENT,161.1352,7626.5379,167.8492,161.1352,6.7140,0.01945279,0.01867468,6.7140,161.1352,0.01867468,6.7140,6.7140,6.7140,8.3925,8.3925,161.1352,0.01867468,36.9268,33.8259,130.9224,134.0233,0.01517318,0.01553255,0.00077811,43.7997,42.9422,0.9073,27.9749,5.9946,1438.0901,30.8333,,43.7997,25.8488,27.223,61.3826,78.5279,105.3844,130.8798,26.176,-2.6176,3.871153,4.807692,1.608923,8,24,6,5,0E-8,0.01945279,,0E-8,0.000000,0.920702,0.000000,,2026-03-27,2026-06-10,6,28,15,76,0.078947,,,0.000000,,,,,,,,GLOBAL_BASELINE_NO_ENTITY_RANKING,,,NOT_APPLICABLE_GLOBAL_BASELINE,HF9g-P5,,,,X 全窗基线 · 不参与实体赏罚,6870987,688,A168_HF9F_20260827_0900,2026-08-27 09:00:00
2026-04-11,137839828,2241,0,52.6136690836,-52.6136690836,-52.6136690836,0E-7,1,1,0.49324550000000000,0.493245500000,-0.9865810262130424,-0.9865810262130424,-0.9865810262130424,0E-17,ELIGIBLE,R03b_20260811_FULL_v1,L1_ELIGIBILITY,v2026-08-11,2026-03-21..2026-08-06,baccarat_bet02_101_all_pairs_incl_sentinel,round_win = game_pnl > 0 (decisive only),COMPATIBILITY_ONLY_NOT_PRODUCTION,8628.5404,7944.3103,167.8492,197,185,-0.01945279,,-0.01945279,-0.01945279,-167.8492,8628.5404,OK,0.0000,6.7140,4.0000,96.0000,AG03-UNRESOLVED,ALL5_LEVELS_bet23_to_bet27,6.7140,6.7140,6.7140,8.3925,8.3925,4.000000,4.000000,4.000000,5.000000,5.000000,96.000000,96.000000,96.000000,95.000000,95.000000,5.0,36.9268,33.8259,130.9224,134.0233,PENDING_AG03,FALSE,NOT_FOR_ENFORCEMENT,161.1352,7626.5379,167.8492,161.1352,6.7140,0.01945279,0.01867468,6.7140,161.1352,0.01867468,6.7140,6.7140,6.7140,8.3925,8.3925,161.1352,0.01867468,36.9268,33.8259,130.9224,134.0233,0.01517318,0.01553255,0.00077811,43.7997,42.9422,0.9073,27.9749,5.9946,1438.0901,30.8333,,43.7997,25.8488,27.223,61.3826,78.5279,105.3844,130.8798,26.176,-2.6176,3.871153,4.807692,1.608923,8,24,6,5,0E-8,0.01945279,,0E-8,0.000000,0.920702,0.000000,,2026-03-27,2026-06-10,6,28,15,76,0.078947,,,0.000000,,,,,,,,GLOBAL_BASELINE_NO_ENTITY_RANKING,,,NOT_APPLICABLE_GLOBAL_BASELINE,HF9g-P5,,,,X 全窗基线 · 不参与实体赏罚,6870988,688,A168_HF9F_20260827_0900,2026-08-27 09:00:00
2026-04-11,137839828,2244,0,117.7917964558,-66.7486846582,-66.7486846582,0.5000000,2,2,0.50665070000000000,0.506650700000,-0.018812684590367487,-0.018812684590367487,-0.018812684590367487,0E-17,ELIGIBLE,R03b_20260811_FULL_v1,L1_ELIGIBILITY,v2026-08-11,2026-03-21..2026-08-06,baccarat_bet02_101_all_pairs_incl_sentinel,round_win = game_pnl > 0 (decisive only),COMPATIBILITY_ONLY_NOT_PRODUCTION,8628.5404,7944.3103,167.8492,197,185,-0.01945279,,-0.01945279,-0.01945279,-167.8492,8628.5404,OK,0.0000,6.7140,4.0000,96.0000,AG03-UNRESOLVED,ALL5_LEVELS_bet23_to_bet27,6.7140,6.7140,6.7140,8.3925,8.3925,4.000000,4.000000,4.000000,5.000000,5.000000,96.000000,96.000000,96.000000,95.000000,95.000000,5.0,36.9268,33.8259,130.9224,134.0233,PENDING_AG03,FALSE,NOT_FOR_ENFORCEMENT,161.1352,7626.5379,167.8492,161.1352,6.7140,0.01945279,0.01867468,6.7140,161.1352,0.01867468,6.7140,6.7140,6.7140,8.3925,8.3925,161.1352,0.01867468,36.9268,33.8259,130.9224,134.0233,0.01517318,0.01553255,0.00077811,43.7997,42.9422,0.9073,27.9749,5.9946,1438.0901,30.8333,,43.7997,25.8488,27.223,61.3826,78.5279,105.3844,130.8798,26.176,-2.6176,3.871153,4.807692,1.608923,8,24,6,5,0E-8,0.01945279,,0E-8,0.000000,0.920702,0.000000,,2026-03-27,2026-06-10,6,28,15,76,0.078947,,,0.000000,,,,,,,,GLOBAL_BASELINE_NO_ENTITY_RANKING,,,NOT_APPLICABLE_GLOBAL_BASELINE,HF9g-P5,,,,X 全窗基线 · 不参与实体赏罚,6870989,688,A168_HF9F_20260827_0900,2026-08-27 09:00:00
2026-04-11,137839828,2250,0,130.8797738398,130.8797738398,130.8797738398,1.0000000,1,1,0.49324550000000000,0.493245500000,1.01360149184955,1.01360149184955,1.01360149184955,0E-17,ELIGIBLE,R03b_20260811_FULL_v1,L1_ELIGIBILITY,v2026-08-11,2026-03-21..2026-08-06,baccarat_bet02_101_all_pairs_incl_sentinel,round_win = game_pnl > 0 (decisive only),COMPATIBILITY_ONLY_NOT_PRODUCTION,8628.5404,7944.3103,167.8492,197,185,-0.01945279,,-0.01945279,-0.01945279,-167.8492,8628.5404,OK,0.0000,6.7140,4.0000,96.0000,AG03-UNRESOLVED,ALL5_LEVELS_bet23_to_bet27,6.7140,6.7140,6.7140,8.3925,8.3925,4.000000,4.000000,4.000000,5.000000,5.000000,96.000000,96.000000,96.000000,95.000000,95.000000,5.0,36.9268,33.8259,130.9224,134.0233,PENDING_AG03,FALSE,NOT_FOR_ENFORCEMENT,161.1352,7626.5379,167.8492,161.1352,6.7140,0.01945279,0.01867468,6.7140,161.1352,0.01867468,6.7140,6.7140,6.7140,8.3925,8.3925,161.1352,0.01867468,36.9268,33.8259,130.9224,134.0233,0.01517318,0.01553255,0.00077811,43.7997,42.9422,0.9073,27.9749,5.9946,1438.0901,30.8333,,43.7997,25.8488,27.223,61.3826,78.5279,105.3844,130.8798,26.176,-2.6176,3.871153,4.807692,1.608923,8,24,6,5,0E-8,0.01945279,,0E-8,0.000000,0.920702,0.000000,,2026-03-27,2026-06-10,6,28,15,76,0.078947,,,0.000000,,,,,,,,GLOBAL_BASELINE_NO_ENTITY_RANKING,,,NOT_APPLICABLE_GLOBAL_BASELINE,HF9g-P5,,,,X 全窗基线 · 不参与实体赏罚,6870990,688,A168_HF9F_20260827_0900,2026-08-27 09:00:00
2026-04-11,137839828,2256,0,216.9986650266,82.2448498810,82.2448498810,0.6666667,10,9,0.49333373846152696,0.476311816667,1.0400900145487537,1.1434130276251817,1.0400900145487537,0.01702192179452696,ELIGIBLE,R03b_20260811_FULL_v1,L1_ELIGIBILITY,v2026-08-11,2026-03-21..2026-08-06,baccarat_bet02_101_all_pairs_incl_sentinel,round_win = game_pnl > 0 (decisive only),COMPATIBILITY_ONLY_NOT_PRODUCTION,8628.5404,7944.3103,167.8492,197,185,-0.01945279,,-0.01945279,-0.01945279,-167.8492,8628.5404,OK,0.0000,6.7140,4.0000,96.0000,AG03-UNRESOLVED,ALL5_LEVELS_bet23_to_bet27,6.7140,6.7140,6.7140,8.3925,8.3925,4.000000,4.000000,4.000000,5.000000,5.000000,96.000000,96.000000,96.000000,95.000000,95.000000,5.0,36.9268,33.8259,130.9224,134.0233,PENDING_AG03,FALSE,NOT_FOR_ENFORCEMENT,161.1352,7626.5379,167.8492,161.1352,6.7140,0.01945279,0.01867468,6.7140,161.1352,0.01867468,6.7140,6.7140,6.7140,8.3925,8.3925,161.1352,0.01867468,36.9268,33.8259,130.9224,134.0233,0.01517318,0.01553255,0.00077811,43.7997,42.9422,0.9073,27.9749,5.9946,1438.0901,30.8333,,43.7997,25.8488,27.223,61.3826,78.5279,105.3844,130.8798,26.176,-2.6176,3.871153,4.807692,1.608923,8,24,6,5,0E-8,0.01945279,,0E-8,0.000000,0.920702,0.000000,,2026-03-27,2026-06-10,6,28,15,76,0.078947,,,0.000000,,,,,,,,GLOBAL_BASELINE_NO_ENTITY_RANKING,,,NOT_APPLICABLE_GLOBAL_BASELINE,HF9g-P5,,,,X 全窗基线 · 不参与实体赏罚,6870991,688,A168_HF9F_20260827_0900,2026-08-27 09:00:00
2026-04-11,137839828,2258,0,146.3235871528,38.4786535089,38.4786535089,0.5000000,3,3,0.49771390000000000,0.497713900000,0.006466134837551399,0.0064661348375514,0.006466134837551399,0E-17,ELIGIBLE,R03b_20260811_FULL_v1,L1_ELIGIBILITY,v2026-08-11,2026-03-21..2026-08-06,baccarat_bet02_101_all_pairs_incl_sentinel,round_win = game_pnl > 0 (decisive only),COMPATIBILITY_ONLY_NOT_PRODUCTION,8628.5404,7944.3103,167.8492,197,185,-0.01945279,,-0.01945279,-0.01945279,-167.8492,8628.5404,OK,0.0000,6.7140,4.0000,96.0000,AG03-UNRESOLVED,ALL5_LEVELS_bet23_to_bet27,6.7140,6.7140,6.7140,8.3925,8.3925,4.000000,4.000000,4.000000,5.000000,5.000000,96.000000,96.000000,96.000000,95.000000,95.000000,5.0,36.9268,33.8259,130.9224,134.0233,PENDING_AG03,FALSE,NOT_FOR_ENFORCEMENT,161.1352,7626.5379,167.8492,161.1352,6.7140,0.01945279,0.01867468,6.7140,161.1352,0.01867468,6.7140,6.7140,6.7140,8.3925,8.3925,161.1352,0.01867468,36.9268,33.8259,130.9224,134.0233,0.01517318,0.01553255,0.00077811,43.7997,42.9422,0.9073,27.9749,5.9946,1438.0901,30.8333,,43.7997,25.8488,27.223,61.3826,78.5279,105.3844,130.8798,26.176,-2.6176,3.871153,4.807692,1.608923,8,24,6,5,0E-8,0.01945279,,0E-8,0.000000,0.920702,0.000000,,2026-03-27,2026-06-10,6,28,15,76,0.078947,,,0.000000,,,,,,,,GLOBAL_BASELINE_NO_ENTITY_RANKING,,,NOT_APPLICABLE_GLOBAL_BASELINE,HF9g-P5,,,,X 全窗基线 · 不参与实体赏罚,6870992,688,A168_HF9F_20260827_0900,2026-08-27 09:00:00
2026-04-11,137839828,2266,0,293.1706934012,99.4686281182,99.4686281182,0.5000000,6,6,0.49324550000000000,0.493245500000,0.03309317671092531,0.03309317671092531,0.03309317671092531,0E-17,ELIGIBLE,R03b_20260811_FULL_v1,L1_ELIGIBILITY,v2026-08-11,2026-03-21..2026-08-06,baccarat_bet02_101_all_pairs_incl_sentinel,round_win = game_pnl > 0 (decisive only),COMPATIBILITY_ONLY_NOT_PRODUCTION,8628.5404,7944.3103,167.8492,197,185,-0.01945279,,-0.01945279,-0.01945279,-167.8492,8628.5404,OK,0.0000,6.7140,4.0000,96.0000,AG03-UNRESOLVED,ALL5_LEVELS_bet23_to_bet27,6.7140,6.7140,6.7140,8.3925,8.3925,4.000000,4.000000,4.000000,5.000000,5.000000,96.000000,96.000000,96.000000,95.000000,95.000000,5.0,36.9268,33.8259,130.9224,134.0233,PENDING_AG03,FALSE,NOT_FOR_ENFORCEMENT,161.1352,7626.5379,167.8492,161.1352,6.7140,0.01945279,0.01867468,6.7140,161.1352,0.01867468,6.7140,6.7140,6.7140,8.3925,8.3925,161.1352,0.01867468,36.9268,33.8259,130.9224,134.0233,0.01517318,0.01553255,0.00077811,43.7997,42.9422,0.9073,27.9749,5.9946,1438.0901,30.8333,,43.7997,25.8488,27.223,61.3826,78.5279,105.3844,130.8798,26.176,-2.6176,3.871153,4.807692,1.608923,8,24,6,5,0E-8,0.01945279,,0E-8,0.000000,0.920702,0.000000,,2026-03-27,2026-06-10,6,28,15,76,0.078947,,,0.000000,,,,,,,,GLOBAL_BASELINE_NO_ENTITY_RANKING,,,NOT_APPLICABLE_GLOBAL_BASELINE,HF9g-P5,,,,X 全窗基线 · 不参与实体赏罚,6870993,688,A168_HF9F_20260827_0900,2026-08-27 09:00:00
2026-04-12,137839828,1302,0,52.3519095360,0E-10,0E-10,0.5000000,3,3,0.49324550000000000,0.493245500000,0.01910635448239258,0.01910635448239258,0.01910635448239258,0E-17,ELIGIBLE,R03b_20260811_FULL_v1,L1_ELIGIBILITY,v2026-08-11,2026-03-21..2026-08-06,baccarat_bet02_101_all_pairs_incl_sentinel,round_win = game_pnl > 0 (decisive only),COMPATIBILITY_ONLY_NOT_PRODUCTION,8628.5404,7944.3103,167.8492,197,185,-0.01945279,,-0.01945279,-0.01945279,-167.8492,8628.5404,OK,0.0000,6.7140,4.0000,96.0000,AG03-UNRESOLVED,ALL5_LEVELS_bet23_to_bet27,6.7140,6.7140,6.7140,8.3925,8.3925,4.000000,4.000000,4.000000,5.000000,5.000000,96.000000,96.000000,96.000000,95.000000,95.000000,5.0,36.9268,33.8259,130.9224,134.0233,PENDING_AG03,FALSE,NOT_FOR_ENFORCEMENT,161.1352,7626.5379,167.8492,161.1352,6.7140,0.01945279,0.01867468,6.7140,161.1352,0.01867468,6.7140,6.7140,6.7140,8.3925,8.3925,161.1352,0.01867468,36.9268,33.8259,130.9224,134.0233,0.01517318,0.01553255,0.00077811,43.7997,42.9422,0.9073,27.9749,5.9946,1438.0901,30.8333,,43.7997,25.8488,27.223,61.3826,78.5279,105.3844,130.8798,26.176,-2.6176,3.871153,4.807692,1.608923,8,24,6,5,0E-8,0.01945279,,0E-8,0.000000,0.920702,0.000000,,2026-03-27,2026-06-10,6,28,15,76,0.078947,,,0.000000,,,,,,,,GLOBAL_BASELINE_NO_ENTITY_RANKING,,,NOT_APPLICABLE_GLOBAL_BASELINE,HF9g-P5,,,,X 全窗基线 · 不参与实体赏罚,6870994,688,A168_HF9F_20260827_0900,2026-08-27 09:00:00
2026-04-12,137839828,1963,0,104.7038190719,-26.1759547679,-26.1759547679,0.3333333,5,5,0.49324550000000000,0.493245500000,-0.5540025479526107,-0.5540025479526106,-0.5540025479526107,0E-17,ELIGIBLE,R03b_20260811_FULL_v1,L1_ELIGIBILITY,v2026-08-11,2026-03-21..2026-08-06,baccarat_bet02_101_all_pairs_incl_sentinel,round_win = game_pnl > 0 (decisive only),COMPATIBILITY_ONLY_NOT_PRODUCTION,8628.5404,7944.3103,167.8492,197,185,-0.01945279,,-0.01945279,-0.01945279,-167.8492,8628.5404,OK,0.0000,6.7140,4.0000,96.0000,AG03-UNRESOLVED,ALL5_LEVELS_bet23_to_bet27,6.7140,6.7140,6.7140,8.3925,8.3925,4.000000,4.000000,4.000000,5.000000,5.000000,96.000000,96.000000,96.000000,95.000000,95.000000,5.0,36.9268,33.8259,130.9224,134.0233,PENDING_AG03,FALSE,NOT_FOR_ENFORCEMENT,161.1352,7626.5379,167.8492,161.1352,6.7140,0.01945279,0.01867468,6.7140,161.1352,0.01867468,6.7140,6.7140,6.7140,8.3925,8.3925,161.1352,0.01867468,36.9268,33.8259,130.9224,134.0233,0.01517318,0.01553255,0.00077811,43.7997,42.9422,0.9073,27.9749,5.9946,1438.0901,30.8333,,43.7997,25.8488,27.223,61.3826,78.5279,105.3844,130.8798,26.176,-2.6176,3.871153,4.807692,1.608923,8,24,6,5,0E-8,0.01945279,,0E-8,0.000000,0.920702,0.000000,,2026-03-27,2026-06-10,6,28,15,76,0.078947,,,0.000000,,,,,,,,GLOBAL_BASELINE_NO_ENTITY_RANKING,,,NOT_APPLICABLE_GLOBAL_BASELINE,HF9g-P5,,,,X 全窗基线 · 不参与实体赏罚,6870995,688,A168_HF9F_20260827_0900,2026-08-27 09:00:00
2026-04-12,137839828,2152,0,27.2229929587,-27.2229929587,-27.2229929587,0E-7,1,1,0.49324550000000000,0.493245500000,-0.9865810262130424,-0.9865810262130424,-0.9865810262130424,0E-17,ELIGIBLE,R03b_20260811_FULL_v1,L1_ELIGIBILITY,v2026-08-11,2026-03-21..2026-08-06,baccarat_bet02_101_all_pairs_incl_sentinel,round_win = game_pnl > 0 (decisive only),COMPATIBILITY_ONLY_NOT_PRODUCTION,8628.5404,7944.3103,167.8492,197,185,-0.01945279,,-0.01945279,-0.01945279,-167.8492,8628.5404,OK,0.0000,6.7140,4.0000,96.0000,AG03-UNRESOLVED,ALL5_LEVELS_bet23_to_bet27,6.7140,6.7140,6.7140,8.3925,8.3925,4.000000,4.000000,4.000000,5.000000,5.000000,96.000000,96.000000,96.000000,95.000000,95.000000,5.0,36.9268,33.8259,130.9224,134.0233,PENDING_AG03,FALSE,NOT_FOR_ENFORCEMENT,161.1352,7626.5379,167.8492,161.1352,6.7140,0.01945279,0.01867468,6.7140,161.1352,0.01867468,6.7140,6.7140,6.7140,8.3925,8.3925,161.1352,0.01867468,36.9268,33.8259,130.9224,134.0233,0.01517318,0.01553255,0.00077811,43.7997,42.9422,0.9073,27.9749,5.9946,1438.0901,30.8333,,43.7997,25.8488,27.223,61.3826,78.5279,105.3844,130.8798,26.176,-2.6176,3.871153,4.807692,1.608923,8,24,6,5,0E-8,0.01945279,,0E-8,0.000000,0.920702,0.000000,,2026-03-27,2026-06-10,6,28,15,76,0.078947,,,0.000000,,,,,,,,GLOBAL_BASELINE_NO_ENTITY_RANKING,,,NOT_APPLICABLE_GLOBAL_BASELINE,HF9g-P5,,,,X 全窗基线 · 不参与实体赏罚,6870996,688,A168_HF9F_20260827_0900,2026-08-27 09:00:00
2026-04-17,137839828,2156,0,15.4438133131,-15.4438133131,-15.4438133131,0E-7,1,1,0.49324550000000000,0.493245500000,-0.9865810262130424,-0.9865810262130424,-0.9865810262130424,0E-17,ELIGIBLE,R03b_20260811_FULL_v1,L1_ELIGIBILITY,v2026-08-11,2026-03-21..2026-08-06,baccarat_bet02_101_all_pairs_incl_sentinel,round_win = game_pnl > 0 (decisive only),COMPATIBILITY_ONLY_NOT_PRODUCTION,8628.5404,7944.3103,167.8492,197,185,-0.01945279,,-0.01945279,-0.01945279,-167.8492,8628.5404,OK,0.0000,6.7140,4.0000,96.0000,AG03-UNRESOLVED,ALL5_LEVELS_bet23_to_bet27,6.7140,6.7140,6.7140,8.3925,8.3925,4.000000,4.000000,4.000000,5.000000,5.000000,96.000000,96.000000,96.000000,95.000000,95.000000,5.0,36.9268,33.8259,130.9224,134.0233,PENDING_AG03,FALSE,NOT_FOR_ENFORCEMENT,161.1352,7626.5379,167.8492,161.1352,6.7140,0.01945279,0.01867468,6.7140,161.1352,0.01867468,6.7140,6.7140,6.7140,8.3925,8.3925,161.1352,0.01867468,36.9268,33.8259,130.9224,134.0233,0.01517318,0.01553255,0.00077811,43.7997,42.9422,0.9073,27.9749,5.9946,1438.0901,30.8333,,43.7997,25.8488,27.223,61.3826,78.5279,105.3844,130.8798,26.176,-2.6176,3.871153,4.807692,1.608923,8,24,6,5,0E-8,0.01945279,,0E-8,0.000000,0.920702,0.000000,,2026-03-27,2026-06-10,6,28,15,76,0.078947,,,0.000000,,,,,,,,GLOBAL_BASELINE_NO_ENTITY_RANKING,,,NOT_APPLICABLE_GLOBAL_BASELINE,HF9g-P5,,,,X 全窗基线 · 不参与实体赏罚,6870997,688,A168_HF9F_20260827_0900,2026-08-27 09:00:00
2026-04-17,137839828,2205,0,248.1480512001,146.5853467006,146.5853467006,0.8000000,8,5,0.46759901675072039,0.379014770000,1.4896734682768238,1.940363777715814,1.4896734682768238,0.08858424675072039,ELIGIBLE,R03b_20260811_FULL_v1,L1_ELIGIBILITY,v2026-08-11,2026-03-21..2026-08-06,baccarat_bet02_101_all_pairs_incl_sentinel,round_win = game_pnl > 0 (decisive only),COMPATIBILITY_ONLY_NOT_PRODUCTION,8628.5404,7944.3103,167.8492,197,185,-0.01945279,,-0.01945279,-0.01945279,-167.8492,8628.5404,OK,0.0000,6.7140,4.0000,96.0000,AG03-UNRESOLVED,ALL5_LEVELS_bet23_to_bet27,6.7140,6.7140,6.7140,8.3925,8.3925,4.000000,4.000000,4.000000,5.000000,5.000000,96.000000,96.000000,96.000000,95.000000,95.000000,5.0,36.9268,33.8259,130.9224,134.0233,PENDING_AG03,FALSE,NOT_FOR_ENFORCEMENT,161.1352,7626.5379,167.8492,161.1352,6.7140,0.01945279,0.01867468,6.7140,161.1352,0.01867468,6.7140,6.7140,6.7140,8.3925,8.3925,161.1352,0.01867468,36.9268,33.8259,130.9224,134.0233,0.01517318,0.01553255,0.00077811,43.7997,42.9422,0.9073,27.9749,5.9946,1438.0901,30.8333,,43.7997,25.8488,27.223,61.3826,78.5279,105.3844,130.8798,26.176,-2.6176,3.871153,4.807692,1.608923,8,24,6,5,0E-8,0.01945279,,0E-8,0.000000,0.920702,0.000000,,2026-03-27,2026-06-10,6,28,15,76,0.078947,,,0.000000,,,,,,,,GLOBAL_BASELINE_NO_ENTITY_RANKING,,,NOT_APPLICABLE_GLOBAL_BASELINE,HF9g-P5,,,,X 全窗基线 · 不参与实体赏罚,6870998,688,A168_HF9F_20260827_0900,2026-08-27 09:00:00
2026-06-10,137839828,1963,0,128.5776737727,-128.5776737727,-128.5776737727,0E-7,1,1,0.49324550000000000,0.493245500000,-0.9865810262130424,-0.9865810262130424,-0.9865810262130424,0E-17,ELIGIBLE,R03b_20260811_FULL_v1,L1_ELIGIBILITY,v2026-08-11,2026-03-21..2026-08-06,baccarat_bet02_101_all_pairs_incl_sentinel,round_win = game_pnl > 0 (decisive only),COMPATIBILITY_ONLY_NOT_PRODUCTION,8628.5404,7944.3103,167.8492,197,185,-0.01945279,,-0.01945279,-0.01945279,-167.8492,8628.5404,OK,0.0000,6.7140,4.0000,96.0000,AG03-UNRESOLVED,ALL5_LEVELS_bet23_to_bet27,6.7140,6.7140,6.7140,8.3925,8.3925,4.000000,4.000000,4.000000,5.000000,5.000000,96.000000,96.000000,96.000000,95.000000,95.000000,5.0,36.9268,33.8259,130.9224,134.0233,PENDING_AG03,FALSE,NOT_FOR_ENFORCEMENT,161.1352,7626.5379,167.8492,161.1352,6.7140,0.01945279,0.01867468,6.7140,161.1352,0.01867468,6.7140,6.7140,6.7140,8.3925,8.3925,161.1352,0.01867468,36.9268,33.8259,130.9224,134.0233,0.01517318,0.01553255,0.00077811,43.7997,42.9422,0.9073,27.9749,5.9946,1438.0901,30.8333,,43.7997,25.8488,27.223,61.3826,78.5279,105.3844,130.8798,26.176,-2.6176,3.871153,4.807692,1.608923,8,24,6,5,0E-8,0.01945279,,0E-8,0.000000,0.920702,0.000000,,2026-03-27,2026-06-10,6,28,15,76,0.078947,,,0.000000,,,,,,,,GLOBAL_BASELINE_NO_ENTITY_RANKING,,,NOT_APPLICABLE_GLOBAL_BASELINE,HF9g-P5,,,,X 全窗基线 · 不参与实体赏罚,6870999,688,A168_HF9F_20260827_0900,2026-08-27 09:00:00
2026-06-10,137839828,986,0,334.3019518091,-128.5776737727,-128.5776737727,0.3333333,4,4,0.49324550000000000,0.493245500000,-0.5540025479526107,-0.5540025479526106,-0.5540025479526107,0E-17,ELIGIBLE,R03b_20260811_FULL_v1,L1_ELIGIBILITY,v2026-08-11,2026-03-21..2026-08-06,baccarat_bet02_101_all_pairs_incl_sentinel,round_win = game_pnl > 0 (decisive only),COMPATIBILITY_ONLY_NOT_PRODUCTION,8628.5404,7944.3103,167.8492,197,185,-0.01945279,,-0.01945279,-0.01945279,-167.8492,8628.5404,OK,0.0000,6.7140,4.0000,96.0000,AG03-UNRESOLVED,ALL5_LEVELS_bet23_to_bet27,6.7140,6.7140,6.7140,8.3925,8.3925,4.000000,4.000000,4.000000,5.000000,5.000000,96.000000,96.000000,96.000000,95.000000,95.000000,5.0,36.9268,33.8259,130.9224,134.0233,PENDING_AG03,FALSE,NOT_FOR_ENFORCEMENT,161.1352,7626.5379,167.8492,161.1352,6.7140,0.01945279,0.01867468,6.7140,161.1352,0.01867468,6.7140,6.7140,6.7140,8.3925,8.3925,161.1352,0.01867468,36.9268,33.8259,130.9224,134.0233,0.01517318,0.01553255,0.00077811,43.7997,42.9422,0.9073,27.9749,5.9946,1438.0901,30.8333,,43.7997,25.8488,27.223,61.3826,78.5279,105.3844,130.8798,26.176,-2.6176,3.871153,4.807692,1.608923,8,24,6,5,0E-8,0.01945279,,0E-8,0.000000,0.920702,0.000000,,2026-03-27,2026-06-10,6,28,15,76,0.078947,,,0.000000,,,,,,,,GLOBAL_BASELINE_NO_ENTITY_RANKING,,,NOT_APPLICABLE_GLOBAL_BASELINE,HF9g-P5,,,,X 全窗基线 · 不参与实体赏罚,6871000,688,A168_HF9F_20260827_0900,2026-08-27 09:00:00
2026-05-01,134454062,-1,1,365.8346738622,287.8677806030,287.8677806030,1.0000000,5,4,0.49980253421052750,0.453469062500,1.7327349842572914,1.901490549885619,1.7327349842572914,0.04633347171052750,SENTINEL_DEALER,R03b_20260811_FULL_v1,L1_ELIGIBILITY,v2026-08-11,2026-03-21..2026-08-06,baccarat_bet02_101_all_pairs_incl_sentinel,round_win = game_pnl > 0 (decisive only),COMPATIBILITY_ONLY_NOT_PRODUCTION,3889.6900,3402.3708,167.8491,42,35,-0.04315231,,-0.04315231,-0.04315231,-167.8491,3889.6900,OK,0.0000,6.7140,4.0000,96.0000,AG03-UNRESOLVED,ALL5_LEVELS_bet23_to_bet27,6.7140,6.7140,6.7140,8.3925,8.3925,4.000000,4.000000,4.000000,5.000000,5.000000,96.000000,96.000000,96.000000,95.000000,95.000000,5.0,36.9268,33.8259,130.9223,134.0232,PENDING_AG03,FALSE,NOT_FOR_ENFORCEMENT,161.1352,3266.2760,167.8491,161.1352,6.7140,0.04315231,0.04142622,6.7140,161.1352,0.04142622,6.7140,6.7140,6.7140,8.3925,8.3925,161.1352,0.04142622,36.9268,33.8259,130.9223,134.0232,0.03365880,0.03445601,0.00172609,92.6117,97.2106,4.7957,55.9497,6.7140,1296.5633,11.6667,,92.6117,51.8914,85.6209,129.7286,158.1505,167.7495,259.4572,77.8372,-2.5946,1.959212,3.030303,1.081648,17,24,3,3,0E-8,0.04315231,,0E-8,0.000000,0.874715,0.000000,,2026-05-01,2026-06-21,3,25,24,52,0.057692,,,0.000000,,,,,,,,GLOBAL_BASELINE_NO_ENTITY_RANKING,,,NOT_APPLICABLE_GLOBAL_BASELINE,HF9g-P5,,,,X 全窗基线 · 不参与实体赏罚,6871001,688,A168_HF9F_20260827_0900,2026-08-27 09:00:00
2026-05-01,134454062,1302,0,129.7286077526,0E-10,0E-10,,1,1,0.50665070000000000,0.506650700000,,,,0E-17,NO_DECISIVE_ROUND,R03b_20260811_FULL_v1,L1_ELIGIBILITY,v2026-08-11,2026-03-21..2026-08-06,baccarat_bet02_101_all_pairs_incl_sentinel,round_win = game_pnl > 0 (decisive only),COMPATIBILITY_ONLY_NOT_PRODUCTION,3889.6900,3402.3708,167.8491,42,35,-0.04315231,,-0.04315231,-0.04315231,-167.8491,3889.6900,OK,0.0000,6.7140,4.0000,96.0000,AG03-UNRESOLVED,ALL5_LEVELS_bet23_to_bet27,6.7140,6.7140,6.7140,8.3925,8.3925,4.000000,4.000000,4.000000,5.000000,5.000000,96.000000,96.000000,96.000000,95.000000,95.000000,5.0,36.9268,33.8259,130.9223,134.0232,PENDING_AG03,FALSE,NOT_FOR_ENFORCEMENT,161.1352,3266.2760,167.8491,161.1352,6.7140,0.04315231,0.04142622,6.7140,161.1352,0.04142622,6.7140,6.7140,6.7140,8.3925,8.3925,161.1352,0.04142622,36.9268,33.8259,130.9223,134.0232,0.03365880,0.03445601,0.00172609,92.6117,97.2106,4.7957,55.9497,6.7140,1296.5633,11.6667,,92.6117,51.8914,85.6209,129.7286,158.1505,167.7495,259.4572,77.8372,-2.5946,1.959212,3.030303,1.081648,17,24,3,3,0E-8,0.04315231,,0E-8,0.000000,0.874715,0.000000,,2026-05-01,2026-06-21,3,25,24,52,0.057692,,,0.000000,,,,,,,,GLOBAL_BASELINE_NO_ENTITY_RANKING,,,NOT_APPLICABLE_GLOBAL_BASELINE,HF9g-P5,,,,X 全窗基线 · 不参与实体赏罚,6871002,688,A168_HF9F_20260827_0900,2026-08-27 09:00:00
2026-05-01,134454062,1370,0,77.8371646515,-77.8371646515,-77.8371646515,0E-7,1,1,0.50665070000000000,0.506650700000,-1.013391052207602,-1.013391052207602,-1.013391052207602,0E-17,ELIGIBLE,R03b_20260811_FULL_v1,L1_ELIGIBILITY,v2026-08-11,2026-03-21..2026-08-06,baccarat_bet02_101_all_pairs_incl_sentinel,round_win = game_pnl > 0 (decisive only),COMPATIBILITY_ONLY_NOT_PRODUCTION,3889.6900,3402.3708,167.8491,42,35,-0.04315231,,-0.04315231,-0.04315231,-167.8491,3889.6900,OK,0.0000,6.7140,4.0000,96.0000,AG03-UNRESOLVED,ALL5_LEVELS_bet23_to_bet27,6.7140,6.7140,6.7140,8.3925,8.3925,4.000000,4.000000,4.000000,5.000000,5.000000,96.000000,96.000000,96.000000,95.000000,95.000000,5.0,36.9268,33.8259,130.9223,134.0232,PENDING_AG03,FALSE,NOT_FOR_ENFORCEMENT,161.1352,3266.2760,167.8491,161.1352,6.7140,0.04315231,0.04142622,6.7140,161.1352,0.04142622,6.7140,6.7140,6.7140,8.3925,8.3925,161.1352,0.04142622,36.9268,33.8259,130.9223,134.0232,0.03365880,0.03445601,0.00172609,92.6117,97.2106,4.7957,55.9497,6.7140,1296.5633,11.6667,,92.6117,51.8914,85.6209,129.7286,158.1505,167.7495,259.4572,77.8372,-2.5946,1.959212,3.030303,1.081648,17,24,3,3,0E-8,0.04315231,,0E-8,0.000000,0.874715,0.000000,,2026-05-01,2026-06-21,3,25,24,52,0.057692,,,0.000000,,,,,,,,GLOBAL_BASELINE_NO_ENTITY_RANKING,,,NOT_APPLICABLE_GLOBAL_BASELINE,HF9g-P5,,,,X 全窗基线 · 不参与实体赏罚,6871003,688,A168_HF9F_20260827_0900,2026-08-27 09:00:00
2026-05-01,134454062,1396,0,207.5657724041,177.7281926210,177.7281926210,1.0000000,3,2,0.48001596499993854,0.400287425000,1.4719130701936847,1.731014086397502,1.4719130701936847,0.07972853999993854,ELIGIBLE,R03b_20260811_FULL_v1,L1_ELIGIBILITY,v2026-08-11,2026-03-21..2026-08-06,baccarat_bet02_101_all_pairs_incl_sentinel,round_win = game_pnl > 0 (decisive only),COMPATIBILITY_ONLY_NOT_PRODUCTION,3889.6900,3402.3708,167.8491,42,35,-0.04315231,,-0.04315231,-0.04315231,-167.8491,3889.6900,OK,0.0000,6.7140,4.0000,96.0000,AG03-UNRESOLVED,ALL5_LEVELS_bet23_to_bet27,6.7140,6.7140,6.7140,8.3925,8.3925,4.000000,4.000000,4.000000,5.000000,5.000000,96.000000,96.000000,96.000000,95.000000,95.000000,5.0,36.9268,33.8259,130.9223,134.0232,PENDING_AG03,FALSE,NOT_FOR_ENFORCEMENT,161.1352,3266.2760,167.8491,161.1352,6.7140,0.04315231,0.04142622,6.7140,161.1352,0.04142622,6.7140,6.7140,6.7140,8.3925,8.3925,161.1352,0.04142622,36.9268,33.8259,130.9223,134.0232,0.03365880,0.03445601,0.00172609,92.6117,97.2106,4.7957,55.9497,6.7140,1296.5633,11.6667,,92.6117,51.8914,85.6209,129.7286,158.1505,167.7495,259.4572,77.8372,-2.5946,1.959212,3.030303,1.081648,17,24,3,3,0E-8,0.04315231,,0E-8,0.000000,0.874715,0.000000,,2026-05-01,2026-06-21,3,25,24,52,0.057692,,,0.000000,,,,,,,,GLOBAL_BASELINE_NO_ENTITY_RANKING,,,NOT_APPLICABLE_GLOBAL_BASELINE,HF9g-P5,,,,X 全窗基线 · 不参与实体赏罚,6871004,688,A168_HF9F_20260827_0900,2026-08-27 09:00:00
2026-05-01,134454062,1994,0,272.4300762804,-153.0797571480,-153.0797571480,0.3333333,4,3,0.48813469615384994,0.426805050000,-0.5363987064923309,-0.3273217721103076,-0.5363987064923309,0.06132964615384994,ELIGIBLE,R03b_20260811_FULL_v1,L1_ELIGIBILITY,v2026-08-11,2026-03-21..2026-08-06,baccarat_bet02_101_all_pairs_incl_sentinel,round_win = game_pnl > 0 (decisive only),COMPATIBILITY_ONLY_NOT_PRODUCTION,3889.6900,3402.3708,167.8491,42,35,-0.04315231,,-0.04315231,-0.04315231,-167.8491,3889.6900,OK,0.0000,6.7140,4.0000,96.0000,AG03-UNRESOLVED,ALL5_LEVELS_bet23_to_bet27,6.7140,6.7140,6.7140,8.3925,8.3925,4.000000,4.000000,4.000000,5.000000,5.000000,96.000000,96.000000,96.000000,95.000000,95.000000,5.0,36.9268,33.8259,130.9223,134.0232,PENDING_AG03,FALSE,NOT_FOR_ENFORCEMENT,161.1352,3266.2760,167.8491,161.1352,6.7140,0.04315231,0.04142622,6.7140,161.1352,0.04142622,6.7140,6.7140,6.7140,8.3925,8.3925,161.1352,0.04142622,36.9268,33.8259,130.9223,134.0232,0.03365880,0.03445601,0.00172609,92.6117,97.2106,4.7957,55.9497,6.7140,1296.5633,11.6667,,92.6117,51.8914,85.6209,129.7286,158.1505,167.7495,259.4572,77.8372,-2.5946,1.959212,3.030303,1.081648,17,24,3,3,0E-8,0.04315231,,0E-8,0.000000,0.874715,0.000000,,2026-05-01,2026-06-21,3,25,24,52,0.057692,,,0.000000,,,,,,,,GLOBAL_BASELINE_NO_ENTITY_RANKING,,,NOT_APPLICABLE_GLOBAL_BASELINE,HF9g-P5,,,,X 全窗基线 · 不参与实体赏罚,6871005,688,A168_HF9F_20260827_0900,2026-08-27 09:00:00
2026-05-01,134454062,2088,0,51.8914431010,0E-10,0E-10,,1,1,0.49324550000000000,0.493245500000,,,,0E-17,NO_DECISIVE_ROUND,R03b_20260811_FULL_v1,L1_ELIGIBILITY,v2026-08-11,2026-03-21..2026-08-06,baccarat_bet02_101_all_pairs_incl_sentinel,round_win = game_pnl > 0 (decisive only),COMPATIBILITY_ONLY_NOT_PRODUCTION,3889.6900,3402.3708,167.8491,42,35,-0.04315231,,-0.04315231,-0.04315231,-167.8491,3889.6900,OK,0.0000,6.7140,4.0000,96.0000,AG03-UNRESOLVED,ALL5_LEVELS_bet23_to_bet27,6.7140,6.7140,6.7140,8.3925,8.3925,4.000000,4.000000,4.000000,5.000000,5.000000,96.000000,96.000000,96.000000,95.000000,95.000000,5.0,36.9268,33.8259,130.9223,134.0232,PENDING_AG03,FALSE,NOT_FOR_ENFORCEMENT,161.1352,3266.2760,167.8491,161.1352,6.7140,0.04315231,0.04142622,6.7140,161.1352,0.04142622,6.7140,6.7140,6.7140,8.3925,8.3925,161.1352,0.04142622,36.9268,33.8259,130.9223,134.0232,0.03365880,0.03445601,0.00172609,92.6117,97.2106,4.7957,55.9497,6.7140,1296.5633,11.6667,,92.6117,51.8914,85.6209,129.7286,158.1505,167.7495,259.4572,77.8372,-2.5946,1.959212,3.030303,1.081648,17,24,3,3,0E-8,0.04315231,,0E-8,0.000000,0.874715,0.000000,,2026-05-01,2026-06-21,3,25,24,52,0.057692,,,0.000000,,,,,,,,GLOBAL_BASELINE_NO_ENTITY_RANKING,,,NOT_APPLICABLE_GLOBAL_BASELINE,HF9g-P5,,,,X 全窗基线 · 不参与实体赏罚,6871006,688,A168_HF9F_20260827_0900,2026-08-27 09:00:00
2026-05-01,134454062,2093,0,290.5920813659,249.0789268850,249.0789268850,1.0000000,3,2,0.46926368191484689,0.396936125000,1.503993396909469,1.7431563486697372,1.503993396909469,0.07232755691484689,ELIGIBLE,R03b_20260811_FULL_v1,L1_ELIGIBILITY,v2026-08-11,2026-03-21..2026-08-06,baccarat_bet02_101_all_pairs_incl_sentinel,round_win = game_pnl > 0 (decisive only),COMPATIBILITY_ONLY_NOT_PRODUCTION,3889.6900,3402.3708,167.8491,42,35,-0.04315231,,-0.04315231,-0.04315231,-167.8491,3889.6900,OK,0.0000,6.7140,4.0000,96.0000,AG03-UNRESOLVED,ALL5_LEVELS_bet23_to_bet27,6.7140,6.7140,6.7140,8.3925,8.3925,4.000000,4.000000,4.000000,5.000000,5.000000,96.000000,96.000000,96.000000,95.000000,95.000000,5.0,36.9268,33.8259,130.9223,134.0232,PENDING_AG03,FALSE,NOT_FOR_ENFORCEMENT,161.1352,3266.2760,167.8491,161.1352,6.7140,0.04315231,0.04142622,6.7140,161.1352,0.04142622,6.7140,6.7140,6.7140,8.3925,8.3925,161.1352,0.04142622,36.9268,33.8259,130.9223,134.0232,0.03365880,0.03445601,0.00172609,92.6117,97.2106,4.7957,55.9497,6.7140,1296.5633,11.6667,,92.6117,51.8914,85.6209,129.7286,158.1505,167.7495,259.4572,77.8372,-2.5946,1.959212,3.030303,1.081648,17,24,3,3,0E-8,0.04315231,,0E-8,0.000000,0.874715,0.000000,,2026-05-01,2026-06-21,3,25,24,52,0.057692,,,0.000000,,,,,,,,GLOBAL_BASELINE_NO_ENTITY_RANKING,,,NOT_APPLICABLE_GLOBAL_BASELINE,HF9g-P5,,,,X 全窗基线 · 不参与实体赏罚,6871007,688,A168_HF9F_20260827_0900,2026-08-27 09:00:00
2026-05-01,134454062,2106,0,181.6200508536,71.3507342640,71.3507342640,0.5000000,2,2,0.49994810000000000,0.499948100000,0.00014679536856514622,0.00014679536856514622,0.00014679536856514622,0E-17,ELIGIBLE,R03b_20260811_FULL_v1,L1_ELIGIBILITY,v2026-08-11,2026-03-21..2026-08-06,baccarat_bet02_101_all_pairs_incl_sentinel,round_win = game_pnl > 0 (decisive only),COMPATIBILITY_ONLY_NOT_PRODUCTION,3889.6900,3402.3708,167.8491,42,35,-0.04315231,,-0.04315231,-0.04315231,-167.8491,3889.6900,OK,0.0000,6.7140,4.0000,96.0000,AG03-UNRESOLVED,ALL5_LEVELS_bet23_to_bet27,6.7140,6.7140,6.7140,8.3925,8.3925,4.000000,4.000000,4.000000,5.000000,5.000000,96.000000,96.000000,96.000000,95.000000,95.000000,5.0,36.9268,33.8259,130.9223,134.0232,PENDING_AG03,FALSE,NOT_FOR_ENFORCEMENT,161.1352,3266.2760,167.8491,161.1352,6.7140,0.04315231,0.04142622,6.7140,161.1352,0.04142622,6.7140,6.7140,6.7140,8.3925,8.3925,161.1352,0.04142622,36.9268,33.8259,130.9223,134.0232,0.03365880,0.03445601,0.00172609,92.6117,97.2106,4.7957,55.9497,6.7140,1296.5633,11.6667,,92.6117,51.8914,85.6209,129.7286,158.1505,167.7495,259.4572,77.8372,-2.5946,1.959212,3.030303,1.081648,17,24,3,3,0E-8,0.04315231,,0E-8,0.000000,0.874715,0.000000,,2026-05-01,2026-06-21,3,25,24,52,0.057692,,,0.000000,,,,,,,,GLOBAL_BASELINE_NO_ENTITY_RANKING,,,NOT_APPLICABLE_GLOBAL_BASELINE,HF9g-P5,,,,X 全窗基线 · 不参与实体赏罚,6871008,688,A168_HF9F_20260827_0900,2026-08-27 09:00:00
2026-05-01,134454062,2202,0,51.8914431010,-51.8914431010,-51.8914431010,0E-7,1,1,0.49324550000000000,0.493245500000,-0.9865810262130424,-0.9865810262130424,-0.9865810262130424,0E-17,ELIGIBLE,R03b_20260811_FULL_v1,L1_ELIGIBILITY,v2026-08-11,2026-03-21..2026-08-06,baccarat_bet02_101_all_pairs_incl_sentinel,round_win = game_pnl > 0 (decisive only),COMPATIBILITY_ONLY_NOT_PRODUCTION,3889.6900,3402.3708,167.8491,42,35,-0.04315231,,-0.04315231,-0.04315231,-167.8491,3889.6900,OK,0.0000,6.7140,4.0000,96.0000,AG03-UNRESOLVED,ALL5_LEVELS_bet23_to_bet27,6.7140,6.7140,6.7140,8.3925,8.3925,4.000000,4.000000,4.000000,5.000000,5.000000,96.000000,96.000000,96.000000,95.000000,95.000000,5.0,36.9268,33.8259,130.9223,134.0232,PENDING_AG03,FALSE,NOT_FOR_ENFORCEMENT,161.1352,3266.2760,167.8491,161.1352,6.7140,0.04315231,0.04142622,6.7140,161.1352,0.04142622,6.7140,6.7140,6.7140,8.3925,8.3925,161.1352,0.04142622,36.9268,33.8259,130.9223,134.0232,0.03365880,0.03445601,0.00172609,92.6117,97.2106,4.7957,55.9497,6.7140,1296.5633,11.6667,,92.6117,51.8914,85.6209,129.7286,158.1505,167.7495,259.4572,77.8372,-2.5946,1.959212,3.030303,1.081648,17,24,3,3,0E-8,0.04315231,,0E-8,0.000000,0.874715,0.000000,,2026-05-01,2026-06-21,3,25,24,52,0.057692,,,0.000000,,,,,,,,GLOBAL_BASELINE_NO_ENTITY_RANKING,,,NOT_APPLICABLE_GLOBAL_BASELINE,HF9g-P5,,,,X 全窗基线 · 不参与实体赏罚,6871009,688,A168_HF9F_20260827_0900,2026-08-27 09:00:00
2026-05-01,134454062,2229,0,77.8371646516,103.7828862021,103.7828862021,1.0000000,2,1,0.43797604999982354,0.300626750000,1.1327973652314676,1.5252488199758223,1.1327973652314676,0.13734929999982354,ELIGIBLE,R03b_20260811_FULL_v1,L1_ELIGIBILITY,v2026-08-11,2026-03-21..2026-08-06,baccarat_bet02_101_all_pairs_incl_sentinel,round_win = game_pnl > 0 (decisive only),COMPATIBILITY_ONLY_NOT_PRODUCTION,3889.6900,3402.3708,167.8491,42,35,-0.04315231,,-0.04315231,-0.04315231,-167.8491,3889.6900,OK,0.0000,6.7140,4.0000,96.0000,AG03-UNRESOLVED,ALL5_LEVELS_bet23_to_bet27,6.7140,6.7140,6.7140,8.3925,8.3925,4.000000,4.000000,4.000000,5.000000,5.000000,96.000000,96.000000,96.000000,95.000000,95.000000,5.0,36.9268,33.8259,130.9223,134.0232,PENDING_AG03,FALSE,NOT_FOR_ENFORCEMENT,161.1352,3266.2760,167.8491,161.1352,6.7140,0.04315231,0.04142622,6.7140,161.1352,0.04142622,6.7140,6.7140,6.7140,8.3925,8.3925,161.1352,0.04142622,36.9268,33.8259,130.9223,134.0232,0.03365880,0.03445601,0.00172609,92.6117,97.2106,4.7957,55.9497,6.7140,1296.5633,11.6667,,92.6117,51.8914,85.6209,129.7286,158.1505,167.7495,259.4572,77.8372,-2.5946,1.959212,3.030303,1.081648,17,24,3,3,0E-8,0.04315231,,0E-8,0.000000,0.874715,0.000000,,2026-05-01,2026-06-21,3,25,24,52,0.057692,,,0.000000,,,,,,,,GLOBAL_BASELINE_NO_ENTITY_RANKING,,,NOT_APPLICABLE_GLOBAL_BASELINE,HF9g-P5,,,,X 全窗基线 · 不参与实体赏罚,6871010,688,A168_HF9F_20260827_0900,2026-08-27 09:00:00
2026-05-01,134454062,2271,0,129.7286077526,-129.7286077526,-129.7286077526,0E-7,1,1,0.49324550000000000,0.493245500000,-0.9865810262130424,-0.9865810262130424,-0.9865810262130424,0E-17,ELIGIBLE,R03b_20260811_FULL_v1,L1_ELIGIBILITY,v2026-08-11,2026-03-21..2026-08-06,baccarat_bet02_101_all_pairs_incl_sentinel,round_win = game_pnl > 0 (decisive only),COMPATIBILITY_ONLY_NOT_PRODUCTION,3889.6900,3402.3708,167.8491,42,35,-0.04315231,,-0.04315231,-0.04315231,-167.8491,3889.6900,OK,0.0000,6.7140,4.0000,96.0000,AG03-UNRESOLVED,ALL5_LEVELS_bet23_to_bet27,6.7140,6.7140,6.7140,8.3925,8.3925,4.000000,4.000000,4.000000,5.000000,5.000000,96.000000,96.000000,96.000000,95.000000,95.000000,5.0,36.9268,33.8259,130.9223,134.0232,PENDING_AG03,FALSE,NOT_FOR_ENFORCEMENT,161.1352,3266.2760,167.8491,161.1352,6.7140,0.04315231,0.04142622,6.7140,161.1352,0.04142622,6.7140,6.7140,6.7140,8.3925,8.3925,161.1352,0.04142622,36.9268,33.8259,130.9223,134.0232,0.03365880,0.03445601,0.00172609,92.6117,97.2106,4.7957,55.9497,6.7140,1296.5633,11.6667,,92.6117,51.8914,85.6209,129.7286,158.1505,167.7495,259.4572,77.8372,-2.5946,1.959212,3.030303,1.081648,17,24,3,3,0E-8,0.04315231,,0E-8,0.000000,0.874715,0.000000,,2026-05-01,2026-06-21,3,25,24,52,0.057692,,,0.000000,,,,,,,,GLOBAL_BASELINE_NO_ENTITY_RANKING,,,NOT_APPLICABLE_GLOBAL_BASELINE,HF9g-P5,,,,X 全窗基线 · 不参与实体赏罚,6871011,688,A168_HF9F_20260827_0900,2026-08-27 09:00:00
2026-05-01,134454062,471,0,129.7286077526,-129.7286077526,-129.7286077526,0E-7,1,1,0.49324550000000000,0.493245500000,-0.9865810262130424,-0.9865810262130424,-0.9865810262130424,0E-17,ELIGIBLE,R03b_20260811_FULL_v1,L1_ELIGIBILITY,v2026-08-11,2026-03-21..2026-08-06,baccarat_bet02_101_all_pairs_incl_sentinel,round_win = game_pnl > 0 (decisive only),COMPATIBILITY_ONLY_NOT_PRODUCTION,3889.6900,3402.3708,167.8491,42,35,-0.04315231,,-0.04315231,-0.04315231,-167.8491,3889.6900,OK,0.0000,6.7140,4.0000,96.0000,AG03-UNRESOLVED,ALL5_LEVELS_bet23_to_bet27,6.7140,6.7140,6.7140,8.3925,8.3925,4.000000,4.000000,4.000000,5.000000,5.000000,96.000000,96.000000,96.000000,95.000000,95.000000,5.0,36.9268,33.8259,130.9223,134.0232,PENDING_AG03,FALSE,NOT_FOR_ENFORCEMENT,161.1352,3266.2760,167.8491,161.1352,6.7140,0.04315231,0.04142622,6.7140,161.1352,0.04142622,6.7140,6.7140,6.7140,8.3925,8.3925,161.1352,0.04142622,36.9268,33.8259,130.9223,134.0232,0.03365880,0.03445601,0.00172609,92.6117,97.2106,4.7957,55.9497,6.7140,1296.5633,11.6667,,92.6117,51.8914,85.6209,129.7286,158.1505,167.7495,259.4572,77.8372,-2.5946,1.959212,3.030303,1.081648,17,24,3,3,0E-8,0.04315231,,0E-8,0.000000,0.874715,0.000000,,2026-05-01,2026-06-21,3,25,24,52,0.057692,,,0.000000,,,,,,,,GLOBAL_BASELINE_NO_ENTITY_RANKING,,,NOT_APPLICABLE_GLOBAL_BASELINE,HF9g-P5,,,,X 全窗基线 · 不参与实体赏罚,6871012,688,A168_HF9F_20260827_0900,2026-08-27 09:00:00
2026-05-01,134454062,583,0,90.8100254268,-90.8100254268,-90.8100254268,0E-7,1,1,0.49324550000000000,0.493245500000,-0.9865810262130424,-0.9865810262130424,-0.9865810262130424,0E-17,ELIGIBLE,R03b_20260811_FULL_v1,L1_ELIGIBILITY,v2026-08-11,2026-03-21..2026-08-06,baccarat_bet02_101_all_pairs_incl_sentinel,round_win = game_pnl > 0 (decisive only),COMPATIBILITY_ONLY_NOT_PRODUCTION,3889.6900,3402.3708,167.8491,42,35,-0.04315231,,-0.04315231,-0.04315231,-167.8491,3889.6900,OK,0.0000,6.7140,4.0000,96.0000,AG03-UNRESOLVED,ALL5_LEVELS_bet23_to_bet27,6.7140,6.7140,6.7140,8.3925,8.3925,4.000000,4.000000,4.000000,5.000000,5.000000,96.000000,96.000000,96.000000,95.000000,95.000000,5.0,36.9268,33.8259,130.9223,134.0232,PENDING_AG03,FALSE,NOT_FOR_ENFORCEMENT,161.1352,3266.2760,167.8491,161.1352,6.7140,0.04315231,0.04142622,6.7140,161.1352,0.04142622,6.7140,6.7140,6.7140,8.3925,8.3925,161.1352,0.04142622,36.9268,33.8259,130.9223,134.0232,0.03365880,0.03445601,0.00172609,92.6117,97.2106,4.7957,55.9497,6.7140,1296.5633,11.6667,,92.6117,51.8914,85.6209,129.7286,158.1505,167.7495,259.4572,77.8372,-2.5946,1.959212,3.030303,1.081648,17,24,3,3,0E-8,0.04315231,,0E-8,0.000000,0.874715,0.000000,,2026-05-01,2026-06-21,3,25,24,52,0.057692,,,0.000000,,,,,,,,GLOBAL_BASELINE_NO_ENTITY_RANKING,,,NOT_APPLICABLE_GLOBAL_BASELINE,HF9g-P5,,,,X 全窗基线 · 不参与实体赏罚,6871013,688,A168_HF9F_20260827_0900,2026-08-27 09:00:00
2026-05-01,134454062,989,0,259.4572155052,227.6737066058,227.6737066058,1.0000000,3,2,0.48182797727267648,0.400287425000,1.4665807200696555,1.731014086397502,1.4665807200696555,0.08154055227267648,ELIGIBLE,R03b_20260811_FULL_v1,L1_ELIGIBILITY,v2026-08-11,2026-03-21..2026-08-06,baccarat_bet02_101_all_pairs_incl_sentinel,round_win = game_pnl > 0 (decisive only),COMPATIBILITY_ONLY_NOT_PRODUCTION,3889.6900,3402.3708,167.8491,42,35,-0.04315231,,-0.04315231,-0.04315231,-167.8491,3889.6900,OK,0.0000,6.7140,4.0000,96.0000,AG03-UNRESOLVED,ALL5_LEVELS_bet23_to_bet27,6.7140,6.7140,6.7140,8.3925,8.3925,4.000000,4.000000,4.000000,5.000000,5.000000,96.000000,96.000000,96.000000,95.000000,95.000000,5.0,36.9268,33.8259,130.9223,134.0232,PENDING_AG03,FALSE,NOT_FOR_ENFORCEMENT,161.1352,3266.2760,167.8491,161.1352,6.7140,0.04315231,0.04142622,6.7140,161.1352,0.04142622,6.7140,6.7140,6.7140,8.3925,8.3925,161.1352,0.04142622,36.9268,33.8259,130.9223,134.0232,0.03365880,0.03445601,0.00172609,92.6117,97.2106,4.7957,55.9497,6.7140,1296.5633,11.6667,,92.6117,51.8914,85.6209,129.7286,158.1505,167.7495,259.4572,77.8372,-2.5946,1.959212,3.030303,1.081648,17,24,3,3,0E-8,0.04315231,,0E-8,0.000000,0.874715,0.000000,,2026-05-01,2026-06-21,3,25,24,52,0.057692,,,0.000000,,,,,,,,GLOBAL_BASELINE_NO_ENTITY_RANKING,,,NOT_APPLICABLE_GLOBAL_BASELINE,HF9g-P5,,,,X 全窗基线 · 不参与实体赏罚,6871014,688,A168_HF9F_20260827_0900,2026-08-27 09:00:00
2026-05-03,134454062,2224,0,259.4572155052,-259.4572155052,-259.4572155052,0E-7,1,1,0.49324550000000000,0.493245500000,-0.9865810262130424,-0.9865810262130424,-0.9865810262130424,0E-17,ELIGIBLE,R03b_20260811_FULL_v1,L1_ELIGIBILITY,v2026-08-11,2026-03-21..2026-08-06,baccarat_bet02_101_all_pairs_incl_sentinel,round_win = game_pnl > 0 (decisive only),COMPATIBILITY_ONLY_NOT_PRODUCTION,3889.6900,3402.3708,167.8491,42,35,-0.04315231,,-0.04315231,-0.04315231,-167.8491,3889.6900,OK,0.0000,6.7140,4.0000,96.0000,AG03-UNRESOLVED,ALL5_LEVELS_bet23_to_bet27,6.7140,6.7140,6.7140,8.3925,8.3925,4.000000,4.000000,4.000000,5.000000,5.000000,96.000000,96.000000,96.000000,95.000000,95.000000,5.0,36.9268,33.8259,130.9223,134.0232,PENDING_AG03,FALSE,NOT_FOR_ENFORCEMENT,161.1352,3266.2760,167.8491,161.1352,6.7140,0.04315231,0.04142622,6.7140,161.1352,0.04142622,6.7140,6.7140,6.7140,8.3925,8.3925,161.1352,0.04142622,36.9268,33.8259,130.9223,134.0232,0.03365880,0.03445601,0.00172609,92.6117,97.2106,4.7957,55.9497,6.7140,1296.5633,11.6667,,92.6117,51.8914,85.6209,129.7286,158.1505,167.7495,259.4572,77.8372,-2.5946,1.959212,3.030303,1.081648,17,24,3,3,0E-8,0.04315231,,0E-8,0.000000,0.874715,0.000000,,2026-05-01,2026-06-21,3,25,24,52,0.057692,,,0.000000,,,,,,,,GLOBAL_BASELINE_NO_ENTITY_RANKING,,,NOT_APPLICABLE_GLOBAL_BASELINE,HF9g-P5,,,,X 全窗基线 · 不参与实体赏罚,6871015,688,A168_HF9F_20260827_0900,2026-08-27 09:00:00
2026-05-03,134454062,526,0,129.7286077526,-129.7286077526,-129.7286077526,0E-7,1,1,0.49324550000000000,0.493245500000,-0.9865810262130424,-0.9865810262130424,-0.9865810262130424,0E-17,ELIGIBLE,R03b_20260811_FULL_v1,L1_ELIGIBILITY,v2026-08-11,2026-03-21..2026-08-06,baccarat_bet02_101_all_pairs_incl_sentinel,round_win = game_pnl > 0 (decisive only),COMPATIBILITY_ONLY_NOT_PRODUCTION,3889.6900,3402.3708,167.8491,42,35,-0.04315231,,-0.04315231,-0.04315231,-167.8491,3889.6900,OK,0.0000,6.7140,4.0000,96.0000,AG03-UNRESOLVED,ALL5_LEVELS_bet23_to_bet27,6.7140,6.7140,6.7140,8.3925,8.3925,4.000000,4.000000,4.000000,5.000000,5.000000,96.000000,96.000000,96.000000,95.000000,95.000000,5.0,36.9268,33.8259,130.9223,134.0232,PENDING_AG03,FALSE,NOT_FOR_ENFORCEMENT,161.1352,3266.2760,167.8491,161.1352,6.7140,0.04315231,0.04142622,6.7140,161.1352,0.04142622,6.7140,6.7140,6.7140,8.3925,8.3925,161.1352,0.04142622,36.9268,33.8259,130.9223,134.0232,0.03365880,0.03445601,0.00172609,92.6117,97.2106,4.7957,55.9497,6.7140,1296.5633,11.6667,,92.6117,51.8914,85.6209,129.7286,158.1505,167.7495,259.4572,77.8372,-2.5946,1.959212,3.030303,1.081648,17,24,3,3,0E-8,0.04315231,,0E-8,0.000000,0.874715,0.000000,,2026-05-01,2026-06-21,3,25,24,52,0.057692,,,0.000000,,,,,,,,GLOBAL_BASELINE_NO_ENTITY_RANKING,,,NOT_APPLICABLE_GLOBAL_BASELINE,HF9g-P5,,,,X 全窗基线 · 不参与实体赏罚,6871016,688,A168_HF9F_20260827_0900,2026-08-27 09:00:00
2026-05-03,134454062,925,0,129.7286077526,0E-10,0E-10,,1,1,0.50665070000000000,0.506650700000,,,,0E-17,NO_DECISIVE_ROUND,R03b_20260811_FULL_v1,L1_ELIGIBILITY,v2026-08-11,2026-03-21..2026-08-06,baccarat_bet02_101_all_pairs_incl_sentinel,round_win = game_pnl > 0 (decisive only),COMPATIBILITY_ONLY_NOT_PRODUCTION,3889.6900,3402.3708,167.8491,42,35,-0.04315231,,-0.04315231,-0.04315231,-167.8491,3889.6900,OK,0.0000,6.7140,4.0000,96.0000,AG03-UNRESOLVED,ALL5_LEVELS_bet23_to_bet27,6.7140,6.7140,6.7140,8.3925,8.3925,4.000000,4.000000,4.000000,5.000000,5.000000,96.000000,96.000000,96.000000,95.000000,95.000000,5.0,36.9268,33.8259,130.9223,134.0232,PENDING_AG03,FALSE,NOT_FOR_ENFORCEMENT,161.1352,3266.2760,167.8491,161.1352,6.7140,0.04315231,0.04142622,6.7140,161.1352,0.04142622,6.7140,6.7140,6.7140,8.3925,8.3925,161.1352,0.04142622,36.9268,33.8259,130.9223,134.0232,0.03365880,0.03445601,0.00172609,92.6117,97.2106,4.7957,55.9497,6.7140,1296.5633,11.6667,,92.6117,51.8914,85.6209,129.7286,158.1505,167.7495,259.4572,77.8372,-2.5946,1.959212,3.030303,1.081648,17,24,3,3,0E-8,0.04315231,,0E-8,0.000000,0.874715,0.000000,,2026-05-01,2026-06-21,3,25,24,52,0.057692,,,0.000000,,,,,,,,GLOBAL_BASELINE_NO_ENTITY_RANKING,,,NOT_APPLICABLE_GLOBAL_BASELINE,HF9g-P5,,,,X 全窗基线 · 不参与实体赏罚,6871017,688,A168_HF9F_20260827_0900,2026-08-27 09:00:00
2026-06-21,134454062,-1,1,51.4310695091,-51.4310695091,-51.4310695091,0E-7,1,1,0.50665070000000000,0.506650700000,-1.013391052207602,-1.013391052207602,-1.013391052207602,0E-17,SENTINEL_DEALER,R03b_20260811_FULL_v1,L1_ELIGIBILITY,v2026-08-11,2026-03-21..2026-08-06,baccarat_bet02_101_all_pairs_incl_sentinel,round_win = game_pnl > 0 (decisive only),COMPATIBILITY_ONLY_NOT_PRODUCTION,3889.6900,3402.3708,167.8491,42,35,-0.04315231,,-0.04315231,-0.04315231,-167.8491,3889.6900,OK,0.0000,6.7140,4.0000,96.0000,AG03-UNRESOLVED,ALL5_LEVELS_bet23_to_bet27,6.7140,6.7140,6.7140,8.3925,8.3925,4.000000,4.000000,4.000000,5.000000,5.000000,96.000000,96.000000,96.000000,95.000000,95.000000,5.0,36.9268,33.8259,130.9223,134.0232,PENDING_AG03,FALSE,NOT_FOR_ENFORCEMENT,161.1352,3266.2760,167.8491,161.1352,6.7140,0.04315231,0.04142622,6.7140,161.1352,0.04142622,6.7140,6.7140,6.7140,8.3925,8.3925,161.1352,0.04142622,36.9268,33.8259,130.9223,134.0232,0.03365880,0.03445601,0.00172609,92.6117,97.2106,4.7957,55.9497,6.7140,1296.5633,11.6667,,92.6117,51.8914,85.6209,129.7286,158.1505,167.7495,259.4572,77.8372,-2.5946,1.959212,3.030303,1.081648,17,24,3,3,0E-8,0.04315231,,0E-8,0.000000,0.874715,0.000000,,2026-05-01,2026-06-21,3,25,24,52,0.057692,,,0.000000,,,,,,,,GLOBAL_BASELINE_NO_ENTITY_RANKING,,,NOT_APPLICABLE_GLOBAL_BASELINE,HF9g-P5,,,,X 全窗基线 · 不参与实体赏罚,6871018,688,A168_HF9F_20260827_0900,2026-08-27 09:00:00
2026-06-21,134454062,1299,0,51.4310695091,0E-10,0E-10,,1,1,0.50665070000000000,0.506650700000,,,,0E-17,NO_DECISIVE_ROUND,R03b_20260811_FULL_v1,L1_ELIGIBILITY,v2026-08-11,2026-03-21..2026-08-06,baccarat_bet02_101_all_pairs_incl_sentinel,round_win = game_pnl > 0 (decisive only),COMPATIBILITY_ONLY_NOT_PRODUCTION,3889.6900,3402.3708,167.8491,42,35,-0.04315231,,-0.04315231,-0.04315231,-167.8491,3889.6900,OK,0.0000,6.7140,4.0000,96.0000,AG03-UNRESOLVED,ALL5_LEVELS_bet23_to_bet27,6.7140,6.7140,6.7140,8.3925,8.3925,4.000000,4.000000,4.000000,5.000000,5.000000,96.000000,96.000000,96.000000,95.000000,95.000000,5.0,36.9268,33.8259,130.9223,134.0232,PENDING_AG03,FALSE,NOT_FOR_ENFORCEMENT,161.1352,3266.2760,167.8491,161.1352,6.7140,0.04315231,0.04142622,6.7140,161.1352,0.04142622,6.7140,6.7140,6.7140,8.3925,8.3925,161.1352,0.04142622,36.9268,33.8259,130.9223,134.0232,0.03365880,0.03445601,0.00172609,92.6117,97.2106,4.7957,55.9497,6.7140,1296.5633,11.6667,,92.6117,51.8914,85.6209,129.7286,158.1505,167.7495,259.4572,77.8372,-2.5946,1.959212,3.030303,1.081648,17,24,3,3,0E-8,0.04315231,,0E-8,0.000000,0.874715,0.000000,,2026-05-01,2026-06-21,3,25,24,52,0.057692,,,0.000000,,,,,,,,GLOBAL_BASELINE_NO_ENTITY_RANKING,,,NOT_APPLICABLE_GLOBAL_BASELINE,HF9g-P5,,,,X 全窗基线 · 不参与实体赏罚,6871019,688,A168_HF9F_20260827_0900,2026-08-27 09:00:00
2026-06-21,134454062,1331,0,77.1466042636,77.1466042636,77.1466042636,1.0000000,1,1,0.49324550000000000,0.493245500000,1.01360149184955,1.01360149184955,1.01360149184955,0E-17,ELIGIBLE,R03b_20260811_FULL_v1,L1_ELIGIBILITY,v2026-08-11,2026-03-21..2026-08-06,baccarat_bet02_101_all_pairs_incl_sentinel,round_win = game_pnl > 0 (decisive only),COMPATIBILITY_ONLY_NOT_PRODUCTION,3889.6900,3402.3708,167.8491,42,35,-0.04315231,,-0.04315231,-0.04315231,-167.8491,3889.6900,OK,0.0000,6.7140,4.0000,96.0000,AG03-UNRESOLVED,ALL5_LEVELS_bet23_to_bet27,6.7140,6.7140,6.7140,8.3925,8.3925,4.000000,4.000000,4.000000,5.000000,5.000000,96.000000,96.000000,96.000000,95.000000,95.000000,5.0,36.9268,33.8259,130.9223,134.0232,PENDING_AG03,FALSE,NOT_FOR_ENFORCEMENT,161.1352,3266.2760,167.8491,161.1352,6.7140,0.04315231,0.04142622,6.7140,161.1352,0.04142622,6.7140,6.7140,6.7140,8.3925,8.3925,161.1352,0.04142622,36.9268,33.8259,130.9223,134.0232,0.03365880,0.03445601,0.00172609,92.6117,97.2106,4.7957,55.9497,6.7140,1296.5633,11.6667,,92.6117,51.8914,85.6209,129.7286,158.1505,167.7495,259.4572,77.8372,-2.5946,1.959212,3.030303,1.081648,17,24,3,3,0E-8,0.04315231,,0E-8,0.000000,0.874715,0.000000,,2026-05-01,2026-06-21,3,25,24,52,0.057692,,,0.000000,,,,,,,,GLOBAL_BASELINE_NO_ENTITY_RANKING,,,NOT_APPLICABLE_GLOBAL_BASELINE,HF9g-P5,,,,X 全窗基线 · 不参与实体赏罚,6871020,688,A168_HF9F_20260827_0900,2026-08-27 09:00:00
2026-06-21,134454062,1401,0,128.5776737727,122.1487900841,122.1487900841,1.0000000,1,1,0.50665070000000000,0.506650700000,0.9867858985152569,0.9867858985152569,0.9867858985152569,0E-17,ELIGIBLE,R03b_20260811_FULL_v1,L1_ELIGIBILITY,v2026-08-11,2026-03-21..2026-08-06,baccarat_bet02_101_all_pairs_incl_sentinel,round_win = game_pnl > 0 (decisive only),COMPATIBILITY_ONLY_NOT_PRODUCTION,3889.6900,3402.3708,167.8491,42,35,-0.04315231,,-0.04315231,-0.04315231,-167.8491,3889.6900,OK,0.0000,6.7140,4.0000,96.0000,AG03-UNRESOLVED,ALL5_LEVELS_bet23_to_bet27,6.7140,6.7140,6.7140,8.3925,8.3925,4.000000,4.000000,4.000000,5.000000,5.000000,96.000000,96.000000,96.000000,95.000000,95.000000,5.0,36.9268,33.8259,130.9223,134.0232,PENDING_AG03,FALSE,NOT_FOR_ENFORCEMENT,161.1352,3266.2760,167.8491,161.1352,6.7140,0.04315231,0.04142622,6.7140,161.1352,0.04142622,6.7140,6.7140,6.7140,8.3925,8.3925,161.1352,0.04142622,36.9268,33.8259,130.9223,134.0232,0.03365880,0.03445601,0.00172609,92.6117,97.2106,4.7957,55.9497,6.7140,1296.5633,11.6667,,92.6117,51.8914,85.6209,129.7286,158.1505,167.7495,259.4572,77.8372,-2.5946,1.959212,3.030303,1.081648,17,24,3,3,0E-8,0.04315231,,0E-8,0.000000,0.874715,0.000000,,2026-05-01,2026-06-21,3,25,24,52,0.057692,,,0.000000,,,,,,,,GLOBAL_BASELINE_NO_ENTITY_RANKING,,,NOT_APPLICABLE_GLOBAL_BASELINE,HF9g-P5,,,,X 全窗基线 · 不参与实体赏罚,6871021,688,A168_HF9F_20260827_0900,2026-08-27 09:00:00
2026-06-21,134454062,1509,0,115.2055957004,-115.2055957004,-115.2055957004,0E-7,1,1,0.50665070000000000,0.506650700000,-1.013391052207602,-1.013391052207602,-1.013391052207602,0E-17,ELIGIBLE,R03b_20260811_FULL_v1,L1_ELIGIBILITY,v2026-08-11,2026-03-21..2026-08-06,baccarat_bet02_101_all_pairs_incl_sentinel,round_win = game_pnl > 0 (decisive only),COMPATIBILITY_ONLY_NOT_PRODUCTION,3889.6900,3402.3708,167.8491,42,35,-0.04315231,,-0.04315231,-0.04315231,-167.8491,3889.6900,OK,0.0000,6.7140,4.0000,96.0000,AG03-UNRESOLVED,ALL5_LEVELS_bet23_to_bet27,6.7140,6.7140,6.7140,8.3925,8.3925,4.000000,4.000000,4.000000,5.000000,5.000000,96.000000,96.000000,96.000000,95.000000,95.000000,5.0,36.9268,33.8259,130.9223,134.0232,PENDING_AG03,FALSE,NOT_FOR_ENFORCEMENT,161.1352,3266.2760,167.8491,161.1352,6.7140,0.04315231,0.04142622,6.7140,161.1352,0.04142622,6.7140,6.7140,6.7140,8.3925,8.3925,161.1352,0.04142622,36.9268,33.8259,130.9223,134.0232,0.03365880,0.03445601,0.00172609,92.6117,97.2106,4.7957,55.9497,6.7140,1296.5633,11.6667,,92.6117,51.8914,85.6209,129.7286,158.1505,167.7495,259.4572,77.8372,-2.5946,1.959212,3.030303,1.081648,17,24,3,3,0E-8,0.04315231,,0E-8,0.000000,0.874715,0.000000,,2026-05-01,2026-06-21,3,25,24,52,0.057692,,,0.000000,,,,,,,,GLOBAL_BASELINE_NO_ENTITY_RANKING,,,NOT_APPLICABLE_GLOBAL_BASELINE,HF9g-P5,,,,X 全窗基线 · 不参与实体赏罚,6871022,688,A168_HF9F_20260827_0900,2026-08-27 09:00:00
2026-06-21,134454062,1704,0,128.5776737727,-128.5776737727,-128.5776737727,0E-7,1,1,0.50665070000000000,0.506650700000,-1.013391052207602,-1.013391052207602,-1.013391052207602,0E-17,ELIGIBLE,R03b_20260811_FULL_v1,L1_ELIGIBILITY,v2026-08-11,2026-03-21..2026-08-06,baccarat_bet02_101_all_pairs_incl_sentinel,round_win = game_pnl > 0 (decisive only),COMPATIBILITY_ONLY_NOT_PRODUCTION,3889.6900,3402.3708,167.8491,42,35,-0.04315231,,-0.04315231,-0.04315231,-167.8491,3889.6900,OK,0.0000,6.7140,4.0000,96.0000,AG03-UNRESOLVED,ALL5_LEVELS_bet23_to_bet27,6.7140,6.7140,6.7140,8.3925,8.3925,4.000000,4.000000,4.000000,5.000000,5.000000,96.000000,96.000000,96.000000,95.000000,95.000000,5.0,36.9268,33.8259,130.9223,134.0232,PENDING_AG03,FALSE,NOT_FOR_ENFORCEMENT,161.1352,3266.2760,167.8491,161.1352,6.7140,0.04315231,0.04142622,6.7140,161.1352,0.04142622,6.7140,6.7140,6.7140,8.3925,8.3925,161.1352,0.04142622,36.9268,33.8259,130.9223,134.0232,0.03365880,0.03445601,0.00172609,92.6117,97.2106,4.7957,55.9497,6.7140,1296.5633,11.6667,,92.6117,51.8914,85.6209,129.7286,158.1505,167.7495,259.4572,77.8372,-2.5946,1.959212,3.030303,1.081648,17,24,3,3,0E-8,0.04315231,,0E-8,0.000000,0.874715,0.000000,,2026-05-01,2026-06-21,3,25,24,52,0.057692,,,0.000000,,,,,,,,GLOBAL_BASELINE_NO_ENTITY_RANKING,,,NOT_APPLICABLE_GLOBAL_BASELINE,HF9g-P5,,,,X 全窗基线 · 不参与实体赏罚,6871023,688,A168_HF9F_20260827_0900,2026-08-27 09:00:00
2026-06-21,134454062,2153,0,334.3019518091,-1E-10,-1E-10,0.5000000,3,2,0.47900826071425408,0.393584825000,0.05942600039462975,0.308045137873246,0.05942600039462975,0.08542343571425408,ELIGIBLE,R03b_20260811_FULL_v1,L1_ELIGIBILITY,v2026-08-11,2026-03-21..2026-08-06,baccarat_bet02_101_all_pairs_incl_sentinel,round_win = game_pnl > 0 (decisive only),COMPATIBILITY_ONLY_NOT_PRODUCTION,3889.6900,3402.3708,167.8491,42,35,-0.04315231,,-0.04315231,-0.04315231,-167.8491,3889.6900,OK,0.0000,6.7140,4.0000,96.0000,AG03-UNRESOLVED,ALL5_LEVELS_bet23_to_bet27,6.7140,6.7140,6.7140,8.3925,8.3925,4.000000,4.000000,4.000000,5.000000,5.000000,96.000000,96.000000,96.000000,95.000000,95.000000,5.0,36.9268,33.8259,130.9223,134.0232,PENDING_AG03,FALSE,NOT_FOR_ENFORCEMENT,161.1352,3266.2760,167.8491,161.1352,6.7140,0.04315231,0.04142622,6.7140,161.1352,0.04142622,6.7140,6.7140,6.7140,8.3925,8.3925,161.1352,0.04142622,36.9268,33.8259,130.9223,134.0232,0.03365880,0.03445601,0.00172609,92.6117,97.2106,4.7957,55.9497,6.7140,1296.5633,11.6667,,92.6117,51.8914,85.6209,129.7286,158.1505,167.7495,259.4572,77.8372,-2.5946,1.959212,3.030303,1.081648,17,24,3,3,0E-8,0.04315231,,0E-8,0.000000,0.874715,0.000000,,2026-05-01,2026-06-21,3,25,24,52,0.057692,,,0.000000,,,,,,,,GLOBAL_BASELINE_NO_ENTITY_RANKING,,,NOT_APPLICABLE_GLOBAL_BASELINE,HF9g-P5,,,,X 全窗基线 · 不参与实体赏罚,6871024,688,A168_HF9F_20260827_0900,2026-08-27 09:00:00
2026-06-21,134454062,919,0,167.1509759045,-167.1509759045,-167.1509759045,0E-7,1,1,0.50665070000000000,0.506650700000,-1.013391052207602,-1.013391052207602,-1.013391052207602,0E-17,ELIGIBLE,R03b_20260811_FULL_v1,L1_ELIGIBILITY,v2026-08-11,2026-03-21..2026-08-06,baccarat_bet02_101_all_pairs_incl_sentinel,round_win = game_pnl > 0 (decisive only),COMPATIBILITY_ONLY_NOT_PRODUCTION,3889.6900,3402.3708,167.8491,42,35,-0.04315231,,-0.04315231,-0.04315231,-167.8491,3889.6900,OK,0.0000,6.7140,4.0000,96.0000,AG03-UNRESOLVED,ALL5_LEVELS_bet23_to_bet27,6.7140,6.7140,6.7140,8.3925,8.3925,4.000000,4.000000,4.000000,5.000000,5.000000,96.000000,96.000000,96.000000,95.000000,95.000000,5.0,36.9268,33.8259,130.9223,134.0232,PENDING_AG03,FALSE,NOT_FOR_ENFORCEMENT,161.1352,3266.2760,167.8491,161.1352,6.7140,0.04315231,0.04142622,6.7140,161.1352,0.04142622,6.7140,6.7140,6.7140,8.3925,8.3925,161.1352,0.04142622,36.9268,33.8259,130.9223,134.0232,0.03365880,0.03445601,0.00172609,92.6117,97.2106,4.7957,55.9497,6.7140,1296.5633,11.6667,,92.6117,51.8914,85.6209,129.7286,158.1505,167.7495,259.4572,77.8372,-2.5946,1.959212,3.030303,1.081648,17,24,3,3,0E-8,0.04315231,,0E-8,0.000000,0.874715,0.000000,,2026-05-01,2026-06-21,3,25,24,52,0.057692,,,0.000000,,,,,,,,GLOBAL_BASELINE_NO_ENTITY_RANKING,,,NOT_APPLICABLE_GLOBAL_BASELINE,HF9g-P5,,,,X 全窗基线 · 不参与实体赏罚,6871025,688,A168_HF9F_20260827_0900,2026-08-27 09:00:00
2026-05-01,149394846,-1,1,141.0000000000,-5.9500000000,-5.9500000000,0.5714286,8,8,0.50162375000000000,0.501623750000,0.36937434338991915,0.36937434338991915,0.36937434338991915,0E-17,SENTINEL_DEALER,R03b_20260811_FULL_v1,L1_ELIGIBILITY,v2026-08-11,2026-03-21..2026-08-06,baccarat_bet02_101_all_pairs_incl_sentinel,round_win = game_pnl > 0 (decisive only),COMPATIBILITY_ONLY_NOT_PRODUCTION,617.0000,554.0000,167.8500,42,42,-0.27204214,,-0.27204214,-0.27204214,-167.8500,617.0000,OK,0.0000,6.7140,4.0000,96.0000,AG03-UNRESOLVED,ALL5_LEVELS_bet23_to_bet27,6.7140,6.7140,6.7140,6.7140,6.7140,4.000000,4.000000,4.000000,4.000000,4.000000,96.000000,96.000000,96.000000,96.000000,96.000000,5.0,33.5700,30.9897,134.2800,136.8603,PENDING_AG03,FALSE,NOT_FOR_ENFORCEMENT,161.1360,531.8400,167.8500,161.1360,6.7140,0.27204214,0.26116045,6.7140,161.1360,0.26116045,6.7140,6.7140,6.7140,6.7140,6.7140,161.1360,0.26116045,33.5700,30.9897,134.2800,136.8603,0.21763371,0.22181573,0.01088169,14.6905,13.1905,3.9964,41.9625,13.9875,154.2500,10.5000,,14.6905,10.0,11.5,20.0,24.4,31.2,41.0,10.0,-5.0,2.713043,3.565217,1.277433,9,11,8,2,0E-8,0.27204214,,0E-8,0.000000,0.897893,0.000000,,2026-05-01,2026-05-05,4,12,12,5,0.800000,,,0.000000,,,,,,,,GLOBAL_BASELINE_NO_ENTITY_RANKING,,,NOT_APPLICABLE_GLOBAL_BASELINE,HF9g-P5,,,,X 全窗基线 · 不参与实体赏罚,6871026,688,A168_HF9F_20260827_0900,2026-08-27 09:00:00
2026-05-01,149394846,2088,0,60.0000000000,-40.5000000000,-40.5000000000,0.2500000,4,4,0.50329940000000000,0.503299400000,-1.013219660140378,-1.013219660140378,-1.013219660140378,0E-17,ELIGIBLE,R03b_20260811_FULL_v1,L1_ELIGIBILITY,v2026-08-11,2026-03-21..2026-08-06,baccarat_bet02_101_all_pairs_incl_sentinel,round_win = game_pnl > 0 (decisive only),COMPATIBILITY_ONLY_NOT_PRODUCTION,617.0000,554.0000,167.8500,42,42,-0.27204214,,-0.27204214,-0.27204214,-167.8500,617.0000,OK,0.0000,6.7140,4.0000,96.0000,AG03-UNRESOLVED,ALL5_LEVELS_bet23_to_bet27,6.7140,6.7140,6.7140,6.7140,6.7140,4.000000,4.000000,4.000000,4.000000,4.000000,96.000000,96.000000,96.000000,96.000000,96.000000,5.0,33.5700,30.9897,134.2800,136.8603,PENDING_AG03,FALSE,NOT_FOR_ENFORCEMENT,161.1360,531.8400,167.8500,161.1360,6.7140,0.27204214,0.26116045,6.7140,161.1360,0.26116045,6.7140,6.7140,6.7140,6.7140,6.7140,161.1360,0.26116045,33.5700,30.9897,134.2800,136.8603,0.21763371,0.22181573,0.01088169,14.6905,13.1905,3.9964,41.9625,13.9875,154.2500,10.5000,,14.6905,10.0,11.5,20.0,24.4,31.2,41.0,10.0,-5.0,2.713043,3.565217,1.277433,9,11,8,2,0E-8,0.27204214,,0E-8,0.000000,0.897893,0.000000,,2026-05-01,2026-05-05,4,12,12,5,0.800000,,,0.000000,,,,,,,,GLOBAL_BASELINE_NO_ENTITY_RANKING,,,NOT_APPLICABLE_GLOBAL_BASELINE,HF9g-P5,,,,X 全窗基线 · 不参与实体赏罚,6871027,688,A168_HF9F_20260827_0900,2026-08-27 09:00:00
2026-05-01,149394846,2093,0,62.0000000000,-2.5000000000,-2.5000000000,0.3333333,9,9,0.50218230000000000,0.502182300000,-1.0131034497211469,-1.0131034497211469,-1.0131034497211469,0E-17,ELIGIBLE,R03b_20260811_FULL_v1,L1_ELIGIBILITY,v2026-08-11,2026-03-21..2026-08-06,baccarat_bet02_101_all_pairs_incl_sentinel,round_win = game_pnl > 0 (decisive only),COMPATIBILITY_ONLY_NOT_PRODUCTION,617.0000,554.0000,167.8500,42,42,-0.27204214,,-0.27204214,-0.27204214,-167.8500,617.0000,OK,0.0000,6.7140,4.0000,96.0000,AG03-UNRESOLVED,ALL5_LEVELS_bet23_to_bet27,6.7140,6.7140,6.7140,6.7140,6.7140,4.000000,4.000000,4.000000,4.000000,4.000000,96.000000,96.000000,96.000000,96.000000,96.000000,5.0,33.5700,30.9897,134.2800,136.8603,PENDING_AG03,FALSE,NOT_FOR_ENFORCEMENT,161.1360,531.8400,167.8500,161.1360,6.7140,0.27204214,0.26116045,6.7140,161.1360,0.26116045,6.7140,6.7140,6.7140,6.7140,6.7140,161.1360,0.26116045,33.5700,30.9897,134.2800,136.8603,0.21763371,0.22181573,0.01088169,14.6905,13.1905,3.9964,41.9625,13.9875,154.2500,10.5000,,14.6905,10.0,11.5,20.0,24.4,31.2,41.0,10.0,-5.0,2.713043,3.565217,1.277433,9,11,8,2,0E-8,0.27204214,,0E-8,0.000000,0.897893,0.000000,,2026-05-01,2026-05-05,4,12,12,5,0.800000,,,0.000000,,,,,,,,GLOBAL_BASELINE_NO_ENTITY_RANKING,,,NOT_APPLICABLE_GLOBAL_BASELINE,HF9g-P5,,,,X 全窗基线 · 不参与实体赏罚,6871028,688,A168_HF9F_20260827_0900,2026-08-27 09:00:00
2026-05-01,149394846,2261,0,14.0000000000,-14.0000000000,-14.0000000000,0E-7,1,1,0.50665070000000000,0.506650700000,-1.013391052207602,-1.013391052207602,-1.013391052207602,0E-17,ELIGIBLE,R03b_20260811_FULL_v1,L1_ELIGIBILITY,v2026-08-11,2026-03-21..2026-08-06,baccarat_bet02_101_all_pairs_incl_sentinel,round_win = game_pnl > 0 (decisive only),COMPATIBILITY_ONLY_NOT_PRODUCTION,617.0000,554.0000,167.8500,42,42,-0.27204214,,-0.27204214,-0.27204214,-167.8500,617.0000,OK,0.0000,6.7140,4.0000,96.0000,AG03-UNRESOLVED,ALL5_LEVELS_bet23_to_bet27,6.7140,6.7140,6.7140,6.7140,6.7140,4.000000,4.000000,4.000000,4.000000,4.000000,96.000000,96.000000,96.000000,96.000000,96.000000,5.0,33.5700,30.9897,134.2800,136.8603,PENDING_AG03,FALSE,NOT_FOR_ENFORCEMENT,161.1360,531.8400,167.8500,161.1360,6.7140,0.27204214,0.26116045,6.7140,161.1360,0.26116045,6.7140,6.7140,6.7140,6.7140,6.7140,161.1360,0.26116045,33.5700,30.9897,134.2800,136.8603,0.21763371,0.22181573,0.01088169,14.6905,13.1905,3.9964,41.9625,13.9875,154.2500,10.5000,,14.6905,10.0,11.5,20.0,24.4,31.2,41.0,10.0,-5.0,2.713043,3.565217,1.277433,9,11,8,2,0E-8,0.27204214,,0E-8,0.000000,0.897893,0.000000,,2026-05-01,2026-05-05,4,12,12,5,0.800000,,,0.000000,,,,,,,,GLOBAL_BASELINE_NO_ENTITY_RANKING,,,NOT_APPLICABLE_GLOBAL_BASELINE,HF9g-P5,,,,X 全窗基线 · 不参与实体赏罚,6871029,688,A168_HF9F_20260827_0900,2026-08-27 09:00:00
2026-05-01,149394846,595,0,22.0000000000,20.9000000000,20.9000000000,1.0000000,1,1,0.50665070000000000,0.506650700000,0.9867858985152569,0.9867858985152569,0.9867858985152569,0E-17,ELIGIBLE,R03b_20260811_FULL_v1,L1_ELIGIBILITY,v2026-08-11,2026-03-21..2026-08-06,baccarat_bet02_101_all_pairs_incl_sentinel,round_win = game_pnl > 0 (decisive only),COMPATIBILITY_ONLY_NOT_PRODUCTION,617.0000,554.0000,167.8500,42,42,-0.27204214,,-0.27204214,-0.27204214,-167.8500,617.0000,OK,0.0000,6.7140,4.0000,96.0000,AG03-UNRESOLVED,ALL5_LEVELS_bet23_to_bet27,6.7140,6.7140,6.7140,6.7140,6.7140,4.000000,4.000000,4.000000,4.000000,4.000000,96.000000,96.000000,96.000000,96.000000,96.000000,5.0,33.5700,30.9897,134.2800,136.8603,PENDING_AG03,FALSE,NOT_FOR_ENFORCEMENT,161.1360,531.8400,167.8500,161.1360,6.7140,0.27204214,0.26116045,6.7140,161.1360,0.26116045,6.7140,6.7140,6.7140,6.7140,6.7140,161.1360,0.26116045,33.5700,30.9897,134.2800,136.8603,0.21763371,0.22181573,0.01088169,14.6905,13.1905,3.9964,41.9625,13.9875,154.2500,10.5000,,14.6905,10.0,11.5,20.0,24.4,31.2,41.0,10.0,-5.0,2.713043,3.565217,1.277433,9,11,8,2,0E-8,0.27204214,,0E-8,0.000000,0.897893,0.000000,,2026-05-01,2026-05-05,4,12,12,5,0.800000,,,0.000000,,,,,,,,GLOBAL_BASELINE_NO_ENTITY_RANKING,,,NOT_APPLICABLE_GLOBAL_BASELINE,HF9g-P5,,,,X 全窗基线 · 不参与实体赏罚,6871030,688,A168_HF9F_20260827_0900,2026-08-27 09:00:00
2026-05-02,149394846,-1,1,24.0000000000,-12.0000000000,-12.0000000000,0E-7,2,2,0.50665070000000000,0.506650700000,-1.013391052207602,-1.013391052207602,-1.013391052207602,0E-17,SENTINEL_DEALER,R03b_20260811_FULL_v1,L1_ELIGIBILITY,v2026-08-11,2026-03-21..2026-08-06,baccarat_bet02_101_all_pairs_incl_sentinel,round_win = game_pnl > 0 (decisive only),COMPATIBILITY_ONLY_NOT_PRODUCTION,617.0000,554.0000,167.8500,42,42,-0.27204214,,-0.27204214,-0.27204214,-167.8500,617.0000,OK,0.0000,6.7140,4.0000,96.0000,AG03-UNRESOLVED,ALL5_LEVELS_bet23_to_bet27,6.7140,6.7140,6.7140,6.7140,6.7140,4.000000,4.000000,4.000000,4.000000,4.000000,96.000000,96.000000,96.000000,96.000000,96.000000,5.0,33.5700,30.9897,134.2800,136.8603,PENDING_AG03,FALSE,NOT_FOR_ENFORCEMENT,161.1360,531.8400,167.8500,161.1360,6.7140,0.27204214,0.26116045,6.7140,161.1360,0.26116045,6.7140,6.7140,6.7140,6.7140,6.7140,161.1360,0.26116045,33.5700,30.9897,134.2800,136.8603,0.21763371,0.22181573,0.01088169,14.6905,13.1905,3.9964,41.9625,13.9875,154.2500,10.5000,,14.6905,10.0,11.5,20.0,24.4,31.2,41.0,10.0,-5.0,2.713043,3.565217,1.277433,9,11,8,2,0E-8,0.27204214,,0E-8,0.000000,0.897893,0.000000,,2026-05-01,2026-05-05,4,12,12,5,0.800000,,,0.000000,,,,,,,,GLOBAL_BASELINE_NO_ENTITY_RANKING,,,NOT_APPLICABLE_GLOBAL_BASELINE,HF9g-P5,,,,X 全窗基线 · 不参与实体赏罚,6871031,688,A168_HF9F_20260827_0900,2026-08-27 09:00:00
2026-05-02,149394846,1109,0,5.0000000000,5.0000000000,5.0000000000,1.0000000,1,1,0.49324550000000000,0.493245500000,1.01360149184955,1.01360149184955,1.01360149184955,0E-17,ELIGIBLE,R03b_20260811_FULL_v1,L1_ELIGIBILITY,v2026-08-11,2026-03-21..2026-08-06,baccarat_bet02_101_all_pairs_incl_sentinel,round_win = game_pnl > 0 (decisive only),COMPATIBILITY_ONLY_NOT_PRODUCTION,617.0000,554.0000,167.8500,42,42,-0.27204214,,-0.27204214,-0.27204214,-167.8500,617.0000,OK,0.0000,6.7140,4.0000,96.0000,AG03-UNRESOLVED,ALL5_LEVELS_bet23_to_bet27,6.7140,6.7140,6.7140,6.7140,6.7140,4.000000,4.000000,4.000000,4.000000,4.000000,96.000000,96.000000,96.000000,96.000000,96.000000,5.0,33.5700,30.9897,134.2800,136.8603,PENDING_AG03,FALSE,NOT_FOR_ENFORCEMENT,161.1360,531.8400,167.8500,161.1360,6.7140,0.27204214,0.26116045,6.7140,161.1360,0.26116045,6.7140,6.7140,6.7140,6.7140,6.7140,161.1360,0.26116045,33.5700,30.9897,134.2800,136.8603,0.21763371,0.22181573,0.01088169,14.6905,13.1905,3.9964,41.9625,13.9875,154.2500,10.5000,,14.6905,10.0,11.5,20.0,24.4,31.2,41.0,10.0,-5.0,2.713043,3.565217,1.277433,9,11,8,2,0E-8,0.27204214,,0E-8,0.000000,0.897893,0.000000,,2026-05-01,2026-05-05,4,12,12,5,0.800000,,,0.000000,,,,,,,,GLOBAL_BASELINE_NO_ENTITY_RANKING,,,NOT_APPLICABLE_GLOBAL_BASELINE,HF9g-P5,,,,X 全窗基线 · 不参与实体赏罚,6871032,688,A168_HF9F_20260827_0900,2026-08-27 09:00:00
2026-05-02,149394846,1623,0,83.0000000000,11.3500000000,11.3500000000,0.5000000,5,5,0.49860758000000000,0.498607580000,0.005569701597489473,0.005569701597489473,0.005569701597489473,0E-17,ELIGIBLE,R03b_20260811_FULL_v1,L1_ELIGIBILITY,v2026-08-11,2026-03-21..2026-08-06,baccarat_bet02_101_all_pairs_incl_sentinel,round_win = game_pnl > 0 (decisive only),COMPATIBILITY_ONLY_NOT_PRODUCTION,617.0000,554.0000,167.8500,42,42,-0.27204214,,-0.27204214,-0.27204214,-167.8500,617.0000,OK,0.0000,6.7140,4.0000,96.0000,AG03-UNRESOLVED,ALL5_LEVELS_bet23_to_bet27,6.7140,6.7140,6.7140,6.7140,6.7140,4.000000,4.000000,4.000000,4.000000,4.000000,96.000000,96.000000,96.000000,96.000000,96.000000,5.0,33.5700,30.9897,134.2800,136.8603,PENDING_AG03,FALSE,NOT_FOR_ENFORCEMENT,161.1360,531.8400,167.8500,161.1360,6.7140,0.27204214,0.26116045,6.7140,161.1360,0.26116045,6.7140,6.7140,6.7140,6.7140,6.7140,161.1360,0.26116045,33.5700,30.9897,134.2800,136.8603,0.21763371,0.22181573,0.01088169,14.6905,13.1905,3.9964,41.9625,13.9875,154.2500,10.5000,,14.6905,10.0,11.5,20.0,24.4,31.2,41.0,10.0,-5.0,2.713043,3.565217,1.277433,9,11,8,2,0E-8,0.27204214,,0E-8,0.000000,0.897893,0.000000,,2026-05-01,2026-05-05,4,12,12,5,0.800000,,,0.000000,,,,,,,,GLOBAL_BASELINE_NO_ENTITY_RANKING,,,NOT_APPLICABLE_GLOBAL_BASELINE,HF9g-P5,,,,X 全窗基线 · 不参与实体赏罚,6871033,688,A168_HF9F_20260827_0900,2026-08-27 09:00:00
2026-05-02,149394846,2160,0,33.0000000000,11.8500000000,11.8500000000,0.6666667,3,3,0.50665070000000000,0.506650700000,0.5543606114942035,0.5543606114942035,0.5543606114942035,0E-17,ELIGIBLE,R03b_20260811_FULL_v1,L1_ELIGIBILITY,v2026-08-11,2026-03-21..2026-08-06,baccarat_bet02_101_all_pairs_incl_sentinel,round_win = game_pnl > 0 (decisive only),COMPATIBILITY_ONLY_NOT_PRODUCTION,617.0000,554.0000,167.8500,42,42,-0.27204214,,-0.27204214,-0.27204214,-167.8500,617.0000,OK,0.0000,6.7140,4.0000,96.0000,AG03-UNRESOLVED,ALL5_LEVELS_bet23_to_bet27,6.7140,6.7140,6.7140,6.7140,6.7140,4.000000,4.000000,4.000000,4.000000,4.000000,96.000000,96.000000,96.000000,96.000000,96.000000,5.0,33.5700,30.9897,134.2800,136.8603,PENDING_AG03,FALSE,NOT_FOR_ENFORCEMENT,161.1360,531.8400,167.8500,161.1360,6.7140,0.27204214,0.26116045,6.7140,161.1360,0.26116045,6.7140,6.7140,6.7140,6.7140,6.7140,161.1360,0.26116045,33.5700,30.9897,134.2800,136.8603,0.21763371,0.22181573,0.01088169,14.6905,13.1905,3.9964,41.9625,13.9875,154.2500,10.5000,,14.6905,10.0,11.5,20.0,24.4,31.2,41.0,10.0,-5.0,2.713043,3.565217,1.277433,9,11,8,2,0E-8,0.27204214,,0E-8,0.000000,0.897893,0.000000,,2026-05-01,2026-05-05,4,12,12,5,0.800000,,,0.000000,,,,,,,,GLOBAL_BASELINE_NO_ENTITY_RANKING,,,NOT_APPLICABLE_GLOBAL_BASELINE,HF9g-P5,,,,X 全窗基线 · 不参与实体赏罚,6871034,688,A168_HF9F_20260827_0900,2026-08-27 09:00:00
2026-05-02,149394846,2218,0,42.0000000000,-21.0000000000,-21.0000000000,0E-7,2,2,0.49994810000000000,0.499948100000,-0.9998962053866608,-0.9998962053866608,-0.9998962053866608,0E-17,ELIGIBLE,R03b_20260811_FULL_v1,L1_ELIGIBILITY,v2026-08-11,2026-03-21..2026-08-06,baccarat_bet02_101_all_pairs_incl_sentinel,round_win = game_pnl > 0 (decisive only),COMPATIBILITY_ONLY_NOT_PRODUCTION,617.0000,554.0000,167.8500,42,42,-0.27204214,,-0.27204214,-0.27204214,-167.8500,617.0000,OK,0.0000,6.7140,4.0000,96.0000,AG03-UNRESOLVED,ALL5_LEVELS_bet23_to_bet27,6.7140,6.7140,6.7140,6.7140,6.7140,4.000000,4.000000,4.000000,4.000000,4.000000,96.000000,96.000000,96.000000,96.000000,96.000000,5.0,33.5700,30.9897,134.2800,136.8603,PENDING_AG03,FALSE,NOT_FOR_ENFORCEMENT,161.1360,531.8400,167.8500,161.1360,6.7140,0.27204214,0.26116045,6.7140,161.1360,0.26116045,6.7140,6.7140,6.7140,6.7140,6.7140,161.1360,0.26116045,33.5700,30.9897,134.2800,136.8603,0.21763371,0.22181573,0.01088169,14.6905,13.1905,3.9964,41.9625,13.9875,154.2500,10.5000,,14.6905,10.0,11.5,20.0,24.4,31.2,41.0,10.0,-5.0,2.713043,3.565217,1.277433,9,11,8,2,0E-8,0.27204214,,0E-8,0.000000,0.897893,0.000000,,2026-05-01,2026-05-05,4,12,12,5,0.800000,,,0.000000,,,,,,,,GLOBAL_BASELINE_NO_ENTITY_RANKING,,,NOT_APPLICABLE_GLOBAL_BASELINE,HF9g-P5,,,,X 全窗基线 · 不参与实体赏罚,6871035,688,A168_HF9F_20260827_0900,2026-08-27 09:00:00
2026-05-02,149394846,2222,0,30.0000000000,-30.0000000000,-30.0000000000,0E-7,1,1,0.50665070000000000,0.506650700000,-1.013391052207602,-1.013391052207602,-1.013391052207602,0E-17,ELIGIBLE,R03b_20260811_FULL_v1,L1_ELIGIBILITY,v2026-08-11,2026-03-21..2026-08-06,baccarat_bet02_101_all_pairs_incl_sentinel,round_win = game_pnl > 0 (decisive only),COMPATIBILITY_ONLY_NOT_PRODUCTION,617.0000,554.0000,167.8500,42,42,-0.27204214,,-0.27204214,-0.27204214,-167.8500,617.0000,OK,0.0000,6.7140,4.0000,96.0000,AG03-UNRESOLVED,ALL5_LEVELS_bet23_to_bet27,6.7140,6.7140,6.7140,6.7140,6.7140,4.000000,4.000000,4.000000,4.000000,4.000000,96.000000,96.000000,96.000000,96.000000,96.000000,5.0,33.5700,30.9897,134.2800,136.8603,PENDING_AG03,FALSE,NOT_FOR_ENFORCEMENT,161.1360,531.8400,167.8500,161.1360,6.7140,0.27204214,0.26116045,6.7140,161.1360,0.26116045,6.7140,6.7140,6.7140,6.7140,6.7140,161.1360,0.26116045,33.5700,30.9897,134.2800,136.8603,0.21763371,0.22181573,0.01088169,14.6905,13.1905,3.9964,41.9625,13.9875,154.2500,10.5000,,14.6905,10.0,11.5,20.0,24.4,31.2,41.0,10.0,-5.0,2.713043,3.565217,1.277433,9,11,8,2,0E-8,0.27204214,,0E-8,0.000000,0.897893,0.000000,,2026-05-01,2026-05-05,4,12,12,5,0.800000,,,0.000000,,,,,,,,GLOBAL_BASELINE_NO_ENTITY_RANKING,,,NOT_APPLICABLE_GLOBAL_BASELINE,HF9g-P5,,,,X 全窗基线 · 不参与实体赏罚,6871036,688,A168_HF9F_20260827_0900,2026-08-27 09:00:00
2026-05-03,149394846,-1,1,30.0000000000,-20.0000000000,-20.0000000000,0.3333333,3,3,0.49771390000000000,0.497713900000,-0.5694369385616226,-0.5694369385616226,-0.5694369385616226,0E-17,SENTINEL_DEALER,R03b_20260811_FULL_v1,L1_ELIGIBILITY,v2026-08-11,2026-03-21..2026-08-06,baccarat_bet02_101_all_pairs_incl_sentinel,round_win = game_pnl > 0 (decisive only),COMPATIBILITY_ONLY_NOT_PRODUCTION,617.0000,554.0000,167.8500,42,42,-0.27204214,,-0.27204214,-0.27204214,-167.8500,617.0000,OK,0.0000,6.7140,4.0000,96.0000,AG03-UNRESOLVED,ALL5_LEVELS_bet23_to_bet27,6.7140,6.7140,6.7140,6.7140,6.7140,4.000000,4.000000,4.000000,4.000000,4.000000,96.000000,96.000000,96.000000,96.000000,96.000000,5.0,33.5700,30.9897,134.2800,136.8603,PENDING_AG03,FALSE,NOT_FOR_ENFORCEMENT,161.1360,531.8400,167.8500,161.1360,6.7140,0.27204214,0.26116045,6.7140,161.1360,0.26116045,6.7140,6.7140,6.7140,6.7140,6.7140,161.1360,0.26116045,33.5700,30.9897,134.2800,136.8603,0.21763371,0.22181573,0.01088169,14.6905,13.1905,3.9964,41.9625,13.9875,154.2500,10.5000,,14.6905,10.0,11.5,20.0,24.4,31.2,41.0,10.0,-5.0,2.713043,3.565217,1.277433,9,11,8,2,0E-8,0.27204214,,0E-8,0.000000,0.897893,0.000000,,2026-05-01,2026-05-05,4,12,12,5,0.800000,,,0.000000,,,,,,,,GLOBAL_BASELINE_NO_ENTITY_RANKING,,,NOT_APPLICABLE_GLOBAL_BASELINE,HF9g-P5,,,,X 全窗基线 · 不参与实体赏罚,6871037,688,A168_HF9F_20260827_0900,2026-08-27 09:00:00
2026-05-05,149394846,-1,1,30.0000000000,-30.0000000000,-30.0000000000,0E-7,1,1,0.49324550000000000,0.493245500000,-0.9865810262130424,-0.9865810262130424,-0.9865810262130424,0E-17,SENTINEL_DEALER,R03b_20260811_FULL_v1,L1_ELIGIBILITY,v2026-08-11,2026-03-21..2026-08-06,baccarat_bet02_101_all_pairs_incl_sentinel,round_win = game_pnl > 0 (decisive only),COMPATIBILITY_ONLY_NOT_PRODUCTION,617.0000,554.0000,167.8500,42,42,-0.27204214,,-0.27204214,-0.27204214,-167.8500,617.0000,OK,0.0000,6.7140,4.0000,96.0000,AG03-UNRESOLVED,ALL5_LEVELS_bet23_to_bet27,6.7140,6.7140,6.7140,6.7140,6.7140,4.000000,4.000000,4.000000,4.000000,4.000000,96.000000,96.000000,96.000000,96.000000,96.000000,5.0,33.5700,30.9897,134.2800,136.8603,PENDING_AG03,FALSE,NOT_FOR_ENFORCEMENT,161.1360,531.8400,167.8500,161.1360,6.7140,0.27204214,0.26116045,6.7140,161.1360,0.26116045,6.7140,6.7140,6.7140,6.7140,6.7140,161.1360,0.26116045,33.5700,30.9897,134.2800,136.8603,0.21763371,0.22181573,0.01088169,14.6905,13.1905,3.9964,41.9625,13.9875,154.2500,10.5000,,14.6905,10.0,11.5,20.0,24.4,31.2,41.0,10.0,-5.0,2.713043,3.565217,1.277433,9,11,8,2,0E-8,0.27204214,,0E-8,0.000000,0.897893,0.000000,,2026-05-01,2026-05-05,4,12,12,5,0.800000,,,0.000000,,,,,,,,GLOBAL_BASELINE_NO_ENTITY_RANKING,,,NOT_APPLICABLE_GLOBAL_BASELINE,HF9g-P5,,,,X 全窗基线 · 不参与实体赏罚,6871038,688,A168_HF9F_20260827_0900,2026-08-27 09:00:00
2026-05-05,149394846,626,0,41.0000000000,-41.0000000000,-41.0000000000,0E-7,1,1,0.49324550000000000,0.493245500000,-0.9865810262130424,-0.9865810262130424,-0.9865810262130424,0E-17,ELIGIBLE,R03b_20260811_FULL_v1,L1_ELIGIBILITY,v2026-08-11,2026-03-21..2026-08-06,baccarat_bet02_101_all_pairs_incl_sentinel,round_win = game_pnl > 0 (decisive only),COMPATIBILITY_ONLY_NOT_PRODUCTION,617.0000,554.0000,167.8500,42,42,-0.27204214,,-0.27204214,-0.27204214,-167.8500,617.0000,OK,0.0000,6.7140,4.0000,96.0000,AG03-UNRESOLVED,ALL5_LEVELS_bet23_to_bet27,6.7140,6.7140,6.7140,6.7140,6.7140,4.000000,4.000000,4.000000,4.000000,4.000000,96.000000,96.000000,96.000000,96.000000,96.000000,5.0,33.5700,30.9897,134.2800,136.8603,PENDING_AG03,FALSE,NOT_FOR_ENFORCEMENT,161.1360,531.8400,167.8500,161.1360,6.7140,0.27204214,0.26116045,6.7140,161.1360,0.26116045,6.7140,6.7140,6.7140,6.7140,6.7140,161.1360,0.26116045,33.5700,30.9897,134.2800,136.8603,0.21763371,0.22181573,0.01088169,14.6905,13.1905,3.9964,41.9625,13.9875,154.2500,10.5000,,14.6905,10.0,11.5,20.0,24.4,31.2,41.0,10.0,-5.0,2.713043,3.565217,1.277433,9,11,8,2,0E-8,0.27204214,,0E-8,0.000000,0.897893,0.000000,,2026-05-01,2026-05-05,4,12,12,5,0.800000,,,0.000000,,,,,,,,GLOBAL_BASELINE_NO_ENTITY_RANKING,,,NOT_APPLICABLE_GLOBAL_BASELINE,HF9g-P5,,,,X 全窗基线 · 不参与实体赏罚,6871039,688,A168_HF9F_20260827_0900,2026-08-27 09:00:00
2026-07-30,135947540,-1,1,690.8392265871,131.0141846871,131.0141846871,0.6000000,31,31,0.49756975806451613,0.497569758065,1.122080335836984,1.1220803358316782,1.122080335836984,-4.8387E-13,SENTINEL_DEALER,R03b_20260811_FULL_v1,L1_ELIGIBILITY,v2026-08-11,2026-03-21..2026-08-06,baccarat_bet02_101_all_pairs_incl_sentinel,round_win = game_pnl > 0 (decisive only),COMPATIBILITY_ONLY_NOT_PRODUCTION,2204.4024,2020.7807,167.8606,114,114,-0.07614788,-0.07614788,,-0.07614788,-167.8606,2204.4024,OK,0.0000,6.7144,4.0000,96.0000,AG03-UNRESOLVED,ALL5_LEVELS_bet23_to_bet27,6.7144,6.7144,6.7144,6.7144,6.7144,4.000000,4.000000,4.000000,4.000000,4.000000,96.000000,96.000000,96.000000,96.000000,96.000000,5.0,33.5721,30.9916,134.2885,136.8689,PENDING_AG03,FALSE,NOT_FOR_ENFORCEMENT,161.1461,1939.9495,167.8606,161.1461,6.7144,0.07614788,0.07310196,6.7144,161.1461,0.07310196,6.7144,6.7144,6.7144,6.7144,6.7144,161.1461,0.07310196,33.5721,30.9916,134.2885,136.8689,0.06091830,0.0620889,0.00304592,19.3369,17.7261,1.4725,41.9651,2.4685,551.1006,28.5000,19.3369,,10.2195,19.1935,20.439,34.7464,40.8781,61.3171,15.2351,0.0,2.12979,3.194685,1.007471,26,35,7,2,1.00000000,0.07614788,0.07614788,0E-8,0.000000,0.916702,0.000000,,2026-07-30,2026-08-05,4,68,43,7,0.571429,,1.000000,3.333333,,,,,,,,GLOBAL_BASELINE_NO_ENTITY_RANKING,,,NOT_APPLICABLE_GLOBAL_BASELINE,HF9g-P5,,,,X 全窗基线 · 不参与实体赏罚,6871040,688,A168_HF9F_20260827_0900,2026-08-27 09:00:00
2026-07-30,135947540,1157,0,61.3170911173,48.5426971344,48.5426971344,1.0000000,4,4,0.50665070000000000,0.506650700000,1.7091633124209307,1.7091633124209307,1.7091633124209307,0E-17,ELIGIBLE,R03b_20260811_FULL_v1,L1_ELIGIBILITY,v2026-08-11,2026-03-21..2026-08-06,baccarat_bet02_101_all_pairs_incl_sentinel,round_win = game_pnl > 0 (decisive only),COMPATIBILITY_ONLY_NOT_PRODUCTION,2204.4024,2020.7807,167.8606,114,114,-0.07614788,-0.07614788,,-0.07614788,-167.8606,2204.4024,OK,0.0000,6.7144,4.0000,96.0000,AG03-UNRESOLVED,ALL5_LEVELS_bet23_to_bet27,6.7144,6.7144,6.7144,6.7144,6.7144,4.000000,4.000000,4.000000,4.000000,4.000000,96.000000,96.000000,96.000000,96.000000,96.000000,5.0,33.5721,30.9916,134.2885,136.8689,PENDING_AG03,FALSE,NOT_FOR_ENFORCEMENT,161.1461,1939.9495,167.8606,161.1461,6.7144,0.07614788,0.07310196,6.7144,161.1461,0.07310196,6.7144,6.7144,6.7144,6.7144,6.7144,161.1461,0.07310196,33.5721,30.9916,134.2885,136.8689,0.06091830,0.0620889,0.00304592,19.3369,17.7261,1.4725,41.9651,2.4685,551.1006,28.5000,19.3369,,10.2195,19.1935,20.439,34.7464,40.8781,61.3171,15.2351,0.0,2.12979,3.194685,1.007471,26,35,7,2,1.00000000,0.07614788,0.07614788,0E-8,0.000000,0.916702,0.000000,,2026-07-30,2026-08-05,4,68,43,7,0.571429,,1.000000,3.333333,,,,,,,,GLOBAL_BASELINE_NO_ENTITY_RANKING,,,NOT_APPLICABLE_GLOBAL_BASELINE,HF9g-P5,,,,X 全窗基线 · 不参与实体赏罚,6871041,688,A168_HF9F_20260827_0900,2026-08-27 09:00:00
2026-07-30,135947540,1307,0,79.7122184523,-7.1536606303,-7.1536606303,0.5000000,4,4,0.50329940000000000,0.503299400000,-0.01319788734859681,-0.01319788734859681,-0.01319788734859681,0E-17,ELIGIBLE,R03b_20260811_FULL_v1,L1_ELIGIBILITY,v2026-08-11,2026-03-21..2026-08-06,baccarat_bet02_101_all_pairs_incl_sentinel,round_win = game_pnl > 0 (decisive only),COMPATIBILITY_ONLY_NOT_PRODUCTION,2204.4024,2020.7807,167.8606,114,114,-0.07614788,-0.07614788,,-0.07614788,-167.8606,2204.4024,OK,0.0000,6.7144,4.0000,96.0000,AG03-UNRESOLVED,ALL5_LEVELS_bet23_to_bet27,6.7144,6.7144,6.7144,6.7144,6.7144,4.000000,4.000000,4.000000,4.000000,4.000000,96.000000,96.000000,96.000000,96.000000,96.000000,5.0,33.5721,30.9916,134.2885,136.8689,PENDING_AG03,FALSE,NOT_FOR_ENFORCEMENT,161.1461,1939.9495,167.8606,161.1461,6.7144,0.07614788,0.07310196,6.7144,161.1461,0.07310196,6.7144,6.7144,6.7144,6.7144,6.7144,161.1461,0.07310196,33.5721,30.9916,134.2885,136.8689,0.06091830,0.0620889,0.00304592,19.3369,17.7261,1.4725,41.9651,2.4685,551.1006,28.5000,19.3369,,10.2195,19.1935,20.439,34.7464,40.8781,61.3171,15.2351,0.0,2.12979,3.194685,1.007471,26,35,7,2,1.00000000,0.07614788,0.07614788,0E-8,0.000000,0.916702,0.000000,,2026-07-30,2026-08-05,4,68,43,7,0.571429,,1.000000,3.333333,,,,,,,,GLOBAL_BASELINE_NO_ENTITY_RANKING,,,NOT_APPLICABLE_GLOBAL_BASELINE,HF9g-P5,,,,X 全窗基线 · 不参与实体赏罚,6871042,688,A168_HF9F_20260827_0900,2026-08-27 09:00:00
2026-07-30,135947540,1331,0,20.4390303724,-20.4390303724,-20.4390303724,0E-7,1,1,0.49324550000000000,0.493245500000,-0.9865810262130424,-0.9865810262130424,-0.9865810262130424,0E-17,ELIGIBLE,R03b_20260811_FULL_v1,L1_ELIGIBILITY,v2026-08-11,2026-03-21..2026-08-06,baccarat_bet02_101_all_pairs_incl_sentinel,round_win = game_pnl > 0 (decisive only),COMPATIBILITY_ONLY_NOT_PRODUCTION,2204.4024,2020.7807,167.8606,114,114,-0.07614788,-0.07614788,,-0.07614788,-167.8606,2204.4024,OK,0.0000,6.7144,4.0000,96.0000,AG03-UNRESOLVED,ALL5_LEVELS_bet23_to_bet27,6.7144,6.7144,6.7144,6.7144,6.7144,4.000000,4.000000,4.000000,4.000000,4.000000,96.000000,96.000000,96.000000,96.000000,96.000000,5.0,33.5721,30.9916,134.2885,136.8689,PENDING_AG03,FALSE,NOT_FOR_ENFORCEMENT,161.1461,1939.9495,167.8606,161.1461,6.7144,0.07614788,0.07310196,6.7144,161.1461,0.07310196,6.7144,6.7144,6.7144,6.7144,6.7144,161.1461,0.07310196,33.5721,30.9916,134.2885,136.8689,0.06091830,0.0620889,0.00304592,19.3369,17.7261,1.4725,41.9651,2.4685,551.1006,28.5000,19.3369,,10.2195,19.1935,20.439,34.7464,40.8781,61.3171,15.2351,0.0,2.12979,3.194685,1.007471,26,35,7,2,1.00000000,0.07614788,0.07614788,0E-8,0.000000,0.916702,0.000000,,2026-07-30,2026-08-05,4,68,43,7,0.571429,,1.000000,3.333333,,,,,,,,GLOBAL_BASELINE_NO_ENTITY_RANKING,,,NOT_APPLICABLE_GLOBAL_BASELINE,HF9g-P5,,,,X 全窗基线 · 不参与实体赏罚,6871043,688,A168_HF9F_20260827_0900,2026-08-27 09:00:00
2026-07-30,135947540,1382,0,10.2195151862,-10.2195151862,-10.2195151862,0E-7,1,1,0.50665070000000000,0.506650700000,-1.013391052207602,-1.013391052207602,-1.013391052207602,0E-17,ELIGIBLE,R03b_20260811_FULL_v1,L1_ELIGIBILITY,v2026-08-11,2026-03-21..2026-08-06,baccarat_bet02_101_all_pairs_incl_sentinel,round_win = game_pnl > 0 (decisive only),COMPATIBILITY_ONLY_NOT_PRODUCTION,2204.4024,2020.7807,167.8606,114,114,-0.07614788,-0.07614788,,-0.07614788,-167.8606,2204.4024,OK,0.0000,6.7144,4.0000,96.0000,AG03-UNRESOLVED,ALL5_LEVELS_bet23_to_bet27,6.7144,6.7144,6.7144,6.7144,6.7144,4.000000,4.000000,4.000000,4.000000,4.000000,96.000000,96.000000,96.000000,96.000000,96.000000,5.0,33.5721,30.9916,134.2885,136.8689,PENDING_AG03,FALSE,NOT_FOR_ENFORCEMENT,161.1461,1939.9495,167.8606,161.1461,6.7144,0.07614788,0.07310196,6.7144,161.1461,0.07310196,6.7144,6.7144,6.7144,6.7144,6.7144,161.1461,0.07310196,33.5721,30.9916,134.2885,136.8689,0.06091830,0.0620889,0.00304592,19.3369,17.7261,1.4725,41.9651,2.4685,551.1006,28.5000,19.3369,,10.2195,19.1935,20.439,34.7464,40.8781,61.3171,15.2351,0.0,2.12979,3.194685,1.007471,26,35,7,2,1.00000000,0.07614788,0.07614788,0E-8,0.000000,0.916702,0.000000,,2026-07-30,2026-08-05,4,68,43,7,0.571429,,1.000000,3.333333,,,,,,,,GLOBAL_BASELINE_NO_ENTITY_RANKING,,,NOT_APPLICABLE_GLOBAL_BASELINE,HF9g-P5,,,,X 全窗基线 · 不参与实体赏罚,6871044,688,A168_HF9F_20260827_0900,2026-08-27 09:00:00
2026-07-30,135947540,1384,0,103.8302742918,-12.3656133753,-12.3656133753,0.5000000,7,7,0.49707555714285714,0.497075557143,0.014327030625969732,0.014327030625269827,0.014327030625969732,-1.4286E-13,ELIGIBLE,R03b_20260811_FULL_v1,L1_ELIGIBILITY,v2026-08-11,2026-03-21..2026-08-06,baccarat_bet02_101_all_pairs_incl_sentinel,round_win = game_pnl > 0 (decisive only),COMPATIBILITY_ONLY_NOT_PRODUCTION,2204.4024,2020.7807,167.8606,114,114,-0.07614788,-0.07614788,,-0.07614788,-167.8606,2204.4024,OK,0.0000,6.7144,4.0000,96.0000,AG03-UNRESOLVED,ALL5_LEVELS_bet23_to_bet27,6.7144,6.7144,6.7144,6.7144,6.7144,4.000000,4.000000,4.000000,4.000000,4.000000,96.000000,96.000000,96.000000,96.000000,96.000000,5.0,33.5721,30.9916,134.2885,136.8689,PENDING_AG03,FALSE,NOT_FOR_ENFORCEMENT,161.1461,1939.9495,167.8606,161.1461,6.7144,0.07614788,0.07310196,6.7144,161.1461,0.07310196,6.7144,6.7144,6.7144,6.7144,6.7144,161.1461,0.07310196,33.5721,30.9916,134.2885,136.8689,0.06091830,0.0620889,0.00304592,19.3369,17.7261,1.4725,41.9651,2.4685,551.1006,28.5000,19.3369,,10.2195,19.1935,20.439,34.7464,40.8781,61.3171,15.2351,0.0,2.12979,3.194685,1.007471,26,35,7,2,1.00000000,0.07614788,0.07614788,0E-8,0.000000,0.916702,0.000000,,2026-07-30,2026-08-05,4,68,43,7,0.571429,,1.000000,3.333333,,,,,,,,GLOBAL_BASELINE_NO_ENTITY_RANKING,,,NOT_APPLICABLE_GLOBAL_BASELINE,HF9g-P5,,,,X 全窗基线 · 不参与实体赏罚,6871045,688,A168_HF9F_20260827_0900,2026-08-27 09:00:00
2026-07-30,135947540,1485,0,10.2195151862,-10.2195151862,-10.2195151862,0E-7,1,1,0.49324550000000000,0.493245500000,-0.9865810262130424,-0.9865810262130424,-0.9865810262130424,0E-17,ELIGIBLE,R03b_20260811_FULL_v1,L1_ELIGIBILITY,v2026-08-11,2026-03-21..2026-08-06,baccarat_bet02_101_all_pairs_incl_sentinel,round_win = game_pnl > 0 (decisive only),COMPATIBILITY_ONLY_NOT_PRODUCTION,2204.4024,2020.7807,167.8606,114,114,-0.07614788,-0.07614788,,-0.07614788,-167.8606,2204.4024,OK,0.0000,6.7144,4.0000,96.0000,AG03-UNRESOLVED,ALL5_LEVELS_bet23_to_bet27,6.7144,6.7144,6.7144,6.7144,6.7144,4.000000,4.000000,4.000000,4.000000,4.000000,96.000000,96.000000,96.000000,96.000000,96.000000,5.0,33.5721,30.9916,134.2885,136.8689,PENDING_AG03,FALSE,NOT_FOR_ENFORCEMENT,161.1461,1939.9495,167.8606,161.1461,6.7144,0.07614788,0.07310196,6.7144,161.1461,0.07310196,6.7144,6.7144,6.7144,6.7144,6.7144,161.1461,0.07310196,33.5721,30.9916,134.2885,136.8689,0.06091830,0.0620889,0.00304592,19.3369,17.7261,1.4725,41.9651,2.4685,551.1006,28.5000,19.3369,,10.2195,19.1935,20.439,34.7464,40.8781,61.3171,15.2351,0.0,2.12979,3.194685,1.007471,26,35,7,2,1.00000000,0.07614788,0.07614788,0E-8,0.000000,0.916702,0.000000,,2026-07-30,2026-08-05,4,68,43,7,0.571429,,1.000000,3.333333,,,,,,,,GLOBAL_BASELINE_NO_ENTITY_RANKING,,,NOT_APPLICABLE_GLOBAL_BASELINE,HF9g-P5,,,,X 全窗基线 · 不参与实体赏罚,6871046,688,A168_HF9F_20260827_0900,2026-08-27 09:00:00
2026-07-30,135947540,1963,0,71.5366063034,-71.5366063034,-71.5366063034,0E-7,2,2,0.49324550000000000,0.493245500000,-1.3952362676504506,-1.3952362676504506,-1.3952362676504506,0E-17,ELIGIBLE,R03b_20260811_FULL_v1,L1_ELIGIBILITY,v2026-08-11,2026-03-21..2026-08-06,baccarat_bet02_101_all_pairs_incl_sentinel,round_win = game_pnl > 0 (decisive only),COMPATIBILITY_ONLY_NOT_PRODUCTION,2204.4024,2020.7807,167.8606,114,114,-0.07614788,-0.07614788,,-0.07614788,-167.8606,2204.4024,OK,0.0000,6.7144,4.0000,96.0000,AG03-UNRESOLVED,ALL5_LEVELS_bet23_to_bet27,6.7144,6.7144,6.7144,6.7144,6.7144,4.000000,4.000000,4.000000,4.000000,4.000000,96.000000,96.000000,96.000000,96.000000,96.000000,5.0,33.5721,30.9916,134.2885,136.8689,PENDING_AG03,FALSE,NOT_FOR_ENFORCEMENT,161.1461,1939.9495,167.8606,161.1461,6.7144,0.07614788,0.07310196,6.7144,161.1461,0.07310196,6.7144,6.7144,6.7144,6.7144,6.7144,161.1461,0.07310196,33.5721,30.9916,134.2885,136.8689,0.06091830,0.0620889,0.00304592,19.3369,17.7261,1.4725,41.9651,2.4685,551.1006,28.5000,19.3369,,10.2195,19.1935,20.439,34.7464,40.8781,61.3171,15.2351,0.0,2.12979,3.194685,1.007471,26,35,7,2,1.00000000,0.07614788,0.07614788,0E-8,0.000000,0.916702,0.000000,,2026-07-30,2026-08-05,4,68,43,7,0.571429,,1.000000,3.333333,,,,,,,,GLOBAL_BASELINE_NO_ENTITY_RANKING,,,NOT_APPLICABLE_GLOBAL_BASELINE,HF9g-P5,,,,X 全窗基线 · 不参与实体赏罚,6871047,688,A168_HF9F_20260827_0900,2026-08-27 09:00:00
2026-07-30,135947540,1966,0,12.2634182234,-12.2634182234,-12.2634182234,0E-7,1,1,0.49324550000000000,0.493245500000,-0.9865810262130424,-0.9865810262130424,-0.9865810262130424,0E-17,ELIGIBLE,R03b_20260811_FULL_v1,L1_ELIGIBILITY,v2026-08-11,2026-03-21..2026-08-06,baccarat_bet02_101_all_pairs_incl_sentinel,round_win = game_pnl > 0 (decisive only),COMPATIBILITY_ONLY_NOT_PRODUCTION,2204.4024,2020.7807,167.8606,114,114,-0.07614788,-0.07614788,,-0.07614788,-167.8606,2204.4024,OK,0.0000,6.7144,4.0000,96.0000,AG03-UNRESOLVED,ALL5_LEVELS_bet23_to_bet27,6.7144,6.7144,6.7144,6.7144,6.7144,4.000000,4.000000,4.000000,4.000000,4.000000,96.000000,96.000000,96.000000,96.000000,96.000000,5.0,33.5721,30.9916,134.2885,136.8689,PENDING_AG03,FALSE,NOT_FOR_ENFORCEMENT,161.1461,1939.9495,167.8606,161.1461,6.7144,0.07614788,0.07310196,6.7144,161.1461,0.07310196,6.7144,6.7144,6.7144,6.7144,6.7144,161.1461,0.07310196,33.5721,30.9916,134.2885,136.8689,0.06091830,0.0620889,0.00304592,19.3369,17.7261,1.4725,41.9651,2.4685,551.1006,28.5000,19.3369,,10.2195,19.1935,20.439,34.7464,40.8781,61.3171,15.2351,0.0,2.12979,3.194685,1.007471,26,35,7,2,1.00000000,0.07614788,0.07614788,0E-8,0.000000,0.916702,0.000000,,2026-07-30,2026-08-05,4,68,43,7,0.571429,,1.000000,3.333333,,,,,,,,GLOBAL_BASELINE_NO_ENTITY_RANKING,,,NOT_APPLICABLE_GLOBAL_BASELINE,HF9g-P5,,,,X 全窗基线 · 不参与实体赏罚,6871048,688,A168_HF9F_20260827_0900,2026-08-27 09:00:00
2026-07-30,135947540,1985,0,40.8780607448,-1.0219515186,-1.0219515186,0.5000000,2,2,0.50665070000000000,0.506650700000,-0.018812684590367487,-0.018812684590367487,-0.018812684590367487,0E-17,ELIGIBLE,R03b_20260811_FULL_v1,L1_ELIGIBILITY,v2026-08-11,2026-03-21..2026-08-06,baccarat_bet02_101_all_pairs_incl_sentinel,round_win = game_pnl > 0 (decisive only),COMPATIBILITY_ONLY_NOT_PRODUCTION,2204.4024,2020.7807,167.8606,114,114,-0.07614788,-0.07614788,,-0.07614788,-167.8606,2204.4024,OK,0.0000,6.7144,4.0000,96.0000,AG03-UNRESOLVED,ALL5_LEVELS_bet23_to_bet27,6.7144,6.7144,6.7144,6.7144,6.7144,4.000000,4.000000,4.000000,4.000000,4.000000,96.000000,96.000000,96.000000,96.000000,96.000000,5.0,33.5721,30.9916,134.2885,136.8689,PENDING_AG03,FALSE,NOT_FOR_ENFORCEMENT,161.1461,1939.9495,167.8606,161.1461,6.7144,0.07614788,0.07310196,6.7144,161.1461,0.07310196,6.7144,6.7144,6.7144,6.7144,6.7144,161.1461,0.07310196,33.5721,30.9916,134.2885,136.8689,0.06091830,0.0620889,0.00304592,19.3369,17.7261,1.4725,41.9651,2.4685,551.1006,28.5000,19.3369,,10.2195,19.1935,20.439,34.7464,40.8781,61.3171,15.2351,0.0,2.12979,3.194685,1.007471,26,35,7,2,1.00000000,0.07614788,0.07614788,0E-8,0.000000,0.916702,0.000000,,2026-07-30,2026-08-05,4,68,43,7,0.571429,,1.000000,3.333333,,,,,,,,GLOBAL_BASELINE_NO_ENTITY_RANKING,,,NOT_APPLICABLE_GLOBAL_BASELINE,HF9g-P5,,,,X 全窗基线 · 不参与实体赏罚,6871049,688,A168_HF9F_20260827_0900,2026-08-27 09:00:00
2026-07-30,135947540,2156,0,10.2195151862,-10.2195151862,-10.2195151862,0E-7,1,1,0.49324550000000000,0.493245500000,-0.9865810262130424,-0.9865810262130424,-0.9865810262130424,0E-17,ELIGIBLE,R03b_20260811_FULL_v1,L1_ELIGIBILITY,v2026-08-11,2026-03-21..2026-08-06,baccarat_bet02_101_all_pairs_incl_sentinel,round_win = game_pnl > 0 (decisive only),COMPATIBILITY_ONLY_NOT_PRODUCTION,2204.4024,2020.7807,167.8606,114,114,-0.07614788,-0.07614788,,-0.07614788,-167.8606,2204.4024,OK,0.0000,6.7144,4.0000,96.0000,AG03-UNRESOLVED,ALL5_LEVELS_bet23_to_bet27,6.7144,6.7144,6.7144,6.7144,6.7144,4.000000,4.000000,4.000000,4.000000,4.000000,96.000000,96.000000,96.000000,96.000000,96.000000,5.0,33.5721,30.9916,134.2885,136.8689,PENDING_AG03,FALSE,NOT_FOR_ENFORCEMENT,161.1461,1939.9495,167.8606,161.1461,6.7144,0.07614788,0.07310196,6.7144,161.1461,0.07310196,6.7144,6.7144,6.7144,6.7144,6.7144,161.1461,0.07310196,33.5721,30.9916,134.2885,136.8689,0.06091830,0.0620889,0.00304592,19.3369,17.7261,1.4725,41.9651,2.4685,551.1006,28.5000,19.3369,,10.2195,19.1935,20.439,34.7464,40.8781,61.3171,15.2351,0.0,2.12979,3.194685,1.007471,26,35,7,2,1.00000000,0.07614788,0.07614788,0E-8,0.000000,0.916702,0.000000,,2026-07-30,2026-08-05,4,68,43,7,0.571429,,1.000000,3.333333,,,,,,,,GLOBAL_BASELINE_NO_ENTITY_RANKING,,,NOT_APPLICABLE_GLOBAL_BASELINE,HF9g-P5,,,,X 全窗基线 · 不参与实体赏罚,6871050,688,A168_HF9F_20260827_0900,2026-08-27 09:00:00
2026-07-30,135947540,2171,0,10.2195151862,-10.2195151862,-10.2195151862,0E-7,1,1,0.50665070000000000,0.506650700000,-1.013391052207602,-1.013391052207602,-1.013391052207602,0E-17,ELIGIBLE,R03b_20260811_FULL_v1,L1_ELIGIBILITY,v2026-08-11,2026-03-21..2026-08-06,baccarat_bet02_101_all_pairs_incl_sentinel,round_win = game_pnl > 0 (decisive only),COMPATIBILITY_ONLY_NOT_PRODUCTION,2204.4024,2020.7807,167.8606,114,114,-0.07614788,-0.07614788,,-0.07614788,-167.8606,2204.4024,OK,0.0000,6.7144,4.0000,96.0000,AG03-UNRESOLVED,ALL5_LEVELS_bet23_to_bet27,6.7144,6.7144,6.7144,6.7144,6.7144,4.000000,4.000000,4.000000,4.000000,4.000000,96.000000,96.000000,96.000000,96.000000,96.000000,5.0,33.5721,30.9916,134.2885,136.8689,PENDING_AG03,FALSE,NOT_FOR_ENFORCEMENT,161.1461,1939.9495,167.8606,161.1461,6.7144,0.07614788,0.07310196,6.7144,161.1461,0.07310196,6.7144,6.7144,6.7144,6.7144,6.7144,161.1461,0.07310196,33.5721,30.9916,134.2885,136.8689,0.06091830,0.0620889,0.00304592,19.3369,17.7261,1.4725,41.9651,2.4685,551.1006,28.5000,19.3369,,10.2195,19.1935,20.439,34.7464,40.8781,61.3171,15.2351,0.0,2.12979,3.194685,1.007471,26,35,7,2,1.00000000,0.07614788,0.07614788,0E-8,0.000000,0.916702,0.000000,,2026-07-30,2026-08-05,4,68,43,7,0.571429,,1.000000,3.333333,,,,,,,,GLOBAL_BASELINE_NO_ENTITY_RANKING,,,NOT_APPLICABLE_GLOBAL_BASELINE,HF9g-P5,,,,X 全窗基线 · 不参与实体赏罚,6871051,688,A168_HF9F_20260827_0900,2026-08-27 09:00:00
2026-07-30,135947540,2212,0,55.1853820055,20.4390303724,20.4390303724,1.0000000,2,2,0.49324550000000000,0.493245500000,1.01360149184955,1.01360149184955,1.01360149184955,0E-17,ELIGIBLE,R03b_20260811_FULL_v1,L1_ELIGIBILITY,v2026-08-11,2026-03-21..2026-08-06,baccarat_bet02_101_all_pairs_incl_sentinel,round_win = game_pnl > 0 (decisive only),COMPATIBILITY_ONLY_NOT_PRODUCTION,2204.4024,2020.7807,167.8606,114,114,-0.07614788,-0.07614788,,-0.07614788,-167.8606,2204.4024,OK,0.0000,6.7144,4.0000,96.0000,AG03-UNRESOLVED,ALL5_LEVELS_bet23_to_bet27,6.7144,6.7144,6.7144,6.7144,6.7144,4.000000,4.000000,4.000000,4.000000,4.000000,96.000000,96.000000,96.000000,96.000000,96.000000,5.0,33.5721,30.9916,134.2885,136.8689,PENDING_AG03,FALSE,NOT_FOR_ENFORCEMENT,161.1461,1939.9495,167.8606,161.1461,6.7144,0.07614788,0.07310196,6.7144,161.1461,0.07310196,6.7144,6.7144,6.7144,6.7144,6.7144,161.1461,0.07310196,33.5721,30.9916,134.2885,136.8689,0.06091830,0.0620889,0.00304592,19.3369,17.7261,1.4725,41.9651,2.4685,551.1006,28.5000,19.3369,,10.2195,19.1935,20.439,34.7464,40.8781,61.3171,15.2351,0.0,2.12979,3.194685,1.007471,26,35,7,2,1.00000000,0.07614788,0.07614788,0E-8,0.000000,0.916702,0.000000,,2026-07-30,2026-08-05,4,68,43,7,0.571429,,1.000000,3.333333,,,,,,,,GLOBAL_BASELINE_NO_ENTITY_RANKING,,,NOT_APPLICABLE_GLOBAL_BASELINE,HF9g-P5,,,,X 全窗基线 · 不参与实体赏罚,6871052,688,A168_HF9F_20260827_0900,2026-08-27 09:00:00
2026-07-30,135947540,2220,0,51.0975759310,-10.2195151862,-10.2195151862,0.5000000,2,2,0.49994810000000000,0.499948100000,0.00014679536856514622,0.00014679536856514622,0.00014679536856514622,0E-17,ELIGIBLE,R03b_20260811_FULL_v1,L1_ELIGIBILITY,v2026-08-11,2026-03-21..2026-08-06,baccarat_bet02_101_all_pairs_incl_sentinel,round_win = game_pnl > 0 (decisive only),COMPATIBILITY_ONLY_NOT_PRODUCTION,2204.4024,2020.7807,167.8606,114,114,-0.07614788,-0.07614788,,-0.07614788,-167.8606,2204.4024,OK,0.0000,6.7144,4.0000,96.0000,AG03-UNRESOLVED,ALL5_LEVELS_bet23_to_bet27,6.7144,6.7144,6.7144,6.7144,6.7144,4.000000,4.000000,4.000000,4.000000,4.000000,96.000000,96.000000,96.000000,96.000000,96.000000,5.0,33.5721,30.9916,134.2885,136.8689,PENDING_AG03,FALSE,NOT_FOR_ENFORCEMENT,161.1461,1939.9495,167.8606,161.1461,6.7144,0.07614788,0.07310196,6.7144,161.1461,0.07310196,6.7144,6.7144,6.7144,6.7144,6.7144,161.1461,0.07310196,33.5721,30.9916,134.2885,136.8689,0.06091830,0.0620889,0.00304592,19.3369,17.7261,1.4725,41.9651,2.4685,551.1006,28.5000,19.3369,,10.2195,19.1935,20.439,34.7464,40.8781,61.3171,15.2351,0.0,2.12979,3.194685,1.007471,26,35,7,2,1.00000000,0.07614788,0.07614788,0E-8,0.000000,0.916702,0.000000,,2026-07-30,2026-08-05,4,68,43,7,0.571429,,1.000000,3.333333,,,,,,,,GLOBAL_BASELINE_NO_ENTITY_RANKING,,,NOT_APPLICABLE_GLOBAL_BASELINE,HF9g-P5,,,,X 全窗基线 · 不参与实体赏罚,6871053,688,A168_HF9F_20260827_0900,2026-08-27 09:00:00
2026-07-30,135947540,2242,0,51.0975759310,20.4390303724,20.4390303724,1.0000000,2,2,0.49324550000000000,0.493245500000,1.01360149184955,1.01360149184955,1.01360149184955,0E-17,ELIGIBLE,R03b_20260811_FULL_v1,L1_ELIGIBILITY,v2026-08-11,2026-03-21..2026-08-06,baccarat_bet02_101_all_pairs_incl_sentinel,round_win = game_pnl > 0 (decisive only),COMPATIBILITY_ONLY_NOT_PRODUCTION,2204.4024,2020.7807,167.8606,114,114,-0.07614788,-0.07614788,,-0.07614788,-167.8606,2204.4024,OK,0.0000,6.7144,4.0000,96.0000,AG03-UNRESOLVED,ALL5_LEVELS_bet23_to_bet27,6.7144,6.7144,6.7144,6.7144,6.7144,4.000000,4.000000,4.000000,4.000000,4.000000,96.000000,96.000000,96.000000,96.000000,96.000000,5.0,33.5721,30.9916,134.2885,136.8689,PENDING_AG03,FALSE,NOT_FOR_ENFORCEMENT,161.1461,1939.9495,167.8606,161.1461,6.7144,0.07614788,0.07310196,6.7144,161.1461,0.07310196,6.7144,6.7144,6.7144,6.7144,6.7144,161.1461,0.07310196,33.5721,30.9916,134.2885,136.8689,0.06091830,0.0620889,0.00304592,19.3369,17.7261,1.4725,41.9651,2.4685,551.1006,28.5000,19.3369,,10.2195,19.1935,20.439,34.7464,40.8781,61.3171,15.2351,0.0,2.12979,3.194685,1.007471,26,35,7,2,1.00000000,0.07614788,0.07614788,0E-8,0.000000,0.916702,0.000000,,2026-07-30,2026-08-05,4,68,43,7,0.571429,,1.000000,3.333333,,,,,,,,GLOBAL_BASELINE_NO_ENTITY_RANKING,,,NOT_APPLICABLE_GLOBAL_BASELINE,HF9g-P5,,,,X 全窗基线 · 不参与实体赏罚,6871054,688,A168_HF9F_20260827_0900,2026-08-27 09:00:00
2026-07-30,135947540,2250,0,49.0536728938,-20.4390303724,-20.4390303724,0E-7,2,2,0.49324550000000000,0.493245500000,-0.9865810262130424,-0.9865810262130424,-0.9865810262130424,0E-17,ELIGIBLE,R03b_20260811_FULL_v1,L1_ELIGIBILITY,v2026-08-11,2026-03-21..2026-08-06,baccarat_bet02_101_all_pairs_incl_sentinel,round_win = game_pnl > 0 (decisive only),COMPATIBILITY_ONLY_NOT_PRODUCTION,2204.4024,2020.7807,167.8606,114,114,-0.07614788,-0.07614788,,-0.07614788,-167.8606,2204.4024,OK,0.0000,6.7144,4.0000,96.0000,AG03-UNRESOLVED,ALL5_LEVELS_bet23_to_bet27,6.7144,6.7144,6.7144,6.7144,6.7144,4.000000,4.000000,4.000000,4.000000,4.000000,96.000000,96.000000,96.000000,96.000000,96.000000,5.0,33.5721,30.9916,134.2885,136.8689,PENDING_AG03,FALSE,NOT_FOR_ENFORCEMENT,161.1461,1939.9495,167.8606,161.1461,6.7144,0.07614788,0.07310196,6.7144,161.1461,0.07310196,6.7144,6.7144,6.7144,6.7144,6.7144,161.1461,0.07310196,33.5721,30.9916,134.2885,136.8689,0.06091830,0.0620889,0.00304592,19.3369,17.7261,1.4725,41.9651,2.4685,551.1006,28.5000,19.3369,,10.2195,19.1935,20.439,34.7464,40.8781,61.3171,15.2351,0.0,2.12979,3.194685,1.007471,26,35,7,2,1.00000000,0.07614788,0.07614788,0E-8,0.000000,0.916702,0.000000,,2026-07-30,2026-08-05,4,68,43,7,0.571429,,1.000000,3.333333,,,,,,,,GLOBAL_BASELINE_NO_ENTITY_RANKING,,,NOT_APPLICABLE_GLOBAL_BASELINE,HF9g-P5,,,,X 全窗基线 · 不参与实体赏罚,6871055,688,A168_HF9F_20260827_0900,2026-08-27 09:00:00
2026-07-30,135947540,2261,0,20.4390303724,0E-10,0E-10,,1,1,0.49324550000000000,0.493245500000,,,,0E-17,NO_DECISIVE_ROUND,R03b_20260811_FULL_v1,L1_ELIGIBILITY,v2026-08-11,2026-03-21..2026-08-06,baccarat_bet02_101_all_pairs_incl_sentinel,round_win = game_pnl > 0 (decisive only),COMPATIBILITY_ONLY_NOT_PRODUCTION,2204.4024,2020.7807,167.8606,114,114,-0.07614788,-0.07614788,,-0.07614788,-167.8606,2204.4024,OK,0.0000,6.7144,4.0000,96.0000,AG03-UNRESOLVED,ALL5_LEVELS_bet23_to_bet27,6.7144,6.7144,6.7144,6.7144,6.7144,4.000000,4.000000,4.000000,4.000000,4.000000,96.000000,96.000000,96.000000,96.000000,96.000000,5.0,33.5721,30.9916,134.2885,136.8689,PENDING_AG03,FALSE,NOT_FOR_ENFORCEMENT,161.1461,1939.9495,167.8606,161.1461,6.7144,0.07614788,0.07310196,6.7144,161.1461,0.07310196,6.7144,6.7144,6.7144,6.7144,6.7144,161.1461,0.07310196,33.5721,30.9916,134.2885,136.8689,0.06091830,0.0620889,0.00304592,19.3369,17.7261,1.4725,41.9651,2.4685,551.1006,28.5000,19.3369,,10.2195,19.1935,20.439,34.7464,40.8781,61.3171,15.2351,0.0,2.12979,3.194685,1.007471,26,35,7,2,1.00000000,0.07614788,0.07614788,0E-8,0.000000,0.916702,0.000000,,2026-07-30,2026-08-05,4,68,43,7,0.571429,,1.000000,3.333333,,,,,,,,GLOBAL_BASELINE_NO_ENTITY_RANKING,,,NOT_APPLICABLE_GLOBAL_BASELINE,HF9g-P5,,,,X 全窗基线 · 不参与实体赏罚,6871056,688,A168_HF9F_20260827_0900,2026-08-27 09:00:00
2026-07-30,135947540,2266,0,10.2195151862,10.2195151862,10.2195151862,1.0000000,1,1,0.49324550000000000,0.493245500000,1.01360149184955,1.01360149184955,1.01360149184955,0E-17,ELIGIBLE,R03b_20260811_FULL_v1,L1_ELIGIBILITY,v2026-08-11,2026-03-21..2026-08-06,baccarat_bet02_101_all_pairs_incl_sentinel,round_win = game_pnl > 0 (decisive only),COMPATIBILITY_ONLY_NOT_PRODUCTION,2204.4024,2020.7807,167.8606,114,114,-0.07614788,-0.07614788,,-0.07614788,-167.8606,2204.4024,OK,0.0000,6.7144,4.0000,96.0000,AG03-UNRESOLVED,ALL5_LEVELS_bet23_to_bet27,6.7144,6.7144,6.7144,6.7144,6.7144,4.000000,4.000000,4.000000,4.000000,4.000000,96.000000,96.000000,96.000000,96.000000,96.000000,5.0,33.5721,30.9916,134.2885,136.8689,PENDING_AG03,FALSE,NOT_FOR_ENFORCEMENT,161.1461,1939.9495,167.8606,161.1461,6.7144,0.07614788,0.07310196,6.7144,161.1461,0.07310196,6.7144,6.7144,6.7144,6.7144,6.7144,161.1461,0.07310196,33.5721,30.9916,134.2885,136.8689,0.06091830,0.0620889,0.00304592,19.3369,17.7261,1.4725,41.9651,2.4685,551.1006,28.5000,19.3369,,10.2195,19.1935,20.439,34.7464,40.8781,61.3171,15.2351,0.0,2.12979,3.194685,1.007471,26,35,7,2,1.00000000,0.07614788,0.07614788,0E-8,0.000000,0.916702,0.000000,,2026-07-30,2026-08-05,4,68,43,7,0.571429,,1.000000,3.333333,,,,,,,,GLOBAL_BASELINE_NO_ENTITY_RANKING,,,NOT_APPLICABLE_GLOBAL_BASELINE,HF9g-P5,,,,X 全窗基线 · 不参与实体赏罚,6871057,688,A168_HF9F_20260827_0900,2026-08-27 09:00:00
2026-07-30,135947540,2287,0,91.9756366758,91.9756366758,91.9756366758,1.0000000,4,4,0.49324550000000000,0.493245500000,2.0272029836991,2.0272029836991,2.0272029836991,0E-17,ELIGIBLE,R03b_20260811_FULL_v1,L1_ELIGIBILITY,v2026-08-11,2026-03-21..2026-08-06,baccarat_bet02_101_all_pairs_incl_sentinel,round_win = game_pnl > 0 (decisive only),COMPATIBILITY_ONLY_NOT_PRODUCTION,2204.4024,2020.7807,167.8606,114,114,-0.07614788,-0.07614788,,-0.07614788,-167.8606,2204.4024,OK,0.0000,6.7144,4.0000,96.0000,AG03-UNRESOLVED,ALL5_LEVELS_bet23_to_bet27,6.7144,6.7144,6.7144,6.7144,6.7144,4.000000,4.000000,4.000000,4.000000,4.000000,96.000000,96.000000,96.000000,96.000000,96.000000,5.0,33.5721,30.9916,134.2885,136.8689,PENDING_AG03,FALSE,NOT_FOR_ENFORCEMENT,161.1461,1939.9495,167.8606,161.1461,6.7144,0.07614788,0.07310196,6.7144,161.1461,0.07310196,6.7144,6.7144,6.7144,6.7144,6.7144,161.1461,0.07310196,33.5721,30.9916,134.2885,136.8689,0.06091830,0.0620889,0.00304592,19.3369,17.7261,1.4725,41.9651,2.4685,551.1006,28.5000,19.3369,,10.2195,19.1935,20.439,34.7464,40.8781,61.3171,15.2351,0.0,2.12979,3.194685,1.007471,26,35,7,2,1.00000000,0.07614788,0.07614788,0E-8,0.000000,0.916702,0.000000,,2026-07-30,2026-08-05,4,68,43,7,0.571429,,1.000000,3.333333,,,,,,,,GLOBAL_BASELINE_NO_ENTITY_RANKING,,,NOT_APPLICABLE_GLOBAL_BASELINE,HF9g-P5,,,,X 全窗基线 · 不参与实体赏罚,6871058,688,A168_HF9F_20260827_0900,2026-08-27 09:00:00
2026-07-30,135947540,2289,0,34.7463516331,-34.7463516331,-34.7463516331,0E-7,1,1,0.50665070000000000,0.506650700000,-1.013391052207602,-1.013391052207602,-1.013391052207602,0E-17,ELIGIBLE,R03b_20260811_FULL_v1,L1_ELIGIBILITY,v2026-08-11,2026-03-21..2026-08-06,baccarat_bet02_101_all_pairs_incl_sentinel,round_win = game_pnl > 0 (decisive only),COMPATIBILITY_ONLY_NOT_PRODUCTION,2204.4024,2020.7807,167.8606,114,114,-0.07614788,-0.07614788,,-0.07614788,-167.8606,2204.4024,OK,0.0000,6.7144,4.0000,96.0000,AG03-UNRESOLVED,ALL5_LEVELS_bet23_to_bet27,6.7144,6.7144,6.7144,6.7144,6.7144,4.000000,4.000000,4.000000,4.000000,4.000000,96.000000,96.000000,96.000000,96.000000,96.000000,5.0,33.5721,30.9916,134.2885,136.8689,PENDING_AG03,FALSE,NOT_FOR_ENFORCEMENT,161.1461,1939.9495,167.8606,161.1461,6.7144,0.07614788,0.07310196,6.7144,161.1461,0.07310196,6.7144,6.7144,6.7144,6.7144,6.7144,161.1461,0.07310196,33.5721,30.9916,134.2885,136.8689,0.06091830,0.0620889,0.00304592,19.3369,17.7261,1.4725,41.9651,2.4685,551.1006,28.5000,19.3369,,10.2195,19.1935,20.439,34.7464,40.8781,61.3171,15.2351,0.0,2.12979,3.194685,1.007471,26,35,7,2,1.00000000,0.07614788,0.07614788,0E-8,0.000000,0.916702,0.000000,,2026-07-30,2026-08-05,4,68,43,7,0.571429,,1.000000,3.333333,,,,,,,,GLOBAL_BASELINE_NO_ENTITY_RANKING,,,NOT_APPLICABLE_GLOBAL_BASELINE,HF9g-P5,,,,X 全窗基线 · 不参与实体赏罚,6871059,688,A168_HF9F_20260827_0900,2026-08-27 09:00:00
2026-07-30,135947540,462,0,40.8780607448,-40.8780607448,-40.8780607448,0E-7,2,2,0.49324550000000000,0.493245500000,-1.3952362676504506,-1.3952362676504506,-1.3952362676504506,0E-17,ELIGIBLE,R03b_20260811_FULL_v1,L1_ELIGIBILITY,v2026-08-11,2026-03-21..2026-08-06,baccarat_bet02_101_all_pairs_incl_sentinel,round_win = game_pnl > 0 (decisive only),COMPATIBILITY_ONLY_NOT_PRODUCTION,2204.4024,2020.7807,167.8606,114,114,-0.07614788,-0.07614788,,-0.07614788,-167.8606,2204.4024,OK,0.0000,6.7144,4.0000,96.0000,AG03-UNRESOLVED,ALL5_LEVELS_bet23_to_bet27,6.7144,6.7144,6.7144,6.7144,6.7144,4.000000,4.000000,4.000000,4.000000,4.000000,96.000000,96.000000,96.000000,96.000000,96.000000,5.0,33.5721,30.9916,134.2885,136.8689,PENDING_AG03,FALSE,NOT_FOR_ENFORCEMENT,161.1461,1939.9495,167.8606,161.1461,6.7144,0.07614788,0.07310196,6.7144,161.1461,0.07310196,6.7144,6.7144,6.7144,6.7144,6.7144,161.1461,0.07310196,33.5721,30.9916,134.2885,136.8689,0.06091830,0.0620889,0.00304592,19.3369,17.7261,1.4725,41.9651,2.4685,551.1006,28.5000,19.3369,,10.2195,19.1935,20.439,34.7464,40.8781,61.3171,15.2351,0.0,2.12979,3.194685,1.007471,26,35,7,2,1.00000000,0.07614788,0.07614788,0E-8,0.000000,0.916702,0.000000,,2026-07-30,2026-08-05,4,68,43,7,0.571429,,1.000000,3.333333,,,,,,,,GLOBAL_BASELINE_NO_ENTITY_RANKING,,,NOT_APPLICABLE_GLOBAL_BASELINE,HF9g-P5,,,,X 全窗基线 · 不参与实体赏罚,6871060,688,A168_HF9F_20260827_0900,2026-08-27 09:00:00
2026-07-30,135947540,550,0,38.8341577075,14.3073212607,14.3073212607,0.6666667,3,3,0.49324550000000000,0.493245500000,0.6008033672792107,0.6008033672792106,0.6008033672792107,0E-17,ELIGIBLE,R03b_20260811_FULL_v1,L1_ELIGIBILITY,v2026-08-11,2026-03-21..2026-08-06,baccarat_bet02_101_all_pairs_incl_sentinel,round_win = game_pnl > 0 (decisive only),COMPATIBILITY_ONLY_NOT_PRODUCTION,2204.4024,2020.7807,167.8606,114,114,-0.07614788,-0.07614788,,-0.07614788,-167.8606,2204.4024,OK,0.0000,6.7144,4.0000,96.0000,AG03-UNRESOLVED,ALL5_LEVELS_bet23_to_bet27,6.7144,6.7144,6.7144,6.7144,6.7144,4.000000,4.000000,4.000000,4.000000,4.000000,96.000000,96.000000,96.000000,96.000000,96.000000,5.0,33.5721,30.9916,134.2885,136.8689,PENDING_AG03,FALSE,NOT_FOR_ENFORCEMENT,161.1461,1939.9495,167.8606,161.1461,6.7144,0.07614788,0.07310196,6.7144,161.1461,0.07310196,6.7144,6.7144,6.7144,6.7144,6.7144,161.1461,0.07310196,33.5721,30.9916,134.2885,136.8689,0.06091830,0.0620889,0.00304592,19.3369,17.7261,1.4725,41.9651,2.4685,551.1006,28.5000,19.3369,,10.2195,19.1935,20.439,34.7464,40.8781,61.3171,15.2351,0.0,2.12979,3.194685,1.007471,26,35,7,2,1.00000000,0.07614788,0.07614788,0E-8,0.000000,0.916702,0.000000,,2026-07-30,2026-08-05,4,68,43,7,0.571429,,1.000000,3.333333,,,,,,,,GLOBAL_BASELINE_NO_ENTITY_RANKING,,,NOT_APPLICABLE_GLOBAL_BASELINE,HF9g-P5,,,,X 全窗基线 · 不参与实体赏罚,6871061,688,A168_HF9F_20260827_0900,2026-08-27 09:00:00
2026-07-30,135947540,919,0,10.2195151862,-10.2195151862,-10.2195151862,0E-7,1,1,0.49324550000000000,0.493245500000,-0.9865810262130424,-0.9865810262130424,-0.9865810262130424,0E-17,ELIGIBLE,R03b_20260811_FULL_v1,L1_ELIGIBILITY,v2026-08-11,2026-03-21..2026-08-06,baccarat_bet02_101_all_pairs_incl_sentinel,round_win = game_pnl > 0 (decisive only),COMPATIBILITY_ONLY_NOT_PRODUCTION,2204.4024,2020.7807,167.8606,114,114,-0.07614788,-0.07614788,,-0.07614788,-167.8606,2204.4024,OK,0.0000,6.7144,4.0000,96.0000,AG03-UNRESOLVED,ALL5_LEVELS_bet23_to_bet27,6.7144,6.7144,6.7144,6.7144,6.7144,4.000000,4.000000,4.000000,4.000000,4.000000,96.000000,96.000000,96.000000,96.000000,96.000000,5.0,33.5721,30.9916,134.2885,136.8689,PENDING_AG03,FALSE,NOT_FOR_ENFORCEMENT,161.1461,1939.9495,167.8606,161.1461,6.7144,0.07614788,0.07310196,6.7144,161.1461,0.07310196,6.7144,6.7144,6.7144,6.7144,6.7144,161.1461,0.07310196,33.5721,30.9916,134.2885,136.8689,0.06091830,0.0620889,0.00304592,19.3369,17.7261,1.4725,41.9651,2.4685,551.1006,28.5000,19.3369,,10.2195,19.1935,20.439,34.7464,40.8781,61.3171,15.2351,0.0,2.12979,3.194685,1.007471,26,35,7,2,1.00000000,0.07614788,0.07614788,0E-8,0.000000,0.916702,0.000000,,2026-07-30,2026-08-05,4,68,43,7,0.571429,,1.000000,3.333333,,,,,,,,GLOBAL_BASELINE_NO_ENTITY_RANKING,,,NOT_APPLICABLE_GLOBAL_BASELINE,HF9g-P5,,,,X 全窗基线 · 不参与实体赏罚,6871062,688,A168_HF9F_20260827_0900,2026-08-27 09:00:00
2026-07-30,135947540,925,0,122.6341822344,-40.8780607448,-40.8780607448,0.3333333,3,3,0.49324550000000000,0.493245500000,-0.5540025479526107,-0.5540025479526106,-0.5540025479526107,0E-17,ELIGIBLE,R03b_20260811_FULL_v1,L1_ELIGIBILITY,v2026-08-11,2026-03-21..2026-08-06,baccarat_bet02_101_all_pairs_incl_sentinel,round_win = game_pnl > 0 (decisive only),COMPATIBILITY_ONLY_NOT_PRODUCTION,2204.4024,2020.7807,167.8606,114,114,-0.07614788,-0.07614788,,-0.07614788,-167.8606,2204.4024,OK,0.0000,6.7144,4.0000,96.0000,AG03-UNRESOLVED,ALL5_LEVELS_bet23_to_bet27,6.7144,6.7144,6.7144,6.7144,6.7144,4.000000,4.000000,4.000000,4.000000,4.000000,96.000000,96.000000,96.000000,96.000000,96.000000,5.0,33.5721,30.9916,134.2885,136.8689,PENDING_AG03,FALSE,NOT_FOR_ENFORCEMENT,161.1461,1939.9495,167.8606,161.1461,6.7144,0.07614788,0.07310196,6.7144,161.1461,0.07310196,6.7144,6.7144,6.7144,6.7144,6.7144,161.1461,0.07310196,33.5721,30.9916,134.2885,136.8689,0.06091830,0.0620889,0.00304592,19.3369,17.7261,1.4725,41.9651,2.4685,551.1006,28.5000,19.3369,,10.2195,19.1935,20.439,34.7464,40.8781,61.3171,15.2351,0.0,2.12979,3.194685,1.007471,26,35,7,2,1.00000000,0.07614788,0.07614788,0E-8,0.000000,0.916702,0.000000,,2026-07-30,2026-08-05,4,68,43,7,0.571429,,1.000000,3.333333,,,,,,,,GLOBAL_BASELINE_NO_ENTITY_RANKING,,,NOT_APPLICABLE_GLOBAL_BASELINE,HF9g-P5,,,,X 全窗基线 · 不参与实体赏罚,6871063,688,A168_HF9F_20260827_0900,2026-08-27 09:00:00
2026-07-30,135947540,994,0,51.0975759310,-10.2195151862,-10.2195151862,0.6666667,3,3,0.49771390000000000,0.497713900000,0.5852756695216578,0.5852756695216578,0.5852756695216578,0E-17,ELIGIBLE,R03b_20260811_FULL_v1,L1_ELIGIBILITY,v2026-08-11,2026-03-21..2026-08-06,baccarat_bet02_101_all_pairs_incl_sentinel,round_win = game_pnl > 0 (decisive only),COMPATIBILITY_ONLY_NOT_PRODUCTION,2204.4024,2020.7807,167.8606,114,114,-0.07614788,-0.07614788,,-0.07614788,-167.8606,2204.4024,OK,0.0000,6.7144,4.0000,96.0000,AG03-UNRESOLVED,ALL5_LEVELS_bet23_to_bet27,6.7144,6.7144,6.7144,6.7144,6.7144,4.000000,4.000000,4.000000,4.000000,4.000000,96.000000,96.000000,96.000000,96.000000,96.000000,5.0,33.5721,30.9916,134.2885,136.8689,PENDING_AG03,FALSE,NOT_FOR_ENFORCEMENT,161.1461,1939.9495,167.8606,161.1461,6.7144,0.07614788,0.07310196,6.7144,161.1461,0.07310196,6.7144,6.7144,6.7144,6.7144,6.7144,161.1461,0.07310196,33.5721,30.9916,134.2885,136.8689,0.06091830,0.0620889,0.00304592,19.3369,17.7261,1.4725,41.9651,2.4685,551.1006,28.5000,19.3369,,10.2195,19.1935,20.439,34.7464,40.8781,61.3171,15.2351,0.0,2.12979,3.194685,1.007471,26,35,7,2,1.00000000,0.07614788,0.07614788,0E-8,0.000000,0.916702,0.000000,,2026-07-30,2026-08-05,4,68,43,7,0.571429,,1.000000,3.333333,,,,,,,,GLOBAL_BASELINE_NO_ENTITY_RANKING,,,NOT_APPLICABLE_GLOBAL_BASELINE,HF9g-P5,,,,X 全窗基线 · 不参与实体赏罚,6871064,688,A168_HF9F_20260827_0900,2026-08-27 09:00:00
2026-07-31,135947540,-1,1,122.6851889628,-9.8154421298,-9.8154421298,0.5714286,8,8,0.49324550000000000,0.493245500000,0.4137436818725812,0.41374368187258126,0.4137436818725812,0E-17,SENTINEL_DEALER,R03b_20260811_FULL_v1,L1_ELIGIBILITY,v2026-08-11,2026-03-21..2026-08-06,baccarat_bet02_101_all_pairs_incl_sentinel,round_win = game_pnl > 0 (decisive only),COMPATIBILITY_ONLY_NOT_PRODUCTION,2204.4024,2020.7807,167.8606,114,114,-0.07614788,-0.07614788,,-0.07614788,-167.8606,2204.4024,OK,0.0000,6.7144,4.0000,96.0000,AG03-UNRESOLVED,ALL5_LEVELS_bet23_to_bet27,6.7144,6.7144,6.7144,6.7144,6.7144,4.000000,4.000000,4.000000,4.000000,4.000000,96.000000,96.000000,96.000000,96.000000,96.000000,5.0,33.5721,30.9916,134.2885,136.8689,PENDING_AG03,FALSE,NOT_FOR_ENFORCEMENT,161.1461,1939.9495,167.8606,161.1461,6.7144,0.07614788,0.07310196,6.7144,161.1461,0.07310196,6.7144,6.7144,6.7144,6.7144,6.7144,161.1461,0.07310196,33.5721,30.9916,134.2885,136.8689,0.06091830,0.0620889,0.00304592,19.3369,17.7261,1.4725,41.9651,2.4685,551.1006,28.5000,19.3369,,10.2195,19.1935,20.439,34.7464,40.8781,61.3171,15.2351,0.0,2.12979,3.194685,1.007471,26,35,7,2,1.00000000,0.07614788,0.07614788,0E-8,0.000000,0.916702,0.000000,,2026-07-30,2026-08-05,4,68,43,7,0.571429,,1.000000,3.333333,,,,,,,,GLOBAL_BASELINE_NO_ENTITY_RANKING,,,NOT_APPLICABLE_GLOBAL_BASELINE,HF9g-P5,,,,X 全窗基线 · 不参与实体赏罚,6871065,688,A168_HF9F_20260827_0900,2026-08-27 09:00:00
2026-07-31,135947540,1157,0,51.0975759310,10.2195151862,10.2195151862,0.6666667,3,3,0.49324550000000000,0.493245500000,0.6008033672792107,0.6008033672792106,0.6008033672792107,0E-17,ELIGIBLE,R03b_20260811_FULL_v1,L1_ELIGIBILITY,v2026-08-11,2026-03-21..2026-08-06,baccarat_bet02_101_all_pairs_incl_sentinel,round_win = game_pnl > 0 (decisive only),COMPATIBILITY_ONLY_NOT_PRODUCTION,2204.4024,2020.7807,167.8606,114,114,-0.07614788,-0.07614788,,-0.07614788,-167.8606,2204.4024,OK,0.0000,6.7144,4.0000,96.0000,AG03-UNRESOLVED,ALL5_LEVELS_bet23_to_bet27,6.7144,6.7144,6.7144,6.7144,6.7144,4.000000,4.000000,4.000000,4.000000,4.000000,96.000000,96.000000,96.000000,96.000000,96.000000,5.0,33.5721,30.9916,134.2885,136.8689,PENDING_AG03,FALSE,NOT_FOR_ENFORCEMENT,161.1461,1939.9495,167.8606,161.1461,6.7144,0.07614788,0.07310196,6.7144,161.1461,0.07310196,6.7144,6.7144,6.7144,6.7144,6.7144,161.1461,0.07310196,33.5721,30.9916,134.2885,136.8689,0.06091830,0.0620889,0.00304592,19.3369,17.7261,1.4725,41.9651,2.4685,551.1006,28.5000,19.3369,,10.2195,19.1935,20.439,34.7464,40.8781,61.3171,15.2351,0.0,2.12979,3.194685,1.007471,26,35,7,2,1.00000000,0.07614788,0.07614788,0E-8,0.000000,0.916702,0.000000,,2026-07-30,2026-08-05,4,68,43,7,0.571429,,1.000000,3.333333,,,,,,,,GLOBAL_BASELINE_NO_ENTITY_RANKING,,,NOT_APPLICABLE_GLOBAL_BASELINE,HF9g-P5,,,,X 全窗基线 · 不参与实体赏罚,6871066,688,A168_HF9F_20260827_0900,2026-08-27 09:00:00
2026-07-31,135947540,1306,0,10.2195151862,-10.2195151862,-10.2195151862,0E-7,1,1,0.49324550000000000,0.493245500000,-0.9865810262130424,-0.9865810262130424,-0.9865810262130424,0E-17,ELIGIBLE,R03b_20260811_FULL_v1,L1_ELIGIBILITY,v2026-08-11,2026-03-21..2026-08-06,baccarat_bet02_101_all_pairs_incl_sentinel,round_win = game_pnl > 0 (decisive only),COMPATIBILITY_ONLY_NOT_PRODUCTION,2204.4024,2020.7807,167.8606,114,114,-0.07614788,-0.07614788,,-0.07614788,-167.8606,2204.4024,OK,0.0000,6.7144,4.0000,96.0000,AG03-UNRESOLVED,ALL5_LEVELS_bet23_to_bet27,6.7144,6.7144,6.7144,6.7144,6.7144,4.000000,4.000000,4.000000,4.000000,4.000000,96.000000,96.000000,96.000000,96.000000,96.000000,5.0,33.5721,30.9916,134.2885,136.8689,PENDING_AG03,FALSE,NOT_FOR_ENFORCEMENT,161.1461,1939.9495,167.8606,161.1461,6.7144,0.07614788,0.07310196,6.7144,161.1461,0.07310196,6.7144,6.7144,6.7144,6.7144,6.7144,161.1461,0.07310196,33.5721,30.9916,134.2885,136.8689,0.06091830,0.0620889,0.00304592,19.3369,17.7261,1.4725,41.9651,2.4685,551.1006,28.5000,19.3369,,10.2195,19.1935,20.439,34.7464,40.8781,61.3171,15.2351,0.0,2.12979,3.194685,1.007471,26,35,7,2,1.00000000,0.07614788,0.07614788,0E-8,0.000000,0.916702,0.000000,,2026-07-30,2026-08-05,4,68,43,7,0.571429,,1.000000,3.333333,,,,,,,,GLOBAL_BASELINE_NO_ENTITY_RANKING,,,NOT_APPLICABLE_GLOBAL_BASELINE,HF9g-P5,,,,X 全窗基线 · 不参与实体赏罚,6871067,688,A168_HF9F_20260827_0900,2026-08-27 09:00:00
2026-07-31,135947540,1384,0,12.2634182234,-12.2634182234,-12.2634182234,0E-7,1,1,0.50665070000000000,0.506650700000,-1.013391052207602,-1.013391052207602,-1.013391052207602,0E-17,ELIGIBLE,R03b_20260811_FULL_v1,L1_ELIGIBILITY,v2026-08-11,2026-03-21..2026-08-06,baccarat_bet02_101_all_pairs_incl_sentinel,round_win = game_pnl > 0 (decisive only),COMPATIBILITY_ONLY_NOT_PRODUCTION,2204.4024,2020.7807,167.8606,114,114,-0.07614788,-0.07614788,,-0.07614788,-167.8606,2204.4024,OK,0.0000,6.7144,4.0000,96.0000,AG03-UNRESOLVED,ALL5_LEVELS_bet23_to_bet27,6.7144,6.7144,6.7144,6.7144,6.7144,4.000000,4.000000,4.000000,4.000000,4.000000,96.000000,96.000000,96.000000,96.000000,96.000000,5.0,33.5721,30.9916,134.2885,136.8689,PENDING_AG03,FALSE,NOT_FOR_ENFORCEMENT,161.1461,1939.9495,167.8606,161.1461,6.7144,0.07614788,0.07310196,6.7144,161.1461,0.07310196,6.7144,6.7144,6.7144,6.7144,6.7144,161.1461,0.07310196,33.5721,30.9916,134.2885,136.8689,0.06091830,0.0620889,0.00304592,19.3369,17.7261,1.4725,41.9651,2.4685,551.1006,28.5000,19.3369,,10.2195,19.1935,20.439,34.7464,40.8781,61.3171,15.2351,0.0,2.12979,3.194685,1.007471,26,35,7,2,1.00000000,0.07614788,0.07614788,0E-8,0.000000,0.916702,0.000000,,2026-07-30,2026-08-05,4,68,43,7,0.571429,,1.000000,3.333333,,,,,,,,GLOBAL_BASELINE_NO_ENTITY_RANKING,,,NOT_APPLICABLE_GLOBAL_BASELINE,HF9g-P5,,,,X 全窗基线 · 不参与实体赏罚,6871068,688,A168_HF9F_20260827_0900,2026-08-27 09:00:00
2026-07-31,135947540,1485,0,10.6282957936,-10.6282957936,-10.6282957936,0E-7,1,1,0.49324550000000000,0.493245500000,-0.9865810262130424,-0.9865810262130424,-0.9865810262130424,0E-17,ELIGIBLE,R03b_20260811_FULL_v1,L1_ELIGIBILITY,v2026-08-11,2026-03-21..2026-08-06,baccarat_bet02_101_all_pairs_incl_sentinel,round_win = game_pnl > 0 (decisive only),COMPATIBILITY_ONLY_NOT_PRODUCTION,2204.4024,2020.7807,167.8606,114,114,-0.07614788,-0.07614788,,-0.07614788,-167.8606,2204.4024,OK,0.0000,6.7144,4.0000,96.0000,AG03-UNRESOLVED,ALL5_LEVELS_bet23_to_bet27,6.7144,6.7144,6.7144,6.7144,6.7144,4.000000,4.000000,4.000000,4.000000,4.000000,96.000000,96.000000,96.000000,96.000000,96.000000,5.0,33.5721,30.9916,134.2885,136.8689,PENDING_AG03,FALSE,NOT_FOR_ENFORCEMENT,161.1461,1939.9495,167.8606,161.1461,6.7144,0.07614788,0.07310196,6.7144,161.1461,0.07310196,6.7144,6.7144,6.7144,6.7144,6.7144,161.1461,0.07310196,33.5721,30.9916,134.2885,136.8689,0.06091830,0.0620889,0.00304592,19.3369,17.7261,1.4725,41.9651,2.4685,551.1006,28.5000,19.3369,,10.2195,19.1935,20.439,34.7464,40.8781,61.3171,15.2351,0.0,2.12979,3.194685,1.007471,26,35,7,2,1.00000000,0.07614788,0.07614788,0E-8,0.000000,0.916702,0.000000,,2026-07-30,2026-08-05,4,68,43,7,0.571429,,1.000000,3.333333,,,,,,,,GLOBAL_BASELINE_NO_ENTITY_RANKING,,,NOT_APPLICABLE_GLOBAL_BASELINE,HF9g-P5,,,,X 全窗基线 · 不参与实体赏罚,6871069,688,A168_HF9F_20260827_0900,2026-08-27 09:00:00
2026-07-31,135947540,1951,0,20.4390303724,-20.4390303724,-20.4390303724,0E-7,1,1,0.49324550000000000,0.493245500000,-0.9865810262130424,-0.9865810262130424,-0.9865810262130424,0E-17,ELIGIBLE,R03b_20260811_FULL_v1,L1_ELIGIBILITY,v2026-08-11,2026-03-21..2026-08-06,baccarat_bet02_101_all_pairs_incl_sentinel,round_win = game_pnl > 0 (decisive only),COMPATIBILITY_ONLY_NOT_PRODUCTION,2204.4024,2020.7807,167.8606,114,114,-0.07614788,-0.07614788,,-0.07614788,-167.8606,2204.4024,OK,0.0000,6.7144,4.0000,96.0000,AG03-UNRESOLVED,ALL5_LEVELS_bet23_to_bet27,6.7144,6.7144,6.7144,6.7144,6.7144,4.000000,4.000000,4.000000,4.000000,4.000000,96.000000,96.000000,96.000000,96.000000,96.000000,5.0,33.5721,30.9916,134.2885,136.8689,PENDING_AG03,FALSE,NOT_FOR_ENFORCEMENT,161.1461,1939.9495,167.8606,161.1461,6.7144,0.07614788,0.07310196,6.7144,161.1461,0.07310196,6.7144,6.7144,6.7144,6.7144,6.7144,161.1461,0.07310196,33.5721,30.9916,134.2885,136.8689,0.06091830,0.0620889,0.00304592,19.3369,17.7261,1.4725,41.9651,2.4685,551.1006,28.5000,19.3369,,10.2195,19.1935,20.439,34.7464,40.8781,61.3171,15.2351,0.0,2.12979,3.194685,1.007471,26,35,7,2,1.00000000,0.07614788,0.07614788,0E-8,0.000000,0.916702,0.000000,,2026-07-30,2026-08-05,4,68,43,7,0.571429,,1.000000,3.333333,,,,,,,,GLOBAL_BASELINE_NO_ENTITY_RANKING,,,NOT_APPLICABLE_GLOBAL_BASELINE,HF9g-P5,,,,X 全窗基线 · 不参与实体赏罚,6871070,688,A168_HF9F_20260827_0900,2026-08-27 09:00:00
2026-07-31,135947540,2123,0,10.1018264102,-10.1018264102,-10.1018264102,0E-7,1,1,0.50665070000000000,0.506650700000,-1.013391052207602,-1.013391052207602,-1.013391052207602,0E-17,ELIGIBLE,R03b_20260811_FULL_v1,L1_ELIGIBILITY,v2026-08-11,2026-03-21..2026-08-06,baccarat_bet02_101_all_pairs_incl_sentinel,round_win = game_pnl > 0 (decisive only),COMPATIBILITY_ONLY_NOT_PRODUCTION,2204.4024,2020.7807,167.8606,114,114,-0.07614788,-0.07614788,,-0.07614788,-167.8606,2204.4024,OK,0.0000,6.7144,4.0000,96.0000,AG03-UNRESOLVED,ALL5_LEVELS_bet23_to_bet27,6.7144,6.7144,6.7144,6.7144,6.7144,4.000000,4.000000,4.000000,4.000000,4.000000,96.000000,96.000000,96.000000,96.000000,96.000000,5.0,33.5721,30.9916,134.2885,136.8689,PENDING_AG03,FALSE,NOT_FOR_ENFORCEMENT,161.1461,1939.9495,167.8606,161.1461,6.7144,0.07614788,0.07310196,6.7144,161.1461,0.07310196,6.7144,6.7144,6.7144,6.7144,6.7144,161.1461,0.07310196,33.5721,30.9916,134.2885,136.8689,0.06091830,0.0620889,0.00304592,19.3369,17.7261,1.4725,41.9651,2.4685,551.1006,28.5000,19.3369,,10.2195,19.1935,20.439,34.7464,40.8781,61.3171,15.2351,0.0,2.12979,3.194685,1.007471,26,35,7,2,1.00000000,0.07614788,0.07614788,0E-8,0.000000,0.916702,0.000000,,2026-07-30,2026-08-05,4,68,43,7,0.571429,,1.000000,3.333333,,,,,,,,GLOBAL_BASELINE_NO_ENTITY_RANKING,,,NOT_APPLICABLE_GLOBAL_BASELINE,HF9g-P5,,,,X 全窗基线 · 不参与实体赏罚,6871071,688,A168_HF9F_20260827_0900,2026-08-27 09:00:00
2026-07-31,135947540,2174,0,21.8199450461,-21.8199450461,-21.8199450461,0E-7,1,1,0.49324550000000000,0.493245500000,-0.9865810262130424,-0.9865810262130424,-0.9865810262130424,0E-17,ELIGIBLE,R03b_20260811_FULL_v1,L1_ELIGIBILITY,v2026-08-11,2026-03-21..2026-08-06,baccarat_bet02_101_all_pairs_incl_sentinel,round_win = game_pnl > 0 (decisive only),COMPATIBILITY_ONLY_NOT_PRODUCTION,2204.4024,2020.7807,167.8606,114,114,-0.07614788,-0.07614788,,-0.07614788,-167.8606,2204.4024,OK,0.0000,6.7144,4.0000,96.0000,AG03-UNRESOLVED,ALL5_LEVELS_bet23_to_bet27,6.7144,6.7144,6.7144,6.7144,6.7144,4.000000,4.000000,4.000000,4.000000,4.000000,96.000000,96.000000,96.000000,96.000000,96.000000,5.0,33.5721,30.9916,134.2885,136.8689,PENDING_AG03,FALSE,NOT_FOR_ENFORCEMENT,161.1461,1939.9495,167.8606,161.1461,6.7144,0.07614788,0.07310196,6.7144,161.1461,0.07310196,6.7144,6.7144,6.7144,6.7144,6.7144,161.1461,0.07310196,33.5721,30.9916,134.2885,136.8689,0.06091830,0.0620889,0.00304592,19.3369,17.7261,1.4725,41.9651,2.4685,551.1006,28.5000,19.3369,,10.2195,19.1935,20.439,34.7464,40.8781,61.3171,15.2351,0.0,2.12979,3.194685,1.007471,26,35,7,2,1.00000000,0.07614788,0.07614788,0E-8,0.000000,0.916702,0.000000,,2026-07-30,2026-08-05,4,68,43,7,0.571429,,1.000000,3.333333,,,,,,,,GLOBAL_BASELINE_NO_ENTITY_RANKING,,,NOT_APPLICABLE_GLOBAL_BASELINE,HF9g-P5,,,,X 全窗基线 · 不参与实体赏罚,6871072,688,A168_HF9F_20260827_0900,2026-08-27 09:00:00
2026-07-31,135947540,2201,0,10.9099725230,10.9099725230,10.9099725230,1.0000000,1,1,0.49324550000000000,0.493245500000,1.01360149184955,1.01360149184955,1.01360149184955,0E-17,ELIGIBLE,R03b_20260811_FULL_v1,L1_ELIGIBILITY,v2026-08-11,2026-03-21..2026-08-06,baccarat_bet02_101_all_pairs_incl_sentinel,round_win = game_pnl > 0 (decisive only),COMPATIBILITY_ONLY_NOT_PRODUCTION,2204.4024,2020.7807,167.8606,114,114,-0.07614788,-0.07614788,,-0.07614788,-167.8606,2204.4024,OK,0.0000,6.7144,4.0000,96.0000,AG03-UNRESOLVED,ALL5_LEVELS_bet23_to_bet27,6.7144,6.7144,6.7144,6.7144,6.7144,4.000000,4.000000,4.000000,4.000000,4.000000,96.000000,96.000000,96.000000,96.000000,96.000000,5.0,33.5721,30.9916,134.2885,136.8689,PENDING_AG03,FALSE,NOT_FOR_ENFORCEMENT,161.1461,1939.9495,167.8606,161.1461,6.7144,0.07614788,0.07310196,6.7144,161.1461,0.07310196,6.7144,6.7144,6.7144,6.7144,6.7144,161.1461,0.07310196,33.5721,30.9916,134.2885,136.8689,0.06091830,0.0620889,0.00304592,19.3369,17.7261,1.4725,41.9651,2.4685,551.1006,28.5000,19.3369,,10.2195,19.1935,20.439,34.7464,40.8781,61.3171,15.2351,0.0,2.12979,3.194685,1.007471,26,35,7,2,1.00000000,0.07614788,0.07614788,0E-8,0.000000,0.916702,0.000000,,2026-07-30,2026-08-05,4,68,43,7,0.571429,,1.000000,3.333333,,,,,,,,GLOBAL_BASELINE_NO_ENTITY_RANKING,,,NOT_APPLICABLE_GLOBAL_BASELINE,HF9g-P5,,,,X 全窗基线 · 不参与实体赏罚,6871073,688,A168_HF9F_20260827_0900,2026-08-27 09:00:00
2026-07-31,135947540,2234,0,20.2036528204,-20.2036528204,-20.2036528204,0E-7,1,1,0.49324550000000000,0.493245500000,-0.9865810262130424,-0.9865810262130424,-0.9865810262130424,0E-17,ELIGIBLE,R03b_20260811_FULL_v1,L1_ELIGIBILITY,v2026-08-11,2026-03-21..2026-08-06,baccarat_bet02_101_all_pairs_incl_sentinel,round_win = game_pnl > 0 (decisive only),COMPATIBILITY_ONLY_NOT_PRODUCTION,2204.4024,2020.7807,167.8606,114,114,-0.07614788,-0.07614788,,-0.07614788,-167.8606,2204.4024,OK,0.0000,6.7144,4.0000,96.0000,AG03-UNRESOLVED,ALL5_LEVELS_bet23_to_bet27,6.7144,6.7144,6.7144,6.7144,6.7144,4.000000,4.000000,4.000000,4.000000,4.000000,96.000000,96.000000,96.000000,96.000000,96.000000,5.0,33.5721,30.9916,134.2885,136.8689,PENDING_AG03,FALSE,NOT_FOR_ENFORCEMENT,161.1461,1939.9495,167.8606,161.1461,6.7144,0.07614788,0.07310196,6.7144,161.1461,0.07310196,6.7144,6.7144,6.7144,6.7144,6.7144,161.1461,0.07310196,33.5721,30.9916,134.2885,136.8689,0.06091830,0.0620889,0.00304592,19.3369,17.7261,1.4725,41.9651,2.4685,551.1006,28.5000,19.3369,,10.2195,19.1935,20.439,34.7464,40.8781,61.3171,15.2351,0.0,2.12979,3.194685,1.007471,26,35,7,2,1.00000000,0.07614788,0.07614788,0E-8,0.000000,0.916702,0.000000,,2026-07-30,2026-08-05,4,68,43,7,0.571429,,1.000000,3.333333,,,,,,,,GLOBAL_BASELINE_NO_ENTITY_RANKING,,,NOT_APPLICABLE_GLOBAL_BASELINE,HF9g-P5,,,,X 全窗基线 · 不参与实体赏罚,6871074,688,A168_HF9F_20260827_0900,2026-08-27 09:00:00
2026-08-04,135947540,-1,1,46.4684014869,-46.4684014869,-46.4684014869,0E-7,3,3,0.49324550000000000,0.493245500000,-1.708808463184432,-1.7088084631844318,-1.708808463184432,0E-17,SENTINEL_DEALER,R03b_20260811_FULL_v1,L1_ELIGIBILITY,v2026-08-11,2026-03-21..2026-08-06,baccarat_bet02_101_all_pairs_incl_sentinel,round_win = game_pnl > 0 (decisive only),COMPATIBILITY_ONLY_NOT_PRODUCTION,2204.4024,2020.7807,167.8606,114,114,-0.07614788,-0.07614788,,-0.07614788,-167.8606,2204.4024,OK,0.0000,6.7144,4.0000,96.0000,AG03-UNRESOLVED,ALL5_LEVELS_bet23_to_bet27,6.7144,6.7144,6.7144,6.7144,6.7144,4.000000,4.000000,4.000000,4.000000,4.000000,96.000000,96.000000,96.000000,96.000000,96.000000,5.0,33.5721,30.9916,134.2885,136.8689,PENDING_AG03,FALSE,NOT_FOR_ENFORCEMENT,161.1461,1939.9495,167.8606,161.1461,6.7144,0.07614788,0.07310196,6.7144,161.1461,0.07310196,6.7144,6.7144,6.7144,6.7144,6.7144,161.1461,0.07310196,33.5721,30.9916,134.2885,136.8689,0.06091830,0.0620889,0.00304592,19.3369,17.7261,1.4725,41.9651,2.4685,551.1006,28.5000,19.3369,,10.2195,19.1935,20.439,34.7464,40.8781,61.3171,15.2351,0.0,2.12979,3.194685,1.007471,26,35,7,2,1.00000000,0.07614788,0.07614788,0E-8,0.000000,0.916702,0.000000,,2026-07-30,2026-08-05,4,68,43,7,0.571429,,1.000000,3.333333,,,,,,,,GLOBAL_BASELINE_NO_ENTITY_RANKING,,,NOT_APPLICABLE_GLOBAL_BASELINE,HF9g-P5,,,,X 全窗基线 · 不参与实体赏罚,6871075,688,A168_HF9F_20260827_0900,2026-08-27 09:00:00
2026-08-04,135947540,1157,0,10.9099725230,-10.9099725230,-10.9099725230,0E-7,1,1,0.50665070000000000,0.506650700000,-1.013391052207602,-1.013391052207602,-1.013391052207602,0E-17,ELIGIBLE,R03b_20260811_FULL_v1,L1_ELIGIBILITY,v2026-08-11,2026-03-21..2026-08-06,baccarat_bet02_101_all_pairs_incl_sentinel,round_win = game_pnl > 0 (decisive only),COMPATIBILITY_ONLY_NOT_PRODUCTION,2204.4024,2020.7807,167.8606,114,114,-0.07614788,-0.07614788,,-0.07614788,-167.8606,2204.4024,OK,0.0000,6.7144,4.0000,96.0000,AG03-UNRESOLVED,ALL5_LEVELS_bet23_to_bet27,6.7144,6.7144,6.7144,6.7144,6.7144,4.000000,4.000000,4.000000,4.000000,4.000000,96.000000,96.000000,96.000000,96.000000,96.000000,5.0,33.5721,30.9916,134.2885,136.8689,PENDING_AG03,FALSE,NOT_FOR_ENFORCEMENT,161.1461,1939.9495,167.8606,161.1461,6.7144,0.07614788,0.07310196,6.7144,161.1461,0.07310196,6.7144,6.7144,6.7144,6.7144,6.7144,161.1461,0.07310196,33.5721,30.9916,134.2885,136.8689,0.06091830,0.0620889,0.00304592,19.3369,17.7261,1.4725,41.9651,2.4685,551.1006,28.5000,19.3369,,10.2195,19.1935,20.439,34.7464,40.8781,61.3171,15.2351,0.0,2.12979,3.194685,1.007471,26,35,7,2,1.00000000,0.07614788,0.07614788,0E-8,0.000000,0.916702,0.000000,,2026-07-30,2026-08-05,4,68,43,7,0.571429,,1.000000,3.333333,,,,,,,,GLOBAL_BASELINE_NO_ENTITY_RANKING,,,NOT_APPLICABLE_GLOBAL_BASELINE,HF9g-P5,,,,X 全窗基线 · 不参与实体赏罚,6871076,688,A168_HF9F_20260827_0900,2026-08-27 09:00:00
2026-08-04,135947540,1645,0,20.2036528204,0E-10,0E-10,0.5000000,2,2,0.49324550000000000,0.493245500000,0.01910635448239258,0.01910635448239258,0.01910635448239258,0E-17,ELIGIBLE,R03b_20260811_FULL_v1,L1_ELIGIBILITY,v2026-08-11,2026-03-21..2026-08-06,baccarat_bet02_101_all_pairs_incl_sentinel,round_win = game_pnl > 0 (decisive only),COMPATIBILITY_ONLY_NOT_PRODUCTION,2204.4024,2020.7807,167.8606,114,114,-0.07614788,-0.07614788,,-0.07614788,-167.8606,2204.4024,OK,0.0000,6.7144,4.0000,96.0000,AG03-UNRESOLVED,ALL5_LEVELS_bet23_to_bet27,6.7144,6.7144,6.7144,6.7144,6.7144,4.000000,4.000000,4.000000,4.000000,4.000000,96.000000,96.000000,96.000000,96.000000,96.000000,5.0,33.5721,30.9916,134.2885,136.8689,PENDING_AG03,FALSE,NOT_FOR_ENFORCEMENT,161.1461,1939.9495,167.8606,161.1461,6.7144,0.07614788,0.07310196,6.7144,161.1461,0.07310196,6.7144,6.7144,6.7144,6.7144,6.7144,161.1461,0.07310196,33.5721,30.9916,134.2885,136.8689,0.06091830,0.0620889,0.00304592,19.3369,17.7261,1.4725,41.9651,2.4685,551.1006,28.5000,19.3369,,10.2195,19.1935,20.439,34.7464,40.8781,61.3171,15.2351,0.0,2.12979,3.194685,1.007471,26,35,7,2,1.00000000,0.07614788,0.07614788,0E-8,0.000000,0.916702,0.000000,,2026-07-30,2026-08-05,4,68,43,7,0.571429,,1.000000,3.333333,,,,,,,,GLOBAL_BASELINE_NO_ENTITY_RANKING,,,NOT_APPLICABLE_GLOBAL_BASELINE,HF9g-P5,,,,X 全窗基线 · 不参与实体赏罚,6871077,688,A168_HF9F_20260827_0900,2026-08-27 09:00:00
2026-08-04,135947540,1956,0,16.1629222563,-16.1629222563,-16.1629222563,0E-7,1,1,0.49324550000000000,0.493245500000,-0.9865810262130424,-0.9865810262130424,-0.9865810262130424,0E-17,ELIGIBLE,R03b_20260811_FULL_v1,L1_ELIGIBILITY,v2026-08-11,2026-03-21..2026-08-06,baccarat_bet02_101_all_pairs_incl_sentinel,round_win = game_pnl > 0 (decisive only),COMPATIBILITY_ONLY_NOT_PRODUCTION,2204.4024,2020.7807,167.8606,114,114,-0.07614788,-0.07614788,,-0.07614788,-167.8606,2204.4024,OK,0.0000,6.7144,4.0000,96.0000,AG03-UNRESOLVED,ALL5_LEVELS_bet23_to_bet27,6.7144,6.7144,6.7144,6.7144,6.7144,4.000000,4.000000,4.000000,4.000000,4.000000,96.000000,96.000000,96.000000,96.000000,96.000000,5.0,33.5721,30.9916,134.2885,136.8689,PENDING_AG03,FALSE,NOT_FOR_ENFORCEMENT,161.1461,1939.9495,167.8606,161.1461,6.7144,0.07614788,0.07310196,6.7144,161.1461,0.07310196,6.7144,6.7144,6.7144,6.7144,6.7144,161.1461,0.07310196,33.5721,30.9916,134.2885,136.8689,0.06091830,0.0620889,0.00304592,19.3369,17.7261,1.4725,41.9651,2.4685,551.1006,28.5000,19.3369,,10.2195,19.1935,20.439,34.7464,40.8781,61.3171,15.2351,0.0,2.12979,3.194685,1.007471,26,35,7,2,1.00000000,0.07614788,0.07614788,0E-8,0.000000,0.916702,0.000000,,2026-07-30,2026-08-05,4,68,43,7,0.571429,,1.000000,3.333333,,,,,,,,GLOBAL_BASELINE_NO_ENTITY_RANKING,,,NOT_APPLICABLE_GLOBAL_BASELINE,HF9g-P5,,,,X 全窗基线 · 不参与实体赏罚,6871078,688,A168_HF9F_20260827_0900,2026-08-27 09:00:00
2026-08-04,135947540,772,0,20.6077258768,0.4040730564,0.4040730564,0.5000000,2,2,0.49324550000000000,0.493245500000,0.01910635448239258,0.01910635448239258,0.01910635448239258,0E-17,ELIGIBLE,R03b_20260811_FULL_v1,L1_ELIGIBILITY,v2026-08-11,2026-03-21..2026-08-06,baccarat_bet02_101_all_pairs_incl_sentinel,round_win = game_pnl > 0 (decisive only),COMPATIBILITY_ONLY_NOT_PRODUCTION,2204.4024,2020.7807,167.8606,114,114,-0.07614788,-0.07614788,,-0.07614788,-167.8606,2204.4024,OK,0.0000,6.7144,4.0000,96.0000,AG03-UNRESOLVED,ALL5_LEVELS_bet23_to_bet27,6.7144,6.7144,6.7144,6.7144,6.7144,4.000000,4.000000,4.000000,4.000000,4.000000,96.000000,96.000000,96.000000,96.000000,96.000000,5.0,33.5721,30.9916,134.2885,136.8689,PENDING_AG03,FALSE,NOT_FOR_ENFORCEMENT,161.1461,1939.9495,167.8606,161.1461,6.7144,0.07614788,0.07310196,6.7144,161.1461,0.07310196,6.7144,6.7144,6.7144,6.7144,6.7144,161.1461,0.07310196,33.5721,30.9916,134.2885,136.8689,0.06091830,0.0620889,0.00304592,19.3369,17.7261,1.4725,41.9651,2.4685,551.1006,28.5000,19.3369,,10.2195,19.1935,20.439,34.7464,40.8781,61.3171,15.2351,0.0,2.12979,3.194685,1.007471,26,35,7,2,1.00000000,0.07614788,0.07614788,0E-8,0.000000,0.916702,0.000000,,2026-07-30,2026-08-05,4,68,43,7,0.571429,,1.000000,3.333333,,,,,,,,GLOBAL_BASELINE_NO_ENTITY_RANKING,,,NOT_APPLICABLE_GLOBAL_BASELINE,HF9g-P5,,,,X 全窗基线 · 不参与实体赏罚,6871079,688,A168_HF9F_20260827_0900,2026-08-27 09:00:00
2026-08-04,135947540,969,0,18.1832875384,0E-10,0E-10,,1,1,0.49324550000000000,0.493245500000,,,,0E-17,NO_DECISIVE_ROUND,R03b_20260811_FULL_v1,L1_ELIGIBILITY,v2026-08-11,2026-03-21..2026-08-06,baccarat_bet02_101_all_pairs_incl_sentinel,round_win = game_pnl > 0 (decisive only),COMPATIBILITY_ONLY_NOT_PRODUCTION,2204.4024,2020.7807,167.8606,114,114,-0.07614788,-0.07614788,,-0.07614788,-167.8606,2204.4024,OK,0.0000,6.7144,4.0000,96.0000,AG03-UNRESOLVED,ALL5_LEVELS_bet23_to_bet27,6.7144,6.7144,6.7144,6.7144,6.7144,4.000000,4.000000,4.000000,4.000000,4.000000,96.000000,96.000000,96.000000,96.000000,96.000000,5.0,33.5721,30.9916,134.2885,136.8689,PENDING_AG03,FALSE,NOT_FOR_ENFORCEMENT,161.1461,1939.9495,167.8606,161.1461,6.7144,0.07614788,0.07310196,6.7144,161.1461,0.07310196,6.7144,6.7144,6.7144,6.7144,6.7144,161.1461,0.07310196,33.5721,30.9916,134.2885,136.8689,0.06091830,0.0620889,0.00304592,19.3369,17.7261,1.4725,41.9651,2.4685,551.1006,28.5000,19.3369,,10.2195,19.1935,20.439,34.7464,40.8781,61.3171,15.2351,0.0,2.12979,3.194685,1.007471,26,35,7,2,1.00000000,0.07614788,0.07614788,0E-8,0.000000,0.916702,0.000000,,2026-07-30,2026-08-05,4,68,43,7,0.571429,,1.000000,3.333333,,,,,,,,GLOBAL_BASELINE_NO_ENTITY_RANKING,,,NOT_APPLICABLE_GLOBAL_BASELINE,HF9g-P5,,,,X 全窗基线 · 不参与实体赏罚,6871080,688,A168_HF9F_20260827_0900,2026-08-27 09:00:00
2026-08-05,135947540,919,0,32.3258445127,-4.0407305641,-4.0407305641,0.5000000,2,2,0.49324550000000000,0.493245500000,0.01910635448239258,0.01910635448239258,0.01910635448239258,0E-17,ELIGIBLE,R03b_20260811_FULL_v1,L1_ELIGIBILITY,v2026-08-11,2026-03-21..2026-08-06,baccarat_bet02_101_all_pairs_incl_sentinel,round_win = game_pnl > 0 (decisive only),COMPATIBILITY_ONLY_NOT_PRODUCTION,2204.4024,2020.7807,167.8606,114,114,-0.07614788,-0.07614788,,-0.07614788,-167.8606,2204.4024,OK,0.0000,6.7144,4.0000,96.0000,AG03-UNRESOLVED,ALL5_LEVELS_bet23_to_bet27,6.7144,6.7144,6.7144,6.7144,6.7144,4.000000,4.000000,4.000000,4.000000,4.000000,96.000000,96.000000,96.000000,96.000000,96.000000,5.0,33.5721,30.9916,134.2885,136.8689,PENDING_AG03,FALSE,NOT_FOR_ENFORCEMENT,161.1461,1939.9495,167.8606,161.1461,6.7144,0.07614788,0.07310196,6.7144,161.1461,0.07310196,6.7144,6.7144,6.7144,6.7144,6.7144,161.1461,0.07310196,33.5721,30.9916,134.2885,136.8689,0.06091830,0.0620889,0.00304592,19.3369,17.7261,1.4725,41.9651,2.4685,551.1006,28.5000,19.3369,,10.2195,19.1935,20.439,34.7464,40.8781,61.3171,15.2351,0.0,2.12979,3.194685,1.007471,26,35,7,2,1.00000000,0.07614788,0.07614788,0E-8,0.000000,0.916702,0.000000,,2026-07-30,2026-08-05,4,68,43,7,0.571429,,1.000000,3.333333,,,,,,,,GLOBAL_BASELINE_NO_ENTITY_RANKING,,,NOT_APPLICABLE_GLOBAL_BASELINE,HF9g-P5,,,,X 全窗基线 · 不参与实体赏罚,6871081,688,A168_HF9F_20260827_0900,2026-08-27 09:00:00
2026-05-15,150101732,1963,0,69.3204495326,-27.3080558764,-27.3080558764,0.5000000,7,2,0.38285901777812399,0.201496858334,0.34080991813771266,1.0524257122653484,0.34080991813771266,0.18136215944412399,ELIGIBLE,R03b_20260811_FULL_v1,L1_ELIGIBILITY,v2026-08-11,2026-03-21..2026-08-06,baccarat_bet02_101_all_pairs_incl_sentinel,round_win = game_pnl > 0 (decisive only),COMPATIBILITY_ONLY_NOT_PRODUCTION,2208.8415,1845.6937,167.8681,132,59,-0.07599828,,-0.07599828,-0.07599828,-167.8681,2208.8415,OK,0.0000,6.7147,4.0000,96.0000,AG03-UNRESOLVED,ALL5_LEVELS_bet23_to_bet27,6.7147,6.7147,6.7147,10.0721,10.0721,4.000000,4.000000,4.000000,6.000000,6.000000,96.000000,96.000000,96.000000,94.000000,94.000000,5.0,40.2884,36.6368,127.5798,131.2314,PENDING_AG03,FALSE,NOT_FOR_ENFORCEMENT,161.1534,1771.8660,167.8681,161.1534,6.7147,0.07599828,0.07295834,6.7147,161.1534,0.07295834,6.7147,6.7147,6.7147,10.0721,10.0721,161.1534,0.07295834,40.2884,36.6368,127.5798,131.2314,0.05775869,0.05941186,0.00303993,16.7336,31.2829,2.8452,55.9560,12.9129,736.2805,19.6667,,16.7336,4.2012,10.3857,21.0062,42.0124,51.9583,110.1564,8.3555,-4.2012,5.002857,10.60652,1.611216,11,13,5,8,0E-8,0.07599828,,0E-8,0.000000,0.835594,0.000000,,2026-05-15,2026-06-27,3,13,12,44,0.068182,,,0.000000,,,,,,,,GLOBAL_BASELINE_NO_ENTITY_RANKING,,,NOT_APPLICABLE_GLOBAL_BASELINE,HF9g-P5,,,,X 全窗基线 · 不参与实体赏罚,6871082,688,A168_HF9F_20260827_0900,2026-08-27 09:00:00
2026-05-15,150101732,2117,0,277.7019220670,-138.8509610335,-138.8509610335,0E-7,3,3,0.49324550000000000,0.493245500000,-1.3952362676504506,-1.3952362676504506,-1.3952362676504506,0E-17,ELIGIBLE,R03b_20260811_FULL_v1,L1_ELIGIBILITY,v2026-08-11,2026-03-21..2026-08-06,baccarat_bet02_101_all_pairs_incl_sentinel,round_win = game_pnl > 0 (decisive only),COMPATIBILITY_ONLY_NOT_PRODUCTION,2208.8415,1845.6937,167.8681,132,59,-0.07599828,,-0.07599828,-0.07599828,-167.8681,2208.8415,OK,0.0000,6.7147,4.0000,96.0000,AG03-UNRESOLVED,ALL5_LEVELS_bet23_to_bet27,6.7147,6.7147,6.7147,10.0721,10.0721,4.000000,4.000000,4.000000,6.000000,6.000000,96.000000,96.000000,96.000000,94.000000,94.000000,5.0,40.2884,36.6368,127.5798,131.2314,PENDING_AG03,FALSE,NOT_FOR_ENFORCEMENT,161.1534,1771.8660,167.8681,161.1534,6.7147,0.07599828,0.07295834,6.7147,161.1534,0.07295834,6.7147,6.7147,6.7147,10.0721,10.0721,161.1534,0.07295834,40.2884,36.6368,127.5798,131.2314,0.05775869,0.05941186,0.00303993,16.7336,31.2829,2.8452,55.9560,12.9129,736.2805,19.6667,,16.7336,4.2012,10.3857,21.0062,42.0124,51.9583,110.1564,8.3555,-4.2012,5.002857,10.60652,1.611216,11,13,5,8,0E-8,0.07599828,,0E-8,0.000000,0.835594,0.000000,,2026-05-15,2026-06-27,3,13,12,44,0.068182,,,0.000000,,,,,,,,GLOBAL_BASELINE_NO_ENTITY_RANKING,,,NOT_APPLICABLE_GLOBAL_BASELINE,HF9g-P5,,,,X 全窗基线 · 不参与实体赏罚,6871083,688,A168_HF9F_20260827_0900,2026-08-27 09:00:00
2026-05-15,150101732,2164,0,147.0433777965,120.3655078249,120.3655078249,1.0000000,11,5,0.43188432027797214,0.326720320000,2.2938481513123135,2.871042864089058,2.2938481513123135,0.10516400027797214,ELIGIBLE,R03b_20260811_FULL_v1,L1_ELIGIBILITY,v2026-08-11,2026-03-21..2026-08-06,baccarat_bet02_101_all_pairs_incl_sentinel,round_win = game_pnl > 0 (decisive only),COMPATIBILITY_ONLY_NOT_PRODUCTION,2208.8415,1845.6937,167.8681,132,59,-0.07599828,,-0.07599828,-0.07599828,-167.8681,2208.8415,OK,0.0000,6.7147,4.0000,96.0000,AG03-UNRESOLVED,ALL5_LEVELS_bet23_to_bet27,6.7147,6.7147,6.7147,10.0721,10.0721,4.000000,4.000000,4.000000,6.000000,6.000000,96.000000,96.000000,96.000000,94.000000,94.000000,5.0,40.2884,36.6368,127.5798,131.2314,PENDING_AG03,FALSE,NOT_FOR_ENFORCEMENT,161.1534,1771.8660,167.8681,161.1534,6.7147,0.07599828,0.07295834,6.7147,161.1534,0.07295834,6.7147,6.7147,6.7147,10.0721,10.0721,161.1534,0.07295834,40.2884,36.6368,127.5798,131.2314,0.05775869,0.05941186,0.00303993,16.7336,31.2829,2.8452,55.9560,12.9129,736.2805,19.6667,,16.7336,4.2012,10.3857,21.0062,42.0124,51.9583,110.1564,8.3555,-4.2012,5.002857,10.60652,1.611216,11,13,5,8,0E-8,0.07599828,,0E-8,0.000000,0.835594,0.000000,,2026-05-15,2026-06-27,3,13,12,44,0.068182,,,0.000000,,,,,,,,GLOBAL_BASELINE_NO_ENTITY_RANKING,,,NOT_APPLICABLE_GLOBAL_BASELINE,HF9g-P5,,,,X 全窗基线 · 不参与实体赏罚,6871084,688,A168_HF9F_20260827_0900,2026-08-27 09:00:00
2026-05-15,150101732,2196,0,94.5278857263,63.0185904842,63.0185904842,1.0000000,3,3,0.49324550000000000,0.493245500000,1.4334489766152358,1.4334489766152358,1.4334489766152358,0E-17,ELIGIBLE,R03b_20260811_FULL_v1,L1_ELIGIBILITY,v2026-08-11,2026-03-21..2026-08-06,baccarat_bet02_101_all_pairs_incl_sentinel,round_win = game_pnl > 0 (decisive only),COMPATIBILITY_ONLY_NOT_PRODUCTION,2208.8415,1845.6937,167.8681,132,59,-0.07599828,,-0.07599828,-0.07599828,-167.8681,2208.8415,OK,0.0000,6.7147,4.0000,96.0000,AG03-UNRESOLVED,ALL5_LEVELS_bet23_to_bet27,6.7147,6.7147,6.7147,10.0721,10.0721,4.000000,4.000000,4.000000,6.000000,6.000000,96.000000,96.000000,96.000000,94.000000,94.000000,5.0,40.2884,36.6368,127.5798,131.2314,PENDING_AG03,FALSE,NOT_FOR_ENFORCEMENT,161.1534,1771.8660,167.8681,161.1534,6.7147,0.07599828,0.07295834,6.7147,161.1534,0.07295834,6.7147,6.7147,6.7147,10.0721,10.0721,161.1534,0.07295834,40.2884,36.6368,127.5798,131.2314,0.05775869,0.05941186,0.00303993,16.7336,31.2829,2.8452,55.9560,12.9129,736.2805,19.6667,,16.7336,4.2012,10.3857,21.0062,42.0124,51.9583,110.1564,8.3555,-4.2012,5.002857,10.60652,1.611216,11,13,5,8,0E-8,0.07599828,,0E-8,0.000000,0.835594,0.000000,,2026-05-15,2026-06-27,3,13,12,44,0.068182,,,0.000000,,,,,,,,GLOBAL_BASELINE_NO_ENTITY_RANKING,,,NOT_APPLICABLE_GLOBAL_BASELINE,HF9g-P5,,,,X 全窗基线 · 不参与实体赏罚,6871085,688,A168_HF9F_20260827_0900,2026-08-27 09:00:00
2026-05-15,150101732,2220,0,245.7725028883,55.4563596260,55.4563596260,0.5714286,18,7,0.41269864669438834,0.280388879762,0.8530231295974005,1.7142411495042482,0.8530231295974005,0.13230976693238834,ELIGIBLE,R03b_20260811_FULL_v1,L1_ELIGIBILITY,v2026-08-11,2026-03-21..2026-08-06,baccarat_bet02_101_all_pairs_incl_sentinel,round_win = game_pnl > 0 (decisive only),COMPATIBILITY_ONLY_NOT_PRODUCTION,2208.8415,1845.6937,167.8681,132,59,-0.07599828,,-0.07599828,-0.07599828,-167.8681,2208.8415,OK,0.0000,6.7147,4.0000,96.0000,AG03-UNRESOLVED,ALL5_LEVELS_bet23_to_bet27,6.7147,6.7147,6.7147,10.0721,10.0721,4.000000,4.000000,4.000000,6.000000,6.000000,96.000000,96.000000,96.000000,94.000000,94.000000,5.0,40.2884,36.6368,127.5798,131.2314,PENDING_AG03,FALSE,NOT_FOR_ENFORCEMENT,161.1534,1771.8660,167.8681,161.1534,6.7147,0.07599828,0.07295834,6.7147,161.1534,0.07295834,6.7147,6.7147,6.7147,10.0721,10.0721,161.1534,0.07295834,40.2884,36.6368,127.5798,131.2314,0.05775869,0.05941186,0.00303993,16.7336,31.2829,2.8452,55.9560,12.9129,736.2805,19.6667,,16.7336,4.2012,10.3857,21.0062,42.0124,51.9583,110.1564,8.3555,-4.2012,5.002857,10.60652,1.611216,11,13,5,8,0E-8,0.07599828,,0E-8,0.000000,0.835594,0.000000,,2026-05-15,2026-06-27,3,13,12,44,0.068182,,,0.000000,,,,,,,,GLOBAL_BASELINE_NO_ENTITY_RANKING,,,NOT_APPLICABLE_GLOBAL_BASELINE,HF9g-P5,,,,X 全窗基线 · 不参与实体赏罚,6871086,688,A168_HF9F_20260827_0900,2026-08-27 09:00:00
2026-05-15,150101732,752,0,764.6255645409,-178.0275181172,-178.0275181172,0.3571429,40,14,0.33893969919169689,0.210921333334,0.143889464751315,1.3410807179068716,0.143889464751315,0.12801836585769689,ELIGIBLE,R03b_20260811_FULL_v1,L1_ELIGIBILITY,v2026-08-11,2026-03-21..2026-08-06,baccarat_bet02_101_all_pairs_incl_sentinel,round_win = game_pnl > 0 (decisive only),COMPATIBILITY_ONLY_NOT_PRODUCTION,2208.8415,1845.6937,167.8681,132,59,-0.07599828,,-0.07599828,-0.07599828,-167.8681,2208.8415,OK,0.0000,6.7147,4.0000,96.0000,AG03-UNRESOLVED,ALL5_LEVELS_bet23_to_bet27,6.7147,6.7147,6.7147,10.0721,10.0721,4.000000,4.000000,4.000000,6.000000,6.000000,96.000000,96.000000,96.000000,94.000000,94.000000,5.0,40.2884,36.6368,127.5798,131.2314,PENDING_AG03,FALSE,NOT_FOR_ENFORCEMENT,161.1534,1771.8660,167.8681,161.1534,6.7147,0.07599828,0.07295834,6.7147,161.1534,0.07295834,6.7147,6.7147,6.7147,10.0721,10.0721,161.1534,0.07295834,40.2884,36.6368,127.5798,131.2314,0.05775869,0.05941186,0.00303993,16.7336,31.2829,2.8452,55.9560,12.9129,736.2805,19.6667,,16.7336,4.2012,10.3857,21.0062,42.0124,51.9583,110.1564,8.3555,-4.2012,5.002857,10.60652,1.611216,11,13,5,8,0E-8,0.07599828,,0E-8,0.000000,0.835594,0.000000,,2026-05-15,2026-06-27,3,13,12,44,0.068182,,,0.000000,,,,,,,,GLOBAL_BASELINE_NO_ENTITY_RANKING,,,NOT_APPLICABLE_GLOBAL_BASELINE,HF9g-P5,,,,X 全窗基线 · 不参与实体赏罚,6871087,688,A168_HF9F_20260827_0900,2026-08-27 09:00:00
2026-06-17,150101732,1205,0,110.0886940996,-18.6943065458,-18.6943065458,0.4285714,22,7,0.19457394841225687,0.127362292857,1.5638857351835345,2.3904504058627944,1.5638857351835345,0.06721165555525687,ELIGIBLE,R03b_20260811_FULL_v1,L1_ELIGIBILITY,v2026-08-11,2026-03-21..2026-08-06,baccarat_bet02_101_all_pairs_incl_sentinel,round_win = game_pnl > 0 (decisive only),COMPATIBILITY_ONLY_NOT_PRODUCTION,2208.8415,1845.6937,167.8681,132,59,-0.07599828,,-0.07599828,-0.07599828,-167.8681,2208.8415,OK,0.0000,6.7147,4.0000,96.0000,AG03-UNRESOLVED,ALL5_LEVELS_bet23_to_bet27,6.7147,6.7147,6.7147,10.0721,10.0721,4.000000,4.000000,4.000000,6.000000,6.000000,96.000000,96.000000,96.000000,94.000000,94.000000,5.0,40.2884,36.6368,127.5798,131.2314,PENDING_AG03,FALSE,NOT_FOR_ENFORCEMENT,161.1534,1771.8660,167.8681,161.1534,6.7147,0.07599828,0.07295834,6.7147,161.1534,0.07295834,6.7147,6.7147,6.7147,10.0721,10.0721,161.1534,0.07295834,40.2884,36.6368,127.5798,131.2314,0.05775869,0.05941186,0.00303993,16.7336,31.2829,2.8452,55.9560,12.9129,736.2805,19.6667,,16.7336,4.2012,10.3857,21.0062,42.0124,51.9583,110.1564,8.3555,-4.2012,5.002857,10.60652,1.611216,11,13,5,8,0E-8,0.07599828,,0E-8,0.000000,0.835594,0.000000,,2026-05-15,2026-06-27,3,13,12,44,0.068182,,,0.000000,,,,,,,,GLOBAL_BASELINE_NO_ENTITY_RANKING,,,NOT_APPLICABLE_GLOBAL_BASELINE,HF9g-P5,,,,X 全窗基线 · 不参与实体赏罚,6871088,688,A168_HF9F_20260827_0900,2026-08-27 09:00:00
2026-06-17,150101732,1353,0,4.1542903434,-4.1542903434,-4.1542903434,0E-7,1,1,0.09460280000000000,0.094602800000,-0.32324545095860213,-0.32324545095860213,-0.32324545095860213,0E-17,ELIGIBLE,R03b_20260811_FULL_v1,L1_ELIGIBILITY,v2026-08-11,2026-03-21..2026-08-06,baccarat_bet02_101_all_pairs_incl_sentinel,round_win = game_pnl > 0 (decisive only),COMPATIBILITY_ONLY_NOT_PRODUCTION,2208.8415,1845.6937,167.8681,132,59,-0.07599828,,-0.07599828,-0.07599828,-167.8681,2208.8415,OK,0.0000,6.7147,4.0000,96.0000,AG03-UNRESOLVED,ALL5_LEVELS_bet23_to_bet27,6.7147,6.7147,6.7147,10.0721,10.0721,4.000000,4.000000,4.000000,6.000000,6.000000,96.000000,96.000000,96.000000,94.000000,94.000000,5.0,40.2884,36.6368,127.5798,131.2314,PENDING_AG03,FALSE,NOT_FOR_ENFORCEMENT,161.1534,1771.8660,167.8681,161.1534,6.7147,0.07599828,0.07295834,6.7147,161.1534,0.07295834,6.7147,6.7147,6.7147,10.0721,10.0721,161.1534,0.07295834,40.2884,36.6368,127.5798,131.2314,0.05775869,0.05941186,0.00303993,16.7336,31.2829,2.8452,55.9560,12.9129,736.2805,19.6667,,16.7336,4.2012,10.3857,21.0062,42.0124,51.9583,110.1564,8.3555,-4.2012,5.002857,10.60652,1.611216,11,13,5,8,0E-8,0.07599828,,0E-8,0.000000,0.835594,0.000000,,2026-05-15,2026-06-27,3,13,12,44,0.068182,,,0.000000,,,,,,,,GLOBAL_BASELINE_NO_ENTITY_RANKING,,,NOT_APPLICABLE_GLOBAL_BASELINE,HF9g-P5,,,,X 全窗基线 · 不参与实体赏罚,6871089,688,A168_HF9F_20260827_0900,2026-08-27 09:00:00
2026-06-17,150101732,1490,0,33.2343227469,-2.0771451717,-2.0771451717,0.3333333,4,4,0.38332447500000000,0.383324475000,-0.17809103238139953,-0.17809103238139953,-0.17809103238139953,0E-17,ELIGIBLE,R03b_20260811_FULL_v1,L1_ELIGIBILITY,v2026-08-11,2026-03-21..2026-08-06,baccarat_bet02_101_all_pairs_incl_sentinel,round_win = game_pnl > 0 (decisive only),COMPATIBILITY_ONLY_NOT_PRODUCTION,2208.8415,1845.6937,167.8681,132,59,-0.07599828,,-0.07599828,-0.07599828,-167.8681,2208.8415,OK,0.0000,6.7147,4.0000,96.0000,AG03-UNRESOLVED,ALL5_LEVELS_bet23_to_bet27,6.7147,6.7147,6.7147,10.0721,10.0721,4.000000,4.000000,4.000000,6.000000,6.000000,96.000000,96.000000,96.000000,94.000000,94.000000,5.0,40.2884,36.6368,127.5798,131.2314,PENDING_AG03,FALSE,NOT_FOR_ENFORCEMENT,161.1534,1771.8660,167.8681,161.1534,6.7147,0.07599828,0.07295834,6.7147,161.1534,0.07295834,6.7147,6.7147,6.7147,10.0721,10.0721,161.1534,0.07295834,40.2884,36.6368,127.5798,131.2314,0.05775869,0.05941186,0.00303993,16.7336,31.2829,2.8452,55.9560,12.9129,736.2805,19.6667,,16.7336,4.2012,10.3857,21.0062,42.0124,51.9583,110.1564,8.3555,-4.2012,5.002857,10.60652,1.611216,11,13,5,8,0E-8,0.07599828,,0E-8,0.000000,0.835594,0.000000,,2026-05-15,2026-06-27,3,13,12,44,0.068182,,,0.000000,,,,,,,,GLOBAL_BASELINE_NO_ENTITY_RANKING,,,NOT_APPLICABLE_GLOBAL_BASELINE,HF9g-P5,,,,X 全窗基线 · 不参与实体赏罚,6871090,688,A168_HF9F_20260827_0900,2026-08-27 09:00:00
2026-06-17,150101732,1957,0,41.5429034336,9.3471532726,9.3471532726,0.6666667,4,4,0.50329940000000000,0.503299400000,0.5659331339966515,0.5659331339966515,0.5659331339966515,0E-17,ELIGIBLE,R03b_20260811_FULL_v1,L1_ELIGIBILITY,v2026-08-11,2026-03-21..2026-08-06,baccarat_bet02_101_all_pairs_incl_sentinel,round_win = game_pnl > 0 (decisive only),COMPATIBILITY_ONLY_NOT_PRODUCTION,2208.8415,1845.6937,167.8681,132,59,-0.07599828,,-0.07599828,-0.07599828,-167.8681,2208.8415,OK,0.0000,6.7147,4.0000,96.0000,AG03-UNRESOLVED,ALL5_LEVELS_bet23_to_bet27,6.7147,6.7147,6.7147,10.0721,10.0721,4.000000,4.000000,4.000000,6.000000,6.000000,96.000000,96.000000,96.000000,94.000000,94.000000,5.0,40.2884,36.6368,127.5798,131.2314,PENDING_AG03,FALSE,NOT_FOR_ENFORCEMENT,161.1534,1771.8660,167.8681,161.1534,6.7147,0.07599828,0.07295834,6.7147,161.1534,0.07295834,6.7147,6.7147,6.7147,10.0721,10.0721,161.1534,0.07295834,40.2884,36.6368,127.5798,131.2314,0.05775869,0.05941186,0.00303993,16.7336,31.2829,2.8452,55.9560,12.9129,736.2805,19.6667,,16.7336,4.2012,10.3857,21.0062,42.0124,51.9583,110.1564,8.3555,-4.2012,5.002857,10.60652,1.611216,11,13,5,8,0E-8,0.07599828,,0E-8,0.000000,0.835594,0.000000,,2026-05-15,2026-06-27,3,13,12,44,0.068182,,,0.000000,,,,,,,,GLOBAL_BASELINE_NO_ENTITY_RANKING,,,NOT_APPLICABLE_GLOBAL_BASELINE,HF9g-P5,,,,X 全窗基线 · 不参与实体赏罚,6871091,688,A168_HF9F_20260827_0900,2026-08-27 09:00:00
2026-06-17,150101732,2254,0,46.9434808799,-46.9434808799,-46.9434808799,0E-7,1,1,0.49324550000000000,0.493245500000,-0.9865810262130424,-0.9865810262130424,-0.9865810262130424,0E-17,ELIGIBLE,R03b_20260811_FULL_v1,L1_ELIGIBILITY,v2026-08-11,2026-03-21..2026-08-06,baccarat_bet02_101_all_pairs_incl_sentinel,round_win = game_pnl > 0 (decisive only),COMPATIBILITY_ONLY_NOT_PRODUCTION,2208.8415,1845.6937,167.8681,132,59,-0.07599828,,-0.07599828,-0.07599828,-167.8681,2208.8415,OK,0.0000,6.7147,4.0000,96.0000,AG03-UNRESOLVED,ALL5_LEVELS_bet23_to_bet27,6.7147,6.7147,6.7147,10.0721,10.0721,4.000000,4.000000,4.000000,6.000000,6.000000,96.000000,96.000000,96.000000,94.000000,94.000000,5.0,40.2884,36.6368,127.5798,131.2314,PENDING_AG03,FALSE,NOT_FOR_ENFORCEMENT,161.1534,1771.8660,167.8681,161.1534,6.7147,0.07599828,0.07295834,6.7147,161.1534,0.07295834,6.7147,6.7147,6.7147,10.0721,10.0721,161.1534,0.07295834,40.2884,36.6368,127.5798,131.2314,0.05775869,0.05941186,0.00303993,16.7336,31.2829,2.8452,55.9560,12.9129,736.2805,19.6667,,16.7336,4.2012,10.3857,21.0062,42.0124,51.9583,110.1564,8.3555,-4.2012,5.002857,10.60652,1.611216,11,13,5,8,0E-8,0.07599828,,0E-8,0.000000,0.835594,0.000000,,2026-05-15,2026-06-27,3,13,12,44,0.068182,,,0.000000,,,,,,,,GLOBAL_BASELINE_NO_ENTITY_RANKING,,,NOT_APPLICABLE_GLOBAL_BASELINE,HF9g-P5,,,,X 全窗基线 · 不参与实体赏罚,6871092,688,A168_HF9F_20260827_0900,2026-08-27 09:00:00
2026-06-27,150101732,2103,0,83.0858068671,-1E-10,-1E-10,0.5000000,5,2,0.39059855499999522,0.338778375000,0.3171180776448151,0.48173358771022595,0.3171180776448151,0.05182017999999522,ELIGIBLE,R03b_20260811_FULL_v1,L1_ELIGIBILITY,v2026-08-11,2026-03-21..2026-08-06,baccarat_bet02_101_all_pairs_incl_sentinel,round_win = game_pnl > 0 (decisive only),COMPATIBILITY_ONLY_NOT_PRODUCTION,2208.8415,1845.6937,167.8681,132,59,-0.07599828,,-0.07599828,-0.07599828,-167.8681,2208.8415,OK,0.0000,6.7147,4.0000,96.0000,AG03-UNRESOLVED,ALL5_LEVELS_bet23_to_bet27,6.7147,6.7147,6.7147,10.0721,10.0721,4.000000,4.000000,4.000000,6.000000,6.000000,96.000000,96.000000,96.000000,94.000000,94.000000,5.0,40.2884,36.6368,127.5798,131.2314,PENDING_AG03,FALSE,NOT_FOR_ENFORCEMENT,161.1534,1771.8660,167.8681,161.1534,6.7147,0.07599828,0.07295834,6.7147,161.1534,0.07295834,6.7147,6.7147,6.7147,10.0721,10.0721,161.1534,0.07295834,40.2884,36.6368,127.5798,131.2314,0.05775869,0.05941186,0.00303993,16.7336,31.2829,2.8452,55.9560,12.9129,736.2805,19.6667,,16.7336,4.2012,10.3857,21.0062,42.0124,51.9583,110.1564,8.3555,-4.2012,5.002857,10.60652,1.611216,11,13,5,8,0E-8,0.07599828,,0E-8,0.000000,0.835594,0.000000,,2026-05-15,2026-06-27,3,13,12,44,0.068182,,,0.000000,,,,,,,,GLOBAL_BASELINE_NO_ENTITY_RANKING,,,NOT_APPLICABLE_GLOBAL_BASELINE,HF9g-P5,,,,X 全窗基线 · 不参与实体赏罚,6871093,688,A168_HF9F_20260827_0900,2026-08-27 09:00:00
2026-06-27,150101732,2220,0,118.3972747858,-56.0829196356,-56.0829196356,0.3333333,9,3,0.41036649472018162,0.226000036111,-0.27124473963966517,0.44449857573783247,-0.27124473963966517,0.18436645860918162,ELIGIBLE,R03b_20260811_FULL_v1,L1_ELIGIBILITY,v2026-08-11,2026-03-21..2026-08-06,baccarat_bet02_101_all_pairs_incl_sentinel,round_win = game_pnl > 0 (decisive only),COMPATIBILITY_ONLY_NOT_PRODUCTION,2208.8415,1845.6937,167.8681,132,59,-0.07599828,,-0.07599828,-0.07599828,-167.8681,2208.8415,OK,0.0000,6.7147,4.0000,96.0000,AG03-UNRESOLVED,ALL5_LEVELS_bet23_to_bet27,6.7147,6.7147,6.7147,10.0721,10.0721,4.000000,4.000000,4.000000,6.000000,6.000000,96.000000,96.000000,96.000000,94.000000,94.000000,5.0,40.2884,36.6368,127.5798,131.2314,PENDING_AG03,FALSE,NOT_FOR_ENFORCEMENT,161.1534,1771.8660,167.8681,161.1534,6.7147,0.07599828,0.07295834,6.7147,161.1534,0.07295834,6.7147,6.7147,6.7147,10.0721,10.0721,161.1534,0.07295834,40.2884,36.6368,127.5798,131.2314,0.05775869,0.05941186,0.00303993,16.7336,31.2829,2.8452,55.9560,12.9129,736.2805,19.6667,,16.7336,4.2012,10.3857,21.0062,42.0124,51.9583,110.1564,8.3555,-4.2012,5.002857,10.60652,1.611216,11,13,5,8,0E-8,0.07599828,,0E-8,0.000000,0.835594,0.000000,,2026-05-15,2026-06-27,3,13,12,44,0.068182,,,0.000000,,,,,,,,GLOBAL_BASELINE_NO_ENTITY_RANKING,,,NOT_APPLICABLE_GLOBAL_BASELINE,HF9g-P5,,,,X 全窗基线 · 不参与实体赏罚,6871094,688,A168_HF9F_20260827_0900,2026-08-27 09:00:00
2026-06-27,150101732,2241,0,172.4030492491,56.0829196353,56.0829196353,0.5000000,4,3,0.48572393962267339,0.426805050000,0.04039526534970956,0.20928117445073835,0.04039526534970956,0.05891888962267339,ELIGIBLE,R03b_20260811_FULL_v1,L1_ELIGIBILITY,v2026-08-11,2026-03-21..2026-08-06,baccarat_bet02_101_all_pairs_incl_sentinel,round_win = game_pnl > 0 (decisive only),COMPATIBILITY_ONLY_NOT_PRODUCTION,2208.8415,1845.6937,167.8681,132,59,-0.07599828,,-0.07599828,-0.07599828,-167.8681,2208.8415,OK,0.0000,6.7147,4.0000,96.0000,AG03-UNRESOLVED,ALL5_LEVELS_bet23_to_bet27,6.7147,6.7147,6.7147,10.0721,10.0721,4.000000,4.000000,4.000000,6.000000,6.000000,96.000000,96.000000,96.000000,94.000000,94.000000,5.0,40.2884,36.6368,127.5798,131.2314,PENDING_AG03,FALSE,NOT_FOR_ENFORCEMENT,161.1534,1771.8660,167.8681,161.1534,6.7147,0.07599828,0.07295834,6.7147,161.1534,0.07295834,6.7147,6.7147,6.7147,10.0721,10.0721,161.1534,0.07295834,40.2884,36.6368,127.5798,131.2314,0.05775869,0.05941186,0.00303993,16.7336,31.2829,2.8452,55.9560,12.9129,736.2805,19.6667,,16.7336,4.2012,10.3857,21.0062,42.0124,51.9583,110.1564,8.3555,-4.2012,5.002857,10.60652,1.611216,11,13,5,8,0E-8,0.07599828,,0E-8,0.000000,0.835594,0.000000,,2026-05-15,2026-06-27,3,13,12,44,0.068182,,,0.000000,,,,,,,,GLOBAL_BASELINE_NO_ENTITY_RANKING,,,NOT_APPLICABLE_GLOBAL_BASELINE,HF9g-P5,,,,X 全窗基线 · 不参与实体赏罚,6871095,688,A168_HF9F_20260827_0900,2026-08-27 09:00:00
2026-04-24,61466689,1299,0,170.3455400250,32.2033183648,32.2033183648,0.6666667,10,7,0.48781000219780220,0.454036060714,0.8764756504407138,1.0461025221744722,0.8764756504407138,0.03377394148380220,ELIGIBLE,R03b_20260811_FULL_v1,L1_ELIGIBILITY,v2026-08-11,2026-03-21..2026-08-06,baccarat_bet02_101_all_pairs_incl_sentinel,round_win = game_pnl > 0 (decisive only),COMPATIBILITY_ONLY_NOT_PRODUCTION,1484.8312,1256.5092,167.8684,82,52,-0.11305552,,-0.11305552,-0.11305552,-167.8684,1484.8312,OK,0.0000,6.7147,4.0000,96.0000,AG03-UNRESOLVED,ALL5_LEVELS_bet23_to_bet27,6.7147,6.7147,6.7147,10.0721,10.0721,4.000000,4.000000,4.000000,6.000000,6.000000,96.000000,96.000000,96.000000,94.000000,94.000000,5.0,40.2884,36.6368,127.5800,131.2315,PENDING_AG03,FALSE,NOT_FOR_ENFORCEMENT,161.1536,1206.2488,167.8684,161.1536,6.7147,0.11305552,0.10853330,6.7147,161.1536,0.10853330,6.7147,6.7147,6.7147,10.0721,10.0721,161.1536,0.10853330,40.2884,36.6368,127.5800,131.2315,0.08592219,0.08838146,0.00452222,18.1077,24.1636,3.2282,83.9342,18.6520,742.4156,26.0000,,18.1077,4.2165,10.5412,21.0824,42.1647,63.2471,77.5831,4.2165,-4.2165,6.0,7.36,1.717805,7,11,2,8,0E-8,0.11305552,,0E-8,0.000000,0.846230,0.000000,,2026-04-24,2026-04-27,2,9,8,4,0.500000,,,0.000000,,,,,,,,GLOBAL_BASELINE_NO_ENTITY_RANKING,,,NOT_APPLICABLE_GLOBAL_BASELINE,HF9g-P5,,,,X 全窗基线 · 不参与实体赏罚,6871096,688,A168_HF9F_20260827_0900,2026-08-27 09:00:00
2026-04-24,61466689,1485,0,63.2471064450,-42.1647376300,-42.1647376300,0E-7,3,3,0.50218230000000000,0.502182300000,-1.4203995680682369,-1.4203995680682369,-1.4203995680682369,0E-17,ELIGIBLE,R03b_20260811_FULL_v1,L1_ELIGIBILITY,v2026-08-11,2026-03-21..2026-08-06,baccarat_bet02_101_all_pairs_incl_sentinel,round_win = game_pnl > 0 (decisive only),COMPATIBILITY_ONLY_NOT_PRODUCTION,1484.8312,1256.5092,167.8684,82,52,-0.11305552,,-0.11305552,-0.11305552,-167.8684,1484.8312,OK,0.0000,6.7147,4.0000,96.0000,AG03-UNRESOLVED,ALL5_LEVELS_bet23_to_bet27,6.7147,6.7147,6.7147,10.0721,10.0721,4.000000,4.000000,4.000000,6.000000,6.000000,96.000000,96.000000,96.000000,94.000000,94.000000,5.0,40.2884,36.6368,127.5800,131.2315,PENDING_AG03,FALSE,NOT_FOR_ENFORCEMENT,161.1536,1206.2488,167.8684,161.1536,6.7147,0.11305552,0.10853330,6.7147,161.1536,0.10853330,6.7147,6.7147,6.7147,10.0721,10.0721,161.1536,0.10853330,40.2884,36.6368,127.5800,131.2315,0.08592219,0.08838146,0.00452222,18.1077,24.1636,3.2282,83.9342,18.6520,742.4156,26.0000,,18.1077,4.2165,10.5412,21.0824,42.1647,63.2471,77.5831,4.2165,-4.2165,6.0,7.36,1.717805,7,11,2,8,0E-8,0.11305552,,0E-8,0.000000,0.846230,0.000000,,2026-04-24,2026-04-27,2,9,8,4,0.500000,,,0.000000,,,,,,,,GLOBAL_BASELINE_NO_ENTITY_RANKING,,,NOT_APPLICABLE_GLOBAL_BASELINE,HF9g-P5,,,,X 全窗基线 · 不参与实体赏罚,6871097,688,A168_HF9F_20260827_0900,2026-08-27 09:00:00
2026-04-24,61466689,2121,0,63.2471064450,-21.0823688150,-21.0823688150,0.3333333,3,3,0.49771390000000000,0.497713900000,-0.5694369385616226,-0.5694369385616226,-0.5694369385616226,0E-17,ELIGIBLE,R03b_20260811_FULL_v1,L1_ELIGIBILITY,v2026-08-11,2026-03-21..2026-08-06,baccarat_bet02_101_all_pairs_incl_sentinel,round_win = game_pnl > 0 (decisive only),COMPATIBILITY_ONLY_NOT_PRODUCTION,1484.8312,1256.5092,167.8684,82,52,-0.11305552,,-0.11305552,-0.11305552,-167.8684,1484.8312,OK,0.0000,6.7147,4.0000,96.0000,AG03-UNRESOLVED,ALL5_LEVELS_bet23_to_bet27,6.7147,6.7147,6.7147,10.0721,10.0721,4.000000,4.000000,4.000000,6.000000,6.000000,96.000000,96.000000,96.000000,94.000000,94.000000,5.0,40.2884,36.6368,127.5800,131.2315,PENDING_AG03,FALSE,NOT_FOR_ENFORCEMENT,161.1536,1206.2488,167.8684,161.1536,6.7147,0.11305552,0.10853330,6.7147,161.1536,0.10853330,6.7147,6.7147,6.7147,10.0721,10.0721,161.1536,0.10853330,40.2884,36.6368,127.5800,131.2315,0.08592219,0.08838146,0.00452222,18.1077,24.1636,3.2282,83.9342,18.6520,742.4156,26.0000,,18.1077,4.2165,10.5412,21.0824,42.1647,63.2471,77.5831,4.2165,-4.2165,6.0,7.36,1.717805,7,11,2,8,0E-8,0.11305552,,0E-8,0.000000,0.846230,0.000000,,2026-04-24,2026-04-27,2,9,8,4,0.500000,,,0.000000,,,,,,,,GLOBAL_BASELINE_NO_ENTITY_RANKING,,,NOT_APPLICABLE_GLOBAL_BASELINE,HF9g-P5,,,,X 全窗基线 · 不参与实体赏罚,6871098,688,A168_HF9F_20260827_0900,2026-08-27 09:00:00
2026-04-24,61466689,595,0,32.2560242869,-32.2560242869,-32.2560242869,0E-7,1,1,0.49324550000000000,0.493245500000,-0.9865810262130424,-0.9865810262130424,-0.9865810262130424,0E-17,ELIGIBLE,R03b_20260811_FULL_v1,L1_ELIGIBILITY,v2026-08-11,2026-03-21..2026-08-06,baccarat_bet02_101_all_pairs_incl_sentinel,round_win = game_pnl > 0 (decisive only),COMPATIBILITY_ONLY_NOT_PRODUCTION,1484.8312,1256.5092,167.8684,82,52,-0.11305552,,-0.11305552,-0.11305552,-167.8684,1484.8312,OK,0.0000,6.7147,4.0000,96.0000,AG03-UNRESOLVED,ALL5_LEVELS_bet23_to_bet27,6.7147,6.7147,6.7147,10.0721,10.0721,4.000000,4.000000,4.000000,6.000000,6.000000,96.000000,96.000000,96.000000,94.000000,94.000000,5.0,40.2884,36.6368,127.5800,131.2315,PENDING_AG03,FALSE,NOT_FOR_ENFORCEMENT,161.1536,1206.2488,167.8684,161.1536,6.7147,0.11305552,0.10853330,6.7147,161.1536,0.10853330,6.7147,6.7147,6.7147,10.0721,10.0721,161.1536,0.10853330,40.2884,36.6368,127.5800,131.2315,0.08592219,0.08838146,0.00452222,18.1077,24.1636,3.2282,83.9342,18.6520,742.4156,26.0000,,18.1077,4.2165,10.5412,21.0824,42.1647,63.2471,77.5831,4.2165,-4.2165,6.0,7.36,1.717805,7,11,2,8,0E-8,0.11305552,,0E-8,0.000000,0.846230,0.000000,,2026-04-24,2026-04-27,2,9,8,4,0.500000,,,0.000000,,,,,,,,GLOBAL_BASELINE_NO_ENTITY_RANKING,,,NOT_APPLICABLE_GLOBAL_BASELINE,HF9g-P5,,,,X 全窗基线 · 不参与实体赏罚,6871099,688,A168_HF9F_20260827_0900,2026-08-27 09:00:00
2026-04-27,61466689,1306,0,96.9788965489,-54.8141589189,-54.8141589189,0.3333333,6,3,0.44901760833333333,0.395852916667,-0.40284169111988993,-0.22143100754126782,-0.40284169111988993,0.05316469166633333,ELIGIBLE,R03b_20260811_FULL_v1,L1_ELIGIBILITY,v2026-08-11,2026-03-21..2026-08-06,baccarat_bet02_101_all_pairs_incl_sentinel,round_win = game_pnl > 0 (decisive only),COMPATIBILITY_ONLY_NOT_PRODUCTION,1484.8312,1256.5092,167.8684,82,52,-0.11305552,,-0.11305552,-0.11305552,-167.8684,1484.8312,OK,0.0000,6.7147,4.0000,96.0000,AG03-UNRESOLVED,ALL5_LEVELS_bet23_to_bet27,6.7147,6.7147,6.7147,10.0721,10.0721,4.000000,4.000000,4.000000,6.000000,6.000000,96.000000,96.000000,96.000000,94.000000,94.000000,5.0,40.2884,36.6368,127.5800,131.2315,PENDING_AG03,FALSE,NOT_FOR_ENFORCEMENT,161.1536,1206.2488,167.8684,161.1536,6.7147,0.11305552,0.10853330,6.7147,161.1536,0.10853330,6.7147,6.7147,6.7147,10.0721,10.0721,161.1536,0.10853330,40.2884,36.6368,127.5800,131.2315,0.08592219,0.08838146,0.00452222,18.1077,24.1636,3.2282,83.9342,18.6520,742.4156,26.0000,,18.1077,4.2165,10.5412,21.0824,42.1647,63.2471,77.5831,4.2165,-4.2165,6.0,7.36,1.717805,7,11,2,8,0E-8,0.11305552,,0E-8,0.000000,0.846230,0.000000,,2026-04-24,2026-04-27,2,9,8,4,0.500000,,,0.000000,,,,,,,,GLOBAL_BASELINE_NO_ENTITY_RANKING,,,NOT_APPLICABLE_GLOBAL_BASELINE,HF9g-P5,,,,X 全窗基线 · 不参与实体赏罚,6871100,688,A168_HF9F_20260827_0900,2026-08-27 09:00:00
2026-04-27,61466689,2103,0,170.7671874013,-14.3360107943,-14.3360107943,0.5000000,12,7,0.43065447380952381,0.390792840476,0.3430375289754857,0.5482402764932272,0.3430375289754857,0.03986163333352381,ELIGIBLE,R03b_20260811_FULL_v1,L1_ELIGIBILITY,v2026-08-11,2026-03-21..2026-08-06,baccarat_bet02_101_all_pairs_incl_sentinel,round_win = game_pnl > 0 (decisive only),COMPATIBILITY_ONLY_NOT_PRODUCTION,1484.8312,1256.5092,167.8684,82,52,-0.11305552,,-0.11305552,-0.11305552,-167.8684,1484.8312,OK,0.0000,6.7147,4.0000,96.0000,AG03-UNRESOLVED,ALL5_LEVELS_bet23_to_bet27,6.7147,6.7147,6.7147,10.0721,10.0721,4.000000,4.000000,4.000000,6.000000,6.000000,96.000000,96.000000,96.000000,94.000000,94.000000,5.0,40.2884,36.6368,127.5800,131.2315,PENDING_AG03,FALSE,NOT_FOR_ENFORCEMENT,161.1536,1206.2488,167.8684,161.1536,6.7147,0.11305552,0.10853330,6.7147,161.1536,0.10853330,6.7147,6.7147,6.7147,10.0721,10.0721,161.1536,0.10853330,40.2884,36.6368,127.5800,131.2315,0.08592219,0.08838146,0.00452222,18.1077,24.1636,3.2282,83.9342,18.6520,742.4156,26.0000,,18.1077,4.2165,10.5412,21.0824,42.1647,63.2471,77.5831,4.2165,-4.2165,6.0,7.36,1.717805,7,11,2,8,0E-8,0.11305552,,0E-8,0.000000,0.846230,0.000000,,2026-04-24,2026-04-27,2,9,8,4,0.500000,,,0.000000,,,,,,,,GLOBAL_BASELINE_NO_ENTITY_RANKING,,,NOT_APPLICABLE_GLOBAL_BASELINE,HF9g-P5,,,,X 全窗基线 · 不参与实体赏罚,6871101,688,A168_HF9F_20260827_0900,2026-08-27 09:00:00
2026-04-27,61466689,2123,0,206.6072143869,196.0660299790,196.0660299790,0.6250000,17,8,0.43483785758928572,0.354460331250,1.0849727984497943,1.5996709585254771,1.0849727984497943,0.08037752633928572,ELIGIBLE,R03b_20260811_FULL_v1,L1_ELIGIBILITY,v2026-08-11,2026-03-21..2026-08-06,baccarat_bet02_101_all_pairs_incl_sentinel,round_win = game_pnl > 0 (decisive only),COMPATIBILITY_ONLY_NOT_PRODUCTION,1484.8312,1256.5092,167.8684,82,52,-0.11305552,,-0.11305552,-0.11305552,-167.8684,1484.8312,OK,0.0000,6.7147,4.0000,96.0000,AG03-UNRESOLVED,ALL5_LEVELS_bet23_to_bet27,6.7147,6.7147,6.7147,10.0721,10.0721,4.000000,4.000000,4.000000,6.000000,6.000000,96.000000,96.000000,96.000000,94.000000,94.000000,5.0,40.2884,36.6368,127.5800,131.2315,PENDING_AG03,FALSE,NOT_FOR_ENFORCEMENT,161.1536,1206.2488,167.8684,161.1536,6.7147,0.11305552,0.10853330,6.7147,161.1536,0.10853330,6.7147,6.7147,6.7147,10.0721,10.0721,161.1536,0.10853330,40.2884,36.6368,127.5800,131.2315,0.08592219,0.08838146,0.00452222,18.1077,24.1636,3.2282,83.9342,18.6520,742.4156,26.0000,,18.1077,4.2165,10.5412,21.0824,42.1647,63.2471,77.5831,4.2165,-4.2165,6.0,7.36,1.717805,7,11,2,8,0E-8,0.11305552,,0E-8,0.000000,0.846230,0.000000,,2026-04-24,2026-04-27,2,9,8,4,0.500000,,,0.000000,,,,,,,,GLOBAL_BASELINE_NO_ENTITY_RANKING,,,NOT_APPLICABLE_GLOBAL_BASELINE,HF9g-P5,,,,X 全窗基线 · 不参与实体赏罚,6871102,688,A168_HF9F_20260827_0900,2026-08-27 09:00:00
2026-04-27,61466689,2141,0,423.7556131808,-103.3036071935,-103.3036071935,0.2222222,19,11,0.40900683049979190,0.361922357576,-1.1397401025162865,-0.8721147096693077,-1.1397401025162865,0.04708447292379190,ELIGIBLE,R03b_20260811_FULL_v1,L1_ELIGIBILITY,v2026-08-11,2026-03-21..2026-08-06,baccarat_bet02_101_all_pairs_incl_sentinel,round_win = game_pnl > 0 (decisive only),COMPATIBILITY_ONLY_NOT_PRODUCTION,1484.8312,1256.5092,167.8684,82,52,-0.11305552,,-0.11305552,-0.11305552,-167.8684,1484.8312,OK,0.0000,6.7147,4.0000,96.0000,AG03-UNRESOLVED,ALL5_LEVELS_bet23_to_bet27,6.7147,6.7147,6.7147,10.0721,10.0721,4.000000,4.000000,4.000000,6.000000,6.000000,96.000000,96.000000,96.000000,94.000000,94.000000,5.0,40.2884,36.6368,127.5800,131.2315,PENDING_AG03,FALSE,NOT_FOR_ENFORCEMENT,161.1536,1206.2488,167.8684,161.1536,6.7147,0.11305552,0.10853330,6.7147,161.1536,0.10853330,6.7147,6.7147,6.7147,10.0721,10.0721,161.1536,0.10853330,40.2884,36.6368,127.5800,131.2315,0.08592219,0.08838146,0.00452222,18.1077,24.1636,3.2282,83.9342,18.6520,742.4156,26.0000,,18.1077,4.2165,10.5412,21.0824,42.1647,63.2471,77.5831,4.2165,-4.2165,6.0,7.36,1.717805,7,11,2,8,0E-8,0.11305552,,0E-8,0.000000,0.846230,0.000000,,2026-04-24,2026-04-27,2,9,8,4,0.500000,,,0.000000,,,,,,,,GLOBAL_BASELINE_NO_ENTITY_RANKING,,,NOT_APPLICABLE_GLOBAL_BASELINE,HF9g-P5,,,,X 全窗基线 · 不参与实体赏罚,6871103,688,A168_HF9F_20260827_0900,2026-08-27 09:00:00
2026-04-27,61466689,2254,0,38.3699112433,-12.2277739127,-12.2277739127,0.2500000,4,4,0.49994810000000000,0.499948100000,-0.9997924053861017,-0.9997924053861017,-0.9997924053861017,0E-17,ELIGIBLE,R03b_20260811_FULL_v1,L1_ELIGIBILITY,v2026-08-11,2026-03-21..2026-08-06,baccarat_bet02_101_all_pairs_incl_sentinel,round_win = game_pnl > 0 (decisive only),COMPATIBILITY_ONLY_NOT_PRODUCTION,1484.8312,1256.5092,167.8684,82,52,-0.11305552,,-0.11305552,-0.11305552,-167.8684,1484.8312,OK,0.0000,6.7147,4.0000,96.0000,AG03-UNRESOLVED,ALL5_LEVELS_bet23_to_bet27,6.7147,6.7147,6.7147,10.0721,10.0721,4.000000,4.000000,4.000000,6.000000,6.000000,96.000000,96.000000,96.000000,94.000000,94.000000,5.0,40.2884,36.6368,127.5800,131.2315,PENDING_AG03,FALSE,NOT_FOR_ENFORCEMENT,161.1536,1206.2488,167.8684,161.1536,6.7147,0.11305552,0.10853330,6.7147,161.1536,0.10853330,6.7147,6.7147,6.7147,10.0721,10.0721,161.1536,0.10853330,40.2884,36.6368,127.5800,131.2315,0.08592219,0.08838146,0.00452222,18.1077,24.1636,3.2282,83.9342,18.6520,742.4156,26.0000,,18.1077,4.2165,10.5412,21.0824,42.1647,63.2471,77.5831,4.2165,-4.2165,6.0,7.36,1.717805,7,11,2,8,0E-8,0.11305552,,0E-8,0.000000,0.846230,0.000000,,2026-04-24,2026-04-27,2,9,8,4,0.500000,,,0.000000,,,,,,,,GLOBAL_BASELINE_NO_ENTITY_RANKING,,,NOT_APPLICABLE_GLOBAL_BASELINE,HF9g-P5,,,,X 全窗基线 · 不参与实体赏罚,6871104,688,A168_HF9F_20260827_0900,2026-08-27 09:00:00
2026-04-27,61466689,526,0,63.2471064449,-63.2471064449,-63.2471064449,0E-7,1,1,0.50665070000000000,0.506650700000,-1.013391052207602,-1.013391052207602,-1.013391052207602,0E-17,ELIGIBLE,R03b_20260811_FULL_v1,L1_ELIGIBILITY,v2026-08-11,2026-03-21..2026-08-06,baccarat_bet02_101_all_pairs_incl_sentinel,round_win = game_pnl > 0 (decisive only),COMPATIBILITY_ONLY_NOT_PRODUCTION,1484.8312,1256.5092,167.8684,82,52,-0.11305552,,-0.11305552,-0.11305552,-167.8684,1484.8312,OK,0.0000,6.7147,4.0000,96.0000,AG03-UNRESOLVED,ALL5_LEVELS_bet23_to_bet27,6.7147,6.7147,6.7147,10.0721,10.0721,4.000000,4.000000,4.000000,6.000000,6.000000,96.000000,96.000000,96.000000,94.000000,94.000000,5.0,40.2884,36.6368,127.5800,131.2315,PENDING_AG03,FALSE,NOT_FOR_ENFORCEMENT,161.1536,1206.2488,167.8684,161.1536,6.7147,0.11305552,0.10853330,6.7147,161.1536,0.10853330,6.7147,6.7147,6.7147,10.0721,10.0721,161.1536,0.10853330,40.2884,36.6368,127.5800,131.2315,0.08592219,0.08838146,0.00452222,18.1077,24.1636,3.2282,83.9342,18.6520,742.4156,26.0000,,18.1077,4.2165,10.5412,21.0824,42.1647,63.2471,77.5831,4.2165,-4.2165,6.0,7.36,1.717805,7,11,2,8,0E-8,0.11305552,,0E-8,0.000000,0.846230,0.000000,,2026-04-24,2026-04-27,2,9,8,4,0.500000,,,0.000000,,,,,,,,GLOBAL_BASELINE_NO_ENTITY_RANKING,,,NOT_APPLICABLE_GLOBAL_BASELINE,HF9g-P5,,,,X 全窗基线 · 不参与实体赏罚,6871105,688,A168_HF9F_20260827_0900,2026-08-27 09:00:00
2026-04-27,61466689,752,0,156.0095292308,-52.7059220375,-52.7059220375,0.3333333,6,4,0.46909436071428572,0.427956041667,-0.4711909798071067,-0.3312391940682287,-0.4711909798071067,0.04113831904728572,ELIGIBLE,R03b_20260811_FULL_v1,L1_ELIGIBILITY,v2026-08-11,2026-03-21..2026-08-06,baccarat_bet02_101_all_pairs_incl_sentinel,round_win = game_pnl > 0 (decisive only),COMPATIBILITY_ONLY_NOT_PRODUCTION,1484.8312,1256.5092,167.8684,82,52,-0.11305552,,-0.11305552,-0.11305552,-167.8684,1484.8312,OK,0.0000,6.7147,4.0000,96.0000,AG03-UNRESOLVED,ALL5_LEVELS_bet23_to_bet27,6.7147,6.7147,6.7147,10.0721,10.0721,4.000000,4.000000,4.000000,6.000000,6.000000,96.000000,96.000000,96.000000,94.000000,94.000000,5.0,40.2884,36.6368,127.5800,131.2315,PENDING_AG03,FALSE,NOT_FOR_ENFORCEMENT,161.1536,1206.2488,167.8684,161.1536,6.7147,0.11305552,0.10853330,6.7147,161.1536,0.10853330,6.7147,6.7147,6.7147,10.0721,10.0721,161.1536,0.10853330,40.2884,36.6368,127.5800,131.2315,0.08592219,0.08838146,0.00452222,18.1077,24.1636,3.2282,83.9342,18.6520,742.4156,26.0000,,18.1077,4.2165,10.5412,21.0824,42.1647,63.2471,77.5831,4.2165,-4.2165,6.0,7.36,1.717805,7,11,2,8,0E-8,0.11305552,,0E-8,0.000000,0.846230,0.000000,,2026-04-24,2026-04-27,2,9,8,4,0.500000,,,0.000000,,,,,,,,GLOBAL_BASELINE_NO_ENTITY_RANKING,,,NOT_APPLICABLE_GLOBAL_BASELINE,HF9g-P5,,,,X 全窗基线 · 不参与实体赏罚,6871106,688,A168_HF9F_20260827_0900,2026-08-27 09:00:00
2026-05-16,150144502,986,0,245.7059830834,-167.8688184319,-167.8688184319,0E-7,8,5,0.31058932187490387,0.259154070000,-1.3424071387558478,-1.1828919135654676,-1.3424071387558478,0.05143525187490387,ELIGIBLE,R03b_20260811_FULL_v1,L1_ELIGIBILITY,v2026-08-11,2026-03-21..2026-08-06,baccarat_bet02_101_all_pairs_incl_sentinel,round_win = game_pnl > 0 (decisive only),COMPATIBILITY_ONLY_NOT_PRODUCTION,245.7060,167.8688,167.8688,8,5,-0.68321014,,-0.68321014,-0.68321014,-167.8688,245.7060,THIN_EXPOSURE,0.0000,6.7148,4.0000,96.0000,AG03-UNRESOLVED,ALL5_LEVELS_bet23_to_bet27,6.7148,6.7148,6.7148,6.7148,6.7148,4.000000,4.000000,4.000000,4.000000,4.000000,96.000000,96.000000,96.000000,96.000000,96.000000,5.0,33.5738,30.9932,134.2951,136.8757,PENDING_AG03,FALSE,NOT_FOR_ENFORCEMENT,161.1541,161.1541,167.8688,161.1541,6.7148,0.68321014,0.65588173,6.7148,161.1541,0.65588173,6.7148,6.7148,6.7148,6.7148,6.7148,161.1541,0.65588173,33.5738,30.9932,134.2951,136.8757,0.54656811,0.55707089,0.02732841,30.7132,33.5738,33.5738,167.8688,167.8688,245.7060,5.0000,,30.7132,2.5946,2.5946,77.8372,77.8372,77.8372,77.8372,2.5946,-2.5946,30.000001,30.000001,11.8375,1,1,1,5,0E-8,0.68321014,,0E-8,0.000000,0.683210,0.000000,,2026-05-16,2026-05-16,1,1,1,1,1.000000,,,0.000000,,,,,,,,GLOBAL_BASELINE_NO_ENTITY_RANKING,,,NOT_APPLICABLE_GLOBAL_BASELINE,HF9g-P5,,,,X 全窗基线 · 不参与实体赏罚,6871107,688,A168_HF9F_20260827_0900,2026-08-27 09:00:00
2026-05-25,150565072,-1,1,167.8688184318,-167.8688184318,-167.8688184318,0E-7,2,2,0.49994810000000000,0.499948100000,-1.4140667746232096,-1.4140667746232096,-1.4140667746232096,0E-17,SENTINEL_DEALER,R03b_20260811_FULL_v1,L1_ELIGIBILITY,v2026-08-11,2026-03-21..2026-08-06,baccarat_bet02_101_all_pairs_incl_sentinel,round_win = game_pnl > 0 (decisive only),COMPATIBILITY_ONLY_NOT_PRODUCTION,167.8688,167.8688,167.8688,2,2,-1.00000000,,-1.00000000,-1.00000000,-167.8688,167.8688,THIN_EXPOSURE,0.0000,6.7148,4.0000,96.0000,AG03-UNRESOLVED,ALL5_LEVELS_bet23_to_bet27,6.7148,6.7148,6.7148,8.3934,8.3934,4.000000,4.000000,4.000000,5.000000,5.000000,96.000000,96.000000,96.000000,95.000000,95.000000,5.0,36.9311,33.8299,130.9377,134.0389,PENDING_AG03,FALSE,NOT_FOR_ENFORCEMENT,161.1541,161.1541,167.8688,161.1541,6.7148,1.00000000,0.96000000,6.7148,161.1541,0.96000000,6.7148,6.7148,6.7148,8.3934,8.3934,161.1541,0.96000000,36.9311,33.8299,130.9377,134.0389,0.78000000,0.79847424,0.04000000,83.9344,83.9344,83.9344,167.8688,83.9344,167.8688,2.0000,,83.9344,36.324,83.9344,131.5448,131.5448,131.5448,131.5448,83.9344,-83.9344,1.567233,1.567233,1.0,2,1,1,2,0E-8,1.00000000,,0E-8,0.000000,1.000000,0.000000,,2026-05-25,2026-05-25,1,2,2,1,1.000000,,,0.000000,,,,,,,,GLOBAL_BASELINE_NO_ENTITY_RANKING,,,NOT_APPLICABLE_GLOBAL_BASELINE,HF9g-P5,,,,X 全窗基线 · 不参与实体赏罚,6871108,688,A168_HF9F_20260827_0900,2026-08-27 09:00:00
2026-04-18,148823168,-1,1,362.6167436172,-196.0660299791,-196.0660299791,0.2000000,7,7,0.50473567142857143,0.504735671429,-1.3628804838446171,-1.3628804838465447,-1.3628804838446171,-4.2857E-13,SENTINEL_DEALER,R03b_20260811_FULL_v1,L1_ELIGIBILITY,v2026-08-11,2026-03-21..2026-08-06,baccarat_bet02_101_all_pairs_incl_sentinel,round_win = game_pnl > 0 (decisive only),COMPATIBILITY_ONLY_NOT_PRODUCTION,1999.7573,1915.4279,167.8770,32,32,-0.08394866,,-0.08394866,-0.08394866,-167.8770,1999.7573,OK,0.0000,6.7151,4.0000,96.0000,AG03-UNRESOLVED,ALL5_LEVELS_bet23_to_bet27,6.7151,6.7151,6.7151,6.7151,6.7151,4.000000,4.000000,4.000000,4.000000,4.000000,96.000000,96.000000,96.000000,96.000000,96.000000,5.0,33.5754,30.9947,134.3016,136.8823,PENDING_AG03,FALSE,NOT_FOR_ENFORCEMENT,161.1619,1838.8108,167.8770,161.1619,6.7151,0.08394866,0.08059072,6.7151,161.1619,0.08059072,6.7151,6.7151,6.7151,6.7151,6.7151,161.1619,0.08059072,33.5754,30.9947,134.3016,136.8823,0.06715893,0.06844945,0.00335795,62.4924,59.8571,5.2462,83.9385,9.8751,999.8787,16.0000,,62.4924,42.1647,63.1328,84.0248,94.8707,104.015,105.031,63.1328,-21.0062,1.647557,1.66365,0.989856,14,12,1,2,0E-8,0.08394866,,0E-8,0.000000,0.957830,0.000000,,2026-04-18,2026-05-05,2,17,17,18,0.111111,,,0.000000,,,,,,,,GLOBAL_BASELINE_NO_ENTITY_RANKING,,,NOT_APPLICABLE_GLOBAL_BASELINE,HF9g-P5,,,,X 全窗基线 · 不参与实体赏罚,6871109,688,A168_HF9F_20260827_0900,2026-08-27 09:00:00
2026-04-18,148823168,1646,0,31.6235532224,30.0423755613,30.0423755613,1.0000000,1,1,0.50665070000000000,0.506650700000,0.9867858985152569,0.9867858985152569,0.9867858985152569,0E-17,ELIGIBLE,R03b_20260811_FULL_v1,L1_ELIGIBILITY,v2026-08-11,2026-03-21..2026-08-06,baccarat_bet02_101_all_pairs_incl_sentinel,round_win = game_pnl > 0 (decisive only),COMPATIBILITY_ONLY_NOT_PRODUCTION,1999.7573,1915.4279,167.8770,32,32,-0.08394866,,-0.08394866,-0.08394866,-167.8770,1999.7573,OK,0.0000,6.7151,4.0000,96.0000,AG03-UNRESOLVED,ALL5_LEVELS_bet23_to_bet27,6.7151,6.7151,6.7151,6.7151,6.7151,4.000000,4.000000,4.000000,4.000000,4.000000,96.000000,96.000000,96.000000,96.000000,96.000000,5.0,33.5754,30.9947,134.3016,136.8823,PENDING_AG03,FALSE,NOT_FOR_ENFORCEMENT,161.1619,1838.8108,167.8770,161.1619,6.7151,0.08394866,0.08059072,6.7151,161.1619,0.08059072,6.7151,6.7151,6.7151,6.7151,6.7151,161.1619,0.08059072,33.5754,30.9947,134.3016,136.8823,0.06715893,0.06844945,0.00335795,62.4924,59.8571,5.2462,83.9385,9.8751,999.8787,16.0000,,62.4924,42.1647,63.1328,84.0248,94.8707,104.015,105.031,63.1328,-21.0062,1.647557,1.66365,0.989856,14,12,1,2,0E-8,0.08394866,,0E-8,0.000000,0.957830,0.000000,,2026-04-18,2026-05-05,2,17,17,18,0.111111,,,0.000000,,,,,,,,GLOBAL_BASELINE_NO_ENTITY_RANKING,,,NOT_APPLICABLE_GLOBAL_BASELINE,HF9g-P5,,,,X 全窗基线 · 不参与实体赏罚,6871110,688,A168_HF9F_20260827_0900,2026-08-27 09:00:00
2026-04-18,148823168,2141,0,63.2471064449,60.0847511226,60.0847511226,1.0000000,1,1,0.50665070000000000,0.506650700000,0.9867858985152569,0.9867858985152569,0.9867858985152569,0E-17,ELIGIBLE,R03b_20260811_FULL_v1,L1_ELIGIBILITY,v2026-08-11,2026-03-21..2026-08-06,baccarat_bet02_101_all_pairs_incl_sentinel,round_win = game_pnl > 0 (decisive only),COMPATIBILITY_ONLY_NOT_PRODUCTION,1999.7573,1915.4279,167.8770,32,32,-0.08394866,,-0.08394866,-0.08394866,-167.8770,1999.7573,OK,0.0000,6.7151,4.0000,96.0000,AG03-UNRESOLVED,ALL5_LEVELS_bet23_to_bet27,6.7151,6.7151,6.7151,6.7151,6.7151,4.000000,4.000000,4.000000,4.000000,4.000000,96.000000,96.000000,96.000000,96.000000,96.000000,5.0,33.5754,30.9947,134.3016,136.8823,PENDING_AG03,FALSE,NOT_FOR_ENFORCEMENT,161.1619,1838.8108,167.8770,161.1619,6.7151,0.08394866,0.08059072,6.7151,161.1619,0.08059072,6.7151,6.7151,6.7151,6.7151,6.7151,161.1619,0.08059072,33.5754,30.9947,134.3016,136.8823,0.06715893,0.06844945,0.00335795,62.4924,59.8571,5.2462,83.9385,9.8751,999.8787,16.0000,,62.4924,42.1647,63.1328,84.0248,94.8707,104.015,105.031,63.1328,-21.0062,1.647557,1.66365,0.989856,14,12,1,2,0E-8,0.08394866,,0E-8,0.000000,0.957830,0.000000,,2026-04-18,2026-05-05,2,17,17,18,0.111111,,,0.000000,,,,,,,,GLOBAL_BASELINE_NO_ENTITY_RANKING,,,NOT_APPLICABLE_GLOBAL_BASELINE,HF9g-P5,,,,X 全窗基线 · 不参与实体赏罚,6871111,688,A168_HF9F_20260827_0900,2026-08-27 09:00:00
2026-04-18,148823168,2171,0,274.0707945944,-89.0730082431,-89.0730082431,0.3333333,3,3,0.50665070000000000,0.506650700000,-0.6004420894325239,-0.6004420894325239,-0.6004420894325239,0E-17,ELIGIBLE,R03b_20260811_FULL_v1,L1_ELIGIBILITY,v2026-08-11,2026-03-21..2026-08-06,baccarat_bet02_101_all_pairs_incl_sentinel,round_win = game_pnl > 0 (decisive only),COMPATIBILITY_ONLY_NOT_PRODUCTION,1999.7573,1915.4279,167.8770,32,32,-0.08394866,,-0.08394866,-0.08394866,-167.8770,1999.7573,OK,0.0000,6.7151,4.0000,96.0000,AG03-UNRESOLVED,ALL5_LEVELS_bet23_to_bet27,6.7151,6.7151,6.7151,6.7151,6.7151,4.000000,4.000000,4.000000,4.000000,4.000000,96.000000,96.000000,96.000000,96.000000,96.000000,5.0,33.5754,30.9947,134.3016,136.8823,PENDING_AG03,FALSE,NOT_FOR_ENFORCEMENT,161.1619,1838.8108,167.8770,161.1619,6.7151,0.08394866,0.08059072,6.7151,161.1619,0.08059072,6.7151,6.7151,6.7151,6.7151,6.7151,161.1619,0.08059072,33.5754,30.9947,134.3016,136.8823,0.06715893,0.06844945,0.00335795,62.4924,59.8571,5.2462,83.9385,9.8751,999.8787,16.0000,,62.4924,42.1647,63.1328,84.0248,94.8707,104.015,105.031,63.1328,-21.0062,1.647557,1.66365,0.989856,14,12,1,2,0E-8,0.08394866,,0E-8,0.000000,0.957830,0.000000,,2026-04-18,2026-05-05,2,17,17,18,0.111111,,,0.000000,,,,,,,,GLOBAL_BASELINE_NO_ENTITY_RANKING,,,NOT_APPLICABLE_GLOBAL_BASELINE,HF9g-P5,,,,X 全窗基线 · 不参与实体赏罚,6871112,688,A168_HF9F_20260827_0900,2026-08-27 09:00:00
2026-04-18,148823168,2177,0,364.7249804987,146.2062277317,146.2062277317,0.7142857,7,7,0.50282064285714286,0.502820642857,1.1189857854549734,1.1189857854557275,1.1189857854549734,1.4286E-13,ELIGIBLE,R03b_20260811_FULL_v1,L1_ELIGIBILITY,v2026-08-11,2026-03-21..2026-08-06,baccarat_bet02_101_all_pairs_incl_sentinel,round_win = game_pnl > 0 (decisive only),COMPATIBILITY_ONLY_NOT_PRODUCTION,1999.7573,1915.4279,167.8770,32,32,-0.08394866,,-0.08394866,-0.08394866,-167.8770,1999.7573,OK,0.0000,6.7151,4.0000,96.0000,AG03-UNRESOLVED,ALL5_LEVELS_bet23_to_bet27,6.7151,6.7151,6.7151,6.7151,6.7151,4.000000,4.000000,4.000000,4.000000,4.000000,96.000000,96.000000,96.000000,96.000000,96.000000,5.0,33.5754,30.9947,134.3016,136.8823,PENDING_AG03,FALSE,NOT_FOR_ENFORCEMENT,161.1619,1838.8108,167.8770,161.1619,6.7151,0.08394866,0.08059072,6.7151,161.1619,0.08059072,6.7151,6.7151,6.7151,6.7151,6.7151,161.1619,0.08059072,33.5754,30.9947,134.3016,136.8823,0.06715893,0.06844945,0.00335795,62.4924,59.8571,5.2462,83.9385,9.8751,999.8787,16.0000,,62.4924,42.1647,63.1328,84.0248,94.8707,104.015,105.031,63.1328,-21.0062,1.647557,1.66365,0.989856,14,12,1,2,0E-8,0.08394866,,0E-8,0.000000,0.957830,0.000000,,2026-04-18,2026-05-05,2,17,17,18,0.111111,,,0.000000,,,,,,,,GLOBAL_BASELINE_NO_ENTITY_RANKING,,,NOT_APPLICABLE_GLOBAL_BASELINE,HF9g-P5,,,,X 全窗基线 · 不参与实体赏罚,6871113,688,A168_HF9F_20260827_0900,2026-08-27 09:00:00
2026-04-18,148823168,763,0,231.9060569646,-231.9060569646,-231.9060569646,0E-7,4,4,0.49994810000000000,0.499948100000,-1.9997924107733216,-1.9997924107733216,-1.9997924107733216,0E-17,ELIGIBLE,R03b_20260811_FULL_v1,L1_ELIGIBILITY,v2026-08-11,2026-03-21..2026-08-06,baccarat_bet02_101_all_pairs_incl_sentinel,round_win = game_pnl > 0 (decisive only),COMPATIBILITY_ONLY_NOT_PRODUCTION,1999.7573,1915.4279,167.8770,32,32,-0.08394866,,-0.08394866,-0.08394866,-167.8770,1999.7573,OK,0.0000,6.7151,4.0000,96.0000,AG03-UNRESOLVED,ALL5_LEVELS_bet23_to_bet27,6.7151,6.7151,6.7151,6.7151,6.7151,4.000000,4.000000,4.000000,4.000000,4.000000,96.000000,96.000000,96.000000,96.000000,96.000000,5.0,33.5754,30.9947,134.3016,136.8823,PENDING_AG03,FALSE,NOT_FOR_ENFORCEMENT,161.1619,1838.8108,167.8770,161.1619,6.7151,0.08394866,0.08059072,6.7151,161.1619,0.08059072,6.7151,6.7151,6.7151,6.7151,6.7151,161.1619,0.08059072,33.5754,30.9947,134.3016,136.8823,0.06715893,0.06844945,0.00335795,62.4924,59.8571,5.2462,83.9385,9.8751,999.8787,16.0000,,62.4924,42.1647,63.1328,84.0248,94.8707,104.015,105.031,63.1328,-21.0062,1.647557,1.66365,0.989856,14,12,1,2,0E-8,0.08394866,,0E-8,0.000000,0.957830,0.000000,,2026-04-18,2026-05-05,2,17,17,18,0.111111,,,0.000000,,,,,,,,GLOBAL_BASELINE_NO_ENTITY_RANKING,,,NOT_APPLICABLE_GLOBAL_BASELINE,HF9g-P5,,,,X 全窗基线 · 不参与实体赏罚,6871114,688,A168_HF9F_20260827_0900,2026-08-27 09:00:00
2026-05-05,148823168,-1,1,147.0433777964,-147.0433777964,-147.0433777964,0E-7,2,2,0.49994810000000000,0.499948100000,-1.4140667746232096,-1.4140667746232096,-1.4140667746232096,0E-17,SENTINEL_DEALER,R03b_20260811_FULL_v1,L1_ELIGIBILITY,v2026-08-11,2026-03-21..2026-08-06,baccarat_bet02_101_all_pairs_incl_sentinel,round_win = game_pnl > 0 (decisive only),COMPATIBILITY_ONLY_NOT_PRODUCTION,1999.7573,1915.4279,167.8770,32,32,-0.08394866,,-0.08394866,-0.08394866,-167.8770,1999.7573,OK,0.0000,6.7151,4.0000,96.0000,AG03-UNRESOLVED,ALL5_LEVELS_bet23_to_bet27,6.7151,6.7151,6.7151,6.7151,6.7151,4.000000,4.000000,4.000000,4.000000,4.000000,96.000000,96.000000,96.000000,96.000000,96.000000,5.0,33.5754,30.9947,134.3016,136.8823,PENDING_AG03,FALSE,NOT_FOR_ENFORCEMENT,161.1619,1838.8108,167.8770,161.1619,6.7151,0.08394866,0.08059072,6.7151,161.1619,0.08059072,6.7151,6.7151,6.7151,6.7151,6.7151,161.1619,0.08059072,33.5754,30.9947,134.3016,136.8823,0.06715893,0.06844945,0.00335795,62.4924,59.8571,5.2462,83.9385,9.8751,999.8787,16.0000,,62.4924,42.1647,63.1328,84.0248,94.8707,104.015,105.031,63.1328,-21.0062,1.647557,1.66365,0.989856,14,12,1,2,0E-8,0.08394866,,0E-8,0.000000,0.957830,0.000000,,2026-04-18,2026-05-05,2,17,17,18,0.111111,,,0.000000,,,,,,,,GLOBAL_BASELINE_NO_ENTITY_RANKING,,,NOT_APPLICABLE_GLOBAL_BASELINE,HF9g-P5,,,,X 全窗基线 · 不参与实体赏罚,6871115,688,A168_HF9F_20260827_0900,2026-08-27 09:00:00
2026-05-05,148823168,1115,0,84.0247873123,79.8235479466,79.8235479466,1.0000000,1,1,0.50665070000000000,0.506650700000,0.9867858985152569,0.9867858985152569,0.9867858985152569,0E-17,ELIGIBLE,R03b_20260811_FULL_v1,L1_ELIGIBILITY,v2026-08-11,2026-03-21..2026-08-06,baccarat_bet02_101_all_pairs_incl_sentinel,round_win = game_pnl > 0 (decisive only),COMPATIBILITY_ONLY_NOT_PRODUCTION,1999.7573,1915.4279,167.8770,32,32,-0.08394866,,-0.08394866,-0.08394866,-167.8770,1999.7573,OK,0.0000,6.7151,4.0000,96.0000,AG03-UNRESOLVED,ALL5_LEVELS_bet23_to_bet27,6.7151,6.7151,6.7151,6.7151,6.7151,4.000000,4.000000,4.000000,4.000000,4.000000,96.000000,96.000000,96.000000,96.000000,96.000000,5.0,33.5754,30.9947,134.3016,136.8823,PENDING_AG03,FALSE,NOT_FOR_ENFORCEMENT,161.1619,1838.8108,167.8770,161.1619,6.7151,0.08394866,0.08059072,6.7151,161.1619,0.08059072,6.7151,6.7151,6.7151,6.7151,6.7151,161.1619,0.08059072,33.5754,30.9947,134.3016,136.8823,0.06715893,0.06844945,0.00335795,62.4924,59.8571,5.2462,83.9385,9.8751,999.8787,16.0000,,62.4924,42.1647,63.1328,84.0248,94.8707,104.015,105.031,63.1328,-21.0062,1.647557,1.66365,0.989856,14,12,1,2,0E-8,0.08394866,,0E-8,0.000000,0.957830,0.000000,,2026-04-18,2026-05-05,2,17,17,18,0.111111,,,0.000000,,,,,,,,GLOBAL_BASELINE_NO_ENTITY_RANKING,,,NOT_APPLICABLE_GLOBAL_BASELINE,HF9g-P5,,,,X 全窗基线 · 不参与实体赏罚,6871116,688,A168_HF9F_20260827_0900,2026-08-27 09:00:00
2026-05-05,148823168,1291,0,83.3946014074,79.2248713370,79.2248713370,1.0000000,1,1,0.50665070000000000,0.506650700000,0.9867858985152569,0.9867858985152569,0.9867858985152569,0E-17,ELIGIBLE,R03b_20260811_FULL_v1,L1_ELIGIBILITY,v2026-08-11,2026-03-21..2026-08-06,baccarat_bet02_101_all_pairs_incl_sentinel,round_win = game_pnl > 0 (decisive only),COMPATIBILITY_ONLY_NOT_PRODUCTION,1999.7573,1915.4279,167.8770,32,32,-0.08394866,,-0.08394866,-0.08394866,-167.8770,1999.7573,OK,0.0000,6.7151,4.0000,96.0000,AG03-UNRESOLVED,ALL5_LEVELS_bet23_to_bet27,6.7151,6.7151,6.7151,6.7151,6.7151,4.000000,4.000000,4.000000,4.000000,4.000000,96.000000,96.000000,96.000000,96.000000,96.000000,5.0,33.5754,30.9947,134.3016,136.8823,PENDING_AG03,FALSE,NOT_FOR_ENFORCEMENT,161.1619,1838.8108,167.8770,161.1619,6.7151,0.08394866,0.08059072,6.7151,161.1619,0.08059072,6.7151,6.7151,6.7151,6.7151,6.7151,161.1619,0.08059072,33.5754,30.9947,134.3016,136.8823,0.06715893,0.06844945,0.00335795,62.4924,59.8571,5.2462,83.9385,9.8751,999.8787,16.0000,,62.4924,42.1647,63.1328,84.0248,94.8707,104.015,105.031,63.1328,-21.0062,1.647557,1.66365,0.989856,14,12,1,2,0E-8,0.08394866,,0E-8,0.000000,0.957830,0.000000,,2026-04-18,2026-05-05,2,17,17,18,0.111111,,,0.000000,,,,,,,,GLOBAL_BASELINE_NO_ENTITY_RANKING,,,NOT_APPLICABLE_GLOBAL_BASELINE,HF9g-P5,,,,X 全窗基线 · 不参与实体赏罚,6871117,688,A168_HF9F_20260827_0900,2026-08-27 09:00:00
2026-05-05,148823168,2122,0,126.0371809684,-126.0371809684,-126.0371809684,0E-7,2,2,0.49324550000000000,0.493245500000,-1.3952362676504506,-1.3952362676504506,-1.3952362676504506,0E-17,ELIGIBLE,R03b_20260811_FULL_v1,L1_ELIGIBILITY,v2026-08-11,2026-03-21..2026-08-06,baccarat_bet02_101_all_pairs_incl_sentinel,round_win = game_pnl > 0 (decisive only),COMPATIBILITY_ONLY_NOT_PRODUCTION,1999.7573,1915.4279,167.8770,32,32,-0.08394866,,-0.08394866,-0.08394866,-167.8770,1999.7573,OK,0.0000,6.7151,4.0000,96.0000,AG03-UNRESOLVED,ALL5_LEVELS_bet23_to_bet27,6.7151,6.7151,6.7151,6.7151,6.7151,4.000000,4.000000,4.000000,4.000000,4.000000,96.000000,96.000000,96.000000,96.000000,96.000000,5.0,33.5754,30.9947,134.3016,136.8823,PENDING_AG03,FALSE,NOT_FOR_ENFORCEMENT,161.1619,1838.8108,167.8770,161.1619,6.7151,0.08394866,0.08059072,6.7151,161.1619,0.08059072,6.7151,6.7151,6.7151,6.7151,6.7151,161.1619,0.08059072,33.5754,30.9947,134.3016,136.8823,0.06715893,0.06844945,0.00335795,62.4924,59.8571,5.2462,83.9385,9.8751,999.8787,16.0000,,62.4924,42.1647,63.1328,84.0248,94.8707,104.015,105.031,63.1328,-21.0062,1.647557,1.66365,0.989856,14,12,1,2,0E-8,0.08394866,,0E-8,0.000000,0.957830,0.000000,,2026-04-18,2026-05-05,2,17,17,18,0.111111,,,0.000000,,,,,,,,GLOBAL_BASELINE_NO_ENTITY_RANKING,,,NOT_APPLICABLE_GLOBAL_BASELINE,HF9g-P5,,,,X 全窗基线 · 不参与实体赏罚,6871118,688,A168_HF9F_20260827_0900,2026-08-27 09:00:00
2026-05-05,148823168,2127,0,105.0309841403,105.0309841403,105.0309841403,1.0000000,1,1,0.49324550000000000,0.493245500000,1.01360149184955,1.01360149184955,1.01360149184955,0E-17,ELIGIBLE,R03b_20260811_FULL_v1,L1_ELIGIBILITY,v2026-08-11,2026-03-21..2026-08-06,baccarat_bet02_101_all_pairs_incl_sentinel,round_win = game_pnl > 0 (decisive only),COMPATIBILITY_ONLY_NOT_PRODUCTION,1999.7573,1915.4279,167.8770,32,32,-0.08394866,,-0.08394866,-0.08394866,-167.8770,1999.7573,OK,0.0000,6.7151,4.0000,96.0000,AG03-UNRESOLVED,ALL5_LEVELS_bet23_to_bet27,6.7151,6.7151,6.7151,6.7151,6.7151,4.000000,4.000000,4.000000,4.000000,4.000000,96.000000,96.000000,96.000000,96.000000,96.000000,5.0,33.5754,30.9947,134.3016,136.8823,PENDING_AG03,FALSE,NOT_FOR_ENFORCEMENT,161.1619,1838.8108,167.8770,161.1619,6.7151,0.08394866,0.08059072,6.7151,161.1619,0.08059072,6.7151,6.7151,6.7151,6.7151,6.7151,161.1619,0.08059072,33.5754,30.9947,134.3016,136.8823,0.06715893,0.06844945,0.00335795,62.4924,59.8571,5.2462,83.9385,9.8751,999.8787,16.0000,,62.4924,42.1647,63.1328,84.0248,94.8707,104.015,105.031,63.1328,-21.0062,1.647557,1.66365,0.989856,14,12,1,2,0E-8,0.08394866,,0E-8,0.000000,0.957830,0.000000,,2026-04-18,2026-05-05,2,17,17,18,0.111111,,,0.000000,,,,,,,,GLOBAL_BASELINE_NO_ENTITY_RANKING,,,NOT_APPLICABLE_GLOBAL_BASELINE,HF9g-P5,,,,X 全窗基线 · 不参与实体赏罚,6871119,688,A168_HF9F_20260827_0900,2026-08-27 09:00:00
2026-05-05,148823168,2233,0,42.0123936561,42.0123936561,42.0123936561,1.0000000,1,1,0.49324550000000000,0.493245500000,1.01360149184955,1.01360149184955,1.01360149184955,0E-17,ELIGIBLE,R03b_20260811_FULL_v1,L1_ELIGIBILITY,v2026-08-11,2026-03-21..2026-08-06,baccarat_bet02_101_all_pairs_incl_sentinel,round_win = game_pnl > 0 (decisive only),COMPATIBILITY_ONLY_NOT_PRODUCTION,1999.7573,1915.4279,167.8770,32,32,-0.08394866,,-0.08394866,-0.08394866,-167.8770,1999.7573,OK,0.0000,6.7151,4.0000,96.0000,AG03-UNRESOLVED,ALL5_LEVELS_bet23_to_bet27,6.7151,6.7151,6.7151,6.7151,6.7151,4.000000,4.000000,4.000000,4.000000,4.000000,96.000000,96.000000,96.000000,96.000000,96.000000,5.0,33.5754,30.9947,134.3016,136.8823,PENDING_AG03,FALSE,NOT_FOR_ENFORCEMENT,161.1619,1838.8108,167.8770,161.1619,6.7151,0.08394866,0.08059072,6.7151,161.1619,0.08059072,6.7151,6.7151,6.7151,6.7151,6.7151,161.1619,0.08059072,33.5754,30.9947,134.3016,136.8823,0.06715893,0.06844945,0.00335795,62.4924,59.8571,5.2462,83.9385,9.8751,999.8787,16.0000,,62.4924,42.1647,63.1328,84.0248,94.8707,104.015,105.031,63.1328,-21.0062,1.647557,1.66365,0.989856,14,12,1,2,0E-8,0.08394866,,0E-8,0.000000,0.957830,0.000000,,2026-04-18,2026-05-05,2,17,17,18,0.111111,,,0.000000,,,,,,,,GLOBAL_BASELINE_NO_ENTITY_RANKING,,,NOT_APPLICABLE_GLOBAL_BASELINE,HF9g-P5,,,,X 全窗基线 · 不参与实体赏罚,6871120,688,A168_HF9F_20260827_0900,2026-08-27 09:00:00
2026-05-05,148823168,2235,0,84.0247873123,79.8235479466,79.8235479466,1.0000000,1,1,0.50665070000000000,0.506650700000,0.9867858985152569,0.9867858985152569,0.9867858985152569,0E-17,ELIGIBLE,R03b_20260811_FULL_v1,L1_ELIGIBILITY,v2026-08-11,2026-03-21..2026-08-06,baccarat_bet02_101_all_pairs_incl_sentinel,round_win = game_pnl > 0 (decisive only),COMPATIBILITY_ONLY_NOT_PRODUCTION,1999.7573,1915.4279,167.8770,32,32,-0.08394866,,-0.08394866,-0.08394866,-167.8770,1999.7573,OK,0.0000,6.7151,4.0000,96.0000,AG03-UNRESOLVED,ALL5_LEVELS_bet23_to_bet27,6.7151,6.7151,6.7151,6.7151,6.7151,4.000000,4.000000,4.000000,4.000000,4.000000,96.000000,96.000000,96.000000,96.000000,96.000000,5.0,33.5754,30.9947,134.3016,136.8823,PENDING_AG03,FALSE,NOT_FOR_ENFORCEMENT,161.1619,1838.8108,167.8770,161.1619,6.7151,0.08394866,0.08059072,6.7151,161.1619,0.08059072,6.7151,6.7151,6.7151,6.7151,6.7151,161.1619,0.08059072,33.5754,30.9947,134.3016,136.8823,0.06715893,0.06844945,0.00335795,62.4924,59.8571,5.2462,83.9385,9.8751,999.8787,16.0000,,62.4924,42.1647,63.1328,84.0248,94.8707,104.015,105.031,63.1328,-21.0062,1.647557,1.66365,0.989856,14,12,1,2,0E-8,0.08394866,,0E-8,0.000000,0.957830,0.000000,,2026-04-18,2026-05-05,2,17,17,18,0.111111,,,0.000000,,,,,,,,GLOBAL_BASELINE_NO_ENTITY_RANKING,,,NOT_APPLICABLE_GLOBAL_BASELINE,HF9g-P5,,,,X 全窗基线 · 不参与实体赏罚,6871121,688,A168_HF9F_20260827_0900,2026-08-27 09:00:00
2026-03-25,146942045,-1,1,17.6071837311,1.9808081698,1.9808081698,0.6000000,7,7,0.50090561428571429,0.500905614286,0.44316429220312403,0.4431642922018467,0.44316429220312403,-2.8571E-13,SENTINEL_DEALER,R03b_20260811_FULL_v1,L1_ELIGIBILITY,v2026-08-11,2026-03-21..2026-08-06,baccarat_bet02_101_all_pairs_incl_sentinel,round_win = game_pnl > 0 (decisive only),COMPATIBILITY_ONLY_NOT_PRODUCTION,1641.7757,1476.8053,167.8864,459,458,-0.10225901,,-0.10225901,-0.10225901,-167.8864,1641.7757,OK,0.0000,6.7155,4.0000,96.0000,AG03-UNRESOLVED,ALL5_LEVELS_bet23_to_bet27,6.7155,6.7155,6.7155,6.7155,6.7155,4.000000,4.000000,4.000000,4.000000,4.000000,96.000000,96.000000,96.000000,96.000000,96.000000,5.0,33.5773,30.9964,134.3091,136.8899,PENDING_AG03,FALSE,NOT_FOR_ENFORCEMENT,161.1709,1417.7330,167.8864,161.1709,6.7155,0.10225901,0.09816865,6.7155,161.1709,0.09816865,6.7155,6.7155,6.7155,6.7155,6.7155,161.1709,0.09816865,33.5773,30.9964,134.3091,136.8899,0.08180721,0.0833792,0.00409036,3.5769,3.2245,0.3666,13.9905,0.7114,136.8146,38.1667,,3.5769,2.1082,2.2009,4.2165,6.3247,10.796,14.3714,2.2009,0.0,4.90527,6.529774,1.625179,30,94,13,2,0E-8,0.10225901,,0E-8,0.000000,0.899517,0.000000,,2026-03-25,2026-05-11,12,236,153,48,0.250000,,,0.000000,,,,,,,,GLOBAL_BASELINE_NO_ENTITY_RANKING,,,NOT_APPLICABLE_GLOBAL_BASELINE,HF9g-P5,,,,X 全窗基线 · 不参与实体赏罚,6871122,688,A168_HF9F_20260827_0900,2026-08-27 09:00:00
2026-03-25,146942045,1078,0,6.6026938992,-3.3013469496,-3.3013469496,0E-7,2,2,0.50665070000000000,0.506650700000,-1.013391052207602,-1.013391052207602,-1.013391052207602,0E-17,ELIGIBLE,R03b_20260811_FULL_v1,L1_ELIGIBILITY,v2026-08-11,2026-03-21..2026-08-06,baccarat_bet02_101_all_pairs_incl_sentinel,round_win = game_pnl > 0 (decisive only),COMPATIBILITY_ONLY_NOT_PRODUCTION,1641.7757,1476.8053,167.8864,459,458,-0.10225901,,-0.10225901,-0.10225901,-167.8864,1641.7757,OK,0.0000,6.7155,4.0000,96.0000,AG03-UNRESOLVED,ALL5_LEVELS_bet23_to_bet27,6.7155,6.7155,6.7155,6.7155,6.7155,4.000000,4.000000,4.000000,4.000000,4.000000,96.000000,96.000000,96.000000,96.000000,96.000000,5.0,33.5773,30.9964,134.3091,136.8899,PENDING_AG03,FALSE,NOT_FOR_ENFORCEMENT,161.1709,1417.7330,167.8864,161.1709,6.7155,0.10225901,0.09816865,6.7155,161.1709,0.09816865,6.7155,6.7155,6.7155,6.7155,6.7155,161.1709,0.09816865,33.5773,30.9964,134.3091,136.8899,0.08180721,0.0833792,0.00409036,3.5769,3.2245,0.3666,13.9905,0.7114,136.8146,38.1667,,3.5769,2.1082,2.2009,4.2165,6.3247,10.796,14.3714,2.2009,0.0,4.90527,6.529774,1.625179,30,94,13,2,0E-8,0.10225901,,0E-8,0.000000,0.899517,0.000000,,2026-03-25,2026-05-11,12,236,153,48,0.250000,,,0.000000,,,,,,,,GLOBAL_BASELINE_NO_ENTITY_RANKING,,,NOT_APPLICABLE_GLOBAL_BASELINE,HF9g-P5,,,,X 全窗基线 · 不参与实体赏罚,6871123,688,A168_HF9F_20260827_0900,2026-08-27 09:00:00
2026-03-25,146942045,1307,0,2.2008979664,0E-10,0E-10,,1,1,0.50665070000000000,0.506650700000,,,,0E-17,NO_DECISIVE_ROUND,R03b_20260811_FULL_v1,L1_ELIGIBILITY,v2026-08-11,2026-03-21..2026-08-06,baccarat_bet02_101_all_pairs_incl_sentinel,round_win = game_pnl > 0 (decisive only),COMPATIBILITY_ONLY_NOT_PRODUCTION,1641.7757,1476.8053,167.8864,459,458,-0.10225901,,-0.10225901,-0.10225901,-167.8864,1641.7757,OK,0.0000,6.7155,4.0000,96.0000,AG03-UNRESOLVED,ALL5_LEVELS_bet23_to_bet27,6.7155,6.7155,6.7155,6.7155,6.7155,4.000000,4.000000,4.000000,4.000000,4.000000,96.000000,96.000000,96.000000,96.000000,96.000000,5.0,33.5773,30.9964,134.3091,136.8899,PENDING_AG03,FALSE,NOT_FOR_ENFORCEMENT,161.1709,1417.7330,167.8864,161.1709,6.7155,0.10225901,0.09816865,6.7155,161.1709,0.09816865,6.7155,6.7155,6.7155,6.7155,6.7155,161.1709,0.09816865,33.5773,30.9964,134.3091,136.8899,0.08180721,0.0833792,0.00409036,3.5769,3.2245,0.3666,13.9905,0.7114,136.8146,38.1667,,3.5769,2.1082,2.2009,4.2165,6.3247,10.796,14.3714,2.2009,0.0,4.90527,6.529774,1.625179,30,94,13,2,0E-8,0.10225901,,0E-8,0.000000,0.899517,0.000000,,2026-03-25,2026-05-11,12,236,153,48,0.250000,,,0.000000,,,,,,,,GLOBAL_BASELINE_NO_ENTITY_RANKING,,,NOT_APPLICABLE_GLOBAL_BASELINE,HF9g-P5,,,,X 全窗基线 · 不参与实体赏罚,6871124,688,A168_HF9F_20260827_0900,2026-08-27 09:00:00
2026-03-25,146942045,1396,0,3.3013469496,0E-10,0E-10,,1,1,0.49324550000000000,0.493245500000,,,,0E-17,NO_DECISIVE_ROUND,R03b_20260811_FULL_v1,L1_ELIGIBILITY,v2026-08-11,2026-03-21..2026-08-06,baccarat_bet02_101_all_pairs_incl_sentinel,round_win = game_pnl > 0 (decisive only),COMPATIBILITY_ONLY_NOT_PRODUCTION,1641.7757,1476.8053,167.8864,459,458,-0.10225901,,-0.10225901,-0.10225901,-167.8864,1641.7757,OK,0.0000,6.7155,4.0000,96.0000,AG03-UNRESOLVED,ALL5_LEVELS_bet23_to_bet27,6.7155,6.7155,6.7155,6.7155,6.7155,4.000000,4.000000,4.000000,4.000000,4.000000,96.000000,96.000000,96.000000,96.000000,96.000000,5.0,33.5773,30.9964,134.3091,136.8899,PENDING_AG03,FALSE,NOT_FOR_ENFORCEMENT,161.1709,1417.7330,167.8864,161.1709,6.7155,0.10225901,0.09816865,6.7155,161.1709,0.09816865,6.7155,6.7155,6.7155,6.7155,6.7155,161.1709,0.09816865,33.5773,30.9964,134.3091,136.8899,0.08180721,0.0833792,0.00409036,3.5769,3.2245,0.3666,13.9905,0.7114,136.8146,38.1667,,3.5769,2.1082,2.2009,4.2165,6.3247,10.796,14.3714,2.2009,0.0,4.90527,6.529774,1.625179,30,94,13,2,0E-8,0.10225901,,0E-8,0.000000,0.899517,0.000000,,2026-03-25,2026-05-11,12,236,153,48,0.250000,,,0.000000,,,,,,,,GLOBAL_BASELINE_NO_ENTITY_RANKING,,,NOT_APPLICABLE_GLOBAL_BASELINE,HF9g-P5,,,,X 全窗基线 · 不参与实体赏罚,6871125,688,A168_HF9F_20260827_0900,2026-08-27 09:00:00
2026-03-25,146942045,1994,0,2.2008979664,2.0908530681,2.0908530681,1.0000000,1,1,0.50665070000000000,0.506650700000,0.9867858985152569,0.9867858985152569,0.9867858985152569,0E-17,ELIGIBLE,R03b_20260811_FULL_v1,L1_ELIGIBILITY,v2026-08-11,2026-03-21..2026-08-06,baccarat_bet02_101_all_pairs_incl_sentinel,round_win = game_pnl > 0 (decisive only),COMPATIBILITY_ONLY_NOT_PRODUCTION,1641.7757,1476.8053,167.8864,459,458,-0.10225901,,-0.10225901,-0.10225901,-167.8864,1641.7757,OK,0.0000,6.7155,4.0000,96.0000,AG03-UNRESOLVED,ALL5_LEVELS_bet23_to_bet27,6.7155,6.7155,6.7155,6.7155,6.7155,4.000000,4.000000,4.000000,4.000000,4.000000,96.000000,96.000000,96.000000,96.000000,96.000000,5.0,33.5773,30.9964,134.3091,136.8899,PENDING_AG03,FALSE,NOT_FOR_ENFORCEMENT,161.1709,1417.7330,167.8864,161.1709,6.7155,0.10225901,0.09816865,6.7155,161.1709,0.09816865,6.7155,6.7155,6.7155,6.7155,6.7155,161.1709,0.09816865,33.5773,30.9964,134.3091,136.8899,0.08180721,0.0833792,0.00409036,3.5769,3.2245,0.3666,13.9905,0.7114,136.8146,38.1667,,3.5769,2.1082,2.2009,4.2165,6.3247,10.796,14.3714,2.2009,0.0,4.90527,6.529774,1.625179,30,94,13,2,0E-8,0.10225901,,0E-8,0.000000,0.899517,0.000000,,2026-03-25,2026-05-11,12,236,153,48,0.250000,,,0.000000,,,,,,,,GLOBAL_BASELINE_NO_ENTITY_RANKING,,,NOT_APPLICABLE_GLOBAL_BASELINE,HF9g-P5,,,,X 全窗基线 · 不参与实体赏罚,6871126,688,A168_HF9F_20260827_0900,2026-08-27 09:00:00
2026-03-25,146942045,2108,0,2.2008979664,-2.2008979664,-2.2008979664,0E-7,1,1,0.50665070000000000,0.506650700000,-1.013391052207602,-1.013391052207602,-1.013391052207602,0E-17,ELIGIBLE,R03b_20260811_FULL_v1,L1_ELIGIBILITY,v2026-08-11,2026-03-21..2026-08-06,baccarat_bet02_101_all_pairs_incl_sentinel,round_win = game_pnl > 0 (decisive only),COMPATIBILITY_ONLY_NOT_PRODUCTION,1641.7757,1476.8053,167.8864,459,458,-0.10225901,,-0.10225901,-0.10225901,-167.8864,1641.7757,OK,0.0000,6.7155,4.0000,96.0000,AG03-UNRESOLVED,ALL5_LEVELS_bet23_to_bet27,6.7155,6.7155,6.7155,6.7155,6.7155,4.000000,4.000000,4.000000,4.000000,4.000000,96.000000,96.000000,96.000000,96.000000,96.000000,5.0,33.5773,30.9964,134.3091,136.8899,PENDING_AG03,FALSE,NOT_FOR_ENFORCEMENT,161.1709,1417.7330,167.8864,161.1709,6.7155,0.10225901,0.09816865,6.7155,161.1709,0.09816865,6.7155,6.7155,6.7155,6.7155,6.7155,161.1709,0.09816865,33.5773,30.9964,134.3091,136.8899,0.08180721,0.0833792,0.00409036,3.5769,3.2245,0.3666,13.9905,0.7114,136.8146,38.1667,,3.5769,2.1082,2.2009,4.2165,6.3247,10.796,14.3714,2.2009,0.0,4.90527,6.529774,1.625179,30,94,13,2,0E-8,0.10225901,,0E-8,0.000000,0.899517,0.000000,,2026-03-25,2026-05-11,12,236,153,48,0.250000,,,0.000000,,,,,,,,GLOBAL_BASELINE_NO_ENTITY_RANKING,,,NOT_APPLICABLE_GLOBAL_BASELINE,HF9g-P5,,,,X 全窗基线 · 不参与实体赏罚,6871127,688,A168_HF9F_20260827_0900,2026-08-27 09:00:00
2026-03-25,146942045,2117,0,4.4017959327,4.4017959327,4.4017959327,1.0000000,1,1,0.49324550000000000,0.493245500000,1.01360149184955,1.01360149184955,1.01360149184955,0E-17,ELIGIBLE,R03b_20260811_FULL_v1,L1_ELIGIBILITY,v2026-08-11,2026-03-21..2026-08-06,baccarat_bet02_101_all_pairs_incl_sentinel,round_win = game_pnl > 0 (decisive only),COMPATIBILITY_ONLY_NOT_PRODUCTION,1641.7757,1476.8053,167.8864,459,458,-0.10225901,,-0.10225901,-0.10225901,-167.8864,1641.7757,OK,0.0000,6.7155,4.0000,96.0000,AG03-UNRESOLVED,ALL5_LEVELS_bet23_to_bet27,6.7155,6.7155,6.7155,6.7155,6.7155,4.000000,4.000000,4.000000,4.000000,4.000000,96.000000,96.000000,96.000000,96.000000,96.000000,5.0,33.5773,30.9964,134.3091,136.8899,PENDING_AG03,FALSE,NOT_FOR_ENFORCEMENT,161.1709,1417.7330,167.8864,161.1709,6.7155,0.10225901,0.09816865,6.7155,161.1709,0.09816865,6.7155,6.7155,6.7155,6.7155,6.7155,161.1709,0.09816865,33.5773,30.9964,134.3091,136.8899,0.08180721,0.0833792,0.00409036,3.5769,3.2245,0.3666,13.9905,0.7114,136.8146,38.1667,,3.5769,2.1082,2.2009,4.2165,6.3247,10.796,14.3714,2.2009,0.0,4.90527,6.529774,1.625179,30,94,13,2,0E-8,0.10225901,,0E-8,0.000000,0.899517,0.000000,,2026-03-25,2026-05-11,12,236,153,48,0.250000,,,0.000000,,,,,,,,GLOBAL_BASELINE_NO_ENTITY_RANKING,,,NOT_APPLICABLE_GLOBAL_BASELINE,HF9g-P5,,,,X 全窗基线 · 不参与实体赏罚,6871128,688,A168_HF9F_20260827_0900,2026-08-27 09:00:00
2026-03-25,146942045,2124,0,4.4017959328,4.2917510345,4.2917510345,1.0000000,2,2,0.49994810000000000,0.499948100000,1.4143603653603398,1.4143603653603398,1.4143603653603398,0E-17,ELIGIBLE,R03b_20260811_FULL_v1,L1_ELIGIBILITY,v2026-08-11,2026-03-21..2026-08-06,baccarat_bet02_101_all_pairs_incl_sentinel,round_win = game_pnl > 0 (decisive only),COMPATIBILITY_ONLY_NOT_PRODUCTION,1641.7757,1476.8053,167.8864,459,458,-0.10225901,,-0.10225901,-0.10225901,-167.8864,1641.7757,OK,0.0000,6.7155,4.0000,96.0000,AG03-UNRESOLVED,ALL5_LEVELS_bet23_to_bet27,6.7155,6.7155,6.7155,6.7155,6.7155,4.000000,4.000000,4.000000,4.000000,4.000000,96.000000,96.000000,96.000000,96.000000,96.000000,5.0,33.5773,30.9964,134.3091,136.8899,PENDING_AG03,FALSE,NOT_FOR_ENFORCEMENT,161.1709,1417.7330,167.8864,161.1709,6.7155,0.10225901,0.09816865,6.7155,161.1709,0.09816865,6.7155,6.7155,6.7155,6.7155,6.7155,161.1709,0.09816865,33.5773,30.9964,134.3091,136.8899,0.08180721,0.0833792,0.00409036,3.5769,3.2245,0.3666,13.9905,0.7114,136.8146,38.1667,,3.5769,2.1082,2.2009,4.2165,6.3247,10.796,14.3714,2.2009,0.0,4.90527,6.529774,1.625179,30,94,13,2,0E-8,0.10225901,,0E-8,0.000000,0.899517,0.000000,,2026-03-25,2026-05-11,12,236,153,48,0.250000,,,0.000000,,,,,,,,GLOBAL_BASELINE_NO_ENTITY_RANKING,,,NOT_APPLICABLE_GLOBAL_BASELINE,HF9g-P5,,,,X 全窗基线 · 不参与实体赏罚,6871129,688,A168_HF9F_20260827_0900,2026-08-27 09:00:00
2026-03-25,146942045,2129,0,2.2008979664,-2.2008979664,-2.2008979664,0E-7,1,1,0.50665070000000000,0.506650700000,-1.013391052207602,-1.013391052207602,-1.013391052207602,0E-17,ELIGIBLE,R03b_20260811_FULL_v1,L1_ELIGIBILITY,v2026-08-11,2026-03-21..2026-08-06,baccarat_bet02_101_all_pairs_incl_sentinel,round_win = game_pnl > 0 (decisive only),COMPATIBILITY_ONLY_NOT_PRODUCTION,1641.7757,1476.8053,167.8864,459,458,-0.10225901,,-0.10225901,-0.10225901,-167.8864,1641.7757,OK,0.0000,6.7155,4.0000,96.0000,AG03-UNRESOLVED,ALL5_LEVELS_bet23_to_bet27,6.7155,6.7155,6.7155,6.7155,6.7155,4.000000,4.000000,4.000000,4.000000,4.000000,96.000000,96.000000,96.000000,96.000000,96.000000,5.0,33.5773,30.9964,134.3091,136.8899,PENDING_AG03,FALSE,NOT_FOR_ENFORCEMENT,161.1709,1417.7330,167.8864,161.1709,6.7155,0.10225901,0.09816865,6.7155,161.1709,0.09816865,6.7155,6.7155,6.7155,6.7155,6.7155,161.1709,0.09816865,33.5773,30.9964,134.3091,136.8899,0.08180721,0.0833792,0.00409036,3.5769,3.2245,0.3666,13.9905,0.7114,136.8146,38.1667,,3.5769,2.1082,2.2009,4.2165,6.3247,10.796,14.3714,2.2009,0.0,4.90527,6.529774,1.625179,30,94,13,2,0E-8,0.10225901,,0E-8,0.000000,0.899517,0.000000,,2026-03-25,2026-05-11,12,236,153,48,0.250000,,,0.000000,,,,,,,,GLOBAL_BASELINE_NO_ENTITY_RANKING,,,NOT_APPLICABLE_GLOBAL_BASELINE,HF9g-P5,,,,X 全窗基线 · 不参与实体赏罚,6871130,688,A168_HF9F_20260827_0900,2026-08-27 09:00:00
2026-03-25,146942045,2202,0,4.4017959328,-2.2008979664,-2.2008979664,0E-7,2,2,0.49324550000000000,0.493245500000,-0.9865810262130424,-0.9865810262130424,-0.9865810262130424,0E-17,ELIGIBLE,R03b_20260811_FULL_v1,L1_ELIGIBILITY,v2026-08-11,2026-03-21..2026-08-06,baccarat_bet02_101_all_pairs_incl_sentinel,round_win = game_pnl > 0 (decisive only),COMPATIBILITY_ONLY_NOT_PRODUCTION,1641.7757,1476.8053,167.8864,459,458,-0.10225901,,-0.10225901,-0.10225901,-167.8864,1641.7757,OK,0.0000,6.7155,4.0000,96.0000,AG03-UNRESOLVED,ALL5_LEVELS_bet23_to_bet27,6.7155,6.7155,6.7155,6.7155,6.7155,4.000000,4.000000,4.000000,4.000000,4.000000,96.000000,96.000000,96.000000,96.000000,96.000000,5.0,33.5773,30.9964,134.3091,136.8899,PENDING_AG03,FALSE,NOT_FOR_ENFORCEMENT,161.1709,1417.7330,167.8864,161.1709,6.7155,0.10225901,0.09816865,6.7155,161.1709,0.09816865,6.7155,6.7155,6.7155,6.7155,6.7155,161.1709,0.09816865,33.5773,30.9964,134.3091,136.8899,0.08180721,0.0833792,0.00409036,3.5769,3.2245,0.3666,13.9905,0.7114,136.8146,38.1667,,3.5769,2.1082,2.2009,4.2165,6.3247,10.796,14.3714,2.2009,0.0,4.90527,6.529774,1.625179,30,94,13,2,0E-8,0.10225901,,0E-8,0.000000,0.899517,0.000000,,2026-03-25,2026-05-11,12,236,153,48,0.250000,,,0.000000,,,,,,,,GLOBAL_BASELINE_NO_ENTITY_RANKING,,,NOT_APPLICABLE_GLOBAL_BASELINE,HF9g-P5,,,,X 全窗基线 · 不参与实体赏罚,6871131,688,A168_HF9F_20260827_0900,2026-08-27 09:00:00
2026-03-25,146942045,2246,0,4.4017959328,-0.1100448983,-0.1100448983,0.5000000,2,2,0.50665070000000000,0.506650700000,-0.018812684590367487,-0.018812684590367487,-0.018812684590367487,0E-17,ELIGIBLE,R03b_20260811_FULL_v1,L1_ELIGIBILITY,v2026-08-11,2026-03-21..2026-08-06,baccarat_bet02_101_all_pairs_incl_sentinel,round_win = game_pnl > 0 (decisive only),COMPATIBILITY_ONLY_NOT_PRODUCTION,1641.7757,1476.8053,167.8864,459,458,-0.10225901,,-0.10225901,-0.10225901,-167.8864,1641.7757,OK,0.0000,6.7155,4.0000,96.0000,AG03-UNRESOLVED,ALL5_LEVELS_bet23_to_bet27,6.7155,6.7155,6.7155,6.7155,6.7155,4.000000,4.000000,4.000000,4.000000,4.000000,96.000000,96.000000,96.000000,96.000000,96.000000,5.0,33.5773,30.9964,134.3091,136.8899,PENDING_AG03,FALSE,NOT_FOR_ENFORCEMENT,161.1709,1417.7330,167.8864,161.1709,6.7155,0.10225901,0.09816865,6.7155,161.1709,0.09816865,6.7155,6.7155,6.7155,6.7155,6.7155,161.1709,0.09816865,33.5773,30.9964,134.3091,136.8899,0.08180721,0.0833792,0.00409036,3.5769,3.2245,0.3666,13.9905,0.7114,136.8146,38.1667,,3.5769,2.1082,2.2009,4.2165,6.3247,10.796,14.3714,2.2009,0.0,4.90527,6.529774,1.625179,30,94,13,2,0E-8,0.10225901,,0E-8,0.000000,0.899517,0.000000,,2026-03-25,2026-05-11,12,236,153,48,0.250000,,,0.000000,,,,,,,,GLOBAL_BASELINE_NO_ENTITY_RANKING,,,NOT_APPLICABLE_GLOBAL_BASELINE,HF9g-P5,,,,X 全窗基线 · 不参与实体赏罚,6871132,688,A168_HF9F_20260827_0900,2026-08-27 09:00:00
2026-03-25,146942045,2258,0,2.2008979664,-2.2008979664,-2.2008979664,0E-7,1,1,0.50665070000000000,0.506650700000,-1.013391052207602,-1.013391052207602,-1.013391052207602,0E-17,ELIGIBLE,R03b_20260811_FULL_v1,L1_ELIGIBILITY,v2026-08-11,2026-03-21..2026-08-06,baccarat_bet02_101_all_pairs_incl_sentinel,round_win = game_pnl > 0 (decisive only),COMPATIBILITY_ONLY_NOT_PRODUCTION,1641.7757,1476.8053,167.8864,459,458,-0.10225901,,-0.10225901,-0.10225901,-167.8864,1641.7757,OK,0.0000,6.7155,4.0000,96.0000,AG03-UNRESOLVED,ALL5_LEVELS_bet23_to_bet27,6.7155,6.7155,6.7155,6.7155,6.7155,4.000000,4.000000,4.000000,4.000000,4.000000,96.000000,96.000000,96.000000,96.000000,96.000000,5.0,33.5773,30.9964,134.3091,136.8899,PENDING_AG03,FALSE,NOT_FOR_ENFORCEMENT,161.1709,1417.7330,167.8864,161.1709,6.7155,0.10225901,0.09816865,6.7155,161.1709,0.09816865,6.7155,6.7155,6.7155,6.7155,6.7155,161.1709,0.09816865,33.5773,30.9964,134.3091,136.8899,0.08180721,0.0833792,0.00409036,3.5769,3.2245,0.3666,13.9905,0.7114,136.8146,38.1667,,3.5769,2.1082,2.2009,4.2165,6.3247,10.796,14.3714,2.2009,0.0,4.90527,6.529774,1.625179,30,94,13,2,0E-8,0.10225901,,0E-8,0.000000,0.899517,0.000000,,2026-03-25,2026-05-11,12,236,153,48,0.250000,,,0.000000,,,,,,,,GLOBAL_BASELINE_NO_ENTITY_RANKING,,,NOT_APPLICABLE_GLOBAL_BASELINE,HF9g-P5,,,,X 全窗基线 · 不参与实体赏罚,6871133,688,A168_HF9F_20260827_0900,2026-08-27 09:00:00
2026-03-25,146942045,462,0,2.2008979664,2.2008979664,2.2008979664,1.0000000,1,1,0.49324550000000000,0.493245500000,1.01360149184955,1.01360149184955,1.01360149184955,0E-17,ELIGIBLE,R03b_20260811_FULL_v1,L1_ELIGIBILITY,v2026-08-11,2026-03-21..2026-08-06,baccarat_bet02_101_all_pairs_incl_sentinel,round_win = game_pnl > 0 (decisive only),COMPATIBILITY_ONLY_NOT_PRODUCTION,1641.7757,1476.8053,167.8864,459,458,-0.10225901,,-0.10225901,-0.10225901,-167.8864,1641.7757,OK,0.0000,6.7155,4.0000,96.0000,AG03-UNRESOLVED,ALL5_LEVELS_bet23_to_bet27,6.7155,6.7155,6.7155,6.7155,6.7155,4.000000,4.000000,4.000000,4.000000,4.000000,96.000000,96.000000,96.000000,96.000000,96.000000,5.0,33.5773,30.9964,134.3091,136.8899,PENDING_AG03,FALSE,NOT_FOR_ENFORCEMENT,161.1709,1417.7330,167.8864,161.1709,6.7155,0.10225901,0.09816865,6.7155,161.1709,0.09816865,6.7155,6.7155,6.7155,6.7155,6.7155,161.1709,0.09816865,33.5773,30.9964,134.3091,136.8899,0.08180721,0.0833792,0.00409036,3.5769,3.2245,0.3666,13.9905,0.7114,136.8146,38.1667,,3.5769,2.1082,2.2009,4.2165,6.3247,10.796,14.3714,2.2009,0.0,4.90527,6.529774,1.625179,30,94,13,2,0E-8,0.10225901,,0E-8,0.000000,0.899517,0.000000,,2026-03-25,2026-05-11,12,236,153,48,0.250000,,,0.000000,,,,,,,,GLOBAL_BASELINE_NO_ENTITY_RANKING,,,NOT_APPLICABLE_GLOBAL_BASELINE,HF9g-P5,,,,X 全窗基线 · 不参与实体赏罚,6871134,688,A168_HF9F_20260827_0900,2026-08-27 09:00:00
2026-03-25,146942045,987,0,2.2008979664,-2.2008979664,-2.2008979664,0E-7,1,1,0.49324550000000000,0.493245500000,-0.9865810262130424,-0.9865810262130424,-0.9865810262130424,0E-17,ELIGIBLE,R03b_20260811_FULL_v1,L1_ELIGIBILITY,v2026-08-11,2026-03-21..2026-08-06,baccarat_bet02_101_all_pairs_incl_sentinel,round_win = game_pnl > 0 (decisive only),COMPATIBILITY_ONLY_NOT_PRODUCTION,1641.7757,1476.8053,167.8864,459,458,-0.10225901,,-0.10225901,-0.10225901,-167.8864,1641.7757,OK,0.0000,6.7155,4.0000,96.0000,AG03-UNRESOLVED,ALL5_LEVELS_bet23_to_bet27,6.7155,6.7155,6.7155,6.7155,6.7155,4.000000,4.000000,4.000000,4.000000,4.000000,96.000000,96.000000,96.000000,96.000000,96.000000,5.0,33.5773,30.9964,134.3091,136.8899,PENDING_AG03,FALSE,NOT_FOR_ENFORCEMENT,161.1709,1417.7330,167.8864,161.1709,6.7155,0.10225901,0.09816865,6.7155,161.1709,0.09816865,6.7155,6.7155,6.7155,6.7155,6.7155,161.1709,0.09816865,33.5773,30.9964,134.3091,136.8899,0.08180721,0.0833792,0.00409036,3.5769,3.2245,0.3666,13.9905,0.7114,136.8146,38.1667,,3.5769,2.1082,2.2009,4.2165,6.3247,10.796,14.3714,2.2009,0.0,4.90527,6.529774,1.625179,30,94,13,2,0E-8,0.10225901,,0E-8,0.000000,0.899517,0.000000,,2026-03-25,2026-05-11,12,236,153,48,0.250000,,,0.000000,,,,,,,,GLOBAL_BASELINE_NO_ENTITY_RANKING,,,NOT_APPLICABLE_GLOBAL_BASELINE,HF9g-P5,,,,X 全窗基线 · 不参与实体赏罚,6871135,688,A168_HF9F_20260827_0900,2026-08-27 09:00:00
2026-03-26,146942045,-1,1,285.8966458320,0.8803591869,0.8803591869,0.5636364,61,61,0.50071725081967213,0.500717250820,0.9332422187721556,0.9332422187672934,0.9332422187721556,-3.2787E-13,SENTINEL_DEALER,R03b_20260811_FULL_v1,L1_ELIGIBILITY,v2026-08-11,2026-03-21..2026-08-06,baccarat_bet02_101_all_pairs_incl_sentinel,round_win = game_pnl > 0 (decisive only),COMPATIBILITY_ONLY_NOT_PRODUCTION,1641.7757,1476.8053,167.8864,459,458,-0.10225901,,-0.10225901,-0.10225901,-167.8864,1641.7757,OK,0.0000,6.7155,4.0000,96.0000,AG03-UNRESOLVED,ALL5_LEVELS_bet23_to_bet27,6.7155,6.7155,6.7155,6.7155,6.7155,4.000000,4.000000,4.000000,4.000000,4.000000,96.000000,96.000000,96.000000,96.000000,96.000000,5.0,33.5773,30.9964,134.3091,136.8899,PENDING_AG03,FALSE,NOT_FOR_ENFORCEMENT,161.1709,1417.7330,167.8864,161.1709,6.7155,0.10225901,0.09816865,6.7155,161.1709,0.09816865,6.7155,6.7155,6.7155,6.7155,6.7155,161.1709,0.09816865,33.5773,30.9964,134.3091,136.8899,0.08180721,0.0833792,0.00409036,3.5769,3.2245,0.3666,13.9905,0.7114,136.8146,38.1667,,3.5769,2.1082,2.2009,4.2165,6.3247,10.796,14.3714,2.2009,0.0,4.90527,6.529774,1.625179,30,94,13,2,0E-8,0.10225901,,0E-8,0.000000,0.899517,0.000000,,2026-03-25,2026-05-11,12,236,153,48,0.250000,,,0.000000,,,,,,,,GLOBAL_BASELINE_NO_ENTITY_RANKING,,,NOT_APPLICABLE_GLOBAL_BASELINE,HF9g-P5,,,,X 全窗基线 · 不参与实体赏罚,6871136,688,A168_HF9F_20260827_0900,2026-08-27 09:00:00
2026-03-26,146942045,1109,0,11.0044898319,-11.0044898319,-11.0044898319,0E-7,1,1,0.50665070000000000,0.506650700000,-1.013391052207602,-1.013391052207602,-1.013391052207602,0E-17,ELIGIBLE,R03b_20260811_FULL_v1,L1_ELIGIBILITY,v2026-08-11,2026-03-21..2026-08-06,baccarat_bet02_101_all_pairs_incl_sentinel,round_win = game_pnl > 0 (decisive only),COMPATIBILITY_ONLY_NOT_PRODUCTION,1641.7757,1476.8053,167.8864,459,458,-0.10225901,,-0.10225901,-0.10225901,-167.8864,1641.7757,OK,0.0000,6.7155,4.0000,96.0000,AG03-UNRESOLVED,ALL5_LEVELS_bet23_to_bet27,6.7155,6.7155,6.7155,6.7155,6.7155,4.000000,4.000000,4.000000,4.000000,4.000000,96.000000,96.000000,96.000000,96.000000,96.000000,5.0,33.5773,30.9964,134.3091,136.8899,PENDING_AG03,FALSE,NOT_FOR_ENFORCEMENT,161.1709,1417.7330,167.8864,161.1709,6.7155,0.10225901,0.09816865,6.7155,161.1709,0.09816865,6.7155,6.7155,6.7155,6.7155,6.7155,161.1709,0.09816865,33.5773,30.9964,134.3091,136.8899,0.08180721,0.0833792,0.00409036,3.5769,3.2245,0.3666,13.9905,0.7114,136.8146,38.1667,,3.5769,2.1082,2.2009,4.2165,6.3247,10.796,14.3714,2.2009,0.0,4.90527,6.529774,1.625179,30,94,13,2,0E-8,0.10225901,,0E-8,0.000000,0.899517,0.000000,,2026-03-25,2026-05-11,12,236,153,48,0.250000,,,0.000000,,,,,,,,GLOBAL_BASELINE_NO_ENTITY_RANKING,,,NOT_APPLICABLE_GLOBAL_BASELINE,HF9g-P5,,,,X 全窗基线 · 不参与实体赏罚,6871137,688,A168_HF9F_20260827_0900,2026-08-27 09:00:00
2026-03-26,146942045,1151,0,2.2008979664,-2.2008979664,-2.2008979664,0E-7,1,1,0.50665070000000000,0.506650700000,-1.013391052207602,-1.013391052207602,-1.013391052207602,0E-17,ELIGIBLE,R03b_20260811_FULL_v1,L1_ELIGIBILITY,v2026-08-11,2026-03-21..2026-08-06,baccarat_bet02_101_all_pairs_incl_sentinel,round_win = game_pnl > 0 (decisive only),COMPATIBILITY_ONLY_NOT_PRODUCTION,1641.7757,1476.8053,167.8864,459,458,-0.10225901,,-0.10225901,-0.10225901,-167.8864,1641.7757,OK,0.0000,6.7155,4.0000,96.0000,AG03-UNRESOLVED,ALL5_LEVELS_bet23_to_bet27,6.7155,6.7155,6.7155,6.7155,6.7155,4.000000,4.000000,4.000000,4.000000,4.000000,96.000000,96.000000,96.000000,96.000000,96.000000,5.0,33.5773,30.9964,134.3091,136.8899,PENDING_AG03,FALSE,NOT_FOR_ENFORCEMENT,161.1709,1417.7330,167.8864,161.1709,6.7155,0.10225901,0.09816865,6.7155,161.1709,0.09816865,6.7155,6.7155,6.7155,6.7155,6.7155,161.1709,0.09816865,33.5773,30.9964,134.3091,136.8899,0.08180721,0.0833792,0.00409036,3.5769,3.2245,0.3666,13.9905,0.7114,136.8146,38.1667,,3.5769,2.1082,2.2009,4.2165,6.3247,10.796,14.3714,2.2009,0.0,4.90527,6.529774,1.625179,30,94,13,2,0E-8,0.10225901,,0E-8,0.000000,0.899517,0.000000,,2026-03-25,2026-05-11,12,236,153,48,0.250000,,,0.000000,,,,,,,,GLOBAL_BASELINE_NO_ENTITY_RANKING,,,NOT_APPLICABLE_GLOBAL_BASELINE,HF9g-P5,,,,X 全窗基线 · 不参与实体赏罚,6871138,688,A168_HF9F_20260827_0900,2026-08-27 09:00:00
2026-03-26,146942045,1307,0,8.8035918655,4.0716612378,4.0716612378,0.6666667,3,3,0.50218230000000000,0.502182300000,0.5697959874915163,0.5697959874915164,0.5697959874915163,0E-17,ELIGIBLE,R03b_20260811_FULL_v1,L1_ELIGIBILITY,v2026-08-11,2026-03-21..2026-08-06,baccarat_bet02_101_all_pairs_incl_sentinel,round_win = game_pnl > 0 (decisive only),COMPATIBILITY_ONLY_NOT_PRODUCTION,1641.7757,1476.8053,167.8864,459,458,-0.10225901,,-0.10225901,-0.10225901,-167.8864,1641.7757,OK,0.0000,6.7155,4.0000,96.0000,AG03-UNRESOLVED,ALL5_LEVELS_bet23_to_bet27,6.7155,6.7155,6.7155,6.7155,6.7155,4.000000,4.000000,4.000000,4.000000,4.000000,96.000000,96.000000,96.000000,96.000000,96.000000,5.0,33.5773,30.9964,134.3091,136.8899,PENDING_AG03,FALSE,NOT_FOR_ENFORCEMENT,161.1709,1417.7330,167.8864,161.1709,6.7155,0.10225901,0.09816865,6.7155,161.1709,0.09816865,6.7155,6.7155,6.7155,6.7155,6.7155,161.1709,0.09816865,33.5773,30.9964,134.3091,136.8899,0.08180721,0.0833792,0.00409036,3.5769,3.2245,0.3666,13.9905,0.7114,136.8146,38.1667,,3.5769,2.1082,2.2009,4.2165,6.3247,10.796,14.3714,2.2009,0.0,4.90527,6.529774,1.625179,30,94,13,2,0E-8,0.10225901,,0E-8,0.000000,0.899517,0.000000,,2026-03-25,2026-05-11,12,236,153,48,0.250000,,,0.000000,,,,,,,,GLOBAL_BASELINE_NO_ENTITY_RANKING,,,NOT_APPLICABLE_GLOBAL_BASELINE,HF9g-P5,,,,X 全窗基线 · 不参与实体赏罚,6871139,688,A168_HF9F_20260827_0900,2026-08-27 09:00:00
2026-03-26,146942045,1509,0,8.8035918656,4.1817061362,4.1817061362,0.7500000,4,4,0.50329940000000000,0.503299400000,0.9868238854431842,0.9868238854431842,0.9868238854431842,0E-17,ELIGIBLE,R03b_20260811_FULL_v1,L1_ELIGIBILITY,v2026-08-11,2026-03-21..2026-08-06,baccarat_bet02_101_all_pairs_incl_sentinel,round_win = game_pnl > 0 (decisive only),COMPATIBILITY_ONLY_NOT_PRODUCTION,1641.7757,1476.8053,167.8864,459,458,-0.10225901,,-0.10225901,-0.10225901,-167.8864,1641.7757,OK,0.0000,6.7155,4.0000,96.0000,AG03-UNRESOLVED,ALL5_LEVELS_bet23_to_bet27,6.7155,6.7155,6.7155,6.7155,6.7155,4.000000,4.000000,4.000000,4.000000,4.000000,96.000000,96.000000,96.000000,96.000000,96.000000,5.0,33.5773,30.9964,134.3091,136.8899,PENDING_AG03,FALSE,NOT_FOR_ENFORCEMENT,161.1709,1417.7330,167.8864,161.1709,6.7155,0.10225901,0.09816865,6.7155,161.1709,0.09816865,6.7155,6.7155,6.7155,6.7155,6.7155,161.1709,0.09816865,33.5773,30.9964,134.3091,136.8899,0.08180721,0.0833792,0.00409036,3.5769,3.2245,0.3666,13.9905,0.7114,136.8146,38.1667,,3.5769,2.1082,2.2009,4.2165,6.3247,10.796,14.3714,2.2009,0.0,4.90527,6.529774,1.625179,30,94,13,2,0E-8,0.10225901,,0E-8,0.000000,0.899517,0.000000,,2026-03-25,2026-05-11,12,236,153,48,0.250000,,,0.000000,,,,,,,,GLOBAL_BASELINE_NO_ENTITY_RANKING,,,NOT_APPLICABLE_GLOBAL_BASELINE,HF9g-P5,,,,X 全窗基线 · 不参与实体赏罚,6871140,688,A168_HF9F_20260827_0900,2026-08-27 09:00:00
2026-03-26,146942045,1646,0,13.2053877983,-11.0044898319,-11.0044898319,0E-7,2,2,0.50665070000000000,0.506650700000,-1.013391052207602,-1.013391052207602,-1.013391052207602,0E-17,ELIGIBLE,R03b_20260811_FULL_v1,L1_ELIGIBILITY,v2026-08-11,2026-03-21..2026-08-06,baccarat_bet02_101_all_pairs_incl_sentinel,round_win = game_pnl > 0 (decisive only),COMPATIBILITY_ONLY_NOT_PRODUCTION,1641.7757,1476.8053,167.8864,459,458,-0.10225901,,-0.10225901,-0.10225901,-167.8864,1641.7757,OK,0.0000,6.7155,4.0000,96.0000,AG03-UNRESOLVED,ALL5_LEVELS_bet23_to_bet27,6.7155,6.7155,6.7155,6.7155,6.7155,4.000000,4.000000,4.000000,4.000000,4.000000,96.000000,96.000000,96.000000,96.000000,96.000000,5.0,33.5773,30.9964,134.3091,136.8899,PENDING_AG03,FALSE,NOT_FOR_ENFORCEMENT,161.1709,1417.7330,167.8864,161.1709,6.7155,0.10225901,0.09816865,6.7155,161.1709,0.09816865,6.7155,6.7155,6.7155,6.7155,6.7155,161.1709,0.09816865,33.5773,30.9964,134.3091,136.8899,0.08180721,0.0833792,0.00409036,3.5769,3.2245,0.3666,13.9905,0.7114,136.8146,38.1667,,3.5769,2.1082,2.2009,4.2165,6.3247,10.796,14.3714,2.2009,0.0,4.90527,6.529774,1.625179,30,94,13,2,0E-8,0.10225901,,0E-8,0.000000,0.899517,0.000000,,2026-03-25,2026-05-11,12,236,153,48,0.250000,,,0.000000,,,,,,,,GLOBAL_BASELINE_NO_ENTITY_RANKING,,,NOT_APPLICABLE_GLOBAL_BASELINE,HF9g-P5,,,,X 全窗基线 · 不参与实体赏罚,6871141,688,A168_HF9F_20260827_0900,2026-08-27 09:00:00
2026-03-26,146942045,1942,0,4.4017959327,4.1817061361,4.1817061361,1.0000000,1,1,0.50665070000000000,0.506650700000,0.9867858985152569,0.9867858985152569,0.9867858985152569,0E-17,ELIGIBLE,R03b_20260811_FULL_v1,L1_ELIGIBILITY,v2026-08-11,2026-03-21..2026-08-06,baccarat_bet02_101_all_pairs_incl_sentinel,round_win = game_pnl > 0 (decisive only),COMPATIBILITY_ONLY_NOT_PRODUCTION,1641.7757,1476.8053,167.8864,459,458,-0.10225901,,-0.10225901,-0.10225901,-167.8864,1641.7757,OK,0.0000,6.7155,4.0000,96.0000,AG03-UNRESOLVED,ALL5_LEVELS_bet23_to_bet27,6.7155,6.7155,6.7155,6.7155,6.7155,4.000000,4.000000,4.000000,4.000000,4.000000,96.000000,96.000000,96.000000,96.000000,96.000000,5.0,33.5773,30.9964,134.3091,136.8899,PENDING_AG03,FALSE,NOT_FOR_ENFORCEMENT,161.1709,1417.7330,167.8864,161.1709,6.7155,0.10225901,0.09816865,6.7155,161.1709,0.09816865,6.7155,6.7155,6.7155,6.7155,6.7155,161.1709,0.09816865,33.5773,30.9964,134.3091,136.8899,0.08180721,0.0833792,0.00409036,3.5769,3.2245,0.3666,13.9905,0.7114,136.8146,38.1667,,3.5769,2.1082,2.2009,4.2165,6.3247,10.796,14.3714,2.2009,0.0,4.90527,6.529774,1.625179,30,94,13,2,0E-8,0.10225901,,0E-8,0.000000,0.899517,0.000000,,2026-03-25,2026-05-11,12,236,153,48,0.250000,,,0.000000,,,,,,,,GLOBAL_BASELINE_NO_ENTITY_RANKING,,,NOT_APPLICABLE_GLOBAL_BASELINE,HF9g-P5,,,,X 全窗基线 · 不参与实体赏罚,6871142,688,A168_HF9F_20260827_0900,2026-08-27 09:00:00
2026-03-26,146942045,1951,0,2.2008979664,-2.2008979664,-2.2008979664,0E-7,1,1,0.50665070000000000,0.506650700000,-1.013391052207602,-1.013391052207602,-1.013391052207602,0E-17,ELIGIBLE,R03b_20260811_FULL_v1,L1_ELIGIBILITY,v2026-08-11,2026-03-21..2026-08-06,baccarat_bet02_101_all_pairs_incl_sentinel,round_win = game_pnl > 0 (decisive only),COMPATIBILITY_ONLY_NOT_PRODUCTION,1641.7757,1476.8053,167.8864,459,458,-0.10225901,,-0.10225901,-0.10225901,-167.8864,1641.7757,OK,0.0000,6.7155,4.0000,96.0000,AG03-UNRESOLVED,ALL5_LEVELS_bet23_to_bet27,6.7155,6.7155,6.7155,6.7155,6.7155,4.000000,4.000000,4.000000,4.000000,4.000000,96.000000,96.000000,96.000000,96.000000,96.000000,5.0,33.5773,30.9964,134.3091,136.8899,PENDING_AG03,FALSE,NOT_FOR_ENFORCEMENT,161.1709,1417.7330,167.8864,161.1709,6.7155,0.10225901,0.09816865,6.7155,161.1709,0.09816865,6.7155,6.7155,6.7155,6.7155,6.7155,161.1709,0.09816865,33.5773,30.9964,134.3091,136.8899,0.08180721,0.0833792,0.00409036,3.5769,3.2245,0.3666,13.9905,0.7114,136.8146,38.1667,,3.5769,2.1082,2.2009,4.2165,6.3247,10.796,14.3714,2.2009,0.0,4.90527,6.529774,1.625179,30,94,13,2,0E-8,0.10225901,,0E-8,0.000000,0.899517,0.000000,,2026-03-25,2026-05-11,12,236,153,48,0.250000,,,0.000000,,,,,,,,GLOBAL_BASELINE_NO_ENTITY_RANKING,,,NOT_APPLICABLE_GLOBAL_BASELINE,HF9g-P5,,,,X 全窗基线 · 不参与实体赏罚,6871143,688,A168_HF9F_20260827_0900,2026-08-27 09:00:00
2026-03-26,146942045,1994,0,4.4017959328,-0.1100448983,-0.1100448983,0.5000000,2,2,0.50665070000000000,0.506650700000,-0.018812684590367487,-0.018812684590367487,-0.018812684590367487,0E-17,ELIGIBLE,R03b_20260811_FULL_v1,L1_ELIGIBILITY,v2026-08-11,2026-03-21..2026-08-06,baccarat_bet02_101_all_pairs_incl_sentinel,round_win = game_pnl > 0 (decisive only),COMPATIBILITY_ONLY_NOT_PRODUCTION,1641.7757,1476.8053,167.8864,459,458,-0.10225901,,-0.10225901,-0.10225901,-167.8864,1641.7757,OK,0.0000,6.7155,4.0000,96.0000,AG03-UNRESOLVED,ALL5_LEVELS_bet23_to_bet27,6.7155,6.7155,6.7155,6.7155,6.7155,4.000000,4.000000,4.000000,4.000000,4.000000,96.000000,96.000000,96.000000,96.000000,96.000000,5.0,33.5773,30.9964,134.3091,136.8899,PENDING_AG03,FALSE,NOT_FOR_ENFORCEMENT,161.1709,1417.7330,167.8864,161.1709,6.7155,0.10225901,0.09816865,6.7155,161.1709,0.09816865,6.7155,6.7155,6.7155,6.7155,6.7155,161.1709,0.09816865,33.5773,30.9964,134.3091,136.8899,0.08180721,0.0833792,0.00409036,3.5769,3.2245,0.3666,13.9905,0.7114,136.8146,38.1667,,3.5769,2.1082,2.2009,4.2165,6.3247,10.796,14.3714,2.2009,0.0,4.90527,6.529774,1.625179,30,94,13,2,0E-8,0.10225901,,0E-8,0.000000,0.899517,0.000000,,2026-03-25,2026-05-11,12,236,153,48,0.250000,,,0.000000,,,,,,,,GLOBAL_BASELINE_NO_ENTITY_RANKING,,,NOT_APPLICABLE_GLOBAL_BASELINE,HF9g-P5,,,,X 全窗基线 · 不参与实体赏罚,6871144,688,A168_HF9F_20260827_0900,2026-08-27 09:00:00
2026-03-26,146942045,2088,0,26.4107755965,-26.4107755965,-26.4107755965,0E-7,3,3,0.50218230000000000,0.502182300000,-1.7396270863184011,-1.7396270863184016,-1.7396270863184011,0E-17,ELIGIBLE,R03b_20260811_FULL_v1,L1_ELIGIBILITY,v2026-08-11,2026-03-21..2026-08-06,baccarat_bet02_101_all_pairs_incl_sentinel,round_win = game_pnl > 0 (decisive only),COMPATIBILITY_ONLY_NOT_PRODUCTION,1641.7757,1476.8053,167.8864,459,458,-0.10225901,,-0.10225901,-0.10225901,-167.8864,1641.7757,OK,0.0000,6.7155,4.0000,96.0000,AG03-UNRESOLVED,ALL5_LEVELS_bet23_to_bet27,6.7155,6.7155,6.7155,6.7155,6.7155,4.000000,4.000000,4.000000,4.000000,4.000000,96.000000,96.000000,96.000000,96.000000,96.000000,5.0,33.5773,30.9964,134.3091,136.8899,PENDING_AG03,FALSE,NOT_FOR_ENFORCEMENT,161.1709,1417.7330,167.8864,161.1709,6.7155,0.10225901,0.09816865,6.7155,161.1709,0.09816865,6.7155,6.7155,6.7155,6.7155,6.7155,161.1709,0.09816865,33.5773,30.9964,134.3091,136.8899,0.08180721,0.0833792,0.00409036,3.5769,3.2245,0.3666,13.9905,0.7114,136.8146,38.1667,,3.5769,2.1082,2.2009,4.2165,6.3247,10.796,14.3714,2.2009,0.0,4.90527,6.529774,1.625179,30,94,13,2,0E-8,0.10225901,,0E-8,0.000000,0.899517,0.000000,,2026-03-25,2026-05-11,12,236,153,48,0.250000,,,0.000000,,,,,,,,GLOBAL_BASELINE_NO_ENTITY_RANKING,,,NOT_APPLICABLE_GLOBAL_BASELINE,HF9g-P5,,,,X 全窗基线 · 不参与实体赏罚,6871145,688,A168_HF9F_20260827_0900,2026-08-27 09:00:00
2026-03-26,146942045,2106,0,11.0044898319,-11.0044898319,-11.0044898319,0E-7,1,1,0.50665070000000000,0.506650700000,-1.013391052207602,-1.013391052207602,-1.013391052207602,0E-17,ELIGIBLE,R03b_20260811_FULL_v1,L1_ELIGIBILITY,v2026-08-11,2026-03-21..2026-08-06,baccarat_bet02_101_all_pairs_incl_sentinel,round_win = game_pnl > 0 (decisive only),COMPATIBILITY_ONLY_NOT_PRODUCTION,1641.7757,1476.8053,167.8864,459,458,-0.10225901,,-0.10225901,-0.10225901,-167.8864,1641.7757,OK,0.0000,6.7155,4.0000,96.0000,AG03-UNRESOLVED,ALL5_LEVELS_bet23_to_bet27,6.7155,6.7155,6.7155,6.7155,6.7155,4.000000,4.000000,4.000000,4.000000,4.000000,96.000000,96.000000,96.000000,96.000000,96.000000,5.0,33.5773,30.9964,134.3091,136.8899,PENDING_AG03,FALSE,NOT_FOR_ENFORCEMENT,161.1709,1417.7330,167.8864,161.1709,6.7155,0.10225901,0.09816865,6.7155,161.1709,0.09816865,6.7155,6.7155,6.7155,6.7155,6.7155,161.1709,0.09816865,33.5773,30.9964,134.3091,136.8899,0.08180721,0.0833792,0.00409036,3.5769,3.2245,0.3666,13.9905,0.7114,136.8146,38.1667,,3.5769,2.1082,2.2009,4.2165,6.3247,10.796,14.3714,2.2009,0.0,4.90527,6.529774,1.625179,30,94,13,2,0E-8,0.10225901,,0E-8,0.000000,0.899517,0.000000,,2026-03-25,2026-05-11,12,236,153,48,0.250000,,,0.000000,,,,,,,,GLOBAL_BASELINE_NO_ENTITY_RANKING,,,NOT_APPLICABLE_GLOBAL_BASELINE,HF9g-P5,,,,X 全窗基线 · 不参与实体赏罚,6871146,688,A168_HF9F_20260827_0900,2026-08-27 09:00:00
2026-03-26,146942045,2108,0,8.8035918655,4.0716612378,4.0716612378,0.6666667,3,3,0.50665070000000000,0.506650700000,0.5543606114942035,0.5543606114942035,0.5543606114942035,0E-17,ELIGIBLE,R03b_20260811_FULL_v1,L1_ELIGIBILITY,v2026-08-11,2026-03-21..2026-08-06,baccarat_bet02_101_all_pairs_incl_sentinel,round_win = game_pnl > 0 (decisive only),COMPATIBILITY_ONLY_NOT_PRODUCTION,1641.7757,1476.8053,167.8864,459,458,-0.10225901,,-0.10225901,-0.10225901,-167.8864,1641.7757,OK,0.0000,6.7155,4.0000,96.0000,AG03-UNRESOLVED,ALL5_LEVELS_bet23_to_bet27,6.7155,6.7155,6.7155,6.7155,6.7155,4.000000,4.000000,4.000000,4.000000,4.000000,96.000000,96.000000,96.000000,96.000000,96.000000,5.0,33.5773,30.9964,134.3091,136.8899,PENDING_AG03,FALSE,NOT_FOR_ENFORCEMENT,161.1709,1417.7330,167.8864,161.1709,6.7155,0.10225901,0.09816865,6.7155,161.1709,0.09816865,6.7155,6.7155,6.7155,6.7155,6.7155,161.1709,0.09816865,33.5773,30.9964,134.3091,136.8899,0.08180721,0.0833792,0.00409036,3.5769,3.2245,0.3666,13.9905,0.7114,136.8146,38.1667,,3.5769,2.1082,2.2009,4.2165,6.3247,10.796,14.3714,2.2009,0.0,4.90527,6.529774,1.625179,30,94,13,2,0E-8,0.10225901,,0E-8,0.000000,0.899517,0.000000,,2026-03-25,2026-05-11,12,236,153,48,0.250000,,,0.000000,,,,,,,,GLOBAL_BASELINE_NO_ENTITY_RANKING,,,NOT_APPLICABLE_GLOBAL_BASELINE,HF9g-P5,,,,X 全窗基线 · 不参与实体赏罚,6871147,688,A168_HF9F_20260827_0900,2026-08-27 09:00:00
2026-03-26,146942045,2117,0,4.4017959327,-4.4017959327,-4.4017959327,0E-7,1,1,0.49324550000000000,0.493245500000,-0.9865810262130424,-0.9865810262130424,-0.9865810262130424,0E-17,ELIGIBLE,R03b_20260811_FULL_v1,L1_ELIGIBILITY,v2026-08-11,2026-03-21..2026-08-06,baccarat_bet02_101_all_pairs_incl_sentinel,round_win = game_pnl > 0 (decisive only),COMPATIBILITY_ONLY_NOT_PRODUCTION,1641.7757,1476.8053,167.8864,459,458,-0.10225901,,-0.10225901,-0.10225901,-167.8864,1641.7757,OK,0.0000,6.7155,4.0000,96.0000,AG03-UNRESOLVED,ALL5_LEVELS_bet23_to_bet27,6.7155,6.7155,6.7155,6.7155,6.7155,4.000000,4.000000,4.000000,4.000000,4.000000,96.000000,96.000000,96.000000,96.000000,96.000000,5.0,33.5773,30.9964,134.3091,136.8899,PENDING_AG03,FALSE,NOT_FOR_ENFORCEMENT,161.1709,1417.7330,167.8864,161.1709,6.7155,0.10225901,0.09816865,6.7155,161.1709,0.09816865,6.7155,6.7155,6.7155,6.7155,6.7155,161.1709,0.09816865,33.5773,30.9964,134.3091,136.8899,0.08180721,0.0833792,0.00409036,3.5769,3.2245,0.3666,13.9905,0.7114,136.8146,38.1667,,3.5769,2.1082,2.2009,4.2165,6.3247,10.796,14.3714,2.2009,0.0,4.90527,6.529774,1.625179,30,94,13,2,0E-8,0.10225901,,0E-8,0.000000,0.899517,0.000000,,2026-03-25,2026-05-11,12,236,153,48,0.250000,,,0.000000,,,,,,,,GLOBAL_BASELINE_NO_ENTITY_RANKING,,,NOT_APPLICABLE_GLOBAL_BASELINE,HF9g-P5,,,,X 全窗基线 · 不参与实体赏罚,6871148,688,A168_HF9F_20260827_0900,2026-08-27 09:00:00
2026-03-26,146942045,2121,0,11.0044898319,-11.0044898319,-11.0044898319,0E-7,1,1,0.49324550000000000,0.493245500000,-0.9865810262130424,-0.9865810262130424,-0.9865810262130424,0E-17,ELIGIBLE,R03b_20260811_FULL_v1,L1_ELIGIBILITY,v2026-08-11,2026-03-21..2026-08-06,baccarat_bet02_101_all_pairs_incl_sentinel,round_win = game_pnl > 0 (decisive only),COMPATIBILITY_ONLY_NOT_PRODUCTION,1641.7757,1476.8053,167.8864,459,458,-0.10225901,,-0.10225901,-0.10225901,-167.8864,1641.7757,OK,0.0000,6.7155,4.0000,96.0000,AG03-UNRESOLVED,ALL5_LEVELS_bet23_to_bet27,6.7155,6.7155,6.7155,6.7155,6.7155,4.000000,4.000000,4.000000,4.000000,4.000000,96.000000,96.000000,96.000000,96.000000,96.000000,5.0,33.5773,30.9964,134.3091,136.8899,PENDING_AG03,FALSE,NOT_FOR_ENFORCEMENT,161.1709,1417.7330,167.8864,161.1709,6.7155,0.10225901,0.09816865,6.7155,161.1709,0.09816865,6.7155,6.7155,6.7155,6.7155,6.7155,161.1709,0.09816865,33.5773,30.9964,134.3091,136.8899,0.08180721,0.0833792,0.00409036,3.5769,3.2245,0.3666,13.9905,0.7114,136.8146,38.1667,,3.5769,2.1082,2.2009,4.2165,6.3247,10.796,14.3714,2.2009,0.0,4.90527,6.529774,1.625179,30,94,13,2,0E-8,0.10225901,,0E-8,0.000000,0.899517,0.000000,,2026-03-25,2026-05-11,12,236,153,48,0.250000,,,0.000000,,,,,,,,GLOBAL_BASELINE_NO_ENTITY_RANKING,,,NOT_APPLICABLE_GLOBAL_BASELINE,HF9g-P5,,,,X 全窗基线 · 不参与实体赏罚,6871149,688,A168_HF9F_20260827_0900,2026-08-27 09:00:00
2026-03-26,146942045,2167,0,13.2053877983,8.2533673739,8.2533673739,0.5000000,2,2,0.50665070000000000,0.506650700000,-0.018812684590367487,-0.018812684590367487,-0.018812684590367487,0E-17,ELIGIBLE,R03b_20260811_FULL_v1,L1_ELIGIBILITY,v2026-08-11,2026-03-21..2026-08-06,baccarat_bet02_101_all_pairs_incl_sentinel,round_win = game_pnl > 0 (decisive only),COMPATIBILITY_ONLY_NOT_PRODUCTION,1641.7757,1476.8053,167.8864,459,458,-0.10225901,,-0.10225901,-0.10225901,-167.8864,1641.7757,OK,0.0000,6.7155,4.0000,96.0000,AG03-UNRESOLVED,ALL5_LEVELS_bet23_to_bet27,6.7155,6.7155,6.7155,6.7155,6.7155,4.000000,4.000000,4.000000,4.000000,4.000000,96.000000,96.000000,96.000000,96.000000,96.000000,5.0,33.5773,30.9964,134.3091,136.8899,PENDING_AG03,FALSE,NOT_FOR_ENFORCEMENT,161.1709,1417.7330,167.8864,161.1709,6.7155,0.10225901,0.09816865,6.7155,161.1709,0.09816865,6.7155,6.7155,6.7155,6.7155,6.7155,161.1709,0.09816865,33.5773,30.9964,134.3091,136.8899,0.08180721,0.0833792,0.00409036,3.5769,3.2245,0.3666,13.9905,0.7114,136.8146,38.1667,,3.5769,2.1082,2.2009,4.2165,6.3247,10.796,14.3714,2.2009,0.0,4.90527,6.529774,1.625179,30,94,13,2,0E-8,0.10225901,,0E-8,0.000000,0.899517,0.000000,,2026-03-25,2026-05-11,12,236,153,48,0.250000,,,0.000000,,,,,,,,GLOBAL_BASELINE_NO_ENTITY_RANKING,,,NOT_APPLICABLE_GLOBAL_BASELINE,HF9g-P5,,,,X 全窗基线 · 不参与实体赏罚,6871150,688,A168_HF9F_20260827_0900,2026-08-27 09:00:00
2026-03-26,146942045,2175,0,22.0089796638,0E-10,0E-10,0.5000000,2,2,0.49994810000000000,0.499948100000,0.00014679536856514622,0.00014679536856514622,0.00014679536856514622,0E-17,ELIGIBLE,R03b_20260811_FULL_v1,L1_ELIGIBILITY,v2026-08-11,2026-03-21..2026-08-06,baccarat_bet02_101_all_pairs_incl_sentinel,round_win = game_pnl > 0 (decisive only),COMPATIBILITY_ONLY_NOT_PRODUCTION,1641.7757,1476.8053,167.8864,459,458,-0.10225901,,-0.10225901,-0.10225901,-167.8864,1641.7757,OK,0.0000,6.7155,4.0000,96.0000,AG03-UNRESOLVED,ALL5_LEVELS_bet23_to_bet27,6.7155,6.7155,6.7155,6.7155,6.7155,4.000000,4.000000,4.000000,4.000000,4.000000,96.000000,96.000000,96.000000,96.000000,96.000000,5.0,33.5773,30.9964,134.3091,136.8899,PENDING_AG03,FALSE,NOT_FOR_ENFORCEMENT,161.1709,1417.7330,167.8864,161.1709,6.7155,0.10225901,0.09816865,6.7155,161.1709,0.09816865,6.7155,6.7155,6.7155,6.7155,6.7155,161.1709,0.09816865,33.5773,30.9964,134.3091,136.8899,0.08180721,0.0833792,0.00409036,3.5769,3.2245,0.3666,13.9905,0.7114,136.8146,38.1667,,3.5769,2.1082,2.2009,4.2165,6.3247,10.796,14.3714,2.2009,0.0,4.90527,6.529774,1.625179,30,94,13,2,0E-8,0.10225901,,0E-8,0.000000,0.899517,0.000000,,2026-03-25,2026-05-11,12,236,153,48,0.250000,,,0.000000,,,,,,,,GLOBAL_BASELINE_NO_ENTITY_RANKING,,,NOT_APPLICABLE_GLOBAL_BASELINE,HF9g-P5,,,,X 全窗基线 · 不参与实体赏罚,6871151,688,A168_HF9F_20260827_0900,2026-08-27 09:00:00
2026-03-26,146942045,2202,0,13.2053877984,4.0716612379,4.0716612379,0.6666667,6,6,0.49994810000000000,0.499948100000,0.8167508423630434,0.8167508423630434,0.8167508423630434,0E-17,ELIGIBLE,R03b_20260811_FULL_v1,L1_ELIGIBILITY,v2026-08-11,2026-03-21..2026-08-06,baccarat_bet02_101_all_pairs_incl_sentinel,round_win = game_pnl > 0 (decisive only),COMPATIBILITY_ONLY_NOT_PRODUCTION,1641.7757,1476.8053,167.8864,459,458,-0.10225901,,-0.10225901,-0.10225901,-167.8864,1641.7757,OK,0.0000,6.7155,4.0000,96.0000,AG03-UNRESOLVED,ALL5_LEVELS_bet23_to_bet27,6.7155,6.7155,6.7155,6.7155,6.7155,4.000000,4.000000,4.000000,4.000000,4.000000,96.000000,96.000000,96.000000,96.000000,96.000000,5.0,33.5773,30.9964,134.3091,136.8899,PENDING_AG03,FALSE,NOT_FOR_ENFORCEMENT,161.1709,1417.7330,167.8864,161.1709,6.7155,0.10225901,0.09816865,6.7155,161.1709,0.09816865,6.7155,6.7155,6.7155,6.7155,6.7155,161.1709,0.09816865,33.5773,30.9964,134.3091,136.8899,0.08180721,0.0833792,0.00409036,3.5769,3.2245,0.3666,13.9905,0.7114,136.8146,38.1667,,3.5769,2.1082,2.2009,4.2165,6.3247,10.796,14.3714,2.2009,0.0,4.90527,6.529774,1.625179,30,94,13,2,0E-8,0.10225901,,0E-8,0.000000,0.899517,0.000000,,2026-03-25,2026-05-11,12,236,153,48,0.250000,,,0.000000,,,,,,,,GLOBAL_BASELINE_NO_ENTITY_RANKING,,,NOT_APPLICABLE_GLOBAL_BASELINE,HF9g-P5,,,,X 全窗基线 · 不参与实体赏罚,6871152,688,A168_HF9F_20260827_0900,2026-08-27 09:00:00
2026-03-26,146942045,2216,0,4.4017959328,-0.1100448983,-0.1100448983,0.5000000,2,2,0.49994810000000000,0.499948100000,0.00014679536856514622,0.00014679536856514622,0.00014679536856514622,0E-17,ELIGIBLE,R03b_20260811_FULL_v1,L1_ELIGIBILITY,v2026-08-11,2026-03-21..2026-08-06,baccarat_bet02_101_all_pairs_incl_sentinel,round_win = game_pnl > 0 (decisive only),COMPATIBILITY_ONLY_NOT_PRODUCTION,1641.7757,1476.8053,167.8864,459,458,-0.10225901,,-0.10225901,-0.10225901,-167.8864,1641.7757,OK,0.0000,6.7155,4.0000,96.0000,AG03-UNRESOLVED,ALL5_LEVELS_bet23_to_bet27,6.7155,6.7155,6.7155,6.7155,6.7155,4.000000,4.000000,4.000000,4.000000,4.000000,96.000000,96.000000,96.000000,96.000000,96.000000,5.0,33.5773,30.9964,134.3091,136.8899,PENDING_AG03,FALSE,NOT_FOR_ENFORCEMENT,161.1709,1417.7330,167.8864,161.1709,6.7155,0.10225901,0.09816865,6.7155,161.1709,0.09816865,6.7155,6.7155,6.7155,6.7155,6.7155,161.1709,0.09816865,33.5773,30.9964,134.3091,136.8899,0.08180721,0.0833792,0.00409036,3.5769,3.2245,0.3666,13.9905,0.7114,136.8146,38.1667,,3.5769,2.1082,2.2009,4.2165,6.3247,10.796,14.3714,2.2009,0.0,4.90527,6.529774,1.625179,30,94,13,2,0E-8,0.10225901,,0E-8,0.000000,0.899517,0.000000,,2026-03-25,2026-05-11,12,236,153,48,0.250000,,,0.000000,,,,,,,,GLOBAL_BASELINE_NO_ENTITY_RANKING,,,NOT_APPLICABLE_GLOBAL_BASELINE,HF9g-P5,,,,X 全窗基线 · 不参与实体赏罚,6871153,688,A168_HF9F_20260827_0900,2026-08-27 09:00:00
2026-03-26,146942045,2232,0,4.4017959327,-4.4017959327,-4.4017959327,0E-7,1,1,0.50665070000000000,0.506650700000,-1.013391052207602,-1.013391052207602,-1.013391052207602,0E-17,ELIGIBLE,R03b_20260811_FULL_v1,L1_ELIGIBILITY,v2026-08-11,2026-03-21..2026-08-06,baccarat_bet02_101_all_pairs_incl_sentinel,round_win = game_pnl > 0 (decisive only),COMPATIBILITY_ONLY_NOT_PRODUCTION,1641.7757,1476.8053,167.8864,459,458,-0.10225901,,-0.10225901,-0.10225901,-167.8864,1641.7757,OK,0.0000,6.7155,4.0000,96.0000,AG03-UNRESOLVED,ALL5_LEVELS_bet23_to_bet27,6.7155,6.7155,6.7155,6.7155,6.7155,4.000000,4.000000,4.000000,4.000000,4.000000,96.000000,96.000000,96.000000,96.000000,96.000000,5.0,33.5773,30.9964,134.3091,136.8899,PENDING_AG03,FALSE,NOT_FOR_ENFORCEMENT,161.1709,1417.7330,167.8864,161.1709,6.7155,0.10225901,0.09816865,6.7155,161.1709,0.09816865,6.7155,6.7155,6.7155,6.7155,6.7155,161.1709,0.09816865,33.5773,30.9964,134.3091,136.8899,0.08180721,0.0833792,0.00409036,3.5769,3.2245,0.3666,13.9905,0.7114,136.8146,38.1667,,3.5769,2.1082,2.2009,4.2165,6.3247,10.796,14.3714,2.2009,0.0,4.90527,6.529774,1.625179,30,94,13,2,0E-8,0.10225901,,0E-8,0.000000,0.899517,0.000000,,2026-03-25,2026-05-11,12,236,153,48,0.250000,,,0.000000,,,,,,,,GLOBAL_BASELINE_NO_ENTITY_RANKING,,,NOT_APPLICABLE_GLOBAL_BASELINE,HF9g-P5,,,,X 全窗基线 · 不参与实体赏罚,6871154,688,A168_HF9F_20260827_0900,2026-08-27 09:00:00
2026-03-26,146942045,2233,0,17.6071837311,1.7607183731,1.7607183731,0.5000000,7,7,0.50090561428571429,0.500905614286,-0.00443659308478647,-0.004436593086186165,-0.00443659308478647,-2.8571E-13,ELIGIBLE,R03b_20260811_FULL_v1,L1_ELIGIBILITY,v2026-08-11,2026-03-21..2026-08-06,baccarat_bet02_101_all_pairs_incl_sentinel,round_win = game_pnl > 0 (decisive only),COMPATIBILITY_ONLY_NOT_PRODUCTION,1641.7757,1476.8053,167.8864,459,458,-0.10225901,,-0.10225901,-0.10225901,-167.8864,1641.7757,OK,0.0000,6.7155,4.0000,96.0000,AG03-UNRESOLVED,ALL5_LEVELS_bet23_to_bet27,6.7155,6.7155,6.7155,6.7155,6.7155,4.000000,4.000000,4.000000,4.000000,4.000000,96.000000,96.000000,96.000000,96.000000,96.000000,5.0,33.5773,30.9964,134.3091,136.8899,PENDING_AG03,FALSE,NOT_FOR_ENFORCEMENT,161.1709,1417.7330,167.8864,161.1709,6.7155,0.10225901,0.09816865,6.7155,161.1709,0.09816865,6.7155,6.7155,6.7155,6.7155,6.7155,161.1709,0.09816865,33.5773,30.9964,134.3091,136.8899,0.08180721,0.0833792,0.00409036,3.5769,3.2245,0.3666,13.9905,0.7114,136.8146,38.1667,,3.5769,2.1082,2.2009,4.2165,6.3247,10.796,14.3714,2.2009,0.0,4.90527,6.529774,1.625179,30,94,13,2,0E-8,0.10225901,,0E-8,0.000000,0.899517,0.000000,,2026-03-25,2026-05-11,12,236,153,48,0.250000,,,0.000000,,,,,,,,GLOBAL_BASELINE_NO_ENTITY_RANKING,,,NOT_APPLICABLE_GLOBAL_BASELINE,HF9g-P5,,,,X 全窗基线 · 不参与实体赏罚,6871155,688,A168_HF9F_20260827_0900,2026-08-27 09:00:00
2026-03-26,146942045,2246,0,2.2008979664,-2.2008979664,-2.2008979664,0E-7,1,1,0.49324550000000000,0.493245500000,-0.9865810262130424,-0.9865810262130424,-0.9865810262130424,0E-17,ELIGIBLE,R03b_20260811_FULL_v1,L1_ELIGIBILITY,v2026-08-11,2026-03-21..2026-08-06,baccarat_bet02_101_all_pairs_incl_sentinel,round_win = game_pnl > 0 (decisive only),COMPATIBILITY_ONLY_NOT_PRODUCTION,1641.7757,1476.8053,167.8864,459,458,-0.10225901,,-0.10225901,-0.10225901,-167.8864,1641.7757,OK,0.0000,6.7155,4.0000,96.0000,AG03-UNRESOLVED,ALL5_LEVELS_bet23_to_bet27,6.7155,6.7155,6.7155,6.7155,6.7155,4.000000,4.000000,4.000000,4.000000,4.000000,96.000000,96.000000,96.000000,96.000000,96.000000,5.0,33.5773,30.9964,134.3091,136.8899,PENDING_AG03,FALSE,NOT_FOR_ENFORCEMENT,161.1709,1417.7330,167.8864,161.1709,6.7155,0.10225901,0.09816865,6.7155,161.1709,0.09816865,6.7155,6.7155,6.7155,6.7155,6.7155,161.1709,0.09816865,33.5773,30.9964,134.3091,136.8899,0.08180721,0.0833792,0.00409036,3.5769,3.2245,0.3666,13.9905,0.7114,136.8146,38.1667,,3.5769,2.1082,2.2009,4.2165,6.3247,10.796,14.3714,2.2009,0.0,4.90527,6.529774,1.625179,30,94,13,2,0E-8,0.10225901,,0E-8,0.000000,0.899517,0.000000,,2026-03-25,2026-05-11,12,236,153,48,0.250000,,,0.000000,,,,,,,,GLOBAL_BASELINE_NO_ENTITY_RANKING,,,NOT_APPLICABLE_GLOBAL_BASELINE,HF9g-P5,,,,X 全窗基线 · 不参与实体赏罚,6871156,688,A168_HF9F_20260827_0900,2026-08-27 09:00:00
2026-03-26,146942045,2256,0,13.2053877983,2.0908530681,2.0908530681,1.0000000,2,2,0.50665070000000000,0.506650700000,0.9867858985152569,0.9867858985152569,0.9867858985152569,0E-17,ELIGIBLE,R03b_20260811_FULL_v1,L1_ELIGIBILITY,v2026-08-11,2026-03-21..2026-08-06,baccarat_bet02_101_all_pairs_incl_sentinel,round_win = game_pnl > 0 (decisive only),COMPATIBILITY_ONLY_NOT_PRODUCTION,1641.7757,1476.8053,167.8864,459,458,-0.10225901,,-0.10225901,-0.10225901,-167.8864,1641.7757,OK,0.0000,6.7155,4.0000,96.0000,AG03-UNRESOLVED,ALL5_LEVELS_bet23_to_bet27,6.7155,6.7155,6.7155,6.7155,6.7155,4.000000,4.000000,4.000000,4.000000,4.000000,96.000000,96.000000,96.000000,96.000000,96.000000,5.0,33.5773,30.9964,134.3091,136.8899,PENDING_AG03,FALSE,NOT_FOR_ENFORCEMENT,161.1709,1417.7330,167.8864,161.1709,6.7155,0.10225901,0.09816865,6.7155,161.1709,0.09816865,6.7155,6.7155,6.7155,6.7155,6.7155,161.1709,0.09816865,33.5773,30.9964,134.3091,136.8899,0.08180721,0.0833792,0.00409036,3.5769,3.2245,0.3666,13.9905,0.7114,136.8146,38.1667,,3.5769,2.1082,2.2009,4.2165,6.3247,10.796,14.3714,2.2009,0.0,4.90527,6.529774,1.625179,30,94,13,2,0E-8,0.10225901,,0E-8,0.000000,0.899517,0.000000,,2026-03-25,2026-05-11,12,236,153,48,0.250000,,,0.000000,,,,,,,,GLOBAL_BASELINE_NO_ENTITY_RANKING,,,NOT_APPLICABLE_GLOBAL_BASELINE,HF9g-P5,,,,X 全窗基线 · 不参与实体赏罚,6871157,688,A168_HF9F_20260827_0900,2026-08-27 09:00:00
2026-03-26,146942045,2264,0,4.4017959327,4.4017959327,4.4017959327,1.0000000,1,1,0.49324550000000000,0.493245500000,1.01360149184955,1.01360149184955,1.01360149184955,0E-17,ELIGIBLE,R03b_20260811_FULL_v1,L1_ELIGIBILITY,v2026-08-11,2026-03-21..2026-08-06,baccarat_bet02_101_all_pairs_incl_sentinel,round_win = game_pnl > 0 (decisive only),COMPATIBILITY_ONLY_NOT_PRODUCTION,1641.7757,1476.8053,167.8864,459,458,-0.10225901,,-0.10225901,-0.10225901,-167.8864,1641.7757,OK,0.0000,6.7155,4.0000,96.0000,AG03-UNRESOLVED,ALL5_LEVELS_bet23_to_bet27,6.7155,6.7155,6.7155,6.7155,6.7155,4.000000,4.000000,4.000000,4.000000,4.000000,96.000000,96.000000,96.000000,96.000000,96.000000,5.0,33.5773,30.9964,134.3091,136.8899,PENDING_AG03,FALSE,NOT_FOR_ENFORCEMENT,161.1709,1417.7330,167.8864,161.1709,6.7155,0.10225901,0.09816865,6.7155,161.1709,0.09816865,6.7155,6.7155,6.7155,6.7155,6.7155,161.1709,0.09816865,33.5773,30.9964,134.3091,136.8899,0.08180721,0.0833792,0.00409036,3.5769,3.2245,0.3666,13.9905,0.7114,136.8146,38.1667,,3.5769,2.1082,2.2009,4.2165,6.3247,10.796,14.3714,2.2009,0.0,4.90527,6.529774,1.625179,30,94,13,2,0E-8,0.10225901,,0E-8,0.000000,0.899517,0.000000,,2026-03-25,2026-05-11,12,236,153,48,0.250000,,,0.000000,,,,,,,,GLOBAL_BASELINE_NO_ENTITY_RANKING,,,NOT_APPLICABLE_GLOBAL_BASELINE,HF9g-P5,,,,X 全窗基线 · 不参与实体赏罚,6871158,688,A168_HF9F_20260827_0900,2026-08-27 09:00:00
2026-03-26,146942045,595,0,2.2008979664,-2.2008979664,-2.2008979664,0E-7,1,1,0.50665070000000000,0.506650700000,-1.013391052207602,-1.013391052207602,-1.013391052207602,0E-17,ELIGIBLE,R03b_20260811_FULL_v1,L1_ELIGIBILITY,v2026-08-11,2026-03-21..2026-08-06,baccarat_bet02_101_all_pairs_incl_sentinel,round_win = game_pnl > 0 (decisive only),COMPATIBILITY_ONLY_NOT_PRODUCTION,1641.7757,1476.8053,167.8864,459,458,-0.10225901,,-0.10225901,-0.10225901,-167.8864,1641.7757,OK,0.0000,6.7155,4.0000,96.0000,AG03-UNRESOLVED,ALL5_LEVELS_bet23_to_bet27,6.7155,6.7155,6.7155,6.7155,6.7155,4.000000,4.000000,4.000000,4.000000,4.000000,96.000000,96.000000,96.000000,96.000000,96.000000,5.0,33.5773,30.9964,134.3091,136.8899,PENDING_AG03,FALSE,NOT_FOR_ENFORCEMENT,161.1709,1417.7330,167.8864,161.1709,6.7155,0.10225901,0.09816865,6.7155,161.1709,0.09816865,6.7155,6.7155,6.7155,6.7155,6.7155,161.1709,0.09816865,33.5773,30.9964,134.3091,136.8899,0.08180721,0.0833792,0.00409036,3.5769,3.2245,0.3666,13.9905,0.7114,136.8146,38.1667,,3.5769,2.1082,2.2009,4.2165,6.3247,10.796,14.3714,2.2009,0.0,4.90527,6.529774,1.625179,30,94,13,2,0E-8,0.10225901,,0E-8,0.000000,0.899517,0.000000,,2026-03-25,2026-05-11,12,236,153,48,0.250000,,,0.000000,,,,,,,,GLOBAL_BASELINE_NO_ENTITY_RANKING,,,NOT_APPLICABLE_GLOBAL_BASELINE,HF9g-P5,,,,X 全窗基线 · 不参与实体赏罚,6871159,688,A168_HF9F_20260827_0900,2026-08-27 09:00:00
2026-03-29,146942045,-1,1,26.1906857999,-4.7209261379,-4.7209261379,0.4285714,10,10,0.49994810000000000,0.499948100000,-0.377689846057837,-0.377689846057837,-0.377689846057837,0E-17,SENTINEL_DEALER,R03b_20260811_FULL_v1,L1_ELIGIBILITY,v2026-08-11,2026-03-21..2026-08-06,baccarat_bet02_101_all_pairs_incl_sentinel,round_win = game_pnl > 0 (decisive only),COMPATIBILITY_ONLY_NOT_PRODUCTION,1641.7757,1476.8053,167.8864,459,458,-0.10225901,,-0.10225901,-0.10225901,-167.8864,1641.7757,OK,0.0000,6.7155,4.0000,96.0000,AG03-UNRESOLVED,ALL5_LEVELS_bet23_to_bet27,6.7155,6.7155,6.7155,6.7155,6.7155,4.000000,4.000000,4.000000,4.000000,4.000000,96.000000,96.000000,96.000000,96.000000,96.000000,5.0,33.5773,30.9964,134.3091,136.8899,PENDING_AG03,FALSE,NOT_FOR_ENFORCEMENT,161.1709,1417.7330,167.8864,161.1709,6.7155,0.10225901,0.09816865,6.7155,161.1709,0.09816865,6.7155,6.7155,6.7155,6.7155,6.7155,161.1709,0.09816865,33.5773,30.9964,134.3091,136.8899,0.08180721,0.0833792,0.00409036,3.5769,3.2245,0.3666,13.9905,0.7114,136.8146,38.1667,,3.5769,2.1082,2.2009,4.2165,6.3247,10.796,14.3714,2.2009,0.0,4.90527,6.529774,1.625179,30,94,13,2,0E-8,0.10225901,,0E-8,0.000000,0.899517,0.000000,,2026-03-25,2026-05-11,12,236,153,48,0.250000,,,0.000000,,,,,,,,GLOBAL_BASELINE_NO_ENTITY_RANKING,,,NOT_APPLICABLE_GLOBAL_BASELINE,HF9g-P5,,,,X 全窗基线 · 不参与实体赏罚,6871160,688,A168_HF9F_20260827_0900,2026-08-27 09:00:00
2026-03-29,146942045,1157,0,8.8035918655,-4.5118408310,-4.5118408310,0.3333333,3,3,0.50665070000000000,0.506650700000,-0.6004420894325239,-0.6004420894325239,-0.6004420894325239,0E-17,ELIGIBLE,R03b_20260811_FULL_v1,L1_ELIGIBILITY,v2026-08-11,2026-03-21..2026-08-06,baccarat_bet02_101_all_pairs_incl_sentinel,round_win = game_pnl > 0 (decisive only),COMPATIBILITY_ONLY_NOT_PRODUCTION,1641.7757,1476.8053,167.8864,459,458,-0.10225901,,-0.10225901,-0.10225901,-167.8864,1641.7757,OK,0.0000,6.7155,4.0000,96.0000,AG03-UNRESOLVED,ALL5_LEVELS_bet23_to_bet27,6.7155,6.7155,6.7155,6.7155,6.7155,4.000000,4.000000,4.000000,4.000000,4.000000,96.000000,96.000000,96.000000,96.000000,96.000000,5.0,33.5773,30.9964,134.3091,136.8899,PENDING_AG03,FALSE,NOT_FOR_ENFORCEMENT,161.1709,1417.7330,167.8864,161.1709,6.7155,0.10225901,0.09816865,6.7155,161.1709,0.09816865,6.7155,6.7155,6.7155,6.7155,6.7155,161.1709,0.09816865,33.5773,30.9964,134.3091,136.8899,0.08180721,0.0833792,0.00409036,3.5769,3.2245,0.3666,13.9905,0.7114,136.8146,38.1667,,3.5769,2.1082,2.2009,4.2165,6.3247,10.796,14.3714,2.2009,0.0,4.90527,6.529774,1.625179,30,94,13,2,0E-8,0.10225901,,0E-8,0.000000,0.899517,0.000000,,2026-03-25,2026-05-11,12,236,153,48,0.250000,,,0.000000,,,,,,,,GLOBAL_BASELINE_NO_ENTITY_RANKING,,,NOT_APPLICABLE_GLOBAL_BASELINE,HF9g-P5,,,,X 全窗基线 · 不参与实体赏罚,6871161,688,A168_HF9F_20260827_0900,2026-08-27 09:00:00
2026-03-29,146942045,1291,0,2.2008979664,-2.2008979664,-2.2008979664,0E-7,1,1,0.49324550000000000,0.493245500000,-0.9865810262130424,-0.9865810262130424,-0.9865810262130424,0E-17,ELIGIBLE,R03b_20260811_FULL_v1,L1_ELIGIBILITY,v2026-08-11,2026-03-21..2026-08-06,baccarat_bet02_101_all_pairs_incl_sentinel,round_win = game_pnl > 0 (decisive only),COMPATIBILITY_ONLY_NOT_PRODUCTION,1641.7757,1476.8053,167.8864,459,458,-0.10225901,,-0.10225901,-0.10225901,-167.8864,1641.7757,OK,0.0000,6.7155,4.0000,96.0000,AG03-UNRESOLVED,ALL5_LEVELS_bet23_to_bet27,6.7155,6.7155,6.7155,6.7155,6.7155,4.000000,4.000000,4.000000,4.000000,4.000000,96.000000,96.000000,96.000000,96.000000,96.000000,5.0,33.5773,30.9964,134.3091,136.8899,PENDING_AG03,FALSE,NOT_FOR_ENFORCEMENT,161.1709,1417.7330,167.8864,161.1709,6.7155,0.10225901,0.09816865,6.7155,161.1709,0.09816865,6.7155,6.7155,6.7155,6.7155,6.7155,161.1709,0.09816865,33.5773,30.9964,134.3091,136.8899,0.08180721,0.0833792,0.00409036,3.5769,3.2245,0.3666,13.9905,0.7114,136.8146,38.1667,,3.5769,2.1082,2.2009,4.2165,6.3247,10.796,14.3714,2.2009,0.0,4.90527,6.529774,1.625179,30,94,13,2,0E-8,0.10225901,,0E-8,0.000000,0.899517,0.000000,,2026-03-25,2026-05-11,12,236,153,48,0.250000,,,0.000000,,,,,,,,GLOBAL_BASELINE_NO_ENTITY_RANKING,,,NOT_APPLICABLE_GLOBAL_BASELINE,HF9g-P5,,,,X 全窗基线 · 不参与实体赏罚,6871162,688,A168_HF9F_20260827_0900,2026-08-27 09:00:00
2026-03-29,146942045,1306,0,2.2008979664,2.0908530681,2.0908530681,1.0000000,1,1,0.50665070000000000,0.506650700000,0.9867858985152569,0.9867858985152569,0.9867858985152569,0E-17,ELIGIBLE,R03b_20260811_FULL_v1,L1_ELIGIBILITY,v2026-08-11,2026-03-21..2026-08-06,baccarat_bet02_101_all_pairs_incl_sentinel,round_win = game_pnl > 0 (decisive only),COMPATIBILITY_ONLY_NOT_PRODUCTION,1641.7757,1476.8053,167.8864,459,458,-0.10225901,,-0.10225901,-0.10225901,-167.8864,1641.7757,OK,0.0000,6.7155,4.0000,96.0000,AG03-UNRESOLVED,ALL5_LEVELS_bet23_to_bet27,6.7155,6.7155,6.7155,6.7155,6.7155,4.000000,4.000000,4.000000,4.000000,4.000000,96.000000,96.000000,96.000000,96.000000,96.000000,5.0,33.5773,30.9964,134.3091,136.8899,PENDING_AG03,FALSE,NOT_FOR_ENFORCEMENT,161.1709,1417.7330,167.8864,161.1709,6.7155,0.10225901,0.09816865,6.7155,161.1709,0.09816865,6.7155,6.7155,6.7155,6.7155,6.7155,161.1709,0.09816865,33.5773,30.9964,134.3091,136.8899,0.08180721,0.0833792,0.00409036,3.5769,3.2245,0.3666,13.9905,0.7114,136.8146,38.1667,,3.5769,2.1082,2.2009,4.2165,6.3247,10.796,14.3714,2.2009,0.0,4.90527,6.529774,1.625179,30,94,13,2,0E-8,0.10225901,,0E-8,0.000000,0.899517,0.000000,,2026-03-25,2026-05-11,12,236,153,48,0.250000,,,0.000000,,,,,,,,GLOBAL_BASELINE_NO_ENTITY_RANKING,,,NOT_APPLICABLE_GLOBAL_BASELINE,HF9g-P5,,,,X 全窗基线 · 不参与实体赏罚,6871163,688,A168_HF9F_20260827_0900,2026-08-27 09:00:00
2026-03-29,146942045,1363,0,3.9616163395,-0.5282155120,-0.5282155120,0.5000000,2,2,0.49994810000000000,0.499948100000,0.00014679536856514622,0.00014679536856514622,0.00014679536856514622,0E-17,ELIGIBLE,R03b_20260811_FULL_v1,L1_ELIGIBILITY,v2026-08-11,2026-03-21..2026-08-06,baccarat_bet02_101_all_pairs_incl_sentinel,round_win = game_pnl > 0 (decisive only),COMPATIBILITY_ONLY_NOT_PRODUCTION,1641.7757,1476.8053,167.8864,459,458,-0.10225901,,-0.10225901,-0.10225901,-167.8864,1641.7757,OK,0.0000,6.7155,4.0000,96.0000,AG03-UNRESOLVED,ALL5_LEVELS_bet23_to_bet27,6.7155,6.7155,6.7155,6.7155,6.7155,4.000000,4.000000,4.000000,4.000000,4.000000,96.000000,96.000000,96.000000,96.000000,96.000000,5.0,33.5773,30.9964,134.3091,136.8899,PENDING_AG03,FALSE,NOT_FOR_ENFORCEMENT,161.1709,1417.7330,167.8864,161.1709,6.7155,0.10225901,0.09816865,6.7155,161.1709,0.09816865,6.7155,6.7155,6.7155,6.7155,6.7155,161.1709,0.09816865,33.5773,30.9964,134.3091,136.8899,0.08180721,0.0833792,0.00409036,3.5769,3.2245,0.3666,13.9905,0.7114,136.8146,38.1667,,3.5769,2.1082,2.2009,4.2165,6.3247,10.796,14.3714,2.2009,0.0,4.90527,6.529774,1.625179,30,94,13,2,0E-8,0.10225901,,0E-8,0.000000,0.899517,0.000000,,2026-03-25,2026-05-11,12,236,153,48,0.250000,,,0.000000,,,,,,,,GLOBAL_BASELINE_NO_ENTITY_RANKING,,,NOT_APPLICABLE_GLOBAL_BASELINE,HF9g-P5,,,,X 全窗基线 · 不参与实体赏罚,6871164,688,A168_HF9F_20260827_0900,2026-08-27 09:00:00
2026-03-29,146942045,1704,0,13.2053877983,8.2533673740,8.2533673740,0.8000000,5,5,0.50665070000000000,0.506650700000,1.3120140225494112,1.3120140225494112,1.3120140225494112,0E-17,ELIGIBLE,R03b_20260811_FULL_v1,L1_ELIGIBILITY,v2026-08-11,2026-03-21..2026-08-06,baccarat_bet02_101_all_pairs_incl_sentinel,round_win = game_pnl > 0 (decisive only),COMPATIBILITY_ONLY_NOT_PRODUCTION,1641.7757,1476.8053,167.8864,459,458,-0.10225901,,-0.10225901,-0.10225901,-167.8864,1641.7757,OK,0.0000,6.7155,4.0000,96.0000,AG03-UNRESOLVED,ALL5_LEVELS_bet23_to_bet27,6.7155,6.7155,6.7155,6.7155,6.7155,4.000000,4.000000,4.000000,4.000000,4.000000,96.000000,96.000000,96.000000,96.000000,96.000000,5.0,33.5773,30.9964,134.3091,136.8899,PENDING_AG03,FALSE,NOT_FOR_ENFORCEMENT,161.1709,1417.7330,167.8864,161.1709,6.7155,0.10225901,0.09816865,6.7155,161.1709,0.09816865,6.7155,6.7155,6.7155,6.7155,6.7155,161.1709,0.09816865,33.5773,30.9964,134.3091,136.8899,0.08180721,0.0833792,0.00409036,3.5769,3.2245,0.3666,13.9905,0.7114,136.8146,38.1667,,3.5769,2.1082,2.2009,4.2165,6.3247,10.796,14.3714,2.2009,0.0,4.90527,6.529774,1.625179,30,94,13,2,0E-8,0.10225901,,0E-8,0.000000,0.899517,0.000000,,2026-03-25,2026-05-11,12,236,153,48,0.250000,,,0.000000,,,,,,,,GLOBAL_BASELINE_NO_ENTITY_RANKING,,,NOT_APPLICABLE_GLOBAL_BASELINE,HF9g-P5,,,,X 全窗基线 · 不参与实体赏罚,6871165,688,A168_HF9F_20260827_0900,2026-08-27 09:00:00
2026-03-29,146942045,1949,0,2.2008979664,-2.2008979664,-2.2008979664,0E-7,1,1,0.50665070000000000,0.506650700000,-1.013391052207602,-1.013391052207602,-1.013391052207602,0E-17,ELIGIBLE,R03b_20260811_FULL_v1,L1_ELIGIBILITY,v2026-08-11,2026-03-21..2026-08-06,baccarat_bet02_101_all_pairs_incl_sentinel,round_win = game_pnl > 0 (decisive only),COMPATIBILITY_ONLY_NOT_PRODUCTION,1641.7757,1476.8053,167.8864,459,458,-0.10225901,,-0.10225901,-0.10225901,-167.8864,1641.7757,OK,0.0000,6.7155,4.0000,96.0000,AG03-UNRESOLVED,ALL5_LEVELS_bet23_to_bet27,6.7155,6.7155,6.7155,6.7155,6.7155,4.000000,4.000000,4.000000,4.000000,4.000000,96.000000,96.000000,96.000000,96.000000,96.000000,5.0,33.5773,30.9964,134.3091,136.8899,PENDING_AG03,FALSE,NOT_FOR_ENFORCEMENT,161.1709,1417.7330,167.8864,161.1709,6.7155,0.10225901,0.09816865,6.7155,161.1709,0.09816865,6.7155,6.7155,6.7155,6.7155,6.7155,161.1709,0.09816865,33.5773,30.9964,134.3091,136.8899,0.08180721,0.0833792,0.00409036,3.5769,3.2245,0.3666,13.9905,0.7114,136.8146,38.1667,,3.5769,2.1082,2.2009,4.2165,6.3247,10.796,14.3714,2.2009,0.0,4.90527,6.529774,1.625179,30,94,13,2,0E-8,0.10225901,,0E-8,0.000000,0.899517,0.000000,,2026-03-25,2026-05-11,12,236,153,48,0.250000,,,0.000000,,,,,,,,GLOBAL_BASELINE_NO_ENTITY_RANKING,,,NOT_APPLICABLE_GLOBAL_BASELINE,HF9g-P5,,,,X 全窗基线 · 不参与实体赏罚,6871166,688,A168_HF9F_20260827_0900,2026-08-27 09:00:00
2026-03-29,146942045,2153,0,2.2008979664,-2.2008979664,-2.2008979664,0E-7,1,1,0.49324550000000000,0.493245500000,-0.9865810262130424,-0.9865810262130424,-0.9865810262130424,0E-17,ELIGIBLE,R03b_20260811_FULL_v1,L1_ELIGIBILITY,v2026-08-11,2026-03-21..2026-08-06,baccarat_bet02_101_all_pairs_incl_sentinel,round_win = game_pnl > 0 (decisive only),COMPATIBILITY_ONLY_NOT_PRODUCTION,1641.7757,1476.8053,167.8864,459,458,-0.10225901,,-0.10225901,-0.10225901,-167.8864,1641.7757,OK,0.0000,6.7155,4.0000,96.0000,AG03-UNRESOLVED,ALL5_LEVELS_bet23_to_bet27,6.7155,6.7155,6.7155,6.7155,6.7155,4.000000,4.000000,4.000000,4.000000,4.000000,96.000000,96.000000,96.000000,96.000000,96.000000,5.0,33.5773,30.9964,134.3091,136.8899,PENDING_AG03,FALSE,NOT_FOR_ENFORCEMENT,161.1709,1417.7330,167.8864,161.1709,6.7155,0.10225901,0.09816865,6.7155,161.1709,0.09816865,6.7155,6.7155,6.7155,6.7155,6.7155,161.1709,0.09816865,33.5773,30.9964,134.3091,136.8899,0.08180721,0.0833792,0.00409036,3.5769,3.2245,0.3666,13.9905,0.7114,136.8146,38.1667,,3.5769,2.1082,2.2009,4.2165,6.3247,10.796,14.3714,2.2009,0.0,4.90527,6.529774,1.625179,30,94,13,2,0E-8,0.10225901,,0E-8,0.000000,0.899517,0.000000,,2026-03-25,2026-05-11,12,236,153,48,0.250000,,,0.000000,,,,,,,,GLOBAL_BASELINE_NO_ENTITY_RANKING,,,NOT_APPLICABLE_GLOBAL_BASELINE,HF9g-P5,,,,X 全窗基线 · 不参与实体赏罚,6871167,688,A168_HF9F_20260827_0900,2026-08-27 09:00:00
2026-03-29,146942045,2171,0,2.2008979664,-2.2008979664,-2.2008979664,0E-7,1,1,0.50665070000000000,0.506650700000,-1.013391052207602,-1.013391052207602,-1.013391052207602,0E-17,ELIGIBLE,R03b_20260811_FULL_v1,L1_ELIGIBILITY,v2026-08-11,2026-03-21..2026-08-06,baccarat_bet02_101_all_pairs_incl_sentinel,round_win = game_pnl > 0 (decisive only),COMPATIBILITY_ONLY_NOT_PRODUCTION,1641.7757,1476.8053,167.8864,459,458,-0.10225901,,-0.10225901,-0.10225901,-167.8864,1641.7757,OK,0.0000,6.7155,4.0000,96.0000,AG03-UNRESOLVED,ALL5_LEVELS_bet23_to_bet27,6.7155,6.7155,6.7155,6.7155,6.7155,4.000000,4.000000,4.000000,4.000000,4.000000,96.000000,96.000000,96.000000,96.000000,96.000000,5.0,33.5773,30.9964,134.3091,136.8899,PENDING_AG03,FALSE,NOT_FOR_ENFORCEMENT,161.1709,1417.7330,167.8864,161.1709,6.7155,0.10225901,0.09816865,6.7155,161.1709,0.09816865,6.7155,6.7155,6.7155,6.7155,6.7155,161.1709,0.09816865,33.5773,30.9964,134.3091,136.8899,0.08180721,0.0833792,0.00409036,3.5769,3.2245,0.3666,13.9905,0.7114,136.8146,38.1667,,3.5769,2.1082,2.2009,4.2165,6.3247,10.796,14.3714,2.2009,0.0,4.90527,6.529774,1.625179,30,94,13,2,0E-8,0.10225901,,0E-8,0.000000,0.899517,0.000000,,2026-03-25,2026-05-11,12,236,153,48,0.250000,,,0.000000,,,,,,,,GLOBAL_BASELINE_NO_ENTITY_RANKING,,,NOT_APPLICABLE_GLOBAL_BASELINE,HF9g-P5,,,,X 全窗基线 · 不参与实体赏罚,6871168,688,A168_HF9F_20260827_0900,2026-08-27 09:00:00
2026-03-29,146942045,2248,0,2.4209877630,-2.4209877630,-2.4209877630,0E-7,1,1,0.50665070000000000,0.506650700000,-1.013391052207602,-1.013391052207602,-1.013391052207602,0E-17,ELIGIBLE,R03b_20260811_FULL_v1,L1_ELIGIBILITY,v2026-08-11,2026-03-21..2026-08-06,baccarat_bet02_101_all_pairs_incl_sentinel,round_win = game_pnl > 0 (decisive only),COMPATIBILITY_ONLY_NOT_PRODUCTION,1641.7757,1476.8053,167.8864,459,458,-0.10225901,,-0.10225901,-0.10225901,-167.8864,1641.7757,OK,0.0000,6.7155,4.0000,96.0000,AG03-UNRESOLVED,ALL5_LEVELS_bet23_to_bet27,6.7155,6.7155,6.7155,6.7155,6.7155,4.000000,4.000000,4.000000,4.000000,4.000000,96.000000,96.000000,96.000000,96.000000,96.000000,5.0,33.5773,30.9964,134.3091,136.8899,PENDING_AG03,FALSE,NOT_FOR_ENFORCEMENT,161.1709,1417.7330,167.8864,161.1709,6.7155,0.10225901,0.09816865,6.7155,161.1709,0.09816865,6.7155,6.7155,6.7155,6.7155,6.7155,161.1709,0.09816865,33.5773,30.9964,134.3091,136.8899,0.08180721,0.0833792,0.00409036,3.5769,3.2245,0.3666,13.9905,0.7114,136.8146,38.1667,,3.5769,2.1082,2.2009,4.2165,6.3247,10.796,14.3714,2.2009,0.0,4.90527,6.529774,1.625179,30,94,13,2,0E-8,0.10225901,,0E-8,0.000000,0.899517,0.000000,,2026-03-25,2026-05-11,12,236,153,48,0.250000,,,0.000000,,,,,,,,GLOBAL_BASELINE_NO_ENTITY_RANKING,,,NOT_APPLICABLE_GLOBAL_BASELINE,HF9g-P5,,,,X 全窗基线 · 不参与实体赏罚,6871169,688,A168_HF9F_20260827_0900,2026-08-27 09:00:00
2026-03-29,146942045,2250,0,6.6026938992,6.3826041026,6.3826041026,1.0000000,3,3,0.50218230000000000,0.502182300000,1.724507524396475,1.7245075243964754,1.724507524396475,0E-17,ELIGIBLE,R03b_20260811_FULL_v1,L1_ELIGIBILITY,v2026-08-11,2026-03-21..2026-08-06,baccarat_bet02_101_all_pairs_incl_sentinel,round_win = game_pnl > 0 (decisive only),COMPATIBILITY_ONLY_NOT_PRODUCTION,1641.7757,1476.8053,167.8864,459,458,-0.10225901,,-0.10225901,-0.10225901,-167.8864,1641.7757,OK,0.0000,6.7155,4.0000,96.0000,AG03-UNRESOLVED,ALL5_LEVELS_bet23_to_bet27,6.7155,6.7155,6.7155,6.7155,6.7155,4.000000,4.000000,4.000000,4.000000,4.000000,96.000000,96.000000,96.000000,96.000000,96.000000,5.0,33.5773,30.9964,134.3091,136.8899,PENDING_AG03,FALSE,NOT_FOR_ENFORCEMENT,161.1709,1417.7330,167.8864,161.1709,6.7155,0.10225901,0.09816865,6.7155,161.1709,0.09816865,6.7155,6.7155,6.7155,6.7155,6.7155,161.1709,0.09816865,33.5773,30.9964,134.3091,136.8899,0.08180721,0.0833792,0.00409036,3.5769,3.2245,0.3666,13.9905,0.7114,136.8146,38.1667,,3.5769,2.1082,2.2009,4.2165,6.3247,10.796,14.3714,2.2009,0.0,4.90527,6.529774,1.625179,30,94,13,2,0E-8,0.10225901,,0E-8,0.000000,0.899517,0.000000,,2026-03-25,2026-05-11,12,236,153,48,0.250000,,,0.000000,,,,,,,,GLOBAL_BASELINE_NO_ENTITY_RANKING,,,NOT_APPLICABLE_GLOBAL_BASELINE,HF9g-P5,,,,X 全窗基线 · 不参与实体赏罚,6871170,688,A168_HF9F_20260827_0900,2026-08-27 09:00:00
2026-03-29,146942045,529,0,2.2008979664,-2.2008979664,-2.2008979664,0E-7,1,1,0.50665070000000000,0.506650700000,-1.013391052207602,-1.013391052207602,-1.013391052207602,0E-17,ELIGIBLE,R03b_20260811_FULL_v1,L1_ELIGIBILITY,v2026-08-11,2026-03-21..2026-08-06,baccarat_bet02_101_all_pairs_incl_sentinel,round_win = game_pnl > 0 (decisive only),COMPATIBILITY_ONLY_NOT_PRODUCTION,1641.7757,1476.8053,167.8864,459,458,-0.10225901,,-0.10225901,-0.10225901,-167.8864,1641.7757,OK,0.0000,6.7155,4.0000,96.0000,AG03-UNRESOLVED,ALL5_LEVELS_bet23_to_bet27,6.7155,6.7155,6.7155,6.7155,6.7155,4.000000,4.000000,4.000000,4.000000,4.000000,96.000000,96.000000,96.000000,96.000000,96.000000,5.0,33.5773,30.9964,134.3091,136.8899,PENDING_AG03,FALSE,NOT_FOR_ENFORCEMENT,161.1709,1417.7330,167.8864,161.1709,6.7155,0.10225901,0.09816865,6.7155,161.1709,0.09816865,6.7155,6.7155,6.7155,6.7155,6.7155,161.1709,0.09816865,33.5773,30.9964,134.3091,136.8899,0.08180721,0.0833792,0.00409036,3.5769,3.2245,0.3666,13.9905,0.7114,136.8146,38.1667,,3.5769,2.1082,2.2009,4.2165,6.3247,10.796,14.3714,2.2009,0.0,4.90527,6.529774,1.625179,30,94,13,2,0E-8,0.10225901,,0E-8,0.000000,0.899517,0.000000,,2026-03-25,2026-05-11,12,236,153,48,0.250000,,,0.000000,,,,,,,,GLOBAL_BASELINE_NO_ENTITY_RANKING,,,NOT_APPLICABLE_GLOBAL_BASELINE,HF9g-P5,,,,X 全窗基线 · 不参与实体赏罚,6871171,688,A168_HF9F_20260827_0900,2026-08-27 09:00:00
2026-03-29,146942045,772,0,1.3205387798,1.2545118408,1.2545118408,1.0000000,1,1,0.50665070000000000,0.506650700000,0.9867858985152569,0.9867858985152569,0.9867858985152569,0E-17,ELIGIBLE,R03b_20260811_FULL_v1,L1_ELIGIBILITY,v2026-08-11,2026-03-21..2026-08-06,baccarat_bet02_101_all_pairs_incl_sentinel,round_win = game_pnl > 0 (decisive only),COMPATIBILITY_ONLY_NOT_PRODUCTION,1641.7757,1476.8053,167.8864,459,458,-0.10225901,,-0.10225901,-0.10225901,-167.8864,1641.7757,OK,0.0000,6.7155,4.0000,96.0000,AG03-UNRESOLVED,ALL5_LEVELS_bet23_to_bet27,6.7155,6.7155,6.7155,6.7155,6.7155,4.000000,4.000000,4.000000,4.000000,4.000000,96.000000,96.000000,96.000000,96.000000,96.000000,5.0,33.5773,30.9964,134.3091,136.8899,PENDING_AG03,FALSE,NOT_FOR_ENFORCEMENT,161.1709,1417.7330,167.8864,161.1709,6.7155,0.10225901,0.09816865,6.7155,161.1709,0.09816865,6.7155,6.7155,6.7155,6.7155,6.7155,161.1709,0.09816865,33.5773,30.9964,134.3091,136.8899,0.08180721,0.0833792,0.00409036,3.5769,3.2245,0.3666,13.9905,0.7114,136.8146,38.1667,,3.5769,2.1082,2.2009,4.2165,6.3247,10.796,14.3714,2.2009,0.0,4.90527,6.529774,1.625179,30,94,13,2,0E-8,0.10225901,,0E-8,0.000000,0.899517,0.000000,,2026-03-25,2026-05-11,12,236,153,48,0.250000,,,0.000000,,,,,,,,GLOBAL_BASELINE_NO_ENTITY_RANKING,,,NOT_APPLICABLE_GLOBAL_BASELINE,HF9g-P5,,,,X 全窗基线 · 不参与实体赏罚,6871172,688,A168_HF9F_20260827_0900,2026-08-27 09:00:00
2026-03-29,146942045,789,0,2.2008979664,-2.2008979664,-2.2008979664,0E-7,1,1,0.49324550000000000,0.493245500000,-0.9865810262130424,-0.9865810262130424,-0.9865810262130424,0E-17,ELIGIBLE,R03b_20260811_FULL_v1,L1_ELIGIBILITY,v2026-08-11,2026-03-21..2026-08-06,baccarat_bet02_101_all_pairs_incl_sentinel,round_win = game_pnl > 0 (decisive only),COMPATIBILITY_ONLY_NOT_PRODUCTION,1641.7757,1476.8053,167.8864,459,458,-0.10225901,,-0.10225901,-0.10225901,-167.8864,1641.7757,OK,0.0000,6.7155,4.0000,96.0000,AG03-UNRESOLVED,ALL5_LEVELS_bet23_to_bet27,6.7155,6.7155,6.7155,6.7155,6.7155,4.000000,4.000000,4.000000,4.000000,4.000000,96.000000,96.000000,96.000000,96.000000,96.000000,5.0,33.5773,30.9964,134.3091,136.8899,PENDING_AG03,FALSE,NOT_FOR_ENFORCEMENT,161.1709,1417.7330,167.8864,161.1709,6.7155,0.10225901,0.09816865,6.7155,161.1709,0.09816865,6.7155,6.7155,6.7155,6.7155,6.7155,161.1709,0.09816865,33.5773,30.9964,134.3091,136.8899,0.08180721,0.0833792,0.00409036,3.5769,3.2245,0.3666,13.9905,0.7114,136.8146,38.1667,,3.5769,2.1082,2.2009,4.2165,6.3247,10.796,14.3714,2.2009,0.0,4.90527,6.529774,1.625179,30,94,13,2,0E-8,0.10225901,,0E-8,0.000000,0.899517,0.000000,,2026-03-25,2026-05-11,12,236,153,48,0.250000,,,0.000000,,,,,,,,GLOBAL_BASELINE_NO_ENTITY_RANKING,,,NOT_APPLICABLE_GLOBAL_BASELINE,HF9g-P5,,,,X 全窗基线 · 不参与实体赏罚,6871173,688,A168_HF9F_20260827_0900,2026-08-27 09:00:00
2026-03-29,146942045,915,0,8.8035918656,-2.3109428647,-2.3109428647,0.3333333,4,4,0.49994810000000000,0.499948100000,-0.5771704854251445,-0.5771704854251445,-0.5771704854251445,0E-17,ELIGIBLE,R03b_20260811_FULL_v1,L1_ELIGIBILITY,v2026-08-11,2026-03-21..2026-08-06,baccarat_bet02_101_all_pairs_incl_sentinel,round_win = game_pnl > 0 (decisive only),COMPATIBILITY_ONLY_NOT_PRODUCTION,1641.7757,1476.8053,167.8864,459,458,-0.10225901,,-0.10225901,-0.10225901,-167.8864,1641.7757,OK,0.0000,6.7155,4.0000,96.0000,AG03-UNRESOLVED,ALL5_LEVELS_bet23_to_bet27,6.7155,6.7155,6.7155,6.7155,6.7155,4.000000,4.000000,4.000000,4.000000,4.000000,96.000000,96.000000,96.000000,96.000000,96.000000,5.0,33.5773,30.9964,134.3091,136.8899,PENDING_AG03,FALSE,NOT_FOR_ENFORCEMENT,161.1709,1417.7330,167.8864,161.1709,6.7155,0.10225901,0.09816865,6.7155,161.1709,0.09816865,6.7155,6.7155,6.7155,6.7155,6.7155,161.1709,0.09816865,33.5773,30.9964,134.3091,136.8899,0.08180721,0.0833792,0.00409036,3.5769,3.2245,0.3666,13.9905,0.7114,136.8146,38.1667,,3.5769,2.1082,2.2009,4.2165,6.3247,10.796,14.3714,2.2009,0.0,4.90527,6.529774,1.625179,30,94,13,2,0E-8,0.10225901,,0E-8,0.000000,0.899517,0.000000,,2026-03-25,2026-05-11,12,236,153,48,0.250000,,,0.000000,,,,,,,,GLOBAL_BASELINE_NO_ENTITY_RANKING,,,NOT_APPLICABLE_GLOBAL_BASELINE,HF9g-P5,,,,X 全窗基线 · 不参与实体赏罚,6871174,688,A168_HF9F_20260827_0900,2026-08-27 09:00:00
2026-03-29,146942045,970,0,4.4017959328,-2.2008979664,-2.2008979664,0E-7,2,2,0.49994810000000000,0.499948100000,-0.9998962053866608,-0.9998962053866608,-0.9998962053866608,0E-17,ELIGIBLE,R03b_20260811_FULL_v1,L1_ELIGIBILITY,v2026-08-11,2026-03-21..2026-08-06,baccarat_bet02_101_all_pairs_incl_sentinel,round_win = game_pnl > 0 (decisive only),COMPATIBILITY_ONLY_NOT_PRODUCTION,1641.7757,1476.8053,167.8864,459,458,-0.10225901,,-0.10225901,-0.10225901,-167.8864,1641.7757,OK,0.0000,6.7155,4.0000,96.0000,AG03-UNRESOLVED,ALL5_LEVELS_bet23_to_bet27,6.7155,6.7155,6.7155,6.7155,6.7155,4.000000,4.000000,4.000000,4.000000,4.000000,96.000000,96.000000,96.000000,96.000000,96.000000,5.0,33.5773,30.9964,134.3091,136.8899,PENDING_AG03,FALSE,NOT_FOR_ENFORCEMENT,161.1709,1417.7330,167.8864,161.1709,6.7155,0.10225901,0.09816865,6.7155,161.1709,0.09816865,6.7155,6.7155,6.7155,6.7155,6.7155,161.1709,0.09816865,33.5773,30.9964,134.3091,136.8899,0.08180721,0.0833792,0.00409036,3.5769,3.2245,0.3666,13.9905,0.7114,136.8146,38.1667,,3.5769,2.1082,2.2009,4.2165,6.3247,10.796,14.3714,2.2009,0.0,4.90527,6.529774,1.625179,30,94,13,2,0E-8,0.10225901,,0E-8,0.000000,0.899517,0.000000,,2026-03-25,2026-05-11,12,236,153,48,0.250000,,,0.000000,,,,,,,,GLOBAL_BASELINE_NO_ENTITY_RANKING,,,NOT_APPLICABLE_GLOBAL_BASELINE,HF9g-P5,,,,X 全窗基线 · 不参与实体赏罚,6871175,688,A168_HF9F_20260827_0900,2026-08-27 09:00:00
2026-04-03,146942045,-1,1,103.3036071935,-9.6978896552,-9.6978896552,0.4615385,48,48,0.50218230000000000,0.502182300000,-0.5076462149645663,-0.5076462149645663,-0.5076462149645663,0E-17,SENTINEL_DEALER,R03b_20260811_FULL_v1,L1_ELIGIBILITY,v2026-08-11,2026-03-21..2026-08-06,baccarat_bet02_101_all_pairs_incl_sentinel,round_win = game_pnl > 0 (decisive only),COMPATIBILITY_ONLY_NOT_PRODUCTION,1641.7757,1476.8053,167.8864,459,458,-0.10225901,,-0.10225901,-0.10225901,-167.8864,1641.7757,OK,0.0000,6.7155,4.0000,96.0000,AG03-UNRESOLVED,ALL5_LEVELS_bet23_to_bet27,6.7155,6.7155,6.7155,6.7155,6.7155,4.000000,4.000000,4.000000,4.000000,4.000000,96.000000,96.000000,96.000000,96.000000,96.000000,5.0,33.5773,30.9964,134.3091,136.8899,PENDING_AG03,FALSE,NOT_FOR_ENFORCEMENT,161.1709,1417.7330,167.8864,161.1709,6.7155,0.10225901,0.09816865,6.7155,161.1709,0.09816865,6.7155,6.7155,6.7155,6.7155,6.7155,161.1709,0.09816865,33.5773,30.9964,134.3091,136.8899,0.08180721,0.0833792,0.00409036,3.5769,3.2245,0.3666,13.9905,0.7114,136.8146,38.1667,,3.5769,2.1082,2.2009,4.2165,6.3247,10.796,14.3714,2.2009,0.0,4.90527,6.529774,1.625179,30,94,13,2,0E-8,0.10225901,,0E-8,0.000000,0.899517,0.000000,,2026-03-25,2026-05-11,12,236,153,48,0.250000,,,0.000000,,,,,,,,GLOBAL_BASELINE_NO_ENTITY_RANKING,,,NOT_APPLICABLE_GLOBAL_BASELINE,HF9g-P5,,,,X 全窗基线 · 不参与实体赏罚,6871176,688,A168_HF9F_20260827_0900,2026-08-27 09:00:00
2026-04-03,146942045,1017,0,8.4329475260,3.9002382307,3.9002382307,0.6666667,3,3,0.50218230000000000,0.502182300000,0.5697959874915163,0.5697959874915164,0.5697959874915163,0E-17,ELIGIBLE,R03b_20260811_FULL_v1,L1_ELIGIBILITY,v2026-08-11,2026-03-21..2026-08-06,baccarat_bet02_101_all_pairs_incl_sentinel,round_win = game_pnl > 0 (decisive only),COMPATIBILITY_ONLY_NOT_PRODUCTION,1641.7757,1476.8053,167.8864,459,458,-0.10225901,,-0.10225901,-0.10225901,-167.8864,1641.7757,OK,0.0000,6.7155,4.0000,96.0000,AG03-UNRESOLVED,ALL5_LEVELS_bet23_to_bet27,6.7155,6.7155,6.7155,6.7155,6.7155,4.000000,4.000000,4.000000,4.000000,4.000000,96.000000,96.000000,96.000000,96.000000,96.000000,5.0,33.5773,30.9964,134.3091,136.8899,PENDING_AG03,FALSE,NOT_FOR_ENFORCEMENT,161.1709,1417.7330,167.8864,161.1709,6.7155,0.10225901,0.09816865,6.7155,161.1709,0.09816865,6.7155,6.7155,6.7155,6.7155,6.7155,161.1709,0.09816865,33.5773,30.9964,134.3091,136.8899,0.08180721,0.0833792,0.00409036,3.5769,3.2245,0.3666,13.9905,0.7114,136.8146,38.1667,,3.5769,2.1082,2.2009,4.2165,6.3247,10.796,14.3714,2.2009,0.0,4.90527,6.529774,1.625179,30,94,13,2,0E-8,0.10225901,,0E-8,0.000000,0.899517,0.000000,,2026-03-25,2026-05-11,12,236,153,48,0.250000,,,0.000000,,,,,,,,GLOBAL_BASELINE_NO_ENTITY_RANKING,,,NOT_APPLICABLE_GLOBAL_BASELINE,HF9g-P5,,,,X 全窗基线 · 不参与实体赏罚,6871177,688,A168_HF9F_20260827_0900,2026-08-27 09:00:00
2026-04-03,146942045,1300,0,4.2164737630,0E-10,0E-10,0.5000000,2,2,0.49994810000000000,0.499948100000,0.00014679536856514622,0.00014679536856514622,0.00014679536856514622,0E-17,ELIGIBLE,R03b_20260811_FULL_v1,L1_ELIGIBILITY,v2026-08-11,2026-03-21..2026-08-06,baccarat_bet02_101_all_pairs_incl_sentinel,round_win = game_pnl > 0 (decisive only),COMPATIBILITY_ONLY_NOT_PRODUCTION,1641.7757,1476.8053,167.8864,459,458,-0.10225901,,-0.10225901,-0.10225901,-167.8864,1641.7757,OK,0.0000,6.7155,4.0000,96.0000,AG03-UNRESOLVED,ALL5_LEVELS_bet23_to_bet27,6.7155,6.7155,6.7155,6.7155,6.7155,4.000000,4.000000,4.000000,4.000000,4.000000,96.000000,96.000000,96.000000,96.000000,96.000000,5.0,33.5773,30.9964,134.3091,136.8899,PENDING_AG03,FALSE,NOT_FOR_ENFORCEMENT,161.1709,1417.7330,167.8864,161.1709,6.7155,0.10225901,0.09816865,6.7155,161.1709,0.09816865,6.7155,6.7155,6.7155,6.7155,6.7155,161.1709,0.09816865,33.5773,30.9964,134.3091,136.8899,0.08180721,0.0833792,0.00409036,3.5769,3.2245,0.3666,13.9905,0.7114,136.8146,38.1667,,3.5769,2.1082,2.2009,4.2165,6.3247,10.796,14.3714,2.2009,0.0,4.90527,6.529774,1.625179,30,94,13,2,0E-8,0.10225901,,0E-8,0.000000,0.899517,0.000000,,2026-03-25,2026-05-11,12,236,153,48,0.250000,,,0.000000,,,,,,,,GLOBAL_BASELINE_NO_ENTITY_RANKING,,,NOT_APPLICABLE_GLOBAL_BASELINE,HF9g-P5,,,,X 全窗基线 · 不参与实体赏罚,6871178,688,A168_HF9F_20260827_0900,2026-08-27 09:00:00
2026-04-03,146942045,1302,0,2.1082368815,2.0028250374,2.0028250374,1.0000000,1,1,0.50665070000000000,0.506650700000,0.9867858985152569,0.9867858985152569,0.9867858985152569,0E-17,ELIGIBLE,R03b_20260811_FULL_v1,L1_ELIGIBILITY,v2026-08-11,2026-03-21..2026-08-06,baccarat_bet02_101_all_pairs_incl_sentinel,round_win = game_pnl > 0 (decisive only),COMPATIBILITY_ONLY_NOT_PRODUCTION,1641.7757,1476.8053,167.8864,459,458,-0.10225901,,-0.10225901,-0.10225901,-167.8864,1641.7757,OK,0.0000,6.7155,4.0000,96.0000,AG03-UNRESOLVED,ALL5_LEVELS_bet23_to_bet27,6.7155,6.7155,6.7155,6.7155,6.7155,4.000000,4.000000,4.000000,4.000000,4.000000,96.000000,96.000000,96.000000,96.000000,96.000000,5.0,33.5773,30.9964,134.3091,136.8899,PENDING_AG03,FALSE,NOT_FOR_ENFORCEMENT,161.1709,1417.7330,167.8864,161.1709,6.7155,0.10225901,0.09816865,6.7155,161.1709,0.09816865,6.7155,6.7155,6.7155,6.7155,6.7155,161.1709,0.09816865,33.5773,30.9964,134.3091,136.8899,0.08180721,0.0833792,0.00409036,3.5769,3.2245,0.3666,13.9905,0.7114,136.8146,38.1667,,3.5769,2.1082,2.2009,4.2165,6.3247,10.796,14.3714,2.2009,0.0,4.90527,6.529774,1.625179,30,94,13,2,0E-8,0.10225901,,0E-8,0.000000,0.899517,0.000000,,2026-03-25,2026-05-11,12,236,153,48,0.250000,,,0.000000,,,,,,,,GLOBAL_BASELINE_NO_ENTITY_RANKING,,,NOT_APPLICABLE_GLOBAL_BASELINE,HF9g-P5,,,,X 全窗基线 · 不参与实体赏罚,6871179,688,A168_HF9F_20260827_0900,2026-08-27 09:00:00
2026-04-03,146942045,1304,0,6.3247106445,1.8974131933,1.8974131933,0.5000000,2,2,0.50665070000000000,0.506650700000,-0.018812684590367487,-0.018812684590367487,-0.018812684590367487,0E-17,ELIGIBLE,R03b_20260811_FULL_v1,L1_ELIGIBILITY,v2026-08-11,2026-03-21..2026-08-06,baccarat_bet02_101_all_pairs_incl_sentinel,round_win = game_pnl > 0 (decisive only),COMPATIBILITY_ONLY_NOT_PRODUCTION,1641.7757,1476.8053,167.8864,459,458,-0.10225901,,-0.10225901,-0.10225901,-167.8864,1641.7757,OK,0.0000,6.7155,4.0000,96.0000,AG03-UNRESOLVED,ALL5_LEVELS_bet23_to_bet27,6.7155,6.7155,6.7155,6.7155,6.7155,4.000000,4.000000,4.000000,4.000000,4.000000,96.000000,96.000000,96.000000,96.000000,96.000000,5.0,33.5773,30.9964,134.3091,136.8899,PENDING_AG03,FALSE,NOT_FOR_ENFORCEMENT,161.1709,1417.7330,167.8864,161.1709,6.7155,0.10225901,0.09816865,6.7155,161.1709,0.09816865,6.7155,6.7155,6.7155,6.7155,6.7155,161.1709,0.09816865,33.5773,30.9964,134.3091,136.8899,0.08180721,0.0833792,0.00409036,3.5769,3.2245,0.3666,13.9905,0.7114,136.8146,38.1667,,3.5769,2.1082,2.2009,4.2165,6.3247,10.796,14.3714,2.2009,0.0,4.90527,6.529774,1.625179,30,94,13,2,0E-8,0.10225901,,0E-8,0.000000,0.899517,0.000000,,2026-03-25,2026-05-11,12,236,153,48,0.250000,,,0.000000,,,,,,,,GLOBAL_BASELINE_NO_ENTITY_RANKING,,,NOT_APPLICABLE_GLOBAL_BASELINE,HF9g-P5,,,,X 全窗基线 · 不参与实体赏罚,6871180,688,A168_HF9F_20260827_0900,2026-08-27 09:00:00
2026-04-03,146942045,1363,0,8.4329475260,-8.4329475260,-8.4329475260,0E-7,3,3,0.50665070000000000,0.506650700000,-1.7552447903592512,-1.7552447903592512,-1.7552447903592512,0E-17,ELIGIBLE,R03b_20260811_FULL_v1,L1_ELIGIBILITY,v2026-08-11,2026-03-21..2026-08-06,baccarat_bet02_101_all_pairs_incl_sentinel,round_win = game_pnl > 0 (decisive only),COMPATIBILITY_ONLY_NOT_PRODUCTION,1641.7757,1476.8053,167.8864,459,458,-0.10225901,,-0.10225901,-0.10225901,-167.8864,1641.7757,OK,0.0000,6.7155,4.0000,96.0000,AG03-UNRESOLVED,ALL5_LEVELS_bet23_to_bet27,6.7155,6.7155,6.7155,6.7155,6.7155,4.000000,4.000000,4.000000,4.000000,4.000000,96.000000,96.000000,96.000000,96.000000,96.000000,5.0,33.5773,30.9964,134.3091,136.8899,PENDING_AG03,FALSE,NOT_FOR_ENFORCEMENT,161.1709,1417.7330,167.8864,161.1709,6.7155,0.10225901,0.09816865,6.7155,161.1709,0.09816865,6.7155,6.7155,6.7155,6.7155,6.7155,161.1709,0.09816865,33.5773,30.9964,134.3091,136.8899,0.08180721,0.0833792,0.00409036,3.5769,3.2245,0.3666,13.9905,0.7114,136.8146,38.1667,,3.5769,2.1082,2.2009,4.2165,6.3247,10.796,14.3714,2.2009,0.0,4.90527,6.529774,1.625179,30,94,13,2,0E-8,0.10225901,,0E-8,0.000000,0.899517,0.000000,,2026-03-25,2026-05-11,12,236,153,48,0.250000,,,0.000000,,,,,,,,GLOBAL_BASELINE_NO_ENTITY_RANKING,,,NOT_APPLICABLE_GLOBAL_BASELINE,HF9g-P5,,,,X 全窗基线 · 不参与实体赏罚,6871181,688,A168_HF9F_20260827_0900,2026-08-27 09:00:00
2026-04-03,146942045,1401,0,58.8198089938,17.1926717683,17.1926717683,0.6190476,23,22,0.50218230000000000,0.502080745455,1.071098543421065,1.072028386818542,1.071098543421065,0.00010155454500000,ELIGIBLE,R03b_20260811_FULL_v1,L1_ELIGIBILITY,v2026-08-11,2026-03-21..2026-08-06,baccarat_bet02_101_all_pairs_incl_sentinel,round_win = game_pnl > 0 (decisive only),COMPATIBILITY_ONLY_NOT_PRODUCTION,1641.7757,1476.8053,167.8864,459,458,-0.10225901,,-0.10225901,-0.10225901,-167.8864,1641.7757,OK,0.0000,6.7155,4.0000,96.0000,AG03-UNRESOLVED,ALL5_LEVELS_bet23_to_bet27,6.7155,6.7155,6.7155,6.7155,6.7155,4.000000,4.000000,4.000000,4.000000,4.000000,96.000000,96.000000,96.000000,96.000000,96.000000,5.0,33.5773,30.9964,134.3091,136.8899,PENDING_AG03,FALSE,NOT_FOR_ENFORCEMENT,161.1709,1417.7330,167.8864,161.1709,6.7155,0.10225901,0.09816865,6.7155,161.1709,0.09816865,6.7155,6.7155,6.7155,6.7155,6.7155,161.1709,0.09816865,33.5773,30.9964,134.3091,136.8899,0.08180721,0.0833792,0.00409036,3.5769,3.2245,0.3666,13.9905,0.7114,136.8146,38.1667,,3.5769,2.1082,2.2009,4.2165,6.3247,10.796,14.3714,2.2009,0.0,4.90527,6.529774,1.625179,30,94,13,2,0E-8,0.10225901,,0E-8,0.000000,0.899517,0.000000,,2026-03-25,2026-05-11,12,236,153,48,0.250000,,,0.000000,,,,,,,,GLOBAL_BASELINE_NO_ENTITY_RANKING,,,NOT_APPLICABLE_GLOBAL_BASELINE,HF9g-P5,,,,X 全窗基线 · 不参与实体赏罚,6871182,688,A168_HF9F_20260827_0900,2026-08-27 09:00:00
2026-04-03,146942045,1702,0,15.1793055468,-2.0239074063,-2.0239074063,0.4000000,5,5,0.50665070000000000,0.506650700000,-0.4769986289884125,-0.4769986289884125,-0.4769986289884125,0E-17,ELIGIBLE,R03b_20260811_FULL_v1,L1_ELIGIBILITY,v2026-08-11,2026-03-21..2026-08-06,baccarat_bet02_101_all_pairs_incl_sentinel,round_win = game_pnl > 0 (decisive only),COMPATIBILITY_ONLY_NOT_PRODUCTION,1641.7757,1476.8053,167.8864,459,458,-0.10225901,,-0.10225901,-0.10225901,-167.8864,1641.7757,OK,0.0000,6.7155,4.0000,96.0000,AG03-UNRESOLVED,ALL5_LEVELS_bet23_to_bet27,6.7155,6.7155,6.7155,6.7155,6.7155,4.000000,4.000000,4.000000,4.000000,4.000000,96.000000,96.000000,96.000000,96.000000,96.000000,5.0,33.5773,30.9964,134.3091,136.8899,PENDING_AG03,FALSE,NOT_FOR_ENFORCEMENT,161.1709,1417.7330,167.8864,161.1709,6.7155,0.10225901,0.09816865,6.7155,161.1709,0.09816865,6.7155,6.7155,6.7155,6.7155,6.7155,161.1709,0.09816865,33.5773,30.9964,134.3091,136.8899,0.08180721,0.0833792,0.00409036,3.5769,3.2245,0.3666,13.9905,0.7114,136.8146,38.1667,,3.5769,2.1082,2.2009,4.2165,6.3247,10.796,14.3714,2.2009,0.0,4.90527,6.529774,1.625179,30,94,13,2,0E-8,0.10225901,,0E-8,0.000000,0.899517,0.000000,,2026-03-25,2026-05-11,12,236,153,48,0.250000,,,0.000000,,,,,,,,GLOBAL_BASELINE_NO_ENTITY_RANKING,,,NOT_APPLICABLE_GLOBAL_BASELINE,HF9g-P5,,,,X 全窗基线 · 不参与实体赏罚,6871183,688,A168_HF9F_20260827_0900,2026-08-27 09:00:00
2026-04-03,146942045,1714,0,4.2164737630,0E-10,0E-10,,2,2,0.49994810000000000,0.499948100000,,,,0E-17,NO_DECISIVE_ROUND,R03b_20260811_FULL_v1,L1_ELIGIBILITY,v2026-08-11,2026-03-21..2026-08-06,baccarat_bet02_101_all_pairs_incl_sentinel,round_win = game_pnl > 0 (decisive only),COMPATIBILITY_ONLY_NOT_PRODUCTION,1641.7757,1476.8053,167.8864,459,458,-0.10225901,,-0.10225901,-0.10225901,-167.8864,1641.7757,OK,0.0000,6.7155,4.0000,96.0000,AG03-UNRESOLVED,ALL5_LEVELS_bet23_to_bet27,6.7155,6.7155,6.7155,6.7155,6.7155,4.000000,4.000000,4.000000,4.000000,4.000000,96.000000,96.000000,96.000000,96.000000,96.000000,5.0,33.5773,30.9964,134.3091,136.8899,PENDING_AG03,FALSE,NOT_FOR_ENFORCEMENT,161.1709,1417.7330,167.8864,161.1709,6.7155,0.10225901,0.09816865,6.7155,161.1709,0.09816865,6.7155,6.7155,6.7155,6.7155,6.7155,161.1709,0.09816865,33.5773,30.9964,134.3091,136.8899,0.08180721,0.0833792,0.00409036,3.5769,3.2245,0.3666,13.9905,0.7114,136.8146,38.1667,,3.5769,2.1082,2.2009,4.2165,6.3247,10.796,14.3714,2.2009,0.0,4.90527,6.529774,1.625179,30,94,13,2,0E-8,0.10225901,,0E-8,0.000000,0.899517,0.000000,,2026-03-25,2026-05-11,12,236,153,48,0.250000,,,0.000000,,,,,,,,GLOBAL_BASELINE_NO_ENTITY_RANKING,,,NOT_APPLICABLE_GLOBAL_BASELINE,HF9g-P5,,,,X 全窗基线 · 不参与实体赏罚,6871184,688,A168_HF9F_20260827_0900,2026-08-27 09:00:00
2026-04-03,146942045,1750,0,6.3247106445,-6.3247106445,-6.3247106445,0E-7,2,2,0.49994810000000000,0.499948100000,-1.4140667746232096,-1.4140667746232096,-1.4140667746232096,0E-17,ELIGIBLE,R03b_20260811_FULL_v1,L1_ELIGIBILITY,v2026-08-11,2026-03-21..2026-08-06,baccarat_bet02_101_all_pairs_incl_sentinel,round_win = game_pnl > 0 (decisive only),COMPATIBILITY_ONLY_NOT_PRODUCTION,1641.7757,1476.8053,167.8864,459,458,-0.10225901,,-0.10225901,-0.10225901,-167.8864,1641.7757,OK,0.0000,6.7155,4.0000,96.0000,AG03-UNRESOLVED,ALL5_LEVELS_bet23_to_bet27,6.7155,6.7155,6.7155,6.7155,6.7155,4.000000,4.000000,4.000000,4.000000,4.000000,96.000000,96.000000,96.000000,96.000000,96.000000,5.0,33.5773,30.9964,134.3091,136.8899,PENDING_AG03,FALSE,NOT_FOR_ENFORCEMENT,161.1709,1417.7330,167.8864,161.1709,6.7155,0.10225901,0.09816865,6.7155,161.1709,0.09816865,6.7155,6.7155,6.7155,6.7155,6.7155,161.1709,0.09816865,33.5773,30.9964,134.3091,136.8899,0.08180721,0.0833792,0.00409036,3.5769,3.2245,0.3666,13.9905,0.7114,136.8146,38.1667,,3.5769,2.1082,2.2009,4.2165,6.3247,10.796,14.3714,2.2009,0.0,4.90527,6.529774,1.625179,30,94,13,2,0E-8,0.10225901,,0E-8,0.000000,0.899517,0.000000,,2026-03-25,2026-05-11,12,236,153,48,0.250000,,,0.000000,,,,,,,,GLOBAL_BASELINE_NO_ENTITY_RANKING,,,NOT_APPLICABLE_GLOBAL_BASELINE,HF9g-P5,,,,X 全窗基线 · 不参与实体赏罚,6871185,688,A168_HF9F_20260827_0900,2026-08-27 09:00:00
2026-04-03,146942045,1935,0,6.3247106445,1.8974131933,1.8974131933,0.5000000,2,2,0.50665070000000000,0.506650700000,-0.018812684590367487,-0.018812684590367487,-0.018812684590367487,0E-17,ELIGIBLE,R03b_20260811_FULL_v1,L1_ELIGIBILITY,v2026-08-11,2026-03-21..2026-08-06,baccarat_bet02_101_all_pairs_incl_sentinel,round_win = game_pnl > 0 (decisive only),COMPATIBILITY_ONLY_NOT_PRODUCTION,1641.7757,1476.8053,167.8864,459,458,-0.10225901,,-0.10225901,-0.10225901,-167.8864,1641.7757,OK,0.0000,6.7155,4.0000,96.0000,AG03-UNRESOLVED,ALL5_LEVELS_bet23_to_bet27,6.7155,6.7155,6.7155,6.7155,6.7155,4.000000,4.000000,4.000000,4.000000,4.000000,96.000000,96.000000,96.000000,96.000000,96.000000,5.0,33.5773,30.9964,134.3091,136.8899,PENDING_AG03,FALSE,NOT_FOR_ENFORCEMENT,161.1709,1417.7330,167.8864,161.1709,6.7155,0.10225901,0.09816865,6.7155,161.1709,0.09816865,6.7155,6.7155,6.7155,6.7155,6.7155,161.1709,0.09816865,33.5773,30.9964,134.3091,136.8899,0.08180721,0.0833792,0.00409036,3.5769,3.2245,0.3666,13.9905,0.7114,136.8146,38.1667,,3.5769,2.1082,2.2009,4.2165,6.3247,10.796,14.3714,2.2009,0.0,4.90527,6.529774,1.625179,30,94,13,2,0E-8,0.10225901,,0E-8,0.000000,0.899517,0.000000,,2026-03-25,2026-05-11,12,236,153,48,0.250000,,,0.000000,,,,,,,,GLOBAL_BASELINE_NO_ENTITY_RANKING,,,NOT_APPLICABLE_GLOBAL_BASELINE,HF9g-P5,,,,X 全窗基线 · 不参与实体赏罚,6871186,688,A168_HF9F_20260827_0900,2026-08-27 09:00:00
2026-04-03,146942045,2115,0,2.1082368815,2.0028250374,2.0028250374,1.0000000,1,1,0.50665070000000000,0.506650700000,0.9867858985152569,0.9867858985152569,0.9867858985152569,0E-17,ELIGIBLE,R03b_20260811_FULL_v1,L1_ELIGIBILITY,v2026-08-11,2026-03-21..2026-08-06,baccarat_bet02_101_all_pairs_incl_sentinel,round_win = game_pnl > 0 (decisive only),COMPATIBILITY_ONLY_NOT_PRODUCTION,1641.7757,1476.8053,167.8864,459,458,-0.10225901,,-0.10225901,-0.10225901,-167.8864,1641.7757,OK,0.0000,6.7155,4.0000,96.0000,AG03-UNRESOLVED,ALL5_LEVELS_bet23_to_bet27,6.7155,6.7155,6.7155,6.7155,6.7155,4.000000,4.000000,4.000000,4.000000,4.000000,96.000000,96.000000,96.000000,96.000000,96.000000,5.0,33.5773,30.9964,134.3091,136.8899,PENDING_AG03,FALSE,NOT_FOR_ENFORCEMENT,161.1709,1417.7330,167.8864,161.1709,6.7155,0.10225901,0.09816865,6.7155,161.1709,0.09816865,6.7155,6.7155,6.7155,6.7155,6.7155,161.1709,0.09816865,33.5773,30.9964,134.3091,136.8899,0.08180721,0.0833792,0.00409036,3.5769,3.2245,0.3666,13.9905,0.7114,136.8146,38.1667,,3.5769,2.1082,2.2009,4.2165,6.3247,10.796,14.3714,2.2009,0.0,4.90527,6.529774,1.625179,30,94,13,2,0E-8,0.10225901,,0E-8,0.000000,0.899517,0.000000,,2026-03-25,2026-05-11,12,236,153,48,0.250000,,,0.000000,,,,,,,,GLOBAL_BASELINE_NO_ENTITY_RANKING,,,NOT_APPLICABLE_GLOBAL_BASELINE,HF9g-P5,,,,X 全窗基线 · 不参与实体赏罚,6871187,688,A168_HF9F_20260827_0900,2026-08-27 09:00:00
2026-04-03,146942045,2123,0,21.5040161913,-0.5270592204,-0.5270592204,0.5714286,8,8,0.49827245000000000,0.498272450000,0.3871081189643771,0.3871081189643771,0.3871081189643771,0E-17,ELIGIBLE,R03b_20260811_FULL_v1,L1_ELIGIBILITY,v2026-08-11,2026-03-21..2026-08-06,baccarat_bet02_101_all_pairs_incl_sentinel,round_win = game_pnl > 0 (decisive only),COMPATIBILITY_ONLY_NOT_PRODUCTION,1641.7757,1476.8053,167.8864,459,458,-0.10225901,,-0.10225901,-0.10225901,-167.8864,1641.7757,OK,0.0000,6.7155,4.0000,96.0000,AG03-UNRESOLVED,ALL5_LEVELS_bet23_to_bet27,6.7155,6.7155,6.7155,6.7155,6.7155,4.000000,4.000000,4.000000,4.000000,4.000000,96.000000,96.000000,96.000000,96.000000,96.000000,5.0,33.5773,30.9964,134.3091,136.8899,PENDING_AG03,FALSE,NOT_FOR_ENFORCEMENT,161.1709,1417.7330,167.8864,161.1709,6.7155,0.10225901,0.09816865,6.7155,161.1709,0.09816865,6.7155,6.7155,6.7155,6.7155,6.7155,161.1709,0.09816865,33.5773,30.9964,134.3091,136.8899,0.08180721,0.0833792,0.00409036,3.5769,3.2245,0.3666,13.9905,0.7114,136.8146,38.1667,,3.5769,2.1082,2.2009,4.2165,6.3247,10.796,14.3714,2.2009,0.0,4.90527,6.529774,1.625179,30,94,13,2,0E-8,0.10225901,,0E-8,0.000000,0.899517,0.000000,,2026-03-25,2026-05-11,12,236,153,48,0.250000,,,0.000000,,,,,,,,GLOBAL_BASELINE_NO_ENTITY_RANKING,,,NOT_APPLICABLE_GLOBAL_BASELINE,HF9g-P5,,,,X 全窗基线 · 不参与实体赏罚,6871188,688,A168_HF9F_20260827_0900,2026-08-27 09:00:00
2026-04-03,146942045,2127,0,4.2164737630,-0.1054118441,-0.1054118441,0.5000000,2,2,0.49994810000000000,0.499948100000,0.00014679536856514622,0.00014679536856514622,0.00014679536856514622,0E-17,ELIGIBLE,R03b_20260811_FULL_v1,L1_ELIGIBILITY,v2026-08-11,2026-03-21..2026-08-06,baccarat_bet02_101_all_pairs_incl_sentinel,round_win = game_pnl > 0 (decisive only),COMPATIBILITY_ONLY_NOT_PRODUCTION,1641.7757,1476.8053,167.8864,459,458,-0.10225901,,-0.10225901,-0.10225901,-167.8864,1641.7757,OK,0.0000,6.7155,4.0000,96.0000,AG03-UNRESOLVED,ALL5_LEVELS_bet23_to_bet27,6.7155,6.7155,6.7155,6.7155,6.7155,4.000000,4.000000,4.000000,4.000000,4.000000,96.000000,96.000000,96.000000,96.000000,96.000000,5.0,33.5773,30.9964,134.3091,136.8899,PENDING_AG03,FALSE,NOT_FOR_ENFORCEMENT,161.1709,1417.7330,167.8864,161.1709,6.7155,0.10225901,0.09816865,6.7155,161.1709,0.09816865,6.7155,6.7155,6.7155,6.7155,6.7155,161.1709,0.09816865,33.5773,30.9964,134.3091,136.8899,0.08180721,0.0833792,0.00409036,3.5769,3.2245,0.3666,13.9905,0.7114,136.8146,38.1667,,3.5769,2.1082,2.2009,4.2165,6.3247,10.796,14.3714,2.2009,0.0,4.90527,6.529774,1.625179,30,94,13,2,0E-8,0.10225901,,0E-8,0.000000,0.899517,0.000000,,2026-03-25,2026-05-11,12,236,153,48,0.250000,,,0.000000,,,,,,,,GLOBAL_BASELINE_NO_ENTITY_RANKING,,,NOT_APPLICABLE_GLOBAL_BASELINE,HF9g-P5,,,,X 全窗基线 · 不参与实体赏罚,6871189,688,A168_HF9F_20260827_0900,2026-08-27 09:00:00
2026-04-03,146942045,2130,0,14.7576581705,-4.2164737630,-4.2164737630,0.2000000,6,6,0.49994810000000000,0.499948100000,-1.341408689870273,-1.341408689870273,-1.341408689870273,0E-17,ELIGIBLE,R03b_20260811_FULL_v1,L1_ELIGIBILITY,v2026-08-11,2026-03-21..2026-08-06,baccarat_bet02_101_all_pairs_incl_sentinel,round_win = game_pnl > 0 (decisive only),COMPATIBILITY_ONLY_NOT_PRODUCTION,1641.7757,1476.8053,167.8864,459,458,-0.10225901,,-0.10225901,-0.10225901,-167.8864,1641.7757,OK,0.0000,6.7155,4.0000,96.0000,AG03-UNRESOLVED,ALL5_LEVELS_bet23_to_bet27,6.7155,6.7155,6.7155,6.7155,6.7155,4.000000,4.000000,4.000000,4.000000,4.000000,96.000000,96.000000,96.000000,96.000000,96.000000,5.0,33.5773,30.9964,134.3091,136.8899,PENDING_AG03,FALSE,NOT_FOR_ENFORCEMENT,161.1709,1417.7330,167.8864,161.1709,6.7155,0.10225901,0.09816865,6.7155,161.1709,0.09816865,6.7155,6.7155,6.7155,6.7155,6.7155,161.1709,0.09816865,33.5773,30.9964,134.3091,136.8899,0.08180721,0.0833792,0.00409036,3.5769,3.2245,0.3666,13.9905,0.7114,136.8146,38.1667,,3.5769,2.1082,2.2009,4.2165,6.3247,10.796,14.3714,2.2009,0.0,4.90527,6.529774,1.625179,30,94,13,2,0E-8,0.10225901,,0E-8,0.000000,0.899517,0.000000,,2026-03-25,2026-05-11,12,236,153,48,0.250000,,,0.000000,,,,,,,,GLOBAL_BASELINE_NO_ENTITY_RANKING,,,NOT_APPLICABLE_GLOBAL_BASELINE,HF9g-P5,,,,X 全窗基线 · 不参与实体赏罚,6871190,688,A168_HF9F_20260827_0900,2026-08-27 09:00:00
2026-04-03,146942045,2147,0,2.1082368815,-2.1082368815,-2.1082368815,0E-7,1,1,0.49324550000000000,0.493245500000,-0.9865810262130424,-0.9865810262130424,-0.9865810262130424,0E-17,ELIGIBLE,R03b_20260811_FULL_v1,L1_ELIGIBILITY,v2026-08-11,2026-03-21..2026-08-06,baccarat_bet02_101_all_pairs_incl_sentinel,round_win = game_pnl > 0 (decisive only),COMPATIBILITY_ONLY_NOT_PRODUCTION,1641.7757,1476.8053,167.8864,459,458,-0.10225901,,-0.10225901,-0.10225901,-167.8864,1641.7757,OK,0.0000,6.7155,4.0000,96.0000,AG03-UNRESOLVED,ALL5_LEVELS_bet23_to_bet27,6.7155,6.7155,6.7155,6.7155,6.7155,4.000000,4.000000,4.000000,4.000000,4.000000,96.000000,96.000000,96.000000,96.000000,96.000000,5.0,33.5773,30.9964,134.3091,136.8899,PENDING_AG03,FALSE,NOT_FOR_ENFORCEMENT,161.1709,1417.7330,167.8864,161.1709,6.7155,0.10225901,0.09816865,6.7155,161.1709,0.09816865,6.7155,6.7155,6.7155,6.7155,6.7155,161.1709,0.09816865,33.5773,30.9964,134.3091,136.8899,0.08180721,0.0833792,0.00409036,3.5769,3.2245,0.3666,13.9905,0.7114,136.8146,38.1667,,3.5769,2.1082,2.2009,4.2165,6.3247,10.796,14.3714,2.2009,0.0,4.90527,6.529774,1.625179,30,94,13,2,0E-8,0.10225901,,0E-8,0.000000,0.899517,0.000000,,2026-03-25,2026-05-11,12,236,153,48,0.250000,,,0.000000,,,,,,,,GLOBAL_BASELINE_NO_ENTITY_RANKING,,,NOT_APPLICABLE_GLOBAL_BASELINE,HF9g-P5,,,,X 全窗基线 · 不参与实体赏罚,6871191,688,A168_HF9F_20260827_0900,2026-08-27 09:00:00
2026-04-03,146942045,2156,0,2.1082368815,-2.1082368815,-2.1082368815,0E-7,1,1,0.50665070000000000,0.506650700000,-1.013391052207602,-1.013391052207602,-1.013391052207602,0E-17,ELIGIBLE,R03b_20260811_FULL_v1,L1_ELIGIBILITY,v2026-08-11,2026-03-21..2026-08-06,baccarat_bet02_101_all_pairs_incl_sentinel,round_win = game_pnl > 0 (decisive only),COMPATIBILITY_ONLY_NOT_PRODUCTION,1641.7757,1476.8053,167.8864,459,458,-0.10225901,,-0.10225901,-0.10225901,-167.8864,1641.7757,OK,0.0000,6.7155,4.0000,96.0000,AG03-UNRESOLVED,ALL5_LEVELS_bet23_to_bet27,6.7155,6.7155,6.7155,6.7155,6.7155,4.000000,4.000000,4.000000,4.000000,4.000000,96.000000,96.000000,96.000000,96.000000,96.000000,5.0,33.5773,30.9964,134.3091,136.8899,PENDING_AG03,FALSE,NOT_FOR_ENFORCEMENT,161.1709,1417.7330,167.8864,161.1709,6.7155,0.10225901,0.09816865,6.7155,161.1709,0.09816865,6.7155,6.7155,6.7155,6.7155,6.7155,161.1709,0.09816865,33.5773,30.9964,134.3091,136.8899,0.08180721,0.0833792,0.00409036,3.5769,3.2245,0.3666,13.9905,0.7114,136.8146,38.1667,,3.5769,2.1082,2.2009,4.2165,6.3247,10.796,14.3714,2.2009,0.0,4.90527,6.529774,1.625179,30,94,13,2,0E-8,0.10225901,,0E-8,0.000000,0.899517,0.000000,,2026-03-25,2026-05-11,12,236,153,48,0.250000,,,0.000000,,,,,,,,GLOBAL_BASELINE_NO_ENTITY_RANKING,,,NOT_APPLICABLE_GLOBAL_BASELINE,HF9g-P5,,,,X 全窗基线 · 不参与实体赏罚,6871192,688,A168_HF9F_20260827_0900,2026-08-27 09:00:00
2026-04-03,146942045,2170,0,10.9628317838,-10.9628317838,-10.9628317838,0E-7,4,4,0.50329940000000000,0.503299400000,-2.013241432932159,-2.013241432932159,-2.013241432932159,0E-17,ELIGIBLE,R03b_20260811_FULL_v1,L1_ELIGIBILITY,v2026-08-11,2026-03-21..2026-08-06,baccarat_bet02_101_all_pairs_incl_sentinel,round_win = game_pnl > 0 (decisive only),COMPATIBILITY_ONLY_NOT_PRODUCTION,1641.7757,1476.8053,167.8864,459,458,-0.10225901,,-0.10225901,-0.10225901,-167.8864,1641.7757,OK,0.0000,6.7155,4.0000,96.0000,AG03-UNRESOLVED,ALL5_LEVELS_bet23_to_bet27,6.7155,6.7155,6.7155,6.7155,6.7155,4.000000,4.000000,4.000000,4.000000,4.000000,96.000000,96.000000,96.000000,96.000000,96.000000,5.0,33.5773,30.9964,134.3091,136.8899,PENDING_AG03,FALSE,NOT_FOR_ENFORCEMENT,161.1709,1417.7330,167.8864,161.1709,6.7155,0.10225901,0.09816865,6.7155,161.1709,0.09816865,6.7155,6.7155,6.7155,6.7155,6.7155,161.1709,0.09816865,33.5773,30.9964,134.3091,136.8899,0.08180721,0.0833792,0.00409036,3.5769,3.2245,0.3666,13.9905,0.7114,136.8146,38.1667,,3.5769,2.1082,2.2009,4.2165,6.3247,10.796,14.3714,2.2009,0.0,4.90527,6.529774,1.625179,30,94,13,2,0E-8,0.10225901,,0E-8,0.000000,0.899517,0.000000,,2026-03-25,2026-05-11,12,236,153,48,0.250000,,,0.000000,,,,,,,,GLOBAL_BASELINE_NO_ENTITY_RANKING,,,NOT_APPLICABLE_GLOBAL_BASELINE,HF9g-P5,,,,X 全窗基线 · 不参与实体赏罚,6871193,688,A168_HF9F_20260827_0900,2026-08-27 09:00:00
2026-04-03,146942045,2171,0,6.3247106445,-2.1082368815,-2.1082368815,0.3333333,3,3,0.50218230000000000,0.502182300000,-0.5849155494134425,-0.5849155494134426,-0.5849155494134425,0E-17,ELIGIBLE,R03b_20260811_FULL_v1,L1_ELIGIBILITY,v2026-08-11,2026-03-21..2026-08-06,baccarat_bet02_101_all_pairs_incl_sentinel,round_win = game_pnl > 0 (decisive only),COMPATIBILITY_ONLY_NOT_PRODUCTION,1641.7757,1476.8053,167.8864,459,458,-0.10225901,,-0.10225901,-0.10225901,-167.8864,1641.7757,OK,0.0000,6.7155,4.0000,96.0000,AG03-UNRESOLVED,ALL5_LEVELS_bet23_to_bet27,6.7155,6.7155,6.7155,6.7155,6.7155,4.000000,4.000000,4.000000,4.000000,4.000000,96.000000,96.000000,96.000000,96.000000,96.000000,5.0,33.5773,30.9964,134.3091,136.8899,PENDING_AG03,FALSE,NOT_FOR_ENFORCEMENT,161.1709,1417.7330,167.8864,161.1709,6.7155,0.10225901,0.09816865,6.7155,161.1709,0.09816865,6.7155,6.7155,6.7155,6.7155,6.7155,161.1709,0.09816865,33.5773,30.9964,134.3091,136.8899,0.08180721,0.0833792,0.00409036,3.5769,3.2245,0.3666,13.9905,0.7114,136.8146,38.1667,,3.5769,2.1082,2.2009,4.2165,6.3247,10.796,14.3714,2.2009,0.0,4.90527,6.529774,1.625179,30,94,13,2,0E-8,0.10225901,,0E-8,0.000000,0.899517,0.000000,,2026-03-25,2026-05-11,12,236,153,48,0.250000,,,0.000000,,,,,,,,GLOBAL_BASELINE_NO_ENTITY_RANKING,,,NOT_APPLICABLE_GLOBAL_BASELINE,HF9g-P5,,,,X 全窗基线 · 不参与实体赏罚,6871194,688,A168_HF9F_20260827_0900,2026-08-27 09:00:00
2026-04-03,146942045,2175,0,6.3247106445,6.2192988004,6.2192988004,1.0000000,2,2,0.49994810000000000,0.499948100000,1.4143603653603398,1.4143603653603398,1.4143603653603398,0E-17,ELIGIBLE,R03b_20260811_FULL_v1,L1_ELIGIBILITY,v2026-08-11,2026-03-21..2026-08-06,baccarat_bet02_101_all_pairs_incl_sentinel,round_win = game_pnl > 0 (decisive only),COMPATIBILITY_ONLY_NOT_PRODUCTION,1641.7757,1476.8053,167.8864,459,458,-0.10225901,,-0.10225901,-0.10225901,-167.8864,1641.7757,OK,0.0000,6.7155,4.0000,96.0000,AG03-UNRESOLVED,ALL5_LEVELS_bet23_to_bet27,6.7155,6.7155,6.7155,6.7155,6.7155,4.000000,4.000000,4.000000,4.000000,4.000000,96.000000,96.000000,96.000000,96.000000,96.000000,5.0,33.5773,30.9964,134.3091,136.8899,PENDING_AG03,FALSE,NOT_FOR_ENFORCEMENT,161.1709,1417.7330,167.8864,161.1709,6.7155,0.10225901,0.09816865,6.7155,161.1709,0.09816865,6.7155,6.7155,6.7155,6.7155,6.7155,161.1709,0.09816865,33.5773,30.9964,134.3091,136.8899,0.08180721,0.0833792,0.00409036,3.5769,3.2245,0.3666,13.9905,0.7114,136.8146,38.1667,,3.5769,2.1082,2.2009,4.2165,6.3247,10.796,14.3714,2.2009,0.0,4.90527,6.529774,1.625179,30,94,13,2,0E-8,0.10225901,,0E-8,0.000000,0.899517,0.000000,,2026-03-25,2026-05-11,12,236,153,48,0.250000,,,0.000000,,,,,,,,GLOBAL_BASELINE_NO_ENTITY_RANKING,,,NOT_APPLICABLE_GLOBAL_BASELINE,HF9g-P5,,,,X 全窗基线 · 不参与实体赏罚,6871195,688,A168_HF9F_20260827_0900,2026-08-27 09:00:00
2026-04-03,146942045,2188,0,2.1082368815,2.1082368815,2.1082368815,1.0000000,1,1,0.49324550000000000,0.493245500000,1.01360149184955,1.01360149184955,1.01360149184955,0E-17,ELIGIBLE,R03b_20260811_FULL_v1,L1_ELIGIBILITY,v2026-08-11,2026-03-21..2026-08-06,baccarat_bet02_101_all_pairs_incl_sentinel,round_win = game_pnl > 0 (decisive only),COMPATIBILITY_ONLY_NOT_PRODUCTION,1641.7757,1476.8053,167.8864,459,458,-0.10225901,,-0.10225901,-0.10225901,-167.8864,1641.7757,OK,0.0000,6.7155,4.0000,96.0000,AG03-UNRESOLVED,ALL5_LEVELS_bet23_to_bet27,6.7155,6.7155,6.7155,6.7155,6.7155,4.000000,4.000000,4.000000,4.000000,4.000000,96.000000,96.000000,96.000000,96.000000,96.000000,5.0,33.5773,30.9964,134.3091,136.8899,PENDING_AG03,FALSE,NOT_FOR_ENFORCEMENT,161.1709,1417.7330,167.8864,161.1709,6.7155,0.10225901,0.09816865,6.7155,161.1709,0.09816865,6.7155,6.7155,6.7155,6.7155,6.7155,161.1709,0.09816865,33.5773,30.9964,134.3091,136.8899,0.08180721,0.0833792,0.00409036,3.5769,3.2245,0.3666,13.9905,0.7114,136.8146,38.1667,,3.5769,2.1082,2.2009,4.2165,6.3247,10.796,14.3714,2.2009,0.0,4.90527,6.529774,1.625179,30,94,13,2,0E-8,0.10225901,,0E-8,0.000000,0.899517,0.000000,,2026-03-25,2026-05-11,12,236,153,48,0.250000,,,0.000000,,,,,,,,GLOBAL_BASELINE_NO_ENTITY_RANKING,,,NOT_APPLICABLE_GLOBAL_BASELINE,HF9g-P5,,,,X 全窗基线 · 不参与实体赏罚,6871196,688,A168_HF9F_20260827_0900,2026-08-27 09:00:00
2026-04-03,146942045,2201,0,2.1082368815,2.0028250374,2.0028250374,1.0000000,1,1,0.50665070000000000,0.506650700000,0.9867858985152569,0.9867858985152569,0.9867858985152569,0E-17,ELIGIBLE,R03b_20260811_FULL_v1,L1_ELIGIBILITY,v2026-08-11,2026-03-21..2026-08-06,baccarat_bet02_101_all_pairs_incl_sentinel,round_win = game_pnl > 0 (decisive only),COMPATIBILITY_ONLY_NOT_PRODUCTION,1641.7757,1476.8053,167.8864,459,458,-0.10225901,,-0.10225901,-0.10225901,-167.8864,1641.7757,OK,0.0000,6.7155,4.0000,96.0000,AG03-UNRESOLVED,ALL5_LEVELS_bet23_to_bet27,6.7155,6.7155,6.7155,6.7155,6.7155,4.000000,4.000000,4.000000,4.000000,4.000000,96.000000,96.000000,96.000000,96.000000,96.000000,5.0,33.5773,30.9964,134.3091,136.8899,PENDING_AG03,FALSE,NOT_FOR_ENFORCEMENT,161.1709,1417.7330,167.8864,161.1709,6.7155,0.10225901,0.09816865,6.7155,161.1709,0.09816865,6.7155,6.7155,6.7155,6.7155,6.7155,161.1709,0.09816865,33.5773,30.9964,134.3091,136.8899,0.08180721,0.0833792,0.00409036,3.5769,3.2245,0.3666,13.9905,0.7114,136.8146,38.1667,,3.5769,2.1082,2.2009,4.2165,6.3247,10.796,14.3714,2.2009,0.0,4.90527,6.529774,1.625179,30,94,13,2,0E-8,0.10225901,,0E-8,0.000000,0.899517,0.000000,,2026-03-25,2026-05-11,12,236,153,48,0.250000,,,0.000000,,,,,,,,GLOBAL_BASELINE_NO_ENTITY_RANKING,,,NOT_APPLICABLE_GLOBAL_BASELINE,HF9g-P5,,,,X 全窗基线 · 不参与实体赏罚,6871197,688,A168_HF9F_20260827_0900,2026-08-27 09:00:00
2026-04-03,146942045,2216,0,2.1082368815,2.1082368815,2.1082368815,1.0000000,1,1,0.49324550000000000,0.493245500000,1.01360149184955,1.01360149184955,1.01360149184955,0E-17,ELIGIBLE,R03b_20260811_FULL_v1,L1_ELIGIBILITY,v2026-08-11,2026-03-21..2026-08-06,baccarat_bet02_101_all_pairs_incl_sentinel,round_win = game_pnl > 0 (decisive only),COMPATIBILITY_ONLY_NOT_PRODUCTION,1641.7757,1476.8053,167.8864,459,458,-0.10225901,,-0.10225901,-0.10225901,-167.8864,1641.7757,OK,0.0000,6.7155,4.0000,96.0000,AG03-UNRESOLVED,ALL5_LEVELS_bet23_to_bet27,6.7155,6.7155,6.7155,6.7155,6.7155,4.000000,4.000000,4.000000,4.000000,4.000000,96.000000,96.000000,96.000000,96.000000,96.000000,5.0,33.5773,30.9964,134.3091,136.8899,PENDING_AG03,FALSE,NOT_FOR_ENFORCEMENT,161.1709,1417.7330,167.8864,161.1709,6.7155,0.10225901,0.09816865,6.7155,161.1709,0.09816865,6.7155,6.7155,6.7155,6.7155,6.7155,161.1709,0.09816865,33.5773,30.9964,134.3091,136.8899,0.08180721,0.0833792,0.00409036,3.5769,3.2245,0.3666,13.9905,0.7114,136.8146,38.1667,,3.5769,2.1082,2.2009,4.2165,6.3247,10.796,14.3714,2.2009,0.0,4.90527,6.529774,1.625179,30,94,13,2,0E-8,0.10225901,,0E-8,0.000000,0.899517,0.000000,,2026-03-25,2026-05-11,12,236,153,48,0.250000,,,0.000000,,,,,,,,GLOBAL_BASELINE_NO_ENTITY_RANKING,,,NOT_APPLICABLE_GLOBAL_BASELINE,HF9g-P5,,,,X 全窗基线 · 不参与实体赏罚,6871198,688,A168_HF9F_20260827_0900,2026-08-27 09:00:00
2026-04-03,146942045,2223,0,50.5976851560,-13.4927160418,-13.4927160418,0.4000000,15,15,0.50396966000000000,0.503969660000,-0.8053709061741461,-0.8053709061741461,-0.8053709061741461,0E-17,ELIGIBLE,R03b_20260811_FULL_v1,L1_ELIGIBILITY,v2026-08-11,2026-03-21..2026-08-06,baccarat_bet02_101_all_pairs_incl_sentinel,round_win = game_pnl > 0 (decisive only),COMPATIBILITY_ONLY_NOT_PRODUCTION,1641.7757,1476.8053,167.8864,459,458,-0.10225901,,-0.10225901,-0.10225901,-167.8864,1641.7757,OK,0.0000,6.7155,4.0000,96.0000,AG03-UNRESOLVED,ALL5_LEVELS_bet23_to_bet27,6.7155,6.7155,6.7155,6.7155,6.7155,4.000000,4.000000,4.000000,4.000000,4.000000,96.000000,96.000000,96.000000,96.000000,96.000000,5.0,33.5773,30.9964,134.3091,136.8899,PENDING_AG03,FALSE,NOT_FOR_ENFORCEMENT,161.1709,1417.7330,167.8864,161.1709,6.7155,0.10225901,0.09816865,6.7155,161.1709,0.09816865,6.7155,6.7155,6.7155,6.7155,6.7155,161.1709,0.09816865,33.5773,30.9964,134.3091,136.8899,0.08180721,0.0833792,0.00409036,3.5769,3.2245,0.3666,13.9905,0.7114,136.8146,38.1667,,3.5769,2.1082,2.2009,4.2165,6.3247,10.796,14.3714,2.2009,0.0,4.90527,6.529774,1.625179,30,94,13,2,0E-8,0.10225901,,0E-8,0.000000,0.899517,0.000000,,2026-03-25,2026-05-11,12,236,153,48,0.250000,,,0.000000,,,,,,,,GLOBAL_BASELINE_NO_ENTITY_RANKING,,,NOT_APPLICABLE_GLOBAL_BASELINE,HF9g-P5,,,,X 全窗基线 · 不参与实体赏罚,6871199,688,A168_HF9F_20260827_0900,2026-08-27 09:00:00
2026-04-03,146942045,2250,0,12.6494212890,-0.2108236882,-0.2108236882,0.5000000,6,6,0.49994810000000000,0.499948100000,0.00025425703667063243,0.00025425703667063243,0.00025425703667063243,0E-17,ELIGIBLE,R03b_20260811_FULL_v1,L1_ELIGIBILITY,v2026-08-11,2026-03-21..2026-08-06,baccarat_bet02_101_all_pairs_incl_sentinel,round_win = game_pnl > 0 (decisive only),COMPATIBILITY_ONLY_NOT_PRODUCTION,1641.7757,1476.8053,167.8864,459,458,-0.10225901,,-0.10225901,-0.10225901,-167.8864,1641.7757,OK,0.0000,6.7155,4.0000,96.0000,AG03-UNRESOLVED,ALL5_LEVELS_bet23_to_bet27,6.7155,6.7155,6.7155,6.7155,6.7155,4.000000,4.000000,4.000000,4.000000,4.000000,96.000000,96.000000,96.000000,96.000000,96.000000,5.0,33.5773,30.9964,134.3091,136.8899,PENDING_AG03,FALSE,NOT_FOR_ENFORCEMENT,161.1709,1417.7330,167.8864,161.1709,6.7155,0.10225901,0.09816865,6.7155,161.1709,0.09816865,6.7155,6.7155,6.7155,6.7155,6.7155,161.1709,0.09816865,33.5773,30.9964,134.3091,136.8899,0.08180721,0.0833792,0.00409036,3.5769,3.2245,0.3666,13.9905,0.7114,136.8146,38.1667,,3.5769,2.1082,2.2009,4.2165,6.3247,10.796,14.3714,2.2009,0.0,4.90527,6.529774,1.625179,30,94,13,2,0E-8,0.10225901,,0E-8,0.000000,0.899517,0.000000,,2026-03-25,2026-05-11,12,236,153,48,0.250000,,,0.000000,,,,,,,,GLOBAL_BASELINE_NO_ENTITY_RANKING,,,NOT_APPLICABLE_GLOBAL_BASELINE,HF9g-P5,,,,X 全窗基线 · 不参与实体赏罚,6871200,688,A168_HF9F_20260827_0900,2026-08-27 09:00:00
2026-04-03,146942045,925,0,8.4329475260,-4.2164737630,-4.2164737630,0.3333333,3,3,0.50218230000000000,0.502182300000,-0.5849155494134425,-0.5849155494134426,-0.5849155494134425,0E-17,ELIGIBLE,R03b_20260811_FULL_v1,L1_ELIGIBILITY,v2026-08-11,2026-03-21..2026-08-06,baccarat_bet02_101_all_pairs_incl_sentinel,round_win = game_pnl > 0 (decisive only),COMPATIBILITY_ONLY_NOT_PRODUCTION,1641.7757,1476.8053,167.8864,459,458,-0.10225901,,-0.10225901,-0.10225901,-167.8864,1641.7757,OK,0.0000,6.7155,4.0000,96.0000,AG03-UNRESOLVED,ALL5_LEVELS_bet23_to_bet27,6.7155,6.7155,6.7155,6.7155,6.7155,4.000000,4.000000,4.000000,4.000000,4.000000,96.000000,96.000000,96.000000,96.000000,96.000000,5.0,33.5773,30.9964,134.3091,136.8899,PENDING_AG03,FALSE,NOT_FOR_ENFORCEMENT,161.1709,1417.7330,167.8864,161.1709,6.7155,0.10225901,0.09816865,6.7155,161.1709,0.09816865,6.7155,6.7155,6.7155,6.7155,6.7155,161.1709,0.09816865,33.5773,30.9964,134.3091,136.8899,0.08180721,0.0833792,0.00409036,3.5769,3.2245,0.3666,13.9905,0.7114,136.8146,38.1667,,3.5769,2.1082,2.2009,4.2165,6.3247,10.796,14.3714,2.2009,0.0,4.90527,6.529774,1.625179,30,94,13,2,0E-8,0.10225901,,0E-8,0.000000,0.899517,0.000000,,2026-03-25,2026-05-11,12,236,153,48,0.250000,,,0.000000,,,,,,,,GLOBAL_BASELINE_NO_ENTITY_RANKING,,,NOT_APPLICABLE_GLOBAL_BASELINE,HF9g-P5,,,,X 全窗基线 · 不参与实体赏罚,6871201,688,A168_HF9F_20260827_0900,2026-08-27 09:00:00
2026-04-03,146942045,986,0,12.6494212890,-8.5383593701,-8.5383593701,0.2500000,4,4,0.50665070000000000,0.506650700000,-1.0266936290537745,-1.0266936290537745,-1.0266936290537745,0E-17,ELIGIBLE,R03b_20260811_FULL_v1,L1_ELIGIBILITY,v2026-08-11,2026-03-21..2026-08-06,baccarat_bet02_101_all_pairs_incl_sentinel,round_win = game_pnl > 0 (decisive only),COMPATIBILITY_ONLY_NOT_PRODUCTION,1641.7757,1476.8053,167.8864,459,458,-0.10225901,,-0.10225901,-0.10225901,-167.8864,1641.7757,OK,0.0000,6.7155,4.0000,96.0000,AG03-UNRESOLVED,ALL5_LEVELS_bet23_to_bet27,6.7155,6.7155,6.7155,6.7155,6.7155,4.000000,4.000000,4.000000,4.000000,4.000000,96.000000,96.000000,96.000000,96.000000,96.000000,5.0,33.5773,30.9964,134.3091,136.8899,PENDING_AG03,FALSE,NOT_FOR_ENFORCEMENT,161.1709,1417.7330,167.8864,161.1709,6.7155,0.10225901,0.09816865,6.7155,161.1709,0.09816865,6.7155,6.7155,6.7155,6.7155,6.7155,161.1709,0.09816865,33.5773,30.9964,134.3091,136.8899,0.08180721,0.0833792,0.00409036,3.5769,3.2245,0.3666,13.9905,0.7114,136.8146,38.1667,,3.5769,2.1082,2.2009,4.2165,6.3247,10.796,14.3714,2.2009,0.0,4.90527,6.529774,1.625179,30,94,13,2,0E-8,0.10225901,,0E-8,0.000000,0.899517,0.000000,,2026-03-25,2026-05-11,12,236,153,48,0.250000,,,0.000000,,,,,,,,GLOBAL_BASELINE_NO_ENTITY_RANKING,,,NOT_APPLICABLE_GLOBAL_BASELINE,HF9g-P5,,,,X 全窗基线 · 不参与实体赏罚,6871202,688,A168_HF9F_20260827_0900,2026-08-27 09:00:00
2026-04-03,146942045,987,0,2.1082368815,2.0028250374,2.0028250374,1.0000000,1,1,0.50665070000000000,0.506650700000,0.9867858985152569,0.9867858985152569,0.9867858985152569,0E-17,ELIGIBLE,R03b_20260811_FULL_v1,L1_ELIGIBILITY,v2026-08-11,2026-03-21..2026-08-06,baccarat_bet02_101_all_pairs_incl_sentinel,round_win = game_pnl > 0 (decisive only),COMPATIBILITY_ONLY_NOT_PRODUCTION,1641.7757,1476.8053,167.8864,459,458,-0.10225901,,-0.10225901,-0.10225901,-167.8864,1641.7757,OK,0.0000,6.7155,4.0000,96.0000,AG03-UNRESOLVED,ALL5_LEVELS_bet23_to_bet27,6.7155,6.7155,6.7155,6.7155,6.7155,4.000000,4.000000,4.000000,4.000000,4.000000,96.000000,96.000000,96.000000,96.000000,96.000000,5.0,33.5773,30.9964,134.3091,136.8899,PENDING_AG03,FALSE,NOT_FOR_ENFORCEMENT,161.1709,1417.7330,167.8864,161.1709,6.7155,0.10225901,0.09816865,6.7155,161.1709,0.09816865,6.7155,6.7155,6.7155,6.7155,6.7155,161.1709,0.09816865,33.5773,30.9964,134.3091,136.8899,0.08180721,0.0833792,0.00409036,3.5769,3.2245,0.3666,13.9905,0.7114,136.8146,38.1667,,3.5769,2.1082,2.2009,4.2165,6.3247,10.796,14.3714,2.2009,0.0,4.90527,6.529774,1.625179,30,94,13,2,0E-8,0.10225901,,0E-8,0.000000,0.899517,0.000000,,2026-03-25,2026-05-11,12,236,153,48,0.250000,,,0.000000,,,,,,,,GLOBAL_BASELINE_NO_ENTITY_RANKING,,,NOT_APPLICABLE_GLOBAL_BASELINE,HF9g-P5,,,,X 全窗基线 · 不参与实体赏罚,6871203,688,A168_HF9F_20260827_0900,2026-08-27 09:00:00
2026-04-04,146942045,-1,1,10.5411844075,1.8974131933,1.8974131933,0.5000000,3,3,0.50218230000000000,0.502182300000,-0.00617253530718887,-0.00617253530718887,-0.00617253530718887,0E-17,SENTINEL_DEALER,R03b_20260811_FULL_v1,L1_ELIGIBILITY,v2026-08-11,2026-03-21..2026-08-06,baccarat_bet02_101_all_pairs_incl_sentinel,round_win = game_pnl > 0 (decisive only),COMPATIBILITY_ONLY_NOT_PRODUCTION,1641.7757,1476.8053,167.8864,459,458,-0.10225901,,-0.10225901,-0.10225901,-167.8864,1641.7757,OK,0.0000,6.7155,4.0000,96.0000,AG03-UNRESOLVED,ALL5_LEVELS_bet23_to_bet27,6.7155,6.7155,6.7155,6.7155,6.7155,4.000000,4.000000,4.000000,4.000000,4.000000,96.000000,96.000000,96.000000,96.000000,96.000000,5.0,33.5773,30.9964,134.3091,136.8899,PENDING_AG03,FALSE,NOT_FOR_ENFORCEMENT,161.1709,1417.7330,167.8864,161.1709,6.7155,0.10225901,0.09816865,6.7155,161.1709,0.09816865,6.7155,6.7155,6.7155,6.7155,6.7155,161.1709,0.09816865,33.5773,30.9964,134.3091,136.8899,0.08180721,0.0833792,0.00409036,3.5769,3.2245,0.3666,13.9905,0.7114,136.8146,38.1667,,3.5769,2.1082,2.2009,4.2165,6.3247,10.796,14.3714,2.2009,0.0,4.90527,6.529774,1.625179,30,94,13,2,0E-8,0.10225901,,0E-8,0.000000,0.899517,0.000000,,2026-03-25,2026-05-11,12,236,153,48,0.250000,,,0.000000,,,,,,,,GLOBAL_BASELINE_NO_ENTITY_RANKING,,,NOT_APPLICABLE_GLOBAL_BASELINE,HF9g-P5,,,,X 全窗基线 · 不参与实体赏罚,6871204,688,A168_HF9F_20260827_0900,2026-08-27 09:00:00
2026-04-04,146942045,1221,0,2.1082368815,-2.1082368815,-2.1082368815,0E-7,1,1,0.49324550000000000,0.493245500000,-0.9865810262130424,-0.9865810262130424,-0.9865810262130424,0E-17,ELIGIBLE,R03b_20260811_FULL_v1,L1_ELIGIBILITY,v2026-08-11,2026-03-21..2026-08-06,baccarat_bet02_101_all_pairs_incl_sentinel,round_win = game_pnl > 0 (decisive only),COMPATIBILITY_ONLY_NOT_PRODUCTION,1641.7757,1476.8053,167.8864,459,458,-0.10225901,,-0.10225901,-0.10225901,-167.8864,1641.7757,OK,0.0000,6.7155,4.0000,96.0000,AG03-UNRESOLVED,ALL5_LEVELS_bet23_to_bet27,6.7155,6.7155,6.7155,6.7155,6.7155,4.000000,4.000000,4.000000,4.000000,4.000000,96.000000,96.000000,96.000000,96.000000,96.000000,5.0,33.5773,30.9964,134.3091,136.8899,PENDING_AG03,FALSE,NOT_FOR_ENFORCEMENT,161.1709,1417.7330,167.8864,161.1709,6.7155,0.10225901,0.09816865,6.7155,161.1709,0.09816865,6.7155,6.7155,6.7155,6.7155,6.7155,161.1709,0.09816865,33.5773,30.9964,134.3091,136.8899,0.08180721,0.0833792,0.00409036,3.5769,3.2245,0.3666,13.9905,0.7114,136.8146,38.1667,,3.5769,2.1082,2.2009,4.2165,6.3247,10.796,14.3714,2.2009,0.0,4.90527,6.529774,1.625179,30,94,13,2,0E-8,0.10225901,,0E-8,0.000000,0.899517,0.000000,,2026-03-25,2026-05-11,12,236,153,48,0.250000,,,0.000000,,,,,,,,GLOBAL_BASELINE_NO_ENTITY_RANKING,,,NOT_APPLICABLE_GLOBAL_BASELINE,HF9g-P5,,,,X 全窗基线 · 不参与实体赏罚,6871205,688,A168_HF9F_20260827_0900,2026-08-27 09:00:00
2026-04-04,146942045,1299,0,2.1082368815,2.0028250374,2.0028250374,1.0000000,1,1,0.50665070000000000,0.506650700000,0.9867858985152569,0.9867858985152569,0.9867858985152569,0E-17,ELIGIBLE,R03b_20260811_FULL_v1,L1_ELIGIBILITY,v2026-08-11,2026-03-21..2026-08-06,baccarat_bet02_101_all_pairs_incl_sentinel,round_win = game_pnl > 0 (decisive only),COMPATIBILITY_ONLY_NOT_PRODUCTION,1641.7757,1476.8053,167.8864,459,458,-0.10225901,,-0.10225901,-0.10225901,-167.8864,1641.7757,OK,0.0000,6.7155,4.0000,96.0000,AG03-UNRESOLVED,ALL5_LEVELS_bet23_to_bet27,6.7155,6.7155,6.7155,6.7155,6.7155,4.000000,4.000000,4.000000,4.000000,4.000000,96.000000,96.000000,96.000000,96.000000,96.000000,5.0,33.5773,30.9964,134.3091,136.8899,PENDING_AG03,FALSE,NOT_FOR_ENFORCEMENT,161.1709,1417.7330,167.8864,161.1709,6.7155,0.10225901,0.09816865,6.7155,161.1709,0.09816865,6.7155,6.7155,6.7155,6.7155,6.7155,161.1709,0.09816865,33.5773,30.9964,134.3091,136.8899,0.08180721,0.0833792,0.00409036,3.5769,3.2245,0.3666,13.9905,0.7114,136.8146,38.1667,,3.5769,2.1082,2.2009,4.2165,6.3247,10.796,14.3714,2.2009,0.0,4.90527,6.529774,1.625179,30,94,13,2,0E-8,0.10225901,,0E-8,0.000000,0.899517,0.000000,,2026-03-25,2026-05-11,12,236,153,48,0.250000,,,0.000000,,,,,,,,GLOBAL_BASELINE_NO_ENTITY_RANKING,,,NOT_APPLICABLE_GLOBAL_BASELINE,HF9g-P5,,,,X 全窗基线 · 不参与实体赏罚,6871206,688,A168_HF9F_20260827_0900,2026-08-27 09:00:00
2026-04-04,146942045,1302,0,8.4329475260,3.9002382307,3.9002382307,0.6666667,3,3,0.50218230000000000,0.502182300000,0.5697959874915163,0.5697959874915164,0.5697959874915163,0E-17,ELIGIBLE,R03b_20260811_FULL_v1,L1_ELIGIBILITY,v2026-08-11,2026-03-21..2026-08-06,baccarat_bet02_101_all_pairs_incl_sentinel,round_win = game_pnl > 0 (decisive only),COMPATIBILITY_ONLY_NOT_PRODUCTION,1641.7757,1476.8053,167.8864,459,458,-0.10225901,,-0.10225901,-0.10225901,-167.8864,1641.7757,OK,0.0000,6.7155,4.0000,96.0000,AG03-UNRESOLVED,ALL5_LEVELS_bet23_to_bet27,6.7155,6.7155,6.7155,6.7155,6.7155,4.000000,4.000000,4.000000,4.000000,4.000000,96.000000,96.000000,96.000000,96.000000,96.000000,5.0,33.5773,30.9964,134.3091,136.8899,PENDING_AG03,FALSE,NOT_FOR_ENFORCEMENT,161.1709,1417.7330,167.8864,161.1709,6.7155,0.10225901,0.09816865,6.7155,161.1709,0.09816865,6.7155,6.7155,6.7155,6.7155,6.7155,161.1709,0.09816865,33.5773,30.9964,134.3091,136.8899,0.08180721,0.0833792,0.00409036,3.5769,3.2245,0.3666,13.9905,0.7114,136.8146,38.1667,,3.5769,2.1082,2.2009,4.2165,6.3247,10.796,14.3714,2.2009,0.0,4.90527,6.529774,1.625179,30,94,13,2,0E-8,0.10225901,,0E-8,0.000000,0.899517,0.000000,,2026-03-25,2026-05-11,12,236,153,48,0.250000,,,0.000000,,,,,,,,GLOBAL_BASELINE_NO_ENTITY_RANKING,,,NOT_APPLICABLE_GLOBAL_BASELINE,HF9g-P5,,,,X 全窗基线 · 不参与实体赏罚,6871207,688,A168_HF9F_20260827_0900,2026-08-27 09:00:00
2026-04-04,146942045,1325,0,2.1082368815,-2.1082368815,-2.1082368815,0E-7,1,1,0.50665070000000000,0.506650700000,-1.013391052207602,-1.013391052207602,-1.013391052207602,0E-17,ELIGIBLE,R03b_20260811_FULL_v1,L1_ELIGIBILITY,v2026-08-11,2026-03-21..2026-08-06,baccarat_bet02_101_all_pairs_incl_sentinel,round_win = game_pnl > 0 (decisive only),COMPATIBILITY_ONLY_NOT_PRODUCTION,1641.7757,1476.8053,167.8864,459,458,-0.10225901,,-0.10225901,-0.10225901,-167.8864,1641.7757,OK,0.0000,6.7155,4.0000,96.0000,AG03-UNRESOLVED,ALL5_LEVELS_bet23_to_bet27,6.7155,6.7155,6.7155,6.7155,6.7155,4.000000,4.000000,4.000000,4.000000,4.000000,96.000000,96.000000,96.000000,96.000000,96.000000,5.0,33.5773,30.9964,134.3091,136.8899,PENDING_AG03,FALSE,NOT_FOR_ENFORCEMENT,161.1709,1417.7330,167.8864,161.1709,6.7155,0.10225901,0.09816865,6.7155,161.1709,0.09816865,6.7155,6.7155,6.7155,6.7155,6.7155,161.1709,0.09816865,33.5773,30.9964,134.3091,136.8899,0.08180721,0.0833792,0.00409036,3.5769,3.2245,0.3666,13.9905,0.7114,136.8146,38.1667,,3.5769,2.1082,2.2009,4.2165,6.3247,10.796,14.3714,2.2009,0.0,4.90527,6.529774,1.625179,30,94,13,2,0E-8,0.10225901,,0E-8,0.000000,0.899517,0.000000,,2026-03-25,2026-05-11,12,236,153,48,0.250000,,,0.000000,,,,,,,,GLOBAL_BASELINE_NO_ENTITY_RANKING,,,NOT_APPLICABLE_GLOBAL_BASELINE,HF9g-P5,,,,X 全窗基线 · 不参与实体赏罚,6871208,688,A168_HF9F_20260827_0900,2026-08-27 09:00:00
2026-04-04,146942045,1353,0,2.1082368815,-2.1082368815,-2.1082368815,0E-7,1,1,0.49324550000000000,0.493245500000,-0.9865810262130424,-0.9865810262130424,-0.9865810262130424,0E-17,ELIGIBLE,R03b_20260811_FULL_v1,L1_ELIGIBILITY,v2026-08-11,2026-03-21..2026-08-06,baccarat_bet02_101_all_pairs_incl_sentinel,round_win = game_pnl > 0 (decisive only),COMPATIBILITY_ONLY_NOT_PRODUCTION,1641.7757,1476.8053,167.8864,459,458,-0.10225901,,-0.10225901,-0.10225901,-167.8864,1641.7757,OK,0.0000,6.7155,4.0000,96.0000,AG03-UNRESOLVED,ALL5_LEVELS_bet23_to_bet27,6.7155,6.7155,6.7155,6.7155,6.7155,4.000000,4.000000,4.000000,4.000000,4.000000,96.000000,96.000000,96.000000,96.000000,96.000000,5.0,33.5773,30.9964,134.3091,136.8899,PENDING_AG03,FALSE,NOT_FOR_ENFORCEMENT,161.1709,1417.7330,167.8864,161.1709,6.7155,0.10225901,0.09816865,6.7155,161.1709,0.09816865,6.7155,6.7155,6.7155,6.7155,6.7155,161.1709,0.09816865,33.5773,30.9964,134.3091,136.8899,0.08180721,0.0833792,0.00409036,3.5769,3.2245,0.3666,13.9905,0.7114,136.8146,38.1667,,3.5769,2.1082,2.2009,4.2165,6.3247,10.796,14.3714,2.2009,0.0,4.90527,6.529774,1.625179,30,94,13,2,0E-8,0.10225901,,0E-8,0.000000,0.899517,0.000000,,2026-03-25,2026-05-11,12,236,153,48,0.250000,,,0.000000,,,,,,,,GLOBAL_BASELINE_NO_ENTITY_RANKING,,,NOT_APPLICABLE_GLOBAL_BASELINE,HF9g-P5,,,,X 全窗基线 · 不参与实体赏罚,6871209,688,A168_HF9F_20260827_0900,2026-08-27 09:00:00
2026-04-04,146942045,1702,0,2.1082368815,2.0028250374,2.0028250374,1.0000000,1,1,0.50665070000000000,0.506650700000,0.9867858985152569,0.9867858985152569,0.9867858985152569,0E-17,ELIGIBLE,R03b_20260811_FULL_v1,L1_ELIGIBILITY,v2026-08-11,2026-03-21..2026-08-06,baccarat_bet02_101_all_pairs_incl_sentinel,round_win = game_pnl > 0 (decisive only),COMPATIBILITY_ONLY_NOT_PRODUCTION,1641.7757,1476.8053,167.8864,459,458,-0.10225901,,-0.10225901,-0.10225901,-167.8864,1641.7757,OK,0.0000,6.7155,4.0000,96.0000,AG03-UNRESOLVED,ALL5_LEVELS_bet23_to_bet27,6.7155,6.7155,6.7155,6.7155,6.7155,4.000000,4.000000,4.000000,4.000000,4.000000,96.000000,96.000000,96.000000,96.000000,96.000000,5.0,33.5773,30.9964,134.3091,136.8899,PENDING_AG03,FALSE,NOT_FOR_ENFORCEMENT,161.1709,1417.7330,167.8864,161.1709,6.7155,0.10225901,0.09816865,6.7155,161.1709,0.09816865,6.7155,6.7155,6.7155,6.7155,6.7155,161.1709,0.09816865,33.5773,30.9964,134.3091,136.8899,0.08180721,0.0833792,0.00409036,3.5769,3.2245,0.3666,13.9905,0.7114,136.8146,38.1667,,3.5769,2.1082,2.2009,4.2165,6.3247,10.796,14.3714,2.2009,0.0,4.90527,6.529774,1.625179,30,94,13,2,0E-8,0.10225901,,0E-8,0.000000,0.899517,0.000000,,2026-03-25,2026-05-11,12,236,153,48,0.250000,,,0.000000,,,,,,,,GLOBAL_BASELINE_NO_ENTITY_RANKING,,,NOT_APPLICABLE_GLOBAL_BASELINE,HF9g-P5,,,,X 全窗基线 · 不参与实体赏罚,6871210,688,A168_HF9F_20260827_0900,2026-08-27 09:00:00
2026-04-04,146942045,1963,0,2.1082368815,-2.1082368815,-2.1082368815,0E-7,1,1,0.50665070000000000,0.506650700000,-1.013391052207602,-1.013391052207602,-1.013391052207602,0E-17,ELIGIBLE,R03b_20260811_FULL_v1,L1_ELIGIBILITY,v2026-08-11,2026-03-21..2026-08-06,baccarat_bet02_101_all_pairs_incl_sentinel,round_win = game_pnl > 0 (decisive only),COMPATIBILITY_ONLY_NOT_PRODUCTION,1641.7757,1476.8053,167.8864,459,458,-0.10225901,,-0.10225901,-0.10225901,-167.8864,1641.7757,OK,0.0000,6.7155,4.0000,96.0000,AG03-UNRESOLVED,ALL5_LEVELS_bet23_to_bet27,6.7155,6.7155,6.7155,6.7155,6.7155,4.000000,4.000000,4.000000,4.000000,4.000000,96.000000,96.000000,96.000000,96.000000,96.000000,5.0,33.5773,30.9964,134.3091,136.8899,PENDING_AG03,FALSE,NOT_FOR_ENFORCEMENT,161.1709,1417.7330,167.8864,161.1709,6.7155,0.10225901,0.09816865,6.7155,161.1709,0.09816865,6.7155,6.7155,6.7155,6.7155,6.7155,161.1709,0.09816865,33.5773,30.9964,134.3091,136.8899,0.08180721,0.0833792,0.00409036,3.5769,3.2245,0.3666,13.9905,0.7114,136.8146,38.1667,,3.5769,2.1082,2.2009,4.2165,6.3247,10.796,14.3714,2.2009,0.0,4.90527,6.529774,1.625179,30,94,13,2,0E-8,0.10225901,,0E-8,0.000000,0.899517,0.000000,,2026-03-25,2026-05-11,12,236,153,48,0.250000,,,0.000000,,,,,,,,GLOBAL_BASELINE_NO_ENTITY_RANKING,,,NOT_APPLICABLE_GLOBAL_BASELINE,HF9g-P5,,,,X 全窗基线 · 不参与实体赏罚,6871211,688,A168_HF9F_20260827_0900,2026-08-27 09:00:00
2026-04-04,146942045,2088,0,4.2164737630,-4.2164737630,-4.2164737630,0E-7,2,2,0.50665070000000000,0.506650700000,-1.4331513700195317,-1.4331513700195317,-1.4331513700195317,0E-17,ELIGIBLE,R03b_20260811_FULL_v1,L1_ELIGIBILITY,v2026-08-11,2026-03-21..2026-08-06,baccarat_bet02_101_all_pairs_incl_sentinel,round_win = game_pnl > 0 (decisive only),COMPATIBILITY_ONLY_NOT_PRODUCTION,1641.7757,1476.8053,167.8864,459,458,-0.10225901,,-0.10225901,-0.10225901,-167.8864,1641.7757,OK,0.0000,6.7155,4.0000,96.0000,AG03-UNRESOLVED,ALL5_LEVELS_bet23_to_bet27,6.7155,6.7155,6.7155,6.7155,6.7155,4.000000,4.000000,4.000000,4.000000,4.000000,96.000000,96.000000,96.000000,96.000000,96.000000,5.0,33.5773,30.9964,134.3091,136.8899,PENDING_AG03,FALSE,NOT_FOR_ENFORCEMENT,161.1709,1417.7330,167.8864,161.1709,6.7155,0.10225901,0.09816865,6.7155,161.1709,0.09816865,6.7155,6.7155,6.7155,6.7155,6.7155,161.1709,0.09816865,33.5773,30.9964,134.3091,136.8899,0.08180721,0.0833792,0.00409036,3.5769,3.2245,0.3666,13.9905,0.7114,136.8146,38.1667,,3.5769,2.1082,2.2009,4.2165,6.3247,10.796,14.3714,2.2009,0.0,4.90527,6.529774,1.625179,30,94,13,2,0E-8,0.10225901,,0E-8,0.000000,0.899517,0.000000,,2026-03-25,2026-05-11,12,236,153,48,0.250000,,,0.000000,,,,,,,,GLOBAL_BASELINE_NO_ENTITY_RANKING,,,NOT_APPLICABLE_GLOBAL_BASELINE,HF9g-P5,,,,X 全窗基线 · 不参与实体赏罚,6871212,688,A168_HF9F_20260827_0900,2026-08-27 09:00:00
2026-04-04,146942045,2117,0,2.1082368815,-2.1082368815,-2.1082368815,0E-7,1,1,0.49324550000000000,0.493245500000,-0.9865810262130424,-0.9865810262130424,-0.9865810262130424,0E-17,ELIGIBLE,R03b_20260811_FULL_v1,L1_ELIGIBILITY,v2026-08-11,2026-03-21..2026-08-06,baccarat_bet02_101_all_pairs_incl_sentinel,round_win = game_pnl > 0 (decisive only),COMPATIBILITY_ONLY_NOT_PRODUCTION,1641.7757,1476.8053,167.8864,459,458,-0.10225901,,-0.10225901,-0.10225901,-167.8864,1641.7757,OK,0.0000,6.7155,4.0000,96.0000,AG03-UNRESOLVED,ALL5_LEVELS_bet23_to_bet27,6.7155,6.7155,6.7155,6.7155,6.7155,4.000000,4.000000,4.000000,4.000000,4.000000,96.000000,96.000000,96.000000,96.000000,96.000000,5.0,33.5773,30.9964,134.3091,136.8899,PENDING_AG03,FALSE,NOT_FOR_ENFORCEMENT,161.1709,1417.7330,167.8864,161.1709,6.7155,0.10225901,0.09816865,6.7155,161.1709,0.09816865,6.7155,6.7155,6.7155,6.7155,6.7155,161.1709,0.09816865,33.5773,30.9964,134.3091,136.8899,0.08180721,0.0833792,0.00409036,3.5769,3.2245,0.3666,13.9905,0.7114,136.8146,38.1667,,3.5769,2.1082,2.2009,4.2165,6.3247,10.796,14.3714,2.2009,0.0,4.90527,6.529774,1.625179,30,94,13,2,0E-8,0.10225901,,0E-8,0.000000,0.899517,0.000000,,2026-03-25,2026-05-11,12,236,153,48,0.250000,,,0.000000,,,,,,,,GLOBAL_BASELINE_NO_ENTITY_RANKING,,,NOT_APPLICABLE_GLOBAL_BASELINE,HF9g-P5,,,,X 全窗基线 · 不参与实体赏罚,6871213,688,A168_HF9F_20260827_0900,2026-08-27 09:00:00
2026-04-04,146942045,2123,0,2.1082368815,-2.1082368815,-2.1082368815,0E-7,1,1,0.50665070000000000,0.506650700000,-1.013391052207602,-1.013391052207602,-1.013391052207602,0E-17,ELIGIBLE,R03b_20260811_FULL_v1,L1_ELIGIBILITY,v2026-08-11,2026-03-21..2026-08-06,baccarat_bet02_101_all_pairs_incl_sentinel,round_win = game_pnl > 0 (decisive only),COMPATIBILITY_ONLY_NOT_PRODUCTION,1641.7757,1476.8053,167.8864,459,458,-0.10225901,,-0.10225901,-0.10225901,-167.8864,1641.7757,OK,0.0000,6.7155,4.0000,96.0000,AG03-UNRESOLVED,ALL5_LEVELS_bet23_to_bet27,6.7155,6.7155,6.7155,6.7155,6.7155,4.000000,4.000000,4.000000,4.000000,4.000000,96.000000,96.000000,96.000000,96.000000,96.000000,5.0,33.5773,30.9964,134.3091,136.8899,PENDING_AG03,FALSE,NOT_FOR_ENFORCEMENT,161.1709,1417.7330,167.8864,161.1709,6.7155,0.10225901,0.09816865,6.7155,161.1709,0.09816865,6.7155,6.7155,6.7155,6.7155,6.7155,161.1709,0.09816865,33.5773,30.9964,134.3091,136.8899,0.08180721,0.0833792,0.00409036,3.5769,3.2245,0.3666,13.9905,0.7114,136.8146,38.1667,,3.5769,2.1082,2.2009,4.2165,6.3247,10.796,14.3714,2.2009,0.0,4.90527,6.529774,1.625179,30,94,13,2,0E-8,0.10225901,,0E-8,0.000000,0.899517,0.000000,,2026-03-25,2026-05-11,12,236,153,48,0.250000,,,0.000000,,,,,,,,GLOBAL_BASELINE_NO_ENTITY_RANKING,,,NOT_APPLICABLE_GLOBAL_BASELINE,HF9g-P5,,,,X 全窗基线 · 不参与实体赏罚,6871214,688,A168_HF9F_20260827_0900,2026-08-27 09:00:00
2026-04-04,146942045,2175,0,2.1082368815,-2.1082368815,-2.1082368815,0E-7,1,1,0.49324550000000000,0.493245500000,-0.9865810262130424,-0.9865810262130424,-0.9865810262130424,0E-17,ELIGIBLE,R03b_20260811_FULL_v1,L1_ELIGIBILITY,v2026-08-11,2026-03-21..2026-08-06,baccarat_bet02_101_all_pairs_incl_sentinel,round_win = game_pnl > 0 (decisive only),COMPATIBILITY_ONLY_NOT_PRODUCTION,1641.7757,1476.8053,167.8864,459,458,-0.10225901,,-0.10225901,-0.10225901,-167.8864,1641.7757,OK,0.0000,6.7155,4.0000,96.0000,AG03-UNRESOLVED,ALL5_LEVELS_bet23_to_bet27,6.7155,6.7155,6.7155,6.7155,6.7155,4.000000,4.000000,4.000000,4.000000,4.000000,96.000000,96.000000,96.000000,96.000000,96.000000,5.0,33.5773,30.9964,134.3091,136.8899,PENDING_AG03,FALSE,NOT_FOR_ENFORCEMENT,161.1709,1417.7330,167.8864,161.1709,6.7155,0.10225901,0.09816865,6.7155,161.1709,0.09816865,6.7155,6.7155,6.7155,6.7155,6.7155,161.1709,0.09816865,33.5773,30.9964,134.3091,136.8899,0.08180721,0.0833792,0.00409036,3.5769,3.2245,0.3666,13.9905,0.7114,136.8146,38.1667,,3.5769,2.1082,2.2009,4.2165,6.3247,10.796,14.3714,2.2009,0.0,4.90527,6.529774,1.625179,30,94,13,2,0E-8,0.10225901,,0E-8,0.000000,0.899517,0.000000,,2026-03-25,2026-05-11,12,236,153,48,0.250000,,,0.000000,,,,,,,,GLOBAL_BASELINE_NO_ENTITY_RANKING,,,NOT_APPLICABLE_GLOBAL_BASELINE,HF9g-P5,,,,X 全窗基线 · 不参与实体赏罚,6871215,688,A168_HF9F_20260827_0900,2026-08-27 09:00:00
2026-04-04,146942045,2246,0,2.1082368815,-2.1082368815,-2.1082368815,0E-7,1,1,0.50665070000000000,0.506650700000,-1.013391052207602,-1.013391052207602,-1.013391052207602,0E-17,ELIGIBLE,R03b_20260811_FULL_v1,L1_ELIGIBILITY,v2026-08-11,2026-03-21..2026-08-06,baccarat_bet02_101_all_pairs_incl_sentinel,round_win = game_pnl > 0 (decisive only),COMPATIBILITY_ONLY_NOT_PRODUCTION,1641.7757,1476.8053,167.8864,459,458,-0.10225901,,-0.10225901,-0.10225901,-167.8864,1641.7757,OK,0.0000,6.7155,4.0000,96.0000,AG03-UNRESOLVED,ALL5_LEVELS_bet23_to_bet27,6.7155,6.7155,6.7155,6.7155,6.7155,4.000000,4.000000,4.000000,4.000000,4.000000,96.000000,96.000000,96.000000,96.000000,96.000000,5.0,33.5773,30.9964,134.3091,136.8899,PENDING_AG03,FALSE,NOT_FOR_ENFORCEMENT,161.1709,1417.7330,167.8864,161.1709,6.7155,0.10225901,0.09816865,6.7155,161.1709,0.09816865,6.7155,6.7155,6.7155,6.7155,6.7155,161.1709,0.09816865,33.5773,30.9964,134.3091,136.8899,0.08180721,0.0833792,0.00409036,3.5769,3.2245,0.3666,13.9905,0.7114,136.8146,38.1667,,3.5769,2.1082,2.2009,4.2165,6.3247,10.796,14.3714,2.2009,0.0,4.90527,6.529774,1.625179,30,94,13,2,0E-8,0.10225901,,0E-8,0.000000,0.899517,0.000000,,2026-03-25,2026-05-11,12,236,153,48,0.250000,,,0.000000,,,,,,,,GLOBAL_BASELINE_NO_ENTITY_RANKING,,,NOT_APPLICABLE_GLOBAL_BASELINE,HF9g-P5,,,,X 全窗基线 · 不参与实体赏罚,6871216,688,A168_HF9F_20260827_0900,2026-08-27 09:00:00
2026-04-04,146942045,2258,0,2.1082368815,2.0028250374,2.0028250374,1.0000000,1,1,0.50665070000000000,0.506650700000,0.9867858985152569,0.9867858985152569,0.9867858985152569,0E-17,ELIGIBLE,R03b_20260811_FULL_v1,L1_ELIGIBILITY,v2026-08-11,2026-03-21..2026-08-06,baccarat_bet02_101_all_pairs_incl_sentinel,round_win = game_pnl > 0 (decisive only),COMPATIBILITY_ONLY_NOT_PRODUCTION,1641.7757,1476.8053,167.8864,459,458,-0.10225901,,-0.10225901,-0.10225901,-167.8864,1641.7757,OK,0.0000,6.7155,4.0000,96.0000,AG03-UNRESOLVED,ALL5_LEVELS_bet23_to_bet27,6.7155,6.7155,6.7155,6.7155,6.7155,4.000000,4.000000,4.000000,4.000000,4.000000,96.000000,96.000000,96.000000,96.000000,96.000000,5.0,33.5773,30.9964,134.3091,136.8899,PENDING_AG03,FALSE,NOT_FOR_ENFORCEMENT,161.1709,1417.7330,167.8864,161.1709,6.7155,0.10225901,0.09816865,6.7155,161.1709,0.09816865,6.7155,6.7155,6.7155,6.7155,6.7155,161.1709,0.09816865,33.5773,30.9964,134.3091,136.8899,0.08180721,0.0833792,0.00409036,3.5769,3.2245,0.3666,13.9905,0.7114,136.8146,38.1667,,3.5769,2.1082,2.2009,4.2165,6.3247,10.796,14.3714,2.2009,0.0,4.90527,6.529774,1.625179,30,94,13,2,0E-8,0.10225901,,0E-8,0.000000,0.899517,0.000000,,2026-03-25,2026-05-11,12,236,153,48,0.250000,,,0.000000,,,,,,,,GLOBAL_BASELINE_NO_ENTITY_RANKING,,,NOT_APPLICABLE_GLOBAL_BASELINE,HF9g-P5,,,,X 全窗基线 · 不参与实体赏罚,6871217,688,A168_HF9F_20260827_0900,2026-08-27 09:00:00
2026-04-04,146942045,462,0,2.7407079459,-2.7407079459,-2.7407079459,0E-7,1,1,0.50665070000000000,0.506650700000,-1.013391052207602,-1.013391052207602,-1.013391052207602,0E-17,ELIGIBLE,R03b_20260811_FULL_v1,L1_ELIGIBILITY,v2026-08-11,2026-03-21..2026-08-06,baccarat_bet02_101_all_pairs_incl_sentinel,round_win = game_pnl > 0 (decisive only),COMPATIBILITY_ONLY_NOT_PRODUCTION,1641.7757,1476.8053,167.8864,459,458,-0.10225901,,-0.10225901,-0.10225901,-167.8864,1641.7757,OK,0.0000,6.7155,4.0000,96.0000,AG03-UNRESOLVED,ALL5_LEVELS_bet23_to_bet27,6.7155,6.7155,6.7155,6.7155,6.7155,4.000000,4.000000,4.000000,4.000000,4.000000,96.000000,96.000000,96.000000,96.000000,96.000000,5.0,33.5773,30.9964,134.3091,136.8899,PENDING_AG03,FALSE,NOT_FOR_ENFORCEMENT,161.1709,1417.7330,167.8864,161.1709,6.7155,0.10225901,0.09816865,6.7155,161.1709,0.09816865,6.7155,6.7155,6.7155,6.7155,6.7155,161.1709,0.09816865,33.5773,30.9964,134.3091,136.8899,0.08180721,0.0833792,0.00409036,3.5769,3.2245,0.3666,13.9905,0.7114,136.8146,38.1667,,3.5769,2.1082,2.2009,4.2165,6.3247,10.796,14.3714,2.2009,0.0,4.90527,6.529774,1.625179,30,94,13,2,0E-8,0.10225901,,0E-8,0.000000,0.899517,0.000000,,2026-03-25,2026-05-11,12,236,153,48,0.250000,,,0.000000,,,,,,,,GLOBAL_BASELINE_NO_ENTITY_RANKING,,,NOT_APPLICABLE_GLOBAL_BASELINE,HF9g-P5,,,,X 全窗基线 · 不参与实体赏罚,6871218,688,A168_HF9F_20260827_0900,2026-08-27 09:00:00
2026-04-04,146942045,970,0,9.6978896549,1.4968481859,1.4968481859,0.5000000,3,3,0.50218230000000000,0.502182300000,-0.00617253530718887,-0.00617253530718887,-0.00617253530718887,0E-17,ELIGIBLE,R03b_20260811_FULL_v1,L1_ELIGIBILITY,v2026-08-11,2026-03-21..2026-08-06,baccarat_bet02_101_all_pairs_incl_sentinel,round_win = game_pnl > 0 (decisive only),COMPATIBILITY_ONLY_NOT_PRODUCTION,1641.7757,1476.8053,167.8864,459,458,-0.10225901,,-0.10225901,-0.10225901,-167.8864,1641.7757,OK,0.0000,6.7155,4.0000,96.0000,AG03-UNRESOLVED,ALL5_LEVELS_bet23_to_bet27,6.7155,6.7155,6.7155,6.7155,6.7155,4.000000,4.000000,4.000000,4.000000,4.000000,96.000000,96.000000,96.000000,96.000000,96.000000,5.0,33.5773,30.9964,134.3091,136.8899,PENDING_AG03,FALSE,NOT_FOR_ENFORCEMENT,161.1709,1417.7330,167.8864,161.1709,6.7155,0.10225901,0.09816865,6.7155,161.1709,0.09816865,6.7155,6.7155,6.7155,6.7155,6.7155,161.1709,0.09816865,33.5773,30.9964,134.3091,136.8899,0.08180721,0.0833792,0.00409036,3.5769,3.2245,0.3666,13.9905,0.7114,136.8146,38.1667,,3.5769,2.1082,2.2009,4.2165,6.3247,10.796,14.3714,2.2009,0.0,4.90527,6.529774,1.625179,30,94,13,2,0E-8,0.10225901,,0E-8,0.000000,0.899517,0.000000,,2026-03-25,2026-05-11,12,236,153,48,0.250000,,,0.000000,,,,,,,,GLOBAL_BASELINE_NO_ENTITY_RANKING,,,NOT_APPLICABLE_GLOBAL_BASELINE,HF9g-P5,,,,X 全窗基线 · 不参与实体赏罚,6871219,688,A168_HF9F_20260827_0900,2026-08-27 09:00:00
2026-04-04,146942045,986,0,2.1082368815,-2.1082368815,-2.1082368815,0E-7,1,1,0.49324550000000000,0.493245500000,-0.9865810262130424,-0.9865810262130424,-0.9865810262130424,0E-17,ELIGIBLE,R03b_20260811_FULL_v1,L1_ELIGIBILITY,v2026-08-11,2026-03-21..2026-08-06,baccarat_bet02_101_all_pairs_incl_sentinel,round_win = game_pnl > 0 (decisive only),COMPATIBILITY_ONLY_NOT_PRODUCTION,1641.7757,1476.8053,167.8864,459,458,-0.10225901,,-0.10225901,-0.10225901,-167.8864,1641.7757,OK,0.0000,6.7155,4.0000,96.0000,AG03-UNRESOLVED,ALL5_LEVELS_bet23_to_bet27,6.7155,6.7155,6.7155,6.7155,6.7155,4.000000,4.000000,4.000000,4.000000,4.000000,96.000000,96.000000,96.000000,96.000000,96.000000,5.0,33.5773,30.9964,134.3091,136.8899,PENDING_AG03,FALSE,NOT_FOR_ENFORCEMENT,161.1709,1417.7330,167.8864,161.1709,6.7155,0.10225901,0.09816865,6.7155,161.1709,0.09816865,6.7155,6.7155,6.7155,6.7155,6.7155,161.1709,0.09816865,33.5773,30.9964,134.3091,136.8899,0.08180721,0.0833792,0.00409036,3.5769,3.2245,0.3666,13.9905,0.7114,136.8146,38.1667,,3.5769,2.1082,2.2009,4.2165,6.3247,10.796,14.3714,2.2009,0.0,4.90527,6.529774,1.625179,30,94,13,2,0E-8,0.10225901,,0E-8,0.000000,0.899517,0.000000,,2026-03-25,2026-05-11,12,236,153,48,0.250000,,,0.000000,,,,,,,,GLOBAL_BASELINE_NO_ENTITY_RANKING,,,NOT_APPLICABLE_GLOBAL_BASELINE,HF9g-P5,,,,X 全窗基线 · 不参与实体赏罚,6871220,688,A168_HF9F_20260827_0900,2026-08-27 09:00:00
2026-04-08,146942045,-1,1,14.7576581705,-6.5355343327,-6.5355343327,0.5000000,2,2,0.49994810000000000,0.499948100000,0.00014679536856514622,0.00014679536856514622,0.00014679536856514622,0E-17,SENTINEL_DEALER,R03b_20260811_FULL_v1,L1_ELIGIBILITY,v2026-08-11,2026-03-21..2026-08-06,baccarat_bet02_101_all_pairs_incl_sentinel,round_win = game_pnl > 0 (decisive only),COMPATIBILITY_ONLY_NOT_PRODUCTION,1641.7757,1476.8053,167.8864,459,458,-0.10225901,,-0.10225901,-0.10225901,-167.8864,1641.7757,OK,0.0000,6.7155,4.0000,96.0000,AG03-UNRESOLVED,ALL5_LEVELS_bet23_to_bet27,6.7155,6.7155,6.7155,6.7155,6.7155,4.000000,4.000000,4.000000,4.000000,4.000000,96.000000,96.000000,96.000000,96.000000,96.000000,5.0,33.5773,30.9964,134.3091,136.8899,PENDING_AG03,FALSE,NOT_FOR_ENFORCEMENT,161.1709,1417.7330,167.8864,161.1709,6.7155,0.10225901,0.09816865,6.7155,161.1709,0.09816865,6.7155,6.7155,6.7155,6.7155,6.7155,161.1709,0.09816865,33.5773,30.9964,134.3091,136.8899,0.08180721,0.0833792,0.00409036,3.5769,3.2245,0.3666,13.9905,0.7114,136.8146,38.1667,,3.5769,2.1082,2.2009,4.2165,6.3247,10.796,14.3714,2.2009,0.0,4.90527,6.529774,1.625179,30,94,13,2,0E-8,0.10225901,,0E-8,0.000000,0.899517,0.000000,,2026-03-25,2026-05-11,12,236,153,48,0.250000,,,0.000000,,,,,,,,GLOBAL_BASELINE_NO_ENTITY_RANKING,,,NOT_APPLICABLE_GLOBAL_BASELINE,HF9g-P5,,,,X 全窗基线 · 不参与实体赏罚,6871221,688,A168_HF9F_20260827_0900,2026-08-27 09:00:00
2026-04-08,146942045,1383,0,4.2164737630,4.0056500748,4.0056500748,1.0000000,1,1,0.50665070000000000,0.506650700000,0.9867858985152569,0.9867858985152569,0.9867858985152569,0E-17,ELIGIBLE,R03b_20260811_FULL_v1,L1_ELIGIBILITY,v2026-08-11,2026-03-21..2026-08-06,baccarat_bet02_101_all_pairs_incl_sentinel,round_win = game_pnl > 0 (decisive only),COMPATIBILITY_ONLY_NOT_PRODUCTION,1641.7757,1476.8053,167.8864,459,458,-0.10225901,,-0.10225901,-0.10225901,-167.8864,1641.7757,OK,0.0000,6.7155,4.0000,96.0000,AG03-UNRESOLVED,ALL5_LEVELS_bet23_to_bet27,6.7155,6.7155,6.7155,6.7155,6.7155,4.000000,4.000000,4.000000,4.000000,4.000000,96.000000,96.000000,96.000000,96.000000,96.000000,5.0,33.5773,30.9964,134.3091,136.8899,PENDING_AG03,FALSE,NOT_FOR_ENFORCEMENT,161.1709,1417.7330,167.8864,161.1709,6.7155,0.10225901,0.09816865,6.7155,161.1709,0.09816865,6.7155,6.7155,6.7155,6.7155,6.7155,161.1709,0.09816865,33.5773,30.9964,134.3091,136.8899,0.08180721,0.0833792,0.00409036,3.5769,3.2245,0.3666,13.9905,0.7114,136.8146,38.1667,,3.5769,2.1082,2.2009,4.2165,6.3247,10.796,14.3714,2.2009,0.0,4.90527,6.529774,1.625179,30,94,13,2,0E-8,0.10225901,,0E-8,0.000000,0.899517,0.000000,,2026-03-25,2026-05-11,12,236,153,48,0.250000,,,0.000000,,,,,,,,GLOBAL_BASELINE_NO_ENTITY_RANKING,,,NOT_APPLICABLE_GLOBAL_BASELINE,HF9g-P5,,,,X 全窗基线 · 不参与实体赏罚,6871222,688,A168_HF9F_20260827_0900,2026-08-27 09:00:00
2026-04-08,146942045,2134,0,8.2221238378,-8.2221238378,-8.2221238378,0E-7,1,1,0.50665070000000000,0.506650700000,-1.013391052207602,-1.013391052207602,-1.013391052207602,0E-17,ELIGIBLE,R03b_20260811_FULL_v1,L1_ELIGIBILITY,v2026-08-11,2026-03-21..2026-08-06,baccarat_bet02_101_all_pairs_incl_sentinel,round_win = game_pnl > 0 (decisive only),COMPATIBILITY_ONLY_NOT_PRODUCTION,1641.7757,1476.8053,167.8864,459,458,-0.10225901,,-0.10225901,-0.10225901,-167.8864,1641.7757,OK,0.0000,6.7155,4.0000,96.0000,AG03-UNRESOLVED,ALL5_LEVELS_bet23_to_bet27,6.7155,6.7155,6.7155,6.7155,6.7155,4.000000,4.000000,4.000000,4.000000,4.000000,96.000000,96.000000,96.000000,96.000000,96.000000,5.0,33.5773,30.9964,134.3091,136.8899,PENDING_AG03,FALSE,NOT_FOR_ENFORCEMENT,161.1709,1417.7330,167.8864,161.1709,6.7155,0.10225901,0.09816865,6.7155,161.1709,0.09816865,6.7155,6.7155,6.7155,6.7155,6.7155,161.1709,0.09816865,33.5773,30.9964,134.3091,136.8899,0.08180721,0.0833792,0.00409036,3.5769,3.2245,0.3666,13.9905,0.7114,136.8146,38.1667,,3.5769,2.1082,2.2009,4.2165,6.3247,10.796,14.3714,2.2009,0.0,4.90527,6.529774,1.625179,30,94,13,2,0E-8,0.10225901,,0E-8,0.000000,0.899517,0.000000,,2026-03-25,2026-05-11,12,236,153,48,0.250000,,,0.000000,,,,,,,,GLOBAL_BASELINE_NO_ENTITY_RANKING,,,NOT_APPLICABLE_GLOBAL_BASELINE,HF9g-P5,,,,X 全窗基线 · 不参与实体赏罚,6871223,688,A168_HF9F_20260827_0900,2026-08-27 09:00:00
2026-04-08,146942045,2233,0,10.5411844075,-10.5411844075,-10.5411844075,0E-7,1,1,0.49324550000000000,0.493245500000,-0.9865810262130424,-0.9865810262130424,-0.9865810262130424,0E-17,ELIGIBLE,R03b_20260811_FULL_v1,L1_ELIGIBILITY,v2026-08-11,2026-03-21..2026-08-06,baccarat_bet02_101_all_pairs_incl_sentinel,round_win = game_pnl > 0 (decisive only),COMPATIBILITY_ONLY_NOT_PRODUCTION,1641.7757,1476.8053,167.8864,459,458,-0.10225901,,-0.10225901,-0.10225901,-167.8864,1641.7757,OK,0.0000,6.7155,4.0000,96.0000,AG03-UNRESOLVED,ALL5_LEVELS_bet23_to_bet27,6.7155,6.7155,6.7155,6.7155,6.7155,4.000000,4.000000,4.000000,4.000000,4.000000,96.000000,96.000000,96.000000,96.000000,96.000000,5.0,33.5773,30.9964,134.3091,136.8899,PENDING_AG03,FALSE,NOT_FOR_ENFORCEMENT,161.1709,1417.7330,167.8864,161.1709,6.7155,0.10225901,0.09816865,6.7155,161.1709,0.09816865,6.7155,6.7155,6.7155,6.7155,6.7155,161.1709,0.09816865,33.5773,30.9964,134.3091,136.8899,0.08180721,0.0833792,0.00409036,3.5769,3.2245,0.3666,13.9905,0.7114,136.8146,38.1667,,3.5769,2.1082,2.2009,4.2165,6.3247,10.796,14.3714,2.2009,0.0,4.90527,6.529774,1.625179,30,94,13,2,0E-8,0.10225901,,0E-8,0.000000,0.899517,0.000000,,2026-03-25,2026-05-11,12,236,153,48,0.250000,,,0.000000,,,,,,,,GLOBAL_BASELINE_NO_ENTITY_RANKING,,,NOT_APPLICABLE_GLOBAL_BASELINE,HF9g-P5,,,,X 全窗基线 · 不参与实体赏罚,6871224,688,A168_HF9F_20260827_0900,2026-08-27 09:00:00
2026-04-09,146942045,-1,1,33.7317901040,-4.6381211394,-4.6381211394,0.4000000,7,7,0.50665070000000000,0.506650700000,-0.4769986289884125,-0.4769986289884125,-0.4769986289884125,0E-17,SENTINEL_DEALER,R03b_20260811_FULL_v1,L1_ELIGIBILITY,v2026-08-11,2026-03-21..2026-08-06,baccarat_bet02_101_all_pairs_incl_sentinel,round_win = game_pnl > 0 (decisive only),COMPATIBILITY_ONLY_NOT_PRODUCTION,1641.7757,1476.8053,167.8864,459,458,-0.10225901,,-0.10225901,-0.10225901,-167.8864,1641.7757,OK,0.0000,6.7155,4.0000,96.0000,AG03-UNRESOLVED,ALL5_LEVELS_bet23_to_bet27,6.7155,6.7155,6.7155,6.7155,6.7155,4.000000,4.000000,4.000000,4.000000,4.000000,96.000000,96.000000,96.000000,96.000000,96.000000,5.0,33.5773,30.9964,134.3091,136.8899,PENDING_AG03,FALSE,NOT_FOR_ENFORCEMENT,161.1709,1417.7330,167.8864,161.1709,6.7155,0.10225901,0.09816865,6.7155,161.1709,0.09816865,6.7155,6.7155,6.7155,6.7155,6.7155,161.1709,0.09816865,33.5773,30.9964,134.3091,136.8899,0.08180721,0.0833792,0.00409036,3.5769,3.2245,0.3666,13.9905,0.7114,136.8146,38.1667,,3.5769,2.1082,2.2009,4.2165,6.3247,10.796,14.3714,2.2009,0.0,4.90527,6.529774,1.625179,30,94,13,2,0E-8,0.10225901,,0E-8,0.000000,0.899517,0.000000,,2026-03-25,2026-05-11,12,236,153,48,0.250000,,,0.000000,,,,,,,,GLOBAL_BASELINE_NO_ENTITY_RANKING,,,NOT_APPLICABLE_GLOBAL_BASELINE,HF9g-P5,,,,X 全窗基线 · 不参与实体赏罚,6871225,688,A168_HF9F_20260827_0900,2026-08-27 09:00:00
2026-04-09,146942045,1210,0,10.5411844075,-2.3190605697,-2.3190605697,0.5000000,2,2,0.50665070000000000,0.506650700000,-0.018812684590367487,-0.018812684590367487,-0.018812684590367487,0E-17,ELIGIBLE,R03b_20260811_FULL_v1,L1_ELIGIBILITY,v2026-08-11,2026-03-21..2026-08-06,baccarat_bet02_101_all_pairs_incl_sentinel,round_win = game_pnl > 0 (decisive only),COMPATIBILITY_ONLY_NOT_PRODUCTION,1641.7757,1476.8053,167.8864,459,458,-0.10225901,,-0.10225901,-0.10225901,-167.8864,1641.7757,OK,0.0000,6.7155,4.0000,96.0000,AG03-UNRESOLVED,ALL5_LEVELS_bet23_to_bet27,6.7155,6.7155,6.7155,6.7155,6.7155,4.000000,4.000000,4.000000,4.000000,4.000000,96.000000,96.000000,96.000000,96.000000,96.000000,5.0,33.5773,30.9964,134.3091,136.8899,PENDING_AG03,FALSE,NOT_FOR_ENFORCEMENT,161.1709,1417.7330,167.8864,161.1709,6.7155,0.10225901,0.09816865,6.7155,161.1709,0.09816865,6.7155,6.7155,6.7155,6.7155,6.7155,161.1709,0.09816865,33.5773,30.9964,134.3091,136.8899,0.08180721,0.0833792,0.00409036,3.5769,3.2245,0.3666,13.9905,0.7114,136.8146,38.1667,,3.5769,2.1082,2.2009,4.2165,6.3247,10.796,14.3714,2.2009,0.0,4.90527,6.529774,1.625179,30,94,13,2,0E-8,0.10225901,,0E-8,0.000000,0.899517,0.000000,,2026-03-25,2026-05-11,12,236,153,48,0.250000,,,0.000000,,,,,,,,GLOBAL_BASELINE_NO_ENTITY_RANKING,,,NOT_APPLICABLE_GLOBAL_BASELINE,HF9g-P5,,,,X 全窗基线 · 不参与实体赏罚,6871226,688,A168_HF9F_20260827_0900,2026-08-27 09:00:00
2026-04-09,146942045,1330,0,27.4070794595,13.9143634179,13.9143634179,0.7500000,4,4,0.50329940000000000,0.503299400000,0.9868238854431842,0.9868238854431842,0.9868238854431842,0E-17,ELIGIBLE,R03b_20260811_FULL_v1,L1_ELIGIBILITY,v2026-08-11,2026-03-21..2026-08-06,baccarat_bet02_101_all_pairs_incl_sentinel,round_win = game_pnl > 0 (decisive only),COMPATIBILITY_ONLY_NOT_PRODUCTION,1641.7757,1476.8053,167.8864,459,458,-0.10225901,,-0.10225901,-0.10225901,-167.8864,1641.7757,OK,0.0000,6.7155,4.0000,96.0000,AG03-UNRESOLVED,ALL5_LEVELS_bet23_to_bet27,6.7155,6.7155,6.7155,6.7155,6.7155,4.000000,4.000000,4.000000,4.000000,4.000000,96.000000,96.000000,96.000000,96.000000,96.000000,5.0,33.5773,30.9964,134.3091,136.8899,PENDING_AG03,FALSE,NOT_FOR_ENFORCEMENT,161.1709,1417.7330,167.8864,161.1709,6.7155,0.10225901,0.09816865,6.7155,161.1709,0.09816865,6.7155,6.7155,6.7155,6.7155,6.7155,161.1709,0.09816865,33.5773,30.9964,134.3091,136.8899,0.08180721,0.0833792,0.00409036,3.5769,3.2245,0.3666,13.9905,0.7114,136.8146,38.1667,,3.5769,2.1082,2.2009,4.2165,6.3247,10.796,14.3714,2.2009,0.0,4.90527,6.529774,1.625179,30,94,13,2,0E-8,0.10225901,,0E-8,0.000000,0.899517,0.000000,,2026-03-25,2026-05-11,12,236,153,48,0.250000,,,0.000000,,,,,,,,GLOBAL_BASELINE_NO_ENTITY_RANKING,,,NOT_APPLICABLE_GLOBAL_BASELINE,HF9g-P5,,,,X 全窗基线 · 不参与实体赏罚,6871227,688,A168_HF9F_20260827_0900,2026-08-27 09:00:00
2026-04-09,146942045,1509,0,16.8658950520,3.6894145426,3.6894145426,0.5000000,2,2,0.50665070000000000,0.506650700000,-0.018812684590367487,-0.018812684590367487,-0.018812684590367487,0E-17,ELIGIBLE,R03b_20260811_FULL_v1,L1_ELIGIBILITY,v2026-08-11,2026-03-21..2026-08-06,baccarat_bet02_101_all_pairs_incl_sentinel,round_win = game_pnl > 0 (decisive only),COMPATIBILITY_ONLY_NOT_PRODUCTION,1641.7757,1476.8053,167.8864,459,458,-0.10225901,,-0.10225901,-0.10225901,-167.8864,1641.7757,OK,0.0000,6.7155,4.0000,96.0000,AG03-UNRESOLVED,ALL5_LEVELS_bet23_to_bet27,6.7155,6.7155,6.7155,6.7155,6.7155,4.000000,4.000000,4.000000,4.000000,4.000000,96.000000,96.000000,96.000000,96.000000,96.000000,5.0,33.5773,30.9964,134.3091,136.8899,PENDING_AG03,FALSE,NOT_FOR_ENFORCEMENT,161.1709,1417.7330,167.8864,161.1709,6.7155,0.10225901,0.09816865,6.7155,161.1709,0.09816865,6.7155,6.7155,6.7155,6.7155,6.7155,161.1709,0.09816865,33.5773,30.9964,134.3091,136.8899,0.08180721,0.0833792,0.00409036,3.5769,3.2245,0.3666,13.9905,0.7114,136.8146,38.1667,,3.5769,2.1082,2.2009,4.2165,6.3247,10.796,14.3714,2.2009,0.0,4.90527,6.529774,1.625179,30,94,13,2,0E-8,0.10225901,,0E-8,0.000000,0.899517,0.000000,,2026-03-25,2026-05-11,12,236,153,48,0.250000,,,0.000000,,,,,,,,GLOBAL_BASELINE_NO_ENTITY_RANKING,,,NOT_APPLICABLE_GLOBAL_BASELINE,HF9g-P5,,,,X 全窗基线 · 不参与实体赏罚,6871228,688,A168_HF9F_20260827_0900,2026-08-27 09:00:00
2026-04-09,146942045,1935,0,8.4329475260,-0.2108236882,-0.2108236882,0.5000000,2,2,0.50665070000000000,0.506650700000,-0.018812684590367487,-0.018812684590367487,-0.018812684590367487,0E-17,ELIGIBLE,R03b_20260811_FULL_v1,L1_ELIGIBILITY,v2026-08-11,2026-03-21..2026-08-06,baccarat_bet02_101_all_pairs_incl_sentinel,round_win = game_pnl > 0 (decisive only),COMPATIBILITY_ONLY_NOT_PRODUCTION,1641.7757,1476.8053,167.8864,459,458,-0.10225901,,-0.10225901,-0.10225901,-167.8864,1641.7757,OK,0.0000,6.7155,4.0000,96.0000,AG03-UNRESOLVED,ALL5_LEVELS_bet23_to_bet27,6.7155,6.7155,6.7155,6.7155,6.7155,4.000000,4.000000,4.000000,4.000000,4.000000,96.000000,96.000000,96.000000,96.000000,96.000000,5.0,33.5773,30.9964,134.3091,136.8899,PENDING_AG03,FALSE,NOT_FOR_ENFORCEMENT,161.1709,1417.7330,167.8864,161.1709,6.7155,0.10225901,0.09816865,6.7155,161.1709,0.09816865,6.7155,6.7155,6.7155,6.7155,6.7155,161.1709,0.09816865,33.5773,30.9964,134.3091,136.8899,0.08180721,0.0833792,0.00409036,3.5769,3.2245,0.3666,13.9905,0.7114,136.8146,38.1667,,3.5769,2.1082,2.2009,4.2165,6.3247,10.796,14.3714,2.2009,0.0,4.90527,6.529774,1.625179,30,94,13,2,0E-8,0.10225901,,0E-8,0.000000,0.899517,0.000000,,2026-03-25,2026-05-11,12,236,153,48,0.250000,,,0.000000,,,,,,,,GLOBAL_BASELINE_NO_ENTITY_RANKING,,,NOT_APPLICABLE_GLOBAL_BASELINE,HF9g-P5,,,,X 全窗基线 · 不参与实体赏罚,6871229,688,A168_HF9F_20260827_0900,2026-08-27 09:00:00
2026-04-09,146942045,2246,0,8.4329475260,-8.4329475260,-8.4329475260,0E-7,1,1,0.49324550000000000,0.493245500000,-0.9865810262130424,-0.9865810262130424,-0.9865810262130424,0E-17,ELIGIBLE,R03b_20260811_FULL_v1,L1_ELIGIBILITY,v2026-08-11,2026-03-21..2026-08-06,baccarat_bet02_101_all_pairs_incl_sentinel,round_win = game_pnl > 0 (decisive only),COMPATIBILITY_ONLY_NOT_PRODUCTION,1641.7757,1476.8053,167.8864,459,458,-0.10225901,,-0.10225901,-0.10225901,-167.8864,1641.7757,OK,0.0000,6.7155,4.0000,96.0000,AG03-UNRESOLVED,ALL5_LEVELS_bet23_to_bet27,6.7155,6.7155,6.7155,6.7155,6.7155,4.000000,4.000000,4.000000,4.000000,4.000000,96.000000,96.000000,96.000000,96.000000,96.000000,5.0,33.5773,30.9964,134.3091,136.8899,PENDING_AG03,FALSE,NOT_FOR_ENFORCEMENT,161.1709,1417.7330,167.8864,161.1709,6.7155,0.10225901,0.09816865,6.7155,161.1709,0.09816865,6.7155,6.7155,6.7155,6.7155,6.7155,161.1709,0.09816865,33.5773,30.9964,134.3091,136.8899,0.08180721,0.0833792,0.00409036,3.5769,3.2245,0.3666,13.9905,0.7114,136.8146,38.1667,,3.5769,2.1082,2.2009,4.2165,6.3247,10.796,14.3714,2.2009,0.0,4.90527,6.529774,1.625179,30,94,13,2,0E-8,0.10225901,,0E-8,0.000000,0.899517,0.000000,,2026-03-25,2026-05-11,12,236,153,48,0.250000,,,0.000000,,,,,,,,GLOBAL_BASELINE_NO_ENTITY_RANKING,,,NOT_APPLICABLE_GLOBAL_BASELINE,HF9g-P5,,,,X 全窗基线 · 不参与实体赏罚,6871230,688,A168_HF9F_20260827_0900,2026-08-27 09:00:00
2026-04-09,146942045,550,0,4.2164737630,4.2164737630,4.2164737630,1.0000000,1,1,0.49324550000000000,0.493245500000,1.01360149184955,1.01360149184955,1.01360149184955,0E-17,ELIGIBLE,R03b_20260811_FULL_v1,L1_ELIGIBILITY,v2026-08-11,2026-03-21..2026-08-06,baccarat_bet02_101_all_pairs_incl_sentinel,round_win = game_pnl > 0 (decisive only),COMPATIBILITY_ONLY_NOT_PRODUCTION,1641.7757,1476.8053,167.8864,459,458,-0.10225901,,-0.10225901,-0.10225901,-167.8864,1641.7757,OK,0.0000,6.7155,4.0000,96.0000,AG03-UNRESOLVED,ALL5_LEVELS_bet23_to_bet27,6.7155,6.7155,6.7155,6.7155,6.7155,4.000000,4.000000,4.000000,4.000000,4.000000,96.000000,96.000000,96.000000,96.000000,96.000000,5.0,33.5773,30.9964,134.3091,136.8899,PENDING_AG03,FALSE,NOT_FOR_ENFORCEMENT,161.1709,1417.7330,167.8864,161.1709,6.7155,0.10225901,0.09816865,6.7155,161.1709,0.09816865,6.7155,6.7155,6.7155,6.7155,6.7155,161.1709,0.09816865,33.5773,30.9964,134.3091,136.8899,0.08180721,0.0833792,0.00409036,3.5769,3.2245,0.3666,13.9905,0.7114,136.8146,38.1667,,3.5769,2.1082,2.2009,4.2165,6.3247,10.796,14.3714,2.2009,0.0,4.90527,6.529774,1.625179,30,94,13,2,0E-8,0.10225901,,0E-8,0.000000,0.899517,0.000000,,2026-03-25,2026-05-11,12,236,153,48,0.250000,,,0.000000,,,,,,,,GLOBAL_BASELINE_NO_ENTITY_RANKING,,,NOT_APPLICABLE_GLOBAL_BASELINE,HF9g-P5,,,,X 全窗基线 · 不参与实体赏罚,6871231,688,A168_HF9F_20260827_0900,2026-08-27 09:00:00
2026-04-17,146942045,-1,1,29.5153163410,0E-10,0E-10,0.5000000,4,4,0.49324550000000000,0.493245500000,0.01910635448239258,0.01910635448239258,0.01910635448239258,0E-17,SENTINEL_DEALER,R03b_20260811_FULL_v1,L1_ELIGIBILITY,v2026-08-11,2026-03-21..2026-08-06,baccarat_bet02_101_all_pairs_incl_sentinel,round_win = game_pnl > 0 (decisive only),COMPATIBILITY_ONLY_NOT_PRODUCTION,1641.7757,1476.8053,167.8864,459,458,-0.10225901,,-0.10225901,-0.10225901,-167.8864,1641.7757,OK,0.0000,6.7155,4.0000,96.0000,AG03-UNRESOLVED,ALL5_LEVELS_bet23_to_bet27,6.7155,6.7155,6.7155,6.7155,6.7155,4.000000,4.000000,4.000000,4.000000,4.000000,96.000000,96.000000,96.000000,96.000000,96.000000,5.0,33.5773,30.9964,134.3091,136.8899,PENDING_AG03,FALSE,NOT_FOR_ENFORCEMENT,161.1709,1417.7330,167.8864,161.1709,6.7155,0.10225901,0.09816865,6.7155,161.1709,0.09816865,6.7155,6.7155,6.7155,6.7155,6.7155,161.1709,0.09816865,33.5773,30.9964,134.3091,136.8899,0.08180721,0.0833792,0.00409036,3.5769,3.2245,0.3666,13.9905,0.7114,136.8146,38.1667,,3.5769,2.1082,2.2009,4.2165,6.3247,10.796,14.3714,2.2009,0.0,4.90527,6.529774,1.625179,30,94,13,2,0E-8,0.10225901,,0E-8,0.000000,0.899517,0.000000,,2026-03-25,2026-05-11,12,236,153,48,0.250000,,,0.000000,,,,,,,,GLOBAL_BASELINE_NO_ENTITY_RANKING,,,NOT_APPLICABLE_GLOBAL_BASELINE,HF9g-P5,,,,X 全窗基线 · 不参与实体赏罚,6871232,688,A168_HF9F_20260827_0900,2026-08-27 09:00:00
2026-04-17,146942045,1210,0,4.2164737630,-4.2164737630,-4.2164737630,0E-7,1,1,0.50665070000000000,0.506650700000,-1.013391052207602,-1.013391052207602,-1.013391052207602,0E-17,ELIGIBLE,R03b_20260811_FULL_v1,L1_ELIGIBILITY,v2026-08-11,2026-03-21..2026-08-06,baccarat_bet02_101_all_pairs_incl_sentinel,round_win = game_pnl > 0 (decisive only),COMPATIBILITY_ONLY_NOT_PRODUCTION,1641.7757,1476.8053,167.8864,459,458,-0.10225901,,-0.10225901,-0.10225901,-167.8864,1641.7757,OK,0.0000,6.7155,4.0000,96.0000,AG03-UNRESOLVED,ALL5_LEVELS_bet23_to_bet27,6.7155,6.7155,6.7155,6.7155,6.7155,4.000000,4.000000,4.000000,4.000000,4.000000,96.000000,96.000000,96.000000,96.000000,96.000000,5.0,33.5773,30.9964,134.3091,136.8899,PENDING_AG03,FALSE,NOT_FOR_ENFORCEMENT,161.1709,1417.7330,167.8864,161.1709,6.7155,0.10225901,0.09816865,6.7155,161.1709,0.09816865,6.7155,6.7155,6.7155,6.7155,6.7155,161.1709,0.09816865,33.5773,30.9964,134.3091,136.8899,0.08180721,0.0833792,0.00409036,3.5769,3.2245,0.3666,13.9905,0.7114,136.8146,38.1667,,3.5769,2.1082,2.2009,4.2165,6.3247,10.796,14.3714,2.2009,0.0,4.90527,6.529774,1.625179,30,94,13,2,0E-8,0.10225901,,0E-8,0.000000,0.899517,0.000000,,2026-03-25,2026-05-11,12,236,153,48,0.250000,,,0.000000,,,,,,,,GLOBAL_BASELINE_NO_ENTITY_RANKING,,,NOT_APPLICABLE_GLOBAL_BASELINE,HF9g-P5,,,,X 全窗基线 · 不参与实体赏罚,6871233,688,A168_HF9F_20260827_0900,2026-08-27 09:00:00
2026-04-17,146942045,1307,0,10.5411844075,10.0141251871,10.0141251871,1.0000000,1,1,0.50665070000000000,0.506650700000,0.9867858985152569,0.9867858985152569,0.9867858985152569,0E-17,ELIGIBLE,R03b_20260811_FULL_v1,L1_ELIGIBILITY,v2026-08-11,2026-03-21..2026-08-06,baccarat_bet02_101_all_pairs_incl_sentinel,round_win = game_pnl > 0 (decisive only),COMPATIBILITY_ONLY_NOT_PRODUCTION,1641.7757,1476.8053,167.8864,459,458,-0.10225901,,-0.10225901,-0.10225901,-167.8864,1641.7757,OK,0.0000,6.7155,4.0000,96.0000,AG03-UNRESOLVED,ALL5_LEVELS_bet23_to_bet27,6.7155,6.7155,6.7155,6.7155,6.7155,4.000000,4.000000,4.000000,4.000000,4.000000,96.000000,96.000000,96.000000,96.000000,96.000000,5.0,33.5773,30.9964,134.3091,136.8899,PENDING_AG03,FALSE,NOT_FOR_ENFORCEMENT,161.1709,1417.7330,167.8864,161.1709,6.7155,0.10225901,0.09816865,6.7155,161.1709,0.09816865,6.7155,6.7155,6.7155,6.7155,6.7155,161.1709,0.09816865,33.5773,30.9964,134.3091,136.8899,0.08180721,0.0833792,0.00409036,3.5769,3.2245,0.3666,13.9905,0.7114,136.8146,38.1667,,3.5769,2.1082,2.2009,4.2165,6.3247,10.796,14.3714,2.2009,0.0,4.90527,6.529774,1.625179,30,94,13,2,0E-8,0.10225901,,0E-8,0.000000,0.899517,0.000000,,2026-03-25,2026-05-11,12,236,153,48,0.250000,,,0.000000,,,,,,,,GLOBAL_BASELINE_NO_ENTITY_RANKING,,,NOT_APPLICABLE_GLOBAL_BASELINE,HF9g-P5,,,,X 全窗基线 · 不参与实体赏罚,6871234,688,A168_HF9F_20260827_0900,2026-08-27 09:00:00
2026-04-17,146942045,1374,0,10.5411844075,10.0141251871,10.0141251871,1.0000000,1,1,0.50665070000000000,0.506650700000,0.9867858985152569,0.9867858985152569,0.9867858985152569,0E-17,ELIGIBLE,R03b_20260811_FULL_v1,L1_ELIGIBILITY,v2026-08-11,2026-03-21..2026-08-06,baccarat_bet02_101_all_pairs_incl_sentinel,round_win = game_pnl > 0 (decisive only),COMPATIBILITY_ONLY_NOT_PRODUCTION,1641.7757,1476.8053,167.8864,459,458,-0.10225901,,-0.10225901,-0.10225901,-167.8864,1641.7757,OK,0.0000,6.7155,4.0000,96.0000,AG03-UNRESOLVED,ALL5_LEVELS_bet23_to_bet27,6.7155,6.7155,6.7155,6.7155,6.7155,4.000000,4.000000,4.000000,4.000000,4.000000,96.000000,96.000000,96.000000,96.000000,96.000000,5.0,33.5773,30.9964,134.3091,136.8899,PENDING_AG03,FALSE,NOT_FOR_ENFORCEMENT,161.1709,1417.7330,167.8864,161.1709,6.7155,0.10225901,0.09816865,6.7155,161.1709,0.09816865,6.7155,6.7155,6.7155,6.7155,6.7155,161.1709,0.09816865,33.5773,30.9964,134.3091,136.8899,0.08180721,0.0833792,0.00409036,3.5769,3.2245,0.3666,13.9905,0.7114,136.8146,38.1667,,3.5769,2.1082,2.2009,4.2165,6.3247,10.796,14.3714,2.2009,0.0,4.90527,6.529774,1.625179,30,94,13,2,0E-8,0.10225901,,0E-8,0.000000,0.899517,0.000000,,2026-03-25,2026-05-11,12,236,153,48,0.250000,,,0.000000,,,,,,,,GLOBAL_BASELINE_NO_ENTITY_RANKING,,,NOT_APPLICABLE_GLOBAL_BASELINE,HF9g-P5,,,,X 全窗基线 · 不参与实体赏罚,6871235,688,A168_HF9F_20260827_0900,2026-08-27 09:00:00
2026-04-17,146942045,1400,0,4.2164737630,-4.2164737630,-4.2164737630,0E-7,1,1,0.50665070000000000,0.506650700000,-1.013391052207602,-1.013391052207602,-1.013391052207602,0E-17,ELIGIBLE,R03b_20260811_FULL_v1,L1_ELIGIBILITY,v2026-08-11,2026-03-21..2026-08-06,baccarat_bet02_101_all_pairs_incl_sentinel,round_win = game_pnl > 0 (decisive only),COMPATIBILITY_ONLY_NOT_PRODUCTION,1641.7757,1476.8053,167.8864,459,458,-0.10225901,,-0.10225901,-0.10225901,-167.8864,1641.7757,OK,0.0000,6.7155,4.0000,96.0000,AG03-UNRESOLVED,ALL5_LEVELS_bet23_to_bet27,6.7155,6.7155,6.7155,6.7155,6.7155,4.000000,4.000000,4.000000,4.000000,4.000000,96.000000,96.000000,96.000000,96.000000,96.000000,5.0,33.5773,30.9964,134.3091,136.8899,PENDING_AG03,FALSE,NOT_FOR_ENFORCEMENT,161.1709,1417.7330,167.8864,161.1709,6.7155,0.10225901,0.09816865,6.7155,161.1709,0.09816865,6.7155,6.7155,6.7155,6.7155,6.7155,161.1709,0.09816865,33.5773,30.9964,134.3091,136.8899,0.08180721,0.0833792,0.00409036,3.5769,3.2245,0.3666,13.9905,0.7114,136.8146,38.1667,,3.5769,2.1082,2.2009,4.2165,6.3247,10.796,14.3714,2.2009,0.0,4.90527,6.529774,1.625179,30,94,13,2,0E-8,0.10225901,,0E-8,0.000000,0.899517,0.000000,,2026-03-25,2026-05-11,12,236,153,48,0.250000,,,0.000000,,,,,,,,GLOBAL_BASELINE_NO_ENTITY_RANKING,,,NOT_APPLICABLE_GLOBAL_BASELINE,HF9g-P5,,,,X 全窗基线 · 不参与实体赏罚,6871236,688,A168_HF9F_20260827_0900,2026-08-27 09:00:00
2026-04-17,146942045,1654,0,10.5411844075,-10.5411844075,-10.5411844075,0E-7,1,1,0.50665070000000000,0.506650700000,-1.013391052207602,-1.013391052207602,-1.013391052207602,0E-17,ELIGIBLE,R03b_20260811_FULL_v1,L1_ELIGIBILITY,v2026-08-11,2026-03-21..2026-08-06,baccarat_bet02_101_all_pairs_incl_sentinel,round_win = game_pnl > 0 (decisive only),COMPATIBILITY_ONLY_NOT_PRODUCTION,1641.7757,1476.8053,167.8864,459,458,-0.10225901,,-0.10225901,-0.10225901,-167.8864,1641.7757,OK,0.0000,6.7155,4.0000,96.0000,AG03-UNRESOLVED,ALL5_LEVELS_bet23_to_bet27,6.7155,6.7155,6.7155,6.7155,6.7155,4.000000,4.000000,4.000000,4.000000,4.000000,96.000000,96.000000,96.000000,96.000000,96.000000,5.0,33.5773,30.9964,134.3091,136.8899,PENDING_AG03,FALSE,NOT_FOR_ENFORCEMENT,161.1709,1417.7330,167.8864,161.1709,6.7155,0.10225901,0.09816865,6.7155,161.1709,0.09816865,6.7155,6.7155,6.7155,6.7155,6.7155,161.1709,0.09816865,33.5773,30.9964,134.3091,136.8899,0.08180721,0.0833792,0.00409036,3.5769,3.2245,0.3666,13.9905,0.7114,136.8146,38.1667,,3.5769,2.1082,2.2009,4.2165,6.3247,10.796,14.3714,2.2009,0.0,4.90527,6.529774,1.625179,30,94,13,2,0E-8,0.10225901,,0E-8,0.000000,0.899517,0.000000,,2026-03-25,2026-05-11,12,236,153,48,0.250000,,,0.000000,,,,,,,,GLOBAL_BASELINE_NO_ENTITY_RANKING,,,NOT_APPLICABLE_GLOBAL_BASELINE,HF9g-P5,,,,X 全窗基线 · 不参与实体赏罚,6871237,688,A168_HF9F_20260827_0900,2026-08-27 09:00:00
2026-04-17,146942045,1702,0,4.2164737630,-4.2164737630,-4.2164737630,0E-7,1,1,0.50665070000000000,0.506650700000,-1.013391052207602,-1.013391052207602,-1.013391052207602,0E-17,ELIGIBLE,R03b_20260811_FULL_v1,L1_ELIGIBILITY,v2026-08-11,2026-03-21..2026-08-06,baccarat_bet02_101_all_pairs_incl_sentinel,round_win = game_pnl > 0 (decisive only),COMPATIBILITY_ONLY_NOT_PRODUCTION,1641.7757,1476.8053,167.8864,459,458,-0.10225901,,-0.10225901,-0.10225901,-167.8864,1641.7757,OK,0.0000,6.7155,4.0000,96.0000,AG03-UNRESOLVED,ALL5_LEVELS_bet23_to_bet27,6.7155,6.7155,6.7155,6.7155,6.7155,4.000000,4.000000,4.000000,4.000000,4.000000,96.000000,96.000000,96.000000,96.000000,96.000000,5.0,33.5773,30.9964,134.3091,136.8899,PENDING_AG03,FALSE,NOT_FOR_ENFORCEMENT,161.1709,1417.7330,167.8864,161.1709,6.7155,0.10225901,0.09816865,6.7155,161.1709,0.09816865,6.7155,6.7155,6.7155,6.7155,6.7155,161.1709,0.09816865,33.5773,30.9964,134.3091,136.8899,0.08180721,0.0833792,0.00409036,3.5769,3.2245,0.3666,13.9905,0.7114,136.8146,38.1667,,3.5769,2.1082,2.2009,4.2165,6.3247,10.796,14.3714,2.2009,0.0,4.90527,6.529774,1.625179,30,94,13,2,0E-8,0.10225901,,0E-8,0.000000,0.899517,0.000000,,2026-03-25,2026-05-11,12,236,153,48,0.250000,,,0.000000,,,,,,,,GLOBAL_BASELINE_NO_ENTITY_RANKING,,,NOT_APPLICABLE_GLOBAL_BASELINE,HF9g-P5,,,,X 全窗基线 · 不参与实体赏罚,6871238,688,A168_HF9F_20260827_0900,2026-08-27 09:00:00
2026-04-17,146942045,1942,0,6.3247106445,-6.3247106445,-6.3247106445,0E-7,1,1,0.50665070000000000,0.506650700000,-1.013391052207602,-1.013391052207602,-1.013391052207602,0E-17,ELIGIBLE,R03b_20260811_FULL_v1,L1_ELIGIBILITY,v2026-08-11,2026-03-21..2026-08-06,baccarat_bet02_101_all_pairs_incl_sentinel,round_win = game_pnl > 0 (decisive only),COMPATIBILITY_ONLY_NOT_PRODUCTION,1641.7757,1476.8053,167.8864,459,458,-0.10225901,,-0.10225901,-0.10225901,-167.8864,1641.7757,OK,0.0000,6.7155,4.0000,96.0000,AG03-UNRESOLVED,ALL5_LEVELS_bet23_to_bet27,6.7155,6.7155,6.7155,6.7155,6.7155,4.000000,4.000000,4.000000,4.000000,4.000000,96.000000,96.000000,96.000000,96.000000,96.000000,5.0,33.5773,30.9964,134.3091,136.8899,PENDING_AG03,FALSE,NOT_FOR_ENFORCEMENT,161.1709,1417.7330,167.8864,161.1709,6.7155,0.10225901,0.09816865,6.7155,161.1709,0.09816865,6.7155,6.7155,6.7155,6.7155,6.7155,161.1709,0.09816865,33.5773,30.9964,134.3091,136.8899,0.08180721,0.0833792,0.00409036,3.5769,3.2245,0.3666,13.9905,0.7114,136.8146,38.1667,,3.5769,2.1082,2.2009,4.2165,6.3247,10.796,14.3714,2.2009,0.0,4.90527,6.529774,1.625179,30,94,13,2,0E-8,0.10225901,,0E-8,0.000000,0.899517,0.000000,,2026-03-25,2026-05-11,12,236,153,48,0.250000,,,0.000000,,,,,,,,GLOBAL_BASELINE_NO_ENTITY_RANKING,,,NOT_APPLICABLE_GLOBAL_BASELINE,HF9g-P5,,,,X 全窗基线 · 不参与实体赏罚,6871239,688,A168_HF9F_20260827_0900,2026-08-27 09:00:00
2026-04-17,146942045,2130,0,4.2164737630,-4.2164737630,-4.2164737630,0E-7,1,1,0.50665070000000000,0.506650700000,-1.013391052207602,-1.013391052207602,-1.013391052207602,0E-17,ELIGIBLE,R03b_20260811_FULL_v1,L1_ELIGIBILITY,v2026-08-11,2026-03-21..2026-08-06,baccarat_bet02_101_all_pairs_incl_sentinel,round_win = game_pnl > 0 (decisive only),COMPATIBILITY_ONLY_NOT_PRODUCTION,1641.7757,1476.8053,167.8864,459,458,-0.10225901,,-0.10225901,-0.10225901,-167.8864,1641.7757,OK,0.0000,6.7155,4.0000,96.0000,AG03-UNRESOLVED,ALL5_LEVELS_bet23_to_bet27,6.7155,6.7155,6.7155,6.7155,6.7155,4.000000,4.000000,4.000000,4.000000,4.000000,96.000000,96.000000,96.000000,96.000000,96.000000,5.0,33.5773,30.9964,134.3091,136.8899,PENDING_AG03,FALSE,NOT_FOR_ENFORCEMENT,161.1709,1417.7330,167.8864,161.1709,6.7155,0.10225901,0.09816865,6.7155,161.1709,0.09816865,6.7155,6.7155,6.7155,6.7155,6.7155,161.1709,0.09816865,33.5773,30.9964,134.3091,136.8899,0.08180721,0.0833792,0.00409036,3.5769,3.2245,0.3666,13.9905,0.7114,136.8146,38.1667,,3.5769,2.1082,2.2009,4.2165,6.3247,10.796,14.3714,2.2009,0.0,4.90527,6.529774,1.625179,30,94,13,2,0E-8,0.10225901,,0E-8,0.000000,0.899517,0.000000,,2026-03-25,2026-05-11,12,236,153,48,0.250000,,,0.000000,,,,,,,,GLOBAL_BASELINE_NO_ENTITY_RANKING,,,NOT_APPLICABLE_GLOBAL_BASELINE,HF9g-P5,,,,X 全窗基线 · 不参与实体赏罚,6871240,688,A168_HF9F_20260827_0900,2026-08-27 09:00:00
2026-04-17,146942045,2174,0,4.2164737630,4.0056500748,4.0056500748,1.0000000,1,1,0.50665070000000000,0.506650700000,0.9867858985152569,0.9867858985152569,0.9867858985152569,0E-17,ELIGIBLE,R03b_20260811_FULL_v1,L1_ELIGIBILITY,v2026-08-11,2026-03-21..2026-08-06,baccarat_bet02_101_all_pairs_incl_sentinel,round_win = game_pnl > 0 (decisive only),COMPATIBILITY_ONLY_NOT_PRODUCTION,1641.7757,1476.8053,167.8864,459,458,-0.10225901,,-0.10225901,-0.10225901,-167.8864,1641.7757,OK,0.0000,6.7155,4.0000,96.0000,AG03-UNRESOLVED,ALL5_LEVELS_bet23_to_bet27,6.7155,6.7155,6.7155,6.7155,6.7155,4.000000,4.000000,4.000000,4.000000,4.000000,96.000000,96.000000,96.000000,96.000000,96.000000,5.0,33.5773,30.9964,134.3091,136.8899,PENDING_AG03,FALSE,NOT_FOR_ENFORCEMENT,161.1709,1417.7330,167.8864,161.1709,6.7155,0.10225901,0.09816865,6.7155,161.1709,0.09816865,6.7155,6.7155,6.7155,6.7155,6.7155,161.1709,0.09816865,33.5773,30.9964,134.3091,136.8899,0.08180721,0.0833792,0.00409036,3.5769,3.2245,0.3666,13.9905,0.7114,136.8146,38.1667,,3.5769,2.1082,2.2009,4.2165,6.3247,10.796,14.3714,2.2009,0.0,4.90527,6.529774,1.625179,30,94,13,2,0E-8,0.10225901,,0E-8,0.000000,0.899517,0.000000,,2026-03-25,2026-05-11,12,236,153,48,0.250000,,,0.000000,,,,,,,,GLOBAL_BASELINE_NO_ENTITY_RANKING,,,NOT_APPLICABLE_GLOBAL_BASELINE,HF9g-P5,,,,X 全窗基线 · 不参与实体赏罚,6871241,688,A168_HF9F_20260827_0900,2026-08-27 09:00:00
2026-04-17,146942045,2212,0,35.8400269855,26.8800202391,26.8800202391,0.8000000,5,5,0.49860758000000000,0.498607580000,1.3478731046594083,1.3478731046594083,1.3478731046594083,0E-17,ELIGIBLE,R03b_20260811_FULL_v1,L1_ELIGIBILITY,v2026-08-11,2026-03-21..2026-08-06,baccarat_bet02_101_all_pairs_incl_sentinel,round_win = game_pnl > 0 (decisive only),COMPATIBILITY_ONLY_NOT_PRODUCTION,1641.7757,1476.8053,167.8864,459,458,-0.10225901,,-0.10225901,-0.10225901,-167.8864,1641.7757,OK,0.0000,6.7155,4.0000,96.0000,AG03-UNRESOLVED,ALL5_LEVELS_bet23_to_bet27,6.7155,6.7155,6.7155,6.7155,6.7155,4.000000,4.000000,4.000000,4.000000,4.000000,96.000000,96.000000,96.000000,96.000000,96.000000,5.0,33.5773,30.9964,134.3091,136.8899,PENDING_AG03,FALSE,NOT_FOR_ENFORCEMENT,161.1709,1417.7330,167.8864,161.1709,6.7155,0.10225901,0.09816865,6.7155,161.1709,0.09816865,6.7155,6.7155,6.7155,6.7155,6.7155,161.1709,0.09816865,33.5773,30.9964,134.3091,136.8899,0.08180721,0.0833792,0.00409036,3.5769,3.2245,0.3666,13.9905,0.7114,136.8146,38.1667,,3.5769,2.1082,2.2009,4.2165,6.3247,10.796,14.3714,2.2009,0.0,4.90527,6.529774,1.625179,30,94,13,2,0E-8,0.10225901,,0E-8,0.000000,0.899517,0.000000,,2026-03-25,2026-05-11,12,236,153,48,0.250000,,,0.000000,,,,,,,,GLOBAL_BASELINE_NO_ENTITY_RANKING,,,NOT_APPLICABLE_GLOBAL_BASELINE,HF9g-P5,,,,X 全窗基线 · 不参与实体赏罚,6871242,688,A168_HF9F_20260827_0900,2026-08-27 09:00:00
2026-04-17,146942045,2229,0,6.3247106445,-6.3247106445,-6.3247106445,0E-7,1,1,0.50665070000000000,0.506650700000,-1.013391052207602,-1.013391052207602,-1.013391052207602,0E-17,ELIGIBLE,R03b_20260811_FULL_v1,L1_ELIGIBILITY,v2026-08-11,2026-03-21..2026-08-06,baccarat_bet02_101_all_pairs_incl_sentinel,round_win = game_pnl > 0 (decisive only),COMPATIBILITY_ONLY_NOT_PRODUCTION,1641.7757,1476.8053,167.8864,459,458,-0.10225901,,-0.10225901,-0.10225901,-167.8864,1641.7757,OK,0.0000,6.7155,4.0000,96.0000,AG03-UNRESOLVED,ALL5_LEVELS_bet23_to_bet27,6.7155,6.7155,6.7155,6.7155,6.7155,4.000000,4.000000,4.000000,4.000000,4.000000,96.000000,96.000000,96.000000,96.000000,96.000000,5.0,33.5773,30.9964,134.3091,136.8899,PENDING_AG03,FALSE,NOT_FOR_ENFORCEMENT,161.1709,1417.7330,167.8864,161.1709,6.7155,0.10225901,0.09816865,6.7155,161.1709,0.09816865,6.7155,6.7155,6.7155,6.7155,6.7155,161.1709,0.09816865,33.5773,30.9964,134.3091,136.8899,0.08180721,0.0833792,0.00409036,3.5769,3.2245,0.3666,13.9905,0.7114,136.8146,38.1667,,3.5769,2.1082,2.2009,4.2165,6.3247,10.796,14.3714,2.2009,0.0,4.90527,6.529774,1.625179,30,94,13,2,0E-8,0.10225901,,0E-8,0.000000,0.899517,0.000000,,2026-03-25,2026-05-11,12,236,153,48,0.250000,,,0.000000,,,,,,,,GLOBAL_BASELINE_NO_ENTITY_RANKING,,,NOT_APPLICABLE_GLOBAL_BASELINE,HF9g-P5,,,,X 全窗基线 · 不参与实体赏罚,6871243,688,A168_HF9F_20260827_0900,2026-08-27 09:00:00
2026-04-17,146942045,2258,0,8.4329475260,8.0113001497,8.0113001497,1.0000000,1,1,0.50665070000000000,0.506650700000,0.9867858985152569,0.9867858985152569,0.9867858985152569,0E-17,ELIGIBLE,R03b_20260811_FULL_v1,L1_ELIGIBILITY,v2026-08-11,2026-03-21..2026-08-06,baccarat_bet02_101_all_pairs_incl_sentinel,round_win = game_pnl > 0 (decisive only),COMPATIBILITY_ONLY_NOT_PRODUCTION,1641.7757,1476.8053,167.8864,459,458,-0.10225901,,-0.10225901,-0.10225901,-167.8864,1641.7757,OK,0.0000,6.7155,4.0000,96.0000,AG03-UNRESOLVED,ALL5_LEVELS_bet23_to_bet27,6.7155,6.7155,6.7155,6.7155,6.7155,4.000000,4.000000,4.000000,4.000000,4.000000,96.000000,96.000000,96.000000,96.000000,96.000000,5.0,33.5773,30.9964,134.3091,136.8899,PENDING_AG03,FALSE,NOT_FOR_ENFORCEMENT,161.1709,1417.7330,167.8864,161.1709,6.7155,0.10225901,0.09816865,6.7155,161.1709,0.09816865,6.7155,6.7155,6.7155,6.7155,6.7155,161.1709,0.09816865,33.5773,30.9964,134.3091,136.8899,0.08180721,0.0833792,0.00409036,3.5769,3.2245,0.3666,13.9905,0.7114,136.8146,38.1667,,3.5769,2.1082,2.2009,4.2165,6.3247,10.796,14.3714,2.2009,0.0,4.90527,6.529774,1.625179,30,94,13,2,0E-8,0.10225901,,0E-8,0.000000,0.899517,0.000000,,2026-03-25,2026-05-11,12,236,153,48,0.250000,,,0.000000,,,,,,,,GLOBAL_BASELINE_NO_ENTITY_RANKING,,,NOT_APPLICABLE_GLOBAL_BASELINE,HF9g-P5,,,,X 全窗基线 · 不参与实体赏罚,6871244,688,A168_HF9F_20260827_0900,2026-08-27 09:00:00
2026-04-17,146942045,462,0,6.3247106445,6.0084751123,6.0084751123,1.0000000,1,1,0.50665070000000000,0.506650700000,0.9867858985152569,0.9867858985152569,0.9867858985152569,0E-17,ELIGIBLE,R03b_20260811_FULL_v1,L1_ELIGIBILITY,v2026-08-11,2026-03-21..2026-08-06,baccarat_bet02_101_all_pairs_incl_sentinel,round_win = game_pnl > 0 (decisive only),COMPATIBILITY_ONLY_NOT_PRODUCTION,1641.7757,1476.8053,167.8864,459,458,-0.10225901,,-0.10225901,-0.10225901,-167.8864,1641.7757,OK,0.0000,6.7155,4.0000,96.0000,AG03-UNRESOLVED,ALL5_LEVELS_bet23_to_bet27,6.7155,6.7155,6.7155,6.7155,6.7155,4.000000,4.000000,4.000000,4.000000,4.000000,96.000000,96.000000,96.000000,96.000000,96.000000,5.0,33.5773,30.9964,134.3091,136.8899,PENDING_AG03,FALSE,NOT_FOR_ENFORCEMENT,161.1709,1417.7330,167.8864,161.1709,6.7155,0.10225901,0.09816865,6.7155,161.1709,0.09816865,6.7155,6.7155,6.7155,6.7155,6.7155,161.1709,0.09816865,33.5773,30.9964,134.3091,136.8899,0.08180721,0.0833792,0.00409036,3.5769,3.2245,0.3666,13.9905,0.7114,136.8146,38.1667,,3.5769,2.1082,2.2009,4.2165,6.3247,10.796,14.3714,2.2009,0.0,4.90527,6.529774,1.625179,30,94,13,2,0E-8,0.10225901,,0E-8,0.000000,0.899517,0.000000,,2026-03-25,2026-05-11,12,236,153,48,0.250000,,,0.000000,,,,,,,,GLOBAL_BASELINE_NO_ENTITY_RANKING,,,NOT_APPLICABLE_GLOBAL_BASELINE,HF9g-P5,,,,X 全窗基线 · 不参与实体赏罚,6871245,688,A168_HF9F_20260827_0900,2026-08-27 09:00:00
2026-04-17,146942045,948,0,8.2221238378,7.8110176459,7.8110176459,1.0000000,1,1,0.50665070000000000,0.506650700000,0.9867858985152569,0.9867858985152569,0.9867858985152569,0E-17,ELIGIBLE,R03b_20260811_FULL_v1,L1_ELIGIBILITY,v2026-08-11,2026-03-21..2026-08-06,baccarat_bet02_101_all_pairs_incl_sentinel,round_win = game_pnl > 0 (decisive only),COMPATIBILITY_ONLY_NOT_PRODUCTION,1641.7757,1476.8053,167.8864,459,458,-0.10225901,,-0.10225901,-0.10225901,-167.8864,1641.7757,OK,0.0000,6.7155,4.0000,96.0000,AG03-UNRESOLVED,ALL5_LEVELS_bet23_to_bet27,6.7155,6.7155,6.7155,6.7155,6.7155,4.000000,4.000000,4.000000,4.000000,4.000000,96.000000,96.000000,96.000000,96.000000,96.000000,5.0,33.5773,30.9964,134.3091,136.8899,PENDING_AG03,FALSE,NOT_FOR_ENFORCEMENT,161.1709,1417.7330,167.8864,161.1709,6.7155,0.10225901,0.09816865,6.7155,161.1709,0.09816865,6.7155,6.7155,6.7155,6.7155,6.7155,161.1709,0.09816865,33.5773,30.9964,134.3091,136.8899,0.08180721,0.0833792,0.00409036,3.5769,3.2245,0.3666,13.9905,0.7114,136.8146,38.1667,,3.5769,2.1082,2.2009,4.2165,6.3247,10.796,14.3714,2.2009,0.0,4.90527,6.529774,1.625179,30,94,13,2,0E-8,0.10225901,,0E-8,0.000000,0.899517,0.000000,,2026-03-25,2026-05-11,12,236,153,48,0.250000,,,0.000000,,,,,,,,GLOBAL_BASELINE_NO_ENTITY_RANKING,,,NOT_APPLICABLE_GLOBAL_BASELINE,HF9g-P5,,,,X 全窗基线 · 不参与实体赏罚,6871246,688,A168_HF9F_20260827_0900,2026-08-27 09:00:00
2026-04-21,146942045,-1,1,35.8400269855,7.8004764614,7.8004764614,0.5454545,13,13,0.50149485384615385,0.501494853846,0.29159690913037223,0.29159690913139247,0.29159690913037223,1.5385E-13,SENTINEL_DEALER,R03b_20260811_FULL_v1,L1_ELIGIBILITY,v2026-08-11,2026-03-21..2026-08-06,baccarat_bet02_101_all_pairs_incl_sentinel,round_win = game_pnl > 0 (decisive only),COMPATIBILITY_ONLY_NOT_PRODUCTION,1641.7757,1476.8053,167.8864,459,458,-0.10225901,,-0.10225901,-0.10225901,-167.8864,1641.7757,OK,0.0000,6.7155,4.0000,96.0000,AG03-UNRESOLVED,ALL5_LEVELS_bet23_to_bet27,6.7155,6.7155,6.7155,6.7155,6.7155,4.000000,4.000000,4.000000,4.000000,4.000000,96.000000,96.000000,96.000000,96.000000,96.000000,5.0,33.5773,30.9964,134.3091,136.8899,PENDING_AG03,FALSE,NOT_FOR_ENFORCEMENT,161.1709,1417.7330,167.8864,161.1709,6.7155,0.10225901,0.09816865,6.7155,161.1709,0.09816865,6.7155,6.7155,6.7155,6.7155,6.7155,161.1709,0.09816865,33.5773,30.9964,134.3091,136.8899,0.08180721,0.0833792,0.00409036,3.5769,3.2245,0.3666,13.9905,0.7114,136.8146,38.1667,,3.5769,2.1082,2.2009,4.2165,6.3247,10.796,14.3714,2.2009,0.0,4.90527,6.529774,1.625179,30,94,13,2,0E-8,0.10225901,,0E-8,0.000000,0.899517,0.000000,,2026-03-25,2026-05-11,12,236,153,48,0.250000,,,0.000000,,,,,,,,GLOBAL_BASELINE_NO_ENTITY_RANKING,,,NOT_APPLICABLE_GLOBAL_BASELINE,HF9g-P5,,,,X 全窗基线 · 不参与实体赏罚,6871247,688,A168_HF9F_20260827_0900,2026-08-27 09:00:00
2026-04-21,146942045,1302,0,2.1082368815,-2.1082368815,-2.1082368815,0E-7,1,1,0.50665070000000000,0.506650700000,-1.013391052207602,-1.013391052207602,-1.013391052207602,0E-17,ELIGIBLE,R03b_20260811_FULL_v1,L1_ELIGIBILITY,v2026-08-11,2026-03-21..2026-08-06,baccarat_bet02_101_all_pairs_incl_sentinel,round_win = game_pnl > 0 (decisive only),COMPATIBILITY_ONLY_NOT_PRODUCTION,1641.7757,1476.8053,167.8864,459,458,-0.10225901,,-0.10225901,-0.10225901,-167.8864,1641.7757,OK,0.0000,6.7155,4.0000,96.0000,AG03-UNRESOLVED,ALL5_LEVELS_bet23_to_bet27,6.7155,6.7155,6.7155,6.7155,6.7155,4.000000,4.000000,4.000000,4.000000,4.000000,96.000000,96.000000,96.000000,96.000000,96.000000,5.0,33.5773,30.9964,134.3091,136.8899,PENDING_AG03,FALSE,NOT_FOR_ENFORCEMENT,161.1709,1417.7330,167.8864,161.1709,6.7155,0.10225901,0.09816865,6.7155,161.1709,0.09816865,6.7155,6.7155,6.7155,6.7155,6.7155,161.1709,0.09816865,33.5773,30.9964,134.3091,136.8899,0.08180721,0.0833792,0.00409036,3.5769,3.2245,0.3666,13.9905,0.7114,136.8146,38.1667,,3.5769,2.1082,2.2009,4.2165,6.3247,10.796,14.3714,2.2009,0.0,4.90527,6.529774,1.625179,30,94,13,2,0E-8,0.10225901,,0E-8,0.000000,0.899517,0.000000,,2026-03-25,2026-05-11,12,236,153,48,0.250000,,,0.000000,,,,,,,,GLOBAL_BASELINE_NO_ENTITY_RANKING,,,NOT_APPLICABLE_GLOBAL_BASELINE,HF9g-P5,,,,X 全窗基线 · 不参与实体赏罚,6871248,688,A168_HF9F_20260827_0900,2026-08-27 09:00:00
2026-04-21,146942045,1306,0,4.2164737630,-0.1054118441,-0.1054118441,0.5000000,2,2,0.49994810000000000,0.499948100000,0.00014679536856514622,0.00014679536856514622,0.00014679536856514622,0E-17,ELIGIBLE,R03b_20260811_FULL_v1,L1_ELIGIBILITY,v2026-08-11,2026-03-21..2026-08-06,baccarat_bet02_101_all_pairs_incl_sentinel,round_win = game_pnl > 0 (decisive only),COMPATIBILITY_ONLY_NOT_PRODUCTION,1641.7757,1476.8053,167.8864,459,458,-0.10225901,,-0.10225901,-0.10225901,-167.8864,1641.7757,OK,0.0000,6.7155,4.0000,96.0000,AG03-UNRESOLVED,ALL5_LEVELS_bet23_to_bet27,6.7155,6.7155,6.7155,6.7155,6.7155,4.000000,4.000000,4.000000,4.000000,4.000000,96.000000,96.000000,96.000000,96.000000,96.000000,5.0,33.5773,30.9964,134.3091,136.8899,PENDING_AG03,FALSE,NOT_FOR_ENFORCEMENT,161.1709,1417.7330,167.8864,161.1709,6.7155,0.10225901,0.09816865,6.7155,161.1709,0.09816865,6.7155,6.7155,6.7155,6.7155,6.7155,161.1709,0.09816865,33.5773,30.9964,134.3091,136.8899,0.08180721,0.0833792,0.00409036,3.5769,3.2245,0.3666,13.9905,0.7114,136.8146,38.1667,,3.5769,2.1082,2.2009,4.2165,6.3247,10.796,14.3714,2.2009,0.0,4.90527,6.529774,1.625179,30,94,13,2,0E-8,0.10225901,,0E-8,0.000000,0.899517,0.000000,,2026-03-25,2026-05-11,12,236,153,48,0.250000,,,0.000000,,,,,,,,GLOBAL_BASELINE_NO_ENTITY_RANKING,,,NOT_APPLICABLE_GLOBAL_BASELINE,HF9g-P5,,,,X 全窗基线 · 不参与实体赏罚,6871249,688,A168_HF9F_20260827_0900,2026-08-27 09:00:00
2026-04-21,146942045,1331,0,4.2164737630,-0.1054118441,-0.1054118441,0.5000000,2,2,0.50665070000000000,0.506650700000,-0.018812684590367487,-0.018812684590367487,-0.018812684590367487,0E-17,ELIGIBLE,R03b_20260811_FULL_v1,L1_ELIGIBILITY,v2026-08-11,2026-03-21..2026-08-06,baccarat_bet02_101_all_pairs_incl_sentinel,round_win = game_pnl > 0 (decisive only),COMPATIBILITY_ONLY_NOT_PRODUCTION,1641.7757,1476.8053,167.8864,459,458,-0.10225901,,-0.10225901,-0.10225901,-167.8864,1641.7757,OK,0.0000,6.7155,4.0000,96.0000,AG03-UNRESOLVED,ALL5_LEVELS_bet23_to_bet27,6.7155,6.7155,6.7155,6.7155,6.7155,4.000000,4.000000,4.000000,4.000000,4.000000,96.000000,96.000000,96.000000,96.000000,96.000000,5.0,33.5773,30.9964,134.3091,136.8899,PENDING_AG03,FALSE,NOT_FOR_ENFORCEMENT,161.1709,1417.7330,167.8864,161.1709,6.7155,0.10225901,0.09816865,6.7155,161.1709,0.09816865,6.7155,6.7155,6.7155,6.7155,6.7155,161.1709,0.09816865,33.5773,30.9964,134.3091,136.8899,0.08180721,0.0833792,0.00409036,3.5769,3.2245,0.3666,13.9905,0.7114,136.8146,38.1667,,3.5769,2.1082,2.2009,4.2165,6.3247,10.796,14.3714,2.2009,0.0,4.90527,6.529774,1.625179,30,94,13,2,0E-8,0.10225901,,0E-8,0.000000,0.899517,0.000000,,2026-03-25,2026-05-11,12,236,153,48,0.250000,,,0.000000,,,,,,,,GLOBAL_BASELINE_NO_ENTITY_RANKING,,,NOT_APPLICABLE_GLOBAL_BASELINE,HF9g-P5,,,,X 全窗基线 · 不参与实体赏罚,6871250,688,A168_HF9F_20260827_0900,2026-08-27 09:00:00
2026-04-21,146942045,1382,0,2.1082368815,-2.1082368815,-2.1082368815,0E-7,1,1,0.50665070000000000,0.506650700000,-1.013391052207602,-1.013391052207602,-1.013391052207602,0E-17,ELIGIBLE,R03b_20260811_FULL_v1,L1_ELIGIBILITY,v2026-08-11,2026-03-21..2026-08-06,baccarat_bet02_101_all_pairs_incl_sentinel,round_win = game_pnl > 0 (decisive only),COMPATIBILITY_ONLY_NOT_PRODUCTION,1641.7757,1476.8053,167.8864,459,458,-0.10225901,,-0.10225901,-0.10225901,-167.8864,1641.7757,OK,0.0000,6.7155,4.0000,96.0000,AG03-UNRESOLVED,ALL5_LEVELS_bet23_to_bet27,6.7155,6.7155,6.7155,6.7155,6.7155,4.000000,4.000000,4.000000,4.000000,4.000000,96.000000,96.000000,96.000000,96.000000,96.000000,5.0,33.5773,30.9964,134.3091,136.8899,PENDING_AG03,FALSE,NOT_FOR_ENFORCEMENT,161.1709,1417.7330,167.8864,161.1709,6.7155,0.10225901,0.09816865,6.7155,161.1709,0.09816865,6.7155,6.7155,6.7155,6.7155,6.7155,161.1709,0.09816865,33.5773,30.9964,134.3091,136.8899,0.08180721,0.0833792,0.00409036,3.5769,3.2245,0.3666,13.9905,0.7114,136.8146,38.1667,,3.5769,2.1082,2.2009,4.2165,6.3247,10.796,14.3714,2.2009,0.0,4.90527,6.529774,1.625179,30,94,13,2,0E-8,0.10225901,,0E-8,0.000000,0.899517,0.000000,,2026-03-25,2026-05-11,12,236,153,48,0.250000,,,0.000000,,,,,,,,GLOBAL_BASELINE_NO_ENTITY_RANKING,,,NOT_APPLICABLE_GLOBAL_BASELINE,HF9g-P5,,,,X 全窗基线 · 不参与实体赏罚,6871251,688,A168_HF9F_20260827_0900,2026-08-27 09:00:00
2026-04-21,146942045,1396,0,4.2164737630,4.0056500748,4.0056500748,1.0000000,1,1,0.50665070000000000,0.506650700000,0.9867858985152569,0.9867858985152569,0.9867858985152569,0E-17,ELIGIBLE,R03b_20260811_FULL_v1,L1_ELIGIBILITY,v2026-08-11,2026-03-21..2026-08-06,baccarat_bet02_101_all_pairs_incl_sentinel,round_win = game_pnl > 0 (decisive only),COMPATIBILITY_ONLY_NOT_PRODUCTION,1641.7757,1476.8053,167.8864,459,458,-0.10225901,,-0.10225901,-0.10225901,-167.8864,1641.7757,OK,0.0000,6.7155,4.0000,96.0000,AG03-UNRESOLVED,ALL5_LEVELS_bet23_to_bet27,6.7155,6.7155,6.7155,6.7155,6.7155,4.000000,4.000000,4.000000,4.000000,4.000000,96.000000,96.000000,96.000000,96.000000,96.000000,5.0,33.5773,30.9964,134.3091,136.8899,PENDING_AG03,FALSE,NOT_FOR_ENFORCEMENT,161.1709,1417.7330,167.8864,161.1709,6.7155,0.10225901,0.09816865,6.7155,161.1709,0.09816865,6.7155,6.7155,6.7155,6.7155,6.7155,161.1709,0.09816865,33.5773,30.9964,134.3091,136.8899,0.08180721,0.0833792,0.00409036,3.5769,3.2245,0.3666,13.9905,0.7114,136.8146,38.1667,,3.5769,2.1082,2.2009,4.2165,6.3247,10.796,14.3714,2.2009,0.0,4.90527,6.529774,1.625179,30,94,13,2,0E-8,0.10225901,,0E-8,0.000000,0.899517,0.000000,,2026-03-25,2026-05-11,12,236,153,48,0.250000,,,0.000000,,,,,,,,GLOBAL_BASELINE_NO_ENTITY_RANKING,,,NOT_APPLICABLE_GLOBAL_BASELINE,HF9g-P5,,,,X 全窗基线 · 不参与实体赏罚,6871252,688,A168_HF9F_20260827_0900,2026-08-27 09:00:00
2026-04-21,146942045,1485,0,4.2164737630,-4.2164737630,-4.2164737630,0E-7,1,1,0.50665070000000000,0.506650700000,-1.013391052207602,-1.013391052207602,-1.013391052207602,0E-17,ELIGIBLE,R03b_20260811_FULL_v1,L1_ELIGIBILITY,v2026-08-11,2026-03-21..2026-08-06,baccarat_bet02_101_all_pairs_incl_sentinel,round_win = game_pnl > 0 (decisive only),COMPATIBILITY_ONLY_NOT_PRODUCTION,1641.7757,1476.8053,167.8864,459,458,-0.10225901,,-0.10225901,-0.10225901,-167.8864,1641.7757,OK,0.0000,6.7155,4.0000,96.0000,AG03-UNRESOLVED,ALL5_LEVELS_bet23_to_bet27,6.7155,6.7155,6.7155,6.7155,6.7155,4.000000,4.000000,4.000000,4.000000,4.000000,96.000000,96.000000,96.000000,96.000000,96.000000,5.0,33.5773,30.9964,134.3091,136.8899,PENDING_AG03,FALSE,NOT_FOR_ENFORCEMENT,161.1709,1417.7330,167.8864,161.1709,6.7155,0.10225901,0.09816865,6.7155,161.1709,0.09816865,6.7155,6.7155,6.7155,6.7155,6.7155,161.1709,0.09816865,33.5773,30.9964,134.3091,136.8899,0.08180721,0.0833792,0.00409036,3.5769,3.2245,0.3666,13.9905,0.7114,136.8146,38.1667,,3.5769,2.1082,2.2009,4.2165,6.3247,10.796,14.3714,2.2009,0.0,4.90527,6.529774,1.625179,30,94,13,2,0E-8,0.10225901,,0E-8,0.000000,0.899517,0.000000,,2026-03-25,2026-05-11,12,236,153,48,0.250000,,,0.000000,,,,,,,,GLOBAL_BASELINE_NO_ENTITY_RANKING,,,NOT_APPLICABLE_GLOBAL_BASELINE,HF9g-P5,,,,X 全窗基线 · 不参与实体赏罚,6871253,688,A168_HF9F_20260827_0900,2026-08-27 09:00:00
2026-04-21,146942045,1509,0,4.2164737630,-4.2164737630,-4.2164737630,0E-7,1,1,0.50665070000000000,0.506650700000,-1.013391052207602,-1.013391052207602,-1.013391052207602,0E-17,ELIGIBLE,R03b_20260811_FULL_v1,L1_ELIGIBILITY,v2026-08-11,2026-03-21..2026-08-06,baccarat_bet02_101_all_pairs_incl_sentinel,round_win = game_pnl > 0 (decisive only),COMPATIBILITY_ONLY_NOT_PRODUCTION,1641.7757,1476.8053,167.8864,459,458,-0.10225901,,-0.10225901,-0.10225901,-167.8864,1641.7757,OK,0.0000,6.7155,4.0000,96.0000,AG03-UNRESOLVED,ALL5_LEVELS_bet23_to_bet27,6.7155,6.7155,6.7155,6.7155,6.7155,4.000000,4.000000,4.000000,4.000000,4.000000,96.000000,96.000000,96.000000,96.000000,96.000000,5.0,33.5773,30.9964,134.3091,136.8899,PENDING_AG03,FALSE,NOT_FOR_ENFORCEMENT,161.1709,1417.7330,167.8864,161.1709,6.7155,0.10225901,0.09816865,6.7155,161.1709,0.09816865,6.7155,6.7155,6.7155,6.7155,6.7155,161.1709,0.09816865,33.5773,30.9964,134.3091,136.8899,0.08180721,0.0833792,0.00409036,3.5769,3.2245,0.3666,13.9905,0.7114,136.8146,38.1667,,3.5769,2.1082,2.2009,4.2165,6.3247,10.796,14.3714,2.2009,0.0,4.90527,6.529774,1.625179,30,94,13,2,0E-8,0.10225901,,0E-8,0.000000,0.899517,0.000000,,2026-03-25,2026-05-11,12,236,153,48,0.250000,,,0.000000,,,,,,,,GLOBAL_BASELINE_NO_ENTITY_RANKING,,,NOT_APPLICABLE_GLOBAL_BASELINE,HF9g-P5,,,,X 全窗基线 · 不参与实体赏罚,6871254,688,A168_HF9F_20260827_0900,2026-08-27 09:00:00
2026-04-21,146942045,1704,0,2.1082368815,-2.1082368815,-2.1082368815,0E-7,1,1,0.50665070000000000,0.506650700000,-1.013391052207602,-1.013391052207602,-1.013391052207602,0E-17,ELIGIBLE,R03b_20260811_FULL_v1,L1_ELIGIBILITY,v2026-08-11,2026-03-21..2026-08-06,baccarat_bet02_101_all_pairs_incl_sentinel,round_win = game_pnl > 0 (decisive only),COMPATIBILITY_ONLY_NOT_PRODUCTION,1641.7757,1476.8053,167.8864,459,458,-0.10225901,,-0.10225901,-0.10225901,-167.8864,1641.7757,OK,0.0000,6.7155,4.0000,96.0000,AG03-UNRESOLVED,ALL5_LEVELS_bet23_to_bet27,6.7155,6.7155,6.7155,6.7155,6.7155,4.000000,4.000000,4.000000,4.000000,4.000000,96.000000,96.000000,96.000000,96.000000,96.000000,5.0,33.5773,30.9964,134.3091,136.8899,PENDING_AG03,FALSE,NOT_FOR_ENFORCEMENT,161.1709,1417.7330,167.8864,161.1709,6.7155,0.10225901,0.09816865,6.7155,161.1709,0.09816865,6.7155,6.7155,6.7155,6.7155,6.7155,161.1709,0.09816865,33.5773,30.9964,134.3091,136.8899,0.08180721,0.0833792,0.00409036,3.5769,3.2245,0.3666,13.9905,0.7114,136.8146,38.1667,,3.5769,2.1082,2.2009,4.2165,6.3247,10.796,14.3714,2.2009,0.0,4.90527,6.529774,1.625179,30,94,13,2,0E-8,0.10225901,,0E-8,0.000000,0.899517,0.000000,,2026-03-25,2026-05-11,12,236,153,48,0.250000,,,0.000000,,,,,,,,GLOBAL_BASELINE_NO_ENTITY_RANKING,,,NOT_APPLICABLE_GLOBAL_BASELINE,HF9g-P5,,,,X 全窗基线 · 不参与实体赏罚,6871255,688,A168_HF9F_20260827_0900,2026-08-27 09:00:00
2026-04-21,146942045,1951,0,4.2164737630,-4.2164737630,-4.2164737630,0E-7,1,1,0.50665070000000000,0.506650700000,-1.013391052207602,-1.013391052207602,-1.013391052207602,0E-17,ELIGIBLE,R03b_20260811_FULL_v1,L1_ELIGIBILITY,v2026-08-11,2026-03-21..2026-08-06,baccarat_bet02_101_all_pairs_incl_sentinel,round_win = game_pnl > 0 (decisive only),COMPATIBILITY_ONLY_NOT_PRODUCTION,1641.7757,1476.8053,167.8864,459,458,-0.10225901,,-0.10225901,-0.10225901,-167.8864,1641.7757,OK,0.0000,6.7155,4.0000,96.0000,AG03-UNRESOLVED,ALL5_LEVELS_bet23_to_bet27,6.7155,6.7155,6.7155,6.7155,6.7155,4.000000,4.000000,4.000000,4.000000,4.000000,96.000000,96.000000,96.000000,96.000000,96.000000,5.0,33.5773,30.9964,134.3091,136.8899,PENDING_AG03,FALSE,NOT_FOR_ENFORCEMENT,161.1709,1417.7330,167.8864,161.1709,6.7155,0.10225901,0.09816865,6.7155,161.1709,0.09816865,6.7155,6.7155,6.7155,6.7155,6.7155,161.1709,0.09816865,33.5773,30.9964,134.3091,136.8899,0.08180721,0.0833792,0.00409036,3.5769,3.2245,0.3666,13.9905,0.7114,136.8146,38.1667,,3.5769,2.1082,2.2009,4.2165,6.3247,10.796,14.3714,2.2009,0.0,4.90527,6.529774,1.625179,30,94,13,2,0E-8,0.10225901,,0E-8,0.000000,0.899517,0.000000,,2026-03-25,2026-05-11,12,236,153,48,0.250000,,,0.000000,,,,,,,,GLOBAL_BASELINE_NO_ENTITY_RANKING,,,NOT_APPLICABLE_GLOBAL_BASELINE,HF9g-P5,,,,X 全窗基线 · 不参与实体赏罚,6871256,688,A168_HF9F_20260827_0900,2026-08-27 09:00:00
2026-04-21,146942045,1963,0,4.2164737630,-4.2164737630,-4.2164737630,0E-7,1,1,0.49324550000000000,0.493245500000,-0.9865810262130424,-0.9865810262130424,-0.9865810262130424,0E-17,ELIGIBLE,R03b_20260811_FULL_v1,L1_ELIGIBILITY,v2026-08-11,2026-03-21..2026-08-06,baccarat_bet02_101_all_pairs_incl_sentinel,round_win = game_pnl > 0 (decisive only),COMPATIBILITY_ONLY_NOT_PRODUCTION,1641.7757,1476.8053,167.8864,459,458,-0.10225901,,-0.10225901,-0.10225901,-167.8864,1641.7757,OK,0.0000,6.7155,4.0000,96.0000,AG03-UNRESOLVED,ALL5_LEVELS_bet23_to_bet27,6.7155,6.7155,6.7155,6.7155,6.7155,4.000000,4.000000,4.000000,4.000000,4.000000,96.000000,96.000000,96.000000,96.000000,96.000000,5.0,33.5773,30.9964,134.3091,136.8899,PENDING_AG03,FALSE,NOT_FOR_ENFORCEMENT,161.1709,1417.7330,167.8864,161.1709,6.7155,0.10225901,0.09816865,6.7155,161.1709,0.09816865,6.7155,6.7155,6.7155,6.7155,6.7155,161.1709,0.09816865,33.5773,30.9964,134.3091,136.8899,0.08180721,0.0833792,0.00409036,3.5769,3.2245,0.3666,13.9905,0.7114,136.8146,38.1667,,3.5769,2.1082,2.2009,4.2165,6.3247,10.796,14.3714,2.2009,0.0,4.90527,6.529774,1.625179,30,94,13,2,0E-8,0.10225901,,0E-8,0.000000,0.899517,0.000000,,2026-03-25,2026-05-11,12,236,153,48,0.250000,,,0.000000,,,,,,,,GLOBAL_BASELINE_NO_ENTITY_RANKING,,,NOT_APPLICABLE_GLOBAL_BASELINE,HF9g-P5,,,,X 全窗基线 · 不参与实体赏罚,6871257,688,A168_HF9F_20260827_0900,2026-08-27 09:00:00
2026-04-21,146942045,2117,0,4.2164737630,4.2164737630,4.2164737630,1.0000000,1,1,0.49324550000000000,0.493245500000,1.01360149184955,1.01360149184955,1.01360149184955,0E-17,ELIGIBLE,R03b_20260811_FULL_v1,L1_ELIGIBILITY,v2026-08-11,2026-03-21..2026-08-06,baccarat_bet02_101_all_pairs_incl_sentinel,round_win = game_pnl > 0 (decisive only),COMPATIBILITY_ONLY_NOT_PRODUCTION,1641.7757,1476.8053,167.8864,459,458,-0.10225901,,-0.10225901,-0.10225901,-167.8864,1641.7757,OK,0.0000,6.7155,4.0000,96.0000,AG03-UNRESOLVED,ALL5_LEVELS_bet23_to_bet27,6.7155,6.7155,6.7155,6.7155,6.7155,4.000000,4.000000,4.000000,4.000000,4.000000,96.000000,96.000000,96.000000,96.000000,96.000000,5.0,33.5773,30.9964,134.3091,136.8899,PENDING_AG03,FALSE,NOT_FOR_ENFORCEMENT,161.1709,1417.7330,167.8864,161.1709,6.7155,0.10225901,0.09816865,6.7155,161.1709,0.09816865,6.7155,6.7155,6.7155,6.7155,6.7155,161.1709,0.09816865,33.5773,30.9964,134.3091,136.8899,0.08180721,0.0833792,0.00409036,3.5769,3.2245,0.3666,13.9905,0.7114,136.8146,38.1667,,3.5769,2.1082,2.2009,4.2165,6.3247,10.796,14.3714,2.2009,0.0,4.90527,6.529774,1.625179,30,94,13,2,0E-8,0.10225901,,0E-8,0.000000,0.899517,0.000000,,2026-03-25,2026-05-11,12,236,153,48,0.250000,,,0.000000,,,,,,,,GLOBAL_BASELINE_NO_ENTITY_RANKING,,,NOT_APPLICABLE_GLOBAL_BASELINE,HF9g-P5,,,,X 全窗基线 · 不参与实体赏罚,6871258,688,A168_HF9F_20260827_0900,2026-08-27 09:00:00
2026-04-21,146942045,2127,0,4.2164737630,-4.2164737630,-4.2164737630,0E-7,1,1,0.50665070000000000,0.506650700000,-1.013391052207602,-1.013391052207602,-1.013391052207602,0E-17,ELIGIBLE,R03b_20260811_FULL_v1,L1_ELIGIBILITY,v2026-08-11,2026-03-21..2026-08-06,baccarat_bet02_101_all_pairs_incl_sentinel,round_win = game_pnl > 0 (decisive only),COMPATIBILITY_ONLY_NOT_PRODUCTION,1641.7757,1476.8053,167.8864,459,458,-0.10225901,,-0.10225901,-0.10225901,-167.8864,1641.7757,OK,0.0000,6.7155,4.0000,96.0000,AG03-UNRESOLVED,ALL5_LEVELS_bet23_to_bet27,6.7155,6.7155,6.7155,6.7155,6.7155,4.000000,4.000000,4.000000,4.000000,4.000000,96.000000,96.000000,96.000000,96.000000,96.000000,5.0,33.5773,30.9964,134.3091,136.8899,PENDING_AG03,FALSE,NOT_FOR_ENFORCEMENT,161.1709,1417.7330,167.8864,161.1709,6.7155,0.10225901,0.09816865,6.7155,161.1709,0.09816865,6.7155,6.7155,6.7155,6.7155,6.7155,161.1709,0.09816865,33.5773,30.9964,134.3091,136.8899,0.08180721,0.0833792,0.00409036,3.5769,3.2245,0.3666,13.9905,0.7114,136.8146,38.1667,,3.5769,2.1082,2.2009,4.2165,6.3247,10.796,14.3714,2.2009,0.0,4.90527,6.529774,1.625179,30,94,13,2,0E-8,0.10225901,,0E-8,0.000000,0.899517,0.000000,,2026-03-25,2026-05-11,12,236,153,48,0.250000,,,0.000000,,,,,,,,GLOBAL_BASELINE_NO_ENTITY_RANKING,,,NOT_APPLICABLE_GLOBAL_BASELINE,HF9g-P5,,,,X 全窗基线 · 不参与实体赏罚,6871259,688,A168_HF9F_20260827_0900,2026-08-27 09:00:00
2026-04-21,146942045,2129,0,4.2164737630,-4.2164737630,-4.2164737630,0E-7,1,1,0.50665070000000000,0.506650700000,-1.013391052207602,-1.013391052207602,-1.013391052207602,0E-17,ELIGIBLE,R03b_20260811_FULL_v1,L1_ELIGIBILITY,v2026-08-11,2026-03-21..2026-08-06,baccarat_bet02_101_all_pairs_incl_sentinel,round_win = game_pnl > 0 (decisive only),COMPATIBILITY_ONLY_NOT_PRODUCTION,1641.7757,1476.8053,167.8864,459,458,-0.10225901,,-0.10225901,-0.10225901,-167.8864,1641.7757,OK,0.0000,6.7155,4.0000,96.0000,AG03-UNRESOLVED,ALL5_LEVELS_bet23_to_bet27,6.7155,6.7155,6.7155,6.7155,6.7155,4.000000,4.000000,4.000000,4.000000,4.000000,96.000000,96.000000,96.000000,96.000000,96.000000,5.0,33.5773,30.9964,134.3091,136.8899,PENDING_AG03,FALSE,NOT_FOR_ENFORCEMENT,161.1709,1417.7330,167.8864,161.1709,6.7155,0.10225901,0.09816865,6.7155,161.1709,0.09816865,6.7155,6.7155,6.7155,6.7155,6.7155,161.1709,0.09816865,33.5773,30.9964,134.3091,136.8899,0.08180721,0.0833792,0.00409036,3.5769,3.2245,0.3666,13.9905,0.7114,136.8146,38.1667,,3.5769,2.1082,2.2009,4.2165,6.3247,10.796,14.3714,2.2009,0.0,4.90527,6.529774,1.625179,30,94,13,2,0E-8,0.10225901,,0E-8,0.000000,0.899517,0.000000,,2026-03-25,2026-05-11,12,236,153,48,0.250000,,,0.000000,,,,,,,,GLOBAL_BASELINE_NO_ENTITY_RANKING,,,NOT_APPLICABLE_GLOBAL_BASELINE,HF9g-P5,,,,X 全窗基线 · 不参与实体赏罚,6871260,688,A168_HF9F_20260827_0900,2026-08-27 09:00:00
2026-04-21,146942045,2152,0,4.2164737630,-2.1082368815,-2.1082368815,0E-7,2,2,0.49994810000000000,0.499948100000,-0.9998962053866608,-0.9998962053866608,-0.9998962053866608,0E-17,ELIGIBLE,R03b_20260811_FULL_v1,L1_ELIGIBILITY,v2026-08-11,2026-03-21..2026-08-06,baccarat_bet02_101_all_pairs_incl_sentinel,round_win = game_pnl > 0 (decisive only),COMPATIBILITY_ONLY_NOT_PRODUCTION,1641.7757,1476.8053,167.8864,459,458,-0.10225901,,-0.10225901,-0.10225901,-167.8864,1641.7757,OK,0.0000,6.7155,4.0000,96.0000,AG03-UNRESOLVED,ALL5_LEVELS_bet23_to_bet27,6.7155,6.7155,6.7155,6.7155,6.7155,4.000000,4.000000,4.000000,4.000000,4.000000,96.000000,96.000000,96.000000,96.000000,96.000000,5.0,33.5773,30.9964,134.3091,136.8899,PENDING_AG03,FALSE,NOT_FOR_ENFORCEMENT,161.1709,1417.7330,167.8864,161.1709,6.7155,0.10225901,0.09816865,6.7155,161.1709,0.09816865,6.7155,6.7155,6.7155,6.7155,6.7155,161.1709,0.09816865,33.5773,30.9964,134.3091,136.8899,0.08180721,0.0833792,0.00409036,3.5769,3.2245,0.3666,13.9905,0.7114,136.8146,38.1667,,3.5769,2.1082,2.2009,4.2165,6.3247,10.796,14.3714,2.2009,0.0,4.90527,6.529774,1.625179,30,94,13,2,0E-8,0.10225901,,0E-8,0.000000,0.899517,0.000000,,2026-03-25,2026-05-11,12,236,153,48,0.250000,,,0.000000,,,,,,,,GLOBAL_BASELINE_NO_ENTITY_RANKING,,,NOT_APPLICABLE_GLOBAL_BASELINE,HF9g-P5,,,,X 全窗基线 · 不参与实体赏罚,6871261,688,A168_HF9F_20260827_0900,2026-08-27 09:00:00
2026-04-21,146942045,2156,0,4.2164737630,0E-10,0E-10,,1,1,0.49324550000000000,0.493245500000,,,,0E-17,NO_DECISIVE_ROUND,R03b_20260811_FULL_v1,L1_ELIGIBILITY,v2026-08-11,2026-03-21..2026-08-06,baccarat_bet02_101_all_pairs_incl_sentinel,round_win = game_pnl > 0 (decisive only),COMPATIBILITY_ONLY_NOT_PRODUCTION,1641.7757,1476.8053,167.8864,459,458,-0.10225901,,-0.10225901,-0.10225901,-167.8864,1641.7757,OK,0.0000,6.7155,4.0000,96.0000,AG03-UNRESOLVED,ALL5_LEVELS_bet23_to_bet27,6.7155,6.7155,6.7155,6.7155,6.7155,4.000000,4.000000,4.000000,4.000000,4.000000,96.000000,96.000000,96.000000,96.000000,96.000000,5.0,33.5773,30.9964,134.3091,136.8899,PENDING_AG03,FALSE,NOT_FOR_ENFORCEMENT,161.1709,1417.7330,167.8864,161.1709,6.7155,0.10225901,0.09816865,6.7155,161.1709,0.09816865,6.7155,6.7155,6.7155,6.7155,6.7155,161.1709,0.09816865,33.5773,30.9964,134.3091,136.8899,0.08180721,0.0833792,0.00409036,3.5769,3.2245,0.3666,13.9905,0.7114,136.8146,38.1667,,3.5769,2.1082,2.2009,4.2165,6.3247,10.796,14.3714,2.2009,0.0,4.90527,6.529774,1.625179,30,94,13,2,0E-8,0.10225901,,0E-8,0.000000,0.899517,0.000000,,2026-03-25,2026-05-11,12,236,153,48,0.250000,,,0.000000,,,,,,,,GLOBAL_BASELINE_NO_ENTITY_RANKING,,,NOT_APPLICABLE_GLOBAL_BASELINE,HF9g-P5,,,,X 全窗基线 · 不参与实体赏罚,6871262,688,A168_HF9F_20260827_0900,2026-08-27 09:00:00
2026-04-21,146942045,2188,0,6.3247106445,2.1082368815,2.1082368815,0.5000000,2,2,0.49324550000000000,0.493245500000,0.01910635448239258,0.01910635448239258,0.01910635448239258,0E-17,ELIGIBLE,R03b_20260811_FULL_v1,L1_ELIGIBILITY,v2026-08-11,2026-03-21..2026-08-06,baccarat_bet02_101_all_pairs_incl_sentinel,round_win = game_pnl > 0 (decisive only),COMPATIBILITY_ONLY_NOT_PRODUCTION,1641.7757,1476.8053,167.8864,459,458,-0.10225901,,-0.10225901,-0.10225901,-167.8864,1641.7757,OK,0.0000,6.7155,4.0000,96.0000,AG03-UNRESOLVED,ALL5_LEVELS_bet23_to_bet27,6.7155,6.7155,6.7155,6.7155,6.7155,4.000000,4.000000,4.000000,4.000000,4.000000,96.000000,96.000000,96.000000,96.000000,96.000000,5.0,33.5773,30.9964,134.3091,136.8899,PENDING_AG03,FALSE,NOT_FOR_ENFORCEMENT,161.1709,1417.7330,167.8864,161.1709,6.7155,0.10225901,0.09816865,6.7155,161.1709,0.09816865,6.7155,6.7155,6.7155,6.7155,6.7155,161.1709,0.09816865,33.5773,30.9964,134.3091,136.8899,0.08180721,0.0833792,0.00409036,3.5769,3.2245,0.3666,13.9905,0.7114,136.8146,38.1667,,3.5769,2.1082,2.2009,4.2165,6.3247,10.796,14.3714,2.2009,0.0,4.90527,6.529774,1.625179,30,94,13,2,0E-8,0.10225901,,0E-8,0.000000,0.899517,0.000000,,2026-03-25,2026-05-11,12,236,153,48,0.250000,,,0.000000,,,,,,,,GLOBAL_BASELINE_NO_ENTITY_RANKING,,,NOT_APPLICABLE_GLOBAL_BASELINE,HF9g-P5,,,,X 全窗基线 · 不参与实体赏罚,6871263,688,A168_HF9F_20260827_0900,2026-08-27 09:00:00
2026-04-21,146942045,2218,0,2.3190605696,-2.3190605696,-2.3190605696,0E-7,1,1,0.50665070000000000,0.506650700000,-1.013391052207602,-1.013391052207602,-1.013391052207602,0E-17,ELIGIBLE,R03b_20260811_FULL_v1,L1_ELIGIBILITY,v2026-08-11,2026-03-21..2026-08-06,baccarat_bet02_101_all_pairs_incl_sentinel,round_win = game_pnl > 0 (decisive only),COMPATIBILITY_ONLY_NOT_PRODUCTION,1641.7757,1476.8053,167.8864,459,458,-0.10225901,,-0.10225901,-0.10225901,-167.8864,1641.7757,OK,0.0000,6.7155,4.0000,96.0000,AG03-UNRESOLVED,ALL5_LEVELS_bet23_to_bet27,6.7155,6.7155,6.7155,6.7155,6.7155,4.000000,4.000000,4.000000,4.000000,4.000000,96.000000,96.000000,96.000000,96.000000,96.000000,5.0,33.5773,30.9964,134.3091,136.8899,PENDING_AG03,FALSE,NOT_FOR_ENFORCEMENT,161.1709,1417.7330,167.8864,161.1709,6.7155,0.10225901,0.09816865,6.7155,161.1709,0.09816865,6.7155,6.7155,6.7155,6.7155,6.7155,161.1709,0.09816865,33.5773,30.9964,134.3091,136.8899,0.08180721,0.0833792,0.00409036,3.5769,3.2245,0.3666,13.9905,0.7114,136.8146,38.1667,,3.5769,2.1082,2.2009,4.2165,6.3247,10.796,14.3714,2.2009,0.0,4.90527,6.529774,1.625179,30,94,13,2,0E-8,0.10225901,,0E-8,0.000000,0.899517,0.000000,,2026-03-25,2026-05-11,12,236,153,48,0.250000,,,0.000000,,,,,,,,GLOBAL_BASELINE_NO_ENTITY_RANKING,,,NOT_APPLICABLE_GLOBAL_BASELINE,HF9g-P5,,,,X 全窗基线 · 不参与实体赏罚,6871264,688,A168_HF9F_20260827_0900,2026-08-27 09:00:00
2026-04-21,146942045,2239,0,2.1082368815,-2.1082368815,-2.1082368815,0E-7,1,1,0.49324550000000000,0.493245500000,-0.9865810262130424,-0.9865810262130424,-0.9865810262130424,0E-17,ELIGIBLE,R03b_20260811_FULL_v1,L1_ELIGIBILITY,v2026-08-11,2026-03-21..2026-08-06,baccarat_bet02_101_all_pairs_incl_sentinel,round_win = game_pnl > 0 (decisive only),COMPATIBILITY_ONLY_NOT_PRODUCTION,1641.7757,1476.8053,167.8864,459,458,-0.10225901,,-0.10225901,-0.10225901,-167.8864,1641.7757,OK,0.0000,6.7155,4.0000,96.0000,AG03-UNRESOLVED,ALL5_LEVELS_bet23_to_bet27,6.7155,6.7155,6.7155,6.7155,6.7155,4.000000,4.000000,4.000000,4.000000,4.000000,96.000000,96.000000,96.000000,96.000000,96.000000,5.0,33.5773,30.9964,134.3091,136.8899,PENDING_AG03,FALSE,NOT_FOR_ENFORCEMENT,161.1709,1417.7330,167.8864,161.1709,6.7155,0.10225901,0.09816865,6.7155,161.1709,0.09816865,6.7155,6.7155,6.7155,6.7155,6.7155,161.1709,0.09816865,33.5773,30.9964,134.3091,136.8899,0.08180721,0.0833792,0.00409036,3.5769,3.2245,0.3666,13.9905,0.7114,136.8146,38.1667,,3.5769,2.1082,2.2009,4.2165,6.3247,10.796,14.3714,2.2009,0.0,4.90527,6.529774,1.625179,30,94,13,2,0E-8,0.10225901,,0E-8,0.000000,0.899517,0.000000,,2026-03-25,2026-05-11,12,236,153,48,0.250000,,,0.000000,,,,,,,,GLOBAL_BASELINE_NO_ENTITY_RANKING,,,NOT_APPLICABLE_GLOBAL_BASELINE,HF9g-P5,,,,X 全窗基线 · 不参与实体赏罚,6871265,688,A168_HF9F_20260827_0900,2026-08-27 09:00:00
2026-04-21,146942045,2246,0,6.3247106445,-2.1082368815,-2.1082368815,0.5000000,2,2,0.49324550000000000,0.493245500000,0.01910635448239258,0.01910635448239258,0.01910635448239258,0E-17,ELIGIBLE,R03b_20260811_FULL_v1,L1_ELIGIBILITY,v2026-08-11,2026-03-21..2026-08-06,baccarat_bet02_101_all_pairs_incl_sentinel,round_win = game_pnl > 0 (decisive only),COMPATIBILITY_ONLY_NOT_PRODUCTION,1641.7757,1476.8053,167.8864,459,458,-0.10225901,,-0.10225901,-0.10225901,-167.8864,1641.7757,OK,0.0000,6.7155,4.0000,96.0000,AG03-UNRESOLVED,ALL5_LEVELS_bet23_to_bet27,6.7155,6.7155,6.7155,6.7155,6.7155,4.000000,4.000000,4.000000,4.000000,4.000000,96.000000,96.000000,96.000000,96.000000,96.000000,5.0,33.5773,30.9964,134.3091,136.8899,PENDING_AG03,FALSE,NOT_FOR_ENFORCEMENT,161.1709,1417.7330,167.8864,161.1709,6.7155,0.10225901,0.09816865,6.7155,161.1709,0.09816865,6.7155,6.7155,6.7155,6.7155,6.7155,161.1709,0.09816865,33.5773,30.9964,134.3091,136.8899,0.08180721,0.0833792,0.00409036,3.5769,3.2245,0.3666,13.9905,0.7114,136.8146,38.1667,,3.5769,2.1082,2.2009,4.2165,6.3247,10.796,14.3714,2.2009,0.0,4.90527,6.529774,1.625179,30,94,13,2,0E-8,0.10225901,,0E-8,0.000000,0.899517,0.000000,,2026-03-25,2026-05-11,12,236,153,48,0.250000,,,0.000000,,,,,,,,GLOBAL_BASELINE_NO_ENTITY_RANKING,,,NOT_APPLICABLE_GLOBAL_BASELINE,HF9g-P5,,,,X 全窗基线 · 不参与实体赏罚,6871266,688,A168_HF9F_20260827_0900,2026-08-27 09:00:00
2026-04-27,146942045,-1,1,19.3957793098,-1.6655071364,-1.6655071364,0.5000000,7,7,0.50282064285714286,0.502820642857,-0.013818491375558404,-0.0138184913748585,-0.013818491375558404,1.4286E-13,SENTINEL_DEALER,R03b_20260811_FULL_v1,L1_ELIGIBILITY,v2026-08-11,2026-03-21..2026-08-06,baccarat_bet02_101_all_pairs_incl_sentinel,round_win = game_pnl > 0 (decisive only),COMPATIBILITY_ONLY_NOT_PRODUCTION,1641.7757,1476.8053,167.8864,459,458,-0.10225901,,-0.10225901,-0.10225901,-167.8864,1641.7757,OK,0.0000,6.7155,4.0000,96.0000,AG03-UNRESOLVED,ALL5_LEVELS_bet23_to_bet27,6.7155,6.7155,6.7155,6.7155,6.7155,4.000000,4.000000,4.000000,4.000000,4.000000,96.000000,96.000000,96.000000,96.000000,96.000000,5.0,33.5773,30.9964,134.3091,136.8899,PENDING_AG03,FALSE,NOT_FOR_ENFORCEMENT,161.1709,1417.7330,167.8864,161.1709,6.7155,0.10225901,0.09816865,6.7155,161.1709,0.09816865,6.7155,6.7155,6.7155,6.7155,6.7155,161.1709,0.09816865,33.5773,30.9964,134.3091,136.8899,0.08180721,0.0833792,0.00409036,3.5769,3.2245,0.3666,13.9905,0.7114,136.8146,38.1667,,3.5769,2.1082,2.2009,4.2165,6.3247,10.796,14.3714,2.2009,0.0,4.90527,6.529774,1.625179,30,94,13,2,0E-8,0.10225901,,0E-8,0.000000,0.899517,0.000000,,2026-03-25,2026-05-11,12,236,153,48,0.250000,,,0.000000,,,,,,,,GLOBAL_BASELINE_NO_ENTITY_RANKING,,,NOT_APPLICABLE_GLOBAL_BASELINE,HF9g-P5,,,,X 全窗基线 · 不参与实体赏罚,6871267,688,A168_HF9F_20260827_0900,2026-08-27 09:00:00
2026-04-27,146942045,1078,0,2.1082368815,2.1082368815,2.1082368815,1.0000000,1,1,0.49324550000000000,0.493245500000,1.01360149184955,1.01360149184955,1.01360149184955,0E-17,ELIGIBLE,R03b_20260811_FULL_v1,L1_ELIGIBILITY,v2026-08-11,2026-03-21..2026-08-06,baccarat_bet02_101_all_pairs_incl_sentinel,round_win = game_pnl > 0 (decisive only),COMPATIBILITY_ONLY_NOT_PRODUCTION,1641.7757,1476.8053,167.8864,459,458,-0.10225901,,-0.10225901,-0.10225901,-167.8864,1641.7757,OK,0.0000,6.7155,4.0000,96.0000,AG03-UNRESOLVED,ALL5_LEVELS_bet23_to_bet27,6.7155,6.7155,6.7155,6.7155,6.7155,4.000000,4.000000,4.000000,4.000000,4.000000,96.000000,96.000000,96.000000,96.000000,96.000000,5.0,33.5773,30.9964,134.3091,136.8899,PENDING_AG03,FALSE,NOT_FOR_ENFORCEMENT,161.1709,1417.7330,167.8864,161.1709,6.7155,0.10225901,0.09816865,6.7155,161.1709,0.09816865,6.7155,6.7155,6.7155,6.7155,6.7155,161.1709,0.09816865,33.5773,30.9964,134.3091,136.8899,0.08180721,0.0833792,0.00409036,3.5769,3.2245,0.3666,13.9905,0.7114,136.8146,38.1667,,3.5769,2.1082,2.2009,4.2165,6.3247,10.796,14.3714,2.2009,0.0,4.90527,6.529774,1.625179,30,94,13,2,0E-8,0.10225901,,0E-8,0.000000,0.899517,0.000000,,2026-03-25,2026-05-11,12,236,153,48,0.250000,,,0.000000,,,,,,,,GLOBAL_BASELINE_NO_ENTITY_RANKING,,,NOT_APPLICABLE_GLOBAL_BASELINE,HF9g-P5,,,,X 全窗基线 · 不参与实体赏罚,6871268,688,A168_HF9F_20260827_0900,2026-08-27 09:00:00
2026-04-27,146942045,1306,0,6.3247106445,2.0028250374,2.0028250374,0.6666667,3,3,0.50218230000000000,0.502182300000,0.5697959874915163,0.5697959874915164,0.5697959874915163,0E-17,ELIGIBLE,R03b_20260811_FULL_v1,L1_ELIGIBILITY,v2026-08-11,2026-03-21..2026-08-06,baccarat_bet02_101_all_pairs_incl_sentinel,round_win = game_pnl > 0 (decisive only),COMPATIBILITY_ONLY_NOT_PRODUCTION,1641.7757,1476.8053,167.8864,459,458,-0.10225901,,-0.10225901,-0.10225901,-167.8864,1641.7757,OK,0.0000,6.7155,4.0000,96.0000,AG03-UNRESOLVED,ALL5_LEVELS_bet23_to_bet27,6.7155,6.7155,6.7155,6.7155,6.7155,4.000000,4.000000,4.000000,4.000000,4.000000,96.000000,96.000000,96.000000,96.000000,96.000000,5.0,33.5773,30.9964,134.3091,136.8899,PENDING_AG03,FALSE,NOT_FOR_ENFORCEMENT,161.1709,1417.7330,167.8864,161.1709,6.7155,0.10225901,0.09816865,6.7155,161.1709,0.09816865,6.7155,6.7155,6.7155,6.7155,6.7155,161.1709,0.09816865,33.5773,30.9964,134.3091,136.8899,0.08180721,0.0833792,0.00409036,3.5769,3.2245,0.3666,13.9905,0.7114,136.8146,38.1667,,3.5769,2.1082,2.2009,4.2165,6.3247,10.796,14.3714,2.2009,0.0,4.90527,6.529774,1.625179,30,94,13,2,0E-8,0.10225901,,0E-8,0.000000,0.899517,0.000000,,2026-03-25,2026-05-11,12,236,153,48,0.250000,,,0.000000,,,,,,,,GLOBAL_BASELINE_NO_ENTITY_RANKING,,,NOT_APPLICABLE_GLOBAL_BASELINE,HF9g-P5,,,,X 全窗基线 · 不参与实体赏罚,6871269,688,A168_HF9F_20260827_0900,2026-08-27 09:00:00
2026-04-27,146942045,1363,0,6.3247106445,-6.3247106445,-6.3247106445,0E-7,1,1,0.50665070000000000,0.506650700000,-1.013391052207602,-1.013391052207602,-1.013391052207602,0E-17,ELIGIBLE,R03b_20260811_FULL_v1,L1_ELIGIBILITY,v2026-08-11,2026-03-21..2026-08-06,baccarat_bet02_101_all_pairs_incl_sentinel,round_win = game_pnl > 0 (decisive only),COMPATIBILITY_ONLY_NOT_PRODUCTION,1641.7757,1476.8053,167.8864,459,458,-0.10225901,,-0.10225901,-0.10225901,-167.8864,1641.7757,OK,0.0000,6.7155,4.0000,96.0000,AG03-UNRESOLVED,ALL5_LEVELS_bet23_to_bet27,6.7155,6.7155,6.7155,6.7155,6.7155,4.000000,4.000000,4.000000,4.000000,4.000000,96.000000,96.000000,96.000000,96.000000,96.000000,5.0,33.5773,30.9964,134.3091,136.8899,PENDING_AG03,FALSE,NOT_FOR_ENFORCEMENT,161.1709,1417.7330,167.8864,161.1709,6.7155,0.10225901,0.09816865,6.7155,161.1709,0.09816865,6.7155,6.7155,6.7155,6.7155,6.7155,161.1709,0.09816865,33.5773,30.9964,134.3091,136.8899,0.08180721,0.0833792,0.00409036,3.5769,3.2245,0.3666,13.9905,0.7114,136.8146,38.1667,,3.5769,2.1082,2.2009,4.2165,6.3247,10.796,14.3714,2.2009,0.0,4.90527,6.529774,1.625179,30,94,13,2,0E-8,0.10225901,,0E-8,0.000000,0.899517,0.000000,,2026-03-25,2026-05-11,12,236,153,48,0.250000,,,0.000000,,,,,,,,GLOBAL_BASELINE_NO_ENTITY_RANKING,,,NOT_APPLICABLE_GLOBAL_BASELINE,HF9g-P5,,,,X 全窗基线 · 不参与实体赏罚,6871270,688,A168_HF9F_20260827_0900,2026-08-27 09:00:00
2026-04-27,146942045,1505,0,4.2164737630,-4.2164737630,-4.2164737630,0E-7,1,1,0.50665070000000000,0.506650700000,-1.013391052207602,-1.013391052207602,-1.013391052207602,0E-17,ELIGIBLE,R03b_20260811_FULL_v1,L1_ELIGIBILITY,v2026-08-11,2026-03-21..2026-08-06,baccarat_bet02_101_all_pairs_incl_sentinel,round_win = game_pnl > 0 (decisive only),COMPATIBILITY_ONLY_NOT_PRODUCTION,1641.7757,1476.8053,167.8864,459,458,-0.10225901,,-0.10225901,-0.10225901,-167.8864,1641.7757,OK,0.0000,6.7155,4.0000,96.0000,AG03-UNRESOLVED,ALL5_LEVELS_bet23_to_bet27,6.7155,6.7155,6.7155,6.7155,6.7155,4.000000,4.000000,4.000000,4.000000,4.000000,96.000000,96.000000,96.000000,96.000000,96.000000,5.0,33.5773,30.9964,134.3091,136.8899,PENDING_AG03,FALSE,NOT_FOR_ENFORCEMENT,161.1709,1417.7330,167.8864,161.1709,6.7155,0.10225901,0.09816865,6.7155,161.1709,0.09816865,6.7155,6.7155,6.7155,6.7155,6.7155,161.1709,0.09816865,33.5773,30.9964,134.3091,136.8899,0.08180721,0.0833792,0.00409036,3.5769,3.2245,0.3666,13.9905,0.7114,136.8146,38.1667,,3.5769,2.1082,2.2009,4.2165,6.3247,10.796,14.3714,2.2009,0.0,4.90527,6.529774,1.625179,30,94,13,2,0E-8,0.10225901,,0E-8,0.000000,0.899517,0.000000,,2026-03-25,2026-05-11,12,236,153,48,0.250000,,,0.000000,,,,,,,,GLOBAL_BASELINE_NO_ENTITY_RANKING,,,NOT_APPLICABLE_GLOBAL_BASELINE,HF9g-P5,,,,X 全窗基线 · 不参与实体赏罚,6871271,688,A168_HF9F_20260827_0900,2026-08-27 09:00:00
2026-04-27,146942045,919,0,2.1082368815,2.0028250374,2.0028250374,1.0000000,1,1,0.50665070000000000,0.506650700000,0.9867858985152569,0.9867858985152569,0.9867858985152569,0E-17,ELIGIBLE,R03b_20260811_FULL_v1,L1_ELIGIBILITY,v2026-08-11,2026-03-21..2026-08-06,baccarat_bet02_101_all_pairs_incl_sentinel,round_win = game_pnl > 0 (decisive only),COMPATIBILITY_ONLY_NOT_PRODUCTION,1641.7757,1476.8053,167.8864,459,458,-0.10225901,,-0.10225901,-0.10225901,-167.8864,1641.7757,OK,0.0000,6.7155,4.0000,96.0000,AG03-UNRESOLVED,ALL5_LEVELS_bet23_to_bet27,6.7155,6.7155,6.7155,6.7155,6.7155,4.000000,4.000000,4.000000,4.000000,4.000000,96.000000,96.000000,96.000000,96.000000,96.000000,5.0,33.5773,30.9964,134.3091,136.8899,PENDING_AG03,FALSE,NOT_FOR_ENFORCEMENT,161.1709,1417.7330,167.8864,161.1709,6.7155,0.10225901,0.09816865,6.7155,161.1709,0.09816865,6.7155,6.7155,6.7155,6.7155,6.7155,161.1709,0.09816865,33.5773,30.9964,134.3091,136.8899,0.08180721,0.0833792,0.00409036,3.5769,3.2245,0.3666,13.9905,0.7114,136.8146,38.1667,,3.5769,2.1082,2.2009,4.2165,6.3247,10.796,14.3714,2.2009,0.0,4.90527,6.529774,1.625179,30,94,13,2,0E-8,0.10225901,,0E-8,0.000000,0.899517,0.000000,,2026-03-25,2026-05-11,12,236,153,48,0.250000,,,0.000000,,,,,,,,GLOBAL_BASELINE_NO_ENTITY_RANKING,,,NOT_APPLICABLE_GLOBAL_BASELINE,HF9g-P5,,,,X 全窗基线 · 不参与实体赏罚,6871272,688,A168_HF9F_20260827_0900,2026-08-27 09:00:00
2026-05-02,146942045,-1,1,29.4086755592,-29.4086755592,-29.4086755592,0E-7,2,2,0.50665070000000000,0.506650700000,-1.4331513700195317,-1.4331513700195317,-1.4331513700195317,0E-17,SENTINEL_DEALER,R03b_20260811_FULL_v1,L1_ELIGIBILITY,v2026-08-11,2026-03-21..2026-08-06,baccarat_bet02_101_all_pairs_incl_sentinel,round_win = game_pnl > 0 (decisive only),COMPATIBILITY_ONLY_NOT_PRODUCTION,1641.7757,1476.8053,167.8864,459,458,-0.10225901,,-0.10225901,-0.10225901,-167.8864,1641.7757,OK,0.0000,6.7155,4.0000,96.0000,AG03-UNRESOLVED,ALL5_LEVELS_bet23_to_bet27,6.7155,6.7155,6.7155,6.7155,6.7155,4.000000,4.000000,4.000000,4.000000,4.000000,96.000000,96.000000,96.000000,96.000000,96.000000,5.0,33.5773,30.9964,134.3091,136.8899,PENDING_AG03,FALSE,NOT_FOR_ENFORCEMENT,161.1709,1417.7330,167.8864,161.1709,6.7155,0.10225901,0.09816865,6.7155,161.1709,0.09816865,6.7155,6.7155,6.7155,6.7155,6.7155,161.1709,0.09816865,33.5773,30.9964,134.3091,136.8899,0.08180721,0.0833792,0.00409036,3.5769,3.2245,0.3666,13.9905,0.7114,136.8146,38.1667,,3.5769,2.1082,2.2009,4.2165,6.3247,10.796,14.3714,2.2009,0.0,4.90527,6.529774,1.625179,30,94,13,2,0E-8,0.10225901,,0E-8,0.000000,0.899517,0.000000,,2026-03-25,2026-05-11,12,236,153,48,0.250000,,,0.000000,,,,,,,,GLOBAL_BASELINE_NO_ENTITY_RANKING,,,NOT_APPLICABLE_GLOBAL_BASELINE,HF9g-P5,,,,X 全窗基线 · 不参与实体赏罚,6871273,688,A168_HF9F_20260827_0900,2026-08-27 09:00:00
2026-05-02,146942045,1307,0,10.5030984140,-10.5030984140,-10.5030984140,0E-7,1,1,0.50665070000000000,0.506650700000,-1.013391052207602,-1.013391052207602,-1.013391052207602,0E-17,ELIGIBLE,R03b_20260811_FULL_v1,L1_ELIGIBILITY,v2026-08-11,2026-03-21..2026-08-06,baccarat_bet02_101_all_pairs_incl_sentinel,round_win = game_pnl > 0 (decisive only),COMPATIBILITY_ONLY_NOT_PRODUCTION,1641.7757,1476.8053,167.8864,459,458,-0.10225901,,-0.10225901,-0.10225901,-167.8864,1641.7757,OK,0.0000,6.7155,4.0000,96.0000,AG03-UNRESOLVED,ALL5_LEVELS_bet23_to_bet27,6.7155,6.7155,6.7155,6.7155,6.7155,4.000000,4.000000,4.000000,4.000000,4.000000,96.000000,96.000000,96.000000,96.000000,96.000000,5.0,33.5773,30.9964,134.3091,136.8899,PENDING_AG03,FALSE,NOT_FOR_ENFORCEMENT,161.1709,1417.7330,167.8864,161.1709,6.7155,0.10225901,0.09816865,6.7155,161.1709,0.09816865,6.7155,6.7155,6.7155,6.7155,6.7155,161.1709,0.09816865,33.5773,30.9964,134.3091,136.8899,0.08180721,0.0833792,0.00409036,3.5769,3.2245,0.3666,13.9905,0.7114,136.8146,38.1667,,3.5769,2.1082,2.2009,4.2165,6.3247,10.796,14.3714,2.2009,0.0,4.90527,6.529774,1.625179,30,94,13,2,0E-8,0.10225901,,0E-8,0.000000,0.899517,0.000000,,2026-03-25,2026-05-11,12,236,153,48,0.250000,,,0.000000,,,,,,,,GLOBAL_BASELINE_NO_ENTITY_RANKING,,,NOT_APPLICABLE_GLOBAL_BASELINE,HF9g-P5,,,,X 全窗基线 · 不参与实体赏罚,6871274,688,A168_HF9F_20260827_0900,2026-08-27 09:00:00
2026-05-02,146942045,2169,0,10.5030984140,-10.5030984140,-10.5030984140,0E-7,1,1,0.50665070000000000,0.506650700000,-1.013391052207602,-1.013391052207602,-1.013391052207602,0E-17,ELIGIBLE,R03b_20260811_FULL_v1,L1_ELIGIBILITY,v2026-08-11,2026-03-21..2026-08-06,baccarat_bet02_101_all_pairs_incl_sentinel,round_win = game_pnl > 0 (decisive only),COMPATIBILITY_ONLY_NOT_PRODUCTION,1641.7757,1476.8053,167.8864,459,458,-0.10225901,,-0.10225901,-0.10225901,-167.8864,1641.7757,OK,0.0000,6.7155,4.0000,96.0000,AG03-UNRESOLVED,ALL5_LEVELS_bet23_to_bet27,6.7155,6.7155,6.7155,6.7155,6.7155,4.000000,4.000000,4.000000,4.000000,4.000000,96.000000,96.000000,96.000000,96.000000,96.000000,5.0,33.5773,30.9964,134.3091,136.8899,PENDING_AG03,FALSE,NOT_FOR_ENFORCEMENT,161.1709,1417.7330,167.8864,161.1709,6.7155,0.10225901,0.09816865,6.7155,161.1709,0.09816865,6.7155,6.7155,6.7155,6.7155,6.7155,161.1709,0.09816865,33.5773,30.9964,134.3091,136.8899,0.08180721,0.0833792,0.00409036,3.5769,3.2245,0.3666,13.9905,0.7114,136.8146,38.1667,,3.5769,2.1082,2.2009,4.2165,6.3247,10.796,14.3714,2.2009,0.0,4.90527,6.529774,1.625179,30,94,13,2,0E-8,0.10225901,,0E-8,0.000000,0.899517,0.000000,,2026-03-25,2026-05-11,12,236,153,48,0.250000,,,0.000000,,,,,,,,GLOBAL_BASELINE_NO_ENTITY_RANKING,,,NOT_APPLICABLE_GLOBAL_BASELINE,HF9g-P5,,,,X 全窗基线 · 不参与实体赏罚,6871275,688,A168_HF9F_20260827_0900,2026-08-27 09:00:00
2026-05-11,146942045,1750,0,12.6037180968,3.7811154291,3.7811154291,0.3333333,3,3,0.49771390000000000,0.497713900000,-0.5694369385616226,-0.5694369385616226,-0.5694369385616226,0E-17,ELIGIBLE,R03b_20260811_FULL_v1,L1_ELIGIBILITY,v2026-08-11,2026-03-21..2026-08-06,baccarat_bet02_101_all_pairs_incl_sentinel,round_win = game_pnl > 0 (decisive only),COMPATIBILITY_ONLY_NOT_PRODUCTION,1641.7757,1476.8053,167.8864,459,458,-0.10225901,,-0.10225901,-0.10225901,-167.8864,1641.7757,OK,0.0000,6.7155,4.0000,96.0000,AG03-UNRESOLVED,ALL5_LEVELS_bet23_to_bet27,6.7155,6.7155,6.7155,6.7155,6.7155,4.000000,4.000000,4.000000,4.000000,4.000000,96.000000,96.000000,96.000000,96.000000,96.000000,5.0,33.5773,30.9964,134.3091,136.8899,PENDING_AG03,FALSE,NOT_FOR_ENFORCEMENT,161.1709,1417.7330,167.8864,161.1709,6.7155,0.10225901,0.09816865,6.7155,161.1709,0.09816865,6.7155,6.7155,6.7155,6.7155,6.7155,161.1709,0.09816865,33.5773,30.9964,134.3091,136.8899,0.08180721,0.0833792,0.00409036,3.5769,3.2245,0.3666,13.9905,0.7114,136.8146,38.1667,,3.5769,2.1082,2.2009,4.2165,6.3247,10.796,14.3714,2.2009,0.0,4.90527,6.529774,1.625179,30,94,13,2,0E-8,0.10225901,,0E-8,0.000000,0.899517,0.000000,,2026-03-25,2026-05-11,12,236,153,48,0.250000,,,0.000000,,,,,,,,GLOBAL_BASELINE_NO_ENTITY_RANKING,,,NOT_APPLICABLE_GLOBAL_BASELINE,HF9g-P5,,,,X 全窗基线 · 不参与实体赏罚,6871276,688,A168_HF9F_20260827_0900,2026-08-27 09:00:00
2026-05-11,146942045,2123,0,4.2012393656,-4.2012393656,-4.2012393656,0E-7,1,1,0.49324550000000000,0.493245500000,-0.9865810262130424,-0.9865810262130424,-0.9865810262130424,0E-17,ELIGIBLE,R03b_20260811_FULL_v1,L1_ELIGIBILITY,v2026-08-11,2026-03-21..2026-08-06,baccarat_bet02_101_all_pairs_incl_sentinel,round_win = game_pnl > 0 (decisive only),COMPATIBILITY_ONLY_NOT_PRODUCTION,1641.7757,1476.8053,167.8864,459,458,-0.10225901,,-0.10225901,-0.10225901,-167.8864,1641.7757,OK,0.0000,6.7155,4.0000,96.0000,AG03-UNRESOLVED,ALL5_LEVELS_bet23_to_bet27,6.7155,6.7155,6.7155,6.7155,6.7155,4.000000,4.000000,4.000000,4.000000,4.000000,96.000000,96.000000,96.000000,96.000000,96.000000,5.0,33.5773,30.9964,134.3091,136.8899,PENDING_AG03,FALSE,NOT_FOR_ENFORCEMENT,161.1709,1417.7330,167.8864,161.1709,6.7155,0.10225901,0.09816865,6.7155,161.1709,0.09816865,6.7155,6.7155,6.7155,6.7155,6.7155,161.1709,0.09816865,33.5773,30.9964,134.3091,136.8899,0.08180721,0.0833792,0.00409036,3.5769,3.2245,0.3666,13.9905,0.7114,136.8146,38.1667,,3.5769,2.1082,2.2009,4.2165,6.3247,10.796,14.3714,2.2009,0.0,4.90527,6.529774,1.625179,30,94,13,2,0E-8,0.10225901,,0E-8,0.000000,0.899517,0.000000,,2026-03-25,2026-05-11,12,236,153,48,0.250000,,,0.000000,,,,,,,,GLOBAL_BASELINE_NO_ENTITY_RANKING,,,NOT_APPLICABLE_GLOBAL_BASELINE,HF9g-P5,,,,X 全窗基线 · 不参与实体赏罚,6871277,688,A168_HF9F_20260827_0900,2026-08-27 09:00:00
2026-05-11,146942045,2145,0,15.9647095893,8.2029198613,8.2029198613,0.6666667,3,3,0.50665070000000000,0.506650700000,0.5543606114942035,0.5543606114942035,0.5543606114942035,0E-17,ELIGIBLE,R03b_20260811_FULL_v1,L1_ELIGIBILITY,v2026-08-11,2026-03-21..2026-08-06,baccarat_bet02_101_all_pairs_incl_sentinel,round_win = game_pnl > 0 (decisive only),COMPATIBILITY_ONLY_NOT_PRODUCTION,1641.7757,1476.8053,167.8864,459,458,-0.10225901,,-0.10225901,-0.10225901,-167.8864,1641.7757,OK,0.0000,6.7155,4.0000,96.0000,AG03-UNRESOLVED,ALL5_LEVELS_bet23_to_bet27,6.7155,6.7155,6.7155,6.7155,6.7155,4.000000,4.000000,4.000000,4.000000,4.000000,96.000000,96.000000,96.000000,96.000000,96.000000,5.0,33.5773,30.9964,134.3091,136.8899,PENDING_AG03,FALSE,NOT_FOR_ENFORCEMENT,161.1709,1417.7330,167.8864,161.1709,6.7155,0.10225901,0.09816865,6.7155,161.1709,0.09816865,6.7155,6.7155,6.7155,6.7155,6.7155,161.1709,0.09816865,33.5773,30.9964,134.3091,136.8899,0.08180721,0.0833792,0.00409036,3.5769,3.2245,0.3666,13.9905,0.7114,136.8146,38.1667,,3.5769,2.1082,2.2009,4.2165,6.3247,10.796,14.3714,2.2009,0.0,4.90527,6.529774,1.625179,30,94,13,2,0E-8,0.10225901,,0E-8,0.000000,0.899517,0.000000,,2026-03-25,2026-05-11,12,236,153,48,0.250000,,,0.000000,,,,,,,,GLOBAL_BASELINE_NO_ENTITY_RANKING,,,NOT_APPLICABLE_GLOBAL_BASELINE,HF9g-P5,,,,X 全窗基线 · 不参与实体赏罚,6871278,688,A168_HF9F_20260827_0900,2026-08-27 09:00:00
2026-05-11,146942045,2175,0,4.2012393656,-4.2012393656,-4.2012393656,0E-7,1,1,0.50665070000000000,0.506650700000,-1.013391052207602,-1.013391052207602,-1.013391052207602,0E-17,ELIGIBLE,R03b_20260811_FULL_v1,L1_ELIGIBILITY,v2026-08-11,2026-03-21..2026-08-06,baccarat_bet02_101_all_pairs_incl_sentinel,round_win = game_pnl > 0 (decisive only),COMPATIBILITY_ONLY_NOT_PRODUCTION,1641.7757,1476.8053,167.8864,459,458,-0.10225901,,-0.10225901,-0.10225901,-167.8864,1641.7757,OK,0.0000,6.7155,4.0000,96.0000,AG03-UNRESOLVED,ALL5_LEVELS_bet23_to_bet27,6.7155,6.7155,6.7155,6.7155,6.7155,4.000000,4.000000,4.000000,4.000000,4.000000,96.000000,96.000000,96.000000,96.000000,96.000000,5.0,33.5773,30.9964,134.3091,136.8899,PENDING_AG03,FALSE,NOT_FOR_ENFORCEMENT,161.1709,1417.7330,167.8864,161.1709,6.7155,0.10225901,0.09816865,6.7155,161.1709,0.09816865,6.7155,6.7155,6.7155,6.7155,6.7155,161.1709,0.09816865,33.5773,30.9964,134.3091,136.8899,0.08180721,0.0833792,0.00409036,3.5769,3.2245,0.3666,13.9905,0.7114,136.8146,38.1667,,3.5769,2.1082,2.2009,4.2165,6.3247,10.796,14.3714,2.2009,0.0,4.90527,6.529774,1.625179,30,94,13,2,0E-8,0.10225901,,0E-8,0.000000,0.899517,0.000000,,2026-03-25,2026-05-11,12,236,153,48,0.250000,,,0.000000,,,,,,,,GLOBAL_BASELINE_NO_ENTITY_RANKING,,,NOT_APPLICABLE_GLOBAL_BASELINE,HF9g-P5,,,,X 全窗基线 · 不参与实体赏罚,6871279,688,A168_HF9F_20260827_0900,2026-08-27 09:00:00
2026-05-11,146942045,2248,0,4.2012393656,-4.2012393656,-4.2012393656,0E-7,1,1,0.50665070000000000,0.506650700000,-1.013391052207602,-1.013391052207602,-1.013391052207602,0E-17,ELIGIBLE,R03b_20260811_FULL_v1,L1_ELIGIBILITY,v2026-08-11,2026-03-21..2026-08-06,baccarat_bet02_101_all_pairs_incl_sentinel,round_win = game_pnl > 0 (decisive only),COMPATIBILITY_ONLY_NOT_PRODUCTION,1641.7757,1476.8053,167.8864,459,458,-0.10225901,,-0.10225901,-0.10225901,-167.8864,1641.7757,OK,0.0000,6.7155,4.0000,96.0000,AG03-UNRESOLVED,ALL5_LEVELS_bet23_to_bet27,6.7155,6.7155,6.7155,6.7155,6.7155,4.000000,4.000000,4.000000,4.000000,4.000000,96.000000,96.000000,96.000000,96.000000,96.000000,5.0,33.5773,30.9964,134.3091,136.8899,PENDING_AG03,FALSE,NOT_FOR_ENFORCEMENT,161.1709,1417.7330,167.8864,161.1709,6.7155,0.10225901,0.09816865,6.7155,161.1709,0.09816865,6.7155,6.7155,6.7155,6.7155,6.7155,161.1709,0.09816865,33.5773,30.9964,134.3091,136.8899,0.08180721,0.0833792,0.00409036,3.5769,3.2245,0.3666,13.9905,0.7114,136.8146,38.1667,,3.5769,2.1082,2.2009,4.2165,6.3247,10.796,14.3714,2.2009,0.0,4.90527,6.529774,1.625179,30,94,13,2,0E-8,0.10225901,,0E-8,0.000000,0.899517,0.000000,,2026-03-25,2026-05-11,12,236,153,48,0.250000,,,0.000000,,,,,,,,GLOBAL_BASELINE_NO_ENTITY_RANKING,,,NOT_APPLICABLE_GLOBAL_BASELINE,HF9g-P5,,,,X 全窗基线 · 不参与实体赏罚,6871280,688,A168_HF9F_20260827_0900,2026-08-27 09:00:00
2026-03-31,148024745,-1,1,36.8123253119,-36.8123253119,-36.8123253119,0E-7,1,1,0.49324550000000000,0.493245500000,-0.9865810262130424,-0.9865810262130424,-0.9865810262130424,0E-17,SENTINEL_DEALER,R03b_20260811_FULL_v1,L1_ELIGIBILITY,v2026-08-11,2026-03-21..2026-08-06,baccarat_bet02_101_all_pairs_incl_sentinel,round_win = game_pnl > 0 (decisive only),COMPATIBILITY_ONLY_NOT_PRODUCTION,1186.3275,1029.5343,167.8907,35,35,-0.14152135,,-0.14152135,-0.14152135,-167.8907,1186.3275,OK,0.0000,6.7156,4.0000,96.0000,AG03-UNRESOLVED,ALL5_LEVELS_bet23_to_bet27,6.7156,6.7156,8.3945,8.3945,8.3945,4.000000,4.000000,5.000000,5.000000,5.000000,96.000000,96.000000,95.000000,95.000000,95.000000,5.0,38.6149,35.2307,129.2758,132.66,PENDING_AG03,FALSE,NOT_FOR_ENFORCEMENT,161.1750,988.3529,167.8907,161.1750,6.7156,0.14152135,0.13586050,6.7156,161.1750,0.13586050,6.7156,6.7156,8.3945,8.3945,8.3945,161.1750,0.13586050,38.6149,35.2307,129.2758,132.66,0.10897144,0.11182406,0.00566085,33.8951,29.4153,4.7969,23.9844,12.9147,169.4754,5.0000,,33.8951,17.0579,28.4046,40.9341,66.2395,71.4375,129.184,23.6326,0.0,2.515,4.548,1.193296,7,11,7,2,0E-8,0.14152135,,0E-8,0.000000,0.867833,0.000000,,2026-03-31,2026-05-20,7,13,11,51,0.137255,,,0.000000,,,,,,,,GLOBAL_BASELINE_NO_ENTITY_RANKING,,,NOT_APPLICABLE_GLOBAL_BASELINE,HF9g-P5,,,,X 全窗基线 · 不参与实体赏罚,6871281,688,A168_HF9F_20260827_0900,2026-08-27 09:00:00
2026-03-31,148024745,1363,0,187.9016070220,-14.0154169586,-14.0154169586,0.6000000,5,5,0.49592654000000000,0.495926540000,0.46544610904919037,0.46544610904919037,0.46544610904919037,0E-17,ELIGIBLE,R03b_20260811_FULL_v1,L1_ELIGIBILITY,v2026-08-11,2026-03-21..2026-08-06,baccarat_bet02_101_all_pairs_incl_sentinel,round_win = game_pnl > 0 (decisive only),COMPATIBILITY_ONLY_NOT_PRODUCTION,1186.3275,1029.5343,167.8907,35,35,-0.14152135,,-0.14152135,-0.14152135,-167.8907,1186.3275,OK,0.0000,6.7156,4.0000,96.0000,AG03-UNRESOLVED,ALL5_LEVELS_bet23_to_bet27,6.7156,6.7156,8.3945,8.3945,8.3945,4.000000,4.000000,5.000000,5.000000,5.000000,96.000000,96.000000,95.000000,95.000000,95.000000,5.0,38.6149,35.2307,129.2758,132.66,PENDING_AG03,FALSE,NOT_FOR_ENFORCEMENT,161.1750,988.3529,167.8907,161.1750,6.7156,0.14152135,0.13586050,6.7156,161.1750,0.13586050,6.7156,6.7156,8.3945,8.3945,8.3945,161.1750,0.13586050,38.6149,35.2307,129.2758,132.66,0.10897144,0.11182406,0.00566085,33.8951,29.4153,4.7969,23.9844,12.9147,169.4754,5.0000,,33.8951,17.0579,28.4046,40.9341,66.2395,71.4375,129.184,23.6326,0.0,2.515,4.548,1.193296,7,11,7,2,0E-8,0.14152135,,0E-8,0.000000,0.867833,0.000000,,2026-03-31,2026-05-20,7,13,11,51,0.137255,,,0.000000,,,,,,,,GLOBAL_BASELINE_NO_ENTITY_RANKING,,,NOT_APPLICABLE_GLOBAL_BASELINE,HF9g-P5,,,,X 全窗基线 · 不参与实体赏罚,6871282,688,A168_HF9F_20260827_0900,2026-08-27 09:00:00
2026-03-31,148024745,2088,0,132.4789238075,30.2224646079,30.2224646079,0.6000000,5,5,0.49592654000000000,0.495926540000,0.46544610904919037,0.46544610904919037,0.46544610904919037,0E-17,ELIGIBLE,R03b_20260811_FULL_v1,L1_ELIGIBILITY,v2026-08-11,2026-03-21..2026-08-06,baccarat_bet02_101_all_pairs_incl_sentinel,round_win = game_pnl > 0 (decisive only),COMPATIBILITY_ONLY_NOT_PRODUCTION,1186.3275,1029.5343,167.8907,35,35,-0.14152135,,-0.14152135,-0.14152135,-167.8907,1186.3275,OK,0.0000,6.7156,4.0000,96.0000,AG03-UNRESOLVED,ALL5_LEVELS_bet23_to_bet27,6.7156,6.7156,8.3945,8.3945,8.3945,4.000000,4.000000,5.000000,5.000000,5.000000,96.000000,96.000000,95.000000,95.000000,95.000000,5.0,38.6149,35.2307,129.2758,132.66,PENDING_AG03,FALSE,NOT_FOR_ENFORCEMENT,161.1750,988.3529,167.8907,161.1750,6.7156,0.14152135,0.13586050,6.7156,161.1750,0.13586050,6.7156,6.7156,8.3945,8.3945,8.3945,161.1750,0.13586050,38.6149,35.2307,129.2758,132.66,0.10897144,0.11182406,0.00566085,33.8951,29.4153,4.7969,23.9844,12.9147,169.4754,5.0000,,33.8951,17.0579,28.4046,40.9341,66.2395,71.4375,129.184,23.6326,0.0,2.515,4.548,1.193296,7,11,7,2,0E-8,0.14152135,,0E-8,0.000000,0.867833,0.000000,,2026-03-31,2026-05-20,7,13,11,51,0.137255,,,0.000000,,,,,,,,GLOBAL_BASELINE_NO_ENTITY_RANKING,,,NOT_APPLICABLE_GLOBAL_BASELINE,HF9g-P5,,,,X 全窗基线 · 不参与实体赏罚,6871283,688,A168_HF9F_20260827_0900,2026-08-27 09:00:00
2026-03-31,148024745,2103,0,47.2652078079,41.3570568319,41.3570568319,1.0000000,4,4,0.49324550000000000,0.493245500000,1.755609282511032,1.7556092825110319,1.755609282511032,0E-17,ELIGIBLE,R03b_20260811_FULL_v1,L1_ELIGIBILITY,v2026-08-11,2026-03-21..2026-08-06,baccarat_bet02_101_all_pairs_incl_sentinel,round_win = game_pnl > 0 (decisive only),COMPATIBILITY_ONLY_NOT_PRODUCTION,1186.3275,1029.5343,167.8907,35,35,-0.14152135,,-0.14152135,-0.14152135,-167.8907,1186.3275,OK,0.0000,6.7156,4.0000,96.0000,AG03-UNRESOLVED,ALL5_LEVELS_bet23_to_bet27,6.7156,6.7156,8.3945,8.3945,8.3945,4.000000,4.000000,5.000000,5.000000,5.000000,96.000000,96.000000,95.000000,95.000000,95.000000,5.0,38.6149,35.2307,129.2758,132.66,PENDING_AG03,FALSE,NOT_FOR_ENFORCEMENT,161.1750,988.3529,167.8907,161.1750,6.7156,0.14152135,0.13586050,6.7156,161.1750,0.13586050,6.7156,6.7156,8.3945,8.3945,8.3945,161.1750,0.13586050,38.6149,35.2307,129.2758,132.66,0.10897144,0.11182406,0.00566085,33.8951,29.4153,4.7969,23.9844,12.9147,169.4754,5.0000,,33.8951,17.0579,28.4046,40.9341,66.2395,71.4375,129.184,23.6326,0.0,2.515,4.548,1.193296,7,11,7,2,0E-8,0.14152135,,0E-8,0.000000,0.867833,0.000000,,2026-03-31,2026-05-20,7,13,11,51,0.137255,,,0.000000,,,,,,,,GLOBAL_BASELINE_NO_ENTITY_RANKING,,,NOT_APPLICABLE_GLOBAL_BASELINE,HF9g-P5,,,,X 全窗基线 · 不参与实体赏罚,6871284,688,A168_HF9F_20260827_0900,2026-08-27 09:00:00
2026-04-03,148024745,1396,0,80.1008930397,-20.5649101278,-20.5649101278,0.5000000,5,5,0.49860758000000000,0.498607580000,0.005569701597489473,0.005569701597489473,0.005569701597489473,0E-17,ELIGIBLE,R03b_20260811_FULL_v1,L1_ELIGIBILITY,v2026-08-11,2026-03-21..2026-08-06,baccarat_bet02_101_all_pairs_incl_sentinel,round_win = game_pnl > 0 (decisive only),COMPATIBILITY_ONLY_NOT_PRODUCTION,1186.3275,1029.5343,167.8907,35,35,-0.14152135,,-0.14152135,-0.14152135,-167.8907,1186.3275,OK,0.0000,6.7156,4.0000,96.0000,AG03-UNRESOLVED,ALL5_LEVELS_bet23_to_bet27,6.7156,6.7156,8.3945,8.3945,8.3945,4.000000,4.000000,5.000000,5.000000,5.000000,96.000000,96.000000,95.000000,95.000000,95.000000,5.0,38.6149,35.2307,129.2758,132.66,PENDING_AG03,FALSE,NOT_FOR_ENFORCEMENT,161.1750,988.3529,167.8907,161.1750,6.7156,0.14152135,0.13586050,6.7156,161.1750,0.13586050,6.7156,6.7156,8.3945,8.3945,8.3945,161.1750,0.13586050,38.6149,35.2307,129.2758,132.66,0.10897144,0.11182406,0.00566085,33.8951,29.4153,4.7969,23.9844,12.9147,169.4754,5.0000,,33.8951,17.0579,28.4046,40.9341,66.2395,71.4375,129.184,23.6326,0.0,2.515,4.548,1.193296,7,11,7,2,0E-8,0.14152135,,0E-8,0.000000,0.867833,0.000000,,2026-03-31,2026-05-20,7,13,11,51,0.137255,,,0.000000,,,,,,,,GLOBAL_BASELINE_NO_ENTITY_RANKING,,,NOT_APPLICABLE_GLOBAL_BASELINE,HF9g-P5,,,,X 全窗基线 · 不参与实体赏罚,6871285,688,A168_HF9F_20260827_0900,2026-08-27 09:00:00
2026-04-03,148024745,2223,0,73.1701774718,-73.1701774718,-73.1701774718,0E-7,1,1,0.49324550000000000,0.493245500000,-0.9865810262130424,-0.9865810262130424,-0.9865810262130424,0E-17,ELIGIBLE,R03b_20260811_FULL_v1,L1_ELIGIBILITY,v2026-08-11,2026-03-21..2026-08-06,baccarat_bet02_101_all_pairs_incl_sentinel,round_win = game_pnl > 0 (decisive only),COMPATIBILITY_ONLY_NOT_PRODUCTION,1186.3275,1029.5343,167.8907,35,35,-0.14152135,,-0.14152135,-0.14152135,-167.8907,1186.3275,OK,0.0000,6.7156,4.0000,96.0000,AG03-UNRESOLVED,ALL5_LEVELS_bet23_to_bet27,6.7156,6.7156,8.3945,8.3945,8.3945,4.000000,4.000000,5.000000,5.000000,5.000000,96.000000,96.000000,95.000000,95.000000,95.000000,5.0,38.6149,35.2307,129.2758,132.66,PENDING_AG03,FALSE,NOT_FOR_ENFORCEMENT,161.1750,988.3529,167.8907,161.1750,6.7156,0.14152135,0.13586050,6.7156,161.1750,0.13586050,6.7156,6.7156,8.3945,8.3945,8.3945,161.1750,0.13586050,38.6149,35.2307,129.2758,132.66,0.10897144,0.11182406,0.00566085,33.8951,29.4153,4.7969,23.9844,12.9147,169.4754,5.0000,,33.8951,17.0579,28.4046,40.9341,66.2395,71.4375,129.184,23.6326,0.0,2.515,4.548,1.193296,7,11,7,2,0E-8,0.14152135,,0E-8,0.000000,0.867833,0.000000,,2026-03-31,2026-05-20,7,13,11,51,0.137255,,,0.000000,,,,,,,,GLOBAL_BASELINE_NO_ENTITY_RANKING,,,NOT_APPLICABLE_GLOBAL_BASELINE,HF9g-P5,,,,X 全窗基线 · 不参与实体赏罚,6871286,688,A168_HF9F_20260827_0900,2026-08-27 09:00:00
2026-04-04,148024745,970,0,8.1805167360,-8.1805167360,-8.1805167360,0E-7,1,1,0.49324550000000000,0.493245500000,-0.9865810262130424,-0.9865810262130424,-0.9865810262130424,0E-17,ELIGIBLE,R03b_20260811_FULL_v1,L1_ELIGIBILITY,v2026-08-11,2026-03-21..2026-08-06,baccarat_bet02_101_all_pairs_incl_sentinel,round_win = game_pnl > 0 (decisive only),COMPATIBILITY_ONLY_NOT_PRODUCTION,1186.3275,1029.5343,167.8907,35,35,-0.14152135,,-0.14152135,-0.14152135,-167.8907,1186.3275,OK,0.0000,6.7156,4.0000,96.0000,AG03-UNRESOLVED,ALL5_LEVELS_bet23_to_bet27,6.7156,6.7156,8.3945,8.3945,8.3945,4.000000,4.000000,5.000000,5.000000,5.000000,96.000000,96.000000,95.000000,95.000000,95.000000,5.0,38.6149,35.2307,129.2758,132.66,PENDING_AG03,FALSE,NOT_FOR_ENFORCEMENT,161.1750,988.3529,167.8907,161.1750,6.7156,0.14152135,0.13586050,6.7156,161.1750,0.13586050,6.7156,6.7156,8.3945,8.3945,8.3945,161.1750,0.13586050,38.6149,35.2307,129.2758,132.66,0.10897144,0.11182406,0.00566085,33.8951,29.4153,4.7969,23.9844,12.9147,169.4754,5.0000,,33.8951,17.0579,28.4046,40.9341,66.2395,71.4375,129.184,23.6326,0.0,2.515,4.548,1.193296,7,11,7,2,0E-8,0.14152135,,0E-8,0.000000,0.867833,0.000000,,2026-03-31,2026-05-20,7,13,11,51,0.137255,,,0.000000,,,,,,,,GLOBAL_BASELINE_NO_ENTITY_RANKING,,,NOT_APPLICABLE_GLOBAL_BASELINE,HF9g-P5,,,,X 全窗基线 · 不参与实体赏罚,6871287,688,A168_HF9F_20260827_0900,2026-08-27 09:00:00
2026-04-04,148024745,986,0,327.9023791670,-66.2565046470,-66.2565046470,0.5000000,4,4,0.49994810000000000,0.499948100000,0.00014679536856514622,0.00014679536856514622,0.00014679536856514622,0E-17,ELIGIBLE,R03b_20260811_FULL_v1,L1_ELIGIBILITY,v2026-08-11,2026-03-21..2026-08-06,baccarat_bet02_101_all_pairs_incl_sentinel,round_win = game_pnl > 0 (decisive only),COMPATIBILITY_ONLY_NOT_PRODUCTION,1186.3275,1029.5343,167.8907,35,35,-0.14152135,,-0.14152135,-0.14152135,-167.8907,1186.3275,OK,0.0000,6.7156,4.0000,96.0000,AG03-UNRESOLVED,ALL5_LEVELS_bet23_to_bet27,6.7156,6.7156,8.3945,8.3945,8.3945,4.000000,4.000000,5.000000,5.000000,5.000000,96.000000,96.000000,95.000000,95.000000,95.000000,5.0,38.6149,35.2307,129.2758,132.66,PENDING_AG03,FALSE,NOT_FOR_ENFORCEMENT,161.1750,988.3529,167.8907,161.1750,6.7156,0.14152135,0.13586050,6.7156,161.1750,0.13586050,6.7156,6.7156,8.3945,8.3945,8.3945,161.1750,0.13586050,38.6149,35.2307,129.2758,132.66,0.10897144,0.11182406,0.00566085,33.8951,29.4153,4.7969,23.9844,12.9147,169.4754,5.0000,,33.8951,17.0579,28.4046,40.9341,66.2395,71.4375,129.184,23.6326,0.0,2.515,4.548,1.193296,7,11,7,2,0E-8,0.14152135,,0E-8,0.000000,0.867833,0.000000,,2026-03-31,2026-05-20,7,13,11,51,0.137255,,,0.000000,,,,,,,,GLOBAL_BASELINE_NO_ENTITY_RANKING,,,NOT_APPLICABLE_GLOBAL_BASELINE,HF9g-P5,,,,X 全窗基线 · 不参与实体赏罚,6871288,688,A168_HF9F_20260827_0900,2026-08-27 09:00:00
2026-04-05,148024745,1505,0,9.5439361920,-9.5439361920,-9.5439361920,0E-7,1,1,0.50665070000000000,0.506650700000,-1.013391052207602,-1.013391052207602,-1.013391052207602,0E-17,ELIGIBLE,R03b_20260811_FULL_v1,L1_ELIGIBILITY,v2026-08-11,2026-03-21..2026-08-06,baccarat_bet02_101_all_pairs_incl_sentinel,round_win = game_pnl > 0 (decisive only),COMPATIBILITY_ONLY_NOT_PRODUCTION,1186.3275,1029.5343,167.8907,35,35,-0.14152135,,-0.14152135,-0.14152135,-167.8907,1186.3275,OK,0.0000,6.7156,4.0000,96.0000,AG03-UNRESOLVED,ALL5_LEVELS_bet23_to_bet27,6.7156,6.7156,8.3945,8.3945,8.3945,4.000000,4.000000,5.000000,5.000000,5.000000,96.000000,96.000000,95.000000,95.000000,95.000000,5.0,38.6149,35.2307,129.2758,132.66,PENDING_AG03,FALSE,NOT_FOR_ENFORCEMENT,161.1750,988.3529,167.8907,161.1750,6.7156,0.14152135,0.13586050,6.7156,161.1750,0.13586050,6.7156,6.7156,8.3945,8.3945,8.3945,161.1750,0.13586050,38.6149,35.2307,129.2758,132.66,0.10897144,0.11182406,0.00566085,33.8951,29.4153,4.7969,23.9844,12.9147,169.4754,5.0000,,33.8951,17.0579,28.4046,40.9341,66.2395,71.4375,129.184,23.6326,0.0,2.515,4.548,1.193296,7,11,7,2,0E-8,0.14152135,,0E-8,0.000000,0.867833,0.000000,,2026-03-31,2026-05-20,7,13,11,51,0.137255,,,0.000000,,,,,,,,GLOBAL_BASELINE_NO_ENTITY_RANKING,,,NOT_APPLICABLE_GLOBAL_BASELINE,HF9g-P5,,,,X 全窗基线 · 不参与实体赏罚,6871289,688,A168_HF9F_20260827_0900,2026-08-27 09:00:00
2026-05-08,148024745,529,0,247.5164732247,24.5286595087,24.5286595087,0.5000000,6,6,0.49324550000000000,0.493245500000,0.03309317671092531,0.03309317671092531,0.03309317671092531,0E-17,ELIGIBLE,R03b_20260811_FULL_v1,L1_ELIGIBILITY,v2026-08-11,2026-03-21..2026-08-06,baccarat_bet02_101_all_pairs_incl_sentinel,round_win = game_pnl > 0 (decisive only),COMPATIBILITY_ONLY_NOT_PRODUCTION,1186.3275,1029.5343,167.8907,35,35,-0.14152135,,-0.14152135,-0.14152135,-167.8907,1186.3275,OK,0.0000,6.7156,4.0000,96.0000,AG03-UNRESOLVED,ALL5_LEVELS_bet23_to_bet27,6.7156,6.7156,8.3945,8.3945,8.3945,4.000000,4.000000,5.000000,5.000000,5.000000,96.000000,96.000000,95.000000,95.000000,95.000000,5.0,38.6149,35.2307,129.2758,132.66,PENDING_AG03,FALSE,NOT_FOR_ENFORCEMENT,161.1750,988.3529,167.8907,161.1750,6.7156,0.14152135,0.13586050,6.7156,161.1750,0.13586050,6.7156,6.7156,8.3945,8.3945,8.3945,161.1750,0.13586050,38.6149,35.2307,129.2758,132.66,0.10897144,0.11182406,0.00566085,33.8951,29.4153,4.7969,23.9844,12.9147,169.4754,5.0000,,33.8951,17.0579,28.4046,40.9341,66.2395,71.4375,129.184,23.6326,0.0,2.515,4.548,1.193296,7,11,7,2,0E-8,0.14152135,,0E-8,0.000000,0.867833,0.000000,,2026-03-31,2026-05-20,7,13,11,51,0.137255,,,0.000000,,,,,,,,GLOBAL_BASELINE_NO_ENTITY_RANKING,,,NOT_APPLICABLE_GLOBAL_BASELINE,HF9g-P5,,,,X 全窗基线 · 不参与实体赏罚,6871290,688,A168_HF9F_20260827_0900,2026-08-27 09:00:00
2026-05-09,148024745,529,0,23.4137204402,-23.4137204402,-23.4137204402,0E-7,1,1,0.50665070000000000,0.506650700000,-1.013391052207602,-1.013391052207602,-1.013391052207602,0E-17,ELIGIBLE,R03b_20260811_FULL_v1,L1_ELIGIBILITY,v2026-08-11,2026-03-21..2026-08-06,baccarat_bet02_101_all_pairs_incl_sentinel,round_win = game_pnl > 0 (decisive only),COMPATIBILITY_ONLY_NOT_PRODUCTION,1186.3275,1029.5343,167.8907,35,35,-0.14152135,,-0.14152135,-0.14152135,-167.8907,1186.3275,OK,0.0000,6.7156,4.0000,96.0000,AG03-UNRESOLVED,ALL5_LEVELS_bet23_to_bet27,6.7156,6.7156,8.3945,8.3945,8.3945,4.000000,4.000000,5.000000,5.000000,5.000000,96.000000,96.000000,95.000000,95.000000,95.000000,5.0,38.6149,35.2307,129.2758,132.66,PENDING_AG03,FALSE,NOT_FOR_ENFORCEMENT,161.1750,988.3529,167.8907,161.1750,6.7156,0.14152135,0.13586050,6.7156,161.1750,0.13586050,6.7156,6.7156,8.3945,8.3945,8.3945,161.1750,0.13586050,38.6149,35.2307,129.2758,132.66,0.10897144,0.11182406,0.00566085,33.8951,29.4153,4.7969,23.9844,12.9147,169.4754,5.0000,,33.8951,17.0579,28.4046,40.9341,66.2395,71.4375,129.184,23.6326,0.0,2.515,4.548,1.193296,7,11,7,2,0E-8,0.14152135,,0E-8,0.000000,0.867833,0.000000,,2026-03-31,2026-05-20,7,13,11,51,0.137255,,,0.000000,,,,,,,,GLOBAL_BASELINE_NO_ENTITY_RANKING,,,NOT_APPLICABLE_GLOBAL_BASELINE,HF9g-P5,,,,X 全窗基线 · 不参与实体赏罚,6871291,688,A168_HF9F_20260827_0900,2026-08-27 09:00:00
2026-05-20,148024745,1307,0,12.0413419407,-12.0413419407,-12.0413419407,0E-7,1,1,0.49324550000000000,0.493245500000,-0.9865810262130424,-0.9865810262130424,-0.9865810262130424,0E-17,ELIGIBLE,R03b_20260811_FULL_v1,L1_ELIGIBILITY,v2026-08-11,2026-03-21..2026-08-06,baccarat_bet02_101_all_pairs_incl_sentinel,round_win = game_pnl > 0 (decisive only),COMPATIBILITY_ONLY_NOT_PRODUCTION,1186.3275,1029.5343,167.8907,35,35,-0.14152135,,-0.14152135,-0.14152135,-167.8907,1186.3275,OK,0.0000,6.7156,4.0000,96.0000,AG03-UNRESOLVED,ALL5_LEVELS_bet23_to_bet27,6.7156,6.7156,8.3945,8.3945,8.3945,4.000000,4.000000,5.000000,5.000000,5.000000,96.000000,96.000000,95.000000,95.000000,95.000000,5.0,38.6149,35.2307,129.2758,132.66,PENDING_AG03,FALSE,NOT_FOR_ENFORCEMENT,161.1750,988.3529,167.8907,161.1750,6.7156,0.14152135,0.13586050,6.7156,161.1750,0.13586050,6.7156,6.7156,8.3945,8.3945,8.3945,161.1750,0.13586050,38.6149,35.2307,129.2758,132.66,0.10897144,0.11182406,0.00566085,33.8951,29.4153,4.7969,23.9844,12.9147,169.4754,5.0000,,33.8951,17.0579,28.4046,40.9341,66.2395,71.4375,129.184,23.6326,0.0,2.515,4.548,1.193296,7,11,7,2,0E-8,0.14152135,,0E-8,0.000000,0.867833,0.000000,,2026-03-31,2026-05-20,7,13,11,51,0.137255,,,0.000000,,,,,,,,GLOBAL_BASELINE_NO_ENTITY_RANKING,,,NOT_APPLICABLE_GLOBAL_BASELINE,HF9g-P5,,,,X 全窗基线 · 不参与实体赏罚,6871292,688,A168_HF9F_20260827_0900,2026-08-27 09:00:00
2026-08-02,153774596,1384,0,400.0000000000,-200.0000000000,-200.0000000000,0.3333333,6,6,0.49547970000000000,0.495479700000,-0.7943841881047936,-0.7943841881047936,-0.7943841881047936,0E-17,ELIGIBLE,R03b_20260811_FULL_v1,L1_ELIGIBILITY,v2026-08-11,2026-03-21..2026-08-06,baccarat_bet02_101_all_pairs_incl_sentinel,round_win = game_pnl > 0 (decisive only),COMPATIBILITY_ONLY_NOT_PRODUCTION,8305.0000,7585.0000,167.9000,146,146,-0.02021674,-0.02021674,,-0.02021674,-167.9000,8305.0000,OK,0.0000,6.7160,4.0000,96.0000,AG03-UNRESOLVED,ALL5_LEVELS_bet23_to_bet27,6.7160,6.7160,6.7160,6.7160,6.7160,4.000000,4.000000,4.000000,4.000000,4.000000,96.000000,96.000000,96.000000,96.000000,96.000000,5.0,33.5800,30.9989,134.3200,136.9011,PENDING_AG03,FALSE,NOT_FOR_ENFORCEMENT,161.1840,7281.6000,167.9000,161.1840,6.7160,0.02021674,0.01940807,6.7160,161.1840,0.01940807,6.7160,6.7160,6.7160,6.7160,6.7160,161.1840,0.01940807,33.5800,30.9989,134.3200,136.9011,0.01617339,0.01648418,0.00080867,56.8836,51.9521,1.1500,33.5800,4.0951,1661.0000,29.2000,56.8836,,50.0,50.0,55.0,100.0,100.0,132.3201,50.0,0.0,2.0,2.646401,1.137671,15,40,5,2,1.00000000,0.02021674,0.02021674,0E-8,0.000000,0.913305,0.000000,,2026-08-02,2026-08-06,5,41,37,5,1.000000,,1.000000,3.333333,,,,,,,,GLOBAL_BASELINE_NO_ENTITY_RANKING,,,NOT_APPLICABLE_GLOBAL_BASELINE,HF9g-P5,,,,X 全窗基线 · 不参与实体赏罚,6871293,688,A168_HF9F_20260827_0900,2026-08-27 09:00:00
2026-08-02,153774596,2169,0,115.0000000000,-55.0000000000,-55.0000000000,0.3333333,3,3,0.49324550000000000,0.493245500000,-0.5540025479526107,-0.5540025479526106,-0.5540025479526107,0E-17,ELIGIBLE,R03b_20260811_FULL_v1,L1_ELIGIBILITY,v2026-08-11,2026-03-21..2026-08-06,baccarat_bet02_101_all_pairs_incl_sentinel,round_win = game_pnl > 0 (decisive only),COMPATIBILITY_ONLY_NOT_PRODUCTION,8305.0000,7585.0000,167.9000,146,146,-0.02021674,-0.02021674,,-0.02021674,-167.9000,8305.0000,OK,0.0000,6.7160,4.0000,96.0000,AG03-UNRESOLVED,ALL5_LEVELS_bet23_to_bet27,6.7160,6.7160,6.7160,6.7160,6.7160,4.000000,4.000000,4.000000,4.000000,4.000000,96.000000,96.000000,96.000000,96.000000,96.000000,5.0,33.5800,30.9989,134.3200,136.9011,PENDING_AG03,FALSE,NOT_FOR_ENFORCEMENT,161.1840,7281.6000,167.9000,161.1840,6.7160,0.02021674,0.01940807,6.7160,161.1840,0.01940807,6.7160,6.7160,6.7160,6.7160,6.7160,161.1840,0.01940807,33.5800,30.9989,134.3200,136.9011,0.01617339,0.01648418,0.00080867,56.8836,51.9521,1.1500,33.5800,4.0951,1661.0000,29.2000,56.8836,,50.0,50.0,55.0,100.0,100.0,132.3201,50.0,0.0,2.0,2.646401,1.137671,15,40,5,2,1.00000000,0.02021674,0.02021674,0E-8,0.000000,0.913305,0.000000,,2026-08-02,2026-08-06,5,41,37,5,1.000000,,1.000000,3.333333,,,,,,,,GLOBAL_BASELINE_NO_ENTITY_RANKING,,,NOT_APPLICABLE_GLOBAL_BASELINE,HF9g-P5,,,,X 全窗基线 · 不参与实体赏罚,6871294,688,A168_HF9F_20260827_0900,2026-08-27 09:00:00
2026-08-02,153774596,2174,0,400.0000000000,300.0000000000,300.0000000000,0.8750000,8,8,0.49324550000000000,0.493245500000,2.15972664216405,2.15972664216405,2.15972664216405,0E-17,ELIGIBLE,R03b_20260811_FULL_v1,L1_ELIGIBILITY,v2026-08-11,2026-03-21..2026-08-06,baccarat_bet02_101_all_pairs_incl_sentinel,round_win = game_pnl > 0 (decisive only),COMPATIBILITY_ONLY_NOT_PRODUCTION,8305.0000,7585.0000,167.9000,146,146,-0.02021674,-0.02021674,,-0.02021674,-167.9000,8305.0000,OK,0.0000,6.7160,4.0000,96.0000,AG03-UNRESOLVED,ALL5_LEVELS_bet23_to_bet27,6.7160,6.7160,6.7160,6.7160,6.7160,4.000000,4.000000,4.000000,4.000000,4.000000,96.000000,96.000000,96.000000,96.000000,96.000000,5.0,33.5800,30.9989,134.3200,136.9011,PENDING_AG03,FALSE,NOT_FOR_ENFORCEMENT,161.1840,7281.6000,167.9000,161.1840,6.7160,0.02021674,0.01940807,6.7160,161.1840,0.01940807,6.7160,6.7160,6.7160,6.7160,6.7160,161.1840,0.01940807,33.5800,30.9989,134.3200,136.9011,0.01617339,0.01648418,0.00080867,56.8836,51.9521,1.1500,33.5800,4.0951,1661.0000,29.2000,56.8836,,50.0,50.0,55.0,100.0,100.0,132.3201,50.0,0.0,2.0,2.646401,1.137671,15,40,5,2,1.00000000,0.02021674,0.02021674,0E-8,0.000000,0.913305,0.000000,,2026-08-02,2026-08-06,5,41,37,5,1.000000,,1.000000,3.333333,,,,,,,,GLOBAL_BASELINE_NO_ENTITY_RANKING,,,NOT_APPLICABLE_GLOBAL_BASELINE,HF9g-P5,,,,X 全窗基线 · 不参与实体赏罚,6871295,688,A168_HF9F_20260827_0900,2026-08-27 09:00:00
2026-08-02,153774596,2196,0,225.0000000000,-225.0000000000,-225.0000000000,0E-7,2,2,0.50665070000000000,0.506650700000,-1.4331513700195317,-1.4331513700195317,-1.4331513700195317,0E-17,ELIGIBLE,R03b_20260811_FULL_v1,L1_ELIGIBILITY,v2026-08-11,2026-03-21..2026-08-06,baccarat_bet02_101_all_pairs_incl_sentinel,round_win = game_pnl > 0 (decisive only),COMPATIBILITY_ONLY_NOT_PRODUCTION,8305.0000,7585.0000,167.9000,146,146,-0.02021674,-0.02021674,,-0.02021674,-167.9000,8305.0000,OK,0.0000,6.7160,4.0000,96.0000,AG03-UNRESOLVED,ALL5_LEVELS_bet23_to_bet27,6.7160,6.7160,6.7160,6.7160,6.7160,4.000000,4.000000,4.000000,4.000000,4.000000,96.000000,96.000000,96.000000,96.000000,96.000000,5.0,33.5800,30.9989,134.3200,136.9011,PENDING_AG03,FALSE,NOT_FOR_ENFORCEMENT,161.1840,7281.6000,167.9000,161.1840,6.7160,0.02021674,0.01940807,6.7160,161.1840,0.01940807,6.7160,6.7160,6.7160,6.7160,6.7160,161.1840,0.01940807,33.5800,30.9989,134.3200,136.9011,0.01617339,0.01648418,0.00080867,56.8836,51.9521,1.1500,33.5800,4.0951,1661.0000,29.2000,56.8836,,50.0,50.0,55.0,100.0,100.0,132.3201,50.0,0.0,2.0,2.646401,1.137671,15,40,5,2,1.00000000,0.02021674,0.02021674,0E-8,0.000000,0.913305,0.000000,,2026-08-02,2026-08-06,5,41,37,5,1.000000,,1.000000,3.333333,,,,,,,,GLOBAL_BASELINE_NO_ENTITY_RANKING,,,NOT_APPLICABLE_GLOBAL_BASELINE,HF9g-P5,,,,X 全窗基线 · 不参与实体赏罚,6871296,688,A168_HF9F_20260827_0900,2026-08-27 09:00:00
2026-08-03,153774596,1966,0,150.0000000000,-100.0000000000,-100.0000000000,0E-7,3,3,0.50665070000000000,0.506650700000,-1.4331513700195317,-1.4331513700195317,-1.4331513700195317,0E-17,ELIGIBLE,R03b_20260811_FULL_v1,L1_ELIGIBILITY,v2026-08-11,2026-03-21..2026-08-06,baccarat_bet02_101_all_pairs_incl_sentinel,round_win = game_pnl > 0 (decisive only),COMPATIBILITY_ONLY_NOT_PRODUCTION,8305.0000,7585.0000,167.9000,146,146,-0.02021674,-0.02021674,,-0.02021674,-167.9000,8305.0000,OK,0.0000,6.7160,4.0000,96.0000,AG03-UNRESOLVED,ALL5_LEVELS_bet23_to_bet27,6.7160,6.7160,6.7160,6.7160,6.7160,4.000000,4.000000,4.000000,4.000000,4.000000,96.000000,96.000000,96.000000,96.000000,96.000000,5.0,33.5800,30.9989,134.3200,136.9011,PENDING_AG03,FALSE,NOT_FOR_ENFORCEMENT,161.1840,7281.6000,167.9000,161.1840,6.7160,0.02021674,0.01940807,6.7160,161.1840,0.01940807,6.7160,6.7160,6.7160,6.7160,6.7160,161.1840,0.01940807,33.5800,30.9989,134.3200,136.9011,0.01617339,0.01648418,0.00080867,56.8836,51.9521,1.1500,33.5800,4.0951,1661.0000,29.2000,56.8836,,50.0,50.0,55.0,100.0,100.0,132.3201,50.0,0.0,2.0,2.646401,1.137671,15,40,5,2,1.00000000,0.02021674,0.02021674,0E-8,0.000000,0.913305,0.000000,,2026-08-02,2026-08-06,5,41,37,5,1.000000,,1.000000,3.333333,,,,,,,,GLOBAL_BASELINE_NO_ENTITY_RANKING,,,NOT_APPLICABLE_GLOBAL_BASELINE,HF9g-P5,,,,X 全窗基线 · 不参与实体赏罚,6871297,688,A168_HF9F_20260827_0900,2026-08-27 09:00:00
2026-08-03,153774596,2224,0,45.0000000000,-45.0000000000,-45.0000000000,0E-7,1,1,0.50665070000000000,0.506650700000,-1.013391052207602,-1.013391052207602,-1.013391052207602,0E-17,ELIGIBLE,R03b_20260811_FULL_v1,L1_ELIGIBILITY,v2026-08-11,2026-03-21..2026-08-06,baccarat_bet02_101_all_pairs_incl_sentinel,round_win = game_pnl > 0 (decisive only),COMPATIBILITY_ONLY_NOT_PRODUCTION,8305.0000,7585.0000,167.9000,146,146,-0.02021674,-0.02021674,,-0.02021674,-167.9000,8305.0000,OK,0.0000,6.7160,4.0000,96.0000,AG03-UNRESOLVED,ALL5_LEVELS_bet23_to_bet27,6.7160,6.7160,6.7160,6.7160,6.7160,4.000000,4.000000,4.000000,4.000000,4.000000,96.000000,96.000000,96.000000,96.000000,96.000000,5.0,33.5800,30.9989,134.3200,136.9011,PENDING_AG03,FALSE,NOT_FOR_ENFORCEMENT,161.1840,7281.6000,167.9000,161.1840,6.7160,0.02021674,0.01940807,6.7160,161.1840,0.01940807,6.7160,6.7160,6.7160,6.7160,6.7160,161.1840,0.01940807,33.5800,30.9989,134.3200,136.9011,0.01617339,0.01648418,0.00080867,56.8836,51.9521,1.1500,33.5800,4.0951,1661.0000,29.2000,56.8836,,50.0,50.0,55.0,100.0,100.0,132.3201,50.0,0.0,2.0,2.646401,1.137671,15,40,5,2,1.00000000,0.02021674,0.02021674,0E-8,0.000000,0.913305,0.000000,,2026-08-02,2026-08-06,5,41,37,5,1.000000,,1.000000,3.333333,,,,,,,,GLOBAL_BASELINE_NO_ENTITY_RANKING,,,NOT_APPLICABLE_GLOBAL_BASELINE,HF9g-P5,,,,X 全窗基线 · 不参与实体赏罚,6871298,688,A168_HF9F_20260827_0900,2026-08-27 09:00:00
2026-08-03,153774596,2253,0,99.0000000000,-3.4500000000,-3.4500000000,0.5000000,2,2,0.50665070000000000,0.506650700000,-0.018812684590367487,-0.018812684590367487,-0.018812684590367487,0E-17,ELIGIBLE,R03b_20260811_FULL_v1,L1_ELIGIBILITY,v2026-08-11,2026-03-21..2026-08-06,baccarat_bet02_101_all_pairs_incl_sentinel,round_win = game_pnl > 0 (decisive only),COMPATIBILITY_ONLY_NOT_PRODUCTION,8305.0000,7585.0000,167.9000,146,146,-0.02021674,-0.02021674,,-0.02021674,-167.9000,8305.0000,OK,0.0000,6.7160,4.0000,96.0000,AG03-UNRESOLVED,ALL5_LEVELS_bet23_to_bet27,6.7160,6.7160,6.7160,6.7160,6.7160,4.000000,4.000000,4.000000,4.000000,4.000000,96.000000,96.000000,96.000000,96.000000,96.000000,5.0,33.5800,30.9989,134.3200,136.9011,PENDING_AG03,FALSE,NOT_FOR_ENFORCEMENT,161.1840,7281.6000,167.9000,161.1840,6.7160,0.02021674,0.01940807,6.7160,161.1840,0.01940807,6.7160,6.7160,6.7160,6.7160,6.7160,161.1840,0.01940807,33.5800,30.9989,134.3200,136.9011,0.01617339,0.01648418,0.00080867,56.8836,51.9521,1.1500,33.5800,4.0951,1661.0000,29.2000,56.8836,,50.0,50.0,55.0,100.0,100.0,132.3201,50.0,0.0,2.0,2.646401,1.137671,15,40,5,2,1.00000000,0.02021674,0.02021674,0E-8,0.000000,0.913305,0.000000,,2026-08-02,2026-08-06,5,41,37,5,1.000000,,1.000000,3.333333,,,,,,,,GLOBAL_BASELINE_NO_ENTITY_RANKING,,,NOT_APPLICABLE_GLOBAL_BASELINE,HF9g-P5,,,,X 全窗基线 · 不参与实体赏罚,6871299,688,A168_HF9F_20260827_0900,2026-08-27 09:00:00
2026-08-03,153774596,925,0,50.0000000000,50.0000000000,50.0000000000,1.0000000,1,1,0.49324550000000000,0.493245500000,1.01360149184955,1.01360149184955,1.01360149184955,0E-17,ELIGIBLE,R03b_20260811_FULL_v1,L1_ELIGIBILITY,v2026-08-11,2026-03-21..2026-08-06,baccarat_bet02_101_all_pairs_incl_sentinel,round_win = game_pnl > 0 (decisive only),COMPATIBILITY_ONLY_NOT_PRODUCTION,8305.0000,7585.0000,167.9000,146,146,-0.02021674,-0.02021674,,-0.02021674,-167.9000,8305.0000,OK,0.0000,6.7160,4.0000,96.0000,AG03-UNRESOLVED,ALL5_LEVELS_bet23_to_bet27,6.7160,6.7160,6.7160,6.7160,6.7160,4.000000,4.000000,4.000000,4.000000,4.000000,96.000000,96.000000,96.000000,96.000000,96.000000,5.0,33.5800,30.9989,134.3200,136.9011,PENDING_AG03,FALSE,NOT_FOR_ENFORCEMENT,161.1840,7281.6000,167.9000,161.1840,6.7160,0.02021674,0.01940807,6.7160,161.1840,0.01940807,6.7160,6.7160,6.7160,6.7160,6.7160,161.1840,0.01940807,33.5800,30.9989,134.3200,136.9011,0.01617339,0.01648418,0.00080867,56.8836,51.9521,1.1500,33.5800,4.0951,1661.0000,29.2000,56.8836,,50.0,50.0,55.0,100.0,100.0,132.3201,50.0,0.0,2.0,2.646401,1.137671,15,40,5,2,1.00000000,0.02021674,0.02021674,0E-8,0.000000,0.913305,0.000000,,2026-08-02,2026-08-06,5,41,37,5,1.000000,,1.000000,3.333333,,,,,,,,GLOBAL_BASELINE_NO_ENTITY_RANKING,,,NOT_APPLICABLE_GLOBAL_BASELINE,HF9g-P5,,,,X 全窗基线 · 不参与实体赏罚,6871300,688,A168_HF9F_20260827_0900,2026-08-27 09:00:00
2026-08-04,153774596,1363,0,368.0000000000,27.8500000000,27.8500000000,0.5000000,6,6,0.50665070000000000,0.506650700000,-0.032584525537284574,-0.032584525537284574,-0.032584525537284574,0E-17,ELIGIBLE,R03b_20260811_FULL_v1,L1_ELIGIBILITY,v2026-08-11,2026-03-21..2026-08-06,baccarat_bet02_101_all_pairs_incl_sentinel,round_win = game_pnl > 0 (decisive only),COMPATIBILITY_ONLY_NOT_PRODUCTION,8305.0000,7585.0000,167.9000,146,146,-0.02021674,-0.02021674,,-0.02021674,-167.9000,8305.0000,OK,0.0000,6.7160,4.0000,96.0000,AG03-UNRESOLVED,ALL5_LEVELS_bet23_to_bet27,6.7160,6.7160,6.7160,6.7160,6.7160,4.000000,4.000000,4.000000,4.000000,4.000000,96.000000,96.000000,96.000000,96.000000,96.000000,5.0,33.5800,30.9989,134.3200,136.9011,PENDING_AG03,FALSE,NOT_FOR_ENFORCEMENT,161.1840,7281.6000,167.9000,161.1840,6.7160,0.02021674,0.01940807,6.7160,161.1840,0.01940807,6.7160,6.7160,6.7160,6.7160,6.7160,161.1840,0.01940807,33.5800,30.9989,134.3200,136.9011,0.01617339,0.01648418,0.00080867,56.8836,51.9521,1.1500,33.5800,4.0951,1661.0000,29.2000,56.8836,,50.0,50.0,55.0,100.0,100.0,132.3201,50.0,0.0,2.0,2.646401,1.137671,15,40,5,2,1.00000000,0.02021674,0.02021674,0E-8,0.000000,0.913305,0.000000,,2026-08-02,2026-08-06,5,41,37,5,1.000000,,1.000000,3.333333,,,,,,,,GLOBAL_BASELINE_NO_ENTITY_RANKING,,,NOT_APPLICABLE_GLOBAL_BASELINE,HF9g-P5,,,,X 全窗基线 · 不参与实体赏罚,6871301,688,A168_HF9F_20260827_0900,2026-08-27 09:00:00
2026-08-04,153774596,1385,0,300.0000000000,-102.5000000000,-102.5000000000,0.2500000,5,5,0.50665070000000000,0.506650700000,-1.0266936290537745,-1.0266936290537745,-1.0266936290537745,0E-17,ELIGIBLE,R03b_20260811_FULL_v1,L1_ELIGIBILITY,v2026-08-11,2026-03-21..2026-08-06,baccarat_bet02_101_all_pairs_incl_sentinel,round_win = game_pnl > 0 (decisive only),COMPATIBILITY_ONLY_NOT_PRODUCTION,8305.0000,7585.0000,167.9000,146,146,-0.02021674,-0.02021674,,-0.02021674,-167.9000,8305.0000,OK,0.0000,6.7160,4.0000,96.0000,AG03-UNRESOLVED,ALL5_LEVELS_bet23_to_bet27,6.7160,6.7160,6.7160,6.7160,6.7160,4.000000,4.000000,4.000000,4.000000,4.000000,96.000000,96.000000,96.000000,96.000000,96.000000,5.0,33.5800,30.9989,134.3200,136.9011,PENDING_AG03,FALSE,NOT_FOR_ENFORCEMENT,161.1840,7281.6000,167.9000,161.1840,6.7160,0.02021674,0.01940807,6.7160,161.1840,0.01940807,6.7160,6.7160,6.7160,6.7160,6.7160,161.1840,0.01940807,33.5800,30.9989,134.3200,136.9011,0.01617339,0.01648418,0.00080867,56.8836,51.9521,1.1500,33.5800,4.0951,1661.0000,29.2000,56.8836,,50.0,50.0,55.0,100.0,100.0,132.3201,50.0,0.0,2.0,2.646401,1.137671,15,40,5,2,1.00000000,0.02021674,0.02021674,0E-8,0.000000,0.913305,0.000000,,2026-08-02,2026-08-06,5,41,37,5,1.000000,,1.000000,3.333333,,,,,,,,GLOBAL_BASELINE_NO_ENTITY_RANKING,,,NOT_APPLICABLE_GLOBAL_BASELINE,HF9g-P5,,,,X 全窗基线 · 不参与实体赏罚,6871302,688,A168_HF9F_20260827_0900,2026-08-27 09:00:00
2026-08-04,153774596,1400,0,350.0000000000,150.0000000000,150.0000000000,0.6666667,6,6,0.49324550000000000,0.493245500000,0.8496642703256836,0.8496642703256835,0.8496642703256836,0E-17,ELIGIBLE,R03b_20260811_FULL_v1,L1_ELIGIBILITY,v2026-08-11,2026-03-21..2026-08-06,baccarat_bet02_101_all_pairs_incl_sentinel,round_win = game_pnl > 0 (decisive only),COMPATIBILITY_ONLY_NOT_PRODUCTION,8305.0000,7585.0000,167.9000,146,146,-0.02021674,-0.02021674,,-0.02021674,-167.9000,8305.0000,OK,0.0000,6.7160,4.0000,96.0000,AG03-UNRESOLVED,ALL5_LEVELS_bet23_to_bet27,6.7160,6.7160,6.7160,6.7160,6.7160,4.000000,4.000000,4.000000,4.000000,4.000000,96.000000,96.000000,96.000000,96.000000,96.000000,5.0,33.5800,30.9989,134.3200,136.9011,PENDING_AG03,FALSE,NOT_FOR_ENFORCEMENT,161.1840,7281.6000,167.9000,161.1840,6.7160,0.02021674,0.01940807,6.7160,161.1840,0.01940807,6.7160,6.7160,6.7160,6.7160,6.7160,161.1840,0.01940807,33.5800,30.9989,134.3200,136.9011,0.01617339,0.01648418,0.00080867,56.8836,51.9521,1.1500,33.5800,4.0951,1661.0000,29.2000,56.8836,,50.0,50.0,55.0,100.0,100.0,132.3201,50.0,0.0,2.0,2.646401,1.137671,15,40,5,2,1.00000000,0.02021674,0.02021674,0E-8,0.000000,0.913305,0.000000,,2026-08-02,2026-08-06,5,41,37,5,1.000000,,1.000000,3.333333,,,,,,,,GLOBAL_BASELINE_NO_ENTITY_RANKING,,,NOT_APPLICABLE_GLOBAL_BASELINE,HF9g-P5,,,,X 全窗基线 · 不参与实体赏罚,6871303,688,A168_HF9F_20260827_0900,2026-08-27 09:00:00
2026-08-04,153774596,1405,0,442.0000000000,175.1500000000,175.1500000000,0.7500000,7,7,0.50665070000000000,0.506650700000,0.9734833216690844,0.9734833216690844,0.9734833216690844,0E-17,ELIGIBLE,R03b_20260811_FULL_v1,L1_ELIGIBILITY,v2026-08-11,2026-03-21..2026-08-06,baccarat_bet02_101_all_pairs_incl_sentinel,round_win = game_pnl > 0 (decisive only),COMPATIBILITY_ONLY_NOT_PRODUCTION,8305.0000,7585.0000,167.9000,146,146,-0.02021674,-0.02021674,,-0.02021674,-167.9000,8305.0000,OK,0.0000,6.7160,4.0000,96.0000,AG03-UNRESOLVED,ALL5_LEVELS_bet23_to_bet27,6.7160,6.7160,6.7160,6.7160,6.7160,4.000000,4.000000,4.000000,4.000000,4.000000,96.000000,96.000000,96.000000,96.000000,96.000000,5.0,33.5800,30.9989,134.3200,136.9011,PENDING_AG03,FALSE,NOT_FOR_ENFORCEMENT,161.1840,7281.6000,167.9000,161.1840,6.7160,0.02021674,0.01940807,6.7160,161.1840,0.01940807,6.7160,6.7160,6.7160,6.7160,6.7160,161.1840,0.01940807,33.5800,30.9989,134.3200,136.9011,0.01617339,0.01648418,0.00080867,56.8836,51.9521,1.1500,33.5800,4.0951,1661.0000,29.2000,56.8836,,50.0,50.0,55.0,100.0,100.0,132.3201,50.0,0.0,2.0,2.646401,1.137671,15,40,5,2,1.00000000,0.02021674,0.02021674,0E-8,0.000000,0.913305,0.000000,,2026-08-02,2026-08-06,5,41,37,5,1.000000,,1.000000,3.333333,,,,,,,,GLOBAL_BASELINE_NO_ENTITY_RANKING,,,NOT_APPLICABLE_GLOBAL_BASELINE,HF9g-P5,,,,X 全窗基线 · 不参与实体赏罚,6871304,688,A168_HF9F_20260827_0900,2026-08-27 09:00:00
2026-08-04,153774596,1505,0,203.0000000000,95.3500000000,95.3500000000,0.6666667,3,3,0.50665070000000000,0.506650700000,0.5543606114942035,0.5543606114942035,0.5543606114942035,0E-17,ELIGIBLE,R03b_20260811_FULL_v1,L1_ELIGIBILITY,v2026-08-11,2026-03-21..2026-08-06,baccarat_bet02_101_all_pairs_incl_sentinel,round_win = game_pnl > 0 (decisive only),COMPATIBILITY_ONLY_NOT_PRODUCTION,8305.0000,7585.0000,167.9000,146,146,-0.02021674,-0.02021674,,-0.02021674,-167.9000,8305.0000,OK,0.0000,6.7160,4.0000,96.0000,AG03-UNRESOLVED,ALL5_LEVELS_bet23_to_bet27,6.7160,6.7160,6.7160,6.7160,6.7160,4.000000,4.000000,4.000000,4.000000,4.000000,96.000000,96.000000,96.000000,96.000000,96.000000,5.0,33.5800,30.9989,134.3200,136.9011,PENDING_AG03,FALSE,NOT_FOR_ENFORCEMENT,161.1840,7281.6000,167.9000,161.1840,6.7160,0.02021674,0.01940807,6.7160,161.1840,0.01940807,6.7160,6.7160,6.7160,6.7160,6.7160,161.1840,0.01940807,33.5800,30.9989,134.3200,136.9011,0.01617339,0.01648418,0.00080867,56.8836,51.9521,1.1500,33.5800,4.0951,1661.0000,29.2000,56.8836,,50.0,50.0,55.0,100.0,100.0,132.3201,50.0,0.0,2.0,2.646401,1.137671,15,40,5,2,1.00000000,0.02021674,0.02021674,0E-8,0.000000,0.913305,0.000000,,2026-08-02,2026-08-06,5,41,37,5,1.000000,,1.000000,3.333333,,,,,,,,GLOBAL_BASELINE_NO_ENTITY_RANKING,,,NOT_APPLICABLE_GLOBAL_BASELINE,HF9g-P5,,,,X 全窗基线 · 不参与实体赏罚,6871305,688,A168_HF9F_20260827_0900,2026-08-27 09:00:00
2026-08-04,153774596,2145,0,105.0000000000,-55.0000000000,-55.0000000000,0E-7,2,2,0.50665070000000000,0.506650700000,-1.013391052207602,-1.013391052207602,-1.013391052207602,0E-17,ELIGIBLE,R03b_20260811_FULL_v1,L1_ELIGIBILITY,v2026-08-11,2026-03-21..2026-08-06,baccarat_bet02_101_all_pairs_incl_sentinel,round_win = game_pnl > 0 (decisive only),COMPATIBILITY_ONLY_NOT_PRODUCTION,8305.0000,7585.0000,167.9000,146,146,-0.02021674,-0.02021674,,-0.02021674,-167.9000,8305.0000,OK,0.0000,6.7160,4.0000,96.0000,AG03-UNRESOLVED,ALL5_LEVELS_bet23_to_bet27,6.7160,6.7160,6.7160,6.7160,6.7160,4.000000,4.000000,4.000000,4.000000,4.000000,96.000000,96.000000,96.000000,96.000000,96.000000,5.0,33.5800,30.9989,134.3200,136.9011,PENDING_AG03,FALSE,NOT_FOR_ENFORCEMENT,161.1840,7281.6000,167.9000,161.1840,6.7160,0.02021674,0.01940807,6.7160,161.1840,0.01940807,6.7160,6.7160,6.7160,6.7160,6.7160,161.1840,0.01940807,33.5800,30.9989,134.3200,136.9011,0.01617339,0.01648418,0.00080867,56.8836,51.9521,1.1500,33.5800,4.0951,1661.0000,29.2000,56.8836,,50.0,50.0,55.0,100.0,100.0,132.3201,50.0,0.0,2.0,2.646401,1.137671,15,40,5,2,1.00000000,0.02021674,0.02021674,0E-8,0.000000,0.913305,0.000000,,2026-08-02,2026-08-06,5,41,37,5,1.000000,,1.000000,3.333333,,,,,,,,GLOBAL_BASELINE_NO_ENTITY_RANKING,,,NOT_APPLICABLE_GLOBAL_BASELINE,HF9g-P5,,,,X 全窗基线 · 不参与实体赏罚,6871306,688,A168_HF9F_20260827_0900,2026-08-27 09:00:00
2026-08-04,153774596,2171,0,55.0000000000,-55.0000000000,-55.0000000000,0E-7,1,1,0.50665070000000000,0.506650700000,-1.013391052207602,-1.013391052207602,-1.013391052207602,0E-17,ELIGIBLE,R03b_20260811_FULL_v1,L1_ELIGIBILITY,v2026-08-11,2026-03-21..2026-08-06,baccarat_bet02_101_all_pairs_incl_sentinel,round_win = game_pnl > 0 (decisive only),COMPATIBILITY_ONLY_NOT_PRODUCTION,8305.0000,7585.0000,167.9000,146,146,-0.02021674,-0.02021674,,-0.02021674,-167.9000,8305.0000,OK,0.0000,6.7160,4.0000,96.0000,AG03-UNRESOLVED,ALL5_LEVELS_bet23_to_bet27,6.7160,6.7160,6.7160,6.7160,6.7160,4.000000,4.000000,4.000000,4.000000,4.000000,96.000000,96.000000,96.000000,96.000000,96.000000,5.0,33.5800,30.9989,134.3200,136.9011,PENDING_AG03,FALSE,NOT_FOR_ENFORCEMENT,161.1840,7281.6000,167.9000,161.1840,6.7160,0.02021674,0.01940807,6.7160,161.1840,0.01940807,6.7160,6.7160,6.7160,6.7160,6.7160,161.1840,0.01940807,33.5800,30.9989,134.3200,136.9011,0.01617339,0.01648418,0.00080867,56.8836,51.9521,1.1500,33.5800,4.0951,1661.0000,29.2000,56.8836,,50.0,50.0,55.0,100.0,100.0,132.3201,50.0,0.0,2.0,2.646401,1.137671,15,40,5,2,1.00000000,0.02021674,0.02021674,0E-8,0.000000,0.913305,0.000000,,2026-08-02,2026-08-06,5,41,37,5,1.000000,,1.000000,3.333333,,,,,,,,GLOBAL_BASELINE_NO_ENTITY_RANKING,,,NOT_APPLICABLE_GLOBAL_BASELINE,HF9g-P5,,,,X 全窗基线 · 不参与实体赏罚,6871307,688,A168_HF9F_20260827_0900,2026-08-27 09:00:00
2026-08-04,153774596,2201,0,100.0000000000,-100.0000000000,-100.0000000000,0E-7,2,2,0.49994810000000000,0.499948100000,-1.4140667746232096,-1.4140667746232096,-1.4140667746232096,0E-17,ELIGIBLE,R03b_20260811_FULL_v1,L1_ELIGIBILITY,v2026-08-11,2026-03-21..2026-08-06,baccarat_bet02_101_all_pairs_incl_sentinel,round_win = game_pnl > 0 (decisive only),COMPATIBILITY_ONLY_NOT_PRODUCTION,8305.0000,7585.0000,167.9000,146,146,-0.02021674,-0.02021674,,-0.02021674,-167.9000,8305.0000,OK,0.0000,6.7160,4.0000,96.0000,AG03-UNRESOLVED,ALL5_LEVELS_bet23_to_bet27,6.7160,6.7160,6.7160,6.7160,6.7160,4.000000,4.000000,4.000000,4.000000,4.000000,96.000000,96.000000,96.000000,96.000000,96.000000,5.0,33.5800,30.9989,134.3200,136.9011,PENDING_AG03,FALSE,NOT_FOR_ENFORCEMENT,161.1840,7281.6000,167.9000,161.1840,6.7160,0.02021674,0.01940807,6.7160,161.1840,0.01940807,6.7160,6.7160,6.7160,6.7160,6.7160,161.1840,0.01940807,33.5800,30.9989,134.3200,136.9011,0.01617339,0.01648418,0.00080867,56.8836,51.9521,1.1500,33.5800,4.0951,1661.0000,29.2000,56.8836,,50.0,50.0,55.0,100.0,100.0,132.3201,50.0,0.0,2.0,2.646401,1.137671,15,40,5,2,1.00000000,0.02021674,0.02021674,0E-8,0.000000,0.913305,0.000000,,2026-08-02,2026-08-06,5,41,37,5,1.000000,,1.000000,3.333333,,,,,,,,GLOBAL_BASELINE_NO_ENTITY_RANKING,,,NOT_APPLICABLE_GLOBAL_BASELINE,HF9g-P5,,,,X 全窗基线 · 不参与实体赏罚,6871308,688,A168_HF9F_20260827_0900,2026-08-27 09:00:00
2026-08-04,153774596,2235,0,50.0000000000,-50.0000000000,-50.0000000000,0E-7,1,1,0.50665070000000000,0.506650700000,-1.013391052207602,-1.013391052207602,-1.013391052207602,0E-17,ELIGIBLE,R03b_20260811_FULL_v1,L1_ELIGIBILITY,v2026-08-11,2026-03-21..2026-08-06,baccarat_bet02_101_all_pairs_incl_sentinel,round_win = game_pnl > 0 (decisive only),COMPATIBILITY_ONLY_NOT_PRODUCTION,8305.0000,7585.0000,167.9000,146,146,-0.02021674,-0.02021674,,-0.02021674,-167.9000,8305.0000,OK,0.0000,6.7160,4.0000,96.0000,AG03-UNRESOLVED,ALL5_LEVELS_bet23_to_bet27,6.7160,6.7160,6.7160,6.7160,6.7160,4.000000,4.000000,4.000000,4.000000,4.000000,96.000000,96.000000,96.000000,96.000000,96.000000,5.0,33.5800,30.9989,134.3200,136.9011,PENDING_AG03,FALSE,NOT_FOR_ENFORCEMENT,161.1840,7281.6000,167.9000,161.1840,6.7160,0.02021674,0.01940807,6.7160,161.1840,0.01940807,6.7160,6.7160,6.7160,6.7160,6.7160,161.1840,0.01940807,33.5800,30.9989,134.3200,136.9011,0.01617339,0.01648418,0.00080867,56.8836,51.9521,1.1500,33.5800,4.0951,1661.0000,29.2000,56.8836,,50.0,50.0,55.0,100.0,100.0,132.3201,50.0,0.0,2.0,2.646401,1.137671,15,40,5,2,1.00000000,0.02021674,0.02021674,0E-8,0.000000,0.913305,0.000000,,2026-08-02,2026-08-06,5,41,37,5,1.000000,,1.000000,3.333333,,,,,,,,GLOBAL_BASELINE_NO_ENTITY_RANKING,,,NOT_APPLICABLE_GLOBAL_BASELINE,HF9g-P5,,,,X 全窗基线 · 不参与实体赏罚,6871309,688,A168_HF9F_20260827_0900,2026-08-27 09:00:00
2026-08-04,153774596,2242,0,50.0000000000,-50.0000000000,-50.0000000000,0E-7,1,1,0.50665070000000000,0.506650700000,-1.013391052207602,-1.013391052207602,-1.013391052207602,0E-17,ELIGIBLE,R03b_20260811_FULL_v1,L1_ELIGIBILITY,v2026-08-11,2026-03-21..2026-08-06,baccarat_bet02_101_all_pairs_incl_sentinel,round_win = game_pnl > 0 (decisive only),COMPATIBILITY_ONLY_NOT_PRODUCTION,8305.0000,7585.0000,167.9000,146,146,-0.02021674,-0.02021674,,-0.02021674,-167.9000,8305.0000,OK,0.0000,6.7160,4.0000,96.0000,AG03-UNRESOLVED,ALL5_LEVELS_bet23_to_bet27,6.7160,6.7160,6.7160,6.7160,6.7160,4.000000,4.000000,4.000000,4.000000,4.000000,96.000000,96.000000,96.000000,96.000000,96.000000,5.0,33.5800,30.9989,134.3200,136.9011,PENDING_AG03,FALSE,NOT_FOR_ENFORCEMENT,161.1840,7281.6000,167.9000,161.1840,6.7160,0.02021674,0.01940807,6.7160,161.1840,0.01940807,6.7160,6.7160,6.7160,6.7160,6.7160,161.1840,0.01940807,33.5800,30.9989,134.3200,136.9011,0.01617339,0.01648418,0.00080867,56.8836,51.9521,1.1500,33.5800,4.0951,1661.0000,29.2000,56.8836,,50.0,50.0,55.0,100.0,100.0,132.3201,50.0,0.0,2.0,2.646401,1.137671,15,40,5,2,1.00000000,0.02021674,0.02021674,0E-8,0.000000,0.913305,0.000000,,2026-08-02,2026-08-06,5,41,37,5,1.000000,,1.000000,3.333333,,,,,,,,GLOBAL_BASELINE_NO_ENTITY_RANKING,,,NOT_APPLICABLE_GLOBAL_BASELINE,HF9g-P5,,,,X 全窗基线 · 不参与实体赏罚,6871310,688,A168_HF9F_20260827_0900,2026-08-27 09:00:00
2026-08-04,153774596,2248,0,555.0000000000,197.2500000000,197.2500000000,0.7000000,11,11,0.49933877272727273,0.499338772727,1.2690941422840207,1.2690941422857465,1.2690941422840207,2.7273E-13,ELIGIBLE,R03b_20260811_FULL_v1,L1_ELIGIBILITY,v2026-08-11,2026-03-21..2026-08-06,baccarat_bet02_101_all_pairs_incl_sentinel,round_win = game_pnl > 0 (decisive only),COMPATIBILITY_ONLY_NOT_PRODUCTION,8305.0000,7585.0000,167.9000,146,146,-0.02021674,-0.02021674,,-0.02021674,-167.9000,8305.0000,OK,0.0000,6.7160,4.0000,96.0000,AG03-UNRESOLVED,ALL5_LEVELS_bet23_to_bet27,6.7160,6.7160,6.7160,6.7160,6.7160,4.000000,4.000000,4.000000,4.000000,4.000000,96.000000,96.000000,96.000000,96.000000,96.000000,5.0,33.5800,30.9989,134.3200,136.9011,PENDING_AG03,FALSE,NOT_FOR_ENFORCEMENT,161.1840,7281.6000,167.9000,161.1840,6.7160,0.02021674,0.01940807,6.7160,161.1840,0.01940807,6.7160,6.7160,6.7160,6.7160,6.7160,161.1840,0.01940807,33.5800,30.9989,134.3200,136.9011,0.01617339,0.01648418,0.00080867,56.8836,51.9521,1.1500,33.5800,4.0951,1661.0000,29.2000,56.8836,,50.0,50.0,55.0,100.0,100.0,132.3201,50.0,0.0,2.0,2.646401,1.137671,15,40,5,2,1.00000000,0.02021674,0.02021674,0E-8,0.000000,0.913305,0.000000,,2026-08-02,2026-08-06,5,41,37,5,1.000000,,1.000000,3.333333,,,,,,,,GLOBAL_BASELINE_NO_ENTITY_RANKING,,,NOT_APPLICABLE_GLOBAL_BASELINE,HF9g-P5,,,,X 全窗基线 · 不参与实体赏罚,6871311,688,A168_HF9F_20260827_0900,2026-08-27 09:00:00
2026-08-04,153774596,2271,0,45.0000000000,-45.0000000000,-45.0000000000,0E-7,1,1,0.50665070000000000,0.506650700000,-1.013391052207602,-1.013391052207602,-1.013391052207602,0E-17,ELIGIBLE,R03b_20260811_FULL_v1,L1_ELIGIBILITY,v2026-08-11,2026-03-21..2026-08-06,baccarat_bet02_101_all_pairs_incl_sentinel,round_win = game_pnl > 0 (decisive only),COMPATIBILITY_ONLY_NOT_PRODUCTION,8305.0000,7585.0000,167.9000,146,146,-0.02021674,-0.02021674,,-0.02021674,-167.9000,8305.0000,OK,0.0000,6.7160,4.0000,96.0000,AG03-UNRESOLVED,ALL5_LEVELS_bet23_to_bet27,6.7160,6.7160,6.7160,6.7160,6.7160,4.000000,4.000000,4.000000,4.000000,4.000000,96.000000,96.000000,96.000000,96.000000,96.000000,5.0,33.5800,30.9989,134.3200,136.9011,PENDING_AG03,FALSE,NOT_FOR_ENFORCEMENT,161.1840,7281.6000,167.9000,161.1840,6.7160,0.02021674,0.01940807,6.7160,161.1840,0.01940807,6.7160,6.7160,6.7160,6.7160,6.7160,161.1840,0.01940807,33.5800,30.9989,134.3200,136.9011,0.01617339,0.01648418,0.00080867,56.8836,51.9521,1.1500,33.5800,4.0951,1661.0000,29.2000,56.8836,,50.0,50.0,55.0,100.0,100.0,132.3201,50.0,0.0,2.0,2.646401,1.137671,15,40,5,2,1.00000000,0.02021674,0.02021674,0E-8,0.000000,0.913305,0.000000,,2026-08-02,2026-08-06,5,41,37,5,1.000000,,1.000000,3.333333,,,,,,,,GLOBAL_BASELINE_NO_ENTITY_RANKING,,,NOT_APPLICABLE_GLOBAL_BASELINE,HF9g-P5,,,,X 全窗基线 · 不参与实体赏罚,6871312,688,A168_HF9F_20260827_0900,2026-08-27 09:00:00
2026-08-04,153774596,915,0,55.0000000000,52.2500000000,52.2500000000,1.0000000,1,1,0.50665070000000000,0.506650700000,0.9867858985152569,0.9867858985152569,0.9867858985152569,0E-17,ELIGIBLE,R03b_20260811_FULL_v1,L1_ELIGIBILITY,v2026-08-11,2026-03-21..2026-08-06,baccarat_bet02_101_all_pairs_incl_sentinel,round_win = game_pnl > 0 (decisive only),COMPATIBILITY_ONLY_NOT_PRODUCTION,8305.0000,7585.0000,167.9000,146,146,-0.02021674,-0.02021674,,-0.02021674,-167.9000,8305.0000,OK,0.0000,6.7160,4.0000,96.0000,AG03-UNRESOLVED,ALL5_LEVELS_bet23_to_bet27,6.7160,6.7160,6.7160,6.7160,6.7160,4.000000,4.000000,4.000000,4.000000,4.000000,96.000000,96.000000,96.000000,96.000000,96.000000,5.0,33.5800,30.9989,134.3200,136.9011,PENDING_AG03,FALSE,NOT_FOR_ENFORCEMENT,161.1840,7281.6000,167.9000,161.1840,6.7160,0.02021674,0.01940807,6.7160,161.1840,0.01940807,6.7160,6.7160,6.7160,6.7160,6.7160,161.1840,0.01940807,33.5800,30.9989,134.3200,136.9011,0.01617339,0.01648418,0.00080867,56.8836,51.9521,1.1500,33.5800,4.0951,1661.0000,29.2000,56.8836,,50.0,50.0,55.0,100.0,100.0,132.3201,50.0,0.0,2.0,2.646401,1.137671,15,40,5,2,1.00000000,0.02021674,0.02021674,0E-8,0.000000,0.913305,0.000000,,2026-08-02,2026-08-06,5,41,37,5,1.000000,,1.000000,3.333333,,,,,,,,GLOBAL_BASELINE_NO_ENTITY_RANKING,,,NOT_APPLICABLE_GLOBAL_BASELINE,HF9g-P5,,,,X 全窗基线 · 不参与实体赏罚,6871313,688,A168_HF9F_20260827_0900,2026-08-27 09:00:00
2026-08-04,153774596,919,0,560.0000000000,99.5000000000,99.5000000000,0.6000000,11,11,0.50299473636363636,0.502994736364,0.6135261610830837,0.6135261610807864,0.6135261610830837,-3.6364E-13,ELIGIBLE,R03b_20260811_FULL_v1,L1_ELIGIBILITY,v2026-08-11,2026-03-21..2026-08-06,baccarat_bet02_101_all_pairs_incl_sentinel,round_win = game_pnl > 0 (decisive only),COMPATIBILITY_ONLY_NOT_PRODUCTION,8305.0000,7585.0000,167.9000,146,146,-0.02021674,-0.02021674,,-0.02021674,-167.9000,8305.0000,OK,0.0000,6.7160,4.0000,96.0000,AG03-UNRESOLVED,ALL5_LEVELS_bet23_to_bet27,6.7160,6.7160,6.7160,6.7160,6.7160,4.000000,4.000000,4.000000,4.000000,4.000000,96.000000,96.000000,96.000000,96.000000,96.000000,5.0,33.5800,30.9989,134.3200,136.9011,PENDING_AG03,FALSE,NOT_FOR_ENFORCEMENT,161.1840,7281.6000,167.9000,161.1840,6.7160,0.02021674,0.01940807,6.7160,161.1840,0.01940807,6.7160,6.7160,6.7160,6.7160,6.7160,161.1840,0.01940807,33.5800,30.9989,134.3200,136.9011,0.01617339,0.01648418,0.00080867,56.8836,51.9521,1.1500,33.5800,4.0951,1661.0000,29.2000,56.8836,,50.0,50.0,55.0,100.0,100.0,132.3201,50.0,0.0,2.0,2.646401,1.137671,15,40,5,2,1.00000000,0.02021674,0.02021674,0E-8,0.000000,0.913305,0.000000,,2026-08-02,2026-08-06,5,41,37,5,1.000000,,1.000000,3.333333,,,,,,,,GLOBAL_BASELINE_NO_ENTITY_RANKING,,,NOT_APPLICABLE_GLOBAL_BASELINE,HF9g-P5,,,,X 全窗基线 · 不参与实体赏罚,6871314,688,A168_HF9F_20260827_0900,2026-08-27 09:00:00
2026-08-04,153774596,986,0,100.0000000000,-100.0000000000,-100.0000000000,0E-7,1,1,0.49324550000000000,0.493245500000,-0.9865810262130424,-0.9865810262130424,-0.9865810262130424,0E-17,ELIGIBLE,R03b_20260811_FULL_v1,L1_ELIGIBILITY,v2026-08-11,2026-03-21..2026-08-06,baccarat_bet02_101_all_pairs_incl_sentinel,round_win = game_pnl > 0 (decisive only),COMPATIBILITY_ONLY_NOT_PRODUCTION,8305.0000,7585.0000,167.9000,146,146,-0.02021674,-0.02021674,,-0.02021674,-167.9000,8305.0000,OK,0.0000,6.7160,4.0000,96.0000,AG03-UNRESOLVED,ALL5_LEVELS_bet23_to_bet27,6.7160,6.7160,6.7160,6.7160,6.7160,4.000000,4.000000,4.000000,4.000000,4.000000,96.000000,96.000000,96.000000,96.000000,96.000000,5.0,33.5800,30.9989,134.3200,136.9011,PENDING_AG03,FALSE,NOT_FOR_ENFORCEMENT,161.1840,7281.6000,167.9000,161.1840,6.7160,0.02021674,0.01940807,6.7160,161.1840,0.01940807,6.7160,6.7160,6.7160,6.7160,6.7160,161.1840,0.01940807,33.5800,30.9989,134.3200,136.9011,0.01617339,0.01648418,0.00080867,56.8836,51.9521,1.1500,33.5800,4.0951,1661.0000,29.2000,56.8836,,50.0,50.0,55.0,100.0,100.0,132.3201,50.0,0.0,2.0,2.646401,1.137671,15,40,5,2,1.00000000,0.02021674,0.02021674,0E-8,0.000000,0.913305,0.000000,,2026-08-02,2026-08-06,5,41,37,5,1.000000,,1.000000,3.333333,,,,,,,,GLOBAL_BASELINE_NO_ENTITY_RANKING,,,NOT_APPLICABLE_GLOBAL_BASELINE,HF9g-P5,,,,X 全窗基线 · 不参与实体赏罚,6871315,688,A168_HF9F_20260827_0900,2026-08-27 09:00:00
2026-08-05,153774596,1004,0,72.0000000000,-72.0000000000,-72.0000000000,0E-7,1,1,0.50665070000000000,0.506650700000,-1.013391052207602,-1.013391052207602,-1.013391052207602,0E-17,ELIGIBLE,R03b_20260811_FULL_v1,L1_ELIGIBILITY,v2026-08-11,2026-03-21..2026-08-06,baccarat_bet02_101_all_pairs_incl_sentinel,round_win = game_pnl > 0 (decisive only),COMPATIBILITY_ONLY_NOT_PRODUCTION,8305.0000,7585.0000,167.9000,146,146,-0.02021674,-0.02021674,,-0.02021674,-167.9000,8305.0000,OK,0.0000,6.7160,4.0000,96.0000,AG03-UNRESOLVED,ALL5_LEVELS_bet23_to_bet27,6.7160,6.7160,6.7160,6.7160,6.7160,4.000000,4.000000,4.000000,4.000000,4.000000,96.000000,96.000000,96.000000,96.000000,96.000000,5.0,33.5800,30.9989,134.3200,136.9011,PENDING_AG03,FALSE,NOT_FOR_ENFORCEMENT,161.1840,7281.6000,167.9000,161.1840,6.7160,0.02021674,0.01940807,6.7160,161.1840,0.01940807,6.7160,6.7160,6.7160,6.7160,6.7160,161.1840,0.01940807,33.5800,30.9989,134.3200,136.9011,0.01617339,0.01648418,0.00080867,56.8836,51.9521,1.1500,33.5800,4.0951,1661.0000,29.2000,56.8836,,50.0,50.0,55.0,100.0,100.0,132.3201,50.0,0.0,2.0,2.646401,1.137671,15,40,5,2,1.00000000,0.02021674,0.02021674,0E-8,0.000000,0.913305,0.000000,,2026-08-02,2026-08-06,5,41,37,5,1.000000,,1.000000,3.333333,,,,,,,,GLOBAL_BASELINE_NO_ENTITY_RANKING,,,NOT_APPLICABLE_GLOBAL_BASELINE,HF9g-P5,,,,X 全窗基线 · 不参与实体赏罚,6871316,688,A168_HF9F_20260827_0900,2026-08-27 09:00:00
2026-08-05,153774596,1318,0,950.0000000000,411.7500000000,411.7500000000,0.6428571,14,14,0.50377815714285714,0.503778157143,1.0408015426936303,1.0408015426925634,1.0408015426936303,-1.4286E-13,ELIGIBLE,R03b_20260811_FULL_v1,L1_ELIGIBILITY,v2026-08-11,2026-03-21..2026-08-06,baccarat_bet02_101_all_pairs_incl_sentinel,round_win = game_pnl > 0 (decisive only),COMPATIBILITY_ONLY_NOT_PRODUCTION,8305.0000,7585.0000,167.9000,146,146,-0.02021674,-0.02021674,,-0.02021674,-167.9000,8305.0000,OK,0.0000,6.7160,4.0000,96.0000,AG03-UNRESOLVED,ALL5_LEVELS_bet23_to_bet27,6.7160,6.7160,6.7160,6.7160,6.7160,4.000000,4.000000,4.000000,4.000000,4.000000,96.000000,96.000000,96.000000,96.000000,96.000000,5.0,33.5800,30.9989,134.3200,136.9011,PENDING_AG03,FALSE,NOT_FOR_ENFORCEMENT,161.1840,7281.6000,167.9000,161.1840,6.7160,0.02021674,0.01940807,6.7160,161.1840,0.01940807,6.7160,6.7160,6.7160,6.7160,6.7160,161.1840,0.01940807,33.5800,30.9989,134.3200,136.9011,0.01617339,0.01648418,0.00080867,56.8836,51.9521,1.1500,33.5800,4.0951,1661.0000,29.2000,56.8836,,50.0,50.0,55.0,100.0,100.0,132.3201,50.0,0.0,2.0,2.646401,1.137671,15,40,5,2,1.00000000,0.02021674,0.02021674,0E-8,0.000000,0.913305,0.000000,,2026-08-02,2026-08-06,5,41,37,5,1.000000,,1.000000,3.333333,,,,,,,,GLOBAL_BASELINE_NO_ENTITY_RANKING,,,NOT_APPLICABLE_GLOBAL_BASELINE,HF9g-P5,,,,X 全窗基线 · 不参与实体赏罚,6871317,688,A168_HF9F_20260827_0900,2026-08-27 09:00:00
2026-08-05,153774596,1396,0,455.0000000000,55.0000000000,55.0000000000,0.5714286,9,9,0.49622443333333333,0.496224433333,0.3979542396863437,0.39795423968810956,0.3979542396863437,3.3333E-13,ELIGIBLE,R03b_20260811_FULL_v1,L1_ELIGIBILITY,v2026-08-11,2026-03-21..2026-08-06,baccarat_bet02_101_all_pairs_incl_sentinel,round_win = game_pnl > 0 (decisive only),COMPATIBILITY_ONLY_NOT_PRODUCTION,8305.0000,7585.0000,167.9000,146,146,-0.02021674,-0.02021674,,-0.02021674,-167.9000,8305.0000,OK,0.0000,6.7160,4.0000,96.0000,AG03-UNRESOLVED,ALL5_LEVELS_bet23_to_bet27,6.7160,6.7160,6.7160,6.7160,6.7160,4.000000,4.000000,4.000000,4.000000,4.000000,96.000000,96.000000,96.000000,96.000000,96.000000,5.0,33.5800,30.9989,134.3200,136.9011,PENDING_AG03,FALSE,NOT_FOR_ENFORCEMENT,161.1840,7281.6000,167.9000,161.1840,6.7160,0.02021674,0.01940807,6.7160,161.1840,0.01940807,6.7160,6.7160,6.7160,6.7160,6.7160,161.1840,0.01940807,33.5800,30.9989,134.3200,136.9011,0.01617339,0.01648418,0.00080867,56.8836,51.9521,1.1500,33.5800,4.0951,1661.0000,29.2000,56.8836,,50.0,50.0,55.0,100.0,100.0,132.3201,50.0,0.0,2.0,2.646401,1.137671,15,40,5,2,1.00000000,0.02021674,0.02021674,0E-8,0.000000,0.913305,0.000000,,2026-08-02,2026-08-06,5,41,37,5,1.000000,,1.000000,3.333333,,,,,,,,GLOBAL_BASELINE_NO_ENTITY_RANKING,,,NOT_APPLICABLE_GLOBAL_BASELINE,HF9g-P5,,,,X 全窗基线 · 不参与实体赏罚,6871318,688,A168_HF9F_20260827_0900,2026-08-27 09:00:00
2026-08-05,153774596,1654,0,37.0000000000,35.1500000000,35.1500000000,1.0000000,1,1,0.50665070000000000,0.506650700000,0.9867858985152569,0.9867858985152569,0.9867858985152569,0E-17,ELIGIBLE,R03b_20260811_FULL_v1,L1_ELIGIBILITY,v2026-08-11,2026-03-21..2026-08-06,baccarat_bet02_101_all_pairs_incl_sentinel,round_win = game_pnl > 0 (decisive only),COMPATIBILITY_ONLY_NOT_PRODUCTION,8305.0000,7585.0000,167.9000,146,146,-0.02021674,-0.02021674,,-0.02021674,-167.9000,8305.0000,OK,0.0000,6.7160,4.0000,96.0000,AG03-UNRESOLVED,ALL5_LEVELS_bet23_to_bet27,6.7160,6.7160,6.7160,6.7160,6.7160,4.000000,4.000000,4.000000,4.000000,4.000000,96.000000,96.000000,96.000000,96.000000,96.000000,5.0,33.5800,30.9989,134.3200,136.9011,PENDING_AG03,FALSE,NOT_FOR_ENFORCEMENT,161.1840,7281.6000,167.9000,161.1840,6.7160,0.02021674,0.01940807,6.7160,161.1840,0.01940807,6.7160,6.7160,6.7160,6.7160,6.7160,161.1840,0.01940807,33.5800,30.9989,134.3200,136.9011,0.01617339,0.01648418,0.00080867,56.8836,51.9521,1.1500,33.5800,4.0951,1661.0000,29.2000,56.8836,,50.0,50.0,55.0,100.0,100.0,132.3201,50.0,0.0,2.0,2.646401,1.137671,15,40,5,2,1.00000000,0.02021674,0.02021674,0E-8,0.000000,0.913305,0.000000,,2026-08-02,2026-08-06,5,41,37,5,1.000000,,1.000000,3.333333,,,,,,,,GLOBAL_BASELINE_NO_ENTITY_RANKING,,,NOT_APPLICABLE_GLOBAL_BASELINE,HF9g-P5,,,,X 全窗基线 · 不参与实体赏罚,6871319,688,A168_HF9F_20260827_0900,2026-08-27 09:00:00
2026-08-05,153774596,1994,0,54.0000000000,51.3000000000,51.3000000000,1.0000000,1,1,0.50665070000000000,0.506650700000,0.9867858985152569,0.9867858985152569,0.9867858985152569,0E-17,ELIGIBLE,R03b_20260811_FULL_v1,L1_ELIGIBILITY,v2026-08-11,2026-03-21..2026-08-06,baccarat_bet02_101_all_pairs_incl_sentinel,round_win = game_pnl > 0 (decisive only),COMPATIBILITY_ONLY_NOT_PRODUCTION,8305.0000,7585.0000,167.9000,146,146,-0.02021674,-0.02021674,,-0.02021674,-167.9000,8305.0000,OK,0.0000,6.7160,4.0000,96.0000,AG03-UNRESOLVED,ALL5_LEVELS_bet23_to_bet27,6.7160,6.7160,6.7160,6.7160,6.7160,4.000000,4.000000,4.000000,4.000000,4.000000,96.000000,96.000000,96.000000,96.000000,96.000000,5.0,33.5800,30.9989,134.3200,136.9011,PENDING_AG03,FALSE,NOT_FOR_ENFORCEMENT,161.1840,7281.6000,167.9000,161.1840,6.7160,0.02021674,0.01940807,6.7160,161.1840,0.01940807,6.7160,6.7160,6.7160,6.7160,6.7160,161.1840,0.01940807,33.5800,30.9989,134.3200,136.9011,0.01617339,0.01648418,0.00080867,56.8836,51.9521,1.1500,33.5800,4.0951,1661.0000,29.2000,56.8836,,50.0,50.0,55.0,100.0,100.0,132.3201,50.0,0.0,2.0,2.646401,1.137671,15,40,5,2,1.00000000,0.02021674,0.02021674,0E-8,0.000000,0.913305,0.000000,,2026-08-02,2026-08-06,5,41,37,5,1.000000,,1.000000,3.333333,,,,,,,,GLOBAL_BASELINE_NO_ENTITY_RANKING,,,NOT_APPLICABLE_GLOBAL_BASELINE,HF9g-P5,,,,X 全窗基线 · 不参与实体赏罚,6871320,688,A168_HF9F_20260827_0900,2026-08-27 09:00:00
2026-08-05,153774596,2088,0,50.0000000000,47.5000000000,47.5000000000,1.0000000,1,1,0.50665070000000000,0.506650700000,0.9867858985152569,0.9867858985152569,0.9867858985152569,0E-17,ELIGIBLE,R03b_20260811_FULL_v1,L1_ELIGIBILITY,v2026-08-11,2026-03-21..2026-08-06,baccarat_bet02_101_all_pairs_incl_sentinel,round_win = game_pnl > 0 (decisive only),COMPATIBILITY_ONLY_NOT_PRODUCTION,8305.0000,7585.0000,167.9000,146,146,-0.02021674,-0.02021674,,-0.02021674,-167.9000,8305.0000,OK,0.0000,6.7160,4.0000,96.0000,AG03-UNRESOLVED,ALL5_LEVELS_bet23_to_bet27,6.7160,6.7160,6.7160,6.7160,6.7160,4.000000,4.000000,4.000000,4.000000,4.000000,96.000000,96.000000,96.000000,96.000000,96.000000,5.0,33.5800,30.9989,134.3200,136.9011,PENDING_AG03,FALSE,NOT_FOR_ENFORCEMENT,161.1840,7281.6000,167.9000,161.1840,6.7160,0.02021674,0.01940807,6.7160,161.1840,0.01940807,6.7160,6.7160,6.7160,6.7160,6.7160,161.1840,0.01940807,33.5800,30.9989,134.3200,136.9011,0.01617339,0.01648418,0.00080867,56.8836,51.9521,1.1500,33.5800,4.0951,1661.0000,29.2000,56.8836,,50.0,50.0,55.0,100.0,100.0,132.3201,50.0,0.0,2.0,2.646401,1.137671,15,40,5,2,1.00000000,0.02021674,0.02021674,0E-8,0.000000,0.913305,0.000000,,2026-08-02,2026-08-06,5,41,37,5,1.000000,,1.000000,3.333333,,,,,,,,GLOBAL_BASELINE_NO_ENTITY_RANKING,,,NOT_APPLICABLE_GLOBAL_BASELINE,HF9g-P5,,,,X 全窗基线 · 不参与实体赏罚,6871321,688,A168_HF9F_20260827_0900,2026-08-27 09:00:00
2026-08-05,153774596,2145,0,80.0000000000,40.0000000000,40.0000000000,0.5000000,2,2,0.49324550000000000,0.493245500000,0.01910635448239258,0.01910635448239258,0.01910635448239258,0E-17,ELIGIBLE,R03b_20260811_FULL_v1,L1_ELIGIBILITY,v2026-08-11,2026-03-21..2026-08-06,baccarat_bet02_101_all_pairs_incl_sentinel,round_win = game_pnl > 0 (decisive only),COMPATIBILITY_ONLY_NOT_PRODUCTION,8305.0000,7585.0000,167.9000,146,146,-0.02021674,-0.02021674,,-0.02021674,-167.9000,8305.0000,OK,0.0000,6.7160,4.0000,96.0000,AG03-UNRESOLVED,ALL5_LEVELS_bet23_to_bet27,6.7160,6.7160,6.7160,6.7160,6.7160,4.000000,4.000000,4.000000,4.000000,4.000000,96.000000,96.000000,96.000000,96.000000,96.000000,5.0,33.5800,30.9989,134.3200,136.9011,PENDING_AG03,FALSE,NOT_FOR_ENFORCEMENT,161.1840,7281.6000,167.9000,161.1840,6.7160,0.02021674,0.01940807,6.7160,161.1840,0.01940807,6.7160,6.7160,6.7160,6.7160,6.7160,161.1840,0.01940807,33.5800,30.9989,134.3200,136.9011,0.01617339,0.01648418,0.00080867,56.8836,51.9521,1.1500,33.5800,4.0951,1661.0000,29.2000,56.8836,,50.0,50.0,55.0,100.0,100.0,132.3201,50.0,0.0,2.0,2.646401,1.137671,15,40,5,2,1.00000000,0.02021674,0.02021674,0E-8,0.000000,0.913305,0.000000,,2026-08-02,2026-08-06,5,41,37,5,1.000000,,1.000000,3.333333,,,,,,,,GLOBAL_BASELINE_NO_ENTITY_RANKING,,,NOT_APPLICABLE_GLOBAL_BASELINE,HF9g-P5,,,,X 全窗基线 · 不参与实体赏罚,6871322,688,A168_HF9F_20260827_0900,2026-08-27 09:00:00
2026-08-05,153774596,2222,0,50.0000000000,-50.0000000000,-50.0000000000,0E-7,1,1,0.49324550000000000,0.493245500000,-0.9865810262130424,-0.9865810262130424,-0.9865810262130424,0E-17,ELIGIBLE,R03b_20260811_FULL_v1,L1_ELIGIBILITY,v2026-08-11,2026-03-21..2026-08-06,baccarat_bet02_101_all_pairs_incl_sentinel,round_win = game_pnl > 0 (decisive only),COMPATIBILITY_ONLY_NOT_PRODUCTION,8305.0000,7585.0000,167.9000,146,146,-0.02021674,-0.02021674,,-0.02021674,-167.9000,8305.0000,OK,0.0000,6.7160,4.0000,96.0000,AG03-UNRESOLVED,ALL5_LEVELS_bet23_to_bet27,6.7160,6.7160,6.7160,6.7160,6.7160,4.000000,4.000000,4.000000,4.000000,4.000000,96.000000,96.000000,96.000000,96.000000,96.000000,5.0,33.5800,30.9989,134.3200,136.9011,PENDING_AG03,FALSE,NOT_FOR_ENFORCEMENT,161.1840,7281.6000,167.9000,161.1840,6.7160,0.02021674,0.01940807,6.7160,161.1840,0.01940807,6.7160,6.7160,6.7160,6.7160,6.7160,161.1840,0.01940807,33.5800,30.9989,134.3200,136.9011,0.01617339,0.01648418,0.00080867,56.8836,51.9521,1.1500,33.5800,4.0951,1661.0000,29.2000,56.8836,,50.0,50.0,55.0,100.0,100.0,132.3201,50.0,0.0,2.0,2.646401,1.137671,15,40,5,2,1.00000000,0.02021674,0.02021674,0E-8,0.000000,0.913305,0.000000,,2026-08-02,2026-08-06,5,41,37,5,1.000000,,1.000000,3.333333,,,,,,,,GLOBAL_BASELINE_NO_ENTITY_RANKING,,,NOT_APPLICABLE_GLOBAL_BASELINE,HF9g-P5,,,,X 全窗基线 · 不参与实体赏罚,6871323,688,A168_HF9F_20260827_0900,2026-08-27 09:00:00
2026-08-05,153774596,2271,0,150.0000000000,-150.0000000000,-150.0000000000,0E-7,2,2,0.50665070000000000,0.506650700000,-1.4331513700195317,-1.4331513700195317,-1.4331513700195317,0E-17,ELIGIBLE,R03b_20260811_FULL_v1,L1_ELIGIBILITY,v2026-08-11,2026-03-21..2026-08-06,baccarat_bet02_101_all_pairs_incl_sentinel,round_win = game_pnl > 0 (decisive only),COMPATIBILITY_ONLY_NOT_PRODUCTION,8305.0000,7585.0000,167.9000,146,146,-0.02021674,-0.02021674,,-0.02021674,-167.9000,8305.0000,OK,0.0000,6.7160,4.0000,96.0000,AG03-UNRESOLVED,ALL5_LEVELS_bet23_to_bet27,6.7160,6.7160,6.7160,6.7160,6.7160,4.000000,4.000000,4.000000,4.000000,4.000000,96.000000,96.000000,96.000000,96.000000,96.000000,5.0,33.5800,30.9989,134.3200,136.9011,PENDING_AG03,FALSE,NOT_FOR_ENFORCEMENT,161.1840,7281.6000,167.9000,161.1840,6.7160,0.02021674,0.01940807,6.7160,161.1840,0.01940807,6.7160,6.7160,6.7160,6.7160,6.7160,161.1840,0.01940807,33.5800,30.9989,134.3200,136.9011,0.01617339,0.01648418,0.00080867,56.8836,51.9521,1.1500,33.5800,4.0951,1661.0000,29.2000,56.8836,,50.0,50.0,55.0,100.0,100.0,132.3201,50.0,0.0,2.0,2.646401,1.137671,15,40,5,2,1.00000000,0.02021674,0.02021674,0E-8,0.000000,0.913305,0.000000,,2026-08-02,2026-08-06,5,41,37,5,1.000000,,1.000000,3.333333,,,,,,,,GLOBAL_BASELINE_NO_ENTITY_RANKING,,,NOT_APPLICABLE_GLOBAL_BASELINE,HF9g-P5,,,,X 全窗基线 · 不参与实体赏罚,6871324,688,A168_HF9F_20260827_0900,2026-08-27 09:00:00
2026-08-05,153774596,462,0,50.0000000000,0E-10,0E-10,,1,1,0.50665070000000000,0.506650700000,,,,0E-17,NO_DECISIVE_ROUND,R03b_20260811_FULL_v1,L1_ELIGIBILITY,v2026-08-11,2026-03-21..2026-08-06,baccarat_bet02_101_all_pairs_incl_sentinel,round_win = game_pnl > 0 (decisive only),COMPATIBILITY_ONLY_NOT_PRODUCTION,8305.0000,7585.0000,167.9000,146,146,-0.02021674,-0.02021674,,-0.02021674,-167.9000,8305.0000,OK,0.0000,6.7160,4.0000,96.0000,AG03-UNRESOLVED,ALL5_LEVELS_bet23_to_bet27,6.7160,6.7160,6.7160,6.7160,6.7160,4.000000,4.000000,4.000000,4.000000,4.000000,96.000000,96.000000,96.000000,96.000000,96.000000,5.0,33.5800,30.9989,134.3200,136.9011,PENDING_AG03,FALSE,NOT_FOR_ENFORCEMENT,161.1840,7281.6000,167.9000,161.1840,6.7160,0.02021674,0.01940807,6.7160,161.1840,0.01940807,6.7160,6.7160,6.7160,6.7160,6.7160,161.1840,0.01940807,33.5800,30.9989,134.3200,136.9011,0.01617339,0.01648418,0.00080867,56.8836,51.9521,1.1500,33.5800,4.0951,1661.0000,29.2000,56.8836,,50.0,50.0,55.0,100.0,100.0,132.3201,50.0,0.0,2.0,2.646401,1.137671,15,40,5,2,1.00000000,0.02021674,0.02021674,0E-8,0.000000,0.913305,0.000000,,2026-08-02,2026-08-06,5,41,37,5,1.000000,,1.000000,3.333333,,,,,,,,GLOBAL_BASELINE_NO_ENTITY_RANKING,,,NOT_APPLICABLE_GLOBAL_BASELINE,HF9g-P5,,,,X 全窗基线 · 不参与实体赏罚,6871325,688,A168_HF9F_20260827_0900,2026-08-27 09:00:00
2026-08-05,153774596,471,0,150.0000000000,50.0000000000,50.0000000000,0.6666667,3,3,0.49324550000000000,0.493245500000,0.6008033672792107,0.6008033672792106,0.6008033672792107,0E-17,ELIGIBLE,R03b_20260811_FULL_v1,L1_ELIGIBILITY,v2026-08-11,2026-03-21..2026-08-06,baccarat_bet02_101_all_pairs_incl_sentinel,round_win = game_pnl > 0 (decisive only),COMPATIBILITY_ONLY_NOT_PRODUCTION,8305.0000,7585.0000,167.9000,146,146,-0.02021674,-0.02021674,,-0.02021674,-167.9000,8305.0000,OK,0.0000,6.7160,4.0000,96.0000,AG03-UNRESOLVED,ALL5_LEVELS_bet23_to_bet27,6.7160,6.7160,6.7160,6.7160,6.7160,4.000000,4.000000,4.000000,4.000000,4.000000,96.000000,96.000000,96.000000,96.000000,96.000000,5.0,33.5800,30.9989,134.3200,136.9011,PENDING_AG03,FALSE,NOT_FOR_ENFORCEMENT,161.1840,7281.6000,167.9000,161.1840,6.7160,0.02021674,0.01940807,6.7160,161.1840,0.01940807,6.7160,6.7160,6.7160,6.7160,6.7160,161.1840,0.01940807,33.5800,30.9989,134.3200,136.9011,0.01617339,0.01648418,0.00080867,56.8836,51.9521,1.1500,33.5800,4.0951,1661.0000,29.2000,56.8836,,50.0,50.0,55.0,100.0,100.0,132.3201,50.0,0.0,2.0,2.646401,1.137671,15,40,5,2,1.00000000,0.02021674,0.02021674,0E-8,0.000000,0.913305,0.000000,,2026-08-02,2026-08-06,5,41,37,5,1.000000,,1.000000,3.333333,,,,,,,,GLOBAL_BASELINE_NO_ENTITY_RANKING,,,NOT_APPLICABLE_GLOBAL_BASELINE,HF9g-P5,,,,X 全窗基线 · 不参与实体赏罚,6871326,688,A168_HF9F_20260827_0900,2026-08-27 09:00:00
2026-08-06,153774596,1330,0,30.0000000000,-30.0000000000,-30.0000000000,0E-7,1,1,0.50665070000000000,0.506650700000,-1.013391052207602,-1.013391052207602,-1.013391052207602,0E-17,ELIGIBLE,R03b_20260811_FULL_v1,L1_ELIGIBILITY,v2026-08-11,2026-03-21..2026-08-06,baccarat_bet02_101_all_pairs_incl_sentinel,round_win = game_pnl > 0 (decisive only),COMPATIBILITY_ONLY_NOT_PRODUCTION,8305.0000,7585.0000,167.9000,146,146,-0.02021674,-0.02021674,,-0.02021674,-167.9000,8305.0000,OK,0.0000,6.7160,4.0000,96.0000,AG03-UNRESOLVED,ALL5_LEVELS_bet23_to_bet27,6.7160,6.7160,6.7160,6.7160,6.7160,4.000000,4.000000,4.000000,4.000000,4.000000,96.000000,96.000000,96.000000,96.000000,96.000000,5.0,33.5800,30.9989,134.3200,136.9011,PENDING_AG03,FALSE,NOT_FOR_ENFORCEMENT,161.1840,7281.6000,167.9000,161.1840,6.7160,0.02021674,0.01940807,6.7160,161.1840,0.01940807,6.7160,6.7160,6.7160,6.7160,6.7160,161.1840,0.01940807,33.5800,30.9989,134.3200,136.9011,0.01617339,0.01648418,0.00080867,56.8836,51.9521,1.1500,33.5800,4.0951,1661.0000,29.2000,56.8836,,50.0,50.0,55.0,100.0,100.0,132.3201,50.0,0.0,2.0,2.646401,1.137671,15,40,5,2,1.00000000,0.02021674,0.02021674,0E-8,0.000000,0.913305,0.000000,,2026-08-02,2026-08-06,5,41,37,5,1.000000,,1.000000,3.333333,,,,,,,,GLOBAL_BASELINE_NO_ENTITY_RANKING,,,NOT_APPLICABLE_GLOBAL_BASELINE,HF9g-P5,,,,X 全窗基线 · 不参与实体赏罚,6871327,688,A168_HF9F_20260827_0900,2026-08-27 09:00:00
2026-08-06,153774596,1353,0,100.0000000000,-100.0000000000,-100.0000000000,0E-7,2,2,0.49324550000000000,0.493245500000,-1.3952362676504506,-1.3952362676504506,-1.3952362676504506,0E-17,ELIGIBLE,R03b_20260811_FULL_v1,L1_ELIGIBILITY,v2026-08-11,2026-03-21..2026-08-06,baccarat_bet02_101_all_pairs_incl_sentinel,round_win = game_pnl > 0 (decisive only),COMPATIBILITY_ONLY_NOT_PRODUCTION,8305.0000,7585.0000,167.9000,146,146,-0.02021674,-0.02021674,,-0.02021674,-167.9000,8305.0000,OK,0.0000,6.7160,4.0000,96.0000,AG03-UNRESOLVED,ALL5_LEVELS_bet23_to_bet27,6.7160,6.7160,6.7160,6.7160,6.7160,4.000000,4.000000,4.000000,4.000000,4.000000,96.000000,96.000000,96.000000,96.000000,96.000000,5.0,33.5800,30.9989,134.3200,136.9011,PENDING_AG03,FALSE,NOT_FOR_ENFORCEMENT,161.1840,7281.6000,167.9000,161.1840,6.7160,0.02021674,0.01940807,6.7160,161.1840,0.01940807,6.7160,6.7160,6.7160,6.7160,6.7160,161.1840,0.01940807,33.5800,30.9989,134.3200,136.9011,0.01617339,0.01648418,0.00080867,56.8836,51.9521,1.1500,33.5800,4.0951,1661.0000,29.2000,56.8836,,50.0,50.0,55.0,100.0,100.0,132.3201,50.0,0.0,2.0,2.646401,1.137671,15,40,5,2,1.00000000,0.02021674,0.02021674,0E-8,0.000000,0.913305,0.000000,,2026-08-02,2026-08-06,5,41,37,5,1.000000,,1.000000,3.333333,,,,,,,,GLOBAL_BASELINE_NO_ENTITY_RANKING,,,NOT_APPLICABLE_GLOBAL_BASELINE,HF9g-P5,,,,X 全窗基线 · 不参与实体赏罚,6871328,688,A168_HF9F_20260827_0900,2026-08-27 09:00:00
2026-08-06,153774596,1363,0,176.0000000000,-26.0000000000,-26.0000000000,0.3333333,4,4,0.49659680000000000,0.496596800000,-0.5655743394288276,-0.5655743394288276,-0.5655743394288276,0E-17,ELIGIBLE,R03b_20260811_FULL_v1,L1_ELIGIBILITY,v2026-08-11,2026-03-21..2026-08-06,baccarat_bet02_101_all_pairs_incl_sentinel,round_win = game_pnl > 0 (decisive only),COMPATIBILITY_ONLY_NOT_PRODUCTION,8305.0000,7585.0000,167.9000,146,146,-0.02021674,-0.02021674,,-0.02021674,-167.9000,8305.0000,OK,0.0000,6.7160,4.0000,96.0000,AG03-UNRESOLVED,ALL5_LEVELS_bet23_to_bet27,6.7160,6.7160,6.7160,6.7160,6.7160,4.000000,4.000000,4.000000,4.000000,4.000000,96.000000,96.000000,96.000000,96.000000,96.000000,5.0,33.5800,30.9989,134.3200,136.9011,PENDING_AG03,FALSE,NOT_FOR_ENFORCEMENT,161.1840,7281.6000,167.9000,161.1840,6.7160,0.02021674,0.01940807,6.7160,161.1840,0.01940807,6.7160,6.7160,6.7160,6.7160,6.7160,161.1840,0.01940807,33.5800,30.9989,134.3200,136.9011,0.01617339,0.01648418,0.00080867,56.8836,51.9521,1.1500,33.5800,4.0951,1661.0000,29.2000,56.8836,,50.0,50.0,55.0,100.0,100.0,132.3201,50.0,0.0,2.0,2.646401,1.137671,15,40,5,2,1.00000000,0.02021674,0.02021674,0E-8,0.000000,0.913305,0.000000,,2026-08-02,2026-08-06,5,41,37,5,1.000000,,1.000000,3.333333,,,,,,,,GLOBAL_BASELINE_NO_ENTITY_RANKING,,,NOT_APPLICABLE_GLOBAL_BASELINE,HF9g-P5,,,,X 全窗基线 · 不参与实体赏罚,6871329,688,A168_HF9F_20260827_0900,2026-08-27 09:00:00
2026-08-06,153774596,1396,0,55.0000000000,-55.0000000000,-55.0000000000,0E-7,1,1,0.49324550000000000,0.493245500000,-0.9865810262130424,-0.9865810262130424,-0.9865810262130424,0E-17,ELIGIBLE,R03b_20260811_FULL_v1,L1_ELIGIBILITY,v2026-08-11,2026-03-21..2026-08-06,baccarat_bet02_101_all_pairs_incl_sentinel,round_win = game_pnl > 0 (decisive only),COMPATIBILITY_ONLY_NOT_PRODUCTION,8305.0000,7585.0000,167.9000,146,146,-0.02021674,-0.02021674,,-0.02021674,-167.9000,8305.0000,OK,0.0000,6.7160,4.0000,96.0000,AG03-UNRESOLVED,ALL5_LEVELS_bet23_to_bet27,6.7160,6.7160,6.7160,6.7160,6.7160,4.000000,4.000000,4.000000,4.000000,4.000000,96.000000,96.000000,96.000000,96.000000,96.000000,5.0,33.5800,30.9989,134.3200,136.9011,PENDING_AG03,FALSE,NOT_FOR_ENFORCEMENT,161.1840,7281.6000,167.9000,161.1840,6.7160,0.02021674,0.01940807,6.7160,161.1840,0.01940807,6.7160,6.7160,6.7160,6.7160,6.7160,161.1840,0.01940807,33.5800,30.9989,134.3200,136.9011,0.01617339,0.01648418,0.00080867,56.8836,51.9521,1.1500,33.5800,4.0951,1661.0000,29.2000,56.8836,,50.0,50.0,55.0,100.0,100.0,132.3201,50.0,0.0,2.0,2.646401,1.137671,15,40,5,2,1.00000000,0.02021674,0.02021674,0E-8,0.000000,0.913305,0.000000,,2026-08-02,2026-08-06,5,41,37,5,1.000000,,1.000000,3.333333,,,,,,,,GLOBAL_BASELINE_NO_ENTITY_RANKING,,,NOT_APPLICABLE_GLOBAL_BASELINE,HF9g-P5,,,,X 全窗基线 · 不参与实体赏罚,6871330,688,A168_HF9F_20260827_0900,2026-08-27 09:00:00
2026-08-06,153774596,1505,0,400.0000000000,-205.0000000000,-205.0000000000,0.2500000,4,4,0.50329940000000000,0.503299400000,-1.013219660140378,-1.013219660140378,-1.013219660140378,0E-17,ELIGIBLE,R03b_20260811_FULL_v1,L1_ELIGIBILITY,v2026-08-11,2026-03-21..2026-08-06,baccarat_bet02_101_all_pairs_incl_sentinel,round_win = game_pnl > 0 (decisive only),COMPATIBILITY_ONLY_NOT_PRODUCTION,8305.0000,7585.0000,167.9000,146,146,-0.02021674,-0.02021674,,-0.02021674,-167.9000,8305.0000,OK,0.0000,6.7160,4.0000,96.0000,AG03-UNRESOLVED,ALL5_LEVELS_bet23_to_bet27,6.7160,6.7160,6.7160,6.7160,6.7160,4.000000,4.000000,4.000000,4.000000,4.000000,96.000000,96.000000,96.000000,96.000000,96.000000,5.0,33.5800,30.9989,134.3200,136.9011,PENDING_AG03,FALSE,NOT_FOR_ENFORCEMENT,161.1840,7281.6000,167.9000,161.1840,6.7160,0.02021674,0.01940807,6.7160,161.1840,0.01940807,6.7160,6.7160,6.7160,6.7160,6.7160,161.1840,0.01940807,33.5800,30.9989,134.3200,136.9011,0.01617339,0.01648418,0.00080867,56.8836,51.9521,1.1500,33.5800,4.0951,1661.0000,29.2000,56.8836,,50.0,50.0,55.0,100.0,100.0,132.3201,50.0,0.0,2.0,2.646401,1.137671,15,40,5,2,1.00000000,0.02021674,0.02021674,0E-8,0.000000,0.913305,0.000000,,2026-08-02,2026-08-06,5,41,37,5,1.000000,,1.000000,3.333333,,,,,,,,GLOBAL_BASELINE_NO_ENTITY_RANKING,,,NOT_APPLICABLE_GLOBAL_BASELINE,HF9g-P5,,,,X 全窗基线 · 不参与实体赏罚,6871331,688,A168_HF9F_20260827_0900,2026-08-27 09:00:00
2026-08-06,153774596,1623,0,126.0000000000,73.2000000000,73.2000000000,1.0000000,3,3,0.49771390000000000,0.497713900000,1.4206944795187548,1.420694479518755,1.4206944795187548,0E-17,ELIGIBLE,R03b_20260811_FULL_v1,L1_ELIGIBILITY,v2026-08-11,2026-03-21..2026-08-06,baccarat_bet02_101_all_pairs_incl_sentinel,round_win = game_pnl > 0 (decisive only),COMPATIBILITY_ONLY_NOT_PRODUCTION,8305.0000,7585.0000,167.9000,146,146,-0.02021674,-0.02021674,,-0.02021674,-167.9000,8305.0000,OK,0.0000,6.7160,4.0000,96.0000,AG03-UNRESOLVED,ALL5_LEVELS_bet23_to_bet27,6.7160,6.7160,6.7160,6.7160,6.7160,4.000000,4.000000,4.000000,4.000000,4.000000,96.000000,96.000000,96.000000,96.000000,96.000000,5.0,33.5800,30.9989,134.3200,136.9011,PENDING_AG03,FALSE,NOT_FOR_ENFORCEMENT,161.1840,7281.6000,167.9000,161.1840,6.7160,0.02021674,0.01940807,6.7160,161.1840,0.01940807,6.7160,6.7160,6.7160,6.7160,6.7160,161.1840,0.01940807,33.5800,30.9989,134.3200,136.9011,0.01617339,0.01648418,0.00080867,56.8836,51.9521,1.1500,33.5800,4.0951,1661.0000,29.2000,56.8836,,50.0,50.0,55.0,100.0,100.0,132.3201,50.0,0.0,2.0,2.646401,1.137671,15,40,5,2,1.00000000,0.02021674,0.02021674,0E-8,0.000000,0.913305,0.000000,,2026-08-02,2026-08-06,5,41,37,5,1.000000,,1.000000,3.333333,,,,,,,,GLOBAL_BASELINE_NO_ENTITY_RANKING,,,NOT_APPLICABLE_GLOBAL_BASELINE,HF9g-P5,,,,X 全窗基线 · 不参与实体赏罚,6871332,688,A168_HF9F_20260827_0900,2026-08-27 09:00:00
2026-08-06,153774596,2149,0,140.0000000000,-140.0000000000,-140.0000000000,0E-7,1,1,0.49324550000000000,0.493245500000,-0.9865810262130424,-0.9865810262130424,-0.9865810262130424,0E-17,ELIGIBLE,R03b_20260811_FULL_v1,L1_ELIGIBILITY,v2026-08-11,2026-03-21..2026-08-06,baccarat_bet02_101_all_pairs_incl_sentinel,round_win = game_pnl > 0 (decisive only),COMPATIBILITY_ONLY_NOT_PRODUCTION,8305.0000,7585.0000,167.9000,146,146,-0.02021674,-0.02021674,,-0.02021674,-167.9000,8305.0000,OK,0.0000,6.7160,4.0000,96.0000,AG03-UNRESOLVED,ALL5_LEVELS_bet23_to_bet27,6.7160,6.7160,6.7160,6.7160,6.7160,4.000000,4.000000,4.000000,4.000000,4.000000,96.000000,96.000000,96.000000,96.000000,96.000000,5.0,33.5800,30.9989,134.3200,136.9011,PENDING_AG03,FALSE,NOT_FOR_ENFORCEMENT,161.1840,7281.6000,167.9000,161.1840,6.7160,0.02021674,0.01940807,6.7160,161.1840,0.01940807,6.7160,6.7160,6.7160,6.7160,6.7160,161.1840,0.01940807,33.5800,30.9989,134.3200,136.9011,0.01617339,0.01648418,0.00080867,56.8836,51.9521,1.1500,33.5800,4.0951,1661.0000,29.2000,56.8836,,50.0,50.0,55.0,100.0,100.0,132.3201,50.0,0.0,2.0,2.646401,1.137671,15,40,5,2,1.00000000,0.02021674,0.02021674,0E-8,0.000000,0.913305,0.000000,,2026-08-02,2026-08-06,5,41,37,5,1.000000,,1.000000,3.333333,,,,,,,,GLOBAL_BASELINE_NO_ENTITY_RANKING,,,NOT_APPLICABLE_GLOBAL_BASELINE,HF9g-P5,,,,X 全窗基线 · 不参与实体赏罚,6871333,688,A168_HF9F_20260827_0900,2026-08-27 09:00:00
2026-08-06,153774596,2251,0,96.0000000000,96.0000000000,96.0000000000,1.0000000,2,2,0.49324550000000000,0.493245500000,1.4334489766152358,1.4334489766152358,1.4334489766152358,0E-17,ELIGIBLE,R03b_20260811_FULL_v1,L1_ELIGIBILITY,v2026-08-11,2026-03-21..2026-08-06,baccarat_bet02_101_all_pairs_incl_sentinel,round_win = game_pnl > 0 (decisive only),COMPATIBILITY_ONLY_NOT_PRODUCTION,8305.0000,7585.0000,167.9000,146,146,-0.02021674,-0.02021674,,-0.02021674,-167.9000,8305.0000,OK,0.0000,6.7160,4.0000,96.0000,AG03-UNRESOLVED,ALL5_LEVELS_bet23_to_bet27,6.7160,6.7160,6.7160,6.7160,6.7160,4.000000,4.000000,4.000000,4.000000,4.000000,96.000000,96.000000,96.000000,96.000000,96.000000,5.0,33.5800,30.9989,134.3200,136.9011,PENDING_AG03,FALSE,NOT_FOR_ENFORCEMENT,161.1840,7281.6000,167.9000,161.1840,6.7160,0.02021674,0.01940807,6.7160,161.1840,0.01940807,6.7160,6.7160,6.7160,6.7160,6.7160,161.1840,0.01940807,33.5800,30.9989,134.3200,136.9011,0.01617339,0.01648418,0.00080867,56.8836,51.9521,1.1500,33.5800,4.0951,1661.0000,29.2000,56.8836,,50.0,50.0,55.0,100.0,100.0,132.3201,50.0,0.0,2.0,2.646401,1.137671,15,40,5,2,1.00000000,0.02021674,0.02021674,0E-8,0.000000,0.913305,0.000000,,2026-08-02,2026-08-06,5,41,37,5,1.000000,,1.000000,3.333333,,,,,,,,GLOBAL_BASELINE_NO_ENTITY_RANKING,,,NOT_APPLICABLE_GLOBAL_BASELINE,HF9g-P5,,,,X 全窗基线 · 不参与实体赏罚,6871334,688,A168_HF9F_20260827_0900,2026-08-27 09:00:00
2026-08-06,153774596,2288,0,28.0000000000,-28.0000000000,-28.0000000000,0E-7,1,1,0.49324550000000000,0.493245500000,-0.9865810262130424,-0.9865810262130424,-0.9865810262130424,0E-17,ELIGIBLE,R03b_20260811_FULL_v1,L1_ELIGIBILITY,v2026-08-11,2026-03-21..2026-08-06,baccarat_bet02_101_all_pairs_incl_sentinel,round_win = game_pnl > 0 (decisive only),COMPATIBILITY_ONLY_NOT_PRODUCTION,8305.0000,7585.0000,167.9000,146,146,-0.02021674,-0.02021674,,-0.02021674,-167.9000,8305.0000,OK,0.0000,6.7160,4.0000,96.0000,AG03-UNRESOLVED,ALL5_LEVELS_bet23_to_bet27,6.7160,6.7160,6.7160,6.7160,6.7160,4.000000,4.000000,4.000000,4.000000,4.000000,96.000000,96.000000,96.000000,96.000000,96.000000,5.0,33.5800,30.9989,134.3200,136.9011,PENDING_AG03,FALSE,NOT_FOR_ENFORCEMENT,161.1840,7281.6000,167.9000,161.1840,6.7160,0.02021674,0.01940807,6.7160,161.1840,0.01940807,6.7160,6.7160,6.7160,6.7160,6.7160,161.1840,0.01940807,33.5800,30.9989,134.3200,136.9011,0.01617339,0.01648418,0.00080867,56.8836,51.9521,1.1500,33.5800,4.0951,1661.0000,29.2000,56.8836,,50.0,50.0,55.0,100.0,100.0,132.3201,50.0,0.0,2.0,2.646401,1.137671,15,40,5,2,1.00000000,0.02021674,0.02021674,0E-8,0.000000,0.913305,0.000000,,2026-08-02,2026-08-06,5,41,37,5,1.000000,,1.000000,3.333333,,,,,,,,GLOBAL_BASELINE_NO_ENTITY_RANKING,,,NOT_APPLICABLE_GLOBAL_BASELINE,HF9g-P5,,,,X 全窗基线 · 不参与实体赏罚,6871335,688,A168_HF9F_20260827_0900,2026-08-27 09:00:00
2026-08-06,153774596,583,0,59.0000000000,41.8000000000,41.8000000000,1.0000000,3,3,0.50665070000000000,0.506650700000,1.3955260008387969,1.3955260008387969,1.3955260008387969,0E-17,ELIGIBLE,R03b_20260811_FULL_v1,L1_ELIGIBILITY,v2026-08-11,2026-03-21..2026-08-06,baccarat_bet02_101_all_pairs_incl_sentinel,round_win = game_pnl > 0 (decisive only),COMPATIBILITY_ONLY_NOT_PRODUCTION,8305.0000,7585.0000,167.9000,146,146,-0.02021674,-0.02021674,,-0.02021674,-167.9000,8305.0000,OK,0.0000,6.7160,4.0000,96.0000,AG03-UNRESOLVED,ALL5_LEVELS_bet23_to_bet27,6.7160,6.7160,6.7160,6.7160,6.7160,4.000000,4.000000,4.000000,4.000000,4.000000,96.000000,96.000000,96.000000,96.000000,96.000000,5.0,33.5800,30.9989,134.3200,136.9011,PENDING_AG03,FALSE,NOT_FOR_ENFORCEMENT,161.1840,7281.6000,167.9000,161.1840,6.7160,0.02021674,0.01940807,6.7160,161.1840,0.01940807,6.7160,6.7160,6.7160,6.7160,6.7160,161.1840,0.01940807,33.5800,30.9989,134.3200,136.9011,0.01617339,0.01648418,0.00080867,56.8836,51.9521,1.1500,33.5800,4.0951,1661.0000,29.2000,56.8836,,50.0,50.0,55.0,100.0,100.0,132.3201,50.0,0.0,2.0,2.646401,1.137671,15,40,5,2,1.00000000,0.02021674,0.02021674,0E-8,0.000000,0.913305,0.000000,,2026-08-02,2026-08-06,5,41,37,5,1.000000,,1.000000,3.333333,,,,,,,,GLOBAL_BASELINE_NO_ENTITY_RANKING,,,NOT_APPLICABLE_GLOBAL_BASELINE,HF9g-P5,,,,X 全窗基线 · 不参与实体赏罚,6871336,688,A168_HF9F_20260827_0900,2026-08-27 09:00:00
2026-08-06,153774596,919,0,75.0000000000,-75.0000000000,-75.0000000000,0E-7,1,1,0.49324550000000000,0.493245500000,-0.9865810262130424,-0.9865810262130424,-0.9865810262130424,0E-17,ELIGIBLE,R03b_20260811_FULL_v1,L1_ELIGIBILITY,v2026-08-11,2026-03-21..2026-08-06,baccarat_bet02_101_all_pairs_incl_sentinel,round_win = game_pnl > 0 (decisive only),COMPATIBILITY_ONLY_NOT_PRODUCTION,8305.0000,7585.0000,167.9000,146,146,-0.02021674,-0.02021674,,-0.02021674,-167.9000,8305.0000,OK,0.0000,6.7160,4.0000,96.0000,AG03-UNRESOLVED,ALL5_LEVELS_bet23_to_bet27,6.7160,6.7160,6.7160,6.7160,6.7160,4.000000,4.000000,4.000000,4.000000,4.000000,96.000000,96.000000,96.000000,96.000000,96.000000,5.0,33.5800,30.9989,134.3200,136.9011,PENDING_AG03,FALSE,NOT_FOR_ENFORCEMENT,161.1840,7281.6000,167.9000,161.1840,6.7160,0.02021674,0.01940807,6.7160,161.1840,0.01940807,6.7160,6.7160,6.7160,6.7160,6.7160,161.1840,0.01940807,33.5800,30.9989,134.3200,136.9011,0.01617339,0.01648418,0.00080867,56.8836,51.9521,1.1500,33.5800,4.0951,1661.0000,29.2000,56.8836,,50.0,50.0,55.0,100.0,100.0,132.3201,50.0,0.0,2.0,2.646401,1.137671,15,40,5,2,1.00000000,0.02021674,0.02021674,0E-8,0.000000,0.913305,0.000000,,2026-08-02,2026-08-06,5,41,37,5,1.000000,,1.000000,3.333333,,,,,,,,GLOBAL_BASELINE_NO_ENTITY_RANKING,,,NOT_APPLICABLE_GLOBAL_BASELINE,HF9g-P5,,,,X 全窗基线 · 不参与实体赏罚,6871337,688,A168_HF9F_20260827_0900,2026-08-27 09:00:00
2026-08-06,153774596,970,0,100.0000000000,-100.0000000000,-100.0000000000,0E-7,2,2,0.50665070000000000,0.506650700000,-1.4331513700195317,-1.4331513700195317,-1.4331513700195317,0E-17,ELIGIBLE,R03b_20260811_FULL_v1,L1_ELIGIBILITY,v2026-08-11,2026-03-21..2026-08-06,baccarat_bet02_101_all_pairs_incl_sentinel,round_win = game_pnl > 0 (decisive only),COMPATIBILITY_ONLY_NOT_PRODUCTION,8305.0000,7585.0000,167.9000,146,146,-0.02021674,-0.02021674,,-0.02021674,-167.9000,8305.0000,OK,0.0000,6.7160,4.0000,96.0000,AG03-UNRESOLVED,ALL5_LEVELS_bet23_to_bet27,6.7160,6.7160,6.7160,6.7160,6.7160,4.000000,4.000000,4.000000,4.000000,4.000000,96.000000,96.000000,96.000000,96.000000,96.000000,5.0,33.5800,30.9989,134.3200,136.9011,PENDING_AG03,FALSE,NOT_FOR_ENFORCEMENT,161.1840,7281.6000,167.9000,161.1840,6.7160,0.02021674,0.01940807,6.7160,161.1840,0.01940807,6.7160,6.7160,6.7160,6.7160,6.7160,161.1840,0.01940807,33.5800,30.9989,134.3200,136.9011,0.01617339,0.01648418,0.00080867,56.8836,51.9521,1.1500,33.5800,4.0951,1661.0000,29.2000,56.8836,,50.0,50.0,55.0,100.0,100.0,132.3201,50.0,0.0,2.0,2.646401,1.137671,15,40,5,2,1.00000000,0.02021674,0.02021674,0E-8,0.000000,0.913305,0.000000,,2026-08-02,2026-08-06,5,41,37,5,1.000000,,1.000000,3.333333,,,,,,,,GLOBAL_BASELINE_NO_ENTITY_RANKING,,,NOT_APPLICABLE_GLOBAL_BASELINE,HF9g-P5,,,,X 全窗基线 · 不参与实体赏罚,6871338,688,A168_HF9F_20260827_0900,2026-08-27 09:00:00
2026-05-07,132526695,-1,1,100.0000000000,-100.0000000000,-100.0000000000,0E-7,1,1,0.50665070000000000,0.506650700000,-1.013391052207602,-1.013391052207602,-1.013391052207602,0E-17,SENTINEL_DEALER,R03b_20260811_FULL_v1,L1_ELIGIBILITY,v2026-08-11,2026-03-21..2026-08-06,baccarat_bet02_101_all_pairs_incl_sentinel,round_win = game_pnl > 0 (decisive only),COMPATIBILITY_ONLY_NOT_PRODUCTION,671.0000,671.0000,167.9000,3,3,-0.25022355,,-0.25022355,-0.25022355,-167.9000,671.0000,THIN_EXPOSURE,0.0000,6.7160,4.0000,96.0000,AG03-UNRESOLVED,ALL5_LEVELS_bet23_to_bet27,6.7160,6.7160,8.3950,9.2345,9.2345,4.000000,4.000000,5.000000,5.500000,5.500000,96.000000,96.000000,95.000000,94.500000,94.500000,5.0,40.2960,36.6255,127.6040,131.2745,PENDING_AG03,FALSE,NOT_FOR_ENFORCEMENT,161.1840,644.1600,167.9000,161.1840,6.7160,0.25022355,0.24021461,6.7160,161.1840,0.24021461,6.7160,6.7160,8.3950,9.2345,9.2345,161.1840,0.24021461,40.2960,36.6255,127.6040,131.2745,0.19016990,0.19564009,0.01000894,223.6667,223.6667,55.9667,167.9000,55.9667,671.0000,3.0000,,223.6667,139.5,258.0,299.25,313.0,313.0,313.0,258.0,-100.0,1.213178,1.213178,0.866925,3,3,1,2,0E-8,0.25022355,,0E-8,0.000000,1.000000,0.000000,,2026-05-07,2026-05-07,1,3,3,1,1.000000,,,0.000000,,,,,,,,GLOBAL_BASELINE_NO_ENTITY_RANKING,,,NOT_APPLICABLE_GLOBAL_BASELINE,HF9g-P5,,,,X 全窗基线 · 不参与实体赏罚,6871339,688,A168_HF9F_20260827_0900,2026-08-27 09:00:00
2026-05-07,132526695,2123,0,258.0000000000,245.1000000000,245.1000000000,1.0000000,1,1,0.50665070000000000,0.506650700000,0.9867858985152569,0.9867858985152569,0.9867858985152569,0E-17,ELIGIBLE,R03b_20260811_FULL_v1,L1_ELIGIBILITY,v2026-08-11,2026-03-21..2026-08-06,baccarat_bet02_101_all_pairs_incl_sentinel,round_win = game_pnl > 0 (decisive only),COMPATIBILITY_ONLY_NOT_PRODUCTION,671.0000,671.0000,167.9000,3,3,-0.25022355,,-0.25022355,-0.25022355,-167.9000,671.0000,THIN_EXPOSURE,0.0000,6.7160,4.0000,96.0000,AG03-UNRESOLVED,ALL5_LEVELS_bet23_to_bet27,6.7160,6.7160,8.3950,9.2345,9.2345,4.000000,4.000000,5.000000,5.500000,5.500000,96.000000,96.000000,95.000000,94.500000,94.500000,5.0,40.2960,36.6255,127.6040,131.2745,PENDING_AG03,FALSE,NOT_FOR_ENFORCEMENT,161.1840,644.1600,167.9000,161.1840,6.7160,0.25022355,0.24021461,6.7160,161.1840,0.24021461,6.7160,6.7160,8.3950,9.2345,9.2345,161.1840,0.24021461,40.2960,36.6255,127.6040,131.2745,0.19016990,0.19564009,0.01000894,223.6667,223.6667,55.9667,167.9000,55.9667,671.0000,3.0000,,223.6667,139.5,258.0,299.25,313.0,313.0,313.0,258.0,-100.0,1.213178,1.213178,0.866925,3,3,1,2,0E-8,0.25022355,,0E-8,0.000000,1.000000,0.000000,,2026-05-07,2026-05-07,1,3,3,1,1.000000,,,0.000000,,,,,,,,GLOBAL_BASELINE_NO_ENTITY_RANKING,,,NOT_APPLICABLE_GLOBAL_BASELINE,HF9g-P5,,,,X 全窗基线 · 不参与实体赏罚,6871340,688,A168_HF9F_20260827_0900,2026-08-27 09:00:00
2026-05-07,132526695,462,0,313.0000000000,-313.0000000000,-313.0000000000,0E-7,1,1,0.49324550000000000,0.493245500000,-0.9865810262130424,-0.9865810262130424,-0.9865810262130424,0E-17,ELIGIBLE,R03b_20260811_FULL_v1,L1_ELIGIBILITY,v2026-08-11,2026-03-21..2026-08-06,baccarat_bet02_101_all_pairs_incl_sentinel,round_win = game_pnl > 0 (decisive only),COMPATIBILITY_ONLY_NOT_PRODUCTION,671.0000,671.0000,167.9000,3,3,-0.25022355,,-0.25022355,-0.25022355,-167.9000,671.0000,THIN_EXPOSURE,0.0000,6.7160,4.0000,96.0000,AG03-UNRESOLVED,ALL5_LEVELS_bet23_to_bet27,6.7160,6.7160,8.3950,9.2345,9.2345,4.000000,4.000000,5.000000,5.500000,5.500000,96.000000,96.000000,95.000000,94.500000,94.500000,5.0,40.2960,36.6255,127.6040,131.2745,PENDING_AG03,FALSE,NOT_FOR_ENFORCEMENT,161.1840,644.1600,167.9000,161.1840,6.7160,0.25022355,0.24021461,6.7160,161.1840,0.24021461,6.7160,6.7160,8.3950,9.2345,9.2345,161.1840,0.24021461,40.2960,36.6255,127.6040,131.2745,0.19016990,0.19564009,0.01000894,223.6667,223.6667,55.9667,167.9000,55.9667,671.0000,3.0000,,223.6667,139.5,258.0,299.25,313.0,313.0,313.0,258.0,-100.0,1.213178,1.213178,0.866925,3,3,1,2,0E-8,0.25022355,,0E-8,0.000000,1.000000,0.000000,,2026-05-07,2026-05-07,1,3,3,1,1.000000,,,0.000000,,,,,,,,GLOBAL_BASELINE_NO_ENTITY_RANKING,,,NOT_APPLICABLE_GLOBAL_BASELINE,HF9g-P5,,,,X 全窗基线 · 不参与实体赏罚,6871341,688,A168_HF9F_20260827_0900,2026-08-27 09:00:00
2026-05-03,149488511,-1,1,106.2913559500,-64.2789622938,-64.2789622938,0.2000000,6,5,0.47944462400007846,0.454721750000,-1.250771758268898,-1.1438500109000898,-1.250771758268898,0.02472287400007846,SENTINEL_DEALER,R03b_20260811_FULL_v1,L1_ELIGIBILITY,v2026-08-11,2026-03-21..2026-08-06,baccarat_bet02_101_all_pairs_incl_sentinel,round_win = game_pnl > 0 (decisive only),COMPATIBILITY_ONLY_NOT_PRODUCTION,475.1602,449.9527,167.9025,34,17,-0.35335986,,-0.35335986,-0.35335986,-167.9025,475.1602,OK,0.0000,6.7161,4.0000,96.0000,AG03-UNRESOLVED,ALL5_LEVELS_bet23_to_bet27,6.7161,6.7161,6.7161,6.7161,6.7161,4.000000,4.000000,4.000000,4.000000,4.000000,96.000000,96.000000,96.000000,96.000000,96.000000,5.0,33.5805,30.9994,134.3220,136.9031,PENDING_AG03,FALSE,NOT_FOR_ENFORCEMENT,161.1864,431.9546,167.9025,161.1864,6.7161,0.35335986,0.33922546,6.7161,161.1864,0.33922546,6.7161,6.7161,6.7161,6.7161,6.7161,161.1864,0.33922546,33.5805,30.9994,134.3220,136.9031,0.28268789,0.28811998,0.01413439,13.9753,26.4678,9.8766,167.9025,18.6558,475.1602,17.0000,,13.9753,4.2012,7.3522,21.0062,29.6187,31.5093,63.0186,4.2012,-4.2012,4.285714,8.571428,1.90084,9,7,1,6,0E-8,0.35335986,,0E-8,0.000000,0.946950,0.000000,,2026-05-03,2026-05-03,1,9,9,1,1.000000,,,0.000000,,,,,,,,GLOBAL_BASELINE_NO_ENTITY_RANKING,,,NOT_APPLICABLE_GLOBAL_BASELINE,HF9g-P5,,,,X 全窗基线 · 不参与实体赏罚,6871342,688,A168_HF9F_20260827_0900,2026-08-27 09:00:00
2026-05-03,149488511,1221,0,67.2198298498,-4.2012393656,-4.2012393656,0.5000000,8,2,0.36747641294159381,0.168412450000,0.38873628824304457,1.2530607522070338,0.38873628824304457,0.19906396294159381,ELIGIBLE,R03b_20260811_FULL_v1,L1_ELIGIBILITY,v2026-08-11,2026-03-21..2026-08-06,baccarat_bet02_101_all_pairs_incl_sentinel,round_win = game_pnl > 0 (decisive only),COMPATIBILITY_ONLY_NOT_PRODUCTION,475.1602,449.9527,167.9025,34,17,-0.35335986,,-0.35335986,-0.35335986,-167.9025,475.1602,OK,0.0000,6.7161,4.0000,96.0000,AG03-UNRESOLVED,ALL5_LEVELS_bet23_to_bet27,6.7161,6.7161,6.7161,6.7161,6.7161,4.000000,4.000000,4.000000,4.000000,4.000000,96.000000,96.000000,96.000000,96.000000,96.000000,5.0,33.5805,30.9994,134.3220,136.9031,PENDING_AG03,FALSE,NOT_FOR_ENFORCEMENT,161.1864,431.9546,167.9025,161.1864,6.7161,0.35335986,0.33922546,6.7161,161.1864,0.33922546,6.7161,6.7161,6.7161,6.7161,6.7161,161.1864,0.33922546,33.5805,30.9994,134.3220,136.9031,0.28268789,0.28811998,0.01413439,13.9753,26.4678,9.8766,167.9025,18.6558,475.1602,17.0000,,13.9753,4.2012,7.3522,21.0062,29.6187,31.5093,63.0186,4.2012,-4.2012,4.285714,8.571428,1.90084,9,7,1,6,0E-8,0.35335986,,0E-8,0.000000,0.946950,0.000000,,2026-05-03,2026-05-03,1,9,9,1,1.000000,,,0.000000,,,,,,,,GLOBAL_BASELINE_NO_ENTITY_RANKING,,,NOT_APPLICABLE_GLOBAL_BASELINE,HF9g-P5,,,,X 全窗基线 · 不参与实体赏罚,6871343,688,A168_HF9F_20260827_0900,2026-08-27 09:00:00
2026-05-03,149488511,1374,0,69.3204495326,-69.3204495326,-69.3204495326,0E-7,6,2,0.41884791240626137,0.234519600000,-1.2005998211751407,-0.7827760558347143,-1.2005998211751407,0.18432831240626137,ELIGIBLE,R03b_20260811_FULL_v1,L1_ELIGIBILITY,v2026-08-11,2026-03-21..2026-08-06,baccarat_bet02_101_all_pairs_incl_sentinel,round_win = game_pnl > 0 (decisive only),COMPATIBILITY_ONLY_NOT_PRODUCTION,475.1602,449.9527,167.9025,34,17,-0.35335986,,-0.35335986,-0.35335986,-167.9025,475.1602,OK,0.0000,6.7161,4.0000,96.0000,AG03-UNRESOLVED,ALL5_LEVELS_bet23_to_bet27,6.7161,6.7161,6.7161,6.7161,6.7161,4.000000,4.000000,4.000000,4.000000,4.000000,96.000000,96.000000,96.000000,96.000000,96.000000,5.0,33.5805,30.9994,134.3220,136.9031,PENDING_AG03,FALSE,NOT_FOR_ENFORCEMENT,161.1864,431.9546,167.9025,161.1864,6.7161,0.35335986,0.33922546,6.7161,161.1864,0.33922546,6.7161,6.7161,6.7161,6.7161,6.7161,161.1864,0.33922546,33.5805,30.9994,134.3220,136.9031,0.28268789,0.28811998,0.01413439,13.9753,26.4678,9.8766,167.9025,18.6558,475.1602,17.0000,,13.9753,4.2012,7.3522,21.0062,29.6187,31.5093,63.0186,4.2012,-4.2012,4.285714,8.571428,1.90084,9,7,1,6,0E-8,0.35335986,,0E-8,0.000000,0.946950,0.000000,,2026-05-03,2026-05-03,1,9,9,1,1.000000,,,0.000000,,,,,,,,GLOBAL_BASELINE_NO_ENTITY_RANKING,,,NOT_APPLICABLE_GLOBAL_BASELINE,HF9g-P5,,,,X 全窗基线 · 不参与实体赏罚,6871344,688,A168_HF9F_20260827_0900,2026-08-27 09:00:00
2026-05-03,149488511,1654,0,21.0061968281,-21.0061968281,-21.0061968281,0E-7,1,1,0.49324550000000000,0.493245500000,-0.9865810262130424,-0.9865810262130424,-0.9865810262130424,0E-17,ELIGIBLE,R03b_20260811_FULL_v1,L1_ELIGIBILITY,v2026-08-11,2026-03-21..2026-08-06,baccarat_bet02_101_all_pairs_incl_sentinel,round_win = game_pnl > 0 (decisive only),COMPATIBILITY_ONLY_NOT_PRODUCTION,475.1602,449.9527,167.9025,34,17,-0.35335986,,-0.35335986,-0.35335986,-167.9025,475.1602,OK,0.0000,6.7161,4.0000,96.0000,AG03-UNRESOLVED,ALL5_LEVELS_bet23_to_bet27,6.7161,6.7161,6.7161,6.7161,6.7161,4.000000,4.000000,4.000000,4.000000,4.000000,96.000000,96.000000,96.000000,96.000000,96.000000,5.0,33.5805,30.9994,134.3220,136.9031,PENDING_AG03,FALSE,NOT_FOR_ENFORCEMENT,161.1864,431.9546,167.9025,161.1864,6.7161,0.35335986,0.33922546,6.7161,161.1864,0.33922546,6.7161,6.7161,6.7161,6.7161,6.7161,161.1864,0.33922546,33.5805,30.9994,134.3220,136.9031,0.28268789,0.28811998,0.01413439,13.9753,26.4678,9.8766,167.9025,18.6558,475.1602,17.0000,,13.9753,4.2012,7.3522,21.0062,29.6187,31.5093,63.0186,4.2012,-4.2012,4.285714,8.571428,1.90084,9,7,1,6,0E-8,0.35335986,,0E-8,0.000000,0.946950,0.000000,,2026-05-03,2026-05-03,1,9,9,1,1.000000,,,0.000000,,,,,,,,GLOBAL_BASELINE_NO_ENTITY_RANKING,,,NOT_APPLICABLE_GLOBAL_BASELINE,HF9g-P5,,,,X 全窗基线 · 不参与实体赏罚,6871345,688,A168_HF9F_20260827_0900,2026-08-27 09:00:00
2026-05-03,149488511,2201,0,43.2727654658,0.1470433778,0.1470433778,0.5000000,2,2,0.50665070000000000,0.506650700000,-0.018812684590367487,-0.018812684590367487,-0.018812684590367487,0E-17,ELIGIBLE,R03b_20260811_FULL_v1,L1_ELIGIBILITY,v2026-08-11,2026-03-21..2026-08-06,baccarat_bet02_101_all_pairs_incl_sentinel,round_win = game_pnl > 0 (decisive only),COMPATIBILITY_ONLY_NOT_PRODUCTION,475.1602,449.9527,167.9025,34,17,-0.35335986,,-0.35335986,-0.35335986,-167.9025,475.1602,OK,0.0000,6.7161,4.0000,96.0000,AG03-UNRESOLVED,ALL5_LEVELS_bet23_to_bet27,6.7161,6.7161,6.7161,6.7161,6.7161,4.000000,4.000000,4.000000,4.000000,4.000000,96.000000,96.000000,96.000000,96.000000,96.000000,5.0,33.5805,30.9994,134.3220,136.9031,PENDING_AG03,FALSE,NOT_FOR_ENFORCEMENT,161.1864,431.9546,167.9025,161.1864,6.7161,0.35335986,0.33922546,6.7161,161.1864,0.33922546,6.7161,6.7161,6.7161,6.7161,6.7161,161.1864,0.33922546,33.5805,30.9994,134.3220,136.9031,0.28268789,0.28811998,0.01413439,13.9753,26.4678,9.8766,167.9025,18.6558,475.1602,17.0000,,13.9753,4.2012,7.3522,21.0062,29.6187,31.5093,63.0186,4.2012,-4.2012,4.285714,8.571428,1.90084,9,7,1,6,0E-8,0.35335986,,0E-8,0.000000,0.946950,0.000000,,2026-05-03,2026-05-03,1,9,9,1,1.000000,,,0.000000,,,,,,,,GLOBAL_BASELINE_NO_ENTITY_RANKING,,,NOT_APPLICABLE_GLOBAL_BASELINE,HF9g-P5,,,,X 全窗基线 · 不参与实体赏罚,6871346,688,A168_HF9F_20260827_0900,2026-08-27 09:00:00
2026-05-03,149488511,550,0,136.5402793824,22.2665686378,22.2665686378,0.5000000,10,4,0.39871913513010423,0.285339633333,0.4136996620096249,0.9507163530660527,0.4136996620096249,0.11337950179710423,ELIGIBLE,R03b_20260811_FULL_v1,L1_ELIGIBILITY,v2026-08-11,2026-03-21..2026-08-06,baccarat_bet02_101_all_pairs_incl_sentinel,round_win = game_pnl > 0 (decisive only),COMPATIBILITY_ONLY_NOT_PRODUCTION,475.1602,449.9527,167.9025,34,17,-0.35335986,,-0.35335986,-0.35335986,-167.9025,475.1602,OK,0.0000,6.7161,4.0000,96.0000,AG03-UNRESOLVED,ALL5_LEVELS_bet23_to_bet27,6.7161,6.7161,6.7161,6.7161,6.7161,4.000000,4.000000,4.000000,4.000000,4.000000,96.000000,96.000000,96.000000,96.000000,96.000000,5.0,33.5805,30.9994,134.3220,136.9031,PENDING_AG03,FALSE,NOT_FOR_ENFORCEMENT,161.1864,431.9546,167.9025,161.1864,6.7161,0.35335986,0.33922546,6.7161,161.1864,0.33922546,6.7161,6.7161,6.7161,6.7161,6.7161,161.1864,0.33922546,33.5805,30.9994,134.3220,136.9031,0.28268789,0.28811998,0.01413439,13.9753,26.4678,9.8766,167.9025,18.6558,475.1602,17.0000,,13.9753,4.2012,7.3522,21.0062,29.6187,31.5093,63.0186,4.2012,-4.2012,4.285714,8.571428,1.90084,9,7,1,6,0E-8,0.35335986,,0E-8,0.000000,0.946950,0.000000,,2026-05-03,2026-05-03,1,9,9,1,1.000000,,,0.000000,,,,,,,,GLOBAL_BASELINE_NO_ENTITY_RANKING,,,NOT_APPLICABLE_GLOBAL_BASELINE,HF9g-P5,,,,X 全窗基线 · 不参与实体赏罚,6871347,688,A168_HF9F_20260827_0900,2026-08-27 09:00:00
2026-05-03,149488511,986,0,31.5092952421,-31.5092952421,-31.5092952421,0E-7,1,1,0.49324550000000000,0.493245500000,-0.9865810262130424,-0.9865810262130424,-0.9865810262130424,0E-17,ELIGIBLE,R03b_20260811_FULL_v1,L1_ELIGIBILITY,v2026-08-11,2026-03-21..2026-08-06,baccarat_bet02_101_all_pairs_incl_sentinel,round_win = game_pnl > 0 (decisive only),COMPATIBILITY_ONLY_NOT_PRODUCTION,475.1602,449.9527,167.9025,34,17,-0.35335986,,-0.35335986,-0.35335986,-167.9025,475.1602,OK,0.0000,6.7161,4.0000,96.0000,AG03-UNRESOLVED,ALL5_LEVELS_bet23_to_bet27,6.7161,6.7161,6.7161,6.7161,6.7161,4.000000,4.000000,4.000000,4.000000,4.000000,96.000000,96.000000,96.000000,96.000000,96.000000,5.0,33.5805,30.9994,134.3220,136.9031,PENDING_AG03,FALSE,NOT_FOR_ENFORCEMENT,161.1864,431.9546,167.9025,161.1864,6.7161,0.35335986,0.33922546,6.7161,161.1864,0.33922546,6.7161,6.7161,6.7161,6.7161,6.7161,161.1864,0.33922546,33.5805,30.9994,134.3220,136.9031,0.28268789,0.28811998,0.01413439,13.9753,26.4678,9.8766,167.9025,18.6558,475.1602,17.0000,,13.9753,4.2012,7.3522,21.0062,29.6187,31.5093,63.0186,4.2012,-4.2012,4.285714,8.571428,1.90084,9,7,1,6,0E-8,0.35335986,,0E-8,0.000000,0.946950,0.000000,,2026-05-03,2026-05-03,1,9,9,1,1.000000,,,0.000000,,,,,,,,GLOBAL_BASELINE_NO_ENTITY_RANKING,,,NOT_APPLICABLE_GLOBAL_BASELINE,HF9g-P5,,,,X 全窗基线 · 不参与实体赏罚,6871348,688,A168_HF9F_20260827_0900,2026-08-27 09:00:00
2026-06-14,151477211,1985,0,228.4859688844,145.4001620174,145.4001620174,0.6666667,3,3,0.49771390000000000,0.497713900000,0.5852756695216578,0.5852756695216578,0.5852756695216578,0E-17,ELIGIBLE,R03b_20260811_FULL_v1,L1_ELIGIBILITY,v2026-08-11,2026-03-21..2026-08-06,baccarat_bet02_101_all_pairs_incl_sentinel,round_win = game_pnl > 0 (decisive only),COMPATIBILITY_ONLY_NOT_PRODUCTION,706.2294,581.6006,166.1716,9,9,-0.23529412,,-0.23529412,-0.23529412,-166.1716,706.2294,THIN_EXPOSURE,0.0000,4.9851,3.0000,97.0000,AG03-UNRESOLVED,ALL5_LEVELS_bet23_to_bet27,4.9851,4.9851,4.9851,0.0000,0.0000,3.000000,3.000000,3.000000,0.000000,0.000000,97.000000,97.000000,97.000000,100.000000,100.000000,5.0,14.9554,14.5113,151.2162,151.6603,PENDING_AG03,FALSE,NOT_FOR_ENFORCEMENT,161.1865,564.1526,166.1716,161.1865,4.9851,0.23529412,0.22823529,4.9851,161.1865,0.22823529,4.9851,4.9851,4.9851,0.0000,0.0000,161.1865,0.22823529,14.9554,14.5113,151.2162,151.6603,0.21411765,0.21474659,0.00705882,78.4699,64.6223,18.4635,83.0858,41.5429,353.1147,4.5000,,78.4699,57.1215,62.3144,103.8573,116.3201,124.6287,124.6287,62.3144,-41.5429,2.0,2.0,1.259259,4,4,2,2,0E-8,0.23529412,,0E-8,0.000000,0.823529,1.000000,,2026-06-14,2026-06-18,2,4,4,5,0.400000,,,0.000000,,,,,,,,GLOBAL_BASELINE_NO_ENTITY_RANKING,,,NOT_APPLICABLE_GLOBAL_BASELINE,HF9g-P5,,,,X 全窗基线 · 不参与实体赏罚,6871349,688,A168_HF9F_20260827_0900,2026-08-27 09:00:00
2026-06-14,151477211,2246,0,311.5717757514,-145.4001620173,-145.4001620173,0.3333333,4,4,0.50665070000000000,0.506650700000,-0.6004420894325239,-0.6004420894325239,-0.6004420894325239,0E-17,ELIGIBLE,R03b_20260811_FULL_v1,L1_ELIGIBILITY,v2026-08-11,2026-03-21..2026-08-06,baccarat_bet02_101_all_pairs_incl_sentinel,round_win = game_pnl > 0 (decisive only),COMPATIBILITY_ONLY_NOT_PRODUCTION,706.2294,581.6006,166.1716,9,9,-0.23529412,,-0.23529412,-0.23529412,-166.1716,706.2294,THIN_EXPOSURE,0.0000,4.9851,3.0000,97.0000,AG03-UNRESOLVED,ALL5_LEVELS_bet23_to_bet27,4.9851,4.9851,4.9851,0.0000,0.0000,3.000000,3.000000,3.000000,0.000000,0.000000,97.000000,97.000000,97.000000,100.000000,100.000000,5.0,14.9554,14.5113,151.2162,151.6603,PENDING_AG03,FALSE,NOT_FOR_ENFORCEMENT,161.1865,564.1526,166.1716,161.1865,4.9851,0.23529412,0.22823529,4.9851,161.1865,0.22823529,4.9851,4.9851,4.9851,0.0000,0.0000,161.1865,0.22823529,14.9554,14.5113,151.2162,151.6603,0.21411765,0.21474659,0.00705882,78.4699,64.6223,18.4635,83.0858,41.5429,353.1147,4.5000,,78.4699,57.1215,62.3144,103.8573,116.3201,124.6287,124.6287,62.3144,-41.5429,2.0,2.0,1.259259,4,4,2,2,0E-8,0.23529412,,0E-8,0.000000,0.823529,1.000000,,2026-06-14,2026-06-18,2,4,4,5,0.400000,,,0.000000,,,,,,,,GLOBAL_BASELINE_NO_ENTITY_RANKING,,,NOT_APPLICABLE_GLOBAL_BASELINE,HF9g-P5,,,,X 全窗基线 · 不参与实体赏罚,6871350,688,A168_HF9F_20260827_0900,2026-08-27 09:00:00
2026-06-14,151477211,2254,0,103.8572585838,-103.8572585838,-103.8572585838,0E-7,1,1,0.50665070000000000,0.506650700000,-1.013391052207602,-1.013391052207602,-1.013391052207602,0E-17,ELIGIBLE,R03b_20260811_FULL_v1,L1_ELIGIBILITY,v2026-08-11,2026-03-21..2026-08-06,baccarat_bet02_101_all_pairs_incl_sentinel,round_win = game_pnl > 0 (decisive only),COMPATIBILITY_ONLY_NOT_PRODUCTION,706.2294,581.6006,166.1716,9,9,-0.23529412,,-0.23529412,-0.23529412,-166.1716,706.2294,THIN_EXPOSURE,0.0000,4.9851,3.0000,97.0000,AG03-UNRESOLVED,ALL5_LEVELS_bet23_to_bet27,4.9851,4.9851,4.9851,0.0000,0.0000,3.000000,3.000000,3.000000,0.000000,0.000000,97.000000,97.000000,97.000000,100.000000,100.000000,5.0,14.9554,14.5113,151.2162,151.6603,PENDING_AG03,FALSE,NOT_FOR_ENFORCEMENT,161.1865,564.1526,166.1716,161.1865,4.9851,0.23529412,0.22823529,4.9851,161.1865,0.22823529,4.9851,4.9851,4.9851,0.0000,0.0000,161.1865,0.22823529,14.9554,14.5113,151.2162,151.6603,0.21411765,0.21474659,0.00705882,78.4699,64.6223,18.4635,83.0858,41.5429,353.1147,4.5000,,78.4699,57.1215,62.3144,103.8573,116.3201,124.6287,124.6287,62.3144,-41.5429,2.0,2.0,1.259259,4,4,2,2,0E-8,0.23529412,,0E-8,0.000000,0.823529,1.000000,,2026-06-14,2026-06-18,2,4,4,5,0.400000,,,0.000000,,,,,,,,GLOBAL_BASELINE_NO_ENTITY_RANKING,,,NOT_APPLICABLE_GLOBAL_BASELINE,HF9g-P5,,,,X 全窗基线 · 不参与实体赏罚,6871351,688,A168_HF9F_20260827_0900,2026-08-27 09:00:00
2026-06-18,151477211,1654,0,62.3143551503,-62.3143551503,-62.3143551503,0E-7,1,1,0.50665070000000000,0.506650700000,-1.013391052207602,-1.013391052207602,-1.013391052207602,0E-17,ELIGIBLE,R03b_20260811_FULL_v1,L1_ELIGIBILITY,v2026-08-11,2026-03-21..2026-08-06,baccarat_bet02_101_all_pairs_incl_sentinel,round_win = game_pnl > 0 (decisive only),COMPATIBILITY_ONLY_NOT_PRODUCTION,706.2294,581.6006,166.1716,9,9,-0.23529412,,-0.23529412,-0.23529412,-166.1716,706.2294,THIN_EXPOSURE,0.0000,4.9851,3.0000,97.0000,AG03-UNRESOLVED,ALL5_LEVELS_bet23_to_bet27,4.9851,4.9851,4.9851,0.0000,0.0000,3.000000,3.000000,3.000000,0.000000,0.000000,97.000000,97.000000,97.000000,100.000000,100.000000,5.0,14.9554,14.5113,151.2162,151.6603,PENDING_AG03,FALSE,NOT_FOR_ENFORCEMENT,161.1865,564.1526,166.1716,161.1865,4.9851,0.23529412,0.22823529,4.9851,161.1865,0.22823529,4.9851,4.9851,4.9851,0.0000,0.0000,161.1865,0.22823529,14.9554,14.5113,151.2162,151.6603,0.21411765,0.21474659,0.00705882,78.4699,64.6223,18.4635,83.0858,41.5429,353.1147,4.5000,,78.4699,57.1215,62.3144,103.8573,116.3201,124.6287,124.6287,62.3144,-41.5429,2.0,2.0,1.259259,4,4,2,2,0E-8,0.23529412,,0E-8,0.000000,0.823529,1.000000,,2026-06-14,2026-06-18,2,4,4,5,0.400000,,,0.000000,,,,,,,,GLOBAL_BASELINE_NO_ENTITY_RANKING,,,NOT_APPLICABLE_GLOBAL_BASELINE,HF9g-P5,,,,X 全窗基线 · 不参与实体赏罚,6871352,688,A168_HF9F_20260827_0900,2026-08-27 09:00:00
2026-06-23,151972117,-1,1,124.6287103005,-41.5429034335,-41.5429034335,0.5000000,2,2,0.49324550000000000,0.493245500000,0.01910635448239258,0.01910635448239258,0.01910635448239258,0E-17,SENTINEL_DEALER,R03b_20260811_FULL_v1,L1_ELIGIBILITY,v2026-08-11,2026-03-21..2026-08-06,baccarat_bet02_101_all_pairs_incl_sentinel,round_win = game_pnl > 0 (decisive only),COMPATIBILITY_ONLY_NOT_PRODUCTION,452.8176,330.2661,166.1716,6,6,-0.36697248,,-0.36697248,-0.36697248,-166.1716,452.8176,THIN_EXPOSURE,0.0000,4.9851,3.0000,97.0000,AG03-UNRESOLVED,ALL5_LEVELS_bet23_to_bet27,4.9851,4.9851,4.9851,0.0000,0.0000,3.000000,3.000000,3.000000,0.000000,0.000000,97.000000,97.000000,97.000000,100.000000,100.000000,5.0,14.9554,14.5113,151.2162,151.6603,PENDING_AG03,FALSE,NOT_FOR_ENFORCEMENT,161.1865,320.3581,166.1716,161.1865,4.9851,0.36697248,0.35596330,4.9851,161.1865,0.35596330,4.9851,4.9851,4.9851,0.0000,0.0000,161.1865,0.35596330,14.9554,14.5113,151.2162,151.6603,0.33394495,0.33492587,0.01100917,75.4696,55.0443,27.6953,166.1716,55.3905,452.8176,6.0000,,75.4696,41.5429,62.3144,122.5516,122.5516,122.5516,122.5516,41.5429,-20.7715,1.966667,1.966667,1.211111,3,3,1,2,0E-8,0.36697248,,0E-8,0.000000,0.729358,0.000000,,2026-06-23,2026-06-23,1,3,3,1,1.000000,,,0.000000,,,,,,,,GLOBAL_BASELINE_NO_ENTITY_RANKING,,,NOT_APPLICABLE_GLOBAL_BASELINE,HF9g-P5,,,,X 全窗基线 · 不参与实体赏罚,6871353,688,A168_HF9F_20260827_0900,2026-08-27 09:00:00
2026-06-23,151972117,1306,0,286.6460336913,-164.0944685624,-164.0944685624,0E-7,3,3,0.50218230000000000,0.502182300000,-1.4203995680682369,-1.4203995680682369,-1.4203995680682369,0E-17,ELIGIBLE,R03b_20260811_FULL_v1,L1_ELIGIBILITY,v2026-08-11,2026-03-21..2026-08-06,baccarat_bet02_101_all_pairs_incl_sentinel,round_win = game_pnl > 0 (decisive only),COMPATIBILITY_ONLY_NOT_PRODUCTION,452.8176,330.2661,166.1716,6,6,-0.36697248,,-0.36697248,-0.36697248,-166.1716,452.8176,THIN_EXPOSURE,0.0000,4.9851,3.0000,97.0000,AG03-UNRESOLVED,ALL5_LEVELS_bet23_to_bet27,4.9851,4.9851,4.9851,0.0000,0.0000,3.000000,3.000000,3.000000,0.000000,0.000000,97.000000,97.000000,97.000000,100.000000,100.000000,5.0,14.9554,14.5113,151.2162,151.6603,PENDING_AG03,FALSE,NOT_FOR_ENFORCEMENT,161.1865,320.3581,166.1716,161.1865,4.9851,0.36697248,0.35596330,4.9851,161.1865,0.35596330,4.9851,4.9851,4.9851,0.0000,0.0000,161.1865,0.35596330,14.9554,14.5113,151.2162,151.6603,0.33394495,0.33492587,0.01100917,75.4696,55.0443,27.6953,166.1716,55.3905,452.8176,6.0000,,75.4696,41.5429,62.3144,122.5516,122.5516,122.5516,122.5516,41.5429,-20.7715,1.966667,1.966667,1.211111,3,3,1,2,0E-8,0.36697248,,0E-8,0.000000,0.729358,0.000000,,2026-06-23,2026-06-23,1,3,3,1,1.000000,,,0.000000,,,,,,,,GLOBAL_BASELINE_NO_ENTITY_RANKING,,,NOT_APPLICABLE_GLOBAL_BASELINE,HF9g-P5,,,,X 全窗基线 · 不参与实体赏罚,6871354,688,A168_HF9F_20260827_0900,2026-08-27 09:00:00
2026-06-23,151972117,2145,0,41.5429034335,39.4657582618,39.4657582618,1.0000000,1,1,0.50665070000000000,0.506650700000,0.9867858985152569,0.9867858985152569,0.9867858985152569,0E-17,ELIGIBLE,R03b_20260811_FULL_v1,L1_ELIGIBILITY,v2026-08-11,2026-03-21..2026-08-06,baccarat_bet02_101_all_pairs_incl_sentinel,round_win = game_pnl > 0 (decisive only),COMPATIBILITY_ONLY_NOT_PRODUCTION,452.8176,330.2661,166.1716,6,6,-0.36697248,,-0.36697248,-0.36697248,-166.1716,452.8176,THIN_EXPOSURE,0.0000,4.9851,3.0000,97.0000,AG03-UNRESOLVED,ALL5_LEVELS_bet23_to_bet27,4.9851,4.9851,4.9851,0.0000,0.0000,3.000000,3.000000,3.000000,0.000000,0.000000,97.000000,97.000000,97.000000,100.000000,100.000000,5.0,14.9554,14.5113,151.2162,151.6603,PENDING_AG03,FALSE,NOT_FOR_ENFORCEMENT,161.1865,320.3581,166.1716,161.1865,4.9851,0.36697248,0.35596330,4.9851,161.1865,0.35596330,4.9851,4.9851,4.9851,0.0000,0.0000,161.1865,0.35596330,14.9554,14.5113,151.2162,151.6603,0.33394495,0.33492587,0.01100917,75.4696,55.0443,27.6953,166.1716,55.3905,452.8176,6.0000,,75.4696,41.5429,62.3144,122.5516,122.5516,122.5516,122.5516,41.5429,-20.7715,1.966667,1.966667,1.211111,3,3,1,2,0E-8,0.36697248,,0E-8,0.000000,0.729358,0.000000,,2026-06-23,2026-06-23,1,3,3,1,1.000000,,,0.000000,,,,,,,,GLOBAL_BASELINE_NO_ENTITY_RANKING,,,NOT_APPLICABLE_GLOBAL_BASELINE,HF9g-P5,,,,X 全窗基线 · 不参与实体赏罚,6871355,688,A168_HF9F_20260827_0900,2026-08-27 09:00:00
2026-06-12,151353997,1646,0,83.0858068671,-62.3143551503,-62.3143551503,0.2500000,4,4,0.49324550000000000,0.493245500000,-0.9730707933947887,-0.9730707933947887,-0.9730707933947887,0E-17,ELIGIBLE,R03b_20260811_FULL_v1,L1_ELIGIBILITY,v2026-08-11,2026-03-21..2026-08-06,baccarat_bet02_101_all_pairs_incl_sentinel,round_win = game_pnl > 0 (decisive only),COMPATIBILITY_ONLY_NOT_PRODUCTION,249.2574,186.9431,166.1716,7,7,-0.66666667,,-0.66666667,-0.66666667,-166.1716,249.2574,THIN_EXPOSURE,0.0000,4.9851,3.0000,97.0000,AG03-UNRESOLVED,ALL5_LEVELS_bet23_to_bet27,4.9851,4.9851,4.9851,0.0000,0.0000,3.000000,3.000000,3.000000,0.000000,0.000000,97.000000,97.000000,97.000000,100.000000,100.000000,5.0,14.9554,14.5113,151.2162,151.6603,PENDING_AG03,FALSE,NOT_FOR_ENFORCEMENT,161.1865,181.3348,166.1716,161.1865,4.9851,0.66666667,0.64666667,4.9851,161.1865,0.64666667,4.9851,4.9851,4.9851,0.0000,0.0000,161.1865,0.64666667,14.9554,14.5113,151.2162,151.6603,0.60666667,0.60844867,0.02000000,35.6082,26.7062,23.7388,83.0858,55.3905,124.6287,3.5000,,35.6082,20.7715,31.1572,57.1215,62.3144,62.3144,62.3144,20.7715,-20.7715,2.0,2.0,1.142857,3,3,2,2,0E-8,0.66666667,,0E-8,0.000000,0.750000,0.000000,,2026-06-12,2026-06-20,2,3,3,9,0.222222,,,0.000000,,,,,,,,GLOBAL_BASELINE_NO_ENTITY_RANKING,,,NOT_APPLICABLE_GLOBAL_BASELINE,HF9g-P5,,,,X 全窗基线 · 不参与实体赏罚,6871356,688,A168_HF9F_20260827_0900,2026-08-27 09:00:00
2026-06-20,151353997,1399,0,124.6287103006,-62.3143551503,-62.3143551503,0E-7,2,2,0.49324550000000000,0.493245500000,-0.9865810262130424,-0.9865810262130424,-0.9865810262130424,0E-17,ELIGIBLE,R03b_20260811_FULL_v1,L1_ELIGIBILITY,v2026-08-11,2026-03-21..2026-08-06,baccarat_bet02_101_all_pairs_incl_sentinel,round_win = game_pnl > 0 (decisive only),COMPATIBILITY_ONLY_NOT_PRODUCTION,249.2574,186.9431,166.1716,7,7,-0.66666667,,-0.66666667,-0.66666667,-166.1716,249.2574,THIN_EXPOSURE,0.0000,4.9851,3.0000,97.0000,AG03-UNRESOLVED,ALL5_LEVELS_bet23_to_bet27,4.9851,4.9851,4.9851,0.0000,0.0000,3.000000,3.000000,3.000000,0.000000,0.000000,97.000000,97.000000,97.000000,100.000000,100.000000,5.0,14.9554,14.5113,151.2162,151.6603,PENDING_AG03,FALSE,NOT_FOR_ENFORCEMENT,161.1865,181.3348,166.1716,161.1865,4.9851,0.66666667,0.64666667,4.9851,161.1865,0.64666667,4.9851,4.9851,4.9851,0.0000,0.0000,161.1865,0.64666667,14.9554,14.5113,151.2162,151.6603,0.60666667,0.60844867,0.02000000,35.6082,26.7062,23.7388,83.0858,55.3905,124.6287,3.5000,,35.6082,20.7715,31.1572,57.1215,62.3144,62.3144,62.3144,20.7715,-20.7715,2.0,2.0,1.142857,3,3,2,2,0E-8,0.66666667,,0E-8,0.000000,0.750000,0.000000,,2026-06-12,2026-06-20,2,3,3,9,0.222222,,,0.000000,,,,,,,,GLOBAL_BASELINE_NO_ENTITY_RANKING,,,NOT_APPLICABLE_GLOBAL_BASELINE,HF9g-P5,,,,X 全窗基线 · 不参与实体赏罚,6871357,688,A168_HF9F_20260827_0900,2026-08-27 09:00:00
2026-06-20,151353997,2223,0,41.5429034335,-41.5429034335,-41.5429034335,0E-7,1,1,0.50665070000000000,0.506650700000,-1.013391052207602,-1.013391052207602,-1.013391052207602,0E-17,ELIGIBLE,R03b_20260811_FULL_v1,L1_ELIGIBILITY,v2026-08-11,2026-03-21..2026-08-06,baccarat_bet02_101_all_pairs_incl_sentinel,round_win = game_pnl > 0 (decisive only),COMPATIBILITY_ONLY_NOT_PRODUCTION,249.2574,186.9431,166.1716,7,7,-0.66666667,,-0.66666667,-0.66666667,-166.1716,249.2574,THIN_EXPOSURE,0.0000,4.9851,3.0000,97.0000,AG03-UNRESOLVED,ALL5_LEVELS_bet23_to_bet27,4.9851,4.9851,4.9851,0.0000,0.0000,3.000000,3.000000,3.000000,0.000000,0.000000,97.000000,97.000000,97.000000,100.000000,100.000000,5.0,14.9554,14.5113,151.2162,151.6603,PENDING_AG03,FALSE,NOT_FOR_ENFORCEMENT,161.1865,181.3348,166.1716,161.1865,4.9851,0.66666667,0.64666667,4.9851,161.1865,0.64666667,4.9851,4.9851,4.9851,0.0000,0.0000,161.1865,0.64666667,14.9554,14.5113,151.2162,151.6603,0.60666667,0.60844867,0.02000000,35.6082,26.7062,23.7388,83.0858,55.3905,124.6287,3.5000,,35.6082,20.7715,31.1572,57.1215,62.3144,62.3144,62.3144,20.7715,-20.7715,2.0,2.0,1.142857,3,3,2,2,0E-8,0.66666667,,0E-8,0.000000,0.750000,0.000000,,2026-06-12,2026-06-20,2,3,3,9,0.222222,,,0.000000,,,,,,,,GLOBAL_BASELINE_NO_ENTITY_RANKING,,,NOT_APPLICABLE_GLOBAL_BASELINE,HF9g-P5,,,,X 全窗基线 · 不参与实体赏罚,6871358,688,A168_HF9F_20260827_0900,2026-08-27 09:00:00
2026-06-25,152055631,2167,0,166.1716137341,-166.1716137341,-166.1716137341,0E-7,1,1,0.50665070000000000,0.506650700000,-1.013391052207602,-1.013391052207602,-1.013391052207602,0E-17,ELIGIBLE,R03b_20260811_FULL_v1,L1_ELIGIBILITY,v2026-08-11,2026-03-21..2026-08-06,baccarat_bet02_101_all_pairs_incl_sentinel,round_win = game_pnl > 0 (decisive only),COMPATIBILITY_ONLY_NOT_PRODUCTION,166.1716,166.1716,166.1716,1,1,-1.00000000,,-1.00000000,-1.00000000,-166.1716,166.1716,THIN_EXPOSURE,0.0000,4.9851,3.0000,97.0000,AG03-UNRESOLVED,ALL5_LEVELS_bet23_to_bet27,4.9851,4.9851,4.9851,0.0000,0.0000,3.000000,3.000000,3.000000,0.000000,0.000000,97.000000,97.000000,97.000000,100.000000,100.000000,5.0,14.9554,14.5113,151.2162,151.6603,PENDING_AG03,FALSE,NOT_FOR_ENFORCEMENT,161.1865,161.1865,166.1716,161.1865,4.9851,1.00000000,0.97000000,4.9851,161.1865,0.97000000,4.9851,4.9851,4.9851,0.0000,0.0000,161.1865,0.97000000,14.9554,14.5113,151.2162,151.6603,0.91000000,0.912673,0.03000000,166.1716,166.1716,166.1716,166.1716,166.1716,166.1716,1.0000,,166.1716,166.1716,166.1716,166.1716,166.1716,166.1716,166.1716,166.1716,-166.1716,1.0,1.0,1.0,1,1,1,1,0E-8,1.00000000,,0E-8,0.000000,1.000000,0.000000,,2026-06-25,2026-06-25,1,1,1,1,1.000000,,,0.000000,,,,,,,,GLOBAL_BASELINE_NO_ENTITY_RANKING,,,NOT_APPLICABLE_GLOBAL_BASELINE,HF9g-P5,,,,X 全窗基线 · 不参与实体赏罚,6871359,688,A168_HF9F_20260827_0900,2026-08-27 09:00:00
2026-06-26,152119987,1994,0,166.1716137341,-166.1716137341,-166.1716137341,0E-7,3,3,0.50218230000000000,0.502182300000,-1.7396270863184011,-1.7396270863184016,-1.7396270863184011,0E-17,ELIGIBLE,R03b_20260811_FULL_v1,L1_ELIGIBILITY,v2026-08-11,2026-03-21..2026-08-06,baccarat_bet02_101_all_pairs_incl_sentinel,round_win = game_pnl > 0 (decisive only),COMPATIBILITY_ONLY_NOT_PRODUCTION,166.1716,166.1716,166.1716,3,3,-1.00000000,,-1.00000000,-1.00000000,-166.1716,166.1716,THIN_EXPOSURE,0.0000,4.9851,3.0000,97.0000,AG03-UNRESOLVED,ALL5_LEVELS_bet23_to_bet27,4.9851,4.9851,4.9851,0.0000,0.0000,3.000000,3.000000,3.000000,0.000000,0.000000,97.000000,97.000000,97.000000,100.000000,100.000000,5.0,14.9554,14.5113,151.2162,151.6603,PENDING_AG03,FALSE,NOT_FOR_ENFORCEMENT,161.1865,161.1865,166.1716,161.1865,4.9851,1.00000000,0.97000000,4.9851,161.1865,0.97000000,4.9851,4.9851,4.9851,0.0000,0.0000,161.1865,0.97000000,14.9554,14.5113,151.2162,151.6603,0.91000000,0.912673,0.03000000,55.3905,55.3905,55.3905,166.1716,166.1716,166.1716,3.0000,,55.3905,46.7358,62.3144,62.3144,62.3144,62.3144,62.3144,62.3144,-62.3144,1.0,1.0,0.888889,1,1,1,2,0E-8,1.00000000,,0E-8,0.000000,1.000000,0.000000,,2026-06-26,2026-06-26,1,1,1,1,1.000000,,,0.000000,,,,,,,,GLOBAL_BASELINE_NO_ENTITY_RANKING,,,NOT_APPLICABLE_GLOBAL_BASELINE,HF9g-P5,,,,X 全窗基线 · 不参与实体赏罚,6871360,688,A168_HF9F_20260827_0900,2026-08-27 09:00:00
2026-04-12,148579675,2229,0,36.6463366752,-18.3231683376,-18.3231683376,0E-7,2,2,0.49324550000000000,0.493245500000,-0.9865810262130424,-0.9865810262130424,-0.9865810262130424,0E-17,ELIGIBLE,R03b_20260811_FULL_v1,L1_ELIGIBILITY,v2026-08-11,2026-03-21..2026-08-06,baccarat_bet02_101_all_pairs_incl_sentinel,round_win = game_pnl > 0 (decisive only),COMPATIBILITY_ONLY_NOT_PRODUCTION,1427.9941,1272.1586,167.9087,53,53,-0.11758359,,-0.11758359,-0.11758359,-167.9087,1427.9941,OK,0.0000,6.7163,4.0000,96.0000,AG03-UNRESOLVED,ALL5_LEVELS_bet23_to_bet27,6.7163,6.7163,6.7163,8.3954,8.3954,4.000000,4.000000,4.000000,5.000000,5.000000,96.000000,96.000000,96.000000,95.000000,95.000000,5.0,36.9399,33.8379,130.9688,134.0707,PENDING_AG03,FALSE,NOT_FOR_ENFORCEMENT,161.1923,1221.2722,167.9087,161.1923,6.7163,0.11758359,0.11288024,6.7163,161.1923,0.11288024,6.7163,6.7163,6.7163,8.3954,8.3954,161.1923,0.11288024,36.9399,33.8379,130.9688,134.0707,0.09171520,0.09388747,0.00470334,26.9433,24.0030,3.1681,41.9772,27.9848,356.9985,13.2500,,26.9433,18.162,23.3511,38.9186,49.2969,53.7076,54.486,23.3511,-7.8528,2.3,2.333333,1.153831,5,8,4,2,0E-8,0.11758359,,0E-8,0.000000,0.890871,0.000000,,2026-04-12,2026-05-17,4,6,6,36,0.111111,,,0.000000,,,,,,,,GLOBAL_BASELINE_NO_ENTITY_RANKING,,,NOT_APPLICABLE_GLOBAL_BASELINE,HF9g-P5,,,,X 全窗基线 · 不参与实体赏罚,6871361,688,A168_HF9F_20260827_0900,2026-08-27 09:00:00
2026-04-15,148579675,2202,0,15.7055728608,-15.7055728608,-15.7055728608,0E-7,2,2,0.49994810000000000,0.499948100000,-1.4140667746232096,-1.4140667746232096,-1.4140667746232096,0E-17,ELIGIBLE,R03b_20260811_FULL_v1,L1_ELIGIBILITY,v2026-08-11,2026-03-21..2026-08-06,baccarat_bet02_101_all_pairs_incl_sentinel,round_win = game_pnl > 0 (decisive only),COMPATIBILITY_ONLY_NOT_PRODUCTION,1427.9941,1272.1586,167.9087,53,53,-0.11758359,,-0.11758359,-0.11758359,-167.9087,1427.9941,OK,0.0000,6.7163,4.0000,96.0000,AG03-UNRESOLVED,ALL5_LEVELS_bet23_to_bet27,6.7163,6.7163,6.7163,8.3954,8.3954,4.000000,4.000000,4.000000,5.000000,5.000000,96.000000,96.000000,96.000000,95.000000,95.000000,5.0,36.9399,33.8379,130.9688,134.0707,PENDING_AG03,FALSE,NOT_FOR_ENFORCEMENT,161.1923,1221.2722,167.9087,161.1923,6.7163,0.11758359,0.11288024,6.7163,161.1923,0.11288024,6.7163,6.7163,6.7163,8.3954,8.3954,161.1923,0.11288024,36.9399,33.8379,130.9688,134.0707,0.09171520,0.09388747,0.00470334,26.9433,24.0030,3.1681,41.9772,27.9848,356.9985,13.2500,,26.9433,18.162,23.3511,38.9186,49.2969,53.7076,54.486,23.3511,-7.8528,2.3,2.333333,1.153831,5,8,4,2,0E-8,0.11758359,,0E-8,0.000000,0.890871,0.000000,,2026-04-12,2026-05-17,4,6,6,36,0.111111,,,0.000000,,,,,,,,GLOBAL_BASELINE_NO_ENTITY_RANKING,,,NOT_APPLICABLE_GLOBAL_BASELINE,HF9g-P5,,,,X 全窗基线 · 不参与实体赏罚,6871362,688,A168_HF9F_20260827_0900,2026-08-27 09:00:00
2026-05-10,148579675,1384,0,291.1109957973,-58.2481448810,-58.2481448810,0.4117647,18,18,0.49920336666666667,0.499203366667,-0.7210385835308804,-0.7210385835336283,-0.7210385835308804,-3.3333E-13,ELIGIBLE,R03b_20260811_FULL_v1,L1_ELIGIBILITY,v2026-08-11,2026-03-21..2026-08-06,baccarat_bet02_101_all_pairs_incl_sentinel,round_win = game_pnl > 0 (decisive only),COMPATIBILITY_ONLY_NOT_PRODUCTION,1427.9941,1272.1586,167.9087,53,53,-0.11758359,,-0.11758359,-0.11758359,-167.9087,1427.9941,OK,0.0000,6.7163,4.0000,96.0000,AG03-UNRESOLVED,ALL5_LEVELS_bet23_to_bet27,6.7163,6.7163,6.7163,8.3954,8.3954,4.000000,4.000000,4.000000,5.000000,5.000000,96.000000,96.000000,96.000000,95.000000,95.000000,5.0,36.9399,33.8379,130.9688,134.0707,PENDING_AG03,FALSE,NOT_FOR_ENFORCEMENT,161.1923,1221.2722,167.9087,161.1923,6.7163,0.11758359,0.11288024,6.7163,161.1923,0.11288024,6.7163,6.7163,6.7163,8.3954,8.3954,161.1923,0.11288024,36.9399,33.8379,130.9688,134.0707,0.09171520,0.09388747,0.00470334,26.9433,24.0030,3.1681,41.9772,27.9848,356.9985,13.2500,,26.9433,18.162,23.3511,38.9186,49.2969,53.7076,54.486,23.3511,-7.8528,2.3,2.333333,1.153831,5,8,4,2,0E-8,0.11758359,,0E-8,0.000000,0.890871,0.000000,,2026-04-12,2026-05-17,4,6,6,36,0.111111,,,0.000000,,,,,,,,GLOBAL_BASELINE_NO_ENTITY_RANKING,,,NOT_APPLICABLE_GLOBAL_BASELINE,HF9g-P5,,,,X 全窗基线 · 不参与实体赏罚,6871363,688,A168_HF9F_20260827_0900,2026-08-27 09:00:00
2026-05-17,148579675,1210,0,482.5904208398,-63.8264750143,-63.8264750143,0.4000000,11,11,0.49933877272727273,0.499338772727,-0.628274112958145,-0.6282741129564205,-0.628274112958145,2.7273E-13,ELIGIBLE,R03b_20260811_FULL_v1,L1_ELIGIBILITY,v2026-08-11,2026-03-21..2026-08-06,baccarat_bet02_101_all_pairs_incl_sentinel,round_win = game_pnl > 0 (decisive only),COMPATIBILITY_ONLY_NOT_PRODUCTION,1427.9941,1272.1586,167.9087,53,53,-0.11758359,,-0.11758359,-0.11758359,-167.9087,1427.9941,OK,0.0000,6.7163,4.0000,96.0000,AG03-UNRESOLVED,ALL5_LEVELS_bet23_to_bet27,6.7163,6.7163,6.7163,8.3954,8.3954,4.000000,4.000000,4.000000,5.000000,5.000000,96.000000,96.000000,96.000000,95.000000,95.000000,5.0,36.9399,33.8379,130.9688,134.0707,PENDING_AG03,FALSE,NOT_FOR_ENFORCEMENT,161.1923,1221.2722,167.9087,161.1923,6.7163,0.11758359,0.11288024,6.7163,161.1923,0.11288024,6.7163,6.7163,6.7163,8.3954,8.3954,161.1923,0.11288024,36.9399,33.8379,130.9688,134.0707,0.09171520,0.09388747,0.00470334,26.9433,24.0030,3.1681,41.9772,27.9848,356.9985,13.2500,,26.9433,18.162,23.3511,38.9186,49.2969,53.7076,54.486,23.3511,-7.8528,2.3,2.333333,1.153831,5,8,4,2,0E-8,0.11758359,,0E-8,0.000000,0.890871,0.000000,,2026-04-12,2026-05-17,4,6,6,36,0.111111,,,0.000000,,,,,,,,GLOBAL_BASELINE_NO_ENTITY_RANKING,,,NOT_APPLICABLE_GLOBAL_BASELINE,HF9g-P5,,,,X 全窗基线 · 不参与实体赏罚,6871364,688,A168_HF9F_20260827_0900,2026-08-27 09:00:00
2026-05-17,148579675,1942,0,116.7557469775,-34.3780810545,-34.3780810545,0.4000000,5,5,0.49592654000000000,0.495926540000,-0.42901076602576227,-0.42901076602576227,-0.42901076602576227,0E-17,ELIGIBLE,R03b_20260811_FULL_v1,L1_ELIGIBILITY,v2026-08-11,2026-03-21..2026-08-06,baccarat_bet02_101_all_pairs_incl_sentinel,round_win = game_pnl > 0 (decisive only),COMPATIBILITY_ONLY_NOT_PRODUCTION,1427.9941,1272.1586,167.9087,53,53,-0.11758359,,-0.11758359,-0.11758359,-167.9087,1427.9941,OK,0.0000,6.7163,4.0000,96.0000,AG03-UNRESOLVED,ALL5_LEVELS_bet23_to_bet27,6.7163,6.7163,6.7163,8.3954,8.3954,4.000000,4.000000,4.000000,5.000000,5.000000,96.000000,96.000000,96.000000,95.000000,95.000000,5.0,36.9399,33.8379,130.9688,134.0707,PENDING_AG03,FALSE,NOT_FOR_ENFORCEMENT,161.1923,1221.2722,167.9087,161.1923,6.7163,0.11758359,0.11288024,6.7163,161.1923,0.11288024,6.7163,6.7163,6.7163,8.3954,8.3954,161.1923,0.11288024,36.9399,33.8379,130.9688,134.0707,0.09171520,0.09388747,0.00470334,26.9433,24.0030,3.1681,41.9772,27.9848,356.9985,13.2500,,26.9433,18.162,23.3511,38.9186,49.2969,53.7076,54.486,23.3511,-7.8528,2.3,2.333333,1.153831,5,8,4,2,0E-8,0.11758359,,0E-8,0.000000,0.890871,0.000000,,2026-04-12,2026-05-17,4,6,6,36,0.111111,,,0.000000,,,,,,,,GLOBAL_BASELINE_NO_ENTITY_RANKING,,,NOT_APPLICABLE_GLOBAL_BASELINE,HF9g-P5,,,,X 全窗基线 · 不参与实体赏罚,6871365,688,A168_HF9F_20260827_0900,2026-08-27 09:00:00
2026-05-17,148579675,2145,0,300.9703699861,110.6585024130,110.6585024130,0.7142857,9,9,0.49622443333333333,0.496224433333,1.153904738015071,1.1539047380168408,1.153904738015071,3.3333E-13,ELIGIBLE,R03b_20260811_FULL_v1,L1_ELIGIBILITY,v2026-08-11,2026-03-21..2026-08-06,baccarat_bet02_101_all_pairs_incl_sentinel,round_win = game_pnl > 0 (decisive only),COMPATIBILITY_ONLY_NOT_PRODUCTION,1427.9941,1272.1586,167.9087,53,53,-0.11758359,,-0.11758359,-0.11758359,-167.9087,1427.9941,OK,0.0000,6.7163,4.0000,96.0000,AG03-UNRESOLVED,ALL5_LEVELS_bet23_to_bet27,6.7163,6.7163,6.7163,8.3954,8.3954,4.000000,4.000000,4.000000,5.000000,5.000000,96.000000,96.000000,96.000000,95.000000,95.000000,5.0,36.9399,33.8379,130.9688,134.0707,PENDING_AG03,FALSE,NOT_FOR_ENFORCEMENT,161.1923,1221.2722,167.9087,161.1923,6.7163,0.11758359,0.11288024,6.7163,161.1923,0.11288024,6.7163,6.7163,6.7163,8.3954,8.3954,161.1923,0.11288024,36.9399,33.8379,130.9688,134.0707,0.09171520,0.09388747,0.00470334,26.9433,24.0030,3.1681,41.9772,27.9848,356.9985,13.2500,,26.9433,18.162,23.3511,38.9186,49.2969,53.7076,54.486,23.3511,-7.8528,2.3,2.333333,1.153831,5,8,4,2,0E-8,0.11758359,,0E-8,0.000000,0.890871,0.000000,,2026-04-12,2026-05-17,4,6,6,36,0.111111,,,0.000000,,,,,,,,GLOBAL_BASELINE_NO_ENTITY_RANKING,,,NOT_APPLICABLE_GLOBAL_BASELINE,HF9g-P5,,,,X 全窗基线 · 不参与实体赏罚,6871366,688,A168_HF9F_20260827_0900,2026-08-27 09:00:00
2026-05-17,148579675,2252,0,160.8634736133,-64.7345752686,-64.7345752686,0.4000000,5,5,0.50396966000000000,0.503969660000,-0.4649811094771361,-0.4649811094771361,-0.4649811094771361,0E-17,ELIGIBLE,R03b_20260811_FULL_v1,L1_ELIGIBILITY,v2026-08-11,2026-03-21..2026-08-06,baccarat_bet02_101_all_pairs_incl_sentinel,round_win = game_pnl > 0 (decisive only),COMPATIBILITY_ONLY_NOT_PRODUCTION,1427.9941,1272.1586,167.9087,53,53,-0.11758359,,-0.11758359,-0.11758359,-167.9087,1427.9941,OK,0.0000,6.7163,4.0000,96.0000,AG03-UNRESOLVED,ALL5_LEVELS_bet23_to_bet27,6.7163,6.7163,6.7163,8.3954,8.3954,4.000000,4.000000,4.000000,5.000000,5.000000,96.000000,96.000000,96.000000,95.000000,95.000000,5.0,36.9399,33.8379,130.9688,134.0707,PENDING_AG03,FALSE,NOT_FOR_ENFORCEMENT,161.1923,1221.2722,167.9087,161.1923,6.7163,0.11758359,0.11288024,6.7163,161.1923,0.11288024,6.7163,6.7163,6.7163,8.3954,8.3954,161.1923,0.11288024,36.9399,33.8379,130.9688,134.0707,0.09171520,0.09388747,0.00470334,26.9433,24.0030,3.1681,41.9772,27.9848,356.9985,13.2500,,26.9433,18.162,23.3511,38.9186,49.2969,53.7076,54.486,23.3511,-7.8528,2.3,2.333333,1.153831,5,8,4,2,0E-8,0.11758359,,0E-8,0.000000,0.890871,0.000000,,2026-04-12,2026-05-17,4,6,6,36,0.111111,,,0.000000,,,,,,,,GLOBAL_BASELINE_NO_ENTITY_RANKING,,,NOT_APPLICABLE_GLOBAL_BASELINE,HF9g-P5,,,,X 全窗基线 · 不参与实体赏罚,6871367,688,A168_HF9F_20260827_0900,2026-08-27 09:00:00
2026-05-17,148579675,2271,0,23.3511493955,-23.3511493955,-23.3511493955,0E-7,1,1,0.50665070000000000,0.506650700000,-1.013391052207602,-1.013391052207602,-1.013391052207602,0E-17,ELIGIBLE,R03b_20260811_FULL_v1,L1_ELIGIBILITY,v2026-08-11,2026-03-21..2026-08-06,baccarat_bet02_101_all_pairs_incl_sentinel,round_win = game_pnl > 0 (decisive only),COMPATIBILITY_ONLY_NOT_PRODUCTION,1427.9941,1272.1586,167.9087,53,53,-0.11758359,,-0.11758359,-0.11758359,-167.9087,1427.9941,OK,0.0000,6.7163,4.0000,96.0000,AG03-UNRESOLVED,ALL5_LEVELS_bet23_to_bet27,6.7163,6.7163,6.7163,8.3954,8.3954,4.000000,4.000000,4.000000,5.000000,5.000000,96.000000,96.000000,96.000000,95.000000,95.000000,5.0,36.9399,33.8379,130.9688,134.0707,PENDING_AG03,FALSE,NOT_FOR_ENFORCEMENT,161.1923,1221.2722,167.9087,161.1923,6.7163,0.11758359,0.11288024,6.7163,161.1923,0.11288024,6.7163,6.7163,6.7163,8.3954,8.3954,161.1923,0.11288024,36.9399,33.8379,130.9688,134.0707,0.09171520,0.09388747,0.00470334,26.9433,24.0030,3.1681,41.9772,27.9848,356.9985,13.2500,,26.9433,18.162,23.3511,38.9186,49.2969,53.7076,54.486,23.3511,-7.8528,2.3,2.333333,1.153831,5,8,4,2,0E-8,0.11758359,,0E-8,0.000000,0.890871,0.000000,,2026-04-12,2026-05-17,4,6,6,36,0.111111,,,0.000000,,,,,,,,GLOBAL_BASELINE_NO_ENTITY_RANKING,,,NOT_APPLICABLE_GLOBAL_BASELINE,HF9g-P5,,,,X 全窗基线 · 不参与实体赏罚,6871368,688,A168_HF9F_20260827_0900,2026-08-27 09:00:00
2026-05-15,149703955,-1,1,22.4766306060,-1.1763470223,-1.1763470223,0.5000000,5,2,0.40452771413063228,0.330983037500,0.2750979801713244,0.5079533830121506,0.2750979801713244,0.07354467663063228,SENTINEL_DEALER,R03b_20260811_FULL_v1,L1_ELIGIBILITY,v2026-08-11,2026-03-21..2026-08-06,baccarat_bet02_101_all_pairs_incl_sentinel,round_win = game_pnl > 0 (decisive only),COMPATIBILITY_ONLY_NOT_PRODUCTION,2151.7302,2069.5069,167.9100,571,203,-0.07803488,,-0.07803488,-0.07803488,-167.9100,2151.7302,OK,0.0000,6.7164,4.0000,96.0000,AG03-UNRESOLVED,ALL5_LEVELS_bet23_to_bet27,6.7164,6.7164,6.7164,10.0746,10.0746,4.000000,4.000000,4.000000,6.000000,6.000000,96.000000,96.000000,96.000000,94.000000,94.000000,5.0,40.2984,36.6459,127.6116,131.2641,PENDING_AG03,FALSE,NOT_FOR_ENFORCEMENT,161.1936,1986.7267,167.9100,161.1936,6.7164,0.07803488,0.07491348,6.7164,161.1936,0.07491348,6.7164,6.7164,6.7164,10.0746,10.0746,161.1936,0.07491348,40.2984,36.6459,127.6116,131.2641,0.05930651,0.06100398,0.00312140,3.7684,10.1946,0.8271,27.9850,1.4992,358.6217,33.8333,,3.7684,2.0771,2.1006,4.2012,8.4025,10.5031,16.6172,2.1006,-2.0771,5.0,7.910599,1.793925,28,72,6,8,0E-8,0.07803488,,0E-8,0.000000,0.961787,0.000000,,2026-05-15,2026-06-24,6,112,100,41,0.146342,,,0.000000,,,,,,,,GLOBAL_BASELINE_NO_ENTITY_RANKING,,,NOT_APPLICABLE_GLOBAL_BASELINE,HF9g-P5,,,,X 全窗基线 · 不参与实体赏罚,6871369,688,A168_HF9F_20260827_0900,2026-08-27 09:00:00
2026-05-15,149703955,1307,0,19.9558869866,-19.9558869866,-19.9558869866,0E-7,4,1,0.29204614210526316,0.165369275000,-0.6422783166470835,-0.44512319653298565,-0.6422783166470835,0.12667686710526316,ELIGIBLE,R03b_20260811_FULL_v1,L1_ELIGIBILITY,v2026-08-11,2026-03-21..2026-08-06,baccarat_bet02_101_all_pairs_incl_sentinel,round_win = game_pnl > 0 (decisive only),COMPATIBILITY_ONLY_NOT_PRODUCTION,2151.7302,2069.5069,167.9100,571,203,-0.07803488,,-0.07803488,-0.07803488,-167.9100,2151.7302,OK,0.0000,6.7164,4.0000,96.0000,AG03-UNRESOLVED,ALL5_LEVELS_bet23_to_bet27,6.7164,6.7164,6.7164,10.0746,10.0746,4.000000,4.000000,4.000000,6.000000,6.000000,96.000000,96.000000,96.000000,94.000000,94.000000,5.0,40.2984,36.6459,127.6116,131.2641,PENDING_AG03,FALSE,NOT_FOR_ENFORCEMENT,161.1936,1986.7267,167.9100,161.1936,6.7164,0.07803488,0.07491348,6.7164,161.1936,0.07491348,6.7164,6.7164,6.7164,10.0746,10.0746,161.1936,0.07491348,40.2984,36.6459,127.6116,131.2641,0.05930651,0.06100398,0.00312140,3.7684,10.1946,0.8271,27.9850,1.4992,358.6217,33.8333,,3.7684,2.0771,2.1006,4.2012,8.4025,10.5031,16.6172,2.1006,-2.0771,5.0,7.910599,1.793925,28,72,6,8,0E-8,0.07803488,,0E-8,0.000000,0.961787,0.000000,,2026-05-15,2026-06-24,6,112,100,41,0.146342,,,0.000000,,,,,,,,GLOBAL_BASELINE_NO_ENTITY_RANKING,,,NOT_APPLICABLE_GLOBAL_BASELINE,HF9g-P5,,,,X 全窗基线 · 不参与实体赏罚,6871370,688,A168_HF9F_20260827_0900,2026-08-27 09:00:00
2026-05-15,149703955,1396,0,39.7017120050,3.9911773974,3.9911773974,1.0000000,8,2,0.30210782637214733,0.165369275000,2.149454091275083,3.1771284295858875,2.149454091275083,0.13673855137214733,ELIGIBLE,R03b_20260811_FULL_v1,L1_ELIGIBILITY,v2026-08-11,2026-03-21..2026-08-06,baccarat_bet02_101_all_pairs_incl_sentinel,round_win = game_pnl > 0 (decisive only),COMPATIBILITY_ONLY_NOT_PRODUCTION,2151.7302,2069.5069,167.9100,571,203,-0.07803488,,-0.07803488,-0.07803488,-167.9100,2151.7302,OK,0.0000,6.7164,4.0000,96.0000,AG03-UNRESOLVED,ALL5_LEVELS_bet23_to_bet27,6.7164,6.7164,6.7164,10.0746,10.0746,4.000000,4.000000,4.000000,6.000000,6.000000,96.000000,96.000000,96.000000,94.000000,94.000000,5.0,40.2984,36.6459,127.6116,131.2641,PENDING_AG03,FALSE,NOT_FOR_ENFORCEMENT,161.1936,1986.7267,167.9100,161.1936,6.7164,0.07803488,0.07491348,6.7164,161.1936,0.07491348,6.7164,6.7164,6.7164,10.0746,10.0746,161.1936,0.07491348,40.2984,36.6459,127.6116,131.2641,0.05930651,0.06100398,0.00312140,3.7684,10.1946,0.8271,27.9850,1.4992,358.6217,33.8333,,3.7684,2.0771,2.1006,4.2012,8.4025,10.5031,16.6172,2.1006,-2.0771,5.0,7.910599,1.793925,28,72,6,8,0E-8,0.07803488,,0E-8,0.000000,0.961787,0.000000,,2026-05-15,2026-06-24,6,112,100,41,0.146342,,,0.000000,,,,,,,,GLOBAL_BASELINE_NO_ENTITY_RANKING,,,NOT_APPLICABLE_GLOBAL_BASELINE,HF9g-P5,,,,X 全窗基线 · 不参与实体赏罚,6871371,688,A168_HF9F_20260827_0900,2026-08-27 09:00:00
2026-05-15,149703955,1507,0,12.6037180968,3.7811154291,3.7811154291,1.0000000,3,1,0.36266658333333333,0.218682466667,1.3256521318805898,1.8901958406748056,1.3256521318805898,0.14398411666633333,ELIGIBLE,R03b_20260811_FULL_v1,L1_ELIGIBILITY,v2026-08-11,2026-03-21..2026-08-06,baccarat_bet02_101_all_pairs_incl_sentinel,round_win = game_pnl > 0 (decisive only),COMPATIBILITY_ONLY_NOT_PRODUCTION,2151.7302,2069.5069,167.9100,571,203,-0.07803488,,-0.07803488,-0.07803488,-167.9100,2151.7302,OK,0.0000,6.7164,4.0000,96.0000,AG03-UNRESOLVED,ALL5_LEVELS_bet23_to_bet27,6.7164,6.7164,6.7164,10.0746,10.0746,4.000000,4.000000,4.000000,6.000000,6.000000,96.000000,96.000000,96.000000,94.000000,94.000000,5.0,40.2984,36.6459,127.6116,131.2641,PENDING_AG03,FALSE,NOT_FOR_ENFORCEMENT,161.1936,1986.7267,167.9100,161.1936,6.7164,0.07803488,0.07491348,6.7164,161.1936,0.07491348,6.7164,6.7164,6.7164,10.0746,10.0746,161.1936,0.07491348,40.2984,36.6459,127.6116,131.2641,0.05930651,0.06100398,0.00312140,3.7684,10.1946,0.8271,27.9850,1.4992,358.6217,33.8333,,3.7684,2.0771,2.1006,4.2012,8.4025,10.5031,16.6172,2.1006,-2.0771,5.0,7.910599,1.793925,28,72,6,8,0E-8,0.07803488,,0E-8,0.000000,0.961787,0.000000,,2026-05-15,2026-06-24,6,112,100,41,0.146342,,,0.000000,,,,,,,,GLOBAL_BASELINE_NO_ENTITY_RANKING,,,NOT_APPLICABLE_GLOBAL_BASELINE,HF9g-P5,,,,X 全窗基线 · 不参与实体赏罚,6871372,688,A168_HF9F_20260827_0900,2026-08-27 09:00:00
2026-05-15,149703955,2093,0,16.8049574624,4.2012393656,4.2012393656,1.0000000,4,1,0.33279810000000000,0.165369275000,1.4159183759162253,2.2465690572607473,1.4159183759162253,0.16742882500000000,ELIGIBLE,R03b_20260811_FULL_v1,L1_ELIGIBILITY,v2026-08-11,2026-03-21..2026-08-06,baccarat_bet02_101_all_pairs_incl_sentinel,round_win = game_pnl > 0 (decisive only),COMPATIBILITY_ONLY_NOT_PRODUCTION,2151.7302,2069.5069,167.9100,571,203,-0.07803488,,-0.07803488,-0.07803488,-167.9100,2151.7302,OK,0.0000,6.7164,4.0000,96.0000,AG03-UNRESOLVED,ALL5_LEVELS_bet23_to_bet27,6.7164,6.7164,6.7164,10.0746,10.0746,4.000000,4.000000,4.000000,6.000000,6.000000,96.000000,96.000000,96.000000,94.000000,94.000000,5.0,40.2984,36.6459,127.6116,131.2641,PENDING_AG03,FALSE,NOT_FOR_ENFORCEMENT,161.1936,1986.7267,167.9100,161.1936,6.7164,0.07803488,0.07491348,6.7164,161.1936,0.07491348,6.7164,6.7164,6.7164,10.0746,10.0746,161.1936,0.07491348,40.2984,36.6459,127.6116,131.2641,0.05930651,0.06100398,0.00312140,3.7684,10.1946,0.8271,27.9850,1.4992,358.6217,33.8333,,3.7684,2.0771,2.1006,4.2012,8.4025,10.5031,16.6172,2.1006,-2.0771,5.0,7.910599,1.793925,28,72,6,8,0E-8,0.07803488,,0E-8,0.000000,0.961787,0.000000,,2026-05-15,2026-06-24,6,112,100,41,0.146342,,,0.000000,,,,,,,,GLOBAL_BASELINE_NO_ENTITY_RANKING,,,NOT_APPLICABLE_GLOBAL_BASELINE,HF9g-P5,,,,X 全窗基线 · 不参与实体赏罚,6871373,688,A168_HF9F_20260827_0900,2026-08-27 09:00:00
2026-05-15,149703955,2107,0,30.0388614641,-30.0388614641,-30.0388614641,0E-7,7,2,0.18516247685149991,0.110723237500,-0.6741491303432199,-0.49901765815783417,-0.6741491303432199,0.07443923935149991,ELIGIBLE,R03b_20260811_FULL_v1,L1_ELIGIBILITY,v2026-08-11,2026-03-21..2026-08-06,baccarat_bet02_101_all_pairs_incl_sentinel,round_win = game_pnl > 0 (decisive only),COMPATIBILITY_ONLY_NOT_PRODUCTION,2151.7302,2069.5069,167.9100,571,203,-0.07803488,,-0.07803488,-0.07803488,-167.9100,2151.7302,OK,0.0000,6.7164,4.0000,96.0000,AG03-UNRESOLVED,ALL5_LEVELS_bet23_to_bet27,6.7164,6.7164,6.7164,10.0746,10.0746,4.000000,4.000000,4.000000,6.000000,6.000000,96.000000,96.000000,96.000000,94.000000,94.000000,5.0,40.2984,36.6459,127.6116,131.2641,PENDING_AG03,FALSE,NOT_FOR_ENFORCEMENT,161.1936,1986.7267,167.9100,161.1936,6.7164,0.07803488,0.07491348,6.7164,161.1936,0.07491348,6.7164,6.7164,6.7164,10.0746,10.0746,161.1936,0.07491348,40.2984,36.6459,127.6116,131.2641,0.05930651,0.06100398,0.00312140,3.7684,10.1946,0.8271,27.9850,1.4992,358.6217,33.8333,,3.7684,2.0771,2.1006,4.2012,8.4025,10.5031,16.6172,2.1006,-2.0771,5.0,7.910599,1.793925,28,72,6,8,0E-8,0.07803488,,0E-8,0.000000,0.961787,0.000000,,2026-05-15,2026-06-24,6,112,100,41,0.146342,,,0.000000,,,,,,,,GLOBAL_BASELINE_NO_ENTITY_RANKING,,,NOT_APPLICABLE_GLOBAL_BASELINE,HF9g-P5,,,,X 全窗基线 · 不参与实体赏罚,6871374,688,A168_HF9F_20260827_0900,2026-08-27 09:00:00
2026-05-15,149703955,2169,0,69.1103875642,6.3858838358,6.3858838358,1.0000000,14,3,0.31088133300187638,0.157721105000,2.578756358376963,4.002613733520349,2.578756358376963,0.15316022800187638,ELIGIBLE,R03b_20260811_FULL_v1,L1_ELIGIBILITY,v2026-08-11,2026-03-21..2026-08-06,baccarat_bet02_101_all_pairs_incl_sentinel,round_win = game_pnl > 0 (decisive only),COMPATIBILITY_ONLY_NOT_PRODUCTION,2151.7302,2069.5069,167.9100,571,203,-0.07803488,,-0.07803488,-0.07803488,-167.9100,2151.7302,OK,0.0000,6.7164,4.0000,96.0000,AG03-UNRESOLVED,ALL5_LEVELS_bet23_to_bet27,6.7164,6.7164,6.7164,10.0746,10.0746,4.000000,4.000000,4.000000,6.000000,6.000000,96.000000,96.000000,96.000000,94.000000,94.000000,5.0,40.2984,36.6459,127.6116,131.2641,PENDING_AG03,FALSE,NOT_FOR_ENFORCEMENT,161.1936,1986.7267,167.9100,161.1936,6.7164,0.07803488,0.07491348,6.7164,161.1936,0.07491348,6.7164,6.7164,6.7164,10.0746,10.0746,161.1936,0.07491348,40.2984,36.6459,127.6116,131.2641,0.05930651,0.06100398,0.00312140,3.7684,10.1946,0.8271,27.9850,1.4992,358.6217,33.8333,,3.7684,2.0771,2.1006,4.2012,8.4025,10.5031,16.6172,2.1006,-2.0771,5.0,7.910599,1.793925,28,72,6,8,0E-8,0.07803488,,0E-8,0.000000,0.961787,0.000000,,2026-05-15,2026-06-24,6,112,100,41,0.146342,,,0.000000,,,,,,,,GLOBAL_BASELINE_NO_ENTITY_RANKING,,,NOT_APPLICABLE_GLOBAL_BASELINE,HF9g-P5,,,,X 全窗基线 · 不参与实体赏罚,6871375,688,A168_HF9F_20260827_0900,2026-08-27 09:00:00
2026-05-15,149703955,2212,0,12.6037180968,-12.6037180968,-12.6037180968,0E-7,4,1,0.06870518333333333,0.065708600000,-0.2716133790702785,-0.2651978088314466,-0.2716133790702785,0.00299658333333333,ELIGIBLE,R03b_20260811_FULL_v1,L1_ELIGIBILITY,v2026-08-11,2026-03-21..2026-08-06,baccarat_bet02_101_all_pairs_incl_sentinel,round_win = game_pnl > 0 (decisive only),COMPATIBILITY_ONLY_NOT_PRODUCTION,2151.7302,2069.5069,167.9100,571,203,-0.07803488,,-0.07803488,-0.07803488,-167.9100,2151.7302,OK,0.0000,6.7164,4.0000,96.0000,AG03-UNRESOLVED,ALL5_LEVELS_bet23_to_bet27,6.7164,6.7164,6.7164,10.0746,10.0746,4.000000,4.000000,4.000000,6.000000,6.000000,96.000000,96.000000,96.000000,94.000000,94.000000,5.0,40.2984,36.6459,127.6116,131.2641,PENDING_AG03,FALSE,NOT_FOR_ENFORCEMENT,161.1936,1986.7267,167.9100,161.1936,6.7164,0.07803488,0.07491348,6.7164,161.1936,0.07491348,6.7164,6.7164,6.7164,10.0746,10.0746,161.1936,0.07491348,40.2984,36.6459,127.6116,131.2641,0.05930651,0.06100398,0.00312140,3.7684,10.1946,0.8271,27.9850,1.4992,358.6217,33.8333,,3.7684,2.0771,2.1006,4.2012,8.4025,10.5031,16.6172,2.1006,-2.0771,5.0,7.910599,1.793925,28,72,6,8,0E-8,0.07803488,,0E-8,0.000000,0.961787,0.000000,,2026-05-15,2026-06-24,6,112,100,41,0.146342,,,0.000000,,,,,,,,GLOBAL_BASELINE_NO_ENTITY_RANKING,,,NOT_APPLICABLE_GLOBAL_BASELINE,HF9g-P5,,,,X 全窗基线 · 不参与实体赏罚,6871376,688,A168_HF9F_20260827_0900,2026-08-27 09:00:00
2026-05-15,149703955,2224,0,46.6337569582,-8.5285159121,-8.5285159121,0.6666667,11,3,0.32701366425918597,0.182767972222,1.2540360230344632,2.1686643573058557,1.2540360230344632,0.14424569203718597,ELIGIBLE,R03b_20260811_FULL_v1,L1_ELIGIBILITY,v2026-08-11,2026-03-21..2026-08-06,baccarat_bet02_101_all_pairs_incl_sentinel,round_win = game_pnl > 0 (decisive only),COMPATIBILITY_ONLY_NOT_PRODUCTION,2151.7302,2069.5069,167.9100,571,203,-0.07803488,,-0.07803488,-0.07803488,-167.9100,2151.7302,OK,0.0000,6.7164,4.0000,96.0000,AG03-UNRESOLVED,ALL5_LEVELS_bet23_to_bet27,6.7164,6.7164,6.7164,10.0746,10.0746,4.000000,4.000000,4.000000,6.000000,6.000000,96.000000,96.000000,96.000000,94.000000,94.000000,5.0,40.2984,36.6459,127.6116,131.2641,PENDING_AG03,FALSE,NOT_FOR_ENFORCEMENT,161.1936,1986.7267,167.9100,161.1936,6.7164,0.07803488,0.07491348,6.7164,161.1936,0.07491348,6.7164,6.7164,6.7164,10.0746,10.0746,161.1936,0.07491348,40.2984,36.6459,127.6116,131.2641,0.05930651,0.06100398,0.00312140,3.7684,10.1946,0.8271,27.9850,1.4992,358.6217,33.8333,,3.7684,2.0771,2.1006,4.2012,8.4025,10.5031,16.6172,2.1006,-2.0771,5.0,7.910599,1.793925,28,72,6,8,0E-8,0.07803488,,0E-8,0.000000,0.961787,0.000000,,2026-05-15,2026-06-24,6,112,100,41,0.146342,,,0.000000,,,,,,,,GLOBAL_BASELINE_NO_ENTITY_RANKING,,,NOT_APPLICABLE_GLOBAL_BASELINE,HF9g-P5,,,,X 全窗基线 · 不参与实体赏罚,6871377,688,A168_HF9F_20260827_0900,2026-08-27 09:00:00
2026-05-15,149703955,2244,0,9.4527885726,-9.4527885726,-9.4527885726,0E-7,3,1,0.06849130000000000,0.056077200000,-0.2711591394708969,-0.24373894227303536,-0.2711591394708969,0.01241410000000000,ELIGIBLE,R03b_20260811_FULL_v1,L1_ELIGIBILITY,v2026-08-11,2026-03-21..2026-08-06,baccarat_bet02_101_all_pairs_incl_sentinel,round_win = game_pnl > 0 (decisive only),COMPATIBILITY_ONLY_NOT_PRODUCTION,2151.7302,2069.5069,167.9100,571,203,-0.07803488,,-0.07803488,-0.07803488,-167.9100,2151.7302,OK,0.0000,6.7164,4.0000,96.0000,AG03-UNRESOLVED,ALL5_LEVELS_bet23_to_bet27,6.7164,6.7164,6.7164,10.0746,10.0746,4.000000,4.000000,4.000000,6.000000,6.000000,96.000000,96.000000,96.000000,94.000000,94.000000,5.0,40.2984,36.6459,127.6116,131.2641,PENDING_AG03,FALSE,NOT_FOR_ENFORCEMENT,161.1936,1986.7267,167.9100,161.1936,6.7164,0.07803488,0.07491348,6.7164,161.1936,0.07491348,6.7164,6.7164,6.7164,10.0746,10.0746,161.1936,0.07491348,40.2984,36.6459,127.6116,131.2641,0.05930651,0.06100398,0.00312140,3.7684,10.1946,0.8271,27.9850,1.4992,358.6217,33.8333,,3.7684,2.0771,2.1006,4.2012,8.4025,10.5031,16.6172,2.1006,-2.0771,5.0,7.910599,1.793925,28,72,6,8,0E-8,0.07803488,,0E-8,0.000000,0.961787,0.000000,,2026-05-15,2026-06-24,6,112,100,41,0.146342,,,0.000000,,,,,,,,GLOBAL_BASELINE_NO_ENTITY_RANKING,,,NOT_APPLICABLE_GLOBAL_BASELINE,HF9g-P5,,,,X 全窗基线 · 不参与实体赏罚,6871378,688,A168_HF9F_20260827_0900,2026-08-27 09:00:00
2026-05-15,149703955,462,0,49.3645625458,0.4201239367,0.4201239367,0.5000000,13,4,0.12940159000000000,0.084238043750,2.2082833918366527,2.9938449716302697,2.2082833918366527,0.04516354625000000,ELIGIBLE,R03b_20260811_FULL_v1,L1_ELIGIBILITY,v2026-08-11,2026-03-21..2026-08-06,baccarat_bet02_101_all_pairs_incl_sentinel,round_win = game_pnl > 0 (decisive only),COMPATIBILITY_ONLY_NOT_PRODUCTION,2151.7302,2069.5069,167.9100,571,203,-0.07803488,,-0.07803488,-0.07803488,-167.9100,2151.7302,OK,0.0000,6.7164,4.0000,96.0000,AG03-UNRESOLVED,ALL5_LEVELS_bet23_to_bet27,6.7164,6.7164,6.7164,10.0746,10.0746,4.000000,4.000000,4.000000,6.000000,6.000000,96.000000,96.000000,96.000000,94.000000,94.000000,5.0,40.2984,36.6459,127.6116,131.2641,PENDING_AG03,FALSE,NOT_FOR_ENFORCEMENT,161.1936,1986.7267,167.9100,161.1936,6.7164,0.07803488,0.07491348,6.7164,161.1936,0.07491348,6.7164,6.7164,6.7164,10.0746,10.0746,161.1936,0.07491348,40.2984,36.6459,127.6116,131.2641,0.05930651,0.06100398,0.00312140,3.7684,10.1946,0.8271,27.9850,1.4992,358.6217,33.8333,,3.7684,2.0771,2.1006,4.2012,8.4025,10.5031,16.6172,2.1006,-2.0771,5.0,7.910599,1.793925,28,72,6,8,0E-8,0.07803488,,0E-8,0.000000,0.961787,0.000000,,2026-05-15,2026-06-24,6,112,100,41,0.146342,,,0.000000,,,,,,,,GLOBAL_BASELINE_NO_ENTITY_RANKING,,,NOT_APPLICABLE_GLOBAL_BASELINE,HF9g-P5,,,,X 全窗基线 · 不参与实体赏罚,6871379,688,A168_HF9F_20260827_0900,2026-08-27 09:00:00
2026-05-17,149703955,-1,1,103.7706123303,-11.7109547314,-11.7109547314,0.6000000,23,10,0.40620298297794433,0.311235569167,1.247833176123843,1.9722580142213524,1.247833176123843,0.09496741381094433,SENTINEL_DEALER,R03b_20260811_FULL_v1,L1_ELIGIBILITY,v2026-08-11,2026-03-21..2026-08-06,baccarat_bet02_101_all_pairs_incl_sentinel,round_win = game_pnl > 0 (decisive only),COMPATIBILITY_ONLY_NOT_PRODUCTION,2151.7302,2069.5069,167.9100,571,203,-0.07803488,,-0.07803488,-0.07803488,-167.9100,2151.7302,OK,0.0000,6.7164,4.0000,96.0000,AG03-UNRESOLVED,ALL5_LEVELS_bet23_to_bet27,6.7164,6.7164,6.7164,10.0746,10.0746,4.000000,4.000000,4.000000,6.000000,6.000000,96.000000,96.000000,96.000000,94.000000,94.000000,5.0,40.2984,36.6459,127.6116,131.2641,PENDING_AG03,FALSE,NOT_FOR_ENFORCEMENT,161.1936,1986.7267,167.9100,161.1936,6.7164,0.07803488,0.07491348,6.7164,161.1936,0.07491348,6.7164,6.7164,6.7164,10.0746,10.0746,161.1936,0.07491348,40.2984,36.6459,127.6116,131.2641,0.05930651,0.06100398,0.00312140,3.7684,10.1946,0.8271,27.9850,1.4992,358.6217,33.8333,,3.7684,2.0771,2.1006,4.2012,8.4025,10.5031,16.6172,2.1006,-2.0771,5.0,7.910599,1.793925,28,72,6,8,0E-8,0.07803488,,0E-8,0.000000,0.961787,0.000000,,2026-05-15,2026-06-24,6,112,100,41,0.146342,,,0.000000,,,,,,,,GLOBAL_BASELINE_NO_ENTITY_RANKING,,,NOT_APPLICABLE_GLOBAL_BASELINE,HF9g-P5,,,,X 全窗基线 · 不参与实体赏罚,6871380,688,A168_HF9F_20260827_0900,2026-08-27 09:00:00
2026-05-17,149703955,1017,0,12.6037180968,4.2012393656,4.2012393656,1.0000000,3,1,0.35372978333333333,0.214214066667,1.3516718116884396,1.915261735237109,1.3516718116884396,0.13951571666633333,ELIGIBLE,R03b_20260811_FULL_v1,L1_ELIGIBILITY,v2026-08-11,2026-03-21..2026-08-06,baccarat_bet02_101_all_pairs_incl_sentinel,round_win = game_pnl > 0 (decisive only),COMPATIBILITY_ONLY_NOT_PRODUCTION,2151.7302,2069.5069,167.9100,571,203,-0.07803488,,-0.07803488,-0.07803488,-167.9100,2151.7302,OK,0.0000,6.7164,4.0000,96.0000,AG03-UNRESOLVED,ALL5_LEVELS_bet23_to_bet27,6.7164,6.7164,6.7164,10.0746,10.0746,4.000000,4.000000,4.000000,6.000000,6.000000,96.000000,96.000000,96.000000,94.000000,94.000000,5.0,40.2984,36.6459,127.6116,131.2641,PENDING_AG03,FALSE,NOT_FOR_ENFORCEMENT,161.1936,1986.7267,167.9100,161.1936,6.7164,0.07803488,0.07491348,6.7164,161.1936,0.07491348,6.7164,6.7164,6.7164,10.0746,10.0746,161.1936,0.07491348,40.2984,36.6459,127.6116,131.2641,0.05930651,0.06100398,0.00312140,3.7684,10.1946,0.8271,27.9850,1.4992,358.6217,33.8333,,3.7684,2.0771,2.1006,4.2012,8.4025,10.5031,16.6172,2.1006,-2.0771,5.0,7.910599,1.793925,28,72,6,8,0E-8,0.07803488,,0E-8,0.000000,0.961787,0.000000,,2026-05-15,2026-06-24,6,112,100,41,0.146342,,,0.000000,,,,,,,,GLOBAL_BASELINE_NO_ENTITY_RANKING,,,NOT_APPLICABLE_GLOBAL_BASELINE,HF9g-P5,,,,X 全窗基线 · 不参与实体赏罚,6871381,688,A168_HF9F_20260827_0900,2026-08-27 09:00:00
2026-05-17,149703955,1307,0,67.6399537862,-28.1483037495,-28.1483037495,0.4285714,17,7,0.35801572901601995,0.268351780952,0.38937483029701025,0.9566683174226356,0.38937483029701025,0.08966394806401995,ELIGIBLE,R03b_20260811_FULL_v1,L1_ELIGIBILITY,v2026-08-11,2026-03-21..2026-08-06,baccarat_bet02_101_all_pairs_incl_sentinel,round_win = game_pnl > 0 (decisive only),COMPATIBILITY_ONLY_NOT_PRODUCTION,2151.7302,2069.5069,167.9100,571,203,-0.07803488,,-0.07803488,-0.07803488,-167.9100,2151.7302,OK,0.0000,6.7164,4.0000,96.0000,AG03-UNRESOLVED,ALL5_LEVELS_bet23_to_bet27,6.7164,6.7164,6.7164,10.0746,10.0746,4.000000,4.000000,4.000000,6.000000,6.000000,96.000000,96.000000,96.000000,94.000000,94.000000,5.0,40.2984,36.6459,127.6116,131.2641,PENDING_AG03,FALSE,NOT_FOR_ENFORCEMENT,161.1936,1986.7267,167.9100,161.1936,6.7164,0.07803488,0.07491348,6.7164,161.1936,0.07491348,6.7164,6.7164,6.7164,10.0746,10.0746,161.1936,0.07491348,40.2984,36.6459,127.6116,131.2641,0.05930651,0.06100398,0.00312140,3.7684,10.1946,0.8271,27.9850,1.4992,358.6217,33.8333,,3.7684,2.0771,2.1006,4.2012,8.4025,10.5031,16.6172,2.1006,-2.0771,5.0,7.910599,1.793925,28,72,6,8,0E-8,0.07803488,,0E-8,0.000000,0.961787,0.000000,,2026-05-15,2026-06-24,6,112,100,41,0.146342,,,0.000000,,,,,,,,GLOBAL_BASELINE_NO_ENTITY_RANKING,,,NOT_APPLICABLE_GLOBAL_BASELINE,HF9g-P5,,,,X 全窗基线 · 不参与实体赏罚,6871382,688,A168_HF9F_20260827_0900,2026-08-27 09:00:00
2026-05-17,149703955,1318,0,23.9470643840,12.0260476841,12.0260476841,1.0000000,5,2,0.41850266893265134,0.237361333334,1.6670159098786752,2.5349501408779775,1.6670159098786752,0.18114133559865134,ELIGIBLE,R03b_20260811_FULL_v1,L1_ELIGIBILITY,v2026-08-11,2026-03-21..2026-08-06,baccarat_bet02_101_all_pairs_incl_sentinel,round_win = game_pnl > 0 (decisive only),COMPATIBILITY_ONLY_NOT_PRODUCTION,2151.7302,2069.5069,167.9100,571,203,-0.07803488,,-0.07803488,-0.07803488,-167.9100,2151.7302,OK,0.0000,6.7164,4.0000,96.0000,AG03-UNRESOLVED,ALL5_LEVELS_bet23_to_bet27,6.7164,6.7164,6.7164,10.0746,10.0746,4.000000,4.000000,4.000000,6.000000,6.000000,96.000000,96.000000,96.000000,94.000000,94.000000,5.0,40.2984,36.6459,127.6116,131.2641,PENDING_AG03,FALSE,NOT_FOR_ENFORCEMENT,161.1936,1986.7267,167.9100,161.1936,6.7164,0.07803488,0.07491348,6.7164,161.1936,0.07491348,6.7164,6.7164,6.7164,10.0746,10.0746,161.1936,0.07491348,40.2984,36.6459,127.6116,131.2641,0.05930651,0.06100398,0.00312140,3.7684,10.1946,0.8271,27.9850,1.4992,358.6217,33.8333,,3.7684,2.0771,2.1006,4.2012,8.4025,10.5031,16.6172,2.1006,-2.0771,5.0,7.910599,1.793925,28,72,6,8,0E-8,0.07803488,,0E-8,0.000000,0.961787,0.000000,,2026-05-15,2026-06-24,6,112,100,41,0.146342,,,0.000000,,,,,,,,GLOBAL_BASELINE_NO_ENTITY_RANKING,,,NOT_APPLICABLE_GLOBAL_BASELINE,HF9g-P5,,,,X 全窗基线 · 不参与实体赏罚,6871383,688,A168_HF9F_20260827_0900,2026-08-27 09:00:00
2026-05-17,149703955,1396,0,16.1747715576,-3.0669047369,-3.0669047369,0.5000000,6,2,0.23224686666640572,0.178188550000,0.8967343976912031,1.189297481430124,0.8967343976912031,0.05405831666640572,ELIGIBLE,R03b_20260811_FULL_v1,L1_ELIGIBILITY,v2026-08-11,2026-03-21..2026-08-06,baccarat_bet02_101_all_pairs_incl_sentinel,round_win = game_pnl > 0 (decisive only),COMPATIBILITY_ONLY_NOT_PRODUCTION,2151.7302,2069.5069,167.9100,571,203,-0.07803488,,-0.07803488,-0.07803488,-167.9100,2151.7302,OK,0.0000,6.7164,4.0000,96.0000,AG03-UNRESOLVED,ALL5_LEVELS_bet23_to_bet27,6.7164,6.7164,6.7164,10.0746,10.0746,4.000000,4.000000,4.000000,6.000000,6.000000,96.000000,96.000000,96.000000,94.000000,94.000000,5.0,40.2984,36.6459,127.6116,131.2641,PENDING_AG03,FALSE,NOT_FOR_ENFORCEMENT,161.1936,1986.7267,167.9100,161.1936,6.7164,0.07803488,0.07491348,6.7164,161.1936,0.07491348,6.7164,6.7164,6.7164,10.0746,10.0746,161.1936,0.07491348,40.2984,36.6459,127.6116,131.2641,0.05930651,0.06100398,0.00312140,3.7684,10.1946,0.8271,27.9850,1.4992,358.6217,33.8333,,3.7684,2.0771,2.1006,4.2012,8.4025,10.5031,16.6172,2.1006,-2.0771,5.0,7.910599,1.793925,28,72,6,8,0E-8,0.07803488,,0E-8,0.000000,0.961787,0.000000,,2026-05-15,2026-06-24,6,112,100,41,0.146342,,,0.000000,,,,,,,,GLOBAL_BASELINE_NO_ENTITY_RANKING,,,NOT_APPLICABLE_GLOBAL_BASELINE,HF9g-P5,,,,X 全窗基线 · 不参与实体赏罚,6871384,688,A168_HF9F_20260827_0900,2026-08-27 09:00:00
2026-05-17,149703955,1400,0,21.0061968280,4.2012393657,4.2012393657,0.5000000,5,2,0.37563614166666667,0.251324183334,0.36316720347956183,0.8107454278807762,0.36316720347956183,0.12431195833266667,ELIGIBLE,R03b_20260811_FULL_v1,L1_ELIGIBILITY,v2026-08-11,2026-03-21..2026-08-06,baccarat_bet02_101_all_pairs_incl_sentinel,round_win = game_pnl > 0 (decisive only),COMPATIBILITY_ONLY_NOT_PRODUCTION,2151.7302,2069.5069,167.9100,571,203,-0.07803488,,-0.07803488,-0.07803488,-167.9100,2151.7302,OK,0.0000,6.7164,4.0000,96.0000,AG03-UNRESOLVED,ALL5_LEVELS_bet23_to_bet27,6.7164,6.7164,6.7164,10.0746,10.0746,4.000000,4.000000,4.000000,6.000000,6.000000,96.000000,96.000000,96.000000,94.000000,94.000000,5.0,40.2984,36.6459,127.6116,131.2641,PENDING_AG03,FALSE,NOT_FOR_ENFORCEMENT,161.1936,1986.7267,167.9100,161.1936,6.7164,0.07803488,0.07491348,6.7164,161.1936,0.07491348,6.7164,6.7164,6.7164,10.0746,10.0746,161.1936,0.07491348,40.2984,36.6459,127.6116,131.2641,0.05930651,0.06100398,0.00312140,3.7684,10.1946,0.8271,27.9850,1.4992,358.6217,33.8333,,3.7684,2.0771,2.1006,4.2012,8.4025,10.5031,16.6172,2.1006,-2.0771,5.0,7.910599,1.793925,28,72,6,8,0E-8,0.07803488,,0E-8,0.000000,0.961787,0.000000,,2026-05-15,2026-06-24,6,112,100,41,0.146342,,,0.000000,,,,,,,,GLOBAL_BASELINE_NO_ENTITY_RANKING,,,NOT_APPLICABLE_GLOBAL_BASELINE,HF9g-P5,,,,X 全窗基线 · 不参与实体赏罚,6871385,688,A168_HF9F_20260827_0900,2026-08-27 09:00:00
2026-05-17,149703955,1490,0,23.1068165108,18.9055771453,18.9055771453,1.0000000,5,2,0.38163413166666667,0.249096008334,1.8001726047404472,2.455408869137746,1.8001726047404472,0.13253812333266667,ELIGIBLE,R03b_20260811_FULL_v1,L1_ELIGIBILITY,v2026-08-11,2026-03-21..2026-08-06,baccarat_bet02_101_all_pairs_incl_sentinel,round_win = game_pnl > 0 (decisive only),COMPATIBILITY_ONLY_NOT_PRODUCTION,2151.7302,2069.5069,167.9100,571,203,-0.07803488,,-0.07803488,-0.07803488,-167.9100,2151.7302,OK,0.0000,6.7164,4.0000,96.0000,AG03-UNRESOLVED,ALL5_LEVELS_bet23_to_bet27,6.7164,6.7164,6.7164,10.0746,10.0746,4.000000,4.000000,4.000000,6.000000,6.000000,96.000000,96.000000,96.000000,94.000000,94.000000,5.0,40.2984,36.6459,127.6116,131.2641,PENDING_AG03,FALSE,NOT_FOR_ENFORCEMENT,161.1936,1986.7267,167.9100,161.1936,6.7164,0.07803488,0.07491348,6.7164,161.1936,0.07491348,6.7164,6.7164,6.7164,10.0746,10.0746,161.1936,0.07491348,40.2984,36.6459,127.6116,131.2641,0.05930651,0.06100398,0.00312140,3.7684,10.1946,0.8271,27.9850,1.4992,358.6217,33.8333,,3.7684,2.0771,2.1006,4.2012,8.4025,10.5031,16.6172,2.1006,-2.0771,5.0,7.910599,1.793925,28,72,6,8,0E-8,0.07803488,,0E-8,0.000000,0.961787,0.000000,,2026-05-15,2026-06-24,6,112,100,41,0.146342,,,0.000000,,,,,,,,GLOBAL_BASELINE_NO_ENTITY_RANKING,,,NOT_APPLICABLE_GLOBAL_BASELINE,HF9g-P5,,,,X 全窗基线 · 不参与实体赏罚,6871386,688,A168_HF9F_20260827_0900,2026-08-27 09:00:00
2026-05-17,149703955,2106,0,6.3018590484,-6.3018590484,-6.3018590484,0E-7,2,1,0.35373380000000000,0.283977950000,-0.7398310570181618,-0.629765857060584,-0.7398310570181618,0.06975585000000000,ELIGIBLE,R03b_20260811_FULL_v1,L1_ELIGIBILITY,v2026-08-11,2026-03-21..2026-08-06,baccarat_bet02_101_all_pairs_incl_sentinel,round_win = game_pnl > 0 (decisive only),COMPATIBILITY_ONLY_NOT_PRODUCTION,2151.7302,2069.5069,167.9100,571,203,-0.07803488,,-0.07803488,-0.07803488,-167.9100,2151.7302,OK,0.0000,6.7164,4.0000,96.0000,AG03-UNRESOLVED,ALL5_LEVELS_bet23_to_bet27,6.7164,6.7164,6.7164,10.0746,10.0746,4.000000,4.000000,4.000000,6.000000,6.000000,96.000000,96.000000,96.000000,94.000000,94.000000,5.0,40.2984,36.6459,127.6116,131.2641,PENDING_AG03,FALSE,NOT_FOR_ENFORCEMENT,161.1936,1986.7267,167.9100,161.1936,6.7164,0.07803488,0.07491348,6.7164,161.1936,0.07491348,6.7164,6.7164,6.7164,10.0746,10.0746,161.1936,0.07491348,40.2984,36.6459,127.6116,131.2641,0.05930651,0.06100398,0.00312140,3.7684,10.1946,0.8271,27.9850,1.4992,358.6217,33.8333,,3.7684,2.0771,2.1006,4.2012,8.4025,10.5031,16.6172,2.1006,-2.0771,5.0,7.910599,1.793925,28,72,6,8,0E-8,0.07803488,,0E-8,0.000000,0.961787,0.000000,,2026-05-15,2026-06-24,6,112,100,41,0.146342,,,0.000000,,,,,,,,GLOBAL_BASELINE_NO_ENTITY_RANKING,,,NOT_APPLICABLE_GLOBAL_BASELINE,HF9g-P5,,,,X 全窗基线 · 不参与实体赏罚,6871387,688,A168_HF9F_20260827_0900,2026-08-27 09:00:00
2026-05-17,149703955,2160,0,14.7043377796,10.5030984141,10.5030984141,1.0000000,4,1,0.32437175714285714,0.187662550000,1.4432194767614999,2.080556102057424,1.4432194767614999,0.13670920714285714,ELIGIBLE,R03b_20260811_FULL_v1,L1_ELIGIBILITY,v2026-08-11,2026-03-21..2026-08-06,baccarat_bet02_101_all_pairs_incl_sentinel,round_win = game_pnl > 0 (decisive only),COMPATIBILITY_ONLY_NOT_PRODUCTION,2151.7302,2069.5069,167.9100,571,203,-0.07803488,,-0.07803488,-0.07803488,-167.9100,2151.7302,OK,0.0000,6.7164,4.0000,96.0000,AG03-UNRESOLVED,ALL5_LEVELS_bet23_to_bet27,6.7164,6.7164,6.7164,10.0746,10.0746,4.000000,4.000000,4.000000,6.000000,6.000000,96.000000,96.000000,96.000000,94.000000,94.000000,5.0,40.2984,36.6459,127.6116,131.2641,PENDING_AG03,FALSE,NOT_FOR_ENFORCEMENT,161.1936,1986.7267,167.9100,161.1936,6.7164,0.07803488,0.07491348,6.7164,161.1936,0.07491348,6.7164,6.7164,6.7164,10.0746,10.0746,161.1936,0.07491348,40.2984,36.6459,127.6116,131.2641,0.05930651,0.06100398,0.00312140,3.7684,10.1946,0.8271,27.9850,1.4992,358.6217,33.8333,,3.7684,2.0771,2.1006,4.2012,8.4025,10.5031,16.6172,2.1006,-2.0771,5.0,7.910599,1.793925,28,72,6,8,0E-8,0.07803488,,0E-8,0.000000,0.961787,0.000000,,2026-05-15,2026-06-24,6,112,100,41,0.146342,,,0.000000,,,,,,,,GLOBAL_BASELINE_NO_ENTITY_RANKING,,,NOT_APPLICABLE_GLOBAL_BASELINE,HF9g-P5,,,,X 全窗基线 · 不参与实体赏罚,6871388,688,A168_HF9F_20260827_0900,2026-08-27 09:00:00
2026-05-17,149703955,2218,0,14.0741518748,-14.0741518748,-14.0741518748,0E-7,3,1,0.35581174776039505,0.214214066667,-0.7431966463167227,-0.5221218497722453,-0.7431966463167227,0.14159768109339505,ELIGIBLE,R03b_20260811_FULL_v1,L1_ELIGIBILITY,v2026-08-11,2026-03-21..2026-08-06,baccarat_bet02_101_all_pairs_incl_sentinel,round_win = game_pnl > 0 (decisive only),COMPATIBILITY_ONLY_NOT_PRODUCTION,2151.7302,2069.5069,167.9100,571,203,-0.07803488,,-0.07803488,-0.07803488,-167.9100,2151.7302,OK,0.0000,6.7164,4.0000,96.0000,AG03-UNRESOLVED,ALL5_LEVELS_bet23_to_bet27,6.7164,6.7164,6.7164,10.0746,10.0746,4.000000,4.000000,4.000000,6.000000,6.000000,96.000000,96.000000,96.000000,94.000000,94.000000,5.0,40.2984,36.6459,127.6116,131.2641,PENDING_AG03,FALSE,NOT_FOR_ENFORCEMENT,161.1936,1986.7267,167.9100,161.1936,6.7164,0.07803488,0.07491348,6.7164,161.1936,0.07491348,6.7164,6.7164,6.7164,10.0746,10.0746,161.1936,0.07491348,40.2984,36.6459,127.6116,131.2641,0.05930651,0.06100398,0.00312140,3.7684,10.1946,0.8271,27.9850,1.4992,358.6217,33.8333,,3.7684,2.0771,2.1006,4.2012,8.4025,10.5031,16.6172,2.1006,-2.0771,5.0,7.910599,1.793925,28,72,6,8,0E-8,0.07803488,,0E-8,0.000000,0.961787,0.000000,,2026-05-15,2026-06-24,6,112,100,41,0.146342,,,0.000000,,,,,,,,GLOBAL_BASELINE_NO_ENTITY_RANKING,,,NOT_APPLICABLE_GLOBAL_BASELINE,HF9g-P5,,,,X 全窗基线 · 不参与实体赏罚,6871389,688,A168_HF9F_20260827_0900,2026-08-27 09:00:00
2026-05-17,149703955,2234,0,8.4024787312,-8.4024787312,-8.4024787312,0E-7,1,1,0.49324550000000000,0.493245500000,-0.9865810262130424,-0.9865810262130424,-0.9865810262130424,0E-17,ELIGIBLE,R03b_20260811_FULL_v1,L1_ELIGIBILITY,v2026-08-11,2026-03-21..2026-08-06,baccarat_bet02_101_all_pairs_incl_sentinel,round_win = game_pnl > 0 (decisive only),COMPATIBILITY_ONLY_NOT_PRODUCTION,2151.7302,2069.5069,167.9100,571,203,-0.07803488,,-0.07803488,-0.07803488,-167.9100,2151.7302,OK,0.0000,6.7164,4.0000,96.0000,AG03-UNRESOLVED,ALL5_LEVELS_bet23_to_bet27,6.7164,6.7164,6.7164,10.0746,10.0746,4.000000,4.000000,4.000000,6.000000,6.000000,96.000000,96.000000,96.000000,94.000000,94.000000,5.0,40.2984,36.6459,127.6116,131.2641,PENDING_AG03,FALSE,NOT_FOR_ENFORCEMENT,161.1936,1986.7267,167.9100,161.1936,6.7164,0.07803488,0.07491348,6.7164,161.1936,0.07491348,6.7164,6.7164,6.7164,10.0746,10.0746,161.1936,0.07491348,40.2984,36.6459,127.6116,131.2641,0.05930651,0.06100398,0.00312140,3.7684,10.1946,0.8271,27.9850,1.4992,358.6217,33.8333,,3.7684,2.0771,2.1006,4.2012,8.4025,10.5031,16.6172,2.1006,-2.0771,5.0,7.910599,1.793925,28,72,6,8,0E-8,0.07803488,,0E-8,0.000000,0.961787,0.000000,,2026-05-15,2026-06-24,6,112,100,41,0.146342,,,0.000000,,,,,,,,GLOBAL_BASELINE_NO_ENTITY_RANKING,,,NOT_APPLICABLE_GLOBAL_BASELINE,HF9g-P5,,,,X 全窗基线 · 不参与实体赏罚,6871390,688,A168_HF9F_20260827_0900,2026-08-27 09:00:00
2026-05-17,149703955,2235,0,39.9117739732,-5.0940027308,-5.0940027308,0.3333333,9,3,0.34666857129629630,0.218682466667,-0.04853302785329407,0.48041571161798075,-0.04853302785329407,0.12798610462929630,ELIGIBLE,R03b_20260811_FULL_v1,L1_ELIGIBILITY,v2026-08-11,2026-03-21..2026-08-06,baccarat_bet02_101_all_pairs_incl_sentinel,round_win = game_pnl > 0 (decisive only),COMPATIBILITY_ONLY_NOT_PRODUCTION,2151.7302,2069.5069,167.9100,571,203,-0.07803488,,-0.07803488,-0.07803488,-167.9100,2151.7302,OK,0.0000,6.7164,4.0000,96.0000,AG03-UNRESOLVED,ALL5_LEVELS_bet23_to_bet27,6.7164,6.7164,6.7164,10.0746,10.0746,4.000000,4.000000,4.000000,6.000000,6.000000,96.000000,96.000000,96.000000,94.000000,94.000000,5.0,40.2984,36.6459,127.6116,131.2641,PENDING_AG03,FALSE,NOT_FOR_ENFORCEMENT,161.1936,1986.7267,167.9100,161.1936,6.7164,0.07803488,0.07491348,6.7164,161.1936,0.07491348,6.7164,6.7164,6.7164,10.0746,10.0746,161.1936,0.07491348,40.2984,36.6459,127.6116,131.2641,0.05930651,0.06100398,0.00312140,3.7684,10.1946,0.8271,27.9850,1.4992,358.6217,33.8333,,3.7684,2.0771,2.1006,4.2012,8.4025,10.5031,16.6172,2.1006,-2.0771,5.0,7.910599,1.793925,28,72,6,8,0E-8,0.07803488,,0E-8,0.000000,0.961787,0.000000,,2026-05-15,2026-06-24,6,112,100,41,0.146342,,,0.000000,,,,,,,,GLOBAL_BASELINE_NO_ENTITY_RANKING,,,NOT_APPLICABLE_GLOBAL_BASELINE,HF9g-P5,,,,X 全窗基线 · 不参与实体赏罚,6871391,688,A168_HF9F_20260827_0900,2026-08-27 09:00:00
2026-05-17,149703955,2248,0,8.1924167629,-8.1924167629,-8.1924167629,0E-7,3,1,0.28513667435843358,0.218682466667,-0.6315606039778879,-0.5290457096990526,-0.6315606039778879,0.06645420769143358,ELIGIBLE,R03b_20260811_FULL_v1,L1_ELIGIBILITY,v2026-08-11,2026-03-21..2026-08-06,baccarat_bet02_101_all_pairs_incl_sentinel,round_win = game_pnl > 0 (decisive only),COMPATIBILITY_ONLY_NOT_PRODUCTION,2151.7302,2069.5069,167.9100,571,203,-0.07803488,,-0.07803488,-0.07803488,-167.9100,2151.7302,OK,0.0000,6.7164,4.0000,96.0000,AG03-UNRESOLVED,ALL5_LEVELS_bet23_to_bet27,6.7164,6.7164,6.7164,10.0746,10.0746,4.000000,4.000000,4.000000,6.000000,6.000000,96.000000,96.000000,96.000000,94.000000,94.000000,5.0,40.2984,36.6459,127.6116,131.2641,PENDING_AG03,FALSE,NOT_FOR_ENFORCEMENT,161.1936,1986.7267,167.9100,161.1936,6.7164,0.07803488,0.07491348,6.7164,161.1936,0.07491348,6.7164,6.7164,6.7164,10.0746,10.0746,161.1936,0.07491348,40.2984,36.6459,127.6116,131.2641,0.05930651,0.06100398,0.00312140,3.7684,10.1946,0.8271,27.9850,1.4992,358.6217,33.8333,,3.7684,2.0771,2.1006,4.2012,8.4025,10.5031,16.6172,2.1006,-2.0771,5.0,7.910599,1.793925,28,72,6,8,0E-8,0.07803488,,0E-8,0.000000,0.961787,0.000000,,2026-05-15,2026-06-24,6,112,100,41,0.146342,,,0.000000,,,,,,,,GLOBAL_BASELINE_NO_ENTITY_RANKING,,,NOT_APPLICABLE_GLOBAL_BASELINE,HF9g-P5,,,,X 全窗基线 · 不参与实体赏罚,6871392,688,A168_HF9F_20260827_0900,2026-08-27 09:00:00
2026-05-17,149703955,2250,0,7.3521688898,-7.3521688898,-7.3521688898,0E-7,3,1,0.08038361428571429,0.081333166667,-0.2956517229633599,-0.2975464836257447,-0.2956517229633599,-0.00094955238128571,ELIGIBLE,R03b_20260811_FULL_v1,L1_ELIGIBILITY,v2026-08-11,2026-03-21..2026-08-06,baccarat_bet02_101_all_pairs_incl_sentinel,round_win = game_pnl > 0 (decisive only),COMPATIBILITY_ONLY_NOT_PRODUCTION,2151.7302,2069.5069,167.9100,571,203,-0.07803488,,-0.07803488,-0.07803488,-167.9100,2151.7302,OK,0.0000,6.7164,4.0000,96.0000,AG03-UNRESOLVED,ALL5_LEVELS_bet23_to_bet27,6.7164,6.7164,6.7164,10.0746,10.0746,4.000000,4.000000,4.000000,6.000000,6.000000,96.000000,96.000000,96.000000,94.000000,94.000000,5.0,40.2984,36.6459,127.6116,131.2641,PENDING_AG03,FALSE,NOT_FOR_ENFORCEMENT,161.1936,1986.7267,167.9100,161.1936,6.7164,0.07803488,0.07491348,6.7164,161.1936,0.07491348,6.7164,6.7164,6.7164,10.0746,10.0746,161.1936,0.07491348,40.2984,36.6459,127.6116,131.2641,0.05930651,0.06100398,0.00312140,3.7684,10.1946,0.8271,27.9850,1.4992,358.6217,33.8333,,3.7684,2.0771,2.1006,4.2012,8.4025,10.5031,16.6172,2.1006,-2.0771,5.0,7.910599,1.793925,28,72,6,8,0E-8,0.07803488,,0E-8,0.000000,0.961787,0.000000,,2026-05-15,2026-06-24,6,112,100,41,0.146342,,,0.000000,,,,,,,,GLOBAL_BASELINE_NO_ENTITY_RANKING,,,NOT_APPLICABLE_GLOBAL_BASELINE,HF9g-P5,,,,X 全窗基线 · 不参与实体赏罚,6871393,688,A168_HF9F_20260827_0900,2026-08-27 09:00:00
2026-05-17,149703955,2251,0,6.3018590484,0E-10,0E-10,,1,1,0.49324550000000000,0.493245500000,,,,0E-17,NO_DECISIVE_ROUND,R03b_20260811_FULL_v1,L1_ELIGIBILITY,v2026-08-11,2026-03-21..2026-08-06,baccarat_bet02_101_all_pairs_incl_sentinel,round_win = game_pnl > 0 (decisive only),COMPATIBILITY_ONLY_NOT_PRODUCTION,2151.7302,2069.5069,167.9100,571,203,-0.07803488,,-0.07803488,-0.07803488,-167.9100,2151.7302,OK,0.0000,6.7164,4.0000,96.0000,AG03-UNRESOLVED,ALL5_LEVELS_bet23_to_bet27,6.7164,6.7164,6.7164,10.0746,10.0746,4.000000,4.000000,4.000000,6.000000,6.000000,96.000000,96.000000,96.000000,94.000000,94.000000,5.0,40.2984,36.6459,127.6116,131.2641,PENDING_AG03,FALSE,NOT_FOR_ENFORCEMENT,161.1936,1986.7267,167.9100,161.1936,6.7164,0.07803488,0.07491348,6.7164,161.1936,0.07491348,6.7164,6.7164,6.7164,10.0746,10.0746,161.1936,0.07491348,40.2984,36.6459,127.6116,131.2641,0.05930651,0.06100398,0.00312140,3.7684,10.1946,0.8271,27.9850,1.4992,358.6217,33.8333,,3.7684,2.0771,2.1006,4.2012,8.4025,10.5031,16.6172,2.1006,-2.0771,5.0,7.910599,1.793925,28,72,6,8,0E-8,0.07803488,,0E-8,0.000000,0.961787,0.000000,,2026-05-15,2026-06-24,6,112,100,41,0.146342,,,0.000000,,,,,,,,GLOBAL_BASELINE_NO_ENTITY_RANKING,,,NOT_APPLICABLE_GLOBAL_BASELINE,HF9g-P5,,,,X 全窗基线 · 不参与实体赏罚,6871394,688,A168_HF9F_20260827_0900,2026-08-27 09:00:00
2026-05-17,149703955,2267,0,12.6037180968,4.2012393656,4.2012393656,1.0000000,3,1,0.35372978333333333,0.214214066667,1.3516718116884396,1.915261735237109,1.3516718116884396,0.13951571666633333,ELIGIBLE,R03b_20260811_FULL_v1,L1_ELIGIBILITY,v2026-08-11,2026-03-21..2026-08-06,baccarat_bet02_101_all_pairs_incl_sentinel,round_win = game_pnl > 0 (decisive only),COMPATIBILITY_ONLY_NOT_PRODUCTION,2151.7302,2069.5069,167.9100,571,203,-0.07803488,,-0.07803488,-0.07803488,-167.9100,2151.7302,OK,0.0000,6.7164,4.0000,96.0000,AG03-UNRESOLVED,ALL5_LEVELS_bet23_to_bet27,6.7164,6.7164,6.7164,10.0746,10.0746,4.000000,4.000000,4.000000,6.000000,6.000000,96.000000,96.000000,96.000000,94.000000,94.000000,5.0,40.2984,36.6459,127.6116,131.2641,PENDING_AG03,FALSE,NOT_FOR_ENFORCEMENT,161.1936,1986.7267,167.9100,161.1936,6.7164,0.07803488,0.07491348,6.7164,161.1936,0.07491348,6.7164,6.7164,6.7164,10.0746,10.0746,161.1936,0.07491348,40.2984,36.6459,127.6116,131.2641,0.05930651,0.06100398,0.00312140,3.7684,10.1946,0.8271,27.9850,1.4992,358.6217,33.8333,,3.7684,2.0771,2.1006,4.2012,8.4025,10.5031,16.6172,2.1006,-2.0771,5.0,7.910599,1.793925,28,72,6,8,0E-8,0.07803488,,0E-8,0.000000,0.961787,0.000000,,2026-05-15,2026-06-24,6,112,100,41,0.146342,,,0.000000,,,,,,,,GLOBAL_BASELINE_NO_ENTITY_RANKING,,,NOT_APPLICABLE_GLOBAL_BASELINE,HF9g-P5,,,,X 全窗基线 · 不参与实体赏罚,6871395,688,A168_HF9F_20260827_0900,2026-08-27 09:00:00
2026-05-17,149703955,2271,0,12.6037180968,3.7811154291,3.7811154291,1.0000000,3,1,0.36266658333333333,0.218682466667,1.3256521318805898,1.8901958406748056,1.3256521318805898,0.14398411666633333,ELIGIBLE,R03b_20260811_FULL_v1,L1_ELIGIBILITY,v2026-08-11,2026-03-21..2026-08-06,baccarat_bet02_101_all_pairs_incl_sentinel,round_win = game_pnl > 0 (decisive only),COMPATIBILITY_ONLY_NOT_PRODUCTION,2151.7302,2069.5069,167.9100,571,203,-0.07803488,,-0.07803488,-0.07803488,-167.9100,2151.7302,OK,0.0000,6.7164,4.0000,96.0000,AG03-UNRESOLVED,ALL5_LEVELS_bet23_to_bet27,6.7164,6.7164,6.7164,10.0746,10.0746,4.000000,4.000000,4.000000,6.000000,6.000000,96.000000,96.000000,96.000000,94.000000,94.000000,5.0,40.2984,36.6459,127.6116,131.2641,PENDING_AG03,FALSE,NOT_FOR_ENFORCEMENT,161.1936,1986.7267,167.9100,161.1936,6.7164,0.07803488,0.07491348,6.7164,161.1936,0.07491348,6.7164,6.7164,6.7164,10.0746,10.0746,161.1936,0.07491348,40.2984,36.6459,127.6116,131.2641,0.05930651,0.06100398,0.00312140,3.7684,10.1946,0.8271,27.9850,1.4992,358.6217,33.8333,,3.7684,2.0771,2.1006,4.2012,8.4025,10.5031,16.6172,2.1006,-2.0771,5.0,7.910599,1.793925,28,72,6,8,0E-8,0.07803488,,0E-8,0.000000,0.961787,0.000000,,2026-05-15,2026-06-24,6,112,100,41,0.146342,,,0.000000,,,,,,,,GLOBAL_BASELINE_NO_ENTITY_RANKING,,,NOT_APPLICABLE_GLOBAL_BASELINE,HF9g-P5,,,,X 全窗基线 · 不参与实体赏罚,6871396,688,A168_HF9F_20260827_0900,2026-08-27 09:00:00
2026-05-17,149703955,550,0,37.8111542904,-3.1509295241,-3.1509295241,0.3333333,9,3,0.34360088512820513,0.215703533334,-0.03744694556331055,0.49534664650748406,-0.03744694556331055,0.12789735179420513,ELIGIBLE,R03b_20260811_FULL_v1,L1_ELIGIBILITY,v2026-08-11,2026-03-21..2026-08-06,baccarat_bet02_101_all_pairs_incl_sentinel,round_win = game_pnl > 0 (decisive only),COMPATIBILITY_ONLY_NOT_PRODUCTION,2151.7302,2069.5069,167.9100,571,203,-0.07803488,,-0.07803488,-0.07803488,-167.9100,2151.7302,OK,0.0000,6.7164,4.0000,96.0000,AG03-UNRESOLVED,ALL5_LEVELS_bet23_to_bet27,6.7164,6.7164,6.7164,10.0746,10.0746,4.000000,4.000000,4.000000,6.000000,6.000000,96.000000,96.000000,96.000000,94.000000,94.000000,5.0,40.2984,36.6459,127.6116,131.2641,PENDING_AG03,FALSE,NOT_FOR_ENFORCEMENT,161.1936,1986.7267,167.9100,161.1936,6.7164,0.07803488,0.07491348,6.7164,161.1936,0.07491348,6.7164,6.7164,6.7164,10.0746,10.0746,161.1936,0.07491348,40.2984,36.6459,127.6116,131.2641,0.05930651,0.06100398,0.00312140,3.7684,10.1946,0.8271,27.9850,1.4992,358.6217,33.8333,,3.7684,2.0771,2.1006,4.2012,8.4025,10.5031,16.6172,2.1006,-2.0771,5.0,7.910599,1.793925,28,72,6,8,0E-8,0.07803488,,0E-8,0.000000,0.961787,0.000000,,2026-05-15,2026-06-24,6,112,100,41,0.146342,,,0.000000,,,,,,,,GLOBAL_BASELINE_NO_ENTITY_RANKING,,,NOT_APPLICABLE_GLOBAL_BASELINE,HF9g-P5,,,,X 全窗基线 · 不参与实体赏罚,6871397,688,A168_HF9F_20260827_0900,2026-08-27 09:00:00
2026-05-17,149703955,595,0,4.2012393656,-4.2012393656,-4.2012393656,0E-7,1,1,0.49324550000000000,0.493245500000,-0.9865810262130424,-0.9865810262130424,-0.9865810262130424,0E-17,ELIGIBLE,R03b_20260811_FULL_v1,L1_ELIGIBILITY,v2026-08-11,2026-03-21..2026-08-06,baccarat_bet02_101_all_pairs_incl_sentinel,round_win = game_pnl > 0 (decisive only),COMPATIBILITY_ONLY_NOT_PRODUCTION,2151.7302,2069.5069,167.9100,571,203,-0.07803488,,-0.07803488,-0.07803488,-167.9100,2151.7302,OK,0.0000,6.7164,4.0000,96.0000,AG03-UNRESOLVED,ALL5_LEVELS_bet23_to_bet27,6.7164,6.7164,6.7164,10.0746,10.0746,4.000000,4.000000,4.000000,6.000000,6.000000,96.000000,96.000000,96.000000,94.000000,94.000000,5.0,40.2984,36.6459,127.6116,131.2641,PENDING_AG03,FALSE,NOT_FOR_ENFORCEMENT,161.1936,1986.7267,167.9100,161.1936,6.7164,0.07803488,0.07491348,6.7164,161.1936,0.07491348,6.7164,6.7164,6.7164,10.0746,10.0746,161.1936,0.07491348,40.2984,36.6459,127.6116,131.2641,0.05930651,0.06100398,0.00312140,3.7684,10.1946,0.8271,27.9850,1.4992,358.6217,33.8333,,3.7684,2.0771,2.1006,4.2012,8.4025,10.5031,16.6172,2.1006,-2.0771,5.0,7.910599,1.793925,28,72,6,8,0E-8,0.07803488,,0E-8,0.000000,0.961787,0.000000,,2026-05-15,2026-06-24,6,112,100,41,0.146342,,,0.000000,,,,,,,,GLOBAL_BASELINE_NO_ENTITY_RANKING,,,NOT_APPLICABLE_GLOBAL_BASELINE,HF9g-P5,,,,X 全窗基线 · 不参与实体赏罚,6871398,688,A168_HF9F_20260827_0900,2026-08-27 09:00:00
2026-05-17,149703955,789,0,12.6037180968,-12.6037180968,-12.6037180968,0E-7,3,1,0.35372978333333333,0.214214066667,-0.739824557523953,-0.5221218497722453,-0.739824557523953,0.13951571666633333,ELIGIBLE,R03b_20260811_FULL_v1,L1_ELIGIBILITY,v2026-08-11,2026-03-21..2026-08-06,baccarat_bet02_101_all_pairs_incl_sentinel,round_win = game_pnl > 0 (decisive only),COMPATIBILITY_ONLY_NOT_PRODUCTION,2151.7302,2069.5069,167.9100,571,203,-0.07803488,,-0.07803488,-0.07803488,-167.9100,2151.7302,OK,0.0000,6.7164,4.0000,96.0000,AG03-UNRESOLVED,ALL5_LEVELS_bet23_to_bet27,6.7164,6.7164,6.7164,10.0746,10.0746,4.000000,4.000000,4.000000,6.000000,6.000000,96.000000,96.000000,96.000000,94.000000,94.000000,5.0,40.2984,36.6459,127.6116,131.2641,PENDING_AG03,FALSE,NOT_FOR_ENFORCEMENT,161.1936,1986.7267,167.9100,161.1936,6.7164,0.07803488,0.07491348,6.7164,161.1936,0.07491348,6.7164,6.7164,6.7164,10.0746,10.0746,161.1936,0.07491348,40.2984,36.6459,127.6116,131.2641,0.05930651,0.06100398,0.00312140,3.7684,10.1946,0.8271,27.9850,1.4992,358.6217,33.8333,,3.7684,2.0771,2.1006,4.2012,8.4025,10.5031,16.6172,2.1006,-2.0771,5.0,7.910599,1.793925,28,72,6,8,0E-8,0.07803488,,0E-8,0.000000,0.961787,0.000000,,2026-05-15,2026-06-24,6,112,100,41,0.146342,,,0.000000,,,,,,,,GLOBAL_BASELINE_NO_ENTITY_RANKING,,,NOT_APPLICABLE_GLOBAL_BASELINE,HF9g-P5,,,,X 全窗基线 · 不参与实体赏罚,6871399,688,A168_HF9F_20260827_0900,2026-08-27 09:00:00
2026-06-02,149703955,-1,1,199.8213655154,1.1424298444,1.1424298444,0.4166667,45,12,0.24540369354775273,0.166187669583,1.3786569581520385,2.3309254473679903,1.3786569581520385,0.07921602396475273,SENTINEL_DEALER,R03b_20260811_FULL_v1,L1_ELIGIBILITY,v2026-08-11,2026-03-21..2026-08-06,baccarat_bet02_101_all_pairs_incl_sentinel,round_win = game_pnl > 0 (decisive only),COMPATIBILITY_ONLY_NOT_PRODUCTION,2151.7302,2069.5069,167.9100,571,203,-0.07803488,,-0.07803488,-0.07803488,-167.9100,2151.7302,OK,0.0000,6.7164,4.0000,96.0000,AG03-UNRESOLVED,ALL5_LEVELS_bet23_to_bet27,6.7164,6.7164,6.7164,10.0746,10.0746,4.000000,4.000000,4.000000,6.000000,6.000000,96.000000,96.000000,96.000000,94.000000,94.000000,5.0,40.2984,36.6459,127.6116,131.2641,PENDING_AG03,FALSE,NOT_FOR_ENFORCEMENT,161.1936,1986.7267,167.9100,161.1936,6.7164,0.07803488,0.07491348,6.7164,161.1936,0.07491348,6.7164,6.7164,6.7164,10.0746,10.0746,161.1936,0.07491348,40.2984,36.6459,127.6116,131.2641,0.05930651,0.06100398,0.00312140,3.7684,10.1946,0.8271,27.9850,1.4992,358.6217,33.8333,,3.7684,2.0771,2.1006,4.2012,8.4025,10.5031,16.6172,2.1006,-2.0771,5.0,7.910599,1.793925,28,72,6,8,0E-8,0.07803488,,0E-8,0.000000,0.961787,0.000000,,2026-05-15,2026-06-24,6,112,100,41,0.146342,,,0.000000,,,,,,,,GLOBAL_BASELINE_NO_ENTITY_RANKING,,,NOT_APPLICABLE_GLOBAL_BASELINE,HF9g-P5,,,,X 全窗基线 · 不参与实体赏罚,6871400,688,A168_HF9F_20260827_0900,2026-08-27 09:00:00
2026-06-02,149703955,1094,0,10.3857258584,1.7655733959,1.7655733959,1.0000000,3,1,0.33386975999833636,0.218682466667,1.4125083776311964,1.8901958406748056,1.4125083776311964,0.11518729333133636,ELIGIBLE,R03b_20260811_FULL_v1,L1_ELIGIBILITY,v2026-08-11,2026-03-21..2026-08-06,baccarat_bet02_101_all_pairs_incl_sentinel,round_win = game_pnl > 0 (decisive only),COMPATIBILITY_ONLY_NOT_PRODUCTION,2151.7302,2069.5069,167.9100,571,203,-0.07803488,,-0.07803488,-0.07803488,-167.9100,2151.7302,OK,0.0000,6.7164,4.0000,96.0000,AG03-UNRESOLVED,ALL5_LEVELS_bet23_to_bet27,6.7164,6.7164,6.7164,10.0746,10.0746,4.000000,4.000000,4.000000,6.000000,6.000000,96.000000,96.000000,96.000000,94.000000,94.000000,5.0,40.2984,36.6459,127.6116,131.2641,PENDING_AG03,FALSE,NOT_FOR_ENFORCEMENT,161.1936,1986.7267,167.9100,161.1936,6.7164,0.07803488,0.07491348,6.7164,161.1936,0.07491348,6.7164,6.7164,6.7164,10.0746,10.0746,161.1936,0.07491348,40.2984,36.6459,127.6116,131.2641,0.05930651,0.06100398,0.00312140,3.7684,10.1946,0.8271,27.9850,1.4992,358.6217,33.8333,,3.7684,2.0771,2.1006,4.2012,8.4025,10.5031,16.6172,2.1006,-2.0771,5.0,7.910599,1.793925,28,72,6,8,0E-8,0.07803488,,0E-8,0.000000,0.961787,0.000000,,2026-05-15,2026-06-24,6,112,100,41,0.146342,,,0.000000,,,,,,,,GLOBAL_BASELINE_NO_ENTITY_RANKING,,,NOT_APPLICABLE_GLOBAL_BASELINE,HF9g-P5,,,,X 全窗基线 · 不参与实体赏罚,6871401,688,A168_HF9F_20260827_0900,2026-08-27 09:00:00
2026-06-02,149703955,1299,0,5.1928629292,32.1957501610,32.1957501610,1.0000000,2,1,0.07469594000000009,0.074698350000,3.5196034553822146,3.51954209485373,3.5196034553822146,-0.00000240999999991,ELIGIBLE,R03b_20260811_FULL_v1,L1_ELIGIBILITY,v2026-08-11,2026-03-21..2026-08-06,baccarat_bet02_101_all_pairs_incl_sentinel,round_win = game_pnl > 0 (decisive only),COMPATIBILITY_ONLY_NOT_PRODUCTION,2151.7302,2069.5069,167.9100,571,203,-0.07803488,,-0.07803488,-0.07803488,-167.9100,2151.7302,OK,0.0000,6.7164,4.0000,96.0000,AG03-UNRESOLVED,ALL5_LEVELS_bet23_to_bet27,6.7164,6.7164,6.7164,10.0746,10.0746,4.000000,4.000000,4.000000,6.000000,6.000000,96.000000,96.000000,96.000000,94.000000,94.000000,5.0,40.2984,36.6459,127.6116,131.2641,PENDING_AG03,FALSE,NOT_FOR_ENFORCEMENT,161.1936,1986.7267,167.9100,161.1936,6.7164,0.07803488,0.07491348,6.7164,161.1936,0.07491348,6.7164,6.7164,6.7164,10.0746,10.0746,161.1936,0.07491348,40.2984,36.6459,127.6116,131.2641,0.05930651,0.06100398,0.00312140,3.7684,10.1946,0.8271,27.9850,1.4992,358.6217,33.8333,,3.7684,2.0771,2.1006,4.2012,8.4025,10.5031,16.6172,2.1006,-2.0771,5.0,7.910599,1.793925,28,72,6,8,0E-8,0.07803488,,0E-8,0.000000,0.961787,0.000000,,2026-05-15,2026-06-24,6,112,100,41,0.146342,,,0.000000,,,,,,,,GLOBAL_BASELINE_NO_ENTITY_RANKING,,,NOT_APPLICABLE_GLOBAL_BASELINE,HF9g-P5,,,,X 全窗基线 · 不参与实体赏罚,6871402,688,A168_HF9F_20260827_0900,2026-08-27 09:00:00
2026-06-02,149703955,1306,0,68.5457906655,29.2877469206,29.2877469206,1.0000000,12,3,0.30422323501703455,0.180433353889,2.6193853734765042,3.691427593388632,2.6193853734765042,0.12378988112803455,ELIGIBLE,R03b_20260811_FULL_v1,L1_ELIGIBILITY,v2026-08-11,2026-03-21..2026-08-06,baccarat_bet02_101_all_pairs_incl_sentinel,round_win = game_pnl > 0 (decisive only),COMPATIBILITY_ONLY_NOT_PRODUCTION,2151.7302,2069.5069,167.9100,571,203,-0.07803488,,-0.07803488,-0.07803488,-167.9100,2151.7302,OK,0.0000,6.7164,4.0000,96.0000,AG03-UNRESOLVED,ALL5_LEVELS_bet23_to_bet27,6.7164,6.7164,6.7164,10.0746,10.0746,4.000000,4.000000,4.000000,6.000000,6.000000,96.000000,96.000000,96.000000,94.000000,94.000000,5.0,40.2984,36.6459,127.6116,131.2641,PENDING_AG03,FALSE,NOT_FOR_ENFORCEMENT,161.1936,1986.7267,167.9100,161.1936,6.7164,0.07803488,0.07491348,6.7164,161.1936,0.07491348,6.7164,6.7164,6.7164,10.0746,10.0746,161.1936,0.07491348,40.2984,36.6459,127.6116,131.2641,0.05930651,0.06100398,0.00312140,3.7684,10.1946,0.8271,27.9850,1.4992,358.6217,33.8333,,3.7684,2.0771,2.1006,4.2012,8.4025,10.5031,16.6172,2.1006,-2.0771,5.0,7.910599,1.793925,28,72,6,8,0E-8,0.07803488,,0E-8,0.000000,0.961787,0.000000,,2026-05-15,2026-06-24,6,112,100,41,0.146342,,,0.000000,,,,,,,,GLOBAL_BASELINE_NO_ENTITY_RANKING,,,NOT_APPLICABLE_GLOBAL_BASELINE,HF9g-P5,,,,X 全窗基线 · 不参与实体赏罚,6871403,688,A168_HF9F_20260827_0900,2026-08-27 09:00:00
2026-06-02,149703955,1402,0,49.6437696031,-33.0266082297,-33.0266082297,0E-7,10,3,0.35339090231555960,0.278822090000,-1.2804640929619795,-1.0769685192860412,-1.2804640929619795,0.07456881231555960,ELIGIBLE,R03b_20260811_FULL_v1,L1_ELIGIBILITY,v2026-08-11,2026-03-21..2026-08-06,baccarat_bet02_101_all_pairs_incl_sentinel,round_win = game_pnl > 0 (decisive only),COMPATIBILITY_ONLY_NOT_PRODUCTION,2151.7302,2069.5069,167.9100,571,203,-0.07803488,,-0.07803488,-0.07803488,-167.9100,2151.7302,OK,0.0000,6.7164,4.0000,96.0000,AG03-UNRESOLVED,ALL5_LEVELS_bet23_to_bet27,6.7164,6.7164,6.7164,10.0746,10.0746,4.000000,4.000000,4.000000,6.000000,6.000000,96.000000,96.000000,96.000000,94.000000,94.000000,5.0,40.2984,36.6459,127.6116,131.2641,PENDING_AG03,FALSE,NOT_FOR_ENFORCEMENT,161.1936,1986.7267,167.9100,161.1936,6.7164,0.07803488,0.07491348,6.7164,161.1936,0.07491348,6.7164,6.7164,6.7164,10.0746,10.0746,161.1936,0.07491348,40.2984,36.6459,127.6116,131.2641,0.05930651,0.06100398,0.00312140,3.7684,10.1946,0.8271,27.9850,1.4992,358.6217,33.8333,,3.7684,2.0771,2.1006,4.2012,8.4025,10.5031,16.6172,2.1006,-2.0771,5.0,7.910599,1.793925,28,72,6,8,0E-8,0.07803488,,0E-8,0.000000,0.961787,0.000000,,2026-05-15,2026-06-24,6,112,100,41,0.146342,,,0.000000,,,,,,,,GLOBAL_BASELINE_NO_ENTITY_RANKING,,,NOT_APPLICABLE_GLOBAL_BASELINE,HF9g-P5,,,,X 全窗基线 · 不参与实体赏罚,6871404,688,A168_HF9F_20260827_0900,2026-08-27 09:00:00
2026-06-02,149703955,1509,0,14.3323016845,-4.9851484120,-4.9851484120,0E-7,4,1,0.34523486231884064,0.165369275000,-0.7261302819228876,-0.44512319653298565,-0.7261302819228876,0.17986558731884064,ELIGIBLE,R03b_20260811_FULL_v1,L1_ELIGIBILITY,v2026-08-11,2026-03-21..2026-08-06,baccarat_bet02_101_all_pairs_incl_sentinel,round_win = game_pnl > 0 (decisive only),COMPATIBILITY_ONLY_NOT_PRODUCTION,2151.7302,2069.5069,167.9100,571,203,-0.07803488,,-0.07803488,-0.07803488,-167.9100,2151.7302,OK,0.0000,6.7164,4.0000,96.0000,AG03-UNRESOLVED,ALL5_LEVELS_bet23_to_bet27,6.7164,6.7164,6.7164,10.0746,10.0746,4.000000,4.000000,4.000000,6.000000,6.000000,96.000000,96.000000,96.000000,94.000000,94.000000,5.0,40.2984,36.6459,127.6116,131.2641,PENDING_AG03,FALSE,NOT_FOR_ENFORCEMENT,161.1936,1986.7267,167.9100,161.1936,6.7164,0.07803488,0.07491348,6.7164,161.1936,0.07491348,6.7164,6.7164,6.7164,10.0746,10.0746,161.1936,0.07491348,40.2984,36.6459,127.6116,131.2641,0.05930651,0.06100398,0.00312140,3.7684,10.1946,0.8271,27.9850,1.4992,358.6217,33.8333,,3.7684,2.0771,2.1006,4.2012,8.4025,10.5031,16.6172,2.1006,-2.0771,5.0,7.910599,1.793925,28,72,6,8,0E-8,0.07803488,,0E-8,0.000000,0.961787,0.000000,,2026-05-15,2026-06-24,6,112,100,41,0.146342,,,0.000000,,,,,,,,GLOBAL_BASELINE_NO_ENTITY_RANKING,,,NOT_APPLICABLE_GLOBAL_BASELINE,HF9g-P5,,,,X 全窗基线 · 不参与实体赏罚,6871405,688,A168_HF9F_20260827_0900,2026-08-27 09:00:00
2026-06-02,149703955,1750,0,19.7328791309,-19.7328791309,-19.7328791309,0E-7,6,1,0.07235360526326974,0.066330550000,-0.2792793709304267,-0.2665386690854654,-0.2792793709304267,0.00602305526326974,ELIGIBLE,R03b_20260811_FULL_v1,L1_ELIGIBILITY,v2026-08-11,2026-03-21..2026-08-06,baccarat_bet02_101_all_pairs_incl_sentinel,round_win = game_pnl > 0 (decisive only),COMPATIBILITY_ONLY_NOT_PRODUCTION,2151.7302,2069.5069,167.9100,571,203,-0.07803488,,-0.07803488,-0.07803488,-167.9100,2151.7302,OK,0.0000,6.7164,4.0000,96.0000,AG03-UNRESOLVED,ALL5_LEVELS_bet23_to_bet27,6.7164,6.7164,6.7164,10.0746,10.0746,4.000000,4.000000,4.000000,6.000000,6.000000,96.000000,96.000000,96.000000,94.000000,94.000000,5.0,40.2984,36.6459,127.6116,131.2641,PENDING_AG03,FALSE,NOT_FOR_ENFORCEMENT,161.1936,1986.7267,167.9100,161.1936,6.7164,0.07803488,0.07491348,6.7164,161.1936,0.07491348,6.7164,6.7164,6.7164,10.0746,10.0746,161.1936,0.07491348,40.2984,36.6459,127.6116,131.2641,0.05930651,0.06100398,0.00312140,3.7684,10.1946,0.8271,27.9850,1.4992,358.6217,33.8333,,3.7684,2.0771,2.1006,4.2012,8.4025,10.5031,16.6172,2.1006,-2.0771,5.0,7.910599,1.793925,28,72,6,8,0E-8,0.07803488,,0E-8,0.000000,0.961787,0.000000,,2026-05-15,2026-06-24,6,112,100,41,0.146342,,,0.000000,,,,,,,,GLOBAL_BASELINE_NO_ENTITY_RANKING,,,NOT_APPLICABLE_GLOBAL_BASELINE,HF9g-P5,,,,X 全窗基线 · 不参与实体赏罚,6871406,688,A168_HF9F_20260827_0900,2026-08-27 09:00:00
2026-06-02,149703955,1966,0,16.6171613735,-16.6171613735,-16.6171613735,0E-7,3,1,0.34466706249902520,0.218682466667,-0.7252185316459508,-0.5290457096990526,-0.7252185316459508,0.12598459583202520,ELIGIBLE,R03b_20260811_FULL_v1,L1_ELIGIBILITY,v2026-08-11,2026-03-21..2026-08-06,baccarat_bet02_101_all_pairs_incl_sentinel,round_win = game_pnl > 0 (decisive only),COMPATIBILITY_ONLY_NOT_PRODUCTION,2151.7302,2069.5069,167.9100,571,203,-0.07803488,,-0.07803488,-0.07803488,-167.9100,2151.7302,OK,0.0000,6.7164,4.0000,96.0000,AG03-UNRESOLVED,ALL5_LEVELS_bet23_to_bet27,6.7164,6.7164,6.7164,10.0746,10.0746,4.000000,4.000000,4.000000,6.000000,6.000000,96.000000,96.000000,96.000000,94.000000,94.000000,5.0,40.2984,36.6459,127.6116,131.2641,PENDING_AG03,FALSE,NOT_FOR_ENFORCEMENT,161.1936,1986.7267,167.9100,161.1936,6.7164,0.07803488,0.07491348,6.7164,161.1936,0.07491348,6.7164,6.7164,6.7164,10.0746,10.0746,161.1936,0.07491348,40.2984,36.6459,127.6116,131.2641,0.05930651,0.06100398,0.00312140,3.7684,10.1946,0.8271,27.9850,1.4992,358.6217,33.8333,,3.7684,2.0771,2.1006,4.2012,8.4025,10.5031,16.6172,2.1006,-2.0771,5.0,7.910599,1.793925,28,72,6,8,0E-8,0.07803488,,0E-8,0.000000,0.961787,0.000000,,2026-05-15,2026-06-24,6,112,100,41,0.146342,,,0.000000,,,,,,,,GLOBAL_BASELINE_NO_ENTITY_RANKING,,,NOT_APPLICABLE_GLOBAL_BASELINE,HF9g-P5,,,,X 全窗基线 · 不参与实体赏罚,6871407,688,A168_HF9F_20260827_0900,2026-08-27 09:00:00
2026-06-02,149703955,2063,0,48.6051970172,16.8248758906,16.8248758906,1.0000000,12,3,0.31561368127416656,0.171683266667,2.5505472681849652,3.8044761048999263,2.5505472681849652,0.14393041460716656,ELIGIBLE,R03b_20260811_FULL_v1,L1_ELIGIBILITY,v2026-08-11,2026-03-21..2026-08-06,baccarat_bet02_101_all_pairs_incl_sentinel,round_win = game_pnl > 0 (decisive only),COMPATIBILITY_ONLY_NOT_PRODUCTION,2151.7302,2069.5069,167.9100,571,203,-0.07803488,,-0.07803488,-0.07803488,-167.9100,2151.7302,OK,0.0000,6.7164,4.0000,96.0000,AG03-UNRESOLVED,ALL5_LEVELS_bet23_to_bet27,6.7164,6.7164,6.7164,10.0746,10.0746,4.000000,4.000000,4.000000,6.000000,6.000000,96.000000,96.000000,96.000000,94.000000,94.000000,5.0,40.2984,36.6459,127.6116,131.2641,PENDING_AG03,FALSE,NOT_FOR_ENFORCEMENT,161.1936,1986.7267,167.9100,161.1936,6.7164,0.07803488,0.07491348,6.7164,161.1936,0.07491348,6.7164,6.7164,6.7164,10.0746,10.0746,161.1936,0.07491348,40.2984,36.6459,127.6116,131.2641,0.05930651,0.06100398,0.00312140,3.7684,10.1946,0.8271,27.9850,1.4992,358.6217,33.8333,,3.7684,2.0771,2.1006,4.2012,8.4025,10.5031,16.6172,2.1006,-2.0771,5.0,7.910599,1.793925,28,72,6,8,0E-8,0.07803488,,0E-8,0.000000,0.961787,0.000000,,2026-05-15,2026-06-24,6,112,100,41,0.146342,,,0.000000,,,,,,,,GLOBAL_BASELINE_NO_ENTITY_RANKING,,,NOT_APPLICABLE_GLOBAL_BASELINE,HF9g-P5,,,,X 全窗基线 · 不参与实体赏罚,6871408,688,A168_HF9F_20260827_0900,2026-08-27 09:00:00
2026-06-02,149703955,2108,0,10.3857258584,2.0771451716,2.0771451716,1.0000000,3,1,0.32582663999838799,0.214214066667,1.4384424753405027,1.915261735237109,1.4384424753405027,0.11161257333138799,ELIGIBLE,R03b_20260811_FULL_v1,L1_ELIGIBILITY,v2026-08-11,2026-03-21..2026-08-06,baccarat_bet02_101_all_pairs_incl_sentinel,round_win = game_pnl > 0 (decisive only),COMPATIBILITY_ONLY_NOT_PRODUCTION,2151.7302,2069.5069,167.9100,571,203,-0.07803488,,-0.07803488,-0.07803488,-167.9100,2151.7302,OK,0.0000,6.7164,4.0000,96.0000,AG03-UNRESOLVED,ALL5_LEVELS_bet23_to_bet27,6.7164,6.7164,6.7164,10.0746,10.0746,4.000000,4.000000,4.000000,6.000000,6.000000,96.000000,96.000000,96.000000,94.000000,94.000000,5.0,40.2984,36.6459,127.6116,131.2641,PENDING_AG03,FALSE,NOT_FOR_ENFORCEMENT,161.1936,1986.7267,167.9100,161.1936,6.7164,0.07803488,0.07491348,6.7164,161.1936,0.07491348,6.7164,6.7164,6.7164,10.0746,10.0746,161.1936,0.07491348,40.2984,36.6459,127.6116,131.2641,0.05930651,0.06100398,0.00312140,3.7684,10.1946,0.8271,27.9850,1.4992,358.6217,33.8333,,3.7684,2.0771,2.1006,4.2012,8.4025,10.5031,16.6172,2.1006,-2.0771,5.0,7.910599,1.793925,28,72,6,8,0E-8,0.07803488,,0E-8,0.000000,0.961787,0.000000,,2026-05-15,2026-06-24,6,112,100,41,0.146342,,,0.000000,,,,,,,,GLOBAL_BASELINE_NO_ENTITY_RANKING,,,NOT_APPLICABLE_GLOBAL_BASELINE,HF9g-P5,,,,X 全窗基线 · 不参与实体赏罚,6871409,688,A168_HF9F_20260827_0900,2026-08-27 09:00:00
2026-06-02,149703955,2123,0,100.7415408263,-28.8723178863,-28.8723178863,0.5000000,20,4,0.25062837450338774,0.144624655060,1.1508356075365977,2.020774057263354,1.1508356075365977,0.10600371944338774,ELIGIBLE,R03b_20260811_FULL_v1,L1_ELIGIBILITY,v2026-08-11,2026-03-21..2026-08-06,baccarat_bet02_101_all_pairs_incl_sentinel,round_win = game_pnl > 0 (decisive only),COMPATIBILITY_ONLY_NOT_PRODUCTION,2151.7302,2069.5069,167.9100,571,203,-0.07803488,,-0.07803488,-0.07803488,-167.9100,2151.7302,OK,0.0000,6.7164,4.0000,96.0000,AG03-UNRESOLVED,ALL5_LEVELS_bet23_to_bet27,6.7164,6.7164,6.7164,10.0746,10.0746,4.000000,4.000000,4.000000,6.000000,6.000000,96.000000,96.000000,96.000000,94.000000,94.000000,5.0,40.2984,36.6459,127.6116,131.2641,PENDING_AG03,FALSE,NOT_FOR_ENFORCEMENT,161.1936,1986.7267,167.9100,161.1936,6.7164,0.07803488,0.07491348,6.7164,161.1936,0.07491348,6.7164,6.7164,6.7164,10.0746,10.0746,161.1936,0.07491348,40.2984,36.6459,127.6116,131.2641,0.05930651,0.06100398,0.00312140,3.7684,10.1946,0.8271,27.9850,1.4992,358.6217,33.8333,,3.7684,2.0771,2.1006,4.2012,8.4025,10.5031,16.6172,2.1006,-2.0771,5.0,7.910599,1.793925,28,72,6,8,0E-8,0.07803488,,0E-8,0.000000,0.961787,0.000000,,2026-05-15,2026-06-24,6,112,100,41,0.146342,,,0.000000,,,,,,,,GLOBAL_BASELINE_NO_ENTITY_RANKING,,,NOT_APPLICABLE_GLOBAL_BASELINE,HF9g-P5,,,,X 全窗基线 · 不参与实体赏罚,6871410,688,A168_HF9F_20260827_0900,2026-08-27 09:00:00
2026-06-02,149703955,2201,0,4.7774338949,-4.7774338949,-4.7774338949,0E-7,3,1,0.06741181304357994,0.056077200000,-0.2688580527444782,-0.24373894227303536,-0.2688580527444782,0.01133461304357994,ELIGIBLE,R03b_20260811_FULL_v1,L1_ELIGIBILITY,v2026-08-11,2026-03-21..2026-08-06,baccarat_bet02_101_all_pairs_incl_sentinel,round_win = game_pnl > 0 (decisive only),COMPATIBILITY_ONLY_NOT_PRODUCTION,2151.7302,2069.5069,167.9100,571,203,-0.07803488,,-0.07803488,-0.07803488,-167.9100,2151.7302,OK,0.0000,6.7164,4.0000,96.0000,AG03-UNRESOLVED,ALL5_LEVELS_bet23_to_bet27,6.7164,6.7164,6.7164,10.0746,10.0746,4.000000,4.000000,4.000000,6.000000,6.000000,96.000000,96.000000,96.000000,94.000000,94.000000,5.0,40.2984,36.6459,127.6116,131.2641,PENDING_AG03,FALSE,NOT_FOR_ENFORCEMENT,161.1936,1986.7267,167.9100,161.1936,6.7164,0.07803488,0.07491348,6.7164,161.1936,0.07491348,6.7164,6.7164,6.7164,10.0746,10.0746,161.1936,0.07491348,40.2984,36.6459,127.6116,131.2641,0.05930651,0.06100398,0.00312140,3.7684,10.1946,0.8271,27.9850,1.4992,358.6217,33.8333,,3.7684,2.0771,2.1006,4.2012,8.4025,10.5031,16.6172,2.1006,-2.0771,5.0,7.910599,1.793925,28,72,6,8,0E-8,0.07803488,,0E-8,0.000000,0.961787,0.000000,,2026-05-15,2026-06-24,6,112,100,41,0.146342,,,0.000000,,,,,,,,GLOBAL_BASELINE_NO_ENTITY_RANKING,,,NOT_APPLICABLE_GLOBAL_BASELINE,HF9g-P5,,,,X 全窗基线 · 不参与实体赏罚,6871411,688,A168_HF9F_20260827_0900,2026-08-27 09:00:00
2026-06-02,149703955,2205,0,35.3114679185,-2.0771451717,-2.0771451717,0E-7,7,1,0.27035106176463071,0.127318400000,-0.6087052708207832,-0.3819598169303392,-0.6087052708207832,0.14303266176463071,ELIGIBLE,R03b_20260811_FULL_v1,L1_ELIGIBILITY,v2026-08-11,2026-03-21..2026-08-06,baccarat_bet02_101_all_pairs_incl_sentinel,round_win = game_pnl > 0 (decisive only),COMPATIBILITY_ONLY_NOT_PRODUCTION,2151.7302,2069.5069,167.9100,571,203,-0.07803488,,-0.07803488,-0.07803488,-167.9100,2151.7302,OK,0.0000,6.7164,4.0000,96.0000,AG03-UNRESOLVED,ALL5_LEVELS_bet23_to_bet27,6.7164,6.7164,6.7164,10.0746,10.0746,4.000000,4.000000,4.000000,6.000000,6.000000,96.000000,96.000000,96.000000,94.000000,94.000000,5.0,40.2984,36.6459,127.6116,131.2641,PENDING_AG03,FALSE,NOT_FOR_ENFORCEMENT,161.1936,1986.7267,167.9100,161.1936,6.7164,0.07803488,0.07491348,6.7164,161.1936,0.07491348,6.7164,6.7164,6.7164,10.0746,10.0746,161.1936,0.07491348,40.2984,36.6459,127.6116,131.2641,0.05930651,0.06100398,0.00312140,3.7684,10.1946,0.8271,27.9850,1.4992,358.6217,33.8333,,3.7684,2.0771,2.1006,4.2012,8.4025,10.5031,16.6172,2.1006,-2.0771,5.0,7.910599,1.793925,28,72,6,8,0E-8,0.07803488,,0E-8,0.000000,0.961787,0.000000,,2026-05-15,2026-06-24,6,112,100,41,0.146342,,,0.000000,,,,,,,,GLOBAL_BASELINE_NO_ENTITY_RANKING,,,NOT_APPLICABLE_GLOBAL_BASELINE,HF9g-P5,,,,X 全窗基线 · 不参与实体赏罚,6871412,688,A168_HF9F_20260827_0900,2026-08-27 09:00:00
2026-06-02,149703955,2220,0,40.7120453650,3.0534034022,3.0534034022,0.6666667,7,3,0.39189117857129640,0.324979966667,0.9749115593753869,1.2635780581486502,0.9749115593753869,0.06691121190429640,ELIGIBLE,R03b_20260811_FULL_v1,L1_ELIGIBILITY,v2026-08-11,2026-03-21..2026-08-06,baccarat_bet02_101_all_pairs_incl_sentinel,round_win = game_pnl > 0 (decisive only),COMPATIBILITY_ONLY_NOT_PRODUCTION,2151.7302,2069.5069,167.9100,571,203,-0.07803488,,-0.07803488,-0.07803488,-167.9100,2151.7302,OK,0.0000,6.7164,4.0000,96.0000,AG03-UNRESOLVED,ALL5_LEVELS_bet23_to_bet27,6.7164,6.7164,6.7164,10.0746,10.0746,4.000000,4.000000,4.000000,6.000000,6.000000,96.000000,96.000000,96.000000,94.000000,94.000000,5.0,40.2984,36.6459,127.6116,131.2641,PENDING_AG03,FALSE,NOT_FOR_ENFORCEMENT,161.1936,1986.7267,167.9100,161.1936,6.7164,0.07803488,0.07491348,6.7164,161.1936,0.07491348,6.7164,6.7164,6.7164,10.0746,10.0746,161.1936,0.07491348,40.2984,36.6459,127.6116,131.2641,0.05930651,0.06100398,0.00312140,3.7684,10.1946,0.8271,27.9850,1.4992,358.6217,33.8333,,3.7684,2.0771,2.1006,4.2012,8.4025,10.5031,16.6172,2.1006,-2.0771,5.0,7.910599,1.793925,28,72,6,8,0E-8,0.07803488,,0E-8,0.000000,0.961787,0.000000,,2026-05-15,2026-06-24,6,112,100,41,0.146342,,,0.000000,,,,,,,,GLOBAL_BASELINE_NO_ENTITY_RANKING,,,NOT_APPLICABLE_GLOBAL_BASELINE,HF9g-P5,,,,X 全窗基线 · 不参与实体赏罚,6871413,688,A168_HF9F_20260827_0900,2026-08-27 09:00:00
2026-06-02,149703955,2229,0,52.1363438092,37.1808985731,37.1808985731,0.3333333,13,3,0.15763955579168863,0.097414960000,0.8350941170967094,1.3780516603061446,0.8350941170967094,0.06022459579168863,ELIGIBLE,R03b_20260811_FULL_v1,L1_ELIGIBILITY,v2026-08-11,2026-03-21..2026-08-06,baccarat_bet02_101_all_pairs_incl_sentinel,round_win = game_pnl > 0 (decisive only),COMPATIBILITY_ONLY_NOT_PRODUCTION,2151.7302,2069.5069,167.9100,571,203,-0.07803488,,-0.07803488,-0.07803488,-167.9100,2151.7302,OK,0.0000,6.7164,4.0000,96.0000,AG03-UNRESOLVED,ALL5_LEVELS_bet23_to_bet27,6.7164,6.7164,6.7164,10.0746,10.0746,4.000000,4.000000,4.000000,6.000000,6.000000,96.000000,96.000000,96.000000,94.000000,94.000000,5.0,40.2984,36.6459,127.6116,131.2641,PENDING_AG03,FALSE,NOT_FOR_ENFORCEMENT,161.1936,1986.7267,167.9100,161.1936,6.7164,0.07803488,0.07491348,6.7164,161.1936,0.07491348,6.7164,6.7164,6.7164,10.0746,10.0746,161.1936,0.07491348,40.2984,36.6459,127.6116,131.2641,0.05930651,0.06100398,0.00312140,3.7684,10.1946,0.8271,27.9850,1.4992,358.6217,33.8333,,3.7684,2.0771,2.1006,4.2012,8.4025,10.5031,16.6172,2.1006,-2.0771,5.0,7.910599,1.793925,28,72,6,8,0E-8,0.07803488,,0E-8,0.000000,0.961787,0.000000,,2026-05-15,2026-06-24,6,112,100,41,0.146342,,,0.000000,,,,,,,,GLOBAL_BASELINE_NO_ENTITY_RANKING,,,NOT_APPLICABLE_GLOBAL_BASELINE,HF9g-P5,,,,X 全窗基线 · 不参与实体赏罚,6871414,688,A168_HF9F_20260827_0900,2026-08-27 09:00:00
2026-06-02,149703955,2233,0,27.0028872320,-22.9524541472,-22.9524541472,0E-7,10,3,0.19492331805555695,0.195064232222,-0.8522635232370972,-0.8526461506327242,-0.8522635232370972,-0.00014091416644305,ELIGIBLE,R03b_20260811_FULL_v1,L1_ELIGIBILITY,v2026-08-11,2026-03-21..2026-08-06,baccarat_bet02_101_all_pairs_incl_sentinel,round_win = game_pnl > 0 (decisive only),COMPATIBILITY_ONLY_NOT_PRODUCTION,2151.7302,2069.5069,167.9100,571,203,-0.07803488,,-0.07803488,-0.07803488,-167.9100,2151.7302,OK,0.0000,6.7164,4.0000,96.0000,AG03-UNRESOLVED,ALL5_LEVELS_bet23_to_bet27,6.7164,6.7164,6.7164,10.0746,10.0746,4.000000,4.000000,4.000000,6.000000,6.000000,96.000000,96.000000,96.000000,94.000000,94.000000,5.0,40.2984,36.6459,127.6116,131.2641,PENDING_AG03,FALSE,NOT_FOR_ENFORCEMENT,161.1936,1986.7267,167.9100,161.1936,6.7164,0.07803488,0.07491348,6.7164,161.1936,0.07491348,6.7164,6.7164,6.7164,10.0746,10.0746,161.1936,0.07491348,40.2984,36.6459,127.6116,131.2641,0.05930651,0.06100398,0.00312140,3.7684,10.1946,0.8271,27.9850,1.4992,358.6217,33.8333,,3.7684,2.0771,2.1006,4.2012,8.4025,10.5031,16.6172,2.1006,-2.0771,5.0,7.910599,1.793925,28,72,6,8,0E-8,0.07803488,,0E-8,0.000000,0.961787,0.000000,,2026-05-15,2026-06-24,6,112,100,41,0.146342,,,0.000000,,,,,,,,GLOBAL_BASELINE_NO_ENTITY_RANKING,,,NOT_APPLICABLE_GLOBAL_BASELINE,HF9g-P5,,,,X 全窗基线 · 不参与实体赏罚,6871415,688,A168_HF9F_20260827_0900,2026-08-27 09:00:00
2026-06-02,149703955,2241,0,4.1542903434,-4.1542903434,-4.1542903434,0E-7,1,1,0.49324550000000000,0.493245500000,-0.9865810262130424,-0.9865810262130424,-0.9865810262130424,0E-17,ELIGIBLE,R03b_20260811_FULL_v1,L1_ELIGIBILITY,v2026-08-11,2026-03-21..2026-08-06,baccarat_bet02_101_all_pairs_incl_sentinel,round_win = game_pnl > 0 (decisive only),COMPATIBILITY_ONLY_NOT_PRODUCTION,2151.7302,2069.5069,167.9100,571,203,-0.07803488,,-0.07803488,-0.07803488,-167.9100,2151.7302,OK,0.0000,6.7164,4.0000,96.0000,AG03-UNRESOLVED,ALL5_LEVELS_bet23_to_bet27,6.7164,6.7164,6.7164,10.0746,10.0746,4.000000,4.000000,4.000000,6.000000,6.000000,96.000000,96.000000,96.000000,94.000000,94.000000,5.0,40.2984,36.6459,127.6116,131.2641,PENDING_AG03,FALSE,NOT_FOR_ENFORCEMENT,161.1936,1986.7267,167.9100,161.1936,6.7164,0.07803488,0.07491348,6.7164,161.1936,0.07491348,6.7164,6.7164,6.7164,10.0746,10.0746,161.1936,0.07491348,40.2984,36.6459,127.6116,131.2641,0.05930651,0.06100398,0.00312140,3.7684,10.1946,0.8271,27.9850,1.4992,358.6217,33.8333,,3.7684,2.0771,2.1006,4.2012,8.4025,10.5031,16.6172,2.1006,-2.0771,5.0,7.910599,1.793925,28,72,6,8,0E-8,0.07803488,,0E-8,0.000000,0.961787,0.000000,,2026-05-15,2026-06-24,6,112,100,41,0.146342,,,0.000000,,,,,,,,GLOBAL_BASELINE_NO_ENTITY_RANKING,,,NOT_APPLICABLE_GLOBAL_BASELINE,HF9g-P5,,,,X 全窗基线 · 不参与实体赏罚,6871416,688,A168_HF9F_20260827_0900,2026-08-27 09:00:00
2026-06-02,149703955,2251,0,110.0886940989,15.5785887875,15.5785887875,1.0000000,20,5,0.32373206589748868,0.192242309333,3.231852566450719,4.583540420313727,3.231852566450719,0.13148975656448868,ELIGIBLE,R03b_20260811_FULL_v1,L1_ELIGIBILITY,v2026-08-11,2026-03-21..2026-08-06,baccarat_bet02_101_all_pairs_incl_sentinel,round_win = game_pnl > 0 (decisive only),COMPATIBILITY_ONLY_NOT_PRODUCTION,2151.7302,2069.5069,167.9100,571,203,-0.07803488,,-0.07803488,-0.07803488,-167.9100,2151.7302,OK,0.0000,6.7164,4.0000,96.0000,AG03-UNRESOLVED,ALL5_LEVELS_bet23_to_bet27,6.7164,6.7164,6.7164,10.0746,10.0746,4.000000,4.000000,4.000000,6.000000,6.000000,96.000000,96.000000,96.000000,94.000000,94.000000,5.0,40.2984,36.6459,127.6116,131.2641,PENDING_AG03,FALSE,NOT_FOR_ENFORCEMENT,161.1936,1986.7267,167.9100,161.1936,6.7164,0.07803488,0.07491348,6.7164,161.1936,0.07491348,6.7164,6.7164,6.7164,10.0746,10.0746,161.1936,0.07491348,40.2984,36.6459,127.6116,131.2641,0.05930651,0.06100398,0.00312140,3.7684,10.1946,0.8271,27.9850,1.4992,358.6217,33.8333,,3.7684,2.0771,2.1006,4.2012,8.4025,10.5031,16.6172,2.1006,-2.0771,5.0,7.910599,1.793925,28,72,6,8,0E-8,0.07803488,,0E-8,0.000000,0.961787,0.000000,,2026-05-15,2026-06-24,6,112,100,41,0.146342,,,0.000000,,,,,,,,GLOBAL_BASELINE_NO_ENTITY_RANKING,,,NOT_APPLICABLE_GLOBAL_BASELINE,HF9g-P5,,,,X 全窗基线 · 不参与实体赏罚,6871417,688,A168_HF9F_20260827_0900,2026-08-27 09:00:00
2026-06-02,149703955,2256,0,6.2314355150,0E-10,0E-10,,1,1,0.49324550000000000,0.493245500000,,,,0E-17,NO_DECISIVE_ROUND,R03b_20260811_FULL_v1,L1_ELIGIBILITY,v2026-08-11,2026-03-21..2026-08-06,baccarat_bet02_101_all_pairs_incl_sentinel,round_win = game_pnl > 0 (decisive only),COMPATIBILITY_ONLY_NOT_PRODUCTION,2151.7302,2069.5069,167.9100,571,203,-0.07803488,,-0.07803488,-0.07803488,-167.9100,2151.7302,OK,0.0000,6.7164,4.0000,96.0000,AG03-UNRESOLVED,ALL5_LEVELS_bet23_to_bet27,6.7164,6.7164,6.7164,10.0746,10.0746,4.000000,4.000000,4.000000,6.000000,6.000000,96.000000,96.000000,96.000000,94.000000,94.000000,5.0,40.2984,36.6459,127.6116,131.2641,PENDING_AG03,FALSE,NOT_FOR_ENFORCEMENT,161.1936,1986.7267,167.9100,161.1936,6.7164,0.07803488,0.07491348,6.7164,161.1936,0.07491348,6.7164,6.7164,6.7164,10.0746,10.0746,161.1936,0.07491348,40.2984,36.6459,127.6116,131.2641,0.05930651,0.06100398,0.00312140,3.7684,10.1946,0.8271,27.9850,1.4992,358.6217,33.8333,,3.7684,2.0771,2.1006,4.2012,8.4025,10.5031,16.6172,2.1006,-2.0771,5.0,7.910599,1.793925,28,72,6,8,0E-8,0.07803488,,0E-8,0.000000,0.961787,0.000000,,2026-05-15,2026-06-24,6,112,100,41,0.146342,,,0.000000,,,,,,,,GLOBAL_BASELINE_NO_ENTITY_RANKING,,,NOT_APPLICABLE_GLOBAL_BASELINE,HF9g-P5,,,,X 全窗基线 · 不参与实体赏罚,6871418,688,A168_HF9F_20260827_0900,2026-08-27 09:00:00
2026-06-02,149703955,763,0,22.8485968886,-18.6943065452,-18.6943065452,0E-7,7,2,0.10597917000027991,0.139961333334,-0.48691307413170637,-0.5705057747539851,-0.48691307413170637,-0.03398216333372009,ELIGIBLE,R03b_20260811_FULL_v1,L1_ELIGIBILITY,v2026-08-11,2026-03-21..2026-08-06,baccarat_bet02_101_all_pairs_incl_sentinel,round_win = game_pnl > 0 (decisive only),COMPATIBILITY_ONLY_NOT_PRODUCTION,2151.7302,2069.5069,167.9100,571,203,-0.07803488,,-0.07803488,-0.07803488,-167.9100,2151.7302,OK,0.0000,6.7164,4.0000,96.0000,AG03-UNRESOLVED,ALL5_LEVELS_bet23_to_bet27,6.7164,6.7164,6.7164,10.0746,10.0746,4.000000,4.000000,4.000000,6.000000,6.000000,96.000000,96.000000,96.000000,94.000000,94.000000,5.0,40.2984,36.6459,127.6116,131.2641,PENDING_AG03,FALSE,NOT_FOR_ENFORCEMENT,161.1936,1986.7267,167.9100,161.1936,6.7164,0.07803488,0.07491348,6.7164,161.1936,0.07491348,6.7164,6.7164,6.7164,10.0746,10.0746,161.1936,0.07491348,40.2984,36.6459,127.6116,131.2641,0.05930651,0.06100398,0.00312140,3.7684,10.1946,0.8271,27.9850,1.4992,358.6217,33.8333,,3.7684,2.0771,2.1006,4.2012,8.4025,10.5031,16.6172,2.1006,-2.0771,5.0,7.910599,1.793925,28,72,6,8,0E-8,0.07803488,,0E-8,0.000000,0.961787,0.000000,,2026-05-15,2026-06-24,6,112,100,41,0.146342,,,0.000000,,,,,,,,GLOBAL_BASELINE_NO_ENTITY_RANKING,,,NOT_APPLICABLE_GLOBAL_BASELINE,HF9g-P5,,,,X 全窗基线 · 不参与实体赏罚,6871419,688,A168_HF9F_20260827_0900,2026-08-27 09:00:00
2026-06-08,149703955,-1,1,3.1157177575,-3.1157177575,-3.1157177575,0E-7,1,1,0.49324550000000000,0.493245500000,-0.9865810262130424,-0.9865810262130424,-0.9865810262130424,0E-17,SENTINEL_DEALER,R03b_20260811_FULL_v1,L1_ELIGIBILITY,v2026-08-11,2026-03-21..2026-08-06,baccarat_bet02_101_all_pairs_incl_sentinel,round_win = game_pnl > 0 (decisive only),COMPATIBILITY_ONLY_NOT_PRODUCTION,2151.7302,2069.5069,167.9100,571,203,-0.07803488,,-0.07803488,-0.07803488,-167.9100,2151.7302,OK,0.0000,6.7164,4.0000,96.0000,AG03-UNRESOLVED,ALL5_LEVELS_bet23_to_bet27,6.7164,6.7164,6.7164,10.0746,10.0746,4.000000,4.000000,4.000000,6.000000,6.000000,96.000000,96.000000,96.000000,94.000000,94.000000,5.0,40.2984,36.6459,127.6116,131.2641,PENDING_AG03,FALSE,NOT_FOR_ENFORCEMENT,161.1936,1986.7267,167.9100,161.1936,6.7164,0.07803488,0.07491348,6.7164,161.1936,0.07491348,6.7164,6.7164,6.7164,10.0746,10.0746,161.1936,0.07491348,40.2984,36.6459,127.6116,131.2641,0.05930651,0.06100398,0.00312140,3.7684,10.1946,0.8271,27.9850,1.4992,358.6217,33.8333,,3.7684,2.0771,2.1006,4.2012,8.4025,10.5031,16.6172,2.1006,-2.0771,5.0,7.910599,1.793925,28,72,6,8,0E-8,0.07803488,,0E-8,0.000000,0.961787,0.000000,,2026-05-15,2026-06-24,6,112,100,41,0.146342,,,0.000000,,,,,,,,GLOBAL_BASELINE_NO_ENTITY_RANKING,,,NOT_APPLICABLE_GLOBAL_BASELINE,HF9g-P5,,,,X 全窗基线 · 不参与实体赏罚,6871420,688,A168_HF9F_20260827_0900,2026-08-27 09:00:00
2026-06-08,149703955,1302,0,12.0474419958,-0.7062293584,-0.7062293584,0.5000000,3,2,0.43019225000000000,0.395314325000,0.19939908961008138,0.30280715948011583,0.19939908961008138,0.03487792500000000,ELIGIBLE,R03b_20260811_FULL_v1,L1_ELIGIBILITY,v2026-08-11,2026-03-21..2026-08-06,baccarat_bet02_101_all_pairs_incl_sentinel,round_win = game_pnl > 0 (decisive only),COMPATIBILITY_ONLY_NOT_PRODUCTION,2151.7302,2069.5069,167.9100,571,203,-0.07803488,,-0.07803488,-0.07803488,-167.9100,2151.7302,OK,0.0000,6.7164,4.0000,96.0000,AG03-UNRESOLVED,ALL5_LEVELS_bet23_to_bet27,6.7164,6.7164,6.7164,10.0746,10.0746,4.000000,4.000000,4.000000,6.000000,6.000000,96.000000,96.000000,96.000000,94.000000,94.000000,5.0,40.2984,36.6459,127.6116,131.2641,PENDING_AG03,FALSE,NOT_FOR_ENFORCEMENT,161.1936,1986.7267,167.9100,161.1936,6.7164,0.07803488,0.07491348,6.7164,161.1936,0.07491348,6.7164,6.7164,6.7164,10.0746,10.0746,161.1936,0.07491348,40.2984,36.6459,127.6116,131.2641,0.05930651,0.06100398,0.00312140,3.7684,10.1946,0.8271,27.9850,1.4992,358.6217,33.8333,,3.7684,2.0771,2.1006,4.2012,8.4025,10.5031,16.6172,2.1006,-2.0771,5.0,7.910599,1.793925,28,72,6,8,0E-8,0.07803488,,0E-8,0.000000,0.961787,0.000000,,2026-05-15,2026-06-24,6,112,100,41,0.146342,,,0.000000,,,,,,,,GLOBAL_BASELINE_NO_ENTITY_RANKING,,,NOT_APPLICABLE_GLOBAL_BASELINE,HF9g-P5,,,,X 全窗基线 · 不参与实体赏罚,6871421,688,A168_HF9F_20260827_0900,2026-08-27 09:00:00
2026-06-08,149703955,1325,0,22.8485968885,12.4628710300,12.4628710300,0.5000000,7,2,0.31759659145245426,0.189791670834,0.554101642331342,1.1187460785736358,0.554101642331342,0.12780492061845426,ELIGIBLE,R03b_20260811_FULL_v1,L1_ELIGIBILITY,v2026-08-11,2026-03-21..2026-08-06,baccarat_bet02_101_all_pairs_incl_sentinel,round_win = game_pnl > 0 (decisive only),COMPATIBILITY_ONLY_NOT_PRODUCTION,2151.7302,2069.5069,167.9100,571,203,-0.07803488,,-0.07803488,-0.07803488,-167.9100,2151.7302,OK,0.0000,6.7164,4.0000,96.0000,AG03-UNRESOLVED,ALL5_LEVELS_bet23_to_bet27,6.7164,6.7164,6.7164,10.0746,10.0746,4.000000,4.000000,4.000000,6.000000,6.000000,96.000000,96.000000,96.000000,94.000000,94.000000,5.0,40.2984,36.6459,127.6116,131.2641,PENDING_AG03,FALSE,NOT_FOR_ENFORCEMENT,161.1936,1986.7267,167.9100,161.1936,6.7164,0.07803488,0.07491348,6.7164,161.1936,0.07491348,6.7164,6.7164,6.7164,10.0746,10.0746,161.1936,0.07491348,40.2984,36.6459,127.6116,131.2641,0.05930651,0.06100398,0.00312140,3.7684,10.1946,0.8271,27.9850,1.4992,358.6217,33.8333,,3.7684,2.0771,2.1006,4.2012,8.4025,10.5031,16.6172,2.1006,-2.0771,5.0,7.910599,1.793925,28,72,6,8,0E-8,0.07803488,,0E-8,0.000000,0.961787,0.000000,,2026-05-15,2026-06-24,6,112,100,41,0.146342,,,0.000000,,,,,,,,GLOBAL_BASELINE_NO_ENTITY_RANKING,,,NOT_APPLICABLE_GLOBAL_BASELINE,HF9g-P5,,,,X 全窗基线 · 不参与实体赏罚,6871422,688,A168_HF9F_20260827_0900,2026-08-27 09:00:00
2026-06-08,149703955,1330,0,21.3945952683,-11.0088694099,-11.0088694099,0.5000000,8,2,0.29721520946906610,0.167044925000,0.6274854852523006,1.26233087471445,0.6274854852523006,0.13017028446906610,ELIGIBLE,R03b_20260811_FULL_v1,L1_ELIGIBILITY,v2026-08-11,2026-03-21..2026-08-06,baccarat_bet02_101_all_pairs_incl_sentinel,round_win = game_pnl > 0 (decisive only),COMPATIBILITY_ONLY_NOT_PRODUCTION,2151.7302,2069.5069,167.9100,571,203,-0.07803488,,-0.07803488,-0.07803488,-167.9100,2151.7302,OK,0.0000,6.7164,4.0000,96.0000,AG03-UNRESOLVED,ALL5_LEVELS_bet23_to_bet27,6.7164,6.7164,6.7164,10.0746,10.0746,4.000000,4.000000,4.000000,6.000000,6.000000,96.000000,96.000000,96.000000,94.000000,94.000000,5.0,40.2984,36.6459,127.6116,131.2641,PENDING_AG03,FALSE,NOT_FOR_ENFORCEMENT,161.1936,1986.7267,167.9100,161.1936,6.7164,0.07803488,0.07491348,6.7164,161.1936,0.07491348,6.7164,6.7164,6.7164,10.0746,10.0746,161.1936,0.07491348,40.2984,36.6459,127.6116,131.2641,0.05930651,0.06100398,0.00312140,3.7684,10.1946,0.8271,27.9850,1.4992,358.6217,33.8333,,3.7684,2.0771,2.1006,4.2012,8.4025,10.5031,16.6172,2.1006,-2.0771,5.0,7.910599,1.793925,28,72,6,8,0E-8,0.07803488,,0E-8,0.000000,0.961787,0.000000,,2026-05-15,2026-06-24,6,112,100,41,0.146342,,,0.000000,,,,,,,,GLOBAL_BASELINE_NO_ENTITY_RANKING,,,NOT_APPLICABLE_GLOBAL_BASELINE,HF9g-P5,,,,X 全窗基线 · 不参与实体赏罚,6871423,688,A168_HF9F_20260827_0900,2026-08-27 09:00:00
2026-06-08,149703955,1654,0,9.1394387554,-9.1394387554,-9.1394387554,0E-7,3,1,0.30299679545288016,0.214214066667,-0.6593281681187548,-0.5221218497722453,-0.6593281681187548,0.08878272878588016,ELIGIBLE,R03b_20260811_FULL_v1,L1_ELIGIBILITY,v2026-08-11,2026-03-21..2026-08-06,baccarat_bet02_101_all_pairs_incl_sentinel,round_win = game_pnl > 0 (decisive only),COMPATIBILITY_ONLY_NOT_PRODUCTION,2151.7302,2069.5069,167.9100,571,203,-0.07803488,,-0.07803488,-0.07803488,-167.9100,2151.7302,OK,0.0000,6.7164,4.0000,96.0000,AG03-UNRESOLVED,ALL5_LEVELS_bet23_to_bet27,6.7164,6.7164,6.7164,10.0746,10.0746,4.000000,4.000000,4.000000,6.000000,6.000000,96.000000,96.000000,96.000000,94.000000,94.000000,5.0,40.2984,36.6459,127.6116,131.2641,PENDING_AG03,FALSE,NOT_FOR_ENFORCEMENT,161.1936,1986.7267,167.9100,161.1936,6.7164,0.07803488,0.07491348,6.7164,161.1936,0.07491348,6.7164,6.7164,6.7164,10.0746,10.0746,161.1936,0.07491348,40.2984,36.6459,127.6116,131.2641,0.05930651,0.06100398,0.00312140,3.7684,10.1946,0.8271,27.9850,1.4992,358.6217,33.8333,,3.7684,2.0771,2.1006,4.2012,8.4025,10.5031,16.6172,2.1006,-2.0771,5.0,7.910599,1.793925,28,72,6,8,0E-8,0.07803488,,0E-8,0.000000,0.961787,0.000000,,2026-05-15,2026-06-24,6,112,100,41,0.146342,,,0.000000,,,,,,,,GLOBAL_BASELINE_NO_ENTITY_RANKING,,,NOT_APPLICABLE_GLOBAL_BASELINE,HF9g-P5,,,,X 全窗基线 · 不参与实体赏罚,6871424,688,A168_HF9F_20260827_0900,2026-08-27 09:00:00
2026-06-08,149703955,1714,0,2.0771451717,2.0771451717,2.0771451717,1.0000000,1,1,0.49324550000000000,0.493245500000,1.01360149184955,1.01360149184955,1.01360149184955,0E-17,ELIGIBLE,R03b_20260811_FULL_v1,L1_ELIGIBILITY,v2026-08-11,2026-03-21..2026-08-06,baccarat_bet02_101_all_pairs_incl_sentinel,round_win = game_pnl > 0 (decisive only),COMPATIBILITY_ONLY_NOT_PRODUCTION,2151.7302,2069.5069,167.9100,571,203,-0.07803488,,-0.07803488,-0.07803488,-167.9100,2151.7302,OK,0.0000,6.7164,4.0000,96.0000,AG03-UNRESOLVED,ALL5_LEVELS_bet23_to_bet27,6.7164,6.7164,6.7164,10.0746,10.0746,4.000000,4.000000,4.000000,6.000000,6.000000,96.000000,96.000000,96.000000,94.000000,94.000000,5.0,40.2984,36.6459,127.6116,131.2641,PENDING_AG03,FALSE,NOT_FOR_ENFORCEMENT,161.1936,1986.7267,167.9100,161.1936,6.7164,0.07803488,0.07491348,6.7164,161.1936,0.07491348,6.7164,6.7164,6.7164,10.0746,10.0746,161.1936,0.07491348,40.2984,36.6459,127.6116,131.2641,0.05930651,0.06100398,0.00312140,3.7684,10.1946,0.8271,27.9850,1.4992,358.6217,33.8333,,3.7684,2.0771,2.1006,4.2012,8.4025,10.5031,16.6172,2.1006,-2.0771,5.0,7.910599,1.793925,28,72,6,8,0E-8,0.07803488,,0E-8,0.000000,0.961787,0.000000,,2026-05-15,2026-06-24,6,112,100,41,0.146342,,,0.000000,,,,,,,,GLOBAL_BASELINE_NO_ENTITY_RANKING,,,NOT_APPLICABLE_GLOBAL_BASELINE,HF9g-P5,,,,X 全窗基线 · 不参与实体赏罚,6871425,688,A168_HF9F_20260827_0900,2026-08-27 09:00:00
2026-06-08,149703955,1966,0,9.3471532726,4.8293625241,4.8293625241,1.0000000,2,1,0.41065861111059763,0.290668500000,1.1979618949506796,1.562160450482473,1.1979618949506796,0.11999011111059763,ELIGIBLE,R03b_20260811_FULL_v1,L1_ELIGIBILITY,v2026-08-11,2026-03-21..2026-08-06,baccarat_bet02_101_all_pairs_incl_sentinel,round_win = game_pnl > 0 (decisive only),COMPATIBILITY_ONLY_NOT_PRODUCTION,2151.7302,2069.5069,167.9100,571,203,-0.07803488,,-0.07803488,-0.07803488,-167.9100,2151.7302,OK,0.0000,6.7164,4.0000,96.0000,AG03-UNRESOLVED,ALL5_LEVELS_bet23_to_bet27,6.7164,6.7164,6.7164,10.0746,10.0746,4.000000,4.000000,4.000000,6.000000,6.000000,96.000000,96.000000,96.000000,94.000000,94.000000,5.0,40.2984,36.6459,127.6116,131.2641,PENDING_AG03,FALSE,NOT_FOR_ENFORCEMENT,161.1936,1986.7267,167.9100,161.1936,6.7164,0.07803488,0.07491348,6.7164,161.1936,0.07491348,6.7164,6.7164,6.7164,10.0746,10.0746,161.1936,0.07491348,40.2984,36.6459,127.6116,131.2641,0.05930651,0.06100398,0.00312140,3.7684,10.1946,0.8271,27.9850,1.4992,358.6217,33.8333,,3.7684,2.0771,2.1006,4.2012,8.4025,10.5031,16.6172,2.1006,-2.0771,5.0,7.910599,1.793925,28,72,6,8,0E-8,0.07803488,,0E-8,0.000000,0.961787,0.000000,,2026-05-15,2026-06-24,6,112,100,41,0.146342,,,0.000000,,,,,,,,GLOBAL_BASELINE_NO_ENTITY_RANKING,,,NOT_APPLICABLE_GLOBAL_BASELINE,HF9g-P5,,,,X 全窗基线 · 不参与实体赏罚,6871426,688,A168_HF9F_20260827_0900,2026-08-27 09:00:00
2026-06-08,149703955,2089,0,3.1157177575,-3.1157177575,-3.1157177575,0E-7,1,1,0.49324550000000000,0.493245500000,-0.9865810262130424,-0.9865810262130424,-0.9865810262130424,0E-17,ELIGIBLE,R03b_20260811_FULL_v1,L1_ELIGIBILITY,v2026-08-11,2026-03-21..2026-08-06,baccarat_bet02_101_all_pairs_incl_sentinel,round_win = game_pnl > 0 (decisive only),COMPATIBILITY_ONLY_NOT_PRODUCTION,2151.7302,2069.5069,167.9100,571,203,-0.07803488,,-0.07803488,-0.07803488,-167.9100,2151.7302,OK,0.0000,6.7164,4.0000,96.0000,AG03-UNRESOLVED,ALL5_LEVELS_bet23_to_bet27,6.7164,6.7164,6.7164,10.0746,10.0746,4.000000,4.000000,4.000000,6.000000,6.000000,96.000000,96.000000,96.000000,94.000000,94.000000,5.0,40.2984,36.6459,127.6116,131.2641,PENDING_AG03,FALSE,NOT_FOR_ENFORCEMENT,161.1936,1986.7267,167.9100,161.1936,6.7164,0.07803488,0.07491348,6.7164,161.1936,0.07491348,6.7164,6.7164,6.7164,10.0746,10.0746,161.1936,0.07491348,40.2984,36.6459,127.6116,131.2641,0.05930651,0.06100398,0.00312140,3.7684,10.1946,0.8271,27.9850,1.4992,358.6217,33.8333,,3.7684,2.0771,2.1006,4.2012,8.4025,10.5031,16.6172,2.1006,-2.0771,5.0,7.910599,1.793925,28,72,6,8,0E-8,0.07803488,,0E-8,0.000000,0.961787,0.000000,,2026-05-15,2026-06-24,6,112,100,41,0.146342,,,0.000000,,,,,,,,GLOBAL_BASELINE_NO_ENTITY_RANKING,,,NOT_APPLICABLE_GLOBAL_BASELINE,HF9g-P5,,,,X 全窗基线 · 不参与实体赏罚,6871427,688,A168_HF9F_20260827_0900,2026-08-27 09:00:00
2026-06-08,149703955,2142,0,17.6557339593,-7.2700081009,-7.2700081009,0.5000000,6,2,0.32602136857112491,0.224667587500,0.5248857849327564,0.9329495447304047,0.5248857849327564,0.10135378107112491,ELIGIBLE,R03b_20260811_FULL_v1,L1_ELIGIBILITY,v2026-08-11,2026-03-21..2026-08-06,baccarat_bet02_101_all_pairs_incl_sentinel,round_win = game_pnl > 0 (decisive only),COMPATIBILITY_ONLY_NOT_PRODUCTION,2151.7302,2069.5069,167.9100,571,203,-0.07803488,,-0.07803488,-0.07803488,-167.9100,2151.7302,OK,0.0000,6.7164,4.0000,96.0000,AG03-UNRESOLVED,ALL5_LEVELS_bet23_to_bet27,6.7164,6.7164,6.7164,10.0746,10.0746,4.000000,4.000000,4.000000,6.000000,6.000000,96.000000,96.000000,96.000000,94.000000,94.000000,5.0,40.2984,36.6459,127.6116,131.2641,PENDING_AG03,FALSE,NOT_FOR_ENFORCEMENT,161.1936,1986.7267,167.9100,161.1936,6.7164,0.07803488,0.07491348,6.7164,161.1936,0.07491348,6.7164,6.7164,6.7164,10.0746,10.0746,161.1936,0.07491348,40.2984,36.6459,127.6116,131.2641,0.05930651,0.06100398,0.00312140,3.7684,10.1946,0.8271,27.9850,1.4992,358.6217,33.8333,,3.7684,2.0771,2.1006,4.2012,8.4025,10.5031,16.6172,2.1006,-2.0771,5.0,7.910599,1.793925,28,72,6,8,0E-8,0.07803488,,0E-8,0.000000,0.961787,0.000000,,2026-05-15,2026-06-24,6,112,100,41,0.146342,,,0.000000,,,,,,,,GLOBAL_BASELINE_NO_ENTITY_RANKING,,,NOT_APPLICABLE_GLOBAL_BASELINE,HF9g-P5,,,,X 全窗基线 · 不参与实体赏罚,6871428,688,A168_HF9F_20260827_0900,2026-08-27 09:00:00
2026-06-08,149703955,2239,0,5.1928629292,5.1928629292,5.1928629292,1.0000000,2,2,0.49324550000000000,0.493245500000,1.4334489766152358,1.4334489766152358,1.4334489766152358,0E-17,ELIGIBLE,R03b_20260811_FULL_v1,L1_ELIGIBILITY,v2026-08-11,2026-03-21..2026-08-06,baccarat_bet02_101_all_pairs_incl_sentinel,round_win = game_pnl > 0 (decisive only),COMPATIBILITY_ONLY_NOT_PRODUCTION,2151.7302,2069.5069,167.9100,571,203,-0.07803488,,-0.07803488,-0.07803488,-167.9100,2151.7302,OK,0.0000,6.7164,4.0000,96.0000,AG03-UNRESOLVED,ALL5_LEVELS_bet23_to_bet27,6.7164,6.7164,6.7164,10.0746,10.0746,4.000000,4.000000,4.000000,6.000000,6.000000,96.000000,96.000000,96.000000,94.000000,94.000000,5.0,40.2984,36.6459,127.6116,131.2641,PENDING_AG03,FALSE,NOT_FOR_ENFORCEMENT,161.1936,1986.7267,167.9100,161.1936,6.7164,0.07803488,0.07491348,6.7164,161.1936,0.07491348,6.7164,6.7164,6.7164,10.0746,10.0746,161.1936,0.07491348,40.2984,36.6459,127.6116,131.2641,0.05930651,0.06100398,0.00312140,3.7684,10.1946,0.8271,27.9850,1.4992,358.6217,33.8333,,3.7684,2.0771,2.1006,4.2012,8.4025,10.5031,16.6172,2.1006,-2.0771,5.0,7.910599,1.793925,28,72,6,8,0E-8,0.07803488,,0E-8,0.000000,0.961787,0.000000,,2026-05-15,2026-06-24,6,112,100,41,0.146342,,,0.000000,,,,,,,,GLOBAL_BASELINE_NO_ENTITY_RANKING,,,NOT_APPLICABLE_GLOBAL_BASELINE,HF9g-P5,,,,X 全窗基线 · 不参与实体赏罚,6871429,688,A168_HF9F_20260827_0900,2026-08-27 09:00:00
2026-06-08,149703955,2256,0,4.1542903434,3.9465758262,3.9465758262,1.0000000,1,1,0.50665070000000000,0.506650700000,0.9867858985152569,0.9867858985152569,0.9867858985152569,0E-17,ELIGIBLE,R03b_20260811_FULL_v1,L1_ELIGIBILITY,v2026-08-11,2026-03-21..2026-08-06,baccarat_bet02_101_all_pairs_incl_sentinel,round_win = game_pnl > 0 (decisive only),COMPATIBILITY_ONLY_NOT_PRODUCTION,2151.7302,2069.5069,167.9100,571,203,-0.07803488,,-0.07803488,-0.07803488,-167.9100,2151.7302,OK,0.0000,6.7164,4.0000,96.0000,AG03-UNRESOLVED,ALL5_LEVELS_bet23_to_bet27,6.7164,6.7164,6.7164,10.0746,10.0746,4.000000,4.000000,4.000000,6.000000,6.000000,96.000000,96.000000,96.000000,94.000000,94.000000,5.0,40.2984,36.6459,127.6116,131.2641,PENDING_AG03,FALSE,NOT_FOR_ENFORCEMENT,161.1936,1986.7267,167.9100,161.1936,6.7164,0.07803488,0.07491348,6.7164,161.1936,0.07491348,6.7164,6.7164,6.7164,10.0746,10.0746,161.1936,0.07491348,40.2984,36.6459,127.6116,131.2641,0.05930651,0.06100398,0.00312140,3.7684,10.1946,0.8271,27.9850,1.4992,358.6217,33.8333,,3.7684,2.0771,2.1006,4.2012,8.4025,10.5031,16.6172,2.1006,-2.0771,5.0,7.910599,1.793925,28,72,6,8,0E-8,0.07803488,,0E-8,0.000000,0.961787,0.000000,,2026-05-15,2026-06-24,6,112,100,41,0.146342,,,0.000000,,,,,,,,GLOBAL_BASELINE_NO_ENTITY_RANKING,,,NOT_APPLICABLE_GLOBAL_BASELINE,HF9g-P5,,,,X 全窗基线 · 不参与实体赏罚,6871430,688,A168_HF9F_20260827_0900,2026-08-27 09:00:00
2026-06-08,149703955,529,0,5.1928629292,-5.1928629292,-5.1928629292,0E-7,3,1,0.06352566000043031,0.056077200000,-0.2604513734523446,-0.24373894227303536,-0.2604513734523446,0.00744846000043031,ELIGIBLE,R03b_20260811_FULL_v1,L1_ELIGIBILITY,v2026-08-11,2026-03-21..2026-08-06,baccarat_bet02_101_all_pairs_incl_sentinel,round_win = game_pnl > 0 (decisive only),COMPATIBILITY_ONLY_NOT_PRODUCTION,2151.7302,2069.5069,167.9100,571,203,-0.07803488,,-0.07803488,-0.07803488,-167.9100,2151.7302,OK,0.0000,6.7164,4.0000,96.0000,AG03-UNRESOLVED,ALL5_LEVELS_bet23_to_bet27,6.7164,6.7164,6.7164,10.0746,10.0746,4.000000,4.000000,4.000000,6.000000,6.000000,96.000000,96.000000,96.000000,94.000000,94.000000,5.0,40.2984,36.6459,127.6116,131.2641,PENDING_AG03,FALSE,NOT_FOR_ENFORCEMENT,161.1936,1986.7267,167.9100,161.1936,6.7164,0.07803488,0.07491348,6.7164,161.1936,0.07491348,6.7164,6.7164,6.7164,10.0746,10.0746,161.1936,0.07491348,40.2984,36.6459,127.6116,131.2641,0.05930651,0.06100398,0.00312140,3.7684,10.1946,0.8271,27.9850,1.4992,358.6217,33.8333,,3.7684,2.0771,2.1006,4.2012,8.4025,10.5031,16.6172,2.1006,-2.0771,5.0,7.910599,1.793925,28,72,6,8,0E-8,0.07803488,,0E-8,0.000000,0.961787,0.000000,,2026-05-15,2026-06-24,6,112,100,41,0.146342,,,0.000000,,,,,,,,GLOBAL_BASELINE_NO_ENTITY_RANKING,,,NOT_APPLICABLE_GLOBAL_BASELINE,HF9g-P5,,,,X 全窗基线 · 不参与实体赏罚,6871431,688,A168_HF9F_20260827_0900,2026-08-27 09:00:00
2026-06-08,149703955,583,0,11.4242984442,-5.1928629292,-5.1928629292,0E-7,4,1,0.29791829999951169,0.165369275000,-0.6514105140390799,-0.44512319653298565,-0.6514105140390799,0.13254902499951169,ELIGIBLE,R03b_20260811_FULL_v1,L1_ELIGIBILITY,v2026-08-11,2026-03-21..2026-08-06,baccarat_bet02_101_all_pairs_incl_sentinel,round_win = game_pnl > 0 (decisive only),COMPATIBILITY_ONLY_NOT_PRODUCTION,2151.7302,2069.5069,167.9100,571,203,-0.07803488,,-0.07803488,-0.07803488,-167.9100,2151.7302,OK,0.0000,6.7164,4.0000,96.0000,AG03-UNRESOLVED,ALL5_LEVELS_bet23_to_bet27,6.7164,6.7164,6.7164,10.0746,10.0746,4.000000,4.000000,4.000000,6.000000,6.000000,96.000000,96.000000,96.000000,94.000000,94.000000,5.0,40.2984,36.6459,127.6116,131.2641,PENDING_AG03,FALSE,NOT_FOR_ENFORCEMENT,161.1936,1986.7267,167.9100,161.1936,6.7164,0.07803488,0.07491348,6.7164,161.1936,0.07491348,6.7164,6.7164,6.7164,10.0746,10.0746,161.1936,0.07491348,40.2984,36.6459,127.6116,131.2641,0.05930651,0.06100398,0.00312140,3.7684,10.1946,0.8271,27.9850,1.4992,358.6217,33.8333,,3.7684,2.0771,2.1006,4.2012,8.4025,10.5031,16.6172,2.1006,-2.0771,5.0,7.910599,1.793925,28,72,6,8,0E-8,0.07803488,,0E-8,0.000000,0.961787,0.000000,,2026-05-15,2026-06-24,6,112,100,41,0.146342,,,0.000000,,,,,,,,GLOBAL_BASELINE_NO_ENTITY_RANKING,,,NOT_APPLICABLE_GLOBAL_BASELINE,HF9g-P5,,,,X 全窗基线 · 不参与实体赏罚,6871432,688,A168_HF9F_20260827_0900,2026-08-27 09:00:00
2026-06-23,149703955,-1,1,58.1600648073,-12.5667282890,-12.5667282890,0.3000000,24,10,0.31976763177143096,0.267152626667,-0.1340320763353036,0.2347546235153183,-0.1340320763353036,0.05261500510443096,SENTINEL_DEALER,R03b_20260811_FULL_v1,L1_ELIGIBILITY,v2026-08-11,2026-03-21..2026-08-06,baccarat_bet02_101_all_pairs_incl_sentinel,round_win = game_pnl > 0 (decisive only),COMPATIBILITY_ONLY_NOT_PRODUCTION,2151.7302,2069.5069,167.9100,571,203,-0.07803488,,-0.07803488,-0.07803488,-167.9100,2151.7302,OK,0.0000,6.7164,4.0000,96.0000,AG03-UNRESOLVED,ALL5_LEVELS_bet23_to_bet27,6.7164,6.7164,6.7164,10.0746,10.0746,4.000000,4.000000,4.000000,6.000000,6.000000,96.000000,96.000000,96.000000,94.000000,94.000000,5.0,40.2984,36.6459,127.6116,131.2641,PENDING_AG03,FALSE,NOT_FOR_ENFORCEMENT,161.1936,1986.7267,167.9100,161.1936,6.7164,0.07803488,0.07491348,6.7164,161.1936,0.07491348,6.7164,6.7164,6.7164,10.0746,10.0746,161.1936,0.07491348,40.2984,36.6459,127.6116,131.2641,0.05930651,0.06100398,0.00312140,3.7684,10.1946,0.8271,27.9850,1.4992,358.6217,33.8333,,3.7684,2.0771,2.1006,4.2012,8.4025,10.5031,16.6172,2.1006,-2.0771,5.0,7.910599,1.793925,28,72,6,8,0E-8,0.07803488,,0E-8,0.000000,0.961787,0.000000,,2026-05-15,2026-06-24,6,112,100,41,0.146342,,,0.000000,,,,,,,,GLOBAL_BASELINE_NO_ENTITY_RANKING,,,NOT_APPLICABLE_GLOBAL_BASELINE,HF9g-P5,,,,X 全窗基线 · 不参与实体赏罚,6871433,688,A168_HF9F_20260827_0900,2026-08-27 09:00:00
2026-06-23,149703955,1318,0,3.1157177575,-3.1157177575,-3.1157177575,0E-7,1,1,0.50665070000000000,0.506650700000,-1.013391052207602,-1.013391052207602,-1.013391052207602,0E-17,ELIGIBLE,R03b_20260811_FULL_v1,L1_ELIGIBILITY,v2026-08-11,2026-03-21..2026-08-06,baccarat_bet02_101_all_pairs_incl_sentinel,round_win = game_pnl > 0 (decisive only),COMPATIBILITY_ONLY_NOT_PRODUCTION,2151.7302,2069.5069,167.9100,571,203,-0.07803488,,-0.07803488,-0.07803488,-167.9100,2151.7302,OK,0.0000,6.7164,4.0000,96.0000,AG03-UNRESOLVED,ALL5_LEVELS_bet23_to_bet27,6.7164,6.7164,6.7164,10.0746,10.0746,4.000000,4.000000,4.000000,6.000000,6.000000,96.000000,96.000000,96.000000,94.000000,94.000000,5.0,40.2984,36.6459,127.6116,131.2641,PENDING_AG03,FALSE,NOT_FOR_ENFORCEMENT,161.1936,1986.7267,167.9100,161.1936,6.7164,0.07803488,0.07491348,6.7164,161.1936,0.07491348,6.7164,6.7164,6.7164,10.0746,10.0746,161.1936,0.07491348,40.2984,36.6459,127.6116,131.2641,0.05930651,0.06100398,0.00312140,3.7684,10.1946,0.8271,27.9850,1.4992,358.6217,33.8333,,3.7684,2.0771,2.1006,4.2012,8.4025,10.5031,16.6172,2.1006,-2.0771,5.0,7.910599,1.793925,28,72,6,8,0E-8,0.07803488,,0E-8,0.000000,0.961787,0.000000,,2026-05-15,2026-06-24,6,112,100,41,0.146342,,,0.000000,,,,,,,,GLOBAL_BASELINE_NO_ENTITY_RANKING,,,NOT_APPLICABLE_GLOBAL_BASELINE,HF9g-P5,,,,X 全窗基线 · 不参与实体赏罚,6871434,688,A168_HF9F_20260827_0900,2026-08-27 09:00:00
2026-06-23,149703955,1384,0,15.5785887876,-12.4628710301,-12.4628710301,0E-7,5,2,0.33387216999833639,0.254681508334,-1.001212627969833,-0.8266901371097852,-1.001212627969833,0.07919066166433639,ELIGIBLE,R03b_20260811_FULL_v1,L1_ELIGIBILITY,v2026-08-11,2026-03-21..2026-08-06,baccarat_bet02_101_all_pairs_incl_sentinel,round_win = game_pnl > 0 (decisive only),COMPATIBILITY_ONLY_NOT_PRODUCTION,2151.7302,2069.5069,167.9100,571,203,-0.07803488,,-0.07803488,-0.07803488,-167.9100,2151.7302,OK,0.0000,6.7164,4.0000,96.0000,AG03-UNRESOLVED,ALL5_LEVELS_bet23_to_bet27,6.7164,6.7164,6.7164,10.0746,10.0746,4.000000,4.000000,4.000000,6.000000,6.000000,96.000000,96.000000,96.000000,94.000000,94.000000,5.0,40.2984,36.6459,127.6116,131.2641,PENDING_AG03,FALSE,NOT_FOR_ENFORCEMENT,161.1936,1986.7267,167.9100,161.1936,6.7164,0.07803488,0.07491348,6.7164,161.1936,0.07491348,6.7164,6.7164,6.7164,10.0746,10.0746,161.1936,0.07491348,40.2984,36.6459,127.6116,131.2641,0.05930651,0.06100398,0.00312140,3.7684,10.1946,0.8271,27.9850,1.4992,358.6217,33.8333,,3.7684,2.0771,2.1006,4.2012,8.4025,10.5031,16.6172,2.1006,-2.0771,5.0,7.910599,1.793925,28,72,6,8,0E-8,0.07803488,,0E-8,0.000000,0.961787,0.000000,,2026-05-15,2026-06-24,6,112,100,41,0.146342,,,0.000000,,,,,,,,GLOBAL_BASELINE_NO_ENTITY_RANKING,,,NOT_APPLICABLE_GLOBAL_BASELINE,HF9g-P5,,,,X 全窗基线 · 不参与实体赏罚,6871435,688,A168_HF9F_20260827_0900,2026-08-27 09:00:00
2026-06-23,149703955,1485,0,4.5697193777,0.2908003240,0.2908003240,1.0000000,2,1,0.31030324545282677,0.290668500000,1.4908568058537595,1.562160450482473,1.4908568058537595,0.01963474545282677,ELIGIBLE,R03b_20260811_FULL_v1,L1_ELIGIBILITY,v2026-08-11,2026-03-21..2026-08-06,baccarat_bet02_101_all_pairs_incl_sentinel,round_win = game_pnl > 0 (decisive only),COMPATIBILITY_ONLY_NOT_PRODUCTION,2151.7302,2069.5069,167.9100,571,203,-0.07803488,,-0.07803488,-0.07803488,-167.9100,2151.7302,OK,0.0000,6.7164,4.0000,96.0000,AG03-UNRESOLVED,ALL5_LEVELS_bet23_to_bet27,6.7164,6.7164,6.7164,10.0746,10.0746,4.000000,4.000000,4.000000,6.000000,6.000000,96.000000,96.000000,96.000000,94.000000,94.000000,5.0,40.2984,36.6459,127.6116,131.2641,PENDING_AG03,FALSE,NOT_FOR_ENFORCEMENT,161.1936,1986.7267,167.9100,161.1936,6.7164,0.07803488,0.07491348,6.7164,161.1936,0.07491348,6.7164,6.7164,6.7164,10.0746,10.0746,161.1936,0.07491348,40.2984,36.6459,127.6116,131.2641,0.05930651,0.06100398,0.00312140,3.7684,10.1946,0.8271,27.9850,1.4992,358.6217,33.8333,,3.7684,2.0771,2.1006,4.2012,8.4025,10.5031,16.6172,2.1006,-2.0771,5.0,7.910599,1.793925,28,72,6,8,0E-8,0.07803488,,0E-8,0.000000,0.961787,0.000000,,2026-05-15,2026-06-24,6,112,100,41,0.146342,,,0.000000,,,,,,,,GLOBAL_BASELINE_NO_ENTITY_RANKING,,,NOT_APPLICABLE_GLOBAL_BASELINE,HF9g-P5,,,,X 全窗基线 · 不参与实体赏罚,6871436,688,A168_HF9F_20260827_0900,2026-08-27 09:00:00
2026-06-23,149703955,1507,0,3.9465758262,3.7492470349,3.7492470349,1.0000000,1,1,0.50665070000000000,0.506650700000,0.9867858985152569,0.9867858985152569,0.9867858985152569,0E-17,ELIGIBLE,R03b_20260811_FULL_v1,L1_ELIGIBILITY,v2026-08-11,2026-03-21..2026-08-06,baccarat_bet02_101_all_pairs_incl_sentinel,round_win = game_pnl > 0 (decisive only),COMPATIBILITY_ONLY_NOT_PRODUCTION,2151.7302,2069.5069,167.9100,571,203,-0.07803488,,-0.07803488,-0.07803488,-167.9100,2151.7302,OK,0.0000,6.7164,4.0000,96.0000,AG03-UNRESOLVED,ALL5_LEVELS_bet23_to_bet27,6.7164,6.7164,6.7164,10.0746,10.0746,4.000000,4.000000,4.000000,6.000000,6.000000,96.000000,96.000000,96.000000,94.000000,94.000000,5.0,40.2984,36.6459,127.6116,131.2641,PENDING_AG03,FALSE,NOT_FOR_ENFORCEMENT,161.1936,1986.7267,167.9100,161.1936,6.7164,0.07803488,0.07491348,6.7164,161.1936,0.07491348,6.7164,6.7164,6.7164,10.0746,10.0746,161.1936,0.07491348,40.2984,36.6459,127.6116,131.2641,0.05930651,0.06100398,0.00312140,3.7684,10.1946,0.8271,27.9850,1.4992,358.6217,33.8333,,3.7684,2.0771,2.1006,4.2012,8.4025,10.5031,16.6172,2.1006,-2.0771,5.0,7.910599,1.793925,28,72,6,8,0E-8,0.07803488,,0E-8,0.000000,0.961787,0.000000,,2026-05-15,2026-06-24,6,112,100,41,0.146342,,,0.000000,,,,,,,,GLOBAL_BASELINE_NO_ENTITY_RANKING,,,NOT_APPLICABLE_GLOBAL_BASELINE,HF9g-P5,,,,X 全窗基线 · 不参与实体赏罚,6871437,688,A168_HF9F_20260827_0900,2026-08-27 09:00:00
2026-06-23,149703955,1942,0,2.2848596888,2.1706167044,2.1706167044,1.0000000,1,1,0.50665070000000000,0.506650700000,0.9867858985152569,0.9867858985152569,0.9867858985152569,0E-17,ELIGIBLE,R03b_20260811_FULL_v1,L1_ELIGIBILITY,v2026-08-11,2026-03-21..2026-08-06,baccarat_bet02_101_all_pairs_incl_sentinel,round_win = game_pnl > 0 (decisive only),COMPATIBILITY_ONLY_NOT_PRODUCTION,2151.7302,2069.5069,167.9100,571,203,-0.07803488,,-0.07803488,-0.07803488,-167.9100,2151.7302,OK,0.0000,6.7164,4.0000,96.0000,AG03-UNRESOLVED,ALL5_LEVELS_bet23_to_bet27,6.7164,6.7164,6.7164,10.0746,10.0746,4.000000,4.000000,4.000000,6.000000,6.000000,96.000000,96.000000,96.000000,94.000000,94.000000,5.0,40.2984,36.6459,127.6116,131.2641,PENDING_AG03,FALSE,NOT_FOR_ENFORCEMENT,161.1936,1986.7267,167.9100,161.1936,6.7164,0.07803488,0.07491348,6.7164,161.1936,0.07491348,6.7164,6.7164,6.7164,10.0746,10.0746,161.1936,0.07491348,40.2984,36.6459,127.6116,131.2641,0.05930651,0.06100398,0.00312140,3.7684,10.1946,0.8271,27.9850,1.4992,358.6217,33.8333,,3.7684,2.0771,2.1006,4.2012,8.4025,10.5031,16.6172,2.1006,-2.0771,5.0,7.910599,1.793925,28,72,6,8,0E-8,0.07803488,,0E-8,0.000000,0.961787,0.000000,,2026-05-15,2026-06-24,6,112,100,41,0.146342,,,0.000000,,,,,,,,GLOBAL_BASELINE_NO_ENTITY_RANKING,,,NOT_APPLICABLE_GLOBAL_BASELINE,HF9g-P5,,,,X 全窗基线 · 不参与实体赏罚,6871438,688,A168_HF9F_20260827_0900,2026-08-27 09:00:00
2026-06-23,149703955,2115,0,2.7002887232,2.1602309785,2.1602309785,1.0000000,2,1,0.46912640768674913,0.262742800000,1.0637770605851442,1.6751129626333576,1.0637770605851442,0.20638360768674913,ELIGIBLE,R03b_20260811_FULL_v1,L1_ELIGIBILITY,v2026-08-11,2026-03-21..2026-08-06,baccarat_bet02_101_all_pairs_incl_sentinel,round_win = game_pnl > 0 (decisive only),COMPATIBILITY_ONLY_NOT_PRODUCTION,2151.7302,2069.5069,167.9100,571,203,-0.07803488,,-0.07803488,-0.07803488,-167.9100,2151.7302,OK,0.0000,6.7164,4.0000,96.0000,AG03-UNRESOLVED,ALL5_LEVELS_bet23_to_bet27,6.7164,6.7164,6.7164,10.0746,10.0746,4.000000,4.000000,4.000000,6.000000,6.000000,96.000000,96.000000,96.000000,94.000000,94.000000,5.0,40.2984,36.6459,127.6116,131.2641,PENDING_AG03,FALSE,NOT_FOR_ENFORCEMENT,161.1936,1986.7267,167.9100,161.1936,6.7164,0.07803488,0.07491348,6.7164,161.1936,0.07491348,6.7164,6.7164,6.7164,10.0746,10.0746,161.1936,0.07491348,40.2984,36.6459,127.6116,131.2641,0.05930651,0.06100398,0.00312140,3.7684,10.1946,0.8271,27.9850,1.4992,358.6217,33.8333,,3.7684,2.0771,2.1006,4.2012,8.4025,10.5031,16.6172,2.1006,-2.0771,5.0,7.910599,1.793925,28,72,6,8,0E-8,0.07803488,,0E-8,0.000000,0.961787,0.000000,,2026-05-15,2026-06-24,6,112,100,41,0.146342,,,0.000000,,,,,,,,GLOBAL_BASELINE_NO_ENTITY_RANKING,,,NOT_APPLICABLE_GLOBAL_BASELINE,HF9g-P5,,,,X 全窗基线 · 不参与实体赏罚,6871439,688,A168_HF9F_20260827_0900,2026-08-27 09:00:00
2026-06-23,149703955,2152,0,2.0771451717,2.0771451717,2.0771451717,1.0000000,1,1,0.49324550000000000,0.493245500000,1.01360149184955,1.01360149184955,1.01360149184955,0E-17,ELIGIBLE,R03b_20260811_FULL_v1,L1_ELIGIBILITY,v2026-08-11,2026-03-21..2026-08-06,baccarat_bet02_101_all_pairs_incl_sentinel,round_win = game_pnl > 0 (decisive only),COMPATIBILITY_ONLY_NOT_PRODUCTION,2151.7302,2069.5069,167.9100,571,203,-0.07803488,,-0.07803488,-0.07803488,-167.9100,2151.7302,OK,0.0000,6.7164,4.0000,96.0000,AG03-UNRESOLVED,ALL5_LEVELS_bet23_to_bet27,6.7164,6.7164,6.7164,10.0746,10.0746,4.000000,4.000000,4.000000,6.000000,6.000000,96.000000,96.000000,96.000000,94.000000,94.000000,5.0,40.2984,36.6459,127.6116,131.2641,PENDING_AG03,FALSE,NOT_FOR_ENFORCEMENT,161.1936,1986.7267,167.9100,161.1936,6.7164,0.07803488,0.07491348,6.7164,161.1936,0.07491348,6.7164,6.7164,6.7164,10.0746,10.0746,161.1936,0.07491348,40.2984,36.6459,127.6116,131.2641,0.05930651,0.06100398,0.00312140,3.7684,10.1946,0.8271,27.9850,1.4992,358.6217,33.8333,,3.7684,2.0771,2.1006,4.2012,8.4025,10.5031,16.6172,2.1006,-2.0771,5.0,7.910599,1.793925,28,72,6,8,0E-8,0.07803488,,0E-8,0.000000,0.961787,0.000000,,2026-05-15,2026-06-24,6,112,100,41,0.146342,,,0.000000,,,,,,,,GLOBAL_BASELINE_NO_ENTITY_RANKING,,,NOT_APPLICABLE_GLOBAL_BASELINE,HF9g-P5,,,,X 全窗基线 · 不参与实体赏罚,6871440,688,A168_HF9F_20260827_0900,2026-08-27 09:00:00
2026-06-23,149703955,2177,0,20.1483081654,-9.7625823070,-9.7625823070,0.2500000,8,4,0.35232785238031713,0.324997916667,-0.42842297851272454,-0.32024794383250554,-0.42842297851272454,0.02732993571331713,ELIGIBLE,R03b_20260811_FULL_v1,L1_ELIGIBILITY,v2026-08-11,2026-03-21..2026-08-06,baccarat_bet02_101_all_pairs_incl_sentinel,round_win = game_pnl > 0 (decisive only),COMPATIBILITY_ONLY_NOT_PRODUCTION,2151.7302,2069.5069,167.9100,571,203,-0.07803488,,-0.07803488,-0.07803488,-167.9100,2151.7302,OK,0.0000,6.7164,4.0000,96.0000,AG03-UNRESOLVED,ALL5_LEVELS_bet23_to_bet27,6.7164,6.7164,6.7164,10.0746,10.0746,4.000000,4.000000,4.000000,6.000000,6.000000,96.000000,96.000000,96.000000,94.000000,94.000000,5.0,40.2984,36.6459,127.6116,131.2641,PENDING_AG03,FALSE,NOT_FOR_ENFORCEMENT,161.1936,1986.7267,167.9100,161.1936,6.7164,0.07803488,0.07491348,6.7164,161.1936,0.07491348,6.7164,6.7164,6.7164,10.0746,10.0746,161.1936,0.07491348,40.2984,36.6459,127.6116,131.2641,0.05930651,0.06100398,0.00312140,3.7684,10.1946,0.8271,27.9850,1.4992,358.6217,33.8333,,3.7684,2.0771,2.1006,4.2012,8.4025,10.5031,16.6172,2.1006,-2.0771,5.0,7.910599,1.793925,28,72,6,8,0E-8,0.07803488,,0E-8,0.000000,0.961787,0.000000,,2026-05-15,2026-06-24,6,112,100,41,0.146342,,,0.000000,,,,,,,,GLOBAL_BASELINE_NO_ENTITY_RANKING,,,NOT_APPLICABLE_GLOBAL_BASELINE,HF9g-P5,,,,X 全窗基线 · 不参与实体赏罚,6871441,688,A168_HF9F_20260827_0900,2026-08-27 09:00:00
2026-06-23,149703955,2208,0,11.2165839271,-11.2165839271,-11.2165839271,0E-7,5,2,0.38654613076793237,0.336009987500,-1.1225991473977,-1.0060285775868478,-1.1225991473977,0.05053614326793237,ELIGIBLE,R03b_20260811_FULL_v1,L1_ELIGIBILITY,v2026-08-11,2026-03-21..2026-08-06,baccarat_bet02_101_all_pairs_incl_sentinel,round_win = game_pnl > 0 (decisive only),COMPATIBILITY_ONLY_NOT_PRODUCTION,2151.7302,2069.5069,167.9100,571,203,-0.07803488,,-0.07803488,-0.07803488,-167.9100,2151.7302,OK,0.0000,6.7164,4.0000,96.0000,AG03-UNRESOLVED,ALL5_LEVELS_bet23_to_bet27,6.7164,6.7164,6.7164,10.0746,10.0746,4.000000,4.000000,4.000000,6.000000,6.000000,96.000000,96.000000,96.000000,94.000000,94.000000,5.0,40.2984,36.6459,127.6116,131.2641,PENDING_AG03,FALSE,NOT_FOR_ENFORCEMENT,161.1936,1986.7267,167.9100,161.1936,6.7164,0.07803488,0.07491348,6.7164,161.1936,0.07491348,6.7164,6.7164,6.7164,10.0746,10.0746,161.1936,0.07491348,40.2984,36.6459,127.6116,131.2641,0.05930651,0.06100398,0.00312140,3.7684,10.1946,0.8271,27.9850,1.4992,358.6217,33.8333,,3.7684,2.0771,2.1006,4.2012,8.4025,10.5031,16.6172,2.1006,-2.0771,5.0,7.910599,1.793925,28,72,6,8,0E-8,0.07803488,,0E-8,0.000000,0.961787,0.000000,,2026-05-15,2026-06-24,6,112,100,41,0.146342,,,0.000000,,,,,,,,GLOBAL_BASELINE_NO_ENTITY_RANKING,,,NOT_APPLICABLE_GLOBAL_BASELINE,HF9g-P5,,,,X 全窗基线 · 不参与实体赏罚,6871442,688,A168_HF9F_20260827_0900,2026-08-27 09:00:00
2026-06-23,149703955,2212,0,3.1157177575,2.9599318696,2.9599318696,1.0000000,1,1,0.50665070000000000,0.506650700000,0.9867858985152569,0.9867858985152569,0.9867858985152569,0E-17,ELIGIBLE,R03b_20260811_FULL_v1,L1_ELIGIBILITY,v2026-08-11,2026-03-21..2026-08-06,baccarat_bet02_101_all_pairs_incl_sentinel,round_win = game_pnl > 0 (decisive only),COMPATIBILITY_ONLY_NOT_PRODUCTION,2151.7302,2069.5069,167.9100,571,203,-0.07803488,,-0.07803488,-0.07803488,-167.9100,2151.7302,OK,0.0000,6.7164,4.0000,96.0000,AG03-UNRESOLVED,ALL5_LEVELS_bet23_to_bet27,6.7164,6.7164,6.7164,10.0746,10.0746,4.000000,4.000000,4.000000,6.000000,6.000000,96.000000,96.000000,96.000000,94.000000,94.000000,5.0,40.2984,36.6459,127.6116,131.2641,PENDING_AG03,FALSE,NOT_FOR_ENFORCEMENT,161.1936,1986.7267,167.9100,161.1936,6.7164,0.07803488,0.07491348,6.7164,161.1936,0.07491348,6.7164,6.7164,6.7164,10.0746,10.0746,161.1936,0.07491348,40.2984,36.6459,127.6116,131.2641,0.05930651,0.06100398,0.00312140,3.7684,10.1946,0.8271,27.9850,1.4992,358.6217,33.8333,,3.7684,2.0771,2.1006,4.2012,8.4025,10.5031,16.6172,2.1006,-2.0771,5.0,7.910599,1.793925,28,72,6,8,0E-8,0.07803488,,0E-8,0.000000,0.961787,0.000000,,2026-05-15,2026-06-24,6,112,100,41,0.146342,,,0.000000,,,,,,,,GLOBAL_BASELINE_NO_ENTITY_RANKING,,,NOT_APPLICABLE_GLOBAL_BASELINE,HF9g-P5,,,,X 全窗基线 · 不参与实体赏罚,6871443,688,A168_HF9F_20260827_0900,2026-08-27 09:00:00
2026-06-23,149703955,2241,0,3.5311467918,3.5311467918,3.5311467918,1.0000000,1,1,0.49324550000000000,0.493245500000,1.01360149184955,1.01360149184955,1.01360149184955,0E-17,ELIGIBLE,R03b_20260811_FULL_v1,L1_ELIGIBILITY,v2026-08-11,2026-03-21..2026-08-06,baccarat_bet02_101_all_pairs_incl_sentinel,round_win = game_pnl > 0 (decisive only),COMPATIBILITY_ONLY_NOT_PRODUCTION,2151.7302,2069.5069,167.9100,571,203,-0.07803488,,-0.07803488,-0.07803488,-167.9100,2151.7302,OK,0.0000,6.7164,4.0000,96.0000,AG03-UNRESOLVED,ALL5_LEVELS_bet23_to_bet27,6.7164,6.7164,6.7164,10.0746,10.0746,4.000000,4.000000,4.000000,6.000000,6.000000,96.000000,96.000000,96.000000,94.000000,94.000000,5.0,40.2984,36.6459,127.6116,131.2641,PENDING_AG03,FALSE,NOT_FOR_ENFORCEMENT,161.1936,1986.7267,167.9100,161.1936,6.7164,0.07803488,0.07491348,6.7164,161.1936,0.07491348,6.7164,6.7164,6.7164,10.0746,10.0746,161.1936,0.07491348,40.2984,36.6459,127.6116,131.2641,0.05930651,0.06100398,0.00312140,3.7684,10.1946,0.8271,27.9850,1.4992,358.6217,33.8333,,3.7684,2.0771,2.1006,4.2012,8.4025,10.5031,16.6172,2.1006,-2.0771,5.0,7.910599,1.793925,28,72,6,8,0E-8,0.07803488,,0E-8,0.000000,0.961787,0.000000,,2026-05-15,2026-06-24,6,112,100,41,0.146342,,,0.000000,,,,,,,,GLOBAL_BASELINE_NO_ENTITY_RANKING,,,NOT_APPLICABLE_GLOBAL_BASELINE,HF9g-P5,,,,X 全窗基线 · 不参与实体赏罚,6871444,688,A168_HF9F_20260827_0900,2026-08-27 09:00:00
2026-06-23,149703955,583,0,4.5697193777,20.3560226824,20.3560226824,1.0000000,2,1,0.30300227272560748,0.283977950000,1.5166757327314149,1.587891735934168,1.5166757327314149,0.01902432272560748,ELIGIBLE,R03b_20260811_FULL_v1,L1_ELIGIBILITY,v2026-08-11,2026-03-21..2026-08-06,baccarat_bet02_101_all_pairs_incl_sentinel,round_win = game_pnl > 0 (decisive only),COMPATIBILITY_ONLY_NOT_PRODUCTION,2151.7302,2069.5069,167.9100,571,203,-0.07803488,,-0.07803488,-0.07803488,-167.9100,2151.7302,OK,0.0000,6.7164,4.0000,96.0000,AG03-UNRESOLVED,ALL5_LEVELS_bet23_to_bet27,6.7164,6.7164,6.7164,10.0746,10.0746,4.000000,4.000000,4.000000,6.000000,6.000000,96.000000,96.000000,96.000000,94.000000,94.000000,5.0,40.2984,36.6459,127.6116,131.2641,PENDING_AG03,FALSE,NOT_FOR_ENFORCEMENT,161.1936,1986.7267,167.9100,161.1936,6.7164,0.07803488,0.07491348,6.7164,161.1936,0.07491348,6.7164,6.7164,6.7164,10.0746,10.0746,161.1936,0.07491348,40.2984,36.6459,127.6116,131.2641,0.05930651,0.06100398,0.00312140,3.7684,10.1946,0.8271,27.9850,1.4992,358.6217,33.8333,,3.7684,2.0771,2.1006,4.2012,8.4025,10.5031,16.6172,2.1006,-2.0771,5.0,7.910599,1.793925,28,72,6,8,0E-8,0.07803488,,0E-8,0.000000,0.961787,0.000000,,2026-05-15,2026-06-24,6,112,100,41,0.146342,,,0.000000,,,,,,,,GLOBAL_BASELINE_NO_ENTITY_RANKING,,,NOT_APPLICABLE_GLOBAL_BASELINE,HF9g-P5,,,,X 全窗基线 · 不参与实体赏罚,6871445,688,A168_HF9F_20260827_0900,2026-08-27 09:00:00
2026-06-24,149703955,-1,1,36.3500405045,-19.7432648570,-19.7432648570,0.3333333,14,6,0.26531427663626848,0.199411102778,0.37737673228208285,0.8210107625387618,0.37737673228208285,0.06590317385826848,SENTINEL_DEALER,R03b_20260811_FULL_v1,L1_ELIGIBILITY,v2026-08-11,2026-03-21..2026-08-06,baccarat_bet02_101_all_pairs_incl_sentinel,round_win = game_pnl > 0 (decisive only),COMPATIBILITY_ONLY_NOT_PRODUCTION,2151.7302,2069.5069,167.9100,571,203,-0.07803488,,-0.07803488,-0.07803488,-167.9100,2151.7302,OK,0.0000,6.7164,4.0000,96.0000,AG03-UNRESOLVED,ALL5_LEVELS_bet23_to_bet27,6.7164,6.7164,6.7164,10.0746,10.0746,4.000000,4.000000,4.000000,6.000000,6.000000,96.000000,96.000000,96.000000,94.000000,94.000000,5.0,40.2984,36.6459,127.6116,131.2641,PENDING_AG03,FALSE,NOT_FOR_ENFORCEMENT,161.1936,1986.7267,167.9100,161.1936,6.7164,0.07803488,0.07491348,6.7164,161.1936,0.07491348,6.7164,6.7164,6.7164,10.0746,10.0746,161.1936,0.07491348,40.2984,36.6459,127.6116,131.2641,0.05930651,0.06100398,0.00312140,3.7684,10.1946,0.8271,27.9850,1.4992,358.6217,33.8333,,3.7684,2.0771,2.1006,4.2012,8.4025,10.5031,16.6172,2.1006,-2.0771,5.0,7.910599,1.793925,28,72,6,8,0E-8,0.07803488,,0E-8,0.000000,0.961787,0.000000,,2026-05-15,2026-06-24,6,112,100,41,0.146342,,,0.000000,,,,,,,,GLOBAL_BASELINE_NO_ENTITY_RANKING,,,NOT_APPLICABLE_GLOBAL_BASELINE,HF9g-P5,,,,X 全窗基线 · 不参与实体赏罚,6871446,688,A168_HF9F_20260827_0900,2026-08-27 09:00:00
2026-06-24,149703955,1094,0,3.1157177575,2.9599318696,2.9599318696,1.0000000,1,1,0.50665070000000000,0.506650700000,0.9867858985152569,0.9867858985152569,0.9867858985152569,0E-17,ELIGIBLE,R03b_20260811_FULL_v1,L1_ELIGIBILITY,v2026-08-11,2026-03-21..2026-08-06,baccarat_bet02_101_all_pairs_incl_sentinel,round_win = game_pnl > 0 (decisive only),COMPATIBILITY_ONLY_NOT_PRODUCTION,2151.7302,2069.5069,167.9100,571,203,-0.07803488,,-0.07803488,-0.07803488,-167.9100,2151.7302,OK,0.0000,6.7164,4.0000,96.0000,AG03-UNRESOLVED,ALL5_LEVELS_bet23_to_bet27,6.7164,6.7164,6.7164,10.0746,10.0746,4.000000,4.000000,4.000000,6.000000,6.000000,96.000000,96.000000,96.000000,94.000000,94.000000,5.0,40.2984,36.6459,127.6116,131.2641,PENDING_AG03,FALSE,NOT_FOR_ENFORCEMENT,161.1936,1986.7267,167.9100,161.1936,6.7164,0.07803488,0.07491348,6.7164,161.1936,0.07491348,6.7164,6.7164,6.7164,10.0746,10.0746,161.1936,0.07491348,40.2984,36.6459,127.6116,131.2641,0.05930651,0.06100398,0.00312140,3.7684,10.1946,0.8271,27.9850,1.4992,358.6217,33.8333,,3.7684,2.0771,2.1006,4.2012,8.4025,10.5031,16.6172,2.1006,-2.0771,5.0,7.910599,1.793925,28,72,6,8,0E-8,0.07803488,,0E-8,0.000000,0.961787,0.000000,,2026-05-15,2026-06-24,6,112,100,41,0.146342,,,0.000000,,,,,,,,GLOBAL_BASELINE_NO_ENTITY_RANKING,,,NOT_APPLICABLE_GLOBAL_BASELINE,HF9g-P5,,,,X 全窗基线 · 不参与实体赏罚,6871447,688,A168_HF9F_20260827_0900,2026-08-27 09:00:00
2026-06-24,149703955,1485,0,6.2314355151,22.7447396298,22.7447396298,1.0000000,3,1,0.21868246666666667,0.218682466667,1.890195840676649,1.8901958406748056,1.890195840676649,-3.3333E-13,ELIGIBLE,R03b_20260811_FULL_v1,L1_ELIGIBILITY,v2026-08-11,2026-03-21..2026-08-06,baccarat_bet02_101_all_pairs_incl_sentinel,round_win = game_pnl > 0 (decisive only),COMPATIBILITY_ONLY_NOT_PRODUCTION,2151.7302,2069.5069,167.9100,571,203,-0.07803488,,-0.07803488,-0.07803488,-167.9100,2151.7302,OK,0.0000,6.7164,4.0000,96.0000,AG03-UNRESOLVED,ALL5_LEVELS_bet23_to_bet27,6.7164,6.7164,6.7164,10.0746,10.0746,4.000000,4.000000,4.000000,6.000000,6.000000,96.000000,96.000000,96.000000,94.000000,94.000000,5.0,40.2984,36.6459,127.6116,131.2641,PENDING_AG03,FALSE,NOT_FOR_ENFORCEMENT,161.1936,1986.7267,167.9100,161.1936,6.7164,0.07803488,0.07491348,6.7164,161.1936,0.07491348,6.7164,6.7164,6.7164,10.0746,10.0746,161.1936,0.07491348,40.2984,36.6459,127.6116,131.2641,0.05930651,0.06100398,0.00312140,3.7684,10.1946,0.8271,27.9850,1.4992,358.6217,33.8333,,3.7684,2.0771,2.1006,4.2012,8.4025,10.5031,16.6172,2.1006,-2.0771,5.0,7.910599,1.793925,28,72,6,8,0E-8,0.07803488,,0E-8,0.000000,0.961787,0.000000,,2026-05-15,2026-06-24,6,112,100,41,0.146342,,,0.000000,,,,,,,,GLOBAL_BASELINE_NO_ENTITY_RANKING,,,NOT_APPLICABLE_GLOBAL_BASELINE,HF9g-P5,,,,X 全窗基线 · 不参与实体赏罚,6871448,688,A168_HF9F_20260827_0900,2026-08-27 09:00:00
2026-06-24,149703955,1507,0,5.8160064807,-5.8160064807,-5.8160064807,0E-7,3,1,0.30987360000137106,0.195588900000,-0.6700820252061671,-0.49309781116356977,-0.6700820252061671,0.11428470000137106,ELIGIBLE,R03b_20260811_FULL_v1,L1_ELIGIBILITY,v2026-08-11,2026-03-21..2026-08-06,baccarat_bet02_101_all_pairs_incl_sentinel,round_win = game_pnl > 0 (decisive only),COMPATIBILITY_ONLY_NOT_PRODUCTION,2151.7302,2069.5069,167.9100,571,203,-0.07803488,,-0.07803488,-0.07803488,-167.9100,2151.7302,OK,0.0000,6.7164,4.0000,96.0000,AG03-UNRESOLVED,ALL5_LEVELS_bet23_to_bet27,6.7164,6.7164,6.7164,10.0746,10.0746,4.000000,4.000000,4.000000,6.000000,6.000000,96.000000,96.000000,96.000000,94.000000,94.000000,5.0,40.2984,36.6459,127.6116,131.2641,PENDING_AG03,FALSE,NOT_FOR_ENFORCEMENT,161.1936,1986.7267,167.9100,161.1936,6.7164,0.07803488,0.07491348,6.7164,161.1936,0.07491348,6.7164,6.7164,6.7164,10.0746,10.0746,161.1936,0.07491348,40.2984,36.6459,127.6116,131.2641,0.05930651,0.06100398,0.00312140,3.7684,10.1946,0.8271,27.9850,1.4992,358.6217,33.8333,,3.7684,2.0771,2.1006,4.2012,8.4025,10.5031,16.6172,2.1006,-2.0771,5.0,7.910599,1.793925,28,72,6,8,0E-8,0.07803488,,0E-8,0.000000,0.961787,0.000000,,2026-05-15,2026-06-24,6,112,100,41,0.146342,,,0.000000,,,,,,,,GLOBAL_BASELINE_NO_ENTITY_RANKING,,,NOT_APPLICABLE_GLOBAL_BASELINE,HF9g-P5,,,,X 全窗基线 · 不参与实体赏罚,6871449,688,A168_HF9F_20260827_0900,2026-08-27 09:00:00
2026-06-24,149703955,1963,0,16.6171613736,-8.3085806868,-8.3085806868,0E-7,6,2,0.28732322500000000,0.216448266667,-0.634949321119322,-0.5255853100407232,-0.634949321119322,0.07087495833300000,ELIGIBLE,R03b_20260811_FULL_v1,L1_ELIGIBILITY,v2026-08-11,2026-03-21..2026-08-06,baccarat_bet02_101_all_pairs_incl_sentinel,round_win = game_pnl > 0 (decisive only),COMPATIBILITY_ONLY_NOT_PRODUCTION,2151.7302,2069.5069,167.9100,571,203,-0.07803488,,-0.07803488,-0.07803488,-167.9100,2151.7302,OK,0.0000,6.7164,4.0000,96.0000,AG03-UNRESOLVED,ALL5_LEVELS_bet23_to_bet27,6.7164,6.7164,6.7164,10.0746,10.0746,4.000000,4.000000,4.000000,6.000000,6.000000,96.000000,96.000000,96.000000,94.000000,94.000000,5.0,40.2984,36.6459,127.6116,131.2641,PENDING_AG03,FALSE,NOT_FOR_ENFORCEMENT,161.1936,1986.7267,167.9100,161.1936,6.7164,0.07803488,0.07491348,6.7164,161.1936,0.07491348,6.7164,6.7164,6.7164,10.0746,10.0746,161.1936,0.07491348,40.2984,36.6459,127.6116,131.2641,0.05930651,0.06100398,0.00312140,3.7684,10.1946,0.8271,27.9850,1.4992,358.6217,33.8333,,3.7684,2.0771,2.1006,4.2012,8.4025,10.5031,16.6172,2.1006,-2.0771,5.0,7.910599,1.793925,28,72,6,8,0E-8,0.07803488,,0E-8,0.000000,0.961787,0.000000,,2026-05-15,2026-06-24,6,112,100,41,0.146342,,,0.000000,,,,,,,,GLOBAL_BASELINE_NO_ENTITY_RANKING,,,NOT_APPLICABLE_GLOBAL_BASELINE,HF9g-P5,,,,X 全窗基线 · 不参与实体赏罚,6871450,688,A168_HF9F_20260827_0900,2026-08-27 09:00:00
2026-06-24,149703955,2101,0,4.3620048605,0.0934715327,0.0934715327,1.0000000,2,1,0.30096484285384208,0.290680550000,1.5240233676783512,1.5621148022658344,1.5240233676783512,0.01028429285384208,ELIGIBLE,R03b_20260811_FULL_v1,L1_ELIGIBILITY,v2026-08-11,2026-03-21..2026-08-06,baccarat_bet02_101_all_pairs_incl_sentinel,round_win = game_pnl > 0 (decisive only),COMPATIBILITY_ONLY_NOT_PRODUCTION,2151.7302,2069.5069,167.9100,571,203,-0.07803488,,-0.07803488,-0.07803488,-167.9100,2151.7302,OK,0.0000,6.7164,4.0000,96.0000,AG03-UNRESOLVED,ALL5_LEVELS_bet23_to_bet27,6.7164,6.7164,6.7164,10.0746,10.0746,4.000000,4.000000,4.000000,6.000000,6.000000,96.000000,96.000000,96.000000,94.000000,94.000000,5.0,40.2984,36.6459,127.6116,131.2641,PENDING_AG03,FALSE,NOT_FOR_ENFORCEMENT,161.1936,1986.7267,167.9100,161.1936,6.7164,0.07803488,0.07491348,6.7164,161.1936,0.07491348,6.7164,6.7164,6.7164,10.0746,10.0746,161.1936,0.07491348,40.2984,36.6459,127.6116,131.2641,0.05930651,0.06100398,0.00312140,3.7684,10.1946,0.8271,27.9850,1.4992,358.6217,33.8333,,3.7684,2.0771,2.1006,4.2012,8.4025,10.5031,16.6172,2.1006,-2.0771,5.0,7.910599,1.793925,28,72,6,8,0E-8,0.07803488,,0E-8,0.000000,0.961787,0.000000,,2026-05-15,2026-06-24,6,112,100,41,0.146342,,,0.000000,,,,,,,,GLOBAL_BASELINE_NO_ENTITY_RANKING,,,NOT_APPLICABLE_GLOBAL_BASELINE,HF9g-P5,,,,X 全窗基线 · 不参与实体赏罚,6871451,688,A168_HF9F_20260827_0900,2026-08-27 09:00:00
2026-06-24,149703955,2115,0,8.3085806868,-8.3085806868,-8.3085806868,0E-7,4,2,0.07469835000000000,0.074698350000,-0.40181748768993447,-0.4018174876899344,-0.40181748768993447,0E-17,ELIGIBLE,R03b_20260811_FULL_v1,L1_ELIGIBILITY,v2026-08-11,2026-03-21..2026-08-06,baccarat_bet02_101_all_pairs_incl_sentinel,round_win = game_pnl > 0 (decisive only),COMPATIBILITY_ONLY_NOT_PRODUCTION,2151.7302,2069.5069,167.9100,571,203,-0.07803488,,-0.07803488,-0.07803488,-167.9100,2151.7302,OK,0.0000,6.7164,4.0000,96.0000,AG03-UNRESOLVED,ALL5_LEVELS_bet23_to_bet27,6.7164,6.7164,6.7164,10.0746,10.0746,4.000000,4.000000,4.000000,6.000000,6.000000,96.000000,96.000000,96.000000,94.000000,94.000000,5.0,40.2984,36.6459,127.6116,131.2641,PENDING_AG03,FALSE,NOT_FOR_ENFORCEMENT,161.1936,1986.7267,167.9100,161.1936,6.7164,0.07803488,0.07491348,6.7164,161.1936,0.07491348,6.7164,6.7164,6.7164,10.0746,10.0746,161.1936,0.07491348,40.2984,36.6459,127.6116,131.2641,0.05930651,0.06100398,0.00312140,3.7684,10.1946,0.8271,27.9850,1.4992,358.6217,33.8333,,3.7684,2.0771,2.1006,4.2012,8.4025,10.5031,16.6172,2.1006,-2.0771,5.0,7.910599,1.793925,28,72,6,8,0E-8,0.07803488,,0E-8,0.000000,0.961787,0.000000,,2026-05-15,2026-06-24,6,112,100,41,0.146342,,,0.000000,,,,,,,,GLOBAL_BASELINE_NO_ENTITY_RANKING,,,NOT_APPLICABLE_GLOBAL_BASELINE,HF9g-P5,,,,X 全窗基线 · 不参与实体赏罚,6871452,688,A168_HF9F_20260827_0900,2026-08-27 09:00:00
2026-06-24,149703955,2121,0,6.2314355151,-6.2314355151,-6.2314355151,0E-7,2,1,0.36266256666666667,0.290668500000,-0.7543391566557488,-0.6401391097125458,-0.7543391566557488,0.07199406666666667,ELIGIBLE,R03b_20260811_FULL_v1,L1_ELIGIBILITY,v2026-08-11,2026-03-21..2026-08-06,baccarat_bet02_101_all_pairs_incl_sentinel,round_win = game_pnl > 0 (decisive only),COMPATIBILITY_ONLY_NOT_PRODUCTION,2151.7302,2069.5069,167.9100,571,203,-0.07803488,,-0.07803488,-0.07803488,-167.9100,2151.7302,OK,0.0000,6.7164,4.0000,96.0000,AG03-UNRESOLVED,ALL5_LEVELS_bet23_to_bet27,6.7164,6.7164,6.7164,10.0746,10.0746,4.000000,4.000000,4.000000,6.000000,6.000000,96.000000,96.000000,96.000000,94.000000,94.000000,5.0,40.2984,36.6459,127.6116,131.2641,PENDING_AG03,FALSE,NOT_FOR_ENFORCEMENT,161.1936,1986.7267,167.9100,161.1936,6.7164,0.07803488,0.07491348,6.7164,161.1936,0.07491348,6.7164,6.7164,6.7164,10.0746,10.0746,161.1936,0.07491348,40.2984,36.6459,127.6116,131.2641,0.05930651,0.06100398,0.00312140,3.7684,10.1946,0.8271,27.9850,1.4992,358.6217,33.8333,,3.7684,2.0771,2.1006,4.2012,8.4025,10.5031,16.6172,2.1006,-2.0771,5.0,7.910599,1.793925,28,72,6,8,0E-8,0.07803488,,0E-8,0.000000,0.961787,0.000000,,2026-05-15,2026-06-24,6,112,100,41,0.146342,,,0.000000,,,,,,,,GLOBAL_BASELINE_NO_ENTITY_RANKING,,,NOT_APPLICABLE_GLOBAL_BASELINE,HF9g-P5,,,,X 全窗基线 · 不参与实体赏罚,6871453,688,A168_HF9F_20260827_0900,2026-08-27 09:00:00
2026-06-24,149703955,2123,0,43.4123340882,2.7002887230,2.7002887230,0.3333333,17,6,0.29265676219565160,0.244854226389,0.21899065221914335,0.5040192865609529,0.21899065221914335,0.04780253580665160,ELIGIBLE,R03b_20260811_FULL_v1,L1_ELIGIBILITY,v2026-08-11,2026-03-21..2026-08-06,baccarat_bet02_101_all_pairs_incl_sentinel,round_win = game_pnl > 0 (decisive only),COMPATIBILITY_ONLY_NOT_PRODUCTION,2151.7302,2069.5069,167.9100,571,203,-0.07803488,,-0.07803488,-0.07803488,-167.9100,2151.7302,OK,0.0000,6.7164,4.0000,96.0000,AG03-UNRESOLVED,ALL5_LEVELS_bet23_to_bet27,6.7164,6.7164,6.7164,10.0746,10.0746,4.000000,4.000000,4.000000,6.000000,6.000000,96.000000,96.000000,96.000000,94.000000,94.000000,5.0,40.2984,36.6459,127.6116,131.2641,PENDING_AG03,FALSE,NOT_FOR_ENFORCEMENT,161.1936,1986.7267,167.9100,161.1936,6.7164,0.07803488,0.07491348,6.7164,161.1936,0.07491348,6.7164,6.7164,6.7164,10.0746,10.0746,161.1936,0.07491348,40.2984,36.6459,127.6116,131.2641,0.05930651,0.06100398,0.00312140,3.7684,10.1946,0.8271,27.9850,1.4992,358.6217,33.8333,,3.7684,2.0771,2.1006,4.2012,8.4025,10.5031,16.6172,2.1006,-2.0771,5.0,7.910599,1.793925,28,72,6,8,0E-8,0.07803488,,0E-8,0.000000,0.961787,0.000000,,2026-05-15,2026-06-24,6,112,100,41,0.146342,,,0.000000,,,,,,,,GLOBAL_BASELINE_NO_ENTITY_RANKING,,,NOT_APPLICABLE_GLOBAL_BASELINE,HF9g-P5,,,,X 全窗基线 · 不参与实体赏罚,6871454,688,A168_HF9F_20260827_0900,2026-08-27 09:00:00
2026-06-24,149703955,2141,0,22.4331678541,0.4154290343,0.4154290343,0.6666667,8,3,0.38351778095268908,0.286224025000,1.0086081075256381,1.4578599680912236,1.0086081075256381,0.09729375595268908,ELIGIBLE,R03b_20260811_FULL_v1,L1_ELIGIBILITY,v2026-08-11,2026-03-21..2026-08-06,baccarat_bet02_101_all_pairs_incl_sentinel,round_win = game_pnl > 0 (decisive only),COMPATIBILITY_ONLY_NOT_PRODUCTION,2151.7302,2069.5069,167.9100,571,203,-0.07803488,,-0.07803488,-0.07803488,-167.9100,2151.7302,OK,0.0000,6.7164,4.0000,96.0000,AG03-UNRESOLVED,ALL5_LEVELS_bet23_to_bet27,6.7164,6.7164,6.7164,10.0746,10.0746,4.000000,4.000000,4.000000,6.000000,6.000000,96.000000,96.000000,96.000000,94.000000,94.000000,5.0,40.2984,36.6459,127.6116,131.2641,PENDING_AG03,FALSE,NOT_FOR_ENFORCEMENT,161.1936,1986.7267,167.9100,161.1936,6.7164,0.07803488,0.07491348,6.7164,161.1936,0.07491348,6.7164,6.7164,6.7164,10.0746,10.0746,161.1936,0.07491348,40.2984,36.6459,127.6116,131.2641,0.05930651,0.06100398,0.00312140,3.7684,10.1946,0.8271,27.9850,1.4992,358.6217,33.8333,,3.7684,2.0771,2.1006,4.2012,8.4025,10.5031,16.6172,2.1006,-2.0771,5.0,7.910599,1.793925,28,72,6,8,0E-8,0.07803488,,0E-8,0.000000,0.961787,0.000000,,2026-05-15,2026-06-24,6,112,100,41,0.146342,,,0.000000,,,,,,,,GLOBAL_BASELINE_NO_ENTITY_RANKING,,,NOT_APPLICABLE_GLOBAL_BASELINE,HF9g-P5,,,,X 全窗基线 · 不参与实体赏罚,6871455,688,A168_HF9F_20260827_0900,2026-08-27 09:00:00
2026-06-24,149703955,2155,0,4.1542903434,-0.1038572586,-0.1038572586,0.5000000,2,2,0.49994810000000000,0.499948100000,0.00014679536856514622,0.00014679536856514622,0.00014679536856514622,0E-17,ELIGIBLE,R03b_20260811_FULL_v1,L1_ELIGIBILITY,v2026-08-11,2026-03-21..2026-08-06,baccarat_bet02_101_all_pairs_incl_sentinel,round_win = game_pnl > 0 (decisive only),COMPATIBILITY_ONLY_NOT_PRODUCTION,2151.7302,2069.5069,167.9100,571,203,-0.07803488,,-0.07803488,-0.07803488,-167.9100,2151.7302,OK,0.0000,6.7164,4.0000,96.0000,AG03-UNRESOLVED,ALL5_LEVELS_bet23_to_bet27,6.7164,6.7164,6.7164,10.0746,10.0746,4.000000,4.000000,4.000000,6.000000,6.000000,96.000000,96.000000,96.000000,94.000000,94.000000,5.0,40.2984,36.6459,127.6116,131.2641,PENDING_AG03,FALSE,NOT_FOR_ENFORCEMENT,161.1936,1986.7267,167.9100,161.1936,6.7164,0.07803488,0.07491348,6.7164,161.1936,0.07491348,6.7164,6.7164,6.7164,10.0746,10.0746,161.1936,0.07491348,40.2984,36.6459,127.6116,131.2641,0.05930651,0.06100398,0.00312140,3.7684,10.1946,0.8271,27.9850,1.4992,358.6217,33.8333,,3.7684,2.0771,2.1006,4.2012,8.4025,10.5031,16.6172,2.1006,-2.0771,5.0,7.910599,1.793925,28,72,6,8,0E-8,0.07803488,,0E-8,0.000000,0.961787,0.000000,,2026-05-15,2026-06-24,6,112,100,41,0.146342,,,0.000000,,,,,,,,GLOBAL_BASELINE_NO_ENTITY_RANKING,,,NOT_APPLICABLE_GLOBAL_BASELINE,HF9g-P5,,,,X 全窗基线 · 不参与实体赏罚,6871456,688,A168_HF9F_20260827_0900,2026-08-27 09:00:00
2026-06-24,149703955,2167,0,4.1542903434,-4.1542903434,-4.1542903434,0E-7,2,1,0.28397795000000000,0.283977950000,-0.629765857060584,-0.629765857060584,-0.629765857060584,0E-17,ELIGIBLE,R03b_20260811_FULL_v1,L1_ELIGIBILITY,v2026-08-11,2026-03-21..2026-08-06,baccarat_bet02_101_all_pairs_incl_sentinel,round_win = game_pnl > 0 (decisive only),COMPATIBILITY_ONLY_NOT_PRODUCTION,2151.7302,2069.5069,167.9100,571,203,-0.07803488,,-0.07803488,-0.07803488,-167.9100,2151.7302,OK,0.0000,6.7164,4.0000,96.0000,AG03-UNRESOLVED,ALL5_LEVELS_bet23_to_bet27,6.7164,6.7164,6.7164,10.0746,10.0746,4.000000,4.000000,4.000000,6.000000,6.000000,96.000000,96.000000,96.000000,94.000000,94.000000,5.0,40.2984,36.6459,127.6116,131.2641,PENDING_AG03,FALSE,NOT_FOR_ENFORCEMENT,161.1936,1986.7267,167.9100,161.1936,6.7164,0.07803488,0.07491348,6.7164,161.1936,0.07491348,6.7164,6.7164,6.7164,10.0746,10.0746,161.1936,0.07491348,40.2984,36.6459,127.6116,131.2641,0.05930651,0.06100398,0.00312140,3.7684,10.1946,0.8271,27.9850,1.4992,358.6217,33.8333,,3.7684,2.0771,2.1006,4.2012,8.4025,10.5031,16.6172,2.1006,-2.0771,5.0,7.910599,1.793925,28,72,6,8,0E-8,0.07803488,,0E-8,0.000000,0.961787,0.000000,,2026-05-15,2026-06-24,6,112,100,41,0.146342,,,0.000000,,,,,,,,GLOBAL_BASELINE_NO_ENTITY_RANKING,,,NOT_APPLICABLE_GLOBAL_BASELINE,HF9g-P5,,,,X 全窗基线 · 不参与实体赏罚,6871457,688,A168_HF9F_20260827_0900,2026-08-27 09:00:00
2026-06-24,149703955,2177,0,26.3797436804,-1.3813015393,-1.3813015393,0.6666667,10,3,0.29225588216189185,0.207139700000,1.4259004703869818,1.9640006268943193,1.4259004703869818,0.08511618216189185,ELIGIBLE,R03b_20260811_FULL_v1,L1_ELIGIBILITY,v2026-08-11,2026-03-21..2026-08-06,baccarat_bet02_101_all_pairs_incl_sentinel,round_win = game_pnl > 0 (decisive only),COMPATIBILITY_ONLY_NOT_PRODUCTION,2151.7302,2069.5069,167.9100,571,203,-0.07803488,,-0.07803488,-0.07803488,-167.9100,2151.7302,OK,0.0000,6.7164,4.0000,96.0000,AG03-UNRESOLVED,ALL5_LEVELS_bet23_to_bet27,6.7164,6.7164,6.7164,10.0746,10.0746,4.000000,4.000000,4.000000,6.000000,6.000000,96.000000,96.000000,96.000000,94.000000,94.000000,5.0,40.2984,36.6459,127.6116,131.2641,PENDING_AG03,FALSE,NOT_FOR_ENFORCEMENT,161.1936,1986.7267,167.9100,161.1936,6.7164,0.07803488,0.07491348,6.7164,161.1936,0.07491348,6.7164,6.7164,6.7164,10.0746,10.0746,161.1936,0.07491348,40.2984,36.6459,127.6116,131.2641,0.05930651,0.06100398,0.00312140,3.7684,10.1946,0.8271,27.9850,1.4992,358.6217,33.8333,,3.7684,2.0771,2.1006,4.2012,8.4025,10.5031,16.6172,2.1006,-2.0771,5.0,7.910599,1.793925,28,72,6,8,0E-8,0.07803488,,0E-8,0.000000,0.961787,0.000000,,2026-05-15,2026-06-24,6,112,100,41,0.146342,,,0.000000,,,,,,,,GLOBAL_BASELINE_NO_ENTITY_RANKING,,,NOT_APPLICABLE_GLOBAL_BASELINE,HF9g-P5,,,,X 全窗基线 · 不参与实体赏罚,6871458,688,A168_HF9F_20260827_0900,2026-08-27 09:00:00
2026-06-24,149703955,2209,0,6.2314355151,-6.2314355151,-6.2314355151,0E-7,3,1,0.21421406666666667,0.214214066667,-0.5221218497717284,-0.5221218497722453,-0.5221218497717284,-3.3333E-13,ELIGIBLE,R03b_20260811_FULL_v1,L1_ELIGIBILITY,v2026-08-11,2026-03-21..2026-08-06,baccarat_bet02_101_all_pairs_incl_sentinel,round_win = game_pnl > 0 (decisive only),COMPATIBILITY_ONLY_NOT_PRODUCTION,2151.7302,2069.5069,167.9100,571,203,-0.07803488,,-0.07803488,-0.07803488,-167.9100,2151.7302,OK,0.0000,6.7164,4.0000,96.0000,AG03-UNRESOLVED,ALL5_LEVELS_bet23_to_bet27,6.7164,6.7164,6.7164,10.0746,10.0746,4.000000,4.000000,4.000000,6.000000,6.000000,96.000000,96.000000,96.000000,94.000000,94.000000,5.0,40.2984,36.6459,127.6116,131.2641,PENDING_AG03,FALSE,NOT_FOR_ENFORCEMENT,161.1936,1986.7267,167.9100,161.1936,6.7164,0.07803488,0.07491348,6.7164,161.1936,0.07491348,6.7164,6.7164,6.7164,10.0746,10.0746,161.1936,0.07491348,40.2984,36.6459,127.6116,131.2641,0.05930651,0.06100398,0.00312140,3.7684,10.1946,0.8271,27.9850,1.4992,358.6217,33.8333,,3.7684,2.0771,2.1006,4.2012,8.4025,10.5031,16.6172,2.1006,-2.0771,5.0,7.910599,1.793925,28,72,6,8,0E-8,0.07803488,,0E-8,0.000000,0.961787,0.000000,,2026-05-15,2026-06-24,6,112,100,41,0.146342,,,0.000000,,,,,,,,GLOBAL_BASELINE_NO_ENTITY_RANKING,,,NOT_APPLICABLE_GLOBAL_BASELINE,HF9g-P5,,,,X 全窗基线 · 不参与实体赏罚,6871459,688,A168_HF9F_20260827_0900,2026-08-27 09:00:00
2026-06-24,149703955,2220,0,11.8397274785,0.3115717758,0.3115717758,1.0000000,4,1,0.29910193333333340,0.168720575000,1.5307977700503532,2.2196755195374327,1.5307977700503532,0.13038135833333340,ELIGIBLE,R03b_20260811_FULL_v1,L1_ELIGIBILITY,v2026-08-11,2026-03-21..2026-08-06,baccarat_bet02_101_all_pairs_incl_sentinel,round_win = game_pnl > 0 (decisive only),COMPATIBILITY_ONLY_NOT_PRODUCTION,2151.7302,2069.5069,167.9100,571,203,-0.07803488,,-0.07803488,-0.07803488,-167.9100,2151.7302,OK,0.0000,6.7164,4.0000,96.0000,AG03-UNRESOLVED,ALL5_LEVELS_bet23_to_bet27,6.7164,6.7164,6.7164,10.0746,10.0746,4.000000,4.000000,4.000000,6.000000,6.000000,96.000000,96.000000,96.000000,94.000000,94.000000,5.0,40.2984,36.6459,127.6116,131.2641,PENDING_AG03,FALSE,NOT_FOR_ENFORCEMENT,161.1936,1986.7267,167.9100,161.1936,6.7164,0.07803488,0.07491348,6.7164,161.1936,0.07491348,6.7164,6.7164,6.7164,10.0746,10.0746,161.1936,0.07491348,40.2984,36.6459,127.6116,131.2641,0.05930651,0.06100398,0.00312140,3.7684,10.1946,0.8271,27.9850,1.4992,358.6217,33.8333,,3.7684,2.0771,2.1006,4.2012,8.4025,10.5031,16.6172,2.1006,-2.0771,5.0,7.910599,1.793925,28,72,6,8,0E-8,0.07803488,,0E-8,0.000000,0.961787,0.000000,,2026-05-15,2026-06-24,6,112,100,41,0.146342,,,0.000000,,,,,,,,GLOBAL_BASELINE_NO_ENTITY_RANKING,,,NOT_APPLICABLE_GLOBAL_BASELINE,HF9g-P5,,,,X 全窗基线 · 不参与实体赏罚,6871460,688,A168_HF9F_20260827_0900,2026-08-27 09:00:00
2026-06-24,149703955,2229,0,3.9465758262,3.9465758262,3.9465758262,1.0000000,1,1,0.49324550000000000,0.493245500000,1.01360149184955,1.01360149184955,1.01360149184955,0E-17,ELIGIBLE,R03b_20260811_FULL_v1,L1_ELIGIBILITY,v2026-08-11,2026-03-21..2026-08-06,baccarat_bet02_101_all_pairs_incl_sentinel,round_win = game_pnl > 0 (decisive only),COMPATIBILITY_ONLY_NOT_PRODUCTION,2151.7302,2069.5069,167.9100,571,203,-0.07803488,,-0.07803488,-0.07803488,-167.9100,2151.7302,OK,0.0000,6.7164,4.0000,96.0000,AG03-UNRESOLVED,ALL5_LEVELS_bet23_to_bet27,6.7164,6.7164,6.7164,10.0746,10.0746,4.000000,4.000000,4.000000,6.000000,6.000000,96.000000,96.000000,96.000000,94.000000,94.000000,5.0,40.2984,36.6459,127.6116,131.2641,PENDING_AG03,FALSE,NOT_FOR_ENFORCEMENT,161.1936,1986.7267,167.9100,161.1936,6.7164,0.07803488,0.07491348,6.7164,161.1936,0.07491348,6.7164,6.7164,6.7164,10.0746,10.0746,161.1936,0.07491348,40.2984,36.6459,127.6116,131.2641,0.05930651,0.06100398,0.00312140,3.7684,10.1946,0.8271,27.9850,1.4992,358.6217,33.8333,,3.7684,2.0771,2.1006,4.2012,8.4025,10.5031,16.6172,2.1006,-2.0771,5.0,7.910599,1.793925,28,72,6,8,0E-8,0.07803488,,0E-8,0.000000,0.961787,0.000000,,2026-05-15,2026-06-24,6,112,100,41,0.146342,,,0.000000,,,,,,,,GLOBAL_BASELINE_NO_ENTITY_RANKING,,,NOT_APPLICABLE_GLOBAL_BASELINE,HF9g-P5,,,,X 全窗基线 · 不参与实体赏罚,6871461,688,A168_HF9F_20260827_0900,2026-08-27 09:00:00
2026-06-24,149703955,2235,0,22.6408823715,4.5697193777,4.5697193777,1.0000000,9,4,0.33723975953963185,0.261228191667,1.982548569856644,2.3782643888126342,1.982548569856644,0.07601156787263185,ELIGIBLE,R03b_20260811_FULL_v1,L1_ELIGIBILITY,v2026-08-11,2026-03-21..2026-08-06,baccarat_bet02_101_all_pairs_incl_sentinel,round_win = game_pnl > 0 (decisive only),COMPATIBILITY_ONLY_NOT_PRODUCTION,2151.7302,2069.5069,167.9100,571,203,-0.07803488,,-0.07803488,-0.07803488,-167.9100,2151.7302,OK,0.0000,6.7164,4.0000,96.0000,AG03-UNRESOLVED,ALL5_LEVELS_bet23_to_bet27,6.7164,6.7164,6.7164,10.0746,10.0746,4.000000,4.000000,4.000000,6.000000,6.000000,96.000000,96.000000,96.000000,94.000000,94.000000,5.0,40.2984,36.6459,127.6116,131.2641,PENDING_AG03,FALSE,NOT_FOR_ENFORCEMENT,161.1936,1986.7267,167.9100,161.1936,6.7164,0.07803488,0.07491348,6.7164,161.1936,0.07491348,6.7164,6.7164,6.7164,10.0746,10.0746,161.1936,0.07491348,40.2984,36.6459,127.6116,131.2641,0.05930651,0.06100398,0.00312140,3.7684,10.1946,0.8271,27.9850,1.4992,358.6217,33.8333,,3.7684,2.0771,2.1006,4.2012,8.4025,10.5031,16.6172,2.1006,-2.0771,5.0,7.910599,1.793925,28,72,6,8,0E-8,0.07803488,,0E-8,0.000000,0.961787,0.000000,,2026-05-15,2026-06-24,6,112,100,41,0.146342,,,0.000000,,,,,,,,GLOBAL_BASELINE_NO_ENTITY_RANKING,,,NOT_APPLICABLE_GLOBAL_BASELINE,HF9g-P5,,,,X 全窗基线 · 不参与实体赏罚,6871462,688,A168_HF9F_20260827_0900,2026-08-27 09:00:00
2026-06-24,149703955,2241,0,2.0771451717,1.9732879131,1.9732879131,1.0000000,1,1,0.50665070000000000,0.506650700000,0.9867858985152569,0.9867858985152569,0.9867858985152569,0E-17,ELIGIBLE,R03b_20260811_FULL_v1,L1_ELIGIBILITY,v2026-08-11,2026-03-21..2026-08-06,baccarat_bet02_101_all_pairs_incl_sentinel,round_win = game_pnl > 0 (decisive only),COMPATIBILITY_ONLY_NOT_PRODUCTION,2151.7302,2069.5069,167.9100,571,203,-0.07803488,,-0.07803488,-0.07803488,-167.9100,2151.7302,OK,0.0000,6.7164,4.0000,96.0000,AG03-UNRESOLVED,ALL5_LEVELS_bet23_to_bet27,6.7164,6.7164,6.7164,10.0746,10.0746,4.000000,4.000000,4.000000,6.000000,6.000000,96.000000,96.000000,96.000000,94.000000,94.000000,5.0,40.2984,36.6459,127.6116,131.2641,PENDING_AG03,FALSE,NOT_FOR_ENFORCEMENT,161.1936,1986.7267,167.9100,161.1936,6.7164,0.07803488,0.07491348,6.7164,161.1936,0.07491348,6.7164,6.7164,6.7164,10.0746,10.0746,161.1936,0.07491348,40.2984,36.6459,127.6116,131.2641,0.05930651,0.06100398,0.00312140,3.7684,10.1946,0.8271,27.9850,1.4992,358.6217,33.8333,,3.7684,2.0771,2.1006,4.2012,8.4025,10.5031,16.6172,2.1006,-2.0771,5.0,7.910599,1.793925,28,72,6,8,0E-8,0.07803488,,0E-8,0.000000,0.961787,0.000000,,2026-05-15,2026-06-24,6,112,100,41,0.146342,,,0.000000,,,,,,,,GLOBAL_BASELINE_NO_ENTITY_RANKING,,,NOT_APPLICABLE_GLOBAL_BASELINE,HF9g-P5,,,,X 全窗基线 · 不参与实体赏罚,6871463,688,A168_HF9F_20260827_0900,2026-08-27 09:00:00
2026-06-24,149703955,2271,0,15.5785887876,-7.4777226180,-7.4777226180,0.5000000,4,2,0.35820220000000000,0.287329250000,0.41823584768160565,0.6646429058374499,0.41823584768160565,0.07087295000000000,ELIGIBLE,R03b_20260811_FULL_v1,L1_ELIGIBILITY,v2026-08-11,2026-03-21..2026-08-06,baccarat_bet02_101_all_pairs_incl_sentinel,round_win = game_pnl > 0 (decisive only),COMPATIBILITY_ONLY_NOT_PRODUCTION,2151.7302,2069.5069,167.9100,571,203,-0.07803488,,-0.07803488,-0.07803488,-167.9100,2151.7302,OK,0.0000,6.7164,4.0000,96.0000,AG03-UNRESOLVED,ALL5_LEVELS_bet23_to_bet27,6.7164,6.7164,6.7164,10.0746,10.0746,4.000000,4.000000,4.000000,6.000000,6.000000,96.000000,96.000000,96.000000,94.000000,94.000000,5.0,40.2984,36.6459,127.6116,131.2641,PENDING_AG03,FALSE,NOT_FOR_ENFORCEMENT,161.1936,1986.7267,167.9100,161.1936,6.7164,0.07803488,0.07491348,6.7164,161.1936,0.07491348,6.7164,6.7164,6.7164,10.0746,10.0746,161.1936,0.07491348,40.2984,36.6459,127.6116,131.2641,0.05930651,0.06100398,0.00312140,3.7684,10.1946,0.8271,27.9850,1.4992,358.6217,33.8333,,3.7684,2.0771,2.1006,4.2012,8.4025,10.5031,16.6172,2.1006,-2.0771,5.0,7.910599,1.793925,28,72,6,8,0E-8,0.07803488,,0E-8,0.000000,0.961787,0.000000,,2026-05-15,2026-06-24,6,112,100,41,0.146342,,,0.000000,,,,,,,,GLOBAL_BASELINE_NO_ENTITY_RANKING,,,NOT_APPLICABLE_GLOBAL_BASELINE,HF9g-P5,,,,X 全窗基线 · 不参与实体赏罚,6871464,688,A168_HF9F_20260827_0900,2026-08-27 09:00:00
2026-06-24,149703955,2280,0,4.1542903434,0E-10,0E-10,,2,1,0.28396590000000000,0.283965900000,,,,0E-17,NO_DECISIVE_ROUND,R03b_20260811_FULL_v1,L1_ELIGIBILITY,v2026-08-11,2026-03-21..2026-08-06,baccarat_bet02_101_all_pairs_incl_sentinel,round_win = game_pnl > 0 (decisive only),COMPATIBILITY_ONLY_NOT_PRODUCTION,2151.7302,2069.5069,167.9100,571,203,-0.07803488,,-0.07803488,-0.07803488,-167.9100,2151.7302,OK,0.0000,6.7164,4.0000,96.0000,AG03-UNRESOLVED,ALL5_LEVELS_bet23_to_bet27,6.7164,6.7164,6.7164,10.0746,10.0746,4.000000,4.000000,4.000000,6.000000,6.000000,96.000000,96.000000,96.000000,94.000000,94.000000,5.0,40.2984,36.6459,127.6116,131.2641,PENDING_AG03,FALSE,NOT_FOR_ENFORCEMENT,161.1936,1986.7267,167.9100,161.1936,6.7164,0.07803488,0.07491348,6.7164,161.1936,0.07491348,6.7164,6.7164,6.7164,10.0746,10.0746,161.1936,0.07491348,40.2984,36.6459,127.6116,131.2641,0.05930651,0.06100398,0.00312140,3.7684,10.1946,0.8271,27.9850,1.4992,358.6217,33.8333,,3.7684,2.0771,2.1006,4.2012,8.4025,10.5031,16.6172,2.1006,-2.0771,5.0,7.910599,1.793925,28,72,6,8,0E-8,0.07803488,,0E-8,0.000000,0.961787,0.000000,,2026-05-15,2026-06-24,6,112,100,41,0.146342,,,0.000000,,,,,,,,GLOBAL_BASELINE_NO_ENTITY_RANKING,,,NOT_APPLICABLE_GLOBAL_BASELINE,HF9g-P5,,,,X 全窗基线 · 不参与实体赏罚,6871465,688,A168_HF9F_20260827_0900,2026-08-27 09:00:00
2026-06-24,149703955,994,0,6.6468645494,22.4331678541,22.4331678541,1.0000000,3,2,0.39811840909007642,0.388605700000,1.7388591220333864,1.7738672161539373,1.7388591220333864,0.00951270909007642,ELIGIBLE,R03b_20260811_FULL_v1,L1_ELIGIBILITY,v2026-08-11,2026-03-21..2026-08-06,baccarat_bet02_101_all_pairs_incl_sentinel,round_win = game_pnl > 0 (decisive only),COMPATIBILITY_ONLY_NOT_PRODUCTION,2151.7302,2069.5069,167.9100,571,203,-0.07803488,,-0.07803488,-0.07803488,-167.9100,2151.7302,OK,0.0000,6.7164,4.0000,96.0000,AG03-UNRESOLVED,ALL5_LEVELS_bet23_to_bet27,6.7164,6.7164,6.7164,10.0746,10.0746,4.000000,4.000000,4.000000,6.000000,6.000000,96.000000,96.000000,96.000000,94.000000,94.000000,5.0,40.2984,36.6459,127.6116,131.2641,PENDING_AG03,FALSE,NOT_FOR_ENFORCEMENT,161.1936,1986.7267,167.9100,161.1936,6.7164,0.07803488,0.07491348,6.7164,161.1936,0.07491348,6.7164,6.7164,6.7164,10.0746,10.0746,161.1936,0.07491348,40.2984,36.6459,127.6116,131.2641,0.05930651,0.06100398,0.00312140,3.7684,10.1946,0.8271,27.9850,1.4992,358.6217,33.8333,,3.7684,2.0771,2.1006,4.2012,8.4025,10.5031,16.6172,2.1006,-2.0771,5.0,7.910599,1.793925,28,72,6,8,0E-8,0.07803488,,0E-8,0.000000,0.961787,0.000000,,2026-05-15,2026-06-24,6,112,100,41,0.146342,,,0.000000,,,,,,,,GLOBAL_BASELINE_NO_ENTITY_RANKING,,,NOT_APPLICABLE_GLOBAL_BASELINE,HF9g-P5,,,,X 全窗基线 · 不参与实体赏罚,6871466,688,A168_HF9F_20260827_0900,2026-08-27 09:00:00
2026-03-25,135847768,1325,0,33.3106907722,16.6553453861,16.6553453861,1.0000000,2,2,0.50665070000000000,0.506650700000,0.9867858985152569,0.9867858985152569,0.9867858985152569,0E-17,ELIGIBLE,R03b_20260811_FULL_v1,L1_ELIGIBILITY,v2026-08-11,2026-03-21..2026-08-06,baccarat_bet02_101_all_pairs_incl_sentinel,round_win = game_pnl > 0 (decisive only),COMPATIBILITY_ONLY_NOT_PRODUCTION,294.1645,277.5092,167.9104,11,11,-0.57080455,-1.00000000,-0.56530533,-0.57080455,-167.9104,294.1645,THIN_EXPOSURE,0.0000,6.7164,4.0000,96.0000,AG03-UNRESOLVED,ALL5_LEVELS_bet23_to_bet27,6.7164,6.7164,6.7164,6.7164,6.7164,4.000000,4.000000,4.000000,4.000000,4.000000,96.000000,96.000000,96.000000,96.000000,96.000000,5.0,33.5821,31.0009,134.3284,136.9096,PENDING_AG03,FALSE,NOT_FOR_ENFORCEMENT,161.1940,266.4088,167.9104,161.1940,6.7164,0.57080455,0.54797237,6.7164,161.1940,0.54797237,6.7164,6.7164,6.7164,6.7164,6.7164,161.1940,0.54797237,33.5821,31.0009,134.3284,136.9096,0.45664364,0.46541845,0.02283218,26.7422,25.2281,15.2646,23.9872,18.6567,42.0235,1.5714,3.7214,29.0443,2.6449,16.6553,34.1101,80.6384,99.2673,100.9609,16.6553,-2.286,5.960087,6.061769,1.605624,5,9,7,2,0.01265076,0.57080455,1.00000000,0E-8,0.000000,0.943381,0.636364,-0.43469467,2026-03-25,2026-07-09,7,9,9,107,0.065421,0.128129,0.139158,0.042169,,,,,,,,GLOBAL_BASELINE_NO_ENTITY_RANKING,,,NOT_APPLICABLE_GLOBAL_BASELINE,HF9g-P5,,,,X 全窗基线 · 不参与实体赏罚,6871467,688,A168_HF9F_20260827_0900,2026-08-27 09:00:00
2026-03-27,135847768,-1,1,33.3106907723,-33.3106907723,-33.3106907723,0E-7,2,2,0.50665070000000000,0.506650700000,-1.4331513700195317,-1.4331513700195317,-1.4331513700195317,0E-17,SENTINEL_DEALER,R03b_20260811_FULL_v1,L1_ELIGIBILITY,v2026-08-11,2026-03-21..2026-08-06,baccarat_bet02_101_all_pairs_incl_sentinel,round_win = game_pnl > 0 (decisive only),COMPATIBILITY_ONLY_NOT_PRODUCTION,294.1645,277.5092,167.9104,11,11,-0.57080455,-1.00000000,-0.56530533,-0.57080455,-167.9104,294.1645,THIN_EXPOSURE,0.0000,6.7164,4.0000,96.0000,AG03-UNRESOLVED,ALL5_LEVELS_bet23_to_bet27,6.7164,6.7164,6.7164,6.7164,6.7164,4.000000,4.000000,4.000000,4.000000,4.000000,96.000000,96.000000,96.000000,96.000000,96.000000,5.0,33.5821,31.0009,134.3284,136.9096,PENDING_AG03,FALSE,NOT_FOR_ENFORCEMENT,161.1940,266.4088,167.9104,161.1940,6.7164,0.57080455,0.54797237,6.7164,161.1940,0.54797237,6.7164,6.7164,6.7164,6.7164,6.7164,161.1940,0.54797237,33.5821,31.0009,134.3284,136.9096,0.45664364,0.46541845,0.02283218,26.7422,25.2281,15.2646,23.9872,18.6567,42.0235,1.5714,3.7214,29.0443,2.6449,16.6553,34.1101,80.6384,99.2673,100.9609,16.6553,-2.286,5.960087,6.061769,1.605624,5,9,7,2,0.01265076,0.57080455,1.00000000,0E-8,0.000000,0.943381,0.636364,-0.43469467,2026-03-25,2026-07-09,7,9,9,107,0.065421,0.128129,0.139158,0.042169,,,,,,,,GLOBAL_BASELINE_NO_ENTITY_RANKING,,,NOT_APPLICABLE_GLOBAL_BASELINE,HF9g-P5,,,,X 全窗基线 · 不参与实体赏罚,6871468,688,A168_HF9F_20260827_0900,2026-08-27 09:00:00
2026-04-01,135847768,2171,0,16.7482734500,-16.7482734500,-16.7482734500,0E-7,1,1,0.50665070000000000,0.506650700000,-1.013391052207602,-1.013391052207602,-1.013391052207602,0E-17,ELIGIBLE,R03b_20260811_FULL_v1,L1_ELIGIBILITY,v2026-08-11,2026-03-21..2026-08-06,baccarat_bet02_101_all_pairs_incl_sentinel,round_win = game_pnl > 0 (decisive only),COMPATIBILITY_ONLY_NOT_PRODUCTION,294.1645,277.5092,167.9104,11,11,-0.57080455,-1.00000000,-0.56530533,-0.57080455,-167.9104,294.1645,THIN_EXPOSURE,0.0000,6.7164,4.0000,96.0000,AG03-UNRESOLVED,ALL5_LEVELS_bet23_to_bet27,6.7164,6.7164,6.7164,6.7164,6.7164,4.000000,4.000000,4.000000,4.000000,4.000000,96.000000,96.000000,96.000000,96.000000,96.000000,5.0,33.5821,31.0009,134.3284,136.9096,PENDING_AG03,FALSE,NOT_FOR_ENFORCEMENT,161.1940,266.4088,167.9104,161.1940,6.7164,0.57080455,0.54797237,6.7164,161.1940,0.54797237,6.7164,6.7164,6.7164,6.7164,6.7164,161.1940,0.54797237,33.5821,31.0009,134.3284,136.9096,0.45664364,0.46541845,0.02283218,26.7422,25.2281,15.2646,23.9872,18.6567,42.0235,1.5714,3.7214,29.0443,2.6449,16.6553,34.1101,80.6384,99.2673,100.9609,16.6553,-2.286,5.960087,6.061769,1.605624,5,9,7,2,0.01265076,0.57080455,1.00000000,0E-8,0.000000,0.943381,0.636364,-0.43469467,2026-03-25,2026-07-09,7,9,9,107,0.065421,0.128129,0.139158,0.042169,,,,,,,,GLOBAL_BASELINE_NO_ENTITY_RANKING,,,NOT_APPLICABLE_GLOBAL_BASELINE,HF9g-P5,,,,X 全窗基线 · 不参与实体赏罚,6871469,688,A168_HF9F_20260827_0900,2026-08-27 09:00:00
2026-04-04,135847768,2170,0,35.1385344932,33.3816077686,33.3816077686,1.0000000,1,1,0.50665070000000000,0.506650700000,0.9867858985152569,0.9867858985152569,0.9867858985152569,0E-17,ELIGIBLE,R03b_20260811_FULL_v1,L1_ELIGIBILITY,v2026-08-11,2026-03-21..2026-08-06,baccarat_bet02_101_all_pairs_incl_sentinel,round_win = game_pnl > 0 (decisive only),COMPATIBILITY_ONLY_NOT_PRODUCTION,294.1645,277.5092,167.9104,11,11,-0.57080455,-1.00000000,-0.56530533,-0.57080455,-167.9104,294.1645,THIN_EXPOSURE,0.0000,6.7164,4.0000,96.0000,AG03-UNRESOLVED,ALL5_LEVELS_bet23_to_bet27,6.7164,6.7164,6.7164,6.7164,6.7164,4.000000,4.000000,4.000000,4.000000,4.000000,96.000000,96.000000,96.000000,96.000000,96.000000,5.0,33.5821,31.0009,134.3284,136.9096,PENDING_AG03,FALSE,NOT_FOR_ENFORCEMENT,161.1940,266.4088,167.9104,161.1940,6.7164,0.57080455,0.54797237,6.7164,161.1940,0.54797237,6.7164,6.7164,6.7164,6.7164,6.7164,161.1940,0.54797237,33.5821,31.0009,134.3284,136.9096,0.45664364,0.46541845,0.02283218,26.7422,25.2281,15.2646,23.9872,18.6567,42.0235,1.5714,3.7214,29.0443,2.6449,16.6553,34.1101,80.6384,99.2673,100.9609,16.6553,-2.286,5.960087,6.061769,1.605624,5,9,7,2,0.01265076,0.57080455,1.00000000,0E-8,0.000000,0.943381,0.636364,-0.43469467,2026-03-25,2026-07-09,7,9,9,107,0.065421,0.128129,0.139158,0.042169,,,,,,,,GLOBAL_BASELINE_NO_ENTITY_RANKING,,,NOT_APPLICABLE_GLOBAL_BASELINE,HF9g-P5,,,,X 全窗基线 · 不参与实体赏罚,6871470,688,A168_HF9F_20260827_0900,2026-08-27 09:00:00
2026-04-04,135847768,987,0,2.2659428785,2.2659428785,2.2659428785,1.0000000,1,1,0.50665070000000000,0.506650700000,0.9867858985152569,0.9867858985152569,0.9867858985152569,0E-17,ELIGIBLE,R03b_20260811_FULL_v1,L1_ELIGIBILITY,v2026-08-11,2026-03-21..2026-08-06,baccarat_bet02_101_all_pairs_incl_sentinel,round_win = game_pnl > 0 (decisive only),COMPATIBILITY_ONLY_NOT_PRODUCTION,294.1645,277.5092,167.9104,11,11,-0.57080455,-1.00000000,-0.56530533,-0.57080455,-167.9104,294.1645,THIN_EXPOSURE,0.0000,6.7164,4.0000,96.0000,AG03-UNRESOLVED,ALL5_LEVELS_bet23_to_bet27,6.7164,6.7164,6.7164,6.7164,6.7164,4.000000,4.000000,4.000000,4.000000,4.000000,96.000000,96.000000,96.000000,96.000000,96.000000,5.0,33.5821,31.0009,134.3284,136.9096,PENDING_AG03,FALSE,NOT_FOR_ENFORCEMENT,161.1940,266.4088,167.9104,161.1940,6.7164,0.57080455,0.54797237,6.7164,161.1940,0.54797237,6.7164,6.7164,6.7164,6.7164,6.7164,161.1940,0.54797237,33.5821,31.0009,134.3284,136.9096,0.45664364,0.46541845,0.02283218,26.7422,25.2281,15.2646,23.9872,18.6567,42.0235,1.5714,3.7214,29.0443,2.6449,16.6553,34.1101,80.6384,99.2673,100.9609,16.6553,-2.286,5.960087,6.061769,1.605624,5,9,7,2,0.01265076,0.57080455,1.00000000,0E-8,0.000000,0.943381,0.636364,-0.43469467,2026-03-25,2026-07-09,7,9,9,107,0.065421,0.128129,0.139158,0.042169,,,,,,,,GLOBAL_BASELINE_NO_ENTITY_RANKING,,,NOT_APPLICABLE_GLOBAL_BASELINE,HF9g-P5,,,,X 全窗基线 · 不参与实体赏罚,6871471,688,A168_HF9F_20260827_0900,2026-08-27 09:00:00
2026-05-10,135847768,1396,0,67.0901160301,-67.0901160301,-67.0901160301,0E-7,1,1,0.50665070000000000,0.506650700000,-1.013391052207602,-1.013391052207602,-1.013391052207602,0E-17,ELIGIBLE,R03b_20260811_FULL_v1,L1_ELIGIBILITY,v2026-08-11,2026-03-21..2026-08-06,baccarat_bet02_101_all_pairs_incl_sentinel,round_win = game_pnl > 0 (decisive only),COMPATIBILITY_ONLY_NOT_PRODUCTION,294.1645,277.5092,167.9104,11,11,-0.57080455,-1.00000000,-0.56530533,-0.57080455,-167.9104,294.1645,THIN_EXPOSURE,0.0000,6.7164,4.0000,96.0000,AG03-UNRESOLVED,ALL5_LEVELS_bet23_to_bet27,6.7164,6.7164,6.7164,6.7164,6.7164,4.000000,4.000000,4.000000,4.000000,4.000000,96.000000,96.000000,96.000000,96.000000,96.000000,5.0,33.5821,31.0009,134.3284,136.9096,PENDING_AG03,FALSE,NOT_FOR_ENFORCEMENT,161.1940,266.4088,167.9104,161.1940,6.7164,0.57080455,0.54797237,6.7164,161.1940,0.54797237,6.7164,6.7164,6.7164,6.7164,6.7164,161.1940,0.54797237,33.5821,31.0009,134.3284,136.9096,0.45664364,0.46541845,0.02283218,26.7422,25.2281,15.2646,23.9872,18.6567,42.0235,1.5714,3.7214,29.0443,2.6449,16.6553,34.1101,80.6384,99.2673,100.9609,16.6553,-2.286,5.960087,6.061769,1.605624,5,9,7,2,0.01265076,0.57080455,1.00000000,0E-8,0.000000,0.943381,0.636364,-0.43469467,2026-03-25,2026-07-09,7,9,9,107,0.065421,0.128129,0.139158,0.042169,,,,,,,,GLOBAL_BASELINE_NO_ENTITY_RANKING,,,NOT_APPLICABLE_GLOBAL_BASELINE,HF9g-P5,,,,X 全窗基线 · 不参与实体赏罚,6871472,688,A168_HF9F_20260827_0900,2026-08-27 09:00:00
2026-05-10,135847768,2142,0,100.9608542200,-100.9608542200,-100.9608542200,0E-7,1,1,0.50665070000000000,0.506650700000,-1.013391052207602,-1.013391052207602,-1.013391052207602,0E-17,ELIGIBLE,R03b_20260811_FULL_v1,L1_ELIGIBILITY,v2026-08-11,2026-03-21..2026-08-06,baccarat_bet02_101_all_pairs_incl_sentinel,round_win = game_pnl > 0 (decisive only),COMPATIBILITY_ONLY_NOT_PRODUCTION,294.1645,277.5092,167.9104,11,11,-0.57080455,-1.00000000,-0.56530533,-0.57080455,-167.9104,294.1645,THIN_EXPOSURE,0.0000,6.7164,4.0000,96.0000,AG03-UNRESOLVED,ALL5_LEVELS_bet23_to_bet27,6.7164,6.7164,6.7164,6.7164,6.7164,4.000000,4.000000,4.000000,4.000000,4.000000,96.000000,96.000000,96.000000,96.000000,96.000000,5.0,33.5821,31.0009,134.3284,136.9096,PENDING_AG03,FALSE,NOT_FOR_ENFORCEMENT,161.1940,266.4088,167.9104,161.1940,6.7164,0.57080455,0.54797237,6.7164,161.1940,0.54797237,6.7164,6.7164,6.7164,6.7164,6.7164,161.1940,0.54797237,33.5821,31.0009,134.3284,136.9096,0.45664364,0.46541845,0.02283218,26.7422,25.2281,15.2646,23.9872,18.6567,42.0235,1.5714,3.7214,29.0443,2.6449,16.6553,34.1101,80.6384,99.2673,100.9609,16.6553,-2.286,5.960087,6.061769,1.605624,5,9,7,2,0.01265076,0.57080455,1.00000000,0E-8,0.000000,0.943381,0.636364,-0.43469467,2026-03-25,2026-07-09,7,9,9,107,0.065421,0.128129,0.139158,0.042169,,,,,,,,GLOBAL_BASELINE_NO_ENTITY_RANKING,,,NOT_APPLICABLE_GLOBAL_BASELINE,HF9g-P5,,,,X 全窗基线 · 不参与实体赏罚,6871473,688,A168_HF9F_20260827_0900,2026-08-27 09:00:00
2026-07-02,135847768,986,0,1.6180020199,1.6180020199,1.6180020199,1.0000000,1,1,0.49324550000000000,0.493245500000,1.01360149184955,1.01360149184955,1.01360149184955,0E-17,ELIGIBLE,R03b_20260811_FULL_v1,L1_ELIGIBILITY,v2026-08-11,2026-03-21..2026-08-06,baccarat_bet02_101_all_pairs_incl_sentinel,round_win = game_pnl > 0 (decisive only),COMPATIBILITY_ONLY_NOT_PRODUCTION,294.1645,277.5092,167.9104,11,11,-0.57080455,-1.00000000,-0.56530533,-0.57080455,-167.9104,294.1645,THIN_EXPOSURE,0.0000,6.7164,4.0000,96.0000,AG03-UNRESOLVED,ALL5_LEVELS_bet23_to_bet27,6.7164,6.7164,6.7164,6.7164,6.7164,4.000000,4.000000,4.000000,4.000000,4.000000,96.000000,96.000000,96.000000,96.000000,96.000000,5.0,33.5821,31.0009,134.3284,136.9096,PENDING_AG03,FALSE,NOT_FOR_ENFORCEMENT,161.1940,266.4088,167.9104,161.1940,6.7164,0.57080455,0.54797237,6.7164,161.1940,0.54797237,6.7164,6.7164,6.7164,6.7164,6.7164,161.1940,0.54797237,33.5821,31.0009,134.3284,136.9096,0.45664364,0.46541845,0.02283218,26.7422,25.2281,15.2646,23.9872,18.6567,42.0235,1.5714,3.7214,29.0443,2.6449,16.6553,34.1101,80.6384,99.2673,100.9609,16.6553,-2.286,5.960087,6.061769,1.605624,5,9,7,2,0.01265076,0.57080455,1.00000000,0E-8,0.000000,0.943381,0.636364,-0.43469467,2026-03-25,2026-07-09,7,9,9,107,0.065421,0.128129,0.139158,0.042169,,,,,,,,GLOBAL_BASELINE_NO_ENTITY_RANKING,,,NOT_APPLICABLE_GLOBAL_BASELINE,HF9g-P5,,,,X 全窗基线 · 不参与实体赏罚,6871474,688,A168_HF9F_20260827_0900,2026-08-27 09:00:00
2026-07-09,135847768,1318,0,3.7214046458,-3.7214046458,-3.7214046458,0E-7,1,1,0.50665070000000000,0.506650700000,-1.013391052207602,-1.013391052207602,-1.013391052207602,0E-17,ELIGIBLE,R03b_20260811_FULL_v1,L1_ELIGIBILITY,v2026-08-11,2026-03-21..2026-08-06,baccarat_bet02_101_all_pairs_incl_sentinel,round_win = game_pnl > 0 (decisive only),COMPATIBILITY_ONLY_NOT_PRODUCTION,294.1645,277.5092,167.9104,11,11,-0.57080455,-1.00000000,-0.56530533,-0.57080455,-167.9104,294.1645,THIN_EXPOSURE,0.0000,6.7164,4.0000,96.0000,AG03-UNRESOLVED,ALL5_LEVELS_bet23_to_bet27,6.7164,6.7164,6.7164,6.7164,6.7164,4.000000,4.000000,4.000000,4.000000,4.000000,96.000000,96.000000,96.000000,96.000000,96.000000,5.0,33.5821,31.0009,134.3284,136.9096,PENDING_AG03,FALSE,NOT_FOR_ENFORCEMENT,161.1940,266.4088,167.9104,161.1940,6.7164,0.57080455,0.54797237,6.7164,161.1940,0.54797237,6.7164,6.7164,6.7164,6.7164,6.7164,161.1940,0.54797237,33.5821,31.0009,134.3284,136.9096,0.45664364,0.46541845,0.02283218,26.7422,25.2281,15.2646,23.9872,18.6567,42.0235,1.5714,3.7214,29.0443,2.6449,16.6553,34.1101,80.6384,99.2673,100.9609,16.6553,-2.286,5.960087,6.061769,1.605624,5,9,7,2,0.01265076,0.57080455,1.00000000,0E-8,0.000000,0.943381,0.636364,-0.43469467,2026-03-25,2026-07-09,7,9,9,107,0.065421,0.128129,0.139158,0.042169,,,,,,,,GLOBAL_BASELINE_NO_ENTITY_RANKING,,,NOT_APPLICABLE_GLOBAL_BASELINE,HF9g-P5,,,,X 全窗基线 · 不参与实体赏罚,6871475,688,A168_HF9F_20260827_0900,2026-08-27 09:00:00
2026-05-27,150149006,1299,0,42.0123936562,-42.0123936562,-42.0123936562,0E-7,2,2,0.50665070000000000,0.506650700000,-1.4331513700195317,-1.4331513700195317,-1.4331513700195317,0E-17,ELIGIBLE,R03b_20260811_FULL_v1,L1_ELIGIBILITY,v2026-08-11,2026-03-21..2026-08-06,baccarat_bet02_101_all_pairs_incl_sentinel,round_win = game_pnl > 0 (decisive only),COMPATIBILITY_ONLY_NOT_PRODUCTION,455.5990,372.5132,167.9144,38,19,-0.36855746,,-0.36855746,-0.36855746,-167.9144,455.5990,OK,0.0000,6.7166,4.0000,96.0000,AG03-UNRESOLVED,ALL5_LEVELS_bet23_to_bet27,6.7166,6.7166,6.7166,6.7166,6.7166,4.000000,4.000000,4.000000,4.000000,4.000000,96.000000,96.000000,96.000000,96.000000,96.000000,5.0,33.5829,31.0016,134.3315,136.9128,PENDING_AG03,FALSE,NOT_FOR_ENFORCEMENT,161.1978,357.6127,167.9144,161.1978,6.7166,0.36855746,0.35381516,6.7166,161.1978,0.35381516,6.7166,6.7166,6.7166,6.7166,6.7166,161.1978,0.35381516,33.5829,31.0016,134.3315,136.9128,0.29484597,0.30051169,0.01474230,11.9894,19.6060,8.8376,55.9715,33.5829,151.8663,6.3333,,11.9894,2.0771,20.7715,20.7715,20.7715,21.0062,21.0062,2.0771,-2.0771,1.011301,1.011301,0.577208,2,6,3,7,0E-8,0.36855746,,0E-8,0.000000,0.817634,0.000000,,2026-05-27,2026-06-25,3,5,5,30,0.100000,,,0.000000,,,,,,,,GLOBAL_BASELINE_NO_ENTITY_RANKING,,,NOT_APPLICABLE_GLOBAL_BASELINE,HF9g-P5,,,,X 全窗基线 · 不参与实体赏罚,6871476,688,A168_HF9F_20260827_0900,2026-08-27 09:00:00
2026-05-27,150149006,772,0,21.0061968281,-21.0061968281,-21.0061968281,0E-7,1,1,0.50665070000000000,0.506650700000,-1.013391052207602,-1.013391052207602,-1.013391052207602,0E-17,ELIGIBLE,R03b_20260811_FULL_v1,L1_ELIGIBILITY,v2026-08-11,2026-03-21..2026-08-06,baccarat_bet02_101_all_pairs_incl_sentinel,round_win = game_pnl > 0 (decisive only),COMPATIBILITY_ONLY_NOT_PRODUCTION,455.5990,372.5132,167.9144,38,19,-0.36855746,,-0.36855746,-0.36855746,-167.9144,455.5990,OK,0.0000,6.7166,4.0000,96.0000,AG03-UNRESOLVED,ALL5_LEVELS_bet23_to_bet27,6.7166,6.7166,6.7166,6.7166,6.7166,4.000000,4.000000,4.000000,4.000000,4.000000,96.000000,96.000000,96.000000,96.000000,96.000000,5.0,33.5829,31.0016,134.3315,136.9128,PENDING_AG03,FALSE,NOT_FOR_ENFORCEMENT,161.1978,357.6127,167.9144,161.1978,6.7166,0.36855746,0.35381516,6.7166,161.1978,0.35381516,6.7166,6.7166,6.7166,6.7166,6.7166,161.1978,0.35381516,33.5829,31.0016,134.3315,136.9128,0.29484597,0.30051169,0.01474230,11.9894,19.6060,8.8376,55.9715,33.5829,151.8663,6.3333,,11.9894,2.0771,20.7715,20.7715,20.7715,21.0062,21.0062,2.0771,-2.0771,1.011301,1.011301,0.577208,2,6,3,7,0E-8,0.36855746,,0E-8,0.000000,0.817634,0.000000,,2026-05-27,2026-06-25,3,5,5,30,0.100000,,,0.000000,,,,,,,,GLOBAL_BASELINE_NO_ENTITY_RANKING,,,NOT_APPLICABLE_GLOBAL_BASELINE,HF9g-P5,,,,X 全窗基线 · 不参与实体赏罚,6871477,688,A168_HF9F_20260827_0900,2026-08-27 09:00:00
2026-06-16,150149006,2129,0,230.5631140567,-23.8871694746,-23.8871694746,0.3333333,20,9,0.46040613400639876,0.332439392592,-0.7648386107618618,0.005692832355850911,-0.7648386107618618,0.12796674141439876,ELIGIBLE,R03b_20260811_FULL_v1,L1_ELIGIBILITY,v2026-08-11,2026-03-21..2026-08-06,baccarat_bet02_101_all_pairs_incl_sentinel,round_win = game_pnl > 0 (decisive only),COMPATIBILITY_ONLY_NOT_PRODUCTION,455.5990,372.5132,167.9144,38,19,-0.36855746,,-0.36855746,-0.36855746,-167.9144,455.5990,OK,0.0000,6.7166,4.0000,96.0000,AG03-UNRESOLVED,ALL5_LEVELS_bet23_to_bet27,6.7166,6.7166,6.7166,6.7166,6.7166,4.000000,4.000000,4.000000,4.000000,4.000000,96.000000,96.000000,96.000000,96.000000,96.000000,5.0,33.5829,31.0016,134.3315,136.9128,PENDING_AG03,FALSE,NOT_FOR_ENFORCEMENT,161.1978,357.6127,167.9144,161.1978,6.7166,0.36855746,0.35381516,6.7166,161.1978,0.35381516,6.7166,6.7166,6.7166,6.7166,6.7166,161.1978,0.35381516,33.5829,31.0016,134.3315,136.9128,0.29484597,0.30051169,0.01474230,11.9894,19.6060,8.8376,55.9715,33.5829,151.8663,6.3333,,11.9894,2.0771,20.7715,20.7715,20.7715,21.0062,21.0062,2.0771,-2.0771,1.011301,1.011301,0.577208,2,6,3,7,0E-8,0.36855746,,0E-8,0.000000,0.817634,0.000000,,2026-05-27,2026-06-25,3,5,5,30,0.100000,,,0.000000,,,,,,,,GLOBAL_BASELINE_NO_ENTITY_RANKING,,,NOT_APPLICABLE_GLOBAL_BASELINE,HF9g-P5,,,,X 全窗基线 · 不参与实体赏罚,6871478,688,A168_HF9F_20260827_0900,2026-08-27 09:00:00
2026-06-16,150149006,2167,0,120.4744199576,-79.9700891099,-79.9700891099,0.2000000,13,5,0.44234622666621524,0.273562166666,-1.091082972575845,-0.36898802319399,-1.091082972575845,0.16878406000021524,ELIGIBLE,R03b_20260811_FULL_v1,L1_ELIGIBILITY,v2026-08-11,2026-03-21..2026-08-06,baccarat_bet02_101_all_pairs_incl_sentinel,round_win = game_pnl > 0 (decisive only),COMPATIBILITY_ONLY_NOT_PRODUCTION,455.5990,372.5132,167.9144,38,19,-0.36855746,,-0.36855746,-0.36855746,-167.9144,455.5990,OK,0.0000,6.7166,4.0000,96.0000,AG03-UNRESOLVED,ALL5_LEVELS_bet23_to_bet27,6.7166,6.7166,6.7166,6.7166,6.7166,4.000000,4.000000,4.000000,4.000000,4.000000,96.000000,96.000000,96.000000,96.000000,96.000000,5.0,33.5829,31.0016,134.3315,136.9128,PENDING_AG03,FALSE,NOT_FOR_ENFORCEMENT,161.1978,357.6127,167.9144,161.1978,6.7166,0.36855746,0.35381516,6.7166,161.1978,0.35381516,6.7166,6.7166,6.7166,6.7166,6.7166,161.1978,0.35381516,33.5829,31.0016,134.3315,136.9128,0.29484597,0.30051169,0.01474230,11.9894,19.6060,8.8376,55.9715,33.5829,151.8663,6.3333,,11.9894,2.0771,20.7715,20.7715,20.7715,21.0062,21.0062,2.0771,-2.0771,1.011301,1.011301,0.577208,2,6,3,7,0E-8,0.36855746,,0E-8,0.000000,0.817634,0.000000,,2026-05-27,2026-06-25,3,5,5,30,0.100000,,,0.000000,,,,,,,,GLOBAL_BASELINE_NO_ENTITY_RANKING,,,NOT_APPLICABLE_GLOBAL_BASELINE,HF9g-P5,,,,X 全窗基线 · 不参与实体赏罚,6871479,688,A168_HF9F_20260827_0900,2026-08-27 09:00:00
2026-06-25,150149006,2121,0,20.7714517168,19.7328791309,19.7328791309,1.0000000,1,1,0.50665070000000000,0.506650700000,0.9867858985152569,0.9867858985152569,0.9867858985152569,0E-17,ELIGIBLE,R03b_20260811_FULL_v1,L1_ELIGIBILITY,v2026-08-11,2026-03-21..2026-08-06,baccarat_bet02_101_all_pairs_incl_sentinel,round_win = game_pnl > 0 (decisive only),COMPATIBILITY_ONLY_NOT_PRODUCTION,455.5990,372.5132,167.9144,38,19,-0.36855746,,-0.36855746,-0.36855746,-167.9144,455.5990,OK,0.0000,6.7166,4.0000,96.0000,AG03-UNRESOLVED,ALL5_LEVELS_bet23_to_bet27,6.7166,6.7166,6.7166,6.7166,6.7166,4.000000,4.000000,4.000000,4.000000,4.000000,96.000000,96.000000,96.000000,96.000000,96.000000,5.0,33.5829,31.0016,134.3315,136.9128,PENDING_AG03,FALSE,NOT_FOR_ENFORCEMENT,161.1978,357.6127,167.9144,161.1978,6.7166,0.36855746,0.35381516,6.7166,161.1978,0.35381516,6.7166,6.7166,6.7166,6.7166,6.7166,161.1978,0.35381516,33.5829,31.0016,134.3315,136.9128,0.29484597,0.30051169,0.01474230,11.9894,19.6060,8.8376,55.9715,33.5829,151.8663,6.3333,,11.9894,2.0771,20.7715,20.7715,20.7715,21.0062,21.0062,2.0771,-2.0771,1.011301,1.011301,0.577208,2,6,3,7,0E-8,0.36855746,,0E-8,0.000000,0.817634,0.000000,,2026-05-27,2026-06-25,3,5,5,30,0.100000,,,0.000000,,,,,,,,GLOBAL_BASELINE_NO_ENTITY_RANKING,,,NOT_APPLICABLE_GLOBAL_BASELINE,HF9g-P5,,,,X 全窗基线 · 不参与实体赏罚,6871480,688,A168_HF9F_20260827_0900,2026-08-27 09:00:00
2026-06-25,150149006,763,0,20.7714517168,-20.7714517168,-20.7714517168,0E-7,1,1,0.50665070000000000,0.506650700000,-1.013391052207602,-1.013391052207602,-1.013391052207602,0E-17,ELIGIBLE,R03b_20260811_FULL_v1,L1_ELIGIBILITY,v2026-08-11,2026-03-21..2026-08-06,baccarat_bet02_101_all_pairs_incl_sentinel,round_win = game_pnl > 0 (decisive only),COMPATIBILITY_ONLY_NOT_PRODUCTION,455.5990,372.5132,167.9144,38,19,-0.36855746,,-0.36855746,-0.36855746,-167.9144,455.5990,OK,0.0000,6.7166,4.0000,96.0000,AG03-UNRESOLVED,ALL5_LEVELS_bet23_to_bet27,6.7166,6.7166,6.7166,6.7166,6.7166,4.000000,4.000000,4.000000,4.000000,4.000000,96.000000,96.000000,96.000000,96.000000,96.000000,5.0,33.5829,31.0016,134.3315,136.9128,PENDING_AG03,FALSE,NOT_FOR_ENFORCEMENT,161.1978,357.6127,167.9144,161.1978,6.7166,0.36855746,0.35381516,6.7166,161.1978,0.35381516,6.7166,6.7166,6.7166,6.7166,6.7166,161.1978,0.35381516,33.5829,31.0016,134.3315,136.9128,0.29484597,0.30051169,0.01474230,11.9894,19.6060,8.8376,55.9715,33.5829,151.8663,6.3333,,11.9894,2.0771,20.7715,20.7715,20.7715,21.0062,21.0062,2.0771,-2.0771,1.011301,1.011301,0.577208,2,6,3,7,0E-8,0.36855746,,0E-8,0.000000,0.817634,0.000000,,2026-05-27,2026-06-25,3,5,5,30,0.100000,,,0.000000,,,,,,,,GLOBAL_BASELINE_NO_ENTITY_RANKING,,,NOT_APPLICABLE_GLOBAL_BASELINE,HF9g-P5,,,,X 全窗基线 · 不参与实体赏罚,6871481,688,A168_HF9F_20260827_0900,2026-08-27 09:00:00
2026-03-21,96270845,1396,0,131.6586354899,-131.6586354899,-131.6586354899,0E-7,1,1,0.50665070000000000,0.506650700000,-1.013391052207602,-1.013391052207602,-1.013391052207602,0E-17,ELIGIBLE,R03b_20260811_FULL_v1,L1_ELIGIBILITY,v2026-08-11,2026-03-21..2026-08-06,baccarat_bet02_101_all_pairs_incl_sentinel,round_win = game_pnl > 0 (decisive only),COMPATIBILITY_ONLY_NOT_PRODUCTION,320.0150,306.8491,167.9146,16,16,-0.52470859,,-0.52470859,-0.52470859,-167.9146,320.0150,THIN_EXPOSURE,0.0000,6.7166,4.0000,96.0000,AG03-UNRESOLVED,ALL5_LEVELS_bet23_to_bet27,6.7166,6.7166,6.7166,8.3957,8.3957,4.000000,4.000000,4.000000,5.000000,5.000000,96.000000,96.000000,96.000000,95.000000,95.000000,5.0,36.9412,33.8391,130.9734,134.0755,PENDING_AG03,FALSE,NOT_FOR_ENFORCEMENT,161.1980,294.5752,167.9146,161.1980,6.7166,0.52470859,0.50372024,6.7166,161.1980,0.50372024,6.7166,6.7166,6.7166,8.3957,8.3957,161.1980,0.50372024,36.9412,33.8391,130.9734,134.0755,0.40927270,0.41896629,0.02098834,20.0009,19.1781,10.4947,27.9858,11.9939,53.3358,2.6667,,20.0009,7.9713,12.0737,15.0091,27.709,100.5635,131.6586,10.2694,-6.5829,8.329171,10.904624,1.656577,9,14,5,2,0E-8,0.52470859,,0E-8,0.000000,0.958859,0.000000,,2026-03-21,2026-05-02,6,14,14,43,0.139535,,,0.000000,,,,,,,,GLOBAL_BASELINE_NO_ENTITY_RANKING,,,NOT_APPLICABLE_GLOBAL_BASELINE,HF9g-P5,,,,X 全窗基线 · 不参与实体赏罚,6871482,688,A168_HF9F_20260827_0900,2026-08-27 09:00:00
2026-03-22,96270845,2093,0,9.4794217553,-9.4794217553,-9.4794217553,0E-7,1,1,0.50665070000000000,0.506650700000,-1.013391052207602,-1.013391052207602,-1.013391052207602,0E-17,ELIGIBLE,R03b_20260811_FULL_v1,L1_ELIGIBILITY,v2026-08-11,2026-03-21..2026-08-06,baccarat_bet02_101_all_pairs_incl_sentinel,round_win = game_pnl > 0 (decisive only),COMPATIBILITY_ONLY_NOT_PRODUCTION,320.0150,306.8491,167.9146,16,16,-0.52470859,,-0.52470859,-0.52470859,-167.9146,320.0150,THIN_EXPOSURE,0.0000,6.7166,4.0000,96.0000,AG03-UNRESOLVED,ALL5_LEVELS_bet23_to_bet27,6.7166,6.7166,6.7166,8.3957,8.3957,4.000000,4.000000,4.000000,5.000000,5.000000,96.000000,96.000000,96.000000,95.000000,95.000000,5.0,36.9412,33.8391,130.9734,134.0755,PENDING_AG03,FALSE,NOT_FOR_ENFORCEMENT,161.1980,294.5752,167.9146,161.1980,6.7166,0.52470859,0.50372024,6.7166,161.1980,0.50372024,6.7166,6.7166,6.7166,8.3957,8.3957,161.1980,0.50372024,36.9412,33.8391,130.9734,134.0755,0.40927270,0.41896629,0.02098834,20.0009,19.1781,10.4947,27.9858,11.9939,53.3358,2.6667,,20.0009,7.9713,12.0737,15.0091,27.709,100.5635,131.6586,10.2694,-6.5829,8.329171,10.904624,1.656577,9,14,5,2,0E-8,0.52470859,,0E-8,0.000000,0.958859,0.000000,,2026-03-21,2026-05-02,6,14,14,43,0.139535,,,0.000000,,,,,,,,GLOBAL_BASELINE_NO_ENTITY_RANKING,,,NOT_APPLICABLE_GLOBAL_BASELINE,HF9g-P5,,,,X 全窗基线 · 不参与实体赏罚,6871483,688,A168_HF9F_20260827_0900,2026-08-27 09:00:00
2026-03-25,96270845,-1,1,30.0181688917,16.0096900756,16.0096900756,1.0000000,2,2,0.49994810000000000,0.499948100000,1.0001038053877793,1.0001038053877793,1.0001038053877793,0E-17,SENTINEL_DEALER,R03b_20260811_FULL_v1,L1_ELIGIBILITY,v2026-08-11,2026-03-21..2026-08-06,baccarat_bet02_101_all_pairs_incl_sentinel,round_win = game_pnl > 0 (decisive only),COMPATIBILITY_ONLY_NOT_PRODUCTION,320.0150,306.8491,167.9146,16,16,-0.52470859,,-0.52470859,-0.52470859,-167.9146,320.0150,THIN_EXPOSURE,0.0000,6.7166,4.0000,96.0000,AG03-UNRESOLVED,ALL5_LEVELS_bet23_to_bet27,6.7166,6.7166,6.7166,8.3957,8.3957,4.000000,4.000000,4.000000,5.000000,5.000000,96.000000,96.000000,96.000000,95.000000,95.000000,5.0,36.9412,33.8391,130.9734,134.0755,PENDING_AG03,FALSE,NOT_FOR_ENFORCEMENT,161.1980,294.5752,167.9146,161.1980,6.7166,0.52470859,0.50372024,6.7166,161.1980,0.50372024,6.7166,6.7166,6.7166,8.3957,8.3957,161.1980,0.50372024,36.9412,33.8391,130.9734,134.0755,0.40927270,0.41896629,0.02098834,20.0009,19.1781,10.4947,27.9858,11.9939,53.3358,2.6667,,20.0009,7.9713,12.0737,15.0091,27.709,100.5635,131.6586,10.2694,-6.5829,8.329171,10.904624,1.656577,9,14,5,2,0E-8,0.52470859,,0E-8,0.000000,0.958859,0.000000,,2026-03-21,2026-05-02,6,14,14,43,0.139535,,,0.000000,,,,,,,,GLOBAL_BASELINE_NO_ENTITY_RANKING,,,NOT_APPLICABLE_GLOBAL_BASELINE,HF9g-P5,,,,X 全窗基线 · 不参与实体赏罚,6871484,688,A168_HF9F_20260827_0900,2026-08-27 09:00:00
2026-03-25,96270845,1151,0,7.8995181294,-7.8995181294,-7.8995181294,0E-7,1,1,0.49324550000000000,0.493245500000,-0.9865810262130424,-0.9865810262130424,-0.9865810262130424,0E-17,ELIGIBLE,R03b_20260811_FULL_v1,L1_ELIGIBILITY,v2026-08-11,2026-03-21..2026-08-06,baccarat_bet02_101_all_pairs_incl_sentinel,round_win = game_pnl > 0 (decisive only),COMPATIBILITY_ONLY_NOT_PRODUCTION,320.0150,306.8491,167.9146,16,16,-0.52470859,,-0.52470859,-0.52470859,-167.9146,320.0150,THIN_EXPOSURE,0.0000,6.7166,4.0000,96.0000,AG03-UNRESOLVED,ALL5_LEVELS_bet23_to_bet27,6.7166,6.7166,6.7166,8.3957,8.3957,4.000000,4.000000,4.000000,5.000000,5.000000,96.000000,96.000000,96.000000,95.000000,95.000000,5.0,36.9412,33.8391,130.9734,134.0755,PENDING_AG03,FALSE,NOT_FOR_ENFORCEMENT,161.1980,294.5752,167.9146,161.1980,6.7166,0.52470859,0.50372024,6.7166,161.1980,0.50372024,6.7166,6.7166,6.7166,8.3957,8.3957,161.1980,0.50372024,36.9412,33.8391,130.9734,134.0755,0.40927270,0.41896629,0.02098834,20.0009,19.1781,10.4947,27.9858,11.9939,53.3358,2.6667,,20.0009,7.9713,12.0737,15.0091,27.709,100.5635,131.6586,10.2694,-6.5829,8.329171,10.904624,1.656577,9,14,5,2,0E-8,0.52470859,,0E-8,0.000000,0.958859,0.000000,,2026-03-21,2026-05-02,6,14,14,43,0.139535,,,0.000000,,,,,,,,GLOBAL_BASELINE_NO_ENTITY_RANKING,,,NOT_APPLICABLE_GLOBAL_BASELINE,HF9g-P5,,,,X 全窗基线 · 不参与实体赏罚,6871485,688,A168_HF9F_20260827_0900,2026-08-27 09:00:00
2026-03-25,96270845,1307,0,5.2663454196,-5.2663454196,-5.2663454196,0E-7,1,1,0.49324550000000000,0.493245500000,-0.9865810262130424,-0.9865810262130424,-0.9865810262130424,0E-17,ELIGIBLE,R03b_20260811_FULL_v1,L1_ELIGIBILITY,v2026-08-11,2026-03-21..2026-08-06,baccarat_bet02_101_all_pairs_incl_sentinel,round_win = game_pnl > 0 (decisive only),COMPATIBILITY_ONLY_NOT_PRODUCTION,320.0150,306.8491,167.9146,16,16,-0.52470859,,-0.52470859,-0.52470859,-167.9146,320.0150,THIN_EXPOSURE,0.0000,6.7166,4.0000,96.0000,AG03-UNRESOLVED,ALL5_LEVELS_bet23_to_bet27,6.7166,6.7166,6.7166,8.3957,8.3957,4.000000,4.000000,4.000000,5.000000,5.000000,96.000000,96.000000,96.000000,95.000000,95.000000,5.0,36.9412,33.8391,130.9734,134.0755,PENDING_AG03,FALSE,NOT_FOR_ENFORCEMENT,161.1980,294.5752,167.9146,161.1980,6.7166,0.52470859,0.50372024,6.7166,161.1980,0.50372024,6.7166,6.7166,6.7166,8.3957,8.3957,161.1980,0.50372024,36.9412,33.8391,130.9734,134.0755,0.40927270,0.41896629,0.02098834,20.0009,19.1781,10.4947,27.9858,11.9939,53.3358,2.6667,,20.0009,7.9713,12.0737,15.0091,27.709,100.5635,131.6586,10.2694,-6.5829,8.329171,10.904624,1.656577,9,14,5,2,0E-8,0.52470859,,0E-8,0.000000,0.958859,0.000000,,2026-03-21,2026-05-02,6,14,14,43,0.139535,,,0.000000,,,,,,,,GLOBAL_BASELINE_NO_ENTITY_RANKING,,,NOT_APPLICABLE_GLOBAL_BASELINE,HF9g-P5,,,,X 全窗基线 · 不参与实体赏罚,6871486,688,A168_HF9F_20260827_0900,2026-08-27 09:00:00
2026-03-25,96270845,2117,0,8.4261526714,8.4261526714,8.4261526714,1.0000000,1,1,0.49324550000000000,0.493245500000,1.01360149184955,1.01360149184955,1.01360149184955,0E-17,ELIGIBLE,R03b_20260811_FULL_v1,L1_ELIGIBILITY,v2026-08-11,2026-03-21..2026-08-06,baccarat_bet02_101_all_pairs_incl_sentinel,round_win = game_pnl > 0 (decisive only),COMPATIBILITY_ONLY_NOT_PRODUCTION,320.0150,306.8491,167.9146,16,16,-0.52470859,,-0.52470859,-0.52470859,-167.9146,320.0150,THIN_EXPOSURE,0.0000,6.7166,4.0000,96.0000,AG03-UNRESOLVED,ALL5_LEVELS_bet23_to_bet27,6.7166,6.7166,6.7166,8.3957,8.3957,4.000000,4.000000,4.000000,5.000000,5.000000,96.000000,96.000000,96.000000,95.000000,95.000000,5.0,36.9412,33.8391,130.9734,134.0755,PENDING_AG03,FALSE,NOT_FOR_ENFORCEMENT,161.1980,294.5752,167.9146,161.1980,6.7166,0.52470859,0.50372024,6.7166,161.1980,0.50372024,6.7166,6.7166,6.7166,8.3957,8.3957,161.1980,0.50372024,36.9412,33.8391,130.9734,134.0755,0.40927270,0.41896629,0.02098834,20.0009,19.1781,10.4947,27.9858,11.9939,53.3358,2.6667,,20.0009,7.9713,12.0737,15.0091,27.709,100.5635,131.6586,10.2694,-6.5829,8.329171,10.904624,1.656577,9,14,5,2,0E-8,0.52470859,,0E-8,0.000000,0.958859,0.000000,,2026-03-21,2026-05-02,6,14,14,43,0.139535,,,0.000000,,,,,,,,GLOBAL_BASELINE_NO_ENTITY_RANKING,,,NOT_APPLICABLE_GLOBAL_BASELINE,HF9g-P5,,,,X 全窗基线 · 不参与实体赏罚,6871487,688,A168_HF9F_20260827_0900,2026-08-27 09:00:00
2026-03-25,96270845,2155,0,7.8995181294,-7.8995181294,-7.8995181294,0E-7,1,1,0.49324550000000000,0.493245500000,-0.9865810262130424,-0.9865810262130424,-0.9865810262130424,0E-17,ELIGIBLE,R03b_20260811_FULL_v1,L1_ELIGIBILITY,v2026-08-11,2026-03-21..2026-08-06,baccarat_bet02_101_all_pairs_incl_sentinel,round_win = game_pnl > 0 (decisive only),COMPATIBILITY_ONLY_NOT_PRODUCTION,320.0150,306.8491,167.9146,16,16,-0.52470859,,-0.52470859,-0.52470859,-167.9146,320.0150,THIN_EXPOSURE,0.0000,6.7166,4.0000,96.0000,AG03-UNRESOLVED,ALL5_LEVELS_bet23_to_bet27,6.7166,6.7166,6.7166,8.3957,8.3957,4.000000,4.000000,4.000000,5.000000,5.000000,96.000000,96.000000,96.000000,95.000000,95.000000,5.0,36.9412,33.8391,130.9734,134.0755,PENDING_AG03,FALSE,NOT_FOR_ENFORCEMENT,161.1980,294.5752,167.9146,161.1980,6.7166,0.52470859,0.50372024,6.7166,161.1980,0.50372024,6.7166,6.7166,6.7166,8.3957,8.3957,161.1980,0.50372024,36.9412,33.8391,130.9734,134.0755,0.40927270,0.41896629,0.02098834,20.0009,19.1781,10.4947,27.9858,11.9939,53.3358,2.6667,,20.0009,7.9713,12.0737,15.0091,27.709,100.5635,131.6586,10.2694,-6.5829,8.329171,10.904624,1.656577,9,14,5,2,0E-8,0.52470859,,0E-8,0.000000,0.958859,0.000000,,2026-03-21,2026-05-02,6,14,14,43,0.139535,,,0.000000,,,,,,,,GLOBAL_BASELINE_NO_ENTITY_RANKING,,,NOT_APPLICABLE_GLOBAL_BASELINE,HF9g-P5,,,,X 全窗基线 · 不参与实体赏罚,6871488,688,A168_HF9F_20260827_0900,2026-08-27 09:00:00
2026-03-25,96270845,2196,0,13.1658635490,-13.1658635490,-13.1658635490,0E-7,1,1,0.50665070000000000,0.506650700000,-1.013391052207602,-1.013391052207602,-1.013391052207602,0E-17,ELIGIBLE,R03b_20260811_FULL_v1,L1_ELIGIBILITY,v2026-08-11,2026-03-21..2026-08-06,baccarat_bet02_101_all_pairs_incl_sentinel,round_win = game_pnl > 0 (decisive only),COMPATIBILITY_ONLY_NOT_PRODUCTION,320.0150,306.8491,167.9146,16,16,-0.52470859,,-0.52470859,-0.52470859,-167.9146,320.0150,THIN_EXPOSURE,0.0000,6.7166,4.0000,96.0000,AG03-UNRESOLVED,ALL5_LEVELS_bet23_to_bet27,6.7166,6.7166,6.7166,8.3957,8.3957,4.000000,4.000000,4.000000,5.000000,5.000000,96.000000,96.000000,96.000000,95.000000,95.000000,5.0,36.9412,33.8391,130.9734,134.0755,PENDING_AG03,FALSE,NOT_FOR_ENFORCEMENT,161.1980,294.5752,167.9146,161.1980,6.7166,0.52470859,0.50372024,6.7166,161.1980,0.50372024,6.7166,6.7166,6.7166,8.3957,8.3957,161.1980,0.50372024,36.9412,33.8391,130.9734,134.0755,0.40927270,0.41896629,0.02098834,20.0009,19.1781,10.4947,27.9858,11.9939,53.3358,2.6667,,20.0009,7.9713,12.0737,15.0091,27.709,100.5635,131.6586,10.2694,-6.5829,8.329171,10.904624,1.656577,9,14,5,2,0E-8,0.52470859,,0E-8,0.000000,0.958859,0.000000,,2026-03-21,2026-05-02,6,14,14,43,0.139535,,,0.000000,,,,,,,,GLOBAL_BASELINE_NO_ENTITY_RANKING,,,NOT_APPLICABLE_GLOBAL_BASELINE,HF9g-P5,,,,X 全窗基线 · 不参与实体赏罚,6871489,688,A168_HF9F_20260827_0900,2026-08-27 09:00:00
2026-03-25,96270845,2202,0,7.8995181294,7.5045422229,7.5045422229,1.0000000,1,1,0.50665070000000000,0.506650700000,0.9867858985152569,0.9867858985152569,0.9867858985152569,0E-17,ELIGIBLE,R03b_20260811_FULL_v1,L1_ELIGIBILITY,v2026-08-11,2026-03-21..2026-08-06,baccarat_bet02_101_all_pairs_incl_sentinel,round_win = game_pnl > 0 (decisive only),COMPATIBILITY_ONLY_NOT_PRODUCTION,320.0150,306.8491,167.9146,16,16,-0.52470859,,-0.52470859,-0.52470859,-167.9146,320.0150,THIN_EXPOSURE,0.0000,6.7166,4.0000,96.0000,AG03-UNRESOLVED,ALL5_LEVELS_bet23_to_bet27,6.7166,6.7166,6.7166,8.3957,8.3957,4.000000,4.000000,4.000000,5.000000,5.000000,96.000000,96.000000,96.000000,95.000000,95.000000,5.0,36.9412,33.8391,130.9734,134.0755,PENDING_AG03,FALSE,NOT_FOR_ENFORCEMENT,161.1980,294.5752,167.9146,161.1980,6.7166,0.52470859,0.50372024,6.7166,161.1980,0.50372024,6.7166,6.7166,6.7166,8.3957,8.3957,161.1980,0.50372024,36.9412,33.8391,130.9734,134.0755,0.40927270,0.41896629,0.02098834,20.0009,19.1781,10.4947,27.9858,11.9939,53.3358,2.6667,,20.0009,7.9713,12.0737,15.0091,27.709,100.5635,131.6586,10.2694,-6.5829,8.329171,10.904624,1.656577,9,14,5,2,0E-8,0.52470859,,0E-8,0.000000,0.958859,0.000000,,2026-03-21,2026-05-02,6,14,14,43,0.139535,,,0.000000,,,,,,,,GLOBAL_BASELINE_NO_ENTITY_RANKING,,,NOT_APPLICABLE_GLOBAL_BASELINE,HF9g-P5,,,,X 全窗基线 · 不参与实体赏罚,6871490,688,A168_HF9F_20260827_0900,2026-08-27 09:00:00
2026-03-25,96270845,2216,0,11.0593253812,11.0593253812,11.0593253812,1.0000000,1,1,0.49324550000000000,0.493245500000,1.01360149184955,1.01360149184955,1.01360149184955,0E-17,ELIGIBLE,R03b_20260811_FULL_v1,L1_ELIGIBILITY,v2026-08-11,2026-03-21..2026-08-06,baccarat_bet02_101_all_pairs_incl_sentinel,round_win = game_pnl > 0 (decisive only),COMPATIBILITY_ONLY_NOT_PRODUCTION,320.0150,306.8491,167.9146,16,16,-0.52470859,,-0.52470859,-0.52470859,-167.9146,320.0150,THIN_EXPOSURE,0.0000,6.7166,4.0000,96.0000,AG03-UNRESOLVED,ALL5_LEVELS_bet23_to_bet27,6.7166,6.7166,6.7166,8.3957,8.3957,4.000000,4.000000,4.000000,5.000000,5.000000,96.000000,96.000000,96.000000,95.000000,95.000000,5.0,36.9412,33.8391,130.9734,134.0755,PENDING_AG03,FALSE,NOT_FOR_ENFORCEMENT,161.1980,294.5752,167.9146,161.1980,6.7166,0.52470859,0.50372024,6.7166,161.1980,0.50372024,6.7166,6.7166,6.7166,8.3957,8.3957,161.1980,0.50372024,36.9412,33.8391,130.9734,134.0755,0.40927270,0.41896629,0.02098834,20.0009,19.1781,10.4947,27.9858,11.9939,53.3358,2.6667,,20.0009,7.9713,12.0737,15.0091,27.709,100.5635,131.6586,10.2694,-6.5829,8.329171,10.904624,1.656577,9,14,5,2,0E-8,0.52470859,,0E-8,0.000000,0.958859,0.000000,,2026-03-21,2026-05-02,6,14,14,43,0.139535,,,0.000000,,,,,,,,GLOBAL_BASELINE_NO_ENTITY_RANKING,,,NOT_APPLICABLE_GLOBAL_BASELINE,HF9g-P5,,,,X 全窗基线 · 不参与实体赏罚,6871491,688,A168_HF9F_20260827_0900,2026-08-27 09:00:00
2026-03-25,96270845,2246,0,25.0151407431,-25.0151407431,-25.0151407431,0E-7,1,1,0.49324550000000000,0.493245500000,-0.9865810262130424,-0.9865810262130424,-0.9865810262130424,0E-17,ELIGIBLE,R03b_20260811_FULL_v1,L1_ELIGIBILITY,v2026-08-11,2026-03-21..2026-08-06,baccarat_bet02_101_all_pairs_incl_sentinel,round_win = game_pnl > 0 (decisive only),COMPATIBILITY_ONLY_NOT_PRODUCTION,320.0150,306.8491,167.9146,16,16,-0.52470859,,-0.52470859,-0.52470859,-167.9146,320.0150,THIN_EXPOSURE,0.0000,6.7166,4.0000,96.0000,AG03-UNRESOLVED,ALL5_LEVELS_bet23_to_bet27,6.7166,6.7166,6.7166,8.3957,8.3957,4.000000,4.000000,4.000000,5.000000,5.000000,96.000000,96.000000,96.000000,95.000000,95.000000,5.0,36.9412,33.8391,130.9734,134.0755,PENDING_AG03,FALSE,NOT_FOR_ENFORCEMENT,161.1980,294.5752,167.9146,161.1980,6.7166,0.52470859,0.50372024,6.7166,161.1980,0.50372024,6.7166,6.7166,6.7166,8.3957,8.3957,161.1980,0.50372024,36.9412,33.8391,130.9734,134.0755,0.40927270,0.41896629,0.02098834,20.0009,19.1781,10.4947,27.9858,11.9939,53.3358,2.6667,,20.0009,7.9713,12.0737,15.0091,27.709,100.5635,131.6586,10.2694,-6.5829,8.329171,10.904624,1.656577,9,14,5,2,0E-8,0.52470859,,0E-8,0.000000,0.958859,0.000000,,2026-03-21,2026-05-02,6,14,14,43,0.139535,,,0.000000,,,,,,,,GLOBAL_BASELINE_NO_ENTITY_RANKING,,,NOT_APPLICABLE_GLOBAL_BASELINE,HF9g-P5,,,,X 全窗基线 · 不参与实体赏罚,6871492,688,A168_HF9F_20260827_0900,2026-08-27 09:00:00
2026-04-21,96270845,993,0,13.0879773840,12.4335785148,12.4335785148,1.0000000,1,1,0.50665070000000000,0.506650700000,0.9867858985152569,0.9867858985152569,0.9867858985152569,0E-17,ELIGIBLE,R03b_20260811_FULL_v1,L1_ELIGIBILITY,v2026-08-11,2026-03-21..2026-08-06,baccarat_bet02_101_all_pairs_incl_sentinel,round_win = game_pnl > 0 (decisive only),COMPATIBILITY_ONLY_NOT_PRODUCTION,320.0150,306.8491,167.9146,16,16,-0.52470859,,-0.52470859,-0.52470859,-167.9146,320.0150,THIN_EXPOSURE,0.0000,6.7166,4.0000,96.0000,AG03-UNRESOLVED,ALL5_LEVELS_bet23_to_bet27,6.7166,6.7166,6.7166,8.3957,8.3957,4.000000,4.000000,4.000000,5.000000,5.000000,96.000000,96.000000,96.000000,95.000000,95.000000,5.0,36.9412,33.8391,130.9734,134.0755,PENDING_AG03,FALSE,NOT_FOR_ENFORCEMENT,161.1980,294.5752,167.9146,161.1980,6.7166,0.52470859,0.50372024,6.7166,161.1980,0.50372024,6.7166,6.7166,6.7166,8.3957,8.3957,161.1980,0.50372024,36.9412,33.8391,130.9734,134.0755,0.40927270,0.41896629,0.02098834,20.0009,19.1781,10.4947,27.9858,11.9939,53.3358,2.6667,,20.0009,7.9713,12.0737,15.0091,27.709,100.5635,131.6586,10.2694,-6.5829,8.329171,10.904624,1.656577,9,14,5,2,0E-8,0.52470859,,0E-8,0.000000,0.958859,0.000000,,2026-03-21,2026-05-02,6,14,14,43,0.139535,,,0.000000,,,,,,,,GLOBAL_BASELINE_NO_ENTITY_RANKING,,,NOT_APPLICABLE_GLOBAL_BASELINE,HF9g-P5,,,,X 全窗基线 · 不参与实体赏罚,6871493,688,A168_HF9F_20260827_0900,2026-08-27 09:00:00
2026-04-21,96270845,994,0,13.0879773840,13.0879773840,13.0879773840,1.0000000,1,1,0.49324550000000000,0.493245500000,1.01360149184955,1.01360149184955,1.01360149184955,0E-17,ELIGIBLE,R03b_20260811_FULL_v1,L1_ELIGIBILITY,v2026-08-11,2026-03-21..2026-08-06,baccarat_bet02_101_all_pairs_incl_sentinel,round_win = game_pnl > 0 (decisive only),COMPATIBILITY_ONLY_NOT_PRODUCTION,320.0150,306.8491,167.9146,16,16,-0.52470859,,-0.52470859,-0.52470859,-167.9146,320.0150,THIN_EXPOSURE,0.0000,6.7166,4.0000,96.0000,AG03-UNRESOLVED,ALL5_LEVELS_bet23_to_bet27,6.7166,6.7166,6.7166,8.3957,8.3957,4.000000,4.000000,4.000000,5.000000,5.000000,96.000000,96.000000,96.000000,95.000000,95.000000,5.0,36.9412,33.8391,130.9734,134.0755,PENDING_AG03,FALSE,NOT_FOR_ENFORCEMENT,161.1980,294.5752,167.9146,161.1980,6.7166,0.52470859,0.50372024,6.7166,161.1980,0.50372024,6.7166,6.7166,6.7166,8.3957,8.3957,161.1980,0.50372024,36.9412,33.8391,130.9734,134.0755,0.40927270,0.41896629,0.02098834,20.0009,19.1781,10.4947,27.9858,11.9939,53.3358,2.6667,,20.0009,7.9713,12.0737,15.0091,27.709,100.5635,131.6586,10.2694,-6.5829,8.329171,10.904624,1.656577,9,14,5,2,0E-8,0.52470859,,0E-8,0.000000,0.958859,0.000000,,2026-03-21,2026-05-02,6,14,14,43,0.139535,,,0.000000,,,,,,,,GLOBAL_BASELINE_NO_ENTITY_RANKING,,,NOT_APPLICABLE_GLOBAL_BASELINE,HF9g-P5,,,,X 全窗基线 · 不参与实体赏罚,6871494,688,A168_HF9F_20260827_0900,2026-08-27 09:00:00
2026-04-25,96270845,2170,0,28.0082716017,-28.0082716017,-28.0082716017,0E-7,1,1,0.50665070000000000,0.506650700000,-1.013391052207602,-1.013391052207602,-1.013391052207602,0E-17,ELIGIBLE,R03b_20260811_FULL_v1,L1_ELIGIBILITY,v2026-08-11,2026-03-21..2026-08-06,baccarat_bet02_101_all_pairs_incl_sentinel,round_win = game_pnl > 0 (decisive only),COMPATIBILITY_ONLY_NOT_PRODUCTION,320.0150,306.8491,167.9146,16,16,-0.52470859,,-0.52470859,-0.52470859,-167.9146,320.0150,THIN_EXPOSURE,0.0000,6.7166,4.0000,96.0000,AG03-UNRESOLVED,ALL5_LEVELS_bet23_to_bet27,6.7166,6.7166,6.7166,8.3957,8.3957,4.000000,4.000000,4.000000,5.000000,5.000000,96.000000,96.000000,96.000000,95.000000,95.000000,5.0,36.9412,33.8391,130.9734,134.0755,PENDING_AG03,FALSE,NOT_FOR_ENFORCEMENT,161.1980,294.5752,167.9146,161.1980,6.7166,0.52470859,0.50372024,6.7166,161.1980,0.50372024,6.7166,6.7166,6.7166,8.3957,8.3957,161.1980,0.50372024,36.9412,33.8391,130.9734,134.0755,0.40927270,0.41896629,0.02098834,20.0009,19.1781,10.4947,27.9858,11.9939,53.3358,2.6667,,20.0009,7.9713,12.0737,15.0091,27.709,100.5635,131.6586,10.2694,-6.5829,8.329171,10.904624,1.656577,9,14,5,2,0E-8,0.52470859,,0E-8,0.000000,0.958859,0.000000,,2026-03-21,2026-05-02,6,14,14,43,0.139535,,,0.000000,,,,,,,,GLOBAL_BASELINE_NO_ENTITY_RANKING,,,NOT_APPLICABLE_GLOBAL_BASELINE,HF9g-P5,,,,X 全窗基线 · 不参与实体赏罚,6871495,688,A168_HF9F_20260827_0900,2026-08-27 09:00:00
2026-05-02,96270845,2216,0,8.0431736807,-8.0431736807,-8.0431736807,0E-7,1,1,0.49324550000000000,0.493245500000,-0.9865810262130424,-0.9865810262130424,-0.9865810262130424,0E-17,ELIGIBLE,R03b_20260811_FULL_v1,L1_ELIGIBILITY,v2026-08-11,2026-03-21..2026-08-06,baccarat_bet02_101_all_pairs_incl_sentinel,round_win = game_pnl > 0 (decisive only),COMPATIBILITY_ONLY_NOT_PRODUCTION,320.0150,306.8491,167.9146,16,16,-0.52470859,,-0.52470859,-0.52470859,-167.9146,320.0150,THIN_EXPOSURE,0.0000,6.7166,4.0000,96.0000,AG03-UNRESOLVED,ALL5_LEVELS_bet23_to_bet27,6.7166,6.7166,6.7166,8.3957,8.3957,4.000000,4.000000,4.000000,5.000000,5.000000,96.000000,96.000000,96.000000,95.000000,95.000000,5.0,36.9412,33.8391,130.9734,134.0755,PENDING_AG03,FALSE,NOT_FOR_ENFORCEMENT,161.1980,294.5752,167.9146,161.1980,6.7166,0.52470859,0.50372024,6.7166,161.1980,0.50372024,6.7166,6.7166,6.7166,8.3957,8.3957,161.1980,0.50372024,36.9412,33.8391,130.9734,134.0755,0.40927270,0.41896629,0.02098834,20.0009,19.1781,10.4947,27.9858,11.9939,53.3358,2.6667,,20.0009,7.9713,12.0737,15.0091,27.709,100.5635,131.6586,10.2694,-6.5829,8.329171,10.904624,1.656577,9,14,5,2,0E-8,0.52470859,,0E-8,0.000000,0.958859,0.000000,,2026-03-21,2026-05-02,6,14,14,43,0.139535,,,0.000000,,,,,,,,GLOBAL_BASELINE_NO_ENTITY_RANKING,,,NOT_APPLICABLE_GLOBAL_BASELINE,HF9g-P5,,,,X 全窗基线 · 不参与实体赏罚,6871496,688,A168_HF9F_20260827_0900,2026-08-27 09:00:00
2026-04-21,148121541,1330,0,195.7961416644,-117.2682773605,-117.2682773605,0E-7,3,3,0.50665070000000000,0.506650700000,-1.4331513700195317,-1.4331513700195317,-1.4331513700195317,0E-17,ELIGIBLE,R03b_20260811_FULL_v1,L1_ELIGIBILITY,v2026-08-11,2026-03-21..2026-08-06,baccarat_bet02_101_all_pairs_incl_sentinel,round_win = game_pnl > 0 (decisive only),COMPATIBILITY_ONLY_NOT_PRODUCTION,568.5417,490.0139,167.9187,11,11,-0.29534991,,-0.29534991,-0.29534991,-167.9187,568.5417,THIN_EXPOSURE,0.0000,6.7167,4.0000,96.0000,AG03-UNRESOLVED,ALL5_LEVELS_bet23_to_bet27,6.7167,6.7167,6.7167,8.3959,8.3959,4.000000,4.000000,4.000000,5.000000,5.000000,96.000000,96.000000,96.000000,95.000000,95.000000,5.0,36.9421,33.84,130.9766,134.0788,PENDING_AG03,FALSE,NOT_FOR_ENFORCEMENT,161.2020,470.4133,167.9187,161.2020,6.7167,0.29534991,0.28353591,6.7167,161.2020,0.28353591,6.7167,6.7167,6.7167,8.3959,8.3959,161.2020,0.28353591,36.9421,33.84,130.9766,134.0788,0.23037293,0.23582929,0.01181400,51.6856,44.5467,15.2653,167.9187,83.9594,568.5417,11.0000,,51.6856,26.176,52.3519,78.5279,83.5536,90.4641,91.0923,52.3519,-26.176,1.728,1.74,0.987273,1,2,1,2,0E-8,0.29534991,,0E-8,0.000000,0.861878,0.000000,,2026-04-21,2026-04-21,1,2,1,1,1.000000,,,0.000000,,,,,,,,GLOBAL_BASELINE_NO_ENTITY_RANKING,,,NOT_APPLICABLE_GLOBAL_BASELINE,HF9g-P5,,,,X 全窗基线 · 不参与实体赏罚,6871497,688,A168_HF9F_20260827_0900,2026-08-27 09:00:00
2026-04-21,148121541,1384,0,372.7455958958,-50.6504724760,-50.6504724760,0.5000000,8,8,0.49994810000000000,0.499948100000,0.00029359073713029245,0.00029359073713029245,0.00029359073713029245,0E-17,ELIGIBLE,R03b_20260811_FULL_v1,L1_ELIGIBILITY,v2026-08-11,2026-03-21..2026-08-06,baccarat_bet02_101_all_pairs_incl_sentinel,round_win = game_pnl > 0 (decisive only),COMPATIBILITY_ONLY_NOT_PRODUCTION,568.5417,490.0139,167.9187,11,11,-0.29534991,,-0.29534991,-0.29534991,-167.9187,568.5417,THIN_EXPOSURE,0.0000,6.7167,4.0000,96.0000,AG03-UNRESOLVED,ALL5_LEVELS_bet23_to_bet27,6.7167,6.7167,6.7167,8.3959,8.3959,4.000000,4.000000,4.000000,5.000000,5.000000,96.000000,96.000000,96.000000,95.000000,95.000000,5.0,36.9421,33.84,130.9766,134.0788,PENDING_AG03,FALSE,NOT_FOR_ENFORCEMENT,161.2020,470.4133,167.9187,161.2020,6.7167,0.29534991,0.28353591,6.7167,161.2020,0.28353591,6.7167,6.7167,6.7167,8.3959,8.3959,161.2020,0.28353591,36.9421,33.84,130.9766,134.0788,0.23037293,0.23582929,0.01181400,51.6856,44.5467,15.2653,167.9187,83.9594,568.5417,11.0000,,51.6856,26.176,52.3519,78.5279,83.5536,90.4641,91.0923,52.3519,-26.176,1.728,1.74,0.987273,1,2,1,2,0E-8,0.29534991,,0E-8,0.000000,0.861878,0.000000,,2026-04-21,2026-04-21,1,2,1,1,1.000000,,,0.000000,,,,,,,,GLOBAL_BASELINE_NO_ENTITY_RANKING,,,NOT_APPLICABLE_GLOBAL_BASELINE,HF9g-P5,,,,X 全窗基线 · 不参与实体赏罚,6871498,688,A168_HF9F_20260827_0900,2026-08-27 09:00:00
2026-04-04,146737443,2246,0,468.0285876922,-167.9210676114,-167.9210676114,0.4285714,12,7,0.48533420591833168,0.417236648810,-0.3004896749384141,0.06081696813341501,-0.3004896749384141,0.06809755710833168,ELIGIBLE,R03b_20260811_FULL_v1,L1_ELIGIBILITY,v2026-08-11,2026-03-21..2026-08-06,baccarat_bet02_101_all_pairs_incl_sentinel,round_win = game_pnl > 0 (decisive only),COMPATIBILITY_ONLY_NOT_PRODUCTION,468.0286,468.0286,167.9211,12,7,-0.35878378,,-0.35878378,-0.35878378,-167.9211,468.0286,THIN_EXPOSURE,0.0000,6.7168,4.0000,96.0000,AG03-UNRESOLVED,ALL5_LEVELS_bet23_to_bet27,6.7168,6.7168,6.7168,6.7168,6.7168,4.000000,4.000000,4.000000,4.000000,4.000000,96.000000,96.000000,96.000000,96.000000,96.000000,5.0,33.5842,31.0028,134.3369,136.9183,PENDING_AG03,FALSE,NOT_FOR_ENFORCEMENT,161.2042,449.3074,167.9211,161.2042,6.7168,0.35878378,0.34443243,6.7168,161.2042,0.34443243,6.7168,6.7168,6.7168,6.7168,6.7168,161.2042,0.34443243,33.5842,31.0028,134.3369,136.9183,0.28702703,0.2925425,0.01435135,39.0024,66.8612,23.9887,167.9211,167.9211,468.0286,7.0000,,39.0024,10.5412,25.2988,63.2471,96.9789,122.2777,126.4942,25.2988,-10.5412,4.833333,5.0,1.541667,1,1,1,4,0E-8,0.35878378,,0E-8,0.000000,1.000000,0.000000,,2026-04-04,2026-04-04,1,1,1,1,1.000000,,,0.000000,,,,,,,,GLOBAL_BASELINE_NO_ENTITY_RANKING,,,NOT_APPLICABLE_GLOBAL_BASELINE,HF9g-P5,,,,X 全窗基线 · 不参与实体赏罚,6871499,688,A168_HF9F_20260827_0900,2026-08-27 09:00:00
2026-06-08,151154101,1307,0,167.9224419472,-167.9224419472,-167.9224419472,0E-7,4,3,0.48948203750004173,0.437976050000,-1.695990804771343,-1.529003209868504,-1.695990804771343,0.05150598750004173,ELIGIBLE,R03b_20260811_FULL_v1,L1_ELIGIBILITY,v2026-08-11,2026-03-21..2026-08-06,baccarat_bet02_101_all_pairs_incl_sentinel,round_win = game_pnl > 0 (decisive only),COMPATIBILITY_ONLY_NOT_PRODUCTION,167.9224,167.9224,167.9224,4,3,-1.00000000,,-1.00000000,-1.00000000,-167.9224,167.9224,THIN_EXPOSURE,0.0000,6.7169,4.0000,96.0000,AG03-UNRESOLVED,ALL5_LEVELS_bet23_to_bet27,6.7169,6.7169,6.7169,6.7169,6.7169,4.000000,4.000000,4.000000,4.000000,4.000000,96.000000,96.000000,96.000000,96.000000,96.000000,5.0,33.5845,31.0031,134.3380,136.9194,PENDING_AG03,FALSE,NOT_FOR_ENFORCEMENT,161.2055,161.2055,167.9224,161.2055,6.7169,1.00000000,0.96000000,6.7169,161.2055,0.96000000,6.7169,6.7169,6.7169,6.7169,6.7169,161.2055,0.96000000,33.5845,31.0031,134.3380,136.9194,0.80000000,0.8153727,0.04000000,41.9806,55.9741,55.9741,167.9224,167.9224,167.9224,3.0000,,41.9806,20.5724,45.0022,63.3888,72.775,72.775,72.775,45.0022,-45.0022,1.617143,1.617143,0.932857,1,1,1,2,0E-8,1.00000000,,0E-8,0.000000,1.000000,0.000000,,2026-06-08,2026-06-08,1,1,1,1,1.000000,,,0.000000,,,,,,,,GLOBAL_BASELINE_NO_ENTITY_RANKING,,,NOT_APPLICABLE_GLOBAL_BASELINE,HF9g-P5,,,,X 全窗基线 · 不参与实体赏罚,6871500,688,A168_HF9F_20260827_0900,2026-08-27 09:00:00
2026-03-29,106906338,2147,0,22.0089796637,-22.0089796637,-22.0089796637,0E-7,1,1,0.50665070000000000,0.506650700000,-1.013391052207602,-1.013391052207602,-1.013391052207602,0E-17,ELIGIBLE,R03b_20260811_FULL_v1,L1_ELIGIBILITY,v2026-08-11,2026-03-21..2026-08-06,baccarat_bet02_101_all_pairs_incl_sentinel,round_win = game_pnl > 0 (decisive only),COMPATIBILITY_ONLY_NOT_PRODUCTION,892.0395,795.2511,167.9260,26,23,-0.18824951,,-0.18824951,-0.18824951,-167.9260,892.0395,THIN_EXPOSURE,0.0000,6.7170,4.0000,96.0000,AG03-UNRESOLVED,ALL5_LEVELS_bet23_to_bet27,6.7170,6.7170,6.7170,6.7170,6.7170,4.000000,4.000000,4.000000,4.000000,4.000000,96.000000,96.000000,96.000000,96.000000,96.000000,5.0,33.5852,31.0037,134.3408,136.9223,PENDING_AG03,FALSE,NOT_FOR_ENFORCEMENT,161.2090,763.4410,167.9260,161.2090,6.7170,0.18824951,0.18071953,6.7170,161.2090,0.18071953,6.7170,6.7170,6.7170,6.7170,6.7170,161.2090,0.18071953,33.5852,31.0037,134.3408,136.9223,0.15059961,0.15349351,0.00752998,34.3092,34.5761,7.3011,41.9815,9.8780,223.0099,5.7500,,34.3092,21.0062,32.1506,44.273,52.5155,106.3385,110.0449,23.6539,-0.5271,3.30751,3.422793,1.06714,15,13,4,5,0E-8,0.18824951,,0E-8,0.000000,0.891498,0.000000,,2026-03-29,2026-06-26,4,17,17,90,0.044444,,,0.000000,,,,,,,,GLOBAL_BASELINE_NO_ENTITY_RANKING,,,NOT_APPLICABLE_GLOBAL_BASELINE,HF9g-P5,,,,X 全窗基线 · 不参与实体赏罚,6871501,688,A168_HF9F_20260827_0900,2026-08-27 09:00:00
2026-03-29,106906338,987,0,110.0448983185,-110.0448983185,-110.0448983185,0E-7,1,1,0.49324550000000000,0.493245500000,-0.9865810262130424,-0.9865810262130424,-0.9865810262130424,0E-17,ELIGIBLE,R03b_20260811_FULL_v1,L1_ELIGIBILITY,v2026-08-11,2026-03-21..2026-08-06,baccarat_bet02_101_all_pairs_incl_sentinel,round_win = game_pnl > 0 (decisive only),COMPATIBILITY_ONLY_NOT_PRODUCTION,892.0395,795.2511,167.9260,26,23,-0.18824951,,-0.18824951,-0.18824951,-167.9260,892.0395,THIN_EXPOSURE,0.0000,6.7170,4.0000,96.0000,AG03-UNRESOLVED,ALL5_LEVELS_bet23_to_bet27,6.7170,6.7170,6.7170,6.7170,6.7170,4.000000,4.000000,4.000000,4.000000,4.000000,96.000000,96.000000,96.000000,96.000000,96.000000,5.0,33.5852,31.0037,134.3408,136.9223,PENDING_AG03,FALSE,NOT_FOR_ENFORCEMENT,161.2090,763.4410,167.9260,161.2090,6.7170,0.18824951,0.18071953,6.7170,161.2090,0.18071953,6.7170,6.7170,6.7170,6.7170,6.7170,161.2090,0.18071953,33.5852,31.0037,134.3408,136.9223,0.15059961,0.15349351,0.00752998,34.3092,34.5761,7.3011,41.9815,9.8780,223.0099,5.7500,,34.3092,21.0062,32.1506,44.273,52.5155,106.3385,110.0449,23.6539,-0.5271,3.30751,3.422793,1.06714,15,13,4,5,0E-8,0.18824951,,0E-8,0.000000,0.891498,0.000000,,2026-03-29,2026-06-26,4,17,17,90,0.044444,,,0.000000,,,,,,,,GLOBAL_BASELINE_NO_ENTITY_RANKING,,,NOT_APPLICABLE_GLOBAL_BASELINE,HF9g-P5,,,,X 全窗基线 · 不参与实体赏罚,6871502,688,A168_HF9F_20260827_0900,2026-08-27 09:00:00
2026-04-30,106906338,-1,1,159.1718845529,-45.8541521725,-45.8541521725,0.7500000,4,4,0.39693612500000000,0.396936125000,1.4432491463209614,1.4432491463209614,1.4432491463209614,0E-17,SENTINEL_DEALER,R03b_20260811_FULL_v1,L1_ELIGIBILITY,v2026-08-11,2026-03-21..2026-08-06,baccarat_bet02_101_all_pairs_incl_sentinel,round_win = game_pnl > 0 (decisive only),COMPATIBILITY_ONLY_NOT_PRODUCTION,892.0395,795.2511,167.9260,26,23,-0.18824951,,-0.18824951,-0.18824951,-167.9260,892.0395,THIN_EXPOSURE,0.0000,6.7170,4.0000,96.0000,AG03-UNRESOLVED,ALL5_LEVELS_bet23_to_bet27,6.7170,6.7170,6.7170,6.7170,6.7170,4.000000,4.000000,4.000000,4.000000,4.000000,96.000000,96.000000,96.000000,96.000000,96.000000,5.0,33.5852,31.0037,134.3408,136.9223,PENDING_AG03,FALSE,NOT_FOR_ENFORCEMENT,161.2090,763.4410,167.9260,161.2090,6.7170,0.18824951,0.18071953,6.7170,161.2090,0.18071953,6.7170,6.7170,6.7170,6.7170,6.7170,161.2090,0.18071953,33.5852,31.0037,134.3408,136.9223,0.15059961,0.15349351,0.00752998,34.3092,34.5761,7.3011,41.9815,9.8780,223.0099,5.7500,,34.3092,21.0062,32.1506,44.273,52.5155,106.3385,110.0449,23.6539,-0.5271,3.30751,3.422793,1.06714,15,13,4,5,0E-8,0.18824951,,0E-8,0.000000,0.891498,0.000000,,2026-03-29,2026-06-26,4,17,17,90,0.044444,,,0.000000,,,,,,,,GLOBAL_BASELINE_NO_ENTITY_RANKING,,,NOT_APPLICABLE_GLOBAL_BASELINE,HF9g-P5,,,,X 全窗基线 · 不参与实体赏罚,6871503,688,A168_HF9F_20260827_0900,2026-08-27 09:00:00
2026-04-30,106906338,1078,0,63.2471064449,31.6235532225,31.6235532225,0.5000000,4,2,0.46378657500023491,0.345567400000,0.10269674322863045,0.4592563138774899,0.10269674322863045,0.11821917500023491,ELIGIBLE,R03b_20260811_FULL_v1,L1_ELIGIBILITY,v2026-08-11,2026-03-21..2026-08-06,baccarat_bet02_101_all_pairs_incl_sentinel,round_win = game_pnl > 0 (decisive only),COMPATIBILITY_ONLY_NOT_PRODUCTION,892.0395,795.2511,167.9260,26,23,-0.18824951,,-0.18824951,-0.18824951,-167.9260,892.0395,THIN_EXPOSURE,0.0000,6.7170,4.0000,96.0000,AG03-UNRESOLVED,ALL5_LEVELS_bet23_to_bet27,6.7170,6.7170,6.7170,6.7170,6.7170,4.000000,4.000000,4.000000,4.000000,4.000000,96.000000,96.000000,96.000000,96.000000,96.000000,5.0,33.5852,31.0037,134.3408,136.9223,PENDING_AG03,FALSE,NOT_FOR_ENFORCEMENT,161.2090,763.4410,167.9260,161.2090,6.7170,0.18824951,0.18071953,6.7170,161.2090,0.18071953,6.7170,6.7170,6.7170,6.7170,6.7170,161.2090,0.18071953,33.5852,31.0037,134.3408,136.9223,0.15059961,0.15349351,0.00752998,34.3092,34.5761,7.3011,41.9815,9.8780,223.0099,5.7500,,34.3092,21.0062,32.1506,44.273,52.5155,106.3385,110.0449,23.6539,-0.5271,3.30751,3.422793,1.06714,15,13,4,5,0E-8,0.18824951,,0E-8,0.000000,0.891498,0.000000,,2026-03-29,2026-06-26,4,17,17,90,0.044444,,,0.000000,,,,,,,,GLOBAL_BASELINE_NO_ENTITY_RANKING,,,NOT_APPLICABLE_GLOBAL_BASELINE,HF9g-P5,,,,X 全窗基线 · 不参与实体赏罚,6871504,688,A168_HF9F_20260827_0900,2026-08-27 09:00:00
2026-04-30,106906338,1157,0,42.1647376299,40.0565007484,40.0565007484,1.0000000,1,1,0.50665070000000000,0.506650700000,0.9867858985152569,0.9867858985152569,0.9867858985152569,0E-17,ELIGIBLE,R03b_20260811_FULL_v1,L1_ELIGIBILITY,v2026-08-11,2026-03-21..2026-08-06,baccarat_bet02_101_all_pairs_incl_sentinel,round_win = game_pnl > 0 (decisive only),COMPATIBILITY_ONLY_NOT_PRODUCTION,892.0395,795.2511,167.9260,26,23,-0.18824951,,-0.18824951,-0.18824951,-167.9260,892.0395,THIN_EXPOSURE,0.0000,6.7170,4.0000,96.0000,AG03-UNRESOLVED,ALL5_LEVELS_bet23_to_bet27,6.7170,6.7170,6.7170,6.7170,6.7170,4.000000,4.000000,4.000000,4.000000,4.000000,96.000000,96.000000,96.000000,96.000000,96.000000,5.0,33.5852,31.0037,134.3408,136.9223,PENDING_AG03,FALSE,NOT_FOR_ENFORCEMENT,161.2090,763.4410,167.9260,161.2090,6.7170,0.18824951,0.18071953,6.7170,161.2090,0.18071953,6.7170,6.7170,6.7170,6.7170,6.7170,161.2090,0.18071953,33.5852,31.0037,134.3408,136.9223,0.15059961,0.15349351,0.00752998,34.3092,34.5761,7.3011,41.9815,9.8780,223.0099,5.7500,,34.3092,21.0062,32.1506,44.273,52.5155,106.3385,110.0449,23.6539,-0.5271,3.30751,3.422793,1.06714,15,13,4,5,0E-8,0.18824951,,0E-8,0.000000,0.891498,0.000000,,2026-03-29,2026-06-26,4,17,17,90,0.044444,,,0.000000,,,,,,,,GLOBAL_BASELINE_NO_ENTITY_RANKING,,,NOT_APPLICABLE_GLOBAL_BASELINE,HF9g-P5,,,,X 全窗基线 · 不参与实体赏罚,6871505,688,A168_HF9F_20260827_0900,2026-08-27 09:00:00
2026-04-30,106906338,1318,0,44.2729745114,-44.2729745114,-44.2729745114,0E-7,1,1,0.49324550000000000,0.493245500000,-0.9865810262130424,-0.9865810262130424,-0.9865810262130424,0E-17,ELIGIBLE,R03b_20260811_FULL_v1,L1_ELIGIBILITY,v2026-08-11,2026-03-21..2026-08-06,baccarat_bet02_101_all_pairs_incl_sentinel,round_win = game_pnl > 0 (decisive only),COMPATIBILITY_ONLY_NOT_PRODUCTION,892.0395,795.2511,167.9260,26,23,-0.18824951,,-0.18824951,-0.18824951,-167.9260,892.0395,THIN_EXPOSURE,0.0000,6.7170,4.0000,96.0000,AG03-UNRESOLVED,ALL5_LEVELS_bet23_to_bet27,6.7170,6.7170,6.7170,6.7170,6.7170,4.000000,4.000000,4.000000,4.000000,4.000000,96.000000,96.000000,96.000000,96.000000,96.000000,5.0,33.5852,31.0037,134.3408,136.9223,PENDING_AG03,FALSE,NOT_FOR_ENFORCEMENT,161.2090,763.4410,167.9260,161.2090,6.7170,0.18824951,0.18071953,6.7170,161.2090,0.18071953,6.7170,6.7170,6.7170,6.7170,6.7170,161.2090,0.18071953,33.5852,31.0037,134.3408,136.9223,0.15059961,0.15349351,0.00752998,34.3092,34.5761,7.3011,41.9815,9.8780,223.0099,5.7500,,34.3092,21.0062,32.1506,44.273,52.5155,106.3385,110.0449,23.6539,-0.5271,3.30751,3.422793,1.06714,15,13,4,5,0E-8,0.18824951,,0E-8,0.000000,0.891498,0.000000,,2026-03-29,2026-06-26,4,17,17,90,0.044444,,,0.000000,,,,,,,,GLOBAL_BASELINE_NO_ENTITY_RANKING,,,NOT_APPLICABLE_GLOBAL_BASELINE,HF9g-P5,,,,X 全窗基线 · 不参与实体赏罚,6871506,688,A168_HF9F_20260827_0900,2026-08-27 09:00:00
2026-04-30,106906338,1704,0,42.1647376299,-42.1647376299,-42.1647376299,0E-7,1,1,0.50665070000000000,0.506650700000,-1.013391052207602,-1.013391052207602,-1.013391052207602,0E-17,ELIGIBLE,R03b_20260811_FULL_v1,L1_ELIGIBILITY,v2026-08-11,2026-03-21..2026-08-06,baccarat_bet02_101_all_pairs_incl_sentinel,round_win = game_pnl > 0 (decisive only),COMPATIBILITY_ONLY_NOT_PRODUCTION,892.0395,795.2511,167.9260,26,23,-0.18824951,,-0.18824951,-0.18824951,-167.9260,892.0395,THIN_EXPOSURE,0.0000,6.7170,4.0000,96.0000,AG03-UNRESOLVED,ALL5_LEVELS_bet23_to_bet27,6.7170,6.7170,6.7170,6.7170,6.7170,4.000000,4.000000,4.000000,4.000000,4.000000,96.000000,96.000000,96.000000,96.000000,96.000000,5.0,33.5852,31.0037,134.3408,136.9223,PENDING_AG03,FALSE,NOT_FOR_ENFORCEMENT,161.2090,763.4410,167.9260,161.2090,6.7170,0.18824951,0.18071953,6.7170,161.2090,0.18071953,6.7170,6.7170,6.7170,6.7170,6.7170,161.2090,0.18071953,33.5852,31.0037,134.3408,136.9223,0.15059961,0.15349351,0.00752998,34.3092,34.5761,7.3011,41.9815,9.8780,223.0099,5.7500,,34.3092,21.0062,32.1506,44.273,52.5155,106.3385,110.0449,23.6539,-0.5271,3.30751,3.422793,1.06714,15,13,4,5,0E-8,0.18824951,,0E-8,0.000000,0.891498,0.000000,,2026-03-29,2026-06-26,4,17,17,90,0.044444,,,0.000000,,,,,,,,GLOBAL_BASELINE_NO_ENTITY_RANKING,,,NOT_APPLICABLE_GLOBAL_BASELINE,HF9g-P5,,,,X 全窗基线 · 不参与实体赏罚,6871507,688,A168_HF9F_20260827_0900,2026-08-27 09:00:00
2026-04-30,106906338,1940,0,42.1647376300,42.1647376300,42.1647376300,1.0000000,2,2,0.49324550000000000,0.493245500000,1.4334489766152358,1.4334489766152358,1.4334489766152358,0E-17,ELIGIBLE,R03b_20260811_FULL_v1,L1_ELIGIBILITY,v2026-08-11,2026-03-21..2026-08-06,baccarat_bet02_101_all_pairs_incl_sentinel,round_win = game_pnl > 0 (decisive only),COMPATIBILITY_ONLY_NOT_PRODUCTION,892.0395,795.2511,167.9260,26,23,-0.18824951,,-0.18824951,-0.18824951,-167.9260,892.0395,THIN_EXPOSURE,0.0000,6.7170,4.0000,96.0000,AG03-UNRESOLVED,ALL5_LEVELS_bet23_to_bet27,6.7170,6.7170,6.7170,6.7170,6.7170,4.000000,4.000000,4.000000,4.000000,4.000000,96.000000,96.000000,96.000000,96.000000,96.000000,5.0,33.5852,31.0037,134.3408,136.9223,PENDING_AG03,FALSE,NOT_FOR_ENFORCEMENT,161.2090,763.4410,167.9260,161.2090,6.7170,0.18824951,0.18071953,6.7170,161.2090,0.18071953,6.7170,6.7170,6.7170,6.7170,6.7170,161.2090,0.18071953,33.5852,31.0037,134.3408,136.9223,0.15059961,0.15349351,0.00752998,34.3092,34.5761,7.3011,41.9815,9.8780,223.0099,5.7500,,34.3092,21.0062,32.1506,44.273,52.5155,106.3385,110.0449,23.6539,-0.5271,3.30751,3.422793,1.06714,15,13,4,5,0E-8,0.18824951,,0E-8,0.000000,0.891498,0.000000,,2026-03-29,2026-06-26,4,17,17,90,0.044444,,,0.000000,,,,,,,,GLOBAL_BASELINE_NO_ENTITY_RANKING,,,NOT_APPLICABLE_GLOBAL_BASELINE,HF9g-P5,,,,X 全窗基线 · 不参与实体赏罚,6871508,688,A168_HF9F_20260827_0900,2026-08-27 09:00:00
2026-04-30,106906338,2145,0,44.2729745114,0E-10,0E-10,,1,1,0.49324550000000000,0.493245500000,,,,0E-17,NO_DECISIVE_ROUND,R03b_20260811_FULL_v1,L1_ELIGIBILITY,v2026-08-11,2026-03-21..2026-08-06,baccarat_bet02_101_all_pairs_incl_sentinel,round_win = game_pnl > 0 (decisive only),COMPATIBILITY_ONLY_NOT_PRODUCTION,892.0395,795.2511,167.9260,26,23,-0.18824951,,-0.18824951,-0.18824951,-167.9260,892.0395,THIN_EXPOSURE,0.0000,6.7170,4.0000,96.0000,AG03-UNRESOLVED,ALL5_LEVELS_bet23_to_bet27,6.7170,6.7170,6.7170,6.7170,6.7170,4.000000,4.000000,4.000000,4.000000,4.000000,96.000000,96.000000,96.000000,96.000000,96.000000,5.0,33.5852,31.0037,134.3408,136.9223,PENDING_AG03,FALSE,NOT_FOR_ENFORCEMENT,161.2090,763.4410,167.9260,161.2090,6.7170,0.18824951,0.18071953,6.7170,161.2090,0.18071953,6.7170,6.7170,6.7170,6.7170,6.7170,161.2090,0.18071953,33.5852,31.0037,134.3408,136.9223,0.15059961,0.15349351,0.00752998,34.3092,34.5761,7.3011,41.9815,9.8780,223.0099,5.7500,,34.3092,21.0062,32.1506,44.273,52.5155,106.3385,110.0449,23.6539,-0.5271,3.30751,3.422793,1.06714,15,13,4,5,0E-8,0.18824951,,0E-8,0.000000,0.891498,0.000000,,2026-03-29,2026-06-26,4,17,17,90,0.044444,,,0.000000,,,,,,,,GLOBAL_BASELINE_NO_ENTITY_RANKING,,,NOT_APPLICABLE_GLOBAL_BASELINE,HF9g-P5,,,,X 全窗基线 · 不参与实体赏罚,6871509,688,A168_HF9F_20260827_0900,2026-08-27 09:00:00
2026-04-30,106906338,2254,0,87.4918305820,83.1699449750,83.1699449750,1.0000000,3,2,0.49515684534904862,0.396936125000,1.4279790637021672,1.7431563486697372,1.4279790637021672,0.09822072034904862,ELIGIBLE,R03b_20260811_FULL_v1,L1_ELIGIBILITY,v2026-08-11,2026-03-21..2026-08-06,baccarat_bet02_101_all_pairs_incl_sentinel,round_win = game_pnl > 0 (decisive only),COMPATIBILITY_ONLY_NOT_PRODUCTION,892.0395,795.2511,167.9260,26,23,-0.18824951,,-0.18824951,-0.18824951,-167.9260,892.0395,THIN_EXPOSURE,0.0000,6.7170,4.0000,96.0000,AG03-UNRESOLVED,ALL5_LEVELS_bet23_to_bet27,6.7170,6.7170,6.7170,6.7170,6.7170,4.000000,4.000000,4.000000,4.000000,4.000000,96.000000,96.000000,96.000000,96.000000,96.000000,5.0,33.5852,31.0037,134.3408,136.9223,PENDING_AG03,FALSE,NOT_FOR_ENFORCEMENT,161.2090,763.4410,167.9260,161.2090,6.7170,0.18824951,0.18071953,6.7170,161.2090,0.18071953,6.7170,6.7170,6.7170,6.7170,6.7170,161.2090,0.18071953,33.5852,31.0037,134.3408,136.9223,0.15059961,0.15349351,0.00752998,34.3092,34.5761,7.3011,41.9815,9.8780,223.0099,5.7500,,34.3092,21.0062,32.1506,44.273,52.5155,106.3385,110.0449,23.6539,-0.5271,3.30751,3.422793,1.06714,15,13,4,5,0E-8,0.18824951,,0E-8,0.000000,0.891498,0.000000,,2026-03-29,2026-06-26,4,17,17,90,0.044444,,,0.000000,,,,,,,,GLOBAL_BASELINE_NO_ENTITY_RANKING,,,NOT_APPLICABLE_GLOBAL_BASELINE,HF9g-P5,,,,X 全窗基线 · 不参与实体赏罚,6871510,688,A168_HF9F_20260827_0900,2026-08-27 09:00:00
2026-05-07,106906338,-1,1,4.2012393656,-4.2012393656,-4.2012393656,0E-7,1,1,0.49324550000000000,0.493245500000,-0.9865810262130424,-0.9865810262130424,-0.9865810262130424,0E-17,SENTINEL_DEALER,R03b_20260811_FULL_v1,L1_ELIGIBILITY,v2026-08-11,2026-03-21..2026-08-06,baccarat_bet02_101_all_pairs_incl_sentinel,round_win = game_pnl > 0 (decisive only),COMPATIBILITY_ONLY_NOT_PRODUCTION,892.0395,795.2511,167.9260,26,23,-0.18824951,,-0.18824951,-0.18824951,-167.9260,892.0395,THIN_EXPOSURE,0.0000,6.7170,4.0000,96.0000,AG03-UNRESOLVED,ALL5_LEVELS_bet23_to_bet27,6.7170,6.7170,6.7170,6.7170,6.7170,4.000000,4.000000,4.000000,4.000000,4.000000,96.000000,96.000000,96.000000,96.000000,96.000000,5.0,33.5852,31.0037,134.3408,136.9223,PENDING_AG03,FALSE,NOT_FOR_ENFORCEMENT,161.2090,763.4410,167.9260,161.2090,6.7170,0.18824951,0.18071953,6.7170,161.2090,0.18071953,6.7170,6.7170,6.7170,6.7170,6.7170,161.2090,0.18071953,33.5852,31.0037,134.3408,136.9223,0.15059961,0.15349351,0.00752998,34.3092,34.5761,7.3011,41.9815,9.8780,223.0099,5.7500,,34.3092,21.0062,32.1506,44.273,52.5155,106.3385,110.0449,23.6539,-0.5271,3.30751,3.422793,1.06714,15,13,4,5,0E-8,0.18824951,,0E-8,0.000000,0.891498,0.000000,,2026-03-29,2026-06-26,4,17,17,90,0.044444,,,0.000000,,,,,,,,GLOBAL_BASELINE_NO_ENTITY_RANKING,,,NOT_APPLICABLE_GLOBAL_BASELINE,HF9g-P5,,,,X 全窗基线 · 不参与实体赏罚,6871511,688,A168_HF9F_20260827_0900,2026-08-27 09:00:00
2026-05-07,106906338,1304,0,42.0123936561,-42.0123936561,-42.0123936561,0E-7,1,1,0.50665070000000000,0.506650700000,-1.013391052207602,-1.013391052207602,-1.013391052207602,0E-17,ELIGIBLE,R03b_20260811_FULL_v1,L1_ELIGIBILITY,v2026-08-11,2026-03-21..2026-08-06,baccarat_bet02_101_all_pairs_incl_sentinel,round_win = game_pnl > 0 (decisive only),COMPATIBILITY_ONLY_NOT_PRODUCTION,892.0395,795.2511,167.9260,26,23,-0.18824951,,-0.18824951,-0.18824951,-167.9260,892.0395,THIN_EXPOSURE,0.0000,6.7170,4.0000,96.0000,AG03-UNRESOLVED,ALL5_LEVELS_bet23_to_bet27,6.7170,6.7170,6.7170,6.7170,6.7170,4.000000,4.000000,4.000000,4.000000,4.000000,96.000000,96.000000,96.000000,96.000000,96.000000,5.0,33.5852,31.0037,134.3408,136.9223,PENDING_AG03,FALSE,NOT_FOR_ENFORCEMENT,161.2090,763.4410,167.9260,161.2090,6.7170,0.18824951,0.18071953,6.7170,161.2090,0.18071953,6.7170,6.7170,6.7170,6.7170,6.7170,161.2090,0.18071953,33.5852,31.0037,134.3408,136.9223,0.15059961,0.15349351,0.00752998,34.3092,34.5761,7.3011,41.9815,9.8780,223.0099,5.7500,,34.3092,21.0062,32.1506,44.273,52.5155,106.3385,110.0449,23.6539,-0.5271,3.30751,3.422793,1.06714,15,13,4,5,0E-8,0.18824951,,0E-8,0.000000,0.891498,0.000000,,2026-03-29,2026-06-26,4,17,17,90,0.044444,,,0.000000,,,,,,,,GLOBAL_BASELINE_NO_ENTITY_RANKING,,,NOT_APPLICABLE_GLOBAL_BASELINE,HF9g-P5,,,,X 全窗基线 · 不参与实体赏罚,6871512,688,A168_HF9F_20260827_0900,2026-08-27 09:00:00
2026-05-07,106906338,2167,0,105.0309841404,-52.5154920702,-52.5154920702,0E-7,2,2,0.50665070000000000,0.506650700000,-1.013391052207602,-1.013391052207602,-1.013391052207602,0E-17,ELIGIBLE,R03b_20260811_FULL_v1,L1_ELIGIBILITY,v2026-08-11,2026-03-21..2026-08-06,baccarat_bet02_101_all_pairs_incl_sentinel,round_win = game_pnl > 0 (decisive only),COMPATIBILITY_ONLY_NOT_PRODUCTION,892.0395,795.2511,167.9260,26,23,-0.18824951,,-0.18824951,-0.18824951,-167.9260,892.0395,THIN_EXPOSURE,0.0000,6.7170,4.0000,96.0000,AG03-UNRESOLVED,ALL5_LEVELS_bet23_to_bet27,6.7170,6.7170,6.7170,6.7170,6.7170,4.000000,4.000000,4.000000,4.000000,4.000000,96.000000,96.000000,96.000000,96.000000,96.000000,5.0,33.5852,31.0037,134.3408,136.9223,PENDING_AG03,FALSE,NOT_FOR_ENFORCEMENT,161.2090,763.4410,167.9260,161.2090,6.7170,0.18824951,0.18071953,6.7170,161.2090,0.18071953,6.7170,6.7170,6.7170,6.7170,6.7170,161.2090,0.18071953,33.5852,31.0037,134.3408,136.9223,0.15059961,0.15349351,0.00752998,34.3092,34.5761,7.3011,41.9815,9.8780,223.0099,5.7500,,34.3092,21.0062,32.1506,44.273,52.5155,106.3385,110.0449,23.6539,-0.5271,3.30751,3.422793,1.06714,15,13,4,5,0E-8,0.18824951,,0E-8,0.000000,0.891498,0.000000,,2026-03-29,2026-06-26,4,17,17,90,0.044444,,,0.000000,,,,,,,,GLOBAL_BASELINE_NO_ENTITY_RANKING,,,NOT_APPLICABLE_GLOBAL_BASELINE,HF9g-P5,,,,X 全窗基线 · 不参与实体赏罚,6871513,688,A168_HF9F_20260827_0900,2026-08-27 09:00:00
2026-05-07,106906338,948,0,63.0185904842,18.9055771452,18.9055771452,0.5000000,2,2,0.50665070000000000,0.506650700000,-0.018812684590367487,-0.018812684590367487,-0.018812684590367487,0E-17,ELIGIBLE,R03b_20260811_FULL_v1,L1_ELIGIBILITY,v2026-08-11,2026-03-21..2026-08-06,baccarat_bet02_101_all_pairs_incl_sentinel,round_win = game_pnl > 0 (decisive only),COMPATIBILITY_ONLY_NOT_PRODUCTION,892.0395,795.2511,167.9260,26,23,-0.18824951,,-0.18824951,-0.18824951,-167.9260,892.0395,THIN_EXPOSURE,0.0000,6.7170,4.0000,96.0000,AG03-UNRESOLVED,ALL5_LEVELS_bet23_to_bet27,6.7170,6.7170,6.7170,6.7170,6.7170,4.000000,4.000000,4.000000,4.000000,4.000000,96.000000,96.000000,96.000000,96.000000,96.000000,5.0,33.5852,31.0037,134.3408,136.9223,PENDING_AG03,FALSE,NOT_FOR_ENFORCEMENT,161.2090,763.4410,167.9260,161.2090,6.7170,0.18824951,0.18071953,6.7170,161.2090,0.18071953,6.7170,6.7170,6.7170,6.7170,6.7170,161.2090,0.18071953,33.5852,31.0037,134.3408,136.9223,0.15059961,0.15349351,0.00752998,34.3092,34.5761,7.3011,41.9815,9.8780,223.0099,5.7500,,34.3092,21.0062,32.1506,44.273,52.5155,106.3385,110.0449,23.6539,-0.5271,3.30751,3.422793,1.06714,15,13,4,5,0E-8,0.18824951,,0E-8,0.000000,0.891498,0.000000,,2026-03-29,2026-06-26,4,17,17,90,0.044444,,,0.000000,,,,,,,,GLOBAL_BASELINE_NO_ENTITY_RANKING,,,NOT_APPLICABLE_GLOBAL_BASELINE,HF9g-P5,,,,X 全窗基线 · 不参与实体赏罚,6871514,688,A168_HF9F_20260827_0900,2026-08-27 09:00:00
2026-06-26,106906338,-1,1,20.7714517168,-20.7714517168,-20.7714517168,0E-7,1,1,0.49324550000000000,0.493245500000,-0.9865810262130424,-0.9865810262130424,-0.9865810262130424,0E-17,SENTINEL_DEALER,R03b_20260811_FULL_v1,L1_ELIGIBILITY,v2026-08-11,2026-03-21..2026-08-06,baccarat_bet02_101_all_pairs_incl_sentinel,round_win = game_pnl > 0 (decisive only),COMPATIBILITY_ONLY_NOT_PRODUCTION,892.0395,795.2511,167.9260,26,23,-0.18824951,,-0.18824951,-0.18824951,-167.9260,892.0395,THIN_EXPOSURE,0.0000,6.7170,4.0000,96.0000,AG03-UNRESOLVED,ALL5_LEVELS_bet23_to_bet27,6.7170,6.7170,6.7170,6.7170,6.7170,4.000000,4.000000,4.000000,4.000000,4.000000,96.000000,96.000000,96.000000,96.000000,96.000000,5.0,33.5852,31.0037,134.3408,136.9223,PENDING_AG03,FALSE,NOT_FOR_ENFORCEMENT,161.2090,763.4410,167.9260,161.2090,6.7170,0.18824951,0.18071953,6.7170,161.2090,0.18071953,6.7170,6.7170,6.7170,6.7170,6.7170,161.2090,0.18071953,33.5852,31.0037,134.3408,136.9223,0.15059961,0.15349351,0.00752998,34.3092,34.5761,7.3011,41.9815,9.8780,223.0099,5.7500,,34.3092,21.0062,32.1506,44.273,52.5155,106.3385,110.0449,23.6539,-0.5271,3.30751,3.422793,1.06714,15,13,4,5,0E-8,0.18824951,,0E-8,0.000000,0.891498,0.000000,,2026-03-29,2026-06-26,4,17,17,90,0.044444,,,0.000000,,,,,,,,GLOBAL_BASELINE_NO_ENTITY_RANKING,,,NOT_APPLICABLE_GLOBAL_BASELINE,HF9g-P5,,,,X 全窗基线 · 不参与实体赏罚,6871515,688,A168_HF9F_20260827_0900,2026-08-27 09:00:00
2026-03-23,145905188,2233,0,7.5301204819,7.5301204819,7.5301204819,1.0000000,1,1,0.49324550000000000,0.493245500000,1.01360149184955,1.01360149184955,1.01360149184955,0E-17,ELIGIBLE,R03b_20260811_FULL_v1,L1_ELIGIBILITY,v2026-08-11,2026-03-21..2026-08-06,baccarat_bet02_101_all_pairs_incl_sentinel,round_win = game_pnl > 0 (decisive only),COMPATIBILITY_ONLY_NOT_PRODUCTION,3995.1329,3677.8413,166.1996,102,101,-0.04160051,,-0.04160051,-0.04160051,-166.1996,3995.1329,OK,0.0000,4.9860,3.0000,97.0000,AG03-UNRESOLVED,ALL5_LEVELS_bet23_to_bet27,4.9860,4.9860,4.9860,6.6480,6.6480,3.000000,3.000000,3.000000,4.000000,4.000000,97.000000,97.000000,97.000000,96.000000,96.000000,5.0,28.2539,26.4059,137.9456,139.7937,PENDING_AG03,FALSE,NOT_FOR_ENFORCEMENT,161.2136,3567.5061,166.1996,161.2136,4.9860,0.04160051,0.04035249,4.9860,161.2136,0.04035249,4.9860,4.9860,4.9860,6.6480,6.6480,161.2136,0.04035249,28.2539,26.4059,137.9456,139.7937,0.03452842,0.034991,0.00124802,39.1680,36.4143,1.6455,12.7846,4.2615,307.3179,7.7692,,39.1680,24.8494,36.7309,40.404,73.4619,73.4619,119.5374,36.7309,-7.1637,2.0,3.254406,1.066348,14,36,24,3,0E-8,0.04160051,,0E-8,0.000000,0.920580,0.000000,,2026-03-23,2026-06-27,13,39,34,97,0.134021,,,0.000000,,,,,,,,GLOBAL_BASELINE_NO_ENTITY_RANKING,,,NOT_APPLICABLE_GLOBAL_BASELINE,HF9g-P5,,,,X 全窗基线 · 不参与实体赏罚,6871516,688,A168_HF9F_20260827_0900,2026-08-27 09:00:00
2026-03-23,145905188,919,0,52.7108433736,-7.5301204820,-7.5301204820,0.3333333,3,3,0.49324550000000000,0.493245500000,-0.5540025479526107,-0.5540025479526106,-0.5540025479526107,0E-17,ELIGIBLE,R03b_20260811_FULL_v1,L1_ELIGIBILITY,v2026-08-11,2026-03-21..2026-08-06,baccarat_bet02_101_all_pairs_incl_sentinel,round_win = game_pnl > 0 (decisive only),COMPATIBILITY_ONLY_NOT_PRODUCTION,3995.1329,3677.8413,166.1996,102,101,-0.04160051,,-0.04160051,-0.04160051,-166.1996,3995.1329,OK,0.0000,4.9860,3.0000,97.0000,AG03-UNRESOLVED,ALL5_LEVELS_bet23_to_bet27,4.9860,4.9860,4.9860,6.6480,6.6480,3.000000,3.000000,3.000000,4.000000,4.000000,97.000000,97.000000,97.000000,96.000000,96.000000,5.0,28.2539,26.4059,137.9456,139.7937,PENDING_AG03,FALSE,NOT_FOR_ENFORCEMENT,161.2136,3567.5061,166.1996,161.2136,4.9860,0.04160051,0.04035249,4.9860,161.2136,0.04035249,4.9860,4.9860,4.9860,6.6480,6.6480,161.2136,0.04035249,28.2539,26.4059,137.9456,139.7937,0.03452842,0.034991,0.00124802,39.1680,36.4143,1.6455,12.7846,4.2615,307.3179,7.7692,,39.1680,24.8494,36.7309,40.404,73.4619,73.4619,119.5374,36.7309,-7.1637,2.0,3.254406,1.066348,14,36,24,3,0E-8,0.04160051,,0E-8,0.000000,0.920580,0.000000,,2026-03-23,2026-06-27,13,39,34,97,0.134021,,,0.000000,,,,,,,,GLOBAL_BASELINE_NO_ENTITY_RANKING,,,NOT_APPLICABLE_GLOBAL_BASELINE,HF9g-P5,,,,X 全窗基线 · 不参与实体赏罚,6871517,688,A168_HF9F_20260827_0900,2026-08-27 09:00:00
2026-03-30,145905188,1331,0,39.9096385543,38.6671686747,38.6671686747,1.0000000,2,2,0.49994810000000000,0.499948100000,1.4143603653603398,1.4143603653603398,1.4143603653603398,0E-17,ELIGIBLE,R03b_20260811_FULL_v1,L1_ELIGIBILITY,v2026-08-11,2026-03-21..2026-08-06,baccarat_bet02_101_all_pairs_incl_sentinel,round_win = game_pnl > 0 (decisive only),COMPATIBILITY_ONLY_NOT_PRODUCTION,3995.1329,3677.8413,166.1996,102,101,-0.04160051,,-0.04160051,-0.04160051,-166.1996,3995.1329,OK,0.0000,4.9860,3.0000,97.0000,AG03-UNRESOLVED,ALL5_LEVELS_bet23_to_bet27,4.9860,4.9860,4.9860,6.6480,6.6480,3.000000,3.000000,3.000000,4.000000,4.000000,97.000000,97.000000,97.000000,96.000000,96.000000,5.0,28.2539,26.4059,137.9456,139.7937,PENDING_AG03,FALSE,NOT_FOR_ENFORCEMENT,161.2136,3567.5061,166.1996,161.2136,4.9860,0.04160051,0.04035249,4.9860,161.2136,0.04035249,4.9860,4.9860,4.9860,6.6480,6.6480,161.2136,0.04035249,28.2539,26.4059,137.9456,139.7937,0.03452842,0.034991,0.00124802,39.1680,36.4143,1.6455,12.7846,4.2615,307.3179,7.7692,,39.1680,24.8494,36.7309,40.404,73.4619,73.4619,119.5374,36.7309,-7.1637,2.0,3.254406,1.066348,14,36,24,3,0E-8,0.04160051,,0E-8,0.000000,0.920580,0.000000,,2026-03-23,2026-06-27,13,39,34,97,0.134021,,,0.000000,,,,,,,,GLOBAL_BASELINE_NO_ENTITY_RANKING,,,NOT_APPLICABLE_GLOBAL_BASELINE,HF9g-P5,,,,X 全窗基线 · 不参与实体赏罚,6871518,688,A168_HF9F_20260827_0900,2026-08-27 09:00:00
2026-03-30,145905188,1396,0,15.0602409639,-15.0602409639,-15.0602409639,0E-7,1,1,0.50665070000000000,0.506650700000,-1.013391052207602,-1.013391052207602,-1.013391052207602,0E-17,ELIGIBLE,R03b_20260811_FULL_v1,L1_ELIGIBILITY,v2026-08-11,2026-03-21..2026-08-06,baccarat_bet02_101_all_pairs_incl_sentinel,round_win = game_pnl > 0 (decisive only),COMPATIBILITY_ONLY_NOT_PRODUCTION,3995.1329,3677.8413,166.1996,102,101,-0.04160051,,-0.04160051,-0.04160051,-166.1996,3995.1329,OK,0.0000,4.9860,3.0000,97.0000,AG03-UNRESOLVED,ALL5_LEVELS_bet23_to_bet27,4.9860,4.9860,4.9860,6.6480,6.6480,3.000000,3.000000,3.000000,4.000000,4.000000,97.000000,97.000000,97.000000,96.000000,96.000000,5.0,28.2539,26.4059,137.9456,139.7937,PENDING_AG03,FALSE,NOT_FOR_ENFORCEMENT,161.2136,3567.5061,166.1996,161.2136,4.9860,0.04160051,0.04035249,4.9860,161.2136,0.04035249,4.9860,4.9860,4.9860,6.6480,6.6480,161.2136,0.04035249,28.2539,26.4059,137.9456,139.7937,0.03452842,0.034991,0.00124802,39.1680,36.4143,1.6455,12.7846,4.2615,307.3179,7.7692,,39.1680,24.8494,36.7309,40.404,73.4619,73.4619,119.5374,36.7309,-7.1637,2.0,3.254406,1.066348,14,36,24,3,0E-8,0.04160051,,0E-8,0.000000,0.920580,0.000000,,2026-03-23,2026-06-27,13,39,34,97,0.134021,,,0.000000,,,,,,,,GLOBAL_BASELINE_NO_ENTITY_RANKING,,,NOT_APPLICABLE_GLOBAL_BASELINE,HF9g-P5,,,,X 全窗基线 · 不参与实体赏罚,6871519,688,A168_HF9F_20260827_0900,2026-08-27 09:00:00
2026-03-30,145905188,471,0,24.8493975904,0E-10,0E-10,,1,1,0.50665070000000000,0.506650700000,,,,0E-17,NO_DECISIVE_ROUND,R03b_20260811_FULL_v1,L1_ELIGIBILITY,v2026-08-11,2026-03-21..2026-08-06,baccarat_bet02_101_all_pairs_incl_sentinel,round_win = game_pnl > 0 (decisive only),COMPATIBILITY_ONLY_NOT_PRODUCTION,3995.1329,3677.8413,166.1996,102,101,-0.04160051,,-0.04160051,-0.04160051,-166.1996,3995.1329,OK,0.0000,4.9860,3.0000,97.0000,AG03-UNRESOLVED,ALL5_LEVELS_bet23_to_bet27,4.9860,4.9860,4.9860,6.6480,6.6480,3.000000,3.000000,3.000000,4.000000,4.000000,97.000000,97.000000,97.000000,96.000000,96.000000,5.0,28.2539,26.4059,137.9456,139.7937,PENDING_AG03,FALSE,NOT_FOR_ENFORCEMENT,161.2136,3567.5061,166.1996,161.2136,4.9860,0.04160051,0.04035249,4.9860,161.2136,0.04035249,4.9860,4.9860,4.9860,6.6480,6.6480,161.2136,0.04035249,28.2539,26.4059,137.9456,139.7937,0.03452842,0.034991,0.00124802,39.1680,36.4143,1.6455,12.7846,4.2615,307.3179,7.7692,,39.1680,24.8494,36.7309,40.404,73.4619,73.4619,119.5374,36.7309,-7.1637,2.0,3.254406,1.066348,14,36,24,3,0E-8,0.04160051,,0E-8,0.000000,0.920580,0.000000,,2026-03-23,2026-06-27,13,39,34,97,0.134021,,,0.000000,,,,,,,,GLOBAL_BASELINE_NO_ENTITY_RANKING,,,NOT_APPLICABLE_GLOBAL_BASELINE,HF9g-P5,,,,X 全窗基线 · 不参与实体赏罚,6871520,688,A168_HF9F_20260827_0900,2026-08-27 09:00:00
2026-04-01,145905188,1505,0,111.3682277320,74.6372819101,74.6372819101,1.0000000,3,3,0.49324550000000000,0.493245500000,1.4334489766152358,1.4334489766152358,1.4334489766152358,0E-17,ELIGIBLE,R03b_20260811_FULL_v1,L1_ELIGIBILITY,v2026-08-11,2026-03-21..2026-08-06,baccarat_bet02_101_all_pairs_incl_sentinel,round_win = game_pnl > 0 (decisive only),COMPATIBILITY_ONLY_NOT_PRODUCTION,3995.1329,3677.8413,166.1996,102,101,-0.04160051,,-0.04160051,-0.04160051,-166.1996,3995.1329,OK,0.0000,4.9860,3.0000,97.0000,AG03-UNRESOLVED,ALL5_LEVELS_bet23_to_bet27,4.9860,4.9860,4.9860,6.6480,6.6480,3.000000,3.000000,3.000000,4.000000,4.000000,97.000000,97.000000,97.000000,96.000000,96.000000,5.0,28.2539,26.4059,137.9456,139.7937,PENDING_AG03,FALSE,NOT_FOR_ENFORCEMENT,161.2136,3567.5061,166.1996,161.2136,4.9860,0.04160051,0.04035249,4.9860,161.2136,0.04035249,4.9860,4.9860,4.9860,6.6480,6.6480,161.2136,0.04035249,28.2539,26.4059,137.9456,139.7937,0.03452842,0.034991,0.00124802,39.1680,36.4143,1.6455,12.7846,4.2615,307.3179,7.7692,,39.1680,24.8494,36.7309,40.404,73.4619,73.4619,119.5374,36.7309,-7.1637,2.0,3.254406,1.066348,14,36,24,3,0E-8,0.04160051,,0E-8,0.000000,0.920580,0.000000,,2026-03-23,2026-06-27,13,39,34,97,0.134021,,,0.000000,,,,,,,,GLOBAL_BASELINE_NO_ENTITY_RANKING,,,NOT_APPLICABLE_GLOBAL_BASELINE,HF9g-P5,,,,X 全窗基线 · 不参与实体赏罚,6871521,688,A168_HF9F_20260827_0900,2026-08-27 09:00:00
2026-04-01,145905188,2171,0,112.5436179983,-112.5436179983,-112.5436179983,0E-7,3,3,0.49771390000000000,0.497713900000,-1.724149546644903,-1.724149546644903,-1.724149546644903,0E-17,ELIGIBLE,R03b_20260811_FULL_v1,L1_ELIGIBILITY,v2026-08-11,2026-03-21..2026-08-06,baccarat_bet02_101_all_pairs_incl_sentinel,round_win = game_pnl > 0 (decisive only),COMPATIBILITY_ONLY_NOT_PRODUCTION,3995.1329,3677.8413,166.1996,102,101,-0.04160051,,-0.04160051,-0.04160051,-166.1996,3995.1329,OK,0.0000,4.9860,3.0000,97.0000,AG03-UNRESOLVED,ALL5_LEVELS_bet23_to_bet27,4.9860,4.9860,4.9860,6.6480,6.6480,3.000000,3.000000,3.000000,4.000000,4.000000,97.000000,97.000000,97.000000,96.000000,96.000000,5.0,28.2539,26.4059,137.9456,139.7937,PENDING_AG03,FALSE,NOT_FOR_ENFORCEMENT,161.2136,3567.5061,166.1996,161.2136,4.9860,0.04160051,0.04035249,4.9860,161.2136,0.04035249,4.9860,4.9860,4.9860,6.6480,6.6480,161.2136,0.04035249,28.2539,26.4059,137.9456,139.7937,0.03452842,0.034991,0.00124802,39.1680,36.4143,1.6455,12.7846,4.2615,307.3179,7.7692,,39.1680,24.8494,36.7309,40.404,73.4619,73.4619,119.5374,36.7309,-7.1637,2.0,3.254406,1.066348,14,36,24,3,0E-8,0.04160051,,0E-8,0.000000,0.920580,0.000000,,2026-03-23,2026-06-27,13,39,34,97,0.134021,,,0.000000,,,,,,,,GLOBAL_BASELINE_NO_ENTITY_RANKING,,,NOT_APPLICABLE_GLOBAL_BASELINE,HF9g-P5,,,,X 全窗基线 · 不参与实体赏罚,6871522,688,A168_HF9F_20260827_0900,2026-08-27 09:00:00
2026-04-03,145905188,1382,0,13.2231404959,-13.2231404959,-13.2231404959,0E-7,1,1,0.50665070000000000,0.506650700000,-1.013391052207602,-1.013391052207602,-1.013391052207602,0E-17,ELIGIBLE,R03b_20260811_FULL_v1,L1_ELIGIBILITY,v2026-08-11,2026-03-21..2026-08-06,baccarat_bet02_101_all_pairs_incl_sentinel,round_win = game_pnl > 0 (decisive only),COMPATIBILITY_ONLY_NOT_PRODUCTION,3995.1329,3677.8413,166.1996,102,101,-0.04160051,,-0.04160051,-0.04160051,-166.1996,3995.1329,OK,0.0000,4.9860,3.0000,97.0000,AG03-UNRESOLVED,ALL5_LEVELS_bet23_to_bet27,4.9860,4.9860,4.9860,6.6480,6.6480,3.000000,3.000000,3.000000,4.000000,4.000000,97.000000,97.000000,97.000000,96.000000,96.000000,5.0,28.2539,26.4059,137.9456,139.7937,PENDING_AG03,FALSE,NOT_FOR_ENFORCEMENT,161.2136,3567.5061,166.1996,161.2136,4.9860,0.04160051,0.04035249,4.9860,161.2136,0.04035249,4.9860,4.9860,4.9860,6.6480,6.6480,161.2136,0.04035249,28.2539,26.4059,137.9456,139.7937,0.03452842,0.034991,0.00124802,39.1680,36.4143,1.6455,12.7846,4.2615,307.3179,7.7692,,39.1680,24.8494,36.7309,40.404,73.4619,73.4619,119.5374,36.7309,-7.1637,2.0,3.254406,1.066348,14,36,24,3,0E-8,0.04160051,,0E-8,0.000000,0.920580,0.000000,,2026-03-23,2026-06-27,13,39,34,97,0.134021,,,0.000000,,,,,,,,GLOBAL_BASELINE_NO_ENTITY_RANKING,,,NOT_APPLICABLE_GLOBAL_BASELINE,HF9g-P5,,,,X 全窗基线 · 不参与实体赏罚,6871523,688,A168_HF9F_20260827_0900,2026-08-27 09:00:00
2026-04-04,145905188,1148,0,7.3461891644,-7.3461891644,-7.3461891644,0E-7,1,1,0.49324550000000000,0.493245500000,-0.9865810262130424,-0.9865810262130424,-0.9865810262130424,0E-17,ELIGIBLE,R03b_20260811_FULL_v1,L1_ELIGIBILITY,v2026-08-11,2026-03-21..2026-08-06,baccarat_bet02_101_all_pairs_incl_sentinel,round_win = game_pnl > 0 (decisive only),COMPATIBILITY_ONLY_NOT_PRODUCTION,3995.1329,3677.8413,166.1996,102,101,-0.04160051,,-0.04160051,-0.04160051,-166.1996,3995.1329,OK,0.0000,4.9860,3.0000,97.0000,AG03-UNRESOLVED,ALL5_LEVELS_bet23_to_bet27,4.9860,4.9860,4.9860,6.6480,6.6480,3.000000,3.000000,3.000000,4.000000,4.000000,97.000000,97.000000,97.000000,96.000000,96.000000,5.0,28.2539,26.4059,137.9456,139.7937,PENDING_AG03,FALSE,NOT_FOR_ENFORCEMENT,161.2136,3567.5061,166.1996,161.2136,4.9860,0.04160051,0.04035249,4.9860,161.2136,0.04035249,4.9860,4.9860,4.9860,6.6480,6.6480,161.2136,0.04035249,28.2539,26.4059,137.9456,139.7937,0.03452842,0.034991,0.00124802,39.1680,36.4143,1.6455,12.7846,4.2615,307.3179,7.7692,,39.1680,24.8494,36.7309,40.404,73.4619,73.4619,119.5374,36.7309,-7.1637,2.0,3.254406,1.066348,14,36,24,3,0E-8,0.04160051,,0E-8,0.000000,0.920580,0.000000,,2026-03-23,2026-06-27,13,39,34,97,0.134021,,,0.000000,,,,,,,,GLOBAL_BASELINE_NO_ENTITY_RANKING,,,NOT_APPLICABLE_GLOBAL_BASELINE,HF9g-P5,,,,X 全窗基线 · 不参与实体赏罚,6871524,688,A168_HF9F_20260827_0900,2026-08-27 09:00:00
2026-04-04,145905188,1623,0,7.3461891644,-7.3461891644,-7.3461891644,0E-7,1,1,0.49324550000000000,0.493245500000,-0.9865810262130424,-0.9865810262130424,-0.9865810262130424,0E-17,ELIGIBLE,R03b_20260811_FULL_v1,L1_ELIGIBILITY,v2026-08-11,2026-03-21..2026-08-06,baccarat_bet02_101_all_pairs_incl_sentinel,round_win = game_pnl > 0 (decisive only),COMPATIBILITY_ONLY_NOT_PRODUCTION,3995.1329,3677.8413,166.1996,102,101,-0.04160051,,-0.04160051,-0.04160051,-166.1996,3995.1329,OK,0.0000,4.9860,3.0000,97.0000,AG03-UNRESOLVED,ALL5_LEVELS_bet23_to_bet27,4.9860,4.9860,4.9860,6.6480,6.6480,3.000000,3.000000,3.000000,4.000000,4.000000,97.000000,97.000000,97.000000,96.000000,96.000000,5.0,28.2539,26.4059,137.9456,139.7937,PENDING_AG03,FALSE,NOT_FOR_ENFORCEMENT,161.2136,3567.5061,166.1996,161.2136,4.9860,0.04160051,0.04035249,4.9860,161.2136,0.04035249,4.9860,4.9860,4.9860,6.6480,6.6480,161.2136,0.04035249,28.2539,26.4059,137.9456,139.7937,0.03452842,0.034991,0.00124802,39.1680,36.4143,1.6455,12.7846,4.2615,307.3179,7.7692,,39.1680,24.8494,36.7309,40.404,73.4619,73.4619,119.5374,36.7309,-7.1637,2.0,3.254406,1.066348,14,36,24,3,0E-8,0.04160051,,0E-8,0.000000,0.920580,0.000000,,2026-03-23,2026-06-27,13,39,34,97,0.134021,,,0.000000,,,,,,,,GLOBAL_BASELINE_NO_ENTITY_RANKING,,,NOT_APPLICABLE_GLOBAL_BASELINE,HF9g-P5,,,,X 全窗基线 · 不参与实体赏罚,6871525,688,A168_HF9F_20260827_0900,2026-08-27 09:00:00
2026-04-07,145905188,1318,0,829.3847566575,230.3030303031,230.3030303031,0.6000000,10,10,0.49860758000000000,0.498607580000,0.6412644559676035,0.6412644559676035,0.6412644559676035,0E-17,ELIGIBLE,R03b_20260811_FULL_v1,L1_ELIGIBILITY,v2026-08-11,2026-03-21..2026-08-06,baccarat_bet02_101_all_pairs_incl_sentinel,round_win = game_pnl > 0 (decisive only),COMPATIBILITY_ONLY_NOT_PRODUCTION,3995.1329,3677.8413,166.1996,102,101,-0.04160051,,-0.04160051,-0.04160051,-166.1996,3995.1329,OK,0.0000,4.9860,3.0000,97.0000,AG03-UNRESOLVED,ALL5_LEVELS_bet23_to_bet27,4.9860,4.9860,4.9860,6.6480,6.6480,3.000000,3.000000,3.000000,4.000000,4.000000,97.000000,97.000000,97.000000,96.000000,96.000000,5.0,28.2539,26.4059,137.9456,139.7937,PENDING_AG03,FALSE,NOT_FOR_ENFORCEMENT,161.2136,3567.5061,166.1996,161.2136,4.9860,0.04160051,0.04035249,4.9860,161.2136,0.04035249,4.9860,4.9860,4.9860,6.6480,6.6480,161.2136,0.04035249,28.2539,26.4059,137.9456,139.7937,0.03452842,0.034991,0.00124802,39.1680,36.4143,1.6455,12.7846,4.2615,307.3179,7.7692,,39.1680,24.8494,36.7309,40.404,73.4619,73.4619,119.5374,36.7309,-7.1637,2.0,3.254406,1.066348,14,36,24,3,0E-8,0.04160051,,0E-8,0.000000,0.920580,0.000000,,2026-03-23,2026-06-27,13,39,34,97,0.134021,,,0.000000,,,,,,,,GLOBAL_BASELINE_NO_ENTITY_RANKING,,,NOT_APPLICABLE_GLOBAL_BASELINE,HF9g-P5,,,,X 全窗基线 · 不参与实体赏罚,6871526,688,A168_HF9F_20260827_0900,2026-08-27 09:00:00
2026-04-07,145905188,1400,0,345.2708907257,-271.8089990819,-271.8089990819,0.1428571,7,7,0.49899058571428571,0.498990585714,-1.884484886978507,-1.8844848869769975,-1.884484886978507,2.8571E-13,ELIGIBLE,R03b_20260811_FULL_v1,L1_ELIGIBILITY,v2026-08-11,2026-03-21..2026-08-06,baccarat_bet02_101_all_pairs_incl_sentinel,round_win = game_pnl > 0 (decisive only),COMPATIBILITY_ONLY_NOT_PRODUCTION,3995.1329,3677.8413,166.1996,102,101,-0.04160051,,-0.04160051,-0.04160051,-166.1996,3995.1329,OK,0.0000,4.9860,3.0000,97.0000,AG03-UNRESOLVED,ALL5_LEVELS_bet23_to_bet27,4.9860,4.9860,4.9860,6.6480,6.6480,3.000000,3.000000,3.000000,4.000000,4.000000,97.000000,97.000000,97.000000,96.000000,96.000000,5.0,28.2539,26.4059,137.9456,139.7937,PENDING_AG03,FALSE,NOT_FOR_ENFORCEMENT,161.2136,3567.5061,166.1996,161.2136,4.9860,0.04160051,0.04035249,4.9860,161.2136,0.04035249,4.9860,4.9860,4.9860,6.6480,6.6480,161.2136,0.04035249,28.2539,26.4059,137.9456,139.7937,0.03452842,0.034991,0.00124802,39.1680,36.4143,1.6455,12.7846,4.2615,307.3179,7.7692,,39.1680,24.8494,36.7309,40.404,73.4619,73.4619,119.5374,36.7309,-7.1637,2.0,3.254406,1.066348,14,36,24,3,0E-8,0.04160051,,0E-8,0.000000,0.920580,0.000000,,2026-03-23,2026-06-27,13,39,34,97,0.134021,,,0.000000,,,,,,,,GLOBAL_BASELINE_NO_ENTITY_RANKING,,,NOT_APPLICABLE_GLOBAL_BASELINE,HF9g-P5,,,,X 全窗基线 · 不参与实体赏罚,6871527,688,A168_HF9F_20260827_0900,2026-08-27 09:00:00
2026-04-07,145905188,1401,0,220.3856749312,-75.2984389347,-75.2984389347,0.5000000,4,4,0.49659680000000000,0.496596800000,0.013613115331600182,0.013613115331600183,0.013613115331600182,0E-17,ELIGIBLE,R03b_20260811_FULL_v1,L1_ELIGIBILITY,v2026-08-11,2026-03-21..2026-08-06,baccarat_bet02_101_all_pairs_incl_sentinel,round_win = game_pnl > 0 (decisive only),COMPATIBILITY_ONLY_NOT_PRODUCTION,3995.1329,3677.8413,166.1996,102,101,-0.04160051,,-0.04160051,-0.04160051,-166.1996,3995.1329,OK,0.0000,4.9860,3.0000,97.0000,AG03-UNRESOLVED,ALL5_LEVELS_bet23_to_bet27,4.9860,4.9860,4.9860,6.6480,6.6480,3.000000,3.000000,3.000000,4.000000,4.000000,97.000000,97.000000,97.000000,96.000000,96.000000,5.0,28.2539,26.4059,137.9456,139.7937,PENDING_AG03,FALSE,NOT_FOR_ENFORCEMENT,161.2136,3567.5061,166.1996,161.2136,4.9860,0.04160051,0.04035249,4.9860,161.2136,0.04035249,4.9860,4.9860,4.9860,6.6480,6.6480,161.2136,0.04035249,28.2539,26.4059,137.9456,139.7937,0.03452842,0.034991,0.00124802,39.1680,36.4143,1.6455,12.7846,4.2615,307.3179,7.7692,,39.1680,24.8494,36.7309,40.404,73.4619,73.4619,119.5374,36.7309,-7.1637,2.0,3.254406,1.066348,14,36,24,3,0E-8,0.04160051,,0E-8,0.000000,0.920580,0.000000,,2026-03-23,2026-06-27,13,39,34,97,0.134021,,,0.000000,,,,,,,,GLOBAL_BASELINE_NO_ENTITY_RANKING,,,NOT_APPLICABLE_GLOBAL_BASELINE,HF9g-P5,,,,X 全窗基线 · 不参与实体赏罚,6871528,688,A168_HF9F_20260827_0900,2026-08-27 09:00:00
2026-04-07,145905188,1710,0,146.9237832875,-3.6730945821,-3.6730945821,0.6666667,3,3,0.50218230000000000,0.502182300000,0.5697959874915163,0.5697959874915164,0.5697959874915163,0E-17,ELIGIBLE,R03b_20260811_FULL_v1,L1_ELIGIBILITY,v2026-08-11,2026-03-21..2026-08-06,baccarat_bet02_101_all_pairs_incl_sentinel,round_win = game_pnl > 0 (decisive only),COMPATIBILITY_ONLY_NOT_PRODUCTION,3995.1329,3677.8413,166.1996,102,101,-0.04160051,,-0.04160051,-0.04160051,-166.1996,3995.1329,OK,0.0000,4.9860,3.0000,97.0000,AG03-UNRESOLVED,ALL5_LEVELS_bet23_to_bet27,4.9860,4.9860,4.9860,6.6480,6.6480,3.000000,3.000000,3.000000,4.000000,4.000000,97.000000,97.000000,97.000000,96.000000,96.000000,5.0,28.2539,26.4059,137.9456,139.7937,PENDING_AG03,FALSE,NOT_FOR_ENFORCEMENT,161.2136,3567.5061,166.1996,161.2136,4.9860,0.04160051,0.04035249,4.9860,161.2136,0.04035249,4.9860,4.9860,4.9860,6.6480,6.6480,161.2136,0.04035249,28.2539,26.4059,137.9456,139.7937,0.03452842,0.034991,0.00124802,39.1680,36.4143,1.6455,12.7846,4.2615,307.3179,7.7692,,39.1680,24.8494,36.7309,40.404,73.4619,73.4619,119.5374,36.7309,-7.1637,2.0,3.254406,1.066348,14,36,24,3,0E-8,0.04160051,,0E-8,0.000000,0.920580,0.000000,,2026-03-23,2026-06-27,13,39,34,97,0.134021,,,0.000000,,,,,,,,GLOBAL_BASELINE_NO_ENTITY_RANKING,,,NOT_APPLICABLE_GLOBAL_BASELINE,HF9g-P5,,,,X 全窗基线 · 不参与实体赏罚,6871529,688,A168_HF9F_20260827_0900,2026-08-27 09:00:00
2026-04-07,145905188,1935,0,73.4618916437,-73.4618916437,-73.4618916437,0E-7,1,1,0.50665070000000000,0.506650700000,-1.013391052207602,-1.013391052207602,-1.013391052207602,0E-17,ELIGIBLE,R03b_20260811_FULL_v1,L1_ELIGIBILITY,v2026-08-11,2026-03-21..2026-08-06,baccarat_bet02_101_all_pairs_incl_sentinel,round_win = game_pnl > 0 (decisive only),COMPATIBILITY_ONLY_NOT_PRODUCTION,3995.1329,3677.8413,166.1996,102,101,-0.04160051,,-0.04160051,-0.04160051,-166.1996,3995.1329,OK,0.0000,4.9860,3.0000,97.0000,AG03-UNRESOLVED,ALL5_LEVELS_bet23_to_bet27,4.9860,4.9860,4.9860,6.6480,6.6480,3.000000,3.000000,3.000000,4.000000,4.000000,97.000000,97.000000,97.000000,96.000000,96.000000,5.0,28.2539,26.4059,137.9456,139.7937,PENDING_AG03,FALSE,NOT_FOR_ENFORCEMENT,161.2136,3567.5061,166.1996,161.2136,4.9860,0.04160051,0.04035249,4.9860,161.2136,0.04035249,4.9860,4.9860,4.9860,6.6480,6.6480,161.2136,0.04035249,28.2539,26.4059,137.9456,139.7937,0.03452842,0.034991,0.00124802,39.1680,36.4143,1.6455,12.7846,4.2615,307.3179,7.7692,,39.1680,24.8494,36.7309,40.404,73.4619,73.4619,119.5374,36.7309,-7.1637,2.0,3.254406,1.066348,14,36,24,3,0E-8,0.04160051,,0E-8,0.000000,0.920580,0.000000,,2026-03-23,2026-06-27,13,39,34,97,0.134021,,,0.000000,,,,,,,,GLOBAL_BASELINE_NO_ENTITY_RANKING,,,NOT_APPLICABLE_GLOBAL_BASELINE,HF9g-P5,,,,X 全窗基线 · 不参与实体赏罚,6871530,688,A168_HF9F_20260827_0900,2026-08-27 09:00:00
2026-04-07,145905188,2123,0,110.1928374657,73.4618916438,73.4618916438,1.0000000,3,3,0.49771390000000000,0.497713900000,1.4206944795187548,1.420694479518755,1.4206944795187548,0E-17,ELIGIBLE,R03b_20260811_FULL_v1,L1_ELIGIBILITY,v2026-08-11,2026-03-21..2026-08-06,baccarat_bet02_101_all_pairs_incl_sentinel,round_win = game_pnl > 0 (decisive only),COMPATIBILITY_ONLY_NOT_PRODUCTION,3995.1329,3677.8413,166.1996,102,101,-0.04160051,,-0.04160051,-0.04160051,-166.1996,3995.1329,OK,0.0000,4.9860,3.0000,97.0000,AG03-UNRESOLVED,ALL5_LEVELS_bet23_to_bet27,4.9860,4.9860,4.9860,6.6480,6.6480,3.000000,3.000000,3.000000,4.000000,4.000000,97.000000,97.000000,97.000000,96.000000,96.000000,5.0,28.2539,26.4059,137.9456,139.7937,PENDING_AG03,FALSE,NOT_FOR_ENFORCEMENT,161.2136,3567.5061,166.1996,161.2136,4.9860,0.04160051,0.04035249,4.9860,161.2136,0.04035249,4.9860,4.9860,4.9860,6.6480,6.6480,161.2136,0.04035249,28.2539,26.4059,137.9456,139.7937,0.03452842,0.034991,0.00124802,39.1680,36.4143,1.6455,12.7846,4.2615,307.3179,7.7692,,39.1680,24.8494,36.7309,40.404,73.4619,73.4619,119.5374,36.7309,-7.1637,2.0,3.254406,1.066348,14,36,24,3,0E-8,0.04160051,,0E-8,0.000000,0.920580,0.000000,,2026-03-23,2026-06-27,13,39,34,97,0.134021,,,0.000000,,,,,,,,GLOBAL_BASELINE_NO_ENTITY_RANKING,,,NOT_APPLICABLE_GLOBAL_BASELINE,HF9g-P5,,,,X 全窗基线 · 不参与实体赏罚,6871531,688,A168_HF9F_20260827_0900,2026-08-27 09:00:00
2026-04-07,145905188,2129,0,36.7309458219,-36.7309458219,-36.7309458219,0E-7,1,1,0.49324550000000000,0.493245500000,-0.9865810262130424,-0.9865810262130424,-0.9865810262130424,0E-17,ELIGIBLE,R03b_20260811_FULL_v1,L1_ELIGIBILITY,v2026-08-11,2026-03-21..2026-08-06,baccarat_bet02_101_all_pairs_incl_sentinel,round_win = game_pnl > 0 (decisive only),COMPATIBILITY_ONLY_NOT_PRODUCTION,3995.1329,3677.8413,166.1996,102,101,-0.04160051,,-0.04160051,-0.04160051,-166.1996,3995.1329,OK,0.0000,4.9860,3.0000,97.0000,AG03-UNRESOLVED,ALL5_LEVELS_bet23_to_bet27,4.9860,4.9860,4.9860,6.6480,6.6480,3.000000,3.000000,3.000000,4.000000,4.000000,97.000000,97.000000,97.000000,96.000000,96.000000,5.0,28.2539,26.4059,137.9456,139.7937,PENDING_AG03,FALSE,NOT_FOR_ENFORCEMENT,161.2136,3567.5061,166.1996,161.2136,4.9860,0.04160051,0.04035249,4.9860,161.2136,0.04035249,4.9860,4.9860,4.9860,6.6480,6.6480,161.2136,0.04035249,28.2539,26.4059,137.9456,139.7937,0.03452842,0.034991,0.00124802,39.1680,36.4143,1.6455,12.7846,4.2615,307.3179,7.7692,,39.1680,24.8494,36.7309,40.404,73.4619,73.4619,119.5374,36.7309,-7.1637,2.0,3.254406,1.066348,14,36,24,3,0E-8,0.04160051,,0E-8,0.000000,0.920580,0.000000,,2026-03-23,2026-06-27,13,39,34,97,0.134021,,,0.000000,,,,,,,,GLOBAL_BASELINE_NO_ENTITY_RANKING,,,NOT_APPLICABLE_GLOBAL_BASELINE,HF9g-P5,,,,X 全窗基线 · 不参与实体赏罚,6871532,688,A168_HF9F_20260827_0900,2026-08-27 09:00:00
2026-04-07,145905188,2130,0,161.6161616162,56.9329660239,56.9329660239,0.5000000,4,4,0.49994810000000000,0.499948100000,0.00020760000111838688,0.00020760000111838688,0.00020760000111838688,0E-17,ELIGIBLE,R03b_20260811_FULL_v1,L1_ELIGIBILITY,v2026-08-11,2026-03-21..2026-08-06,baccarat_bet02_101_all_pairs_incl_sentinel,round_win = game_pnl > 0 (decisive only),COMPATIBILITY_ONLY_NOT_PRODUCTION,3995.1329,3677.8413,166.1996,102,101,-0.04160051,,-0.04160051,-0.04160051,-166.1996,3995.1329,OK,0.0000,4.9860,3.0000,97.0000,AG03-UNRESOLVED,ALL5_LEVELS_bet23_to_bet27,4.9860,4.9860,4.9860,6.6480,6.6480,3.000000,3.000000,3.000000,4.000000,4.000000,97.000000,97.000000,97.000000,96.000000,96.000000,5.0,28.2539,26.4059,137.9456,139.7937,PENDING_AG03,FALSE,NOT_FOR_ENFORCEMENT,161.2136,3567.5061,166.1996,161.2136,4.9860,0.04160051,0.04035249,4.9860,161.2136,0.04035249,4.9860,4.9860,4.9860,6.6480,6.6480,161.2136,0.04035249,28.2539,26.4059,137.9456,139.7937,0.03452842,0.034991,0.00124802,39.1680,36.4143,1.6455,12.7846,4.2615,307.3179,7.7692,,39.1680,24.8494,36.7309,40.404,73.4619,73.4619,119.5374,36.7309,-7.1637,2.0,3.254406,1.066348,14,36,24,3,0E-8,0.04160051,,0E-8,0.000000,0.920580,0.000000,,2026-03-23,2026-06-27,13,39,34,97,0.134021,,,0.000000,,,,,,,,GLOBAL_BASELINE_NO_ENTITY_RANKING,,,NOT_APPLICABLE_GLOBAL_BASELINE,HF9g-P5,,,,X 全窗基线 · 不参与实体赏罚,6871533,688,A168_HF9F_20260827_0900,2026-08-27 09:00:00
2026-04-07,145905188,2170,0,36.7309458219,36.7309458219,36.7309458219,1.0000000,1,1,0.49324550000000000,0.493245500000,1.01360149184955,1.01360149184955,1.01360149184955,0E-17,ELIGIBLE,R03b_20260811_FULL_v1,L1_ELIGIBILITY,v2026-08-11,2026-03-21..2026-08-06,baccarat_bet02_101_all_pairs_incl_sentinel,round_win = game_pnl > 0 (decisive only),COMPATIBILITY_ONLY_NOT_PRODUCTION,3995.1329,3677.8413,166.1996,102,101,-0.04160051,,-0.04160051,-0.04160051,-166.1996,3995.1329,OK,0.0000,4.9860,3.0000,97.0000,AG03-UNRESOLVED,ALL5_LEVELS_bet23_to_bet27,4.9860,4.9860,4.9860,6.6480,6.6480,3.000000,3.000000,3.000000,4.000000,4.000000,97.000000,97.000000,97.000000,96.000000,96.000000,5.0,28.2539,26.4059,137.9456,139.7937,PENDING_AG03,FALSE,NOT_FOR_ENFORCEMENT,161.2136,3567.5061,166.1996,161.2136,4.9860,0.04160051,0.04035249,4.9860,161.2136,0.04035249,4.9860,4.9860,4.9860,6.6480,6.6480,161.2136,0.04035249,28.2539,26.4059,137.9456,139.7937,0.03452842,0.034991,0.00124802,39.1680,36.4143,1.6455,12.7846,4.2615,307.3179,7.7692,,39.1680,24.8494,36.7309,40.404,73.4619,73.4619,119.5374,36.7309,-7.1637,2.0,3.254406,1.066348,14,36,24,3,0E-8,0.04160051,,0E-8,0.000000,0.920580,0.000000,,2026-03-23,2026-06-27,13,39,34,97,0.134021,,,0.000000,,,,,,,,GLOBAL_BASELINE_NO_ENTITY_RANKING,,,NOT_APPLICABLE_GLOBAL_BASELINE,HF9g-P5,,,,X 全窗基线 · 不参与实体赏罚,6871534,688,A168_HF9F_20260827_0900,2026-08-27 09:00:00
2026-04-07,145905188,2222,0,110.1928374657,36.7309458219,36.7309458219,1.0000000,3,3,0.49324550000000000,0.493245500000,1.01360149184955,1.01360149184955,1.01360149184955,0E-17,ELIGIBLE,R03b_20260811_FULL_v1,L1_ELIGIBILITY,v2026-08-11,2026-03-21..2026-08-06,baccarat_bet02_101_all_pairs_incl_sentinel,round_win = game_pnl > 0 (decisive only),COMPATIBILITY_ONLY_NOT_PRODUCTION,3995.1329,3677.8413,166.1996,102,101,-0.04160051,,-0.04160051,-0.04160051,-166.1996,3995.1329,OK,0.0000,4.9860,3.0000,97.0000,AG03-UNRESOLVED,ALL5_LEVELS_bet23_to_bet27,4.9860,4.9860,4.9860,6.6480,6.6480,3.000000,3.000000,3.000000,4.000000,4.000000,97.000000,97.000000,97.000000,96.000000,96.000000,5.0,28.2539,26.4059,137.9456,139.7937,PENDING_AG03,FALSE,NOT_FOR_ENFORCEMENT,161.2136,3567.5061,166.1996,161.2136,4.9860,0.04160051,0.04035249,4.9860,161.2136,0.04035249,4.9860,4.9860,4.9860,6.6480,6.6480,161.2136,0.04035249,28.2539,26.4059,137.9456,139.7937,0.03452842,0.034991,0.00124802,39.1680,36.4143,1.6455,12.7846,4.2615,307.3179,7.7692,,39.1680,24.8494,36.7309,40.404,73.4619,73.4619,119.5374,36.7309,-7.1637,2.0,3.254406,1.066348,14,36,24,3,0E-8,0.04160051,,0E-8,0.000000,0.920580,0.000000,,2026-03-23,2026-06-27,13,39,34,97,0.134021,,,0.000000,,,,,,,,GLOBAL_BASELINE_NO_ENTITY_RANKING,,,NOT_APPLICABLE_GLOBAL_BASELINE,HF9g-P5,,,,X 全窗基线 · 不参与实体赏罚,6871535,688,A168_HF9F_20260827_0900,2026-08-27 09:00:00
2026-04-07,145905188,2223,0,110.1928374657,71.6253443527,71.6253443527,1.0000000,3,3,0.50218230000000000,0.502182300000,1.4080544974538591,1.4080544974538591,1.4080544974538591,0E-17,ELIGIBLE,R03b_20260811_FULL_v1,L1_ELIGIBILITY,v2026-08-11,2026-03-21..2026-08-06,baccarat_bet02_101_all_pairs_incl_sentinel,round_win = game_pnl > 0 (decisive only),COMPATIBILITY_ONLY_NOT_PRODUCTION,3995.1329,3677.8413,166.1996,102,101,-0.04160051,,-0.04160051,-0.04160051,-166.1996,3995.1329,OK,0.0000,4.9860,3.0000,97.0000,AG03-UNRESOLVED,ALL5_LEVELS_bet23_to_bet27,4.9860,4.9860,4.9860,6.6480,6.6480,3.000000,3.000000,3.000000,4.000000,4.000000,97.000000,97.000000,97.000000,96.000000,96.000000,5.0,28.2539,26.4059,137.9456,139.7937,PENDING_AG03,FALSE,NOT_FOR_ENFORCEMENT,161.2136,3567.5061,166.1996,161.2136,4.9860,0.04160051,0.04035249,4.9860,161.2136,0.04035249,4.9860,4.9860,4.9860,6.6480,6.6480,161.2136,0.04035249,28.2539,26.4059,137.9456,139.7937,0.03452842,0.034991,0.00124802,39.1680,36.4143,1.6455,12.7846,4.2615,307.3179,7.7692,,39.1680,24.8494,36.7309,40.404,73.4619,73.4619,119.5374,36.7309,-7.1637,2.0,3.254406,1.066348,14,36,24,3,0E-8,0.04160051,,0E-8,0.000000,0.920580,0.000000,,2026-03-23,2026-06-27,13,39,34,97,0.134021,,,0.000000,,,,,,,,GLOBAL_BASELINE_NO_ENTITY_RANKING,,,NOT_APPLICABLE_GLOBAL_BASELINE,HF9g-P5,,,,X 全窗基线 · 不参与实体赏罚,6871536,688,A168_HF9F_20260827_0900,2026-08-27 09:00:00
2026-04-07,145905188,986,0,110.1928374657,104.6831955924,104.6831955924,1.0000000,3,3,0.50665070000000000,0.506650700000,1.7091633124209307,1.7091633124209307,1.7091633124209307,0E-17,ELIGIBLE,R03b_20260811_FULL_v1,L1_ELIGIBILITY,v2026-08-11,2026-03-21..2026-08-06,baccarat_bet02_101_all_pairs_incl_sentinel,round_win = game_pnl > 0 (decisive only),COMPATIBILITY_ONLY_NOT_PRODUCTION,3995.1329,3677.8413,166.1996,102,101,-0.04160051,,-0.04160051,-0.04160051,-166.1996,3995.1329,OK,0.0000,4.9860,3.0000,97.0000,AG03-UNRESOLVED,ALL5_LEVELS_bet23_to_bet27,4.9860,4.9860,4.9860,6.6480,6.6480,3.000000,3.000000,3.000000,4.000000,4.000000,97.000000,97.000000,97.000000,96.000000,96.000000,5.0,28.2539,26.4059,137.9456,139.7937,PENDING_AG03,FALSE,NOT_FOR_ENFORCEMENT,161.2136,3567.5061,166.1996,161.2136,4.9860,0.04160051,0.04035249,4.9860,161.2136,0.04035249,4.9860,4.9860,4.9860,6.6480,6.6480,161.2136,0.04035249,28.2539,26.4059,137.9456,139.7937,0.03452842,0.034991,0.00124802,39.1680,36.4143,1.6455,12.7846,4.2615,307.3179,7.7692,,39.1680,24.8494,36.7309,40.404,73.4619,73.4619,119.5374,36.7309,-7.1637,2.0,3.254406,1.066348,14,36,24,3,0E-8,0.04160051,,0E-8,0.000000,0.920580,0.000000,,2026-03-23,2026-06-27,13,39,34,97,0.134021,,,0.000000,,,,,,,,GLOBAL_BASELINE_NO_ENTITY_RANKING,,,NOT_APPLICABLE_GLOBAL_BASELINE,HF9g-P5,,,,X 全窗基线 · 不参与实体赏罚,6871537,688,A168_HF9F_20260827_0900,2026-08-27 09:00:00
2026-04-08,145905188,2147,0,43.8567493113,-43.8567493113,-43.8567493113,0E-7,1,1,0.50665070000000000,0.506650700000,-1.013391052207602,-1.013391052207602,-1.013391052207602,0E-17,ELIGIBLE,R03b_20260811_FULL_v1,L1_ELIGIBILITY,v2026-08-11,2026-03-21..2026-08-06,baccarat_bet02_101_all_pairs_incl_sentinel,round_win = game_pnl > 0 (decisive only),COMPATIBILITY_ONLY_NOT_PRODUCTION,3995.1329,3677.8413,166.1996,102,101,-0.04160051,,-0.04160051,-0.04160051,-166.1996,3995.1329,OK,0.0000,4.9860,3.0000,97.0000,AG03-UNRESOLVED,ALL5_LEVELS_bet23_to_bet27,4.9860,4.9860,4.9860,6.6480,6.6480,3.000000,3.000000,3.000000,4.000000,4.000000,97.000000,97.000000,97.000000,96.000000,96.000000,5.0,28.2539,26.4059,137.9456,139.7937,PENDING_AG03,FALSE,NOT_FOR_ENFORCEMENT,161.2136,3567.5061,166.1996,161.2136,4.9860,0.04160051,0.04035249,4.9860,161.2136,0.04035249,4.9860,4.9860,4.9860,6.6480,6.6480,161.2136,0.04035249,28.2539,26.4059,137.9456,139.7937,0.03452842,0.034991,0.00124802,39.1680,36.4143,1.6455,12.7846,4.2615,307.3179,7.7692,,39.1680,24.8494,36.7309,40.404,73.4619,73.4619,119.5374,36.7309,-7.1637,2.0,3.254406,1.066348,14,36,24,3,0E-8,0.04160051,,0E-8,0.000000,0.920580,0.000000,,2026-03-23,2026-06-27,13,39,34,97,0.134021,,,0.000000,,,,,,,,GLOBAL_BASELINE_NO_ENTITY_RANKING,,,NOT_APPLICABLE_GLOBAL_BASELINE,HF9g-P5,,,,X 全窗基线 · 不参与实体赏罚,6871538,688,A168_HF9F_20260827_0900,2026-08-27 09:00:00
2026-04-09,145905188,1330,0,50.6887052342,48.1542699725,48.1542699725,1.0000000,1,1,0.50665070000000000,0.506650700000,0.9867858985152569,0.9867858985152569,0.9867858985152569,0E-17,ELIGIBLE,R03b_20260811_FULL_v1,L1_ELIGIBILITY,v2026-08-11,2026-03-21..2026-08-06,baccarat_bet02_101_all_pairs_incl_sentinel,round_win = game_pnl > 0 (decisive only),COMPATIBILITY_ONLY_NOT_PRODUCTION,3995.1329,3677.8413,166.1996,102,101,-0.04160051,,-0.04160051,-0.04160051,-166.1996,3995.1329,OK,0.0000,4.9860,3.0000,97.0000,AG03-UNRESOLVED,ALL5_LEVELS_bet23_to_bet27,4.9860,4.9860,4.9860,6.6480,6.6480,3.000000,3.000000,3.000000,4.000000,4.000000,97.000000,97.000000,97.000000,96.000000,96.000000,5.0,28.2539,26.4059,137.9456,139.7937,PENDING_AG03,FALSE,NOT_FOR_ENFORCEMENT,161.2136,3567.5061,166.1996,161.2136,4.9860,0.04160051,0.04035249,4.9860,161.2136,0.04035249,4.9860,4.9860,4.9860,6.6480,6.6480,161.2136,0.04035249,28.2539,26.4059,137.9456,139.7937,0.03452842,0.034991,0.00124802,39.1680,36.4143,1.6455,12.7846,4.2615,307.3179,7.7692,,39.1680,24.8494,36.7309,40.404,73.4619,73.4619,119.5374,36.7309,-7.1637,2.0,3.254406,1.066348,14,36,24,3,0E-8,0.04160051,,0E-8,0.000000,0.920580,0.000000,,2026-03-23,2026-06-27,13,39,34,97,0.134021,,,0.000000,,,,,,,,GLOBAL_BASELINE_NO_ENTITY_RANKING,,,NOT_APPLICABLE_GLOBAL_BASELINE,HF9g-P5,,,,X 全窗基线 · 不参与实体赏罚,6871539,688,A168_HF9F_20260827_0900,2026-08-27 09:00:00
2026-04-09,145905188,1400,0,146.5564738293,-30.1193755739,-30.1193755739,0.3333333,7,6,0.46564326666666667,0.465643266667,-0.6497193019424022,-0.6497193019440092,-0.6497193019424022,-3.3333E-13,ELIGIBLE,R03b_20260811_FULL_v1,L1_ELIGIBILITY,v2026-08-11,2026-03-21..2026-08-06,baccarat_bet02_101_all_pairs_incl_sentinel,round_win = game_pnl > 0 (decisive only),COMPATIBILITY_ONLY_NOT_PRODUCTION,3995.1329,3677.8413,166.1996,102,101,-0.04160051,,-0.04160051,-0.04160051,-166.1996,3995.1329,OK,0.0000,4.9860,3.0000,97.0000,AG03-UNRESOLVED,ALL5_LEVELS_bet23_to_bet27,4.9860,4.9860,4.9860,6.6480,6.6480,3.000000,3.000000,3.000000,4.000000,4.000000,97.000000,97.000000,97.000000,96.000000,96.000000,5.0,28.2539,26.4059,137.9456,139.7937,PENDING_AG03,FALSE,NOT_FOR_ENFORCEMENT,161.2136,3567.5061,166.1996,161.2136,4.9860,0.04160051,0.04035249,4.9860,161.2136,0.04035249,4.9860,4.9860,4.9860,6.6480,6.6480,161.2136,0.04035249,28.2539,26.4059,137.9456,139.7937,0.03452842,0.034991,0.00124802,39.1680,36.4143,1.6455,12.7846,4.2615,307.3179,7.7692,,39.1680,24.8494,36.7309,40.404,73.4619,73.4619,119.5374,36.7309,-7.1637,2.0,3.254406,1.066348,14,36,24,3,0E-8,0.04160051,,0E-8,0.000000,0.920580,0.000000,,2026-03-23,2026-06-27,13,39,34,97,0.134021,,,0.000000,,,,,,,,GLOBAL_BASELINE_NO_ENTITY_RANKING,,,NOT_APPLICABLE_GLOBAL_BASELINE,HF9g-P5,,,,X 全窗基线 · 不参与实体赏罚,6871540,688,A168_HF9F_20260827_0900,2026-08-27 09:00:00
2026-04-09,145905188,2145,0,22.0385674931,22.0385674931,22.0385674931,1.0000000,1,1,0.49324550000000000,0.493245500000,1.01360149184955,1.01360149184955,1.01360149184955,0E-17,ELIGIBLE,R03b_20260811_FULL_v1,L1_ELIGIBILITY,v2026-08-11,2026-03-21..2026-08-06,baccarat_bet02_101_all_pairs_incl_sentinel,round_win = game_pnl > 0 (decisive only),COMPATIBILITY_ONLY_NOT_PRODUCTION,3995.1329,3677.8413,166.1996,102,101,-0.04160051,,-0.04160051,-0.04160051,-166.1996,3995.1329,OK,0.0000,4.9860,3.0000,97.0000,AG03-UNRESOLVED,ALL5_LEVELS_bet23_to_bet27,4.9860,4.9860,4.9860,6.6480,6.6480,3.000000,3.000000,3.000000,4.000000,4.000000,97.000000,97.000000,97.000000,96.000000,96.000000,5.0,28.2539,26.4059,137.9456,139.7937,PENDING_AG03,FALSE,NOT_FOR_ENFORCEMENT,161.2136,3567.5061,166.1996,161.2136,4.9860,0.04160051,0.04035249,4.9860,161.2136,0.04035249,4.9860,4.9860,4.9860,6.6480,6.6480,161.2136,0.04035249,28.2539,26.4059,137.9456,139.7937,0.03452842,0.034991,0.00124802,39.1680,36.4143,1.6455,12.7846,4.2615,307.3179,7.7692,,39.1680,24.8494,36.7309,40.404,73.4619,73.4619,119.5374,36.7309,-7.1637,2.0,3.254406,1.066348,14,36,24,3,0E-8,0.04160051,,0E-8,0.000000,0.920580,0.000000,,2026-03-23,2026-06-27,13,39,34,97,0.134021,,,0.000000,,,,,,,,GLOBAL_BASELINE_NO_ENTITY_RANKING,,,NOT_APPLICABLE_GLOBAL_BASELINE,HF9g-P5,,,,X 全窗基线 · 不参与实体赏罚,6871541,688,A168_HF9F_20260827_0900,2026-08-27 09:00:00
2026-04-09,145905188,919,0,14.6923783287,-14.6923783287,-14.6923783287,0E-7,1,1,0.50665070000000000,0.506650700000,-1.013391052207602,-1.013391052207602,-1.013391052207602,0E-17,ELIGIBLE,R03b_20260811_FULL_v1,L1_ELIGIBILITY,v2026-08-11,2026-03-21..2026-08-06,baccarat_bet02_101_all_pairs_incl_sentinel,round_win = game_pnl > 0 (decisive only),COMPATIBILITY_ONLY_NOT_PRODUCTION,3995.1329,3677.8413,166.1996,102,101,-0.04160051,,-0.04160051,-0.04160051,-166.1996,3995.1329,OK,0.0000,4.9860,3.0000,97.0000,AG03-UNRESOLVED,ALL5_LEVELS_bet23_to_bet27,4.9860,4.9860,4.9860,6.6480,6.6480,3.000000,3.000000,3.000000,4.000000,4.000000,97.000000,97.000000,97.000000,96.000000,96.000000,5.0,28.2539,26.4059,137.9456,139.7937,PENDING_AG03,FALSE,NOT_FOR_ENFORCEMENT,161.2136,3567.5061,166.1996,161.2136,4.9860,0.04160051,0.04035249,4.9860,161.2136,0.04035249,4.9860,4.9860,4.9860,6.6480,6.6480,161.2136,0.04035249,28.2539,26.4059,137.9456,139.7937,0.03452842,0.034991,0.00124802,39.1680,36.4143,1.6455,12.7846,4.2615,307.3179,7.7692,,39.1680,24.8494,36.7309,40.404,73.4619,73.4619,119.5374,36.7309,-7.1637,2.0,3.254406,1.066348,14,36,24,3,0E-8,0.04160051,,0E-8,0.000000,0.920580,0.000000,,2026-03-23,2026-06-27,13,39,34,97,0.134021,,,0.000000,,,,,,,,GLOBAL_BASELINE_NO_ENTITY_RANKING,,,NOT_APPLICABLE_GLOBAL_BASELINE,HF9g-P5,,,,X 全窗基线 · 不参与实体赏罚,6871542,688,A168_HF9F_20260827_0900,2026-08-27 09:00:00
2026-04-10,145905188,1323,0,73.4618916438,-73.4618916438,-73.4618916438,0E-7,2,2,0.49994810000000000,0.499948100000,-1.4140667746232096,-1.4140667746232096,-1.4140667746232096,0E-17,ELIGIBLE,R03b_20260811_FULL_v1,L1_ELIGIBILITY,v2026-08-11,2026-03-21..2026-08-06,baccarat_bet02_101_all_pairs_incl_sentinel,round_win = game_pnl > 0 (decisive only),COMPATIBILITY_ONLY_NOT_PRODUCTION,3995.1329,3677.8413,166.1996,102,101,-0.04160051,,-0.04160051,-0.04160051,-166.1996,3995.1329,OK,0.0000,4.9860,3.0000,97.0000,AG03-UNRESOLVED,ALL5_LEVELS_bet23_to_bet27,4.9860,4.9860,4.9860,6.6480,6.6480,3.000000,3.000000,3.000000,4.000000,4.000000,97.000000,97.000000,97.000000,96.000000,96.000000,5.0,28.2539,26.4059,137.9456,139.7937,PENDING_AG03,FALSE,NOT_FOR_ENFORCEMENT,161.2136,3567.5061,166.1996,161.2136,4.9860,0.04160051,0.04035249,4.9860,161.2136,0.04035249,4.9860,4.9860,4.9860,6.6480,6.6480,161.2136,0.04035249,28.2539,26.4059,137.9456,139.7937,0.03452842,0.034991,0.00124802,39.1680,36.4143,1.6455,12.7846,4.2615,307.3179,7.7692,,39.1680,24.8494,36.7309,40.404,73.4619,73.4619,119.5374,36.7309,-7.1637,2.0,3.254406,1.066348,14,36,24,3,0E-8,0.04160051,,0E-8,0.000000,0.920580,0.000000,,2026-03-23,2026-06-27,13,39,34,97,0.134021,,,0.000000,,,,,,,,GLOBAL_BASELINE_NO_ENTITY_RANKING,,,NOT_APPLICABLE_GLOBAL_BASELINE,HF9g-P5,,,,X 全窗基线 · 不参与实体赏罚,6871543,688,A168_HF9F_20260827_0900,2026-08-27 09:00:00
2026-04-10,145905188,1353,0,146.9237832875,-3.6730945821,-3.6730945821,0.6666667,3,3,0.50665070000000000,0.506650700000,0.5543606114942035,0.5543606114942035,0.5543606114942035,0E-17,ELIGIBLE,R03b_20260811_FULL_v1,L1_ELIGIBILITY,v2026-08-11,2026-03-21..2026-08-06,baccarat_bet02_101_all_pairs_incl_sentinel,round_win = game_pnl > 0 (decisive only),COMPATIBILITY_ONLY_NOT_PRODUCTION,3995.1329,3677.8413,166.1996,102,101,-0.04160051,,-0.04160051,-0.04160051,-166.1996,3995.1329,OK,0.0000,4.9860,3.0000,97.0000,AG03-UNRESOLVED,ALL5_LEVELS_bet23_to_bet27,4.9860,4.9860,4.9860,6.6480,6.6480,3.000000,3.000000,3.000000,4.000000,4.000000,97.000000,97.000000,97.000000,96.000000,96.000000,5.0,28.2539,26.4059,137.9456,139.7937,PENDING_AG03,FALSE,NOT_FOR_ENFORCEMENT,161.2136,3567.5061,166.1996,161.2136,4.9860,0.04160051,0.04035249,4.9860,161.2136,0.04035249,4.9860,4.9860,4.9860,6.6480,6.6480,161.2136,0.04035249,28.2539,26.4059,137.9456,139.7937,0.03452842,0.034991,0.00124802,39.1680,36.4143,1.6455,12.7846,4.2615,307.3179,7.7692,,39.1680,24.8494,36.7309,40.404,73.4619,73.4619,119.5374,36.7309,-7.1637,2.0,3.254406,1.066348,14,36,24,3,0E-8,0.04160051,,0E-8,0.000000,0.920580,0.000000,,2026-03-23,2026-06-27,13,39,34,97,0.134021,,,0.000000,,,,,,,,GLOBAL_BASELINE_NO_ENTITY_RANKING,,,NOT_APPLICABLE_GLOBAL_BASELINE,HF9g-P5,,,,X 全窗基线 · 不参与实体赏罚,6871544,688,A168_HF9F_20260827_0900,2026-08-27 09:00:00
2026-04-10,145905188,1385,0,36.7309458219,0E-10,0E-10,,1,1,0.49324550000000000,0.493245500000,,,,0E-17,NO_DECISIVE_ROUND,R03b_20260811_FULL_v1,L1_ELIGIBILITY,v2026-08-11,2026-03-21..2026-08-06,baccarat_bet02_101_all_pairs_incl_sentinel,round_win = game_pnl > 0 (decisive only),COMPATIBILITY_ONLY_NOT_PRODUCTION,3995.1329,3677.8413,166.1996,102,101,-0.04160051,,-0.04160051,-0.04160051,-166.1996,3995.1329,OK,0.0000,4.9860,3.0000,97.0000,AG03-UNRESOLVED,ALL5_LEVELS_bet23_to_bet27,4.9860,4.9860,4.9860,6.6480,6.6480,3.000000,3.000000,3.000000,4.000000,4.000000,97.000000,97.000000,97.000000,96.000000,96.000000,5.0,28.2539,26.4059,137.9456,139.7937,PENDING_AG03,FALSE,NOT_FOR_ENFORCEMENT,161.2136,3567.5061,166.1996,161.2136,4.9860,0.04160051,0.04035249,4.9860,161.2136,0.04035249,4.9860,4.9860,4.9860,6.6480,6.6480,161.2136,0.04035249,28.2539,26.4059,137.9456,139.7937,0.03452842,0.034991,0.00124802,39.1680,36.4143,1.6455,12.7846,4.2615,307.3179,7.7692,,39.1680,24.8494,36.7309,40.404,73.4619,73.4619,119.5374,36.7309,-7.1637,2.0,3.254406,1.066348,14,36,24,3,0E-8,0.04160051,,0E-8,0.000000,0.920580,0.000000,,2026-03-23,2026-06-27,13,39,34,97,0.134021,,,0.000000,,,,,,,,GLOBAL_BASELINE_NO_ENTITY_RANKING,,,NOT_APPLICABLE_GLOBAL_BASELINE,HF9g-P5,,,,X 全窗基线 · 不参与实体赏罚,6871545,688,A168_HF9F_20260827_0900,2026-08-27 09:00:00
2026-04-10,145905188,2246,0,231.4049586778,66.1157024794,66.1157024794,0.6666667,6,6,0.49994810000000000,0.499948100000,0.8167508423630434,0.8167508423630434,0.8167508423630434,0E-17,ELIGIBLE,R03b_20260811_FULL_v1,L1_ELIGIBILITY,v2026-08-11,2026-03-21..2026-08-06,baccarat_bet02_101_all_pairs_incl_sentinel,round_win = game_pnl > 0 (decisive only),COMPATIBILITY_ONLY_NOT_PRODUCTION,3995.1329,3677.8413,166.1996,102,101,-0.04160051,,-0.04160051,-0.04160051,-166.1996,3995.1329,OK,0.0000,4.9860,3.0000,97.0000,AG03-UNRESOLVED,ALL5_LEVELS_bet23_to_bet27,4.9860,4.9860,4.9860,6.6480,6.6480,3.000000,3.000000,3.000000,4.000000,4.000000,97.000000,97.000000,97.000000,96.000000,96.000000,5.0,28.2539,26.4059,137.9456,139.7937,PENDING_AG03,FALSE,NOT_FOR_ENFORCEMENT,161.2136,3567.5061,166.1996,161.2136,4.9860,0.04160051,0.04035249,4.9860,161.2136,0.04035249,4.9860,4.9860,4.9860,6.6480,6.6480,161.2136,0.04035249,28.2539,26.4059,137.9456,139.7937,0.03452842,0.034991,0.00124802,39.1680,36.4143,1.6455,12.7846,4.2615,307.3179,7.7692,,39.1680,24.8494,36.7309,40.404,73.4619,73.4619,119.5374,36.7309,-7.1637,2.0,3.254406,1.066348,14,36,24,3,0E-8,0.04160051,,0E-8,0.000000,0.920580,0.000000,,2026-03-23,2026-06-27,13,39,34,97,0.134021,,,0.000000,,,,,,,,GLOBAL_BASELINE_NO_ENTITY_RANKING,,,NOT_APPLICABLE_GLOBAL_BASELINE,HF9g-P5,,,,X 全窗基线 · 不参与实体赏罚,6871546,688,A168_HF9F_20260827_0900,2026-08-27 09:00:00
2026-05-07,145905188,772,0,18.0141230725,-18.0141230725,-18.0141230725,0E-7,2,2,0.49994810000000000,0.499948100000,-1.4140667746232096,-1.4140667746232096,-1.4140667746232096,0E-17,ELIGIBLE,R03b_20260811_FULL_v1,L1_ELIGIBILITY,v2026-08-11,2026-03-21..2026-08-06,baccarat_bet02_101_all_pairs_incl_sentinel,round_win = game_pnl > 0 (decisive only),COMPATIBILITY_ONLY_NOT_PRODUCTION,3995.1329,3677.8413,166.1996,102,101,-0.04160051,,-0.04160051,-0.04160051,-166.1996,3995.1329,OK,0.0000,4.9860,3.0000,97.0000,AG03-UNRESOLVED,ALL5_LEVELS_bet23_to_bet27,4.9860,4.9860,4.9860,6.6480,6.6480,3.000000,3.000000,3.000000,4.000000,4.000000,97.000000,97.000000,97.000000,96.000000,96.000000,5.0,28.2539,26.4059,137.9456,139.7937,PENDING_AG03,FALSE,NOT_FOR_ENFORCEMENT,161.2136,3567.5061,166.1996,161.2136,4.9860,0.04160051,0.04035249,4.9860,161.2136,0.04035249,4.9860,4.9860,4.9860,6.6480,6.6480,161.2136,0.04035249,28.2539,26.4059,137.9456,139.7937,0.03452842,0.034991,0.00124802,39.1680,36.4143,1.6455,12.7846,4.2615,307.3179,7.7692,,39.1680,24.8494,36.7309,40.404,73.4619,73.4619,119.5374,36.7309,-7.1637,2.0,3.254406,1.066348,14,36,24,3,0E-8,0.04160051,,0E-8,0.000000,0.920580,0.000000,,2026-03-23,2026-06-27,13,39,34,97,0.134021,,,0.000000,,,,,,,,GLOBAL_BASELINE_NO_ENTITY_RANKING,,,NOT_APPLICABLE_GLOBAL_BASELINE,HF9g-P5,,,,X 全窗基线 · 不参与实体赏罚,6871547,688,A168_HF9F_20260827_0900,2026-08-27 09:00:00
2026-05-10,145905188,1078,0,36.0282461450,-36.0282461450,-36.0282461450,0E-7,1,1,0.50665070000000000,0.506650700000,-1.013391052207602,-1.013391052207602,-1.013391052207602,0E-17,ELIGIBLE,R03b_20260811_FULL_v1,L1_ELIGIBILITY,v2026-08-11,2026-03-21..2026-08-06,baccarat_bet02_101_all_pairs_incl_sentinel,round_win = game_pnl > 0 (decisive only),COMPATIBILITY_ONLY_NOT_PRODUCTION,3995.1329,3677.8413,166.1996,102,101,-0.04160051,,-0.04160051,-0.04160051,-166.1996,3995.1329,OK,0.0000,4.9860,3.0000,97.0000,AG03-UNRESOLVED,ALL5_LEVELS_bet23_to_bet27,4.9860,4.9860,4.9860,6.6480,6.6480,3.000000,3.000000,3.000000,4.000000,4.000000,97.000000,97.000000,97.000000,96.000000,96.000000,5.0,28.2539,26.4059,137.9456,139.7937,PENDING_AG03,FALSE,NOT_FOR_ENFORCEMENT,161.2136,3567.5061,166.1996,161.2136,4.9860,0.04160051,0.04035249,4.9860,161.2136,0.04035249,4.9860,4.9860,4.9860,6.6480,6.6480,161.2136,0.04035249,28.2539,26.4059,137.9456,139.7937,0.03452842,0.034991,0.00124802,39.1680,36.4143,1.6455,12.7846,4.2615,307.3179,7.7692,,39.1680,24.8494,36.7309,40.404,73.4619,73.4619,119.5374,36.7309,-7.1637,2.0,3.254406,1.066348,14,36,24,3,0E-8,0.04160051,,0E-8,0.000000,0.920580,0.000000,,2026-03-23,2026-06-27,13,39,34,97,0.134021,,,0.000000,,,,,,,,GLOBAL_BASELINE_NO_ENTITY_RANKING,,,NOT_APPLICABLE_GLOBAL_BASELINE,HF9g-P5,,,,X 全窗基线 · 不参与实体赏罚,6871548,688,A168_HF9F_20260827_0900,2026-08-27 09:00:00
2026-05-10,145905188,1384,0,43.2338953740,-43.2338953740,-43.2338953740,0E-7,2,2,0.49994810000000000,0.499948100000,-1.4140667746232096,-1.4140667746232096,-1.4140667746232096,0E-17,ELIGIBLE,R03b_20260811_FULL_v1,L1_ELIGIBILITY,v2026-08-11,2026-03-21..2026-08-06,baccarat_bet02_101_all_pairs_incl_sentinel,round_win = game_pnl > 0 (decisive only),COMPATIBILITY_ONLY_NOT_PRODUCTION,3995.1329,3677.8413,166.1996,102,101,-0.04160051,,-0.04160051,-0.04160051,-166.1996,3995.1329,OK,0.0000,4.9860,3.0000,97.0000,AG03-UNRESOLVED,ALL5_LEVELS_bet23_to_bet27,4.9860,4.9860,4.9860,6.6480,6.6480,3.000000,3.000000,3.000000,4.000000,4.000000,97.000000,97.000000,97.000000,96.000000,96.000000,5.0,28.2539,26.4059,137.9456,139.7937,PENDING_AG03,FALSE,NOT_FOR_ENFORCEMENT,161.2136,3567.5061,166.1996,161.2136,4.9860,0.04160051,0.04035249,4.9860,161.2136,0.04035249,4.9860,4.9860,4.9860,6.6480,6.6480,161.2136,0.04035249,28.2539,26.4059,137.9456,139.7937,0.03452842,0.034991,0.00124802,39.1680,36.4143,1.6455,12.7846,4.2615,307.3179,7.7692,,39.1680,24.8494,36.7309,40.404,73.4619,73.4619,119.5374,36.7309,-7.1637,2.0,3.254406,1.066348,14,36,24,3,0E-8,0.04160051,,0E-8,0.000000,0.920580,0.000000,,2026-03-23,2026-06-27,13,39,34,97,0.134021,,,0.000000,,,,,,,,GLOBAL_BASELINE_NO_ENTITY_RANKING,,,NOT_APPLICABLE_GLOBAL_BASELINE,HF9g-P5,,,,X 全窗基线 · 不参与实体赏罚,6871549,688,A168_HF9F_20260827_0900,2026-08-27 09:00:00
2026-05-10,145905188,1401,0,263.0061968585,-46.8367199885,-46.8367199885,0.4000000,7,7,0.49516052857142857,0.495160528571,-0.4255907568707367,-0.4255907568688235,-0.4255907568707367,4.2857E-13,ELIGIBLE,R03b_20260811_FULL_v1,L1_ELIGIBILITY,v2026-08-11,2026-03-21..2026-08-06,baccarat_bet02_101_all_pairs_incl_sentinel,round_win = game_pnl > 0 (decisive only),COMPATIBILITY_ONLY_NOT_PRODUCTION,3995.1329,3677.8413,166.1996,102,101,-0.04160051,,-0.04160051,-0.04160051,-166.1996,3995.1329,OK,0.0000,4.9860,3.0000,97.0000,AG03-UNRESOLVED,ALL5_LEVELS_bet23_to_bet27,4.9860,4.9860,4.9860,6.6480,6.6480,3.000000,3.000000,3.000000,4.000000,4.000000,97.000000,97.000000,97.000000,96.000000,96.000000,5.0,28.2539,26.4059,137.9456,139.7937,PENDING_AG03,FALSE,NOT_FOR_ENFORCEMENT,161.2136,3567.5061,166.1996,161.2136,4.9860,0.04160051,0.04035249,4.9860,161.2136,0.04035249,4.9860,4.9860,4.9860,6.6480,6.6480,161.2136,0.04035249,28.2539,26.4059,137.9456,139.7937,0.03452842,0.034991,0.00124802,39.1680,36.4143,1.6455,12.7846,4.2615,307.3179,7.7692,,39.1680,24.8494,36.7309,40.404,73.4619,73.4619,119.5374,36.7309,-7.1637,2.0,3.254406,1.066348,14,36,24,3,0E-8,0.04160051,,0E-8,0.000000,0.920580,0.000000,,2026-03-23,2026-06-27,13,39,34,97,0.134021,,,0.000000,,,,,,,,GLOBAL_BASELINE_NO_ENTITY_RANKING,,,NOT_APPLICABLE_GLOBAL_BASELINE,HF9g-P5,,,,X 全窗基线 · 不参与实体赏罚,6871550,688,A168_HF9F_20260827_0900,2026-08-27 09:00:00
2026-05-10,145905188,1490,0,14.4112984580,-14.4112984580,-14.4112984580,0E-7,1,1,0.50665070000000000,0.506650700000,-1.013391052207602,-1.013391052207602,-1.013391052207602,0E-17,ELIGIBLE,R03b_20260811_FULL_v1,L1_ELIGIBILITY,v2026-08-11,2026-03-21..2026-08-06,baccarat_bet02_101_all_pairs_incl_sentinel,round_win = game_pnl > 0 (decisive only),COMPATIBILITY_ONLY_NOT_PRODUCTION,3995.1329,3677.8413,166.1996,102,101,-0.04160051,,-0.04160051,-0.04160051,-166.1996,3995.1329,OK,0.0000,4.9860,3.0000,97.0000,AG03-UNRESOLVED,ALL5_LEVELS_bet23_to_bet27,4.9860,4.9860,4.9860,6.6480,6.6480,3.000000,3.000000,3.000000,4.000000,4.000000,97.000000,97.000000,97.000000,96.000000,96.000000,5.0,28.2539,26.4059,137.9456,139.7937,PENDING_AG03,FALSE,NOT_FOR_ENFORCEMENT,161.2136,3567.5061,166.1996,161.2136,4.9860,0.04160051,0.04035249,4.9860,161.2136,0.04035249,4.9860,4.9860,4.9860,6.6480,6.6480,161.2136,0.04035249,28.2539,26.4059,137.9456,139.7937,0.03452842,0.034991,0.00124802,39.1680,36.4143,1.6455,12.7846,4.2615,307.3179,7.7692,,39.1680,24.8494,36.7309,40.404,73.4619,73.4619,119.5374,36.7309,-7.1637,2.0,3.254406,1.066348,14,36,24,3,0E-8,0.04160051,,0E-8,0.000000,0.920580,0.000000,,2026-03-23,2026-06-27,13,39,34,97,0.134021,,,0.000000,,,,,,,,GLOBAL_BASELINE_NO_ENTITY_RANKING,,,NOT_APPLICABLE_GLOBAL_BASELINE,HF9g-P5,,,,X 全窗基线 · 不参与实体赏罚,6871551,688,A168_HF9F_20260827_0900,2026-08-27 09:00:00
2026-06-15,145905188,2152,0,21.3650865998,-21.3650865998,-21.3650865998,0E-7,1,1,0.49324550000000000,0.493245500000,-0.9865810262130424,-0.9865810262130424,-0.9865810262130424,0E-17,ELIGIBLE,R03b_20260811_FULL_v1,L1_ELIGIBILITY,v2026-08-11,2026-03-21..2026-08-06,baccarat_bet02_101_all_pairs_incl_sentinel,round_win = game_pnl > 0 (decisive only),COMPATIBILITY_ONLY_NOT_PRODUCTION,3995.1329,3677.8413,166.1996,102,101,-0.04160051,,-0.04160051,-0.04160051,-166.1996,3995.1329,OK,0.0000,4.9860,3.0000,97.0000,AG03-UNRESOLVED,ALL5_LEVELS_bet23_to_bet27,4.9860,4.9860,4.9860,6.6480,6.6480,3.000000,3.000000,3.000000,4.000000,4.000000,97.000000,97.000000,97.000000,96.000000,96.000000,5.0,28.2539,26.4059,137.9456,139.7937,PENDING_AG03,FALSE,NOT_FOR_ENFORCEMENT,161.2136,3567.5061,166.1996,161.2136,4.9860,0.04160051,0.04035249,4.9860,161.2136,0.04035249,4.9860,4.9860,4.9860,6.6480,6.6480,161.2136,0.04035249,28.2539,26.4059,137.9456,139.7937,0.03452842,0.034991,0.00124802,39.1680,36.4143,1.6455,12.7846,4.2615,307.3179,7.7692,,39.1680,24.8494,36.7309,40.404,73.4619,73.4619,119.5374,36.7309,-7.1637,2.0,3.254406,1.066348,14,36,24,3,0E-8,0.04160051,,0E-8,0.000000,0.920580,0.000000,,2026-03-23,2026-06-27,13,39,34,97,0.134021,,,0.000000,,,,,,,,GLOBAL_BASELINE_NO_ENTITY_RANKING,,,NOT_APPLICABLE_GLOBAL_BASELINE,HF9g-P5,,,,X 全窗基线 · 不参与实体赏罚,6871552,688,A168_HF9F_20260827_0900,2026-08-27 09:00:00
2026-06-15,145905188,2281,0,21.3650865998,-21.3650865998,-21.3650865998,0E-7,2,2,0.49994810000000000,0.499948100000,-1.4140667746232096,-1.4140667746232096,-1.4140667746232096,0E-17,ELIGIBLE,R03b_20260811_FULL_v1,L1_ELIGIBILITY,v2026-08-11,2026-03-21..2026-08-06,baccarat_bet02_101_all_pairs_incl_sentinel,round_win = game_pnl > 0 (decisive only),COMPATIBILITY_ONLY_NOT_PRODUCTION,3995.1329,3677.8413,166.1996,102,101,-0.04160051,,-0.04160051,-0.04160051,-166.1996,3995.1329,OK,0.0000,4.9860,3.0000,97.0000,AG03-UNRESOLVED,ALL5_LEVELS_bet23_to_bet27,4.9860,4.9860,4.9860,6.6480,6.6480,3.000000,3.000000,3.000000,4.000000,4.000000,97.000000,97.000000,97.000000,96.000000,96.000000,5.0,28.2539,26.4059,137.9456,139.7937,PENDING_AG03,FALSE,NOT_FOR_ENFORCEMENT,161.2136,3567.5061,166.1996,161.2136,4.9860,0.04160051,0.04035249,4.9860,161.2136,0.04035249,4.9860,4.9860,4.9860,6.6480,6.6480,161.2136,0.04035249,28.2539,26.4059,137.9456,139.7937,0.03452842,0.034991,0.00124802,39.1680,36.4143,1.6455,12.7846,4.2615,307.3179,7.7692,,39.1680,24.8494,36.7309,40.404,73.4619,73.4619,119.5374,36.7309,-7.1637,2.0,3.254406,1.066348,14,36,24,3,0E-8,0.04160051,,0E-8,0.000000,0.920580,0.000000,,2026-03-23,2026-06-27,13,39,34,97,0.134021,,,0.000000,,,,,,,,GLOBAL_BASELINE_NO_ENTITY_RANKING,,,NOT_APPLICABLE_GLOBAL_BASELINE,HF9g-P5,,,,X 全窗基线 · 不参与实体赏罚,6871553,688,A168_HF9F_20260827_0900,2026-08-27 09:00:00
2026-06-27,145905188,1994,0,92.5820419325,-7.1216955333,-7.1216955333,0.5000000,2,2,0.49324550000000000,0.493245500000,0.01910635448239258,0.01910635448239258,0.01910635448239258,0E-17,ELIGIBLE,R03b_20260811_FULL_v1,L1_ELIGIBILITY,v2026-08-11,2026-03-21..2026-08-06,baccarat_bet02_101_all_pairs_incl_sentinel,round_win = game_pnl > 0 (decisive only),COMPATIBILITY_ONLY_NOT_PRODUCTION,3995.1329,3677.8413,166.1996,102,101,-0.04160051,,-0.04160051,-0.04160051,-166.1996,3995.1329,OK,0.0000,4.9860,3.0000,97.0000,AG03-UNRESOLVED,ALL5_LEVELS_bet23_to_bet27,4.9860,4.9860,4.9860,6.6480,6.6480,3.000000,3.000000,3.000000,4.000000,4.000000,97.000000,97.000000,97.000000,96.000000,96.000000,5.0,28.2539,26.4059,137.9456,139.7937,PENDING_AG03,FALSE,NOT_FOR_ENFORCEMENT,161.2136,3567.5061,166.1996,161.2136,4.9860,0.04160051,0.04035249,4.9860,161.2136,0.04035249,4.9860,4.9860,4.9860,6.6480,6.6480,161.2136,0.04035249,28.2539,26.4059,137.9456,139.7937,0.03452842,0.034991,0.00124802,39.1680,36.4143,1.6455,12.7846,4.2615,307.3179,7.7692,,39.1680,24.8494,36.7309,40.404,73.4619,73.4619,119.5374,36.7309,-7.1637,2.0,3.254406,1.066348,14,36,24,3,0E-8,0.04160051,,0E-8,0.000000,0.920580,0.000000,,2026-03-23,2026-06-27,13,39,34,97,0.134021,,,0.000000,,,,,,,,GLOBAL_BASELINE_NO_ENTITY_RANKING,,,NOT_APPLICABLE_GLOBAL_BASELINE,HF9g-P5,,,,X 全窗基线 · 不参与实体赏罚,6871554,688,A168_HF9F_20260827_0900,2026-08-27 09:00:00
2026-06-27,145905188,2171,0,35.6084776664,-35.6084776664,-35.6084776664,0E-7,1,1,0.50665070000000000,0.506650700000,-1.013391052207602,-1.013391052207602,-1.013391052207602,0E-17,ELIGIBLE,R03b_20260811_FULL_v1,L1_ELIGIBILITY,v2026-08-11,2026-03-21..2026-08-06,baccarat_bet02_101_all_pairs_incl_sentinel,round_win = game_pnl > 0 (decisive only),COMPATIBILITY_ONLY_NOT_PRODUCTION,3995.1329,3677.8413,166.1996,102,101,-0.04160051,,-0.04160051,-0.04160051,-166.1996,3995.1329,OK,0.0000,4.9860,3.0000,97.0000,AG03-UNRESOLVED,ALL5_LEVELS_bet23_to_bet27,4.9860,4.9860,4.9860,6.6480,6.6480,3.000000,3.000000,3.000000,4.000000,4.000000,97.000000,97.000000,97.000000,96.000000,96.000000,5.0,28.2539,26.4059,137.9456,139.7937,PENDING_AG03,FALSE,NOT_FOR_ENFORCEMENT,161.2136,3567.5061,166.1996,161.2136,4.9860,0.04160051,0.04035249,4.9860,161.2136,0.04035249,4.9860,4.9860,4.9860,6.6480,6.6480,161.2136,0.04035249,28.2539,26.4059,137.9456,139.7937,0.03452842,0.034991,0.00124802,39.1680,36.4143,1.6455,12.7846,4.2615,307.3179,7.7692,,39.1680,24.8494,36.7309,40.404,73.4619,73.4619,119.5374,36.7309,-7.1637,2.0,3.254406,1.066348,14,36,24,3,0E-8,0.04160051,,0E-8,0.000000,0.920580,0.000000,,2026-03-23,2026-06-27,13,39,34,97,0.134021,,,0.000000,,,,,,,,GLOBAL_BASELINE_NO_ENTITY_RANKING,,,NOT_APPLICABLE_GLOBAL_BASELINE,HF9g-P5,,,,X 全窗基线 · 不参与实体赏罚,6871555,688,A168_HF9F_20260827_0900,2026-08-27 09:00:00
2026-03-30,140011760,1078,0,118.0000000000,-118.0000000000,-118.0000000000,0E-7,4,4,0.49994810000000000,0.499948100000,-1.9997924107733216,-1.9997924107733216,-1.9997924107733216,0E-17,ELIGIBLE,R03b_20260811_FULL_v1,L1_ELIGIBILITY,v2026-08-11,2026-03-21..2026-08-06,baccarat_bet02_101_all_pairs_incl_sentinel,round_win = game_pnl > 0 (decisive only),COMPATIBILITY_ONLY_NOT_PRODUCTION,3035.0000,2641.0000,166.2000,56,56,-0.05476112,-0.14388379,-0.04399926,-0.05476112,-166.2000,3035.0000,OK,0.0000,4.9860,3.0000,97.0000,AG03-UNRESOLVED,ALL5_LEVELS_bet23_to_bet27,4.9860,4.9860,4.9860,4.9860,4.9860,3.000000,3.000000,3.000000,3.000000,3.000000,97.000000,97.000000,97.000000,97.000000,97.000000,5.0,24.9300,23.4784,141.2700,142.7216,PENDING_AG03,FALSE,NOT_FOR_ENFORCEMENT,161.2140,2561.7700,166.2000,161.2140,4.9860,0.05476112,0.05311829,4.9860,161.2140,0.05311829,4.9860,4.9860,4.9860,4.9860,4.9860,161.2140,0.05311829,24.9300,23.4784,141.2700,142.7216,0.04654695,0.04702524,0.00164283,54.1964,47.1607,2.9679,33.2400,12.7846,607.0000,11.2000,20.4375,67.7000,21.0,30.0,47.5,109.0,185.0,393.1003,28.0,0.0,6.166668,13.103343,1.806548,7,13,7,2,0.10774300,0.05476112,0.14388379,0E-8,0.000000,0.870181,0.000000,-0.09988453,2026-03-30,2026-07-26,5,13,13,119,0.042017,0.301883,0.377100,0.359143,,,,,,,,GLOBAL_BASELINE_NO_ENTITY_RANKING,,,NOT_APPLICABLE_GLOBAL_BASELINE,HF9g-P5,,,,X 全窗基线 · 不参与实体赏罚,6871556,688,A168_HF9F_20260827_0900,2026-08-27 09:00:00
2026-03-30,140011760,1094,0,150.0000000000,-150.0000000000,-150.0000000000,0E-7,3,3,0.49771390000000000,0.497713900000,-1.724149546644903,-1.724149546644903,-1.724149546644903,0E-17,ELIGIBLE,R03b_20260811_FULL_v1,L1_ELIGIBILITY,v2026-08-11,2026-03-21..2026-08-06,baccarat_bet02_101_all_pairs_incl_sentinel,round_win = game_pnl > 0 (decisive only),COMPATIBILITY_ONLY_NOT_PRODUCTION,3035.0000,2641.0000,166.2000,56,56,-0.05476112,-0.14388379,-0.04399926,-0.05476112,-166.2000,3035.0000,OK,0.0000,4.9860,3.0000,97.0000,AG03-UNRESOLVED,ALL5_LEVELS_bet23_to_bet27,4.9860,4.9860,4.9860,4.9860,4.9860,3.000000,3.000000,3.000000,3.000000,3.000000,97.000000,97.000000,97.000000,97.000000,97.000000,5.0,24.9300,23.4784,141.2700,142.7216,PENDING_AG03,FALSE,NOT_FOR_ENFORCEMENT,161.2140,2561.7700,166.2000,161.2140,4.9860,0.05476112,0.05311829,4.9860,161.2140,0.05311829,4.9860,4.9860,4.9860,4.9860,4.9860,161.2140,0.05311829,24.9300,23.4784,141.2700,142.7216,0.04654695,0.04702524,0.00164283,54.1964,47.1607,2.9679,33.2400,12.7846,607.0000,11.2000,20.4375,67.7000,21.0,30.0,47.5,109.0,185.0,393.1003,28.0,0.0,6.166668,13.103343,1.806548,7,13,7,2,0.10774300,0.05476112,0.14388379,0E-8,0.000000,0.870181,0.000000,-0.09988453,2026-03-30,2026-07-26,5,13,13,119,0.042017,0.301883,0.377100,0.359143,,,,,,,,GLOBAL_BASELINE_NO_ENTITY_RANKING,,,NOT_APPLICABLE_GLOBAL_BASELINE,HF9g-P5,,,,X 全窗基线 · 不参与实体赏罚,6871557,688,A168_HF9F_20260827_0900,2026-08-27 09:00:00
2026-03-30,140011760,1109,0,120.0000000000,60.0000000000,60.0000000000,0.6666667,3,3,0.49771390000000000,0.497713900000,0.5852756695216578,0.5852756695216578,0.5852756695216578,0E-17,ELIGIBLE,R03b_20260811_FULL_v1,L1_ELIGIBILITY,v2026-08-11,2026-03-21..2026-08-06,baccarat_bet02_101_all_pairs_incl_sentinel,round_win = game_pnl > 0 (decisive only),COMPATIBILITY_ONLY_NOT_PRODUCTION,3035.0000,2641.0000,166.2000,56,56,-0.05476112,-0.14388379,-0.04399926,-0.05476112,-166.2000,3035.0000,OK,0.0000,4.9860,3.0000,97.0000,AG03-UNRESOLVED,ALL5_LEVELS_bet23_to_bet27,4.9860,4.9860,4.9860,4.9860,4.9860,3.000000,3.000000,3.000000,3.000000,3.000000,97.000000,97.000000,97.000000,97.000000,97.000000,5.0,24.9300,23.4784,141.2700,142.7216,PENDING_AG03,FALSE,NOT_FOR_ENFORCEMENT,161.2140,2561.7700,166.2000,161.2140,4.9860,0.05476112,0.05311829,4.9860,161.2140,0.05311829,4.9860,4.9860,4.9860,4.9860,4.9860,161.2140,0.05311829,24.9300,23.4784,141.2700,142.7216,0.04654695,0.04702524,0.00164283,54.1964,47.1607,2.9679,33.2400,12.7846,607.0000,11.2000,20.4375,67.7000,21.0,30.0,47.5,109.0,185.0,393.1003,28.0,0.0,6.166668,13.103343,1.806548,7,13,7,2,0.10774300,0.05476112,0.14388379,0E-8,0.000000,0.870181,0.000000,-0.09988453,2026-03-30,2026-07-26,5,13,13,119,0.042017,0.301883,0.377100,0.359143,,,,,,,,GLOBAL_BASELINE_NO_ENTITY_RANKING,,,NOT_APPLICABLE_GLOBAL_BASELINE,HF9g-P5,,,,X 全窗基线 · 不参与实体赏罚,6871558,688,A168_HF9F_20260827_0900,2026-08-27 09:00:00
2026-03-30,140011760,1714,0,347.0000000000,117.9500000000,117.9500000000,0.7777778,11,11,0.50543204545454545,0.505432045455,1.6341708361280092,1.6341708361252978,1.6341708361280092,-4.5455E-13,ELIGIBLE,R03b_20260811_FULL_v1,L1_ELIGIBILITY,v2026-08-11,2026-03-21..2026-08-06,baccarat_bet02_101_all_pairs_incl_sentinel,round_win = game_pnl > 0 (decisive only),COMPATIBILITY_ONLY_NOT_PRODUCTION,3035.0000,2641.0000,166.2000,56,56,-0.05476112,-0.14388379,-0.04399926,-0.05476112,-166.2000,3035.0000,OK,0.0000,4.9860,3.0000,97.0000,AG03-UNRESOLVED,ALL5_LEVELS_bet23_to_bet27,4.9860,4.9860,4.9860,4.9860,4.9860,3.000000,3.000000,3.000000,3.000000,3.000000,97.000000,97.000000,97.000000,97.000000,97.000000,5.0,24.9300,23.4784,141.2700,142.7216,PENDING_AG03,FALSE,NOT_FOR_ENFORCEMENT,161.2140,2561.7700,166.2000,161.2140,4.9860,0.05476112,0.05311829,4.9860,161.2140,0.05311829,4.9860,4.9860,4.9860,4.9860,4.9860,161.2140,0.05311829,24.9300,23.4784,141.2700,142.7216,0.04654695,0.04702524,0.00164283,54.1964,47.1607,2.9679,33.2400,12.7846,607.0000,11.2000,20.4375,67.7000,21.0,30.0,47.5,109.0,185.0,393.1003,28.0,0.0,6.166668,13.103343,1.806548,7,13,7,2,0.10774300,0.05476112,0.14388379,0E-8,0.000000,0.870181,0.000000,-0.09988453,2026-03-30,2026-07-26,5,13,13,119,0.042017,0.301883,0.377100,0.359143,,,,,,,,GLOBAL_BASELINE_NO_ENTITY_RANKING,,,NOT_APPLICABLE_GLOBAL_BASELINE,HF9g-P5,,,,X 全窗基线 · 不参与实体赏罚,6871559,688,A168_HF9F_20260827_0900,2026-08-27 09:00:00
2026-07-02,140011760,1109,0,100.0000000000,0E-10,0E-10,,1,1,0.50665070000000000,0.506650700000,,,,0E-17,NO_DECISIVE_ROUND,R03b_20260811_FULL_v1,L1_ELIGIBILITY,v2026-08-11,2026-03-21..2026-08-06,baccarat_bet02_101_all_pairs_incl_sentinel,round_win = game_pnl > 0 (decisive only),COMPATIBILITY_ONLY_NOT_PRODUCTION,3035.0000,2641.0000,166.2000,56,56,-0.05476112,-0.14388379,-0.04399926,-0.05476112,-166.2000,3035.0000,OK,0.0000,4.9860,3.0000,97.0000,AG03-UNRESOLVED,ALL5_LEVELS_bet23_to_bet27,4.9860,4.9860,4.9860,4.9860,4.9860,3.000000,3.000000,3.000000,3.000000,3.000000,97.000000,97.000000,97.000000,97.000000,97.000000,5.0,24.9300,23.4784,141.2700,142.7216,PENDING_AG03,FALSE,NOT_FOR_ENFORCEMENT,161.2140,2561.7700,166.2000,161.2140,4.9860,0.05476112,0.05311829,4.9860,161.2140,0.05311829,4.9860,4.9860,4.9860,4.9860,4.9860,161.2140,0.05311829,24.9300,23.4784,141.2700,142.7216,0.04654695,0.04702524,0.00164283,54.1964,47.1607,2.9679,33.2400,12.7846,607.0000,11.2000,20.4375,67.7000,21.0,30.0,47.5,109.0,185.0,393.1003,28.0,0.0,6.166668,13.103343,1.806548,7,13,7,2,0.10774300,0.05476112,0.14388379,0E-8,0.000000,0.870181,0.000000,-0.09988453,2026-03-30,2026-07-26,5,13,13,119,0.042017,0.301883,0.377100,0.359143,,,,,,,,GLOBAL_BASELINE_NO_ENTITY_RANKING,,,NOT_APPLICABLE_GLOBAL_BASELINE,HF9g-P5,,,,X 全窗基线 · 不参与实体赏罚,6871560,688,A168_HF9F_20260827_0900,2026-08-27 09:00:00
2026-07-02,140011760,583,0,1600.0000000000,-99.2500000000,-99.2500000000,0.5555556,10,10,0.49726706000000000,0.497267060000,0.3497361977044266,0.3497361977044266,0.3497361977044266,0E-17,ELIGIBLE,R03b_20260811_FULL_v1,L1_ELIGIBILITY,v2026-08-11,2026-03-21..2026-08-06,baccarat_bet02_101_all_pairs_incl_sentinel,round_win = game_pnl > 0 (decisive only),COMPATIBILITY_ONLY_NOT_PRODUCTION,3035.0000,2641.0000,166.2000,56,56,-0.05476112,-0.14388379,-0.04399926,-0.05476112,-166.2000,3035.0000,OK,0.0000,4.9860,3.0000,97.0000,AG03-UNRESOLVED,ALL5_LEVELS_bet23_to_bet27,4.9860,4.9860,4.9860,4.9860,4.9860,3.000000,3.000000,3.000000,3.000000,3.000000,97.000000,97.000000,97.000000,97.000000,97.000000,5.0,24.9300,23.4784,141.2700,142.7216,PENDING_AG03,FALSE,NOT_FOR_ENFORCEMENT,161.2140,2561.7700,166.2000,161.2140,4.9860,0.05476112,0.05311829,4.9860,161.2140,0.05311829,4.9860,4.9860,4.9860,4.9860,4.9860,161.2140,0.05311829,24.9300,23.4784,141.2700,142.7216,0.04654695,0.04702524,0.00164283,54.1964,47.1607,2.9679,33.2400,12.7846,607.0000,11.2000,20.4375,67.7000,21.0,30.0,47.5,109.0,185.0,393.1003,28.0,0.0,6.166668,13.103343,1.806548,7,13,7,2,0.10774300,0.05476112,0.14388379,0E-8,0.000000,0.870181,0.000000,-0.09988453,2026-03-30,2026-07-26,5,13,13,119,0.042017,0.301883,0.377100,0.359143,,,,,,,,GLOBAL_BASELINE_NO_ENTITY_RANKING,,,NOT_APPLICABLE_GLOBAL_BASELINE,HF9g-P5,,,,X 全窗基线 · 不参与实体赏罚,6871561,688,A168_HF9F_20260827_0900,2026-08-27 09:00:00
2026-07-07,140011760,2127,0,273.0000000000,70.1500000000,70.1500000000,0.7142857,8,8,0.49994810000000000,0.499948100000,1.134168054123783,1.134168054123783,1.134168054123783,0E-17,ELIGIBLE,R03b_20260811_FULL_v1,L1_ELIGIBILITY,v2026-08-11,2026-03-21..2026-08-06,baccarat_bet02_101_all_pairs_incl_sentinel,round_win = game_pnl > 0 (decisive only),COMPATIBILITY_ONLY_NOT_PRODUCTION,3035.0000,2641.0000,166.2000,56,56,-0.05476112,-0.14388379,-0.04399926,-0.05476112,-166.2000,3035.0000,OK,0.0000,4.9860,3.0000,97.0000,AG03-UNRESOLVED,ALL5_LEVELS_bet23_to_bet27,4.9860,4.9860,4.9860,4.9860,4.9860,3.000000,3.000000,3.000000,3.000000,3.000000,97.000000,97.000000,97.000000,97.000000,97.000000,5.0,24.9300,23.4784,141.2700,142.7216,PENDING_AG03,FALSE,NOT_FOR_ENFORCEMENT,161.2140,2561.7700,166.2000,161.2140,4.9860,0.05476112,0.05311829,4.9860,161.2140,0.05311829,4.9860,4.9860,4.9860,4.9860,4.9860,161.2140,0.05311829,24.9300,23.4784,141.2700,142.7216,0.04654695,0.04702524,0.00164283,54.1964,47.1607,2.9679,33.2400,12.7846,607.0000,11.2000,20.4375,67.7000,21.0,30.0,47.5,109.0,185.0,393.1003,28.0,0.0,6.166668,13.103343,1.806548,7,13,7,2,0.10774300,0.05476112,0.14388379,0E-8,0.000000,0.870181,0.000000,-0.09988453,2026-03-30,2026-07-26,5,13,13,119,0.042017,0.301883,0.377100,0.359143,,,,,,,,GLOBAL_BASELINE_NO_ENTITY_RANKING,,,NOT_APPLICABLE_GLOBAL_BASELINE,HF9g-P5,,,,X 全窗基线 · 不参与实体赏罚,6871562,688,A168_HF9F_20260827_0900,2026-08-27 09:00:00
2026-07-16,140011760,2239,0,42.0000000000,-42.0000000000,-42.0000000000,0E-7,2,2,0.49324550000000000,0.493245500000,-1.3952362676504506,-1.3952362676504506,-1.3952362676504506,0E-17,ELIGIBLE,R03b_20260811_FULL_v1,L1_ELIGIBILITY,v2026-08-11,2026-03-21..2026-08-06,baccarat_bet02_101_all_pairs_incl_sentinel,round_win = game_pnl > 0 (decisive only),COMPATIBILITY_ONLY_NOT_PRODUCTION,3035.0000,2641.0000,166.2000,56,56,-0.05476112,-0.14388379,-0.04399926,-0.05476112,-166.2000,3035.0000,OK,0.0000,4.9860,3.0000,97.0000,AG03-UNRESOLVED,ALL5_LEVELS_bet23_to_bet27,4.9860,4.9860,4.9860,4.9860,4.9860,3.000000,3.000000,3.000000,3.000000,3.000000,97.000000,97.000000,97.000000,97.000000,97.000000,5.0,24.9300,23.4784,141.2700,142.7216,PENDING_AG03,FALSE,NOT_FOR_ENFORCEMENT,161.2140,2561.7700,166.2000,161.2140,4.9860,0.05476112,0.05311829,4.9860,161.2140,0.05311829,4.9860,4.9860,4.9860,4.9860,4.9860,161.2140,0.05311829,24.9300,23.4784,141.2700,142.7216,0.04654695,0.04702524,0.00164283,54.1964,47.1607,2.9679,33.2400,12.7846,607.0000,11.2000,20.4375,67.7000,21.0,30.0,47.5,109.0,185.0,393.1003,28.0,0.0,6.166668,13.103343,1.806548,7,13,7,2,0.10774300,0.05476112,0.14388379,0E-8,0.000000,0.870181,0.000000,-0.09988453,2026-03-30,2026-07-26,5,13,13,119,0.042017,0.301883,0.377100,0.359143,,,,,,,,GLOBAL_BASELINE_NO_ENTITY_RANKING,,,NOT_APPLICABLE_GLOBAL_BASELINE,HF9g-P5,,,,X 全窗基线 · 不参与实体赏罚,6871563,688,A168_HF9F_20260827_0900,2026-08-27 09:00:00
2026-07-26,140011760,1966,0,81.0000000000,0E-10,0E-10,0.5000000,4,4,0.50329940000000000,0.503299400000,-0.01319788734859681,-0.01319788734859681,-0.01319788734859681,0E-17,ELIGIBLE,R03b_20260811_FULL_v1,L1_ELIGIBILITY,v2026-08-11,2026-03-21..2026-08-06,baccarat_bet02_101_all_pairs_incl_sentinel,round_win = game_pnl > 0 (decisive only),COMPATIBILITY_ONLY_NOT_PRODUCTION,3035.0000,2641.0000,166.2000,56,56,-0.05476112,-0.14388379,-0.04399926,-0.05476112,-166.2000,3035.0000,OK,0.0000,4.9860,3.0000,97.0000,AG03-UNRESOLVED,ALL5_LEVELS_bet23_to_bet27,4.9860,4.9860,4.9860,4.9860,4.9860,3.000000,3.000000,3.000000,3.000000,3.000000,97.000000,97.000000,97.000000,97.000000,97.000000,5.0,24.9300,23.4784,141.2700,142.7216,PENDING_AG03,FALSE,NOT_FOR_ENFORCEMENT,161.2140,2561.7700,166.2000,161.2140,4.9860,0.05476112,0.05311829,4.9860,161.2140,0.05311829,4.9860,4.9860,4.9860,4.9860,4.9860,161.2140,0.05311829,24.9300,23.4784,141.2700,142.7216,0.04654695,0.04702524,0.00164283,54.1964,47.1607,2.9679,33.2400,12.7846,607.0000,11.2000,20.4375,67.7000,21.0,30.0,47.5,109.0,185.0,393.1003,28.0,0.0,6.166668,13.103343,1.806548,7,13,7,2,0.10774300,0.05476112,0.14388379,0E-8,0.000000,0.870181,0.000000,-0.09988453,2026-03-30,2026-07-26,5,13,13,119,0.042017,0.301883,0.377100,0.359143,,,,,,,,GLOBAL_BASELINE_NO_ENTITY_RANKING,,,NOT_APPLICABLE_GLOBAL_BASELINE,HF9g-P5,,,,X 全窗基线 · 不参与实体赏罚,6871564,688,A168_HF9F_20260827_0900,2026-08-27 09:00:00
2026-07-26,140011760,2129,0,60.0000000000,-1.0000000000,-1.0000000000,0.5000000,3,3,0.50665070000000000,0.506650700000,-0.018812684590367487,-0.018812684590367487,-0.018812684590367487,0E-17,ELIGIBLE,R03b_20260811_FULL_v1,L1_ELIGIBILITY,v2026-08-11,2026-03-21..2026-08-06,baccarat_bet02_101_all_pairs_incl_sentinel,round_win = game_pnl > 0 (decisive only),COMPATIBILITY_ONLY_NOT_PRODUCTION,3035.0000,2641.0000,166.2000,56,56,-0.05476112,-0.14388379,-0.04399926,-0.05476112,-166.2000,3035.0000,OK,0.0000,4.9860,3.0000,97.0000,AG03-UNRESOLVED,ALL5_LEVELS_bet23_to_bet27,4.9860,4.9860,4.9860,4.9860,4.9860,3.000000,3.000000,3.000000,3.000000,3.000000,97.000000,97.000000,97.000000,97.000000,97.000000,5.0,24.9300,23.4784,141.2700,142.7216,PENDING_AG03,FALSE,NOT_FOR_ENFORCEMENT,161.2140,2561.7700,166.2000,161.2140,4.9860,0.05476112,0.05311829,4.9860,161.2140,0.05311829,4.9860,4.9860,4.9860,4.9860,4.9860,161.2140,0.05311829,24.9300,23.4784,141.2700,142.7216,0.04654695,0.04702524,0.00164283,54.1964,47.1607,2.9679,33.2400,12.7846,607.0000,11.2000,20.4375,67.7000,21.0,30.0,47.5,109.0,185.0,393.1003,28.0,0.0,6.166668,13.103343,1.806548,7,13,7,2,0.10774300,0.05476112,0.14388379,0E-8,0.000000,0.870181,0.000000,-0.09988453,2026-03-30,2026-07-26,5,13,13,119,0.042017,0.301883,0.377100,0.359143,,,,,,,,GLOBAL_BASELINE_NO_ENTITY_RANKING,,,NOT_APPLICABLE_GLOBAL_BASELINE,HF9g-P5,,,,X 全窗基线 · 不参与实体赏罚,6871565,688,A168_HF9F_20260827_0900,2026-08-27 09:00:00
2026-07-26,140011760,2224,0,20.0000000000,-20.0000000000,-20.0000000000,0E-7,1,1,0.50665070000000000,0.506650700000,-1.013391052207602,-1.013391052207602,-1.013391052207602,0E-17,ELIGIBLE,R03b_20260811_FULL_v1,L1_ELIGIBILITY,v2026-08-11,2026-03-21..2026-08-06,baccarat_bet02_101_all_pairs_incl_sentinel,round_win = game_pnl > 0 (decisive only),COMPATIBILITY_ONLY_NOT_PRODUCTION,3035.0000,2641.0000,166.2000,56,56,-0.05476112,-0.14388379,-0.04399926,-0.05476112,-166.2000,3035.0000,OK,0.0000,4.9860,3.0000,97.0000,AG03-UNRESOLVED,ALL5_LEVELS_bet23_to_bet27,4.9860,4.9860,4.9860,4.9860,4.9860,3.000000,3.000000,3.000000,3.000000,3.000000,97.000000,97.000000,97.000000,97.000000,97.000000,5.0,24.9300,23.4784,141.2700,142.7216,PENDING_AG03,FALSE,NOT_FOR_ENFORCEMENT,161.2140,2561.7700,166.2000,161.2140,4.9860,0.05476112,0.05311829,4.9860,161.2140,0.05311829,4.9860,4.9860,4.9860,4.9860,4.9860,161.2140,0.05311829,24.9300,23.4784,141.2700,142.7216,0.04654695,0.04702524,0.00164283,54.1964,47.1607,2.9679,33.2400,12.7846,607.0000,11.2000,20.4375,67.7000,21.0,30.0,47.5,109.0,185.0,393.1003,28.0,0.0,6.166668,13.103343,1.806548,7,13,7,2,0.10774300,0.05476112,0.14388379,0E-8,0.000000,0.870181,0.000000,-0.09988453,2026-03-30,2026-07-26,5,13,13,119,0.042017,0.301883,0.377100,0.359143,,,,,,,,GLOBAL_BASELINE_NO_ENTITY_RANKING,,,NOT_APPLICABLE_GLOBAL_BASELINE,HF9g-P5,,,,X 全窗基线 · 不参与实体赏罚,6871566,688,A168_HF9F_20260827_0900,2026-08-27 09:00:00
2026-07-26,140011760,2258,0,21.0000000000,-21.0000000000,-21.0000000000,0E-7,1,1,0.50665070000000000,0.506650700000,-1.013391052207602,-1.013391052207602,-1.013391052207602,0E-17,ELIGIBLE,R03b_20260811_FULL_v1,L1_ELIGIBILITY,v2026-08-11,2026-03-21..2026-08-06,baccarat_bet02_101_all_pairs_incl_sentinel,round_win = game_pnl > 0 (decisive only),COMPATIBILITY_ONLY_NOT_PRODUCTION,3035.0000,2641.0000,166.2000,56,56,-0.05476112,-0.14388379,-0.04399926,-0.05476112,-166.2000,3035.0000,OK,0.0000,4.9860,3.0000,97.0000,AG03-UNRESOLVED,ALL5_LEVELS_bet23_to_bet27,4.9860,4.9860,4.9860,4.9860,4.9860,3.000000,3.000000,3.000000,3.000000,3.000000,97.000000,97.000000,97.000000,97.000000,97.000000,5.0,24.9300,23.4784,141.2700,142.7216,PENDING_AG03,FALSE,NOT_FOR_ENFORCEMENT,161.2140,2561.7700,166.2000,161.2140,4.9860,0.05476112,0.05311829,4.9860,161.2140,0.05311829,4.9860,4.9860,4.9860,4.9860,4.9860,161.2140,0.05311829,24.9300,23.4784,141.2700,142.7216,0.04654695,0.04702524,0.00164283,54.1964,47.1607,2.9679,33.2400,12.7846,607.0000,11.2000,20.4375,67.7000,21.0,30.0,47.5,109.0,185.0,393.1003,28.0,0.0,6.166668,13.103343,1.806548,7,13,7,2,0.10774300,0.05476112,0.14388379,0E-8,0.000000,0.870181,0.000000,-0.09988453,2026-03-30,2026-07-26,5,13,13,119,0.042017,0.301883,0.377100,0.359143,,,,,,,,GLOBAL_BASELINE_NO_ENTITY_RANKING,,,NOT_APPLICABLE_GLOBAL_BASELINE,HF9g-P5,,,,X 全窗基线 · 不参与实体赏罚,6871567,688,A168_HF9F_20260827_0900,2026-08-27 09:00:00
2026-07-26,140011760,526,0,62.0000000000,-2.0000000000,-2.0000000000,0.5000000,3,3,0.49771390000000000,0.497713900000,0.006466134837551399,0.0064661348375514,0.006466134837551399,0E-17,ELIGIBLE,R03b_20260811_FULL_v1,L1_ELIGIBILITY,v2026-08-11,2026-03-21..2026-08-06,baccarat_bet02_101_all_pairs_incl_sentinel,round_win = game_pnl > 0 (decisive only),COMPATIBILITY_ONLY_NOT_PRODUCTION,3035.0000,2641.0000,166.2000,56,56,-0.05476112,-0.14388379,-0.04399926,-0.05476112,-166.2000,3035.0000,OK,0.0000,4.9860,3.0000,97.0000,AG03-UNRESOLVED,ALL5_LEVELS_bet23_to_bet27,4.9860,4.9860,4.9860,4.9860,4.9860,3.000000,3.000000,3.000000,3.000000,3.000000,97.000000,97.000000,97.000000,97.000000,97.000000,5.0,24.9300,23.4784,141.2700,142.7216,PENDING_AG03,FALSE,NOT_FOR_ENFORCEMENT,161.2140,2561.7700,166.2000,161.2140,4.9860,0.05476112,0.05311829,4.9860,161.2140,0.05311829,4.9860,4.9860,4.9860,4.9860,4.9860,161.2140,0.05311829,24.9300,23.4784,141.2700,142.7216,0.04654695,0.04702524,0.00164283,54.1964,47.1607,2.9679,33.2400,12.7846,607.0000,11.2000,20.4375,67.7000,21.0,30.0,47.5,109.0,185.0,393.1003,28.0,0.0,6.166668,13.103343,1.806548,7,13,7,2,0.10774300,0.05476112,0.14388379,0E-8,0.000000,0.870181,0.000000,-0.09988453,2026-03-30,2026-07-26,5,13,13,119,0.042017,0.301883,0.377100,0.359143,,,,,,,,GLOBAL_BASELINE_NO_ENTITY_RANKING,,,NOT_APPLICABLE_GLOBAL_BASELINE,HF9g-P5,,,,X 全窗基线 · 不参与实体赏罚,6871568,688,A168_HF9F_20260827_0900,2026-08-27 09:00:00
2026-07-26,140011760,595,0,41.0000000000,38.9500000000,38.9500000000,1.0000000,2,2,0.50665070000000000,0.506650700000,1.3955260008387969,1.3955260008387969,1.3955260008387969,0E-17,ELIGIBLE,R03b_20260811_FULL_v1,L1_ELIGIBILITY,v2026-08-11,2026-03-21..2026-08-06,baccarat_bet02_101_all_pairs_incl_sentinel,round_win = game_pnl > 0 (decisive only),COMPATIBILITY_ONLY_NOT_PRODUCTION,3035.0000,2641.0000,166.2000,56,56,-0.05476112,-0.14388379,-0.04399926,-0.05476112,-166.2000,3035.0000,OK,0.0000,4.9860,3.0000,97.0000,AG03-UNRESOLVED,ALL5_LEVELS_bet23_to_bet27,4.9860,4.9860,4.9860,4.9860,4.9860,3.000000,3.000000,3.000000,3.000000,3.000000,97.000000,97.000000,97.000000,97.000000,97.000000,5.0,24.9300,23.4784,141.2700,142.7216,PENDING_AG03,FALSE,NOT_FOR_ENFORCEMENT,161.2140,2561.7700,166.2000,161.2140,4.9860,0.05476112,0.05311829,4.9860,161.2140,0.05311829,4.9860,4.9860,4.9860,4.9860,4.9860,161.2140,0.05311829,24.9300,23.4784,141.2700,142.7216,0.04654695,0.04702524,0.00164283,54.1964,47.1607,2.9679,33.2400,12.7846,607.0000,11.2000,20.4375,67.7000,21.0,30.0,47.5,109.0,185.0,393.1003,28.0,0.0,6.166668,13.103343,1.806548,7,13,7,2,0.10774300,0.05476112,0.14388379,0E-8,0.000000,0.870181,0.000000,-0.09988453,2026-03-30,2026-07-26,5,13,13,119,0.042017,0.301883,0.377100,0.359143,,,,,,,,GLOBAL_BASELINE_NO_ENTITY_RANKING,,,NOT_APPLICABLE_GLOBAL_BASELINE,HF9g-P5,,,,X 全窗基线 · 不参与实体赏罚,6871569,688,A168_HF9F_20260827_0900,2026-08-27 09:00:00
2026-05-04,69208397,-1,1,659.5945804012,37.2859993698,37.2859993698,0.5263158,20,20,0.49927784000000000,0.499277840000,0.2357116246471514,0.2357116246471514,0.2357116246471514,0E-17,SENTINEL_DEALER,R03b_20260811_FULL_v1,L1_ELIGIBILITY,v2026-08-11,2026-03-21..2026-08-06,baccarat_bet02_101_all_pairs_incl_sentinel,round_win = game_pnl > 0 (decisive only),COMPATIBILITY_ONLY_NOT_PRODUCTION,3155.5509,2884.5709,167.9340,100,100,-0.05321861,,-0.05321861,-0.05321861,-167.9340,3155.5509,OK,0.0000,6.7174,4.0000,96.0000,AG03-UNRESOLVED,ALL5_LEVELS_bet23_to_bet27,6.7174,6.7174,6.7174,10.0760,10.0760,4.000000,4.000000,4.000000,6.000000,6.000000,96.000000,96.000000,96.000000,94.000000,94.000000,5.0,40.3042,36.6511,127.6299,131.2829,PENDING_AG03,FALSE,NOT_FOR_ENFORCEMENT,161.2167,2769.1881,167.9340,161.2167,6.7174,0.05321861,0.05108987,6.7174,161.2167,0.05108987,6.7174,6.7174,6.7174,10.0760,10.0760,161.2167,0.05108987,40.3042,36.6511,127.6299,131.2829,0.04044615,0.0416038,0.00212874,31.5555,28.8457,1.6793,83.9670,3.5731,1577.7754,50.0000,,31.5555,25.2074,31.5093,33.3999,42.0124,42.0124,63.0186,31.5093,0.0,1.333333,2.0,1.001467,27,34,2,2,0E-8,0.05321861,,0E-8,0.000000,0.914126,0.000000,,2026-05-04,2026-05-06,2,47,38,3,0.666667,,,0.000000,,,,,,,,GLOBAL_BASELINE_NO_ENTITY_RANKING,,,NOT_APPLICABLE_GLOBAL_BASELINE,HF9g-P5,,,,X 全窗基线 · 不参与实体赏罚,6871570,688,A168_HF9F_20260827_0900,2026-08-27 09:00:00
2026-05-04,69208397,1004,0,31.5092952421,31.5092952421,31.5092952421,1.0000000,1,1,0.49324550000000000,0.493245500000,1.01360149184955,1.01360149184955,1.01360149184955,0E-17,ELIGIBLE,R03b_20260811_FULL_v1,L1_ELIGIBILITY,v2026-08-11,2026-03-21..2026-08-06,baccarat_bet02_101_all_pairs_incl_sentinel,round_win = game_pnl > 0 (decisive only),COMPATIBILITY_ONLY_NOT_PRODUCTION,3155.5509,2884.5709,167.9340,100,100,-0.05321861,,-0.05321861,-0.05321861,-167.9340,3155.5509,OK,0.0000,6.7174,4.0000,96.0000,AG03-UNRESOLVED,ALL5_LEVELS_bet23_to_bet27,6.7174,6.7174,6.7174,10.0760,10.0760,4.000000,4.000000,4.000000,6.000000,6.000000,96.000000,96.000000,96.000000,94.000000,94.000000,5.0,40.3042,36.6511,127.6299,131.2829,PENDING_AG03,FALSE,NOT_FOR_ENFORCEMENT,161.2167,2769.1881,167.9340,161.2167,6.7174,0.05321861,0.05108987,6.7174,161.2167,0.05108987,6.7174,6.7174,6.7174,10.0760,10.0760,161.2167,0.05108987,40.3042,36.6511,127.6299,131.2829,0.04044615,0.0416038,0.00212874,31.5555,28.8457,1.6793,83.9670,3.5731,1577.7754,50.0000,,31.5555,25.2074,31.5093,33.3999,42.0124,42.0124,63.0186,31.5093,0.0,1.333333,2.0,1.001467,27,34,2,2,0E-8,0.05321861,,0E-8,0.000000,0.914126,0.000000,,2026-05-04,2026-05-06,2,47,38,3,0.666667,,,0.000000,,,,,,,,GLOBAL_BASELINE_NO_ENTITY_RANKING,,,NOT_APPLICABLE_GLOBAL_BASELINE,HF9g-P5,,,,X 全窗基线 · 不参与实体赏罚,6871571,688,A168_HF9F_20260827_0900,2026-08-27 09:00:00
2026-05-04,69208397,1017,0,126.0371809684,31.5092952421,31.5092952421,0.6666667,4,4,0.49659680000000000,0.496596800000,0.5891529468324541,0.589152946832454,0.5891529468324541,0E-17,ELIGIBLE,R03b_20260811_FULL_v1,L1_ELIGIBILITY,v2026-08-11,2026-03-21..2026-08-06,baccarat_bet02_101_all_pairs_incl_sentinel,round_win = game_pnl > 0 (decisive only),COMPATIBILITY_ONLY_NOT_PRODUCTION,3155.5509,2884.5709,167.9340,100,100,-0.05321861,,-0.05321861,-0.05321861,-167.9340,3155.5509,OK,0.0000,6.7174,4.0000,96.0000,AG03-UNRESOLVED,ALL5_LEVELS_bet23_to_bet27,6.7174,6.7174,6.7174,10.0760,10.0760,4.000000,4.000000,4.000000,6.000000,6.000000,96.000000,96.000000,96.000000,94.000000,94.000000,5.0,40.3042,36.6511,127.6299,131.2829,PENDING_AG03,FALSE,NOT_FOR_ENFORCEMENT,161.2167,2769.1881,167.9340,161.2167,6.7174,0.05321861,0.05108987,6.7174,161.2167,0.05108987,6.7174,6.7174,6.7174,10.0760,10.0760,161.2167,0.05108987,40.3042,36.6511,127.6299,131.2829,0.04044615,0.0416038,0.00212874,31.5555,28.8457,1.6793,83.9670,3.5731,1577.7754,50.0000,,31.5555,25.2074,31.5093,33.3999,42.0124,42.0124,63.0186,31.5093,0.0,1.333333,2.0,1.001467,27,34,2,2,0E-8,0.05321861,,0E-8,0.000000,0.914126,0.000000,,2026-05-04,2026-05-06,2,47,38,3,0.666667,,,0.000000,,,,,,,,GLOBAL_BASELINE_NO_ENTITY_RANKING,,,NOT_APPLICABLE_GLOBAL_BASELINE,HF9g-P5,,,,X 全窗基线 · 不参与实体赏罚,6871572,688,A168_HF9F_20260827_0900,2026-08-27 09:00:00
2026-05-04,69208397,1109,0,126.0371809683,-126.0371809683,-126.0371809683,0E-7,3,3,0.50218230000000000,0.502182300000,-1.7396270863184011,-1.7396270863184016,-1.7396270863184011,0E-17,ELIGIBLE,R03b_20260811_FULL_v1,L1_ELIGIBILITY,v2026-08-11,2026-03-21..2026-08-06,baccarat_bet02_101_all_pairs_incl_sentinel,round_win = game_pnl > 0 (decisive only),COMPATIBILITY_ONLY_NOT_PRODUCTION,3155.5509,2884.5709,167.9340,100,100,-0.05321861,,-0.05321861,-0.05321861,-167.9340,3155.5509,OK,0.0000,6.7174,4.0000,96.0000,AG03-UNRESOLVED,ALL5_LEVELS_bet23_to_bet27,6.7174,6.7174,6.7174,10.0760,10.0760,4.000000,4.000000,4.000000,6.000000,6.000000,96.000000,96.000000,96.000000,94.000000,94.000000,5.0,40.3042,36.6511,127.6299,131.2829,PENDING_AG03,FALSE,NOT_FOR_ENFORCEMENT,161.2167,2769.1881,167.9340,161.2167,6.7174,0.05321861,0.05108987,6.7174,161.2167,0.05108987,6.7174,6.7174,6.7174,10.0760,10.0760,161.2167,0.05108987,40.3042,36.6511,127.6299,131.2829,0.04044615,0.0416038,0.00212874,31.5555,28.8457,1.6793,83.9670,3.5731,1577.7754,50.0000,,31.5555,25.2074,31.5093,33.3999,42.0124,42.0124,63.0186,31.5093,0.0,1.333333,2.0,1.001467,27,34,2,2,0E-8,0.05321861,,0E-8,0.000000,0.914126,0.000000,,2026-05-04,2026-05-06,2,47,38,3,0.666667,,,0.000000,,,,,,,,GLOBAL_BASELINE_NO_ENTITY_RANKING,,,NOT_APPLICABLE_GLOBAL_BASELINE,HF9g-P5,,,,X 全窗基线 · 不参与实体赏罚,6871573,688,A168_HF9F_20260827_0900,2026-08-27 09:00:00
2026-05-04,69208397,1221,0,63.0185904842,-31.5092952421,-31.5092952421,0E-7,2,2,0.49324550000000000,0.493245500000,-0.9865810262130424,-0.9865810262130424,-0.9865810262130424,0E-17,ELIGIBLE,R03b_20260811_FULL_v1,L1_ELIGIBILITY,v2026-08-11,2026-03-21..2026-08-06,baccarat_bet02_101_all_pairs_incl_sentinel,round_win = game_pnl > 0 (decisive only),COMPATIBILITY_ONLY_NOT_PRODUCTION,3155.5509,2884.5709,167.9340,100,100,-0.05321861,,-0.05321861,-0.05321861,-167.9340,3155.5509,OK,0.0000,6.7174,4.0000,96.0000,AG03-UNRESOLVED,ALL5_LEVELS_bet23_to_bet27,6.7174,6.7174,6.7174,10.0760,10.0760,4.000000,4.000000,4.000000,6.000000,6.000000,96.000000,96.000000,96.000000,94.000000,94.000000,5.0,40.3042,36.6511,127.6299,131.2829,PENDING_AG03,FALSE,NOT_FOR_ENFORCEMENT,161.2167,2769.1881,167.9340,161.2167,6.7174,0.05321861,0.05108987,6.7174,161.2167,0.05108987,6.7174,6.7174,6.7174,10.0760,10.0760,161.2167,0.05108987,40.3042,36.6511,127.6299,131.2829,0.04044615,0.0416038,0.00212874,31.5555,28.8457,1.6793,83.9670,3.5731,1577.7754,50.0000,,31.5555,25.2074,31.5093,33.3999,42.0124,42.0124,63.0186,31.5093,0.0,1.333333,2.0,1.001467,27,34,2,2,0E-8,0.05321861,,0E-8,0.000000,0.914126,0.000000,,2026-05-04,2026-05-06,2,47,38,3,0.666667,,,0.000000,,,,,,,,GLOBAL_BASELINE_NO_ENTITY_RANKING,,,NOT_APPLICABLE_GLOBAL_BASELINE,HF9g-P5,,,,X 全窗基线 · 不参与实体赏罚,6871574,688,A168_HF9F_20260827_0900,2026-08-27 09:00:00
2026-05-04,69208397,1318,0,21.0061968281,-21.0061968281,-21.0061968281,0E-7,1,1,0.50665070000000000,0.506650700000,-1.013391052207602,-1.013391052207602,-1.013391052207602,0E-17,ELIGIBLE,R03b_20260811_FULL_v1,L1_ELIGIBILITY,v2026-08-11,2026-03-21..2026-08-06,baccarat_bet02_101_all_pairs_incl_sentinel,round_win = game_pnl > 0 (decisive only),COMPATIBILITY_ONLY_NOT_PRODUCTION,3155.5509,2884.5709,167.9340,100,100,-0.05321861,,-0.05321861,-0.05321861,-167.9340,3155.5509,OK,0.0000,6.7174,4.0000,96.0000,AG03-UNRESOLVED,ALL5_LEVELS_bet23_to_bet27,6.7174,6.7174,6.7174,10.0760,10.0760,4.000000,4.000000,4.000000,6.000000,6.000000,96.000000,96.000000,96.000000,94.000000,94.000000,5.0,40.3042,36.6511,127.6299,131.2829,PENDING_AG03,FALSE,NOT_FOR_ENFORCEMENT,161.2167,2769.1881,167.9340,161.2167,6.7174,0.05321861,0.05108987,6.7174,161.2167,0.05108987,6.7174,6.7174,6.7174,10.0760,10.0760,161.2167,0.05108987,40.3042,36.6511,127.6299,131.2829,0.04044615,0.0416038,0.00212874,31.5555,28.8457,1.6793,83.9670,3.5731,1577.7754,50.0000,,31.5555,25.2074,31.5093,33.3999,42.0124,42.0124,63.0186,31.5093,0.0,1.333333,2.0,1.001467,27,34,2,2,0E-8,0.05321861,,0E-8,0.000000,0.914126,0.000000,,2026-05-04,2026-05-06,2,47,38,3,0.666667,,,0.000000,,,,,,,,GLOBAL_BASELINE_NO_ENTITY_RANKING,,,NOT_APPLICABLE_GLOBAL_BASELINE,HF9g-P5,,,,X 全窗基线 · 不参与实体赏罚,6871575,688,A168_HF9F_20260827_0900,2026-08-27 09:00:00
2026-05-04,69208397,1325,0,105.0309841403,-105.0309841403,-105.0309841403,0E-7,2,2,0.49994810000000000,0.499948100000,-1.4140667746232096,-1.4140667746232096,-1.4140667746232096,0E-17,ELIGIBLE,R03b_20260811_FULL_v1,L1_ELIGIBILITY,v2026-08-11,2026-03-21..2026-08-06,baccarat_bet02_101_all_pairs_incl_sentinel,round_win = game_pnl > 0 (decisive only),COMPATIBILITY_ONLY_NOT_PRODUCTION,3155.5509,2884.5709,167.9340,100,100,-0.05321861,,-0.05321861,-0.05321861,-167.9340,3155.5509,OK,0.0000,6.7174,4.0000,96.0000,AG03-UNRESOLVED,ALL5_LEVELS_bet23_to_bet27,6.7174,6.7174,6.7174,10.0760,10.0760,4.000000,4.000000,4.000000,6.000000,6.000000,96.000000,96.000000,96.000000,94.000000,94.000000,5.0,40.3042,36.6511,127.6299,131.2829,PENDING_AG03,FALSE,NOT_FOR_ENFORCEMENT,161.2167,2769.1881,167.9340,161.2167,6.7174,0.05321861,0.05108987,6.7174,161.2167,0.05108987,6.7174,6.7174,6.7174,10.0760,10.0760,161.2167,0.05108987,40.3042,36.6511,127.6299,131.2829,0.04044615,0.0416038,0.00212874,31.5555,28.8457,1.6793,83.9670,3.5731,1577.7754,50.0000,,31.5555,25.2074,31.5093,33.3999,42.0124,42.0124,63.0186,31.5093,0.0,1.333333,2.0,1.001467,27,34,2,2,0E-8,0.05321861,,0E-8,0.000000,0.914126,0.000000,,2026-05-04,2026-05-06,2,47,38,3,0.666667,,,0.000000,,,,,,,,GLOBAL_BASELINE_NO_ENTITY_RANKING,,,NOT_APPLICABLE_GLOBAL_BASELINE,HF9g-P5,,,,X 全窗基线 · 不参与实体赏罚,6871576,688,A168_HF9F_20260827_0900,2026-08-27 09:00:00
2026-05-04,69208397,1402,0,159.2269719567,14.0741518749,14.0741518749,0.6000000,5,5,0.49860758000000000,0.498607580000,0.4534424453485946,0.4534424453485946,0.4534424453485946,0E-17,ELIGIBLE,R03b_20260811_FULL_v1,L1_ELIGIBILITY,v2026-08-11,2026-03-21..2026-08-06,baccarat_bet02_101_all_pairs_incl_sentinel,round_win = game_pnl > 0 (decisive only),COMPATIBILITY_ONLY_NOT_PRODUCTION,3155.5509,2884.5709,167.9340,100,100,-0.05321861,,-0.05321861,-0.05321861,-167.9340,3155.5509,OK,0.0000,6.7174,4.0000,96.0000,AG03-UNRESOLVED,ALL5_LEVELS_bet23_to_bet27,6.7174,6.7174,6.7174,10.0760,10.0760,4.000000,4.000000,4.000000,6.000000,6.000000,96.000000,96.000000,96.000000,94.000000,94.000000,5.0,40.3042,36.6511,127.6299,131.2829,PENDING_AG03,FALSE,NOT_FOR_ENFORCEMENT,161.2167,2769.1881,167.9340,161.2167,6.7174,0.05321861,0.05108987,6.7174,161.2167,0.05108987,6.7174,6.7174,6.7174,10.0760,10.0760,161.2167,0.05108987,40.3042,36.6511,127.6299,131.2829,0.04044615,0.0416038,0.00212874,31.5555,28.8457,1.6793,83.9670,3.5731,1577.7754,50.0000,,31.5555,25.2074,31.5093,33.3999,42.0124,42.0124,63.0186,31.5093,0.0,1.333333,2.0,1.001467,27,34,2,2,0E-8,0.05321861,,0E-8,0.000000,0.914126,0.000000,,2026-05-04,2026-05-06,2,47,38,3,0.666667,,,0.000000,,,,,,,,GLOBAL_BASELINE_NO_ENTITY_RANKING,,,NOT_APPLICABLE_GLOBAL_BASELINE,HF9g-P5,,,,X 全窗基线 · 不参与实体赏罚,6871577,688,A168_HF9F_20260827_0900,2026-08-27 09:00:00
2026-05-04,69208397,1485,0,36.7608444491,-36.7608444491,-36.7608444491,0E-7,1,1,0.49324550000000000,0.493245500000,-0.9865810262130424,-0.9865810262130424,-0.9865810262130424,0E-17,ELIGIBLE,R03b_20260811_FULL_v1,L1_ELIGIBILITY,v2026-08-11,2026-03-21..2026-08-06,baccarat_bet02_101_all_pairs_incl_sentinel,round_win = game_pnl > 0 (decisive only),COMPATIBILITY_ONLY_NOT_PRODUCTION,3155.5509,2884.5709,167.9340,100,100,-0.05321861,,-0.05321861,-0.05321861,-167.9340,3155.5509,OK,0.0000,6.7174,4.0000,96.0000,AG03-UNRESOLVED,ALL5_LEVELS_bet23_to_bet27,6.7174,6.7174,6.7174,10.0760,10.0760,4.000000,4.000000,4.000000,6.000000,6.000000,96.000000,96.000000,96.000000,94.000000,94.000000,5.0,40.3042,36.6511,127.6299,131.2829,PENDING_AG03,FALSE,NOT_FOR_ENFORCEMENT,161.2167,2769.1881,167.9340,161.2167,6.7174,0.05321861,0.05108987,6.7174,161.2167,0.05108987,6.7174,6.7174,6.7174,10.0760,10.0760,161.2167,0.05108987,40.3042,36.6511,127.6299,131.2829,0.04044615,0.0416038,0.00212874,31.5555,28.8457,1.6793,83.9670,3.5731,1577.7754,50.0000,,31.5555,25.2074,31.5093,33.3999,42.0124,42.0124,63.0186,31.5093,0.0,1.333333,2.0,1.001467,27,34,2,2,0E-8,0.05321861,,0E-8,0.000000,0.914126,0.000000,,2026-05-04,2026-05-06,2,47,38,3,0.666667,,,0.000000,,,,,,,,GLOBAL_BASELINE_NO_ENTITY_RANKING,,,NOT_APPLICABLE_GLOBAL_BASELINE,HF9g-P5,,,,X 全窗基线 · 不参与实体赏罚,6871578,688,A168_HF9F_20260827_0900,2026-08-27 09:00:00
2026-05-04,69208397,1505,0,31.5092952421,29.9338304800,29.9338304800,1.0000000,1,1,0.50665070000000000,0.506650700000,0.9867858985152569,0.9867858985152569,0.9867858985152569,0E-17,ELIGIBLE,R03b_20260811_FULL_v1,L1_ELIGIBILITY,v2026-08-11,2026-03-21..2026-08-06,baccarat_bet02_101_all_pairs_incl_sentinel,round_win = game_pnl > 0 (decisive only),COMPATIBILITY_ONLY_NOT_PRODUCTION,3155.5509,2884.5709,167.9340,100,100,-0.05321861,,-0.05321861,-0.05321861,-167.9340,3155.5509,OK,0.0000,6.7174,4.0000,96.0000,AG03-UNRESOLVED,ALL5_LEVELS_bet23_to_bet27,6.7174,6.7174,6.7174,10.0760,10.0760,4.000000,4.000000,4.000000,6.000000,6.000000,96.000000,96.000000,96.000000,94.000000,94.000000,5.0,40.3042,36.6511,127.6299,131.2829,PENDING_AG03,FALSE,NOT_FOR_ENFORCEMENT,161.2167,2769.1881,167.9340,161.2167,6.7174,0.05321861,0.05108987,6.7174,161.2167,0.05108987,6.7174,6.7174,6.7174,10.0760,10.0760,161.2167,0.05108987,40.3042,36.6511,127.6299,131.2829,0.04044615,0.0416038,0.00212874,31.5555,28.8457,1.6793,83.9670,3.5731,1577.7754,50.0000,,31.5555,25.2074,31.5093,33.3999,42.0124,42.0124,63.0186,31.5093,0.0,1.333333,2.0,1.001467,27,34,2,2,0E-8,0.05321861,,0E-8,0.000000,0.914126,0.000000,,2026-05-04,2026-05-06,2,47,38,3,0.666667,,,0.000000,,,,,,,,GLOBAL_BASELINE_NO_ENTITY_RANKING,,,NOT_APPLICABLE_GLOBAL_BASELINE,HF9g-P5,,,,X 全窗基线 · 不参与实体赏罚,6871579,688,A168_HF9F_20260827_0900,2026-08-27 09:00:00
2026-05-04,69208397,1963,0,73.5216888982,-42.0123936561,-42.0123936561,0E-7,2,2,0.49994810000000000,0.499948100000,-0.9998962053866608,-0.9998962053866608,-0.9998962053866608,0E-17,ELIGIBLE,R03b_20260811_FULL_v1,L1_ELIGIBILITY,v2026-08-11,2026-03-21..2026-08-06,baccarat_bet02_101_all_pairs_incl_sentinel,round_win = game_pnl > 0 (decisive only),COMPATIBILITY_ONLY_NOT_PRODUCTION,3155.5509,2884.5709,167.9340,100,100,-0.05321861,,-0.05321861,-0.05321861,-167.9340,3155.5509,OK,0.0000,6.7174,4.0000,96.0000,AG03-UNRESOLVED,ALL5_LEVELS_bet23_to_bet27,6.7174,6.7174,6.7174,10.0760,10.0760,4.000000,4.000000,4.000000,6.000000,6.000000,96.000000,96.000000,96.000000,94.000000,94.000000,5.0,40.3042,36.6511,127.6299,131.2829,PENDING_AG03,FALSE,NOT_FOR_ENFORCEMENT,161.2167,2769.1881,167.9340,161.2167,6.7174,0.05321861,0.05108987,6.7174,161.2167,0.05108987,6.7174,6.7174,6.7174,10.0760,10.0760,161.2167,0.05108987,40.3042,36.6511,127.6299,131.2829,0.04044615,0.0416038,0.00212874,31.5555,28.8457,1.6793,83.9670,3.5731,1577.7754,50.0000,,31.5555,25.2074,31.5093,33.3999,42.0124,42.0124,63.0186,31.5093,0.0,1.333333,2.0,1.001467,27,34,2,2,0E-8,0.05321861,,0E-8,0.000000,0.914126,0.000000,,2026-05-04,2026-05-06,2,47,38,3,0.666667,,,0.000000,,,,,,,,GLOBAL_BASELINE_NO_ENTITY_RANKING,,,NOT_APPLICABLE_GLOBAL_BASELINE,HF9g-P5,,,,X 全窗基线 · 不参与实体赏罚,6871580,688,A168_HF9F_20260827_0900,2026-08-27 09:00:00
2026-05-04,69208397,1985,0,214.2632076463,30.2489234324,30.2489234324,0.5714286,7,7,0.49707555714285714,0.497075557143,0.39344589990031587,0.3934458998995593,0.39344589990031587,-1.4286E-13,ELIGIBLE,R03b_20260811_FULL_v1,L1_ELIGIBILITY,v2026-08-11,2026-03-21..2026-08-06,baccarat_bet02_101_all_pairs_incl_sentinel,round_win = game_pnl > 0 (decisive only),COMPATIBILITY_ONLY_NOT_PRODUCTION,3155.5509,2884.5709,167.9340,100,100,-0.05321861,,-0.05321861,-0.05321861,-167.9340,3155.5509,OK,0.0000,6.7174,4.0000,96.0000,AG03-UNRESOLVED,ALL5_LEVELS_bet23_to_bet27,6.7174,6.7174,6.7174,10.0760,10.0760,4.000000,4.000000,4.000000,6.000000,6.000000,96.000000,96.000000,96.000000,94.000000,94.000000,5.0,40.3042,36.6511,127.6299,131.2829,PENDING_AG03,FALSE,NOT_FOR_ENFORCEMENT,161.2167,2769.1881,167.9340,161.2167,6.7174,0.05321861,0.05108987,6.7174,161.2167,0.05108987,6.7174,6.7174,6.7174,10.0760,10.0760,161.2167,0.05108987,40.3042,36.6511,127.6299,131.2829,0.04044615,0.0416038,0.00212874,31.5555,28.8457,1.6793,83.9670,3.5731,1577.7754,50.0000,,31.5555,25.2074,31.5093,33.3999,42.0124,42.0124,63.0186,31.5093,0.0,1.333333,2.0,1.001467,27,34,2,2,0E-8,0.05321861,,0E-8,0.000000,0.914126,0.000000,,2026-05-04,2026-05-06,2,47,38,3,0.666667,,,0.000000,,,,,,,,GLOBAL_BASELINE_NO_ENTITY_RANKING,,,NOT_APPLICABLE_GLOBAL_BASELINE,HF9g-P5,,,,X 全窗基线 · 不参与实体赏罚,6871581,688,A168_HF9F_20260827_0900,2026-08-27 09:00:00
2026-05-04,69208397,2080,0,73.5216888982,-73.5216888982,-73.5216888982,0E-7,2,2,0.49994810000000000,0.499948100000,-1.4140667746232096,-1.4140667746232096,-1.4140667746232096,0E-17,ELIGIBLE,R03b_20260811_FULL_v1,L1_ELIGIBILITY,v2026-08-11,2026-03-21..2026-08-06,baccarat_bet02_101_all_pairs_incl_sentinel,round_win = game_pnl > 0 (decisive only),COMPATIBILITY_ONLY_NOT_PRODUCTION,3155.5509,2884.5709,167.9340,100,100,-0.05321861,,-0.05321861,-0.05321861,-167.9340,3155.5509,OK,0.0000,6.7174,4.0000,96.0000,AG03-UNRESOLVED,ALL5_LEVELS_bet23_to_bet27,6.7174,6.7174,6.7174,10.0760,10.0760,4.000000,4.000000,4.000000,6.000000,6.000000,96.000000,96.000000,96.000000,94.000000,94.000000,5.0,40.3042,36.6511,127.6299,131.2829,PENDING_AG03,FALSE,NOT_FOR_ENFORCEMENT,161.2167,2769.1881,167.9340,161.2167,6.7174,0.05321861,0.05108987,6.7174,161.2167,0.05108987,6.7174,6.7174,6.7174,10.0760,10.0760,161.2167,0.05108987,40.3042,36.6511,127.6299,131.2829,0.04044615,0.0416038,0.00212874,31.5555,28.8457,1.6793,83.9670,3.5731,1577.7754,50.0000,,31.5555,25.2074,31.5093,33.3999,42.0124,42.0124,63.0186,31.5093,0.0,1.333333,2.0,1.001467,27,34,2,2,0E-8,0.05321861,,0E-8,0.000000,0.914126,0.000000,,2026-05-04,2026-05-06,2,47,38,3,0.666667,,,0.000000,,,,,,,,GLOBAL_BASELINE_NO_ENTITY_RANKING,,,NOT_APPLICABLE_GLOBAL_BASELINE,HF9g-P5,,,,X 全窗基线 · 不参与实体赏罚,6871582,688,A168_HF9F_20260827_0900,2026-08-27 09:00:00
2026-05-04,69208397,2106,0,105.0309841403,17.8552673039,17.8552673039,0.5000000,2,2,0.50665070000000000,0.506650700000,-0.018812684590367487,-0.018812684590367487,-0.018812684590367487,0E-17,ELIGIBLE,R03b_20260811_FULL_v1,L1_ELIGIBILITY,v2026-08-11,2026-03-21..2026-08-06,baccarat_bet02_101_all_pairs_incl_sentinel,round_win = game_pnl > 0 (decisive only),COMPATIBILITY_ONLY_NOT_PRODUCTION,3155.5509,2884.5709,167.9340,100,100,-0.05321861,,-0.05321861,-0.05321861,-167.9340,3155.5509,OK,0.0000,6.7174,4.0000,96.0000,AG03-UNRESOLVED,ALL5_LEVELS_bet23_to_bet27,6.7174,6.7174,6.7174,10.0760,10.0760,4.000000,4.000000,4.000000,6.000000,6.000000,96.000000,96.000000,96.000000,94.000000,94.000000,5.0,40.3042,36.6511,127.6299,131.2829,PENDING_AG03,FALSE,NOT_FOR_ENFORCEMENT,161.2167,2769.1881,167.9340,161.2167,6.7174,0.05321861,0.05108987,6.7174,161.2167,0.05108987,6.7174,6.7174,6.7174,10.0760,10.0760,161.2167,0.05108987,40.3042,36.6511,127.6299,131.2829,0.04044615,0.0416038,0.00212874,31.5555,28.8457,1.6793,83.9670,3.5731,1577.7754,50.0000,,31.5555,25.2074,31.5093,33.3999,42.0124,42.0124,63.0186,31.5093,0.0,1.333333,2.0,1.001467,27,34,2,2,0E-8,0.05321861,,0E-8,0.000000,0.914126,0.000000,,2026-05-04,2026-05-06,2,47,38,3,0.666667,,,0.000000,,,,,,,,GLOBAL_BASELINE_NO_ENTITY_RANKING,,,NOT_APPLICABLE_GLOBAL_BASELINE,HF9g-P5,,,,X 全窗基线 · 不参与实体赏罚,6871583,688,A168_HF9F_20260827_0900,2026-08-27 09:00:00
2026-05-04,69208397,2145,0,63.0185904842,0E-10,0E-10,0.5000000,2,2,0.49994810000000000,0.499948100000,0.00014679536856514622,0.00014679536856514622,0.00014679536856514622,0E-17,ELIGIBLE,R03b_20260811_FULL_v1,L1_ELIGIBILITY,v2026-08-11,2026-03-21..2026-08-06,baccarat_bet02_101_all_pairs_incl_sentinel,round_win = game_pnl > 0 (decisive only),COMPATIBILITY_ONLY_NOT_PRODUCTION,3155.5509,2884.5709,167.9340,100,100,-0.05321861,,-0.05321861,-0.05321861,-167.9340,3155.5509,OK,0.0000,6.7174,4.0000,96.0000,AG03-UNRESOLVED,ALL5_LEVELS_bet23_to_bet27,6.7174,6.7174,6.7174,10.0760,10.0760,4.000000,4.000000,4.000000,6.000000,6.000000,96.000000,96.000000,96.000000,94.000000,94.000000,5.0,40.3042,36.6511,127.6299,131.2829,PENDING_AG03,FALSE,NOT_FOR_ENFORCEMENT,161.2167,2769.1881,167.9340,161.2167,6.7174,0.05321861,0.05108987,6.7174,161.2167,0.05108987,6.7174,6.7174,6.7174,10.0760,10.0760,161.2167,0.05108987,40.3042,36.6511,127.6299,131.2829,0.04044615,0.0416038,0.00212874,31.5555,28.8457,1.6793,83.9670,3.5731,1577.7754,50.0000,,31.5555,25.2074,31.5093,33.3999,42.0124,42.0124,63.0186,31.5093,0.0,1.333333,2.0,1.001467,27,34,2,2,0E-8,0.05321861,,0E-8,0.000000,0.914126,0.000000,,2026-05-04,2026-05-06,2,47,38,3,0.666667,,,0.000000,,,,,,,,GLOBAL_BASELINE_NO_ENTITY_RANKING,,,NOT_APPLICABLE_GLOBAL_BASELINE,HF9g-P5,,,,X 全窗基线 · 不参与实体赏罚,6871584,688,A168_HF9F_20260827_0900,2026-08-27 09:00:00
2026-05-04,69208397,2152,0,191.1563911354,59.8676609600,59.8676609600,0.7500000,6,6,0.49771390000000000,0.497713900000,1.0091549482537034,1.0091549482537037,1.0091549482537034,0E-17,ELIGIBLE,R03b_20260811_FULL_v1,L1_ELIGIBILITY,v2026-08-11,2026-03-21..2026-08-06,baccarat_bet02_101_all_pairs_incl_sentinel,round_win = game_pnl > 0 (decisive only),COMPATIBILITY_ONLY_NOT_PRODUCTION,3155.5509,2884.5709,167.9340,100,100,-0.05321861,,-0.05321861,-0.05321861,-167.9340,3155.5509,OK,0.0000,6.7174,4.0000,96.0000,AG03-UNRESOLVED,ALL5_LEVELS_bet23_to_bet27,6.7174,6.7174,6.7174,10.0760,10.0760,4.000000,4.000000,4.000000,6.000000,6.000000,96.000000,96.000000,96.000000,94.000000,94.000000,5.0,40.3042,36.6511,127.6299,131.2829,PENDING_AG03,FALSE,NOT_FOR_ENFORCEMENT,161.2167,2769.1881,167.9340,161.2167,6.7174,0.05321861,0.05108987,6.7174,161.2167,0.05108987,6.7174,6.7174,6.7174,10.0760,10.0760,161.2167,0.05108987,40.3042,36.6511,127.6299,131.2829,0.04044615,0.0416038,0.00212874,31.5555,28.8457,1.6793,83.9670,3.5731,1577.7754,50.0000,,31.5555,25.2074,31.5093,33.3999,42.0124,42.0124,63.0186,31.5093,0.0,1.333333,2.0,1.001467,27,34,2,2,0E-8,0.05321861,,0E-8,0.000000,0.914126,0.000000,,2026-05-04,2026-05-06,2,47,38,3,0.666667,,,0.000000,,,,,,,,GLOBAL_BASELINE_NO_ENTITY_RANKING,,,NOT_APPLICABLE_GLOBAL_BASELINE,HF9g-P5,,,,X 全窗基线 · 不参与实体赏罚,6871585,688,A168_HF9F_20260827_0900,2026-08-27 09:00:00
2026-05-04,69208397,2201,0,63.0185904842,0E-10,0E-10,0.5000000,2,2,0.49994810000000000,0.499948100000,0.00014679536856514622,0.00014679536856514622,0.00014679536856514622,0E-17,ELIGIBLE,R03b_20260811_FULL_v1,L1_ELIGIBILITY,v2026-08-11,2026-03-21..2026-08-06,baccarat_bet02_101_all_pairs_incl_sentinel,round_win = game_pnl > 0 (decisive only),COMPATIBILITY_ONLY_NOT_PRODUCTION,3155.5509,2884.5709,167.9340,100,100,-0.05321861,,-0.05321861,-0.05321861,-167.9340,3155.5509,OK,0.0000,6.7174,4.0000,96.0000,AG03-UNRESOLVED,ALL5_LEVELS_bet23_to_bet27,6.7174,6.7174,6.7174,10.0760,10.0760,4.000000,4.000000,4.000000,6.000000,6.000000,96.000000,96.000000,96.000000,94.000000,94.000000,5.0,40.3042,36.6511,127.6299,131.2829,PENDING_AG03,FALSE,NOT_FOR_ENFORCEMENT,161.2167,2769.1881,167.9340,161.2167,6.7174,0.05321861,0.05108987,6.7174,161.2167,0.05108987,6.7174,6.7174,6.7174,10.0760,10.0760,161.2167,0.05108987,40.3042,36.6511,127.6299,131.2829,0.04044615,0.0416038,0.00212874,31.5555,28.8457,1.6793,83.9670,3.5731,1577.7754,50.0000,,31.5555,25.2074,31.5093,33.3999,42.0124,42.0124,63.0186,31.5093,0.0,1.333333,2.0,1.001467,27,34,2,2,0E-8,0.05321861,,0E-8,0.000000,0.914126,0.000000,,2026-05-04,2026-05-06,2,47,38,3,0.666667,,,0.000000,,,,,,,,GLOBAL_BASELINE_NO_ENTITY_RANKING,,,NOT_APPLICABLE_GLOBAL_BASELINE,HF9g-P5,,,,X 全窗基线 · 不参与实体赏罚,6871586,688,A168_HF9F_20260827_0900,2026-08-27 09:00:00
2026-05-04,69208397,2216,0,84.0247873122,0E-10,0E-10,0.5000000,2,2,0.49324550000000000,0.493245500000,0.01910635448239258,0.01910635448239258,0.01910635448239258,0E-17,ELIGIBLE,R03b_20260811_FULL_v1,L1_ELIGIBILITY,v2026-08-11,2026-03-21..2026-08-06,baccarat_bet02_101_all_pairs_incl_sentinel,round_win = game_pnl > 0 (decisive only),COMPATIBILITY_ONLY_NOT_PRODUCTION,3155.5509,2884.5709,167.9340,100,100,-0.05321861,,-0.05321861,-0.05321861,-167.9340,3155.5509,OK,0.0000,6.7174,4.0000,96.0000,AG03-UNRESOLVED,ALL5_LEVELS_bet23_to_bet27,6.7174,6.7174,6.7174,10.0760,10.0760,4.000000,4.000000,4.000000,6.000000,6.000000,96.000000,96.000000,96.000000,94.000000,94.000000,5.0,40.3042,36.6511,127.6299,131.2829,PENDING_AG03,FALSE,NOT_FOR_ENFORCEMENT,161.2167,2769.1881,167.9340,161.2167,6.7174,0.05321861,0.05108987,6.7174,161.2167,0.05108987,6.7174,6.7174,6.7174,10.0760,10.0760,161.2167,0.05108987,40.3042,36.6511,127.6299,131.2829,0.04044615,0.0416038,0.00212874,31.5555,28.8457,1.6793,83.9670,3.5731,1577.7754,50.0000,,31.5555,25.2074,31.5093,33.3999,42.0124,42.0124,63.0186,31.5093,0.0,1.333333,2.0,1.001467,27,34,2,2,0E-8,0.05321861,,0E-8,0.000000,0.914126,0.000000,,2026-05-04,2026-05-06,2,47,38,3,0.666667,,,0.000000,,,,,,,,GLOBAL_BASELINE_NO_ENTITY_RANKING,,,NOT_APPLICABLE_GLOBAL_BASELINE,HF9g-P5,,,,X 全窗基线 · 不参与实体赏罚,6871587,688,A168_HF9F_20260827_0900,2026-08-27 09:00:00
2026-05-04,69208397,2222,0,94.5278857263,-31.5092952421,-31.5092952421,0.3333333,3,3,0.50218230000000000,0.502182300000,-0.5849155494134425,-0.5849155494134426,-0.5849155494134425,0E-17,ELIGIBLE,R03b_20260811_FULL_v1,L1_ELIGIBILITY,v2026-08-11,2026-03-21..2026-08-06,baccarat_bet02_101_all_pairs_incl_sentinel,round_win = game_pnl > 0 (decisive only),COMPATIBILITY_ONLY_NOT_PRODUCTION,3155.5509,2884.5709,167.9340,100,100,-0.05321861,,-0.05321861,-0.05321861,-167.9340,3155.5509,OK,0.0000,6.7174,4.0000,96.0000,AG03-UNRESOLVED,ALL5_LEVELS_bet23_to_bet27,6.7174,6.7174,6.7174,10.0760,10.0760,4.000000,4.000000,4.000000,6.000000,6.000000,96.000000,96.000000,96.000000,94.000000,94.000000,5.0,40.3042,36.6511,127.6299,131.2829,PENDING_AG03,FALSE,NOT_FOR_ENFORCEMENT,161.2167,2769.1881,167.9340,161.2167,6.7174,0.05321861,0.05108987,6.7174,161.2167,0.05108987,6.7174,6.7174,6.7174,10.0760,10.0760,161.2167,0.05108987,40.3042,36.6511,127.6299,131.2829,0.04044615,0.0416038,0.00212874,31.5555,28.8457,1.6793,83.9670,3.5731,1577.7754,50.0000,,31.5555,25.2074,31.5093,33.3999,42.0124,42.0124,63.0186,31.5093,0.0,1.333333,2.0,1.001467,27,34,2,2,0E-8,0.05321861,,0E-8,0.000000,0.914126,0.000000,,2026-05-04,2026-05-06,2,47,38,3,0.666667,,,0.000000,,,,,,,,GLOBAL_BASELINE_NO_ENTITY_RANKING,,,NOT_APPLICABLE_GLOBAL_BASELINE,HF9g-P5,,,,X 全窗基线 · 不参与实体赏罚,6871588,688,A168_HF9F_20260827_0900,2026-08-27 09:00:00
2026-05-04,69208397,2224,0,88.2260266779,25.2074361937,25.2074361937,0.6666667,3,3,0.49324550000000000,0.493245500000,0.6008033672792107,0.6008033672792106,0.6008033672792107,0E-17,ELIGIBLE,R03b_20260811_FULL_v1,L1_ELIGIBILITY,v2026-08-11,2026-03-21..2026-08-06,baccarat_bet02_101_all_pairs_incl_sentinel,round_win = game_pnl > 0 (decisive only),COMPATIBILITY_ONLY_NOT_PRODUCTION,3155.5509,2884.5709,167.9340,100,100,-0.05321861,,-0.05321861,-0.05321861,-167.9340,3155.5509,OK,0.0000,6.7174,4.0000,96.0000,AG03-UNRESOLVED,ALL5_LEVELS_bet23_to_bet27,6.7174,6.7174,6.7174,10.0760,10.0760,4.000000,4.000000,4.000000,6.000000,6.000000,96.000000,96.000000,96.000000,94.000000,94.000000,5.0,40.3042,36.6511,127.6299,131.2829,PENDING_AG03,FALSE,NOT_FOR_ENFORCEMENT,161.2167,2769.1881,167.9340,161.2167,6.7174,0.05321861,0.05108987,6.7174,161.2167,0.05108987,6.7174,6.7174,6.7174,10.0760,10.0760,161.2167,0.05108987,40.3042,36.6511,127.6299,131.2829,0.04044615,0.0416038,0.00212874,31.5555,28.8457,1.6793,83.9670,3.5731,1577.7754,50.0000,,31.5555,25.2074,31.5093,33.3999,42.0124,42.0124,63.0186,31.5093,0.0,1.333333,2.0,1.001467,27,34,2,2,0E-8,0.05321861,,0E-8,0.000000,0.914126,0.000000,,2026-05-04,2026-05-06,2,47,38,3,0.666667,,,0.000000,,,,,,,,GLOBAL_BASELINE_NO_ENTITY_RANKING,,,NOT_APPLICABLE_GLOBAL_BASELINE,HF9g-P5,,,,X 全窗基线 · 不参与实体赏罚,6871589,688,A168_HF9F_20260827_0900,2026-08-27 09:00:00
2026-05-04,69208397,2229,0,132.5491019851,3.0353954416,3.0353954416,0.5000000,4,4,0.50329940000000000,0.503299400000,-0.01319788734859681,-0.01319788734859681,-0.01319788734859681,0E-17,ELIGIBLE,R03b_20260811_FULL_v1,L1_ELIGIBILITY,v2026-08-11,2026-03-21..2026-08-06,baccarat_bet02_101_all_pairs_incl_sentinel,round_win = game_pnl > 0 (decisive only),COMPATIBILITY_ONLY_NOT_PRODUCTION,3155.5509,2884.5709,167.9340,100,100,-0.05321861,,-0.05321861,-0.05321861,-167.9340,3155.5509,OK,0.0000,6.7174,4.0000,96.0000,AG03-UNRESOLVED,ALL5_LEVELS_bet23_to_bet27,6.7174,6.7174,6.7174,10.0760,10.0760,4.000000,4.000000,4.000000,6.000000,6.000000,96.000000,96.000000,96.000000,94.000000,94.000000,5.0,40.3042,36.6511,127.6299,131.2829,PENDING_AG03,FALSE,NOT_FOR_ENFORCEMENT,161.2167,2769.1881,167.9340,161.2167,6.7174,0.05321861,0.05108987,6.7174,161.2167,0.05108987,6.7174,6.7174,6.7174,10.0760,10.0760,161.2167,0.05108987,40.3042,36.6511,127.6299,131.2829,0.04044615,0.0416038,0.00212874,31.5555,28.8457,1.6793,83.9670,3.5731,1577.7754,50.0000,,31.5555,25.2074,31.5093,33.3999,42.0124,42.0124,63.0186,31.5093,0.0,1.333333,2.0,1.001467,27,34,2,2,0E-8,0.05321861,,0E-8,0.000000,0.914126,0.000000,,2026-05-04,2026-05-06,2,47,38,3,0.666667,,,0.000000,,,,,,,,GLOBAL_BASELINE_NO_ENTITY_RANKING,,,NOT_APPLICABLE_GLOBAL_BASELINE,HF9g-P5,,,,X 全窗基线 · 不参与实体赏罚,6871590,688,A168_HF9F_20260827_0900,2026-08-27 09:00:00
2026-05-04,69208397,2256,0,136.5402793824,-54.6161117530,-54.6161117530,0.3333333,3,3,0.50665070000000000,0.506650700000,-0.6004420894325239,-0.6004420894325239,-0.6004420894325239,0E-17,ELIGIBLE,R03b_20260811_FULL_v1,L1_ELIGIBILITY,v2026-08-11,2026-03-21..2026-08-06,baccarat_bet02_101_all_pairs_incl_sentinel,round_win = game_pnl > 0 (decisive only),COMPATIBILITY_ONLY_NOT_PRODUCTION,3155.5509,2884.5709,167.9340,100,100,-0.05321861,,-0.05321861,-0.05321861,-167.9340,3155.5509,OK,0.0000,6.7174,4.0000,96.0000,AG03-UNRESOLVED,ALL5_LEVELS_bet23_to_bet27,6.7174,6.7174,6.7174,10.0760,10.0760,4.000000,4.000000,4.000000,6.000000,6.000000,96.000000,96.000000,96.000000,94.000000,94.000000,5.0,40.3042,36.6511,127.6299,131.2829,PENDING_AG03,FALSE,NOT_FOR_ENFORCEMENT,161.2167,2769.1881,167.9340,161.2167,6.7174,0.05321861,0.05108987,6.7174,161.2167,0.05108987,6.7174,6.7174,6.7174,10.0760,10.0760,161.2167,0.05108987,40.3042,36.6511,127.6299,131.2829,0.04044615,0.0416038,0.00212874,31.5555,28.8457,1.6793,83.9670,3.5731,1577.7754,50.0000,,31.5555,25.2074,31.5093,33.3999,42.0124,42.0124,63.0186,31.5093,0.0,1.333333,2.0,1.001467,27,34,2,2,0E-8,0.05321861,,0E-8,0.000000,0.914126,0.000000,,2026-05-04,2026-05-06,2,47,38,3,0.666667,,,0.000000,,,,,,,,GLOBAL_BASELINE_NO_ENTITY_RANKING,,,NOT_APPLICABLE_GLOBAL_BASELINE,HF9g-P5,,,,X 全窗基线 · 不参与实体赏罚,6871591,688,A168_HF9F_20260827_0900,2026-08-27 09:00:00
2026-05-04,69208397,994,0,64.6990862304,31.5303014389,31.5303014389,1.0000000,2,2,0.50665070000000000,0.506650700000,0.9867858985152569,0.9867858985152569,0.9867858985152569,0E-17,ELIGIBLE,R03b_20260811_FULL_v1,L1_ELIGIBILITY,v2026-08-11,2026-03-21..2026-08-06,baccarat_bet02_101_all_pairs_incl_sentinel,round_win = game_pnl > 0 (decisive only),COMPATIBILITY_ONLY_NOT_PRODUCTION,3155.5509,2884.5709,167.9340,100,100,-0.05321861,,-0.05321861,-0.05321861,-167.9340,3155.5509,OK,0.0000,6.7174,4.0000,96.0000,AG03-UNRESOLVED,ALL5_LEVELS_bet23_to_bet27,6.7174,6.7174,6.7174,10.0760,10.0760,4.000000,4.000000,4.000000,6.000000,6.000000,96.000000,96.000000,96.000000,94.000000,94.000000,5.0,40.3042,36.6511,127.6299,131.2829,PENDING_AG03,FALSE,NOT_FOR_ENFORCEMENT,161.2167,2769.1881,167.9340,161.2167,6.7174,0.05321861,0.05108987,6.7174,161.2167,0.05108987,6.7174,6.7174,6.7174,10.0760,10.0760,161.2167,0.05108987,40.3042,36.6511,127.6299,131.2829,0.04044615,0.0416038,0.00212874,31.5555,28.8457,1.6793,83.9670,3.5731,1577.7754,50.0000,,31.5555,25.2074,31.5093,33.3999,42.0124,42.0124,63.0186,31.5093,0.0,1.333333,2.0,1.001467,27,34,2,2,0E-8,0.05321861,,0E-8,0.000000,0.914126,0.000000,,2026-05-04,2026-05-06,2,47,38,3,0.666667,,,0.000000,,,,,,,,GLOBAL_BASELINE_NO_ENTITY_RANKING,,,NOT_APPLICABLE_GLOBAL_BASELINE,HF9g-P5,,,,X 全窗基线 · 不参与实体赏罚,6871592,688,A168_HF9F_20260827_0900,2026-08-27 09:00:00
2026-05-06,69208397,-1,1,42.0123936562,-1.0503098414,-1.0503098414,0.5000000,2,2,0.50665070000000000,0.506650700000,-0.018812684590367487,-0.018812684590367487,-0.018812684590367487,0E-17,SENTINEL_DEALER,R03b_20260811_FULL_v1,L1_ELIGIBILITY,v2026-08-11,2026-03-21..2026-08-06,baccarat_bet02_101_all_pairs_incl_sentinel,round_win = game_pnl > 0 (decisive only),COMPATIBILITY_ONLY_NOT_PRODUCTION,3155.5509,2884.5709,167.9340,100,100,-0.05321861,,-0.05321861,-0.05321861,-167.9340,3155.5509,OK,0.0000,6.7174,4.0000,96.0000,AG03-UNRESOLVED,ALL5_LEVELS_bet23_to_bet27,6.7174,6.7174,6.7174,10.0760,10.0760,4.000000,4.000000,4.000000,6.000000,6.000000,96.000000,96.000000,96.000000,94.000000,94.000000,5.0,40.3042,36.6511,127.6299,131.2829,PENDING_AG03,FALSE,NOT_FOR_ENFORCEMENT,161.2167,2769.1881,167.9340,161.2167,6.7174,0.05321861,0.05108987,6.7174,161.2167,0.05108987,6.7174,6.7174,6.7174,10.0760,10.0760,161.2167,0.05108987,40.3042,36.6511,127.6299,131.2829,0.04044615,0.0416038,0.00212874,31.5555,28.8457,1.6793,83.9670,3.5731,1577.7754,50.0000,,31.5555,25.2074,31.5093,33.3999,42.0124,42.0124,63.0186,31.5093,0.0,1.333333,2.0,1.001467,27,34,2,2,0E-8,0.05321861,,0E-8,0.000000,0.914126,0.000000,,2026-05-04,2026-05-06,2,47,38,3,0.666667,,,0.000000,,,,,,,,GLOBAL_BASELINE_NO_ENTITY_RANKING,,,NOT_APPLICABLE_GLOBAL_BASELINE,HF9g-P5,,,,X 全窗基线 · 不参与实体赏罚,6871593,688,A168_HF9F_20260827_0900,2026-08-27 09:00:00
2026-05-06,69208397,1305,0,82.9744774710,39.9117739734,39.9117739734,0.7500000,4,4,0.49994810000000000,0.499948100000,1.0002076053883384,1.0002076053883384,1.0002076053883384,0E-17,ELIGIBLE,R03b_20260811_FULL_v1,L1_ELIGIBILITY,v2026-08-11,2026-03-21..2026-08-06,baccarat_bet02_101_all_pairs_incl_sentinel,round_win = game_pnl > 0 (decisive only),COMPATIBILITY_ONLY_NOT_PRODUCTION,3155.5509,2884.5709,167.9340,100,100,-0.05321861,,-0.05321861,-0.05321861,-167.9340,3155.5509,OK,0.0000,6.7174,4.0000,96.0000,AG03-UNRESOLVED,ALL5_LEVELS_bet23_to_bet27,6.7174,6.7174,6.7174,10.0760,10.0760,4.000000,4.000000,4.000000,6.000000,6.000000,96.000000,96.000000,96.000000,94.000000,94.000000,5.0,40.3042,36.6511,127.6299,131.2829,PENDING_AG03,FALSE,NOT_FOR_ENFORCEMENT,161.2167,2769.1881,167.9340,161.2167,6.7174,0.05321861,0.05108987,6.7174,161.2167,0.05108987,6.7174,6.7174,6.7174,10.0760,10.0760,161.2167,0.05108987,40.3042,36.6511,127.6299,131.2829,0.04044615,0.0416038,0.00212874,31.5555,28.8457,1.6793,83.9670,3.5731,1577.7754,50.0000,,31.5555,25.2074,31.5093,33.3999,42.0124,42.0124,63.0186,31.5093,0.0,1.333333,2.0,1.001467,27,34,2,2,0E-8,0.05321861,,0E-8,0.000000,0.914126,0.000000,,2026-05-04,2026-05-06,2,47,38,3,0.666667,,,0.000000,,,,,,,,GLOBAL_BASELINE_NO_ENTITY_RANKING,,,NOT_APPLICABLE_GLOBAL_BASELINE,HF9g-P5,,,,X 全窗基线 · 不参与实体赏罚,6871594,688,A168_HF9F_20260827_0900,2026-08-27 09:00:00
2026-05-06,69208397,1399,0,21.0061968281,-21.0061968281,-21.0061968281,0E-7,1,1,0.49324550000000000,0.493245500000,-0.9865810262130424,-0.9865810262130424,-0.9865810262130424,0E-17,ELIGIBLE,R03b_20260811_FULL_v1,L1_ELIGIBILITY,v2026-08-11,2026-03-21..2026-08-06,baccarat_bet02_101_all_pairs_incl_sentinel,round_win = game_pnl > 0 (decisive only),COMPATIBILITY_ONLY_NOT_PRODUCTION,3155.5509,2884.5709,167.9340,100,100,-0.05321861,,-0.05321861,-0.05321861,-167.9340,3155.5509,OK,0.0000,6.7174,4.0000,96.0000,AG03-UNRESOLVED,ALL5_LEVELS_bet23_to_bet27,6.7174,6.7174,6.7174,10.0760,10.0760,4.000000,4.000000,4.000000,6.000000,6.000000,96.000000,96.000000,96.000000,94.000000,94.000000,5.0,40.3042,36.6511,127.6299,131.2829,PENDING_AG03,FALSE,NOT_FOR_ENFORCEMENT,161.2167,2769.1881,167.9340,161.2167,6.7174,0.05321861,0.05108987,6.7174,161.2167,0.05108987,6.7174,6.7174,6.7174,10.0760,10.0760,161.2167,0.05108987,40.3042,36.6511,127.6299,131.2829,0.04044615,0.0416038,0.00212874,31.5555,28.8457,1.6793,83.9670,3.5731,1577.7754,50.0000,,31.5555,25.2074,31.5093,33.3999,42.0124,42.0124,63.0186,31.5093,0.0,1.333333,2.0,1.001467,27,34,2,2,0E-8,0.05321861,,0E-8,0.000000,0.914126,0.000000,,2026-05-04,2026-05-06,2,47,38,3,0.666667,,,0.000000,,,,,,,,GLOBAL_BASELINE_NO_ENTITY_RANKING,,,NOT_APPLICABLE_GLOBAL_BASELINE,HF9g-P5,,,,X 全窗基线 · 不参与实体赏罚,6871595,688,A168_HF9F_20260827_0900,2026-08-27 09:00:00
2026-05-06,69208397,1646,0,21.0061968281,0E-10,0E-10,,1,1,0.49324550000000000,0.493245500000,,,,0E-17,NO_DECISIVE_ROUND,R03b_20260811_FULL_v1,L1_ELIGIBILITY,v2026-08-11,2026-03-21..2026-08-06,baccarat_bet02_101_all_pairs_incl_sentinel,round_win = game_pnl > 0 (decisive only),COMPATIBILITY_ONLY_NOT_PRODUCTION,3155.5509,2884.5709,167.9340,100,100,-0.05321861,,-0.05321861,-0.05321861,-167.9340,3155.5509,OK,0.0000,6.7174,4.0000,96.0000,AG03-UNRESOLVED,ALL5_LEVELS_bet23_to_bet27,6.7174,6.7174,6.7174,10.0760,10.0760,4.000000,4.000000,4.000000,6.000000,6.000000,96.000000,96.000000,96.000000,94.000000,94.000000,5.0,40.3042,36.6511,127.6299,131.2829,PENDING_AG03,FALSE,NOT_FOR_ENFORCEMENT,161.2167,2769.1881,167.9340,161.2167,6.7174,0.05321861,0.05108987,6.7174,161.2167,0.05108987,6.7174,6.7174,6.7174,10.0760,10.0760,161.2167,0.05108987,40.3042,36.6511,127.6299,131.2829,0.04044615,0.0416038,0.00212874,31.5555,28.8457,1.6793,83.9670,3.5731,1577.7754,50.0000,,31.5555,25.2074,31.5093,33.3999,42.0124,42.0124,63.0186,31.5093,0.0,1.333333,2.0,1.001467,27,34,2,2,0E-8,0.05321861,,0E-8,0.000000,0.914126,0.000000,,2026-05-04,2026-05-06,2,47,38,3,0.666667,,,0.000000,,,,,,,,GLOBAL_BASELINE_NO_ENTITY_RANKING,,,NOT_APPLICABLE_GLOBAL_BASELINE,HF9g-P5,,,,X 全窗基线 · 不参与实体赏罚,6871596,688,A168_HF9F_20260827_0900,2026-08-27 09:00:00
2026-05-06,69208397,1704,0,15.7546476210,-15.7546476210,-15.7546476210,0E-7,1,1,0.49324550000000000,0.493245500000,-0.9865810262130424,-0.9865810262130424,-0.9865810262130424,0E-17,ELIGIBLE,R03b_20260811_FULL_v1,L1_ELIGIBILITY,v2026-08-11,2026-03-21..2026-08-06,baccarat_bet02_101_all_pairs_incl_sentinel,round_win = game_pnl > 0 (decisive only),COMPATIBILITY_ONLY_NOT_PRODUCTION,3155.5509,2884.5709,167.9340,100,100,-0.05321861,,-0.05321861,-0.05321861,-167.9340,3155.5509,OK,0.0000,6.7174,4.0000,96.0000,AG03-UNRESOLVED,ALL5_LEVELS_bet23_to_bet27,6.7174,6.7174,6.7174,10.0760,10.0760,4.000000,4.000000,4.000000,6.000000,6.000000,96.000000,96.000000,96.000000,94.000000,94.000000,5.0,40.3042,36.6511,127.6299,131.2829,PENDING_AG03,FALSE,NOT_FOR_ENFORCEMENT,161.2167,2769.1881,167.9340,161.2167,6.7174,0.05321861,0.05108987,6.7174,161.2167,0.05108987,6.7174,6.7174,6.7174,10.0760,10.0760,161.2167,0.05108987,40.3042,36.6511,127.6299,131.2829,0.04044615,0.0416038,0.00212874,31.5555,28.8457,1.6793,83.9670,3.5731,1577.7754,50.0000,,31.5555,25.2074,31.5093,33.3999,42.0124,42.0124,63.0186,31.5093,0.0,1.333333,2.0,1.001467,27,34,2,2,0E-8,0.05321861,,0E-8,0.000000,0.914126,0.000000,,2026-05-04,2026-05-06,2,47,38,3,0.666667,,,0.000000,,,,,,,,GLOBAL_BASELINE_NO_ENTITY_RANKING,,,NOT_APPLICABLE_GLOBAL_BASELINE,HF9g-P5,,,,X 全窗基线 · 不参与实体赏罚,6871597,688,A168_HF9F_20260827_0900,2026-08-27 09:00:00
2026-05-06,69208397,2129,0,21.0061968281,-21.0061968281,-21.0061968281,0E-7,1,1,0.49324550000000000,0.493245500000,-0.9865810262130424,-0.9865810262130424,-0.9865810262130424,0E-17,ELIGIBLE,R03b_20260811_FULL_v1,L1_ELIGIBILITY,v2026-08-11,2026-03-21..2026-08-06,baccarat_bet02_101_all_pairs_incl_sentinel,round_win = game_pnl > 0 (decisive only),COMPATIBILITY_ONLY_NOT_PRODUCTION,3155.5509,2884.5709,167.9340,100,100,-0.05321861,,-0.05321861,-0.05321861,-167.9340,3155.5509,OK,0.0000,6.7174,4.0000,96.0000,AG03-UNRESOLVED,ALL5_LEVELS_bet23_to_bet27,6.7174,6.7174,6.7174,10.0760,10.0760,4.000000,4.000000,4.000000,6.000000,6.000000,96.000000,96.000000,96.000000,94.000000,94.000000,5.0,40.3042,36.6511,127.6299,131.2829,PENDING_AG03,FALSE,NOT_FOR_ENFORCEMENT,161.2167,2769.1881,167.9340,161.2167,6.7174,0.05321861,0.05108987,6.7174,161.2167,0.05108987,6.7174,6.7174,6.7174,10.0760,10.0760,161.2167,0.05108987,40.3042,36.6511,127.6299,131.2829,0.04044615,0.0416038,0.00212874,31.5555,28.8457,1.6793,83.9670,3.5731,1577.7754,50.0000,,31.5555,25.2074,31.5093,33.3999,42.0124,42.0124,63.0186,31.5093,0.0,1.333333,2.0,1.001467,27,34,2,2,0E-8,0.05321861,,0E-8,0.000000,0.914126,0.000000,,2026-05-04,2026-05-06,2,47,38,3,0.666667,,,0.000000,,,,,,,,GLOBAL_BASELINE_NO_ENTITY_RANKING,,,NOT_APPLICABLE_GLOBAL_BASELINE,HF9g-P5,,,,X 全窗基线 · 不参与实体赏罚,6871598,688,A168_HF9F_20260827_0900,2026-08-27 09:00:00
2026-05-06,69208397,2156,0,21.0061968281,21.0061968281,21.0061968281,1.0000000,1,1,0.49324550000000000,0.493245500000,1.01360149184955,1.01360149184955,1.01360149184955,0E-17,ELIGIBLE,R03b_20260811_FULL_v1,L1_ELIGIBILITY,v2026-08-11,2026-03-21..2026-08-06,baccarat_bet02_101_all_pairs_incl_sentinel,round_win = game_pnl > 0 (decisive only),COMPATIBILITY_ONLY_NOT_PRODUCTION,3155.5509,2884.5709,167.9340,100,100,-0.05321861,,-0.05321861,-0.05321861,-167.9340,3155.5509,OK,0.0000,6.7174,4.0000,96.0000,AG03-UNRESOLVED,ALL5_LEVELS_bet23_to_bet27,6.7174,6.7174,6.7174,10.0760,10.0760,4.000000,4.000000,4.000000,6.000000,6.000000,96.000000,96.000000,96.000000,94.000000,94.000000,5.0,40.3042,36.6511,127.6299,131.2829,PENDING_AG03,FALSE,NOT_FOR_ENFORCEMENT,161.2167,2769.1881,167.9340,161.2167,6.7174,0.05321861,0.05108987,6.7174,161.2167,0.05108987,6.7174,6.7174,6.7174,10.0760,10.0760,161.2167,0.05108987,40.3042,36.6511,127.6299,131.2829,0.04044615,0.0416038,0.00212874,31.5555,28.8457,1.6793,83.9670,3.5731,1577.7754,50.0000,,31.5555,25.2074,31.5093,33.3999,42.0124,42.0124,63.0186,31.5093,0.0,1.333333,2.0,1.001467,27,34,2,2,0E-8,0.05321861,,0E-8,0.000000,0.914126,0.000000,,2026-05-04,2026-05-06,2,47,38,3,0.666667,,,0.000000,,,,,,,,GLOBAL_BASELINE_NO_ENTITY_RANKING,,,NOT_APPLICABLE_GLOBAL_BASELINE,HF9g-P5,,,,X 全窗基线 · 不参与实体赏罚,6871599,688,A168_HF9F_20260827_0900,2026-08-27 09:00:00
2026-05-06,69208397,2169,0,21.0061968281,19.9558869867,19.9558869867,1.0000000,1,1,0.50665070000000000,0.506650700000,0.9867858985152569,0.9867858985152569,0.9867858985152569,0E-17,ELIGIBLE,R03b_20260811_FULL_v1,L1_ELIGIBILITY,v2026-08-11,2026-03-21..2026-08-06,baccarat_bet02_101_all_pairs_incl_sentinel,round_win = game_pnl > 0 (decisive only),COMPATIBILITY_ONLY_NOT_PRODUCTION,3155.5509,2884.5709,167.9340,100,100,-0.05321861,,-0.05321861,-0.05321861,-167.9340,3155.5509,OK,0.0000,6.7174,4.0000,96.0000,AG03-UNRESOLVED,ALL5_LEVELS_bet23_to_bet27,6.7174,6.7174,6.7174,10.0760,10.0760,4.000000,4.000000,4.000000,6.000000,6.000000,96.000000,96.000000,96.000000,94.000000,94.000000,5.0,40.3042,36.6511,127.6299,131.2829,PENDING_AG03,FALSE,NOT_FOR_ENFORCEMENT,161.2167,2769.1881,167.9340,161.2167,6.7174,0.05321861,0.05108987,6.7174,161.2167,0.05108987,6.7174,6.7174,6.7174,10.0760,10.0760,161.2167,0.05108987,40.3042,36.6511,127.6299,131.2829,0.04044615,0.0416038,0.00212874,31.5555,28.8457,1.6793,83.9670,3.5731,1577.7754,50.0000,,31.5555,25.2074,31.5093,33.3999,42.0124,42.0124,63.0186,31.5093,0.0,1.333333,2.0,1.001467,27,34,2,2,0E-8,0.05321861,,0E-8,0.000000,0.914126,0.000000,,2026-05-04,2026-05-06,2,47,38,3,0.666667,,,0.000000,,,,,,,,GLOBAL_BASELINE_NO_ENTITY_RANKING,,,NOT_APPLICABLE_GLOBAL_BASELINE,HF9g-P5,,,,X 全窗基线 · 不参与实体赏罚,6871600,688,A168_HF9F_20260827_0900,2026-08-27 09:00:00
2026-05-06,69208397,2242,0,18.9055771453,-18.9055771453,-18.9055771453,0E-7,1,1,0.49324550000000000,0.493245500000,-0.9865810262130424,-0.9865810262130424,-0.9865810262130424,0E-17,ELIGIBLE,R03b_20260811_FULL_v1,L1_ELIGIBILITY,v2026-08-11,2026-03-21..2026-08-06,baccarat_bet02_101_all_pairs_incl_sentinel,round_win = game_pnl > 0 (decisive only),COMPATIBILITY_ONLY_NOT_PRODUCTION,3155.5509,2884.5709,167.9340,100,100,-0.05321861,,-0.05321861,-0.05321861,-167.9340,3155.5509,OK,0.0000,6.7174,4.0000,96.0000,AG03-UNRESOLVED,ALL5_LEVELS_bet23_to_bet27,6.7174,6.7174,6.7174,10.0760,10.0760,4.000000,4.000000,4.000000,6.000000,6.000000,96.000000,96.000000,96.000000,94.000000,94.000000,5.0,40.3042,36.6511,127.6299,131.2829,PENDING_AG03,FALSE,NOT_FOR_ENFORCEMENT,161.2167,2769.1881,167.9340,161.2167,6.7174,0.05321861,0.05108987,6.7174,161.2167,0.05108987,6.7174,6.7174,6.7174,10.0760,10.0760,161.2167,0.05108987,40.3042,36.6511,127.6299,131.2829,0.04044615,0.0416038,0.00212874,31.5555,28.8457,1.6793,83.9670,3.5731,1577.7754,50.0000,,31.5555,25.2074,31.5093,33.3999,42.0124,42.0124,63.0186,31.5093,0.0,1.333333,2.0,1.001467,27,34,2,2,0E-8,0.05321861,,0E-8,0.000000,0.914126,0.000000,,2026-05-04,2026-05-06,2,47,38,3,0.666667,,,0.000000,,,,,,,,GLOBAL_BASELINE_NO_ENTITY_RANKING,,,NOT_APPLICABLE_GLOBAL_BASELINE,HF9g-P5,,,,X 全窗基线 · 不参与实体赏罚,6871601,688,A168_HF9F_20260827_0900,2026-08-27 09:00:00
2026-05-06,69208397,2248,0,21.0061968281,19.9558869867,19.9558869867,1.0000000,1,1,0.50665070000000000,0.506650700000,0.9867858985152569,0.9867858985152569,0.9867858985152569,0E-17,ELIGIBLE,R03b_20260811_FULL_v1,L1_ELIGIBILITY,v2026-08-11,2026-03-21..2026-08-06,baccarat_bet02_101_all_pairs_incl_sentinel,round_win = game_pnl > 0 (decisive only),COMPATIBILITY_ONLY_NOT_PRODUCTION,3155.5509,2884.5709,167.9340,100,100,-0.05321861,,-0.05321861,-0.05321861,-167.9340,3155.5509,OK,0.0000,6.7174,4.0000,96.0000,AG03-UNRESOLVED,ALL5_LEVELS_bet23_to_bet27,6.7174,6.7174,6.7174,10.0760,10.0760,4.000000,4.000000,4.000000,6.000000,6.000000,96.000000,96.000000,96.000000,94.000000,94.000000,5.0,40.3042,36.6511,127.6299,131.2829,PENDING_AG03,FALSE,NOT_FOR_ENFORCEMENT,161.2167,2769.1881,167.9340,161.2167,6.7174,0.05321861,0.05108987,6.7174,161.2167,0.05108987,6.7174,6.7174,6.7174,10.0760,10.0760,161.2167,0.05108987,40.3042,36.6511,127.6299,131.2829,0.04044615,0.0416038,0.00212874,31.5555,28.8457,1.6793,83.9670,3.5731,1577.7754,50.0000,,31.5555,25.2074,31.5093,33.3999,42.0124,42.0124,63.0186,31.5093,0.0,1.333333,2.0,1.001467,27,34,2,2,0E-8,0.05321861,,0E-8,0.000000,0.914126,0.000000,,2026-05-04,2026-05-06,2,47,38,3,0.666667,,,0.000000,,,,,,,,GLOBAL_BASELINE_NO_ENTITY_RANKING,,,NOT_APPLICABLE_GLOBAL_BASELINE,HF9g-P5,,,,X 全窗基线 · 不参与实体赏罚,6871602,688,A168_HF9F_20260827_0900,2026-08-27 09:00:00
2026-05-06,69208397,2256,0,63.0185904843,-1.0503098414,-1.0503098414,0.5000000,3,3,0.49771390000000000,0.497713900000,0.006466134837551399,0.0064661348375514,0.006466134837551399,0E-17,ELIGIBLE,R03b_20260811_FULL_v1,L1_ELIGIBILITY,v2026-08-11,2026-03-21..2026-08-06,baccarat_bet02_101_all_pairs_incl_sentinel,round_win = game_pnl > 0 (decisive only),COMPATIBILITY_ONLY_NOT_PRODUCTION,3155.5509,2884.5709,167.9340,100,100,-0.05321861,,-0.05321861,-0.05321861,-167.9340,3155.5509,OK,0.0000,6.7174,4.0000,96.0000,AG03-UNRESOLVED,ALL5_LEVELS_bet23_to_bet27,6.7174,6.7174,6.7174,10.0760,10.0760,4.000000,4.000000,4.000000,6.000000,6.000000,96.000000,96.000000,96.000000,94.000000,94.000000,5.0,40.3042,36.6511,127.6299,131.2829,PENDING_AG03,FALSE,NOT_FOR_ENFORCEMENT,161.2167,2769.1881,167.9340,161.2167,6.7174,0.05321861,0.05108987,6.7174,161.2167,0.05108987,6.7174,6.7174,6.7174,10.0760,10.0760,161.2167,0.05108987,40.3042,36.6511,127.6299,131.2829,0.04044615,0.0416038,0.00212874,31.5555,28.8457,1.6793,83.9670,3.5731,1577.7754,50.0000,,31.5555,25.2074,31.5093,33.3999,42.0124,42.0124,63.0186,31.5093,0.0,1.333333,2.0,1.001467,27,34,2,2,0E-8,0.05321861,,0E-8,0.000000,0.914126,0.000000,,2026-05-04,2026-05-06,2,47,38,3,0.666667,,,0.000000,,,,,,,,GLOBAL_BASELINE_NO_ENTITY_RANKING,,,NOT_APPLICABLE_GLOBAL_BASELINE,HF9g-P5,,,,X 全窗基线 · 不参与实体赏罚,6871603,688,A168_HF9F_20260827_0900,2026-08-27 09:00:00
2026-05-06,69208397,526,0,21.0061968281,-21.0061968281,-21.0061968281,0E-7,1,1,0.49324550000000000,0.493245500000,-0.9865810262130424,-0.9865810262130424,-0.9865810262130424,0E-17,ELIGIBLE,R03b_20260811_FULL_v1,L1_ELIGIBILITY,v2026-08-11,2026-03-21..2026-08-06,baccarat_bet02_101_all_pairs_incl_sentinel,round_win = game_pnl > 0 (decisive only),COMPATIBILITY_ONLY_NOT_PRODUCTION,3155.5509,2884.5709,167.9340,100,100,-0.05321861,,-0.05321861,-0.05321861,-167.9340,3155.5509,OK,0.0000,6.7174,4.0000,96.0000,AG03-UNRESOLVED,ALL5_LEVELS_bet23_to_bet27,6.7174,6.7174,6.7174,10.0760,10.0760,4.000000,4.000000,4.000000,6.000000,6.000000,96.000000,96.000000,96.000000,94.000000,94.000000,5.0,40.3042,36.6511,127.6299,131.2829,PENDING_AG03,FALSE,NOT_FOR_ENFORCEMENT,161.2167,2769.1881,167.9340,161.2167,6.7174,0.05321861,0.05108987,6.7174,161.2167,0.05108987,6.7174,6.7174,6.7174,10.0760,10.0760,161.2167,0.05108987,40.3042,36.6511,127.6299,131.2829,0.04044615,0.0416038,0.00212874,31.5555,28.8457,1.6793,83.9670,3.5731,1577.7754,50.0000,,31.5555,25.2074,31.5093,33.3999,42.0124,42.0124,63.0186,31.5093,0.0,1.333333,2.0,1.001467,27,34,2,2,0E-8,0.05321861,,0E-8,0.000000,0.914126,0.000000,,2026-05-04,2026-05-06,2,47,38,3,0.666667,,,0.000000,,,,,,,,GLOBAL_BASELINE_NO_ENTITY_RANKING,,,NOT_APPLICABLE_GLOBAL_BASELINE,HF9g-P5,,,,X 全窗基线 · 不参与实体赏罚,6871604,688,A168_HF9F_20260827_0900,2026-08-27 09:00:00
2026-05-06,69208397,919,0,42.0123936562,40.9620838148,40.9620838148,1.0000000,2,2,0.49994810000000000,0.499948100000,1.4143603653603398,1.4143603653603398,1.4143603653603398,0E-17,ELIGIBLE,R03b_20260811_FULL_v1,L1_ELIGIBILITY,v2026-08-11,2026-03-21..2026-08-06,baccarat_bet02_101_all_pairs_incl_sentinel,round_win = game_pnl > 0 (decisive only),COMPATIBILITY_ONLY_NOT_PRODUCTION,3155.5509,2884.5709,167.9340,100,100,-0.05321861,,-0.05321861,-0.05321861,-167.9340,3155.5509,OK,0.0000,6.7174,4.0000,96.0000,AG03-UNRESOLVED,ALL5_LEVELS_bet23_to_bet27,6.7174,6.7174,6.7174,10.0760,10.0760,4.000000,4.000000,4.000000,6.000000,6.000000,96.000000,96.000000,96.000000,94.000000,94.000000,5.0,40.3042,36.6511,127.6299,131.2829,PENDING_AG03,FALSE,NOT_FOR_ENFORCEMENT,161.2167,2769.1881,167.9340,161.2167,6.7174,0.05321861,0.05108987,6.7174,161.2167,0.05108987,6.7174,6.7174,6.7174,10.0760,10.0760,161.2167,0.05108987,40.3042,36.6511,127.6299,131.2829,0.04044615,0.0416038,0.00212874,31.5555,28.8457,1.6793,83.9670,3.5731,1577.7754,50.0000,,31.5555,25.2074,31.5093,33.3999,42.0124,42.0124,63.0186,31.5093,0.0,1.333333,2.0,1.001467,27,34,2,2,0E-8,0.05321861,,0E-8,0.000000,0.914126,0.000000,,2026-05-04,2026-05-06,2,47,38,3,0.666667,,,0.000000,,,,,,,,GLOBAL_BASELINE_NO_ENTITY_RANKING,,,NOT_APPLICABLE_GLOBAL_BASELINE,HF9g-P5,,,,X 全窗基线 · 不参与实体赏罚,6871605,688,A168_HF9F_20260827_0900,2026-08-27 09:00:00
2026-05-12,149914877,1646,0,25.2074361937,-25.2074361937,-25.2074361937,0E-7,1,1,0.49324550000000000,0.493245500000,-0.9865810262130424,-0.9865810262130424,-0.9865810262130424,0E-17,ELIGIBLE,R03b_20260811_FULL_v1,L1_ELIGIBILITY,v2026-08-11,2026-03-21..2026-08-06,baccarat_bet02_101_all_pairs_incl_sentinel,round_win = game_pnl > 0 (decisive only),COMPATIBILITY_ONLY_NOT_PRODUCTION,1397.0749,1357.1631,167.9363,104,103,-0.12020568,,-0.12020568,-0.12020568,-167.9363,1397.0749,OK,0.0000,6.7175,4.0000,96.0000,AG03-UNRESOLVED,ALL5_LEVELS_bet23_to_bet27,6.7175,6.7175,6.7175,6.7175,6.7175,4.000000,4.000000,4.000000,4.000000,4.000000,96.000000,96.000000,96.000000,96.000000,96.000000,5.0,33.5873,31.0056,134.3491,136.9307,PENDING_AG03,FALSE,NOT_FOR_ENFORCEMENT,161.2189,1302.8766,167.9363,161.2189,6.7175,0.12020568,0.11539746,6.7175,161.2189,0.11539746,6.7175,6.7175,6.7175,6.7175,6.7175,161.2189,0.11539746,33.5873,31.0056,134.3491,136.9307,0.09616455,0.09801243,0.00480823,13.4334,13.1763,1.6304,27.9894,6.7175,232.8458,17.1667,,13.4334,8.4594,10.5031,21.0062,22.2666,24.9133,42.0124,10.5031,-4.1543,2.372,4.0,1.278995,12,25,12,3,0E-8,0.12020568,,0E-8,0.000000,0.971432,0.221154,,2026-05-12,2026-06-12,6,25,21,32,0.187500,,,0.000000,,,,,,,,GLOBAL_BASELINE_NO_ENTITY_RANKING,,,NOT_APPLICABLE_GLOBAL_BASELINE,HF9g-P5,,,,X 全窗基线 · 不参与实体赏罚,6871606,688,A168_HF9F_20260827_0900,2026-08-27 09:00:00
2026-05-29,149914877,-1,1,10.5030984140,-10.5030984140,-10.5030984140,0E-7,1,1,0.50665070000000000,0.506650700000,-1.013391052207602,-1.013391052207602,-1.013391052207602,0E-17,SENTINEL_DEALER,R03b_20260811_FULL_v1,L1_ELIGIBILITY,v2026-08-11,2026-03-21..2026-08-06,baccarat_bet02_101_all_pairs_incl_sentinel,round_win = game_pnl > 0 (decisive only),COMPATIBILITY_ONLY_NOT_PRODUCTION,1397.0749,1357.1631,167.9363,104,103,-0.12020568,,-0.12020568,-0.12020568,-167.9363,1397.0749,OK,0.0000,6.7175,4.0000,96.0000,AG03-UNRESOLVED,ALL5_LEVELS_bet23_to_bet27,6.7175,6.7175,6.7175,6.7175,6.7175,4.000000,4.000000,4.000000,4.000000,4.000000,96.000000,96.000000,96.000000,96.000000,96.000000,5.0,33.5873,31.0056,134.3491,136.9307,PENDING_AG03,FALSE,NOT_FOR_ENFORCEMENT,161.2189,1302.8766,167.9363,161.2189,6.7175,0.12020568,0.11539746,6.7175,161.2189,0.11539746,6.7175,6.7175,6.7175,6.7175,6.7175,161.2189,0.11539746,33.5873,31.0056,134.3491,136.9307,0.09616455,0.09801243,0.00480823,13.4334,13.1763,1.6304,27.9894,6.7175,232.8458,17.1667,,13.4334,8.4594,10.5031,21.0062,22.2666,24.9133,42.0124,10.5031,-4.1543,2.372,4.0,1.278995,12,25,12,3,0E-8,0.12020568,,0E-8,0.000000,0.971432,0.221154,,2026-05-12,2026-06-12,6,25,21,32,0.187500,,,0.000000,,,,,,,,GLOBAL_BASELINE_NO_ENTITY_RANKING,,,NOT_APPLICABLE_GLOBAL_BASELINE,HF9g-P5,,,,X 全窗基线 · 不参与实体赏罚,6871607,688,A168_HF9F_20260827_0900,2026-08-27 09:00:00
2026-05-29,149914877,1307,0,108.1819136643,67.7449847704,67.7449847704,0.7777778,9,9,0.49920336666666667,0.499203366667,1.6714485881530228,1.6714485881510213,1.6714485881530228,-3.3333E-13,ELIGIBLE,R03b_20260811_FULL_v1,L1_ELIGIBILITY,v2026-08-11,2026-03-21..2026-08-06,baccarat_bet02_101_all_pairs_incl_sentinel,round_win = game_pnl > 0 (decisive only),COMPATIBILITY_ONLY_NOT_PRODUCTION,1397.0749,1357.1631,167.9363,104,103,-0.12020568,,-0.12020568,-0.12020568,-167.9363,1397.0749,OK,0.0000,6.7175,4.0000,96.0000,AG03-UNRESOLVED,ALL5_LEVELS_bet23_to_bet27,6.7175,6.7175,6.7175,6.7175,6.7175,4.000000,4.000000,4.000000,4.000000,4.000000,96.000000,96.000000,96.000000,96.000000,96.000000,5.0,33.5873,31.0056,134.3491,136.9307,PENDING_AG03,FALSE,NOT_FOR_ENFORCEMENT,161.2189,1302.8766,167.9363,161.2189,6.7175,0.12020568,0.11539746,6.7175,161.2189,0.11539746,6.7175,6.7175,6.7175,6.7175,6.7175,161.2189,0.11539746,33.5873,31.0056,134.3491,136.9307,0.09616455,0.09801243,0.00480823,13.4334,13.1763,1.6304,27.9894,6.7175,232.8458,17.1667,,13.4334,8.4594,10.5031,21.0062,22.2666,24.9133,42.0124,10.5031,-4.1543,2.372,4.0,1.278995,12,25,12,3,0E-8,0.12020568,,0E-8,0.000000,0.971432,0.221154,,2026-05-12,2026-06-12,6,25,21,32,0.187500,,,0.000000,,,,,,,,GLOBAL_BASELINE_NO_ENTITY_RANKING,,,NOT_APPLICABLE_GLOBAL_BASELINE,HF9g-P5,,,,X 全窗基线 · 不参与实体赏罚,6871608,688,A168_HF9F_20260827_0900,2026-08-27 09:00:00
2026-05-29,149914877,1323,0,65.3292721352,-21.0902216153,-21.0902216153,0.3333333,6,6,0.50441650000000000,0.504416500000,-0.838165622096103,-0.838165622096103,-0.838165622096103,0E-17,ELIGIBLE,R03b_20260811_FULL_v1,L1_ELIGIBILITY,v2026-08-11,2026-03-21..2026-08-06,baccarat_bet02_101_all_pairs_incl_sentinel,round_win = game_pnl > 0 (decisive only),COMPATIBILITY_ONLY_NOT_PRODUCTION,1397.0749,1357.1631,167.9363,104,103,-0.12020568,,-0.12020568,-0.12020568,-167.9363,1397.0749,OK,0.0000,6.7175,4.0000,96.0000,AG03-UNRESOLVED,ALL5_LEVELS_bet23_to_bet27,6.7175,6.7175,6.7175,6.7175,6.7175,4.000000,4.000000,4.000000,4.000000,4.000000,96.000000,96.000000,96.000000,96.000000,96.000000,5.0,33.5873,31.0056,134.3491,136.9307,PENDING_AG03,FALSE,NOT_FOR_ENFORCEMENT,161.2189,1302.8766,167.9363,161.2189,6.7175,0.12020568,0.11539746,6.7175,161.2189,0.11539746,6.7175,6.7175,6.7175,6.7175,6.7175,161.2189,0.11539746,33.5873,31.0056,134.3491,136.9307,0.09616455,0.09801243,0.00480823,13.4334,13.1763,1.6304,27.9894,6.7175,232.8458,17.1667,,13.4334,8.4594,10.5031,21.0062,22.2666,24.9133,42.0124,10.5031,-4.1543,2.372,4.0,1.278995,12,25,12,3,0E-8,0.12020568,,0E-8,0.000000,0.971432,0.221154,,2026-05-12,2026-06-12,6,25,21,32,0.187500,,,0.000000,,,,,,,,GLOBAL_BASELINE_NO_ENTITY_RANKING,,,NOT_APPLICABLE_GLOBAL_BASELINE,HF9g-P5,,,,X 全窗基线 · 不参与实体赏罚,6871609,688,A168_HF9F_20260827_0900,2026-08-27 09:00:00
2026-05-29,149914877,1994,0,14.4942758114,-14.4942758114,-14.4942758114,0E-7,1,1,0.50665070000000000,0.506650700000,-1.013391052207602,-1.013391052207602,-1.013391052207602,0E-17,ELIGIBLE,R03b_20260811_FULL_v1,L1_ELIGIBILITY,v2026-08-11,2026-03-21..2026-08-06,baccarat_bet02_101_all_pairs_incl_sentinel,round_win = game_pnl > 0 (decisive only),COMPATIBILITY_ONLY_NOT_PRODUCTION,1397.0749,1357.1631,167.9363,104,103,-0.12020568,,-0.12020568,-0.12020568,-167.9363,1397.0749,OK,0.0000,6.7175,4.0000,96.0000,AG03-UNRESOLVED,ALL5_LEVELS_bet23_to_bet27,6.7175,6.7175,6.7175,6.7175,6.7175,4.000000,4.000000,4.000000,4.000000,4.000000,96.000000,96.000000,96.000000,96.000000,96.000000,5.0,33.5873,31.0056,134.3491,136.9307,PENDING_AG03,FALSE,NOT_FOR_ENFORCEMENT,161.2189,1302.8766,167.9363,161.2189,6.7175,0.12020568,0.11539746,6.7175,161.2189,0.11539746,6.7175,6.7175,6.7175,6.7175,6.7175,161.2189,0.11539746,33.5873,31.0056,134.3491,136.9307,0.09616455,0.09801243,0.00480823,13.4334,13.1763,1.6304,27.9894,6.7175,232.8458,17.1667,,13.4334,8.4594,10.5031,21.0062,22.2666,24.9133,42.0124,10.5031,-4.1543,2.372,4.0,1.278995,12,25,12,3,0E-8,0.12020568,,0E-8,0.000000,0.971432,0.221154,,2026-05-12,2026-06-12,6,25,21,32,0.187500,,,0.000000,,,,,,,,GLOBAL_BASELINE_NO_ENTITY_RANKING,,,NOT_APPLICABLE_GLOBAL_BASELINE,HF9g-P5,,,,X 全窗基线 · 不参与实体赏罚,6871610,688,A168_HF9F_20260827_0900,2026-08-27 09:00:00
2026-05-29,149914877,2244,0,51.8853061652,-20.9011658439,-20.9011658439,0.2500000,5,5,0.50396966000000000,0.503969660000,-1.01591065835228,-1.0159106583522801,-1.01591065835228,0E-17,ELIGIBLE,R03b_20260811_FULL_v1,L1_ELIGIBILITY,v2026-08-11,2026-03-21..2026-08-06,baccarat_bet02_101_all_pairs_incl_sentinel,round_win = game_pnl > 0 (decisive only),COMPATIBILITY_ONLY_NOT_PRODUCTION,1397.0749,1357.1631,167.9363,104,103,-0.12020568,,-0.12020568,-0.12020568,-167.9363,1397.0749,OK,0.0000,6.7175,4.0000,96.0000,AG03-UNRESOLVED,ALL5_LEVELS_bet23_to_bet27,6.7175,6.7175,6.7175,6.7175,6.7175,4.000000,4.000000,4.000000,4.000000,4.000000,96.000000,96.000000,96.000000,96.000000,96.000000,5.0,33.5873,31.0056,134.3491,136.9307,PENDING_AG03,FALSE,NOT_FOR_ENFORCEMENT,161.2189,1302.8766,167.9363,161.2189,6.7175,0.12020568,0.11539746,6.7175,161.2189,0.11539746,6.7175,6.7175,6.7175,6.7175,6.7175,161.2189,0.11539746,33.5873,31.0056,134.3491,136.9307,0.09616455,0.09801243,0.00480823,13.4334,13.1763,1.6304,27.9894,6.7175,232.8458,17.1667,,13.4334,8.4594,10.5031,21.0062,22.2666,24.9133,42.0124,10.5031,-4.1543,2.372,4.0,1.278995,12,25,12,3,0E-8,0.12020568,,0E-8,0.000000,0.971432,0.221154,,2026-05-12,2026-06-12,6,25,21,32,0.187500,,,0.000000,,,,,,,,GLOBAL_BASELINE_NO_ENTITY_RANKING,,,NOT_APPLICABLE_GLOBAL_BASELINE,HF9g-P5,,,,X 全窗基线 · 不参与实体赏罚,6871611,688,A168_HF9F_20260827_0900,2026-08-27 09:00:00
2026-05-30,149914877,-1,1,98.7291250916,-2.1006196828,-2.1006196828,0.5000000,10,10,0.49994810000000000,0.499948100000,0.0003282444228938027,0.0003282444228938027,0.0003282444228938027,0E-17,SENTINEL_DEALER,R03b_20260811_FULL_v1,L1_ELIGIBILITY,v2026-08-11,2026-03-21..2026-08-06,baccarat_bet02_101_all_pairs_incl_sentinel,round_win = game_pnl > 0 (decisive only),COMPATIBILITY_ONLY_NOT_PRODUCTION,1397.0749,1357.1631,167.9363,104,103,-0.12020568,,-0.12020568,-0.12020568,-167.9363,1397.0749,OK,0.0000,6.7175,4.0000,96.0000,AG03-UNRESOLVED,ALL5_LEVELS_bet23_to_bet27,6.7175,6.7175,6.7175,6.7175,6.7175,4.000000,4.000000,4.000000,4.000000,4.000000,96.000000,96.000000,96.000000,96.000000,96.000000,5.0,33.5873,31.0056,134.3491,136.9307,PENDING_AG03,FALSE,NOT_FOR_ENFORCEMENT,161.2189,1302.8766,167.9363,161.2189,6.7175,0.12020568,0.11539746,6.7175,161.2189,0.11539746,6.7175,6.7175,6.7175,6.7175,6.7175,161.2189,0.11539746,33.5873,31.0056,134.3491,136.9307,0.09616455,0.09801243,0.00480823,13.4334,13.1763,1.6304,27.9894,6.7175,232.8458,17.1667,,13.4334,8.4594,10.5031,21.0062,22.2666,24.9133,42.0124,10.5031,-4.1543,2.372,4.0,1.278995,12,25,12,3,0E-8,0.12020568,,0E-8,0.000000,0.971432,0.221154,,2026-05-12,2026-06-12,6,25,21,32,0.187500,,,0.000000,,,,,,,,GLOBAL_BASELINE_NO_ENTITY_RANKING,,,NOT_APPLICABLE_GLOBAL_BASELINE,HF9g-P5,,,,X 全窗基线 · 不参与实体赏罚,6871612,688,A168_HF9F_20260827_0900,2026-08-27 09:00:00
2026-05-30,149914877,1157,0,60.9179708012,18.3804222245,18.3804222245,0.6666667,6,6,0.49771390000000000,0.497713900000,0.8277047895645219,0.8277047895645219,0.8277047895645219,0E-17,ELIGIBLE,R03b_20260811_FULL_v1,L1_ELIGIBILITY,v2026-08-11,2026-03-21..2026-08-06,baccarat_bet02_101_all_pairs_incl_sentinel,round_win = game_pnl > 0 (decisive only),COMPATIBILITY_ONLY_NOT_PRODUCTION,1397.0749,1357.1631,167.9363,104,103,-0.12020568,,-0.12020568,-0.12020568,-167.9363,1397.0749,OK,0.0000,6.7175,4.0000,96.0000,AG03-UNRESOLVED,ALL5_LEVELS_bet23_to_bet27,6.7175,6.7175,6.7175,6.7175,6.7175,4.000000,4.000000,4.000000,4.000000,4.000000,96.000000,96.000000,96.000000,96.000000,96.000000,5.0,33.5873,31.0056,134.3491,136.9307,PENDING_AG03,FALSE,NOT_FOR_ENFORCEMENT,161.2189,1302.8766,167.9363,161.2189,6.7175,0.12020568,0.11539746,6.7175,161.2189,0.11539746,6.7175,6.7175,6.7175,6.7175,6.7175,161.2189,0.11539746,33.5873,31.0056,134.3491,136.9307,0.09616455,0.09801243,0.00480823,13.4334,13.1763,1.6304,27.9894,6.7175,232.8458,17.1667,,13.4334,8.4594,10.5031,21.0062,22.2666,24.9133,42.0124,10.5031,-4.1543,2.372,4.0,1.278995,12,25,12,3,0E-8,0.12020568,,0E-8,0.000000,0.971432,0.221154,,2026-05-12,2026-06-12,6,25,21,32,0.187500,,,0.000000,,,,,,,,GLOBAL_BASELINE_NO_ENTITY_RANKING,,,NOT_APPLICABLE_GLOBAL_BASELINE,HF9g-P5,,,,X 全窗基线 · 不参与实体赏罚,6871613,688,A168_HF9F_20260827_0900,2026-08-27 09:00:00
2026-05-30,149914877,1374,0,52.0953681336,-2.5207436194,-2.5207436194,0.5000000,2,2,0.49324550000000000,0.493245500000,0.01910635448239258,0.01910635448239258,0.01910635448239258,0E-17,ELIGIBLE,R03b_20260811_FULL_v1,L1_ELIGIBILITY,v2026-08-11,2026-03-21..2026-08-06,baccarat_bet02_101_all_pairs_incl_sentinel,round_win = game_pnl > 0 (decisive only),COMPATIBILITY_ONLY_NOT_PRODUCTION,1397.0749,1357.1631,167.9363,104,103,-0.12020568,,-0.12020568,-0.12020568,-167.9363,1397.0749,OK,0.0000,6.7175,4.0000,96.0000,AG03-UNRESOLVED,ALL5_LEVELS_bet23_to_bet27,6.7175,6.7175,6.7175,6.7175,6.7175,4.000000,4.000000,4.000000,4.000000,4.000000,96.000000,96.000000,96.000000,96.000000,96.000000,5.0,33.5873,31.0056,134.3491,136.9307,PENDING_AG03,FALSE,NOT_FOR_ENFORCEMENT,161.2189,1302.8766,167.9363,161.2189,6.7175,0.12020568,0.11539746,6.7175,161.2189,0.11539746,6.7175,6.7175,6.7175,6.7175,6.7175,161.2189,0.11539746,33.5873,31.0056,134.3491,136.9307,0.09616455,0.09801243,0.00480823,13.4334,13.1763,1.6304,27.9894,6.7175,232.8458,17.1667,,13.4334,8.4594,10.5031,21.0062,22.2666,24.9133,42.0124,10.5031,-4.1543,2.372,4.0,1.278995,12,25,12,3,0E-8,0.12020568,,0E-8,0.000000,0.971432,0.221154,,2026-05-12,2026-06-12,6,25,21,32,0.187500,,,0.000000,,,,,,,,GLOBAL_BASELINE_NO_ENTITY_RANKING,,,NOT_APPLICABLE_GLOBAL_BASELINE,HF9g-P5,,,,X 全窗基线 · 不参与实体赏罚,6871614,688,A168_HF9F_20260827_0900,2026-08-27 09:00:00
2026-05-30,149914877,1941,0,33.6099149248,-17.2250813989,-17.2250813989,0.2500000,4,4,0.49994810000000000,0.499948100000,-0.9997924053861017,-0.9997924053861017,-0.9997924053861017,0E-17,ELIGIBLE,R03b_20260811_FULL_v1,L1_ELIGIBILITY,v2026-08-11,2026-03-21..2026-08-06,baccarat_bet02_101_all_pairs_incl_sentinel,round_win = game_pnl > 0 (decisive only),COMPATIBILITY_ONLY_NOT_PRODUCTION,1397.0749,1357.1631,167.9363,104,103,-0.12020568,,-0.12020568,-0.12020568,-167.9363,1397.0749,OK,0.0000,6.7175,4.0000,96.0000,AG03-UNRESOLVED,ALL5_LEVELS_bet23_to_bet27,6.7175,6.7175,6.7175,6.7175,6.7175,4.000000,4.000000,4.000000,4.000000,4.000000,96.000000,96.000000,96.000000,96.000000,96.000000,5.0,33.5873,31.0056,134.3491,136.9307,PENDING_AG03,FALSE,NOT_FOR_ENFORCEMENT,161.2189,1302.8766,167.9363,161.2189,6.7175,0.12020568,0.11539746,6.7175,161.2189,0.11539746,6.7175,6.7175,6.7175,6.7175,6.7175,161.2189,0.11539746,33.5873,31.0056,134.3491,136.9307,0.09616455,0.09801243,0.00480823,13.4334,13.1763,1.6304,27.9894,6.7175,232.8458,17.1667,,13.4334,8.4594,10.5031,21.0062,22.2666,24.9133,42.0124,10.5031,-4.1543,2.372,4.0,1.278995,12,25,12,3,0E-8,0.12020568,,0E-8,0.000000,0.971432,0.221154,,2026-05-12,2026-06-12,6,25,21,32,0.187500,,,0.000000,,,,,,,,GLOBAL_BASELINE_NO_ENTITY_RANKING,,,NOT_APPLICABLE_GLOBAL_BASELINE,HF9g-P5,,,,X 全窗基线 · 不参与实体赏罚,6871615,688,A168_HF9F_20260827_0900,2026-08-27 09:00:00
2026-05-30,149914877,2088,0,10.5030984140,-10.5030984140,-10.5030984140,0E-7,1,1,0.49324550000000000,0.493245500000,-0.9865810262130424,-0.9865810262130424,-0.9865810262130424,0E-17,ELIGIBLE,R03b_20260811_FULL_v1,L1_ELIGIBILITY,v2026-08-11,2026-03-21..2026-08-06,baccarat_bet02_101_all_pairs_incl_sentinel,round_win = game_pnl > 0 (decisive only),COMPATIBILITY_ONLY_NOT_PRODUCTION,1397.0749,1357.1631,167.9363,104,103,-0.12020568,,-0.12020568,-0.12020568,-167.9363,1397.0749,OK,0.0000,6.7175,4.0000,96.0000,AG03-UNRESOLVED,ALL5_LEVELS_bet23_to_bet27,6.7175,6.7175,6.7175,6.7175,6.7175,4.000000,4.000000,4.000000,4.000000,4.000000,96.000000,96.000000,96.000000,96.000000,96.000000,5.0,33.5873,31.0056,134.3491,136.9307,PENDING_AG03,FALSE,NOT_FOR_ENFORCEMENT,161.2189,1302.8766,167.9363,161.2189,6.7175,0.12020568,0.11539746,6.7175,161.2189,0.11539746,6.7175,6.7175,6.7175,6.7175,6.7175,161.2189,0.11539746,33.5873,31.0056,134.3491,136.9307,0.09616455,0.09801243,0.00480823,13.4334,13.1763,1.6304,27.9894,6.7175,232.8458,17.1667,,13.4334,8.4594,10.5031,21.0062,22.2666,24.9133,42.0124,10.5031,-4.1543,2.372,4.0,1.278995,12,25,12,3,0E-8,0.12020568,,0E-8,0.000000,0.971432,0.221154,,2026-05-12,2026-06-12,6,25,21,32,0.187500,,,0.000000,,,,,,,,GLOBAL_BASELINE_NO_ENTITY_RANKING,,,NOT_APPLICABLE_GLOBAL_BASELINE,HF9g-P5,,,,X 全窗基线 · 不参与实体赏罚,6871616,688,A168_HF9F_20260827_0900,2026-08-27 09:00:00
2026-05-30,149914877,2167,0,521.1637433047,59.9726919442,59.9726919442,0.6086957,24,24,0.49994810000000000,0.499948100000,1.0430698832167407,1.0430698832167407,1.0430698832167407,0E-17,ELIGIBLE,R03b_20260811_FULL_v1,L1_ELIGIBILITY,v2026-08-11,2026-03-21..2026-08-06,baccarat_bet02_101_all_pairs_incl_sentinel,round_win = game_pnl > 0 (decisive only),COMPATIBILITY_ONLY_NOT_PRODUCTION,1397.0749,1357.1631,167.9363,104,103,-0.12020568,,-0.12020568,-0.12020568,-167.9363,1397.0749,OK,0.0000,6.7175,4.0000,96.0000,AG03-UNRESOLVED,ALL5_LEVELS_bet23_to_bet27,6.7175,6.7175,6.7175,6.7175,6.7175,4.000000,4.000000,4.000000,4.000000,4.000000,96.000000,96.000000,96.000000,96.000000,96.000000,5.0,33.5873,31.0056,134.3491,136.9307,PENDING_AG03,FALSE,NOT_FOR_ENFORCEMENT,161.2189,1302.8766,167.9363,161.2189,6.7175,0.12020568,0.11539746,6.7175,161.2189,0.11539746,6.7175,6.7175,6.7175,6.7175,6.7175,161.2189,0.11539746,33.5873,31.0056,134.3491,136.9307,0.09616455,0.09801243,0.00480823,13.4334,13.1763,1.6304,27.9894,6.7175,232.8458,17.1667,,13.4334,8.4594,10.5031,21.0062,22.2666,24.9133,42.0124,10.5031,-4.1543,2.372,4.0,1.278995,12,25,12,3,0E-8,0.12020568,,0E-8,0.000000,0.971432,0.221154,,2026-05-12,2026-06-12,6,25,21,32,0.187500,,,0.000000,,,,,,,,GLOBAL_BASELINE_NO_ENTITY_RANKING,,,NOT_APPLICABLE_GLOBAL_BASELINE,HF9g-P5,,,,X 全窗基线 · 不参与实体赏罚,6871617,688,A168_HF9F_20260827_0900,2026-08-27 09:00:00
2026-05-30,149914877,2169,0,65.5393341035,-22.1195252599,-22.1195252599,0.3333333,3,3,0.50218230000000000,0.502182300000,-0.5849155494134425,-0.5849155494134426,-0.5849155494134425,0E-17,ELIGIBLE,R03b_20260811_FULL_v1,L1_ELIGIBILITY,v2026-08-11,2026-03-21..2026-08-06,baccarat_bet02_101_all_pairs_incl_sentinel,round_win = game_pnl > 0 (decisive only),COMPATIBILITY_ONLY_NOT_PRODUCTION,1397.0749,1357.1631,167.9363,104,103,-0.12020568,,-0.12020568,-0.12020568,-167.9363,1397.0749,OK,0.0000,6.7175,4.0000,96.0000,AG03-UNRESOLVED,ALL5_LEVELS_bet23_to_bet27,6.7175,6.7175,6.7175,6.7175,6.7175,4.000000,4.000000,4.000000,4.000000,4.000000,96.000000,96.000000,96.000000,96.000000,96.000000,5.0,33.5873,31.0056,134.3491,136.9307,PENDING_AG03,FALSE,NOT_FOR_ENFORCEMENT,161.2189,1302.8766,167.9363,161.2189,6.7175,0.12020568,0.11539746,6.7175,161.2189,0.11539746,6.7175,6.7175,6.7175,6.7175,6.7175,161.2189,0.11539746,33.5873,31.0056,134.3491,136.9307,0.09616455,0.09801243,0.00480823,13.4334,13.1763,1.6304,27.9894,6.7175,232.8458,17.1667,,13.4334,8.4594,10.5031,21.0062,22.2666,24.9133,42.0124,10.5031,-4.1543,2.372,4.0,1.278995,12,25,12,3,0E-8,0.12020568,,0E-8,0.000000,0.971432,0.221154,,2026-05-12,2026-06-12,6,25,21,32,0.187500,,,0.000000,,,,,,,,GLOBAL_BASELINE_NO_ENTITY_RANKING,,,NOT_APPLICABLE_GLOBAL_BASELINE,HF9g-P5,,,,X 全窗基线 · 不参与实体赏罚,6871618,688,A168_HF9F_20260827_0900,2026-08-27 09:00:00
2026-05-30,149914877,2171,0,22.2665686377,-22.2665686377,-22.2665686377,0E-7,1,1,0.49324550000000000,0.493245500000,-0.9865810262130424,-0.9865810262130424,-0.9865810262130424,0E-17,ELIGIBLE,R03b_20260811_FULL_v1,L1_ELIGIBILITY,v2026-08-11,2026-03-21..2026-08-06,baccarat_bet02_101_all_pairs_incl_sentinel,round_win = game_pnl > 0 (decisive only),COMPATIBILITY_ONLY_NOT_PRODUCTION,1397.0749,1357.1631,167.9363,104,103,-0.12020568,,-0.12020568,-0.12020568,-167.9363,1397.0749,OK,0.0000,6.7175,4.0000,96.0000,AG03-UNRESOLVED,ALL5_LEVELS_bet23_to_bet27,6.7175,6.7175,6.7175,6.7175,6.7175,4.000000,4.000000,4.000000,4.000000,4.000000,96.000000,96.000000,96.000000,96.000000,96.000000,5.0,33.5873,31.0056,134.3491,136.9307,PENDING_AG03,FALSE,NOT_FOR_ENFORCEMENT,161.2189,1302.8766,167.9363,161.2189,6.7175,0.12020568,0.11539746,6.7175,161.2189,0.11539746,6.7175,6.7175,6.7175,6.7175,6.7175,161.2189,0.11539746,33.5873,31.0056,134.3491,136.9307,0.09616455,0.09801243,0.00480823,13.4334,13.1763,1.6304,27.9894,6.7175,232.8458,17.1667,,13.4334,8.4594,10.5031,21.0062,22.2666,24.9133,42.0124,10.5031,-4.1543,2.372,4.0,1.278995,12,25,12,3,0E-8,0.12020568,,0E-8,0.000000,0.971432,0.221154,,2026-05-12,2026-06-12,6,25,21,32,0.187500,,,0.000000,,,,,,,,GLOBAL_BASELINE_NO_ENTITY_RANKING,,,NOT_APPLICABLE_GLOBAL_BASELINE,HF9g-P5,,,,X 全窗基线 · 不参与实体赏罚,6871619,688,A168_HF9F_20260827_0900,2026-08-27 09:00:00
2026-05-30,149914877,2196,0,31.5092952421,-21.0061968281,-21.0061968281,0E-7,2,2,0.49324550000000000,0.493245500000,-0.9865810262130424,-0.9865810262130424,-0.9865810262130424,0E-17,ELIGIBLE,R03b_20260811_FULL_v1,L1_ELIGIBILITY,v2026-08-11,2026-03-21..2026-08-06,baccarat_bet02_101_all_pairs_incl_sentinel,round_win = game_pnl > 0 (decisive only),COMPATIBILITY_ONLY_NOT_PRODUCTION,1397.0749,1357.1631,167.9363,104,103,-0.12020568,,-0.12020568,-0.12020568,-167.9363,1397.0749,OK,0.0000,6.7175,4.0000,96.0000,AG03-UNRESOLVED,ALL5_LEVELS_bet23_to_bet27,6.7175,6.7175,6.7175,6.7175,6.7175,4.000000,4.000000,4.000000,4.000000,4.000000,96.000000,96.000000,96.000000,96.000000,96.000000,5.0,33.5873,31.0056,134.3491,136.9307,PENDING_AG03,FALSE,NOT_FOR_ENFORCEMENT,161.2189,1302.8766,167.9363,161.2189,6.7175,0.12020568,0.11539746,6.7175,161.2189,0.11539746,6.7175,6.7175,6.7175,6.7175,6.7175,161.2189,0.11539746,33.5873,31.0056,134.3491,136.9307,0.09616455,0.09801243,0.00480823,13.4334,13.1763,1.6304,27.9894,6.7175,232.8458,17.1667,,13.4334,8.4594,10.5031,21.0062,22.2666,24.9133,42.0124,10.5031,-4.1543,2.372,4.0,1.278995,12,25,12,3,0E-8,0.12020568,,0E-8,0.000000,0.971432,0.221154,,2026-05-12,2026-06-12,6,25,21,32,0.187500,,,0.000000,,,,,,,,GLOBAL_BASELINE_NO_ENTITY_RANKING,,,NOT_APPLICABLE_GLOBAL_BASELINE,HF9g-P5,,,,X 全窗基线 · 不参与实体赏罚,6871620,688,A168_HF9F_20260827_0900,2026-08-27 09:00:00
2026-05-30,149914877,2223,0,35.0803487028,-35.0803487028,-35.0803487028,0E-7,2,2,0.49994810000000000,0.499948100000,-1.4140667746232096,-1.4140667746232096,-1.4140667746232096,0E-17,ELIGIBLE,R03b_20260811_FULL_v1,L1_ELIGIBILITY,v2026-08-11,2026-03-21..2026-08-06,baccarat_bet02_101_all_pairs_incl_sentinel,round_win = game_pnl > 0 (decisive only),COMPATIBILITY_ONLY_NOT_PRODUCTION,1397.0749,1357.1631,167.9363,104,103,-0.12020568,,-0.12020568,-0.12020568,-167.9363,1397.0749,OK,0.0000,6.7175,4.0000,96.0000,AG03-UNRESOLVED,ALL5_LEVELS_bet23_to_bet27,6.7175,6.7175,6.7175,6.7175,6.7175,4.000000,4.000000,4.000000,4.000000,4.000000,96.000000,96.000000,96.000000,96.000000,96.000000,5.0,33.5873,31.0056,134.3491,136.9307,PENDING_AG03,FALSE,NOT_FOR_ENFORCEMENT,161.2189,1302.8766,167.9363,161.2189,6.7175,0.12020568,0.11539746,6.7175,161.2189,0.11539746,6.7175,6.7175,6.7175,6.7175,6.7175,161.2189,0.11539746,33.5873,31.0056,134.3491,136.9307,0.09616455,0.09801243,0.00480823,13.4334,13.1763,1.6304,27.9894,6.7175,232.8458,17.1667,,13.4334,8.4594,10.5031,21.0062,22.2666,24.9133,42.0124,10.5031,-4.1543,2.372,4.0,1.278995,12,25,12,3,0E-8,0.12020568,,0E-8,0.000000,0.971432,0.221154,,2026-05-12,2026-06-12,6,25,21,32,0.187500,,,0.000000,,,,,,,,GLOBAL_BASELINE_NO_ENTITY_RANKING,,,NOT_APPLICABLE_GLOBAL_BASELINE,HF9g-P5,,,,X 全窗基线 · 不参与实体赏罚,6871621,688,A168_HF9F_20260827_0900,2026-08-27 09:00:00
2026-06-01,149914877,1210,0,14.5400162018,6.2314355150,6.2314355150,0.6666667,4,3,0.43466065000000000,0.434660650000,0.8106438735773013,0.8106438735773013,0.8106438735773013,0E-17,ELIGIBLE,R03b_20260811_FULL_v1,L1_ELIGIBILITY,v2026-08-11,2026-03-21..2026-08-06,baccarat_bet02_101_all_pairs_incl_sentinel,round_win = game_pnl > 0 (decisive only),COMPATIBILITY_ONLY_NOT_PRODUCTION,1397.0749,1357.1631,167.9363,104,103,-0.12020568,,-0.12020568,-0.12020568,-167.9363,1397.0749,OK,0.0000,6.7175,4.0000,96.0000,AG03-UNRESOLVED,ALL5_LEVELS_bet23_to_bet27,6.7175,6.7175,6.7175,6.7175,6.7175,4.000000,4.000000,4.000000,4.000000,4.000000,96.000000,96.000000,96.000000,96.000000,96.000000,5.0,33.5873,31.0056,134.3491,136.9307,PENDING_AG03,FALSE,NOT_FOR_ENFORCEMENT,161.2189,1302.8766,167.9363,161.2189,6.7175,0.12020568,0.11539746,6.7175,161.2189,0.11539746,6.7175,6.7175,6.7175,6.7175,6.7175,161.2189,0.11539746,33.5873,31.0056,134.3491,136.9307,0.09616455,0.09801243,0.00480823,13.4334,13.1763,1.6304,27.9894,6.7175,232.8458,17.1667,,13.4334,8.4594,10.5031,21.0062,22.2666,24.9133,42.0124,10.5031,-4.1543,2.372,4.0,1.278995,12,25,12,3,0E-8,0.12020568,,0E-8,0.000000,0.971432,0.221154,,2026-05-12,2026-06-12,6,25,21,32,0.187500,,,0.000000,,,,,,,,GLOBAL_BASELINE_NO_ENTITY_RANKING,,,NOT_APPLICABLE_GLOBAL_BASELINE,HF9g-P5,,,,X 全窗基线 · 不参与实体赏罚,6871622,688,A168_HF9F_20260827_0900,2026-08-27 09:00:00
2026-06-01,149914877,1363,0,4.1542903434,4.1542903434,4.1542903434,1.0000000,1,1,0.49324550000000000,0.493245500000,1.01360149184955,1.01360149184955,1.01360149184955,0E-17,ELIGIBLE,R03b_20260811_FULL_v1,L1_ELIGIBILITY,v2026-08-11,2026-03-21..2026-08-06,baccarat_bet02_101_all_pairs_incl_sentinel,round_win = game_pnl > 0 (decisive only),COMPATIBILITY_ONLY_NOT_PRODUCTION,1397.0749,1357.1631,167.9363,104,103,-0.12020568,,-0.12020568,-0.12020568,-167.9363,1397.0749,OK,0.0000,6.7175,4.0000,96.0000,AG03-UNRESOLVED,ALL5_LEVELS_bet23_to_bet27,6.7175,6.7175,6.7175,6.7175,6.7175,4.000000,4.000000,4.000000,4.000000,4.000000,96.000000,96.000000,96.000000,96.000000,96.000000,5.0,33.5873,31.0056,134.3491,136.9307,PENDING_AG03,FALSE,NOT_FOR_ENFORCEMENT,161.2189,1302.8766,167.9363,161.2189,6.7175,0.12020568,0.11539746,6.7175,161.2189,0.11539746,6.7175,6.7175,6.7175,6.7175,6.7175,161.2189,0.11539746,33.5873,31.0056,134.3491,136.9307,0.09616455,0.09801243,0.00480823,13.4334,13.1763,1.6304,27.9894,6.7175,232.8458,17.1667,,13.4334,8.4594,10.5031,21.0062,22.2666,24.9133,42.0124,10.5031,-4.1543,2.372,4.0,1.278995,12,25,12,3,0E-8,0.12020568,,0E-8,0.000000,0.971432,0.221154,,2026-05-12,2026-06-12,6,25,21,32,0.187500,,,0.000000,,,,,,,,GLOBAL_BASELINE_NO_ENTITY_RANKING,,,NOT_APPLICABLE_GLOBAL_BASELINE,HF9g-P5,,,,X 全窗基线 · 不参与实体赏罚,6871623,688,A168_HF9F_20260827_0900,2026-08-27 09:00:00
2026-06-01,149914877,1400,0,31.1571775751,-10.3857258583,-10.3857258583,0.4000000,5,5,0.49860758000000000,0.498607580000,-0.440988213962219,-0.440988213962219,-0.440988213962219,0E-17,ELIGIBLE,R03b_20260811_FULL_v1,L1_ELIGIBILITY,v2026-08-11,2026-03-21..2026-08-06,baccarat_bet02_101_all_pairs_incl_sentinel,round_win = game_pnl > 0 (decisive only),COMPATIBILITY_ONLY_NOT_PRODUCTION,1397.0749,1357.1631,167.9363,104,103,-0.12020568,,-0.12020568,-0.12020568,-167.9363,1397.0749,OK,0.0000,6.7175,4.0000,96.0000,AG03-UNRESOLVED,ALL5_LEVELS_bet23_to_bet27,6.7175,6.7175,6.7175,6.7175,6.7175,4.000000,4.000000,4.000000,4.000000,4.000000,96.000000,96.000000,96.000000,96.000000,96.000000,5.0,33.5873,31.0056,134.3491,136.9307,PENDING_AG03,FALSE,NOT_FOR_ENFORCEMENT,161.2189,1302.8766,167.9363,161.2189,6.7175,0.12020568,0.11539746,6.7175,161.2189,0.11539746,6.7175,6.7175,6.7175,6.7175,6.7175,161.2189,0.11539746,33.5873,31.0056,134.3491,136.9307,0.09616455,0.09801243,0.00480823,13.4334,13.1763,1.6304,27.9894,6.7175,232.8458,17.1667,,13.4334,8.4594,10.5031,21.0062,22.2666,24.9133,42.0124,10.5031,-4.1543,2.372,4.0,1.278995,12,25,12,3,0E-8,0.12020568,,0E-8,0.000000,0.971432,0.221154,,2026-05-12,2026-06-12,6,25,21,32,0.187500,,,0.000000,,,,,,,,GLOBAL_BASELINE_NO_ENTITY_RANKING,,,NOT_APPLICABLE_GLOBAL_BASELINE,HF9g-P5,,,,X 全窗基线 · 不参与实体赏罚,6871624,688,A168_HF9F_20260827_0900,2026-08-27 09:00:00
2026-06-01,149914877,2115,0,13.5014436160,-13.5014436160,-13.5014436160,0E-7,3,3,0.49324550000000000,0.493245500000,-1.708808463184432,-1.7088084631844318,-1.708808463184432,0E-17,ELIGIBLE,R03b_20260811_FULL_v1,L1_ELIGIBILITY,v2026-08-11,2026-03-21..2026-08-06,baccarat_bet02_101_all_pairs_incl_sentinel,round_win = game_pnl > 0 (decisive only),COMPATIBILITY_ONLY_NOT_PRODUCTION,1397.0749,1357.1631,167.9363,104,103,-0.12020568,,-0.12020568,-0.12020568,-167.9363,1397.0749,OK,0.0000,6.7175,4.0000,96.0000,AG03-UNRESOLVED,ALL5_LEVELS_bet23_to_bet27,6.7175,6.7175,6.7175,6.7175,6.7175,4.000000,4.000000,4.000000,4.000000,4.000000,96.000000,96.000000,96.000000,96.000000,96.000000,5.0,33.5873,31.0056,134.3491,136.9307,PENDING_AG03,FALSE,NOT_FOR_ENFORCEMENT,161.2189,1302.8766,167.9363,161.2189,6.7175,0.12020568,0.11539746,6.7175,161.2189,0.11539746,6.7175,6.7175,6.7175,6.7175,6.7175,161.2189,0.11539746,33.5873,31.0056,134.3491,136.9307,0.09616455,0.09801243,0.00480823,13.4334,13.1763,1.6304,27.9894,6.7175,232.8458,17.1667,,13.4334,8.4594,10.5031,21.0062,22.2666,24.9133,42.0124,10.5031,-4.1543,2.372,4.0,1.278995,12,25,12,3,0E-8,0.12020568,,0E-8,0.000000,0.971432,0.221154,,2026-05-12,2026-06-12,6,25,21,32,0.187500,,,0.000000,,,,,,,,GLOBAL_BASELINE_NO_ENTITY_RANKING,,,NOT_APPLICABLE_GLOBAL_BASELINE,HF9g-P5,,,,X 全窗基线 · 不参与实体赏罚,6871625,688,A168_HF9F_20260827_0900,2026-08-27 09:00:00
2026-06-01,149914877,2175,0,10.8011548927,-10.8011548927,-10.8011548927,0E-7,1,1,0.49324550000000000,0.493245500000,-0.9865810262130424,-0.9865810262130424,-0.9865810262130424,0E-17,ELIGIBLE,R03b_20260811_FULL_v1,L1_ELIGIBILITY,v2026-08-11,2026-03-21..2026-08-06,baccarat_bet02_101_all_pairs_incl_sentinel,round_win = game_pnl > 0 (decisive only),COMPATIBILITY_ONLY_NOT_PRODUCTION,1397.0749,1357.1631,167.9363,104,103,-0.12020568,,-0.12020568,-0.12020568,-167.9363,1397.0749,OK,0.0000,6.7175,4.0000,96.0000,AG03-UNRESOLVED,ALL5_LEVELS_bet23_to_bet27,6.7175,6.7175,6.7175,6.7175,6.7175,4.000000,4.000000,4.000000,4.000000,4.000000,96.000000,96.000000,96.000000,96.000000,96.000000,5.0,33.5873,31.0056,134.3491,136.9307,PENDING_AG03,FALSE,NOT_FOR_ENFORCEMENT,161.2189,1302.8766,167.9363,161.2189,6.7175,0.12020568,0.11539746,6.7175,161.2189,0.11539746,6.7175,6.7175,6.7175,6.7175,6.7175,161.2189,0.11539746,33.5873,31.0056,134.3491,136.9307,0.09616455,0.09801243,0.00480823,13.4334,13.1763,1.6304,27.9894,6.7175,232.8458,17.1667,,13.4334,8.4594,10.5031,21.0062,22.2666,24.9133,42.0124,10.5031,-4.1543,2.372,4.0,1.278995,12,25,12,3,0E-8,0.12020568,,0E-8,0.000000,0.971432,0.221154,,2026-05-12,2026-06-12,6,25,21,32,0.187500,,,0.000000,,,,,,,,GLOBAL_BASELINE_NO_ENTITY_RANKING,,,NOT_APPLICABLE_GLOBAL_BASELINE,HF9g-P5,,,,X 全窗基线 · 不参与实体赏罚,6871626,688,A168_HF9F_20260827_0900,2026-08-27 09:00:00
2026-06-01,149914877,2235,0,11.2165839270,11.2165839270,11.2165839270,1.0000000,2,2,0.50665070000000000,0.506650700000,1.3955260008387969,1.3955260008387969,1.3955260008387969,0E-17,ELIGIBLE,R03b_20260811_FULL_v1,L1_ELIGIBILITY,v2026-08-11,2026-03-21..2026-08-06,baccarat_bet02_101_all_pairs_incl_sentinel,round_win = game_pnl > 0 (decisive only),COMPATIBILITY_ONLY_NOT_PRODUCTION,1397.0749,1357.1631,167.9363,104,103,-0.12020568,,-0.12020568,-0.12020568,-167.9363,1397.0749,OK,0.0000,6.7175,4.0000,96.0000,AG03-UNRESOLVED,ALL5_LEVELS_bet23_to_bet27,6.7175,6.7175,6.7175,6.7175,6.7175,4.000000,4.000000,4.000000,4.000000,4.000000,96.000000,96.000000,96.000000,96.000000,96.000000,5.0,33.5873,31.0056,134.3491,136.9307,PENDING_AG03,FALSE,NOT_FOR_ENFORCEMENT,161.2189,1302.8766,167.9363,161.2189,6.7175,0.12020568,0.11539746,6.7175,161.2189,0.11539746,6.7175,6.7175,6.7175,6.7175,6.7175,161.2189,0.11539746,33.5873,31.0056,134.3491,136.9307,0.09616455,0.09801243,0.00480823,13.4334,13.1763,1.6304,27.9894,6.7175,232.8458,17.1667,,13.4334,8.4594,10.5031,21.0062,22.2666,24.9133,42.0124,10.5031,-4.1543,2.372,4.0,1.278995,12,25,12,3,0E-8,0.12020568,,0E-8,0.000000,0.971432,0.221154,,2026-05-12,2026-06-12,6,25,21,32,0.187500,,,0.000000,,,,,,,,GLOBAL_BASELINE_NO_ENTITY_RANKING,,,NOT_APPLICABLE_GLOBAL_BASELINE,HF9g-P5,,,,X 全窗基线 · 不参与实体赏罚,6871627,688,A168_HF9F_20260827_0900,2026-08-27 09:00:00
2026-06-01,149914877,2252,0,14.5400162018,-14.5400162018,-14.5400162018,0E-7,2,2,0.50665070000000000,0.506650700000,-1.4331513700195317,-1.4331513700195317,-1.4331513700195317,0E-17,ELIGIBLE,R03b_20260811_FULL_v1,L1_ELIGIBILITY,v2026-08-11,2026-03-21..2026-08-06,baccarat_bet02_101_all_pairs_incl_sentinel,round_win = game_pnl > 0 (decisive only),COMPATIBILITY_ONLY_NOT_PRODUCTION,1397.0749,1357.1631,167.9363,104,103,-0.12020568,,-0.12020568,-0.12020568,-167.9363,1397.0749,OK,0.0000,6.7175,4.0000,96.0000,AG03-UNRESOLVED,ALL5_LEVELS_bet23_to_bet27,6.7175,6.7175,6.7175,6.7175,6.7175,4.000000,4.000000,4.000000,4.000000,4.000000,96.000000,96.000000,96.000000,96.000000,96.000000,5.0,33.5873,31.0056,134.3491,136.9307,PENDING_AG03,FALSE,NOT_FOR_ENFORCEMENT,161.2189,1302.8766,167.9363,161.2189,6.7175,0.12020568,0.11539746,6.7175,161.2189,0.11539746,6.7175,6.7175,6.7175,6.7175,6.7175,161.2189,0.11539746,33.5873,31.0056,134.3491,136.9307,0.09616455,0.09801243,0.00480823,13.4334,13.1763,1.6304,27.9894,6.7175,232.8458,17.1667,,13.4334,8.4594,10.5031,21.0062,22.2666,24.9133,42.0124,10.5031,-4.1543,2.372,4.0,1.278995,12,25,12,3,0E-8,0.12020568,,0E-8,0.000000,0.971432,0.221154,,2026-05-12,2026-06-12,6,25,21,32,0.187500,,,0.000000,,,,,,,,GLOBAL_BASELINE_NO_ENTITY_RANKING,,,NOT_APPLICABLE_GLOBAL_BASELINE,HF9g-P5,,,,X 全窗基线 · 不参与实体赏罚,6871628,688,A168_HF9F_20260827_0900,2026-08-27 09:00:00
2026-06-02,149914877,1210,0,28.6646033691,-16.5133041148,-16.5133041148,0.3333333,3,3,0.50218230000000000,0.502182300000,-0.5849155494134425,-0.5849155494134426,-0.5849155494134425,0E-17,ELIGIBLE,R03b_20260811_FULL_v1,L1_ELIGIBILITY,v2026-08-11,2026-03-21..2026-08-06,baccarat_bet02_101_all_pairs_incl_sentinel,round_win = game_pnl > 0 (decisive only),COMPATIBILITY_ONLY_NOT_PRODUCTION,1397.0749,1357.1631,167.9363,104,103,-0.12020568,,-0.12020568,-0.12020568,-167.9363,1397.0749,OK,0.0000,6.7175,4.0000,96.0000,AG03-UNRESOLVED,ALL5_LEVELS_bet23_to_bet27,6.7175,6.7175,6.7175,6.7175,6.7175,4.000000,4.000000,4.000000,4.000000,4.000000,96.000000,96.000000,96.000000,96.000000,96.000000,5.0,33.5873,31.0056,134.3491,136.9307,PENDING_AG03,FALSE,NOT_FOR_ENFORCEMENT,161.2189,1302.8766,167.9363,161.2189,6.7175,0.12020568,0.11539746,6.7175,161.2189,0.11539746,6.7175,6.7175,6.7175,6.7175,6.7175,161.2189,0.11539746,33.5873,31.0056,134.3491,136.9307,0.09616455,0.09801243,0.00480823,13.4334,13.1763,1.6304,27.9894,6.7175,232.8458,17.1667,,13.4334,8.4594,10.5031,21.0062,22.2666,24.9133,42.0124,10.5031,-4.1543,2.372,4.0,1.278995,12,25,12,3,0E-8,0.12020568,,0E-8,0.000000,0.971432,0.221154,,2026-05-12,2026-06-12,6,25,21,32,0.187500,,,0.000000,,,,,,,,GLOBAL_BASELINE_NO_ENTITY_RANKING,,,NOT_APPLICABLE_GLOBAL_BASELINE,HF9g-P5,,,,X 全窗基线 · 不参与实体赏罚,6871629,688,A168_HF9F_20260827_0900,2026-08-27 09:00:00
2026-06-02,149914877,1384,0,8.5162952039,8.0904804437,8.0904804437,1.0000000,1,1,0.50665070000000000,0.506650700000,0.9867858985152569,0.9867858985152569,0.9867858985152569,0E-17,ELIGIBLE,R03b_20260811_FULL_v1,L1_ELIGIBILITY,v2026-08-11,2026-03-21..2026-08-06,baccarat_bet02_101_all_pairs_incl_sentinel,round_win = game_pnl > 0 (decisive only),COMPATIBILITY_ONLY_NOT_PRODUCTION,1397.0749,1357.1631,167.9363,104,103,-0.12020568,,-0.12020568,-0.12020568,-167.9363,1397.0749,OK,0.0000,6.7175,4.0000,96.0000,AG03-UNRESOLVED,ALL5_LEVELS_bet23_to_bet27,6.7175,6.7175,6.7175,6.7175,6.7175,4.000000,4.000000,4.000000,4.000000,4.000000,96.000000,96.000000,96.000000,96.000000,96.000000,5.0,33.5873,31.0056,134.3491,136.9307,PENDING_AG03,FALSE,NOT_FOR_ENFORCEMENT,161.2189,1302.8766,167.9363,161.2189,6.7175,0.12020568,0.11539746,6.7175,161.2189,0.11539746,6.7175,6.7175,6.7175,6.7175,6.7175,161.2189,0.11539746,33.5873,31.0056,134.3491,136.9307,0.09616455,0.09801243,0.00480823,13.4334,13.1763,1.6304,27.9894,6.7175,232.8458,17.1667,,13.4334,8.4594,10.5031,21.0062,22.2666,24.9133,42.0124,10.5031,-4.1543,2.372,4.0,1.278995,12,25,12,3,0E-8,0.12020568,,0E-8,0.000000,0.971432,0.221154,,2026-05-12,2026-06-12,6,25,21,32,0.187500,,,0.000000,,,,,,,,GLOBAL_BASELINE_NO_ENTITY_RANKING,,,NOT_APPLICABLE_GLOBAL_BASELINE,HF9g-P5,,,,X 全窗基线 · 不参与实体赏罚,6871630,688,A168_HF9F_20260827_0900,2026-08-27 09:00:00
2026-06-02,149914877,2106,0,10.3857258584,-10.3857258584,-10.3857258584,0E-7,1,1,0.50665070000000000,0.506650700000,-1.013391052207602,-1.013391052207602,-1.013391052207602,0E-17,ELIGIBLE,R03b_20260811_FULL_v1,L1_ELIGIBILITY,v2026-08-11,2026-03-21..2026-08-06,baccarat_bet02_101_all_pairs_incl_sentinel,round_win = game_pnl > 0 (decisive only),COMPATIBILITY_ONLY_NOT_PRODUCTION,1397.0749,1357.1631,167.9363,104,103,-0.12020568,,-0.12020568,-0.12020568,-167.9363,1397.0749,OK,0.0000,6.7175,4.0000,96.0000,AG03-UNRESOLVED,ALL5_LEVELS_bet23_to_bet27,6.7175,6.7175,6.7175,6.7175,6.7175,4.000000,4.000000,4.000000,4.000000,4.000000,96.000000,96.000000,96.000000,96.000000,96.000000,5.0,33.5873,31.0056,134.3491,136.9307,PENDING_AG03,FALSE,NOT_FOR_ENFORCEMENT,161.2189,1302.8766,167.9363,161.2189,6.7175,0.12020568,0.11539746,6.7175,161.2189,0.11539746,6.7175,6.7175,6.7175,6.7175,6.7175,161.2189,0.11539746,33.5873,31.0056,134.3491,136.9307,0.09616455,0.09801243,0.00480823,13.4334,13.1763,1.6304,27.9894,6.7175,232.8458,17.1667,,13.4334,8.4594,10.5031,21.0062,22.2666,24.9133,42.0124,10.5031,-4.1543,2.372,4.0,1.278995,12,25,12,3,0E-8,0.12020568,,0E-8,0.000000,0.971432,0.221154,,2026-05-12,2026-06-12,6,25,21,32,0.187500,,,0.000000,,,,,,,,GLOBAL_BASELINE_NO_ENTITY_RANKING,,,NOT_APPLICABLE_GLOBAL_BASELINE,HF9g-P5,,,,X 全窗基线 · 不参与实体赏罚,6871631,688,A168_HF9F_20260827_0900,2026-08-27 09:00:00
2026-06-12,149914877,1507,0,41.5429034336,-41.5429034336,-41.5429034336,0E-7,2,2,0.49994810000000000,0.499948100000,-1.4140667746232096,-1.4140667746232096,-1.4140667746232096,0E-17,ELIGIBLE,R03b_20260811_FULL_v1,L1_ELIGIBILITY,v2026-08-11,2026-03-21..2026-08-06,baccarat_bet02_101_all_pairs_incl_sentinel,round_win = game_pnl > 0 (decisive only),COMPATIBILITY_ONLY_NOT_PRODUCTION,1397.0749,1357.1631,167.9363,104,103,-0.12020568,,-0.12020568,-0.12020568,-167.9363,1397.0749,OK,0.0000,6.7175,4.0000,96.0000,AG03-UNRESOLVED,ALL5_LEVELS_bet23_to_bet27,6.7175,6.7175,6.7175,6.7175,6.7175,4.000000,4.000000,4.000000,4.000000,4.000000,96.000000,96.000000,96.000000,96.000000,96.000000,5.0,33.5873,31.0056,134.3491,136.9307,PENDING_AG03,FALSE,NOT_FOR_ENFORCEMENT,161.2189,1302.8766,167.9363,161.2189,6.7175,0.12020568,0.11539746,6.7175,161.2189,0.11539746,6.7175,6.7175,6.7175,6.7175,6.7175,161.2189,0.11539746,33.5873,31.0056,134.3491,136.9307,0.09616455,0.09801243,0.00480823,13.4334,13.1763,1.6304,27.9894,6.7175,232.8458,17.1667,,13.4334,8.4594,10.5031,21.0062,22.2666,24.9133,42.0124,10.5031,-4.1543,2.372,4.0,1.278995,12,25,12,3,0E-8,0.12020568,,0E-8,0.000000,0.971432,0.221154,,2026-05-12,2026-06-12,6,25,21,32,0.187500,,,0.000000,,,,,,,,GLOBAL_BASELINE_NO_ENTITY_RANKING,,,NOT_APPLICABLE_GLOBAL_BASELINE,HF9g-P5,,,,X 全窗基线 · 不参与实体赏罚,6871632,688,A168_HF9F_20260827_0900,2026-08-27 09:00:00
2026-06-12,149914877,2115,0,1.0385725858,-1.0385725858,-1.0385725858,0E-7,1,1,0.50665070000000000,0.506650700000,-1.013391052207602,-1.013391052207602,-1.013391052207602,0E-17,ELIGIBLE,R03b_20260811_FULL_v1,L1_ELIGIBILITY,v2026-08-11,2026-03-21..2026-08-06,baccarat_bet02_101_all_pairs_incl_sentinel,round_win = game_pnl > 0 (decisive only),COMPATIBILITY_ONLY_NOT_PRODUCTION,1397.0749,1357.1631,167.9363,104,103,-0.12020568,,-0.12020568,-0.12020568,-167.9363,1397.0749,OK,0.0000,6.7175,4.0000,96.0000,AG03-UNRESOLVED,ALL5_LEVELS_bet23_to_bet27,6.7175,6.7175,6.7175,6.7175,6.7175,4.000000,4.000000,4.000000,4.000000,4.000000,96.000000,96.000000,96.000000,96.000000,96.000000,5.0,33.5873,31.0056,134.3491,136.9307,PENDING_AG03,FALSE,NOT_FOR_ENFORCEMENT,161.2189,1302.8766,167.9363,161.2189,6.7175,0.12020568,0.11539746,6.7175,161.2189,0.11539746,6.7175,6.7175,6.7175,6.7175,6.7175,161.2189,0.11539746,33.5873,31.0056,134.3491,136.9307,0.09616455,0.09801243,0.00480823,13.4334,13.1763,1.6304,27.9894,6.7175,232.8458,17.1667,,13.4334,8.4594,10.5031,21.0062,22.2666,24.9133,42.0124,10.5031,-4.1543,2.372,4.0,1.278995,12,25,12,3,0E-8,0.12020568,,0E-8,0.000000,0.971432,0.221154,,2026-05-12,2026-06-12,6,25,21,32,0.187500,,,0.000000,,,,,,,,GLOBAL_BASELINE_NO_ENTITY_RANKING,,,NOT_APPLICABLE_GLOBAL_BASELINE,HF9g-P5,,,,X 全窗基线 · 不参与实体赏罚,6871633,688,A168_HF9F_20260827_0900,2026-08-27 09:00:00
2026-05-12,149950021,1507,0,103.7828862021,-103.7828862021,-103.7828862021,0E-7,1,1,0.49324550000000000,0.493245500000,-0.9865810262130424,-0.9865810262130424,-0.9865810262130424,0E-17,ELIGIBLE,R03b_20260811_FULL_v1,L1_ELIGIBILITY,v2026-08-11,2026-03-21..2026-08-06,baccarat_bet02_101_all_pairs_incl_sentinel,round_win = game_pnl > 0 (decisive only),COMPATIBILITY_ONLY_NOT_PRODUCTION,897.3954,793.8427,166.2114,20,19,-0.18521539,0.12411765,-0.28534674,-0.18521539,-166.2114,897.3954,THIN_EXPOSURE,0.0000,4.9863,3.0000,97.0000,AG03-UNRESOLVED,ALL5_LEVELS_bet23_to_bet27,4.9863,4.9863,4.9863,6.6485,6.6485,3.000000,3.000000,3.000000,4.000000,4.000000,97.000000,97.000000,97.000000,96.000000,96.000000,5.0,28.2559,26.4078,137.9555,139.8037,PENDING_AG03,FALSE,NOT_FOR_ENFORCEMENT,161.2251,770.0274,166.2114,161.2251,4.9863,0.18521539,0.17965893,4.9863,161.2251,0.17965893,4.9863,4.9863,4.9863,6.6485,6.6485,161.2251,0.17965893,28.2559,26.4078,137.9555,139.8037,0.15372877,0.15578826,0.00555646,44.8698,41.7812,8.7480,33.2423,12.7855,179.4791,3.8000,54.8628,42.3715,25.7155,25.7155,76.3544,93.1999,103.7829,103.7829,25.7155,-5.1636,4.035805,4.035805,1.744851,9,14,10,3,0.24454227,0.18521539,-0.12411765,0E-8,0.000000,0.884608,0.000000,0.40946438,2026-05-12,2026-07-29,5,13,13,79,0.063291,1.294803,1.222711,0.815141,,,,,,,,GLOBAL_BASELINE_NO_ENTITY_RANKING,,,NOT_APPLICABLE_GLOBAL_BASELINE,HF9g-P5,,,,X 全窗基线 · 不参与实体赏罚,6871634,688,A168_HF9F_20260827_0900,2026-08-27 09:00:00
2026-05-12,149950021,2088,0,77.8371646515,0E-10,0E-10,,1,1,0.49324550000000000,0.493245500000,,,,0E-17,NO_DECISIVE_ROUND,R03b_20260811_FULL_v1,L1_ELIGIBILITY,v2026-08-11,2026-03-21..2026-08-06,baccarat_bet02_101_all_pairs_incl_sentinel,round_win = game_pnl > 0 (decisive only),COMPATIBILITY_ONLY_NOT_PRODUCTION,897.3954,793.8427,166.2114,20,19,-0.18521539,0.12411765,-0.28534674,-0.18521539,-166.2114,897.3954,THIN_EXPOSURE,0.0000,4.9863,3.0000,97.0000,AG03-UNRESOLVED,ALL5_LEVELS_bet23_to_bet27,4.9863,4.9863,4.9863,6.6485,6.6485,3.000000,3.000000,3.000000,4.000000,4.000000,97.000000,97.000000,97.000000,96.000000,96.000000,5.0,28.2559,26.4078,137.9555,139.8037,PENDING_AG03,FALSE,NOT_FOR_ENFORCEMENT,161.2251,770.0274,166.2114,161.2251,4.9863,0.18521539,0.17965893,4.9863,161.2251,0.17965893,4.9863,4.9863,4.9863,6.6485,6.6485,161.2251,0.17965893,28.2559,26.4078,137.9555,139.8037,0.15372877,0.15578826,0.00555646,44.8698,41.7812,8.7480,33.2423,12.7855,179.4791,3.8000,54.8628,42.3715,25.7155,25.7155,76.3544,93.1999,103.7829,103.7829,25.7155,-5.1636,4.035805,4.035805,1.744851,9,14,10,3,0.24454227,0.18521539,-0.12411765,0E-8,0.000000,0.884608,0.000000,0.40946438,2026-05-12,2026-07-29,5,13,13,79,0.063291,1.294803,1.222711,0.815141,,,,,,,,GLOBAL_BASELINE_NO_ENTITY_RANKING,,,NOT_APPLICABLE_GLOBAL_BASELINE,HF9g-P5,,,,X 全窗基线 · 不参与实体赏罚,6871635,688,A168_HF9F_20260827_0900,2026-08-27 09:00:00
2026-05-12,149950021,2223,0,181.6200508536,-25.9457215506,-25.9457215506,0.5000000,2,2,0.49324550000000000,0.493245500000,0.01910635448239258,0.01910635448239258,0.01910635448239258,0E-17,ELIGIBLE,R03b_20260811_FULL_v1,L1_ELIGIBILITY,v2026-08-11,2026-03-21..2026-08-06,baccarat_bet02_101_all_pairs_incl_sentinel,round_win = game_pnl > 0 (decisive only),COMPATIBILITY_ONLY_NOT_PRODUCTION,897.3954,793.8427,166.2114,20,19,-0.18521539,0.12411765,-0.28534674,-0.18521539,-166.2114,897.3954,THIN_EXPOSURE,0.0000,4.9863,3.0000,97.0000,AG03-UNRESOLVED,ALL5_LEVELS_bet23_to_bet27,4.9863,4.9863,4.9863,6.6485,6.6485,3.000000,3.000000,3.000000,4.000000,4.000000,97.000000,97.000000,97.000000,96.000000,96.000000,5.0,28.2559,26.4078,137.9555,139.8037,PENDING_AG03,FALSE,NOT_FOR_ENFORCEMENT,161.2251,770.0274,166.2114,161.2251,4.9863,0.18521539,0.17965893,4.9863,161.2251,0.17965893,4.9863,4.9863,4.9863,6.6485,6.6485,161.2251,0.17965893,28.2559,26.4078,137.9555,139.8037,0.15372877,0.15578826,0.00555646,44.8698,41.7812,8.7480,33.2423,12.7855,179.4791,3.8000,54.8628,42.3715,25.7155,25.7155,76.3544,93.1999,103.7829,103.7829,25.7155,-5.1636,4.035805,4.035805,1.744851,9,14,10,3,0.24454227,0.18521539,-0.12411765,0E-8,0.000000,0.884608,0.000000,0.40946438,2026-05-12,2026-07-29,5,13,13,79,0.063291,1.294803,1.222711,0.815141,,,,,,,,GLOBAL_BASELINE_NO_ENTITY_RANKING,,,NOT_APPLICABLE_GLOBAL_BASELINE,HF9g-P5,,,,X 全窗基线 · 不参与实体赏罚,6871636,688,A168_HF9F_20260827_0900,2026-08-27 09:00:00
2026-05-13,149950021,1401,0,51.8914431010,-51.8914431010,-51.8914431010,0E-7,1,1,0.49324550000000000,0.493245500000,-0.9865810262130424,-0.9865810262130424,-0.9865810262130424,0E-17,ELIGIBLE,R03b_20260811_FULL_v1,L1_ELIGIBILITY,v2026-08-11,2026-03-21..2026-08-06,baccarat_bet02_101_all_pairs_incl_sentinel,round_win = game_pnl > 0 (decisive only),COMPATIBILITY_ONLY_NOT_PRODUCTION,897.3954,793.8427,166.2114,20,19,-0.18521539,0.12411765,-0.28534674,-0.18521539,-166.2114,897.3954,THIN_EXPOSURE,0.0000,4.9863,3.0000,97.0000,AG03-UNRESOLVED,ALL5_LEVELS_bet23_to_bet27,4.9863,4.9863,4.9863,6.6485,6.6485,3.000000,3.000000,3.000000,4.000000,4.000000,97.000000,97.000000,97.000000,96.000000,96.000000,5.0,28.2559,26.4078,137.9555,139.8037,PENDING_AG03,FALSE,NOT_FOR_ENFORCEMENT,161.2251,770.0274,166.2114,161.2251,4.9863,0.18521539,0.17965893,4.9863,161.2251,0.17965893,4.9863,4.9863,4.9863,6.6485,6.6485,161.2251,0.17965893,28.2559,26.4078,137.9555,139.8037,0.15372877,0.15578826,0.00555646,44.8698,41.7812,8.7480,33.2423,12.7855,179.4791,3.8000,54.8628,42.3715,25.7155,25.7155,76.3544,93.1999,103.7829,103.7829,25.7155,-5.1636,4.035805,4.035805,1.744851,9,14,10,3,0.24454227,0.18521539,-0.12411765,0E-8,0.000000,0.884608,0.000000,0.40946438,2026-05-12,2026-07-29,5,13,13,79,0.063291,1.294803,1.222711,0.815141,,,,,,,,GLOBAL_BASELINE_NO_ENTITY_RANKING,,,NOT_APPLICABLE_GLOBAL_BASELINE,HF9g-P5,,,,X 全窗基线 · 不参与实体赏罚,6871637,688,A168_HF9F_20260827_0900,2026-08-27 09:00:00
2026-06-11,149950021,1109,0,23.6582919742,23.6582919742,23.6582919742,1.0000000,1,1,0.49324550000000000,0.493245500000,1.01360149184955,1.01360149184955,1.01360149184955,0E-17,ELIGIBLE,R03b_20260811_FULL_v1,L1_ELIGIBILITY,v2026-08-11,2026-03-21..2026-08-06,baccarat_bet02_101_all_pairs_incl_sentinel,round_win = game_pnl > 0 (decisive only),COMPATIBILITY_ONLY_NOT_PRODUCTION,897.3954,793.8427,166.2114,20,19,-0.18521539,0.12411765,-0.28534674,-0.18521539,-166.2114,897.3954,THIN_EXPOSURE,0.0000,4.9863,3.0000,97.0000,AG03-UNRESOLVED,ALL5_LEVELS_bet23_to_bet27,4.9863,4.9863,4.9863,6.6485,6.6485,3.000000,3.000000,3.000000,4.000000,4.000000,97.000000,97.000000,97.000000,96.000000,96.000000,5.0,28.2559,26.4078,137.9555,139.8037,PENDING_AG03,FALSE,NOT_FOR_ENFORCEMENT,161.2251,770.0274,166.2114,161.2251,4.9863,0.18521539,0.17965893,4.9863,161.2251,0.17965893,4.9863,4.9863,4.9863,6.6485,6.6485,161.2251,0.17965893,28.2559,26.4078,137.9555,139.8037,0.15372877,0.15578826,0.00555646,44.8698,41.7812,8.7480,33.2423,12.7855,179.4791,3.8000,54.8628,42.3715,25.7155,25.7155,76.3544,93.1999,103.7829,103.7829,25.7155,-5.1636,4.035805,4.035805,1.744851,9,14,10,3,0.24454227,0.18521539,-0.12411765,0E-8,0.000000,0.884608,0.000000,0.40946438,2026-05-12,2026-07-29,5,13,13,79,0.063291,1.294803,1.222711,0.815141,,,,,,,,GLOBAL_BASELINE_NO_ENTITY_RANKING,,,NOT_APPLICABLE_GLOBAL_BASELINE,HF9g-P5,,,,X 全窗基线 · 不参与实体赏罚,6871638,688,A168_HF9F_20260827_0900,2026-08-27 09:00:00
2026-06-11,149950021,2246,0,21.6010491938,-21.6010491938,-21.6010491938,0E-7,1,1,0.49324550000000000,0.493245500000,-0.9865810262130424,-0.9865810262130424,-0.9865810262130424,0E-17,ELIGIBLE,R03b_20260811_FULL_v1,L1_ELIGIBILITY,v2026-08-11,2026-03-21..2026-08-06,baccarat_bet02_101_all_pairs_incl_sentinel,round_win = game_pnl > 0 (decisive only),COMPATIBILITY_ONLY_NOT_PRODUCTION,897.3954,793.8427,166.2114,20,19,-0.18521539,0.12411765,-0.28534674,-0.18521539,-166.2114,897.3954,THIN_EXPOSURE,0.0000,4.9863,3.0000,97.0000,AG03-UNRESOLVED,ALL5_LEVELS_bet23_to_bet27,4.9863,4.9863,4.9863,6.6485,6.6485,3.000000,3.000000,3.000000,4.000000,4.000000,97.000000,97.000000,97.000000,96.000000,96.000000,5.0,28.2559,26.4078,137.9555,139.8037,PENDING_AG03,FALSE,NOT_FOR_ENFORCEMENT,161.2251,770.0274,166.2114,161.2251,4.9863,0.18521539,0.17965893,4.9863,161.2251,0.17965893,4.9863,4.9863,4.9863,6.6485,6.6485,161.2251,0.17965893,28.2559,26.4078,137.9555,139.8037,0.15372877,0.15578826,0.00555646,44.8698,41.7812,8.7480,33.2423,12.7855,179.4791,3.8000,54.8628,42.3715,25.7155,25.7155,76.3544,93.1999,103.7829,103.7829,25.7155,-5.1636,4.035805,4.035805,1.744851,9,14,10,3,0.24454227,0.18521539,-0.12411765,0E-8,0.000000,0.884608,0.000000,0.40946438,2026-05-12,2026-07-29,5,13,13,79,0.063291,1.294803,1.222711,0.815141,,,,,,,,GLOBAL_BASELINE_NO_ENTITY_RANKING,,,NOT_APPLICABLE_GLOBAL_BASELINE,HF9g-P5,,,,X 全窗基线 · 不参与实体赏罚,6871639,688,A168_HF9F_20260827_0900,2026-08-27 09:00:00
2026-06-11,149950021,925,0,11.8291459871,11.8291459871,11.8291459871,1.0000000,1,1,0.49324550000000000,0.493245500000,1.01360149184955,1.01360149184955,1.01360149184955,0E-17,ELIGIBLE,R03b_20260811_FULL_v1,L1_ELIGIBILITY,v2026-08-11,2026-03-21..2026-08-06,baccarat_bet02_101_all_pairs_incl_sentinel,round_win = game_pnl > 0 (decisive only),COMPATIBILITY_ONLY_NOT_PRODUCTION,897.3954,793.8427,166.2114,20,19,-0.18521539,0.12411765,-0.28534674,-0.18521539,-166.2114,897.3954,THIN_EXPOSURE,0.0000,4.9863,3.0000,97.0000,AG03-UNRESOLVED,ALL5_LEVELS_bet23_to_bet27,4.9863,4.9863,4.9863,6.6485,6.6485,3.000000,3.000000,3.000000,4.000000,4.000000,97.000000,97.000000,97.000000,96.000000,96.000000,5.0,28.2559,26.4078,137.9555,139.8037,PENDING_AG03,FALSE,NOT_FOR_ENFORCEMENT,161.2251,770.0274,166.2114,161.2251,4.9863,0.18521539,0.17965893,4.9863,161.2251,0.17965893,4.9863,4.9863,4.9863,6.6485,6.6485,161.2251,0.17965893,28.2559,26.4078,137.9555,139.8037,0.15372877,0.15578826,0.00555646,44.8698,41.7812,8.7480,33.2423,12.7855,179.4791,3.8000,54.8628,42.3715,25.7155,25.7155,76.3544,93.1999,103.7829,103.7829,25.7155,-5.1636,4.035805,4.035805,1.744851,9,14,10,3,0.24454227,0.18521539,-0.12411765,0E-8,0.000000,0.884608,0.000000,0.40946438,2026-05-12,2026-07-29,5,13,13,79,0.063291,1.294803,1.222711,0.815141,,,,,,,,GLOBAL_BASELINE_NO_ENTITY_RANKING,,,NOT_APPLICABLE_GLOBAL_BASELINE,HF9g-P5,,,,X 全窗基线 · 不参与实体赏罚,6871640,688,A168_HF9F_20260827_0900,2026-08-27 09:00:00
2026-06-12,149950021,-1,1,77.1466042635,25.7155347545,25.7155347545,0.6666667,3,3,0.49771390000000000,0.497713900000,0.5852756695216578,0.5852756695216578,0.5852756695216578,0E-17,SENTINEL_DEALER,R03b_20260811_FULL_v1,L1_ELIGIBILITY,v2026-08-11,2026-03-21..2026-08-06,baccarat_bet02_101_all_pairs_incl_sentinel,round_win = game_pnl > 0 (decisive only),COMPATIBILITY_ONLY_NOT_PRODUCTION,897.3954,793.8427,166.2114,20,19,-0.18521539,0.12411765,-0.28534674,-0.18521539,-166.2114,897.3954,THIN_EXPOSURE,0.0000,4.9863,3.0000,97.0000,AG03-UNRESOLVED,ALL5_LEVELS_bet23_to_bet27,4.9863,4.9863,4.9863,6.6485,6.6485,3.000000,3.000000,3.000000,4.000000,4.000000,97.000000,97.000000,97.000000,96.000000,96.000000,5.0,28.2559,26.4078,137.9555,139.8037,PENDING_AG03,FALSE,NOT_FOR_ENFORCEMENT,161.2251,770.0274,166.2114,161.2251,4.9863,0.18521539,0.17965893,4.9863,161.2251,0.17965893,4.9863,4.9863,4.9863,6.6485,6.6485,161.2251,0.17965893,28.2559,26.4078,137.9555,139.8037,0.15372877,0.15578826,0.00555646,44.8698,41.7812,8.7480,33.2423,12.7855,179.4791,3.8000,54.8628,42.3715,25.7155,25.7155,76.3544,93.1999,103.7829,103.7829,25.7155,-5.1636,4.035805,4.035805,1.744851,9,14,10,3,0.24454227,0.18521539,-0.12411765,0E-8,0.000000,0.884608,0.000000,0.40946438,2026-05-12,2026-07-29,5,13,13,79,0.063291,1.294803,1.222711,0.815141,,,,,,,,GLOBAL_BASELINE_NO_ENTITY_RANKING,,,NOT_APPLICABLE_GLOBAL_BASELINE,HF9g-P5,,,,X 全窗基线 · 不参与实体赏罚,6871641,688,A168_HF9F_20260827_0900,2026-08-27 09:00:00
2026-06-12,149950021,1374,0,51.4310695090,0E-10,0E-10,0.5000000,2,2,0.49994810000000000,0.499948100000,0.00014679536856514622,0.00014679536856514622,0.00014679536856514622,0E-17,ELIGIBLE,R03b_20260811_FULL_v1,L1_ELIGIBILITY,v2026-08-11,2026-03-21..2026-08-06,baccarat_bet02_101_all_pairs_incl_sentinel,round_win = game_pnl > 0 (decisive only),COMPATIBILITY_ONLY_NOT_PRODUCTION,897.3954,793.8427,166.2114,20,19,-0.18521539,0.12411765,-0.28534674,-0.18521539,-166.2114,897.3954,THIN_EXPOSURE,0.0000,4.9863,3.0000,97.0000,AG03-UNRESOLVED,ALL5_LEVELS_bet23_to_bet27,4.9863,4.9863,4.9863,6.6485,6.6485,3.000000,3.000000,3.000000,4.000000,4.000000,97.000000,97.000000,97.000000,96.000000,96.000000,5.0,28.2559,26.4078,137.9555,139.8037,PENDING_AG03,FALSE,NOT_FOR_ENFORCEMENT,161.2251,770.0274,166.2114,161.2251,4.9863,0.18521539,0.17965893,4.9863,161.2251,0.17965893,4.9863,4.9863,4.9863,6.6485,6.6485,161.2251,0.17965893,28.2559,26.4078,137.9555,139.8037,0.15372877,0.15578826,0.00555646,44.8698,41.7812,8.7480,33.2423,12.7855,179.4791,3.8000,54.8628,42.3715,25.7155,25.7155,76.3544,93.1999,103.7829,103.7829,25.7155,-5.1636,4.035805,4.035805,1.744851,9,14,10,3,0.24454227,0.18521539,-0.12411765,0E-8,0.000000,0.884608,0.000000,0.40946438,2026-05-12,2026-07-29,5,13,13,79,0.063291,1.294803,1.222711,0.815141,,,,,,,,GLOBAL_BASELINE_NO_ENTITY_RANKING,,,NOT_APPLICABLE_GLOBAL_BASELINE,HF9g-P5,,,,X 全窗基线 · 不参与实体赏罚,6871642,688,A168_HF9F_20260827_0900,2026-08-27 09:00:00
2026-06-12,149950021,2170,0,25.7155347545,-25.7155347545,-25.7155347545,0E-7,1,1,0.49324550000000000,0.493245500000,-0.9865810262130424,-0.9865810262130424,-0.9865810262130424,0E-17,ELIGIBLE,R03b_20260811_FULL_v1,L1_ELIGIBILITY,v2026-08-11,2026-03-21..2026-08-06,baccarat_bet02_101_all_pairs_incl_sentinel,round_win = game_pnl > 0 (decisive only),COMPATIBILITY_ONLY_NOT_PRODUCTION,897.3954,793.8427,166.2114,20,19,-0.18521539,0.12411765,-0.28534674,-0.18521539,-166.2114,897.3954,THIN_EXPOSURE,0.0000,4.9863,3.0000,97.0000,AG03-UNRESOLVED,ALL5_LEVELS_bet23_to_bet27,4.9863,4.9863,4.9863,6.6485,6.6485,3.000000,3.000000,3.000000,4.000000,4.000000,97.000000,97.000000,97.000000,96.000000,96.000000,5.0,28.2559,26.4078,137.9555,139.8037,PENDING_AG03,FALSE,NOT_FOR_ENFORCEMENT,161.2251,770.0274,166.2114,161.2251,4.9863,0.18521539,0.17965893,4.9863,161.2251,0.17965893,4.9863,4.9863,4.9863,6.6485,6.6485,161.2251,0.17965893,28.2559,26.4078,137.9555,139.8037,0.15372877,0.15578826,0.00555646,44.8698,41.7812,8.7480,33.2423,12.7855,179.4791,3.8000,54.8628,42.3715,25.7155,25.7155,76.3544,93.1999,103.7829,103.7829,25.7155,-5.1636,4.035805,4.035805,1.744851,9,14,10,3,0.24454227,0.18521539,-0.12411765,0E-8,0.000000,0.884608,0.000000,0.40946438,2026-05-12,2026-07-29,5,13,13,79,0.063291,1.294803,1.222711,0.815141,,,,,,,,GLOBAL_BASELINE_NO_ENTITY_RANKING,,,NOT_APPLICABLE_GLOBAL_BASELINE,HF9g-P5,,,,X 全窗基线 · 不参与实体赏罚,6871643,688,A168_HF9F_20260827_0900,2026-08-27 09:00:00
2026-06-12,149950021,2212,0,25.7155347545,0E-10,0E-10,,1,1,0.49324550000000000,0.493245500000,,,,0E-17,NO_DECISIVE_ROUND,R03b_20260811_FULL_v1,L1_ELIGIBILITY,v2026-08-11,2026-03-21..2026-08-06,baccarat_bet02_101_all_pairs_incl_sentinel,round_win = game_pnl > 0 (decisive only),COMPATIBILITY_ONLY_NOT_PRODUCTION,897.3954,793.8427,166.2114,20,19,-0.18521539,0.12411765,-0.28534674,-0.18521539,-166.2114,897.3954,THIN_EXPOSURE,0.0000,4.9863,3.0000,97.0000,AG03-UNRESOLVED,ALL5_LEVELS_bet23_to_bet27,4.9863,4.9863,4.9863,6.6485,6.6485,3.000000,3.000000,3.000000,4.000000,4.000000,97.000000,97.000000,97.000000,96.000000,96.000000,5.0,28.2559,26.4078,137.9555,139.8037,PENDING_AG03,FALSE,NOT_FOR_ENFORCEMENT,161.2251,770.0274,166.2114,161.2251,4.9863,0.18521539,0.17965893,4.9863,161.2251,0.17965893,4.9863,4.9863,4.9863,6.6485,6.6485,161.2251,0.17965893,28.2559,26.4078,137.9555,139.8037,0.15372877,0.15578826,0.00555646,44.8698,41.7812,8.7480,33.2423,12.7855,179.4791,3.8000,54.8628,42.3715,25.7155,25.7155,76.3544,93.1999,103.7829,103.7829,25.7155,-5.1636,4.035805,4.035805,1.744851,9,14,10,3,0.24454227,0.18521539,-0.12411765,0E-8,0.000000,0.884608,0.000000,0.40946438,2026-05-12,2026-07-29,5,13,13,79,0.063291,1.294803,1.222711,0.815141,,,,,,,,GLOBAL_BASELINE_NO_ENTITY_RANKING,,,NOT_APPLICABLE_GLOBAL_BASELINE,HF9g-P5,,,,X 全窗基线 · 不参与实体赏罚,6871644,688,A168_HF9F_20260827_0900,2026-08-27 09:00:00
2026-06-12,149950021,2229,0,25.7155347545,-25.7155347545,-25.7155347545,0E-7,1,1,0.49324550000000000,0.493245500000,-0.9865810262130424,-0.9865810262130424,-0.9865810262130424,0E-17,ELIGIBLE,R03b_20260811_FULL_v1,L1_ELIGIBILITY,v2026-08-11,2026-03-21..2026-08-06,baccarat_bet02_101_all_pairs_incl_sentinel,round_win = game_pnl > 0 (decisive only),COMPATIBILITY_ONLY_NOT_PRODUCTION,897.3954,793.8427,166.2114,20,19,-0.18521539,0.12411765,-0.28534674,-0.18521539,-166.2114,897.3954,THIN_EXPOSURE,0.0000,4.9863,3.0000,97.0000,AG03-UNRESOLVED,ALL5_LEVELS_bet23_to_bet27,4.9863,4.9863,4.9863,6.6485,6.6485,3.000000,3.000000,3.000000,4.000000,4.000000,97.000000,97.000000,97.000000,96.000000,96.000000,5.0,28.2559,26.4078,137.9555,139.8037,PENDING_AG03,FALSE,NOT_FOR_ENFORCEMENT,161.2251,770.0274,166.2114,161.2251,4.9863,0.18521539,0.17965893,4.9863,161.2251,0.17965893,4.9863,4.9863,4.9863,6.6485,6.6485,161.2251,0.17965893,28.2559,26.4078,137.9555,139.8037,0.15372877,0.15578826,0.00555646,44.8698,41.7812,8.7480,33.2423,12.7855,179.4791,3.8000,54.8628,42.3715,25.7155,25.7155,76.3544,93.1999,103.7829,103.7829,25.7155,-5.1636,4.035805,4.035805,1.744851,9,14,10,3,0.24454227,0.18521539,-0.12411765,0E-8,0.000000,0.884608,0.000000,0.40946438,2026-05-12,2026-07-29,5,13,13,79,0.063291,1.294803,1.222711,0.815141,,,,,,,,GLOBAL_BASELINE_NO_ENTITY_RANKING,,,NOT_APPLICABLE_GLOBAL_BASELINE,HF9g-P5,,,,X 全窗基线 · 不参与实体赏罚,6871645,688,A168_HF9F_20260827_0900,2026-08-27 09:00:00
2026-07-29,149950021,1306,0,126.5071127978,120.1817571580,120.1817571580,1.0000000,2,2,0.50665070000000000,0.506650700000,1.3955260008387969,1.3955260008387969,1.3955260008387969,0E-17,ELIGIBLE,R03b_20260811_FULL_v1,L1_ELIGIBILITY,v2026-08-11,2026-03-21..2026-08-06,baccarat_bet02_101_all_pairs_incl_sentinel,round_win = game_pnl > 0 (decisive only),COMPATIBILITY_ONLY_NOT_PRODUCTION,897.3954,793.8427,166.2114,20,19,-0.18521539,0.12411765,-0.28534674,-0.18521539,-166.2114,897.3954,THIN_EXPOSURE,0.0000,4.9863,3.0000,97.0000,AG03-UNRESOLVED,ALL5_LEVELS_bet23_to_bet27,4.9863,4.9863,4.9863,6.6485,6.6485,3.000000,3.000000,3.000000,4.000000,4.000000,97.000000,97.000000,97.000000,96.000000,96.000000,5.0,28.2559,26.4078,137.9555,139.8037,PENDING_AG03,FALSE,NOT_FOR_ENFORCEMENT,161.2251,770.0274,166.2114,161.2251,4.9863,0.18521539,0.17965893,4.9863,161.2251,0.17965893,4.9863,4.9863,4.9863,6.6485,6.6485,161.2251,0.17965893,28.2559,26.4078,137.9555,139.8037,0.15372877,0.15578826,0.00555646,44.8698,41.7812,8.7480,33.2423,12.7855,179.4791,3.8000,54.8628,42.3715,25.7155,25.7155,76.3544,93.1999,103.7829,103.7829,25.7155,-5.1636,4.035805,4.035805,1.744851,9,14,10,3,0.24454227,0.18521539,-0.12411765,0E-8,0.000000,0.884608,0.000000,0.40946438,2026-05-12,2026-07-29,5,13,13,79,0.063291,1.294803,1.222711,0.815141,,,,,,,,GLOBAL_BASELINE_NO_ENTITY_RANKING,,,NOT_APPLICABLE_GLOBAL_BASELINE,HF9g-P5,,,,X 全窗基线 · 不参与实体赏罚,6871646,688,A168_HF9F_20260827_0900,2026-08-27 09:00:00
2026-07-29,149950021,1994,0,92.9440012392,-92.9440012392,-92.9440012392,0E-7,2,1,0.44895186666666667,0.293924150000,-0.9026203549097019,-0.6451964315166089,-0.9026203549097019,0.15502771666666667,ELIGIBLE,R03b_20260811_FULL_v1,L1_ELIGIBILITY,v2026-08-11,2026-03-21..2026-08-06,baccarat_bet02_101_all_pairs_incl_sentinel,round_win = game_pnl > 0 (decisive only),COMPATIBILITY_ONLY_NOT_PRODUCTION,897.3954,793.8427,166.2114,20,19,-0.18521539,0.12411765,-0.28534674,-0.18521539,-166.2114,897.3954,THIN_EXPOSURE,0.0000,4.9863,3.0000,97.0000,AG03-UNRESOLVED,ALL5_LEVELS_bet23_to_bet27,4.9863,4.9863,4.9863,6.6485,6.6485,3.000000,3.000000,3.000000,4.000000,4.000000,97.000000,97.000000,97.000000,96.000000,96.000000,5.0,28.2559,26.4078,137.9555,139.8037,PENDING_AG03,FALSE,NOT_FOR_ENFORCEMENT,161.2251,770.0274,166.2114,161.2251,4.9863,0.18521539,0.17965893,4.9863,161.2251,0.17965893,4.9863,4.9863,4.9863,6.6485,6.6485,161.2251,0.17965893,28.2559,26.4078,137.9555,139.8037,0.15372877,0.15578826,0.00555646,44.8698,41.7812,8.7480,33.2423,12.7855,179.4791,3.8000,54.8628,42.3715,25.7155,25.7155,76.3544,93.1999,103.7829,103.7829,25.7155,-5.1636,4.035805,4.035805,1.744851,9,14,10,3,0.24454227,0.18521539,-0.12411765,0E-8,0.000000,0.884608,0.000000,0.40946438,2026-05-12,2026-07-29,5,13,13,79,0.063291,1.294803,1.222711,0.815141,,,,,,,,GLOBAL_BASELINE_NO_ENTITY_RANKING,,,NOT_APPLICABLE_GLOBAL_BASELINE,HF9g-P5,,,,X 全窗基线 · 不参与实体赏罚,6871647,688,A168_HF9F_20260827_0900,2026-08-27 09:00:00
2026-05-23,150461615,2177,0,188.6356475161,-101.7750236320,-101.7750236320,0.2500000,6,6,0.49547970000000000,0.495479700000,-0.9819589297737525,-0.9819589297737525,-0.9819589297737525,0E-17,ELIGIBLE,R03b_20260811_FULL_v1,L1_ELIGIBILITY,v2026-08-11,2026-03-21..2026-08-06,baccarat_bet02_101_all_pairs_incl_sentinel,round_win = game_pnl > 0 (decisive only),COMPATIBILITY_ONLY_NOT_PRODUCTION,482.7224,336.9394,167.9445,17,17,-0.34791123,,-0.34791123,-0.34791123,-167.9445,482.7224,THIN_EXPOSURE,0.0000,6.7178,4.0000,96.0000,AG03-UNRESOLVED,ALL5_LEVELS_bet23_to_bet27,6.7178,6.7178,7.5575,7.5575,7.5575,4.000000,4.000000,4.500000,4.500000,4.500000,96.000000,96.000000,95.500000,95.500000,95.500000,5.0,36.1081,33.1357,131.8365,134.8089,PENDING_AG03,FALSE,NOT_FOR_ENFORCEMENT,161.2268,323.4618,167.9445,161.2268,6.7178,0.34791123,0.33399478,6.7178,161.2268,0.33399478,6.7178,6.7178,7.5575,7.5575,7.5575,161.2268,0.33399478,36.1081,33.1357,131.8365,134.8089,0.27311031,0.2792679,0.01391645,28.3954,19.8200,9.8791,167.9445,167.9445,482.7224,17.0000,,28.3954,10.5031,21.0062,42.0124,61.7582,62.5775,63.0186,10.5031,-10.5031,2.979,3.0,1.351765,1,2,1,2,0E-8,0.34791123,,0E-8,0.000000,0.697998,0.000000,,2026-05-23,2026-05-23,1,1,1,1,1.000000,,,0.000000,,,,,,,,GLOBAL_BASELINE_NO_ENTITY_RANKING,,,NOT_APPLICABLE_GLOBAL_BASELINE,HF9g-P5,,,,X 全窗基线 · 不参与实体赏罚,6871648,688,A168_HF9F_20260827_0900,2026-08-27 09:00:00
2026-05-23,150461615,986,0,294.0867555928,-66.1695200084,-66.1695200084,0.3333333,11,11,0.50299473636363636,0.502994736364,-1.0179866778624505,-1.0179866778646365,-1.0179866778624505,-3.6364E-13,ELIGIBLE,R03b_20260811_FULL_v1,L1_ELIGIBILITY,v2026-08-11,2026-03-21..2026-08-06,baccarat_bet02_101_all_pairs_incl_sentinel,round_win = game_pnl > 0 (decisive only),COMPATIBILITY_ONLY_NOT_PRODUCTION,482.7224,336.9394,167.9445,17,17,-0.34791123,,-0.34791123,-0.34791123,-167.9445,482.7224,THIN_EXPOSURE,0.0000,6.7178,4.0000,96.0000,AG03-UNRESOLVED,ALL5_LEVELS_bet23_to_bet27,6.7178,6.7178,7.5575,7.5575,7.5575,4.000000,4.000000,4.500000,4.500000,4.500000,96.000000,96.000000,95.500000,95.500000,95.500000,5.0,36.1081,33.1357,131.8365,134.8089,PENDING_AG03,FALSE,NOT_FOR_ENFORCEMENT,161.2268,323.4618,167.9445,161.2268,6.7178,0.34791123,0.33399478,6.7178,161.2268,0.33399478,6.7178,6.7178,7.5575,7.5575,7.5575,161.2268,0.33399478,36.1081,33.1357,131.8365,134.8089,0.27311031,0.2792679,0.01391645,28.3954,19.8200,9.8791,167.9445,167.9445,482.7224,17.0000,,28.3954,10.5031,21.0062,42.0124,61.7582,62.5775,63.0186,10.5031,-10.5031,2.979,3.0,1.351765,1,2,1,2,0E-8,0.34791123,,0E-8,0.000000,0.697998,0.000000,,2026-05-23,2026-05-23,1,1,1,1,1.000000,,,0.000000,,,,,,,,GLOBAL_BASELINE_NO_ENTITY_RANKING,,,NOT_APPLICABLE_GLOBAL_BASELINE,HF9g-P5,,,,X 全窗基线 · 不参与实体赏罚,6871649,688,A168_HF9F_20260827_0900,2026-08-27 09:00:00
2026-07-16,118355236,-1,1,116.1800015490,-116.1800015490,-116.1800015490,0E-7,7,3,0.14015506888888889,0.092595116667,-0.6992862104434365,-0.5532916459016407,-0.6992862104434365,0.04755995222188889,SENTINEL_DEALER,R03b_20260811_FULL_v1,L1_ELIGIBILITY,v2026-08-11,2026-03-21..2026-08-06,baccarat_bet02_101_all_pairs_incl_sentinel,round_win = game_pnl > 0 (decisive only),COMPATIBILITY_ONLY_NOT_PRODUCTION,590.7108,590.7108,167.9446,25,10,-0.28430944,-0.28430944,,-0.28430944,-167.9446,590.7108,THIN_EXPOSURE,0.0000,6.7178,4.0000,96.0000,AG03-UNRESOLVED,ALL5_LEVELS_bet23_to_bet27,6.7178,6.7178,6.7178,8.3972,8.3972,4.000000,4.000000,4.000000,5.000000,5.000000,96.000000,96.000000,96.000000,95.000000,95.000000,5.0,36.9478,33.8452,130.9968,134.0995,PENDING_AG03,FALSE,NOT_FOR_ENFORCEMENT,161.2269,567.0823,167.9446,161.2269,6.7178,0.28430944,0.27293706,6.7178,161.2269,0.27293706,6.7178,6.7178,6.7178,8.3972,8.3972,161.2269,0.27293706,36.9478,33.8452,130.9968,134.0995,0.22176136,0.22701376,0.01137238,23.6284,59.0711,16.7945,167.9446,23.9921,590.7108,10.0000,23.6284,,12.9089,12.9089,25.8178,43.8902,78.7442,121.3436,12.9089,-12.9089,6.1,9.4,1.8304,7,6,2,8,1.00000000,0.28430944,0.28430944,0E-8,0.000000,1.000000,0.000000,,2026-07-16,2026-07-16,1,7,7,1,1.000000,,1.000000,3.333333,,,,,,,,GLOBAL_BASELINE_NO_ENTITY_RANKING,,,NOT_APPLICABLE_GLOBAL_BASELINE,HF9g-P5,,,,X 全窗基线 · 不参与实体赏罚,6871650,688,A168_HF9F_20260827_0900,2026-08-27 09:00:00
2026-07-16,118355236,1505,0,144.0632019208,152.8412464823,152.8412464823,1.0000000,6,2,0.32422322884071828,0.214008650000,2.0417123902064853,2.7102429126449405,2.0417123902064853,0.11021457884071828,ELIGIBLE,R03b_20260811_FULL_v1,L1_ELIGIBILITY,v2026-08-11,2026-03-21..2026-08-06,baccarat_bet02_101_all_pairs_incl_sentinel,round_win = game_pnl > 0 (decisive only),COMPATIBILITY_ONLY_NOT_PRODUCTION,590.7108,590.7108,167.9446,25,10,-0.28430944,-0.28430944,,-0.28430944,-167.9446,590.7108,THIN_EXPOSURE,0.0000,6.7178,4.0000,96.0000,AG03-UNRESOLVED,ALL5_LEVELS_bet23_to_bet27,6.7178,6.7178,6.7178,8.3972,8.3972,4.000000,4.000000,4.000000,5.000000,5.000000,96.000000,96.000000,96.000000,95.000000,95.000000,5.0,36.9478,33.8452,130.9968,134.0995,PENDING_AG03,FALSE,NOT_FOR_ENFORCEMENT,161.2269,567.0823,167.9446,161.2269,6.7178,0.28430944,0.27293706,6.7178,161.2269,0.27293706,6.7178,6.7178,6.7178,8.3972,8.3972,161.2269,0.27293706,36.9478,33.8452,130.9968,134.0995,0.22176136,0.22701376,0.01137238,23.6284,59.0711,16.7945,167.9446,23.9921,590.7108,10.0000,23.6284,,12.9089,12.9089,25.8178,43.8902,78.7442,121.3436,12.9089,-12.9089,6.1,9.4,1.8304,7,6,2,8,1.00000000,0.28430944,0.28430944,0E-8,0.000000,1.000000,0.000000,,2026-07-16,2026-07-16,1,7,7,1,1.000000,,1.000000,3.333333,,,,,,,,GLOBAL_BASELINE_NO_ENTITY_RANKING,,,NOT_APPLICABLE_GLOBAL_BASELINE,HF9g-P5,,,,X 全窗基线 · 不参与实体赏罚,6871651,688,A168_HF9F_20260827_0900,2026-08-27 09:00:00
2026-07-16,118355236,1646,0,38.7266671830,-38.7266671830,-38.7266671830,0E-7,2,1,0.36496296666666667,0.294119100000,-0.7580971653501475,-0.6454994830709712,-0.7580971653501475,0.07084386666666667,ELIGIBLE,R03b_20260811_FULL_v1,L1_ELIGIBILITY,v2026-08-11,2026-03-21..2026-08-06,baccarat_bet02_101_all_pairs_incl_sentinel,round_win = game_pnl > 0 (decisive only),COMPATIBILITY_ONLY_NOT_PRODUCTION,590.7108,590.7108,167.9446,25,10,-0.28430944,-0.28430944,,-0.28430944,-167.9446,590.7108,THIN_EXPOSURE,0.0000,6.7178,4.0000,96.0000,AG03-UNRESOLVED,ALL5_LEVELS_bet23_to_bet27,6.7178,6.7178,6.7178,8.3972,8.3972,4.000000,4.000000,4.000000,5.000000,5.000000,96.000000,96.000000,96.000000,95.000000,95.000000,5.0,36.9478,33.8452,130.9968,134.0995,PENDING_AG03,FALSE,NOT_FOR_ENFORCEMENT,161.2269,567.0823,167.9446,161.2269,6.7178,0.28430944,0.27293706,6.7178,161.2269,0.27293706,6.7178,6.7178,6.7178,8.3972,8.3972,161.2269,0.27293706,36.9478,33.8452,130.9968,134.0995,0.22176136,0.22701376,0.01137238,23.6284,59.0711,16.7945,167.9446,23.9921,590.7108,10.0000,23.6284,,12.9089,12.9089,25.8178,43.8902,78.7442,121.3436,12.9089,-12.9089,6.1,9.4,1.8304,7,6,2,8,1.00000000,0.28430944,0.28430944,0E-8,0.000000,1.000000,0.000000,,2026-07-16,2026-07-16,1,7,7,1,1.000000,,1.000000,3.333333,,,,,,,,GLOBAL_BASELINE_NO_ENTITY_RANKING,,,NOT_APPLICABLE_GLOBAL_BASELINE,HF9g-P5,,,,X 全窗基线 · 不参与实体赏罚,6871652,688,A168_HF9F_20260827_0900,2026-08-27 09:00:00
2026-07-16,118355236,2123,0,123.9253349856,-48.4083339787,-48.4083339787,0.5000000,6,2,0.34013114434782609,0.206999266667,0.477229023797806,1.0227335602641148,0.477229023797806,0.13313187768082609,ELIGIBLE,R03b_20260811_FULL_v1,L1_ELIGIBILITY,v2026-08-11,2026-03-21..2026-08-06,baccarat_bet02_101_all_pairs_incl_sentinel,round_win = game_pnl > 0 (decisive only),COMPATIBILITY_ONLY_NOT_PRODUCTION,590.7108,590.7108,167.9446,25,10,-0.28430944,-0.28430944,,-0.28430944,-167.9446,590.7108,THIN_EXPOSURE,0.0000,6.7178,4.0000,96.0000,AG03-UNRESOLVED,ALL5_LEVELS_bet23_to_bet27,6.7178,6.7178,6.7178,8.3972,8.3972,4.000000,4.000000,4.000000,5.000000,5.000000,96.000000,96.000000,96.000000,95.000000,95.000000,5.0,36.9478,33.8452,130.9968,134.0995,PENDING_AG03,FALSE,NOT_FOR_ENFORCEMENT,161.2269,567.0823,167.9446,161.2269,6.7178,0.28430944,0.27293706,6.7178,161.2269,0.27293706,6.7178,6.7178,6.7178,8.3972,8.3972,161.2269,0.27293706,36.9478,33.8452,130.9968,134.0995,0.22176136,0.22701376,0.01137238,23.6284,59.0711,16.7945,167.9446,23.9921,590.7108,10.0000,23.6284,,12.9089,12.9089,25.8178,43.8902,78.7442,121.3436,12.9089,-12.9089,6.1,9.4,1.8304,7,6,2,8,1.00000000,0.28430944,0.28430944,0E-8,0.000000,1.000000,0.000000,,2026-07-16,2026-07-16,1,7,7,1,1.000000,,1.000000,3.333333,,,,,,,,GLOBAL_BASELINE_NO_ENTITY_RANKING,,,NOT_APPLICABLE_GLOBAL_BASELINE,HF9g-P5,,,,X 全窗基线 · 不参与实体赏罚,6871653,688,A168_HF9F_20260827_0900,2026-08-27 09:00:00
2026-07-16,118355236,2147,0,38.7266671830,11.6180001549,11.6180001549,1.0000000,2,1,0.35562093333333333,0.280106050000,1.3460991592879357,1.6031457840727341,1.3460991592879357,0.07551488333333333,ELIGIBLE,R03b_20260811_FULL_v1,L1_ELIGIBILITY,v2026-08-11,2026-03-21..2026-08-06,baccarat_bet02_101_all_pairs_incl_sentinel,round_win = game_pnl > 0 (decisive only),COMPATIBILITY_ONLY_NOT_PRODUCTION,590.7108,590.7108,167.9446,25,10,-0.28430944,-0.28430944,,-0.28430944,-167.9446,590.7108,THIN_EXPOSURE,0.0000,6.7178,4.0000,96.0000,AG03-UNRESOLVED,ALL5_LEVELS_bet23_to_bet27,6.7178,6.7178,6.7178,8.3972,8.3972,4.000000,4.000000,4.000000,5.000000,5.000000,96.000000,96.000000,96.000000,95.000000,95.000000,5.0,36.9478,33.8452,130.9968,134.0995,PENDING_AG03,FALSE,NOT_FOR_ENFORCEMENT,161.2269,567.0823,167.9446,161.2269,6.7178,0.28430944,0.27293706,6.7178,161.2269,0.27293706,6.7178,6.7178,6.7178,8.3972,8.3972,161.2269,0.27293706,36.9478,33.8452,130.9968,134.0995,0.22176136,0.22701376,0.01137238,23.6284,59.0711,16.7945,167.9446,23.9921,590.7108,10.0000,23.6284,,12.9089,12.9089,25.8178,43.8902,78.7442,121.3436,12.9089,-12.9089,6.1,9.4,1.8304,7,6,2,8,1.00000000,0.28430944,0.28430944,0E-8,0.000000,1.000000,0.000000,,2026-07-16,2026-07-16,1,7,7,1,1.000000,,1.000000,3.333333,,,,,,,,GLOBAL_BASELINE_NO_ENTITY_RANKING,,,NOT_APPLICABLE_GLOBAL_BASELINE,HF9g-P5,,,,X 全窗基线 · 不参与实体赏罚,6871654,688,A168_HF9F_20260827_0900,2026-08-27 09:00:00
2026-07-16,118355236,2258,0,129.0888906101,-129.0888906101,-129.0888906101,0E-7,2,1,0.46813339400001945,0.283977950000,-0.9381741220308824,-0.629765857060584,-0.9381741220308824,0.18415544400001945,ELIGIBLE,R03b_20260811_FULL_v1,L1_ELIGIBILITY,v2026-08-11,2026-03-21..2026-08-06,baccarat_bet02_101_all_pairs_incl_sentinel,round_win = game_pnl > 0 (decisive only),COMPATIBILITY_ONLY_NOT_PRODUCTION,590.7108,590.7108,167.9446,25,10,-0.28430944,-0.28430944,,-0.28430944,-167.9446,590.7108,THIN_EXPOSURE,0.0000,6.7178,4.0000,96.0000,AG03-UNRESOLVED,ALL5_LEVELS_bet23_to_bet27,6.7178,6.7178,6.7178,8.3972,8.3972,4.000000,4.000000,4.000000,5.000000,5.000000,96.000000,96.000000,96.000000,95.000000,95.000000,5.0,36.9478,33.8452,130.9968,134.0995,PENDING_AG03,FALSE,NOT_FOR_ENFORCEMENT,161.2269,567.0823,167.9446,161.2269,6.7178,0.28430944,0.27293706,6.7178,161.2269,0.27293706,6.7178,6.7178,6.7178,8.3972,8.3972,161.2269,0.27293706,36.9478,33.8452,130.9968,134.0995,0.22176136,0.22701376,0.01137238,23.6284,59.0711,16.7945,167.9446,23.9921,590.7108,10.0000,23.6284,,12.9089,12.9089,25.8178,43.8902,78.7442,121.3436,12.9089,-12.9089,6.1,9.4,1.8304,7,6,2,8,1.00000000,0.28430944,0.28430944,0E-8,0.000000,1.000000,0.000000,,2026-07-16,2026-07-16,1,7,7,1,1.000000,,1.000000,3.333333,,,,,,,,GLOBAL_BASELINE_NO_ENTITY_RANKING,,,NOT_APPLICABLE_GLOBAL_BASELINE,HF9g-P5,,,,X 全窗基线 · 不参与实体赏罚,6871655,688,A168_HF9F_20260827_0900,2026-08-27 09:00:00
2026-07-09,152778956,1318,0,191.8260914465,-64.6735341956,-64.6735341956,0.4000000,5,5,0.50128862000000000,0.501288620000,-0.4529779837142727,-0.4529779837142727,-0.4529779837142727,0E-17,ELIGIBLE,R03b_20260811_FULL_v1,L1_ELIGIBILITY,v2026-08-11,2026-03-21..2026-08-06,baccarat_bet02_101_all_pairs_incl_sentinel,round_win = game_pnl > 0 (decisive only),COMPATIBILITY_ONLY_NOT_PRODUCTION,295.0972,295.0972,167.9446,10,10,-0.56911636,-0.56911636,,-0.56911636,-167.9446,295.0972,THIN_EXPOSURE,0.0000,6.7178,4.0000,96.0000,AG03-UNRESOLVED,ALL5_LEVELS_bet23_to_bet27,6.7178,6.7178,8.3972,8.3972,8.3972,4.000000,4.000000,5.000000,5.000000,5.000000,96.000000,96.000000,95.000000,95.000000,95.000000,5.0,38.6273,35.242,129.3174,132.7026,PENDING_AG03,FALSE,NOT_FOR_ENFORCEMENT,161.2269,283.2933,167.9446,161.2269,6.7178,0.56911636,0.54635171,6.7178,161.2269,0.54635171,6.7178,6.7178,8.3972,8.3972,8.3972,161.2269,0.54635171,38.6273,35.242,129.3174,132.7026,0.43821960,0.44969116,0.02276465,29.5097,29.5097,16.7945,167.9446,83.9723,295.0972,10.0000,29.5097,,25.8178,25.8178,38.7267,50.7319,51.6356,51.6356,25.8178,-25.8178,2.0,2.0,1.143,2,2,1,2,1.00000000,0.56911636,0.56911636,0E-8,0.000000,1.000000,0.000000,,2026-07-09,2026-07-09,1,2,2,1,1.000000,,1.000000,3.333333,,,,,,,,GLOBAL_BASELINE_NO_ENTITY_RANKING,,,NOT_APPLICABLE_GLOBAL_BASELINE,HF9g-P5,,,,X 全窗基线 · 不参与实体赏罚,6871656,688,A168_HF9F_20260827_0900,2026-08-27 09:00:00
2026-07-09,152778956,2271,0,103.2711124880,-103.2711124880,-103.2711124880,0E-7,5,5,0.50128862000000000,0.501288620000,-2.241838306677593,-2.241838306677593,-2.241838306677593,0E-17,ELIGIBLE,R03b_20260811_FULL_v1,L1_ELIGIBILITY,v2026-08-11,2026-03-21..2026-08-06,baccarat_bet02_101_all_pairs_incl_sentinel,round_win = game_pnl > 0 (decisive only),COMPATIBILITY_ONLY_NOT_PRODUCTION,295.0972,295.0972,167.9446,10,10,-0.56911636,-0.56911636,,-0.56911636,-167.9446,295.0972,THIN_EXPOSURE,0.0000,6.7178,4.0000,96.0000,AG03-UNRESOLVED,ALL5_LEVELS_bet23_to_bet27,6.7178,6.7178,8.3972,8.3972,8.3972,4.000000,4.000000,5.000000,5.000000,5.000000,96.000000,96.000000,95.000000,95.000000,95.000000,5.0,38.6273,35.242,129.3174,132.7026,PENDING_AG03,FALSE,NOT_FOR_ENFORCEMENT,161.2269,283.2933,167.9446,161.2269,6.7178,0.56911636,0.54635171,6.7178,161.2269,0.54635171,6.7178,6.7178,8.3972,8.3972,8.3972,161.2269,0.54635171,38.6273,35.242,129.3174,132.7026,0.43821960,0.44969116,0.02276465,29.5097,29.5097,16.7945,167.9446,83.9723,295.0972,10.0000,29.5097,,25.8178,25.8178,38.7267,50.7319,51.6356,51.6356,25.8178,-25.8178,2.0,2.0,1.143,2,2,1,2,1.00000000,0.56911636,0.56911636,0E-8,0.000000,1.000000,0.000000,,2026-07-09,2026-07-09,1,2,2,1,1.000000,,1.000000,3.333333,,,,,,,,GLOBAL_BASELINE_NO_ENTITY_RANKING,,,NOT_APPLICABLE_GLOBAL_BASELINE,HF9g-P5,,,,X 全窗基线 · 不参与实体赏罚,6871657,688,A168_HF9F_20260827_0900,2026-08-27 09:00:00
2026-04-28,149297682,2093,0,26.1759547680,24.8671570296,24.8671570296,1.0000000,1,1,0.50665070000000000,0.506650700000,0.9867858985152569,0.9867858985152569,0.9867858985152569,0E-17,ELIGIBLE,R03b_20260811_FULL_v1,L1_ELIGIBILITY,v2026-08-11,2026-03-21..2026-08-06,baccarat_bet02_101_all_pairs_incl_sentinel,round_win = game_pnl > 0 (decisive only),COMPATIBILITY_ONLY_NOT_PRODUCTION,785.2786,785.2786,166.2173,12,12,-0.21166667,,-0.21166667,-0.21166667,-166.2173,785.2786,THIN_EXPOSURE,0.0000,4.9865,3.0000,97.0000,AG03-UNRESOLVED,ALL5_LEVELS_bet23_to_bet27,4.9865,4.9865,4.9865,6.6487,6.6487,3.000000,3.000000,3.000000,4.000000,4.000000,97.000000,97.000000,97.000000,96.000000,96.000000,5.0,28.2569,26.4087,137.9604,139.8086,PENDING_AG03,FALSE,NOT_FOR_ENFORCEMENT,161.2308,761.7203,166.2173,161.2308,4.9865,0.21166667,0.20531667,4.9865,161.2308,0.20531667,4.9865,4.9865,4.9865,6.6487,6.6487,161.2308,0.20531667,28.2569,26.4087,137.9604,139.8086,0.17568333,0.17803695,0.00635000,65.4399,65.4399,13.8514,83.1087,33.2435,392.6393,6.0000,,65.4399,39.2639,52.3519,78.5279,128.2621,175.3789,183.2317,52.3519,-0.6544,3.35,3.5,1.25,4,5,1,2,0E-8,0.21166667,,0E-8,0.000000,1.000000,0.000000,,2026-04-28,2026-04-29,2,5,6,2,1.000000,,,0.000000,,,,,,,,GLOBAL_BASELINE_NO_ENTITY_RANKING,,,NOT_APPLICABLE_GLOBAL_BASELINE,HF9g-P5,,,,X 全窗基线 · 不参与实体赏罚,6871658,688,A168_HF9F_20260827_0900,2026-08-27 09:00:00
2026-04-28,149297682,2121,0,26.1759547680,-26.1759547680,-26.1759547680,0E-7,1,1,0.49324550000000000,0.493245500000,-0.9865810262130424,-0.9865810262130424,-0.9865810262130424,0E-17,ELIGIBLE,R03b_20260811_FULL_v1,L1_ELIGIBILITY,v2026-08-11,2026-03-21..2026-08-06,baccarat_bet02_101_all_pairs_incl_sentinel,round_win = game_pnl > 0 (decisive only),COMPATIBILITY_ONLY_NOT_PRODUCTION,785.2786,785.2786,166.2173,12,12,-0.21166667,,-0.21166667,-0.21166667,-166.2173,785.2786,THIN_EXPOSURE,0.0000,4.9865,3.0000,97.0000,AG03-UNRESOLVED,ALL5_LEVELS_bet23_to_bet27,4.9865,4.9865,4.9865,6.6487,6.6487,3.000000,3.000000,3.000000,4.000000,4.000000,97.000000,97.000000,97.000000,96.000000,96.000000,5.0,28.2569,26.4087,137.9604,139.8086,PENDING_AG03,FALSE,NOT_FOR_ENFORCEMENT,161.2308,761.7203,166.2173,161.2308,4.9865,0.21166667,0.20531667,4.9865,161.2308,0.20531667,4.9865,4.9865,4.9865,6.6487,6.6487,161.2308,0.20531667,28.2569,26.4087,137.9604,139.8086,0.17568333,0.17803695,0.00635000,65.4399,65.4399,13.8514,83.1087,33.2435,392.6393,6.0000,,65.4399,39.2639,52.3519,78.5279,128.2621,175.3789,183.2317,52.3519,-0.6544,3.35,3.5,1.25,4,5,1,2,0E-8,0.21166667,,0E-8,0.000000,1.000000,0.000000,,2026-04-28,2026-04-29,2,5,6,2,1.000000,,,0.000000,,,,,,,,GLOBAL_BASELINE_NO_ENTITY_RANKING,,,NOT_APPLICABLE_GLOBAL_BASELINE,HF9g-P5,,,,X 全窗基线 · 不参与实体赏罚,6871659,688,A168_HF9F_20260827_0900,2026-08-27 09:00:00
2026-04-29,149297682,1221,0,157.0557286077,52.3519095359,52.3519095359,0.5000000,2,2,0.49994810000000000,0.499948100000,0.00014679536856514622,0.00014679536856514622,0.00014679536856514622,0E-17,ELIGIBLE,R03b_20260811_FULL_v1,L1_ELIGIBILITY,v2026-08-11,2026-03-21..2026-08-06,baccarat_bet02_101_all_pairs_incl_sentinel,round_win = game_pnl > 0 (decisive only),COMPATIBILITY_ONLY_NOT_PRODUCTION,785.2786,785.2786,166.2173,12,12,-0.21166667,,-0.21166667,-0.21166667,-166.2173,785.2786,THIN_EXPOSURE,0.0000,4.9865,3.0000,97.0000,AG03-UNRESOLVED,ALL5_LEVELS_bet23_to_bet27,4.9865,4.9865,4.9865,6.6487,6.6487,3.000000,3.000000,3.000000,4.000000,4.000000,97.000000,97.000000,97.000000,96.000000,96.000000,5.0,28.2569,26.4087,137.9604,139.8086,PENDING_AG03,FALSE,NOT_FOR_ENFORCEMENT,161.2308,761.7203,166.2173,161.2308,4.9865,0.21166667,0.20531667,4.9865,161.2308,0.20531667,4.9865,4.9865,4.9865,6.6487,6.6487,161.2308,0.20531667,28.2569,26.4087,137.9604,139.8086,0.17568333,0.17803695,0.00635000,65.4399,65.4399,13.8514,83.1087,33.2435,392.6393,6.0000,,65.4399,39.2639,52.3519,78.5279,128.2621,175.3789,183.2317,52.3519,-0.6544,3.35,3.5,1.25,4,5,1,2,0E-8,0.21166667,,0E-8,0.000000,1.000000,0.000000,,2026-04-28,2026-04-29,2,5,6,2,1.000000,,,0.000000,,,,,,,,GLOBAL_BASELINE_NO_ENTITY_RANKING,,,NOT_APPLICABLE_GLOBAL_BASELINE,HF9g-P5,,,,X 全窗基线 · 不参与实体赏罚,6871660,688,A168_HF9F_20260827_0900,2026-08-27 09:00:00
2026-04-29,149297682,2088,0,52.3519095359,-52.3519095359,-52.3519095359,0E-7,1,1,0.50665070000000000,0.506650700000,-1.013391052207602,-1.013391052207602,-1.013391052207602,0E-17,ELIGIBLE,R03b_20260811_FULL_v1,L1_ELIGIBILITY,v2026-08-11,2026-03-21..2026-08-06,baccarat_bet02_101_all_pairs_incl_sentinel,round_win = game_pnl > 0 (decisive only),COMPATIBILITY_ONLY_NOT_PRODUCTION,785.2786,785.2786,166.2173,12,12,-0.21166667,,-0.21166667,-0.21166667,-166.2173,785.2786,THIN_EXPOSURE,0.0000,4.9865,3.0000,97.0000,AG03-UNRESOLVED,ALL5_LEVELS_bet23_to_bet27,4.9865,4.9865,4.9865,6.6487,6.6487,3.000000,3.000000,3.000000,4.000000,4.000000,97.000000,97.000000,97.000000,96.000000,96.000000,5.0,28.2569,26.4087,137.9604,139.8086,PENDING_AG03,FALSE,NOT_FOR_ENFORCEMENT,161.2308,761.7203,166.2173,161.2308,4.9865,0.21166667,0.20531667,4.9865,161.2308,0.20531667,4.9865,4.9865,4.9865,6.6487,6.6487,161.2308,0.20531667,28.2569,26.4087,137.9604,139.8086,0.17568333,0.17803695,0.00635000,65.4399,65.4399,13.8514,83.1087,33.2435,392.6393,6.0000,,65.4399,39.2639,52.3519,78.5279,128.2621,175.3789,183.2317,52.3519,-0.6544,3.35,3.5,1.25,4,5,1,2,0E-8,0.21166667,,0E-8,0.000000,1.000000,0.000000,,2026-04-28,2026-04-29,2,5,6,2,1.000000,,,0.000000,,,,,,,,GLOBAL_BASELINE_NO_ENTITY_RANKING,,,NOT_APPLICABLE_GLOBAL_BASELINE,HF9g-P5,,,,X 全窗基线 · 不参与实体赏罚,6871661,688,A168_HF9F_20260827_0900,2026-08-27 09:00:00
2026-04-29,149297682,2121,0,235.5835929116,123.0269874094,123.0269874094,0.8000000,5,5,0.50128862000000000,0.501288620000,1.335882339249048,1.335882339249048,1.335882339249048,0E-17,ELIGIBLE,R03b_20260811_FULL_v1,L1_ELIGIBILITY,v2026-08-11,2026-03-21..2026-08-06,baccarat_bet02_101_all_pairs_incl_sentinel,round_win = game_pnl > 0 (decisive only),COMPATIBILITY_ONLY_NOT_PRODUCTION,785.2786,785.2786,166.2173,12,12,-0.21166667,,-0.21166667,-0.21166667,-166.2173,785.2786,THIN_EXPOSURE,0.0000,4.9865,3.0000,97.0000,AG03-UNRESOLVED,ALL5_LEVELS_bet23_to_bet27,4.9865,4.9865,4.9865,6.6487,6.6487,3.000000,3.000000,3.000000,4.000000,4.000000,97.000000,97.000000,97.000000,96.000000,96.000000,5.0,28.2569,26.4087,137.9604,139.8086,PENDING_AG03,FALSE,NOT_FOR_ENFORCEMENT,161.2308,761.7203,166.2173,161.2308,4.9865,0.21166667,0.20531667,4.9865,161.2308,0.20531667,4.9865,4.9865,4.9865,6.6487,6.6487,161.2308,0.20531667,28.2569,26.4087,137.9604,139.8086,0.17568333,0.17803695,0.00635000,65.4399,65.4399,13.8514,83.1087,33.2435,392.6393,6.0000,,65.4399,39.2639,52.3519,78.5279,128.2621,175.3789,183.2317,52.3519,-0.6544,3.35,3.5,1.25,4,5,1,2,0E-8,0.21166667,,0E-8,0.000000,1.000000,0.000000,,2026-04-28,2026-04-29,2,5,6,2,1.000000,,,0.000000,,,,,,,,GLOBAL_BASELINE_NO_ENTITY_RANKING,,,NOT_APPLICABLE_GLOBAL_BASELINE,HF9g-P5,,,,X 全窗基线 · 不参与实体赏罚,6871662,688,A168_HF9F_20260827_0900,2026-08-27 09:00:00
2026-04-29,149297682,595,0,287.9355024475,-287.9355024475,-287.9355024475,0E-7,2,2,0.49994810000000000,0.499948100000,-1.4140667746232096,-1.4140667746232096,-1.4140667746232096,0E-17,ELIGIBLE,R03b_20260811_FULL_v1,L1_ELIGIBILITY,v2026-08-11,2026-03-21..2026-08-06,baccarat_bet02_101_all_pairs_incl_sentinel,round_win = game_pnl > 0 (decisive only),COMPATIBILITY_ONLY_NOT_PRODUCTION,785.2786,785.2786,166.2173,12,12,-0.21166667,,-0.21166667,-0.21166667,-166.2173,785.2786,THIN_EXPOSURE,0.0000,4.9865,3.0000,97.0000,AG03-UNRESOLVED,ALL5_LEVELS_bet23_to_bet27,4.9865,4.9865,4.9865,6.6487,6.6487,3.000000,3.000000,3.000000,4.000000,4.000000,97.000000,97.000000,97.000000,96.000000,96.000000,5.0,28.2569,26.4087,137.9604,139.8086,PENDING_AG03,FALSE,NOT_FOR_ENFORCEMENT,161.2308,761.7203,166.2173,161.2308,4.9865,0.21166667,0.20531667,4.9865,161.2308,0.20531667,4.9865,4.9865,4.9865,6.6487,6.6487,161.2308,0.20531667,28.2569,26.4087,137.9604,139.8086,0.17568333,0.17803695,0.00635000,65.4399,65.4399,13.8514,83.1087,33.2435,392.6393,6.0000,,65.4399,39.2639,52.3519,78.5279,128.2621,175.3789,183.2317,52.3519,-0.6544,3.35,3.5,1.25,4,5,1,2,0E-8,0.21166667,,0E-8,0.000000,1.000000,0.000000,,2026-04-28,2026-04-29,2,5,6,2,1.000000,,,0.000000,,,,,,,,GLOBAL_BASELINE_NO_ENTITY_RANKING,,,NOT_APPLICABLE_GLOBAL_BASELINE,HF9g-P5,,,,X 全窗基线 · 不参与实体赏罚,6871663,688,A168_HF9F_20260827_0900,2026-08-27 09:00:00
2026-04-09,148446097,1330,0,120.4093919328,15.7055728608,15.7055728608,0.4444444,10,10,0.50262914000000000,0.502629140000,-0.3491129997681332,-0.34911299976813326,-0.3491129997681332,0E-17,ELIGIBLE,R03b_20260811_FULL_v1,L1_ELIGIBILITY,v2026-08-11,2026-03-21..2026-08-06,baccarat_bet02_101_all_pairs_incl_sentinel,round_win = game_pnl > 0 (decisive only),COMPATIBILITY_ONLY_NOT_PRODUCTION,650.9960,609.1145,166.2173,44,44,-0.25532770,,-0.25532770,-0.25532770,-166.2173,650.9960,OK,0.0000,4.9865,3.0000,97.0000,AG03-UNRESOLVED,ALL5_LEVELS_bet23_to_bet27,4.9865,4.9865,4.9865,6.6487,6.6487,3.000000,3.000000,3.000000,4.000000,4.000000,97.000000,97.000000,97.000000,96.000000,96.000000,5.0,28.2569,26.4087,137.9604,139.8086,PENDING_AG03,FALSE,NOT_FOR_ENFORCEMENT,161.2308,590.8410,166.2173,161.2308,4.9865,0.25532770,0.24766787,4.9865,161.2308,0.24766787,4.9865,4.9865,4.9865,6.6487,6.6487,161.2308,0.24766787,28.2569,26.4087,137.9604,139.8086,0.21192199,0.21476109,0.00765983,14.7954,13.8435,3.7777,41.5543,33.2435,162.7490,11.0000,,14.7954,5.2352,10.4704,18.3232,21.9878,54.446,90.8306,7.8528,-5.2352,5.199997,8.675,1.413068,3,5,4,2,0E-8,0.25532770,,0E-8,0.000000,0.935665,0.909091,,2026-04-09,2026-04-21,4,5,5,13,0.307692,,,0.000000,,,,,,,,GLOBAL_BASELINE_NO_ENTITY_RANKING,,,NOT_APPLICABLE_GLOBAL_BASELINE,HF9g-P5,,,,X 全窗基线 · 不参与实体赏罚,6871664,688,A168_HF9F_20260827_0900,2026-08-27 09:00:00
2026-04-09,148446097,2145,0,104.7038190720,25.1289165772,25.1289165772,0.5454545,11,11,0.50421339090909091,0.504213390909,0.27357258455288186,0.27357258455348443,0.27357258455288186,9.091E-14,ELIGIBLE,R03b_20260811_FULL_v1,L1_ELIGIBILITY,v2026-08-11,2026-03-21..2026-08-06,baccarat_bet02_101_all_pairs_incl_sentinel,round_win = game_pnl > 0 (decisive only),COMPATIBILITY_ONLY_NOT_PRODUCTION,650.9960,609.1145,166.2173,44,44,-0.25532770,,-0.25532770,-0.25532770,-166.2173,650.9960,OK,0.0000,4.9865,3.0000,97.0000,AG03-UNRESOLVED,ALL5_LEVELS_bet23_to_bet27,4.9865,4.9865,4.9865,6.6487,6.6487,3.000000,3.000000,3.000000,4.000000,4.000000,97.000000,97.000000,97.000000,96.000000,96.000000,5.0,28.2569,26.4087,137.9604,139.8086,PENDING_AG03,FALSE,NOT_FOR_ENFORCEMENT,161.2308,590.8410,166.2173,161.2308,4.9865,0.25532770,0.24766787,4.9865,161.2308,0.24766787,4.9865,4.9865,4.9865,6.6487,6.6487,161.2308,0.24766787,28.2569,26.4087,137.9604,139.8086,0.21192199,0.21476109,0.00765983,14.7954,13.8435,3.7777,41.5543,33.2435,162.7490,11.0000,,14.7954,5.2352,10.4704,18.3232,21.9878,54.446,90.8306,7.8528,-5.2352,5.199997,8.675,1.413068,3,5,4,2,0E-8,0.25532770,,0E-8,0.000000,0.935665,0.909091,,2026-04-09,2026-04-21,4,5,5,13,0.307692,,,0.000000,,,,,,,,GLOBAL_BASELINE_NO_ENTITY_RANKING,,,NOT_APPLICABLE_GLOBAL_BASELINE,HF9g-P5,,,,X 全窗基线 · 不参与实体赏罚,6871665,688,A168_HF9F_20260827_0900,2026-08-27 09:00:00
2026-04-09,148446097,2246,0,258.3566735597,-237.4159097453,-237.4159097453,0.2857143,7,7,0.49899058571428571,0.498990585714,-1.1285544004973334,-1.1285544004958228,-1.1285544004973334,2.8571E-13,ELIGIBLE,R03b_20260811_FULL_v1,L1_ELIGIBILITY,v2026-08-11,2026-03-21..2026-08-06,baccarat_bet02_101_all_pairs_incl_sentinel,round_win = game_pnl > 0 (decisive only),COMPATIBILITY_ONLY_NOT_PRODUCTION,650.9960,609.1145,166.2173,44,44,-0.25532770,,-0.25532770,-0.25532770,-166.2173,650.9960,OK,0.0000,4.9865,3.0000,97.0000,AG03-UNRESOLVED,ALL5_LEVELS_bet23_to_bet27,4.9865,4.9865,4.9865,6.6487,6.6487,3.000000,3.000000,3.000000,4.000000,4.000000,97.000000,97.000000,97.000000,96.000000,96.000000,5.0,28.2569,26.4087,137.9604,139.8086,PENDING_AG03,FALSE,NOT_FOR_ENFORCEMENT,161.2308,590.8410,166.2173,161.2308,4.9865,0.25532770,0.24766787,4.9865,161.2308,0.24766787,4.9865,4.9865,4.9865,6.6487,6.6487,161.2308,0.24766787,28.2569,26.4087,137.9604,139.8086,0.21192199,0.21476109,0.00765983,14.7954,13.8435,3.7777,41.5543,33.2435,162.7490,11.0000,,14.7954,5.2352,10.4704,18.3232,21.9878,54.446,90.8306,7.8528,-5.2352,5.199997,8.675,1.413068,3,5,4,2,0E-8,0.25532770,,0E-8,0.000000,0.935665,0.909091,,2026-04-09,2026-04-21,4,5,5,13,0.307692,,,0.000000,,,,,,,,GLOBAL_BASELINE_NO_ENTITY_RANKING,,,NOT_APPLICABLE_GLOBAL_BASELINE,HF9g-P5,,,,X 全窗基线 · 不参与实体赏罚,6871666,688,A168_HF9F_20260827_0900,2026-08-27 09:00:00
2026-04-10,148446097,986,0,104.7038190720,14.6585346700,14.6585346700,0.4545455,12,12,0.49994810000000000,0.499948100000,-0.3011670805469781,-0.3011670805469781,-0.3011670805469781,0E-17,ELIGIBLE,R03b_20260811_FULL_v1,L1_ELIGIBILITY,v2026-08-11,2026-03-21..2026-08-06,baccarat_bet02_101_all_pairs_incl_sentinel,round_win = game_pnl > 0 (decisive only),COMPATIBILITY_ONLY_NOT_PRODUCTION,650.9960,609.1145,166.2173,44,44,-0.25532770,,-0.25532770,-0.25532770,-166.2173,650.9960,OK,0.0000,4.9865,3.0000,97.0000,AG03-UNRESOLVED,ALL5_LEVELS_bet23_to_bet27,4.9865,4.9865,4.9865,6.6487,6.6487,3.000000,3.000000,3.000000,4.000000,4.000000,97.000000,97.000000,97.000000,96.000000,96.000000,5.0,28.2569,26.4087,137.9604,139.8086,PENDING_AG03,FALSE,NOT_FOR_ENFORCEMENT,161.2308,590.8410,166.2173,161.2308,4.9865,0.25532770,0.24766787,4.9865,161.2308,0.24766787,4.9865,4.9865,4.9865,6.6487,6.6487,161.2308,0.24766787,28.2569,26.4087,137.9604,139.8086,0.21192199,0.21476109,0.00765983,14.7954,13.8435,3.7777,41.5543,33.2435,162.7490,11.0000,,14.7954,5.2352,10.4704,18.3232,21.9878,54.446,90.8306,7.8528,-5.2352,5.199997,8.675,1.413068,3,5,4,2,0E-8,0.25532770,,0E-8,0.000000,0.935665,0.909091,,2026-04-09,2026-04-21,4,5,5,13,0.307692,,,0.000000,,,,,,,,GLOBAL_BASELINE_NO_ENTITY_RANKING,,,NOT_APPLICABLE_GLOBAL_BASELINE,HF9g-P5,,,,X 全窗基线 · 不参与实体赏罚,6871667,688,A168_HF9F_20260827_0900,2026-08-27 09:00:00
2026-04-20,148446097,1384,0,7.8527864304,7.8527864304,7.8527864304,1.0000000,1,1,0.49324550000000000,0.493245500000,1.01360149184955,1.01360149184955,1.01360149184955,0E-17,ELIGIBLE,R03b_20260811_FULL_v1,L1_ELIGIBILITY,v2026-08-11,2026-03-21..2026-08-06,baccarat_bet02_101_all_pairs_incl_sentinel,round_win = game_pnl > 0 (decisive only),COMPATIBILITY_ONLY_NOT_PRODUCTION,650.9960,609.1145,166.2173,44,44,-0.25532770,,-0.25532770,-0.25532770,-166.2173,650.9960,OK,0.0000,4.9865,3.0000,97.0000,AG03-UNRESOLVED,ALL5_LEVELS_bet23_to_bet27,4.9865,4.9865,4.9865,6.6487,6.6487,3.000000,3.000000,3.000000,4.000000,4.000000,97.000000,97.000000,97.000000,96.000000,96.000000,5.0,28.2569,26.4087,137.9604,139.8086,PENDING_AG03,FALSE,NOT_FOR_ENFORCEMENT,161.2308,590.8410,166.2173,161.2308,4.9865,0.25532770,0.24766787,4.9865,161.2308,0.24766787,4.9865,4.9865,4.9865,6.6487,6.6487,161.2308,0.24766787,28.2569,26.4087,137.9604,139.8086,0.21192199,0.21476109,0.00765983,14.7954,13.8435,3.7777,41.5543,33.2435,162.7490,11.0000,,14.7954,5.2352,10.4704,18.3232,21.9878,54.446,90.8306,7.8528,-5.2352,5.199997,8.675,1.413068,3,5,4,2,0E-8,0.25532770,,0E-8,0.000000,0.935665,0.909091,,2026-04-09,2026-04-21,4,5,5,13,0.307692,,,0.000000,,,,,,,,GLOBAL_BASELINE_NO_ENTITY_RANKING,,,NOT_APPLICABLE_GLOBAL_BASELINE,HF9g-P5,,,,X 全窗基线 · 不参与实体赏罚,6871668,688,A168_HF9F_20260827_0900,2026-08-27 09:00:00
2026-04-21,148446097,1384,0,54.9695050127,7.8527864303,7.8527864303,0.3333333,3,3,0.49324550000000000,0.493245500000,-0.5540025479526107,-0.5540025479526106,-0.5540025479526107,0E-17,ELIGIBLE,R03b_20260811_FULL_v1,L1_ELIGIBILITY,v2026-08-11,2026-03-21..2026-08-06,baccarat_bet02_101_all_pairs_incl_sentinel,round_win = game_pnl > 0 (decisive only),COMPATIBILITY_ONLY_NOT_PRODUCTION,650.9960,609.1145,166.2173,44,44,-0.25532770,,-0.25532770,-0.25532770,-166.2173,650.9960,OK,0.0000,4.9865,3.0000,97.0000,AG03-UNRESOLVED,ALL5_LEVELS_bet23_to_bet27,4.9865,4.9865,4.9865,6.6487,6.6487,3.000000,3.000000,3.000000,4.000000,4.000000,97.000000,97.000000,97.000000,96.000000,96.000000,5.0,28.2569,26.4087,137.9604,139.8086,PENDING_AG03,FALSE,NOT_FOR_ENFORCEMENT,161.2308,590.8410,166.2173,161.2308,4.9865,0.25532770,0.24766787,4.9865,161.2308,0.24766787,4.9865,4.9865,4.9865,6.6487,6.6487,161.2308,0.24766787,28.2569,26.4087,137.9604,139.8086,0.21192199,0.21476109,0.00765983,14.7954,13.8435,3.7777,41.5543,33.2435,162.7490,11.0000,,14.7954,5.2352,10.4704,18.3232,21.9878,54.446,90.8306,7.8528,-5.2352,5.199997,8.675,1.413068,3,5,4,2,0E-8,0.25532770,,0E-8,0.000000,0.935665,0.909091,,2026-04-09,2026-04-21,4,5,5,13,0.307692,,,0.000000,,,,,,,,GLOBAL_BASELINE_NO_ENTITY_RANKING,,,NOT_APPLICABLE_GLOBAL_BASELINE,HF9g-P5,,,,X 全窗基线 · 不参与实体赏罚,6871669,688,A168_HF9F_20260827_0900,2026-08-27 09:00:00
2026-05-07,144586514,2223,0,120.0000000000,50.0000000000,50.0000000000,0.7500000,5,5,0.49324550000000000,0.493245500000,1.0271117246678039,1.0271117246678039,1.0271117246678039,0E-17,ELIGIBLE,R03b_20260811_FULL_v1,L1_ELIGIBILITY,v2026-08-11,2026-03-21..2026-08-06,baccarat_bet02_101_all_pairs_incl_sentinel,round_win = game_pnl > 0 (decisive only),COMPATIBILITY_ONLY_NOT_PRODUCTION,2436.0000,2256.0000,167.9500,117,114,-0.06894499,,-0.06894499,-0.06894499,-167.9500,2436.0000,OK,0.0000,6.7180,4.0000,96.0000,AG03-UNRESOLVED,ALL5_LEVELS_bet23_to_bet27,6.7180,6.7180,6.7180,6.7180,6.7180,4.000000,4.000000,4.000000,4.000000,4.000000,96.000000,96.000000,96.000000,96.000000,96.000000,5.0,33.5900,31.0082,134.3600,136.9418,PENDING_AG03,FALSE,NOT_FOR_ENFORCEMENT,161.2320,2165.7600,167.9500,161.2320,6.7180,0.06894499,0.06618719,6.7180,161.2320,0.06618719,6.7180,6.7180,6.7180,6.7180,6.7180,161.2320,0.06618719,33.5900,31.0082,134.3600,136.9418,0.05515599,0.05621586,0.00275780,20.8205,19.7895,1.4732,11.1967,2.1812,162.4000,7.6000,,20.8205,10.0,10.0,20.0,40.0,58.45,131.2201,10.0,0.0,5.845002,13.122006,2.082051,22,55,8,3,0E-8,0.06894499,,0E-8,0.000000,0.926108,0.076923,,2026-05-07,2026-06-29,15,77,63,54,0.277778,,,0.000000,,,,,,,,GLOBAL_BASELINE_NO_ENTITY_RANKING,,,NOT_APPLICABLE_GLOBAL_BASELINE,HF9g-P5,,,,X 全窗基线 · 不参与实体赏罚,6871670,688,A168_HF9F_20260827_0900,2026-08-27 09:00:00
2026-05-14,144586514,1374,0,80.0000000000,-1.0000000000,-1.0000000000,0.5000000,3,2,0.49547970000000000,0.496596800000,0.012785861652555769,0.009625926164049045,0.012785861652555769,-0.00111710000000000,ELIGIBLE,R03b_20260811_FULL_v1,L1_ELIGIBILITY,v2026-08-11,2026-03-21..2026-08-06,baccarat_bet02_101_all_pairs_incl_sentinel,round_win = game_pnl > 0 (decisive only),COMPATIBILITY_ONLY_NOT_PRODUCTION,2436.0000,2256.0000,167.9500,117,114,-0.06894499,,-0.06894499,-0.06894499,-167.9500,2436.0000,OK,0.0000,6.7180,4.0000,96.0000,AG03-UNRESOLVED,ALL5_LEVELS_bet23_to_bet27,6.7180,6.7180,6.7180,6.7180,6.7180,4.000000,4.000000,4.000000,4.000000,4.000000,96.000000,96.000000,96.000000,96.000000,96.000000,5.0,33.5900,31.0082,134.3600,136.9418,PENDING_AG03,FALSE,NOT_FOR_ENFORCEMENT,161.2320,2165.7600,167.9500,161.2320,6.7180,0.06894499,0.06618719,6.7180,161.2320,0.06618719,6.7180,6.7180,6.7180,6.7180,6.7180,161.2320,0.06618719,33.5900,31.0082,134.3600,136.9418,0.05515599,0.05621586,0.00275780,20.8205,19.7895,1.4732,11.1967,2.1812,162.4000,7.6000,,20.8205,10.0,10.0,20.0,40.0,58.45,131.2201,10.0,0.0,5.845002,13.122006,2.082051,22,55,8,3,0E-8,0.06894499,,0E-8,0.000000,0.926108,0.076923,,2026-05-07,2026-06-29,15,77,63,54,0.277778,,,0.000000,,,,,,,,GLOBAL_BASELINE_NO_ENTITY_RANKING,,,NOT_APPLICABLE_GLOBAL_BASELINE,HF9g-P5,,,,X 全窗基线 · 不参与实体赏罚,6871671,688,A168_HF9F_20260827_0900,2026-08-27 09:00:00
2026-05-14,144586514,1941,0,10.0000000000,10.0000000000,10.0000000000,1.0000000,1,1,0.49324550000000000,0.493245500000,1.01360149184955,1.01360149184955,1.01360149184955,0E-17,ELIGIBLE,R03b_20260811_FULL_v1,L1_ELIGIBILITY,v2026-08-11,2026-03-21..2026-08-06,baccarat_bet02_101_all_pairs_incl_sentinel,round_win = game_pnl > 0 (decisive only),COMPATIBILITY_ONLY_NOT_PRODUCTION,2436.0000,2256.0000,167.9500,117,114,-0.06894499,,-0.06894499,-0.06894499,-167.9500,2436.0000,OK,0.0000,6.7180,4.0000,96.0000,AG03-UNRESOLVED,ALL5_LEVELS_bet23_to_bet27,6.7180,6.7180,6.7180,6.7180,6.7180,4.000000,4.000000,4.000000,4.000000,4.000000,96.000000,96.000000,96.000000,96.000000,96.000000,5.0,33.5900,31.0082,134.3600,136.9418,PENDING_AG03,FALSE,NOT_FOR_ENFORCEMENT,161.2320,2165.7600,167.9500,161.2320,6.7180,0.06894499,0.06618719,6.7180,161.2320,0.06618719,6.7180,6.7180,6.7180,6.7180,6.7180,161.2320,0.06618719,33.5900,31.0082,134.3600,136.9418,0.05515599,0.05621586,0.00275780,20.8205,19.7895,1.4732,11.1967,2.1812,162.4000,7.6000,,20.8205,10.0,10.0,20.0,40.0,58.45,131.2201,10.0,0.0,5.845002,13.122006,2.082051,22,55,8,3,0E-8,0.06894499,,0E-8,0.000000,0.926108,0.076923,,2026-05-07,2026-06-29,15,77,63,54,0.277778,,,0.000000,,,,,,,,GLOBAL_BASELINE_NO_ENTITY_RANKING,,,NOT_APPLICABLE_GLOBAL_BASELINE,HF9g-P5,,,,X 全窗基线 · 不参与实体赏罚,6871672,688,A168_HF9F_20260827_0900,2026-08-27 09:00:00
2026-05-14,144586514,2170,0,63.0000000000,-63.0000000000,-63.0000000000,0E-7,1,1,0.49324550000000000,0.493245500000,-0.9865810262130424,-0.9865810262130424,-0.9865810262130424,0E-17,ELIGIBLE,R03b_20260811_FULL_v1,L1_ELIGIBILITY,v2026-08-11,2026-03-21..2026-08-06,baccarat_bet02_101_all_pairs_incl_sentinel,round_win = game_pnl > 0 (decisive only),COMPATIBILITY_ONLY_NOT_PRODUCTION,2436.0000,2256.0000,167.9500,117,114,-0.06894499,,-0.06894499,-0.06894499,-167.9500,2436.0000,OK,0.0000,6.7180,4.0000,96.0000,AG03-UNRESOLVED,ALL5_LEVELS_bet23_to_bet27,6.7180,6.7180,6.7180,6.7180,6.7180,4.000000,4.000000,4.000000,4.000000,4.000000,96.000000,96.000000,96.000000,96.000000,96.000000,5.0,33.5900,31.0082,134.3600,136.9418,PENDING_AG03,FALSE,NOT_FOR_ENFORCEMENT,161.2320,2165.7600,167.9500,161.2320,6.7180,0.06894499,0.06618719,6.7180,161.2320,0.06618719,6.7180,6.7180,6.7180,6.7180,6.7180,161.2320,0.06618719,33.5900,31.0082,134.3600,136.9418,0.05515599,0.05621586,0.00275780,20.8205,19.7895,1.4732,11.1967,2.1812,162.4000,7.6000,,20.8205,10.0,10.0,20.0,40.0,58.45,131.2201,10.0,0.0,5.845002,13.122006,2.082051,22,55,8,3,0E-8,0.06894499,,0E-8,0.000000,0.926108,0.076923,,2026-05-07,2026-06-29,15,77,63,54,0.277778,,,0.000000,,,,,,,,GLOBAL_BASELINE_NO_ENTITY_RANKING,,,NOT_APPLICABLE_GLOBAL_BASELINE,HF9g-P5,,,,X 全窗基线 · 不参与实体赏罚,6871673,688,A168_HF9F_20260827_0900,2026-08-27 09:00:00
2026-05-14,144586514,2171,0,20.0000000000,-20.0000000000,-20.0000000000,0E-7,1,1,0.50665070000000000,0.506650700000,-1.013391052207602,-1.013391052207602,-1.013391052207602,0E-17,ELIGIBLE,R03b_20260811_FULL_v1,L1_ELIGIBILITY,v2026-08-11,2026-03-21..2026-08-06,baccarat_bet02_101_all_pairs_incl_sentinel,round_win = game_pnl > 0 (decisive only),COMPATIBILITY_ONLY_NOT_PRODUCTION,2436.0000,2256.0000,167.9500,117,114,-0.06894499,,-0.06894499,-0.06894499,-167.9500,2436.0000,OK,0.0000,6.7180,4.0000,96.0000,AG03-UNRESOLVED,ALL5_LEVELS_bet23_to_bet27,6.7180,6.7180,6.7180,6.7180,6.7180,4.000000,4.000000,4.000000,4.000000,4.000000,96.000000,96.000000,96.000000,96.000000,96.000000,5.0,33.5900,31.0082,134.3600,136.9418,PENDING_AG03,FALSE,NOT_FOR_ENFORCEMENT,161.2320,2165.7600,167.9500,161.2320,6.7180,0.06894499,0.06618719,6.7180,161.2320,0.06618719,6.7180,6.7180,6.7180,6.7180,6.7180,161.2320,0.06618719,33.5900,31.0082,134.3600,136.9418,0.05515599,0.05621586,0.00275780,20.8205,19.7895,1.4732,11.1967,2.1812,162.4000,7.6000,,20.8205,10.0,10.0,20.0,40.0,58.45,131.2201,10.0,0.0,5.845002,13.122006,2.082051,22,55,8,3,0E-8,0.06894499,,0E-8,0.000000,0.926108,0.076923,,2026-05-07,2026-06-29,15,77,63,54,0.277778,,,0.000000,,,,,,,,GLOBAL_BASELINE_NO_ENTITY_RANKING,,,NOT_APPLICABLE_GLOBAL_BASELINE,HF9g-P5,,,,X 全窗基线 · 不参与实体赏罚,6871674,688,A168_HF9F_20260827_0900,2026-08-27 09:00:00
2026-05-14,144586514,2177,0,10.0000000000,9.5000000000,9.5000000000,1.0000000,1,1,0.50665070000000000,0.506650700000,0.9867858985152569,0.9867858985152569,0.9867858985152569,0E-17,ELIGIBLE,R03b_20260811_FULL_v1,L1_ELIGIBILITY,v2026-08-11,2026-03-21..2026-08-06,baccarat_bet02_101_all_pairs_incl_sentinel,round_win = game_pnl > 0 (decisive only),COMPATIBILITY_ONLY_NOT_PRODUCTION,2436.0000,2256.0000,167.9500,117,114,-0.06894499,,-0.06894499,-0.06894499,-167.9500,2436.0000,OK,0.0000,6.7180,4.0000,96.0000,AG03-UNRESOLVED,ALL5_LEVELS_bet23_to_bet27,6.7180,6.7180,6.7180,6.7180,6.7180,4.000000,4.000000,4.000000,4.000000,4.000000,96.000000,96.000000,96.000000,96.000000,96.000000,5.0,33.5900,31.0082,134.3600,136.9418,PENDING_AG03,FALSE,NOT_FOR_ENFORCEMENT,161.2320,2165.7600,167.9500,161.2320,6.7180,0.06894499,0.06618719,6.7180,161.2320,0.06618719,6.7180,6.7180,6.7180,6.7180,6.7180,161.2320,0.06618719,33.5900,31.0082,134.3600,136.9418,0.05515599,0.05621586,0.00275780,20.8205,19.7895,1.4732,11.1967,2.1812,162.4000,7.6000,,20.8205,10.0,10.0,20.0,40.0,58.45,131.2201,10.0,0.0,5.845002,13.122006,2.082051,22,55,8,3,0E-8,0.06894499,,0E-8,0.000000,0.926108,0.076923,,2026-05-07,2026-06-29,15,77,63,54,0.277778,,,0.000000,,,,,,,,GLOBAL_BASELINE_NO_ENTITY_RANKING,,,NOT_APPLICABLE_GLOBAL_BASELINE,HF9g-P5,,,,X 全窗基线 · 不参与实体赏罚,6871675,688,A168_HF9F_20260827_0900,2026-08-27 09:00:00
2026-05-15,144586514,2177,0,10.0000000000,9.5000000000,9.5000000000,1.0000000,1,1,0.50665070000000000,0.506650700000,0.9867858985152569,0.9867858985152569,0.9867858985152569,0E-17,ELIGIBLE,R03b_20260811_FULL_v1,L1_ELIGIBILITY,v2026-08-11,2026-03-21..2026-08-06,baccarat_bet02_101_all_pairs_incl_sentinel,round_win = game_pnl > 0 (decisive only),COMPATIBILITY_ONLY_NOT_PRODUCTION,2436.0000,2256.0000,167.9500,117,114,-0.06894499,,-0.06894499,-0.06894499,-167.9500,2436.0000,OK,0.0000,6.7180,4.0000,96.0000,AG03-UNRESOLVED,ALL5_LEVELS_bet23_to_bet27,6.7180,6.7180,6.7180,6.7180,6.7180,4.000000,4.000000,4.000000,4.000000,4.000000,96.000000,96.000000,96.000000,96.000000,96.000000,5.0,33.5900,31.0082,134.3600,136.9418,PENDING_AG03,FALSE,NOT_FOR_ENFORCEMENT,161.2320,2165.7600,167.9500,161.2320,6.7180,0.06894499,0.06618719,6.7180,161.2320,0.06618719,6.7180,6.7180,6.7180,6.7180,6.7180,161.2320,0.06618719,33.5900,31.0082,134.3600,136.9418,0.05515599,0.05621586,0.00275780,20.8205,19.7895,1.4732,11.1967,2.1812,162.4000,7.6000,,20.8205,10.0,10.0,20.0,40.0,58.45,131.2201,10.0,0.0,5.845002,13.122006,2.082051,22,55,8,3,0E-8,0.06894499,,0E-8,0.000000,0.926108,0.076923,,2026-05-07,2026-06-29,15,77,63,54,0.277778,,,0.000000,,,,,,,,GLOBAL_BASELINE_NO_ENTITY_RANKING,,,NOT_APPLICABLE_GLOBAL_BASELINE,HF9g-P5,,,,X 全窗基线 · 不参与实体赏罚,6871676,688,A168_HF9F_20260827_0900,2026-08-27 09:00:00
2026-05-16,144586514,1325,0,10.0000000000,-10.0000000000,-10.0000000000,0E-7,1,1,0.49324550000000000,0.493245500000,-0.9865810262130424,-0.9865810262130424,-0.9865810262130424,0E-17,ELIGIBLE,R03b_20260811_FULL_v1,L1_ELIGIBILITY,v2026-08-11,2026-03-21..2026-08-06,baccarat_bet02_101_all_pairs_incl_sentinel,round_win = game_pnl > 0 (decisive only),COMPATIBILITY_ONLY_NOT_PRODUCTION,2436.0000,2256.0000,167.9500,117,114,-0.06894499,,-0.06894499,-0.06894499,-167.9500,2436.0000,OK,0.0000,6.7180,4.0000,96.0000,AG03-UNRESOLVED,ALL5_LEVELS_bet23_to_bet27,6.7180,6.7180,6.7180,6.7180,6.7180,4.000000,4.000000,4.000000,4.000000,4.000000,96.000000,96.000000,96.000000,96.000000,96.000000,5.0,33.5900,31.0082,134.3600,136.9418,PENDING_AG03,FALSE,NOT_FOR_ENFORCEMENT,161.2320,2165.7600,167.9500,161.2320,6.7180,0.06894499,0.06618719,6.7180,161.2320,0.06618719,6.7180,6.7180,6.7180,6.7180,6.7180,161.2320,0.06618719,33.5900,31.0082,134.3600,136.9418,0.05515599,0.05621586,0.00275780,20.8205,19.7895,1.4732,11.1967,2.1812,162.4000,7.6000,,20.8205,10.0,10.0,20.0,40.0,58.45,131.2201,10.0,0.0,5.845002,13.122006,2.082051,22,55,8,3,0E-8,0.06894499,,0E-8,0.000000,0.926108,0.076923,,2026-05-07,2026-06-29,15,77,63,54,0.277778,,,0.000000,,,,,,,,GLOBAL_BASELINE_NO_ENTITY_RANKING,,,NOT_APPLICABLE_GLOBAL_BASELINE,HF9g-P5,,,,X 全窗基线 · 不参与实体赏罚,6871677,688,A168_HF9F_20260827_0900,2026-08-27 09:00:00
2026-05-17,144586514,-1,1,20.0000000000,-20.0000000000,-20.0000000000,0E-7,2,2,0.49324550000000000,0.493245500000,-1.3952362676504506,-1.3952362676504506,-1.3952362676504506,0E-17,SENTINEL_DEALER,R03b_20260811_FULL_v1,L1_ELIGIBILITY,v2026-08-11,2026-03-21..2026-08-06,baccarat_bet02_101_all_pairs_incl_sentinel,round_win = game_pnl > 0 (decisive only),COMPATIBILITY_ONLY_NOT_PRODUCTION,2436.0000,2256.0000,167.9500,117,114,-0.06894499,,-0.06894499,-0.06894499,-167.9500,2436.0000,OK,0.0000,6.7180,4.0000,96.0000,AG03-UNRESOLVED,ALL5_LEVELS_bet23_to_bet27,6.7180,6.7180,6.7180,6.7180,6.7180,4.000000,4.000000,4.000000,4.000000,4.000000,96.000000,96.000000,96.000000,96.000000,96.000000,5.0,33.5900,31.0082,134.3600,136.9418,PENDING_AG03,FALSE,NOT_FOR_ENFORCEMENT,161.2320,2165.7600,167.9500,161.2320,6.7180,0.06894499,0.06618719,6.7180,161.2320,0.06618719,6.7180,6.7180,6.7180,6.7180,6.7180,161.2320,0.06618719,33.5900,31.0082,134.3600,136.9418,0.05515599,0.05621586,0.00275780,20.8205,19.7895,1.4732,11.1967,2.1812,162.4000,7.6000,,20.8205,10.0,10.0,20.0,40.0,58.45,131.2201,10.0,0.0,5.845002,13.122006,2.082051,22,55,8,3,0E-8,0.06894499,,0E-8,0.000000,0.926108,0.076923,,2026-05-07,2026-06-29,15,77,63,54,0.277778,,,0.000000,,,,,,,,GLOBAL_BASELINE_NO_ENTITY_RANKING,,,NOT_APPLICABLE_GLOBAL_BASELINE,HF9g-P5,,,,X 全窗基线 · 不参与实体赏罚,6871678,688,A168_HF9F_20260827_0900,2026-08-27 09:00:00
2026-05-17,144586514,1017,0,10.0000000000,10.0000000000,10.0000000000,1.0000000,1,1,0.49324550000000000,0.493245500000,1.01360149184955,1.01360149184955,1.01360149184955,0E-17,ELIGIBLE,R03b_20260811_FULL_v1,L1_ELIGIBILITY,v2026-08-11,2026-03-21..2026-08-06,baccarat_bet02_101_all_pairs_incl_sentinel,round_win = game_pnl > 0 (decisive only),COMPATIBILITY_ONLY_NOT_PRODUCTION,2436.0000,2256.0000,167.9500,117,114,-0.06894499,,-0.06894499,-0.06894499,-167.9500,2436.0000,OK,0.0000,6.7180,4.0000,96.0000,AG03-UNRESOLVED,ALL5_LEVELS_bet23_to_bet27,6.7180,6.7180,6.7180,6.7180,6.7180,4.000000,4.000000,4.000000,4.000000,4.000000,96.000000,96.000000,96.000000,96.000000,96.000000,5.0,33.5900,31.0082,134.3600,136.9418,PENDING_AG03,FALSE,NOT_FOR_ENFORCEMENT,161.2320,2165.7600,167.9500,161.2320,6.7180,0.06894499,0.06618719,6.7180,161.2320,0.06618719,6.7180,6.7180,6.7180,6.7180,6.7180,161.2320,0.06618719,33.5900,31.0082,134.3600,136.9418,0.05515599,0.05621586,0.00275780,20.8205,19.7895,1.4732,11.1967,2.1812,162.4000,7.6000,,20.8205,10.0,10.0,20.0,40.0,58.45,131.2201,10.0,0.0,5.845002,13.122006,2.082051,22,55,8,3,0E-8,0.06894499,,0E-8,0.000000,0.926108,0.076923,,2026-05-07,2026-06-29,15,77,63,54,0.277778,,,0.000000,,,,,,,,GLOBAL_BASELINE_NO_ENTITY_RANKING,,,NOT_APPLICABLE_GLOBAL_BASELINE,HF9g-P5,,,,X 全窗基线 · 不参与实体赏罚,6871679,688,A168_HF9F_20260827_0900,2026-08-27 09:00:00
2026-05-17,144586514,1151,0,10.0000000000,-10.0000000000,-10.0000000000,0E-7,1,1,0.50665070000000000,0.506650700000,-1.013391052207602,-1.013391052207602,-1.013391052207602,0E-17,ELIGIBLE,R03b_20260811_FULL_v1,L1_ELIGIBILITY,v2026-08-11,2026-03-21..2026-08-06,baccarat_bet02_101_all_pairs_incl_sentinel,round_win = game_pnl > 0 (decisive only),COMPATIBILITY_ONLY_NOT_PRODUCTION,2436.0000,2256.0000,167.9500,117,114,-0.06894499,,-0.06894499,-0.06894499,-167.9500,2436.0000,OK,0.0000,6.7180,4.0000,96.0000,AG03-UNRESOLVED,ALL5_LEVELS_bet23_to_bet27,6.7180,6.7180,6.7180,6.7180,6.7180,4.000000,4.000000,4.000000,4.000000,4.000000,96.000000,96.000000,96.000000,96.000000,96.000000,5.0,33.5900,31.0082,134.3600,136.9418,PENDING_AG03,FALSE,NOT_FOR_ENFORCEMENT,161.2320,2165.7600,167.9500,161.2320,6.7180,0.06894499,0.06618719,6.7180,161.2320,0.06618719,6.7180,6.7180,6.7180,6.7180,6.7180,161.2320,0.06618719,33.5900,31.0082,134.3600,136.9418,0.05515599,0.05621586,0.00275780,20.8205,19.7895,1.4732,11.1967,2.1812,162.4000,7.6000,,20.8205,10.0,10.0,20.0,40.0,58.45,131.2201,10.0,0.0,5.845002,13.122006,2.082051,22,55,8,3,0E-8,0.06894499,,0E-8,0.000000,0.926108,0.076923,,2026-05-07,2026-06-29,15,77,63,54,0.277778,,,0.000000,,,,,,,,GLOBAL_BASELINE_NO_ENTITY_RANKING,,,NOT_APPLICABLE_GLOBAL_BASELINE,HF9g-P5,,,,X 全窗基线 · 不参与实体赏罚,6871680,688,A168_HF9F_20260827_0900,2026-08-27 09:00:00
2026-05-17,144586514,1941,0,10.0000000000,-10.0000000000,-10.0000000000,0E-7,1,1,0.50665070000000000,0.506650700000,-1.013391052207602,-1.013391052207602,-1.013391052207602,0E-17,ELIGIBLE,R03b_20260811_FULL_v1,L1_ELIGIBILITY,v2026-08-11,2026-03-21..2026-08-06,baccarat_bet02_101_all_pairs_incl_sentinel,round_win = game_pnl > 0 (decisive only),COMPATIBILITY_ONLY_NOT_PRODUCTION,2436.0000,2256.0000,167.9500,117,114,-0.06894499,,-0.06894499,-0.06894499,-167.9500,2436.0000,OK,0.0000,6.7180,4.0000,96.0000,AG03-UNRESOLVED,ALL5_LEVELS_bet23_to_bet27,6.7180,6.7180,6.7180,6.7180,6.7180,4.000000,4.000000,4.000000,4.000000,4.000000,96.000000,96.000000,96.000000,96.000000,96.000000,5.0,33.5900,31.0082,134.3600,136.9418,PENDING_AG03,FALSE,NOT_FOR_ENFORCEMENT,161.2320,2165.7600,167.9500,161.2320,6.7180,0.06894499,0.06618719,6.7180,161.2320,0.06618719,6.7180,6.7180,6.7180,6.7180,6.7180,161.2320,0.06618719,33.5900,31.0082,134.3600,136.9418,0.05515599,0.05621586,0.00275780,20.8205,19.7895,1.4732,11.1967,2.1812,162.4000,7.6000,,20.8205,10.0,10.0,20.0,40.0,58.45,131.2201,10.0,0.0,5.845002,13.122006,2.082051,22,55,8,3,0E-8,0.06894499,,0E-8,0.000000,0.926108,0.076923,,2026-05-07,2026-06-29,15,77,63,54,0.277778,,,0.000000,,,,,,,,GLOBAL_BASELINE_NO_ENTITY_RANKING,,,NOT_APPLICABLE_GLOBAL_BASELINE,HF9g-P5,,,,X 全窗基线 · 不参与实体赏罚,6871681,688,A168_HF9F_20260827_0900,2026-08-27 09:00:00
2026-05-17,144586514,1942,0,10.0000000000,0E-10,0E-10,,1,1,0.50665070000000000,0.506650700000,,,,0E-17,NO_DECISIVE_ROUND,R03b_20260811_FULL_v1,L1_ELIGIBILITY,v2026-08-11,2026-03-21..2026-08-06,baccarat_bet02_101_all_pairs_incl_sentinel,round_win = game_pnl > 0 (decisive only),COMPATIBILITY_ONLY_NOT_PRODUCTION,2436.0000,2256.0000,167.9500,117,114,-0.06894499,,-0.06894499,-0.06894499,-167.9500,2436.0000,OK,0.0000,6.7180,4.0000,96.0000,AG03-UNRESOLVED,ALL5_LEVELS_bet23_to_bet27,6.7180,6.7180,6.7180,6.7180,6.7180,4.000000,4.000000,4.000000,4.000000,4.000000,96.000000,96.000000,96.000000,96.000000,96.000000,5.0,33.5900,31.0082,134.3600,136.9418,PENDING_AG03,FALSE,NOT_FOR_ENFORCEMENT,161.2320,2165.7600,167.9500,161.2320,6.7180,0.06894499,0.06618719,6.7180,161.2320,0.06618719,6.7180,6.7180,6.7180,6.7180,6.7180,161.2320,0.06618719,33.5900,31.0082,134.3600,136.9418,0.05515599,0.05621586,0.00275780,20.8205,19.7895,1.4732,11.1967,2.1812,162.4000,7.6000,,20.8205,10.0,10.0,20.0,40.0,58.45,131.2201,10.0,0.0,5.845002,13.122006,2.082051,22,55,8,3,0E-8,0.06894499,,0E-8,0.000000,0.926108,0.076923,,2026-05-07,2026-06-29,15,77,63,54,0.277778,,,0.000000,,,,,,,,GLOBAL_BASELINE_NO_ENTITY_RANKING,,,NOT_APPLICABLE_GLOBAL_BASELINE,HF9g-P5,,,,X 全窗基线 · 不参与实体赏罚,6871682,688,A168_HF9F_20260827_0900,2026-08-27 09:00:00
2026-05-17,144586514,2106,0,10.0000000000,10.0000000000,10.0000000000,1.0000000,1,1,0.50665070000000000,0.506650700000,0.9867858985152569,0.9867858985152569,0.9867858985152569,0E-17,ELIGIBLE,R03b_20260811_FULL_v1,L1_ELIGIBILITY,v2026-08-11,2026-03-21..2026-08-06,baccarat_bet02_101_all_pairs_incl_sentinel,round_win = game_pnl > 0 (decisive only),COMPATIBILITY_ONLY_NOT_PRODUCTION,2436.0000,2256.0000,167.9500,117,114,-0.06894499,,-0.06894499,-0.06894499,-167.9500,2436.0000,OK,0.0000,6.7180,4.0000,96.0000,AG03-UNRESOLVED,ALL5_LEVELS_bet23_to_bet27,6.7180,6.7180,6.7180,6.7180,6.7180,4.000000,4.000000,4.000000,4.000000,4.000000,96.000000,96.000000,96.000000,96.000000,96.000000,5.0,33.5900,31.0082,134.3600,136.9418,PENDING_AG03,FALSE,NOT_FOR_ENFORCEMENT,161.2320,2165.7600,167.9500,161.2320,6.7180,0.06894499,0.06618719,6.7180,161.2320,0.06618719,6.7180,6.7180,6.7180,6.7180,6.7180,161.2320,0.06618719,33.5900,31.0082,134.3600,136.9418,0.05515599,0.05621586,0.00275780,20.8205,19.7895,1.4732,11.1967,2.1812,162.4000,7.6000,,20.8205,10.0,10.0,20.0,40.0,58.45,131.2201,10.0,0.0,5.845002,13.122006,2.082051,22,55,8,3,0E-8,0.06894499,,0E-8,0.000000,0.926108,0.076923,,2026-05-07,2026-06-29,15,77,63,54,0.277778,,,0.000000,,,,,,,,GLOBAL_BASELINE_NO_ENTITY_RANKING,,,NOT_APPLICABLE_GLOBAL_BASELINE,HF9g-P5,,,,X 全窗基线 · 不参与实体赏罚,6871683,688,A168_HF9F_20260827_0900,2026-08-27 09:00:00
2026-05-17,144586514,2145,0,10.0000000000,9.5000000000,9.5000000000,1.0000000,1,1,0.50665070000000000,0.506650700000,0.9867858985152569,0.9867858985152569,0.9867858985152569,0E-17,ELIGIBLE,R03b_20260811_FULL_v1,L1_ELIGIBILITY,v2026-08-11,2026-03-21..2026-08-06,baccarat_bet02_101_all_pairs_incl_sentinel,round_win = game_pnl > 0 (decisive only),COMPATIBILITY_ONLY_NOT_PRODUCTION,2436.0000,2256.0000,167.9500,117,114,-0.06894499,,-0.06894499,-0.06894499,-167.9500,2436.0000,OK,0.0000,6.7180,4.0000,96.0000,AG03-UNRESOLVED,ALL5_LEVELS_bet23_to_bet27,6.7180,6.7180,6.7180,6.7180,6.7180,4.000000,4.000000,4.000000,4.000000,4.000000,96.000000,96.000000,96.000000,96.000000,96.000000,5.0,33.5900,31.0082,134.3600,136.9418,PENDING_AG03,FALSE,NOT_FOR_ENFORCEMENT,161.2320,2165.7600,167.9500,161.2320,6.7180,0.06894499,0.06618719,6.7180,161.2320,0.06618719,6.7180,6.7180,6.7180,6.7180,6.7180,161.2320,0.06618719,33.5900,31.0082,134.3600,136.9418,0.05515599,0.05621586,0.00275780,20.8205,19.7895,1.4732,11.1967,2.1812,162.4000,7.6000,,20.8205,10.0,10.0,20.0,40.0,58.45,131.2201,10.0,0.0,5.845002,13.122006,2.082051,22,55,8,3,0E-8,0.06894499,,0E-8,0.000000,0.926108,0.076923,,2026-05-07,2026-06-29,15,77,63,54,0.277778,,,0.000000,,,,,,,,GLOBAL_BASELINE_NO_ENTITY_RANKING,,,NOT_APPLICABLE_GLOBAL_BASELINE,HF9g-P5,,,,X 全窗基线 · 不参与实体赏罚,6871684,688,A168_HF9F_20260827_0900,2026-08-27 09:00:00
2026-05-17,144586514,2201,0,10.0000000000,-10.0000000000,-10.0000000000,0E-7,1,1,0.49324550000000000,0.493245500000,-0.9865810262130424,-0.9865810262130424,-0.9865810262130424,0E-17,ELIGIBLE,R03b_20260811_FULL_v1,L1_ELIGIBILITY,v2026-08-11,2026-03-21..2026-08-06,baccarat_bet02_101_all_pairs_incl_sentinel,round_win = game_pnl > 0 (decisive only),COMPATIBILITY_ONLY_NOT_PRODUCTION,2436.0000,2256.0000,167.9500,117,114,-0.06894499,,-0.06894499,-0.06894499,-167.9500,2436.0000,OK,0.0000,6.7180,4.0000,96.0000,AG03-UNRESOLVED,ALL5_LEVELS_bet23_to_bet27,6.7180,6.7180,6.7180,6.7180,6.7180,4.000000,4.000000,4.000000,4.000000,4.000000,96.000000,96.000000,96.000000,96.000000,96.000000,5.0,33.5900,31.0082,134.3600,136.9418,PENDING_AG03,FALSE,NOT_FOR_ENFORCEMENT,161.2320,2165.7600,167.9500,161.2320,6.7180,0.06894499,0.06618719,6.7180,161.2320,0.06618719,6.7180,6.7180,6.7180,6.7180,6.7180,161.2320,0.06618719,33.5900,31.0082,134.3600,136.9418,0.05515599,0.05621586,0.00275780,20.8205,19.7895,1.4732,11.1967,2.1812,162.4000,7.6000,,20.8205,10.0,10.0,20.0,40.0,58.45,131.2201,10.0,0.0,5.845002,13.122006,2.082051,22,55,8,3,0E-8,0.06894499,,0E-8,0.000000,0.926108,0.076923,,2026-05-07,2026-06-29,15,77,63,54,0.277778,,,0.000000,,,,,,,,GLOBAL_BASELINE_NO_ENTITY_RANKING,,,NOT_APPLICABLE_GLOBAL_BASELINE,HF9g-P5,,,,X 全窗基线 · 不参与实体赏罚,6871685,688,A168_HF9F_20260827_0900,2026-08-27 09:00:00
2026-05-17,144586514,2239,0,10.0000000000,10.0000000000,10.0000000000,1.0000000,1,1,0.50665070000000000,0.506650700000,0.9867858985152569,0.9867858985152569,0.9867858985152569,0E-17,ELIGIBLE,R03b_20260811_FULL_v1,L1_ELIGIBILITY,v2026-08-11,2026-03-21..2026-08-06,baccarat_bet02_101_all_pairs_incl_sentinel,round_win = game_pnl > 0 (decisive only),COMPATIBILITY_ONLY_NOT_PRODUCTION,2436.0000,2256.0000,167.9500,117,114,-0.06894499,,-0.06894499,-0.06894499,-167.9500,2436.0000,OK,0.0000,6.7180,4.0000,96.0000,AG03-UNRESOLVED,ALL5_LEVELS_bet23_to_bet27,6.7180,6.7180,6.7180,6.7180,6.7180,4.000000,4.000000,4.000000,4.000000,4.000000,96.000000,96.000000,96.000000,96.000000,96.000000,5.0,33.5900,31.0082,134.3600,136.9418,PENDING_AG03,FALSE,NOT_FOR_ENFORCEMENT,161.2320,2165.7600,167.9500,161.2320,6.7180,0.06894499,0.06618719,6.7180,161.2320,0.06618719,6.7180,6.7180,6.7180,6.7180,6.7180,161.2320,0.06618719,33.5900,31.0082,134.3600,136.9418,0.05515599,0.05621586,0.00275780,20.8205,19.7895,1.4732,11.1967,2.1812,162.4000,7.6000,,20.8205,10.0,10.0,20.0,40.0,58.45,131.2201,10.0,0.0,5.845002,13.122006,2.082051,22,55,8,3,0E-8,0.06894499,,0E-8,0.000000,0.926108,0.076923,,2026-05-07,2026-06-29,15,77,63,54,0.277778,,,0.000000,,,,,,,,GLOBAL_BASELINE_NO_ENTITY_RANKING,,,NOT_APPLICABLE_GLOBAL_BASELINE,HF9g-P5,,,,X 全窗基线 · 不参与实体赏罚,6871686,688,A168_HF9F_20260827_0900,2026-08-27 09:00:00
2026-05-17,144586514,2244,0,10.0000000000,10.0000000000,10.0000000000,1.0000000,1,1,0.49324550000000000,0.493245500000,1.01360149184955,1.01360149184955,1.01360149184955,0E-17,ELIGIBLE,R03b_20260811_FULL_v1,L1_ELIGIBILITY,v2026-08-11,2026-03-21..2026-08-06,baccarat_bet02_101_all_pairs_incl_sentinel,round_win = game_pnl > 0 (decisive only),COMPATIBILITY_ONLY_NOT_PRODUCTION,2436.0000,2256.0000,167.9500,117,114,-0.06894499,,-0.06894499,-0.06894499,-167.9500,2436.0000,OK,0.0000,6.7180,4.0000,96.0000,AG03-UNRESOLVED,ALL5_LEVELS_bet23_to_bet27,6.7180,6.7180,6.7180,6.7180,6.7180,4.000000,4.000000,4.000000,4.000000,4.000000,96.000000,96.000000,96.000000,96.000000,96.000000,5.0,33.5900,31.0082,134.3600,136.9418,PENDING_AG03,FALSE,NOT_FOR_ENFORCEMENT,161.2320,2165.7600,167.9500,161.2320,6.7180,0.06894499,0.06618719,6.7180,161.2320,0.06618719,6.7180,6.7180,6.7180,6.7180,6.7180,161.2320,0.06618719,33.5900,31.0082,134.3600,136.9418,0.05515599,0.05621586,0.00275780,20.8205,19.7895,1.4732,11.1967,2.1812,162.4000,7.6000,,20.8205,10.0,10.0,20.0,40.0,58.45,131.2201,10.0,0.0,5.845002,13.122006,2.082051,22,55,8,3,0E-8,0.06894499,,0E-8,0.000000,0.926108,0.076923,,2026-05-07,2026-06-29,15,77,63,54,0.277778,,,0.000000,,,,,,,,GLOBAL_BASELINE_NO_ENTITY_RANKING,,,NOT_APPLICABLE_GLOBAL_BASELINE,HF9g-P5,,,,X 全窗基线 · 不参与实体赏罚,6871687,688,A168_HF9F_20260827_0900,2026-08-27 09:00:00
2026-05-17,144586514,2250,0,10.0000000000,10.0000000000,10.0000000000,1.0000000,1,1,0.50665070000000000,0.506650700000,0.9867858985152569,0.9867858985152569,0.9867858985152569,0E-17,ELIGIBLE,R03b_20260811_FULL_v1,L1_ELIGIBILITY,v2026-08-11,2026-03-21..2026-08-06,baccarat_bet02_101_all_pairs_incl_sentinel,round_win = game_pnl > 0 (decisive only),COMPATIBILITY_ONLY_NOT_PRODUCTION,2436.0000,2256.0000,167.9500,117,114,-0.06894499,,-0.06894499,-0.06894499,-167.9500,2436.0000,OK,0.0000,6.7180,4.0000,96.0000,AG03-UNRESOLVED,ALL5_LEVELS_bet23_to_bet27,6.7180,6.7180,6.7180,6.7180,6.7180,4.000000,4.000000,4.000000,4.000000,4.000000,96.000000,96.000000,96.000000,96.000000,96.000000,5.0,33.5900,31.0082,134.3600,136.9418,PENDING_AG03,FALSE,NOT_FOR_ENFORCEMENT,161.2320,2165.7600,167.9500,161.2320,6.7180,0.06894499,0.06618719,6.7180,161.2320,0.06618719,6.7180,6.7180,6.7180,6.7180,6.7180,161.2320,0.06618719,33.5900,31.0082,134.3600,136.9418,0.05515599,0.05621586,0.00275780,20.8205,19.7895,1.4732,11.1967,2.1812,162.4000,7.6000,,20.8205,10.0,10.0,20.0,40.0,58.45,131.2201,10.0,0.0,5.845002,13.122006,2.082051,22,55,8,3,0E-8,0.06894499,,0E-8,0.000000,0.926108,0.076923,,2026-05-07,2026-06-29,15,77,63,54,0.277778,,,0.000000,,,,,,,,GLOBAL_BASELINE_NO_ENTITY_RANKING,,,NOT_APPLICABLE_GLOBAL_BASELINE,HF9g-P5,,,,X 全窗基线 · 不参与实体赏罚,6871688,688,A168_HF9F_20260827_0900,2026-08-27 09:00:00
2026-05-17,144586514,2252,0,30.0000000000,30.0000000000,30.0000000000,1.0000000,3,3,0.49324550000000000,0.493245500000,1.755609282511032,1.7556092825110319,1.755609282511032,0E-17,ELIGIBLE,R03b_20260811_FULL_v1,L1_ELIGIBILITY,v2026-08-11,2026-03-21..2026-08-06,baccarat_bet02_101_all_pairs_incl_sentinel,round_win = game_pnl > 0 (decisive only),COMPATIBILITY_ONLY_NOT_PRODUCTION,2436.0000,2256.0000,167.9500,117,114,-0.06894499,,-0.06894499,-0.06894499,-167.9500,2436.0000,OK,0.0000,6.7180,4.0000,96.0000,AG03-UNRESOLVED,ALL5_LEVELS_bet23_to_bet27,6.7180,6.7180,6.7180,6.7180,6.7180,4.000000,4.000000,4.000000,4.000000,4.000000,96.000000,96.000000,96.000000,96.000000,96.000000,5.0,33.5900,31.0082,134.3600,136.9418,PENDING_AG03,FALSE,NOT_FOR_ENFORCEMENT,161.2320,2165.7600,167.9500,161.2320,6.7180,0.06894499,0.06618719,6.7180,161.2320,0.06618719,6.7180,6.7180,6.7180,6.7180,6.7180,161.2320,0.06618719,33.5900,31.0082,134.3600,136.9418,0.05515599,0.05621586,0.00275780,20.8205,19.7895,1.4732,11.1967,2.1812,162.4000,7.6000,,20.8205,10.0,10.0,20.0,40.0,58.45,131.2201,10.0,0.0,5.845002,13.122006,2.082051,22,55,8,3,0E-8,0.06894499,,0E-8,0.000000,0.926108,0.076923,,2026-05-07,2026-06-29,15,77,63,54,0.277778,,,0.000000,,,,,,,,GLOBAL_BASELINE_NO_ENTITY_RANKING,,,NOT_APPLICABLE_GLOBAL_BASELINE,HF9g-P5,,,,X 全窗基线 · 不参与实体赏罚,6871689,688,A168_HF9F_20260827_0900,2026-08-27 09:00:00
2026-05-17,144586514,2258,0,10.0000000000,-10.0000000000,-10.0000000000,0E-7,1,1,0.49324550000000000,0.493245500000,-0.9865810262130424,-0.9865810262130424,-0.9865810262130424,0E-17,ELIGIBLE,R03b_20260811_FULL_v1,L1_ELIGIBILITY,v2026-08-11,2026-03-21..2026-08-06,baccarat_bet02_101_all_pairs_incl_sentinel,round_win = game_pnl > 0 (decisive only),COMPATIBILITY_ONLY_NOT_PRODUCTION,2436.0000,2256.0000,167.9500,117,114,-0.06894499,,-0.06894499,-0.06894499,-167.9500,2436.0000,OK,0.0000,6.7180,4.0000,96.0000,AG03-UNRESOLVED,ALL5_LEVELS_bet23_to_bet27,6.7180,6.7180,6.7180,6.7180,6.7180,4.000000,4.000000,4.000000,4.000000,4.000000,96.000000,96.000000,96.000000,96.000000,96.000000,5.0,33.5900,31.0082,134.3600,136.9418,PENDING_AG03,FALSE,NOT_FOR_ENFORCEMENT,161.2320,2165.7600,167.9500,161.2320,6.7180,0.06894499,0.06618719,6.7180,161.2320,0.06618719,6.7180,6.7180,6.7180,6.7180,6.7180,161.2320,0.06618719,33.5900,31.0082,134.3600,136.9418,0.05515599,0.05621586,0.00275780,20.8205,19.7895,1.4732,11.1967,2.1812,162.4000,7.6000,,20.8205,10.0,10.0,20.0,40.0,58.45,131.2201,10.0,0.0,5.845002,13.122006,2.082051,22,55,8,3,0E-8,0.06894499,,0E-8,0.000000,0.926108,0.076923,,2026-05-07,2026-06-29,15,77,63,54,0.277778,,,0.000000,,,,,,,,GLOBAL_BASELINE_NO_ENTITY_RANKING,,,NOT_APPLICABLE_GLOBAL_BASELINE,HF9g-P5,,,,X 全窗基线 · 不参与实体赏罚,6871690,688,A168_HF9F_20260827_0900,2026-08-27 09:00:00
2026-05-17,144586514,2271,0,10.0000000000,10.0000000000,10.0000000000,1.0000000,1,1,0.50665070000000000,0.506650700000,0.9867858985152569,0.9867858985152569,0.9867858985152569,0E-17,ELIGIBLE,R03b_20260811_FULL_v1,L1_ELIGIBILITY,v2026-08-11,2026-03-21..2026-08-06,baccarat_bet02_101_all_pairs_incl_sentinel,round_win = game_pnl > 0 (decisive only),COMPATIBILITY_ONLY_NOT_PRODUCTION,2436.0000,2256.0000,167.9500,117,114,-0.06894499,,-0.06894499,-0.06894499,-167.9500,2436.0000,OK,0.0000,6.7180,4.0000,96.0000,AG03-UNRESOLVED,ALL5_LEVELS_bet23_to_bet27,6.7180,6.7180,6.7180,6.7180,6.7180,4.000000,4.000000,4.000000,4.000000,4.000000,96.000000,96.000000,96.000000,96.000000,96.000000,5.0,33.5900,31.0082,134.3600,136.9418,PENDING_AG03,FALSE,NOT_FOR_ENFORCEMENT,161.2320,2165.7600,167.9500,161.2320,6.7180,0.06894499,0.06618719,6.7180,161.2320,0.06618719,6.7180,6.7180,6.7180,6.7180,6.7180,161.2320,0.06618719,33.5900,31.0082,134.3600,136.9418,0.05515599,0.05621586,0.00275780,20.8205,19.7895,1.4732,11.1967,2.1812,162.4000,7.6000,,20.8205,10.0,10.0,20.0,40.0,58.45,131.2201,10.0,0.0,5.845002,13.122006,2.082051,22,55,8,3,0E-8,0.06894499,,0E-8,0.000000,0.926108,0.076923,,2026-05-07,2026-06-29,15,77,63,54,0.277778,,,0.000000,,,,,,,,GLOBAL_BASELINE_NO_ENTITY_RANKING,,,NOT_APPLICABLE_GLOBAL_BASELINE,HF9g-P5,,,,X 全窗基线 · 不参与实体赏罚,6871691,688,A168_HF9F_20260827_0900,2026-08-27 09:00:00
2026-05-17,144586514,550,0,20.0000000000,-10.0000000000,-10.0000000000,0E-7,2,2,0.50665070000000000,0.506650700000,-1.013391052207602,-1.013391052207602,-1.013391052207602,0E-17,ELIGIBLE,R03b_20260811_FULL_v1,L1_ELIGIBILITY,v2026-08-11,2026-03-21..2026-08-06,baccarat_bet02_101_all_pairs_incl_sentinel,round_win = game_pnl > 0 (decisive only),COMPATIBILITY_ONLY_NOT_PRODUCTION,2436.0000,2256.0000,167.9500,117,114,-0.06894499,,-0.06894499,-0.06894499,-167.9500,2436.0000,OK,0.0000,6.7180,4.0000,96.0000,AG03-UNRESOLVED,ALL5_LEVELS_bet23_to_bet27,6.7180,6.7180,6.7180,6.7180,6.7180,4.000000,4.000000,4.000000,4.000000,4.000000,96.000000,96.000000,96.000000,96.000000,96.000000,5.0,33.5900,31.0082,134.3600,136.9418,PENDING_AG03,FALSE,NOT_FOR_ENFORCEMENT,161.2320,2165.7600,167.9500,161.2320,6.7180,0.06894499,0.06618719,6.7180,161.2320,0.06618719,6.7180,6.7180,6.7180,6.7180,6.7180,161.2320,0.06618719,33.5900,31.0082,134.3600,136.9418,0.05515599,0.05621586,0.00275780,20.8205,19.7895,1.4732,11.1967,2.1812,162.4000,7.6000,,20.8205,10.0,10.0,20.0,40.0,58.45,131.2201,10.0,0.0,5.845002,13.122006,2.082051,22,55,8,3,0E-8,0.06894499,,0E-8,0.000000,0.926108,0.076923,,2026-05-07,2026-06-29,15,77,63,54,0.277778,,,0.000000,,,,,,,,GLOBAL_BASELINE_NO_ENTITY_RANKING,,,NOT_APPLICABLE_GLOBAL_BASELINE,HF9g-P5,,,,X 全窗基线 · 不参与实体赏罚,6871692,688,A168_HF9F_20260827_0900,2026-08-27 09:00:00
2026-05-17,144586514,763,0,10.0000000000,-10.0000000000,-10.0000000000,0E-7,1,1,0.50665070000000000,0.506650700000,-1.013391052207602,-1.013391052207602,-1.013391052207602,0E-17,ELIGIBLE,R03b_20260811_FULL_v1,L1_ELIGIBILITY,v2026-08-11,2026-03-21..2026-08-06,baccarat_bet02_101_all_pairs_incl_sentinel,round_win = game_pnl > 0 (decisive only),COMPATIBILITY_ONLY_NOT_PRODUCTION,2436.0000,2256.0000,167.9500,117,114,-0.06894499,,-0.06894499,-0.06894499,-167.9500,2436.0000,OK,0.0000,6.7180,4.0000,96.0000,AG03-UNRESOLVED,ALL5_LEVELS_bet23_to_bet27,6.7180,6.7180,6.7180,6.7180,6.7180,4.000000,4.000000,4.000000,4.000000,4.000000,96.000000,96.000000,96.000000,96.000000,96.000000,5.0,33.5900,31.0082,134.3600,136.9418,PENDING_AG03,FALSE,NOT_FOR_ENFORCEMENT,161.2320,2165.7600,167.9500,161.2320,6.7180,0.06894499,0.06618719,6.7180,161.2320,0.06618719,6.7180,6.7180,6.7180,6.7180,6.7180,161.2320,0.06618719,33.5900,31.0082,134.3600,136.9418,0.05515599,0.05621586,0.00275780,20.8205,19.7895,1.4732,11.1967,2.1812,162.4000,7.6000,,20.8205,10.0,10.0,20.0,40.0,58.45,131.2201,10.0,0.0,5.845002,13.122006,2.082051,22,55,8,3,0E-8,0.06894499,,0E-8,0.000000,0.926108,0.076923,,2026-05-07,2026-06-29,15,77,63,54,0.277778,,,0.000000,,,,,,,,GLOBAL_BASELINE_NO_ENTITY_RANKING,,,NOT_APPLICABLE_GLOBAL_BASELINE,HF9g-P5,,,,X 全窗基线 · 不参与实体赏罚,6871693,688,A168_HF9F_20260827_0900,2026-08-27 09:00:00
2026-05-17,144586514,789,0,10.0000000000,-10.0000000000,-10.0000000000,0E-7,1,1,0.49324550000000000,0.493245500000,-0.9865810262130424,-0.9865810262130424,-0.9865810262130424,0E-17,ELIGIBLE,R03b_20260811_FULL_v1,L1_ELIGIBILITY,v2026-08-11,2026-03-21..2026-08-06,baccarat_bet02_101_all_pairs_incl_sentinel,round_win = game_pnl > 0 (decisive only),COMPATIBILITY_ONLY_NOT_PRODUCTION,2436.0000,2256.0000,167.9500,117,114,-0.06894499,,-0.06894499,-0.06894499,-167.9500,2436.0000,OK,0.0000,6.7180,4.0000,96.0000,AG03-UNRESOLVED,ALL5_LEVELS_bet23_to_bet27,6.7180,6.7180,6.7180,6.7180,6.7180,4.000000,4.000000,4.000000,4.000000,4.000000,96.000000,96.000000,96.000000,96.000000,96.000000,5.0,33.5900,31.0082,134.3600,136.9418,PENDING_AG03,FALSE,NOT_FOR_ENFORCEMENT,161.2320,2165.7600,167.9500,161.2320,6.7180,0.06894499,0.06618719,6.7180,161.2320,0.06618719,6.7180,6.7180,6.7180,6.7180,6.7180,161.2320,0.06618719,33.5900,31.0082,134.3600,136.9418,0.05515599,0.05621586,0.00275780,20.8205,19.7895,1.4732,11.1967,2.1812,162.4000,7.6000,,20.8205,10.0,10.0,20.0,40.0,58.45,131.2201,10.0,0.0,5.845002,13.122006,2.082051,22,55,8,3,0E-8,0.06894499,,0E-8,0.000000,0.926108,0.076923,,2026-05-07,2026-06-29,15,77,63,54,0.277778,,,0.000000,,,,,,,,GLOBAL_BASELINE_NO_ENTITY_RANKING,,,NOT_APPLICABLE_GLOBAL_BASELINE,HF9g-P5,,,,X 全窗基线 · 不参与实体赏罚,6871694,688,A168_HF9F_20260827_0900,2026-08-27 09:00:00
2026-05-19,144586514,-1,1,60.0000000000,-1.5000000000,-1.5000000000,0.5000000,4,4,0.50329940000000000,0.503299400000,-0.01319788734859681,-0.01319788734859681,-0.01319788734859681,0E-17,SENTINEL_DEALER,R03b_20260811_FULL_v1,L1_ELIGIBILITY,v2026-08-11,2026-03-21..2026-08-06,baccarat_bet02_101_all_pairs_incl_sentinel,round_win = game_pnl > 0 (decisive only),COMPATIBILITY_ONLY_NOT_PRODUCTION,2436.0000,2256.0000,167.9500,117,114,-0.06894499,,-0.06894499,-0.06894499,-167.9500,2436.0000,OK,0.0000,6.7180,4.0000,96.0000,AG03-UNRESOLVED,ALL5_LEVELS_bet23_to_bet27,6.7180,6.7180,6.7180,6.7180,6.7180,4.000000,4.000000,4.000000,4.000000,4.000000,96.000000,96.000000,96.000000,96.000000,96.000000,5.0,33.5900,31.0082,134.3600,136.9418,PENDING_AG03,FALSE,NOT_FOR_ENFORCEMENT,161.2320,2165.7600,167.9500,161.2320,6.7180,0.06894499,0.06618719,6.7180,161.2320,0.06618719,6.7180,6.7180,6.7180,6.7180,6.7180,161.2320,0.06618719,33.5900,31.0082,134.3600,136.9418,0.05515599,0.05621586,0.00275780,20.8205,19.7895,1.4732,11.1967,2.1812,162.4000,7.6000,,20.8205,10.0,10.0,20.0,40.0,58.45,131.2201,10.0,0.0,5.845002,13.122006,2.082051,22,55,8,3,0E-8,0.06894499,,0E-8,0.000000,0.926108,0.076923,,2026-05-07,2026-06-29,15,77,63,54,0.277778,,,0.000000,,,,,,,,GLOBAL_BASELINE_NO_ENTITY_RANKING,,,NOT_APPLICABLE_GLOBAL_BASELINE,HF9g-P5,,,,X 全窗基线 · 不参与实体赏罚,6871695,688,A168_HF9F_20260827_0900,2026-08-27 09:00:00
2026-05-19,144586514,1109,0,20.0000000000,0E-10,0E-10,,1,1,0.50665070000000000,0.506650700000,,,,0E-17,NO_DECISIVE_ROUND,R03b_20260811_FULL_v1,L1_ELIGIBILITY,v2026-08-11,2026-03-21..2026-08-06,baccarat_bet02_101_all_pairs_incl_sentinel,round_win = game_pnl > 0 (decisive only),COMPATIBILITY_ONLY_NOT_PRODUCTION,2436.0000,2256.0000,167.9500,117,114,-0.06894499,,-0.06894499,-0.06894499,-167.9500,2436.0000,OK,0.0000,6.7180,4.0000,96.0000,AG03-UNRESOLVED,ALL5_LEVELS_bet23_to_bet27,6.7180,6.7180,6.7180,6.7180,6.7180,4.000000,4.000000,4.000000,4.000000,4.000000,96.000000,96.000000,96.000000,96.000000,96.000000,5.0,33.5900,31.0082,134.3600,136.9418,PENDING_AG03,FALSE,NOT_FOR_ENFORCEMENT,161.2320,2165.7600,167.9500,161.2320,6.7180,0.06894499,0.06618719,6.7180,161.2320,0.06618719,6.7180,6.7180,6.7180,6.7180,6.7180,161.2320,0.06618719,33.5900,31.0082,134.3600,136.9418,0.05515599,0.05621586,0.00275780,20.8205,19.7895,1.4732,11.1967,2.1812,162.4000,7.6000,,20.8205,10.0,10.0,20.0,40.0,58.45,131.2201,10.0,0.0,5.845002,13.122006,2.082051,22,55,8,3,0E-8,0.06894499,,0E-8,0.000000,0.926108,0.076923,,2026-05-07,2026-06-29,15,77,63,54,0.277778,,,0.000000,,,,,,,,GLOBAL_BASELINE_NO_ENTITY_RANKING,,,NOT_APPLICABLE_GLOBAL_BASELINE,HF9g-P5,,,,X 全窗基线 · 不参与实体赏罚,6871696,688,A168_HF9F_20260827_0900,2026-08-27 09:00:00
2026-05-19,144586514,1374,0,20.0000000000,-20.0000000000,-20.0000000000,0E-7,2,2,0.50665070000000000,0.506650700000,-1.4331513700195317,-1.4331513700195317,-1.4331513700195317,0E-17,ELIGIBLE,R03b_20260811_FULL_v1,L1_ELIGIBILITY,v2026-08-11,2026-03-21..2026-08-06,baccarat_bet02_101_all_pairs_incl_sentinel,round_win = game_pnl > 0 (decisive only),COMPATIBILITY_ONLY_NOT_PRODUCTION,2436.0000,2256.0000,167.9500,117,114,-0.06894499,,-0.06894499,-0.06894499,-167.9500,2436.0000,OK,0.0000,6.7180,4.0000,96.0000,AG03-UNRESOLVED,ALL5_LEVELS_bet23_to_bet27,6.7180,6.7180,6.7180,6.7180,6.7180,4.000000,4.000000,4.000000,4.000000,4.000000,96.000000,96.000000,96.000000,96.000000,96.000000,5.0,33.5900,31.0082,134.3600,136.9418,PENDING_AG03,FALSE,NOT_FOR_ENFORCEMENT,161.2320,2165.7600,167.9500,161.2320,6.7180,0.06894499,0.06618719,6.7180,161.2320,0.06618719,6.7180,6.7180,6.7180,6.7180,6.7180,161.2320,0.06618719,33.5900,31.0082,134.3600,136.9418,0.05515599,0.05621586,0.00275780,20.8205,19.7895,1.4732,11.1967,2.1812,162.4000,7.6000,,20.8205,10.0,10.0,20.0,40.0,58.45,131.2201,10.0,0.0,5.845002,13.122006,2.082051,22,55,8,3,0E-8,0.06894499,,0E-8,0.000000,0.926108,0.076923,,2026-05-07,2026-06-29,15,77,63,54,0.277778,,,0.000000,,,,,,,,GLOBAL_BASELINE_NO_ENTITY_RANKING,,,NOT_APPLICABLE_GLOBAL_BASELINE,HF9g-P5,,,,X 全窗基线 · 不参与实体赏罚,6871697,688,A168_HF9F_20260827_0900,2026-08-27 09:00:00
2026-05-19,144586514,1382,0,40.0000000000,-1.0000000000,-1.0000000000,0.5000000,2,2,0.49994810000000000,0.499948100000,0.00014679536856514622,0.00014679536856514622,0.00014679536856514622,0E-17,ELIGIBLE,R03b_20260811_FULL_v1,L1_ELIGIBILITY,v2026-08-11,2026-03-21..2026-08-06,baccarat_bet02_101_all_pairs_incl_sentinel,round_win = game_pnl > 0 (decisive only),COMPATIBILITY_ONLY_NOT_PRODUCTION,2436.0000,2256.0000,167.9500,117,114,-0.06894499,,-0.06894499,-0.06894499,-167.9500,2436.0000,OK,0.0000,6.7180,4.0000,96.0000,AG03-UNRESOLVED,ALL5_LEVELS_bet23_to_bet27,6.7180,6.7180,6.7180,6.7180,6.7180,4.000000,4.000000,4.000000,4.000000,4.000000,96.000000,96.000000,96.000000,96.000000,96.000000,5.0,33.5900,31.0082,134.3600,136.9418,PENDING_AG03,FALSE,NOT_FOR_ENFORCEMENT,161.2320,2165.7600,167.9500,161.2320,6.7180,0.06894499,0.06618719,6.7180,161.2320,0.06618719,6.7180,6.7180,6.7180,6.7180,6.7180,161.2320,0.06618719,33.5900,31.0082,134.3600,136.9418,0.05515599,0.05621586,0.00275780,20.8205,19.7895,1.4732,11.1967,2.1812,162.4000,7.6000,,20.8205,10.0,10.0,20.0,40.0,58.45,131.2201,10.0,0.0,5.845002,13.122006,2.082051,22,55,8,3,0E-8,0.06894499,,0E-8,0.000000,0.926108,0.076923,,2026-05-07,2026-06-29,15,77,63,54,0.277778,,,0.000000,,,,,,,,GLOBAL_BASELINE_NO_ENTITY_RANKING,,,NOT_APPLICABLE_GLOBAL_BASELINE,HF9g-P5,,,,X 全窗基线 · 不参与实体赏罚,6871698,688,A168_HF9F_20260827_0900,2026-08-27 09:00:00
2026-05-19,144586514,1505,0,40.0000000000,19.5000000000,19.5000000000,0.6666667,3,3,0.50218230000000000,0.502182300000,0.5697959874915163,0.5697959874915164,0.5697959874915163,0E-17,ELIGIBLE,R03b_20260811_FULL_v1,L1_ELIGIBILITY,v2026-08-11,2026-03-21..2026-08-06,baccarat_bet02_101_all_pairs_incl_sentinel,round_win = game_pnl > 0 (decisive only),COMPATIBILITY_ONLY_NOT_PRODUCTION,2436.0000,2256.0000,167.9500,117,114,-0.06894499,,-0.06894499,-0.06894499,-167.9500,2436.0000,OK,0.0000,6.7180,4.0000,96.0000,AG03-UNRESOLVED,ALL5_LEVELS_bet23_to_bet27,6.7180,6.7180,6.7180,6.7180,6.7180,4.000000,4.000000,4.000000,4.000000,4.000000,96.000000,96.000000,96.000000,96.000000,96.000000,5.0,33.5900,31.0082,134.3600,136.9418,PENDING_AG03,FALSE,NOT_FOR_ENFORCEMENT,161.2320,2165.7600,167.9500,161.2320,6.7180,0.06894499,0.06618719,6.7180,161.2320,0.06618719,6.7180,6.7180,6.7180,6.7180,6.7180,161.2320,0.06618719,33.5900,31.0082,134.3600,136.9418,0.05515599,0.05621586,0.00275780,20.8205,19.7895,1.4732,11.1967,2.1812,162.4000,7.6000,,20.8205,10.0,10.0,20.0,40.0,58.45,131.2201,10.0,0.0,5.845002,13.122006,2.082051,22,55,8,3,0E-8,0.06894499,,0E-8,0.000000,0.926108,0.076923,,2026-05-07,2026-06-29,15,77,63,54,0.277778,,,0.000000,,,,,,,,GLOBAL_BASELINE_NO_ENTITY_RANKING,,,NOT_APPLICABLE_GLOBAL_BASELINE,HF9g-P5,,,,X 全窗基线 · 不参与实体赏罚,6871699,688,A168_HF9F_20260827_0900,2026-08-27 09:00:00
2026-05-19,144586514,1623,0,20.0000000000,-20.0000000000,-20.0000000000,0E-7,1,1,0.49324550000000000,0.493245500000,-0.9865810262130424,-0.9865810262130424,-0.9865810262130424,0E-17,ELIGIBLE,R03b_20260811_FULL_v1,L1_ELIGIBILITY,v2026-08-11,2026-03-21..2026-08-06,baccarat_bet02_101_all_pairs_incl_sentinel,round_win = game_pnl > 0 (decisive only),COMPATIBILITY_ONLY_NOT_PRODUCTION,2436.0000,2256.0000,167.9500,117,114,-0.06894499,,-0.06894499,-0.06894499,-167.9500,2436.0000,OK,0.0000,6.7180,4.0000,96.0000,AG03-UNRESOLVED,ALL5_LEVELS_bet23_to_bet27,6.7180,6.7180,6.7180,6.7180,6.7180,4.000000,4.000000,4.000000,4.000000,4.000000,96.000000,96.000000,96.000000,96.000000,96.000000,5.0,33.5900,31.0082,134.3600,136.9418,PENDING_AG03,FALSE,NOT_FOR_ENFORCEMENT,161.2320,2165.7600,167.9500,161.2320,6.7180,0.06894499,0.06618719,6.7180,161.2320,0.06618719,6.7180,6.7180,6.7180,6.7180,6.7180,161.2320,0.06618719,33.5900,31.0082,134.3600,136.9418,0.05515599,0.05621586,0.00275780,20.8205,19.7895,1.4732,11.1967,2.1812,162.4000,7.6000,,20.8205,10.0,10.0,20.0,40.0,58.45,131.2201,10.0,0.0,5.845002,13.122006,2.082051,22,55,8,3,0E-8,0.06894499,,0E-8,0.000000,0.926108,0.076923,,2026-05-07,2026-06-29,15,77,63,54,0.277778,,,0.000000,,,,,,,,GLOBAL_BASELINE_NO_ENTITY_RANKING,,,NOT_APPLICABLE_GLOBAL_BASELINE,HF9g-P5,,,,X 全窗基线 · 不参与实体赏罚,6871700,688,A168_HF9F_20260827_0900,2026-08-27 09:00:00
2026-05-19,144586514,1994,0,80.0000000000,70.0000000000,70.0000000000,1.0000000,3,3,0.49324550000000000,0.493245500000,1.4334489766152358,1.4334489766152358,1.4334489766152358,0E-17,ELIGIBLE,R03b_20260811_FULL_v1,L1_ELIGIBILITY,v2026-08-11,2026-03-21..2026-08-06,baccarat_bet02_101_all_pairs_incl_sentinel,round_win = game_pnl > 0 (decisive only),COMPATIBILITY_ONLY_NOT_PRODUCTION,2436.0000,2256.0000,167.9500,117,114,-0.06894499,,-0.06894499,-0.06894499,-167.9500,2436.0000,OK,0.0000,6.7180,4.0000,96.0000,AG03-UNRESOLVED,ALL5_LEVELS_bet23_to_bet27,6.7180,6.7180,6.7180,6.7180,6.7180,4.000000,4.000000,4.000000,4.000000,4.000000,96.000000,96.000000,96.000000,96.000000,96.000000,5.0,33.5900,31.0082,134.3600,136.9418,PENDING_AG03,FALSE,NOT_FOR_ENFORCEMENT,161.2320,2165.7600,167.9500,161.2320,6.7180,0.06894499,0.06618719,6.7180,161.2320,0.06618719,6.7180,6.7180,6.7180,6.7180,6.7180,161.2320,0.06618719,33.5900,31.0082,134.3600,136.9418,0.05515599,0.05621586,0.00275780,20.8205,19.7895,1.4732,11.1967,2.1812,162.4000,7.6000,,20.8205,10.0,10.0,20.0,40.0,58.45,131.2201,10.0,0.0,5.845002,13.122006,2.082051,22,55,8,3,0E-8,0.06894499,,0E-8,0.000000,0.926108,0.076923,,2026-05-07,2026-06-29,15,77,63,54,0.277778,,,0.000000,,,,,,,,GLOBAL_BASELINE_NO_ENTITY_RANKING,,,NOT_APPLICABLE_GLOBAL_BASELINE,HF9g-P5,,,,X 全窗基线 · 不参与实体赏罚,6871701,688,A168_HF9F_20260827_0900,2026-08-27 09:00:00
2026-05-19,144586514,2088,0,10.0000000000,-10.0000000000,-10.0000000000,0E-7,1,1,0.49324550000000000,0.493245500000,-0.9865810262130424,-0.9865810262130424,-0.9865810262130424,0E-17,ELIGIBLE,R03b_20260811_FULL_v1,L1_ELIGIBILITY,v2026-08-11,2026-03-21..2026-08-06,baccarat_bet02_101_all_pairs_incl_sentinel,round_win = game_pnl > 0 (decisive only),COMPATIBILITY_ONLY_NOT_PRODUCTION,2436.0000,2256.0000,167.9500,117,114,-0.06894499,,-0.06894499,-0.06894499,-167.9500,2436.0000,OK,0.0000,6.7180,4.0000,96.0000,AG03-UNRESOLVED,ALL5_LEVELS_bet23_to_bet27,6.7180,6.7180,6.7180,6.7180,6.7180,4.000000,4.000000,4.000000,4.000000,4.000000,96.000000,96.000000,96.000000,96.000000,96.000000,5.0,33.5900,31.0082,134.3600,136.9418,PENDING_AG03,FALSE,NOT_FOR_ENFORCEMENT,161.2320,2165.7600,167.9500,161.2320,6.7180,0.06894499,0.06618719,6.7180,161.2320,0.06618719,6.7180,6.7180,6.7180,6.7180,6.7180,161.2320,0.06618719,33.5900,31.0082,134.3600,136.9418,0.05515599,0.05621586,0.00275780,20.8205,19.7895,1.4732,11.1967,2.1812,162.4000,7.6000,,20.8205,10.0,10.0,20.0,40.0,58.45,131.2201,10.0,0.0,5.845002,13.122006,2.082051,22,55,8,3,0E-8,0.06894499,,0E-8,0.000000,0.926108,0.076923,,2026-05-07,2026-06-29,15,77,63,54,0.277778,,,0.000000,,,,,,,,GLOBAL_BASELINE_NO_ENTITY_RANKING,,,NOT_APPLICABLE_GLOBAL_BASELINE,HF9g-P5,,,,X 全窗基线 · 不参与实体赏罚,6871702,688,A168_HF9F_20260827_0900,2026-08-27 09:00:00
2026-05-19,144586514,2129,0,50.0000000000,28.5000000000,28.5000000000,0.6666667,3,3,0.49771390000000000,0.497713900000,0.5852756695216578,0.5852756695216578,0.5852756695216578,0E-17,ELIGIBLE,R03b_20260811_FULL_v1,L1_ELIGIBILITY,v2026-08-11,2026-03-21..2026-08-06,baccarat_bet02_101_all_pairs_incl_sentinel,round_win = game_pnl > 0 (decisive only),COMPATIBILITY_ONLY_NOT_PRODUCTION,2436.0000,2256.0000,167.9500,117,114,-0.06894499,,-0.06894499,-0.06894499,-167.9500,2436.0000,OK,0.0000,6.7180,4.0000,96.0000,AG03-UNRESOLVED,ALL5_LEVELS_bet23_to_bet27,6.7180,6.7180,6.7180,6.7180,6.7180,4.000000,4.000000,4.000000,4.000000,4.000000,96.000000,96.000000,96.000000,96.000000,96.000000,5.0,33.5900,31.0082,134.3600,136.9418,PENDING_AG03,FALSE,NOT_FOR_ENFORCEMENT,161.2320,2165.7600,167.9500,161.2320,6.7180,0.06894499,0.06618719,6.7180,161.2320,0.06618719,6.7180,6.7180,6.7180,6.7180,6.7180,161.2320,0.06618719,33.5900,31.0082,134.3600,136.9418,0.05515599,0.05621586,0.00275780,20.8205,19.7895,1.4732,11.1967,2.1812,162.4000,7.6000,,20.8205,10.0,10.0,20.0,40.0,58.45,131.2201,10.0,0.0,5.845002,13.122006,2.082051,22,55,8,3,0E-8,0.06894499,,0E-8,0.000000,0.926108,0.076923,,2026-05-07,2026-06-29,15,77,63,54,0.277778,,,0.000000,,,,,,,,GLOBAL_BASELINE_NO_ENTITY_RANKING,,,NOT_APPLICABLE_GLOBAL_BASELINE,HF9g-P5,,,,X 全窗基线 · 不参与实体赏罚,6871703,688,A168_HF9F_20260827_0900,2026-08-27 09:00:00
2026-05-19,144586514,2152,0,10.0000000000,-10.0000000000,-10.0000000000,0E-7,1,1,0.50665070000000000,0.506650700000,-1.013391052207602,-1.013391052207602,-1.013391052207602,0E-17,ELIGIBLE,R03b_20260811_FULL_v1,L1_ELIGIBILITY,v2026-08-11,2026-03-21..2026-08-06,baccarat_bet02_101_all_pairs_incl_sentinel,round_win = game_pnl > 0 (decisive only),COMPATIBILITY_ONLY_NOT_PRODUCTION,2436.0000,2256.0000,167.9500,117,114,-0.06894499,,-0.06894499,-0.06894499,-167.9500,2436.0000,OK,0.0000,6.7180,4.0000,96.0000,AG03-UNRESOLVED,ALL5_LEVELS_bet23_to_bet27,6.7180,6.7180,6.7180,6.7180,6.7180,4.000000,4.000000,4.000000,4.000000,4.000000,96.000000,96.000000,96.000000,96.000000,96.000000,5.0,33.5900,31.0082,134.3600,136.9418,PENDING_AG03,FALSE,NOT_FOR_ENFORCEMENT,161.2320,2165.7600,167.9500,161.2320,6.7180,0.06894499,0.06618719,6.7180,161.2320,0.06618719,6.7180,6.7180,6.7180,6.7180,6.7180,161.2320,0.06618719,33.5900,31.0082,134.3600,136.9418,0.05515599,0.05621586,0.00275780,20.8205,19.7895,1.4732,11.1967,2.1812,162.4000,7.6000,,20.8205,10.0,10.0,20.0,40.0,58.45,131.2201,10.0,0.0,5.845002,13.122006,2.082051,22,55,8,3,0E-8,0.06894499,,0E-8,0.000000,0.926108,0.076923,,2026-05-07,2026-06-29,15,77,63,54,0.277778,,,0.000000,,,,,,,,GLOBAL_BASELINE_NO_ENTITY_RANKING,,,NOT_APPLICABLE_GLOBAL_BASELINE,HF9g-P5,,,,X 全窗基线 · 不参与实体赏罚,6871704,688,A168_HF9F_20260827_0900,2026-08-27 09:00:00
2026-05-19,144586514,2160,0,10.0000000000,-10.0000000000,-10.0000000000,0E-7,1,1,0.49324550000000000,0.493245500000,-0.9865810262130424,-0.9865810262130424,-0.9865810262130424,0E-17,ELIGIBLE,R03b_20260811_FULL_v1,L1_ELIGIBILITY,v2026-08-11,2026-03-21..2026-08-06,baccarat_bet02_101_all_pairs_incl_sentinel,round_win = game_pnl > 0 (decisive only),COMPATIBILITY_ONLY_NOT_PRODUCTION,2436.0000,2256.0000,167.9500,117,114,-0.06894499,,-0.06894499,-0.06894499,-167.9500,2436.0000,OK,0.0000,6.7180,4.0000,96.0000,AG03-UNRESOLVED,ALL5_LEVELS_bet23_to_bet27,6.7180,6.7180,6.7180,6.7180,6.7180,4.000000,4.000000,4.000000,4.000000,4.000000,96.000000,96.000000,96.000000,96.000000,96.000000,5.0,33.5900,31.0082,134.3600,136.9418,PENDING_AG03,FALSE,NOT_FOR_ENFORCEMENT,161.2320,2165.7600,167.9500,161.2320,6.7180,0.06894499,0.06618719,6.7180,161.2320,0.06618719,6.7180,6.7180,6.7180,6.7180,6.7180,161.2320,0.06618719,33.5900,31.0082,134.3600,136.9418,0.05515599,0.05621586,0.00275780,20.8205,19.7895,1.4732,11.1967,2.1812,162.4000,7.6000,,20.8205,10.0,10.0,20.0,40.0,58.45,131.2201,10.0,0.0,5.845002,13.122006,2.082051,22,55,8,3,0E-8,0.06894499,,0E-8,0.000000,0.926108,0.076923,,2026-05-07,2026-06-29,15,77,63,54,0.277778,,,0.000000,,,,,,,,GLOBAL_BASELINE_NO_ENTITY_RANKING,,,NOT_APPLICABLE_GLOBAL_BASELINE,HF9g-P5,,,,X 全窗基线 · 不参与实体赏罚,6871705,688,A168_HF9F_20260827_0900,2026-08-27 09:00:00
2026-05-19,144586514,2171,0,30.0000000000,-10.5000000000,-10.5000000000,0.5000000,2,2,0.50665070000000000,0.506650700000,-0.018812684590367487,-0.018812684590367487,-0.018812684590367487,0E-17,ELIGIBLE,R03b_20260811_FULL_v1,L1_ELIGIBILITY,v2026-08-11,2026-03-21..2026-08-06,baccarat_bet02_101_all_pairs_incl_sentinel,round_win = game_pnl > 0 (decisive only),COMPATIBILITY_ONLY_NOT_PRODUCTION,2436.0000,2256.0000,167.9500,117,114,-0.06894499,,-0.06894499,-0.06894499,-167.9500,2436.0000,OK,0.0000,6.7180,4.0000,96.0000,AG03-UNRESOLVED,ALL5_LEVELS_bet23_to_bet27,6.7180,6.7180,6.7180,6.7180,6.7180,4.000000,4.000000,4.000000,4.000000,4.000000,96.000000,96.000000,96.000000,96.000000,96.000000,5.0,33.5900,31.0082,134.3600,136.9418,PENDING_AG03,FALSE,NOT_FOR_ENFORCEMENT,161.2320,2165.7600,167.9500,161.2320,6.7180,0.06894499,0.06618719,6.7180,161.2320,0.06618719,6.7180,6.7180,6.7180,6.7180,6.7180,161.2320,0.06618719,33.5900,31.0082,134.3600,136.9418,0.05515599,0.05621586,0.00275780,20.8205,19.7895,1.4732,11.1967,2.1812,162.4000,7.6000,,20.8205,10.0,10.0,20.0,40.0,58.45,131.2201,10.0,0.0,5.845002,13.122006,2.082051,22,55,8,3,0E-8,0.06894499,,0E-8,0.000000,0.926108,0.076923,,2026-05-07,2026-06-29,15,77,63,54,0.277778,,,0.000000,,,,,,,,GLOBAL_BASELINE_NO_ENTITY_RANKING,,,NOT_APPLICABLE_GLOBAL_BASELINE,HF9g-P5,,,,X 全窗基线 · 不参与实体赏罚,6871706,688,A168_HF9F_20260827_0900,2026-08-27 09:00:00
2026-05-19,144586514,2216,0,40.0000000000,-40.0000000000,-40.0000000000,0E-7,1,1,0.49324550000000000,0.493245500000,-0.9865810262130424,-0.9865810262130424,-0.9865810262130424,0E-17,ELIGIBLE,R03b_20260811_FULL_v1,L1_ELIGIBILITY,v2026-08-11,2026-03-21..2026-08-06,baccarat_bet02_101_all_pairs_incl_sentinel,round_win = game_pnl > 0 (decisive only),COMPATIBILITY_ONLY_NOT_PRODUCTION,2436.0000,2256.0000,167.9500,117,114,-0.06894499,,-0.06894499,-0.06894499,-167.9500,2436.0000,OK,0.0000,6.7180,4.0000,96.0000,AG03-UNRESOLVED,ALL5_LEVELS_bet23_to_bet27,6.7180,6.7180,6.7180,6.7180,6.7180,4.000000,4.000000,4.000000,4.000000,4.000000,96.000000,96.000000,96.000000,96.000000,96.000000,5.0,33.5900,31.0082,134.3600,136.9418,PENDING_AG03,FALSE,NOT_FOR_ENFORCEMENT,161.2320,2165.7600,167.9500,161.2320,6.7180,0.06894499,0.06618719,6.7180,161.2320,0.06618719,6.7180,6.7180,6.7180,6.7180,6.7180,161.2320,0.06618719,33.5900,31.0082,134.3600,136.9418,0.05515599,0.05621586,0.00275780,20.8205,19.7895,1.4732,11.1967,2.1812,162.4000,7.6000,,20.8205,10.0,10.0,20.0,40.0,58.45,131.2201,10.0,0.0,5.845002,13.122006,2.082051,22,55,8,3,0E-8,0.06894499,,0E-8,0.000000,0.926108,0.076923,,2026-05-07,2026-06-29,15,77,63,54,0.277778,,,0.000000,,,,,,,,GLOBAL_BASELINE_NO_ENTITY_RANKING,,,NOT_APPLICABLE_GLOBAL_BASELINE,HF9g-P5,,,,X 全窗基线 · 不参与实体赏罚,6871707,688,A168_HF9F_20260827_0900,2026-08-27 09:00:00
2026-05-19,144586514,2234,0,10.0000000000,-10.0000000000,-10.0000000000,0E-7,1,1,0.49324550000000000,0.493245500000,-0.9865810262130424,-0.9865810262130424,-0.9865810262130424,0E-17,ELIGIBLE,R03b_20260811_FULL_v1,L1_ELIGIBILITY,v2026-08-11,2026-03-21..2026-08-06,baccarat_bet02_101_all_pairs_incl_sentinel,round_win = game_pnl > 0 (decisive only),COMPATIBILITY_ONLY_NOT_PRODUCTION,2436.0000,2256.0000,167.9500,117,114,-0.06894499,,-0.06894499,-0.06894499,-167.9500,2436.0000,OK,0.0000,6.7180,4.0000,96.0000,AG03-UNRESOLVED,ALL5_LEVELS_bet23_to_bet27,6.7180,6.7180,6.7180,6.7180,6.7180,4.000000,4.000000,4.000000,4.000000,4.000000,96.000000,96.000000,96.000000,96.000000,96.000000,5.0,33.5900,31.0082,134.3600,136.9418,PENDING_AG03,FALSE,NOT_FOR_ENFORCEMENT,161.2320,2165.7600,167.9500,161.2320,6.7180,0.06894499,0.06618719,6.7180,161.2320,0.06618719,6.7180,6.7180,6.7180,6.7180,6.7180,161.2320,0.06618719,33.5900,31.0082,134.3600,136.9418,0.05515599,0.05621586,0.00275780,20.8205,19.7895,1.4732,11.1967,2.1812,162.4000,7.6000,,20.8205,10.0,10.0,20.0,40.0,58.45,131.2201,10.0,0.0,5.845002,13.122006,2.082051,22,55,8,3,0E-8,0.06894499,,0E-8,0.000000,0.926108,0.076923,,2026-05-07,2026-06-29,15,77,63,54,0.277778,,,0.000000,,,,,,,,GLOBAL_BASELINE_NO_ENTITY_RANKING,,,NOT_APPLICABLE_GLOBAL_BASELINE,HF9g-P5,,,,X 全窗基线 · 不参与实体赏罚,6871708,688,A168_HF9F_20260827_0900,2026-08-27 09:00:00
2026-05-19,144586514,526,0,70.0000000000,-10.0000000000,-10.0000000000,0.5000000,4,4,0.49659680000000000,0.496596800000,0.013613115331600182,0.013613115331600183,0.013613115331600182,0E-17,ELIGIBLE,R03b_20260811_FULL_v1,L1_ELIGIBILITY,v2026-08-11,2026-03-21..2026-08-06,baccarat_bet02_101_all_pairs_incl_sentinel,round_win = game_pnl > 0 (decisive only),COMPATIBILITY_ONLY_NOT_PRODUCTION,2436.0000,2256.0000,167.9500,117,114,-0.06894499,,-0.06894499,-0.06894499,-167.9500,2436.0000,OK,0.0000,6.7180,4.0000,96.0000,AG03-UNRESOLVED,ALL5_LEVELS_bet23_to_bet27,6.7180,6.7180,6.7180,6.7180,6.7180,4.000000,4.000000,4.000000,4.000000,4.000000,96.000000,96.000000,96.000000,96.000000,96.000000,5.0,33.5900,31.0082,134.3600,136.9418,PENDING_AG03,FALSE,NOT_FOR_ENFORCEMENT,161.2320,2165.7600,167.9500,161.2320,6.7180,0.06894499,0.06618719,6.7180,161.2320,0.06618719,6.7180,6.7180,6.7180,6.7180,6.7180,161.2320,0.06618719,33.5900,31.0082,134.3600,136.9418,0.05515599,0.05621586,0.00275780,20.8205,19.7895,1.4732,11.1967,2.1812,162.4000,7.6000,,20.8205,10.0,10.0,20.0,40.0,58.45,131.2201,10.0,0.0,5.845002,13.122006,2.082051,22,55,8,3,0E-8,0.06894499,,0E-8,0.000000,0.926108,0.076923,,2026-05-07,2026-06-29,15,77,63,54,0.277778,,,0.000000,,,,,,,,GLOBAL_BASELINE_NO_ENTITY_RANKING,,,NOT_APPLICABLE_GLOBAL_BASELINE,HF9g-P5,,,,X 全窗基线 · 不参与实体赏罚,6871709,688,A168_HF9F_20260827_0900,2026-08-27 09:00:00
2026-05-19,144586514,994,0,20.0000000000,-20.0000000000,-20.0000000000,0E-7,1,1,0.50665070000000000,0.506650700000,-1.013391052207602,-1.013391052207602,-1.013391052207602,0E-17,ELIGIBLE,R03b_20260811_FULL_v1,L1_ELIGIBILITY,v2026-08-11,2026-03-21..2026-08-06,baccarat_bet02_101_all_pairs_incl_sentinel,round_win = game_pnl > 0 (decisive only),COMPATIBILITY_ONLY_NOT_PRODUCTION,2436.0000,2256.0000,167.9500,117,114,-0.06894499,,-0.06894499,-0.06894499,-167.9500,2436.0000,OK,0.0000,6.7180,4.0000,96.0000,AG03-UNRESOLVED,ALL5_LEVELS_bet23_to_bet27,6.7180,6.7180,6.7180,6.7180,6.7180,4.000000,4.000000,4.000000,4.000000,4.000000,96.000000,96.000000,96.000000,96.000000,96.000000,5.0,33.5900,31.0082,134.3600,136.9418,PENDING_AG03,FALSE,NOT_FOR_ENFORCEMENT,161.2320,2165.7600,167.9500,161.2320,6.7180,0.06894499,0.06618719,6.7180,161.2320,0.06618719,6.7180,6.7180,6.7180,6.7180,6.7180,161.2320,0.06618719,33.5900,31.0082,134.3600,136.9418,0.05515599,0.05621586,0.00275780,20.8205,19.7895,1.4732,11.1967,2.1812,162.4000,7.6000,,20.8205,10.0,10.0,20.0,40.0,58.45,131.2201,10.0,0.0,5.845002,13.122006,2.082051,22,55,8,3,0E-8,0.06894499,,0E-8,0.000000,0.926108,0.076923,,2026-05-07,2026-06-29,15,77,63,54,0.277778,,,0.000000,,,,,,,,GLOBAL_BASELINE_NO_ENTITY_RANKING,,,NOT_APPLICABLE_GLOBAL_BASELINE,HF9g-P5,,,,X 全窗基线 · 不参与实体赏罚,6871710,688,A168_HF9F_20260827_0900,2026-08-27 09:00:00
2026-05-21,144586514,1306,0,45.0000000000,-25.0000000000,-25.0000000000,0.3333333,3,3,0.49324550000000000,0.493245500000,-0.5540025479526107,-0.5540025479526106,-0.5540025479526107,0E-17,ELIGIBLE,R03b_20260811_FULL_v1,L1_ELIGIBILITY,v2026-08-11,2026-03-21..2026-08-06,baccarat_bet02_101_all_pairs_incl_sentinel,round_win = game_pnl > 0 (decisive only),COMPATIBILITY_ONLY_NOT_PRODUCTION,2436.0000,2256.0000,167.9500,117,114,-0.06894499,,-0.06894499,-0.06894499,-167.9500,2436.0000,OK,0.0000,6.7180,4.0000,96.0000,AG03-UNRESOLVED,ALL5_LEVELS_bet23_to_bet27,6.7180,6.7180,6.7180,6.7180,6.7180,4.000000,4.000000,4.000000,4.000000,4.000000,96.000000,96.000000,96.000000,96.000000,96.000000,5.0,33.5900,31.0082,134.3600,136.9418,PENDING_AG03,FALSE,NOT_FOR_ENFORCEMENT,161.2320,2165.7600,167.9500,161.2320,6.7180,0.06894499,0.06618719,6.7180,161.2320,0.06618719,6.7180,6.7180,6.7180,6.7180,6.7180,161.2320,0.06618719,33.5900,31.0082,134.3600,136.9418,0.05515599,0.05621586,0.00275780,20.8205,19.7895,1.4732,11.1967,2.1812,162.4000,7.6000,,20.8205,10.0,10.0,20.0,40.0,58.45,131.2201,10.0,0.0,5.845002,13.122006,2.082051,22,55,8,3,0E-8,0.06894499,,0E-8,0.000000,0.926108,0.076923,,2026-05-07,2026-06-29,15,77,63,54,0.277778,,,0.000000,,,,,,,,GLOBAL_BASELINE_NO_ENTITY_RANKING,,,NOT_APPLICABLE_GLOBAL_BASELINE,HF9g-P5,,,,X 全窗基线 · 不参与实体赏罚,6871711,688,A168_HF9F_20260827_0900,2026-08-27 09:00:00
2026-05-21,144586514,1710,0,10.0000000000,-10.0000000000,-10.0000000000,0E-7,1,1,0.49324550000000000,0.493245500000,-0.9865810262130424,-0.9865810262130424,-0.9865810262130424,0E-17,ELIGIBLE,R03b_20260811_FULL_v1,L1_ELIGIBILITY,v2026-08-11,2026-03-21..2026-08-06,baccarat_bet02_101_all_pairs_incl_sentinel,round_win = game_pnl > 0 (decisive only),COMPATIBILITY_ONLY_NOT_PRODUCTION,2436.0000,2256.0000,167.9500,117,114,-0.06894499,,-0.06894499,-0.06894499,-167.9500,2436.0000,OK,0.0000,6.7180,4.0000,96.0000,AG03-UNRESOLVED,ALL5_LEVELS_bet23_to_bet27,6.7180,6.7180,6.7180,6.7180,6.7180,4.000000,4.000000,4.000000,4.000000,4.000000,96.000000,96.000000,96.000000,96.000000,96.000000,5.0,33.5900,31.0082,134.3600,136.9418,PENDING_AG03,FALSE,NOT_FOR_ENFORCEMENT,161.2320,2165.7600,167.9500,161.2320,6.7180,0.06894499,0.06618719,6.7180,161.2320,0.06618719,6.7180,6.7180,6.7180,6.7180,6.7180,161.2320,0.06618719,33.5900,31.0082,134.3600,136.9418,0.05515599,0.05621586,0.00275780,20.8205,19.7895,1.4732,11.1967,2.1812,162.4000,7.6000,,20.8205,10.0,10.0,20.0,40.0,58.45,131.2201,10.0,0.0,5.845002,13.122006,2.082051,22,55,8,3,0E-8,0.06894499,,0E-8,0.000000,0.926108,0.076923,,2026-05-07,2026-06-29,15,77,63,54,0.277778,,,0.000000,,,,,,,,GLOBAL_BASELINE_NO_ENTITY_RANKING,,,NOT_APPLICABLE_GLOBAL_BASELINE,HF9g-P5,,,,X 全窗基线 · 不参与实体赏罚,6871712,688,A168_HF9F_20260827_0900,2026-08-27 09:00:00
2026-05-25,144586514,1318,0,10.0000000000,9.5000000000,9.5000000000,1.0000000,1,1,0.50665070000000000,0.506650700000,0.9867858985152569,0.9867858985152569,0.9867858985152569,0E-17,ELIGIBLE,R03b_20260811_FULL_v1,L1_ELIGIBILITY,v2026-08-11,2026-03-21..2026-08-06,baccarat_bet02_101_all_pairs_incl_sentinel,round_win = game_pnl > 0 (decisive only),COMPATIBILITY_ONLY_NOT_PRODUCTION,2436.0000,2256.0000,167.9500,117,114,-0.06894499,,-0.06894499,-0.06894499,-167.9500,2436.0000,OK,0.0000,6.7180,4.0000,96.0000,AG03-UNRESOLVED,ALL5_LEVELS_bet23_to_bet27,6.7180,6.7180,6.7180,6.7180,6.7180,4.000000,4.000000,4.000000,4.000000,4.000000,96.000000,96.000000,96.000000,96.000000,96.000000,5.0,33.5900,31.0082,134.3600,136.9418,PENDING_AG03,FALSE,NOT_FOR_ENFORCEMENT,161.2320,2165.7600,167.9500,161.2320,6.7180,0.06894499,0.06618719,6.7180,161.2320,0.06618719,6.7180,6.7180,6.7180,6.7180,6.7180,161.2320,0.06618719,33.5900,31.0082,134.3600,136.9418,0.05515599,0.05621586,0.00275780,20.8205,19.7895,1.4732,11.1967,2.1812,162.4000,7.6000,,20.8205,10.0,10.0,20.0,40.0,58.45,131.2201,10.0,0.0,5.845002,13.122006,2.082051,22,55,8,3,0E-8,0.06894499,,0E-8,0.000000,0.926108,0.076923,,2026-05-07,2026-06-29,15,77,63,54,0.277778,,,0.000000,,,,,,,,GLOBAL_BASELINE_NO_ENTITY_RANKING,,,NOT_APPLICABLE_GLOBAL_BASELINE,HF9g-P5,,,,X 全窗基线 · 不参与实体赏罚,6871713,688,A168_HF9F_20260827_0900,2026-08-27 09:00:00
2026-05-25,144586514,2103,0,22.0000000000,-2.0000000000,-2.0000000000,0.5000000,2,2,0.49324550000000000,0.493245500000,0.01910635448239258,0.01910635448239258,0.01910635448239258,0E-17,ELIGIBLE,R03b_20260811_FULL_v1,L1_ELIGIBILITY,v2026-08-11,2026-03-21..2026-08-06,baccarat_bet02_101_all_pairs_incl_sentinel,round_win = game_pnl > 0 (decisive only),COMPATIBILITY_ONLY_NOT_PRODUCTION,2436.0000,2256.0000,167.9500,117,114,-0.06894499,,-0.06894499,-0.06894499,-167.9500,2436.0000,OK,0.0000,6.7180,4.0000,96.0000,AG03-UNRESOLVED,ALL5_LEVELS_bet23_to_bet27,6.7180,6.7180,6.7180,6.7180,6.7180,4.000000,4.000000,4.000000,4.000000,4.000000,96.000000,96.000000,96.000000,96.000000,96.000000,5.0,33.5900,31.0082,134.3600,136.9418,PENDING_AG03,FALSE,NOT_FOR_ENFORCEMENT,161.2320,2165.7600,167.9500,161.2320,6.7180,0.06894499,0.06618719,6.7180,161.2320,0.06618719,6.7180,6.7180,6.7180,6.7180,6.7180,161.2320,0.06618719,33.5900,31.0082,134.3600,136.9418,0.05515599,0.05621586,0.00275780,20.8205,19.7895,1.4732,11.1967,2.1812,162.4000,7.6000,,20.8205,10.0,10.0,20.0,40.0,58.45,131.2201,10.0,0.0,5.845002,13.122006,2.082051,22,55,8,3,0E-8,0.06894499,,0E-8,0.000000,0.926108,0.076923,,2026-05-07,2026-06-29,15,77,63,54,0.277778,,,0.000000,,,,,,,,GLOBAL_BASELINE_NO_ENTITY_RANKING,,,NOT_APPLICABLE_GLOBAL_BASELINE,HF9g-P5,,,,X 全窗基线 · 不参与实体赏罚,6871714,688,A168_HF9F_20260827_0900,2026-08-27 09:00:00
2026-05-25,144586514,2229,0,10.0000000000,0E-10,0E-10,,1,1,0.50665070000000000,0.506650700000,,,,0E-17,NO_DECISIVE_ROUND,R03b_20260811_FULL_v1,L1_ELIGIBILITY,v2026-08-11,2026-03-21..2026-08-06,baccarat_bet02_101_all_pairs_incl_sentinel,round_win = game_pnl > 0 (decisive only),COMPATIBILITY_ONLY_NOT_PRODUCTION,2436.0000,2256.0000,167.9500,117,114,-0.06894499,,-0.06894499,-0.06894499,-167.9500,2436.0000,OK,0.0000,6.7180,4.0000,96.0000,AG03-UNRESOLVED,ALL5_LEVELS_bet23_to_bet27,6.7180,6.7180,6.7180,6.7180,6.7180,4.000000,4.000000,4.000000,4.000000,4.000000,96.000000,96.000000,96.000000,96.000000,96.000000,5.0,33.5900,31.0082,134.3600,136.9418,PENDING_AG03,FALSE,NOT_FOR_ENFORCEMENT,161.2320,2165.7600,167.9500,161.2320,6.7180,0.06894499,0.06618719,6.7180,161.2320,0.06618719,6.7180,6.7180,6.7180,6.7180,6.7180,161.2320,0.06618719,33.5900,31.0082,134.3600,136.9418,0.05515599,0.05621586,0.00275780,20.8205,19.7895,1.4732,11.1967,2.1812,162.4000,7.6000,,20.8205,10.0,10.0,20.0,40.0,58.45,131.2201,10.0,0.0,5.845002,13.122006,2.082051,22,55,8,3,0E-8,0.06894499,,0E-8,0.000000,0.926108,0.076923,,2026-05-07,2026-06-29,15,77,63,54,0.277778,,,0.000000,,,,,,,,GLOBAL_BASELINE_NO_ENTITY_RANKING,,,NOT_APPLICABLE_GLOBAL_BASELINE,HF9g-P5,,,,X 全窗基线 · 不参与实体赏罚,6871715,688,A168_HF9F_20260827_0900,2026-08-27 09:00:00
2026-05-25,144586514,2258,0,10.0000000000,-10.0000000000,-10.0000000000,0E-7,1,1,0.50665070000000000,0.506650700000,-1.013391052207602,-1.013391052207602,-1.013391052207602,0E-17,ELIGIBLE,R03b_20260811_FULL_v1,L1_ELIGIBILITY,v2026-08-11,2026-03-21..2026-08-06,baccarat_bet02_101_all_pairs_incl_sentinel,round_win = game_pnl > 0 (decisive only),COMPATIBILITY_ONLY_NOT_PRODUCTION,2436.0000,2256.0000,167.9500,117,114,-0.06894499,,-0.06894499,-0.06894499,-167.9500,2436.0000,OK,0.0000,6.7180,4.0000,96.0000,AG03-UNRESOLVED,ALL5_LEVELS_bet23_to_bet27,6.7180,6.7180,6.7180,6.7180,6.7180,4.000000,4.000000,4.000000,4.000000,4.000000,96.000000,96.000000,96.000000,96.000000,96.000000,5.0,33.5900,31.0082,134.3600,136.9418,PENDING_AG03,FALSE,NOT_FOR_ENFORCEMENT,161.2320,2165.7600,167.9500,161.2320,6.7180,0.06894499,0.06618719,6.7180,161.2320,0.06618719,6.7180,6.7180,6.7180,6.7180,6.7180,161.2320,0.06618719,33.5900,31.0082,134.3600,136.9418,0.05515599,0.05621586,0.00275780,20.8205,19.7895,1.4732,11.1967,2.1812,162.4000,7.6000,,20.8205,10.0,10.0,20.0,40.0,58.45,131.2201,10.0,0.0,5.845002,13.122006,2.082051,22,55,8,3,0E-8,0.06894499,,0E-8,0.000000,0.926108,0.076923,,2026-05-07,2026-06-29,15,77,63,54,0.277778,,,0.000000,,,,,,,,GLOBAL_BASELINE_NO_ENTITY_RANKING,,,NOT_APPLICABLE_GLOBAL_BASELINE,HF9g-P5,,,,X 全窗基线 · 不参与实体赏罚,6871716,688,A168_HF9F_20260827_0900,2026-08-27 09:00:00
2026-05-27,144586514,-1,1,120.0000000000,-40.0000000000,-40.0000000000,0.2857143,7,7,0.49324550000000000,0.493245500000,-1.0982521808510124,-1.0982521808510126,-1.0982521808510124,0E-17,SENTINEL_DEALER,R03b_20260811_FULL_v1,L1_ELIGIBILITY,v2026-08-11,2026-03-21..2026-08-06,baccarat_bet02_101_all_pairs_incl_sentinel,round_win = game_pnl > 0 (decisive only),COMPATIBILITY_ONLY_NOT_PRODUCTION,2436.0000,2256.0000,167.9500,117,114,-0.06894499,,-0.06894499,-0.06894499,-167.9500,2436.0000,OK,0.0000,6.7180,4.0000,96.0000,AG03-UNRESOLVED,ALL5_LEVELS_bet23_to_bet27,6.7180,6.7180,6.7180,6.7180,6.7180,4.000000,4.000000,4.000000,4.000000,4.000000,96.000000,96.000000,96.000000,96.000000,96.000000,5.0,33.5900,31.0082,134.3600,136.9418,PENDING_AG03,FALSE,NOT_FOR_ENFORCEMENT,161.2320,2165.7600,167.9500,161.2320,6.7180,0.06894499,0.06618719,6.7180,161.2320,0.06618719,6.7180,6.7180,6.7180,6.7180,6.7180,161.2320,0.06618719,33.5900,31.0082,134.3600,136.9418,0.05515599,0.05621586,0.00275780,20.8205,19.7895,1.4732,11.1967,2.1812,162.4000,7.6000,,20.8205,10.0,10.0,20.0,40.0,58.45,131.2201,10.0,0.0,5.845002,13.122006,2.082051,22,55,8,3,0E-8,0.06894499,,0E-8,0.000000,0.926108,0.076923,,2026-05-07,2026-06-29,15,77,63,54,0.277778,,,0.000000,,,,,,,,GLOBAL_BASELINE_NO_ENTITY_RANKING,,,NOT_APPLICABLE_GLOBAL_BASELINE,HF9g-P5,,,,X 全窗基线 · 不参与实体赏罚,6871717,688,A168_HF9F_20260827_0900,2026-08-27 09:00:00
2026-05-27,144586514,1094,0,10.0000000000,10.0000000000,10.0000000000,1.0000000,1,1,0.49324550000000000,0.493245500000,1.01360149184955,1.01360149184955,1.01360149184955,0E-17,ELIGIBLE,R03b_20260811_FULL_v1,L1_ELIGIBILITY,v2026-08-11,2026-03-21..2026-08-06,baccarat_bet02_101_all_pairs_incl_sentinel,round_win = game_pnl > 0 (decisive only),COMPATIBILITY_ONLY_NOT_PRODUCTION,2436.0000,2256.0000,167.9500,117,114,-0.06894499,,-0.06894499,-0.06894499,-167.9500,2436.0000,OK,0.0000,6.7180,4.0000,96.0000,AG03-UNRESOLVED,ALL5_LEVELS_bet23_to_bet27,6.7180,6.7180,6.7180,6.7180,6.7180,4.000000,4.000000,4.000000,4.000000,4.000000,96.000000,96.000000,96.000000,96.000000,96.000000,5.0,33.5900,31.0082,134.3600,136.9418,PENDING_AG03,FALSE,NOT_FOR_ENFORCEMENT,161.2320,2165.7600,167.9500,161.2320,6.7180,0.06894499,0.06618719,6.7180,161.2320,0.06618719,6.7180,6.7180,6.7180,6.7180,6.7180,161.2320,0.06618719,33.5900,31.0082,134.3600,136.9418,0.05515599,0.05621586,0.00275780,20.8205,19.7895,1.4732,11.1967,2.1812,162.4000,7.6000,,20.8205,10.0,10.0,20.0,40.0,58.45,131.2201,10.0,0.0,5.845002,13.122006,2.082051,22,55,8,3,0E-8,0.06894499,,0E-8,0.000000,0.926108,0.076923,,2026-05-07,2026-06-29,15,77,63,54,0.277778,,,0.000000,,,,,,,,GLOBAL_BASELINE_NO_ENTITY_RANKING,,,NOT_APPLICABLE_GLOBAL_BASELINE,HF9g-P5,,,,X 全窗基线 · 不参与实体赏罚,6871718,688,A168_HF9F_20260827_0900,2026-08-27 09:00:00
2026-05-27,144586514,1210,0,10.0000000000,-10.0000000000,-10.0000000000,0E-7,1,1,0.49324550000000000,0.493245500000,-0.9865810262130424,-0.9865810262130424,-0.9865810262130424,0E-17,ELIGIBLE,R03b_20260811_FULL_v1,L1_ELIGIBILITY,v2026-08-11,2026-03-21..2026-08-06,baccarat_bet02_101_all_pairs_incl_sentinel,round_win = game_pnl > 0 (decisive only),COMPATIBILITY_ONLY_NOT_PRODUCTION,2436.0000,2256.0000,167.9500,117,114,-0.06894499,,-0.06894499,-0.06894499,-167.9500,2436.0000,OK,0.0000,6.7180,4.0000,96.0000,AG03-UNRESOLVED,ALL5_LEVELS_bet23_to_bet27,6.7180,6.7180,6.7180,6.7180,6.7180,4.000000,4.000000,4.000000,4.000000,4.000000,96.000000,96.000000,96.000000,96.000000,96.000000,5.0,33.5900,31.0082,134.3600,136.9418,PENDING_AG03,FALSE,NOT_FOR_ENFORCEMENT,161.2320,2165.7600,167.9500,161.2320,6.7180,0.06894499,0.06618719,6.7180,161.2320,0.06618719,6.7180,6.7180,6.7180,6.7180,6.7180,161.2320,0.06618719,33.5900,31.0082,134.3600,136.9418,0.05515599,0.05621586,0.00275780,20.8205,19.7895,1.4732,11.1967,2.1812,162.4000,7.6000,,20.8205,10.0,10.0,20.0,40.0,58.45,131.2201,10.0,0.0,5.845002,13.122006,2.082051,22,55,8,3,0E-8,0.06894499,,0E-8,0.000000,0.926108,0.076923,,2026-05-07,2026-06-29,15,77,63,54,0.277778,,,0.000000,,,,,,,,GLOBAL_BASELINE_NO_ENTITY_RANKING,,,NOT_APPLICABLE_GLOBAL_BASELINE,HF9g-P5,,,,X 全窗基线 · 不参与实体赏罚,6871719,688,A168_HF9F_20260827_0900,2026-08-27 09:00:00
2026-05-27,144586514,1318,0,73.0000000000,73.0000000000,73.0000000000,1.0000000,2,2,0.49324550000000000,0.493245500000,1.4334489766152358,1.4334489766152358,1.4334489766152358,0E-17,ELIGIBLE,R03b_20260811_FULL_v1,L1_ELIGIBILITY,v2026-08-11,2026-03-21..2026-08-06,baccarat_bet02_101_all_pairs_incl_sentinel,round_win = game_pnl > 0 (decisive only),COMPATIBILITY_ONLY_NOT_PRODUCTION,2436.0000,2256.0000,167.9500,117,114,-0.06894499,,-0.06894499,-0.06894499,-167.9500,2436.0000,OK,0.0000,6.7180,4.0000,96.0000,AG03-UNRESOLVED,ALL5_LEVELS_bet23_to_bet27,6.7180,6.7180,6.7180,6.7180,6.7180,4.000000,4.000000,4.000000,4.000000,4.000000,96.000000,96.000000,96.000000,96.000000,96.000000,5.0,33.5900,31.0082,134.3600,136.9418,PENDING_AG03,FALSE,NOT_FOR_ENFORCEMENT,161.2320,2165.7600,167.9500,161.2320,6.7180,0.06894499,0.06618719,6.7180,161.2320,0.06618719,6.7180,6.7180,6.7180,6.7180,6.7180,161.2320,0.06618719,33.5900,31.0082,134.3600,136.9418,0.05515599,0.05621586,0.00275780,20.8205,19.7895,1.4732,11.1967,2.1812,162.4000,7.6000,,20.8205,10.0,10.0,20.0,40.0,58.45,131.2201,10.0,0.0,5.845002,13.122006,2.082051,22,55,8,3,0E-8,0.06894499,,0E-8,0.000000,0.926108,0.076923,,2026-05-07,2026-06-29,15,77,63,54,0.277778,,,0.000000,,,,,,,,GLOBAL_BASELINE_NO_ENTITY_RANKING,,,NOT_APPLICABLE_GLOBAL_BASELINE,HF9g-P5,,,,X 全窗基线 · 不参与实体赏罚,6871720,688,A168_HF9F_20260827_0900,2026-08-27 09:00:00
2026-05-27,144586514,1330,0,120.0000000000,-81.0000000000,-81.0000000000,0E-7,2,1,0.49547970000000000,0.499948100000,-0.9909998992515878,-0.9998962053866608,-0.9909998992515878,-0.00446840000000000,ELIGIBLE,R03b_20260811_FULL_v1,L1_ELIGIBILITY,v2026-08-11,2026-03-21..2026-08-06,baccarat_bet02_101_all_pairs_incl_sentinel,round_win = game_pnl > 0 (decisive only),COMPATIBILITY_ONLY_NOT_PRODUCTION,2436.0000,2256.0000,167.9500,117,114,-0.06894499,,-0.06894499,-0.06894499,-167.9500,2436.0000,OK,0.0000,6.7180,4.0000,96.0000,AG03-UNRESOLVED,ALL5_LEVELS_bet23_to_bet27,6.7180,6.7180,6.7180,6.7180,6.7180,4.000000,4.000000,4.000000,4.000000,4.000000,96.000000,96.000000,96.000000,96.000000,96.000000,5.0,33.5900,31.0082,134.3600,136.9418,PENDING_AG03,FALSE,NOT_FOR_ENFORCEMENT,161.2320,2165.7600,167.9500,161.2320,6.7180,0.06894499,0.06618719,6.7180,161.2320,0.06618719,6.7180,6.7180,6.7180,6.7180,6.7180,161.2320,0.06618719,33.5900,31.0082,134.3600,136.9418,0.05515599,0.05621586,0.00275780,20.8205,19.7895,1.4732,11.1967,2.1812,162.4000,7.6000,,20.8205,10.0,10.0,20.0,40.0,58.45,131.2201,10.0,0.0,5.845002,13.122006,2.082051,22,55,8,3,0E-8,0.06894499,,0E-8,0.000000,0.926108,0.076923,,2026-05-07,2026-06-29,15,77,63,54,0.277778,,,0.000000,,,,,,,,GLOBAL_BASELINE_NO_ENTITY_RANKING,,,NOT_APPLICABLE_GLOBAL_BASELINE,HF9g-P5,,,,X 全窗基线 · 不参与实体赏罚,6871721,688,A168_HF9F_20260827_0900,2026-08-27 09:00:00
2026-05-27,144586514,1646,0,20.0000000000,0E-10,0E-10,0.5000000,2,2,0.49324550000000000,0.493245500000,0.01910635448239258,0.01910635448239258,0.01910635448239258,0E-17,ELIGIBLE,R03b_20260811_FULL_v1,L1_ELIGIBILITY,v2026-08-11,2026-03-21..2026-08-06,baccarat_bet02_101_all_pairs_incl_sentinel,round_win = game_pnl > 0 (decisive only),COMPATIBILITY_ONLY_NOT_PRODUCTION,2436.0000,2256.0000,167.9500,117,114,-0.06894499,,-0.06894499,-0.06894499,-167.9500,2436.0000,OK,0.0000,6.7180,4.0000,96.0000,AG03-UNRESOLVED,ALL5_LEVELS_bet23_to_bet27,6.7180,6.7180,6.7180,6.7180,6.7180,4.000000,4.000000,4.000000,4.000000,4.000000,96.000000,96.000000,96.000000,96.000000,96.000000,5.0,33.5900,31.0082,134.3600,136.9418,PENDING_AG03,FALSE,NOT_FOR_ENFORCEMENT,161.2320,2165.7600,167.9500,161.2320,6.7180,0.06894499,0.06618719,6.7180,161.2320,0.06618719,6.7180,6.7180,6.7180,6.7180,6.7180,161.2320,0.06618719,33.5900,31.0082,134.3600,136.9418,0.05515599,0.05621586,0.00275780,20.8205,19.7895,1.4732,11.1967,2.1812,162.4000,7.6000,,20.8205,10.0,10.0,20.0,40.0,58.45,131.2201,10.0,0.0,5.845002,13.122006,2.082051,22,55,8,3,0E-8,0.06894499,,0E-8,0.000000,0.926108,0.076923,,2026-05-07,2026-06-29,15,77,63,54,0.277778,,,0.000000,,,,,,,,GLOBAL_BASELINE_NO_ENTITY_RANKING,,,NOT_APPLICABLE_GLOBAL_BASELINE,HF9g-P5,,,,X 全窗基线 · 不参与实体赏罚,6871722,688,A168_HF9F_20260827_0900,2026-08-27 09:00:00
2026-05-27,144586514,2142,0,393.0000000000,-238.9500000000,-238.9500000000,0.3333333,4,3,0.45378562773109244,0.430192250000,-0.41905282641713587,-0.33884787596079907,-0.41905282641713587,0.02359337773109244,ELIGIBLE,R03b_20260811_FULL_v1,L1_ELIGIBILITY,v2026-08-11,2026-03-21..2026-08-06,baccarat_bet02_101_all_pairs_incl_sentinel,round_win = game_pnl > 0 (decisive only),COMPATIBILITY_ONLY_NOT_PRODUCTION,2436.0000,2256.0000,167.9500,117,114,-0.06894499,,-0.06894499,-0.06894499,-167.9500,2436.0000,OK,0.0000,6.7180,4.0000,96.0000,AG03-UNRESOLVED,ALL5_LEVELS_bet23_to_bet27,6.7180,6.7180,6.7180,6.7180,6.7180,4.000000,4.000000,4.000000,4.000000,4.000000,96.000000,96.000000,96.000000,96.000000,96.000000,5.0,33.5900,31.0082,134.3600,136.9418,PENDING_AG03,FALSE,NOT_FOR_ENFORCEMENT,161.2320,2165.7600,167.9500,161.2320,6.7180,0.06894499,0.06618719,6.7180,161.2320,0.06618719,6.7180,6.7180,6.7180,6.7180,6.7180,161.2320,0.06618719,33.5900,31.0082,134.3600,136.9418,0.05515599,0.05621586,0.00275780,20.8205,19.7895,1.4732,11.1967,2.1812,162.4000,7.6000,,20.8205,10.0,10.0,20.0,40.0,58.45,131.2201,10.0,0.0,5.845002,13.122006,2.082051,22,55,8,3,0E-8,0.06894499,,0E-8,0.000000,0.926108,0.076923,,2026-05-07,2026-06-29,15,77,63,54,0.277778,,,0.000000,,,,,,,,GLOBAL_BASELINE_NO_ENTITY_RANKING,,,NOT_APPLICABLE_GLOBAL_BASELINE,HF9g-P5,,,,X 全窗基线 · 不参与实体赏罚,6871723,688,A168_HF9F_20260827_0900,2026-08-27 09:00:00
2026-05-27,144586514,2220,0,30.0000000000,28.5000000000,28.5000000000,1.0000000,1,1,0.50665070000000000,0.506650700000,0.9867858985152569,0.9867858985152569,0.9867858985152569,0E-17,ELIGIBLE,R03b_20260811_FULL_v1,L1_ELIGIBILITY,v2026-08-11,2026-03-21..2026-08-06,baccarat_bet02_101_all_pairs_incl_sentinel,round_win = game_pnl > 0 (decisive only),COMPATIBILITY_ONLY_NOT_PRODUCTION,2436.0000,2256.0000,167.9500,117,114,-0.06894499,,-0.06894499,-0.06894499,-167.9500,2436.0000,OK,0.0000,6.7180,4.0000,96.0000,AG03-UNRESOLVED,ALL5_LEVELS_bet23_to_bet27,6.7180,6.7180,6.7180,6.7180,6.7180,4.000000,4.000000,4.000000,4.000000,4.000000,96.000000,96.000000,96.000000,96.000000,96.000000,5.0,33.5900,31.0082,134.3600,136.9418,PENDING_AG03,FALSE,NOT_FOR_ENFORCEMENT,161.2320,2165.7600,167.9500,161.2320,6.7180,0.06894499,0.06618719,6.7180,161.2320,0.06618719,6.7180,6.7180,6.7180,6.7180,6.7180,161.2320,0.06618719,33.5900,31.0082,134.3600,136.9418,0.05515599,0.05621586,0.00275780,20.8205,19.7895,1.4732,11.1967,2.1812,162.4000,7.6000,,20.8205,10.0,10.0,20.0,40.0,58.45,131.2201,10.0,0.0,5.845002,13.122006,2.082051,22,55,8,3,0E-8,0.06894499,,0E-8,0.000000,0.926108,0.076923,,2026-05-07,2026-06-29,15,77,63,54,0.277778,,,0.000000,,,,,,,,GLOBAL_BASELINE_NO_ENTITY_RANKING,,,NOT_APPLICABLE_GLOBAL_BASELINE,HF9g-P5,,,,X 全窗基线 · 不参与实体赏罚,6871724,688,A168_HF9F_20260827_0900,2026-08-27 09:00:00
2026-05-27,144586514,2242,0,10.0000000000,-10.0000000000,-10.0000000000,0E-7,1,1,0.50665070000000000,0.506650700000,-1.013391052207602,-1.013391052207602,-1.013391052207602,0E-17,ELIGIBLE,R03b_20260811_FULL_v1,L1_ELIGIBILITY,v2026-08-11,2026-03-21..2026-08-06,baccarat_bet02_101_all_pairs_incl_sentinel,round_win = game_pnl > 0 (decisive only),COMPATIBILITY_ONLY_NOT_PRODUCTION,2436.0000,2256.0000,167.9500,117,114,-0.06894499,,-0.06894499,-0.06894499,-167.9500,2436.0000,OK,0.0000,6.7180,4.0000,96.0000,AG03-UNRESOLVED,ALL5_LEVELS_bet23_to_bet27,6.7180,6.7180,6.7180,6.7180,6.7180,4.000000,4.000000,4.000000,4.000000,4.000000,96.000000,96.000000,96.000000,96.000000,96.000000,5.0,33.5900,31.0082,134.3600,136.9418,PENDING_AG03,FALSE,NOT_FOR_ENFORCEMENT,161.2320,2165.7600,167.9500,161.2320,6.7180,0.06894499,0.06618719,6.7180,161.2320,0.06618719,6.7180,6.7180,6.7180,6.7180,6.7180,161.2320,0.06618719,33.5900,31.0082,134.3600,136.9418,0.05515599,0.05621586,0.00275780,20.8205,19.7895,1.4732,11.1967,2.1812,162.4000,7.6000,,20.8205,10.0,10.0,20.0,40.0,58.45,131.2201,10.0,0.0,5.845002,13.122006,2.082051,22,55,8,3,0E-8,0.06894499,,0E-8,0.000000,0.926108,0.076923,,2026-05-07,2026-06-29,15,77,63,54,0.277778,,,0.000000,,,,,,,,GLOBAL_BASELINE_NO_ENTITY_RANKING,,,NOT_APPLICABLE_GLOBAL_BASELINE,HF9g-P5,,,,X 全窗基线 · 不参与实体赏罚,6871725,688,A168_HF9F_20260827_0900,2026-08-27 09:00:00
2026-05-27,144586514,987,0,10.0000000000,-10.0000000000,-10.0000000000,0E-7,1,1,0.50665070000000000,0.506650700000,-1.013391052207602,-1.013391052207602,-1.013391052207602,0E-17,ELIGIBLE,R03b_20260811_FULL_v1,L1_ELIGIBILITY,v2026-08-11,2026-03-21..2026-08-06,baccarat_bet02_101_all_pairs_incl_sentinel,round_win = game_pnl > 0 (decisive only),COMPATIBILITY_ONLY_NOT_PRODUCTION,2436.0000,2256.0000,167.9500,117,114,-0.06894499,,-0.06894499,-0.06894499,-167.9500,2436.0000,OK,0.0000,6.7180,4.0000,96.0000,AG03-UNRESOLVED,ALL5_LEVELS_bet23_to_bet27,6.7180,6.7180,6.7180,6.7180,6.7180,4.000000,4.000000,4.000000,4.000000,4.000000,96.000000,96.000000,96.000000,96.000000,96.000000,5.0,33.5900,31.0082,134.3600,136.9418,PENDING_AG03,FALSE,NOT_FOR_ENFORCEMENT,161.2320,2165.7600,167.9500,161.2320,6.7180,0.06894499,0.06618719,6.7180,161.2320,0.06618719,6.7180,6.7180,6.7180,6.7180,6.7180,161.2320,0.06618719,33.5900,31.0082,134.3600,136.9418,0.05515599,0.05621586,0.00275780,20.8205,19.7895,1.4732,11.1967,2.1812,162.4000,7.6000,,20.8205,10.0,10.0,20.0,40.0,58.45,131.2201,10.0,0.0,5.845002,13.122006,2.082051,22,55,8,3,0E-8,0.06894499,,0E-8,0.000000,0.926108,0.076923,,2026-05-07,2026-06-29,15,77,63,54,0.277778,,,0.000000,,,,,,,,GLOBAL_BASELINE_NO_ENTITY_RANKING,,,NOT_APPLICABLE_GLOBAL_BASELINE,HF9g-P5,,,,X 全窗基线 · 不参与实体赏罚,6871726,688,A168_HF9F_20260827_0900,2026-08-27 09:00:00
2026-06-05,144586514,1017,0,10.0000000000,-10.0000000000,-10.0000000000,0E-7,1,1,0.50665070000000000,0.506650700000,-1.013391052207602,-1.013391052207602,-1.013391052207602,0E-17,ELIGIBLE,R03b_20260811_FULL_v1,L1_ELIGIBILITY,v2026-08-11,2026-03-21..2026-08-06,baccarat_bet02_101_all_pairs_incl_sentinel,round_win = game_pnl > 0 (decisive only),COMPATIBILITY_ONLY_NOT_PRODUCTION,2436.0000,2256.0000,167.9500,117,114,-0.06894499,,-0.06894499,-0.06894499,-167.9500,2436.0000,OK,0.0000,6.7180,4.0000,96.0000,AG03-UNRESOLVED,ALL5_LEVELS_bet23_to_bet27,6.7180,6.7180,6.7180,6.7180,6.7180,4.000000,4.000000,4.000000,4.000000,4.000000,96.000000,96.000000,96.000000,96.000000,96.000000,5.0,33.5900,31.0082,134.3600,136.9418,PENDING_AG03,FALSE,NOT_FOR_ENFORCEMENT,161.2320,2165.7600,167.9500,161.2320,6.7180,0.06894499,0.06618719,6.7180,161.2320,0.06618719,6.7180,6.7180,6.7180,6.7180,6.7180,161.2320,0.06618719,33.5900,31.0082,134.3600,136.9418,0.05515599,0.05621586,0.00275780,20.8205,19.7895,1.4732,11.1967,2.1812,162.4000,7.6000,,20.8205,10.0,10.0,20.0,40.0,58.45,131.2201,10.0,0.0,5.845002,13.122006,2.082051,22,55,8,3,0E-8,0.06894499,,0E-8,0.000000,0.926108,0.076923,,2026-05-07,2026-06-29,15,77,63,54,0.277778,,,0.000000,,,,,,,,GLOBAL_BASELINE_NO_ENTITY_RANKING,,,NOT_APPLICABLE_GLOBAL_BASELINE,HF9g-P5,,,,X 全窗基线 · 不参与实体赏罚,6871727,688,A168_HF9F_20260827_0900,2026-08-27 09:00:00
2026-06-05,144586514,1307,0,20.0000000000,-20.0000000000,-20.0000000000,0E-7,1,1,0.49324550000000000,0.493245500000,-0.9865810262130424,-0.9865810262130424,-0.9865810262130424,0E-17,ELIGIBLE,R03b_20260811_FULL_v1,L1_ELIGIBILITY,v2026-08-11,2026-03-21..2026-08-06,baccarat_bet02_101_all_pairs_incl_sentinel,round_win = game_pnl > 0 (decisive only),COMPATIBILITY_ONLY_NOT_PRODUCTION,2436.0000,2256.0000,167.9500,117,114,-0.06894499,,-0.06894499,-0.06894499,-167.9500,2436.0000,OK,0.0000,6.7180,4.0000,96.0000,AG03-UNRESOLVED,ALL5_LEVELS_bet23_to_bet27,6.7180,6.7180,6.7180,6.7180,6.7180,4.000000,4.000000,4.000000,4.000000,4.000000,96.000000,96.000000,96.000000,96.000000,96.000000,5.0,33.5900,31.0082,134.3600,136.9418,PENDING_AG03,FALSE,NOT_FOR_ENFORCEMENT,161.2320,2165.7600,167.9500,161.2320,6.7180,0.06894499,0.06618719,6.7180,161.2320,0.06618719,6.7180,6.7180,6.7180,6.7180,6.7180,161.2320,0.06618719,33.5900,31.0082,134.3600,136.9418,0.05515599,0.05621586,0.00275780,20.8205,19.7895,1.4732,11.1967,2.1812,162.4000,7.6000,,20.8205,10.0,10.0,20.0,40.0,58.45,131.2201,10.0,0.0,5.845002,13.122006,2.082051,22,55,8,3,0E-8,0.06894499,,0E-8,0.000000,0.926108,0.076923,,2026-05-07,2026-06-29,15,77,63,54,0.277778,,,0.000000,,,,,,,,GLOBAL_BASELINE_NO_ENTITY_RANKING,,,NOT_APPLICABLE_GLOBAL_BASELINE,HF9g-P5,,,,X 全窗基线 · 不参与实体赏罚,6871728,688,A168_HF9F_20260827_0900,2026-08-27 09:00:00
2026-06-05,144586514,2167,0,40.0000000000,40.0000000000,40.0000000000,1.0000000,1,1,0.49324550000000000,0.493245500000,1.01360149184955,1.01360149184955,1.01360149184955,0E-17,ELIGIBLE,R03b_20260811_FULL_v1,L1_ELIGIBILITY,v2026-08-11,2026-03-21..2026-08-06,baccarat_bet02_101_all_pairs_incl_sentinel,round_win = game_pnl > 0 (decisive only),COMPATIBILITY_ONLY_NOT_PRODUCTION,2436.0000,2256.0000,167.9500,117,114,-0.06894499,,-0.06894499,-0.06894499,-167.9500,2436.0000,OK,0.0000,6.7180,4.0000,96.0000,AG03-UNRESOLVED,ALL5_LEVELS_bet23_to_bet27,6.7180,6.7180,6.7180,6.7180,6.7180,4.000000,4.000000,4.000000,4.000000,4.000000,96.000000,96.000000,96.000000,96.000000,96.000000,5.0,33.5900,31.0082,134.3600,136.9418,PENDING_AG03,FALSE,NOT_FOR_ENFORCEMENT,161.2320,2165.7600,167.9500,161.2320,6.7180,0.06894499,0.06618719,6.7180,161.2320,0.06618719,6.7180,6.7180,6.7180,6.7180,6.7180,161.2320,0.06618719,33.5900,31.0082,134.3600,136.9418,0.05515599,0.05621586,0.00275780,20.8205,19.7895,1.4732,11.1967,2.1812,162.4000,7.6000,,20.8205,10.0,10.0,20.0,40.0,58.45,131.2201,10.0,0.0,5.845002,13.122006,2.082051,22,55,8,3,0E-8,0.06894499,,0E-8,0.000000,0.926108,0.076923,,2026-05-07,2026-06-29,15,77,63,54,0.277778,,,0.000000,,,,,,,,GLOBAL_BASELINE_NO_ENTITY_RANKING,,,NOT_APPLICABLE_GLOBAL_BASELINE,HF9g-P5,,,,X 全窗基线 · 不参与实体赏罚,6871729,688,A168_HF9F_20260827_0900,2026-08-27 09:00:00
2026-06-05,144586514,2256,0,30.0000000000,-30.0000000000,-30.0000000000,0E-7,1,1,0.49324550000000000,0.493245500000,-0.9865810262130424,-0.9865810262130424,-0.9865810262130424,0E-17,ELIGIBLE,R03b_20260811_FULL_v1,L1_ELIGIBILITY,v2026-08-11,2026-03-21..2026-08-06,baccarat_bet02_101_all_pairs_incl_sentinel,round_win = game_pnl > 0 (decisive only),COMPATIBILITY_ONLY_NOT_PRODUCTION,2436.0000,2256.0000,167.9500,117,114,-0.06894499,,-0.06894499,-0.06894499,-167.9500,2436.0000,OK,0.0000,6.7180,4.0000,96.0000,AG03-UNRESOLVED,ALL5_LEVELS_bet23_to_bet27,6.7180,6.7180,6.7180,6.7180,6.7180,4.000000,4.000000,4.000000,4.000000,4.000000,96.000000,96.000000,96.000000,96.000000,96.000000,5.0,33.5900,31.0082,134.3600,136.9418,PENDING_AG03,FALSE,NOT_FOR_ENFORCEMENT,161.2320,2165.7600,167.9500,161.2320,6.7180,0.06894499,0.06618719,6.7180,161.2320,0.06618719,6.7180,6.7180,6.7180,6.7180,6.7180,161.2320,0.06618719,33.5900,31.0082,134.3600,136.9418,0.05515599,0.05621586,0.00275780,20.8205,19.7895,1.4732,11.1967,2.1812,162.4000,7.6000,,20.8205,10.0,10.0,20.0,40.0,58.45,131.2201,10.0,0.0,5.845002,13.122006,2.082051,22,55,8,3,0E-8,0.06894499,,0E-8,0.000000,0.926108,0.076923,,2026-05-07,2026-06-29,15,77,63,54,0.277778,,,0.000000,,,,,,,,GLOBAL_BASELINE_NO_ENTITY_RANKING,,,NOT_APPLICABLE_GLOBAL_BASELINE,HF9g-P5,,,,X 全窗基线 · 不参与实体赏罚,6871730,688,A168_HF9F_20260827_0900,2026-08-27 09:00:00
2026-06-22,144586514,2145,0,40.0000000000,0E-10,0E-10,0.3333333,3,3,0.49324550000000000,0.493245500000,-0.5540025479526107,-0.5540025479526106,-0.5540025479526107,0E-17,ELIGIBLE,R03b_20260811_FULL_v1,L1_ELIGIBILITY,v2026-08-11,2026-03-21..2026-08-06,baccarat_bet02_101_all_pairs_incl_sentinel,round_win = game_pnl > 0 (decisive only),COMPATIBILITY_ONLY_NOT_PRODUCTION,2436.0000,2256.0000,167.9500,117,114,-0.06894499,,-0.06894499,-0.06894499,-167.9500,2436.0000,OK,0.0000,6.7180,4.0000,96.0000,AG03-UNRESOLVED,ALL5_LEVELS_bet23_to_bet27,6.7180,6.7180,6.7180,6.7180,6.7180,4.000000,4.000000,4.000000,4.000000,4.000000,96.000000,96.000000,96.000000,96.000000,96.000000,5.0,33.5900,31.0082,134.3600,136.9418,PENDING_AG03,FALSE,NOT_FOR_ENFORCEMENT,161.2320,2165.7600,167.9500,161.2320,6.7180,0.06894499,0.06618719,6.7180,161.2320,0.06618719,6.7180,6.7180,6.7180,6.7180,6.7180,161.2320,0.06618719,33.5900,31.0082,134.3600,136.9418,0.05515599,0.05621586,0.00275780,20.8205,19.7895,1.4732,11.1967,2.1812,162.4000,7.6000,,20.8205,10.0,10.0,20.0,40.0,58.45,131.2201,10.0,0.0,5.845002,13.122006,2.082051,22,55,8,3,0E-8,0.06894499,,0E-8,0.000000,0.926108,0.076923,,2026-05-07,2026-06-29,15,77,63,54,0.277778,,,0.000000,,,,,,,,GLOBAL_BASELINE_NO_ENTITY_RANKING,,,NOT_APPLICABLE_GLOBAL_BASELINE,HF9g-P5,,,,X 全窗基线 · 不参与实体赏罚,6871731,688,A168_HF9F_20260827_0900,2026-08-27 09:00:00
2026-06-23,144586514,-1,1,20.0000000000,20.0000000000,20.0000000000,1.0000000,1,1,0.49324550000000000,0.493245500000,1.01360149184955,1.01360149184955,1.01360149184955,0E-17,SENTINEL_DEALER,R03b_20260811_FULL_v1,L1_ELIGIBILITY,v2026-08-11,2026-03-21..2026-08-06,baccarat_bet02_101_all_pairs_incl_sentinel,round_win = game_pnl > 0 (decisive only),COMPATIBILITY_ONLY_NOT_PRODUCTION,2436.0000,2256.0000,167.9500,117,114,-0.06894499,,-0.06894499,-0.06894499,-167.9500,2436.0000,OK,0.0000,6.7180,4.0000,96.0000,AG03-UNRESOLVED,ALL5_LEVELS_bet23_to_bet27,6.7180,6.7180,6.7180,6.7180,6.7180,4.000000,4.000000,4.000000,4.000000,4.000000,96.000000,96.000000,96.000000,96.000000,96.000000,5.0,33.5900,31.0082,134.3600,136.9418,PENDING_AG03,FALSE,NOT_FOR_ENFORCEMENT,161.2320,2165.7600,167.9500,161.2320,6.7180,0.06894499,0.06618719,6.7180,161.2320,0.06618719,6.7180,6.7180,6.7180,6.7180,6.7180,161.2320,0.06618719,33.5900,31.0082,134.3600,136.9418,0.05515599,0.05621586,0.00275780,20.8205,19.7895,1.4732,11.1967,2.1812,162.4000,7.6000,,20.8205,10.0,10.0,20.0,40.0,58.45,131.2201,10.0,0.0,5.845002,13.122006,2.082051,22,55,8,3,0E-8,0.06894499,,0E-8,0.000000,0.926108,0.076923,,2026-05-07,2026-06-29,15,77,63,54,0.277778,,,0.000000,,,,,,,,GLOBAL_BASELINE_NO_ENTITY_RANKING,,,NOT_APPLICABLE_GLOBAL_BASELINE,HF9g-P5,,,,X 全窗基线 · 不参与实体赏罚,6871732,688,A168_HF9F_20260827_0900,2026-08-27 09:00:00
2026-06-23,144586514,1374,0,161.0000000000,121.0000000000,121.0000000000,0.6666667,3,3,0.49324550000000000,0.493245500000,0.6008033672792107,0.6008033672792106,0.6008033672792107,0E-17,ELIGIBLE,R03b_20260811_FULL_v1,L1_ELIGIBILITY,v2026-08-11,2026-03-21..2026-08-06,baccarat_bet02_101_all_pairs_incl_sentinel,round_win = game_pnl > 0 (decisive only),COMPATIBILITY_ONLY_NOT_PRODUCTION,2436.0000,2256.0000,167.9500,117,114,-0.06894499,,-0.06894499,-0.06894499,-167.9500,2436.0000,OK,0.0000,6.7180,4.0000,96.0000,AG03-UNRESOLVED,ALL5_LEVELS_bet23_to_bet27,6.7180,6.7180,6.7180,6.7180,6.7180,4.000000,4.000000,4.000000,4.000000,4.000000,96.000000,96.000000,96.000000,96.000000,96.000000,5.0,33.5900,31.0082,134.3600,136.9418,PENDING_AG03,FALSE,NOT_FOR_ENFORCEMENT,161.2320,2165.7600,167.9500,161.2320,6.7180,0.06894499,0.06618719,6.7180,161.2320,0.06618719,6.7180,6.7180,6.7180,6.7180,6.7180,161.2320,0.06618719,33.5900,31.0082,134.3600,136.9418,0.05515599,0.05621586,0.00275780,20.8205,19.7895,1.4732,11.1967,2.1812,162.4000,7.6000,,20.8205,10.0,10.0,20.0,40.0,58.45,131.2201,10.0,0.0,5.845002,13.122006,2.082051,22,55,8,3,0E-8,0.06894499,,0E-8,0.000000,0.926108,0.076923,,2026-05-07,2026-06-29,15,77,63,54,0.277778,,,0.000000,,,,,,,,GLOBAL_BASELINE_NO_ENTITY_RANKING,,,NOT_APPLICABLE_GLOBAL_BASELINE,HF9g-P5,,,,X 全窗基线 · 不参与实体赏罚,6871733,688,A168_HF9F_20260827_0900,2026-08-27 09:00:00
2026-06-23,144586514,2174,0,20.0000000000,19.0000000000,19.0000000000,1.0000000,1,1,0.50665070000000000,0.506650700000,0.9867858985152569,0.9867858985152569,0.9867858985152569,0E-17,ELIGIBLE,R03b_20260811_FULL_v1,L1_ELIGIBILITY,v2026-08-11,2026-03-21..2026-08-06,baccarat_bet02_101_all_pairs_incl_sentinel,round_win = game_pnl > 0 (decisive only),COMPATIBILITY_ONLY_NOT_PRODUCTION,2436.0000,2256.0000,167.9500,117,114,-0.06894499,,-0.06894499,-0.06894499,-167.9500,2436.0000,OK,0.0000,6.7180,4.0000,96.0000,AG03-UNRESOLVED,ALL5_LEVELS_bet23_to_bet27,6.7180,6.7180,6.7180,6.7180,6.7180,4.000000,4.000000,4.000000,4.000000,4.000000,96.000000,96.000000,96.000000,96.000000,96.000000,5.0,33.5900,31.0082,134.3600,136.9418,PENDING_AG03,FALSE,NOT_FOR_ENFORCEMENT,161.2320,2165.7600,167.9500,161.2320,6.7180,0.06894499,0.06618719,6.7180,161.2320,0.06618719,6.7180,6.7180,6.7180,6.7180,6.7180,161.2320,0.06618719,33.5900,31.0082,134.3600,136.9418,0.05515599,0.05621586,0.00275780,20.8205,19.7895,1.4732,11.1967,2.1812,162.4000,7.6000,,20.8205,10.0,10.0,20.0,40.0,58.45,131.2201,10.0,0.0,5.845002,13.122006,2.082051,22,55,8,3,0E-8,0.06894499,,0E-8,0.000000,0.926108,0.076923,,2026-05-07,2026-06-29,15,77,63,54,0.277778,,,0.000000,,,,,,,,GLOBAL_BASELINE_NO_ENTITY_RANKING,,,NOT_APPLICABLE_GLOBAL_BASELINE,HF9g-P5,,,,X 全窗基线 · 不参与实体赏罚,6871734,688,A168_HF9F_20260827_0900,2026-08-27 09:00:00
2026-06-26,144586514,1383,0,10.0000000000,-10.0000000000,-10.0000000000,0E-7,1,1,0.50665070000000000,0.506650700000,-1.013391052207602,-1.013391052207602,-1.013391052207602,0E-17,ELIGIBLE,R03b_20260811_FULL_v1,L1_ELIGIBILITY,v2026-08-11,2026-03-21..2026-08-06,baccarat_bet02_101_all_pairs_incl_sentinel,round_win = game_pnl > 0 (decisive only),COMPATIBILITY_ONLY_NOT_PRODUCTION,2436.0000,2256.0000,167.9500,117,114,-0.06894499,,-0.06894499,-0.06894499,-167.9500,2436.0000,OK,0.0000,6.7180,4.0000,96.0000,AG03-UNRESOLVED,ALL5_LEVELS_bet23_to_bet27,6.7180,6.7180,6.7180,6.7180,6.7180,4.000000,4.000000,4.000000,4.000000,4.000000,96.000000,96.000000,96.000000,96.000000,96.000000,5.0,33.5900,31.0082,134.3600,136.9418,PENDING_AG03,FALSE,NOT_FOR_ENFORCEMENT,161.2320,2165.7600,167.9500,161.2320,6.7180,0.06894499,0.06618719,6.7180,161.2320,0.06618719,6.7180,6.7180,6.7180,6.7180,6.7180,161.2320,0.06618719,33.5900,31.0082,134.3600,136.9418,0.05515599,0.05621586,0.00275780,20.8205,19.7895,1.4732,11.1967,2.1812,162.4000,7.6000,,20.8205,10.0,10.0,20.0,40.0,58.45,131.2201,10.0,0.0,5.845002,13.122006,2.082051,22,55,8,3,0E-8,0.06894499,,0E-8,0.000000,0.926108,0.076923,,2026-05-07,2026-06-29,15,77,63,54,0.277778,,,0.000000,,,,,,,,GLOBAL_BASELINE_NO_ENTITY_RANKING,,,NOT_APPLICABLE_GLOBAL_BASELINE,HF9g-P5,,,,X 全窗基线 · 不参与实体赏罚,6871735,688,A168_HF9F_20260827_0900,2026-08-27 09:00:00
2026-06-27,144586514,1623,0,109.0000000000,78.5000000000,78.5000000000,0.8000000,6,6,0.49771390000000000,0.497713900000,1.3518786671008958,1.3518786671008955,1.3518786671008958,0E-17,ELIGIBLE,R03b_20260811_FULL_v1,L1_ELIGIBILITY,v2026-08-11,2026-03-21..2026-08-06,baccarat_bet02_101_all_pairs_incl_sentinel,round_win = game_pnl > 0 (decisive only),COMPATIBILITY_ONLY_NOT_PRODUCTION,2436.0000,2256.0000,167.9500,117,114,-0.06894499,,-0.06894499,-0.06894499,-167.9500,2436.0000,OK,0.0000,6.7180,4.0000,96.0000,AG03-UNRESOLVED,ALL5_LEVELS_bet23_to_bet27,6.7180,6.7180,6.7180,6.7180,6.7180,4.000000,4.000000,4.000000,4.000000,4.000000,96.000000,96.000000,96.000000,96.000000,96.000000,5.0,33.5900,31.0082,134.3600,136.9418,PENDING_AG03,FALSE,NOT_FOR_ENFORCEMENT,161.2320,2165.7600,167.9500,161.2320,6.7180,0.06894499,0.06618719,6.7180,161.2320,0.06618719,6.7180,6.7180,6.7180,6.7180,6.7180,161.2320,0.06618719,33.5900,31.0082,134.3600,136.9418,0.05515599,0.05621586,0.00275780,20.8205,19.7895,1.4732,11.1967,2.1812,162.4000,7.6000,,20.8205,10.0,10.0,20.0,40.0,58.45,131.2201,10.0,0.0,5.845002,13.122006,2.082051,22,55,8,3,0E-8,0.06894499,,0E-8,0.000000,0.926108,0.076923,,2026-05-07,2026-06-29,15,77,63,54,0.277778,,,0.000000,,,,,,,,GLOBAL_BASELINE_NO_ENTITY_RANKING,,,NOT_APPLICABLE_GLOBAL_BASELINE,HF9g-P5,,,,X 全窗基线 · 不参与实体赏罚,6871736,688,A168_HF9F_20260827_0900,2026-08-27 09:00:00
2026-06-29,144586514,2093,0,10.0000000000,-10.0000000000,-10.0000000000,0E-7,1,1,0.50665070000000000,0.506650700000,-1.013391052207602,-1.013391052207602,-1.013391052207602,0E-17,ELIGIBLE,R03b_20260811_FULL_v1,L1_ELIGIBILITY,v2026-08-11,2026-03-21..2026-08-06,baccarat_bet02_101_all_pairs_incl_sentinel,round_win = game_pnl > 0 (decisive only),COMPATIBILITY_ONLY_NOT_PRODUCTION,2436.0000,2256.0000,167.9500,117,114,-0.06894499,,-0.06894499,-0.06894499,-167.9500,2436.0000,OK,0.0000,6.7180,4.0000,96.0000,AG03-UNRESOLVED,ALL5_LEVELS_bet23_to_bet27,6.7180,6.7180,6.7180,6.7180,6.7180,4.000000,4.000000,4.000000,4.000000,4.000000,96.000000,96.000000,96.000000,96.000000,96.000000,5.0,33.5900,31.0082,134.3600,136.9418,PENDING_AG03,FALSE,NOT_FOR_ENFORCEMENT,161.2320,2165.7600,167.9500,161.2320,6.7180,0.06894499,0.06618719,6.7180,161.2320,0.06618719,6.7180,6.7180,6.7180,6.7180,6.7180,161.2320,0.06618719,33.5900,31.0082,134.3600,136.9418,0.05515599,0.05621586,0.00275780,20.8205,19.7895,1.4732,11.1967,2.1812,162.4000,7.6000,,20.8205,10.0,10.0,20.0,40.0,58.45,131.2201,10.0,0.0,5.845002,13.122006,2.082051,22,55,8,3,0E-8,0.06894499,,0E-8,0.000000,0.926108,0.076923,,2026-05-07,2026-06-29,15,77,63,54,0.277778,,,0.000000,,,,,,,,GLOBAL_BASELINE_NO_ENTITY_RANKING,,,NOT_APPLICABLE_GLOBAL_BASELINE,HF9g-P5,,,,X 全窗基线 · 不参与实体赏罚,6871737,688,A168_HF9F_20260827_0900,2026-08-27 09:00:00
2026-05-22,150396344,2121,0,78.3560790826,37.2191375642,37.2191375642,1.0000000,2,2,0.50665070000000000,0.506650700000,0.9867858985152569,0.9867858985152569,0.9867858985152569,0E-17,ELIGIBLE,R03b_20260811_FULL_v1,L1_ELIGIBILITY,v2026-08-11,2026-03-21..2026-08-06,baccarat_bet02_101_all_pairs_incl_sentinel,round_win = game_pnl > 0 (decisive only),COMPATIBILITY_ONLY_NOT_PRODUCTION,325.8673,244.3481,167.9509,7,7,-0.51539669,-0.73885350,-0.29411807,-0.51539669,-167.9509,325.8673,THIN_EXPOSURE,0.0000,6.7180,4.0000,96.0000,AG03-UNRESOLVED,ALL5_LEVELS_bet23_to_bet27,6.7180,6.7180,8.3975,8.3975,8.3975,4.000000,4.000000,5.000000,5.000000,5.000000,96.000000,96.000000,95.000000,95.000000,95.000000,5.0,38.6287,35.2434,129.3222,132.7076,PENDING_AG03,FALSE,NOT_FOR_ENFORCEMENT,161.2329,234.5742,167.9509,161.2329,6.7180,0.51539669,0.49478082,6.7180,161.2329,0.49478082,6.7180,6.7180,8.3975,8.3975,8.3975,161.2329,0.49478082,38.6287,35.2434,129.3222,132.7076,0.39685545,0.4072442,0.02061587,46.5525,34.9069,23.9930,33.5902,27.9918,65.1735,1.4000,54.0452,40.9329,39.284,42.3412,44.9155,71.1174,77.4533,77.4533,39.6019,-39.6019,1.829268,1.829268,1.099462,4,6,5,2,0.49755114,0.51539669,0.73885350,0E-8,0.000000,0.749839,0.000000,-0.44473544,2026-05-22,2026-07-31,5,6,6,71,0.070423,1.320336,1.160953,1.658504,,,,,,,,GLOBAL_BASELINE_NO_ENTITY_RANKING,,,NOT_APPLICABLE_GLOBAL_BASELINE,HF9g-P5,,,,X 全窗基线 · 不参与实体赏罚,6871738,688,A168_HF9F_20260827_0900,2026-08-27 09:00:00
2026-06-12,150396344,2233,0,45.7736518631,-45.7736518631,-45.7736518631,0E-7,1,1,0.50665070000000000,0.506650700000,-1.013391052207602,-1.013391052207602,-1.013391052207602,0E-17,ELIGIBLE,R03b_20260811_FULL_v1,L1_ELIGIBILITY,v2026-08-11,2026-03-21..2026-08-06,baccarat_bet02_101_all_pairs_incl_sentinel,round_win = game_pnl > 0 (decisive only),COMPATIBILITY_ONLY_NOT_PRODUCTION,325.8673,244.3481,167.9509,7,7,-0.51539669,-0.73885350,-0.29411807,-0.51539669,-167.9509,325.8673,THIN_EXPOSURE,0.0000,6.7180,4.0000,96.0000,AG03-UNRESOLVED,ALL5_LEVELS_bet23_to_bet27,6.7180,6.7180,8.3975,8.3975,8.3975,4.000000,4.000000,5.000000,5.000000,5.000000,96.000000,96.000000,95.000000,95.000000,95.000000,5.0,38.6287,35.2434,129.3222,132.7076,PENDING_AG03,FALSE,NOT_FOR_ENFORCEMENT,161.2329,234.5742,167.9509,161.2329,6.7180,0.51539669,0.49478082,6.7180,161.2329,0.49478082,6.7180,6.7180,8.3975,8.3975,8.3975,161.2329,0.49478082,38.6287,35.2434,129.3222,132.7076,0.39685545,0.4072442,0.02061587,46.5525,34.9069,23.9930,33.5902,27.9918,65.1735,1.4000,54.0452,40.9329,39.284,42.3412,44.9155,71.1174,77.4533,77.4533,39.6019,-39.6019,1.829268,1.829268,1.099462,4,6,5,2,0.49755114,0.51539669,0.73885350,0E-8,0.000000,0.749839,0.000000,-0.44473544,2026-05-22,2026-07-31,5,6,6,71,0.070423,1.320336,1.160953,1.658504,,,,,,,,GLOBAL_BASELINE_NO_ENTITY_RANKING,,,NOT_APPLICABLE_GLOBAL_BASELINE,HF9g-P5,,,,X 全窗基线 · 不参与实体赏罚,6871739,688,A168_HF9F_20260827_0900,2026-08-27 09:00:00
2026-06-26,150396344,2141,0,39.6019235220,-39.6019235220,-39.6019235220,0E-7,1,1,0.49324550000000000,0.493245500000,-0.9865810262130424,-0.9865810262130424,-0.9865810262130424,0E-17,ELIGIBLE,R03b_20260811_FULL_v1,L1_ELIGIBILITY,v2026-08-11,2026-03-21..2026-08-06,baccarat_bet02_101_all_pairs_incl_sentinel,round_win = game_pnl > 0 (decisive only),COMPATIBILITY_ONLY_NOT_PRODUCTION,325.8673,244.3481,167.9509,7,7,-0.51539669,-0.73885350,-0.29411807,-0.51539669,-167.9509,325.8673,THIN_EXPOSURE,0.0000,6.7180,4.0000,96.0000,AG03-UNRESOLVED,ALL5_LEVELS_bet23_to_bet27,6.7180,6.7180,8.3975,8.3975,8.3975,4.000000,4.000000,5.000000,5.000000,5.000000,96.000000,96.000000,95.000000,95.000000,95.000000,5.0,38.6287,35.2434,129.3222,132.7076,PENDING_AG03,FALSE,NOT_FOR_ENFORCEMENT,161.2329,234.5742,167.9509,161.2329,6.7180,0.51539669,0.49478082,6.7180,161.2329,0.49478082,6.7180,6.7180,8.3975,8.3975,8.3975,161.2329,0.49478082,38.6287,35.2434,129.3222,132.7076,0.39685545,0.4072442,0.02061587,46.5525,34.9069,23.9930,33.5902,27.9918,65.1735,1.4000,54.0452,40.9329,39.284,42.3412,44.9155,71.1174,77.4533,77.4533,39.6019,-39.6019,1.829268,1.829268,1.099462,4,6,5,2,0.49755114,0.51539669,0.73885350,0E-8,0.000000,0.749839,0.000000,-0.44473544,2026-05-22,2026-07-31,5,6,6,71,0.070423,1.320336,1.160953,1.658504,,,,,,,,GLOBAL_BASELINE_NO_ENTITY_RANKING,,,NOT_APPLICABLE_GLOBAL_BASELINE,HF9g-P5,,,,X 全窗基线 · 不参与实体赏罚,6871740,688,A168_HF9F_20260827_0900,2026-08-27 09:00:00
2026-07-10,150396344,2252,0,77.4533343660,-77.4533343660,-77.4533343660,0E-7,1,1,0.49324550000000000,0.493245500000,-0.9865810262130424,-0.9865810262130424,-0.9865810262130424,0E-17,ELIGIBLE,R03b_20260811_FULL_v1,L1_ELIGIBILITY,v2026-08-11,2026-03-21..2026-08-06,baccarat_bet02_101_all_pairs_incl_sentinel,round_win = game_pnl > 0 (decisive only),COMPATIBILITY_ONLY_NOT_PRODUCTION,325.8673,244.3481,167.9509,7,7,-0.51539669,-0.73885350,-0.29411807,-0.51539669,-167.9509,325.8673,THIN_EXPOSURE,0.0000,6.7180,4.0000,96.0000,AG03-UNRESOLVED,ALL5_LEVELS_bet23_to_bet27,6.7180,6.7180,8.3975,8.3975,8.3975,4.000000,4.000000,5.000000,5.000000,5.000000,96.000000,96.000000,95.000000,95.000000,95.000000,5.0,38.6287,35.2434,129.3222,132.7076,PENDING_AG03,FALSE,NOT_FOR_ENFORCEMENT,161.2329,234.5742,167.9509,161.2329,6.7180,0.51539669,0.49478082,6.7180,161.2329,0.49478082,6.7180,6.7180,8.3975,8.3975,8.3975,161.2329,0.49478082,38.6287,35.2434,129.3222,132.7076,0.39685545,0.4072442,0.02061587,46.5525,34.9069,23.9930,33.5902,27.9918,65.1735,1.4000,54.0452,40.9329,39.284,42.3412,44.9155,71.1174,77.4533,77.4533,39.6019,-39.6019,1.829268,1.829268,1.099462,4,6,5,2,0.49755114,0.51539669,0.73885350,0E-8,0.000000,0.749839,0.000000,-0.44473544,2026-05-22,2026-07-31,5,6,6,71,0.070423,1.320336,1.160953,1.658504,,,,,,,,GLOBAL_BASELINE_NO_ENTITY_RANKING,,,NOT_APPLICABLE_GLOBAL_BASELINE,HF9g-P5,,,,X 全窗基线 · 不参与实体赏罚,6871741,688,A168_HF9F_20260827_0900,2026-08-27 09:00:00
2026-07-31,150396344,2223,0,42.3411561201,-42.3411561201,-42.3411561201,0E-7,1,1,0.50665070000000000,0.506650700000,-1.013391052207602,-1.013391052207602,-1.013391052207602,0E-17,ELIGIBLE,R03b_20260811_FULL_v1,L1_ELIGIBILITY,v2026-08-11,2026-03-21..2026-08-06,baccarat_bet02_101_all_pairs_incl_sentinel,round_win = game_pnl > 0 (decisive only),COMPATIBILITY_ONLY_NOT_PRODUCTION,325.8673,244.3481,167.9509,7,7,-0.51539669,-0.73885350,-0.29411807,-0.51539669,-167.9509,325.8673,THIN_EXPOSURE,0.0000,6.7180,4.0000,96.0000,AG03-UNRESOLVED,ALL5_LEVELS_bet23_to_bet27,6.7180,6.7180,8.3975,8.3975,8.3975,4.000000,4.000000,5.000000,5.000000,5.000000,96.000000,96.000000,95.000000,95.000000,95.000000,5.0,38.6287,35.2434,129.3222,132.7076,PENDING_AG03,FALSE,NOT_FOR_ENFORCEMENT,161.2329,234.5742,167.9509,161.2329,6.7180,0.51539669,0.49478082,6.7180,161.2329,0.49478082,6.7180,6.7180,8.3975,8.3975,8.3975,161.2329,0.49478082,38.6287,35.2434,129.3222,132.7076,0.39685545,0.4072442,0.02061587,46.5525,34.9069,23.9930,33.5902,27.9918,65.1735,1.4000,54.0452,40.9329,39.284,42.3412,44.9155,71.1174,77.4533,77.4533,39.6019,-39.6019,1.829268,1.829268,1.099462,4,6,5,2,0.49755114,0.51539669,0.73885350,0E-8,0.000000,0.749839,0.000000,-0.44473544,2026-05-22,2026-07-31,5,6,6,71,0.070423,1.320336,1.160953,1.658504,,,,,,,,GLOBAL_BASELINE_NO_ENTITY_RANKING,,,NOT_APPLICABLE_GLOBAL_BASELINE,HF9g-P5,,,,X 全窗基线 · 不参与实体赏罚,6871742,688,A168_HF9F_20260827_0900,2026-08-27 09:00:00
2026-07-31,150396344,752,0,42.3411561201,0E-10,0E-10,,1,1,0.50665070000000000,0.506650700000,,,,0E-17,NO_DECISIVE_ROUND,R03b_20260811_FULL_v1,L1_ELIGIBILITY,v2026-08-11,2026-03-21..2026-08-06,baccarat_bet02_101_all_pairs_incl_sentinel,round_win = game_pnl > 0 (decisive only),COMPATIBILITY_ONLY_NOT_PRODUCTION,325.8673,244.3481,167.9509,7,7,-0.51539669,-0.73885350,-0.29411807,-0.51539669,-167.9509,325.8673,THIN_EXPOSURE,0.0000,6.7180,4.0000,96.0000,AG03-UNRESOLVED,ALL5_LEVELS_bet23_to_bet27,6.7180,6.7180,8.3975,8.3975,8.3975,4.000000,4.000000,5.000000,5.000000,5.000000,96.000000,96.000000,95.000000,95.000000,95.000000,5.0,38.6287,35.2434,129.3222,132.7076,PENDING_AG03,FALSE,NOT_FOR_ENFORCEMENT,161.2329,234.5742,167.9509,161.2329,6.7180,0.51539669,0.49478082,6.7180,161.2329,0.49478082,6.7180,6.7180,8.3975,8.3975,8.3975,161.2329,0.49478082,38.6287,35.2434,129.3222,132.7076,0.39685545,0.4072442,0.02061587,46.5525,34.9069,23.9930,33.5902,27.9918,65.1735,1.4000,54.0452,40.9329,39.284,42.3412,44.9155,71.1174,77.4533,77.4533,39.6019,-39.6019,1.829268,1.829268,1.099462,4,6,5,2,0.49755114,0.51539669,0.73885350,0E-8,0.000000,0.749839,0.000000,-0.44473544,2026-05-22,2026-07-31,5,6,6,71,0.070423,1.320336,1.160953,1.658504,,,,,,,,GLOBAL_BASELINE_NO_ENTITY_RANKING,,,NOT_APPLICABLE_GLOBAL_BASELINE,HF9g-P5,,,,X 全窗基线 · 不参与实体赏罚,6871743,688,A168_HF9F_20260827_0900,2026-08-27 09:00:00
2026-06-20,145068474,1405,0,101.8713364635,-101.8713364635,-101.8713364635,0E-7,2,2,0.50665070000000000,0.506650700000,-1.4331513700195317,-1.4331513700195317,-1.4331513700195317,0E-17,ELIGIBLE,R03b_20260811_FULL_v1,L1_ELIGIBILITY,v2026-08-11,2026-03-21..2026-08-06,baccarat_bet02_101_all_pairs_incl_sentinel,round_win = game_pnl > 0 (decisive only),COMPATIBILITY_ONLY_NOT_PRODUCTION,230.4481,230.4481,167.9598,10,10,-0.72884004,,-0.72884004,-0.72884004,-167.9598,230.4481,THIN_EXPOSURE,0.0000,6.7184,4.0000,96.0000,AG03-UNRESOLVED,ALL5_LEVELS_bet23_to_bet27,6.7184,6.7184,6.7184,6.7184,6.7184,4.000000,4.000000,4.000000,4.000000,4.000000,96.000000,96.000000,96.000000,96.000000,96.000000,5.0,33.5920,31.01,134.3678,136.9498,PENDING_AG03,FALSE,NOT_FOR_ENFORCEMENT,161.2414,221.2301,167.9598,161.2414,6.7184,0.72884004,0.69968644,6.7184,161.2414,0.69968644,6.7184,6.7184,6.7184,6.7184,6.7184,161.2414,0.69968644,33.5920,31.01,134.3678,136.9498,0.58307203,0.59427627,0.02915360,23.0448,23.0448,16.7960,83.9799,20.9950,115.2240,5.0000,,23.0448,6.1717,25.7153,25.7153,51.1928,76.156,76.156,25.7153,-18.3865,2.9615,2.9615,0.89615,8,7,2,2,0E-8,0.72884004,,0E-8,0.000000,1.000000,0.000000,,2026-06-20,2026-06-25,2,8,8,6,0.333333,,,0.000000,,,,,,,,GLOBAL_BASELINE_NO_ENTITY_RANKING,,,NOT_APPLICABLE_GLOBAL_BASELINE,HF9g-P5,,,,X 全窗基线 · 不参与实体赏罚,6871744,688,A168_HF9F_20260827_0900,2026-08-27 09:00:00
2026-06-20,145068474,1509,0,26.2296511909,-26.2296511909,-26.2296511909,0E-7,1,1,0.49324550000000000,0.493245500000,-0.9865810262130424,-0.9865810262130424,-0.9865810262130424,0E-17,ELIGIBLE,R03b_20260811_FULL_v1,L1_ELIGIBILITY,v2026-08-11,2026-03-21..2026-08-06,baccarat_bet02_101_all_pairs_incl_sentinel,round_win = game_pnl > 0 (decisive only),COMPATIBILITY_ONLY_NOT_PRODUCTION,230.4481,230.4481,167.9598,10,10,-0.72884004,,-0.72884004,-0.72884004,-167.9598,230.4481,THIN_EXPOSURE,0.0000,6.7184,4.0000,96.0000,AG03-UNRESOLVED,ALL5_LEVELS_bet23_to_bet27,6.7184,6.7184,6.7184,6.7184,6.7184,4.000000,4.000000,4.000000,4.000000,4.000000,96.000000,96.000000,96.000000,96.000000,96.000000,5.0,33.5920,31.01,134.3678,136.9498,PENDING_AG03,FALSE,NOT_FOR_ENFORCEMENT,161.2414,221.2301,167.9598,161.2414,6.7184,0.72884004,0.69968644,6.7184,161.2414,0.69968644,6.7184,6.7184,6.7184,6.7184,6.7184,161.2414,0.69968644,33.5920,31.01,134.3678,136.9498,0.58307203,0.59427627,0.02915360,23.0448,23.0448,16.7960,83.9799,20.9950,115.2240,5.0000,,23.0448,6.1717,25.7153,25.7153,51.1928,76.156,76.156,25.7153,-18.3865,2.9615,2.9615,0.89615,8,7,2,2,0E-8,0.72884004,,0E-8,0.000000,1.000000,0.000000,,2026-06-20,2026-06-25,2,8,8,6,0.333333,,,0.000000,,,,,,,,GLOBAL_BASELINE_NO_ENTITY_RANKING,,,NOT_APPLICABLE_GLOBAL_BASELINE,HF9g-P5,,,,X 全窗基线 · 不参与实体赏罚,6871745,688,A168_HF9F_20260827_0900,2026-08-27 09:00:00
2026-06-20,145068474,2223,0,25.7153443048,-25.7153443048,-25.7153443048,0E-7,1,1,0.49324550000000000,0.493245500000,-0.9865810262130424,-0.9865810262130424,-0.9865810262130424,0E-17,ELIGIBLE,R03b_20260811_FULL_v1,L1_ELIGIBILITY,v2026-08-11,2026-03-21..2026-08-06,baccarat_bet02_101_all_pairs_incl_sentinel,round_win = game_pnl > 0 (decisive only),COMPATIBILITY_ONLY_NOT_PRODUCTION,230.4481,230.4481,167.9598,10,10,-0.72884004,,-0.72884004,-0.72884004,-167.9598,230.4481,THIN_EXPOSURE,0.0000,6.7184,4.0000,96.0000,AG03-UNRESOLVED,ALL5_LEVELS_bet23_to_bet27,6.7184,6.7184,6.7184,6.7184,6.7184,4.000000,4.000000,4.000000,4.000000,4.000000,96.000000,96.000000,96.000000,96.000000,96.000000,5.0,33.5920,31.01,134.3678,136.9498,PENDING_AG03,FALSE,NOT_FOR_ENFORCEMENT,161.2414,221.2301,167.9598,161.2414,6.7184,0.72884004,0.69968644,6.7184,161.2414,0.69968644,6.7184,6.7184,6.7184,6.7184,6.7184,161.2414,0.69968644,33.5920,31.01,134.3678,136.9498,0.58307203,0.59427627,0.02915360,23.0448,23.0448,16.7960,83.9799,20.9950,115.2240,5.0000,,23.0448,6.1717,25.7153,25.7153,51.1928,76.156,76.156,25.7153,-18.3865,2.9615,2.9615,0.89615,8,7,2,2,0E-8,0.72884004,,0E-8,0.000000,1.000000,0.000000,,2026-06-20,2026-06-25,2,8,8,6,0.333333,,,0.000000,,,,,,,,GLOBAL_BASELINE_NO_ENTITY_RANKING,,,NOT_APPLICABLE_GLOBAL_BASELINE,HF9g-P5,,,,X 全窗基线 · 不参与实体赏罚,6871746,688,A168_HF9F_20260827_0900,2026-08-27 09:00:00
2026-06-20,145068474,2229,0,51.4306886096,-1.2857672152,-1.2857672152,0.5000000,2,2,0.50665070000000000,0.506650700000,-0.018812684590367487,-0.018812684590367487,-0.018812684590367487,0E-17,ELIGIBLE,R03b_20260811_FULL_v1,L1_ELIGIBILITY,v2026-08-11,2026-03-21..2026-08-06,baccarat_bet02_101_all_pairs_incl_sentinel,round_win = game_pnl > 0 (decisive only),COMPATIBILITY_ONLY_NOT_PRODUCTION,230.4481,230.4481,167.9598,10,10,-0.72884004,,-0.72884004,-0.72884004,-167.9598,230.4481,THIN_EXPOSURE,0.0000,6.7184,4.0000,96.0000,AG03-UNRESOLVED,ALL5_LEVELS_bet23_to_bet27,6.7184,6.7184,6.7184,6.7184,6.7184,4.000000,4.000000,4.000000,4.000000,4.000000,96.000000,96.000000,96.000000,96.000000,96.000000,5.0,33.5920,31.01,134.3678,136.9498,PENDING_AG03,FALSE,NOT_FOR_ENFORCEMENT,161.2414,221.2301,167.9598,161.2414,6.7184,0.72884004,0.69968644,6.7184,161.2414,0.69968644,6.7184,6.7184,6.7184,6.7184,6.7184,161.2414,0.69968644,33.5920,31.01,134.3678,136.9498,0.58307203,0.59427627,0.02915360,23.0448,23.0448,16.7960,83.9799,20.9950,115.2240,5.0000,,23.0448,6.1717,25.7153,25.7153,51.1928,76.156,76.156,25.7153,-18.3865,2.9615,2.9615,0.89615,8,7,2,2,0E-8,0.72884004,,0E-8,0.000000,1.000000,0.000000,,2026-06-20,2026-06-25,2,8,8,6,0.333333,,,0.000000,,,,,,,,GLOBAL_BASELINE_NO_ENTITY_RANKING,,,NOT_APPLICABLE_GLOBAL_BASELINE,HF9g-P5,,,,X 全窗基线 · 不参与实体赏罚,6871747,688,A168_HF9F_20260827_0900,2026-08-27 09:00:00
2026-06-25,145068474,-1,1,17.2292806843,-4.8859154179,-4.8859154179,0.5000000,2,2,0.49324550000000000,0.493245500000,0.01910635448239258,0.01910635448239258,0.01910635448239258,0E-17,SENTINEL_DEALER,R03b_20260811_FULL_v1,L1_ELIGIBILITY,v2026-08-11,2026-03-21..2026-08-06,baccarat_bet02_101_all_pairs_incl_sentinel,round_win = game_pnl > 0 (decisive only),COMPATIBILITY_ONLY_NOT_PRODUCTION,230.4481,230.4481,167.9598,10,10,-0.72884004,,-0.72884004,-0.72884004,-167.9598,230.4481,THIN_EXPOSURE,0.0000,6.7184,4.0000,96.0000,AG03-UNRESOLVED,ALL5_LEVELS_bet23_to_bet27,6.7184,6.7184,6.7184,6.7184,6.7184,4.000000,4.000000,4.000000,4.000000,4.000000,96.000000,96.000000,96.000000,96.000000,96.000000,5.0,33.5920,31.01,134.3678,136.9498,PENDING_AG03,FALSE,NOT_FOR_ENFORCEMENT,161.2414,221.2301,167.9598,161.2414,6.7184,0.72884004,0.69968644,6.7184,161.2414,0.69968644,6.7184,6.7184,6.7184,6.7184,6.7184,161.2414,0.69968644,33.5920,31.01,134.3678,136.9498,0.58307203,0.59427627,0.02915360,23.0448,23.0448,16.7960,83.9799,20.9950,115.2240,5.0000,,23.0448,6.1717,25.7153,25.7153,51.1928,76.156,76.156,25.7153,-18.3865,2.9615,2.9615,0.89615,8,7,2,2,0E-8,0.72884004,,0E-8,0.000000,1.000000,0.000000,,2026-06-20,2026-06-25,2,8,8,6,0.333333,,,0.000000,,,,,,,,GLOBAL_BASELINE_NO_ENTITY_RANKING,,,NOT_APPLICABLE_GLOBAL_BASELINE,HF9g-P5,,,,X 全窗基线 · 不参与实体赏罚,6871748,688,A168_HF9F_20260827_0900,2026-08-27 09:00:00
2026-06-25,145068474,1004,0,2.5972497748,-2.5972497748,-2.5972497748,0E-7,1,1,0.50665070000000000,0.506650700000,-1.013391052207602,-1.013391052207602,-1.013391052207602,0E-17,ELIGIBLE,R03b_20260811_FULL_v1,L1_ELIGIBILITY,v2026-08-11,2026-03-21..2026-08-06,baccarat_bet02_101_all_pairs_incl_sentinel,round_win = game_pnl > 0 (decisive only),COMPATIBILITY_ONLY_NOT_PRODUCTION,230.4481,230.4481,167.9598,10,10,-0.72884004,,-0.72884004,-0.72884004,-167.9598,230.4481,THIN_EXPOSURE,0.0000,6.7184,4.0000,96.0000,AG03-UNRESOLVED,ALL5_LEVELS_bet23_to_bet27,6.7184,6.7184,6.7184,6.7184,6.7184,4.000000,4.000000,4.000000,4.000000,4.000000,96.000000,96.000000,96.000000,96.000000,96.000000,5.0,33.5920,31.01,134.3678,136.9498,PENDING_AG03,FALSE,NOT_FOR_ENFORCEMENT,161.2414,221.2301,167.9598,161.2414,6.7184,0.72884004,0.69968644,6.7184,161.2414,0.69968644,6.7184,6.7184,6.7184,6.7184,6.7184,161.2414,0.69968644,33.5920,31.01,134.3678,136.9498,0.58307203,0.59427627,0.02915360,23.0448,23.0448,16.7960,83.9799,20.9950,115.2240,5.0000,,23.0448,6.1717,25.7153,25.7153,51.1928,76.156,76.156,25.7153,-18.3865,2.9615,2.9615,0.89615,8,7,2,2,0E-8,0.72884004,,0E-8,0.000000,1.000000,0.000000,,2026-06-20,2026-06-25,2,8,8,6,0.333333,,,0.000000,,,,,,,,GLOBAL_BASELINE_NO_ENTITY_RANKING,,,NOT_APPLICABLE_GLOBAL_BASELINE,HF9g-P5,,,,X 全窗基线 · 不参与实体赏罚,6871749,688,A168_HF9F_20260827_0900,2026-08-27 09:00:00
2026-06-25,145068474,1402,0,5.3745069597,-5.3745069597,-5.3745069597,0E-7,1,1,0.49324550000000000,0.493245500000,-0.9865810262130424,-0.9865810262130424,-0.9865810262130424,0E-17,ELIGIBLE,R03b_20260811_FULL_v1,L1_ELIGIBILITY,v2026-08-11,2026-03-21..2026-08-06,baccarat_bet02_101_all_pairs_incl_sentinel,round_win = game_pnl > 0 (decisive only),COMPATIBILITY_ONLY_NOT_PRODUCTION,230.4481,230.4481,167.9598,10,10,-0.72884004,,-0.72884004,-0.72884004,-167.9598,230.4481,THIN_EXPOSURE,0.0000,6.7184,4.0000,96.0000,AG03-UNRESOLVED,ALL5_LEVELS_bet23_to_bet27,6.7184,6.7184,6.7184,6.7184,6.7184,4.000000,4.000000,4.000000,4.000000,4.000000,96.000000,96.000000,96.000000,96.000000,96.000000,5.0,33.5920,31.01,134.3678,136.9498,PENDING_AG03,FALSE,NOT_FOR_ENFORCEMENT,161.2414,221.2301,167.9598,161.2414,6.7184,0.72884004,0.69968644,6.7184,161.2414,0.69968644,6.7184,6.7184,6.7184,6.7184,6.7184,161.2414,0.69968644,33.5920,31.01,134.3678,136.9498,0.58307203,0.59427627,0.02915360,23.0448,23.0448,16.7960,83.9799,20.9950,115.2240,5.0000,,23.0448,6.1717,25.7153,25.7153,51.1928,76.156,76.156,25.7153,-18.3865,2.9615,2.9615,0.89615,8,7,2,2,0E-8,0.72884004,,0E-8,0.000000,1.000000,0.000000,,2026-06-20,2026-06-25,2,8,8,6,0.333333,,,0.000000,,,,,,,,GLOBAL_BASELINE_NO_ENTITY_RANKING,,,NOT_APPLICABLE_GLOBAL_BASELINE,HF9g-P5,,,,X 全窗基线 · 不参与实体赏罚,6871750,688,A168_HF9F_20260827_0900,2026-08-27 09:00:00
2026-07-27,153391637,-1,1,43.8562829607,-43.8562829607,-43.8562829607,0E-7,1,1,0.50665070000000000,0.506650700000,-1.013391052207602,-1.013391052207602,-1.013391052207602,0E-17,SENTINEL_DEALER,R03b_20260811_FULL_v1,L1_ELIGIBILITY,v2026-08-11,2026-03-21..2026-08-06,baccarat_bet02_101_all_pairs_incl_sentinel,round_win = game_pnl > 0 (decisive only),COMPATIBILITY_ONLY_NOT_PRODUCTION,910.2372,559.3869,167.9696,54,15,-0.18453385,-0.18453385,,-0.18453385,-167.9696,910.2372,OK,0.0000,6.7188,4.0000,96.0000,AG03-UNRESOLVED,ALL5_LEVELS_bet23_to_bet27,6.7188,6.7188,6.7188,6.7188,6.7188,4.000000,4.000000,4.000000,4.000000,4.000000,96.000000,96.000000,96.000000,96.000000,96.000000,5.0,33.5939,31.0118,134.3757,136.9578,PENDING_AG03,FALSE,NOT_FOR_ENFORCEMENT,161.2508,537.0114,167.9696,161.2508,6.7188,0.18453385,0.17715249,6.7188,161.2508,0.17715249,6.7188,6.7188,6.7188,6.7188,6.7188,161.2508,0.17715249,33.5939,31.0118,134.3757,136.9578,0.14762708,0.15046386,0.00738135,16.8562,37.2925,11.1980,167.9696,20.9962,910.2372,15.0000,16.8562,,4.1663,4.3856,43.8563,43.8563,43.8563,43.8563,4.1663,-4.1663,10.0,10.0,3.843519,8,10,1,7,1.00000000,0.18453385,0.18453385,0E-8,0.000000,0.614551,0.000000,,2026-07-27,2026-07-27,1,8,8,1,1.000000,,1.000000,3.333333,,,,,,,,GLOBAL_BASELINE_NO_ENTITY_RANKING,,,NOT_APPLICABLE_GLOBAL_BASELINE,HF9g-P5,,,,X 全窗基线 · 不参与实体赏罚,6871751,688,A168_HF9F_20260827_0900,2026-08-27 09:00:00
2026-07-27,153391637,1330,0,52.6275395529,32.8922122205,32.8922122205,1.0000000,4,1,0.43473754999960133,0.170439850000,1.1402799591359833,2.2061669236856756,1.1402799591359833,0.26429769999960133,ELIGIBLE,R03b_20260811_FULL_v1,L1_ELIGIBILITY,v2026-08-11,2026-03-21..2026-08-06,baccarat_bet02_101_all_pairs_incl_sentinel,round_win = game_pnl > 0 (decisive only),COMPATIBILITY_ONLY_NOT_PRODUCTION,910.2372,559.3869,167.9696,54,15,-0.18453385,-0.18453385,,-0.18453385,-167.9696,910.2372,OK,0.0000,6.7188,4.0000,96.0000,AG03-UNRESOLVED,ALL5_LEVELS_bet23_to_bet27,6.7188,6.7188,6.7188,6.7188,6.7188,4.000000,4.000000,4.000000,4.000000,4.000000,96.000000,96.000000,96.000000,96.000000,96.000000,5.0,33.5939,31.0118,134.3757,136.9578,PENDING_AG03,FALSE,NOT_FOR_ENFORCEMENT,161.2508,537.0114,167.9696,161.2508,6.7188,0.18453385,0.17715249,6.7188,161.2508,0.17715249,6.7188,6.7188,6.7188,6.7188,6.7188,161.2508,0.17715249,33.5939,31.0118,134.3757,136.9578,0.14762708,0.15046386,0.00738135,16.8562,37.2925,11.1980,167.9696,20.9962,910.2372,15.0000,16.8562,,4.1663,4.3856,43.8563,43.8563,43.8563,43.8563,4.1663,-4.1663,10.0,10.0,3.843519,8,10,1,7,1.00000000,0.18453385,0.18453385,0E-8,0.000000,0.614551,0.000000,,2026-07-27,2026-07-27,1,8,8,1,1.000000,,1.000000,3.333333,,,,,,,,GLOBAL_BASELINE_NO_ENTITY_RANKING,,,NOT_APPLICABLE_GLOBAL_BASELINE,HF9g-P5,,,,X 全窗基线 · 不参与实体赏罚,6871752,688,A168_HF9F_20260827_0900,2026-08-27 09:00:00
2026-07-27,153391637,1990,0,160.7332770511,-67.5386757596,-67.5386757596,0.3333333,12,3,0.43028535882754875,0.175418975000,-0.3391646175746584,0.7191629321267167,-0.3391646175746584,0.25486638382754875,ELIGIBLE,R03b_20260811_FULL_v1,L1_ELIGIBILITY,v2026-08-11,2026-03-21..2026-08-06,baccarat_bet02_101_all_pairs_incl_sentinel,round_win = game_pnl > 0 (decisive only),COMPATIBILITY_ONLY_NOT_PRODUCTION,910.2372,559.3869,167.9696,54,15,-0.18453385,-0.18453385,,-0.18453385,-167.9696,910.2372,OK,0.0000,6.7188,4.0000,96.0000,AG03-UNRESOLVED,ALL5_LEVELS_bet23_to_bet27,6.7188,6.7188,6.7188,6.7188,6.7188,4.000000,4.000000,4.000000,4.000000,4.000000,96.000000,96.000000,96.000000,96.000000,96.000000,5.0,33.5939,31.0118,134.3757,136.9578,PENDING_AG03,FALSE,NOT_FOR_ENFORCEMENT,161.2508,537.0114,167.9696,161.2508,6.7188,0.18453385,0.17715249,6.7188,161.2508,0.17715249,6.7188,6.7188,6.7188,6.7188,6.7188,161.2508,0.17715249,33.5939,31.0118,134.3757,136.9578,0.14762708,0.15046386,0.00738135,16.8562,37.2925,11.1980,167.9696,20.9962,910.2372,15.0000,16.8562,,4.1663,4.3856,43.8563,43.8563,43.8563,43.8563,4.1663,-4.1663,10.0,10.0,3.843519,8,10,1,7,1.00000000,0.18453385,0.18453385,0E-8,0.000000,0.614551,0.000000,,2026-07-27,2026-07-27,1,8,8,1,1.000000,,1.000000,3.333333,,,,,,,,GLOBAL_BASELINE_NO_ENTITY_RANKING,,,NOT_APPLICABLE_GLOBAL_BASELINE,HF9g-P5,,,,X 全窗基线 · 不参与实体赏罚,6871753,688,A168_HF9F_20260827_0900,2026-08-27 09:00:00
2026-07-27,153391637,2123,0,113.1492100388,-27.6294582654,-27.6294582654,0.5000000,8,2,0.41159456666610367,0.189381825000,0.2540509371846596,1.121152125039921,0.2540509371846596,0.22221274166610367,ELIGIBLE,R03b_20260811_FULL_v1,L1_ELIGIBILITY,v2026-08-11,2026-03-21..2026-08-06,baccarat_bet02_101_all_pairs_incl_sentinel,round_win = game_pnl > 0 (decisive only),COMPATIBILITY_ONLY_NOT_PRODUCTION,910.2372,559.3869,167.9696,54,15,-0.18453385,-0.18453385,,-0.18453385,-167.9696,910.2372,OK,0.0000,6.7188,4.0000,96.0000,AG03-UNRESOLVED,ALL5_LEVELS_bet23_to_bet27,6.7188,6.7188,6.7188,6.7188,6.7188,4.000000,4.000000,4.000000,4.000000,4.000000,96.000000,96.000000,96.000000,96.000000,96.000000,5.0,33.5939,31.0118,134.3757,136.9578,PENDING_AG03,FALSE,NOT_FOR_ENFORCEMENT,161.2508,537.0114,167.9696,161.2508,6.7188,0.18453385,0.17715249,6.7188,161.2508,0.17715249,6.7188,6.7188,6.7188,6.7188,6.7188,161.2508,0.17715249,33.5939,31.0118,134.3757,136.9578,0.14762708,0.15046386,0.00738135,16.8562,37.2925,11.1980,167.9696,20.9962,910.2372,15.0000,16.8562,,4.1663,4.3856,43.8563,43.8563,43.8563,43.8563,4.1663,-4.1663,10.0,10.0,3.843519,8,10,1,7,1.00000000,0.18453385,0.18453385,0E-8,0.000000,0.614551,0.000000,,2026-07-27,2026-07-27,1,8,8,1,1.000000,,1.000000,3.333333,,,,,,,,GLOBAL_BASELINE_NO_ENTITY_RANKING,,,NOT_APPLICABLE_GLOBAL_BASELINE,HF9g-P5,,,,X 全窗基线 · 不参与实体赏罚,6871754,688,A168_HF9F_20260827_0900,2026-08-27 09:00:00
2026-07-27,153391637,2205,0,43.8562829607,-43.8562829607,-43.8562829607,0E-7,1,1,0.50665070000000000,0.506650700000,-1.013391052207602,-1.013391052207602,-1.013391052207602,0E-17,ELIGIBLE,R03b_20260811_FULL_v1,L1_ELIGIBILITY,v2026-08-11,2026-03-21..2026-08-06,baccarat_bet02_101_all_pairs_incl_sentinel,round_win = game_pnl > 0 (decisive only),COMPATIBILITY_ONLY_NOT_PRODUCTION,910.2372,559.3869,167.9696,54,15,-0.18453385,-0.18453385,,-0.18453385,-167.9696,910.2372,OK,0.0000,6.7188,4.0000,96.0000,AG03-UNRESOLVED,ALL5_LEVELS_bet23_to_bet27,6.7188,6.7188,6.7188,6.7188,6.7188,4.000000,4.000000,4.000000,4.000000,4.000000,96.000000,96.000000,96.000000,96.000000,96.000000,5.0,33.5939,31.0118,134.3757,136.9578,PENDING_AG03,FALSE,NOT_FOR_ENFORCEMENT,161.2508,537.0114,167.9696,161.2508,6.7188,0.18453385,0.17715249,6.7188,161.2508,0.17715249,6.7188,6.7188,6.7188,6.7188,6.7188,161.2508,0.17715249,33.5939,31.0118,134.3757,136.9578,0.14762708,0.15046386,0.00738135,16.8562,37.2925,11.1980,167.9696,20.9962,910.2372,15.0000,16.8562,,4.1663,4.3856,43.8563,43.8563,43.8563,43.8563,4.1663,-4.1663,10.0,10.0,3.843519,8,10,1,7,1.00000000,0.18453385,0.18453385,0E-8,0.000000,0.614551,0.000000,,2026-07-27,2026-07-27,1,8,8,1,1.000000,,1.000000,3.333333,,,,,,,,GLOBAL_BASELINE_NO_ENTITY_RANKING,,,NOT_APPLICABLE_GLOBAL_BASELINE,HF9g-P5,,,,X 全窗基线 · 不参与实体赏罚,6871755,688,A168_HF9F_20260827_0900,2026-08-27 09:00:00
2026-07-27,153391637,2241,0,43.8562829607,0E-10,0E-10,,1,1,0.50665070000000000,0.506650700000,,,,0E-17,NO_DECISIVE_ROUND,R03b_20260811_FULL_v1,L1_ELIGIBILITY,v2026-08-11,2026-03-21..2026-08-06,baccarat_bet02_101_all_pairs_incl_sentinel,round_win = game_pnl > 0 (decisive only),COMPATIBILITY_ONLY_NOT_PRODUCTION,910.2372,559.3869,167.9696,54,15,-0.18453385,-0.18453385,,-0.18453385,-167.9696,910.2372,OK,0.0000,6.7188,4.0000,96.0000,AG03-UNRESOLVED,ALL5_LEVELS_bet23_to_bet27,6.7188,6.7188,6.7188,6.7188,6.7188,4.000000,4.000000,4.000000,4.000000,4.000000,96.000000,96.000000,96.000000,96.000000,96.000000,5.0,33.5939,31.0118,134.3757,136.9578,PENDING_AG03,FALSE,NOT_FOR_ENFORCEMENT,161.2508,537.0114,167.9696,161.2508,6.7188,0.18453385,0.17715249,6.7188,161.2508,0.17715249,6.7188,6.7188,6.7188,6.7188,6.7188,161.2508,0.17715249,33.5939,31.0118,134.3757,136.9578,0.14762708,0.15046386,0.00738135,16.8562,37.2925,11.1980,167.9696,20.9962,910.2372,15.0000,16.8562,,4.1663,4.3856,43.8563,43.8563,43.8563,43.8563,4.1663,-4.1663,10.0,10.0,3.843519,8,10,1,7,1.00000000,0.18453385,0.18453385,0E-8,0.000000,0.614551,0.000000,,2026-07-27,2026-07-27,1,8,8,1,1.000000,,1.000000,3.333333,,,,,,,,GLOBAL_BASELINE_NO_ENTITY_RANKING,,,NOT_APPLICABLE_GLOBAL_BASELINE,HF9g-P5,,,,X 全窗基线 · 不参与实体赏罚,6871756,688,A168_HF9F_20260827_0900,2026-08-27 09:00:00
2026-07-27,153391637,2250,0,52.8468209677,34.8657449537,34.8657449537,1.0000000,4,1,0.42377173568429716,0.172067675000,1.1660878891173103,2.1935511924717512,1.1660878891173103,0.25170406068429716,ELIGIBLE,R03b_20260811_FULL_v1,L1_ELIGIBILITY,v2026-08-11,2026-03-21..2026-08-06,baccarat_bet02_101_all_pairs_incl_sentinel,round_win = game_pnl > 0 (decisive only),COMPATIBILITY_ONLY_NOT_PRODUCTION,910.2372,559.3869,167.9696,54,15,-0.18453385,-0.18453385,,-0.18453385,-167.9696,910.2372,OK,0.0000,6.7188,4.0000,96.0000,AG03-UNRESOLVED,ALL5_LEVELS_bet23_to_bet27,6.7188,6.7188,6.7188,6.7188,6.7188,4.000000,4.000000,4.000000,4.000000,4.000000,96.000000,96.000000,96.000000,96.000000,96.000000,5.0,33.5939,31.0118,134.3757,136.9578,PENDING_AG03,FALSE,NOT_FOR_ENFORCEMENT,161.2508,537.0114,167.9696,161.2508,6.7188,0.18453385,0.17715249,6.7188,161.2508,0.17715249,6.7188,6.7188,6.7188,6.7188,6.7188,161.2508,0.17715249,33.5939,31.0118,134.3757,136.9578,0.14762708,0.15046386,0.00738135,16.8562,37.2925,11.1980,167.9696,20.9962,910.2372,15.0000,16.8562,,4.1663,4.3856,43.8563,43.8563,43.8563,43.8563,4.1663,-4.1663,10.0,10.0,3.843519,8,10,1,7,1.00000000,0.18453385,0.18453385,0E-8,0.000000,0.614551,0.000000,,2026-07-27,2026-07-27,1,8,8,1,1.000000,,1.000000,3.333333,,,,,,,,GLOBAL_BASELINE_NO_ENTITY_RANKING,,,NOT_APPLICABLE_GLOBAL_BASELINE,HF9g-P5,,,,X 全窗基线 · 不参与实体赏罚,6871757,688,A168_HF9F_20260827_0900,2026-08-27 09:00:00
2026-07-27,153391637,2258,0,52.8468209677,-52.8468209677,-52.8468209677,0E-7,4,1,0.43489638298718984,0.175418975000,-0.8772610641431395,-0.46123432094692074,-0.8772610641431395,0.25947740798718984,ELIGIBLE,R03b_20260811_FULL_v1,L1_ELIGIBILITY,v2026-08-11,2026-03-21..2026-08-06,baccarat_bet02_101_all_pairs_incl_sentinel,round_win = game_pnl > 0 (decisive only),COMPATIBILITY_ONLY_NOT_PRODUCTION,910.2372,559.3869,167.9696,54,15,-0.18453385,-0.18453385,,-0.18453385,-167.9696,910.2372,OK,0.0000,6.7188,4.0000,96.0000,AG03-UNRESOLVED,ALL5_LEVELS_bet23_to_bet27,6.7188,6.7188,6.7188,6.7188,6.7188,4.000000,4.000000,4.000000,4.000000,4.000000,96.000000,96.000000,96.000000,96.000000,96.000000,5.0,33.5939,31.0118,134.3757,136.9578,PENDING_AG03,FALSE,NOT_FOR_ENFORCEMENT,161.2508,537.0114,167.9696,161.2508,6.7188,0.18453385,0.17715249,6.7188,161.2508,0.17715249,6.7188,6.7188,6.7188,6.7188,6.7188,161.2508,0.17715249,33.5939,31.0118,134.3757,136.9578,0.14762708,0.15046386,0.00738135,16.8562,37.2925,11.1980,167.9696,20.9962,910.2372,15.0000,16.8562,,4.1663,4.3856,43.8563,43.8563,43.8563,43.8563,4.1663,-4.1663,10.0,10.0,3.843519,8,10,1,7,1.00000000,0.18453385,0.18453385,0E-8,0.000000,0.614551,0.000000,,2026-07-27,2026-07-27,1,8,8,1,1.000000,,1.000000,3.333333,,,,,,,,GLOBAL_BASELINE_NO_ENTITY_RANKING,,,NOT_APPLICABLE_GLOBAL_BASELINE,HF9g-P5,,,,X 全窗基线 · 不参与实体赏罚,6871758,688,A168_HF9F_20260827_0900,2026-08-27 09:00:00
2026-07-27,153391637,2281,0,100.8694508097,-15.3496990363,-15.3496990363,0E-7,6,1,0.44538732173881177,0.211601283333,-0.8961362150916332,-0.5180673160917137,-0.8961362150916332,0.23378603840581177,ELIGIBLE,R03b_20260811_FULL_v1,L1_ELIGIBILITY,v2026-08-11,2026-03-21..2026-08-06,baccarat_bet02_101_all_pairs_incl_sentinel,round_win = game_pnl > 0 (decisive only),COMPATIBILITY_ONLY_NOT_PRODUCTION,910.2372,559.3869,167.9696,54,15,-0.18453385,-0.18453385,,-0.18453385,-167.9696,910.2372,OK,0.0000,6.7188,4.0000,96.0000,AG03-UNRESOLVED,ALL5_LEVELS_bet23_to_bet27,6.7188,6.7188,6.7188,6.7188,6.7188,4.000000,4.000000,4.000000,4.000000,4.000000,96.000000,96.000000,96.000000,96.000000,96.000000,5.0,33.5939,31.0118,134.3757,136.9578,PENDING_AG03,FALSE,NOT_FOR_ENFORCEMENT,161.2508,537.0114,167.9696,161.2508,6.7188,0.18453385,0.17715249,6.7188,161.2508,0.17715249,6.7188,6.7188,6.7188,6.7188,6.7188,161.2508,0.17715249,33.5939,31.0118,134.3757,136.9578,0.14762708,0.15046386,0.00738135,16.8562,37.2925,11.1980,167.9696,20.9962,910.2372,15.0000,16.8562,,4.1663,4.3856,43.8563,43.8563,43.8563,43.8563,4.1663,-4.1663,10.0,10.0,3.843519,8,10,1,7,1.00000000,0.18453385,0.18453385,0E-8,0.000000,0.614551,0.000000,,2026-07-27,2026-07-27,1,8,8,1,1.000000,,1.000000,3.333333,,,,,,,,GLOBAL_BASELINE_NO_ENTITY_RANKING,,,NOT_APPLICABLE_GLOBAL_BASELINE,HF9g-P5,,,,X 全窗基线 · 不参与实体赏罚,6871759,688,A168_HF9F_20260827_0900,2026-08-27 09:00:00
2026-07-27,153391637,986,0,245.5951845801,15.3496990361,15.3496990361,0.3333333,13,3,0.46124536311572891,0.305100627778,-0.4444373003178158,0.10620149145985136,-0.4444373003178158,0.15614473533772891,ELIGIBLE,R03b_20260811_FULL_v1,L1_ELIGIBILITY,v2026-08-11,2026-03-21..2026-08-06,baccarat_bet02_101_all_pairs_incl_sentinel,round_win = game_pnl > 0 (decisive only),COMPATIBILITY_ONLY_NOT_PRODUCTION,910.2372,559.3869,167.9696,54,15,-0.18453385,-0.18453385,,-0.18453385,-167.9696,910.2372,OK,0.0000,6.7188,4.0000,96.0000,AG03-UNRESOLVED,ALL5_LEVELS_bet23_to_bet27,6.7188,6.7188,6.7188,6.7188,6.7188,4.000000,4.000000,4.000000,4.000000,4.000000,96.000000,96.000000,96.000000,96.000000,96.000000,5.0,33.5939,31.0118,134.3757,136.9578,PENDING_AG03,FALSE,NOT_FOR_ENFORCEMENT,161.2508,537.0114,167.9696,161.2508,6.7188,0.18453385,0.17715249,6.7188,161.2508,0.17715249,6.7188,6.7188,6.7188,6.7188,6.7188,161.2508,0.17715249,33.5939,31.0118,134.3757,136.9578,0.14762708,0.15046386,0.00738135,16.8562,37.2925,11.1980,167.9696,20.9962,910.2372,15.0000,16.8562,,4.1663,4.3856,43.8563,43.8563,43.8563,43.8563,4.1663,-4.1663,10.0,10.0,3.843519,8,10,1,7,1.00000000,0.18453385,0.18453385,0E-8,0.000000,0.614551,0.000000,,2026-07-27,2026-07-27,1,8,8,1,1.000000,,1.000000,3.333333,,,,,,,,GLOBAL_BASELINE_NO_ENTITY_RANKING,,,NOT_APPLICABLE_GLOBAL_BASELINE,HF9g-P5,,,,X 全窗基线 · 不参与实体赏罚,6871760,688,A168_HF9F_20260827_0900,2026-08-27 09:00:00
2026-06-07,141631172,1363,0,12.8576721524,-12.8576721524,-12.8576721524,0E-7,1,1,0.49324550000000000,0.493245500000,-0.9865810262130424,-0.9865810262130424,-0.9865810262130424,0E-17,ELIGIBLE,R03b_20260811_FULL_v1,L1_ELIGIBILITY,v2026-08-11,2026-03-21..2026-08-06,baccarat_bet02_101_all_pairs_incl_sentinel,round_win = game_pnl > 0 (decisive only),COMPATIBILITY_ONLY_NOT_PRODUCTION,3178.1371,2864.8090,167.9709,258,256,-0.05285201,0.01844299,-0.23776652,-0.05285201,-167.9709,3178.1371,OK,0.0000,6.7188,4.0000,96.0000,AG03-UNRESOLVED,ALL5_LEVELS_bet23_to_bet27,6.7188,6.7188,6.7188,6.7188,6.7188,4.000000,4.000000,4.000000,4.000000,4.000000,96.000000,96.000000,96.000000,96.000000,96.000000,5.0,33.5942,31.012,134.3767,136.9589,PENDING_AG03,FALSE,NOT_FOR_ENFORCEMENT,161.2521,2750.2167,167.9709,161.2521,6.7188,0.05285201,0.05073793,6.7188,161.2521,0.05073793,6.7188,6.7188,6.7188,6.7188,6.7188,161.2521,0.05073793,33.5942,31.012,134.3767,136.9589,0.04228161,0.04309408,0.00211408,12.3184,11.1907,0.6561,5.7921,1.6631,109.5909,8.8276,12.6031,11.6365,10.3271,12.8577,12.9089,14.9574,18.0724,25.8096,12.8577,0.0,1.405577,2.00733,0.958055,24,71,11,3,0.72173164,0.05285201,-0.01844299,0E-8,0.000000,0.901411,0.000000,0.25620951,2026-06-07,2026-08-04,29,101,94,59,0.491525,1.083064,1.023114,2.405772,,,,,,,,GLOBAL_BASELINE_NO_ENTITY_RANKING,,,NOT_APPLICABLE_GLOBAL_BASELINE,HF9g-P5,,,,X 全窗基线 · 不参与实体赏罚,6871761,688,A168_HF9F_20260827_0900,2026-08-27 09:00:00
2026-06-07,141631172,2093,0,25.7153443048,-12.8576721524,-12.8576721524,0E-7,2,2,0.49324550000000000,0.493245500000,-0.9865810262130424,-0.9865810262130424,-0.9865810262130424,0E-17,ELIGIBLE,R03b_20260811_FULL_v1,L1_ELIGIBILITY,v2026-08-11,2026-03-21..2026-08-06,baccarat_bet02_101_all_pairs_incl_sentinel,round_win = game_pnl > 0 (decisive only),COMPATIBILITY_ONLY_NOT_PRODUCTION,3178.1371,2864.8090,167.9709,258,256,-0.05285201,0.01844299,-0.23776652,-0.05285201,-167.9709,3178.1371,OK,0.0000,6.7188,4.0000,96.0000,AG03-UNRESOLVED,ALL5_LEVELS_bet23_to_bet27,6.7188,6.7188,6.7188,6.7188,6.7188,4.000000,4.000000,4.000000,4.000000,4.000000,96.000000,96.000000,96.000000,96.000000,96.000000,5.0,33.5942,31.012,134.3767,136.9589,PENDING_AG03,FALSE,NOT_FOR_ENFORCEMENT,161.2521,2750.2167,167.9709,161.2521,6.7188,0.05285201,0.05073793,6.7188,161.2521,0.05073793,6.7188,6.7188,6.7188,6.7188,6.7188,161.2521,0.05073793,33.5942,31.012,134.3767,136.9589,0.04228161,0.04309408,0.00211408,12.3184,11.1907,0.6561,5.7921,1.6631,109.5909,8.8276,12.6031,11.6365,10.3271,12.8577,12.9089,14.9574,18.0724,25.8096,12.8577,0.0,1.405577,2.00733,0.958055,24,71,11,3,0.72173164,0.05285201,-0.01844299,0E-8,0.000000,0.901411,0.000000,0.25620951,2026-06-07,2026-08-04,29,101,94,59,0.491525,1.083064,1.023114,2.405772,,,,,,,,GLOBAL_BASELINE_NO_ENTITY_RANKING,,,NOT_APPLICABLE_GLOBAL_BASELINE,HF9g-P5,,,,X 全窗基线 · 不参与实体赏罚,6871762,688,A168_HF9F_20260827_0900,2026-08-27 09:00:00
2026-06-13,141631172,2188,0,20.5722754438,-20.5722754438,-20.5722754438,0E-7,2,2,0.49994810000000000,0.499948100000,-1.4140667746232096,-1.4140667746232096,-1.4140667746232096,0E-17,ELIGIBLE,R03b_20260811_FULL_v1,L1_ELIGIBILITY,v2026-08-11,2026-03-21..2026-08-06,baccarat_bet02_101_all_pairs_incl_sentinel,round_win = game_pnl > 0 (decisive only),COMPATIBILITY_ONLY_NOT_PRODUCTION,3178.1371,2864.8090,167.9709,258,256,-0.05285201,0.01844299,-0.23776652,-0.05285201,-167.9709,3178.1371,OK,0.0000,6.7188,4.0000,96.0000,AG03-UNRESOLVED,ALL5_LEVELS_bet23_to_bet27,6.7188,6.7188,6.7188,6.7188,6.7188,4.000000,4.000000,4.000000,4.000000,4.000000,96.000000,96.000000,96.000000,96.000000,96.000000,5.0,33.5942,31.012,134.3767,136.9589,PENDING_AG03,FALSE,NOT_FOR_ENFORCEMENT,161.2521,2750.2167,167.9709,161.2521,6.7188,0.05285201,0.05073793,6.7188,161.2521,0.05073793,6.7188,6.7188,6.7188,6.7188,6.7188,161.2521,0.05073793,33.5942,31.012,134.3767,136.9589,0.04228161,0.04309408,0.00211408,12.3184,11.1907,0.6561,5.7921,1.6631,109.5909,8.8276,12.6031,11.6365,10.3271,12.8577,12.9089,14.9574,18.0724,25.8096,12.8577,0.0,1.405577,2.00733,0.958055,24,71,11,3,0.72173164,0.05285201,-0.01844299,0E-8,0.000000,0.901411,0.000000,0.25620951,2026-06-07,2026-08-04,29,101,94,59,0.491525,1.083064,1.023114,2.405772,,,,,,,,GLOBAL_BASELINE_NO_ENTITY_RANKING,,,NOT_APPLICABLE_GLOBAL_BASELINE,HF9g-P5,,,,X 全窗基线 · 不参与实体赏罚,6871763,688,A168_HF9F_20260827_0900,2026-08-27 09:00:00
2026-06-19,141631172,1325,0,12.8576721524,-12.8576721524,-12.8576721524,0E-7,1,1,0.50665070000000000,0.506650700000,-1.013391052207602,-1.013391052207602,-1.013391052207602,0E-17,ELIGIBLE,R03b_20260811_FULL_v1,L1_ELIGIBILITY,v2026-08-11,2026-03-21..2026-08-06,baccarat_bet02_101_all_pairs_incl_sentinel,round_win = game_pnl > 0 (decisive only),COMPATIBILITY_ONLY_NOT_PRODUCTION,3178.1371,2864.8090,167.9709,258,256,-0.05285201,0.01844299,-0.23776652,-0.05285201,-167.9709,3178.1371,OK,0.0000,6.7188,4.0000,96.0000,AG03-UNRESOLVED,ALL5_LEVELS_bet23_to_bet27,6.7188,6.7188,6.7188,6.7188,6.7188,4.000000,4.000000,4.000000,4.000000,4.000000,96.000000,96.000000,96.000000,96.000000,96.000000,5.0,33.5942,31.012,134.3767,136.9589,PENDING_AG03,FALSE,NOT_FOR_ENFORCEMENT,161.2521,2750.2167,167.9709,161.2521,6.7188,0.05285201,0.05073793,6.7188,161.2521,0.05073793,6.7188,6.7188,6.7188,6.7188,6.7188,161.2521,0.05073793,33.5942,31.012,134.3767,136.9589,0.04228161,0.04309408,0.00211408,12.3184,11.1907,0.6561,5.7921,1.6631,109.5909,8.8276,12.6031,11.6365,10.3271,12.8577,12.9089,14.9574,18.0724,25.8096,12.8577,0.0,1.405577,2.00733,0.958055,24,71,11,3,0.72173164,0.05285201,-0.01844299,0E-8,0.000000,0.901411,0.000000,0.25620951,2026-06-07,2026-08-04,29,101,94,59,0.491525,1.083064,1.023114,2.405772,,,,,,,,GLOBAL_BASELINE_NO_ENTITY_RANKING,,,NOT_APPLICABLE_GLOBAL_BASELINE,HF9g-P5,,,,X 全窗基线 · 不参与实体赏罚,6871764,688,A168_HF9F_20260827_0900,2026-08-27 09:00:00
2026-06-19,141631172,2103,0,32.1441803810,13.5005557600,13.5005557600,0.6666667,3,3,0.49771390000000000,0.497713900000,0.5852756695216578,0.5852756695216578,0.5852756695216578,0E-17,ELIGIBLE,R03b_20260811_FULL_v1,L1_ELIGIBILITY,v2026-08-11,2026-03-21..2026-08-06,baccarat_bet02_101_all_pairs_incl_sentinel,round_win = game_pnl > 0 (decisive only),COMPATIBILITY_ONLY_NOT_PRODUCTION,3178.1371,2864.8090,167.9709,258,256,-0.05285201,0.01844299,-0.23776652,-0.05285201,-167.9709,3178.1371,OK,0.0000,6.7188,4.0000,96.0000,AG03-UNRESOLVED,ALL5_LEVELS_bet23_to_bet27,6.7188,6.7188,6.7188,6.7188,6.7188,4.000000,4.000000,4.000000,4.000000,4.000000,96.000000,96.000000,96.000000,96.000000,96.000000,5.0,33.5942,31.012,134.3767,136.9589,PENDING_AG03,FALSE,NOT_FOR_ENFORCEMENT,161.2521,2750.2167,167.9709,161.2521,6.7188,0.05285201,0.05073793,6.7188,161.2521,0.05073793,6.7188,6.7188,6.7188,6.7188,6.7188,161.2521,0.05073793,33.5942,31.012,134.3767,136.9589,0.04228161,0.04309408,0.00211408,12.3184,11.1907,0.6561,5.7921,1.6631,109.5909,8.8276,12.6031,11.6365,10.3271,12.8577,12.9089,14.9574,18.0724,25.8096,12.8577,0.0,1.405577,2.00733,0.958055,24,71,11,3,0.72173164,0.05285201,-0.01844299,0E-8,0.000000,0.901411,0.000000,0.25620951,2026-06-07,2026-08-04,29,101,94,59,0.491525,1.083064,1.023114,2.405772,,,,,,,,GLOBAL_BASELINE_NO_ENTITY_RANKING,,,NOT_APPLICABLE_GLOBAL_BASELINE,HF9g-P5,,,,X 全窗基线 · 不参与实体赏罚,6871765,688,A168_HF9F_20260827_0900,2026-08-27 09:00:00
2026-06-20,141631172,-1,1,10.2861377219,9.7718308358,9.7718308358,1.0000000,1,1,0.50665070000000000,0.506650700000,0.9867858985152569,0.9867858985152569,0.9867858985152569,0E-17,SENTINEL_DEALER,R03b_20260811_FULL_v1,L1_ELIGIBILITY,v2026-08-11,2026-03-21..2026-08-06,baccarat_bet02_101_all_pairs_incl_sentinel,round_win = game_pnl > 0 (decisive only),COMPATIBILITY_ONLY_NOT_PRODUCTION,3178.1371,2864.8090,167.9709,258,256,-0.05285201,0.01844299,-0.23776652,-0.05285201,-167.9709,3178.1371,OK,0.0000,6.7188,4.0000,96.0000,AG03-UNRESOLVED,ALL5_LEVELS_bet23_to_bet27,6.7188,6.7188,6.7188,6.7188,6.7188,4.000000,4.000000,4.000000,4.000000,4.000000,96.000000,96.000000,96.000000,96.000000,96.000000,5.0,33.5942,31.012,134.3767,136.9589,PENDING_AG03,FALSE,NOT_FOR_ENFORCEMENT,161.2521,2750.2167,167.9709,161.2521,6.7188,0.05285201,0.05073793,6.7188,161.2521,0.05073793,6.7188,6.7188,6.7188,6.7188,6.7188,161.2521,0.05073793,33.5942,31.012,134.3767,136.9589,0.04228161,0.04309408,0.00211408,12.3184,11.1907,0.6561,5.7921,1.6631,109.5909,8.8276,12.6031,11.6365,10.3271,12.8577,12.9089,14.9574,18.0724,25.8096,12.8577,0.0,1.405577,2.00733,0.958055,24,71,11,3,0.72173164,0.05285201,-0.01844299,0E-8,0.000000,0.901411,0.000000,0.25620951,2026-06-07,2026-08-04,29,101,94,59,0.491525,1.083064,1.023114,2.405772,,,,,,,,GLOBAL_BASELINE_NO_ENTITY_RANKING,,,NOT_APPLICABLE_GLOBAL_BASELINE,HF9g-P5,,,,X 全窗基线 · 不参与实体赏罚,6871766,688,A168_HF9F_20260827_0900,2026-08-27 09:00:00
2026-06-20,141631172,1151,0,10.2861377219,-10.2861377219,-10.2861377219,0E-7,1,1,0.50665070000000000,0.506650700000,-1.013391052207602,-1.013391052207602,-1.013391052207602,0E-17,ELIGIBLE,R03b_20260811_FULL_v1,L1_ELIGIBILITY,v2026-08-11,2026-03-21..2026-08-06,baccarat_bet02_101_all_pairs_incl_sentinel,round_win = game_pnl > 0 (decisive only),COMPATIBILITY_ONLY_NOT_PRODUCTION,3178.1371,2864.8090,167.9709,258,256,-0.05285201,0.01844299,-0.23776652,-0.05285201,-167.9709,3178.1371,OK,0.0000,6.7188,4.0000,96.0000,AG03-UNRESOLVED,ALL5_LEVELS_bet23_to_bet27,6.7188,6.7188,6.7188,6.7188,6.7188,4.000000,4.000000,4.000000,4.000000,4.000000,96.000000,96.000000,96.000000,96.000000,96.000000,5.0,33.5942,31.012,134.3767,136.9589,PENDING_AG03,FALSE,NOT_FOR_ENFORCEMENT,161.2521,2750.2167,167.9709,161.2521,6.7188,0.05285201,0.05073793,6.7188,161.2521,0.05073793,6.7188,6.7188,6.7188,6.7188,6.7188,161.2521,0.05073793,33.5942,31.012,134.3767,136.9589,0.04228161,0.04309408,0.00211408,12.3184,11.1907,0.6561,5.7921,1.6631,109.5909,8.8276,12.6031,11.6365,10.3271,12.8577,12.9089,14.9574,18.0724,25.8096,12.8577,0.0,1.405577,2.00733,0.958055,24,71,11,3,0.72173164,0.05285201,-0.01844299,0E-8,0.000000,0.901411,0.000000,0.25620951,2026-06-07,2026-08-04,29,101,94,59,0.491525,1.083064,1.023114,2.405772,,,,,,,,GLOBAL_BASELINE_NO_ENTITY_RANKING,,,NOT_APPLICABLE_GLOBAL_BASELINE,HF9g-P5,,,,X 全窗基线 · 不参与实体赏罚,6871767,688,A168_HF9F_20260827_0900,2026-08-27 09:00:00
2026-06-20,141631172,1941,0,20.5722754438,-0.5143068861,-0.5143068861,0.5000000,2,2,0.49994810000000000,0.499948100000,0.00014679536856514622,0.00014679536856514622,0.00014679536856514622,0E-17,ELIGIBLE,R03b_20260811_FULL_v1,L1_ELIGIBILITY,v2026-08-11,2026-03-21..2026-08-06,baccarat_bet02_101_all_pairs_incl_sentinel,round_win = game_pnl > 0 (decisive only),COMPATIBILITY_ONLY_NOT_PRODUCTION,3178.1371,2864.8090,167.9709,258,256,-0.05285201,0.01844299,-0.23776652,-0.05285201,-167.9709,3178.1371,OK,0.0000,6.7188,4.0000,96.0000,AG03-UNRESOLVED,ALL5_LEVELS_bet23_to_bet27,6.7188,6.7188,6.7188,6.7188,6.7188,4.000000,4.000000,4.000000,4.000000,4.000000,96.000000,96.000000,96.000000,96.000000,96.000000,5.0,33.5942,31.012,134.3767,136.9589,PENDING_AG03,FALSE,NOT_FOR_ENFORCEMENT,161.2521,2750.2167,167.9709,161.2521,6.7188,0.05285201,0.05073793,6.7188,161.2521,0.05073793,6.7188,6.7188,6.7188,6.7188,6.7188,161.2521,0.05073793,33.5942,31.012,134.3767,136.9589,0.04228161,0.04309408,0.00211408,12.3184,11.1907,0.6561,5.7921,1.6631,109.5909,8.8276,12.6031,11.6365,10.3271,12.8577,12.9089,14.9574,18.0724,25.8096,12.8577,0.0,1.405577,2.00733,0.958055,24,71,11,3,0.72173164,0.05285201,-0.01844299,0E-8,0.000000,0.901411,0.000000,0.25620951,2026-06-07,2026-08-04,29,101,94,59,0.491525,1.083064,1.023114,2.405772,,,,,,,,GLOBAL_BASELINE_NO_ENTITY_RANKING,,,NOT_APPLICABLE_GLOBAL_BASELINE,HF9g-P5,,,,X 全窗基线 · 不参与实体赏罚,6871768,688,A168_HF9F_20260827_0900,2026-08-27 09:00:00
2026-06-20,141631172,2101,0,12.8576721524,-12.8576721524,-12.8576721524,0E-7,1,1,0.50665070000000000,0.506650700000,-1.013391052207602,-1.013391052207602,-1.013391052207602,0E-17,ELIGIBLE,R03b_20260811_FULL_v1,L1_ELIGIBILITY,v2026-08-11,2026-03-21..2026-08-06,baccarat_bet02_101_all_pairs_incl_sentinel,round_win = game_pnl > 0 (decisive only),COMPATIBILITY_ONLY_NOT_PRODUCTION,3178.1371,2864.8090,167.9709,258,256,-0.05285201,0.01844299,-0.23776652,-0.05285201,-167.9709,3178.1371,OK,0.0000,6.7188,4.0000,96.0000,AG03-UNRESOLVED,ALL5_LEVELS_bet23_to_bet27,6.7188,6.7188,6.7188,6.7188,6.7188,4.000000,4.000000,4.000000,4.000000,4.000000,96.000000,96.000000,96.000000,96.000000,96.000000,5.0,33.5942,31.012,134.3767,136.9589,PENDING_AG03,FALSE,NOT_FOR_ENFORCEMENT,161.2521,2750.2167,167.9709,161.2521,6.7188,0.05285201,0.05073793,6.7188,161.2521,0.05073793,6.7188,6.7188,6.7188,6.7188,6.7188,161.2521,0.05073793,33.5942,31.012,134.3767,136.9589,0.04228161,0.04309408,0.00211408,12.3184,11.1907,0.6561,5.7921,1.6631,109.5909,8.8276,12.6031,11.6365,10.3271,12.8577,12.9089,14.9574,18.0724,25.8096,12.8577,0.0,1.405577,2.00733,0.958055,24,71,11,3,0.72173164,0.05285201,-0.01844299,0E-8,0.000000,0.901411,0.000000,0.25620951,2026-06-07,2026-08-04,29,101,94,59,0.491525,1.083064,1.023114,2.405772,,,,,,,,GLOBAL_BASELINE_NO_ENTITY_RANKING,,,NOT_APPLICABLE_GLOBAL_BASELINE,HF9g-P5,,,,X 全窗基线 · 不参与实体赏罚,6871769,688,A168_HF9F_20260827_0900,2026-08-27 09:00:00
2026-06-20,141631172,2177,0,25.7153443048,-12.8576721524,-12.8576721524,0E-7,2,2,0.50665070000000000,0.506650700000,-1.013391052207602,-1.013391052207602,-1.013391052207602,0E-17,ELIGIBLE,R03b_20260811_FULL_v1,L1_ELIGIBILITY,v2026-08-11,2026-03-21..2026-08-06,baccarat_bet02_101_all_pairs_incl_sentinel,round_win = game_pnl > 0 (decisive only),COMPATIBILITY_ONLY_NOT_PRODUCTION,3178.1371,2864.8090,167.9709,258,256,-0.05285201,0.01844299,-0.23776652,-0.05285201,-167.9709,3178.1371,OK,0.0000,6.7188,4.0000,96.0000,AG03-UNRESOLVED,ALL5_LEVELS_bet23_to_bet27,6.7188,6.7188,6.7188,6.7188,6.7188,4.000000,4.000000,4.000000,4.000000,4.000000,96.000000,96.000000,96.000000,96.000000,96.000000,5.0,33.5942,31.012,134.3767,136.9589,PENDING_AG03,FALSE,NOT_FOR_ENFORCEMENT,161.2521,2750.2167,167.9709,161.2521,6.7188,0.05285201,0.05073793,6.7188,161.2521,0.05073793,6.7188,6.7188,6.7188,6.7188,6.7188,161.2521,0.05073793,33.5942,31.012,134.3767,136.9589,0.04228161,0.04309408,0.00211408,12.3184,11.1907,0.6561,5.7921,1.6631,109.5909,8.8276,12.6031,11.6365,10.3271,12.8577,12.9089,14.9574,18.0724,25.8096,12.8577,0.0,1.405577,2.00733,0.958055,24,71,11,3,0.72173164,0.05285201,-0.01844299,0E-8,0.000000,0.901411,0.000000,0.25620951,2026-06-07,2026-08-04,29,101,94,59,0.491525,1.083064,1.023114,2.405772,,,,,,,,GLOBAL_BASELINE_NO_ENTITY_RANKING,,,NOT_APPLICABLE_GLOBAL_BASELINE,HF9g-P5,,,,X 全窗基线 · 不参与实体赏罚,6871770,688,A168_HF9F_20260827_0900,2026-08-27 09:00:00
2026-06-20,141631172,2258,0,23.1438098743,-23.1438098743,-23.1438098743,0E-7,2,2,0.49324550000000000,0.493245500000,-1.3952362676504506,-1.3952362676504506,-1.3952362676504506,0E-17,ELIGIBLE,R03b_20260811_FULL_v1,L1_ELIGIBILITY,v2026-08-11,2026-03-21..2026-08-06,baccarat_bet02_101_all_pairs_incl_sentinel,round_win = game_pnl > 0 (decisive only),COMPATIBILITY_ONLY_NOT_PRODUCTION,3178.1371,2864.8090,167.9709,258,256,-0.05285201,0.01844299,-0.23776652,-0.05285201,-167.9709,3178.1371,OK,0.0000,6.7188,4.0000,96.0000,AG03-UNRESOLVED,ALL5_LEVELS_bet23_to_bet27,6.7188,6.7188,6.7188,6.7188,6.7188,4.000000,4.000000,4.000000,4.000000,4.000000,96.000000,96.000000,96.000000,96.000000,96.000000,5.0,33.5942,31.012,134.3767,136.9589,PENDING_AG03,FALSE,NOT_FOR_ENFORCEMENT,161.2521,2750.2167,167.9709,161.2521,6.7188,0.05285201,0.05073793,6.7188,161.2521,0.05073793,6.7188,6.7188,6.7188,6.7188,6.7188,161.2521,0.05073793,33.5942,31.012,134.3767,136.9589,0.04228161,0.04309408,0.00211408,12.3184,11.1907,0.6561,5.7921,1.6631,109.5909,8.8276,12.6031,11.6365,10.3271,12.8577,12.9089,14.9574,18.0724,25.8096,12.8577,0.0,1.405577,2.00733,0.958055,24,71,11,3,0.72173164,0.05285201,-0.01844299,0E-8,0.000000,0.901411,0.000000,0.25620951,2026-06-07,2026-08-04,29,101,94,59,0.491525,1.083064,1.023114,2.405772,,,,,,,,GLOBAL_BASELINE_NO_ENTITY_RANKING,,,NOT_APPLICABLE_GLOBAL_BASELINE,HF9g-P5,,,,X 全窗基线 · 不参与实体赏罚,6871771,688,A168_HF9F_20260827_0900,2026-08-27 09:00:00
2026-06-20,141631172,2287,0,8.6673567979,-8.6673567979,-8.6673567979,0E-7,1,1,0.50665070000000000,0.506650700000,-1.013391052207602,-1.013391052207602,-1.013391052207602,0E-17,ELIGIBLE,R03b_20260811_FULL_v1,L1_ELIGIBILITY,v2026-08-11,2026-03-21..2026-08-06,baccarat_bet02_101_all_pairs_incl_sentinel,round_win = game_pnl > 0 (decisive only),COMPATIBILITY_ONLY_NOT_PRODUCTION,3178.1371,2864.8090,167.9709,258,256,-0.05285201,0.01844299,-0.23776652,-0.05285201,-167.9709,3178.1371,OK,0.0000,6.7188,4.0000,96.0000,AG03-UNRESOLVED,ALL5_LEVELS_bet23_to_bet27,6.7188,6.7188,6.7188,6.7188,6.7188,4.000000,4.000000,4.000000,4.000000,4.000000,96.000000,96.000000,96.000000,96.000000,96.000000,5.0,33.5942,31.012,134.3767,136.9589,PENDING_AG03,FALSE,NOT_FOR_ENFORCEMENT,161.2521,2750.2167,167.9709,161.2521,6.7188,0.05285201,0.05073793,6.7188,161.2521,0.05073793,6.7188,6.7188,6.7188,6.7188,6.7188,161.2521,0.05073793,33.5942,31.012,134.3767,136.9589,0.04228161,0.04309408,0.00211408,12.3184,11.1907,0.6561,5.7921,1.6631,109.5909,8.8276,12.6031,11.6365,10.3271,12.8577,12.9089,14.9574,18.0724,25.8096,12.8577,0.0,1.405577,2.00733,0.958055,24,71,11,3,0.72173164,0.05285201,-0.01844299,0E-8,0.000000,0.901411,0.000000,0.25620951,2026-06-07,2026-08-04,29,101,94,59,0.491525,1.083064,1.023114,2.405772,,,,,,,,GLOBAL_BASELINE_NO_ENTITY_RANKING,,,NOT_APPLICABLE_GLOBAL_BASELINE,HF9g-P5,,,,X 全窗基线 · 不参与实体赏罚,6871772,688,A168_HF9F_20260827_0900,2026-08-27 09:00:00
2026-06-20,141631172,462,0,25.7153443048,-0.6428836076,-0.6428836076,0.5000000,2,2,0.49994810000000000,0.499948100000,0.00014679536856514622,0.00014679536856514622,0.00014679536856514622,0E-17,ELIGIBLE,R03b_20260811_FULL_v1,L1_ELIGIBILITY,v2026-08-11,2026-03-21..2026-08-06,baccarat_bet02_101_all_pairs_incl_sentinel,round_win = game_pnl > 0 (decisive only),COMPATIBILITY_ONLY_NOT_PRODUCTION,3178.1371,2864.8090,167.9709,258,256,-0.05285201,0.01844299,-0.23776652,-0.05285201,-167.9709,3178.1371,OK,0.0000,6.7188,4.0000,96.0000,AG03-UNRESOLVED,ALL5_LEVELS_bet23_to_bet27,6.7188,6.7188,6.7188,6.7188,6.7188,4.000000,4.000000,4.000000,4.000000,4.000000,96.000000,96.000000,96.000000,96.000000,96.000000,5.0,33.5942,31.012,134.3767,136.9589,PENDING_AG03,FALSE,NOT_FOR_ENFORCEMENT,161.2521,2750.2167,167.9709,161.2521,6.7188,0.05285201,0.05073793,6.7188,161.2521,0.05073793,6.7188,6.7188,6.7188,6.7188,6.7188,161.2521,0.05073793,33.5942,31.012,134.3767,136.9589,0.04228161,0.04309408,0.00211408,12.3184,11.1907,0.6561,5.7921,1.6631,109.5909,8.8276,12.6031,11.6365,10.3271,12.8577,12.9089,14.9574,18.0724,25.8096,12.8577,0.0,1.405577,2.00733,0.958055,24,71,11,3,0.72173164,0.05285201,-0.01844299,0E-8,0.000000,0.901411,0.000000,0.25620951,2026-06-07,2026-08-04,29,101,94,59,0.491525,1.083064,1.023114,2.405772,,,,,,,,GLOBAL_BASELINE_NO_ENTITY_RANKING,,,NOT_APPLICABLE_GLOBAL_BASELINE,HF9g-P5,,,,X 全窗基线 · 不参与实体赏罚,6871773,688,A168_HF9F_20260827_0900,2026-08-27 09:00:00
2026-06-23,141631172,2234,0,5.8299257073,-5.8299257073,-5.8299257073,0E-7,1,1,0.50665070000000000,0.506650700000,-1.013391052207602,-1.013391052207602,-1.013391052207602,0E-17,ELIGIBLE,R03b_20260811_FULL_v1,L1_ELIGIBILITY,v2026-08-11,2026-03-21..2026-08-06,baccarat_bet02_101_all_pairs_incl_sentinel,round_win = game_pnl > 0 (decisive only),COMPATIBILITY_ONLY_NOT_PRODUCTION,3178.1371,2864.8090,167.9709,258,256,-0.05285201,0.01844299,-0.23776652,-0.05285201,-167.9709,3178.1371,OK,0.0000,6.7188,4.0000,96.0000,AG03-UNRESOLVED,ALL5_LEVELS_bet23_to_bet27,6.7188,6.7188,6.7188,6.7188,6.7188,4.000000,4.000000,4.000000,4.000000,4.000000,96.000000,96.000000,96.000000,96.000000,96.000000,5.0,33.5942,31.012,134.3767,136.9589,PENDING_AG03,FALSE,NOT_FOR_ENFORCEMENT,161.2521,2750.2167,167.9709,161.2521,6.7188,0.05285201,0.05073793,6.7188,161.2521,0.05073793,6.7188,6.7188,6.7188,6.7188,6.7188,161.2521,0.05073793,33.5942,31.012,134.3767,136.9589,0.04228161,0.04309408,0.00211408,12.3184,11.1907,0.6561,5.7921,1.6631,109.5909,8.8276,12.6031,11.6365,10.3271,12.8577,12.9089,14.9574,18.0724,25.8096,12.8577,0.0,1.405577,2.00733,0.958055,24,71,11,3,0.72173164,0.05285201,-0.01844299,0E-8,0.000000,0.901411,0.000000,0.25620951,2026-06-07,2026-08-04,29,101,94,59,0.491525,1.083064,1.023114,2.405772,,,,,,,,GLOBAL_BASELINE_NO_ENTITY_RANKING,,,NOT_APPLICABLE_GLOBAL_BASELINE,HF9g-P5,,,,X 全窗基线 · 不参与实体赏罚,6871774,688,A168_HF9F_20260827_0900,2026-08-27 09:00:00
2026-06-24,141631172,994,0,24.1724236466,-12.0862118233,-12.0862118233,0E-7,2,2,0.50665070000000000,0.506650700000,-1.013391052207602,-1.013391052207602,-1.013391052207602,0E-17,ELIGIBLE,R03b_20260811_FULL_v1,L1_ELIGIBILITY,v2026-08-11,2026-03-21..2026-08-06,baccarat_bet02_101_all_pairs_incl_sentinel,round_win = game_pnl > 0 (decisive only),COMPATIBILITY_ONLY_NOT_PRODUCTION,3178.1371,2864.8090,167.9709,258,256,-0.05285201,0.01844299,-0.23776652,-0.05285201,-167.9709,3178.1371,OK,0.0000,6.7188,4.0000,96.0000,AG03-UNRESOLVED,ALL5_LEVELS_bet23_to_bet27,6.7188,6.7188,6.7188,6.7188,6.7188,4.000000,4.000000,4.000000,4.000000,4.000000,96.000000,96.000000,96.000000,96.000000,96.000000,5.0,33.5942,31.012,134.3767,136.9589,PENDING_AG03,FALSE,NOT_FOR_ENFORCEMENT,161.2521,2750.2167,167.9709,161.2521,6.7188,0.05285201,0.05073793,6.7188,161.2521,0.05073793,6.7188,6.7188,6.7188,6.7188,6.7188,161.2521,0.05073793,33.5942,31.012,134.3767,136.9589,0.04228161,0.04309408,0.00211408,12.3184,11.1907,0.6561,5.7921,1.6631,109.5909,8.8276,12.6031,11.6365,10.3271,12.8577,12.9089,14.9574,18.0724,25.8096,12.8577,0.0,1.405577,2.00733,0.958055,24,71,11,3,0.72173164,0.05285201,-0.01844299,0E-8,0.000000,0.901411,0.000000,0.25620951,2026-06-07,2026-08-04,29,101,94,59,0.491525,1.083064,1.023114,2.405772,,,,,,,,GLOBAL_BASELINE_NO_ENTITY_RANKING,,,NOT_APPLICABLE_GLOBAL_BASELINE,HF9g-P5,,,,X 全窗基线 · 不参与实体赏罚,6871775,688,A168_HF9F_20260827_0900,2026-08-27 09:00:00
2026-06-26,141631172,-1,1,108.0718202822,-61.7842005336,-61.7842005336,0.1428571,9,9,0.50367176666666667,0.503671766667,-1.9093030106364364,-1.9093030106382098,-1.9093030106364364,-3.3333E-13,SENTINEL_DEALER,R03b_20260811_FULL_v1,L1_ELIGIBILITY,v2026-08-11,2026-03-21..2026-08-06,baccarat_bet02_101_all_pairs_incl_sentinel,round_win = game_pnl > 0 (decisive only),COMPATIBILITY_ONLY_NOT_PRODUCTION,3178.1371,2864.8090,167.9709,258,256,-0.05285201,0.01844299,-0.23776652,-0.05285201,-167.9709,3178.1371,OK,0.0000,6.7188,4.0000,96.0000,AG03-UNRESOLVED,ALL5_LEVELS_bet23_to_bet27,6.7188,6.7188,6.7188,6.7188,6.7188,4.000000,4.000000,4.000000,4.000000,4.000000,96.000000,96.000000,96.000000,96.000000,96.000000,5.0,33.5942,31.012,134.3767,136.9589,PENDING_AG03,FALSE,NOT_FOR_ENFORCEMENT,161.2521,2750.2167,167.9709,161.2521,6.7188,0.05285201,0.05073793,6.7188,161.2521,0.05073793,6.7188,6.7188,6.7188,6.7188,6.7188,161.2521,0.05073793,33.5942,31.012,134.3767,136.9589,0.04228161,0.04309408,0.00211408,12.3184,11.1907,0.6561,5.7921,1.6631,109.5909,8.8276,12.6031,11.6365,10.3271,12.8577,12.9089,14.9574,18.0724,25.8096,12.8577,0.0,1.405577,2.00733,0.958055,24,71,11,3,0.72173164,0.05285201,-0.01844299,0E-8,0.000000,0.901411,0.000000,0.25620951,2026-06-07,2026-08-04,29,101,94,59,0.491525,1.083064,1.023114,2.405772,,,,,,,,GLOBAL_BASELINE_NO_ENTITY_RANKING,,,NOT_APPLICABLE_GLOBAL_BASELINE,HF9g-P5,,,,X 全窗基线 · 不参与实体赏罚,6871776,688,A168_HF9F_20260827_0900,2026-08-27 09:00:00
2026-06-26,141631172,1109,0,11.5719049372,10.9933096903,10.9933096903,1.0000000,1,1,0.50665070000000000,0.506650700000,0.9867858985152569,0.9867858985152569,0.9867858985152569,0E-17,ELIGIBLE,R03b_20260811_FULL_v1,L1_ELIGIBILITY,v2026-08-11,2026-03-21..2026-08-06,baccarat_bet02_101_all_pairs_incl_sentinel,round_win = game_pnl > 0 (decisive only),COMPATIBILITY_ONLY_NOT_PRODUCTION,3178.1371,2864.8090,167.9709,258,256,-0.05285201,0.01844299,-0.23776652,-0.05285201,-167.9709,3178.1371,OK,0.0000,6.7188,4.0000,96.0000,AG03-UNRESOLVED,ALL5_LEVELS_bet23_to_bet27,6.7188,6.7188,6.7188,6.7188,6.7188,4.000000,4.000000,4.000000,4.000000,4.000000,96.000000,96.000000,96.000000,96.000000,96.000000,5.0,33.5942,31.012,134.3767,136.9589,PENDING_AG03,FALSE,NOT_FOR_ENFORCEMENT,161.2521,2750.2167,167.9709,161.2521,6.7188,0.05285201,0.05073793,6.7188,161.2521,0.05073793,6.7188,6.7188,6.7188,6.7188,6.7188,161.2521,0.05073793,33.5942,31.012,134.3767,136.9589,0.04228161,0.04309408,0.00211408,12.3184,11.1907,0.6561,5.7921,1.6631,109.5909,8.8276,12.6031,11.6365,10.3271,12.8577,12.9089,14.9574,18.0724,25.8096,12.8577,0.0,1.405577,2.00733,0.958055,24,71,11,3,0.72173164,0.05285201,-0.01844299,0E-8,0.000000,0.901411,0.000000,0.25620951,2026-06-07,2026-08-04,29,101,94,59,0.491525,1.083064,1.023114,2.405772,,,,,,,,GLOBAL_BASELINE_NO_ENTITY_RANKING,,,NOT_APPLICABLE_GLOBAL_BASELINE,HF9g-P5,,,,X 全窗基线 · 不参与实体赏罚,6871777,688,A168_HF9F_20260827_0900,2026-08-27 09:00:00
2026-06-26,141631172,1221,0,12.8576721524,-12.8576721524,-12.8576721524,0E-7,1,1,0.50665070000000000,0.506650700000,-1.013391052207602,-1.013391052207602,-1.013391052207602,0E-17,ELIGIBLE,R03b_20260811_FULL_v1,L1_ELIGIBILITY,v2026-08-11,2026-03-21..2026-08-06,baccarat_bet02_101_all_pairs_incl_sentinel,round_win = game_pnl > 0 (decisive only),COMPATIBILITY_ONLY_NOT_PRODUCTION,3178.1371,2864.8090,167.9709,258,256,-0.05285201,0.01844299,-0.23776652,-0.05285201,-167.9709,3178.1371,OK,0.0000,6.7188,4.0000,96.0000,AG03-UNRESOLVED,ALL5_LEVELS_bet23_to_bet27,6.7188,6.7188,6.7188,6.7188,6.7188,4.000000,4.000000,4.000000,4.000000,4.000000,96.000000,96.000000,96.000000,96.000000,96.000000,5.0,33.5942,31.012,134.3767,136.9589,PENDING_AG03,FALSE,NOT_FOR_ENFORCEMENT,161.2521,2750.2167,167.9709,161.2521,6.7188,0.05285201,0.05073793,6.7188,161.2521,0.05073793,6.7188,6.7188,6.7188,6.7188,6.7188,161.2521,0.05073793,33.5942,31.012,134.3767,136.9589,0.04228161,0.04309408,0.00211408,12.3184,11.1907,0.6561,5.7921,1.6631,109.5909,8.8276,12.6031,11.6365,10.3271,12.8577,12.9089,14.9574,18.0724,25.8096,12.8577,0.0,1.405577,2.00733,0.958055,24,71,11,3,0.72173164,0.05285201,-0.01844299,0E-8,0.000000,0.901411,0.000000,0.25620951,2026-06-07,2026-08-04,29,101,94,59,0.491525,1.083064,1.023114,2.405772,,,,,,,,GLOBAL_BASELINE_NO_ENTITY_RANKING,,,NOT_APPLICABLE_GLOBAL_BASELINE,HF9g-P5,,,,X 全窗基线 · 不参与实体赏罚,6871778,688,A168_HF9F_20260827_0900,2026-08-27 09:00:00
2026-06-26,141631172,2127,0,10.2861377219,-10.2861377219,-10.2861377219,0E-7,1,1,0.49324550000000000,0.493245500000,-0.9865810262130424,-0.9865810262130424,-0.9865810262130424,0E-17,ELIGIBLE,R03b_20260811_FULL_v1,L1_ELIGIBILITY,v2026-08-11,2026-03-21..2026-08-06,baccarat_bet02_101_all_pairs_incl_sentinel,round_win = game_pnl > 0 (decisive only),COMPATIBILITY_ONLY_NOT_PRODUCTION,3178.1371,2864.8090,167.9709,258,256,-0.05285201,0.01844299,-0.23776652,-0.05285201,-167.9709,3178.1371,OK,0.0000,6.7188,4.0000,96.0000,AG03-UNRESOLVED,ALL5_LEVELS_bet23_to_bet27,6.7188,6.7188,6.7188,6.7188,6.7188,4.000000,4.000000,4.000000,4.000000,4.000000,96.000000,96.000000,96.000000,96.000000,96.000000,5.0,33.5942,31.012,134.3767,136.9589,PENDING_AG03,FALSE,NOT_FOR_ENFORCEMENT,161.2521,2750.2167,167.9709,161.2521,6.7188,0.05285201,0.05073793,6.7188,161.2521,0.05073793,6.7188,6.7188,6.7188,6.7188,6.7188,161.2521,0.05073793,33.5942,31.012,134.3767,136.9589,0.04228161,0.04309408,0.00211408,12.3184,11.1907,0.6561,5.7921,1.6631,109.5909,8.8276,12.6031,11.6365,10.3271,12.8577,12.9089,14.9574,18.0724,25.8096,12.8577,0.0,1.405577,2.00733,0.958055,24,71,11,3,0.72173164,0.05285201,-0.01844299,0E-8,0.000000,0.901411,0.000000,0.25620951,2026-06-07,2026-08-04,29,101,94,59,0.491525,1.083064,1.023114,2.405772,,,,,,,,GLOBAL_BASELINE_NO_ENTITY_RANKING,,,NOT_APPLICABLE_GLOBAL_BASELINE,HF9g-P5,,,,X 全窗基线 · 不参与实体赏罚,6871779,688,A168_HF9F_20260827_0900,2026-08-27 09:00:00
2026-06-26,141631172,2145,0,81.0033345601,-22.3723495452,-22.3723495452,0.3333333,7,7,0.49707555714285714,0.497075557143,-0.8021835166153284,-0.8021835166160269,-0.8021835166153284,-1.4286E-13,ELIGIBLE,R03b_20260811_FULL_v1,L1_ELIGIBILITY,v2026-08-11,2026-03-21..2026-08-06,baccarat_bet02_101_all_pairs_incl_sentinel,round_win = game_pnl > 0 (decisive only),COMPATIBILITY_ONLY_NOT_PRODUCTION,3178.1371,2864.8090,167.9709,258,256,-0.05285201,0.01844299,-0.23776652,-0.05285201,-167.9709,3178.1371,OK,0.0000,6.7188,4.0000,96.0000,AG03-UNRESOLVED,ALL5_LEVELS_bet23_to_bet27,6.7188,6.7188,6.7188,6.7188,6.7188,4.000000,4.000000,4.000000,4.000000,4.000000,96.000000,96.000000,96.000000,96.000000,96.000000,5.0,33.5942,31.012,134.3767,136.9589,PENDING_AG03,FALSE,NOT_FOR_ENFORCEMENT,161.2521,2750.2167,167.9709,161.2521,6.7188,0.05285201,0.05073793,6.7188,161.2521,0.05073793,6.7188,6.7188,6.7188,6.7188,6.7188,161.2521,0.05073793,33.5942,31.012,134.3767,136.9589,0.04228161,0.04309408,0.00211408,12.3184,11.1907,0.6561,5.7921,1.6631,109.5909,8.8276,12.6031,11.6365,10.3271,12.8577,12.9089,14.9574,18.0724,25.8096,12.8577,0.0,1.405577,2.00733,0.958055,24,71,11,3,0.72173164,0.05285201,-0.01844299,0E-8,0.000000,0.901411,0.000000,0.25620951,2026-06-07,2026-08-04,29,101,94,59,0.491525,1.083064,1.023114,2.405772,,,,,,,,GLOBAL_BASELINE_NO_ENTITY_RANKING,,,NOT_APPLICABLE_GLOBAL_BASELINE,HF9g-P5,,,,X 全窗基线 · 不参与实体赏罚,6871780,688,A168_HF9F_20260827_0900,2026-08-27 09:00:00
2026-06-26,141631172,2169,0,51.4306886096,25.0724606972,25.0724606972,0.7500000,4,4,0.49994810000000000,0.499948100000,1.0002076053883384,1.0002076053883384,1.0002076053883384,0E-17,ELIGIBLE,R03b_20260811_FULL_v1,L1_ELIGIBILITY,v2026-08-11,2026-03-21..2026-08-06,baccarat_bet02_101_all_pairs_incl_sentinel,round_win = game_pnl > 0 (decisive only),COMPATIBILITY_ONLY_NOT_PRODUCTION,3178.1371,2864.8090,167.9709,258,256,-0.05285201,0.01844299,-0.23776652,-0.05285201,-167.9709,3178.1371,OK,0.0000,6.7188,4.0000,96.0000,AG03-UNRESOLVED,ALL5_LEVELS_bet23_to_bet27,6.7188,6.7188,6.7188,6.7188,6.7188,4.000000,4.000000,4.000000,4.000000,4.000000,96.000000,96.000000,96.000000,96.000000,96.000000,5.0,33.5942,31.012,134.3767,136.9589,PENDING_AG03,FALSE,NOT_FOR_ENFORCEMENT,161.2521,2750.2167,167.9709,161.2521,6.7188,0.05285201,0.05073793,6.7188,161.2521,0.05073793,6.7188,6.7188,6.7188,6.7188,6.7188,161.2521,0.05073793,33.5942,31.012,134.3767,136.9589,0.04228161,0.04309408,0.00211408,12.3184,11.1907,0.6561,5.7921,1.6631,109.5909,8.8276,12.6031,11.6365,10.3271,12.8577,12.9089,14.9574,18.0724,25.8096,12.8577,0.0,1.405577,2.00733,0.958055,24,71,11,3,0.72173164,0.05285201,-0.01844299,0E-8,0.000000,0.901411,0.000000,0.25620951,2026-06-07,2026-08-04,29,101,94,59,0.491525,1.083064,1.023114,2.405772,,,,,,,,GLOBAL_BASELINE_NO_ENTITY_RANKING,,,NOT_APPLICABLE_GLOBAL_BASELINE,HF9g-P5,,,,X 全窗基线 · 不参与实体赏罚,6871781,688,A168_HF9F_20260827_0900,2026-08-27 09:00:00
2026-06-26,141631172,2266,0,10.2861377219,9.7718308358,9.7718308358,1.0000000,1,1,0.50665070000000000,0.506650700000,0.9867858985152569,0.9867858985152569,0.9867858985152569,0E-17,ELIGIBLE,R03b_20260811_FULL_v1,L1_ELIGIBILITY,v2026-08-11,2026-03-21..2026-08-06,baccarat_bet02_101_all_pairs_incl_sentinel,round_win = game_pnl > 0 (decisive only),COMPATIBILITY_ONLY_NOT_PRODUCTION,3178.1371,2864.8090,167.9709,258,256,-0.05285201,0.01844299,-0.23776652,-0.05285201,-167.9709,3178.1371,OK,0.0000,6.7188,4.0000,96.0000,AG03-UNRESOLVED,ALL5_LEVELS_bet23_to_bet27,6.7188,6.7188,6.7188,6.7188,6.7188,4.000000,4.000000,4.000000,4.000000,4.000000,96.000000,96.000000,96.000000,96.000000,96.000000,5.0,33.5942,31.012,134.3767,136.9589,PENDING_AG03,FALSE,NOT_FOR_ENFORCEMENT,161.2521,2750.2167,167.9709,161.2521,6.7188,0.05285201,0.05073793,6.7188,161.2521,0.05073793,6.7188,6.7188,6.7188,6.7188,6.7188,161.2521,0.05073793,33.5942,31.012,134.3767,136.9589,0.04228161,0.04309408,0.00211408,12.3184,11.1907,0.6561,5.7921,1.6631,109.5909,8.8276,12.6031,11.6365,10.3271,12.8577,12.9089,14.9574,18.0724,25.8096,12.8577,0.0,1.405577,2.00733,0.958055,24,71,11,3,0.72173164,0.05285201,-0.01844299,0E-8,0.000000,0.901411,0.000000,0.25620951,2026-06-07,2026-08-04,29,101,94,59,0.491525,1.083064,1.023114,2.405772,,,,,,,,GLOBAL_BASELINE_NO_ENTITY_RANKING,,,NOT_APPLICABLE_GLOBAL_BASELINE,HF9g-P5,,,,X 全窗基线 · 不参与实体赏罚,6871782,688,A168_HF9F_20260827_0900,2026-08-27 09:00:00
2026-06-26,141631172,925,0,29.5726459505,-9.5146773928,-9.5146773928,0.3333333,3,3,0.49771390000000000,0.497713900000,-0.5694369385616226,-0.5694369385616226,-0.5694369385616226,0E-17,ELIGIBLE,R03b_20260811_FULL_v1,L1_ELIGIBILITY,v2026-08-11,2026-03-21..2026-08-06,baccarat_bet02_101_all_pairs_incl_sentinel,round_win = game_pnl > 0 (decisive only),COMPATIBILITY_ONLY_NOT_PRODUCTION,3178.1371,2864.8090,167.9709,258,256,-0.05285201,0.01844299,-0.23776652,-0.05285201,-167.9709,3178.1371,OK,0.0000,6.7188,4.0000,96.0000,AG03-UNRESOLVED,ALL5_LEVELS_bet23_to_bet27,6.7188,6.7188,6.7188,6.7188,6.7188,4.000000,4.000000,4.000000,4.000000,4.000000,96.000000,96.000000,96.000000,96.000000,96.000000,5.0,33.5942,31.012,134.3767,136.9589,PENDING_AG03,FALSE,NOT_FOR_ENFORCEMENT,161.2521,2750.2167,167.9709,161.2521,6.7188,0.05285201,0.05073793,6.7188,161.2521,0.05073793,6.7188,6.7188,6.7188,6.7188,6.7188,161.2521,0.05073793,33.5942,31.012,134.3767,136.9589,0.04228161,0.04309408,0.00211408,12.3184,11.1907,0.6561,5.7921,1.6631,109.5909,8.8276,12.6031,11.6365,10.3271,12.8577,12.9089,14.9574,18.0724,25.8096,12.8577,0.0,1.405577,2.00733,0.958055,24,71,11,3,0.72173164,0.05285201,-0.01844299,0E-8,0.000000,0.901411,0.000000,0.25620951,2026-06-07,2026-08-04,29,101,94,59,0.491525,1.083064,1.023114,2.405772,,,,,,,,GLOBAL_BASELINE_NO_ENTITY_RANKING,,,NOT_APPLICABLE_GLOBAL_BASELINE,HF9g-P5,,,,X 全窗基线 · 不参与实体赏罚,6871783,688,A168_HF9F_20260827_0900,2026-08-27 09:00:00
2026-06-27,141631172,1157,0,25.7153443048,-12.8576721524,-12.8576721524,0E-7,2,2,0.50665070000000000,0.506650700000,-1.013391052207602,-1.013391052207602,-1.013391052207602,0E-17,ELIGIBLE,R03b_20260811_FULL_v1,L1_ELIGIBILITY,v2026-08-11,2026-03-21..2026-08-06,baccarat_bet02_101_all_pairs_incl_sentinel,round_win = game_pnl > 0 (decisive only),COMPATIBILITY_ONLY_NOT_PRODUCTION,3178.1371,2864.8090,167.9709,258,256,-0.05285201,0.01844299,-0.23776652,-0.05285201,-167.9709,3178.1371,OK,0.0000,6.7188,4.0000,96.0000,AG03-UNRESOLVED,ALL5_LEVELS_bet23_to_bet27,6.7188,6.7188,6.7188,6.7188,6.7188,4.000000,4.000000,4.000000,4.000000,4.000000,96.000000,96.000000,96.000000,96.000000,96.000000,5.0,33.5942,31.012,134.3767,136.9589,PENDING_AG03,FALSE,NOT_FOR_ENFORCEMENT,161.2521,2750.2167,167.9709,161.2521,6.7188,0.05285201,0.05073793,6.7188,161.2521,0.05073793,6.7188,6.7188,6.7188,6.7188,6.7188,161.2521,0.05073793,33.5942,31.012,134.3767,136.9589,0.04228161,0.04309408,0.00211408,12.3184,11.1907,0.6561,5.7921,1.6631,109.5909,8.8276,12.6031,11.6365,10.3271,12.8577,12.9089,14.9574,18.0724,25.8096,12.8577,0.0,1.405577,2.00733,0.958055,24,71,11,3,0.72173164,0.05285201,-0.01844299,0E-8,0.000000,0.901411,0.000000,0.25620951,2026-06-07,2026-08-04,29,101,94,59,0.491525,1.083064,1.023114,2.405772,,,,,,,,GLOBAL_BASELINE_NO_ENTITY_RANKING,,,NOT_APPLICABLE_GLOBAL_BASELINE,HF9g-P5,,,,X 全窗基线 · 不参与实体赏罚,6871784,688,A168_HF9F_20260827_0900,2026-08-27 09:00:00
2026-06-30,141631172,-1,1,28.2868787353,18.0007410133,18.0007410133,0.6666667,3,3,0.49771390000000000,0.497713900000,0.5852756695216578,0.5852756695216578,0.5852756695216578,0E-17,SENTINEL_DEALER,R03b_20260811_FULL_v1,L1_ELIGIBILITY,v2026-08-11,2026-03-21..2026-08-06,baccarat_bet02_101_all_pairs_incl_sentinel,round_win = game_pnl > 0 (decisive only),COMPATIBILITY_ONLY_NOT_PRODUCTION,3178.1371,2864.8090,167.9709,258,256,-0.05285201,0.01844299,-0.23776652,-0.05285201,-167.9709,3178.1371,OK,0.0000,6.7188,4.0000,96.0000,AG03-UNRESOLVED,ALL5_LEVELS_bet23_to_bet27,6.7188,6.7188,6.7188,6.7188,6.7188,4.000000,4.000000,4.000000,4.000000,4.000000,96.000000,96.000000,96.000000,96.000000,96.000000,5.0,33.5942,31.012,134.3767,136.9589,PENDING_AG03,FALSE,NOT_FOR_ENFORCEMENT,161.2521,2750.2167,167.9709,161.2521,6.7188,0.05285201,0.05073793,6.7188,161.2521,0.05073793,6.7188,6.7188,6.7188,6.7188,6.7188,161.2521,0.05073793,33.5942,31.012,134.3767,136.9589,0.04228161,0.04309408,0.00211408,12.3184,11.1907,0.6561,5.7921,1.6631,109.5909,8.8276,12.6031,11.6365,10.3271,12.8577,12.9089,14.9574,18.0724,25.8096,12.8577,0.0,1.405577,2.00733,0.958055,24,71,11,3,0.72173164,0.05285201,-0.01844299,0E-8,0.000000,0.901411,0.000000,0.25620951,2026-06-07,2026-08-04,29,101,94,59,0.491525,1.083064,1.023114,2.405772,,,,,,,,GLOBAL_BASELINE_NO_ENTITY_RANKING,,,NOT_APPLICABLE_GLOBAL_BASELINE,HF9g-P5,,,,X 全窗基线 · 不参与实体赏罚,6871785,688,A168_HF9F_20260827_0900,2026-08-27 09:00:00
2026-06-30,141631172,1994,0,12.8576721524,-12.8576721524,-12.8576721524,0E-7,1,1,0.49324550000000000,0.493245500000,-0.9865810262130424,-0.9865810262130424,-0.9865810262130424,0E-17,ELIGIBLE,R03b_20260811_FULL_v1,L1_ELIGIBILITY,v2026-08-11,2026-03-21..2026-08-06,baccarat_bet02_101_all_pairs_incl_sentinel,round_win = game_pnl > 0 (decisive only),COMPATIBILITY_ONLY_NOT_PRODUCTION,3178.1371,2864.8090,167.9709,258,256,-0.05285201,0.01844299,-0.23776652,-0.05285201,-167.9709,3178.1371,OK,0.0000,6.7188,4.0000,96.0000,AG03-UNRESOLVED,ALL5_LEVELS_bet23_to_bet27,6.7188,6.7188,6.7188,6.7188,6.7188,4.000000,4.000000,4.000000,4.000000,4.000000,96.000000,96.000000,96.000000,96.000000,96.000000,5.0,33.5942,31.012,134.3767,136.9589,PENDING_AG03,FALSE,NOT_FOR_ENFORCEMENT,161.2521,2750.2167,167.9709,161.2521,6.7188,0.05285201,0.05073793,6.7188,161.2521,0.05073793,6.7188,6.7188,6.7188,6.7188,6.7188,161.2521,0.05073793,33.5942,31.012,134.3767,136.9589,0.04228161,0.04309408,0.00211408,12.3184,11.1907,0.6561,5.7921,1.6631,109.5909,8.8276,12.6031,11.6365,10.3271,12.8577,12.9089,14.9574,18.0724,25.8096,12.8577,0.0,1.405577,2.00733,0.958055,24,71,11,3,0.72173164,0.05285201,-0.01844299,0E-8,0.000000,0.901411,0.000000,0.25620951,2026-06-07,2026-08-04,29,101,94,59,0.491525,1.083064,1.023114,2.405772,,,,,,,,GLOBAL_BASELINE_NO_ENTITY_RANKING,,,NOT_APPLICABLE_GLOBAL_BASELINE,HF9g-P5,,,,X 全窗基线 · 不参与实体赏罚,6871786,688,A168_HF9F_20260827_0900,2026-08-27 09:00:00
2026-06-30,141631172,2145,0,25.7153443048,0E-10,0E-10,0.5000000,2,2,0.49994810000000000,0.499948100000,0.00014679536856514622,0.00014679536856514622,0.00014679536856514622,0E-17,ELIGIBLE,R03b_20260811_FULL_v1,L1_ELIGIBILITY,v2026-08-11,2026-03-21..2026-08-06,baccarat_bet02_101_all_pairs_incl_sentinel,round_win = game_pnl > 0 (decisive only),COMPATIBILITY_ONLY_NOT_PRODUCTION,3178.1371,2864.8090,167.9709,258,256,-0.05285201,0.01844299,-0.23776652,-0.05285201,-167.9709,3178.1371,OK,0.0000,6.7188,4.0000,96.0000,AG03-UNRESOLVED,ALL5_LEVELS_bet23_to_bet27,6.7188,6.7188,6.7188,6.7188,6.7188,4.000000,4.000000,4.000000,4.000000,4.000000,96.000000,96.000000,96.000000,96.000000,96.000000,5.0,33.5942,31.012,134.3767,136.9589,PENDING_AG03,FALSE,NOT_FOR_ENFORCEMENT,161.2521,2750.2167,167.9709,161.2521,6.7188,0.05285201,0.05073793,6.7188,161.2521,0.05073793,6.7188,6.7188,6.7188,6.7188,6.7188,161.2521,0.05073793,33.5942,31.012,134.3767,136.9589,0.04228161,0.04309408,0.00211408,12.3184,11.1907,0.6561,5.7921,1.6631,109.5909,8.8276,12.6031,11.6365,10.3271,12.8577,12.9089,14.9574,18.0724,25.8096,12.8577,0.0,1.405577,2.00733,0.958055,24,71,11,3,0.72173164,0.05285201,-0.01844299,0E-8,0.000000,0.901411,0.000000,0.25620951,2026-06-07,2026-08-04,29,101,94,59,0.491525,1.083064,1.023114,2.405772,,,,,,,,GLOBAL_BASELINE_NO_ENTITY_RANKING,,,NOT_APPLICABLE_GLOBAL_BASELINE,HF9g-P5,,,,X 全窗基线 · 不参与实体赏罚,6871787,688,A168_HF9F_20260827_0900,2026-08-27 09:00:00
2026-06-30,141631172,2288,0,77.1460329144,33.5585243178,33.5585243178,0.6666667,6,6,0.49994810000000000,0.499948100000,0.8167508423630434,0.8167508423630434,0.8167508423630434,0E-17,ELIGIBLE,R03b_20260811_FULL_v1,L1_ELIGIBILITY,v2026-08-11,2026-03-21..2026-08-06,baccarat_bet02_101_all_pairs_incl_sentinel,round_win = game_pnl > 0 (decisive only),COMPATIBILITY_ONLY_NOT_PRODUCTION,3178.1371,2864.8090,167.9709,258,256,-0.05285201,0.01844299,-0.23776652,-0.05285201,-167.9709,3178.1371,OK,0.0000,6.7188,4.0000,96.0000,AG03-UNRESOLVED,ALL5_LEVELS_bet23_to_bet27,6.7188,6.7188,6.7188,6.7188,6.7188,4.000000,4.000000,4.000000,4.000000,4.000000,96.000000,96.000000,96.000000,96.000000,96.000000,5.0,33.5942,31.012,134.3767,136.9589,PENDING_AG03,FALSE,NOT_FOR_ENFORCEMENT,161.2521,2750.2167,167.9709,161.2521,6.7188,0.05285201,0.05073793,6.7188,161.2521,0.05073793,6.7188,6.7188,6.7188,6.7188,6.7188,161.2521,0.05073793,33.5942,31.012,134.3767,136.9589,0.04228161,0.04309408,0.00211408,12.3184,11.1907,0.6561,5.7921,1.6631,109.5909,8.8276,12.6031,11.6365,10.3271,12.8577,12.9089,14.9574,18.0724,25.8096,12.8577,0.0,1.405577,2.00733,0.958055,24,71,11,3,0.72173164,0.05285201,-0.01844299,0E-8,0.000000,0.901411,0.000000,0.25620951,2026-06-07,2026-08-04,29,101,94,59,0.491525,1.083064,1.023114,2.405772,,,,,,,,GLOBAL_BASELINE_NO_ENTITY_RANKING,,,NOT_APPLICABLE_GLOBAL_BASELINE,HF9g-P5,,,,X 全窗基线 · 不参与实体赏罚,6871788,688,A168_HF9F_20260827_0900,2026-08-27 09:00:00
2026-06-30,141631172,595,0,38.5730164572,-12.8576721524,-12.8576721524,0.3333333,3,3,0.49771390000000000,0.497713900000,-0.5694369385616226,-0.5694369385616226,-0.5694369385616226,0E-17,ELIGIBLE,R03b_20260811_FULL_v1,L1_ELIGIBILITY,v2026-08-11,2026-03-21..2026-08-06,baccarat_bet02_101_all_pairs_incl_sentinel,round_win = game_pnl > 0 (decisive only),COMPATIBILITY_ONLY_NOT_PRODUCTION,3178.1371,2864.8090,167.9709,258,256,-0.05285201,0.01844299,-0.23776652,-0.05285201,-167.9709,3178.1371,OK,0.0000,6.7188,4.0000,96.0000,AG03-UNRESOLVED,ALL5_LEVELS_bet23_to_bet27,6.7188,6.7188,6.7188,6.7188,6.7188,4.000000,4.000000,4.000000,4.000000,4.000000,96.000000,96.000000,96.000000,96.000000,96.000000,5.0,33.5942,31.012,134.3767,136.9589,PENDING_AG03,FALSE,NOT_FOR_ENFORCEMENT,161.2521,2750.2167,167.9709,161.2521,6.7188,0.05285201,0.05073793,6.7188,161.2521,0.05073793,6.7188,6.7188,6.7188,6.7188,6.7188,161.2521,0.05073793,33.5942,31.012,134.3767,136.9589,0.04228161,0.04309408,0.00211408,12.3184,11.1907,0.6561,5.7921,1.6631,109.5909,8.8276,12.6031,11.6365,10.3271,12.8577,12.9089,14.9574,18.0724,25.8096,12.8577,0.0,1.405577,2.00733,0.958055,24,71,11,3,0.72173164,0.05285201,-0.01844299,0E-8,0.000000,0.901411,0.000000,0.25620951,2026-06-07,2026-08-04,29,101,94,59,0.491525,1.083064,1.023114,2.405772,,,,,,,,GLOBAL_BASELINE_NO_ENTITY_RANKING,,,NOT_APPLICABLE_GLOBAL_BASELINE,HF9g-P5,,,,X 全窗基线 · 不参与实体赏罚,6871789,688,A168_HF9F_20260827_0900,2026-08-27 09:00:00
2026-07-01,141631172,-1,1,13.4443532503,-4.4814510835,-4.4814510835,0.5000000,2,2,0.49324550000000000,0.493245500000,0.01910635448239258,0.01910635448239258,0.01910635448239258,0E-17,SENTINEL_DEALER,R03b_20260811_FULL_v1,L1_ELIGIBILITY,v2026-08-11,2026-03-21..2026-08-06,baccarat_bet02_101_all_pairs_incl_sentinel,round_win = game_pnl > 0 (decisive only),COMPATIBILITY_ONLY_NOT_PRODUCTION,3178.1371,2864.8090,167.9709,258,256,-0.05285201,0.01844299,-0.23776652,-0.05285201,-167.9709,3178.1371,OK,0.0000,6.7188,4.0000,96.0000,AG03-UNRESOLVED,ALL5_LEVELS_bet23_to_bet27,6.7188,6.7188,6.7188,6.7188,6.7188,4.000000,4.000000,4.000000,4.000000,4.000000,96.000000,96.000000,96.000000,96.000000,96.000000,5.0,33.5942,31.012,134.3767,136.9589,PENDING_AG03,FALSE,NOT_FOR_ENFORCEMENT,161.2521,2750.2167,167.9709,161.2521,6.7188,0.05285201,0.05073793,6.7188,161.2521,0.05073793,6.7188,6.7188,6.7188,6.7188,6.7188,161.2521,0.05073793,33.5942,31.012,134.3767,136.9589,0.04228161,0.04309408,0.00211408,12.3184,11.1907,0.6561,5.7921,1.6631,109.5909,8.8276,12.6031,11.6365,10.3271,12.8577,12.9089,14.9574,18.0724,25.8096,12.8577,0.0,1.405577,2.00733,0.958055,24,71,11,3,0.72173164,0.05285201,-0.01844299,0E-8,0.000000,0.901411,0.000000,0.25620951,2026-06-07,2026-08-04,29,101,94,59,0.491525,1.083064,1.023114,2.405772,,,,,,,,GLOBAL_BASELINE_NO_ENTITY_RANKING,,,NOT_APPLICABLE_GLOBAL_BASELINE,HF9g-P5,,,,X 全窗基线 · 不参与实体赏罚,6871790,688,A168_HF9F_20260827_0900,2026-08-27 09:00:00
2026-07-07,141631172,1396,0,30.9813417451,-10.3271139151,-10.3271139151,0.5000000,2,2,0.49994810000000000,0.499948100000,0.00014679536856514622,0.00014679536856514622,0.00014679536856514622,0E-17,ELIGIBLE,R03b_20260811_FULL_v1,L1_ELIGIBILITY,v2026-08-11,2026-03-21..2026-08-06,baccarat_bet02_101_all_pairs_incl_sentinel,round_win = game_pnl > 0 (decisive only),COMPATIBILITY_ONLY_NOT_PRODUCTION,3178.1371,2864.8090,167.9709,258,256,-0.05285201,0.01844299,-0.23776652,-0.05285201,-167.9709,3178.1371,OK,0.0000,6.7188,4.0000,96.0000,AG03-UNRESOLVED,ALL5_LEVELS_bet23_to_bet27,6.7188,6.7188,6.7188,6.7188,6.7188,4.000000,4.000000,4.000000,4.000000,4.000000,96.000000,96.000000,96.000000,96.000000,96.000000,5.0,33.5942,31.012,134.3767,136.9589,PENDING_AG03,FALSE,NOT_FOR_ENFORCEMENT,161.2521,2750.2167,167.9709,161.2521,6.7188,0.05285201,0.05073793,6.7188,161.2521,0.05073793,6.7188,6.7188,6.7188,6.7188,6.7188,161.2521,0.05073793,33.5942,31.012,134.3767,136.9589,0.04228161,0.04309408,0.00211408,12.3184,11.1907,0.6561,5.7921,1.6631,109.5909,8.8276,12.6031,11.6365,10.3271,12.8577,12.9089,14.9574,18.0724,25.8096,12.8577,0.0,1.405577,2.00733,0.958055,24,71,11,3,0.72173164,0.05285201,-0.01844299,0E-8,0.000000,0.901411,0.000000,0.25620951,2026-06-07,2026-08-04,29,101,94,59,0.491525,1.083064,1.023114,2.405772,,,,,,,,GLOBAL_BASELINE_NO_ENTITY_RANKING,,,NOT_APPLICABLE_GLOBAL_BASELINE,HF9g-P5,,,,X 全窗基线 · 不参与实体赏罚,6871791,688,A168_HF9F_20260827_0900,2026-08-27 09:00:00
2026-07-07,141631172,1509,0,12.9088923938,-12.9088923938,-12.9088923938,0E-7,1,1,0.49324550000000000,0.493245500000,-0.9865810262130424,-0.9865810262130424,-0.9865810262130424,0E-17,ELIGIBLE,R03b_20260811_FULL_v1,L1_ELIGIBILITY,v2026-08-11,2026-03-21..2026-08-06,baccarat_bet02_101_all_pairs_incl_sentinel,round_win = game_pnl > 0 (decisive only),COMPATIBILITY_ONLY_NOT_PRODUCTION,3178.1371,2864.8090,167.9709,258,256,-0.05285201,0.01844299,-0.23776652,-0.05285201,-167.9709,3178.1371,OK,0.0000,6.7188,4.0000,96.0000,AG03-UNRESOLVED,ALL5_LEVELS_bet23_to_bet27,6.7188,6.7188,6.7188,6.7188,6.7188,4.000000,4.000000,4.000000,4.000000,4.000000,96.000000,96.000000,96.000000,96.000000,96.000000,5.0,33.5942,31.012,134.3767,136.9589,PENDING_AG03,FALSE,NOT_FOR_ENFORCEMENT,161.2521,2750.2167,167.9709,161.2521,6.7188,0.05285201,0.05073793,6.7188,161.2521,0.05073793,6.7188,6.7188,6.7188,6.7188,6.7188,161.2521,0.05073793,33.5942,31.012,134.3767,136.9589,0.04228161,0.04309408,0.00211408,12.3184,11.1907,0.6561,5.7921,1.6631,109.5909,8.8276,12.6031,11.6365,10.3271,12.8577,12.9089,14.9574,18.0724,25.8096,12.8577,0.0,1.405577,2.00733,0.958055,24,71,11,3,0.72173164,0.05285201,-0.01844299,0E-8,0.000000,0.901411,0.000000,0.25620951,2026-06-07,2026-08-04,29,101,94,59,0.491525,1.083064,1.023114,2.405772,,,,,,,,GLOBAL_BASELINE_NO_ENTITY_RANKING,,,NOT_APPLICABLE_GLOBAL_BASELINE,HF9g-P5,,,,X 全窗基线 · 不参与实体赏罚,6871792,688,A168_HF9F_20260827_0900,2026-08-27 09:00:00
2026-07-07,141631172,2234,0,32.2722309844,-1.8072449351,-1.8072449351,0.5000000,3,3,0.50665070000000000,0.506650700000,-0.018812684590367487,-0.018812684590367487,-0.018812684590367487,0E-17,ELIGIBLE,R03b_20260811_FULL_v1,L1_ELIGIBILITY,v2026-08-11,2026-03-21..2026-08-06,baccarat_bet02_101_all_pairs_incl_sentinel,round_win = game_pnl > 0 (decisive only),COMPATIBILITY_ONLY_NOT_PRODUCTION,3178.1371,2864.8090,167.9709,258,256,-0.05285201,0.01844299,-0.23776652,-0.05285201,-167.9709,3178.1371,OK,0.0000,6.7188,4.0000,96.0000,AG03-UNRESOLVED,ALL5_LEVELS_bet23_to_bet27,6.7188,6.7188,6.7188,6.7188,6.7188,4.000000,4.000000,4.000000,4.000000,4.000000,96.000000,96.000000,96.000000,96.000000,96.000000,5.0,33.5942,31.012,134.3767,136.9589,PENDING_AG03,FALSE,NOT_FOR_ENFORCEMENT,161.2521,2750.2167,167.9709,161.2521,6.7188,0.05285201,0.05073793,6.7188,161.2521,0.05073793,6.7188,6.7188,6.7188,6.7188,6.7188,161.2521,0.05073793,33.5942,31.012,134.3767,136.9589,0.04228161,0.04309408,0.00211408,12.3184,11.1907,0.6561,5.7921,1.6631,109.5909,8.8276,12.6031,11.6365,10.3271,12.8577,12.9089,14.9574,18.0724,25.8096,12.8577,0.0,1.405577,2.00733,0.958055,24,71,11,3,0.72173164,0.05285201,-0.01844299,0E-8,0.000000,0.901411,0.000000,0.25620951,2026-06-07,2026-08-04,29,101,94,59,0.491525,1.083064,1.023114,2.405772,,,,,,,,GLOBAL_BASELINE_NO_ENTITY_RANKING,,,NOT_APPLICABLE_GLOBAL_BASELINE,HF9g-P5,,,,X 全窗基线 · 不参与实体赏罚,6871793,688,A168_HF9F_20260827_0900,2026-08-27 09:00:00
2026-07-09,141631172,-1,1,25.8177847876,0E-10,0E-10,0.5000000,2,2,0.49994810000000000,0.499948100000,0.00014679536856514622,0.00014679536856514622,0.00014679536856514622,0E-17,SENTINEL_DEALER,R03b_20260811_FULL_v1,L1_ELIGIBILITY,v2026-08-11,2026-03-21..2026-08-06,baccarat_bet02_101_all_pairs_incl_sentinel,round_win = game_pnl > 0 (decisive only),COMPATIBILITY_ONLY_NOT_PRODUCTION,3178.1371,2864.8090,167.9709,258,256,-0.05285201,0.01844299,-0.23776652,-0.05285201,-167.9709,3178.1371,OK,0.0000,6.7188,4.0000,96.0000,AG03-UNRESOLVED,ALL5_LEVELS_bet23_to_bet27,6.7188,6.7188,6.7188,6.7188,6.7188,4.000000,4.000000,4.000000,4.000000,4.000000,96.000000,96.000000,96.000000,96.000000,96.000000,5.0,33.5942,31.012,134.3767,136.9589,PENDING_AG03,FALSE,NOT_FOR_ENFORCEMENT,161.2521,2750.2167,167.9709,161.2521,6.7188,0.05285201,0.05073793,6.7188,161.2521,0.05073793,6.7188,6.7188,6.7188,6.7188,6.7188,161.2521,0.05073793,33.5942,31.012,134.3767,136.9589,0.04228161,0.04309408,0.00211408,12.3184,11.1907,0.6561,5.7921,1.6631,109.5909,8.8276,12.6031,11.6365,10.3271,12.8577,12.9089,14.9574,18.0724,25.8096,12.8577,0.0,1.405577,2.00733,0.958055,24,71,11,3,0.72173164,0.05285201,-0.01844299,0E-8,0.000000,0.901411,0.000000,0.25620951,2026-06-07,2026-08-04,29,101,94,59,0.491525,1.083064,1.023114,2.405772,,,,,,,,GLOBAL_BASELINE_NO_ENTITY_RANKING,,,NOT_APPLICABLE_GLOBAL_BASELINE,HF9g-P5,,,,X 全窗基线 · 不参与实体赏罚,6871794,688,A168_HF9F_20260827_0900,2026-08-27 09:00:00
2026-07-09,141631172,1087,0,89.0713575172,49.0537910964,49.0537910964,0.8571429,8,8,0.49994810000000000,0.499948100000,1.890097004214593,1.890097004214593,1.890097004214593,0E-17,ELIGIBLE,R03b_20260811_FULL_v1,L1_ELIGIBILITY,v2026-08-11,2026-03-21..2026-08-06,baccarat_bet02_101_all_pairs_incl_sentinel,round_win = game_pnl > 0 (decisive only),COMPATIBILITY_ONLY_NOT_PRODUCTION,3178.1371,2864.8090,167.9709,258,256,-0.05285201,0.01844299,-0.23776652,-0.05285201,-167.9709,3178.1371,OK,0.0000,6.7188,4.0000,96.0000,AG03-UNRESOLVED,ALL5_LEVELS_bet23_to_bet27,6.7188,6.7188,6.7188,6.7188,6.7188,4.000000,4.000000,4.000000,4.000000,4.000000,96.000000,96.000000,96.000000,96.000000,96.000000,5.0,33.5942,31.012,134.3767,136.9589,PENDING_AG03,FALSE,NOT_FOR_ENFORCEMENT,161.2521,2750.2167,167.9709,161.2521,6.7188,0.05285201,0.05073793,6.7188,161.2521,0.05073793,6.7188,6.7188,6.7188,6.7188,6.7188,161.2521,0.05073793,33.5942,31.012,134.3767,136.9589,0.04228161,0.04309408,0.00211408,12.3184,11.1907,0.6561,5.7921,1.6631,109.5909,8.8276,12.6031,11.6365,10.3271,12.8577,12.9089,14.9574,18.0724,25.8096,12.8577,0.0,1.405577,2.00733,0.958055,24,71,11,3,0.72173164,0.05285201,-0.01844299,0E-8,0.000000,0.901411,0.000000,0.25620951,2026-06-07,2026-08-04,29,101,94,59,0.491525,1.083064,1.023114,2.405772,,,,,,,,GLOBAL_BASELINE_NO_ENTITY_RANKING,,,NOT_APPLICABLE_GLOBAL_BASELINE,HF9g-P5,,,,X 全窗基线 · 不参与实体赏罚,6871795,688,A168_HF9F_20260827_0900,2026-08-27 09:00:00
2026-07-09,141631172,1157,0,11.6180031544,11.0371029967,11.0371029967,1.0000000,1,1,0.50665070000000000,0.506650700000,0.9867858985152569,0.9867858985152569,0.9867858985152569,0E-17,ELIGIBLE,R03b_20260811_FULL_v1,L1_ELIGIBILITY,v2026-08-11,2026-03-21..2026-08-06,baccarat_bet02_101_all_pairs_incl_sentinel,round_win = game_pnl > 0 (decisive only),COMPATIBILITY_ONLY_NOT_PRODUCTION,3178.1371,2864.8090,167.9709,258,256,-0.05285201,0.01844299,-0.23776652,-0.05285201,-167.9709,3178.1371,OK,0.0000,6.7188,4.0000,96.0000,AG03-UNRESOLVED,ALL5_LEVELS_bet23_to_bet27,6.7188,6.7188,6.7188,6.7188,6.7188,4.000000,4.000000,4.000000,4.000000,4.000000,96.000000,96.000000,96.000000,96.000000,96.000000,5.0,33.5942,31.012,134.3767,136.9589,PENDING_AG03,FALSE,NOT_FOR_ENFORCEMENT,161.2521,2750.2167,167.9709,161.2521,6.7188,0.05285201,0.05073793,6.7188,161.2521,0.05073793,6.7188,6.7188,6.7188,6.7188,6.7188,161.2521,0.05073793,33.5942,31.012,134.3767,136.9589,0.04228161,0.04309408,0.00211408,12.3184,11.1907,0.6561,5.7921,1.6631,109.5909,8.8276,12.6031,11.6365,10.3271,12.8577,12.9089,14.9574,18.0724,25.8096,12.8577,0.0,1.405577,2.00733,0.958055,24,71,11,3,0.72173164,0.05285201,-0.01844299,0E-8,0.000000,0.901411,0.000000,0.25620951,2026-06-07,2026-08-04,29,101,94,59,0.491525,1.083064,1.023114,2.405772,,,,,,,,GLOBAL_BASELINE_NO_ENTITY_RANKING,,,NOT_APPLICABLE_GLOBAL_BASELINE,HF9g-P5,,,,X 全窗基线 · 不参与实体赏罚,6871796,688,A168_HF9F_20260827_0900,2026-08-27 09:00:00
2026-07-09,141631172,1325,0,51.6355695752,25.1723401679,25.1723401679,0.7500000,4,4,0.49994810000000000,0.499948100000,1.0002076053883384,1.0002076053883384,1.0002076053883384,0E-17,ELIGIBLE,R03b_20260811_FULL_v1,L1_ELIGIBILITY,v2026-08-11,2026-03-21..2026-08-06,baccarat_bet02_101_all_pairs_incl_sentinel,round_win = game_pnl > 0 (decisive only),COMPATIBILITY_ONLY_NOT_PRODUCTION,3178.1371,2864.8090,167.9709,258,256,-0.05285201,0.01844299,-0.23776652,-0.05285201,-167.9709,3178.1371,OK,0.0000,6.7188,4.0000,96.0000,AG03-UNRESOLVED,ALL5_LEVELS_bet23_to_bet27,6.7188,6.7188,6.7188,6.7188,6.7188,4.000000,4.000000,4.000000,4.000000,4.000000,96.000000,96.000000,96.000000,96.000000,96.000000,5.0,33.5942,31.012,134.3767,136.9589,PENDING_AG03,FALSE,NOT_FOR_ENFORCEMENT,161.2521,2750.2167,167.9709,161.2521,6.7188,0.05285201,0.05073793,6.7188,161.2521,0.05073793,6.7188,6.7188,6.7188,6.7188,6.7188,161.2521,0.05073793,33.5942,31.012,134.3767,136.9589,0.04228161,0.04309408,0.00211408,12.3184,11.1907,0.6561,5.7921,1.6631,109.5909,8.8276,12.6031,11.6365,10.3271,12.8577,12.9089,14.9574,18.0724,25.8096,12.8577,0.0,1.405577,2.00733,0.958055,24,71,11,3,0.72173164,0.05285201,-0.01844299,0E-8,0.000000,0.901411,0.000000,0.25620951,2026-06-07,2026-08-04,29,101,94,59,0.491525,1.083064,1.023114,2.405772,,,,,,,,GLOBAL_BASELINE_NO_ENTITY_RANKING,,,NOT_APPLICABLE_GLOBAL_BASELINE,HF9g-P5,,,,X 全窗基线 · 不参与实体赏罚,6871797,688,A168_HF9F_20260827_0900,2026-08-27 09:00:00
2026-07-09,141631172,1990,0,41.0998479591,1.6090676191,1.6090676191,0.5000000,3,3,0.50665070000000000,0.506650700000,-0.018812684590367487,-0.018812684590367487,-0.018812684590367487,0E-17,ELIGIBLE,R03b_20260811_FULL_v1,L1_ELIGIBILITY,v2026-08-11,2026-03-21..2026-08-06,baccarat_bet02_101_all_pairs_incl_sentinel,round_win = game_pnl > 0 (decisive only),COMPATIBILITY_ONLY_NOT_PRODUCTION,3178.1371,2864.8090,167.9709,258,256,-0.05285201,0.01844299,-0.23776652,-0.05285201,-167.9709,3178.1371,OK,0.0000,6.7188,4.0000,96.0000,AG03-UNRESOLVED,ALL5_LEVELS_bet23_to_bet27,6.7188,6.7188,6.7188,6.7188,6.7188,4.000000,4.000000,4.000000,4.000000,4.000000,96.000000,96.000000,96.000000,96.000000,96.000000,5.0,33.5942,31.012,134.3767,136.9589,PENDING_AG03,FALSE,NOT_FOR_ENFORCEMENT,161.2521,2750.2167,167.9709,161.2521,6.7188,0.05285201,0.05073793,6.7188,161.2521,0.05073793,6.7188,6.7188,6.7188,6.7188,6.7188,161.2521,0.05073793,33.5942,31.012,134.3767,136.9589,0.04228161,0.04309408,0.00211408,12.3184,11.1907,0.6561,5.7921,1.6631,109.5909,8.8276,12.6031,11.6365,10.3271,12.8577,12.9089,14.9574,18.0724,25.8096,12.8577,0.0,1.405577,2.00733,0.958055,24,71,11,3,0.72173164,0.05285201,-0.01844299,0E-8,0.000000,0.901411,0.000000,0.25620951,2026-06-07,2026-08-04,29,101,94,59,0.491525,1.083064,1.023114,2.405772,,,,,,,,GLOBAL_BASELINE_NO_ENTITY_RANKING,,,NOT_APPLICABLE_GLOBAL_BASELINE,HF9g-P5,,,,X 全窗基线 · 不参与实体赏罚,6871798,688,A168_HF9F_20260827_0900,2026-08-27 09:00:00
2026-07-09,141631172,2117,0,25.8177847876,0E-10,0E-10,0.5000000,2,2,0.49994810000000000,0.499948100000,0.00014679536856514622,0.00014679536856514622,0.00014679536856514622,0E-17,ELIGIBLE,R03b_20260811_FULL_v1,L1_ELIGIBILITY,v2026-08-11,2026-03-21..2026-08-06,baccarat_bet02_101_all_pairs_incl_sentinel,round_win = game_pnl > 0 (decisive only),COMPATIBILITY_ONLY_NOT_PRODUCTION,3178.1371,2864.8090,167.9709,258,256,-0.05285201,0.01844299,-0.23776652,-0.05285201,-167.9709,3178.1371,OK,0.0000,6.7188,4.0000,96.0000,AG03-UNRESOLVED,ALL5_LEVELS_bet23_to_bet27,6.7188,6.7188,6.7188,6.7188,6.7188,4.000000,4.000000,4.000000,4.000000,4.000000,96.000000,96.000000,96.000000,96.000000,96.000000,5.0,33.5942,31.012,134.3767,136.9589,PENDING_AG03,FALSE,NOT_FOR_ENFORCEMENT,161.2521,2750.2167,167.9709,161.2521,6.7188,0.05285201,0.05073793,6.7188,161.2521,0.05073793,6.7188,6.7188,6.7188,6.7188,6.7188,161.2521,0.05073793,33.5942,31.012,134.3767,136.9589,0.04228161,0.04309408,0.00211408,12.3184,11.1907,0.6561,5.7921,1.6631,109.5909,8.8276,12.6031,11.6365,10.3271,12.8577,12.9089,14.9574,18.0724,25.8096,12.8577,0.0,1.405577,2.00733,0.958055,24,71,11,3,0.72173164,0.05285201,-0.01844299,0E-8,0.000000,0.901411,0.000000,0.25620951,2026-06-07,2026-08-04,29,101,94,59,0.491525,1.083064,1.023114,2.405772,,,,,,,,GLOBAL_BASELINE_NO_ENTITY_RANKING,,,NOT_APPLICABLE_GLOBAL_BASELINE,HF9g-P5,,,,X 全窗基线 · 不参与实体赏罚,6871799,688,A168_HF9F_20260827_0900,2026-08-27 09:00:00
2026-07-09,141631172,2129,0,82.6169113203,1.4199781633,1.4199781633,0.5000000,7,7,0.49899058571428571,0.498990585714,0.004945109955477372,0.0049451099568770685,0.004945109955477372,2.8571E-13,ELIGIBLE,R03b_20260811_FULL_v1,L1_ELIGIBILITY,v2026-08-11,2026-03-21..2026-08-06,baccarat_bet02_101_all_pairs_incl_sentinel,round_win = game_pnl > 0 (decisive only),COMPATIBILITY_ONLY_NOT_PRODUCTION,3178.1371,2864.8090,167.9709,258,256,-0.05285201,0.01844299,-0.23776652,-0.05285201,-167.9709,3178.1371,OK,0.0000,6.7188,4.0000,96.0000,AG03-UNRESOLVED,ALL5_LEVELS_bet23_to_bet27,6.7188,6.7188,6.7188,6.7188,6.7188,4.000000,4.000000,4.000000,4.000000,4.000000,96.000000,96.000000,96.000000,96.000000,96.000000,5.0,33.5942,31.012,134.3767,136.9589,PENDING_AG03,FALSE,NOT_FOR_ENFORCEMENT,161.2521,2750.2167,167.9709,161.2521,6.7188,0.05285201,0.05073793,6.7188,161.2521,0.05073793,6.7188,6.7188,6.7188,6.7188,6.7188,161.2521,0.05073793,33.5942,31.012,134.3767,136.9589,0.04228161,0.04309408,0.00211408,12.3184,11.1907,0.6561,5.7921,1.6631,109.5909,8.8276,12.6031,11.6365,10.3271,12.8577,12.9089,14.9574,18.0724,25.8096,12.8577,0.0,1.405577,2.00733,0.958055,24,71,11,3,0.72173164,0.05285201,-0.01844299,0E-8,0.000000,0.901411,0.000000,0.25620951,2026-06-07,2026-08-04,29,101,94,59,0.491525,1.083064,1.023114,2.405772,,,,,,,,GLOBAL_BASELINE_NO_ENTITY_RANKING,,,NOT_APPLICABLE_GLOBAL_BASELINE,HF9g-P5,,,,X 全窗基线 · 不参与实体赏罚,6871800,688,A168_HF9F_20260827_0900,2026-08-27 09:00:00
2026-07-09,141631172,2134,0,50.3446803358,-37.4357879420,-37.4357879420,0E-7,4,4,0.50665070000000000,0.506650700000,-1.7552447903592512,-1.7552447903592512,-1.7552447903592512,0E-17,ELIGIBLE,R03b_20260811_FULL_v1,L1_ELIGIBILITY,v2026-08-11,2026-03-21..2026-08-06,baccarat_bet02_101_all_pairs_incl_sentinel,round_win = game_pnl > 0 (decisive only),COMPATIBILITY_ONLY_NOT_PRODUCTION,3178.1371,2864.8090,167.9709,258,256,-0.05285201,0.01844299,-0.23776652,-0.05285201,-167.9709,3178.1371,OK,0.0000,6.7188,4.0000,96.0000,AG03-UNRESOLVED,ALL5_LEVELS_bet23_to_bet27,6.7188,6.7188,6.7188,6.7188,6.7188,4.000000,4.000000,4.000000,4.000000,4.000000,96.000000,96.000000,96.000000,96.000000,96.000000,5.0,33.5942,31.012,134.3767,136.9589,PENDING_AG03,FALSE,NOT_FOR_ENFORCEMENT,161.2521,2750.2167,167.9709,161.2521,6.7188,0.05285201,0.05073793,6.7188,161.2521,0.05073793,6.7188,6.7188,6.7188,6.7188,6.7188,161.2521,0.05073793,33.5942,31.012,134.3767,136.9589,0.04228161,0.04309408,0.00211408,12.3184,11.1907,0.6561,5.7921,1.6631,109.5909,8.8276,12.6031,11.6365,10.3271,12.8577,12.9089,14.9574,18.0724,25.8096,12.8577,0.0,1.405577,2.00733,0.958055,24,71,11,3,0.72173164,0.05285201,-0.01844299,0E-8,0.000000,0.901411,0.000000,0.25620951,2026-06-07,2026-08-04,29,101,94,59,0.491525,1.083064,1.023114,2.405772,,,,,,,,GLOBAL_BASELINE_NO_ENTITY_RANKING,,,NOT_APPLICABLE_GLOBAL_BASELINE,HF9g-P5,,,,X 全窗基线 · 不参与实体赏罚,6871801,688,A168_HF9F_20260827_0900,2026-08-27 09:00:00
2026-07-09,141631172,2212,0,76.1624651234,0E-10,0E-10,0.5000000,6,6,0.49994810000000000,0.499948100000,0.00020760000111838688,0.00020760000111838688,0.00020760000111838688,0E-17,ELIGIBLE,R03b_20260811_FULL_v1,L1_ELIGIBILITY,v2026-08-11,2026-03-21..2026-08-06,baccarat_bet02_101_all_pairs_incl_sentinel,round_win = game_pnl > 0 (decisive only),COMPATIBILITY_ONLY_NOT_PRODUCTION,3178.1371,2864.8090,167.9709,258,256,-0.05285201,0.01844299,-0.23776652,-0.05285201,-167.9709,3178.1371,OK,0.0000,6.7188,4.0000,96.0000,AG03-UNRESOLVED,ALL5_LEVELS_bet23_to_bet27,6.7188,6.7188,6.7188,6.7188,6.7188,4.000000,4.000000,4.000000,4.000000,4.000000,96.000000,96.000000,96.000000,96.000000,96.000000,5.0,33.5942,31.012,134.3767,136.9589,PENDING_AG03,FALSE,NOT_FOR_ENFORCEMENT,161.2521,2750.2167,167.9709,161.2521,6.7188,0.05285201,0.05073793,6.7188,161.2521,0.05073793,6.7188,6.7188,6.7188,6.7188,6.7188,161.2521,0.05073793,33.5942,31.012,134.3767,136.9589,0.04228161,0.04309408,0.00211408,12.3184,11.1907,0.6561,5.7921,1.6631,109.5909,8.8276,12.6031,11.6365,10.3271,12.8577,12.9089,14.9574,18.0724,25.8096,12.8577,0.0,1.405577,2.00733,0.958055,24,71,11,3,0.72173164,0.05285201,-0.01844299,0E-8,0.000000,0.901411,0.000000,0.25620951,2026-06-07,2026-08-04,29,101,94,59,0.491525,1.083064,1.023114,2.405772,,,,,,,,GLOBAL_BASELINE_NO_ENTITY_RANKING,,,NOT_APPLICABLE_GLOBAL_BASELINE,HF9g-P5,,,,X 全窗基线 · 不参与实体赏罚,6871802,688,A168_HF9F_20260827_0900,2026-08-27 09:00:00
2026-07-09,141631172,2220,0,82.6169113203,28.6577411142,28.6577411142,0.6666667,6,6,0.50218230000000000,0.502182300000,0.8058132132962729,0.8058132132962729,0.8058132132962729,0E-17,ELIGIBLE,R03b_20260811_FULL_v1,L1_ELIGIBILITY,v2026-08-11,2026-03-21..2026-08-06,baccarat_bet02_101_all_pairs_incl_sentinel,round_win = game_pnl > 0 (decisive only),COMPATIBILITY_ONLY_NOT_PRODUCTION,3178.1371,2864.8090,167.9709,258,256,-0.05285201,0.01844299,-0.23776652,-0.05285201,-167.9709,3178.1371,OK,0.0000,6.7188,4.0000,96.0000,AG03-UNRESOLVED,ALL5_LEVELS_bet23_to_bet27,6.7188,6.7188,6.7188,6.7188,6.7188,4.000000,4.000000,4.000000,4.000000,4.000000,96.000000,96.000000,96.000000,96.000000,96.000000,5.0,33.5942,31.012,134.3767,136.9589,PENDING_AG03,FALSE,NOT_FOR_ENFORCEMENT,161.2521,2750.2167,167.9709,161.2521,6.7188,0.05285201,0.05073793,6.7188,161.2521,0.05073793,6.7188,6.7188,6.7188,6.7188,6.7188,161.2521,0.05073793,33.5942,31.012,134.3767,136.9589,0.04228161,0.04309408,0.00211408,12.3184,11.1907,0.6561,5.7921,1.6631,109.5909,8.8276,12.6031,11.6365,10.3271,12.8577,12.9089,14.9574,18.0724,25.8096,12.8577,0.0,1.405577,2.00733,0.958055,24,71,11,3,0.72173164,0.05285201,-0.01844299,0E-8,0.000000,0.901411,0.000000,0.25620951,2026-06-07,2026-08-04,29,101,94,59,0.491525,1.083064,1.023114,2.405772,,,,,,,,GLOBAL_BASELINE_NO_ENTITY_RANKING,,,NOT_APPLICABLE_GLOBAL_BASELINE,HF9g-P5,,,,X 全窗基线 · 不参与实体赏罚,6871803,688,A168_HF9F_20260827_0900,2026-08-27 09:00:00
2026-07-09,141631172,2261,0,11.6180031544,-11.6180031544,-11.6180031544,0E-7,1,1,0.50665070000000000,0.506650700000,-1.013391052207602,-1.013391052207602,-1.013391052207602,0E-17,ELIGIBLE,R03b_20260811_FULL_v1,L1_ELIGIBILITY,v2026-08-11,2026-03-21..2026-08-06,baccarat_bet02_101_all_pairs_incl_sentinel,round_win = game_pnl > 0 (decisive only),COMPATIBILITY_ONLY_NOT_PRODUCTION,3178.1371,2864.8090,167.9709,258,256,-0.05285201,0.01844299,-0.23776652,-0.05285201,-167.9709,3178.1371,OK,0.0000,6.7188,4.0000,96.0000,AG03-UNRESOLVED,ALL5_LEVELS_bet23_to_bet27,6.7188,6.7188,6.7188,6.7188,6.7188,4.000000,4.000000,4.000000,4.000000,4.000000,96.000000,96.000000,96.000000,96.000000,96.000000,5.0,33.5942,31.012,134.3767,136.9589,PENDING_AG03,FALSE,NOT_FOR_ENFORCEMENT,161.2521,2750.2167,167.9709,161.2521,6.7188,0.05285201,0.05073793,6.7188,161.2521,0.05073793,6.7188,6.7188,6.7188,6.7188,6.7188,161.2521,0.05073793,33.5942,31.012,134.3767,136.9589,0.04228161,0.04309408,0.00211408,12.3184,11.1907,0.6561,5.7921,1.6631,109.5909,8.8276,12.6031,11.6365,10.3271,12.8577,12.9089,14.9574,18.0724,25.8096,12.8577,0.0,1.405577,2.00733,0.958055,24,71,11,3,0.72173164,0.05285201,-0.01844299,0E-8,0.000000,0.901411,0.000000,0.25620951,2026-06-07,2026-08-04,29,101,94,59,0.491525,1.083064,1.023114,2.405772,,,,,,,,GLOBAL_BASELINE_NO_ENTITY_RANKING,,,NOT_APPLICABLE_GLOBAL_BASELINE,HF9g-P5,,,,X 全窗基线 · 不参与实体赏罚,6871804,688,A168_HF9F_20260827_0900,2026-08-27 09:00:00
2026-07-09,141631172,2280,0,38.7266771814,0E-10,0E-10,0.5000000,3,3,0.49771390000000000,0.497713900000,0.006466134837551399,0.0064661348375514,0.006466134837551399,0E-17,ELIGIBLE,R03b_20260811_FULL_v1,L1_ELIGIBILITY,v2026-08-11,2026-03-21..2026-08-06,baccarat_bet02_101_all_pairs_incl_sentinel,round_win = game_pnl > 0 (decisive only),COMPATIBILITY_ONLY_NOT_PRODUCTION,3178.1371,2864.8090,167.9709,258,256,-0.05285201,0.01844299,-0.23776652,-0.05285201,-167.9709,3178.1371,OK,0.0000,6.7188,4.0000,96.0000,AG03-UNRESOLVED,ALL5_LEVELS_bet23_to_bet27,6.7188,6.7188,6.7188,6.7188,6.7188,4.000000,4.000000,4.000000,4.000000,4.000000,96.000000,96.000000,96.000000,96.000000,96.000000,5.0,33.5942,31.012,134.3767,136.9589,PENDING_AG03,FALSE,NOT_FOR_ENFORCEMENT,161.2521,2750.2167,167.9709,161.2521,6.7188,0.05285201,0.05073793,6.7188,161.2521,0.05073793,6.7188,6.7188,6.7188,6.7188,6.7188,161.2521,0.05073793,33.5942,31.012,134.3767,136.9589,0.04228161,0.04309408,0.00211408,12.3184,11.1907,0.6561,5.7921,1.6631,109.5909,8.8276,12.6031,11.6365,10.3271,12.8577,12.9089,14.9574,18.0724,25.8096,12.8577,0.0,1.405577,2.00733,0.958055,24,71,11,3,0.72173164,0.05285201,-0.01844299,0E-8,0.000000,0.901411,0.000000,0.25620951,2026-06-07,2026-08-04,29,101,94,59,0.491525,1.083064,1.023114,2.405772,,,,,,,,GLOBAL_BASELINE_NO_ENTITY_RANKING,,,NOT_APPLICABLE_GLOBAL_BASELINE,HF9g-P5,,,,X 全窗基线 · 不参与实体赏罚,6871805,688,A168_HF9F_20260827_0900,2026-08-27 09:00:00
2026-07-09,141631172,2289,0,25.8177847876,12.9088923938,12.9088923938,1.0000000,2,2,0.49324550000000000,0.493245500000,1.01360149184955,1.01360149184955,1.01360149184955,0E-17,ELIGIBLE,R03b_20260811_FULL_v1,L1_ELIGIBILITY,v2026-08-11,2026-03-21..2026-08-06,baccarat_bet02_101_all_pairs_incl_sentinel,round_win = game_pnl > 0 (decisive only),COMPATIBILITY_ONLY_NOT_PRODUCTION,3178.1371,2864.8090,167.9709,258,256,-0.05285201,0.01844299,-0.23776652,-0.05285201,-167.9709,3178.1371,OK,0.0000,6.7188,4.0000,96.0000,AG03-UNRESOLVED,ALL5_LEVELS_bet23_to_bet27,6.7188,6.7188,6.7188,6.7188,6.7188,4.000000,4.000000,4.000000,4.000000,4.000000,96.000000,96.000000,96.000000,96.000000,96.000000,5.0,33.5942,31.012,134.3767,136.9589,PENDING_AG03,FALSE,NOT_FOR_ENFORCEMENT,161.2521,2750.2167,167.9709,161.2521,6.7188,0.05285201,0.05073793,6.7188,161.2521,0.05073793,6.7188,6.7188,6.7188,6.7188,6.7188,161.2521,0.05073793,33.5942,31.012,134.3767,136.9589,0.04228161,0.04309408,0.00211408,12.3184,11.1907,0.6561,5.7921,1.6631,109.5909,8.8276,12.6031,11.6365,10.3271,12.8577,12.9089,14.9574,18.0724,25.8096,12.8577,0.0,1.405577,2.00733,0.958055,24,71,11,3,0.72173164,0.05285201,-0.01844299,0E-8,0.000000,0.901411,0.000000,0.25620951,2026-06-07,2026-08-04,29,101,94,59,0.491525,1.083064,1.023114,2.405772,,,,,,,,GLOBAL_BASELINE_NO_ENTITY_RANKING,,,NOT_APPLICABLE_GLOBAL_BASELINE,HF9g-P5,,,,X 全窗基线 · 不参与实体赏罚,6871806,688,A168_HF9F_20260827_0900,2026-08-27 09:00:00
2026-07-09,141631172,529,0,55.9848336005,3.7038194056,3.7038194056,0.5000000,4,4,0.49994810000000000,0.499948100000,0.00020760000111838688,0.00020760000111838688,0.00020760000111838688,0E-17,ELIGIBLE,R03b_20260811_FULL_v1,L1_ELIGIBILITY,v2026-08-11,2026-03-21..2026-08-06,baccarat_bet02_101_all_pairs_incl_sentinel,round_win = game_pnl > 0 (decisive only),COMPATIBILITY_ONLY_NOT_PRODUCTION,3178.1371,2864.8090,167.9709,258,256,-0.05285201,0.01844299,-0.23776652,-0.05285201,-167.9709,3178.1371,OK,0.0000,6.7188,4.0000,96.0000,AG03-UNRESOLVED,ALL5_LEVELS_bet23_to_bet27,6.7188,6.7188,6.7188,6.7188,6.7188,4.000000,4.000000,4.000000,4.000000,4.000000,96.000000,96.000000,96.000000,96.000000,96.000000,5.0,33.5942,31.012,134.3767,136.9589,PENDING_AG03,FALSE,NOT_FOR_ENFORCEMENT,161.2521,2750.2167,167.9709,161.2521,6.7188,0.05285201,0.05073793,6.7188,161.2521,0.05073793,6.7188,6.7188,6.7188,6.7188,6.7188,161.2521,0.05073793,33.5942,31.012,134.3767,136.9589,0.04228161,0.04309408,0.00211408,12.3184,11.1907,0.6561,5.7921,1.6631,109.5909,8.8276,12.6031,11.6365,10.3271,12.8577,12.9089,14.9574,18.0724,25.8096,12.8577,0.0,1.405577,2.00733,0.958055,24,71,11,3,0.72173164,0.05285201,-0.01844299,0E-8,0.000000,0.901411,0.000000,0.25620951,2026-06-07,2026-08-04,29,101,94,59,0.491525,1.083064,1.023114,2.405772,,,,,,,,GLOBAL_BASELINE_NO_ENTITY_RANKING,,,NOT_APPLICABLE_GLOBAL_BASELINE,HF9g-P5,,,,X 全窗基线 · 不参与实体赏罚,6871807,688,A168_HF9F_20260827_0900,2026-08-27 09:00:00
2026-07-09,141631172,595,0,46.4720126176,-5.6799126533,-5.6799126533,0.5000000,4,4,0.49659680000000000,0.496596800000,0.013613115331600182,0.013613115331600183,0.013613115331600182,0E-17,ELIGIBLE,R03b_20260811_FULL_v1,L1_ELIGIBILITY,v2026-08-11,2026-03-21..2026-08-06,baccarat_bet02_101_all_pairs_incl_sentinel,round_win = game_pnl > 0 (decisive only),COMPATIBILITY_ONLY_NOT_PRODUCTION,3178.1371,2864.8090,167.9709,258,256,-0.05285201,0.01844299,-0.23776652,-0.05285201,-167.9709,3178.1371,OK,0.0000,6.7188,4.0000,96.0000,AG03-UNRESOLVED,ALL5_LEVELS_bet23_to_bet27,6.7188,6.7188,6.7188,6.7188,6.7188,4.000000,4.000000,4.000000,4.000000,4.000000,96.000000,96.000000,96.000000,96.000000,96.000000,5.0,33.5942,31.012,134.3767,136.9589,PENDING_AG03,FALSE,NOT_FOR_ENFORCEMENT,161.2521,2750.2167,167.9709,161.2521,6.7188,0.05285201,0.05073793,6.7188,161.2521,0.05073793,6.7188,6.7188,6.7188,6.7188,6.7188,161.2521,0.05073793,33.5942,31.012,134.3767,136.9589,0.04228161,0.04309408,0.00211408,12.3184,11.1907,0.6561,5.7921,1.6631,109.5909,8.8276,12.6031,11.6365,10.3271,12.8577,12.9089,14.9574,18.0724,25.8096,12.8577,0.0,1.405577,2.00733,0.958055,24,71,11,3,0.72173164,0.05285201,-0.01844299,0E-8,0.000000,0.901411,0.000000,0.25620951,2026-06-07,2026-08-04,29,101,94,59,0.491525,1.083064,1.023114,2.405772,,,,,,,,GLOBAL_BASELINE_NO_ENTITY_RANKING,,,NOT_APPLICABLE_GLOBAL_BASELINE,HF9g-P5,,,,X 全窗基线 · 不参与实体赏罚,6871808,688,A168_HF9F_20260827_0900,2026-08-27 09:00:00
2026-07-09,141631172,925,0,24.5268955482,0.6454446197,0.6454446197,0.5000000,2,2,0.50665070000000000,0.506650700000,-0.018812684590367487,-0.018812684590367487,-0.018812684590367487,0E-17,ELIGIBLE,R03b_20260811_FULL_v1,L1_ELIGIBILITY,v2026-08-11,2026-03-21..2026-08-06,baccarat_bet02_101_all_pairs_incl_sentinel,round_win = game_pnl > 0 (decisive only),COMPATIBILITY_ONLY_NOT_PRODUCTION,3178.1371,2864.8090,167.9709,258,256,-0.05285201,0.01844299,-0.23776652,-0.05285201,-167.9709,3178.1371,OK,0.0000,6.7188,4.0000,96.0000,AG03-UNRESOLVED,ALL5_LEVELS_bet23_to_bet27,6.7188,6.7188,6.7188,6.7188,6.7188,4.000000,4.000000,4.000000,4.000000,4.000000,96.000000,96.000000,96.000000,96.000000,96.000000,5.0,33.5942,31.012,134.3767,136.9589,PENDING_AG03,FALSE,NOT_FOR_ENFORCEMENT,161.2521,2750.2167,167.9709,161.2521,6.7188,0.05285201,0.05073793,6.7188,161.2521,0.05073793,6.7188,6.7188,6.7188,6.7188,6.7188,161.2521,0.05073793,33.5942,31.012,134.3767,136.9589,0.04228161,0.04309408,0.00211408,12.3184,11.1907,0.6561,5.7921,1.6631,109.5909,8.8276,12.6031,11.6365,10.3271,12.8577,12.9089,14.9574,18.0724,25.8096,12.8577,0.0,1.405577,2.00733,0.958055,24,71,11,3,0.72173164,0.05285201,-0.01844299,0E-8,0.000000,0.901411,0.000000,0.25620951,2026-06-07,2026-08-04,29,101,94,59,0.491525,1.083064,1.023114,2.405772,,,,,,,,GLOBAL_BASELINE_NO_ENTITY_RANKING,,,NOT_APPLICABLE_GLOBAL_BASELINE,HF9g-P5,,,,X 全窗基线 · 不参与实体赏罚,6871809,688,A168_HF9F_20260827_0900,2026-08-27 09:00:00
2026-07-09,141631172,987,0,51.1971835895,-13.0828268099,-13.0828268099,0.3333333,4,4,0.50329940000000000,0.503299400000,-0.5887925454369916,-0.5887925454369916,-0.5887925454369916,0E-17,ELIGIBLE,R03b_20260811_FULL_v1,L1_ELIGIBILITY,v2026-08-11,2026-03-21..2026-08-06,baccarat_bet02_101_all_pairs_incl_sentinel,round_win = game_pnl > 0 (decisive only),COMPATIBILITY_ONLY_NOT_PRODUCTION,3178.1371,2864.8090,167.9709,258,256,-0.05285201,0.01844299,-0.23776652,-0.05285201,-167.9709,3178.1371,OK,0.0000,6.7188,4.0000,96.0000,AG03-UNRESOLVED,ALL5_LEVELS_bet23_to_bet27,6.7188,6.7188,6.7188,6.7188,6.7188,4.000000,4.000000,4.000000,4.000000,4.000000,96.000000,96.000000,96.000000,96.000000,96.000000,5.0,33.5942,31.012,134.3767,136.9589,PENDING_AG03,FALSE,NOT_FOR_ENFORCEMENT,161.2521,2750.2167,167.9709,161.2521,6.7188,0.05285201,0.05073793,6.7188,161.2521,0.05073793,6.7188,6.7188,6.7188,6.7188,6.7188,161.2521,0.05073793,33.5942,31.012,134.3767,136.9589,0.04228161,0.04309408,0.00211408,12.3184,11.1907,0.6561,5.7921,1.6631,109.5909,8.8276,12.6031,11.6365,10.3271,12.8577,12.9089,14.9574,18.0724,25.8096,12.8577,0.0,1.405577,2.00733,0.958055,24,71,11,3,0.72173164,0.05285201,-0.01844299,0E-8,0.000000,0.901411,0.000000,0.25620951,2026-06-07,2026-08-04,29,101,94,59,0.491525,1.083064,1.023114,2.405772,,,,,,,,GLOBAL_BASELINE_NO_ENTITY_RANKING,,,NOT_APPLICABLE_GLOBAL_BASELINE,HF9g-P5,,,,X 全窗基线 · 不参与实体赏罚,6871810,688,A168_HF9F_20260827_0900,2026-08-27 09:00:00
2026-07-10,141631172,1957,0,36.1448987026,-10.3271139150,-10.3271139150,0.3333333,3,3,0.49324550000000000,0.493245500000,-0.5540025479526107,-0.5540025479526106,-0.5540025479526107,0E-17,ELIGIBLE,R03b_20260811_FULL_v1,L1_ELIGIBILITY,v2026-08-11,2026-03-21..2026-08-06,baccarat_bet02_101_all_pairs_incl_sentinel,round_win = game_pnl > 0 (decisive only),COMPATIBILITY_ONLY_NOT_PRODUCTION,3178.1371,2864.8090,167.9709,258,256,-0.05285201,0.01844299,-0.23776652,-0.05285201,-167.9709,3178.1371,OK,0.0000,6.7188,4.0000,96.0000,AG03-UNRESOLVED,ALL5_LEVELS_bet23_to_bet27,6.7188,6.7188,6.7188,6.7188,6.7188,4.000000,4.000000,4.000000,4.000000,4.000000,96.000000,96.000000,96.000000,96.000000,96.000000,5.0,33.5942,31.012,134.3767,136.9589,PENDING_AG03,FALSE,NOT_FOR_ENFORCEMENT,161.2521,2750.2167,167.9709,161.2521,6.7188,0.05285201,0.05073793,6.7188,161.2521,0.05073793,6.7188,6.7188,6.7188,6.7188,6.7188,161.2521,0.05073793,33.5942,31.012,134.3767,136.9589,0.04228161,0.04309408,0.00211408,12.3184,11.1907,0.6561,5.7921,1.6631,109.5909,8.8276,12.6031,11.6365,10.3271,12.8577,12.9089,14.9574,18.0724,25.8096,12.8577,0.0,1.405577,2.00733,0.958055,24,71,11,3,0.72173164,0.05285201,-0.01844299,0E-8,0.000000,0.901411,0.000000,0.25620951,2026-06-07,2026-08-04,29,101,94,59,0.491525,1.083064,1.023114,2.405772,,,,,,,,GLOBAL_BASELINE_NO_ENTITY_RANKING,,,NOT_APPLICABLE_GLOBAL_BASELINE,HF9g-P5,,,,X 全窗基线 · 不参与实体赏罚,6871811,688,A168_HF9F_20260827_0900,2026-08-27 09:00:00
2026-07-10,141631172,2241,0,12.9088923938,-12.9088923938,-12.9088923938,0E-7,1,1,0.50665070000000000,0.506650700000,-1.013391052207602,-1.013391052207602,-1.013391052207602,0E-17,ELIGIBLE,R03b_20260811_FULL_v1,L1_ELIGIBILITY,v2026-08-11,2026-03-21..2026-08-06,baccarat_bet02_101_all_pairs_incl_sentinel,round_win = game_pnl > 0 (decisive only),COMPATIBILITY_ONLY_NOT_PRODUCTION,3178.1371,2864.8090,167.9709,258,256,-0.05285201,0.01844299,-0.23776652,-0.05285201,-167.9709,3178.1371,OK,0.0000,6.7188,4.0000,96.0000,AG03-UNRESOLVED,ALL5_LEVELS_bet23_to_bet27,6.7188,6.7188,6.7188,6.7188,6.7188,4.000000,4.000000,4.000000,4.000000,4.000000,96.000000,96.000000,96.000000,96.000000,96.000000,5.0,33.5942,31.012,134.3767,136.9589,PENDING_AG03,FALSE,NOT_FOR_ENFORCEMENT,161.2521,2750.2167,167.9709,161.2521,6.7188,0.05285201,0.05073793,6.7188,161.2521,0.05073793,6.7188,6.7188,6.7188,6.7188,6.7188,161.2521,0.05073793,33.5942,31.012,134.3767,136.9589,0.04228161,0.04309408,0.00211408,12.3184,11.1907,0.6561,5.7921,1.6631,109.5909,8.8276,12.6031,11.6365,10.3271,12.8577,12.9089,14.9574,18.0724,25.8096,12.8577,0.0,1.405577,2.00733,0.958055,24,71,11,3,0.72173164,0.05285201,-0.01844299,0E-8,0.000000,0.901411,0.000000,0.25620951,2026-06-07,2026-08-04,29,101,94,59,0.491525,1.083064,1.023114,2.405772,,,,,,,,GLOBAL_BASELINE_NO_ENTITY_RANKING,,,NOT_APPLICABLE_GLOBAL_BASELINE,HF9g-P5,,,,X 全窗基线 · 不参与实体赏罚,6871812,688,A168_HF9F_20260827_0900,2026-08-27 09:00:00
2026-07-11,141631172,1994,0,41.3084556602,-16.1361154923,-16.1361154923,0.3333333,4,3,0.47556708333304740,0.431273450000,-0.49330148494370946,-0.34252567542352924,-0.49330148494370946,0.04429363333304740,ELIGIBLE,R03b_20260811_FULL_v1,L1_ELIGIBILITY,v2026-08-11,2026-03-21..2026-08-06,baccarat_bet02_101_all_pairs_incl_sentinel,round_win = game_pnl > 0 (decisive only),COMPATIBILITY_ONLY_NOT_PRODUCTION,3178.1371,2864.8090,167.9709,258,256,-0.05285201,0.01844299,-0.23776652,-0.05285201,-167.9709,3178.1371,OK,0.0000,6.7188,4.0000,96.0000,AG03-UNRESOLVED,ALL5_LEVELS_bet23_to_bet27,6.7188,6.7188,6.7188,6.7188,6.7188,4.000000,4.000000,4.000000,4.000000,4.000000,96.000000,96.000000,96.000000,96.000000,96.000000,5.0,33.5942,31.012,134.3767,136.9589,PENDING_AG03,FALSE,NOT_FOR_ENFORCEMENT,161.2521,2750.2167,167.9709,161.2521,6.7188,0.05285201,0.05073793,6.7188,161.2521,0.05073793,6.7188,6.7188,6.7188,6.7188,6.7188,161.2521,0.05073793,33.5942,31.012,134.3767,136.9589,0.04228161,0.04309408,0.00211408,12.3184,11.1907,0.6561,5.7921,1.6631,109.5909,8.8276,12.6031,11.6365,10.3271,12.8577,12.9089,14.9574,18.0724,25.8096,12.8577,0.0,1.405577,2.00733,0.958055,24,71,11,3,0.72173164,0.05285201,-0.01844299,0E-8,0.000000,0.901411,0.000000,0.25620951,2026-06-07,2026-08-04,29,101,94,59,0.491525,1.083064,1.023114,2.405772,,,,,,,,GLOBAL_BASELINE_NO_ENTITY_RANKING,,,NOT_APPLICABLE_GLOBAL_BASELINE,HF9g-P5,,,,X 全窗基线 · 不参与实体赏罚,6871813,688,A168_HF9F_20260827_0900,2026-08-27 09:00:00
2026-07-11,141631172,2129,0,25.8177847876,0E-10,0E-10,0.5000000,2,2,0.49994810000000000,0.499948100000,0.00014679536856514622,0.00014679536856514622,0.00014679536856514622,0E-17,ELIGIBLE,R03b_20260811_FULL_v1,L1_ELIGIBILITY,v2026-08-11,2026-03-21..2026-08-06,baccarat_bet02_101_all_pairs_incl_sentinel,round_win = game_pnl > 0 (decisive only),COMPATIBILITY_ONLY_NOT_PRODUCTION,3178.1371,2864.8090,167.9709,258,256,-0.05285201,0.01844299,-0.23776652,-0.05285201,-167.9709,3178.1371,OK,0.0000,6.7188,4.0000,96.0000,AG03-UNRESOLVED,ALL5_LEVELS_bet23_to_bet27,6.7188,6.7188,6.7188,6.7188,6.7188,4.000000,4.000000,4.000000,4.000000,4.000000,96.000000,96.000000,96.000000,96.000000,96.000000,5.0,33.5942,31.012,134.3767,136.9589,PENDING_AG03,FALSE,NOT_FOR_ENFORCEMENT,161.2521,2750.2167,167.9709,161.2521,6.7188,0.05285201,0.05073793,6.7188,161.2521,0.05073793,6.7188,6.7188,6.7188,6.7188,6.7188,161.2521,0.05073793,33.5942,31.012,134.3767,136.9589,0.04228161,0.04309408,0.00211408,12.3184,11.1907,0.6561,5.7921,1.6631,109.5909,8.8276,12.6031,11.6365,10.3271,12.8577,12.9089,14.9574,18.0724,25.8096,12.8577,0.0,1.405577,2.00733,0.958055,24,71,11,3,0.72173164,0.05285201,-0.01844299,0E-8,0.000000,0.901411,0.000000,0.25620951,2026-06-07,2026-08-04,29,101,94,59,0.491525,1.083064,1.023114,2.405772,,,,,,,,GLOBAL_BASELINE_NO_ENTITY_RANKING,,,NOT_APPLICABLE_GLOBAL_BASELINE,HF9g-P5,,,,X 全窗基线 · 不参与实体赏罚,6871814,688,A168_HF9F_20260827_0900,2026-08-27 09:00:00
2026-07-11,141631172,2205,0,38.7266771814,12.2634477741,12.2634477741,0.6666667,3,3,0.49771390000000000,0.497713900000,0.5852756695216578,0.5852756695216578,0.5852756695216578,0E-17,ELIGIBLE,R03b_20260811_FULL_v1,L1_ELIGIBILITY,v2026-08-11,2026-03-21..2026-08-06,baccarat_bet02_101_all_pairs_incl_sentinel,round_win = game_pnl > 0 (decisive only),COMPATIBILITY_ONLY_NOT_PRODUCTION,3178.1371,2864.8090,167.9709,258,256,-0.05285201,0.01844299,-0.23776652,-0.05285201,-167.9709,3178.1371,OK,0.0000,6.7188,4.0000,96.0000,AG03-UNRESOLVED,ALL5_LEVELS_bet23_to_bet27,6.7188,6.7188,6.7188,6.7188,6.7188,4.000000,4.000000,4.000000,4.000000,4.000000,96.000000,96.000000,96.000000,96.000000,96.000000,5.0,33.5942,31.012,134.3767,136.9589,PENDING_AG03,FALSE,NOT_FOR_ENFORCEMENT,161.2521,2750.2167,167.9709,161.2521,6.7188,0.05285201,0.05073793,6.7188,161.2521,0.05073793,6.7188,6.7188,6.7188,6.7188,6.7188,161.2521,0.05073793,33.5942,31.012,134.3767,136.9589,0.04228161,0.04309408,0.00211408,12.3184,11.1907,0.6561,5.7921,1.6631,109.5909,8.8276,12.6031,11.6365,10.3271,12.8577,12.9089,14.9574,18.0724,25.8096,12.8577,0.0,1.405577,2.00733,0.958055,24,71,11,3,0.72173164,0.05285201,-0.01844299,0E-8,0.000000,0.901411,0.000000,0.25620951,2026-06-07,2026-08-04,29,101,94,59,0.491525,1.083064,1.023114,2.405772,,,,,,,,GLOBAL_BASELINE_NO_ENTITY_RANKING,,,NOT_APPLICABLE_GLOBAL_BASELINE,HF9g-P5,,,,X 全窗基线 · 不参与实体赏罚,6871815,688,A168_HF9F_20260827_0900,2026-08-27 09:00:00
2026-07-11,141631172,583,0,12.9088923938,-12.9088923938,-12.9088923938,0E-7,1,1,0.49324550000000000,0.493245500000,-0.9865810262130424,-0.9865810262130424,-0.9865810262130424,0E-17,ELIGIBLE,R03b_20260811_FULL_v1,L1_ELIGIBILITY,v2026-08-11,2026-03-21..2026-08-06,baccarat_bet02_101_all_pairs_incl_sentinel,round_win = game_pnl > 0 (decisive only),COMPATIBILITY_ONLY_NOT_PRODUCTION,3178.1371,2864.8090,167.9709,258,256,-0.05285201,0.01844299,-0.23776652,-0.05285201,-167.9709,3178.1371,OK,0.0000,6.7188,4.0000,96.0000,AG03-UNRESOLVED,ALL5_LEVELS_bet23_to_bet27,6.7188,6.7188,6.7188,6.7188,6.7188,4.000000,4.000000,4.000000,4.000000,4.000000,96.000000,96.000000,96.000000,96.000000,96.000000,5.0,33.5942,31.012,134.3767,136.9589,PENDING_AG03,FALSE,NOT_FOR_ENFORCEMENT,161.2521,2750.2167,167.9709,161.2521,6.7188,0.05285201,0.05073793,6.7188,161.2521,0.05073793,6.7188,6.7188,6.7188,6.7188,6.7188,161.2521,0.05073793,33.5942,31.012,134.3767,136.9589,0.04228161,0.04309408,0.00211408,12.3184,11.1907,0.6561,5.7921,1.6631,109.5909,8.8276,12.6031,11.6365,10.3271,12.8577,12.9089,14.9574,18.0724,25.8096,12.8577,0.0,1.405577,2.00733,0.958055,24,71,11,3,0.72173164,0.05285201,-0.01844299,0E-8,0.000000,0.901411,0.000000,0.25620951,2026-06-07,2026-08-04,29,101,94,59,0.491525,1.083064,1.023114,2.405772,,,,,,,,GLOBAL_BASELINE_NO_ENTITY_RANKING,,,NOT_APPLICABLE_GLOBAL_BASELINE,HF9g-P5,,,,X 全窗基线 · 不参与实体赏罚,6871816,688,A168_HF9F_20260827_0900,2026-08-27 09:00:00
2026-07-12,141631172,2251,0,25.8177847876,-25.8177847876,-25.8177847876,0E-7,1,1,0.50665070000000000,0.506650700000,-1.013391052207602,-1.013391052207602,-1.013391052207602,0E-17,ELIGIBLE,R03b_20260811_FULL_v1,L1_ELIGIBILITY,v2026-08-11,2026-03-21..2026-08-06,baccarat_bet02_101_all_pairs_incl_sentinel,round_win = game_pnl > 0 (decisive only),COMPATIBILITY_ONLY_NOT_PRODUCTION,3178.1371,2864.8090,167.9709,258,256,-0.05285201,0.01844299,-0.23776652,-0.05285201,-167.9709,3178.1371,OK,0.0000,6.7188,4.0000,96.0000,AG03-UNRESOLVED,ALL5_LEVELS_bet23_to_bet27,6.7188,6.7188,6.7188,6.7188,6.7188,4.000000,4.000000,4.000000,4.000000,4.000000,96.000000,96.000000,96.000000,96.000000,96.000000,5.0,33.5942,31.012,134.3767,136.9589,PENDING_AG03,FALSE,NOT_FOR_ENFORCEMENT,161.2521,2750.2167,167.9709,161.2521,6.7188,0.05285201,0.05073793,6.7188,161.2521,0.05073793,6.7188,6.7188,6.7188,6.7188,6.7188,161.2521,0.05073793,33.5942,31.012,134.3767,136.9589,0.04228161,0.04309408,0.00211408,12.3184,11.1907,0.6561,5.7921,1.6631,109.5909,8.8276,12.6031,11.6365,10.3271,12.8577,12.9089,14.9574,18.0724,25.8096,12.8577,0.0,1.405577,2.00733,0.958055,24,71,11,3,0.72173164,0.05285201,-0.01844299,0E-8,0.000000,0.901411,0.000000,0.25620951,2026-06-07,2026-08-04,29,101,94,59,0.491525,1.083064,1.023114,2.405772,,,,,,,,GLOBAL_BASELINE_NO_ENTITY_RANKING,,,NOT_APPLICABLE_GLOBAL_BASELINE,HF9g-P5,,,,X 全窗基线 · 不参与实体赏罚,6871817,688,A168_HF9F_20260827_0900,2026-08-27 09:00:00
2026-07-12,141631172,986,0,51.6355695752,-20.6542278300,-20.6542278300,0.3333333,3,3,0.50218230000000000,0.502182300000,-0.5849155494134425,-0.5849155494134426,-0.5849155494134425,0E-17,ELIGIBLE,R03b_20260811_FULL_v1,L1_ELIGIBILITY,v2026-08-11,2026-03-21..2026-08-06,baccarat_bet02_101_all_pairs_incl_sentinel,round_win = game_pnl > 0 (decisive only),COMPATIBILITY_ONLY_NOT_PRODUCTION,3178.1371,2864.8090,167.9709,258,256,-0.05285201,0.01844299,-0.23776652,-0.05285201,-167.9709,3178.1371,OK,0.0000,6.7188,4.0000,96.0000,AG03-UNRESOLVED,ALL5_LEVELS_bet23_to_bet27,6.7188,6.7188,6.7188,6.7188,6.7188,4.000000,4.000000,4.000000,4.000000,4.000000,96.000000,96.000000,96.000000,96.000000,96.000000,5.0,33.5942,31.012,134.3767,136.9589,PENDING_AG03,FALSE,NOT_FOR_ENFORCEMENT,161.2521,2750.2167,167.9709,161.2521,6.7188,0.05285201,0.05073793,6.7188,161.2521,0.05073793,6.7188,6.7188,6.7188,6.7188,6.7188,161.2521,0.05073793,33.5942,31.012,134.3767,136.9589,0.04228161,0.04309408,0.00211408,12.3184,11.1907,0.6561,5.7921,1.6631,109.5909,8.8276,12.6031,11.6365,10.3271,12.8577,12.9089,14.9574,18.0724,25.8096,12.8577,0.0,1.405577,2.00733,0.958055,24,71,11,3,0.72173164,0.05285201,-0.01844299,0E-8,0.000000,0.901411,0.000000,0.25620951,2026-06-07,2026-08-04,29,101,94,59,0.491525,1.083064,1.023114,2.405772,,,,,,,,GLOBAL_BASELINE_NO_ENTITY_RANKING,,,NOT_APPLICABLE_GLOBAL_BASELINE,HF9g-P5,,,,X 全窗基线 · 不参与实体赏罚,6871818,688,A168_HF9F_20260827_0900,2026-08-27 09:00:00
2026-07-13,141631172,2160,0,11.6180031544,-11.6180031544,-11.6180031544,0E-7,1,1,0.50665070000000000,0.506650700000,-1.013391052207602,-1.013391052207602,-1.013391052207602,0E-17,ELIGIBLE,R03b_20260811_FULL_v1,L1_ELIGIBILITY,v2026-08-11,2026-03-21..2026-08-06,baccarat_bet02_101_all_pairs_incl_sentinel,round_win = game_pnl > 0 (decisive only),COMPATIBILITY_ONLY_NOT_PRODUCTION,3178.1371,2864.8090,167.9709,258,256,-0.05285201,0.01844299,-0.23776652,-0.05285201,-167.9709,3178.1371,OK,0.0000,6.7188,4.0000,96.0000,AG03-UNRESOLVED,ALL5_LEVELS_bet23_to_bet27,6.7188,6.7188,6.7188,6.7188,6.7188,4.000000,4.000000,4.000000,4.000000,4.000000,96.000000,96.000000,96.000000,96.000000,96.000000,5.0,33.5942,31.012,134.3767,136.9589,PENDING_AG03,FALSE,NOT_FOR_ENFORCEMENT,161.2521,2750.2167,167.9709,161.2521,6.7188,0.05285201,0.05073793,6.7188,161.2521,0.05073793,6.7188,6.7188,6.7188,6.7188,6.7188,161.2521,0.05073793,33.5942,31.012,134.3767,136.9589,0.04228161,0.04309408,0.00211408,12.3184,11.1907,0.6561,5.7921,1.6631,109.5909,8.8276,12.6031,11.6365,10.3271,12.8577,12.9089,14.9574,18.0724,25.8096,12.8577,0.0,1.405577,2.00733,0.958055,24,71,11,3,0.72173164,0.05285201,-0.01844299,0E-8,0.000000,0.901411,0.000000,0.25620951,2026-06-07,2026-08-04,29,101,94,59,0.491525,1.083064,1.023114,2.405772,,,,,,,,GLOBAL_BASELINE_NO_ENTITY_RANKING,,,NOT_APPLICABLE_GLOBAL_BASELINE,HF9g-P5,,,,X 全窗基线 · 不参与实体赏罚,6871819,688,A168_HF9F_20260827_0900,2026-08-27 09:00:00
2026-07-14,141631172,-1,1,11.6180031544,-11.6180031544,-11.6180031544,0E-7,1,1,0.49324550000000000,0.493245500000,-0.9865810262130424,-0.9865810262130424,-0.9865810262130424,0E-17,SENTINEL_DEALER,R03b_20260811_FULL_v1,L1_ELIGIBILITY,v2026-08-11,2026-03-21..2026-08-06,baccarat_bet02_101_all_pairs_incl_sentinel,round_win = game_pnl > 0 (decisive only),COMPATIBILITY_ONLY_NOT_PRODUCTION,3178.1371,2864.8090,167.9709,258,256,-0.05285201,0.01844299,-0.23776652,-0.05285201,-167.9709,3178.1371,OK,0.0000,6.7188,4.0000,96.0000,AG03-UNRESOLVED,ALL5_LEVELS_bet23_to_bet27,6.7188,6.7188,6.7188,6.7188,6.7188,4.000000,4.000000,4.000000,4.000000,4.000000,96.000000,96.000000,96.000000,96.000000,96.000000,5.0,33.5942,31.012,134.3767,136.9589,PENDING_AG03,FALSE,NOT_FOR_ENFORCEMENT,161.2521,2750.2167,167.9709,161.2521,6.7188,0.05285201,0.05073793,6.7188,161.2521,0.05073793,6.7188,6.7188,6.7188,6.7188,6.7188,161.2521,0.05073793,33.5942,31.012,134.3767,136.9589,0.04228161,0.04309408,0.00211408,12.3184,11.1907,0.6561,5.7921,1.6631,109.5909,8.8276,12.6031,11.6365,10.3271,12.8577,12.9089,14.9574,18.0724,25.8096,12.8577,0.0,1.405577,2.00733,0.958055,24,71,11,3,0.72173164,0.05285201,-0.01844299,0E-8,0.000000,0.901411,0.000000,0.25620951,2026-06-07,2026-08-04,29,101,94,59,0.491525,1.083064,1.023114,2.405772,,,,,,,,GLOBAL_BASELINE_NO_ENTITY_RANKING,,,NOT_APPLICABLE_GLOBAL_BASELINE,HF9g-P5,,,,X 全窗基线 · 不参与实体赏罚,6871820,688,A168_HF9F_20260827_0900,2026-08-27 09:00:00
2026-07-16,141631172,1505,0,12.9088923938,-12.9088923938,-12.9088923938,0E-7,1,1,0.50665070000000000,0.506650700000,-1.013391052207602,-1.013391052207602,-1.013391052207602,0E-17,ELIGIBLE,R03b_20260811_FULL_v1,L1_ELIGIBILITY,v2026-08-11,2026-03-21..2026-08-06,baccarat_bet02_101_all_pairs_incl_sentinel,round_win = game_pnl > 0 (decisive only),COMPATIBILITY_ONLY_NOT_PRODUCTION,3178.1371,2864.8090,167.9709,258,256,-0.05285201,0.01844299,-0.23776652,-0.05285201,-167.9709,3178.1371,OK,0.0000,6.7188,4.0000,96.0000,AG03-UNRESOLVED,ALL5_LEVELS_bet23_to_bet27,6.7188,6.7188,6.7188,6.7188,6.7188,4.000000,4.000000,4.000000,4.000000,4.000000,96.000000,96.000000,96.000000,96.000000,96.000000,5.0,33.5942,31.012,134.3767,136.9589,PENDING_AG03,FALSE,NOT_FOR_ENFORCEMENT,161.2521,2750.2167,167.9709,161.2521,6.7188,0.05285201,0.05073793,6.7188,161.2521,0.05073793,6.7188,6.7188,6.7188,6.7188,6.7188,161.2521,0.05073793,33.5942,31.012,134.3767,136.9589,0.04228161,0.04309408,0.00211408,12.3184,11.1907,0.6561,5.7921,1.6631,109.5909,8.8276,12.6031,11.6365,10.3271,12.8577,12.9089,14.9574,18.0724,25.8096,12.8577,0.0,1.405577,2.00733,0.958055,24,71,11,3,0.72173164,0.05285201,-0.01844299,0E-8,0.000000,0.901411,0.000000,0.25620951,2026-06-07,2026-08-04,29,101,94,59,0.491525,1.083064,1.023114,2.405772,,,,,,,,GLOBAL_BASELINE_NO_ENTITY_RANKING,,,NOT_APPLICABLE_GLOBAL_BASELINE,HF9g-P5,,,,X 全窗基线 · 不参与实体赏罚,6871821,688,A168_HF9F_20260827_0900,2026-08-27 09:00:00
2026-07-16,141631172,772,0,23.2360063088,-23.2360063088,-23.2360063088,0E-7,1,1,0.49324550000000000,0.493245500000,-0.9865810262130424,-0.9865810262130424,-0.9865810262130424,0E-17,ELIGIBLE,R03b_20260811_FULL_v1,L1_ELIGIBILITY,v2026-08-11,2026-03-21..2026-08-06,baccarat_bet02_101_all_pairs_incl_sentinel,round_win = game_pnl > 0 (decisive only),COMPATIBILITY_ONLY_NOT_PRODUCTION,3178.1371,2864.8090,167.9709,258,256,-0.05285201,0.01844299,-0.23776652,-0.05285201,-167.9709,3178.1371,OK,0.0000,6.7188,4.0000,96.0000,AG03-UNRESOLVED,ALL5_LEVELS_bet23_to_bet27,6.7188,6.7188,6.7188,6.7188,6.7188,4.000000,4.000000,4.000000,4.000000,4.000000,96.000000,96.000000,96.000000,96.000000,96.000000,5.0,33.5942,31.012,134.3767,136.9589,PENDING_AG03,FALSE,NOT_FOR_ENFORCEMENT,161.2521,2750.2167,167.9709,161.2521,6.7188,0.05285201,0.05073793,6.7188,161.2521,0.05073793,6.7188,6.7188,6.7188,6.7188,6.7188,161.2521,0.05073793,33.5942,31.012,134.3767,136.9589,0.04228161,0.04309408,0.00211408,12.3184,11.1907,0.6561,5.7921,1.6631,109.5909,8.8276,12.6031,11.6365,10.3271,12.8577,12.9089,14.9574,18.0724,25.8096,12.8577,0.0,1.405577,2.00733,0.958055,24,71,11,3,0.72173164,0.05285201,-0.01844299,0E-8,0.000000,0.901411,0.000000,0.25620951,2026-06-07,2026-08-04,29,101,94,59,0.491525,1.083064,1.023114,2.405772,,,,,,,,GLOBAL_BASELINE_NO_ENTITY_RANKING,,,NOT_APPLICABLE_GLOBAL_BASELINE,HF9g-P5,,,,X 全窗基线 · 不参与实体赏罚,6871822,688,A168_HF9F_20260827_0900,2026-08-27 09:00:00
2026-07-19,141631172,-1,1,67.1262404477,23.4941841567,23.4941841567,0.6666667,6,6,0.50665070000000000,0.506650700000,0.7839842952205449,0.7839842952205449,0.7839842952205449,0E-17,SENTINEL_DEALER,R03b_20260811_FULL_v1,L1_ELIGIBILITY,v2026-08-11,2026-03-21..2026-08-06,baccarat_bet02_101_all_pairs_incl_sentinel,round_win = game_pnl > 0 (decisive only),COMPATIBILITY_ONLY_NOT_PRODUCTION,3178.1371,2864.8090,167.9709,258,256,-0.05285201,0.01844299,-0.23776652,-0.05285201,-167.9709,3178.1371,OK,0.0000,6.7188,4.0000,96.0000,AG03-UNRESOLVED,ALL5_LEVELS_bet23_to_bet27,6.7188,6.7188,6.7188,6.7188,6.7188,4.000000,4.000000,4.000000,4.000000,4.000000,96.000000,96.000000,96.000000,96.000000,96.000000,5.0,33.5942,31.012,134.3767,136.9589,PENDING_AG03,FALSE,NOT_FOR_ENFORCEMENT,161.2521,2750.2167,167.9709,161.2521,6.7188,0.05285201,0.05073793,6.7188,161.2521,0.05073793,6.7188,6.7188,6.7188,6.7188,6.7188,161.2521,0.05073793,33.5942,31.012,134.3767,136.9589,0.04228161,0.04309408,0.00211408,12.3184,11.1907,0.6561,5.7921,1.6631,109.5909,8.8276,12.6031,11.6365,10.3271,12.8577,12.9089,14.9574,18.0724,25.8096,12.8577,0.0,1.405577,2.00733,0.958055,24,71,11,3,0.72173164,0.05285201,-0.01844299,0E-8,0.000000,0.901411,0.000000,0.25620951,2026-06-07,2026-08-04,29,101,94,59,0.491525,1.083064,1.023114,2.405772,,,,,,,,GLOBAL_BASELINE_NO_ENTITY_RANKING,,,NOT_APPLICABLE_GLOBAL_BASELINE,HF9g-P5,,,,X 全窗基线 · 不参与实体赏罚,6871823,688,A168_HF9F_20260827_0900,2026-08-27 09:00:00
2026-07-19,141631172,1396,0,12.9088923938,12.2634477741,12.2634477741,1.0000000,1,1,0.50665070000000000,0.506650700000,0.9867858985152569,0.9867858985152569,0.9867858985152569,0E-17,ELIGIBLE,R03b_20260811_FULL_v1,L1_ELIGIBILITY,v2026-08-11,2026-03-21..2026-08-06,baccarat_bet02_101_all_pairs_incl_sentinel,round_win = game_pnl > 0 (decisive only),COMPATIBILITY_ONLY_NOT_PRODUCTION,3178.1371,2864.8090,167.9709,258,256,-0.05285201,0.01844299,-0.23776652,-0.05285201,-167.9709,3178.1371,OK,0.0000,6.7188,4.0000,96.0000,AG03-UNRESOLVED,ALL5_LEVELS_bet23_to_bet27,6.7188,6.7188,6.7188,6.7188,6.7188,4.000000,4.000000,4.000000,4.000000,4.000000,96.000000,96.000000,96.000000,96.000000,96.000000,5.0,33.5942,31.012,134.3767,136.9589,PENDING_AG03,FALSE,NOT_FOR_ENFORCEMENT,161.2521,2750.2167,167.9709,161.2521,6.7188,0.05285201,0.05073793,6.7188,161.2521,0.05073793,6.7188,6.7188,6.7188,6.7188,6.7188,161.2521,0.05073793,33.5942,31.012,134.3767,136.9589,0.04228161,0.04309408,0.00211408,12.3184,11.1907,0.6561,5.7921,1.6631,109.5909,8.8276,12.6031,11.6365,10.3271,12.8577,12.9089,14.9574,18.0724,25.8096,12.8577,0.0,1.405577,2.00733,0.958055,24,71,11,3,0.72173164,0.05285201,-0.01844299,0E-8,0.000000,0.901411,0.000000,0.25620951,2026-06-07,2026-08-04,29,101,94,59,0.491525,1.083064,1.023114,2.405772,,,,,,,,GLOBAL_BASELINE_NO_ENTITY_RANKING,,,NOT_APPLICABLE_GLOBAL_BASELINE,HF9g-P5,,,,X 全窗基线 · 不参与实体赏罚,6871824,688,A168_HF9F_20260827_0900,2026-08-27 09:00:00
2026-07-19,141631172,1507,0,20.6542278301,-20.6542278301,-20.6542278301,0E-7,1,1,0.50665070000000000,0.506650700000,-1.013391052207602,-1.013391052207602,-1.013391052207602,0E-17,ELIGIBLE,R03b_20260811_FULL_v1,L1_ELIGIBILITY,v2026-08-11,2026-03-21..2026-08-06,baccarat_bet02_101_all_pairs_incl_sentinel,round_win = game_pnl > 0 (decisive only),COMPATIBILITY_ONLY_NOT_PRODUCTION,3178.1371,2864.8090,167.9709,258,256,-0.05285201,0.01844299,-0.23776652,-0.05285201,-167.9709,3178.1371,OK,0.0000,6.7188,4.0000,96.0000,AG03-UNRESOLVED,ALL5_LEVELS_bet23_to_bet27,6.7188,6.7188,6.7188,6.7188,6.7188,4.000000,4.000000,4.000000,4.000000,4.000000,96.000000,96.000000,96.000000,96.000000,96.000000,5.0,33.5942,31.012,134.3767,136.9589,PENDING_AG03,FALSE,NOT_FOR_ENFORCEMENT,161.2521,2750.2167,167.9709,161.2521,6.7188,0.05285201,0.05073793,6.7188,161.2521,0.05073793,6.7188,6.7188,6.7188,6.7188,6.7188,161.2521,0.05073793,33.5942,31.012,134.3767,136.9589,0.04228161,0.04309408,0.00211408,12.3184,11.1907,0.6561,5.7921,1.6631,109.5909,8.8276,12.6031,11.6365,10.3271,12.8577,12.9089,14.9574,18.0724,25.8096,12.8577,0.0,1.405577,2.00733,0.958055,24,71,11,3,0.72173164,0.05285201,-0.01844299,0E-8,0.000000,0.901411,0.000000,0.25620951,2026-06-07,2026-08-04,29,101,94,59,0.491525,1.083064,1.023114,2.405772,,,,,,,,GLOBAL_BASELINE_NO_ENTITY_RANKING,,,NOT_APPLICABLE_GLOBAL_BASELINE,HF9g-P5,,,,X 全窗基线 · 不参与实体赏罚,6871825,688,A168_HF9F_20260827_0900,2026-08-27 09:00:00
2026-07-19,141631172,1687,0,46.4720126177,45.1811233783,45.1811233783,1.0000000,5,5,0.49860758000000000,0.498607580000,2.242303763970222,2.242303763970222,2.242303763970222,0E-17,ELIGIBLE,R03b_20260811_FULL_v1,L1_ELIGIBILITY,v2026-08-11,2026-03-21..2026-08-06,baccarat_bet02_101_all_pairs_incl_sentinel,round_win = game_pnl > 0 (decisive only),COMPATIBILITY_ONLY_NOT_PRODUCTION,3178.1371,2864.8090,167.9709,258,256,-0.05285201,0.01844299,-0.23776652,-0.05285201,-167.9709,3178.1371,OK,0.0000,6.7188,4.0000,96.0000,AG03-UNRESOLVED,ALL5_LEVELS_bet23_to_bet27,6.7188,6.7188,6.7188,6.7188,6.7188,4.000000,4.000000,4.000000,4.000000,4.000000,96.000000,96.000000,96.000000,96.000000,96.000000,5.0,33.5942,31.012,134.3767,136.9589,PENDING_AG03,FALSE,NOT_FOR_ENFORCEMENT,161.2521,2750.2167,167.9709,161.2521,6.7188,0.05285201,0.05073793,6.7188,161.2521,0.05073793,6.7188,6.7188,6.7188,6.7188,6.7188,161.2521,0.05073793,33.5942,31.012,134.3767,136.9589,0.04228161,0.04309408,0.00211408,12.3184,11.1907,0.6561,5.7921,1.6631,109.5909,8.8276,12.6031,11.6365,10.3271,12.8577,12.9089,14.9574,18.0724,25.8096,12.8577,0.0,1.405577,2.00733,0.958055,24,71,11,3,0.72173164,0.05285201,-0.01844299,0E-8,0.000000,0.901411,0.000000,0.25620951,2026-06-07,2026-08-04,29,101,94,59,0.491525,1.083064,1.023114,2.405772,,,,,,,,GLOBAL_BASELINE_NO_ENTITY_RANKING,,,NOT_APPLICABLE_GLOBAL_BASELINE,HF9g-P5,,,,X 全窗基线 · 不参与实体赏罚,6871826,688,A168_HF9F_20260827_0900,2026-08-27 09:00:00
2026-07-19,141631172,2106,0,25.8177847876,-0.6454446197,-0.6454446197,0.5000000,2,2,0.50665070000000000,0.506650700000,-0.018812684590367487,-0.018812684590367487,-0.018812684590367487,0E-17,ELIGIBLE,R03b_20260811_FULL_v1,L1_ELIGIBILITY,v2026-08-11,2026-03-21..2026-08-06,baccarat_bet02_101_all_pairs_incl_sentinel,round_win = game_pnl > 0 (decisive only),COMPATIBILITY_ONLY_NOT_PRODUCTION,3178.1371,2864.8090,167.9709,258,256,-0.05285201,0.01844299,-0.23776652,-0.05285201,-167.9709,3178.1371,OK,0.0000,6.7188,4.0000,96.0000,AG03-UNRESOLVED,ALL5_LEVELS_bet23_to_bet27,6.7188,6.7188,6.7188,6.7188,6.7188,4.000000,4.000000,4.000000,4.000000,4.000000,96.000000,96.000000,96.000000,96.000000,96.000000,5.0,33.5942,31.012,134.3767,136.9589,PENDING_AG03,FALSE,NOT_FOR_ENFORCEMENT,161.2521,2750.2167,167.9709,161.2521,6.7188,0.05285201,0.05073793,6.7188,161.2521,0.05073793,6.7188,6.7188,6.7188,6.7188,6.7188,161.2521,0.05073793,33.5942,31.012,134.3767,136.9589,0.04228161,0.04309408,0.00211408,12.3184,11.1907,0.6561,5.7921,1.6631,109.5909,8.8276,12.6031,11.6365,10.3271,12.8577,12.9089,14.9574,18.0724,25.8096,12.8577,0.0,1.405577,2.00733,0.958055,24,71,11,3,0.72173164,0.05285201,-0.01844299,0E-8,0.000000,0.901411,0.000000,0.25620951,2026-06-07,2026-08-04,29,101,94,59,0.491525,1.083064,1.023114,2.405772,,,,,,,,GLOBAL_BASELINE_NO_ENTITY_RANKING,,,NOT_APPLICABLE_GLOBAL_BASELINE,HF9g-P5,,,,X 全窗基线 · 不参与实体赏罚,6871827,688,A168_HF9F_20260827_0900,2026-08-27 09:00:00
2026-07-19,141631172,2141,0,11.6180031544,-11.6180031544,-11.6180031544,0E-7,1,1,0.50665070000000000,0.506650700000,-1.013391052207602,-1.013391052207602,-1.013391052207602,0E-17,ELIGIBLE,R03b_20260811_FULL_v1,L1_ELIGIBILITY,v2026-08-11,2026-03-21..2026-08-06,baccarat_bet02_101_all_pairs_incl_sentinel,round_win = game_pnl > 0 (decisive only),COMPATIBILITY_ONLY_NOT_PRODUCTION,3178.1371,2864.8090,167.9709,258,256,-0.05285201,0.01844299,-0.23776652,-0.05285201,-167.9709,3178.1371,OK,0.0000,6.7188,4.0000,96.0000,AG03-UNRESOLVED,ALL5_LEVELS_bet23_to_bet27,6.7188,6.7188,6.7188,6.7188,6.7188,4.000000,4.000000,4.000000,4.000000,4.000000,96.000000,96.000000,96.000000,96.000000,96.000000,5.0,33.5942,31.012,134.3767,136.9589,PENDING_AG03,FALSE,NOT_FOR_ENFORCEMENT,161.2521,2750.2167,167.9709,161.2521,6.7188,0.05285201,0.05073793,6.7188,161.2521,0.05073793,6.7188,6.7188,6.7188,6.7188,6.7188,161.2521,0.05073793,33.5942,31.012,134.3767,136.9589,0.04228161,0.04309408,0.00211408,12.3184,11.1907,0.6561,5.7921,1.6631,109.5909,8.8276,12.6031,11.6365,10.3271,12.8577,12.9089,14.9574,18.0724,25.8096,12.8577,0.0,1.405577,2.00733,0.958055,24,71,11,3,0.72173164,0.05285201,-0.01844299,0E-8,0.000000,0.901411,0.000000,0.25620951,2026-06-07,2026-08-04,29,101,94,59,0.491525,1.083064,1.023114,2.405772,,,,,,,,GLOBAL_BASELINE_NO_ENTITY_RANKING,,,NOT_APPLICABLE_GLOBAL_BASELINE,HF9g-P5,,,,X 全窗基线 · 不参与实体赏罚,6871828,688,A168_HF9F_20260827_0900,2026-08-27 09:00:00
2026-07-19,141631172,2153,0,103.2711391502,54.3464369778,54.3464369778,0.8571429,9,9,0.50367176666666667,0.503671766667,1.870443636939199,1.8704436369374446,1.870443636939199,-3.3333E-13,ELIGIBLE,R03b_20260811_FULL_v1,L1_ELIGIBILITY,v2026-08-11,2026-03-21..2026-08-06,baccarat_bet02_101_all_pairs_incl_sentinel,round_win = game_pnl > 0 (decisive only),COMPATIBILITY_ONLY_NOT_PRODUCTION,3178.1371,2864.8090,167.9709,258,256,-0.05285201,0.01844299,-0.23776652,-0.05285201,-167.9709,3178.1371,OK,0.0000,6.7188,4.0000,96.0000,AG03-UNRESOLVED,ALL5_LEVELS_bet23_to_bet27,6.7188,6.7188,6.7188,6.7188,6.7188,4.000000,4.000000,4.000000,4.000000,4.000000,96.000000,96.000000,96.000000,96.000000,96.000000,5.0,33.5942,31.012,134.3767,136.9589,PENDING_AG03,FALSE,NOT_FOR_ENFORCEMENT,161.2521,2750.2167,167.9709,161.2521,6.7188,0.05285201,0.05073793,6.7188,161.2521,0.05073793,6.7188,6.7188,6.7188,6.7188,6.7188,161.2521,0.05073793,33.5942,31.012,134.3767,136.9589,0.04228161,0.04309408,0.00211408,12.3184,11.1907,0.6561,5.7921,1.6631,109.5909,8.8276,12.6031,11.6365,10.3271,12.8577,12.9089,14.9574,18.0724,25.8096,12.8577,0.0,1.405577,2.00733,0.958055,24,71,11,3,0.72173164,0.05285201,-0.01844299,0E-8,0.000000,0.901411,0.000000,0.25620951,2026-06-07,2026-08-04,29,101,94,59,0.491525,1.083064,1.023114,2.405772,,,,,,,,GLOBAL_BASELINE_NO_ENTITY_RANKING,,,NOT_APPLICABLE_GLOBAL_BASELINE,HF9g-P5,,,,X 全窗基线 · 不参与实体赏罚,6871829,688,A168_HF9F_20260827_0900,2026-08-27 09:00:00
2026-07-21,141631172,1966,0,12.9088923938,-12.9088923938,-12.9088923938,0E-7,1,1,0.50665070000000000,0.506650700000,-1.013391052207602,-1.013391052207602,-1.013391052207602,0E-17,ELIGIBLE,R03b_20260811_FULL_v1,L1_ELIGIBILITY,v2026-08-11,2026-03-21..2026-08-06,baccarat_bet02_101_all_pairs_incl_sentinel,round_win = game_pnl > 0 (decisive only),COMPATIBILITY_ONLY_NOT_PRODUCTION,3178.1371,2864.8090,167.9709,258,256,-0.05285201,0.01844299,-0.23776652,-0.05285201,-167.9709,3178.1371,OK,0.0000,6.7188,4.0000,96.0000,AG03-UNRESOLVED,ALL5_LEVELS_bet23_to_bet27,6.7188,6.7188,6.7188,6.7188,6.7188,4.000000,4.000000,4.000000,4.000000,4.000000,96.000000,96.000000,96.000000,96.000000,96.000000,5.0,33.5942,31.012,134.3767,136.9589,PENDING_AG03,FALSE,NOT_FOR_ENFORCEMENT,161.2521,2750.2167,167.9709,161.2521,6.7188,0.05285201,0.05073793,6.7188,161.2521,0.05073793,6.7188,6.7188,6.7188,6.7188,6.7188,161.2521,0.05073793,33.5942,31.012,134.3767,136.9589,0.04228161,0.04309408,0.00211408,12.3184,11.1907,0.6561,5.7921,1.6631,109.5909,8.8276,12.6031,11.6365,10.3271,12.8577,12.9089,14.9574,18.0724,25.8096,12.8577,0.0,1.405577,2.00733,0.958055,24,71,11,3,0.72173164,0.05285201,-0.01844299,0E-8,0.000000,0.901411,0.000000,0.25620951,2026-06-07,2026-08-04,29,101,94,59,0.491525,1.083064,1.023114,2.405772,,,,,,,,GLOBAL_BASELINE_NO_ENTITY_RANKING,,,NOT_APPLICABLE_GLOBAL_BASELINE,HF9g-P5,,,,X 全窗基线 · 不参与实体赏罚,6871830,688,A168_HF9F_20260827_0900,2026-08-27 09:00:00
2026-07-21,141631172,2287,0,12.9088923938,-12.9088923938,-12.9088923938,0E-7,1,1,0.50665070000000000,0.506650700000,-1.013391052207602,-1.013391052207602,-1.013391052207602,0E-17,ELIGIBLE,R03b_20260811_FULL_v1,L1_ELIGIBILITY,v2026-08-11,2026-03-21..2026-08-06,baccarat_bet02_101_all_pairs_incl_sentinel,round_win = game_pnl > 0 (decisive only),COMPATIBILITY_ONLY_NOT_PRODUCTION,3178.1371,2864.8090,167.9709,258,256,-0.05285201,0.01844299,-0.23776652,-0.05285201,-167.9709,3178.1371,OK,0.0000,6.7188,4.0000,96.0000,AG03-UNRESOLVED,ALL5_LEVELS_bet23_to_bet27,6.7188,6.7188,6.7188,6.7188,6.7188,4.000000,4.000000,4.000000,4.000000,4.000000,96.000000,96.000000,96.000000,96.000000,96.000000,5.0,33.5942,31.012,134.3767,136.9589,PENDING_AG03,FALSE,NOT_FOR_ENFORCEMENT,161.2521,2750.2167,167.9709,161.2521,6.7188,0.05285201,0.05073793,6.7188,161.2521,0.05073793,6.7188,6.7188,6.7188,6.7188,6.7188,161.2521,0.05073793,33.5942,31.012,134.3767,136.9589,0.04228161,0.04309408,0.00211408,12.3184,11.1907,0.6561,5.7921,1.6631,109.5909,8.8276,12.6031,11.6365,10.3271,12.8577,12.9089,14.9574,18.0724,25.8096,12.8577,0.0,1.405577,2.00733,0.958055,24,71,11,3,0.72173164,0.05285201,-0.01844299,0E-8,0.000000,0.901411,0.000000,0.25620951,2026-06-07,2026-08-04,29,101,94,59,0.491525,1.083064,1.023114,2.405772,,,,,,,,GLOBAL_BASELINE_NO_ENTITY_RANKING,,,NOT_APPLICABLE_GLOBAL_BASELINE,HF9g-P5,,,,X 全窗基线 · 不参与实体赏罚,6871831,688,A168_HF9F_20260827_0900,2026-08-27 09:00:00
2026-07-21,141631172,994,0,12.9088923938,-12.9088923938,-12.9088923938,0E-7,1,1,0.50665070000000000,0.506650700000,-1.013391052207602,-1.013391052207602,-1.013391052207602,0E-17,ELIGIBLE,R03b_20260811_FULL_v1,L1_ELIGIBILITY,v2026-08-11,2026-03-21..2026-08-06,baccarat_bet02_101_all_pairs_incl_sentinel,round_win = game_pnl > 0 (decisive only),COMPATIBILITY_ONLY_NOT_PRODUCTION,3178.1371,2864.8090,167.9709,258,256,-0.05285201,0.01844299,-0.23776652,-0.05285201,-167.9709,3178.1371,OK,0.0000,6.7188,4.0000,96.0000,AG03-UNRESOLVED,ALL5_LEVELS_bet23_to_bet27,6.7188,6.7188,6.7188,6.7188,6.7188,4.000000,4.000000,4.000000,4.000000,4.000000,96.000000,96.000000,96.000000,96.000000,96.000000,5.0,33.5942,31.012,134.3767,136.9589,PENDING_AG03,FALSE,NOT_FOR_ENFORCEMENT,161.2521,2750.2167,167.9709,161.2521,6.7188,0.05285201,0.05073793,6.7188,161.2521,0.05073793,6.7188,6.7188,6.7188,6.7188,6.7188,161.2521,0.05073793,33.5942,31.012,134.3767,136.9589,0.04228161,0.04309408,0.00211408,12.3184,11.1907,0.6561,5.7921,1.6631,109.5909,8.8276,12.6031,11.6365,10.3271,12.8577,12.9089,14.9574,18.0724,25.8096,12.8577,0.0,1.405577,2.00733,0.958055,24,71,11,3,0.72173164,0.05285201,-0.01844299,0E-8,0.000000,0.901411,0.000000,0.25620951,2026-06-07,2026-08-04,29,101,94,59,0.491525,1.083064,1.023114,2.405772,,,,,,,,GLOBAL_BASELINE_NO_ENTITY_RANKING,,,NOT_APPLICABLE_GLOBAL_BASELINE,HF9g-P5,,,,X 全窗基线 · 不参与实体赏罚,6871832,688,A168_HF9F_20260827_0900,2026-08-27 09:00:00
2026-07-22,141631172,1654,0,12.9088923938,-12.9088923938,-12.9088923938,0E-7,1,1,0.50665070000000000,0.506650700000,-1.013391052207602,-1.013391052207602,-1.013391052207602,0E-17,ELIGIBLE,R03b_20260811_FULL_v1,L1_ELIGIBILITY,v2026-08-11,2026-03-21..2026-08-06,baccarat_bet02_101_all_pairs_incl_sentinel,round_win = game_pnl > 0 (decisive only),COMPATIBILITY_ONLY_NOT_PRODUCTION,3178.1371,2864.8090,167.9709,258,256,-0.05285201,0.01844299,-0.23776652,-0.05285201,-167.9709,3178.1371,OK,0.0000,6.7188,4.0000,96.0000,AG03-UNRESOLVED,ALL5_LEVELS_bet23_to_bet27,6.7188,6.7188,6.7188,6.7188,6.7188,4.000000,4.000000,4.000000,4.000000,4.000000,96.000000,96.000000,96.000000,96.000000,96.000000,5.0,33.5942,31.012,134.3767,136.9589,PENDING_AG03,FALSE,NOT_FOR_ENFORCEMENT,161.2521,2750.2167,167.9709,161.2521,6.7188,0.05285201,0.05073793,6.7188,161.2521,0.05073793,6.7188,6.7188,6.7188,6.7188,6.7188,161.2521,0.05073793,33.5942,31.012,134.3767,136.9589,0.04228161,0.04309408,0.00211408,12.3184,11.1907,0.6561,5.7921,1.6631,109.5909,8.8276,12.6031,11.6365,10.3271,12.8577,12.9089,14.9574,18.0724,25.8096,12.8577,0.0,1.405577,2.00733,0.958055,24,71,11,3,0.72173164,0.05285201,-0.01844299,0E-8,0.000000,0.901411,0.000000,0.25620951,2026-06-07,2026-08-04,29,101,94,59,0.491525,1.083064,1.023114,2.405772,,,,,,,,GLOBAL_BASELINE_NO_ENTITY_RANKING,,,NOT_APPLICABLE_GLOBAL_BASELINE,HF9g-P5,,,,X 全窗基线 · 不参与实体赏罚,6871833,688,A168_HF9F_20260827_0900,2026-08-27 09:00:00
2026-07-24,141631172,1990,0,51.6355695751,28.9159189622,28.9159189622,0.7500000,4,4,0.50665070000000000,0.506650700000,0.9734833216690844,0.9734833216690844,0.9734833216690844,0E-17,ELIGIBLE,R03b_20260811_FULL_v1,L1_ELIGIBILITY,v2026-08-11,2026-03-21..2026-08-06,baccarat_bet02_101_all_pairs_incl_sentinel,round_win = game_pnl > 0 (decisive only),COMPATIBILITY_ONLY_NOT_PRODUCTION,3178.1371,2864.8090,167.9709,258,256,-0.05285201,0.01844299,-0.23776652,-0.05285201,-167.9709,3178.1371,OK,0.0000,6.7188,4.0000,96.0000,AG03-UNRESOLVED,ALL5_LEVELS_bet23_to_bet27,6.7188,6.7188,6.7188,6.7188,6.7188,4.000000,4.000000,4.000000,4.000000,4.000000,96.000000,96.000000,96.000000,96.000000,96.000000,5.0,33.5942,31.012,134.3767,136.9589,PENDING_AG03,FALSE,NOT_FOR_ENFORCEMENT,161.2521,2750.2167,167.9709,161.2521,6.7188,0.05285201,0.05073793,6.7188,161.2521,0.05073793,6.7188,6.7188,6.7188,6.7188,6.7188,161.2521,0.05073793,33.5942,31.012,134.3767,136.9589,0.04228161,0.04309408,0.00211408,12.3184,11.1907,0.6561,5.7921,1.6631,109.5909,8.8276,12.6031,11.6365,10.3271,12.8577,12.9089,14.9574,18.0724,25.8096,12.8577,0.0,1.405577,2.00733,0.958055,24,71,11,3,0.72173164,0.05285201,-0.01844299,0E-8,0.000000,0.901411,0.000000,0.25620951,2026-06-07,2026-08-04,29,101,94,59,0.491525,1.083064,1.023114,2.405772,,,,,,,,GLOBAL_BASELINE_NO_ENTITY_RANKING,,,NOT_APPLICABLE_GLOBAL_BASELINE,HF9g-P5,,,,X 全窗基线 · 不参与实体赏罚,6871834,688,A168_HF9F_20260827_0900,2026-08-27 09:00:00
2026-07-24,141631172,1994,0,12.9088923938,12.2634477741,12.2634477741,1.0000000,1,1,0.50665070000000000,0.506650700000,0.9867858985152569,0.9867858985152569,0.9867858985152569,0E-17,ELIGIBLE,R03b_20260811_FULL_v1,L1_ELIGIBILITY,v2026-08-11,2026-03-21..2026-08-06,baccarat_bet02_101_all_pairs_incl_sentinel,round_win = game_pnl > 0 (decisive only),COMPATIBILITY_ONLY_NOT_PRODUCTION,3178.1371,2864.8090,167.9709,258,256,-0.05285201,0.01844299,-0.23776652,-0.05285201,-167.9709,3178.1371,OK,0.0000,6.7188,4.0000,96.0000,AG03-UNRESOLVED,ALL5_LEVELS_bet23_to_bet27,6.7188,6.7188,6.7188,6.7188,6.7188,4.000000,4.000000,4.000000,4.000000,4.000000,96.000000,96.000000,96.000000,96.000000,96.000000,5.0,33.5942,31.012,134.3767,136.9589,PENDING_AG03,FALSE,NOT_FOR_ENFORCEMENT,161.2521,2750.2167,167.9709,161.2521,6.7188,0.05285201,0.05073793,6.7188,161.2521,0.05073793,6.7188,6.7188,6.7188,6.7188,6.7188,161.2521,0.05073793,33.5942,31.012,134.3767,136.9589,0.04228161,0.04309408,0.00211408,12.3184,11.1907,0.6561,5.7921,1.6631,109.5909,8.8276,12.6031,11.6365,10.3271,12.8577,12.9089,14.9574,18.0724,25.8096,12.8577,0.0,1.405577,2.00733,0.958055,24,71,11,3,0.72173164,0.05285201,-0.01844299,0E-8,0.000000,0.901411,0.000000,0.25620951,2026-06-07,2026-08-04,29,101,94,59,0.491525,1.083064,1.023114,2.405772,,,,,,,,GLOBAL_BASELINE_NO_ENTITY_RANKING,,,NOT_APPLICABLE_GLOBAL_BASELINE,HF9g-P5,,,,X 全窗基线 · 不参与实体赏罚,6871835,688,A168_HF9F_20260827_0900,2026-08-27 09:00:00
2026-07-24,141631172,2093,0,64.5444619689,-10.8434696108,-10.8434696108,0.5000000,5,5,0.49860758000000000,0.498607580000,0.005569701597489473,0.005569701597489473,0.005569701597489473,0E-17,ELIGIBLE,R03b_20260811_FULL_v1,L1_ELIGIBILITY,v2026-08-11,2026-03-21..2026-08-06,baccarat_bet02_101_all_pairs_incl_sentinel,round_win = game_pnl > 0 (decisive only),COMPATIBILITY_ONLY_NOT_PRODUCTION,3178.1371,2864.8090,167.9709,258,256,-0.05285201,0.01844299,-0.23776652,-0.05285201,-167.9709,3178.1371,OK,0.0000,6.7188,4.0000,96.0000,AG03-UNRESOLVED,ALL5_LEVELS_bet23_to_bet27,6.7188,6.7188,6.7188,6.7188,6.7188,4.000000,4.000000,4.000000,4.000000,4.000000,96.000000,96.000000,96.000000,96.000000,96.000000,5.0,33.5942,31.012,134.3767,136.9589,PENDING_AG03,FALSE,NOT_FOR_ENFORCEMENT,161.2521,2750.2167,167.9709,161.2521,6.7188,0.05285201,0.05073793,6.7188,161.2521,0.05073793,6.7188,6.7188,6.7188,6.7188,6.7188,161.2521,0.05073793,33.5942,31.012,134.3767,136.9589,0.04228161,0.04309408,0.00211408,12.3184,11.1907,0.6561,5.7921,1.6631,109.5909,8.8276,12.6031,11.6365,10.3271,12.8577,12.9089,14.9574,18.0724,25.8096,12.8577,0.0,1.405577,2.00733,0.958055,24,71,11,3,0.72173164,0.05285201,-0.01844299,0E-8,0.000000,0.901411,0.000000,0.25620951,2026-06-07,2026-08-04,29,101,94,59,0.491525,1.083064,1.023114,2.405772,,,,,,,,GLOBAL_BASELINE_NO_ENTITY_RANKING,,,NOT_APPLICABLE_GLOBAL_BASELINE,HF9g-P5,,,,X 全窗基线 · 不参与实体赏罚,6871836,688,A168_HF9F_20260827_0900,2026-08-27 09:00:00
2026-07-24,141631172,970,0,12.9088923938,-12.9088923938,-12.9088923938,0E-7,1,1,0.50665070000000000,0.506650700000,-1.013391052207602,-1.013391052207602,-1.013391052207602,0E-17,ELIGIBLE,R03b_20260811_FULL_v1,L1_ELIGIBILITY,v2026-08-11,2026-03-21..2026-08-06,baccarat_bet02_101_all_pairs_incl_sentinel,round_win = game_pnl > 0 (decisive only),COMPATIBILITY_ONLY_NOT_PRODUCTION,3178.1371,2864.8090,167.9709,258,256,-0.05285201,0.01844299,-0.23776652,-0.05285201,-167.9709,3178.1371,OK,0.0000,6.7188,4.0000,96.0000,AG03-UNRESOLVED,ALL5_LEVELS_bet23_to_bet27,6.7188,6.7188,6.7188,6.7188,6.7188,4.000000,4.000000,4.000000,4.000000,4.000000,96.000000,96.000000,96.000000,96.000000,96.000000,5.0,33.5942,31.012,134.3767,136.9589,PENDING_AG03,FALSE,NOT_FOR_ENFORCEMENT,161.2521,2750.2167,167.9709,161.2521,6.7188,0.05285201,0.05073793,6.7188,161.2521,0.05073793,6.7188,6.7188,6.7188,6.7188,6.7188,161.2521,0.05073793,33.5942,31.012,134.3767,136.9589,0.04228161,0.04309408,0.00211408,12.3184,11.1907,0.6561,5.7921,1.6631,109.5909,8.8276,12.6031,11.6365,10.3271,12.8577,12.9089,14.9574,18.0724,25.8096,12.8577,0.0,1.405577,2.00733,0.958055,24,71,11,3,0.72173164,0.05285201,-0.01844299,0E-8,0.000000,0.901411,0.000000,0.25620951,2026-06-07,2026-08-04,29,101,94,59,0.491525,1.083064,1.023114,2.405772,,,,,,,,GLOBAL_BASELINE_NO_ENTITY_RANKING,,,NOT_APPLICABLE_GLOBAL_BASELINE,HF9g-P5,,,,X 全窗基线 · 不参与实体赏罚,6871837,688,A168_HF9F_20260827_0900,2026-08-27 09:00:00
2026-07-26,141631172,-1,1,85.1986897991,41.8248113559,41.8248113559,0.8333333,7,6,0.49359796874987531,0.467844975000,1.6644930290447495,1.794234094883719,1.6644930290447495,0.02575299374987531,SENTINEL_DEALER,R03b_20260811_FULL_v1,L1_ELIGIBILITY,v2026-08-11,2026-03-21..2026-08-06,baccarat_bet02_101_all_pairs_incl_sentinel,round_win = game_pnl > 0 (decisive only),COMPATIBILITY_ONLY_NOT_PRODUCTION,3178.1371,2864.8090,167.9709,258,256,-0.05285201,0.01844299,-0.23776652,-0.05285201,-167.9709,3178.1371,OK,0.0000,6.7188,4.0000,96.0000,AG03-UNRESOLVED,ALL5_LEVELS_bet23_to_bet27,6.7188,6.7188,6.7188,6.7188,6.7188,4.000000,4.000000,4.000000,4.000000,4.000000,96.000000,96.000000,96.000000,96.000000,96.000000,5.0,33.5942,31.012,134.3767,136.9589,PENDING_AG03,FALSE,NOT_FOR_ENFORCEMENT,161.2521,2750.2167,167.9709,161.2521,6.7188,0.05285201,0.05073793,6.7188,161.2521,0.05073793,6.7188,6.7188,6.7188,6.7188,6.7188,161.2521,0.05073793,33.5942,31.012,134.3767,136.9589,0.04228161,0.04309408,0.00211408,12.3184,11.1907,0.6561,5.7921,1.6631,109.5909,8.8276,12.6031,11.6365,10.3271,12.8577,12.9089,14.9574,18.0724,25.8096,12.8577,0.0,1.405577,2.00733,0.958055,24,71,11,3,0.72173164,0.05285201,-0.01844299,0E-8,0.000000,0.901411,0.000000,0.25620951,2026-06-07,2026-08-04,29,101,94,59,0.491525,1.083064,1.023114,2.405772,,,,,,,,GLOBAL_BASELINE_NO_ENTITY_RANKING,,,NOT_APPLICABLE_GLOBAL_BASELINE,HF9g-P5,,,,X 全窗基线 · 不参与实体赏罚,6871838,688,A168_HF9F_20260827_0900,2026-08-27 09:00:00
2026-07-26,141631172,2153,0,74.8715758840,72.2897974052,72.2897974052,1.0000000,3,3,0.50218230000000000,0.502182300000,1.724507524396475,1.7245075243964754,1.724507524396475,0E-17,ELIGIBLE,R03b_20260811_FULL_v1,L1_ELIGIBILITY,v2026-08-11,2026-03-21..2026-08-06,baccarat_bet02_101_all_pairs_incl_sentinel,round_win = game_pnl > 0 (decisive only),COMPATIBILITY_ONLY_NOT_PRODUCTION,3178.1371,2864.8090,167.9709,258,256,-0.05285201,0.01844299,-0.23776652,-0.05285201,-167.9709,3178.1371,OK,0.0000,6.7188,4.0000,96.0000,AG03-UNRESOLVED,ALL5_LEVELS_bet23_to_bet27,6.7188,6.7188,6.7188,6.7188,6.7188,4.000000,4.000000,4.000000,4.000000,4.000000,96.000000,96.000000,96.000000,96.000000,96.000000,5.0,33.5942,31.012,134.3767,136.9589,PENDING_AG03,FALSE,NOT_FOR_ENFORCEMENT,161.2521,2750.2167,167.9709,161.2521,6.7188,0.05285201,0.05073793,6.7188,161.2521,0.05073793,6.7188,6.7188,6.7188,6.7188,6.7188,161.2521,0.05073793,33.5942,31.012,134.3767,136.9589,0.04228161,0.04309408,0.00211408,12.3184,11.1907,0.6561,5.7921,1.6631,109.5909,8.8276,12.6031,11.6365,10.3271,12.8577,12.9089,14.9574,18.0724,25.8096,12.8577,0.0,1.405577,2.00733,0.958055,24,71,11,3,0.72173164,0.05285201,-0.01844299,0E-8,0.000000,0.901411,0.000000,0.25620951,2026-06-07,2026-08-04,29,101,94,59,0.491525,1.083064,1.023114,2.405772,,,,,,,,GLOBAL_BASELINE_NO_ENTITY_RANKING,,,NOT_APPLICABLE_GLOBAL_BASELINE,HF9g-P5,,,,X 全窗基线 · 不参与实体赏罚,6871839,688,A168_HF9F_20260827_0900,2026-08-27 09:00:00
2026-07-27,141631172,1306,0,11.6180031544,0E-10,0E-10,,1,1,0.50665070000000000,0.506650700000,,,,0E-17,NO_DECISIVE_ROUND,R03b_20260811_FULL_v1,L1_ELIGIBILITY,v2026-08-11,2026-03-21..2026-08-06,baccarat_bet02_101_all_pairs_incl_sentinel,round_win = game_pnl > 0 (decisive only),COMPATIBILITY_ONLY_NOT_PRODUCTION,3178.1371,2864.8090,167.9709,258,256,-0.05285201,0.01844299,-0.23776652,-0.05285201,-167.9709,3178.1371,OK,0.0000,6.7188,4.0000,96.0000,AG03-UNRESOLVED,ALL5_LEVELS_bet23_to_bet27,6.7188,6.7188,6.7188,6.7188,6.7188,4.000000,4.000000,4.000000,4.000000,4.000000,96.000000,96.000000,96.000000,96.000000,96.000000,5.0,33.5942,31.012,134.3767,136.9589,PENDING_AG03,FALSE,NOT_FOR_ENFORCEMENT,161.2521,2750.2167,167.9709,161.2521,6.7188,0.05285201,0.05073793,6.7188,161.2521,0.05073793,6.7188,6.7188,6.7188,6.7188,6.7188,161.2521,0.05073793,33.5942,31.012,134.3767,136.9589,0.04228161,0.04309408,0.00211408,12.3184,11.1907,0.6561,5.7921,1.6631,109.5909,8.8276,12.6031,11.6365,10.3271,12.8577,12.9089,14.9574,18.0724,25.8096,12.8577,0.0,1.405577,2.00733,0.958055,24,71,11,3,0.72173164,0.05285201,-0.01844299,0E-8,0.000000,0.901411,0.000000,0.25620951,2026-06-07,2026-08-04,29,101,94,59,0.491525,1.083064,1.023114,2.405772,,,,,,,,GLOBAL_BASELINE_NO_ENTITY_RANKING,,,NOT_APPLICABLE_GLOBAL_BASELINE,HF9g-P5,,,,X 全窗基线 · 不参与实体赏罚,6871840,688,A168_HF9F_20260827_0900,2026-08-27 09:00:00
2026-07-27,141631172,1384,0,11.6180031544,-11.6180031544,-11.6180031544,0E-7,1,1,0.50665070000000000,0.506650700000,-1.013391052207602,-1.013391052207602,-1.013391052207602,0E-17,ELIGIBLE,R03b_20260811_FULL_v1,L1_ELIGIBILITY,v2026-08-11,2026-03-21..2026-08-06,baccarat_bet02_101_all_pairs_incl_sentinel,round_win = game_pnl > 0 (decisive only),COMPATIBILITY_ONLY_NOT_PRODUCTION,3178.1371,2864.8090,167.9709,258,256,-0.05285201,0.01844299,-0.23776652,-0.05285201,-167.9709,3178.1371,OK,0.0000,6.7188,4.0000,96.0000,AG03-UNRESOLVED,ALL5_LEVELS_bet23_to_bet27,6.7188,6.7188,6.7188,6.7188,6.7188,4.000000,4.000000,4.000000,4.000000,4.000000,96.000000,96.000000,96.000000,96.000000,96.000000,5.0,33.5942,31.012,134.3767,136.9589,PENDING_AG03,FALSE,NOT_FOR_ENFORCEMENT,161.2521,2750.2167,167.9709,161.2521,6.7188,0.05285201,0.05073793,6.7188,161.2521,0.05073793,6.7188,6.7188,6.7188,6.7188,6.7188,161.2521,0.05073793,33.5942,31.012,134.3767,136.9589,0.04228161,0.04309408,0.00211408,12.3184,11.1907,0.6561,5.7921,1.6631,109.5909,8.8276,12.6031,11.6365,10.3271,12.8577,12.9089,14.9574,18.0724,25.8096,12.8577,0.0,1.405577,2.00733,0.958055,24,71,11,3,0.72173164,0.05285201,-0.01844299,0E-8,0.000000,0.901411,0.000000,0.25620951,2026-06-07,2026-08-04,29,101,94,59,0.491525,1.083064,1.023114,2.405772,,,,,,,,GLOBAL_BASELINE_NO_ENTITY_RANKING,,,NOT_APPLICABLE_GLOBAL_BASELINE,HF9g-P5,,,,X 全窗基线 · 不参与实体赏罚,6871841,688,A168_HF9F_20260827_0900,2026-08-27 09:00:00
2026-07-27,141631172,2220,0,12.9088923938,-12.9088923938,-12.9088923938,0E-7,1,1,0.50665070000000000,0.506650700000,-1.013391052207602,-1.013391052207602,-1.013391052207602,0E-17,ELIGIBLE,R03b_20260811_FULL_v1,L1_ELIGIBILITY,v2026-08-11,2026-03-21..2026-08-06,baccarat_bet02_101_all_pairs_incl_sentinel,round_win = game_pnl > 0 (decisive only),COMPATIBILITY_ONLY_NOT_PRODUCTION,3178.1371,2864.8090,167.9709,258,256,-0.05285201,0.01844299,-0.23776652,-0.05285201,-167.9709,3178.1371,OK,0.0000,6.7188,4.0000,96.0000,AG03-UNRESOLVED,ALL5_LEVELS_bet23_to_bet27,6.7188,6.7188,6.7188,6.7188,6.7188,4.000000,4.000000,4.000000,4.000000,4.000000,96.000000,96.000000,96.000000,96.000000,96.000000,5.0,33.5942,31.012,134.3767,136.9589,PENDING_AG03,FALSE,NOT_FOR_ENFORCEMENT,161.2521,2750.2167,167.9709,161.2521,6.7188,0.05285201,0.05073793,6.7188,161.2521,0.05073793,6.7188,6.7188,6.7188,6.7188,6.7188,161.2521,0.05073793,33.5942,31.012,134.3767,136.9589,0.04228161,0.04309408,0.00211408,12.3184,11.1907,0.6561,5.7921,1.6631,109.5909,8.8276,12.6031,11.6365,10.3271,12.8577,12.9089,14.9574,18.0724,25.8096,12.8577,0.0,1.405577,2.00733,0.958055,24,71,11,3,0.72173164,0.05285201,-0.01844299,0E-8,0.000000,0.901411,0.000000,0.25620951,2026-06-07,2026-08-04,29,101,94,59,0.491525,1.083064,1.023114,2.405772,,,,,,,,GLOBAL_BASELINE_NO_ENTITY_RANKING,,,NOT_APPLICABLE_GLOBAL_BASELINE,HF9g-P5,,,,X 全窗基线 · 不参与实体赏罚,6871842,688,A168_HF9F_20260827_0900,2026-08-27 09:00:00
2026-07-27,141631172,626,0,25.8177847876,-0.6454446197,-0.6454446197,0.5000000,2,2,0.50665070000000000,0.506650700000,-0.018812684590367487,-0.018812684590367487,-0.018812684590367487,0E-17,ELIGIBLE,R03b_20260811_FULL_v1,L1_ELIGIBILITY,v2026-08-11,2026-03-21..2026-08-06,baccarat_bet02_101_all_pairs_incl_sentinel,round_win = game_pnl > 0 (decisive only),COMPATIBILITY_ONLY_NOT_PRODUCTION,3178.1371,2864.8090,167.9709,258,256,-0.05285201,0.01844299,-0.23776652,-0.05285201,-167.9709,3178.1371,OK,0.0000,6.7188,4.0000,96.0000,AG03-UNRESOLVED,ALL5_LEVELS_bet23_to_bet27,6.7188,6.7188,6.7188,6.7188,6.7188,4.000000,4.000000,4.000000,4.000000,4.000000,96.000000,96.000000,96.000000,96.000000,96.000000,5.0,33.5942,31.012,134.3767,136.9589,PENDING_AG03,FALSE,NOT_FOR_ENFORCEMENT,161.2521,2750.2167,167.9709,161.2521,6.7188,0.05285201,0.05073793,6.7188,161.2521,0.05073793,6.7188,6.7188,6.7188,6.7188,6.7188,161.2521,0.05073793,33.5942,31.012,134.3767,136.9589,0.04228161,0.04309408,0.00211408,12.3184,11.1907,0.6561,5.7921,1.6631,109.5909,8.8276,12.6031,11.6365,10.3271,12.8577,12.9089,14.9574,18.0724,25.8096,12.8577,0.0,1.405577,2.00733,0.958055,24,71,11,3,0.72173164,0.05285201,-0.01844299,0E-8,0.000000,0.901411,0.000000,0.25620951,2026-06-07,2026-08-04,29,101,94,59,0.491525,1.083064,1.023114,2.405772,,,,,,,,GLOBAL_BASELINE_NO_ENTITY_RANKING,,,NOT_APPLICABLE_GLOBAL_BASELINE,HF9g-P5,,,,X 全窗基线 · 不参与实体赏罚,6871843,688,A168_HF9F_20260827_0900,2026-08-27 09:00:00
2026-07-30,141631172,1935,0,8.1888849789,-8.1888849789,-8.1888849789,0E-7,1,1,0.50665070000000000,0.506650700000,-1.013391052207602,-1.013391052207602,-1.013391052207602,0E-17,ELIGIBLE,R03b_20260811_FULL_v1,L1_ELIGIBILITY,v2026-08-11,2026-03-21..2026-08-06,baccarat_bet02_101_all_pairs_incl_sentinel,round_win = game_pnl > 0 (decisive only),COMPATIBILITY_ONLY_NOT_PRODUCTION,3178.1371,2864.8090,167.9709,258,256,-0.05285201,0.01844299,-0.23776652,-0.05285201,-167.9709,3178.1371,OK,0.0000,6.7188,4.0000,96.0000,AG03-UNRESOLVED,ALL5_LEVELS_bet23_to_bet27,6.7188,6.7188,6.7188,6.7188,6.7188,4.000000,4.000000,4.000000,4.000000,4.000000,96.000000,96.000000,96.000000,96.000000,96.000000,5.0,33.5942,31.012,134.3767,136.9589,PENDING_AG03,FALSE,NOT_FOR_ENFORCEMENT,161.2521,2750.2167,167.9709,161.2521,6.7188,0.05285201,0.05073793,6.7188,161.2521,0.05073793,6.7188,6.7188,6.7188,6.7188,6.7188,161.2521,0.05073793,33.5942,31.012,134.3767,136.9589,0.04228161,0.04309408,0.00211408,12.3184,11.1907,0.6561,5.7921,1.6631,109.5909,8.8276,12.6031,11.6365,10.3271,12.8577,12.9089,14.9574,18.0724,25.8096,12.8577,0.0,1.405577,2.00733,0.958055,24,71,11,3,0.72173164,0.05285201,-0.01844299,0E-8,0.000000,0.901411,0.000000,0.25620951,2026-06-07,2026-08-04,29,101,94,59,0.491525,1.083064,1.023114,2.405772,,,,,,,,GLOBAL_BASELINE_NO_ENTITY_RANKING,,,NOT_APPLICABLE_GLOBAL_BASELINE,HF9g-P5,,,,X 全窗基线 · 不参与实体赏罚,6871844,688,A168_HF9F_20260827_0900,2026-08-27 09:00:00
2026-07-30,141631172,2127,0,11.6180031544,11.0371029967,11.0371029967,1.0000000,1,1,0.50665070000000000,0.506650700000,0.9867858985152569,0.9867858985152569,0.9867858985152569,0E-17,ELIGIBLE,R03b_20260811_FULL_v1,L1_ELIGIBILITY,v2026-08-11,2026-03-21..2026-08-06,baccarat_bet02_101_all_pairs_incl_sentinel,round_win = game_pnl > 0 (decisive only),COMPATIBILITY_ONLY_NOT_PRODUCTION,3178.1371,2864.8090,167.9709,258,256,-0.05285201,0.01844299,-0.23776652,-0.05285201,-167.9709,3178.1371,OK,0.0000,6.7188,4.0000,96.0000,AG03-UNRESOLVED,ALL5_LEVELS_bet23_to_bet27,6.7188,6.7188,6.7188,6.7188,6.7188,4.000000,4.000000,4.000000,4.000000,4.000000,96.000000,96.000000,96.000000,96.000000,96.000000,5.0,33.5942,31.012,134.3767,136.9589,PENDING_AG03,FALSE,NOT_FOR_ENFORCEMENT,161.2521,2750.2167,167.9709,161.2521,6.7188,0.05285201,0.05073793,6.7188,161.2521,0.05073793,6.7188,6.7188,6.7188,6.7188,6.7188,161.2521,0.05073793,33.5942,31.012,134.3767,136.9589,0.04228161,0.04309408,0.00211408,12.3184,11.1907,0.6561,5.7921,1.6631,109.5909,8.8276,12.6031,11.6365,10.3271,12.8577,12.9089,14.9574,18.0724,25.8096,12.8577,0.0,1.405577,2.00733,0.958055,24,71,11,3,0.72173164,0.05285201,-0.01844299,0E-8,0.000000,0.901411,0.000000,0.25620951,2026-06-07,2026-08-04,29,101,94,59,0.491525,1.083064,1.023114,2.405772,,,,,,,,GLOBAL_BASELINE_NO_ENTITY_RANKING,,,NOT_APPLICABLE_GLOBAL_BASELINE,HF9g-P5,,,,X 全窗基线 · 不参与实体赏罚,6871845,688,A168_HF9F_20260827_0900,2026-08-27 09:00:00
2026-07-30,141631172,2266,0,21.9451170694,-21.9451170694,-21.9451170694,0E-7,2,2,0.49994810000000000,0.499948100000,-1.4140667746232096,-1.4140667746232096,-1.4140667746232096,0E-17,ELIGIBLE,R03b_20260811_FULL_v1,L1_ELIGIBILITY,v2026-08-11,2026-03-21..2026-08-06,baccarat_bet02_101_all_pairs_incl_sentinel,round_win = game_pnl > 0 (decisive only),COMPATIBILITY_ONLY_NOT_PRODUCTION,3178.1371,2864.8090,167.9709,258,256,-0.05285201,0.01844299,-0.23776652,-0.05285201,-167.9709,3178.1371,OK,0.0000,6.7188,4.0000,96.0000,AG03-UNRESOLVED,ALL5_LEVELS_bet23_to_bet27,6.7188,6.7188,6.7188,6.7188,6.7188,4.000000,4.000000,4.000000,4.000000,4.000000,96.000000,96.000000,96.000000,96.000000,96.000000,5.0,33.5942,31.012,134.3767,136.9589,PENDING_AG03,FALSE,NOT_FOR_ENFORCEMENT,161.2521,2750.2167,167.9709,161.2521,6.7188,0.05285201,0.05073793,6.7188,161.2521,0.05073793,6.7188,6.7188,6.7188,6.7188,6.7188,161.2521,0.05073793,33.5942,31.012,134.3767,136.9589,0.04228161,0.04309408,0.00211408,12.3184,11.1907,0.6561,5.7921,1.6631,109.5909,8.8276,12.6031,11.6365,10.3271,12.8577,12.9089,14.9574,18.0724,25.8096,12.8577,0.0,1.405577,2.00733,0.958055,24,71,11,3,0.72173164,0.05285201,-0.01844299,0E-8,0.000000,0.901411,0.000000,0.25620951,2026-06-07,2026-08-04,29,101,94,59,0.491525,1.083064,1.023114,2.405772,,,,,,,,GLOBAL_BASELINE_NO_ENTITY_RANKING,,,NOT_APPLICABLE_GLOBAL_BASELINE,HF9g-P5,,,,X 全窗基线 · 不参与实体赏罚,6871846,688,A168_HF9F_20260827_0900,2026-08-27 09:00:00
2026-07-31,141631172,-1,1,73.5806866446,39.7593885730,39.7593885730,0.8333333,7,7,0.50282064285714286,0.502820642857,1.6192006553726281,1.6192006553733256,1.6192006553726281,1.4286E-13,SENTINEL_DEALER,R03b_20260811_FULL_v1,L1_ELIGIBILITY,v2026-08-11,2026-03-21..2026-08-06,baccarat_bet02_101_all_pairs_incl_sentinel,round_win = game_pnl > 0 (decisive only),COMPATIBILITY_ONLY_NOT_PRODUCTION,3178.1371,2864.8090,167.9709,258,256,-0.05285201,0.01844299,-0.23776652,-0.05285201,-167.9709,3178.1371,OK,0.0000,6.7188,4.0000,96.0000,AG03-UNRESOLVED,ALL5_LEVELS_bet23_to_bet27,6.7188,6.7188,6.7188,6.7188,6.7188,4.000000,4.000000,4.000000,4.000000,4.000000,96.000000,96.000000,96.000000,96.000000,96.000000,5.0,33.5942,31.012,134.3767,136.9589,PENDING_AG03,FALSE,NOT_FOR_ENFORCEMENT,161.2521,2750.2167,167.9709,161.2521,6.7188,0.05285201,0.05073793,6.7188,161.2521,0.05073793,6.7188,6.7188,6.7188,6.7188,6.7188,161.2521,0.05073793,33.5942,31.012,134.3767,136.9589,0.04228161,0.04309408,0.00211408,12.3184,11.1907,0.6561,5.7921,1.6631,109.5909,8.8276,12.6031,11.6365,10.3271,12.8577,12.9089,14.9574,18.0724,25.8096,12.8577,0.0,1.405577,2.00733,0.958055,24,71,11,3,0.72173164,0.05285201,-0.01844299,0E-8,0.000000,0.901411,0.000000,0.25620951,2026-06-07,2026-08-04,29,101,94,59,0.491525,1.083064,1.023114,2.405772,,,,,,,,GLOBAL_BASELINE_NO_ENTITY_RANKING,,,NOT_APPLICABLE_GLOBAL_BASELINE,HF9g-P5,,,,X 全窗基线 · 不参与实体赏罚,6871847,688,A168_HF9F_20260827_0900,2026-08-27 09:00:00
2026-07-31,141631172,2145,0,36.1448987026,14.1997816332,14.1997816332,0.6666667,3,3,0.50665070000000000,0.506650700000,0.5543606114942035,0.5543606114942035,0.5543606114942035,0E-17,ELIGIBLE,R03b_20260811_FULL_v1,L1_ELIGIBILITY,v2026-08-11,2026-03-21..2026-08-06,baccarat_bet02_101_all_pairs_incl_sentinel,round_win = game_pnl > 0 (decisive only),COMPATIBILITY_ONLY_NOT_PRODUCTION,3178.1371,2864.8090,167.9709,258,256,-0.05285201,0.01844299,-0.23776652,-0.05285201,-167.9709,3178.1371,OK,0.0000,6.7188,4.0000,96.0000,AG03-UNRESOLVED,ALL5_LEVELS_bet23_to_bet27,6.7188,6.7188,6.7188,6.7188,6.7188,4.000000,4.000000,4.000000,4.000000,4.000000,96.000000,96.000000,96.000000,96.000000,96.000000,5.0,33.5942,31.012,134.3767,136.9589,PENDING_AG03,FALSE,NOT_FOR_ENFORCEMENT,161.2521,2750.2167,167.9709,161.2521,6.7188,0.05285201,0.05073793,6.7188,161.2521,0.05073793,6.7188,6.7188,6.7188,6.7188,6.7188,161.2521,0.05073793,33.5942,31.012,134.3767,136.9589,0.04228161,0.04309408,0.00211408,12.3184,11.1907,0.6561,5.7921,1.6631,109.5909,8.8276,12.6031,11.6365,10.3271,12.8577,12.9089,14.9574,18.0724,25.8096,12.8577,0.0,1.405577,2.00733,0.958055,24,71,11,3,0.72173164,0.05285201,-0.01844299,0E-8,0.000000,0.901411,0.000000,0.25620951,2026-06-07,2026-08-04,29,101,94,59,0.491525,1.083064,1.023114,2.405772,,,,,,,,GLOBAL_BASELINE_NO_ENTITY_RANKING,,,NOT_APPLICABLE_GLOBAL_BASELINE,HF9g-P5,,,,X 全窗基线 · 不参与实体赏罚,6871848,688,A168_HF9F_20260827_0900,2026-08-27 09:00:00
2026-07-31,141631172,2196,0,25.8177847876,-0.6454446197,-0.6454446197,0.5000000,2,2,0.50665070000000000,0.506650700000,-0.018812684590367487,-0.018812684590367487,-0.018812684590367487,0E-17,ELIGIBLE,R03b_20260811_FULL_v1,L1_ELIGIBILITY,v2026-08-11,2026-03-21..2026-08-06,baccarat_bet02_101_all_pairs_incl_sentinel,round_win = game_pnl > 0 (decisive only),COMPATIBILITY_ONLY_NOT_PRODUCTION,3178.1371,2864.8090,167.9709,258,256,-0.05285201,0.01844299,-0.23776652,-0.05285201,-167.9709,3178.1371,OK,0.0000,6.7188,4.0000,96.0000,AG03-UNRESOLVED,ALL5_LEVELS_bet23_to_bet27,6.7188,6.7188,6.7188,6.7188,6.7188,4.000000,4.000000,4.000000,4.000000,4.000000,96.000000,96.000000,96.000000,96.000000,96.000000,5.0,33.5942,31.012,134.3767,136.9589,PENDING_AG03,FALSE,NOT_FOR_ENFORCEMENT,161.2521,2750.2167,167.9709,161.2521,6.7188,0.05285201,0.05073793,6.7188,161.2521,0.05073793,6.7188,6.7188,6.7188,6.7188,6.7188,161.2521,0.05073793,33.5942,31.012,134.3767,136.9589,0.04228161,0.04309408,0.00211408,12.3184,11.1907,0.6561,5.7921,1.6631,109.5909,8.8276,12.6031,11.6365,10.3271,12.8577,12.9089,14.9574,18.0724,25.8096,12.8577,0.0,1.405577,2.00733,0.958055,24,71,11,3,0.72173164,0.05285201,-0.01844299,0E-8,0.000000,0.901411,0.000000,0.25620951,2026-06-07,2026-08-04,29,101,94,59,0.491525,1.083064,1.023114,2.405772,,,,,,,,GLOBAL_BASELINE_NO_ENTITY_RANKING,,,NOT_APPLICABLE_GLOBAL_BASELINE,HF9g-P5,,,,X 全窗基线 · 不参与实体赏罚,6871849,688,A168_HF9F_20260827_0900,2026-08-27 09:00:00
2026-07-31,141631172,2271,0,10.3271139150,-10.3271139150,-10.3271139150,0E-7,1,1,0.50665070000000000,0.506650700000,-1.013391052207602,-1.013391052207602,-1.013391052207602,0E-17,ELIGIBLE,R03b_20260811_FULL_v1,L1_ELIGIBILITY,v2026-08-11,2026-03-21..2026-08-06,baccarat_bet02_101_all_pairs_incl_sentinel,round_win = game_pnl > 0 (decisive only),COMPATIBILITY_ONLY_NOT_PRODUCTION,3178.1371,2864.8090,167.9709,258,256,-0.05285201,0.01844299,-0.23776652,-0.05285201,-167.9709,3178.1371,OK,0.0000,6.7188,4.0000,96.0000,AG03-UNRESOLVED,ALL5_LEVELS_bet23_to_bet27,6.7188,6.7188,6.7188,6.7188,6.7188,4.000000,4.000000,4.000000,4.000000,4.000000,96.000000,96.000000,96.000000,96.000000,96.000000,5.0,33.5942,31.012,134.3767,136.9589,PENDING_AG03,FALSE,NOT_FOR_ENFORCEMENT,161.2521,2750.2167,167.9709,161.2521,6.7188,0.05285201,0.05073793,6.7188,161.2521,0.05073793,6.7188,6.7188,6.7188,6.7188,6.7188,161.2521,0.05073793,33.5942,31.012,134.3767,136.9589,0.04228161,0.04309408,0.00211408,12.3184,11.1907,0.6561,5.7921,1.6631,109.5909,8.8276,12.6031,11.6365,10.3271,12.8577,12.9089,14.9574,18.0724,25.8096,12.8577,0.0,1.405577,2.00733,0.958055,24,71,11,3,0.72173164,0.05285201,-0.01844299,0E-8,0.000000,0.901411,0.000000,0.25620951,2026-06-07,2026-08-04,29,101,94,59,0.491525,1.083064,1.023114,2.405772,,,,,,,,GLOBAL_BASELINE_NO_ENTITY_RANKING,,,NOT_APPLICABLE_GLOBAL_BASELINE,HF9g-P5,,,,X 全窗基线 · 不参与实体赏罚,6871850,688,A168_HF9F_20260827_0900,2026-08-27 09:00:00
2026-08-01,141631172,1485,0,6.2974171651,-6.2974171651,-6.2974171651,0E-7,1,1,0.50665070000000000,0.506650700000,-1.013391052207602,-1.013391052207602,-1.013391052207602,0E-17,ELIGIBLE,R03b_20260811_FULL_v1,L1_ELIGIBILITY,v2026-08-11,2026-03-21..2026-08-06,baccarat_bet02_101_all_pairs_incl_sentinel,round_win = game_pnl > 0 (decisive only),COMPATIBILITY_ONLY_NOT_PRODUCTION,3178.1371,2864.8090,167.9709,258,256,-0.05285201,0.01844299,-0.23776652,-0.05285201,-167.9709,3178.1371,OK,0.0000,6.7188,4.0000,96.0000,AG03-UNRESOLVED,ALL5_LEVELS_bet23_to_bet27,6.7188,6.7188,6.7188,6.7188,6.7188,4.000000,4.000000,4.000000,4.000000,4.000000,96.000000,96.000000,96.000000,96.000000,96.000000,5.0,33.5942,31.012,134.3767,136.9589,PENDING_AG03,FALSE,NOT_FOR_ENFORCEMENT,161.2521,2750.2167,167.9709,161.2521,6.7188,0.05285201,0.05073793,6.7188,161.2521,0.05073793,6.7188,6.7188,6.7188,6.7188,6.7188,161.2521,0.05073793,33.5942,31.012,134.3767,136.9589,0.04228161,0.04309408,0.00211408,12.3184,11.1907,0.6561,5.7921,1.6631,109.5909,8.8276,12.6031,11.6365,10.3271,12.8577,12.9089,14.9574,18.0724,25.8096,12.8577,0.0,1.405577,2.00733,0.958055,24,71,11,3,0.72173164,0.05285201,-0.01844299,0E-8,0.000000,0.901411,0.000000,0.25620951,2026-06-07,2026-08-04,29,101,94,59,0.491525,1.083064,1.023114,2.405772,,,,,,,,GLOBAL_BASELINE_NO_ENTITY_RANKING,,,NOT_APPLICABLE_GLOBAL_BASELINE,HF9g-P5,,,,X 全窗基线 · 不参与实体赏罚,6871851,688,A168_HF9F_20260827_0900,2026-08-27 09:00:00
2026-08-02,141631172,2278,0,12.8424365061,-12.8424365061,-12.8424365061,0E-7,1,1,0.50665070000000000,0.506650700000,-1.013391052207602,-1.013391052207602,-1.013391052207602,0E-17,ELIGIBLE,R03b_20260811_FULL_v1,L1_ELIGIBILITY,v2026-08-11,2026-03-21..2026-08-06,baccarat_bet02_101_all_pairs_incl_sentinel,round_win = game_pnl > 0 (decisive only),COMPATIBILITY_ONLY_NOT_PRODUCTION,3178.1371,2864.8090,167.9709,258,256,-0.05285201,0.01844299,-0.23776652,-0.05285201,-167.9709,3178.1371,OK,0.0000,6.7188,4.0000,96.0000,AG03-UNRESOLVED,ALL5_LEVELS_bet23_to_bet27,6.7188,6.7188,6.7188,6.7188,6.7188,4.000000,4.000000,4.000000,4.000000,4.000000,96.000000,96.000000,96.000000,96.000000,96.000000,5.0,33.5942,31.012,134.3767,136.9589,PENDING_AG03,FALSE,NOT_FOR_ENFORCEMENT,161.2521,2750.2167,167.9709,161.2521,6.7188,0.05285201,0.05073793,6.7188,161.2521,0.05073793,6.7188,6.7188,6.7188,6.7188,6.7188,161.2521,0.05073793,33.5942,31.012,134.3767,136.9589,0.04228161,0.04309408,0.00211408,12.3184,11.1907,0.6561,5.7921,1.6631,109.5909,8.8276,12.6031,11.6365,10.3271,12.8577,12.9089,14.9574,18.0724,25.8096,12.8577,0.0,1.405577,2.00733,0.958055,24,71,11,3,0.72173164,0.05285201,-0.01844299,0E-8,0.000000,0.901411,0.000000,0.25620951,2026-06-07,2026-08-04,29,101,94,59,0.491525,1.083064,1.023114,2.405772,,,,,,,,GLOBAL_BASELINE_NO_ENTITY_RANKING,,,NOT_APPLICABLE_GLOBAL_BASELINE,HF9g-P5,,,,X 全窗基线 · 不参与实体赏罚,6871852,688,A168_HF9F_20260827_0900,2026-08-27 09:00:00
2026-08-02,141631172,2288,0,35.9588222171,-10.9160710302,-10.9160710302,0.3333333,3,3,0.50665070000000000,0.506650700000,-0.6004420894325239,-0.6004420894325239,-0.6004420894325239,0E-17,ELIGIBLE,R03b_20260811_FULL_v1,L1_ELIGIBILITY,v2026-08-11,2026-03-21..2026-08-06,baccarat_bet02_101_all_pairs_incl_sentinel,round_win = game_pnl > 0 (decisive only),COMPATIBILITY_ONLY_NOT_PRODUCTION,3178.1371,2864.8090,167.9709,258,256,-0.05285201,0.01844299,-0.23776652,-0.05285201,-167.9709,3178.1371,OK,0.0000,6.7188,4.0000,96.0000,AG03-UNRESOLVED,ALL5_LEVELS_bet23_to_bet27,6.7188,6.7188,6.7188,6.7188,6.7188,4.000000,4.000000,4.000000,4.000000,4.000000,96.000000,96.000000,96.000000,96.000000,96.000000,5.0,33.5942,31.012,134.3767,136.9589,PENDING_AG03,FALSE,NOT_FOR_ENFORCEMENT,161.2521,2750.2167,167.9709,161.2521,6.7188,0.05285201,0.05073793,6.7188,161.2521,0.05073793,6.7188,6.7188,6.7188,6.7188,6.7188,161.2521,0.05073793,33.5942,31.012,134.3767,136.9589,0.04228161,0.04309408,0.00211408,12.3184,11.1907,0.6561,5.7921,1.6631,109.5909,8.8276,12.6031,11.6365,10.3271,12.8577,12.9089,14.9574,18.0724,25.8096,12.8577,0.0,1.405577,2.00733,0.958055,24,71,11,3,0.72173164,0.05285201,-0.01844299,0E-8,0.000000,0.901411,0.000000,0.25620951,2026-06-07,2026-08-04,29,101,94,59,0.491525,1.083064,1.023114,2.405772,,,,,,,,GLOBAL_BASELINE_NO_ENTITY_RANKING,,,NOT_APPLICABLE_GLOBAL_BASELINE,HF9g-P5,,,,X 全窗基线 · 不参与实体赏罚,6871853,688,A168_HF9F_20260827_0900,2026-08-27 09:00:00
2026-08-04,141631172,1301,0,30.8218476147,-15.7961969025,-15.7961969025,0.3333333,3,3,0.50218230000000000,0.502182300000,-0.5849155494134425,-0.5849155494134426,-0.5849155494134425,0E-17,ELIGIBLE,R03b_20260811_FULL_v1,L1_ELIGIBILITY,v2026-08-11,2026-03-21..2026-08-06,baccarat_bet02_101_all_pairs_incl_sentinel,round_win = game_pnl > 0 (decisive only),COMPATIBILITY_ONLY_NOT_PRODUCTION,3178.1371,2864.8090,167.9709,258,256,-0.05285201,0.01844299,-0.23776652,-0.05285201,-167.9709,3178.1371,OK,0.0000,6.7188,4.0000,96.0000,AG03-UNRESOLVED,ALL5_LEVELS_bet23_to_bet27,6.7188,6.7188,6.7188,6.7188,6.7188,4.000000,4.000000,4.000000,4.000000,4.000000,96.000000,96.000000,96.000000,96.000000,96.000000,5.0,33.5942,31.012,134.3767,136.9589,PENDING_AG03,FALSE,NOT_FOR_ENFORCEMENT,161.2521,2750.2167,167.9709,161.2521,6.7188,0.05285201,0.05073793,6.7188,161.2521,0.05073793,6.7188,6.7188,6.7188,6.7188,6.7188,161.2521,0.05073793,33.5942,31.012,134.3767,136.9589,0.04228161,0.04309408,0.00211408,12.3184,11.1907,0.6561,5.7921,1.6631,109.5909,8.8276,12.6031,11.6365,10.3271,12.8577,12.9089,14.9574,18.0724,25.8096,12.8577,0.0,1.405577,2.00733,0.958055,24,71,11,3,0.72173164,0.05285201,-0.01844299,0E-8,0.000000,0.901411,0.000000,0.25620951,2026-06-07,2026-08-04,29,101,94,59,0.491525,1.083064,1.023114,2.405772,,,,,,,,GLOBAL_BASELINE_NO_ENTITY_RANKING,,,NOT_APPLICABLE_GLOBAL_BASELINE,HF9g-P5,,,,X 全窗基线 · 不参与实体赏罚,6871854,688,A168_HF9F_20260827_0900,2026-08-27 09:00:00
2026-08-04,141631172,1385,0,25.6848730122,-0.6421218253,-0.6421218253,0.5000000,2,2,0.50665070000000000,0.506650700000,-0.018812684590367487,-0.018812684590367487,-0.018812684590367487,0E-17,ELIGIBLE,R03b_20260811_FULL_v1,L1_ELIGIBILITY,v2026-08-11,2026-03-21..2026-08-06,baccarat_bet02_101_all_pairs_incl_sentinel,round_win = game_pnl > 0 (decisive only),COMPATIBILITY_ONLY_NOT_PRODUCTION,3178.1371,2864.8090,167.9709,258,256,-0.05285201,0.01844299,-0.23776652,-0.05285201,-167.9709,3178.1371,OK,0.0000,6.7188,4.0000,96.0000,AG03-UNRESOLVED,ALL5_LEVELS_bet23_to_bet27,6.7188,6.7188,6.7188,6.7188,6.7188,4.000000,4.000000,4.000000,4.000000,4.000000,96.000000,96.000000,96.000000,96.000000,96.000000,5.0,33.5942,31.012,134.3767,136.9589,PENDING_AG03,FALSE,NOT_FOR_ENFORCEMENT,161.2521,2750.2167,167.9709,161.2521,6.7188,0.05285201,0.05073793,6.7188,161.2521,0.05073793,6.7188,6.7188,6.7188,6.7188,6.7188,161.2521,0.05073793,33.5942,31.012,134.3767,136.9589,0.04228161,0.04309408,0.00211408,12.3184,11.1907,0.6561,5.7921,1.6631,109.5909,8.8276,12.6031,11.6365,10.3271,12.8577,12.9089,14.9574,18.0724,25.8096,12.8577,0.0,1.405577,2.00733,0.958055,24,71,11,3,0.72173164,0.05285201,-0.01844299,0E-8,0.000000,0.901411,0.000000,0.25620951,2026-06-07,2026-08-04,29,101,94,59,0.491525,1.083064,1.023114,2.405772,,,,,,,,GLOBAL_BASELINE_NO_ENTITY_RANKING,,,NOT_APPLICABLE_GLOBAL_BASELINE,HF9g-P5,,,,X 全窗基线 · 不参与实体赏罚,6871855,688,A168_HF9F_20260827_0900,2026-08-27 09:00:00
2026-08-04,141631172,2123,0,66.7806698318,29.1523308688,29.1523308688,0.8000000,6,6,0.50441650000000000,0.504416500000,1.3219411692341432,1.3219411692341432,1.3219411692341432,0E-17,ELIGIBLE,R03b_20260811_FULL_v1,L1_ELIGIBILITY,v2026-08-11,2026-03-21..2026-08-06,baccarat_bet02_101_all_pairs_incl_sentinel,round_win = game_pnl > 0 (decisive only),COMPATIBILITY_ONLY_NOT_PRODUCTION,3178.1371,2864.8090,167.9709,258,256,-0.05285201,0.01844299,-0.23776652,-0.05285201,-167.9709,3178.1371,OK,0.0000,6.7188,4.0000,96.0000,AG03-UNRESOLVED,ALL5_LEVELS_bet23_to_bet27,6.7188,6.7188,6.7188,6.7188,6.7188,4.000000,4.000000,4.000000,4.000000,4.000000,96.000000,96.000000,96.000000,96.000000,96.000000,5.0,33.5942,31.012,134.3767,136.9589,PENDING_AG03,FALSE,NOT_FOR_ENFORCEMENT,161.2521,2750.2167,167.9709,161.2521,6.7188,0.05285201,0.05073793,6.7188,161.2521,0.05073793,6.7188,6.7188,6.7188,6.7188,6.7188,161.2521,0.05073793,33.5942,31.012,134.3767,136.9589,0.04228161,0.04309408,0.00211408,12.3184,11.1907,0.6561,5.7921,1.6631,109.5909,8.8276,12.6031,11.6365,10.3271,12.8577,12.9089,14.9574,18.0724,25.8096,12.8577,0.0,1.405577,2.00733,0.958055,24,71,11,3,0.72173164,0.05285201,-0.01844299,0E-8,0.000000,0.901411,0.000000,0.25620951,2026-06-07,2026-08-04,29,101,94,59,0.491525,1.083064,1.023114,2.405772,,,,,,,,GLOBAL_BASELINE_NO_ENTITY_RANKING,,,NOT_APPLICABLE_GLOBAL_BASELINE,HF9g-P5,,,,X 全窗基线 · 不参与实体赏罚,6871856,688,A168_HF9F_20260827_0900,2026-08-27 09:00:00
2026-08-04,141631172,2223,0,10.2739492049,-10.2739492049,-10.2739492049,0E-7,1,1,0.50665070000000000,0.506650700000,-1.013391052207602,-1.013391052207602,-1.013391052207602,0E-17,ELIGIBLE,R03b_20260811_FULL_v1,L1_ELIGIBILITY,v2026-08-11,2026-03-21..2026-08-06,baccarat_bet02_101_all_pairs_incl_sentinel,round_win = game_pnl > 0 (decisive only),COMPATIBILITY_ONLY_NOT_PRODUCTION,3178.1371,2864.8090,167.9709,258,256,-0.05285201,0.01844299,-0.23776652,-0.05285201,-167.9709,3178.1371,OK,0.0000,6.7188,4.0000,96.0000,AG03-UNRESOLVED,ALL5_LEVELS_bet23_to_bet27,6.7188,6.7188,6.7188,6.7188,6.7188,4.000000,4.000000,4.000000,4.000000,4.000000,96.000000,96.000000,96.000000,96.000000,96.000000,5.0,33.5942,31.012,134.3767,136.9589,PENDING_AG03,FALSE,NOT_FOR_ENFORCEMENT,161.2521,2750.2167,167.9709,161.2521,6.7188,0.05285201,0.05073793,6.7188,161.2521,0.05073793,6.7188,6.7188,6.7188,6.7188,6.7188,161.2521,0.05073793,33.5942,31.012,134.3767,136.9589,0.04228161,0.04309408,0.00211408,12.3184,11.1907,0.6561,5.7921,1.6631,109.5909,8.8276,12.6031,11.6365,10.3271,12.8577,12.9089,14.9574,18.0724,25.8096,12.8577,0.0,1.405577,2.00733,0.958055,24,71,11,3,0.72173164,0.05285201,-0.01844299,0E-8,0.000000,0.901411,0.000000,0.25620951,2026-06-07,2026-08-04,29,101,94,59,0.491525,1.083064,1.023114,2.405772,,,,,,,,GLOBAL_BASELINE_NO_ENTITY_RANKING,,,NOT_APPLICABLE_GLOBAL_BASELINE,HF9g-P5,,,,X 全窗基线 · 不参与实体赏罚,6871857,688,A168_HF9F_20260827_0900,2026-08-27 09:00:00
2026-08-04,141631172,2242,0,12.8424365061,12.8424365061,12.8424365061,1.0000000,1,1,0.49324550000000000,0.493245500000,1.01360149184955,1.01360149184955,1.01360149184955,0E-17,ELIGIBLE,R03b_20260811_FULL_v1,L1_ELIGIBILITY,v2026-08-11,2026-03-21..2026-08-06,baccarat_bet02_101_all_pairs_incl_sentinel,round_win = game_pnl > 0 (decisive only),COMPATIBILITY_ONLY_NOT_PRODUCTION,3178.1371,2864.8090,167.9709,258,256,-0.05285201,0.01844299,-0.23776652,-0.05285201,-167.9709,3178.1371,OK,0.0000,6.7188,4.0000,96.0000,AG03-UNRESOLVED,ALL5_LEVELS_bet23_to_bet27,6.7188,6.7188,6.7188,6.7188,6.7188,4.000000,4.000000,4.000000,4.000000,4.000000,96.000000,96.000000,96.000000,96.000000,96.000000,5.0,33.5942,31.012,134.3767,136.9589,PENDING_AG03,FALSE,NOT_FOR_ENFORCEMENT,161.2521,2750.2167,167.9709,161.2521,6.7188,0.05285201,0.05073793,6.7188,161.2521,0.05073793,6.7188,6.7188,6.7188,6.7188,6.7188,161.2521,0.05073793,33.5942,31.012,134.3767,136.9589,0.04228161,0.04309408,0.00211408,12.3184,11.1907,0.6561,5.7921,1.6631,109.5909,8.8276,12.6031,11.6365,10.3271,12.8577,12.9089,14.9574,18.0724,25.8096,12.8577,0.0,1.405577,2.00733,0.958055,24,71,11,3,0.72173164,0.05285201,-0.01844299,0E-8,0.000000,0.901411,0.000000,0.25620951,2026-06-07,2026-08-04,29,101,94,59,0.491525,1.083064,1.023114,2.405772,,,,,,,,GLOBAL_BASELINE_NO_ENTITY_RANKING,,,NOT_APPLICABLE_GLOBAL_BASELINE,HF9g-P5,,,,X 全窗基线 · 不参与实体赏罚,6871858,688,A168_HF9F_20260827_0900,2026-08-27 09:00:00
2026-08-04,141631172,2252,0,61.6436952292,-30.8218476146,-30.8218476146,0E-7,4,4,0.50665070000000000,0.506650700000,-1.4331513700195317,-1.4331513700195317,-1.4331513700195317,0E-17,ELIGIBLE,R03b_20260811_FULL_v1,L1_ELIGIBILITY,v2026-08-11,2026-03-21..2026-08-06,baccarat_bet02_101_all_pairs_incl_sentinel,round_win = game_pnl > 0 (decisive only),COMPATIBILITY_ONLY_NOT_PRODUCTION,3178.1371,2864.8090,167.9709,258,256,-0.05285201,0.01844299,-0.23776652,-0.05285201,-167.9709,3178.1371,OK,0.0000,6.7188,4.0000,96.0000,AG03-UNRESOLVED,ALL5_LEVELS_bet23_to_bet27,6.7188,6.7188,6.7188,6.7188,6.7188,4.000000,4.000000,4.000000,4.000000,4.000000,96.000000,96.000000,96.000000,96.000000,96.000000,5.0,33.5942,31.012,134.3767,136.9589,PENDING_AG03,FALSE,NOT_FOR_ENFORCEMENT,161.2521,2750.2167,167.9709,161.2521,6.7188,0.05285201,0.05073793,6.7188,161.2521,0.05073793,6.7188,6.7188,6.7188,6.7188,6.7188,161.2521,0.05073793,33.5942,31.012,134.3767,136.9589,0.04228161,0.04309408,0.00211408,12.3184,11.1907,0.6561,5.7921,1.6631,109.5909,8.8276,12.6031,11.6365,10.3271,12.8577,12.9089,14.9574,18.0724,25.8096,12.8577,0.0,1.405577,2.00733,0.958055,24,71,11,3,0.72173164,0.05285201,-0.01844299,0E-8,0.000000,0.901411,0.000000,0.25620951,2026-06-07,2026-08-04,29,101,94,59,0.491525,1.083064,1.023114,2.405772,,,,,,,,GLOBAL_BASELINE_NO_ENTITY_RANKING,,,NOT_APPLICABLE_GLOBAL_BASELINE,HF9g-P5,,,,X 全窗基线 · 不参与实体赏罚,6871859,688,A168_HF9F_20260827_0900,2026-08-27 09:00:00
2026-08-04,141631172,2278,0,43.6642841207,-13.6129826965,-13.6129826965,0.3333333,3,3,0.50218230000000000,0.502182300000,-0.5849155494134425,-0.5849155494134426,-0.5849155494134425,0E-17,ELIGIBLE,R03b_20260811_FULL_v1,L1_ELIGIBILITY,v2026-08-11,2026-03-21..2026-08-06,baccarat_bet02_101_all_pairs_incl_sentinel,round_win = game_pnl > 0 (decisive only),COMPATIBILITY_ONLY_NOT_PRODUCTION,3178.1371,2864.8090,167.9709,258,256,-0.05285201,0.01844299,-0.23776652,-0.05285201,-167.9709,3178.1371,OK,0.0000,6.7188,4.0000,96.0000,AG03-UNRESOLVED,ALL5_LEVELS_bet23_to_bet27,6.7188,6.7188,6.7188,6.7188,6.7188,4.000000,4.000000,4.000000,4.000000,4.000000,96.000000,96.000000,96.000000,96.000000,96.000000,5.0,33.5942,31.012,134.3767,136.9589,PENDING_AG03,FALSE,NOT_FOR_ENFORCEMENT,161.2521,2750.2167,167.9709,161.2521,6.7188,0.05285201,0.05073793,6.7188,161.2521,0.05073793,6.7188,6.7188,6.7188,6.7188,6.7188,161.2521,0.05073793,33.5942,31.012,134.3767,136.9589,0.04228161,0.04309408,0.00211408,12.3184,11.1907,0.6561,5.7921,1.6631,109.5909,8.8276,12.6031,11.6365,10.3271,12.8577,12.9089,14.9574,18.0724,25.8096,12.8577,0.0,1.405577,2.00733,0.958055,24,71,11,3,0.72173164,0.05285201,-0.01844299,0E-8,0.000000,0.901411,0.000000,0.25620951,2026-06-07,2026-08-04,29,101,94,59,0.491525,1.083064,1.023114,2.405772,,,,,,,,GLOBAL_BASELINE_NO_ENTITY_RANKING,,,NOT_APPLICABLE_GLOBAL_BASELINE,HF9g-P5,,,,X 全窗基线 · 不参与实体赏罚,6871860,688,A168_HF9F_20260827_0900,2026-08-27 09:00:00
2026-05-21,128753467,1966,0,146.6232538599,-83.6046633757,-83.6046633757,0.2000000,5,5,0.49860758000000000,0.498607580000,-1.3354188732730328,-1.3354188732730328,-1.3354188732730328,0E-17,ELIGIBLE,R03b_20260811_FULL_v1,L1_ELIGIBILITY,v2026-08-11,2026-03-21..2026-08-06,baccarat_bet02_101_all_pairs_incl_sentinel,round_win = game_pnl > 0 (decisive only),COMPATIBILITY_ONLY_NOT_PRODUCTION,436.4731,326.3351,167.9711,14,14,-0.38483719,,-0.38483719,-0.38483719,-167.9711,436.4731,THIN_EXPOSURE,0.0000,6.7188,4.0000,96.0000,AG03-UNRESOLVED,ALL5_LEVELS_bet23_to_bet27,6.7188,6.7188,6.7188,10.0783,10.0783,4.000000,4.000000,4.000000,6.000000,6.000000,96.000000,96.000000,96.000000,94.000000,94.000000,5.0,40.3131,36.6592,127.6580,131.3119,PENDING_AG03,FALSE,NOT_FOR_ENFORCEMENT,161.2523,313.2817,167.9711,161.2523,6.7188,0.38483719,0.36944370,6.7188,161.2523,0.36944370,6.7188,6.7188,6.7188,10.0783,10.0783,161.2523,0.36944370,40.3131,36.6592,127.6580,131.3119,0.29247627,0.30084753,0.01539349,31.1767,23.3096,11.9979,55.9904,33.5942,145.4910,4.6667,,31.1767,14.7043,29.2561,41.5429,60.5153,62.4623,63.0186,17.6452,-10.3171,2.135019,2.154033,1.065647,3,5,3,2,0E-8,0.38483719,,0E-8,0.000000,0.747664,0.000000,,2026-05-21,2026-06-30,3,5,5,41,0.073171,,,0.000000,,,,,,,,GLOBAL_BASELINE_NO_ENTITY_RANKING,,,NOT_APPLICABLE_GLOBAL_BASELINE,HF9g-P5,,,,X 全窗基线 · 不参与实体赏罚,6871861,688,A168_HF9F_20260827_0900,2026-08-27 09:00:00
2026-05-21,128753467,2188,0,63.6487763890,-7.7197773343,-7.7197773343,0.5000000,3,3,0.50218230000000000,0.502182300000,-0.00617253530718887,-0.00617253530718887,-0.00617253530718887,0E-17,ELIGIBLE,R03b_20260811_FULL_v1,L1_ELIGIBILITY,v2026-08-11,2026-03-21..2026-08-06,baccarat_bet02_101_all_pairs_incl_sentinel,round_win = game_pnl > 0 (decisive only),COMPATIBILITY_ONLY_NOT_PRODUCTION,436.4731,326.3351,167.9711,14,14,-0.38483719,,-0.38483719,-0.38483719,-167.9711,436.4731,THIN_EXPOSURE,0.0000,6.7188,4.0000,96.0000,AG03-UNRESOLVED,ALL5_LEVELS_bet23_to_bet27,6.7188,6.7188,6.7188,10.0783,10.0783,4.000000,4.000000,4.000000,6.000000,6.000000,96.000000,96.000000,96.000000,94.000000,94.000000,5.0,40.3131,36.6592,127.6580,131.3119,PENDING_AG03,FALSE,NOT_FOR_ENFORCEMENT,161.2523,313.2817,167.9711,161.2523,6.7188,0.38483719,0.36944370,6.7188,161.2523,0.36944370,6.7188,6.7188,6.7188,10.0783,10.0783,161.2523,0.36944370,40.3131,36.6592,127.6580,131.3119,0.29247627,0.30084753,0.01539349,31.1767,23.3096,11.9979,55.9904,33.5942,145.4910,4.6667,,31.1767,14.7043,29.2561,41.5429,60.5153,62.4623,63.0186,17.6452,-10.3171,2.135019,2.154033,1.065647,3,5,3,2,0E-8,0.38483719,,0E-8,0.000000,0.747664,0.000000,,2026-05-21,2026-06-30,3,5,5,41,0.073171,,,0.000000,,,,,,,,GLOBAL_BASELINE_NO_ENTITY_RANKING,,,NOT_APPLICABLE_GLOBAL_BASELINE,HF9g-P5,,,,X 全窗基线 · 不参与实体赏罚,6871862,688,A168_HF9F_20260827_0900,2026-08-27 09:00:00
2026-06-29,128753467,2288,0,27.0028872318,0E-10,0E-10,,1,1,0.50665070000000000,0.506650700000,,,,0E-17,NO_DECISIVE_ROUND,R03b_20260811_FULL_v1,L1_ELIGIBILITY,v2026-08-11,2026-03-21..2026-08-06,baccarat_bet02_101_all_pairs_incl_sentinel,round_win = game_pnl > 0 (decisive only),COMPATIBILITY_ONLY_NOT_PRODUCTION,436.4731,326.3351,167.9711,14,14,-0.38483719,,-0.38483719,-0.38483719,-167.9711,436.4731,THIN_EXPOSURE,0.0000,6.7188,4.0000,96.0000,AG03-UNRESOLVED,ALL5_LEVELS_bet23_to_bet27,6.7188,6.7188,6.7188,10.0783,10.0783,4.000000,4.000000,4.000000,6.000000,6.000000,96.000000,96.000000,96.000000,94.000000,94.000000,5.0,40.3131,36.6592,127.6580,131.3119,PENDING_AG03,FALSE,NOT_FOR_ENFORCEMENT,161.2523,313.2817,167.9711,161.2523,6.7188,0.38483719,0.36944370,6.7188,161.2523,0.36944370,6.7188,6.7188,6.7188,10.0783,10.0783,161.2523,0.36944370,40.3131,36.6592,127.6580,131.3119,0.29247627,0.30084753,0.01539349,31.1767,23.3096,11.9979,55.9904,33.5942,145.4910,4.6667,,31.1767,14.7043,29.2561,41.5429,60.5153,62.4623,63.0186,17.6452,-10.3171,2.135019,2.154033,1.065647,3,5,3,2,0E-8,0.38483719,,0E-8,0.000000,0.747664,0.000000,,2026-05-21,2026-06-30,3,5,5,41,0.073171,,,0.000000,,,,,,,,GLOBAL_BASELINE_NO_ENTITY_RANKING,,,NOT_APPLICABLE_GLOBAL_BASELINE,HF9g-P5,,,,X 全窗基线 · 不参与实体赏罚,6871863,688,A168_HF9F_20260827_0900,2026-08-27 09:00:00
2026-06-30,128753467,2175,0,143.3230168456,-62.3143551503,-62.3143551503,0.3333333,3,3,0.50218230000000000,0.502182300000,-0.5849155494134425,-0.5849155494134426,-0.5849155494134425,0E-17,ELIGIBLE,R03b_20260811_FULL_v1,L1_ELIGIBILITY,v2026-08-11,2026-03-21..2026-08-06,baccarat_bet02_101_all_pairs_incl_sentinel,round_win = game_pnl > 0 (decisive only),COMPATIBILITY_ONLY_NOT_PRODUCTION,436.4731,326.3351,167.9711,14,14,-0.38483719,,-0.38483719,-0.38483719,-167.9711,436.4731,THIN_EXPOSURE,0.0000,6.7188,4.0000,96.0000,AG03-UNRESOLVED,ALL5_LEVELS_bet23_to_bet27,6.7188,6.7188,6.7188,10.0783,10.0783,4.000000,4.000000,4.000000,6.000000,6.000000,96.000000,96.000000,96.000000,94.000000,94.000000,5.0,40.3131,36.6592,127.6580,131.3119,PENDING_AG03,FALSE,NOT_FOR_ENFORCEMENT,161.2523,313.2817,167.9711,161.2523,6.7188,0.38483719,0.36944370,6.7188,161.2523,0.36944370,6.7188,6.7188,6.7188,10.0783,10.0783,161.2523,0.36944370,40.3131,36.6592,127.6580,131.3119,0.29247627,0.30084753,0.01539349,31.1767,23.3096,11.9979,55.9904,33.5942,145.4910,4.6667,,31.1767,14.7043,29.2561,41.5429,60.5153,62.4623,63.0186,17.6452,-10.3171,2.135019,2.154033,1.065647,3,5,3,2,0E-8,0.38483719,,0E-8,0.000000,0.747664,0.000000,,2026-05-21,2026-06-30,3,5,5,41,0.073171,,,0.000000,,,,,,,,GLOBAL_BASELINE_NO_ENTITY_RANKING,,,NOT_APPLICABLE_GLOBAL_BASELINE,HF9g-P5,,,,X 全窗基线 · 不参与实体赏罚,6871864,688,A168_HF9F_20260827_0900,2026-08-27 09:00:00
2026-06-30,128753467,2210,0,55.8752051181,-14.3323016846,-14.3323016846,0E-7,2,2,0.49994810000000000,0.499948100000,-0.9998962053866608,-0.9998962053866608,-0.9998962053866608,0E-17,ELIGIBLE,R03b_20260811_FULL_v1,L1_ELIGIBILITY,v2026-08-11,2026-03-21..2026-08-06,baccarat_bet02_101_all_pairs_incl_sentinel,round_win = game_pnl > 0 (decisive only),COMPATIBILITY_ONLY_NOT_PRODUCTION,436.4731,326.3351,167.9711,14,14,-0.38483719,,-0.38483719,-0.38483719,-167.9711,436.4731,THIN_EXPOSURE,0.0000,6.7188,4.0000,96.0000,AG03-UNRESOLVED,ALL5_LEVELS_bet23_to_bet27,6.7188,6.7188,6.7188,10.0783,10.0783,4.000000,4.000000,4.000000,6.000000,6.000000,96.000000,96.000000,96.000000,94.000000,94.000000,5.0,40.3131,36.6592,127.6580,131.3119,PENDING_AG03,FALSE,NOT_FOR_ENFORCEMENT,161.2523,313.2817,167.9711,161.2523,6.7188,0.38483719,0.36944370,6.7188,161.2523,0.36944370,6.7188,6.7188,6.7188,10.0783,10.0783,161.2523,0.36944370,40.3131,36.6592,127.6580,131.3119,0.29247627,0.30084753,0.01539349,31.1767,23.3096,11.9979,55.9904,33.5942,145.4910,4.6667,,31.1767,14.7043,29.2561,41.5429,60.5153,62.4623,63.0186,17.6452,-10.3171,2.135019,2.154033,1.065647,3,5,3,2,0E-8,0.38483719,,0E-8,0.000000,0.747664,0.000000,,2026-05-21,2026-06-30,3,5,5,41,0.073171,,,0.000000,,,,,,,,GLOBAL_BASELINE_NO_ENTITY_RANKING,,,NOT_APPLICABLE_GLOBAL_BASELINE,HF9g-P5,,,,X 全窗基线 · 不参与实体赏罚,6871865,688,A168_HF9F_20260827_0900,2026-08-27 09:00:00
2026-05-07,149677156,986,0,63.0185904842,-63.0185904842,-63.0185904842,0E-7,1,1,0.49324550000000000,0.493245500000,-0.9865810262130424,-0.9865810262130424,-0.9865810262130424,0E-17,ELIGIBLE,R03b_20260811_FULL_v1,L1_ELIGIBILITY,v2026-08-11,2026-03-21..2026-08-06,baccarat_bet02_101_all_pairs_incl_sentinel,round_win = game_pnl > 0 (decisive only),COMPATIBILITY_ONLY_NOT_PRODUCTION,1249.6586,1012.2886,167.9761,25,23,-0.13441755,,-0.13441755,-0.13441755,-167.9761,1249.6586,THIN_EXPOSURE,0.0000,6.7190,4.0000,96.0000,AG03-UNRESOLVED,ALL5_LEVELS_bet23_to_bet27,6.7190,6.7190,6.7190,6.7190,6.7190,4.000000,4.000000,4.000000,4.000000,4.000000,96.000000,96.000000,96.000000,96.000000,96.000000,5.0,33.5952,31.013,134.3808,136.9631,PENDING_AG03,FALSE,NOT_FOR_ENFORCEMENT,161.2570,971.7971,167.9761,161.2570,6.7190,0.13441755,0.12904085,6.7190,161.2570,0.12904085,6.7190,6.7190,6.7190,6.7190,6.7190,161.2570,0.12904085,33.5952,31.013,134.3808,136.9631,0.10753404,0.1096004,0.00537670,49.9863,44.0125,7.3033,83.9880,41.9940,624.8293,11.5000,,49.9863,22.5817,48.3143,73.6267,90.3266,97.1537,105.031,36.9709,-4.2012,2.01087,2.173913,1.034609,3,6,2,3,0E-8,0.13441755,,0E-8,0.000000,0.810052,0.040000,,2026-05-07,2026-05-08,2,4,3,2,1.000000,,,0.000000,,,,,,,,GLOBAL_BASELINE_NO_ENTITY_RANKING,,,NOT_APPLICABLE_GLOBAL_BASELINE,HF9g-P5,,,,X 全窗基线 · 不参与实体赏罚,6871866,688,A168_HF9F_20260827_0900,2026-08-27 09:00:00
2026-05-08,149677156,1302,0,73.9418128348,-73.9418128348,-73.9418128348,0E-7,1,1,0.49324550000000000,0.493245500000,-0.9865810262130424,-0.9865810262130424,-0.9865810262130424,0E-17,ELIGIBLE,R03b_20260811_FULL_v1,L1_ELIGIBILITY,v2026-08-11,2026-03-21..2026-08-06,baccarat_bet02_101_all_pairs_incl_sentinel,round_win = game_pnl > 0 (decisive only),COMPATIBILITY_ONLY_NOT_PRODUCTION,1249.6586,1012.2886,167.9761,25,23,-0.13441755,,-0.13441755,-0.13441755,-167.9761,1249.6586,THIN_EXPOSURE,0.0000,6.7190,4.0000,96.0000,AG03-UNRESOLVED,ALL5_LEVELS_bet23_to_bet27,6.7190,6.7190,6.7190,6.7190,6.7190,4.000000,4.000000,4.000000,4.000000,4.000000,96.000000,96.000000,96.000000,96.000000,96.000000,5.0,33.5952,31.013,134.3808,136.9631,PENDING_AG03,FALSE,NOT_FOR_ENFORCEMENT,161.2570,971.7971,167.9761,161.2570,6.7190,0.13441755,0.12904085,6.7190,161.2570,0.12904085,6.7190,6.7190,6.7190,6.7190,6.7190,161.2570,0.12904085,33.5952,31.013,134.3808,136.9631,0.10753404,0.1096004,0.00537670,49.9863,44.0125,7.3033,83.9880,41.9940,624.8293,11.5000,,49.9863,22.5817,48.3143,73.6267,90.3266,97.1537,105.031,36.9709,-4.2012,2.01087,2.173913,1.034609,3,6,2,3,0E-8,0.13441755,,0E-8,0.000000,0.810052,0.040000,,2026-05-07,2026-05-08,2,4,3,2,1.000000,,,0.000000,,,,,,,,GLOBAL_BASELINE_NO_ENTITY_RANKING,,,NOT_APPLICABLE_GLOBAL_BASELINE,HF9g-P5,,,,X 全窗基线 · 不参与实体赏罚,6871867,688,A168_HF9F_20260827_0900,2026-08-27 09:00:00
2026-05-08,149677156,1306,0,231.0681651087,-50.4148723874,-50.4148723874,0.3333333,4,4,0.40028742500000000,0.400287425000,-0.23669015754573958,-0.2366901575457396,-0.23669015754573958,0E-17,ELIGIBLE,R03b_20260811_FULL_v1,L1_ELIGIBILITY,v2026-08-11,2026-03-21..2026-08-06,baccarat_bet02_101_all_pairs_incl_sentinel,round_win = game_pnl > 0 (decisive only),COMPATIBILITY_ONLY_NOT_PRODUCTION,1249.6586,1012.2886,167.9761,25,23,-0.13441755,,-0.13441755,-0.13441755,-167.9761,1249.6586,THIN_EXPOSURE,0.0000,6.7190,4.0000,96.0000,AG03-UNRESOLVED,ALL5_LEVELS_bet23_to_bet27,6.7190,6.7190,6.7190,6.7190,6.7190,4.000000,4.000000,4.000000,4.000000,4.000000,96.000000,96.000000,96.000000,96.000000,96.000000,5.0,33.5952,31.013,134.3808,136.9631,PENDING_AG03,FALSE,NOT_FOR_ENFORCEMENT,161.2570,971.7971,167.9761,161.2570,6.7190,0.13441755,0.12904085,6.7190,161.2570,0.12904085,6.7190,6.7190,6.7190,6.7190,6.7190,161.2570,0.12904085,33.5952,31.013,134.3808,136.9631,0.10753404,0.1096004,0.00537670,49.9863,44.0125,7.3033,83.9880,41.9940,624.8293,11.5000,,49.9863,22.5817,48.3143,73.6267,90.3266,97.1537,105.031,36.9709,-4.2012,2.01087,2.173913,1.034609,3,6,2,3,0E-8,0.13441755,,0E-8,0.000000,0.810052,0.040000,,2026-05-07,2026-05-08,2,4,3,2,1.000000,,,0.000000,,,,,,,,GLOBAL_BASELINE_NO_ENTITY_RANKING,,,NOT_APPLICABLE_GLOBAL_BASELINE,HF9g-P5,,,,X 全窗基线 · 不参与实体赏罚,6871868,688,A168_HF9F_20260827_0900,2026-08-27 09:00:00
2026-05-08,149677156,2145,0,105.0309841403,42.0123936561,42.0123936561,0.5000000,2,2,0.49324550000000000,0.493245500000,0.01910635448239258,0.01910635448239258,0.01910635448239258,0E-17,ELIGIBLE,R03b_20260811_FULL_v1,L1_ELIGIBILITY,v2026-08-11,2026-03-21..2026-08-06,baccarat_bet02_101_all_pairs_incl_sentinel,round_win = game_pnl > 0 (decisive only),COMPATIBILITY_ONLY_NOT_PRODUCTION,1249.6586,1012.2886,167.9761,25,23,-0.13441755,,-0.13441755,-0.13441755,-167.9761,1249.6586,THIN_EXPOSURE,0.0000,6.7190,4.0000,96.0000,AG03-UNRESOLVED,ALL5_LEVELS_bet23_to_bet27,6.7190,6.7190,6.7190,6.7190,6.7190,4.000000,4.000000,4.000000,4.000000,4.000000,96.000000,96.000000,96.000000,96.000000,96.000000,5.0,33.5952,31.013,134.3808,136.9631,PENDING_AG03,FALSE,NOT_FOR_ENFORCEMENT,161.2570,971.7971,167.9761,161.2570,6.7190,0.13441755,0.12904085,6.7190,161.2570,0.12904085,6.7190,6.7190,6.7190,6.7190,6.7190,161.2570,0.12904085,33.5952,31.013,134.3808,136.9631,0.10753404,0.1096004,0.00537670,49.9863,44.0125,7.3033,83.9880,41.9940,624.8293,11.5000,,49.9863,22.5817,48.3143,73.6267,90.3266,97.1537,105.031,36.9709,-4.2012,2.01087,2.173913,1.034609,3,6,2,3,0E-8,0.13441755,,0E-8,0.000000,0.810052,0.040000,,2026-05-07,2026-05-08,2,4,3,2,1.000000,,,0.000000,,,,,,,,GLOBAL_BASELINE_NO_ENTITY_RANKING,,,NOT_APPLICABLE_GLOBAL_BASELINE,HF9g-P5,,,,X 全窗基线 · 不参与实体赏罚,6871869,688,A168_HF9F_20260827_0900,2026-08-27 09:00:00
2026-05-08,149677156,2201,0,366.3480726814,-5.4616111752,-5.4616111752,0.4285714,9,7,0.35304450142857973,0.326228685714,0.4181180395493083,0.5775488726359879,0.4181180395493083,0.02681581571457973,ELIGIBLE,R03b_20260811_FULL_v1,L1_ELIGIBILITY,v2026-08-11,2026-03-21..2026-08-06,baccarat_bet02_101_all_pairs_incl_sentinel,round_win = game_pnl > 0 (decisive only),COMPATIBILITY_ONLY_NOT_PRODUCTION,1249.6586,1012.2886,167.9761,25,23,-0.13441755,,-0.13441755,-0.13441755,-167.9761,1249.6586,THIN_EXPOSURE,0.0000,6.7190,4.0000,96.0000,AG03-UNRESOLVED,ALL5_LEVELS_bet23_to_bet27,6.7190,6.7190,6.7190,6.7190,6.7190,4.000000,4.000000,4.000000,4.000000,4.000000,96.000000,96.000000,96.000000,96.000000,96.000000,5.0,33.5952,31.013,134.3808,136.9631,PENDING_AG03,FALSE,NOT_FOR_ENFORCEMENT,161.2570,971.7971,167.9761,161.2570,6.7190,0.13441755,0.12904085,6.7190,161.2570,0.12904085,6.7190,6.7190,6.7190,6.7190,6.7190,161.2570,0.12904085,33.5952,31.013,134.3808,136.9631,0.10753404,0.1096004,0.00537670,49.9863,44.0125,7.3033,83.9880,41.9940,624.8293,11.5000,,49.9863,22.5817,48.3143,73.6267,90.3266,97.1537,105.031,36.9709,-4.2012,2.01087,2.173913,1.034609,3,6,2,3,0E-8,0.13441755,,0E-8,0.000000,0.810052,0.040000,,2026-05-07,2026-05-08,2,4,3,2,1.000000,,,0.000000,,,,,,,,GLOBAL_BASELINE_NO_ENTITY_RANKING,,,NOT_APPLICABLE_GLOBAL_BASELINE,HF9g-P5,,,,X 全窗基线 · 不参与实体赏罚,6871870,688,A168_HF9F_20260827_0900,2026-08-27 09:00:00
2026-05-08,149677156,2224,0,410.2510240520,-17.1515597100,-17.1515597100,0.5714286,8,8,0.49994810000000000,0.499948100000,0.37823910403297295,0.37823910403297295,0.37823910403297295,0E-17,ELIGIBLE,R03b_20260811_FULL_v1,L1_ELIGIBILITY,v2026-08-11,2026-03-21..2026-08-06,baccarat_bet02_101_all_pairs_incl_sentinel,round_win = game_pnl > 0 (decisive only),COMPATIBILITY_ONLY_NOT_PRODUCTION,1249.6586,1012.2886,167.9761,25,23,-0.13441755,,-0.13441755,-0.13441755,-167.9761,1249.6586,THIN_EXPOSURE,0.0000,6.7190,4.0000,96.0000,AG03-UNRESOLVED,ALL5_LEVELS_bet23_to_bet27,6.7190,6.7190,6.7190,6.7190,6.7190,4.000000,4.000000,4.000000,4.000000,4.000000,96.000000,96.000000,96.000000,96.000000,96.000000,5.0,33.5952,31.013,134.3808,136.9631,PENDING_AG03,FALSE,NOT_FOR_ENFORCEMENT,161.2570,971.7971,167.9761,161.2570,6.7190,0.13441755,0.12904085,6.7190,161.2570,0.12904085,6.7190,6.7190,6.7190,6.7190,6.7190,161.2570,0.12904085,33.5952,31.013,134.3808,136.9631,0.10753404,0.1096004,0.00537670,49.9863,44.0125,7.3033,83.9880,41.9940,624.8293,11.5000,,49.9863,22.5817,48.3143,73.6267,90.3266,97.1537,105.031,36.9709,-4.2012,2.01087,2.173913,1.034609,3,6,2,3,0E-8,0.13441755,,0E-8,0.000000,0.810052,0.040000,,2026-05-07,2026-05-08,2,4,3,2,1.000000,,,0.000000,,,,,,,,GLOBAL_BASELINE_NO_ENTITY_RANKING,,,NOT_APPLICABLE_GLOBAL_BASELINE,HF9g-P5,,,,X 全窗基线 · 不参与实体赏罚,6871871,688,A168_HF9F_20260827_0900,2026-08-27 09:00:00
2026-05-10,149299827,2152,0,420.0000000000,-200.7500000000,-200.7500000000,0.3181818,25,25,0.50021620400000000,0.500216204000,-1.7076340637866374,-1.7076340637866374,-1.7076340637866374,0E-17,ELIGIBLE,R03b_20260811_FULL_v1,L1_ELIGIBILITY,v2026-08-11,2026-03-21..2026-08-06,baccarat_bet02_101_all_pairs_incl_sentinel,round_win = game_pnl > 0 (decisive only),COMPATIBILITY_ONLY_NOT_PRODUCTION,1329.0000,1176.5000,166.2500,70,70,-0.12509406,,-0.12509406,-0.12509406,-166.2500,1329.0000,OK,0.0000,4.9875,3.0000,97.0000,AG03-UNRESOLVED,ALL5_LEVELS_bet23_to_bet27,4.9875,4.9875,4.9875,4.9875,4.9875,3.000000,3.000000,3.000000,3.000000,3.000000,97.000000,97.000000,97.000000,97.000000,97.000000,5.0,24.9375,23.4855,141.3125,142.7645,PENDING_AG03,FALSE,NOT_FOR_ENFORCEMENT,161.2625,1141.2050,166.2500,161.2625,4.9875,0.12509406,0.12134123,4.9875,161.2625,0.12134123,4.9875,4.9875,4.9875,4.9875,4.9875,161.2625,0.12134123,24.9375,23.4855,141.3125,142.7645,0.10632995,0.10742252,0.00375282,18.9857,16.8071,2.3750,55.4167,27.7083,443.0000,23.3333,,18.9857,14.0,20.0,20.0,30.0,33.0,44.0,15.0,-5.0,1.65,2.200001,0.949286,2,7,3,2,0E-8,0.12509406,,0E-8,0.000000,0.885252,0.928571,,2026-05-10,2026-07-01,3,6,4,53,0.056604,,,0.000000,,,,,,,,GLOBAL_BASELINE_NO_ENTITY_RANKING,,,NOT_APPLICABLE_GLOBAL_BASELINE,HF9g-P5,,,,X 全窗基线 · 不参与实体赏罚,6871872,688,A168_HF9F_20260827_0900,2026-08-27 09:00:00
2026-05-10,149299827,2201,0,320.0000000000,-82.5000000000,-82.5000000000,0.4000000,16,16,0.49994810000000000,0.499948100000,-0.774194657740904,-0.774194657740904,-0.774194657740904,0E-17,ELIGIBLE,R03b_20260811_FULL_v1,L1_ELIGIBILITY,v2026-08-11,2026-03-21..2026-08-06,baccarat_bet02_101_all_pairs_incl_sentinel,round_win = game_pnl > 0 (decisive only),COMPATIBILITY_ONLY_NOT_PRODUCTION,1329.0000,1176.5000,166.2500,70,70,-0.12509406,,-0.12509406,-0.12509406,-166.2500,1329.0000,OK,0.0000,4.9875,3.0000,97.0000,AG03-UNRESOLVED,ALL5_LEVELS_bet23_to_bet27,4.9875,4.9875,4.9875,4.9875,4.9875,3.000000,3.000000,3.000000,3.000000,3.000000,97.000000,97.000000,97.000000,97.000000,97.000000,5.0,24.9375,23.4855,141.3125,142.7645,PENDING_AG03,FALSE,NOT_FOR_ENFORCEMENT,161.2625,1141.2050,166.2500,161.2625,4.9875,0.12509406,0.12134123,4.9875,161.2625,0.12134123,4.9875,4.9875,4.9875,4.9875,4.9875,161.2625,0.12134123,24.9375,23.4855,141.3125,142.7645,0.10632995,0.10742252,0.00375282,18.9857,16.8071,2.3750,55.4167,27.7083,443.0000,23.3333,,18.9857,14.0,20.0,20.0,30.0,33.0,44.0,15.0,-5.0,1.65,2.200001,0.949286,2,7,3,2,0E-8,0.12509406,,0E-8,0.000000,0.885252,0.928571,,2026-05-10,2026-07-01,3,6,4,53,0.056604,,,0.000000,,,,,,,,GLOBAL_BASELINE_NO_ENTITY_RANKING,,,NOT_APPLICABLE_GLOBAL_BASELINE,HF9g-P5,,,,X 全窗基线 · 不参与实体赏罚,6871873,688,A168_HF9F_20260827_0900,2026-08-27 09:00:00
2026-05-10,149299827,2222,0,197.0000000000,43.0000000000,43.0000000000,0.6000000,11,11,0.50055742727272727,0.500557427273,0.6289304432594,0.6289304432576754,0.6289304432594,-2.7273E-13,ELIGIBLE,R03b_20260811_FULL_v1,L1_ELIGIBILITY,v2026-08-11,2026-03-21..2026-08-06,baccarat_bet02_101_all_pairs_incl_sentinel,round_win = game_pnl > 0 (decisive only),COMPATIBILITY_ONLY_NOT_PRODUCTION,1329.0000,1176.5000,166.2500,70,70,-0.12509406,,-0.12509406,-0.12509406,-166.2500,1329.0000,OK,0.0000,4.9875,3.0000,97.0000,AG03-UNRESOLVED,ALL5_LEVELS_bet23_to_bet27,4.9875,4.9875,4.9875,4.9875,4.9875,3.000000,3.000000,3.000000,3.000000,3.000000,97.000000,97.000000,97.000000,97.000000,97.000000,5.0,24.9375,23.4855,141.3125,142.7645,PENDING_AG03,FALSE,NOT_FOR_ENFORCEMENT,161.2625,1141.2050,166.2500,161.2625,4.9875,0.12509406,0.12134123,4.9875,161.2625,0.12134123,4.9875,4.9875,4.9875,4.9875,4.9875,161.2625,0.12134123,24.9375,23.4855,141.3125,142.7645,0.10632995,0.10742252,0.00375282,18.9857,16.8071,2.3750,55.4167,27.7083,443.0000,23.3333,,18.9857,14.0,20.0,20.0,30.0,33.0,44.0,15.0,-5.0,1.65,2.200001,0.949286,2,7,3,2,0E-8,0.12509406,,0E-8,0.000000,0.885252,0.928571,,2026-05-10,2026-07-01,3,6,4,53,0.056604,,,0.000000,,,,,,,,GLOBAL_BASELINE_NO_ENTITY_RANKING,,,NOT_APPLICABLE_GLOBAL_BASELINE,HF9g-P5,,,,X 全窗基线 · 不参与实体赏罚,6871874,688,A168_HF9F_20260827_0900,2026-08-27 09:00:00
2026-06-29,149299827,1957,0,80.0000000000,60.0000000000,60.0000000000,1.0000000,3,3,0.50665070000000000,0.506650700000,1.3955260008387969,1.3955260008387969,1.3955260008387969,0E-17,ELIGIBLE,R03b_20260811_FULL_v1,L1_ELIGIBILITY,v2026-08-11,2026-03-21..2026-08-06,baccarat_bet02_101_all_pairs_incl_sentinel,round_win = game_pnl > 0 (decisive only),COMPATIBILITY_ONLY_NOT_PRODUCTION,1329.0000,1176.5000,166.2500,70,70,-0.12509406,,-0.12509406,-0.12509406,-166.2500,1329.0000,OK,0.0000,4.9875,3.0000,97.0000,AG03-UNRESOLVED,ALL5_LEVELS_bet23_to_bet27,4.9875,4.9875,4.9875,4.9875,4.9875,3.000000,3.000000,3.000000,3.000000,3.000000,97.000000,97.000000,97.000000,97.000000,97.000000,5.0,24.9375,23.4855,141.3125,142.7645,PENDING_AG03,FALSE,NOT_FOR_ENFORCEMENT,161.2625,1141.2050,166.2500,161.2625,4.9875,0.12509406,0.12134123,4.9875,161.2625,0.12134123,4.9875,4.9875,4.9875,4.9875,4.9875,161.2625,0.12134123,24.9375,23.4855,141.3125,142.7645,0.10632995,0.10742252,0.00375282,18.9857,16.8071,2.3750,55.4167,27.7083,443.0000,23.3333,,18.9857,14.0,20.0,20.0,30.0,33.0,44.0,15.0,-5.0,1.65,2.200001,0.949286,2,7,3,2,0E-8,0.12509406,,0E-8,0.000000,0.885252,0.928571,,2026-05-10,2026-07-01,3,6,4,53,0.056604,,,0.000000,,,,,,,,GLOBAL_BASELINE_NO_ENTITY_RANKING,,,NOT_APPLICABLE_GLOBAL_BASELINE,HF9g-P5,,,,X 全窗基线 · 不参与实体赏罚,6871875,688,A168_HF9F_20260827_0900,2026-08-27 09:00:00
2026-06-29,149299827,2287,0,153.0000000000,33.0000000000,33.0000000000,0.5714286,7,7,0.50090561428571429,0.500905614286,0.3731730247484194,0.373173024746908,0.3731730247484194,-2.8571E-13,ELIGIBLE,R03b_20260811_FULL_v1,L1_ELIGIBILITY,v2026-08-11,2026-03-21..2026-08-06,baccarat_bet02_101_all_pairs_incl_sentinel,round_win = game_pnl > 0 (decisive only),COMPATIBILITY_ONLY_NOT_PRODUCTION,1329.0000,1176.5000,166.2500,70,70,-0.12509406,,-0.12509406,-0.12509406,-166.2500,1329.0000,OK,0.0000,4.9875,3.0000,97.0000,AG03-UNRESOLVED,ALL5_LEVELS_bet23_to_bet27,4.9875,4.9875,4.9875,4.9875,4.9875,3.000000,3.000000,3.000000,3.000000,3.000000,97.000000,97.000000,97.000000,97.000000,97.000000,5.0,24.9375,23.4855,141.3125,142.7645,PENDING_AG03,FALSE,NOT_FOR_ENFORCEMENT,161.2625,1141.2050,166.2500,161.2625,4.9875,0.12509406,0.12134123,4.9875,161.2625,0.12134123,4.9875,4.9875,4.9875,4.9875,4.9875,161.2625,0.12134123,24.9375,23.4855,141.3125,142.7645,0.10632995,0.10742252,0.00375282,18.9857,16.8071,2.3750,55.4167,27.7083,443.0000,23.3333,,18.9857,14.0,20.0,20.0,30.0,33.0,44.0,15.0,-5.0,1.65,2.200001,0.949286,2,7,3,2,0E-8,0.12509406,,0E-8,0.000000,0.885252,0.928571,,2026-05-10,2026-07-01,3,6,4,53,0.056604,,,0.000000,,,,,,,,GLOBAL_BASELINE_NO_ENTITY_RANKING,,,NOT_APPLICABLE_GLOBAL_BASELINE,HF9g-P5,,,,X 全窗基线 · 不参与实体赏罚,6871876,688,A168_HF9F_20260827_0900,2026-08-27 09:00:00
2026-07-01,149299827,1507,0,99.0000000000,1.0000000000,1.0000000000,0.5000000,5,5,0.50128862000000000,0.501288620000,-0.0051544971185412255,-0.0051544971185412255,-0.0051544971185412255,0E-17,ELIGIBLE,R03b_20260811_FULL_v1,L1_ELIGIBILITY,v2026-08-11,2026-03-21..2026-08-06,baccarat_bet02_101_all_pairs_incl_sentinel,round_win = game_pnl > 0 (decisive only),COMPATIBILITY_ONLY_NOT_PRODUCTION,1329.0000,1176.5000,166.2500,70,70,-0.12509406,,-0.12509406,-0.12509406,-166.2500,1329.0000,OK,0.0000,4.9875,3.0000,97.0000,AG03-UNRESOLVED,ALL5_LEVELS_bet23_to_bet27,4.9875,4.9875,4.9875,4.9875,4.9875,3.000000,3.000000,3.000000,3.000000,3.000000,97.000000,97.000000,97.000000,97.000000,97.000000,5.0,24.9375,23.4855,141.3125,142.7645,PENDING_AG03,FALSE,NOT_FOR_ENFORCEMENT,161.2625,1141.2050,166.2500,161.2625,4.9875,0.12509406,0.12134123,4.9875,161.2625,0.12134123,4.9875,4.9875,4.9875,4.9875,4.9875,161.2625,0.12134123,24.9375,23.4855,141.3125,142.7645,0.10632995,0.10742252,0.00375282,18.9857,16.8071,2.3750,55.4167,27.7083,443.0000,23.3333,,18.9857,14.0,20.0,20.0,30.0,33.0,44.0,15.0,-5.0,1.65,2.200001,0.949286,2,7,3,2,0E-8,0.12509406,,0E-8,0.000000,0.885252,0.928571,,2026-05-10,2026-07-01,3,6,4,53,0.056604,,,0.000000,,,,,,,,GLOBAL_BASELINE_NO_ENTITY_RANKING,,,NOT_APPLICABLE_GLOBAL_BASELINE,HF9g-P5,,,,X 全窗基线 · 不参与实体赏罚,6871877,688,A168_HF9F_20260827_0900,2026-08-27 09:00:00
2026-07-01,149299827,2156,0,60.0000000000,-20.0000000000,-20.0000000000,0.3333333,3,3,0.50218230000000000,0.502182300000,-0.5849155494134425,-0.5849155494134426,-0.5849155494134425,0E-17,ELIGIBLE,R03b_20260811_FULL_v1,L1_ELIGIBILITY,v2026-08-11,2026-03-21..2026-08-06,baccarat_bet02_101_all_pairs_incl_sentinel,round_win = game_pnl > 0 (decisive only),COMPATIBILITY_ONLY_NOT_PRODUCTION,1329.0000,1176.5000,166.2500,70,70,-0.12509406,,-0.12509406,-0.12509406,-166.2500,1329.0000,OK,0.0000,4.9875,3.0000,97.0000,AG03-UNRESOLVED,ALL5_LEVELS_bet23_to_bet27,4.9875,4.9875,4.9875,4.9875,4.9875,3.000000,3.000000,3.000000,3.000000,3.000000,97.000000,97.000000,97.000000,97.000000,97.000000,5.0,24.9375,23.4855,141.3125,142.7645,PENDING_AG03,FALSE,NOT_FOR_ENFORCEMENT,161.2625,1141.2050,166.2500,161.2625,4.9875,0.12509406,0.12134123,4.9875,161.2625,0.12134123,4.9875,4.9875,4.9875,4.9875,4.9875,161.2625,0.12134123,24.9375,23.4855,141.3125,142.7645,0.10632995,0.10742252,0.00375282,18.9857,16.8071,2.3750,55.4167,27.7083,443.0000,23.3333,,18.9857,14.0,20.0,20.0,30.0,33.0,44.0,15.0,-5.0,1.65,2.200001,0.949286,2,7,3,2,0E-8,0.12509406,,0E-8,0.000000,0.885252,0.928571,,2026-05-10,2026-07-01,3,6,4,53,0.056604,,,0.000000,,,,,,,,GLOBAL_BASELINE_NO_ENTITY_RANKING,,,NOT_APPLICABLE_GLOBAL_BASELINE,HF9g-P5,,,,X 全窗基线 · 不参与实体赏罚,6871878,688,A168_HF9F_20260827_0900,2026-08-27 09:00:00
2026-04-05,143963679,2209,0,2.1082368815,-2.1082368815,-2.1082368815,0E-7,1,1,0.49324550000000000,0.493245500000,-0.9865810262130424,-0.9865810262130424,-0.9865810262130424,0E-17,ELIGIBLE,R03b_20260811_FULL_v1,L1_ELIGIBILITY,v2026-08-11,2026-03-21..2026-08-06,baccarat_bet02_101_all_pairs_incl_sentinel,round_win = game_pnl > 0 (decisive only),COMPATIBILITY_ONLY_NOT_PRODUCTION,1135.2420,1033.4471,167.9952,151,133,-0.14798186,-0.34076923,-0.04367952,-0.14798186,-167.9952,1135.2420,OK,0.0000,6.7198,4.0000,96.0000,AG03-UNRESOLVED,ALL5_LEVELS_bet23_to_bet27,6.7198,6.7198,8.3998,8.3998,8.3998,4.000000,4.000000,5.000000,5.000000,5.000000,96.000000,96.000000,95.000000,95.000000,95.000000,5.0,38.6389,35.2527,129.3563,132.7426,PENDING_AG03,FALSE,NOT_FOR_ENFORCEMENT,161.2754,992.1092,167.9952,161.2754,6.7198,0.14798186,0.14206259,6.7198,161.2754,0.14206259,6.7198,6.7198,8.3998,8.3998,8.3998,161.2754,0.14206259,38.6389,35.2527,129.3563,132.7426,0.11394603,0.11692887,0.00591927,7.5182,7.7703,1.2631,13.9996,2.1538,94.6035,11.0833,11.7224,6.2964,2.1025,4.1543,10.2195,17.7092,21.0824,42.1519,4.1543,-2.0771,5.074843,10.14659,1.809734,27,38,14,5,0.35108029,0.14798186,0.34076923,0E-8,0.000000,0.910332,0.026490,-0.29708971,2026-04-05,2026-07-12,12,78,60,99,0.121212,1.861755,1.559210,1.170268,,,,,,,,GLOBAL_BASELINE_NO_ENTITY_RANKING,,,NOT_APPLICABLE_GLOBAL_BASELINE,HF9g-P5,,,,X 全窗基线 · 不参与实体赏罚,6871879,688,A168_HF9F_20260827_0900,2026-08-27 09:00:00
2026-04-14,143963679,-1,1,120.1695022454,-83.1699449751,-83.1699449751,0.2500000,4,4,0.50665070000000000,0.506650700000,-1.0266936290537745,-1.0266936290537745,-1.0266936290537745,0E-17,SENTINEL_DEALER,R03b_20260811_FULL_v1,L1_ELIGIBILITY,v2026-08-11,2026-03-21..2026-08-06,baccarat_bet02_101_all_pairs_incl_sentinel,round_win = game_pnl > 0 (decisive only),COMPATIBILITY_ONLY_NOT_PRODUCTION,1135.2420,1033.4471,167.9952,151,133,-0.14798186,-0.34076923,-0.04367952,-0.14798186,-167.9952,1135.2420,OK,0.0000,6.7198,4.0000,96.0000,AG03-UNRESOLVED,ALL5_LEVELS_bet23_to_bet27,6.7198,6.7198,8.3998,8.3998,8.3998,4.000000,4.000000,5.000000,5.000000,5.000000,96.000000,96.000000,95.000000,95.000000,95.000000,5.0,38.6389,35.2527,129.3563,132.7426,PENDING_AG03,FALSE,NOT_FOR_ENFORCEMENT,161.2754,992.1092,167.9952,161.2754,6.7198,0.14798186,0.14206259,6.7198,161.2754,0.14206259,6.7198,6.7198,8.3998,8.3998,8.3998,161.2754,0.14206259,38.6389,35.2527,129.3563,132.7426,0.11394603,0.11692887,0.00591927,7.5182,7.7703,1.2631,13.9996,2.1538,94.6035,11.0833,11.7224,6.2964,2.1025,4.1543,10.2195,17.7092,21.0824,42.1519,4.1543,-2.0771,5.074843,10.14659,1.809734,27,38,14,5,0.35108029,0.14798186,0.34076923,0E-8,0.000000,0.910332,0.026490,-0.29708971,2026-04-05,2026-07-12,12,78,60,99,0.121212,1.861755,1.559210,1.170268,,,,,,,,GLOBAL_BASELINE_NO_ENTITY_RANKING,,,NOT_APPLICABLE_GLOBAL_BASELINE,HF9g-P5,,,,X 全窗基线 · 不参与实体赏罚,6871880,688,A168_HF9F_20260827_0900,2026-08-27 09:00:00
2026-04-14,143963679,1383,0,18.9741319335,0E-10,0E-10,,1,1,0.50665070000000000,0.506650700000,,,,0E-17,NO_DECISIVE_ROUND,R03b_20260811_FULL_v1,L1_ELIGIBILITY,v2026-08-11,2026-03-21..2026-08-06,baccarat_bet02_101_all_pairs_incl_sentinel,round_win = game_pnl > 0 (decisive only),COMPATIBILITY_ONLY_NOT_PRODUCTION,1135.2420,1033.4471,167.9952,151,133,-0.14798186,-0.34076923,-0.04367952,-0.14798186,-167.9952,1135.2420,OK,0.0000,6.7198,4.0000,96.0000,AG03-UNRESOLVED,ALL5_LEVELS_bet23_to_bet27,6.7198,6.7198,8.3998,8.3998,8.3998,4.000000,4.000000,5.000000,5.000000,5.000000,96.000000,96.000000,95.000000,95.000000,95.000000,5.0,38.6389,35.2527,129.3563,132.7426,PENDING_AG03,FALSE,NOT_FOR_ENFORCEMENT,161.2754,992.1092,167.9952,161.2754,6.7198,0.14798186,0.14206259,6.7198,161.2754,0.14206259,6.7198,6.7198,8.3998,8.3998,8.3998,161.2754,0.14206259,38.6389,35.2527,129.3563,132.7426,0.11394603,0.11692887,0.00591927,7.5182,7.7703,1.2631,13.9996,2.1538,94.6035,11.0833,11.7224,6.2964,2.1025,4.1543,10.2195,17.7092,21.0824,42.1519,4.1543,-2.0771,5.074843,10.14659,1.809734,27,38,14,5,0.35108029,0.14798186,0.34076923,0E-8,0.000000,0.910332,0.026490,-0.29708971,2026-04-05,2026-07-12,12,78,60,99,0.121212,1.861755,1.559210,1.170268,,,,,,,,GLOBAL_BASELINE_NO_ENTITY_RANKING,,,NOT_APPLICABLE_GLOBAL_BASELINE,HF9g-P5,,,,X 全窗基线 · 不参与实体赏罚,6871881,688,A168_HF9F_20260827_0900,2026-08-27 09:00:00
2026-04-14,143963679,1963,0,42.1647376299,40.0565007484,40.0565007484,1.0000000,1,1,0.50665070000000000,0.506650700000,0.9867858985152569,0.9867858985152569,0.9867858985152569,0E-17,ELIGIBLE,R03b_20260811_FULL_v1,L1_ELIGIBILITY,v2026-08-11,2026-03-21..2026-08-06,baccarat_bet02_101_all_pairs_incl_sentinel,round_win = game_pnl > 0 (decisive only),COMPATIBILITY_ONLY_NOT_PRODUCTION,1135.2420,1033.4471,167.9952,151,133,-0.14798186,-0.34076923,-0.04367952,-0.14798186,-167.9952,1135.2420,OK,0.0000,6.7198,4.0000,96.0000,AG03-UNRESOLVED,ALL5_LEVELS_bet23_to_bet27,6.7198,6.7198,8.3998,8.3998,8.3998,4.000000,4.000000,5.000000,5.000000,5.000000,96.000000,96.000000,95.000000,95.000000,95.000000,5.0,38.6389,35.2527,129.3563,132.7426,PENDING_AG03,FALSE,NOT_FOR_ENFORCEMENT,161.2754,992.1092,167.9952,161.2754,6.7198,0.14798186,0.14206259,6.7198,161.2754,0.14206259,6.7198,6.7198,8.3998,8.3998,8.3998,161.2754,0.14206259,38.6389,35.2527,129.3563,132.7426,0.11394603,0.11692887,0.00591927,7.5182,7.7703,1.2631,13.9996,2.1538,94.6035,11.0833,11.7224,6.2964,2.1025,4.1543,10.2195,17.7092,21.0824,42.1519,4.1543,-2.0771,5.074843,10.14659,1.809734,27,38,14,5,0.35108029,0.14798186,0.34076923,0E-8,0.000000,0.910332,0.026490,-0.29708971,2026-04-05,2026-07-12,12,78,60,99,0.121212,1.861755,1.559210,1.170268,,,,,,,,GLOBAL_BASELINE_NO_ENTITY_RANKING,,,NOT_APPLICABLE_GLOBAL_BASELINE,HF9g-P5,,,,X 全窗基线 · 不参与实体赏罚,6871882,688,A168_HF9F_20260827_0900,2026-08-27 09:00:00
2026-04-14,143963679,2175,0,42.1647376300,-1.0541184408,-1.0541184408,0.5000000,2,2,0.50665070000000000,0.506650700000,-0.018812684590367487,-0.018812684590367487,-0.018812684590367487,0E-17,ELIGIBLE,R03b_20260811_FULL_v1,L1_ELIGIBILITY,v2026-08-11,2026-03-21..2026-08-06,baccarat_bet02_101_all_pairs_incl_sentinel,round_win = game_pnl > 0 (decisive only),COMPATIBILITY_ONLY_NOT_PRODUCTION,1135.2420,1033.4471,167.9952,151,133,-0.14798186,-0.34076923,-0.04367952,-0.14798186,-167.9952,1135.2420,OK,0.0000,6.7198,4.0000,96.0000,AG03-UNRESOLVED,ALL5_LEVELS_bet23_to_bet27,6.7198,6.7198,8.3998,8.3998,8.3998,4.000000,4.000000,5.000000,5.000000,5.000000,96.000000,96.000000,95.000000,95.000000,95.000000,5.0,38.6389,35.2527,129.3563,132.7426,PENDING_AG03,FALSE,NOT_FOR_ENFORCEMENT,161.2754,992.1092,167.9952,161.2754,6.7198,0.14798186,0.14206259,6.7198,161.2754,0.14206259,6.7198,6.7198,8.3998,8.3998,8.3998,161.2754,0.14206259,38.6389,35.2527,129.3563,132.7426,0.11394603,0.11692887,0.00591927,7.5182,7.7703,1.2631,13.9996,2.1538,94.6035,11.0833,11.7224,6.2964,2.1025,4.1543,10.2195,17.7092,21.0824,42.1519,4.1543,-2.0771,5.074843,10.14659,1.809734,27,38,14,5,0.35108029,0.14798186,0.34076923,0E-8,0.000000,0.910332,0.026490,-0.29708971,2026-04-05,2026-07-12,12,78,60,99,0.121212,1.861755,1.559210,1.170268,,,,,,,,GLOBAL_BASELINE_NO_ENTITY_RANKING,,,NOT_APPLICABLE_GLOBAL_BASELINE,HF9g-P5,,,,X 全窗基线 · 不参与实体赏罚,6871883,688,A168_HF9F_20260827_0900,2026-08-27 09:00:00
2026-04-14,143963679,2216,0,56.9223958004,43.7459152910,43.7459152910,1.0000000,3,2,0.41499385625000000,0.386675775000,1.679091556501141,1.7810929101020572,1.679091556501141,0.02831808125000000,ELIGIBLE,R03b_20260811_FULL_v1,L1_ELIGIBILITY,v2026-08-11,2026-03-21..2026-08-06,baccarat_bet02_101_all_pairs_incl_sentinel,round_win = game_pnl > 0 (decisive only),COMPATIBILITY_ONLY_NOT_PRODUCTION,1135.2420,1033.4471,167.9952,151,133,-0.14798186,-0.34076923,-0.04367952,-0.14798186,-167.9952,1135.2420,OK,0.0000,6.7198,4.0000,96.0000,AG03-UNRESOLVED,ALL5_LEVELS_bet23_to_bet27,6.7198,6.7198,8.3998,8.3998,8.3998,4.000000,4.000000,5.000000,5.000000,5.000000,96.000000,96.000000,95.000000,95.000000,95.000000,5.0,38.6389,35.2527,129.3563,132.7426,PENDING_AG03,FALSE,NOT_FOR_ENFORCEMENT,161.2754,992.1092,167.9952,161.2754,6.7198,0.14798186,0.14206259,6.7198,161.2754,0.14206259,6.7198,6.7198,8.3998,8.3998,8.3998,161.2754,0.14206259,38.6389,35.2527,129.3563,132.7426,0.11394603,0.11692887,0.00591927,7.5182,7.7703,1.2631,13.9996,2.1538,94.6035,11.0833,11.7224,6.2964,2.1025,4.1543,10.2195,17.7092,21.0824,42.1519,4.1543,-2.0771,5.074843,10.14659,1.809734,27,38,14,5,0.35108029,0.14798186,0.34076923,0E-8,0.000000,0.910332,0.026490,-0.29708971,2026-04-05,2026-07-12,12,78,60,99,0.121212,1.861755,1.559210,1.170268,,,,,,,,GLOBAL_BASELINE_NO_ENTITY_RANKING,,,NOT_APPLICABLE_GLOBAL_BASELINE,HF9g-P5,,,,X 全窗基线 · 不参与实体赏罚,6871884,688,A168_HF9F_20260827_0900,2026-08-27 09:00:00
2026-04-28,143963679,-1,1,2.1082368815,2.1082368815,2.1082368815,1.0000000,1,1,0.49324550000000000,0.493245500000,1.01360149184955,1.01360149184955,1.01360149184955,0E-17,SENTINEL_DEALER,R03b_20260811_FULL_v1,L1_ELIGIBILITY,v2026-08-11,2026-03-21..2026-08-06,baccarat_bet02_101_all_pairs_incl_sentinel,round_win = game_pnl > 0 (decisive only),COMPATIBILITY_ONLY_NOT_PRODUCTION,1135.2420,1033.4471,167.9952,151,133,-0.14798186,-0.34076923,-0.04367952,-0.14798186,-167.9952,1135.2420,OK,0.0000,6.7198,4.0000,96.0000,AG03-UNRESOLVED,ALL5_LEVELS_bet23_to_bet27,6.7198,6.7198,8.3998,8.3998,8.3998,4.000000,4.000000,5.000000,5.000000,5.000000,96.000000,96.000000,95.000000,95.000000,95.000000,5.0,38.6389,35.2527,129.3563,132.7426,PENDING_AG03,FALSE,NOT_FOR_ENFORCEMENT,161.2754,992.1092,167.9952,161.2754,6.7198,0.14798186,0.14206259,6.7198,161.2754,0.14206259,6.7198,6.7198,8.3998,8.3998,8.3998,161.2754,0.14206259,38.6389,35.2527,129.3563,132.7426,0.11394603,0.11692887,0.00591927,7.5182,7.7703,1.2631,13.9996,2.1538,94.6035,11.0833,11.7224,6.2964,2.1025,4.1543,10.2195,17.7092,21.0824,42.1519,4.1543,-2.0771,5.074843,10.14659,1.809734,27,38,14,5,0.35108029,0.14798186,0.34076923,0E-8,0.000000,0.910332,0.026490,-0.29708971,2026-04-05,2026-07-12,12,78,60,99,0.121212,1.861755,1.559210,1.170268,,,,,,,,GLOBAL_BASELINE_NO_ENTITY_RANKING,,,NOT_APPLICABLE_GLOBAL_BASELINE,HF9g-P5,,,,X 全窗基线 · 不参与实体赏罚,6871885,688,A168_HF9F_20260827_0900,2026-08-27 09:00:00
2026-04-28,143963679,1507,0,10.5411844075,-6.3247106445,-6.3247106445,0.2500000,4,4,0.50665070000000000,0.506650700000,-1.0266936290537745,-1.0266936290537745,-1.0266936290537745,0E-17,ELIGIBLE,R03b_20260811_FULL_v1,L1_ELIGIBILITY,v2026-08-11,2026-03-21..2026-08-06,baccarat_bet02_101_all_pairs_incl_sentinel,round_win = game_pnl > 0 (decisive only),COMPATIBILITY_ONLY_NOT_PRODUCTION,1135.2420,1033.4471,167.9952,151,133,-0.14798186,-0.34076923,-0.04367952,-0.14798186,-167.9952,1135.2420,OK,0.0000,6.7198,4.0000,96.0000,AG03-UNRESOLVED,ALL5_LEVELS_bet23_to_bet27,6.7198,6.7198,8.3998,8.3998,8.3998,4.000000,4.000000,5.000000,5.000000,5.000000,96.000000,96.000000,95.000000,95.000000,95.000000,5.0,38.6389,35.2527,129.3563,132.7426,PENDING_AG03,FALSE,NOT_FOR_ENFORCEMENT,161.2754,992.1092,167.9952,161.2754,6.7198,0.14798186,0.14206259,6.7198,161.2754,0.14206259,6.7198,6.7198,8.3998,8.3998,8.3998,161.2754,0.14206259,38.6389,35.2527,129.3563,132.7426,0.11394603,0.11692887,0.00591927,7.5182,7.7703,1.2631,13.9996,2.1538,94.6035,11.0833,11.7224,6.2964,2.1025,4.1543,10.2195,17.7092,21.0824,42.1519,4.1543,-2.0771,5.074843,10.14659,1.809734,27,38,14,5,0.35108029,0.14798186,0.34076923,0E-8,0.000000,0.910332,0.026490,-0.29708971,2026-04-05,2026-07-12,12,78,60,99,0.121212,1.861755,1.559210,1.170268,,,,,,,,GLOBAL_BASELINE_NO_ENTITY_RANKING,,,NOT_APPLICABLE_GLOBAL_BASELINE,HF9g-P5,,,,X 全窗基线 · 不参与实体赏罚,6871886,688,A168_HF9F_20260827_0900,2026-08-27 09:00:00
2026-05-09,143963679,2250,0,31.5092952420,-6.9320449532,-6.9320449532,0.5000000,4,2,0.41765101607142857,0.280106050000,0.23614285553567108,0.6925207201862208,0.23614285553567108,0.13754496607142857,ELIGIBLE,R03b_20260811_FULL_v1,L1_ELIGIBILITY,v2026-08-11,2026-03-21..2026-08-06,baccarat_bet02_101_all_pairs_incl_sentinel,round_win = game_pnl > 0 (decisive only),COMPATIBILITY_ONLY_NOT_PRODUCTION,1135.2420,1033.4471,167.9952,151,133,-0.14798186,-0.34076923,-0.04367952,-0.14798186,-167.9952,1135.2420,OK,0.0000,6.7198,4.0000,96.0000,AG03-UNRESOLVED,ALL5_LEVELS_bet23_to_bet27,6.7198,6.7198,8.3998,8.3998,8.3998,4.000000,4.000000,5.000000,5.000000,5.000000,96.000000,96.000000,95.000000,95.000000,95.000000,5.0,38.6389,35.2527,129.3563,132.7426,PENDING_AG03,FALSE,NOT_FOR_ENFORCEMENT,161.2754,992.1092,167.9952,161.2754,6.7198,0.14798186,0.14206259,6.7198,161.2754,0.14206259,6.7198,6.7198,8.3998,8.3998,8.3998,161.2754,0.14206259,38.6389,35.2527,129.3563,132.7426,0.11394603,0.11692887,0.00591927,7.5182,7.7703,1.2631,13.9996,2.1538,94.6035,11.0833,11.7224,6.2964,2.1025,4.1543,10.2195,17.7092,21.0824,42.1519,4.1543,-2.0771,5.074843,10.14659,1.809734,27,38,14,5,0.35108029,0.14798186,0.34076923,0E-8,0.000000,0.910332,0.026490,-0.29708971,2026-04-05,2026-07-12,12,78,60,99,0.121212,1.861755,1.559210,1.170268,,,,,,,,GLOBAL_BASELINE_NO_ENTITY_RANKING,,,NOT_APPLICABLE_GLOBAL_BASELINE,HF9g-P5,,,,X 全窗基线 · 不参与实体赏罚,6871887,688,A168_HF9F_20260827_0900,2026-08-27 09:00:00
2026-05-12,143963679,-1,1,36.5507824809,29.6292406260,29.6292406260,1.0000000,3,2,0.47310083913054592,0.397033600000,1.492457222804534,1.742801491796243,1.492457222804534,0.07606723913054592,SENTINEL_DEALER,R03b_20260811_FULL_v1,L1_ELIGIBILITY,v2026-08-11,2026-03-21..2026-08-06,baccarat_bet02_101_all_pairs_incl_sentinel,round_win = game_pnl > 0 (decisive only),COMPATIBILITY_ONLY_NOT_PRODUCTION,1135.2420,1033.4471,167.9952,151,133,-0.14798186,-0.34076923,-0.04367952,-0.14798186,-167.9952,1135.2420,OK,0.0000,6.7198,4.0000,96.0000,AG03-UNRESOLVED,ALL5_LEVELS_bet23_to_bet27,6.7198,6.7198,8.3998,8.3998,8.3998,4.000000,4.000000,5.000000,5.000000,5.000000,96.000000,96.000000,95.000000,95.000000,95.000000,5.0,38.6389,35.2527,129.3563,132.7426,PENDING_AG03,FALSE,NOT_FOR_ENFORCEMENT,161.2754,992.1092,167.9952,161.2754,6.7198,0.14798186,0.14206259,6.7198,161.2754,0.14206259,6.7198,6.7198,8.3998,8.3998,8.3998,161.2754,0.14206259,38.6389,35.2527,129.3563,132.7426,0.11394603,0.11692887,0.00591927,7.5182,7.7703,1.2631,13.9996,2.1538,94.6035,11.0833,11.7224,6.2964,2.1025,4.1543,10.2195,17.7092,21.0824,42.1519,4.1543,-2.0771,5.074843,10.14659,1.809734,27,38,14,5,0.35108029,0.14798186,0.34076923,0E-8,0.000000,0.910332,0.026490,-0.29708971,2026-04-05,2026-07-12,12,78,60,99,0.121212,1.861755,1.559210,1.170268,,,,,,,,GLOBAL_BASELINE_NO_ENTITY_RANKING,,,NOT_APPLICABLE_GLOBAL_BASELINE,HF9g-P5,,,,X 全窗基线 · 不参与实体赏罚,6871888,688,A168_HF9F_20260827_0900,2026-08-27 09:00:00
2026-05-12,143963679,1396,0,25.2074361936,-4.2012393656,-4.2012393656,0.5000000,3,2,0.43443721428571429,0.390331000000,0.18705463473750222,0.31793277647471735,0.18705463473750222,0.04410621428571429,ELIGIBLE,R03b_20260811_FULL_v1,L1_ELIGIBILITY,v2026-08-11,2026-03-21..2026-08-06,baccarat_bet02_101_all_pairs_incl_sentinel,round_win = game_pnl > 0 (decisive only),COMPATIBILITY_ONLY_NOT_PRODUCTION,1135.2420,1033.4471,167.9952,151,133,-0.14798186,-0.34076923,-0.04367952,-0.14798186,-167.9952,1135.2420,OK,0.0000,6.7198,4.0000,96.0000,AG03-UNRESOLVED,ALL5_LEVELS_bet23_to_bet27,6.7198,6.7198,8.3998,8.3998,8.3998,4.000000,4.000000,5.000000,5.000000,5.000000,96.000000,96.000000,95.000000,95.000000,95.000000,5.0,38.6389,35.2527,129.3563,132.7426,PENDING_AG03,FALSE,NOT_FOR_ENFORCEMENT,161.2754,992.1092,167.9952,161.2754,6.7198,0.14798186,0.14206259,6.7198,161.2754,0.14206259,6.7198,6.7198,8.3998,8.3998,8.3998,161.2754,0.14206259,38.6389,35.2527,129.3563,132.7426,0.11394603,0.11692887,0.00591927,7.5182,7.7703,1.2631,13.9996,2.1538,94.6035,11.0833,11.7224,6.2964,2.1025,4.1543,10.2195,17.7092,21.0824,42.1519,4.1543,-2.0771,5.074843,10.14659,1.809734,27,38,14,5,0.35108029,0.14798186,0.34076923,0E-8,0.000000,0.910332,0.026490,-0.29708971,2026-04-05,2026-07-12,12,78,60,99,0.121212,1.861755,1.559210,1.170268,,,,,,,,GLOBAL_BASELINE_NO_ENTITY_RANKING,,,NOT_APPLICABLE_GLOBAL_BASELINE,HF9g-P5,,,,X 全窗基线 · 不参与实体赏罚,6871889,688,A168_HF9F_20260827_0900,2026-08-27 09:00:00
2026-05-12,143963679,2123,0,8.4024787312,-8.4024787312,-8.4024787312,0E-7,1,1,0.50665070000000000,0.506650700000,-1.013391052207602,-1.013391052207602,-1.013391052207602,0E-17,ELIGIBLE,R03b_20260811_FULL_v1,L1_ELIGIBILITY,v2026-08-11,2026-03-21..2026-08-06,baccarat_bet02_101_all_pairs_incl_sentinel,round_win = game_pnl > 0 (decisive only),COMPATIBILITY_ONLY_NOT_PRODUCTION,1135.2420,1033.4471,167.9952,151,133,-0.14798186,-0.34076923,-0.04367952,-0.14798186,-167.9952,1135.2420,OK,0.0000,6.7198,4.0000,96.0000,AG03-UNRESOLVED,ALL5_LEVELS_bet23_to_bet27,6.7198,6.7198,8.3998,8.3998,8.3998,4.000000,4.000000,5.000000,5.000000,5.000000,96.000000,96.000000,95.000000,95.000000,95.000000,5.0,38.6389,35.2527,129.3563,132.7426,PENDING_AG03,FALSE,NOT_FOR_ENFORCEMENT,161.2754,992.1092,167.9952,161.2754,6.7198,0.14798186,0.14206259,6.7198,161.2754,0.14206259,6.7198,6.7198,8.3998,8.3998,8.3998,161.2754,0.14206259,38.6389,35.2527,129.3563,132.7426,0.11394603,0.11692887,0.00591927,7.5182,7.7703,1.2631,13.9996,2.1538,94.6035,11.0833,11.7224,6.2964,2.1025,4.1543,10.2195,17.7092,21.0824,42.1519,4.1543,-2.0771,5.074843,10.14659,1.809734,27,38,14,5,0.35108029,0.14798186,0.34076923,0E-8,0.000000,0.910332,0.026490,-0.29708971,2026-04-05,2026-07-12,12,78,60,99,0.121212,1.861755,1.559210,1.170268,,,,,,,,GLOBAL_BASELINE_NO_ENTITY_RANKING,,,NOT_APPLICABLE_GLOBAL_BASELINE,HF9g-P5,,,,X 全窗基线 · 不参与实体赏罚,6871890,688,A168_HF9F_20260827_0900,2026-08-27 09:00:00
2026-05-12,143963679,2134,0,42.0123936560,-10.5030984140,-10.5030984140,0.3333333,4,4,0.50329940000000000,0.503299400000,-0.5887925454369916,-0.5887925454369916,-0.5887925454369916,0E-17,ELIGIBLE,R03b_20260811_FULL_v1,L1_ELIGIBILITY,v2026-08-11,2026-03-21..2026-08-06,baccarat_bet02_101_all_pairs_incl_sentinel,round_win = game_pnl > 0 (decisive only),COMPATIBILITY_ONLY_NOT_PRODUCTION,1135.2420,1033.4471,167.9952,151,133,-0.14798186,-0.34076923,-0.04367952,-0.14798186,-167.9952,1135.2420,OK,0.0000,6.7198,4.0000,96.0000,AG03-UNRESOLVED,ALL5_LEVELS_bet23_to_bet27,6.7198,6.7198,8.3998,8.3998,8.3998,4.000000,4.000000,5.000000,5.000000,5.000000,96.000000,96.000000,95.000000,95.000000,95.000000,5.0,38.6389,35.2527,129.3563,132.7426,PENDING_AG03,FALSE,NOT_FOR_ENFORCEMENT,161.2754,992.1092,167.9952,161.2754,6.7198,0.14798186,0.14206259,6.7198,161.2754,0.14206259,6.7198,6.7198,8.3998,8.3998,8.3998,161.2754,0.14206259,38.6389,35.2527,129.3563,132.7426,0.11394603,0.11692887,0.00591927,7.5182,7.7703,1.2631,13.9996,2.1538,94.6035,11.0833,11.7224,6.2964,2.1025,4.1543,10.2195,17.7092,21.0824,42.1519,4.1543,-2.0771,5.074843,10.14659,1.809734,27,38,14,5,0.35108029,0.14798186,0.34076923,0E-8,0.000000,0.910332,0.026490,-0.29708971,2026-04-05,2026-07-12,12,78,60,99,0.121212,1.861755,1.559210,1.170268,,,,,,,,GLOBAL_BASELINE_NO_ENTITY_RANKING,,,NOT_APPLICABLE_GLOBAL_BASELINE,HF9g-P5,,,,X 全窗基线 · 不参与实体赏罚,6871891,688,A168_HF9F_20260827_0900,2026-08-27 09:00:00
2026-05-12,143963679,2152,0,12.6037180968,11.9735321920,11.9735321920,1.0000000,1,1,0.50665070000000000,0.506650700000,0.9867858985152569,0.9867858985152569,0.9867858985152569,0E-17,ELIGIBLE,R03b_20260811_FULL_v1,L1_ELIGIBILITY,v2026-08-11,2026-03-21..2026-08-06,baccarat_bet02_101_all_pairs_incl_sentinel,round_win = game_pnl > 0 (decisive only),COMPATIBILITY_ONLY_NOT_PRODUCTION,1135.2420,1033.4471,167.9952,151,133,-0.14798186,-0.34076923,-0.04367952,-0.14798186,-167.9952,1135.2420,OK,0.0000,6.7198,4.0000,96.0000,AG03-UNRESOLVED,ALL5_LEVELS_bet23_to_bet27,6.7198,6.7198,8.3998,8.3998,8.3998,4.000000,4.000000,5.000000,5.000000,5.000000,96.000000,96.000000,95.000000,95.000000,95.000000,5.0,38.6389,35.2527,129.3563,132.7426,PENDING_AG03,FALSE,NOT_FOR_ENFORCEMENT,161.2754,992.1092,167.9952,161.2754,6.7198,0.14798186,0.14206259,6.7198,161.2754,0.14206259,6.7198,6.7198,8.3998,8.3998,8.3998,161.2754,0.14206259,38.6389,35.2527,129.3563,132.7426,0.11394603,0.11692887,0.00591927,7.5182,7.7703,1.2631,13.9996,2.1538,94.6035,11.0833,11.7224,6.2964,2.1025,4.1543,10.2195,17.7092,21.0824,42.1519,4.1543,-2.0771,5.074843,10.14659,1.809734,27,38,14,5,0.35108029,0.14798186,0.34076923,0E-8,0.000000,0.910332,0.026490,-0.29708971,2026-04-05,2026-07-12,12,78,60,99,0.121212,1.861755,1.559210,1.170268,,,,,,,,GLOBAL_BASELINE_NO_ENTITY_RANKING,,,NOT_APPLICABLE_GLOBAL_BASELINE,HF9g-P5,,,,X 全窗基线 · 不参与实体赏罚,6871892,688,A168_HF9F_20260827_0900,2026-08-27 09:00:00
2026-05-12,143963679,2222,0,21.0061968280,-0.5251549207,-0.5251549207,0.5000000,2,2,0.50665070000000000,0.506650700000,-0.018812684590367487,-0.018812684590367487,-0.018812684590367487,0E-17,ELIGIBLE,R03b_20260811_FULL_v1,L1_ELIGIBILITY,v2026-08-11,2026-03-21..2026-08-06,baccarat_bet02_101_all_pairs_incl_sentinel,round_win = game_pnl > 0 (decisive only),COMPATIBILITY_ONLY_NOT_PRODUCTION,1135.2420,1033.4471,167.9952,151,133,-0.14798186,-0.34076923,-0.04367952,-0.14798186,-167.9952,1135.2420,OK,0.0000,6.7198,4.0000,96.0000,AG03-UNRESOLVED,ALL5_LEVELS_bet23_to_bet27,6.7198,6.7198,8.3998,8.3998,8.3998,4.000000,4.000000,5.000000,5.000000,5.000000,96.000000,96.000000,95.000000,95.000000,95.000000,5.0,38.6389,35.2527,129.3563,132.7426,PENDING_AG03,FALSE,NOT_FOR_ENFORCEMENT,161.2754,992.1092,167.9952,161.2754,6.7198,0.14798186,0.14206259,6.7198,161.2754,0.14206259,6.7198,6.7198,8.3998,8.3998,8.3998,161.2754,0.14206259,38.6389,35.2527,129.3563,132.7426,0.11394603,0.11692887,0.00591927,7.5182,7.7703,1.2631,13.9996,2.1538,94.6035,11.0833,11.7224,6.2964,2.1025,4.1543,10.2195,17.7092,21.0824,42.1519,4.1543,-2.0771,5.074843,10.14659,1.809734,27,38,14,5,0.35108029,0.14798186,0.34076923,0E-8,0.000000,0.910332,0.026490,-0.29708971,2026-04-05,2026-07-12,12,78,60,99,0.121212,1.861755,1.559210,1.170268,,,,,,,,GLOBAL_BASELINE_NO_ENTITY_RANKING,,,NOT_APPLICABLE_GLOBAL_BASELINE,HF9g-P5,,,,X 全窗基线 · 不参与实体赏罚,6871893,688,A168_HF9F_20260827_0900,2026-08-27 09:00:00
2026-05-12,143963679,987,0,10.5030984140,-10.5030984140,-10.5030984140,0E-7,1,1,0.50665070000000000,0.506650700000,-1.013391052207602,-1.013391052207602,-1.013391052207602,0E-17,ELIGIBLE,R03b_20260811_FULL_v1,L1_ELIGIBILITY,v2026-08-11,2026-03-21..2026-08-06,baccarat_bet02_101_all_pairs_incl_sentinel,round_win = game_pnl > 0 (decisive only),COMPATIBILITY_ONLY_NOT_PRODUCTION,1135.2420,1033.4471,167.9952,151,133,-0.14798186,-0.34076923,-0.04367952,-0.14798186,-167.9952,1135.2420,OK,0.0000,6.7198,4.0000,96.0000,AG03-UNRESOLVED,ALL5_LEVELS_bet23_to_bet27,6.7198,6.7198,8.3998,8.3998,8.3998,4.000000,4.000000,5.000000,5.000000,5.000000,96.000000,96.000000,95.000000,95.000000,95.000000,5.0,38.6389,35.2527,129.3563,132.7426,PENDING_AG03,FALSE,NOT_FOR_ENFORCEMENT,161.2754,992.1092,167.9952,161.2754,6.7198,0.14798186,0.14206259,6.7198,161.2754,0.14206259,6.7198,6.7198,8.3998,8.3998,8.3998,161.2754,0.14206259,38.6389,35.2527,129.3563,132.7426,0.11394603,0.11692887,0.00591927,7.5182,7.7703,1.2631,13.9996,2.1538,94.6035,11.0833,11.7224,6.2964,2.1025,4.1543,10.2195,17.7092,21.0824,42.1519,4.1543,-2.0771,5.074843,10.14659,1.809734,27,38,14,5,0.35108029,0.14798186,0.34076923,0E-8,0.000000,0.910332,0.026490,-0.29708971,2026-04-05,2026-07-12,12,78,60,99,0.121212,1.861755,1.559210,1.170268,,,,,,,,GLOBAL_BASELINE_NO_ENTITY_RANKING,,,NOT_APPLICABLE_GLOBAL_BASELINE,HF9g-P5,,,,X 全窗基线 · 不参与实体赏罚,6871894,688,A168_HF9F_20260827_0900,2026-08-27 09:00:00
2026-06-04,143963679,-1,1,80.5932326617,-7.0207506804,-7.0207506804,0.4545455,25,24,0.50233151150780337,0.493136570833,-0.4482778230065331,-0.3620508716701025,-0.4482778230065331,0.00919494067480337,SENTINEL_DEALER,R03b_20260811_FULL_v1,L1_ELIGIBILITY,v2026-08-11,2026-03-21..2026-08-06,baccarat_bet02_101_all_pairs_incl_sentinel,round_win = game_pnl > 0 (decisive only),COMPATIBILITY_ONLY_NOT_PRODUCTION,1135.2420,1033.4471,167.9952,151,133,-0.14798186,-0.34076923,-0.04367952,-0.14798186,-167.9952,1135.2420,OK,0.0000,6.7198,4.0000,96.0000,AG03-UNRESOLVED,ALL5_LEVELS_bet23_to_bet27,6.7198,6.7198,8.3998,8.3998,8.3998,4.000000,4.000000,5.000000,5.000000,5.000000,96.000000,96.000000,95.000000,95.000000,95.000000,5.0,38.6389,35.2527,129.3563,132.7426,PENDING_AG03,FALSE,NOT_FOR_ENFORCEMENT,161.2754,992.1092,167.9952,161.2754,6.7198,0.14798186,0.14206259,6.7198,161.2754,0.14206259,6.7198,6.7198,8.3998,8.3998,8.3998,161.2754,0.14206259,38.6389,35.2527,129.3563,132.7426,0.11394603,0.11692887,0.00591927,7.5182,7.7703,1.2631,13.9996,2.1538,94.6035,11.0833,11.7224,6.2964,2.1025,4.1543,10.2195,17.7092,21.0824,42.1519,4.1543,-2.0771,5.074843,10.14659,1.809734,27,38,14,5,0.35108029,0.14798186,0.34076923,0E-8,0.000000,0.910332,0.026490,-0.29708971,2026-04-05,2026-07-12,12,78,60,99,0.121212,1.861755,1.559210,1.170268,,,,,,,,GLOBAL_BASELINE_NO_ENTITY_RANKING,,,NOT_APPLICABLE_GLOBAL_BASELINE,HF9g-P5,,,,X 全窗基线 · 不参与实体赏罚,6871895,688,A168_HF9F_20260827_0900,2026-08-27 09:00:00
2026-06-04,143963679,1078,0,4.1542903434,-4.1542903434,-4.1542903434,0E-7,1,1,0.49324550000000000,0.493245500000,-0.9865810262130424,-0.9865810262130424,-0.9865810262130424,0E-17,ELIGIBLE,R03b_20260811_FULL_v1,L1_ELIGIBILITY,v2026-08-11,2026-03-21..2026-08-06,baccarat_bet02_101_all_pairs_incl_sentinel,round_win = game_pnl > 0 (decisive only),COMPATIBILITY_ONLY_NOT_PRODUCTION,1135.2420,1033.4471,167.9952,151,133,-0.14798186,-0.34076923,-0.04367952,-0.14798186,-167.9952,1135.2420,OK,0.0000,6.7198,4.0000,96.0000,AG03-UNRESOLVED,ALL5_LEVELS_bet23_to_bet27,6.7198,6.7198,8.3998,8.3998,8.3998,4.000000,4.000000,5.000000,5.000000,5.000000,96.000000,96.000000,95.000000,95.000000,95.000000,5.0,38.6389,35.2527,129.3563,132.7426,PENDING_AG03,FALSE,NOT_FOR_ENFORCEMENT,161.2754,992.1092,167.9952,161.2754,6.7198,0.14798186,0.14206259,6.7198,161.2754,0.14206259,6.7198,6.7198,8.3998,8.3998,8.3998,161.2754,0.14206259,38.6389,35.2527,129.3563,132.7426,0.11394603,0.11692887,0.00591927,7.5182,7.7703,1.2631,13.9996,2.1538,94.6035,11.0833,11.7224,6.2964,2.1025,4.1543,10.2195,17.7092,21.0824,42.1519,4.1543,-2.0771,5.074843,10.14659,1.809734,27,38,14,5,0.35108029,0.14798186,0.34076923,0E-8,0.000000,0.910332,0.026490,-0.29708971,2026-04-05,2026-07-12,12,78,60,99,0.121212,1.861755,1.559210,1.170268,,,,,,,,GLOBAL_BASELINE_NO_ENTITY_RANKING,,,NOT_APPLICABLE_GLOBAL_BASELINE,HF9g-P5,,,,X 全窗基线 · 不参与实体赏罚,6871896,688,A168_HF9F_20260827_0900,2026-08-27 09:00:00
2026-06-04,143963679,1115,0,3.3234322747,3.1572606609,3.1572606609,1.0000000,1,1,0.50665070000000000,0.506650700000,0.9867858985152569,0.9867858985152569,0.9867858985152569,0E-17,ELIGIBLE,R03b_20260811_FULL_v1,L1_ELIGIBILITY,v2026-08-11,2026-03-21..2026-08-06,baccarat_bet02_101_all_pairs_incl_sentinel,round_win = game_pnl > 0 (decisive only),COMPATIBILITY_ONLY_NOT_PRODUCTION,1135.2420,1033.4471,167.9952,151,133,-0.14798186,-0.34076923,-0.04367952,-0.14798186,-167.9952,1135.2420,OK,0.0000,6.7198,4.0000,96.0000,AG03-UNRESOLVED,ALL5_LEVELS_bet23_to_bet27,6.7198,6.7198,8.3998,8.3998,8.3998,4.000000,4.000000,5.000000,5.000000,5.000000,96.000000,96.000000,95.000000,95.000000,95.000000,5.0,38.6389,35.2527,129.3563,132.7426,PENDING_AG03,FALSE,NOT_FOR_ENFORCEMENT,161.2754,992.1092,167.9952,161.2754,6.7198,0.14798186,0.14206259,6.7198,161.2754,0.14206259,6.7198,6.7198,8.3998,8.3998,8.3998,161.2754,0.14206259,38.6389,35.2527,129.3563,132.7426,0.11394603,0.11692887,0.00591927,7.5182,7.7703,1.2631,13.9996,2.1538,94.6035,11.0833,11.7224,6.2964,2.1025,4.1543,10.2195,17.7092,21.0824,42.1519,4.1543,-2.0771,5.074843,10.14659,1.809734,27,38,14,5,0.35108029,0.14798186,0.34076923,0E-8,0.000000,0.910332,0.026490,-0.29708971,2026-04-05,2026-07-12,12,78,60,99,0.121212,1.861755,1.559210,1.170268,,,,,,,,GLOBAL_BASELINE_NO_ENTITY_RANKING,,,NOT_APPLICABLE_GLOBAL_BASELINE,HF9g-P5,,,,X 全窗基线 · 不参与实体赏罚,6871897,688,A168_HF9F_20260827_0900,2026-08-27 09:00:00
2026-06-04,143963679,1150,0,4.1542903434,3.9465758262,3.9465758262,1.0000000,1,1,0.50665070000000000,0.506650700000,0.9867858985152569,0.9867858985152569,0.9867858985152569,0E-17,ELIGIBLE,R03b_20260811_FULL_v1,L1_ELIGIBILITY,v2026-08-11,2026-03-21..2026-08-06,baccarat_bet02_101_all_pairs_incl_sentinel,round_win = game_pnl > 0 (decisive only),COMPATIBILITY_ONLY_NOT_PRODUCTION,1135.2420,1033.4471,167.9952,151,133,-0.14798186,-0.34076923,-0.04367952,-0.14798186,-167.9952,1135.2420,OK,0.0000,6.7198,4.0000,96.0000,AG03-UNRESOLVED,ALL5_LEVELS_bet23_to_bet27,6.7198,6.7198,8.3998,8.3998,8.3998,4.000000,4.000000,5.000000,5.000000,5.000000,96.000000,96.000000,95.000000,95.000000,95.000000,5.0,38.6389,35.2527,129.3563,132.7426,PENDING_AG03,FALSE,NOT_FOR_ENFORCEMENT,161.2754,992.1092,167.9952,161.2754,6.7198,0.14798186,0.14206259,6.7198,161.2754,0.14206259,6.7198,6.7198,8.3998,8.3998,8.3998,161.2754,0.14206259,38.6389,35.2527,129.3563,132.7426,0.11394603,0.11692887,0.00591927,7.5182,7.7703,1.2631,13.9996,2.1538,94.6035,11.0833,11.7224,6.2964,2.1025,4.1543,10.2195,17.7092,21.0824,42.1519,4.1543,-2.0771,5.074843,10.14659,1.809734,27,38,14,5,0.35108029,0.14798186,0.34076923,0E-8,0.000000,0.910332,0.026490,-0.29708971,2026-04-05,2026-07-12,12,78,60,99,0.121212,1.861755,1.559210,1.170268,,,,,,,,GLOBAL_BASELINE_NO_ENTITY_RANKING,,,NOT_APPLICABLE_GLOBAL_BASELINE,HF9g-P5,,,,X 全窗基线 · 不参与实体赏罚,6871898,688,A168_HF9F_20260827_0900,2026-08-27 09:00:00
2026-06-04,143963679,1401,0,2.0771451717,-2.0771451717,-2.0771451717,0E-7,1,1,0.49324550000000000,0.493245500000,-0.9865810262130424,-0.9865810262130424,-0.9865810262130424,0E-17,ELIGIBLE,R03b_20260811_FULL_v1,L1_ELIGIBILITY,v2026-08-11,2026-03-21..2026-08-06,baccarat_bet02_101_all_pairs_incl_sentinel,round_win = game_pnl > 0 (decisive only),COMPATIBILITY_ONLY_NOT_PRODUCTION,1135.2420,1033.4471,167.9952,151,133,-0.14798186,-0.34076923,-0.04367952,-0.14798186,-167.9952,1135.2420,OK,0.0000,6.7198,4.0000,96.0000,AG03-UNRESOLVED,ALL5_LEVELS_bet23_to_bet27,6.7198,6.7198,8.3998,8.3998,8.3998,4.000000,4.000000,5.000000,5.000000,5.000000,96.000000,96.000000,95.000000,95.000000,95.000000,5.0,38.6389,35.2527,129.3563,132.7426,PENDING_AG03,FALSE,NOT_FOR_ENFORCEMENT,161.2754,992.1092,167.9952,161.2754,6.7198,0.14798186,0.14206259,6.7198,161.2754,0.14206259,6.7198,6.7198,8.3998,8.3998,8.3998,161.2754,0.14206259,38.6389,35.2527,129.3563,132.7426,0.11394603,0.11692887,0.00591927,7.5182,7.7703,1.2631,13.9996,2.1538,94.6035,11.0833,11.7224,6.2964,2.1025,4.1543,10.2195,17.7092,21.0824,42.1519,4.1543,-2.0771,5.074843,10.14659,1.809734,27,38,14,5,0.35108029,0.14798186,0.34076923,0E-8,0.000000,0.910332,0.026490,-0.29708971,2026-04-05,2026-07-12,12,78,60,99,0.121212,1.861755,1.559210,1.170268,,,,,,,,GLOBAL_BASELINE_NO_ENTITY_RANKING,,,NOT_APPLICABLE_GLOBAL_BASELINE,HF9g-P5,,,,X 全窗基线 · 不参与实体赏罚,6871899,688,A168_HF9F_20260827_0900,2026-08-27 09:00:00
2026-06-04,143963679,1402,0,2.0771451717,-2.0771451717,-2.0771451717,0E-7,1,1,0.50665070000000000,0.506650700000,-1.013391052207602,-1.013391052207602,-1.013391052207602,0E-17,ELIGIBLE,R03b_20260811_FULL_v1,L1_ELIGIBILITY,v2026-08-11,2026-03-21..2026-08-06,baccarat_bet02_101_all_pairs_incl_sentinel,round_win = game_pnl > 0 (decisive only),COMPATIBILITY_ONLY_NOT_PRODUCTION,1135.2420,1033.4471,167.9952,151,133,-0.14798186,-0.34076923,-0.04367952,-0.14798186,-167.9952,1135.2420,OK,0.0000,6.7198,4.0000,96.0000,AG03-UNRESOLVED,ALL5_LEVELS_bet23_to_bet27,6.7198,6.7198,8.3998,8.3998,8.3998,4.000000,4.000000,5.000000,5.000000,5.000000,96.000000,96.000000,95.000000,95.000000,95.000000,5.0,38.6389,35.2527,129.3563,132.7426,PENDING_AG03,FALSE,NOT_FOR_ENFORCEMENT,161.2754,992.1092,167.9952,161.2754,6.7198,0.14798186,0.14206259,6.7198,161.2754,0.14206259,6.7198,6.7198,8.3998,8.3998,8.3998,161.2754,0.14206259,38.6389,35.2527,129.3563,132.7426,0.11394603,0.11692887,0.00591927,7.5182,7.7703,1.2631,13.9996,2.1538,94.6035,11.0833,11.7224,6.2964,2.1025,4.1543,10.2195,17.7092,21.0824,42.1519,4.1543,-2.0771,5.074843,10.14659,1.809734,27,38,14,5,0.35108029,0.14798186,0.34076923,0E-8,0.000000,0.910332,0.026490,-0.29708971,2026-04-05,2026-07-12,12,78,60,99,0.121212,1.861755,1.559210,1.170268,,,,,,,,GLOBAL_BASELINE_NO_ENTITY_RANKING,,,NOT_APPLICABLE_GLOBAL_BASELINE,HF9g-P5,,,,X 全窗基线 · 不参与实体赏罚,6871900,688,A168_HF9F_20260827_0900,2026-08-27 09:00:00
2026-06-04,143963679,1507,0,2.0771451717,1.9732879131,1.9732879131,1.0000000,1,1,0.50665070000000000,0.506650700000,0.9867858985152569,0.9867858985152569,0.9867858985152569,0E-17,ELIGIBLE,R03b_20260811_FULL_v1,L1_ELIGIBILITY,v2026-08-11,2026-03-21..2026-08-06,baccarat_bet02_101_all_pairs_incl_sentinel,round_win = game_pnl > 0 (decisive only),COMPATIBILITY_ONLY_NOT_PRODUCTION,1135.2420,1033.4471,167.9952,151,133,-0.14798186,-0.34076923,-0.04367952,-0.14798186,-167.9952,1135.2420,OK,0.0000,6.7198,4.0000,96.0000,AG03-UNRESOLVED,ALL5_LEVELS_bet23_to_bet27,6.7198,6.7198,8.3998,8.3998,8.3998,4.000000,4.000000,5.000000,5.000000,5.000000,96.000000,96.000000,95.000000,95.000000,95.000000,5.0,38.6389,35.2527,129.3563,132.7426,PENDING_AG03,FALSE,NOT_FOR_ENFORCEMENT,161.2754,992.1092,167.9952,161.2754,6.7198,0.14798186,0.14206259,6.7198,161.2754,0.14206259,6.7198,6.7198,8.3998,8.3998,8.3998,161.2754,0.14206259,38.6389,35.2527,129.3563,132.7426,0.11394603,0.11692887,0.00591927,7.5182,7.7703,1.2631,13.9996,2.1538,94.6035,11.0833,11.7224,6.2964,2.1025,4.1543,10.2195,17.7092,21.0824,42.1519,4.1543,-2.0771,5.074843,10.14659,1.809734,27,38,14,5,0.35108029,0.14798186,0.34076923,0E-8,0.000000,0.910332,0.026490,-0.29708971,2026-04-05,2026-07-12,12,78,60,99,0.121212,1.861755,1.559210,1.170268,,,,,,,,GLOBAL_BASELINE_NO_ENTITY_RANKING,,,NOT_APPLICABLE_GLOBAL_BASELINE,HF9g-P5,,,,X 全窗基线 · 不参与实体赏罚,6871901,688,A168_HF9F_20260827_0900,2026-08-27 09:00:00
2026-06-04,143963679,1935,0,4.1542903434,-0.1038572586,-0.1038572586,0.5000000,2,2,0.50665070000000000,0.506650700000,-0.018812684590367487,-0.018812684590367487,-0.018812684590367487,0E-17,ELIGIBLE,R03b_20260811_FULL_v1,L1_ELIGIBILITY,v2026-08-11,2026-03-21..2026-08-06,baccarat_bet02_101_all_pairs_incl_sentinel,round_win = game_pnl > 0 (decisive only),COMPATIBILITY_ONLY_NOT_PRODUCTION,1135.2420,1033.4471,167.9952,151,133,-0.14798186,-0.34076923,-0.04367952,-0.14798186,-167.9952,1135.2420,OK,0.0000,6.7198,4.0000,96.0000,AG03-UNRESOLVED,ALL5_LEVELS_bet23_to_bet27,6.7198,6.7198,8.3998,8.3998,8.3998,4.000000,4.000000,5.000000,5.000000,5.000000,96.000000,96.000000,95.000000,95.000000,95.000000,5.0,38.6389,35.2527,129.3563,132.7426,PENDING_AG03,FALSE,NOT_FOR_ENFORCEMENT,161.2754,992.1092,167.9952,161.2754,6.7198,0.14798186,0.14206259,6.7198,161.2754,0.14206259,6.7198,6.7198,8.3998,8.3998,8.3998,161.2754,0.14206259,38.6389,35.2527,129.3563,132.7426,0.11394603,0.11692887,0.00591927,7.5182,7.7703,1.2631,13.9996,2.1538,94.6035,11.0833,11.7224,6.2964,2.1025,4.1543,10.2195,17.7092,21.0824,42.1519,4.1543,-2.0771,5.074843,10.14659,1.809734,27,38,14,5,0.35108029,0.14798186,0.34076923,0E-8,0.000000,0.910332,0.026490,-0.29708971,2026-04-05,2026-07-12,12,78,60,99,0.121212,1.861755,1.559210,1.170268,,,,,,,,GLOBAL_BASELINE_NO_ENTITY_RANKING,,,NOT_APPLICABLE_GLOBAL_BASELINE,HF9g-P5,,,,X 全窗基线 · 不参与实体赏罚,6871902,688,A168_HF9F_20260827_0900,2026-08-27 09:00:00
2026-06-04,143963679,2093,0,6.6468645493,0.0934715327,0.0934715327,0.5000000,3,3,0.50218230000000000,0.502182300000,-0.00617253530718887,-0.00617253530718887,-0.00617253530718887,0E-17,ELIGIBLE,R03b_20260811_FULL_v1,L1_ELIGIBILITY,v2026-08-11,2026-03-21..2026-08-06,baccarat_bet02_101_all_pairs_incl_sentinel,round_win = game_pnl > 0 (decisive only),COMPATIBILITY_ONLY_NOT_PRODUCTION,1135.2420,1033.4471,167.9952,151,133,-0.14798186,-0.34076923,-0.04367952,-0.14798186,-167.9952,1135.2420,OK,0.0000,6.7198,4.0000,96.0000,AG03-UNRESOLVED,ALL5_LEVELS_bet23_to_bet27,6.7198,6.7198,8.3998,8.3998,8.3998,4.000000,4.000000,5.000000,5.000000,5.000000,96.000000,96.000000,95.000000,95.000000,95.000000,5.0,38.6389,35.2527,129.3563,132.7426,PENDING_AG03,FALSE,NOT_FOR_ENFORCEMENT,161.2754,992.1092,167.9952,161.2754,6.7198,0.14798186,0.14206259,6.7198,161.2754,0.14206259,6.7198,6.7198,8.3998,8.3998,8.3998,161.2754,0.14206259,38.6389,35.2527,129.3563,132.7426,0.11394603,0.11692887,0.00591927,7.5182,7.7703,1.2631,13.9996,2.1538,94.6035,11.0833,11.7224,6.2964,2.1025,4.1543,10.2195,17.7092,21.0824,42.1519,4.1543,-2.0771,5.074843,10.14659,1.809734,27,38,14,5,0.35108029,0.14798186,0.34076923,0E-8,0.000000,0.910332,0.026490,-0.29708971,2026-04-05,2026-07-12,12,78,60,99,0.121212,1.861755,1.559210,1.170268,,,,,,,,GLOBAL_BASELINE_NO_ENTITY_RANKING,,,NOT_APPLICABLE_GLOBAL_BASELINE,HF9g-P5,,,,X 全窗基线 · 不参与实体赏罚,6871903,688,A168_HF9F_20260827_0900,2026-08-27 09:00:00
2026-06-04,143963679,2145,0,4.1542903434,0E-10,0E-10,0.5000000,2,2,0.49994810000000000,0.499948100000,0.00014679536856514622,0.00014679536856514622,0.00014679536856514622,0E-17,ELIGIBLE,R03b_20260811_FULL_v1,L1_ELIGIBILITY,v2026-08-11,2026-03-21..2026-08-06,baccarat_bet02_101_all_pairs_incl_sentinel,round_win = game_pnl > 0 (decisive only),COMPATIBILITY_ONLY_NOT_PRODUCTION,1135.2420,1033.4471,167.9952,151,133,-0.14798186,-0.34076923,-0.04367952,-0.14798186,-167.9952,1135.2420,OK,0.0000,6.7198,4.0000,96.0000,AG03-UNRESOLVED,ALL5_LEVELS_bet23_to_bet27,6.7198,6.7198,8.3998,8.3998,8.3998,4.000000,4.000000,5.000000,5.000000,5.000000,96.000000,96.000000,95.000000,95.000000,95.000000,5.0,38.6389,35.2527,129.3563,132.7426,PENDING_AG03,FALSE,NOT_FOR_ENFORCEMENT,161.2754,992.1092,167.9952,161.2754,6.7198,0.14798186,0.14206259,6.7198,161.2754,0.14206259,6.7198,6.7198,8.3998,8.3998,8.3998,161.2754,0.14206259,38.6389,35.2527,129.3563,132.7426,0.11394603,0.11692887,0.00591927,7.5182,7.7703,1.2631,13.9996,2.1538,94.6035,11.0833,11.7224,6.2964,2.1025,4.1543,10.2195,17.7092,21.0824,42.1519,4.1543,-2.0771,5.074843,10.14659,1.809734,27,38,14,5,0.35108029,0.14798186,0.34076923,0E-8,0.000000,0.910332,0.026490,-0.29708971,2026-04-05,2026-07-12,12,78,60,99,0.121212,1.861755,1.559210,1.170268,,,,,,,,GLOBAL_BASELINE_NO_ENTITY_RANKING,,,NOT_APPLICABLE_GLOBAL_BASELINE,HF9g-P5,,,,X 全窗基线 · 不参与实体赏罚,6871904,688,A168_HF9F_20260827_0900,2026-08-27 09:00:00
2026-06-04,143963679,948,0,6.2314355151,5.9198637393,5.9198637393,1.0000000,2,2,0.50665070000000000,0.506650700000,1.3955260008387969,1.3955260008387969,1.3955260008387969,0E-17,ELIGIBLE,R03b_20260811_FULL_v1,L1_ELIGIBILITY,v2026-08-11,2026-03-21..2026-08-06,baccarat_bet02_101_all_pairs_incl_sentinel,round_win = game_pnl > 0 (decisive only),COMPATIBILITY_ONLY_NOT_PRODUCTION,1135.2420,1033.4471,167.9952,151,133,-0.14798186,-0.34076923,-0.04367952,-0.14798186,-167.9952,1135.2420,OK,0.0000,6.7198,4.0000,96.0000,AG03-UNRESOLVED,ALL5_LEVELS_bet23_to_bet27,6.7198,6.7198,8.3998,8.3998,8.3998,4.000000,4.000000,5.000000,5.000000,5.000000,96.000000,96.000000,95.000000,95.000000,95.000000,5.0,38.6389,35.2527,129.3563,132.7426,PENDING_AG03,FALSE,NOT_FOR_ENFORCEMENT,161.2754,992.1092,167.9952,161.2754,6.7198,0.14798186,0.14206259,6.7198,161.2754,0.14206259,6.7198,6.7198,8.3998,8.3998,8.3998,161.2754,0.14206259,38.6389,35.2527,129.3563,132.7426,0.11394603,0.11692887,0.00591927,7.5182,7.7703,1.2631,13.9996,2.1538,94.6035,11.0833,11.7224,6.2964,2.1025,4.1543,10.2195,17.7092,21.0824,42.1519,4.1543,-2.0771,5.074843,10.14659,1.809734,27,38,14,5,0.35108029,0.14798186,0.34076923,0E-8,0.000000,0.910332,0.026490,-0.29708971,2026-04-05,2026-07-12,12,78,60,99,0.121212,1.861755,1.559210,1.170268,,,,,,,,GLOBAL_BASELINE_NO_ENTITY_RANKING,,,NOT_APPLICABLE_GLOBAL_BASELINE,HF9g-P5,,,,X 全窗基线 · 不参与实体赏罚,6871905,688,A168_HF9F_20260827_0900,2026-08-27 09:00:00
2026-06-05,143963679,-1,1,51.9286292923,0.9347153272,0.9347153272,0.5000000,16,15,0.50420839841248540,0.489496493333,-0.03149388558518864,0.07861839546647185,-0.03149388558518864,0.01471190507948540,SENTINEL_DEALER,R03b_20260811_FULL_v1,L1_ELIGIBILITY,v2026-08-11,2026-03-21..2026-08-06,baccarat_bet02_101_all_pairs_incl_sentinel,round_win = game_pnl > 0 (decisive only),COMPATIBILITY_ONLY_NOT_PRODUCTION,1135.2420,1033.4471,167.9952,151,133,-0.14798186,-0.34076923,-0.04367952,-0.14798186,-167.9952,1135.2420,OK,0.0000,6.7198,4.0000,96.0000,AG03-UNRESOLVED,ALL5_LEVELS_bet23_to_bet27,6.7198,6.7198,8.3998,8.3998,8.3998,4.000000,4.000000,5.000000,5.000000,5.000000,96.000000,96.000000,95.000000,95.000000,95.000000,5.0,38.6389,35.2527,129.3563,132.7426,PENDING_AG03,FALSE,NOT_FOR_ENFORCEMENT,161.2754,992.1092,167.9952,161.2754,6.7198,0.14798186,0.14206259,6.7198,161.2754,0.14206259,6.7198,6.7198,8.3998,8.3998,8.3998,161.2754,0.14206259,38.6389,35.2527,129.3563,132.7426,0.11394603,0.11692887,0.00591927,7.5182,7.7703,1.2631,13.9996,2.1538,94.6035,11.0833,11.7224,6.2964,2.1025,4.1543,10.2195,17.7092,21.0824,42.1519,4.1543,-2.0771,5.074843,10.14659,1.809734,27,38,14,5,0.35108029,0.14798186,0.34076923,0E-8,0.000000,0.910332,0.026490,-0.29708971,2026-04-05,2026-07-12,12,78,60,99,0.121212,1.861755,1.559210,1.170268,,,,,,,,GLOBAL_BASELINE_NO_ENTITY_RANKING,,,NOT_APPLICABLE_GLOBAL_BASELINE,HF9g-P5,,,,X 全窗基线 · 不参与实体赏罚,6871906,688,A168_HF9F_20260827_0900,2026-08-27 09:00:00
2026-06-05,143963679,1150,0,2.0771451717,-2.0771451717,-2.0771451717,0E-7,1,1,0.49324550000000000,0.493245500000,-0.9865810262130424,-0.9865810262130424,-0.9865810262130424,0E-17,ELIGIBLE,R03b_20260811_FULL_v1,L1_ELIGIBILITY,v2026-08-11,2026-03-21..2026-08-06,baccarat_bet02_101_all_pairs_incl_sentinel,round_win = game_pnl > 0 (decisive only),COMPATIBILITY_ONLY_NOT_PRODUCTION,1135.2420,1033.4471,167.9952,151,133,-0.14798186,-0.34076923,-0.04367952,-0.14798186,-167.9952,1135.2420,OK,0.0000,6.7198,4.0000,96.0000,AG03-UNRESOLVED,ALL5_LEVELS_bet23_to_bet27,6.7198,6.7198,8.3998,8.3998,8.3998,4.000000,4.000000,5.000000,5.000000,5.000000,96.000000,96.000000,95.000000,95.000000,95.000000,5.0,38.6389,35.2527,129.3563,132.7426,PENDING_AG03,FALSE,NOT_FOR_ENFORCEMENT,161.2754,992.1092,167.9952,161.2754,6.7198,0.14798186,0.14206259,6.7198,161.2754,0.14206259,6.7198,6.7198,8.3998,8.3998,8.3998,161.2754,0.14206259,38.6389,35.2527,129.3563,132.7426,0.11394603,0.11692887,0.00591927,7.5182,7.7703,1.2631,13.9996,2.1538,94.6035,11.0833,11.7224,6.2964,2.1025,4.1543,10.2195,17.7092,21.0824,42.1519,4.1543,-2.0771,5.074843,10.14659,1.809734,27,38,14,5,0.35108029,0.14798186,0.34076923,0E-8,0.000000,0.910332,0.026490,-0.29708971,2026-04-05,2026-07-12,12,78,60,99,0.121212,1.861755,1.559210,1.170268,,,,,,,,GLOBAL_BASELINE_NO_ENTITY_RANKING,,,NOT_APPLICABLE_GLOBAL_BASELINE,HF9g-P5,,,,X 全窗基线 · 不参与实体赏罚,6871907,688,A168_HF9F_20260827_0900,2026-08-27 09:00:00
2026-06-05,143963679,1210,0,2.0771451717,-2.0771451717,-2.0771451717,0E-7,1,1,0.50665070000000000,0.506650700000,-1.013391052207602,-1.013391052207602,-1.013391052207602,0E-17,ELIGIBLE,R03b_20260811_FULL_v1,L1_ELIGIBILITY,v2026-08-11,2026-03-21..2026-08-06,baccarat_bet02_101_all_pairs_incl_sentinel,round_win = game_pnl > 0 (decisive only),COMPATIBILITY_ONLY_NOT_PRODUCTION,1135.2420,1033.4471,167.9952,151,133,-0.14798186,-0.34076923,-0.04367952,-0.14798186,-167.9952,1135.2420,OK,0.0000,6.7198,4.0000,96.0000,AG03-UNRESOLVED,ALL5_LEVELS_bet23_to_bet27,6.7198,6.7198,8.3998,8.3998,8.3998,4.000000,4.000000,5.000000,5.000000,5.000000,96.000000,96.000000,95.000000,95.000000,95.000000,5.0,38.6389,35.2527,129.3563,132.7426,PENDING_AG03,FALSE,NOT_FOR_ENFORCEMENT,161.2754,992.1092,167.9952,161.2754,6.7198,0.14798186,0.14206259,6.7198,161.2754,0.14206259,6.7198,6.7198,8.3998,8.3998,8.3998,161.2754,0.14206259,38.6389,35.2527,129.3563,132.7426,0.11394603,0.11692887,0.00591927,7.5182,7.7703,1.2631,13.9996,2.1538,94.6035,11.0833,11.7224,6.2964,2.1025,4.1543,10.2195,17.7092,21.0824,42.1519,4.1543,-2.0771,5.074843,10.14659,1.809734,27,38,14,5,0.35108029,0.14798186,0.34076923,0E-8,0.000000,0.910332,0.026490,-0.29708971,2026-04-05,2026-07-12,12,78,60,99,0.121212,1.861755,1.559210,1.170268,,,,,,,,GLOBAL_BASELINE_NO_ENTITY_RANKING,,,NOT_APPLICABLE_GLOBAL_BASELINE,HF9g-P5,,,,X 全窗基线 · 不参与实体赏罚,6871908,688,A168_HF9F_20260827_0900,2026-08-27 09:00:00
2026-06-05,143963679,1507,0,6.2314355151,-2.0771451717,-2.0771451717,0E-7,2,2,0.50665070000000000,0.506650700000,-1.013391052207602,-1.013391052207602,-1.013391052207602,0E-17,ELIGIBLE,R03b_20260811_FULL_v1,L1_ELIGIBILITY,v2026-08-11,2026-03-21..2026-08-06,baccarat_bet02_101_all_pairs_incl_sentinel,round_win = game_pnl > 0 (decisive only),COMPATIBILITY_ONLY_NOT_PRODUCTION,1135.2420,1033.4471,167.9952,151,133,-0.14798186,-0.34076923,-0.04367952,-0.14798186,-167.9952,1135.2420,OK,0.0000,6.7198,4.0000,96.0000,AG03-UNRESOLVED,ALL5_LEVELS_bet23_to_bet27,6.7198,6.7198,8.3998,8.3998,8.3998,4.000000,4.000000,5.000000,5.000000,5.000000,96.000000,96.000000,95.000000,95.000000,95.000000,5.0,38.6389,35.2527,129.3563,132.7426,PENDING_AG03,FALSE,NOT_FOR_ENFORCEMENT,161.2754,992.1092,167.9952,161.2754,6.7198,0.14798186,0.14206259,6.7198,161.2754,0.14206259,6.7198,6.7198,8.3998,8.3998,8.3998,161.2754,0.14206259,38.6389,35.2527,129.3563,132.7426,0.11394603,0.11692887,0.00591927,7.5182,7.7703,1.2631,13.9996,2.1538,94.6035,11.0833,11.7224,6.2964,2.1025,4.1543,10.2195,17.7092,21.0824,42.1519,4.1543,-2.0771,5.074843,10.14659,1.809734,27,38,14,5,0.35108029,0.14798186,0.34076923,0E-8,0.000000,0.910332,0.026490,-0.29708971,2026-04-05,2026-07-12,12,78,60,99,0.121212,1.861755,1.559210,1.170268,,,,,,,,GLOBAL_BASELINE_NO_ENTITY_RANKING,,,NOT_APPLICABLE_GLOBAL_BASELINE,HF9g-P5,,,,X 全窗基线 · 不参与实体赏罚,6871909,688,A168_HF9F_20260827_0900,2026-08-27 09:00:00
2026-06-05,143963679,2092,0,2.0771451717,2.0771451717,2.0771451717,1.0000000,1,1,0.49324550000000000,0.493245500000,1.01360149184955,1.01360149184955,1.01360149184955,0E-17,ELIGIBLE,R03b_20260811_FULL_v1,L1_ELIGIBILITY,v2026-08-11,2026-03-21..2026-08-06,baccarat_bet02_101_all_pairs_incl_sentinel,round_win = game_pnl > 0 (decisive only),COMPATIBILITY_ONLY_NOT_PRODUCTION,1135.2420,1033.4471,167.9952,151,133,-0.14798186,-0.34076923,-0.04367952,-0.14798186,-167.9952,1135.2420,OK,0.0000,6.7198,4.0000,96.0000,AG03-UNRESOLVED,ALL5_LEVELS_bet23_to_bet27,6.7198,6.7198,8.3998,8.3998,8.3998,4.000000,4.000000,5.000000,5.000000,5.000000,96.000000,96.000000,95.000000,95.000000,95.000000,5.0,38.6389,35.2527,129.3563,132.7426,PENDING_AG03,FALSE,NOT_FOR_ENFORCEMENT,161.2754,992.1092,167.9952,161.2754,6.7198,0.14798186,0.14206259,6.7198,161.2754,0.14206259,6.7198,6.7198,8.3998,8.3998,8.3998,161.2754,0.14206259,38.6389,35.2527,129.3563,132.7426,0.11394603,0.11692887,0.00591927,7.5182,7.7703,1.2631,13.9996,2.1538,94.6035,11.0833,11.7224,6.2964,2.1025,4.1543,10.2195,17.7092,21.0824,42.1519,4.1543,-2.0771,5.074843,10.14659,1.809734,27,38,14,5,0.35108029,0.14798186,0.34076923,0E-8,0.000000,0.910332,0.026490,-0.29708971,2026-04-05,2026-07-12,12,78,60,99,0.121212,1.861755,1.559210,1.170268,,,,,,,,GLOBAL_BASELINE_NO_ENTITY_RANKING,,,NOT_APPLICABLE_GLOBAL_BASELINE,HF9g-P5,,,,X 全窗基线 · 不参与实体赏罚,6871910,688,A168_HF9F_20260827_0900,2026-08-27 09:00:00
2026-06-05,143963679,2130,0,4.7774338949,-4.7774338949,-4.7774338949,0E-7,1,1,0.50665070000000000,0.506650700000,-1.013391052207602,-1.013391052207602,-1.013391052207602,0E-17,ELIGIBLE,R03b_20260811_FULL_v1,L1_ELIGIBILITY,v2026-08-11,2026-03-21..2026-08-06,baccarat_bet02_101_all_pairs_incl_sentinel,round_win = game_pnl > 0 (decisive only),COMPATIBILITY_ONLY_NOT_PRODUCTION,1135.2420,1033.4471,167.9952,151,133,-0.14798186,-0.34076923,-0.04367952,-0.14798186,-167.9952,1135.2420,OK,0.0000,6.7198,4.0000,96.0000,AG03-UNRESOLVED,ALL5_LEVELS_bet23_to_bet27,6.7198,6.7198,8.3998,8.3998,8.3998,4.000000,4.000000,5.000000,5.000000,5.000000,96.000000,96.000000,95.000000,95.000000,95.000000,5.0,38.6389,35.2527,129.3563,132.7426,PENDING_AG03,FALSE,NOT_FOR_ENFORCEMENT,161.2754,992.1092,167.9952,161.2754,6.7198,0.14798186,0.14206259,6.7198,161.2754,0.14206259,6.7198,6.7198,8.3998,8.3998,8.3998,161.2754,0.14206259,38.6389,35.2527,129.3563,132.7426,0.11394603,0.11692887,0.00591927,7.5182,7.7703,1.2631,13.9996,2.1538,94.6035,11.0833,11.7224,6.2964,2.1025,4.1543,10.2195,17.7092,21.0824,42.1519,4.1543,-2.0771,5.074843,10.14659,1.809734,27,38,14,5,0.35108029,0.14798186,0.34076923,0E-8,0.000000,0.910332,0.026490,-0.29708971,2026-04-05,2026-07-12,12,78,60,99,0.121212,1.861755,1.559210,1.170268,,,,,,,,GLOBAL_BASELINE_NO_ENTITY_RANKING,,,NOT_APPLICABLE_GLOBAL_BASELINE,HF9g-P5,,,,X 全窗基线 · 不参与实体赏罚,6871911,688,A168_HF9F_20260827_0900,2026-08-27 09:00:00
2026-06-05,143963679,2170,0,5.8160064807,-1.7655733959,-1.7655733959,0.5000000,2,2,0.50665070000000000,0.506650700000,-0.018812684590367487,-0.018812684590367487,-0.018812684590367487,0E-17,ELIGIBLE,R03b_20260811_FULL_v1,L1_ELIGIBILITY,v2026-08-11,2026-03-21..2026-08-06,baccarat_bet02_101_all_pairs_incl_sentinel,round_win = game_pnl > 0 (decisive only),COMPATIBILITY_ONLY_NOT_PRODUCTION,1135.2420,1033.4471,167.9952,151,133,-0.14798186,-0.34076923,-0.04367952,-0.14798186,-167.9952,1135.2420,OK,0.0000,6.7198,4.0000,96.0000,AG03-UNRESOLVED,ALL5_LEVELS_bet23_to_bet27,6.7198,6.7198,8.3998,8.3998,8.3998,4.000000,4.000000,5.000000,5.000000,5.000000,96.000000,96.000000,95.000000,95.000000,95.000000,5.0,38.6389,35.2527,129.3563,132.7426,PENDING_AG03,FALSE,NOT_FOR_ENFORCEMENT,161.2754,992.1092,167.9952,161.2754,6.7198,0.14798186,0.14206259,6.7198,161.2754,0.14206259,6.7198,6.7198,8.3998,8.3998,8.3998,161.2754,0.14206259,38.6389,35.2527,129.3563,132.7426,0.11394603,0.11692887,0.00591927,7.5182,7.7703,1.2631,13.9996,2.1538,94.6035,11.0833,11.7224,6.2964,2.1025,4.1543,10.2195,17.7092,21.0824,42.1519,4.1543,-2.0771,5.074843,10.14659,1.809734,27,38,14,5,0.35108029,0.14798186,0.34076923,0E-8,0.000000,0.910332,0.026490,-0.29708971,2026-04-05,2026-07-12,12,78,60,99,0.121212,1.861755,1.559210,1.170268,,,,,,,,GLOBAL_BASELINE_NO_ENTITY_RANKING,,,NOT_APPLICABLE_GLOBAL_BASELINE,HF9g-P5,,,,X 全窗基线 · 不参与实体赏罚,6871912,688,A168_HF9F_20260827_0900,2026-08-27 09:00:00
2026-06-05,143963679,2174,0,16.2017323392,0.4154290344,0.4154290344,0.4000000,5,5,0.49324550000000000,0.493245500000,-0.4170446088060018,-0.4170446088060018,-0.4170446088060018,0E-17,ELIGIBLE,R03b_20260811_FULL_v1,L1_ELIGIBILITY,v2026-08-11,2026-03-21..2026-08-06,baccarat_bet02_101_all_pairs_incl_sentinel,round_win = game_pnl > 0 (decisive only),COMPATIBILITY_ONLY_NOT_PRODUCTION,1135.2420,1033.4471,167.9952,151,133,-0.14798186,-0.34076923,-0.04367952,-0.14798186,-167.9952,1135.2420,OK,0.0000,6.7198,4.0000,96.0000,AG03-UNRESOLVED,ALL5_LEVELS_bet23_to_bet27,6.7198,6.7198,8.3998,8.3998,8.3998,4.000000,4.000000,5.000000,5.000000,5.000000,96.000000,96.000000,95.000000,95.000000,95.000000,5.0,38.6389,35.2527,129.3563,132.7426,PENDING_AG03,FALSE,NOT_FOR_ENFORCEMENT,161.2754,992.1092,167.9952,161.2754,6.7198,0.14798186,0.14206259,6.7198,161.2754,0.14206259,6.7198,6.7198,8.3998,8.3998,8.3998,161.2754,0.14206259,38.6389,35.2527,129.3563,132.7426,0.11394603,0.11692887,0.00591927,7.5182,7.7703,1.2631,13.9996,2.1538,94.6035,11.0833,11.7224,6.2964,2.1025,4.1543,10.2195,17.7092,21.0824,42.1519,4.1543,-2.0771,5.074843,10.14659,1.809734,27,38,14,5,0.35108029,0.14798186,0.34076923,0E-8,0.000000,0.910332,0.026490,-0.29708971,2026-04-05,2026-07-12,12,78,60,99,0.121212,1.861755,1.559210,1.170268,,,,,,,,GLOBAL_BASELINE_NO_ENTITY_RANKING,,,NOT_APPLICABLE_GLOBAL_BASELINE,HF9g-P5,,,,X 全窗基线 · 不参与实体赏罚,6871913,688,A168_HF9F_20260827_0900,2026-08-27 09:00:00
2026-06-05,143963679,2266,0,6.4391500322,1.6617161374,1.6617161374,0.5000000,2,2,0.49994810000000000,0.499948100000,0.00014679536856514622,0.00014679536856514622,0.00014679536856514622,0E-17,ELIGIBLE,R03b_20260811_FULL_v1,L1_ELIGIBILITY,v2026-08-11,2026-03-21..2026-08-06,baccarat_bet02_101_all_pairs_incl_sentinel,round_win = game_pnl > 0 (decisive only),COMPATIBILITY_ONLY_NOT_PRODUCTION,1135.2420,1033.4471,167.9952,151,133,-0.14798186,-0.34076923,-0.04367952,-0.14798186,-167.9952,1135.2420,OK,0.0000,6.7198,4.0000,96.0000,AG03-UNRESOLVED,ALL5_LEVELS_bet23_to_bet27,6.7198,6.7198,8.3998,8.3998,8.3998,4.000000,4.000000,5.000000,5.000000,5.000000,96.000000,96.000000,95.000000,95.000000,95.000000,5.0,38.6389,35.2527,129.3563,132.7426,PENDING_AG03,FALSE,NOT_FOR_ENFORCEMENT,161.2754,992.1092,167.9952,161.2754,6.7198,0.14798186,0.14206259,6.7198,161.2754,0.14206259,6.7198,6.7198,8.3998,8.3998,8.3998,161.2754,0.14206259,38.6389,35.2527,129.3563,132.7426,0.11394603,0.11692887,0.00591927,7.5182,7.7703,1.2631,13.9996,2.1538,94.6035,11.0833,11.7224,6.2964,2.1025,4.1543,10.2195,17.7092,21.0824,42.1519,4.1543,-2.0771,5.074843,10.14659,1.809734,27,38,14,5,0.35108029,0.14798186,0.34076923,0E-8,0.000000,0.910332,0.026490,-0.29708971,2026-04-05,2026-07-12,12,78,60,99,0.121212,1.861755,1.559210,1.170268,,,,,,,,GLOBAL_BASELINE_NO_ENTITY_RANKING,,,NOT_APPLICABLE_GLOBAL_BASELINE,HF9g-P5,,,,X 全窗基线 · 不参与实体赏罚,6871914,688,A168_HF9F_20260827_0900,2026-08-27 09:00:00
2026-06-05,143963679,986,0,11.8397274786,-1.4540016202,-1.4540016202,0.5000000,3,3,0.50665070000000000,0.506650700000,-0.018812684590367487,-0.018812684590367487,-0.018812684590367487,0E-17,ELIGIBLE,R03b_20260811_FULL_v1,L1_ELIGIBILITY,v2026-08-11,2026-03-21..2026-08-06,baccarat_bet02_101_all_pairs_incl_sentinel,round_win = game_pnl > 0 (decisive only),COMPATIBILITY_ONLY_NOT_PRODUCTION,1135.2420,1033.4471,167.9952,151,133,-0.14798186,-0.34076923,-0.04367952,-0.14798186,-167.9952,1135.2420,OK,0.0000,6.7198,4.0000,96.0000,AG03-UNRESOLVED,ALL5_LEVELS_bet23_to_bet27,6.7198,6.7198,8.3998,8.3998,8.3998,4.000000,4.000000,5.000000,5.000000,5.000000,96.000000,96.000000,95.000000,95.000000,95.000000,5.0,38.6389,35.2527,129.3563,132.7426,PENDING_AG03,FALSE,NOT_FOR_ENFORCEMENT,161.2754,992.1092,167.9952,161.2754,6.7198,0.14798186,0.14206259,6.7198,161.2754,0.14206259,6.7198,6.7198,8.3998,8.3998,8.3998,161.2754,0.14206259,38.6389,35.2527,129.3563,132.7426,0.11394603,0.11692887,0.00591927,7.5182,7.7703,1.2631,13.9996,2.1538,94.6035,11.0833,11.7224,6.2964,2.1025,4.1543,10.2195,17.7092,21.0824,42.1519,4.1543,-2.0771,5.074843,10.14659,1.809734,27,38,14,5,0.35108029,0.14798186,0.34076923,0E-8,0.000000,0.910332,0.026490,-0.29708971,2026-04-05,2026-07-12,12,78,60,99,0.121212,1.861755,1.559210,1.170268,,,,,,,,GLOBAL_BASELINE_NO_ENTITY_RANKING,,,NOT_APPLICABLE_GLOBAL_BASELINE,HF9g-P5,,,,X 全窗基线 · 不参与实体赏罚,6871915,688,A168_HF9F_20260827_0900,2026-08-27 09:00:00
2026-06-18,143963679,2212,0,6.0237209979,-1.9732879131,-1.9732879131,0.5000000,2,2,0.50665070000000000,0.506650700000,-0.018812684590367487,-0.018812684590367487,-0.018812684590367487,0E-17,ELIGIBLE,R03b_20260811_FULL_v1,L1_ELIGIBILITY,v2026-08-11,2026-03-21..2026-08-06,baccarat_bet02_101_all_pairs_incl_sentinel,round_win = game_pnl > 0 (decisive only),COMPATIBILITY_ONLY_NOT_PRODUCTION,1135.2420,1033.4471,167.9952,151,133,-0.14798186,-0.34076923,-0.04367952,-0.14798186,-167.9952,1135.2420,OK,0.0000,6.7198,4.0000,96.0000,AG03-UNRESOLVED,ALL5_LEVELS_bet23_to_bet27,6.7198,6.7198,8.3998,8.3998,8.3998,4.000000,4.000000,5.000000,5.000000,5.000000,96.000000,96.000000,95.000000,95.000000,95.000000,5.0,38.6389,35.2527,129.3563,132.7426,PENDING_AG03,FALSE,NOT_FOR_ENFORCEMENT,161.2754,992.1092,167.9952,161.2754,6.7198,0.14798186,0.14206259,6.7198,161.2754,0.14206259,6.7198,6.7198,8.3998,8.3998,8.3998,161.2754,0.14206259,38.6389,35.2527,129.3563,132.7426,0.11394603,0.11692887,0.00591927,7.5182,7.7703,1.2631,13.9996,2.1538,94.6035,11.0833,11.7224,6.2964,2.1025,4.1543,10.2195,17.7092,21.0824,42.1519,4.1543,-2.0771,5.074843,10.14659,1.809734,27,38,14,5,0.35108029,0.14798186,0.34076923,0E-8,0.000000,0.910332,0.026490,-0.29708971,2026-04-05,2026-07-12,12,78,60,99,0.121212,1.861755,1.559210,1.170268,,,,,,,,GLOBAL_BASELINE_NO_ENTITY_RANKING,,,NOT_APPLICABLE_GLOBAL_BASELINE,HF9g-P5,,,,X 全窗基线 · 不参与实体赏罚,6871916,688,A168_HF9F_20260827_0900,2026-08-27 09:00:00
2026-07-06,143963679,2205,0,18.5995176389,-14.5117115644,-14.5117115644,0E-7,5,4,0.46889325833394911,0.450014537500,-1.627446477053427,-1.5667449160313378,-1.627446477053427,0.01887872083394911,ELIGIBLE,R03b_20260811_FULL_v1,L1_ELIGIBILITY,v2026-08-11,2026-03-21..2026-08-06,baccarat_bet02_101_all_pairs_incl_sentinel,round_win = game_pnl > 0 (decisive only),COMPATIBILITY_ONLY_NOT_PRODUCTION,1135.2420,1033.4471,167.9952,151,133,-0.14798186,-0.34076923,-0.04367952,-0.14798186,-167.9952,1135.2420,OK,0.0000,6.7198,4.0000,96.0000,AG03-UNRESOLVED,ALL5_LEVELS_bet23_to_bet27,6.7198,6.7198,8.3998,8.3998,8.3998,4.000000,4.000000,5.000000,5.000000,5.000000,96.000000,96.000000,95.000000,95.000000,95.000000,5.0,38.6389,35.2527,129.3563,132.7426,PENDING_AG03,FALSE,NOT_FOR_ENFORCEMENT,161.2754,992.1092,167.9952,161.2754,6.7198,0.14798186,0.14206259,6.7198,161.2754,0.14206259,6.7198,6.7198,8.3998,8.3998,8.3998,161.2754,0.14206259,38.6389,35.2527,129.3563,132.7426,0.11394603,0.11692887,0.00591927,7.5182,7.7703,1.2631,13.9996,2.1538,94.6035,11.0833,11.7224,6.2964,2.1025,4.1543,10.2195,17.7092,21.0824,42.1519,4.1543,-2.0771,5.074843,10.14659,1.809734,27,38,14,5,0.35108029,0.14798186,0.34076923,0E-8,0.000000,0.910332,0.026490,-0.29708971,2026-04-05,2026-07-12,12,78,60,99,0.121212,1.861755,1.559210,1.170268,,,,,,,,GLOBAL_BASELINE_NO_ENTITY_RANKING,,,NOT_APPLICABLE_GLOBAL_BASELINE,HF9g-P5,,,,X 全窗基线 · 不参与实体赏罚,6871917,688,A168_HF9F_20260827_0900,2026-08-27 09:00:00
2026-07-10,143963679,2087,0,2.0439030372,1.9417078854,1.9417078854,1.0000000,1,1,0.50665070000000000,0.506650700000,0.9867858985152569,0.9867858985152569,0.9867858985152569,0E-17,ELIGIBLE,R03b_20260811_FULL_v1,L1_ELIGIBILITY,v2026-08-11,2026-03-21..2026-08-06,baccarat_bet02_101_all_pairs_incl_sentinel,round_win = game_pnl > 0 (decisive only),COMPATIBILITY_ONLY_NOT_PRODUCTION,1135.2420,1033.4471,167.9952,151,133,-0.14798186,-0.34076923,-0.04367952,-0.14798186,-167.9952,1135.2420,OK,0.0000,6.7198,4.0000,96.0000,AG03-UNRESOLVED,ALL5_LEVELS_bet23_to_bet27,6.7198,6.7198,8.3998,8.3998,8.3998,4.000000,4.000000,5.000000,5.000000,5.000000,96.000000,96.000000,95.000000,95.000000,95.000000,5.0,38.6389,35.2527,129.3563,132.7426,PENDING_AG03,FALSE,NOT_FOR_ENFORCEMENT,161.2754,992.1092,167.9952,161.2754,6.7198,0.14798186,0.14206259,6.7198,161.2754,0.14206259,6.7198,6.7198,8.3998,8.3998,8.3998,161.2754,0.14206259,38.6389,35.2527,129.3563,132.7426,0.11394603,0.11692887,0.00591927,7.5182,7.7703,1.2631,13.9996,2.1538,94.6035,11.0833,11.7224,6.2964,2.1025,4.1543,10.2195,17.7092,21.0824,42.1519,4.1543,-2.0771,5.074843,10.14659,1.809734,27,38,14,5,0.35108029,0.14798186,0.34076923,0E-8,0.000000,0.910332,0.026490,-0.29708971,2026-04-05,2026-07-12,12,78,60,99,0.121212,1.861755,1.559210,1.170268,,,,,,,,GLOBAL_BASELINE_NO_ENTITY_RANKING,,,NOT_APPLICABLE_GLOBAL_BASELINE,HF9g-P5,,,,X 全窗基线 · 不参与实体赏罚,6871918,688,A168_HF9F_20260827_0900,2026-08-27 09:00:00
2026-07-10,143963679,2129,0,3.8834157708,-3.8834157708,-3.8834157708,0E-7,1,1,0.49324550000000000,0.493245500000,-0.9865810262130424,-0.9865810262130424,-0.9865810262130424,0E-17,ELIGIBLE,R03b_20260811_FULL_v1,L1_ELIGIBILITY,v2026-08-11,2026-03-21..2026-08-06,baccarat_bet02_101_all_pairs_incl_sentinel,round_win = game_pnl > 0 (decisive only),COMPATIBILITY_ONLY_NOT_PRODUCTION,1135.2420,1033.4471,167.9952,151,133,-0.14798186,-0.34076923,-0.04367952,-0.14798186,-167.9952,1135.2420,OK,0.0000,6.7198,4.0000,96.0000,AG03-UNRESOLVED,ALL5_LEVELS_bet23_to_bet27,6.7198,6.7198,8.3998,8.3998,8.3998,4.000000,4.000000,5.000000,5.000000,5.000000,96.000000,96.000000,95.000000,95.000000,95.000000,5.0,38.6389,35.2527,129.3563,132.7426,PENDING_AG03,FALSE,NOT_FOR_ENFORCEMENT,161.2754,992.1092,167.9952,161.2754,6.7198,0.14798186,0.14206259,6.7198,161.2754,0.14206259,6.7198,6.7198,8.3998,8.3998,8.3998,161.2754,0.14206259,38.6389,35.2527,129.3563,132.7426,0.11394603,0.11692887,0.00591927,7.5182,7.7703,1.2631,13.9996,2.1538,94.6035,11.0833,11.7224,6.2964,2.1025,4.1543,10.2195,17.7092,21.0824,42.1519,4.1543,-2.0771,5.074843,10.14659,1.809734,27,38,14,5,0.35108029,0.14798186,0.34076923,0E-8,0.000000,0.910332,0.026490,-0.29708971,2026-04-05,2026-07-12,12,78,60,99,0.121212,1.861755,1.559210,1.170268,,,,,,,,GLOBAL_BASELINE_NO_ENTITY_RANKING,,,NOT_APPLICABLE_GLOBAL_BASELINE,HF9g-P5,,,,X 全窗基线 · 不参与实体赏罚,6871919,688,A168_HF9F_20260827_0900,2026-08-27 09:00:00
2026-07-11,143963679,2170,0,10.2195151862,10.2195151862,10.2195151862,1.0000000,1,1,0.49324550000000000,0.493245500000,1.01360149184955,1.01360149184955,1.01360149184955,0E-17,ELIGIBLE,R03b_20260811_FULL_v1,L1_ELIGIBILITY,v2026-08-11,2026-03-21..2026-08-06,baccarat_bet02_101_all_pairs_incl_sentinel,round_win = game_pnl > 0 (decisive only),COMPATIBILITY_ONLY_NOT_PRODUCTION,1135.2420,1033.4471,167.9952,151,133,-0.14798186,-0.34076923,-0.04367952,-0.14798186,-167.9952,1135.2420,OK,0.0000,6.7198,4.0000,96.0000,AG03-UNRESOLVED,ALL5_LEVELS_bet23_to_bet27,6.7198,6.7198,8.3998,8.3998,8.3998,4.000000,4.000000,5.000000,5.000000,5.000000,96.000000,96.000000,95.000000,95.000000,95.000000,5.0,38.6389,35.2527,129.3563,132.7426,PENDING_AG03,FALSE,NOT_FOR_ENFORCEMENT,161.2754,992.1092,167.9952,161.2754,6.7198,0.14798186,0.14206259,6.7198,161.2754,0.14206259,6.7198,6.7198,8.3998,8.3998,8.3998,161.2754,0.14206259,38.6389,35.2527,129.3563,132.7426,0.11394603,0.11692887,0.00591927,7.5182,7.7703,1.2631,13.9996,2.1538,94.6035,11.0833,11.7224,6.2964,2.1025,4.1543,10.2195,17.7092,21.0824,42.1519,4.1543,-2.0771,5.074843,10.14659,1.809734,27,38,14,5,0.35108029,0.14798186,0.34076923,0E-8,0.000000,0.910332,0.026490,-0.29708971,2026-04-05,2026-07-12,12,78,60,99,0.121212,1.861755,1.559210,1.170268,,,,,,,,GLOBAL_BASELINE_NO_ENTITY_RANKING,,,NOT_APPLICABLE_GLOBAL_BASELINE,HF9g-P5,,,,X 全窗基线 · 不参与实体赏罚,6871920,688,A168_HF9F_20260827_0900,2026-08-27 09:00:00
2026-07-11,143963679,2258,0,20.4390303724,-20.4390303724,-20.4390303724,0E-7,1,1,0.49324550000000000,0.493245500000,-0.9865810262130424,-0.9865810262130424,-0.9865810262130424,0E-17,ELIGIBLE,R03b_20260811_FULL_v1,L1_ELIGIBILITY,v2026-08-11,2026-03-21..2026-08-06,baccarat_bet02_101_all_pairs_incl_sentinel,round_win = game_pnl > 0 (decisive only),COMPATIBILITY_ONLY_NOT_PRODUCTION,1135.2420,1033.4471,167.9952,151,133,-0.14798186,-0.34076923,-0.04367952,-0.14798186,-167.9952,1135.2420,OK,0.0000,6.7198,4.0000,96.0000,AG03-UNRESOLVED,ALL5_LEVELS_bet23_to_bet27,6.7198,6.7198,8.3998,8.3998,8.3998,4.000000,4.000000,5.000000,5.000000,5.000000,96.000000,96.000000,95.000000,95.000000,95.000000,5.0,38.6389,35.2527,129.3563,132.7426,PENDING_AG03,FALSE,NOT_FOR_ENFORCEMENT,161.2754,992.1092,167.9952,161.2754,6.7198,0.14798186,0.14206259,6.7198,161.2754,0.14206259,6.7198,6.7198,8.3998,8.3998,8.3998,161.2754,0.14206259,38.6389,35.2527,129.3563,132.7426,0.11394603,0.11692887,0.00591927,7.5182,7.7703,1.2631,13.9996,2.1538,94.6035,11.0833,11.7224,6.2964,2.1025,4.1543,10.2195,17.7092,21.0824,42.1519,4.1543,-2.0771,5.074843,10.14659,1.809734,27,38,14,5,0.35108029,0.14798186,0.34076923,0E-8,0.000000,0.910332,0.026490,-0.29708971,2026-04-05,2026-07-12,12,78,60,99,0.121212,1.861755,1.559210,1.170268,,,,,,,,GLOBAL_BASELINE_NO_ENTITY_RANKING,,,NOT_APPLICABLE_GLOBAL_BASELINE,HF9g-P5,,,,X 全窗基线 · 不参与实体赏罚,6871921,688,A168_HF9F_20260827_0900,2026-08-27 09:00:00
2026-07-12,143963679,1302,0,122.6341822346,-24.9356170545,-24.9356170545,0.4000000,16,10,0.32852290856058816,0.322185470000,0.48124745066707325,0.5265653605278323,0.48124745066707325,0.00633743856058816,ELIGIBLE,R03b_20260811_FULL_v1,L1_ELIGIBILITY,v2026-08-11,2026-03-21..2026-08-06,baccarat_bet02_101_all_pairs_incl_sentinel,round_win = game_pnl > 0 (decisive only),COMPATIBILITY_ONLY_NOT_PRODUCTION,1135.2420,1033.4471,167.9952,151,133,-0.14798186,-0.34076923,-0.04367952,-0.14798186,-167.9952,1135.2420,OK,0.0000,6.7198,4.0000,96.0000,AG03-UNRESOLVED,ALL5_LEVELS_bet23_to_bet27,6.7198,6.7198,8.3998,8.3998,8.3998,4.000000,4.000000,5.000000,5.000000,5.000000,96.000000,96.000000,95.000000,95.000000,95.000000,5.0,38.6389,35.2527,129.3563,132.7426,PENDING_AG03,FALSE,NOT_FOR_ENFORCEMENT,161.2754,992.1092,167.9952,161.2754,6.7198,0.14798186,0.14206259,6.7198,161.2754,0.14206259,6.7198,6.7198,8.3998,8.3998,8.3998,161.2754,0.14206259,38.6389,35.2527,129.3563,132.7426,0.11394603,0.11692887,0.00591927,7.5182,7.7703,1.2631,13.9996,2.1538,94.6035,11.0833,11.7224,6.2964,2.1025,4.1543,10.2195,17.7092,21.0824,42.1519,4.1543,-2.0771,5.074843,10.14659,1.809734,27,38,14,5,0.35108029,0.14798186,0.34076923,0E-8,0.000000,0.910332,0.026490,-0.29708971,2026-04-05,2026-07-12,12,78,60,99,0.121212,1.861755,1.559210,1.170268,,,,,,,,GLOBAL_BASELINE_NO_ENTITY_RANKING,,,NOT_APPLICABLE_GLOBAL_BASELINE,HF9g-P5,,,,X 全窗基线 · 不参与实体赏罚,6871922,688,A168_HF9F_20260827_0900,2026-08-27 09:00:00
2026-07-12,143963679,1985,0,69.4927032662,30.2497649512,30.2497649512,0.6666667,4,4,0.50665070000000000,0.506650700000,0.5543606114942035,0.5543606114942035,0.5543606114942035,0E-17,ELIGIBLE,R03b_20260811_FULL_v1,L1_ELIGIBILITY,v2026-08-11,2026-03-21..2026-08-06,baccarat_bet02_101_all_pairs_incl_sentinel,round_win = game_pnl > 0 (decisive only),COMPATIBILITY_ONLY_NOT_PRODUCTION,1135.2420,1033.4471,167.9952,151,133,-0.14798186,-0.34076923,-0.04367952,-0.14798186,-167.9952,1135.2420,OK,0.0000,6.7198,4.0000,96.0000,AG03-UNRESOLVED,ALL5_LEVELS_bet23_to_bet27,6.7198,6.7198,8.3998,8.3998,8.3998,4.000000,4.000000,5.000000,5.000000,5.000000,96.000000,96.000000,95.000000,95.000000,95.000000,5.0,38.6389,35.2527,129.3563,132.7426,PENDING_AG03,FALSE,NOT_FOR_ENFORCEMENT,161.2754,992.1092,167.9952,161.2754,6.7198,0.14798186,0.14206259,6.7198,161.2754,0.14206259,6.7198,6.7198,8.3998,8.3998,8.3998,161.2754,0.14206259,38.6389,35.2527,129.3563,132.7426,0.11394603,0.11692887,0.00591927,7.5182,7.7703,1.2631,13.9996,2.1538,94.6035,11.0833,11.7224,6.2964,2.1025,4.1543,10.2195,17.7092,21.0824,42.1519,4.1543,-2.0771,5.074843,10.14659,1.809734,27,38,14,5,0.35108029,0.14798186,0.34076923,0E-8,0.000000,0.910332,0.026490,-0.29708971,2026-04-05,2026-07-12,12,78,60,99,0.121212,1.861755,1.559210,1.170268,,,,,,,,GLOBAL_BASELINE_NO_ENTITY_RANKING,,,NOT_APPLICABLE_GLOBAL_BASELINE,HF9g-P5,,,,X 全窗基线 · 不参与实体赏罚,6871923,688,A168_HF9F_20260827_0900,2026-08-27 09:00:00
2026-07-12,143963679,2209,0,41.0824510486,-20.6434206762,-20.6434206762,0E-7,3,2,0.41693004653454481,0.393378375000,-0.8456122505162132,-0.8052788575962098,-0.8456122505162132,0.02355167153454481,ELIGIBLE,R03b_20260811_FULL_v1,L1_ELIGIBILITY,v2026-08-11,2026-03-21..2026-08-06,baccarat_bet02_101_all_pairs_incl_sentinel,round_win = game_pnl > 0 (decisive only),COMPATIBILITY_ONLY_NOT_PRODUCTION,1135.2420,1033.4471,167.9952,151,133,-0.14798186,-0.34076923,-0.04367952,-0.14798186,-167.9952,1135.2420,OK,0.0000,6.7198,4.0000,96.0000,AG03-UNRESOLVED,ALL5_LEVELS_bet23_to_bet27,6.7198,6.7198,8.3998,8.3998,8.3998,4.000000,4.000000,5.000000,5.000000,5.000000,96.000000,96.000000,95.000000,95.000000,95.000000,5.0,38.6389,35.2527,129.3563,132.7426,PENDING_AG03,FALSE,NOT_FOR_ENFORCEMENT,161.2754,992.1092,167.9952,161.2754,6.7198,0.14798186,0.14206259,6.7198,161.2754,0.14206259,6.7198,6.7198,8.3998,8.3998,8.3998,161.2754,0.14206259,38.6389,35.2527,129.3563,132.7426,0.11394603,0.11692887,0.00591927,7.5182,7.7703,1.2631,13.9996,2.1538,94.6035,11.0833,11.7224,6.2964,2.1025,4.1543,10.2195,17.7092,21.0824,42.1519,4.1543,-2.0771,5.074843,10.14659,1.809734,27,38,14,5,0.35108029,0.14798186,0.34076923,0E-8,0.000000,0.910332,0.026490,-0.29708971,2026-04-05,2026-07-12,12,78,60,99,0.121212,1.861755,1.559210,1.170268,,,,,,,,GLOBAL_BASELINE_NO_ENTITY_RANKING,,,NOT_APPLICABLE_GLOBAL_BASELINE,HF9g-P5,,,,X 全窗基线 · 不参与实体赏罚,6871924,688,A168_HF9F_20260827_0900,2026-08-27 09:00:00
2026-07-12,143963679,2252,0,128.7658913462,-108.3268609738,-108.3268609738,0E-7,7,4,0.39562584176562308,0.336742212500,-1.6181522375082162,-1.4250745927678579,-1.6181522375082162,0.05888362926562308,ELIGIBLE,R03b_20260811_FULL_v1,L1_ELIGIBILITY,v2026-08-11,2026-03-21..2026-08-06,baccarat_bet02_101_all_pairs_incl_sentinel,round_win = game_pnl > 0 (decisive only),COMPATIBILITY_ONLY_NOT_PRODUCTION,1135.2420,1033.4471,167.9952,151,133,-0.14798186,-0.34076923,-0.04367952,-0.14798186,-167.9952,1135.2420,OK,0.0000,6.7198,4.0000,96.0000,AG03-UNRESOLVED,ALL5_LEVELS_bet23_to_bet27,6.7198,6.7198,8.3998,8.3998,8.3998,4.000000,4.000000,5.000000,5.000000,5.000000,96.000000,96.000000,95.000000,95.000000,95.000000,5.0,38.6389,35.2527,129.3563,132.7426,PENDING_AG03,FALSE,NOT_FOR_ENFORCEMENT,161.2754,992.1092,167.9952,161.2754,6.7198,0.14798186,0.14206259,6.7198,161.2754,0.14206259,6.7198,6.7198,8.3998,8.3998,8.3998,161.2754,0.14206259,38.6389,35.2527,129.3563,132.7426,0.11394603,0.11692887,0.00591927,7.5182,7.7703,1.2631,13.9996,2.1538,94.6035,11.0833,11.7224,6.2964,2.1025,4.1543,10.2195,17.7092,21.0824,42.1519,4.1543,-2.0771,5.074843,10.14659,1.809734,27,38,14,5,0.35108029,0.14798186,0.34076923,0E-8,0.000000,0.910332,0.026490,-0.29708971,2026-04-05,2026-07-12,12,78,60,99,0.121212,1.861755,1.559210,1.170268,,,,,,,,GLOBAL_BASELINE_NO_ENTITY_RANKING,,,NOT_APPLICABLE_GLOBAL_BASELINE,HF9g-P5,,,,X 全窗基线 · 不参与实体赏罚,6871925,688,A168_HF9F_20260827_0900,2026-08-27 09:00:00
2026-03-25,147792302,1307,0,545.0667509282,-167.9964188851,-167.9964188851,0.6666667,3,3,0.50218230000000000,0.502182300000,0.5697959874915163,0.5697959874915164,0.5697959874915163,0E-17,ELIGIBLE,R03b_20260811_FULL_v1,L1_ELIGIBILITY,v2026-08-11,2026-03-21..2026-08-06,baccarat_bet02_101_all_pairs_incl_sentinel,round_win = game_pnl > 0 (decisive only),COMPATIBILITY_ONLY_NOT_PRODUCTION,545.0668,545.0668,167.9964,3,3,-0.30821256,,-0.30821256,-0.30821256,-167.9964,545.0668,THIN_EXPOSURE,0.0000,6.7199,4.0000,96.0000,AG03-UNRESOLVED,ALL5_LEVELS_bet23_to_bet27,6.7199,6.7199,8.3998,8.3998,8.3998,4.000000,4.000000,5.000000,5.000000,5.000000,96.000000,96.000000,95.000000,95.000000,95.000000,5.0,38.6392,35.2529,129.3572,132.7435,PENDING_AG03,FALSE,NOT_FOR_ENFORCEMENT,161.2766,523.2641,167.9964,161.2766,6.7199,0.30821256,0.29588406,6.7199,161.2766,0.29588406,6.7199,6.7199,8.3998,8.3998,8.3998,161.2766,0.29588406,38.6392,35.2529,129.3572,132.7435,0.23732367,0.24353625,0.01232850,181.6889,181.6889,55.9988,167.9964,167.9964,545.0668,3.0000,,181.6889,57.7981,167.9964,309.0028,356.0049,356.0049,356.0049,167.9964,20.0121,2.119122,2.119122,1.081505,1,1,1,2,0E-8,0.30821256,,0E-8,0.000000,1.000000,0.000000,,2026-03-25,2026-03-25,1,1,1,1,1.000000,,,0.000000,,,,,,,,GLOBAL_BASELINE_NO_ENTITY_RANKING,,,NOT_APPLICABLE_GLOBAL_BASELINE,HF9g-P5,,,,X 全窗基线 · 不参与实体赏罚,6871926,688,A168_HF9F_20260827_0900,2026-08-27 09:00:00
2026-03-22,146167345,1384,0,52.6634541960,-52.6634541960,-52.6634541960,0E-7,1,1,0.50665070000000000,0.506650700000,-1.013391052207602,-1.013391052207602,-1.013391052207602,0E-17,ELIGIBLE,R03b_20260811_FULL_v1,L1_ELIGIBILITY,v2026-08-11,2026-03-21..2026-08-06,baccarat_bet02_101_all_pairs_incl_sentinel,round_win = game_pnl > 0 (decisive only),COMPATIBILITY_ONLY_NOT_PRODUCTION,362.5868,362.5868,166.2671,7,7,-0.45855811,,-0.45855811,-0.45855811,-166.2671,362.5868,THIN_EXPOSURE,0.0000,4.9880,3.0000,97.0000,AG03-UNRESOLVED,ALL5_LEVELS_bet23_to_bet27,4.9880,4.9880,4.9880,6.6507,6.6507,3.000000,3.000000,3.000000,4.000000,4.000000,97.000000,97.000000,97.000000,96.000000,96.000000,5.0,28.2654,26.4166,138.0017,139.8505,PENDING_AG03,FALSE,NOT_FOR_ENFORCEMENT,161.2791,351.7092,166.2671,161.2791,4.9880,0.45855811,0.44480136,4.9880,161.2791,0.44480136,4.9880,4.9880,4.9880,6.6507,6.6507,161.2791,0.44480136,28.2654,26.4166,138.0017,139.8505,0.38060323,0.38570214,0.01375674,51.7981,51.7981,23.7524,55.4224,27.7112,120.8623,2.3333,,51.7981,48.4255,52.3519,54.393,59.9953,61.2517,61.2517,52.3519,-52.3519,1.17,1.17,0.989422,4,5,2,2,0E-8,0.45855811,,0E-8,0.000000,1.000000,0.000000,,2026-03-22,2026-04-06,3,6,6,16,0.187500,,,0.000000,,,,,,,,GLOBAL_BASELINE_NO_ENTITY_RANKING,,,NOT_APPLICABLE_GLOBAL_BASELINE,HF9g-P5,,,,X 全窗基线 · 不参与实体赏罚,6871927,688,A168_HF9F_20260827_0900,2026-08-27 09:00:00
2026-04-04,146167345,1384,0,102.0862235950,-7.8527864304,-7.8527864304,0.5000000,2,2,0.49324550000000000,0.493245500000,0.01910635448239258,0.01910635448239258,0.01910635448239258,0E-17,ELIGIBLE,R03b_20260811_FULL_v1,L1_ELIGIBILITY,v2026-08-11,2026-03-21..2026-08-06,baccarat_bet02_101_all_pairs_incl_sentinel,round_win = game_pnl > 0 (decisive only),COMPATIBILITY_ONLY_NOT_PRODUCTION,362.5868,362.5868,166.2671,7,7,-0.45855811,,-0.45855811,-0.45855811,-166.2671,362.5868,THIN_EXPOSURE,0.0000,4.9880,3.0000,97.0000,AG03-UNRESOLVED,ALL5_LEVELS_bet23_to_bet27,4.9880,4.9880,4.9880,6.6507,6.6507,3.000000,3.000000,3.000000,4.000000,4.000000,97.000000,97.000000,97.000000,96.000000,96.000000,5.0,28.2654,26.4166,138.0017,139.8505,PENDING_AG03,FALSE,NOT_FOR_ENFORCEMENT,161.2791,351.7092,166.2671,161.2791,4.9880,0.45855811,0.44480136,4.9880,161.2791,0.44480136,4.9880,4.9880,4.9880,6.6507,6.6507,161.2791,0.44480136,28.2654,26.4166,138.0017,139.8505,0.38060323,0.38570214,0.01375674,51.7981,51.7981,23.7524,55.4224,27.7112,120.8623,2.3333,,51.7981,48.4255,52.3519,54.393,59.9953,61.2517,61.2517,52.3519,-52.3519,1.17,1.17,0.989422,4,5,2,2,0E-8,0.45855811,,0E-8,0.000000,1.000000,0.000000,,2026-03-22,2026-04-06,3,6,6,16,0.187500,,,0.000000,,,,,,,,GLOBAL_BASELINE_NO_ENTITY_RANKING,,,NOT_APPLICABLE_GLOBAL_BASELINE,HF9g-P5,,,,X 全窗基线 · 不参与实体赏罚,6871928,688,A168_HF9F_20260827_0900,2026-08-27 09:00:00
2026-04-04,146167345,1402,0,52.3519095359,49.7343140591,49.7343140591,1.0000000,1,1,0.50665070000000000,0.506650700000,0.9867858985152569,0.9867858985152569,0.9867858985152569,0E-17,ELIGIBLE,R03b_20260811_FULL_v1,L1_ELIGIBILITY,v2026-08-11,2026-03-21..2026-08-06,baccarat_bet02_101_all_pairs_incl_sentinel,round_win = game_pnl > 0 (decisive only),COMPATIBILITY_ONLY_NOT_PRODUCTION,362.5868,362.5868,166.2671,7,7,-0.45855811,,-0.45855811,-0.45855811,-166.2671,362.5868,THIN_EXPOSURE,0.0000,4.9880,3.0000,97.0000,AG03-UNRESOLVED,ALL5_LEVELS_bet23_to_bet27,4.9880,4.9880,4.9880,6.6507,6.6507,3.000000,3.000000,3.000000,4.000000,4.000000,97.000000,97.000000,97.000000,96.000000,96.000000,5.0,28.2654,26.4166,138.0017,139.8505,PENDING_AG03,FALSE,NOT_FOR_ENFORCEMENT,161.2791,351.7092,166.2671,161.2791,4.9880,0.45855811,0.44480136,4.9880,161.2791,0.44480136,4.9880,4.9880,4.9880,6.6507,6.6507,161.2791,0.44480136,28.2654,26.4166,138.0017,139.8505,0.38060323,0.38570214,0.01375674,51.7981,51.7981,23.7524,55.4224,27.7112,120.8623,2.3333,,51.7981,48.4255,52.3519,54.393,59.9953,61.2517,61.2517,52.3519,-52.3519,1.17,1.17,0.989422,4,5,2,2,0E-8,0.45855811,,0E-8,0.000000,1.000000,0.000000,,2026-03-22,2026-04-06,3,6,6,16,0.187500,,,0.000000,,,,,,,,GLOBAL_BASELINE_NO_ENTITY_RANKING,,,NOT_APPLICABLE_GLOBAL_BASELINE,HF9g-P5,,,,X 全窗基线 · 不参与实体赏罚,6871929,688,A168_HF9F_20260827_0900,2026-08-27 09:00:00
2026-04-04,146167345,2103,0,52.3519095359,-52.3519095359,-52.3519095359,0E-7,1,1,0.49324550000000000,0.493245500000,-0.9865810262130424,-0.9865810262130424,-0.9865810262130424,0E-17,ELIGIBLE,R03b_20260811_FULL_v1,L1_ELIGIBILITY,v2026-08-11,2026-03-21..2026-08-06,baccarat_bet02_101_all_pairs_incl_sentinel,round_win = game_pnl > 0 (decisive only),COMPATIBILITY_ONLY_NOT_PRODUCTION,362.5868,362.5868,166.2671,7,7,-0.45855811,,-0.45855811,-0.45855811,-166.2671,362.5868,THIN_EXPOSURE,0.0000,4.9880,3.0000,97.0000,AG03-UNRESOLVED,ALL5_LEVELS_bet23_to_bet27,4.9880,4.9880,4.9880,6.6507,6.6507,3.000000,3.000000,3.000000,4.000000,4.000000,97.000000,97.000000,97.000000,96.000000,96.000000,5.0,28.2654,26.4166,138.0017,139.8505,PENDING_AG03,FALSE,NOT_FOR_ENFORCEMENT,161.2791,351.7092,166.2671,161.2791,4.9880,0.45855811,0.44480136,4.9880,161.2791,0.44480136,4.9880,4.9880,4.9880,6.6507,6.6507,161.2791,0.44480136,28.2654,26.4166,138.0017,139.8505,0.38060323,0.38570214,0.01375674,51.7981,51.7981,23.7524,55.4224,27.7112,120.8623,2.3333,,51.7981,48.4255,52.3519,54.393,59.9953,61.2517,61.2517,52.3519,-52.3519,1.17,1.17,0.989422,4,5,2,2,0E-8,0.45855811,,0E-8,0.000000,1.000000,0.000000,,2026-03-22,2026-04-06,3,6,6,16,0.187500,,,0.000000,,,,,,,,GLOBAL_BASELINE_NO_ENTITY_RANKING,,,NOT_APPLICABLE_GLOBAL_BASELINE,HF9g-P5,,,,X 全窗基线 · 不参与实体赏罚,6871930,688,A168_HF9F_20260827_0900,2026-08-27 09:00:00
2026-04-04,146167345,2196,0,41.8815276287,-41.8815276287,-41.8815276287,0E-7,1,1,0.49324550000000000,0.493245500000,-0.9865810262130424,-0.9865810262130424,-0.9865810262130424,0E-17,ELIGIBLE,R03b_20260811_FULL_v1,L1_ELIGIBILITY,v2026-08-11,2026-03-21..2026-08-06,baccarat_bet02_101_all_pairs_incl_sentinel,round_win = game_pnl > 0 (decisive only),COMPATIBILITY_ONLY_NOT_PRODUCTION,362.5868,362.5868,166.2671,7,7,-0.45855811,,-0.45855811,-0.45855811,-166.2671,362.5868,THIN_EXPOSURE,0.0000,4.9880,3.0000,97.0000,AG03-UNRESOLVED,ALL5_LEVELS_bet23_to_bet27,4.9880,4.9880,4.9880,6.6507,6.6507,3.000000,3.000000,3.000000,4.000000,4.000000,97.000000,97.000000,97.000000,96.000000,96.000000,5.0,28.2654,26.4166,138.0017,139.8505,PENDING_AG03,FALSE,NOT_FOR_ENFORCEMENT,161.2791,351.7092,166.2671,161.2791,4.9880,0.45855811,0.44480136,4.9880,161.2791,0.44480136,4.9880,4.9880,4.9880,6.6507,6.6507,161.2791,0.44480136,28.2654,26.4166,138.0017,139.8505,0.38060323,0.38570214,0.01375674,51.7981,51.7981,23.7524,55.4224,27.7112,120.8623,2.3333,,51.7981,48.4255,52.3519,54.393,59.9953,61.2517,61.2517,52.3519,-52.3519,1.17,1.17,0.989422,4,5,2,2,0E-8,0.45855811,,0E-8,0.000000,1.000000,0.000000,,2026-03-22,2026-04-06,3,6,6,16,0.187500,,,0.000000,,,,,,,,GLOBAL_BASELINE_NO_ENTITY_RANKING,,,NOT_APPLICABLE_GLOBAL_BASELINE,HF9g-P5,,,,X 全窗基线 · 不参与实体赏罚,6871931,688,A168_HF9F_20260827_0900,2026-08-27 09:00:00
2026-04-06,146167345,2246,0,61.2517341570,-61.2517341570,-61.2517341570,0E-7,1,1,0.50665070000000000,0.506650700000,-1.013391052207602,-1.013391052207602,-1.013391052207602,0E-17,ELIGIBLE,R03b_20260811_FULL_v1,L1_ELIGIBILITY,v2026-08-11,2026-03-21..2026-08-06,baccarat_bet02_101_all_pairs_incl_sentinel,round_win = game_pnl > 0 (decisive only),COMPATIBILITY_ONLY_NOT_PRODUCTION,362.5868,362.5868,166.2671,7,7,-0.45855811,,-0.45855811,-0.45855811,-166.2671,362.5868,THIN_EXPOSURE,0.0000,4.9880,3.0000,97.0000,AG03-UNRESOLVED,ALL5_LEVELS_bet23_to_bet27,4.9880,4.9880,4.9880,6.6507,6.6507,3.000000,3.000000,3.000000,4.000000,4.000000,97.000000,97.000000,97.000000,96.000000,96.000000,5.0,28.2654,26.4166,138.0017,139.8505,PENDING_AG03,FALSE,NOT_FOR_ENFORCEMENT,161.2791,351.7092,166.2671,161.2791,4.9880,0.45855811,0.44480136,4.9880,161.2791,0.44480136,4.9880,4.9880,4.9880,6.6507,6.6507,161.2791,0.44480136,28.2654,26.4166,138.0017,139.8505,0.38060323,0.38570214,0.01375674,51.7981,51.7981,23.7524,55.4224,27.7112,120.8623,2.3333,,51.7981,48.4255,52.3519,54.393,59.9953,61.2517,61.2517,52.3519,-52.3519,1.17,1.17,0.989422,4,5,2,2,0E-8,0.45855811,,0E-8,0.000000,1.000000,0.000000,,2026-03-22,2026-04-06,3,6,6,16,0.187500,,,0.000000,,,,,,,,GLOBAL_BASELINE_NO_ENTITY_RANKING,,,NOT_APPLICABLE_GLOBAL_BASELINE,HF9g-P5,,,,X 全窗基线 · 不参与实体赏罚,6871932,688,A168_HF9F_20260827_0900,2026-08-27 09:00:00
2026-06-19,151779857,-1,1,100.0000000000,-1.0000000000,-1.0000000000,0.5000000,10,10,0.49994810000000000,0.499948100000,0.00029359073713029245,0.00029359073713029245,0.00029359073713029245,0E-17,SENTINEL_DEALER,R03b_20260811_FULL_v1,L1_ELIGIBILITY,v2026-08-11,2026-03-21..2026-08-06,baccarat_bet02_101_all_pairs_incl_sentinel,round_win = game_pnl > 0 (decisive only),COMPATIBILITY_ONLY_NOT_PRODUCTION,5346.0000,4896.0000,168.0000,134,134,-0.03142536,,-0.03142536,-0.03142536,-168.0000,5346.0000,OK,0.0000,6.7200,4.0000,96.0000,AG03-UNRESOLVED,ALL5_LEVELS_bet23_to_bet27,6.7200,6.7200,6.7200,8.4000,8.4000,4.000000,4.000000,4.000000,5.000000,5.000000,96.000000,96.000000,96.000000,95.000000,95.000000,5.0,36.9600,33.8563,131.0400,134.1437,PENDING_AG03,FALSE,NOT_FOR_ENFORCEMENT,161.2800,4700.1600,168.0000,161.2800,6.7200,0.03142536,0.03016835,6.7200,161.2800,0.03016835,6.7200,6.7200,6.7200,8.4000,8.4000,161.2800,0.03016835,36.9600,33.8563,131.0400,134.1437,0.02451178,0.02509234,0.00125701,39.8955,36.5373,1.2537,56.0000,3.2308,1782.0000,44.6667,,39.8955,10.0,40.0,50.0,60.0,70.0,243.0006,40.0,0.0,1.75,6.075016,0.997388,28,30,2,2,0E-8,0.03142536,,0E-8,0.000000,0.915825,0.000000,,2026-06-19,2026-06-22,3,52,52,4,0.750000,,,0.000000,,,,,,,,GLOBAL_BASELINE_NO_ENTITY_RANKING,,,NOT_APPLICABLE_GLOBAL_BASELINE,HF9g-P5,,,,X 全窗基线 · 不参与实体赏罚,6871933,688,A168_HF9F_20260827_0900,2026-08-27 09:00:00
2026-06-19,151779857,1004,0,10.0000000000,-10.0000000000,-10.0000000000,0E-7,1,1,0.49324550000000000,0.493245500000,-0.9865810262130424,-0.9865810262130424,-0.9865810262130424,0E-17,ELIGIBLE,R03b_20260811_FULL_v1,L1_ELIGIBILITY,v2026-08-11,2026-03-21..2026-08-06,baccarat_bet02_101_all_pairs_incl_sentinel,round_win = game_pnl > 0 (decisive only),COMPATIBILITY_ONLY_NOT_PRODUCTION,5346.0000,4896.0000,168.0000,134,134,-0.03142536,,-0.03142536,-0.03142536,-168.0000,5346.0000,OK,0.0000,6.7200,4.0000,96.0000,AG03-UNRESOLVED,ALL5_LEVELS_bet23_to_bet27,6.7200,6.7200,6.7200,8.4000,8.4000,4.000000,4.000000,4.000000,5.000000,5.000000,96.000000,96.000000,96.000000,95.000000,95.000000,5.0,36.9600,33.8563,131.0400,134.1437,PENDING_AG03,FALSE,NOT_FOR_ENFORCEMENT,161.2800,4700.1600,168.0000,161.2800,6.7200,0.03142536,0.03016835,6.7200,161.2800,0.03016835,6.7200,6.7200,6.7200,8.4000,8.4000,161.2800,0.03016835,36.9600,33.8563,131.0400,134.1437,0.02451178,0.02509234,0.00125701,39.8955,36.5373,1.2537,56.0000,3.2308,1782.0000,44.6667,,39.8955,10.0,40.0,50.0,60.0,70.0,243.0006,40.0,0.0,1.75,6.075016,0.997388,28,30,2,2,0E-8,0.03142536,,0E-8,0.000000,0.915825,0.000000,,2026-06-19,2026-06-22,3,52,52,4,0.750000,,,0.000000,,,,,,,,GLOBAL_BASELINE_NO_ENTITY_RANKING,,,NOT_APPLICABLE_GLOBAL_BASELINE,HF9g-P5,,,,X 全窗基线 · 不参与实体赏罚,6871934,688,A168_HF9F_20260827_0900,2026-08-27 09:00:00
2026-06-19,151779857,1115,0,20.0000000000,-20.0000000000,-20.0000000000,0E-7,2,2,0.49324550000000000,0.493245500000,-1.3952362676504506,-1.3952362676504506,-1.3952362676504506,0E-17,ELIGIBLE,R03b_20260811_FULL_v1,L1_ELIGIBILITY,v2026-08-11,2026-03-21..2026-08-06,baccarat_bet02_101_all_pairs_incl_sentinel,round_win = game_pnl > 0 (decisive only),COMPATIBILITY_ONLY_NOT_PRODUCTION,5346.0000,4896.0000,168.0000,134,134,-0.03142536,,-0.03142536,-0.03142536,-168.0000,5346.0000,OK,0.0000,6.7200,4.0000,96.0000,AG03-UNRESOLVED,ALL5_LEVELS_bet23_to_bet27,6.7200,6.7200,6.7200,8.4000,8.4000,4.000000,4.000000,4.000000,5.000000,5.000000,96.000000,96.000000,96.000000,95.000000,95.000000,5.0,36.9600,33.8563,131.0400,134.1437,PENDING_AG03,FALSE,NOT_FOR_ENFORCEMENT,161.2800,4700.1600,168.0000,161.2800,6.7200,0.03142536,0.03016835,6.7200,161.2800,0.03016835,6.7200,6.7200,6.7200,8.4000,8.4000,161.2800,0.03016835,36.9600,33.8563,131.0400,134.1437,0.02451178,0.02509234,0.00125701,39.8955,36.5373,1.2537,56.0000,3.2308,1782.0000,44.6667,,39.8955,10.0,40.0,50.0,60.0,70.0,243.0006,40.0,0.0,1.75,6.075016,0.997388,28,30,2,2,0E-8,0.03142536,,0E-8,0.000000,0.915825,0.000000,,2026-06-19,2026-06-22,3,52,52,4,0.750000,,,0.000000,,,,,,,,GLOBAL_BASELINE_NO_ENTITY_RANKING,,,NOT_APPLICABLE_GLOBAL_BASELINE,HF9g-P5,,,,X 全窗基线 · 不参与实体赏罚,6871935,688,A168_HF9F_20260827_0900,2026-08-27 09:00:00
2026-06-19,151779857,1205,0,30.0000000000,-30.0000000000,-30.0000000000,0E-7,3,3,0.49324550000000000,0.493245500000,-1.708808463184432,-1.7088084631844318,-1.708808463184432,0E-17,ELIGIBLE,R03b_20260811_FULL_v1,L1_ELIGIBILITY,v2026-08-11,2026-03-21..2026-08-06,baccarat_bet02_101_all_pairs_incl_sentinel,round_win = game_pnl > 0 (decisive only),COMPATIBILITY_ONLY_NOT_PRODUCTION,5346.0000,4896.0000,168.0000,134,134,-0.03142536,,-0.03142536,-0.03142536,-168.0000,5346.0000,OK,0.0000,6.7200,4.0000,96.0000,AG03-UNRESOLVED,ALL5_LEVELS_bet23_to_bet27,6.7200,6.7200,6.7200,8.4000,8.4000,4.000000,4.000000,4.000000,5.000000,5.000000,96.000000,96.000000,96.000000,95.000000,95.000000,5.0,36.9600,33.8563,131.0400,134.1437,PENDING_AG03,FALSE,NOT_FOR_ENFORCEMENT,161.2800,4700.1600,168.0000,161.2800,6.7200,0.03142536,0.03016835,6.7200,161.2800,0.03016835,6.7200,6.7200,6.7200,8.4000,8.4000,161.2800,0.03016835,36.9600,33.8563,131.0400,134.1437,0.02451178,0.02509234,0.00125701,39.8955,36.5373,1.2537,56.0000,3.2308,1782.0000,44.6667,,39.8955,10.0,40.0,50.0,60.0,70.0,243.0006,40.0,0.0,1.75,6.075016,0.997388,28,30,2,2,0E-8,0.03142536,,0E-8,0.000000,0.915825,0.000000,,2026-06-19,2026-06-22,3,52,52,4,0.750000,,,0.000000,,,,,,,,GLOBAL_BASELINE_NO_ENTITY_RANKING,,,NOT_APPLICABLE_GLOBAL_BASELINE,HF9g-P5,,,,X 全窗基线 · 不参与实体赏罚,6871936,688,A168_HF9F_20260827_0900,2026-08-27 09:00:00
2026-06-19,151779857,1306,0,20.0000000000,-0.5000000000,-0.5000000000,0.5000000,2,2,0.49994810000000000,0.499948100000,0.00014679536856514622,0.00014679536856514622,0.00014679536856514622,0E-17,ELIGIBLE,R03b_20260811_FULL_v1,L1_ELIGIBILITY,v2026-08-11,2026-03-21..2026-08-06,baccarat_bet02_101_all_pairs_incl_sentinel,round_win = game_pnl > 0 (decisive only),COMPATIBILITY_ONLY_NOT_PRODUCTION,5346.0000,4896.0000,168.0000,134,134,-0.03142536,,-0.03142536,-0.03142536,-168.0000,5346.0000,OK,0.0000,6.7200,4.0000,96.0000,AG03-UNRESOLVED,ALL5_LEVELS_bet23_to_bet27,6.7200,6.7200,6.7200,8.4000,8.4000,4.000000,4.000000,4.000000,5.000000,5.000000,96.000000,96.000000,96.000000,95.000000,95.000000,5.0,36.9600,33.8563,131.0400,134.1437,PENDING_AG03,FALSE,NOT_FOR_ENFORCEMENT,161.2800,4700.1600,168.0000,161.2800,6.7200,0.03142536,0.03016835,6.7200,161.2800,0.03016835,6.7200,6.7200,6.7200,8.4000,8.4000,161.2800,0.03016835,36.9600,33.8563,131.0400,134.1437,0.02451178,0.02509234,0.00125701,39.8955,36.5373,1.2537,56.0000,3.2308,1782.0000,44.6667,,39.8955,10.0,40.0,50.0,60.0,70.0,243.0006,40.0,0.0,1.75,6.075016,0.997388,28,30,2,2,0E-8,0.03142536,,0E-8,0.000000,0.915825,0.000000,,2026-06-19,2026-06-22,3,52,52,4,0.750000,,,0.000000,,,,,,,,GLOBAL_BASELINE_NO_ENTITY_RANKING,,,NOT_APPLICABLE_GLOBAL_BASELINE,HF9g-P5,,,,X 全窗基线 · 不参与实体赏罚,6871937,688,A168_HF9F_20260827_0900,2026-08-27 09:00:00
2026-06-19,151779857,1325,0,100.0000000000,-80.0000000000,-80.0000000000,0.3333333,3,3,0.50218230000000000,0.502182300000,-0.5849155494134425,-0.5849155494134426,-0.5849155494134425,0E-17,ELIGIBLE,R03b_20260811_FULL_v1,L1_ELIGIBILITY,v2026-08-11,2026-03-21..2026-08-06,baccarat_bet02_101_all_pairs_incl_sentinel,round_win = game_pnl > 0 (decisive only),COMPATIBILITY_ONLY_NOT_PRODUCTION,5346.0000,4896.0000,168.0000,134,134,-0.03142536,,-0.03142536,-0.03142536,-168.0000,5346.0000,OK,0.0000,6.7200,4.0000,96.0000,AG03-UNRESOLVED,ALL5_LEVELS_bet23_to_bet27,6.7200,6.7200,6.7200,8.4000,8.4000,4.000000,4.000000,4.000000,5.000000,5.000000,96.000000,96.000000,96.000000,95.000000,95.000000,5.0,36.9600,33.8563,131.0400,134.1437,PENDING_AG03,FALSE,NOT_FOR_ENFORCEMENT,161.2800,4700.1600,168.0000,161.2800,6.7200,0.03142536,0.03016835,6.7200,161.2800,0.03016835,6.7200,6.7200,6.7200,8.4000,8.4000,161.2800,0.03016835,36.9600,33.8563,131.0400,134.1437,0.02451178,0.02509234,0.00125701,39.8955,36.5373,1.2537,56.0000,3.2308,1782.0000,44.6667,,39.8955,10.0,40.0,50.0,60.0,70.0,243.0006,40.0,0.0,1.75,6.075016,0.997388,28,30,2,2,0E-8,0.03142536,,0E-8,0.000000,0.915825,0.000000,,2026-06-19,2026-06-22,3,52,52,4,0.750000,,,0.000000,,,,,,,,GLOBAL_BASELINE_NO_ENTITY_RANKING,,,NOT_APPLICABLE_GLOBAL_BASELINE,HF9g-P5,,,,X 全窗基线 · 不参与实体赏罚,6871938,688,A168_HF9F_20260827_0900,2026-08-27 09:00:00
2026-06-19,151779857,1331,0,40.0000000000,19.5000000000,19.5000000000,0.6666667,3,3,0.49771390000000000,0.497713900000,0.5852756695216578,0.5852756695216578,0.5852756695216578,0E-17,ELIGIBLE,R03b_20260811_FULL_v1,L1_ELIGIBILITY,v2026-08-11,2026-03-21..2026-08-06,baccarat_bet02_101_all_pairs_incl_sentinel,round_win = game_pnl > 0 (decisive only),COMPATIBILITY_ONLY_NOT_PRODUCTION,5346.0000,4896.0000,168.0000,134,134,-0.03142536,,-0.03142536,-0.03142536,-168.0000,5346.0000,OK,0.0000,6.7200,4.0000,96.0000,AG03-UNRESOLVED,ALL5_LEVELS_bet23_to_bet27,6.7200,6.7200,6.7200,8.4000,8.4000,4.000000,4.000000,4.000000,5.000000,5.000000,96.000000,96.000000,96.000000,95.000000,95.000000,5.0,36.9600,33.8563,131.0400,134.1437,PENDING_AG03,FALSE,NOT_FOR_ENFORCEMENT,161.2800,4700.1600,168.0000,161.2800,6.7200,0.03142536,0.03016835,6.7200,161.2800,0.03016835,6.7200,6.7200,6.7200,8.4000,8.4000,161.2800,0.03016835,36.9600,33.8563,131.0400,134.1437,0.02451178,0.02509234,0.00125701,39.8955,36.5373,1.2537,56.0000,3.2308,1782.0000,44.6667,,39.8955,10.0,40.0,50.0,60.0,70.0,243.0006,40.0,0.0,1.75,6.075016,0.997388,28,30,2,2,0E-8,0.03142536,,0E-8,0.000000,0.915825,0.000000,,2026-06-19,2026-06-22,3,52,52,4,0.750000,,,0.000000,,,,,,,,GLOBAL_BASELINE_NO_ENTITY_RANKING,,,NOT_APPLICABLE_GLOBAL_BASELINE,HF9g-P5,,,,X 全窗基线 · 不参与实体赏罚,6871939,688,A168_HF9F_20260827_0900,2026-08-27 09:00:00
2026-06-19,151779857,1399,0,20.0000000000,19.5000000000,19.5000000000,1.0000000,2,2,0.49994810000000000,0.499948100000,1.4143603653603398,1.4143603653603398,1.4143603653603398,0E-17,ELIGIBLE,R03b_20260811_FULL_v1,L1_ELIGIBILITY,v2026-08-11,2026-03-21..2026-08-06,baccarat_bet02_101_all_pairs_incl_sentinel,round_win = game_pnl > 0 (decisive only),COMPATIBILITY_ONLY_NOT_PRODUCTION,5346.0000,4896.0000,168.0000,134,134,-0.03142536,,-0.03142536,-0.03142536,-168.0000,5346.0000,OK,0.0000,6.7200,4.0000,96.0000,AG03-UNRESOLVED,ALL5_LEVELS_bet23_to_bet27,6.7200,6.7200,6.7200,8.4000,8.4000,4.000000,4.000000,4.000000,5.000000,5.000000,96.000000,96.000000,96.000000,95.000000,95.000000,5.0,36.9600,33.8563,131.0400,134.1437,PENDING_AG03,FALSE,NOT_FOR_ENFORCEMENT,161.2800,4700.1600,168.0000,161.2800,6.7200,0.03142536,0.03016835,6.7200,161.2800,0.03016835,6.7200,6.7200,6.7200,8.4000,8.4000,161.2800,0.03016835,36.9600,33.8563,131.0400,134.1437,0.02451178,0.02509234,0.00125701,39.8955,36.5373,1.2537,56.0000,3.2308,1782.0000,44.6667,,39.8955,10.0,40.0,50.0,60.0,70.0,243.0006,40.0,0.0,1.75,6.075016,0.997388,28,30,2,2,0E-8,0.03142536,,0E-8,0.000000,0.915825,0.000000,,2026-06-19,2026-06-22,3,52,52,4,0.750000,,,0.000000,,,,,,,,GLOBAL_BASELINE_NO_ENTITY_RANKING,,,NOT_APPLICABLE_GLOBAL_BASELINE,HF9g-P5,,,,X 全窗基线 · 不参与实体赏罚,6871940,688,A168_HF9F_20260827_0900,2026-08-27 09:00:00
2026-06-19,151779857,1405,0,10.0000000000,-10.0000000000,-10.0000000000,0E-7,1,1,0.50665070000000000,0.506650700000,-1.013391052207602,-1.013391052207602,-1.013391052207602,0E-17,ELIGIBLE,R03b_20260811_FULL_v1,L1_ELIGIBILITY,v2026-08-11,2026-03-21..2026-08-06,baccarat_bet02_101_all_pairs_incl_sentinel,round_win = game_pnl > 0 (decisive only),COMPATIBILITY_ONLY_NOT_PRODUCTION,5346.0000,4896.0000,168.0000,134,134,-0.03142536,,-0.03142536,-0.03142536,-168.0000,5346.0000,OK,0.0000,6.7200,4.0000,96.0000,AG03-UNRESOLVED,ALL5_LEVELS_bet23_to_bet27,6.7200,6.7200,6.7200,8.4000,8.4000,4.000000,4.000000,4.000000,5.000000,5.000000,96.000000,96.000000,96.000000,95.000000,95.000000,5.0,36.9600,33.8563,131.0400,134.1437,PENDING_AG03,FALSE,NOT_FOR_ENFORCEMENT,161.2800,4700.1600,168.0000,161.2800,6.7200,0.03142536,0.03016835,6.7200,161.2800,0.03016835,6.7200,6.7200,6.7200,8.4000,8.4000,161.2800,0.03016835,36.9600,33.8563,131.0400,134.1437,0.02451178,0.02509234,0.00125701,39.8955,36.5373,1.2537,56.0000,3.2308,1782.0000,44.6667,,39.8955,10.0,40.0,50.0,60.0,70.0,243.0006,40.0,0.0,1.75,6.075016,0.997388,28,30,2,2,0E-8,0.03142536,,0E-8,0.000000,0.915825,0.000000,,2026-06-19,2026-06-22,3,52,52,4,0.750000,,,0.000000,,,,,,,,GLOBAL_BASELINE_NO_ENTITY_RANKING,,,NOT_APPLICABLE_GLOBAL_BASELINE,HF9g-P5,,,,X 全窗基线 · 不参与实体赏罚,6871941,688,A168_HF9F_20260827_0900,2026-08-27 09:00:00
2026-06-19,151779857,2134,0,101.0000000000,-59.0000000000,-59.0000000000,0.4000000,5,5,0.49592654000000000,0.495926540000,-0.42901076602576227,-0.42901076602576227,-0.42901076602576227,0E-17,ELIGIBLE,R03b_20260811_FULL_v1,L1_ELIGIBILITY,v2026-08-11,2026-03-21..2026-08-06,baccarat_bet02_101_all_pairs_incl_sentinel,round_win = game_pnl > 0 (decisive only),COMPATIBILITY_ONLY_NOT_PRODUCTION,5346.0000,4896.0000,168.0000,134,134,-0.03142536,,-0.03142536,-0.03142536,-168.0000,5346.0000,OK,0.0000,6.7200,4.0000,96.0000,AG03-UNRESOLVED,ALL5_LEVELS_bet23_to_bet27,6.7200,6.7200,6.7200,8.4000,8.4000,4.000000,4.000000,4.000000,5.000000,5.000000,96.000000,96.000000,96.000000,95.000000,95.000000,5.0,36.9600,33.8563,131.0400,134.1437,PENDING_AG03,FALSE,NOT_FOR_ENFORCEMENT,161.2800,4700.1600,168.0000,161.2800,6.7200,0.03142536,0.03016835,6.7200,161.2800,0.03016835,6.7200,6.7200,6.7200,8.4000,8.4000,161.2800,0.03016835,36.9600,33.8563,131.0400,134.1437,0.02451178,0.02509234,0.00125701,39.8955,36.5373,1.2537,56.0000,3.2308,1782.0000,44.6667,,39.8955,10.0,40.0,50.0,60.0,70.0,243.0006,40.0,0.0,1.75,6.075016,0.997388,28,30,2,2,0E-8,0.03142536,,0E-8,0.000000,0.915825,0.000000,,2026-06-19,2026-06-22,3,52,52,4,0.750000,,,0.000000,,,,,,,,GLOBAL_BASELINE_NO_ENTITY_RANKING,,,NOT_APPLICABLE_GLOBAL_BASELINE,HF9g-P5,,,,X 全窗基线 · 不参与实体赏罚,6871942,688,A168_HF9F_20260827_0900,2026-08-27 09:00:00
2026-06-19,151779857,2153,0,10.0000000000,9.5000000000,9.5000000000,1.0000000,1,1,0.50665070000000000,0.506650700000,0.9867858985152569,0.9867858985152569,0.9867858985152569,0E-17,ELIGIBLE,R03b_20260811_FULL_v1,L1_ELIGIBILITY,v2026-08-11,2026-03-21..2026-08-06,baccarat_bet02_101_all_pairs_incl_sentinel,round_win = game_pnl > 0 (decisive only),COMPATIBILITY_ONLY_NOT_PRODUCTION,5346.0000,4896.0000,168.0000,134,134,-0.03142536,,-0.03142536,-0.03142536,-168.0000,5346.0000,OK,0.0000,6.7200,4.0000,96.0000,AG03-UNRESOLVED,ALL5_LEVELS_bet23_to_bet27,6.7200,6.7200,6.7200,8.4000,8.4000,4.000000,4.000000,4.000000,5.000000,5.000000,96.000000,96.000000,96.000000,95.000000,95.000000,5.0,36.9600,33.8563,131.0400,134.1437,PENDING_AG03,FALSE,NOT_FOR_ENFORCEMENT,161.2800,4700.1600,168.0000,161.2800,6.7200,0.03142536,0.03016835,6.7200,161.2800,0.03016835,6.7200,6.7200,6.7200,8.4000,8.4000,161.2800,0.03016835,36.9600,33.8563,131.0400,134.1437,0.02451178,0.02509234,0.00125701,39.8955,36.5373,1.2537,56.0000,3.2308,1782.0000,44.6667,,39.8955,10.0,40.0,50.0,60.0,70.0,243.0006,40.0,0.0,1.75,6.075016,0.997388,28,30,2,2,0E-8,0.03142536,,0E-8,0.000000,0.915825,0.000000,,2026-06-19,2026-06-22,3,52,52,4,0.750000,,,0.000000,,,,,,,,GLOBAL_BASELINE_NO_ENTITY_RANKING,,,NOT_APPLICABLE_GLOBAL_BASELINE,HF9g-P5,,,,X 全窗基线 · 不参与实体赏罚,6871943,688,A168_HF9F_20260827_0900,2026-08-27 09:00:00
2026-06-19,151779857,2164,0,20.0000000000,19.5000000000,19.5000000000,1.0000000,2,2,0.49994810000000000,0.499948100000,1.4143603653603398,1.4143603653603398,1.4143603653603398,0E-17,ELIGIBLE,R03b_20260811_FULL_v1,L1_ELIGIBILITY,v2026-08-11,2026-03-21..2026-08-06,baccarat_bet02_101_all_pairs_incl_sentinel,round_win = game_pnl > 0 (decisive only),COMPATIBILITY_ONLY_NOT_PRODUCTION,5346.0000,4896.0000,168.0000,134,134,-0.03142536,,-0.03142536,-0.03142536,-168.0000,5346.0000,OK,0.0000,6.7200,4.0000,96.0000,AG03-UNRESOLVED,ALL5_LEVELS_bet23_to_bet27,6.7200,6.7200,6.7200,8.4000,8.4000,4.000000,4.000000,4.000000,5.000000,5.000000,96.000000,96.000000,96.000000,95.000000,95.000000,5.0,36.9600,33.8563,131.0400,134.1437,PENDING_AG03,FALSE,NOT_FOR_ENFORCEMENT,161.2800,4700.1600,168.0000,161.2800,6.7200,0.03142536,0.03016835,6.7200,161.2800,0.03016835,6.7200,6.7200,6.7200,8.4000,8.4000,161.2800,0.03016835,36.9600,33.8563,131.0400,134.1437,0.02451178,0.02509234,0.00125701,39.8955,36.5373,1.2537,56.0000,3.2308,1782.0000,44.6667,,39.8955,10.0,40.0,50.0,60.0,70.0,243.0006,40.0,0.0,1.75,6.075016,0.997388,28,30,2,2,0E-8,0.03142536,,0E-8,0.000000,0.915825,0.000000,,2026-06-19,2026-06-22,3,52,52,4,0.750000,,,0.000000,,,,,,,,GLOBAL_BASELINE_NO_ENTITY_RANKING,,,NOT_APPLICABLE_GLOBAL_BASELINE,HF9g-P5,,,,X 全窗基线 · 不参与实体赏罚,6871944,688,A168_HF9F_20260827_0900,2026-08-27 09:00:00
2026-06-19,151779857,2209,0,20.0000000000,-20.0000000000,-20.0000000000,0E-7,2,2,0.50665070000000000,0.506650700000,-1.4331513700195317,-1.4331513700195317,-1.4331513700195317,0E-17,ELIGIBLE,R03b_20260811_FULL_v1,L1_ELIGIBILITY,v2026-08-11,2026-03-21..2026-08-06,baccarat_bet02_101_all_pairs_incl_sentinel,round_win = game_pnl > 0 (decisive only),COMPATIBILITY_ONLY_NOT_PRODUCTION,5346.0000,4896.0000,168.0000,134,134,-0.03142536,,-0.03142536,-0.03142536,-168.0000,5346.0000,OK,0.0000,6.7200,4.0000,96.0000,AG03-UNRESOLVED,ALL5_LEVELS_bet23_to_bet27,6.7200,6.7200,6.7200,8.4000,8.4000,4.000000,4.000000,4.000000,5.000000,5.000000,96.000000,96.000000,96.000000,95.000000,95.000000,5.0,36.9600,33.8563,131.0400,134.1437,PENDING_AG03,FALSE,NOT_FOR_ENFORCEMENT,161.2800,4700.1600,168.0000,161.2800,6.7200,0.03142536,0.03016835,6.7200,161.2800,0.03016835,6.7200,6.7200,6.7200,8.4000,8.4000,161.2800,0.03016835,36.9600,33.8563,131.0400,134.1437,0.02451178,0.02509234,0.00125701,39.8955,36.5373,1.2537,56.0000,3.2308,1782.0000,44.6667,,39.8955,10.0,40.0,50.0,60.0,70.0,243.0006,40.0,0.0,1.75,6.075016,0.997388,28,30,2,2,0E-8,0.03142536,,0E-8,0.000000,0.915825,0.000000,,2026-06-19,2026-06-22,3,52,52,4,0.750000,,,0.000000,,,,,,,,GLOBAL_BASELINE_NO_ENTITY_RANKING,,,NOT_APPLICABLE_GLOBAL_BASELINE,HF9g-P5,,,,X 全窗基线 · 不参与实体赏罚,6871945,688,A168_HF9F_20260827_0900,2026-08-27 09:00:00
2026-06-19,151779857,2223,0,30.0000000000,9.5000000000,9.5000000000,0.6666667,3,3,0.50218230000000000,0.502182300000,0.5697959874915163,0.5697959874915164,0.5697959874915163,0E-17,ELIGIBLE,R03b_20260811_FULL_v1,L1_ELIGIBILITY,v2026-08-11,2026-03-21..2026-08-06,baccarat_bet02_101_all_pairs_incl_sentinel,round_win = game_pnl > 0 (decisive only),COMPATIBILITY_ONLY_NOT_PRODUCTION,5346.0000,4896.0000,168.0000,134,134,-0.03142536,,-0.03142536,-0.03142536,-168.0000,5346.0000,OK,0.0000,6.7200,4.0000,96.0000,AG03-UNRESOLVED,ALL5_LEVELS_bet23_to_bet27,6.7200,6.7200,6.7200,8.4000,8.4000,4.000000,4.000000,4.000000,5.000000,5.000000,96.000000,96.000000,96.000000,95.000000,95.000000,5.0,36.9600,33.8563,131.0400,134.1437,PENDING_AG03,FALSE,NOT_FOR_ENFORCEMENT,161.2800,4700.1600,168.0000,161.2800,6.7200,0.03142536,0.03016835,6.7200,161.2800,0.03016835,6.7200,6.7200,6.7200,8.4000,8.4000,161.2800,0.03016835,36.9600,33.8563,131.0400,134.1437,0.02451178,0.02509234,0.00125701,39.8955,36.5373,1.2537,56.0000,3.2308,1782.0000,44.6667,,39.8955,10.0,40.0,50.0,60.0,70.0,243.0006,40.0,0.0,1.75,6.075016,0.997388,28,30,2,2,0E-8,0.03142536,,0E-8,0.000000,0.915825,0.000000,,2026-06-19,2026-06-22,3,52,52,4,0.750000,,,0.000000,,,,,,,,GLOBAL_BASELINE_NO_ENTITY_RANKING,,,NOT_APPLICABLE_GLOBAL_BASELINE,HF9g-P5,,,,X 全窗基线 · 不参与实体赏罚,6871946,688,A168_HF9F_20260827_0900,2026-08-27 09:00:00
2026-06-19,151779857,2242,0,20.0000000000,-0.5000000000,-0.5000000000,0.5000000,2,2,0.50665070000000000,0.506650700000,-0.018812684590367487,-0.018812684590367487,-0.018812684590367487,0E-17,ELIGIBLE,R03b_20260811_FULL_v1,L1_ELIGIBILITY,v2026-08-11,2026-03-21..2026-08-06,baccarat_bet02_101_all_pairs_incl_sentinel,round_win = game_pnl > 0 (decisive only),COMPATIBILITY_ONLY_NOT_PRODUCTION,5346.0000,4896.0000,168.0000,134,134,-0.03142536,,-0.03142536,-0.03142536,-168.0000,5346.0000,OK,0.0000,6.7200,4.0000,96.0000,AG03-UNRESOLVED,ALL5_LEVELS_bet23_to_bet27,6.7200,6.7200,6.7200,8.4000,8.4000,4.000000,4.000000,4.000000,5.000000,5.000000,96.000000,96.000000,96.000000,95.000000,95.000000,5.0,36.9600,33.8563,131.0400,134.1437,PENDING_AG03,FALSE,NOT_FOR_ENFORCEMENT,161.2800,4700.1600,168.0000,161.2800,6.7200,0.03142536,0.03016835,6.7200,161.2800,0.03016835,6.7200,6.7200,6.7200,8.4000,8.4000,161.2800,0.03016835,36.9600,33.8563,131.0400,134.1437,0.02451178,0.02509234,0.00125701,39.8955,36.5373,1.2537,56.0000,3.2308,1782.0000,44.6667,,39.8955,10.0,40.0,50.0,60.0,70.0,243.0006,40.0,0.0,1.75,6.075016,0.997388,28,30,2,2,0E-8,0.03142536,,0E-8,0.000000,0.915825,0.000000,,2026-06-19,2026-06-22,3,52,52,4,0.750000,,,0.000000,,,,,,,,GLOBAL_BASELINE_NO_ENTITY_RANKING,,,NOT_APPLICABLE_GLOBAL_BASELINE,HF9g-P5,,,,X 全窗基线 · 不参与实体赏罚,6871947,688,A168_HF9F_20260827_0900,2026-08-27 09:00:00
2026-06-19,151779857,2267,0,20.0000000000,-0.5000000000,-0.5000000000,0.5000000,2,2,0.50665070000000000,0.506650700000,-0.018812684590367487,-0.018812684590367487,-0.018812684590367487,0E-17,ELIGIBLE,R03b_20260811_FULL_v1,L1_ELIGIBILITY,v2026-08-11,2026-03-21..2026-08-06,baccarat_bet02_101_all_pairs_incl_sentinel,round_win = game_pnl > 0 (decisive only),COMPATIBILITY_ONLY_NOT_PRODUCTION,5346.0000,4896.0000,168.0000,134,134,-0.03142536,,-0.03142536,-0.03142536,-168.0000,5346.0000,OK,0.0000,6.7200,4.0000,96.0000,AG03-UNRESOLVED,ALL5_LEVELS_bet23_to_bet27,6.7200,6.7200,6.7200,8.4000,8.4000,4.000000,4.000000,4.000000,5.000000,5.000000,96.000000,96.000000,96.000000,95.000000,95.000000,5.0,36.9600,33.8563,131.0400,134.1437,PENDING_AG03,FALSE,NOT_FOR_ENFORCEMENT,161.2800,4700.1600,168.0000,161.2800,6.7200,0.03142536,0.03016835,6.7200,161.2800,0.03016835,6.7200,6.7200,6.7200,8.4000,8.4000,161.2800,0.03016835,36.9600,33.8563,131.0400,134.1437,0.02451178,0.02509234,0.00125701,39.8955,36.5373,1.2537,56.0000,3.2308,1782.0000,44.6667,,39.8955,10.0,40.0,50.0,60.0,70.0,243.0006,40.0,0.0,1.75,6.075016,0.997388,28,30,2,2,0E-8,0.03142536,,0E-8,0.000000,0.915825,0.000000,,2026-06-19,2026-06-22,3,52,52,4,0.750000,,,0.000000,,,,,,,,GLOBAL_BASELINE_NO_ENTITY_RANKING,,,NOT_APPLICABLE_GLOBAL_BASELINE,HF9g-P5,,,,X 全窗基线 · 不参与实体赏罚,6871948,688,A168_HF9F_20260827_0900,2026-08-27 09:00:00
2026-06-19,151779857,2287,0,20.0000000000,-20.0000000000,-20.0000000000,0E-7,2,2,0.50665070000000000,0.506650700000,-1.4331513700195317,-1.4331513700195317,-1.4331513700195317,0E-17,ELIGIBLE,R03b_20260811_FULL_v1,L1_ELIGIBILITY,v2026-08-11,2026-03-21..2026-08-06,baccarat_bet02_101_all_pairs_incl_sentinel,round_win = game_pnl > 0 (decisive only),COMPATIBILITY_ONLY_NOT_PRODUCTION,5346.0000,4896.0000,168.0000,134,134,-0.03142536,,-0.03142536,-0.03142536,-168.0000,5346.0000,OK,0.0000,6.7200,4.0000,96.0000,AG03-UNRESOLVED,ALL5_LEVELS_bet23_to_bet27,6.7200,6.7200,6.7200,8.4000,8.4000,4.000000,4.000000,4.000000,5.000000,5.000000,96.000000,96.000000,96.000000,95.000000,95.000000,5.0,36.9600,33.8563,131.0400,134.1437,PENDING_AG03,FALSE,NOT_FOR_ENFORCEMENT,161.2800,4700.1600,168.0000,161.2800,6.7200,0.03142536,0.03016835,6.7200,161.2800,0.03016835,6.7200,6.7200,6.7200,8.4000,8.4000,161.2800,0.03016835,36.9600,33.8563,131.0400,134.1437,0.02451178,0.02509234,0.00125701,39.8955,36.5373,1.2537,56.0000,3.2308,1782.0000,44.6667,,39.8955,10.0,40.0,50.0,60.0,70.0,243.0006,40.0,0.0,1.75,6.075016,0.997388,28,30,2,2,0E-8,0.03142536,,0E-8,0.000000,0.915825,0.000000,,2026-06-19,2026-06-22,3,52,52,4,0.750000,,,0.000000,,,,,,,,GLOBAL_BASELINE_NO_ENTITY_RANKING,,,NOT_APPLICABLE_GLOBAL_BASELINE,HF9g-P5,,,,X 全窗基线 · 不参与实体赏罚,6871949,688,A168_HF9F_20260827_0900,2026-08-27 09:00:00
2026-06-20,151779857,-1,1,970.0000000000,258.0000000000,258.0000000000,0.6470588,21,21,0.50026727142857143,0.500267271429,1.210474321458343,1.2104743214548095,1.210474321458343,-4.2857E-13,SENTINEL_DEALER,R03b_20260811_FULL_v1,L1_ELIGIBILITY,v2026-08-11,2026-03-21..2026-08-06,baccarat_bet02_101_all_pairs_incl_sentinel,round_win = game_pnl > 0 (decisive only),COMPATIBILITY_ONLY_NOT_PRODUCTION,5346.0000,4896.0000,168.0000,134,134,-0.03142536,,-0.03142536,-0.03142536,-168.0000,5346.0000,OK,0.0000,6.7200,4.0000,96.0000,AG03-UNRESOLVED,ALL5_LEVELS_bet23_to_bet27,6.7200,6.7200,6.7200,8.4000,8.4000,4.000000,4.000000,4.000000,5.000000,5.000000,96.000000,96.000000,96.000000,95.000000,95.000000,5.0,36.9600,33.8563,131.0400,134.1437,PENDING_AG03,FALSE,NOT_FOR_ENFORCEMENT,161.2800,4700.1600,168.0000,161.2800,6.7200,0.03142536,0.03016835,6.7200,161.2800,0.03016835,6.7200,6.7200,6.7200,8.4000,8.4000,161.2800,0.03016835,36.9600,33.8563,131.0400,134.1437,0.02451178,0.02509234,0.00125701,39.8955,36.5373,1.2537,56.0000,3.2308,1782.0000,44.6667,,39.8955,10.0,40.0,50.0,60.0,70.0,243.0006,40.0,0.0,1.75,6.075016,0.997388,28,30,2,2,0E-8,0.03142536,,0E-8,0.000000,0.915825,0.000000,,2026-06-19,2026-06-22,3,52,52,4,0.750000,,,0.000000,,,,,,,,GLOBAL_BASELINE_NO_ENTITY_RANKING,,,NOT_APPLICABLE_GLOBAL_BASELINE,HF9g-P5,,,,X 全窗基线 · 不参与实体赏罚,6871950,688,A168_HF9F_20260827_0900,2026-08-27 09:00:00
2026-06-20,151779857,1094,0,280.0000000000,-24.0000000000,-24.0000000000,0.5000000,6,6,0.50218230000000000,0.502182300000,-0.01069114476356389,-0.01069114476356389,-0.01069114476356389,0E-17,ELIGIBLE,R03b_20260811_FULL_v1,L1_ELIGIBILITY,v2026-08-11,2026-03-21..2026-08-06,baccarat_bet02_101_all_pairs_incl_sentinel,round_win = game_pnl > 0 (decisive only),COMPATIBILITY_ONLY_NOT_PRODUCTION,5346.0000,4896.0000,168.0000,134,134,-0.03142536,,-0.03142536,-0.03142536,-168.0000,5346.0000,OK,0.0000,6.7200,4.0000,96.0000,AG03-UNRESOLVED,ALL5_LEVELS_bet23_to_bet27,6.7200,6.7200,6.7200,8.4000,8.4000,4.000000,4.000000,4.000000,5.000000,5.000000,96.000000,96.000000,96.000000,95.000000,95.000000,5.0,36.9600,33.8563,131.0400,134.1437,PENDING_AG03,FALSE,NOT_FOR_ENFORCEMENT,161.2800,4700.1600,168.0000,161.2800,6.7200,0.03142536,0.03016835,6.7200,161.2800,0.03016835,6.7200,6.7200,6.7200,8.4000,8.4000,161.2800,0.03016835,36.9600,33.8563,131.0400,134.1437,0.02451178,0.02509234,0.00125701,39.8955,36.5373,1.2537,56.0000,3.2308,1782.0000,44.6667,,39.8955,10.0,40.0,50.0,60.0,70.0,243.0006,40.0,0.0,1.75,6.075016,0.997388,28,30,2,2,0E-8,0.03142536,,0E-8,0.000000,0.915825,0.000000,,2026-06-19,2026-06-22,3,52,52,4,0.750000,,,0.000000,,,,,,,,GLOBAL_BASELINE_NO_ENTITY_RANKING,,,NOT_APPLICABLE_GLOBAL_BASELINE,HF9g-P5,,,,X 全窗基线 · 不参与实体赏罚,6871951,688,A168_HF9F_20260827_0900,2026-08-27 09:00:00
2026-06-20,151779857,1299,0,240.0000000000,-62.5000000000,-62.5000000000,0.3333333,5,5,0.49592654000000000,0.495926540000,-0.5632580825033607,-0.5632580825033607,-0.5632580825033607,0E-17,ELIGIBLE,R03b_20260811_FULL_v1,L1_ELIGIBILITY,v2026-08-11,2026-03-21..2026-08-06,baccarat_bet02_101_all_pairs_incl_sentinel,round_win = game_pnl > 0 (decisive only),COMPATIBILITY_ONLY_NOT_PRODUCTION,5346.0000,4896.0000,168.0000,134,134,-0.03142536,,-0.03142536,-0.03142536,-168.0000,5346.0000,OK,0.0000,6.7200,4.0000,96.0000,AG03-UNRESOLVED,ALL5_LEVELS_bet23_to_bet27,6.7200,6.7200,6.7200,8.4000,8.4000,4.000000,4.000000,4.000000,5.000000,5.000000,96.000000,96.000000,96.000000,95.000000,95.000000,5.0,36.9600,33.8563,131.0400,134.1437,PENDING_AG03,FALSE,NOT_FOR_ENFORCEMENT,161.2800,4700.1600,168.0000,161.2800,6.7200,0.03142536,0.03016835,6.7200,161.2800,0.03016835,6.7200,6.7200,6.7200,8.4000,8.4000,161.2800,0.03016835,36.9600,33.8563,131.0400,134.1437,0.02451178,0.02509234,0.00125701,39.8955,36.5373,1.2537,56.0000,3.2308,1782.0000,44.6667,,39.8955,10.0,40.0,50.0,60.0,70.0,243.0006,40.0,0.0,1.75,6.075016,0.997388,28,30,2,2,0E-8,0.03142536,,0E-8,0.000000,0.915825,0.000000,,2026-06-19,2026-06-22,3,52,52,4,0.750000,,,0.000000,,,,,,,,GLOBAL_BASELINE_NO_ENTITY_RANKING,,,NOT_APPLICABLE_GLOBAL_BASELINE,HF9g-P5,,,,X 全窗基线 · 不参与实体赏罚,6871952,688,A168_HF9F_20260827_0900,2026-08-27 09:00:00
2026-06-20,151779857,1302,0,100.0000000000,95.0000000000,95.0000000000,1.0000000,2,2,0.50665070000000000,0.506650700000,1.3955260008387969,1.3955260008387969,1.3955260008387969,0E-17,ELIGIBLE,R03b_20260811_FULL_v1,L1_ELIGIBILITY,v2026-08-11,2026-03-21..2026-08-06,baccarat_bet02_101_all_pairs_incl_sentinel,round_win = game_pnl > 0 (decisive only),COMPATIBILITY_ONLY_NOT_PRODUCTION,5346.0000,4896.0000,168.0000,134,134,-0.03142536,,-0.03142536,-0.03142536,-168.0000,5346.0000,OK,0.0000,6.7200,4.0000,96.0000,AG03-UNRESOLVED,ALL5_LEVELS_bet23_to_bet27,6.7200,6.7200,6.7200,8.4000,8.4000,4.000000,4.000000,4.000000,5.000000,5.000000,96.000000,96.000000,96.000000,95.000000,95.000000,5.0,36.9600,33.8563,131.0400,134.1437,PENDING_AG03,FALSE,NOT_FOR_ENFORCEMENT,161.2800,4700.1600,168.0000,161.2800,6.7200,0.03142536,0.03016835,6.7200,161.2800,0.03016835,6.7200,6.7200,6.7200,8.4000,8.4000,161.2800,0.03016835,36.9600,33.8563,131.0400,134.1437,0.02451178,0.02509234,0.00125701,39.8955,36.5373,1.2537,56.0000,3.2308,1782.0000,44.6667,,39.8955,10.0,40.0,50.0,60.0,70.0,243.0006,40.0,0.0,1.75,6.075016,0.997388,28,30,2,2,0E-8,0.03142536,,0E-8,0.000000,0.915825,0.000000,,2026-06-19,2026-06-22,3,52,52,4,0.750000,,,0.000000,,,,,,,,GLOBAL_BASELINE_NO_ENTITY_RANKING,,,NOT_APPLICABLE_GLOBAL_BASELINE,HF9g-P5,,,,X 全窗基线 · 不参与实体赏罚,6871953,688,A168_HF9F_20260827_0900,2026-08-27 09:00:00
2026-06-20,151779857,1306,0,120.0000000000,-3.0000000000,-3.0000000000,0.5000000,2,2,0.50665070000000000,0.506650700000,-0.018812684590367487,-0.018812684590367487,-0.018812684590367487,0E-17,ELIGIBLE,R03b_20260811_FULL_v1,L1_ELIGIBILITY,v2026-08-11,2026-03-21..2026-08-06,baccarat_bet02_101_all_pairs_incl_sentinel,round_win = game_pnl > 0 (decisive only),COMPATIBILITY_ONLY_NOT_PRODUCTION,5346.0000,4896.0000,168.0000,134,134,-0.03142536,,-0.03142536,-0.03142536,-168.0000,5346.0000,OK,0.0000,6.7200,4.0000,96.0000,AG03-UNRESOLVED,ALL5_LEVELS_bet23_to_bet27,6.7200,6.7200,6.7200,8.4000,8.4000,4.000000,4.000000,4.000000,5.000000,5.000000,96.000000,96.000000,96.000000,95.000000,95.000000,5.0,36.9600,33.8563,131.0400,134.1437,PENDING_AG03,FALSE,NOT_FOR_ENFORCEMENT,161.2800,4700.1600,168.0000,161.2800,6.7200,0.03142536,0.03016835,6.7200,161.2800,0.03016835,6.7200,6.7200,6.7200,8.4000,8.4000,161.2800,0.03016835,36.9600,33.8563,131.0400,134.1437,0.02451178,0.02509234,0.00125701,39.8955,36.5373,1.2537,56.0000,3.2308,1782.0000,44.6667,,39.8955,10.0,40.0,50.0,60.0,70.0,243.0006,40.0,0.0,1.75,6.075016,0.997388,28,30,2,2,0E-8,0.03142536,,0E-8,0.000000,0.915825,0.000000,,2026-06-19,2026-06-22,3,52,52,4,0.750000,,,0.000000,,,,,,,,GLOBAL_BASELINE_NO_ENTITY_RANKING,,,NOT_APPLICABLE_GLOBAL_BASELINE,HF9g-P5,,,,X 全窗基线 · 不参与实体赏罚,6871954,688,A168_HF9F_20260827_0900,2026-08-27 09:00:00
2026-06-20,151779857,1307,0,200.0000000000,-102.5000000000,-102.5000000000,0.2500000,4,4,0.50329940000000000,0.503299400000,-1.013219660140378,-1.013219660140378,-1.013219660140378,0E-17,ELIGIBLE,R03b_20260811_FULL_v1,L1_ELIGIBILITY,v2026-08-11,2026-03-21..2026-08-06,baccarat_bet02_101_all_pairs_incl_sentinel,round_win = game_pnl > 0 (decisive only),COMPATIBILITY_ONLY_NOT_PRODUCTION,5346.0000,4896.0000,168.0000,134,134,-0.03142536,,-0.03142536,-0.03142536,-168.0000,5346.0000,OK,0.0000,6.7200,4.0000,96.0000,AG03-UNRESOLVED,ALL5_LEVELS_bet23_to_bet27,6.7200,6.7200,6.7200,8.4000,8.4000,4.000000,4.000000,4.000000,5.000000,5.000000,96.000000,96.000000,96.000000,95.000000,95.000000,5.0,36.9600,33.8563,131.0400,134.1437,PENDING_AG03,FALSE,NOT_FOR_ENFORCEMENT,161.2800,4700.1600,168.0000,161.2800,6.7200,0.03142536,0.03016835,6.7200,161.2800,0.03016835,6.7200,6.7200,6.7200,8.4000,8.4000,161.2800,0.03016835,36.9600,33.8563,131.0400,134.1437,0.02451178,0.02509234,0.00125701,39.8955,36.5373,1.2537,56.0000,3.2308,1782.0000,44.6667,,39.8955,10.0,40.0,50.0,60.0,70.0,243.0006,40.0,0.0,1.75,6.075016,0.997388,28,30,2,2,0E-8,0.03142536,,0E-8,0.000000,0.915825,0.000000,,2026-06-19,2026-06-22,3,52,52,4,0.750000,,,0.000000,,,,,,,,GLOBAL_BASELINE_NO_ENTITY_RANKING,,,NOT_APPLICABLE_GLOBAL_BASELINE,HF9g-P5,,,,X 全窗基线 · 不参与实体赏罚,6871955,688,A168_HF9F_20260827_0900,2026-08-27 09:00:00
2026-06-20,151779857,1353,0,160.0000000000,-160.0000000000,-160.0000000000,0E-7,3,3,0.49324550000000000,0.493245500000,-1.708808463184432,-1.7088084631844318,-1.708808463184432,0E-17,ELIGIBLE,R03b_20260811_FULL_v1,L1_ELIGIBILITY,v2026-08-11,2026-03-21..2026-08-06,baccarat_bet02_101_all_pairs_incl_sentinel,round_win = game_pnl > 0 (decisive only),COMPATIBILITY_ONLY_NOT_PRODUCTION,5346.0000,4896.0000,168.0000,134,134,-0.03142536,,-0.03142536,-0.03142536,-168.0000,5346.0000,OK,0.0000,6.7200,4.0000,96.0000,AG03-UNRESOLVED,ALL5_LEVELS_bet23_to_bet27,6.7200,6.7200,6.7200,8.4000,8.4000,4.000000,4.000000,4.000000,5.000000,5.000000,96.000000,96.000000,96.000000,95.000000,95.000000,5.0,36.9600,33.8563,131.0400,134.1437,PENDING_AG03,FALSE,NOT_FOR_ENFORCEMENT,161.2800,4700.1600,168.0000,161.2800,6.7200,0.03142536,0.03016835,6.7200,161.2800,0.03016835,6.7200,6.7200,6.7200,8.4000,8.4000,161.2800,0.03016835,36.9600,33.8563,131.0400,134.1437,0.02451178,0.02509234,0.00125701,39.8955,36.5373,1.2537,56.0000,3.2308,1782.0000,44.6667,,39.8955,10.0,40.0,50.0,60.0,70.0,243.0006,40.0,0.0,1.75,6.075016,0.997388,28,30,2,2,0E-8,0.03142536,,0E-8,0.000000,0.915825,0.000000,,2026-06-19,2026-06-22,3,52,52,4,0.750000,,,0.000000,,,,,,,,GLOBAL_BASELINE_NO_ENTITY_RANKING,,,NOT_APPLICABLE_GLOBAL_BASELINE,HF9g-P5,,,,X 全窗基线 · 不参与实体赏罚,6871956,688,A168_HF9F_20260827_0900,2026-08-27 09:00:00
2026-06-20,151779857,1399,0,110.0000000000,-10.0000000000,-10.0000000000,0.5000000,2,2,0.49994810000000000,0.499948100000,0.00014679536856514622,0.00014679536856514622,0.00014679536856514622,0E-17,ELIGIBLE,R03b_20260811_FULL_v1,L1_ELIGIBILITY,v2026-08-11,2026-03-21..2026-08-06,baccarat_bet02_101_all_pairs_incl_sentinel,round_win = game_pnl > 0 (decisive only),COMPATIBILITY_ONLY_NOT_PRODUCTION,5346.0000,4896.0000,168.0000,134,134,-0.03142536,,-0.03142536,-0.03142536,-168.0000,5346.0000,OK,0.0000,6.7200,4.0000,96.0000,AG03-UNRESOLVED,ALL5_LEVELS_bet23_to_bet27,6.7200,6.7200,6.7200,8.4000,8.4000,4.000000,4.000000,4.000000,5.000000,5.000000,96.000000,96.000000,96.000000,95.000000,95.000000,5.0,36.9600,33.8563,131.0400,134.1437,PENDING_AG03,FALSE,NOT_FOR_ENFORCEMENT,161.2800,4700.1600,168.0000,161.2800,6.7200,0.03142536,0.03016835,6.7200,161.2800,0.03016835,6.7200,6.7200,6.7200,8.4000,8.4000,161.2800,0.03016835,36.9600,33.8563,131.0400,134.1437,0.02451178,0.02509234,0.00125701,39.8955,36.5373,1.2537,56.0000,3.2308,1782.0000,44.6667,,39.8955,10.0,40.0,50.0,60.0,70.0,243.0006,40.0,0.0,1.75,6.075016,0.997388,28,30,2,2,0E-8,0.03142536,,0E-8,0.000000,0.915825,0.000000,,2026-06-19,2026-06-22,3,52,52,4,0.750000,,,0.000000,,,,,,,,GLOBAL_BASELINE_NO_ENTITY_RANKING,,,NOT_APPLICABLE_GLOBAL_BASELINE,HF9g-P5,,,,X 全窗基线 · 不参与实体赏罚,6871957,688,A168_HF9F_20260827_0900,2026-08-27 09:00:00
2026-06-20,151779857,1405,0,540.0000000000,417.5000000000,417.5000000000,0.7500000,4,4,0.50329940000000000,0.503299400000,0.9868238854431842,0.9868238854431842,0.9868238854431842,0E-17,ELIGIBLE,R03b_20260811_FULL_v1,L1_ELIGIBILITY,v2026-08-11,2026-03-21..2026-08-06,baccarat_bet02_101_all_pairs_incl_sentinel,round_win = game_pnl > 0 (decisive only),COMPATIBILITY_ONLY_NOT_PRODUCTION,5346.0000,4896.0000,168.0000,134,134,-0.03142536,,-0.03142536,-0.03142536,-168.0000,5346.0000,OK,0.0000,6.7200,4.0000,96.0000,AG03-UNRESOLVED,ALL5_LEVELS_bet23_to_bet27,6.7200,6.7200,6.7200,8.4000,8.4000,4.000000,4.000000,4.000000,5.000000,5.000000,96.000000,96.000000,96.000000,95.000000,95.000000,5.0,36.9600,33.8563,131.0400,134.1437,PENDING_AG03,FALSE,NOT_FOR_ENFORCEMENT,161.2800,4700.1600,168.0000,161.2800,6.7200,0.03142536,0.03016835,6.7200,161.2800,0.03016835,6.7200,6.7200,6.7200,8.4000,8.4000,161.2800,0.03016835,36.9600,33.8563,131.0400,134.1437,0.02451178,0.02509234,0.00125701,39.8955,36.5373,1.2537,56.0000,3.2308,1782.0000,44.6667,,39.8955,10.0,40.0,50.0,60.0,70.0,243.0006,40.0,0.0,1.75,6.075016,0.997388,28,30,2,2,0E-8,0.03142536,,0E-8,0.000000,0.915825,0.000000,,2026-06-19,2026-06-22,3,52,52,4,0.750000,,,0.000000,,,,,,,,GLOBAL_BASELINE_NO_ENTITY_RANKING,,,NOT_APPLICABLE_GLOBAL_BASELINE,HF9g-P5,,,,X 全窗基线 · 不参与实体赏罚,6871958,688,A168_HF9F_20260827_0900,2026-08-27 09:00:00
2026-06-20,151779857,1509,0,190.0000000000,110.0000000000,110.0000000000,0.7500000,4,4,0.49324550000000000,0.493245500000,1.0271117246678039,1.0271117246678039,1.0271117246678039,0E-17,ELIGIBLE,R03b_20260811_FULL_v1,L1_ELIGIBILITY,v2026-08-11,2026-03-21..2026-08-06,baccarat_bet02_101_all_pairs_incl_sentinel,round_win = game_pnl > 0 (decisive only),COMPATIBILITY_ONLY_NOT_PRODUCTION,5346.0000,4896.0000,168.0000,134,134,-0.03142536,,-0.03142536,-0.03142536,-168.0000,5346.0000,OK,0.0000,6.7200,4.0000,96.0000,AG03-UNRESOLVED,ALL5_LEVELS_bet23_to_bet27,6.7200,6.7200,6.7200,8.4000,8.4000,4.000000,4.000000,4.000000,5.000000,5.000000,96.000000,96.000000,96.000000,95.000000,95.000000,5.0,36.9600,33.8563,131.0400,134.1437,PENDING_AG03,FALSE,NOT_FOR_ENFORCEMENT,161.2800,4700.1600,168.0000,161.2800,6.7200,0.03142536,0.03016835,6.7200,161.2800,0.03016835,6.7200,6.7200,6.7200,8.4000,8.4000,161.2800,0.03016835,36.9600,33.8563,131.0400,134.1437,0.02451178,0.02509234,0.00125701,39.8955,36.5373,1.2537,56.0000,3.2308,1782.0000,44.6667,,39.8955,10.0,40.0,50.0,60.0,70.0,243.0006,40.0,0.0,1.75,6.075016,0.997388,28,30,2,2,0E-8,0.03142536,,0E-8,0.000000,0.915825,0.000000,,2026-06-19,2026-06-22,3,52,52,4,0.750000,,,0.000000,,,,,,,,GLOBAL_BASELINE_NO_ENTITY_RANKING,,,NOT_APPLICABLE_GLOBAL_BASELINE,HF9g-P5,,,,X 全窗基线 · 不参与实体赏罚,6871959,688,A168_HF9F_20260827_0900,2026-08-27 09:00:00
2026-06-20,151779857,1646,0,210.0000000000,-2.0000000000,-2.0000000000,0.5000000,5,5,0.49592654000000000,0.495926540000,0.016294380756781617,0.016294380756781617,0.016294380756781617,0E-17,ELIGIBLE,R03b_20260811_FULL_v1,L1_ELIGIBILITY,v2026-08-11,2026-03-21..2026-08-06,baccarat_bet02_101_all_pairs_incl_sentinel,round_win = game_pnl > 0 (decisive only),COMPATIBILITY_ONLY_NOT_PRODUCTION,5346.0000,4896.0000,168.0000,134,134,-0.03142536,,-0.03142536,-0.03142536,-168.0000,5346.0000,OK,0.0000,6.7200,4.0000,96.0000,AG03-UNRESOLVED,ALL5_LEVELS_bet23_to_bet27,6.7200,6.7200,6.7200,8.4000,8.4000,4.000000,4.000000,4.000000,5.000000,5.000000,96.000000,96.000000,96.000000,95.000000,95.000000,5.0,36.9600,33.8563,131.0400,134.1437,PENDING_AG03,FALSE,NOT_FOR_ENFORCEMENT,161.2800,4700.1600,168.0000,161.2800,6.7200,0.03142536,0.03016835,6.7200,161.2800,0.03016835,6.7200,6.7200,6.7200,8.4000,8.4000,161.2800,0.03016835,36.9600,33.8563,131.0400,134.1437,0.02451178,0.02509234,0.00125701,39.8955,36.5373,1.2537,56.0000,3.2308,1782.0000,44.6667,,39.8955,10.0,40.0,50.0,60.0,70.0,243.0006,40.0,0.0,1.75,6.075016,0.997388,28,30,2,2,0E-8,0.03142536,,0E-8,0.000000,0.915825,0.000000,,2026-06-19,2026-06-22,3,52,52,4,0.750000,,,0.000000,,,,,,,,GLOBAL_BASELINE_NO_ENTITY_RANKING,,,NOT_APPLICABLE_GLOBAL_BASELINE,HF9g-P5,,,,X 全窗基线 · 不参与实体赏罚,6871960,688,A168_HF9F_20260827_0900,2026-08-27 09:00:00
2026-06-20,151779857,2060,0,110.0000000000,0E-10,0E-10,0.5000000,3,3,0.50218230000000000,0.502182300000,-0.00617253530718887,-0.00617253530718887,-0.00617253530718887,0E-17,ELIGIBLE,R03b_20260811_FULL_v1,L1_ELIGIBILITY,v2026-08-11,2026-03-21..2026-08-06,baccarat_bet02_101_all_pairs_incl_sentinel,round_win = game_pnl > 0 (decisive only),COMPATIBILITY_ONLY_NOT_PRODUCTION,5346.0000,4896.0000,168.0000,134,134,-0.03142536,,-0.03142536,-0.03142536,-168.0000,5346.0000,OK,0.0000,6.7200,4.0000,96.0000,AG03-UNRESOLVED,ALL5_LEVELS_bet23_to_bet27,6.7200,6.7200,6.7200,8.4000,8.4000,4.000000,4.000000,4.000000,5.000000,5.000000,96.000000,96.000000,96.000000,95.000000,95.000000,5.0,36.9600,33.8563,131.0400,134.1437,PENDING_AG03,FALSE,NOT_FOR_ENFORCEMENT,161.2800,4700.1600,168.0000,161.2800,6.7200,0.03142536,0.03016835,6.7200,161.2800,0.03016835,6.7200,6.7200,6.7200,8.4000,8.4000,161.2800,0.03016835,36.9600,33.8563,131.0400,134.1437,0.02451178,0.02509234,0.00125701,39.8955,36.5373,1.2537,56.0000,3.2308,1782.0000,44.6667,,39.8955,10.0,40.0,50.0,60.0,70.0,243.0006,40.0,0.0,1.75,6.075016,0.997388,28,30,2,2,0E-8,0.03142536,,0E-8,0.000000,0.915825,0.000000,,2026-06-19,2026-06-22,3,52,52,4,0.750000,,,0.000000,,,,,,,,GLOBAL_BASELINE_NO_ENTITY_RANKING,,,NOT_APPLICABLE_GLOBAL_BASELINE,HF9g-P5,,,,X 全窗基线 · 不参与实体赏罚,6871961,688,A168_HF9F_20260827_0900,2026-08-27 09:00:00
2026-06-20,151779857,2103,0,390.0000000000,-18.0000000000,-18.0000000000,0.4285714,7,7,0.50282064285714286,0.502820642857,-0.39289616391791987,-0.3928961639171632,-0.39289616391791987,1.4286E-13,ELIGIBLE,R03b_20260811_FULL_v1,L1_ELIGIBILITY,v2026-08-11,2026-03-21..2026-08-06,baccarat_bet02_101_all_pairs_incl_sentinel,round_win = game_pnl > 0 (decisive only),COMPATIBILITY_ONLY_NOT_PRODUCTION,5346.0000,4896.0000,168.0000,134,134,-0.03142536,,-0.03142536,-0.03142536,-168.0000,5346.0000,OK,0.0000,6.7200,4.0000,96.0000,AG03-UNRESOLVED,ALL5_LEVELS_bet23_to_bet27,6.7200,6.7200,6.7200,8.4000,8.4000,4.000000,4.000000,4.000000,5.000000,5.000000,96.000000,96.000000,96.000000,95.000000,95.000000,5.0,36.9600,33.8563,131.0400,134.1437,PENDING_AG03,FALSE,NOT_FOR_ENFORCEMENT,161.2800,4700.1600,168.0000,161.2800,6.7200,0.03142536,0.03016835,6.7200,161.2800,0.03016835,6.7200,6.7200,6.7200,8.4000,8.4000,161.2800,0.03016835,36.9600,33.8563,131.0400,134.1437,0.02451178,0.02509234,0.00125701,39.8955,36.5373,1.2537,56.0000,3.2308,1782.0000,44.6667,,39.8955,10.0,40.0,50.0,60.0,70.0,243.0006,40.0,0.0,1.75,6.075016,0.997388,28,30,2,2,0E-8,0.03142536,,0E-8,0.000000,0.915825,0.000000,,2026-06-19,2026-06-22,3,52,52,4,0.750000,,,0.000000,,,,,,,,GLOBAL_BASELINE_NO_ENTITY_RANKING,,,NOT_APPLICABLE_GLOBAL_BASELINE,HF9g-P5,,,,X 全窗基线 · 不参与实体赏罚,6871962,688,A168_HF9F_20260827_0900,2026-08-27 09:00:00
2026-06-20,151779857,2223,0,120.0000000000,-61.5000000000,-61.5000000000,0.3333333,3,3,0.50218230000000000,0.502182300000,-0.5849155494134425,-0.5849155494134426,-0.5849155494134425,0E-17,ELIGIBLE,R03b_20260811_FULL_v1,L1_ELIGIBILITY,v2026-08-11,2026-03-21..2026-08-06,baccarat_bet02_101_all_pairs_incl_sentinel,round_win = game_pnl > 0 (decisive only),COMPATIBILITY_ONLY_NOT_PRODUCTION,5346.0000,4896.0000,168.0000,134,134,-0.03142536,,-0.03142536,-0.03142536,-168.0000,5346.0000,OK,0.0000,6.7200,4.0000,96.0000,AG03-UNRESOLVED,ALL5_LEVELS_bet23_to_bet27,6.7200,6.7200,6.7200,8.4000,8.4000,4.000000,4.000000,4.000000,5.000000,5.000000,96.000000,96.000000,96.000000,95.000000,95.000000,5.0,36.9600,33.8563,131.0400,134.1437,PENDING_AG03,FALSE,NOT_FOR_ENFORCEMENT,161.2800,4700.1600,168.0000,161.2800,6.7200,0.03142536,0.03016835,6.7200,161.2800,0.03016835,6.7200,6.7200,6.7200,8.4000,8.4000,161.2800,0.03016835,36.9600,33.8563,131.0400,134.1437,0.02451178,0.02509234,0.00125701,39.8955,36.5373,1.2537,56.0000,3.2308,1782.0000,44.6667,,39.8955,10.0,40.0,50.0,60.0,70.0,243.0006,40.0,0.0,1.75,6.075016,0.997388,28,30,2,2,0E-8,0.03142536,,0E-8,0.000000,0.915825,0.000000,,2026-06-19,2026-06-22,3,52,52,4,0.750000,,,0.000000,,,,,,,,GLOBAL_BASELINE_NO_ENTITY_RANKING,,,NOT_APPLICABLE_GLOBAL_BASELINE,HF9g-P5,,,,X 全窗基线 · 不参与实体赏罚,6871963,688,A168_HF9F_20260827_0900,2026-08-27 09:00:00
2026-06-20,151779857,2272,0,380.0000000000,-162.0000000000,-162.0000000000,0.4000000,6,6,0.49547970000000000,0.495479700000,-0.42701565021644644,-0.42701565021644644,-0.42701565021644644,0E-17,ELIGIBLE,R03b_20260811_FULL_v1,L1_ELIGIBILITY,v2026-08-11,2026-03-21..2026-08-06,baccarat_bet02_101_all_pairs_incl_sentinel,round_win = game_pnl > 0 (decisive only),COMPATIBILITY_ONLY_NOT_PRODUCTION,5346.0000,4896.0000,168.0000,134,134,-0.03142536,,-0.03142536,-0.03142536,-168.0000,5346.0000,OK,0.0000,6.7200,4.0000,96.0000,AG03-UNRESOLVED,ALL5_LEVELS_bet23_to_bet27,6.7200,6.7200,6.7200,8.4000,8.4000,4.000000,4.000000,4.000000,5.000000,5.000000,96.000000,96.000000,96.000000,95.000000,95.000000,5.0,36.9600,33.8563,131.0400,134.1437,PENDING_AG03,FALSE,NOT_FOR_ENFORCEMENT,161.2800,4700.1600,168.0000,161.2800,6.7200,0.03142536,0.03016835,6.7200,161.2800,0.03016835,6.7200,6.7200,6.7200,8.4000,8.4000,161.2800,0.03016835,36.9600,33.8563,131.0400,134.1437,0.02451178,0.02509234,0.00125701,39.8955,36.5373,1.2537,56.0000,3.2308,1782.0000,44.6667,,39.8955,10.0,40.0,50.0,60.0,70.0,243.0006,40.0,0.0,1.75,6.075016,0.997388,28,30,2,2,0E-8,0.03142536,,0E-8,0.000000,0.915825,0.000000,,2026-06-19,2026-06-22,3,52,52,4,0.750000,,,0.000000,,,,,,,,GLOBAL_BASELINE_NO_ENTITY_RANKING,,,NOT_APPLICABLE_GLOBAL_BASELINE,HF9g-P5,,,,X 全窗基线 · 不参与实体赏罚,6871964,688,A168_HF9F_20260827_0900,2026-08-27 09:00:00
2026-06-20,151779857,2287,0,40.0000000000,40.0000000000,40.0000000000,1.0000000,1,1,0.49324550000000000,0.493245500000,1.01360149184955,1.01360149184955,1.01360149184955,0E-17,ELIGIBLE,R03b_20260811_FULL_v1,L1_ELIGIBILITY,v2026-08-11,2026-03-21..2026-08-06,baccarat_bet02_101_all_pairs_incl_sentinel,round_win = game_pnl > 0 (decisive only),COMPATIBILITY_ONLY_NOT_PRODUCTION,5346.0000,4896.0000,168.0000,134,134,-0.03142536,,-0.03142536,-0.03142536,-168.0000,5346.0000,OK,0.0000,6.7200,4.0000,96.0000,AG03-UNRESOLVED,ALL5_LEVELS_bet23_to_bet27,6.7200,6.7200,6.7200,8.4000,8.4000,4.000000,4.000000,4.000000,5.000000,5.000000,96.000000,96.000000,96.000000,95.000000,95.000000,5.0,36.9600,33.8563,131.0400,134.1437,PENDING_AG03,FALSE,NOT_FOR_ENFORCEMENT,161.2800,4700.1600,168.0000,161.2800,6.7200,0.03142536,0.03016835,6.7200,161.2800,0.03016835,6.7200,6.7200,6.7200,8.4000,8.4000,161.2800,0.03016835,36.9600,33.8563,131.0400,134.1437,0.02451178,0.02509234,0.00125701,39.8955,36.5373,1.2537,56.0000,3.2308,1782.0000,44.6667,,39.8955,10.0,40.0,50.0,60.0,70.0,243.0006,40.0,0.0,1.75,6.075016,0.997388,28,30,2,2,0E-8,0.03142536,,0E-8,0.000000,0.915825,0.000000,,2026-06-19,2026-06-22,3,52,52,4,0.750000,,,0.000000,,,,,,,,GLOBAL_BASELINE_NO_ENTITY_RANKING,,,NOT_APPLICABLE_GLOBAL_BASELINE,HF9g-P5,,,,X 全窗基线 · 不参与实体赏罚,6871965,688,A168_HF9F_20260827_0900,2026-08-27 09:00:00
2026-06-20,151779857,529,0,210.0000000000,-80.0000000000,-80.0000000000,0.2500000,5,5,0.49860758000000000,0.498607580000,-0.9944341760919779,-0.9944341760919779,-0.9944341760919779,0E-17,ELIGIBLE,R03b_20260811_FULL_v1,L1_ELIGIBILITY,v2026-08-11,2026-03-21..2026-08-06,baccarat_bet02_101_all_pairs_incl_sentinel,round_win = game_pnl > 0 (decisive only),COMPATIBILITY_ONLY_NOT_PRODUCTION,5346.0000,4896.0000,168.0000,134,134,-0.03142536,,-0.03142536,-0.03142536,-168.0000,5346.0000,OK,0.0000,6.7200,4.0000,96.0000,AG03-UNRESOLVED,ALL5_LEVELS_bet23_to_bet27,6.7200,6.7200,6.7200,8.4000,8.4000,4.000000,4.000000,4.000000,5.000000,5.000000,96.000000,96.000000,96.000000,95.000000,95.000000,5.0,36.9600,33.8563,131.0400,134.1437,PENDING_AG03,FALSE,NOT_FOR_ENFORCEMENT,161.2800,4700.1600,168.0000,161.2800,6.7200,0.03142536,0.03016835,6.7200,161.2800,0.03016835,6.7200,6.7200,6.7200,8.4000,8.4000,161.2800,0.03016835,36.9600,33.8563,131.0400,134.1437,0.02451178,0.02509234,0.00125701,39.8955,36.5373,1.2537,56.0000,3.2308,1782.0000,44.6667,,39.8955,10.0,40.0,50.0,60.0,70.0,243.0006,40.0,0.0,1.75,6.075016,0.997388,28,30,2,2,0E-8,0.03142536,,0E-8,0.000000,0.915825,0.000000,,2026-06-19,2026-06-22,3,52,52,4,0.750000,,,0.000000,,,,,,,,GLOBAL_BASELINE_NO_ENTITY_RANKING,,,NOT_APPLICABLE_GLOBAL_BASELINE,HF9g-P5,,,,X 全窗基线 · 不参与实体赏罚,6871966,688,A168_HF9F_20260827_0900,2026-08-27 09:00:00
2026-06-20,151779857,752,0,170.0000000000,-14.0000000000,-14.0000000000,0.5000000,4,4,0.50329940000000000,0.503299400000,-0.01319788734859681,-0.01319788734859681,-0.01319788734859681,0E-17,ELIGIBLE,R03b_20260811_FULL_v1,L1_ELIGIBILITY,v2026-08-11,2026-03-21..2026-08-06,baccarat_bet02_101_all_pairs_incl_sentinel,round_win = game_pnl > 0 (decisive only),COMPATIBILITY_ONLY_NOT_PRODUCTION,5346.0000,4896.0000,168.0000,134,134,-0.03142536,,-0.03142536,-0.03142536,-168.0000,5346.0000,OK,0.0000,6.7200,4.0000,96.0000,AG03-UNRESOLVED,ALL5_LEVELS_bet23_to_bet27,6.7200,6.7200,6.7200,8.4000,8.4000,4.000000,4.000000,4.000000,5.000000,5.000000,96.000000,96.000000,96.000000,95.000000,95.000000,5.0,36.9600,33.8563,131.0400,134.1437,PENDING_AG03,FALSE,NOT_FOR_ENFORCEMENT,161.2800,4700.1600,168.0000,161.2800,6.7200,0.03142536,0.03016835,6.7200,161.2800,0.03016835,6.7200,6.7200,6.7200,8.4000,8.4000,161.2800,0.03016835,36.9600,33.8563,131.0400,134.1437,0.02451178,0.02509234,0.00125701,39.8955,36.5373,1.2537,56.0000,3.2308,1782.0000,44.6667,,39.8955,10.0,40.0,50.0,60.0,70.0,243.0006,40.0,0.0,1.75,6.075016,0.997388,28,30,2,2,0E-8,0.03142536,,0E-8,0.000000,0.915825,0.000000,,2026-06-19,2026-06-22,3,52,52,4,0.750000,,,0.000000,,,,,,,,GLOBAL_BASELINE_NO_ENTITY_RANKING,,,NOT_APPLICABLE_GLOBAL_BASELINE,HF9g-P5,,,,X 全窗基线 · 不参与实体赏罚,6871967,688,A168_HF9F_20260827_0900,2026-08-27 09:00:00
2026-06-22,151779857,2171,0,215.0000000000,-215.0000000000,-215.0000000000,0E-7,1,1,0.50665070000000000,0.506650700000,-1.013391052207602,-1.013391052207602,-1.013391052207602,0E-17,ELIGIBLE,R03b_20260811_FULL_v1,L1_ELIGIBILITY,v2026-08-11,2026-03-21..2026-08-06,baccarat_bet02_101_all_pairs_incl_sentinel,round_win = game_pnl > 0 (decisive only),COMPATIBILITY_ONLY_NOT_PRODUCTION,5346.0000,4896.0000,168.0000,134,134,-0.03142536,,-0.03142536,-0.03142536,-168.0000,5346.0000,OK,0.0000,6.7200,4.0000,96.0000,AG03-UNRESOLVED,ALL5_LEVELS_bet23_to_bet27,6.7200,6.7200,6.7200,8.4000,8.4000,4.000000,4.000000,4.000000,5.000000,5.000000,96.000000,96.000000,96.000000,95.000000,95.000000,5.0,36.9600,33.8563,131.0400,134.1437,PENDING_AG03,FALSE,NOT_FOR_ENFORCEMENT,161.2800,4700.1600,168.0000,161.2800,6.7200,0.03142536,0.03016835,6.7200,161.2800,0.03016835,6.7200,6.7200,6.7200,8.4000,8.4000,161.2800,0.03016835,36.9600,33.8563,131.0400,134.1437,0.02451178,0.02509234,0.00125701,39.8955,36.5373,1.2537,56.0000,3.2308,1782.0000,44.6667,,39.8955,10.0,40.0,50.0,60.0,70.0,243.0006,40.0,0.0,1.75,6.075016,0.997388,28,30,2,2,0E-8,0.03142536,,0E-8,0.000000,0.915825,0.000000,,2026-06-19,2026-06-22,3,52,52,4,0.750000,,,0.000000,,,,,,,,GLOBAL_BASELINE_NO_ENTITY_RANKING,,,NOT_APPLICABLE_GLOBAL_BASELINE,HF9g-P5,,,,X 全窗基线 · 不参与实体赏罚,6871968,688,A168_HF9F_20260827_0900,2026-08-27 09:00:00
2026-05-11,149551260,-1,1,350.0000000000,-46.5000000000,-46.5000000000,0.5000000,18,18,0.50516123333333333,0.505161233333,-0.04129206662862643,-0.04129206662595937,-0.04129206662862643,3.3333E-13,SENTINEL_DEALER,R03b_20260811_FULL_v1,L1_ELIGIBILITY,v2026-08-11,2026-03-21..2026-08-06,baccarat_bet02_101_all_pairs_incl_sentinel,round_win = game_pnl > 0 (decisive only),COMPATIBILITY_ONLY_NOT_PRODUCTION,3460.0000,3170.0000,168.0000,227,204,-0.04855491,,-0.04855491,-0.04855491,-168.0000,3460.0000,OK,0.0000,6.7200,4.0000,96.0000,AG03-UNRESOLVED,ALL5_LEVELS_bet23_to_bet27,6.7200,6.7200,7.5600,7.5600,7.5600,4.000000,4.000000,4.500000,4.500000,4.500000,96.000000,96.000000,95.500000,95.500000,95.500000,5.0,36.1200,33.1466,131.8800,134.8534,PENDING_AG03,FALSE,NOT_FOR_ENFORCEMENT,161.2800,3043.2000,168.0000,161.2800,6.7200,0.04855491,0.04661272,6.7200,161.2800,0.04661272,6.7200,6.7200,7.5600,7.5600,7.5600,161.2800,0.04661272,36.1200,33.1466,131.8800,134.8534,0.03811561,0.03897497,0.00194220,15.2423,15.5392,0.8235,56.0000,5.2500,1153.3333,68.0000,,15.2423,10.0,10.0,20.0,20.0,30.0,40.0,10.0,-10.0,3.0,4.0,1.524229,19,18,2,7,0E-8,0.04855491,,0E-8,0.000000,0.916185,0.000000,,2026-05-11,2026-05-13,3,32,26,3,1.000000,,,0.000000,,,,,,,,GLOBAL_BASELINE_NO_ENTITY_RANKING,,,NOT_APPLICABLE_GLOBAL_BASELINE,HF9g-P5,,,,X 全窗基线 · 不参与实体赏罚,6871969,688,A168_HF9F_20260827_0900,2026-08-27 09:00:00
2026-05-11,149551260,1353,0,40.0000000000,-40.0000000000,-40.0000000000,0E-7,2,2,0.49324550000000000,0.493245500000,-1.3952362676504506,-1.3952362676504506,-1.3952362676504506,0E-17,ELIGIBLE,R03b_20260811_FULL_v1,L1_ELIGIBILITY,v2026-08-11,2026-03-21..2026-08-06,baccarat_bet02_101_all_pairs_incl_sentinel,round_win = game_pnl > 0 (decisive only),COMPATIBILITY_ONLY_NOT_PRODUCTION,3460.0000,3170.0000,168.0000,227,204,-0.04855491,,-0.04855491,-0.04855491,-168.0000,3460.0000,OK,0.0000,6.7200,4.0000,96.0000,AG03-UNRESOLVED,ALL5_LEVELS_bet23_to_bet27,6.7200,6.7200,7.5600,7.5600,7.5600,4.000000,4.000000,4.500000,4.500000,4.500000,96.000000,96.000000,95.500000,95.500000,95.500000,5.0,36.1200,33.1466,131.8800,134.8534,PENDING_AG03,FALSE,NOT_FOR_ENFORCEMENT,161.2800,3043.2000,168.0000,161.2800,6.7200,0.04855491,0.04661272,6.7200,161.2800,0.04661272,6.7200,6.7200,7.5600,7.5600,7.5600,161.2800,0.04661272,36.1200,33.1466,131.8800,134.8534,0.03811561,0.03897497,0.00194220,15.2423,15.5392,0.8235,56.0000,5.2500,1153.3333,68.0000,,15.2423,10.0,10.0,20.0,20.0,30.0,40.0,10.0,-10.0,3.0,4.0,1.524229,19,18,2,7,0E-8,0.04855491,,0E-8,0.000000,0.916185,0.000000,,2026-05-11,2026-05-13,3,32,26,3,1.000000,,,0.000000,,,,,,,,GLOBAL_BASELINE_NO_ENTITY_RANKING,,,NOT_APPLICABLE_GLOBAL_BASELINE,HF9g-P5,,,,X 全窗基线 · 不参与实体赏罚,6871970,688,A168_HF9F_20260827_0900,2026-08-27 09:00:00
2026-05-11,149551260,1399,0,70.0000000000,28.5000000000,28.5000000000,0.6000000,5,5,0.50396966000000000,0.503969660000,0.4294742719815242,0.4294742719815242,0.4294742719815242,0E-17,ELIGIBLE,R03b_20260811_FULL_v1,L1_ELIGIBILITY,v2026-08-11,2026-03-21..2026-08-06,baccarat_bet02_101_all_pairs_incl_sentinel,round_win = game_pnl > 0 (decisive only),COMPATIBILITY_ONLY_NOT_PRODUCTION,3460.0000,3170.0000,168.0000,227,204,-0.04855491,,-0.04855491,-0.04855491,-168.0000,3460.0000,OK,0.0000,6.7200,4.0000,96.0000,AG03-UNRESOLVED,ALL5_LEVELS_bet23_to_bet27,6.7200,6.7200,7.5600,7.5600,7.5600,4.000000,4.000000,4.500000,4.500000,4.500000,96.000000,96.000000,95.500000,95.500000,95.500000,5.0,36.1200,33.1466,131.8800,134.8534,PENDING_AG03,FALSE,NOT_FOR_ENFORCEMENT,161.2800,3043.2000,168.0000,161.2800,6.7200,0.04855491,0.04661272,6.7200,161.2800,0.04661272,6.7200,6.7200,7.5600,7.5600,7.5600,161.2800,0.04661272,36.1200,33.1466,131.8800,134.8534,0.03811561,0.03897497,0.00194220,15.2423,15.5392,0.8235,56.0000,5.2500,1153.3333,68.0000,,15.2423,10.0,10.0,20.0,20.0,30.0,40.0,10.0,-10.0,3.0,4.0,1.524229,19,18,2,7,0E-8,0.04855491,,0E-8,0.000000,0.916185,0.000000,,2026-05-11,2026-05-13,3,32,26,3,1.000000,,,0.000000,,,,,,,,GLOBAL_BASELINE_NO_ENTITY_RANKING,,,NOT_APPLICABLE_GLOBAL_BASELINE,HF9g-P5,,,,X 全窗基线 · 不参与实体赏罚,6871971,688,A168_HF9F_20260827_0900,2026-08-27 09:00:00
2026-05-11,149551260,1509,0,20.0000000000,-20.0000000000,-20.0000000000,0E-7,1,1,0.49324550000000000,0.493245500000,-0.9865810262130424,-0.9865810262130424,-0.9865810262130424,0E-17,ELIGIBLE,R03b_20260811_FULL_v1,L1_ELIGIBILITY,v2026-08-11,2026-03-21..2026-08-06,baccarat_bet02_101_all_pairs_incl_sentinel,round_win = game_pnl > 0 (decisive only),COMPATIBILITY_ONLY_NOT_PRODUCTION,3460.0000,3170.0000,168.0000,227,204,-0.04855491,,-0.04855491,-0.04855491,-168.0000,3460.0000,OK,0.0000,6.7200,4.0000,96.0000,AG03-UNRESOLVED,ALL5_LEVELS_bet23_to_bet27,6.7200,6.7200,7.5600,7.5600,7.5600,4.000000,4.000000,4.500000,4.500000,4.500000,96.000000,96.000000,95.500000,95.500000,95.500000,5.0,36.1200,33.1466,131.8800,134.8534,PENDING_AG03,FALSE,NOT_FOR_ENFORCEMENT,161.2800,3043.2000,168.0000,161.2800,6.7200,0.04855491,0.04661272,6.7200,161.2800,0.04661272,6.7200,6.7200,7.5600,7.5600,7.5600,161.2800,0.04661272,36.1200,33.1466,131.8800,134.8534,0.03811561,0.03897497,0.00194220,15.2423,15.5392,0.8235,56.0000,5.2500,1153.3333,68.0000,,15.2423,10.0,10.0,20.0,20.0,30.0,40.0,10.0,-10.0,3.0,4.0,1.524229,19,18,2,7,0E-8,0.04855491,,0E-8,0.000000,0.916185,0.000000,,2026-05-11,2026-05-13,3,32,26,3,1.000000,,,0.000000,,,,,,,,GLOBAL_BASELINE_NO_ENTITY_RANKING,,,NOT_APPLICABLE_GLOBAL_BASELINE,HF9g-P5,,,,X 全窗基线 · 不参与实体赏罚,6871972,688,A168_HF9F_20260827_0900,2026-08-27 09:00:00
2026-05-11,149551260,1966,0,40.0000000000,-1.0000000000,-1.0000000000,0.5000000,2,2,0.50665070000000000,0.506650700000,-0.018812684590367487,-0.018812684590367487,-0.018812684590367487,0E-17,ELIGIBLE,R03b_20260811_FULL_v1,L1_ELIGIBILITY,v2026-08-11,2026-03-21..2026-08-06,baccarat_bet02_101_all_pairs_incl_sentinel,round_win = game_pnl > 0 (decisive only),COMPATIBILITY_ONLY_NOT_PRODUCTION,3460.0000,3170.0000,168.0000,227,204,-0.04855491,,-0.04855491,-0.04855491,-168.0000,3460.0000,OK,0.0000,6.7200,4.0000,96.0000,AG03-UNRESOLVED,ALL5_LEVELS_bet23_to_bet27,6.7200,6.7200,7.5600,7.5600,7.5600,4.000000,4.000000,4.500000,4.500000,4.500000,96.000000,96.000000,95.500000,95.500000,95.500000,5.0,36.1200,33.1466,131.8800,134.8534,PENDING_AG03,FALSE,NOT_FOR_ENFORCEMENT,161.2800,3043.2000,168.0000,161.2800,6.7200,0.04855491,0.04661272,6.7200,161.2800,0.04661272,6.7200,6.7200,7.5600,7.5600,7.5600,161.2800,0.04661272,36.1200,33.1466,131.8800,134.8534,0.03811561,0.03897497,0.00194220,15.2423,15.5392,0.8235,56.0000,5.2500,1153.3333,68.0000,,15.2423,10.0,10.0,20.0,20.0,30.0,40.0,10.0,-10.0,3.0,4.0,1.524229,19,18,2,7,0E-8,0.04855491,,0E-8,0.000000,0.916185,0.000000,,2026-05-11,2026-05-13,3,32,26,3,1.000000,,,0.000000,,,,,,,,GLOBAL_BASELINE_NO_ENTITY_RANKING,,,NOT_APPLICABLE_GLOBAL_BASELINE,HF9g-P5,,,,X 全窗基线 · 不参与实体赏罚,6871973,688,A168_HF9F_20260827_0900,2026-08-27 09:00:00
2026-05-11,149551260,2156,0,180.0000000000,-31.5000000000,-31.5000000000,0.5000000,10,9,0.48543180000000000,0.477801283333,0.08244518659579075,0.12569885033800288,0.08244518659579075,0.00763051666700000,ELIGIBLE,R03b_20260811_FULL_v1,L1_ELIGIBILITY,v2026-08-11,2026-03-21..2026-08-06,baccarat_bet02_101_all_pairs_incl_sentinel,round_win = game_pnl > 0 (decisive only),COMPATIBILITY_ONLY_NOT_PRODUCTION,3460.0000,3170.0000,168.0000,227,204,-0.04855491,,-0.04855491,-0.04855491,-168.0000,3460.0000,OK,0.0000,6.7200,4.0000,96.0000,AG03-UNRESOLVED,ALL5_LEVELS_bet23_to_bet27,6.7200,6.7200,7.5600,7.5600,7.5600,4.000000,4.000000,4.500000,4.500000,4.500000,96.000000,96.000000,95.500000,95.500000,95.500000,5.0,36.1200,33.1466,131.8800,134.8534,PENDING_AG03,FALSE,NOT_FOR_ENFORCEMENT,161.2800,3043.2000,168.0000,161.2800,6.7200,0.04855491,0.04661272,6.7200,161.2800,0.04661272,6.7200,6.7200,7.5600,7.5600,7.5600,161.2800,0.04661272,36.1200,33.1466,131.8800,134.8534,0.03811561,0.03897497,0.00194220,15.2423,15.5392,0.8235,56.0000,5.2500,1153.3333,68.0000,,15.2423,10.0,10.0,20.0,20.0,30.0,40.0,10.0,-10.0,3.0,4.0,1.524229,19,18,2,7,0E-8,0.04855491,,0E-8,0.000000,0.916185,0.000000,,2026-05-11,2026-05-13,3,32,26,3,1.000000,,,0.000000,,,,,,,,GLOBAL_BASELINE_NO_ENTITY_RANKING,,,NOT_APPLICABLE_GLOBAL_BASELINE,HF9g-P5,,,,X 全窗基线 · 不参与实体赏罚,6871974,688,A168_HF9F_20260827_0900,2026-08-27 09:00:00
2026-05-11,149551260,2174,0,100.0000000000,-10.0000000000,-10.0000000000,0.2500000,6,6,0.49547970000000000,0.495479700000,-0.9819589297737525,-0.9819589297737525,-0.9819589297737525,0E-17,ELIGIBLE,R03b_20260811_FULL_v1,L1_ELIGIBILITY,v2026-08-11,2026-03-21..2026-08-06,baccarat_bet02_101_all_pairs_incl_sentinel,round_win = game_pnl > 0 (decisive only),COMPATIBILITY_ONLY_NOT_PRODUCTION,3460.0000,3170.0000,168.0000,227,204,-0.04855491,,-0.04855491,-0.04855491,-168.0000,3460.0000,OK,0.0000,6.7200,4.0000,96.0000,AG03-UNRESOLVED,ALL5_LEVELS_bet23_to_bet27,6.7200,6.7200,7.5600,7.5600,7.5600,4.000000,4.000000,4.500000,4.500000,4.500000,96.000000,96.000000,95.500000,95.500000,95.500000,5.0,36.1200,33.1466,131.8800,134.8534,PENDING_AG03,FALSE,NOT_FOR_ENFORCEMENT,161.2800,3043.2000,168.0000,161.2800,6.7200,0.04855491,0.04661272,6.7200,161.2800,0.04661272,6.7200,6.7200,7.5600,7.5600,7.5600,161.2800,0.04661272,36.1200,33.1466,131.8800,134.8534,0.03811561,0.03897497,0.00194220,15.2423,15.5392,0.8235,56.0000,5.2500,1153.3333,68.0000,,15.2423,10.0,10.0,20.0,20.0,30.0,40.0,10.0,-10.0,3.0,4.0,1.524229,19,18,2,7,0E-8,0.04855491,,0E-8,0.000000,0.916185,0.000000,,2026-05-11,2026-05-13,3,32,26,3,1.000000,,,0.000000,,,,,,,,GLOBAL_BASELINE_NO_ENTITY_RANKING,,,NOT_APPLICABLE_GLOBAL_BASELINE,HF9g-P5,,,,X 全窗基线 · 不参与实体赏罚,6871975,688,A168_HF9F_20260827_0900,2026-08-27 09:00:00
2026-05-11,149551260,2175,0,110.0000000000,-70.0000000000,-70.0000000000,0.1666667,6,6,0.50218230000000000,0.502182300000,-1.6436998608832374,-1.6436998608832374,-1.6436998608832374,0E-17,ELIGIBLE,R03b_20260811_FULL_v1,L1_ELIGIBILITY,v2026-08-11,2026-03-21..2026-08-06,baccarat_bet02_101_all_pairs_incl_sentinel,round_win = game_pnl > 0 (decisive only),COMPATIBILITY_ONLY_NOT_PRODUCTION,3460.0000,3170.0000,168.0000,227,204,-0.04855491,,-0.04855491,-0.04855491,-168.0000,3460.0000,OK,0.0000,6.7200,4.0000,96.0000,AG03-UNRESOLVED,ALL5_LEVELS_bet23_to_bet27,6.7200,6.7200,7.5600,7.5600,7.5600,4.000000,4.000000,4.500000,4.500000,4.500000,96.000000,96.000000,95.500000,95.500000,95.500000,5.0,36.1200,33.1466,131.8800,134.8534,PENDING_AG03,FALSE,NOT_FOR_ENFORCEMENT,161.2800,3043.2000,168.0000,161.2800,6.7200,0.04855491,0.04661272,6.7200,161.2800,0.04661272,6.7200,6.7200,7.5600,7.5600,7.5600,161.2800,0.04661272,36.1200,33.1466,131.8800,134.8534,0.03811561,0.03897497,0.00194220,15.2423,15.5392,0.8235,56.0000,5.2500,1153.3333,68.0000,,15.2423,10.0,10.0,20.0,20.0,30.0,40.0,10.0,-10.0,3.0,4.0,1.524229,19,18,2,7,0E-8,0.04855491,,0E-8,0.000000,0.916185,0.000000,,2026-05-11,2026-05-13,3,32,26,3,1.000000,,,0.000000,,,,,,,,GLOBAL_BASELINE_NO_ENTITY_RANKING,,,NOT_APPLICABLE_GLOBAL_BASELINE,HF9g-P5,,,,X 全窗基线 · 不参与实体赏罚,6871976,688,A168_HF9F_20260827_0900,2026-08-27 09:00:00
2026-05-11,149551260,2224,0,100.0000000000,-11.5000000000,-11.5000000000,0.5000000,7,7,0.49899058571428571,0.498990585714,0.004945109955477372,0.0049451099568770685,0.004945109955477372,2.8571E-13,ELIGIBLE,R03b_20260811_FULL_v1,L1_ELIGIBILITY,v2026-08-11,2026-03-21..2026-08-06,baccarat_bet02_101_all_pairs_incl_sentinel,round_win = game_pnl > 0 (decisive only),COMPATIBILITY_ONLY_NOT_PRODUCTION,3460.0000,3170.0000,168.0000,227,204,-0.04855491,,-0.04855491,-0.04855491,-168.0000,3460.0000,OK,0.0000,6.7200,4.0000,96.0000,AG03-UNRESOLVED,ALL5_LEVELS_bet23_to_bet27,6.7200,6.7200,7.5600,7.5600,7.5600,4.000000,4.000000,4.500000,4.500000,4.500000,96.000000,96.000000,95.500000,95.500000,95.500000,5.0,36.1200,33.1466,131.8800,134.8534,PENDING_AG03,FALSE,NOT_FOR_ENFORCEMENT,161.2800,3043.2000,168.0000,161.2800,6.7200,0.04855491,0.04661272,6.7200,161.2800,0.04661272,6.7200,6.7200,7.5600,7.5600,7.5600,161.2800,0.04661272,36.1200,33.1466,131.8800,134.8534,0.03811561,0.03897497,0.00194220,15.2423,15.5392,0.8235,56.0000,5.2500,1153.3333,68.0000,,15.2423,10.0,10.0,20.0,20.0,30.0,40.0,10.0,-10.0,3.0,4.0,1.524229,19,18,2,7,0E-8,0.04855491,,0E-8,0.000000,0.916185,0.000000,,2026-05-11,2026-05-13,3,32,26,3,1.000000,,,0.000000,,,,,,,,GLOBAL_BASELINE_NO_ENTITY_RANKING,,,NOT_APPLICABLE_GLOBAL_BASELINE,HF9g-P5,,,,X 全窗基线 · 不参与实体赏罚,6871977,688,A168_HF9F_20260827_0900,2026-08-27 09:00:00
2026-05-11,149551260,2252,0,280.0000000000,133.5000000000,133.5000000000,0.5000000,17,14,0.42615052678571429,0.421008236905,0.5587672080882066,0.5986380756410726,0.5587672080882066,0.00514228988071429,ELIGIBLE,R03b_20260811_FULL_v1,L1_ELIGIBILITY,v2026-08-11,2026-03-21..2026-08-06,baccarat_bet02_101_all_pairs_incl_sentinel,round_win = game_pnl > 0 (decisive only),COMPATIBILITY_ONLY_NOT_PRODUCTION,3460.0000,3170.0000,168.0000,227,204,-0.04855491,,-0.04855491,-0.04855491,-168.0000,3460.0000,OK,0.0000,6.7200,4.0000,96.0000,AG03-UNRESOLVED,ALL5_LEVELS_bet23_to_bet27,6.7200,6.7200,7.5600,7.5600,7.5600,4.000000,4.000000,4.500000,4.500000,4.500000,96.000000,96.000000,95.500000,95.500000,95.500000,5.0,36.1200,33.1466,131.8800,134.8534,PENDING_AG03,FALSE,NOT_FOR_ENFORCEMENT,161.2800,3043.2000,168.0000,161.2800,6.7200,0.04855491,0.04661272,6.7200,161.2800,0.04661272,6.7200,6.7200,7.5600,7.5600,7.5600,161.2800,0.04661272,36.1200,33.1466,131.8800,134.8534,0.03811561,0.03897497,0.00194220,15.2423,15.5392,0.8235,56.0000,5.2500,1153.3333,68.0000,,15.2423,10.0,10.0,20.0,20.0,30.0,40.0,10.0,-10.0,3.0,4.0,1.524229,19,18,2,7,0E-8,0.04855491,,0E-8,0.000000,0.916185,0.000000,,2026-05-11,2026-05-13,3,32,26,3,1.000000,,,0.000000,,,,,,,,GLOBAL_BASELINE_NO_ENTITY_RANKING,,,NOT_APPLICABLE_GLOBAL_BASELINE,HF9g-P5,,,,X 全窗基线 · 不参与实体赏罚,6871978,688,A168_HF9F_20260827_0900,2026-08-27 09:00:00
2026-05-11,149551260,2266,0,140.0000000000,-80.5000000000,-80.5000000000,0.3333333,9,9,0.49771390000000000,0.497713900000,-0.9862937092952077,-0.9862937092952077,-0.9862937092952077,0E-17,ELIGIBLE,R03b_20260811_FULL_v1,L1_ELIGIBILITY,v2026-08-11,2026-03-21..2026-08-06,baccarat_bet02_101_all_pairs_incl_sentinel,round_win = game_pnl > 0 (decisive only),COMPATIBILITY_ONLY_NOT_PRODUCTION,3460.0000,3170.0000,168.0000,227,204,-0.04855491,,-0.04855491,-0.04855491,-168.0000,3460.0000,OK,0.0000,6.7200,4.0000,96.0000,AG03-UNRESOLVED,ALL5_LEVELS_bet23_to_bet27,6.7200,6.7200,7.5600,7.5600,7.5600,4.000000,4.000000,4.500000,4.500000,4.500000,96.000000,96.000000,95.500000,95.500000,95.500000,5.0,36.1200,33.1466,131.8800,134.8534,PENDING_AG03,FALSE,NOT_FOR_ENFORCEMENT,161.2800,3043.2000,168.0000,161.2800,6.7200,0.04855491,0.04661272,6.7200,161.2800,0.04661272,6.7200,6.7200,7.5600,7.5600,7.5600,161.2800,0.04661272,36.1200,33.1466,131.8800,134.8534,0.03811561,0.03897497,0.00194220,15.2423,15.5392,0.8235,56.0000,5.2500,1153.3333,68.0000,,15.2423,10.0,10.0,20.0,20.0,30.0,40.0,10.0,-10.0,3.0,4.0,1.524229,19,18,2,7,0E-8,0.04855491,,0E-8,0.000000,0.916185,0.000000,,2026-05-11,2026-05-13,3,32,26,3,1.000000,,,0.000000,,,,,,,,GLOBAL_BASELINE_NO_ENTITY_RANKING,,,NOT_APPLICABLE_GLOBAL_BASELINE,HF9g-P5,,,,X 全窗基线 · 不参与实体赏罚,6871979,688,A168_HF9F_20260827_0900,2026-08-27 09:00:00
2026-05-11,149551260,925,0,60.0000000000,18.0000000000,18.0000000000,0.6666667,3,3,0.50665070000000000,0.506650700000,0.5543606114942035,0.5543606114942035,0.5543606114942035,0E-17,ELIGIBLE,R03b_20260811_FULL_v1,L1_ELIGIBILITY,v2026-08-11,2026-03-21..2026-08-06,baccarat_bet02_101_all_pairs_incl_sentinel,round_win = game_pnl > 0 (decisive only),COMPATIBILITY_ONLY_NOT_PRODUCTION,3460.0000,3170.0000,168.0000,227,204,-0.04855491,,-0.04855491,-0.04855491,-168.0000,3460.0000,OK,0.0000,6.7200,4.0000,96.0000,AG03-UNRESOLVED,ALL5_LEVELS_bet23_to_bet27,6.7200,6.7200,7.5600,7.5600,7.5600,4.000000,4.000000,4.500000,4.500000,4.500000,96.000000,96.000000,95.500000,95.500000,95.500000,5.0,36.1200,33.1466,131.8800,134.8534,PENDING_AG03,FALSE,NOT_FOR_ENFORCEMENT,161.2800,3043.2000,168.0000,161.2800,6.7200,0.04855491,0.04661272,6.7200,161.2800,0.04661272,6.7200,6.7200,7.5600,7.5600,7.5600,161.2800,0.04661272,36.1200,33.1466,131.8800,134.8534,0.03811561,0.03897497,0.00194220,15.2423,15.5392,0.8235,56.0000,5.2500,1153.3333,68.0000,,15.2423,10.0,10.0,20.0,20.0,30.0,40.0,10.0,-10.0,3.0,4.0,1.524229,19,18,2,7,0E-8,0.04855491,,0E-8,0.000000,0.916185,0.000000,,2026-05-11,2026-05-13,3,32,26,3,1.000000,,,0.000000,,,,,,,,GLOBAL_BASELINE_NO_ENTITY_RANKING,,,NOT_APPLICABLE_GLOBAL_BASELINE,HF9g-P5,,,,X 全窗基线 · 不参与实体赏罚,6871980,688,A168_HF9F_20260827_0900,2026-08-27 09:00:00
2026-05-12,149551260,-1,1,700.0000000000,-151.5000000000,-151.5000000000,0.4571429,48,39,0.45821598440170940,0.445805561111,-0.012741983472538543,0.1349396832451145,-0.012741983472538543,0.01241042329070940,SENTINEL_DEALER,R03b_20260811_FULL_v1,L1_ELIGIBILITY,v2026-08-11,2026-03-21..2026-08-06,baccarat_bet02_101_all_pairs_incl_sentinel,round_win = game_pnl > 0 (decisive only),COMPATIBILITY_ONLY_NOT_PRODUCTION,3460.0000,3170.0000,168.0000,227,204,-0.04855491,,-0.04855491,-0.04855491,-168.0000,3460.0000,OK,0.0000,6.7200,4.0000,96.0000,AG03-UNRESOLVED,ALL5_LEVELS_bet23_to_bet27,6.7200,6.7200,7.5600,7.5600,7.5600,4.000000,4.000000,4.500000,4.500000,4.500000,96.000000,96.000000,95.500000,95.500000,95.500000,5.0,36.1200,33.1466,131.8800,134.8534,PENDING_AG03,FALSE,NOT_FOR_ENFORCEMENT,161.2800,3043.2000,168.0000,161.2800,6.7200,0.04855491,0.04661272,6.7200,161.2800,0.04661272,6.7200,6.7200,7.5600,7.5600,7.5600,161.2800,0.04661272,36.1200,33.1466,131.8800,134.8534,0.03811561,0.03897497,0.00194220,15.2423,15.5392,0.8235,56.0000,5.2500,1153.3333,68.0000,,15.2423,10.0,10.0,20.0,20.0,30.0,40.0,10.0,-10.0,3.0,4.0,1.524229,19,18,2,7,0E-8,0.04855491,,0E-8,0.000000,0.916185,0.000000,,2026-05-11,2026-05-13,3,32,26,3,1.000000,,,0.000000,,,,,,,,GLOBAL_BASELINE_NO_ENTITY_RANKING,,,NOT_APPLICABLE_GLOBAL_BASELINE,HF9g-P5,,,,X 全窗基线 · 不参与实体赏罚,6871981,688,A168_HF9F_20260827_0900,2026-08-27 09:00:00
2026-05-12,149551260,1384,0,90.0000000000,17.5000000000,17.5000000000,0.7500000,7,5,0.44629384666666667,0.446293846667,1.2218938035101934,1.2218938035087639,1.2218938035101934,-3.3333E-13,ELIGIBLE,R03b_20260811_FULL_v1,L1_ELIGIBILITY,v2026-08-11,2026-03-21..2026-08-06,baccarat_bet02_101_all_pairs_incl_sentinel,round_win = game_pnl > 0 (decisive only),COMPATIBILITY_ONLY_NOT_PRODUCTION,3460.0000,3170.0000,168.0000,227,204,-0.04855491,,-0.04855491,-0.04855491,-168.0000,3460.0000,OK,0.0000,6.7200,4.0000,96.0000,AG03-UNRESOLVED,ALL5_LEVELS_bet23_to_bet27,6.7200,6.7200,7.5600,7.5600,7.5600,4.000000,4.000000,4.500000,4.500000,4.500000,96.000000,96.000000,95.500000,95.500000,95.500000,5.0,36.1200,33.1466,131.8800,134.8534,PENDING_AG03,FALSE,NOT_FOR_ENFORCEMENT,161.2800,3043.2000,168.0000,161.2800,6.7200,0.04855491,0.04661272,6.7200,161.2800,0.04661272,6.7200,6.7200,7.5600,7.5600,7.5600,161.2800,0.04661272,36.1200,33.1466,131.8800,134.8534,0.03811561,0.03897497,0.00194220,15.2423,15.5392,0.8235,56.0000,5.2500,1153.3333,68.0000,,15.2423,10.0,10.0,20.0,20.0,30.0,40.0,10.0,-10.0,3.0,4.0,1.524229,19,18,2,7,0E-8,0.04855491,,0E-8,0.000000,0.916185,0.000000,,2026-05-11,2026-05-13,3,32,26,3,1.000000,,,0.000000,,,,,,,,GLOBAL_BASELINE_NO_ENTITY_RANKING,,,NOT_APPLICABLE_GLOBAL_BASELINE,HF9g-P5,,,,X 全窗基线 · 不参与实体赏罚,6871982,688,A168_HF9F_20260827_0900,2026-08-27 09:00:00
2026-05-12,149551260,2123,0,130.0000000000,8.5000000000,8.5000000000,0.4444444,11,9,0.41526768333333333,0.407637166667,0.17762975562137853,0.22471091359573067,0.17762975562137853,0.00763051666633333,ELIGIBLE,R03b_20260811_FULL_v1,L1_ELIGIBILITY,v2026-08-11,2026-03-21..2026-08-06,baccarat_bet02_101_all_pairs_incl_sentinel,round_win = game_pnl > 0 (decisive only),COMPATIBILITY_ONLY_NOT_PRODUCTION,3460.0000,3170.0000,168.0000,227,204,-0.04855491,,-0.04855491,-0.04855491,-168.0000,3460.0000,OK,0.0000,6.7200,4.0000,96.0000,AG03-UNRESOLVED,ALL5_LEVELS_bet23_to_bet27,6.7200,6.7200,7.5600,7.5600,7.5600,4.000000,4.000000,4.500000,4.500000,4.500000,96.000000,96.000000,95.500000,95.500000,95.500000,5.0,36.1200,33.1466,131.8800,134.8534,PENDING_AG03,FALSE,NOT_FOR_ENFORCEMENT,161.2800,3043.2000,168.0000,161.2800,6.7200,0.04855491,0.04661272,6.7200,161.2800,0.04661272,6.7200,6.7200,7.5600,7.5600,7.5600,161.2800,0.04661272,36.1200,33.1466,131.8800,134.8534,0.03811561,0.03897497,0.00194220,15.2423,15.5392,0.8235,56.0000,5.2500,1153.3333,68.0000,,15.2423,10.0,10.0,20.0,20.0,30.0,40.0,10.0,-10.0,3.0,4.0,1.524229,19,18,2,7,0E-8,0.04855491,,0E-8,0.000000,0.916185,0.000000,,2026-05-11,2026-05-13,3,32,26,3,1.000000,,,0.000000,,,,,,,,GLOBAL_BASELINE_NO_ENTITY_RANKING,,,NOT_APPLICABLE_GLOBAL_BASELINE,HF9g-P5,,,,X 全窗基线 · 不参与实体赏罚,6871983,688,A168_HF9F_20260827_0900,2026-08-27 09:00:00
2026-05-12,149551260,2156,0,70.0000000000,29.0000000000,29.0000000000,0.6666667,6,6,0.50218230000000000,0.502182300000,0.8058132132962729,0.8058132132962729,0.8058132132962729,0E-17,ELIGIBLE,R03b_20260811_FULL_v1,L1_ELIGIBILITY,v2026-08-11,2026-03-21..2026-08-06,baccarat_bet02_101_all_pairs_incl_sentinel,round_win = game_pnl > 0 (decisive only),COMPATIBILITY_ONLY_NOT_PRODUCTION,3460.0000,3170.0000,168.0000,227,204,-0.04855491,,-0.04855491,-0.04855491,-168.0000,3460.0000,OK,0.0000,6.7200,4.0000,96.0000,AG03-UNRESOLVED,ALL5_LEVELS_bet23_to_bet27,6.7200,6.7200,7.5600,7.5600,7.5600,4.000000,4.000000,4.500000,4.500000,4.500000,96.000000,96.000000,95.500000,95.500000,95.500000,5.0,36.1200,33.1466,131.8800,134.8534,PENDING_AG03,FALSE,NOT_FOR_ENFORCEMENT,161.2800,3043.2000,168.0000,161.2800,6.7200,0.04855491,0.04661272,6.7200,161.2800,0.04661272,6.7200,6.7200,7.5600,7.5600,7.5600,161.2800,0.04661272,36.1200,33.1466,131.8800,134.8534,0.03811561,0.03897497,0.00194220,15.2423,15.5392,0.8235,56.0000,5.2500,1153.3333,68.0000,,15.2423,10.0,10.0,20.0,20.0,30.0,40.0,10.0,-10.0,3.0,4.0,1.524229,19,18,2,7,0E-8,0.04855491,,0E-8,0.000000,0.916185,0.000000,,2026-05-11,2026-05-13,3,32,26,3,1.000000,,,0.000000,,,,,,,,GLOBAL_BASELINE_NO_ENTITY_RANKING,,,NOT_APPLICABLE_GLOBAL_BASELINE,HF9g-P5,,,,X 全窗基线 · 不参与实体赏罚,6871984,688,A168_HF9F_20260827_0900,2026-08-27 09:00:00
2026-05-12,149551260,2235,0,130.0000000000,-71.0000000000,-71.0000000000,0.2500000,8,8,0.50329940000000000,0.503299400000,-1.4329089850335803,-1.4329089850335803,-1.4329089850335803,0E-17,ELIGIBLE,R03b_20260811_FULL_v1,L1_ELIGIBILITY,v2026-08-11,2026-03-21..2026-08-06,baccarat_bet02_101_all_pairs_incl_sentinel,round_win = game_pnl > 0 (decisive only),COMPATIBILITY_ONLY_NOT_PRODUCTION,3460.0000,3170.0000,168.0000,227,204,-0.04855491,,-0.04855491,-0.04855491,-168.0000,3460.0000,OK,0.0000,6.7200,4.0000,96.0000,AG03-UNRESOLVED,ALL5_LEVELS_bet23_to_bet27,6.7200,6.7200,7.5600,7.5600,7.5600,4.000000,4.000000,4.500000,4.500000,4.500000,96.000000,96.000000,95.500000,95.500000,95.500000,5.0,36.1200,33.1466,131.8800,134.8534,PENDING_AG03,FALSE,NOT_FOR_ENFORCEMENT,161.2800,3043.2000,168.0000,161.2800,6.7200,0.04855491,0.04661272,6.7200,161.2800,0.04661272,6.7200,6.7200,7.5600,7.5600,7.5600,161.2800,0.04661272,36.1200,33.1466,131.8800,134.8534,0.03811561,0.03897497,0.00194220,15.2423,15.5392,0.8235,56.0000,5.2500,1153.3333,68.0000,,15.2423,10.0,10.0,20.0,20.0,30.0,40.0,10.0,-10.0,3.0,4.0,1.524229,19,18,2,7,0E-8,0.04855491,,0E-8,0.000000,0.916185,0.000000,,2026-05-11,2026-05-13,3,32,26,3,1.000000,,,0.000000,,,,,,,,GLOBAL_BASELINE_NO_ENTITY_RANKING,,,NOT_APPLICABLE_GLOBAL_BASELINE,HF9g-P5,,,,X 全窗基线 · 不参与实体赏罚,6871985,688,A168_HF9F_20260827_0900,2026-08-27 09:00:00
2026-05-13,149551260,-1,1,420.0000000000,-86.0000000000,-86.0000000000,0.4347826,27,25,0.49256196400000000,0.492494938000,-0.5542614388642956,-0.5536195861409118,-0.5542614388642956,0.00006702600000000,SENTINEL_DEALER,R03b_20260811_FULL_v1,L1_ELIGIBILITY,v2026-08-11,2026-03-21..2026-08-06,baccarat_bet02_101_all_pairs_incl_sentinel,round_win = game_pnl > 0 (decisive only),COMPATIBILITY_ONLY_NOT_PRODUCTION,3460.0000,3170.0000,168.0000,227,204,-0.04855491,,-0.04855491,-0.04855491,-168.0000,3460.0000,OK,0.0000,6.7200,4.0000,96.0000,AG03-UNRESOLVED,ALL5_LEVELS_bet23_to_bet27,6.7200,6.7200,7.5600,7.5600,7.5600,4.000000,4.000000,4.500000,4.500000,4.500000,96.000000,96.000000,95.500000,95.500000,95.500000,5.0,36.1200,33.1466,131.8800,134.8534,PENDING_AG03,FALSE,NOT_FOR_ENFORCEMENT,161.2800,3043.2000,168.0000,161.2800,6.7200,0.04855491,0.04661272,6.7200,161.2800,0.04661272,6.7200,6.7200,7.5600,7.5600,7.5600,161.2800,0.04661272,36.1200,33.1466,131.8800,134.8534,0.03811561,0.03897497,0.00194220,15.2423,15.5392,0.8235,56.0000,5.2500,1153.3333,68.0000,,15.2423,10.0,10.0,20.0,20.0,30.0,40.0,10.0,-10.0,3.0,4.0,1.524229,19,18,2,7,0E-8,0.04855491,,0E-8,0.000000,0.916185,0.000000,,2026-05-11,2026-05-13,3,32,26,3,1.000000,,,0.000000,,,,,,,,GLOBAL_BASELINE_NO_ENTITY_RANKING,,,NOT_APPLICABLE_GLOBAL_BASELINE,HF9g-P5,,,,X 全窗基线 · 不参与实体赏罚,6871986,688,A168_HF9F_20260827_0900,2026-08-27 09:00:00
2026-05-13,149551260,1318,0,10.0000000000,10.0000000000,10.0000000000,1.0000000,1,1,0.49324550000000000,0.493245500000,1.01360149184955,1.01360149184955,1.01360149184955,0E-17,ELIGIBLE,R03b_20260811_FULL_v1,L1_ELIGIBILITY,v2026-08-11,2026-03-21..2026-08-06,baccarat_bet02_101_all_pairs_incl_sentinel,round_win = game_pnl > 0 (decisive only),COMPATIBILITY_ONLY_NOT_PRODUCTION,3460.0000,3170.0000,168.0000,227,204,-0.04855491,,-0.04855491,-0.04855491,-168.0000,3460.0000,OK,0.0000,6.7200,4.0000,96.0000,AG03-UNRESOLVED,ALL5_LEVELS_bet23_to_bet27,6.7200,6.7200,7.5600,7.5600,7.5600,4.000000,4.000000,4.500000,4.500000,4.500000,96.000000,96.000000,95.500000,95.500000,95.500000,5.0,36.1200,33.1466,131.8800,134.8534,PENDING_AG03,FALSE,NOT_FOR_ENFORCEMENT,161.2800,3043.2000,168.0000,161.2800,6.7200,0.04855491,0.04661272,6.7200,161.2800,0.04661272,6.7200,6.7200,7.5600,7.5600,7.5600,161.2800,0.04661272,36.1200,33.1466,131.8800,134.8534,0.03811561,0.03897497,0.00194220,15.2423,15.5392,0.8235,56.0000,5.2500,1153.3333,68.0000,,15.2423,10.0,10.0,20.0,20.0,30.0,40.0,10.0,-10.0,3.0,4.0,1.524229,19,18,2,7,0E-8,0.04855491,,0E-8,0.000000,0.916185,0.000000,,2026-05-11,2026-05-13,3,32,26,3,1.000000,,,0.000000,,,,,,,,GLOBAL_BASELINE_NO_ENTITY_RANKING,,,NOT_APPLICABLE_GLOBAL_BASELINE,HF9g-P5,,,,X 全窗基线 · 不参与实体赏罚,6871987,688,A168_HF9F_20260827_0900,2026-08-27 09:00:00
2026-05-13,149551260,2123,0,140.0000000000,29.5000000000,29.5000000000,0.6666667,9,8,0.47086817500000000,0.470868175000,0.9608450481114426,0.9608450481114427,0.9608450481114426,0E-17,ELIGIBLE,R03b_20260811_FULL_v1,L1_ELIGIBILITY,v2026-08-11,2026-03-21..2026-08-06,baccarat_bet02_101_all_pairs_incl_sentinel,round_win = game_pnl > 0 (decisive only),COMPATIBILITY_ONLY_NOT_PRODUCTION,3460.0000,3170.0000,168.0000,227,204,-0.04855491,,-0.04855491,-0.04855491,-168.0000,3460.0000,OK,0.0000,6.7200,4.0000,96.0000,AG03-UNRESOLVED,ALL5_LEVELS_bet23_to_bet27,6.7200,6.7200,7.5600,7.5600,7.5600,4.000000,4.000000,4.500000,4.500000,4.500000,96.000000,96.000000,95.500000,95.500000,95.500000,5.0,36.1200,33.1466,131.8800,134.8534,PENDING_AG03,FALSE,NOT_FOR_ENFORCEMENT,161.2800,3043.2000,168.0000,161.2800,6.7200,0.04855491,0.04661272,6.7200,161.2800,0.04661272,6.7200,6.7200,7.5600,7.5600,7.5600,161.2800,0.04661272,36.1200,33.1466,131.8800,134.8534,0.03811561,0.03897497,0.00194220,15.2423,15.5392,0.8235,56.0000,5.2500,1153.3333,68.0000,,15.2423,10.0,10.0,20.0,20.0,30.0,40.0,10.0,-10.0,3.0,4.0,1.524229,19,18,2,7,0E-8,0.04855491,,0E-8,0.000000,0.916185,0.000000,,2026-05-11,2026-05-13,3,32,26,3,1.000000,,,0.000000,,,,,,,,GLOBAL_BASELINE_NO_ENTITY_RANKING,,,NOT_APPLICABLE_GLOBAL_BASELINE,HF9g-P5,,,,X 全窗基线 · 不参与实体赏罚,6871988,688,A168_HF9F_20260827_0900,2026-08-27 09:00:00
2026-05-13,149551260,2209,0,10.0000000000,9.5000000000,9.5000000000,1.0000000,1,1,0.50665070000000000,0.506650700000,0.9867858985152569,0.9867858985152569,0.9867858985152569,0E-17,ELIGIBLE,R03b_20260811_FULL_v1,L1_ELIGIBILITY,v2026-08-11,2026-03-21..2026-08-06,baccarat_bet02_101_all_pairs_incl_sentinel,round_win = game_pnl > 0 (decisive only),COMPATIBILITY_ONLY_NOT_PRODUCTION,3460.0000,3170.0000,168.0000,227,204,-0.04855491,,-0.04855491,-0.04855491,-168.0000,3460.0000,OK,0.0000,6.7200,4.0000,96.0000,AG03-UNRESOLVED,ALL5_LEVELS_bet23_to_bet27,6.7200,6.7200,7.5600,7.5600,7.5600,4.000000,4.000000,4.500000,4.500000,4.500000,96.000000,96.000000,95.500000,95.500000,95.500000,5.0,36.1200,33.1466,131.8800,134.8534,PENDING_AG03,FALSE,NOT_FOR_ENFORCEMENT,161.2800,3043.2000,168.0000,161.2800,6.7200,0.04855491,0.04661272,6.7200,161.2800,0.04661272,6.7200,6.7200,7.5600,7.5600,7.5600,161.2800,0.04661272,36.1200,33.1466,131.8800,134.8534,0.03811561,0.03897497,0.00194220,15.2423,15.5392,0.8235,56.0000,5.2500,1153.3333,68.0000,,15.2423,10.0,10.0,20.0,20.0,30.0,40.0,10.0,-10.0,3.0,4.0,1.524229,19,18,2,7,0E-8,0.04855491,,0E-8,0.000000,0.916185,0.000000,,2026-05-11,2026-05-13,3,32,26,3,1.000000,,,0.000000,,,,,,,,GLOBAL_BASELINE_NO_ENTITY_RANKING,,,NOT_APPLICABLE_GLOBAL_BASELINE,HF9g-P5,,,,X 全窗基线 · 不参与实体赏罚,6871989,688,A168_HF9F_20260827_0900,2026-08-27 09:00:00
2026-05-13,149551260,2235,0,200.0000000000,129.0000000000,129.0000000000,0.6153846,16,13,0.40017133461538462,0.400171334615,1.5838138925070349,1.5838138925101188,1.5838138925070349,3.8462E-13,ELIGIBLE,R03b_20260811_FULL_v1,L1_ELIGIBILITY,v2026-08-11,2026-03-21..2026-08-06,baccarat_bet02_101_all_pairs_incl_sentinel,round_win = game_pnl > 0 (decisive only),COMPATIBILITY_ONLY_NOT_PRODUCTION,3460.0000,3170.0000,168.0000,227,204,-0.04855491,,-0.04855491,-0.04855491,-168.0000,3460.0000,OK,0.0000,6.7200,4.0000,96.0000,AG03-UNRESOLVED,ALL5_LEVELS_bet23_to_bet27,6.7200,6.7200,7.5600,7.5600,7.5600,4.000000,4.000000,4.500000,4.500000,4.500000,96.000000,96.000000,95.500000,95.500000,95.500000,5.0,36.1200,33.1466,131.8800,134.8534,PENDING_AG03,FALSE,NOT_FOR_ENFORCEMENT,161.2800,3043.2000,168.0000,161.2800,6.7200,0.04855491,0.04661272,6.7200,161.2800,0.04661272,6.7200,6.7200,7.5600,7.5600,7.5600,161.2800,0.04661272,36.1200,33.1466,131.8800,134.8534,0.03811561,0.03897497,0.00194220,15.2423,15.5392,0.8235,56.0000,5.2500,1153.3333,68.0000,,15.2423,10.0,10.0,20.0,20.0,30.0,40.0,10.0,-10.0,3.0,4.0,1.524229,19,18,2,7,0E-8,0.04855491,,0E-8,0.000000,0.916185,0.000000,,2026-05-11,2026-05-13,3,32,26,3,1.000000,,,0.000000,,,,,,,,GLOBAL_BASELINE_NO_ENTITY_RANKING,,,NOT_APPLICABLE_GLOBAL_BASELINE,HF9g-P5,,,,X 全窗基线 · 不参与实体赏罚,6871990,688,A168_HF9F_20260827_0900,2026-08-27 09:00:00
2026-05-13,149551260,2251,0,60.0000000000,29.0000000000,29.0000000000,0.8000000,6,6,0.49994810000000000,0.499948100000,1.3418728975849028,1.3418728975849028,1.3418728975849028,0E-17,ELIGIBLE,R03b_20260811_FULL_v1,L1_ELIGIBILITY,v2026-08-11,2026-03-21..2026-08-06,baccarat_bet02_101_all_pairs_incl_sentinel,round_win = game_pnl > 0 (decisive only),COMPATIBILITY_ONLY_NOT_PRODUCTION,3460.0000,3170.0000,168.0000,227,204,-0.04855491,,-0.04855491,-0.04855491,-168.0000,3460.0000,OK,0.0000,6.7200,4.0000,96.0000,AG03-UNRESOLVED,ALL5_LEVELS_bet23_to_bet27,6.7200,6.7200,7.5600,7.5600,7.5600,4.000000,4.000000,4.500000,4.500000,4.500000,96.000000,96.000000,95.500000,95.500000,95.500000,5.0,36.1200,33.1466,131.8800,134.8534,PENDING_AG03,FALSE,NOT_FOR_ENFORCEMENT,161.2800,3043.2000,168.0000,161.2800,6.7200,0.04855491,0.04661272,6.7200,161.2800,0.04661272,6.7200,6.7200,7.5600,7.5600,7.5600,161.2800,0.04661272,36.1200,33.1466,131.8800,134.8534,0.03811561,0.03897497,0.00194220,15.2423,15.5392,0.8235,56.0000,5.2500,1153.3333,68.0000,,15.2423,10.0,10.0,20.0,20.0,30.0,40.0,10.0,-10.0,3.0,4.0,1.524229,19,18,2,7,0E-8,0.04855491,,0E-8,0.000000,0.916185,0.000000,,2026-05-11,2026-05-13,3,32,26,3,1.000000,,,0.000000,,,,,,,,GLOBAL_BASELINE_NO_ENTITY_RANKING,,,NOT_APPLICABLE_GLOBAL_BASELINE,HF9g-P5,,,,X 全窗基线 · 不参与实体赏罚,6871991,688,A168_HF9F_20260827_0900,2026-08-27 09:00:00
2026-05-13,149551260,2266,0,10.0000000000,9.5000000000,9.5000000000,1.0000000,1,1,0.50665070000000000,0.506650700000,0.9867858985152569,0.9867858985152569,0.9867858985152569,0E-17,ELIGIBLE,R03b_20260811_FULL_v1,L1_ELIGIBILITY,v2026-08-11,2026-03-21..2026-08-06,baccarat_bet02_101_all_pairs_incl_sentinel,round_win = game_pnl > 0 (decisive only),COMPATIBILITY_ONLY_NOT_PRODUCTION,3460.0000,3170.0000,168.0000,227,204,-0.04855491,,-0.04855491,-0.04855491,-168.0000,3460.0000,OK,0.0000,6.7200,4.0000,96.0000,AG03-UNRESOLVED,ALL5_LEVELS_bet23_to_bet27,6.7200,6.7200,7.5600,7.5600,7.5600,4.000000,4.000000,4.500000,4.500000,4.500000,96.000000,96.000000,95.500000,95.500000,95.500000,5.0,36.1200,33.1466,131.8800,134.8534,PENDING_AG03,FALSE,NOT_FOR_ENFORCEMENT,161.2800,3043.2000,168.0000,161.2800,6.7200,0.04855491,0.04661272,6.7200,161.2800,0.04661272,6.7200,6.7200,7.5600,7.5600,7.5600,161.2800,0.04661272,36.1200,33.1466,131.8800,134.8534,0.03811561,0.03897497,0.00194220,15.2423,15.5392,0.8235,56.0000,5.2500,1153.3333,68.0000,,15.2423,10.0,10.0,20.0,20.0,30.0,40.0,10.0,-10.0,3.0,4.0,1.524229,19,18,2,7,0E-8,0.04855491,,0E-8,0.000000,0.916185,0.000000,,2026-05-11,2026-05-13,3,32,26,3,1.000000,,,0.000000,,,,,,,,GLOBAL_BASELINE_NO_ENTITY_RANKING,,,NOT_APPLICABLE_GLOBAL_BASELINE,HF9g-P5,,,,X 全窗基线 · 不参与实体赏罚,6871992,688,A168_HF9F_20260827_0900,2026-08-27 09:00:00
2026-07-12,100487647,-1,1,910.0000000000,371.0000000000,371.0000000000,0.7222222,19,19,0.50312301578947368,0.503123015789,1.8591546813255457,1.859154681329554,1.8591546813255457,4.7368E-13,SENTINEL_DEALER,R03b_20260811_FULL_v1,L1_ELIGIBILITY,v2026-08-11,2026-03-21..2026-08-06,baccarat_bet02_101_all_pairs_incl_sentinel,round_win = game_pnl > 0 (decisive only),COMPATIBILITY_ONLY_NOT_PRODUCTION,3130.0000,2810.0000,168.0000,67,67,-0.05367412,-0.05367412,,-0.05367412,-168.0000,3130.0000,OK,0.0000,6.7200,4.0000,96.0000,AG03-UNRESOLVED,ALL5_LEVELS_bet23_to_bet27,6.7200,6.7200,7.5600,7.5600,7.5600,4.000000,4.000000,4.500000,4.500000,4.500000,96.000000,96.000000,95.500000,95.500000,95.500000,5.0,36.1200,33.1466,131.8800,134.8534,PENDING_AG03,FALSE,NOT_FOR_ENFORCEMENT,161.2800,2697.6000,168.0000,161.2800,6.7200,0.05367412,0.05152716,6.7200,161.2800,0.05152716,6.7200,6.7200,7.5600,7.5600,7.5600,161.2800,0.05152716,36.1200,33.1466,131.8800,134.8534,0.04213419,0.04308415,0.00214696,46.7164,41.9403,2.5075,168.0000,6.4615,3130.0000,67.0000,46.7164,,40.0,40.0,60.0,60.0,80.0,80.0,40.0,0.0,2.0,2.0,1.16791,21,21,1,2,1.00000000,0.05367412,0.05367412,0E-8,0.000000,0.897764,0.000000,,2026-07-12,2026-07-12,1,26,21,1,1.000000,,1.000000,3.333333,,,,,,,,GLOBAL_BASELINE_NO_ENTITY_RANKING,,,NOT_APPLICABLE_GLOBAL_BASELINE,HF9g-P5,,,,X 全窗基线 · 不参与实体赏罚,6871993,688,A168_HF9F_20260827_0900,2026-08-27 09:00:00
2026-07-12,100487647,1157,0,60.0000000000,-60.0000000000,-60.0000000000,0E-7,1,1,0.49324550000000000,0.493245500000,-0.9865810262130424,-0.9865810262130424,-0.9865810262130424,0E-17,ELIGIBLE,R03b_20260811_FULL_v1,L1_ELIGIBILITY,v2026-08-11,2026-03-21..2026-08-06,baccarat_bet02_101_all_pairs_incl_sentinel,round_win = game_pnl > 0 (decisive only),COMPATIBILITY_ONLY_NOT_PRODUCTION,3130.0000,2810.0000,168.0000,67,67,-0.05367412,-0.05367412,,-0.05367412,-168.0000,3130.0000,OK,0.0000,6.7200,4.0000,96.0000,AG03-UNRESOLVED,ALL5_LEVELS_bet23_to_bet27,6.7200,6.7200,7.5600,7.5600,7.5600,4.000000,4.000000,4.500000,4.500000,4.500000,96.000000,96.000000,95.500000,95.500000,95.500000,5.0,36.1200,33.1466,131.8800,134.8534,PENDING_AG03,FALSE,NOT_FOR_ENFORCEMENT,161.2800,2697.6000,168.0000,161.2800,6.7200,0.05367412,0.05152716,6.7200,161.2800,0.05152716,6.7200,6.7200,7.5600,7.5600,7.5600,161.2800,0.05152716,36.1200,33.1466,131.8800,134.8534,0.04213419,0.04308415,0.00214696,46.7164,41.9403,2.5075,168.0000,6.4615,3130.0000,67.0000,46.7164,,40.0,40.0,60.0,60.0,80.0,80.0,40.0,0.0,2.0,2.0,1.16791,21,21,1,2,1.00000000,0.05367412,0.05367412,0E-8,0.000000,0.897764,0.000000,,2026-07-12,2026-07-12,1,26,21,1,1.000000,,1.000000,3.333333,,,,,,,,GLOBAL_BASELINE_NO_ENTITY_RANKING,,,NOT_APPLICABLE_GLOBAL_BASELINE,HF9g-P5,,,,X 全窗基线 · 不参与实体赏罚,6871994,688,A168_HF9F_20260827_0900,2026-08-27 09:00:00
2026-07-12,100487647,1302,0,40.0000000000,-40.0000000000,-40.0000000000,0E-7,1,1,0.50665070000000000,0.506650700000,-1.013391052207602,-1.013391052207602,-1.013391052207602,0E-17,ELIGIBLE,R03b_20260811_FULL_v1,L1_ELIGIBILITY,v2026-08-11,2026-03-21..2026-08-06,baccarat_bet02_101_all_pairs_incl_sentinel,round_win = game_pnl > 0 (decisive only),COMPATIBILITY_ONLY_NOT_PRODUCTION,3130.0000,2810.0000,168.0000,67,67,-0.05367412,-0.05367412,,-0.05367412,-168.0000,3130.0000,OK,0.0000,6.7200,4.0000,96.0000,AG03-UNRESOLVED,ALL5_LEVELS_bet23_to_bet27,6.7200,6.7200,7.5600,7.5600,7.5600,4.000000,4.000000,4.500000,4.500000,4.500000,96.000000,96.000000,95.500000,95.500000,95.500000,5.0,36.1200,33.1466,131.8800,134.8534,PENDING_AG03,FALSE,NOT_FOR_ENFORCEMENT,161.2800,2697.6000,168.0000,161.2800,6.7200,0.05367412,0.05152716,6.7200,161.2800,0.05152716,6.7200,6.7200,7.5600,7.5600,7.5600,161.2800,0.05152716,36.1200,33.1466,131.8800,134.8534,0.04213419,0.04308415,0.00214696,46.7164,41.9403,2.5075,168.0000,6.4615,3130.0000,67.0000,46.7164,,40.0,40.0,60.0,60.0,80.0,80.0,40.0,0.0,2.0,2.0,1.16791,21,21,1,2,1.00000000,0.05367412,0.05367412,0E-8,0.000000,0.897764,0.000000,,2026-07-12,2026-07-12,1,26,21,1,1.000000,,1.000000,3.333333,,,,,,,,GLOBAL_BASELINE_NO_ENTITY_RANKING,,,NOT_APPLICABLE_GLOBAL_BASELINE,HF9g-P5,,,,X 全窗基线 · 不参与实体赏罚,6871995,688,A168_HF9F_20260827_0900,2026-08-27 09:00:00
2026-07-12,100487647,1304,0,130.0000000000,65.0000000000,65.0000000000,0.6666667,3,3,0.50218230000000000,0.502182300000,0.5697959874915163,0.5697959874915164,0.5697959874915163,0E-17,ELIGIBLE,R03b_20260811_FULL_v1,L1_ELIGIBILITY,v2026-08-11,2026-03-21..2026-08-06,baccarat_bet02_101_all_pairs_incl_sentinel,round_win = game_pnl > 0 (decisive only),COMPATIBILITY_ONLY_NOT_PRODUCTION,3130.0000,2810.0000,168.0000,67,67,-0.05367412,-0.05367412,,-0.05367412,-168.0000,3130.0000,OK,0.0000,6.7200,4.0000,96.0000,AG03-UNRESOLVED,ALL5_LEVELS_bet23_to_bet27,6.7200,6.7200,7.5600,7.5600,7.5600,4.000000,4.000000,4.500000,4.500000,4.500000,96.000000,96.000000,95.500000,95.500000,95.500000,5.0,36.1200,33.1466,131.8800,134.8534,PENDING_AG03,FALSE,NOT_FOR_ENFORCEMENT,161.2800,2697.6000,168.0000,161.2800,6.7200,0.05367412,0.05152716,6.7200,161.2800,0.05152716,6.7200,6.7200,7.5600,7.5600,7.5600,161.2800,0.05152716,36.1200,33.1466,131.8800,134.8534,0.04213419,0.04308415,0.00214696,46.7164,41.9403,2.5075,168.0000,6.4615,3130.0000,67.0000,46.7164,,40.0,40.0,60.0,60.0,80.0,80.0,40.0,0.0,2.0,2.0,1.16791,21,21,1,2,1.00000000,0.05367412,0.05367412,0E-8,0.000000,0.897764,0.000000,,2026-07-12,2026-07-12,1,26,21,1,1.000000,,1.000000,3.333333,,,,,,,,GLOBAL_BASELINE_NO_ENTITY_RANKING,,,NOT_APPLICABLE_GLOBAL_BASELINE,HF9g-P5,,,,X 全窗基线 · 不参与实体赏罚,6871996,688,A168_HF9F_20260827_0900,2026-08-27 09:00:00
2026-07-12,100487647,1353,0,100.0000000000,-60.0000000000,-60.0000000000,0E-7,2,2,0.49324550000000000,0.493245500000,-0.9865810262130424,-0.9865810262130424,-0.9865810262130424,0E-17,ELIGIBLE,R03b_20260811_FULL_v1,L1_ELIGIBILITY,v2026-08-11,2026-03-21..2026-08-06,baccarat_bet02_101_all_pairs_incl_sentinel,round_win = game_pnl > 0 (decisive only),COMPATIBILITY_ONLY_NOT_PRODUCTION,3130.0000,2810.0000,168.0000,67,67,-0.05367412,-0.05367412,,-0.05367412,-168.0000,3130.0000,OK,0.0000,6.7200,4.0000,96.0000,AG03-UNRESOLVED,ALL5_LEVELS_bet23_to_bet27,6.7200,6.7200,7.5600,7.5600,7.5600,4.000000,4.000000,4.500000,4.500000,4.500000,96.000000,96.000000,95.500000,95.500000,95.500000,5.0,36.1200,33.1466,131.8800,134.8534,PENDING_AG03,FALSE,NOT_FOR_ENFORCEMENT,161.2800,2697.6000,168.0000,161.2800,6.7200,0.05367412,0.05152716,6.7200,161.2800,0.05152716,6.7200,6.7200,7.5600,7.5600,7.5600,161.2800,0.05152716,36.1200,33.1466,131.8800,134.8534,0.04213419,0.04308415,0.00214696,46.7164,41.9403,2.5075,168.0000,6.4615,3130.0000,67.0000,46.7164,,40.0,40.0,60.0,60.0,80.0,80.0,40.0,0.0,2.0,2.0,1.16791,21,21,1,2,1.00000000,0.05367412,0.05367412,0E-8,0.000000,0.897764,0.000000,,2026-07-12,2026-07-12,1,26,21,1,1.000000,,1.000000,3.333333,,,,,,,,GLOBAL_BASELINE_NO_ENTITY_RANKING,,,NOT_APPLICABLE_GLOBAL_BASELINE,HF9g-P5,,,,X 全窗基线 · 不参与实体赏罚,6871997,688,A168_HF9F_20260827_0900,2026-08-27 09:00:00
2026-07-12,100487647,1385,0,50.0000000000,50.0000000000,50.0000000000,1.0000000,1,1,0.49324550000000000,0.493245500000,1.01360149184955,1.01360149184955,1.01360149184955,0E-17,ELIGIBLE,R03b_20260811_FULL_v1,L1_ELIGIBILITY,v2026-08-11,2026-03-21..2026-08-06,baccarat_bet02_101_all_pairs_incl_sentinel,round_win = game_pnl > 0 (decisive only),COMPATIBILITY_ONLY_NOT_PRODUCTION,3130.0000,2810.0000,168.0000,67,67,-0.05367412,-0.05367412,,-0.05367412,-168.0000,3130.0000,OK,0.0000,6.7200,4.0000,96.0000,AG03-UNRESOLVED,ALL5_LEVELS_bet23_to_bet27,6.7200,6.7200,7.5600,7.5600,7.5600,4.000000,4.000000,4.500000,4.500000,4.500000,96.000000,96.000000,95.500000,95.500000,95.500000,5.0,36.1200,33.1466,131.8800,134.8534,PENDING_AG03,FALSE,NOT_FOR_ENFORCEMENT,161.2800,2697.6000,168.0000,161.2800,6.7200,0.05367412,0.05152716,6.7200,161.2800,0.05152716,6.7200,6.7200,7.5600,7.5600,7.5600,161.2800,0.05152716,36.1200,33.1466,131.8800,134.8534,0.04213419,0.04308415,0.00214696,46.7164,41.9403,2.5075,168.0000,6.4615,3130.0000,67.0000,46.7164,,40.0,40.0,60.0,60.0,80.0,80.0,40.0,0.0,2.0,2.0,1.16791,21,21,1,2,1.00000000,0.05367412,0.05367412,0E-8,0.000000,0.897764,0.000000,,2026-07-12,2026-07-12,1,26,21,1,1.000000,,1.000000,3.333333,,,,,,,,GLOBAL_BASELINE_NO_ENTITY_RANKING,,,NOT_APPLICABLE_GLOBAL_BASELINE,HF9g-P5,,,,X 全窗基线 · 不参与实体赏罚,6871998,688,A168_HF9F_20260827_0900,2026-08-27 09:00:00
2026-07-12,100487647,1399,0,30.0000000000,-30.0000000000,-30.0000000000,0E-7,1,1,0.50665070000000000,0.506650700000,-1.013391052207602,-1.013391052207602,-1.013391052207602,0E-17,ELIGIBLE,R03b_20260811_FULL_v1,L1_ELIGIBILITY,v2026-08-11,2026-03-21..2026-08-06,baccarat_bet02_101_all_pairs_incl_sentinel,round_win = game_pnl > 0 (decisive only),COMPATIBILITY_ONLY_NOT_PRODUCTION,3130.0000,2810.0000,168.0000,67,67,-0.05367412,-0.05367412,,-0.05367412,-168.0000,3130.0000,OK,0.0000,6.7200,4.0000,96.0000,AG03-UNRESOLVED,ALL5_LEVELS_bet23_to_bet27,6.7200,6.7200,7.5600,7.5600,7.5600,4.000000,4.000000,4.500000,4.500000,4.500000,96.000000,96.000000,95.500000,95.500000,95.500000,5.0,36.1200,33.1466,131.8800,134.8534,PENDING_AG03,FALSE,NOT_FOR_ENFORCEMENT,161.2800,2697.6000,168.0000,161.2800,6.7200,0.05367412,0.05152716,6.7200,161.2800,0.05152716,6.7200,6.7200,7.5600,7.5600,7.5600,161.2800,0.05152716,36.1200,33.1466,131.8800,134.8534,0.04213419,0.04308415,0.00214696,46.7164,41.9403,2.5075,168.0000,6.4615,3130.0000,67.0000,46.7164,,40.0,40.0,60.0,60.0,80.0,80.0,40.0,0.0,2.0,2.0,1.16791,21,21,1,2,1.00000000,0.05367412,0.05367412,0E-8,0.000000,0.897764,0.000000,,2026-07-12,2026-07-12,1,26,21,1,1.000000,,1.000000,3.333333,,,,,,,,GLOBAL_BASELINE_NO_ENTITY_RANKING,,,NOT_APPLICABLE_GLOBAL_BASELINE,HF9g-P5,,,,X 全窗基线 · 不参与实体赏罚,6871999,688,A168_HF9F_20260827_0900,2026-08-27 09:00:00
2026-07-12,100487647,1402,0,40.0000000000,-40.0000000000,-40.0000000000,0E-7,1,1,0.49324550000000000,0.493245500000,-0.9865810262130424,-0.9865810262130424,-0.9865810262130424,0E-17,ELIGIBLE,R03b_20260811_FULL_v1,L1_ELIGIBILITY,v2026-08-11,2026-03-21..2026-08-06,baccarat_bet02_101_all_pairs_incl_sentinel,round_win = game_pnl > 0 (decisive only),COMPATIBILITY_ONLY_NOT_PRODUCTION,3130.0000,2810.0000,168.0000,67,67,-0.05367412,-0.05367412,,-0.05367412,-168.0000,3130.0000,OK,0.0000,6.7200,4.0000,96.0000,AG03-UNRESOLVED,ALL5_LEVELS_bet23_to_bet27,6.7200,6.7200,7.5600,7.5600,7.5600,4.000000,4.000000,4.500000,4.500000,4.500000,96.000000,96.000000,95.500000,95.500000,95.500000,5.0,36.1200,33.1466,131.8800,134.8534,PENDING_AG03,FALSE,NOT_FOR_ENFORCEMENT,161.2800,2697.6000,168.0000,161.2800,6.7200,0.05367412,0.05152716,6.7200,161.2800,0.05152716,6.7200,6.7200,7.5600,7.5600,7.5600,161.2800,0.05152716,36.1200,33.1466,131.8800,134.8534,0.04213419,0.04308415,0.00214696,46.7164,41.9403,2.5075,168.0000,6.4615,3130.0000,67.0000,46.7164,,40.0,40.0,60.0,60.0,80.0,80.0,40.0,0.0,2.0,2.0,1.16791,21,21,1,2,1.00000000,0.05367412,0.05367412,0E-8,0.000000,0.897764,0.000000,,2026-07-12,2026-07-12,1,26,21,1,1.000000,,1.000000,3.333333,,,,,,,,GLOBAL_BASELINE_NO_ENTITY_RANKING,,,NOT_APPLICABLE_GLOBAL_BASELINE,HF9g-P5,,,,X 全窗基线 · 不参与实体赏罚,6872000,688,A168_HF9F_20260827_0900,2026-08-27 09:00:00
2026-07-12,100487647,1654,0,160.0000000000,-51.5000000000,-51.5000000000,0.3333333,4,4,0.49994810000000000,0.499948100000,-0.5771704854251445,-0.5771704854251445,-0.5771704854251445,0E-17,ELIGIBLE,R03b_20260811_FULL_v1,L1_ELIGIBILITY,v2026-08-11,2026-03-21..2026-08-06,baccarat_bet02_101_all_pairs_incl_sentinel,round_win = game_pnl > 0 (decisive only),COMPATIBILITY_ONLY_NOT_PRODUCTION,3130.0000,2810.0000,168.0000,67,67,-0.05367412,-0.05367412,,-0.05367412,-168.0000,3130.0000,OK,0.0000,6.7200,4.0000,96.0000,AG03-UNRESOLVED,ALL5_LEVELS_bet23_to_bet27,6.7200,6.7200,7.5600,7.5600,7.5600,4.000000,4.000000,4.500000,4.500000,4.500000,96.000000,96.000000,95.500000,95.500000,95.500000,5.0,36.1200,33.1466,131.8800,134.8534,PENDING_AG03,FALSE,NOT_FOR_ENFORCEMENT,161.2800,2697.6000,168.0000,161.2800,6.7200,0.05367412,0.05152716,6.7200,161.2800,0.05152716,6.7200,6.7200,7.5600,7.5600,7.5600,161.2800,0.05152716,36.1200,33.1466,131.8800,134.8534,0.04213419,0.04308415,0.00214696,46.7164,41.9403,2.5075,168.0000,6.4615,3130.0000,67.0000,46.7164,,40.0,40.0,60.0,60.0,80.0,80.0,40.0,0.0,2.0,2.0,1.16791,21,21,1,2,1.00000000,0.05367412,0.05367412,0E-8,0.000000,0.897764,0.000000,,2026-07-12,2026-07-12,1,26,21,1,1.000000,,1.000000,3.333333,,,,,,,,GLOBAL_BASELINE_NO_ENTITY_RANKING,,,NOT_APPLICABLE_GLOBAL_BASELINE,HF9g-P5,,,,X 全窗基线 · 不参与实体赏罚,6872001,688,A168_HF9F_20260827_0900,2026-08-27 09:00:00
2026-07-12,100487647,1990,0,110.0000000000,28.5000000000,28.5000000000,0.6666667,3,3,0.49771390000000000,0.497713900000,0.5852756695216578,0.5852756695216578,0.5852756695216578,0E-17,ELIGIBLE,R03b_20260811_FULL_v1,L1_ELIGIBILITY,v2026-08-11,2026-03-21..2026-08-06,baccarat_bet02_101_all_pairs_incl_sentinel,round_win = game_pnl > 0 (decisive only),COMPATIBILITY_ONLY_NOT_PRODUCTION,3130.0000,2810.0000,168.0000,67,67,-0.05367412,-0.05367412,,-0.05367412,-168.0000,3130.0000,OK,0.0000,6.7200,4.0000,96.0000,AG03-UNRESOLVED,ALL5_LEVELS_bet23_to_bet27,6.7200,6.7200,7.5600,7.5600,7.5600,4.000000,4.000000,4.500000,4.500000,4.500000,96.000000,96.000000,95.500000,95.500000,95.500000,5.0,36.1200,33.1466,131.8800,134.8534,PENDING_AG03,FALSE,NOT_FOR_ENFORCEMENT,161.2800,2697.6000,168.0000,161.2800,6.7200,0.05367412,0.05152716,6.7200,161.2800,0.05152716,6.7200,6.7200,7.5600,7.5600,7.5600,161.2800,0.05152716,36.1200,33.1466,131.8800,134.8534,0.04213419,0.04308415,0.00214696,46.7164,41.9403,2.5075,168.0000,6.4615,3130.0000,67.0000,46.7164,,40.0,40.0,60.0,60.0,80.0,80.0,40.0,0.0,2.0,2.0,1.16791,21,21,1,2,1.00000000,0.05367412,0.05367412,0E-8,0.000000,0.897764,0.000000,,2026-07-12,2026-07-12,1,26,21,1,1.000000,,1.000000,3.333333,,,,,,,,GLOBAL_BASELINE_NO_ENTITY_RANKING,,,NOT_APPLICABLE_GLOBAL_BASELINE,HF9g-P5,,,,X 全窗基线 · 不参与实体赏罚,6872002,688,A168_HF9F_20260827_0900,2026-08-27 09:00:00
2026-07-12,100487647,2100,0,90.0000000000,7.5000000000,7.5000000000,0.5000000,2,2,0.50665070000000000,0.506650700000,-0.018812684590367487,-0.018812684590367487,-0.018812684590367487,0E-17,ELIGIBLE,R03b_20260811_FULL_v1,L1_ELIGIBILITY,v2026-08-11,2026-03-21..2026-08-06,baccarat_bet02_101_all_pairs_incl_sentinel,round_win = game_pnl > 0 (decisive only),COMPATIBILITY_ONLY_NOT_PRODUCTION,3130.0000,2810.0000,168.0000,67,67,-0.05367412,-0.05367412,,-0.05367412,-168.0000,3130.0000,OK,0.0000,6.7200,4.0000,96.0000,AG03-UNRESOLVED,ALL5_LEVELS_bet23_to_bet27,6.7200,6.7200,7.5600,7.5600,7.5600,4.000000,4.000000,4.500000,4.500000,4.500000,96.000000,96.000000,95.500000,95.500000,95.500000,5.0,36.1200,33.1466,131.8800,134.8534,PENDING_AG03,FALSE,NOT_FOR_ENFORCEMENT,161.2800,2697.6000,168.0000,161.2800,6.7200,0.05367412,0.05152716,6.7200,161.2800,0.05152716,6.7200,6.7200,7.5600,7.5600,7.5600,161.2800,0.05152716,36.1200,33.1466,131.8800,134.8534,0.04213419,0.04308415,0.00214696,46.7164,41.9403,2.5075,168.0000,6.4615,3130.0000,67.0000,46.7164,,40.0,40.0,60.0,60.0,80.0,80.0,40.0,0.0,2.0,2.0,1.16791,21,21,1,2,1.00000000,0.05367412,0.05367412,0E-8,0.000000,0.897764,0.000000,,2026-07-12,2026-07-12,1,26,21,1,1.000000,,1.000000,3.333333,,,,,,,,GLOBAL_BASELINE_NO_ENTITY_RANKING,,,NOT_APPLICABLE_GLOBAL_BASELINE,HF9g-P5,,,,X 全窗基线 · 不参与实体赏罚,6872003,688,A168_HF9F_20260827_0900,2026-08-27 09:00:00
2026-07-12,100487647,2103,0,70.0000000000,-70.0000000000,-70.0000000000,0E-7,2,2,0.49994810000000000,0.499948100000,-1.4140667746232096,-1.4140667746232096,-1.4140667746232096,0E-17,ELIGIBLE,R03b_20260811_FULL_v1,L1_ELIGIBILITY,v2026-08-11,2026-03-21..2026-08-06,baccarat_bet02_101_all_pairs_incl_sentinel,round_win = game_pnl > 0 (decisive only),COMPATIBILITY_ONLY_NOT_PRODUCTION,3130.0000,2810.0000,168.0000,67,67,-0.05367412,-0.05367412,,-0.05367412,-168.0000,3130.0000,OK,0.0000,6.7200,4.0000,96.0000,AG03-UNRESOLVED,ALL5_LEVELS_bet23_to_bet27,6.7200,6.7200,7.5600,7.5600,7.5600,4.000000,4.000000,4.500000,4.500000,4.500000,96.000000,96.000000,95.500000,95.500000,95.500000,5.0,36.1200,33.1466,131.8800,134.8534,PENDING_AG03,FALSE,NOT_FOR_ENFORCEMENT,161.2800,2697.6000,168.0000,161.2800,6.7200,0.05367412,0.05152716,6.7200,161.2800,0.05152716,6.7200,6.7200,7.5600,7.5600,7.5600,161.2800,0.05152716,36.1200,33.1466,131.8800,134.8534,0.04213419,0.04308415,0.00214696,46.7164,41.9403,2.5075,168.0000,6.4615,3130.0000,67.0000,46.7164,,40.0,40.0,60.0,60.0,80.0,80.0,40.0,0.0,2.0,2.0,1.16791,21,21,1,2,1.00000000,0.05367412,0.05367412,0E-8,0.000000,0.897764,0.000000,,2026-07-12,2026-07-12,1,26,21,1,1.000000,,1.000000,3.333333,,,,,,,,GLOBAL_BASELINE_NO_ENTITY_RANKING,,,NOT_APPLICABLE_GLOBAL_BASELINE,HF9g-P5,,,,X 全窗基线 · 不参与实体赏罚,6872004,688,A168_HF9F_20260827_0900,2026-08-27 09:00:00
2026-07-12,100487647,2106,0,60.0000000000,-60.0000000000,-60.0000000000,0E-7,1,1,0.50665070000000000,0.506650700000,-1.013391052207602,-1.013391052207602,-1.013391052207602,0E-17,ELIGIBLE,R03b_20260811_FULL_v1,L1_ELIGIBILITY,v2026-08-11,2026-03-21..2026-08-06,baccarat_bet02_101_all_pairs_incl_sentinel,round_win = game_pnl > 0 (decisive only),COMPATIBILITY_ONLY_NOT_PRODUCTION,3130.0000,2810.0000,168.0000,67,67,-0.05367412,-0.05367412,,-0.05367412,-168.0000,3130.0000,OK,0.0000,6.7200,4.0000,96.0000,AG03-UNRESOLVED,ALL5_LEVELS_bet23_to_bet27,6.7200,6.7200,7.5600,7.5600,7.5600,4.000000,4.000000,4.500000,4.500000,4.500000,96.000000,96.000000,95.500000,95.500000,95.500000,5.0,36.1200,33.1466,131.8800,134.8534,PENDING_AG03,FALSE,NOT_FOR_ENFORCEMENT,161.2800,2697.6000,168.0000,161.2800,6.7200,0.05367412,0.05152716,6.7200,161.2800,0.05152716,6.7200,6.7200,7.5600,7.5600,7.5600,161.2800,0.05152716,36.1200,33.1466,131.8800,134.8534,0.04213419,0.04308415,0.00214696,46.7164,41.9403,2.5075,168.0000,6.4615,3130.0000,67.0000,46.7164,,40.0,40.0,60.0,60.0,80.0,80.0,40.0,0.0,2.0,2.0,1.16791,21,21,1,2,1.00000000,0.05367412,0.05367412,0E-8,0.000000,0.897764,0.000000,,2026-07-12,2026-07-12,1,26,21,1,1.000000,,1.000000,3.333333,,,,,,,,GLOBAL_BASELINE_NO_ENTITY_RANKING,,,NOT_APPLICABLE_GLOBAL_BASELINE,HF9g-P5,,,,X 全窗基线 · 不参与实体赏罚,6872005,688,A168_HF9F_20260827_0900,2026-08-27 09:00:00
2026-07-12,100487647,2134,0,80.0000000000,-30.0000000000,-30.0000000000,0E-7,2,2,0.49994810000000000,0.499948100000,-0.9998962053866608,-0.9998962053866608,-0.9998962053866608,0E-17,ELIGIBLE,R03b_20260811_FULL_v1,L1_ELIGIBILITY,v2026-08-11,2026-03-21..2026-08-06,baccarat_bet02_101_all_pairs_incl_sentinel,round_win = game_pnl > 0 (decisive only),COMPATIBILITY_ONLY_NOT_PRODUCTION,3130.0000,2810.0000,168.0000,67,67,-0.05367412,-0.05367412,,-0.05367412,-168.0000,3130.0000,OK,0.0000,6.7200,4.0000,96.0000,AG03-UNRESOLVED,ALL5_LEVELS_bet23_to_bet27,6.7200,6.7200,7.5600,7.5600,7.5600,4.000000,4.000000,4.500000,4.500000,4.500000,96.000000,96.000000,95.500000,95.500000,95.500000,5.0,36.1200,33.1466,131.8800,134.8534,PENDING_AG03,FALSE,NOT_FOR_ENFORCEMENT,161.2800,2697.6000,168.0000,161.2800,6.7200,0.05367412,0.05152716,6.7200,161.2800,0.05152716,6.7200,6.7200,7.5600,7.5600,7.5600,161.2800,0.05152716,36.1200,33.1466,131.8800,134.8534,0.04213419,0.04308415,0.00214696,46.7164,41.9403,2.5075,168.0000,6.4615,3130.0000,67.0000,46.7164,,40.0,40.0,60.0,60.0,80.0,80.0,40.0,0.0,2.0,2.0,1.16791,21,21,1,2,1.00000000,0.05367412,0.05367412,0E-8,0.000000,0.897764,0.000000,,2026-07-12,2026-07-12,1,26,21,1,1.000000,,1.000000,3.333333,,,,,,,,GLOBAL_BASELINE_NO_ENTITY_RANKING,,,NOT_APPLICABLE_GLOBAL_BASELINE,HF9g-P5,,,,X 全窗基线 · 不参与实体赏罚,6872006,688,A168_HF9F_20260827_0900,2026-08-27 09:00:00
2026-07-12,100487647,2156,0,120.0000000000,60.0000000000,60.0000000000,1.0000000,2,2,0.49994810000000000,0.499948100000,1.0001038053877793,1.0001038053877793,1.0001038053877793,0E-17,ELIGIBLE,R03b_20260811_FULL_v1,L1_ELIGIBILITY,v2026-08-11,2026-03-21..2026-08-06,baccarat_bet02_101_all_pairs_incl_sentinel,round_win = game_pnl > 0 (decisive only),COMPATIBILITY_ONLY_NOT_PRODUCTION,3130.0000,2810.0000,168.0000,67,67,-0.05367412,-0.05367412,,-0.05367412,-168.0000,3130.0000,OK,0.0000,6.7200,4.0000,96.0000,AG03-UNRESOLVED,ALL5_LEVELS_bet23_to_bet27,6.7200,6.7200,7.5600,7.5600,7.5600,4.000000,4.000000,4.500000,4.500000,4.500000,96.000000,96.000000,95.500000,95.500000,95.500000,5.0,36.1200,33.1466,131.8800,134.8534,PENDING_AG03,FALSE,NOT_FOR_ENFORCEMENT,161.2800,2697.6000,168.0000,161.2800,6.7200,0.05367412,0.05152716,6.7200,161.2800,0.05152716,6.7200,6.7200,7.5600,7.5600,7.5600,161.2800,0.05152716,36.1200,33.1466,131.8800,134.8534,0.04213419,0.04308415,0.00214696,46.7164,41.9403,2.5075,168.0000,6.4615,3130.0000,67.0000,46.7164,,40.0,40.0,60.0,60.0,80.0,80.0,40.0,0.0,2.0,2.0,1.16791,21,21,1,2,1.00000000,0.05367412,0.05367412,0E-8,0.000000,0.897764,0.000000,,2026-07-12,2026-07-12,1,26,21,1,1.000000,,1.000000,3.333333,,,,,,,,GLOBAL_BASELINE_NO_ENTITY_RANKING,,,NOT_APPLICABLE_GLOBAL_BASELINE,HF9g-P5,,,,X 全窗基线 · 不参与实体赏罚,6872007,688,A168_HF9F_20260827_0900,2026-08-27 09:00:00
2026-07-12,100487647,2174,0,290.0000000000,-92.5000000000,-92.5000000000,0.4000000,5,5,0.50128862000000000,0.501288620000,-0.4529779837142727,-0.4529779837142727,-0.4529779837142727,0E-17,ELIGIBLE,R03b_20260811_FULL_v1,L1_ELIGIBILITY,v2026-08-11,2026-03-21..2026-08-06,baccarat_bet02_101_all_pairs_incl_sentinel,round_win = game_pnl > 0 (decisive only),COMPATIBILITY_ONLY_NOT_PRODUCTION,3130.0000,2810.0000,168.0000,67,67,-0.05367412,-0.05367412,,-0.05367412,-168.0000,3130.0000,OK,0.0000,6.7200,4.0000,96.0000,AG03-UNRESOLVED,ALL5_LEVELS_bet23_to_bet27,6.7200,6.7200,7.5600,7.5600,7.5600,4.000000,4.000000,4.500000,4.500000,4.500000,96.000000,96.000000,95.500000,95.500000,95.500000,5.0,36.1200,33.1466,131.8800,134.8534,PENDING_AG03,FALSE,NOT_FOR_ENFORCEMENT,161.2800,2697.6000,168.0000,161.2800,6.7200,0.05367412,0.05152716,6.7200,161.2800,0.05152716,6.7200,6.7200,7.5600,7.5600,7.5600,161.2800,0.05152716,36.1200,33.1466,131.8800,134.8534,0.04213419,0.04308415,0.00214696,46.7164,41.9403,2.5075,168.0000,6.4615,3130.0000,67.0000,46.7164,,40.0,40.0,60.0,60.0,80.0,80.0,40.0,0.0,2.0,2.0,1.16791,21,21,1,2,1.00000000,0.05367412,0.05367412,0E-8,0.000000,0.897764,0.000000,,2026-07-12,2026-07-12,1,26,21,1,1.000000,,1.000000,3.333333,,,,,,,,GLOBAL_BASELINE_NO_ENTITY_RANKING,,,NOT_APPLICABLE_GLOBAL_BASELINE,HF9g-P5,,,,X 全窗基线 · 不参与实体赏罚,6872008,688,A168_HF9F_20260827_0900,2026-08-27 09:00:00
2026-07-12,100487647,2188,0,150.0000000000,85.5000000000,85.5000000000,0.7500000,4,4,0.49994810000000000,0.499948100000,1.0002076053883384,1.0002076053883384,1.0002076053883384,0E-17,ELIGIBLE,R03b_20260811_FULL_v1,L1_ELIGIBILITY,v2026-08-11,2026-03-21..2026-08-06,baccarat_bet02_101_all_pairs_incl_sentinel,round_win = game_pnl > 0 (decisive only),COMPATIBILITY_ONLY_NOT_PRODUCTION,3130.0000,2810.0000,168.0000,67,67,-0.05367412,-0.05367412,,-0.05367412,-168.0000,3130.0000,OK,0.0000,6.7200,4.0000,96.0000,AG03-UNRESOLVED,ALL5_LEVELS_bet23_to_bet27,6.7200,6.7200,7.5600,7.5600,7.5600,4.000000,4.000000,4.500000,4.500000,4.500000,96.000000,96.000000,95.500000,95.500000,95.500000,5.0,36.1200,33.1466,131.8800,134.8534,PENDING_AG03,FALSE,NOT_FOR_ENFORCEMENT,161.2800,2697.6000,168.0000,161.2800,6.7200,0.05367412,0.05152716,6.7200,161.2800,0.05152716,6.7200,6.7200,7.5600,7.5600,7.5600,161.2800,0.05152716,36.1200,33.1466,131.8800,134.8534,0.04213419,0.04308415,0.00214696,46.7164,41.9403,2.5075,168.0000,6.4615,3130.0000,67.0000,46.7164,,40.0,40.0,60.0,60.0,80.0,80.0,40.0,0.0,2.0,2.0,1.16791,21,21,1,2,1.00000000,0.05367412,0.05367412,0E-8,0.000000,0.897764,0.000000,,2026-07-12,2026-07-12,1,26,21,1,1.000000,,1.000000,3.333333,,,,,,,,GLOBAL_BASELINE_NO_ENTITY_RANKING,,,NOT_APPLICABLE_GLOBAL_BASELINE,HF9g-P5,,,,X 全窗基线 · 不参与实体赏罚,6872009,688,A168_HF9F_20260827_0900,2026-08-27 09:00:00
2026-07-12,100487647,2252,0,100.0000000000,-100.0000000000,-100.0000000000,0E-7,2,2,0.49994810000000000,0.499948100000,-1.4140667746232096,-1.4140667746232096,-1.4140667746232096,0E-17,ELIGIBLE,R03b_20260811_FULL_v1,L1_ELIGIBILITY,v2026-08-11,2026-03-21..2026-08-06,baccarat_bet02_101_all_pairs_incl_sentinel,round_win = game_pnl > 0 (decisive only),COMPATIBILITY_ONLY_NOT_PRODUCTION,3130.0000,2810.0000,168.0000,67,67,-0.05367412,-0.05367412,,-0.05367412,-168.0000,3130.0000,OK,0.0000,6.7200,4.0000,96.0000,AG03-UNRESOLVED,ALL5_LEVELS_bet23_to_bet27,6.7200,6.7200,7.5600,7.5600,7.5600,4.000000,4.000000,4.500000,4.500000,4.500000,96.000000,96.000000,95.500000,95.500000,95.500000,5.0,36.1200,33.1466,131.8800,134.8534,PENDING_AG03,FALSE,NOT_FOR_ENFORCEMENT,161.2800,2697.6000,168.0000,161.2800,6.7200,0.05367412,0.05152716,6.7200,161.2800,0.05152716,6.7200,6.7200,7.5600,7.5600,7.5600,161.2800,0.05152716,36.1200,33.1466,131.8800,134.8534,0.04213419,0.04308415,0.00214696,46.7164,41.9403,2.5075,168.0000,6.4615,3130.0000,67.0000,46.7164,,40.0,40.0,60.0,60.0,80.0,80.0,40.0,0.0,2.0,2.0,1.16791,21,21,1,2,1.00000000,0.05367412,0.05367412,0E-8,0.000000,0.897764,0.000000,,2026-07-12,2026-07-12,1,26,21,1,1.000000,,1.000000,3.333333,,,,,,,,GLOBAL_BASELINE_NO_ENTITY_RANKING,,,NOT_APPLICABLE_GLOBAL_BASELINE,HF9g-P5,,,,X 全窗基线 · 不参与实体赏罚,6872010,688,A168_HF9F_20260827_0900,2026-08-27 09:00:00
2026-07-12,100487647,2261,0,200.0000000000,40.0000000000,40.0000000000,0.6666667,3,3,0.49324550000000000,0.493245500000,0.6008033672792107,0.6008033672792106,0.6008033672792107,0E-17,ELIGIBLE,R03b_20260811_FULL_v1,L1_ELIGIBILITY,v2026-08-11,2026-03-21..2026-08-06,baccarat_bet02_101_all_pairs_incl_sentinel,round_win = game_pnl > 0 (decisive only),COMPATIBILITY_ONLY_NOT_PRODUCTION,3130.0000,2810.0000,168.0000,67,67,-0.05367412,-0.05367412,,-0.05367412,-168.0000,3130.0000,OK,0.0000,6.7200,4.0000,96.0000,AG03-UNRESOLVED,ALL5_LEVELS_bet23_to_bet27,6.7200,6.7200,7.5600,7.5600,7.5600,4.000000,4.000000,4.500000,4.500000,4.500000,96.000000,96.000000,95.500000,95.500000,95.500000,5.0,36.1200,33.1466,131.8800,134.8534,PENDING_AG03,FALSE,NOT_FOR_ENFORCEMENT,161.2800,2697.6000,168.0000,161.2800,6.7200,0.05367412,0.05152716,6.7200,161.2800,0.05152716,6.7200,6.7200,7.5600,7.5600,7.5600,161.2800,0.05152716,36.1200,33.1466,131.8800,134.8534,0.04213419,0.04308415,0.00214696,46.7164,41.9403,2.5075,168.0000,6.4615,3130.0000,67.0000,46.7164,,40.0,40.0,60.0,60.0,80.0,80.0,40.0,0.0,2.0,2.0,1.16791,21,21,1,2,1.00000000,0.05367412,0.05367412,0E-8,0.000000,0.897764,0.000000,,2026-07-12,2026-07-12,1,26,21,1,1.000000,,1.000000,3.333333,,,,,,,,GLOBAL_BASELINE_NO_ENTITY_RANKING,,,NOT_APPLICABLE_GLOBAL_BASELINE,HF9g-P5,,,,X 全窗基线 · 不参与实体赏罚,6872011,688,A168_HF9F_20260827_0900,2026-08-27 09:00:00
2026-07-12,100487647,2281,0,110.0000000000,-70.0000000000,-70.0000000000,0E-7,3,3,0.50665070000000000,0.506650700000,-1.4331513700195317,-1.4331513700195317,-1.4331513700195317,0E-17,ELIGIBLE,R03b_20260811_FULL_v1,L1_ELIGIBILITY,v2026-08-11,2026-03-21..2026-08-06,baccarat_bet02_101_all_pairs_incl_sentinel,round_win = game_pnl > 0 (decisive only),COMPATIBILITY_ONLY_NOT_PRODUCTION,3130.0000,2810.0000,168.0000,67,67,-0.05367412,-0.05367412,,-0.05367412,-168.0000,3130.0000,OK,0.0000,6.7200,4.0000,96.0000,AG03-UNRESOLVED,ALL5_LEVELS_bet23_to_bet27,6.7200,6.7200,7.5600,7.5600,7.5600,4.000000,4.000000,4.500000,4.500000,4.500000,96.000000,96.000000,95.500000,95.500000,95.500000,5.0,36.1200,33.1466,131.8800,134.8534,PENDING_AG03,FALSE,NOT_FOR_ENFORCEMENT,161.2800,2697.6000,168.0000,161.2800,6.7200,0.05367412,0.05152716,6.7200,161.2800,0.05152716,6.7200,6.7200,7.5600,7.5600,7.5600,161.2800,0.05152716,36.1200,33.1466,131.8800,134.8534,0.04213419,0.04308415,0.00214696,46.7164,41.9403,2.5075,168.0000,6.4615,3130.0000,67.0000,46.7164,,40.0,40.0,60.0,60.0,80.0,80.0,40.0,0.0,2.0,2.0,1.16791,21,21,1,2,1.00000000,0.05367412,0.05367412,0E-8,0.000000,0.897764,0.000000,,2026-07-12,2026-07-12,1,26,21,1,1.000000,,1.000000,3.333333,,,,,,,,GLOBAL_BASELINE_NO_ENTITY_RANKING,,,NOT_APPLICABLE_GLOBAL_BASELINE,HF9g-P5,,,,X 全窗基线 · 不参与实体赏罚,6872012,688,A168_HF9F_20260827_0900,2026-08-27 09:00:00
2026-07-12,100487647,925,0,230.0000000000,-171.5000000000,-171.5000000000,0.2000000,5,5,0.50396966000000000,0.503969660000,-1.3594364909357963,-1.3594364909357963,-1.3594364909357963,0E-17,ELIGIBLE,R03b_20260811_FULL_v1,L1_ELIGIBILITY,v2026-08-11,2026-03-21..2026-08-06,baccarat_bet02_101_all_pairs_incl_sentinel,round_win = game_pnl > 0 (decisive only),COMPATIBILITY_ONLY_NOT_PRODUCTION,3130.0000,2810.0000,168.0000,67,67,-0.05367412,-0.05367412,,-0.05367412,-168.0000,3130.0000,OK,0.0000,6.7200,4.0000,96.0000,AG03-UNRESOLVED,ALL5_LEVELS_bet23_to_bet27,6.7200,6.7200,7.5600,7.5600,7.5600,4.000000,4.000000,4.500000,4.500000,4.500000,96.000000,96.000000,95.500000,95.500000,95.500000,5.0,36.1200,33.1466,131.8800,134.8534,PENDING_AG03,FALSE,NOT_FOR_ENFORCEMENT,161.2800,2697.6000,168.0000,161.2800,6.7200,0.05367412,0.05152716,6.7200,161.2800,0.05152716,6.7200,6.7200,7.5600,7.5600,7.5600,161.2800,0.05152716,36.1200,33.1466,131.8800,134.8534,0.04213419,0.04308415,0.00214696,46.7164,41.9403,2.5075,168.0000,6.4615,3130.0000,67.0000,46.7164,,40.0,40.0,60.0,60.0,80.0,80.0,40.0,0.0,2.0,2.0,1.16791,21,21,1,2,1.00000000,0.05367412,0.05367412,0E-8,0.000000,0.897764,0.000000,,2026-07-12,2026-07-12,1,26,21,1,1.000000,,1.000000,3.333333,,,,,,,,GLOBAL_BASELINE_NO_ENTITY_RANKING,,,NOT_APPLICABLE_GLOBAL_BASELINE,HF9g-P5,,,,X 全窗基线 · 不参与实体赏罚,6872013,688,A168_HF9F_20260827_0900,2026-08-27 09:00:00
2026-06-04,145850858,1710,0,1350.0000000000,450.0000000000,450.0000000000,0.5833333,12,12,0.49994810000000000,0.499948100000,0.577709846049527,0.577709846049527,0.577709846049527,0E-17,ELIGIBLE,R03b_20260811_FULL_v1,L1_ELIGIBILITY,v2026-08-11,2026-03-21..2026-08-06,baccarat_bet02_101_all_pairs_incl_sentinel,round_win = game_pnl > 0 (decisive only),COMPATIBILITY_ONLY_NOT_PRODUCTION,3068.0000,2768.0000,168.0000,33,31,-0.05475880,,-0.05475880,-0.05475880,-168.0000,3068.0000,OK,0.0000,6.7200,4.0000,96.0000,AG03-UNRESOLVED,ALL5_LEVELS_bet23_to_bet27,6.7200,6.7200,7.5600,7.5600,7.5600,4.000000,4.000000,4.500000,4.500000,4.500000,96.000000,96.000000,95.500000,95.500000,95.500000,5.0,36.1200,33.1466,131.8800,134.8534,PENDING_AG03,FALSE,NOT_FOR_ENFORCEMENT,161.2800,2657.2800,168.0000,161.2800,6.7200,0.05475880,0.05256845,6.7200,161.2800,0.05256845,6.7200,6.7200,7.5600,7.5600,7.5600,161.2800,0.05256845,36.1200,33.1466,131.8800,134.8534,0.04298566,0.04395482,0.00219035,92.9697,89.2903,5.4194,56.0000,16.8000,1022.6667,10.3333,,92.9697,50.0,100.0,112.5,150.0,192.5,250.0,94.0,-50.0,1.925,2.5,0.929697,8,11,3,4,0E-8,0.05475880,,0E-8,0.000000,0.902216,0.939394,,2026-06-04,2026-06-22,3,10,8,19,0.157895,,,0.000000,,,,,,,,GLOBAL_BASELINE_NO_ENTITY_RANKING,,,NOT_APPLICABLE_GLOBAL_BASELINE,HF9g-P5,,,,X 全窗基线 · 不参与实体赏罚,6872014,688,A168_HF9F_20260827_0900,2026-08-27 09:00:00
2026-06-04,145850858,1942,0,550.0000000000,250.0000000000,250.0000000000,0.6666667,6,6,0.50441650000000000,0.504416500000,0.7948912480929629,0.7948912480929629,0.7948912480929629,0E-17,ELIGIBLE,R03b_20260811_FULL_v1,L1_ELIGIBILITY,v2026-08-11,2026-03-21..2026-08-06,baccarat_bet02_101_all_pairs_incl_sentinel,round_win = game_pnl > 0 (decisive only),COMPATIBILITY_ONLY_NOT_PRODUCTION,3068.0000,2768.0000,168.0000,33,31,-0.05475880,,-0.05475880,-0.05475880,-168.0000,3068.0000,OK,0.0000,6.7200,4.0000,96.0000,AG03-UNRESOLVED,ALL5_LEVELS_bet23_to_bet27,6.7200,6.7200,7.5600,7.5600,7.5600,4.000000,4.000000,4.500000,4.500000,4.500000,96.000000,96.000000,95.500000,95.500000,95.500000,5.0,36.1200,33.1466,131.8800,134.8534,PENDING_AG03,FALSE,NOT_FOR_ENFORCEMENT,161.2800,2657.2800,168.0000,161.2800,6.7200,0.05475880,0.05256845,6.7200,161.2800,0.05256845,6.7200,6.7200,7.5600,7.5600,7.5600,161.2800,0.05256845,36.1200,33.1466,131.8800,134.8534,0.04298566,0.04395482,0.00219035,92.9697,89.2903,5.4194,56.0000,16.8000,1022.6667,10.3333,,92.9697,50.0,100.0,112.5,150.0,192.5,250.0,94.0,-50.0,1.925,2.5,0.929697,8,11,3,4,0E-8,0.05475880,,0E-8,0.000000,0.902216,0.939394,,2026-06-04,2026-06-22,3,10,8,19,0.157895,,,0.000000,,,,,,,,GLOBAL_BASELINE_NO_ENTITY_RANKING,,,NOT_APPLICABLE_GLOBAL_BASELINE,HF9g-P5,,,,X 全窗基线 · 不参与实体赏罚,6872015,688,A168_HF9F_20260827_0900,2026-08-27 09:00:00
2026-06-05,145850858,1157,0,160.0000000000,-160.0000000000,-160.0000000000,0E-7,4,2,0.44096052727272728,0.352270000000,-1.2560115080401493,-1.0429315880617451,-1.2560115080401493,0.08869052727272728,ELIGIBLE,R03b_20260811_FULL_v1,L1_ELIGIBILITY,v2026-08-11,2026-03-21..2026-08-06,baccarat_bet02_101_all_pairs_incl_sentinel,round_win = game_pnl > 0 (decisive only),COMPATIBILITY_ONLY_NOT_PRODUCTION,3068.0000,2768.0000,168.0000,33,31,-0.05475880,,-0.05475880,-0.05475880,-168.0000,3068.0000,OK,0.0000,6.7200,4.0000,96.0000,AG03-UNRESOLVED,ALL5_LEVELS_bet23_to_bet27,6.7200,6.7200,7.5600,7.5600,7.5600,4.000000,4.000000,4.500000,4.500000,4.500000,96.000000,96.000000,95.500000,95.500000,95.500000,5.0,36.1200,33.1466,131.8800,134.8534,PENDING_AG03,FALSE,NOT_FOR_ENFORCEMENT,161.2800,2657.2800,168.0000,161.2800,6.7200,0.05475880,0.05256845,6.7200,161.2800,0.05256845,6.7200,6.7200,7.5600,7.5600,7.5600,161.2800,0.05256845,36.1200,33.1466,131.8800,134.8534,0.04298566,0.04395482,0.00219035,92.9697,89.2903,5.4194,56.0000,16.8000,1022.6667,10.3333,,92.9697,50.0,100.0,112.5,150.0,192.5,250.0,94.0,-50.0,1.925,2.5,0.929697,8,11,3,4,0E-8,0.05475880,,0E-8,0.000000,0.902216,0.939394,,2026-06-04,2026-06-22,3,10,8,19,0.157895,,,0.000000,,,,,,,,GLOBAL_BASELINE_NO_ENTITY_RANKING,,,NOT_APPLICABLE_GLOBAL_BASELINE,HF9g-P5,,,,X 全窗基线 · 不参与实体赏罚,6872016,688,A168_HF9F_20260827_0900,2026-08-27 09:00:00
2026-06-05,145850858,1210,0,94.0000000000,-94.0000000000,-94.0000000000,0E-7,1,1,0.50665070000000000,0.506650700000,-1.013391052207602,-1.013391052207602,-1.013391052207602,0E-17,ELIGIBLE,R03b_20260811_FULL_v1,L1_ELIGIBILITY,v2026-08-11,2026-03-21..2026-08-06,baccarat_bet02_101_all_pairs_incl_sentinel,round_win = game_pnl > 0 (decisive only),COMPATIBILITY_ONLY_NOT_PRODUCTION,3068.0000,2768.0000,168.0000,33,31,-0.05475880,,-0.05475880,-0.05475880,-168.0000,3068.0000,OK,0.0000,6.7200,4.0000,96.0000,AG03-UNRESOLVED,ALL5_LEVELS_bet23_to_bet27,6.7200,6.7200,7.5600,7.5600,7.5600,4.000000,4.000000,4.500000,4.500000,4.500000,96.000000,96.000000,95.500000,95.500000,95.500000,5.0,36.1200,33.1466,131.8800,134.8534,PENDING_AG03,FALSE,NOT_FOR_ENFORCEMENT,161.2800,2657.2800,168.0000,161.2800,6.7200,0.05475880,0.05256845,6.7200,161.2800,0.05256845,6.7200,6.7200,7.5600,7.5600,7.5600,161.2800,0.05256845,36.1200,33.1466,131.8800,134.8534,0.04298566,0.04395482,0.00219035,92.9697,89.2903,5.4194,56.0000,16.8000,1022.6667,10.3333,,92.9697,50.0,100.0,112.5,150.0,192.5,250.0,94.0,-50.0,1.925,2.5,0.929697,8,11,3,4,0E-8,0.05475880,,0E-8,0.000000,0.902216,0.939394,,2026-06-04,2026-06-22,3,10,8,19,0.157895,,,0.000000,,,,,,,,GLOBAL_BASELINE_NO_ENTITY_RANKING,,,NOT_APPLICABLE_GLOBAL_BASELINE,HF9g-P5,,,,X 全窗基线 · 不参与实体赏罚,6872017,688,A168_HF9F_20260827_0900,2026-08-27 09:00:00
2026-06-05,145850858,1507,0,200.0000000000,0E-10,0E-10,,1,1,0.50665070000000000,0.506650700000,,,,0E-17,NO_DECISIVE_ROUND,R03b_20260811_FULL_v1,L1_ELIGIBILITY,v2026-08-11,2026-03-21..2026-08-06,baccarat_bet02_101_all_pairs_incl_sentinel,round_win = game_pnl > 0 (decisive only),COMPATIBILITY_ONLY_NOT_PRODUCTION,3068.0000,2768.0000,168.0000,33,31,-0.05475880,,-0.05475880,-0.05475880,-168.0000,3068.0000,OK,0.0000,6.7200,4.0000,96.0000,AG03-UNRESOLVED,ALL5_LEVELS_bet23_to_bet27,6.7200,6.7200,7.5600,7.5600,7.5600,4.000000,4.000000,4.500000,4.500000,4.500000,96.000000,96.000000,95.500000,95.500000,95.500000,5.0,36.1200,33.1466,131.8800,134.8534,PENDING_AG03,FALSE,NOT_FOR_ENFORCEMENT,161.2800,2657.2800,168.0000,161.2800,6.7200,0.05475880,0.05256845,6.7200,161.2800,0.05256845,6.7200,6.7200,7.5600,7.5600,7.5600,161.2800,0.05256845,36.1200,33.1466,131.8800,134.8534,0.04298566,0.04395482,0.00219035,92.9697,89.2903,5.4194,56.0000,16.8000,1022.6667,10.3333,,92.9697,50.0,100.0,112.5,150.0,192.5,250.0,94.0,-50.0,1.925,2.5,0.929697,8,11,3,4,0E-8,0.05475880,,0E-8,0.000000,0.902216,0.939394,,2026-06-04,2026-06-22,3,10,8,19,0.157895,,,0.000000,,,,,,,,GLOBAL_BASELINE_NO_ENTITY_RANKING,,,NOT_APPLICABLE_GLOBAL_BASELINE,HF9g-P5,,,,X 全窗基线 · 不参与实体赏罚,6872018,688,A168_HF9F_20260827_0900,2026-08-27 09:00:00
2026-06-05,145850858,2092,0,200.0000000000,-100.0000000000,-100.0000000000,0E-7,3,3,0.49771390000000000,0.497713900000,-1.4077622098436522,-1.4077622098436524,-1.4077622098436522,0E-17,ELIGIBLE,R03b_20260811_FULL_v1,L1_ELIGIBILITY,v2026-08-11,2026-03-21..2026-08-06,baccarat_bet02_101_all_pairs_incl_sentinel,round_win = game_pnl > 0 (decisive only),COMPATIBILITY_ONLY_NOT_PRODUCTION,3068.0000,2768.0000,168.0000,33,31,-0.05475880,,-0.05475880,-0.05475880,-168.0000,3068.0000,OK,0.0000,6.7200,4.0000,96.0000,AG03-UNRESOLVED,ALL5_LEVELS_bet23_to_bet27,6.7200,6.7200,7.5600,7.5600,7.5600,4.000000,4.000000,4.500000,4.500000,4.500000,96.000000,96.000000,95.500000,95.500000,95.500000,5.0,36.1200,33.1466,131.8800,134.8534,PENDING_AG03,FALSE,NOT_FOR_ENFORCEMENT,161.2800,2657.2800,168.0000,161.2800,6.7200,0.05475880,0.05256845,6.7200,161.2800,0.05256845,6.7200,6.7200,7.5600,7.5600,7.5600,161.2800,0.05256845,36.1200,33.1466,131.8800,134.8534,0.04298566,0.04395482,0.00219035,92.9697,89.2903,5.4194,56.0000,16.8000,1022.6667,10.3333,,92.9697,50.0,100.0,112.5,150.0,192.5,250.0,94.0,-50.0,1.925,2.5,0.929697,8,11,3,4,0E-8,0.05475880,,0E-8,0.000000,0.902216,0.939394,,2026-06-04,2026-06-22,3,10,8,19,0.157895,,,0.000000,,,,,,,,GLOBAL_BASELINE_NO_ENTITY_RANKING,,,NOT_APPLICABLE_GLOBAL_BASELINE,HF9g-P5,,,,X 全窗基线 · 不参与实体赏罚,6872019,688,A168_HF9F_20260827_0900,2026-08-27 09:00:00
2026-06-05,145850858,2174,0,250.0000000000,-250.0000000000,-250.0000000000,0E-7,2,2,0.49994810000000000,0.499948100000,-1.4140667746232096,-1.4140667746232096,-1.4140667746232096,0E-17,ELIGIBLE,R03b_20260811_FULL_v1,L1_ELIGIBILITY,v2026-08-11,2026-03-21..2026-08-06,baccarat_bet02_101_all_pairs_incl_sentinel,round_win = game_pnl > 0 (decisive only),COMPATIBILITY_ONLY_NOT_PRODUCTION,3068.0000,2768.0000,168.0000,33,31,-0.05475880,,-0.05475880,-0.05475880,-168.0000,3068.0000,OK,0.0000,6.7200,4.0000,96.0000,AG03-UNRESOLVED,ALL5_LEVELS_bet23_to_bet27,6.7200,6.7200,7.5600,7.5600,7.5600,4.000000,4.000000,4.500000,4.500000,4.500000,96.000000,96.000000,95.500000,95.500000,95.500000,5.0,36.1200,33.1466,131.8800,134.8534,PENDING_AG03,FALSE,NOT_FOR_ENFORCEMENT,161.2800,2657.2800,168.0000,161.2800,6.7200,0.05475880,0.05256845,6.7200,161.2800,0.05256845,6.7200,6.7200,7.5600,7.5600,7.5600,161.2800,0.05256845,36.1200,33.1466,131.8800,134.8534,0.04298566,0.04395482,0.00219035,92.9697,89.2903,5.4194,56.0000,16.8000,1022.6667,10.3333,,92.9697,50.0,100.0,112.5,150.0,192.5,250.0,94.0,-50.0,1.925,2.5,0.929697,8,11,3,4,0E-8,0.05475880,,0E-8,0.000000,0.902216,0.939394,,2026-06-04,2026-06-22,3,10,8,19,0.157895,,,0.000000,,,,,,,,GLOBAL_BASELINE_NO_ENTITY_RANKING,,,NOT_APPLICABLE_GLOBAL_BASELINE,HF9g-P5,,,,X 全窗基线 · 不参与实体赏罚,6872020,688,A168_HF9F_20260827_0900,2026-08-27 09:00:00
2026-06-05,145850858,2266,0,100.0000000000,-100.0000000000,-100.0000000000,0E-7,1,1,0.49324550000000000,0.493245500000,-0.9865810262130424,-0.9865810262130424,-0.9865810262130424,0E-17,ELIGIBLE,R03b_20260811_FULL_v1,L1_ELIGIBILITY,v2026-08-11,2026-03-21..2026-08-06,baccarat_bet02_101_all_pairs_incl_sentinel,round_win = game_pnl > 0 (decisive only),COMPATIBILITY_ONLY_NOT_PRODUCTION,3068.0000,2768.0000,168.0000,33,31,-0.05475880,,-0.05475880,-0.05475880,-168.0000,3068.0000,OK,0.0000,6.7200,4.0000,96.0000,AG03-UNRESOLVED,ALL5_LEVELS_bet23_to_bet27,6.7200,6.7200,7.5600,7.5600,7.5600,4.000000,4.000000,4.500000,4.500000,4.500000,96.000000,96.000000,95.500000,95.500000,95.500000,5.0,36.1200,33.1466,131.8800,134.8534,PENDING_AG03,FALSE,NOT_FOR_ENFORCEMENT,161.2800,2657.2800,168.0000,161.2800,6.7200,0.05475880,0.05256845,6.7200,161.2800,0.05256845,6.7200,6.7200,7.5600,7.5600,7.5600,161.2800,0.05256845,36.1200,33.1466,131.8800,134.8534,0.04298566,0.04395482,0.00219035,92.9697,89.2903,5.4194,56.0000,16.8000,1022.6667,10.3333,,92.9697,50.0,100.0,112.5,150.0,192.5,250.0,94.0,-50.0,1.925,2.5,0.929697,8,11,3,4,0E-8,0.05475880,,0E-8,0.000000,0.902216,0.939394,,2026-06-04,2026-06-22,3,10,8,19,0.157895,,,0.000000,,,,,,,,GLOBAL_BASELINE_NO_ENTITY_RANKING,,,NOT_APPLICABLE_GLOBAL_BASELINE,HF9g-P5,,,,X 全窗基线 · 不参与实体赏罚,6872021,688,A168_HF9F_20260827_0900,2026-08-27 09:00:00
2026-06-05,145850858,2278,0,100.0000000000,-100.0000000000,-100.0000000000,0E-7,1,1,0.50665070000000000,0.506650700000,-1.013391052207602,-1.013391052207602,-1.013391052207602,0E-17,ELIGIBLE,R03b_20260811_FULL_v1,L1_ELIGIBILITY,v2026-08-11,2026-03-21..2026-08-06,baccarat_bet02_101_all_pairs_incl_sentinel,round_win = game_pnl > 0 (decisive only),COMPATIBILITY_ONLY_NOT_PRODUCTION,3068.0000,2768.0000,168.0000,33,31,-0.05475880,,-0.05475880,-0.05475880,-168.0000,3068.0000,OK,0.0000,6.7200,4.0000,96.0000,AG03-UNRESOLVED,ALL5_LEVELS_bet23_to_bet27,6.7200,6.7200,7.5600,7.5600,7.5600,4.000000,4.000000,4.500000,4.500000,4.500000,96.000000,96.000000,95.500000,95.500000,95.500000,5.0,36.1200,33.1466,131.8800,134.8534,PENDING_AG03,FALSE,NOT_FOR_ENFORCEMENT,161.2800,2657.2800,168.0000,161.2800,6.7200,0.05475880,0.05256845,6.7200,161.2800,0.05256845,6.7200,6.7200,7.5600,7.5600,7.5600,161.2800,0.05256845,36.1200,33.1466,131.8800,134.8534,0.04298566,0.04395482,0.00219035,92.9697,89.2903,5.4194,56.0000,16.8000,1022.6667,10.3333,,92.9697,50.0,100.0,112.5,150.0,192.5,250.0,94.0,-50.0,1.925,2.5,0.929697,8,11,3,4,0E-8,0.05475880,,0E-8,0.000000,0.902216,0.939394,,2026-06-04,2026-06-22,3,10,8,19,0.157895,,,0.000000,,,,,,,,GLOBAL_BASELINE_NO_ENTITY_RANKING,,,NOT_APPLICABLE_GLOBAL_BASELINE,HF9g-P5,,,,X 全窗基线 · 不参与实体赏罚,6872022,688,A168_HF9F_20260827_0900,2026-08-27 09:00:00
2026-06-05,145850858,986,0,50.0000000000,-50.0000000000,-50.0000000000,0E-7,1,1,0.49324550000000000,0.493245500000,-0.9865810262130424,-0.9865810262130424,-0.9865810262130424,0E-17,ELIGIBLE,R03b_20260811_FULL_v1,L1_ELIGIBILITY,v2026-08-11,2026-03-21..2026-08-06,baccarat_bet02_101_all_pairs_incl_sentinel,round_win = game_pnl > 0 (decisive only),COMPATIBILITY_ONLY_NOT_PRODUCTION,3068.0000,2768.0000,168.0000,33,31,-0.05475880,,-0.05475880,-0.05475880,-168.0000,3068.0000,OK,0.0000,6.7200,4.0000,96.0000,AG03-UNRESOLVED,ALL5_LEVELS_bet23_to_bet27,6.7200,6.7200,7.5600,7.5600,7.5600,4.000000,4.000000,4.500000,4.500000,4.500000,96.000000,96.000000,95.500000,95.500000,95.500000,5.0,36.1200,33.1466,131.8800,134.8534,PENDING_AG03,FALSE,NOT_FOR_ENFORCEMENT,161.2800,2657.2800,168.0000,161.2800,6.7200,0.05475880,0.05256845,6.7200,161.2800,0.05256845,6.7200,6.7200,7.5600,7.5600,7.5600,161.2800,0.05256845,36.1200,33.1466,131.8800,134.8534,0.04298566,0.04395482,0.00219035,92.9697,89.2903,5.4194,56.0000,16.8000,1022.6667,10.3333,,92.9697,50.0,100.0,112.5,150.0,192.5,250.0,94.0,-50.0,1.925,2.5,0.929697,8,11,3,4,0E-8,0.05475880,,0E-8,0.000000,0.902216,0.939394,,2026-06-04,2026-06-22,3,10,8,19,0.157895,,,0.000000,,,,,,,,GLOBAL_BASELINE_NO_ENTITY_RANKING,,,NOT_APPLICABLE_GLOBAL_BASELINE,HF9g-P5,,,,X 全窗基线 · 不参与实体赏罚,6872023,688,A168_HF9F_20260827_0900,2026-08-27 09:00:00
2026-06-22,145850858,1221,0,14.0000000000,-14.0000000000,-14.0000000000,0E-7,1,1,0.50665070000000000,0.506650700000,-1.013391052207602,-1.013391052207602,-1.013391052207602,0E-17,ELIGIBLE,R03b_20260811_FULL_v1,L1_ELIGIBILITY,v2026-08-11,2026-03-21..2026-08-06,baccarat_bet02_101_all_pairs_incl_sentinel,round_win = game_pnl > 0 (decisive only),COMPATIBILITY_ONLY_NOT_PRODUCTION,3068.0000,2768.0000,168.0000,33,31,-0.05475880,,-0.05475880,-0.05475880,-168.0000,3068.0000,OK,0.0000,6.7200,4.0000,96.0000,AG03-UNRESOLVED,ALL5_LEVELS_bet23_to_bet27,6.7200,6.7200,7.5600,7.5600,7.5600,4.000000,4.000000,4.500000,4.500000,4.500000,96.000000,96.000000,95.500000,95.500000,95.500000,5.0,36.1200,33.1466,131.8800,134.8534,PENDING_AG03,FALSE,NOT_FOR_ENFORCEMENT,161.2800,2657.2800,168.0000,161.2800,6.7200,0.05475880,0.05256845,6.7200,161.2800,0.05256845,6.7200,6.7200,7.5600,7.5600,7.5600,161.2800,0.05256845,36.1200,33.1466,131.8800,134.8534,0.04298566,0.04395482,0.00219035,92.9697,89.2903,5.4194,56.0000,16.8000,1022.6667,10.3333,,92.9697,50.0,100.0,112.5,150.0,192.5,250.0,94.0,-50.0,1.925,2.5,0.929697,8,11,3,4,0E-8,0.05475880,,0E-8,0.000000,0.902216,0.939394,,2026-06-04,2026-06-22,3,10,8,19,0.157895,,,0.000000,,,,,,,,GLOBAL_BASELINE_NO_ENTITY_RANKING,,,NOT_APPLICABLE_GLOBAL_BASELINE,HF9g-P5,,,,X 全窗基线 · 不参与实体赏罚,6872024,688,A168_HF9F_20260827_0900,2026-08-27 09:00:00
2026-03-23,125068900,1291,0,30.0000000000,-30.0000000000,-30.0000000000,0E-7,1,1,0.50665070000000000,0.506650700000,-1.013391052207602,-1.013391052207602,-1.013391052207602,0E-17,ELIGIBLE,R03b_20260811_FULL_v1,L1_ELIGIBILITY,v2026-08-11,2026-03-21..2026-08-06,baccarat_bet02_101_all_pairs_incl_sentinel,round_win = game_pnl > 0 (decisive only),COMPATIBILITY_ONLY_NOT_PRODUCTION,1717.0000,1530.0000,168.0000,105,104,-0.09784508,-0.72988506,-0.02657161,-0.09784508,-168.0000,1717.0000,OK,0.0000,6.7200,4.0000,96.0000,AG03-UNRESOLVED,ALL5_LEVELS_bet23_to_bet27,6.7200,6.7200,6.7200,6.7200,6.7200,4.000000,4.000000,4.000000,4.000000,4.000000,96.000000,96.000000,96.000000,96.000000,96.000000,5.0,33.6000,31.0174,134.4000,136.9826,PENDING_AG03,FALSE,NOT_FOR_ENFORCEMENT,161.2800,1468.8000,168.0000,161.2800,6.7200,0.09784508,0.09393128,6.7200,161.2800,0.09393128,6.7200,6.7200,6.7200,6.7200,6.7200,161.2800,0.09393128,33.6000,31.0174,134.4000,136.9826,0.07827606,0.07978021,0.00391380,16.3524,14.7115,1.6154,8.4000,3.7333,85.8500,5.2000,29.0000,15.5859,10.0,10.0,20.0,36.0,47.75,60.45,10.0,0.0,4.775,6.045,1.635238,11,41,21,3,0.10133955,0.09784508,0.72988506,0E-8,0.000000,0.891089,0.000000,-0.70331344,2026-03-23,2026-08-02,20,45,45,133,0.150376,1.860661,1.773442,0.337798,,,,,,,,GLOBAL_BASELINE_NO_ENTITY_RANKING,,,NOT_APPLICABLE_GLOBAL_BASELINE,HF9g-P5,,,,X 全窗基线 · 不参与实体赏罚,6872025,688,A168_HF9F_20260827_0900,2026-08-27 09:00:00
2026-03-23,125068900,2177,0,90.0000000000,0E-10,0E-10,0.3333333,6,5,0.45675166000000000,0.456751660000,-0.42914198929309183,-0.42914198929309183,-0.42914198929309183,0E-17,ELIGIBLE,R03b_20260811_FULL_v1,L1_ELIGIBILITY,v2026-08-11,2026-03-21..2026-08-06,baccarat_bet02_101_all_pairs_incl_sentinel,round_win = game_pnl > 0 (decisive only),COMPATIBILITY_ONLY_NOT_PRODUCTION,1717.0000,1530.0000,168.0000,105,104,-0.09784508,-0.72988506,-0.02657161,-0.09784508,-168.0000,1717.0000,OK,0.0000,6.7200,4.0000,96.0000,AG03-UNRESOLVED,ALL5_LEVELS_bet23_to_bet27,6.7200,6.7200,6.7200,6.7200,6.7200,4.000000,4.000000,4.000000,4.000000,4.000000,96.000000,96.000000,96.000000,96.000000,96.000000,5.0,33.6000,31.0174,134.4000,136.9826,PENDING_AG03,FALSE,NOT_FOR_ENFORCEMENT,161.2800,1468.8000,168.0000,161.2800,6.7200,0.09784508,0.09393128,6.7200,161.2800,0.09393128,6.7200,6.7200,6.7200,6.7200,6.7200,161.2800,0.09393128,33.6000,31.0174,134.4000,136.9826,0.07827606,0.07978021,0.00391380,16.3524,14.7115,1.6154,8.4000,3.7333,85.8500,5.2000,29.0000,15.5859,10.0,10.0,20.0,36.0,47.75,60.45,10.0,0.0,4.775,6.045,1.635238,11,41,21,3,0.10133955,0.09784508,0.72988506,0E-8,0.000000,0.891089,0.000000,-0.70331344,2026-03-23,2026-08-02,20,45,45,133,0.150376,1.860661,1.773442,0.337798,,,,,,,,GLOBAL_BASELINE_NO_ENTITY_RANKING,,,NOT_APPLICABLE_GLOBAL_BASELINE,HF9g-P5,,,,X 全窗基线 · 不参与实体赏罚,6872026,688,A168_HF9F_20260827_0900,2026-08-27 09:00:00
2026-03-24,125068900,2174,0,130.0000000000,67.5000000000,67.5000000000,0.7000000,10,10,0.49994810000000000,0.499948100000,1.2652393153045998,1.2652393153045998,1.2652393153045998,0E-17,ELIGIBLE,R03b_20260811_FULL_v1,L1_ELIGIBILITY,v2026-08-11,2026-03-21..2026-08-06,baccarat_bet02_101_all_pairs_incl_sentinel,round_win = game_pnl > 0 (decisive only),COMPATIBILITY_ONLY_NOT_PRODUCTION,1717.0000,1530.0000,168.0000,105,104,-0.09784508,-0.72988506,-0.02657161,-0.09784508,-168.0000,1717.0000,OK,0.0000,6.7200,4.0000,96.0000,AG03-UNRESOLVED,ALL5_LEVELS_bet23_to_bet27,6.7200,6.7200,6.7200,6.7200,6.7200,4.000000,4.000000,4.000000,4.000000,4.000000,96.000000,96.000000,96.000000,96.000000,96.000000,5.0,33.6000,31.0174,134.4000,136.9826,PENDING_AG03,FALSE,NOT_FOR_ENFORCEMENT,161.2800,1468.8000,168.0000,161.2800,6.7200,0.09784508,0.09393128,6.7200,161.2800,0.09393128,6.7200,6.7200,6.7200,6.7200,6.7200,161.2800,0.09393128,33.6000,31.0174,134.4000,136.9826,0.07827606,0.07978021,0.00391380,16.3524,14.7115,1.6154,8.4000,3.7333,85.8500,5.2000,29.0000,15.5859,10.0,10.0,20.0,36.0,47.75,60.45,10.0,0.0,4.775,6.045,1.635238,11,41,21,3,0.10133955,0.09784508,0.72988506,0E-8,0.000000,0.891089,0.000000,-0.70331344,2026-03-23,2026-08-02,20,45,45,133,0.150376,1.860661,1.773442,0.337798,,,,,,,,GLOBAL_BASELINE_NO_ENTITY_RANKING,,,NOT_APPLICABLE_GLOBAL_BASELINE,HF9g-P5,,,,X 全窗基线 · 不参与实体赏罚,6872027,688,A168_HF9F_20260827_0900,2026-08-27 09:00:00
2026-03-29,125068900,1330,0,20.0000000000,-20.0000000000,-20.0000000000,0E-7,1,1,0.49324550000000000,0.493245500000,-0.9865810262130424,-0.9865810262130424,-0.9865810262130424,0E-17,ELIGIBLE,R03b_20260811_FULL_v1,L1_ELIGIBILITY,v2026-08-11,2026-03-21..2026-08-06,baccarat_bet02_101_all_pairs_incl_sentinel,round_win = game_pnl > 0 (decisive only),COMPATIBILITY_ONLY_NOT_PRODUCTION,1717.0000,1530.0000,168.0000,105,104,-0.09784508,-0.72988506,-0.02657161,-0.09784508,-168.0000,1717.0000,OK,0.0000,6.7200,4.0000,96.0000,AG03-UNRESOLVED,ALL5_LEVELS_bet23_to_bet27,6.7200,6.7200,6.7200,6.7200,6.7200,4.000000,4.000000,4.000000,4.000000,4.000000,96.000000,96.000000,96.000000,96.000000,96.000000,5.0,33.6000,31.0174,134.4000,136.9826,PENDING_AG03,FALSE,NOT_FOR_ENFORCEMENT,161.2800,1468.8000,168.0000,161.2800,6.7200,0.09784508,0.09393128,6.7200,161.2800,0.09393128,6.7200,6.7200,6.7200,6.7200,6.7200,161.2800,0.09393128,33.6000,31.0174,134.4000,136.9826,0.07827606,0.07978021,0.00391380,16.3524,14.7115,1.6154,8.4000,3.7333,85.8500,5.2000,29.0000,15.5859,10.0,10.0,20.0,36.0,47.75,60.45,10.0,0.0,4.775,6.045,1.635238,11,41,21,3,0.10133955,0.09784508,0.72988506,0E-8,0.000000,0.891089,0.000000,-0.70331344,2026-03-23,2026-08-02,20,45,45,133,0.150376,1.860661,1.773442,0.337798,,,,,,,,GLOBAL_BASELINE_NO_ENTITY_RANKING,,,NOT_APPLICABLE_GLOBAL_BASELINE,HF9g-P5,,,,X 全窗基线 · 不参与实体赏罚,6872028,688,A168_HF9F_20260827_0900,2026-08-27 09:00:00
2026-03-29,125068900,1374,0,10.0000000000,-10.0000000000,-10.0000000000,0E-7,1,1,0.50665070000000000,0.506650700000,-1.013391052207602,-1.013391052207602,-1.013391052207602,0E-17,ELIGIBLE,R03b_20260811_FULL_v1,L1_ELIGIBILITY,v2026-08-11,2026-03-21..2026-08-06,baccarat_bet02_101_all_pairs_incl_sentinel,round_win = game_pnl > 0 (decisive only),COMPATIBILITY_ONLY_NOT_PRODUCTION,1717.0000,1530.0000,168.0000,105,104,-0.09784508,-0.72988506,-0.02657161,-0.09784508,-168.0000,1717.0000,OK,0.0000,6.7200,4.0000,96.0000,AG03-UNRESOLVED,ALL5_LEVELS_bet23_to_bet27,6.7200,6.7200,6.7200,6.7200,6.7200,4.000000,4.000000,4.000000,4.000000,4.000000,96.000000,96.000000,96.000000,96.000000,96.000000,5.0,33.6000,31.0174,134.4000,136.9826,PENDING_AG03,FALSE,NOT_FOR_ENFORCEMENT,161.2800,1468.8000,168.0000,161.2800,6.7200,0.09784508,0.09393128,6.7200,161.2800,0.09393128,6.7200,6.7200,6.7200,6.7200,6.7200,161.2800,0.09393128,33.6000,31.0174,134.4000,136.9826,0.07827606,0.07978021,0.00391380,16.3524,14.7115,1.6154,8.4000,3.7333,85.8500,5.2000,29.0000,15.5859,10.0,10.0,20.0,36.0,47.75,60.45,10.0,0.0,4.775,6.045,1.635238,11,41,21,3,0.10133955,0.09784508,0.72988506,0E-8,0.000000,0.891089,0.000000,-0.70331344,2026-03-23,2026-08-02,20,45,45,133,0.150376,1.860661,1.773442,0.337798,,,,,,,,GLOBAL_BASELINE_NO_ENTITY_RANKING,,,NOT_APPLICABLE_GLOBAL_BASELINE,HF9g-P5,,,,X 全窗基线 · 不参与实体赏罚,6872029,688,A168_HF9F_20260827_0900,2026-08-27 09:00:00
2026-03-29,125068900,2169,0,80.0000000000,37.5000000000,37.5000000000,0.7142857,7,7,0.50473567142857143,0.504735671429,1.1088843393366314,1.1088843393343726,1.1088843393366314,-4.2857E-13,ELIGIBLE,R03b_20260811_FULL_v1,L1_ELIGIBILITY,v2026-08-11,2026-03-21..2026-08-06,baccarat_bet02_101_all_pairs_incl_sentinel,round_win = game_pnl > 0 (decisive only),COMPATIBILITY_ONLY_NOT_PRODUCTION,1717.0000,1530.0000,168.0000,105,104,-0.09784508,-0.72988506,-0.02657161,-0.09784508,-168.0000,1717.0000,OK,0.0000,6.7200,4.0000,96.0000,AG03-UNRESOLVED,ALL5_LEVELS_bet23_to_bet27,6.7200,6.7200,6.7200,6.7200,6.7200,4.000000,4.000000,4.000000,4.000000,4.000000,96.000000,96.000000,96.000000,96.000000,96.000000,5.0,33.6000,31.0174,134.4000,136.9826,PENDING_AG03,FALSE,NOT_FOR_ENFORCEMENT,161.2800,1468.8000,168.0000,161.2800,6.7200,0.09784508,0.09393128,6.7200,161.2800,0.09393128,6.7200,6.7200,6.7200,6.7200,6.7200,161.2800,0.09393128,33.6000,31.0174,134.4000,136.9826,0.07827606,0.07978021,0.00391380,16.3524,14.7115,1.6154,8.4000,3.7333,85.8500,5.2000,29.0000,15.5859,10.0,10.0,20.0,36.0,47.75,60.45,10.0,0.0,4.775,6.045,1.635238,11,41,21,3,0.10133955,0.09784508,0.72988506,0E-8,0.000000,0.891089,0.000000,-0.70331344,2026-03-23,2026-08-02,20,45,45,133,0.150376,1.860661,1.773442,0.337798,,,,,,,,GLOBAL_BASELINE_NO_ENTITY_RANKING,,,NOT_APPLICABLE_GLOBAL_BASELINE,HF9g-P5,,,,X 全窗基线 · 不参与实体赏罚,6872030,688,A168_HF9F_20260827_0900,2026-08-27 09:00:00
2026-03-29,125068900,994,0,80.0000000000,57.5000000000,57.5000000000,0.8333333,6,6,0.49994810000000000,0.499948100000,1.6332474276894162,1.6332474276894162,1.6332474276894162,0E-17,ELIGIBLE,R03b_20260811_FULL_v1,L1_ELIGIBILITY,v2026-08-11,2026-03-21..2026-08-06,baccarat_bet02_101_all_pairs_incl_sentinel,round_win = game_pnl > 0 (decisive only),COMPATIBILITY_ONLY_NOT_PRODUCTION,1717.0000,1530.0000,168.0000,105,104,-0.09784508,-0.72988506,-0.02657161,-0.09784508,-168.0000,1717.0000,OK,0.0000,6.7200,4.0000,96.0000,AG03-UNRESOLVED,ALL5_LEVELS_bet23_to_bet27,6.7200,6.7200,6.7200,6.7200,6.7200,4.000000,4.000000,4.000000,4.000000,4.000000,96.000000,96.000000,96.000000,96.000000,96.000000,5.0,33.6000,31.0174,134.4000,136.9826,PENDING_AG03,FALSE,NOT_FOR_ENFORCEMENT,161.2800,1468.8000,168.0000,161.2800,6.7200,0.09784508,0.09393128,6.7200,161.2800,0.09393128,6.7200,6.7200,6.7200,6.7200,6.7200,161.2800,0.09393128,33.6000,31.0174,134.4000,136.9826,0.07827606,0.07978021,0.00391380,16.3524,14.7115,1.6154,8.4000,3.7333,85.8500,5.2000,29.0000,15.5859,10.0,10.0,20.0,36.0,47.75,60.45,10.0,0.0,4.775,6.045,1.635238,11,41,21,3,0.10133955,0.09784508,0.72988506,0E-8,0.000000,0.891089,0.000000,-0.70331344,2026-03-23,2026-08-02,20,45,45,133,0.150376,1.860661,1.773442,0.337798,,,,,,,,GLOBAL_BASELINE_NO_ENTITY_RANKING,,,NOT_APPLICABLE_GLOBAL_BASELINE,HF9g-P5,,,,X 全窗基线 · 不参与实体赏罚,6872031,688,A168_HF9F_20260827_0900,2026-08-27 09:00:00
2026-04-03,125068900,2223,0,76.0000000000,-56.5000000000,-56.5000000000,0.2500000,4,4,0.50665070000000000,0.506650700000,-1.0266936290537745,-1.0266936290537745,-1.0266936290537745,0E-17,ELIGIBLE,R03b_20260811_FULL_v1,L1_ELIGIBILITY,v2026-08-11,2026-03-21..2026-08-06,baccarat_bet02_101_all_pairs_incl_sentinel,round_win = game_pnl > 0 (decisive only),COMPATIBILITY_ONLY_NOT_PRODUCTION,1717.0000,1530.0000,168.0000,105,104,-0.09784508,-0.72988506,-0.02657161,-0.09784508,-168.0000,1717.0000,OK,0.0000,6.7200,4.0000,96.0000,AG03-UNRESOLVED,ALL5_LEVELS_bet23_to_bet27,6.7200,6.7200,6.7200,6.7200,6.7200,4.000000,4.000000,4.000000,4.000000,4.000000,96.000000,96.000000,96.000000,96.000000,96.000000,5.0,33.6000,31.0174,134.4000,136.9826,PENDING_AG03,FALSE,NOT_FOR_ENFORCEMENT,161.2800,1468.8000,168.0000,161.2800,6.7200,0.09784508,0.09393128,6.7200,161.2800,0.09393128,6.7200,6.7200,6.7200,6.7200,6.7200,161.2800,0.09393128,33.6000,31.0174,134.4000,136.9826,0.07827606,0.07978021,0.00391380,16.3524,14.7115,1.6154,8.4000,3.7333,85.8500,5.2000,29.0000,15.5859,10.0,10.0,20.0,36.0,47.75,60.45,10.0,0.0,4.775,6.045,1.635238,11,41,21,3,0.10133955,0.09784508,0.72988506,0E-8,0.000000,0.891089,0.000000,-0.70331344,2026-03-23,2026-08-02,20,45,45,133,0.150376,1.860661,1.773442,0.337798,,,,,,,,GLOBAL_BASELINE_NO_ENTITY_RANKING,,,NOT_APPLICABLE_GLOBAL_BASELINE,HF9g-P5,,,,X 全窗基线 · 不参与实体赏罚,6872032,688,A168_HF9F_20260827_0900,2026-08-27 09:00:00
2026-04-07,125068900,986,0,40.0000000000,-20.0000000000,-20.0000000000,0.3333333,3,3,0.49771390000000000,0.497713900000,-0.5694369385616226,-0.5694369385616226,-0.5694369385616226,0E-17,ELIGIBLE,R03b_20260811_FULL_v1,L1_ELIGIBILITY,v2026-08-11,2026-03-21..2026-08-06,baccarat_bet02_101_all_pairs_incl_sentinel,round_win = game_pnl > 0 (decisive only),COMPATIBILITY_ONLY_NOT_PRODUCTION,1717.0000,1530.0000,168.0000,105,104,-0.09784508,-0.72988506,-0.02657161,-0.09784508,-168.0000,1717.0000,OK,0.0000,6.7200,4.0000,96.0000,AG03-UNRESOLVED,ALL5_LEVELS_bet23_to_bet27,6.7200,6.7200,6.7200,6.7200,6.7200,4.000000,4.000000,4.000000,4.000000,4.000000,96.000000,96.000000,96.000000,96.000000,96.000000,5.0,33.6000,31.0174,134.4000,136.9826,PENDING_AG03,FALSE,NOT_FOR_ENFORCEMENT,161.2800,1468.8000,168.0000,161.2800,6.7200,0.09784508,0.09393128,6.7200,161.2800,0.09393128,6.7200,6.7200,6.7200,6.7200,6.7200,161.2800,0.09393128,33.6000,31.0174,134.4000,136.9826,0.07827606,0.07978021,0.00391380,16.3524,14.7115,1.6154,8.4000,3.7333,85.8500,5.2000,29.0000,15.5859,10.0,10.0,20.0,36.0,47.75,60.45,10.0,0.0,4.775,6.045,1.635238,11,41,21,3,0.10133955,0.09784508,0.72988506,0E-8,0.000000,0.891089,0.000000,-0.70331344,2026-03-23,2026-08-02,20,45,45,133,0.150376,1.860661,1.773442,0.337798,,,,,,,,GLOBAL_BASELINE_NO_ENTITY_RANKING,,,NOT_APPLICABLE_GLOBAL_BASELINE,HF9g-P5,,,,X 全窗基线 · 不参与实体赏罚,6872033,688,A168_HF9F_20260827_0900,2026-08-27 09:00:00
2026-04-10,125068900,2169,0,40.0000000000,29.5000000000,29.5000000000,1.0000000,4,4,0.49994810000000000,0.499948100000,1.7322306037746105,1.7322306037746105,1.7322306037746105,0E-17,ELIGIBLE,R03b_20260811_FULL_v1,L1_ELIGIBILITY,v2026-08-11,2026-03-21..2026-08-06,baccarat_bet02_101_all_pairs_incl_sentinel,round_win = game_pnl > 0 (decisive only),COMPATIBILITY_ONLY_NOT_PRODUCTION,1717.0000,1530.0000,168.0000,105,104,-0.09784508,-0.72988506,-0.02657161,-0.09784508,-168.0000,1717.0000,OK,0.0000,6.7200,4.0000,96.0000,AG03-UNRESOLVED,ALL5_LEVELS_bet23_to_bet27,6.7200,6.7200,6.7200,6.7200,6.7200,4.000000,4.000000,4.000000,4.000000,4.000000,96.000000,96.000000,96.000000,96.000000,96.000000,5.0,33.6000,31.0174,134.4000,136.9826,PENDING_AG03,FALSE,NOT_FOR_ENFORCEMENT,161.2800,1468.8000,168.0000,161.2800,6.7200,0.09784508,0.09393128,6.7200,161.2800,0.09393128,6.7200,6.7200,6.7200,6.7200,6.7200,161.2800,0.09393128,33.6000,31.0174,134.4000,136.9826,0.07827606,0.07978021,0.00391380,16.3524,14.7115,1.6154,8.4000,3.7333,85.8500,5.2000,29.0000,15.5859,10.0,10.0,20.0,36.0,47.75,60.45,10.0,0.0,4.775,6.045,1.635238,11,41,21,3,0.10133955,0.09784508,0.72988506,0E-8,0.000000,0.891089,0.000000,-0.70331344,2026-03-23,2026-08-02,20,45,45,133,0.150376,1.860661,1.773442,0.337798,,,,,,,,GLOBAL_BASELINE_NO_ENTITY_RANKING,,,NOT_APPLICABLE_GLOBAL_BASELINE,HF9g-P5,,,,X 全窗基线 · 不参与实体赏罚,6872034,688,A168_HF9F_20260827_0900,2026-08-27 09:00:00
2026-04-10,125068900,2251,0,10.0000000000,10.0000000000,10.0000000000,1.0000000,1,1,0.49324550000000000,0.493245500000,1.01360149184955,1.01360149184955,1.01360149184955,0E-17,ELIGIBLE,R03b_20260811_FULL_v1,L1_ELIGIBILITY,v2026-08-11,2026-03-21..2026-08-06,baccarat_bet02_101_all_pairs_incl_sentinel,round_win = game_pnl > 0 (decisive only),COMPATIBILITY_ONLY_NOT_PRODUCTION,1717.0000,1530.0000,168.0000,105,104,-0.09784508,-0.72988506,-0.02657161,-0.09784508,-168.0000,1717.0000,OK,0.0000,6.7200,4.0000,96.0000,AG03-UNRESOLVED,ALL5_LEVELS_bet23_to_bet27,6.7200,6.7200,6.7200,6.7200,6.7200,4.000000,4.000000,4.000000,4.000000,4.000000,96.000000,96.000000,96.000000,96.000000,96.000000,5.0,33.6000,31.0174,134.4000,136.9826,PENDING_AG03,FALSE,NOT_FOR_ENFORCEMENT,161.2800,1468.8000,168.0000,161.2800,6.7200,0.09784508,0.09393128,6.7200,161.2800,0.09393128,6.7200,6.7200,6.7200,6.7200,6.7200,161.2800,0.09393128,33.6000,31.0174,134.4000,136.9826,0.07827606,0.07978021,0.00391380,16.3524,14.7115,1.6154,8.4000,3.7333,85.8500,5.2000,29.0000,15.5859,10.0,10.0,20.0,36.0,47.75,60.45,10.0,0.0,4.775,6.045,1.635238,11,41,21,3,0.10133955,0.09784508,0.72988506,0E-8,0.000000,0.891089,0.000000,-0.70331344,2026-03-23,2026-08-02,20,45,45,133,0.150376,1.860661,1.773442,0.337798,,,,,,,,GLOBAL_BASELINE_NO_ENTITY_RANKING,,,NOT_APPLICABLE_GLOBAL_BASELINE,HF9g-P5,,,,X 全窗基线 · 不参与实体赏罚,6872035,688,A168_HF9F_20260827_0900,2026-08-27 09:00:00
2026-04-10,125068900,986,0,60.0000000000,9.0000000000,9.0000000000,0.6000000,6,6,0.49994810000000000,0.499948100000,0.44744570176651083,0.44744570176651083,0.44744570176651083,0E-17,ELIGIBLE,R03b_20260811_FULL_v1,L1_ELIGIBILITY,v2026-08-11,2026-03-21..2026-08-06,baccarat_bet02_101_all_pairs_incl_sentinel,round_win = game_pnl > 0 (decisive only),COMPATIBILITY_ONLY_NOT_PRODUCTION,1717.0000,1530.0000,168.0000,105,104,-0.09784508,-0.72988506,-0.02657161,-0.09784508,-168.0000,1717.0000,OK,0.0000,6.7200,4.0000,96.0000,AG03-UNRESOLVED,ALL5_LEVELS_bet23_to_bet27,6.7200,6.7200,6.7200,6.7200,6.7200,4.000000,4.000000,4.000000,4.000000,4.000000,96.000000,96.000000,96.000000,96.000000,96.000000,5.0,33.6000,31.0174,134.4000,136.9826,PENDING_AG03,FALSE,NOT_FOR_ENFORCEMENT,161.2800,1468.8000,168.0000,161.2800,6.7200,0.09784508,0.09393128,6.7200,161.2800,0.09393128,6.7200,6.7200,6.7200,6.7200,6.7200,161.2800,0.09393128,33.6000,31.0174,134.4000,136.9826,0.07827606,0.07978021,0.00391380,16.3524,14.7115,1.6154,8.4000,3.7333,85.8500,5.2000,29.0000,15.5859,10.0,10.0,20.0,36.0,47.75,60.45,10.0,0.0,4.775,6.045,1.635238,11,41,21,3,0.10133955,0.09784508,0.72988506,0E-8,0.000000,0.891089,0.000000,-0.70331344,2026-03-23,2026-08-02,20,45,45,133,0.150376,1.860661,1.773442,0.337798,,,,,,,,GLOBAL_BASELINE_NO_ENTITY_RANKING,,,NOT_APPLICABLE_GLOBAL_BASELINE,HF9g-P5,,,,X 全窗基线 · 不参与实体赏罚,6872036,688,A168_HF9F_20260827_0900,2026-08-27 09:00:00
2026-04-20,125068900,2196,0,60.0000000000,-60.0000000000,-60.0000000000,0E-7,3,3,0.49771390000000000,0.497713900000,-1.724149546644903,-1.724149546644903,-1.724149546644903,0E-17,ELIGIBLE,R03b_20260811_FULL_v1,L1_ELIGIBILITY,v2026-08-11,2026-03-21..2026-08-06,baccarat_bet02_101_all_pairs_incl_sentinel,round_win = game_pnl > 0 (decisive only),COMPATIBILITY_ONLY_NOT_PRODUCTION,1717.0000,1530.0000,168.0000,105,104,-0.09784508,-0.72988506,-0.02657161,-0.09784508,-168.0000,1717.0000,OK,0.0000,6.7200,4.0000,96.0000,AG03-UNRESOLVED,ALL5_LEVELS_bet23_to_bet27,6.7200,6.7200,6.7200,6.7200,6.7200,4.000000,4.000000,4.000000,4.000000,4.000000,96.000000,96.000000,96.000000,96.000000,96.000000,5.0,33.6000,31.0174,134.4000,136.9826,PENDING_AG03,FALSE,NOT_FOR_ENFORCEMENT,161.2800,1468.8000,168.0000,161.2800,6.7200,0.09784508,0.09393128,6.7200,161.2800,0.09393128,6.7200,6.7200,6.7200,6.7200,6.7200,161.2800,0.09393128,33.6000,31.0174,134.4000,136.9826,0.07827606,0.07978021,0.00391380,16.3524,14.7115,1.6154,8.4000,3.7333,85.8500,5.2000,29.0000,15.5859,10.0,10.0,20.0,36.0,47.75,60.45,10.0,0.0,4.775,6.045,1.635238,11,41,21,3,0.10133955,0.09784508,0.72988506,0E-8,0.000000,0.891089,0.000000,-0.70331344,2026-03-23,2026-08-02,20,45,45,133,0.150376,1.860661,1.773442,0.337798,,,,,,,,GLOBAL_BASELINE_NO_ENTITY_RANKING,,,NOT_APPLICABLE_GLOBAL_BASELINE,HF9g-P5,,,,X 全窗基线 · 不参与实体赏罚,6872037,688,A168_HF9F_20260827_0900,2026-08-27 09:00:00
2026-04-30,125068900,1750,0,10.0000000000,10.0000000000,10.0000000000,1.0000000,1,1,0.49324550000000000,0.493245500000,1.01360149184955,1.01360149184955,1.01360149184955,0E-17,ELIGIBLE,R03b_20260811_FULL_v1,L1_ELIGIBILITY,v2026-08-11,2026-03-21..2026-08-06,baccarat_bet02_101_all_pairs_incl_sentinel,round_win = game_pnl > 0 (decisive only),COMPATIBILITY_ONLY_NOT_PRODUCTION,1717.0000,1530.0000,168.0000,105,104,-0.09784508,-0.72988506,-0.02657161,-0.09784508,-168.0000,1717.0000,OK,0.0000,6.7200,4.0000,96.0000,AG03-UNRESOLVED,ALL5_LEVELS_bet23_to_bet27,6.7200,6.7200,6.7200,6.7200,6.7200,4.000000,4.000000,4.000000,4.000000,4.000000,96.000000,96.000000,96.000000,96.000000,96.000000,5.0,33.6000,31.0174,134.4000,136.9826,PENDING_AG03,FALSE,NOT_FOR_ENFORCEMENT,161.2800,1468.8000,168.0000,161.2800,6.7200,0.09784508,0.09393128,6.7200,161.2800,0.09393128,6.7200,6.7200,6.7200,6.7200,6.7200,161.2800,0.09393128,33.6000,31.0174,134.4000,136.9826,0.07827606,0.07978021,0.00391380,16.3524,14.7115,1.6154,8.4000,3.7333,85.8500,5.2000,29.0000,15.5859,10.0,10.0,20.0,36.0,47.75,60.45,10.0,0.0,4.775,6.045,1.635238,11,41,21,3,0.10133955,0.09784508,0.72988506,0E-8,0.000000,0.891089,0.000000,-0.70331344,2026-03-23,2026-08-02,20,45,45,133,0.150376,1.860661,1.773442,0.337798,,,,,,,,GLOBAL_BASELINE_NO_ENTITY_RANKING,,,NOT_APPLICABLE_GLOBAL_BASELINE,HF9g-P5,,,,X 全窗基线 · 不参与实体赏罚,6872038,688,A168_HF9F_20260827_0900,2026-08-27 09:00:00
2026-04-30,125068900,2235,0,10.0000000000,10.0000000000,10.0000000000,1.0000000,1,1,0.49324550000000000,0.493245500000,1.01360149184955,1.01360149184955,1.01360149184955,0E-17,ELIGIBLE,R03b_20260811_FULL_v1,L1_ELIGIBILITY,v2026-08-11,2026-03-21..2026-08-06,baccarat_bet02_101_all_pairs_incl_sentinel,round_win = game_pnl > 0 (decisive only),COMPATIBILITY_ONLY_NOT_PRODUCTION,1717.0000,1530.0000,168.0000,105,104,-0.09784508,-0.72988506,-0.02657161,-0.09784508,-168.0000,1717.0000,OK,0.0000,6.7200,4.0000,96.0000,AG03-UNRESOLVED,ALL5_LEVELS_bet23_to_bet27,6.7200,6.7200,6.7200,6.7200,6.7200,4.000000,4.000000,4.000000,4.000000,4.000000,96.000000,96.000000,96.000000,96.000000,96.000000,5.0,33.6000,31.0174,134.4000,136.9826,PENDING_AG03,FALSE,NOT_FOR_ENFORCEMENT,161.2800,1468.8000,168.0000,161.2800,6.7200,0.09784508,0.09393128,6.7200,161.2800,0.09393128,6.7200,6.7200,6.7200,6.7200,6.7200,161.2800,0.09393128,33.6000,31.0174,134.4000,136.9826,0.07827606,0.07978021,0.00391380,16.3524,14.7115,1.6154,8.4000,3.7333,85.8500,5.2000,29.0000,15.5859,10.0,10.0,20.0,36.0,47.75,60.45,10.0,0.0,4.775,6.045,1.635238,11,41,21,3,0.10133955,0.09784508,0.72988506,0E-8,0.000000,0.891089,0.000000,-0.70331344,2026-03-23,2026-08-02,20,45,45,133,0.150376,1.860661,1.773442,0.337798,,,,,,,,GLOBAL_BASELINE_NO_ENTITY_RANKING,,,NOT_APPLICABLE_GLOBAL_BASELINE,HF9g-P5,,,,X 全窗基线 · 不参与实体赏罚,6872039,688,A168_HF9F_20260827_0900,2026-08-27 09:00:00
2026-04-30,125068900,970,0,30.0000000000,19.5000000000,19.5000000000,1.0000000,3,3,0.49771390000000000,0.497713900000,1.4206944795187548,1.420694479518755,1.4206944795187548,0E-17,ELIGIBLE,R03b_20260811_FULL_v1,L1_ELIGIBILITY,v2026-08-11,2026-03-21..2026-08-06,baccarat_bet02_101_all_pairs_incl_sentinel,round_win = game_pnl > 0 (decisive only),COMPATIBILITY_ONLY_NOT_PRODUCTION,1717.0000,1530.0000,168.0000,105,104,-0.09784508,-0.72988506,-0.02657161,-0.09784508,-168.0000,1717.0000,OK,0.0000,6.7200,4.0000,96.0000,AG03-UNRESOLVED,ALL5_LEVELS_bet23_to_bet27,6.7200,6.7200,6.7200,6.7200,6.7200,4.000000,4.000000,4.000000,4.000000,4.000000,96.000000,96.000000,96.000000,96.000000,96.000000,5.0,33.6000,31.0174,134.4000,136.9826,PENDING_AG03,FALSE,NOT_FOR_ENFORCEMENT,161.2800,1468.8000,168.0000,161.2800,6.7200,0.09784508,0.09393128,6.7200,161.2800,0.09393128,6.7200,6.7200,6.7200,6.7200,6.7200,161.2800,0.09393128,33.6000,31.0174,134.4000,136.9826,0.07827606,0.07978021,0.00391380,16.3524,14.7115,1.6154,8.4000,3.7333,85.8500,5.2000,29.0000,15.5859,10.0,10.0,20.0,36.0,47.75,60.45,10.0,0.0,4.775,6.045,1.635238,11,41,21,3,0.10133955,0.09784508,0.72988506,0E-8,0.000000,0.891089,0.000000,-0.70331344,2026-03-23,2026-08-02,20,45,45,133,0.150376,1.860661,1.773442,0.337798,,,,,,,,GLOBAL_BASELINE_NO_ENTITY_RANKING,,,NOT_APPLICABLE_GLOBAL_BASELINE,HF9g-P5,,,,X 全窗基线 · 不参与实体赏罚,6872040,688,A168_HF9F_20260827_0900,2026-08-27 09:00:00
2026-05-02,125068900,1402,0,20.0000000000,20.0000000000,20.0000000000,1.0000000,2,2,0.49324550000000000,0.493245500000,1.4334489766152358,1.4334489766152358,1.4334489766152358,0E-17,ELIGIBLE,R03b_20260811_FULL_v1,L1_ELIGIBILITY,v2026-08-11,2026-03-21..2026-08-06,baccarat_bet02_101_all_pairs_incl_sentinel,round_win = game_pnl > 0 (decisive only),COMPATIBILITY_ONLY_NOT_PRODUCTION,1717.0000,1530.0000,168.0000,105,104,-0.09784508,-0.72988506,-0.02657161,-0.09784508,-168.0000,1717.0000,OK,0.0000,6.7200,4.0000,96.0000,AG03-UNRESOLVED,ALL5_LEVELS_bet23_to_bet27,6.7200,6.7200,6.7200,6.7200,6.7200,4.000000,4.000000,4.000000,4.000000,4.000000,96.000000,96.000000,96.000000,96.000000,96.000000,5.0,33.6000,31.0174,134.4000,136.9826,PENDING_AG03,FALSE,NOT_FOR_ENFORCEMENT,161.2800,1468.8000,168.0000,161.2800,6.7200,0.09784508,0.09393128,6.7200,161.2800,0.09393128,6.7200,6.7200,6.7200,6.7200,6.7200,161.2800,0.09393128,33.6000,31.0174,134.4000,136.9826,0.07827606,0.07978021,0.00391380,16.3524,14.7115,1.6154,8.4000,3.7333,85.8500,5.2000,29.0000,15.5859,10.0,10.0,20.0,36.0,47.75,60.45,10.0,0.0,4.775,6.045,1.635238,11,41,21,3,0.10133955,0.09784508,0.72988506,0E-8,0.000000,0.891089,0.000000,-0.70331344,2026-03-23,2026-08-02,20,45,45,133,0.150376,1.860661,1.773442,0.337798,,,,,,,,GLOBAL_BASELINE_NO_ENTITY_RANKING,,,NOT_APPLICABLE_GLOBAL_BASELINE,HF9g-P5,,,,X 全窗基线 · 不参与实体赏罚,6872041,688,A168_HF9F_20260827_0900,2026-08-27 09:00:00
2026-05-07,125068900,2223,0,30.0000000000,30.0000000000,30.0000000000,1.0000000,1,1,0.49324550000000000,0.493245500000,1.01360149184955,1.01360149184955,1.01360149184955,0E-17,ELIGIBLE,R03b_20260811_FULL_v1,L1_ELIGIBILITY,v2026-08-11,2026-03-21..2026-08-06,baccarat_bet02_101_all_pairs_incl_sentinel,round_win = game_pnl > 0 (decisive only),COMPATIBILITY_ONLY_NOT_PRODUCTION,1717.0000,1530.0000,168.0000,105,104,-0.09784508,-0.72988506,-0.02657161,-0.09784508,-168.0000,1717.0000,OK,0.0000,6.7200,4.0000,96.0000,AG03-UNRESOLVED,ALL5_LEVELS_bet23_to_bet27,6.7200,6.7200,6.7200,6.7200,6.7200,4.000000,4.000000,4.000000,4.000000,4.000000,96.000000,96.000000,96.000000,96.000000,96.000000,5.0,33.6000,31.0174,134.4000,136.9826,PENDING_AG03,FALSE,NOT_FOR_ENFORCEMENT,161.2800,1468.8000,168.0000,161.2800,6.7200,0.09784508,0.09393128,6.7200,161.2800,0.09393128,6.7200,6.7200,6.7200,6.7200,6.7200,161.2800,0.09393128,33.6000,31.0174,134.4000,136.9826,0.07827606,0.07978021,0.00391380,16.3524,14.7115,1.6154,8.4000,3.7333,85.8500,5.2000,29.0000,15.5859,10.0,10.0,20.0,36.0,47.75,60.45,10.0,0.0,4.775,6.045,1.635238,11,41,21,3,0.10133955,0.09784508,0.72988506,0E-8,0.000000,0.891089,0.000000,-0.70331344,2026-03-23,2026-08-02,20,45,45,133,0.150376,1.860661,1.773442,0.337798,,,,,,,,GLOBAL_BASELINE_NO_ENTITY_RANKING,,,NOT_APPLICABLE_GLOBAL_BASELINE,HF9g-P5,,,,X 全窗基线 · 不参与实体赏罚,6872042,688,A168_HF9F_20260827_0900,2026-08-27 09:00:00
2026-05-17,125068900,1318,0,70.0000000000,47.0000000000,47.0000000000,0.5000000,2,2,0.49994810000000000,0.499948100000,0.00014679536856514622,0.00014679536856514622,0.00014679536856514622,0E-17,ELIGIBLE,R03b_20260811_FULL_v1,L1_ELIGIBILITY,v2026-08-11,2026-03-21..2026-08-06,baccarat_bet02_101_all_pairs_incl_sentinel,round_win = game_pnl > 0 (decisive only),COMPATIBILITY_ONLY_NOT_PRODUCTION,1717.0000,1530.0000,168.0000,105,104,-0.09784508,-0.72988506,-0.02657161,-0.09784508,-168.0000,1717.0000,OK,0.0000,6.7200,4.0000,96.0000,AG03-UNRESOLVED,ALL5_LEVELS_bet23_to_bet27,6.7200,6.7200,6.7200,6.7200,6.7200,4.000000,4.000000,4.000000,4.000000,4.000000,96.000000,96.000000,96.000000,96.000000,96.000000,5.0,33.6000,31.0174,134.4000,136.9826,PENDING_AG03,FALSE,NOT_FOR_ENFORCEMENT,161.2800,1468.8000,168.0000,161.2800,6.7200,0.09784508,0.09393128,6.7200,161.2800,0.09393128,6.7200,6.7200,6.7200,6.7200,6.7200,161.2800,0.09393128,33.6000,31.0174,134.4000,136.9826,0.07827606,0.07978021,0.00391380,16.3524,14.7115,1.6154,8.4000,3.7333,85.8500,5.2000,29.0000,15.5859,10.0,10.0,20.0,36.0,47.75,60.45,10.0,0.0,4.775,6.045,1.635238,11,41,21,3,0.10133955,0.09784508,0.72988506,0E-8,0.000000,0.891089,0.000000,-0.70331344,2026-03-23,2026-08-02,20,45,45,133,0.150376,1.860661,1.773442,0.337798,,,,,,,,GLOBAL_BASELINE_NO_ENTITY_RANKING,,,NOT_APPLICABLE_GLOBAL_BASELINE,HF9g-P5,,,,X 全窗基线 · 不参与实体赏罚,6872043,688,A168_HF9F_20260827_0900,2026-08-27 09:00:00
2026-05-17,125068900,1396,0,30.0000000000,-30.0000000000,-30.0000000000,0E-7,1,1,0.49324550000000000,0.493245500000,-0.9865810262130424,-0.9865810262130424,-0.9865810262130424,0E-17,ELIGIBLE,R03b_20260811_FULL_v1,L1_ELIGIBILITY,v2026-08-11,2026-03-21..2026-08-06,baccarat_bet02_101_all_pairs_incl_sentinel,round_win = game_pnl > 0 (decisive only),COMPATIBILITY_ONLY_NOT_PRODUCTION,1717.0000,1530.0000,168.0000,105,104,-0.09784508,-0.72988506,-0.02657161,-0.09784508,-168.0000,1717.0000,OK,0.0000,6.7200,4.0000,96.0000,AG03-UNRESOLVED,ALL5_LEVELS_bet23_to_bet27,6.7200,6.7200,6.7200,6.7200,6.7200,4.000000,4.000000,4.000000,4.000000,4.000000,96.000000,96.000000,96.000000,96.000000,96.000000,5.0,33.6000,31.0174,134.4000,136.9826,PENDING_AG03,FALSE,NOT_FOR_ENFORCEMENT,161.2800,1468.8000,168.0000,161.2800,6.7200,0.09784508,0.09393128,6.7200,161.2800,0.09393128,6.7200,6.7200,6.7200,6.7200,6.7200,161.2800,0.09393128,33.6000,31.0174,134.4000,136.9826,0.07827606,0.07978021,0.00391380,16.3524,14.7115,1.6154,8.4000,3.7333,85.8500,5.2000,29.0000,15.5859,10.0,10.0,20.0,36.0,47.75,60.45,10.0,0.0,4.775,6.045,1.635238,11,41,21,3,0.10133955,0.09784508,0.72988506,0E-8,0.000000,0.891089,0.000000,-0.70331344,2026-03-23,2026-08-02,20,45,45,133,0.150376,1.860661,1.773442,0.337798,,,,,,,,GLOBAL_BASELINE_NO_ENTITY_RANKING,,,NOT_APPLICABLE_GLOBAL_BASELINE,HF9g-P5,,,,X 全窗基线 · 不参与实体赏罚,6872044,688,A168_HF9F_20260827_0900,2026-08-27 09:00:00
2026-05-17,125068900,1400,0,20.0000000000,0E-10,0E-10,0.5000000,2,2,0.49324550000000000,0.493245500000,0.01910635448239258,0.01910635448239258,0.01910635448239258,0E-17,ELIGIBLE,R03b_20260811_FULL_v1,L1_ELIGIBILITY,v2026-08-11,2026-03-21..2026-08-06,baccarat_bet02_101_all_pairs_incl_sentinel,round_win = game_pnl > 0 (decisive only),COMPATIBILITY_ONLY_NOT_PRODUCTION,1717.0000,1530.0000,168.0000,105,104,-0.09784508,-0.72988506,-0.02657161,-0.09784508,-168.0000,1717.0000,OK,0.0000,6.7200,4.0000,96.0000,AG03-UNRESOLVED,ALL5_LEVELS_bet23_to_bet27,6.7200,6.7200,6.7200,6.7200,6.7200,4.000000,4.000000,4.000000,4.000000,4.000000,96.000000,96.000000,96.000000,96.000000,96.000000,5.0,33.6000,31.0174,134.4000,136.9826,PENDING_AG03,FALSE,NOT_FOR_ENFORCEMENT,161.2800,1468.8000,168.0000,161.2800,6.7200,0.09784508,0.09393128,6.7200,161.2800,0.09393128,6.7200,6.7200,6.7200,6.7200,6.7200,161.2800,0.09393128,33.6000,31.0174,134.4000,136.9826,0.07827606,0.07978021,0.00391380,16.3524,14.7115,1.6154,8.4000,3.7333,85.8500,5.2000,29.0000,15.5859,10.0,10.0,20.0,36.0,47.75,60.45,10.0,0.0,4.775,6.045,1.635238,11,41,21,3,0.10133955,0.09784508,0.72988506,0E-8,0.000000,0.891089,0.000000,-0.70331344,2026-03-23,2026-08-02,20,45,45,133,0.150376,1.860661,1.773442,0.337798,,,,,,,,GLOBAL_BASELINE_NO_ENTITY_RANKING,,,NOT_APPLICABLE_GLOBAL_BASELINE,HF9g-P5,,,,X 全窗基线 · 不参与实体赏罚,6872045,688,A168_HF9F_20260827_0900,2026-08-27 09:00:00
2026-05-17,125068900,1405,0,50.0000000000,38.0000000000,38.0000000000,1.0000000,2,2,0.49994810000000000,0.499948100000,1.0001038053877793,1.0001038053877793,1.0001038053877793,0E-17,ELIGIBLE,R03b_20260811_FULL_v1,L1_ELIGIBILITY,v2026-08-11,2026-03-21..2026-08-06,baccarat_bet02_101_all_pairs_incl_sentinel,round_win = game_pnl > 0 (decisive only),COMPATIBILITY_ONLY_NOT_PRODUCTION,1717.0000,1530.0000,168.0000,105,104,-0.09784508,-0.72988506,-0.02657161,-0.09784508,-168.0000,1717.0000,OK,0.0000,6.7200,4.0000,96.0000,AG03-UNRESOLVED,ALL5_LEVELS_bet23_to_bet27,6.7200,6.7200,6.7200,6.7200,6.7200,4.000000,4.000000,4.000000,4.000000,4.000000,96.000000,96.000000,96.000000,96.000000,96.000000,5.0,33.6000,31.0174,134.4000,136.9826,PENDING_AG03,FALSE,NOT_FOR_ENFORCEMENT,161.2800,1468.8000,168.0000,161.2800,6.7200,0.09784508,0.09393128,6.7200,161.2800,0.09393128,6.7200,6.7200,6.7200,6.7200,6.7200,161.2800,0.09393128,33.6000,31.0174,134.4000,136.9826,0.07827606,0.07978021,0.00391380,16.3524,14.7115,1.6154,8.4000,3.7333,85.8500,5.2000,29.0000,15.5859,10.0,10.0,20.0,36.0,47.75,60.45,10.0,0.0,4.775,6.045,1.635238,11,41,21,3,0.10133955,0.09784508,0.72988506,0E-8,0.000000,0.891089,0.000000,-0.70331344,2026-03-23,2026-08-02,20,45,45,133,0.150376,1.860661,1.773442,0.337798,,,,,,,,GLOBAL_BASELINE_NO_ENTITY_RANKING,,,NOT_APPLICABLE_GLOBAL_BASELINE,HF9g-P5,,,,X 全窗基线 · 不参与实体赏罚,6872046,688,A168_HF9F_20260827_0900,2026-08-27 09:00:00
2026-05-17,125068900,1935,0,10.0000000000,-10.0000000000,-10.0000000000,0E-7,1,1,0.50665070000000000,0.506650700000,-1.013391052207602,-1.013391052207602,-1.013391052207602,0E-17,ELIGIBLE,R03b_20260811_FULL_v1,L1_ELIGIBILITY,v2026-08-11,2026-03-21..2026-08-06,baccarat_bet02_101_all_pairs_incl_sentinel,round_win = game_pnl > 0 (decisive only),COMPATIBILITY_ONLY_NOT_PRODUCTION,1717.0000,1530.0000,168.0000,105,104,-0.09784508,-0.72988506,-0.02657161,-0.09784508,-168.0000,1717.0000,OK,0.0000,6.7200,4.0000,96.0000,AG03-UNRESOLVED,ALL5_LEVELS_bet23_to_bet27,6.7200,6.7200,6.7200,6.7200,6.7200,4.000000,4.000000,4.000000,4.000000,4.000000,96.000000,96.000000,96.000000,96.000000,96.000000,5.0,33.6000,31.0174,134.4000,136.9826,PENDING_AG03,FALSE,NOT_FOR_ENFORCEMENT,161.2800,1468.8000,168.0000,161.2800,6.7200,0.09784508,0.09393128,6.7200,161.2800,0.09393128,6.7200,6.7200,6.7200,6.7200,6.7200,161.2800,0.09393128,33.6000,31.0174,134.4000,136.9826,0.07827606,0.07978021,0.00391380,16.3524,14.7115,1.6154,8.4000,3.7333,85.8500,5.2000,29.0000,15.5859,10.0,10.0,20.0,36.0,47.75,60.45,10.0,0.0,4.775,6.045,1.635238,11,41,21,3,0.10133955,0.09784508,0.72988506,0E-8,0.000000,0.891089,0.000000,-0.70331344,2026-03-23,2026-08-02,20,45,45,133,0.150376,1.860661,1.773442,0.337798,,,,,,,,GLOBAL_BASELINE_NO_ENTITY_RANKING,,,NOT_APPLICABLE_GLOBAL_BASELINE,HF9g-P5,,,,X 全窗基线 · 不参与实体赏罚,6872047,688,A168_HF9F_20260827_0900,2026-08-27 09:00:00
2026-05-17,125068900,1963,0,10.0000000000,0E-10,0E-10,,1,1,0.50665070000000000,0.506650700000,,,,0E-17,NO_DECISIVE_ROUND,R03b_20260811_FULL_v1,L1_ELIGIBILITY,v2026-08-11,2026-03-21..2026-08-06,baccarat_bet02_101_all_pairs_incl_sentinel,round_win = game_pnl > 0 (decisive only),COMPATIBILITY_ONLY_NOT_PRODUCTION,1717.0000,1530.0000,168.0000,105,104,-0.09784508,-0.72988506,-0.02657161,-0.09784508,-168.0000,1717.0000,OK,0.0000,6.7200,4.0000,96.0000,AG03-UNRESOLVED,ALL5_LEVELS_bet23_to_bet27,6.7200,6.7200,6.7200,6.7200,6.7200,4.000000,4.000000,4.000000,4.000000,4.000000,96.000000,96.000000,96.000000,96.000000,96.000000,5.0,33.6000,31.0174,134.4000,136.9826,PENDING_AG03,FALSE,NOT_FOR_ENFORCEMENT,161.2800,1468.8000,168.0000,161.2800,6.7200,0.09784508,0.09393128,6.7200,161.2800,0.09393128,6.7200,6.7200,6.7200,6.7200,6.7200,161.2800,0.09393128,33.6000,31.0174,134.4000,136.9826,0.07827606,0.07978021,0.00391380,16.3524,14.7115,1.6154,8.4000,3.7333,85.8500,5.2000,29.0000,15.5859,10.0,10.0,20.0,36.0,47.75,60.45,10.0,0.0,4.775,6.045,1.635238,11,41,21,3,0.10133955,0.09784508,0.72988506,0E-8,0.000000,0.891089,0.000000,-0.70331344,2026-03-23,2026-08-02,20,45,45,133,0.150376,1.860661,1.773442,0.337798,,,,,,,,GLOBAL_BASELINE_NO_ENTITY_RANKING,,,NOT_APPLICABLE_GLOBAL_BASELINE,HF9g-P5,,,,X 全窗基线 · 不参与实体赏罚,6872048,688,A168_HF9F_20260827_0900,2026-08-27 09:00:00
2026-05-17,125068900,1985,0,30.0000000000,29.5000000000,29.5000000000,1.0000000,2,2,0.49994810000000000,0.499948100000,1.4143603653603398,1.4143603653603398,1.4143603653603398,0E-17,ELIGIBLE,R03b_20260811_FULL_v1,L1_ELIGIBILITY,v2026-08-11,2026-03-21..2026-08-06,baccarat_bet02_101_all_pairs_incl_sentinel,round_win = game_pnl > 0 (decisive only),COMPATIBILITY_ONLY_NOT_PRODUCTION,1717.0000,1530.0000,168.0000,105,104,-0.09784508,-0.72988506,-0.02657161,-0.09784508,-168.0000,1717.0000,OK,0.0000,6.7200,4.0000,96.0000,AG03-UNRESOLVED,ALL5_LEVELS_bet23_to_bet27,6.7200,6.7200,6.7200,6.7200,6.7200,4.000000,4.000000,4.000000,4.000000,4.000000,96.000000,96.000000,96.000000,96.000000,96.000000,5.0,33.6000,31.0174,134.4000,136.9826,PENDING_AG03,FALSE,NOT_FOR_ENFORCEMENT,161.2800,1468.8000,168.0000,161.2800,6.7200,0.09784508,0.09393128,6.7200,161.2800,0.09393128,6.7200,6.7200,6.7200,6.7200,6.7200,161.2800,0.09393128,33.6000,31.0174,134.4000,136.9826,0.07827606,0.07978021,0.00391380,16.3524,14.7115,1.6154,8.4000,3.7333,85.8500,5.2000,29.0000,15.5859,10.0,10.0,20.0,36.0,47.75,60.45,10.0,0.0,4.775,6.045,1.635238,11,41,21,3,0.10133955,0.09784508,0.72988506,0E-8,0.000000,0.891089,0.000000,-0.70331344,2026-03-23,2026-08-02,20,45,45,133,0.150376,1.860661,1.773442,0.337798,,,,,,,,GLOBAL_BASELINE_NO_ENTITY_RANKING,,,NOT_APPLICABLE_GLOBAL_BASELINE,HF9g-P5,,,,X 全窗基线 · 不参与实体赏罚,6872049,688,A168_HF9F_20260827_0900,2026-08-27 09:00:00
2026-05-17,125068900,2115,0,10.0000000000,9.5000000000,9.5000000000,1.0000000,1,1,0.50665070000000000,0.506650700000,0.9867858985152569,0.9867858985152569,0.9867858985152569,0E-17,ELIGIBLE,R03b_20260811_FULL_v1,L1_ELIGIBILITY,v2026-08-11,2026-03-21..2026-08-06,baccarat_bet02_101_all_pairs_incl_sentinel,round_win = game_pnl > 0 (decisive only),COMPATIBILITY_ONLY_NOT_PRODUCTION,1717.0000,1530.0000,168.0000,105,104,-0.09784508,-0.72988506,-0.02657161,-0.09784508,-168.0000,1717.0000,OK,0.0000,6.7200,4.0000,96.0000,AG03-UNRESOLVED,ALL5_LEVELS_bet23_to_bet27,6.7200,6.7200,6.7200,6.7200,6.7200,4.000000,4.000000,4.000000,4.000000,4.000000,96.000000,96.000000,96.000000,96.000000,96.000000,5.0,33.6000,31.0174,134.4000,136.9826,PENDING_AG03,FALSE,NOT_FOR_ENFORCEMENT,161.2800,1468.8000,168.0000,161.2800,6.7200,0.09784508,0.09393128,6.7200,161.2800,0.09393128,6.7200,6.7200,6.7200,6.7200,6.7200,161.2800,0.09393128,33.6000,31.0174,134.4000,136.9826,0.07827606,0.07978021,0.00391380,16.3524,14.7115,1.6154,8.4000,3.7333,85.8500,5.2000,29.0000,15.5859,10.0,10.0,20.0,36.0,47.75,60.45,10.0,0.0,4.775,6.045,1.635238,11,41,21,3,0.10133955,0.09784508,0.72988506,0E-8,0.000000,0.891089,0.000000,-0.70331344,2026-03-23,2026-08-02,20,45,45,133,0.150376,1.860661,1.773442,0.337798,,,,,,,,GLOBAL_BASELINE_NO_ENTITY_RANKING,,,NOT_APPLICABLE_GLOBAL_BASELINE,HF9g-P5,,,,X 全窗基线 · 不参与实体赏罚,6872050,688,A168_HF9F_20260827_0900,2026-08-27 09:00:00
2026-05-17,125068900,2117,0,10.0000000000,9.5000000000,9.5000000000,1.0000000,1,1,0.50665070000000000,0.506650700000,0.9867858985152569,0.9867858985152569,0.9867858985152569,0E-17,ELIGIBLE,R03b_20260811_FULL_v1,L1_ELIGIBILITY,v2026-08-11,2026-03-21..2026-08-06,baccarat_bet02_101_all_pairs_incl_sentinel,round_win = game_pnl > 0 (decisive only),COMPATIBILITY_ONLY_NOT_PRODUCTION,1717.0000,1530.0000,168.0000,105,104,-0.09784508,-0.72988506,-0.02657161,-0.09784508,-168.0000,1717.0000,OK,0.0000,6.7200,4.0000,96.0000,AG03-UNRESOLVED,ALL5_LEVELS_bet23_to_bet27,6.7200,6.7200,6.7200,6.7200,6.7200,4.000000,4.000000,4.000000,4.000000,4.000000,96.000000,96.000000,96.000000,96.000000,96.000000,5.0,33.6000,31.0174,134.4000,136.9826,PENDING_AG03,FALSE,NOT_FOR_ENFORCEMENT,161.2800,1468.8000,168.0000,161.2800,6.7200,0.09784508,0.09393128,6.7200,161.2800,0.09393128,6.7200,6.7200,6.7200,6.7200,6.7200,161.2800,0.09393128,33.6000,31.0174,134.4000,136.9826,0.07827606,0.07978021,0.00391380,16.3524,14.7115,1.6154,8.4000,3.7333,85.8500,5.2000,29.0000,15.5859,10.0,10.0,20.0,36.0,47.75,60.45,10.0,0.0,4.775,6.045,1.635238,11,41,21,3,0.10133955,0.09784508,0.72988506,0E-8,0.000000,0.891089,0.000000,-0.70331344,2026-03-23,2026-08-02,20,45,45,133,0.150376,1.860661,1.773442,0.337798,,,,,,,,GLOBAL_BASELINE_NO_ENTITY_RANKING,,,NOT_APPLICABLE_GLOBAL_BASELINE,HF9g-P5,,,,X 全窗基线 · 不参与实体赏罚,6872051,688,A168_HF9F_20260827_0900,2026-08-27 09:00:00
2026-05-17,125068900,2153,0,10.0000000000,-10.0000000000,-10.0000000000,0E-7,1,1,0.49324550000000000,0.493245500000,-0.9865810262130424,-0.9865810262130424,-0.9865810262130424,0E-17,ELIGIBLE,R03b_20260811_FULL_v1,L1_ELIGIBILITY,v2026-08-11,2026-03-21..2026-08-06,baccarat_bet02_101_all_pairs_incl_sentinel,round_win = game_pnl > 0 (decisive only),COMPATIBILITY_ONLY_NOT_PRODUCTION,1717.0000,1530.0000,168.0000,105,104,-0.09784508,-0.72988506,-0.02657161,-0.09784508,-168.0000,1717.0000,OK,0.0000,6.7200,4.0000,96.0000,AG03-UNRESOLVED,ALL5_LEVELS_bet23_to_bet27,6.7200,6.7200,6.7200,6.7200,6.7200,4.000000,4.000000,4.000000,4.000000,4.000000,96.000000,96.000000,96.000000,96.000000,96.000000,5.0,33.6000,31.0174,134.4000,136.9826,PENDING_AG03,FALSE,NOT_FOR_ENFORCEMENT,161.2800,1468.8000,168.0000,161.2800,6.7200,0.09784508,0.09393128,6.7200,161.2800,0.09393128,6.7200,6.7200,6.7200,6.7200,6.7200,161.2800,0.09393128,33.6000,31.0174,134.4000,136.9826,0.07827606,0.07978021,0.00391380,16.3524,14.7115,1.6154,8.4000,3.7333,85.8500,5.2000,29.0000,15.5859,10.0,10.0,20.0,36.0,47.75,60.45,10.0,0.0,4.775,6.045,1.635238,11,41,21,3,0.10133955,0.09784508,0.72988506,0E-8,0.000000,0.891089,0.000000,-0.70331344,2026-03-23,2026-08-02,20,45,45,133,0.150376,1.860661,1.773442,0.337798,,,,,,,,GLOBAL_BASELINE_NO_ENTITY_RANKING,,,NOT_APPLICABLE_GLOBAL_BASELINE,HF9g-P5,,,,X 全窗基线 · 不参与实体赏罚,6872052,688,A168_HF9F_20260827_0900,2026-08-27 09:00:00
2026-05-17,125068900,2235,0,20.0000000000,-20.0000000000,-20.0000000000,0E-7,2,2,0.49994810000000000,0.499948100000,-1.4140667746232096,-1.4140667746232096,-1.4140667746232096,0E-17,ELIGIBLE,R03b_20260811_FULL_v1,L1_ELIGIBILITY,v2026-08-11,2026-03-21..2026-08-06,baccarat_bet02_101_all_pairs_incl_sentinel,round_win = game_pnl > 0 (decisive only),COMPATIBILITY_ONLY_NOT_PRODUCTION,1717.0000,1530.0000,168.0000,105,104,-0.09784508,-0.72988506,-0.02657161,-0.09784508,-168.0000,1717.0000,OK,0.0000,6.7200,4.0000,96.0000,AG03-UNRESOLVED,ALL5_LEVELS_bet23_to_bet27,6.7200,6.7200,6.7200,6.7200,6.7200,4.000000,4.000000,4.000000,4.000000,4.000000,96.000000,96.000000,96.000000,96.000000,96.000000,5.0,33.6000,31.0174,134.4000,136.9826,PENDING_AG03,FALSE,NOT_FOR_ENFORCEMENT,161.2800,1468.8000,168.0000,161.2800,6.7200,0.09784508,0.09393128,6.7200,161.2800,0.09393128,6.7200,6.7200,6.7200,6.7200,6.7200,161.2800,0.09393128,33.6000,31.0174,134.4000,136.9826,0.07827606,0.07978021,0.00391380,16.3524,14.7115,1.6154,8.4000,3.7333,85.8500,5.2000,29.0000,15.5859,10.0,10.0,20.0,36.0,47.75,60.45,10.0,0.0,4.775,6.045,1.635238,11,41,21,3,0.10133955,0.09784508,0.72988506,0E-8,0.000000,0.891089,0.000000,-0.70331344,2026-03-23,2026-08-02,20,45,45,133,0.150376,1.860661,1.773442,0.337798,,,,,,,,GLOBAL_BASELINE_NO_ENTITY_RANKING,,,NOT_APPLICABLE_GLOBAL_BASELINE,HF9g-P5,,,,X 全窗基线 · 不参与实体赏罚,6872053,688,A168_HF9F_20260827_0900,2026-08-27 09:00:00
2026-05-17,125068900,2251,0,30.0000000000,-10.0000000000,-10.0000000000,0E-7,2,2,0.49994810000000000,0.499948100000,-0.9998962053866608,-0.9998962053866608,-0.9998962053866608,0E-17,ELIGIBLE,R03b_20260811_FULL_v1,L1_ELIGIBILITY,v2026-08-11,2026-03-21..2026-08-06,baccarat_bet02_101_all_pairs_incl_sentinel,round_win = game_pnl > 0 (decisive only),COMPATIBILITY_ONLY_NOT_PRODUCTION,1717.0000,1530.0000,168.0000,105,104,-0.09784508,-0.72988506,-0.02657161,-0.09784508,-168.0000,1717.0000,OK,0.0000,6.7200,4.0000,96.0000,AG03-UNRESOLVED,ALL5_LEVELS_bet23_to_bet27,6.7200,6.7200,6.7200,6.7200,6.7200,4.000000,4.000000,4.000000,4.000000,4.000000,96.000000,96.000000,96.000000,96.000000,96.000000,5.0,33.6000,31.0174,134.4000,136.9826,PENDING_AG03,FALSE,NOT_FOR_ENFORCEMENT,161.2800,1468.8000,168.0000,161.2800,6.7200,0.09784508,0.09393128,6.7200,161.2800,0.09393128,6.7200,6.7200,6.7200,6.7200,6.7200,161.2800,0.09393128,33.6000,31.0174,134.4000,136.9826,0.07827606,0.07978021,0.00391380,16.3524,14.7115,1.6154,8.4000,3.7333,85.8500,5.2000,29.0000,15.5859,10.0,10.0,20.0,36.0,47.75,60.45,10.0,0.0,4.775,6.045,1.635238,11,41,21,3,0.10133955,0.09784508,0.72988506,0E-8,0.000000,0.891089,0.000000,-0.70331344,2026-03-23,2026-08-02,20,45,45,133,0.150376,1.860661,1.773442,0.337798,,,,,,,,GLOBAL_BASELINE_NO_ENTITY_RANKING,,,NOT_APPLICABLE_GLOBAL_BASELINE,HF9g-P5,,,,X 全窗基线 · 不参与实体赏罚,6872054,688,A168_HF9F_20260827_0900,2026-08-27 09:00:00
2026-05-22,125068900,1505,0,56.0000000000,-56.0000000000,-56.0000000000,0E-7,1,1,0.50665070000000000,0.506650700000,-1.013391052207602,-1.013391052207602,-1.013391052207602,0E-17,ELIGIBLE,R03b_20260811_FULL_v1,L1_ELIGIBILITY,v2026-08-11,2026-03-21..2026-08-06,baccarat_bet02_101_all_pairs_incl_sentinel,round_win = game_pnl > 0 (decisive only),COMPATIBILITY_ONLY_NOT_PRODUCTION,1717.0000,1530.0000,168.0000,105,104,-0.09784508,-0.72988506,-0.02657161,-0.09784508,-168.0000,1717.0000,OK,0.0000,6.7200,4.0000,96.0000,AG03-UNRESOLVED,ALL5_LEVELS_bet23_to_bet27,6.7200,6.7200,6.7200,6.7200,6.7200,4.000000,4.000000,4.000000,4.000000,4.000000,96.000000,96.000000,96.000000,96.000000,96.000000,5.0,33.6000,31.0174,134.4000,136.9826,PENDING_AG03,FALSE,NOT_FOR_ENFORCEMENT,161.2800,1468.8000,168.0000,161.2800,6.7200,0.09784508,0.09393128,6.7200,161.2800,0.09393128,6.7200,6.7200,6.7200,6.7200,6.7200,161.2800,0.09393128,33.6000,31.0174,134.4000,136.9826,0.07827606,0.07978021,0.00391380,16.3524,14.7115,1.6154,8.4000,3.7333,85.8500,5.2000,29.0000,15.5859,10.0,10.0,20.0,36.0,47.75,60.45,10.0,0.0,4.775,6.045,1.635238,11,41,21,3,0.10133955,0.09784508,0.72988506,0E-8,0.000000,0.891089,0.000000,-0.70331344,2026-03-23,2026-08-02,20,45,45,133,0.150376,1.860661,1.773442,0.337798,,,,,,,,GLOBAL_BASELINE_NO_ENTITY_RANKING,,,NOT_APPLICABLE_GLOBAL_BASELINE,HF9g-P5,,,,X 全窗基线 · 不参与实体赏罚,6872055,688,A168_HF9F_20260827_0900,2026-08-27 09:00:00
2026-05-24,125068900,1994,0,61.0000000000,-61.0000000000,-61.0000000000,0E-7,1,1,0.50665070000000000,0.506650700000,-1.013391052207602,-1.013391052207602,-1.013391052207602,0E-17,ELIGIBLE,R03b_20260811_FULL_v1,L1_ELIGIBILITY,v2026-08-11,2026-03-21..2026-08-06,baccarat_bet02_101_all_pairs_incl_sentinel,round_win = game_pnl > 0 (decisive only),COMPATIBILITY_ONLY_NOT_PRODUCTION,1717.0000,1530.0000,168.0000,105,104,-0.09784508,-0.72988506,-0.02657161,-0.09784508,-168.0000,1717.0000,OK,0.0000,6.7200,4.0000,96.0000,AG03-UNRESOLVED,ALL5_LEVELS_bet23_to_bet27,6.7200,6.7200,6.7200,6.7200,6.7200,4.000000,4.000000,4.000000,4.000000,4.000000,96.000000,96.000000,96.000000,96.000000,96.000000,5.0,33.6000,31.0174,134.4000,136.9826,PENDING_AG03,FALSE,NOT_FOR_ENFORCEMENT,161.2800,1468.8000,168.0000,161.2800,6.7200,0.09784508,0.09393128,6.7200,161.2800,0.09393128,6.7200,6.7200,6.7200,6.7200,6.7200,161.2800,0.09393128,33.6000,31.0174,134.4000,136.9826,0.07827606,0.07978021,0.00391380,16.3524,14.7115,1.6154,8.4000,3.7333,85.8500,5.2000,29.0000,15.5859,10.0,10.0,20.0,36.0,47.75,60.45,10.0,0.0,4.775,6.045,1.635238,11,41,21,3,0.10133955,0.09784508,0.72988506,0E-8,0.000000,0.891089,0.000000,-0.70331344,2026-03-23,2026-08-02,20,45,45,133,0.150376,1.860661,1.773442,0.337798,,,,,,,,GLOBAL_BASELINE_NO_ENTITY_RANKING,,,NOT_APPLICABLE_GLOBAL_BASELINE,HF9g-P5,,,,X 全窗基线 · 不参与实体赏罚,6872056,688,A168_HF9F_20260827_0900,2026-08-27 09:00:00
2026-05-27,125068900,2252,0,40.0000000000,-0.5000000000,-0.5000000000,0.5000000,4,4,0.49994810000000000,0.499948100000,0.00020760000111838688,0.00020760000111838688,0.00020760000111838688,0E-17,ELIGIBLE,R03b_20260811_FULL_v1,L1_ELIGIBILITY,v2026-08-11,2026-03-21..2026-08-06,baccarat_bet02_101_all_pairs_incl_sentinel,round_win = game_pnl > 0 (decisive only),COMPATIBILITY_ONLY_NOT_PRODUCTION,1717.0000,1530.0000,168.0000,105,104,-0.09784508,-0.72988506,-0.02657161,-0.09784508,-168.0000,1717.0000,OK,0.0000,6.7200,4.0000,96.0000,AG03-UNRESOLVED,ALL5_LEVELS_bet23_to_bet27,6.7200,6.7200,6.7200,6.7200,6.7200,4.000000,4.000000,4.000000,4.000000,4.000000,96.000000,96.000000,96.000000,96.000000,96.000000,5.0,33.6000,31.0174,134.4000,136.9826,PENDING_AG03,FALSE,NOT_FOR_ENFORCEMENT,161.2800,1468.8000,168.0000,161.2800,6.7200,0.09784508,0.09393128,6.7200,161.2800,0.09393128,6.7200,6.7200,6.7200,6.7200,6.7200,161.2800,0.09393128,33.6000,31.0174,134.4000,136.9826,0.07827606,0.07978021,0.00391380,16.3524,14.7115,1.6154,8.4000,3.7333,85.8500,5.2000,29.0000,15.5859,10.0,10.0,20.0,36.0,47.75,60.45,10.0,0.0,4.775,6.045,1.635238,11,41,21,3,0.10133955,0.09784508,0.72988506,0E-8,0.000000,0.891089,0.000000,-0.70331344,2026-03-23,2026-08-02,20,45,45,133,0.150376,1.860661,1.773442,0.337798,,,,,,,,GLOBAL_BASELINE_NO_ENTITY_RANKING,,,NOT_APPLICABLE_GLOBAL_BASELINE,HF9g-P5,,,,X 全窗基线 · 不参与实体赏罚,6872057,688,A168_HF9F_20260827_0900,2026-08-27 09:00:00
2026-05-31,125068900,1704,0,20.0000000000,0E-10,0E-10,0.5000000,2,2,0.49994810000000000,0.499948100000,0.00014679536856514622,0.00014679536856514622,0.00014679536856514622,0E-17,ELIGIBLE,R03b_20260811_FULL_v1,L1_ELIGIBILITY,v2026-08-11,2026-03-21..2026-08-06,baccarat_bet02_101_all_pairs_incl_sentinel,round_win = game_pnl > 0 (decisive only),COMPATIBILITY_ONLY_NOT_PRODUCTION,1717.0000,1530.0000,168.0000,105,104,-0.09784508,-0.72988506,-0.02657161,-0.09784508,-168.0000,1717.0000,OK,0.0000,6.7200,4.0000,96.0000,AG03-UNRESOLVED,ALL5_LEVELS_bet23_to_bet27,6.7200,6.7200,6.7200,6.7200,6.7200,4.000000,4.000000,4.000000,4.000000,4.000000,96.000000,96.000000,96.000000,96.000000,96.000000,5.0,33.6000,31.0174,134.4000,136.9826,PENDING_AG03,FALSE,NOT_FOR_ENFORCEMENT,161.2800,1468.8000,168.0000,161.2800,6.7200,0.09784508,0.09393128,6.7200,161.2800,0.09393128,6.7200,6.7200,6.7200,6.7200,6.7200,161.2800,0.09393128,33.6000,31.0174,134.4000,136.9826,0.07827606,0.07978021,0.00391380,16.3524,14.7115,1.6154,8.4000,3.7333,85.8500,5.2000,29.0000,15.5859,10.0,10.0,20.0,36.0,47.75,60.45,10.0,0.0,4.775,6.045,1.635238,11,41,21,3,0.10133955,0.09784508,0.72988506,0E-8,0.000000,0.891089,0.000000,-0.70331344,2026-03-23,2026-08-02,20,45,45,133,0.150376,1.860661,1.773442,0.337798,,,,,,,,GLOBAL_BASELINE_NO_ENTITY_RANKING,,,NOT_APPLICABLE_GLOBAL_BASELINE,HF9g-P5,,,,X 全窗基线 · 不参与实体赏罚,6872058,688,A168_HF9F_20260827_0900,2026-08-27 09:00:00
2026-05-31,125068900,772,0,30.0000000000,30.0000000000,30.0000000000,1.0000000,1,1,0.49324550000000000,0.493245500000,1.01360149184955,1.01360149184955,1.01360149184955,0E-17,ELIGIBLE,R03b_20260811_FULL_v1,L1_ELIGIBILITY,v2026-08-11,2026-03-21..2026-08-06,baccarat_bet02_101_all_pairs_incl_sentinel,round_win = game_pnl > 0 (decisive only),COMPATIBILITY_ONLY_NOT_PRODUCTION,1717.0000,1530.0000,168.0000,105,104,-0.09784508,-0.72988506,-0.02657161,-0.09784508,-168.0000,1717.0000,OK,0.0000,6.7200,4.0000,96.0000,AG03-UNRESOLVED,ALL5_LEVELS_bet23_to_bet27,6.7200,6.7200,6.7200,6.7200,6.7200,4.000000,4.000000,4.000000,4.000000,4.000000,96.000000,96.000000,96.000000,96.000000,96.000000,5.0,33.6000,31.0174,134.4000,136.9826,PENDING_AG03,FALSE,NOT_FOR_ENFORCEMENT,161.2800,1468.8000,168.0000,161.2800,6.7200,0.09784508,0.09393128,6.7200,161.2800,0.09393128,6.7200,6.7200,6.7200,6.7200,6.7200,161.2800,0.09393128,33.6000,31.0174,134.4000,136.9826,0.07827606,0.07978021,0.00391380,16.3524,14.7115,1.6154,8.4000,3.7333,85.8500,5.2000,29.0000,15.5859,10.0,10.0,20.0,36.0,47.75,60.45,10.0,0.0,4.775,6.045,1.635238,11,41,21,3,0.10133955,0.09784508,0.72988506,0E-8,0.000000,0.891089,0.000000,-0.70331344,2026-03-23,2026-08-02,20,45,45,133,0.150376,1.860661,1.773442,0.337798,,,,,,,,GLOBAL_BASELINE_NO_ENTITY_RANKING,,,NOT_APPLICABLE_GLOBAL_BASELINE,HF9g-P5,,,,X 全窗基线 · 不参与实体赏罚,6872059,688,A168_HF9F_20260827_0900,2026-08-27 09:00:00
2026-06-01,125068900,1331,0,10.0000000000,10.0000000000,10.0000000000,1.0000000,1,1,0.49324550000000000,0.493245500000,1.01360149184955,1.01360149184955,1.01360149184955,0E-17,ELIGIBLE,R03b_20260811_FULL_v1,L1_ELIGIBILITY,v2026-08-11,2026-03-21..2026-08-06,baccarat_bet02_101_all_pairs_incl_sentinel,round_win = game_pnl > 0 (decisive only),COMPATIBILITY_ONLY_NOT_PRODUCTION,1717.0000,1530.0000,168.0000,105,104,-0.09784508,-0.72988506,-0.02657161,-0.09784508,-168.0000,1717.0000,OK,0.0000,6.7200,4.0000,96.0000,AG03-UNRESOLVED,ALL5_LEVELS_bet23_to_bet27,6.7200,6.7200,6.7200,6.7200,6.7200,4.000000,4.000000,4.000000,4.000000,4.000000,96.000000,96.000000,96.000000,96.000000,96.000000,5.0,33.6000,31.0174,134.4000,136.9826,PENDING_AG03,FALSE,NOT_FOR_ENFORCEMENT,161.2800,1468.8000,168.0000,161.2800,6.7200,0.09784508,0.09393128,6.7200,161.2800,0.09393128,6.7200,6.7200,6.7200,6.7200,6.7200,161.2800,0.09393128,33.6000,31.0174,134.4000,136.9826,0.07827606,0.07978021,0.00391380,16.3524,14.7115,1.6154,8.4000,3.7333,85.8500,5.2000,29.0000,15.5859,10.0,10.0,20.0,36.0,47.75,60.45,10.0,0.0,4.775,6.045,1.635238,11,41,21,3,0.10133955,0.09784508,0.72988506,0E-8,0.000000,0.891089,0.000000,-0.70331344,2026-03-23,2026-08-02,20,45,45,133,0.150376,1.860661,1.773442,0.337798,,,,,,,,GLOBAL_BASELINE_NO_ENTITY_RANKING,,,NOT_APPLICABLE_GLOBAL_BASELINE,HF9g-P5,,,,X 全窗基线 · 不参与实体赏罚,6872060,688,A168_HF9F_20260827_0900,2026-08-27 09:00:00
2026-06-06,125068900,1353,0,30.0000000000,-30.0000000000,-30.0000000000,0E-7,1,1,0.50665070000000000,0.506650700000,-1.013391052207602,-1.013391052207602,-1.013391052207602,0E-17,ELIGIBLE,R03b_20260811_FULL_v1,L1_ELIGIBILITY,v2026-08-11,2026-03-21..2026-08-06,baccarat_bet02_101_all_pairs_incl_sentinel,round_win = game_pnl > 0 (decisive only),COMPATIBILITY_ONLY_NOT_PRODUCTION,1717.0000,1530.0000,168.0000,105,104,-0.09784508,-0.72988506,-0.02657161,-0.09784508,-168.0000,1717.0000,OK,0.0000,6.7200,4.0000,96.0000,AG03-UNRESOLVED,ALL5_LEVELS_bet23_to_bet27,6.7200,6.7200,6.7200,6.7200,6.7200,4.000000,4.000000,4.000000,4.000000,4.000000,96.000000,96.000000,96.000000,96.000000,96.000000,5.0,33.6000,31.0174,134.4000,136.9826,PENDING_AG03,FALSE,NOT_FOR_ENFORCEMENT,161.2800,1468.8000,168.0000,161.2800,6.7200,0.09784508,0.09393128,6.7200,161.2800,0.09393128,6.7200,6.7200,6.7200,6.7200,6.7200,161.2800,0.09393128,33.6000,31.0174,134.4000,136.9826,0.07827606,0.07978021,0.00391380,16.3524,14.7115,1.6154,8.4000,3.7333,85.8500,5.2000,29.0000,15.5859,10.0,10.0,20.0,36.0,47.75,60.45,10.0,0.0,4.775,6.045,1.635238,11,41,21,3,0.10133955,0.09784508,0.72988506,0E-8,0.000000,0.891089,0.000000,-0.70331344,2026-03-23,2026-08-02,20,45,45,133,0.150376,1.860661,1.773442,0.337798,,,,,,,,GLOBAL_BASELINE_NO_ENTITY_RANKING,,,NOT_APPLICABLE_GLOBAL_BASELINE,HF9g-P5,,,,X 全窗基线 · 不参与实体赏罚,6872061,688,A168_HF9F_20260827_0900,2026-08-27 09:00:00
2026-06-06,125068900,462,0,10.0000000000,-10.0000000000,-10.0000000000,0E-7,1,1,0.50665070000000000,0.506650700000,-1.013391052207602,-1.013391052207602,-1.013391052207602,0E-17,ELIGIBLE,R03b_20260811_FULL_v1,L1_ELIGIBILITY,v2026-08-11,2026-03-21..2026-08-06,baccarat_bet02_101_all_pairs_incl_sentinel,round_win = game_pnl > 0 (decisive only),COMPATIBILITY_ONLY_NOT_PRODUCTION,1717.0000,1530.0000,168.0000,105,104,-0.09784508,-0.72988506,-0.02657161,-0.09784508,-168.0000,1717.0000,OK,0.0000,6.7200,4.0000,96.0000,AG03-UNRESOLVED,ALL5_LEVELS_bet23_to_bet27,6.7200,6.7200,6.7200,6.7200,6.7200,4.000000,4.000000,4.000000,4.000000,4.000000,96.000000,96.000000,96.000000,96.000000,96.000000,5.0,33.6000,31.0174,134.4000,136.9826,PENDING_AG03,FALSE,NOT_FOR_ENFORCEMENT,161.2800,1468.8000,168.0000,161.2800,6.7200,0.09784508,0.09393128,6.7200,161.2800,0.09393128,6.7200,6.7200,6.7200,6.7200,6.7200,161.2800,0.09393128,33.6000,31.0174,134.4000,136.9826,0.07827606,0.07978021,0.00391380,16.3524,14.7115,1.6154,8.4000,3.7333,85.8500,5.2000,29.0000,15.5859,10.0,10.0,20.0,36.0,47.75,60.45,10.0,0.0,4.775,6.045,1.635238,11,41,21,3,0.10133955,0.09784508,0.72988506,0E-8,0.000000,0.891089,0.000000,-0.70331344,2026-03-23,2026-08-02,20,45,45,133,0.150376,1.860661,1.773442,0.337798,,,,,,,,GLOBAL_BASELINE_NO_ENTITY_RANKING,,,NOT_APPLICABLE_GLOBAL_BASELINE,HF9g-P5,,,,X 全窗基线 · 不参与实体赏罚,6872062,688,A168_HF9F_20260827_0900,2026-08-27 09:00:00
2026-07-07,125068900,1306,0,50.0000000000,-30.5000000000,-30.5000000000,0.2500000,4,4,0.50329940000000000,0.503299400000,-1.013219660140378,-1.013219660140378,-1.013219660140378,0E-17,ELIGIBLE,R03b_20260811_FULL_v1,L1_ELIGIBILITY,v2026-08-11,2026-03-21..2026-08-06,baccarat_bet02_101_all_pairs_incl_sentinel,round_win = game_pnl > 0 (decisive only),COMPATIBILITY_ONLY_NOT_PRODUCTION,1717.0000,1530.0000,168.0000,105,104,-0.09784508,-0.72988506,-0.02657161,-0.09784508,-168.0000,1717.0000,OK,0.0000,6.7200,4.0000,96.0000,AG03-UNRESOLVED,ALL5_LEVELS_bet23_to_bet27,6.7200,6.7200,6.7200,6.7200,6.7200,4.000000,4.000000,4.000000,4.000000,4.000000,96.000000,96.000000,96.000000,96.000000,96.000000,5.0,33.6000,31.0174,134.4000,136.9826,PENDING_AG03,FALSE,NOT_FOR_ENFORCEMENT,161.2800,1468.8000,168.0000,161.2800,6.7200,0.09784508,0.09393128,6.7200,161.2800,0.09393128,6.7200,6.7200,6.7200,6.7200,6.7200,161.2800,0.09393128,33.6000,31.0174,134.4000,136.9826,0.07827606,0.07978021,0.00391380,16.3524,14.7115,1.6154,8.4000,3.7333,85.8500,5.2000,29.0000,15.5859,10.0,10.0,20.0,36.0,47.75,60.45,10.0,0.0,4.775,6.045,1.635238,11,41,21,3,0.10133955,0.09784508,0.72988506,0E-8,0.000000,0.891089,0.000000,-0.70331344,2026-03-23,2026-08-02,20,45,45,133,0.150376,1.860661,1.773442,0.337798,,,,,,,,GLOBAL_BASELINE_NO_ENTITY_RANKING,,,NOT_APPLICABLE_GLOBAL_BASELINE,HF9g-P5,,,,X 全窗基线 · 不参与实体赏罚,6872063,688,A168_HF9F_20260827_0900,2026-08-27 09:00:00
2026-07-07,125068900,2233,0,10.0000000000,9.5000000000,9.5000000000,1.0000000,1,1,0.50665070000000000,0.506650700000,0.9867858985152569,0.9867858985152569,0.9867858985152569,0E-17,ELIGIBLE,R03b_20260811_FULL_v1,L1_ELIGIBILITY,v2026-08-11,2026-03-21..2026-08-06,baccarat_bet02_101_all_pairs_incl_sentinel,round_win = game_pnl > 0 (decisive only),COMPATIBILITY_ONLY_NOT_PRODUCTION,1717.0000,1530.0000,168.0000,105,104,-0.09784508,-0.72988506,-0.02657161,-0.09784508,-168.0000,1717.0000,OK,0.0000,6.7200,4.0000,96.0000,AG03-UNRESOLVED,ALL5_LEVELS_bet23_to_bet27,6.7200,6.7200,6.7200,6.7200,6.7200,4.000000,4.000000,4.000000,4.000000,4.000000,96.000000,96.000000,96.000000,96.000000,96.000000,5.0,33.6000,31.0174,134.4000,136.9826,PENDING_AG03,FALSE,NOT_FOR_ENFORCEMENT,161.2800,1468.8000,168.0000,161.2800,6.7200,0.09784508,0.09393128,6.7200,161.2800,0.09393128,6.7200,6.7200,6.7200,6.7200,6.7200,161.2800,0.09393128,33.6000,31.0174,134.4000,136.9826,0.07827606,0.07978021,0.00391380,16.3524,14.7115,1.6154,8.4000,3.7333,85.8500,5.2000,29.0000,15.5859,10.0,10.0,20.0,36.0,47.75,60.45,10.0,0.0,4.775,6.045,1.635238,11,41,21,3,0.10133955,0.09784508,0.72988506,0E-8,0.000000,0.891089,0.000000,-0.70331344,2026-03-23,2026-08-02,20,45,45,133,0.150376,1.860661,1.773442,0.337798,,,,,,,,GLOBAL_BASELINE_NO_ENTITY_RANKING,,,NOT_APPLICABLE_GLOBAL_BASELINE,HF9g-P5,,,,X 全窗基线 · 不参与实体赏罚,6872064,688,A168_HF9F_20260827_0900,2026-08-27 09:00:00
2026-07-07,125068900,2271,0,50.0000000000,-50.0000000000,-50.0000000000,0E-7,1,1,0.49324550000000000,0.493245500000,-0.9865810262130424,-0.9865810262130424,-0.9865810262130424,0E-17,ELIGIBLE,R03b_20260811_FULL_v1,L1_ELIGIBILITY,v2026-08-11,2026-03-21..2026-08-06,baccarat_bet02_101_all_pairs_incl_sentinel,round_win = game_pnl > 0 (decisive only),COMPATIBILITY_ONLY_NOT_PRODUCTION,1717.0000,1530.0000,168.0000,105,104,-0.09784508,-0.72988506,-0.02657161,-0.09784508,-168.0000,1717.0000,OK,0.0000,6.7200,4.0000,96.0000,AG03-UNRESOLVED,ALL5_LEVELS_bet23_to_bet27,6.7200,6.7200,6.7200,6.7200,6.7200,4.000000,4.000000,4.000000,4.000000,4.000000,96.000000,96.000000,96.000000,96.000000,96.000000,5.0,33.6000,31.0174,134.4000,136.9826,PENDING_AG03,FALSE,NOT_FOR_ENFORCEMENT,161.2800,1468.8000,168.0000,161.2800,6.7200,0.09784508,0.09393128,6.7200,161.2800,0.09393128,6.7200,6.7200,6.7200,6.7200,6.7200,161.2800,0.09393128,33.6000,31.0174,134.4000,136.9826,0.07827606,0.07978021,0.00391380,16.3524,14.7115,1.6154,8.4000,3.7333,85.8500,5.2000,29.0000,15.5859,10.0,10.0,20.0,36.0,47.75,60.45,10.0,0.0,4.775,6.045,1.635238,11,41,21,3,0.10133955,0.09784508,0.72988506,0E-8,0.000000,0.891089,0.000000,-0.70331344,2026-03-23,2026-08-02,20,45,45,133,0.150376,1.860661,1.773442,0.337798,,,,,,,,GLOBAL_BASELINE_NO_ENTITY_RANKING,,,NOT_APPLICABLE_GLOBAL_BASELINE,HF9g-P5,,,,X 全窗基线 · 不参与实体赏罚,6872065,688,A168_HF9F_20260827_0900,2026-08-27 09:00:00
2026-07-07,125068900,2288,0,50.0000000000,-10.0000000000,-10.0000000000,0E-7,2,2,0.49994810000000000,0.499948100000,-0.9998962053866608,-0.9998962053866608,-0.9998962053866608,0E-17,ELIGIBLE,R03b_20260811_FULL_v1,L1_ELIGIBILITY,v2026-08-11,2026-03-21..2026-08-06,baccarat_bet02_101_all_pairs_incl_sentinel,round_win = game_pnl > 0 (decisive only),COMPATIBILITY_ONLY_NOT_PRODUCTION,1717.0000,1530.0000,168.0000,105,104,-0.09784508,-0.72988506,-0.02657161,-0.09784508,-168.0000,1717.0000,OK,0.0000,6.7200,4.0000,96.0000,AG03-UNRESOLVED,ALL5_LEVELS_bet23_to_bet27,6.7200,6.7200,6.7200,6.7200,6.7200,4.000000,4.000000,4.000000,4.000000,4.000000,96.000000,96.000000,96.000000,96.000000,96.000000,5.0,33.6000,31.0174,134.4000,136.9826,PENDING_AG03,FALSE,NOT_FOR_ENFORCEMENT,161.2800,1468.8000,168.0000,161.2800,6.7200,0.09784508,0.09393128,6.7200,161.2800,0.09393128,6.7200,6.7200,6.7200,6.7200,6.7200,161.2800,0.09393128,33.6000,31.0174,134.4000,136.9826,0.07827606,0.07978021,0.00391380,16.3524,14.7115,1.6154,8.4000,3.7333,85.8500,5.2000,29.0000,15.5859,10.0,10.0,20.0,36.0,47.75,60.45,10.0,0.0,4.775,6.045,1.635238,11,41,21,3,0.10133955,0.09784508,0.72988506,0E-8,0.000000,0.891089,0.000000,-0.70331344,2026-03-23,2026-08-02,20,45,45,133,0.150376,1.860661,1.773442,0.337798,,,,,,,,GLOBAL_BASELINE_NO_ENTITY_RANKING,,,NOT_APPLICABLE_GLOBAL_BASELINE,HF9g-P5,,,,X 全窗基线 · 不参与实体赏罚,6872066,688,A168_HF9F_20260827_0900,2026-08-27 09:00:00
2026-07-14,125068900,1210,0,47.0000000000,0E-10,0E-10,,1,1,0.50665070000000000,0.506650700000,,,,0E-17,NO_DECISIVE_ROUND,R03b_20260811_FULL_v1,L1_ELIGIBILITY,v2026-08-11,2026-03-21..2026-08-06,baccarat_bet02_101_all_pairs_incl_sentinel,round_win = game_pnl > 0 (decisive only),COMPATIBILITY_ONLY_NOT_PRODUCTION,1717.0000,1530.0000,168.0000,105,104,-0.09784508,-0.72988506,-0.02657161,-0.09784508,-168.0000,1717.0000,OK,0.0000,6.7200,4.0000,96.0000,AG03-UNRESOLVED,ALL5_LEVELS_bet23_to_bet27,6.7200,6.7200,6.7200,6.7200,6.7200,4.000000,4.000000,4.000000,4.000000,4.000000,96.000000,96.000000,96.000000,96.000000,96.000000,5.0,33.6000,31.0174,134.4000,136.9826,PENDING_AG03,FALSE,NOT_FOR_ENFORCEMENT,161.2800,1468.8000,168.0000,161.2800,6.7200,0.09784508,0.09393128,6.7200,161.2800,0.09393128,6.7200,6.7200,6.7200,6.7200,6.7200,161.2800,0.09393128,33.6000,31.0174,134.4000,136.9826,0.07827606,0.07978021,0.00391380,16.3524,14.7115,1.6154,8.4000,3.7333,85.8500,5.2000,29.0000,15.5859,10.0,10.0,20.0,36.0,47.75,60.45,10.0,0.0,4.775,6.045,1.635238,11,41,21,3,0.10133955,0.09784508,0.72988506,0E-8,0.000000,0.891089,0.000000,-0.70331344,2026-03-23,2026-08-02,20,45,45,133,0.150376,1.860661,1.773442,0.337798,,,,,,,,GLOBAL_BASELINE_NO_ENTITY_RANKING,,,NOT_APPLICABLE_GLOBAL_BASELINE,HF9g-P5,,,,X 全窗基线 · 不参与实体赏罚,6872067,688,A168_HF9F_20260827_0900,2026-08-27 09:00:00
2026-07-14,125068900,1714,0,37.0000000000,-37.0000000000,-37.0000000000,0E-7,1,1,0.49324550000000000,0.493245500000,-0.9865810262130424,-0.9865810262130424,-0.9865810262130424,0E-17,ELIGIBLE,R03b_20260811_FULL_v1,L1_ELIGIBILITY,v2026-08-11,2026-03-21..2026-08-06,baccarat_bet02_101_all_pairs_incl_sentinel,round_win = game_pnl > 0 (decisive only),COMPATIBILITY_ONLY_NOT_PRODUCTION,1717.0000,1530.0000,168.0000,105,104,-0.09784508,-0.72988506,-0.02657161,-0.09784508,-168.0000,1717.0000,OK,0.0000,6.7200,4.0000,96.0000,AG03-UNRESOLVED,ALL5_LEVELS_bet23_to_bet27,6.7200,6.7200,6.7200,6.7200,6.7200,4.000000,4.000000,4.000000,4.000000,4.000000,96.000000,96.000000,96.000000,96.000000,96.000000,5.0,33.6000,31.0174,134.4000,136.9826,PENDING_AG03,FALSE,NOT_FOR_ENFORCEMENT,161.2800,1468.8000,168.0000,161.2800,6.7200,0.09784508,0.09393128,6.7200,161.2800,0.09393128,6.7200,6.7200,6.7200,6.7200,6.7200,161.2800,0.09393128,33.6000,31.0174,134.4000,136.9826,0.07827606,0.07978021,0.00391380,16.3524,14.7115,1.6154,8.4000,3.7333,85.8500,5.2000,29.0000,15.5859,10.0,10.0,20.0,36.0,47.75,60.45,10.0,0.0,4.775,6.045,1.635238,11,41,21,3,0.10133955,0.09784508,0.72988506,0E-8,0.000000,0.891089,0.000000,-0.70331344,2026-03-23,2026-08-02,20,45,45,133,0.150376,1.860661,1.773442,0.337798,,,,,,,,GLOBAL_BASELINE_NO_ENTITY_RANKING,,,NOT_APPLICABLE_GLOBAL_BASELINE,HF9g-P5,,,,X 全窗基线 · 不参与实体赏罚,6872068,688,A168_HF9F_20260827_0900,2026-08-27 09:00:00
2026-07-14,125068900,2169,0,10.0000000000,-10.0000000000,-10.0000000000,0E-7,1,1,0.50665070000000000,0.506650700000,-1.013391052207602,-1.013391052207602,-1.013391052207602,0E-17,ELIGIBLE,R03b_20260811_FULL_v1,L1_ELIGIBILITY,v2026-08-11,2026-03-21..2026-08-06,baccarat_bet02_101_all_pairs_incl_sentinel,round_win = game_pnl > 0 (decisive only),COMPATIBILITY_ONLY_NOT_PRODUCTION,1717.0000,1530.0000,168.0000,105,104,-0.09784508,-0.72988506,-0.02657161,-0.09784508,-168.0000,1717.0000,OK,0.0000,6.7200,4.0000,96.0000,AG03-UNRESOLVED,ALL5_LEVELS_bet23_to_bet27,6.7200,6.7200,6.7200,6.7200,6.7200,4.000000,4.000000,4.000000,4.000000,4.000000,96.000000,96.000000,96.000000,96.000000,96.000000,5.0,33.6000,31.0174,134.4000,136.9826,PENDING_AG03,FALSE,NOT_FOR_ENFORCEMENT,161.2800,1468.8000,168.0000,161.2800,6.7200,0.09784508,0.09393128,6.7200,161.2800,0.09393128,6.7200,6.7200,6.7200,6.7200,6.7200,161.2800,0.09393128,33.6000,31.0174,134.4000,136.9826,0.07827606,0.07978021,0.00391380,16.3524,14.7115,1.6154,8.4000,3.7333,85.8500,5.2000,29.0000,15.5859,10.0,10.0,20.0,36.0,47.75,60.45,10.0,0.0,4.775,6.045,1.635238,11,41,21,3,0.10133955,0.09784508,0.72988506,0E-8,0.000000,0.891089,0.000000,-0.70331344,2026-03-23,2026-08-02,20,45,45,133,0.150376,1.860661,1.773442,0.337798,,,,,,,,GLOBAL_BASELINE_NO_ENTITY_RANKING,,,NOT_APPLICABLE_GLOBAL_BASELINE,HF9g-P5,,,,X 全窗基线 · 不参与实体赏罚,6872069,688,A168_HF9F_20260827_0900,2026-08-27 09:00:00
2026-07-14,125068900,2246,0,50.0000000000,-50.0000000000,-50.0000000000,0E-7,1,1,0.49324550000000000,0.493245500000,-0.9865810262130424,-0.9865810262130424,-0.9865810262130424,0E-17,ELIGIBLE,R03b_20260811_FULL_v1,L1_ELIGIBILITY,v2026-08-11,2026-03-21..2026-08-06,baccarat_bet02_101_all_pairs_incl_sentinel,round_win = game_pnl > 0 (decisive only),COMPATIBILITY_ONLY_NOT_PRODUCTION,1717.0000,1530.0000,168.0000,105,104,-0.09784508,-0.72988506,-0.02657161,-0.09784508,-168.0000,1717.0000,OK,0.0000,6.7200,4.0000,96.0000,AG03-UNRESOLVED,ALL5_LEVELS_bet23_to_bet27,6.7200,6.7200,6.7200,6.7200,6.7200,4.000000,4.000000,4.000000,4.000000,4.000000,96.000000,96.000000,96.000000,96.000000,96.000000,5.0,33.6000,31.0174,134.4000,136.9826,PENDING_AG03,FALSE,NOT_FOR_ENFORCEMENT,161.2800,1468.8000,168.0000,161.2800,6.7200,0.09784508,0.09393128,6.7200,161.2800,0.09393128,6.7200,6.7200,6.7200,6.7200,6.7200,161.2800,0.09393128,33.6000,31.0174,134.4000,136.9826,0.07827606,0.07978021,0.00391380,16.3524,14.7115,1.6154,8.4000,3.7333,85.8500,5.2000,29.0000,15.5859,10.0,10.0,20.0,36.0,47.75,60.45,10.0,0.0,4.775,6.045,1.635238,11,41,21,3,0.10133955,0.09784508,0.72988506,0E-8,0.000000,0.891089,0.000000,-0.70331344,2026-03-23,2026-08-02,20,45,45,133,0.150376,1.860661,1.773442,0.337798,,,,,,,,GLOBAL_BASELINE_NO_ENTITY_RANKING,,,NOT_APPLICABLE_GLOBAL_BASELINE,HF9g-P5,,,,X 全窗基线 · 不参与实体赏罚,6872070,688,A168_HF9F_20260827_0900,2026-08-27 09:00:00
2026-07-14,125068900,2261,0,10.0000000000,-10.0000000000,-10.0000000000,0E-7,1,1,0.50665070000000000,0.506650700000,-1.013391052207602,-1.013391052207602,-1.013391052207602,0E-17,ELIGIBLE,R03b_20260811_FULL_v1,L1_ELIGIBILITY,v2026-08-11,2026-03-21..2026-08-06,baccarat_bet02_101_all_pairs_incl_sentinel,round_win = game_pnl > 0 (decisive only),COMPATIBILITY_ONLY_NOT_PRODUCTION,1717.0000,1530.0000,168.0000,105,104,-0.09784508,-0.72988506,-0.02657161,-0.09784508,-168.0000,1717.0000,OK,0.0000,6.7200,4.0000,96.0000,AG03-UNRESOLVED,ALL5_LEVELS_bet23_to_bet27,6.7200,6.7200,6.7200,6.7200,6.7200,4.000000,4.000000,4.000000,4.000000,4.000000,96.000000,96.000000,96.000000,96.000000,96.000000,5.0,33.6000,31.0174,134.4000,136.9826,PENDING_AG03,FALSE,NOT_FOR_ENFORCEMENT,161.2800,1468.8000,168.0000,161.2800,6.7200,0.09784508,0.09393128,6.7200,161.2800,0.09393128,6.7200,6.7200,6.7200,6.7200,6.7200,161.2800,0.09393128,33.6000,31.0174,134.4000,136.9826,0.07827606,0.07978021,0.00391380,16.3524,14.7115,1.6154,8.4000,3.7333,85.8500,5.2000,29.0000,15.5859,10.0,10.0,20.0,36.0,47.75,60.45,10.0,0.0,4.775,6.045,1.635238,11,41,21,3,0.10133955,0.09784508,0.72988506,0E-8,0.000000,0.891089,0.000000,-0.70331344,2026-03-23,2026-08-02,20,45,45,133,0.150376,1.860661,1.773442,0.337798,,,,,,,,GLOBAL_BASELINE_NO_ENTITY_RANKING,,,NOT_APPLICABLE_GLOBAL_BASELINE,HF9g-P5,,,,X 全窗基线 · 不参与实体赏罚,6872071,688,A168_HF9F_20260827_0900,2026-08-27 09:00:00
2026-08-02,125068900,1505,0,20.0000000000,-20.0000000000,-20.0000000000,0E-7,1,1,0.50665070000000000,0.506650700000,-1.013391052207602,-1.013391052207602,-1.013391052207602,0E-17,ELIGIBLE,R03b_20260811_FULL_v1,L1_ELIGIBILITY,v2026-08-11,2026-03-21..2026-08-06,baccarat_bet02_101_all_pairs_incl_sentinel,round_win = game_pnl > 0 (decisive only),COMPATIBILITY_ONLY_NOT_PRODUCTION,1717.0000,1530.0000,168.0000,105,104,-0.09784508,-0.72988506,-0.02657161,-0.09784508,-168.0000,1717.0000,OK,0.0000,6.7200,4.0000,96.0000,AG03-UNRESOLVED,ALL5_LEVELS_bet23_to_bet27,6.7200,6.7200,6.7200,6.7200,6.7200,4.000000,4.000000,4.000000,4.000000,4.000000,96.000000,96.000000,96.000000,96.000000,96.000000,5.0,33.6000,31.0174,134.4000,136.9826,PENDING_AG03,FALSE,NOT_FOR_ENFORCEMENT,161.2800,1468.8000,168.0000,161.2800,6.7200,0.09784508,0.09393128,6.7200,161.2800,0.09393128,6.7200,6.7200,6.7200,6.7200,6.7200,161.2800,0.09393128,33.6000,31.0174,134.4000,136.9826,0.07827606,0.07978021,0.00391380,16.3524,14.7115,1.6154,8.4000,3.7333,85.8500,5.2000,29.0000,15.5859,10.0,10.0,20.0,36.0,47.75,60.45,10.0,0.0,4.775,6.045,1.635238,11,41,21,3,0.10133955,0.09784508,0.72988506,0E-8,0.000000,0.891089,0.000000,-0.70331344,2026-03-23,2026-08-02,20,45,45,133,0.150376,1.860661,1.773442,0.337798,,,,,,,,GLOBAL_BASELINE_NO_ENTITY_RANKING,,,NOT_APPLICABLE_GLOBAL_BASELINE,HF9g-P5,,,,X 全窗基线 · 不参与实体赏罚,6872072,688,A168_HF9F_20260827_0900,2026-08-27 09:00:00
2026-04-24,149067977,1325,0,10.0000000000,-10.0000000000,-10.0000000000,0E-7,1,1,0.49324550000000000,0.493245500000,-0.9865810262130424,-0.9865810262130424,-0.9865810262130424,0E-17,ELIGIBLE,R03b_20260811_FULL_v1,L1_ELIGIBILITY,v2026-08-11,2026-03-21..2026-08-06,baccarat_bet02_101_all_pairs_incl_sentinel,round_win = game_pnl > 0 (decisive only),COMPATIBILITY_ONLY_NOT_PRODUCTION,594.0000,544.0000,168.0000,14,14,-0.28282828,,-0.28282828,-0.28282828,-168.0000,594.0000,THIN_EXPOSURE,0.0000,6.7200,4.0000,96.0000,AG03-UNRESOLVED,ALL5_LEVELS_bet23_to_bet27,6.7200,6.7200,6.7200,8.4000,8.4000,4.000000,4.000000,4.000000,5.000000,5.000000,96.000000,96.000000,96.000000,95.000000,95.000000,5.0,36.9600,33.8563,131.0400,134.1437,PENDING_AG03,FALSE,NOT_FOR_ENFORCEMENT,161.2800,522.2400,168.0000,161.2800,6.7200,0.28282828,0.27151515,6.7200,161.2800,0.27151515,6.7200,6.7200,6.7200,8.4000,8.4000,161.2800,0.27151515,36.9600,33.8563,131.0400,134.1437,0.22060606,0.2258311,0.01131313,42.4286,38.8571,12.0000,84.0000,42.0000,297.0000,7.0000,,42.4286,20.0,50.0,50.0,69.4,93.2,100.0,50.0,-10.0,1.864,2.0,0.848571,4,5,2,1,0E-8,0.28282828,,0E-8,0.000000,0.915825,0.000000,,2026-04-24,2026-04-25,2,4,4,2,1.000000,,,0.000000,,,,,,,,GLOBAL_BASELINE_NO_ENTITY_RANKING,,,NOT_APPLICABLE_GLOBAL_BASELINE,HF9g-P5,,,,X 全窗基线 · 不参与实体赏罚,6872073,688,A168_HF9F_20260827_0900,2026-08-27 09:00:00
2026-04-24,149067977,2145,0,200.0000000000,0E-10,0E-10,0.6666667,3,3,0.49324550000000000,0.493245500000,0.6008033672792107,0.6008033672792106,0.6008033672792107,0E-17,ELIGIBLE,R03b_20260811_FULL_v1,L1_ELIGIBILITY,v2026-08-11,2026-03-21..2026-08-06,baccarat_bet02_101_all_pairs_incl_sentinel,round_win = game_pnl > 0 (decisive only),COMPATIBILITY_ONLY_NOT_PRODUCTION,594.0000,544.0000,168.0000,14,14,-0.28282828,,-0.28282828,-0.28282828,-168.0000,594.0000,THIN_EXPOSURE,0.0000,6.7200,4.0000,96.0000,AG03-UNRESOLVED,ALL5_LEVELS_bet23_to_bet27,6.7200,6.7200,6.7200,8.4000,8.4000,4.000000,4.000000,4.000000,5.000000,5.000000,96.000000,96.000000,96.000000,95.000000,95.000000,5.0,36.9600,33.8563,131.0400,134.1437,PENDING_AG03,FALSE,NOT_FOR_ENFORCEMENT,161.2800,522.2400,168.0000,161.2800,6.7200,0.28282828,0.27151515,6.7200,161.2800,0.27151515,6.7200,6.7200,6.7200,8.4000,8.4000,161.2800,0.27151515,36.9600,33.8563,131.0400,134.1437,0.22060606,0.2258311,0.01131313,42.4286,38.8571,12.0000,84.0000,42.0000,297.0000,7.0000,,42.4286,20.0,50.0,50.0,69.4,93.2,100.0,50.0,-10.0,1.864,2.0,0.848571,4,5,2,1,0E-8,0.28282828,,0E-8,0.000000,0.915825,0.000000,,2026-04-24,2026-04-25,2,4,4,2,1.000000,,,0.000000,,,,,,,,GLOBAL_BASELINE_NO_ENTITY_RANKING,,,NOT_APPLICABLE_GLOBAL_BASELINE,HF9g-P5,,,,X 全窗基线 · 不参与实体赏罚,6872074,688,A168_HF9F_20260827_0900,2026-08-27 09:00:00
2026-04-24,149067977,2223,0,60.0000000000,0E-10,0E-10,0.5000000,4,4,0.49324550000000000,0.493245500000,0.027020465636507562,0.027020465636507562,0.027020465636507562,0E-17,ELIGIBLE,R03b_20260811_FULL_v1,L1_ELIGIBILITY,v2026-08-11,2026-03-21..2026-08-06,baccarat_bet02_101_all_pairs_incl_sentinel,round_win = game_pnl > 0 (decisive only),COMPATIBILITY_ONLY_NOT_PRODUCTION,594.0000,544.0000,168.0000,14,14,-0.28282828,,-0.28282828,-0.28282828,-168.0000,594.0000,THIN_EXPOSURE,0.0000,6.7200,4.0000,96.0000,AG03-UNRESOLVED,ALL5_LEVELS_bet23_to_bet27,6.7200,6.7200,6.7200,8.4000,8.4000,4.000000,4.000000,4.000000,5.000000,5.000000,96.000000,96.000000,96.000000,95.000000,95.000000,5.0,36.9600,33.8563,131.0400,134.1437,PENDING_AG03,FALSE,NOT_FOR_ENFORCEMENT,161.2800,522.2400,168.0000,161.2800,6.7200,0.28282828,0.27151515,6.7200,161.2800,0.27151515,6.7200,6.7200,6.7200,8.4000,8.4000,161.2800,0.27151515,36.9600,33.8563,131.0400,134.1437,0.22060606,0.2258311,0.01131313,42.4286,38.8571,12.0000,84.0000,42.0000,297.0000,7.0000,,42.4286,20.0,50.0,50.0,69.4,93.2,100.0,50.0,-10.0,1.864,2.0,0.848571,4,5,2,1,0E-8,0.28282828,,0E-8,0.000000,0.915825,0.000000,,2026-04-24,2026-04-25,2,4,4,2,1.000000,,,0.000000,,,,,,,,GLOBAL_BASELINE_NO_ENTITY_RANKING,,,NOT_APPLICABLE_GLOBAL_BASELINE,HF9g-P5,,,,X 全窗基线 · 不参与实体赏罚,6872075,688,A168_HF9F_20260827_0900,2026-08-27 09:00:00
2026-04-25,149067977,1654,0,224.0000000000,-108.0000000000,-108.0000000000,0.2500000,4,4,0.49324550000000000,0.493245500000,-0.9730707933947887,-0.9730707933947887,-0.9730707933947887,0E-17,ELIGIBLE,R03b_20260811_FULL_v1,L1_ELIGIBILITY,v2026-08-11,2026-03-21..2026-08-06,baccarat_bet02_101_all_pairs_incl_sentinel,round_win = game_pnl > 0 (decisive only),COMPATIBILITY_ONLY_NOT_PRODUCTION,594.0000,544.0000,168.0000,14,14,-0.28282828,,-0.28282828,-0.28282828,-168.0000,594.0000,THIN_EXPOSURE,0.0000,6.7200,4.0000,96.0000,AG03-UNRESOLVED,ALL5_LEVELS_bet23_to_bet27,6.7200,6.7200,6.7200,8.4000,8.4000,4.000000,4.000000,4.000000,5.000000,5.000000,96.000000,96.000000,96.000000,95.000000,95.000000,5.0,36.9600,33.8563,131.0400,134.1437,PENDING_AG03,FALSE,NOT_FOR_ENFORCEMENT,161.2800,522.2400,168.0000,161.2800,6.7200,0.28282828,0.27151515,6.7200,161.2800,0.27151515,6.7200,6.7200,6.7200,8.4000,8.4000,161.2800,0.27151515,36.9600,33.8563,131.0400,134.1437,0.22060606,0.2258311,0.01131313,42.4286,38.8571,12.0000,84.0000,42.0000,297.0000,7.0000,,42.4286,20.0,50.0,50.0,69.4,93.2,100.0,50.0,-10.0,1.864,2.0,0.848571,4,5,2,1,0E-8,0.28282828,,0E-8,0.000000,0.915825,0.000000,,2026-04-24,2026-04-25,2,4,4,2,1.000000,,,0.000000,,,,,,,,GLOBAL_BASELINE_NO_ENTITY_RANKING,,,NOT_APPLICABLE_GLOBAL_BASELINE,HF9g-P5,,,,X 全窗基线 · 不参与实体赏罚,6872076,688,A168_HF9F_20260827_0900,2026-08-27 09:00:00
2026-04-25,149067977,471,0,100.0000000000,-50.0000000000,-50.0000000000,0E-7,2,2,0.49324550000000000,0.493245500000,-0.9865810262130424,-0.9865810262130424,-0.9865810262130424,0E-17,ELIGIBLE,R03b_20260811_FULL_v1,L1_ELIGIBILITY,v2026-08-11,2026-03-21..2026-08-06,baccarat_bet02_101_all_pairs_incl_sentinel,round_win = game_pnl > 0 (decisive only),COMPATIBILITY_ONLY_NOT_PRODUCTION,594.0000,544.0000,168.0000,14,14,-0.28282828,,-0.28282828,-0.28282828,-168.0000,594.0000,THIN_EXPOSURE,0.0000,6.7200,4.0000,96.0000,AG03-UNRESOLVED,ALL5_LEVELS_bet23_to_bet27,6.7200,6.7200,6.7200,8.4000,8.4000,4.000000,4.000000,4.000000,5.000000,5.000000,96.000000,96.000000,96.000000,95.000000,95.000000,5.0,36.9600,33.8563,131.0400,134.1437,PENDING_AG03,FALSE,NOT_FOR_ENFORCEMENT,161.2800,522.2400,168.0000,161.2800,6.7200,0.28282828,0.27151515,6.7200,161.2800,0.27151515,6.7200,6.7200,6.7200,8.4000,8.4000,161.2800,0.27151515,36.9600,33.8563,131.0400,134.1437,0.22060606,0.2258311,0.01131313,42.4286,38.8571,12.0000,84.0000,42.0000,297.0000,7.0000,,42.4286,20.0,50.0,50.0,69.4,93.2,100.0,50.0,-10.0,1.864,2.0,0.848571,4,5,2,1,0E-8,0.28282828,,0E-8,0.000000,0.915825,0.000000,,2026-04-24,2026-04-25,2,4,4,2,1.000000,,,0.000000,,,,,,,,GLOBAL_BASELINE_NO_ENTITY_RANKING,,,NOT_APPLICABLE_GLOBAL_BASELINE,HF9g-P5,,,,X 全窗基线 · 不参与实体赏罚,6872077,688,A168_HF9F_20260827_0900,2026-08-27 09:00:00
2026-05-19,150282022,-1,1,274.0000000000,-85.0000000000,-85.0000000000,0.3846154,13,13,0.49737017692307692,0.497370176923,-0.8130976172336433,-0.8130976172330893,-0.8130976172336433,7.692E-14,SENTINEL_DEALER,R03b_20260811_FULL_v1,L1_ELIGIBILITY,v2026-08-11,2026-03-21..2026-08-06,baccarat_bet02_101_all_pairs_incl_sentinel,round_win = game_pnl > 0 (decisive only),COMPATIBILITY_ONLY_NOT_PRODUCTION,496.0000,476.0000,168.0000,23,23,-0.33870968,,-0.33870968,-0.33870968,-168.0000,496.0000,THIN_EXPOSURE,0.0000,6.7200,4.0000,96.0000,AG03-UNRESOLVED,ALL5_LEVELS_bet23_to_bet27,6.7200,6.7200,6.7200,8.4000,8.4000,4.000000,4.000000,4.000000,5.000000,5.000000,96.000000,96.000000,96.000000,95.000000,95.000000,5.0,36.9600,33.8563,131.0400,134.1437,PENDING_AG03,FALSE,NOT_FOR_ENFORCEMENT,161.2800,456.9600,168.0000,161.2800,6.7200,0.33870968,0.32516129,6.7200,161.2800,0.32516129,6.7200,6.7200,6.7200,8.4000,8.4000,161.2800,0.32516129,36.9600,33.8563,131.0400,134.1437,0.26419355,0.27045095,0.01354839,21.5652,20.6957,7.3043,84.0000,8.8421,248.0000,11.5000,,21.5652,20.0,20.0,20.0,26.4,40.7,42.0,20.0,-20.0,2.035,2.1,1.078261,18,11,2,2,0E-8,0.33870968,,0E-8,0.000000,0.959677,0.000000,,2026-05-19,2026-05-25,2,19,19,7,0.285714,,,0.000000,,,,,,,,GLOBAL_BASELINE_NO_ENTITY_RANKING,,,NOT_APPLICABLE_GLOBAL_BASELINE,HF9g-P5,,,,X 全窗基线 · 不参与实体赏罚,6872078,688,A168_HF9F_20260827_0900,2026-08-27 09:00:00
2026-05-19,150282022,1017,0,20.0000000000,0E-10,0E-10,,1,1,0.50665070000000000,0.506650700000,,,,0E-17,NO_DECISIVE_ROUND,R03b_20260811_FULL_v1,L1_ELIGIBILITY,v2026-08-11,2026-03-21..2026-08-06,baccarat_bet02_101_all_pairs_incl_sentinel,round_win = game_pnl > 0 (decisive only),COMPATIBILITY_ONLY_NOT_PRODUCTION,496.0000,476.0000,168.0000,23,23,-0.33870968,,-0.33870968,-0.33870968,-168.0000,496.0000,THIN_EXPOSURE,0.0000,6.7200,4.0000,96.0000,AG03-UNRESOLVED,ALL5_LEVELS_bet23_to_bet27,6.7200,6.7200,6.7200,8.4000,8.4000,4.000000,4.000000,4.000000,5.000000,5.000000,96.000000,96.000000,96.000000,95.000000,95.000000,5.0,36.9600,33.8563,131.0400,134.1437,PENDING_AG03,FALSE,NOT_FOR_ENFORCEMENT,161.2800,456.9600,168.0000,161.2800,6.7200,0.33870968,0.32516129,6.7200,161.2800,0.32516129,6.7200,6.7200,6.7200,8.4000,8.4000,161.2800,0.32516129,36.9600,33.8563,131.0400,134.1437,0.26419355,0.27045095,0.01354839,21.5652,20.6957,7.3043,84.0000,8.8421,248.0000,11.5000,,21.5652,20.0,20.0,20.0,26.4,40.7,42.0,20.0,-20.0,2.035,2.1,1.078261,18,11,2,2,0E-8,0.33870968,,0E-8,0.000000,0.959677,0.000000,,2026-05-19,2026-05-25,2,19,19,7,0.285714,,,0.000000,,,,,,,,GLOBAL_BASELINE_NO_ENTITY_RANKING,,,NOT_APPLICABLE_GLOBAL_BASELINE,HF9g-P5,,,,X 全窗基线 · 不参与实体赏罚,6872079,688,A168_HF9F_20260827_0900,2026-08-27 09:00:00
2026-05-19,150282022,1505,0,20.0000000000,19.0000000000,19.0000000000,1.0000000,1,1,0.50665070000000000,0.506650700000,0.9867858985152569,0.9867858985152569,0.9867858985152569,0E-17,ELIGIBLE,R03b_20260811_FULL_v1,L1_ELIGIBILITY,v2026-08-11,2026-03-21..2026-08-06,baccarat_bet02_101_all_pairs_incl_sentinel,round_win = game_pnl > 0 (decisive only),COMPATIBILITY_ONLY_NOT_PRODUCTION,496.0000,476.0000,168.0000,23,23,-0.33870968,,-0.33870968,-0.33870968,-168.0000,496.0000,THIN_EXPOSURE,0.0000,6.7200,4.0000,96.0000,AG03-UNRESOLVED,ALL5_LEVELS_bet23_to_bet27,6.7200,6.7200,6.7200,8.4000,8.4000,4.000000,4.000000,4.000000,5.000000,5.000000,96.000000,96.000000,96.000000,95.000000,95.000000,5.0,36.9600,33.8563,131.0400,134.1437,PENDING_AG03,FALSE,NOT_FOR_ENFORCEMENT,161.2800,456.9600,168.0000,161.2800,6.7200,0.33870968,0.32516129,6.7200,161.2800,0.32516129,6.7200,6.7200,6.7200,8.4000,8.4000,161.2800,0.32516129,36.9600,33.8563,131.0400,134.1437,0.26419355,0.27045095,0.01354839,21.5652,20.6957,7.3043,84.0000,8.8421,248.0000,11.5000,,21.5652,20.0,20.0,20.0,26.4,40.7,42.0,20.0,-20.0,2.035,2.1,1.078261,18,11,2,2,0E-8,0.33870968,,0E-8,0.000000,0.959677,0.000000,,2026-05-19,2026-05-25,2,19,19,7,0.285714,,,0.000000,,,,,,,,GLOBAL_BASELINE_NO_ENTITY_RANKING,,,NOT_APPLICABLE_GLOBAL_BASELINE,HF9g-P5,,,,X 全窗基线 · 不参与实体赏罚,6872080,688,A168_HF9F_20260827_0900,2026-08-27 09:00:00
2026-05-19,150282022,1994,0,20.0000000000,-20.0000000000,-20.0000000000,0E-7,1,1,0.49324550000000000,0.493245500000,-0.9865810262130424,-0.9865810262130424,-0.9865810262130424,0E-17,ELIGIBLE,R03b_20260811_FULL_v1,L1_ELIGIBILITY,v2026-08-11,2026-03-21..2026-08-06,baccarat_bet02_101_all_pairs_incl_sentinel,round_win = game_pnl > 0 (decisive only),COMPATIBILITY_ONLY_NOT_PRODUCTION,496.0000,476.0000,168.0000,23,23,-0.33870968,,-0.33870968,-0.33870968,-168.0000,496.0000,THIN_EXPOSURE,0.0000,6.7200,4.0000,96.0000,AG03-UNRESOLVED,ALL5_LEVELS_bet23_to_bet27,6.7200,6.7200,6.7200,8.4000,8.4000,4.000000,4.000000,4.000000,5.000000,5.000000,96.000000,96.000000,96.000000,95.000000,95.000000,5.0,36.9600,33.8563,131.0400,134.1437,PENDING_AG03,FALSE,NOT_FOR_ENFORCEMENT,161.2800,456.9600,168.0000,161.2800,6.7200,0.33870968,0.32516129,6.7200,161.2800,0.32516129,6.7200,6.7200,6.7200,8.4000,8.4000,161.2800,0.32516129,36.9600,33.8563,131.0400,134.1437,0.26419355,0.27045095,0.01354839,21.5652,20.6957,7.3043,84.0000,8.8421,248.0000,11.5000,,21.5652,20.0,20.0,20.0,26.4,40.7,42.0,20.0,-20.0,2.035,2.1,1.078261,18,11,2,2,0E-8,0.33870968,,0E-8,0.000000,0.959677,0.000000,,2026-05-19,2026-05-25,2,19,19,7,0.285714,,,0.000000,,,,,,,,GLOBAL_BASELINE_NO_ENTITY_RANKING,,,NOT_APPLICABLE_GLOBAL_BASELINE,HF9g-P5,,,,X 全窗基线 · 不参与实体赏罚,6872081,688,A168_HF9F_20260827_0900,2026-08-27 09:00:00
2026-05-19,150282022,2088,0,20.0000000000,-20.0000000000,-20.0000000000,0E-7,1,1,0.49324550000000000,0.493245500000,-0.9865810262130424,-0.9865810262130424,-0.9865810262130424,0E-17,ELIGIBLE,R03b_20260811_FULL_v1,L1_ELIGIBILITY,v2026-08-11,2026-03-21..2026-08-06,baccarat_bet02_101_all_pairs_incl_sentinel,round_win = game_pnl > 0 (decisive only),COMPATIBILITY_ONLY_NOT_PRODUCTION,496.0000,476.0000,168.0000,23,23,-0.33870968,,-0.33870968,-0.33870968,-168.0000,496.0000,THIN_EXPOSURE,0.0000,6.7200,4.0000,96.0000,AG03-UNRESOLVED,ALL5_LEVELS_bet23_to_bet27,6.7200,6.7200,6.7200,8.4000,8.4000,4.000000,4.000000,4.000000,5.000000,5.000000,96.000000,96.000000,96.000000,95.000000,95.000000,5.0,36.9600,33.8563,131.0400,134.1437,PENDING_AG03,FALSE,NOT_FOR_ENFORCEMENT,161.2800,456.9600,168.0000,161.2800,6.7200,0.33870968,0.32516129,6.7200,161.2800,0.32516129,6.7200,6.7200,6.7200,8.4000,8.4000,161.2800,0.32516129,36.9600,33.8563,131.0400,134.1437,0.26419355,0.27045095,0.01354839,21.5652,20.6957,7.3043,84.0000,8.8421,248.0000,11.5000,,21.5652,20.0,20.0,20.0,26.4,40.7,42.0,20.0,-20.0,2.035,2.1,1.078261,18,11,2,2,0E-8,0.33870968,,0E-8,0.000000,0.959677,0.000000,,2026-05-19,2026-05-25,2,19,19,7,0.285714,,,0.000000,,,,,,,,GLOBAL_BASELINE_NO_ENTITY_RANKING,,,NOT_APPLICABLE_GLOBAL_BASELINE,HF9g-P5,,,,X 全窗基线 · 不参与实体赏罚,6872082,688,A168_HF9F_20260827_0900,2026-08-27 09:00:00
2026-05-19,150282022,2160,0,20.0000000000,-20.0000000000,-20.0000000000,0E-7,1,1,0.49324550000000000,0.493245500000,-0.9865810262130424,-0.9865810262130424,-0.9865810262130424,0E-17,ELIGIBLE,R03b_20260811_FULL_v1,L1_ELIGIBILITY,v2026-08-11,2026-03-21..2026-08-06,baccarat_bet02_101_all_pairs_incl_sentinel,round_win = game_pnl > 0 (decisive only),COMPATIBILITY_ONLY_NOT_PRODUCTION,496.0000,476.0000,168.0000,23,23,-0.33870968,,-0.33870968,-0.33870968,-168.0000,496.0000,THIN_EXPOSURE,0.0000,6.7200,4.0000,96.0000,AG03-UNRESOLVED,ALL5_LEVELS_bet23_to_bet27,6.7200,6.7200,6.7200,8.4000,8.4000,4.000000,4.000000,4.000000,5.000000,5.000000,96.000000,96.000000,96.000000,95.000000,95.000000,5.0,36.9600,33.8563,131.0400,134.1437,PENDING_AG03,FALSE,NOT_FOR_ENFORCEMENT,161.2800,456.9600,168.0000,161.2800,6.7200,0.33870968,0.32516129,6.7200,161.2800,0.32516129,6.7200,6.7200,6.7200,8.4000,8.4000,161.2800,0.32516129,36.9600,33.8563,131.0400,134.1437,0.26419355,0.27045095,0.01354839,21.5652,20.6957,7.3043,84.0000,8.8421,248.0000,11.5000,,21.5652,20.0,20.0,20.0,26.4,40.7,42.0,20.0,-20.0,2.035,2.1,1.078261,18,11,2,2,0E-8,0.33870968,,0E-8,0.000000,0.959677,0.000000,,2026-05-19,2026-05-25,2,19,19,7,0.285714,,,0.000000,,,,,,,,GLOBAL_BASELINE_NO_ENTITY_RANKING,,,NOT_APPLICABLE_GLOBAL_BASELINE,HF9g-P5,,,,X 全窗基线 · 不参与实体赏罚,6872083,688,A168_HF9F_20260827_0900,2026-08-27 09:00:00
2026-05-19,150282022,2212,0,20.0000000000,20.0000000000,20.0000000000,1.0000000,1,1,0.49324550000000000,0.493245500000,1.01360149184955,1.01360149184955,1.01360149184955,0E-17,ELIGIBLE,R03b_20260811_FULL_v1,L1_ELIGIBILITY,v2026-08-11,2026-03-21..2026-08-06,baccarat_bet02_101_all_pairs_incl_sentinel,round_win = game_pnl > 0 (decisive only),COMPATIBILITY_ONLY_NOT_PRODUCTION,496.0000,476.0000,168.0000,23,23,-0.33870968,,-0.33870968,-0.33870968,-168.0000,496.0000,THIN_EXPOSURE,0.0000,6.7200,4.0000,96.0000,AG03-UNRESOLVED,ALL5_LEVELS_bet23_to_bet27,6.7200,6.7200,6.7200,8.4000,8.4000,4.000000,4.000000,4.000000,5.000000,5.000000,96.000000,96.000000,96.000000,95.000000,95.000000,5.0,36.9600,33.8563,131.0400,134.1437,PENDING_AG03,FALSE,NOT_FOR_ENFORCEMENT,161.2800,456.9600,168.0000,161.2800,6.7200,0.33870968,0.32516129,6.7200,161.2800,0.32516129,6.7200,6.7200,6.7200,8.4000,8.4000,161.2800,0.32516129,36.9600,33.8563,131.0400,134.1437,0.26419355,0.27045095,0.01354839,21.5652,20.6957,7.3043,84.0000,8.8421,248.0000,11.5000,,21.5652,20.0,20.0,20.0,26.4,40.7,42.0,20.0,-20.0,2.035,2.1,1.078261,18,11,2,2,0E-8,0.33870968,,0E-8,0.000000,0.959677,0.000000,,2026-05-19,2026-05-25,2,19,19,7,0.285714,,,0.000000,,,,,,,,GLOBAL_BASELINE_NO_ENTITY_RANKING,,,NOT_APPLICABLE_GLOBAL_BASELINE,HF9g-P5,,,,X 全窗基线 · 不参与实体赏罚,6872084,688,A168_HF9F_20260827_0900,2026-08-27 09:00:00
2026-05-19,150282022,2234,0,20.0000000000,-20.0000000000,-20.0000000000,0E-7,1,1,0.50665070000000000,0.506650700000,-1.013391052207602,-1.013391052207602,-1.013391052207602,0E-17,ELIGIBLE,R03b_20260811_FULL_v1,L1_ELIGIBILITY,v2026-08-11,2026-03-21..2026-08-06,baccarat_bet02_101_all_pairs_incl_sentinel,round_win = game_pnl > 0 (decisive only),COMPATIBILITY_ONLY_NOT_PRODUCTION,496.0000,476.0000,168.0000,23,23,-0.33870968,,-0.33870968,-0.33870968,-168.0000,496.0000,THIN_EXPOSURE,0.0000,6.7200,4.0000,96.0000,AG03-UNRESOLVED,ALL5_LEVELS_bet23_to_bet27,6.7200,6.7200,6.7200,8.4000,8.4000,4.000000,4.000000,4.000000,5.000000,5.000000,96.000000,96.000000,96.000000,95.000000,95.000000,5.0,36.9600,33.8563,131.0400,134.1437,PENDING_AG03,FALSE,NOT_FOR_ENFORCEMENT,161.2800,456.9600,168.0000,161.2800,6.7200,0.33870968,0.32516129,6.7200,161.2800,0.32516129,6.7200,6.7200,6.7200,8.4000,8.4000,161.2800,0.32516129,36.9600,33.8563,131.0400,134.1437,0.26419355,0.27045095,0.01354839,21.5652,20.6957,7.3043,84.0000,8.8421,248.0000,11.5000,,21.5652,20.0,20.0,20.0,26.4,40.7,42.0,20.0,-20.0,2.035,2.1,1.078261,18,11,2,2,0E-8,0.33870968,,0E-8,0.000000,0.959677,0.000000,,2026-05-19,2026-05-25,2,19,19,7,0.285714,,,0.000000,,,,,,,,GLOBAL_BASELINE_NO_ENTITY_RANKING,,,NOT_APPLICABLE_GLOBAL_BASELINE,HF9g-P5,,,,X 全窗基线 · 不参与实体赏罚,6872085,688,A168_HF9F_20260827_0900,2026-08-27 09:00:00
2026-05-19,150282022,2266,0,20.0000000000,20.0000000000,20.0000000000,1.0000000,1,1,0.49324550000000000,0.493245500000,1.01360149184955,1.01360149184955,1.01360149184955,0E-17,ELIGIBLE,R03b_20260811_FULL_v1,L1_ELIGIBILITY,v2026-08-11,2026-03-21..2026-08-06,baccarat_bet02_101_all_pairs_incl_sentinel,round_win = game_pnl > 0 (decisive only),COMPATIBILITY_ONLY_NOT_PRODUCTION,496.0000,476.0000,168.0000,23,23,-0.33870968,,-0.33870968,-0.33870968,-168.0000,496.0000,THIN_EXPOSURE,0.0000,6.7200,4.0000,96.0000,AG03-UNRESOLVED,ALL5_LEVELS_bet23_to_bet27,6.7200,6.7200,6.7200,8.4000,8.4000,4.000000,4.000000,4.000000,5.000000,5.000000,96.000000,96.000000,96.000000,95.000000,95.000000,5.0,36.9600,33.8563,131.0400,134.1437,PENDING_AG03,FALSE,NOT_FOR_ENFORCEMENT,161.2800,456.9600,168.0000,161.2800,6.7200,0.33870968,0.32516129,6.7200,161.2800,0.32516129,6.7200,6.7200,6.7200,8.4000,8.4000,161.2800,0.32516129,36.9600,33.8563,131.0400,134.1437,0.26419355,0.27045095,0.01354839,21.5652,20.6957,7.3043,84.0000,8.8421,248.0000,11.5000,,21.5652,20.0,20.0,20.0,26.4,40.7,42.0,20.0,-20.0,2.035,2.1,1.078261,18,11,2,2,0E-8,0.33870968,,0E-8,0.000000,0.959677,0.000000,,2026-05-19,2026-05-25,2,19,19,7,0.285714,,,0.000000,,,,,,,,GLOBAL_BASELINE_NO_ENTITY_RANKING,,,NOT_APPLICABLE_GLOBAL_BASELINE,HF9g-P5,,,,X 全窗基线 · 不参与实体赏罚,6872086,688,A168_HF9F_20260827_0900,2026-08-27 09:00:00
2026-05-19,150282022,925,0,20.0000000000,-20.0000000000,-20.0000000000,0E-7,1,1,0.49324550000000000,0.493245500000,-0.9865810262130424,-0.9865810262130424,-0.9865810262130424,0E-17,ELIGIBLE,R03b_20260811_FULL_v1,L1_ELIGIBILITY,v2026-08-11,2026-03-21..2026-08-06,baccarat_bet02_101_all_pairs_incl_sentinel,round_win = game_pnl > 0 (decisive only),COMPATIBILITY_ONLY_NOT_PRODUCTION,496.0000,476.0000,168.0000,23,23,-0.33870968,,-0.33870968,-0.33870968,-168.0000,496.0000,THIN_EXPOSURE,0.0000,6.7200,4.0000,96.0000,AG03-UNRESOLVED,ALL5_LEVELS_bet23_to_bet27,6.7200,6.7200,6.7200,8.4000,8.4000,4.000000,4.000000,4.000000,5.000000,5.000000,96.000000,96.000000,96.000000,95.000000,95.000000,5.0,36.9600,33.8563,131.0400,134.1437,PENDING_AG03,FALSE,NOT_FOR_ENFORCEMENT,161.2800,456.9600,168.0000,161.2800,6.7200,0.33870968,0.32516129,6.7200,161.2800,0.32516129,6.7200,6.7200,6.7200,8.4000,8.4000,161.2800,0.32516129,36.9600,33.8563,131.0400,134.1437,0.26419355,0.27045095,0.01354839,21.5652,20.6957,7.3043,84.0000,8.8421,248.0000,11.5000,,21.5652,20.0,20.0,20.0,26.4,40.7,42.0,20.0,-20.0,2.035,2.1,1.078261,18,11,2,2,0E-8,0.33870968,,0E-8,0.000000,0.959677,0.000000,,2026-05-19,2026-05-25,2,19,19,7,0.285714,,,0.000000,,,,,,,,GLOBAL_BASELINE_NO_ENTITY_RANKING,,,NOT_APPLICABLE_GLOBAL_BASELINE,HF9g-P5,,,,X 全窗基线 · 不参与实体赏罚,6872087,688,A168_HF9F_20260827_0900,2026-08-27 09:00:00
2026-05-25,150282022,1374,0,42.0000000000,-42.0000000000,-42.0000000000,0E-7,1,1,0.50665070000000000,0.506650700000,-1.013391052207602,-1.013391052207602,-1.013391052207602,0E-17,ELIGIBLE,R03b_20260811_FULL_v1,L1_ELIGIBILITY,v2026-08-11,2026-03-21..2026-08-06,baccarat_bet02_101_all_pairs_incl_sentinel,round_win = game_pnl > 0 (decisive only),COMPATIBILITY_ONLY_NOT_PRODUCTION,496.0000,476.0000,168.0000,23,23,-0.33870968,,-0.33870968,-0.33870968,-168.0000,496.0000,THIN_EXPOSURE,0.0000,6.7200,4.0000,96.0000,AG03-UNRESOLVED,ALL5_LEVELS_bet23_to_bet27,6.7200,6.7200,6.7200,8.4000,8.4000,4.000000,4.000000,4.000000,5.000000,5.000000,96.000000,96.000000,96.000000,95.000000,95.000000,5.0,36.9600,33.8563,131.0400,134.1437,PENDING_AG03,FALSE,NOT_FOR_ENFORCEMENT,161.2800,456.9600,168.0000,161.2800,6.7200,0.33870968,0.32516129,6.7200,161.2800,0.32516129,6.7200,6.7200,6.7200,8.4000,8.4000,161.2800,0.32516129,36.9600,33.8563,131.0400,134.1437,0.26419355,0.27045095,0.01354839,21.5652,20.6957,7.3043,84.0000,8.8421,248.0000,11.5000,,21.5652,20.0,20.0,20.0,26.4,40.7,42.0,20.0,-20.0,2.035,2.1,1.078261,18,11,2,2,0E-8,0.33870968,,0E-8,0.000000,0.959677,0.000000,,2026-05-19,2026-05-25,2,19,19,7,0.285714,,,0.000000,,,,,,,,GLOBAL_BASELINE_NO_ENTITY_RANKING,,,NOT_APPLICABLE_GLOBAL_BASELINE,HF9g-P5,,,,X 全窗基线 · 不参与实体赏罚,6872088,688,A168_HF9F_20260827_0900,2026-08-27 09:00:00
2026-07-25,124953913,1318,0,130.0000000000,-130.0000000000,-130.0000000000,0E-7,3,3,0.50665070000000000,0.506650700000,-1.7552447903592512,-1.7552447903592512,-1.7552447903592512,0E-17,ELIGIBLE,R03b_20260811_FULL_v1,L1_ELIGIBILITY,v2026-08-11,2026-03-21..2026-08-06,baccarat_bet02_101_all_pairs_incl_sentinel,round_win = game_pnl > 0 (decisive only),COMPATIBILITY_ONLY_NOT_PRODUCTION,420.0000,390.0000,168.0000,10,10,-0.40000000,-0.40000000,,-0.40000000,-168.0000,420.0000,THIN_EXPOSURE,0.0000,6.7200,4.0000,96.0000,AG03-UNRESOLVED,ALL5_LEVELS_bet23_to_bet27,6.7200,6.7200,6.7200,6.7200,6.7200,4.000000,4.000000,4.000000,4.000000,4.000000,96.000000,96.000000,96.000000,96.000000,96.000000,5.0,33.6000,31.0174,134.4000,136.9826,PENDING_AG03,FALSE,NOT_FOR_ENFORCEMENT,161.2800,374.4000,168.0000,161.2800,6.7200,0.40000000,0.38400000,6.7200,161.2800,0.38400000,6.7200,6.7200,6.7200,6.7200,6.7200,161.2800,0.38400000,33.6000,31.0174,134.4000,136.9826,0.32000000,0.32614908,0.01600000,42.0000,39.0000,16.8000,84.0000,56.0000,210.0000,5.0000,42.0000,,30.0,30.0,50.0,85.0,120.0,120.0,30.0,-15.0,4.0,4.0,1.4,2,4,2,4,1.00000000,0.40000000,0.40000000,0E-8,0.000000,0.928571,0.000000,,2026-07-25,2026-08-02,2,3,3,9,0.222222,,1.000000,3.333333,,,,,,,,GLOBAL_BASELINE_NO_ENTITY_RANKING,,,NOT_APPLICABLE_GLOBAL_BASELINE,HF9g-P5,,,,X 全窗基线 · 不参与实体赏罚,6872089,688,A168_HF9F_20260827_0900,2026-08-27 09:00:00
2026-07-25,124953913,1384,0,80.0000000000,25.0000000000,25.0000000000,0.6666667,3,3,0.45881706666666667,0.458817066667,0.7224669626844794,0.7224669626832808,0.7224669626844794,-3.3333E-13,ELIGIBLE,R03b_20260811_FULL_v1,L1_ELIGIBILITY,v2026-08-11,2026-03-21..2026-08-06,baccarat_bet02_101_all_pairs_incl_sentinel,round_win = game_pnl > 0 (decisive only),COMPATIBILITY_ONLY_NOT_PRODUCTION,420.0000,390.0000,168.0000,10,10,-0.40000000,-0.40000000,,-0.40000000,-168.0000,420.0000,THIN_EXPOSURE,0.0000,6.7200,4.0000,96.0000,AG03-UNRESOLVED,ALL5_LEVELS_bet23_to_bet27,6.7200,6.7200,6.7200,6.7200,6.7200,4.000000,4.000000,4.000000,4.000000,4.000000,96.000000,96.000000,96.000000,96.000000,96.000000,5.0,33.6000,31.0174,134.4000,136.9826,PENDING_AG03,FALSE,NOT_FOR_ENFORCEMENT,161.2800,374.4000,168.0000,161.2800,6.7200,0.40000000,0.38400000,6.7200,161.2800,0.38400000,6.7200,6.7200,6.7200,6.7200,6.7200,161.2800,0.38400000,33.6000,31.0174,134.4000,136.9826,0.32000000,0.32614908,0.01600000,42.0000,39.0000,16.8000,84.0000,56.0000,210.0000,5.0000,42.0000,,30.0,30.0,50.0,85.0,120.0,120.0,30.0,-15.0,4.0,4.0,1.4,2,4,2,4,1.00000000,0.40000000,0.40000000,0E-8,0.000000,0.928571,0.000000,,2026-07-25,2026-08-02,2,3,3,9,0.222222,,1.000000,3.333333,,,,,,,,GLOBAL_BASELINE_NO_ENTITY_RANKING,,,NOT_APPLICABLE_GLOBAL_BASELINE,HF9g-P5,,,,X 全窗基线 · 不参与实体赏罚,6872090,688,A168_HF9F_20260827_0900,2026-08-27 09:00:00
2026-07-25,124953913,2174,0,180.0000000000,-63.0000000000,-63.0000000000,0.6666667,3,3,0.50665070000000000,0.506650700000,0.5543606114942035,0.5543606114942035,0.5543606114942035,0E-17,ELIGIBLE,R03b_20260811_FULL_v1,L1_ELIGIBILITY,v2026-08-11,2026-03-21..2026-08-06,baccarat_bet02_101_all_pairs_incl_sentinel,round_win = game_pnl > 0 (decisive only),COMPATIBILITY_ONLY_NOT_PRODUCTION,420.0000,390.0000,168.0000,10,10,-0.40000000,-0.40000000,,-0.40000000,-168.0000,420.0000,THIN_EXPOSURE,0.0000,6.7200,4.0000,96.0000,AG03-UNRESOLVED,ALL5_LEVELS_bet23_to_bet27,6.7200,6.7200,6.7200,6.7200,6.7200,4.000000,4.000000,4.000000,4.000000,4.000000,96.000000,96.000000,96.000000,96.000000,96.000000,5.0,33.6000,31.0174,134.4000,136.9826,PENDING_AG03,FALSE,NOT_FOR_ENFORCEMENT,161.2800,374.4000,168.0000,161.2800,6.7200,0.40000000,0.38400000,6.7200,161.2800,0.38400000,6.7200,6.7200,6.7200,6.7200,6.7200,161.2800,0.38400000,33.6000,31.0174,134.4000,136.9826,0.32000000,0.32614908,0.01600000,42.0000,39.0000,16.8000,84.0000,56.0000,210.0000,5.0000,42.0000,,30.0,30.0,50.0,85.0,120.0,120.0,30.0,-15.0,4.0,4.0,1.4,2,4,2,4,1.00000000,0.40000000,0.40000000,0E-8,0.000000,0.928571,0.000000,,2026-07-25,2026-08-02,2,3,3,9,0.222222,,1.000000,3.333333,,,,,,,,GLOBAL_BASELINE_NO_ENTITY_RANKING,,,NOT_APPLICABLE_GLOBAL_BASELINE,HF9g-P5,,,,X 全窗基线 · 不参与实体赏罚,6872091,688,A168_HF9F_20260827_0900,2026-08-27 09:00:00
2026-08-02,124953913,2169,0,30.0000000000,0E-10,0E-10,,1,1,0.49324550000000000,0.493245500000,,,,0E-17,NO_DECISIVE_ROUND,R03b_20260811_FULL_v1,L1_ELIGIBILITY,v2026-08-11,2026-03-21..2026-08-06,baccarat_bet02_101_all_pairs_incl_sentinel,round_win = game_pnl > 0 (decisive only),COMPATIBILITY_ONLY_NOT_PRODUCTION,420.0000,390.0000,168.0000,10,10,-0.40000000,-0.40000000,,-0.40000000,-168.0000,420.0000,THIN_EXPOSURE,0.0000,6.7200,4.0000,96.0000,AG03-UNRESOLVED,ALL5_LEVELS_bet23_to_bet27,6.7200,6.7200,6.7200,6.7200,6.7200,4.000000,4.000000,4.000000,4.000000,4.000000,96.000000,96.000000,96.000000,96.000000,96.000000,5.0,33.6000,31.0174,134.4000,136.9826,PENDING_AG03,FALSE,NOT_FOR_ENFORCEMENT,161.2800,374.4000,168.0000,161.2800,6.7200,0.40000000,0.38400000,6.7200,161.2800,0.38400000,6.7200,6.7200,6.7200,6.7200,6.7200,161.2800,0.38400000,33.6000,31.0174,134.4000,136.9826,0.32000000,0.32614908,0.01600000,42.0000,39.0000,16.8000,84.0000,56.0000,210.0000,5.0000,42.0000,,30.0,30.0,50.0,85.0,120.0,120.0,30.0,-15.0,4.0,4.0,1.4,2,4,2,4,1.00000000,0.40000000,0.40000000,0E-8,0.000000,0.928571,0.000000,,2026-07-25,2026-08-02,2,3,3,9,0.222222,,1.000000,3.333333,,,,,,,,GLOBAL_BASELINE_NO_ENTITY_RANKING,,,NOT_APPLICABLE_GLOBAL_BASELINE,HF9g-P5,,,,X 全窗基线 · 不参与实体赏罚,6872092,688,A168_HF9F_20260827_0900,2026-08-27 09:00:00
2026-05-04,78088385,2241,0,168.0000000000,-168.0000000000,-168.0000000000,0E-7,2,2,0.50665070000000000,0.506650700000,-1.4331513700195317,-1.4331513700195317,-1.4331513700195317,0E-17,ELIGIBLE,R03b_20260811_FULL_v1,L1_ELIGIBILITY,v2026-08-11,2026-03-21..2026-08-06,baccarat_bet02_101_all_pairs_incl_sentinel,round_win = game_pnl > 0 (decisive only),COMPATIBILITY_ONLY_NOT_PRODUCTION,168.0000,168.0000,168.0000,2,2,-1.00000000,,-1.00000000,-1.00000000,-168.0000,168.0000,THIN_EXPOSURE,0.0000,6.7200,4.0000,96.0000,AG03-UNRESOLVED,ALL5_LEVELS_bet23_to_bet27,6.7200,6.7200,7.5600,7.5600,7.5600,4.000000,4.000000,4.500000,4.500000,4.500000,96.000000,96.000000,95.500000,95.500000,95.500000,5.0,36.1200,33.1466,131.8800,134.8534,PENDING_AG03,FALSE,NOT_FOR_ENFORCEMENT,161.2800,161.2800,168.0000,161.2800,6.7200,1.00000000,0.96000000,6.7200,161.2800,0.96000000,6.7200,6.7200,7.5600,7.5600,7.5600,161.2800,0.96000000,36.1200,33.1466,131.8800,134.8534,0.78500000,0.80269874,0.04000000,84.0000,84.0000,84.0000,168.0000,168.0000,168.0000,2.0000,,84.0000,68.0,84.0,100.0,100.0,100.0,100.0,84.0,-84.0,1.190476,1.190476,1.0,1,1,1,1,0E-8,1.00000000,,0E-8,0.000000,1.000000,1.000000,,2026-05-04,2026-05-04,1,1,1,1,1.000000,,,0.000000,,,,,,,,GLOBAL_BASELINE_NO_ENTITY_RANKING,,,NOT_APPLICABLE_GLOBAL_BASELINE,HF9g-P5,,,,X 全窗基线 · 不参与实体赏罚,6872093,688,A168_HF9F_20260827_0900,2026-08-27 09:00:00
2026-05-18,117673642,1210,0,100.0000000000,-100.0000000000,-100.0000000000,0E-7,1,1,0.50665070000000000,0.506650700000,-1.013391052207602,-1.013391052207602,-1.013391052207602,0E-17,ELIGIBLE,R03b_20260811_FULL_v1,L1_ELIGIBILITY,v2026-08-11,2026-03-21..2026-08-06,baccarat_bet02_101_all_pairs_incl_sentinel,round_win = game_pnl > 0 (decisive only),COMPATIBILITY_ONLY_NOT_PRODUCTION,168.0000,168.0000,168.0000,2,2,-1.00000000,,-1.00000000,-1.00000000,-168.0000,168.0000,THIN_EXPOSURE,0.0000,6.7200,4.0000,96.0000,AG03-UNRESOLVED,ALL5_LEVELS_bet23_to_bet27,6.7200,6.7200,6.7200,6.7200,6.7200,4.000000,4.000000,4.000000,4.000000,4.000000,96.000000,96.000000,96.000000,96.000000,96.000000,5.0,33.6000,31.0174,134.4000,136.9826,PENDING_AG03,FALSE,NOT_FOR_ENFORCEMENT,161.2800,161.2800,168.0000,161.2800,6.7200,1.00000000,0.96000000,6.7200,161.2800,0.96000000,6.7200,6.7200,6.7200,6.7200,6.7200,161.2800,0.96000000,33.6000,31.0174,134.4000,136.9826,0.80000000,0.8153727,0.04000000,84.0000,84.0000,84.0000,168.0000,84.0000,168.0000,2.0000,,84.0000,68.0,84.0,100.0,100.0,100.0,100.0,84.0,-84.0,1.190476,1.190476,1.0,2,2,1,1,0E-8,1.00000000,,0E-8,0.000000,1.000000,0.000000,,2026-05-18,2026-05-18,1,2,2,1,1.000000,,,0.000000,,,,,,,,GLOBAL_BASELINE_NO_ENTITY_RANKING,,,NOT_APPLICABLE_GLOBAL_BASELINE,HF9g-P5,,,,X 全窗基线 · 不参与实体赏罚,6872094,688,A168_HF9F_20260827_0900,2026-08-27 09:00:00
2026-05-18,117673642,2088,0,68.0000000000,-68.0000000000,-68.0000000000,0E-7,1,1,0.50665070000000000,0.506650700000,-1.013391052207602,-1.013391052207602,-1.013391052207602,0E-17,ELIGIBLE,R03b_20260811_FULL_v1,L1_ELIGIBILITY,v2026-08-11,2026-03-21..2026-08-06,baccarat_bet02_101_all_pairs_incl_sentinel,round_win = game_pnl > 0 (decisive only),COMPATIBILITY_ONLY_NOT_PRODUCTION,168.0000,168.0000,168.0000,2,2,-1.00000000,,-1.00000000,-1.00000000,-168.0000,168.0000,THIN_EXPOSURE,0.0000,6.7200,4.0000,96.0000,AG03-UNRESOLVED,ALL5_LEVELS_bet23_to_bet27,6.7200,6.7200,6.7200,6.7200,6.7200,4.000000,4.000000,4.000000,4.000000,4.000000,96.000000,96.000000,96.000000,96.000000,96.000000,5.0,33.6000,31.0174,134.4000,136.9826,PENDING_AG03,FALSE,NOT_FOR_ENFORCEMENT,161.2800,161.2800,168.0000,161.2800,6.7200,1.00000000,0.96000000,6.7200,161.2800,0.96000000,6.7200,6.7200,6.7200,6.7200,6.7200,161.2800,0.96000000,33.6000,31.0174,134.4000,136.9826,0.80000000,0.8153727,0.04000000,84.0000,84.0000,84.0000,168.0000,84.0000,168.0000,2.0000,,84.0000,68.0,84.0,100.0,100.0,100.0,100.0,84.0,-84.0,1.190476,1.190476,1.0,2,2,1,1,0E-8,1.00000000,,0E-8,0.000000,1.000000,0.000000,,2026-05-18,2026-05-18,1,2,2,1,1.000000,,,0.000000,,,,,,,,GLOBAL_BASELINE_NO_ENTITY_RANKING,,,NOT_APPLICABLE_GLOBAL_BASELINE,HF9g-P5,,,,X 全窗基线 · 不参与实体赏罚,6872095,688,A168_HF9F_20260827_0900,2026-08-27 09:00:00
2026-04-07,62942952,2093,0,215.0401619127,-157.4852950478,-157.4852950478,0.2500000,14,8,0.36373001967392785,0.298113275000,-0.668666888471813,-0.2974991581442219,-0.668666888471813,0.06561674467392785,ELIGIBLE,R03b_20260811_FULL_v1,L1_ELIGIBILITY,v2026-08-11,2026-03-21..2026-08-06,baccarat_bet02_101_all_pairs_incl_sentinel,round_win = game_pnl > 0 (decisive only),COMPATIBILITY_ONLY_NOT_PRODUCTION,225.5813,225.5813,168.0265,15,9,-0.74485981,,-0.74485981,-0.74485981,-168.0265,225.5813,THIN_EXPOSURE,0.0000,6.7211,4.0000,96.0000,AG03-UNRESOLVED,ALL5_LEVELS_bet23_to_bet27,6.7211,6.7211,7.5612,7.5612,7.5612,4.000000,4.000000,4.500000,4.500000,4.500000,96.000000,96.000000,95.500000,95.500000,95.500000,5.0,36.1257,33.1518,131.9008,134.8746,PENDING_AG03,FALSE,NOT_FOR_ENFORCEMENT,161.3054,216.5581,168.0265,161.3054,6.7211,0.74485981,0.71506542,6.7211,161.3054,0.71506542,6.7211,6.7211,7.5612,7.5612,7.5612,161.3054,0.71506542,36.1257,33.1518,131.9008,134.8746,0.58471495,0.59789803,0.02979439,15.0388,25.0646,18.6696,168.0265,84.0132,225.5813,9.0000,,15.0388,10.5412,11.5953,20.0283,31.6236,31.6236,31.6236,11.5953,-10.5412,2.727273,2.727273,1.29697,2,2,1,3,0E-8,0.74485981,,0E-8,0.000000,1.000000,0.000000,,2026-04-07,2026-04-07,1,2,2,1,1.000000,,,0.000000,,,,,,,,GLOBAL_BASELINE_NO_ENTITY_RANKING,,,NOT_APPLICABLE_GLOBAL_BASELINE,HF9g-P5,,,,X 全窗基线 · 不参与实体赏罚,6872096,688,A168_HF9F_20260827_0900,2026-08-27 09:00:00
2026-04-07,62942952,2256,0,10.5411844075,-10.5411844075,-10.5411844075,0E-7,1,1,0.09460280000000000,0.094602800000,-0.32324545095860213,-0.32324545095860213,-0.32324545095860213,0E-17,ELIGIBLE,R03b_20260811_FULL_v1,L1_ELIGIBILITY,v2026-08-11,2026-03-21..2026-08-06,baccarat_bet02_101_all_pairs_incl_sentinel,round_win = game_pnl > 0 (decisive only),COMPATIBILITY_ONLY_NOT_PRODUCTION,225.5813,225.5813,168.0265,15,9,-0.74485981,,-0.74485981,-0.74485981,-168.0265,225.5813,THIN_EXPOSURE,0.0000,6.7211,4.0000,96.0000,AG03-UNRESOLVED,ALL5_LEVELS_bet23_to_bet27,6.7211,6.7211,7.5612,7.5612,7.5612,4.000000,4.000000,4.500000,4.500000,4.500000,96.000000,96.000000,95.500000,95.500000,95.500000,5.0,36.1257,33.1518,131.9008,134.8746,PENDING_AG03,FALSE,NOT_FOR_ENFORCEMENT,161.3054,216.5581,168.0265,161.3054,6.7211,0.74485981,0.71506542,6.7211,161.3054,0.71506542,6.7211,6.7211,7.5612,7.5612,7.5612,161.3054,0.71506542,36.1257,33.1518,131.9008,134.8746,0.58471495,0.59789803,0.02979439,15.0388,25.0646,18.6696,168.0265,84.0132,225.5813,9.0000,,15.0388,10.5412,11.5953,20.0283,31.6236,31.6236,31.6236,11.5953,-10.5412,2.727273,2.727273,1.29697,2,2,1,3,0E-8,0.74485981,,0E-8,0.000000,1.000000,0.000000,,2026-04-07,2026-04-07,1,2,2,1,1.000000,,,0.000000,,,,,,,,GLOBAL_BASELINE_NO_ENTITY_RANKING,,,NOT_APPLICABLE_GLOBAL_BASELINE,HF9g-P5,,,,X 全窗基线 · 不参与实体赏罚,6872097,688,A168_HF9F_20260827_0900,2026-08-27 09:00:00
2026-04-19,148871256,-1,1,137.4570446737,-22.5265110789,-22.5265110789,0.4444444,31,9,0.33911411694436102,0.221563072222,0.6674803991627064,1.6100324282762508,0.6674803991627064,0.11755104472236102,SENTINEL_DEALER,R03b_20260811_FULL_v1,L1_ELIGIBILITY,v2026-08-11,2026-03-21..2026-08-06,baccarat_bet02_101_all_pairs_incl_sentinel,round_win = game_pnl > 0 (decisive only),COMPATIBILITY_ONLY_NOT_PRODUCTION,639.1654,614.5570,168.0370,120,48,-0.26290061,-0.35229856,0.01796448,-0.26290061,-168.0370,639.1654,OK,0.0000,6.7215,4.0000,96.0000,AG03-UNRESOLVED,ALL5_LEVELS_bet23_to_bet27,6.7215,6.7215,6.7215,6.7215,6.7215,4.000000,4.000000,4.000000,4.000000,4.000000,96.000000,96.000000,96.000000,96.000000,96.000000,5.0,33.6074,31.0242,134.4296,137.0128,PENDING_AG03,FALSE,NOT_FOR_ENFORCEMENT,161.3155,589.9747,168.0370,161.3155,6.7215,0.26290061,0.25238458,6.7215,161.3155,0.25238458,6.7215,6.7215,6.7215,6.7215,6.7215,161.3155,0.25238458,33.6074,31.0242,134.4296,137.0128,0.21032048,0.21436198,0.01051602,5.3264,12.8033,3.5008,18.6708,9.8845,71.0184,5.3333,5.7040,4.4092,2.1082,4.0878,8.1756,10.2195,13.203,17.0181,4.0878,-2.5999,3.229847,4.163133,1.302992,11,17,6,8,0.75855555,0.26290061,0.35229856,0E-8,0.000000,0.961499,0.000000,-0.37026305,2026-04-19,2026-08-04,9,17,17,108,0.083333,1.293657,1.070902,2.528518,,,,,,,,GLOBAL_BASELINE_NO_ENTITY_RANKING,,,NOT_APPLICABLE_GLOBAL_BASELINE,HF9g-P5,,,,X 全窗基线 · 不参与实体赏罚,6872098,688,A168_HF9F_20260827_0900,2026-08-27 09:00:00
2026-04-19,148871256,1714,0,16.8658950520,25.2988425779,25.2988425779,0.5000000,4,2,0.29392415000000000,0.293924150000,0.6397330434626627,0.6397330434626627,0.6397330434626627,0E-17,ELIGIBLE,R03b_20260811_FULL_v1,L1_ELIGIBILITY,v2026-08-11,2026-03-21..2026-08-06,baccarat_bet02_101_all_pairs_incl_sentinel,round_win = game_pnl > 0 (decisive only),COMPATIBILITY_ONLY_NOT_PRODUCTION,639.1654,614.5570,168.0370,120,48,-0.26290061,-0.35229856,0.01796448,-0.26290061,-168.0370,639.1654,OK,0.0000,6.7215,4.0000,96.0000,AG03-UNRESOLVED,ALL5_LEVELS_bet23_to_bet27,6.7215,6.7215,6.7215,6.7215,6.7215,4.000000,4.000000,4.000000,4.000000,4.000000,96.000000,96.000000,96.000000,96.000000,96.000000,5.0,33.6074,31.0242,134.4296,137.0128,PENDING_AG03,FALSE,NOT_FOR_ENFORCEMENT,161.3155,589.9747,168.0370,161.3155,6.7215,0.26290061,0.25238458,6.7215,161.3155,0.25238458,6.7215,6.7215,6.7215,6.7215,6.7215,161.3155,0.25238458,33.6074,31.0242,134.4296,137.0128,0.21032048,0.21436198,0.01051602,5.3264,12.8033,3.5008,18.6708,9.8845,71.0184,5.3333,5.7040,4.4092,2.1082,4.0878,8.1756,10.2195,13.203,17.0181,4.0878,-2.5999,3.229847,4.163133,1.302992,11,17,6,8,0.75855555,0.26290061,0.35229856,0E-8,0.000000,0.961499,0.000000,-0.37026305,2026-04-19,2026-08-04,9,17,17,108,0.083333,1.293657,1.070902,2.528518,,,,,,,,GLOBAL_BASELINE_NO_ENTITY_RANKING,,,NOT_APPLICABLE_GLOBAL_BASELINE,HF9g-P5,,,,X 全窗基线 · 不参与实体赏罚,6872099,688,A168_HF9F_20260827_0900,2026-08-27 09:00:00
2026-07-11,148871256,1374,0,53.3458692720,-12.4678085272,-12.4678085272,0.5000000,6,3,0.33863667049148878,0.296158350000,0.482206206566793,0.6314056323559483,0.482206206566793,0.04247832049148878,ELIGIBLE,R03b_20260811_FULL_v1,L1_ELIGIBILITY,v2026-08-11,2026-03-21..2026-08-06,baccarat_bet02_101_all_pairs_incl_sentinel,round_win = game_pnl > 0 (decisive only),COMPATIBILITY_ONLY_NOT_PRODUCTION,639.1654,614.5570,168.0370,120,48,-0.26290061,-0.35229856,0.01796448,-0.26290061,-168.0370,639.1654,OK,0.0000,6.7215,4.0000,96.0000,AG03-UNRESOLVED,ALL5_LEVELS_bet23_to_bet27,6.7215,6.7215,6.7215,6.7215,6.7215,4.000000,4.000000,4.000000,4.000000,4.000000,96.000000,96.000000,96.000000,96.000000,96.000000,5.0,33.6074,31.0242,134.4296,137.0128,PENDING_AG03,FALSE,NOT_FOR_ENFORCEMENT,161.3155,589.9747,168.0370,161.3155,6.7215,0.26290061,0.25238458,6.7215,161.3155,0.25238458,6.7215,6.7215,6.7215,6.7215,6.7215,161.3155,0.25238458,33.6074,31.0242,134.4296,137.0128,0.21032048,0.21436198,0.01051602,5.3264,12.8033,3.5008,18.6708,9.8845,71.0184,5.3333,5.7040,4.4092,2.1082,4.0878,8.1756,10.2195,13.203,17.0181,4.0878,-2.5999,3.229847,4.163133,1.302992,11,17,6,8,0.75855555,0.26290061,0.35229856,0E-8,0.000000,0.961499,0.000000,-0.37026305,2026-04-19,2026-08-04,9,17,17,108,0.083333,1.293657,1.070902,2.528518,,,,,,,,GLOBAL_BASELINE_NO_ENTITY_RANKING,,,NOT_APPLICABLE_GLOBAL_BASELINE,HF9g-P5,,,,X 全窗基线 · 不参与实体赏罚,6872100,688,A168_HF9F_20260827_0900,2026-08-27 09:00:00
2026-07-11,148871256,2177,0,74.1936802519,-10.6282957937,-10.6282957937,0.5000000,14,4,0.31216918368746457,0.217494121667,0.8107015673046207,1.3695879253776142,0.8107015673046207,0.09467506202046457,ELIGIBLE,R03b_20260811_FULL_v1,L1_ELIGIBILITY,v2026-08-11,2026-03-21..2026-08-06,baccarat_bet02_101_all_pairs_incl_sentinel,round_win = game_pnl > 0 (decisive only),COMPATIBILITY_ONLY_NOT_PRODUCTION,639.1654,614.5570,168.0370,120,48,-0.26290061,-0.35229856,0.01796448,-0.26290061,-168.0370,639.1654,OK,0.0000,6.7215,4.0000,96.0000,AG03-UNRESOLVED,ALL5_LEVELS_bet23_to_bet27,6.7215,6.7215,6.7215,6.7215,6.7215,4.000000,4.000000,4.000000,4.000000,4.000000,96.000000,96.000000,96.000000,96.000000,96.000000,5.0,33.6074,31.0242,134.4296,137.0128,PENDING_AG03,FALSE,NOT_FOR_ENFORCEMENT,161.3155,589.9747,168.0370,161.3155,6.7215,0.26290061,0.25238458,6.7215,161.3155,0.25238458,6.7215,6.7215,6.7215,6.7215,6.7215,161.3155,0.25238458,33.6074,31.0242,134.4296,137.0128,0.21032048,0.21436198,0.01051602,5.3264,12.8033,3.5008,18.6708,9.8845,71.0184,5.3333,5.7040,4.4092,2.1082,4.0878,8.1756,10.2195,13.203,17.0181,4.0878,-2.5999,3.229847,4.163133,1.302992,11,17,6,8,0.75855555,0.26290061,0.35229856,0E-8,0.000000,0.961499,0.000000,-0.37026305,2026-04-19,2026-08-04,9,17,17,108,0.083333,1.293657,1.070902,2.528518,,,,,,,,GLOBAL_BASELINE_NO_ENTITY_RANKING,,,NOT_APPLICABLE_GLOBAL_BASELINE,HF9g-P5,,,,X 全窗基线 · 不参与实体赏罚,6872101,688,A168_HF9F_20260827_0900,2026-08-27 09:00:00
2026-07-11,148871256,2281,0,10.2195151862,-10.2195151862,-10.2195151862,0E-7,1,1,0.50665070000000000,0.506650700000,-1.013391052207602,-1.013391052207602,-1.013391052207602,0E-17,ELIGIBLE,R03b_20260811_FULL_v1,L1_ELIGIBILITY,v2026-08-11,2026-03-21..2026-08-06,baccarat_bet02_101_all_pairs_incl_sentinel,round_win = game_pnl > 0 (decisive only),COMPATIBILITY_ONLY_NOT_PRODUCTION,639.1654,614.5570,168.0370,120,48,-0.26290061,-0.35229856,0.01796448,-0.26290061,-168.0370,639.1654,OK,0.0000,6.7215,4.0000,96.0000,AG03-UNRESOLVED,ALL5_LEVELS_bet23_to_bet27,6.7215,6.7215,6.7215,6.7215,6.7215,4.000000,4.000000,4.000000,4.000000,4.000000,96.000000,96.000000,96.000000,96.000000,96.000000,5.0,33.6074,31.0242,134.4296,137.0128,PENDING_AG03,FALSE,NOT_FOR_ENFORCEMENT,161.3155,589.9747,168.0370,161.3155,6.7215,0.26290061,0.25238458,6.7215,161.3155,0.25238458,6.7215,6.7215,6.7215,6.7215,6.7215,161.3155,0.25238458,33.6074,31.0242,134.4296,137.0128,0.21032048,0.21436198,0.01051602,5.3264,12.8033,3.5008,18.6708,9.8845,71.0184,5.3333,5.7040,4.4092,2.1082,4.0878,8.1756,10.2195,13.203,17.0181,4.0878,-2.5999,3.229847,4.163133,1.302992,11,17,6,8,0.75855555,0.26290061,0.35229856,0E-8,0.000000,0.961499,0.000000,-0.37026305,2026-04-19,2026-08-04,9,17,17,108,0.083333,1.293657,1.070902,2.528518,,,,,,,,GLOBAL_BASELINE_NO_ENTITY_RANKING,,,NOT_APPLICABLE_GLOBAL_BASELINE,HF9g-P5,,,,X 全窗基线 · 不参与实体赏罚,6872102,688,A168_HF9F_20260827_0900,2026-08-27 09:00:00
2026-07-12,148871256,2169,0,21.0522012836,-21.0522012836,-21.0522012836,0E-7,4,1,0.25329656796031021,0.184311250000,-0.5824257652177997,-0.47535020548684115,-0.5824257652177997,0.06898531796031021,ELIGIBLE,R03b_20260811_FULL_v1,L1_ELIGIBILITY,v2026-08-11,2026-03-21..2026-08-06,baccarat_bet02_101_all_pairs_incl_sentinel,round_win = game_pnl > 0 (decisive only),COMPATIBILITY_ONLY_NOT_PRODUCTION,639.1654,614.5570,168.0370,120,48,-0.26290061,-0.35229856,0.01796448,-0.26290061,-168.0370,639.1654,OK,0.0000,6.7215,4.0000,96.0000,AG03-UNRESOLVED,ALL5_LEVELS_bet23_to_bet27,6.7215,6.7215,6.7215,6.7215,6.7215,4.000000,4.000000,4.000000,4.000000,4.000000,96.000000,96.000000,96.000000,96.000000,96.000000,5.0,33.6074,31.0242,134.4296,137.0128,PENDING_AG03,FALSE,NOT_FOR_ENFORCEMENT,161.3155,589.9747,168.0370,161.3155,6.7215,0.26290061,0.25238458,6.7215,161.3155,0.25238458,6.7215,6.7215,6.7215,6.7215,6.7215,161.3155,0.25238458,33.6074,31.0242,134.4296,137.0128,0.21032048,0.21436198,0.01051602,5.3264,12.8033,3.5008,18.6708,9.8845,71.0184,5.3333,5.7040,4.4092,2.1082,4.0878,8.1756,10.2195,13.203,17.0181,4.0878,-2.5999,3.229847,4.163133,1.302992,11,17,6,8,0.75855555,0.26290061,0.35229856,0E-8,0.000000,0.961499,0.000000,-0.37026305,2026-04-19,2026-08-04,9,17,17,108,0.083333,1.293657,1.070902,2.528518,,,,,,,,GLOBAL_BASELINE_NO_ENTITY_RANKING,,,NOT_APPLICABLE_GLOBAL_BASELINE,HF9g-P5,,,,X 全窗基线 · 不参与实体赏罚,6872103,688,A168_HF9F_20260827_0900,2026-08-27 09:00:00
2026-07-26,148871256,1400,0,51.0975759312,-34.7463516332,-34.7463516332,0E-7,9,4,0.24639580384606441,0.216690587500,-0.808648895251432,-0.7438208515151682,-0.808648895251432,0.02970521634606441,ELIGIBLE,R03b_20260811_FULL_v1,L1_ELIGIBILITY,v2026-08-11,2026-03-21..2026-08-06,baccarat_bet02_101_all_pairs_incl_sentinel,round_win = game_pnl > 0 (decisive only),COMPATIBILITY_ONLY_NOT_PRODUCTION,639.1654,614.5570,168.0370,120,48,-0.26290061,-0.35229856,0.01796448,-0.26290061,-168.0370,639.1654,OK,0.0000,6.7215,4.0000,96.0000,AG03-UNRESOLVED,ALL5_LEVELS_bet23_to_bet27,6.7215,6.7215,6.7215,6.7215,6.7215,4.000000,4.000000,4.000000,4.000000,4.000000,96.000000,96.000000,96.000000,96.000000,96.000000,5.0,33.6074,31.0242,134.4296,137.0128,PENDING_AG03,FALSE,NOT_FOR_ENFORCEMENT,161.3155,589.9747,168.0370,161.3155,6.7215,0.26290061,0.25238458,6.7215,161.3155,0.25238458,6.7215,6.7215,6.7215,6.7215,6.7215,161.3155,0.25238458,33.6074,31.0242,134.4296,137.0128,0.21032048,0.21436198,0.01051602,5.3264,12.8033,3.5008,18.6708,9.8845,71.0184,5.3333,5.7040,4.4092,2.1082,4.0878,8.1756,10.2195,13.203,17.0181,4.0878,-2.5999,3.229847,4.163133,1.302992,11,17,6,8,0.75855555,0.26290061,0.35229856,0E-8,0.000000,0.961499,0.000000,-0.37026305,2026-04-19,2026-08-04,9,17,17,108,0.083333,1.293657,1.070902,2.528518,,,,,,,,GLOBAL_BASELINE_NO_ENTITY_RANKING,,,NOT_APPLICABLE_GLOBAL_BASELINE,HF9g-P5,,,,X 全窗基线 · 不参与实体赏罚,6872104,688,A168_HF9F_20260827_0900,2026-08-27 09:00:00
2026-07-26,148871256,2145,0,47.0097698566,4.0878060744,4.0878060744,0.5000000,9,3,0.35755024019589324,0.308926961111,0.4203282663149914,0.5848231120651388,0.4203282663149914,0.04862327908489324,ELIGIBLE,R03b_20260811_FULL_v1,L1_ELIGIBILITY,v2026-08-11,2026-03-21..2026-08-06,baccarat_bet02_101_all_pairs_incl_sentinel,round_win = game_pnl > 0 (decisive only),COMPATIBILITY_ONLY_NOT_PRODUCTION,639.1654,614.5570,168.0370,120,48,-0.26290061,-0.35229856,0.01796448,-0.26290061,-168.0370,639.1654,OK,0.0000,6.7215,4.0000,96.0000,AG03-UNRESOLVED,ALL5_LEVELS_bet23_to_bet27,6.7215,6.7215,6.7215,6.7215,6.7215,4.000000,4.000000,4.000000,4.000000,4.000000,96.000000,96.000000,96.000000,96.000000,96.000000,5.0,33.6074,31.0242,134.4296,137.0128,PENDING_AG03,FALSE,NOT_FOR_ENFORCEMENT,161.3155,589.9747,168.0370,161.3155,6.7215,0.26290061,0.25238458,6.7215,161.3155,0.25238458,6.7215,6.7215,6.7215,6.7215,6.7215,161.3155,0.25238458,33.6074,31.0242,134.4296,137.0128,0.21032048,0.21436198,0.01051602,5.3264,12.8033,3.5008,18.6708,9.8845,71.0184,5.3333,5.7040,4.4092,2.1082,4.0878,8.1756,10.2195,13.203,17.0181,4.0878,-2.5999,3.229847,4.163133,1.302992,11,17,6,8,0.75855555,0.26290061,0.35229856,0E-8,0.000000,0.961499,0.000000,-0.37026305,2026-04-19,2026-08-04,9,17,17,108,0.083333,1.293657,1.070902,2.528518,,,,,,,,GLOBAL_BASELINE_NO_ENTITY_RANKING,,,NOT_APPLICABLE_GLOBAL_BASELINE,HF9g-P5,,,,X 全窗基线 · 不参与实体赏罚,6872105,688,A168_HF9F_20260827_0900,2026-08-27 09:00:00
2026-07-28,148871256,1623,0,19.0082982464,-19.0082982464,-19.0082982464,0E-7,3,2,0.43044562260230053,0.393584825000,-1.2294377629835538,-1.1393289695942557,-1.2294377629835538,0.03686079760230053,ELIGIBLE,R03b_20260811_FULL_v1,L1_ELIGIBILITY,v2026-08-11,2026-03-21..2026-08-06,baccarat_bet02_101_all_pairs_incl_sentinel,round_win = game_pnl > 0 (decisive only),COMPATIBILITY_ONLY_NOT_PRODUCTION,639.1654,614.5570,168.0370,120,48,-0.26290061,-0.35229856,0.01796448,-0.26290061,-168.0370,639.1654,OK,0.0000,6.7215,4.0000,96.0000,AG03-UNRESOLVED,ALL5_LEVELS_bet23_to_bet27,6.7215,6.7215,6.7215,6.7215,6.7215,4.000000,4.000000,4.000000,4.000000,4.000000,96.000000,96.000000,96.000000,96.000000,96.000000,5.0,33.6074,31.0242,134.4296,137.0128,PENDING_AG03,FALSE,NOT_FOR_ENFORCEMENT,161.3155,589.9747,168.0370,161.3155,6.7215,0.26290061,0.25238458,6.7215,161.3155,0.25238458,6.7215,6.7215,6.7215,6.7215,6.7215,161.3155,0.25238458,33.6074,31.0242,134.4296,137.0128,0.21032048,0.21436198,0.01051602,5.3264,12.8033,3.5008,18.6708,9.8845,71.0184,5.3333,5.7040,4.4092,2.1082,4.0878,8.1756,10.2195,13.203,17.0181,4.0878,-2.5999,3.229847,4.163133,1.302992,11,17,6,8,0.75855555,0.26290061,0.35229856,0E-8,0.000000,0.961499,0.000000,-0.37026305,2026-04-19,2026-08-04,9,17,17,108,0.083333,1.293657,1.070902,2.528518,,,,,,,,GLOBAL_BASELINE_NO_ENTITY_RANKING,,,NOT_APPLICABLE_GLOBAL_BASELINE,HF9g-P5,,,,X 全窗基线 · 不参与实体赏罚,6872106,688,A168_HF9F_20260827_0900,2026-08-27 09:00:00
2026-07-28,148871256,2142,0,33.1112292031,0.7153660632,0.7153660632,0.6666667,7,3,0.39270467679817796,0.326061166667,0.971668076048296,1.2584979253531798,0.971668076048296,0.06664351013117796,ELIGIBLE,R03b_20260811_FULL_v1,L1_ELIGIBILITY,v2026-08-11,2026-03-21..2026-08-06,baccarat_bet02_101_all_pairs_incl_sentinel,round_win = game_pnl > 0 (decisive only),COMPATIBILITY_ONLY_NOT_PRODUCTION,639.1654,614.5570,168.0370,120,48,-0.26290061,-0.35229856,0.01796448,-0.26290061,-168.0370,639.1654,OK,0.0000,6.7215,4.0000,96.0000,AG03-UNRESOLVED,ALL5_LEVELS_bet23_to_bet27,6.7215,6.7215,6.7215,6.7215,6.7215,4.000000,4.000000,4.000000,4.000000,4.000000,96.000000,96.000000,96.000000,96.000000,96.000000,5.0,33.6074,31.0242,134.4296,137.0128,PENDING_AG03,FALSE,NOT_FOR_ENFORCEMENT,161.3155,589.9747,168.0370,161.3155,6.7215,0.26290061,0.25238458,6.7215,161.3155,0.25238458,6.7215,6.7215,6.7215,6.7215,6.7215,161.3155,0.25238458,33.6074,31.0242,134.4296,137.0128,0.21032048,0.21436198,0.01051602,5.3264,12.8033,3.5008,18.6708,9.8845,71.0184,5.3333,5.7040,4.4092,2.1082,4.0878,8.1756,10.2195,13.203,17.0181,4.0878,-2.5999,3.229847,4.163133,1.302992,11,17,6,8,0.75855555,0.26290061,0.35229856,0E-8,0.000000,0.961499,0.000000,-0.37026305,2026-04-19,2026-08-04,9,17,17,108,0.083333,1.293657,1.070902,2.528518,,,,,,,,GLOBAL_BASELINE_NO_ENTITY_RANKING,,,NOT_APPLICABLE_GLOBAL_BASELINE,HF9g-P5,,,,X 全窗基线 · 不参与实体赏罚,6872107,688,A168_HF9F_20260827_0900,2026-08-27 09:00:00
2026-07-28,148871256,2170,0,64.7917262807,7.3580509339,7.3580509339,0.6000000,13,7,0.36842437567579779,0.326228685714,1.073472659050015,1.3057367012595011,1.073472659050015,0.04219568996179779,ELIGIBLE,R03b_20260811_FULL_v1,L1_ELIGIBILITY,v2026-08-11,2026-03-21..2026-08-06,baccarat_bet02_101_all_pairs_incl_sentinel,round_win = game_pnl > 0 (decisive only),COMPATIBILITY_ONLY_NOT_PRODUCTION,639.1654,614.5570,168.0370,120,48,-0.26290061,-0.35229856,0.01796448,-0.26290061,-168.0370,639.1654,OK,0.0000,6.7215,4.0000,96.0000,AG03-UNRESOLVED,ALL5_LEVELS_bet23_to_bet27,6.7215,6.7215,6.7215,6.7215,6.7215,4.000000,4.000000,4.000000,4.000000,4.000000,96.000000,96.000000,96.000000,96.000000,96.000000,5.0,33.6074,31.0242,134.4296,137.0128,PENDING_AG03,FALSE,NOT_FOR_ENFORCEMENT,161.3155,589.9747,168.0370,161.3155,6.7215,0.26290061,0.25238458,6.7215,161.3155,0.25238458,6.7215,6.7215,6.7215,6.7215,6.7215,161.3155,0.25238458,33.6074,31.0242,134.4296,137.0128,0.21032048,0.21436198,0.01051602,5.3264,12.8033,3.5008,18.6708,9.8845,71.0184,5.3333,5.7040,4.4092,2.1082,4.0878,8.1756,10.2195,13.203,17.0181,4.0878,-2.5999,3.229847,4.163133,1.302992,11,17,6,8,0.75855555,0.26290061,0.35229856,0E-8,0.000000,0.961499,0.000000,-0.37026305,2026-04-19,2026-08-04,9,17,17,108,0.083333,1.293657,1.070902,2.528518,,,,,,,,GLOBAL_BASELINE_NO_ENTITY_RANKING,,,NOT_APPLICABLE_GLOBAL_BASELINE,HF9g-P5,,,,X 全窗基线 · 不参与实体赏罚,6872108,688,A168_HF9F_20260827_0900,2026-08-27 09:00:00
2026-07-31,148871256,1363,0,10.2195151862,-10.2195151862,-10.2195151862,0E-7,1,1,0.49324550000000000,0.493245500000,-0.9865810262130424,-0.9865810262130424,-0.9865810262130424,0E-17,ELIGIBLE,R03b_20260811_FULL_v1,L1_ELIGIBILITY,v2026-08-11,2026-03-21..2026-08-06,baccarat_bet02_101_all_pairs_incl_sentinel,round_win = game_pnl > 0 (decisive only),COMPATIBILITY_ONLY_NOT_PRODUCTION,639.1654,614.5570,168.0370,120,48,-0.26290061,-0.35229856,0.01796448,-0.26290061,-168.0370,639.1654,OK,0.0000,6.7215,4.0000,96.0000,AG03-UNRESOLVED,ALL5_LEVELS_bet23_to_bet27,6.7215,6.7215,6.7215,6.7215,6.7215,4.000000,4.000000,4.000000,4.000000,4.000000,96.000000,96.000000,96.000000,96.000000,96.000000,5.0,33.6074,31.0242,134.4296,137.0128,PENDING_AG03,FALSE,NOT_FOR_ENFORCEMENT,161.3155,589.9747,168.0370,161.3155,6.7215,0.26290061,0.25238458,6.7215,161.3155,0.25238458,6.7215,6.7215,6.7215,6.7215,6.7215,161.3155,0.25238458,33.6074,31.0242,134.4296,137.0128,0.21032048,0.21436198,0.01051602,5.3264,12.8033,3.5008,18.6708,9.8845,71.0184,5.3333,5.7040,4.4092,2.1082,4.0878,8.1756,10.2195,13.203,17.0181,4.0878,-2.5999,3.229847,4.163133,1.302992,11,17,6,8,0.75855555,0.26290061,0.35229856,0E-8,0.000000,0.961499,0.000000,-0.37026305,2026-04-19,2026-08-04,9,17,17,108,0.083333,1.293657,1.070902,2.528518,,,,,,,,GLOBAL_BASELINE_NO_ENTITY_RANKING,,,NOT_APPLICABLE_GLOBAL_BASELINE,HF9g-P5,,,,X 全窗基线 · 不参与实体赏罚,6872109,688,A168_HF9F_20260827_0900,2026-08-27 09:00:00
2026-07-31,148871256,789,0,15.5336630830,-15.5336630830,-15.5336630830,0E-7,2,1,0.35686773421093152,0.293924150000,-0.7449094648221498,-0.6451964315166089,-0.7449094648221498,0.06294358421093152,ELIGIBLE,R03b_20260811_FULL_v1,L1_ELIGIBILITY,v2026-08-11,2026-03-21..2026-08-06,baccarat_bet02_101_all_pairs_incl_sentinel,round_win = game_pnl > 0 (decisive only),COMPATIBILITY_ONLY_NOT_PRODUCTION,639.1654,614.5570,168.0370,120,48,-0.26290061,-0.35229856,0.01796448,-0.26290061,-168.0370,639.1654,OK,0.0000,6.7215,4.0000,96.0000,AG03-UNRESOLVED,ALL5_LEVELS_bet23_to_bet27,6.7215,6.7215,6.7215,6.7215,6.7215,4.000000,4.000000,4.000000,4.000000,4.000000,96.000000,96.000000,96.000000,96.000000,96.000000,5.0,33.6074,31.0242,134.4296,137.0128,PENDING_AG03,FALSE,NOT_FOR_ENFORCEMENT,161.3155,589.9747,168.0370,161.3155,6.7215,0.26290061,0.25238458,6.7215,161.3155,0.25238458,6.7215,6.7215,6.7215,6.7215,6.7215,161.3155,0.25238458,33.6074,31.0242,134.4296,137.0128,0.21032048,0.21436198,0.01051602,5.3264,12.8033,3.5008,18.6708,9.8845,71.0184,5.3333,5.7040,4.4092,2.1082,4.0878,8.1756,10.2195,13.203,17.0181,4.0878,-2.5999,3.229847,4.163133,1.302992,11,17,6,8,0.75855555,0.26290061,0.35229856,0E-8,0.000000,0.961499,0.000000,-0.37026305,2026-04-19,2026-08-04,9,17,17,108,0.083333,1.293657,1.070902,2.528518,,,,,,,,GLOBAL_BASELINE_NO_ENTITY_RANKING,,,NOT_APPLICABLE_GLOBAL_BASELINE,HF9g-P5,,,,X 全窗基线 · 不参与实体赏罚,6872110,688,A168_HF9F_20260827_0900,2026-08-27 09:00:00
2026-08-02,148871256,1004,0,24.2443833845,-24.2443833845,-24.2443833845,0E-7,2,1,0.32714437500013702,0.293924150000,-0.6972825309771113,-0.6451964315166089,-0.6972825309771113,0.03322022500013702,ELIGIBLE,R03b_20260811_FULL_v1,L1_ELIGIBILITY,v2026-08-11,2026-03-21..2026-08-06,baccarat_bet02_101_all_pairs_incl_sentinel,round_win = game_pnl > 0 (decisive only),COMPATIBILITY_ONLY_NOT_PRODUCTION,639.1654,614.5570,168.0370,120,48,-0.26290061,-0.35229856,0.01796448,-0.26290061,-168.0370,639.1654,OK,0.0000,6.7215,4.0000,96.0000,AG03-UNRESOLVED,ALL5_LEVELS_bet23_to_bet27,6.7215,6.7215,6.7215,6.7215,6.7215,4.000000,4.000000,4.000000,4.000000,4.000000,96.000000,96.000000,96.000000,96.000000,96.000000,5.0,33.6074,31.0242,134.4296,137.0128,PENDING_AG03,FALSE,NOT_FOR_ENFORCEMENT,161.3155,589.9747,168.0370,161.3155,6.7215,0.26290061,0.25238458,6.7215,161.3155,0.25238458,6.7215,6.7215,6.7215,6.7215,6.7215,161.3155,0.25238458,33.6074,31.0242,134.4296,137.0128,0.21032048,0.21436198,0.01051602,5.3264,12.8033,3.5008,18.6708,9.8845,71.0184,5.3333,5.7040,4.4092,2.1082,4.0878,8.1756,10.2195,13.203,17.0181,4.0878,-2.5999,3.229847,4.163133,1.302992,11,17,6,8,0.75855555,0.26290061,0.35229856,0E-8,0.000000,0.961499,0.000000,-0.37026305,2026-04-19,2026-08-04,9,17,17,108,0.083333,1.293657,1.070902,2.528518,,,,,,,,GLOBAL_BASELINE_NO_ENTITY_RANKING,,,NOT_APPLICABLE_GLOBAL_BASELINE,HF9g-P5,,,,X 全窗基线 · 不参与实体赏罚,6872111,688,A168_HF9F_20260827_0900,2026-08-27 09:00:00
2026-08-02,148871256,2196,0,24.6484564407,7.4753515438,7.4753515438,1.0000000,8,2,0.31784523804583179,0.223012866667,2.071803683205992,2.6397144587912096,2.071803683205992,0.09483237137883179,ELIGIBLE,R03b_20260811_FULL_v1,L1_ELIGIBILITY,v2026-08-11,2026-03-21..2026-08-06,baccarat_bet02_101_all_pairs_incl_sentinel,round_win = game_pnl > 0 (decisive only),COMPATIBILITY_ONLY_NOT_PRODUCTION,639.1654,614.5570,168.0370,120,48,-0.26290061,-0.35229856,0.01796448,-0.26290061,-168.0370,639.1654,OK,0.0000,6.7215,4.0000,96.0000,AG03-UNRESOLVED,ALL5_LEVELS_bet23_to_bet27,6.7215,6.7215,6.7215,6.7215,6.7215,4.000000,4.000000,4.000000,4.000000,4.000000,96.000000,96.000000,96.000000,96.000000,96.000000,5.0,33.6074,31.0242,134.4296,137.0128,PENDING_AG03,FALSE,NOT_FOR_ENFORCEMENT,161.3155,589.9747,168.0370,161.3155,6.7215,0.26290061,0.25238458,6.7215,161.3155,0.25238458,6.7215,6.7215,6.7215,6.7215,6.7215,161.3155,0.25238458,33.6074,31.0242,134.4296,137.0128,0.21032048,0.21436198,0.01051602,5.3264,12.8033,3.5008,18.6708,9.8845,71.0184,5.3333,5.7040,4.4092,2.1082,4.0878,8.1756,10.2195,13.203,17.0181,4.0878,-2.5999,3.229847,4.163133,1.302992,11,17,6,8,0.75855555,0.26290061,0.35229856,0E-8,0.000000,0.961499,0.000000,-0.37026305,2026-04-19,2026-08-04,9,17,17,108,0.083333,1.293657,1.070902,2.528518,,,,,,,,GLOBAL_BASELINE_NO_ENTITY_RANKING,,,NOT_APPLICABLE_GLOBAL_BASELINE,HF9g-P5,,,,X 全窗基线 · 不参与实体赏罚,6872112,688,A168_HF9F_20260827_0900,2026-08-27 09:00:00
2026-08-03,148871256,2127,0,16.1629222564,-12.1221916923,-12.1221916923,0E-7,4,3,0.43574185000000000,0.435741850000,-1.2427698654363877,-1.2427698654363877,-1.2427698654363877,0E-17,ELIGIBLE,R03b_20260811_FULL_v1,L1_ELIGIBILITY,v2026-08-11,2026-03-21..2026-08-06,baccarat_bet02_101_all_pairs_incl_sentinel,round_win = game_pnl > 0 (decisive only),COMPATIBILITY_ONLY_NOT_PRODUCTION,639.1654,614.5570,168.0370,120,48,-0.26290061,-0.35229856,0.01796448,-0.26290061,-168.0370,639.1654,OK,0.0000,6.7215,4.0000,96.0000,AG03-UNRESOLVED,ALL5_LEVELS_bet23_to_bet27,6.7215,6.7215,6.7215,6.7215,6.7215,4.000000,4.000000,4.000000,4.000000,4.000000,96.000000,96.000000,96.000000,96.000000,96.000000,5.0,33.6074,31.0242,134.4296,137.0128,PENDING_AG03,FALSE,NOT_FOR_ENFORCEMENT,161.3155,589.9747,168.0370,161.3155,6.7215,0.26290061,0.25238458,6.7215,161.3155,0.25238458,6.7215,6.7215,6.7215,6.7215,6.7215,161.3155,0.25238458,33.6074,31.0242,134.4296,137.0128,0.21032048,0.21436198,0.01051602,5.3264,12.8033,3.5008,18.6708,9.8845,71.0184,5.3333,5.7040,4.4092,2.1082,4.0878,8.1756,10.2195,13.203,17.0181,4.0878,-2.5999,3.229847,4.163133,1.302992,11,17,6,8,0.75855555,0.26290061,0.35229856,0E-8,0.000000,0.961499,0.000000,-0.37026305,2026-04-19,2026-08-04,9,17,17,108,0.083333,1.293657,1.070902,2.528518,,,,,,,,GLOBAL_BASELINE_NO_ENTITY_RANKING,,,NOT_APPLICABLE_GLOBAL_BASELINE,HF9g-P5,,,,X 全窗基线 · 不参与实体赏罚,6872113,688,A168_HF9F_20260827_0900,2026-08-27 09:00:00
2026-08-04,148871256,2121,0,20.2036528204,-20.2036528204,-20.2036528204,0E-7,2,1,0.29392415000000000,0.293924150000,-0.6451964315166089,-0.6451964315166089,-0.6451964315166089,0E-17,ELIGIBLE,R03b_20260811_FULL_v1,L1_ELIGIBILITY,v2026-08-11,2026-03-21..2026-08-06,baccarat_bet02_101_all_pairs_incl_sentinel,round_win = game_pnl > 0 (decisive only),COMPATIBILITY_ONLY_NOT_PRODUCTION,639.1654,614.5570,168.0370,120,48,-0.26290061,-0.35229856,0.01796448,-0.26290061,-168.0370,639.1654,OK,0.0000,6.7215,4.0000,96.0000,AG03-UNRESOLVED,ALL5_LEVELS_bet23_to_bet27,6.7215,6.7215,6.7215,6.7215,6.7215,4.000000,4.000000,4.000000,4.000000,4.000000,96.000000,96.000000,96.000000,96.000000,96.000000,5.0,33.6074,31.0242,134.4296,137.0128,PENDING_AG03,FALSE,NOT_FOR_ENFORCEMENT,161.3155,589.9747,168.0370,161.3155,6.7215,0.26290061,0.25238458,6.7215,161.3155,0.25238458,6.7215,6.7215,6.7215,6.7215,6.7215,161.3155,0.25238458,33.6074,31.0242,134.4296,137.0128,0.21032048,0.21436198,0.01051602,5.3264,12.8033,3.5008,18.6708,9.8845,71.0184,5.3333,5.7040,4.4092,2.1082,4.0878,8.1756,10.2195,13.203,17.0181,4.0878,-2.5999,3.229847,4.163133,1.302992,11,17,6,8,0.75855555,0.26290061,0.35229856,0E-8,0.000000,0.961499,0.000000,-0.37026305,2026-04-19,2026-08-04,9,17,17,108,0.083333,1.293657,1.070902,2.528518,,,,,,,,GLOBAL_BASELINE_NO_ENTITY_RANKING,,,NOT_APPLICABLE_GLOBAL_BASELINE,HF9g-P5,,,,X 全窗基线 · 不参与实体赏罚,6872114,688,A168_HF9F_20260827_0900,2026-08-27 09:00:00
2026-08-03,153783574,-1,1,210.6182415948,41.8667968049,41.8667968049,0.4736842,59,41,0.42493466808943089,0.423178764228,0.6079147299414538,0.6301551039144342,0.6079147299414538,0.00175590386143089,SENTINEL_DEALER,R03b_20260811_FULL_v1,L1_ELIGIBILITY,v2026-08-11,2026-03-21..2026-08-06,baccarat_bet02_101_all_pairs_incl_sentinel,round_win = game_pnl > 0 (decisive only),COMPATIBILITY_ONLY_NOT_PRODUCTION,4086.5076,3788.5598,166.3114,1098,750,-0.04069767,-0.04069767,,-0.04069767,-166.3114,4086.5076,OK,0.0000,4.9893,3.0000,97.0000,AG03-UNRESOLVED,ALL5_LEVELS_bet23_to_bet27,4.9893,4.9893,4.9893,6.6525,6.6525,3.000000,3.000000,3.000000,4.000000,4.000000,97.000000,97.000000,97.000000,96.000000,96.000000,5.0,28.2729,26.4236,138.0384,139.8877,PENDING_AG03,FALSE,NOT_FOR_ENFORCEMENT,161.3220,3674.9030,166.3114,161.3220,4.9893,0.04069767,0.03947674,4.9893,161.3220,0.03947674,4.9893,4.9893,4.9893,6.6525,6.6525,161.3220,0.03947674,28.2729,26.4236,138.0384,139.8877,0.03377907,0.0342316,0.00122093,3.7218,5.0514,0.2217,55.4371,1.7693,1362.1692,250.0000,3.7218,,2.5685,2.5685,5.137,5.137,5.137,12.8426,2.5685,-2.5685,2.0,5.0,1.448998,26,60,11,7,1.00000000,0.04069767,0.04069767,0E-8,0.000000,0.927090,0.000000,,2026-08-03,2026-08-05,3,94,47,3,1.000000,,1.000000,3.333333,,,,,,,,GLOBAL_BASELINE_NO_ENTITY_RANKING,,,NOT_APPLICABLE_GLOBAL_BASELINE,HF9g-P5,,,,X 全窗基线 · 不参与实体赏罚,6872115,688,A168_HF9F_20260827_0900,2026-08-27 09:00:00
2026-08-03,153783574,1004,0,177.2275447566,-18.6217347751,-18.6217347751,0.5862069,33,31,0.48908929435483871,0.486839040860,1.0462377122615198,1.0705955006289276,1.0462377122615198,0.00225025349483871,ELIGIBLE,R03b_20260811_FULL_v1,L1_ELIGIBILITY,v2026-08-11,2026-03-21..2026-08-06,baccarat_bet02_101_all_pairs_incl_sentinel,round_win = game_pnl > 0 (decisive only),COMPATIBILITY_ONLY_NOT_PRODUCTION,4086.5076,3788.5598,166.3114,1098,750,-0.04069767,-0.04069767,,-0.04069767,-166.3114,4086.5076,OK,0.0000,4.9893,3.0000,97.0000,AG03-UNRESOLVED,ALL5_LEVELS_bet23_to_bet27,4.9893,4.9893,4.9893,6.6525,6.6525,3.000000,3.000000,3.000000,4.000000,4.000000,97.000000,97.000000,97.000000,96.000000,96.000000,5.0,28.2729,26.4236,138.0384,139.8877,PENDING_AG03,FALSE,NOT_FOR_ENFORCEMENT,161.3220,3674.9030,166.3114,161.3220,4.9893,0.04069767,0.03947674,4.9893,161.3220,0.03947674,4.9893,4.9893,4.9893,6.6525,6.6525,161.3220,0.03947674,28.2729,26.4236,138.0384,139.8877,0.03377907,0.0342316,0.00122093,3.7218,5.0514,0.2217,55.4371,1.7693,1362.1692,250.0000,3.7218,,2.5685,2.5685,5.137,5.137,5.137,12.8426,2.5685,-2.5685,2.0,5.0,1.448998,26,60,11,7,1.00000000,0.04069767,0.04069767,0E-8,0.000000,0.927090,0.000000,,2026-08-03,2026-08-05,3,94,47,3,1.000000,,1.000000,3.333333,,,,,,,,GLOBAL_BASELINE_NO_ENTITY_RANKING,,,NOT_APPLICABLE_GLOBAL_BASELINE,HF9g-P5,,,,X 全窗基线 · 不参与实体赏罚,6872116,688,A168_HF9F_20260827_0900,2026-08-27 09:00:00
2026-08-03,153783574,1094,0,48.8017876866,-17.9796059898,-17.9796059898,0.2500000,16,8,0.35596398333333334,0.355963983334,-0.6259579542689823,-0.6259579542726583,-0.6259579542689823,-6.6666E-13,ELIGIBLE,R03b_20260811_FULL_v1,L1_ELIGIBILITY,v2026-08-11,2026-03-21..2026-08-06,baccarat_bet02_101_all_pairs_incl_sentinel,round_win = game_pnl > 0 (decisive only),COMPATIBILITY_ONLY_NOT_PRODUCTION,4086.5076,3788.5598,166.3114,1098,750,-0.04069767,-0.04069767,,-0.04069767,-166.3114,4086.5076,OK,0.0000,4.9893,3.0000,97.0000,AG03-UNRESOLVED,ALL5_LEVELS_bet23_to_bet27,4.9893,4.9893,4.9893,6.6525,6.6525,3.000000,3.000000,3.000000,4.000000,4.000000,97.000000,97.000000,97.000000,96.000000,96.000000,5.0,28.2729,26.4236,138.0384,139.8877,PENDING_AG03,FALSE,NOT_FOR_ENFORCEMENT,161.3220,3674.9030,166.3114,161.3220,4.9893,0.04069767,0.03947674,4.9893,161.3220,0.03947674,4.9893,4.9893,4.9893,6.6525,6.6525,161.3220,0.03947674,28.2729,26.4236,138.0384,139.8877,0.03377907,0.0342316,0.00122093,3.7218,5.0514,0.2217,55.4371,1.7693,1362.1692,250.0000,3.7218,,2.5685,2.5685,5.137,5.137,5.137,12.8426,2.5685,-2.5685,2.0,5.0,1.448998,26,60,11,7,1.00000000,0.04069767,0.04069767,0E-8,0.000000,0.927090,0.000000,,2026-08-03,2026-08-05,3,94,47,3,1.000000,,1.000000,3.333333,,,,,,,,GLOBAL_BASELINE_NO_ENTITY_RANKING,,,NOT_APPLICABLE_GLOBAL_BASELINE,HF9g-P5,,,,X 全窗基线 · 不参与实体赏罚,6872117,688,A168_HF9F_20260827_0900,2026-08-27 09:00:00
2026-08-03,153783574,1151,0,7.7055454242,2.4400893843,2.4400893843,0.6666667,3,3,0.49771390000000000,0.497713900000,0.5852756695216578,0.5852756695216578,0.5852756695216578,0E-17,ELIGIBLE,R03b_20260811_FULL_v1,L1_ELIGIBILITY,v2026-08-11,2026-03-21..2026-08-06,baccarat_bet02_101_all_pairs_incl_sentinel,round_win = game_pnl > 0 (decisive only),COMPATIBILITY_ONLY_NOT_PRODUCTION,4086.5076,3788.5598,166.3114,1098,750,-0.04069767,-0.04069767,,-0.04069767,-166.3114,4086.5076,OK,0.0000,4.9893,3.0000,97.0000,AG03-UNRESOLVED,ALL5_LEVELS_bet23_to_bet27,4.9893,4.9893,4.9893,6.6525,6.6525,3.000000,3.000000,3.000000,4.000000,4.000000,97.000000,97.000000,97.000000,96.000000,96.000000,5.0,28.2729,26.4236,138.0384,139.8877,PENDING_AG03,FALSE,NOT_FOR_ENFORCEMENT,161.3220,3674.9030,166.3114,161.3220,4.9893,0.04069767,0.03947674,4.9893,161.3220,0.03947674,4.9893,4.9893,4.9893,6.6525,6.6525,161.3220,0.03947674,28.2729,26.4236,138.0384,139.8877,0.03377907,0.0342316,0.00122093,3.7218,5.0514,0.2217,55.4371,1.7693,1362.1692,250.0000,3.7218,,2.5685,2.5685,5.137,5.137,5.137,12.8426,2.5685,-2.5685,2.0,5.0,1.448998,26,60,11,7,1.00000000,0.04069767,0.04069767,0E-8,0.000000,0.927090,0.000000,,2026-08-03,2026-08-05,3,94,47,3,1.000000,,1.000000,3.333333,,,,,,,,GLOBAL_BASELINE_NO_ENTITY_RANKING,,,NOT_APPLICABLE_GLOBAL_BASELINE,HF9g-P5,,,,X 全窗基线 · 不参与实体赏罚,6872118,688,A168_HF9F_20260827_0900,2026-08-27 09:00:00
2026-08-03,153783574,1205,0,5.1370302828,-5.1370302828,-5.1370302828,0E-7,2,2,0.49994810000000000,0.499948100000,-1.4140667746232096,-1.4140667746232096,-1.4140667746232096,0E-17,ELIGIBLE,R03b_20260811_FULL_v1,L1_ELIGIBILITY,v2026-08-11,2026-03-21..2026-08-06,baccarat_bet02_101_all_pairs_incl_sentinel,round_win = game_pnl > 0 (decisive only),COMPATIBILITY_ONLY_NOT_PRODUCTION,4086.5076,3788.5598,166.3114,1098,750,-0.04069767,-0.04069767,,-0.04069767,-166.3114,4086.5076,OK,0.0000,4.9893,3.0000,97.0000,AG03-UNRESOLVED,ALL5_LEVELS_bet23_to_bet27,4.9893,4.9893,4.9893,6.6525,6.6525,3.000000,3.000000,3.000000,4.000000,4.000000,97.000000,97.000000,97.000000,96.000000,96.000000,5.0,28.2729,26.4236,138.0384,139.8877,PENDING_AG03,FALSE,NOT_FOR_ENFORCEMENT,161.3220,3674.9030,166.3114,161.3220,4.9893,0.04069767,0.03947674,4.9893,161.3220,0.03947674,4.9893,4.9893,4.9893,6.6525,6.6525,161.3220,0.03947674,28.2729,26.4236,138.0384,139.8877,0.03377907,0.0342316,0.00122093,3.7218,5.0514,0.2217,55.4371,1.7693,1362.1692,250.0000,3.7218,,2.5685,2.5685,5.137,5.137,5.137,12.8426,2.5685,-2.5685,2.0,5.0,1.448998,26,60,11,7,1.00000000,0.04069767,0.04069767,0E-8,0.000000,0.927090,0.000000,,2026-08-03,2026-08-05,3,94,47,3,1.000000,,1.000000,3.333333,,,,,,,,GLOBAL_BASELINE_NO_ENTITY_RANKING,,,NOT_APPLICABLE_GLOBAL_BASELINE,HF9g-P5,,,,X 全窗基线 · 不参与实体赏罚,6872119,688,A168_HF9F_20260827_0900,2026-08-27 09:00:00
2026-08-03,153783574,1306,0,23.1166362726,-13.0994272211,-13.0994272211,0.2000000,5,5,0.50396966000000000,0.503969660000,-1.3594364909357963,-1.3594364909357963,-1.3594364909357963,0E-17,ELIGIBLE,R03b_20260811_FULL_v1,L1_ELIGIBILITY,v2026-08-11,2026-03-21..2026-08-06,baccarat_bet02_101_all_pairs_incl_sentinel,round_win = game_pnl > 0 (decisive only),COMPATIBILITY_ONLY_NOT_PRODUCTION,4086.5076,3788.5598,166.3114,1098,750,-0.04069767,-0.04069767,,-0.04069767,-166.3114,4086.5076,OK,0.0000,4.9893,3.0000,97.0000,AG03-UNRESOLVED,ALL5_LEVELS_bet23_to_bet27,4.9893,4.9893,4.9893,6.6525,6.6525,3.000000,3.000000,3.000000,4.000000,4.000000,97.000000,97.000000,97.000000,96.000000,96.000000,5.0,28.2729,26.4236,138.0384,139.8877,PENDING_AG03,FALSE,NOT_FOR_ENFORCEMENT,161.3220,3674.9030,166.3114,161.3220,4.9893,0.04069767,0.03947674,4.9893,161.3220,0.03947674,4.9893,4.9893,4.9893,6.6525,6.6525,161.3220,0.03947674,28.2729,26.4236,138.0384,139.8877,0.03377907,0.0342316,0.00122093,3.7218,5.0514,0.2217,55.4371,1.7693,1362.1692,250.0000,3.7218,,2.5685,2.5685,5.137,5.137,5.137,12.8426,2.5685,-2.5685,2.0,5.0,1.448998,26,60,11,7,1.00000000,0.04069767,0.04069767,0E-8,0.000000,0.927090,0.000000,,2026-08-03,2026-08-05,3,94,47,3,1.000000,,1.000000,3.333333,,,,,,,,GLOBAL_BASELINE_NO_ENTITY_RANKING,,,NOT_APPLICABLE_GLOBAL_BASELINE,HF9g-P5,,,,X 全窗基线 · 不参与实体赏罚,6872120,688,A168_HF9F_20260827_0900,2026-08-27 09:00:00
2026-08-03,153783574,1331,0,43.6647574038,-3.3390696840,-3.3390696840,0.5000000,16,14,0.48416651190476191,0.484166511905,0.10975266701434723,0.1097526670126952,0.10975266701434723,-2.3809E-13,ELIGIBLE,R03b_20260811_FULL_v1,L1_ELIGIBILITY,v2026-08-11,2026-03-21..2026-08-06,baccarat_bet02_101_all_pairs_incl_sentinel,round_win = game_pnl > 0 (decisive only),COMPATIBILITY_ONLY_NOT_PRODUCTION,4086.5076,3788.5598,166.3114,1098,750,-0.04069767,-0.04069767,,-0.04069767,-166.3114,4086.5076,OK,0.0000,4.9893,3.0000,97.0000,AG03-UNRESOLVED,ALL5_LEVELS_bet23_to_bet27,4.9893,4.9893,4.9893,6.6525,6.6525,3.000000,3.000000,3.000000,4.000000,4.000000,97.000000,97.000000,97.000000,96.000000,96.000000,5.0,28.2729,26.4236,138.0384,139.8877,PENDING_AG03,FALSE,NOT_FOR_ENFORCEMENT,161.3220,3674.9030,166.3114,161.3220,4.9893,0.04069767,0.03947674,4.9893,161.3220,0.03947674,4.9893,4.9893,4.9893,6.6525,6.6525,161.3220,0.03947674,28.2729,26.4236,138.0384,139.8877,0.03377907,0.0342316,0.00122093,3.7218,5.0514,0.2217,55.4371,1.7693,1362.1692,250.0000,3.7218,,2.5685,2.5685,5.137,5.137,5.137,12.8426,2.5685,-2.5685,2.0,5.0,1.448998,26,60,11,7,1.00000000,0.04069767,0.04069767,0E-8,0.000000,0.927090,0.000000,,2026-08-03,2026-08-05,3,94,47,3,1.000000,,1.000000,3.333333,,,,,,,,GLOBAL_BASELINE_NO_ENTITY_RANKING,,,NOT_APPLICABLE_GLOBAL_BASELINE,HF9g-P5,,,,X 全窗基线 · 不参与实体赏罚,6872121,688,A168_HF9F_20260827_0900,2026-08-27 09:00:00
2026-08-03,153783574,1382,0,82.1924845248,4.3664757402,4.3664757402,0.4090909,29,23,0.45767812608695652,0.457678126087,-0.4574300858248562,-0.4574300858252622,-0.4574300858248562,-4.348E-14,ELIGIBLE,R03b_20260811_FULL_v1,L1_ELIGIBILITY,v2026-08-11,2026-03-21..2026-08-06,baccarat_bet02_101_all_pairs_incl_sentinel,round_win = game_pnl > 0 (decisive only),COMPATIBILITY_ONLY_NOT_PRODUCTION,4086.5076,3788.5598,166.3114,1098,750,-0.04069767,-0.04069767,,-0.04069767,-166.3114,4086.5076,OK,0.0000,4.9893,3.0000,97.0000,AG03-UNRESOLVED,ALL5_LEVELS_bet23_to_bet27,4.9893,4.9893,4.9893,6.6525,6.6525,3.000000,3.000000,3.000000,4.000000,4.000000,97.000000,97.000000,97.000000,96.000000,96.000000,5.0,28.2729,26.4236,138.0384,139.8877,PENDING_AG03,FALSE,NOT_FOR_ENFORCEMENT,161.3220,3674.9030,166.3114,161.3220,4.9893,0.04069767,0.03947674,4.9893,161.3220,0.03947674,4.9893,4.9893,4.9893,6.6525,6.6525,161.3220,0.03947674,28.2729,26.4236,138.0384,139.8877,0.03377907,0.0342316,0.00122093,3.7218,5.0514,0.2217,55.4371,1.7693,1362.1692,250.0000,3.7218,,2.5685,2.5685,5.137,5.137,5.137,12.8426,2.5685,-2.5685,2.0,5.0,1.448998,26,60,11,7,1.00000000,0.04069767,0.04069767,0E-8,0.000000,0.927090,0.000000,,2026-08-03,2026-08-05,3,94,47,3,1.000000,,1.000000,3.333333,,,,,,,,GLOBAL_BASELINE_NO_ENTITY_RANKING,,,NOT_APPLICABLE_GLOBAL_BASELINE,HF9g-P5,,,,X 全窗基线 · 不参与实体赏罚,6872122,688,A168_HF9F_20260827_0900,2026-08-27 09:00:00
2026-08-03,153783574,1383,0,12.8425757070,7.3202681529,7.3202681529,0.8000000,5,5,0.50396966000000000,0.503969660000,1.3239296534401845,1.3239296534401845,1.3239296534401845,0E-17,ELIGIBLE,R03b_20260811_FULL_v1,L1_ELIGIBILITY,v2026-08-11,2026-03-21..2026-08-06,baccarat_bet02_101_all_pairs_incl_sentinel,round_win = game_pnl > 0 (decisive only),COMPATIBILITY_ONLY_NOT_PRODUCTION,4086.5076,3788.5598,166.3114,1098,750,-0.04069767,-0.04069767,,-0.04069767,-166.3114,4086.5076,OK,0.0000,4.9893,3.0000,97.0000,AG03-UNRESOLVED,ALL5_LEVELS_bet23_to_bet27,4.9893,4.9893,4.9893,6.6525,6.6525,3.000000,3.000000,3.000000,4.000000,4.000000,97.000000,97.000000,97.000000,96.000000,96.000000,5.0,28.2729,26.4236,138.0384,139.8877,PENDING_AG03,FALSE,NOT_FOR_ENFORCEMENT,161.3220,3674.9030,166.3114,161.3220,4.9893,0.04069767,0.03947674,4.9893,161.3220,0.03947674,4.9893,4.9893,4.9893,6.6525,6.6525,161.3220,0.03947674,28.2729,26.4236,138.0384,139.8877,0.03377907,0.0342316,0.00122093,3.7218,5.0514,0.2217,55.4371,1.7693,1362.1692,250.0000,3.7218,,2.5685,2.5685,5.137,5.137,5.137,12.8426,2.5685,-2.5685,2.0,5.0,1.448998,26,60,11,7,1.00000000,0.04069767,0.04069767,0E-8,0.000000,0.927090,0.000000,,2026-08-03,2026-08-05,3,94,47,3,1.000000,,1.000000,3.333333,,,,,,,,GLOBAL_BASELINE_NO_ENTITY_RANKING,,,NOT_APPLICABLE_GLOBAL_BASELINE,HF9g-P5,,,,X 全窗基线 · 不参与实体赏罚,6872123,688,A168_HF9F_20260827_0900,2026-08-27 09:00:00
2026-08-03,153783574,1384,0,5.1370302828,0E-10,0E-10,0.5000000,2,2,0.49994810000000000,0.499948100000,0.00014679536856514622,0.00014679536856514622,0.00014679536856514622,0E-17,ELIGIBLE,R03b_20260811_FULL_v1,L1_ELIGIBILITY,v2026-08-11,2026-03-21..2026-08-06,baccarat_bet02_101_all_pairs_incl_sentinel,round_win = game_pnl > 0 (decisive only),COMPATIBILITY_ONLY_NOT_PRODUCTION,4086.5076,3788.5598,166.3114,1098,750,-0.04069767,-0.04069767,,-0.04069767,-166.3114,4086.5076,OK,0.0000,4.9893,3.0000,97.0000,AG03-UNRESOLVED,ALL5_LEVELS_bet23_to_bet27,4.9893,4.9893,4.9893,6.6525,6.6525,3.000000,3.000000,3.000000,4.000000,4.000000,97.000000,97.000000,97.000000,96.000000,96.000000,5.0,28.2729,26.4236,138.0384,139.8877,PENDING_AG03,FALSE,NOT_FOR_ENFORCEMENT,161.3220,3674.9030,166.3114,161.3220,4.9893,0.04069767,0.03947674,4.9893,161.3220,0.03947674,4.9893,4.9893,4.9893,6.6525,6.6525,161.3220,0.03947674,28.2729,26.4236,138.0384,139.8877,0.03377907,0.0342316,0.00122093,3.7218,5.0514,0.2217,55.4371,1.7693,1362.1692,250.0000,3.7218,,2.5685,2.5685,5.137,5.137,5.137,12.8426,2.5685,-2.5685,2.0,5.0,1.448998,26,60,11,7,1.00000000,0.04069767,0.04069767,0E-8,0.000000,0.927090,0.000000,,2026-08-03,2026-08-05,3,94,47,3,1.000000,,1.000000,3.333333,,,,,,,,GLOBAL_BASELINE_NO_ENTITY_RANKING,,,NOT_APPLICABLE_GLOBAL_BASELINE,HF9g-P5,,,,X 全窗基线 · 不参与实体赏罚,6872124,688,A168_HF9F_20260827_0900,2026-08-27 09:00:00
2026-08-03,153783574,1385,0,71.9184239592,-23.3734877868,-23.3734877868,0.3333333,28,26,0.48152739487179487,0.481527394872,-1.359148910002636,-1.3591489100044967,-1.359148910002636,-2.0513E-13,ELIGIBLE,R03b_20260811_FULL_v1,L1_ELIGIBILITY,v2026-08-11,2026-03-21..2026-08-06,baccarat_bet02_101_all_pairs_incl_sentinel,round_win = game_pnl > 0 (decisive only),COMPATIBILITY_ONLY_NOT_PRODUCTION,4086.5076,3788.5598,166.3114,1098,750,-0.04069767,-0.04069767,,-0.04069767,-166.3114,4086.5076,OK,0.0000,4.9893,3.0000,97.0000,AG03-UNRESOLVED,ALL5_LEVELS_bet23_to_bet27,4.9893,4.9893,4.9893,6.6525,6.6525,3.000000,3.000000,3.000000,4.000000,4.000000,97.000000,97.000000,97.000000,96.000000,96.000000,5.0,28.2729,26.4236,138.0384,139.8877,PENDING_AG03,FALSE,NOT_FOR_ENFORCEMENT,161.3220,3674.9030,166.3114,161.3220,4.9893,0.04069767,0.03947674,4.9893,161.3220,0.03947674,4.9893,4.9893,4.9893,6.6525,6.6525,161.3220,0.03947674,28.2729,26.4236,138.0384,139.8877,0.03377907,0.0342316,0.00122093,3.7218,5.0514,0.2217,55.4371,1.7693,1362.1692,250.0000,3.7218,,2.5685,2.5685,5.137,5.137,5.137,12.8426,2.5685,-2.5685,2.0,5.0,1.448998,26,60,11,7,1.00000000,0.04069767,0.04069767,0E-8,0.000000,0.927090,0.000000,,2026-08-03,2026-08-05,3,94,47,3,1.000000,,1.000000,3.333333,,,,,,,,GLOBAL_BASELINE_NO_ENTITY_RANKING,,,NOT_APPLICABLE_GLOBAL_BASELINE,HF9g-P5,,,,X 全窗基线 · 不参与实体赏罚,6872125,688,A168_HF9F_20260827_0900,2026-08-27 09:00:00
2026-08-03,153783574,1399,0,28.2536665554,-23.2450620297,-23.2450620297,0E-7,9,4,0.27100086041666667,0.253561395834,-1.2194158134295616,-1.165667039659491,-1.2194158134295616,0.01743946458266667,ELIGIBLE,R03b_20260811_FULL_v1,L1_ELIGIBILITY,v2026-08-11,2026-03-21..2026-08-06,baccarat_bet02_101_all_pairs_incl_sentinel,round_win = game_pnl > 0 (decisive only),COMPATIBILITY_ONLY_NOT_PRODUCTION,4086.5076,3788.5598,166.3114,1098,750,-0.04069767,-0.04069767,,-0.04069767,-166.3114,4086.5076,OK,0.0000,4.9893,3.0000,97.0000,AG03-UNRESOLVED,ALL5_LEVELS_bet23_to_bet27,4.9893,4.9893,4.9893,6.6525,6.6525,3.000000,3.000000,3.000000,4.000000,4.000000,97.000000,97.000000,97.000000,96.000000,96.000000,5.0,28.2729,26.4236,138.0384,139.8877,PENDING_AG03,FALSE,NOT_FOR_ENFORCEMENT,161.3220,3674.9030,166.3114,161.3220,4.9893,0.04069767,0.03947674,4.9893,161.3220,0.03947674,4.9893,4.9893,4.9893,6.6525,6.6525,161.3220,0.03947674,28.2729,26.4236,138.0384,139.8877,0.03377907,0.0342316,0.00122093,3.7218,5.0514,0.2217,55.4371,1.7693,1362.1692,250.0000,3.7218,,2.5685,2.5685,5.137,5.137,5.137,12.8426,2.5685,-2.5685,2.0,5.0,1.448998,26,60,11,7,1.00000000,0.04069767,0.04069767,0E-8,0.000000,0.927090,0.000000,,2026-08-03,2026-08-05,3,94,47,3,1.000000,,1.000000,3.333333,,,,,,,,GLOBAL_BASELINE_NO_ENTITY_RANKING,,,NOT_APPLICABLE_GLOBAL_BASELINE,HF9g-P5,,,,X 全窗基线 · 不参与实体赏罚,6872126,688,A168_HF9F_20260827_0900,2026-08-27 09:00:00
2026-08-03,153783574,1401,0,5.1370302828,-0.1284257571,-0.1284257571,0.5000000,2,2,0.49994810000000000,0.499948100000,0.00014679536856514622,0.00014679536856514622,0.00014679536856514622,0E-17,ELIGIBLE,R03b_20260811_FULL_v1,L1_ELIGIBILITY,v2026-08-11,2026-03-21..2026-08-06,baccarat_bet02_101_all_pairs_incl_sentinel,round_win = game_pnl > 0 (decisive only),COMPATIBILITY_ONLY_NOT_PRODUCTION,4086.5076,3788.5598,166.3114,1098,750,-0.04069767,-0.04069767,,-0.04069767,-166.3114,4086.5076,OK,0.0000,4.9893,3.0000,97.0000,AG03-UNRESOLVED,ALL5_LEVELS_bet23_to_bet27,4.9893,4.9893,4.9893,6.6525,6.6525,3.000000,3.000000,3.000000,4.000000,4.000000,97.000000,97.000000,97.000000,96.000000,96.000000,5.0,28.2729,26.4236,138.0384,139.8877,PENDING_AG03,FALSE,NOT_FOR_ENFORCEMENT,161.3220,3674.9030,166.3114,161.3220,4.9893,0.04069767,0.03947674,4.9893,161.3220,0.03947674,4.9893,4.9893,4.9893,6.6525,6.6525,161.3220,0.03947674,28.2729,26.4236,138.0384,139.8877,0.03377907,0.0342316,0.00122093,3.7218,5.0514,0.2217,55.4371,1.7693,1362.1692,250.0000,3.7218,,2.5685,2.5685,5.137,5.137,5.137,12.8426,2.5685,-2.5685,2.0,5.0,1.448998,26,60,11,7,1.00000000,0.04069767,0.04069767,0E-8,0.000000,0.927090,0.000000,,2026-08-03,2026-08-05,3,94,47,3,1.000000,,1.000000,3.333333,,,,,,,,GLOBAL_BASELINE_NO_ENTITY_RANKING,,,NOT_APPLICABLE_GLOBAL_BASELINE,HF9g-P5,,,,X 全窗基线 · 不参与实体赏罚,6872127,688,A168_HF9F_20260827_0900,2026-08-27 09:00:00
2026-08-03,153783574,1402,0,10.2740605656,-5.2654560399,-5.2654560399,0.5000000,4,2,0.36043238333333334,0.360432383334,0.4110972062377756,0.41109720623564605,0.4110972062377756,-6.6666E-13,ELIGIBLE,R03b_20260811_FULL_v1,L1_ELIGIBILITY,v2026-08-11,2026-03-21..2026-08-06,baccarat_bet02_101_all_pairs_incl_sentinel,round_win = game_pnl > 0 (decisive only),COMPATIBILITY_ONLY_NOT_PRODUCTION,4086.5076,3788.5598,166.3114,1098,750,-0.04069767,-0.04069767,,-0.04069767,-166.3114,4086.5076,OK,0.0000,4.9893,3.0000,97.0000,AG03-UNRESOLVED,ALL5_LEVELS_bet23_to_bet27,4.9893,4.9893,4.9893,6.6525,6.6525,3.000000,3.000000,3.000000,4.000000,4.000000,97.000000,97.000000,97.000000,96.000000,96.000000,5.0,28.2729,26.4236,138.0384,139.8877,PENDING_AG03,FALSE,NOT_FOR_ENFORCEMENT,161.3220,3674.9030,166.3114,161.3220,4.9893,0.04069767,0.03947674,4.9893,161.3220,0.03947674,4.9893,4.9893,4.9893,6.6525,6.6525,161.3220,0.03947674,28.2729,26.4236,138.0384,139.8877,0.03377907,0.0342316,0.00122093,3.7218,5.0514,0.2217,55.4371,1.7693,1362.1692,250.0000,3.7218,,2.5685,2.5685,5.137,5.137,5.137,12.8426,2.5685,-2.5685,2.0,5.0,1.448998,26,60,11,7,1.00000000,0.04069767,0.04069767,0E-8,0.000000,0.927090,0.000000,,2026-08-03,2026-08-05,3,94,47,3,1.000000,,1.000000,3.333333,,,,,,,,GLOBAL_BASELINE_NO_ENTITY_RANKING,,,NOT_APPLICABLE_GLOBAL_BASELINE,HF9g-P5,,,,X 全窗基线 · 不参与实体赏罚,6872128,688,A168_HF9F_20260827_0900,2026-08-27 09:00:00
2026-08-03,153783574,1405,0,2.5685151414,-2.5685151414,-2.5685151414,0E-7,1,1,0.49324550000000000,0.493245500000,-0.9865810262130424,-0.9865810262130424,-0.9865810262130424,0E-17,ELIGIBLE,R03b_20260811_FULL_v1,L1_ELIGIBILITY,v2026-08-11,2026-03-21..2026-08-06,baccarat_bet02_101_all_pairs_incl_sentinel,round_win = game_pnl > 0 (decisive only),COMPATIBILITY_ONLY_NOT_PRODUCTION,4086.5076,3788.5598,166.3114,1098,750,-0.04069767,-0.04069767,,-0.04069767,-166.3114,4086.5076,OK,0.0000,4.9893,3.0000,97.0000,AG03-UNRESOLVED,ALL5_LEVELS_bet23_to_bet27,4.9893,4.9893,4.9893,6.6525,6.6525,3.000000,3.000000,3.000000,4.000000,4.000000,97.000000,97.000000,97.000000,96.000000,96.000000,5.0,28.2729,26.4236,138.0384,139.8877,PENDING_AG03,FALSE,NOT_FOR_ENFORCEMENT,161.3220,3674.9030,166.3114,161.3220,4.9893,0.04069767,0.03947674,4.9893,161.3220,0.03947674,4.9893,4.9893,4.9893,6.6525,6.6525,161.3220,0.03947674,28.2729,26.4236,138.0384,139.8877,0.03377907,0.0342316,0.00122093,3.7218,5.0514,0.2217,55.4371,1.7693,1362.1692,250.0000,3.7218,,2.5685,2.5685,5.137,5.137,5.137,12.8426,2.5685,-2.5685,2.0,5.0,1.448998,26,60,11,7,1.00000000,0.04069767,0.04069767,0E-8,0.000000,0.927090,0.000000,,2026-08-03,2026-08-05,3,94,47,3,1.000000,,1.000000,3.333333,,,,,,,,GLOBAL_BASELINE_NO_ENTITY_RANKING,,,NOT_APPLICABLE_GLOBAL_BASELINE,HF9g-P5,,,,X 全窗基线 · 不参与实体赏罚,6872129,688,A168_HF9F_20260827_0900,2026-08-27 09:00:00
2026-08-03,153783574,1490,0,7.7055454242,2.4400893843,2.4400893843,0.6666667,3,3,0.50218230000000000,0.502182300000,0.5697959874915163,0.5697959874915164,0.5697959874915163,0E-17,ELIGIBLE,R03b_20260811_FULL_v1,L1_ELIGIBILITY,v2026-08-11,2026-03-21..2026-08-06,baccarat_bet02_101_all_pairs_incl_sentinel,round_win = game_pnl > 0 (decisive only),COMPATIBILITY_ONLY_NOT_PRODUCTION,4086.5076,3788.5598,166.3114,1098,750,-0.04069767,-0.04069767,,-0.04069767,-166.3114,4086.5076,OK,0.0000,4.9893,3.0000,97.0000,AG03-UNRESOLVED,ALL5_LEVELS_bet23_to_bet27,4.9893,4.9893,4.9893,6.6525,6.6525,3.000000,3.000000,3.000000,4.000000,4.000000,97.000000,97.000000,97.000000,96.000000,96.000000,5.0,28.2729,26.4236,138.0384,139.8877,PENDING_AG03,FALSE,NOT_FOR_ENFORCEMENT,161.3220,3674.9030,166.3114,161.3220,4.9893,0.04069767,0.03947674,4.9893,161.3220,0.03947674,4.9893,4.9893,4.9893,6.6525,6.6525,161.3220,0.03947674,28.2729,26.4236,138.0384,139.8877,0.03377907,0.0342316,0.00122093,3.7218,5.0514,0.2217,55.4371,1.7693,1362.1692,250.0000,3.7218,,2.5685,2.5685,5.137,5.137,5.137,12.8426,2.5685,-2.5685,2.0,5.0,1.448998,26,60,11,7,1.00000000,0.04069767,0.04069767,0E-8,0.000000,0.927090,0.000000,,2026-08-03,2026-08-05,3,94,47,3,1.000000,,1.000000,3.333333,,,,,,,,GLOBAL_BASELINE_NO_ENTITY_RANKING,,,NOT_APPLICABLE_GLOBAL_BASELINE,HF9g-P5,,,,X 全窗基线 · 不参与实体赏罚,6872130,688,A168_HF9F_20260827_0900,2026-08-27 09:00:00
2026-08-03,153783574,1654,0,46.2332725452,69.2214830607,69.2214830607,0.5000000,17,11,0.31933600606060606,0.319336006061,1.2254095862915477,1.2254095862884744,1.2254095862915477,-3.9394E-13,ELIGIBLE,R03b_20260811_FULL_v1,L1_ELIGIBILITY,v2026-08-11,2026-03-21..2026-08-06,baccarat_bet02_101_all_pairs_incl_sentinel,round_win = game_pnl > 0 (decisive only),COMPATIBILITY_ONLY_NOT_PRODUCTION,4086.5076,3788.5598,166.3114,1098,750,-0.04069767,-0.04069767,,-0.04069767,-166.3114,4086.5076,OK,0.0000,4.9893,3.0000,97.0000,AG03-UNRESOLVED,ALL5_LEVELS_bet23_to_bet27,4.9893,4.9893,4.9893,6.6525,6.6525,3.000000,3.000000,3.000000,4.000000,4.000000,97.000000,97.000000,97.000000,96.000000,96.000000,5.0,28.2729,26.4236,138.0384,139.8877,PENDING_AG03,FALSE,NOT_FOR_ENFORCEMENT,161.3220,3674.9030,166.3114,161.3220,4.9893,0.04069767,0.03947674,4.9893,161.3220,0.03947674,4.9893,4.9893,4.9893,6.6525,6.6525,161.3220,0.03947674,28.2729,26.4236,138.0384,139.8877,0.03377907,0.0342316,0.00122093,3.7218,5.0514,0.2217,55.4371,1.7693,1362.1692,250.0000,3.7218,,2.5685,2.5685,5.137,5.137,5.137,12.8426,2.5685,-2.5685,2.0,5.0,1.448998,26,60,11,7,1.00000000,0.04069767,0.04069767,0E-8,0.000000,0.927090,0.000000,,2026-08-03,2026-08-05,3,94,47,3,1.000000,,1.000000,3.333333,,,,,,,,GLOBAL_BASELINE_NO_ENTITY_RANKING,,,NOT_APPLICABLE_GLOBAL_BASELINE,HF9g-P5,,,,X 全窗基线 · 不参与实体赏罚,6872131,688,A168_HF9F_20260827_0900,2026-08-27 09:00:00
2026-08-03,153783574,1704,0,15.4110908484,14.6405363061,14.6405363061,1.0000000,3,3,0.50665070000000000,0.506650700000,1.7091633124209307,1.7091633124209307,1.7091633124209307,0E-17,ELIGIBLE,R03b_20260811_FULL_v1,L1_ELIGIBILITY,v2026-08-11,2026-03-21..2026-08-06,baccarat_bet02_101_all_pairs_incl_sentinel,round_win = game_pnl > 0 (decisive only),COMPATIBILITY_ONLY_NOT_PRODUCTION,4086.5076,3788.5598,166.3114,1098,750,-0.04069767,-0.04069767,,-0.04069767,-166.3114,4086.5076,OK,0.0000,4.9893,3.0000,97.0000,AG03-UNRESOLVED,ALL5_LEVELS_bet23_to_bet27,4.9893,4.9893,4.9893,6.6525,6.6525,3.000000,3.000000,3.000000,4.000000,4.000000,97.000000,97.000000,97.000000,96.000000,96.000000,5.0,28.2729,26.4236,138.0384,139.8877,PENDING_AG03,FALSE,NOT_FOR_ENFORCEMENT,161.3220,3674.9030,166.3114,161.3220,4.9893,0.04069767,0.03947674,4.9893,161.3220,0.03947674,4.9893,4.9893,4.9893,6.6525,6.6525,161.3220,0.03947674,28.2729,26.4236,138.0384,139.8877,0.03377907,0.0342316,0.00122093,3.7218,5.0514,0.2217,55.4371,1.7693,1362.1692,250.0000,3.7218,,2.5685,2.5685,5.137,5.137,5.137,12.8426,2.5685,-2.5685,2.0,5.0,1.448998,26,60,11,7,1.00000000,0.04069767,0.04069767,0E-8,0.000000,0.927090,0.000000,,2026-08-03,2026-08-05,3,94,47,3,1.000000,,1.000000,3.333333,,,,,,,,GLOBAL_BASELINE_NO_ENTITY_RANKING,,,NOT_APPLICABLE_GLOBAL_BASELINE,HF9g-P5,,,,X 全窗基线 · 不参与实体赏罚,6872132,688,A168_HF9F_20260827_0900,2026-08-27 09:00:00
2026-08-03,153783574,1935,0,66.7813936764,20.4196953741,20.4196953741,0.3000000,22,10,0.33570688583333334,0.328507680000,-0.23910682624257362,-0.19194136838644538,-0.23910682624257362,0.00719920583333334,ELIGIBLE,R03b_20260811_FULL_v1,L1_ELIGIBILITY,v2026-08-11,2026-03-21..2026-08-06,baccarat_bet02_101_all_pairs_incl_sentinel,round_win = game_pnl > 0 (decisive only),COMPATIBILITY_ONLY_NOT_PRODUCTION,4086.5076,3788.5598,166.3114,1098,750,-0.04069767,-0.04069767,,-0.04069767,-166.3114,4086.5076,OK,0.0000,4.9893,3.0000,97.0000,AG03-UNRESOLVED,ALL5_LEVELS_bet23_to_bet27,4.9893,4.9893,4.9893,6.6525,6.6525,3.000000,3.000000,3.000000,4.000000,4.000000,97.000000,97.000000,97.000000,96.000000,96.000000,5.0,28.2729,26.4236,138.0384,139.8877,PENDING_AG03,FALSE,NOT_FOR_ENFORCEMENT,161.3220,3674.9030,166.3114,161.3220,4.9893,0.04069767,0.03947674,4.9893,161.3220,0.03947674,4.9893,4.9893,4.9893,6.6525,6.6525,161.3220,0.03947674,28.2729,26.4236,138.0384,139.8877,0.03377907,0.0342316,0.00122093,3.7218,5.0514,0.2217,55.4371,1.7693,1362.1692,250.0000,3.7218,,2.5685,2.5685,5.137,5.137,5.137,12.8426,2.5685,-2.5685,2.0,5.0,1.448998,26,60,11,7,1.00000000,0.04069767,0.04069767,0E-8,0.000000,0.927090,0.000000,,2026-08-03,2026-08-05,3,94,47,3,1.000000,,1.000000,3.333333,,,,,,,,GLOBAL_BASELINE_NO_ENTITY_RANKING,,,NOT_APPLICABLE_GLOBAL_BASELINE,HF9g-P5,,,,X 全窗基线 · 不参与实体赏罚,6872133,688,A168_HF9F_20260827_0900,2026-08-27 09:00:00
2026-08-03,153783574,1942,0,10.2740605656,-0.2568515141,-0.2568515141,0.5000000,2,2,0.50665070000000000,0.506650700000,-0.018812684590367487,-0.018812684590367487,-0.018812684590367487,0E-17,ELIGIBLE,R03b_20260811_FULL_v1,L1_ELIGIBILITY,v2026-08-11,2026-03-21..2026-08-06,baccarat_bet02_101_all_pairs_incl_sentinel,round_win = game_pnl > 0 (decisive only),COMPATIBILITY_ONLY_NOT_PRODUCTION,4086.5076,3788.5598,166.3114,1098,750,-0.04069767,-0.04069767,,-0.04069767,-166.3114,4086.5076,OK,0.0000,4.9893,3.0000,97.0000,AG03-UNRESOLVED,ALL5_LEVELS_bet23_to_bet27,4.9893,4.9893,4.9893,6.6525,6.6525,3.000000,3.000000,3.000000,4.000000,4.000000,97.000000,97.000000,97.000000,96.000000,96.000000,5.0,28.2729,26.4236,138.0384,139.8877,PENDING_AG03,FALSE,NOT_FOR_ENFORCEMENT,161.3220,3674.9030,166.3114,161.3220,4.9893,0.04069767,0.03947674,4.9893,161.3220,0.03947674,4.9893,4.9893,4.9893,6.6525,6.6525,161.3220,0.03947674,28.2729,26.4236,138.0384,139.8877,0.03377907,0.0342316,0.00122093,3.7218,5.0514,0.2217,55.4371,1.7693,1362.1692,250.0000,3.7218,,2.5685,2.5685,5.137,5.137,5.137,12.8426,2.5685,-2.5685,2.0,5.0,1.448998,26,60,11,7,1.00000000,0.04069767,0.04069767,0E-8,0.000000,0.927090,0.000000,,2026-08-03,2026-08-05,3,94,47,3,1.000000,,1.000000,3.333333,,,,,,,,GLOBAL_BASELINE_NO_ENTITY_RANKING,,,NOT_APPLICABLE_GLOBAL_BASELINE,HF9g-P5,,,,X 全窗基线 · 不参与实体赏罚,6872134,688,A168_HF9F_20260827_0900,2026-08-27 09:00:00
2026-08-03,153783574,1947,0,10.2740605656,-7.7055454242,-7.7055454242,0E-7,4,4,0.49994810000000000,0.499948100000,-1.7318710300250217,-1.7318710300250217,-1.7318710300250217,0E-17,ELIGIBLE,R03b_20260811_FULL_v1,L1_ELIGIBILITY,v2026-08-11,2026-03-21..2026-08-06,baccarat_bet02_101_all_pairs_incl_sentinel,round_win = game_pnl > 0 (decisive only),COMPATIBILITY_ONLY_NOT_PRODUCTION,4086.5076,3788.5598,166.3114,1098,750,-0.04069767,-0.04069767,,-0.04069767,-166.3114,4086.5076,OK,0.0000,4.9893,3.0000,97.0000,AG03-UNRESOLVED,ALL5_LEVELS_bet23_to_bet27,4.9893,4.9893,4.9893,6.6525,6.6525,3.000000,3.000000,3.000000,4.000000,4.000000,97.000000,97.000000,97.000000,96.000000,96.000000,5.0,28.2729,26.4236,138.0384,139.8877,PENDING_AG03,FALSE,NOT_FOR_ENFORCEMENT,161.3220,3674.9030,166.3114,161.3220,4.9893,0.04069767,0.03947674,4.9893,161.3220,0.03947674,4.9893,4.9893,4.9893,6.6525,6.6525,161.3220,0.03947674,28.2729,26.4236,138.0384,139.8877,0.03377907,0.0342316,0.00122093,3.7218,5.0514,0.2217,55.4371,1.7693,1362.1692,250.0000,3.7218,,2.5685,2.5685,5.137,5.137,5.137,12.8426,2.5685,-2.5685,2.0,5.0,1.448998,26,60,11,7,1.00000000,0.04069767,0.04069767,0E-8,0.000000,0.927090,0.000000,,2026-08-03,2026-08-05,3,94,47,3,1.000000,,1.000000,3.333333,,,,,,,,GLOBAL_BASELINE_NO_ENTITY_RANKING,,,NOT_APPLICABLE_GLOBAL_BASELINE,HF9g-P5,,,,X 全窗基线 · 不参与实体赏罚,6872135,688,A168_HF9F_20260827_0900,2026-08-27 09:00:00
2026-08-03,153783574,1966,0,12.8425757070,-12.8425757070,-12.8425757070,0E-7,4,2,0.36043238333333334,0.360432383334,-1.0616556287540653,-1.0616556287556003,-1.0616556287540653,-6.6666E-13,ELIGIBLE,R03b_20260811_FULL_v1,L1_ELIGIBILITY,v2026-08-11,2026-03-21..2026-08-06,baccarat_bet02_101_all_pairs_incl_sentinel,round_win = game_pnl > 0 (decisive only),COMPATIBILITY_ONLY_NOT_PRODUCTION,4086.5076,3788.5598,166.3114,1098,750,-0.04069767,-0.04069767,,-0.04069767,-166.3114,4086.5076,OK,0.0000,4.9893,3.0000,97.0000,AG03-UNRESOLVED,ALL5_LEVELS_bet23_to_bet27,4.9893,4.9893,4.9893,6.6525,6.6525,3.000000,3.000000,3.000000,4.000000,4.000000,97.000000,97.000000,97.000000,96.000000,96.000000,5.0,28.2729,26.4236,138.0384,139.8877,PENDING_AG03,FALSE,NOT_FOR_ENFORCEMENT,161.3220,3674.9030,166.3114,161.3220,4.9893,0.04069767,0.03947674,4.9893,161.3220,0.03947674,4.9893,4.9893,4.9893,6.6525,6.6525,161.3220,0.03947674,28.2729,26.4236,138.0384,139.8877,0.03377907,0.0342316,0.00122093,3.7218,5.0514,0.2217,55.4371,1.7693,1362.1692,250.0000,3.7218,,2.5685,2.5685,5.137,5.137,5.137,12.8426,2.5685,-2.5685,2.0,5.0,1.448998,26,60,11,7,1.00000000,0.04069767,0.04069767,0E-8,0.000000,0.927090,0.000000,,2026-08-03,2026-08-05,3,94,47,3,1.000000,,1.000000,3.333333,,,,,,,,GLOBAL_BASELINE_NO_ENTITY_RANKING,,,NOT_APPLICABLE_GLOBAL_BASELINE,HF9g-P5,,,,X 全窗基线 · 不参与实体赏罚,6872136,688,A168_HF9F_20260827_0900,2026-08-27 09:00:00
2026-08-03,153783574,1985,0,274.8311201298,24.0156165722,24.0156165722,0.5000000,72,50,0.43763141816666667,0.429192771333,0.8147525770134402,0.927110095980695,0.8147525770134402,0.00843864683366667,ELIGIBLE,R03b_20260811_FULL_v1,L1_ELIGIBILITY,v2026-08-11,2026-03-21..2026-08-06,baccarat_bet02_101_all_pairs_incl_sentinel,round_win = game_pnl > 0 (decisive only),COMPATIBILITY_ONLY_NOT_PRODUCTION,4086.5076,3788.5598,166.3114,1098,750,-0.04069767,-0.04069767,,-0.04069767,-166.3114,4086.5076,OK,0.0000,4.9893,3.0000,97.0000,AG03-UNRESOLVED,ALL5_LEVELS_bet23_to_bet27,4.9893,4.9893,4.9893,6.6525,6.6525,3.000000,3.000000,3.000000,4.000000,4.000000,97.000000,97.000000,97.000000,96.000000,96.000000,5.0,28.2729,26.4236,138.0384,139.8877,PENDING_AG03,FALSE,NOT_FOR_ENFORCEMENT,161.3220,3674.9030,166.3114,161.3220,4.9893,0.04069767,0.03947674,4.9893,161.3220,0.03947674,4.9893,4.9893,4.9893,6.6525,6.6525,161.3220,0.03947674,28.2729,26.4236,138.0384,139.8877,0.03377907,0.0342316,0.00122093,3.7218,5.0514,0.2217,55.4371,1.7693,1362.1692,250.0000,3.7218,,2.5685,2.5685,5.137,5.137,5.137,12.8426,2.5685,-2.5685,2.0,5.0,1.448998,26,60,11,7,1.00000000,0.04069767,0.04069767,0E-8,0.000000,0.927090,0.000000,,2026-08-03,2026-08-05,3,94,47,3,1.000000,,1.000000,3.333333,,,,,,,,GLOBAL_BASELINE_NO_ENTITY_RANKING,,,NOT_APPLICABLE_GLOBAL_BASELINE,HF9g-P5,,,,X 全窗基线 · 不参与实体赏罚,6872137,688,A168_HF9F_20260827_0900,2026-08-27 09:00:00
2026-08-03,153783574,1994,0,74.4869391006,6.8065651248,6.8065651248,0.4000000,21,12,0.36772935625000000,0.361730018056,0.21163718155256073,0.2518626522185072,0.21163718155256073,0.00599933819400000,ELIGIBLE,R03b_20260811_FULL_v1,L1_ELIGIBILITY,v2026-08-11,2026-03-21..2026-08-06,baccarat_bet02_101_all_pairs_incl_sentinel,round_win = game_pnl > 0 (decisive only),COMPATIBILITY_ONLY_NOT_PRODUCTION,4086.5076,3788.5598,166.3114,1098,750,-0.04069767,-0.04069767,,-0.04069767,-166.3114,4086.5076,OK,0.0000,4.9893,3.0000,97.0000,AG03-UNRESOLVED,ALL5_LEVELS_bet23_to_bet27,4.9893,4.9893,4.9893,6.6525,6.6525,3.000000,3.000000,3.000000,4.000000,4.000000,97.000000,97.000000,97.000000,96.000000,96.000000,5.0,28.2729,26.4236,138.0384,139.8877,PENDING_AG03,FALSE,NOT_FOR_ENFORCEMENT,161.3220,3674.9030,166.3114,161.3220,4.9893,0.04069767,0.03947674,4.9893,161.3220,0.03947674,4.9893,4.9893,4.9893,6.6525,6.6525,161.3220,0.03947674,28.2729,26.4236,138.0384,139.8877,0.03377907,0.0342316,0.00122093,3.7218,5.0514,0.2217,55.4371,1.7693,1362.1692,250.0000,3.7218,,2.5685,2.5685,5.137,5.137,5.137,12.8426,2.5685,-2.5685,2.0,5.0,1.448998,26,60,11,7,1.00000000,0.04069767,0.04069767,0E-8,0.000000,0.927090,0.000000,,2026-08-03,2026-08-05,3,94,47,3,1.000000,,1.000000,3.333333,,,,,,,,GLOBAL_BASELINE_NO_ENTITY_RANKING,,,NOT_APPLICABLE_GLOBAL_BASELINE,HF9g-P5,,,,X 全窗基线 · 不参与实体赏罚,6872138,688,A168_HF9F_20260827_0900,2026-08-27 09:00:00
2026-08-03,153783574,2093,0,10.2740605656,-0.2568515141,-0.2568515141,0E-7,3,1,0.29067452500000000,0.218682466667,-0.6401484627940176,-0.5290457096990526,-0.6401484627940176,0.07199205833300000,ELIGIBLE,R03b_20260811_FULL_v1,L1_ELIGIBILITY,v2026-08-11,2026-03-21..2026-08-06,baccarat_bet02_101_all_pairs_incl_sentinel,round_win = game_pnl > 0 (decisive only),COMPATIBILITY_ONLY_NOT_PRODUCTION,4086.5076,3788.5598,166.3114,1098,750,-0.04069767,-0.04069767,,-0.04069767,-166.3114,4086.5076,OK,0.0000,4.9893,3.0000,97.0000,AG03-UNRESOLVED,ALL5_LEVELS_bet23_to_bet27,4.9893,4.9893,4.9893,6.6525,6.6525,3.000000,3.000000,3.000000,4.000000,4.000000,97.000000,97.000000,97.000000,96.000000,96.000000,5.0,28.2729,26.4236,138.0384,139.8877,PENDING_AG03,FALSE,NOT_FOR_ENFORCEMENT,161.3220,3674.9030,166.3114,161.3220,4.9893,0.04069767,0.03947674,4.9893,161.3220,0.03947674,4.9893,4.9893,4.9893,6.6525,6.6525,161.3220,0.03947674,28.2729,26.4236,138.0384,139.8877,0.03377907,0.0342316,0.00122093,3.7218,5.0514,0.2217,55.4371,1.7693,1362.1692,250.0000,3.7218,,2.5685,2.5685,5.137,5.137,5.137,12.8426,2.5685,-2.5685,2.0,5.0,1.448998,26,60,11,7,1.00000000,0.04069767,0.04069767,0E-8,0.000000,0.927090,0.000000,,2026-08-03,2026-08-05,3,94,47,3,1.000000,,1.000000,3.333333,,,,,,,,GLOBAL_BASELINE_NO_ENTITY_RANKING,,,NOT_APPLICABLE_GLOBAL_BASELINE,HF9g-P5,,,,X 全窗基线 · 不参与实体赏罚,6872139,688,A168_HF9F_20260827_0900,2026-08-27 09:00:00
2026-08-03,153783574,2106,0,79.6239693834,33.1338453240,33.1338453240,0.5000000,31,21,0.39140975555555556,0.391409755556,0.8899640955004977,0.889964095496675,0.8899640955004977,-4.4444E-13,ELIGIBLE,R03b_20260811_FULL_v1,L1_ELIGIBILITY,v2026-08-11,2026-03-21..2026-08-06,baccarat_bet02_101_all_pairs_incl_sentinel,round_win = game_pnl > 0 (decisive only),COMPATIBILITY_ONLY_NOT_PRODUCTION,4086.5076,3788.5598,166.3114,1098,750,-0.04069767,-0.04069767,,-0.04069767,-166.3114,4086.5076,OK,0.0000,4.9893,3.0000,97.0000,AG03-UNRESOLVED,ALL5_LEVELS_bet23_to_bet27,4.9893,4.9893,4.9893,6.6525,6.6525,3.000000,3.000000,3.000000,4.000000,4.000000,97.000000,97.000000,97.000000,96.000000,96.000000,5.0,28.2729,26.4236,138.0384,139.8877,PENDING_AG03,FALSE,NOT_FOR_ENFORCEMENT,161.3220,3674.9030,166.3114,161.3220,4.9893,0.04069767,0.03947674,4.9893,161.3220,0.03947674,4.9893,4.9893,4.9893,6.6525,6.6525,161.3220,0.03947674,28.2729,26.4236,138.0384,139.8877,0.03377907,0.0342316,0.00122093,3.7218,5.0514,0.2217,55.4371,1.7693,1362.1692,250.0000,3.7218,,2.5685,2.5685,5.137,5.137,5.137,12.8426,2.5685,-2.5685,2.0,5.0,1.448998,26,60,11,7,1.00000000,0.04069767,0.04069767,0E-8,0.000000,0.927090,0.000000,,2026-08-03,2026-08-05,3,94,47,3,1.000000,,1.000000,3.333333,,,,,,,,GLOBAL_BASELINE_NO_ENTITY_RANKING,,,NOT_APPLICABLE_GLOBAL_BASELINE,HF9g-P5,,,,X 全窗基线 · 不参与实体赏罚,6872140,688,A168_HF9F_20260827_0900,2026-08-27 09:00:00
2026-08-03,153783574,2108,0,182.3645750394,5.5223075542,5.5223075542,0.4722222,48,40,0.46907867229166667,0.467334725833,0.03779494204505424,0.05877552011964973,0.03779494204505424,0.00174394645866667,ELIGIBLE,R03b_20260811_FULL_v1,L1_ELIGIBILITY,v2026-08-11,2026-03-21..2026-08-06,baccarat_bet02_101_all_pairs_incl_sentinel,round_win = game_pnl > 0 (decisive only),COMPATIBILITY_ONLY_NOT_PRODUCTION,4086.5076,3788.5598,166.3114,1098,750,-0.04069767,-0.04069767,,-0.04069767,-166.3114,4086.5076,OK,0.0000,4.9893,3.0000,97.0000,AG03-UNRESOLVED,ALL5_LEVELS_bet23_to_bet27,4.9893,4.9893,4.9893,6.6525,6.6525,3.000000,3.000000,3.000000,4.000000,4.000000,97.000000,97.000000,97.000000,96.000000,96.000000,5.0,28.2729,26.4236,138.0384,139.8877,PENDING_AG03,FALSE,NOT_FOR_ENFORCEMENT,161.3220,3674.9030,166.3114,161.3220,4.9893,0.04069767,0.03947674,4.9893,161.3220,0.03947674,4.9893,4.9893,4.9893,6.6525,6.6525,161.3220,0.03947674,28.2729,26.4236,138.0384,139.8877,0.03377907,0.0342316,0.00122093,3.7218,5.0514,0.2217,55.4371,1.7693,1362.1692,250.0000,3.7218,,2.5685,2.5685,5.137,5.137,5.137,12.8426,2.5685,-2.5685,2.0,5.0,1.448998,26,60,11,7,1.00000000,0.04069767,0.04069767,0E-8,0.000000,0.927090,0.000000,,2026-08-03,2026-08-05,3,94,47,3,1.000000,,1.000000,3.333333,,,,,,,,GLOBAL_BASELINE_NO_ENTITY_RANKING,,,NOT_APPLICABLE_GLOBAL_BASELINE,HF9g-P5,,,,X 全窗基线 · 不参与实体赏罚,6872141,688,A168_HF9F_20260827_0900,2026-08-27 09:00:00
2026-08-03,153783574,2121,0,30.8221816968,25.4282998998,25.4282998998,0.6666667,10,6,0.40693762222222222,0.406937622222,1.295036574979304,1.2950365749805233,1.295036574979304,2.2222E-13,ELIGIBLE,R03b_20260811_FULL_v1,L1_ELIGIBILITY,v2026-08-11,2026-03-21..2026-08-06,baccarat_bet02_101_all_pairs_incl_sentinel,round_win = game_pnl > 0 (decisive only),COMPATIBILITY_ONLY_NOT_PRODUCTION,4086.5076,3788.5598,166.3114,1098,750,-0.04069767,-0.04069767,,-0.04069767,-166.3114,4086.5076,OK,0.0000,4.9893,3.0000,97.0000,AG03-UNRESOLVED,ALL5_LEVELS_bet23_to_bet27,4.9893,4.9893,4.9893,6.6525,6.6525,3.000000,3.000000,3.000000,4.000000,4.000000,97.000000,97.000000,97.000000,96.000000,96.000000,5.0,28.2729,26.4236,138.0384,139.8877,PENDING_AG03,FALSE,NOT_FOR_ENFORCEMENT,161.3220,3674.9030,166.3114,161.3220,4.9893,0.04069767,0.03947674,4.9893,161.3220,0.03947674,4.9893,4.9893,4.9893,6.6525,6.6525,161.3220,0.03947674,28.2729,26.4236,138.0384,139.8877,0.03377907,0.0342316,0.00122093,3.7218,5.0514,0.2217,55.4371,1.7693,1362.1692,250.0000,3.7218,,2.5685,2.5685,5.137,5.137,5.137,12.8426,2.5685,-2.5685,2.0,5.0,1.448998,26,60,11,7,1.00000000,0.04069767,0.04069767,0E-8,0.000000,0.927090,0.000000,,2026-08-03,2026-08-05,3,94,47,3,1.000000,,1.000000,3.333333,,,,,,,,GLOBAL_BASELINE_NO_ENTITY_RANKING,,,NOT_APPLICABLE_GLOBAL_BASELINE,HF9g-P5,,,,X 全窗基线 · 不参与实体赏罚,6872142,688,A168_HF9F_20260827_0900,2026-08-27 09:00:00
2026-08-03,153783574,2141,0,5.1370302828,-5.1370302828,-5.1370302828,0E-7,1,1,0.50665070000000000,0.506650700000,-1.013391052207602,-1.013391052207602,-1.013391052207602,0E-17,ELIGIBLE,R03b_20260811_FULL_v1,L1_ELIGIBILITY,v2026-08-11,2026-03-21..2026-08-06,baccarat_bet02_101_all_pairs_incl_sentinel,round_win = game_pnl > 0 (decisive only),COMPATIBILITY_ONLY_NOT_PRODUCTION,4086.5076,3788.5598,166.3114,1098,750,-0.04069767,-0.04069767,,-0.04069767,-166.3114,4086.5076,OK,0.0000,4.9893,3.0000,97.0000,AG03-UNRESOLVED,ALL5_LEVELS_bet23_to_bet27,4.9893,4.9893,4.9893,6.6525,6.6525,3.000000,3.000000,3.000000,4.000000,4.000000,97.000000,97.000000,97.000000,96.000000,96.000000,5.0,28.2729,26.4236,138.0384,139.8877,PENDING_AG03,FALSE,NOT_FOR_ENFORCEMENT,161.3220,3674.9030,166.3114,161.3220,4.9893,0.04069767,0.03947674,4.9893,161.3220,0.03947674,4.9893,4.9893,4.9893,6.6525,6.6525,161.3220,0.03947674,28.2729,26.4236,138.0384,139.8877,0.03377907,0.0342316,0.00122093,3.7218,5.0514,0.2217,55.4371,1.7693,1362.1692,250.0000,3.7218,,2.5685,2.5685,5.137,5.137,5.137,12.8426,2.5685,-2.5685,2.0,5.0,1.448998,26,60,11,7,1.00000000,0.04069767,0.04069767,0E-8,0.000000,0.927090,0.000000,,2026-08-03,2026-08-05,3,94,47,3,1.000000,,1.000000,3.333333,,,,,,,,GLOBAL_BASELINE_NO_ENTITY_RANKING,,,NOT_APPLICABLE_GLOBAL_BASELINE,HF9g-P5,,,,X 全窗基线 · 不参与实体赏罚,6872143,688,A168_HF9F_20260827_0900,2026-08-27 09:00:00
2026-08-03,153783574,2149,0,120.7202116458,-28.5105180695,-28.5105180695,0.2500000,32,19,0.35088710526315790,0.347635165790,-0.8455744071967296,-0.8200855076645379,-0.8455744071967296,0.00325193947315790,ELIGIBLE,R03b_20260811_FULL_v1,L1_ELIGIBILITY,v2026-08-11,2026-03-21..2026-08-06,baccarat_bet02_101_all_pairs_incl_sentinel,round_win = game_pnl > 0 (decisive only),COMPATIBILITY_ONLY_NOT_PRODUCTION,4086.5076,3788.5598,166.3114,1098,750,-0.04069767,-0.04069767,,-0.04069767,-166.3114,4086.5076,OK,0.0000,4.9893,3.0000,97.0000,AG03-UNRESOLVED,ALL5_LEVELS_bet23_to_bet27,4.9893,4.9893,4.9893,6.6525,6.6525,3.000000,3.000000,3.000000,4.000000,4.000000,97.000000,97.000000,97.000000,96.000000,96.000000,5.0,28.2729,26.4236,138.0384,139.8877,PENDING_AG03,FALSE,NOT_FOR_ENFORCEMENT,161.3220,3674.9030,166.3114,161.3220,4.9893,0.04069767,0.03947674,4.9893,161.3220,0.03947674,4.9893,4.9893,4.9893,6.6525,6.6525,161.3220,0.03947674,28.2729,26.4236,138.0384,139.8877,0.03377907,0.0342316,0.00122093,3.7218,5.0514,0.2217,55.4371,1.7693,1362.1692,250.0000,3.7218,,2.5685,2.5685,5.137,5.137,5.137,12.8426,2.5685,-2.5685,2.0,5.0,1.448998,26,60,11,7,1.00000000,0.04069767,0.04069767,0E-8,0.000000,0.927090,0.000000,,2026-08-03,2026-08-05,3,94,47,3,1.000000,,1.000000,3.333333,,,,,,,,GLOBAL_BASELINE_NO_ENTITY_RANKING,,,NOT_APPLICABLE_GLOBAL_BASELINE,HF9g-P5,,,,X 全窗基线 · 不参与实体赏罚,6872144,688,A168_HF9F_20260827_0900,2026-08-27 09:00:00
2026-08-03,153783574,2167,0,56.5073331108,4.6233272546,4.6233272546,0.5555556,12,10,0.47902074250000000,0.472044956667,0.45961363536209326,0.5018485809894739,0.45961363536209326,0.00697578583300000,ELIGIBLE,R03b_20260811_FULL_v1,L1_ELIGIBILITY,v2026-08-11,2026-03-21..2026-08-06,baccarat_bet02_101_all_pairs_incl_sentinel,round_win = game_pnl > 0 (decisive only),COMPATIBILITY_ONLY_NOT_PRODUCTION,4086.5076,3788.5598,166.3114,1098,750,-0.04069767,-0.04069767,,-0.04069767,-166.3114,4086.5076,OK,0.0000,4.9893,3.0000,97.0000,AG03-UNRESOLVED,ALL5_LEVELS_bet23_to_bet27,4.9893,4.9893,4.9893,6.6525,6.6525,3.000000,3.000000,3.000000,4.000000,4.000000,97.000000,97.000000,97.000000,96.000000,96.000000,5.0,28.2729,26.4236,138.0384,139.8877,PENDING_AG03,FALSE,NOT_FOR_ENFORCEMENT,161.3220,3674.9030,166.3114,161.3220,4.9893,0.04069767,0.03947674,4.9893,161.3220,0.03947674,4.9893,4.9893,4.9893,6.6525,6.6525,161.3220,0.03947674,28.2729,26.4236,138.0384,139.8877,0.03377907,0.0342316,0.00122093,3.7218,5.0514,0.2217,55.4371,1.7693,1362.1692,250.0000,3.7218,,2.5685,2.5685,5.137,5.137,5.137,12.8426,2.5685,-2.5685,2.0,5.0,1.448998,26,60,11,7,1.00000000,0.04069767,0.04069767,0E-8,0.000000,0.927090,0.000000,,2026-08-03,2026-08-05,3,94,47,3,1.000000,,1.000000,3.333333,,,,,,,,GLOBAL_BASELINE_NO_ENTITY_RANKING,,,NOT_APPLICABLE_GLOBAL_BASELINE,HF9g-P5,,,,X 全窗基线 · 不参与实体赏罚,6872145,688,A168_HF9F_20260827_0900,2026-08-27 09:00:00
2026-08-03,153783574,2170,0,43.6647574038,-6.0360105825,-6.0360105825,0.5000000,17,15,0.47472147777777778,0.474721477778,0.18940936023704752,0.1894093602353782,0.18940936023704752,-2.2222E-13,ELIGIBLE,R03b_20260811_FULL_v1,L1_ELIGIBILITY,v2026-08-11,2026-03-21..2026-08-06,baccarat_bet02_101_all_pairs_incl_sentinel,round_win = game_pnl > 0 (decisive only),COMPATIBILITY_ONLY_NOT_PRODUCTION,4086.5076,3788.5598,166.3114,1098,750,-0.04069767,-0.04069767,,-0.04069767,-166.3114,4086.5076,OK,0.0000,4.9893,3.0000,97.0000,AG03-UNRESOLVED,ALL5_LEVELS_bet23_to_bet27,4.9893,4.9893,4.9893,6.6525,6.6525,3.000000,3.000000,3.000000,4.000000,4.000000,97.000000,97.000000,97.000000,96.000000,96.000000,5.0,28.2729,26.4236,138.0384,139.8877,PENDING_AG03,FALSE,NOT_FOR_ENFORCEMENT,161.3220,3674.9030,166.3114,161.3220,4.9893,0.04069767,0.03947674,4.9893,161.3220,0.03947674,4.9893,4.9893,4.9893,6.6525,6.6525,161.3220,0.03947674,28.2729,26.4236,138.0384,139.8877,0.03377907,0.0342316,0.00122093,3.7218,5.0514,0.2217,55.4371,1.7693,1362.1692,250.0000,3.7218,,2.5685,2.5685,5.137,5.137,5.137,12.8426,2.5685,-2.5685,2.0,5.0,1.448998,26,60,11,7,1.00000000,0.04069767,0.04069767,0E-8,0.000000,0.927090,0.000000,,2026-08-03,2026-08-05,3,94,47,3,1.000000,,1.000000,3.333333,,,,,,,,GLOBAL_BASELINE_NO_ENTITY_RANKING,,,NOT_APPLICABLE_GLOBAL_BASELINE,HF9g-P5,,,,X 全窗基线 · 不参与实体赏罚,6872146,688,A168_HF9F_20260827_0900,2026-08-27 09:00:00
2026-08-03,153783574,2174,0,20.5481211312,10.2740605656,10.2740605656,0.2500000,8,4,0.07469835000000000,0.074698350000,1.3335792419095234,1.3335792419095231,1.3335792419095234,0E-17,ELIGIBLE,R03b_20260811_FULL_v1,L1_ELIGIBILITY,v2026-08-11,2026-03-21..2026-08-06,baccarat_bet02_101_all_pairs_incl_sentinel,round_win = game_pnl > 0 (decisive only),COMPATIBILITY_ONLY_NOT_PRODUCTION,4086.5076,3788.5598,166.3114,1098,750,-0.04069767,-0.04069767,,-0.04069767,-166.3114,4086.5076,OK,0.0000,4.9893,3.0000,97.0000,AG03-UNRESOLVED,ALL5_LEVELS_bet23_to_bet27,4.9893,4.9893,4.9893,6.6525,6.6525,3.000000,3.000000,3.000000,4.000000,4.000000,97.000000,97.000000,97.000000,96.000000,96.000000,5.0,28.2729,26.4236,138.0384,139.8877,PENDING_AG03,FALSE,NOT_FOR_ENFORCEMENT,161.3220,3674.9030,166.3114,161.3220,4.9893,0.04069767,0.03947674,4.9893,161.3220,0.03947674,4.9893,4.9893,4.9893,6.6525,6.6525,161.3220,0.03947674,28.2729,26.4236,138.0384,139.8877,0.03377907,0.0342316,0.00122093,3.7218,5.0514,0.2217,55.4371,1.7693,1362.1692,250.0000,3.7218,,2.5685,2.5685,5.137,5.137,5.137,12.8426,2.5685,-2.5685,2.0,5.0,1.448998,26,60,11,7,1.00000000,0.04069767,0.04069767,0E-8,0.000000,0.927090,0.000000,,2026-08-03,2026-08-05,3,94,47,3,1.000000,,1.000000,3.333333,,,,,,,,GLOBAL_BASELINE_NO_ENTITY_RANKING,,,NOT_APPLICABLE_GLOBAL_BASELINE,HF9g-P5,,,,X 全窗基线 · 不参与实体赏罚,6872147,688,A168_HF9F_20260827_0900,2026-08-27 09:00:00
2026-08-03,153783574,2178,0,66.7813936764,-24.1440423292,-24.1440423292,0.1818182,16,12,0.45716652777777778,0.457166527778,-1.8331934307086903,-1.8331934307100992,-1.8331934307086903,-2.2222E-13,ELIGIBLE,R03b_20260811_FULL_v1,L1_ELIGIBILITY,v2026-08-11,2026-03-21..2026-08-06,baccarat_bet02_101_all_pairs_incl_sentinel,round_win = game_pnl > 0 (decisive only),COMPATIBILITY_ONLY_NOT_PRODUCTION,4086.5076,3788.5598,166.3114,1098,750,-0.04069767,-0.04069767,,-0.04069767,-166.3114,4086.5076,OK,0.0000,4.9893,3.0000,97.0000,AG03-UNRESOLVED,ALL5_LEVELS_bet23_to_bet27,4.9893,4.9893,4.9893,6.6525,6.6525,3.000000,3.000000,3.000000,4.000000,4.000000,97.000000,97.000000,97.000000,96.000000,96.000000,5.0,28.2729,26.4236,138.0384,139.8877,PENDING_AG03,FALSE,NOT_FOR_ENFORCEMENT,161.3220,3674.9030,166.3114,161.3220,4.9893,0.04069767,0.03947674,4.9893,161.3220,0.03947674,4.9893,4.9893,4.9893,6.6525,6.6525,161.3220,0.03947674,28.2729,26.4236,138.0384,139.8877,0.03377907,0.0342316,0.00122093,3.7218,5.0514,0.2217,55.4371,1.7693,1362.1692,250.0000,3.7218,,2.5685,2.5685,5.137,5.137,5.137,12.8426,2.5685,-2.5685,2.0,5.0,1.448998,26,60,11,7,1.00000000,0.04069767,0.04069767,0E-8,0.000000,0.927090,0.000000,,2026-08-03,2026-08-05,3,94,47,3,1.000000,,1.000000,3.333333,,,,,,,,GLOBAL_BASELINE_NO_ENTITY_RANKING,,,NOT_APPLICABLE_GLOBAL_BASELINE,HF9g-P5,,,,X 全窗基线 · 不参与实体赏罚,6872148,688,A168_HF9F_20260827_0900,2026-08-27 09:00:00
2026-08-03,153783574,2188,0,10.2740605656,-5.1370302828,-5.1370302828,0.3333333,3,3,0.49771390000000000,0.497713900000,-0.5694369385616226,-0.5694369385616226,-0.5694369385616226,0E-17,ELIGIBLE,R03b_20260811_FULL_v1,L1_ELIGIBILITY,v2026-08-11,2026-03-21..2026-08-06,baccarat_bet02_101_all_pairs_incl_sentinel,round_win = game_pnl > 0 (decisive only),COMPATIBILITY_ONLY_NOT_PRODUCTION,4086.5076,3788.5598,166.3114,1098,750,-0.04069767,-0.04069767,,-0.04069767,-166.3114,4086.5076,OK,0.0000,4.9893,3.0000,97.0000,AG03-UNRESOLVED,ALL5_LEVELS_bet23_to_bet27,4.9893,4.9893,4.9893,6.6525,6.6525,3.000000,3.000000,3.000000,4.000000,4.000000,97.000000,97.000000,97.000000,96.000000,96.000000,5.0,28.2729,26.4236,138.0384,139.8877,PENDING_AG03,FALSE,NOT_FOR_ENFORCEMENT,161.3220,3674.9030,166.3114,161.3220,4.9893,0.04069767,0.03947674,4.9893,161.3220,0.03947674,4.9893,4.9893,4.9893,6.6525,6.6525,161.3220,0.03947674,28.2729,26.4236,138.0384,139.8877,0.03377907,0.0342316,0.00122093,3.7218,5.0514,0.2217,55.4371,1.7693,1362.1692,250.0000,3.7218,,2.5685,2.5685,5.137,5.137,5.137,12.8426,2.5685,-2.5685,2.0,5.0,1.448998,26,60,11,7,1.00000000,0.04069767,0.04069767,0E-8,0.000000,0.927090,0.000000,,2026-08-03,2026-08-05,3,94,47,3,1.000000,,1.000000,3.333333,,,,,,,,GLOBAL_BASELINE_NO_ENTITY_RANKING,,,NOT_APPLICABLE_GLOBAL_BASELINE,HF9g-P5,,,,X 全窗基线 · 不参与实体赏罚,6872149,688,A168_HF9F_20260827_0900,2026-08-27 09:00:00
2026-08-03,153783574,2212,0,5.1370302828,-5.1370302828,-5.1370302828,0E-7,1,1,0.49324550000000000,0.493245500000,-0.9865810262130424,-0.9865810262130424,-0.9865810262130424,0E-17,ELIGIBLE,R03b_20260811_FULL_v1,L1_ELIGIBILITY,v2026-08-11,2026-03-21..2026-08-06,baccarat_bet02_101_all_pairs_incl_sentinel,round_win = game_pnl > 0 (decisive only),COMPATIBILITY_ONLY_NOT_PRODUCTION,4086.5076,3788.5598,166.3114,1098,750,-0.04069767,-0.04069767,,-0.04069767,-166.3114,4086.5076,OK,0.0000,4.9893,3.0000,97.0000,AG03-UNRESOLVED,ALL5_LEVELS_bet23_to_bet27,4.9893,4.9893,4.9893,6.6525,6.6525,3.000000,3.000000,3.000000,4.000000,4.000000,97.000000,97.000000,97.000000,96.000000,96.000000,5.0,28.2729,26.4236,138.0384,139.8877,PENDING_AG03,FALSE,NOT_FOR_ENFORCEMENT,161.3220,3674.9030,166.3114,161.3220,4.9893,0.04069767,0.03947674,4.9893,161.3220,0.03947674,4.9893,4.9893,4.9893,6.6525,6.6525,161.3220,0.03947674,28.2729,26.4236,138.0384,139.8877,0.03377907,0.0342316,0.00122093,3.7218,5.0514,0.2217,55.4371,1.7693,1362.1692,250.0000,3.7218,,2.5685,2.5685,5.137,5.137,5.137,12.8426,2.5685,-2.5685,2.0,5.0,1.448998,26,60,11,7,1.00000000,0.04069767,0.04069767,0E-8,0.000000,0.927090,0.000000,,2026-08-03,2026-08-05,3,94,47,3,1.000000,,1.000000,3.333333,,,,,,,,GLOBAL_BASELINE_NO_ENTITY_RANKING,,,NOT_APPLICABLE_GLOBAL_BASELINE,HF9g-P5,,,,X 全窗基线 · 不参与实体赏罚,6872150,688,A168_HF9F_20260827_0900,2026-08-27 09:00:00
2026-08-03,153783574,2234,0,20.5481211312,20.2912696170,20.2912696170,0.3333333,7,3,0.31467187777777778,0.314671877778,0.06960299051915791,0.0696029905183158,0.06960299051915791,-2.2222E-13,ELIGIBLE,R03b_20260811_FULL_v1,L1_ELIGIBILITY,v2026-08-11,2026-03-21..2026-08-06,baccarat_bet02_101_all_pairs_incl_sentinel,round_win = game_pnl > 0 (decisive only),COMPATIBILITY_ONLY_NOT_PRODUCTION,4086.5076,3788.5598,166.3114,1098,750,-0.04069767,-0.04069767,,-0.04069767,-166.3114,4086.5076,OK,0.0000,4.9893,3.0000,97.0000,AG03-UNRESOLVED,ALL5_LEVELS_bet23_to_bet27,4.9893,4.9893,4.9893,6.6525,6.6525,3.000000,3.000000,3.000000,4.000000,4.000000,97.000000,97.000000,97.000000,96.000000,96.000000,5.0,28.2729,26.4236,138.0384,139.8877,PENDING_AG03,FALSE,NOT_FOR_ENFORCEMENT,161.3220,3674.9030,166.3114,161.3220,4.9893,0.04069767,0.03947674,4.9893,161.3220,0.03947674,4.9893,4.9893,4.9893,6.6525,6.6525,161.3220,0.03947674,28.2729,26.4236,138.0384,139.8877,0.03377907,0.0342316,0.00122093,3.7218,5.0514,0.2217,55.4371,1.7693,1362.1692,250.0000,3.7218,,2.5685,2.5685,5.137,5.137,5.137,12.8426,2.5685,-2.5685,2.0,5.0,1.448998,26,60,11,7,1.00000000,0.04069767,0.04069767,0E-8,0.000000,0.927090,0.000000,,2026-08-03,2026-08-05,3,94,47,3,1.000000,,1.000000,3.333333,,,,,,,,GLOBAL_BASELINE_NO_ENTITY_RANKING,,,NOT_APPLICABLE_GLOBAL_BASELINE,HF9g-P5,,,,X 全窗基线 · 不参与实体赏罚,6872151,688,A168_HF9F_20260827_0900,2026-08-27 09:00:00
2026-08-03,153783574,2235,0,2.5685151414,2.5685151414,2.5685151414,1.0000000,1,1,0.49324550000000000,0.493245500000,1.01360149184955,1.01360149184955,1.01360149184955,0E-17,ELIGIBLE,R03b_20260811_FULL_v1,L1_ELIGIBILITY,v2026-08-11,2026-03-21..2026-08-06,baccarat_bet02_101_all_pairs_incl_sentinel,round_win = game_pnl > 0 (decisive only),COMPATIBILITY_ONLY_NOT_PRODUCTION,4086.5076,3788.5598,166.3114,1098,750,-0.04069767,-0.04069767,,-0.04069767,-166.3114,4086.5076,OK,0.0000,4.9893,3.0000,97.0000,AG03-UNRESOLVED,ALL5_LEVELS_bet23_to_bet27,4.9893,4.9893,4.9893,6.6525,6.6525,3.000000,3.000000,3.000000,4.000000,4.000000,97.000000,97.000000,97.000000,96.000000,96.000000,5.0,28.2729,26.4236,138.0384,139.8877,PENDING_AG03,FALSE,NOT_FOR_ENFORCEMENT,161.3220,3674.9030,166.3114,161.3220,4.9893,0.04069767,0.03947674,4.9893,161.3220,0.03947674,4.9893,4.9893,4.9893,6.6525,6.6525,161.3220,0.03947674,28.2729,26.4236,138.0384,139.8877,0.03377907,0.0342316,0.00122093,3.7218,5.0514,0.2217,55.4371,1.7693,1362.1692,250.0000,3.7218,,2.5685,2.5685,5.137,5.137,5.137,12.8426,2.5685,-2.5685,2.0,5.0,1.448998,26,60,11,7,1.00000000,0.04069767,0.04069767,0E-8,0.000000,0.927090,0.000000,,2026-08-03,2026-08-05,3,94,47,3,1.000000,,1.000000,3.333333,,,,,,,,GLOBAL_BASELINE_NO_ENTITY_RANKING,,,NOT_APPLICABLE_GLOBAL_BASELINE,HF9g-P5,,,,X 全窗基线 · 不参与实体赏罚,6872152,688,A168_HF9F_20260827_0900,2026-08-27 09:00:00
2026-08-03,153783574,2242,0,30.8221816968,-20.5481211312,-20.5481211312,0.2000000,7,5,0.45541234500000000,0.441013933333,-1.1468076754773175,-1.085426713600958,-1.1468076754773175,0.01439841166700000,ELIGIBLE,R03b_20260811_FULL_v1,L1_ELIGIBILITY,v2026-08-11,2026-03-21..2026-08-06,baccarat_bet02_101_all_pairs_incl_sentinel,round_win = game_pnl > 0 (decisive only),COMPATIBILITY_ONLY_NOT_PRODUCTION,4086.5076,3788.5598,166.3114,1098,750,-0.04069767,-0.04069767,,-0.04069767,-166.3114,4086.5076,OK,0.0000,4.9893,3.0000,97.0000,AG03-UNRESOLVED,ALL5_LEVELS_bet23_to_bet27,4.9893,4.9893,4.9893,6.6525,6.6525,3.000000,3.000000,3.000000,4.000000,4.000000,97.000000,97.000000,97.000000,96.000000,96.000000,5.0,28.2729,26.4236,138.0384,139.8877,PENDING_AG03,FALSE,NOT_FOR_ENFORCEMENT,161.3220,3674.9030,166.3114,161.3220,4.9893,0.04069767,0.03947674,4.9893,161.3220,0.03947674,4.9893,4.9893,4.9893,6.6525,6.6525,161.3220,0.03947674,28.2729,26.4236,138.0384,139.8877,0.03377907,0.0342316,0.00122093,3.7218,5.0514,0.2217,55.4371,1.7693,1362.1692,250.0000,3.7218,,2.5685,2.5685,5.137,5.137,5.137,12.8426,2.5685,-2.5685,2.0,5.0,1.448998,26,60,11,7,1.00000000,0.04069767,0.04069767,0E-8,0.000000,0.927090,0.000000,,2026-08-03,2026-08-05,3,94,47,3,1.000000,,1.000000,3.333333,,,,,,,,GLOBAL_BASELINE_NO_ENTITY_RANKING,,,NOT_APPLICABLE_GLOBAL_BASELINE,HF9g-P5,,,,X 全窗基线 · 不参与实体赏罚,6872153,688,A168_HF9F_20260827_0900,2026-08-27 09:00:00
2026-08-03,153783574,2248,0,43.6647574038,2.3116636272,2.3116636272,0.6000000,10,10,0.49860758000000000,0.498607580000,0.6412644559676035,0.6412644559676035,0.6412644559676035,0E-17,ELIGIBLE,R03b_20260811_FULL_v1,L1_ELIGIBILITY,v2026-08-11,2026-03-21..2026-08-06,baccarat_bet02_101_all_pairs_incl_sentinel,round_win = game_pnl > 0 (decisive only),COMPATIBILITY_ONLY_NOT_PRODUCTION,4086.5076,3788.5598,166.3114,1098,750,-0.04069767,-0.04069767,,-0.04069767,-166.3114,4086.5076,OK,0.0000,4.9893,3.0000,97.0000,AG03-UNRESOLVED,ALL5_LEVELS_bet23_to_bet27,4.9893,4.9893,4.9893,6.6525,6.6525,3.000000,3.000000,3.000000,4.000000,4.000000,97.000000,97.000000,97.000000,96.000000,96.000000,5.0,28.2729,26.4236,138.0384,139.8877,PENDING_AG03,FALSE,NOT_FOR_ENFORCEMENT,161.3220,3674.9030,166.3114,161.3220,4.9893,0.04069767,0.03947674,4.9893,161.3220,0.03947674,4.9893,4.9893,4.9893,6.6525,6.6525,161.3220,0.03947674,28.2729,26.4236,138.0384,139.8877,0.03377907,0.0342316,0.00122093,3.7218,5.0514,0.2217,55.4371,1.7693,1362.1692,250.0000,3.7218,,2.5685,2.5685,5.137,5.137,5.137,12.8426,2.5685,-2.5685,2.0,5.0,1.448998,26,60,11,7,1.00000000,0.04069767,0.04069767,0E-8,0.000000,0.927090,0.000000,,2026-08-03,2026-08-05,3,94,47,3,1.000000,,1.000000,3.333333,,,,,,,,GLOBAL_BASELINE_NO_ENTITY_RANKING,,,NOT_APPLICABLE_GLOBAL_BASELINE,HF9g-P5,,,,X 全窗基线 · 不参与实体赏罚,6872154,688,A168_HF9F_20260827_0900,2026-08-27 09:00:00
2026-08-03,153783574,2253,0,110.4461510802,11.3014666223,11.3014666223,0.5500000,31,22,0.42915246515151515,0.422607732576,1.091910199672121,1.1533307309018648,1.091910199672121,0.00654473257551515,ELIGIBLE,R03b_20260811_FULL_v1,L1_ELIGIBILITY,v2026-08-11,2026-03-21..2026-08-06,baccarat_bet02_101_all_pairs_incl_sentinel,round_win = game_pnl > 0 (decisive only),COMPATIBILITY_ONLY_NOT_PRODUCTION,4086.5076,3788.5598,166.3114,1098,750,-0.04069767,-0.04069767,,-0.04069767,-166.3114,4086.5076,OK,0.0000,4.9893,3.0000,97.0000,AG03-UNRESOLVED,ALL5_LEVELS_bet23_to_bet27,4.9893,4.9893,4.9893,6.6525,6.6525,3.000000,3.000000,3.000000,4.000000,4.000000,97.000000,97.000000,97.000000,96.000000,96.000000,5.0,28.2729,26.4236,138.0384,139.8877,PENDING_AG03,FALSE,NOT_FOR_ENFORCEMENT,161.3220,3674.9030,166.3114,161.3220,4.9893,0.04069767,0.03947674,4.9893,161.3220,0.03947674,4.9893,4.9893,4.9893,6.6525,6.6525,161.3220,0.03947674,28.2729,26.4236,138.0384,139.8877,0.03377907,0.0342316,0.00122093,3.7218,5.0514,0.2217,55.4371,1.7693,1362.1692,250.0000,3.7218,,2.5685,2.5685,5.137,5.137,5.137,12.8426,2.5685,-2.5685,2.0,5.0,1.448998,26,60,11,7,1.00000000,0.04069767,0.04069767,0E-8,0.000000,0.927090,0.000000,,2026-08-03,2026-08-05,3,94,47,3,1.000000,,1.000000,3.333333,,,,,,,,GLOBAL_BASELINE_NO_ENTITY_RANKING,,,NOT_APPLICABLE_GLOBAL_BASELINE,HF9g-P5,,,,X 全窗基线 · 不参与实体赏罚,6872155,688,A168_HF9F_20260827_0900,2026-08-27 09:00:00
2026-08-03,153783574,2271,0,151.5423933426,-31.7211619962,-31.7211619962,0.4000000,42,27,0.39496659351851852,0.387050224074,0.0514827988165326,0.13293402395098558,0.0514827988165326,0.00791636944451852,ELIGIBLE,R03b_20260811_FULL_v1,L1_ELIGIBILITY,v2026-08-11,2026-03-21..2026-08-06,baccarat_bet02_101_all_pairs_incl_sentinel,round_win = game_pnl > 0 (decisive only),COMPATIBILITY_ONLY_NOT_PRODUCTION,4086.5076,3788.5598,166.3114,1098,750,-0.04069767,-0.04069767,,-0.04069767,-166.3114,4086.5076,OK,0.0000,4.9893,3.0000,97.0000,AG03-UNRESOLVED,ALL5_LEVELS_bet23_to_bet27,4.9893,4.9893,4.9893,6.6525,6.6525,3.000000,3.000000,3.000000,4.000000,4.000000,97.000000,97.000000,97.000000,96.000000,96.000000,5.0,28.2729,26.4236,138.0384,139.8877,PENDING_AG03,FALSE,NOT_FOR_ENFORCEMENT,161.3220,3674.9030,166.3114,161.3220,4.9893,0.04069767,0.03947674,4.9893,161.3220,0.03947674,4.9893,4.9893,4.9893,6.6525,6.6525,161.3220,0.03947674,28.2729,26.4236,138.0384,139.8877,0.03377907,0.0342316,0.00122093,3.7218,5.0514,0.2217,55.4371,1.7693,1362.1692,250.0000,3.7218,,2.5685,2.5685,5.137,5.137,5.137,12.8426,2.5685,-2.5685,2.0,5.0,1.448998,26,60,11,7,1.00000000,0.04069767,0.04069767,0E-8,0.000000,0.927090,0.000000,,2026-08-03,2026-08-05,3,94,47,3,1.000000,,1.000000,3.333333,,,,,,,,GLOBAL_BASELINE_NO_ENTITY_RANKING,,,NOT_APPLICABLE_GLOBAL_BASELINE,HF9g-P5,,,,X 全窗基线 · 不参与实体赏罚,6872156,688,A168_HF9F_20260827_0900,2026-08-27 09:00:00
2026-08-03,153783574,529,0,30.8221816968,-12.9710014641,-12.9710014641,0.3750000,9,9,0.49920336666666667,0.499203366667,-0.7026012343063094,-0.7026012343081942,-0.7026012343063094,-3.3333E-13,ELIGIBLE,R03b_20260811_FULL_v1,L1_ELIGIBILITY,v2026-08-11,2026-03-21..2026-08-06,baccarat_bet02_101_all_pairs_incl_sentinel,round_win = game_pnl > 0 (decisive only),COMPATIBILITY_ONLY_NOT_PRODUCTION,4086.5076,3788.5598,166.3114,1098,750,-0.04069767,-0.04069767,,-0.04069767,-166.3114,4086.5076,OK,0.0000,4.9893,3.0000,97.0000,AG03-UNRESOLVED,ALL5_LEVELS_bet23_to_bet27,4.9893,4.9893,4.9893,6.6525,6.6525,3.000000,3.000000,3.000000,4.000000,4.000000,97.000000,97.000000,97.000000,96.000000,96.000000,5.0,28.2729,26.4236,138.0384,139.8877,PENDING_AG03,FALSE,NOT_FOR_ENFORCEMENT,161.3220,3674.9030,166.3114,161.3220,4.9893,0.04069767,0.03947674,4.9893,161.3220,0.03947674,4.9893,4.9893,4.9893,6.6525,6.6525,161.3220,0.03947674,28.2729,26.4236,138.0384,139.8877,0.03377907,0.0342316,0.00122093,3.7218,5.0514,0.2217,55.4371,1.7693,1362.1692,250.0000,3.7218,,2.5685,2.5685,5.137,5.137,5.137,12.8426,2.5685,-2.5685,2.0,5.0,1.448998,26,60,11,7,1.00000000,0.04069767,0.04069767,0E-8,0.000000,0.927090,0.000000,,2026-08-03,2026-08-05,3,94,47,3,1.000000,,1.000000,3.333333,,,,,,,,GLOBAL_BASELINE_NO_ENTITY_RANKING,,,NOT_APPLICABLE_GLOBAL_BASELINE,HF9g-P5,,,,X 全窗基线 · 不参与实体赏罚,6872157,688,A168_HF9F_20260827_0900,2026-08-27 09:00:00
2026-08-03,153783574,550,0,7.7055454242,7.3202681529,7.3202681529,1.0000000,3,3,0.50665070000000000,0.506650700000,1.7091633124209307,1.7091633124209307,1.7091633124209307,0E-17,ELIGIBLE,R03b_20260811_FULL_v1,L1_ELIGIBILITY,v2026-08-11,2026-03-21..2026-08-06,baccarat_bet02_101_all_pairs_incl_sentinel,round_win = game_pnl > 0 (decisive only),COMPATIBILITY_ONLY_NOT_PRODUCTION,4086.5076,3788.5598,166.3114,1098,750,-0.04069767,-0.04069767,,-0.04069767,-166.3114,4086.5076,OK,0.0000,4.9893,3.0000,97.0000,AG03-UNRESOLVED,ALL5_LEVELS_bet23_to_bet27,4.9893,4.9893,4.9893,6.6525,6.6525,3.000000,3.000000,3.000000,4.000000,4.000000,97.000000,97.000000,97.000000,96.000000,96.000000,5.0,28.2729,26.4236,138.0384,139.8877,PENDING_AG03,FALSE,NOT_FOR_ENFORCEMENT,161.3220,3674.9030,166.3114,161.3220,4.9893,0.04069767,0.03947674,4.9893,161.3220,0.03947674,4.9893,4.9893,4.9893,6.6525,6.6525,161.3220,0.03947674,28.2729,26.4236,138.0384,139.8877,0.03377907,0.0342316,0.00122093,3.7218,5.0514,0.2217,55.4371,1.7693,1362.1692,250.0000,3.7218,,2.5685,2.5685,5.137,5.137,5.137,12.8426,2.5685,-2.5685,2.0,5.0,1.448998,26,60,11,7,1.00000000,0.04069767,0.04069767,0E-8,0.000000,0.927090,0.000000,,2026-08-03,2026-08-05,3,94,47,3,1.000000,,1.000000,3.333333,,,,,,,,GLOBAL_BASELINE_NO_ENTITY_RANKING,,,NOT_APPLICABLE_GLOBAL_BASELINE,HF9g-P5,,,,X 全窗基线 · 不参与实体赏罚,6872158,688,A168_HF9F_20260827_0900,2026-08-27 09:00:00
2026-08-03,153783574,583,0,69.3499088178,-38.9130043923,-38.9130043923,0.2857143,25,14,0.31862608928571429,0.318626089286,-0.264290944633041,-0.2642909446352722,-0.264290944633041,-2.8571E-13,ELIGIBLE,R03b_20260811_FULL_v1,L1_ELIGIBILITY,v2026-08-11,2026-03-21..2026-08-06,baccarat_bet02_101_all_pairs_incl_sentinel,round_win = game_pnl > 0 (decisive only),COMPATIBILITY_ONLY_NOT_PRODUCTION,4086.5076,3788.5598,166.3114,1098,750,-0.04069767,-0.04069767,,-0.04069767,-166.3114,4086.5076,OK,0.0000,4.9893,3.0000,97.0000,AG03-UNRESOLVED,ALL5_LEVELS_bet23_to_bet27,4.9893,4.9893,4.9893,6.6525,6.6525,3.000000,3.000000,3.000000,4.000000,4.000000,97.000000,97.000000,97.000000,96.000000,96.000000,5.0,28.2729,26.4236,138.0384,139.8877,PENDING_AG03,FALSE,NOT_FOR_ENFORCEMENT,161.3220,3674.9030,166.3114,161.3220,4.9893,0.04069767,0.03947674,4.9893,161.3220,0.03947674,4.9893,4.9893,4.9893,6.6525,6.6525,161.3220,0.03947674,28.2729,26.4236,138.0384,139.8877,0.03377907,0.0342316,0.00122093,3.7218,5.0514,0.2217,55.4371,1.7693,1362.1692,250.0000,3.7218,,2.5685,2.5685,5.137,5.137,5.137,12.8426,2.5685,-2.5685,2.0,5.0,1.448998,26,60,11,7,1.00000000,0.04069767,0.04069767,0E-8,0.000000,0.927090,0.000000,,2026-08-03,2026-08-05,3,94,47,3,1.000000,,1.000000,3.333333,,,,,,,,GLOBAL_BASELINE_NO_ENTITY_RANKING,,,NOT_APPLICABLE_GLOBAL_BASELINE,HF9g-P5,,,,X 全窗基线 · 不参与实体赏罚,6872159,688,A168_HF9F_20260827_0900,2026-08-27 09:00:00
2026-08-03,153783574,752,0,17.9796059898,2.3116636272,2.3116636272,0.5714286,7,7,0.49899058571428571,0.498990585714,0.38330657246501415,0.3833065724665265,0.38330657246501415,2.8571E-13,ELIGIBLE,R03b_20260811_FULL_v1,L1_ELIGIBILITY,v2026-08-11,2026-03-21..2026-08-06,baccarat_bet02_101_all_pairs_incl_sentinel,round_win = game_pnl > 0 (decisive only),COMPATIBILITY_ONLY_NOT_PRODUCTION,4086.5076,3788.5598,166.3114,1098,750,-0.04069767,-0.04069767,,-0.04069767,-166.3114,4086.5076,OK,0.0000,4.9893,3.0000,97.0000,AG03-UNRESOLVED,ALL5_LEVELS_bet23_to_bet27,4.9893,4.9893,4.9893,6.6525,6.6525,3.000000,3.000000,3.000000,4.000000,4.000000,97.000000,97.000000,97.000000,96.000000,96.000000,5.0,28.2729,26.4236,138.0384,139.8877,PENDING_AG03,FALSE,NOT_FOR_ENFORCEMENT,161.3220,3674.9030,166.3114,161.3220,4.9893,0.04069767,0.03947674,4.9893,161.3220,0.03947674,4.9893,4.9893,4.9893,6.6525,6.6525,161.3220,0.03947674,28.2729,26.4236,138.0384,139.8877,0.03377907,0.0342316,0.00122093,3.7218,5.0514,0.2217,55.4371,1.7693,1362.1692,250.0000,3.7218,,2.5685,2.5685,5.137,5.137,5.137,12.8426,2.5685,-2.5685,2.0,5.0,1.448998,26,60,11,7,1.00000000,0.04069767,0.04069767,0E-8,0.000000,0.927090,0.000000,,2026-08-03,2026-08-05,3,94,47,3,1.000000,,1.000000,3.333333,,,,,,,,GLOBAL_BASELINE_NO_ENTITY_RANKING,,,NOT_APPLICABLE_GLOBAL_BASELINE,HF9g-P5,,,,X 全窗基线 · 不参与实体赏罚,6872160,688,A168_HF9F_20260827_0900,2026-08-27 09:00:00
2026-08-03,153783574,763,0,7.7055454242,2.5685151414,2.5685151414,0.5000000,2,2,0.49994810000000000,0.499948100000,0.00014679536856514622,0.00014679536856514622,0.00014679536856514622,0E-17,ELIGIBLE,R03b_20260811_FULL_v1,L1_ELIGIBILITY,v2026-08-11,2026-03-21..2026-08-06,baccarat_bet02_101_all_pairs_incl_sentinel,round_win = game_pnl > 0 (decisive only),COMPATIBILITY_ONLY_NOT_PRODUCTION,4086.5076,3788.5598,166.3114,1098,750,-0.04069767,-0.04069767,,-0.04069767,-166.3114,4086.5076,OK,0.0000,4.9893,3.0000,97.0000,AG03-UNRESOLVED,ALL5_LEVELS_bet23_to_bet27,4.9893,4.9893,4.9893,6.6525,6.6525,3.000000,3.000000,3.000000,4.000000,4.000000,97.000000,97.000000,97.000000,96.000000,96.000000,5.0,28.2729,26.4236,138.0384,139.8877,PENDING_AG03,FALSE,NOT_FOR_ENFORCEMENT,161.3220,3674.9030,166.3114,161.3220,4.9893,0.04069767,0.03947674,4.9893,161.3220,0.03947674,4.9893,4.9893,4.9893,6.6525,6.6525,161.3220,0.03947674,28.2729,26.4236,138.0384,139.8877,0.03377907,0.0342316,0.00122093,3.7218,5.0514,0.2217,55.4371,1.7693,1362.1692,250.0000,3.7218,,2.5685,2.5685,5.137,5.137,5.137,12.8426,2.5685,-2.5685,2.0,5.0,1.448998,26,60,11,7,1.00000000,0.04069767,0.04069767,0E-8,0.000000,0.927090,0.000000,,2026-08-03,2026-08-05,3,94,47,3,1.000000,,1.000000,3.333333,,,,,,,,GLOBAL_BASELINE_NO_ENTITY_RANKING,,,NOT_APPLICABLE_GLOBAL_BASELINE,HF9g-P5,,,,X 全窗基线 · 不参与实体赏罚,6872161,688,A168_HF9F_20260827_0900,2026-08-27 09:00:00
2026-08-03,153783574,772,0,213.1867567362,-72.8174042586,-72.8174042586,0.3611111,48,41,0.46719583089430894,0.463738515854,-1.2757653351263145,-1.2347803515206508,-1.2757653351263145,0.00345731504030894,ELIGIBLE,R03b_20260811_FULL_v1,L1_ELIGIBILITY,v2026-08-11,2026-03-21..2026-08-06,baccarat_bet02_101_all_pairs_incl_sentinel,round_win = game_pnl > 0 (decisive only),COMPATIBILITY_ONLY_NOT_PRODUCTION,4086.5076,3788.5598,166.3114,1098,750,-0.04069767,-0.04069767,,-0.04069767,-166.3114,4086.5076,OK,0.0000,4.9893,3.0000,97.0000,AG03-UNRESOLVED,ALL5_LEVELS_bet23_to_bet27,4.9893,4.9893,4.9893,6.6525,6.6525,3.000000,3.000000,3.000000,4.000000,4.000000,97.000000,97.000000,97.000000,96.000000,96.000000,5.0,28.2729,26.4236,138.0384,139.8877,PENDING_AG03,FALSE,NOT_FOR_ENFORCEMENT,161.3220,3674.9030,166.3114,161.3220,4.9893,0.04069767,0.03947674,4.9893,161.3220,0.03947674,4.9893,4.9893,4.9893,6.6525,6.6525,161.3220,0.03947674,28.2729,26.4236,138.0384,139.8877,0.03377907,0.0342316,0.00122093,3.7218,5.0514,0.2217,55.4371,1.7693,1362.1692,250.0000,3.7218,,2.5685,2.5685,5.137,5.137,5.137,12.8426,2.5685,-2.5685,2.0,5.0,1.448998,26,60,11,7,1.00000000,0.04069767,0.04069767,0E-8,0.000000,0.927090,0.000000,,2026-08-03,2026-08-05,3,94,47,3,1.000000,,1.000000,3.333333,,,,,,,,GLOBAL_BASELINE_NO_ENTITY_RANKING,,,NOT_APPLICABLE_GLOBAL_BASELINE,HF9g-P5,,,,X 全窗基线 · 不参与实体赏罚,6872162,688,A168_HF9F_20260827_0900,2026-08-27 09:00:00
2026-08-03,153783574,948,0,164.3849690496,41.8667968051,41.8667968051,0.5714286,37,29,0.44427037241379310,0.444270372414,1.3541536119969222,1.3541536119946558,1.3541536119969222,-2.0690E-13,ELIGIBLE,R03b_20260811_FULL_v1,L1_ELIGIBILITY,v2026-08-11,2026-03-21..2026-08-06,baccarat_bet02_101_all_pairs_incl_sentinel,round_win = game_pnl > 0 (decisive only),COMPATIBILITY_ONLY_NOT_PRODUCTION,4086.5076,3788.5598,166.3114,1098,750,-0.04069767,-0.04069767,,-0.04069767,-166.3114,4086.5076,OK,0.0000,4.9893,3.0000,97.0000,AG03-UNRESOLVED,ALL5_LEVELS_bet23_to_bet27,4.9893,4.9893,4.9893,6.6525,6.6525,3.000000,3.000000,3.000000,4.000000,4.000000,97.000000,97.000000,97.000000,96.000000,96.000000,5.0,28.2729,26.4236,138.0384,139.8877,PENDING_AG03,FALSE,NOT_FOR_ENFORCEMENT,161.3220,3674.9030,166.3114,161.3220,4.9893,0.04069767,0.03947674,4.9893,161.3220,0.03947674,4.9893,4.9893,4.9893,6.6525,6.6525,161.3220,0.03947674,28.2729,26.4236,138.0384,139.8877,0.03377907,0.0342316,0.00122093,3.7218,5.0514,0.2217,55.4371,1.7693,1362.1692,250.0000,3.7218,,2.5685,2.5685,5.137,5.137,5.137,12.8426,2.5685,-2.5685,2.0,5.0,1.448998,26,60,11,7,1.00000000,0.04069767,0.04069767,0E-8,0.000000,0.927090,0.000000,,2026-08-03,2026-08-05,3,94,47,3,1.000000,,1.000000,3.333333,,,,,,,,GLOBAL_BASELINE_NO_ENTITY_RANKING,,,NOT_APPLICABLE_GLOBAL_BASELINE,HF9g-P5,,,,X 全窗基线 · 不参与实体赏罚,6872163,688,A168_HF9F_20260827_0900,2026-08-27 09:00:00
2026-08-04,153783574,-1,1,110.4461510802,7.1918423959,7.1918423959,0.1764706,42,17,0.21208201617647059,0.207847189216,-0.3591876705654899,-0.318826046458537,-0.3591876705654899,0.00423482696047059,SENTINEL_DEALER,R03b_20260811_FULL_v1,L1_ELIGIBILITY,v2026-08-11,2026-03-21..2026-08-06,baccarat_bet02_101_all_pairs_incl_sentinel,round_win = game_pnl > 0 (decisive only),COMPATIBILITY_ONLY_NOT_PRODUCTION,4086.5076,3788.5598,166.3114,1098,750,-0.04069767,-0.04069767,,-0.04069767,-166.3114,4086.5076,OK,0.0000,4.9893,3.0000,97.0000,AG03-UNRESOLVED,ALL5_LEVELS_bet23_to_bet27,4.9893,4.9893,4.9893,6.6525,6.6525,3.000000,3.000000,3.000000,4.000000,4.000000,97.000000,97.000000,97.000000,96.000000,96.000000,5.0,28.2729,26.4236,138.0384,139.8877,PENDING_AG03,FALSE,NOT_FOR_ENFORCEMENT,161.3220,3674.9030,166.3114,161.3220,4.9893,0.04069767,0.03947674,4.9893,161.3220,0.03947674,4.9893,4.9893,4.9893,6.6525,6.6525,161.3220,0.03947674,28.2729,26.4236,138.0384,139.8877,0.03377907,0.0342316,0.00122093,3.7218,5.0514,0.2217,55.4371,1.7693,1362.1692,250.0000,3.7218,,2.5685,2.5685,5.137,5.137,5.137,12.8426,2.5685,-2.5685,2.0,5.0,1.448998,26,60,11,7,1.00000000,0.04069767,0.04069767,0E-8,0.000000,0.927090,0.000000,,2026-08-03,2026-08-05,3,94,47,3,1.000000,,1.000000,3.333333,,,,,,,,GLOBAL_BASELINE_NO_ENTITY_RANKING,,,NOT_APPLICABLE_GLOBAL_BASELINE,HF9g-P5,,,,X 全窗基线 · 不参与实体赏罚,6872164,688,A168_HF9F_20260827_0900,2026-08-27 09:00:00
2026-08-04,153783574,1004,0,59.0758482522,11.9435954076,11.9435954076,0.6000000,16,11,0.40893117121212121,0.408931171212,1.228982517508358,1.2289825175091937,1.228982517508358,1.2121E-13,ELIGIBLE,R03b_20260811_FULL_v1,L1_ELIGIBILITY,v2026-08-11,2026-03-21..2026-08-06,baccarat_bet02_101_all_pairs_incl_sentinel,round_win = game_pnl > 0 (decisive only),COMPATIBILITY_ONLY_NOT_PRODUCTION,4086.5076,3788.5598,166.3114,1098,750,-0.04069767,-0.04069767,,-0.04069767,-166.3114,4086.5076,OK,0.0000,4.9893,3.0000,97.0000,AG03-UNRESOLVED,ALL5_LEVELS_bet23_to_bet27,4.9893,4.9893,4.9893,6.6525,6.6525,3.000000,3.000000,3.000000,4.000000,4.000000,97.000000,97.000000,97.000000,96.000000,96.000000,5.0,28.2729,26.4236,138.0384,139.8877,PENDING_AG03,FALSE,NOT_FOR_ENFORCEMENT,161.3220,3674.9030,166.3114,161.3220,4.9893,0.04069767,0.03947674,4.9893,161.3220,0.03947674,4.9893,4.9893,4.9893,6.6525,6.6525,161.3220,0.03947674,28.2729,26.4236,138.0384,139.8877,0.03377907,0.0342316,0.00122093,3.7218,5.0514,0.2217,55.4371,1.7693,1362.1692,250.0000,3.7218,,2.5685,2.5685,5.137,5.137,5.137,12.8426,2.5685,-2.5685,2.0,5.0,1.448998,26,60,11,7,1.00000000,0.04069767,0.04069767,0E-8,0.000000,0.927090,0.000000,,2026-08-03,2026-08-05,3,94,47,3,1.000000,,1.000000,3.333333,,,,,,,,GLOBAL_BASELINE_NO_ENTITY_RANKING,,,NOT_APPLICABLE_GLOBAL_BASELINE,HF9g-P5,,,,X 全窗基线 · 不参与实体赏罚,6872165,688,A168_HF9F_20260827_0900,2026-08-27 09:00:00
2026-08-04,153783574,1402,0,95.0350602318,-10.2740605656,-10.2740605656,0.2000000,35,16,0.24640877968750000,0.242048913542,-0.41710920516351413,-0.3802141275290805,-0.41710920516351413,0.00435986614550000,ELIGIBLE,R03b_20260811_FULL_v1,L1_ELIGIBILITY,v2026-08-11,2026-03-21..2026-08-06,baccarat_bet02_101_all_pairs_incl_sentinel,round_win = game_pnl > 0 (decisive only),COMPATIBILITY_ONLY_NOT_PRODUCTION,4086.5076,3788.5598,166.3114,1098,750,-0.04069767,-0.04069767,,-0.04069767,-166.3114,4086.5076,OK,0.0000,4.9893,3.0000,97.0000,AG03-UNRESOLVED,ALL5_LEVELS_bet23_to_bet27,4.9893,4.9893,4.9893,6.6525,6.6525,3.000000,3.000000,3.000000,4.000000,4.000000,97.000000,97.000000,97.000000,96.000000,96.000000,5.0,28.2729,26.4236,138.0384,139.8877,PENDING_AG03,FALSE,NOT_FOR_ENFORCEMENT,161.3220,3674.9030,166.3114,161.3220,4.9893,0.04069767,0.03947674,4.9893,161.3220,0.03947674,4.9893,4.9893,4.9893,6.6525,6.6525,161.3220,0.03947674,28.2729,26.4236,138.0384,139.8877,0.03377907,0.0342316,0.00122093,3.7218,5.0514,0.2217,55.4371,1.7693,1362.1692,250.0000,3.7218,,2.5685,2.5685,5.137,5.137,5.137,12.8426,2.5685,-2.5685,2.0,5.0,1.448998,26,60,11,7,1.00000000,0.04069767,0.04069767,0E-8,0.000000,0.927090,0.000000,,2026-08-03,2026-08-05,3,94,47,3,1.000000,,1.000000,3.333333,,,,,,,,GLOBAL_BASELINE_NO_ENTITY_RANKING,,,NOT_APPLICABLE_GLOBAL_BASELINE,HF9g-P5,,,,X 全窗基线 · 不参与实体赏罚,6872166,688,A168_HF9F_20260827_0900,2026-08-27 09:00:00
2026-08-04,153783574,1485,0,17.9796059898,-17.9796059898,-17.9796059898,0E-7,7,3,0.12269305555555556,0.122693055556,-0.6477312272203847,-0.6477312272217218,-0.6477312272203847,-4.4444E-13,ELIGIBLE,R03b_20260811_FULL_v1,L1_ELIGIBILITY,v2026-08-11,2026-03-21..2026-08-06,baccarat_bet02_101_all_pairs_incl_sentinel,round_win = game_pnl > 0 (decisive only),COMPATIBILITY_ONLY_NOT_PRODUCTION,4086.5076,3788.5598,166.3114,1098,750,-0.04069767,-0.04069767,,-0.04069767,-166.3114,4086.5076,OK,0.0000,4.9893,3.0000,97.0000,AG03-UNRESOLVED,ALL5_LEVELS_bet23_to_bet27,4.9893,4.9893,4.9893,6.6525,6.6525,3.000000,3.000000,3.000000,4.000000,4.000000,97.000000,97.000000,97.000000,96.000000,96.000000,5.0,28.2729,26.4236,138.0384,139.8877,PENDING_AG03,FALSE,NOT_FOR_ENFORCEMENT,161.3220,3674.9030,166.3114,161.3220,4.9893,0.04069767,0.03947674,4.9893,161.3220,0.03947674,4.9893,4.9893,4.9893,6.6525,6.6525,161.3220,0.03947674,28.2729,26.4236,138.0384,139.8877,0.03377907,0.0342316,0.00122093,3.7218,5.0514,0.2217,55.4371,1.7693,1362.1692,250.0000,3.7218,,2.5685,2.5685,5.137,5.137,5.137,12.8426,2.5685,-2.5685,2.0,5.0,1.448998,26,60,11,7,1.00000000,0.04069767,0.04069767,0E-8,0.000000,0.927090,0.000000,,2026-08-03,2026-08-05,3,94,47,3,1.000000,,1.000000,3.333333,,,,,,,,GLOBAL_BASELINE_NO_ENTITY_RANKING,,,NOT_APPLICABLE_GLOBAL_BASELINE,HF9g-P5,,,,X 全窗基线 · 不参与实体赏罚,6872167,688,A168_HF9F_20260827_0900,2026-08-27 09:00:00
2026-08-04,153783574,1490,0,56.5073331108,-35.9592119796,-35.9592119796,0E-7,18,8,0.27273521875000000,0.265011862500,-1.5000300459257967,-1.4708490945397201,-1.5000300459257967,0.00772335625000000,ELIGIBLE,R03b_20260811_FULL_v1,L1_ELIGIBILITY,v2026-08-11,2026-03-21..2026-08-06,baccarat_bet02_101_all_pairs_incl_sentinel,round_win = game_pnl > 0 (decisive only),COMPATIBILITY_ONLY_NOT_PRODUCTION,4086.5076,3788.5598,166.3114,1098,750,-0.04069767,-0.04069767,,-0.04069767,-166.3114,4086.5076,OK,0.0000,4.9893,3.0000,97.0000,AG03-UNRESOLVED,ALL5_LEVELS_bet23_to_bet27,4.9893,4.9893,4.9893,6.6525,6.6525,3.000000,3.000000,3.000000,4.000000,4.000000,97.000000,97.000000,97.000000,96.000000,96.000000,5.0,28.2729,26.4236,138.0384,139.8877,PENDING_AG03,FALSE,NOT_FOR_ENFORCEMENT,161.3220,3674.9030,166.3114,161.3220,4.9893,0.04069767,0.03947674,4.9893,161.3220,0.03947674,4.9893,4.9893,4.9893,6.6525,6.6525,161.3220,0.03947674,28.2729,26.4236,138.0384,139.8877,0.03377907,0.0342316,0.00122093,3.7218,5.0514,0.2217,55.4371,1.7693,1362.1692,250.0000,3.7218,,2.5685,2.5685,5.137,5.137,5.137,12.8426,2.5685,-2.5685,2.0,5.0,1.448998,26,60,11,7,1.00000000,0.04069767,0.04069767,0E-8,0.000000,0.927090,0.000000,,2026-08-03,2026-08-05,3,94,47,3,1.000000,,1.000000,3.333333,,,,,,,,GLOBAL_BASELINE_NO_ENTITY_RANKING,,,NOT_APPLICABLE_GLOBAL_BASELINE,HF9g-P5,,,,X 全窗基线 · 不参与实体赏罚,6872168,688,A168_HF9F_20260827_0900,2026-08-27 09:00:00
2026-08-04,153783574,1710,0,35.9592119796,-33.3906968382,-33.3906968382,0E-7,13,5,0.17369987166666667,0.159301460000,-1.0252170988514213,-0.9733627759875396,-1.0252170988514213,0.01439841166666667,ELIGIBLE,R03b_20260811_FULL_v1,L1_ELIGIBILITY,v2026-08-11,2026-03-21..2026-08-06,baccarat_bet02_101_all_pairs_incl_sentinel,round_win = game_pnl > 0 (decisive only),COMPATIBILITY_ONLY_NOT_PRODUCTION,4086.5076,3788.5598,166.3114,1098,750,-0.04069767,-0.04069767,,-0.04069767,-166.3114,4086.5076,OK,0.0000,4.9893,3.0000,97.0000,AG03-UNRESOLVED,ALL5_LEVELS_bet23_to_bet27,4.9893,4.9893,4.9893,6.6525,6.6525,3.000000,3.000000,3.000000,4.000000,4.000000,97.000000,97.000000,97.000000,96.000000,96.000000,5.0,28.2729,26.4236,138.0384,139.8877,PENDING_AG03,FALSE,NOT_FOR_ENFORCEMENT,161.3220,3674.9030,166.3114,161.3220,4.9893,0.04069767,0.03947674,4.9893,161.3220,0.03947674,4.9893,4.9893,4.9893,6.6525,6.6525,161.3220,0.03947674,28.2729,26.4236,138.0384,139.8877,0.03377907,0.0342316,0.00122093,3.7218,5.0514,0.2217,55.4371,1.7693,1362.1692,250.0000,3.7218,,2.5685,2.5685,5.137,5.137,5.137,12.8426,2.5685,-2.5685,2.0,5.0,1.448998,26,60,11,7,1.00000000,0.04069767,0.04069767,0E-8,0.000000,0.927090,0.000000,,2026-08-03,2026-08-05,3,94,47,3,1.000000,,1.000000,3.333333,,,,,,,,GLOBAL_BASELINE_NO_ENTITY_RANKING,,,NOT_APPLICABLE_GLOBAL_BASELINE,HF9g-P5,,,,X 全窗基线 · 不参与实体赏罚,6872169,688,A168_HF9F_20260827_0900,2026-08-27 09:00:00
2026-08-04,153783574,1935,0,25.6851514140,5.1370302828,5.1370302828,0.3333333,9,3,0.23895615277777778,0.215703533334,0.38332194050736496,0.49534664650748406,0.38332194050736496,0.02325261944377778,ELIGIBLE,R03b_20260811_FULL_v1,L1_ELIGIBILITY,v2026-08-11,2026-03-21..2026-08-06,baccarat_bet02_101_all_pairs_incl_sentinel,round_win = game_pnl > 0 (decisive only),COMPATIBILITY_ONLY_NOT_PRODUCTION,4086.5076,3788.5598,166.3114,1098,750,-0.04069767,-0.04069767,,-0.04069767,-166.3114,4086.5076,OK,0.0000,4.9893,3.0000,97.0000,AG03-UNRESOLVED,ALL5_LEVELS_bet23_to_bet27,4.9893,4.9893,4.9893,6.6525,6.6525,3.000000,3.000000,3.000000,4.000000,4.000000,97.000000,97.000000,97.000000,96.000000,96.000000,5.0,28.2729,26.4236,138.0384,139.8877,PENDING_AG03,FALSE,NOT_FOR_ENFORCEMENT,161.3220,3674.9030,166.3114,161.3220,4.9893,0.04069767,0.03947674,4.9893,161.3220,0.03947674,4.9893,4.9893,4.9893,6.6525,6.6525,161.3220,0.03947674,28.2729,26.4236,138.0384,139.8877,0.03377907,0.0342316,0.00122093,3.7218,5.0514,0.2217,55.4371,1.7693,1362.1692,250.0000,3.7218,,2.5685,2.5685,5.137,5.137,5.137,12.8426,2.5685,-2.5685,2.0,5.0,1.448998,26,60,11,7,1.00000000,0.04069767,0.04069767,0E-8,0.000000,0.927090,0.000000,,2026-08-03,2026-08-05,3,94,47,3,1.000000,,1.000000,3.333333,,,,,,,,GLOBAL_BASELINE_NO_ENTITY_RANKING,,,NOT_APPLICABLE_GLOBAL_BASELINE,HF9g-P5,,,,X 全窗基线 · 不参与实体赏罚,6872170,688,A168_HF9F_20260827_0900,2026-08-27 09:00:00
2026-08-04,153783574,1947,0,35.9592119796,-28.2536665554,-28.2536665554,0.1428571,14,8,0.32276070416666667,0.322760704167,-1.0180693873305537,-1.018069387332165,-1.0180693873305537,-3.3333E-13,ELIGIBLE,R03b_20260811_FULL_v1,L1_ELIGIBILITY,v2026-08-11,2026-03-21..2026-08-06,baccarat_bet02_101_all_pairs_incl_sentinel,round_win = game_pnl > 0 (decisive only),COMPATIBILITY_ONLY_NOT_PRODUCTION,4086.5076,3788.5598,166.3114,1098,750,-0.04069767,-0.04069767,,-0.04069767,-166.3114,4086.5076,OK,0.0000,4.9893,3.0000,97.0000,AG03-UNRESOLVED,ALL5_LEVELS_bet23_to_bet27,4.9893,4.9893,4.9893,6.6525,6.6525,3.000000,3.000000,3.000000,4.000000,4.000000,97.000000,97.000000,97.000000,96.000000,96.000000,5.0,28.2729,26.4236,138.0384,139.8877,PENDING_AG03,FALSE,NOT_FOR_ENFORCEMENT,161.3220,3674.9030,166.3114,161.3220,4.9893,0.04069767,0.03947674,4.9893,161.3220,0.03947674,4.9893,4.9893,4.9893,6.6525,6.6525,161.3220,0.03947674,28.2729,26.4236,138.0384,139.8877,0.03377907,0.0342316,0.00122093,3.7218,5.0514,0.2217,55.4371,1.7693,1362.1692,250.0000,3.7218,,2.5685,2.5685,5.137,5.137,5.137,12.8426,2.5685,-2.5685,2.0,5.0,1.448998,26,60,11,7,1.00000000,0.04069767,0.04069767,0E-8,0.000000,0.927090,0.000000,,2026-08-03,2026-08-05,3,94,47,3,1.000000,,1.000000,3.333333,,,,,,,,GLOBAL_BASELINE_NO_ENTITY_RANKING,,,NOT_APPLICABLE_GLOBAL_BASELINE,HF9g-P5,,,,X 全窗基线 · 不参与实体赏罚,6872171,688,A168_HF9F_20260827_0900,2026-08-27 09:00:00
2026-08-04,153783574,1985,0,20.5481211312,-15.5395166055,-15.5395166055,0E-7,8,3,0.17068776111111111,0.170687761111,-0.7857832751846539,-0.7857832751843453,-0.7857832751846539,1.1111E-13,ELIGIBLE,R03b_20260811_FULL_v1,L1_ELIGIBILITY,v2026-08-11,2026-03-21..2026-08-06,baccarat_bet02_101_all_pairs_incl_sentinel,round_win = game_pnl > 0 (decisive only),COMPATIBILITY_ONLY_NOT_PRODUCTION,4086.5076,3788.5598,166.3114,1098,750,-0.04069767,-0.04069767,,-0.04069767,-166.3114,4086.5076,OK,0.0000,4.9893,3.0000,97.0000,AG03-UNRESOLVED,ALL5_LEVELS_bet23_to_bet27,4.9893,4.9893,4.9893,6.6525,6.6525,3.000000,3.000000,3.000000,4.000000,4.000000,97.000000,97.000000,97.000000,96.000000,96.000000,5.0,28.2729,26.4236,138.0384,139.8877,PENDING_AG03,FALSE,NOT_FOR_ENFORCEMENT,161.3220,3674.9030,166.3114,161.3220,4.9893,0.04069767,0.03947674,4.9893,161.3220,0.03947674,4.9893,4.9893,4.9893,6.6525,6.6525,161.3220,0.03947674,28.2729,26.4236,138.0384,139.8877,0.03377907,0.0342316,0.00122093,3.7218,5.0514,0.2217,55.4371,1.7693,1362.1692,250.0000,3.7218,,2.5685,2.5685,5.137,5.137,5.137,12.8426,2.5685,-2.5685,2.0,5.0,1.448998,26,60,11,7,1.00000000,0.04069767,0.04069767,0E-8,0.000000,0.927090,0.000000,,2026-08-03,2026-08-05,3,94,47,3,1.000000,,1.000000,3.333333,,,,,,,,GLOBAL_BASELINE_NO_ENTITY_RANKING,,,NOT_APPLICABLE_GLOBAL_BASELINE,HF9g-P5,,,,X 全窗基线 · 不参与实体赏罚,6872172,688,A168_HF9F_20260827_0900,2026-08-27 09:00:00
2026-08-04,153783574,2101,0,41.0962422624,-30.8221816968,-30.8221816968,0.1428571,13,7,0.29585236190476191,0.295852361905,-0.886864959288479,-0.8868649592896523,-0.886864959288479,-2.3809E-13,ELIGIBLE,R03b_20260811_FULL_v1,L1_ELIGIBILITY,v2026-08-11,2026-03-21..2026-08-06,baccarat_bet02_101_all_pairs_incl_sentinel,round_win = game_pnl > 0 (decisive only),COMPATIBILITY_ONLY_NOT_PRODUCTION,4086.5076,3788.5598,166.3114,1098,750,-0.04069767,-0.04069767,,-0.04069767,-166.3114,4086.5076,OK,0.0000,4.9893,3.0000,97.0000,AG03-UNRESOLVED,ALL5_LEVELS_bet23_to_bet27,4.9893,4.9893,4.9893,6.6525,6.6525,3.000000,3.000000,3.000000,4.000000,4.000000,97.000000,97.000000,97.000000,96.000000,96.000000,5.0,28.2729,26.4236,138.0384,139.8877,PENDING_AG03,FALSE,NOT_FOR_ENFORCEMENT,161.3220,3674.9030,166.3114,161.3220,4.9893,0.04069767,0.03947674,4.9893,161.3220,0.03947674,4.9893,4.9893,4.9893,6.6525,6.6525,161.3220,0.03947674,28.2729,26.4236,138.0384,139.8877,0.03377907,0.0342316,0.00122093,3.7218,5.0514,0.2217,55.4371,1.7693,1362.1692,250.0000,3.7218,,2.5685,2.5685,5.137,5.137,5.137,12.8426,2.5685,-2.5685,2.0,5.0,1.448998,26,60,11,7,1.00000000,0.04069767,0.04069767,0E-8,0.000000,0.927090,0.000000,,2026-08-03,2026-08-05,3,94,47,3,1.000000,,1.000000,3.333333,,,,,,,,GLOBAL_BASELINE_NO_ENTITY_RANKING,,,NOT_APPLICABLE_GLOBAL_BASELINE,HF9g-P5,,,,X 全窗基线 · 不参与实体赏罚,6872173,688,A168_HF9F_20260827_0900,2026-08-27 09:00:00
2026-08-04,153783574,2127,0,77.0554542420,0E-10,0E-10,0.1818182,27,11,0.20274947424242424,0.190066227273,-0.1726692935646115,-0.06972205142268245,-0.1726692935646115,0.01268324696942424,ELIGIBLE,R03b_20260811_FULL_v1,L1_ELIGIBILITY,v2026-08-11,2026-03-21..2026-08-06,baccarat_bet02_101_all_pairs_incl_sentinel,round_win = game_pnl > 0 (decisive only),COMPATIBILITY_ONLY_NOT_PRODUCTION,4086.5076,3788.5598,166.3114,1098,750,-0.04069767,-0.04069767,,-0.04069767,-166.3114,4086.5076,OK,0.0000,4.9893,3.0000,97.0000,AG03-UNRESOLVED,ALL5_LEVELS_bet23_to_bet27,4.9893,4.9893,4.9893,6.6525,6.6525,3.000000,3.000000,3.000000,4.000000,4.000000,97.000000,97.000000,97.000000,96.000000,96.000000,5.0,28.2729,26.4236,138.0384,139.8877,PENDING_AG03,FALSE,NOT_FOR_ENFORCEMENT,161.3220,3674.9030,166.3114,161.3220,4.9893,0.04069767,0.03947674,4.9893,161.3220,0.03947674,4.9893,4.9893,4.9893,6.6525,6.6525,161.3220,0.03947674,28.2729,26.4236,138.0384,139.8877,0.03377907,0.0342316,0.00122093,3.7218,5.0514,0.2217,55.4371,1.7693,1362.1692,250.0000,3.7218,,2.5685,2.5685,5.137,5.137,5.137,12.8426,2.5685,-2.5685,2.0,5.0,1.448998,26,60,11,7,1.00000000,0.04069767,0.04069767,0E-8,0.000000,0.927090,0.000000,,2026-08-03,2026-08-05,3,94,47,3,1.000000,,1.000000,3.333333,,,,,,,,GLOBAL_BASELINE_NO_ENTITY_RANKING,,,NOT_APPLICABLE_GLOBAL_BASELINE,HF9g-P5,,,,X 全窗基线 · 不参与实体赏罚,6872174,688,A168_HF9F_20260827_0900,2026-08-27 09:00:00
2026-08-04,153783574,2196,0,10.2740605656,-0.2568515141,-0.2568515141,0.5000000,3,2,0.29067452500000000,0.290674525000,0.6519447895314049,0.6519447895314049,0.6519447895314049,0E-17,ELIGIBLE,R03b_20260811_FULL_v1,L1_ELIGIBILITY,v2026-08-11,2026-03-21..2026-08-06,baccarat_bet02_101_all_pairs_incl_sentinel,round_win = game_pnl > 0 (decisive only),COMPATIBILITY_ONLY_NOT_PRODUCTION,4086.5076,3788.5598,166.3114,1098,750,-0.04069767,-0.04069767,,-0.04069767,-166.3114,4086.5076,OK,0.0000,4.9893,3.0000,97.0000,AG03-UNRESOLVED,ALL5_LEVELS_bet23_to_bet27,4.9893,4.9893,4.9893,6.6525,6.6525,3.000000,3.000000,3.000000,4.000000,4.000000,97.000000,97.000000,97.000000,96.000000,96.000000,5.0,28.2729,26.4236,138.0384,139.8877,PENDING_AG03,FALSE,NOT_FOR_ENFORCEMENT,161.3220,3674.9030,166.3114,161.3220,4.9893,0.04069767,0.03947674,4.9893,161.3220,0.03947674,4.9893,4.9893,4.9893,6.6525,6.6525,161.3220,0.03947674,28.2729,26.4236,138.0384,139.8877,0.03377907,0.0342316,0.00122093,3.7218,5.0514,0.2217,55.4371,1.7693,1362.1692,250.0000,3.7218,,2.5685,2.5685,5.137,5.137,5.137,12.8426,2.5685,-2.5685,2.0,5.0,1.448998,26,60,11,7,1.00000000,0.04069767,0.04069767,0E-8,0.000000,0.927090,0.000000,,2026-08-03,2026-08-05,3,94,47,3,1.000000,,1.000000,3.333333,,,,,,,,GLOBAL_BASELINE_NO_ENTITY_RANKING,,,NOT_APPLICABLE_GLOBAL_BASELINE,HF9g-P5,,,,X 全窗基线 · 不参与实体赏罚,6872175,688,A168_HF9F_20260827_0900,2026-08-27 09:00:00
2026-08-04,153783574,2271,0,5.1370302828,-5.1370302828,-5.1370302828,0E-7,1,1,0.49324550000000000,0.493245500000,-0.9865810262130424,-0.9865810262130424,-0.9865810262130424,0E-17,ELIGIBLE,R03b_20260811_FULL_v1,L1_ELIGIBILITY,v2026-08-11,2026-03-21..2026-08-06,baccarat_bet02_101_all_pairs_incl_sentinel,round_win = game_pnl > 0 (decisive only),COMPATIBILITY_ONLY_NOT_PRODUCTION,4086.5076,3788.5598,166.3114,1098,750,-0.04069767,-0.04069767,,-0.04069767,-166.3114,4086.5076,OK,0.0000,4.9893,3.0000,97.0000,AG03-UNRESOLVED,ALL5_LEVELS_bet23_to_bet27,4.9893,4.9893,4.9893,6.6525,6.6525,3.000000,3.000000,3.000000,4.000000,4.000000,97.000000,97.000000,97.000000,96.000000,96.000000,5.0,28.2729,26.4236,138.0384,139.8877,PENDING_AG03,FALSE,NOT_FOR_ENFORCEMENT,161.3220,3674.9030,166.3114,161.3220,4.9893,0.04069767,0.03947674,4.9893,161.3220,0.03947674,4.9893,4.9893,4.9893,6.6525,6.6525,161.3220,0.03947674,28.2729,26.4236,138.0384,139.8877,0.03377907,0.0342316,0.00122093,3.7218,5.0514,0.2217,55.4371,1.7693,1362.1692,250.0000,3.7218,,2.5685,2.5685,5.137,5.137,5.137,12.8426,2.5685,-2.5685,2.0,5.0,1.448998,26,60,11,7,1.00000000,0.04069767,0.04069767,0E-8,0.000000,0.927090,0.000000,,2026-08-03,2026-08-05,3,94,47,3,1.000000,,1.000000,3.333333,,,,,,,,GLOBAL_BASELINE_NO_ENTITY_RANKING,,,NOT_APPLICABLE_GLOBAL_BASELINE,HF9g-P5,,,,X 全窗基线 · 不参与实体赏罚,6872176,688,A168_HF9F_20260827_0900,2026-08-27 09:00:00
2026-08-04,153783574,2281,0,46.2332725452,64.0844527779,64.0844527779,0.5000000,17,7,0.29649070476190476,0.296490704762,1.091489128276103,1.0914891282754908,1.091489128276103,-9.524E-14,ELIGIBLE,R03b_20260811_FULL_v1,L1_ELIGIBILITY,v2026-08-11,2026-03-21..2026-08-06,baccarat_bet02_101_all_pairs_incl_sentinel,round_win = game_pnl > 0 (decisive only),COMPATIBILITY_ONLY_NOT_PRODUCTION,4086.5076,3788.5598,166.3114,1098,750,-0.04069767,-0.04069767,,-0.04069767,-166.3114,4086.5076,OK,0.0000,4.9893,3.0000,97.0000,AG03-UNRESOLVED,ALL5_LEVELS_bet23_to_bet27,4.9893,4.9893,4.9893,6.6525,6.6525,3.000000,3.000000,3.000000,4.000000,4.000000,97.000000,97.000000,97.000000,96.000000,96.000000,5.0,28.2729,26.4236,138.0384,139.8877,PENDING_AG03,FALSE,NOT_FOR_ENFORCEMENT,161.3220,3674.9030,166.3114,161.3220,4.9893,0.04069767,0.03947674,4.9893,161.3220,0.03947674,4.9893,4.9893,4.9893,6.6525,6.6525,161.3220,0.03947674,28.2729,26.4236,138.0384,139.8877,0.03377907,0.0342316,0.00122093,3.7218,5.0514,0.2217,55.4371,1.7693,1362.1692,250.0000,3.7218,,2.5685,2.5685,5.137,5.137,5.137,12.8426,2.5685,-2.5685,2.0,5.0,1.448998,26,60,11,7,1.00000000,0.04069767,0.04069767,0E-8,0.000000,0.927090,0.000000,,2026-08-03,2026-08-05,3,94,47,3,1.000000,,1.000000,3.333333,,,,,,,,GLOBAL_BASELINE_NO_ENTITY_RANKING,,,NOT_APPLICABLE_GLOBAL_BASELINE,HF9g-P5,,,,X 全窗基线 · 不参与实体赏罚,6872177,688,A168_HF9F_20260827_0900,2026-08-27 09:00:00
2026-08-04,153783574,471,0,30.8221816968,-20.8049726453,-20.8049726453,0E-7,11,4,0.19956735208333334,0.181569337500,-0.9986477918200743,-0.9420203922332722,-0.9986477918200743,0.01799801458333334,ELIGIBLE,R03b_20260811_FULL_v1,L1_ELIGIBILITY,v2026-08-11,2026-03-21..2026-08-06,baccarat_bet02_101_all_pairs_incl_sentinel,round_win = game_pnl > 0 (decisive only),COMPATIBILITY_ONLY_NOT_PRODUCTION,4086.5076,3788.5598,166.3114,1098,750,-0.04069767,-0.04069767,,-0.04069767,-166.3114,4086.5076,OK,0.0000,4.9893,3.0000,97.0000,AG03-UNRESOLVED,ALL5_LEVELS_bet23_to_bet27,4.9893,4.9893,4.9893,6.6525,6.6525,3.000000,3.000000,3.000000,4.000000,4.000000,97.000000,97.000000,97.000000,96.000000,96.000000,5.0,28.2729,26.4236,138.0384,139.8877,PENDING_AG03,FALSE,NOT_FOR_ENFORCEMENT,161.3220,3674.9030,166.3114,161.3220,4.9893,0.04069767,0.03947674,4.9893,161.3220,0.03947674,4.9893,4.9893,4.9893,6.6525,6.6525,161.3220,0.03947674,28.2729,26.4236,138.0384,139.8877,0.03377907,0.0342316,0.00122093,3.7218,5.0514,0.2217,55.4371,1.7693,1362.1692,250.0000,3.7218,,2.5685,2.5685,5.137,5.137,5.137,12.8426,2.5685,-2.5685,2.0,5.0,1.448998,26,60,11,7,1.00000000,0.04069767,0.04069767,0E-8,0.000000,0.927090,0.000000,,2026-08-03,2026-08-05,3,94,47,3,1.000000,,1.000000,3.333333,,,,,,,,GLOBAL_BASELINE_NO_ENTITY_RANKING,,,NOT_APPLICABLE_GLOBAL_BASELINE,HF9g-P5,,,,X 全窗基线 · 不参与实体赏罚,6872178,688,A168_HF9F_20260827_0900,2026-08-27 09:00:00
2026-08-04,153783574,919,0,184.9330901808,-4.8801787687,-4.8801787687,0.4761905,26,22,0.47356606060606061,0.473566060606,0.024086851221658545,0.02408685122221498,0.024086851221658545,6.061E-14,ELIGIBLE,R03b_20260811_FULL_v1,L1_ELIGIBILITY,v2026-08-11,2026-03-21..2026-08-06,baccarat_bet02_101_all_pairs_incl_sentinel,round_win = game_pnl > 0 (decisive only),COMPATIBILITY_ONLY_NOT_PRODUCTION,4086.5076,3788.5598,166.3114,1098,750,-0.04069767,-0.04069767,,-0.04069767,-166.3114,4086.5076,OK,0.0000,4.9893,3.0000,97.0000,AG03-UNRESOLVED,ALL5_LEVELS_bet23_to_bet27,4.9893,4.9893,4.9893,6.6525,6.6525,3.000000,3.000000,3.000000,4.000000,4.000000,97.000000,97.000000,97.000000,96.000000,96.000000,5.0,28.2729,26.4236,138.0384,139.8877,PENDING_AG03,FALSE,NOT_FOR_ENFORCEMENT,161.3220,3674.9030,166.3114,161.3220,4.9893,0.04069767,0.03947674,4.9893,161.3220,0.03947674,4.9893,4.9893,4.9893,6.6525,6.6525,161.3220,0.03947674,28.2729,26.4236,138.0384,139.8877,0.03377907,0.0342316,0.00122093,3.7218,5.0514,0.2217,55.4371,1.7693,1362.1692,250.0000,3.7218,,2.5685,2.5685,5.137,5.137,5.137,12.8426,2.5685,-2.5685,2.0,5.0,1.448998,26,60,11,7,1.00000000,0.04069767,0.04069767,0E-8,0.000000,0.927090,0.000000,,2026-08-03,2026-08-05,3,94,47,3,1.000000,,1.000000,3.333333,,,,,,,,GLOBAL_BASELINE_NO_ENTITY_RANKING,,,NOT_APPLICABLE_GLOBAL_BASELINE,HF9g-P5,,,,X 全窗基线 · 不参与实体赏罚,6872179,688,A168_HF9F_20260827_0900,2026-08-27 09:00:00
2026-08-04,153783574,948,0,46.2332725452,25.2998741428,25.2998741428,0.5000000,10,8,0.39363566250000000,0.393635662500,0.6157819982557154,0.6157819982557154,0.6157819982557154,0E-17,ELIGIBLE,R03b_20260811_FULL_v1,L1_ELIGIBILITY,v2026-08-11,2026-03-21..2026-08-06,baccarat_bet02_101_all_pairs_incl_sentinel,round_win = game_pnl > 0 (decisive only),COMPATIBILITY_ONLY_NOT_PRODUCTION,4086.5076,3788.5598,166.3114,1098,750,-0.04069767,-0.04069767,,-0.04069767,-166.3114,4086.5076,OK,0.0000,4.9893,3.0000,97.0000,AG03-UNRESOLVED,ALL5_LEVELS_bet23_to_bet27,4.9893,4.9893,4.9893,6.6525,6.6525,3.000000,3.000000,3.000000,4.000000,4.000000,97.000000,97.000000,97.000000,96.000000,96.000000,5.0,28.2729,26.4236,138.0384,139.8877,PENDING_AG03,FALSE,NOT_FOR_ENFORCEMENT,161.3220,3674.9030,166.3114,161.3220,4.9893,0.04069767,0.03947674,4.9893,161.3220,0.03947674,4.9893,4.9893,4.9893,6.6525,6.6525,161.3220,0.03947674,28.2729,26.4236,138.0384,139.8877,0.03377907,0.0342316,0.00122093,3.7218,5.0514,0.2217,55.4371,1.7693,1362.1692,250.0000,3.7218,,2.5685,2.5685,5.137,5.137,5.137,12.8426,2.5685,-2.5685,2.0,5.0,1.448998,26,60,11,7,1.00000000,0.04069767,0.04069767,0E-8,0.000000,0.927090,0.000000,,2026-08-03,2026-08-05,3,94,47,3,1.000000,,1.000000,3.333333,,,,,,,,GLOBAL_BASELINE_NO_ENTITY_RANKING,,,NOT_APPLICABLE_GLOBAL_BASELINE,HF9g-P5,,,,X 全窗基线 · 不参与实体赏罚,6872180,688,A168_HF9F_20260827_0900,2026-08-27 09:00:00
2026-08-05,153783574,-1,1,84.7609996662,-20.5481211312,-20.5481211312,0.3333333,9,7,0.45912895238095238,0.459128952381,-0.6183394204031946,-0.6183394204034238,-0.6183394204031946,-4.762E-14,SENTINEL_DEALER,R03b_20260811_FULL_v1,L1_ELIGIBILITY,v2026-08-11,2026-03-21..2026-08-06,baccarat_bet02_101_all_pairs_incl_sentinel,round_win = game_pnl > 0 (decisive only),COMPATIBILITY_ONLY_NOT_PRODUCTION,4086.5076,3788.5598,166.3114,1098,750,-0.04069767,-0.04069767,,-0.04069767,-166.3114,4086.5076,OK,0.0000,4.9893,3.0000,97.0000,AG03-UNRESOLVED,ALL5_LEVELS_bet23_to_bet27,4.9893,4.9893,4.9893,6.6525,6.6525,3.000000,3.000000,3.000000,4.000000,4.000000,97.000000,97.000000,97.000000,96.000000,96.000000,5.0,28.2729,26.4236,138.0384,139.8877,PENDING_AG03,FALSE,NOT_FOR_ENFORCEMENT,161.3220,3674.9030,166.3114,161.3220,4.9893,0.04069767,0.03947674,4.9893,161.3220,0.03947674,4.9893,4.9893,4.9893,6.6525,6.6525,161.3220,0.03947674,28.2729,26.4236,138.0384,139.8877,0.03377907,0.0342316,0.00122093,3.7218,5.0514,0.2217,55.4371,1.7693,1362.1692,250.0000,3.7218,,2.5685,2.5685,5.137,5.137,5.137,12.8426,2.5685,-2.5685,2.0,5.0,1.448998,26,60,11,7,1.00000000,0.04069767,0.04069767,0E-8,0.000000,0.927090,0.000000,,2026-08-03,2026-08-05,3,94,47,3,1.000000,,1.000000,3.333333,,,,,,,,GLOBAL_BASELINE_NO_ENTITY_RANKING,,,NOT_APPLICABLE_GLOBAL_BASELINE,HF9g-P5,,,,X 全窗基线 · 不参与实体赏罚,6872181,688,A168_HF9F_20260827_0900,2026-08-27 09:00:00
2026-08-05,153783574,1004,0,77.0554542420,-25.6851514140,-25.6851514140,0.3333333,6,6,0.49547970000000000,0.495479700000,-0.7943841881047936,-0.7943841881047936,-0.7943841881047936,0E-17,ELIGIBLE,R03b_20260811_FULL_v1,L1_ELIGIBILITY,v2026-08-11,2026-03-21..2026-08-06,baccarat_bet02_101_all_pairs_incl_sentinel,round_win = game_pnl > 0 (decisive only),COMPATIBILITY_ONLY_NOT_PRODUCTION,4086.5076,3788.5598,166.3114,1098,750,-0.04069767,-0.04069767,,-0.04069767,-166.3114,4086.5076,OK,0.0000,4.9893,3.0000,97.0000,AG03-UNRESOLVED,ALL5_LEVELS_bet23_to_bet27,4.9893,4.9893,4.9893,6.6525,6.6525,3.000000,3.000000,3.000000,4.000000,4.000000,97.000000,97.000000,97.000000,96.000000,96.000000,5.0,28.2729,26.4236,138.0384,139.8877,PENDING_AG03,FALSE,NOT_FOR_ENFORCEMENT,161.3220,3674.9030,166.3114,161.3220,4.9893,0.04069767,0.03947674,4.9893,161.3220,0.03947674,4.9893,4.9893,4.9893,6.6525,6.6525,161.3220,0.03947674,28.2729,26.4236,138.0384,139.8877,0.03377907,0.0342316,0.00122093,3.7218,5.0514,0.2217,55.4371,1.7693,1362.1692,250.0000,3.7218,,2.5685,2.5685,5.137,5.137,5.137,12.8426,2.5685,-2.5685,2.0,5.0,1.448998,26,60,11,7,1.00000000,0.04069767,0.04069767,0E-8,0.000000,0.927090,0.000000,,2026-08-03,2026-08-05,3,94,47,3,1.000000,,1.000000,3.333333,,,,,,,,GLOBAL_BASELINE_NO_ENTITY_RANKING,,,NOT_APPLICABLE_GLOBAL_BASELINE,HF9g-P5,,,,X 全窗基线 · 不参与实体赏罚,6872182,688,A168_HF9F_20260827_0900,2026-08-27 09:00:00
2026-08-05,153783574,1509,0,66.7813936764,-21.7039529448,-21.7039529448,0.3333333,8,6,0.46842047083333333,0.456421794445,-0.6631130380521464,-0.6053112734350633,-0.6631130380521464,0.01199867638833333,ELIGIBLE,R03b_20260811_FULL_v1,L1_ELIGIBILITY,v2026-08-11,2026-03-21..2026-08-06,baccarat_bet02_101_all_pairs_incl_sentinel,round_win = game_pnl > 0 (decisive only),COMPATIBILITY_ONLY_NOT_PRODUCTION,4086.5076,3788.5598,166.3114,1098,750,-0.04069767,-0.04069767,,-0.04069767,-166.3114,4086.5076,OK,0.0000,4.9893,3.0000,97.0000,AG03-UNRESOLVED,ALL5_LEVELS_bet23_to_bet27,4.9893,4.9893,4.9893,6.6525,6.6525,3.000000,3.000000,3.000000,4.000000,4.000000,97.000000,97.000000,97.000000,96.000000,96.000000,5.0,28.2729,26.4236,138.0384,139.8877,PENDING_AG03,FALSE,NOT_FOR_ENFORCEMENT,161.3220,3674.9030,166.3114,161.3220,4.9893,0.04069767,0.03947674,4.9893,161.3220,0.03947674,4.9893,4.9893,4.9893,6.6525,6.6525,161.3220,0.03947674,28.2729,26.4236,138.0384,139.8877,0.03377907,0.0342316,0.00122093,3.7218,5.0514,0.2217,55.4371,1.7693,1362.1692,250.0000,3.7218,,2.5685,2.5685,5.137,5.137,5.137,12.8426,2.5685,-2.5685,2.0,5.0,1.448998,26,60,11,7,1.00000000,0.04069767,0.04069767,0E-8,0.000000,0.927090,0.000000,,2026-08-03,2026-08-05,3,94,47,3,1.000000,,1.000000,3.333333,,,,,,,,GLOBAL_BASELINE_NO_ENTITY_RANKING,,,NOT_APPLICABLE_GLOBAL_BASELINE,HF9g-P5,,,,X 全窗基线 · 不参与实体赏罚,6872183,688,A168_HF9F_20260827_0900,2026-08-27 09:00:00
2026-08-05,153783574,2178,0,136.1313024942,34.1612513806,34.1612513806,0.3846154,24,16,0.36549043697916667,0.360990933333,0.1431907077974407,0.17735022711555293,0.1431907077974407,0.00449950364616667,ELIGIBLE,R03b_20260811_FULL_v1,L1_ELIGIBILITY,v2026-08-11,2026-03-21..2026-08-06,baccarat_bet02_101_all_pairs_incl_sentinel,round_win = game_pnl > 0 (decisive only),COMPATIBILITY_ONLY_NOT_PRODUCTION,4086.5076,3788.5598,166.3114,1098,750,-0.04069767,-0.04069767,,-0.04069767,-166.3114,4086.5076,OK,0.0000,4.9893,3.0000,97.0000,AG03-UNRESOLVED,ALL5_LEVELS_bet23_to_bet27,4.9893,4.9893,4.9893,6.6525,6.6525,3.000000,3.000000,3.000000,4.000000,4.000000,97.000000,97.000000,97.000000,96.000000,96.000000,5.0,28.2729,26.4236,138.0384,139.8877,PENDING_AG03,FALSE,NOT_FOR_ENFORCEMENT,161.3220,3674.9030,166.3114,161.3220,4.9893,0.04069767,0.03947674,4.9893,161.3220,0.03947674,4.9893,4.9893,4.9893,6.6525,6.6525,161.3220,0.03947674,28.2729,26.4236,138.0384,139.8877,0.03377907,0.0342316,0.00122093,3.7218,5.0514,0.2217,55.4371,1.7693,1362.1692,250.0000,3.7218,,2.5685,2.5685,5.137,5.137,5.137,12.8426,2.5685,-2.5685,2.0,5.0,1.448998,26,60,11,7,1.00000000,0.04069767,0.04069767,0E-8,0.000000,0.927090,0.000000,,2026-08-03,2026-08-05,3,94,47,3,1.000000,,1.000000,3.333333,,,,,,,,GLOBAL_BASELINE_NO_ENTITY_RANKING,,,NOT_APPLICABLE_GLOBAL_BASELINE,HF9g-P5,,,,X 全窗基线 · 不参与实体赏罚,6872184,688,A168_HF9F_20260827_0900,2026-08-27 09:00:00
2026-08-05,153783574,2201,0,23.1166362726,-3.0822181696,-3.0822181696,0.6666667,3,3,0.50665070000000000,0.506650700000,0.5543606114942035,0.5543606114942035,0.5543606114942035,0E-17,ELIGIBLE,R03b_20260811_FULL_v1,L1_ELIGIBILITY,v2026-08-11,2026-03-21..2026-08-06,baccarat_bet02_101_all_pairs_incl_sentinel,round_win = game_pnl > 0 (decisive only),COMPATIBILITY_ONLY_NOT_PRODUCTION,4086.5076,3788.5598,166.3114,1098,750,-0.04069767,-0.04069767,,-0.04069767,-166.3114,4086.5076,OK,0.0000,4.9893,3.0000,97.0000,AG03-UNRESOLVED,ALL5_LEVELS_bet23_to_bet27,4.9893,4.9893,4.9893,6.6525,6.6525,3.000000,3.000000,3.000000,4.000000,4.000000,97.000000,97.000000,97.000000,96.000000,96.000000,5.0,28.2729,26.4236,138.0384,139.8877,PENDING_AG03,FALSE,NOT_FOR_ENFORCEMENT,161.3220,3674.9030,166.3114,161.3220,4.9893,0.04069767,0.03947674,4.9893,161.3220,0.03947674,4.9893,4.9893,4.9893,6.6525,6.6525,161.3220,0.03947674,28.2729,26.4236,138.0384,139.8877,0.03377907,0.0342316,0.00122093,3.7218,5.0514,0.2217,55.4371,1.7693,1362.1692,250.0000,3.7218,,2.5685,2.5685,5.137,5.137,5.137,12.8426,2.5685,-2.5685,2.0,5.0,1.448998,26,60,11,7,1.00000000,0.04069767,0.04069767,0E-8,0.000000,0.927090,0.000000,,2026-08-03,2026-08-05,3,94,47,3,1.000000,,1.000000,3.333333,,,,,,,,GLOBAL_BASELINE_NO_ENTITY_RANKING,,,NOT_APPLICABLE_GLOBAL_BASELINE,HF9g-P5,,,,X 全窗基线 · 不参与实体赏罚,6872185,688,A168_HF9F_20260827_0900,2026-08-27 09:00:00
2026-08-05,153783574,2248,0,17.9796059898,-17.9796059898,-17.9796059898,0E-7,3,2,0.29067452500000000,0.290674525000,-0.9053066380155883,-0.9053066380155883,-0.9053066380155883,0E-17,ELIGIBLE,R03b_20260811_FULL_v1,L1_ELIGIBILITY,v2026-08-11,2026-03-21..2026-08-06,baccarat_bet02_101_all_pairs_incl_sentinel,round_win = game_pnl > 0 (decisive only),COMPATIBILITY_ONLY_NOT_PRODUCTION,4086.5076,3788.5598,166.3114,1098,750,-0.04069767,-0.04069767,,-0.04069767,-166.3114,4086.5076,OK,0.0000,4.9893,3.0000,97.0000,AG03-UNRESOLVED,ALL5_LEVELS_bet23_to_bet27,4.9893,4.9893,4.9893,6.6525,6.6525,3.000000,3.000000,3.000000,4.000000,4.000000,97.000000,97.000000,97.000000,96.000000,96.000000,5.0,28.2729,26.4236,138.0384,139.8877,PENDING_AG03,FALSE,NOT_FOR_ENFORCEMENT,161.3220,3674.9030,166.3114,161.3220,4.9893,0.04069767,0.03947674,4.9893,161.3220,0.03947674,4.9893,4.9893,4.9893,6.6525,6.6525,161.3220,0.03947674,28.2729,26.4236,138.0384,139.8877,0.03377907,0.0342316,0.00122093,3.7218,5.0514,0.2217,55.4371,1.7693,1362.1692,250.0000,3.7218,,2.5685,2.5685,5.137,5.137,5.137,12.8426,2.5685,-2.5685,2.0,5.0,1.448998,26,60,11,7,1.00000000,0.04069767,0.04069767,0E-8,0.000000,0.927090,0.000000,,2026-08-03,2026-08-05,3,94,47,3,1.000000,,1.000000,3.333333,,,,,,,,GLOBAL_BASELINE_NO_ENTITY_RANKING,,,NOT_APPLICABLE_GLOBAL_BASELINE,HF9g-P5,,,,X 全窗基线 · 不参与实体赏罚,6872186,688,A168_HF9F_20260827_0900,2026-08-27 09:00:00
2026-08-05,153783574,986,0,25.6851514140,0E-10,0E-10,0.5000000,2,2,0.49324550000000000,0.493245500000,0.01910635448239258,0.01910635448239258,0.01910635448239258,0E-17,ELIGIBLE,R03b_20260811_FULL_v1,L1_ELIGIBILITY,v2026-08-11,2026-03-21..2026-08-06,baccarat_bet02_101_all_pairs_incl_sentinel,round_win = game_pnl > 0 (decisive only),COMPATIBILITY_ONLY_NOT_PRODUCTION,4086.5076,3788.5598,166.3114,1098,750,-0.04069767,-0.04069767,,-0.04069767,-166.3114,4086.5076,OK,0.0000,4.9893,3.0000,97.0000,AG03-UNRESOLVED,ALL5_LEVELS_bet23_to_bet27,4.9893,4.9893,4.9893,6.6525,6.6525,3.000000,3.000000,3.000000,4.000000,4.000000,97.000000,97.000000,97.000000,96.000000,96.000000,5.0,28.2729,26.4236,138.0384,139.8877,PENDING_AG03,FALSE,NOT_FOR_ENFORCEMENT,161.3220,3674.9030,166.3114,161.3220,4.9893,0.04069767,0.03947674,4.9893,161.3220,0.03947674,4.9893,4.9893,4.9893,6.6525,6.6525,161.3220,0.03947674,28.2729,26.4236,138.0384,139.8877,0.03377907,0.0342316,0.00122093,3.7218,5.0514,0.2217,55.4371,1.7693,1362.1692,250.0000,3.7218,,2.5685,2.5685,5.137,5.137,5.137,12.8426,2.5685,-2.5685,2.0,5.0,1.448998,26,60,11,7,1.00000000,0.04069767,0.04069767,0E-8,0.000000,0.927090,0.000000,,2026-08-03,2026-08-05,3,94,47,3,1.000000,,1.000000,3.333333,,,,,,,,GLOBAL_BASELINE_NO_ENTITY_RANKING,,,NOT_APPLICABLE_GLOBAL_BASELINE,HF9g-P5,,,,X 全窗基线 · 不参与实体赏罚,6872187,688,A168_HF9F_20260827_0900,2026-08-27 09:00:00
2026-05-16,150116390,-1,1,306.1595142959,-57.3400446266,-57.3400446266,0.3965517,59,58,0.49336106206896552,0.493361062069,-1.4746859051813703,-1.4746859051818941,-1.4746859051813703,-3.448E-14,SENTINEL_DEALER,R03b_20260811_FULL_v1,L1_ELIGIBILITY,v2026-08-11,2026-03-21..2026-08-06,baccarat_bet02_101_all_pairs_incl_sentinel,round_win = game_pnl > 0 (decisive only),COMPATIBILITY_ONLY_NOT_PRODUCTION,913.2894,851.0197,166.3121,176,175,-0.18210227,,-0.18210227,-0.18210227,-166.3121,913.2894,OK,0.0000,4.9894,3.0000,97.0000,AG03-UNRESOLVED,ALL5_LEVELS_bet23_to_bet27,4.9894,4.9894,4.9894,6.6525,6.6525,3.000000,3.000000,3.000000,4.000000,4.000000,97.000000,97.000000,97.000000,96.000000,96.000000,5.0,28.2731,26.4238,138.0390,139.8883,PENDING_AG03,FALSE,NOT_FOR_ENFORCEMENT,161.3227,825.4891,166.3121,161.3227,4.9894,0.18210227,0.17663920,4.9894,161.3227,0.17663920,4.9894,4.9894,4.9894,6.6525,6.6525,161.3227,0.17663920,28.2731,26.4238,138.0390,139.8883,0.15114489,0.15316976,0.00546307,5.1891,4.8630,0.9504,166.3121,5.5437,913.2894,175.0000,,5.1891,5.1891,5.1891,5.1891,5.1891,5.1891,5.1891,5.1891,-5.1891,1.0,1.0,1.0,28,18,1,2,0E-8,0.18210227,,0E-8,0.000000,0.931818,0.000000,,2026-05-16,2026-05-16,1,30,28,1,1.000000,,,0.000000,,,,,,,,GLOBAL_BASELINE_NO_ENTITY_RANKING,,,NOT_APPLICABLE_GLOBAL_BASELINE,HF9g-P5,,,,X 全窗基线 · 不参与实体赏罚,6872188,688,A168_HF9F_20260827_0900,2026-08-27 09:00:00
2026-05-16,150116390,1115,0,31.1348658606,0E-10,0E-10,0.5000000,6,6,0.49324550000000000,0.493245500000,0.03309317671092531,0.03309317671092531,0.03309317671092531,0E-17,ELIGIBLE,R03b_20260811_FULL_v1,L1_ELIGIBILITY,v2026-08-11,2026-03-21..2026-08-06,baccarat_bet02_101_all_pairs_incl_sentinel,round_win = game_pnl > 0 (decisive only),COMPATIBILITY_ONLY_NOT_PRODUCTION,913.2894,851.0197,166.3121,176,175,-0.18210227,,-0.18210227,-0.18210227,-166.3121,913.2894,OK,0.0000,4.9894,3.0000,97.0000,AG03-UNRESOLVED,ALL5_LEVELS_bet23_to_bet27,4.9894,4.9894,4.9894,6.6525,6.6525,3.000000,3.000000,3.000000,4.000000,4.000000,97.000000,97.000000,97.000000,96.000000,96.000000,5.0,28.2731,26.4238,138.0390,139.8883,PENDING_AG03,FALSE,NOT_FOR_ENFORCEMENT,161.3227,825.4891,166.3121,161.3227,4.9894,0.18210227,0.17663920,4.9894,161.3227,0.17663920,4.9894,4.9894,4.9894,6.6525,6.6525,161.3227,0.17663920,28.2731,26.4238,138.0390,139.8883,0.15114489,0.15316976,0.00546307,5.1891,4.8630,0.9504,166.3121,5.5437,913.2894,175.0000,,5.1891,5.1891,5.1891,5.1891,5.1891,5.1891,5.1891,5.1891,-5.1891,1.0,1.0,1.0,28,18,1,2,0E-8,0.18210227,,0E-8,0.000000,0.931818,0.000000,,2026-05-16,2026-05-16,1,30,28,1,1.000000,,,0.000000,,,,,,,,GLOBAL_BASELINE_NO_ENTITY_RANKING,,,NOT_APPLICABLE_GLOBAL_BASELINE,HF9g-P5,,,,X 全窗基线 · 不参与实体赏罚,6872189,688,A168_HF9F_20260827_0900,2026-08-27 09:00:00
2026-05-16,150116390,1400,0,41.5131544808,0E-10,0E-10,0.5000000,8,8,0.49324550000000000,0.493245500000,0.03821270896478516,0.03821270896478516,0.03821270896478516,0E-17,ELIGIBLE,R03b_20260811_FULL_v1,L1_ELIGIBILITY,v2026-08-11,2026-03-21..2026-08-06,baccarat_bet02_101_all_pairs_incl_sentinel,round_win = game_pnl > 0 (decisive only),COMPATIBILITY_ONLY_NOT_PRODUCTION,913.2894,851.0197,166.3121,176,175,-0.18210227,,-0.18210227,-0.18210227,-166.3121,913.2894,OK,0.0000,4.9894,3.0000,97.0000,AG03-UNRESOLVED,ALL5_LEVELS_bet23_to_bet27,4.9894,4.9894,4.9894,6.6525,6.6525,3.000000,3.000000,3.000000,4.000000,4.000000,97.000000,97.000000,97.000000,96.000000,96.000000,5.0,28.2731,26.4238,138.0390,139.8883,PENDING_AG03,FALSE,NOT_FOR_ENFORCEMENT,161.3227,825.4891,166.3121,161.3227,4.9894,0.18210227,0.17663920,4.9894,161.3227,0.17663920,4.9894,4.9894,4.9894,6.6525,6.6525,161.3227,0.17663920,28.2731,26.4238,138.0390,139.8883,0.15114489,0.15316976,0.00546307,5.1891,4.8630,0.9504,166.3121,5.5437,913.2894,175.0000,,5.1891,5.1891,5.1891,5.1891,5.1891,5.1891,5.1891,5.1891,-5.1891,1.0,1.0,1.0,28,18,1,2,0E-8,0.18210227,,0E-8,0.000000,0.931818,0.000000,,2026-05-16,2026-05-16,1,30,28,1,1.000000,,,0.000000,,,,,,,,GLOBAL_BASELINE_NO_ENTITY_RANKING,,,NOT_APPLICABLE_GLOBAL_BASELINE,HF9g-P5,,,,X 全窗基线 · 不参与实体赏罚,6872190,688,A168_HF9F_20260827_0900,2026-08-27 09:00:00
2026-05-16,150116390,1508,0,31.1348658606,-10.3782886202,-10.3782886202,0.3333333,6,6,0.49324550000000000,0.493245500000,-0.783477916903833,-0.7834779169038328,-0.783477916903833,0E-17,ELIGIBLE,R03b_20260811_FULL_v1,L1_ELIGIBILITY,v2026-08-11,2026-03-21..2026-08-06,baccarat_bet02_101_all_pairs_incl_sentinel,round_win = game_pnl > 0 (decisive only),COMPATIBILITY_ONLY_NOT_PRODUCTION,913.2894,851.0197,166.3121,176,175,-0.18210227,,-0.18210227,-0.18210227,-166.3121,913.2894,OK,0.0000,4.9894,3.0000,97.0000,AG03-UNRESOLVED,ALL5_LEVELS_bet23_to_bet27,4.9894,4.9894,4.9894,6.6525,6.6525,3.000000,3.000000,3.000000,4.000000,4.000000,97.000000,97.000000,97.000000,96.000000,96.000000,5.0,28.2731,26.4238,138.0390,139.8883,PENDING_AG03,FALSE,NOT_FOR_ENFORCEMENT,161.3227,825.4891,166.3121,161.3227,4.9894,0.18210227,0.17663920,4.9894,161.3227,0.17663920,4.9894,4.9894,4.9894,6.6525,6.6525,161.3227,0.17663920,28.2731,26.4238,138.0390,139.8883,0.15114489,0.15316976,0.00546307,5.1891,4.8630,0.9504,166.3121,5.5437,913.2894,175.0000,,5.1891,5.1891,5.1891,5.1891,5.1891,5.1891,5.1891,5.1891,-5.1891,1.0,1.0,1.0,28,18,1,2,0E-8,0.18210227,,0E-8,0.000000,0.931818,0.000000,,2026-05-16,2026-05-16,1,30,28,1,1.000000,,,0.000000,,,,,,,,GLOBAL_BASELINE_NO_ENTITY_RANKING,,,NOT_APPLICABLE_GLOBAL_BASELINE,HF9g-P5,,,,X 全窗基线 · 不参与实体赏罚,6872191,688,A168_HF9F_20260827_0900,2026-08-27 09:00:00
2026-05-16,150116390,1710,0,36.3240101707,-10.3782886202,-10.3782886202,0.3333333,7,7,0.49324550000000000,0.493245500000,-0.783477916903833,-0.7834779169038328,-0.783477916903833,0E-17,ELIGIBLE,R03b_20260811_FULL_v1,L1_ELIGIBILITY,v2026-08-11,2026-03-21..2026-08-06,baccarat_bet02_101_all_pairs_incl_sentinel,round_win = game_pnl > 0 (decisive only),COMPATIBILITY_ONLY_NOT_PRODUCTION,913.2894,851.0197,166.3121,176,175,-0.18210227,,-0.18210227,-0.18210227,-166.3121,913.2894,OK,0.0000,4.9894,3.0000,97.0000,AG03-UNRESOLVED,ALL5_LEVELS_bet23_to_bet27,4.9894,4.9894,4.9894,6.6525,6.6525,3.000000,3.000000,3.000000,4.000000,4.000000,97.000000,97.000000,97.000000,96.000000,96.000000,5.0,28.2731,26.4238,138.0390,139.8883,PENDING_AG03,FALSE,NOT_FOR_ENFORCEMENT,161.3227,825.4891,166.3121,161.3227,4.9894,0.18210227,0.17663920,4.9894,161.3227,0.17663920,4.9894,4.9894,4.9894,6.6525,6.6525,161.3227,0.17663920,28.2731,26.4238,138.0390,139.8883,0.15114489,0.15316976,0.00546307,5.1891,4.8630,0.9504,166.3121,5.5437,913.2894,175.0000,,5.1891,5.1891,5.1891,5.1891,5.1891,5.1891,5.1891,5.1891,-5.1891,1.0,1.0,1.0,28,18,1,2,0E-8,0.18210227,,0E-8,0.000000,0.931818,0.000000,,2026-05-16,2026-05-16,1,30,28,1,1.000000,,,0.000000,,,,,,,,GLOBAL_BASELINE_NO_ENTITY_RANKING,,,NOT_APPLICABLE_GLOBAL_BASELINE,HF9g-P5,,,,X 全窗基线 · 不参与实体赏罚,6872192,688,A168_HF9F_20260827_0900,2026-08-27 09:00:00
2026-05-16,150116390,1963,0,36.3240101707,-36.3240101707,-36.3240101707,0E-7,7,7,0.49324550000000000,0.493245500000,-2.610248043574606,-2.6102480435746065,-2.610248043574606,0E-17,ELIGIBLE,R03b_20260811_FULL_v1,L1_ELIGIBILITY,v2026-08-11,2026-03-21..2026-08-06,baccarat_bet02_101_all_pairs_incl_sentinel,round_win = game_pnl > 0 (decisive only),COMPATIBILITY_ONLY_NOT_PRODUCTION,913.2894,851.0197,166.3121,176,175,-0.18210227,,-0.18210227,-0.18210227,-166.3121,913.2894,OK,0.0000,4.9894,3.0000,97.0000,AG03-UNRESOLVED,ALL5_LEVELS_bet23_to_bet27,4.9894,4.9894,4.9894,6.6525,6.6525,3.000000,3.000000,3.000000,4.000000,4.000000,97.000000,97.000000,97.000000,96.000000,96.000000,5.0,28.2731,26.4238,138.0390,139.8883,PENDING_AG03,FALSE,NOT_FOR_ENFORCEMENT,161.3227,825.4891,166.3121,161.3227,4.9894,0.18210227,0.17663920,4.9894,161.3227,0.17663920,4.9894,4.9894,4.9894,6.6525,6.6525,161.3227,0.17663920,28.2731,26.4238,138.0390,139.8883,0.15114489,0.15316976,0.00546307,5.1891,4.8630,0.9504,166.3121,5.5437,913.2894,175.0000,,5.1891,5.1891,5.1891,5.1891,5.1891,5.1891,5.1891,5.1891,-5.1891,1.0,1.0,1.0,28,18,1,2,0E-8,0.18210227,,0E-8,0.000000,0.931818,0.000000,,2026-05-16,2026-05-16,1,30,28,1,1.000000,,,0.000000,,,,,,,,GLOBAL_BASELINE_NO_ENTITY_RANKING,,,NOT_APPLICABLE_GLOBAL_BASELINE,HF9g-P5,,,,X 全窗基线 · 不参与实体赏罚,6872193,688,A168_HF9F_20260827_0900,2026-08-27 09:00:00
2026-05-16,150116390,2130,0,46.7022987909,-5.1891443101,-5.1891443101,0.4444444,9,9,0.49324550000000000,0.493245500000,-0.29283305455567077,-0.29283305455567077,-0.29283305455567077,0E-17,ELIGIBLE,R03b_20260811_FULL_v1,L1_ELIGIBILITY,v2026-08-11,2026-03-21..2026-08-06,baccarat_bet02_101_all_pairs_incl_sentinel,round_win = game_pnl > 0 (decisive only),COMPATIBILITY_ONLY_NOT_PRODUCTION,913.2894,851.0197,166.3121,176,175,-0.18210227,,-0.18210227,-0.18210227,-166.3121,913.2894,OK,0.0000,4.9894,3.0000,97.0000,AG03-UNRESOLVED,ALL5_LEVELS_bet23_to_bet27,4.9894,4.9894,4.9894,6.6525,6.6525,3.000000,3.000000,3.000000,4.000000,4.000000,97.000000,97.000000,97.000000,96.000000,96.000000,5.0,28.2731,26.4238,138.0390,139.8883,PENDING_AG03,FALSE,NOT_FOR_ENFORCEMENT,161.3227,825.4891,166.3121,161.3227,4.9894,0.18210227,0.17663920,4.9894,161.3227,0.17663920,4.9894,4.9894,4.9894,6.6525,6.6525,161.3227,0.17663920,28.2731,26.4238,138.0390,139.8883,0.15114489,0.15316976,0.00546307,5.1891,4.8630,0.9504,166.3121,5.5437,913.2894,175.0000,,5.1891,5.1891,5.1891,5.1891,5.1891,5.1891,5.1891,5.1891,-5.1891,1.0,1.0,1.0,28,18,1,2,0E-8,0.18210227,,0E-8,0.000000,0.931818,0.000000,,2026-05-16,2026-05-16,1,30,28,1,1.000000,,,0.000000,,,,,,,,GLOBAL_BASELINE_NO_ENTITY_RANKING,,,NOT_APPLICABLE_GLOBAL_BASELINE,HF9g-P5,,,,X 全窗基线 · 不参与实体赏罚,6872194,688,A168_HF9F_20260827_0900,2026-08-27 09:00:00
2026-05-16,150116390,2153,0,31.1348658606,5.1891443101,5.1891443101,0.6000000,6,6,0.49324550000000000,0.493245500000,0.47746420675292983,0.47746420675292983,0.47746420675292983,0E-17,ELIGIBLE,R03b_20260811_FULL_v1,L1_ELIGIBILITY,v2026-08-11,2026-03-21..2026-08-06,baccarat_bet02_101_all_pairs_incl_sentinel,round_win = game_pnl > 0 (decisive only),COMPATIBILITY_ONLY_NOT_PRODUCTION,913.2894,851.0197,166.3121,176,175,-0.18210227,,-0.18210227,-0.18210227,-166.3121,913.2894,OK,0.0000,4.9894,3.0000,97.0000,AG03-UNRESOLVED,ALL5_LEVELS_bet23_to_bet27,4.9894,4.9894,4.9894,6.6525,6.6525,3.000000,3.000000,3.000000,4.000000,4.000000,97.000000,97.000000,97.000000,96.000000,96.000000,5.0,28.2731,26.4238,138.0390,139.8883,PENDING_AG03,FALSE,NOT_FOR_ENFORCEMENT,161.3227,825.4891,166.3121,161.3227,4.9894,0.18210227,0.17663920,4.9894,161.3227,0.17663920,4.9894,4.9894,4.9894,6.6525,6.6525,161.3227,0.17663920,28.2731,26.4238,138.0390,139.8883,0.15114489,0.15316976,0.00546307,5.1891,4.8630,0.9504,166.3121,5.5437,913.2894,175.0000,,5.1891,5.1891,5.1891,5.1891,5.1891,5.1891,5.1891,5.1891,-5.1891,1.0,1.0,1.0,28,18,1,2,0E-8,0.18210227,,0E-8,0.000000,0.931818,0.000000,,2026-05-16,2026-05-16,1,30,28,1,1.000000,,,0.000000,,,,,,,,GLOBAL_BASELINE_NO_ENTITY_RANKING,,,NOT_APPLICABLE_GLOBAL_BASELINE,HF9g-P5,,,,X 全窗基线 · 不参与实体赏罚,6872195,688,A168_HF9F_20260827_0900,2026-08-27 09:00:00
2026-05-16,150116390,2169,0,36.3240101707,-10.3782886202,-10.3782886202,0.3333333,7,7,0.49324550000000000,0.493245500000,-0.783477916903833,-0.7834779169038328,-0.783477916903833,0E-17,ELIGIBLE,R03b_20260811_FULL_v1,L1_ELIGIBILITY,v2026-08-11,2026-03-21..2026-08-06,baccarat_bet02_101_all_pairs_incl_sentinel,round_win = game_pnl > 0 (decisive only),COMPATIBILITY_ONLY_NOT_PRODUCTION,913.2894,851.0197,166.3121,176,175,-0.18210227,,-0.18210227,-0.18210227,-166.3121,913.2894,OK,0.0000,4.9894,3.0000,97.0000,AG03-UNRESOLVED,ALL5_LEVELS_bet23_to_bet27,4.9894,4.9894,4.9894,6.6525,6.6525,3.000000,3.000000,3.000000,4.000000,4.000000,97.000000,97.000000,97.000000,96.000000,96.000000,5.0,28.2731,26.4238,138.0390,139.8883,PENDING_AG03,FALSE,NOT_FOR_ENFORCEMENT,161.3227,825.4891,166.3121,161.3227,4.9894,0.18210227,0.17663920,4.9894,161.3227,0.17663920,4.9894,4.9894,4.9894,6.6525,6.6525,161.3227,0.17663920,28.2731,26.4238,138.0390,139.8883,0.15114489,0.15316976,0.00546307,5.1891,4.8630,0.9504,166.3121,5.5437,913.2894,175.0000,,5.1891,5.1891,5.1891,5.1891,5.1891,5.1891,5.1891,5.1891,-5.1891,1.0,1.0,1.0,28,18,1,2,0E-8,0.18210227,,0E-8,0.000000,0.931818,0.000000,,2026-05-16,2026-05-16,1,30,28,1,1.000000,,,0.000000,,,,,,,,GLOBAL_BASELINE_NO_ENTITY_RANKING,,,NOT_APPLICABLE_GLOBAL_BASELINE,HF9g-P5,,,,X 全窗基线 · 不参与实体赏罚,6872196,688,A168_HF9F_20260827_0900,2026-08-27 09:00:00
2026-05-16,150116390,2174,0,36.3240101707,10.3782886202,10.3782886202,0.6666667,7,7,0.49324550000000000,0.493245500000,0.8496642703256836,0.8496642703256835,0.8496642703256836,0E-17,ELIGIBLE,R03b_20260811_FULL_v1,L1_ELIGIBILITY,v2026-08-11,2026-03-21..2026-08-06,baccarat_bet02_101_all_pairs_incl_sentinel,round_win = game_pnl > 0 (decisive only),COMPATIBILITY_ONLY_NOT_PRODUCTION,913.2894,851.0197,166.3121,176,175,-0.18210227,,-0.18210227,-0.18210227,-166.3121,913.2894,OK,0.0000,4.9894,3.0000,97.0000,AG03-UNRESOLVED,ALL5_LEVELS_bet23_to_bet27,4.9894,4.9894,4.9894,6.6525,6.6525,3.000000,3.000000,3.000000,4.000000,4.000000,97.000000,97.000000,97.000000,96.000000,96.000000,5.0,28.2731,26.4238,138.0390,139.8883,PENDING_AG03,FALSE,NOT_FOR_ENFORCEMENT,161.3227,825.4891,166.3121,161.3227,4.9894,0.18210227,0.17663920,4.9894,161.3227,0.17663920,4.9894,4.9894,4.9894,6.6525,6.6525,161.3227,0.17663920,28.2731,26.4238,138.0390,139.8883,0.15114489,0.15316976,0.00546307,5.1891,4.8630,0.9504,166.3121,5.5437,913.2894,175.0000,,5.1891,5.1891,5.1891,5.1891,5.1891,5.1891,5.1891,5.1891,-5.1891,1.0,1.0,1.0,28,18,1,2,0E-8,0.18210227,,0E-8,0.000000,0.931818,0.000000,,2026-05-16,2026-05-16,1,30,28,1,1.000000,,,0.000000,,,,,,,,GLOBAL_BASELINE_NO_ENTITY_RANKING,,,NOT_APPLICABLE_GLOBAL_BASELINE,HF9g-P5,,,,X 全窗基线 · 不参与实体赏罚,6872197,688,A168_HF9F_20260827_0900,2026-08-27 09:00:00
2026-05-16,150116390,2220,0,36.3240101707,-5.1891443101,-5.1891443101,0.4285714,7,7,0.49324550000000000,0.493245500000,-0.3422542494892156,-0.3422542494892157,-0.3422542494892156,0E-17,ELIGIBLE,R03b_20260811_FULL_v1,L1_ELIGIBILITY,v2026-08-11,2026-03-21..2026-08-06,baccarat_bet02_101_all_pairs_incl_sentinel,round_win = game_pnl > 0 (decisive only),COMPATIBILITY_ONLY_NOT_PRODUCTION,913.2894,851.0197,166.3121,176,175,-0.18210227,,-0.18210227,-0.18210227,-166.3121,913.2894,OK,0.0000,4.9894,3.0000,97.0000,AG03-UNRESOLVED,ALL5_LEVELS_bet23_to_bet27,4.9894,4.9894,4.9894,6.6525,6.6525,3.000000,3.000000,3.000000,4.000000,4.000000,97.000000,97.000000,97.000000,96.000000,96.000000,5.0,28.2731,26.4238,138.0390,139.8883,PENDING_AG03,FALSE,NOT_FOR_ENFORCEMENT,161.3227,825.4891,166.3121,161.3227,4.9894,0.18210227,0.17663920,4.9894,161.3227,0.17663920,4.9894,4.9894,4.9894,6.6525,6.6525,161.3227,0.17663920,28.2731,26.4238,138.0390,139.8883,0.15114489,0.15316976,0.00546307,5.1891,4.8630,0.9504,166.3121,5.5437,913.2894,175.0000,,5.1891,5.1891,5.1891,5.1891,5.1891,5.1891,5.1891,5.1891,-5.1891,1.0,1.0,1.0,28,18,1,2,0E-8,0.18210227,,0E-8,0.000000,0.931818,0.000000,,2026-05-16,2026-05-16,1,30,28,1,1.000000,,,0.000000,,,,,,,,GLOBAL_BASELINE_NO_ENTITY_RANKING,,,NOT_APPLICABLE_GLOBAL_BASELINE,HF9g-P5,,,,X 全窗基线 · 不参与实体赏罚,6872198,688,A168_HF9F_20260827_0900,2026-08-27 09:00:00
2026-05-16,150116390,2235,0,41.5131544808,-10.3782886202,-10.3782886202,0.3333333,8,8,0.49324550000000000,0.493245500000,-0.783477916903833,-0.7834779169038328,-0.783477916903833,0E-17,ELIGIBLE,R03b_20260811_FULL_v1,L1_ELIGIBILITY,v2026-08-11,2026-03-21..2026-08-06,baccarat_bet02_101_all_pairs_incl_sentinel,round_win = game_pnl > 0 (decisive only),COMPATIBILITY_ONLY_NOT_PRODUCTION,913.2894,851.0197,166.3121,176,175,-0.18210227,,-0.18210227,-0.18210227,-166.3121,913.2894,OK,0.0000,4.9894,3.0000,97.0000,AG03-UNRESOLVED,ALL5_LEVELS_bet23_to_bet27,4.9894,4.9894,4.9894,6.6525,6.6525,3.000000,3.000000,3.000000,4.000000,4.000000,97.000000,97.000000,97.000000,96.000000,96.000000,5.0,28.2731,26.4238,138.0390,139.8883,PENDING_AG03,FALSE,NOT_FOR_ENFORCEMENT,161.3227,825.4891,166.3121,161.3227,4.9894,0.18210227,0.17663920,4.9894,161.3227,0.17663920,4.9894,4.9894,4.9894,6.6525,6.6525,161.3227,0.17663920,28.2731,26.4238,138.0390,139.8883,0.15114489,0.15316976,0.00546307,5.1891,4.8630,0.9504,166.3121,5.5437,913.2894,175.0000,,5.1891,5.1891,5.1891,5.1891,5.1891,5.1891,5.1891,5.1891,-5.1891,1.0,1.0,1.0,28,18,1,2,0E-8,0.18210227,,0E-8,0.000000,0.931818,0.000000,,2026-05-16,2026-05-16,1,30,28,1,1.000000,,,0.000000,,,,,,,,GLOBAL_BASELINE_NO_ENTITY_RANKING,,,NOT_APPLICABLE_GLOBAL_BASELINE,HF9g-P5,,,,X 全窗基线 · 不参与实体赏罚,6872199,688,A168_HF9F_20260827_0900,2026-08-27 09:00:00
2026-05-16,150116390,2242,0,36.3240101707,-5.1891443101,-5.1891443101,0.4285714,7,7,0.49324550000000000,0.493245500000,-0.3422542494892156,-0.3422542494892157,-0.3422542494892156,0E-17,ELIGIBLE,R03b_20260811_FULL_v1,L1_ELIGIBILITY,v2026-08-11,2026-03-21..2026-08-06,baccarat_bet02_101_all_pairs_incl_sentinel,round_win = game_pnl > 0 (decisive only),COMPATIBILITY_ONLY_NOT_PRODUCTION,913.2894,851.0197,166.3121,176,175,-0.18210227,,-0.18210227,-0.18210227,-166.3121,913.2894,OK,0.0000,4.9894,3.0000,97.0000,AG03-UNRESOLVED,ALL5_LEVELS_bet23_to_bet27,4.9894,4.9894,4.9894,6.6525,6.6525,3.000000,3.000000,3.000000,4.000000,4.000000,97.000000,97.000000,97.000000,96.000000,96.000000,5.0,28.2731,26.4238,138.0390,139.8883,PENDING_AG03,FALSE,NOT_FOR_ENFORCEMENT,161.3227,825.4891,166.3121,161.3227,4.9894,0.18210227,0.17663920,4.9894,161.3227,0.17663920,4.9894,4.9894,4.9894,6.6525,6.6525,161.3227,0.17663920,28.2731,26.4238,138.0390,139.8883,0.15114489,0.15316976,0.00546307,5.1891,4.8630,0.9504,166.3121,5.5437,913.2894,175.0000,,5.1891,5.1891,5.1891,5.1891,5.1891,5.1891,5.1891,5.1891,-5.1891,1.0,1.0,1.0,28,18,1,2,0E-8,0.18210227,,0E-8,0.000000,0.931818,0.000000,,2026-05-16,2026-05-16,1,30,28,1,1.000000,,,0.000000,,,,,,,,GLOBAL_BASELINE_NO_ENTITY_RANKING,,,NOT_APPLICABLE_GLOBAL_BASELINE,HF9g-P5,,,,X 全窗基线 · 不参与实体赏罚,6872200,688,A168_HF9F_20260827_0900,2026-08-27 09:00:00
2026-05-16,150116390,2250,0,15.5674329303,5.1891443101,5.1891443101,0.6666667,3,3,0.49324550000000000,0.493245500000,0.6008033672792107,0.6008033672792106,0.6008033672792107,0E-17,ELIGIBLE,R03b_20260811_FULL_v1,L1_ELIGIBILITY,v2026-08-11,2026-03-21..2026-08-06,baccarat_bet02_101_all_pairs_incl_sentinel,round_win = game_pnl > 0 (decisive only),COMPATIBILITY_ONLY_NOT_PRODUCTION,913.2894,851.0197,166.3121,176,175,-0.18210227,,-0.18210227,-0.18210227,-166.3121,913.2894,OK,0.0000,4.9894,3.0000,97.0000,AG03-UNRESOLVED,ALL5_LEVELS_bet23_to_bet27,4.9894,4.9894,4.9894,6.6525,6.6525,3.000000,3.000000,3.000000,4.000000,4.000000,97.000000,97.000000,97.000000,96.000000,96.000000,5.0,28.2731,26.4238,138.0390,139.8883,PENDING_AG03,FALSE,NOT_FOR_ENFORCEMENT,161.3227,825.4891,166.3121,161.3227,4.9894,0.18210227,0.17663920,4.9894,161.3227,0.17663920,4.9894,4.9894,4.9894,6.6525,6.6525,161.3227,0.17663920,28.2731,26.4238,138.0390,139.8883,0.15114489,0.15316976,0.00546307,5.1891,4.8630,0.9504,166.3121,5.5437,913.2894,175.0000,,5.1891,5.1891,5.1891,5.1891,5.1891,5.1891,5.1891,5.1891,-5.1891,1.0,1.0,1.0,28,18,1,2,0E-8,0.18210227,,0E-8,0.000000,0.931818,0.000000,,2026-05-16,2026-05-16,1,30,28,1,1.000000,,,0.000000,,,,,,,,GLOBAL_BASELINE_NO_ENTITY_RANKING,,,NOT_APPLICABLE_GLOBAL_BASELINE,HF9g-P5,,,,X 全窗基线 · 不参与实体赏罚,6872201,688,A168_HF9F_20260827_0900,2026-08-27 09:00:00
2026-05-16,150116390,2256,0,31.1348658606,0E-10,0E-10,0.5000000,6,6,0.49324550000000000,0.493245500000,0.03309317671092531,0.03309317671092531,0.03309317671092531,0E-17,ELIGIBLE,R03b_20260811_FULL_v1,L1_ELIGIBILITY,v2026-08-11,2026-03-21..2026-08-06,baccarat_bet02_101_all_pairs_incl_sentinel,round_win = game_pnl > 0 (decisive only),COMPATIBILITY_ONLY_NOT_PRODUCTION,913.2894,851.0197,166.3121,176,175,-0.18210227,,-0.18210227,-0.18210227,-166.3121,913.2894,OK,0.0000,4.9894,3.0000,97.0000,AG03-UNRESOLVED,ALL5_LEVELS_bet23_to_bet27,4.9894,4.9894,4.9894,6.6525,6.6525,3.000000,3.000000,3.000000,4.000000,4.000000,97.000000,97.000000,97.000000,96.000000,96.000000,5.0,28.2731,26.4238,138.0390,139.8883,PENDING_AG03,FALSE,NOT_FOR_ENFORCEMENT,161.3227,825.4891,166.3121,161.3227,4.9894,0.18210227,0.17663920,4.9894,161.3227,0.17663920,4.9894,4.9894,4.9894,6.6525,6.6525,161.3227,0.17663920,28.2731,26.4238,138.0390,139.8883,0.15114489,0.15316976,0.00546307,5.1891,4.8630,0.9504,166.3121,5.5437,913.2894,175.0000,,5.1891,5.1891,5.1891,5.1891,5.1891,5.1891,5.1891,5.1891,-5.1891,1.0,1.0,1.0,28,18,1,2,0E-8,0.18210227,,0E-8,0.000000,0.931818,0.000000,,2026-05-16,2026-05-16,1,30,28,1,1.000000,,,0.000000,,,,,,,,GLOBAL_BASELINE_NO_ENTITY_RANKING,,,NOT_APPLICABLE_GLOBAL_BASELINE,HF9g-P5,,,,X 全窗基线 · 不参与实体赏罚,6872202,688,A168_HF9F_20260827_0900,2026-08-27 09:00:00
2026-05-16,150116390,529,0,25.9457215505,-15.5674329303,-15.5674329303,0E-7,5,5,0.49324550000000000,0.493245500000,-1.708808463184432,-1.7088084631844318,-1.708808463184432,0E-17,ELIGIBLE,R03b_20260811_FULL_v1,L1_ELIGIBILITY,v2026-08-11,2026-03-21..2026-08-06,baccarat_bet02_101_all_pairs_incl_sentinel,round_win = game_pnl > 0 (decisive only),COMPATIBILITY_ONLY_NOT_PRODUCTION,913.2894,851.0197,166.3121,176,175,-0.18210227,,-0.18210227,-0.18210227,-166.3121,913.2894,OK,0.0000,4.9894,3.0000,97.0000,AG03-UNRESOLVED,ALL5_LEVELS_bet23_to_bet27,4.9894,4.9894,4.9894,6.6525,6.6525,3.000000,3.000000,3.000000,4.000000,4.000000,97.000000,97.000000,97.000000,96.000000,96.000000,5.0,28.2731,26.4238,138.0390,139.8883,PENDING_AG03,FALSE,NOT_FOR_ENFORCEMENT,161.3227,825.4891,166.3121,161.3227,4.9894,0.18210227,0.17663920,4.9894,161.3227,0.17663920,4.9894,4.9894,4.9894,6.6525,6.6525,161.3227,0.17663920,28.2731,26.4238,138.0390,139.8883,0.15114489,0.15316976,0.00546307,5.1891,4.8630,0.9504,166.3121,5.5437,913.2894,175.0000,,5.1891,5.1891,5.1891,5.1891,5.1891,5.1891,5.1891,5.1891,-5.1891,1.0,1.0,1.0,28,18,1,2,0E-8,0.18210227,,0E-8,0.000000,0.931818,0.000000,,2026-05-16,2026-05-16,1,30,28,1,1.000000,,,0.000000,,,,,,,,GLOBAL_BASELINE_NO_ENTITY_RANKING,,,NOT_APPLICABLE_GLOBAL_BASELINE,HF9g-P5,,,,X 全窗基线 · 不参与实体赏罚,6872203,688,A168_HF9F_20260827_0900,2026-08-27 09:00:00
2026-05-16,150116390,583,0,46.7022987909,-20.7565772404,-20.7565772404,0.2500000,9,9,0.49324550000000000,0.493245500000,-1.376129913168058,-1.376129913168058,-1.376129913168058,0E-17,ELIGIBLE,R03b_20260811_FULL_v1,L1_ELIGIBILITY,v2026-08-11,2026-03-21..2026-08-06,baccarat_bet02_101_all_pairs_incl_sentinel,round_win = game_pnl > 0 (decisive only),COMPATIBILITY_ONLY_NOT_PRODUCTION,913.2894,851.0197,166.3121,176,175,-0.18210227,,-0.18210227,-0.18210227,-166.3121,913.2894,OK,0.0000,4.9894,3.0000,97.0000,AG03-UNRESOLVED,ALL5_LEVELS_bet23_to_bet27,4.9894,4.9894,4.9894,6.6525,6.6525,3.000000,3.000000,3.000000,4.000000,4.000000,97.000000,97.000000,97.000000,96.000000,96.000000,5.0,28.2731,26.4238,138.0390,139.8883,PENDING_AG03,FALSE,NOT_FOR_ENFORCEMENT,161.3227,825.4891,166.3121,161.3227,4.9894,0.18210227,0.17663920,4.9894,161.3227,0.17663920,4.9894,4.9894,4.9894,6.6525,6.6525,161.3227,0.17663920,28.2731,26.4238,138.0390,139.8883,0.15114489,0.15316976,0.00546307,5.1891,4.8630,0.9504,166.3121,5.5437,913.2894,175.0000,,5.1891,5.1891,5.1891,5.1891,5.1891,5.1891,5.1891,5.1891,-5.1891,1.0,1.0,1.0,28,18,1,2,0E-8,0.18210227,,0E-8,0.000000,0.931818,0.000000,,2026-05-16,2026-05-16,1,30,28,1,1.000000,,,0.000000,,,,,,,,GLOBAL_BASELINE_NO_ENTITY_RANKING,,,NOT_APPLICABLE_GLOBAL_BASELINE,HF9g-P5,,,,X 全窗基线 · 不参与实体赏罚,6872204,688,A168_HF9F_20260827_0900,2026-08-27 09:00:00
2026-05-16,150116390,948,0,46.7022987909,0E-10,0E-10,0.5000000,9,9,0.49324550000000000,0.493245500000,0.03821270896478516,0.03821270896478516,0.03821270896478516,0E-17,ELIGIBLE,R03b_20260811_FULL_v1,L1_ELIGIBILITY,v2026-08-11,2026-03-21..2026-08-06,baccarat_bet02_101_all_pairs_incl_sentinel,round_win = game_pnl > 0 (decisive only),COMPATIBILITY_ONLY_NOT_PRODUCTION,913.2894,851.0197,166.3121,176,175,-0.18210227,,-0.18210227,-0.18210227,-166.3121,913.2894,OK,0.0000,4.9894,3.0000,97.0000,AG03-UNRESOLVED,ALL5_LEVELS_bet23_to_bet27,4.9894,4.9894,4.9894,6.6525,6.6525,3.000000,3.000000,3.000000,4.000000,4.000000,97.000000,97.000000,97.000000,96.000000,96.000000,5.0,28.2731,26.4238,138.0390,139.8883,PENDING_AG03,FALSE,NOT_FOR_ENFORCEMENT,161.3227,825.4891,166.3121,161.3227,4.9894,0.18210227,0.17663920,4.9894,161.3227,0.17663920,4.9894,4.9894,4.9894,6.6525,6.6525,161.3227,0.17663920,28.2731,26.4238,138.0390,139.8883,0.15114489,0.15316976,0.00546307,5.1891,4.8630,0.9504,166.3121,5.5437,913.2894,175.0000,,5.1891,5.1891,5.1891,5.1891,5.1891,5.1891,5.1891,5.1891,-5.1891,1.0,1.0,1.0,28,18,1,2,0E-8,0.18210227,,0E-8,0.000000,0.931818,0.000000,,2026-05-16,2026-05-16,1,30,28,1,1.000000,,,0.000000,,,,,,,,GLOBAL_BASELINE_NO_ENTITY_RANKING,,,NOT_APPLICABLE_GLOBAL_BASELINE,HF9g-P5,,,,X 全窗基线 · 不参与实体赏罚,6872205,688,A168_HF9F_20260827_0900,2026-08-27 09:00:00
2026-06-09,121810557,-1,1,48.8595160336,-28.2870882300,-28.2870882300,0.3333333,3,3,0.49771390000000000,0.497713900000,-0.5694369385616226,-0.5694369385616226,-0.5694369385616226,0E-17,SENTINEL_DEALER,R03b_20260811_FULL_v1,L1_ELIGIBILITY,v2026-08-11,2026-03-21..2026-08-06,baccarat_bet02_101_all_pairs_incl_sentinel,round_win = game_pnl > 0 (decisive only),COMPATIBILITY_ONLY_NOT_PRODUCTION,1405.3478,1330.7727,168.0448,52,51,-0.11957526,-1.00000000,0.07856983,-0.11957526,-168.0448,1405.3478,OK,0.0000,6.7218,4.0000,96.0000,AG03-UNRESOLVED,ALL5_LEVELS_bet23_to_bet27,6.7218,6.7218,8.4022,0.0000,0.0000,4.000000,4.000000,5.000000,0.000000,0.000000,96.000000,96.000000,95.000000,100.000000,100.000000,5.0,21.8458,20.9182,146.1990,147.1266,PENDING_AG03,FALSE,NOT_FOR_ENFORCEMENT,161.3230,1277.5418,168.0448,161.3230,6.7218,0.11957526,0.11479225,6.7218,161.3230,0.11479225,6.7218,6.7218,8.4022,0.0000,0.0000,161.3230,0.11479225,21.8458,20.9182,146.1990,147.1266,0.10403048,0.10469053,0.00478301,27.0259,26.0936,3.2950,33.6090,15.2768,281.0696,10.2000,64.5444,23.8994,10.2862,19.2867,38.5733,54.7741,77.1466,130.5863,18.0009,0.0,4.0,6.770813,1.401276,8,11,7,3,0.18371095,0.11957526,1.00000000,0E-8,0.000000,0.946935,0.000000,-1.07856983,2026-06-09,2026-07-28,5,11,11,50,0.100000,2.700675,2.388242,0.612370,,,,,,,,GLOBAL_BASELINE_NO_ENTITY_RANKING,,,NOT_APPLICABLE_GLOBAL_BASELINE,HF9g-P5,,,,X 全窗基线 · 不参与实体赏罚,6872206,688,A168_HF9F_20260827_0900,2026-08-27 09:00:00
2026-06-09,121810557,2123,0,63.0030601487,-63.0030601487,-63.0030601487,0E-7,2,2,0.49994810000000000,0.499948100000,-1.4140667746232096,-1.4140667746232096,-1.4140667746232096,0E-17,ELIGIBLE,R03b_20260811_FULL_v1,L1_ELIGIBILITY,v2026-08-11,2026-03-21..2026-08-06,baccarat_bet02_101_all_pairs_incl_sentinel,round_win = game_pnl > 0 (decisive only),COMPATIBILITY_ONLY_NOT_PRODUCTION,1405.3478,1330.7727,168.0448,52,51,-0.11957526,-1.00000000,0.07856983,-0.11957526,-168.0448,1405.3478,OK,0.0000,6.7218,4.0000,96.0000,AG03-UNRESOLVED,ALL5_LEVELS_bet23_to_bet27,6.7218,6.7218,8.4022,0.0000,0.0000,4.000000,4.000000,5.000000,0.000000,0.000000,96.000000,96.000000,95.000000,100.000000,100.000000,5.0,21.8458,20.9182,146.1990,147.1266,PENDING_AG03,FALSE,NOT_FOR_ENFORCEMENT,161.3230,1277.5418,168.0448,161.3230,6.7218,0.11957526,0.11479225,6.7218,161.3230,0.11479225,6.7218,6.7218,8.4022,0.0000,0.0000,161.3230,0.11479225,21.8458,20.9182,146.1990,147.1266,0.10403048,0.10469053,0.00478301,27.0259,26.0936,3.2950,33.6090,15.2768,281.0696,10.2000,64.5444,23.8994,10.2862,19.2867,38.5733,54.7741,77.1466,130.5863,18.0009,0.0,4.0,6.770813,1.401276,8,11,7,3,0.18371095,0.11957526,1.00000000,0E-8,0.000000,0.946935,0.000000,-1.07856983,2026-06-09,2026-07-28,5,11,11,50,0.100000,2.700675,2.388242,0.612370,,,,,,,,GLOBAL_BASELINE_NO_ENTITY_RANKING,,,NOT_APPLICABLE_GLOBAL_BASELINE,HF9g-P5,,,,X 全窗基线 · 不参与实体赏罚,6872207,688,A168_HF9F_20260827_0900,2026-08-27 09:00:00
2026-06-14,121810557,1115,0,781.7522565379,231.9541234861,231.9541234861,0.6500000,22,22,0.50238540909090909,0.502385409091,1.3203200647681907,1.3203200647673787,1.3203200647681907,-9.091E-14,ELIGIBLE,R03b_20260811_FULL_v1,L1_ELIGIBILITY,v2026-08-11,2026-03-21..2026-08-06,baccarat_bet02_101_all_pairs_incl_sentinel,round_win = game_pnl > 0 (decisive only),COMPATIBILITY_ONLY_NOT_PRODUCTION,1405.3478,1330.7727,168.0448,52,51,-0.11957526,-1.00000000,0.07856983,-0.11957526,-168.0448,1405.3478,OK,0.0000,6.7218,4.0000,96.0000,AG03-UNRESOLVED,ALL5_LEVELS_bet23_to_bet27,6.7218,6.7218,8.4022,0.0000,0.0000,4.000000,4.000000,5.000000,0.000000,0.000000,96.000000,96.000000,95.000000,100.000000,100.000000,5.0,21.8458,20.9182,146.1990,147.1266,PENDING_AG03,FALSE,NOT_FOR_ENFORCEMENT,161.3230,1277.5418,168.0448,161.3230,6.7218,0.11957526,0.11479225,6.7218,161.3230,0.11479225,6.7218,6.7218,8.4022,0.0000,0.0000,161.3230,0.11479225,21.8458,20.9182,146.1990,147.1266,0.10403048,0.10469053,0.00478301,27.0259,26.0936,3.2950,33.6090,15.2768,281.0696,10.2000,64.5444,23.8994,10.2862,19.2867,38.5733,54.7741,77.1466,130.5863,18.0009,0.0,4.0,6.770813,1.401276,8,11,7,3,0.18371095,0.11957526,1.00000000,0E-8,0.000000,0.946935,0.000000,-1.07856983,2026-06-09,2026-07-28,5,11,11,50,0.100000,2.700675,2.388242,0.612370,,,,,,,,GLOBAL_BASELINE_NO_ENTITY_RANKING,,,NOT_APPLICABLE_GLOBAL_BASELINE,HF9g-P5,,,,X 全窗基线 · 不参与实体赏罚,6872208,688,A168_HF9F_20260827_0900,2026-08-27 09:00:00
2026-06-14,121810557,1210,0,10.2862139019,-10.2862139019,-10.2862139019,0E-7,2,2,0.50665070000000000,0.506650700000,-1.4331513700195317,-1.4331513700195317,-1.4331513700195317,0E-17,ELIGIBLE,R03b_20260811_FULL_v1,L1_ELIGIBILITY,v2026-08-11,2026-03-21..2026-08-06,baccarat_bet02_101_all_pairs_incl_sentinel,round_win = game_pnl > 0 (decisive only),COMPATIBILITY_ONLY_NOT_PRODUCTION,1405.3478,1330.7727,168.0448,52,51,-0.11957526,-1.00000000,0.07856983,-0.11957526,-168.0448,1405.3478,OK,0.0000,6.7218,4.0000,96.0000,AG03-UNRESOLVED,ALL5_LEVELS_bet23_to_bet27,6.7218,6.7218,8.4022,0.0000,0.0000,4.000000,4.000000,5.000000,0.000000,0.000000,96.000000,96.000000,95.000000,100.000000,100.000000,5.0,21.8458,20.9182,146.1990,147.1266,PENDING_AG03,FALSE,NOT_FOR_ENFORCEMENT,161.3230,1277.5418,168.0448,161.3230,6.7218,0.11957526,0.11479225,6.7218,161.3230,0.11479225,6.7218,6.7218,8.4022,0.0000,0.0000,161.3230,0.11479225,21.8458,20.9182,146.1990,147.1266,0.10403048,0.10469053,0.00478301,27.0259,26.0936,3.2950,33.6090,15.2768,281.0696,10.2000,64.5444,23.8994,10.2862,19.2867,38.5733,54.7741,77.1466,130.5863,18.0009,0.0,4.0,6.770813,1.401276,8,11,7,3,0.18371095,0.11957526,1.00000000,0E-8,0.000000,0.946935,0.000000,-1.07856983,2026-06-09,2026-07-28,5,11,11,50,0.100000,2.700675,2.388242,0.612370,,,,,,,,GLOBAL_BASELINE_NO_ENTITY_RANKING,,,NOT_APPLICABLE_GLOBAL_BASELINE,HF9g-P5,,,,X 全窗基线 · 不参与实体赏罚,6872209,688,A168_HF9F_20260827_0900,2026-08-27 09:00:00
2026-06-14,121810557,1646,0,20.5724278036,19.5438064135,19.5438064135,1.0000000,1,1,0.50665070000000000,0.506650700000,0.9867858985152569,0.9867858985152569,0.9867858985152569,0E-17,ELIGIBLE,R03b_20260811_FULL_v1,L1_ELIGIBILITY,v2026-08-11,2026-03-21..2026-08-06,baccarat_bet02_101_all_pairs_incl_sentinel,round_win = game_pnl > 0 (decisive only),COMPATIBILITY_ONLY_NOT_PRODUCTION,1405.3478,1330.7727,168.0448,52,51,-0.11957526,-1.00000000,0.07856983,-0.11957526,-168.0448,1405.3478,OK,0.0000,6.7218,4.0000,96.0000,AG03-UNRESOLVED,ALL5_LEVELS_bet23_to_bet27,6.7218,6.7218,8.4022,0.0000,0.0000,4.000000,4.000000,5.000000,0.000000,0.000000,96.000000,96.000000,95.000000,100.000000,100.000000,5.0,21.8458,20.9182,146.1990,147.1266,PENDING_AG03,FALSE,NOT_FOR_ENFORCEMENT,161.3230,1277.5418,168.0448,161.3230,6.7218,0.11957526,0.11479225,6.7218,161.3230,0.11479225,6.7218,6.7218,8.4022,0.0000,0.0000,161.3230,0.11479225,21.8458,20.9182,146.1990,147.1266,0.10403048,0.10469053,0.00478301,27.0259,26.0936,3.2950,33.6090,15.2768,281.0696,10.2000,64.5444,23.8994,10.2862,19.2867,38.5733,54.7741,77.1466,130.5863,18.0009,0.0,4.0,6.770813,1.401276,8,11,7,3,0.18371095,0.11957526,1.00000000,0E-8,0.000000,0.946935,0.000000,-1.07856983,2026-06-09,2026-07-28,5,11,11,50,0.100000,2.700675,2.388242,0.612370,,,,,,,,GLOBAL_BASELINE_NO_ENTITY_RANKING,,,NOT_APPLICABLE_GLOBAL_BASELINE,HF9g-P5,,,,X 全窗基线 · 不参与实体赏罚,6872210,688,A168_HF9F_20260827_0900,2026-08-27 09:00:00
2026-06-14,121810557,2108,0,36.0017486563,35.2302826137,35.2302826137,1.0000000,4,4,0.49994810000000000,0.499948100000,2.0002076107755586,2.0002076107755586,2.0002076107755586,0E-17,ELIGIBLE,R03b_20260811_FULL_v1,L1_ELIGIBILITY,v2026-08-11,2026-03-21..2026-08-06,baccarat_bet02_101_all_pairs_incl_sentinel,round_win = game_pnl > 0 (decisive only),COMPATIBILITY_ONLY_NOT_PRODUCTION,1405.3478,1330.7727,168.0448,52,51,-0.11957526,-1.00000000,0.07856983,-0.11957526,-168.0448,1405.3478,OK,0.0000,6.7218,4.0000,96.0000,AG03-UNRESOLVED,ALL5_LEVELS_bet23_to_bet27,6.7218,6.7218,8.4022,0.0000,0.0000,4.000000,4.000000,5.000000,0.000000,0.000000,96.000000,96.000000,95.000000,100.000000,100.000000,5.0,21.8458,20.9182,146.1990,147.1266,PENDING_AG03,FALSE,NOT_FOR_ENFORCEMENT,161.3230,1277.5418,168.0448,161.3230,6.7218,0.11957526,0.11479225,6.7218,161.3230,0.11479225,6.7218,6.7218,8.4022,0.0000,0.0000,161.3230,0.11479225,21.8458,20.9182,146.1990,147.1266,0.10403048,0.10469053,0.00478301,27.0259,26.0936,3.2950,33.6090,15.2768,281.0696,10.2000,64.5444,23.8994,10.2862,19.2867,38.5733,54.7741,77.1466,130.5863,18.0009,0.0,4.0,6.770813,1.401276,8,11,7,3,0.18371095,0.11957526,1.00000000,0E-8,0.000000,0.946935,0.000000,-1.07856983,2026-06-09,2026-07-28,5,11,11,50,0.100000,2.700675,2.388242,0.612370,,,,,,,,GLOBAL_BASELINE_NO_ENTITY_RANKING,,,NOT_APPLICABLE_GLOBAL_BASELINE,HF9g-P5,,,,X 全窗基线 · 不参与实体赏罚,6872211,688,A168_HF9F_20260827_0900,2026-08-27 09:00:00
2026-06-14,121810557,2212,0,56.5741764600,-56.5741764600,-56.5741764600,0E-7,1,1,0.49324550000000000,0.493245500000,-0.9865810262130424,-0.9865810262130424,-0.9865810262130424,0E-17,ELIGIBLE,R03b_20260811_FULL_v1,L1_ELIGIBILITY,v2026-08-11,2026-03-21..2026-08-06,baccarat_bet02_101_all_pairs_incl_sentinel,round_win = game_pnl > 0 (decisive only),COMPATIBILITY_ONLY_NOT_PRODUCTION,1405.3478,1330.7727,168.0448,52,51,-0.11957526,-1.00000000,0.07856983,-0.11957526,-168.0448,1405.3478,OK,0.0000,6.7218,4.0000,96.0000,AG03-UNRESOLVED,ALL5_LEVELS_bet23_to_bet27,6.7218,6.7218,8.4022,0.0000,0.0000,4.000000,4.000000,5.000000,0.000000,0.000000,96.000000,96.000000,95.000000,100.000000,100.000000,5.0,21.8458,20.9182,146.1990,147.1266,PENDING_AG03,FALSE,NOT_FOR_ENFORCEMENT,161.3230,1277.5418,168.0448,161.3230,6.7218,0.11957526,0.11479225,6.7218,161.3230,0.11479225,6.7218,6.7218,8.4022,0.0000,0.0000,161.3230,0.11479225,21.8458,20.9182,146.1990,147.1266,0.10403048,0.10469053,0.00478301,27.0259,26.0936,3.2950,33.6090,15.2768,281.0696,10.2000,64.5444,23.8994,10.2862,19.2867,38.5733,54.7741,77.1466,130.5863,18.0009,0.0,4.0,6.770813,1.401276,8,11,7,3,0.18371095,0.11957526,1.00000000,0E-8,0.000000,0.946935,0.000000,-1.07856983,2026-06-09,2026-07-28,5,11,11,50,0.100000,2.700675,2.388242,0.612370,,,,,,,,GLOBAL_BASELINE_NO_ENTITY_RANKING,,,NOT_APPLICABLE_GLOBAL_BASELINE,HF9g-P5,,,,X 全窗基线 · 不参与实体赏罚,6872212,688,A168_HF9F_20260827_0900,2026-08-27 09:00:00
2026-06-15,121810557,-1,1,4.8859516034,-4.8859516034,-4.8859516034,0E-7,1,1,0.50665070000000000,0.506650700000,-1.013391052207602,-1.013391052207602,-1.013391052207602,0E-17,SENTINEL_DEALER,R03b_20260811_FULL_v1,L1_ELIGIBILITY,v2026-08-11,2026-03-21..2026-08-06,baccarat_bet02_101_all_pairs_incl_sentinel,round_win = game_pnl > 0 (decisive only),COMPATIBILITY_ONLY_NOT_PRODUCTION,1405.3478,1330.7727,168.0448,52,51,-0.11957526,-1.00000000,0.07856983,-0.11957526,-168.0448,1405.3478,OK,0.0000,6.7218,4.0000,96.0000,AG03-UNRESOLVED,ALL5_LEVELS_bet23_to_bet27,6.7218,6.7218,8.4022,0.0000,0.0000,4.000000,4.000000,5.000000,0.000000,0.000000,96.000000,96.000000,95.000000,100.000000,100.000000,5.0,21.8458,20.9182,146.1990,147.1266,PENDING_AG03,FALSE,NOT_FOR_ENFORCEMENT,161.3230,1277.5418,168.0448,161.3230,6.7218,0.11957526,0.11479225,6.7218,161.3230,0.11479225,6.7218,6.7218,8.4022,0.0000,0.0000,161.3230,0.11479225,21.8458,20.9182,146.1990,147.1266,0.10403048,0.10469053,0.00478301,27.0259,26.0936,3.2950,33.6090,15.2768,281.0696,10.2000,64.5444,23.8994,10.2862,19.2867,38.5733,54.7741,77.1466,130.5863,18.0009,0.0,4.0,6.770813,1.401276,8,11,7,3,0.18371095,0.11957526,1.00000000,0E-8,0.000000,0.946935,0.000000,-1.07856983,2026-06-09,2026-07-28,5,11,11,50,0.100000,2.700675,2.388242,0.612370,,,,,,,,GLOBAL_BASELINE_NO_ENTITY_RANKING,,,NOT_APPLICABLE_GLOBAL_BASELINE,HF9g-P5,,,,X 全窗基线 · 不参与实体赏罚,6872213,688,A168_HF9F_20260827_0900,2026-08-27 09:00:00
2026-06-15,121810557,1318,0,18.0008743282,-18.0008743282,-18.0008743282,0E-7,1,1,0.49324550000000000,0.493245500000,-0.9865810262130424,-0.9865810262130424,-0.9865810262130424,0E-17,ELIGIBLE,R03b_20260811_FULL_v1,L1_ELIGIBILITY,v2026-08-11,2026-03-21..2026-08-06,baccarat_bet02_101_all_pairs_incl_sentinel,round_win = game_pnl > 0 (decisive only),COMPATIBILITY_ONLY_NOT_PRODUCTION,1405.3478,1330.7727,168.0448,52,51,-0.11957526,-1.00000000,0.07856983,-0.11957526,-168.0448,1405.3478,OK,0.0000,6.7218,4.0000,96.0000,AG03-UNRESOLVED,ALL5_LEVELS_bet23_to_bet27,6.7218,6.7218,8.4022,0.0000,0.0000,4.000000,4.000000,5.000000,0.000000,0.000000,96.000000,96.000000,95.000000,100.000000,100.000000,5.0,21.8458,20.9182,146.1990,147.1266,PENDING_AG03,FALSE,NOT_FOR_ENFORCEMENT,161.3230,1277.5418,168.0448,161.3230,6.7218,0.11957526,0.11479225,6.7218,161.3230,0.11479225,6.7218,6.7218,8.4022,0.0000,0.0000,161.3230,0.11479225,21.8458,20.9182,146.1990,147.1266,0.10403048,0.10469053,0.00478301,27.0259,26.0936,3.2950,33.6090,15.2768,281.0696,10.2000,64.5444,23.8994,10.2862,19.2867,38.5733,54.7741,77.1466,130.5863,18.0009,0.0,4.0,6.770813,1.401276,8,11,7,3,0.18371095,0.11957526,1.00000000,0E-8,0.000000,0.946935,0.000000,-1.07856983,2026-06-09,2026-07-28,5,11,11,50,0.100000,2.700675,2.388242,0.612370,,,,,,,,GLOBAL_BASELINE_NO_ENTITY_RANKING,,,NOT_APPLICABLE_GLOBAL_BASELINE,HF9g-P5,,,,X 全窗基线 · 不参与实体赏罚,6872214,688,A168_HF9F_20260827_0900,2026-08-27 09:00:00
2026-06-15,121810557,526,0,14.6578548101,-4.8859516033,-4.8859516033,0.5000000,2,2,0.49994810000000000,0.499948100000,0.00014679536856514622,0.00014679536856514622,0.00014679536856514622,0E-17,ELIGIBLE,R03b_20260811_FULL_v1,L1_ELIGIBILITY,v2026-08-11,2026-03-21..2026-08-06,baccarat_bet02_101_all_pairs_incl_sentinel,round_win = game_pnl > 0 (decisive only),COMPATIBILITY_ONLY_NOT_PRODUCTION,1405.3478,1330.7727,168.0448,52,51,-0.11957526,-1.00000000,0.07856983,-0.11957526,-168.0448,1405.3478,OK,0.0000,6.7218,4.0000,96.0000,AG03-UNRESOLVED,ALL5_LEVELS_bet23_to_bet27,6.7218,6.7218,8.4022,0.0000,0.0000,4.000000,4.000000,5.000000,0.000000,0.000000,96.000000,96.000000,95.000000,100.000000,100.000000,5.0,21.8458,20.9182,146.1990,147.1266,PENDING_AG03,FALSE,NOT_FOR_ENFORCEMENT,161.3230,1277.5418,168.0448,161.3230,6.7218,0.11957526,0.11479225,6.7218,161.3230,0.11479225,6.7218,6.7218,8.4022,0.0000,0.0000,161.3230,0.11479225,21.8458,20.9182,146.1990,147.1266,0.10403048,0.10469053,0.00478301,27.0259,26.0936,3.2950,33.6090,15.2768,281.0696,10.2000,64.5444,23.8994,10.2862,19.2867,38.5733,54.7741,77.1466,130.5863,18.0009,0.0,4.0,6.770813,1.401276,8,11,7,3,0.18371095,0.11957526,1.00000000,0E-8,0.000000,0.946935,0.000000,-1.07856983,2026-06-09,2026-07-28,5,11,11,50,0.100000,2.700675,2.388242,0.612370,,,,,,,,GLOBAL_BASELINE_NO_ENTITY_RANKING,,,NOT_APPLICABLE_GLOBAL_BASELINE,HF9g-P5,,,,X 全窗基线 · 不参与实体赏罚,6872215,688,A168_HF9F_20260827_0900,2026-08-27 09:00:00
2026-06-20,121810557,2170,0,92.5759251165,-10.6719469232,-10.6719469232,0.5555556,9,9,0.49771390000000000,0.497713900000,0.34705356093186585,0.34705356093186585,0.34705356093186585,0E-17,ELIGIBLE,R03b_20260811_FULL_v1,L1_ELIGIBILITY,v2026-08-11,2026-03-21..2026-08-06,baccarat_bet02_101_all_pairs_incl_sentinel,round_win = game_pnl > 0 (decisive only),COMPATIBILITY_ONLY_NOT_PRODUCTION,1405.3478,1330.7727,168.0448,52,51,-0.11957526,-1.00000000,0.07856983,-0.11957526,-168.0448,1405.3478,OK,0.0000,6.7218,4.0000,96.0000,AG03-UNRESOLVED,ALL5_LEVELS_bet23_to_bet27,6.7218,6.7218,8.4022,0.0000,0.0000,4.000000,4.000000,5.000000,0.000000,0.000000,96.000000,96.000000,95.000000,100.000000,100.000000,5.0,21.8458,20.9182,146.1990,147.1266,PENDING_AG03,FALSE,NOT_FOR_ENFORCEMENT,161.3230,1277.5418,168.0448,161.3230,6.7218,0.11957526,0.11479225,6.7218,161.3230,0.11479225,6.7218,6.7218,8.4022,0.0000,0.0000,161.3230,0.11479225,21.8458,20.9182,146.1990,147.1266,0.10403048,0.10469053,0.00478301,27.0259,26.0936,3.2950,33.6090,15.2768,281.0696,10.2000,64.5444,23.8994,10.2862,19.2867,38.5733,54.7741,77.1466,130.5863,18.0009,0.0,4.0,6.770813,1.401276,8,11,7,3,0.18371095,0.11957526,1.00000000,0E-8,0.000000,0.946935,0.000000,-1.07856983,2026-06-09,2026-07-28,5,11,11,50,0.100000,2.700675,2.388242,0.612370,,,,,,,,GLOBAL_BASELINE_NO_ENTITY_RANKING,,,NOT_APPLICABLE_GLOBAL_BASELINE,HF9g-P5,,,,X 全窗基线 · 不参与实体赏罚,6872216,688,A168_HF9F_20260827_0900,2026-08-27 09:00:00
2026-07-28,121810557,1396,0,258.1777812201,-258.1777812201,-258.1777812201,0E-7,4,3,0.46879825789473684,0.429039250000,-1.627136085231742,-1.501433192342098,-1.627136085231742,0.03975900789473684,ELIGIBLE,R03b_20260811_FULL_v1,L1_ELIGIBILITY,v2026-08-11,2026-03-21..2026-08-06,baccarat_bet02_101_all_pairs_incl_sentinel,round_win = game_pnl > 0 (decisive only),COMPATIBILITY_ONLY_NOT_PRODUCTION,1405.3478,1330.7727,168.0448,52,51,-0.11957526,-1.00000000,0.07856983,-0.11957526,-168.0448,1405.3478,OK,0.0000,6.7218,4.0000,96.0000,AG03-UNRESOLVED,ALL5_LEVELS_bet23_to_bet27,6.7218,6.7218,8.4022,0.0000,0.0000,4.000000,4.000000,5.000000,0.000000,0.000000,96.000000,96.000000,95.000000,100.000000,100.000000,5.0,21.8458,20.9182,146.1990,147.1266,PENDING_AG03,FALSE,NOT_FOR_ENFORCEMENT,161.3230,1277.5418,168.0448,161.3230,6.7218,0.11957526,0.11479225,6.7218,161.3230,0.11479225,6.7218,6.7218,8.4022,0.0000,0.0000,161.3230,0.11479225,21.8458,20.9182,146.1990,147.1266,0.10403048,0.10469053,0.00478301,27.0259,26.0936,3.2950,33.6090,15.2768,281.0696,10.2000,64.5444,23.8994,10.2862,19.2867,38.5733,54.7741,77.1466,130.5863,18.0009,0.0,4.0,6.770813,1.401276,8,11,7,3,0.18371095,0.11957526,1.00000000,0E-8,0.000000,0.946935,0.000000,-1.07856983,2026-06-09,2026-07-28,5,11,11,50,0.100000,2.700675,2.388242,0.612370,,,,,,,,GLOBAL_BASELINE_NO_ENTITY_RANKING,,,NOT_APPLICABLE_GLOBAL_BASELINE,HF9g-P5,,,,X 全窗基线 · 不参与实体赏罚,6872217,688,A168_HF9F_20260827_0900,2026-08-27 09:00:00
2026-03-22,147664539,1383,0,149.0007923232,-94.0663790826,-92.7253719518,0.3333333,3,3,0.50218230000000000,0.502182300000,-0.5849155494134425,-0.5849155494134426,-0.5849155494134425,0E-17,ELIGIBLE,R03b_20260811_FULL_v1,L1_ELIGIBILITY,v2026-08-11,2026-03-21..2026-08-06,baccarat_bet02_101_all_pairs_incl_sentinel,round_win = game_pnl > 0 (decisive only),COMPATIBILITY_ONLY_NOT_PRODUCTION,871.2827,780.6286,177.2100,12,12,-0.20338979,,-0.20338979,-0.21145337,-177.2100,871.2827,THIN_EXPOSURE,7.0257,8.8605,5.0000,95.0000,AG03-UNRESOLVED,ALL5_LEVELS_bet23_to_bet27,8.8605,8.8605,8.8605,8.8605,8.8605,5.000000,5.000000,5.000000,5.000000,5.000000,95.000000,95.000000,95.000000,95.000000,95.000000,5.0,44.3025,40.0883,125.8819,130.0961,PENDING_AG03,FALSE,NOT_FOR_ENFORCEMENT,168.3495,741.5971,170.1844,161.3239,1.8348,0.19532621,0.18515672,8.8605,161.3239,0.18515672,8.8605,8.8605,8.8605,8.8605,8.8605,161.3239,0.18515672,44.3025,40.0883,125.8819,130.0961,0.14447876,0.14931556,0.00210591,72.6069,65.0524,14.7675,88.6050,22.1513,435.6414,6.0000,,72.6069,52.3838,82.7483,87.4918,98.6233,104.4421,105.4118,73.597,-27.1546,1.262166,1.273885,0.877443,8,9,2,2,0E-8,0.20338979,,0.00900000,0.900000,0.895953,0.000000,,2026-03-22,2026-04-15,2,8,8,25,0.080000,,,0.000000,,,,,,,,GLOBAL_BASELINE_NO_ENTITY_RANKING,,,NOT_APPLICABLE_GLOBAL_BASELINE,HF9g-P5,,,,X 全窗基线 · 不参与实体赏罚,6872218,688,A168_HF9F_20260827_0900,2026-08-27 09:00:00
2026-04-15,147664539,1004,0,49.9652140915,49.9652140915,50.4149010183,1.0000000,1,1,0.49324550000000000,0.493245500000,1.01360149184955,1.01360149184955,1.01360149184955,0E-17,ELIGIBLE,R03b_20260811_FULL_v1,L1_ELIGIBILITY,v2026-08-11,2026-03-21..2026-08-06,baccarat_bet02_101_all_pairs_incl_sentinel,round_win = game_pnl > 0 (decisive only),COMPATIBILITY_ONLY_NOT_PRODUCTION,871.2827,780.6286,177.2100,12,12,-0.20338979,,-0.20338979,-0.21145337,-177.2100,871.2827,THIN_EXPOSURE,7.0257,8.8605,5.0000,95.0000,AG03-UNRESOLVED,ALL5_LEVELS_bet23_to_bet27,8.8605,8.8605,8.8605,8.8605,8.8605,5.000000,5.000000,5.000000,5.000000,5.000000,95.000000,95.000000,95.000000,95.000000,95.000000,5.0,44.3025,40.0883,125.8819,130.0961,PENDING_AG03,FALSE,NOT_FOR_ENFORCEMENT,168.3495,741.5971,170.1844,161.3239,1.8348,0.19532621,0.18515672,8.8605,161.3239,0.18515672,8.8605,8.8605,8.8605,8.8605,8.8605,161.3239,0.18515672,44.3025,40.0883,125.8819,130.0961,0.14447876,0.14931556,0.00210591,72.6069,65.0524,14.7675,88.6050,22.1513,435.6414,6.0000,,72.6069,52.3838,82.7483,87.4918,98.6233,104.4421,105.4118,73.597,-27.1546,1.262166,1.273885,0.877443,8,9,2,2,0E-8,0.20338979,,0.00900000,0.900000,0.895953,0.000000,,2026-03-22,2026-04-15,2,8,8,25,0.080000,,,0.000000,,,,,,,,GLOBAL_BASELINE_NO_ENTITY_RANKING,,,NOT_APPLICABLE_GLOBAL_BASELINE,HF9g-P5,,,,X 全窗基线 · 不参与实体赏罚,6872219,688,A168_HF9F_20260827_0900,2026-08-27 09:00:00
2026-04-15,147664539,1942,0,84.3294752598,-84.3294752598,-83.5705099825,0E-7,1,1,0.49324550000000000,0.493245500000,-0.9865810262130424,-0.9865810262130424,-0.9865810262130424,0E-17,ELIGIBLE,R03b_20260811_FULL_v1,L1_ELIGIBILITY,v2026-08-11,2026-03-21..2026-08-06,baccarat_bet02_101_all_pairs_incl_sentinel,round_win = game_pnl > 0 (decisive only),COMPATIBILITY_ONLY_NOT_PRODUCTION,871.2827,780.6286,177.2100,12,12,-0.20338979,,-0.20338979,-0.21145337,-177.2100,871.2827,THIN_EXPOSURE,7.0257,8.8605,5.0000,95.0000,AG03-UNRESOLVED,ALL5_LEVELS_bet23_to_bet27,8.8605,8.8605,8.8605,8.8605,8.8605,5.000000,5.000000,5.000000,5.000000,5.000000,95.000000,95.000000,95.000000,95.000000,95.000000,5.0,44.3025,40.0883,125.8819,130.0961,PENDING_AG03,FALSE,NOT_FOR_ENFORCEMENT,168.3495,741.5971,170.1844,161.3239,1.8348,0.19532621,0.18515672,8.8605,161.3239,0.18515672,8.8605,8.8605,8.8605,8.8605,8.8605,161.3239,0.18515672,44.3025,40.0883,125.8819,130.0961,0.14447876,0.14931556,0.00210591,72.6069,65.0524,14.7675,88.6050,22.1513,435.6414,6.0000,,72.6069,52.3838,82.7483,87.4918,98.6233,104.4421,105.4118,73.597,-27.1546,1.262166,1.273885,0.877443,8,9,2,2,0E-8,0.20338979,,0.00900000,0.900000,0.895953,0.000000,,2026-03-22,2026-04-15,2,8,8,25,0.080000,,,0.000000,,,,,,,,GLOBAL_BASELINE_NO_ENTITY_RANKING,,,NOT_APPLICABLE_GLOBAL_BASELINE,HF9g-P5,,,,X 全窗基线 · 不参与实体赏罚,6872220,688,A168_HF9F_20260827_0900,2026-08-27 09:00:00
2026-04-15,147664539,2088,0,81.1671199376,-81.1671199376,-80.4366158582,0E-7,1,1,0.50665070000000000,0.506650700000,-1.013391052207602,-1.013391052207602,-1.013391052207602,0E-17,ELIGIBLE,R03b_20260811_FULL_v1,L1_ELIGIBILITY,v2026-08-11,2026-03-21..2026-08-06,baccarat_bet02_101_all_pairs_incl_sentinel,round_win = game_pnl > 0 (decisive only),COMPATIBILITY_ONLY_NOT_PRODUCTION,871.2827,780.6286,177.2100,12,12,-0.20338979,,-0.20338979,-0.21145337,-177.2100,871.2827,THIN_EXPOSURE,7.0257,8.8605,5.0000,95.0000,AG03-UNRESOLVED,ALL5_LEVELS_bet23_to_bet27,8.8605,8.8605,8.8605,8.8605,8.8605,5.000000,5.000000,5.000000,5.000000,5.000000,95.000000,95.000000,95.000000,95.000000,95.000000,5.0,44.3025,40.0883,125.8819,130.0961,PENDING_AG03,FALSE,NOT_FOR_ENFORCEMENT,168.3495,741.5971,170.1844,161.3239,1.8348,0.19532621,0.18515672,8.8605,161.3239,0.18515672,8.8605,8.8605,8.8605,8.8605,8.8605,161.3239,0.18515672,44.3025,40.0883,125.8819,130.0961,0.14447876,0.14931556,0.00210591,72.6069,65.0524,14.7675,88.6050,22.1513,435.6414,6.0000,,72.6069,52.3838,82.7483,87.4918,98.6233,104.4421,105.4118,73.597,-27.1546,1.262166,1.273885,0.877443,8,9,2,2,0E-8,0.20338979,,0.00900000,0.900000,0.895953,0.000000,,2026-03-22,2026-04-15,2,8,8,25,0.080000,,,0.000000,,,,,,,,GLOBAL_BASELINE_NO_ENTITY_RANKING,,,NOT_APPLICABLE_GLOBAL_BASELINE,HF9g-P5,,,,X 全窗基线 · 不参与实体赏罚,6872221,688,A168_HF9F_20260827_0900,2026-08-27 09:00:00
2026-04-15,147664539,2108,0,84.3294752598,80.1130014968,80.8719667742,1.0000000,1,1,0.50665070000000000,0.506650700000,0.9867858985152569,0.9867858985152569,0.9867858985152569,0E-17,ELIGIBLE,R03b_20260811_FULL_v1,L1_ELIGIBILITY,v2026-08-11,2026-03-21..2026-08-06,baccarat_bet02_101_all_pairs_incl_sentinel,round_win = game_pnl > 0 (decisive only),COMPATIBILITY_ONLY_NOT_PRODUCTION,871.2827,780.6286,177.2100,12,12,-0.20338979,,-0.20338979,-0.21145337,-177.2100,871.2827,THIN_EXPOSURE,7.0257,8.8605,5.0000,95.0000,AG03-UNRESOLVED,ALL5_LEVELS_bet23_to_bet27,8.8605,8.8605,8.8605,8.8605,8.8605,5.000000,5.000000,5.000000,5.000000,5.000000,95.000000,95.000000,95.000000,95.000000,95.000000,5.0,44.3025,40.0883,125.8819,130.0961,PENDING_AG03,FALSE,NOT_FOR_ENFORCEMENT,168.3495,741.5971,170.1844,161.3239,1.8348,0.19532621,0.18515672,8.8605,161.3239,0.18515672,8.8605,8.8605,8.8605,8.8605,8.8605,161.3239,0.18515672,44.3025,40.0883,125.8819,130.0961,0.14447876,0.14931556,0.00210591,72.6069,65.0524,14.7675,88.6050,22.1513,435.6414,6.0000,,72.6069,52.3838,82.7483,87.4918,98.6233,104.4421,105.4118,73.597,-27.1546,1.262166,1.273885,0.877443,8,9,2,2,0E-8,0.20338979,,0.00900000,0.900000,0.895953,0.000000,,2026-03-22,2026-04-15,2,8,8,25,0.080000,,,0.000000,,,,,,,,GLOBAL_BASELINE_NO_ENTITY_RANKING,,,NOT_APPLICABLE_GLOBAL_BASELINE,HF9g-P5,,,,X 全窗基线 · 不参与实体赏罚,6872222,688,A168_HF9F_20260827_0900,2026-08-27 09:00:00
2026-04-15,147664539,2147,0,201.1257984947,-14.4835873759,-12.6734551894,0.5000000,2,2,0.49994810000000000,0.499948100000,0.00014679536856514622,0.00014679536856514622,0.00014679536856514622,0E-17,ELIGIBLE,R03b_20260811_FULL_v1,L1_ELIGIBILITY,v2026-08-11,2026-03-21..2026-08-06,baccarat_bet02_101_all_pairs_incl_sentinel,round_win = game_pnl > 0 (decisive only),COMPATIBILITY_ONLY_NOT_PRODUCTION,871.2827,780.6286,177.2100,12,12,-0.20338979,,-0.20338979,-0.21145337,-177.2100,871.2827,THIN_EXPOSURE,7.0257,8.8605,5.0000,95.0000,AG03-UNRESOLVED,ALL5_LEVELS_bet23_to_bet27,8.8605,8.8605,8.8605,8.8605,8.8605,5.000000,5.000000,5.000000,5.000000,5.000000,95.000000,95.000000,95.000000,95.000000,95.000000,5.0,44.3025,40.0883,125.8819,130.0961,PENDING_AG03,FALSE,NOT_FOR_ENFORCEMENT,168.3495,741.5971,170.1844,161.3239,1.8348,0.19532621,0.18515672,8.8605,161.3239,0.18515672,8.8605,8.8605,8.8605,8.8605,8.8605,161.3239,0.18515672,44.3025,40.0883,125.8819,130.0961,0.14447876,0.14931556,0.00210591,72.6069,65.0524,14.7675,88.6050,22.1513,435.6414,6.0000,,72.6069,52.3838,82.7483,87.4918,98.6233,104.4421,105.4118,73.597,-27.1546,1.262166,1.273885,0.877443,8,9,2,2,0E-8,0.20338979,,0.00900000,0.900000,0.895953,0.000000,,2026-03-22,2026-04-15,2,8,8,25,0.080000,,,0.000000,,,,,,,,GLOBAL_BASELINE_NO_ENTITY_RANKING,,,NOT_APPLICABLE_GLOBAL_BASELINE,HF9g-P5,,,,X 全窗基线 · 不参与实体赏罚,6872223,688,A168_HF9F_20260827_0900,2026-08-27 09:00:00
2026-04-15,147664539,2152,0,90.6541859043,0E-10,0E-10,,1,1,0.49324550000000000,0.493245500000,,,,0E-17,NO_DECISIVE_ROUND,R03b_20260811_FULL_v1,L1_ELIGIBILITY,v2026-08-11,2026-03-21..2026-08-06,baccarat_bet02_101_all_pairs_incl_sentinel,round_win = game_pnl > 0 (decisive only),COMPATIBILITY_ONLY_NOT_PRODUCTION,871.2827,780.6286,177.2100,12,12,-0.20338979,,-0.20338979,-0.21145337,-177.2100,871.2827,THIN_EXPOSURE,7.0257,8.8605,5.0000,95.0000,AG03-UNRESOLVED,ALL5_LEVELS_bet23_to_bet27,8.8605,8.8605,8.8605,8.8605,8.8605,5.000000,5.000000,5.000000,5.000000,5.000000,95.000000,95.000000,95.000000,95.000000,95.000000,5.0,44.3025,40.0883,125.8819,130.0961,PENDING_AG03,FALSE,NOT_FOR_ENFORCEMENT,168.3495,741.5971,170.1844,161.3239,1.8348,0.19532621,0.18515672,8.8605,161.3239,0.18515672,8.8605,8.8605,8.8605,8.8605,8.8605,161.3239,0.18515672,44.3025,40.0883,125.8819,130.0961,0.14447876,0.14931556,0.00210591,72.6069,65.0524,14.7675,88.6050,22.1513,435.6414,6.0000,,72.6069,52.3838,82.7483,87.4918,98.6233,104.4421,105.4118,73.597,-27.1546,1.262166,1.273885,0.877443,8,9,2,2,0E-8,0.20338979,,0.00900000,0.900000,0.895953,0.000000,,2026-03-22,2026-04-15,2,8,8,25,0.080000,,,0.000000,,,,,,,,GLOBAL_BASELINE_NO_ENTITY_RANKING,,,NOT_APPLICABLE_GLOBAL_BASELINE,HF9g-P5,,,,X 全窗基线 · 不参与实体赏罚,6872224,688,A168_HF9F_20260827_0900,2026-08-27 09:00:00
2026-04-15,147664539,2220,0,46.3812113929,44.0621508233,44.4795817258,1.0000000,1,1,0.50665070000000000,0.506650700000,0.9867858985152569,0.9867858985152569,0.9867858985152569,0E-17,ELIGIBLE,R03b_20260811_FULL_v1,L1_ELIGIBILITY,v2026-08-11,2026-03-21..2026-08-06,baccarat_bet02_101_all_pairs_incl_sentinel,round_win = game_pnl > 0 (decisive only),COMPATIBILITY_ONLY_NOT_PRODUCTION,871.2827,780.6286,177.2100,12,12,-0.20338979,,-0.20338979,-0.21145337,-177.2100,871.2827,THIN_EXPOSURE,7.0257,8.8605,5.0000,95.0000,AG03-UNRESOLVED,ALL5_LEVELS_bet23_to_bet27,8.8605,8.8605,8.8605,8.8605,8.8605,5.000000,5.000000,5.000000,5.000000,5.000000,95.000000,95.000000,95.000000,95.000000,95.000000,5.0,44.3025,40.0883,125.8819,130.0961,PENDING_AG03,FALSE,NOT_FOR_ENFORCEMENT,168.3495,741.5971,170.1844,161.3239,1.8348,0.19532621,0.18515672,8.8605,161.3239,0.18515672,8.8605,8.8605,8.8605,8.8605,8.8605,161.3239,0.18515672,44.3025,40.0883,125.8819,130.0961,0.14447876,0.14931556,0.00210591,72.6069,65.0524,14.7675,88.6050,22.1513,435.6414,6.0000,,72.6069,52.3838,82.7483,87.4918,98.6233,104.4421,105.4118,73.597,-27.1546,1.262166,1.273885,0.877443,8,9,2,2,0E-8,0.20338979,,0.00900000,0.900000,0.895953,0.000000,,2026-03-22,2026-04-15,2,8,8,25,0.080000,,,0.000000,,,,,,,,GLOBAL_BASELINE_NO_ENTITY_RANKING,,,NOT_APPLICABLE_GLOBAL_BASELINE,HF9g-P5,,,,X 全窗基线 · 不参与实体赏罚,6872225,688,A168_HF9F_20260827_0900,2026-08-27 09:00:00
2026-04-15,147664539,2258,0,84.3294752598,-84.3294752598,-83.5705099825,0E-7,1,1,0.49324550000000000,0.493245500000,-0.9865810262130424,-0.9865810262130424,-0.9865810262130424,0E-17,ELIGIBLE,R03b_20260811_FULL_v1,L1_ELIGIBILITY,v2026-08-11,2026-03-21..2026-08-06,baccarat_bet02_101_all_pairs_incl_sentinel,round_win = game_pnl > 0 (decisive only),COMPATIBILITY_ONLY_NOT_PRODUCTION,871.2827,780.6286,177.2100,12,12,-0.20338979,,-0.20338979,-0.21145337,-177.2100,871.2827,THIN_EXPOSURE,7.0257,8.8605,5.0000,95.0000,AG03-UNRESOLVED,ALL5_LEVELS_bet23_to_bet27,8.8605,8.8605,8.8605,8.8605,8.8605,5.000000,5.000000,5.000000,5.000000,5.000000,95.000000,95.000000,95.000000,95.000000,95.000000,5.0,44.3025,40.0883,125.8819,130.0961,PENDING_AG03,FALSE,NOT_FOR_ENFORCEMENT,168.3495,741.5971,170.1844,161.3239,1.8348,0.19532621,0.18515672,8.8605,161.3239,0.18515672,8.8605,8.8605,8.8605,8.8605,8.8605,161.3239,0.18515672,44.3025,40.0883,125.8819,130.0961,0.14447876,0.14931556,0.00210591,72.6069,65.0524,14.7675,88.6050,22.1513,435.6414,6.0000,,72.6069,52.3838,82.7483,87.4918,98.6233,104.4421,105.4118,73.597,-27.1546,1.262166,1.273885,0.877443,8,9,2,2,0E-8,0.20338979,,0.00900000,0.900000,0.895953,0.000000,,2026-03-22,2026-04-15,2,8,8,25,0.080000,,,0.000000,,,,,,,,GLOBAL_BASELINE_NO_ENTITY_RANKING,,,NOT_APPLICABLE_GLOBAL_BASELINE,HF9g-P5,,,,X 全窗基线 · 不参与实体赏罚,6872226,688,A168_HF9F_20260827_0900,2026-08-27 09:00:00
2026-04-17,148207008,1957,0,1030.9167295055,47.3984703219,47.3984703219,0.5454545,12,12,0.50218230000000000,0.502182300000,0.28703833803267215,0.28703833803267215,0.28703833803267215,0E-17,ELIGIBLE,R03b_20260811_FULL_v1,L1_ELIGIBILITY,v2026-08-11,2026-03-21..2026-08-06,baccarat_bet02_101_all_pairs_incl_sentinel,round_win = game_pnl > 0 (decisive only),COMPATIBILITY_ONLY_NOT_PRODUCTION,1354.0881,1138.6405,168.0491,16,16,-0.12410501,,-0.12410501,-0.12410501,-168.0491,1354.0881,THIN_EXPOSURE,0.0000,6.7220,4.0000,96.0000,AG03-UNRESOLVED,ALL5_LEVELS_bet23_to_bet27,6.7220,6.7220,8.4025,9.2427,9.2427,4.000000,4.000000,5.000000,5.500000,5.500000,96.000000,96.000000,95.000000,94.500000,94.500000,5.0,40.3318,36.658,127.7173,131.3911,PENDING_AG03,FALSE,NOT_FOR_ENFORCEMENT,161.3272,1093.0949,168.0491,161.3272,6.7220,0.12410501,0.11914081,6.7220,161.3272,0.11914081,6.7220,6.7220,8.4025,9.2427,9.2427,161.3272,0.11914081,40.3318,36.658,127.7173,131.3911,0.09431981,0.0970329,0.00496420,84.6305,71.1650,10.5031,168.0491,84.0246,1354.0881,16.0000,,84.6305,64.6343,84.5632,107.7238,107.7238,107.7238,107.7238,64.6343,-21.5448,1.273885,1.273885,1.000796,2,2,1,2,0E-8,0.12410501,,0E-8,0.000000,0.840891,0.000000,,2026-04-17,2026-04-17,1,2,2,1,1.000000,,,0.000000,,,,,,,,GLOBAL_BASELINE_NO_ENTITY_RANKING,,,NOT_APPLICABLE_GLOBAL_BASELINE,HF9g-P5,,,,X 全窗基线 · 不参与实体赏罚,6872227,688,A168_HF9F_20260827_0900,2026-08-27 09:00:00
2026-04-17,148207008,2084,0,323.1713885597,-215.4475923731,-215.4475923731,0E-7,4,4,0.50665070000000000,0.506650700000,-1.7552447903592512,-1.7552447903592512,-1.7552447903592512,0E-17,ELIGIBLE,R03b_20260811_FULL_v1,L1_ELIGIBILITY,v2026-08-11,2026-03-21..2026-08-06,baccarat_bet02_101_all_pairs_incl_sentinel,round_win = game_pnl > 0 (decisive only),COMPATIBILITY_ONLY_NOT_PRODUCTION,1354.0881,1138.6405,168.0491,16,16,-0.12410501,,-0.12410501,-0.12410501,-168.0491,1354.0881,THIN_EXPOSURE,0.0000,6.7220,4.0000,96.0000,AG03-UNRESOLVED,ALL5_LEVELS_bet23_to_bet27,6.7220,6.7220,8.4025,9.2427,9.2427,4.000000,4.000000,5.000000,5.500000,5.500000,96.000000,96.000000,95.000000,94.500000,94.500000,5.0,40.3318,36.658,127.7173,131.3911,PENDING_AG03,FALSE,NOT_FOR_ENFORCEMENT,161.3272,1093.0949,168.0491,161.3272,6.7220,0.12410501,0.11914081,6.7220,161.3272,0.11914081,6.7220,6.7220,8.4025,9.2427,9.2427,161.3272,0.11914081,40.3318,36.658,127.7173,131.3911,0.09431981,0.0970329,0.00496420,84.6305,71.1650,10.5031,168.0491,84.0246,1354.0881,16.0000,,84.6305,64.6343,84.5632,107.7238,107.7238,107.7238,107.7238,64.6343,-21.5448,1.273885,1.273885,1.000796,2,2,1,2,0E-8,0.12410501,,0E-8,0.000000,0.840891,0.000000,,2026-04-17,2026-04-17,1,2,2,1,1.000000,,,0.000000,,,,,,,,GLOBAL_BASELINE_NO_ENTITY_RANKING,,,NOT_APPLICABLE_GLOBAL_BASELINE,HF9g-P5,,,,X 全窗基线 · 不参与实体赏罚,6872228,688,A168_HF9F_20260827_0900,2026-08-27 09:00:00
2026-04-04,132000874,-1,1,75.4066573306,8.6179036949,8.6179036949,0.5000000,2,2,0.49994810000000000,0.499948100000,0.00014679536856514622,0.00014679536856514622,0.00014679536856514622,0E-17,SENTINEL_DEALER,R03b_20260811_FULL_v1,L1_ELIGIBILITY,v2026-08-11,2026-03-21..2026-08-06,baccarat_bet02_101_all_pairs_incl_sentinel,round_win = game_pnl > 0 (decisive only),COMPATIBILITY_ONLY_NOT_PRODUCTION,527.8466,484.7571,168.0491,13,13,-0.31836735,,-0.31836735,-0.31836735,-168.0491,527.8466,THIN_EXPOSURE,0.0000,6.7220,4.0000,96.0000,AG03-UNRESOLVED,ALL5_LEVELS_bet23_to_bet27,6.7220,6.7220,6.7220,8.4025,8.4025,4.000000,4.000000,4.000000,5.000000,5.000000,96.000000,96.000000,96.000000,95.000000,95.000000,5.0,36.9708,33.8662,131.0783,134.1829,PENDING_AG03,FALSE,NOT_FOR_ENFORCEMENT,161.3272,465.3668,168.0491,161.3272,6.7220,0.31836735,0.30563265,6.7220,161.3272,0.30563265,6.7220,6.7220,6.7220,8.4025,8.4025,161.3272,0.30563265,36.9708,33.8662,131.0783,134.1829,0.24832653,0.25420813,0.01273469,40.6036,37.2890,12.9269,168.0491,21.0061,527.8466,13.0000,,40.6036,32.3171,32.3171,45.7826,64.6343,64.6343,64.6343,32.3171,-32.3171,2.0,2.0,1.25641,8,8,1,2,0E-8,0.31836735,,0E-8,0.000000,0.918367,0.000000,,2026-04-04,2026-04-04,1,8,8,1,1.000000,,,0.000000,,,,,,,,GLOBAL_BASELINE_NO_ENTITY_RANKING,,,NOT_APPLICABLE_GLOBAL_BASELINE,HF9g-P5,,,,X 全窗基线 · 不参与实体赏罚,6872229,688,A168_HF9F_20260827_0900,2026-08-27 09:00:00
2026-04-04,132000874,1299,0,43.0895184746,-43.0895184746,-43.0895184746,0E-7,1,1,0.49324550000000000,0.493245500000,-0.9865810262130424,-0.9865810262130424,-0.9865810262130424,0E-17,ELIGIBLE,R03b_20260811_FULL_v1,L1_ELIGIBILITY,v2026-08-11,2026-03-21..2026-08-06,baccarat_bet02_101_all_pairs_incl_sentinel,round_win = game_pnl > 0 (decisive only),COMPATIBILITY_ONLY_NOT_PRODUCTION,527.8466,484.7571,168.0491,13,13,-0.31836735,,-0.31836735,-0.31836735,-168.0491,527.8466,THIN_EXPOSURE,0.0000,6.7220,4.0000,96.0000,AG03-UNRESOLVED,ALL5_LEVELS_bet23_to_bet27,6.7220,6.7220,6.7220,8.4025,8.4025,4.000000,4.000000,4.000000,5.000000,5.000000,96.000000,96.000000,96.000000,95.000000,95.000000,5.0,36.9708,33.8662,131.0783,134.1829,PENDING_AG03,FALSE,NOT_FOR_ENFORCEMENT,161.3272,465.3668,168.0491,161.3272,6.7220,0.31836735,0.30563265,6.7220,161.3272,0.30563265,6.7220,6.7220,6.7220,8.4025,8.4025,161.3272,0.30563265,36.9708,33.8662,131.0783,134.1829,0.24832653,0.25420813,0.01273469,40.6036,37.2890,12.9269,168.0491,21.0061,527.8466,13.0000,,40.6036,32.3171,32.3171,45.7826,64.6343,64.6343,64.6343,32.3171,-32.3171,2.0,2.0,1.25641,8,8,1,2,0E-8,0.31836735,,0E-8,0.000000,0.918367,0.000000,,2026-04-04,2026-04-04,1,8,8,1,1.000000,,,0.000000,,,,,,,,GLOBAL_BASELINE_NO_ENTITY_RANKING,,,NOT_APPLICABLE_GLOBAL_BASELINE,HF9g-P5,,,,X 全窗基线 · 不参与实体赏罚,6872230,688,A168_HF9F_20260827_0900,2026-08-27 09:00:00
2026-04-04,132000874,1318,0,32.3171388560,32.3171388560,32.3171388560,1.0000000,1,1,0.49324550000000000,0.493245500000,1.01360149184955,1.01360149184955,1.01360149184955,0E-17,ELIGIBLE,R03b_20260811_FULL_v1,L1_ELIGIBILITY,v2026-08-11,2026-03-21..2026-08-06,baccarat_bet02_101_all_pairs_incl_sentinel,round_win = game_pnl > 0 (decisive only),COMPATIBILITY_ONLY_NOT_PRODUCTION,527.8466,484.7571,168.0491,13,13,-0.31836735,,-0.31836735,-0.31836735,-168.0491,527.8466,THIN_EXPOSURE,0.0000,6.7220,4.0000,96.0000,AG03-UNRESOLVED,ALL5_LEVELS_bet23_to_bet27,6.7220,6.7220,6.7220,8.4025,8.4025,4.000000,4.000000,4.000000,5.000000,5.000000,96.000000,96.000000,96.000000,95.000000,95.000000,5.0,36.9708,33.8662,131.0783,134.1829,PENDING_AG03,FALSE,NOT_FOR_ENFORCEMENT,161.3272,465.3668,168.0491,161.3272,6.7220,0.31836735,0.30563265,6.7220,161.3272,0.30563265,6.7220,6.7220,6.7220,8.4025,8.4025,161.3272,0.30563265,36.9708,33.8662,131.0783,134.1829,0.24832653,0.25420813,0.01273469,40.6036,37.2890,12.9269,168.0491,21.0061,527.8466,13.0000,,40.6036,32.3171,32.3171,45.7826,64.6343,64.6343,64.6343,32.3171,-32.3171,2.0,2.0,1.25641,8,8,1,2,0E-8,0.31836735,,0E-8,0.000000,0.918367,0.000000,,2026-04-04,2026-04-04,1,8,8,1,1.000000,,,0.000000,,,,,,,,GLOBAL_BASELINE_NO_ENTITY_RANKING,,,NOT_APPLICABLE_GLOBAL_BASELINE,HF9g-P5,,,,X 全窗基线 · 不参与实体赏罚,6872231,688,A168_HF9F_20260827_0900,2026-08-27 09:00:00
2026-04-04,132000874,1353,0,64.6342777119,-64.6342777119,-64.6342777119,0E-7,1,1,0.49324550000000000,0.493245500000,-0.9865810262130424,-0.9865810262130424,-0.9865810262130424,0E-17,ELIGIBLE,R03b_20260811_FULL_v1,L1_ELIGIBILITY,v2026-08-11,2026-03-21..2026-08-06,baccarat_bet02_101_all_pairs_incl_sentinel,round_win = game_pnl > 0 (decisive only),COMPATIBILITY_ONLY_NOT_PRODUCTION,527.8466,484.7571,168.0491,13,13,-0.31836735,,-0.31836735,-0.31836735,-168.0491,527.8466,THIN_EXPOSURE,0.0000,6.7220,4.0000,96.0000,AG03-UNRESOLVED,ALL5_LEVELS_bet23_to_bet27,6.7220,6.7220,6.7220,8.4025,8.4025,4.000000,4.000000,4.000000,5.000000,5.000000,96.000000,96.000000,96.000000,95.000000,95.000000,5.0,36.9708,33.8662,131.0783,134.1829,PENDING_AG03,FALSE,NOT_FOR_ENFORCEMENT,161.3272,465.3668,168.0491,161.3272,6.7220,0.31836735,0.30563265,6.7220,161.3272,0.30563265,6.7220,6.7220,6.7220,8.4025,8.4025,161.3272,0.30563265,36.9708,33.8662,131.0783,134.1829,0.24832653,0.25420813,0.01273469,40.6036,37.2890,12.9269,168.0491,21.0061,527.8466,13.0000,,40.6036,32.3171,32.3171,45.7826,64.6343,64.6343,64.6343,32.3171,-32.3171,2.0,2.0,1.25641,8,8,1,2,0E-8,0.31836735,,0E-8,0.000000,0.918367,0.000000,,2026-04-04,2026-04-04,1,8,8,1,1.000000,,,0.000000,,,,,,,,GLOBAL_BASELINE_NO_ENTITY_RANKING,,,NOT_APPLICABLE_GLOBAL_BASELINE,HF9g-P5,,,,X 全窗基线 · 不参与实体赏罚,6872232,688,A168_HF9F_20260827_0900,2026-08-27 09:00:00
2026-04-04,132000874,2127,0,21.5447592373,-21.5447592373,-21.5447592373,0E-7,1,1,0.49324550000000000,0.493245500000,-0.9865810262130424,-0.9865810262130424,-0.9865810262130424,0E-17,ELIGIBLE,R03b_20260811_FULL_v1,L1_ELIGIBILITY,v2026-08-11,2026-03-21..2026-08-06,baccarat_bet02_101_all_pairs_incl_sentinel,round_win = game_pnl > 0 (decisive only),COMPATIBILITY_ONLY_NOT_PRODUCTION,527.8466,484.7571,168.0491,13,13,-0.31836735,,-0.31836735,-0.31836735,-168.0491,527.8466,THIN_EXPOSURE,0.0000,6.7220,4.0000,96.0000,AG03-UNRESOLVED,ALL5_LEVELS_bet23_to_bet27,6.7220,6.7220,6.7220,8.4025,8.4025,4.000000,4.000000,4.000000,5.000000,5.000000,96.000000,96.000000,96.000000,95.000000,95.000000,5.0,36.9708,33.8662,131.0783,134.1829,PENDING_AG03,FALSE,NOT_FOR_ENFORCEMENT,161.3272,465.3668,168.0491,161.3272,6.7220,0.31836735,0.30563265,6.7220,161.3272,0.30563265,6.7220,6.7220,6.7220,8.4025,8.4025,161.3272,0.30563265,36.9708,33.8662,131.0783,134.1829,0.24832653,0.25420813,0.01273469,40.6036,37.2890,12.9269,168.0491,21.0061,527.8466,13.0000,,40.6036,32.3171,32.3171,45.7826,64.6343,64.6343,64.6343,32.3171,-32.3171,2.0,2.0,1.25641,8,8,1,2,0E-8,0.31836735,,0E-8,0.000000,0.918367,0.000000,,2026-04-04,2026-04-04,1,8,8,1,1.000000,,,0.000000,,,,,,,,GLOBAL_BASELINE_NO_ENTITY_RANKING,,,NOT_APPLICABLE_GLOBAL_BASELINE,HF9g-P5,,,,X 全窗基线 · 不参与实体赏罚,6872233,688,A168_HF9F_20260827_0900,2026-08-27 09:00:00
2026-04-04,132000874,2142,0,118.4961758052,-13.4654745233,-13.4654745233,0.5000000,2,2,0.50665070000000000,0.506650700000,-0.018812684590367487,-0.018812684590367487,-0.018812684590367487,0E-17,ELIGIBLE,R03b_20260811_FULL_v1,L1_ELIGIBILITY,v2026-08-11,2026-03-21..2026-08-06,baccarat_bet02_101_all_pairs_incl_sentinel,round_win = game_pnl > 0 (decisive only),COMPATIBILITY_ONLY_NOT_PRODUCTION,527.8466,484.7571,168.0491,13,13,-0.31836735,,-0.31836735,-0.31836735,-168.0491,527.8466,THIN_EXPOSURE,0.0000,6.7220,4.0000,96.0000,AG03-UNRESOLVED,ALL5_LEVELS_bet23_to_bet27,6.7220,6.7220,6.7220,8.4025,8.4025,4.000000,4.000000,4.000000,5.000000,5.000000,96.000000,96.000000,96.000000,95.000000,95.000000,5.0,36.9708,33.8662,131.0783,134.1829,PENDING_AG03,FALSE,NOT_FOR_ENFORCEMENT,161.3272,465.3668,168.0491,161.3272,6.7220,0.31836735,0.30563265,6.7220,161.3272,0.30563265,6.7220,6.7220,6.7220,8.4025,8.4025,161.3272,0.30563265,36.9708,33.8662,131.0783,134.1829,0.24832653,0.25420813,0.01273469,40.6036,37.2890,12.9269,168.0491,21.0061,527.8466,13.0000,,40.6036,32.3171,32.3171,45.7826,64.6343,64.6343,64.6343,32.3171,-32.3171,2.0,2.0,1.25641,8,8,1,2,0E-8,0.31836735,,0E-8,0.000000,0.918367,0.000000,,2026-04-04,2026-04-04,1,8,8,1,1.000000,,,0.000000,,,,,,,,GLOBAL_BASELINE_NO_ENTITY_RANKING,,,NOT_APPLICABLE_GLOBAL_BASELINE,HF9g-P5,,,,X 全窗基线 · 不参与实体赏罚,6872234,688,A168_HF9F_20260827_0900,2026-08-27 09:00:00
2026-04-04,132000874,2175,0,75.4066573306,-32.3171388560,-32.3171388560,0E-7,2,2,0.49324550000000000,0.493245500000,-0.9865810262130424,-0.9865810262130424,-0.9865810262130424,0E-17,ELIGIBLE,R03b_20260811_FULL_v1,L1_ELIGIBILITY,v2026-08-11,2026-03-21..2026-08-06,baccarat_bet02_101_all_pairs_incl_sentinel,round_win = game_pnl > 0 (decisive only),COMPATIBILITY_ONLY_NOT_PRODUCTION,527.8466,484.7571,168.0491,13,13,-0.31836735,,-0.31836735,-0.31836735,-168.0491,527.8466,THIN_EXPOSURE,0.0000,6.7220,4.0000,96.0000,AG03-UNRESOLVED,ALL5_LEVELS_bet23_to_bet27,6.7220,6.7220,6.7220,8.4025,8.4025,4.000000,4.000000,4.000000,5.000000,5.000000,96.000000,96.000000,96.000000,95.000000,95.000000,5.0,36.9708,33.8662,131.0783,134.1829,PENDING_AG03,FALSE,NOT_FOR_ENFORCEMENT,161.3272,465.3668,168.0491,161.3272,6.7220,0.31836735,0.30563265,6.7220,161.3272,0.30563265,6.7220,6.7220,6.7220,8.4025,8.4025,161.3272,0.30563265,36.9708,33.8662,131.0783,134.1829,0.24832653,0.25420813,0.01273469,40.6036,37.2890,12.9269,168.0491,21.0061,527.8466,13.0000,,40.6036,32.3171,32.3171,45.7826,64.6343,64.6343,64.6343,32.3171,-32.3171,2.0,2.0,1.25641,8,8,1,2,0E-8,0.31836735,,0E-8,0.000000,0.918367,0.000000,,2026-04-04,2026-04-04,1,8,8,1,1.000000,,,0.000000,,,,,,,,GLOBAL_BASELINE_NO_ENTITY_RANKING,,,NOT_APPLICABLE_GLOBAL_BASELINE,HF9g-P5,,,,X 全窗基线 · 不参与实体赏罚,6872235,688,A168_HF9F_20260827_0900,2026-08-27 09:00:00
2026-04-04,132000874,763,0,96.9514165680,-33.9329957988,-33.9329957988,0.3333333,3,3,0.49771390000000000,0.497713900000,-0.5694369385616226,-0.5694369385616226,-0.5694369385616226,0E-17,ELIGIBLE,R03b_20260811_FULL_v1,L1_ELIGIBILITY,v2026-08-11,2026-03-21..2026-08-06,baccarat_bet02_101_all_pairs_incl_sentinel,round_win = game_pnl > 0 (decisive only),COMPATIBILITY_ONLY_NOT_PRODUCTION,527.8466,484.7571,168.0491,13,13,-0.31836735,,-0.31836735,-0.31836735,-168.0491,527.8466,THIN_EXPOSURE,0.0000,6.7220,4.0000,96.0000,AG03-UNRESOLVED,ALL5_LEVELS_bet23_to_bet27,6.7220,6.7220,6.7220,8.4025,8.4025,4.000000,4.000000,4.000000,5.000000,5.000000,96.000000,96.000000,96.000000,95.000000,95.000000,5.0,36.9708,33.8662,131.0783,134.1829,PENDING_AG03,FALSE,NOT_FOR_ENFORCEMENT,161.3272,465.3668,168.0491,161.3272,6.7220,0.31836735,0.30563265,6.7220,161.3272,0.30563265,6.7220,6.7220,6.7220,8.4025,8.4025,161.3272,0.30563265,36.9708,33.8662,131.0783,134.1829,0.24832653,0.25420813,0.01273469,40.6036,37.2890,12.9269,168.0491,21.0061,527.8466,13.0000,,40.6036,32.3171,32.3171,45.7826,64.6343,64.6343,64.6343,32.3171,-32.3171,2.0,2.0,1.25641,8,8,1,2,0E-8,0.31836735,,0E-8,0.000000,0.918367,0.000000,,2026-04-04,2026-04-04,1,8,8,1,1.000000,,,0.000000,,,,,,,,GLOBAL_BASELINE_NO_ENTITY_RANKING,,,NOT_APPLICABLE_GLOBAL_BASELINE,HF9g-P5,,,,X 全窗基线 · 不参与实体赏罚,6872236,688,A168_HF9F_20260827_0900,2026-08-27 09:00:00
2026-04-02,148099870,1402,0,1016.1505640923,-393.1628406151,-393.1628406151,0.3636364,40,12,0.37930126558350243,0.224912936806,-0.10707582951517144,1.101954565909545,-0.10707582951517144,0.15438832877750243,ELIGIBLE,R03b_20260811_FULL_v1,L1_ELIGIBILITY,v2026-08-11,2026-03-21..2026-08-06,baccarat_bet02_101_all_pairs_incl_sentinel,round_win = game_pnl > 0 (decisive only),COMPATIBILITY_ONLY_NOT_PRODUCTION,1474.2298,1448.0538,168.0496,55,20,-0.11399148,,-0.11399148,-0.11399148,-168.0496,1474.2298,OK,0.0000,6.7220,4.0000,96.0000,AG03-UNRESOLVED,ALL5_LEVELS_bet23_to_bet27,6.7220,6.7220,6.7220,8.4025,8.4025,4.000000,4.000000,4.000000,5.000000,5.000000,96.000000,96.000000,96.000000,95.000000,95.000000,5.0,36.9709,33.8663,131.0787,134.1833,PENDING_AG03,FALSE,NOT_FOR_ENFORCEMENT,161.3276,1390.1317,168.0496,161.3276,6.7220,0.11399148,0.10943182,6.7220,161.3276,0.10943182,6.7220,6.7220,6.7220,8.4025,8.4025,161.3276,0.10943182,36.9709,33.8663,131.0787,134.1833,0.08891335,0.09101926,0.00455966,26.8042,72.4027,8.4025,168.0496,84.0248,1474.2298,20.0000,,26.8042,3.272,7.8528,35.9919,78.5279,126.9534,143.3134,5.2352,-5.2352,16.166667,18.250002,3.413333,2,2,1,7,0E-8,0.11399148,,0E-8,0.000000,0.982244,0.000000,,2026-04-02,2026-04-02,1,2,2,1,1.000000,,,0.000000,,,,,,,,GLOBAL_BASELINE_NO_ENTITY_RANKING,,,NOT_APPLICABLE_GLOBAL_BASELINE,HF9g-P5,,,,X 全窗基线 · 不参与实体赏罚,6872237,688,A168_HF9F_20260827_0900,2026-08-27 09:00:00
2026-04-02,148099870,2246,0,458.0792084394,225.1132110044,225.1132110044,0.6250000,15,8,0.47492880691286297,0.380567235417,0.8500000989995075,1.4239397995410414,0.8500000989995075,0.09436157149586297,ELIGIBLE,R03b_20260811_FULL_v1,L1_ELIGIBILITY,v2026-08-11,2026-03-21..2026-08-06,baccarat_bet02_101_all_pairs_incl_sentinel,round_win = game_pnl > 0 (decisive only),COMPATIBILITY_ONLY_NOT_PRODUCTION,1474.2298,1448.0538,168.0496,55,20,-0.11399148,,-0.11399148,-0.11399148,-168.0496,1474.2298,OK,0.0000,6.7220,4.0000,96.0000,AG03-UNRESOLVED,ALL5_LEVELS_bet23_to_bet27,6.7220,6.7220,6.7220,8.4025,8.4025,4.000000,4.000000,4.000000,5.000000,5.000000,96.000000,96.000000,96.000000,95.000000,95.000000,5.0,36.9709,33.8663,131.0787,134.1833,PENDING_AG03,FALSE,NOT_FOR_ENFORCEMENT,161.3276,1390.1317,168.0496,161.3276,6.7220,0.11399148,0.10943182,6.7220,161.3276,0.10943182,6.7220,6.7220,6.7220,8.4025,8.4025,161.3276,0.10943182,36.9709,33.8663,131.0787,134.1833,0.08891335,0.09101926,0.00455966,26.8042,72.4027,8.4025,168.0496,84.0248,1474.2298,20.0000,,26.8042,3.272,7.8528,35.9919,78.5279,126.9534,143.3134,5.2352,-5.2352,16.166667,18.250002,3.413333,2,2,1,7,0E-8,0.11399148,,0E-8,0.000000,0.982244,0.000000,,2026-04-02,2026-04-02,1,2,2,1,1.000000,,,0.000000,,,,,,,,GLOBAL_BASELINE_NO_ENTITY_RANKING,,,NOT_APPLICABLE_GLOBAL_BASELINE,HF9g-P5,,,,X 全窗基线 · 不参与实体赏罚,6872238,688,A168_HF9F_20260827_0900,2026-08-27 09:00:00
2026-05-20,150322022,-1,1,42.0123936561,1E-10,1E-10,0.3333333,3,3,0.49324550000000000,0.493245500000,-0.5540025479526107,-0.5540025479526106,-0.5540025479526107,0E-17,SENTINEL_DEALER,R03b_20260811_FULL_v1,L1_ELIGIBILITY,v2026-08-11,2026-03-21..2026-08-06,baccarat_bet02_101_all_pairs_incl_sentinel,round_win = game_pnl > 0 (decisive only),COMPATIBILITY_ONLY_NOT_PRODUCTION,1365.4028,1281.3780,168.0496,73,73,-0.12307692,,-0.12307692,-0.12307692,-168.0496,1365.4028,OK,0.0000,6.7220,4.0000,96.0000,AG03-UNRESOLVED,ALL5_LEVELS_bet23_to_bet27,6.7220,6.7220,6.7220,10.0830,10.0830,4.000000,4.000000,4.000000,6.000000,6.000000,96.000000,96.000000,96.000000,94.000000,94.000000,5.0,40.3319,36.6764,127.7177,131.3732,PENDING_AG03,FALSE,NOT_FOR_ENFORCEMENT,161.3276,1230.1229,168.0496,161.3276,6.7220,0.12307692,0.11815385,6.7220,161.3276,0.11815385,6.7220,6.7220,6.7220,10.0830,10.0830,161.3276,0.11815385,40.3319,36.6764,127.7177,131.3732,0.09353846,0.09621572,0.00492308,18.7041,17.5531,2.3020,84.0248,4.0988,682.7014,36.5000,,18.7041,21.0062,21.0062,21.0062,21.0062,21.0062,21.0062,21.0062,-10.5031,1.0,1.0,0.890411,23,31,3,1,0E-8,0.12307692,,0E-8,0.000000,0.938462,0.000000,,2026-05-20,2026-05-21,2,41,32,2,1.000000,,,0.000000,,,,,,,,GLOBAL_BASELINE_NO_ENTITY_RANKING,,,NOT_APPLICABLE_GLOBAL_BASELINE,HF9g-P5,,,,X 全窗基线 · 不参与实体赏罚,6872239,688,A168_HF9F_20260827_0900,2026-08-27 09:00:00
2026-05-20,150322022,1151,0,21.0061968281,21.0061968281,21.0061968281,1.0000000,1,1,0.49324550000000000,0.493245500000,1.01360149184955,1.01360149184955,1.01360149184955,0E-17,ELIGIBLE,R03b_20260811_FULL_v1,L1_ELIGIBILITY,v2026-08-11,2026-03-21..2026-08-06,baccarat_bet02_101_all_pairs_incl_sentinel,round_win = game_pnl > 0 (decisive only),COMPATIBILITY_ONLY_NOT_PRODUCTION,1365.4028,1281.3780,168.0496,73,73,-0.12307692,,-0.12307692,-0.12307692,-168.0496,1365.4028,OK,0.0000,6.7220,4.0000,96.0000,AG03-UNRESOLVED,ALL5_LEVELS_bet23_to_bet27,6.7220,6.7220,6.7220,10.0830,10.0830,4.000000,4.000000,4.000000,6.000000,6.000000,96.000000,96.000000,96.000000,94.000000,94.000000,5.0,40.3319,36.6764,127.7177,131.3732,PENDING_AG03,FALSE,NOT_FOR_ENFORCEMENT,161.3276,1230.1229,168.0496,161.3276,6.7220,0.12307692,0.11815385,6.7220,161.3276,0.11815385,6.7220,6.7220,6.7220,10.0830,10.0830,161.3276,0.11815385,40.3319,36.6764,127.7177,131.3732,0.09353846,0.09621572,0.00492308,18.7041,17.5531,2.3020,84.0248,4.0988,682.7014,36.5000,,18.7041,21.0062,21.0062,21.0062,21.0062,21.0062,21.0062,21.0062,-10.5031,1.0,1.0,0.890411,23,31,3,1,0E-8,0.12307692,,0E-8,0.000000,0.938462,0.000000,,2026-05-20,2026-05-21,2,41,32,2,1.000000,,,0.000000,,,,,,,,GLOBAL_BASELINE_NO_ENTITY_RANKING,,,NOT_APPLICABLE_GLOBAL_BASELINE,HF9g-P5,,,,X 全窗基线 · 不参与实体赏罚,6872240,688,A168_HF9F_20260827_0900,2026-08-27 09:00:00
2026-05-20,150322022,1307,0,31.5092952421,10.5030984140,10.5030984140,1.0000000,2,2,0.49324550000000000,0.493245500000,1.01360149184955,1.01360149184955,1.01360149184955,0E-17,ELIGIBLE,R03b_20260811_FULL_v1,L1_ELIGIBILITY,v2026-08-11,2026-03-21..2026-08-06,baccarat_bet02_101_all_pairs_incl_sentinel,round_win = game_pnl > 0 (decisive only),COMPATIBILITY_ONLY_NOT_PRODUCTION,1365.4028,1281.3780,168.0496,73,73,-0.12307692,,-0.12307692,-0.12307692,-168.0496,1365.4028,OK,0.0000,6.7220,4.0000,96.0000,AG03-UNRESOLVED,ALL5_LEVELS_bet23_to_bet27,6.7220,6.7220,6.7220,10.0830,10.0830,4.000000,4.000000,4.000000,6.000000,6.000000,96.000000,96.000000,96.000000,94.000000,94.000000,5.0,40.3319,36.6764,127.7177,131.3732,PENDING_AG03,FALSE,NOT_FOR_ENFORCEMENT,161.3276,1230.1229,168.0496,161.3276,6.7220,0.12307692,0.11815385,6.7220,161.3276,0.11815385,6.7220,6.7220,6.7220,10.0830,10.0830,161.3276,0.11815385,40.3319,36.6764,127.7177,131.3732,0.09353846,0.09621572,0.00492308,18.7041,17.5531,2.3020,84.0248,4.0988,682.7014,36.5000,,18.7041,21.0062,21.0062,21.0062,21.0062,21.0062,21.0062,21.0062,-10.5031,1.0,1.0,0.890411,23,31,3,1,0E-8,0.12307692,,0E-8,0.000000,0.938462,0.000000,,2026-05-20,2026-05-21,2,41,32,2,1.000000,,,0.000000,,,,,,,,GLOBAL_BASELINE_NO_ENTITY_RANKING,,,NOT_APPLICABLE_GLOBAL_BASELINE,HF9g-P5,,,,X 全窗基线 · 不参与实体赏罚,6872241,688,A168_HF9F_20260827_0900,2026-08-27 09:00:00
2026-05-20,150322022,1396,0,31.5092952421,-10.5030984141,-10.5030984141,0.5000000,2,2,0.49324550000000000,0.493245500000,0.01910635448239258,0.01910635448239258,0.01910635448239258,0E-17,ELIGIBLE,R03b_20260811_FULL_v1,L1_ELIGIBILITY,v2026-08-11,2026-03-21..2026-08-06,baccarat_bet02_101_all_pairs_incl_sentinel,round_win = game_pnl > 0 (decisive only),COMPATIBILITY_ONLY_NOT_PRODUCTION,1365.4028,1281.3780,168.0496,73,73,-0.12307692,,-0.12307692,-0.12307692,-168.0496,1365.4028,OK,0.0000,6.7220,4.0000,96.0000,AG03-UNRESOLVED,ALL5_LEVELS_bet23_to_bet27,6.7220,6.7220,6.7220,10.0830,10.0830,4.000000,4.000000,4.000000,6.000000,6.000000,96.000000,96.000000,96.000000,94.000000,94.000000,5.0,40.3319,36.6764,127.7177,131.3732,PENDING_AG03,FALSE,NOT_FOR_ENFORCEMENT,161.3276,1230.1229,168.0496,161.3276,6.7220,0.12307692,0.11815385,6.7220,161.3276,0.11815385,6.7220,6.7220,6.7220,10.0830,10.0830,161.3276,0.11815385,40.3319,36.6764,127.7177,131.3732,0.09353846,0.09621572,0.00492308,18.7041,17.5531,2.3020,84.0248,4.0988,682.7014,36.5000,,18.7041,21.0062,21.0062,21.0062,21.0062,21.0062,21.0062,21.0062,-10.5031,1.0,1.0,0.890411,23,31,3,1,0E-8,0.12307692,,0E-8,0.000000,0.938462,0.000000,,2026-05-20,2026-05-21,2,41,32,2,1.000000,,,0.000000,,,,,,,,GLOBAL_BASELINE_NO_ENTITY_RANKING,,,NOT_APPLICABLE_GLOBAL_BASELINE,HF9g-P5,,,,X 全窗基线 · 不参与实体赏罚,6872242,688,A168_HF9F_20260827_0900,2026-08-27 09:00:00
2026-05-20,150322022,2174,0,10.5030984140,0E-10,0E-10,,1,1,0.49324550000000000,0.493245500000,,,,0E-17,NO_DECISIVE_ROUND,R03b_20260811_FULL_v1,L1_ELIGIBILITY,v2026-08-11,2026-03-21..2026-08-06,baccarat_bet02_101_all_pairs_incl_sentinel,round_win = game_pnl > 0 (decisive only),COMPATIBILITY_ONLY_NOT_PRODUCTION,1365.4028,1281.3780,168.0496,73,73,-0.12307692,,-0.12307692,-0.12307692,-168.0496,1365.4028,OK,0.0000,6.7220,4.0000,96.0000,AG03-UNRESOLVED,ALL5_LEVELS_bet23_to_bet27,6.7220,6.7220,6.7220,10.0830,10.0830,4.000000,4.000000,4.000000,6.000000,6.000000,96.000000,96.000000,96.000000,94.000000,94.000000,5.0,40.3319,36.6764,127.7177,131.3732,PENDING_AG03,FALSE,NOT_FOR_ENFORCEMENT,161.3276,1230.1229,168.0496,161.3276,6.7220,0.12307692,0.11815385,6.7220,161.3276,0.11815385,6.7220,6.7220,6.7220,10.0830,10.0830,161.3276,0.11815385,40.3319,36.6764,127.7177,131.3732,0.09353846,0.09621572,0.00492308,18.7041,17.5531,2.3020,84.0248,4.0988,682.7014,36.5000,,18.7041,21.0062,21.0062,21.0062,21.0062,21.0062,21.0062,21.0062,-10.5031,1.0,1.0,0.890411,23,31,3,1,0E-8,0.12307692,,0E-8,0.000000,0.938462,0.000000,,2026-05-20,2026-05-21,2,41,32,2,1.000000,,,0.000000,,,,,,,,GLOBAL_BASELINE_NO_ENTITY_RANKING,,,NOT_APPLICABLE_GLOBAL_BASELINE,HF9g-P5,,,,X 全窗基线 · 不参与实体赏罚,6872243,688,A168_HF9F_20260827_0900,2026-08-27 09:00:00
2026-05-20,150322022,2212,0,21.0061968281,-21.0061968281,-21.0061968281,0E-7,1,1,0.49324550000000000,0.493245500000,-0.9865810262130424,-0.9865810262130424,-0.9865810262130424,0E-17,ELIGIBLE,R03b_20260811_FULL_v1,L1_ELIGIBILITY,v2026-08-11,2026-03-21..2026-08-06,baccarat_bet02_101_all_pairs_incl_sentinel,round_win = game_pnl > 0 (decisive only),COMPATIBILITY_ONLY_NOT_PRODUCTION,1365.4028,1281.3780,168.0496,73,73,-0.12307692,,-0.12307692,-0.12307692,-168.0496,1365.4028,OK,0.0000,6.7220,4.0000,96.0000,AG03-UNRESOLVED,ALL5_LEVELS_bet23_to_bet27,6.7220,6.7220,6.7220,10.0830,10.0830,4.000000,4.000000,4.000000,6.000000,6.000000,96.000000,96.000000,96.000000,94.000000,94.000000,5.0,40.3319,36.6764,127.7177,131.3732,PENDING_AG03,FALSE,NOT_FOR_ENFORCEMENT,161.3276,1230.1229,168.0496,161.3276,6.7220,0.12307692,0.11815385,6.7220,161.3276,0.11815385,6.7220,6.7220,6.7220,10.0830,10.0830,161.3276,0.11815385,40.3319,36.6764,127.7177,131.3732,0.09353846,0.09621572,0.00492308,18.7041,17.5531,2.3020,84.0248,4.0988,682.7014,36.5000,,18.7041,21.0062,21.0062,21.0062,21.0062,21.0062,21.0062,21.0062,-10.5031,1.0,1.0,0.890411,23,31,3,1,0E-8,0.12307692,,0E-8,0.000000,0.938462,0.000000,,2026-05-20,2026-05-21,2,41,32,2,1.000000,,,0.000000,,,,,,,,GLOBAL_BASELINE_NO_ENTITY_RANKING,,,NOT_APPLICABLE_GLOBAL_BASELINE,HF9g-P5,,,,X 全窗基线 · 不参与实体赏罚,6872244,688,A168_HF9F_20260827_0900,2026-08-27 09:00:00
2026-05-20,150322022,2229,0,21.0061968281,-21.0061968281,-21.0061968281,0E-7,1,1,0.49324550000000000,0.493245500000,-0.9865810262130424,-0.9865810262130424,-0.9865810262130424,0E-17,ELIGIBLE,R03b_20260811_FULL_v1,L1_ELIGIBILITY,v2026-08-11,2026-03-21..2026-08-06,baccarat_bet02_101_all_pairs_incl_sentinel,round_win = game_pnl > 0 (decisive only),COMPATIBILITY_ONLY_NOT_PRODUCTION,1365.4028,1281.3780,168.0496,73,73,-0.12307692,,-0.12307692,-0.12307692,-168.0496,1365.4028,OK,0.0000,6.7220,4.0000,96.0000,AG03-UNRESOLVED,ALL5_LEVELS_bet23_to_bet27,6.7220,6.7220,6.7220,10.0830,10.0830,4.000000,4.000000,4.000000,6.000000,6.000000,96.000000,96.000000,96.000000,94.000000,94.000000,5.0,40.3319,36.6764,127.7177,131.3732,PENDING_AG03,FALSE,NOT_FOR_ENFORCEMENT,161.3276,1230.1229,168.0496,161.3276,6.7220,0.12307692,0.11815385,6.7220,161.3276,0.11815385,6.7220,6.7220,6.7220,10.0830,10.0830,161.3276,0.11815385,40.3319,36.6764,127.7177,131.3732,0.09353846,0.09621572,0.00492308,18.7041,17.5531,2.3020,84.0248,4.0988,682.7014,36.5000,,18.7041,21.0062,21.0062,21.0062,21.0062,21.0062,21.0062,21.0062,-10.5031,1.0,1.0,0.890411,23,31,3,1,0E-8,0.12307692,,0E-8,0.000000,0.938462,0.000000,,2026-05-20,2026-05-21,2,41,32,2,1.000000,,,0.000000,,,,,,,,GLOBAL_BASELINE_NO_ENTITY_RANKING,,,NOT_APPLICABLE_GLOBAL_BASELINE,HF9g-P5,,,,X 全窗基线 · 不参与实体赏罚,6872245,688,A168_HF9F_20260827_0900,2026-08-27 09:00:00
2026-05-20,150322022,2239,0,10.5030984140,-10.5030984140,-10.5030984140,0E-7,1,1,0.49324550000000000,0.493245500000,-0.9865810262130424,-0.9865810262130424,-0.9865810262130424,0E-17,ELIGIBLE,R03b_20260811_FULL_v1,L1_ELIGIBILITY,v2026-08-11,2026-03-21..2026-08-06,baccarat_bet02_101_all_pairs_incl_sentinel,round_win = game_pnl > 0 (decisive only),COMPATIBILITY_ONLY_NOT_PRODUCTION,1365.4028,1281.3780,168.0496,73,73,-0.12307692,,-0.12307692,-0.12307692,-168.0496,1365.4028,OK,0.0000,6.7220,4.0000,96.0000,AG03-UNRESOLVED,ALL5_LEVELS_bet23_to_bet27,6.7220,6.7220,6.7220,10.0830,10.0830,4.000000,4.000000,4.000000,6.000000,6.000000,96.000000,96.000000,96.000000,94.000000,94.000000,5.0,40.3319,36.6764,127.7177,131.3732,PENDING_AG03,FALSE,NOT_FOR_ENFORCEMENT,161.3276,1230.1229,168.0496,161.3276,6.7220,0.12307692,0.11815385,6.7220,161.3276,0.11815385,6.7220,6.7220,6.7220,10.0830,10.0830,161.3276,0.11815385,40.3319,36.6764,127.7177,131.3732,0.09353846,0.09621572,0.00492308,18.7041,17.5531,2.3020,84.0248,4.0988,682.7014,36.5000,,18.7041,21.0062,21.0062,21.0062,21.0062,21.0062,21.0062,21.0062,-10.5031,1.0,1.0,0.890411,23,31,3,1,0E-8,0.12307692,,0E-8,0.000000,0.938462,0.000000,,2026-05-20,2026-05-21,2,41,32,2,1.000000,,,0.000000,,,,,,,,GLOBAL_BASELINE_NO_ENTITY_RANKING,,,NOT_APPLICABLE_GLOBAL_BASELINE,HF9g-P5,,,,X 全窗基线 · 不参与实体赏罚,6872246,688,A168_HF9F_20260827_0900,2026-08-27 09:00:00
2026-05-20,150322022,2244,0,31.5092952421,-10.5030984141,-10.5030984141,0.5000000,2,2,0.49324550000000000,0.493245500000,0.01910635448239258,0.01910635448239258,0.01910635448239258,0E-17,ELIGIBLE,R03b_20260811_FULL_v1,L1_ELIGIBILITY,v2026-08-11,2026-03-21..2026-08-06,baccarat_bet02_101_all_pairs_incl_sentinel,round_win = game_pnl > 0 (decisive only),COMPATIBILITY_ONLY_NOT_PRODUCTION,1365.4028,1281.3780,168.0496,73,73,-0.12307692,,-0.12307692,-0.12307692,-168.0496,1365.4028,OK,0.0000,6.7220,4.0000,96.0000,AG03-UNRESOLVED,ALL5_LEVELS_bet23_to_bet27,6.7220,6.7220,6.7220,10.0830,10.0830,4.000000,4.000000,4.000000,6.000000,6.000000,96.000000,96.000000,96.000000,94.000000,94.000000,5.0,40.3319,36.6764,127.7177,131.3732,PENDING_AG03,FALSE,NOT_FOR_ENFORCEMENT,161.3276,1230.1229,168.0496,161.3276,6.7220,0.12307692,0.11815385,6.7220,161.3276,0.11815385,6.7220,6.7220,6.7220,10.0830,10.0830,161.3276,0.11815385,40.3319,36.6764,127.7177,131.3732,0.09353846,0.09621572,0.00492308,18.7041,17.5531,2.3020,84.0248,4.0988,682.7014,36.5000,,18.7041,21.0062,21.0062,21.0062,21.0062,21.0062,21.0062,21.0062,-10.5031,1.0,1.0,0.890411,23,31,3,1,0E-8,0.12307692,,0E-8,0.000000,0.938462,0.000000,,2026-05-20,2026-05-21,2,41,32,2,1.000000,,,0.000000,,,,,,,,GLOBAL_BASELINE_NO_ENTITY_RANKING,,,NOT_APPLICABLE_GLOBAL_BASELINE,HF9g-P5,,,,X 全窗基线 · 不参与实体赏罚,6872247,688,A168_HF9F_20260827_0900,2026-08-27 09:00:00
2026-05-20,150322022,2258,0,105.0309841405,-21.0061968281,-21.0061968281,0.4000000,5,5,0.49324550000000000,0.493245500000,-0.4170446088060018,-0.4170446088060018,-0.4170446088060018,0E-17,ELIGIBLE,R03b_20260811_FULL_v1,L1_ELIGIBILITY,v2026-08-11,2026-03-21..2026-08-06,baccarat_bet02_101_all_pairs_incl_sentinel,round_win = game_pnl > 0 (decisive only),COMPATIBILITY_ONLY_NOT_PRODUCTION,1365.4028,1281.3780,168.0496,73,73,-0.12307692,,-0.12307692,-0.12307692,-168.0496,1365.4028,OK,0.0000,6.7220,4.0000,96.0000,AG03-UNRESOLVED,ALL5_LEVELS_bet23_to_bet27,6.7220,6.7220,6.7220,10.0830,10.0830,4.000000,4.000000,4.000000,6.000000,6.000000,96.000000,96.000000,96.000000,94.000000,94.000000,5.0,40.3319,36.6764,127.7177,131.3732,PENDING_AG03,FALSE,NOT_FOR_ENFORCEMENT,161.3276,1230.1229,168.0496,161.3276,6.7220,0.12307692,0.11815385,6.7220,161.3276,0.11815385,6.7220,6.7220,6.7220,10.0830,10.0830,161.3276,0.11815385,40.3319,36.6764,127.7177,131.3732,0.09353846,0.09621572,0.00492308,18.7041,17.5531,2.3020,84.0248,4.0988,682.7014,36.5000,,18.7041,21.0062,21.0062,21.0062,21.0062,21.0062,21.0062,21.0062,-10.5031,1.0,1.0,0.890411,23,31,3,1,0E-8,0.12307692,,0E-8,0.000000,0.938462,0.000000,,2026-05-20,2026-05-21,2,41,32,2,1.000000,,,0.000000,,,,,,,,GLOBAL_BASELINE_NO_ENTITY_RANKING,,,NOT_APPLICABLE_GLOBAL_BASELINE,HF9g-P5,,,,X 全窗基线 · 不参与实体赏罚,6872248,688,A168_HF9F_20260827_0900,2026-08-27 09:00:00
2026-05-20,150322022,925,0,21.0061968281,-21.0061968281,-21.0061968281,0E-7,1,1,0.49324550000000000,0.493245500000,-0.9865810262130424,-0.9865810262130424,-0.9865810262130424,0E-17,ELIGIBLE,R03b_20260811_FULL_v1,L1_ELIGIBILITY,v2026-08-11,2026-03-21..2026-08-06,baccarat_bet02_101_all_pairs_incl_sentinel,round_win = game_pnl > 0 (decisive only),COMPATIBILITY_ONLY_NOT_PRODUCTION,1365.4028,1281.3780,168.0496,73,73,-0.12307692,,-0.12307692,-0.12307692,-168.0496,1365.4028,OK,0.0000,6.7220,4.0000,96.0000,AG03-UNRESOLVED,ALL5_LEVELS_bet23_to_bet27,6.7220,6.7220,6.7220,10.0830,10.0830,4.000000,4.000000,4.000000,6.000000,6.000000,96.000000,96.000000,96.000000,94.000000,94.000000,5.0,40.3319,36.6764,127.7177,131.3732,PENDING_AG03,FALSE,NOT_FOR_ENFORCEMENT,161.3276,1230.1229,168.0496,161.3276,6.7220,0.12307692,0.11815385,6.7220,161.3276,0.11815385,6.7220,6.7220,6.7220,10.0830,10.0830,161.3276,0.11815385,40.3319,36.6764,127.7177,131.3732,0.09353846,0.09621572,0.00492308,18.7041,17.5531,2.3020,84.0248,4.0988,682.7014,36.5000,,18.7041,21.0062,21.0062,21.0062,21.0062,21.0062,21.0062,21.0062,-10.5031,1.0,1.0,0.890411,23,31,3,1,0E-8,0.12307692,,0E-8,0.000000,0.938462,0.000000,,2026-05-20,2026-05-21,2,41,32,2,1.000000,,,0.000000,,,,,,,,GLOBAL_BASELINE_NO_ENTITY_RANKING,,,NOT_APPLICABLE_GLOBAL_BASELINE,HF9g-P5,,,,X 全窗基线 · 不参与实体赏罚,6872249,688,A168_HF9F_20260827_0900,2026-08-27 09:00:00
2026-05-21,150322022,-1,1,262.5774603511,-84.0247873124,-84.0247873124,0.3333333,14,14,0.49324550000000000,0.493245500000,-1.1080050959052214,-1.1080050959052212,-1.1080050959052214,0E-17,SENTINEL_DEALER,R03b_20260811_FULL_v1,L1_ELIGIBILITY,v2026-08-11,2026-03-21..2026-08-06,baccarat_bet02_101_all_pairs_incl_sentinel,round_win = game_pnl > 0 (decisive only),COMPATIBILITY_ONLY_NOT_PRODUCTION,1365.4028,1281.3780,168.0496,73,73,-0.12307692,,-0.12307692,-0.12307692,-168.0496,1365.4028,OK,0.0000,6.7220,4.0000,96.0000,AG03-UNRESOLVED,ALL5_LEVELS_bet23_to_bet27,6.7220,6.7220,6.7220,10.0830,10.0830,4.000000,4.000000,4.000000,6.000000,6.000000,96.000000,96.000000,96.000000,94.000000,94.000000,5.0,40.3319,36.6764,127.7177,131.3732,PENDING_AG03,FALSE,NOT_FOR_ENFORCEMENT,161.3276,1230.1229,168.0496,161.3276,6.7220,0.12307692,0.11815385,6.7220,161.3276,0.11815385,6.7220,6.7220,6.7220,10.0830,10.0830,161.3276,0.11815385,40.3319,36.6764,127.7177,131.3732,0.09353846,0.09621572,0.00492308,18.7041,17.5531,2.3020,84.0248,4.0988,682.7014,36.5000,,18.7041,21.0062,21.0062,21.0062,21.0062,21.0062,21.0062,21.0062,-10.5031,1.0,1.0,0.890411,23,31,3,1,0E-8,0.12307692,,0E-8,0.000000,0.938462,0.000000,,2026-05-20,2026-05-21,2,41,32,2,1.000000,,,0.000000,,,,,,,,GLOBAL_BASELINE_NO_ENTITY_RANKING,,,NOT_APPLICABLE_GLOBAL_BASELINE,HF9g-P5,,,,X 全窗基线 · 不参与实体赏罚,6872250,688,A168_HF9F_20260827_0900,2026-08-27 09:00:00
2026-05-21,150322022,1307,0,21.0061968281,-21.0061968281,-21.0061968281,0E-7,1,1,0.49324550000000000,0.493245500000,-0.9865810262130424,-0.9865810262130424,-0.9865810262130424,0E-17,ELIGIBLE,R03b_20260811_FULL_v1,L1_ELIGIBILITY,v2026-08-11,2026-03-21..2026-08-06,baccarat_bet02_101_all_pairs_incl_sentinel,round_win = game_pnl > 0 (decisive only),COMPATIBILITY_ONLY_NOT_PRODUCTION,1365.4028,1281.3780,168.0496,73,73,-0.12307692,,-0.12307692,-0.12307692,-168.0496,1365.4028,OK,0.0000,6.7220,4.0000,96.0000,AG03-UNRESOLVED,ALL5_LEVELS_bet23_to_bet27,6.7220,6.7220,6.7220,10.0830,10.0830,4.000000,4.000000,4.000000,6.000000,6.000000,96.000000,96.000000,96.000000,94.000000,94.000000,5.0,40.3319,36.6764,127.7177,131.3732,PENDING_AG03,FALSE,NOT_FOR_ENFORCEMENT,161.3276,1230.1229,168.0496,161.3276,6.7220,0.12307692,0.11815385,6.7220,161.3276,0.11815385,6.7220,6.7220,6.7220,10.0830,10.0830,161.3276,0.11815385,40.3319,36.6764,127.7177,131.3732,0.09353846,0.09621572,0.00492308,18.7041,17.5531,2.3020,84.0248,4.0988,682.7014,36.5000,,18.7041,21.0062,21.0062,21.0062,21.0062,21.0062,21.0062,21.0062,-10.5031,1.0,1.0,0.890411,23,31,3,1,0E-8,0.12307692,,0E-8,0.000000,0.938462,0.000000,,2026-05-20,2026-05-21,2,41,32,2,1.000000,,,0.000000,,,,,,,,GLOBAL_BASELINE_NO_ENTITY_RANKING,,,NOT_APPLICABLE_GLOBAL_BASELINE,HF9g-P5,,,,X 全窗基线 · 不参与实体赏罚,6872251,688,A168_HF9F_20260827_0900,2026-08-27 09:00:00
2026-05-21,150322022,1384,0,21.0061968281,-21.0061968281,-21.0061968281,0E-7,1,1,0.49324550000000000,0.493245500000,-0.9865810262130424,-0.9865810262130424,-0.9865810262130424,0E-17,ELIGIBLE,R03b_20260811_FULL_v1,L1_ELIGIBILITY,v2026-08-11,2026-03-21..2026-08-06,baccarat_bet02_101_all_pairs_incl_sentinel,round_win = game_pnl > 0 (decisive only),COMPATIBILITY_ONLY_NOT_PRODUCTION,1365.4028,1281.3780,168.0496,73,73,-0.12307692,,-0.12307692,-0.12307692,-168.0496,1365.4028,OK,0.0000,6.7220,4.0000,96.0000,AG03-UNRESOLVED,ALL5_LEVELS_bet23_to_bet27,6.7220,6.7220,6.7220,10.0830,10.0830,4.000000,4.000000,4.000000,6.000000,6.000000,96.000000,96.000000,96.000000,94.000000,94.000000,5.0,40.3319,36.6764,127.7177,131.3732,PENDING_AG03,FALSE,NOT_FOR_ENFORCEMENT,161.3276,1230.1229,168.0496,161.3276,6.7220,0.12307692,0.11815385,6.7220,161.3276,0.11815385,6.7220,6.7220,6.7220,10.0830,10.0830,161.3276,0.11815385,40.3319,36.6764,127.7177,131.3732,0.09353846,0.09621572,0.00492308,18.7041,17.5531,2.3020,84.0248,4.0988,682.7014,36.5000,,18.7041,21.0062,21.0062,21.0062,21.0062,21.0062,21.0062,21.0062,-10.5031,1.0,1.0,0.890411,23,31,3,1,0E-8,0.12307692,,0E-8,0.000000,0.938462,0.000000,,2026-05-20,2026-05-21,2,41,32,2,1.000000,,,0.000000,,,,,,,,GLOBAL_BASELINE_NO_ENTITY_RANKING,,,NOT_APPLICABLE_GLOBAL_BASELINE,HF9g-P5,,,,X 全窗基线 · 不参与实体赏罚,6872252,688,A168_HF9F_20260827_0900,2026-08-27 09:00:00
2026-05-21,150322022,1405,0,21.0061968281,21.0061968281,21.0061968281,1.0000000,1,1,0.49324550000000000,0.493245500000,1.01360149184955,1.01360149184955,1.01360149184955,0E-17,ELIGIBLE,R03b_20260811_FULL_v1,L1_ELIGIBILITY,v2026-08-11,2026-03-21..2026-08-06,baccarat_bet02_101_all_pairs_incl_sentinel,round_win = game_pnl > 0 (decisive only),COMPATIBILITY_ONLY_NOT_PRODUCTION,1365.4028,1281.3780,168.0496,73,73,-0.12307692,,-0.12307692,-0.12307692,-168.0496,1365.4028,OK,0.0000,6.7220,4.0000,96.0000,AG03-UNRESOLVED,ALL5_LEVELS_bet23_to_bet27,6.7220,6.7220,6.7220,10.0830,10.0830,4.000000,4.000000,4.000000,6.000000,6.000000,96.000000,96.000000,96.000000,94.000000,94.000000,5.0,40.3319,36.6764,127.7177,131.3732,PENDING_AG03,FALSE,NOT_FOR_ENFORCEMENT,161.3276,1230.1229,168.0496,161.3276,6.7220,0.12307692,0.11815385,6.7220,161.3276,0.11815385,6.7220,6.7220,6.7220,10.0830,10.0830,161.3276,0.11815385,40.3319,36.6764,127.7177,131.3732,0.09353846,0.09621572,0.00492308,18.7041,17.5531,2.3020,84.0248,4.0988,682.7014,36.5000,,18.7041,21.0062,21.0062,21.0062,21.0062,21.0062,21.0062,21.0062,-10.5031,1.0,1.0,0.890411,23,31,3,1,0E-8,0.12307692,,0E-8,0.000000,0.938462,0.000000,,2026-05-20,2026-05-21,2,41,32,2,1.000000,,,0.000000,,,,,,,,GLOBAL_BASELINE_NO_ENTITY_RANKING,,,NOT_APPLICABLE_GLOBAL_BASELINE,HF9g-P5,,,,X 全窗基线 · 不参与实体赏罚,6872253,688,A168_HF9F_20260827_0900,2026-08-27 09:00:00
2026-05-21,150322022,1509,0,84.0247873124,0E-10,0E-10,0.5000000,4,4,0.49324550000000000,0.493245500000,0.027020465636507562,0.027020465636507562,0.027020465636507562,0E-17,ELIGIBLE,R03b_20260811_FULL_v1,L1_ELIGIBILITY,v2026-08-11,2026-03-21..2026-08-06,baccarat_bet02_101_all_pairs_incl_sentinel,round_win = game_pnl > 0 (decisive only),COMPATIBILITY_ONLY_NOT_PRODUCTION,1365.4028,1281.3780,168.0496,73,73,-0.12307692,,-0.12307692,-0.12307692,-168.0496,1365.4028,OK,0.0000,6.7220,4.0000,96.0000,AG03-UNRESOLVED,ALL5_LEVELS_bet23_to_bet27,6.7220,6.7220,6.7220,10.0830,10.0830,4.000000,4.000000,4.000000,6.000000,6.000000,96.000000,96.000000,96.000000,94.000000,94.000000,5.0,40.3319,36.6764,127.7177,131.3732,PENDING_AG03,FALSE,NOT_FOR_ENFORCEMENT,161.3276,1230.1229,168.0496,161.3276,6.7220,0.12307692,0.11815385,6.7220,161.3276,0.11815385,6.7220,6.7220,6.7220,10.0830,10.0830,161.3276,0.11815385,40.3319,36.6764,127.7177,131.3732,0.09353846,0.09621572,0.00492308,18.7041,17.5531,2.3020,84.0248,4.0988,682.7014,36.5000,,18.7041,21.0062,21.0062,21.0062,21.0062,21.0062,21.0062,21.0062,-10.5031,1.0,1.0,0.890411,23,31,3,1,0E-8,0.12307692,,0E-8,0.000000,0.938462,0.000000,,2026-05-20,2026-05-21,2,41,32,2,1.000000,,,0.000000,,,,,,,,GLOBAL_BASELINE_NO_ENTITY_RANKING,,,NOT_APPLICABLE_GLOBAL_BASELINE,HF9g-P5,,,,X 全窗基线 · 不参与实体赏罚,6872254,688,A168_HF9F_20260827_0900,2026-08-27 09:00:00
2026-05-21,150322022,1702,0,31.5092952421,31.5092952421,31.5092952421,1.0000000,2,2,0.49324550000000000,0.493245500000,1.4334489766152358,1.4334489766152358,1.4334489766152358,0E-17,ELIGIBLE,R03b_20260811_FULL_v1,L1_ELIGIBILITY,v2026-08-11,2026-03-21..2026-08-06,baccarat_bet02_101_all_pairs_incl_sentinel,round_win = game_pnl > 0 (decisive only),COMPATIBILITY_ONLY_NOT_PRODUCTION,1365.4028,1281.3780,168.0496,73,73,-0.12307692,,-0.12307692,-0.12307692,-168.0496,1365.4028,OK,0.0000,6.7220,4.0000,96.0000,AG03-UNRESOLVED,ALL5_LEVELS_bet23_to_bet27,6.7220,6.7220,6.7220,10.0830,10.0830,4.000000,4.000000,4.000000,6.000000,6.000000,96.000000,96.000000,96.000000,94.000000,94.000000,5.0,40.3319,36.6764,127.7177,131.3732,PENDING_AG03,FALSE,NOT_FOR_ENFORCEMENT,161.3276,1230.1229,168.0496,161.3276,6.7220,0.12307692,0.11815385,6.7220,161.3276,0.11815385,6.7220,6.7220,6.7220,10.0830,10.0830,161.3276,0.11815385,40.3319,36.6764,127.7177,131.3732,0.09353846,0.09621572,0.00492308,18.7041,17.5531,2.3020,84.0248,4.0988,682.7014,36.5000,,18.7041,21.0062,21.0062,21.0062,21.0062,21.0062,21.0062,21.0062,-10.5031,1.0,1.0,0.890411,23,31,3,1,0E-8,0.12307692,,0E-8,0.000000,0.938462,0.000000,,2026-05-20,2026-05-21,2,41,32,2,1.000000,,,0.000000,,,,,,,,GLOBAL_BASELINE_NO_ENTITY_RANKING,,,NOT_APPLICABLE_GLOBAL_BASELINE,HF9g-P5,,,,X 全窗基线 · 不参与实体赏罚,6872255,688,A168_HF9F_20260827_0900,2026-08-27 09:00:00
2026-05-21,150322022,1935,0,42.0123936562,42.0123936562,42.0123936562,1.0000000,2,2,0.49324550000000000,0.493245500000,1.4334489766152358,1.4334489766152358,1.4334489766152358,0E-17,ELIGIBLE,R03b_20260811_FULL_v1,L1_ELIGIBILITY,v2026-08-11,2026-03-21..2026-08-06,baccarat_bet02_101_all_pairs_incl_sentinel,round_win = game_pnl > 0 (decisive only),COMPATIBILITY_ONLY_NOT_PRODUCTION,1365.4028,1281.3780,168.0496,73,73,-0.12307692,,-0.12307692,-0.12307692,-168.0496,1365.4028,OK,0.0000,6.7220,4.0000,96.0000,AG03-UNRESOLVED,ALL5_LEVELS_bet23_to_bet27,6.7220,6.7220,6.7220,10.0830,10.0830,4.000000,4.000000,4.000000,6.000000,6.000000,96.000000,96.000000,96.000000,94.000000,94.000000,5.0,40.3319,36.6764,127.7177,131.3732,PENDING_AG03,FALSE,NOT_FOR_ENFORCEMENT,161.3276,1230.1229,168.0496,161.3276,6.7220,0.12307692,0.11815385,6.7220,161.3276,0.11815385,6.7220,6.7220,6.7220,10.0830,10.0830,161.3276,0.11815385,40.3319,36.6764,127.7177,131.3732,0.09353846,0.09621572,0.00492308,18.7041,17.5531,2.3020,84.0248,4.0988,682.7014,36.5000,,18.7041,21.0062,21.0062,21.0062,21.0062,21.0062,21.0062,21.0062,-10.5031,1.0,1.0,0.890411,23,31,3,1,0E-8,0.12307692,,0E-8,0.000000,0.938462,0.000000,,2026-05-20,2026-05-21,2,41,32,2,1.000000,,,0.000000,,,,,,,,GLOBAL_BASELINE_NO_ENTITY_RANKING,,,NOT_APPLICABLE_GLOBAL_BASELINE,HF9g-P5,,,,X 全窗基线 · 不参与实体赏罚,6872256,688,A168_HF9F_20260827_0900,2026-08-27 09:00:00
2026-05-21,150322022,1957,0,126.0371809685,63.0185904843,63.0185904843,0.7142857,7,7,0.49324550000000000,0.493245500000,1.169741613234378,1.1697416132343783,1.169741613234378,0E-17,ELIGIBLE,R03b_20260811_FULL_v1,L1_ELIGIBILITY,v2026-08-11,2026-03-21..2026-08-06,baccarat_bet02_101_all_pairs_incl_sentinel,round_win = game_pnl > 0 (decisive only),COMPATIBILITY_ONLY_NOT_PRODUCTION,1365.4028,1281.3780,168.0496,73,73,-0.12307692,,-0.12307692,-0.12307692,-168.0496,1365.4028,OK,0.0000,6.7220,4.0000,96.0000,AG03-UNRESOLVED,ALL5_LEVELS_bet23_to_bet27,6.7220,6.7220,6.7220,10.0830,10.0830,4.000000,4.000000,4.000000,6.000000,6.000000,96.000000,96.000000,96.000000,94.000000,94.000000,5.0,40.3319,36.6764,127.7177,131.3732,PENDING_AG03,FALSE,NOT_FOR_ENFORCEMENT,161.3276,1230.1229,168.0496,161.3276,6.7220,0.12307692,0.11815385,6.7220,161.3276,0.11815385,6.7220,6.7220,6.7220,10.0830,10.0830,161.3276,0.11815385,40.3319,36.6764,127.7177,131.3732,0.09353846,0.09621572,0.00492308,18.7041,17.5531,2.3020,84.0248,4.0988,682.7014,36.5000,,18.7041,21.0062,21.0062,21.0062,21.0062,21.0062,21.0062,21.0062,-10.5031,1.0,1.0,0.890411,23,31,3,1,0E-8,0.12307692,,0E-8,0.000000,0.938462,0.000000,,2026-05-20,2026-05-21,2,41,32,2,1.000000,,,0.000000,,,,,,,,GLOBAL_BASELINE_NO_ENTITY_RANKING,,,NOT_APPLICABLE_GLOBAL_BASELINE,HF9g-P5,,,,X 全窗基线 · 不参与实体赏罚,6872257,688,A168_HF9F_20260827_0900,2026-08-27 09:00:00
2026-05-21,150322022,2108,0,21.0061968281,21.0061968281,21.0061968281,1.0000000,1,1,0.49324550000000000,0.493245500000,1.01360149184955,1.01360149184955,1.01360149184955,0E-17,ELIGIBLE,R03b_20260811_FULL_v1,L1_ELIGIBILITY,v2026-08-11,2026-03-21..2026-08-06,baccarat_bet02_101_all_pairs_incl_sentinel,round_win = game_pnl > 0 (decisive only),COMPATIBILITY_ONLY_NOT_PRODUCTION,1365.4028,1281.3780,168.0496,73,73,-0.12307692,,-0.12307692,-0.12307692,-168.0496,1365.4028,OK,0.0000,6.7220,4.0000,96.0000,AG03-UNRESOLVED,ALL5_LEVELS_bet23_to_bet27,6.7220,6.7220,6.7220,10.0830,10.0830,4.000000,4.000000,4.000000,6.000000,6.000000,96.000000,96.000000,96.000000,94.000000,94.000000,5.0,40.3319,36.6764,127.7177,131.3732,PENDING_AG03,FALSE,NOT_FOR_ENFORCEMENT,161.3276,1230.1229,168.0496,161.3276,6.7220,0.12307692,0.11815385,6.7220,161.3276,0.11815385,6.7220,6.7220,6.7220,10.0830,10.0830,161.3276,0.11815385,40.3319,36.6764,127.7177,131.3732,0.09353846,0.09621572,0.00492308,18.7041,17.5531,2.3020,84.0248,4.0988,682.7014,36.5000,,18.7041,21.0062,21.0062,21.0062,21.0062,21.0062,21.0062,21.0062,-10.5031,1.0,1.0,0.890411,23,31,3,1,0E-8,0.12307692,,0E-8,0.000000,0.938462,0.000000,,2026-05-20,2026-05-21,2,41,32,2,1.000000,,,0.000000,,,,,,,,GLOBAL_BASELINE_NO_ENTITY_RANKING,,,NOT_APPLICABLE_GLOBAL_BASELINE,HF9g-P5,,,,X 全窗基线 · 不参与实体赏罚,6872258,688,A168_HF9F_20260827_0900,2026-08-27 09:00:00
2026-05-21,150322022,2130,0,21.0061968281,21.0061968281,21.0061968281,1.0000000,1,1,0.49324550000000000,0.493245500000,1.01360149184955,1.01360149184955,1.01360149184955,0E-17,ELIGIBLE,R03b_20260811_FULL_v1,L1_ELIGIBILITY,v2026-08-11,2026-03-21..2026-08-06,baccarat_bet02_101_all_pairs_incl_sentinel,round_win = game_pnl > 0 (decisive only),COMPATIBILITY_ONLY_NOT_PRODUCTION,1365.4028,1281.3780,168.0496,73,73,-0.12307692,,-0.12307692,-0.12307692,-168.0496,1365.4028,OK,0.0000,6.7220,4.0000,96.0000,AG03-UNRESOLVED,ALL5_LEVELS_bet23_to_bet27,6.7220,6.7220,6.7220,10.0830,10.0830,4.000000,4.000000,4.000000,6.000000,6.000000,96.000000,96.000000,96.000000,94.000000,94.000000,5.0,40.3319,36.6764,127.7177,131.3732,PENDING_AG03,FALSE,NOT_FOR_ENFORCEMENT,161.3276,1230.1229,168.0496,161.3276,6.7220,0.12307692,0.11815385,6.7220,161.3276,0.11815385,6.7220,6.7220,6.7220,10.0830,10.0830,161.3276,0.11815385,40.3319,36.6764,127.7177,131.3732,0.09353846,0.09621572,0.00492308,18.7041,17.5531,2.3020,84.0248,4.0988,682.7014,36.5000,,18.7041,21.0062,21.0062,21.0062,21.0062,21.0062,21.0062,21.0062,-10.5031,1.0,1.0,0.890411,23,31,3,1,0E-8,0.12307692,,0E-8,0.000000,0.938462,0.000000,,2026-05-20,2026-05-21,2,41,32,2,1.000000,,,0.000000,,,,,,,,GLOBAL_BASELINE_NO_ENTITY_RANKING,,,NOT_APPLICABLE_GLOBAL_BASELINE,HF9g-P5,,,,X 全窗基线 · 不参与实体赏罚,6872259,688,A168_HF9F_20260827_0900,2026-08-27 09:00:00
2026-05-21,150322022,2141,0,42.0123936562,21.0061968281,21.0061968281,1.0000000,2,2,0.49324550000000000,0.493245500000,1.01360149184955,1.01360149184955,1.01360149184955,0E-17,ELIGIBLE,R03b_20260811_FULL_v1,L1_ELIGIBILITY,v2026-08-11,2026-03-21..2026-08-06,baccarat_bet02_101_all_pairs_incl_sentinel,round_win = game_pnl > 0 (decisive only),COMPATIBILITY_ONLY_NOT_PRODUCTION,1365.4028,1281.3780,168.0496,73,73,-0.12307692,,-0.12307692,-0.12307692,-168.0496,1365.4028,OK,0.0000,6.7220,4.0000,96.0000,AG03-UNRESOLVED,ALL5_LEVELS_bet23_to_bet27,6.7220,6.7220,6.7220,10.0830,10.0830,4.000000,4.000000,4.000000,6.000000,6.000000,96.000000,96.000000,96.000000,94.000000,94.000000,5.0,40.3319,36.6764,127.7177,131.3732,PENDING_AG03,FALSE,NOT_FOR_ENFORCEMENT,161.3276,1230.1229,168.0496,161.3276,6.7220,0.12307692,0.11815385,6.7220,161.3276,0.11815385,6.7220,6.7220,6.7220,10.0830,10.0830,161.3276,0.11815385,40.3319,36.6764,127.7177,131.3732,0.09353846,0.09621572,0.00492308,18.7041,17.5531,2.3020,84.0248,4.0988,682.7014,36.5000,,18.7041,21.0062,21.0062,21.0062,21.0062,21.0062,21.0062,21.0062,-10.5031,1.0,1.0,0.890411,23,31,3,1,0E-8,0.12307692,,0E-8,0.000000,0.938462,0.000000,,2026-05-20,2026-05-21,2,41,32,2,1.000000,,,0.000000,,,,,,,,GLOBAL_BASELINE_NO_ENTITY_RANKING,,,NOT_APPLICABLE_GLOBAL_BASELINE,HF9g-P5,,,,X 全窗基线 · 不参与实体赏罚,6872260,688,A168_HF9F_20260827_0900,2026-08-27 09:00:00
2026-05-21,150322022,2153,0,42.0123936562,0E-10,0E-10,0.5000000,2,2,0.49324550000000000,0.493245500000,0.01910635448239258,0.01910635448239258,0.01910635448239258,0E-17,ELIGIBLE,R03b_20260811_FULL_v1,L1_ELIGIBILITY,v2026-08-11,2026-03-21..2026-08-06,baccarat_bet02_101_all_pairs_incl_sentinel,round_win = game_pnl > 0 (decisive only),COMPATIBILITY_ONLY_NOT_PRODUCTION,1365.4028,1281.3780,168.0496,73,73,-0.12307692,,-0.12307692,-0.12307692,-168.0496,1365.4028,OK,0.0000,6.7220,4.0000,96.0000,AG03-UNRESOLVED,ALL5_LEVELS_bet23_to_bet27,6.7220,6.7220,6.7220,10.0830,10.0830,4.000000,4.000000,4.000000,6.000000,6.000000,96.000000,96.000000,96.000000,94.000000,94.000000,5.0,40.3319,36.6764,127.7177,131.3732,PENDING_AG03,FALSE,NOT_FOR_ENFORCEMENT,161.3276,1230.1229,168.0496,161.3276,6.7220,0.12307692,0.11815385,6.7220,161.3276,0.11815385,6.7220,6.7220,6.7220,10.0830,10.0830,161.3276,0.11815385,40.3319,36.6764,127.7177,131.3732,0.09353846,0.09621572,0.00492308,18.7041,17.5531,2.3020,84.0248,4.0988,682.7014,36.5000,,18.7041,21.0062,21.0062,21.0062,21.0062,21.0062,21.0062,21.0062,-10.5031,1.0,1.0,0.890411,23,31,3,1,0E-8,0.12307692,,0E-8,0.000000,0.938462,0.000000,,2026-05-20,2026-05-21,2,41,32,2,1.000000,,,0.000000,,,,,,,,GLOBAL_BASELINE_NO_ENTITY_RANKING,,,NOT_APPLICABLE_GLOBAL_BASELINE,HF9g-P5,,,,X 全窗基线 · 不参与实体赏罚,6872261,688,A168_HF9F_20260827_0900,2026-08-27 09:00:00
2026-05-21,150322022,2167,0,21.0061968281,21.0061968281,21.0061968281,1.0000000,1,1,0.49324550000000000,0.493245500000,1.01360149184955,1.01360149184955,1.01360149184955,0E-17,ELIGIBLE,R03b_20260811_FULL_v1,L1_ELIGIBILITY,v2026-08-11,2026-03-21..2026-08-06,baccarat_bet02_101_all_pairs_incl_sentinel,round_win = game_pnl > 0 (decisive only),COMPATIBILITY_ONLY_NOT_PRODUCTION,1365.4028,1281.3780,168.0496,73,73,-0.12307692,,-0.12307692,-0.12307692,-168.0496,1365.4028,OK,0.0000,6.7220,4.0000,96.0000,AG03-UNRESOLVED,ALL5_LEVELS_bet23_to_bet27,6.7220,6.7220,6.7220,10.0830,10.0830,4.000000,4.000000,4.000000,6.000000,6.000000,96.000000,96.000000,96.000000,94.000000,94.000000,5.0,40.3319,36.6764,127.7177,131.3732,PENDING_AG03,FALSE,NOT_FOR_ENFORCEMENT,161.3276,1230.1229,168.0496,161.3276,6.7220,0.12307692,0.11815385,6.7220,161.3276,0.11815385,6.7220,6.7220,6.7220,10.0830,10.0830,161.3276,0.11815385,40.3319,36.6764,127.7177,131.3732,0.09353846,0.09621572,0.00492308,18.7041,17.5531,2.3020,84.0248,4.0988,682.7014,36.5000,,18.7041,21.0062,21.0062,21.0062,21.0062,21.0062,21.0062,21.0062,-10.5031,1.0,1.0,0.890411,23,31,3,1,0E-8,0.12307692,,0E-8,0.000000,0.938462,0.000000,,2026-05-20,2026-05-21,2,41,32,2,1.000000,,,0.000000,,,,,,,,GLOBAL_BASELINE_NO_ENTITY_RANKING,,,NOT_APPLICABLE_GLOBAL_BASELINE,HF9g-P5,,,,X 全窗基线 · 不参与实体赏罚,6872262,688,A168_HF9F_20260827_0900,2026-08-27 09:00:00
2026-05-21,150322022,2188,0,42.0123936562,0E-10,0E-10,0.5000000,2,2,0.49324550000000000,0.493245500000,0.01910635448239258,0.01910635448239258,0.01910635448239258,0E-17,ELIGIBLE,R03b_20260811_FULL_v1,L1_ELIGIBILITY,v2026-08-11,2026-03-21..2026-08-06,baccarat_bet02_101_all_pairs_incl_sentinel,round_win = game_pnl > 0 (decisive only),COMPATIBILITY_ONLY_NOT_PRODUCTION,1365.4028,1281.3780,168.0496,73,73,-0.12307692,,-0.12307692,-0.12307692,-168.0496,1365.4028,OK,0.0000,6.7220,4.0000,96.0000,AG03-UNRESOLVED,ALL5_LEVELS_bet23_to_bet27,6.7220,6.7220,6.7220,10.0830,10.0830,4.000000,4.000000,4.000000,6.000000,6.000000,96.000000,96.000000,96.000000,94.000000,94.000000,5.0,40.3319,36.6764,127.7177,131.3732,PENDING_AG03,FALSE,NOT_FOR_ENFORCEMENT,161.3276,1230.1229,168.0496,161.3276,6.7220,0.12307692,0.11815385,6.7220,161.3276,0.11815385,6.7220,6.7220,6.7220,10.0830,10.0830,161.3276,0.11815385,40.3319,36.6764,127.7177,131.3732,0.09353846,0.09621572,0.00492308,18.7041,17.5531,2.3020,84.0248,4.0988,682.7014,36.5000,,18.7041,21.0062,21.0062,21.0062,21.0062,21.0062,21.0062,21.0062,-10.5031,1.0,1.0,0.890411,23,31,3,1,0E-8,0.12307692,,0E-8,0.000000,0.938462,0.000000,,2026-05-20,2026-05-21,2,41,32,2,1.000000,,,0.000000,,,,,,,,GLOBAL_BASELINE_NO_ENTITY_RANKING,,,NOT_APPLICABLE_GLOBAL_BASELINE,HF9g-P5,,,,X 全窗基线 · 不参与实体赏罚,6872263,688,A168_HF9F_20260827_0900,2026-08-27 09:00:00
2026-05-21,150322022,2205,0,31.5092952421,-31.5092952421,-31.5092952421,0E-7,2,2,0.49324550000000000,0.493245500000,-1.3952362676504506,-1.3952362676504506,-1.3952362676504506,0E-17,ELIGIBLE,R03b_20260811_FULL_v1,L1_ELIGIBILITY,v2026-08-11,2026-03-21..2026-08-06,baccarat_bet02_101_all_pairs_incl_sentinel,round_win = game_pnl > 0 (decisive only),COMPATIBILITY_ONLY_NOT_PRODUCTION,1365.4028,1281.3780,168.0496,73,73,-0.12307692,,-0.12307692,-0.12307692,-168.0496,1365.4028,OK,0.0000,6.7220,4.0000,96.0000,AG03-UNRESOLVED,ALL5_LEVELS_bet23_to_bet27,6.7220,6.7220,6.7220,10.0830,10.0830,4.000000,4.000000,4.000000,6.000000,6.000000,96.000000,96.000000,96.000000,94.000000,94.000000,5.0,40.3319,36.6764,127.7177,131.3732,PENDING_AG03,FALSE,NOT_FOR_ENFORCEMENT,161.3276,1230.1229,168.0496,161.3276,6.7220,0.12307692,0.11815385,6.7220,161.3276,0.11815385,6.7220,6.7220,6.7220,10.0830,10.0830,161.3276,0.11815385,40.3319,36.6764,127.7177,131.3732,0.09353846,0.09621572,0.00492308,18.7041,17.5531,2.3020,84.0248,4.0988,682.7014,36.5000,,18.7041,21.0062,21.0062,21.0062,21.0062,21.0062,21.0062,21.0062,-10.5031,1.0,1.0,0.890411,23,31,3,1,0E-8,0.12307692,,0E-8,0.000000,0.938462,0.000000,,2026-05-20,2026-05-21,2,41,32,2,1.000000,,,0.000000,,,,,,,,GLOBAL_BASELINE_NO_ENTITY_RANKING,,,NOT_APPLICABLE_GLOBAL_BASELINE,HF9g-P5,,,,X 全窗基线 · 不参与实体赏罚,6872264,688,A168_HF9F_20260827_0900,2026-08-27 09:00:00
2026-05-21,150322022,2209,0,21.0061968281,-21.0061968281,-21.0061968281,0E-7,1,1,0.49324550000000000,0.493245500000,-0.9865810262130424,-0.9865810262130424,-0.9865810262130424,0E-17,ELIGIBLE,R03b_20260811_FULL_v1,L1_ELIGIBILITY,v2026-08-11,2026-03-21..2026-08-06,baccarat_bet02_101_all_pairs_incl_sentinel,round_win = game_pnl > 0 (decisive only),COMPATIBILITY_ONLY_NOT_PRODUCTION,1365.4028,1281.3780,168.0496,73,73,-0.12307692,,-0.12307692,-0.12307692,-168.0496,1365.4028,OK,0.0000,6.7220,4.0000,96.0000,AG03-UNRESOLVED,ALL5_LEVELS_bet23_to_bet27,6.7220,6.7220,6.7220,10.0830,10.0830,4.000000,4.000000,4.000000,6.000000,6.000000,96.000000,96.000000,96.000000,94.000000,94.000000,5.0,40.3319,36.6764,127.7177,131.3732,PENDING_AG03,FALSE,NOT_FOR_ENFORCEMENT,161.3276,1230.1229,168.0496,161.3276,6.7220,0.12307692,0.11815385,6.7220,161.3276,0.11815385,6.7220,6.7220,6.7220,10.0830,10.0830,161.3276,0.11815385,40.3319,36.6764,127.7177,131.3732,0.09353846,0.09621572,0.00492308,18.7041,17.5531,2.3020,84.0248,4.0988,682.7014,36.5000,,18.7041,21.0062,21.0062,21.0062,21.0062,21.0062,21.0062,21.0062,-10.5031,1.0,1.0,0.890411,23,31,3,1,0E-8,0.12307692,,0E-8,0.000000,0.938462,0.000000,,2026-05-20,2026-05-21,2,41,32,2,1.000000,,,0.000000,,,,,,,,GLOBAL_BASELINE_NO_ENTITY_RANKING,,,NOT_APPLICABLE_GLOBAL_BASELINE,HF9g-P5,,,,X 全窗基线 · 不参与实体赏罚,6872265,688,A168_HF9F_20260827_0900,2026-08-27 09:00:00
2026-05-21,150322022,2220,0,42.0123936562,-42.0123936562,-42.0123936562,0E-7,2,2,0.49324550000000000,0.493245500000,-1.3952362676504506,-1.3952362676504506,-1.3952362676504506,0E-17,ELIGIBLE,R03b_20260811_FULL_v1,L1_ELIGIBILITY,v2026-08-11,2026-03-21..2026-08-06,baccarat_bet02_101_all_pairs_incl_sentinel,round_win = game_pnl > 0 (decisive only),COMPATIBILITY_ONLY_NOT_PRODUCTION,1365.4028,1281.3780,168.0496,73,73,-0.12307692,,-0.12307692,-0.12307692,-168.0496,1365.4028,OK,0.0000,6.7220,4.0000,96.0000,AG03-UNRESOLVED,ALL5_LEVELS_bet23_to_bet27,6.7220,6.7220,6.7220,10.0830,10.0830,4.000000,4.000000,4.000000,6.000000,6.000000,96.000000,96.000000,96.000000,94.000000,94.000000,5.0,40.3319,36.6764,127.7177,131.3732,PENDING_AG03,FALSE,NOT_FOR_ENFORCEMENT,161.3276,1230.1229,168.0496,161.3276,6.7220,0.12307692,0.11815385,6.7220,161.3276,0.11815385,6.7220,6.7220,6.7220,10.0830,10.0830,161.3276,0.11815385,40.3319,36.6764,127.7177,131.3732,0.09353846,0.09621572,0.00492308,18.7041,17.5531,2.3020,84.0248,4.0988,682.7014,36.5000,,18.7041,21.0062,21.0062,21.0062,21.0062,21.0062,21.0062,21.0062,-10.5031,1.0,1.0,0.890411,23,31,3,1,0E-8,0.12307692,,0E-8,0.000000,0.938462,0.000000,,2026-05-20,2026-05-21,2,41,32,2,1.000000,,,0.000000,,,,,,,,GLOBAL_BASELINE_NO_ENTITY_RANKING,,,NOT_APPLICABLE_GLOBAL_BASELINE,HF9g-P5,,,,X 全窗基线 · 不参与实体赏罚,6872266,688,A168_HF9F_20260827_0900,2026-08-27 09:00:00
2026-05-21,150322022,2239,0,21.0061968281,-21.0061968281,-21.0061968281,0E-7,1,1,0.49324550000000000,0.493245500000,-0.9865810262130424,-0.9865810262130424,-0.9865810262130424,0E-17,ELIGIBLE,R03b_20260811_FULL_v1,L1_ELIGIBILITY,v2026-08-11,2026-03-21..2026-08-06,baccarat_bet02_101_all_pairs_incl_sentinel,round_win = game_pnl > 0 (decisive only),COMPATIBILITY_ONLY_NOT_PRODUCTION,1365.4028,1281.3780,168.0496,73,73,-0.12307692,,-0.12307692,-0.12307692,-168.0496,1365.4028,OK,0.0000,6.7220,4.0000,96.0000,AG03-UNRESOLVED,ALL5_LEVELS_bet23_to_bet27,6.7220,6.7220,6.7220,10.0830,10.0830,4.000000,4.000000,4.000000,6.000000,6.000000,96.000000,96.000000,96.000000,94.000000,94.000000,5.0,40.3319,36.6764,127.7177,131.3732,PENDING_AG03,FALSE,NOT_FOR_ENFORCEMENT,161.3276,1230.1229,168.0496,161.3276,6.7220,0.12307692,0.11815385,6.7220,161.3276,0.11815385,6.7220,6.7220,6.7220,10.0830,10.0830,161.3276,0.11815385,40.3319,36.6764,127.7177,131.3732,0.09353846,0.09621572,0.00492308,18.7041,17.5531,2.3020,84.0248,4.0988,682.7014,36.5000,,18.7041,21.0062,21.0062,21.0062,21.0062,21.0062,21.0062,21.0062,-10.5031,1.0,1.0,0.890411,23,31,3,1,0E-8,0.12307692,,0E-8,0.000000,0.938462,0.000000,,2026-05-20,2026-05-21,2,41,32,2,1.000000,,,0.000000,,,,,,,,GLOBAL_BASELINE_NO_ENTITY_RANKING,,,NOT_APPLICABLE_GLOBAL_BASELINE,HF9g-P5,,,,X 全窗基线 · 不参与实体赏罚,6872267,688,A168_HF9F_20260827_0900,2026-08-27 09:00:00
2026-05-21,150322022,2248,0,10.5030984140,-10.5030984140,-10.5030984140,0E-7,1,1,0.49324550000000000,0.493245500000,-0.9865810262130424,-0.9865810262130424,-0.9865810262130424,0E-17,ELIGIBLE,R03b_20260811_FULL_v1,L1_ELIGIBILITY,v2026-08-11,2026-03-21..2026-08-06,baccarat_bet02_101_all_pairs_incl_sentinel,round_win = game_pnl > 0 (decisive only),COMPATIBILITY_ONLY_NOT_PRODUCTION,1365.4028,1281.3780,168.0496,73,73,-0.12307692,,-0.12307692,-0.12307692,-168.0496,1365.4028,OK,0.0000,6.7220,4.0000,96.0000,AG03-UNRESOLVED,ALL5_LEVELS_bet23_to_bet27,6.7220,6.7220,6.7220,10.0830,10.0830,4.000000,4.000000,4.000000,6.000000,6.000000,96.000000,96.000000,96.000000,94.000000,94.000000,5.0,40.3319,36.6764,127.7177,131.3732,PENDING_AG03,FALSE,NOT_FOR_ENFORCEMENT,161.3276,1230.1229,168.0496,161.3276,6.7220,0.12307692,0.11815385,6.7220,161.3276,0.11815385,6.7220,6.7220,6.7220,10.0830,10.0830,161.3276,0.11815385,40.3319,36.6764,127.7177,131.3732,0.09353846,0.09621572,0.00492308,18.7041,17.5531,2.3020,84.0248,4.0988,682.7014,36.5000,,18.7041,21.0062,21.0062,21.0062,21.0062,21.0062,21.0062,21.0062,-10.5031,1.0,1.0,0.890411,23,31,3,1,0E-8,0.12307692,,0E-8,0.000000,0.938462,0.000000,,2026-05-20,2026-05-21,2,41,32,2,1.000000,,,0.000000,,,,,,,,GLOBAL_BASELINE_NO_ENTITY_RANKING,,,NOT_APPLICABLE_GLOBAL_BASELINE,HF9g-P5,,,,X 全窗基线 · 不参与实体赏罚,6872268,688,A168_HF9F_20260827_0900,2026-08-27 09:00:00
2026-05-21,150322022,2261,0,10.5030984140,10.5030984140,10.5030984140,1.0000000,1,1,0.49324550000000000,0.493245500000,1.01360149184955,1.01360149184955,1.01360149184955,0E-17,ELIGIBLE,R03b_20260811_FULL_v1,L1_ELIGIBILITY,v2026-08-11,2026-03-21..2026-08-06,baccarat_bet02_101_all_pairs_incl_sentinel,round_win = game_pnl > 0 (decisive only),COMPATIBILITY_ONLY_NOT_PRODUCTION,1365.4028,1281.3780,168.0496,73,73,-0.12307692,,-0.12307692,-0.12307692,-168.0496,1365.4028,OK,0.0000,6.7220,4.0000,96.0000,AG03-UNRESOLVED,ALL5_LEVELS_bet23_to_bet27,6.7220,6.7220,6.7220,10.0830,10.0830,4.000000,4.000000,4.000000,6.000000,6.000000,96.000000,96.000000,96.000000,94.000000,94.000000,5.0,40.3319,36.6764,127.7177,131.3732,PENDING_AG03,FALSE,NOT_FOR_ENFORCEMENT,161.3276,1230.1229,168.0496,161.3276,6.7220,0.12307692,0.11815385,6.7220,161.3276,0.11815385,6.7220,6.7220,6.7220,10.0830,10.0830,161.3276,0.11815385,40.3319,36.6764,127.7177,131.3732,0.09353846,0.09621572,0.00492308,18.7041,17.5531,2.3020,84.0248,4.0988,682.7014,36.5000,,18.7041,21.0062,21.0062,21.0062,21.0062,21.0062,21.0062,21.0062,-10.5031,1.0,1.0,0.890411,23,31,3,1,0E-8,0.12307692,,0E-8,0.000000,0.938462,0.000000,,2026-05-20,2026-05-21,2,41,32,2,1.000000,,,0.000000,,,,,,,,GLOBAL_BASELINE_NO_ENTITY_RANKING,,,NOT_APPLICABLE_GLOBAL_BASELINE,HF9g-P5,,,,X 全窗基线 · 不参与实体赏罚,6872269,688,A168_HF9F_20260827_0900,2026-08-27 09:00:00
2026-05-21,150322022,752,0,21.0061968281,-21.0061968281,-21.0061968281,0E-7,1,1,0.49324550000000000,0.493245500000,-0.9865810262130424,-0.9865810262130424,-0.9865810262130424,0E-17,ELIGIBLE,R03b_20260811_FULL_v1,L1_ELIGIBILITY,v2026-08-11,2026-03-21..2026-08-06,baccarat_bet02_101_all_pairs_incl_sentinel,round_win = game_pnl > 0 (decisive only),COMPATIBILITY_ONLY_NOT_PRODUCTION,1365.4028,1281.3780,168.0496,73,73,-0.12307692,,-0.12307692,-0.12307692,-168.0496,1365.4028,OK,0.0000,6.7220,4.0000,96.0000,AG03-UNRESOLVED,ALL5_LEVELS_bet23_to_bet27,6.7220,6.7220,6.7220,10.0830,10.0830,4.000000,4.000000,4.000000,6.000000,6.000000,96.000000,96.000000,96.000000,94.000000,94.000000,5.0,40.3319,36.6764,127.7177,131.3732,PENDING_AG03,FALSE,NOT_FOR_ENFORCEMENT,161.3276,1230.1229,168.0496,161.3276,6.7220,0.12307692,0.11815385,6.7220,161.3276,0.11815385,6.7220,6.7220,6.7220,10.0830,10.0830,161.3276,0.11815385,40.3319,36.6764,127.7177,131.3732,0.09353846,0.09621572,0.00492308,18.7041,17.5531,2.3020,84.0248,4.0988,682.7014,36.5000,,18.7041,21.0062,21.0062,21.0062,21.0062,21.0062,21.0062,21.0062,-10.5031,1.0,1.0,0.890411,23,31,3,1,0E-8,0.12307692,,0E-8,0.000000,0.938462,0.000000,,2026-05-20,2026-05-21,2,41,32,2,1.000000,,,0.000000,,,,,,,,GLOBAL_BASELINE_NO_ENTITY_RANKING,,,NOT_APPLICABLE_GLOBAL_BASELINE,HF9g-P5,,,,X 全窗基线 · 不参与实体赏罚,6872270,688,A168_HF9F_20260827_0900,2026-08-27 09:00:00
2026-05-21,150322022,772,0,21.0061968281,-21.0061968281,-21.0061968281,0E-7,1,1,0.49324550000000000,0.493245500000,-0.9865810262130424,-0.9865810262130424,-0.9865810262130424,0E-17,ELIGIBLE,R03b_20260811_FULL_v1,L1_ELIGIBILITY,v2026-08-11,2026-03-21..2026-08-06,baccarat_bet02_101_all_pairs_incl_sentinel,round_win = game_pnl > 0 (decisive only),COMPATIBILITY_ONLY_NOT_PRODUCTION,1365.4028,1281.3780,168.0496,73,73,-0.12307692,,-0.12307692,-0.12307692,-168.0496,1365.4028,OK,0.0000,6.7220,4.0000,96.0000,AG03-UNRESOLVED,ALL5_LEVELS_bet23_to_bet27,6.7220,6.7220,6.7220,10.0830,10.0830,4.000000,4.000000,4.000000,6.000000,6.000000,96.000000,96.000000,96.000000,94.000000,94.000000,5.0,40.3319,36.6764,127.7177,131.3732,PENDING_AG03,FALSE,NOT_FOR_ENFORCEMENT,161.3276,1230.1229,168.0496,161.3276,6.7220,0.12307692,0.11815385,6.7220,161.3276,0.11815385,6.7220,6.7220,6.7220,10.0830,10.0830,161.3276,0.11815385,40.3319,36.6764,127.7177,131.3732,0.09353846,0.09621572,0.00492308,18.7041,17.5531,2.3020,84.0248,4.0988,682.7014,36.5000,,18.7041,21.0062,21.0062,21.0062,21.0062,21.0062,21.0062,21.0062,-10.5031,1.0,1.0,0.890411,23,31,3,1,0E-8,0.12307692,,0E-8,0.000000,0.938462,0.000000,,2026-05-20,2026-05-21,2,41,32,2,1.000000,,,0.000000,,,,,,,,GLOBAL_BASELINE_NO_ENTITY_RANKING,,,NOT_APPLICABLE_GLOBAL_BASELINE,HF9g-P5,,,,X 全窗基线 · 不参与实体赏罚,6872271,688,A168_HF9F_20260827_0900,2026-08-27 09:00:00
2026-05-21,150322022,970,0,42.0123936562,-42.0123936562,-42.0123936562,0E-7,2,2,0.49324550000000000,0.493245500000,-1.3952362676504506,-1.3952362676504506,-1.3952362676504506,0E-17,ELIGIBLE,R03b_20260811_FULL_v1,L1_ELIGIBILITY,v2026-08-11,2026-03-21..2026-08-06,baccarat_bet02_101_all_pairs_incl_sentinel,round_win = game_pnl > 0 (decisive only),COMPATIBILITY_ONLY_NOT_PRODUCTION,1365.4028,1281.3780,168.0496,73,73,-0.12307692,,-0.12307692,-0.12307692,-168.0496,1365.4028,OK,0.0000,6.7220,4.0000,96.0000,AG03-UNRESOLVED,ALL5_LEVELS_bet23_to_bet27,6.7220,6.7220,6.7220,10.0830,10.0830,4.000000,4.000000,4.000000,6.000000,6.000000,96.000000,96.000000,96.000000,94.000000,94.000000,5.0,40.3319,36.6764,127.7177,131.3732,PENDING_AG03,FALSE,NOT_FOR_ENFORCEMENT,161.3276,1230.1229,168.0496,161.3276,6.7220,0.12307692,0.11815385,6.7220,161.3276,0.11815385,6.7220,6.7220,6.7220,10.0830,10.0830,161.3276,0.11815385,40.3319,36.6764,127.7177,131.3732,0.09353846,0.09621572,0.00492308,18.7041,17.5531,2.3020,84.0248,4.0988,682.7014,36.5000,,18.7041,21.0062,21.0062,21.0062,21.0062,21.0062,21.0062,21.0062,-10.5031,1.0,1.0,0.890411,23,31,3,1,0E-8,0.12307692,,0E-8,0.000000,0.938462,0.000000,,2026-05-20,2026-05-21,2,41,32,2,1.000000,,,0.000000,,,,,,,,GLOBAL_BASELINE_NO_ENTITY_RANKING,,,NOT_APPLICABLE_GLOBAL_BASELINE,HF9g-P5,,,,X 全窗基线 · 不参与实体赏罚,6872272,688,A168_HF9F_20260827_0900,2026-08-27 09:00:00
2026-05-16,150117770,-1,1,252.0743619366,-106.0812939815,-106.0812939815,0.3571429,27,14,0.43047368042521801,0.340536622619,-0.5541411191443201,0.13111667621007092,-0.5541411191443201,0.08993705780621801,SENTINEL_DEALER,R03b_20260811_FULL_v1,L1_ELIGIBILITY,v2026-08-11,2026-03-21..2026-08-06,baccarat_bet02_101_all_pairs_incl_sentinel,round_win = game_pnl > 0 (decisive only),COMPATIBILITY_ONLY_NOT_PRODUCTION,1044.4281,1000.3151,168.0496,104,52,-0.16090105,,-0.16090105,-0.16090105,-168.0496,1044.4281,OK,0.0000,6.7220,4.0000,96.0000,AG03-UNRESOLVED,ALL5_LEVELS_bet23_to_bet27,6.7220,6.7220,6.7220,10.0830,10.0830,4.000000,4.000000,4.000000,6.000000,6.000000,96.000000,96.000000,96.000000,94.000000,94.000000,5.0,40.3319,36.6764,127.7177,131.3732,PENDING_AG03,FALSE,NOT_FOR_ENFORCEMENT,161.3276,960.3025,168.0496,161.3276,6.7220,0.16090105,0.15446500,6.7220,161.3276,0.15446500,6.7220,6.7220,6.7220,10.0830,10.0830,161.3276,0.15446500,40.3319,36.6764,127.7177,131.3732,0.12228479,0.12578483,0.00643604,10.0426,19.2368,3.2317,168.0496,9.8853,1044.4281,52.0000,,10.0426,2.1006,4.2012,14.9144,25.4175,31.7614,43.6089,4.2012,-2.1006,7.559999,10.379997,2.390384,13,15,1,5,0E-8,0.16090105,,0E-8,0.000000,0.957763,0.000000,,2026-05-16,2026-05-16,1,17,13,1,1.000000,,,0.000000,,,,,,,,GLOBAL_BASELINE_NO_ENTITY_RANKING,,,NOT_APPLICABLE_GLOBAL_BASELINE,HF9g-P5,,,,X 全窗基线 · 不参与实体赏罚,6872273,688,A168_HF9F_20260827_0900,2026-08-27 09:00:00
2026-05-16,150117770,1115,0,41.3822077513,-9.0326646361,-9.0326646361,0.5000000,4,2,0.41228404443326015,0.293924150000,0.25200641268475094,0.6397330434626627,0.25200641268475094,0.11835989443326015,ELIGIBLE,R03b_20260811_FULL_v1,L1_ELIGIBILITY,v2026-08-11,2026-03-21..2026-08-06,baccarat_bet02_101_all_pairs_incl_sentinel,round_win = game_pnl > 0 (decisive only),COMPATIBILITY_ONLY_NOT_PRODUCTION,1044.4281,1000.3151,168.0496,104,52,-0.16090105,,-0.16090105,-0.16090105,-168.0496,1044.4281,OK,0.0000,6.7220,4.0000,96.0000,AG03-UNRESOLVED,ALL5_LEVELS_bet23_to_bet27,6.7220,6.7220,6.7220,10.0830,10.0830,4.000000,4.000000,4.000000,6.000000,6.000000,96.000000,96.000000,96.000000,94.000000,94.000000,5.0,40.3319,36.6764,127.7177,131.3732,PENDING_AG03,FALSE,NOT_FOR_ENFORCEMENT,161.3276,960.3025,168.0496,161.3276,6.7220,0.16090105,0.15446500,6.7220,161.3276,0.15446500,6.7220,6.7220,6.7220,10.0830,10.0830,161.3276,0.15446500,40.3319,36.6764,127.7177,131.3732,0.12228479,0.12578483,0.00643604,10.0426,19.2368,3.2317,168.0496,9.8853,1044.4281,52.0000,,10.0426,2.1006,4.2012,14.9144,25.4175,31.7614,43.6089,4.2012,-2.1006,7.559999,10.379997,2.390384,13,15,1,5,0E-8,0.16090105,,0E-8,0.000000,0.957763,0.000000,,2026-05-16,2026-05-16,1,17,13,1,1.000000,,,0.000000,,,,,,,,GLOBAL_BASELINE_NO_ENTITY_RANKING,,,NOT_APPLICABLE_GLOBAL_BASELINE,HF9g-P5,,,,X 全窗基线 · 不参与实体赏罚,6872274,688,A168_HF9F_20260827_0900,2026-08-27 09:00:00
2026-05-16,150117770,1405,0,14.7043377796,-14.7043377796,-14.7043377796,0E-7,2,1,0.38892272857142857,0.300626750000,-0.7977808304440328,-0.655630731788307,-0.7977808304440328,0.08829597857142857,ELIGIBLE,R03b_20260811_FULL_v1,L1_ELIGIBILITY,v2026-08-11,2026-03-21..2026-08-06,baccarat_bet02_101_all_pairs_incl_sentinel,round_win = game_pnl > 0 (decisive only),COMPATIBILITY_ONLY_NOT_PRODUCTION,1044.4281,1000.3151,168.0496,104,52,-0.16090105,,-0.16090105,-0.16090105,-168.0496,1044.4281,OK,0.0000,6.7220,4.0000,96.0000,AG03-UNRESOLVED,ALL5_LEVELS_bet23_to_bet27,6.7220,6.7220,6.7220,10.0830,10.0830,4.000000,4.000000,4.000000,6.000000,6.000000,96.000000,96.000000,96.000000,94.000000,94.000000,5.0,40.3319,36.6764,127.7177,131.3732,PENDING_AG03,FALSE,NOT_FOR_ENFORCEMENT,161.3276,960.3025,168.0496,161.3276,6.7220,0.16090105,0.15446500,6.7220,161.3276,0.15446500,6.7220,6.7220,6.7220,10.0830,10.0830,161.3276,0.15446500,40.3319,36.6764,127.7177,131.3732,0.12228479,0.12578483,0.00643604,10.0426,19.2368,3.2317,168.0496,9.8853,1044.4281,52.0000,,10.0426,2.1006,4.2012,14.9144,25.4175,31.7614,43.6089,4.2012,-2.1006,7.559999,10.379997,2.390384,13,15,1,5,0E-8,0.16090105,,0E-8,0.000000,0.957763,0.000000,,2026-05-16,2026-05-16,1,17,13,1,1.000000,,,0.000000,,,,,,,,GLOBAL_BASELINE_NO_ENTITY_RANKING,,,NOT_APPLICABLE_GLOBAL_BASELINE,HF9g-P5,,,,X 全窗基线 · 不参与实体赏罚,6872275,688,A168_HF9F_20260827_0900,2026-08-27 09:00:00
2026-05-16,150117770,1490,0,25.2074361937,-25.2074361937,-25.2074361937,0E-7,2,1,0.46002527500013179,0.293924150000,-0.9230051640506617,-0.6451964315166089,-0.9230051640506617,0.16610112500013179,ELIGIBLE,R03b_20260811_FULL_v1,L1_ELIGIBILITY,v2026-08-11,2026-03-21..2026-08-06,baccarat_bet02_101_all_pairs_incl_sentinel,round_win = game_pnl > 0 (decisive only),COMPATIBILITY_ONLY_NOT_PRODUCTION,1044.4281,1000.3151,168.0496,104,52,-0.16090105,,-0.16090105,-0.16090105,-168.0496,1044.4281,OK,0.0000,6.7220,4.0000,96.0000,AG03-UNRESOLVED,ALL5_LEVELS_bet23_to_bet27,6.7220,6.7220,6.7220,10.0830,10.0830,4.000000,4.000000,4.000000,6.000000,6.000000,96.000000,96.000000,96.000000,94.000000,94.000000,5.0,40.3319,36.6764,127.7177,131.3732,PENDING_AG03,FALSE,NOT_FOR_ENFORCEMENT,161.3276,960.3025,168.0496,161.3276,6.7220,0.16090105,0.15446500,6.7220,161.3276,0.15446500,6.7220,6.7220,6.7220,10.0830,10.0830,161.3276,0.15446500,40.3319,36.6764,127.7177,131.3732,0.12228479,0.12578483,0.00643604,10.0426,19.2368,3.2317,168.0496,9.8853,1044.4281,52.0000,,10.0426,2.1006,4.2012,14.9144,25.4175,31.7614,43.6089,4.2012,-2.1006,7.559999,10.379997,2.390384,13,15,1,5,0E-8,0.16090105,,0E-8,0.000000,0.957763,0.000000,,2026-05-16,2026-05-16,1,17,13,1,1.000000,,,0.000000,,,,,,,,GLOBAL_BASELINE_NO_ENTITY_RANKING,,,NOT_APPLICABLE_GLOBAL_BASELINE,HF9g-P5,,,,X 全窗基线 · 不参与实体赏罚,6872276,688,A168_HF9F_20260827_0900,2026-08-27 09:00:00
2026-05-16,150117770,1507,0,50.4148723874,-17.6452053356,-17.6452053356,0.5000000,7,2,0.40316973285755348,0.203172508334,0.2791622870668724,1.0432886772361607,0.2791622870668724,0.19999722452355348,ELIGIBLE,R03b_20260811_FULL_v1,L1_ELIGIBILITY,v2026-08-11,2026-03-21..2026-08-06,baccarat_bet02_101_all_pairs_incl_sentinel,round_win = game_pnl > 0 (decisive only),COMPATIBILITY_ONLY_NOT_PRODUCTION,1044.4281,1000.3151,168.0496,104,52,-0.16090105,,-0.16090105,-0.16090105,-168.0496,1044.4281,OK,0.0000,6.7220,4.0000,96.0000,AG03-UNRESOLVED,ALL5_LEVELS_bet23_to_bet27,6.7220,6.7220,6.7220,10.0830,10.0830,4.000000,4.000000,4.000000,6.000000,6.000000,96.000000,96.000000,96.000000,94.000000,94.000000,5.0,40.3319,36.6764,127.7177,131.3732,PENDING_AG03,FALSE,NOT_FOR_ENFORCEMENT,161.3276,960.3025,168.0496,161.3276,6.7220,0.16090105,0.15446500,6.7220,161.3276,0.15446500,6.7220,6.7220,6.7220,10.0830,10.0830,161.3276,0.15446500,40.3319,36.6764,127.7177,131.3732,0.12228479,0.12578483,0.00643604,10.0426,19.2368,3.2317,168.0496,9.8853,1044.4281,52.0000,,10.0426,2.1006,4.2012,14.9144,25.4175,31.7614,43.6089,4.2012,-2.1006,7.559999,10.379997,2.390384,13,15,1,5,0E-8,0.16090105,,0E-8,0.000000,0.957763,0.000000,,2026-05-16,2026-05-16,1,17,13,1,1.000000,,,0.000000,,,,,,,,GLOBAL_BASELINE_NO_ENTITY_RANKING,,,NOT_APPLICABLE_GLOBAL_BASELINE,HF9g-P5,,,,X 全窗基线 · 不参与实体赏罚,6872277,688,A168_HF9F_20260827_0900,2026-08-27 09:00:00
2026-05-16,150117770,1941,0,170.1501943073,85.9153450268,85.9153450268,0.9000000,17,10,0.46898395139906254,0.385639705000,2.7312447974147798,3.341681047978045,2.7312447974147798,0.08334424639906254,ELIGIBLE,R03b_20260811_FULL_v1,L1_ELIGIBILITY,v2026-08-11,2026-03-21..2026-08-06,baccarat_bet02_101_all_pairs_incl_sentinel,round_win = game_pnl > 0 (decisive only),COMPATIBILITY_ONLY_NOT_PRODUCTION,1044.4281,1000.3151,168.0496,104,52,-0.16090105,,-0.16090105,-0.16090105,-168.0496,1044.4281,OK,0.0000,6.7220,4.0000,96.0000,AG03-UNRESOLVED,ALL5_LEVELS_bet23_to_bet27,6.7220,6.7220,6.7220,10.0830,10.0830,4.000000,4.000000,4.000000,6.000000,6.000000,96.000000,96.000000,96.000000,94.000000,94.000000,5.0,40.3319,36.6764,127.7177,131.3732,PENDING_AG03,FALSE,NOT_FOR_ENFORCEMENT,161.3276,960.3025,168.0496,161.3276,6.7220,0.16090105,0.15446500,6.7220,161.3276,0.15446500,6.7220,6.7220,6.7220,10.0830,10.0830,161.3276,0.15446500,40.3319,36.6764,127.7177,131.3732,0.12228479,0.12578483,0.00643604,10.0426,19.2368,3.2317,168.0496,9.8853,1044.4281,52.0000,,10.0426,2.1006,4.2012,14.9144,25.4175,31.7614,43.6089,4.2012,-2.1006,7.559999,10.379997,2.390384,13,15,1,5,0E-8,0.16090105,,0E-8,0.000000,0.957763,0.000000,,2026-05-16,2026-05-16,1,17,13,1,1.000000,,,0.000000,,,,,,,,GLOBAL_BASELINE_NO_ENTITY_RANKING,,,NOT_APPLICABLE_GLOBAL_BASELINE,HF9g-P5,,,,X 全窗基线 · 不参与实体赏罚,6872278,688,A168_HF9F_20260827_0900,2026-08-27 09:00:00
2026-05-16,150117770,2093,0,33.6099149249,-8.4024787312,-8.4024787312,0E-7,4,1,0.42690366250023727,0.187662550000,-0.8630801410219096,-0.48064072822218945,-0.8630801410219096,0.23924111250023727,ELIGIBLE,R03b_20260811_FULL_v1,L1_ELIGIBILITY,v2026-08-11,2026-03-21..2026-08-06,baccarat_bet02_101_all_pairs_incl_sentinel,round_win = game_pnl > 0 (decisive only),COMPATIBILITY_ONLY_NOT_PRODUCTION,1044.4281,1000.3151,168.0496,104,52,-0.16090105,,-0.16090105,-0.16090105,-168.0496,1044.4281,OK,0.0000,6.7220,4.0000,96.0000,AG03-UNRESOLVED,ALL5_LEVELS_bet23_to_bet27,6.7220,6.7220,6.7220,10.0830,10.0830,4.000000,4.000000,4.000000,6.000000,6.000000,96.000000,96.000000,96.000000,94.000000,94.000000,5.0,40.3319,36.6764,127.7177,131.3732,PENDING_AG03,FALSE,NOT_FOR_ENFORCEMENT,161.3276,960.3025,168.0496,161.3276,6.7220,0.16090105,0.15446500,6.7220,161.3276,0.15446500,6.7220,6.7220,6.7220,10.0830,10.0830,161.3276,0.15446500,40.3319,36.6764,127.7177,131.3732,0.12228479,0.12578483,0.00643604,10.0426,19.2368,3.2317,168.0496,9.8853,1044.4281,52.0000,,10.0426,2.1006,4.2012,14.9144,25.4175,31.7614,43.6089,4.2012,-2.1006,7.559999,10.379997,2.390384,13,15,1,5,0E-8,0.16090105,,0E-8,0.000000,0.957763,0.000000,,2026-05-16,2026-05-16,1,17,13,1,1.000000,,,0.000000,,,,,,,,GLOBAL_BASELINE_NO_ENTITY_RANKING,,,NOT_APPLICABLE_GLOBAL_BASELINE,HF9g-P5,,,,X 全窗基线 · 不参与实体赏罚,6872279,688,A168_HF9F_20260827_0900,2026-08-27 09:00:00
2026-05-16,150117770,2174,0,201.6594895493,27.9382417814,27.9382417814,0.7142857,19,7,0.43668747492924527,0.297296566667,1.4808315393400557,2.413752784266454,1.4808315393400557,0.13939090826224527,ELIGIBLE,R03b_20260811_FULL_v1,L1_ELIGIBILITY,v2026-08-11,2026-03-21..2026-08-06,baccarat_bet02_101_all_pairs_incl_sentinel,round_win = game_pnl > 0 (decisive only),COMPATIBILITY_ONLY_NOT_PRODUCTION,1044.4281,1000.3151,168.0496,104,52,-0.16090105,,-0.16090105,-0.16090105,-168.0496,1044.4281,OK,0.0000,6.7220,4.0000,96.0000,AG03-UNRESOLVED,ALL5_LEVELS_bet23_to_bet27,6.7220,6.7220,6.7220,10.0830,10.0830,4.000000,4.000000,4.000000,6.000000,6.000000,96.000000,96.000000,96.000000,94.000000,94.000000,5.0,40.3319,36.6764,127.7177,131.3732,PENDING_AG03,FALSE,NOT_FOR_ENFORCEMENT,161.3276,960.3025,168.0496,161.3276,6.7220,0.16090105,0.15446500,6.7220,161.3276,0.15446500,6.7220,6.7220,6.7220,10.0830,10.0830,161.3276,0.15446500,40.3319,36.6764,127.7177,131.3732,0.12228479,0.12578483,0.00643604,10.0426,19.2368,3.2317,168.0496,9.8853,1044.4281,52.0000,,10.0426,2.1006,4.2012,14.9144,25.4175,31.7614,43.6089,4.2012,-2.1006,7.559999,10.379997,2.390384,13,15,1,5,0E-8,0.16090105,,0E-8,0.000000,0.957763,0.000000,,2026-05-16,2026-05-16,1,17,13,1,1.000000,,,0.000000,,,,,,,,GLOBAL_BASELINE_NO_ENTITY_RANKING,,,NOT_APPLICABLE_GLOBAL_BASELINE,HF9g-P5,,,,X 全窗基线 · 不参与实体赏罚,6872280,688,A168_HF9F_20260827_0900,2026-08-27 09:00:00
2026-05-16,150117770,2224,0,22.0565066694,-13.6540279382,-13.6540279382,0.5000000,3,2,0.45147187647058824,0.396936125000,0.13790934498091056,0.29790616794075786,0.13790934498091056,0.05453575147058824,ELIGIBLE,R03b_20260811_FULL_v1,L1_ELIGIBILITY,v2026-08-11,2026-03-21..2026-08-06,baccarat_bet02_101_all_pairs_incl_sentinel,round_win = game_pnl > 0 (decisive only),COMPATIBILITY_ONLY_NOT_PRODUCTION,1044.4281,1000.3151,168.0496,104,52,-0.16090105,,-0.16090105,-0.16090105,-168.0496,1044.4281,OK,0.0000,6.7220,4.0000,96.0000,AG03-UNRESOLVED,ALL5_LEVELS_bet23_to_bet27,6.7220,6.7220,6.7220,10.0830,10.0830,4.000000,4.000000,4.000000,6.000000,6.000000,96.000000,96.000000,96.000000,94.000000,94.000000,5.0,40.3319,36.6764,127.7177,131.3732,PENDING_AG03,FALSE,NOT_FOR_ENFORCEMENT,161.3276,960.3025,168.0496,161.3276,6.7220,0.16090105,0.15446500,6.7220,161.3276,0.15446500,6.7220,6.7220,6.7220,10.0830,10.0830,161.3276,0.15446500,40.3319,36.6764,127.7177,131.3732,0.12228479,0.12578483,0.00643604,10.0426,19.2368,3.2317,168.0496,9.8853,1044.4281,52.0000,,10.0426,2.1006,4.2012,14.9144,25.4175,31.7614,43.6089,4.2012,-2.1006,7.559999,10.379997,2.390384,13,15,1,5,0E-8,0.16090105,,0E-8,0.000000,0.957763,0.000000,,2026-05-16,2026-05-16,1,17,13,1,1.000000,,,0.000000,,,,,,,,GLOBAL_BASELINE_NO_ENTITY_RANKING,,,NOT_APPLICABLE_GLOBAL_BASELINE,HF9g-P5,,,,X 全窗基线 · 不参与实体赏罚,6872281,688,A168_HF9F_20260827_0900,2026-08-27 09:00:00
2026-05-16,150117770,2241,0,42.0123936560,6.3018590485,6.3018590485,0.6666667,6,3,0.39883442357142857,0.296158350000,0.9473928789448395,1.4055914798160598,0.9473928789448395,0.10267607357142857,ELIGIBLE,R03b_20260811_FULL_v1,L1_ELIGIBILITY,v2026-08-11,2026-03-21..2026-08-06,baccarat_bet02_101_all_pairs_incl_sentinel,round_win = game_pnl > 0 (decisive only),COMPATIBILITY_ONLY_NOT_PRODUCTION,1044.4281,1000.3151,168.0496,104,52,-0.16090105,,-0.16090105,-0.16090105,-168.0496,1044.4281,OK,0.0000,6.7220,4.0000,96.0000,AG03-UNRESOLVED,ALL5_LEVELS_bet23_to_bet27,6.7220,6.7220,6.7220,10.0830,10.0830,4.000000,4.000000,4.000000,6.000000,6.000000,96.000000,96.000000,96.000000,94.000000,94.000000,5.0,40.3319,36.6764,127.7177,131.3732,PENDING_AG03,FALSE,NOT_FOR_ENFORCEMENT,161.3276,960.3025,168.0496,161.3276,6.7220,0.16090105,0.15446500,6.7220,161.3276,0.15446500,6.7220,6.7220,6.7220,10.0830,10.0830,161.3276,0.15446500,40.3319,36.6764,127.7177,131.3732,0.12228479,0.12578483,0.00643604,10.0426,19.2368,3.2317,168.0496,9.8853,1044.4281,52.0000,,10.0426,2.1006,4.2012,14.9144,25.4175,31.7614,43.6089,4.2012,-2.1006,7.559999,10.379997,2.390384,13,15,1,5,0E-8,0.16090105,,0E-8,0.000000,0.957763,0.000000,,2026-05-16,2026-05-16,1,17,13,1,1.000000,,,0.000000,,,,,,,,GLOBAL_BASELINE_NO_ENTITY_RANKING,,,NOT_APPLICABLE_GLOBAL_BASELINE,HF9g-P5,,,,X 全窗基线 · 不参与实体赏罚,6872282,688,A168_HF9F_20260827_0900,2026-08-27 09:00:00
2026-05-16,150117770,2246,0,10.5030984140,-10.5030984140,-10.5030984140,0E-7,2,1,0.42424112000000000,0.300626750000,-0.8583927835598563,-0.655630731788307,-0.8583927835598563,0.12361437000000000,ELIGIBLE,R03b_20260811_FULL_v1,L1_ELIGIBILITY,v2026-08-11,2026-03-21..2026-08-06,baccarat_bet02_101_all_pairs_incl_sentinel,round_win = game_pnl > 0 (decisive only),COMPATIBILITY_ONLY_NOT_PRODUCTION,1044.4281,1000.3151,168.0496,104,52,-0.16090105,,-0.16090105,-0.16090105,-168.0496,1044.4281,OK,0.0000,6.7220,4.0000,96.0000,AG03-UNRESOLVED,ALL5_LEVELS_bet23_to_bet27,6.7220,6.7220,6.7220,10.0830,10.0830,4.000000,4.000000,4.000000,6.000000,6.000000,96.000000,96.000000,96.000000,94.000000,94.000000,5.0,40.3319,36.6764,127.7177,131.3732,PENDING_AG03,FALSE,NOT_FOR_ENFORCEMENT,161.3276,960.3025,168.0496,161.3276,6.7220,0.16090105,0.15446500,6.7220,161.3276,0.15446500,6.7220,6.7220,6.7220,10.0830,10.0830,161.3276,0.15446500,40.3319,36.6764,127.7177,131.3732,0.12228479,0.12578483,0.00643604,10.0426,19.2368,3.2317,168.0496,9.8853,1044.4281,52.0000,,10.0426,2.1006,4.2012,14.9144,25.4175,31.7614,43.6089,4.2012,-2.1006,7.559999,10.379997,2.390384,13,15,1,5,0E-8,0.16090105,,0E-8,0.000000,0.957763,0.000000,,2026-05-16,2026-05-16,1,17,13,1,1.000000,,,0.000000,,,,,,,,GLOBAL_BASELINE_NO_ENTITY_RANKING,,,NOT_APPLICABLE_GLOBAL_BASELINE,HF9g-P5,,,,X 全窗基线 · 不参与实体赏罚,6872283,688,A168_HF9F_20260827_0900,2026-08-27 09:00:00
2026-05-16,150117770,2256,0,12.6037180968,11.9735321920,11.9735321920,1.0000000,1,1,0.50665070000000000,0.506650700000,0.9867858985152569,0.9867858985152569,0.9867858985152569,0E-17,ELIGIBLE,R03b_20260811_FULL_v1,L1_ELIGIBILITY,v2026-08-11,2026-03-21..2026-08-06,baccarat_bet02_101_all_pairs_incl_sentinel,round_win = game_pnl > 0 (decisive only),COMPATIBILITY_ONLY_NOT_PRODUCTION,1044.4281,1000.3151,168.0496,104,52,-0.16090105,,-0.16090105,-0.16090105,-168.0496,1044.4281,OK,0.0000,6.7220,4.0000,96.0000,AG03-UNRESOLVED,ALL5_LEVELS_bet23_to_bet27,6.7220,6.7220,6.7220,10.0830,10.0830,4.000000,4.000000,4.000000,6.000000,6.000000,96.000000,96.000000,96.000000,94.000000,94.000000,5.0,40.3319,36.6764,127.7177,131.3732,PENDING_AG03,FALSE,NOT_FOR_ENFORCEMENT,161.3276,960.3025,168.0496,161.3276,6.7220,0.16090105,0.15446500,6.7220,161.3276,0.15446500,6.7220,6.7220,6.7220,10.0830,10.0830,161.3276,0.15446500,40.3319,36.6764,127.7177,131.3732,0.12228479,0.12578483,0.00643604,10.0426,19.2368,3.2317,168.0496,9.8853,1044.4281,52.0000,,10.0426,2.1006,4.2012,14.9144,25.4175,31.7614,43.6089,4.2012,-2.1006,7.559999,10.379997,2.390384,13,15,1,5,0E-8,0.16090105,,0E-8,0.000000,0.957763,0.000000,,2026-05-16,2026-05-16,1,17,13,1,1.000000,,,0.000000,,,,,,,,GLOBAL_BASELINE_NO_ENTITY_RANKING,,,NOT_APPLICABLE_GLOBAL_BASELINE,HF9g-P5,,,,X 全窗基线 · 不参与实体赏罚,6872284,688,A168_HF9F_20260827_0900,2026-08-27 09:00:00
2026-05-16,150117770,471,0,33.6099149249,-25.2074361937,-25.2074361937,0.3333333,3,3,0.50218230000000000,0.502182300000,-0.5849155494134425,-0.5849155494134426,-0.5849155494134425,0E-17,ELIGIBLE,R03b_20260811_FULL_v1,L1_ELIGIBILITY,v2026-08-11,2026-03-21..2026-08-06,baccarat_bet02_101_all_pairs_incl_sentinel,round_win = game_pnl > 0 (decisive only),COMPATIBILITY_ONLY_NOT_PRODUCTION,1044.4281,1000.3151,168.0496,104,52,-0.16090105,,-0.16090105,-0.16090105,-168.0496,1044.4281,OK,0.0000,6.7220,4.0000,96.0000,AG03-UNRESOLVED,ALL5_LEVELS_bet23_to_bet27,6.7220,6.7220,6.7220,10.0830,10.0830,4.000000,4.000000,4.000000,6.000000,6.000000,96.000000,96.000000,96.000000,94.000000,94.000000,5.0,40.3319,36.6764,127.7177,131.3732,PENDING_AG03,FALSE,NOT_FOR_ENFORCEMENT,161.3276,960.3025,168.0496,161.3276,6.7220,0.16090105,0.15446500,6.7220,161.3276,0.15446500,6.7220,6.7220,6.7220,10.0830,10.0830,161.3276,0.15446500,40.3319,36.6764,127.7177,131.3732,0.12228479,0.12578483,0.00643604,10.0426,19.2368,3.2317,168.0496,9.8853,1044.4281,52.0000,,10.0426,2.1006,4.2012,14.9144,25.4175,31.7614,43.6089,4.2012,-2.1006,7.559999,10.379997,2.390384,13,15,1,5,0E-8,0.16090105,,0E-8,0.000000,0.957763,0.000000,,2026-05-16,2026-05-16,1,17,13,1,1.000000,,,0.000000,,,,,,,,GLOBAL_BASELINE_NO_ENTITY_RANKING,,,NOT_APPLICABLE_GLOBAL_BASELINE,HF9g-P5,,,,X 全窗基线 · 不参与实体赏罚,6872285,688,A168_HF9F_20260827_0900,2026-08-27 09:00:00
2026-05-16,150117770,925,0,102.0901165844,-102.0901165844,-102.0901165844,0E-7,6,3,0.45242995621123508,0.333794572222,-1.5744050104752054,-1.2260161165317474,-1.5744050104752054,0.11863538398923508,ELIGIBLE,R03b_20260811_FULL_v1,L1_ELIGIBILITY,v2026-08-11,2026-03-21..2026-08-06,baccarat_bet02_101_all_pairs_incl_sentinel,round_win = game_pnl > 0 (decisive only),COMPATIBILITY_ONLY_NOT_PRODUCTION,1044.4281,1000.3151,168.0496,104,52,-0.16090105,,-0.16090105,-0.16090105,-168.0496,1044.4281,OK,0.0000,6.7220,4.0000,96.0000,AG03-UNRESOLVED,ALL5_LEVELS_bet23_to_bet27,6.7220,6.7220,6.7220,10.0830,10.0830,4.000000,4.000000,4.000000,6.000000,6.000000,96.000000,96.000000,96.000000,94.000000,94.000000,5.0,40.3319,36.6764,127.7177,131.3732,PENDING_AG03,FALSE,NOT_FOR_ENFORCEMENT,161.3276,960.3025,168.0496,161.3276,6.7220,0.16090105,0.15446500,6.7220,161.3276,0.15446500,6.7220,6.7220,6.7220,10.0830,10.0830,161.3276,0.15446500,40.3319,36.6764,127.7177,131.3732,0.12228479,0.12578483,0.00643604,10.0426,19.2368,3.2317,168.0496,9.8853,1044.4281,52.0000,,10.0426,2.1006,4.2012,14.9144,25.4175,31.7614,43.6089,4.2012,-2.1006,7.559999,10.379997,2.390384,13,15,1,5,0E-8,0.16090105,,0E-8,0.000000,0.957763,0.000000,,2026-05-16,2026-05-16,1,17,13,1,1.000000,,,0.000000,,,,,,,,GLOBAL_BASELINE_NO_ENTITY_RANKING,,,NOT_APPLICABLE_GLOBAL_BASELINE,HF9g-P5,,,,X 全窗基线 · 不参与实体赏罚,6872286,688,A168_HF9F_20260827_0900,2026-08-27 09:00:00
2026-05-16,150117770,948,0,32.3495431152,32.3495431152,32.3495431152,1.0000000,1,1,0.49324550000000000,0.493245500000,1.01360149184955,1.01360149184955,1.01360149184955,0E-17,ELIGIBLE,R03b_20260811_FULL_v1,L1_ELIGIBILITY,v2026-08-11,2026-03-21..2026-08-06,baccarat_bet02_101_all_pairs_incl_sentinel,round_win = game_pnl > 0 (decisive only),COMPATIBILITY_ONLY_NOT_PRODUCTION,1044.4281,1000.3151,168.0496,104,52,-0.16090105,,-0.16090105,-0.16090105,-168.0496,1044.4281,OK,0.0000,6.7220,4.0000,96.0000,AG03-UNRESOLVED,ALL5_LEVELS_bet23_to_bet27,6.7220,6.7220,6.7220,10.0830,10.0830,4.000000,4.000000,4.000000,6.000000,6.000000,96.000000,96.000000,96.000000,94.000000,94.000000,5.0,40.3319,36.6764,127.7177,131.3732,PENDING_AG03,FALSE,NOT_FOR_ENFORCEMENT,161.3276,960.3025,168.0496,161.3276,6.7220,0.16090105,0.15446500,6.7220,161.3276,0.15446500,6.7220,6.7220,6.7220,10.0830,10.0830,161.3276,0.15446500,40.3319,36.6764,127.7177,131.3732,0.12228479,0.12578483,0.00643604,10.0426,19.2368,3.2317,168.0496,9.8853,1044.4281,52.0000,,10.0426,2.1006,4.2012,14.9144,25.4175,31.7614,43.6089,4.2012,-2.1006,7.559999,10.379997,2.390384,13,15,1,5,0E-8,0.16090105,,0E-8,0.000000,0.957763,0.000000,,2026-05-16,2026-05-16,1,17,13,1,1.000000,,,0.000000,,,,,,,,GLOBAL_BASELINE_NO_ENTITY_RANKING,,,NOT_APPLICABLE_GLOBAL_BASELINE,HF9g-P5,,,,X 全窗基线 · 不参与实体赏罚,6872287,688,A168_HF9F_20260827_0900,2026-08-27 09:00:00
2026-05-24,133844344,2117,0,760.4243251755,-168.0495746238,-168.0495746238,0.4545455,60,11,0.35187478234506735,0.139242748334,0.7130487394075578,3.0206291030351458,0.7130487394075578,0.21263203401106735,ELIGIBLE,R03b_20260811_FULL_v1,L1_ELIGIBILITY,v2026-08-11,2026-03-21..2026-08-06,baccarat_bet02_101_all_pairs_incl_sentinel,round_win = game_pnl > 0 (decisive only),COMPATIBILITY_ONLY_NOT_PRODUCTION,760.4243,718.4119,168.0496,60,11,-0.22099448,,-0.22099448,-0.22099448,-168.0496,760.4243,OK,0.0000,6.7220,4.0000,96.0000,AG03-UNRESOLVED,ALL5_LEVELS_bet23_to_bet27,6.7220,6.7220,6.7220,10.0830,0.0000,4.000000,4.000000,4.000000,6.000000,0.000000,96.000000,96.000000,96.000000,94.000000,100.000000,5.0,30.2489,28.2908,137.8007,139.7587,PENDING_AG03,FALSE,NOT_FOR_ENFORCEMENT,161.3276,689.6755,168.0496,161.3276,6.7220,0.22099448,0.21215470,6.7220,161.3276,0.21215470,6.7220,6.7220,6.7220,10.0830,0.0000,161.3276,0.21215470,30.2489,28.2908,137.8007,139.7587,0.18121547,0.18379046,0.00883978,12.6737,65.3102,15.2772,168.0496,168.0496,760.4243,11.0000,,12.6737,2.1006,6.3019,6.3019,52.5155,56.7167,56.7167,6.3019,-5.2515,9.0,9.0,2.011111,1,1,1,7,0E-8,0.22099448,,0E-8,0.000000,0.944751,0.000000,,2026-05-24,2026-05-24,1,1,1,1,1.000000,,,0.000000,,,,,,,,GLOBAL_BASELINE_NO_ENTITY_RANKING,,,NOT_APPLICABLE_GLOBAL_BASELINE,HF9g-P5,,,,X 全窗基线 · 不参与实体赏罚,6872288,688,A168_HF9F_20260827_0900,2026-08-27 09:00:00
2026-05-25,150533715,1966,0,336.0991492490,0E-10,0E-10,0.5000000,2,2,0.49994810000000000,0.499948100000,0.00014679536856514622,0.00014679536856514622,0.00014679536856514622,0E-17,ELIGIBLE,R03b_20260811_FULL_v1,L1_ELIGIBILITY,v2026-08-11,2026-03-21..2026-08-06,baccarat_bet02_101_all_pairs_incl_sentinel,round_win = game_pnl > 0 (decisive only),COMPATIBILITY_ONLY_NOT_PRODUCTION,670.3203,587.2345,168.0496,7,7,-0.25070040,,-0.25070040,-0.25070040,-168.0496,670.3203,THIN_EXPOSURE,0.0000,6.7220,4.0000,96.0000,AG03-UNRESOLVED,ALL5_LEVELS_bet23_to_bet27,6.7220,6.7220,6.7220,6.7220,6.7220,4.000000,4.000000,4.000000,4.000000,4.000000,96.000000,96.000000,96.000000,96.000000,96.000000,5.0,33.6099,31.0265,134.4397,137.023,PENDING_AG03,FALSE,NOT_FOR_ENFORCEMENT,161.3276,563.7451,168.0496,161.3276,6.7220,0.25070040,0.24067238,6.7220,161.3276,0.24067238,6.7220,6.7220,6.7220,6.7220,6.7220,161.3276,0.24067238,33.6099,31.0265,134.4397,137.023,0.20056032,0.20441426,0.01002802,95.7600,83.8906,24.0071,84.0248,84.0248,335.1602,3.5000,,95.7600,41.5429,41.5429,168.0496,168.0496,168.0496,168.0496,41.5429,0.0,4.045205,4.045205,2.305088,2,4,2,2,0E-8,0.25070040,,0E-8,0.000000,0.876051,0.000000,,2026-05-25,2026-06-08,2,2,2,15,0.133333,,,0.000000,,,,,,,,GLOBAL_BASELINE_NO_ENTITY_RANKING,,,NOT_APPLICABLE_GLOBAL_BASELINE,HF9g-P5,,,,X 全窗基线 · 不参与实体赏罚,6872289,688,A168_HF9F_20260827_0900,2026-08-27 09:00:00
2026-05-25,150533715,2244,0,168.0495746245,-168.0495746245,-168.0495746245,0E-7,1,1,0.49324550000000000,0.493245500000,-0.9865810262130424,-0.9865810262130424,-0.9865810262130424,0E-17,ELIGIBLE,R03b_20260811_FULL_v1,L1_ELIGIBILITY,v2026-08-11,2026-03-21..2026-08-06,baccarat_bet02_101_all_pairs_incl_sentinel,round_win = game_pnl > 0 (decisive only),COMPATIBILITY_ONLY_NOT_PRODUCTION,670.3203,587.2345,168.0496,7,7,-0.25070040,,-0.25070040,-0.25070040,-168.0496,670.3203,THIN_EXPOSURE,0.0000,6.7220,4.0000,96.0000,AG03-UNRESOLVED,ALL5_LEVELS_bet23_to_bet27,6.7220,6.7220,6.7220,6.7220,6.7220,4.000000,4.000000,4.000000,4.000000,4.000000,96.000000,96.000000,96.000000,96.000000,96.000000,5.0,33.6099,31.0265,134.4397,137.023,PENDING_AG03,FALSE,NOT_FOR_ENFORCEMENT,161.3276,563.7451,168.0496,161.3276,6.7220,0.25070040,0.24067238,6.7220,161.3276,0.24067238,6.7220,6.7220,6.7220,6.7220,6.7220,161.3276,0.24067238,33.6099,31.0265,134.4397,137.023,0.20056032,0.20441426,0.01002802,95.7600,83.8906,24.0071,84.0248,84.0248,335.1602,3.5000,,95.7600,41.5429,41.5429,168.0496,168.0496,168.0496,168.0496,41.5429,0.0,4.045205,4.045205,2.305088,2,4,2,2,0E-8,0.25070040,,0E-8,0.000000,0.876051,0.000000,,2026-05-25,2026-06-08,2,2,2,15,0.133333,,,0.000000,,,,,,,,GLOBAL_BASELINE_NO_ENTITY_RANKING,,,NOT_APPLICABLE_GLOBAL_BASELINE,HF9g-P5,,,,X 全窗基线 · 不参与实体赏罚,6872290,688,A168_HF9F_20260827_0900,2026-08-27 09:00:00
2026-06-08,150533715,2088,0,83.0858068670,-41.5429034335,-41.5429034335,0E-7,2,2,0.49324550000000000,0.493245500000,-0.9865810262130424,-0.9865810262130424,-0.9865810262130424,0E-17,ELIGIBLE,R03b_20260811_FULL_v1,L1_ELIGIBILITY,v2026-08-11,2026-03-21..2026-08-06,baccarat_bet02_101_all_pairs_incl_sentinel,round_win = game_pnl > 0 (decisive only),COMPATIBILITY_ONLY_NOT_PRODUCTION,670.3203,587.2345,168.0496,7,7,-0.25070040,,-0.25070040,-0.25070040,-168.0496,670.3203,THIN_EXPOSURE,0.0000,6.7220,4.0000,96.0000,AG03-UNRESOLVED,ALL5_LEVELS_bet23_to_bet27,6.7220,6.7220,6.7220,6.7220,6.7220,4.000000,4.000000,4.000000,4.000000,4.000000,96.000000,96.000000,96.000000,96.000000,96.000000,5.0,33.6099,31.0265,134.4397,137.023,PENDING_AG03,FALSE,NOT_FOR_ENFORCEMENT,161.3276,563.7451,168.0496,161.3276,6.7220,0.25070040,0.24067238,6.7220,161.3276,0.24067238,6.7220,6.7220,6.7220,6.7220,6.7220,161.3276,0.24067238,33.6099,31.0265,134.4397,137.023,0.20056032,0.20441426,0.01002802,95.7600,83.8906,24.0071,84.0248,84.0248,335.1602,3.5000,,95.7600,41.5429,41.5429,168.0496,168.0496,168.0496,168.0496,41.5429,0.0,4.045205,4.045205,2.305088,2,4,2,2,0E-8,0.25070040,,0E-8,0.000000,0.876051,0.000000,,2026-05-25,2026-06-08,2,2,2,15,0.133333,,,0.000000,,,,,,,,GLOBAL_BASELINE_NO_ENTITY_RANKING,,,NOT_APPLICABLE_GLOBAL_BASELINE,HF9g-P5,,,,X 全窗基线 · 不参与实体赏罚,6872291,688,A168_HF9F_20260827_0900,2026-08-27 09:00:00
2026-06-08,150533715,2223,0,83.0858068670,41.5429034335,41.5429034335,1.0000000,2,2,0.49324550000000000,0.493245500000,1.01360149184955,1.01360149184955,1.01360149184955,0E-17,ELIGIBLE,R03b_20260811_FULL_v1,L1_ELIGIBILITY,v2026-08-11,2026-03-21..2026-08-06,baccarat_bet02_101_all_pairs_incl_sentinel,round_win = game_pnl > 0 (decisive only),COMPATIBILITY_ONLY_NOT_PRODUCTION,670.3203,587.2345,168.0496,7,7,-0.25070040,,-0.25070040,-0.25070040,-168.0496,670.3203,THIN_EXPOSURE,0.0000,6.7220,4.0000,96.0000,AG03-UNRESOLVED,ALL5_LEVELS_bet23_to_bet27,6.7220,6.7220,6.7220,6.7220,6.7220,4.000000,4.000000,4.000000,4.000000,4.000000,96.000000,96.000000,96.000000,96.000000,96.000000,5.0,33.6099,31.0265,134.4397,137.023,PENDING_AG03,FALSE,NOT_FOR_ENFORCEMENT,161.3276,563.7451,168.0496,161.3276,6.7220,0.25070040,0.24067238,6.7220,161.3276,0.24067238,6.7220,6.7220,6.7220,6.7220,6.7220,161.3276,0.24067238,33.6099,31.0265,134.4397,137.023,0.20056032,0.20441426,0.01002802,95.7600,83.8906,24.0071,84.0248,84.0248,335.1602,3.5000,,95.7600,41.5429,41.5429,168.0496,168.0496,168.0496,168.0496,41.5429,0.0,4.045205,4.045205,2.305088,2,4,2,2,0E-8,0.25070040,,0E-8,0.000000,0.876051,0.000000,,2026-05-25,2026-06-08,2,2,2,15,0.133333,,,0.000000,,,,,,,,GLOBAL_BASELINE_NO_ENTITY_RANKING,,,NOT_APPLICABLE_GLOBAL_BASELINE,HF9g-P5,,,,X 全窗基线 · 不参与实体赏罚,6872292,688,A168_HF9F_20260827_0900,2026-08-27 09:00:00
2026-05-05,149571860,-1,1,331.8979098834,72.6814410251,72.6814410251,0.6666667,5,5,0.50128862000000000,0.501288620000,0.5728882611789564,0.5728882611789564,0.5728882611789564,0E-17,SENTINEL_DEALER,R03b_20260811_FULL_v1,L1_ELIGIBILITY,v2026-08-11,2026-03-21..2026-08-06,baccarat_bet02_101_all_pairs_incl_sentinel,round_win = game_pnl > 0 (decisive only),COMPATIBILITY_ONLY_NOT_PRODUCTION,572.6289,446.5917,168.0496,9,9,-0.29347029,,-0.29347029,-0.29347029,-168.0496,572.6289,THIN_EXPOSURE,0.0000,6.7220,4.0000,96.0000,AG03-UNRESOLVED,ALL5_LEVELS_bet23_to_bet27,6.7220,6.7220,6.7220,13.4440,13.4440,4.000000,4.000000,4.000000,8.000000,8.000000,96.000000,96.000000,96.000000,92.000000,92.000000,5.0,47.0539,42.2072,120.9957,125.8423,PENDING_AG03,FALSE,NOT_FOR_ENFORCEMENT,161.3276,428.7281,168.0496,161.3276,6.7220,0.29347029,0.28173147,6.7220,161.3276,0.28173147,6.7220,6.7220,6.7220,13.4440,13.4440,161.3276,0.28173147,47.0539,42.2072,120.9957,125.8423,0.21129861,0.21976245,0.01173881,63.6254,49.6213,18.6722,168.0496,84.0248,572.6289,9.0000,,63.6254,63.0186,63.0186,68.1651,82.3443,84.0248,84.0248,63.0186,-29.4087,1.333333,1.333333,1.00963,2,2,1,2,0E-8,0.29347029,,0E-8,0.000000,0.779897,0.000000,,2026-05-05,2026-05-05,1,2,2,1,1.000000,,,0.000000,,,,,,,,GLOBAL_BASELINE_NO_ENTITY_RANKING,,,NOT_APPLICABLE_GLOBAL_BASELINE,HF9g-P5,,,,X 全窗基线 · 不参与实体赏罚,6872293,688,A168_HF9F_20260827_0900,2026-08-27 09:00:00
2026-05-05,149571860,2224,0,240.7310156497,-240.7310156497,-240.7310156497,0E-7,4,4,0.49994810000000000,0.499948100000,-1.9997924107733216,-1.9997924107733216,-1.9997924107733216,0E-17,ELIGIBLE,R03b_20260811_FULL_v1,L1_ELIGIBILITY,v2026-08-11,2026-03-21..2026-08-06,baccarat_bet02_101_all_pairs_incl_sentinel,round_win = game_pnl > 0 (decisive only),COMPATIBILITY_ONLY_NOT_PRODUCTION,572.6289,446.5917,168.0496,9,9,-0.29347029,,-0.29347029,-0.29347029,-168.0496,572.6289,THIN_EXPOSURE,0.0000,6.7220,4.0000,96.0000,AG03-UNRESOLVED,ALL5_LEVELS_bet23_to_bet27,6.7220,6.7220,6.7220,13.4440,13.4440,4.000000,4.000000,4.000000,8.000000,8.000000,96.000000,96.000000,96.000000,92.000000,92.000000,5.0,47.0539,42.2072,120.9957,125.8423,PENDING_AG03,FALSE,NOT_FOR_ENFORCEMENT,161.3276,428.7281,168.0496,161.3276,6.7220,0.29347029,0.28173147,6.7220,161.3276,0.28173147,6.7220,6.7220,6.7220,13.4440,13.4440,161.3276,0.28173147,47.0539,42.2072,120.9957,125.8423,0.21129861,0.21976245,0.01173881,63.6254,49.6213,18.6722,168.0496,84.0248,572.6289,9.0000,,63.6254,63.0186,63.0186,68.1651,82.3443,84.0248,84.0248,63.0186,-29.4087,1.333333,1.333333,1.00963,2,2,1,2,0E-8,0.29347029,,0E-8,0.000000,0.779897,0.000000,,2026-05-05,2026-05-05,1,2,2,1,1.000000,,,0.000000,,,,,,,,GLOBAL_BASELINE_NO_ENTITY_RANKING,,,NOT_APPLICABLE_GLOBAL_BASELINE,HF9g-P5,,,,X 全窗基线 · 不参与实体赏罚,6872294,688,A168_HF9F_20260827_0900,2026-08-27 09:00:00
2026-05-15,133794057,-1,1,105.0309841403,105.0309841403,105.0309841403,1.0000000,1,1,0.50665070000000000,0.506650700000,0.9867858985152569,0.9867858985152569,0.9867858985152569,0E-17,SENTINEL_DEALER,R03b_20260811_FULL_v1,L1_ELIGIBILITY,v2026-08-11,2026-03-21..2026-08-06,baccarat_bet02_101_all_pairs_incl_sentinel,round_win = game_pnl > 0 (decisive only),COMPATIBILITY_ONLY_NOT_PRODUCTION,567.1673,504.1487,168.0496,10,10,-0.29629630,,-0.29629630,-0.29629630,-168.0496,567.1673,THIN_EXPOSURE,0.0000,6.7220,4.0000,96.0000,AG03-UNRESOLVED,ALL5_LEVELS_bet23_to_bet27,6.7220,6.7220,6.7220,10.0830,10.0830,4.000000,4.000000,4.000000,6.000000,6.000000,96.000000,96.000000,96.000000,94.000000,94.000000,5.0,40.3319,36.6764,127.7177,131.3732,PENDING_AG03,FALSE,NOT_FOR_ENFORCEMENT,161.3276,483.9828,168.0496,161.3276,6.7220,0.29629630,0.28444444,6.7220,161.3276,0.28444444,6.7220,6.7220,6.7220,10.0830,10.0830,161.3276,0.28444444,40.3319,36.6764,127.7177,131.3732,0.22518519,0.23163044,0.01185185,56.7167,50.4149,16.8050,56.0165,16.8050,189.0558,3.3333,,56.7167,21.0062,42.0124,105.031,105.031,105.031,105.031,31.5093,-10.5031,2.5,2.5,1.35,9,9,4,2,0E-8,0.29629630,,0E-8,0.000000,0.888889,0.800000,,2026-05-15,2026-05-17,3,10,10,3,1.000000,,,0.000000,,,,,,,,GLOBAL_BASELINE_NO_ENTITY_RANKING,,,NOT_APPLICABLE_GLOBAL_BASELINE,HF9g-P5,,,,X 全窗基线 · 不参与实体赏罚,6872295,688,A168_HF9F_20260827_0900,2026-08-27 09:00:00
2026-05-15,133794057,1353,0,105.0309841403,-105.0309841403,-105.0309841403,0E-7,1,1,0.49324550000000000,0.493245500000,-0.9865810262130424,-0.9865810262130424,-0.9865810262130424,0E-17,ELIGIBLE,R03b_20260811_FULL_v1,L1_ELIGIBILITY,v2026-08-11,2026-03-21..2026-08-06,baccarat_bet02_101_all_pairs_incl_sentinel,round_win = game_pnl > 0 (decisive only),COMPATIBILITY_ONLY_NOT_PRODUCTION,567.1673,504.1487,168.0496,10,10,-0.29629630,,-0.29629630,-0.29629630,-168.0496,567.1673,THIN_EXPOSURE,0.0000,6.7220,4.0000,96.0000,AG03-UNRESOLVED,ALL5_LEVELS_bet23_to_bet27,6.7220,6.7220,6.7220,10.0830,10.0830,4.000000,4.000000,4.000000,6.000000,6.000000,96.000000,96.000000,96.000000,94.000000,94.000000,5.0,40.3319,36.6764,127.7177,131.3732,PENDING_AG03,FALSE,NOT_FOR_ENFORCEMENT,161.3276,483.9828,168.0496,161.3276,6.7220,0.29629630,0.28444444,6.7220,161.3276,0.28444444,6.7220,6.7220,6.7220,10.0830,10.0830,161.3276,0.28444444,40.3319,36.6764,127.7177,131.3732,0.22518519,0.23163044,0.01185185,56.7167,50.4149,16.8050,56.0165,16.8050,189.0558,3.3333,,56.7167,21.0062,42.0124,105.031,105.031,105.031,105.031,31.5093,-10.5031,2.5,2.5,1.35,9,9,4,2,0E-8,0.29629630,,0E-8,0.000000,0.888889,0.800000,,2026-05-15,2026-05-17,3,10,10,3,1.000000,,,0.000000,,,,,,,,GLOBAL_BASELINE_NO_ENTITY_RANKING,,,NOT_APPLICABLE_GLOBAL_BASELINE,HF9g-P5,,,,X 全窗基线 · 不参与实体赏罚,6872296,688,A168_HF9F_20260827_0900,2026-08-27 09:00:00
2026-05-15,133794057,1401,0,105.0309841403,-105.0309841403,-105.0309841403,0E-7,1,1,0.49324550000000000,0.493245500000,-0.9865810262130424,-0.9865810262130424,-0.9865810262130424,0E-17,ELIGIBLE,R03b_20260811_FULL_v1,L1_ELIGIBILITY,v2026-08-11,2026-03-21..2026-08-06,baccarat_bet02_101_all_pairs_incl_sentinel,round_win = game_pnl > 0 (decisive only),COMPATIBILITY_ONLY_NOT_PRODUCTION,567.1673,504.1487,168.0496,10,10,-0.29629630,,-0.29629630,-0.29629630,-168.0496,567.1673,THIN_EXPOSURE,0.0000,6.7220,4.0000,96.0000,AG03-UNRESOLVED,ALL5_LEVELS_bet23_to_bet27,6.7220,6.7220,6.7220,10.0830,10.0830,4.000000,4.000000,4.000000,6.000000,6.000000,96.000000,96.000000,96.000000,94.000000,94.000000,5.0,40.3319,36.6764,127.7177,131.3732,PENDING_AG03,FALSE,NOT_FOR_ENFORCEMENT,161.3276,483.9828,168.0496,161.3276,6.7220,0.29629630,0.28444444,6.7220,161.3276,0.28444444,6.7220,6.7220,6.7220,10.0830,10.0830,161.3276,0.28444444,40.3319,36.6764,127.7177,131.3732,0.22518519,0.23163044,0.01185185,56.7167,50.4149,16.8050,56.0165,16.8050,189.0558,3.3333,,56.7167,21.0062,42.0124,105.031,105.031,105.031,105.031,31.5093,-10.5031,2.5,2.5,1.35,9,9,4,2,0E-8,0.29629630,,0E-8,0.000000,0.888889,0.800000,,2026-05-15,2026-05-17,3,10,10,3,1.000000,,,0.000000,,,,,,,,GLOBAL_BASELINE_NO_ENTITY_RANKING,,,NOT_APPLICABLE_GLOBAL_BASELINE,HF9g-P5,,,,X 全窗基线 · 不参与实体赏罚,6872297,688,A168_HF9F_20260827_0900,2026-08-27 09:00:00
2026-05-15,133794057,1505,0,42.0123936561,0E-10,0E-10,,1,1,0.50665070000000000,0.506650700000,,,,0E-17,NO_DECISIVE_ROUND,R03b_20260811_FULL_v1,L1_ELIGIBILITY,v2026-08-11,2026-03-21..2026-08-06,baccarat_bet02_101_all_pairs_incl_sentinel,round_win = game_pnl > 0 (decisive only),COMPATIBILITY_ONLY_NOT_PRODUCTION,567.1673,504.1487,168.0496,10,10,-0.29629630,,-0.29629630,-0.29629630,-168.0496,567.1673,THIN_EXPOSURE,0.0000,6.7220,4.0000,96.0000,AG03-UNRESOLVED,ALL5_LEVELS_bet23_to_bet27,6.7220,6.7220,6.7220,10.0830,10.0830,4.000000,4.000000,4.000000,6.000000,6.000000,96.000000,96.000000,96.000000,94.000000,94.000000,5.0,40.3319,36.6764,127.7177,131.3732,PENDING_AG03,FALSE,NOT_FOR_ENFORCEMENT,161.3276,483.9828,168.0496,161.3276,6.7220,0.29629630,0.28444444,6.7220,161.3276,0.28444444,6.7220,6.7220,6.7220,10.0830,10.0830,161.3276,0.28444444,40.3319,36.6764,127.7177,131.3732,0.22518519,0.23163044,0.01185185,56.7167,50.4149,16.8050,56.0165,16.8050,189.0558,3.3333,,56.7167,21.0062,42.0124,105.031,105.031,105.031,105.031,31.5093,-10.5031,2.5,2.5,1.35,9,9,4,2,0E-8,0.29629630,,0E-8,0.000000,0.888889,0.800000,,2026-05-15,2026-05-17,3,10,10,3,1.000000,,,0.000000,,,,,,,,GLOBAL_BASELINE_NO_ENTITY_RANKING,,,NOT_APPLICABLE_GLOBAL_BASELINE,HF9g-P5,,,,X 全窗基线 · 不参与实体赏罚,6872298,688,A168_HF9F_20260827_0900,2026-08-27 09:00:00
2026-05-15,133794057,2130,0,42.0123936561,21.0061968281,21.0061968281,1.0000000,1,1,0.50665070000000000,0.506650700000,0.9867858985152569,0.9867858985152569,0.9867858985152569,0E-17,ELIGIBLE,R03b_20260811_FULL_v1,L1_ELIGIBILITY,v2026-08-11,2026-03-21..2026-08-06,baccarat_bet02_101_all_pairs_incl_sentinel,round_win = game_pnl > 0 (decisive only),COMPATIBILITY_ONLY_NOT_PRODUCTION,567.1673,504.1487,168.0496,10,10,-0.29629630,,-0.29629630,-0.29629630,-168.0496,567.1673,THIN_EXPOSURE,0.0000,6.7220,4.0000,96.0000,AG03-UNRESOLVED,ALL5_LEVELS_bet23_to_bet27,6.7220,6.7220,6.7220,10.0830,10.0830,4.000000,4.000000,4.000000,6.000000,6.000000,96.000000,96.000000,96.000000,94.000000,94.000000,5.0,40.3319,36.6764,127.7177,131.3732,PENDING_AG03,FALSE,NOT_FOR_ENFORCEMENT,161.3276,483.9828,168.0496,161.3276,6.7220,0.29629630,0.28444444,6.7220,161.3276,0.28444444,6.7220,6.7220,6.7220,10.0830,10.0830,161.3276,0.28444444,40.3319,36.6764,127.7177,131.3732,0.22518519,0.23163044,0.01185185,56.7167,50.4149,16.8050,56.0165,16.8050,189.0558,3.3333,,56.7167,21.0062,42.0124,105.031,105.031,105.031,105.031,31.5093,-10.5031,2.5,2.5,1.35,9,9,4,2,0E-8,0.29629630,,0E-8,0.000000,0.888889,0.800000,,2026-05-15,2026-05-17,3,10,10,3,1.000000,,,0.000000,,,,,,,,GLOBAL_BASELINE_NO_ENTITY_RANKING,,,NOT_APPLICABLE_GLOBAL_BASELINE,HF9g-P5,,,,X 全窗基线 · 不参与实体赏罚,6872299,688,A168_HF9F_20260827_0900,2026-08-27 09:00:00
2026-05-16,133794057,-1,1,21.0061968281,-21.0061968281,-21.0061968281,0E-7,1,1,0.50665070000000000,0.506650700000,-1.013391052207602,-1.013391052207602,-1.013391052207602,0E-17,SENTINEL_DEALER,R03b_20260811_FULL_v1,L1_ELIGIBILITY,v2026-08-11,2026-03-21..2026-08-06,baccarat_bet02_101_all_pairs_incl_sentinel,round_win = game_pnl > 0 (decisive only),COMPATIBILITY_ONLY_NOT_PRODUCTION,567.1673,504.1487,168.0496,10,10,-0.29629630,,-0.29629630,-0.29629630,-168.0496,567.1673,THIN_EXPOSURE,0.0000,6.7220,4.0000,96.0000,AG03-UNRESOLVED,ALL5_LEVELS_bet23_to_bet27,6.7220,6.7220,6.7220,10.0830,10.0830,4.000000,4.000000,4.000000,6.000000,6.000000,96.000000,96.000000,96.000000,94.000000,94.000000,5.0,40.3319,36.6764,127.7177,131.3732,PENDING_AG03,FALSE,NOT_FOR_ENFORCEMENT,161.3276,483.9828,168.0496,161.3276,6.7220,0.29629630,0.28444444,6.7220,161.3276,0.28444444,6.7220,6.7220,6.7220,10.0830,10.0830,161.3276,0.28444444,40.3319,36.6764,127.7177,131.3732,0.22518519,0.23163044,0.01185185,56.7167,50.4149,16.8050,56.0165,16.8050,189.0558,3.3333,,56.7167,21.0062,42.0124,105.031,105.031,105.031,105.031,31.5093,-10.5031,2.5,2.5,1.35,9,9,4,2,0E-8,0.29629630,,0E-8,0.000000,0.888889,0.800000,,2026-05-15,2026-05-17,3,10,10,3,1.000000,,,0.000000,,,,,,,,GLOBAL_BASELINE_NO_ENTITY_RANKING,,,NOT_APPLICABLE_GLOBAL_BASELINE,HF9g-P5,,,,X 全窗基线 · 不参与实体赏罚,6872300,688,A168_HF9F_20260827_0900,2026-08-27 09:00:00
2026-05-16,133794057,1385,0,21.0061968281,21.0061968281,21.0061968281,1.0000000,1,1,0.50665070000000000,0.506650700000,0.9867858985152569,0.9867858985152569,0.9867858985152569,0E-17,ELIGIBLE,R03b_20260811_FULL_v1,L1_ELIGIBILITY,v2026-08-11,2026-03-21..2026-08-06,baccarat_bet02_101_all_pairs_incl_sentinel,round_win = game_pnl > 0 (decisive only),COMPATIBILITY_ONLY_NOT_PRODUCTION,567.1673,504.1487,168.0496,10,10,-0.29629630,,-0.29629630,-0.29629630,-168.0496,567.1673,THIN_EXPOSURE,0.0000,6.7220,4.0000,96.0000,AG03-UNRESOLVED,ALL5_LEVELS_bet23_to_bet27,6.7220,6.7220,6.7220,10.0830,10.0830,4.000000,4.000000,4.000000,6.000000,6.000000,96.000000,96.000000,96.000000,94.000000,94.000000,5.0,40.3319,36.6764,127.7177,131.3732,PENDING_AG03,FALSE,NOT_FOR_ENFORCEMENT,161.3276,483.9828,168.0496,161.3276,6.7220,0.29629630,0.28444444,6.7220,161.3276,0.28444444,6.7220,6.7220,6.7220,10.0830,10.0830,161.3276,0.28444444,40.3319,36.6764,127.7177,131.3732,0.22518519,0.23163044,0.01185185,56.7167,50.4149,16.8050,56.0165,16.8050,189.0558,3.3333,,56.7167,21.0062,42.0124,105.031,105.031,105.031,105.031,31.5093,-10.5031,2.5,2.5,1.35,9,9,4,2,0E-8,0.29629630,,0E-8,0.000000,0.888889,0.800000,,2026-05-15,2026-05-17,3,10,10,3,1.000000,,,0.000000,,,,,,,,GLOBAL_BASELINE_NO_ENTITY_RANKING,,,NOT_APPLICABLE_GLOBAL_BASELINE,HF9g-P5,,,,X 全窗基线 · 不参与实体赏罚,6872301,688,A168_HF9F_20260827_0900,2026-08-27 09:00:00
2026-05-16,133794057,2186,0,21.0061968281,21.0061968281,21.0061968281,1.0000000,1,1,0.49324550000000000,0.493245500000,1.01360149184955,1.01360149184955,1.01360149184955,0E-17,ELIGIBLE,R03b_20260811_FULL_v1,L1_ELIGIBILITY,v2026-08-11,2026-03-21..2026-08-06,baccarat_bet02_101_all_pairs_incl_sentinel,round_win = game_pnl > 0 (decisive only),COMPATIBILITY_ONLY_NOT_PRODUCTION,567.1673,504.1487,168.0496,10,10,-0.29629630,,-0.29629630,-0.29629630,-168.0496,567.1673,THIN_EXPOSURE,0.0000,6.7220,4.0000,96.0000,AG03-UNRESOLVED,ALL5_LEVELS_bet23_to_bet27,6.7220,6.7220,6.7220,10.0830,10.0830,4.000000,4.000000,4.000000,6.000000,6.000000,96.000000,96.000000,96.000000,94.000000,94.000000,5.0,40.3319,36.6764,127.7177,131.3732,PENDING_AG03,FALSE,NOT_FOR_ENFORCEMENT,161.3276,483.9828,168.0496,161.3276,6.7220,0.29629630,0.28444444,6.7220,161.3276,0.28444444,6.7220,6.7220,6.7220,10.0830,10.0830,161.3276,0.28444444,40.3319,36.6764,127.7177,131.3732,0.22518519,0.23163044,0.01185185,56.7167,50.4149,16.8050,56.0165,16.8050,189.0558,3.3333,,56.7167,21.0062,42.0124,105.031,105.031,105.031,105.031,31.5093,-10.5031,2.5,2.5,1.35,9,9,4,2,0E-8,0.29629630,,0E-8,0.000000,0.888889,0.800000,,2026-05-15,2026-05-17,3,10,10,3,1.000000,,,0.000000,,,,,,,,GLOBAL_BASELINE_NO_ENTITY_RANKING,,,NOT_APPLICABLE_GLOBAL_BASELINE,HF9g-P5,,,,X 全窗基线 · 不参与实体赏罚,6872302,688,A168_HF9F_20260827_0900,2026-08-27 09:00:00
2026-05-16,133794057,970,0,42.0123936561,-42.0123936561,-42.0123936561,0E-7,1,1,0.49324550000000000,0.493245500000,-0.9865810262130424,-0.9865810262130424,-0.9865810262130424,0E-17,ELIGIBLE,R03b_20260811_FULL_v1,L1_ELIGIBILITY,v2026-08-11,2026-03-21..2026-08-06,baccarat_bet02_101_all_pairs_incl_sentinel,round_win = game_pnl > 0 (decisive only),COMPATIBILITY_ONLY_NOT_PRODUCTION,567.1673,504.1487,168.0496,10,10,-0.29629630,,-0.29629630,-0.29629630,-168.0496,567.1673,THIN_EXPOSURE,0.0000,6.7220,4.0000,96.0000,AG03-UNRESOLVED,ALL5_LEVELS_bet23_to_bet27,6.7220,6.7220,6.7220,10.0830,10.0830,4.000000,4.000000,4.000000,6.000000,6.000000,96.000000,96.000000,96.000000,94.000000,94.000000,5.0,40.3319,36.6764,127.7177,131.3732,PENDING_AG03,FALSE,NOT_FOR_ENFORCEMENT,161.3276,483.9828,168.0496,161.3276,6.7220,0.29629630,0.28444444,6.7220,161.3276,0.28444444,6.7220,6.7220,6.7220,10.0830,10.0830,161.3276,0.28444444,40.3319,36.6764,127.7177,131.3732,0.22518519,0.23163044,0.01185185,56.7167,50.4149,16.8050,56.0165,16.8050,189.0558,3.3333,,56.7167,21.0062,42.0124,105.031,105.031,105.031,105.031,31.5093,-10.5031,2.5,2.5,1.35,9,9,4,2,0E-8,0.29629630,,0E-8,0.000000,0.888889,0.800000,,2026-05-15,2026-05-17,3,10,10,3,1.000000,,,0.000000,,,,,,,,GLOBAL_BASELINE_NO_ENTITY_RANKING,,,NOT_APPLICABLE_GLOBAL_BASELINE,HF9g-P5,,,,X 全窗基线 · 不参与实体赏罚,6872303,688,A168_HF9F_20260827_0900,2026-08-27 09:00:00
2026-05-17,133794057,2242,0,63.0185904842,-63.0185904842,-63.0185904842,0E-7,1,1,0.49324550000000000,0.493245500000,-0.9865810262130424,-0.9865810262130424,-0.9865810262130424,0E-17,ELIGIBLE,R03b_20260811_FULL_v1,L1_ELIGIBILITY,v2026-08-11,2026-03-21..2026-08-06,baccarat_bet02_101_all_pairs_incl_sentinel,round_win = game_pnl > 0 (decisive only),COMPATIBILITY_ONLY_NOT_PRODUCTION,567.1673,504.1487,168.0496,10,10,-0.29629630,,-0.29629630,-0.29629630,-168.0496,567.1673,THIN_EXPOSURE,0.0000,6.7220,4.0000,96.0000,AG03-UNRESOLVED,ALL5_LEVELS_bet23_to_bet27,6.7220,6.7220,6.7220,10.0830,10.0830,4.000000,4.000000,4.000000,6.000000,6.000000,96.000000,96.000000,96.000000,94.000000,94.000000,5.0,40.3319,36.6764,127.7177,131.3732,PENDING_AG03,FALSE,NOT_FOR_ENFORCEMENT,161.3276,483.9828,168.0496,161.3276,6.7220,0.29629630,0.28444444,6.7220,161.3276,0.28444444,6.7220,6.7220,6.7220,10.0830,10.0830,161.3276,0.28444444,40.3319,36.6764,127.7177,131.3732,0.22518519,0.23163044,0.01185185,56.7167,50.4149,16.8050,56.0165,16.8050,189.0558,3.3333,,56.7167,21.0062,42.0124,105.031,105.031,105.031,105.031,31.5093,-10.5031,2.5,2.5,1.35,9,9,4,2,0E-8,0.29629630,,0E-8,0.000000,0.888889,0.800000,,2026-05-15,2026-05-17,3,10,10,3,1.000000,,,0.000000,,,,,,,,GLOBAL_BASELINE_NO_ENTITY_RANKING,,,NOT_APPLICABLE_GLOBAL_BASELINE,HF9g-P5,,,,X 全窗基线 · 不参与实体赏罚,6872304,688,A168_HF9F_20260827_0900,2026-08-27 09:00:00
2026-05-04,137945297,1109,0,21.0061968281,-21.0061968281,-21.0061968281,0E-7,1,1,0.49324550000000000,0.493245500000,-0.9865810262130424,-0.9865810262130424,-0.9865810262130424,0E-17,ELIGIBLE,R03b_20260811_FULL_v1,L1_ELIGIBILITY,v2026-08-11,2026-03-21..2026-08-06,baccarat_bet02_101_all_pairs_incl_sentinel,round_win = game_pnl > 0 (decisive only),COMPATIBILITY_ONLY_NOT_PRODUCTION,558.7648,495.7462,168.0496,16,16,-0.30075188,,-0.30075188,-0.30075188,-168.0496,558.7648,THIN_EXPOSURE,0.0000,6.7220,4.0000,96.0000,AG03-UNRESOLVED,ALL5_LEVELS_bet23_to_bet27,6.7220,6.7220,6.7220,10.0830,10.0830,4.000000,4.000000,4.000000,6.000000,6.000000,96.000000,96.000000,96.000000,94.000000,94.000000,5.0,40.3319,36.6764,127.7177,131.3732,PENDING_AG03,FALSE,NOT_FOR_ENFORCEMENT,161.3276,475.9164,168.0496,161.3276,6.7220,0.30075188,0.28872180,6.7220,161.3276,0.28872180,6.7220,6.7220,6.7220,10.0830,10.0830,161.3276,0.28872180,40.3319,36.6764,127.7177,131.3732,0.22857143,0.2351136,0.01203008,34.9228,30.9841,10.5031,168.0496,33.6099,558.7648,16.0000,,34.9228,21.0062,42.0124,42.0124,42.0124,53.0406,57.767,40.9621,-20.481,1.2625,1.375,0.83125,4,5,3,2,0E-8,0.30075188,,0E-8,0.000000,0.887218,0.000000,,2026-05-04,2026-05-04,1,5,4,1,1.000000,,,0.000000,,,,,,,,GLOBAL_BASELINE_NO_ENTITY_RANKING,,,NOT_APPLICABLE_GLOBAL_BASELINE,HF9g-P5,,,,X 全窗基线 · 不参与实体赏罚,6872305,688,A168_HF9F_20260827_0900,2026-08-27 09:00:00
2026-05-04,137945297,1623,0,120.7856317614,-79.8235479466,-79.8235479466,0.3333333,3,3,0.50665070000000000,0.506650700000,-0.6004420894325239,-0.6004420894325239,-0.6004420894325239,0E-17,ELIGIBLE,R03b_20260811_FULL_v1,L1_ELIGIBILITY,v2026-08-11,2026-03-21..2026-08-06,baccarat_bet02_101_all_pairs_incl_sentinel,round_win = game_pnl > 0 (decisive only),COMPATIBILITY_ONLY_NOT_PRODUCTION,558.7648,495.7462,168.0496,16,16,-0.30075188,,-0.30075188,-0.30075188,-168.0496,558.7648,THIN_EXPOSURE,0.0000,6.7220,4.0000,96.0000,AG03-UNRESOLVED,ALL5_LEVELS_bet23_to_bet27,6.7220,6.7220,6.7220,10.0830,10.0830,4.000000,4.000000,4.000000,6.000000,6.000000,96.000000,96.000000,96.000000,94.000000,94.000000,5.0,40.3319,36.6764,127.7177,131.3732,PENDING_AG03,FALSE,NOT_FOR_ENFORCEMENT,161.3276,475.9164,168.0496,161.3276,6.7220,0.30075188,0.28872180,6.7220,161.3276,0.28872180,6.7220,6.7220,6.7220,10.0830,10.0830,161.3276,0.28872180,40.3319,36.6764,127.7177,131.3732,0.22857143,0.2351136,0.01203008,34.9228,30.9841,10.5031,168.0496,33.6099,558.7648,16.0000,,34.9228,21.0062,42.0124,42.0124,42.0124,53.0406,57.767,40.9621,-20.481,1.2625,1.375,0.83125,4,5,3,2,0E-8,0.30075188,,0E-8,0.000000,0.887218,0.000000,,2026-05-04,2026-05-04,1,5,4,1,1.000000,,,0.000000,,,,,,,,GLOBAL_BASELINE_NO_ENTITY_RANKING,,,NOT_APPLICABLE_GLOBAL_BASELINE,HF9g-P5,,,,X 全窗基线 · 不参与实体赏罚,6872306,688,A168_HF9F_20260827_0900,2026-08-27 09:00:00
2026-05-04,137945297,1985,0,63.0185904842,-63.0185904842,-63.0185904842,0E-7,2,2,0.50665070000000000,0.506650700000,-1.4331513700195317,-1.4331513700195317,-1.4331513700195317,0E-17,ELIGIBLE,R03b_20260811_FULL_v1,L1_ELIGIBILITY,v2026-08-11,2026-03-21..2026-08-06,baccarat_bet02_101_all_pairs_incl_sentinel,round_win = game_pnl > 0 (decisive only),COMPATIBILITY_ONLY_NOT_PRODUCTION,558.7648,495.7462,168.0496,16,16,-0.30075188,,-0.30075188,-0.30075188,-168.0496,558.7648,THIN_EXPOSURE,0.0000,6.7220,4.0000,96.0000,AG03-UNRESOLVED,ALL5_LEVELS_bet23_to_bet27,6.7220,6.7220,6.7220,10.0830,10.0830,4.000000,4.000000,4.000000,6.000000,6.000000,96.000000,96.000000,96.000000,94.000000,94.000000,5.0,40.3319,36.6764,127.7177,131.3732,PENDING_AG03,FALSE,NOT_FOR_ENFORCEMENT,161.3276,475.9164,168.0496,161.3276,6.7220,0.30075188,0.28872180,6.7220,161.3276,0.28872180,6.7220,6.7220,6.7220,10.0830,10.0830,161.3276,0.28872180,40.3319,36.6764,127.7177,131.3732,0.22857143,0.2351136,0.01203008,34.9228,30.9841,10.5031,168.0496,33.6099,558.7648,16.0000,,34.9228,21.0062,42.0124,42.0124,42.0124,53.0406,57.767,40.9621,-20.481,1.2625,1.375,0.83125,4,5,3,2,0E-8,0.30075188,,0E-8,0.000000,0.887218,0.000000,,2026-05-04,2026-05-04,1,5,4,1,1.000000,,,0.000000,,,,,,,,GLOBAL_BASELINE_NO_ENTITY_RANKING,,,NOT_APPLICABLE_GLOBAL_BASELINE,HF9g-P5,,,,X 全窗基线 · 不参与实体赏罚,6872307,688,A168_HF9F_20260827_0900,2026-08-27 09:00:00
2026-05-04,137945297,752,0,311.9420228967,37.8111542905,37.8111542905,0.5714286,9,9,0.50665070000000000,0.506650700000,0.34280260342128577,0.34280260342128577,0.34280260342128577,0E-17,ELIGIBLE,R03b_20260811_FULL_v1,L1_ELIGIBILITY,v2026-08-11,2026-03-21..2026-08-06,baccarat_bet02_101_all_pairs_incl_sentinel,round_win = game_pnl > 0 (decisive only),COMPATIBILITY_ONLY_NOT_PRODUCTION,558.7648,495.7462,168.0496,16,16,-0.30075188,,-0.30075188,-0.30075188,-168.0496,558.7648,THIN_EXPOSURE,0.0000,6.7220,4.0000,96.0000,AG03-UNRESOLVED,ALL5_LEVELS_bet23_to_bet27,6.7220,6.7220,6.7220,10.0830,10.0830,4.000000,4.000000,4.000000,6.000000,6.000000,96.000000,96.000000,96.000000,94.000000,94.000000,5.0,40.3319,36.6764,127.7177,131.3732,PENDING_AG03,FALSE,NOT_FOR_ENFORCEMENT,161.3276,475.9164,168.0496,161.3276,6.7220,0.30075188,0.28872180,6.7220,161.3276,0.28872180,6.7220,6.7220,6.7220,10.0830,10.0830,161.3276,0.28872180,40.3319,36.6764,127.7177,131.3732,0.22857143,0.2351136,0.01203008,34.9228,30.9841,10.5031,168.0496,33.6099,558.7648,16.0000,,34.9228,21.0062,42.0124,42.0124,42.0124,53.0406,57.767,40.9621,-20.481,1.2625,1.375,0.83125,4,5,3,2,0E-8,0.30075188,,0E-8,0.000000,0.887218,0.000000,,2026-05-04,2026-05-04,1,5,4,1,1.000000,,,0.000000,,,,,,,,GLOBAL_BASELINE_NO_ENTITY_RANKING,,,NOT_APPLICABLE_GLOBAL_BASELINE,HF9g-P5,,,,X 全窗基线 · 不参与实体赏罚,6872308,688,A168_HF9F_20260827_0900,2026-08-27 09:00:00
2026-05-04,137945297,925,0,42.0123936561,-42.0123936561,-42.0123936561,0E-7,1,1,0.49324550000000000,0.493245500000,-0.9865810262130424,-0.9865810262130424,-0.9865810262130424,0E-17,ELIGIBLE,R03b_20260811_FULL_v1,L1_ELIGIBILITY,v2026-08-11,2026-03-21..2026-08-06,baccarat_bet02_101_all_pairs_incl_sentinel,round_win = game_pnl > 0 (decisive only),COMPATIBILITY_ONLY_NOT_PRODUCTION,558.7648,495.7462,168.0496,16,16,-0.30075188,,-0.30075188,-0.30075188,-168.0496,558.7648,THIN_EXPOSURE,0.0000,6.7220,4.0000,96.0000,AG03-UNRESOLVED,ALL5_LEVELS_bet23_to_bet27,6.7220,6.7220,6.7220,10.0830,10.0830,4.000000,4.000000,4.000000,6.000000,6.000000,96.000000,96.000000,96.000000,94.000000,94.000000,5.0,40.3319,36.6764,127.7177,131.3732,PENDING_AG03,FALSE,NOT_FOR_ENFORCEMENT,161.3276,475.9164,168.0496,161.3276,6.7220,0.30075188,0.28872180,6.7220,161.3276,0.28872180,6.7220,6.7220,6.7220,10.0830,10.0830,161.3276,0.28872180,40.3319,36.6764,127.7177,131.3732,0.22857143,0.2351136,0.01203008,34.9228,30.9841,10.5031,168.0496,33.6099,558.7648,16.0000,,34.9228,21.0062,42.0124,42.0124,42.0124,53.0406,57.767,40.9621,-20.481,1.2625,1.375,0.83125,4,5,3,2,0E-8,0.30075188,,0E-8,0.000000,0.887218,0.000000,,2026-05-04,2026-05-04,1,5,4,1,1.000000,,,0.000000,,,,,,,,GLOBAL_BASELINE_NO_ENTITY_RANKING,,,NOT_APPLICABLE_GLOBAL_BASELINE,HF9g-P5,,,,X 全窗基线 · 不参与实体赏罚,6872309,688,A168_HF9F_20260827_0900,2026-08-27 09:00:00
2026-05-25,150535369,2141,0,378.1115429049,-42.0123936559,-42.0123936559,0.3333333,9,3,0.42348764166683271,0.214214066667,-0.3160257217661102,0.5028824973761524,-0.3160257217661102,0.20927357499983271,ELIGIBLE,R03b_20260811_FULL_v1,L1_ELIGIBILITY,v2026-08-11,2026-03-21..2026-08-06,baccarat_bet02_101_all_pairs_incl_sentinel,round_win = game_pnl > 0 (decisive only),COMPATIBILITY_ONLY_NOT_PRODUCTION,504.1487,504.1487,168.0496,12,4,-0.33333333,,-0.33333333,-0.33333333,-168.0496,504.1487,THIN_EXPOSURE,0.0000,6.7220,4.0000,96.0000,AG03-UNRESOLVED,ALL5_LEVELS_bet23_to_bet27,6.7220,6.7220,6.7220,6.7220,6.7220,4.000000,4.000000,4.000000,4.000000,4.000000,96.000000,96.000000,96.000000,96.000000,96.000000,5.0,33.6099,31.0265,134.4397,137.023,PENDING_AG03,FALSE,NOT_FOR_ENFORCEMENT,161.3276,483.9828,168.0496,161.3276,6.7220,0.33333333,0.32000000,6.7220,161.3276,0.32000000,6.7220,6.7220,6.7220,6.7220,6.7220,161.3276,0.32000000,33.6099,31.0265,134.4397,137.023,0.26666667,0.2717909,0.01333333,42.0124,126.0372,42.0124,168.0496,84.0248,504.1487,4.0000,,42.0124,10.5031,10.5031,105.031,105.031,105.031,105.031,10.5031,-10.5031,10.0,10.0,4.0,2,2,1,3,0E-8,0.33333333,,0E-8,0.000000,1.000000,0.000000,,2026-05-25,2026-05-25,1,2,2,1,1.000000,,,0.000000,,,,,,,,GLOBAL_BASELINE_NO_ENTITY_RANKING,,,NOT_APPLICABLE_GLOBAL_BASELINE,HF9g-P5,,,,X 全窗基线 · 不参与实体赏罚,6872310,688,A168_HF9F_20260827_0900,2026-08-27 09:00:00
2026-05-25,150535369,2223,0,126.0371809683,-126.0371809683,-126.0371809683,0E-7,3,1,0.42348764166683271,0.214214066667,-0.8570695383871465,-0.5221218497722453,-0.8570695383871465,0.20927357499983271,ELIGIBLE,R03b_20260811_FULL_v1,L1_ELIGIBILITY,v2026-08-11,2026-03-21..2026-08-06,baccarat_bet02_101_all_pairs_incl_sentinel,round_win = game_pnl > 0 (decisive only),COMPATIBILITY_ONLY_NOT_PRODUCTION,504.1487,504.1487,168.0496,12,4,-0.33333333,,-0.33333333,-0.33333333,-168.0496,504.1487,THIN_EXPOSURE,0.0000,6.7220,4.0000,96.0000,AG03-UNRESOLVED,ALL5_LEVELS_bet23_to_bet27,6.7220,6.7220,6.7220,6.7220,6.7220,4.000000,4.000000,4.000000,4.000000,4.000000,96.000000,96.000000,96.000000,96.000000,96.000000,5.0,33.6099,31.0265,134.4397,137.023,PENDING_AG03,FALSE,NOT_FOR_ENFORCEMENT,161.3276,483.9828,168.0496,161.3276,6.7220,0.33333333,0.32000000,6.7220,161.3276,0.32000000,6.7220,6.7220,6.7220,6.7220,6.7220,161.3276,0.32000000,33.6099,31.0265,134.4397,137.023,0.26666667,0.2717909,0.01333333,42.0124,126.0372,42.0124,168.0496,84.0248,504.1487,4.0000,,42.0124,10.5031,10.5031,105.031,105.031,105.031,105.031,10.5031,-10.5031,10.0,10.0,4.0,2,2,1,3,0E-8,0.33333333,,0E-8,0.000000,1.000000,0.000000,,2026-05-25,2026-05-25,1,2,2,1,1.000000,,,0.000000,,,,,,,,GLOBAL_BASELINE_NO_ENTITY_RANKING,,,NOT_APPLICABLE_GLOBAL_BASELINE,HF9g-P5,,,,X 全窗基线 · 不参与实体赏罚,6872311,688,A168_HF9F_20260827_0900,2026-08-27 09:00:00
2026-05-25,150542943,1151,0,189.0557714526,-189.0557714526,-189.0557714526,0E-7,1,1,0.50665070000000000,0.506650700000,-1.013391052207602,-1.013391052207602,-1.013391052207602,0E-17,ELIGIBLE,R03b_20260811_FULL_v1,L1_ELIGIBILITY,v2026-08-11,2026-03-21..2026-08-06,baccarat_bet02_101_all_pairs_incl_sentinel,round_win = game_pnl > 0 (decisive only),COMPATIBILITY_ONLY_NOT_PRODUCTION,483.1425,420.1239,168.0496,6,6,-0.34782609,,-0.34782609,-0.34782609,-168.0496,483.1425,THIN_EXPOSURE,0.0000,6.7220,4.0000,96.0000,AG03-UNRESOLVED,ALL5_LEVELS_bet23_to_bet27,6.7220,6.7220,6.7220,10.0830,10.0830,4.000000,4.000000,4.000000,6.000000,6.000000,96.000000,96.000000,96.000000,94.000000,94.000000,5.0,40.3319,36.6764,127.7177,131.3732,PENDING_AG03,FALSE,NOT_FOR_ENFORCEMENT,161.3276,403.3190,168.0496,161.3276,6.7220,0.34782609,0.33391304,6.7220,161.3276,0.33391304,6.7220,6.7220,6.7220,10.0830,10.0830,161.3276,0.33391304,40.3319,36.6764,127.7177,131.3732,0.26434783,0.27191399,0.01391304,80.5238,70.0207,28.0083,168.0496,33.6099,483.1425,6.0000,,80.5238,63.0186,63.0186,63.0186,176.452,189.0558,189.0558,63.0186,-21.0062,3.0,3.0,1.277778,5,5,2,2,0E-8,0.34782609,,0E-8,0.000000,0.869565,0.000000,,2026-05-25,2026-05-25,1,5,5,1,1.000000,,,0.000000,,,,,,,,GLOBAL_BASELINE_NO_ENTITY_RANKING,,,NOT_APPLICABLE_GLOBAL_BASELINE,HF9g-P5,,,,X 全窗基线 · 不参与实体赏罚,6872312,688,A168_HF9F_20260827_0900,2026-08-27 09:00:00
2026-05-25,150542943,2103,0,63.0185904842,0E-10,0E-10,,1,1,0.50665070000000000,0.506650700000,,,,0E-17,NO_DECISIVE_ROUND,R03b_20260811_FULL_v1,L1_ELIGIBILITY,v2026-08-11,2026-03-21..2026-08-06,baccarat_bet02_101_all_pairs_incl_sentinel,round_win = game_pnl > 0 (decisive only),COMPATIBILITY_ONLY_NOT_PRODUCTION,483.1425,420.1239,168.0496,6,6,-0.34782609,,-0.34782609,-0.34782609,-168.0496,483.1425,THIN_EXPOSURE,0.0000,6.7220,4.0000,96.0000,AG03-UNRESOLVED,ALL5_LEVELS_bet23_to_bet27,6.7220,6.7220,6.7220,10.0830,10.0830,4.000000,4.000000,4.000000,6.000000,6.000000,96.000000,96.000000,96.000000,94.000000,94.000000,5.0,40.3319,36.6764,127.7177,131.3732,PENDING_AG03,FALSE,NOT_FOR_ENFORCEMENT,161.3276,403.3190,168.0496,161.3276,6.7220,0.34782609,0.33391304,6.7220,161.3276,0.33391304,6.7220,6.7220,6.7220,10.0830,10.0830,161.3276,0.33391304,40.3319,36.6764,127.7177,131.3732,0.26434783,0.27191399,0.01391304,80.5238,70.0207,28.0083,168.0496,33.6099,483.1425,6.0000,,80.5238,63.0186,63.0186,63.0186,176.452,189.0558,189.0558,63.0186,-21.0062,3.0,3.0,1.277778,5,5,2,2,0E-8,0.34782609,,0E-8,0.000000,0.869565,0.000000,,2026-05-25,2026-05-25,1,5,5,1,1.000000,,,0.000000,,,,,,,,GLOBAL_BASELINE_NO_ENTITY_RANKING,,,NOT_APPLICABLE_GLOBAL_BASELINE,HF9g-P5,,,,X 全窗基线 · 不参与实体赏罚,6872313,688,A168_HF9F_20260827_0900,2026-08-27 09:00:00
2026-05-25,150542943,2201,0,63.0185904842,63.0185904842,63.0185904842,1.0000000,1,1,0.49324550000000000,0.493245500000,1.01360149184955,1.01360149184955,1.01360149184955,0E-17,ELIGIBLE,R03b_20260811_FULL_v1,L1_ELIGIBILITY,v2026-08-11,2026-03-21..2026-08-06,baccarat_bet02_101_all_pairs_incl_sentinel,round_win = game_pnl > 0 (decisive only),COMPATIBILITY_ONLY_NOT_PRODUCTION,483.1425,420.1239,168.0496,6,6,-0.34782609,,-0.34782609,-0.34782609,-168.0496,483.1425,THIN_EXPOSURE,0.0000,6.7220,4.0000,96.0000,AG03-UNRESOLVED,ALL5_LEVELS_bet23_to_bet27,6.7220,6.7220,6.7220,10.0830,10.0830,4.000000,4.000000,4.000000,6.000000,6.000000,96.000000,96.000000,96.000000,94.000000,94.000000,5.0,40.3319,36.6764,127.7177,131.3732,PENDING_AG03,FALSE,NOT_FOR_ENFORCEMENT,161.3276,403.3190,168.0496,161.3276,6.7220,0.34782609,0.33391304,6.7220,161.3276,0.33391304,6.7220,6.7220,6.7220,10.0830,10.0830,161.3276,0.33391304,40.3319,36.6764,127.7177,131.3732,0.26434783,0.27191399,0.01391304,80.5238,70.0207,28.0083,168.0496,33.6099,483.1425,6.0000,,80.5238,63.0186,63.0186,63.0186,176.452,189.0558,189.0558,63.0186,-21.0062,3.0,3.0,1.277778,5,5,2,2,0E-8,0.34782609,,0E-8,0.000000,0.869565,0.000000,,2026-05-25,2026-05-25,1,5,5,1,1.000000,,,0.000000,,,,,,,,GLOBAL_BASELINE_NO_ENTITY_RANKING,,,NOT_APPLICABLE_GLOBAL_BASELINE,HF9g-P5,,,,X 全窗基线 · 不参与实体赏罚,6872314,688,A168_HF9F_20260827_0900,2026-08-27 09:00:00
2026-05-25,150542943,2233,0,42.0123936561,-42.0123936561,-42.0123936561,0E-7,1,1,0.49324550000000000,0.493245500000,-0.9865810262130424,-0.9865810262130424,-0.9865810262130424,0E-17,ELIGIBLE,R03b_20260811_FULL_v1,L1_ELIGIBILITY,v2026-08-11,2026-03-21..2026-08-06,baccarat_bet02_101_all_pairs_incl_sentinel,round_win = game_pnl > 0 (decisive only),COMPATIBILITY_ONLY_NOT_PRODUCTION,483.1425,420.1239,168.0496,6,6,-0.34782609,,-0.34782609,-0.34782609,-168.0496,483.1425,THIN_EXPOSURE,0.0000,6.7220,4.0000,96.0000,AG03-UNRESOLVED,ALL5_LEVELS_bet23_to_bet27,6.7220,6.7220,6.7220,10.0830,10.0830,4.000000,4.000000,4.000000,6.000000,6.000000,96.000000,96.000000,96.000000,94.000000,94.000000,5.0,40.3319,36.6764,127.7177,131.3732,PENDING_AG03,FALSE,NOT_FOR_ENFORCEMENT,161.3276,403.3190,168.0496,161.3276,6.7220,0.34782609,0.33391304,6.7220,161.3276,0.33391304,6.7220,6.7220,6.7220,10.0830,10.0830,161.3276,0.33391304,40.3319,36.6764,127.7177,131.3732,0.26434783,0.27191399,0.01391304,80.5238,70.0207,28.0083,168.0496,33.6099,483.1425,6.0000,,80.5238,63.0186,63.0186,63.0186,176.452,189.0558,189.0558,63.0186,-21.0062,3.0,3.0,1.277778,5,5,2,2,0E-8,0.34782609,,0E-8,0.000000,0.869565,0.000000,,2026-05-25,2026-05-25,1,5,5,1,1.000000,,,0.000000,,,,,,,,GLOBAL_BASELINE_NO_ENTITY_RANKING,,,NOT_APPLICABLE_GLOBAL_BASELINE,HF9g-P5,,,,X 全窗基线 · 不参与实体赏罚,6872315,688,A168_HF9F_20260827_0900,2026-08-27 09:00:00
2026-05-25,150542943,772,0,126.0371809684,0E-10,0E-10,0.5000000,2,2,0.49324550000000000,0.493245500000,0.01910635448239258,0.01910635448239258,0.01910635448239258,0E-17,ELIGIBLE,R03b_20260811_FULL_v1,L1_ELIGIBILITY,v2026-08-11,2026-03-21..2026-08-06,baccarat_bet02_101_all_pairs_incl_sentinel,round_win = game_pnl > 0 (decisive only),COMPATIBILITY_ONLY_NOT_PRODUCTION,483.1425,420.1239,168.0496,6,6,-0.34782609,,-0.34782609,-0.34782609,-168.0496,483.1425,THIN_EXPOSURE,0.0000,6.7220,4.0000,96.0000,AG03-UNRESOLVED,ALL5_LEVELS_bet23_to_bet27,6.7220,6.7220,6.7220,10.0830,10.0830,4.000000,4.000000,4.000000,6.000000,6.000000,96.000000,96.000000,96.000000,94.000000,94.000000,5.0,40.3319,36.6764,127.7177,131.3732,PENDING_AG03,FALSE,NOT_FOR_ENFORCEMENT,161.3276,403.3190,168.0496,161.3276,6.7220,0.34782609,0.33391304,6.7220,161.3276,0.33391304,6.7220,6.7220,6.7220,10.0830,10.0830,161.3276,0.33391304,40.3319,36.6764,127.7177,131.3732,0.26434783,0.27191399,0.01391304,80.5238,70.0207,28.0083,168.0496,33.6099,483.1425,6.0000,,80.5238,63.0186,63.0186,63.0186,176.452,189.0558,189.0558,63.0186,-21.0062,3.0,3.0,1.277778,5,5,2,2,0E-8,0.34782609,,0E-8,0.000000,0.869565,0.000000,,2026-05-25,2026-05-25,1,5,5,1,1.000000,,,0.000000,,,,,,,,GLOBAL_BASELINE_NO_ENTITY_RANKING,,,NOT_APPLICABLE_GLOBAL_BASELINE,HF9g-P5,,,,X 全窗基线 · 不参与实体赏罚,6872316,688,A168_HF9F_20260827_0900,2026-08-27 09:00:00
2026-05-06,149625582,1330,0,123.0963134125,-66.7997059133,-66.7997059133,0.3333333,12,6,0.46928887453210979,0.320150077778,-0.6673033620919644,0.06921734934998088,-0.6673033620919644,0.14913879675410979,ELIGIBLE,R03b_20260811_FULL_v1,L1_ELIGIBILITY,v2026-08-11,2026-03-21..2026-08-06,baccarat_bet02_101_all_pairs_incl_sentinel,round_win = game_pnl > 0 (decisive only),COMPATIBILITY_ONLY_NOT_PRODUCTION,456.0445,439.2396,168.0496,50,23,-0.36849378,,-0.36849378,-0.36849378,-168.0496,456.0445,OK,0.0000,6.7220,4.0000,96.0000,AG03-UNRESOLVED,ALL5_LEVELS_bet23_to_bet27,6.7220,6.7220,8.4025,0.0000,0.0000,4.000000,4.000000,5.000000,0.000000,0.000000,96.000000,96.000000,95.000000,100.000000,100.000000,5.0,21.8464,20.9188,146.2031,147.1308,PENDING_AG03,FALSE,NOT_FOR_ENFORCEMENT,161.3276,421.6700,168.0496,161.3276,6.7220,0.36849378,0.35375403,6.7220,161.3276,0.35375403,6.7220,6.7220,8.4025,0.0000,0.0000,161.3276,0.35375403,21.8464,20.9188,146.2031,147.1308,0.32058959,0.32262368,0.01473975,9.1209,19.0974,7.3065,168.0496,84.0248,456.0445,23.0000,,9.1209,1.0503,4.2012,14.7043,21.3213,25.2074,31.5093,4.2012,-1.0503,6.0,7.499999,2.171,2,2,1,6,0E-8,0.36849378,,0E-8,0.000000,0.963151,0.000000,,2026-05-06,2026-05-06,1,2,2,1,1.000000,,,0.000000,,,,,,,,GLOBAL_BASELINE_NO_ENTITY_RANKING,,,NOT_APPLICABLE_GLOBAL_BASELINE,HF9g-P5,,,,X 全窗基线 · 不参与实体赏罚,6872317,688,A168_HF9F_20260827_0900,2026-08-27 09:00:00
2026-05-06,149625582,1990,0,332.9482197246,-101.2498687110,-101.2498687110,0.3529412,38,17,0.44658319914398670,0.277807226471,-0.7766366594160649,0.6916117191443553,-0.7766366594160649,0.16877597267298670,ELIGIBLE,R03b_20260811_FULL_v1,L1_ELIGIBILITY,v2026-08-11,2026-03-21..2026-08-06,baccarat_bet02_101_all_pairs_incl_sentinel,round_win = game_pnl > 0 (decisive only),COMPATIBILITY_ONLY_NOT_PRODUCTION,456.0445,439.2396,168.0496,50,23,-0.36849378,,-0.36849378,-0.36849378,-168.0496,456.0445,OK,0.0000,6.7220,4.0000,96.0000,AG03-UNRESOLVED,ALL5_LEVELS_bet23_to_bet27,6.7220,6.7220,8.4025,0.0000,0.0000,4.000000,4.000000,5.000000,0.000000,0.000000,96.000000,96.000000,95.000000,100.000000,100.000000,5.0,21.8464,20.9188,146.2031,147.1308,PENDING_AG03,FALSE,NOT_FOR_ENFORCEMENT,161.3276,421.6700,168.0496,161.3276,6.7220,0.36849378,0.35375403,6.7220,161.3276,0.35375403,6.7220,6.7220,8.4025,0.0000,0.0000,161.3276,0.35375403,21.8464,20.9188,146.2031,147.1308,0.32058959,0.32262368,0.01473975,9.1209,19.0974,7.3065,168.0496,84.0248,456.0445,23.0000,,9.1209,1.0503,4.2012,14.7043,21.3213,25.2074,31.5093,4.2012,-1.0503,6.0,7.499999,2.171,2,2,1,6,0E-8,0.36849378,,0E-8,0.000000,0.963151,0.000000,,2026-05-06,2026-05-06,1,2,2,1,1.000000,,,0.000000,,,,,,,,GLOBAL_BASELINE_NO_ENTITY_RANKING,,,NOT_APPLICABLE_GLOBAL_BASELINE,HF9g-P5,,,,X 全窗基线 · 不参与实体赏罚,6872318,688,A168_HF9F_20260827_0900,2026-08-27 09:00:00
2026-05-09,149768551,2196,0,378.1115429051,-168.0495746245,-168.0495746245,0.3333333,3,3,0.49771390000000000,0.497713900000,-0.5694369385616226,-0.5694369385616226,-0.5694369385616226,0E-17,ELIGIBLE,R03b_20260811_FULL_v1,L1_ELIGIBILITY,v2026-08-11,2026-03-21..2026-08-06,baccarat_bet02_101_all_pairs_incl_sentinel,round_win = game_pnl > 0 (decisive only),COMPATIBILITY_ONLY_NOT_PRODUCTION,378.1115,378.1115,168.0496,3,3,-0.44444444,,-0.44444444,-0.44444444,-168.0496,378.1115,THIN_EXPOSURE,0.0000,6.7220,4.0000,96.0000,AG03-UNRESOLVED,ALL5_LEVELS_bet23_to_bet27,6.7220,6.7220,6.7220,6.7220,6.7220,4.000000,4.000000,4.000000,4.000000,4.000000,96.000000,96.000000,96.000000,96.000000,96.000000,5.0,33.6099,31.0265,134.4397,137.023,PENDING_AG03,FALSE,NOT_FOR_ENFORCEMENT,161.3276,362.9871,168.0496,161.3276,6.7220,0.44444444,0.42666667,6.7220,161.3276,0.42666667,6.7220,6.7220,6.7220,6.7220,6.7220,161.3276,0.42666667,33.6099,31.0265,134.4397,137.023,0.35555556,0.36238787,0.01777778,126.0372,126.0372,56.0165,168.0496,168.0496,378.1115,3.0000,,126.0372,105.031,105.031,152.2949,168.0496,168.0496,168.0496,105.031,-105.031,1.6,1.6,1.2,1,1,1,2,0E-8,0.44444444,,0E-8,0.000000,1.000000,0.000000,,2026-05-09,2026-05-09,1,1,1,1,1.000000,,,0.000000,,,,,,,,GLOBAL_BASELINE_NO_ENTITY_RANKING,,,NOT_APPLICABLE_GLOBAL_BASELINE,HF9g-P5,,,,X 全窗基线 · 不参与实体赏罚,6872319,688,A168_HF9F_20260827_0900,2026-08-27 09:00:00
2026-05-30,150434856,2106,0,365.5078248083,-168.0495746245,-168.0495746245,0.2222222,11,11,0.46309852727272727,0.463098527273,-1.449210052292389,-1.449210052293971,-1.449210052292389,-2.7273E-13,ELIGIBLE,R03b_20260811_FULL_v1,L1_ELIGIBILITY,v2026-08-11,2026-03-21..2026-08-06,baccarat_bet02_101_all_pairs_incl_sentinel,round_win = game_pnl > 0 (decisive only),COMPATIBILITY_ONLY_NOT_PRODUCTION,365.5078,293.0364,168.0496,11,11,-0.45977011,,-0.45977011,-0.45977011,-168.0496,365.5078,THIN_EXPOSURE,0.0000,6.7220,4.0000,96.0000,AG03-UNRESOLVED,ALL5_LEVELS_bet23_to_bet27,6.7220,6.7220,6.7220,6.7220,6.7220,4.000000,4.000000,4.000000,4.000000,4.000000,96.000000,96.000000,96.000000,96.000000,96.000000,5.0,33.6099,31.0265,134.4397,137.023,PENDING_AG03,FALSE,NOT_FOR_ENFORCEMENT,161.3276,281.3150,168.0496,161.3276,6.7220,0.45977011,0.44137931,6.7220,161.3276,0.44137931,6.7220,6.7220,6.7220,6.7220,6.7220,161.3276,0.44137931,33.6099,31.0265,134.4397,137.023,0.36781609,0.374884,0.01839080,33.2280,26.6397,15.2772,168.0496,168.0496,365.5078,11.0000,,33.2280,23.3694,31.5093,42.0124,42.0124,42.0124,42.0124,30.459,-21.0062,1.333333,1.333333,1.054545,1,1,1,3,0E-8,0.45977011,,0E-8,0.000000,0.801724,0.000000,,2026-05-30,2026-05-30,1,1,1,1,1.000000,,,0.000000,,,,,,,,GLOBAL_BASELINE_NO_ENTITY_RANKING,,,NOT_APPLICABLE_GLOBAL_BASELINE,HF9g-P5,,,,X 全窗基线 · 不参与实体赏罚,6872320,688,A168_HF9F_20260827_0900,2026-08-27 09:00:00
2026-05-22,150429468,2171,0,315.0929524210,-147.0433777964,-147.0433777964,0.5000000,2,2,0.49324550000000000,0.493245500000,0.01910635448239258,0.01910635448239258,0.01910635448239258,0E-17,ELIGIBLE,R03b_20260811_FULL_v1,L1_ELIGIBILITY,v2026-08-11,2026-03-21..2026-08-06,baccarat_bet02_101_all_pairs_incl_sentinel,round_win = game_pnl > 0 (decisive only),COMPATIBILITY_ONLY_NOT_PRODUCTION,336.0991,336.0991,168.0496,3,3,-0.50000000,,-0.50000000,-0.50000000,-168.0496,336.0991,THIN_EXPOSURE,0.0000,6.7220,4.0000,96.0000,AG03-UNRESOLVED,ALL5_LEVELS_bet23_to_bet27,6.7220,6.7220,8.4025,0.0000,0.0000,4.000000,4.000000,5.000000,0.000000,0.000000,96.000000,96.000000,95.000000,100.000000,100.000000,5.0,21.8464,20.9188,146.2031,147.1308,PENDING_AG03,FALSE,NOT_FOR_ENFORCEMENT,161.3276,322.6552,168.0496,161.3276,6.7220,0.50000000,0.48000000,6.7220,161.3276,0.48000000,6.7220,6.7220,8.4025,0.0000,0.0000,161.3276,0.48000000,21.8464,20.9188,146.2031,147.1308,0.43500000,0.43776,0.02000000,112.0330,112.0330,56.0165,84.0248,84.0248,168.0496,1.5000,,112.0330,36.7608,84.0248,194.3073,231.0682,231.0682,231.0682,84.0248,-21.0062,2.75,2.75,1.333333,1,2,2,1,0E-8,0.50000000,,0E-8,0.000000,1.000000,0.000000,,2026-05-22,2026-05-25,2,2,2,4,0.500000,,,0.000000,,,,,,,,GLOBAL_BASELINE_NO_ENTITY_RANKING,,,NOT_APPLICABLE_GLOBAL_BASELINE,HF9g-P5,,,,X 全窗基线 · 不参与实体赏罚,6872321,688,A168_HF9F_20260827_0900,2026-08-27 09:00:00
2026-05-25,150429468,1384,0,21.0061968281,-21.0061968281,-21.0061968281,0E-7,1,1,0.49324550000000000,0.493245500000,-0.9865810262130424,-0.9865810262130424,-0.9865810262130424,0E-17,ELIGIBLE,R03b_20260811_FULL_v1,L1_ELIGIBILITY,v2026-08-11,2026-03-21..2026-08-06,baccarat_bet02_101_all_pairs_incl_sentinel,round_win = game_pnl > 0 (decisive only),COMPATIBILITY_ONLY_NOT_PRODUCTION,336.0991,336.0991,168.0496,3,3,-0.50000000,,-0.50000000,-0.50000000,-168.0496,336.0991,THIN_EXPOSURE,0.0000,6.7220,4.0000,96.0000,AG03-UNRESOLVED,ALL5_LEVELS_bet23_to_bet27,6.7220,6.7220,8.4025,0.0000,0.0000,4.000000,4.000000,5.000000,0.000000,0.000000,96.000000,96.000000,95.000000,100.000000,100.000000,5.0,21.8464,20.9188,146.2031,147.1308,PENDING_AG03,FALSE,NOT_FOR_ENFORCEMENT,161.3276,322.6552,168.0496,161.3276,6.7220,0.50000000,0.48000000,6.7220,161.3276,0.48000000,6.7220,6.7220,8.4025,0.0000,0.0000,161.3276,0.48000000,21.8464,20.9188,146.2031,147.1308,0.43500000,0.43776,0.02000000,112.0330,112.0330,56.0165,84.0248,84.0248,168.0496,1.5000,,112.0330,36.7608,84.0248,194.3073,231.0682,231.0682,231.0682,84.0248,-21.0062,2.75,2.75,1.333333,1,2,2,1,0E-8,0.50000000,,0E-8,0.000000,1.000000,0.000000,,2026-05-22,2026-05-25,2,2,2,4,0.500000,,,0.000000,,,,,,,,GLOBAL_BASELINE_NO_ENTITY_RANKING,,,NOT_APPLICABLE_GLOBAL_BASELINE,HF9g-P5,,,,X 全窗基线 · 不参与实体赏罚,6872322,688,A168_HF9F_20260827_0900,2026-08-27 09:00:00
2026-05-03,149519831,2233,0,315.5130763574,-168.0495746244,-168.0495746244,0.2500000,11,4,0.47171964021254199,0.280354458334,-0.8883005869330263,-0.1351572759286689,-0.8883005869330263,0.19136518187854199,ELIGIBLE,R03b_20260811_FULL_v1,L1_ELIGIBILITY,v2026-08-11,2026-03-21..2026-08-06,baccarat_bet02_101_all_pairs_incl_sentinel,round_win = game_pnl > 0 (decisive only),COMPATIBILITY_ONLY_NOT_PRODUCTION,315.5131,315.5131,168.0496,11,4,-0.53262317,,-0.53262317,-0.53262317,-168.0496,315.5131,THIN_EXPOSURE,0.0000,6.7220,4.0000,96.0000,AG03-UNRESOLVED,ALL5_LEVELS_bet23_to_bet27,6.7220,6.7220,6.7220,11.7635,11.7635,4.000000,4.000000,4.000000,7.000000,7.000000,96.000000,96.000000,96.000000,93.000000,93.000000,5.0,43.6929,39.4567,124.3567,128.5929,PENDING_AG03,FALSE,NOT_FOR_ENFORCEMENT,161.3276,302.8926,168.0496,161.3276,6.7220,0.53262317,0.51131824,6.7220,161.3276,0.51131824,6.7220,6.7220,6.7220,11.7635,11.7635,161.3276,0.51131824,43.6929,39.4567,124.3567,128.5929,0.39414115,0.4075676,0.02130493,28.6830,78.8783,42.0124,168.0496,168.0496,315.5131,4.0000,,28.6830,4.2012,4.2012,67.2198,85.8733,88.4151,88.6461,4.2012,-4.2012,21.044998,21.099998,6.827272,1,1,1,4,0E-8,0.53262317,,0E-8,0.000000,1.000000,0.000000,,2026-05-03,2026-05-03,1,1,1,1,1.000000,,,0.000000,,,,,,,,GLOBAL_BASELINE_NO_ENTITY_RANKING,,,NOT_APPLICABLE_GLOBAL_BASELINE,HF9g-P5,,,,X 全窗基线 · 不参与实体赏罚,6872323,688,A168_HF9F_20260827_0900,2026-08-27 09:00:00
2026-05-10,149853135,2106,0,42.0123936562,-21.0061968281,-21.0061968281,0E-7,2,2,0.50665070000000000,0.506650700000,-1.013391052207602,-1.013391052207602,-1.013391052207602,0E-17,ELIGIBLE,R03b_20260811_FULL_v1,L1_ELIGIBILITY,v2026-08-11,2026-03-21..2026-08-06,baccarat_bet02_101_all_pairs_incl_sentinel,round_win = game_pnl > 0 (decisive only),COMPATIBILITY_ONLY_NOT_PRODUCTION,312.9923,249.9737,168.0496,8,8,-0.53691275,,-0.53691275,-0.53691275,-168.0496,312.9923,THIN_EXPOSURE,0.0000,6.7220,4.0000,96.0000,AG03-UNRESOLVED,ALL5_LEVELS_bet23_to_bet27,6.7220,6.7220,6.7220,10.0830,10.0830,4.000000,4.000000,4.000000,6.000000,6.000000,96.000000,96.000000,96.000000,94.000000,94.000000,5.0,40.3319,36.6764,127.7177,131.3732,PENDING_AG03,FALSE,NOT_FOR_ENFORCEMENT,161.3276,239.9748,168.0496,161.3276,6.7220,0.53691275,0.51543624,6.7220,161.3276,0.51543624,6.7220,6.7220,6.7220,10.0830,10.0830,161.3276,0.51543624,40.3319,36.6764,127.7177,131.3732,0.40805369,0.41973301,0.02147651,39.1240,31.2467,21.0062,84.0248,28.0083,156.4962,4.0000,,39.1240,21.0062,42.0124,42.0124,69.9506,81.9242,81.9242,31.5093,-21.0062,1.95,1.95,0.93125,5,5,2,2,0E-8,0.53691275,,0E-8,0.000000,0.798658,0.000000,,2026-05-10,2026-05-11,2,6,6,2,1.000000,,,0.000000,,,,,,,,GLOBAL_BASELINE_NO_ENTITY_RANKING,,,NOT_APPLICABLE_GLOBAL_BASELINE,HF9g-P5,,,,X 全窗基线 · 不参与实体赏罚,6872324,688,A168_HF9F_20260827_0900,2026-08-27 09:00:00
2026-05-10,149853135,471,0,21.0061968281,-21.0061968281,-21.0061968281,0E-7,1,1,0.50665070000000000,0.506650700000,-1.013391052207602,-1.013391052207602,-1.013391052207602,0E-17,ELIGIBLE,R03b_20260811_FULL_v1,L1_ELIGIBILITY,v2026-08-11,2026-03-21..2026-08-06,baccarat_bet02_101_all_pairs_incl_sentinel,round_win = game_pnl > 0 (decisive only),COMPATIBILITY_ONLY_NOT_PRODUCTION,312.9923,249.9737,168.0496,8,8,-0.53691275,,-0.53691275,-0.53691275,-168.0496,312.9923,THIN_EXPOSURE,0.0000,6.7220,4.0000,96.0000,AG03-UNRESOLVED,ALL5_LEVELS_bet23_to_bet27,6.7220,6.7220,6.7220,10.0830,10.0830,4.000000,4.000000,4.000000,6.000000,6.000000,96.000000,96.000000,96.000000,94.000000,94.000000,5.0,40.3319,36.6764,127.7177,131.3732,PENDING_AG03,FALSE,NOT_FOR_ENFORCEMENT,161.3276,239.9748,168.0496,161.3276,6.7220,0.53691275,0.51543624,6.7220,161.3276,0.51543624,6.7220,6.7220,6.7220,10.0830,10.0830,161.3276,0.51543624,40.3319,36.6764,127.7177,131.3732,0.40805369,0.41973301,0.02147651,39.1240,31.2467,21.0062,84.0248,28.0083,156.4962,4.0000,,39.1240,21.0062,42.0124,42.0124,69.9506,81.9242,81.9242,31.5093,-21.0062,1.95,1.95,0.93125,5,5,2,2,0E-8,0.53691275,,0E-8,0.000000,0.798658,0.000000,,2026-05-10,2026-05-11,2,6,6,2,1.000000,,,0.000000,,,,,,,,GLOBAL_BASELINE_NO_ENTITY_RANKING,,,NOT_APPLICABLE_GLOBAL_BASELINE,HF9g-P5,,,,X 全窗基线 · 不参与实体赏罚,6872325,688,A168_HF9F_20260827_0900,2026-08-27 09:00:00
2026-05-11,149853135,-1,1,123.9365612856,-81.9241676295,-81.9241676295,0E-7,2,2,0.50665070000000000,0.506650700000,-1.013391052207602,-1.013391052207602,-1.013391052207602,0E-17,SENTINEL_DEALER,R03b_20260811_FULL_v1,L1_ELIGIBILITY,v2026-08-11,2026-03-21..2026-08-06,baccarat_bet02_101_all_pairs_incl_sentinel,round_win = game_pnl > 0 (decisive only),COMPATIBILITY_ONLY_NOT_PRODUCTION,312.9923,249.9737,168.0496,8,8,-0.53691275,,-0.53691275,-0.53691275,-168.0496,312.9923,THIN_EXPOSURE,0.0000,6.7220,4.0000,96.0000,AG03-UNRESOLVED,ALL5_LEVELS_bet23_to_bet27,6.7220,6.7220,6.7220,10.0830,10.0830,4.000000,4.000000,4.000000,6.000000,6.000000,96.000000,96.000000,96.000000,94.000000,94.000000,5.0,40.3319,36.6764,127.7177,131.3732,PENDING_AG03,FALSE,NOT_FOR_ENFORCEMENT,161.3276,239.9748,168.0496,161.3276,6.7220,0.53691275,0.51543624,6.7220,161.3276,0.51543624,6.7220,6.7220,6.7220,10.0830,10.0830,161.3276,0.51543624,40.3319,36.6764,127.7177,131.3732,0.40805369,0.41973301,0.02147651,39.1240,31.2467,21.0062,84.0248,28.0083,156.4962,4.0000,,39.1240,21.0062,42.0124,42.0124,69.9506,81.9242,81.9242,31.5093,-21.0062,1.95,1.95,0.93125,5,5,2,2,0E-8,0.53691275,,0E-8,0.000000,0.798658,0.000000,,2026-05-10,2026-05-11,2,6,6,2,1.000000,,,0.000000,,,,,,,,GLOBAL_BASELINE_NO_ENTITY_RANKING,,,NOT_APPLICABLE_GLOBAL_BASELINE,HF9g-P5,,,,X 全窗基线 · 不参与实体赏罚,6872326,688,A168_HF9F_20260827_0900,2026-08-27 09:00:00
2026-05-11,149853135,1940,0,84.0247873122,-84.0247873122,-84.0247873122,0E-7,2,2,0.49994810000000000,0.499948100000,-1.4140667746232096,-1.4140667746232096,-1.4140667746232096,0E-17,ELIGIBLE,R03b_20260811_FULL_v1,L1_ELIGIBILITY,v2026-08-11,2026-03-21..2026-08-06,baccarat_bet02_101_all_pairs_incl_sentinel,round_win = game_pnl > 0 (decisive only),COMPATIBILITY_ONLY_NOT_PRODUCTION,312.9923,249.9737,168.0496,8,8,-0.53691275,,-0.53691275,-0.53691275,-168.0496,312.9923,THIN_EXPOSURE,0.0000,6.7220,4.0000,96.0000,AG03-UNRESOLVED,ALL5_LEVELS_bet23_to_bet27,6.7220,6.7220,6.7220,10.0830,10.0830,4.000000,4.000000,4.000000,6.000000,6.000000,96.000000,96.000000,96.000000,94.000000,94.000000,5.0,40.3319,36.6764,127.7177,131.3732,PENDING_AG03,FALSE,NOT_FOR_ENFORCEMENT,161.3276,239.9748,168.0496,161.3276,6.7220,0.53691275,0.51543624,6.7220,161.3276,0.51543624,6.7220,6.7220,6.7220,10.0830,10.0830,161.3276,0.51543624,40.3319,36.6764,127.7177,131.3732,0.40805369,0.41973301,0.02147651,39.1240,31.2467,21.0062,84.0248,28.0083,156.4962,4.0000,,39.1240,21.0062,42.0124,42.0124,69.9506,81.9242,81.9242,31.5093,-21.0062,1.95,1.95,0.93125,5,5,2,2,0E-8,0.53691275,,0E-8,0.000000,0.798658,0.000000,,2026-05-10,2026-05-11,2,6,6,2,1.000000,,,0.000000,,,,,,,,GLOBAL_BASELINE_NO_ENTITY_RANKING,,,NOT_APPLICABLE_GLOBAL_BASELINE,HF9g-P5,,,,X 全窗基线 · 不参与实体赏罚,6872327,688,A168_HF9F_20260827_0900,2026-08-27 09:00:00
2026-05-11,149853135,2223,0,42.0123936561,39.9117739733,39.9117739733,1.0000000,1,1,0.50665070000000000,0.506650700000,0.9867858985152569,0.9867858985152569,0.9867858985152569,0E-17,ELIGIBLE,R03b_20260811_FULL_v1,L1_ELIGIBILITY,v2026-08-11,2026-03-21..2026-08-06,baccarat_bet02_101_all_pairs_incl_sentinel,round_win = game_pnl > 0 (decisive only),COMPATIBILITY_ONLY_NOT_PRODUCTION,312.9923,249.9737,168.0496,8,8,-0.53691275,,-0.53691275,-0.53691275,-168.0496,312.9923,THIN_EXPOSURE,0.0000,6.7220,4.0000,96.0000,AG03-UNRESOLVED,ALL5_LEVELS_bet23_to_bet27,6.7220,6.7220,6.7220,10.0830,10.0830,4.000000,4.000000,4.000000,6.000000,6.000000,96.000000,96.000000,96.000000,94.000000,94.000000,5.0,40.3319,36.6764,127.7177,131.3732,PENDING_AG03,FALSE,NOT_FOR_ENFORCEMENT,161.3276,239.9748,168.0496,161.3276,6.7220,0.53691275,0.51543624,6.7220,161.3276,0.51543624,6.7220,6.7220,6.7220,10.0830,10.0830,161.3276,0.51543624,40.3319,36.6764,127.7177,131.3732,0.40805369,0.41973301,0.02147651,39.1240,31.2467,21.0062,84.0248,28.0083,156.4962,4.0000,,39.1240,21.0062,42.0124,42.0124,69.9506,81.9242,81.9242,31.5093,-21.0062,1.95,1.95,0.93125,5,5,2,2,0E-8,0.53691275,,0E-8,0.000000,0.798658,0.000000,,2026-05-10,2026-05-11,2,6,6,2,1.000000,,,0.000000,,,,,,,,GLOBAL_BASELINE_NO_ENTITY_RANKING,,,NOT_APPLICABLE_GLOBAL_BASELINE,HF9g-P5,,,,X 全窗基线 · 不参与实体赏罚,6872328,688,A168_HF9F_20260827_0900,2026-08-27 09:00:00
2026-05-16,150143029,2088,0,210.0619682805,-168.0495746245,-168.0495746245,0.2857143,7,7,0.49707555714285714,0.497075557143,-1.1184378527242427,-1.1184378527249965,-1.1184378527242427,-1.4286E-13,ELIGIBLE,R03b_20260811_FULL_v1,L1_ELIGIBILITY,v2026-08-11,2026-03-21..2026-08-06,baccarat_bet02_101_all_pairs_incl_sentinel,round_win = game_pnl > 0 (decisive only),COMPATIBILITY_ONLY_NOT_PRODUCTION,210.0620,210.0620,168.0496,7,7,-0.80000000,,-0.80000000,-0.80000000,-168.0496,210.0620,THIN_EXPOSURE,0.0000,6.7220,4.0000,96.0000,AG03-UNRESOLVED,ALL5_LEVELS_bet23_to_bet27,6.7220,6.7220,6.7220,13.4440,13.4440,4.000000,4.000000,4.000000,8.000000,8.000000,96.000000,96.000000,96.000000,92.000000,92.000000,5.0,47.0539,42.2072,120.9957,125.8423,PENDING_AG03,FALSE,NOT_FOR_ENFORCEMENT,161.3276,201.6595,168.0496,161.3276,6.7220,0.80000000,0.76800000,6.7220,161.3276,0.76800000,6.7220,6.7220,6.7220,13.4440,13.4440,161.3276,0.76800000,47.0539,42.2072,120.9957,125.8423,0.57600000,0.59907244,0.03200000,30.0089,30.0089,24.0071,168.0496,168.0496,210.0620,7.0000,,30.0089,10.5031,10.5031,36.7608,92.4272,105.031,105.031,10.5031,-10.5031,10.0,10.0,2.857143,1,1,1,2,0E-8,0.80000000,,0E-8,0.000000,1.000000,0.000000,,2026-05-16,2026-05-16,1,1,1,1,1.000000,,,0.000000,,,,,,,,GLOBAL_BASELINE_NO_ENTITY_RANKING,,,NOT_APPLICABLE_GLOBAL_BASELINE,HF9g-P5,,,,X 全窗基线 · 不参与实体赏罚,6872329,688,A168_HF9F_20260827_0900,2026-08-27 09:00:00
2026-05-31,140756934,2174,0,210.0619682806,-168.0495746244,-168.0495746244,0.1666667,6,6,0.49771390000000000,0.497713900000,-1.6218105569273533,-1.6218105569273533,-1.6218105569273533,0E-17,ELIGIBLE,R03b_20260811_FULL_v1,L1_ELIGIBILITY,v2026-08-11,2026-03-21..2026-08-06,baccarat_bet02_101_all_pairs_incl_sentinel,round_win = game_pnl > 0 (decisive only),COMPATIBILITY_ONLY_NOT_PRODUCTION,210.0620,210.0620,168.0496,6,6,-0.80000000,,-0.80000000,-0.80000000,-168.0496,210.0620,THIN_EXPOSURE,0.0000,6.7220,4.0000,96.0000,AG03-UNRESOLVED,ALL5_LEVELS_bet23_to_bet27,6.7220,6.7220,6.7220,6.7220,6.7220,4.000000,4.000000,4.000000,4.000000,4.000000,96.000000,96.000000,96.000000,96.000000,96.000000,5.0,33.6099,31.0265,134.4397,137.023,PENDING_AG03,FALSE,NOT_FOR_ENFORCEMENT,161.3276,201.6595,168.0496,161.3276,6.7220,0.80000000,0.76800000,6.7220,161.3276,0.76800000,6.7220,6.7220,6.7220,6.7220,6.7220,161.3276,0.76800000,33.6099,31.0265,134.4397,137.023,0.64000000,0.65229816,0.03200000,35.0103,35.0103,28.0083,168.0496,168.0496,210.0620,6.0000,,35.0103,10.5031,21.0062,42.0124,98.7291,105.031,105.031,21.0062,-15.7546,5.0,5.0,1.666667,1,1,1,2,0E-8,0.80000000,,0E-8,0.000000,1.000000,0.000000,,2026-05-31,2026-05-31,1,1,1,1,1.000000,,,0.000000,,,,,,,,GLOBAL_BASELINE_NO_ENTITY_RANKING,,,NOT_APPLICABLE_GLOBAL_BASELINE,HF9g-P5,,,,X 全窗基线 · 不参与实体赏罚,6872330,688,A168_HF9F_20260827_0900,2026-08-27 09:00:00
2026-04-30,149385075,1396,0,84.0247873122,-84.0247873122,-84.0247873122,0E-7,2,2,0.49324550000000000,0.493245500000,-1.3952362676504506,-1.3952362676504506,-1.3952362676504506,0E-17,ELIGIBLE,R03b_20260811_FULL_v1,L1_ELIGIBILITY,v2026-08-11,2026-03-21..2026-08-06,baccarat_bet02_101_all_pairs_incl_sentinel,round_win = game_pnl > 0 (decisive only),COMPATIBILITY_ONLY_NOT_PRODUCTION,168.0496,168.0496,168.0496,4,4,-1.00000000,,-1.00000000,-1.00000000,-168.0496,168.0496,THIN_EXPOSURE,0.0000,6.7220,4.0000,96.0000,AG03-UNRESOLVED,ALL5_LEVELS_bet23_to_bet27,6.7220,6.7220,6.7220,6.7220,6.7220,4.000000,4.000000,4.000000,4.000000,4.000000,96.000000,96.000000,96.000000,96.000000,96.000000,5.0,33.6099,31.0265,134.4397,137.023,PENDING_AG03,FALSE,NOT_FOR_ENFORCEMENT,161.3276,161.3276,168.0496,161.3276,6.7220,1.00000000,0.96000000,6.7220,161.3276,0.96000000,6.7220,6.7220,6.7220,6.7220,6.7220,161.3276,0.96000000,33.6099,31.0265,134.4397,137.023,0.80000000,0.8153727,0.04000000,42.0124,42.0124,42.0124,168.0496,168.0496,168.0496,4.0000,,42.0124,42.0124,42.0124,42.0124,42.0124,42.0124,42.0124,42.0124,-42.0124,1.0,1.0,1.0,1,2,1,1,0E-8,1.00000000,,0E-8,0.000000,1.000000,0.000000,,2026-04-30,2026-04-30,1,1,1,1,1.000000,,,0.000000,,,,,,,,GLOBAL_BASELINE_NO_ENTITY_RANKING,,,NOT_APPLICABLE_GLOBAL_BASELINE,HF9g-P5,,,,X 全窗基线 · 不参与实体赏罚,6872331,688,A168_HF9F_20260827_0900,2026-08-27 09:00:00
2026-04-30,149385075,2202,0,84.0247873122,-84.0247873122,-84.0247873122,0E-7,2,2,0.49324550000000000,0.493245500000,-1.3952362676504506,-1.3952362676504506,-1.3952362676504506,0E-17,ELIGIBLE,R03b_20260811_FULL_v1,L1_ELIGIBILITY,v2026-08-11,2026-03-21..2026-08-06,baccarat_bet02_101_all_pairs_incl_sentinel,round_win = game_pnl > 0 (decisive only),COMPATIBILITY_ONLY_NOT_PRODUCTION,168.0496,168.0496,168.0496,4,4,-1.00000000,,-1.00000000,-1.00000000,-168.0496,168.0496,THIN_EXPOSURE,0.0000,6.7220,4.0000,96.0000,AG03-UNRESOLVED,ALL5_LEVELS_bet23_to_bet27,6.7220,6.7220,6.7220,6.7220,6.7220,4.000000,4.000000,4.000000,4.000000,4.000000,96.000000,96.000000,96.000000,96.000000,96.000000,5.0,33.6099,31.0265,134.4397,137.023,PENDING_AG03,FALSE,NOT_FOR_ENFORCEMENT,161.3276,161.3276,168.0496,161.3276,6.7220,1.00000000,0.96000000,6.7220,161.3276,0.96000000,6.7220,6.7220,6.7220,6.7220,6.7220,161.3276,0.96000000,33.6099,31.0265,134.4397,137.023,0.80000000,0.8153727,0.04000000,42.0124,42.0124,42.0124,168.0496,168.0496,168.0496,4.0000,,42.0124,42.0124,42.0124,42.0124,42.0124,42.0124,42.0124,42.0124,-42.0124,1.0,1.0,1.0,1,2,1,1,0E-8,1.00000000,,0E-8,0.000000,1.000000,0.000000,,2026-04-30,2026-04-30,1,1,1,1,1.000000,,,0.000000,,,,,,,,GLOBAL_BASELINE_NO_ENTITY_RANKING,,,NOT_APPLICABLE_GLOBAL_BASELINE,HF9g-P5,,,,X 全窗基线 · 不参与实体赏罚,6872332,688,A168_HF9F_20260827_0900,2026-08-27 09:00:00
2026-05-02,149455647,-1,1,105.0309841403,-105.0309841403,-105.0309841403,0E-7,1,1,0.49324550000000000,0.493245500000,-0.9865810262130424,-0.9865810262130424,-0.9865810262130424,0E-17,SENTINEL_DEALER,R03b_20260811_FULL_v1,L1_ELIGIBILITY,v2026-08-11,2026-03-21..2026-08-06,baccarat_bet02_101_all_pairs_incl_sentinel,round_win = game_pnl > 0 (decisive only),COMPATIBILITY_ONLY_NOT_PRODUCTION,168.0496,168.0496,168.0496,3,3,-1.00000000,,-1.00000000,-1.00000000,-168.0496,168.0496,THIN_EXPOSURE,0.0000,6.7220,4.0000,96.0000,AG03-UNRESOLVED,ALL5_LEVELS_bet23_to_bet27,6.7220,6.7220,6.7220,6.7220,6.7220,4.000000,4.000000,4.000000,4.000000,4.000000,96.000000,96.000000,96.000000,96.000000,96.000000,5.0,33.6099,31.0265,134.4397,137.023,PENDING_AG03,FALSE,NOT_FOR_ENFORCEMENT,161.3276,161.3276,168.0496,161.3276,6.7220,1.00000000,0.96000000,6.7220,161.3276,0.96000000,6.7220,6.7220,6.7220,6.7220,6.7220,161.3276,0.96000000,33.6099,31.0265,134.4397,137.023,0.80000000,0.8153727,0.04000000,56.0165,56.0165,56.0165,168.0496,84.0248,168.0496,3.0000,,56.0165,26.2577,42.0124,89.2763,105.031,105.031,105.031,42.0124,-42.0124,2.5,2.5,1.333333,2,2,1,1,0E-8,1.00000000,,0E-8,0.000000,1.000000,0.000000,,2026-05-02,2026-05-02,1,2,2,1,1.000000,,,0.000000,,,,,,,,GLOBAL_BASELINE_NO_ENTITY_RANKING,,,NOT_APPLICABLE_GLOBAL_BASELINE,HF9g-P5,,,,X 全窗基线 · 不参与实体赏罚,6872333,688,A168_HF9F_20260827_0900,2026-08-27 09:00:00
2026-05-02,149455647,1304,0,63.0185904842,-63.0185904842,-63.0185904842,0E-7,2,2,0.49324550000000000,0.493245500000,-1.3952362676504506,-1.3952362676504506,-1.3952362676504506,0E-17,ELIGIBLE,R03b_20260811_FULL_v1,L1_ELIGIBILITY,v2026-08-11,2026-03-21..2026-08-06,baccarat_bet02_101_all_pairs_incl_sentinel,round_win = game_pnl > 0 (decisive only),COMPATIBILITY_ONLY_NOT_PRODUCTION,168.0496,168.0496,168.0496,3,3,-1.00000000,,-1.00000000,-1.00000000,-168.0496,168.0496,THIN_EXPOSURE,0.0000,6.7220,4.0000,96.0000,AG03-UNRESOLVED,ALL5_LEVELS_bet23_to_bet27,6.7220,6.7220,6.7220,6.7220,6.7220,4.000000,4.000000,4.000000,4.000000,4.000000,96.000000,96.000000,96.000000,96.000000,96.000000,5.0,33.6099,31.0265,134.4397,137.023,PENDING_AG03,FALSE,NOT_FOR_ENFORCEMENT,161.3276,161.3276,168.0496,161.3276,6.7220,1.00000000,0.96000000,6.7220,161.3276,0.96000000,6.7220,6.7220,6.7220,6.7220,6.7220,161.3276,0.96000000,33.6099,31.0265,134.4397,137.023,0.80000000,0.8153727,0.04000000,56.0165,56.0165,56.0165,168.0496,84.0248,168.0496,3.0000,,56.0165,26.2577,42.0124,89.2763,105.031,105.031,105.031,42.0124,-42.0124,2.5,2.5,1.333333,2,2,1,1,0E-8,1.00000000,,0E-8,0.000000,1.000000,0.000000,,2026-05-02,2026-05-02,1,2,2,1,1.000000,,,0.000000,,,,,,,,GLOBAL_BASELINE_NO_ENTITY_RANKING,,,NOT_APPLICABLE_GLOBAL_BASELINE,HF9g-P5,,,,X 全窗基线 · 不参与实体赏罚,6872334,688,A168_HF9F_20260827_0900,2026-08-27 09:00:00
2026-05-03,149515610,462,0,168.0495746245,-168.0495746245,-168.0495746245,0E-7,1,1,0.50665070000000000,0.506650700000,-1.013391052207602,-1.013391052207602,-1.013391052207602,0E-17,ELIGIBLE,R03b_20260811_FULL_v1,L1_ELIGIBILITY,v2026-08-11,2026-03-21..2026-08-06,baccarat_bet02_101_all_pairs_incl_sentinel,round_win = game_pnl > 0 (decisive only),COMPATIBILITY_ONLY_NOT_PRODUCTION,168.0496,168.0496,168.0496,1,1,-1.00000000,,-1.00000000,-1.00000000,-168.0496,168.0496,THIN_EXPOSURE,0.0000,6.7220,4.0000,96.0000,AG03-UNRESOLVED,ALL5_LEVELS_bet23_to_bet27,6.7220,6.7220,6.7220,10.0830,10.0830,4.000000,4.000000,4.000000,6.000000,6.000000,96.000000,96.000000,96.000000,94.000000,94.000000,5.0,40.3319,36.6764,127.7177,131.3732,PENDING_AG03,FALSE,NOT_FOR_ENFORCEMENT,161.3276,161.3276,168.0496,161.3276,6.7220,1.00000000,0.96000000,6.7220,161.3276,0.96000000,6.7220,6.7220,6.7220,10.0830,10.0830,161.3276,0.96000000,40.3319,36.6764,127.7177,131.3732,0.76000000,0.78175273,0.04000000,168.0496,168.0496,168.0496,168.0496,168.0496,168.0496,1.0000,,168.0496,168.0496,168.0496,168.0496,168.0496,168.0496,168.0496,168.0496,-168.0496,1.0,1.0,1.0,1,1,1,1,0E-8,1.00000000,,0E-8,0.000000,1.000000,0.000000,,2026-05-03,2026-05-03,1,1,1,1,1.000000,,,0.000000,,,,,,,,GLOBAL_BASELINE_NO_ENTITY_RANKING,,,NOT_APPLICABLE_GLOBAL_BASELINE,HF9g-P5,,,,X 全窗基线 · 不参与实体赏罚,6872335,688,A168_HF9F_20260827_0900,2026-08-27 09:00:00
2026-05-04,149559908,1399,0,63.0185904842,-63.0185904842,-63.0185904842,0E-7,1,1,0.49324550000000000,0.493245500000,-0.9865810262130424,-0.9865810262130424,-0.9865810262130424,0E-17,ELIGIBLE,R03b_20260811_FULL_v1,L1_ELIGIBILITY,v2026-08-11,2026-03-21..2026-08-06,baccarat_bet02_101_all_pairs_incl_sentinel,round_win = game_pnl > 0 (decisive only),COMPATIBILITY_ONLY_NOT_PRODUCTION,168.0496,168.0496,168.0496,3,3,-1.00000000,,-1.00000000,-1.00000000,-168.0496,168.0496,THIN_EXPOSURE,0.0000,6.7220,4.0000,96.0000,AG03-UNRESOLVED,ALL5_LEVELS_bet23_to_bet27,6.7220,6.7220,6.7220,6.7220,6.7220,4.000000,4.000000,4.000000,4.000000,4.000000,96.000000,96.000000,96.000000,96.000000,96.000000,5.0,33.6099,31.0265,134.4397,137.023,PENDING_AG03,FALSE,NOT_FOR_ENFORCEMENT,161.3276,161.3276,168.0496,161.3276,6.7220,1.00000000,0.96000000,6.7220,161.3276,0.96000000,6.7220,6.7220,6.7220,6.7220,6.7220,161.3276,0.96000000,33.6099,31.0265,134.4397,137.023,0.80000000,0.8153727,0.04000000,56.0165,56.0165,56.0165,168.0496,56.0165,168.0496,3.0000,,56.0165,52.5155,52.5155,60.3928,63.0186,63.0186,63.0186,52.5155,-52.5155,1.2,1.2,1.066667,3,3,1,1,0E-8,1.00000000,,0E-8,0.000000,1.000000,0.000000,,2026-05-04,2026-05-04,1,3,3,1,1.000000,,,0.000000,,,,,,,,GLOBAL_BASELINE_NO_ENTITY_RANKING,,,NOT_APPLICABLE_GLOBAL_BASELINE,HF9g-P5,,,,X 全窗基线 · 不参与实体赏罚,6872336,688,A168_HF9F_20260827_0900,2026-08-27 09:00:00
2026-05-04,149559908,2196,0,52.5154920702,-52.5154920702,-52.5154920702,0E-7,1,1,0.49324550000000000,0.493245500000,-0.9865810262130424,-0.9865810262130424,-0.9865810262130424,0E-17,ELIGIBLE,R03b_20260811_FULL_v1,L1_ELIGIBILITY,v2026-08-11,2026-03-21..2026-08-06,baccarat_bet02_101_all_pairs_incl_sentinel,round_win = game_pnl > 0 (decisive only),COMPATIBILITY_ONLY_NOT_PRODUCTION,168.0496,168.0496,168.0496,3,3,-1.00000000,,-1.00000000,-1.00000000,-168.0496,168.0496,THIN_EXPOSURE,0.0000,6.7220,4.0000,96.0000,AG03-UNRESOLVED,ALL5_LEVELS_bet23_to_bet27,6.7220,6.7220,6.7220,6.7220,6.7220,4.000000,4.000000,4.000000,4.000000,4.000000,96.000000,96.000000,96.000000,96.000000,96.000000,5.0,33.6099,31.0265,134.4397,137.023,PENDING_AG03,FALSE,NOT_FOR_ENFORCEMENT,161.3276,161.3276,168.0496,161.3276,6.7220,1.00000000,0.96000000,6.7220,161.3276,0.96000000,6.7220,6.7220,6.7220,6.7220,6.7220,161.3276,0.96000000,33.6099,31.0265,134.4397,137.023,0.80000000,0.8153727,0.04000000,56.0165,56.0165,56.0165,168.0496,56.0165,168.0496,3.0000,,56.0165,52.5155,52.5155,60.3928,63.0186,63.0186,63.0186,52.5155,-52.5155,1.2,1.2,1.066667,3,3,1,1,0E-8,1.00000000,,0E-8,0.000000,1.000000,0.000000,,2026-05-04,2026-05-04,1,3,3,1,1.000000,,,0.000000,,,,,,,,GLOBAL_BASELINE_NO_ENTITY_RANKING,,,NOT_APPLICABLE_GLOBAL_BASELINE,HF9g-P5,,,,X 全窗基线 · 不参与实体赏罚,6872337,688,A168_HF9F_20260827_0900,2026-08-27 09:00:00
2026-05-04,149559908,2242,0,52.5154920702,-52.5154920702,-52.5154920702,0E-7,1,1,0.49324550000000000,0.493245500000,-0.9865810262130424,-0.9865810262130424,-0.9865810262130424,0E-17,ELIGIBLE,R03b_20260811_FULL_v1,L1_ELIGIBILITY,v2026-08-11,2026-03-21..2026-08-06,baccarat_bet02_101_all_pairs_incl_sentinel,round_win = game_pnl > 0 (decisive only),COMPATIBILITY_ONLY_NOT_PRODUCTION,168.0496,168.0496,168.0496,3,3,-1.00000000,,-1.00000000,-1.00000000,-168.0496,168.0496,THIN_EXPOSURE,0.0000,6.7220,4.0000,96.0000,AG03-UNRESOLVED,ALL5_LEVELS_bet23_to_bet27,6.7220,6.7220,6.7220,6.7220,6.7220,4.000000,4.000000,4.000000,4.000000,4.000000,96.000000,96.000000,96.000000,96.000000,96.000000,5.0,33.6099,31.0265,134.4397,137.023,PENDING_AG03,FALSE,NOT_FOR_ENFORCEMENT,161.3276,161.3276,168.0496,161.3276,6.7220,1.00000000,0.96000000,6.7220,161.3276,0.96000000,6.7220,6.7220,6.7220,6.7220,6.7220,161.3276,0.96000000,33.6099,31.0265,134.4397,137.023,0.80000000,0.8153727,0.04000000,56.0165,56.0165,56.0165,168.0496,56.0165,168.0496,3.0000,,56.0165,52.5155,52.5155,60.3928,63.0186,63.0186,63.0186,52.5155,-52.5155,1.2,1.2,1.066667,3,3,1,1,0E-8,1.00000000,,0E-8,0.000000,1.000000,0.000000,,2026-05-04,2026-05-04,1,3,3,1,1.000000,,,0.000000,,,,,,,,GLOBAL_BASELINE_NO_ENTITY_RANKING,,,NOT_APPLICABLE_GLOBAL_BASELINE,HF9g-P5,,,,X 全窗基线 · 不参与实体赏罚,6872338,688,A168_HF9F_20260827_0900,2026-08-27 09:00:00
2026-05-07,108034418,2121,0,84.0247873123,-84.0247873123,-84.0247873123,0E-7,1,1,0.49324550000000000,0.493245500000,-0.9865810262130424,-0.9865810262130424,-0.9865810262130424,0E-17,ELIGIBLE,R03b_20260811_FULL_v1,L1_ELIGIBILITY,v2026-08-11,2026-03-21..2026-08-06,baccarat_bet02_101_all_pairs_incl_sentinel,round_win = game_pnl > 0 (decisive only),COMPATIBILITY_ONLY_NOT_PRODUCTION,168.0496,168.0496,168.0496,2,2,-1.00000000,,-1.00000000,-1.00000000,-168.0496,168.0496,THIN_EXPOSURE,0.0000,6.7220,4.0000,96.0000,AG03-UNRESOLVED,ALL5_LEVELS_bet23_to_bet27,6.7220,6.7220,6.7220,6.7220,6.7220,4.000000,4.000000,4.000000,4.000000,4.000000,96.000000,96.000000,96.000000,96.000000,96.000000,5.0,33.6099,31.0265,134.4397,137.023,PENDING_AG03,FALSE,NOT_FOR_ENFORCEMENT,161.3276,161.3276,168.0496,161.3276,6.7220,1.00000000,0.96000000,6.7220,161.3276,0.96000000,6.7220,6.7220,6.7220,6.7220,6.7220,161.3276,0.96000000,33.6099,31.0265,134.4397,137.023,0.80000000,0.8153727,0.04000000,84.0248,84.0248,84.0248,84.0248,84.0248,84.0248,1.0000,,84.0248,84.0248,84.0248,84.0248,84.0248,84.0248,84.0248,84.0248,-84.0248,1.0,1.0,1.0,2,2,2,2,0E-8,1.00000000,,0E-8,0.000000,1.000000,0.000000,,2026-05-07,2026-05-12,2,2,2,6,0.333333,,,0.000000,,,,,,,,GLOBAL_BASELINE_NO_ENTITY_RANKING,,,NOT_APPLICABLE_GLOBAL_BASELINE,HF9g-P5,,,,X 全窗基线 · 不参与实体赏罚,6872339,688,A168_HF9F_20260827_0900,2026-08-27 09:00:00
2026-05-08,149738599,-1,1,105.0309841403,-105.0309841403,-105.0309841403,0E-7,1,1,0.49324550000000000,0.493245500000,-0.9865810262130424,-0.9865810262130424,-0.9865810262130424,0E-17,SENTINEL_DEALER,R03b_20260811_FULL_v1,L1_ELIGIBILITY,v2026-08-11,2026-03-21..2026-08-06,baccarat_bet02_101_all_pairs_incl_sentinel,round_win = game_pnl > 0 (decisive only),COMPATIBILITY_ONLY_NOT_PRODUCTION,168.0496,168.0496,168.0496,2,2,-1.00000000,,-1.00000000,-1.00000000,-168.0496,168.0496,THIN_EXPOSURE,0.0000,6.7220,4.0000,96.0000,AG03-UNRESOLVED,ALL5_LEVELS_bet23_to_bet27,6.7220,6.7220,6.7220,6.7220,6.7220,4.000000,4.000000,4.000000,4.000000,4.000000,96.000000,96.000000,96.000000,96.000000,96.000000,5.0,33.6099,31.0265,134.4397,137.023,PENDING_AG03,FALSE,NOT_FOR_ENFORCEMENT,161.3276,161.3276,168.0496,161.3276,6.7220,1.00000000,0.96000000,6.7220,161.3276,0.96000000,6.7220,6.7220,6.7220,6.7220,6.7220,161.3276,0.96000000,33.6099,31.0265,134.4397,137.023,0.80000000,0.8153727,0.04000000,84.0248,84.0248,84.0248,168.0496,84.0248,168.0496,2.0000,,84.0248,63.0186,84.0248,105.031,105.031,105.031,105.031,84.0248,-84.0248,1.25,1.25,1.0,2,2,1,1,0E-8,1.00000000,,0E-8,0.000000,1.000000,0.000000,,2026-05-08,2026-05-08,1,2,2,1,1.000000,,,0.000000,,,,,,,,GLOBAL_BASELINE_NO_ENTITY_RANKING,,,NOT_APPLICABLE_GLOBAL_BASELINE,HF9g-P5,,,,X 全窗基线 · 不参与实体赏罚,6872340,688,A168_HF9F_20260827_0900,2026-08-27 09:00:00
2026-05-08,149738599,970,0,63.0185904842,-63.0185904842,-63.0185904842,0E-7,1,1,0.49324550000000000,0.493245500000,-0.9865810262130424,-0.9865810262130424,-0.9865810262130424,0E-17,ELIGIBLE,R03b_20260811_FULL_v1,L1_ELIGIBILITY,v2026-08-11,2026-03-21..2026-08-06,baccarat_bet02_101_all_pairs_incl_sentinel,round_win = game_pnl > 0 (decisive only),COMPATIBILITY_ONLY_NOT_PRODUCTION,168.0496,168.0496,168.0496,2,2,-1.00000000,,-1.00000000,-1.00000000,-168.0496,168.0496,THIN_EXPOSURE,0.0000,6.7220,4.0000,96.0000,AG03-UNRESOLVED,ALL5_LEVELS_bet23_to_bet27,6.7220,6.7220,6.7220,6.7220,6.7220,4.000000,4.000000,4.000000,4.000000,4.000000,96.000000,96.000000,96.000000,96.000000,96.000000,5.0,33.6099,31.0265,134.4397,137.023,PENDING_AG03,FALSE,NOT_FOR_ENFORCEMENT,161.3276,161.3276,168.0496,161.3276,6.7220,1.00000000,0.96000000,6.7220,161.3276,0.96000000,6.7220,6.7220,6.7220,6.7220,6.7220,161.3276,0.96000000,33.6099,31.0265,134.4397,137.023,0.80000000,0.8153727,0.04000000,84.0248,84.0248,84.0248,168.0496,84.0248,168.0496,2.0000,,84.0248,63.0186,84.0248,105.031,105.031,105.031,105.031,84.0248,-84.0248,1.25,1.25,1.0,2,2,1,1,0E-8,1.00000000,,0E-8,0.000000,1.000000,0.000000,,2026-05-08,2026-05-08,1,2,2,1,1.000000,,,0.000000,,,,,,,,GLOBAL_BASELINE_NO_ENTITY_RANKING,,,NOT_APPLICABLE_GLOBAL_BASELINE,HF9g-P5,,,,X 全窗基线 · 不参与实体赏罚,6872341,688,A168_HF9F_20260827_0900,2026-08-27 09:00:00
2026-05-09,149781587,1951,0,115.5340825544,-115.5340825544,-115.5340825544,0E-7,1,1,0.49324550000000000,0.493245500000,-0.9865810262130424,-0.9865810262130424,-0.9865810262130424,0E-17,ELIGIBLE,R03b_20260811_FULL_v1,L1_ELIGIBILITY,v2026-08-11,2026-03-21..2026-08-06,baccarat_bet02_101_all_pairs_incl_sentinel,round_win = game_pnl > 0 (decisive only),COMPATIBILITY_ONLY_NOT_PRODUCTION,168.0496,168.0496,168.0496,2,2,-1.00000000,,-1.00000000,-1.00000000,-168.0496,168.0496,THIN_EXPOSURE,0.0000,6.7220,4.0000,96.0000,AG03-UNRESOLVED,ALL5_LEVELS_bet23_to_bet27,6.7220,6.7220,6.7220,6.7220,6.7220,4.000000,4.000000,4.000000,4.000000,4.000000,96.000000,96.000000,96.000000,96.000000,96.000000,5.0,33.6099,31.0265,134.4397,137.023,PENDING_AG03,FALSE,NOT_FOR_ENFORCEMENT,161.3276,161.3276,168.0496,161.3276,6.7220,1.00000000,0.96000000,6.7220,161.3276,0.96000000,6.7220,6.7220,6.7220,6.7220,6.7220,161.3276,0.96000000,33.6099,31.0265,134.4397,137.023,0.80000000,0.8153727,0.04000000,84.0248,84.0248,84.0248,168.0496,84.0248,168.0496,2.0000,,84.0248,52.5155,84.0248,115.5341,115.5341,115.5341,115.5341,84.0248,-84.0248,1.375,1.375,1.0,2,2,1,2,0E-8,1.00000000,,0E-8,0.000000,1.000000,0.000000,,2026-05-09,2026-05-09,1,2,2,1,1.000000,,,0.000000,,,,,,,,GLOBAL_BASELINE_NO_ENTITY_RANKING,,,NOT_APPLICABLE_GLOBAL_BASELINE,HF9g-P5,,,,X 全窗基线 · 不参与实体赏罚,6872342,688,A168_HF9F_20260827_0900,2026-08-27 09:00:00
2026-05-09,149781587,2256,0,52.5154920702,-52.5154920702,-52.5154920702,0E-7,1,1,0.50665070000000000,0.506650700000,-1.013391052207602,-1.013391052207602,-1.013391052207602,0E-17,ELIGIBLE,R03b_20260811_FULL_v1,L1_ELIGIBILITY,v2026-08-11,2026-03-21..2026-08-06,baccarat_bet02_101_all_pairs_incl_sentinel,round_win = game_pnl > 0 (decisive only),COMPATIBILITY_ONLY_NOT_PRODUCTION,168.0496,168.0496,168.0496,2,2,-1.00000000,,-1.00000000,-1.00000000,-168.0496,168.0496,THIN_EXPOSURE,0.0000,6.7220,4.0000,96.0000,AG03-UNRESOLVED,ALL5_LEVELS_bet23_to_bet27,6.7220,6.7220,6.7220,6.7220,6.7220,4.000000,4.000000,4.000000,4.000000,4.000000,96.000000,96.000000,96.000000,96.000000,96.000000,5.0,33.6099,31.0265,134.4397,137.023,PENDING_AG03,FALSE,NOT_FOR_ENFORCEMENT,161.3276,161.3276,168.0496,161.3276,6.7220,1.00000000,0.96000000,6.7220,161.3276,0.96000000,6.7220,6.7220,6.7220,6.7220,6.7220,161.3276,0.96000000,33.6099,31.0265,134.4397,137.023,0.80000000,0.8153727,0.04000000,84.0248,84.0248,84.0248,168.0496,84.0248,168.0496,2.0000,,84.0248,52.5155,84.0248,115.5341,115.5341,115.5341,115.5341,84.0248,-84.0248,1.375,1.375,1.0,2,2,1,2,0E-8,1.00000000,,0E-8,0.000000,1.000000,0.000000,,2026-05-09,2026-05-09,1,2,2,1,1.000000,,,0.000000,,,,,,,,GLOBAL_BASELINE_NO_ENTITY_RANKING,,,NOT_APPLICABLE_GLOBAL_BASELINE,HF9g-P5,,,,X 全窗基线 · 不参与实体赏罚,6872343,688,A168_HF9F_20260827_0900,2026-08-27 09:00:00
2026-05-12,108034418,1210,0,84.0247873123,-84.0247873123,-84.0247873123,0E-7,1,1,0.50665070000000000,0.506650700000,-1.013391052207602,-1.013391052207602,-1.013391052207602,0E-17,ELIGIBLE,R03b_20260811_FULL_v1,L1_ELIGIBILITY,v2026-08-11,2026-03-21..2026-08-06,baccarat_bet02_101_all_pairs_incl_sentinel,round_win = game_pnl > 0 (decisive only),COMPATIBILITY_ONLY_NOT_PRODUCTION,168.0496,168.0496,168.0496,2,2,-1.00000000,,-1.00000000,-1.00000000,-168.0496,168.0496,THIN_EXPOSURE,0.0000,6.7220,4.0000,96.0000,AG03-UNRESOLVED,ALL5_LEVELS_bet23_to_bet27,6.7220,6.7220,6.7220,6.7220,6.7220,4.000000,4.000000,4.000000,4.000000,4.000000,96.000000,96.000000,96.000000,96.000000,96.000000,5.0,33.6099,31.0265,134.4397,137.023,PENDING_AG03,FALSE,NOT_FOR_ENFORCEMENT,161.3276,161.3276,168.0496,161.3276,6.7220,1.00000000,0.96000000,6.7220,161.3276,0.96000000,6.7220,6.7220,6.7220,6.7220,6.7220,161.3276,0.96000000,33.6099,31.0265,134.4397,137.023,0.80000000,0.8153727,0.04000000,84.0248,84.0248,84.0248,84.0248,84.0248,84.0248,1.0000,,84.0248,84.0248,84.0248,84.0248,84.0248,84.0248,84.0248,84.0248,-84.0248,1.0,1.0,1.0,2,2,2,2,0E-8,1.00000000,,0E-8,0.000000,1.000000,0.000000,,2026-05-07,2026-05-12,2,2,2,6,0.333333,,,0.000000,,,,,,,,GLOBAL_BASELINE_NO_ENTITY_RANKING,,,NOT_APPLICABLE_GLOBAL_BASELINE,HF9g-P5,,,,X 全窗基线 · 不参与实体赏罚,6872344,688,A168_HF9F_20260827_0900,2026-08-27 09:00:00
2026-05-12,144838561,2223,0,168.0495746245,-168.0495746245,-168.0495746245,0E-7,6,4,0.34183154000000000,0.300626750000,-1.4413436134753768,-1.311261463576614,-1.4413436134753768,0.04120479000000000,ELIGIBLE,R03b_20260811_FULL_v1,L1_ELIGIBILITY,v2026-08-11,2026-03-21..2026-08-06,baccarat_bet02_101_all_pairs_incl_sentinel,round_win = game_pnl > 0 (decisive only),COMPATIBILITY_ONLY_NOT_PRODUCTION,168.0496,168.0496,168.0496,6,4,-1.00000000,,-1.00000000,-1.00000000,-168.0496,168.0496,THIN_EXPOSURE,0.0000,6.7220,4.0000,96.0000,AG03-UNRESOLVED,ALL5_LEVELS_bet23_to_bet27,6.7220,6.7220,7.5622,7.5622,7.5622,4.000000,4.000000,4.500000,4.500000,4.500000,96.000000,96.000000,95.500000,95.500000,95.500000,5.0,36.1307,33.1564,131.9189,134.8932,PENDING_AG03,FALSE,NOT_FOR_ENFORCEMENT,161.3276,161.3276,168.0496,161.3276,6.7220,1.00000000,0.96000000,6.7220,161.3276,0.96000000,6.7220,6.7220,7.5622,7.5622,7.5622,161.3276,0.96000000,36.1307,33.1564,131.9189,134.8932,0.78500000,0.80269874,0.04000000,28.0083,42.0124,42.0124,168.0496,168.0496,168.0496,4.0000,,28.0083,10.5031,26.2577,42.0124,51.4652,52.5155,52.5155,26.2577,-26.2577,2.0,2.0,1.066667,1,1,1,2,0E-8,1.00000000,,0E-8,0.000000,1.000000,0.000000,,2026-05-12,2026-05-12,1,1,1,1,1.000000,,,0.000000,,,,,,,,GLOBAL_BASELINE_NO_ENTITY_RANKING,,,NOT_APPLICABLE_GLOBAL_BASELINE,HF9g-P5,,,,X 全窗基线 · 不参与实体赏罚,6872345,688,A168_HF9F_20260827_0900,2026-08-27 09:00:00
2026-05-12,96665281,1374,0,168.0495746245,-168.0495746245,-168.0495746245,0E-7,1,1,0.49324550000000000,0.493245500000,-0.9865810262130424,-0.9865810262130424,-0.9865810262130424,0E-17,ELIGIBLE,R03b_20260811_FULL_v1,L1_ELIGIBILITY,v2026-08-11,2026-03-21..2026-08-06,baccarat_bet02_101_all_pairs_incl_sentinel,round_win = game_pnl > 0 (decisive only),COMPATIBILITY_ONLY_NOT_PRODUCTION,168.0496,168.0496,168.0496,1,1,-1.00000000,,-1.00000000,-1.00000000,-168.0496,168.0496,THIN_EXPOSURE,0.0000,6.7220,4.0000,96.0000,AG03-UNRESOLVED,ALL5_LEVELS_bet23_to_bet27,6.7220,6.7220,6.7220,0.0000,0.0000,4.000000,4.000000,4.000000,0.000000,0.000000,96.000000,96.000000,96.000000,100.000000,100.000000,5.0,20.1659,19.3701,147.8836,148.6795,PENDING_AG03,FALSE,NOT_FOR_ENFORCEMENT,161.3276,161.3276,168.0496,161.3276,6.7220,1.00000000,0.96000000,6.7220,161.3276,0.96000000,6.7220,6.7220,6.7220,0.0000,0.0000,161.3276,0.96000000,20.1659,19.3701,147.8836,148.6795,0.88000000,0.884736,0.04000000,168.0496,168.0496,168.0496,168.0496,168.0496,168.0496,1.0000,,168.0496,168.0496,168.0496,168.0496,168.0496,168.0496,168.0496,168.0496,-168.0496,1.0,1.0,1.0,1,1,1,1,0E-8,1.00000000,,0E-8,0.000000,1.000000,0.000000,,2026-05-12,2026-05-12,1,1,1,1,1.000000,,,0.000000,,,,,,,,GLOBAL_BASELINE_NO_ENTITY_RANKING,,,NOT_APPLICABLE_GLOBAL_BASELINE,HF9g-P5,,,,X 全窗基线 · 不参与实体赏罚,6872346,688,A168_HF9F_20260827_0900,2026-08-27 09:00:00
2026-05-13,92143391,-1,1,63.0185904842,-63.0185904842,-63.0185904842,0E-7,1,1,0.50665070000000000,0.506650700000,-1.013391052207602,-1.013391052207602,-1.013391052207602,0E-17,SENTINEL_DEALER,R03b_20260811_FULL_v1,L1_ELIGIBILITY,v2026-08-11,2026-03-21..2026-08-06,baccarat_bet02_101_all_pairs_incl_sentinel,round_win = game_pnl > 0 (decisive only),COMPATIBILITY_ONLY_NOT_PRODUCTION,168.0496,168.0496,168.0496,2,2,-1.00000000,,-1.00000000,-1.00000000,-168.0496,168.0496,THIN_EXPOSURE,0.0000,6.7220,4.0000,96.0000,AG03-UNRESOLVED,ALL5_LEVELS_bet23_to_bet27,6.7220,6.7220,6.7220,6.7220,6.7220,4.000000,4.000000,4.000000,4.000000,4.000000,96.000000,96.000000,96.000000,96.000000,96.000000,5.0,33.6099,31.0265,134.4397,137.023,PENDING_AG03,FALSE,NOT_FOR_ENFORCEMENT,161.3276,161.3276,168.0496,161.3276,6.7220,1.00000000,0.96000000,6.7220,161.3276,0.96000000,6.7220,6.7220,6.7220,6.7220,6.7220,161.3276,0.96000000,33.6099,31.0265,134.4397,137.023,0.80000000,0.8153727,0.04000000,84.0248,84.0248,84.0248,168.0496,84.0248,168.0496,2.0000,,84.0248,63.0186,84.0248,105.031,105.031,105.031,105.031,84.0248,-84.0248,1.25,1.25,1.0,2,2,1,1,0E-8,1.00000000,,0E-8,0.000000,1.000000,0.000000,,2026-05-13,2026-05-13,1,2,2,1,1.000000,,,0.000000,,,,,,,,GLOBAL_BASELINE_NO_ENTITY_RANKING,,,NOT_APPLICABLE_GLOBAL_BASELINE,HF9g-P5,,,,X 全窗基线 · 不参与实体赏罚,6872347,688,A168_HF9F_20260827_0900,2026-08-27 09:00:00
2026-05-13,92143391,987,0,105.0309841403,-105.0309841403,-105.0309841403,0E-7,1,1,0.50665070000000000,0.506650700000,-1.013391052207602,-1.013391052207602,-1.013391052207602,0E-17,ELIGIBLE,R03b_20260811_FULL_v1,L1_ELIGIBILITY,v2026-08-11,2026-03-21..2026-08-06,baccarat_bet02_101_all_pairs_incl_sentinel,round_win = game_pnl > 0 (decisive only),COMPATIBILITY_ONLY_NOT_PRODUCTION,168.0496,168.0496,168.0496,2,2,-1.00000000,,-1.00000000,-1.00000000,-168.0496,168.0496,THIN_EXPOSURE,0.0000,6.7220,4.0000,96.0000,AG03-UNRESOLVED,ALL5_LEVELS_bet23_to_bet27,6.7220,6.7220,6.7220,6.7220,6.7220,4.000000,4.000000,4.000000,4.000000,4.000000,96.000000,96.000000,96.000000,96.000000,96.000000,5.0,33.6099,31.0265,134.4397,137.023,PENDING_AG03,FALSE,NOT_FOR_ENFORCEMENT,161.3276,161.3276,168.0496,161.3276,6.7220,1.00000000,0.96000000,6.7220,161.3276,0.96000000,6.7220,6.7220,6.7220,6.7220,6.7220,161.3276,0.96000000,33.6099,31.0265,134.4397,137.023,0.80000000,0.8153727,0.04000000,84.0248,84.0248,84.0248,168.0496,84.0248,168.0496,2.0000,,84.0248,63.0186,84.0248,105.031,105.031,105.031,105.031,84.0248,-84.0248,1.25,1.25,1.0,2,2,1,1,0E-8,1.00000000,,0E-8,0.000000,1.000000,0.000000,,2026-05-13,2026-05-13,1,2,2,1,1.000000,,,0.000000,,,,,,,,GLOBAL_BASELINE_NO_ENTITY_RANKING,,,NOT_APPLICABLE_GLOBAL_BASELINE,HF9g-P5,,,,X 全窗基线 · 不参与实体赏罚,6872348,688,A168_HF9F_20260827_0900,2026-08-27 09:00:00
2026-05-16,150117027,2153,0,147.0433777964,-147.0433777964,-147.0433777964,0E-7,3,3,0.50218230000000000,0.502182300000,-1.7396270863184011,-1.7396270863184016,-1.7396270863184011,0E-17,ELIGIBLE,R03b_20260811_FULL_v1,L1_ELIGIBILITY,v2026-08-11,2026-03-21..2026-08-06,baccarat_bet02_101_all_pairs_incl_sentinel,round_win = game_pnl > 0 (decisive only),COMPATIBILITY_ONLY_NOT_PRODUCTION,168.0496,168.0496,168.0496,4,4,-1.00000000,,-1.00000000,-1.00000000,-168.0496,168.0496,THIN_EXPOSURE,0.0000,6.7220,4.0000,96.0000,AG03-UNRESOLVED,ALL5_LEVELS_bet23_to_bet27,6.7220,6.7220,6.7220,6.7220,6.7220,4.000000,4.000000,4.000000,4.000000,4.000000,96.000000,96.000000,96.000000,96.000000,96.000000,5.0,33.6099,31.0265,134.4397,137.023,PENDING_AG03,FALSE,NOT_FOR_ENFORCEMENT,161.3276,161.3276,168.0496,161.3276,6.7220,1.00000000,0.96000000,6.7220,161.3276,0.96000000,6.7220,6.7220,6.7220,6.7220,6.7220,161.3276,0.96000000,33.6099,31.0265,134.4397,137.023,0.80000000,0.8153727,0.04000000,42.0124,42.0124,42.0124,168.0496,84.0248,168.0496,4.0000,,42.0124,31.5093,42.0124,52.5155,63.0186,63.0186,63.0186,42.0124,-42.0124,1.5,1.5,1.0,2,2,1,2,0E-8,1.00000000,,0E-8,0.000000,1.000000,0.000000,,2026-05-16,2026-05-16,1,2,2,1,1.000000,,,0.000000,,,,,,,,GLOBAL_BASELINE_NO_ENTITY_RANKING,,,NOT_APPLICABLE_GLOBAL_BASELINE,HF9g-P5,,,,X 全窗基线 · 不参与实体赏罚,6872349,688,A168_HF9F_20260827_0900,2026-08-27 09:00:00
2026-05-16,150117027,948,0,21.0061968281,-21.0061968281,-21.0061968281,0E-7,1,1,0.49324550000000000,0.493245500000,-0.9865810262130424,-0.9865810262130424,-0.9865810262130424,0E-17,ELIGIBLE,R03b_20260811_FULL_v1,L1_ELIGIBILITY,v2026-08-11,2026-03-21..2026-08-06,baccarat_bet02_101_all_pairs_incl_sentinel,round_win = game_pnl > 0 (decisive only),COMPATIBILITY_ONLY_NOT_PRODUCTION,168.0496,168.0496,168.0496,4,4,-1.00000000,,-1.00000000,-1.00000000,-168.0496,168.0496,THIN_EXPOSURE,0.0000,6.7220,4.0000,96.0000,AG03-UNRESOLVED,ALL5_LEVELS_bet23_to_bet27,6.7220,6.7220,6.7220,6.7220,6.7220,4.000000,4.000000,4.000000,4.000000,4.000000,96.000000,96.000000,96.000000,96.000000,96.000000,5.0,33.6099,31.0265,134.4397,137.023,PENDING_AG03,FALSE,NOT_FOR_ENFORCEMENT,161.3276,161.3276,168.0496,161.3276,6.7220,1.00000000,0.96000000,6.7220,161.3276,0.96000000,6.7220,6.7220,6.7220,6.7220,6.7220,161.3276,0.96000000,33.6099,31.0265,134.4397,137.023,0.80000000,0.8153727,0.04000000,42.0124,42.0124,42.0124,168.0496,84.0248,168.0496,4.0000,,42.0124,31.5093,42.0124,52.5155,63.0186,63.0186,63.0186,42.0124,-42.0124,1.5,1.5,1.0,2,2,1,2,0E-8,1.00000000,,0E-8,0.000000,1.000000,0.000000,,2026-05-16,2026-05-16,1,2,2,1,1.000000,,,0.000000,,,,,,,,GLOBAL_BASELINE_NO_ENTITY_RANKING,,,NOT_APPLICABLE_GLOBAL_BASELINE,HF9g-P5,,,,X 全窗基线 · 不参与实体赏罚,6872350,688,A168_HF9F_20260827_0900,2026-08-27 09:00:00
2026-05-17,70645172,-1,1,168.0495746243,-168.0495746243,-168.0495746243,0E-7,7,2,0.24491683333344116,0.134497858334,-0.8054283671371673,-0.557491960491568,-0.8054283671371673,0.11041897499944116,SENTINEL_DEALER,R03b_20260811_FULL_v1,L1_ELIGIBILITY,v2026-08-11,2026-03-21..2026-08-06,baccarat_bet02_101_all_pairs_incl_sentinel,round_win = game_pnl > 0 (decisive only),COMPATIBILITY_ONLY_NOT_PRODUCTION,168.0496,168.0496,168.0496,7,2,-1.00000000,,-1.00000000,-1.00000000,-168.0496,168.0496,THIN_EXPOSURE,0.0000,6.7220,4.0000,96.0000,AG03-UNRESOLVED,ALL5_LEVELS_bet23_to_bet27,6.7220,6.7220,6.7220,8.4025,8.4025,4.000000,4.000000,4.000000,5.000000,5.000000,96.000000,96.000000,96.000000,95.000000,95.000000,5.0,36.9709,33.8663,131.0787,134.1833,PENDING_AG03,FALSE,NOT_FOR_ENFORCEMENT,161.3276,161.3276,168.0496,161.3276,6.7220,1.00000000,0.96000000,6.7220,161.3276,0.96000000,6.7220,6.7220,6.7220,8.4025,8.4025,161.3276,0.96000000,36.9709,33.8663,131.0787,134.1833,0.78000000,0.79847424,0.04000000,24.0071,84.0248,84.0248,168.0496,168.0496,168.0496,2.0000,,24.0071,10.5031,10.5031,10.5031,86.1254,105.031,105.031,10.5031,-10.5031,10.0,10.0,2.285714,1,1,1,4,0E-8,1.00000000,,0E-8,0.000000,1.000000,0.000000,,2026-05-17,2026-05-17,1,1,1,1,1.000000,,,0.000000,,,,,,,,GLOBAL_BASELINE_NO_ENTITY_RANKING,,,NOT_APPLICABLE_GLOBAL_BASELINE,HF9g-P5,,,,X 全窗基线 · 不参与实体赏罚,6872351,688,A168_HF9F_20260827_0900,2026-08-27 09:00:00
2026-05-19,141491565,1710,0,84.0247873122,-84.0247873122,-84.0247873122,0E-7,2,2,0.09460280000000000,0.094602800000,-0.45713810072106237,-0.45713810072106237,-0.45713810072106237,0E-17,ELIGIBLE,R03b_20260811_FULL_v1,L1_ELIGIBILITY,v2026-08-11,2026-03-21..2026-08-06,baccarat_bet02_101_all_pairs_incl_sentinel,round_win = game_pnl > 0 (decisive only),COMPATIBILITY_ONLY_NOT_PRODUCTION,168.0496,168.0496,168.0496,4,4,-1.00000000,,-1.00000000,-1.00000000,-168.0496,168.0496,THIN_EXPOSURE,0.0000,6.7220,4.0000,96.0000,AG03-UNRESOLVED,ALL5_LEVELS_bet23_to_bet27,6.7220,6.7220,8.4025,10.0830,10.0830,4.000000,4.000000,5.000000,6.000000,6.000000,96.000000,96.000000,95.000000,94.000000,94.000000,5.0,42.0124,38.0448,126.0372,130.0047,PENDING_AG03,FALSE,NOT_FOR_ENFORCEMENT,161.3276,161.3276,168.0496,161.3276,6.7220,1.00000000,0.96000000,6.7220,161.3276,0.96000000,6.7220,6.7220,8.4025,10.0830,10.0830,161.3276,0.96000000,42.0124,38.0448,126.0372,130.0047,0.75000000,0.77360947,0.04000000,42.0124,42.0124,42.0124,168.0496,84.0248,168.0496,4.0000,,42.0124,42.0124,42.0124,42.0124,42.0124,42.0124,42.0124,42.0124,-42.0124,1.0,1.0,1.0,2,2,1,1,0E-8,1.00000000,,0E-8,0.000000,1.000000,0.000000,,2026-05-19,2026-05-19,1,2,2,1,1.000000,,,0.000000,,,,,,,,GLOBAL_BASELINE_NO_ENTITY_RANKING,,,NOT_APPLICABLE_GLOBAL_BASELINE,HF9g-P5,,,,X 全窗基线 · 不参与实体赏罚,6872352,688,A168_HF9F_20260827_0900,2026-08-27 09:00:00
2026-05-19,141491565,763,0,84.0247873122,-84.0247873122,-84.0247873122,0E-7,2,2,0.09460280000000000,0.094602800000,-0.45713810072106237,-0.45713810072106237,-0.45713810072106237,0E-17,ELIGIBLE,R03b_20260811_FULL_v1,L1_ELIGIBILITY,v2026-08-11,2026-03-21..2026-08-06,baccarat_bet02_101_all_pairs_incl_sentinel,round_win = game_pnl > 0 (decisive only),COMPATIBILITY_ONLY_NOT_PRODUCTION,168.0496,168.0496,168.0496,4,4,-1.00000000,,-1.00000000,-1.00000000,-168.0496,168.0496,THIN_EXPOSURE,0.0000,6.7220,4.0000,96.0000,AG03-UNRESOLVED,ALL5_LEVELS_bet23_to_bet27,6.7220,6.7220,8.4025,10.0830,10.0830,4.000000,4.000000,5.000000,6.000000,6.000000,96.000000,96.000000,95.000000,94.000000,94.000000,5.0,42.0124,38.0448,126.0372,130.0047,PENDING_AG03,FALSE,NOT_FOR_ENFORCEMENT,161.3276,161.3276,168.0496,161.3276,6.7220,1.00000000,0.96000000,6.7220,161.3276,0.96000000,6.7220,6.7220,8.4025,10.0830,10.0830,161.3276,0.96000000,42.0124,38.0448,126.0372,130.0047,0.75000000,0.77360947,0.04000000,42.0124,42.0124,42.0124,168.0496,84.0248,168.0496,4.0000,,42.0124,42.0124,42.0124,42.0124,42.0124,42.0124,42.0124,42.0124,-42.0124,1.0,1.0,1.0,2,2,1,1,0E-8,1.00000000,,0E-8,0.000000,1.000000,0.000000,,2026-05-19,2026-05-19,1,2,2,1,1.000000,,,0.000000,,,,,,,,GLOBAL_BASELINE_NO_ENTITY_RANKING,,,NOT_APPLICABLE_GLOBAL_BASELINE,HF9g-P5,,,,X 全窗基线 · 不参与实体赏罚,6872353,688,A168_HF9F_20260827_0900,2026-08-27 09:00:00
2026-05-19,150288689,1017,0,105.0309841403,-105.0309841403,-105.0309841403,0E-7,1,1,0.49324550000000000,0.493245500000,-0.9865810262130424,-0.9865810262130424,-0.9865810262130424,0E-17,ELIGIBLE,R03b_20260811_FULL_v1,L1_ELIGIBILITY,v2026-08-11,2026-03-21..2026-08-06,baccarat_bet02_101_all_pairs_incl_sentinel,round_win = game_pnl > 0 (decisive only),COMPATIBILITY_ONLY_NOT_PRODUCTION,168.0496,168.0496,168.0496,2,2,-1.00000000,,-1.00000000,-1.00000000,-168.0496,168.0496,THIN_EXPOSURE,0.0000,6.7220,4.0000,96.0000,AG03-UNRESOLVED,ALL5_LEVELS_bet23_to_bet27,6.7220,6.7220,6.7220,8.4025,8.4025,4.000000,4.000000,4.000000,5.000000,5.000000,96.000000,96.000000,96.000000,95.000000,95.000000,5.0,36.9709,33.8663,131.0787,134.1833,PENDING_AG03,FALSE,NOT_FOR_ENFORCEMENT,161.3276,161.3276,168.0496,161.3276,6.7220,1.00000000,0.96000000,6.7220,161.3276,0.96000000,6.7220,6.7220,6.7220,8.4025,8.4025,161.3276,0.96000000,36.9709,33.8663,131.0787,134.1833,0.78000000,0.79847424,0.04000000,84.0248,84.0248,84.0248,168.0496,84.0248,168.0496,2.0000,,84.0248,63.0186,84.0248,105.031,105.031,105.031,105.031,84.0248,-84.0248,1.25,1.25,1.0,2,2,1,1,0E-8,1.00000000,,0E-8,0.000000,1.000000,0.000000,,2026-05-19,2026-05-19,1,2,2,1,1.000000,,,0.000000,,,,,,,,GLOBAL_BASELINE_NO_ENTITY_RANKING,,,NOT_APPLICABLE_GLOBAL_BASELINE,HF9g-P5,,,,X 全窗基线 · 不参与实体赏罚,6872354,688,A168_HF9F_20260827_0900,2026-08-27 09:00:00
2026-05-19,150288689,994,0,63.0185904842,-63.0185904842,-63.0185904842,0E-7,1,1,0.49324550000000000,0.493245500000,-0.9865810262130424,-0.9865810262130424,-0.9865810262130424,0E-17,ELIGIBLE,R03b_20260811_FULL_v1,L1_ELIGIBILITY,v2026-08-11,2026-03-21..2026-08-06,baccarat_bet02_101_all_pairs_incl_sentinel,round_win = game_pnl > 0 (decisive only),COMPATIBILITY_ONLY_NOT_PRODUCTION,168.0496,168.0496,168.0496,2,2,-1.00000000,,-1.00000000,-1.00000000,-168.0496,168.0496,THIN_EXPOSURE,0.0000,6.7220,4.0000,96.0000,AG03-UNRESOLVED,ALL5_LEVELS_bet23_to_bet27,6.7220,6.7220,6.7220,8.4025,8.4025,4.000000,4.000000,4.000000,5.000000,5.000000,96.000000,96.000000,96.000000,95.000000,95.000000,5.0,36.9709,33.8663,131.0787,134.1833,PENDING_AG03,FALSE,NOT_FOR_ENFORCEMENT,161.3276,161.3276,168.0496,161.3276,6.7220,1.00000000,0.96000000,6.7220,161.3276,0.96000000,6.7220,6.7220,6.7220,8.4025,8.4025,161.3276,0.96000000,36.9709,33.8663,131.0787,134.1833,0.78000000,0.79847424,0.04000000,84.0248,84.0248,84.0248,168.0496,84.0248,168.0496,2.0000,,84.0248,63.0186,84.0248,105.031,105.031,105.031,105.031,84.0248,-84.0248,1.25,1.25,1.0,2,2,1,1,0E-8,1.00000000,,0E-8,0.000000,1.000000,0.000000,,2026-05-19,2026-05-19,1,2,2,1,1.000000,,,0.000000,,,,,,,,GLOBAL_BASELINE_NO_ENTITY_RANKING,,,NOT_APPLICABLE_GLOBAL_BASELINE,HF9g-P5,,,,X 全窗基线 · 不参与实体赏罚,6872355,688,A168_HF9F_20260827_0900,2026-08-27 09:00:00
2026-05-23,150451535,-1,1,168.0495746245,-168.0495746245,-168.0495746245,0E-7,4,3,0.47426251428571429,0.426805050000,-1.6450744417678869,-1.4945974065056233,-1.6450744417678869,0.04745746428571429,SENTINEL_DEALER,R03b_20260811_FULL_v1,L1_ELIGIBILITY,v2026-08-11,2026-03-21..2026-08-06,baccarat_bet02_101_all_pairs_incl_sentinel,round_win = game_pnl > 0 (decisive only),COMPATIBILITY_ONLY_NOT_PRODUCTION,168.0496,168.0496,168.0496,4,3,-1.00000000,,-1.00000000,-1.00000000,-168.0496,168.0496,THIN_EXPOSURE,0.0000,6.7220,4.0000,96.0000,AG03-UNRESOLVED,ALL5_LEVELS_bet23_to_bet27,6.7220,6.7220,6.7220,10.0830,10.0830,4.000000,4.000000,4.000000,6.000000,6.000000,96.000000,96.000000,96.000000,94.000000,94.000000,5.0,40.3319,36.6764,127.7177,131.3732,PENDING_AG03,FALSE,NOT_FOR_ENFORCEMENT,161.3276,161.3276,168.0496,161.3276,6.7220,1.00000000,0.96000000,6.7220,161.3276,0.96000000,6.7220,6.7220,6.7220,10.0830,10.0830,161.3276,0.96000000,40.3319,36.6764,127.7177,131.3732,0.76000000,0.78175273,0.04000000,42.0124,56.0165,56.0165,168.0496,168.0496,168.0496,3.0000,,42.0124,7.3522,24.1571,76.6726,117.6347,117.6347,117.6347,24.1571,-24.1571,4.869565,4.869565,1.73913,1,1,1,2,0E-8,1.00000000,,0E-8,0.000000,1.000000,0.000000,,2026-05-23,2026-05-23,1,1,1,1,1.000000,,,0.000000,,,,,,,,GLOBAL_BASELINE_NO_ENTITY_RANKING,,,NOT_APPLICABLE_GLOBAL_BASELINE,HF9g-P5,,,,X 全窗基线 · 不参与实体赏罚,6872356,688,A168_HF9F_20260827_0900,2026-08-27 09:00:00
2026-05-27,150655053,1401,0,168.0495746243,-168.0495746243,-168.0495746243,0E-7,8,2,0.24106427333344116,0.126685575000,-0.7970378109738884,-0.5386333807444479,-0.7970378109738884,0.11437869833344116,ELIGIBLE,R03b_20260811_FULL_v1,L1_ELIGIBILITY,v2026-08-11,2026-03-21..2026-08-06,baccarat_bet02_101_all_pairs_incl_sentinel,round_win = game_pnl > 0 (decisive only),COMPATIBILITY_ONLY_NOT_PRODUCTION,168.0496,168.0496,168.0496,8,2,-1.00000000,,-1.00000000,-1.00000000,-168.0496,168.0496,THIN_EXPOSURE,0.0000,6.7220,4.0000,96.0000,AG03-UNRESOLVED,ALL5_LEVELS_bet23_to_bet27,6.7220,6.7220,8.4025,10.0830,10.0830,4.000000,4.000000,5.000000,6.000000,6.000000,96.000000,96.000000,95.000000,94.000000,94.000000,5.0,42.0124,38.0448,126.0372,130.0047,PENDING_AG03,FALSE,NOT_FOR_ENFORCEMENT,161.3276,161.3276,168.0496,161.3276,6.7220,1.00000000,0.96000000,6.7220,161.3276,0.96000000,6.7220,6.7220,8.4025,10.0830,10.0830,161.3276,0.96000000,42.0124,38.0448,126.0372,130.0047,0.75000000,0.77360947,0.04000000,21.0062,84.0248,84.0248,168.0496,168.0496,168.0496,2.0000,,21.0062,7.3522,10.5031,12.6037,77.3028,105.031,105.031,10.5031,-10.5031,10.0,10.0,2.0,1,1,1,5,0E-8,1.00000000,,0E-8,0.000000,1.000000,0.000000,,2026-05-27,2026-05-27,1,1,1,1,1.000000,,,0.000000,,,,,,,,GLOBAL_BASELINE_NO_ENTITY_RANKING,,,NOT_APPLICABLE_GLOBAL_BASELINE,HF9g-P5,,,,X 全窗基线 · 不参与实体赏罚,6872357,688,A168_HF9F_20260827_0900,2026-08-27 09:00:00
2026-05-29,117401668,-1,1,168.0495746244,-168.0495746244,-168.0495746244,0E-7,6,3,0.41446610928589560,0.293924150000,-1.4572334139652958,-1.1175130002489002,-1.4572334139652958,0.12054195928589560,SENTINEL_DEALER,R03b_20260811_FULL_v1,L1_ELIGIBILITY,v2026-08-11,2026-03-21..2026-08-06,baccarat_bet02_101_all_pairs_incl_sentinel,round_win = game_pnl > 0 (decisive only),COMPATIBILITY_ONLY_NOT_PRODUCTION,168.0496,168.0496,168.0496,6,3,-1.00000000,,-1.00000000,-1.00000000,-168.0496,168.0496,THIN_EXPOSURE,0.0000,6.7220,4.0000,96.0000,AG03-UNRESOLVED,ALL5_LEVELS_bet23_to_bet27,6.7220,6.7220,6.7220,10.0830,10.0830,4.000000,4.000000,4.000000,6.000000,6.000000,96.000000,96.000000,96.000000,94.000000,94.000000,5.0,40.3319,36.6764,127.7177,131.3732,PENDING_AG03,FALSE,NOT_FOR_ENFORCEMENT,161.3276,161.3276,168.0496,161.3276,6.7220,1.00000000,0.96000000,6.7220,161.3276,0.96000000,6.7220,6.7220,6.7220,10.0830,10.0830,161.3276,0.96000000,40.3319,36.6764,127.7177,131.3732,0.76000000,0.78175273,0.04000000,28.0083,56.0165,56.0165,168.0496,168.0496,168.0496,3.0000,,28.0083,10.5031,21.0062,42.0124,60.918,63.0186,63.0186,21.0062,-21.0062,3.0,3.0,1.333333,1,1,1,2,0E-8,1.00000000,,0E-8,0.000000,1.000000,0.000000,,2026-05-29,2026-05-29,1,1,1,1,1.000000,,,0.000000,,,,,,,,GLOBAL_BASELINE_NO_ENTITY_RANKING,,,NOT_APPLICABLE_GLOBAL_BASELINE,HF9g-P5,,,,X 全窗基线 · 不参与实体赏罚,6872358,688,A168_HF9F_20260827_0900,2026-08-27 09:00:00
2026-05-29,150748611,2101,0,168.0495746245,-168.0495746245,-168.0495746245,0E-7,2,2,0.50665070000000000,0.506650700000,-1.4331513700195317,-1.4331513700195317,-1.4331513700195317,0E-17,ELIGIBLE,R03b_20260811_FULL_v1,L1_ELIGIBILITY,v2026-08-11,2026-03-21..2026-08-06,baccarat_bet02_101_all_pairs_incl_sentinel,round_win = game_pnl > 0 (decisive only),COMPATIBILITY_ONLY_NOT_PRODUCTION,168.0496,168.0496,168.0496,2,2,-1.00000000,,-1.00000000,-1.00000000,-168.0496,168.0496,THIN_EXPOSURE,0.0000,6.7220,4.0000,96.0000,AG03-UNRESOLVED,ALL5_LEVELS_bet23_to_bet27,6.7220,6.7220,6.7220,0.0000,0.0000,4.000000,4.000000,4.000000,0.000000,0.000000,96.000000,96.000000,96.000000,100.000000,100.000000,5.0,20.1659,19.3701,147.8836,148.6795,PENDING_AG03,FALSE,NOT_FOR_ENFORCEMENT,161.3276,161.3276,168.0496,161.3276,6.7220,1.00000000,0.96000000,6.7220,161.3276,0.96000000,6.7220,6.7220,6.7220,0.0000,0.0000,161.3276,0.96000000,20.1659,19.3701,147.8836,148.6795,0.88000000,0.884736,0.04000000,84.0248,84.0248,84.0248,168.0496,168.0496,168.0496,2.0000,,84.0248,63.0186,84.0248,105.031,105.031,105.031,105.031,84.0248,-84.0248,1.25,1.25,1.0,1,1,1,1,0E-8,1.00000000,,0E-8,0.000000,1.000000,0.000000,,2026-05-29,2026-05-29,1,1,1,1,1.000000,,,0.000000,,,,,,,,GLOBAL_BASELINE_NO_ENTITY_RANKING,,,NOT_APPLICABLE_GLOBAL_BASELINE,HF9g-P5,,,,X 全窗基线 · 不参与实体赏罚,6872359,688,A168_HF9F_20260827_0900,2026-08-27 09:00:00
2026-05-31,121321062,1384,0,168.0495746245,-168.0495746245,-168.0495746245,0E-7,1,1,0.49324550000000000,0.493245500000,-0.9865810262130424,-0.9865810262130424,-0.9865810262130424,0E-17,ELIGIBLE,R03b_20260811_FULL_v1,L1_ELIGIBILITY,v2026-08-11,2026-03-21..2026-08-06,baccarat_bet02_101_all_pairs_incl_sentinel,round_win = game_pnl > 0 (decisive only),COMPATIBILITY_ONLY_NOT_PRODUCTION,168.0496,168.0496,168.0496,1,1,-1.00000000,,-1.00000000,-1.00000000,-168.0496,168.0496,THIN_EXPOSURE,0.0000,6.7220,4.0000,96.0000,AG03-UNRESOLVED,ALL5_LEVELS_bet23_to_bet27,6.7220,6.7220,6.7220,6.7220,6.7220,4.000000,4.000000,4.000000,4.000000,4.000000,96.000000,96.000000,96.000000,96.000000,96.000000,5.0,33.6099,31.0265,134.4397,137.023,PENDING_AG03,FALSE,NOT_FOR_ENFORCEMENT,161.3276,161.3276,168.0496,161.3276,6.7220,1.00000000,0.96000000,6.7220,161.3276,0.96000000,6.7220,6.7220,6.7220,6.7220,6.7220,161.3276,0.96000000,33.6099,31.0265,134.4397,137.023,0.80000000,0.8153727,0.04000000,168.0496,168.0496,168.0496,168.0496,168.0496,168.0496,1.0000,,168.0496,168.0496,168.0496,168.0496,168.0496,168.0496,168.0496,168.0496,-168.0496,1.0,1.0,1.0,1,1,1,1,0E-8,1.00000000,,0E-8,0.000000,1.000000,0.000000,,2026-05-31,2026-05-31,1,1,1,1,1.000000,,,0.000000,,,,,,,,GLOBAL_BASELINE_NO_ENTITY_RANKING,,,NOT_APPLICABLE_GLOBAL_BASELINE,HF9g-P5,,,,X 全窗基线 · 不参与实体赏罚,6872360,688,A168_HF9F_20260827_0900,2026-08-27 09:00:00
2026-03-29,130716018,1654,0,35.2143674618,-26.4107755963,-26.4107755963,0E-7,6,2,0.28554225000121772,0.214073633333,-0.8940502124545823,-0.7380837748402734,-0.8940502124545823,0.07146861666821772,ELIGIBLE,R03b_20260811_FULL_v1,L1_ELIGIBILITY,v2026-08-11,2026-03-21..2026-08-06,baccarat_bet02_101_all_pairs_incl_sentinel,round_win = game_pnl > 0 (decisive only),COMPATIBILITY_ONLY_NOT_PRODUCTION,348.9373,319.9301,168.0630,67,25,-0.48164249,-0.48700234,-0.47250382,-0.48164249,-168.0630,348.9373,OK,0.0000,6.7225,4.0000,96.0000,AG03-UNRESOLVED,ALL5_LEVELS_bet23_to_bet27,6.7225,6.7225,6.7225,10.0838,10.0838,4.000000,4.000000,4.000000,6.000000,6.000000,96.000000,96.000000,96.000000,94.000000,94.000000,5.0,40.3351,36.6793,127.7279,131.3837,PENDING_AG03,FALSE,NOT_FOR_ENFORCEMENT,161.3405,307.1329,168.0630,161.3405,6.7225,0.48164249,0.46237679,6.7225,161.3405,0.46237679,6.7225,6.7225,6.7225,10.0838,10.0838,161.3405,0.46237679,40.3351,36.6793,127.7279,131.3837,0.36604829,0.37652533,0.01926570,5.2080,12.7972,6.7225,21.0079,11.2042,43.6172,3.1250,5.6395,4.6070,4.0407,4.0878,4.4018,8.8036,12.6148,20.399,4.0878,-4.0878,3.085958,4.990211,1.274038,11,14,10,8,0.63031737,0.48164249,0.48700234,0E-8,0.000000,0.916870,0.000000,-0.01449852,2026-03-29,2026-08-01,8,15,15,126,0.063492,1.224119,1.082853,2.101058,,,,,,,,GLOBAL_BASELINE_NO_ENTITY_RANKING,,,NOT_APPLICABLE_GLOBAL_BASELINE,HF9g-P5,,,,X 全窗基线 · 不参与实体赏罚,6872361,688,A168_HF9F_20260827_0900,2026-08-27 09:00:00
2026-03-31,130716018,1951,0,24.2098776300,5.8323796110,5.8323796110,1.0000000,3,1,0.34573622727372427,0.211640833333,1.3756374565861622,1.9300223108453212,1.3756374565861622,0.13409539394072427,ELIGIBLE,R03b_20260811_FULL_v1,L1_ELIGIBILITY,v2026-08-11,2026-03-21..2026-08-06,baccarat_bet02_101_all_pairs_incl_sentinel,round_win = game_pnl > 0 (decisive only),COMPATIBILITY_ONLY_NOT_PRODUCTION,348.9373,319.9301,168.0630,67,25,-0.48164249,-0.48700234,-0.47250382,-0.48164249,-168.0630,348.9373,OK,0.0000,6.7225,4.0000,96.0000,AG03-UNRESOLVED,ALL5_LEVELS_bet23_to_bet27,6.7225,6.7225,6.7225,10.0838,10.0838,4.000000,4.000000,4.000000,6.000000,6.000000,96.000000,96.000000,96.000000,94.000000,94.000000,5.0,40.3351,36.6793,127.7279,131.3837,PENDING_AG03,FALSE,NOT_FOR_ENFORCEMENT,161.3405,307.1329,168.0630,161.3405,6.7225,0.48164249,0.46237679,6.7225,161.3405,0.46237679,6.7225,6.7225,6.7225,10.0838,10.0838,161.3405,0.46237679,40.3351,36.6793,127.7279,131.3837,0.36604829,0.37652533,0.01926570,5.2080,12.7972,6.7225,21.0079,11.2042,43.6172,3.1250,5.6395,4.6070,4.0407,4.0878,4.4018,8.8036,12.6148,20.399,4.0878,-4.0878,3.085958,4.990211,1.274038,11,14,10,8,0.63031737,0.48164249,0.48700234,0E-8,0.000000,0.916870,0.000000,-0.01449852,2026-03-29,2026-08-01,8,15,15,126,0.063492,1.224119,1.082853,2.101058,,,,,,,,GLOBAL_BASELINE_NO_ENTITY_RANKING,,,NOT_APPLICABLE_GLOBAL_BASELINE,HF9g-P5,,,,X 全窗基线 · 不参与实体赏罚,6872362,688,A168_HF9F_20260827_0900,2026-08-27 09:00:00
2026-04-04,130716018,1151,0,4.2164737630,4.0056500748,4.0056500748,1.0000000,1,1,0.50665070000000000,0.506650700000,0.9867858985152569,0.9867858985152569,0.9867858985152569,0E-17,ELIGIBLE,R03b_20260811_FULL_v1,L1_ELIGIBILITY,v2026-08-11,2026-03-21..2026-08-06,baccarat_bet02_101_all_pairs_incl_sentinel,round_win = game_pnl > 0 (decisive only),COMPATIBILITY_ONLY_NOT_PRODUCTION,348.9373,319.9301,168.0630,67,25,-0.48164249,-0.48700234,-0.47250382,-0.48164249,-168.0630,348.9373,OK,0.0000,6.7225,4.0000,96.0000,AG03-UNRESOLVED,ALL5_LEVELS_bet23_to_bet27,6.7225,6.7225,6.7225,10.0838,10.0838,4.000000,4.000000,4.000000,6.000000,6.000000,96.000000,96.000000,96.000000,94.000000,94.000000,5.0,40.3351,36.6793,127.7279,131.3837,PENDING_AG03,FALSE,NOT_FOR_ENFORCEMENT,161.3405,307.1329,168.0630,161.3405,6.7225,0.48164249,0.46237679,6.7225,161.3405,0.46237679,6.7225,6.7225,6.7225,10.0838,10.0838,161.3405,0.46237679,40.3351,36.6793,127.7279,131.3837,0.36604829,0.37652533,0.01926570,5.2080,12.7972,6.7225,21.0079,11.2042,43.6172,3.1250,5.6395,4.6070,4.0407,4.0878,4.4018,8.8036,12.6148,20.399,4.0878,-4.0878,3.085958,4.990211,1.274038,11,14,10,8,0.63031737,0.48164249,0.48700234,0E-8,0.000000,0.916870,0.000000,-0.01449852,2026-03-29,2026-08-01,8,15,15,126,0.063492,1.224119,1.082853,2.101058,,,,,,,,GLOBAL_BASELINE_NO_ENTITY_RANKING,,,NOT_APPLICABLE_GLOBAL_BASELINE,HF9g-P5,,,,X 全窗基线 · 不参与实体赏罚,6872363,688,A168_HF9F_20260827_0900,2026-08-27 09:00:00
2026-04-04,130716018,1505,0,21.0823688150,-12.6494212890,-12.6494212890,0E-7,7,2,0.25623339583333334,0.202763295834,-0.5869478674325251,-0.5043140044776047,-0.5869478674325251,0.05347009999933334,ELIGIBLE,R03b_20260811_FULL_v1,L1_ELIGIBILITY,v2026-08-11,2026-03-21..2026-08-06,baccarat_bet02_101_all_pairs_incl_sentinel,round_win = game_pnl > 0 (decisive only),COMPATIBILITY_ONLY_NOT_PRODUCTION,348.9373,319.9301,168.0630,67,25,-0.48164249,-0.48700234,-0.47250382,-0.48164249,-168.0630,348.9373,OK,0.0000,6.7225,4.0000,96.0000,AG03-UNRESOLVED,ALL5_LEVELS_bet23_to_bet27,6.7225,6.7225,6.7225,10.0838,10.0838,4.000000,4.000000,4.000000,6.000000,6.000000,96.000000,96.000000,96.000000,94.000000,94.000000,5.0,40.3351,36.6793,127.7279,131.3837,PENDING_AG03,FALSE,NOT_FOR_ENFORCEMENT,161.3405,307.1329,168.0630,161.3405,6.7225,0.48164249,0.46237679,6.7225,161.3405,0.46237679,6.7225,6.7225,6.7225,10.0838,10.0838,161.3405,0.46237679,40.3351,36.6793,127.7279,131.3837,0.36604829,0.37652533,0.01926570,5.2080,12.7972,6.7225,21.0079,11.2042,43.6172,3.1250,5.6395,4.6070,4.0407,4.0878,4.4018,8.8036,12.6148,20.399,4.0878,-4.0878,3.085958,4.990211,1.274038,11,14,10,8,0.63031737,0.48164249,0.48700234,0E-8,0.000000,0.916870,0.000000,-0.01449852,2026-03-29,2026-08-01,8,15,15,126,0.063492,1.224119,1.082853,2.101058,,,,,,,,GLOBAL_BASELINE_NO_ENTITY_RANKING,,,NOT_APPLICABLE_GLOBAL_BASELINE,HF9g-P5,,,,X 全窗基线 · 不参与实体赏罚,6872364,688,A168_HF9F_20260827_0900,2026-08-27 09:00:00
2026-04-04,130716018,2223,0,14.7576581705,-2.2136487256,-2.2136487256,0E-7,6,2,0.27206089500000000,0.240842087500,-0.8645707408110397,-0.7965538256436887,-0.8645707408110397,0.03121880750000000,ELIGIBLE,R03b_20260811_FULL_v1,L1_ELIGIBILITY,v2026-08-11,2026-03-21..2026-08-06,baccarat_bet02_101_all_pairs_incl_sentinel,round_win = game_pnl > 0 (decisive only),COMPATIBILITY_ONLY_NOT_PRODUCTION,348.9373,319.9301,168.0630,67,25,-0.48164249,-0.48700234,-0.47250382,-0.48164249,-168.0630,348.9373,OK,0.0000,6.7225,4.0000,96.0000,AG03-UNRESOLVED,ALL5_LEVELS_bet23_to_bet27,6.7225,6.7225,6.7225,10.0838,10.0838,4.000000,4.000000,4.000000,6.000000,6.000000,96.000000,96.000000,96.000000,94.000000,94.000000,5.0,40.3351,36.6793,127.7279,131.3837,PENDING_AG03,FALSE,NOT_FOR_ENFORCEMENT,161.3405,307.1329,168.0630,161.3405,6.7225,0.48164249,0.46237679,6.7225,161.3405,0.46237679,6.7225,6.7225,6.7225,10.0838,10.0838,161.3405,0.46237679,40.3351,36.6793,127.7279,131.3837,0.36604829,0.37652533,0.01926570,5.2080,12.7972,6.7225,21.0079,11.2042,43.6172,3.1250,5.6395,4.6070,4.0407,4.0878,4.4018,8.8036,12.6148,20.399,4.0878,-4.0878,3.085958,4.990211,1.274038,11,14,10,8,0.63031737,0.48164249,0.48700234,0E-8,0.000000,0.916870,0.000000,-0.01449852,2026-03-29,2026-08-01,8,15,15,126,0.063492,1.224119,1.082853,2.101058,,,,,,,,GLOBAL_BASELINE_NO_ENTITY_RANKING,,,NOT_APPLICABLE_GLOBAL_BASELINE,HF9g-P5,,,,X 全窗基线 · 不参与实体赏罚,6872365,688,A168_HF9F_20260827_0900,2026-08-27 09:00:00
2026-04-12,130716018,2196,0,29.5153163410,-29.5153163410,-29.5153163410,0E-7,5,1,0.20078072857142857,0.160842320000,-0.5012195926517325,-0.4378026415079444,-0.5012195926517325,0.03993840857142857,ELIGIBLE,R03b_20260811_FULL_v1,L1_ELIGIBILITY,v2026-08-11,2026-03-21..2026-08-06,baccarat_bet02_101_all_pairs_incl_sentinel,round_win = game_pnl > 0 (decisive only),COMPATIBILITY_ONLY_NOT_PRODUCTION,348.9373,319.9301,168.0630,67,25,-0.48164249,-0.48700234,-0.47250382,-0.48164249,-168.0630,348.9373,OK,0.0000,6.7225,4.0000,96.0000,AG03-UNRESOLVED,ALL5_LEVELS_bet23_to_bet27,6.7225,6.7225,6.7225,10.0838,10.0838,4.000000,4.000000,4.000000,6.000000,6.000000,96.000000,96.000000,96.000000,94.000000,94.000000,5.0,40.3351,36.6793,127.7279,131.3837,PENDING_AG03,FALSE,NOT_FOR_ENFORCEMENT,161.3405,307.1329,168.0630,161.3405,6.7225,0.48164249,0.46237679,6.7225,161.3405,0.46237679,6.7225,6.7225,6.7225,10.0838,10.0838,161.3405,0.46237679,40.3351,36.6793,127.7279,131.3837,0.36604829,0.37652533,0.01926570,5.2080,12.7972,6.7225,21.0079,11.2042,43.6172,3.1250,5.6395,4.6070,4.0407,4.0878,4.4018,8.8036,12.6148,20.399,4.0878,-4.0878,3.085958,4.990211,1.274038,11,14,10,8,0.63031737,0.48164249,0.48700234,0E-8,0.000000,0.916870,0.000000,-0.01449852,2026-03-29,2026-08-01,8,15,15,126,0.063492,1.224119,1.082853,2.101058,,,,,,,,GLOBAL_BASELINE_NO_ENTITY_RANKING,,,NOT_APPLICABLE_GLOBAL_BASELINE,HF9g-P5,,,,X 全窗基线 · 不参与实体赏罚,6872366,688,A168_HF9F_20260827_0900,2026-08-27 09:00:00
2026-07-26,130716018,1331,0,38.8341577077,-14.9204921719,-14.9204921719,0E-7,8,3,0.30856795000021468,0.254897616667,-1.157074391141135,-1.0130608644754457,-1.157074391141135,0.05367033333321468,ELIGIBLE,R03b_20260811_FULL_v1,L1_ELIGIBILITY,v2026-08-11,2026-03-21..2026-08-06,baccarat_bet02_101_all_pairs_incl_sentinel,round_win = game_pnl > 0 (decisive only),COMPATIBILITY_ONLY_NOT_PRODUCTION,348.9373,319.9301,168.0630,67,25,-0.48164249,-0.48700234,-0.47250382,-0.48164249,-168.0630,348.9373,OK,0.0000,6.7225,4.0000,96.0000,AG03-UNRESOLVED,ALL5_LEVELS_bet23_to_bet27,6.7225,6.7225,6.7225,10.0838,10.0838,4.000000,4.000000,4.000000,6.000000,6.000000,96.000000,96.000000,96.000000,94.000000,94.000000,5.0,40.3351,36.6793,127.7279,131.3837,PENDING_AG03,FALSE,NOT_FOR_ENFORCEMENT,161.3405,307.1329,168.0630,161.3405,6.7225,0.48164249,0.46237679,6.7225,161.3405,0.46237679,6.7225,6.7225,6.7225,10.0838,10.0838,161.3405,0.46237679,40.3351,36.6793,127.7279,131.3837,0.36604829,0.37652533,0.01926570,5.2080,12.7972,6.7225,21.0079,11.2042,43.6172,3.1250,5.6395,4.6070,4.0407,4.0878,4.4018,8.8036,12.6148,20.399,4.0878,-4.0878,3.085958,4.990211,1.274038,11,14,10,8,0.63031737,0.48164249,0.48700234,0E-8,0.000000,0.916870,0.000000,-0.01449852,2026-03-29,2026-08-01,8,15,15,126,0.063492,1.224119,1.082853,2.101058,,,,,,,,GLOBAL_BASELINE_NO_ENTITY_RANKING,,,NOT_APPLICABLE_GLOBAL_BASELINE,HF9g-P5,,,,X 全窗基线 · 不参与实体赏罚,6872367,688,A168_HF9F_20260827_0900,2026-08-27 09:00:00
2026-07-27,130716018,-1,1,40.8780607449,-20.4390303725,-20.4390303725,0.3333333,9,3,0.32315050740737490,0.287447777778,0.03771207874866057,0.17560981865985567,0.03771207874866057,0.03570272962937490,SENTINEL_DEALER,R03b_20260811_FULL_v1,L1_ELIGIBILITY,v2026-08-11,2026-03-21..2026-08-06,baccarat_bet02_101_all_pairs_incl_sentinel,round_win = game_pnl > 0 (decisive only),COMPATIBILITY_ONLY_NOT_PRODUCTION,348.9373,319.9301,168.0630,67,25,-0.48164249,-0.48700234,-0.47250382,-0.48164249,-168.0630,348.9373,OK,0.0000,6.7225,4.0000,96.0000,AG03-UNRESOLVED,ALL5_LEVELS_bet23_to_bet27,6.7225,6.7225,6.7225,10.0838,10.0838,4.000000,4.000000,4.000000,6.000000,6.000000,96.000000,96.000000,96.000000,94.000000,94.000000,5.0,40.3351,36.6793,127.7279,131.3837,PENDING_AG03,FALSE,NOT_FOR_ENFORCEMENT,161.3405,307.1329,168.0630,161.3405,6.7225,0.48164249,0.46237679,6.7225,161.3405,0.46237679,6.7225,6.7225,6.7225,10.0838,10.0838,161.3405,0.46237679,40.3351,36.6793,127.7279,131.3837,0.36604829,0.37652533,0.01926570,5.2080,12.7972,6.7225,21.0079,11.2042,43.6172,3.1250,5.6395,4.6070,4.0407,4.0878,4.4018,8.8036,12.6148,20.399,4.0878,-4.0878,3.085958,4.990211,1.274038,11,14,10,8,0.63031737,0.48164249,0.48700234,0E-8,0.000000,0.916870,0.000000,-0.01449852,2026-03-29,2026-08-01,8,15,15,126,0.063492,1.224119,1.082853,2.101058,,,,,,,,GLOBAL_BASELINE_NO_ENTITY_RANKING,,,NOT_APPLICABLE_GLOBAL_BASELINE,HF9g-P5,,,,X 全窗基线 · 不参与实体赏罚,6872368,688,A168_HF9F_20260827_0900,2026-08-27 09:00:00
2026-07-27,130716018,1109,0,10.2195151862,-10.2195151862,-10.2195151862,0E-7,1,1,0.49324550000000000,0.493245500000,-0.9865810262130424,-0.9865810262130424,-0.9865810262130424,0E-17,ELIGIBLE,R03b_20260811_FULL_v1,L1_ELIGIBILITY,v2026-08-11,2026-03-21..2026-08-06,baccarat_bet02_101_all_pairs_incl_sentinel,round_win = game_pnl > 0 (decisive only),COMPATIBILITY_ONLY_NOT_PRODUCTION,348.9373,319.9301,168.0630,67,25,-0.48164249,-0.48700234,-0.47250382,-0.48164249,-168.0630,348.9373,OK,0.0000,6.7225,4.0000,96.0000,AG03-UNRESOLVED,ALL5_LEVELS_bet23_to_bet27,6.7225,6.7225,6.7225,10.0838,10.0838,4.000000,4.000000,4.000000,6.000000,6.000000,96.000000,96.000000,96.000000,94.000000,94.000000,5.0,40.3351,36.6793,127.7279,131.3837,PENDING_AG03,FALSE,NOT_FOR_ENFORCEMENT,161.3405,307.1329,168.0630,161.3405,6.7225,0.48164249,0.46237679,6.7225,161.3405,0.46237679,6.7225,6.7225,6.7225,10.0838,10.0838,161.3405,0.46237679,40.3351,36.6793,127.7279,131.3837,0.36604829,0.37652533,0.01926570,5.2080,12.7972,6.7225,21.0079,11.2042,43.6172,3.1250,5.6395,4.6070,4.0407,4.0878,4.4018,8.8036,12.6148,20.399,4.0878,-4.0878,3.085958,4.990211,1.274038,11,14,10,8,0.63031737,0.48164249,0.48700234,0E-8,0.000000,0.916870,0.000000,-0.01449852,2026-03-29,2026-08-01,8,15,15,126,0.063492,1.224119,1.082853,2.101058,,,,,,,,GLOBAL_BASELINE_NO_ENTITY_RANKING,,,NOT_APPLICABLE_GLOBAL_BASELINE,HF9g-P5,,,,X 全窗基线 · 不参与实体赏罚,6872369,688,A168_HF9F_20260827_0900,2026-08-27 09:00:00
2026-07-28,130716018,2103,0,24.5268364469,-8.1756121489,-8.1756121489,0.5000000,7,3,0.33521690555594805,0.323183658333,0.49365633235294815,0.5346594953880803,0.49365633235294815,0.01203324722294805,ELIGIBLE,R03b_20260811_FULL_v1,L1_ELIGIBILITY,v2026-08-11,2026-03-21..2026-08-06,baccarat_bet02_101_all_pairs_incl_sentinel,round_win = game_pnl > 0 (decisive only),COMPATIBILITY_ONLY_NOT_PRODUCTION,348.9373,319.9301,168.0630,67,25,-0.48164249,-0.48700234,-0.47250382,-0.48164249,-168.0630,348.9373,OK,0.0000,6.7225,4.0000,96.0000,AG03-UNRESOLVED,ALL5_LEVELS_bet23_to_bet27,6.7225,6.7225,6.7225,10.0838,10.0838,4.000000,4.000000,4.000000,6.000000,6.000000,96.000000,96.000000,96.000000,94.000000,94.000000,5.0,40.3351,36.6793,127.7279,131.3837,PENDING_AG03,FALSE,NOT_FOR_ENFORCEMENT,161.3405,307.1329,168.0630,161.3405,6.7225,0.48164249,0.46237679,6.7225,161.3405,0.46237679,6.7225,6.7225,6.7225,10.0838,10.0838,161.3405,0.46237679,40.3351,36.6793,127.7279,131.3837,0.36604829,0.37652533,0.01926570,5.2080,12.7972,6.7225,21.0079,11.2042,43.6172,3.1250,5.6395,4.6070,4.0407,4.0878,4.4018,8.8036,12.6148,20.399,4.0878,-4.0878,3.085958,4.990211,1.274038,11,14,10,8,0.63031737,0.48164249,0.48700234,0E-8,0.000000,0.916870,0.000000,-0.01449852,2026-03-29,2026-08-01,8,15,15,126,0.063492,1.224119,1.082853,2.101058,,,,,,,,GLOBAL_BASELINE_NO_ENTITY_RANKING,,,NOT_APPLICABLE_GLOBAL_BASELINE,HF9g-P5,,,,X 全窗基线 · 不参与实体赏罚,6872370,688,A168_HF9F_20260827_0900,2026-08-27 09:00:00
2026-07-28,130716018,2251,0,28.6146425214,-28.6146425214,-28.6146425214,0E-7,3,1,0.37464304285672838,0.216506433333,-0.7740069194271413,-0.5256754382229565,-0.7740069194271413,0.15813660952372838,ELIGIBLE,R03b_20260811_FULL_v1,L1_ELIGIBILITY,v2026-08-11,2026-03-21..2026-08-06,baccarat_bet02_101_all_pairs_incl_sentinel,round_win = game_pnl > 0 (decisive only),COMPATIBILITY_ONLY_NOT_PRODUCTION,348.9373,319.9301,168.0630,67,25,-0.48164249,-0.48700234,-0.47250382,-0.48164249,-168.0630,348.9373,OK,0.0000,6.7225,4.0000,96.0000,AG03-UNRESOLVED,ALL5_LEVELS_bet23_to_bet27,6.7225,6.7225,6.7225,10.0838,10.0838,4.000000,4.000000,4.000000,6.000000,6.000000,96.000000,96.000000,96.000000,94.000000,94.000000,5.0,40.3351,36.6793,127.7279,131.3837,PENDING_AG03,FALSE,NOT_FOR_ENFORCEMENT,161.3405,307.1329,168.0630,161.3405,6.7225,0.48164249,0.46237679,6.7225,161.3405,0.46237679,6.7225,6.7225,6.7225,10.0838,10.0838,161.3405,0.46237679,40.3351,36.6793,127.7279,131.3837,0.36604829,0.37652533,0.01926570,5.2080,12.7972,6.7225,21.0079,11.2042,43.6172,3.1250,5.6395,4.6070,4.0407,4.0878,4.4018,8.8036,12.6148,20.399,4.0878,-4.0878,3.085958,4.990211,1.274038,11,14,10,8,0.63031737,0.48164249,0.48700234,0E-8,0.000000,0.916870,0.000000,-0.01449852,2026-03-29,2026-08-01,8,15,15,126,0.063492,1.224119,1.082853,2.101058,,,,,,,,GLOBAL_BASELINE_NO_ENTITY_RANKING,,,NOT_APPLICABLE_GLOBAL_BASELINE,HF9g-P5,,,,X 全窗基线 · 不参与实体赏罚,6872371,688,A168_HF9F_20260827_0900,2026-08-27 09:00:00
2026-07-28,130716018,752,0,8.1756121490,-8.1756121490,-8.1756121490,0E-7,2,1,0.30062675000000000,0.300626750000,-0.6556307317883069,-0.655630731788307,-0.6556307317883069,0E-17,ELIGIBLE,R03b_20260811_FULL_v1,L1_ELIGIBILITY,v2026-08-11,2026-03-21..2026-08-06,baccarat_bet02_101_all_pairs_incl_sentinel,round_win = game_pnl > 0 (decisive only),COMPATIBILITY_ONLY_NOT_PRODUCTION,348.9373,319.9301,168.0630,67,25,-0.48164249,-0.48700234,-0.47250382,-0.48164249,-168.0630,348.9373,OK,0.0000,6.7225,4.0000,96.0000,AG03-UNRESOLVED,ALL5_LEVELS_bet23_to_bet27,6.7225,6.7225,6.7225,10.0838,10.0838,4.000000,4.000000,4.000000,6.000000,6.000000,96.000000,96.000000,96.000000,94.000000,94.000000,5.0,40.3351,36.6793,127.7279,131.3837,PENDING_AG03,FALSE,NOT_FOR_ENFORCEMENT,161.3405,307.1329,168.0630,161.3405,6.7225,0.48164249,0.46237679,6.7225,161.3405,0.46237679,6.7225,6.7225,6.7225,10.0838,10.0838,161.3405,0.46237679,40.3351,36.6793,127.7279,131.3837,0.36604829,0.37652533,0.01926570,5.2080,12.7972,6.7225,21.0079,11.2042,43.6172,3.1250,5.6395,4.6070,4.0407,4.0878,4.4018,8.8036,12.6148,20.399,4.0878,-4.0878,3.085958,4.990211,1.274038,11,14,10,8,0.63031737,0.48164249,0.48700234,0E-8,0.000000,0.916870,0.000000,-0.01449852,2026-03-29,2026-08-01,8,15,15,126,0.063492,1.224119,1.082853,2.101058,,,,,,,,GLOBAL_BASELINE_NO_ENTITY_RANKING,,,NOT_APPLICABLE_GLOBAL_BASELINE,HF9g-P5,,,,X 全窗基线 · 不参与实体赏罚,6872372,688,A168_HF9F_20260827_0900,2026-08-27 09:00:00
2026-08-01,130716018,1307,0,40.4073056410,-8.4855341846,-8.4855341846,0.5000000,6,3,0.39364920000000000,0.335707677778,0.3078499553419513,0.49200782812304333,0.3078499553419513,0.05794152222200000,ELIGIBLE,R03b_20260811_FULL_v1,L1_ELIGIBILITY,v2026-08-11,2026-03-21..2026-08-06,baccarat_bet02_101_all_pairs_incl_sentinel,round_win = game_pnl > 0 (decisive only),COMPATIBILITY_ONLY_NOT_PRODUCTION,348.9373,319.9301,168.0630,67,25,-0.48164249,-0.48700234,-0.47250382,-0.48164249,-168.0630,348.9373,OK,0.0000,6.7225,4.0000,96.0000,AG03-UNRESOLVED,ALL5_LEVELS_bet23_to_bet27,6.7225,6.7225,6.7225,10.0838,10.0838,4.000000,4.000000,4.000000,6.000000,6.000000,96.000000,96.000000,96.000000,94.000000,94.000000,5.0,40.3351,36.6793,127.7279,131.3837,PENDING_AG03,FALSE,NOT_FOR_ENFORCEMENT,161.3405,307.1329,168.0630,161.3405,6.7225,0.48164249,0.46237679,6.7225,161.3405,0.46237679,6.7225,6.7225,6.7225,10.0838,10.0838,161.3405,0.46237679,40.3351,36.6793,127.7279,131.3837,0.36604829,0.37652533,0.01926570,5.2080,12.7972,6.7225,21.0079,11.2042,43.6172,3.1250,5.6395,4.6070,4.0407,4.0878,4.4018,8.8036,12.6148,20.399,4.0878,-4.0878,3.085958,4.990211,1.274038,11,14,10,8,0.63031737,0.48164249,0.48700234,0E-8,0.000000,0.916870,0.000000,-0.01449852,2026-03-29,2026-08-01,8,15,15,126,0.063492,1.224119,1.082853,2.101058,,,,,,,,GLOBAL_BASELINE_NO_ENTITY_RANKING,,,NOT_APPLICABLE_GLOBAL_BASELINE,HF9g-P5,,,,X 全窗基线 · 不参与实体赏罚,6872373,688,A168_HF9F_20260827_0900,2026-08-27 09:00:00
2026-08-01,130716018,1323,0,28.2851139486,-8.0814611282,-8.0814611282,0E-7,3,1,0.38021789999955301,0.211640833333,-0.7832434375968036,-0.5181287254456737,-0.7832434375968036,0.16857706666655301,ELIGIBLE,R03b_20260811_FULL_v1,L1_ELIGIBILITY,v2026-08-11,2026-03-21..2026-08-06,baccarat_bet02_101_all_pairs_incl_sentinel,round_win = game_pnl > 0 (decisive only),COMPATIBILITY_ONLY_NOT_PRODUCTION,348.9373,319.9301,168.0630,67,25,-0.48164249,-0.48700234,-0.47250382,-0.48164249,-168.0630,348.9373,OK,0.0000,6.7225,4.0000,96.0000,AG03-UNRESOLVED,ALL5_LEVELS_bet23_to_bet27,6.7225,6.7225,6.7225,10.0838,10.0838,4.000000,4.000000,4.000000,6.000000,6.000000,96.000000,96.000000,96.000000,94.000000,94.000000,5.0,40.3351,36.6793,127.7279,131.3837,PENDING_AG03,FALSE,NOT_FOR_ENFORCEMENT,161.3405,307.1329,168.0630,161.3405,6.7225,0.48164249,0.46237679,6.7225,161.3405,0.46237679,6.7225,6.7225,6.7225,10.0838,10.0838,161.3405,0.46237679,40.3351,36.6793,127.7279,131.3837,0.36604829,0.37652533,0.01926570,5.2080,12.7972,6.7225,21.0079,11.2042,43.6172,3.1250,5.6395,4.6070,4.0407,4.0878,4.4018,8.8036,12.6148,20.399,4.0878,-4.0878,3.085958,4.990211,1.274038,11,14,10,8,0.63031737,0.48164249,0.48700234,0E-8,0.000000,0.916870,0.000000,-0.01449852,2026-03-29,2026-08-01,8,15,15,126,0.063492,1.224119,1.082853,2.101058,,,,,,,,GLOBAL_BASELINE_NO_ENTITY_RANKING,,,NOT_APPLICABLE_GLOBAL_BASELINE,HF9g-P5,,,,X 全窗基线 · 不参与实体赏罚,6872374,688,A168_HF9F_20260827_0900,2026-08-27 09:00:00
2026-07-22,145921400,-1,1,80.0351121782,-14.5870446389,-14.5870446389,0.5000000,2,2,0.50665070000000000,0.506650700000,-0.018812684590367487,-0.018812684590367487,-0.018812684590367487,0E-17,SENTINEL_DEALER,R03b_20260811_FULL_v1,L1_ELIGIBILITY,v2026-08-11,2026-03-21..2026-08-06,baccarat_bet02_101_all_pairs_incl_sentinel,round_win = game_pnl > 0 (decisive only),COMPATIBILITY_ONLY_NOT_PRODUCTION,416.8174,393.5814,168.0631,12,12,-0.40320562,-0.40320562,,-0.40320562,-168.0631,416.8174,THIN_EXPOSURE,0.0000,6.7225,4.0000,96.0000,AG03-UNRESOLVED,ALL5_LEVELS_bet23_to_bet27,6.7225,6.7225,6.7225,6.7225,6.7225,4.000000,4.000000,4.000000,4.000000,4.000000,96.000000,96.000000,96.000000,96.000000,96.000000,5.0,33.6126,31.029,134.4505,137.0341,PENDING_AG03,FALSE,NOT_FOR_ENFORCEMENT,161.3406,377.8382,168.0631,161.3406,6.7225,0.40320562,0.38707739,6.7225,161.3406,0.38707739,6.7225,6.7225,6.7225,6.7225,6.7225,161.3406,0.38707739,33.6126,31.029,134.4505,137.0341,0.32256449,0.32876285,0.01612822,34.7348,32.7985,14.0053,84.0316,18.6737,208.4087,6.0000,34.7348,,27.1087,37.3363,39.5012,44.6648,46.2138,46.472,37.3363,-27.1087,1.237772,1.244687,0.930322,8,8,2,2,1.00000000,0.40320562,0.40320562,0E-8,0.000000,0.944254,0.000000,,2026-07-22,2026-08-01,2,9,9,11,0.181818,,1.000000,3.333333,,,,,,,,GLOBAL_BASELINE_NO_ENTITY_RANKING,,,NOT_APPLICABLE_GLOBAL_BASELINE,HF9g-P5,,,,X 全窗基线 · 不参与实体赏罚,6872375,688,A168_HF9F_20260827_0900,2026-08-27 09:00:00
2026-07-22,145921400,1704,0,23.2360003098,0E-10,0E-10,,1,1,0.49324550000000000,0.493245500000,,,,0E-17,NO_DECISIVE_ROUND,R03b_20260811_FULL_v1,L1_ELIGIBILITY,v2026-08-11,2026-03-21..2026-08-06,baccarat_bet02_101_all_pairs_incl_sentinel,round_win = game_pnl > 0 (decisive only),COMPATIBILITY_ONLY_NOT_PRODUCTION,416.8174,393.5814,168.0631,12,12,-0.40320562,-0.40320562,,-0.40320562,-168.0631,416.8174,THIN_EXPOSURE,0.0000,6.7225,4.0000,96.0000,AG03-UNRESOLVED,ALL5_LEVELS_bet23_to_bet27,6.7225,6.7225,6.7225,6.7225,6.7225,4.000000,4.000000,4.000000,4.000000,4.000000,96.000000,96.000000,96.000000,96.000000,96.000000,5.0,33.6126,31.029,134.4505,137.0341,PENDING_AG03,FALSE,NOT_FOR_ENFORCEMENT,161.3406,377.8382,168.0631,161.3406,6.7225,0.40320562,0.38707739,6.7225,161.3406,0.38707739,6.7225,6.7225,6.7225,6.7225,6.7225,161.3406,0.38707739,33.6126,31.029,134.4505,137.0341,0.32256449,0.32876285,0.01612822,34.7348,32.7985,14.0053,84.0316,18.6737,208.4087,6.0000,34.7348,,27.1087,37.3363,39.5012,44.6648,46.2138,46.472,37.3363,-27.1087,1.237772,1.244687,0.930322,8,8,2,2,1.00000000,0.40320562,0.40320562,0E-8,0.000000,0.944254,0.000000,,2026-07-22,2026-08-01,2,9,9,11,0.181818,,1.000000,3.333333,,,,,,,,GLOBAL_BASELINE_NO_ENTITY_RANKING,,,NOT_APPLICABLE_GLOBAL_BASELINE,HF9g-P5,,,,X 全窗基线 · 不参与实体赏罚,6872376,688,A168_HF9F_20260827_0900,2026-08-27 09:00:00
2026-07-22,145921400,2129,0,38.7266671830,-38.7266671830,-38.7266671830,0E-7,1,1,0.50665070000000000,0.506650700000,-1.013391052207602,-1.013391052207602,-1.013391052207602,0E-17,ELIGIBLE,R03b_20260811_FULL_v1,L1_ELIGIBILITY,v2026-08-11,2026-03-21..2026-08-06,baccarat_bet02_101_all_pairs_incl_sentinel,round_win = game_pnl > 0 (decisive only),COMPATIBILITY_ONLY_NOT_PRODUCTION,416.8174,393.5814,168.0631,12,12,-0.40320562,-0.40320562,,-0.40320562,-168.0631,416.8174,THIN_EXPOSURE,0.0000,6.7225,4.0000,96.0000,AG03-UNRESOLVED,ALL5_LEVELS_bet23_to_bet27,6.7225,6.7225,6.7225,6.7225,6.7225,4.000000,4.000000,4.000000,4.000000,4.000000,96.000000,96.000000,96.000000,96.000000,96.000000,5.0,33.6126,31.029,134.4505,137.0341,PENDING_AG03,FALSE,NOT_FOR_ENFORCEMENT,161.3406,377.8382,168.0631,161.3406,6.7225,0.40320562,0.38707739,6.7225,161.3406,0.38707739,6.7225,6.7225,6.7225,6.7225,6.7225,161.3406,0.38707739,33.6126,31.029,134.4505,137.0341,0.32256449,0.32876285,0.01612822,34.7348,32.7985,14.0053,84.0316,18.6737,208.4087,6.0000,34.7348,,27.1087,37.3363,39.5012,44.6648,46.2138,46.472,37.3363,-27.1087,1.237772,1.244687,0.930322,8,8,2,2,1.00000000,0.40320562,0.40320562,0E-8,0.000000,0.944254,0.000000,,2026-07-22,2026-08-01,2,9,9,11,0.181818,,1.000000,3.333333,,,,,,,,GLOBAL_BASELINE_NO_ENTITY_RANKING,,,NOT_APPLICABLE_GLOBAL_BASELINE,HF9g-P5,,,,X 全窗基线 · 不参与实体赏罚,6872377,688,A168_HF9F_20260827_0900,2026-08-27 09:00:00
2026-07-22,145921400,2188,0,67.1262231172,5.1635556244,5.1635556244,0.5000000,2,2,0.49994810000000000,0.499948100000,0.00014679536856514622,0.00014679536856514622,0.00014679536856514622,0E-17,ELIGIBLE,R03b_20260811_FULL_v1,L1_ELIGIBILITY,v2026-08-11,2026-03-21..2026-08-06,baccarat_bet02_101_all_pairs_incl_sentinel,round_win = game_pnl > 0 (decisive only),COMPATIBILITY_ONLY_NOT_PRODUCTION,416.8174,393.5814,168.0631,12,12,-0.40320562,-0.40320562,,-0.40320562,-168.0631,416.8174,THIN_EXPOSURE,0.0000,6.7225,4.0000,96.0000,AG03-UNRESOLVED,ALL5_LEVELS_bet23_to_bet27,6.7225,6.7225,6.7225,6.7225,6.7225,4.000000,4.000000,4.000000,4.000000,4.000000,96.000000,96.000000,96.000000,96.000000,96.000000,5.0,33.6126,31.029,134.4505,137.0341,PENDING_AG03,FALSE,NOT_FOR_ENFORCEMENT,161.3406,377.8382,168.0631,161.3406,6.7225,0.40320562,0.38707739,6.7225,161.3406,0.38707739,6.7225,6.7225,6.7225,6.7225,6.7225,161.3406,0.38707739,33.6126,31.029,134.4505,137.0341,0.32256449,0.32876285,0.01612822,34.7348,32.7985,14.0053,84.0316,18.6737,208.4087,6.0000,34.7348,,27.1087,37.3363,39.5012,44.6648,46.2138,46.472,37.3363,-27.1087,1.237772,1.244687,0.930322,8,8,2,2,1.00000000,0.40320562,0.40320562,0E-8,0.000000,0.944254,0.000000,,2026-07-22,2026-08-01,2,9,9,11,0.181818,,1.000000,3.333333,,,,,,,,GLOBAL_BASELINE_NO_ENTITY_RANKING,,,NOT_APPLICABLE_GLOBAL_BASELINE,HF9g-P5,,,,X 全窗基线 · 不参与实体赏罚,6872378,688,A168_HF9F_20260827_0900,2026-08-27 09:00:00
2026-07-22,145921400,2216,0,40.2757338703,-40.2757338703,-40.2757338703,0E-7,1,1,0.49324550000000000,0.493245500000,-0.9865810262130424,-0.9865810262130424,-0.9865810262130424,0E-17,ELIGIBLE,R03b_20260811_FULL_v1,L1_ELIGIBILITY,v2026-08-11,2026-03-21..2026-08-06,baccarat_bet02_101_all_pairs_incl_sentinel,round_win = game_pnl > 0 (decisive only),COMPATIBILITY_ONLY_NOT_PRODUCTION,416.8174,393.5814,168.0631,12,12,-0.40320562,-0.40320562,,-0.40320562,-168.0631,416.8174,THIN_EXPOSURE,0.0000,6.7225,4.0000,96.0000,AG03-UNRESOLVED,ALL5_LEVELS_bet23_to_bet27,6.7225,6.7225,6.7225,6.7225,6.7225,4.000000,4.000000,4.000000,4.000000,4.000000,96.000000,96.000000,96.000000,96.000000,96.000000,5.0,33.6126,31.029,134.4505,137.0341,PENDING_AG03,FALSE,NOT_FOR_ENFORCEMENT,161.3406,377.8382,168.0631,161.3406,6.7225,0.40320562,0.38707739,6.7225,161.3406,0.38707739,6.7225,6.7225,6.7225,6.7225,6.7225,161.3406,0.38707739,33.6126,31.029,134.4505,137.0341,0.32256449,0.32876285,0.01612822,34.7348,32.7985,14.0053,84.0316,18.6737,208.4087,6.0000,34.7348,,27.1087,37.3363,39.5012,44.6648,46.2138,46.472,37.3363,-27.1087,1.237772,1.244687,0.930322,8,8,2,2,1.00000000,0.40320562,0.40320562,0E-8,0.000000,0.944254,0.000000,,2026-07-22,2026-08-01,2,9,9,11,0.181818,,1.000000,3.333333,,,,,,,,GLOBAL_BASELINE_NO_ENTITY_RANKING,,,NOT_APPLICABLE_GLOBAL_BASELINE,HF9g-P5,,,,X 全窗基线 · 不参与实体赏罚,6872379,688,A168_HF9F_20260827_0900,2026-08-27 09:00:00
2026-07-22,145921400,763,0,90.3622234270,-2.5817778122,-2.5817778122,0.3333333,3,3,0.49324550000000000,0.493245500000,-0.5540025479526107,-0.5540025479526106,-0.5540025479526107,0E-17,ELIGIBLE,R03b_20260811_FULL_v1,L1_ELIGIBILITY,v2026-08-11,2026-03-21..2026-08-06,baccarat_bet02_101_all_pairs_incl_sentinel,round_win = game_pnl > 0 (decisive only),COMPATIBILITY_ONLY_NOT_PRODUCTION,416.8174,393.5814,168.0631,12,12,-0.40320562,-0.40320562,,-0.40320562,-168.0631,416.8174,THIN_EXPOSURE,0.0000,6.7225,4.0000,96.0000,AG03-UNRESOLVED,ALL5_LEVELS_bet23_to_bet27,6.7225,6.7225,6.7225,6.7225,6.7225,4.000000,4.000000,4.000000,4.000000,4.000000,96.000000,96.000000,96.000000,96.000000,96.000000,5.0,33.6126,31.029,134.4505,137.0341,PENDING_AG03,FALSE,NOT_FOR_ENFORCEMENT,161.3406,377.8382,168.0631,161.3406,6.7225,0.40320562,0.38707739,6.7225,161.3406,0.38707739,6.7225,6.7225,6.7225,6.7225,6.7225,161.3406,0.38707739,33.6126,31.029,134.4505,137.0341,0.32256449,0.32876285,0.01612822,34.7348,32.7985,14.0053,84.0316,18.6737,208.4087,6.0000,34.7348,,27.1087,37.3363,39.5012,44.6648,46.2138,46.472,37.3363,-27.1087,1.237772,1.244687,0.930322,8,8,2,2,1.00000000,0.40320562,0.40320562,0E-8,0.000000,0.944254,0.000000,,2026-07-22,2026-08-01,2,9,9,11,0.181818,,1.000000,3.333333,,,,,,,,GLOBAL_BASELINE_NO_ENTITY_RANKING,,,NOT_APPLICABLE_GLOBAL_BASELINE,HF9g-P5,,,,X 全窗基线 · 不参与实体赏罚,6872380,688,A168_HF9F_20260827_0900,2026-08-27 09:00:00
2026-08-01,145921400,2141,0,38.5277271210,-38.5277271210,-38.5277271210,0E-7,1,1,0.50665070000000000,0.506650700000,-1.013391052207602,-1.013391052207602,-1.013391052207602,0E-17,ELIGIBLE,R03b_20260811_FULL_v1,L1_ELIGIBILITY,v2026-08-11,2026-03-21..2026-08-06,baccarat_bet02_101_all_pairs_incl_sentinel,round_win = game_pnl > 0 (decisive only),COMPATIBILITY_ONLY_NOT_PRODUCTION,416.8174,393.5814,168.0631,12,12,-0.40320562,-0.40320562,,-0.40320562,-168.0631,416.8174,THIN_EXPOSURE,0.0000,6.7225,4.0000,96.0000,AG03-UNRESOLVED,ALL5_LEVELS_bet23_to_bet27,6.7225,6.7225,6.7225,6.7225,6.7225,4.000000,4.000000,4.000000,4.000000,4.000000,96.000000,96.000000,96.000000,96.000000,96.000000,5.0,33.6126,31.029,134.4505,137.0341,PENDING_AG03,FALSE,NOT_FOR_ENFORCEMENT,161.3406,377.8382,168.0631,161.3406,6.7225,0.40320562,0.38707739,6.7225,161.3406,0.38707739,6.7225,6.7225,6.7225,6.7225,6.7225,161.3406,0.38707739,33.6126,31.029,134.4505,137.0341,0.32256449,0.32876285,0.01612822,34.7348,32.7985,14.0053,84.0316,18.6737,208.4087,6.0000,34.7348,,27.1087,37.3363,39.5012,44.6648,46.2138,46.472,37.3363,-27.1087,1.237772,1.244687,0.930322,8,8,2,2,1.00000000,0.40320562,0.40320562,0E-8,0.000000,0.944254,0.000000,,2026-07-22,2026-08-01,2,9,9,11,0.181818,,1.000000,3.333333,,,,,,,,GLOBAL_BASELINE_NO_ENTITY_RANKING,,,NOT_APPLICABLE_GLOBAL_BASELINE,HF9g-P5,,,,X 全窗基线 · 不参与实体赏罚,6872381,688,A168_HF9F_20260827_0900,2026-08-27 09:00:00
2026-08-01,145921400,2254,0,38.5277271210,-38.5277271210,-38.5277271210,0E-7,1,1,0.49324550000000000,0.493245500000,-0.9865810262130424,-0.9865810262130424,-0.9865810262130424,0E-17,ELIGIBLE,R03b_20260811_FULL_v1,L1_ELIGIBILITY,v2026-08-11,2026-03-21..2026-08-06,baccarat_bet02_101_all_pairs_incl_sentinel,round_win = game_pnl > 0 (decisive only),COMPATIBILITY_ONLY_NOT_PRODUCTION,416.8174,393.5814,168.0631,12,12,-0.40320562,-0.40320562,,-0.40320562,-168.0631,416.8174,THIN_EXPOSURE,0.0000,6.7225,4.0000,96.0000,AG03-UNRESOLVED,ALL5_LEVELS_bet23_to_bet27,6.7225,6.7225,6.7225,6.7225,6.7225,4.000000,4.000000,4.000000,4.000000,4.000000,96.000000,96.000000,96.000000,96.000000,96.000000,5.0,33.6126,31.029,134.4505,137.0341,PENDING_AG03,FALSE,NOT_FOR_ENFORCEMENT,161.3406,377.8382,168.0631,161.3406,6.7225,0.40320562,0.38707739,6.7225,161.3406,0.38707739,6.7225,6.7225,6.7225,6.7225,6.7225,161.3406,0.38707739,33.6126,31.029,134.4505,137.0341,0.32256449,0.32876285,0.01612822,34.7348,32.7985,14.0053,84.0316,18.6737,208.4087,6.0000,34.7348,,27.1087,37.3363,39.5012,44.6648,46.2138,46.472,37.3363,-27.1087,1.237772,1.244687,0.930322,8,8,2,2,1.00000000,0.40320562,0.40320562,0E-8,0.000000,0.944254,0.000000,,2026-07-22,2026-08-01,2,9,9,11,0.181818,,1.000000,3.333333,,,,,,,,GLOBAL_BASELINE_NO_ENTITY_RANKING,,,NOT_APPLICABLE_GLOBAL_BASELINE,HF9g-P5,,,,X 全窗基线 · 不参与实体赏罚,6872382,688,A168_HF9F_20260827_0900,2026-08-27 09:00:00
2026-04-14,42495486,-1,1,23.5583592912,-7.8527864304,-7.8527864304,0.5000000,2,2,0.49994810000000000,0.499948100000,0.00014679536856514622,0.00014679536856514622,0.00014679536856514622,0E-17,SENTINEL_DEALER,R03b_20260811_FULL_v1,L1_ELIGIBILITY,v2026-08-11,2026-03-21..2026-08-06,baccarat_bet02_101_all_pairs_incl_sentinel,round_win = game_pnl > 0 (decisive only),COMPATIBILITY_ONLY_NOT_PRODUCTION,346.6603,338.9149,168.0641,18,17,-0.48480913,-0.42703863,-0.51551572,-0.48480913,-168.0641,346.6603,THIN_EXPOSURE,0.0000,6.7226,4.0000,96.0000,AG03-UNRESOLVED,ALL5_LEVELS_bet23_to_bet27,6.7226,6.7226,6.7226,8.4032,8.4032,4.000000,4.000000,4.000000,5.000000,5.000000,96.000000,96.000000,96.000000,95.000000,95.000000,5.0,36.9741,33.8692,131.0900,134.1948,PENDING_AG03,FALSE,NOT_FOR_ENFORCEMENT,161.3415,325.3583,168.0641,161.3415,6.7226,0.48480913,0.46541676,6.7226,161.3415,0.46541676,6.7226,6.7226,6.7226,8.4032,8.4032,161.3415,0.46541676,36.9741,33.8692,131.0900,134.1948,0.37815112,0.3871076,0.01939237,19.2589,19.9362,9.8861,56.0214,15.2786,115.5534,5.6667,15.0389,22.6349,7.7453,7.8528,20.6542,48.1264,67.9762,77.8372,7.8528,-7.7645,8.65631,9.912044,2.452493,11,8,6,3,0.34705694,0.48480913,0.42703863,0E-8,0.000000,0.977657,0.000000,0.08847709,2026-04-14,2026-07-14,3,11,11,92,0.032609,0.664409,0.780878,1.156856,,,,,,,,GLOBAL_BASELINE_NO_ENTITY_RANKING,,,NOT_APPLICABLE_GLOBAL_BASELINE,HF9g-P5,,,,X 全窗基线 · 不参与实体赏罚,6872383,688,A168_HF9F_20260827_0900,2026-08-27 09:00:00
2026-04-14,42495486,1109,0,39.2639321519,23.5583592911,23.5583592911,1.0000000,2,1,0.41351695999979694,0.293924150000,1.1909158232626365,1.549915577879723,1.1909158232626365,0.11959280999979694,ELIGIBLE,R03b_20260811_FULL_v1,L1_ELIGIBILITY,v2026-08-11,2026-03-21..2026-08-06,baccarat_bet02_101_all_pairs_incl_sentinel,round_win = game_pnl > 0 (decisive only),COMPATIBILITY_ONLY_NOT_PRODUCTION,346.6603,338.9149,168.0641,18,17,-0.48480913,-0.42703863,-0.51551572,-0.48480913,-168.0641,346.6603,THIN_EXPOSURE,0.0000,6.7226,4.0000,96.0000,AG03-UNRESOLVED,ALL5_LEVELS_bet23_to_bet27,6.7226,6.7226,6.7226,8.4032,8.4032,4.000000,4.000000,4.000000,5.000000,5.000000,96.000000,96.000000,96.000000,95.000000,95.000000,5.0,36.9741,33.8692,131.0900,134.1948,PENDING_AG03,FALSE,NOT_FOR_ENFORCEMENT,161.3415,325.3583,168.0641,161.3415,6.7226,0.48480913,0.46541676,6.7226,161.3415,0.46541676,6.7226,6.7226,6.7226,8.4032,8.4032,161.3415,0.46541676,36.9741,33.8692,131.0900,134.1948,0.37815112,0.3871076,0.01939237,19.2589,19.9362,9.8861,56.0214,15.2786,115.5534,5.6667,15.0389,22.6349,7.7453,7.8528,20.6542,48.1264,67.9762,77.8372,7.8528,-7.7645,8.65631,9.912044,2.452493,11,8,6,3,0.34705694,0.48480913,0.42703863,0E-8,0.000000,0.977657,0.000000,0.08847709,2026-04-14,2026-07-14,3,11,11,92,0.032609,0.664409,0.780878,1.156856,,,,,,,,GLOBAL_BASELINE_NO_ENTITY_RANKING,,,NOT_APPLICABLE_GLOBAL_BASELINE,HF9g-P5,,,,X 全窗基线 · 不参与实体赏罚,6872384,688,A168_HF9F_20260827_0900,2026-08-27 09:00:00
2026-04-14,42495486,1383,0,7.8527864304,-7.8527864304,-7.8527864304,0E-7,1,1,0.50665070000000000,0.506650700000,-1.013391052207602,-1.013391052207602,-1.013391052207602,0E-17,ELIGIBLE,R03b_20260811_FULL_v1,L1_ELIGIBILITY,v2026-08-11,2026-03-21..2026-08-06,baccarat_bet02_101_all_pairs_incl_sentinel,round_win = game_pnl > 0 (decisive only),COMPATIBILITY_ONLY_NOT_PRODUCTION,346.6603,338.9149,168.0641,18,17,-0.48480913,-0.42703863,-0.51551572,-0.48480913,-168.0641,346.6603,THIN_EXPOSURE,0.0000,6.7226,4.0000,96.0000,AG03-UNRESOLVED,ALL5_LEVELS_bet23_to_bet27,6.7226,6.7226,6.7226,8.4032,8.4032,4.000000,4.000000,4.000000,5.000000,5.000000,96.000000,96.000000,96.000000,95.000000,95.000000,5.0,36.9741,33.8692,131.0900,134.1948,PENDING_AG03,FALSE,NOT_FOR_ENFORCEMENT,161.3415,325.3583,168.0641,161.3415,6.7226,0.48480913,0.46541676,6.7226,161.3415,0.46541676,6.7226,6.7226,6.7226,8.4032,8.4032,161.3415,0.46541676,36.9741,33.8692,131.0900,134.1948,0.37815112,0.3871076,0.01939237,19.2589,19.9362,9.8861,56.0214,15.2786,115.5534,5.6667,15.0389,22.6349,7.7453,7.8528,20.6542,48.1264,67.9762,77.8372,7.8528,-7.7645,8.65631,9.912044,2.452493,11,8,6,3,0.34705694,0.48480913,0.42703863,0E-8,0.000000,0.977657,0.000000,0.08847709,2026-04-14,2026-07-14,3,11,11,92,0.032609,0.664409,0.780878,1.156856,,,,,,,,GLOBAL_BASELINE_NO_ENTITY_RANKING,,,NOT_APPLICABLE_GLOBAL_BASELINE,HF9g-P5,,,,X 全窗基线 · 不参与实体赏罚,6872385,688,A168_HF9F_20260827_0900,2026-08-27 09:00:00
2026-05-19,42495486,2117,0,23.3511493955,7.7837164651,7.7837164651,0.5000000,2,2,0.49324550000000000,0.493245500000,0.01910635448239258,0.01910635448239258,0.01910635448239258,0E-17,ELIGIBLE,R03b_20260811_FULL_v1,L1_ELIGIBILITY,v2026-08-11,2026-03-21..2026-08-06,baccarat_bet02_101_all_pairs_incl_sentinel,round_win = game_pnl > 0 (decisive only),COMPATIBILITY_ONLY_NOT_PRODUCTION,346.6603,338.9149,168.0641,18,17,-0.48480913,-0.42703863,-0.51551572,-0.48480913,-168.0641,346.6603,THIN_EXPOSURE,0.0000,6.7226,4.0000,96.0000,AG03-UNRESOLVED,ALL5_LEVELS_bet23_to_bet27,6.7226,6.7226,6.7226,8.4032,8.4032,4.000000,4.000000,4.000000,5.000000,5.000000,96.000000,96.000000,96.000000,95.000000,95.000000,5.0,36.9741,33.8692,131.0900,134.1948,PENDING_AG03,FALSE,NOT_FOR_ENFORCEMENT,161.3415,325.3583,168.0641,161.3415,6.7226,0.48480913,0.46541676,6.7226,161.3415,0.46541676,6.7226,6.7226,6.7226,8.4032,8.4032,161.3415,0.46541676,36.9741,33.8692,131.0900,134.1948,0.37815112,0.3871076,0.01939237,19.2589,19.9362,9.8861,56.0214,15.2786,115.5534,5.6667,15.0389,22.6349,7.7453,7.8528,20.6542,48.1264,67.9762,77.8372,7.8528,-7.7645,8.65631,9.912044,2.452493,11,8,6,3,0.34705694,0.48480913,0.42703863,0E-8,0.000000,0.977657,0.000000,0.08847709,2026-04-14,2026-07-14,3,11,11,92,0.032609,0.664409,0.780878,1.156856,,,,,,,,GLOBAL_BASELINE_NO_ENTITY_RANKING,,,NOT_APPLICABLE_GLOBAL_BASELINE,HF9g-P5,,,,X 全窗基线 · 不参与实体赏罚,6872386,688,A168_HF9F_20260827_0900,2026-08-27 09:00:00
2026-05-19,42495486,2246,0,132.3231799076,-132.3231799076,-132.3231799076,0E-7,3,3,0.50665070000000000,0.506650700000,-1.7552447903592512,-1.7552447903592512,-1.7552447903592512,0E-17,ELIGIBLE,R03b_20260811_FULL_v1,L1_ELIGIBILITY,v2026-08-11,2026-03-21..2026-08-06,baccarat_bet02_101_all_pairs_incl_sentinel,round_win = game_pnl > 0 (decisive only),COMPATIBILITY_ONLY_NOT_PRODUCTION,346.6603,338.9149,168.0641,18,17,-0.48480913,-0.42703863,-0.51551572,-0.48480913,-168.0641,346.6603,THIN_EXPOSURE,0.0000,6.7226,4.0000,96.0000,AG03-UNRESOLVED,ALL5_LEVELS_bet23_to_bet27,6.7226,6.7226,6.7226,8.4032,8.4032,4.000000,4.000000,4.000000,5.000000,5.000000,96.000000,96.000000,96.000000,95.000000,95.000000,5.0,36.9741,33.8692,131.0900,134.1948,PENDING_AG03,FALSE,NOT_FOR_ENFORCEMENT,161.3415,325.3583,168.0641,161.3415,6.7226,0.48480913,0.46541676,6.7226,161.3415,0.46541676,6.7226,6.7226,6.7226,8.4032,8.4032,161.3415,0.46541676,36.9741,33.8692,131.0900,134.1948,0.37815112,0.3871076,0.01939237,19.2589,19.9362,9.8861,56.0214,15.2786,115.5534,5.6667,15.0389,22.6349,7.7453,7.8528,20.6542,48.1264,67.9762,77.8372,7.8528,-7.7645,8.65631,9.912044,2.452493,11,8,6,3,0.34705694,0.48480913,0.42703863,0E-8,0.000000,0.977657,0.000000,0.08847709,2026-04-14,2026-07-14,3,11,11,92,0.032609,0.664409,0.780878,1.156856,,,,,,,,GLOBAL_BASELINE_NO_ENTITY_RANKING,,,NOT_APPLICABLE_GLOBAL_BASELINE,HF9g-P5,,,,X 全窗基线 · 不参与实体赏罚,6872387,688,A168_HF9F_20260827_0900,2026-08-27 09:00:00
2026-07-14,42495486,-1,1,97.0748457388,-73.8388454290,-73.8388454290,0.2500000,5,5,0.49860758000000000,0.498607580000,-0.9944341760919779,-0.9944341760919779,-0.9944341760919779,0E-17,SENTINEL_DEALER,R03b_20260811_FULL_v1,L1_ELIGIBILITY,v2026-08-11,2026-03-21..2026-08-06,baccarat_bet02_101_all_pairs_incl_sentinel,round_win = game_pnl > 0 (decisive only),COMPATIBILITY_ONLY_NOT_PRODUCTION,346.6603,338.9149,168.0641,18,17,-0.48480913,-0.42703863,-0.51551572,-0.48480913,-168.0641,346.6603,THIN_EXPOSURE,0.0000,6.7226,4.0000,96.0000,AG03-UNRESOLVED,ALL5_LEVELS_bet23_to_bet27,6.7226,6.7226,6.7226,8.4032,8.4032,4.000000,4.000000,4.000000,5.000000,5.000000,96.000000,96.000000,96.000000,95.000000,95.000000,5.0,36.9741,33.8692,131.0900,134.1948,PENDING_AG03,FALSE,NOT_FOR_ENFORCEMENT,161.3415,325.3583,168.0641,161.3415,6.7226,0.48480913,0.46541676,6.7226,161.3415,0.46541676,6.7226,6.7226,6.7226,8.4032,8.4032,161.3415,0.46541676,36.9741,33.8692,131.0900,134.1948,0.37815112,0.3871076,0.01939237,19.2589,19.9362,9.8861,56.0214,15.2786,115.5534,5.6667,15.0389,22.6349,7.7453,7.8528,20.6542,48.1264,67.9762,77.8372,7.8528,-7.7645,8.65631,9.912044,2.452493,11,8,6,3,0.34705694,0.48480913,0.42703863,0E-8,0.000000,0.977657,0.000000,0.08847709,2026-04-14,2026-07-14,3,11,11,92,0.032609,0.664409,0.780878,1.156856,,,,,,,,GLOBAL_BASELINE_NO_ENTITY_RANKING,,,NOT_APPLICABLE_GLOBAL_BASELINE,HF9g-P5,,,,X 全窗基线 · 不参与实体赏罚,6872388,688,A168_HF9F_20260827_0900,2026-08-27 09:00:00
2026-07-14,42495486,1994,0,7.7453334366,7.7453334366,7.7453334366,1.0000000,1,1,0.49324550000000000,0.493245500000,1.01360149184955,1.01360149184955,1.01360149184955,0E-17,ELIGIBLE,R03b_20260811_FULL_v1,L1_ELIGIBILITY,v2026-08-11,2026-03-21..2026-08-06,baccarat_bet02_101_all_pairs_incl_sentinel,round_win = game_pnl > 0 (decisive only),COMPATIBILITY_ONLY_NOT_PRODUCTION,346.6603,338.9149,168.0641,18,17,-0.48480913,-0.42703863,-0.51551572,-0.48480913,-168.0641,346.6603,THIN_EXPOSURE,0.0000,6.7226,4.0000,96.0000,AG03-UNRESOLVED,ALL5_LEVELS_bet23_to_bet27,6.7226,6.7226,6.7226,8.4032,8.4032,4.000000,4.000000,4.000000,5.000000,5.000000,96.000000,96.000000,96.000000,95.000000,95.000000,5.0,36.9741,33.8692,131.0900,134.1948,PENDING_AG03,FALSE,NOT_FOR_ENFORCEMENT,161.3415,325.3583,168.0641,161.3415,6.7226,0.48480913,0.46541676,6.7226,161.3415,0.46541676,6.7226,6.7226,6.7226,8.4032,8.4032,161.3415,0.46541676,36.9741,33.8692,131.0900,134.1948,0.37815112,0.3871076,0.01939237,19.2589,19.9362,9.8861,56.0214,15.2786,115.5534,5.6667,15.0389,22.6349,7.7453,7.8528,20.6542,48.1264,67.9762,77.8372,7.8528,-7.7645,8.65631,9.912044,2.452493,11,8,6,3,0.34705694,0.48480913,0.42703863,0E-8,0.000000,0.977657,0.000000,0.08847709,2026-04-14,2026-07-14,3,11,11,92,0.032609,0.664409,0.780878,1.156856,,,,,,,,GLOBAL_BASELINE_NO_ENTITY_RANKING,,,NOT_APPLICABLE_GLOBAL_BASELINE,HF9g-P5,,,,X 全窗基线 · 不参与实体赏罚,6872389,688,A168_HF9F_20260827_0900,2026-08-27 09:00:00
2026-07-14,42495486,2239,0,7.7453334366,7.3580667648,7.3580667648,1.0000000,1,1,0.50665070000000000,0.506650700000,0.9867858985152569,0.9867858985152569,0.9867858985152569,0E-17,ELIGIBLE,R03b_20260811_FULL_v1,L1_ELIGIBILITY,v2026-08-11,2026-03-21..2026-08-06,baccarat_bet02_101_all_pairs_incl_sentinel,round_win = game_pnl > 0 (decisive only),COMPATIBILITY_ONLY_NOT_PRODUCTION,346.6603,338.9149,168.0641,18,17,-0.48480913,-0.42703863,-0.51551572,-0.48480913,-168.0641,346.6603,THIN_EXPOSURE,0.0000,6.7226,4.0000,96.0000,AG03-UNRESOLVED,ALL5_LEVELS_bet23_to_bet27,6.7226,6.7226,6.7226,8.4032,8.4032,4.000000,4.000000,4.000000,5.000000,5.000000,96.000000,96.000000,96.000000,95.000000,95.000000,5.0,36.9741,33.8692,131.0900,134.1948,PENDING_AG03,FALSE,NOT_FOR_ENFORCEMENT,161.3415,325.3583,168.0641,161.3415,6.7226,0.48480913,0.46541676,6.7226,161.3415,0.46541676,6.7226,6.7226,6.7226,8.4032,8.4032,161.3415,0.46541676,36.9741,33.8692,131.0900,134.1948,0.37815112,0.3871076,0.01939237,19.2589,19.9362,9.8861,56.0214,15.2786,115.5534,5.6667,15.0389,22.6349,7.7453,7.8528,20.6542,48.1264,67.9762,77.8372,7.8528,-7.7645,8.65631,9.912044,2.452493,11,8,6,3,0.34705694,0.48480913,0.42703863,0E-8,0.000000,0.977657,0.000000,0.08847709,2026-04-14,2026-07-14,3,11,11,92,0.032609,0.664409,0.780878,1.156856,,,,,,,,GLOBAL_BASELINE_NO_ENTITY_RANKING,,,NOT_APPLICABLE_GLOBAL_BASELINE,HF9g-P5,,,,X 全窗基线 · 不参与实体赏罚,6872390,688,A168_HF9F_20260827_0900,2026-08-27 09:00:00
2026-07-14,42495486,2250,0,7.7453334366,7.3580667648,7.3580667648,1.0000000,1,1,0.50665070000000000,0.506650700000,0.9867858985152569,0.9867858985152569,0.9867858985152569,0E-17,ELIGIBLE,R03b_20260811_FULL_v1,L1_ELIGIBILITY,v2026-08-11,2026-03-21..2026-08-06,baccarat_bet02_101_all_pairs_incl_sentinel,round_win = game_pnl > 0 (decisive only),COMPATIBILITY_ONLY_NOT_PRODUCTION,346.6603,338.9149,168.0641,18,17,-0.48480913,-0.42703863,-0.51551572,-0.48480913,-168.0641,346.6603,THIN_EXPOSURE,0.0000,6.7226,4.0000,96.0000,AG03-UNRESOLVED,ALL5_LEVELS_bet23_to_bet27,6.7226,6.7226,6.7226,8.4032,8.4032,4.000000,4.000000,4.000000,5.000000,5.000000,96.000000,96.000000,96.000000,95.000000,95.000000,5.0,36.9741,33.8692,131.0900,134.1948,PENDING_AG03,FALSE,NOT_FOR_ENFORCEMENT,161.3415,325.3583,168.0641,161.3415,6.7226,0.48480913,0.46541676,6.7226,161.3415,0.46541676,6.7226,6.7226,6.7226,8.4032,8.4032,161.3415,0.46541676,36.9741,33.8692,131.0900,134.1948,0.37815112,0.3871076,0.01939237,19.2589,19.9362,9.8861,56.0214,15.2786,115.5534,5.6667,15.0389,22.6349,7.7453,7.8528,20.6542,48.1264,67.9762,77.8372,7.8528,-7.7645,8.65631,9.912044,2.452493,11,8,6,3,0.34705694,0.48480913,0.42703863,0E-8,0.000000,0.977657,0.000000,0.08847709,2026-04-14,2026-07-14,3,11,11,92,0.032609,0.664409,0.780878,1.156856,,,,,,,,GLOBAL_BASELINE_NO_ENTITY_RANKING,,,NOT_APPLICABLE_GLOBAL_BASELINE,HF9g-P5,,,,X 全窗基线 · 不参与实体赏罚,6872391,688,A168_HF9F_20260827_0900,2026-08-27 09:00:00
2026-05-31,105022163,1094,0,62.7297841848,12.8783000644,12.8783000644,0.6000000,5,5,0.50665070000000000,0.506650700000,0.4175076967804994,0.4175076967804994,0.4175076967804994,0E-17,ELIGIBLE,R03b_20260811_FULL_v1,L1_ELIGIBILITY,v2026-08-11,2026-03-21..2026-08-06,baccarat_bet02_101_all_pairs_incl_sentinel,round_win = game_pnl > 0 (decisive only),COMPATIBILITY_ONLY_NOT_PRODUCTION,6181.6506,5718.6840,168.0677,306,306,-0.02718816,-0.37501171,-0.01875688,-0.02718816,-168.0677,6181.6506,OK,0.0000,6.7227,4.0000,96.0000,AG03-UNRESOLVED,ALL5_LEVELS_bet23_to_bet27,6.7227,6.7227,6.7227,6.7227,6.7227,4.000000,4.000000,4.000000,4.000000,4.000000,96.000000,96.000000,96.000000,96.000000,96.000000,5.0,33.6135,31.0299,134.4542,137.0378,PENDING_AG03,FALSE,NOT_FOR_ENFORCEMENT,161.3450,5489.9367,168.0677,161.3450,6.7227,0.02718816,0.02610064,6.7227,161.3450,0.02610064,6.7227,6.7227,6.7227,6.7227,6.7227,161.3450,0.02610064,33.6135,31.0299,134.4542,137.0378,0.02175053,0.02216848,0.00108753,20.2015,18.6885,0.5492,12.9283,2.4010,475.5116,23.5385,5.2249,21.7099,8.3086,20.7715,20.7715,41.5429,54.0056,62.3144,12.4629,0.0,2.599991,3.0,0.972559,19,63,15,2,0.02366643,0.02718816,0.37501171,0E-8,0.000000,0.925106,0.519608,-0.35625483,2026-05-31,2026-08-06,13,70,62,68,0.191177,0.240670,0.258640,0.078888,,,,,,,,GLOBAL_BASELINE_NO_ENTITY_RANKING,,,NOT_APPLICABLE_GLOBAL_BASELINE,HF9g-P5,,,,X 全窗基线 · 不参与实体赏罚,6872392,688,A168_HF9F_20260827_0900,2026-08-27 09:00:00
2026-05-31,105022163,1304,0,78.9315165238,-29.0800324035,-29.0800324035,0.2857143,8,8,0.49324550000000000,0.493245500000,-1.0982521808510124,-1.0982521808510126,-1.0982521808510124,0E-17,ELIGIBLE,R03b_20260811_FULL_v1,L1_ELIGIBILITY,v2026-08-11,2026-03-21..2026-08-06,baccarat_bet02_101_all_pairs_incl_sentinel,round_win = game_pnl > 0 (decisive only),COMPATIBILITY_ONLY_NOT_PRODUCTION,6181.6506,5718.6840,168.0677,306,306,-0.02718816,-0.37501171,-0.01875688,-0.02718816,-168.0677,6181.6506,OK,0.0000,6.7227,4.0000,96.0000,AG03-UNRESOLVED,ALL5_LEVELS_bet23_to_bet27,6.7227,6.7227,6.7227,6.7227,6.7227,4.000000,4.000000,4.000000,4.000000,4.000000,96.000000,96.000000,96.000000,96.000000,96.000000,5.0,33.6135,31.0299,134.4542,137.0378,PENDING_AG03,FALSE,NOT_FOR_ENFORCEMENT,161.3450,5489.9367,168.0677,161.3450,6.7227,0.02718816,0.02610064,6.7227,161.3450,0.02610064,6.7227,6.7227,6.7227,6.7227,6.7227,161.3450,0.02610064,33.6135,31.0299,134.4542,137.0378,0.02175053,0.02216848,0.00108753,20.2015,18.6885,0.5492,12.9283,2.4010,475.5116,23.5385,5.2249,21.7099,8.3086,20.7715,20.7715,41.5429,54.0056,62.3144,12.4629,0.0,2.599991,3.0,0.972559,19,63,15,2,0.02366643,0.02718816,0.37501171,0E-8,0.000000,0.925106,0.519608,-0.35625483,2026-05-31,2026-08-06,13,70,62,68,0.191177,0.240670,0.258640,0.078888,,,,,,,,GLOBAL_BASELINE_NO_ENTITY_RANKING,,,NOT_APPLICABLE_GLOBAL_BASELINE,HF9g-P5,,,,X 全窗基线 · 不参与实体赏罚,6872393,688,A168_HF9F_20260827_0900,2026-08-27 09:00:00
2026-05-31,105022163,1396,0,108.0115489271,8.3085806868,8.3085806868,0.5833333,13,13,0.50355719230769231,0.503557192308,0.5527193059266987,0.5527193059245693,0.5527193059266987,-3.0769E-13,ELIGIBLE,R03b_20260811_FULL_v1,L1_ELIGIBILITY,v2026-08-11,2026-03-21..2026-08-06,baccarat_bet02_101_all_pairs_incl_sentinel,round_win = game_pnl > 0 (decisive only),COMPATIBILITY_ONLY_NOT_PRODUCTION,6181.6506,5718.6840,168.0677,306,306,-0.02718816,-0.37501171,-0.01875688,-0.02718816,-168.0677,6181.6506,OK,0.0000,6.7227,4.0000,96.0000,AG03-UNRESOLVED,ALL5_LEVELS_bet23_to_bet27,6.7227,6.7227,6.7227,6.7227,6.7227,4.000000,4.000000,4.000000,4.000000,4.000000,96.000000,96.000000,96.000000,96.000000,96.000000,5.0,33.6135,31.0299,134.4542,137.0378,PENDING_AG03,FALSE,NOT_FOR_ENFORCEMENT,161.3450,5489.9367,168.0677,161.3450,6.7227,0.02718816,0.02610064,6.7227,161.3450,0.02610064,6.7227,6.7227,6.7227,6.7227,6.7227,161.3450,0.02610064,33.6135,31.0299,134.4542,137.0378,0.02175053,0.02216848,0.00108753,20.2015,18.6885,0.5492,12.9283,2.4010,475.5116,23.5385,5.2249,21.7099,8.3086,20.7715,20.7715,41.5429,54.0056,62.3144,12.4629,0.0,2.599991,3.0,0.972559,19,63,15,2,0.02366643,0.02718816,0.37501171,0E-8,0.000000,0.925106,0.519608,-0.35625483,2026-05-31,2026-08-06,13,70,62,68,0.191177,0.240670,0.258640,0.078888,,,,,,,,GLOBAL_BASELINE_NO_ENTITY_RANKING,,,NOT_APPLICABLE_GLOBAL_BASELINE,HF9g-P5,,,,X 全窗基线 · 不参与实体赏罚,6872394,688,A168_HF9F_20260827_0900,2026-08-27 09:00:00
2026-05-31,105022163,1401,0,116.3201296138,33.2343227468,33.2343227468,0.6666667,14,14,0.50090561428571429,0.500905614286,1.1484281422984883,1.1484281422965101,1.1484281422984883,-2.8571E-13,ELIGIBLE,R03b_20260811_FULL_v1,L1_ELIGIBILITY,v2026-08-11,2026-03-21..2026-08-06,baccarat_bet02_101_all_pairs_incl_sentinel,round_win = game_pnl > 0 (decisive only),COMPATIBILITY_ONLY_NOT_PRODUCTION,6181.6506,5718.6840,168.0677,306,306,-0.02718816,-0.37501171,-0.01875688,-0.02718816,-168.0677,6181.6506,OK,0.0000,6.7227,4.0000,96.0000,AG03-UNRESOLVED,ALL5_LEVELS_bet23_to_bet27,6.7227,6.7227,6.7227,6.7227,6.7227,4.000000,4.000000,4.000000,4.000000,4.000000,96.000000,96.000000,96.000000,96.000000,96.000000,5.0,33.6135,31.0299,134.4542,137.0378,PENDING_AG03,FALSE,NOT_FOR_ENFORCEMENT,161.3450,5489.9367,168.0677,161.3450,6.7227,0.02718816,0.02610064,6.7227,161.3450,0.02610064,6.7227,6.7227,6.7227,6.7227,6.7227,161.3450,0.02610064,33.6135,31.0299,134.4542,137.0378,0.02175053,0.02216848,0.00108753,20.2015,18.6885,0.5492,12.9283,2.4010,475.5116,23.5385,5.2249,21.7099,8.3086,20.7715,20.7715,41.5429,54.0056,62.3144,12.4629,0.0,2.599991,3.0,0.972559,19,63,15,2,0.02366643,0.02718816,0.37501171,0E-8,0.000000,0.925106,0.519608,-0.35625483,2026-05-31,2026-08-06,13,70,62,68,0.191177,0.240670,0.258640,0.078888,,,,,,,,GLOBAL_BASELINE_NO_ENTITY_RANKING,,,NOT_APPLICABLE_GLOBAL_BASELINE,HF9g-P5,,,,X 全窗基线 · 不参与实体赏罚,6872395,688,A168_HF9F_20260827_0900,2026-08-27 09:00:00
2026-05-31,105022163,1623,0,51.9286292920,10.3857258584,10.3857258584,0.5000000,3,3,0.49324550000000000,0.493245500000,0.01910635448239258,0.01910635448239258,0.01910635448239258,0E-17,ELIGIBLE,R03b_20260811_FULL_v1,L1_ELIGIBILITY,v2026-08-11,2026-03-21..2026-08-06,baccarat_bet02_101_all_pairs_incl_sentinel,round_win = game_pnl > 0 (decisive only),COMPATIBILITY_ONLY_NOT_PRODUCTION,6181.6506,5718.6840,168.0677,306,306,-0.02718816,-0.37501171,-0.01875688,-0.02718816,-168.0677,6181.6506,OK,0.0000,6.7227,4.0000,96.0000,AG03-UNRESOLVED,ALL5_LEVELS_bet23_to_bet27,6.7227,6.7227,6.7227,6.7227,6.7227,4.000000,4.000000,4.000000,4.000000,4.000000,96.000000,96.000000,96.000000,96.000000,96.000000,5.0,33.6135,31.0299,134.4542,137.0378,PENDING_AG03,FALSE,NOT_FOR_ENFORCEMENT,161.3450,5489.9367,168.0677,161.3450,6.7227,0.02718816,0.02610064,6.7227,161.3450,0.02610064,6.7227,6.7227,6.7227,6.7227,6.7227,161.3450,0.02610064,33.6135,31.0299,134.4542,137.0378,0.02175053,0.02216848,0.00108753,20.2015,18.6885,0.5492,12.9283,2.4010,475.5116,23.5385,5.2249,21.7099,8.3086,20.7715,20.7715,41.5429,54.0056,62.3144,12.4629,0.0,2.599991,3.0,0.972559,19,63,15,2,0.02366643,0.02718816,0.37501171,0E-8,0.000000,0.925106,0.519608,-0.35625483,2026-05-31,2026-08-06,13,70,62,68,0.191177,0.240670,0.258640,0.078888,,,,,,,,GLOBAL_BASELINE_NO_ENTITY_RANKING,,,NOT_APPLICABLE_GLOBAL_BASELINE,HF9g-P5,,,,X 全窗基线 · 不参与实体赏罚,6872396,688,A168_HF9F_20260827_0900,2026-08-27 09:00:00
2026-05-31,105022163,1704,0,25.7566001288,-25.7566001288,-25.7566001288,0E-7,1,1,0.50665070000000000,0.506650700000,-1.013391052207602,-1.013391052207602,-1.013391052207602,0E-17,ELIGIBLE,R03b_20260811_FULL_v1,L1_ELIGIBILITY,v2026-08-11,2026-03-21..2026-08-06,baccarat_bet02_101_all_pairs_incl_sentinel,round_win = game_pnl > 0 (decisive only),COMPATIBILITY_ONLY_NOT_PRODUCTION,6181.6506,5718.6840,168.0677,306,306,-0.02718816,-0.37501171,-0.01875688,-0.02718816,-168.0677,6181.6506,OK,0.0000,6.7227,4.0000,96.0000,AG03-UNRESOLVED,ALL5_LEVELS_bet23_to_bet27,6.7227,6.7227,6.7227,6.7227,6.7227,4.000000,4.000000,4.000000,4.000000,4.000000,96.000000,96.000000,96.000000,96.000000,96.000000,5.0,33.6135,31.0299,134.4542,137.0378,PENDING_AG03,FALSE,NOT_FOR_ENFORCEMENT,161.3450,5489.9367,168.0677,161.3450,6.7227,0.02718816,0.02610064,6.7227,161.3450,0.02610064,6.7227,6.7227,6.7227,6.7227,6.7227,161.3450,0.02610064,33.6135,31.0299,134.4542,137.0378,0.02175053,0.02216848,0.00108753,20.2015,18.6885,0.5492,12.9283,2.4010,475.5116,23.5385,5.2249,21.7099,8.3086,20.7715,20.7715,41.5429,54.0056,62.3144,12.4629,0.0,2.599991,3.0,0.972559,19,63,15,2,0.02366643,0.02718816,0.37501171,0E-8,0.000000,0.925106,0.519608,-0.35625483,2026-05-31,2026-08-06,13,70,62,68,0.191177,0.240670,0.258640,0.078888,,,,,,,,GLOBAL_BASELINE_NO_ENTITY_RANKING,,,NOT_APPLICABLE_GLOBAL_BASELINE,HF9g-P5,,,,X 全窗基线 · 不参与实体赏罚,6872397,688,A168_HF9F_20260827_0900,2026-08-27 09:00:00
2026-05-31,105022163,1985,0,25.1334565773,0.2077145171,0.2077145171,0.5000000,2,2,0.50665070000000000,0.506650700000,-0.018812684590367487,-0.018812684590367487,-0.018812684590367487,0E-17,ELIGIBLE,R03b_20260811_FULL_v1,L1_ELIGIBILITY,v2026-08-11,2026-03-21..2026-08-06,baccarat_bet02_101_all_pairs_incl_sentinel,round_win = game_pnl > 0 (decisive only),COMPATIBILITY_ONLY_NOT_PRODUCTION,6181.6506,5718.6840,168.0677,306,306,-0.02718816,-0.37501171,-0.01875688,-0.02718816,-168.0677,6181.6506,OK,0.0000,6.7227,4.0000,96.0000,AG03-UNRESOLVED,ALL5_LEVELS_bet23_to_bet27,6.7227,6.7227,6.7227,6.7227,6.7227,4.000000,4.000000,4.000000,4.000000,4.000000,96.000000,96.000000,96.000000,96.000000,96.000000,5.0,33.6135,31.0299,134.4542,137.0378,PENDING_AG03,FALSE,NOT_FOR_ENFORCEMENT,161.3450,5489.9367,168.0677,161.3450,6.7227,0.02718816,0.02610064,6.7227,161.3450,0.02610064,6.7227,6.7227,6.7227,6.7227,6.7227,161.3450,0.02610064,33.6135,31.0299,134.4542,137.0378,0.02175053,0.02216848,0.00108753,20.2015,18.6885,0.5492,12.9283,2.4010,475.5116,23.5385,5.2249,21.7099,8.3086,20.7715,20.7715,41.5429,54.0056,62.3144,12.4629,0.0,2.599991,3.0,0.972559,19,63,15,2,0.02366643,0.02718816,0.37501171,0E-8,0.000000,0.925106,0.519608,-0.35625483,2026-05-31,2026-08-06,13,70,62,68,0.191177,0.240670,0.258640,0.078888,,,,,,,,GLOBAL_BASELINE_NO_ENTITY_RANKING,,,NOT_APPLICABLE_GLOBAL_BASELINE,HF9g-P5,,,,X 全窗基线 · 不参与实体赏罚,6872398,688,A168_HF9F_20260827_0900,2026-08-27 09:00:00
2026-05-31,105022163,1990,0,58.1600648070,-16.6171613735,-16.6171613735,0.4000000,6,6,0.50665070000000000,0.506650700000,-0.4769986289884125,-0.4769986289884125,-0.4769986289884125,0E-17,ELIGIBLE,R03b_20260811_FULL_v1,L1_ELIGIBILITY,v2026-08-11,2026-03-21..2026-08-06,baccarat_bet02_101_all_pairs_incl_sentinel,round_win = game_pnl > 0 (decisive only),COMPATIBILITY_ONLY_NOT_PRODUCTION,6181.6506,5718.6840,168.0677,306,306,-0.02718816,-0.37501171,-0.01875688,-0.02718816,-168.0677,6181.6506,OK,0.0000,6.7227,4.0000,96.0000,AG03-UNRESOLVED,ALL5_LEVELS_bet23_to_bet27,6.7227,6.7227,6.7227,6.7227,6.7227,4.000000,4.000000,4.000000,4.000000,4.000000,96.000000,96.000000,96.000000,96.000000,96.000000,5.0,33.6135,31.0299,134.4542,137.0378,PENDING_AG03,FALSE,NOT_FOR_ENFORCEMENT,161.3450,5489.9367,168.0677,161.3450,6.7227,0.02718816,0.02610064,6.7227,161.3450,0.02610064,6.7227,6.7227,6.7227,6.7227,6.7227,161.3450,0.02610064,33.6135,31.0299,134.4542,137.0378,0.02175053,0.02216848,0.00108753,20.2015,18.6885,0.5492,12.9283,2.4010,475.5116,23.5385,5.2249,21.7099,8.3086,20.7715,20.7715,41.5429,54.0056,62.3144,12.4629,0.0,2.599991,3.0,0.972559,19,63,15,2,0.02366643,0.02718816,0.37501171,0E-8,0.000000,0.925106,0.519608,-0.35625483,2026-05-31,2026-08-06,13,70,62,68,0.191177,0.240670,0.258640,0.078888,,,,,,,,GLOBAL_BASELINE_NO_ENTITY_RANKING,,,NOT_APPLICABLE_GLOBAL_BASELINE,HF9g-P5,,,,X 全窗基线 · 不参与实体赏罚,6872399,688,A168_HF9F_20260827_0900,2026-08-27 09:00:00
2026-05-31,105022163,2093,0,24.9257420601,0E-10,0E-10,0.5000000,3,3,0.50665070000000000,0.506650700000,-0.018812684590367487,-0.018812684590367487,-0.018812684590367487,0E-17,ELIGIBLE,R03b_20260811_FULL_v1,L1_ELIGIBILITY,v2026-08-11,2026-03-21..2026-08-06,baccarat_bet02_101_all_pairs_incl_sentinel,round_win = game_pnl > 0 (decisive only),COMPATIBILITY_ONLY_NOT_PRODUCTION,6181.6506,5718.6840,168.0677,306,306,-0.02718816,-0.37501171,-0.01875688,-0.02718816,-168.0677,6181.6506,OK,0.0000,6.7227,4.0000,96.0000,AG03-UNRESOLVED,ALL5_LEVELS_bet23_to_bet27,6.7227,6.7227,6.7227,6.7227,6.7227,4.000000,4.000000,4.000000,4.000000,4.000000,96.000000,96.000000,96.000000,96.000000,96.000000,5.0,33.6135,31.0299,134.4542,137.0378,PENDING_AG03,FALSE,NOT_FOR_ENFORCEMENT,161.3450,5489.9367,168.0677,161.3450,6.7227,0.02718816,0.02610064,6.7227,161.3450,0.02610064,6.7227,6.7227,6.7227,6.7227,6.7227,161.3450,0.02610064,33.6135,31.0299,134.4542,137.0378,0.02175053,0.02216848,0.00108753,20.2015,18.6885,0.5492,12.9283,2.4010,475.5116,23.5385,5.2249,21.7099,8.3086,20.7715,20.7715,41.5429,54.0056,62.3144,12.4629,0.0,2.599991,3.0,0.972559,19,63,15,2,0.02366643,0.02718816,0.37501171,0E-8,0.000000,0.925106,0.519608,-0.35625483,2026-05-31,2026-08-06,13,70,62,68,0.191177,0.240670,0.258640,0.078888,,,,,,,,GLOBAL_BASELINE_NO_ENTITY_RANKING,,,NOT_APPLICABLE_GLOBAL_BASELINE,HF9g-P5,,,,X 全窗基线 · 不参与实体赏罚,6872400,688,A168_HF9F_20260827_0900,2026-08-27 09:00:00
2026-05-31,105022163,2123,0,116.3201296140,0E-10,0E-10,0.5000000,12,12,0.50218230000000000,0.502182300000,-0.015119561921926148,-0.015119561921926152,-0.015119561921926148,0E-17,ELIGIBLE,R03b_20260811_FULL_v1,L1_ELIGIBILITY,v2026-08-11,2026-03-21..2026-08-06,baccarat_bet02_101_all_pairs_incl_sentinel,round_win = game_pnl > 0 (decisive only),COMPATIBILITY_ONLY_NOT_PRODUCTION,6181.6506,5718.6840,168.0677,306,306,-0.02718816,-0.37501171,-0.01875688,-0.02718816,-168.0677,6181.6506,OK,0.0000,6.7227,4.0000,96.0000,AG03-UNRESOLVED,ALL5_LEVELS_bet23_to_bet27,6.7227,6.7227,6.7227,6.7227,6.7227,4.000000,4.000000,4.000000,4.000000,4.000000,96.000000,96.000000,96.000000,96.000000,96.000000,5.0,33.6135,31.0299,134.4542,137.0378,PENDING_AG03,FALSE,NOT_FOR_ENFORCEMENT,161.3450,5489.9367,168.0677,161.3450,6.7227,0.02718816,0.02610064,6.7227,161.3450,0.02610064,6.7227,6.7227,6.7227,6.7227,6.7227,161.3450,0.02610064,33.6135,31.0299,134.4542,137.0378,0.02175053,0.02216848,0.00108753,20.2015,18.6885,0.5492,12.9283,2.4010,475.5116,23.5385,5.2249,21.7099,8.3086,20.7715,20.7715,41.5429,54.0056,62.3144,12.4629,0.0,2.599991,3.0,0.972559,19,63,15,2,0.02366643,0.02718816,0.37501171,0E-8,0.000000,0.925106,0.519608,-0.35625483,2026-05-31,2026-08-06,13,70,62,68,0.191177,0.240670,0.258640,0.078888,,,,,,,,GLOBAL_BASELINE_NO_ENTITY_RANKING,,,NOT_APPLICABLE_GLOBAL_BASELINE,HF9g-P5,,,,X 全窗基线 · 不参与实体赏罚,6872401,688,A168_HF9F_20260827_0900,2026-08-27 09:00:00
2026-05-31,105022163,2127,0,41.5429034336,0E-10,0E-10,0.5000000,4,4,0.50665070000000000,0.506650700000,-0.02660515369234503,-0.02660515369234503,-0.02660515369234503,0E-17,ELIGIBLE,R03b_20260811_FULL_v1,L1_ELIGIBILITY,v2026-08-11,2026-03-21..2026-08-06,baccarat_bet02_101_all_pairs_incl_sentinel,round_win = game_pnl > 0 (decisive only),COMPATIBILITY_ONLY_NOT_PRODUCTION,6181.6506,5718.6840,168.0677,306,306,-0.02718816,-0.37501171,-0.01875688,-0.02718816,-168.0677,6181.6506,OK,0.0000,6.7227,4.0000,96.0000,AG03-UNRESOLVED,ALL5_LEVELS_bet23_to_bet27,6.7227,6.7227,6.7227,6.7227,6.7227,4.000000,4.000000,4.000000,4.000000,4.000000,96.000000,96.000000,96.000000,96.000000,96.000000,5.0,33.6135,31.0299,134.4542,137.0378,PENDING_AG03,FALSE,NOT_FOR_ENFORCEMENT,161.3450,5489.9367,168.0677,161.3450,6.7227,0.02718816,0.02610064,6.7227,161.3450,0.02610064,6.7227,6.7227,6.7227,6.7227,6.7227,161.3450,0.02610064,33.6135,31.0299,134.4542,137.0378,0.02175053,0.02216848,0.00108753,20.2015,18.6885,0.5492,12.9283,2.4010,475.5116,23.5385,5.2249,21.7099,8.3086,20.7715,20.7715,41.5429,54.0056,62.3144,12.4629,0.0,2.599991,3.0,0.972559,19,63,15,2,0.02366643,0.02718816,0.37501171,0E-8,0.000000,0.925106,0.519608,-0.35625483,2026-05-31,2026-08-06,13,70,62,68,0.191177,0.240670,0.258640,0.078888,,,,,,,,GLOBAL_BASELINE_NO_ENTITY_RANKING,,,NOT_APPLICABLE_GLOBAL_BASELINE,HF9g-P5,,,,X 全窗基线 · 不参与实体赏罚,6872402,688,A168_HF9F_20260827_0900,2026-08-27 09:00:00
2026-05-31,105022163,2153,0,12.4628710301,-12.4628710301,-12.4628710301,0E-7,1,1,0.50665070000000000,0.506650700000,-1.013391052207602,-1.013391052207602,-1.013391052207602,0E-17,ELIGIBLE,R03b_20260811_FULL_v1,L1_ELIGIBILITY,v2026-08-11,2026-03-21..2026-08-06,baccarat_bet02_101_all_pairs_incl_sentinel,round_win = game_pnl > 0 (decisive only),COMPATIBILITY_ONLY_NOT_PRODUCTION,6181.6506,5718.6840,168.0677,306,306,-0.02718816,-0.37501171,-0.01875688,-0.02718816,-168.0677,6181.6506,OK,0.0000,6.7227,4.0000,96.0000,AG03-UNRESOLVED,ALL5_LEVELS_bet23_to_bet27,6.7227,6.7227,6.7227,6.7227,6.7227,4.000000,4.000000,4.000000,4.000000,4.000000,96.000000,96.000000,96.000000,96.000000,96.000000,5.0,33.6135,31.0299,134.4542,137.0378,PENDING_AG03,FALSE,NOT_FOR_ENFORCEMENT,161.3450,5489.9367,168.0677,161.3450,6.7227,0.02718816,0.02610064,6.7227,161.3450,0.02610064,6.7227,6.7227,6.7227,6.7227,6.7227,161.3450,0.02610064,33.6135,31.0299,134.4542,137.0378,0.02175053,0.02216848,0.00108753,20.2015,18.6885,0.5492,12.9283,2.4010,475.5116,23.5385,5.2249,21.7099,8.3086,20.7715,20.7715,41.5429,54.0056,62.3144,12.4629,0.0,2.599991,3.0,0.972559,19,63,15,2,0.02366643,0.02718816,0.37501171,0E-8,0.000000,0.925106,0.519608,-0.35625483,2026-05-31,2026-08-06,13,70,62,68,0.191177,0.240670,0.258640,0.078888,,,,,,,,GLOBAL_BASELINE_NO_ENTITY_RANKING,,,NOT_APPLICABLE_GLOBAL_BASELINE,HF9g-P5,,,,X 全窗基线 · 不参与实体赏罚,6872403,688,A168_HF9F_20260827_0900,2026-08-27 09:00:00
2026-05-31,105022163,2160,0,93.4715327256,-2.0771451716,-2.0771451716,0.5000000,9,9,0.50516123333333333,0.505161233333,-0.02919790032230849,-0.029197900320422594,-0.02919790032230849,3.3333E-13,ELIGIBLE,R03b_20260811_FULL_v1,L1_ELIGIBILITY,v2026-08-11,2026-03-21..2026-08-06,baccarat_bet02_101_all_pairs_incl_sentinel,round_win = game_pnl > 0 (decisive only),COMPATIBILITY_ONLY_NOT_PRODUCTION,6181.6506,5718.6840,168.0677,306,306,-0.02718816,-0.37501171,-0.01875688,-0.02718816,-168.0677,6181.6506,OK,0.0000,6.7227,4.0000,96.0000,AG03-UNRESOLVED,ALL5_LEVELS_bet23_to_bet27,6.7227,6.7227,6.7227,6.7227,6.7227,4.000000,4.000000,4.000000,4.000000,4.000000,96.000000,96.000000,96.000000,96.000000,96.000000,5.0,33.6135,31.0299,134.4542,137.0378,PENDING_AG03,FALSE,NOT_FOR_ENFORCEMENT,161.3450,5489.9367,168.0677,161.3450,6.7227,0.02718816,0.02610064,6.7227,161.3450,0.02610064,6.7227,6.7227,6.7227,6.7227,6.7227,161.3450,0.02610064,33.6135,31.0299,134.4542,137.0378,0.02175053,0.02216848,0.00108753,20.2015,18.6885,0.5492,12.9283,2.4010,475.5116,23.5385,5.2249,21.7099,8.3086,20.7715,20.7715,41.5429,54.0056,62.3144,12.4629,0.0,2.599991,3.0,0.972559,19,63,15,2,0.02366643,0.02718816,0.37501171,0E-8,0.000000,0.925106,0.519608,-0.35625483,2026-05-31,2026-08-06,13,70,62,68,0.191177,0.240670,0.258640,0.078888,,,,,,,,GLOBAL_BASELINE_NO_ENTITY_RANKING,,,NOT_APPLICABLE_GLOBAL_BASELINE,HF9g-P5,,,,X 全窗基线 · 不参与实体赏罚,6872404,688,A168_HF9F_20260827_0900,2026-08-27 09:00:00
2026-05-31,105022163,2234,0,10.3857258584,-10.3857258584,-10.3857258584,0E-7,1,1,0.49324550000000000,0.493245500000,-0.9865810262130424,-0.9865810262130424,-0.9865810262130424,0E-17,ELIGIBLE,R03b_20260811_FULL_v1,L1_ELIGIBILITY,v2026-08-11,2026-03-21..2026-08-06,baccarat_bet02_101_all_pairs_incl_sentinel,round_win = game_pnl > 0 (decisive only),COMPATIBILITY_ONLY_NOT_PRODUCTION,6181.6506,5718.6840,168.0677,306,306,-0.02718816,-0.37501171,-0.01875688,-0.02718816,-168.0677,6181.6506,OK,0.0000,6.7227,4.0000,96.0000,AG03-UNRESOLVED,ALL5_LEVELS_bet23_to_bet27,6.7227,6.7227,6.7227,6.7227,6.7227,4.000000,4.000000,4.000000,4.000000,4.000000,96.000000,96.000000,96.000000,96.000000,96.000000,5.0,33.6135,31.0299,134.4542,137.0378,PENDING_AG03,FALSE,NOT_FOR_ENFORCEMENT,161.3450,5489.9367,168.0677,161.3450,6.7227,0.02718816,0.02610064,6.7227,161.3450,0.02610064,6.7227,6.7227,6.7227,6.7227,6.7227,161.3450,0.02610064,33.6135,31.0299,134.4542,137.0378,0.02175053,0.02216848,0.00108753,20.2015,18.6885,0.5492,12.9283,2.4010,475.5116,23.5385,5.2249,21.7099,8.3086,20.7715,20.7715,41.5429,54.0056,62.3144,12.4629,0.0,2.599991,3.0,0.972559,19,63,15,2,0.02366643,0.02718816,0.37501171,0E-8,0.000000,0.925106,0.519608,-0.35625483,2026-05-31,2026-08-06,13,70,62,68,0.191177,0.240670,0.258640,0.078888,,,,,,,,GLOBAL_BASELINE_NO_ENTITY_RANKING,,,NOT_APPLICABLE_GLOBAL_BASELINE,HF9g-P5,,,,X 全窗基线 · 不参与实体赏罚,6872405,688,A168_HF9F_20260827_0900,2026-08-27 09:00:00
2026-05-31,105022163,2251,0,116.3201296141,8.3085806867,8.3085806867,0.6000000,10,10,0.49592654000000000,0.495926540000,0.6582401999711516,0.6582401999711516,0.6582401999711516,0E-17,ELIGIBLE,R03b_20260811_FULL_v1,L1_ELIGIBILITY,v2026-08-11,2026-03-21..2026-08-06,baccarat_bet02_101_all_pairs_incl_sentinel,round_win = game_pnl > 0 (decisive only),COMPATIBILITY_ONLY_NOT_PRODUCTION,6181.6506,5718.6840,168.0677,306,306,-0.02718816,-0.37501171,-0.01875688,-0.02718816,-168.0677,6181.6506,OK,0.0000,6.7227,4.0000,96.0000,AG03-UNRESOLVED,ALL5_LEVELS_bet23_to_bet27,6.7227,6.7227,6.7227,6.7227,6.7227,4.000000,4.000000,4.000000,4.000000,4.000000,96.000000,96.000000,96.000000,96.000000,96.000000,5.0,33.6135,31.0299,134.4542,137.0378,PENDING_AG03,FALSE,NOT_FOR_ENFORCEMENT,161.3450,5489.9367,168.0677,161.3450,6.7227,0.02718816,0.02610064,6.7227,161.3450,0.02610064,6.7227,6.7227,6.7227,6.7227,6.7227,161.3450,0.02610064,33.6135,31.0299,134.4542,137.0378,0.02175053,0.02216848,0.00108753,20.2015,18.6885,0.5492,12.9283,2.4010,475.5116,23.5385,5.2249,21.7099,8.3086,20.7715,20.7715,41.5429,54.0056,62.3144,12.4629,0.0,2.599991,3.0,0.972559,19,63,15,2,0.02366643,0.02718816,0.37501171,0E-8,0.000000,0.925106,0.519608,-0.35625483,2026-05-31,2026-08-06,13,70,62,68,0.191177,0.240670,0.258640,0.078888,,,,,,,,GLOBAL_BASELINE_NO_ENTITY_RANKING,,,NOT_APPLICABLE_GLOBAL_BASELINE,HF9g-P5,,,,X 全窗基线 · 不参与实体赏罚,6872406,688,A168_HF9F_20260827_0900,2026-08-27 09:00:00
2026-05-31,105022163,595,0,51.9286292920,-10.3857258584,-10.3857258584,0.4000000,5,5,0.49592654000000000,0.495926540000,-0.42901076602576227,-0.42901076602576227,-0.42901076602576227,0E-17,ELIGIBLE,R03b_20260811_FULL_v1,L1_ELIGIBILITY,v2026-08-11,2026-03-21..2026-08-06,baccarat_bet02_101_all_pairs_incl_sentinel,round_win = game_pnl > 0 (decisive only),COMPATIBILITY_ONLY_NOT_PRODUCTION,6181.6506,5718.6840,168.0677,306,306,-0.02718816,-0.37501171,-0.01875688,-0.02718816,-168.0677,6181.6506,OK,0.0000,6.7227,4.0000,96.0000,AG03-UNRESOLVED,ALL5_LEVELS_bet23_to_bet27,6.7227,6.7227,6.7227,6.7227,6.7227,4.000000,4.000000,4.000000,4.000000,4.000000,96.000000,96.000000,96.000000,96.000000,96.000000,5.0,33.6135,31.0299,134.4542,137.0378,PENDING_AG03,FALSE,NOT_FOR_ENFORCEMENT,161.3450,5489.9367,168.0677,161.3450,6.7227,0.02718816,0.02610064,6.7227,161.3450,0.02610064,6.7227,6.7227,6.7227,6.7227,6.7227,161.3450,0.02610064,33.6135,31.0299,134.4542,137.0378,0.02175053,0.02216848,0.00108753,20.2015,18.6885,0.5492,12.9283,2.4010,475.5116,23.5385,5.2249,21.7099,8.3086,20.7715,20.7715,41.5429,54.0056,62.3144,12.4629,0.0,2.599991,3.0,0.972559,19,63,15,2,0.02366643,0.02718816,0.37501171,0E-8,0.000000,0.925106,0.519608,-0.35625483,2026-05-31,2026-08-06,13,70,62,68,0.191177,0.240670,0.258640,0.078888,,,,,,,,GLOBAL_BASELINE_NO_ENTITY_RANKING,,,NOT_APPLICABLE_GLOBAL_BASELINE,HF9g-P5,,,,X 全窗基线 · 不参与实体赏罚,6872407,688,A168_HF9F_20260827_0900,2026-08-27 09:00:00
2026-05-31,105022163,925,0,105.9344037556,-56.0829196354,-56.0829196354,0.1666667,6,6,0.49324550000000000,0.493245500000,-1.6000490105185914,-1.600049010518591,-1.6000490105185914,0E-17,ELIGIBLE,R03b_20260811_FULL_v1,L1_ELIGIBILITY,v2026-08-11,2026-03-21..2026-08-06,baccarat_bet02_101_all_pairs_incl_sentinel,round_win = game_pnl > 0 (decisive only),COMPATIBILITY_ONLY_NOT_PRODUCTION,6181.6506,5718.6840,168.0677,306,306,-0.02718816,-0.37501171,-0.01875688,-0.02718816,-168.0677,6181.6506,OK,0.0000,6.7227,4.0000,96.0000,AG03-UNRESOLVED,ALL5_LEVELS_bet23_to_bet27,6.7227,6.7227,6.7227,6.7227,6.7227,4.000000,4.000000,4.000000,4.000000,4.000000,96.000000,96.000000,96.000000,96.000000,96.000000,5.0,33.6135,31.0299,134.4542,137.0378,PENDING_AG03,FALSE,NOT_FOR_ENFORCEMENT,161.3450,5489.9367,168.0677,161.3450,6.7227,0.02718816,0.02610064,6.7227,161.3450,0.02610064,6.7227,6.7227,6.7227,6.7227,6.7227,161.3450,0.02610064,33.6135,31.0299,134.4542,137.0378,0.02175053,0.02216848,0.00108753,20.2015,18.6885,0.5492,12.9283,2.4010,475.5116,23.5385,5.2249,21.7099,8.3086,20.7715,20.7715,41.5429,54.0056,62.3144,12.4629,0.0,2.599991,3.0,0.972559,19,63,15,2,0.02366643,0.02718816,0.37501171,0E-8,0.000000,0.925106,0.519608,-0.35625483,2026-05-31,2026-08-06,13,70,62,68,0.191177,0.240670,0.258640,0.078888,,,,,,,,GLOBAL_BASELINE_NO_ENTITY_RANKING,,,NOT_APPLICABLE_GLOBAL_BASELINE,HF9g-P5,,,,X 全窗基线 · 不参与实体赏罚,6872408,688,A168_HF9F_20260827_0900,2026-08-27 09:00:00
2026-05-31,105022163,970,0,45.6971937769,-4.1542903433,-4.1542903433,0.5000000,6,6,0.49771390000000000,0.497713900000,0.011199674067230152,0.011199674067230152,0.011199674067230152,0E-17,ELIGIBLE,R03b_20260811_FULL_v1,L1_ELIGIBILITY,v2026-08-11,2026-03-21..2026-08-06,baccarat_bet02_101_all_pairs_incl_sentinel,round_win = game_pnl > 0 (decisive only),COMPATIBILITY_ONLY_NOT_PRODUCTION,6181.6506,5718.6840,168.0677,306,306,-0.02718816,-0.37501171,-0.01875688,-0.02718816,-168.0677,6181.6506,OK,0.0000,6.7227,4.0000,96.0000,AG03-UNRESOLVED,ALL5_LEVELS_bet23_to_bet27,6.7227,6.7227,6.7227,6.7227,6.7227,4.000000,4.000000,4.000000,4.000000,4.000000,96.000000,96.000000,96.000000,96.000000,96.000000,5.0,33.6135,31.0299,134.4542,137.0378,PENDING_AG03,FALSE,NOT_FOR_ENFORCEMENT,161.3450,5489.9367,168.0677,161.3450,6.7227,0.02718816,0.02610064,6.7227,161.3450,0.02610064,6.7227,6.7227,6.7227,6.7227,6.7227,161.3450,0.02610064,33.6135,31.0299,134.4542,137.0378,0.02175053,0.02216848,0.00108753,20.2015,18.6885,0.5492,12.9283,2.4010,475.5116,23.5385,5.2249,21.7099,8.3086,20.7715,20.7715,41.5429,54.0056,62.3144,12.4629,0.0,2.599991,3.0,0.972559,19,63,15,2,0.02366643,0.02718816,0.37501171,0E-8,0.000000,0.925106,0.519608,-0.35625483,2026-05-31,2026-08-06,13,70,62,68,0.191177,0.240670,0.258640,0.078888,,,,,,,,GLOBAL_BASELINE_NO_ENTITY_RANKING,,,NOT_APPLICABLE_GLOBAL_BASELINE,HF9g-P5,,,,X 全窗基线 · 不参与实体赏罚,6872409,688,A168_HF9F_20260827_0900,2026-08-27 09:00:00
2026-06-02,105022163,1151,0,2.4925742060,-2.4925742060,-2.4925742060,0E-7,1,1,0.50665070000000000,0.506650700000,-1.013391052207602,-1.013391052207602,-1.013391052207602,0E-17,ELIGIBLE,R03b_20260811_FULL_v1,L1_ELIGIBILITY,v2026-08-11,2026-03-21..2026-08-06,baccarat_bet02_101_all_pairs_incl_sentinel,round_win = game_pnl > 0 (decisive only),COMPATIBILITY_ONLY_NOT_PRODUCTION,6181.6506,5718.6840,168.0677,306,306,-0.02718816,-0.37501171,-0.01875688,-0.02718816,-168.0677,6181.6506,OK,0.0000,6.7227,4.0000,96.0000,AG03-UNRESOLVED,ALL5_LEVELS_bet23_to_bet27,6.7227,6.7227,6.7227,6.7227,6.7227,4.000000,4.000000,4.000000,4.000000,4.000000,96.000000,96.000000,96.000000,96.000000,96.000000,5.0,33.6135,31.0299,134.4542,137.0378,PENDING_AG03,FALSE,NOT_FOR_ENFORCEMENT,161.3450,5489.9367,168.0677,161.3450,6.7227,0.02718816,0.02610064,6.7227,161.3450,0.02610064,6.7227,6.7227,6.7227,6.7227,6.7227,161.3450,0.02610064,33.6135,31.0299,134.4542,137.0378,0.02175053,0.02216848,0.00108753,20.2015,18.6885,0.5492,12.9283,2.4010,475.5116,23.5385,5.2249,21.7099,8.3086,20.7715,20.7715,41.5429,54.0056,62.3144,12.4629,0.0,2.599991,3.0,0.972559,19,63,15,2,0.02366643,0.02718816,0.37501171,0E-8,0.000000,0.925106,0.519608,-0.35625483,2026-05-31,2026-08-06,13,70,62,68,0.191177,0.240670,0.258640,0.078888,,,,,,,,GLOBAL_BASELINE_NO_ENTITY_RANKING,,,NOT_APPLICABLE_GLOBAL_BASELINE,HF9g-P5,,,,X 全窗基线 · 不参与实体赏罚,6872410,688,A168_HF9F_20260827_0900,2026-08-27 09:00:00
2026-06-02,105022163,2101,0,2.0771451717,-2.0771451717,-2.0771451717,0E-7,1,1,0.50665070000000000,0.506650700000,-1.013391052207602,-1.013391052207602,-1.013391052207602,0E-17,ELIGIBLE,R03b_20260811_FULL_v1,L1_ELIGIBILITY,v2026-08-11,2026-03-21..2026-08-06,baccarat_bet02_101_all_pairs_incl_sentinel,round_win = game_pnl > 0 (decisive only),COMPATIBILITY_ONLY_NOT_PRODUCTION,6181.6506,5718.6840,168.0677,306,306,-0.02718816,-0.37501171,-0.01875688,-0.02718816,-168.0677,6181.6506,OK,0.0000,6.7227,4.0000,96.0000,AG03-UNRESOLVED,ALL5_LEVELS_bet23_to_bet27,6.7227,6.7227,6.7227,6.7227,6.7227,4.000000,4.000000,4.000000,4.000000,4.000000,96.000000,96.000000,96.000000,96.000000,96.000000,5.0,33.6135,31.0299,134.4542,137.0378,PENDING_AG03,FALSE,NOT_FOR_ENFORCEMENT,161.3450,5489.9367,168.0677,161.3450,6.7227,0.02718816,0.02610064,6.7227,161.3450,0.02610064,6.7227,6.7227,6.7227,6.7227,6.7227,161.3450,0.02610064,33.6135,31.0299,134.4542,137.0378,0.02175053,0.02216848,0.00108753,20.2015,18.6885,0.5492,12.9283,2.4010,475.5116,23.5385,5.2249,21.7099,8.3086,20.7715,20.7715,41.5429,54.0056,62.3144,12.4629,0.0,2.599991,3.0,0.972559,19,63,15,2,0.02366643,0.02718816,0.37501171,0E-8,0.000000,0.925106,0.519608,-0.35625483,2026-05-31,2026-08-06,13,70,62,68,0.191177,0.240670,0.258640,0.078888,,,,,,,,GLOBAL_BASELINE_NO_ENTITY_RANKING,,,NOT_APPLICABLE_GLOBAL_BASELINE,HF9g-P5,,,,X 全窗基线 · 不参与实体赏罚,6872411,688,A168_HF9F_20260827_0900,2026-08-27 09:00:00
2026-06-03,105022163,1307,0,103.8572585838,103.8572585838,103.8572585838,1.0000000,3,3,0.49324550000000000,0.493245500000,1.755609282511032,1.7556092825110319,1.755609282511032,0E-17,ELIGIBLE,R03b_20260811_FULL_v1,L1_ELIGIBILITY,v2026-08-11,2026-03-21..2026-08-06,baccarat_bet02_101_all_pairs_incl_sentinel,round_win = game_pnl > 0 (decisive only),COMPATIBILITY_ONLY_NOT_PRODUCTION,6181.6506,5718.6840,168.0677,306,306,-0.02718816,-0.37501171,-0.01875688,-0.02718816,-168.0677,6181.6506,OK,0.0000,6.7227,4.0000,96.0000,AG03-UNRESOLVED,ALL5_LEVELS_bet23_to_bet27,6.7227,6.7227,6.7227,6.7227,6.7227,4.000000,4.000000,4.000000,4.000000,4.000000,96.000000,96.000000,96.000000,96.000000,96.000000,5.0,33.6135,31.0299,134.4542,137.0378,PENDING_AG03,FALSE,NOT_FOR_ENFORCEMENT,161.3450,5489.9367,168.0677,161.3450,6.7227,0.02718816,0.02610064,6.7227,161.3450,0.02610064,6.7227,6.7227,6.7227,6.7227,6.7227,161.3450,0.02610064,33.6135,31.0299,134.4542,137.0378,0.02175053,0.02216848,0.00108753,20.2015,18.6885,0.5492,12.9283,2.4010,475.5116,23.5385,5.2249,21.7099,8.3086,20.7715,20.7715,41.5429,54.0056,62.3144,12.4629,0.0,2.599991,3.0,0.972559,19,63,15,2,0.02366643,0.02718816,0.37501171,0E-8,0.000000,0.925106,0.519608,-0.35625483,2026-05-31,2026-08-06,13,70,62,68,0.191177,0.240670,0.258640,0.078888,,,,,,,,GLOBAL_BASELINE_NO_ENTITY_RANKING,,,NOT_APPLICABLE_GLOBAL_BASELINE,HF9g-P5,,,,X 全窗基线 · 不参与实体赏罚,6872412,688,A168_HF9F_20260827_0900,2026-08-27 09:00:00
2026-06-03,105022163,1318,0,124.6287103005,83.0858068670,83.0858068670,1.0000000,3,3,0.49324550000000000,0.493245500000,1.4334489766152358,1.4334489766152358,1.4334489766152358,0E-17,ELIGIBLE,R03b_20260811_FULL_v1,L1_ELIGIBILITY,v2026-08-11,2026-03-21..2026-08-06,baccarat_bet02_101_all_pairs_incl_sentinel,round_win = game_pnl > 0 (decisive only),COMPATIBILITY_ONLY_NOT_PRODUCTION,6181.6506,5718.6840,168.0677,306,306,-0.02718816,-0.37501171,-0.01875688,-0.02718816,-168.0677,6181.6506,OK,0.0000,6.7227,4.0000,96.0000,AG03-UNRESOLVED,ALL5_LEVELS_bet23_to_bet27,6.7227,6.7227,6.7227,6.7227,6.7227,4.000000,4.000000,4.000000,4.000000,4.000000,96.000000,96.000000,96.000000,96.000000,96.000000,5.0,33.6135,31.0299,134.4542,137.0378,PENDING_AG03,FALSE,NOT_FOR_ENFORCEMENT,161.3450,5489.9367,168.0677,161.3450,6.7227,0.02718816,0.02610064,6.7227,161.3450,0.02610064,6.7227,6.7227,6.7227,6.7227,6.7227,161.3450,0.02610064,33.6135,31.0299,134.4542,137.0378,0.02175053,0.02216848,0.00108753,20.2015,18.6885,0.5492,12.9283,2.4010,475.5116,23.5385,5.2249,21.7099,8.3086,20.7715,20.7715,41.5429,54.0056,62.3144,12.4629,0.0,2.599991,3.0,0.972559,19,63,15,2,0.02366643,0.02718816,0.37501171,0E-8,0.000000,0.925106,0.519608,-0.35625483,2026-05-31,2026-08-06,13,70,62,68,0.191177,0.240670,0.258640,0.078888,,,,,,,,GLOBAL_BASELINE_NO_ENTITY_RANKING,,,NOT_APPLICABLE_GLOBAL_BASELINE,HF9g-P5,,,,X 全窗基线 · 不参与实体赏罚,6872413,688,A168_HF9F_20260827_0900,2026-08-27 09:00:00
2026-06-03,105022163,1325,0,145.4001620175,-41.5429034335,-41.5429034335,0.4000000,6,6,0.49324550000000000,0.493245500000,-0.4170446088060018,-0.4170446088060018,-0.4170446088060018,0E-17,ELIGIBLE,R03b_20260811_FULL_v1,L1_ELIGIBILITY,v2026-08-11,2026-03-21..2026-08-06,baccarat_bet02_101_all_pairs_incl_sentinel,round_win = game_pnl > 0 (decisive only),COMPATIBILITY_ONLY_NOT_PRODUCTION,6181.6506,5718.6840,168.0677,306,306,-0.02718816,-0.37501171,-0.01875688,-0.02718816,-168.0677,6181.6506,OK,0.0000,6.7227,4.0000,96.0000,AG03-UNRESOLVED,ALL5_LEVELS_bet23_to_bet27,6.7227,6.7227,6.7227,6.7227,6.7227,4.000000,4.000000,4.000000,4.000000,4.000000,96.000000,96.000000,96.000000,96.000000,96.000000,5.0,33.6135,31.0299,134.4542,137.0378,PENDING_AG03,FALSE,NOT_FOR_ENFORCEMENT,161.3450,5489.9367,168.0677,161.3450,6.7227,0.02718816,0.02610064,6.7227,161.3450,0.02610064,6.7227,6.7227,6.7227,6.7227,6.7227,161.3450,0.02610064,33.6135,31.0299,134.4542,137.0378,0.02175053,0.02216848,0.00108753,20.2015,18.6885,0.5492,12.9283,2.4010,475.5116,23.5385,5.2249,21.7099,8.3086,20.7715,20.7715,41.5429,54.0056,62.3144,12.4629,0.0,2.599991,3.0,0.972559,19,63,15,2,0.02366643,0.02718816,0.37501171,0E-8,0.000000,0.925106,0.519608,-0.35625483,2026-05-31,2026-08-06,13,70,62,68,0.191177,0.240670,0.258640,0.078888,,,,,,,,GLOBAL_BASELINE_NO_ENTITY_RANKING,,,NOT_APPLICABLE_GLOBAL_BASELINE,HF9g-P5,,,,X 全窗基线 · 不参与实体赏罚,6872414,688,A168_HF9F_20260827_0900,2026-08-27 09:00:00
2026-06-03,105022163,1331,0,62.3143551504,0E-10,0E-10,0.5000000,3,3,0.49771390000000000,0.497713900000,0.006466134837551399,0.0064661348375514,0.006466134837551399,0E-17,ELIGIBLE,R03b_20260811_FULL_v1,L1_ELIGIBILITY,v2026-08-11,2026-03-21..2026-08-06,baccarat_bet02_101_all_pairs_incl_sentinel,round_win = game_pnl > 0 (decisive only),COMPATIBILITY_ONLY_NOT_PRODUCTION,6181.6506,5718.6840,168.0677,306,306,-0.02718816,-0.37501171,-0.01875688,-0.02718816,-168.0677,6181.6506,OK,0.0000,6.7227,4.0000,96.0000,AG03-UNRESOLVED,ALL5_LEVELS_bet23_to_bet27,6.7227,6.7227,6.7227,6.7227,6.7227,4.000000,4.000000,4.000000,4.000000,4.000000,96.000000,96.000000,96.000000,96.000000,96.000000,5.0,33.6135,31.0299,134.4542,137.0378,PENDING_AG03,FALSE,NOT_FOR_ENFORCEMENT,161.3450,5489.9367,168.0677,161.3450,6.7227,0.02718816,0.02610064,6.7227,161.3450,0.02610064,6.7227,6.7227,6.7227,6.7227,6.7227,161.3450,0.02610064,33.6135,31.0299,134.4542,137.0378,0.02175053,0.02216848,0.00108753,20.2015,18.6885,0.5492,12.9283,2.4010,475.5116,23.5385,5.2249,21.7099,8.3086,20.7715,20.7715,41.5429,54.0056,62.3144,12.4629,0.0,2.599991,3.0,0.972559,19,63,15,2,0.02366643,0.02718816,0.37501171,0E-8,0.000000,0.925106,0.519608,-0.35625483,2026-05-31,2026-08-06,13,70,62,68,0.191177,0.240670,0.258640,0.078888,,,,,,,,GLOBAL_BASELINE_NO_ENTITY_RANKING,,,NOT_APPLICABLE_GLOBAL_BASELINE,HF9g-P5,,,,X 全窗基线 · 不参与实体赏罚,6872415,688,A168_HF9F_20260827_0900,2026-08-27 09:00:00
2026-06-03,105022163,2196,0,20.7714517168,-20.7714517168,-20.7714517168,0E-7,1,1,0.50665070000000000,0.506650700000,-1.013391052207602,-1.013391052207602,-1.013391052207602,0E-17,ELIGIBLE,R03b_20260811_FULL_v1,L1_ELIGIBILITY,v2026-08-11,2026-03-21..2026-08-06,baccarat_bet02_101_all_pairs_incl_sentinel,round_win = game_pnl > 0 (decisive only),COMPATIBILITY_ONLY_NOT_PRODUCTION,6181.6506,5718.6840,168.0677,306,306,-0.02718816,-0.37501171,-0.01875688,-0.02718816,-168.0677,6181.6506,OK,0.0000,6.7227,4.0000,96.0000,AG03-UNRESOLVED,ALL5_LEVELS_bet23_to_bet27,6.7227,6.7227,6.7227,6.7227,6.7227,4.000000,4.000000,4.000000,4.000000,4.000000,96.000000,96.000000,96.000000,96.000000,96.000000,5.0,33.6135,31.0299,134.4542,137.0378,PENDING_AG03,FALSE,NOT_FOR_ENFORCEMENT,161.3450,5489.9367,168.0677,161.3450,6.7227,0.02718816,0.02610064,6.7227,161.3450,0.02610064,6.7227,6.7227,6.7227,6.7227,6.7227,161.3450,0.02610064,33.6135,31.0299,134.4542,137.0378,0.02175053,0.02216848,0.00108753,20.2015,18.6885,0.5492,12.9283,2.4010,475.5116,23.5385,5.2249,21.7099,8.3086,20.7715,20.7715,41.5429,54.0056,62.3144,12.4629,0.0,2.599991,3.0,0.972559,19,63,15,2,0.02366643,0.02718816,0.37501171,0E-8,0.000000,0.925106,0.519608,-0.35625483,2026-05-31,2026-08-06,13,70,62,68,0.191177,0.240670,0.258640,0.078888,,,,,,,,GLOBAL_BASELINE_NO_ENTITY_RANKING,,,NOT_APPLICABLE_GLOBAL_BASELINE,HF9g-P5,,,,X 全窗基线 · 不参与实体赏罚,6872416,688,A168_HF9F_20260827_0900,2026-08-27 09:00:00
2026-06-04,105022163,1325,0,110.0886940990,32.1957501609,32.1957501609,0.7500000,5,5,0.50665070000000000,0.506650700000,0.9734833216690844,0.9734833216690844,0.9734833216690844,0E-17,ELIGIBLE,R03b_20260811_FULL_v1,L1_ELIGIBILITY,v2026-08-11,2026-03-21..2026-08-06,baccarat_bet02_101_all_pairs_incl_sentinel,round_win = game_pnl > 0 (decisive only),COMPATIBILITY_ONLY_NOT_PRODUCTION,6181.6506,5718.6840,168.0677,306,306,-0.02718816,-0.37501171,-0.01875688,-0.02718816,-168.0677,6181.6506,OK,0.0000,6.7227,4.0000,96.0000,AG03-UNRESOLVED,ALL5_LEVELS_bet23_to_bet27,6.7227,6.7227,6.7227,6.7227,6.7227,4.000000,4.000000,4.000000,4.000000,4.000000,96.000000,96.000000,96.000000,96.000000,96.000000,5.0,33.6135,31.0299,134.4542,137.0378,PENDING_AG03,FALSE,NOT_FOR_ENFORCEMENT,161.3450,5489.9367,168.0677,161.3450,6.7227,0.02718816,0.02610064,6.7227,161.3450,0.02610064,6.7227,6.7227,6.7227,6.7227,6.7227,161.3450,0.02610064,33.6135,31.0299,134.4542,137.0378,0.02175053,0.02216848,0.00108753,20.2015,18.6885,0.5492,12.9283,2.4010,475.5116,23.5385,5.2249,21.7099,8.3086,20.7715,20.7715,41.5429,54.0056,62.3144,12.4629,0.0,2.599991,3.0,0.972559,19,63,15,2,0.02366643,0.02718816,0.37501171,0E-8,0.000000,0.925106,0.519608,-0.35625483,2026-05-31,2026-08-06,13,70,62,68,0.191177,0.240670,0.258640,0.078888,,,,,,,,GLOBAL_BASELINE_NO_ENTITY_RANKING,,,NOT_APPLICABLE_GLOBAL_BASELINE,HF9g-P5,,,,X 全窗基线 · 不参与实体赏罚,6872417,688,A168_HF9F_20260827_0900,2026-08-27 09:00:00
2026-06-04,105022163,2142,0,20.7714517168,19.7328791309,19.7328791309,1.0000000,1,1,0.50665070000000000,0.506650700000,0.9867858985152569,0.9867858985152569,0.9867858985152569,0E-17,ELIGIBLE,R03b_20260811_FULL_v1,L1_ELIGIBILITY,v2026-08-11,2026-03-21..2026-08-06,baccarat_bet02_101_all_pairs_incl_sentinel,round_win = game_pnl > 0 (decisive only),COMPATIBILITY_ONLY_NOT_PRODUCTION,6181.6506,5718.6840,168.0677,306,306,-0.02718816,-0.37501171,-0.01875688,-0.02718816,-168.0677,6181.6506,OK,0.0000,6.7227,4.0000,96.0000,AG03-UNRESOLVED,ALL5_LEVELS_bet23_to_bet27,6.7227,6.7227,6.7227,6.7227,6.7227,4.000000,4.000000,4.000000,4.000000,4.000000,96.000000,96.000000,96.000000,96.000000,96.000000,5.0,33.6135,31.0299,134.4542,137.0378,PENDING_AG03,FALSE,NOT_FOR_ENFORCEMENT,161.3450,5489.9367,168.0677,161.3450,6.7227,0.02718816,0.02610064,6.7227,161.3450,0.02610064,6.7227,6.7227,6.7227,6.7227,6.7227,161.3450,0.02610064,33.6135,31.0299,134.4542,137.0378,0.02175053,0.02216848,0.00108753,20.2015,18.6885,0.5492,12.9283,2.4010,475.5116,23.5385,5.2249,21.7099,8.3086,20.7715,20.7715,41.5429,54.0056,62.3144,12.4629,0.0,2.599991,3.0,0.972559,19,63,15,2,0.02366643,0.02718816,0.37501171,0E-8,0.000000,0.925106,0.519608,-0.35625483,2026-05-31,2026-08-06,13,70,62,68,0.191177,0.240670,0.258640,0.078888,,,,,,,,GLOBAL_BASELINE_NO_ENTITY_RANKING,,,NOT_APPLICABLE_GLOBAL_BASELINE,HF9g-P5,,,,X 全窗基线 · 不参与实体赏罚,6872418,688,A168_HF9F_20260827_0900,2026-08-27 09:00:00
2026-06-04,105022163,2169,0,145.4001620175,68.0265043724,68.0265043724,0.7500000,8,8,0.50665070000000000,0.506650700000,1.3767133162484293,1.3767133162484293,1.3767133162484293,0E-17,ELIGIBLE,R03b_20260811_FULL_v1,L1_ELIGIBILITY,v2026-08-11,2026-03-21..2026-08-06,baccarat_bet02_101_all_pairs_incl_sentinel,round_win = game_pnl > 0 (decisive only),COMPATIBILITY_ONLY_NOT_PRODUCTION,6181.6506,5718.6840,168.0677,306,306,-0.02718816,-0.37501171,-0.01875688,-0.02718816,-168.0677,6181.6506,OK,0.0000,6.7227,4.0000,96.0000,AG03-UNRESOLVED,ALL5_LEVELS_bet23_to_bet27,6.7227,6.7227,6.7227,6.7227,6.7227,4.000000,4.000000,4.000000,4.000000,4.000000,96.000000,96.000000,96.000000,96.000000,96.000000,5.0,33.6135,31.0299,134.4542,137.0378,PENDING_AG03,FALSE,NOT_FOR_ENFORCEMENT,161.3450,5489.9367,168.0677,161.3450,6.7227,0.02718816,0.02610064,6.7227,161.3450,0.02610064,6.7227,6.7227,6.7227,6.7227,6.7227,161.3450,0.02610064,33.6135,31.0299,134.4542,137.0378,0.02175053,0.02216848,0.00108753,20.2015,18.6885,0.5492,12.9283,2.4010,475.5116,23.5385,5.2249,21.7099,8.3086,20.7715,20.7715,41.5429,54.0056,62.3144,12.4629,0.0,2.599991,3.0,0.972559,19,63,15,2,0.02366643,0.02718816,0.37501171,0E-8,0.000000,0.925106,0.519608,-0.35625483,2026-05-31,2026-08-06,13,70,62,68,0.191177,0.240670,0.258640,0.078888,,,,,,,,GLOBAL_BASELINE_NO_ENTITY_RANKING,,,NOT_APPLICABLE_GLOBAL_BASELINE,HF9g-P5,,,,X 全窗基线 · 不参与实体赏罚,6872419,688,A168_HF9F_20260827_0900,2026-08-27 09:00:00
2026-06-04,105022163,2171,0,29.0800324035,1.5578588788,1.5578588788,0.5000000,3,3,0.50665070000000000,0.506650700000,-0.018812684590367487,-0.018812684590367487,-0.018812684590367487,0E-17,ELIGIBLE,R03b_20260811_FULL_v1,L1_ELIGIBILITY,v2026-08-11,2026-03-21..2026-08-06,baccarat_bet02_101_all_pairs_incl_sentinel,round_win = game_pnl > 0 (decisive only),COMPATIBILITY_ONLY_NOT_PRODUCTION,6181.6506,5718.6840,168.0677,306,306,-0.02718816,-0.37501171,-0.01875688,-0.02718816,-168.0677,6181.6506,OK,0.0000,6.7227,4.0000,96.0000,AG03-UNRESOLVED,ALL5_LEVELS_bet23_to_bet27,6.7227,6.7227,6.7227,6.7227,6.7227,4.000000,4.000000,4.000000,4.000000,4.000000,96.000000,96.000000,96.000000,96.000000,96.000000,5.0,33.6135,31.0299,134.4542,137.0378,PENDING_AG03,FALSE,NOT_FOR_ENFORCEMENT,161.3450,5489.9367,168.0677,161.3450,6.7227,0.02718816,0.02610064,6.7227,161.3450,0.02610064,6.7227,6.7227,6.7227,6.7227,6.7227,161.3450,0.02610064,33.6135,31.0299,134.4542,137.0378,0.02175053,0.02216848,0.00108753,20.2015,18.6885,0.5492,12.9283,2.4010,475.5116,23.5385,5.2249,21.7099,8.3086,20.7715,20.7715,41.5429,54.0056,62.3144,12.4629,0.0,2.599991,3.0,0.972559,19,63,15,2,0.02366643,0.02718816,0.37501171,0E-8,0.000000,0.925106,0.519608,-0.35625483,2026-05-31,2026-08-06,13,70,62,68,0.191177,0.240670,0.258640,0.078888,,,,,,,,GLOBAL_BASELINE_NO_ENTITY_RANKING,,,NOT_APPLICABLE_GLOBAL_BASELINE,HF9g-P5,,,,X 全窗基线 · 不参与实体赏罚,6872420,688,A168_HF9F_20260827_0900,2026-08-27 09:00:00
2026-06-06,105022163,-1,1,207.7145171675,93.4715327253,93.4715327253,0.7142857,7,7,0.50090561428571429,0.500905614286,1.129103210700875,1.1291032106993646,1.129103210700875,-2.8571E-13,SENTINEL_DEALER,R03b_20260811_FULL_v1,L1_ELIGIBILITY,v2026-08-11,2026-03-21..2026-08-06,baccarat_bet02_101_all_pairs_incl_sentinel,round_win = game_pnl > 0 (decisive only),COMPATIBILITY_ONLY_NOT_PRODUCTION,6181.6506,5718.6840,168.0677,306,306,-0.02718816,-0.37501171,-0.01875688,-0.02718816,-168.0677,6181.6506,OK,0.0000,6.7227,4.0000,96.0000,AG03-UNRESOLVED,ALL5_LEVELS_bet23_to_bet27,6.7227,6.7227,6.7227,6.7227,6.7227,4.000000,4.000000,4.000000,4.000000,4.000000,96.000000,96.000000,96.000000,96.000000,96.000000,5.0,33.6135,31.0299,134.4542,137.0378,PENDING_AG03,FALSE,NOT_FOR_ENFORCEMENT,161.3450,5489.9367,168.0677,161.3450,6.7227,0.02718816,0.02610064,6.7227,161.3450,0.02610064,6.7227,6.7227,6.7227,6.7227,6.7227,161.3450,0.02610064,33.6135,31.0299,134.4542,137.0378,0.02175053,0.02216848,0.00108753,20.2015,18.6885,0.5492,12.9283,2.4010,475.5116,23.5385,5.2249,21.7099,8.3086,20.7715,20.7715,41.5429,54.0056,62.3144,12.4629,0.0,2.599991,3.0,0.972559,19,63,15,2,0.02366643,0.02718816,0.37501171,0E-8,0.000000,0.925106,0.519608,-0.35625483,2026-05-31,2026-08-06,13,70,62,68,0.191177,0.240670,0.258640,0.078888,,,,,,,,GLOBAL_BASELINE_NO_ENTITY_RANKING,,,NOT_APPLICABLE_GLOBAL_BASELINE,HF9g-P5,,,,X 全窗基线 · 不参与实体赏罚,6872421,688,A168_HF9F_20260827_0900,2026-08-27 09:00:00
2026-06-06,105022163,1702,0,41.5429034335,-41.5429034335,-41.5429034335,0E-7,1,1,0.49324550000000000,0.493245500000,-0.9865810262130424,-0.9865810262130424,-0.9865810262130424,0E-17,ELIGIBLE,R03b_20260811_FULL_v1,L1_ELIGIBILITY,v2026-08-11,2026-03-21..2026-08-06,baccarat_bet02_101_all_pairs_incl_sentinel,round_win = game_pnl > 0 (decisive only),COMPATIBILITY_ONLY_NOT_PRODUCTION,6181.6506,5718.6840,168.0677,306,306,-0.02718816,-0.37501171,-0.01875688,-0.02718816,-168.0677,6181.6506,OK,0.0000,6.7227,4.0000,96.0000,AG03-UNRESOLVED,ALL5_LEVELS_bet23_to_bet27,6.7227,6.7227,6.7227,6.7227,6.7227,4.000000,4.000000,4.000000,4.000000,4.000000,96.000000,96.000000,96.000000,96.000000,96.000000,5.0,33.6135,31.0299,134.4542,137.0378,PENDING_AG03,FALSE,NOT_FOR_ENFORCEMENT,161.3450,5489.9367,168.0677,161.3450,6.7227,0.02718816,0.02610064,6.7227,161.3450,0.02610064,6.7227,6.7227,6.7227,6.7227,6.7227,161.3450,0.02610064,33.6135,31.0299,134.4542,137.0378,0.02175053,0.02216848,0.00108753,20.2015,18.6885,0.5492,12.9283,2.4010,475.5116,23.5385,5.2249,21.7099,8.3086,20.7715,20.7715,41.5429,54.0056,62.3144,12.4629,0.0,2.599991,3.0,0.972559,19,63,15,2,0.02366643,0.02718816,0.37501171,0E-8,0.000000,0.925106,0.519608,-0.35625483,2026-05-31,2026-08-06,13,70,62,68,0.191177,0.240670,0.258640,0.078888,,,,,,,,GLOBAL_BASELINE_NO_ENTITY_RANKING,,,NOT_APPLICABLE_GLOBAL_BASELINE,HF9g-P5,,,,X 全窗基线 · 不参与实体赏罚,6872422,688,A168_HF9F_20260827_0900,2026-08-27 09:00:00
2026-06-06,105022163,1750,0,41.5429034336,-41.5429034336,-41.5429034336,0E-7,2,2,0.49994810000000000,0.499948100000,-1.4140667746232096,-1.4140667746232096,-1.4140667746232096,0E-17,ELIGIBLE,R03b_20260811_FULL_v1,L1_ELIGIBILITY,v2026-08-11,2026-03-21..2026-08-06,baccarat_bet02_101_all_pairs_incl_sentinel,round_win = game_pnl > 0 (decisive only),COMPATIBILITY_ONLY_NOT_PRODUCTION,6181.6506,5718.6840,168.0677,306,306,-0.02718816,-0.37501171,-0.01875688,-0.02718816,-168.0677,6181.6506,OK,0.0000,6.7227,4.0000,96.0000,AG03-UNRESOLVED,ALL5_LEVELS_bet23_to_bet27,6.7227,6.7227,6.7227,6.7227,6.7227,4.000000,4.000000,4.000000,4.000000,4.000000,96.000000,96.000000,96.000000,96.000000,96.000000,5.0,33.6135,31.0299,134.4542,137.0378,PENDING_AG03,FALSE,NOT_FOR_ENFORCEMENT,161.3450,5489.9367,168.0677,161.3450,6.7227,0.02718816,0.02610064,6.7227,161.3450,0.02610064,6.7227,6.7227,6.7227,6.7227,6.7227,161.3450,0.02610064,33.6135,31.0299,134.4542,137.0378,0.02175053,0.02216848,0.00108753,20.2015,18.6885,0.5492,12.9283,2.4010,475.5116,23.5385,5.2249,21.7099,8.3086,20.7715,20.7715,41.5429,54.0056,62.3144,12.4629,0.0,2.599991,3.0,0.972559,19,63,15,2,0.02366643,0.02718816,0.37501171,0E-8,0.000000,0.925106,0.519608,-0.35625483,2026-05-31,2026-08-06,13,70,62,68,0.191177,0.240670,0.258640,0.078888,,,,,,,,GLOBAL_BASELINE_NO_ENTITY_RANKING,,,NOT_APPLICABLE_GLOBAL_BASELINE,HF9g-P5,,,,X 全窗基线 · 不参与实体赏罚,6872423,688,A168_HF9F_20260827_0900,2026-08-27 09:00:00
2026-06-06,105022163,2127,0,145.4001620175,-41.5429034335,-41.5429034335,0.3333333,7,7,0.49324550000000000,0.493245500000,-0.783477916903833,-0.7834779169038328,-0.783477916903833,0E-17,ELIGIBLE,R03b_20260811_FULL_v1,L1_ELIGIBILITY,v2026-08-11,2026-03-21..2026-08-06,baccarat_bet02_101_all_pairs_incl_sentinel,round_win = game_pnl > 0 (decisive only),COMPATIBILITY_ONLY_NOT_PRODUCTION,6181.6506,5718.6840,168.0677,306,306,-0.02718816,-0.37501171,-0.01875688,-0.02718816,-168.0677,6181.6506,OK,0.0000,6.7227,4.0000,96.0000,AG03-UNRESOLVED,ALL5_LEVELS_bet23_to_bet27,6.7227,6.7227,6.7227,6.7227,6.7227,4.000000,4.000000,4.000000,4.000000,4.000000,96.000000,96.000000,96.000000,96.000000,96.000000,5.0,33.6135,31.0299,134.4542,137.0378,PENDING_AG03,FALSE,NOT_FOR_ENFORCEMENT,161.3450,5489.9367,168.0677,161.3450,6.7227,0.02718816,0.02610064,6.7227,161.3450,0.02610064,6.7227,6.7227,6.7227,6.7227,6.7227,161.3450,0.02610064,33.6135,31.0299,134.4542,137.0378,0.02175053,0.02216848,0.00108753,20.2015,18.6885,0.5492,12.9283,2.4010,475.5116,23.5385,5.2249,21.7099,8.3086,20.7715,20.7715,41.5429,54.0056,62.3144,12.4629,0.0,2.599991,3.0,0.972559,19,63,15,2,0.02366643,0.02718816,0.37501171,0E-8,0.000000,0.925106,0.519608,-0.35625483,2026-05-31,2026-08-06,13,70,62,68,0.191177,0.240670,0.258640,0.078888,,,,,,,,GLOBAL_BASELINE_NO_ENTITY_RANKING,,,NOT_APPLICABLE_GLOBAL_BASELINE,HF9g-P5,,,,X 全窗基线 · 不参与实体赏罚,6872424,688,A168_HF9F_20260827_0900,2026-08-27 09:00:00
2026-06-06,105022163,2153,0,290.8003240349,176.5573395925,176.5573395925,0.8000000,11,11,0.50665070000000000,0.506650700000,1.855468024713057,1.855468024713057,1.855468024713057,0E-17,ELIGIBLE,R03b_20260811_FULL_v1,L1_ELIGIBILITY,v2026-08-11,2026-03-21..2026-08-06,baccarat_bet02_101_all_pairs_incl_sentinel,round_win = game_pnl > 0 (decisive only),COMPATIBILITY_ONLY_NOT_PRODUCTION,6181.6506,5718.6840,168.0677,306,306,-0.02718816,-0.37501171,-0.01875688,-0.02718816,-168.0677,6181.6506,OK,0.0000,6.7227,4.0000,96.0000,AG03-UNRESOLVED,ALL5_LEVELS_bet23_to_bet27,6.7227,6.7227,6.7227,6.7227,6.7227,4.000000,4.000000,4.000000,4.000000,4.000000,96.000000,96.000000,96.000000,96.000000,96.000000,5.0,33.6135,31.0299,134.4542,137.0378,PENDING_AG03,FALSE,NOT_FOR_ENFORCEMENT,161.3450,5489.9367,168.0677,161.3450,6.7227,0.02718816,0.02610064,6.7227,161.3450,0.02610064,6.7227,6.7227,6.7227,6.7227,6.7227,161.3450,0.02610064,33.6135,31.0299,134.4542,137.0378,0.02175053,0.02216848,0.00108753,20.2015,18.6885,0.5492,12.9283,2.4010,475.5116,23.5385,5.2249,21.7099,8.3086,20.7715,20.7715,41.5429,54.0056,62.3144,12.4629,0.0,2.599991,3.0,0.972559,19,63,15,2,0.02366643,0.02718816,0.37501171,0E-8,0.000000,0.925106,0.519608,-0.35625483,2026-05-31,2026-08-06,13,70,62,68,0.191177,0.240670,0.258640,0.078888,,,,,,,,GLOBAL_BASELINE_NO_ENTITY_RANKING,,,NOT_APPLICABLE_GLOBAL_BASELINE,HF9g-P5,,,,X 全窗基线 · 不参与实体赏罚,6872425,688,A168_HF9F_20260827_0900,2026-08-27 09:00:00
2026-06-06,105022163,2233,0,103.8572585840,20.7714517168,20.7714517168,0.6000000,5,5,0.50665070000000000,0.506650700000,0.4175076967804994,0.4175076967804994,0.4175076967804994,0E-17,ELIGIBLE,R03b_20260811_FULL_v1,L1_ELIGIBILITY,v2026-08-11,2026-03-21..2026-08-06,baccarat_bet02_101_all_pairs_incl_sentinel,round_win = game_pnl > 0 (decisive only),COMPATIBILITY_ONLY_NOT_PRODUCTION,6181.6506,5718.6840,168.0677,306,306,-0.02718816,-0.37501171,-0.01875688,-0.02718816,-168.0677,6181.6506,OK,0.0000,6.7227,4.0000,96.0000,AG03-UNRESOLVED,ALL5_LEVELS_bet23_to_bet27,6.7227,6.7227,6.7227,6.7227,6.7227,4.000000,4.000000,4.000000,4.000000,4.000000,96.000000,96.000000,96.000000,96.000000,96.000000,5.0,33.6135,31.0299,134.4542,137.0378,PENDING_AG03,FALSE,NOT_FOR_ENFORCEMENT,161.3450,5489.9367,168.0677,161.3450,6.7227,0.02718816,0.02610064,6.7227,161.3450,0.02610064,6.7227,6.7227,6.7227,6.7227,6.7227,161.3450,0.02610064,33.6135,31.0299,134.4542,137.0378,0.02175053,0.02216848,0.00108753,20.2015,18.6885,0.5492,12.9283,2.4010,475.5116,23.5385,5.2249,21.7099,8.3086,20.7715,20.7715,41.5429,54.0056,62.3144,12.4629,0.0,2.599991,3.0,0.972559,19,63,15,2,0.02366643,0.02718816,0.37501171,0E-8,0.000000,0.925106,0.519608,-0.35625483,2026-05-31,2026-08-06,13,70,62,68,0.191177,0.240670,0.258640,0.078888,,,,,,,,GLOBAL_BASELINE_NO_ENTITY_RANKING,,,NOT_APPLICABLE_GLOBAL_BASELINE,HF9g-P5,,,,X 全窗基线 · 不参与实体赏罚,6872426,688,A168_HF9F_20260827_0900,2026-08-27 09:00:00
2026-06-06,105022163,2246,0,41.5429034336,-41.5429034336,-41.5429034336,0E-7,2,2,0.49324550000000000,0.493245500000,-1.3952362676504506,-1.3952362676504506,-1.3952362676504506,0E-17,ELIGIBLE,R03b_20260811_FULL_v1,L1_ELIGIBILITY,v2026-08-11,2026-03-21..2026-08-06,baccarat_bet02_101_all_pairs_incl_sentinel,round_win = game_pnl > 0 (decisive only),COMPATIBILITY_ONLY_NOT_PRODUCTION,6181.6506,5718.6840,168.0677,306,306,-0.02718816,-0.37501171,-0.01875688,-0.02718816,-168.0677,6181.6506,OK,0.0000,6.7227,4.0000,96.0000,AG03-UNRESOLVED,ALL5_LEVELS_bet23_to_bet27,6.7227,6.7227,6.7227,6.7227,6.7227,4.000000,4.000000,4.000000,4.000000,4.000000,96.000000,96.000000,96.000000,96.000000,96.000000,5.0,33.6135,31.0299,134.4542,137.0378,PENDING_AG03,FALSE,NOT_FOR_ENFORCEMENT,161.3450,5489.9367,168.0677,161.3450,6.7227,0.02718816,0.02610064,6.7227,161.3450,0.02610064,6.7227,6.7227,6.7227,6.7227,6.7227,161.3450,0.02610064,33.6135,31.0299,134.4542,137.0378,0.02175053,0.02216848,0.00108753,20.2015,18.6885,0.5492,12.9283,2.4010,475.5116,23.5385,5.2249,21.7099,8.3086,20.7715,20.7715,41.5429,54.0056,62.3144,12.4629,0.0,2.599991,3.0,0.972559,19,63,15,2,0.02366643,0.02718816,0.37501171,0E-8,0.000000,0.925106,0.519608,-0.35625483,2026-05-31,2026-08-06,13,70,62,68,0.191177,0.240670,0.258640,0.078888,,,,,,,,GLOBAL_BASELINE_NO_ENTITY_RANKING,,,NOT_APPLICABLE_GLOBAL_BASELINE,HF9g-P5,,,,X 全窗基线 · 不参与实体赏罚,6872427,688,A168_HF9F_20260827_0900,2026-08-27 09:00:00
2026-06-06,105022163,2251,0,62.3143551502,0E-10,0E-10,0.5000000,2,2,0.50665070000000000,0.506650700000,-0.018812684590367487,-0.018812684590367487,-0.018812684590367487,0E-17,ELIGIBLE,R03b_20260811_FULL_v1,L1_ELIGIBILITY,v2026-08-11,2026-03-21..2026-08-06,baccarat_bet02_101_all_pairs_incl_sentinel,round_win = game_pnl > 0 (decisive only),COMPATIBILITY_ONLY_NOT_PRODUCTION,6181.6506,5718.6840,168.0677,306,306,-0.02718816,-0.37501171,-0.01875688,-0.02718816,-168.0677,6181.6506,OK,0.0000,6.7227,4.0000,96.0000,AG03-UNRESOLVED,ALL5_LEVELS_bet23_to_bet27,6.7227,6.7227,6.7227,6.7227,6.7227,4.000000,4.000000,4.000000,4.000000,4.000000,96.000000,96.000000,96.000000,96.000000,96.000000,5.0,33.6135,31.0299,134.4542,137.0378,PENDING_AG03,FALSE,NOT_FOR_ENFORCEMENT,161.3450,5489.9367,168.0677,161.3450,6.7227,0.02718816,0.02610064,6.7227,161.3450,0.02610064,6.7227,6.7227,6.7227,6.7227,6.7227,161.3450,0.02610064,33.6135,31.0299,134.4542,137.0378,0.02175053,0.02216848,0.00108753,20.2015,18.6885,0.5492,12.9283,2.4010,475.5116,23.5385,5.2249,21.7099,8.3086,20.7715,20.7715,41.5429,54.0056,62.3144,12.4629,0.0,2.599991,3.0,0.972559,19,63,15,2,0.02366643,0.02718816,0.37501171,0E-8,0.000000,0.925106,0.519608,-0.35625483,2026-05-31,2026-08-06,13,70,62,68,0.191177,0.240670,0.258640,0.078888,,,,,,,,GLOBAL_BASELINE_NO_ENTITY_RANKING,,,NOT_APPLICABLE_GLOBAL_BASELINE,HF9g-P5,,,,X 全窗基线 · 不参与实体赏罚,6872428,688,A168_HF9F_20260827_0900,2026-08-27 09:00:00
2026-06-06,105022163,2271,0,186.9430654510,62.3143551502,62.3143551502,0.6000000,7,7,0.50665070000000000,0.506650700000,0.4175076967804994,0.4175076967804994,0.4175076967804994,0E-17,ELIGIBLE,R03b_20260811_FULL_v1,L1_ELIGIBILITY,v2026-08-11,2026-03-21..2026-08-06,baccarat_bet02_101_all_pairs_incl_sentinel,round_win = game_pnl > 0 (decisive only),COMPATIBILITY_ONLY_NOT_PRODUCTION,6181.6506,5718.6840,168.0677,306,306,-0.02718816,-0.37501171,-0.01875688,-0.02718816,-168.0677,6181.6506,OK,0.0000,6.7227,4.0000,96.0000,AG03-UNRESOLVED,ALL5_LEVELS_bet23_to_bet27,6.7227,6.7227,6.7227,6.7227,6.7227,4.000000,4.000000,4.000000,4.000000,4.000000,96.000000,96.000000,96.000000,96.000000,96.000000,5.0,33.6135,31.0299,134.4542,137.0378,PENDING_AG03,FALSE,NOT_FOR_ENFORCEMENT,161.3450,5489.9367,168.0677,161.3450,6.7227,0.02718816,0.02610064,6.7227,161.3450,0.02610064,6.7227,6.7227,6.7227,6.7227,6.7227,161.3450,0.02610064,33.6135,31.0299,134.4542,137.0378,0.02175053,0.02216848,0.00108753,20.2015,18.6885,0.5492,12.9283,2.4010,475.5116,23.5385,5.2249,21.7099,8.3086,20.7715,20.7715,41.5429,54.0056,62.3144,12.4629,0.0,2.599991,3.0,0.972559,19,63,15,2,0.02366643,0.02718816,0.37501171,0E-8,0.000000,0.925106,0.519608,-0.35625483,2026-05-31,2026-08-06,13,70,62,68,0.191177,0.240670,0.258640,0.078888,,,,,,,,GLOBAL_BASELINE_NO_ENTITY_RANKING,,,NOT_APPLICABLE_GLOBAL_BASELINE,HF9g-P5,,,,X 全窗基线 · 不参与实体赏罚,6872429,688,A168_HF9F_20260827_0900,2026-08-27 09:00:00
2026-06-06,105022163,772,0,41.5429034336,31.1571775752,31.1571775752,1.0000000,2,2,0.50665070000000000,0.506650700000,1.3955260008387969,1.3955260008387969,1.3955260008387969,0E-17,ELIGIBLE,R03b_20260811_FULL_v1,L1_ELIGIBILITY,v2026-08-11,2026-03-21..2026-08-06,baccarat_bet02_101_all_pairs_incl_sentinel,round_win = game_pnl > 0 (decisive only),COMPATIBILITY_ONLY_NOT_PRODUCTION,6181.6506,5718.6840,168.0677,306,306,-0.02718816,-0.37501171,-0.01875688,-0.02718816,-168.0677,6181.6506,OK,0.0000,6.7227,4.0000,96.0000,AG03-UNRESOLVED,ALL5_LEVELS_bet23_to_bet27,6.7227,6.7227,6.7227,6.7227,6.7227,4.000000,4.000000,4.000000,4.000000,4.000000,96.000000,96.000000,96.000000,96.000000,96.000000,5.0,33.6135,31.0299,134.4542,137.0378,PENDING_AG03,FALSE,NOT_FOR_ENFORCEMENT,161.3450,5489.9367,168.0677,161.3450,6.7227,0.02718816,0.02610064,6.7227,161.3450,0.02610064,6.7227,6.7227,6.7227,6.7227,6.7227,161.3450,0.02610064,33.6135,31.0299,134.4542,137.0378,0.02175053,0.02216848,0.00108753,20.2015,18.6885,0.5492,12.9283,2.4010,475.5116,23.5385,5.2249,21.7099,8.3086,20.7715,20.7715,41.5429,54.0056,62.3144,12.4629,0.0,2.599991,3.0,0.972559,19,63,15,2,0.02366643,0.02718816,0.37501171,0E-8,0.000000,0.925106,0.519608,-0.35625483,2026-05-31,2026-08-06,13,70,62,68,0.191177,0.240670,0.258640,0.078888,,,,,,,,GLOBAL_BASELINE_NO_ENTITY_RANKING,,,NOT_APPLICABLE_GLOBAL_BASELINE,HF9g-P5,,,,X 全窗基线 · 不参与实体赏罚,6872430,688,A168_HF9F_20260827_0900,2026-08-27 09:00:00
2026-06-06,105022163,987,0,62.3143551503,-62.3143551503,-62.3143551503,0E-7,2,2,0.50665070000000000,0.506650700000,-1.4331513700195317,-1.4331513700195317,-1.4331513700195317,0E-17,ELIGIBLE,R03b_20260811_FULL_v1,L1_ELIGIBILITY,v2026-08-11,2026-03-21..2026-08-06,baccarat_bet02_101_all_pairs_incl_sentinel,round_win = game_pnl > 0 (decisive only),COMPATIBILITY_ONLY_NOT_PRODUCTION,6181.6506,5718.6840,168.0677,306,306,-0.02718816,-0.37501171,-0.01875688,-0.02718816,-168.0677,6181.6506,OK,0.0000,6.7227,4.0000,96.0000,AG03-UNRESOLVED,ALL5_LEVELS_bet23_to_bet27,6.7227,6.7227,6.7227,6.7227,6.7227,4.000000,4.000000,4.000000,4.000000,4.000000,96.000000,96.000000,96.000000,96.000000,96.000000,5.0,33.6135,31.0299,134.4542,137.0378,PENDING_AG03,FALSE,NOT_FOR_ENFORCEMENT,161.3450,5489.9367,168.0677,161.3450,6.7227,0.02718816,0.02610064,6.7227,161.3450,0.02610064,6.7227,6.7227,6.7227,6.7227,6.7227,161.3450,0.02610064,33.6135,31.0299,134.4542,137.0378,0.02175053,0.02216848,0.00108753,20.2015,18.6885,0.5492,12.9283,2.4010,475.5116,23.5385,5.2249,21.7099,8.3086,20.7715,20.7715,41.5429,54.0056,62.3144,12.4629,0.0,2.599991,3.0,0.972559,19,63,15,2,0.02366643,0.02718816,0.37501171,0E-8,0.000000,0.925106,0.519608,-0.35625483,2026-05-31,2026-08-06,13,70,62,68,0.191177,0.240670,0.258640,0.078888,,,,,,,,GLOBAL_BASELINE_NO_ENTITY_RANKING,,,NOT_APPLICABLE_GLOBAL_BASELINE,HF9g-P5,,,,X 全窗基线 · 不参与实体赏罚,6872431,688,A168_HF9F_20260827_0900,2026-08-27 09:00:00
2026-06-07,105022163,1205,0,20.7714517168,-20.7714517168,-20.7714517168,0E-7,1,1,0.49324550000000000,0.493245500000,-0.9865810262130424,-0.9865810262130424,-0.9865810262130424,0E-17,ELIGIBLE,R03b_20260811_FULL_v1,L1_ELIGIBILITY,v2026-08-11,2026-03-21..2026-08-06,baccarat_bet02_101_all_pairs_incl_sentinel,round_win = game_pnl > 0 (decisive only),COMPATIBILITY_ONLY_NOT_PRODUCTION,6181.6506,5718.6840,168.0677,306,306,-0.02718816,-0.37501171,-0.01875688,-0.02718816,-168.0677,6181.6506,OK,0.0000,6.7227,4.0000,96.0000,AG03-UNRESOLVED,ALL5_LEVELS_bet23_to_bet27,6.7227,6.7227,6.7227,6.7227,6.7227,4.000000,4.000000,4.000000,4.000000,4.000000,96.000000,96.000000,96.000000,96.000000,96.000000,5.0,33.6135,31.0299,134.4542,137.0378,PENDING_AG03,FALSE,NOT_FOR_ENFORCEMENT,161.3450,5489.9367,168.0677,161.3450,6.7227,0.02718816,0.02610064,6.7227,161.3450,0.02610064,6.7227,6.7227,6.7227,6.7227,6.7227,161.3450,0.02610064,33.6135,31.0299,134.4542,137.0378,0.02175053,0.02216848,0.00108753,20.2015,18.6885,0.5492,12.9283,2.4010,475.5116,23.5385,5.2249,21.7099,8.3086,20.7715,20.7715,41.5429,54.0056,62.3144,12.4629,0.0,2.599991,3.0,0.972559,19,63,15,2,0.02366643,0.02718816,0.37501171,0E-8,0.000000,0.925106,0.519608,-0.35625483,2026-05-31,2026-08-06,13,70,62,68,0.191177,0.240670,0.258640,0.078888,,,,,,,,GLOBAL_BASELINE_NO_ENTITY_RANKING,,,NOT_APPLICABLE_GLOBAL_BASELINE,HF9g-P5,,,,X 全窗基线 · 不参与实体赏罚,6872432,688,A168_HF9F_20260827_0900,2026-08-27 09:00:00
2026-06-07,105022163,1654,0,124.6287103008,-41.5429034336,-41.5429034336,0.3333333,6,6,0.49324550000000000,0.493245500000,-0.783477916903833,-0.7834779169038328,-0.783477916903833,0E-17,ELIGIBLE,R03b_20260811_FULL_v1,L1_ELIGIBILITY,v2026-08-11,2026-03-21..2026-08-06,baccarat_bet02_101_all_pairs_incl_sentinel,round_win = game_pnl > 0 (decisive only),COMPATIBILITY_ONLY_NOT_PRODUCTION,6181.6506,5718.6840,168.0677,306,306,-0.02718816,-0.37501171,-0.01875688,-0.02718816,-168.0677,6181.6506,OK,0.0000,6.7227,4.0000,96.0000,AG03-UNRESOLVED,ALL5_LEVELS_bet23_to_bet27,6.7227,6.7227,6.7227,6.7227,6.7227,4.000000,4.000000,4.000000,4.000000,4.000000,96.000000,96.000000,96.000000,96.000000,96.000000,5.0,33.6135,31.0299,134.4542,137.0378,PENDING_AG03,FALSE,NOT_FOR_ENFORCEMENT,161.3450,5489.9367,168.0677,161.3450,6.7227,0.02718816,0.02610064,6.7227,161.3450,0.02610064,6.7227,6.7227,6.7227,6.7227,6.7227,161.3450,0.02610064,33.6135,31.0299,134.4542,137.0378,0.02175053,0.02216848,0.00108753,20.2015,18.6885,0.5492,12.9283,2.4010,475.5116,23.5385,5.2249,21.7099,8.3086,20.7715,20.7715,41.5429,54.0056,62.3144,12.4629,0.0,2.599991,3.0,0.972559,19,63,15,2,0.02366643,0.02718816,0.37501171,0E-8,0.000000,0.925106,0.519608,-0.35625483,2026-05-31,2026-08-06,13,70,62,68,0.191177,0.240670,0.258640,0.078888,,,,,,,,GLOBAL_BASELINE_NO_ENTITY_RANKING,,,NOT_APPLICABLE_GLOBAL_BASELINE,HF9g-P5,,,,X 全窗基线 · 不参与实体赏罚,6872433,688,A168_HF9F_20260827_0900,2026-08-27 09:00:00
2026-06-07,105022163,2271,0,184.8659202791,-103.8572585838,-103.8572585838,0.2000000,5,5,0.50665070000000000,0.506650700000,-1.3715049547573244,-1.3715049547573244,-1.3715049547573244,0E-17,ELIGIBLE,R03b_20260811_FULL_v1,L1_ELIGIBILITY,v2026-08-11,2026-03-21..2026-08-06,baccarat_bet02_101_all_pairs_incl_sentinel,round_win = game_pnl > 0 (decisive only),COMPATIBILITY_ONLY_NOT_PRODUCTION,6181.6506,5718.6840,168.0677,306,306,-0.02718816,-0.37501171,-0.01875688,-0.02718816,-168.0677,6181.6506,OK,0.0000,6.7227,4.0000,96.0000,AG03-UNRESOLVED,ALL5_LEVELS_bet23_to_bet27,6.7227,6.7227,6.7227,6.7227,6.7227,4.000000,4.000000,4.000000,4.000000,4.000000,96.000000,96.000000,96.000000,96.000000,96.000000,5.0,33.6135,31.0299,134.4542,137.0378,PENDING_AG03,FALSE,NOT_FOR_ENFORCEMENT,161.3450,5489.9367,168.0677,161.3450,6.7227,0.02718816,0.02610064,6.7227,161.3450,0.02610064,6.7227,6.7227,6.7227,6.7227,6.7227,161.3450,0.02610064,33.6135,31.0299,134.4542,137.0378,0.02175053,0.02216848,0.00108753,20.2015,18.6885,0.5492,12.9283,2.4010,475.5116,23.5385,5.2249,21.7099,8.3086,20.7715,20.7715,41.5429,54.0056,62.3144,12.4629,0.0,2.599991,3.0,0.972559,19,63,15,2,0.02366643,0.02718816,0.37501171,0E-8,0.000000,0.925106,0.519608,-0.35625483,2026-05-31,2026-08-06,13,70,62,68,0.191177,0.240670,0.258640,0.078888,,,,,,,,GLOBAL_BASELINE_NO_ENTITY_RANKING,,,NOT_APPLICABLE_GLOBAL_BASELINE,HF9g-P5,,,,X 全窗基线 · 不参与实体赏罚,6872434,688,A168_HF9F_20260827_0900,2026-08-27 09:00:00
2026-06-07,105022163,789,0,83.0858068672,41.5429034336,41.5429034336,0.7500000,4,4,0.49324550000000000,0.493245500000,1.0271117246678039,1.0271117246678039,1.0271117246678039,0E-17,ELIGIBLE,R03b_20260811_FULL_v1,L1_ELIGIBILITY,v2026-08-11,2026-03-21..2026-08-06,baccarat_bet02_101_all_pairs_incl_sentinel,round_win = game_pnl > 0 (decisive only),COMPATIBILITY_ONLY_NOT_PRODUCTION,6181.6506,5718.6840,168.0677,306,306,-0.02718816,-0.37501171,-0.01875688,-0.02718816,-168.0677,6181.6506,OK,0.0000,6.7227,4.0000,96.0000,AG03-UNRESOLVED,ALL5_LEVELS_bet23_to_bet27,6.7227,6.7227,6.7227,6.7227,6.7227,4.000000,4.000000,4.000000,4.000000,4.000000,96.000000,96.000000,96.000000,96.000000,96.000000,5.0,33.6135,31.0299,134.4542,137.0378,PENDING_AG03,FALSE,NOT_FOR_ENFORCEMENT,161.3450,5489.9367,168.0677,161.3450,6.7227,0.02718816,0.02610064,6.7227,161.3450,0.02610064,6.7227,6.7227,6.7227,6.7227,6.7227,161.3450,0.02610064,33.6135,31.0299,134.4542,137.0378,0.02175053,0.02216848,0.00108753,20.2015,18.6885,0.5492,12.9283,2.4010,475.5116,23.5385,5.2249,21.7099,8.3086,20.7715,20.7715,41.5429,54.0056,62.3144,12.4629,0.0,2.599991,3.0,0.972559,19,63,15,2,0.02366643,0.02718816,0.37501171,0E-8,0.000000,0.925106,0.519608,-0.35625483,2026-05-31,2026-08-06,13,70,62,68,0.191177,0.240670,0.258640,0.078888,,,,,,,,GLOBAL_BASELINE_NO_ENTITY_RANKING,,,NOT_APPLICABLE_GLOBAL_BASELINE,HF9g-P5,,,,X 全窗基线 · 不参与实体赏罚,6872435,688,A168_HF9F_20260827_0900,2026-08-27 09:00:00
2026-06-07,105022163,948,0,166.1716137344,-41.5429034336,-41.5429034336,0.3750000,8,8,0.49324550000000000,0.493245500000,-0.6689586021016365,-0.6689586021016365,-0.6689586021016365,0E-17,ELIGIBLE,R03b_20260811_FULL_v1,L1_ELIGIBILITY,v2026-08-11,2026-03-21..2026-08-06,baccarat_bet02_101_all_pairs_incl_sentinel,round_win = game_pnl > 0 (decisive only),COMPATIBILITY_ONLY_NOT_PRODUCTION,6181.6506,5718.6840,168.0677,306,306,-0.02718816,-0.37501171,-0.01875688,-0.02718816,-168.0677,6181.6506,OK,0.0000,6.7227,4.0000,96.0000,AG03-UNRESOLVED,ALL5_LEVELS_bet23_to_bet27,6.7227,6.7227,6.7227,6.7227,6.7227,4.000000,4.000000,4.000000,4.000000,4.000000,96.000000,96.000000,96.000000,96.000000,96.000000,5.0,33.6135,31.0299,134.4542,137.0378,PENDING_AG03,FALSE,NOT_FOR_ENFORCEMENT,161.3450,5489.9367,168.0677,161.3450,6.7227,0.02718816,0.02610064,6.7227,161.3450,0.02610064,6.7227,6.7227,6.7227,6.7227,6.7227,161.3450,0.02610064,33.6135,31.0299,134.4542,137.0378,0.02175053,0.02216848,0.00108753,20.2015,18.6885,0.5492,12.9283,2.4010,475.5116,23.5385,5.2249,21.7099,8.3086,20.7715,20.7715,41.5429,54.0056,62.3144,12.4629,0.0,2.599991,3.0,0.972559,19,63,15,2,0.02366643,0.02718816,0.37501171,0E-8,0.000000,0.925106,0.519608,-0.35625483,2026-05-31,2026-08-06,13,70,62,68,0.191177,0.240670,0.258640,0.078888,,,,,,,,GLOBAL_BASELINE_NO_ENTITY_RANKING,,,NOT_APPLICABLE_GLOBAL_BASELINE,HF9g-P5,,,,X 全窗基线 · 不参与实体赏罚,6872436,688,A168_HF9F_20260827_0900,2026-08-27 09:00:00
2026-06-10,105022163,1941,0,20.7714517168,-20.7714517168,-20.7714517168,0E-7,1,1,0.50665070000000000,0.506650700000,-1.013391052207602,-1.013391052207602,-1.013391052207602,0E-17,ELIGIBLE,R03b_20260811_FULL_v1,L1_ELIGIBILITY,v2026-08-11,2026-03-21..2026-08-06,baccarat_bet02_101_all_pairs_incl_sentinel,round_win = game_pnl > 0 (decisive only),COMPATIBILITY_ONLY_NOT_PRODUCTION,6181.6506,5718.6840,168.0677,306,306,-0.02718816,-0.37501171,-0.01875688,-0.02718816,-168.0677,6181.6506,OK,0.0000,6.7227,4.0000,96.0000,AG03-UNRESOLVED,ALL5_LEVELS_bet23_to_bet27,6.7227,6.7227,6.7227,6.7227,6.7227,4.000000,4.000000,4.000000,4.000000,4.000000,96.000000,96.000000,96.000000,96.000000,96.000000,5.0,33.6135,31.0299,134.4542,137.0378,PENDING_AG03,FALSE,NOT_FOR_ENFORCEMENT,161.3450,5489.9367,168.0677,161.3450,6.7227,0.02718816,0.02610064,6.7227,161.3450,0.02610064,6.7227,6.7227,6.7227,6.7227,6.7227,161.3450,0.02610064,33.6135,31.0299,134.4542,137.0378,0.02175053,0.02216848,0.00108753,20.2015,18.6885,0.5492,12.9283,2.4010,475.5116,23.5385,5.2249,21.7099,8.3086,20.7715,20.7715,41.5429,54.0056,62.3144,12.4629,0.0,2.599991,3.0,0.972559,19,63,15,2,0.02366643,0.02718816,0.37501171,0E-8,0.000000,0.925106,0.519608,-0.35625483,2026-05-31,2026-08-06,13,70,62,68,0.191177,0.240670,0.258640,0.078888,,,,,,,,GLOBAL_BASELINE_NO_ENTITY_RANKING,,,NOT_APPLICABLE_GLOBAL_BASELINE,HF9g-P5,,,,X 全窗基线 · 不参与实体赏罚,6872437,688,A168_HF9F_20260827_0900,2026-08-27 09:00:00
2026-06-10,105022163,583,0,41.5429034335,-41.5429034335,-41.5429034335,0E-7,1,1,0.49324550000000000,0.493245500000,-0.9865810262130424,-0.9865810262130424,-0.9865810262130424,0E-17,ELIGIBLE,R03b_20260811_FULL_v1,L1_ELIGIBILITY,v2026-08-11,2026-03-21..2026-08-06,baccarat_bet02_101_all_pairs_incl_sentinel,round_win = game_pnl > 0 (decisive only),COMPATIBILITY_ONLY_NOT_PRODUCTION,6181.6506,5718.6840,168.0677,306,306,-0.02718816,-0.37501171,-0.01875688,-0.02718816,-168.0677,6181.6506,OK,0.0000,6.7227,4.0000,96.0000,AG03-UNRESOLVED,ALL5_LEVELS_bet23_to_bet27,6.7227,6.7227,6.7227,6.7227,6.7227,4.000000,4.000000,4.000000,4.000000,4.000000,96.000000,96.000000,96.000000,96.000000,96.000000,5.0,33.6135,31.0299,134.4542,137.0378,PENDING_AG03,FALSE,NOT_FOR_ENFORCEMENT,161.3450,5489.9367,168.0677,161.3450,6.7227,0.02718816,0.02610064,6.7227,161.3450,0.02610064,6.7227,6.7227,6.7227,6.7227,6.7227,161.3450,0.02610064,33.6135,31.0299,134.4542,137.0378,0.02175053,0.02216848,0.00108753,20.2015,18.6885,0.5492,12.9283,2.4010,475.5116,23.5385,5.2249,21.7099,8.3086,20.7715,20.7715,41.5429,54.0056,62.3144,12.4629,0.0,2.599991,3.0,0.972559,19,63,15,2,0.02366643,0.02718816,0.37501171,0E-8,0.000000,0.925106,0.519608,-0.35625483,2026-05-31,2026-08-06,13,70,62,68,0.191177,0.240670,0.258640,0.078888,,,,,,,,GLOBAL_BASELINE_NO_ENTITY_RANKING,,,NOT_APPLICABLE_GLOBAL_BASELINE,HF9g-P5,,,,X 全窗基线 · 不参与实体赏罚,6872438,688,A168_HF9F_20260827_0900,2026-08-27 09:00:00
2026-06-18,105022163,-1,1,83.0858068670,-83.0858068670,-83.0858068670,0E-7,2,2,0.49994810000000000,0.499948100000,-1.4140667746232096,-1.4140667746232096,-1.4140667746232096,0E-17,SENTINEL_DEALER,R03b_20260811_FULL_v1,L1_ELIGIBILITY,v2026-08-11,2026-03-21..2026-08-06,baccarat_bet02_101_all_pairs_incl_sentinel,round_win = game_pnl > 0 (decisive only),COMPATIBILITY_ONLY_NOT_PRODUCTION,6181.6506,5718.6840,168.0677,306,306,-0.02718816,-0.37501171,-0.01875688,-0.02718816,-168.0677,6181.6506,OK,0.0000,6.7227,4.0000,96.0000,AG03-UNRESOLVED,ALL5_LEVELS_bet23_to_bet27,6.7227,6.7227,6.7227,6.7227,6.7227,4.000000,4.000000,4.000000,4.000000,4.000000,96.000000,96.000000,96.000000,96.000000,96.000000,5.0,33.6135,31.0299,134.4542,137.0378,PENDING_AG03,FALSE,NOT_FOR_ENFORCEMENT,161.3450,5489.9367,168.0677,161.3450,6.7227,0.02718816,0.02610064,6.7227,161.3450,0.02610064,6.7227,6.7227,6.7227,6.7227,6.7227,161.3450,0.02610064,33.6135,31.0299,134.4542,137.0378,0.02175053,0.02216848,0.00108753,20.2015,18.6885,0.5492,12.9283,2.4010,475.5116,23.5385,5.2249,21.7099,8.3086,20.7715,20.7715,41.5429,54.0056,62.3144,12.4629,0.0,2.599991,3.0,0.972559,19,63,15,2,0.02366643,0.02718816,0.37501171,0E-8,0.000000,0.925106,0.519608,-0.35625483,2026-05-31,2026-08-06,13,70,62,68,0.191177,0.240670,0.258640,0.078888,,,,,,,,GLOBAL_BASELINE_NO_ENTITY_RANKING,,,NOT_APPLICABLE_GLOBAL_BASELINE,HF9g-P5,,,,X 全窗基线 · 不参与实体赏罚,6872439,688,A168_HF9F_20260827_0900,2026-08-27 09:00:00
2026-06-18,105022163,1221,0,62.3143551504,-20.7714517168,-20.7714517168,0.3333333,3,3,0.49324550000000000,0.493245500000,-0.5540025479526107,-0.5540025479526106,-0.5540025479526107,0E-17,ELIGIBLE,R03b_20260811_FULL_v1,L1_ELIGIBILITY,v2026-08-11,2026-03-21..2026-08-06,baccarat_bet02_101_all_pairs_incl_sentinel,round_win = game_pnl > 0 (decisive only),COMPATIBILITY_ONLY_NOT_PRODUCTION,6181.6506,5718.6840,168.0677,306,306,-0.02718816,-0.37501171,-0.01875688,-0.02718816,-168.0677,6181.6506,OK,0.0000,6.7227,4.0000,96.0000,AG03-UNRESOLVED,ALL5_LEVELS_bet23_to_bet27,6.7227,6.7227,6.7227,6.7227,6.7227,4.000000,4.000000,4.000000,4.000000,4.000000,96.000000,96.000000,96.000000,96.000000,96.000000,5.0,33.6135,31.0299,134.4542,137.0378,PENDING_AG03,FALSE,NOT_FOR_ENFORCEMENT,161.3450,5489.9367,168.0677,161.3450,6.7227,0.02718816,0.02610064,6.7227,161.3450,0.02610064,6.7227,6.7227,6.7227,6.7227,6.7227,161.3450,0.02610064,33.6135,31.0299,134.4542,137.0378,0.02175053,0.02216848,0.00108753,20.2015,18.6885,0.5492,12.9283,2.4010,475.5116,23.5385,5.2249,21.7099,8.3086,20.7715,20.7715,41.5429,54.0056,62.3144,12.4629,0.0,2.599991,3.0,0.972559,19,63,15,2,0.02366643,0.02718816,0.37501171,0E-8,0.000000,0.925106,0.519608,-0.35625483,2026-05-31,2026-08-06,13,70,62,68,0.191177,0.240670,0.258640,0.078888,,,,,,,,GLOBAL_BASELINE_NO_ENTITY_RANKING,,,NOT_APPLICABLE_GLOBAL_BASELINE,HF9g-P5,,,,X 全窗基线 · 不参与实体赏罚,6872440,688,A168_HF9F_20260827_0900,2026-08-27 09:00:00
2026-06-18,105022163,1330,0,62.3143551503,20.7714517167,20.7714517167,0.5000000,2,2,0.49324550000000000,0.493245500000,0.01910635448239258,0.01910635448239258,0.01910635448239258,0E-17,ELIGIBLE,R03b_20260811_FULL_v1,L1_ELIGIBILITY,v2026-08-11,2026-03-21..2026-08-06,baccarat_bet02_101_all_pairs_incl_sentinel,round_win = game_pnl > 0 (decisive only),COMPATIBILITY_ONLY_NOT_PRODUCTION,6181.6506,5718.6840,168.0677,306,306,-0.02718816,-0.37501171,-0.01875688,-0.02718816,-168.0677,6181.6506,OK,0.0000,6.7227,4.0000,96.0000,AG03-UNRESOLVED,ALL5_LEVELS_bet23_to_bet27,6.7227,6.7227,6.7227,6.7227,6.7227,4.000000,4.000000,4.000000,4.000000,4.000000,96.000000,96.000000,96.000000,96.000000,96.000000,5.0,33.6135,31.0299,134.4542,137.0378,PENDING_AG03,FALSE,NOT_FOR_ENFORCEMENT,161.3450,5489.9367,168.0677,161.3450,6.7227,0.02718816,0.02610064,6.7227,161.3450,0.02610064,6.7227,6.7227,6.7227,6.7227,6.7227,161.3450,0.02610064,33.6135,31.0299,134.4542,137.0378,0.02175053,0.02216848,0.00108753,20.2015,18.6885,0.5492,12.9283,2.4010,475.5116,23.5385,5.2249,21.7099,8.3086,20.7715,20.7715,41.5429,54.0056,62.3144,12.4629,0.0,2.599991,3.0,0.972559,19,63,15,2,0.02366643,0.02718816,0.37501171,0E-8,0.000000,0.925106,0.519608,-0.35625483,2026-05-31,2026-08-06,13,70,62,68,0.191177,0.240670,0.258640,0.078888,,,,,,,,GLOBAL_BASELINE_NO_ENTITY_RANKING,,,NOT_APPLICABLE_GLOBAL_BASELINE,HF9g-P5,,,,X 全窗基线 · 不参与实体赏罚,6872441,688,A168_HF9F_20260827_0900,2026-08-27 09:00:00
2026-06-18,105022163,2129,0,20.7714517168,-20.7714517168,-20.7714517168,0E-7,1,1,0.50665070000000000,0.506650700000,-1.013391052207602,-1.013391052207602,-1.013391052207602,0E-17,ELIGIBLE,R03b_20260811_FULL_v1,L1_ELIGIBILITY,v2026-08-11,2026-03-21..2026-08-06,baccarat_bet02_101_all_pairs_incl_sentinel,round_win = game_pnl > 0 (decisive only),COMPATIBILITY_ONLY_NOT_PRODUCTION,6181.6506,5718.6840,168.0677,306,306,-0.02718816,-0.37501171,-0.01875688,-0.02718816,-168.0677,6181.6506,OK,0.0000,6.7227,4.0000,96.0000,AG03-UNRESOLVED,ALL5_LEVELS_bet23_to_bet27,6.7227,6.7227,6.7227,6.7227,6.7227,4.000000,4.000000,4.000000,4.000000,4.000000,96.000000,96.000000,96.000000,96.000000,96.000000,5.0,33.6135,31.0299,134.4542,137.0378,PENDING_AG03,FALSE,NOT_FOR_ENFORCEMENT,161.3450,5489.9367,168.0677,161.3450,6.7227,0.02718816,0.02610064,6.7227,161.3450,0.02610064,6.7227,6.7227,6.7227,6.7227,6.7227,161.3450,0.02610064,33.6135,31.0299,134.4542,137.0378,0.02175053,0.02216848,0.00108753,20.2015,18.6885,0.5492,12.9283,2.4010,475.5116,23.5385,5.2249,21.7099,8.3086,20.7715,20.7715,41.5429,54.0056,62.3144,12.4629,0.0,2.599991,3.0,0.972559,19,63,15,2,0.02366643,0.02718816,0.37501171,0E-8,0.000000,0.925106,0.519608,-0.35625483,2026-05-31,2026-08-06,13,70,62,68,0.191177,0.240670,0.258640,0.078888,,,,,,,,GLOBAL_BASELINE_NO_ENTITY_RANKING,,,NOT_APPLICABLE_GLOBAL_BASELINE,HF9g-P5,,,,X 全窗基线 · 不参与实体赏罚,6872442,688,A168_HF9F_20260827_0900,2026-08-27 09:00:00
2026-06-18,105022163,2160,0,41.5429034336,-41.5429034336,-41.5429034336,0E-7,2,2,0.50665070000000000,0.506650700000,-1.4331513700195317,-1.4331513700195317,-1.4331513700195317,0E-17,ELIGIBLE,R03b_20260811_FULL_v1,L1_ELIGIBILITY,v2026-08-11,2026-03-21..2026-08-06,baccarat_bet02_101_all_pairs_incl_sentinel,round_win = game_pnl > 0 (decisive only),COMPATIBILITY_ONLY_NOT_PRODUCTION,6181.6506,5718.6840,168.0677,306,306,-0.02718816,-0.37501171,-0.01875688,-0.02718816,-168.0677,6181.6506,OK,0.0000,6.7227,4.0000,96.0000,AG03-UNRESOLVED,ALL5_LEVELS_bet23_to_bet27,6.7227,6.7227,6.7227,6.7227,6.7227,4.000000,4.000000,4.000000,4.000000,4.000000,96.000000,96.000000,96.000000,96.000000,96.000000,5.0,33.6135,31.0299,134.4542,137.0378,PENDING_AG03,FALSE,NOT_FOR_ENFORCEMENT,161.3450,5489.9367,168.0677,161.3450,6.7227,0.02718816,0.02610064,6.7227,161.3450,0.02610064,6.7227,6.7227,6.7227,6.7227,6.7227,161.3450,0.02610064,33.6135,31.0299,134.4542,137.0378,0.02175053,0.02216848,0.00108753,20.2015,18.6885,0.5492,12.9283,2.4010,475.5116,23.5385,5.2249,21.7099,8.3086,20.7715,20.7715,41.5429,54.0056,62.3144,12.4629,0.0,2.599991,3.0,0.972559,19,63,15,2,0.02366643,0.02718816,0.37501171,0E-8,0.000000,0.925106,0.519608,-0.35625483,2026-05-31,2026-08-06,13,70,62,68,0.191177,0.240670,0.258640,0.078888,,,,,,,,GLOBAL_BASELINE_NO_ENTITY_RANKING,,,NOT_APPLICABLE_GLOBAL_BASELINE,HF9g-P5,,,,X 全窗基线 · 不参与实体赏罚,6872443,688,A168_HF9F_20260827_0900,2026-08-27 09:00:00
2026-06-18,105022163,2177,0,62.3143551503,41.5429034335,41.5429034335,1.0000000,2,2,0.49994810000000000,0.499948100000,1.0001038053877793,1.0001038053877793,1.0001038053877793,0E-17,ELIGIBLE,R03b_20260811_FULL_v1,L1_ELIGIBILITY,v2026-08-11,2026-03-21..2026-08-06,baccarat_bet02_101_all_pairs_incl_sentinel,round_win = game_pnl > 0 (decisive only),COMPATIBILITY_ONLY_NOT_PRODUCTION,6181.6506,5718.6840,168.0677,306,306,-0.02718816,-0.37501171,-0.01875688,-0.02718816,-168.0677,6181.6506,OK,0.0000,6.7227,4.0000,96.0000,AG03-UNRESOLVED,ALL5_LEVELS_bet23_to_bet27,6.7227,6.7227,6.7227,6.7227,6.7227,4.000000,4.000000,4.000000,4.000000,4.000000,96.000000,96.000000,96.000000,96.000000,96.000000,5.0,33.6135,31.0299,134.4542,137.0378,PENDING_AG03,FALSE,NOT_FOR_ENFORCEMENT,161.3450,5489.9367,168.0677,161.3450,6.7227,0.02718816,0.02610064,6.7227,161.3450,0.02610064,6.7227,6.7227,6.7227,6.7227,6.7227,161.3450,0.02610064,33.6135,31.0299,134.4542,137.0378,0.02175053,0.02216848,0.00108753,20.2015,18.6885,0.5492,12.9283,2.4010,475.5116,23.5385,5.2249,21.7099,8.3086,20.7715,20.7715,41.5429,54.0056,62.3144,12.4629,0.0,2.599991,3.0,0.972559,19,63,15,2,0.02366643,0.02718816,0.37501171,0E-8,0.000000,0.925106,0.519608,-0.35625483,2026-05-31,2026-08-06,13,70,62,68,0.191177,0.240670,0.258640,0.078888,,,,,,,,GLOBAL_BASELINE_NO_ENTITY_RANKING,,,NOT_APPLICABLE_GLOBAL_BASELINE,HF9g-P5,,,,X 全窗基线 · 不参与实体赏罚,6872444,688,A168_HF9F_20260827_0900,2026-08-27 09:00:00
2026-06-18,105022163,526,0,41.5429034336,41.5429034336,41.5429034336,1.0000000,2,2,0.49324550000000000,0.493245500000,1.4334489766152358,1.4334489766152358,1.4334489766152358,0E-17,ELIGIBLE,R03b_20260811_FULL_v1,L1_ELIGIBILITY,v2026-08-11,2026-03-21..2026-08-06,baccarat_bet02_101_all_pairs_incl_sentinel,round_win = game_pnl > 0 (decisive only),COMPATIBILITY_ONLY_NOT_PRODUCTION,6181.6506,5718.6840,168.0677,306,306,-0.02718816,-0.37501171,-0.01875688,-0.02718816,-168.0677,6181.6506,OK,0.0000,6.7227,4.0000,96.0000,AG03-UNRESOLVED,ALL5_LEVELS_bet23_to_bet27,6.7227,6.7227,6.7227,6.7227,6.7227,4.000000,4.000000,4.000000,4.000000,4.000000,96.000000,96.000000,96.000000,96.000000,96.000000,5.0,33.6135,31.0299,134.4542,137.0378,PENDING_AG03,FALSE,NOT_FOR_ENFORCEMENT,161.3450,5489.9367,168.0677,161.3450,6.7227,0.02718816,0.02610064,6.7227,161.3450,0.02610064,6.7227,6.7227,6.7227,6.7227,6.7227,161.3450,0.02610064,33.6135,31.0299,134.4542,137.0378,0.02175053,0.02216848,0.00108753,20.2015,18.6885,0.5492,12.9283,2.4010,475.5116,23.5385,5.2249,21.7099,8.3086,20.7715,20.7715,41.5429,54.0056,62.3144,12.4629,0.0,2.599991,3.0,0.972559,19,63,15,2,0.02366643,0.02718816,0.37501171,0E-8,0.000000,0.925106,0.519608,-0.35625483,2026-05-31,2026-08-06,13,70,62,68,0.191177,0.240670,0.258640,0.078888,,,,,,,,GLOBAL_BASELINE_NO_ENTITY_RANKING,,,NOT_APPLICABLE_GLOBAL_BASELINE,HF9g-P5,,,,X 全窗基线 · 不参与实体赏罚,6872445,688,A168_HF9F_20260827_0900,2026-08-27 09:00:00
2026-06-18,105022163,550,0,62.3143551504,-20.7714517168,-20.7714517168,0.3333333,3,3,0.49324550000000000,0.493245500000,-0.5540025479526107,-0.5540025479526106,-0.5540025479526107,0E-17,ELIGIBLE,R03b_20260811_FULL_v1,L1_ELIGIBILITY,v2026-08-11,2026-03-21..2026-08-06,baccarat_bet02_101_all_pairs_incl_sentinel,round_win = game_pnl > 0 (decisive only),COMPATIBILITY_ONLY_NOT_PRODUCTION,6181.6506,5718.6840,168.0677,306,306,-0.02718816,-0.37501171,-0.01875688,-0.02718816,-168.0677,6181.6506,OK,0.0000,6.7227,4.0000,96.0000,AG03-UNRESOLVED,ALL5_LEVELS_bet23_to_bet27,6.7227,6.7227,6.7227,6.7227,6.7227,4.000000,4.000000,4.000000,4.000000,4.000000,96.000000,96.000000,96.000000,96.000000,96.000000,5.0,33.6135,31.0299,134.4542,137.0378,PENDING_AG03,FALSE,NOT_FOR_ENFORCEMENT,161.3450,5489.9367,168.0677,161.3450,6.7227,0.02718816,0.02610064,6.7227,161.3450,0.02610064,6.7227,6.7227,6.7227,6.7227,6.7227,161.3450,0.02610064,33.6135,31.0299,134.4542,137.0378,0.02175053,0.02216848,0.00108753,20.2015,18.6885,0.5492,12.9283,2.4010,475.5116,23.5385,5.2249,21.7099,8.3086,20.7715,20.7715,41.5429,54.0056,62.3144,12.4629,0.0,2.599991,3.0,0.972559,19,63,15,2,0.02366643,0.02718816,0.37501171,0E-8,0.000000,0.925106,0.519608,-0.35625483,2026-05-31,2026-08-06,13,70,62,68,0.191177,0.240670,0.258640,0.078888,,,,,,,,GLOBAL_BASELINE_NO_ENTITY_RANKING,,,NOT_APPLICABLE_GLOBAL_BASELINE,HF9g-P5,,,,X 全窗基线 · 不参与实体赏罚,6872446,688,A168_HF9F_20260827_0900,2026-08-27 09:00:00
2026-06-18,105022163,994,0,62.3143551503,20.7714517167,20.7714517167,0.5000000,2,2,0.49994810000000000,0.499948100000,0.00014679536856514622,0.00014679536856514622,0.00014679536856514622,0E-17,ELIGIBLE,R03b_20260811_FULL_v1,L1_ELIGIBILITY,v2026-08-11,2026-03-21..2026-08-06,baccarat_bet02_101_all_pairs_incl_sentinel,round_win = game_pnl > 0 (decisive only),COMPATIBILITY_ONLY_NOT_PRODUCTION,6181.6506,5718.6840,168.0677,306,306,-0.02718816,-0.37501171,-0.01875688,-0.02718816,-168.0677,6181.6506,OK,0.0000,6.7227,4.0000,96.0000,AG03-UNRESOLVED,ALL5_LEVELS_bet23_to_bet27,6.7227,6.7227,6.7227,6.7227,6.7227,4.000000,4.000000,4.000000,4.000000,4.000000,96.000000,96.000000,96.000000,96.000000,96.000000,5.0,33.6135,31.0299,134.4542,137.0378,PENDING_AG03,FALSE,NOT_FOR_ENFORCEMENT,161.3450,5489.9367,168.0677,161.3450,6.7227,0.02718816,0.02610064,6.7227,161.3450,0.02610064,6.7227,6.7227,6.7227,6.7227,6.7227,161.3450,0.02610064,33.6135,31.0299,134.4542,137.0378,0.02175053,0.02216848,0.00108753,20.2015,18.6885,0.5492,12.9283,2.4010,475.5116,23.5385,5.2249,21.7099,8.3086,20.7715,20.7715,41.5429,54.0056,62.3144,12.4629,0.0,2.599991,3.0,0.972559,19,63,15,2,0.02366643,0.02718816,0.37501171,0E-8,0.000000,0.925106,0.519608,-0.35625483,2026-05-31,2026-08-06,13,70,62,68,0.191177,0.240670,0.258640,0.078888,,,,,,,,GLOBAL_BASELINE_NO_ENTITY_RANKING,,,NOT_APPLICABLE_GLOBAL_BASELINE,HF9g-P5,,,,X 全窗基线 · 不参与实体赏罚,6872447,688,A168_HF9F_20260827_0900,2026-08-27 09:00:00
2026-06-20,105022163,1385,0,62.3143551503,-62.3143551503,-62.3143551503,0E-7,2,2,0.50665070000000000,0.506650700000,-1.4331513700195317,-1.4331513700195317,-1.4331513700195317,0E-17,ELIGIBLE,R03b_20260811_FULL_v1,L1_ELIGIBILITY,v2026-08-11,2026-03-21..2026-08-06,baccarat_bet02_101_all_pairs_incl_sentinel,round_win = game_pnl > 0 (decisive only),COMPATIBILITY_ONLY_NOT_PRODUCTION,6181.6506,5718.6840,168.0677,306,306,-0.02718816,-0.37501171,-0.01875688,-0.02718816,-168.0677,6181.6506,OK,0.0000,6.7227,4.0000,96.0000,AG03-UNRESOLVED,ALL5_LEVELS_bet23_to_bet27,6.7227,6.7227,6.7227,6.7227,6.7227,4.000000,4.000000,4.000000,4.000000,4.000000,96.000000,96.000000,96.000000,96.000000,96.000000,5.0,33.6135,31.0299,134.4542,137.0378,PENDING_AG03,FALSE,NOT_FOR_ENFORCEMENT,161.3450,5489.9367,168.0677,161.3450,6.7227,0.02718816,0.02610064,6.7227,161.3450,0.02610064,6.7227,6.7227,6.7227,6.7227,6.7227,161.3450,0.02610064,33.6135,31.0299,134.4542,137.0378,0.02175053,0.02216848,0.00108753,20.2015,18.6885,0.5492,12.9283,2.4010,475.5116,23.5385,5.2249,21.7099,8.3086,20.7715,20.7715,41.5429,54.0056,62.3144,12.4629,0.0,2.599991,3.0,0.972559,19,63,15,2,0.02366643,0.02718816,0.37501171,0E-8,0.000000,0.925106,0.519608,-0.35625483,2026-05-31,2026-08-06,13,70,62,68,0.191177,0.240670,0.258640,0.078888,,,,,,,,GLOBAL_BASELINE_NO_ENTITY_RANKING,,,NOT_APPLICABLE_GLOBAL_BASELINE,HF9g-P5,,,,X 全窗基线 · 不参与实体赏罚,6872448,688,A168_HF9F_20260827_0900,2026-08-27 09:00:00
2026-06-20,105022163,1935,0,51.9286292920,-11.4242984442,-11.4242984442,0.5000000,4,4,0.50665070000000000,0.506650700000,-0.02660515369234503,-0.02660515369234503,-0.02660515369234503,0E-17,ELIGIBLE,R03b_20260811_FULL_v1,L1_ELIGIBILITY,v2026-08-11,2026-03-21..2026-08-06,baccarat_bet02_101_all_pairs_incl_sentinel,round_win = game_pnl > 0 (decisive only),COMPATIBILITY_ONLY_NOT_PRODUCTION,6181.6506,5718.6840,168.0677,306,306,-0.02718816,-0.37501171,-0.01875688,-0.02718816,-168.0677,6181.6506,OK,0.0000,6.7227,4.0000,96.0000,AG03-UNRESOLVED,ALL5_LEVELS_bet23_to_bet27,6.7227,6.7227,6.7227,6.7227,6.7227,4.000000,4.000000,4.000000,4.000000,4.000000,96.000000,96.000000,96.000000,96.000000,96.000000,5.0,33.6135,31.0299,134.4542,137.0378,PENDING_AG03,FALSE,NOT_FOR_ENFORCEMENT,161.3450,5489.9367,168.0677,161.3450,6.7227,0.02718816,0.02610064,6.7227,161.3450,0.02610064,6.7227,6.7227,6.7227,6.7227,6.7227,161.3450,0.02610064,33.6135,31.0299,134.4542,137.0378,0.02175053,0.02216848,0.00108753,20.2015,18.6885,0.5492,12.9283,2.4010,475.5116,23.5385,5.2249,21.7099,8.3086,20.7715,20.7715,41.5429,54.0056,62.3144,12.4629,0.0,2.599991,3.0,0.972559,19,63,15,2,0.02366643,0.02718816,0.37501171,0E-8,0.000000,0.925106,0.519608,-0.35625483,2026-05-31,2026-08-06,13,70,62,68,0.191177,0.240670,0.258640,0.078888,,,,,,,,GLOBAL_BASELINE_NO_ENTITY_RANKING,,,NOT_APPLICABLE_GLOBAL_BASELINE,HF9g-P5,,,,X 全窗基线 · 不参与实体赏罚,6872449,688,A168_HF9F_20260827_0900,2026-08-27 09:00:00
2026-06-20,105022163,2220,0,53.3826309122,-32.6111791954,-32.6111791954,0E-7,5,5,0.49324550000000000,0.493245500000,-1.708808463184432,-1.7088084631844318,-1.708808463184432,0E-17,ELIGIBLE,R03b_20260811_FULL_v1,L1_ELIGIBILITY,v2026-08-11,2026-03-21..2026-08-06,baccarat_bet02_101_all_pairs_incl_sentinel,round_win = game_pnl > 0 (decisive only),COMPATIBILITY_ONLY_NOT_PRODUCTION,6181.6506,5718.6840,168.0677,306,306,-0.02718816,-0.37501171,-0.01875688,-0.02718816,-168.0677,6181.6506,OK,0.0000,6.7227,4.0000,96.0000,AG03-UNRESOLVED,ALL5_LEVELS_bet23_to_bet27,6.7227,6.7227,6.7227,6.7227,6.7227,4.000000,4.000000,4.000000,4.000000,4.000000,96.000000,96.000000,96.000000,96.000000,96.000000,5.0,33.6135,31.0299,134.4542,137.0378,PENDING_AG03,FALSE,NOT_FOR_ENFORCEMENT,161.3450,5489.9367,168.0677,161.3450,6.7227,0.02718816,0.02610064,6.7227,161.3450,0.02610064,6.7227,6.7227,6.7227,6.7227,6.7227,161.3450,0.02610064,33.6135,31.0299,134.4542,137.0378,0.02175053,0.02216848,0.00108753,20.2015,18.6885,0.5492,12.9283,2.4010,475.5116,23.5385,5.2249,21.7099,8.3086,20.7715,20.7715,41.5429,54.0056,62.3144,12.4629,0.0,2.599991,3.0,0.972559,19,63,15,2,0.02366643,0.02718816,0.37501171,0E-8,0.000000,0.925106,0.519608,-0.35625483,2026-05-31,2026-08-06,13,70,62,68,0.191177,0.240670,0.258640,0.078888,,,,,,,,GLOBAL_BASELINE_NO_ENTITY_RANKING,,,NOT_APPLICABLE_GLOBAL_BASELINE,HF9g-P5,,,,X 全窗基线 · 不参与实体赏罚,6872450,688,A168_HF9F_20260827_0900,2026-08-27 09:00:00
2026-06-27,105022163,1157,0,41.5429034335,41.5429034335,41.5429034335,1.0000000,1,1,0.49324550000000000,0.493245500000,1.01360149184955,1.01360149184955,1.01360149184955,0E-17,ELIGIBLE,R03b_20260811_FULL_v1,L1_ELIGIBILITY,v2026-08-11,2026-03-21..2026-08-06,baccarat_bet02_101_all_pairs_incl_sentinel,round_win = game_pnl > 0 (decisive only),COMPATIBILITY_ONLY_NOT_PRODUCTION,6181.6506,5718.6840,168.0677,306,306,-0.02718816,-0.37501171,-0.01875688,-0.02718816,-168.0677,6181.6506,OK,0.0000,6.7227,4.0000,96.0000,AG03-UNRESOLVED,ALL5_LEVELS_bet23_to_bet27,6.7227,6.7227,6.7227,6.7227,6.7227,4.000000,4.000000,4.000000,4.000000,4.000000,96.000000,96.000000,96.000000,96.000000,96.000000,5.0,33.6135,31.0299,134.4542,137.0378,PENDING_AG03,FALSE,NOT_FOR_ENFORCEMENT,161.3450,5489.9367,168.0677,161.3450,6.7227,0.02718816,0.02610064,6.7227,161.3450,0.02610064,6.7227,6.7227,6.7227,6.7227,6.7227,161.3450,0.02610064,33.6135,31.0299,134.4542,137.0378,0.02175053,0.02216848,0.00108753,20.2015,18.6885,0.5492,12.9283,2.4010,475.5116,23.5385,5.2249,21.7099,8.3086,20.7715,20.7715,41.5429,54.0056,62.3144,12.4629,0.0,2.599991,3.0,0.972559,19,63,15,2,0.02366643,0.02718816,0.37501171,0E-8,0.000000,0.925106,0.519608,-0.35625483,2026-05-31,2026-08-06,13,70,62,68,0.191177,0.240670,0.258640,0.078888,,,,,,,,GLOBAL_BASELINE_NO_ENTITY_RANKING,,,NOT_APPLICABLE_GLOBAL_BASELINE,HF9g-P5,,,,X 全窗基线 · 不参与实体赏罚,6872451,688,A168_HF9F_20260827_0900,2026-08-27 09:00:00
2026-06-27,105022163,1318,0,228.4859688844,-103.8572585838,-103.8572585838,0.2500000,4,4,0.49324550000000000,0.493245500000,-0.9730707933947887,-0.9730707933947887,-0.9730707933947887,0E-17,ELIGIBLE,R03b_20260811_FULL_v1,L1_ELIGIBILITY,v2026-08-11,2026-03-21..2026-08-06,baccarat_bet02_101_all_pairs_incl_sentinel,round_win = game_pnl > 0 (decisive only),COMPATIBILITY_ONLY_NOT_PRODUCTION,6181.6506,5718.6840,168.0677,306,306,-0.02718816,-0.37501171,-0.01875688,-0.02718816,-168.0677,6181.6506,OK,0.0000,6.7227,4.0000,96.0000,AG03-UNRESOLVED,ALL5_LEVELS_bet23_to_bet27,6.7227,6.7227,6.7227,6.7227,6.7227,4.000000,4.000000,4.000000,4.000000,4.000000,96.000000,96.000000,96.000000,96.000000,96.000000,5.0,33.6135,31.0299,134.4542,137.0378,PENDING_AG03,FALSE,NOT_FOR_ENFORCEMENT,161.3450,5489.9367,168.0677,161.3450,6.7227,0.02718816,0.02610064,6.7227,161.3450,0.02610064,6.7227,6.7227,6.7227,6.7227,6.7227,161.3450,0.02610064,33.6135,31.0299,134.4542,137.0378,0.02175053,0.02216848,0.00108753,20.2015,18.6885,0.5492,12.9283,2.4010,475.5116,23.5385,5.2249,21.7099,8.3086,20.7715,20.7715,41.5429,54.0056,62.3144,12.4629,0.0,2.599991,3.0,0.972559,19,63,15,2,0.02366643,0.02718816,0.37501171,0E-8,0.000000,0.925106,0.519608,-0.35625483,2026-05-31,2026-08-06,13,70,62,68,0.191177,0.240670,0.258640,0.078888,,,,,,,,GLOBAL_BASELINE_NO_ENTITY_RANKING,,,NOT_APPLICABLE_GLOBAL_BASELINE,HF9g-P5,,,,X 全窗基线 · 不参与实体赏罚,6872452,688,A168_HF9F_20260827_0900,2026-08-27 09:00:00
2026-06-27,105022163,1384,0,270.0288723178,94.5101053112,94.5101053112,0.6666667,6,6,0.50665070000000000,0.506650700000,0.7839842952205449,0.7839842952205449,0.7839842952205449,0E-17,ELIGIBLE,R03b_20260811_FULL_v1,L1_ELIGIBILITY,v2026-08-11,2026-03-21..2026-08-06,baccarat_bet02_101_all_pairs_incl_sentinel,round_win = game_pnl > 0 (decisive only),COMPATIBILITY_ONLY_NOT_PRODUCTION,6181.6506,5718.6840,168.0677,306,306,-0.02718816,-0.37501171,-0.01875688,-0.02718816,-168.0677,6181.6506,OK,0.0000,6.7227,4.0000,96.0000,AG03-UNRESOLVED,ALL5_LEVELS_bet23_to_bet27,6.7227,6.7227,6.7227,6.7227,6.7227,4.000000,4.000000,4.000000,4.000000,4.000000,96.000000,96.000000,96.000000,96.000000,96.000000,5.0,33.6135,31.0299,134.4542,137.0378,PENDING_AG03,FALSE,NOT_FOR_ENFORCEMENT,161.3450,5489.9367,168.0677,161.3450,6.7227,0.02718816,0.02610064,6.7227,161.3450,0.02610064,6.7227,6.7227,6.7227,6.7227,6.7227,161.3450,0.02610064,33.6135,31.0299,134.4542,137.0378,0.02175053,0.02216848,0.00108753,20.2015,18.6885,0.5492,12.9283,2.4010,475.5116,23.5385,5.2249,21.7099,8.3086,20.7715,20.7715,41.5429,54.0056,62.3144,12.4629,0.0,2.599991,3.0,0.972559,19,63,15,2,0.02366643,0.02718816,0.37501171,0E-8,0.000000,0.925106,0.519608,-0.35625483,2026-05-31,2026-08-06,13,70,62,68,0.191177,0.240670,0.258640,0.078888,,,,,,,,GLOBAL_BASELINE_NO_ENTITY_RANKING,,,NOT_APPLICABLE_GLOBAL_BASELINE,HF9g-P5,,,,X 全窗基线 · 不参与实体赏罚,6872453,688,A168_HF9F_20260827_0900,2026-08-27 09:00:00
2026-06-27,105022163,1400,0,716.6150842282,-168.2487589058,-168.2487589058,0.4166667,13,13,0.50561953076923077,0.505619530769,-0.6163224474954988,-0.6163224474938968,-0.6163224474954988,2.3077E-13,ELIGIBLE,R03b_20260811_FULL_v1,L1_ELIGIBILITY,v2026-08-11,2026-03-21..2026-08-06,baccarat_bet02_101_all_pairs_incl_sentinel,round_win = game_pnl > 0 (decisive only),COMPATIBILITY_ONLY_NOT_PRODUCTION,6181.6506,5718.6840,168.0677,306,306,-0.02718816,-0.37501171,-0.01875688,-0.02718816,-168.0677,6181.6506,OK,0.0000,6.7227,4.0000,96.0000,AG03-UNRESOLVED,ALL5_LEVELS_bet23_to_bet27,6.7227,6.7227,6.7227,6.7227,6.7227,4.000000,4.000000,4.000000,4.000000,4.000000,96.000000,96.000000,96.000000,96.000000,96.000000,5.0,33.6135,31.0299,134.4542,137.0378,PENDING_AG03,FALSE,NOT_FOR_ENFORCEMENT,161.3450,5489.9367,168.0677,161.3450,6.7227,0.02718816,0.02610064,6.7227,161.3450,0.02610064,6.7227,6.7227,6.7227,6.7227,6.7227,161.3450,0.02610064,33.6135,31.0299,134.4542,137.0378,0.02175053,0.02216848,0.00108753,20.2015,18.6885,0.5492,12.9283,2.4010,475.5116,23.5385,5.2249,21.7099,8.3086,20.7715,20.7715,41.5429,54.0056,62.3144,12.4629,0.0,2.599991,3.0,0.972559,19,63,15,2,0.02366643,0.02718816,0.37501171,0E-8,0.000000,0.925106,0.519608,-0.35625483,2026-05-31,2026-08-06,13,70,62,68,0.191177,0.240670,0.258640,0.078888,,,,,,,,GLOBAL_BASELINE_NO_ENTITY_RANKING,,,NOT_APPLICABLE_GLOBAL_BASELINE,HF9g-P5,,,,X 全窗基线 · 不参与实体赏罚,6872454,688,A168_HF9F_20260827_0900,2026-08-27 09:00:00
2026-06-27,105022163,2101,0,228.4859688844,95.5486778971,95.5486778971,0.7500000,4,4,0.50665070000000000,0.506650700000,0.9734833216690844,0.9734833216690844,0.9734833216690844,0E-17,ELIGIBLE,R03b_20260811_FULL_v1,L1_ELIGIBILITY,v2026-08-11,2026-03-21..2026-08-06,baccarat_bet02_101_all_pairs_incl_sentinel,round_win = game_pnl > 0 (decisive only),COMPATIBILITY_ONLY_NOT_PRODUCTION,6181.6506,5718.6840,168.0677,306,306,-0.02718816,-0.37501171,-0.01875688,-0.02718816,-168.0677,6181.6506,OK,0.0000,6.7227,4.0000,96.0000,AG03-UNRESOLVED,ALL5_LEVELS_bet23_to_bet27,6.7227,6.7227,6.7227,6.7227,6.7227,4.000000,4.000000,4.000000,4.000000,4.000000,96.000000,96.000000,96.000000,96.000000,96.000000,5.0,33.6135,31.0299,134.4542,137.0378,PENDING_AG03,FALSE,NOT_FOR_ENFORCEMENT,161.3450,5489.9367,168.0677,161.3450,6.7227,0.02718816,0.02610064,6.7227,161.3450,0.02610064,6.7227,6.7227,6.7227,6.7227,6.7227,161.3450,0.02610064,33.6135,31.0299,134.4542,137.0378,0.02175053,0.02216848,0.00108753,20.2015,18.6885,0.5492,12.9283,2.4010,475.5116,23.5385,5.2249,21.7099,8.3086,20.7715,20.7715,41.5429,54.0056,62.3144,12.4629,0.0,2.599991,3.0,0.972559,19,63,15,2,0.02366643,0.02718816,0.37501171,0E-8,0.000000,0.925106,0.519608,-0.35625483,2026-05-31,2026-08-06,13,70,62,68,0.191177,0.240670,0.258640,0.078888,,,,,,,,GLOBAL_BASELINE_NO_ENTITY_RANKING,,,NOT_APPLICABLE_GLOBAL_BASELINE,HF9g-P5,,,,X 全窗基线 · 不参与实体赏罚,6872455,688,A168_HF9F_20260827_0900,2026-08-27 09:00:00
2026-06-27,105022163,2123,0,62.3143551503,62.3143551503,62.3143551503,1.0000000,1,1,0.49324550000000000,0.493245500000,1.01360149184955,1.01360149184955,1.01360149184955,0E-17,ELIGIBLE,R03b_20260811_FULL_v1,L1_ELIGIBILITY,v2026-08-11,2026-03-21..2026-08-06,baccarat_bet02_101_all_pairs_incl_sentinel,round_win = game_pnl > 0 (decisive only),COMPATIBILITY_ONLY_NOT_PRODUCTION,6181.6506,5718.6840,168.0677,306,306,-0.02718816,-0.37501171,-0.01875688,-0.02718816,-168.0677,6181.6506,OK,0.0000,6.7227,4.0000,96.0000,AG03-UNRESOLVED,ALL5_LEVELS_bet23_to_bet27,6.7227,6.7227,6.7227,6.7227,6.7227,4.000000,4.000000,4.000000,4.000000,4.000000,96.000000,96.000000,96.000000,96.000000,96.000000,5.0,33.6135,31.0299,134.4542,137.0378,PENDING_AG03,FALSE,NOT_FOR_ENFORCEMENT,161.3450,5489.9367,168.0677,161.3450,6.7227,0.02718816,0.02610064,6.7227,161.3450,0.02610064,6.7227,6.7227,6.7227,6.7227,6.7227,161.3450,0.02610064,33.6135,31.0299,134.4542,137.0378,0.02175053,0.02216848,0.00108753,20.2015,18.6885,0.5492,12.9283,2.4010,475.5116,23.5385,5.2249,21.7099,8.3086,20.7715,20.7715,41.5429,54.0056,62.3144,12.4629,0.0,2.599991,3.0,0.972559,19,63,15,2,0.02366643,0.02718816,0.37501171,0E-8,0.000000,0.925106,0.519608,-0.35625483,2026-05-31,2026-08-06,13,70,62,68,0.191177,0.240670,0.258640,0.078888,,,,,,,,GLOBAL_BASELINE_NO_ENTITY_RANKING,,,NOT_APPLICABLE_GLOBAL_BASELINE,HF9g-P5,,,,X 全窗基线 · 不参与实体赏罚,6872456,688,A168_HF9F_20260827_0900,2026-08-27 09:00:00
2026-06-27,105022163,772,0,41.5429034335,-41.5429034335,-41.5429034335,0E-7,1,1,0.49324550000000000,0.493245500000,-0.9865810262130424,-0.9865810262130424,-0.9865810262130424,0E-17,ELIGIBLE,R03b_20260811_FULL_v1,L1_ELIGIBILITY,v2026-08-11,2026-03-21..2026-08-06,baccarat_bet02_101_all_pairs_incl_sentinel,round_win = game_pnl > 0 (decisive only),COMPATIBILITY_ONLY_NOT_PRODUCTION,6181.6506,5718.6840,168.0677,306,306,-0.02718816,-0.37501171,-0.01875688,-0.02718816,-168.0677,6181.6506,OK,0.0000,6.7227,4.0000,96.0000,AG03-UNRESOLVED,ALL5_LEVELS_bet23_to_bet27,6.7227,6.7227,6.7227,6.7227,6.7227,4.000000,4.000000,4.000000,4.000000,4.000000,96.000000,96.000000,96.000000,96.000000,96.000000,5.0,33.6135,31.0299,134.4542,137.0378,PENDING_AG03,FALSE,NOT_FOR_ENFORCEMENT,161.3450,5489.9367,168.0677,161.3450,6.7227,0.02718816,0.02610064,6.7227,161.3450,0.02610064,6.7227,6.7227,6.7227,6.7227,6.7227,161.3450,0.02610064,33.6135,31.0299,134.4542,137.0378,0.02175053,0.02216848,0.00108753,20.2015,18.6885,0.5492,12.9283,2.4010,475.5116,23.5385,5.2249,21.7099,8.3086,20.7715,20.7715,41.5429,54.0056,62.3144,12.4629,0.0,2.599991,3.0,0.972559,19,63,15,2,0.02366643,0.02718816,0.37501171,0E-8,0.000000,0.925106,0.519608,-0.35625483,2026-05-31,2026-08-06,13,70,62,68,0.191177,0.240670,0.258640,0.078888,,,,,,,,GLOBAL_BASELINE_NO_ENTITY_RANKING,,,NOT_APPLICABLE_GLOBAL_BASELINE,HF9g-P5,,,,X 全窗基线 · 不参与实体赏罚,6872457,688,A168_HF9F_20260827_0900,2026-08-27 09:00:00
2026-07-10,105022163,1151,0,28.6146425215,-4.0878060745,-4.0878060745,0.5000000,6,6,0.50441650000000000,0.504416500000,-0.02163718700157003,-0.02163718700157003,-0.02163718700157003,0E-17,ELIGIBLE,R03b_20260811_FULL_v1,L1_ELIGIBILITY,v2026-08-11,2026-03-21..2026-08-06,baccarat_bet02_101_all_pairs_incl_sentinel,round_win = game_pnl > 0 (decisive only),COMPATIBILITY_ONLY_NOT_PRODUCTION,6181.6506,5718.6840,168.0677,306,306,-0.02718816,-0.37501171,-0.01875688,-0.02718816,-168.0677,6181.6506,OK,0.0000,6.7227,4.0000,96.0000,AG03-UNRESOLVED,ALL5_LEVELS_bet23_to_bet27,6.7227,6.7227,6.7227,6.7227,6.7227,4.000000,4.000000,4.000000,4.000000,4.000000,96.000000,96.000000,96.000000,96.000000,96.000000,5.0,33.6135,31.0299,134.4542,137.0378,PENDING_AG03,FALSE,NOT_FOR_ENFORCEMENT,161.3450,5489.9367,168.0677,161.3450,6.7227,0.02718816,0.02610064,6.7227,161.3450,0.02610064,6.7227,6.7227,6.7227,6.7227,6.7227,161.3450,0.02610064,33.6135,31.0299,134.4542,137.0378,0.02175053,0.02216848,0.00108753,20.2015,18.6885,0.5492,12.9283,2.4010,475.5116,23.5385,5.2249,21.7099,8.3086,20.7715,20.7715,41.5429,54.0056,62.3144,12.4629,0.0,2.599991,3.0,0.972559,19,63,15,2,0.02366643,0.02718816,0.37501171,0E-8,0.000000,0.925106,0.519608,-0.35625483,2026-05-31,2026-08-06,13,70,62,68,0.191177,0.240670,0.258640,0.078888,,,,,,,,GLOBAL_BASELINE_NO_ENTITY_RANKING,,,NOT_APPLICABLE_GLOBAL_BASELINE,HF9g-P5,,,,X 全窗基线 · 不参与实体赏罚,6872458,688,A168_HF9F_20260827_0900,2026-08-27 09:00:00
2026-07-10,105022163,1963,0,8.1756121490,-8.1756121490,-8.1756121490,0E-7,1,1,0.49324550000000000,0.493245500000,-0.9865810262130424,-0.9865810262130424,-0.9865810262130424,0E-17,ELIGIBLE,R03b_20260811_FULL_v1,L1_ELIGIBILITY,v2026-08-11,2026-03-21..2026-08-06,baccarat_bet02_101_all_pairs_incl_sentinel,round_win = game_pnl > 0 (decisive only),COMPATIBILITY_ONLY_NOT_PRODUCTION,6181.6506,5718.6840,168.0677,306,306,-0.02718816,-0.37501171,-0.01875688,-0.02718816,-168.0677,6181.6506,OK,0.0000,6.7227,4.0000,96.0000,AG03-UNRESOLVED,ALL5_LEVELS_bet23_to_bet27,6.7227,6.7227,6.7227,6.7227,6.7227,4.000000,4.000000,4.000000,4.000000,4.000000,96.000000,96.000000,96.000000,96.000000,96.000000,5.0,33.6135,31.0299,134.4542,137.0378,PENDING_AG03,FALSE,NOT_FOR_ENFORCEMENT,161.3450,5489.9367,168.0677,161.3450,6.7227,0.02718816,0.02610064,6.7227,161.3450,0.02610064,6.7227,6.7227,6.7227,6.7227,6.7227,161.3450,0.02610064,33.6135,31.0299,134.4542,137.0378,0.02175053,0.02216848,0.00108753,20.2015,18.6885,0.5492,12.9283,2.4010,475.5116,23.5385,5.2249,21.7099,8.3086,20.7715,20.7715,41.5429,54.0056,62.3144,12.4629,0.0,2.599991,3.0,0.972559,19,63,15,2,0.02366643,0.02718816,0.37501171,0E-8,0.000000,0.925106,0.519608,-0.35625483,2026-05-31,2026-08-06,13,70,62,68,0.191177,0.240670,0.258640,0.078888,,,,,,,,GLOBAL_BASELINE_NO_ENTITY_RANKING,,,NOT_APPLICABLE_GLOBAL_BASELINE,HF9g-P5,,,,X 全窗基线 · 不参与实体赏罚,6872459,688,A168_HF9F_20260827_0900,2026-08-27 09:00:00
2026-07-10,105022163,2063,0,8.1756121490,-8.1756121490,-8.1756121490,0E-7,1,1,0.50665070000000000,0.506650700000,-1.013391052207602,-1.013391052207602,-1.013391052207602,0E-17,ELIGIBLE,R03b_20260811_FULL_v1,L1_ELIGIBILITY,v2026-08-11,2026-03-21..2026-08-06,baccarat_bet02_101_all_pairs_incl_sentinel,round_win = game_pnl > 0 (decisive only),COMPATIBILITY_ONLY_NOT_PRODUCTION,6181.6506,5718.6840,168.0677,306,306,-0.02718816,-0.37501171,-0.01875688,-0.02718816,-168.0677,6181.6506,OK,0.0000,6.7227,4.0000,96.0000,AG03-UNRESOLVED,ALL5_LEVELS_bet23_to_bet27,6.7227,6.7227,6.7227,6.7227,6.7227,4.000000,4.000000,4.000000,4.000000,4.000000,96.000000,96.000000,96.000000,96.000000,96.000000,5.0,33.6135,31.0299,134.4542,137.0378,PENDING_AG03,FALSE,NOT_FOR_ENFORCEMENT,161.3450,5489.9367,168.0677,161.3450,6.7227,0.02718816,0.02610064,6.7227,161.3450,0.02610064,6.7227,6.7227,6.7227,6.7227,6.7227,161.3450,0.02610064,33.6135,31.0299,134.4542,137.0378,0.02175053,0.02216848,0.00108753,20.2015,18.6885,0.5492,12.9283,2.4010,475.5116,23.5385,5.2249,21.7099,8.3086,20.7715,20.7715,41.5429,54.0056,62.3144,12.4629,0.0,2.599991,3.0,0.972559,19,63,15,2,0.02366643,0.02718816,0.37501171,0E-8,0.000000,0.925106,0.519608,-0.35625483,2026-05-31,2026-08-06,13,70,62,68,0.191177,0.240670,0.258640,0.078888,,,,,,,,GLOBAL_BASELINE_NO_ENTITY_RANKING,,,NOT_APPLICABLE_GLOBAL_BASELINE,HF9g-P5,,,,X 全窗基线 · 不参与实体赏罚,6872460,688,A168_HF9F_20260827_0900,2026-08-27 09:00:00
2026-07-10,105022163,2103,0,20.4390303725,-4.0878060745,-4.0878060745,0.4000000,5,5,0.50665070000000000,0.506650700000,-0.4769986289884125,-0.4769986289884125,-0.4769986289884125,0E-17,ELIGIBLE,R03b_20260811_FULL_v1,L1_ELIGIBILITY,v2026-08-11,2026-03-21..2026-08-06,baccarat_bet02_101_all_pairs_incl_sentinel,round_win = game_pnl > 0 (decisive only),COMPATIBILITY_ONLY_NOT_PRODUCTION,6181.6506,5718.6840,168.0677,306,306,-0.02718816,-0.37501171,-0.01875688,-0.02718816,-168.0677,6181.6506,OK,0.0000,6.7227,4.0000,96.0000,AG03-UNRESOLVED,ALL5_LEVELS_bet23_to_bet27,6.7227,6.7227,6.7227,6.7227,6.7227,4.000000,4.000000,4.000000,4.000000,4.000000,96.000000,96.000000,96.000000,96.000000,96.000000,5.0,33.6135,31.0299,134.4542,137.0378,PENDING_AG03,FALSE,NOT_FOR_ENFORCEMENT,161.3450,5489.9367,168.0677,161.3450,6.7227,0.02718816,0.02610064,6.7227,161.3450,0.02610064,6.7227,6.7227,6.7227,6.7227,6.7227,161.3450,0.02610064,33.6135,31.0299,134.4542,137.0378,0.02175053,0.02216848,0.00108753,20.2015,18.6885,0.5492,12.9283,2.4010,475.5116,23.5385,5.2249,21.7099,8.3086,20.7715,20.7715,41.5429,54.0056,62.3144,12.4629,0.0,2.599991,3.0,0.972559,19,63,15,2,0.02366643,0.02718816,0.37501171,0E-8,0.000000,0.925106,0.519608,-0.35625483,2026-05-31,2026-08-06,13,70,62,68,0.191177,0.240670,0.258640,0.078888,,,,,,,,GLOBAL_BASELINE_NO_ENTITY_RANKING,,,NOT_APPLICABLE_GLOBAL_BASELINE,HF9g-P5,,,,X 全窗基线 · 不参与实体赏罚,6872461,688,A168_HF9F_20260827_0900,2026-08-27 09:00:00
2026-07-10,105022163,2134,0,4.0878060745,-4.0878060745,-4.0878060745,0E-7,1,1,0.50665070000000000,0.506650700000,-1.013391052207602,-1.013391052207602,-1.013391052207602,0E-17,ELIGIBLE,R03b_20260811_FULL_v1,L1_ELIGIBILITY,v2026-08-11,2026-03-21..2026-08-06,baccarat_bet02_101_all_pairs_incl_sentinel,round_win = game_pnl > 0 (decisive only),COMPATIBILITY_ONLY_NOT_PRODUCTION,6181.6506,5718.6840,168.0677,306,306,-0.02718816,-0.37501171,-0.01875688,-0.02718816,-168.0677,6181.6506,OK,0.0000,6.7227,4.0000,96.0000,AG03-UNRESOLVED,ALL5_LEVELS_bet23_to_bet27,6.7227,6.7227,6.7227,6.7227,6.7227,4.000000,4.000000,4.000000,4.000000,4.000000,96.000000,96.000000,96.000000,96.000000,96.000000,5.0,33.6135,31.0299,134.4542,137.0378,PENDING_AG03,FALSE,NOT_FOR_ENFORCEMENT,161.3450,5489.9367,168.0677,161.3450,6.7227,0.02718816,0.02610064,6.7227,161.3450,0.02610064,6.7227,6.7227,6.7227,6.7227,6.7227,161.3450,0.02610064,33.6135,31.0299,134.4542,137.0378,0.02175053,0.02216848,0.00108753,20.2015,18.6885,0.5492,12.9283,2.4010,475.5116,23.5385,5.2249,21.7099,8.3086,20.7715,20.7715,41.5429,54.0056,62.3144,12.4629,0.0,2.599991,3.0,0.972559,19,63,15,2,0.02366643,0.02718816,0.37501171,0E-8,0.000000,0.925106,0.519608,-0.35625483,2026-05-31,2026-08-06,13,70,62,68,0.191177,0.240670,0.258640,0.078888,,,,,,,,GLOBAL_BASELINE_NO_ENTITY_RANKING,,,NOT_APPLICABLE_GLOBAL_BASELINE,HF9g-P5,,,,X 全窗基线 · 不参与实体赏罚,6872462,688,A168_HF9F_20260827_0900,2026-08-27 09:00:00
2026-07-10,105022163,994,0,4.0878060745,-4.0878060745,-4.0878060745,0E-7,1,1,0.50665070000000000,0.506650700000,-1.013391052207602,-1.013391052207602,-1.013391052207602,0E-17,ELIGIBLE,R03b_20260811_FULL_v1,L1_ELIGIBILITY,v2026-08-11,2026-03-21..2026-08-06,baccarat_bet02_101_all_pairs_incl_sentinel,round_win = game_pnl > 0 (decisive only),COMPATIBILITY_ONLY_NOT_PRODUCTION,6181.6506,5718.6840,168.0677,306,306,-0.02718816,-0.37501171,-0.01875688,-0.02718816,-168.0677,6181.6506,OK,0.0000,6.7227,4.0000,96.0000,AG03-UNRESOLVED,ALL5_LEVELS_bet23_to_bet27,6.7227,6.7227,6.7227,6.7227,6.7227,4.000000,4.000000,4.000000,4.000000,4.000000,96.000000,96.000000,96.000000,96.000000,96.000000,5.0,33.6135,31.0299,134.4542,137.0378,PENDING_AG03,FALSE,NOT_FOR_ENFORCEMENT,161.3450,5489.9367,168.0677,161.3450,6.7227,0.02718816,0.02610064,6.7227,161.3450,0.02610064,6.7227,6.7227,6.7227,6.7227,6.7227,161.3450,0.02610064,33.6135,31.0299,134.4542,137.0378,0.02175053,0.02216848,0.00108753,20.2015,18.6885,0.5492,12.9283,2.4010,475.5116,23.5385,5.2249,21.7099,8.3086,20.7715,20.7715,41.5429,54.0056,62.3144,12.4629,0.0,2.599991,3.0,0.972559,19,63,15,2,0.02366643,0.02718816,0.37501171,0E-8,0.000000,0.925106,0.519608,-0.35625483,2026-05-31,2026-08-06,13,70,62,68,0.191177,0.240670,0.258640,0.078888,,,,,,,,GLOBAL_BASELINE_NO_ENTITY_RANKING,,,NOT_APPLICABLE_GLOBAL_BASELINE,HF9g-P5,,,,X 全窗基线 · 不参与实体赏罚,6872463,688,A168_HF9F_20260827_0900,2026-08-27 09:00:00
2026-07-15,105022163,1210,0,2.0439030372,-2.0439030372,-2.0439030372,0E-7,1,1,0.50665070000000000,0.506650700000,-1.013391052207602,-1.013391052207602,-1.013391052207602,0E-17,ELIGIBLE,R03b_20260811_FULL_v1,L1_ELIGIBILITY,v2026-08-11,2026-03-21..2026-08-06,baccarat_bet02_101_all_pairs_incl_sentinel,round_win = game_pnl > 0 (decisive only),COMPATIBILITY_ONLY_NOT_PRODUCTION,6181.6506,5718.6840,168.0677,306,306,-0.02718816,-0.37501171,-0.01875688,-0.02718816,-168.0677,6181.6506,OK,0.0000,6.7227,4.0000,96.0000,AG03-UNRESOLVED,ALL5_LEVELS_bet23_to_bet27,6.7227,6.7227,6.7227,6.7227,6.7227,4.000000,4.000000,4.000000,4.000000,4.000000,96.000000,96.000000,96.000000,96.000000,96.000000,5.0,33.6135,31.0299,134.4542,137.0378,PENDING_AG03,FALSE,NOT_FOR_ENFORCEMENT,161.3450,5489.9367,168.0677,161.3450,6.7227,0.02718816,0.02610064,6.7227,161.3450,0.02610064,6.7227,6.7227,6.7227,6.7227,6.7227,161.3450,0.02610064,33.6135,31.0299,134.4542,137.0378,0.02175053,0.02216848,0.00108753,20.2015,18.6885,0.5492,12.9283,2.4010,475.5116,23.5385,5.2249,21.7099,8.3086,20.7715,20.7715,41.5429,54.0056,62.3144,12.4629,0.0,2.599991,3.0,0.972559,19,63,15,2,0.02366643,0.02718816,0.37501171,0E-8,0.000000,0.925106,0.519608,-0.35625483,2026-05-31,2026-08-06,13,70,62,68,0.191177,0.240670,0.258640,0.078888,,,,,,,,GLOBAL_BASELINE_NO_ENTITY_RANKING,,,NOT_APPLICABLE_GLOBAL_BASELINE,HF9g-P5,,,,X 全窗基线 · 不参与实体赏罚,6872464,688,A168_HF9F_20260827_0900,2026-08-27 09:00:00
2026-07-15,105022163,2142,0,2.0439030372,-2.0439030372,-2.0439030372,0E-7,1,1,0.50665070000000000,0.506650700000,-1.013391052207602,-1.013391052207602,-1.013391052207602,0E-17,ELIGIBLE,R03b_20260811_FULL_v1,L1_ELIGIBILITY,v2026-08-11,2026-03-21..2026-08-06,baccarat_bet02_101_all_pairs_incl_sentinel,round_win = game_pnl > 0 (decisive only),COMPATIBILITY_ONLY_NOT_PRODUCTION,6181.6506,5718.6840,168.0677,306,306,-0.02718816,-0.37501171,-0.01875688,-0.02718816,-168.0677,6181.6506,OK,0.0000,6.7227,4.0000,96.0000,AG03-UNRESOLVED,ALL5_LEVELS_bet23_to_bet27,6.7227,6.7227,6.7227,6.7227,6.7227,4.000000,4.000000,4.000000,4.000000,4.000000,96.000000,96.000000,96.000000,96.000000,96.000000,5.0,33.6135,31.0299,134.4542,137.0378,PENDING_AG03,FALSE,NOT_FOR_ENFORCEMENT,161.3450,5489.9367,168.0677,161.3450,6.7227,0.02718816,0.02610064,6.7227,161.3450,0.02610064,6.7227,6.7227,6.7227,6.7227,6.7227,161.3450,0.02610064,33.6135,31.0299,134.4542,137.0378,0.02175053,0.02216848,0.00108753,20.2015,18.6885,0.5492,12.9283,2.4010,475.5116,23.5385,5.2249,21.7099,8.3086,20.7715,20.7715,41.5429,54.0056,62.3144,12.4629,0.0,2.599991,3.0,0.972559,19,63,15,2,0.02366643,0.02718816,0.37501171,0E-8,0.000000,0.925106,0.519608,-0.35625483,2026-05-31,2026-08-06,13,70,62,68,0.191177,0.240670,0.258640,0.078888,,,,,,,,GLOBAL_BASELINE_NO_ENTITY_RANKING,,,NOT_APPLICABLE_GLOBAL_BASELINE,HF9g-P5,,,,X 全窗基线 · 不参与实体赏罚,6872465,688,A168_HF9F_20260827_0900,2026-08-27 09:00:00
2026-07-15,105022163,2170,0,4.0878060744,0E-10,0E-10,,2,2,0.50665070000000000,0.506650700000,,,,0E-17,NO_DECISIVE_ROUND,R03b_20260811_FULL_v1,L1_ELIGIBILITY,v2026-08-11,2026-03-21..2026-08-06,baccarat_bet02_101_all_pairs_incl_sentinel,round_win = game_pnl > 0 (decisive only),COMPATIBILITY_ONLY_NOT_PRODUCTION,6181.6506,5718.6840,168.0677,306,306,-0.02718816,-0.37501171,-0.01875688,-0.02718816,-168.0677,6181.6506,OK,0.0000,6.7227,4.0000,96.0000,AG03-UNRESOLVED,ALL5_LEVELS_bet23_to_bet27,6.7227,6.7227,6.7227,6.7227,6.7227,4.000000,4.000000,4.000000,4.000000,4.000000,96.000000,96.000000,96.000000,96.000000,96.000000,5.0,33.6135,31.0299,134.4542,137.0378,PENDING_AG03,FALSE,NOT_FOR_ENFORCEMENT,161.3450,5489.9367,168.0677,161.3450,6.7227,0.02718816,0.02610064,6.7227,161.3450,0.02610064,6.7227,6.7227,6.7227,6.7227,6.7227,161.3450,0.02610064,33.6135,31.0299,134.4542,137.0378,0.02175053,0.02216848,0.00108753,20.2015,18.6885,0.5492,12.9283,2.4010,475.5116,23.5385,5.2249,21.7099,8.3086,20.7715,20.7715,41.5429,54.0056,62.3144,12.4629,0.0,2.599991,3.0,0.972559,19,63,15,2,0.02366643,0.02718816,0.37501171,0E-8,0.000000,0.925106,0.519608,-0.35625483,2026-05-31,2026-08-06,13,70,62,68,0.191177,0.240670,0.258640,0.078888,,,,,,,,GLOBAL_BASELINE_NO_ENTITY_RANKING,,,NOT_APPLICABLE_GLOBAL_BASELINE,HF9g-P5,,,,X 全窗基线 · 不参与实体赏罚,6872466,688,A168_HF9F_20260827_0900,2026-08-27 09:00:00
2026-07-15,105022163,2171,0,2.0439030372,-2.0439030372,-2.0439030372,0E-7,1,1,0.50665070000000000,0.506650700000,-1.013391052207602,-1.013391052207602,-1.013391052207602,0E-17,ELIGIBLE,R03b_20260811_FULL_v1,L1_ELIGIBILITY,v2026-08-11,2026-03-21..2026-08-06,baccarat_bet02_101_all_pairs_incl_sentinel,round_win = game_pnl > 0 (decisive only),COMPATIBILITY_ONLY_NOT_PRODUCTION,6181.6506,5718.6840,168.0677,306,306,-0.02718816,-0.37501171,-0.01875688,-0.02718816,-168.0677,6181.6506,OK,0.0000,6.7227,4.0000,96.0000,AG03-UNRESOLVED,ALL5_LEVELS_bet23_to_bet27,6.7227,6.7227,6.7227,6.7227,6.7227,4.000000,4.000000,4.000000,4.000000,4.000000,96.000000,96.000000,96.000000,96.000000,96.000000,5.0,33.6135,31.0299,134.4542,137.0378,PENDING_AG03,FALSE,NOT_FOR_ENFORCEMENT,161.3450,5489.9367,168.0677,161.3450,6.7227,0.02718816,0.02610064,6.7227,161.3450,0.02610064,6.7227,6.7227,6.7227,6.7227,6.7227,161.3450,0.02610064,33.6135,31.0299,134.4542,137.0378,0.02175053,0.02216848,0.00108753,20.2015,18.6885,0.5492,12.9283,2.4010,475.5116,23.5385,5.2249,21.7099,8.3086,20.7715,20.7715,41.5429,54.0056,62.3144,12.4629,0.0,2.599991,3.0,0.972559,19,63,15,2,0.02366643,0.02718816,0.37501171,0E-8,0.000000,0.925106,0.519608,-0.35625483,2026-05-31,2026-08-06,13,70,62,68,0.191177,0.240670,0.258640,0.078888,,,,,,,,GLOBAL_BASELINE_NO_ENTITY_RANKING,,,NOT_APPLICABLE_GLOBAL_BASELINE,HF9g-P5,,,,X 全窗基线 · 不参与实体赏罚,6872467,688,A168_HF9F_20260827_0900,2026-08-27 09:00:00
2026-07-15,105022163,987,0,5.9273188080,-5.9273188080,-5.9273188080,0E-7,1,1,0.50665070000000000,0.506650700000,-1.013391052207602,-1.013391052207602,-1.013391052207602,0E-17,ELIGIBLE,R03b_20260811_FULL_v1,L1_ELIGIBILITY,v2026-08-11,2026-03-21..2026-08-06,baccarat_bet02_101_all_pairs_incl_sentinel,round_win = game_pnl > 0 (decisive only),COMPATIBILITY_ONLY_NOT_PRODUCTION,6181.6506,5718.6840,168.0677,306,306,-0.02718816,-0.37501171,-0.01875688,-0.02718816,-168.0677,6181.6506,OK,0.0000,6.7227,4.0000,96.0000,AG03-UNRESOLVED,ALL5_LEVELS_bet23_to_bet27,6.7227,6.7227,6.7227,6.7227,6.7227,4.000000,4.000000,4.000000,4.000000,4.000000,96.000000,96.000000,96.000000,96.000000,96.000000,5.0,33.6135,31.0299,134.4542,137.0378,PENDING_AG03,FALSE,NOT_FOR_ENFORCEMENT,161.3450,5489.9367,168.0677,161.3450,6.7227,0.02718816,0.02610064,6.7227,161.3450,0.02610064,6.7227,6.7227,6.7227,6.7227,6.7227,161.3450,0.02610064,33.6135,31.0299,134.4542,137.0378,0.02175053,0.02216848,0.00108753,20.2015,18.6885,0.5492,12.9283,2.4010,475.5116,23.5385,5.2249,21.7099,8.3086,20.7715,20.7715,41.5429,54.0056,62.3144,12.4629,0.0,2.599991,3.0,0.972559,19,63,15,2,0.02366643,0.02718816,0.37501171,0E-8,0.000000,0.925106,0.519608,-0.35625483,2026-05-31,2026-08-06,13,70,62,68,0.191177,0.240670,0.258640,0.078888,,,,,,,,GLOBAL_BASELINE_NO_ENTITY_RANKING,,,NOT_APPLICABLE_GLOBAL_BASELINE,HF9g-P5,,,,X 全窗基线 · 不参与实体赏罚,6872468,688,A168_HF9F_20260827_0900,2026-08-27 09:00:00
2026-08-06,105022163,1306,0,24.2443833845,-8.0814611281,-8.0814611281,0.3333333,3,3,0.50665070000000000,0.506650700000,-0.6004420894325239,-0.6004420894325239,-0.6004420894325239,0E-17,ELIGIBLE,R03b_20260811_FULL_v1,L1_ELIGIBILITY,v2026-08-11,2026-03-21..2026-08-06,baccarat_bet02_101_all_pairs_incl_sentinel,round_win = game_pnl > 0 (decisive only),COMPATIBILITY_ONLY_NOT_PRODUCTION,6181.6506,5718.6840,168.0677,306,306,-0.02718816,-0.37501171,-0.01875688,-0.02718816,-168.0677,6181.6506,OK,0.0000,6.7227,4.0000,96.0000,AG03-UNRESOLVED,ALL5_LEVELS_bet23_to_bet27,6.7227,6.7227,6.7227,6.7227,6.7227,4.000000,4.000000,4.000000,4.000000,4.000000,96.000000,96.000000,96.000000,96.000000,96.000000,5.0,33.6135,31.0299,134.4542,137.0378,PENDING_AG03,FALSE,NOT_FOR_ENFORCEMENT,161.3450,5489.9367,168.0677,161.3450,6.7227,0.02718816,0.02610064,6.7227,161.3450,0.02610064,6.7227,6.7227,6.7227,6.7227,6.7227,161.3450,0.02610064,33.6135,31.0299,134.4542,137.0378,0.02175053,0.02216848,0.00108753,20.2015,18.6885,0.5492,12.9283,2.4010,475.5116,23.5385,5.2249,21.7099,8.3086,20.7715,20.7715,41.5429,54.0056,62.3144,12.4629,0.0,2.599991,3.0,0.972559,19,63,15,2,0.02366643,0.02718816,0.37501171,0E-8,0.000000,0.925106,0.519608,-0.35625483,2026-05-31,2026-08-06,13,70,62,68,0.191177,0.240670,0.258640,0.078888,,,,,,,,GLOBAL_BASELINE_NO_ENTITY_RANKING,,,NOT_APPLICABLE_GLOBAL_BASELINE,HF9g-P5,,,,X 全窗基线 · 不参与实体赏罚,6872469,688,A168_HF9F_20260827_0900,2026-08-27 09:00:00
2026-08-06,105022163,2235,0,32.3258445127,-2.0203652821,-2.0203652821,0.5000000,4,4,0.50665070000000000,0.506650700000,-0.02660515369234503,-0.02660515369234503,-0.02660515369234503,0E-17,ELIGIBLE,R03b_20260811_FULL_v1,L1_ELIGIBILITY,v2026-08-11,2026-03-21..2026-08-06,baccarat_bet02_101_all_pairs_incl_sentinel,round_win = game_pnl > 0 (decisive only),COMPATIBILITY_ONLY_NOT_PRODUCTION,6181.6506,5718.6840,168.0677,306,306,-0.02718816,-0.37501171,-0.01875688,-0.02718816,-168.0677,6181.6506,OK,0.0000,6.7227,4.0000,96.0000,AG03-UNRESOLVED,ALL5_LEVELS_bet23_to_bet27,6.7227,6.7227,6.7227,6.7227,6.7227,4.000000,4.000000,4.000000,4.000000,4.000000,96.000000,96.000000,96.000000,96.000000,96.000000,5.0,33.6135,31.0299,134.4542,137.0378,PENDING_AG03,FALSE,NOT_FOR_ENFORCEMENT,161.3450,5489.9367,168.0677,161.3450,6.7227,0.02718816,0.02610064,6.7227,161.3450,0.02610064,6.7227,6.7227,6.7227,6.7227,6.7227,161.3450,0.02610064,33.6135,31.0299,134.4542,137.0378,0.02175053,0.02216848,0.00108753,20.2015,18.6885,0.5492,12.9283,2.4010,475.5116,23.5385,5.2249,21.7099,8.3086,20.7715,20.7715,41.5429,54.0056,62.3144,12.4629,0.0,2.599991,3.0,0.972559,19,63,15,2,0.02366643,0.02718816,0.37501171,0E-8,0.000000,0.925106,0.519608,-0.35625483,2026-05-31,2026-08-06,13,70,62,68,0.191177,0.240670,0.258640,0.078888,,,,,,,,GLOBAL_BASELINE_NO_ENTITY_RANKING,,,NOT_APPLICABLE_GLOBAL_BASELINE,HF9g-P5,,,,X 全窗基线 · 不参与实体赏罚,6872470,688,A168_HF9F_20260827_0900,2026-08-27 09:00:00
2026-06-06,151081854,1331,0,135.3122151322,-135.3122151322,-135.3122151322,0E-7,2,2,0.49324550000000000,0.493245500000,-1.3952362676504506,-1.3952362676504506,-1.3952362676504506,0E-17,ELIGIBLE,R03b_20260811_FULL_v1,L1_ELIGIBILITY,v2026-08-11,2026-03-21..2026-08-06,baccarat_bet02_101_all_pairs_incl_sentinel,round_win = game_pnl > 0 (decisive only),COMPATIBILITY_ONLY_NOT_PRODUCTION,173.7694,173.7694,168.0720,4,4,-0.96721311,,-0.96721311,-0.96721311,-168.0720,173.7694,THIN_EXPOSURE,0.0000,6.7229,4.0000,96.0000,AG03-UNRESOLVED,ALL5_LEVELS_bet23_to_bet27,6.7229,6.7229,6.7229,6.7229,6.7229,4.000000,4.000000,4.000000,4.000000,4.000000,96.000000,96.000000,96.000000,96.000000,96.000000,5.0,33.6144,31.0307,134.4576,137.0413,PENDING_AG03,FALSE,NOT_FOR_ENFORCEMENT,161.3491,166.8186,168.0720,161.3491,6.7229,0.96721311,0.92852459,6.7229,161.3491,0.92852459,6.7229,6.7229,6.7229,6.7229,6.7229,161.3491,0.92852459,33.6144,31.0307,134.4576,137.0413,0.77377049,0.78863917,0.03868852,43.4423,43.4423,42.0180,168.0720,56.0240,173.7694,4.0000,,43.4423,19.2286,49.8519,67.6561,71.217,71.217,71.217,49.8519,-49.8519,1.428571,1.428571,0.871429,3,3,2,1,0E-8,0.96721311,,0E-8,0.000000,1.000000,0.000000,,2026-06-06,2026-06-06,1,3,3,1,1.000000,,,0.000000,,,,,,,,GLOBAL_BASELINE_NO_ENTITY_RANKING,,,NOT_APPLICABLE_GLOBAL_BASELINE,HF9g-P5,,,,X 全窗基线 · 不参与实体赏罚,6872471,688,A168_HF9F_20260827_0900,2026-08-27 09:00:00
2026-06-06,151081854,1505,0,2.8486782133,2.8486782133,2.8486782133,1.0000000,1,1,0.49324550000000000,0.493245500000,1.01360149184955,1.01360149184955,1.01360149184955,0E-17,ELIGIBLE,R03b_20260811_FULL_v1,L1_ELIGIBILITY,v2026-08-11,2026-03-21..2026-08-06,baccarat_bet02_101_all_pairs_incl_sentinel,round_win = game_pnl > 0 (decisive only),COMPATIBILITY_ONLY_NOT_PRODUCTION,173.7694,173.7694,168.0720,4,4,-0.96721311,,-0.96721311,-0.96721311,-168.0720,173.7694,THIN_EXPOSURE,0.0000,6.7229,4.0000,96.0000,AG03-UNRESOLVED,ALL5_LEVELS_bet23_to_bet27,6.7229,6.7229,6.7229,6.7229,6.7229,4.000000,4.000000,4.000000,4.000000,4.000000,96.000000,96.000000,96.000000,96.000000,96.000000,5.0,33.6144,31.0307,134.4576,137.0413,PENDING_AG03,FALSE,NOT_FOR_ENFORCEMENT,161.3491,166.8186,168.0720,161.3491,6.7229,0.96721311,0.92852459,6.7229,161.3491,0.92852459,6.7229,6.7229,6.7229,6.7229,6.7229,161.3491,0.92852459,33.6144,31.0307,134.4576,137.0413,0.77377049,0.78863917,0.03868852,43.4423,43.4423,42.0180,168.0720,56.0240,173.7694,4.0000,,43.4423,19.2286,49.8519,67.6561,71.217,71.217,71.217,49.8519,-49.8519,1.428571,1.428571,0.871429,3,3,2,1,0E-8,0.96721311,,0E-8,0.000000,1.000000,0.000000,,2026-06-06,2026-06-06,1,3,3,1,1.000000,,,0.000000,,,,,,,,GLOBAL_BASELINE_NO_ENTITY_RANKING,,,NOT_APPLICABLE_GLOBAL_BASELINE,HF9g-P5,,,,X 全窗基线 · 不参与实体赏罚,6872472,688,A168_HF9F_20260827_0900,2026-08-27 09:00:00
2026-06-06,151081854,2171,0,35.6084776664,-35.6084776664,-35.6084776664,0E-7,1,1,0.49324550000000000,0.493245500000,-0.9865810262130424,-0.9865810262130424,-0.9865810262130424,0E-17,ELIGIBLE,R03b_20260811_FULL_v1,L1_ELIGIBILITY,v2026-08-11,2026-03-21..2026-08-06,baccarat_bet02_101_all_pairs_incl_sentinel,round_win = game_pnl > 0 (decisive only),COMPATIBILITY_ONLY_NOT_PRODUCTION,173.7694,173.7694,168.0720,4,4,-0.96721311,,-0.96721311,-0.96721311,-168.0720,173.7694,THIN_EXPOSURE,0.0000,6.7229,4.0000,96.0000,AG03-UNRESOLVED,ALL5_LEVELS_bet23_to_bet27,6.7229,6.7229,6.7229,6.7229,6.7229,4.000000,4.000000,4.000000,4.000000,4.000000,96.000000,96.000000,96.000000,96.000000,96.000000,5.0,33.6144,31.0307,134.4576,137.0413,PENDING_AG03,FALSE,NOT_FOR_ENFORCEMENT,161.3491,166.8186,168.0720,161.3491,6.7229,0.96721311,0.92852459,6.7229,161.3491,0.92852459,6.7229,6.7229,6.7229,6.7229,6.7229,161.3491,0.92852459,33.6144,31.0307,134.4576,137.0413,0.77377049,0.78863917,0.03868852,43.4423,43.4423,42.0180,168.0720,56.0240,173.7694,4.0000,,43.4423,19.2286,49.8519,67.6561,71.217,71.217,71.217,49.8519,-49.8519,1.428571,1.428571,0.871429,3,3,2,1,0E-8,0.96721311,,0E-8,0.000000,1.000000,0.000000,,2026-06-06,2026-06-06,1,3,3,1,1.000000,,,0.000000,,,,,,,,GLOBAL_BASELINE_NO_ENTITY_RANKING,,,NOT_APPLICABLE_GLOBAL_BASELINE,HF9g-P5,,,,X 全窗基线 · 不参与实体赏罚,6872473,688,A168_HF9F_20260827_0900,2026-08-27 09:00:00
2026-07-20,153236667,-1,1,46.4720006196,-20.6542224976,-20.6542224976,0.2500000,9,9,0.49324550000000000,0.493245500000,-1.376129913168058,-1.376129913168058,-1.376129913168058,0E-17,SENTINEL_DEALER,R03b_20260811_FULL_v1,L1_ELIGIBILITY,v2026-08-11,2026-03-21..2026-08-06,baccarat_bet02_101_all_pairs_incl_sentinel,round_win = game_pnl > 0 (decisive only),COMPATIBILITY_ONLY_NOT_PRODUCTION,369.4524,359.1253,168.0737,33,33,-0.45492662,-0.45492662,,-0.45492662,-168.0737,369.4524,OK,0.0000,6.7229,4.0000,96.0000,AG03-UNRESOLVED,ALL5_LEVELS_bet23_to_bet27,6.7229,6.7229,6.7229,8.4037,8.4037,4.000000,4.000000,4.000000,5.000000,5.000000,96.000000,96.000000,96.000000,95.000000,95.000000,5.0,36.9762,33.8712,131.0975,134.2025,PENDING_AG03,FALSE,NOT_FOR_ENFORCEMENT,161.3508,344.7603,168.0737,161.3508,6.7229,0.45492662,0.43672956,6.7229,161.3508,0.43672956,6.7229,6.7229,6.7229,8.4037,8.4037,161.3508,0.43672956,36.9762,33.8712,131.0975,134.2025,0.35484277,0.36324719,0.01819706,11.1955,10.8826,5.0931,168.0737,8.4037,369.4524,33.0000,11.1955,,5.1636,5.1636,5.1636,39.2947,58.9033,77.4533,5.1636,-5.1636,11.407502,14.999999,2.168182,20,14,1,2,1.00000000,0.45492662,0.45492662,0E-8,0.000000,0.972048,0.000000,,2026-07-20,2026-07-20,1,20,20,1,1.000000,,1.000000,3.333333,,,,,,,,GLOBAL_BASELINE_NO_ENTITY_RANKING,,,NOT_APPLICABLE_GLOBAL_BASELINE,HF9g-P5,,,,X 全窗基线 · 不参与实体赏罚,6872474,688,A168_HF9F_20260827_0900,2026-08-27 09:00:00
2026-07-20,153236667,1094,0,51.8937340252,-51.8937340252,-51.8937340252,0E-7,3,3,0.49771390000000000,0.497713900000,-1.724149546644903,-1.724149546644903,-1.724149546644903,0E-17,ELIGIBLE,R03b_20260811_FULL_v1,L1_ELIGIBILITY,v2026-08-11,2026-03-21..2026-08-06,baccarat_bet02_101_all_pairs_incl_sentinel,round_win = game_pnl > 0 (decisive only),COMPATIBILITY_ONLY_NOT_PRODUCTION,369.4524,359.1253,168.0737,33,33,-0.45492662,-0.45492662,,-0.45492662,-168.0737,369.4524,OK,0.0000,6.7229,4.0000,96.0000,AG03-UNRESOLVED,ALL5_LEVELS_bet23_to_bet27,6.7229,6.7229,6.7229,8.4037,8.4037,4.000000,4.000000,4.000000,5.000000,5.000000,96.000000,96.000000,96.000000,95.000000,95.000000,5.0,36.9762,33.8712,131.0975,134.2025,PENDING_AG03,FALSE,NOT_FOR_ENFORCEMENT,161.3508,344.7603,168.0737,161.3508,6.7229,0.45492662,0.43672956,6.7229,161.3508,0.43672956,6.7229,6.7229,6.7229,8.4037,8.4037,161.3508,0.43672956,36.9762,33.8712,131.0975,134.2025,0.35484277,0.36324719,0.01819706,11.1955,10.8826,5.0931,168.0737,8.4037,369.4524,33.0000,11.1955,,5.1636,5.1636,5.1636,39.2947,58.9033,77.4533,5.1636,-5.1636,11.407502,14.999999,2.168182,20,14,1,2,1.00000000,0.45492662,0.45492662,0E-8,0.000000,0.972048,0.000000,,2026-07-20,2026-07-20,1,20,20,1,1.000000,,1.000000,3.333333,,,,,,,,GLOBAL_BASELINE_NO_ENTITY_RANKING,,,NOT_APPLICABLE_GLOBAL_BASELINE,HF9g-P5,,,,X 全窗基线 · 不参与实体赏罚,6872475,688,A168_HF9F_20260827_0900,2026-08-27 09:00:00
2026-07-20,153236667,1940,0,5.1635556244,-5.1635556244,-5.1635556244,0E-7,1,1,0.49324550000000000,0.493245500000,-0.9865810262130424,-0.9865810262130424,-0.9865810262130424,0E-17,ELIGIBLE,R03b_20260811_FULL_v1,L1_ELIGIBILITY,v2026-08-11,2026-03-21..2026-08-06,baccarat_bet02_101_all_pairs_incl_sentinel,round_win = game_pnl > 0 (decisive only),COMPATIBILITY_ONLY_NOT_PRODUCTION,369.4524,359.1253,168.0737,33,33,-0.45492662,-0.45492662,,-0.45492662,-168.0737,369.4524,OK,0.0000,6.7229,4.0000,96.0000,AG03-UNRESOLVED,ALL5_LEVELS_bet23_to_bet27,6.7229,6.7229,6.7229,8.4037,8.4037,4.000000,4.000000,4.000000,5.000000,5.000000,96.000000,96.000000,96.000000,95.000000,95.000000,5.0,36.9762,33.8712,131.0975,134.2025,PENDING_AG03,FALSE,NOT_FOR_ENFORCEMENT,161.3508,344.7603,168.0737,161.3508,6.7229,0.45492662,0.43672956,6.7229,161.3508,0.43672956,6.7229,6.7229,6.7229,8.4037,8.4037,161.3508,0.43672956,36.9762,33.8712,131.0975,134.2025,0.35484277,0.36324719,0.01819706,11.1955,10.8826,5.0931,168.0737,8.4037,369.4524,33.0000,11.1955,,5.1636,5.1636,5.1636,39.2947,58.9033,77.4533,5.1636,-5.1636,11.407502,14.999999,2.168182,20,14,1,2,1.00000000,0.45492662,0.45492662,0E-8,0.000000,0.972048,0.000000,,2026-07-20,2026-07-20,1,20,20,1,1.000000,,1.000000,3.333333,,,,,,,,GLOBAL_BASELINE_NO_ENTITY_RANKING,,,NOT_APPLICABLE_GLOBAL_BASELINE,HF9g-P5,,,,X 全窗基线 · 不参与实体赏罚,6872476,688,A168_HF9F_20260827_0900,2026-08-27 09:00:00
2026-07-20,153236667,2201,0,5.1635556244,-5.1635556244,-5.1635556244,0E-7,1,1,0.49324550000000000,0.493245500000,-0.9865810262130424,-0.9865810262130424,-0.9865810262130424,0E-17,ELIGIBLE,R03b_20260811_FULL_v1,L1_ELIGIBILITY,v2026-08-11,2026-03-21..2026-08-06,baccarat_bet02_101_all_pairs_incl_sentinel,round_win = game_pnl > 0 (decisive only),COMPATIBILITY_ONLY_NOT_PRODUCTION,369.4524,359.1253,168.0737,33,33,-0.45492662,-0.45492662,,-0.45492662,-168.0737,369.4524,OK,0.0000,6.7229,4.0000,96.0000,AG03-UNRESOLVED,ALL5_LEVELS_bet23_to_bet27,6.7229,6.7229,6.7229,8.4037,8.4037,4.000000,4.000000,4.000000,5.000000,5.000000,96.000000,96.000000,96.000000,95.000000,95.000000,5.0,36.9762,33.8712,131.0975,134.2025,PENDING_AG03,FALSE,NOT_FOR_ENFORCEMENT,161.3508,344.7603,168.0737,161.3508,6.7229,0.45492662,0.43672956,6.7229,161.3508,0.43672956,6.7229,6.7229,6.7229,8.4037,8.4037,161.3508,0.43672956,36.9762,33.8712,131.0975,134.2025,0.35484277,0.36324719,0.01819706,11.1955,10.8826,5.0931,168.0737,8.4037,369.4524,33.0000,11.1955,,5.1636,5.1636,5.1636,39.2947,58.9033,77.4533,5.1636,-5.1636,11.407502,14.999999,2.168182,20,14,1,2,1.00000000,0.45492662,0.45492662,0E-8,0.000000,0.972048,0.000000,,2026-07-20,2026-07-20,1,20,20,1,1.000000,,1.000000,3.333333,,,,,,,,GLOBAL_BASELINE_NO_ENTITY_RANKING,,,NOT_APPLICABLE_GLOBAL_BASELINE,HF9g-P5,,,,X 全窗基线 · 不参与实体赏罚,6872477,688,A168_HF9F_20260827_0900,2026-08-27 09:00:00
2026-07-20,153236667,2216,0,10.3271112488,5.1635556244,5.1635556244,1.0000000,2,2,0.49324550000000000,0.493245500000,1.01360149184955,1.01360149184955,1.01360149184955,0E-17,ELIGIBLE,R03b_20260811_FULL_v1,L1_ELIGIBILITY,v2026-08-11,2026-03-21..2026-08-06,baccarat_bet02_101_all_pairs_incl_sentinel,round_win = game_pnl > 0 (decisive only),COMPATIBILITY_ONLY_NOT_PRODUCTION,369.4524,359.1253,168.0737,33,33,-0.45492662,-0.45492662,,-0.45492662,-168.0737,369.4524,OK,0.0000,6.7229,4.0000,96.0000,AG03-UNRESOLVED,ALL5_LEVELS_bet23_to_bet27,6.7229,6.7229,6.7229,8.4037,8.4037,4.000000,4.000000,4.000000,5.000000,5.000000,96.000000,96.000000,96.000000,95.000000,95.000000,5.0,36.9762,33.8712,131.0975,134.2025,PENDING_AG03,FALSE,NOT_FOR_ENFORCEMENT,161.3508,344.7603,168.0737,161.3508,6.7229,0.45492662,0.43672956,6.7229,161.3508,0.43672956,6.7229,6.7229,6.7229,8.4037,8.4037,161.3508,0.43672956,36.9762,33.8712,131.0975,134.2025,0.35484277,0.36324719,0.01819706,11.1955,10.8826,5.0931,168.0737,8.4037,369.4524,33.0000,11.1955,,5.1636,5.1636,5.1636,39.2947,58.9033,77.4533,5.1636,-5.1636,11.407502,14.999999,2.168182,20,14,1,2,1.00000000,0.45492662,0.45492662,0E-8,0.000000,0.972048,0.000000,,2026-07-20,2026-07-20,1,20,20,1,1.000000,,1.000000,3.333333,,,,,,,,GLOBAL_BASELINE_NO_ENTITY_RANKING,,,NOT_APPLICABLE_GLOBAL_BASELINE,HF9g-P5,,,,X 全窗基线 · 不参与实体赏罚,6872478,688,A168_HF9F_20260827_0900,2026-08-27 09:00:00
2026-07-20,153236667,2220,0,126.5071127978,-38.7266671830,-38.7266671830,0.5000000,4,4,0.49324550000000000,0.493245500000,0.027020465636507562,0.027020465636507562,0.027020465636507562,0E-17,ELIGIBLE,R03b_20260811_FULL_v1,L1_ELIGIBILITY,v2026-08-11,2026-03-21..2026-08-06,baccarat_bet02_101_all_pairs_incl_sentinel,round_win = game_pnl > 0 (decisive only),COMPATIBILITY_ONLY_NOT_PRODUCTION,369.4524,359.1253,168.0737,33,33,-0.45492662,-0.45492662,,-0.45492662,-168.0737,369.4524,OK,0.0000,6.7229,4.0000,96.0000,AG03-UNRESOLVED,ALL5_LEVELS_bet23_to_bet27,6.7229,6.7229,6.7229,8.4037,8.4037,4.000000,4.000000,4.000000,5.000000,5.000000,96.000000,96.000000,96.000000,95.000000,95.000000,5.0,36.9762,33.8712,131.0975,134.2025,PENDING_AG03,FALSE,NOT_FOR_ENFORCEMENT,161.3508,344.7603,168.0737,161.3508,6.7229,0.45492662,0.43672956,6.7229,161.3508,0.43672956,6.7229,6.7229,6.7229,8.4037,8.4037,161.3508,0.43672956,36.9762,33.8712,131.0975,134.2025,0.35484277,0.36324719,0.01819706,11.1955,10.8826,5.0931,168.0737,8.4037,369.4524,33.0000,11.1955,,5.1636,5.1636,5.1636,39.2947,58.9033,77.4533,5.1636,-5.1636,11.407502,14.999999,2.168182,20,14,1,2,1.00000000,0.45492662,0.45492662,0E-8,0.000000,0.972048,0.000000,,2026-07-20,2026-07-20,1,20,20,1,1.000000,,1.000000,3.333333,,,,,,,,GLOBAL_BASELINE_NO_ENTITY_RANKING,,,NOT_APPLICABLE_GLOBAL_BASELINE,HF9g-P5,,,,X 全窗基线 · 不参与实体赏罚,6872479,688,A168_HF9F_20260827_0900,2026-08-27 09:00:00
2026-07-20,153236667,2242,0,10.3271112488,0E-10,0E-10,0.5000000,2,2,0.49324550000000000,0.493245500000,0.01910635448239258,0.01910635448239258,0.01910635448239258,0E-17,ELIGIBLE,R03b_20260811_FULL_v1,L1_ELIGIBILITY,v2026-08-11,2026-03-21..2026-08-06,baccarat_bet02_101_all_pairs_incl_sentinel,round_win = game_pnl > 0 (decisive only),COMPATIBILITY_ONLY_NOT_PRODUCTION,369.4524,359.1253,168.0737,33,33,-0.45492662,-0.45492662,,-0.45492662,-168.0737,369.4524,OK,0.0000,6.7229,4.0000,96.0000,AG03-UNRESOLVED,ALL5_LEVELS_bet23_to_bet27,6.7229,6.7229,6.7229,8.4037,8.4037,4.000000,4.000000,4.000000,5.000000,5.000000,96.000000,96.000000,96.000000,95.000000,95.000000,5.0,36.9762,33.8712,131.0975,134.2025,PENDING_AG03,FALSE,NOT_FOR_ENFORCEMENT,161.3508,344.7603,168.0737,161.3508,6.7229,0.45492662,0.43672956,6.7229,161.3508,0.43672956,6.7229,6.7229,6.7229,8.4037,8.4037,161.3508,0.43672956,36.9762,33.8712,131.0975,134.2025,0.35484277,0.36324719,0.01819706,11.1955,10.8826,5.0931,168.0737,8.4037,369.4524,33.0000,11.1955,,5.1636,5.1636,5.1636,39.2947,58.9033,77.4533,5.1636,-5.1636,11.407502,14.999999,2.168182,20,14,1,2,1.00000000,0.45492662,0.45492662,0E-8,0.000000,0.972048,0.000000,,2026-07-20,2026-07-20,1,20,20,1,1.000000,,1.000000,3.333333,,,,,,,,GLOBAL_BASELINE_NO_ENTITY_RANKING,,,NOT_APPLICABLE_GLOBAL_BASELINE,HF9g-P5,,,,X 全窗基线 · 不参与实体赏罚,6872480,688,A168_HF9F_20260827_0900,2026-08-27 09:00:00
2026-07-20,153236667,2254,0,10.3271112488,0E-10,0E-10,0.5000000,2,2,0.49324550000000000,0.493245500000,0.01910635448239258,0.01910635448239258,0.01910635448239258,0E-17,ELIGIBLE,R03b_20260811_FULL_v1,L1_ELIGIBILITY,v2026-08-11,2026-03-21..2026-08-06,baccarat_bet02_101_all_pairs_incl_sentinel,round_win = game_pnl > 0 (decisive only),COMPATIBILITY_ONLY_NOT_PRODUCTION,369.4524,359.1253,168.0737,33,33,-0.45492662,-0.45492662,,-0.45492662,-168.0737,369.4524,OK,0.0000,6.7229,4.0000,96.0000,AG03-UNRESOLVED,ALL5_LEVELS_bet23_to_bet27,6.7229,6.7229,6.7229,8.4037,8.4037,4.000000,4.000000,4.000000,5.000000,5.000000,96.000000,96.000000,96.000000,95.000000,95.000000,5.0,36.9762,33.8712,131.0975,134.2025,PENDING_AG03,FALSE,NOT_FOR_ENFORCEMENT,161.3508,344.7603,168.0737,161.3508,6.7229,0.45492662,0.43672956,6.7229,161.3508,0.43672956,6.7229,6.7229,6.7229,8.4037,8.4037,161.3508,0.43672956,36.9762,33.8712,131.0975,134.2025,0.35484277,0.36324719,0.01819706,11.1955,10.8826,5.0931,168.0737,8.4037,369.4524,33.0000,11.1955,,5.1636,5.1636,5.1636,39.2947,58.9033,77.4533,5.1636,-5.1636,11.407502,14.999999,2.168182,20,14,1,2,1.00000000,0.45492662,0.45492662,0E-8,0.000000,0.972048,0.000000,,2026-07-20,2026-07-20,1,20,20,1,1.000000,,1.000000,3.333333,,,,,,,,GLOBAL_BASELINE_NO_ENTITY_RANKING,,,NOT_APPLICABLE_GLOBAL_BASELINE,HF9g-P5,,,,X 全窗基线 · 不参与实体赏罚,6872481,688,A168_HF9F_20260827_0900,2026-08-27 09:00:00
2026-07-20,153236667,2267,0,5.1635556244,-5.1635556244,-5.1635556244,0E-7,1,1,0.49324550000000000,0.493245500000,-0.9865810262130424,-0.9865810262130424,-0.9865810262130424,0E-17,ELIGIBLE,R03b_20260811_FULL_v1,L1_ELIGIBILITY,v2026-08-11,2026-03-21..2026-08-06,baccarat_bet02_101_all_pairs_incl_sentinel,round_win = game_pnl > 0 (decisive only),COMPATIBILITY_ONLY_NOT_PRODUCTION,369.4524,359.1253,168.0737,33,33,-0.45492662,-0.45492662,,-0.45492662,-168.0737,369.4524,OK,0.0000,6.7229,4.0000,96.0000,AG03-UNRESOLVED,ALL5_LEVELS_bet23_to_bet27,6.7229,6.7229,6.7229,8.4037,8.4037,4.000000,4.000000,4.000000,5.000000,5.000000,96.000000,96.000000,96.000000,95.000000,95.000000,5.0,36.9762,33.8712,131.0975,134.2025,PENDING_AG03,FALSE,NOT_FOR_ENFORCEMENT,161.3508,344.7603,168.0737,161.3508,6.7229,0.45492662,0.43672956,6.7229,161.3508,0.43672956,6.7229,6.7229,6.7229,8.4037,8.4037,161.3508,0.43672956,36.9762,33.8712,131.0975,134.2025,0.35484277,0.36324719,0.01819706,11.1955,10.8826,5.0931,168.0737,8.4037,369.4524,33.0000,11.1955,,5.1636,5.1636,5.1636,39.2947,58.9033,77.4533,5.1636,-5.1636,11.407502,14.999999,2.168182,20,14,1,2,1.00000000,0.45492662,0.45492662,0E-8,0.000000,0.972048,0.000000,,2026-07-20,2026-07-20,1,20,20,1,1.000000,,1.000000,3.333333,,,,,,,,GLOBAL_BASELINE_NO_ENTITY_RANKING,,,NOT_APPLICABLE_GLOBAL_BASELINE,HF9g-P5,,,,X 全窗基线 · 不参与实体赏罚,6872482,688,A168_HF9F_20260827_0900,2026-08-27 09:00:00
2026-07-20,153236667,2271,0,5.1635556244,5.1635556244,5.1635556244,1.0000000,1,1,0.49324550000000000,0.493245500000,1.01360149184955,1.01360149184955,1.01360149184955,0E-17,ELIGIBLE,R03b_20260811_FULL_v1,L1_ELIGIBILITY,v2026-08-11,2026-03-21..2026-08-06,baccarat_bet02_101_all_pairs_incl_sentinel,round_win = game_pnl > 0 (decisive only),COMPATIBILITY_ONLY_NOT_PRODUCTION,369.4524,359.1253,168.0737,33,33,-0.45492662,-0.45492662,,-0.45492662,-168.0737,369.4524,OK,0.0000,6.7229,4.0000,96.0000,AG03-UNRESOLVED,ALL5_LEVELS_bet23_to_bet27,6.7229,6.7229,6.7229,8.4037,8.4037,4.000000,4.000000,4.000000,5.000000,5.000000,96.000000,96.000000,96.000000,95.000000,95.000000,5.0,36.9762,33.8712,131.0975,134.2025,PENDING_AG03,FALSE,NOT_FOR_ENFORCEMENT,161.3508,344.7603,168.0737,161.3508,6.7229,0.45492662,0.43672956,6.7229,161.3508,0.43672956,6.7229,6.7229,6.7229,8.4037,8.4037,161.3508,0.43672956,36.9762,33.8712,131.0975,134.2025,0.35484277,0.36324719,0.01819706,11.1955,10.8826,5.0931,168.0737,8.4037,369.4524,33.0000,11.1955,,5.1636,5.1636,5.1636,39.2947,58.9033,77.4533,5.1636,-5.1636,11.407502,14.999999,2.168182,20,14,1,2,1.00000000,0.45492662,0.45492662,0E-8,0.000000,0.972048,0.000000,,2026-07-20,2026-07-20,1,20,20,1,1.000000,,1.000000,3.333333,,,,,,,,GLOBAL_BASELINE_NO_ENTITY_RANKING,,,NOT_APPLICABLE_GLOBAL_BASELINE,HF9g-P5,,,,X 全窗基线 · 不参与实体赏罚,6872483,688,A168_HF9F_20260827_0900,2026-08-27 09:00:00
2026-07-20,153236667,2281,0,10.3271112488,0E-10,0E-10,0.5000000,2,2,0.49324550000000000,0.493245500000,0.01910635448239258,0.01910635448239258,0.01910635448239258,0E-17,ELIGIBLE,R03b_20260811_FULL_v1,L1_ELIGIBILITY,v2026-08-11,2026-03-21..2026-08-06,baccarat_bet02_101_all_pairs_incl_sentinel,round_win = game_pnl > 0 (decisive only),COMPATIBILITY_ONLY_NOT_PRODUCTION,369.4524,359.1253,168.0737,33,33,-0.45492662,-0.45492662,,-0.45492662,-168.0737,369.4524,OK,0.0000,6.7229,4.0000,96.0000,AG03-UNRESOLVED,ALL5_LEVELS_bet23_to_bet27,6.7229,6.7229,6.7229,8.4037,8.4037,4.000000,4.000000,4.000000,5.000000,5.000000,96.000000,96.000000,96.000000,95.000000,95.000000,5.0,36.9762,33.8712,131.0975,134.2025,PENDING_AG03,FALSE,NOT_FOR_ENFORCEMENT,161.3508,344.7603,168.0737,161.3508,6.7229,0.45492662,0.43672956,6.7229,161.3508,0.43672956,6.7229,6.7229,6.7229,8.4037,8.4037,161.3508,0.43672956,36.9762,33.8712,131.0975,134.2025,0.35484277,0.36324719,0.01819706,11.1955,10.8826,5.0931,168.0737,8.4037,369.4524,33.0000,11.1955,,5.1636,5.1636,5.1636,39.2947,58.9033,77.4533,5.1636,-5.1636,11.407502,14.999999,2.168182,20,14,1,2,1.00000000,0.45492662,0.45492662,0E-8,0.000000,0.972048,0.000000,,2026-07-20,2026-07-20,1,20,20,1,1.000000,,1.000000,3.333333,,,,,,,,GLOBAL_BASELINE_NO_ENTITY_RANKING,,,NOT_APPLICABLE_GLOBAL_BASELINE,HF9g-P5,,,,X 全窗基线 · 不参与实体赏罚,6872484,688,A168_HF9F_20260827_0900,2026-08-27 09:00:00
2026-07-20,153236667,583,0,5.1635556244,-5.1635556244,-5.1635556244,0E-7,1,1,0.49324550000000000,0.493245500000,-0.9865810262130424,-0.9865810262130424,-0.9865810262130424,0E-17,ELIGIBLE,R03b_20260811_FULL_v1,L1_ELIGIBILITY,v2026-08-11,2026-03-21..2026-08-06,baccarat_bet02_101_all_pairs_incl_sentinel,round_win = game_pnl > 0 (decisive only),COMPATIBILITY_ONLY_NOT_PRODUCTION,369.4524,359.1253,168.0737,33,33,-0.45492662,-0.45492662,,-0.45492662,-168.0737,369.4524,OK,0.0000,6.7229,4.0000,96.0000,AG03-UNRESOLVED,ALL5_LEVELS_bet23_to_bet27,6.7229,6.7229,6.7229,8.4037,8.4037,4.000000,4.000000,4.000000,5.000000,5.000000,96.000000,96.000000,96.000000,95.000000,95.000000,5.0,36.9762,33.8712,131.0975,134.2025,PENDING_AG03,FALSE,NOT_FOR_ENFORCEMENT,161.3508,344.7603,168.0737,161.3508,6.7229,0.45492662,0.43672956,6.7229,161.3508,0.43672956,6.7229,6.7229,6.7229,8.4037,8.4037,161.3508,0.43672956,36.9762,33.8712,131.0975,134.2025,0.35484277,0.36324719,0.01819706,11.1955,10.8826,5.0931,168.0737,8.4037,369.4524,33.0000,11.1955,,5.1636,5.1636,5.1636,39.2947,58.9033,77.4533,5.1636,-5.1636,11.407502,14.999999,2.168182,20,14,1,2,1.00000000,0.45492662,0.45492662,0E-8,0.000000,0.972048,0.000000,,2026-07-20,2026-07-20,1,20,20,1,1.000000,,1.000000,3.333333,,,,,,,,GLOBAL_BASELINE_NO_ENTITY_RANKING,,,NOT_APPLICABLE_GLOBAL_BASELINE,HF9g-P5,,,,X 全窗基线 · 不参与实体赏罚,6872485,688,A168_HF9F_20260827_0900,2026-08-27 09:00:00
2026-07-20,153236667,772,0,67.1262231172,-56.7991118684,-56.7991118684,0.5000000,2,2,0.49324550000000000,0.493245500000,0.01910635448239258,0.01910635448239258,0.01910635448239258,0E-17,ELIGIBLE,R03b_20260811_FULL_v1,L1_ELIGIBILITY,v2026-08-11,2026-03-21..2026-08-06,baccarat_bet02_101_all_pairs_incl_sentinel,round_win = game_pnl > 0 (decisive only),COMPATIBILITY_ONLY_NOT_PRODUCTION,369.4524,359.1253,168.0737,33,33,-0.45492662,-0.45492662,,-0.45492662,-168.0737,369.4524,OK,0.0000,6.7229,4.0000,96.0000,AG03-UNRESOLVED,ALL5_LEVELS_bet23_to_bet27,6.7229,6.7229,6.7229,8.4037,8.4037,4.000000,4.000000,4.000000,5.000000,5.000000,96.000000,96.000000,96.000000,95.000000,95.000000,5.0,36.9762,33.8712,131.0975,134.2025,PENDING_AG03,FALSE,NOT_FOR_ENFORCEMENT,161.3508,344.7603,168.0737,161.3508,6.7229,0.45492662,0.43672956,6.7229,161.3508,0.43672956,6.7229,6.7229,6.7229,8.4037,8.4037,161.3508,0.43672956,36.9762,33.8712,131.0975,134.2025,0.35484277,0.36324719,0.01819706,11.1955,10.8826,5.0931,168.0737,8.4037,369.4524,33.0000,11.1955,,5.1636,5.1636,5.1636,39.2947,58.9033,77.4533,5.1636,-5.1636,11.407502,14.999999,2.168182,20,14,1,2,1.00000000,0.45492662,0.45492662,0E-8,0.000000,0.972048,0.000000,,2026-07-20,2026-07-20,1,20,20,1,1.000000,,1.000000,3.333333,,,,,,,,GLOBAL_BASELINE_NO_ENTITY_RANKING,,,NOT_APPLICABLE_GLOBAL_BASELINE,HF9g-P5,,,,X 全窗基线 · 不参与实体赏罚,6872486,688,A168_HF9F_20260827_0900,2026-08-27 09:00:00
2026-07-20,153236667,986,0,10.3271112488,10.3271112488,10.3271112488,1.0000000,2,2,0.49324550000000000,0.493245500000,1.4334489766152358,1.4334489766152358,1.4334489766152358,0E-17,ELIGIBLE,R03b_20260811_FULL_v1,L1_ELIGIBILITY,v2026-08-11,2026-03-21..2026-08-06,baccarat_bet02_101_all_pairs_incl_sentinel,round_win = game_pnl > 0 (decisive only),COMPATIBILITY_ONLY_NOT_PRODUCTION,369.4524,359.1253,168.0737,33,33,-0.45492662,-0.45492662,,-0.45492662,-168.0737,369.4524,OK,0.0000,6.7229,4.0000,96.0000,AG03-UNRESOLVED,ALL5_LEVELS_bet23_to_bet27,6.7229,6.7229,6.7229,8.4037,8.4037,4.000000,4.000000,4.000000,5.000000,5.000000,96.000000,96.000000,96.000000,95.000000,95.000000,5.0,36.9762,33.8712,131.0975,134.2025,PENDING_AG03,FALSE,NOT_FOR_ENFORCEMENT,161.3508,344.7603,168.0737,161.3508,6.7229,0.45492662,0.43672956,6.7229,161.3508,0.43672956,6.7229,6.7229,6.7229,8.4037,8.4037,161.3508,0.43672956,36.9762,33.8712,131.0975,134.2025,0.35484277,0.36324719,0.01819706,11.1955,10.8826,5.0931,168.0737,8.4037,369.4524,33.0000,11.1955,,5.1636,5.1636,5.1636,39.2947,58.9033,77.4533,5.1636,-5.1636,11.407502,14.999999,2.168182,20,14,1,2,1.00000000,0.45492662,0.45492662,0E-8,0.000000,0.972048,0.000000,,2026-07-20,2026-07-20,1,20,20,1,1.000000,,1.000000,3.333333,,,,,,,,GLOBAL_BASELINE_NO_ENTITY_RANKING,,,NOT_APPLICABLE_GLOBAL_BASELINE,HF9g-P5,,,,X 全窗基线 · 不参与实体赏罚,6872487,688,A168_HF9F_20260827_0900,2026-08-27 09:00:00
2026-07-05,152595468,2123,0,61.9626674928,-11.6180001549,-11.6180001549,0.5000000,8,2,0.33853327272727273,0.185986900000,0.4825511545057034,1.1413159569732794,0.4825511545057034,0.15254637272727273,ELIGIBLE,R03b_20260811_FULL_v1,L1_ELIGIBILITY,v2026-08-11,2026-03-21..2026-08-06,baccarat_bet02_101_all_pairs_incl_sentinel,round_win = game_pnl > 0 (decisive only),COMPATIBILITY_ONLY_NOT_PRODUCTION,218.4184,218.4184,168.0737,12,3,-0.76950355,,-0.76950355,-0.76950355,-168.0737,218.4184,THIN_EXPOSURE,0.0000,6.7229,4.0000,96.0000,AG03-UNRESOLVED,ALL5_LEVELS_bet23_to_bet27,6.7229,6.7229,6.7229,8.4037,8.4037,4.000000,4.000000,4.000000,5.000000,5.000000,96.000000,96.000000,96.000000,95.000000,95.000000,5.0,36.9762,33.8712,131.0975,134.2025,PENDING_AG03,FALSE,NOT_FOR_ENFORCEMENT,161.3508,209.6817,168.0737,161.3508,6.7229,0.76950355,0.73872340,6.7229,161.3508,0.73872340,6.7229,6.7229,6.7229,8.4037,8.4037,161.3508,0.73872340,36.9762,33.8712,131.0975,134.2025,0.60021277,0.61442876,0.03078014,18.2015,72.8061,56.0246,168.0737,84.0369,218.4184,3.0000,,18.2015,3.8727,5.1636,9.0362,60.3619,129.4503,140.9651,5.1636,-5.1636,25.069993,27.300001,3.525,2,2,1,5,0E-8,0.76950355,,0E-8,0.000000,1.000000,0.000000,,2026-07-05,2026-07-05,1,2,2,1,1.000000,,,0.000000,,,,,,,,GLOBAL_BASELINE_NO_ENTITY_RANKING,,,NOT_APPLICABLE_GLOBAL_BASELINE,HF9g-P5,,,,X 全窗基线 · 不参与实体赏罚,6872488,688,A168_HF9F_20260827_0900,2026-08-27 09:00:00
2026-07-05,152595468,2278,0,156.4557354194,-156.4557354194,-156.4557354194,0E-7,4,1,0.46454005313533506,0.187662550000,-0.9314254222478765,-0.48064072822218945,-0.9314254222478765,0.27687750313533506,ELIGIBLE,R03b_20260811_FULL_v1,L1_ELIGIBILITY,v2026-08-11,2026-03-21..2026-08-06,baccarat_bet02_101_all_pairs_incl_sentinel,round_win = game_pnl > 0 (decisive only),COMPATIBILITY_ONLY_NOT_PRODUCTION,218.4184,218.4184,168.0737,12,3,-0.76950355,,-0.76950355,-0.76950355,-168.0737,218.4184,THIN_EXPOSURE,0.0000,6.7229,4.0000,96.0000,AG03-UNRESOLVED,ALL5_LEVELS_bet23_to_bet27,6.7229,6.7229,6.7229,8.4037,8.4037,4.000000,4.000000,4.000000,5.000000,5.000000,96.000000,96.000000,96.000000,95.000000,95.000000,5.0,36.9762,33.8712,131.0975,134.2025,PENDING_AG03,FALSE,NOT_FOR_ENFORCEMENT,161.3508,209.6817,168.0737,161.3508,6.7229,0.76950355,0.73872340,6.7229,161.3508,0.73872340,6.7229,6.7229,6.7229,8.4037,8.4037,161.3508,0.73872340,36.9762,33.8712,131.0975,134.2025,0.60021277,0.61442876,0.03078014,18.2015,72.8061,56.0246,168.0737,84.0369,218.4184,3.0000,,18.2015,3.8727,5.1636,9.0362,60.3619,129.4503,140.9651,5.1636,-5.1636,25.069993,27.300001,3.525,2,2,1,5,0E-8,0.76950355,,0E-8,0.000000,1.000000,0.000000,,2026-07-05,2026-07-05,1,2,2,1,1.000000,,,0.000000,,,,,,,,GLOBAL_BASELINE_NO_ENTITY_RANKING,,,NOT_APPLICABLE_GLOBAL_BASELINE,HF9g-P5,,,,X 全窗基线 · 不参与实体赏罚,6872489,688,A168_HF9F_20260827_0900,2026-08-27 09:00:00
2026-07-07,144843650,471,0,168.0737355743,-168.0737355743,-168.0737355743,0E-7,1,1,0.49324550000000000,0.493245500000,-0.9865810262130424,-0.9865810262130424,-0.9865810262130424,0E-17,ELIGIBLE,R03b_20260811_FULL_v1,L1_ELIGIBILITY,v2026-08-11,2026-03-21..2026-08-06,baccarat_bet02_101_all_pairs_incl_sentinel,round_win = game_pnl > 0 (decisive only),COMPATIBILITY_ONLY_NOT_PRODUCTION,168.0737,168.0737,168.0737,1,1,-1.00000000,,-1.00000000,-1.00000000,-168.0737,168.0737,THIN_EXPOSURE,0.0000,6.7229,4.0000,96.0000,AG03-UNRESOLVED,ALL5_LEVELS_bet23_to_bet27,6.7229,6.7229,8.4037,8.4037,8.4037,4.000000,4.000000,5.000000,5.000000,5.000000,96.000000,96.000000,95.000000,95.000000,95.000000,5.0,38.6570,35.2691,129.4168,132.8046,PENDING_AG03,FALSE,NOT_FOR_ENFORCEMENT,161.3508,161.3508,168.0737,161.3508,6.7229,1.00000000,0.96000000,6.7229,161.3508,0.96000000,6.7229,6.7229,8.4037,8.4037,8.4037,161.3508,0.96000000,38.6570,35.2691,129.4168,132.8046,0.77000000,0.7901568,0.04000000,168.0737,168.0737,168.0737,168.0737,168.0737,168.0737,1.0000,,168.0737,168.0737,168.0737,168.0737,168.0737,168.0737,168.0737,168.0737,-168.0737,1.0,1.0,1.0,1,1,1,1,0E-8,1.00000000,,0E-8,0.000000,1.000000,0.000000,,2026-07-07,2026-07-07,1,1,1,1,1.000000,,,0.000000,,,,,,,,GLOBAL_BASELINE_NO_ENTITY_RANKING,,,NOT_APPLICABLE_GLOBAL_BASELINE,HF9g-P5,,,,X 全窗基线 · 不参与实体赏罚,6872490,688,A168_HF9F_20260827_0900,2026-08-27 09:00:00
2026-03-25,147761506,1301,0,13.1658635490,13.1658635490,13.1658635490,1.0000000,1,1,0.49324550000000000,0.493245500000,1.01360149184955,1.01360149184955,1.01360149184955,0E-17,ELIGIBLE,R03b_20260811_FULL_v1,L1_ELIGIBILITY,v2026-08-11,2026-03-21..2026-08-06,baccarat_bet02_101_all_pairs_incl_sentinel,round_win = game_pnl > 0 (decisive only),COMPATIBILITY_ONLY_NOT_PRODUCTION,1319.4616,946.5864,168.0753,7,7,-0.12738170,,-0.12738170,-0.12738170,-168.0753,1319.4616,THIN_EXPOSURE,0.0000,6.7230,4.0000,96.0000,AG03-UNRESOLVED,ALL5_LEVELS_bet23_to_bet27,6.7230,6.7230,6.7230,8.4038,8.4038,4.000000,4.000000,4.000000,5.000000,5.000000,96.000000,96.000000,96.000000,95.000000,95.000000,5.0,36.9766,33.8715,131.0987,134.2038,PENDING_AG03,FALSE,NOT_FOR_ENFORCEMENT,161.3523,908.7229,168.0753,161.3523,6.7230,0.12738170,0.12228643,6.7230,161.3523,0.12228643,6.7230,6.7230,6.7230,8.4038,8.4038,161.3523,0.12228643,36.9766,33.8715,131.0987,134.2038,0.09935772,0.101711,0.00509527,188.4945,135.2266,24.0108,56.0251,56.0251,439.8205,2.3333,,188.4945,71.642,128.5777,342.338,372.8752,372.8752,372.8752,128.5777,0.0,2.9,2.9,1.465997,3,3,3,2,0E-8,0.12738170,,0E-8,0.000000,0.717403,0.000000,,2026-03-25,2026-06-21,3,3,3,89,0.033708,,,0.000000,,,,,,,,GLOBAL_BASELINE_NO_ENTITY_RANKING,,,NOT_APPLICABLE_GLOBAL_BASELINE,HF9g-P5,,,,X 全窗基线 · 不参与实体赏罚,6872491,688,A168_HF9F_20260827_0900,2026-08-27 09:00:00
2026-03-28,147761506,2127,0,52.6634541960,-52.6634541960,-52.6634541960,0E-7,1,1,0.49324550000000000,0.493245500000,-0.9865810262130424,-0.9865810262130424,-0.9865810262130424,0E-17,ELIGIBLE,R03b_20260811_FULL_v1,L1_ELIGIBILITY,v2026-08-11,2026-03-21..2026-08-06,baccarat_bet02_101_all_pairs_incl_sentinel,round_win = game_pnl > 0 (decisive only),COMPATIBILITY_ONLY_NOT_PRODUCTION,1319.4616,946.5864,168.0753,7,7,-0.12738170,,-0.12738170,-0.12738170,-168.0753,1319.4616,THIN_EXPOSURE,0.0000,6.7230,4.0000,96.0000,AG03-UNRESOLVED,ALL5_LEVELS_bet23_to_bet27,6.7230,6.7230,6.7230,8.4038,8.4038,4.000000,4.000000,4.000000,5.000000,5.000000,96.000000,96.000000,96.000000,95.000000,95.000000,5.0,36.9766,33.8715,131.0987,134.2038,PENDING_AG03,FALSE,NOT_FOR_ENFORCEMENT,161.3523,908.7229,168.0753,161.3523,6.7230,0.12738170,0.12228643,6.7230,161.3523,0.12228643,6.7230,6.7230,6.7230,8.4038,8.4038,161.3523,0.12228643,36.9766,33.8715,131.0987,134.2038,0.09935772,0.101711,0.00509527,188.4945,135.2266,24.0108,56.0251,56.0251,439.8205,2.3333,,188.4945,71.642,128.5777,342.338,372.8752,372.8752,372.8752,128.5777,0.0,2.9,2.9,1.465997,3,3,3,2,0E-8,0.12738170,,0E-8,0.000000,0.717403,0.000000,,2026-03-25,2026-06-21,3,3,3,89,0.033708,,,0.000000,,,,,,,,GLOBAL_BASELINE_NO_ENTITY_RANKING,,,NOT_APPLICABLE_GLOBAL_BASELINE,HF9g-P5,,,,X 全窗基线 · 不参与实体赏罚,6872492,688,A168_HF9F_20260827_0900,2026-08-27 09:00:00
2026-06-21,147761506,1942,0,1253.6323192840,-128.5776737727,-128.5776737727,0.5000000,5,5,0.50128862000000000,0.501288620000,-0.0051544971185412255,-0.0051544971185412255,-0.0051544971185412255,0E-17,ELIGIBLE,R03b_20260811_FULL_v1,L1_ELIGIBILITY,v2026-08-11,2026-03-21..2026-08-06,baccarat_bet02_101_all_pairs_incl_sentinel,round_win = game_pnl > 0 (decisive only),COMPATIBILITY_ONLY_NOT_PRODUCTION,1319.4616,946.5864,168.0753,7,7,-0.12738170,,-0.12738170,-0.12738170,-168.0753,1319.4616,THIN_EXPOSURE,0.0000,6.7230,4.0000,96.0000,AG03-UNRESOLVED,ALL5_LEVELS_bet23_to_bet27,6.7230,6.7230,6.7230,8.4038,8.4038,4.000000,4.000000,4.000000,5.000000,5.000000,96.000000,96.000000,96.000000,95.000000,95.000000,5.0,36.9766,33.8715,131.0987,134.2038,PENDING_AG03,FALSE,NOT_FOR_ENFORCEMENT,161.3523,908.7229,168.0753,161.3523,6.7230,0.12738170,0.12228643,6.7230,161.3523,0.12228643,6.7230,6.7230,6.7230,8.4038,8.4038,161.3523,0.12228643,36.9766,33.8715,131.0987,134.2038,0.09935772,0.101711,0.00509527,188.4945,135.2266,24.0108,56.0251,56.0251,439.8205,2.3333,,188.4945,71.642,128.5777,342.338,372.8752,372.8752,372.8752,128.5777,0.0,2.9,2.9,1.465997,3,3,3,2,0E-8,0.12738170,,0E-8,0.000000,0.717403,0.000000,,2026-03-25,2026-06-21,3,3,3,89,0.033708,,,0.000000,,,,,,,,GLOBAL_BASELINE_NO_ENTITY_RANKING,,,NOT_APPLICABLE_GLOBAL_BASELINE,HF9g-P5,,,,X 全窗基线 · 不参与实体赏罚,6872493,688,A168_HF9F_20260827_0900,2026-08-27 09:00:00
2026-06-02,150916076,1299,0,15.4293208527,-15.4293208527,-15.4293208527,0E-7,2,2,0.50665070000000000,0.506650700000,-1.4331513700195317,-1.4331513700195317,-1.4331513700195317,0E-17,ELIGIBLE,R03b_20260811_FULL_v1,L1_ELIGIBILITY,v2026-08-11,2026-03-21..2026-08-06,baccarat_bet02_101_all_pairs_incl_sentinel,round_win = game_pnl > 0 (decisive only),COMPATIBILITY_ONLY_NOT_PRODUCTION,11099.8534,9053.4112,168.0767,1163,950,-0.01514225,,-0.01514225,-0.01514225,-168.0767,11099.8534,OK,0.0000,6.7231,4.0000,96.0000,AG03-UNRESOLVED,ALL5_LEVELS_bet23_to_bet27,6.7231,6.7231,8.4038,8.4038,8.4038,4.000000,4.000000,5.000000,5.000000,5.000000,96.000000,96.000000,95.000000,95.000000,95.000000,5.0,38.6576,35.2698,129.4191,132.807,PENDING_AG03,FALSE,NOT_FOR_ENFORCEMENT,161.3537,8691.2747,168.0767,161.3537,6.7231,0.01514225,0.01453656,6.7231,161.3537,0.01453656,6.7231,6.7231,8.4038,8.4038,8.4038,161.3537,0.01453656,38.6576,35.2698,129.4191,132.807,0.01165953,0.01196475,0.00060569,9.5442,9.5299,0.1769,12.9290,0.4060,853.8349,73.0769,,9.5442,3.6002,6.4289,12.8578,18.0009,25.7155,38.239,5.4003,0.0,4.0,5.947999,1.484574,29,143,4,2,0E-8,0.01514225,,0E-8,0.000000,0.815633,0.000000,,2026-06-02,2026-06-22,13,414,195,21,0.619048,,,0.000000,,,,,,,,GLOBAL_BASELINE_NO_ENTITY_RANKING,,,NOT_APPLICABLE_GLOBAL_BASELINE,HF9g-P5,,,,X 全窗基线 · 不参与实体赏罚,6872494,688,A168_HF9F_20260827_0900,2026-08-27 09:00:00
2026-06-02,150916076,1963,0,12.8577673773,2.5715534755,2.5715534755,0.5000000,2,2,0.49324550000000000,0.493245500000,0.01910635448239258,0.01910635448239258,0.01910635448239258,0E-17,ELIGIBLE,R03b_20260811_FULL_v1,L1_ELIGIBILITY,v2026-08-11,2026-03-21..2026-08-06,baccarat_bet02_101_all_pairs_incl_sentinel,round_win = game_pnl > 0 (decisive only),COMPATIBILITY_ONLY_NOT_PRODUCTION,11099.8534,9053.4112,168.0767,1163,950,-0.01514225,,-0.01514225,-0.01514225,-168.0767,11099.8534,OK,0.0000,6.7231,4.0000,96.0000,AG03-UNRESOLVED,ALL5_LEVELS_bet23_to_bet27,6.7231,6.7231,8.4038,8.4038,8.4038,4.000000,4.000000,5.000000,5.000000,5.000000,96.000000,96.000000,95.000000,95.000000,95.000000,5.0,38.6576,35.2698,129.4191,132.807,PENDING_AG03,FALSE,NOT_FOR_ENFORCEMENT,161.3537,8691.2747,168.0767,161.3537,6.7231,0.01514225,0.01453656,6.7231,161.3537,0.01453656,6.7231,6.7231,8.4038,8.4038,8.4038,161.3537,0.01453656,38.6576,35.2698,129.4191,132.807,0.01165953,0.01196475,0.00060569,9.5442,9.5299,0.1769,12.9290,0.4060,853.8349,73.0769,,9.5442,3.6002,6.4289,12.8578,18.0009,25.7155,38.239,5.4003,0.0,4.0,5.947999,1.484574,29,143,4,2,0E-8,0.01514225,,0E-8,0.000000,0.815633,0.000000,,2026-06-02,2026-06-22,13,414,195,21,0.619048,,,0.000000,,,,,,,,GLOBAL_BASELINE_NO_ENTITY_RANKING,,,NOT_APPLICABLE_GLOBAL_BASELINE,HF9g-P5,,,,X 全窗基线 · 不参与实体赏罚,6872495,688,A168_HF9F_20260827_0900,2026-08-27 09:00:00
2026-06-02,150916076,2205,0,28.5442435776,23.1439812791,23.1439812791,0.8000000,5,5,0.49860758000000000,0.498607580000,1.3478731046594083,1.3478731046594083,1.3478731046594083,0E-17,ELIGIBLE,R03b_20260811_FULL_v1,L1_ELIGIBILITY,v2026-08-11,2026-03-21..2026-08-06,baccarat_bet02_101_all_pairs_incl_sentinel,round_win = game_pnl > 0 (decisive only),COMPATIBILITY_ONLY_NOT_PRODUCTION,11099.8534,9053.4112,168.0767,1163,950,-0.01514225,,-0.01514225,-0.01514225,-168.0767,11099.8534,OK,0.0000,6.7231,4.0000,96.0000,AG03-UNRESOLVED,ALL5_LEVELS_bet23_to_bet27,6.7231,6.7231,8.4038,8.4038,8.4038,4.000000,4.000000,5.000000,5.000000,5.000000,96.000000,96.000000,95.000000,95.000000,95.000000,5.0,38.6576,35.2698,129.4191,132.807,PENDING_AG03,FALSE,NOT_FOR_ENFORCEMENT,161.3537,8691.2747,168.0767,161.3537,6.7231,0.01514225,0.01453656,6.7231,161.3537,0.01453656,6.7231,6.7231,8.4038,8.4038,8.4038,161.3537,0.01453656,38.6576,35.2698,129.4191,132.807,0.01165953,0.01196475,0.00060569,9.5442,9.5299,0.1769,12.9290,0.4060,853.8349,73.0769,,9.5442,3.6002,6.4289,12.8578,18.0009,25.7155,38.239,5.4003,0.0,4.0,5.947999,1.484574,29,143,4,2,0E-8,0.01514225,,0E-8,0.000000,0.815633,0.000000,,2026-06-02,2026-06-22,13,414,195,21,0.619048,,,0.000000,,,,,,,,GLOBAL_BASELINE_NO_ENTITY_RANKING,,,NOT_APPLICABLE_GLOBAL_BASELINE,HF9g-P5,,,,X 全窗基线 · 不参与实体赏罚,6872496,688,A168_HF9F_20260827_0900,2026-08-27 09:00:00
2026-06-02,150916076,2229,0,20.5724278037,-5.1431069509,-5.1431069509,0.3333333,3,3,0.49324550000000000,0.493245500000,-0.5540025479526107,-0.5540025479526106,-0.5540025479526107,0E-17,ELIGIBLE,R03b_20260811_FULL_v1,L1_ELIGIBILITY,v2026-08-11,2026-03-21..2026-08-06,baccarat_bet02_101_all_pairs_incl_sentinel,round_win = game_pnl > 0 (decisive only),COMPATIBILITY_ONLY_NOT_PRODUCTION,11099.8534,9053.4112,168.0767,1163,950,-0.01514225,,-0.01514225,-0.01514225,-168.0767,11099.8534,OK,0.0000,6.7231,4.0000,96.0000,AG03-UNRESOLVED,ALL5_LEVELS_bet23_to_bet27,6.7231,6.7231,8.4038,8.4038,8.4038,4.000000,4.000000,5.000000,5.000000,5.000000,96.000000,96.000000,95.000000,95.000000,95.000000,5.0,38.6576,35.2698,129.4191,132.807,PENDING_AG03,FALSE,NOT_FOR_ENFORCEMENT,161.3537,8691.2747,168.0767,161.3537,6.7231,0.01514225,0.01453656,6.7231,161.3537,0.01453656,6.7231,6.7231,8.4038,8.4038,8.4038,161.3537,0.01453656,38.6576,35.2698,129.4191,132.807,0.01165953,0.01196475,0.00060569,9.5442,9.5299,0.1769,12.9290,0.4060,853.8349,73.0769,,9.5442,3.6002,6.4289,12.8578,18.0009,25.7155,38.239,5.4003,0.0,4.0,5.947999,1.484574,29,143,4,2,0E-8,0.01514225,,0E-8,0.000000,0.815633,0.000000,,2026-06-02,2026-06-22,13,414,195,21,0.619048,,,0.000000,,,,,,,,GLOBAL_BASELINE_NO_ENTITY_RANKING,,,NOT_APPLICABLE_GLOBAL_BASELINE,HF9g-P5,,,,X 全窗基线 · 不参与实体赏罚,6872497,688,A168_HF9F_20260827_0900,2026-08-27 09:00:00
2026-06-02,150916076,2251,0,18.0008743282,-2.5715534754,-2.5715534754,0.5000000,2,2,0.49994810000000000,0.499948100000,0.00014679536856514622,0.00014679536856514622,0.00014679536856514622,0E-17,ELIGIBLE,R03b_20260811_FULL_v1,L1_ELIGIBILITY,v2026-08-11,2026-03-21..2026-08-06,baccarat_bet02_101_all_pairs_incl_sentinel,round_win = game_pnl > 0 (decisive only),COMPATIBILITY_ONLY_NOT_PRODUCTION,11099.8534,9053.4112,168.0767,1163,950,-0.01514225,,-0.01514225,-0.01514225,-168.0767,11099.8534,OK,0.0000,6.7231,4.0000,96.0000,AG03-UNRESOLVED,ALL5_LEVELS_bet23_to_bet27,6.7231,6.7231,8.4038,8.4038,8.4038,4.000000,4.000000,5.000000,5.000000,5.000000,96.000000,96.000000,95.000000,95.000000,95.000000,5.0,38.6576,35.2698,129.4191,132.807,PENDING_AG03,FALSE,NOT_FOR_ENFORCEMENT,161.3537,8691.2747,168.0767,161.3537,6.7231,0.01514225,0.01453656,6.7231,161.3537,0.01453656,6.7231,6.7231,8.4038,8.4038,8.4038,161.3537,0.01453656,38.6576,35.2698,129.4191,132.807,0.01165953,0.01196475,0.00060569,9.5442,9.5299,0.1769,12.9290,0.4060,853.8349,73.0769,,9.5442,3.6002,6.4289,12.8578,18.0009,25.7155,38.239,5.4003,0.0,4.0,5.947999,1.484574,29,143,4,2,0E-8,0.01514225,,0E-8,0.000000,0.815633,0.000000,,2026-06-02,2026-06-22,13,414,195,21,0.619048,,,0.000000,,,,,,,,GLOBAL_BASELINE_NO_ENTITY_RANKING,,,NOT_APPLICABLE_GLOBAL_BASELINE,HF9g-P5,,,,X 全窗基线 · 不参与实体赏罚,6872498,688,A168_HF9F_20260827_0900,2026-08-27 09:00:00
2026-06-02,150916076,2267,0,34.9731272662,6.7760434079,6.7760434079,0.7142857,7,7,0.50282064285714286,0.502820642857,1.1189857854549734,1.1189857854557275,1.1189857854549734,1.4286E-13,ELIGIBLE,R03b_20260811_FULL_v1,L1_ELIGIBILITY,v2026-08-11,2026-03-21..2026-08-06,baccarat_bet02_101_all_pairs_incl_sentinel,round_win = game_pnl > 0 (decisive only),COMPATIBILITY_ONLY_NOT_PRODUCTION,11099.8534,9053.4112,168.0767,1163,950,-0.01514225,,-0.01514225,-0.01514225,-168.0767,11099.8534,OK,0.0000,6.7231,4.0000,96.0000,AG03-UNRESOLVED,ALL5_LEVELS_bet23_to_bet27,6.7231,6.7231,8.4038,8.4038,8.4038,4.000000,4.000000,5.000000,5.000000,5.000000,96.000000,96.000000,95.000000,95.000000,95.000000,5.0,38.6576,35.2698,129.4191,132.807,PENDING_AG03,FALSE,NOT_FOR_ENFORCEMENT,161.3537,8691.2747,168.0767,161.3537,6.7231,0.01514225,0.01453656,6.7231,161.3537,0.01453656,6.7231,6.7231,8.4038,8.4038,8.4038,161.3537,0.01453656,38.6576,35.2698,129.4191,132.807,0.01165953,0.01196475,0.00060569,9.5442,9.5299,0.1769,12.9290,0.4060,853.8349,73.0769,,9.5442,3.6002,6.4289,12.8578,18.0009,25.7155,38.239,5.4003,0.0,4.0,5.947999,1.484574,29,143,4,2,0E-8,0.01514225,,0E-8,0.000000,0.815633,0.000000,,2026-06-02,2026-06-22,13,414,195,21,0.619048,,,0.000000,,,,,,,,GLOBAL_BASELINE_NO_ENTITY_RANKING,,,NOT_APPLICABLE_GLOBAL_BASELINE,HF9g-P5,,,,X 全窗基线 · 不参与实体赏罚,6872499,688,A168_HF9F_20260827_0900,2026-08-27 09:00:00
2026-06-02,150916076,763,0,5.1431069509,-5.1431069509,-5.1431069509,0E-7,1,1,0.49324550000000000,0.493245500000,-0.9865810262130424,-0.9865810262130424,-0.9865810262130424,0E-17,ELIGIBLE,R03b_20260811_FULL_v1,L1_ELIGIBILITY,v2026-08-11,2026-03-21..2026-08-06,baccarat_bet02_101_all_pairs_incl_sentinel,round_win = game_pnl > 0 (decisive only),COMPATIBILITY_ONLY_NOT_PRODUCTION,11099.8534,9053.4112,168.0767,1163,950,-0.01514225,,-0.01514225,-0.01514225,-168.0767,11099.8534,OK,0.0000,6.7231,4.0000,96.0000,AG03-UNRESOLVED,ALL5_LEVELS_bet23_to_bet27,6.7231,6.7231,8.4038,8.4038,8.4038,4.000000,4.000000,5.000000,5.000000,5.000000,96.000000,96.000000,95.000000,95.000000,95.000000,5.0,38.6576,35.2698,129.4191,132.807,PENDING_AG03,FALSE,NOT_FOR_ENFORCEMENT,161.3537,8691.2747,168.0767,161.3537,6.7231,0.01514225,0.01453656,6.7231,161.3537,0.01453656,6.7231,6.7231,8.4038,8.4038,8.4038,161.3537,0.01453656,38.6576,35.2698,129.4191,132.807,0.01165953,0.01196475,0.00060569,9.5442,9.5299,0.1769,12.9290,0.4060,853.8349,73.0769,,9.5442,3.6002,6.4289,12.8578,18.0009,25.7155,38.239,5.4003,0.0,4.0,5.947999,1.484574,29,143,4,2,0E-8,0.01514225,,0E-8,0.000000,0.815633,0.000000,,2026-06-02,2026-06-22,13,414,195,21,0.619048,,,0.000000,,,,,,,,GLOBAL_BASELINE_NO_ENTITY_RANKING,,,NOT_APPLICABLE_GLOBAL_BASELINE,HF9g-P5,,,,X 全窗基线 · 不参与实体赏罚,6872500,688,A168_HF9F_20260827_0900,2026-08-27 09:00:00
2026-06-02,150916076,948,0,5.1431069509,-5.1431069509,-5.1431069509,0E-7,1,1,0.49324550000000000,0.493245500000,-0.9865810262130424,-0.9865810262130424,-0.9865810262130424,0E-17,ELIGIBLE,R03b_20260811_FULL_v1,L1_ELIGIBILITY,v2026-08-11,2026-03-21..2026-08-06,baccarat_bet02_101_all_pairs_incl_sentinel,round_win = game_pnl > 0 (decisive only),COMPATIBILITY_ONLY_NOT_PRODUCTION,11099.8534,9053.4112,168.0767,1163,950,-0.01514225,,-0.01514225,-0.01514225,-168.0767,11099.8534,OK,0.0000,6.7231,4.0000,96.0000,AG03-UNRESOLVED,ALL5_LEVELS_bet23_to_bet27,6.7231,6.7231,8.4038,8.4038,8.4038,4.000000,4.000000,5.000000,5.000000,5.000000,96.000000,96.000000,95.000000,95.000000,95.000000,5.0,38.6576,35.2698,129.4191,132.807,PENDING_AG03,FALSE,NOT_FOR_ENFORCEMENT,161.3537,8691.2747,168.0767,161.3537,6.7231,0.01514225,0.01453656,6.7231,161.3537,0.01453656,6.7231,6.7231,8.4038,8.4038,8.4038,161.3537,0.01453656,38.6576,35.2698,129.4191,132.807,0.01165953,0.01196475,0.00060569,9.5442,9.5299,0.1769,12.9290,0.4060,853.8349,73.0769,,9.5442,3.6002,6.4289,12.8578,18.0009,25.7155,38.239,5.4003,0.0,4.0,5.947999,1.484574,29,143,4,2,0E-8,0.01514225,,0E-8,0.000000,0.815633,0.000000,,2026-06-02,2026-06-22,13,414,195,21,0.619048,,,0.000000,,,,,,,,GLOBAL_BASELINE_NO_ENTITY_RANKING,,,NOT_APPLICABLE_GLOBAL_BASELINE,HF9g-P5,,,,X 全窗基线 · 不参与实体赏罚,6872501,688,A168_HF9F_20260827_0900,2026-08-27 09:00:00
2026-06-03,150916076,763,0,15.1721655052,-15.1721655052,-15.1721655052,0E-7,1,1,0.50665070000000000,0.506650700000,-1.013391052207602,-1.013391052207602,-1.013391052207602,0E-17,ELIGIBLE,R03b_20260811_FULL_v1,L1_ELIGIBILITY,v2026-08-11,2026-03-21..2026-08-06,baccarat_bet02_101_all_pairs_incl_sentinel,round_win = game_pnl > 0 (decisive only),COMPATIBILITY_ONLY_NOT_PRODUCTION,11099.8534,9053.4112,168.0767,1163,950,-0.01514225,,-0.01514225,-0.01514225,-168.0767,11099.8534,OK,0.0000,6.7231,4.0000,96.0000,AG03-UNRESOLVED,ALL5_LEVELS_bet23_to_bet27,6.7231,6.7231,8.4038,8.4038,8.4038,4.000000,4.000000,5.000000,5.000000,5.000000,96.000000,96.000000,95.000000,95.000000,95.000000,5.0,38.6576,35.2698,129.4191,132.807,PENDING_AG03,FALSE,NOT_FOR_ENFORCEMENT,161.3537,8691.2747,168.0767,161.3537,6.7231,0.01514225,0.01453656,6.7231,161.3537,0.01453656,6.7231,6.7231,8.4038,8.4038,8.4038,161.3537,0.01453656,38.6576,35.2698,129.4191,132.807,0.01165953,0.01196475,0.00060569,9.5442,9.5299,0.1769,12.9290,0.4060,853.8349,73.0769,,9.5442,3.6002,6.4289,12.8578,18.0009,25.7155,38.239,5.4003,0.0,4.0,5.947999,1.484574,29,143,4,2,0E-8,0.01514225,,0E-8,0.000000,0.815633,0.000000,,2026-06-02,2026-06-22,13,414,195,21,0.619048,,,0.000000,,,,,,,,GLOBAL_BASELINE_NO_ENTITY_RANKING,,,NOT_APPLICABLE_GLOBAL_BASELINE,HF9g-P5,,,,X 全窗基线 · 不参与实体赏罚,6872502,688,A168_HF9F_20260827_0900,2026-08-27 09:00:00
2026-06-06,150916076,-1,1,25.9726901021,-25.9726901021,-25.9726901021,0E-7,1,1,0.50665070000000000,0.506650700000,-1.013391052207602,-1.013391052207602,-1.013391052207602,0E-17,SENTINEL_DEALER,R03b_20260811_FULL_v1,L1_ELIGIBILITY,v2026-08-11,2026-03-21..2026-08-06,baccarat_bet02_101_all_pairs_incl_sentinel,round_win = game_pnl > 0 (decisive only),COMPATIBILITY_ONLY_NOT_PRODUCTION,11099.8534,9053.4112,168.0767,1163,950,-0.01514225,,-0.01514225,-0.01514225,-168.0767,11099.8534,OK,0.0000,6.7231,4.0000,96.0000,AG03-UNRESOLVED,ALL5_LEVELS_bet23_to_bet27,6.7231,6.7231,8.4038,8.4038,8.4038,4.000000,4.000000,5.000000,5.000000,5.000000,96.000000,96.000000,95.000000,95.000000,95.000000,5.0,38.6576,35.2698,129.4191,132.807,PENDING_AG03,FALSE,NOT_FOR_ENFORCEMENT,161.3537,8691.2747,168.0767,161.3537,6.7231,0.01514225,0.01453656,6.7231,161.3537,0.01453656,6.7231,6.7231,8.4038,8.4038,8.4038,161.3537,0.01453656,38.6576,35.2698,129.4191,132.807,0.01165953,0.01196475,0.00060569,9.5442,9.5299,0.1769,12.9290,0.4060,853.8349,73.0769,,9.5442,3.6002,6.4289,12.8578,18.0009,25.7155,38.239,5.4003,0.0,4.0,5.947999,1.484574,29,143,4,2,0E-8,0.01514225,,0E-8,0.000000,0.815633,0.000000,,2026-06-02,2026-06-22,13,414,195,21,0.619048,,,0.000000,,,,,,,,GLOBAL_BASELINE_NO_ENTITY_RANKING,,,NOT_APPLICABLE_GLOBAL_BASELINE,HF9g-P5,,,,X 全窗基线 · 不参与实体赏罚,6872503,688,A168_HF9F_20260827_0900,2026-08-27 09:00:00
2026-06-06,150916076,1115,0,12.8577673773,-12.8577673773,-12.8577673773,0E-7,1,1,0.50665070000000000,0.506650700000,-1.013391052207602,-1.013391052207602,-1.013391052207602,0E-17,ELIGIBLE,R03b_20260811_FULL_v1,L1_ELIGIBILITY,v2026-08-11,2026-03-21..2026-08-06,baccarat_bet02_101_all_pairs_incl_sentinel,round_win = game_pnl > 0 (decisive only),COMPATIBILITY_ONLY_NOT_PRODUCTION,11099.8534,9053.4112,168.0767,1163,950,-0.01514225,,-0.01514225,-0.01514225,-168.0767,11099.8534,OK,0.0000,6.7231,4.0000,96.0000,AG03-UNRESOLVED,ALL5_LEVELS_bet23_to_bet27,6.7231,6.7231,8.4038,8.4038,8.4038,4.000000,4.000000,5.000000,5.000000,5.000000,96.000000,96.000000,95.000000,95.000000,95.000000,5.0,38.6576,35.2698,129.4191,132.807,PENDING_AG03,FALSE,NOT_FOR_ENFORCEMENT,161.3537,8691.2747,168.0767,161.3537,6.7231,0.01514225,0.01453656,6.7231,161.3537,0.01453656,6.7231,6.7231,8.4038,8.4038,8.4038,161.3537,0.01453656,38.6576,35.2698,129.4191,132.807,0.01165953,0.01196475,0.00060569,9.5442,9.5299,0.1769,12.9290,0.4060,853.8349,73.0769,,9.5442,3.6002,6.4289,12.8578,18.0009,25.7155,38.239,5.4003,0.0,4.0,5.947999,1.484574,29,143,4,2,0E-8,0.01514225,,0E-8,0.000000,0.815633,0.000000,,2026-06-02,2026-06-22,13,414,195,21,0.619048,,,0.000000,,,,,,,,GLOBAL_BASELINE_NO_ENTITY_RANKING,,,NOT_APPLICABLE_GLOBAL_BASELINE,HF9g-P5,,,,X 全窗基线 · 不参与实体赏罚,6872504,688,A168_HF9F_20260827_0900,2026-08-27 09:00:00
2026-06-06,150916076,1353,0,2.8287088230,0E-10,0E-10,,1,1,0.49324550000000000,0.493245500000,,,,0E-17,NO_DECISIVE_ROUND,R03b_20260811_FULL_v1,L1_ELIGIBILITY,v2026-08-11,2026-03-21..2026-08-06,baccarat_bet02_101_all_pairs_incl_sentinel,round_win = game_pnl > 0 (decisive only),COMPATIBILITY_ONLY_NOT_PRODUCTION,11099.8534,9053.4112,168.0767,1163,950,-0.01514225,,-0.01514225,-0.01514225,-168.0767,11099.8534,OK,0.0000,6.7231,4.0000,96.0000,AG03-UNRESOLVED,ALL5_LEVELS_bet23_to_bet27,6.7231,6.7231,8.4038,8.4038,8.4038,4.000000,4.000000,5.000000,5.000000,5.000000,96.000000,96.000000,95.000000,95.000000,95.000000,5.0,38.6576,35.2698,129.4191,132.807,PENDING_AG03,FALSE,NOT_FOR_ENFORCEMENT,161.3537,8691.2747,168.0767,161.3537,6.7231,0.01514225,0.01453656,6.7231,161.3537,0.01453656,6.7231,6.7231,8.4038,8.4038,8.4038,161.3537,0.01453656,38.6576,35.2698,129.4191,132.807,0.01165953,0.01196475,0.00060569,9.5442,9.5299,0.1769,12.9290,0.4060,853.8349,73.0769,,9.5442,3.6002,6.4289,12.8578,18.0009,25.7155,38.239,5.4003,0.0,4.0,5.947999,1.484574,29,143,4,2,0E-8,0.01514225,,0E-8,0.000000,0.815633,0.000000,,2026-06-02,2026-06-22,13,414,195,21,0.619048,,,0.000000,,,,,,,,GLOBAL_BASELINE_NO_ENTITY_RANKING,,,NOT_APPLICABLE_GLOBAL_BASELINE,HF9g-P5,,,,X 全窗基线 · 不参与实体赏罚,6872505,688,A168_HF9F_20260827_0900,2026-08-27 09:00:00
2026-06-06,150916076,1402,0,18.0008743282,10.2862139018,10.2862139018,0.5000000,2,2,0.49994810000000000,0.499948100000,0.00014679536856514622,0.00014679536856514622,0.00014679536856514622,0E-17,ELIGIBLE,R03b_20260811_FULL_v1,L1_ELIGIBILITY,v2026-08-11,2026-03-21..2026-08-06,baccarat_bet02_101_all_pairs_incl_sentinel,round_win = game_pnl > 0 (decisive only),COMPATIBILITY_ONLY_NOT_PRODUCTION,11099.8534,9053.4112,168.0767,1163,950,-0.01514225,,-0.01514225,-0.01514225,-168.0767,11099.8534,OK,0.0000,6.7231,4.0000,96.0000,AG03-UNRESOLVED,ALL5_LEVELS_bet23_to_bet27,6.7231,6.7231,8.4038,8.4038,8.4038,4.000000,4.000000,5.000000,5.000000,5.000000,96.000000,96.000000,95.000000,95.000000,95.000000,5.0,38.6576,35.2698,129.4191,132.807,PENDING_AG03,FALSE,NOT_FOR_ENFORCEMENT,161.3537,8691.2747,168.0767,161.3537,6.7231,0.01514225,0.01453656,6.7231,161.3537,0.01453656,6.7231,6.7231,8.4038,8.4038,8.4038,161.3537,0.01453656,38.6576,35.2698,129.4191,132.807,0.01165953,0.01196475,0.00060569,9.5442,9.5299,0.1769,12.9290,0.4060,853.8349,73.0769,,9.5442,3.6002,6.4289,12.8578,18.0009,25.7155,38.239,5.4003,0.0,4.0,5.947999,1.484574,29,143,4,2,0E-8,0.01514225,,0E-8,0.000000,0.815633,0.000000,,2026-06-02,2026-06-22,13,414,195,21,0.619048,,,0.000000,,,,,,,,GLOBAL_BASELINE_NO_ENTITY_RANKING,,,NOT_APPLICABLE_GLOBAL_BASELINE,HF9g-P5,,,,X 全窗基线 · 不参与实体赏罚,6872506,688,A168_HF9F_20260827_0900,2026-08-27 09:00:00
2026-06-06,150916076,1509,0,16.7150975905,15.8793427109,15.8793427109,1.0000000,1,1,0.50665070000000000,0.506650700000,0.9867858985152569,0.9867858985152569,0.9867858985152569,0E-17,ELIGIBLE,R03b_20260811_FULL_v1,L1_ELIGIBILITY,v2026-08-11,2026-03-21..2026-08-06,baccarat_bet02_101_all_pairs_incl_sentinel,round_win = game_pnl > 0 (decisive only),COMPATIBILITY_ONLY_NOT_PRODUCTION,11099.8534,9053.4112,168.0767,1163,950,-0.01514225,,-0.01514225,-0.01514225,-168.0767,11099.8534,OK,0.0000,6.7231,4.0000,96.0000,AG03-UNRESOLVED,ALL5_LEVELS_bet23_to_bet27,6.7231,6.7231,8.4038,8.4038,8.4038,4.000000,4.000000,5.000000,5.000000,5.000000,96.000000,96.000000,95.000000,95.000000,95.000000,5.0,38.6576,35.2698,129.4191,132.807,PENDING_AG03,FALSE,NOT_FOR_ENFORCEMENT,161.3537,8691.2747,168.0767,161.3537,6.7231,0.01514225,0.01453656,6.7231,161.3537,0.01453656,6.7231,6.7231,8.4038,8.4038,8.4038,161.3537,0.01453656,38.6576,35.2698,129.4191,132.807,0.01165953,0.01196475,0.00060569,9.5442,9.5299,0.1769,12.9290,0.4060,853.8349,73.0769,,9.5442,3.6002,6.4289,12.8578,18.0009,25.7155,38.239,5.4003,0.0,4.0,5.947999,1.484574,29,143,4,2,0E-8,0.01514225,,0E-8,0.000000,0.815633,0.000000,,2026-06-02,2026-06-22,13,414,195,21,0.619048,,,0.000000,,,,,,,,GLOBAL_BASELINE_NO_ENTITY_RANKING,,,NOT_APPLICABLE_GLOBAL_BASELINE,HF9g-P5,,,,X 全窗基线 · 不参与实体赏罚,6872507,688,A168_HF9F_20260827_0900,2026-08-27 09:00:00
2026-06-06,150916076,1994,0,59.1457299354,-23.1439812790,-23.1439812790,0.4000000,5,5,0.49592654000000000,0.495926540000,-0.42901076602576227,-0.42901076602576227,-0.42901076602576227,0E-17,ELIGIBLE,R03b_20260811_FULL_v1,L1_ELIGIBILITY,v2026-08-11,2026-03-21..2026-08-06,baccarat_bet02_101_all_pairs_incl_sentinel,round_win = game_pnl > 0 (decisive only),COMPATIBILITY_ONLY_NOT_PRODUCTION,11099.8534,9053.4112,168.0767,1163,950,-0.01514225,,-0.01514225,-0.01514225,-168.0767,11099.8534,OK,0.0000,6.7231,4.0000,96.0000,AG03-UNRESOLVED,ALL5_LEVELS_bet23_to_bet27,6.7231,6.7231,8.4038,8.4038,8.4038,4.000000,4.000000,5.000000,5.000000,5.000000,96.000000,96.000000,95.000000,95.000000,95.000000,5.0,38.6576,35.2698,129.4191,132.807,PENDING_AG03,FALSE,NOT_FOR_ENFORCEMENT,161.3537,8691.2747,168.0767,161.3537,6.7231,0.01514225,0.01453656,6.7231,161.3537,0.01453656,6.7231,6.7231,8.4038,8.4038,8.4038,161.3537,0.01453656,38.6576,35.2698,129.4191,132.807,0.01165953,0.01196475,0.00060569,9.5442,9.5299,0.1769,12.9290,0.4060,853.8349,73.0769,,9.5442,3.6002,6.4289,12.8578,18.0009,25.7155,38.239,5.4003,0.0,4.0,5.947999,1.484574,29,143,4,2,0E-8,0.01514225,,0E-8,0.000000,0.815633,0.000000,,2026-06-02,2026-06-22,13,414,195,21,0.619048,,,0.000000,,,,,,,,GLOBAL_BASELINE_NO_ENTITY_RANKING,,,NOT_APPLICABLE_GLOBAL_BASELINE,HF9g-P5,,,,X 全窗基线 · 不参与实体赏罚,6872508,688,A168_HF9F_20260827_0900,2026-08-27 09:00:00
2026-06-06,150916076,2101,0,102.3478283232,10.1576362280,10.1576362280,0.5714286,8,8,0.49659680000000000,0.496596800000,0.3959816871769319,0.3959816871769319,0.3959816871769319,0E-17,ELIGIBLE,R03b_20260811_FULL_v1,L1_ELIGIBILITY,v2026-08-11,2026-03-21..2026-08-06,baccarat_bet02_101_all_pairs_incl_sentinel,round_win = game_pnl > 0 (decisive only),COMPATIBILITY_ONLY_NOT_PRODUCTION,11099.8534,9053.4112,168.0767,1163,950,-0.01514225,,-0.01514225,-0.01514225,-168.0767,11099.8534,OK,0.0000,6.7231,4.0000,96.0000,AG03-UNRESOLVED,ALL5_LEVELS_bet23_to_bet27,6.7231,6.7231,8.4038,8.4038,8.4038,4.000000,4.000000,5.000000,5.000000,5.000000,96.000000,96.000000,95.000000,95.000000,95.000000,5.0,38.6576,35.2698,129.4191,132.807,PENDING_AG03,FALSE,NOT_FOR_ENFORCEMENT,161.3537,8691.2747,168.0767,161.3537,6.7231,0.01514225,0.01453656,6.7231,161.3537,0.01453656,6.7231,6.7231,8.4038,8.4038,8.4038,161.3537,0.01453656,38.6576,35.2698,129.4191,132.807,0.01165953,0.01196475,0.00060569,9.5442,9.5299,0.1769,12.9290,0.4060,853.8349,73.0769,,9.5442,3.6002,6.4289,12.8578,18.0009,25.7155,38.239,5.4003,0.0,4.0,5.947999,1.484574,29,143,4,2,0E-8,0.01514225,,0E-8,0.000000,0.815633,0.000000,,2026-06-02,2026-06-22,13,414,195,21,0.619048,,,0.000000,,,,,,,,GLOBAL_BASELINE_NO_ENTITY_RANKING,,,NOT_APPLICABLE_GLOBAL_BASELINE,HF9g-P5,,,,X 全窗基线 · 不参与实体赏罚,6872509,688,A168_HF9F_20260827_0900,2026-08-27 09:00:00
2026-06-06,150916076,2174,0,40.6305449122,-15.5578985265,-15.5578985265,0.2500000,4,4,0.50329940000000000,0.503299400000,-1.013219660140378,-1.013219660140378,-1.013219660140378,0E-17,ELIGIBLE,R03b_20260811_FULL_v1,L1_ELIGIBILITY,v2026-08-11,2026-03-21..2026-08-06,baccarat_bet02_101_all_pairs_incl_sentinel,round_win = game_pnl > 0 (decisive only),COMPATIBILITY_ONLY_NOT_PRODUCTION,11099.8534,9053.4112,168.0767,1163,950,-0.01514225,,-0.01514225,-0.01514225,-168.0767,11099.8534,OK,0.0000,6.7231,4.0000,96.0000,AG03-UNRESOLVED,ALL5_LEVELS_bet23_to_bet27,6.7231,6.7231,8.4038,8.4038,8.4038,4.000000,4.000000,5.000000,5.000000,5.000000,96.000000,96.000000,95.000000,95.000000,95.000000,5.0,38.6576,35.2698,129.4191,132.807,PENDING_AG03,FALSE,NOT_FOR_ENFORCEMENT,161.3537,8691.2747,168.0767,161.3537,6.7231,0.01514225,0.01453656,6.7231,161.3537,0.01453656,6.7231,6.7231,8.4038,8.4038,8.4038,161.3537,0.01453656,38.6576,35.2698,129.4191,132.807,0.01165953,0.01196475,0.00060569,9.5442,9.5299,0.1769,12.9290,0.4060,853.8349,73.0769,,9.5442,3.6002,6.4289,12.8578,18.0009,25.7155,38.239,5.4003,0.0,4.0,5.947999,1.484574,29,143,4,2,0E-8,0.01514225,,0E-8,0.000000,0.815633,0.000000,,2026-06-02,2026-06-22,13,414,195,21,0.619048,,,0.000000,,,,,,,,GLOBAL_BASELINE_NO_ENTITY_RANKING,,,NOT_APPLICABLE_GLOBAL_BASELINE,HF9g-P5,,,,X 全窗基线 · 不参与实体赏罚,6872510,688,A168_HF9F_20260827_0900,2026-08-27 09:00:00
2026-06-06,150916076,2216,0,12.8577673773,-12.8577673773,-12.8577673773,0E-7,1,1,0.49324550000000000,0.493245500000,-0.9865810262130424,-0.9865810262130424,-0.9865810262130424,0E-17,ELIGIBLE,R03b_20260811_FULL_v1,L1_ELIGIBILITY,v2026-08-11,2026-03-21..2026-08-06,baccarat_bet02_101_all_pairs_incl_sentinel,round_win = game_pnl > 0 (decisive only),COMPATIBILITY_ONLY_NOT_PRODUCTION,11099.8534,9053.4112,168.0767,1163,950,-0.01514225,,-0.01514225,-0.01514225,-168.0767,11099.8534,OK,0.0000,6.7231,4.0000,96.0000,AG03-UNRESOLVED,ALL5_LEVELS_bet23_to_bet27,6.7231,6.7231,8.4038,8.4038,8.4038,4.000000,4.000000,5.000000,5.000000,5.000000,96.000000,96.000000,95.000000,95.000000,95.000000,5.0,38.6576,35.2698,129.4191,132.807,PENDING_AG03,FALSE,NOT_FOR_ENFORCEMENT,161.3537,8691.2747,168.0767,161.3537,6.7231,0.01514225,0.01453656,6.7231,161.3537,0.01453656,6.7231,6.7231,8.4038,8.4038,8.4038,161.3537,0.01453656,38.6576,35.2698,129.4191,132.807,0.01165953,0.01196475,0.00060569,9.5442,9.5299,0.1769,12.9290,0.4060,853.8349,73.0769,,9.5442,3.6002,6.4289,12.8578,18.0009,25.7155,38.239,5.4003,0.0,4.0,5.947999,1.484574,29,143,4,2,0E-8,0.01514225,,0E-8,0.000000,0.815633,0.000000,,2026-06-02,2026-06-22,13,414,195,21,0.619048,,,0.000000,,,,,,,,GLOBAL_BASELINE_NO_ENTITY_RANKING,,,NOT_APPLICABLE_GLOBAL_BASELINE,HF9g-P5,,,,X 全窗基线 · 不参与实体赏罚,6872511,688,A168_HF9F_20260827_0900,2026-08-27 09:00:00
2026-06-06,150916076,2233,0,30.8586417055,29.3157096202,29.3157096202,1.0000000,1,1,0.50665070000000000,0.506650700000,0.9867858985152569,0.9867858985152569,0.9867858985152569,0E-17,ELIGIBLE,R03b_20260811_FULL_v1,L1_ELIGIBILITY,v2026-08-11,2026-03-21..2026-08-06,baccarat_bet02_101_all_pairs_incl_sentinel,round_win = game_pnl > 0 (decisive only),COMPATIBILITY_ONLY_NOT_PRODUCTION,11099.8534,9053.4112,168.0767,1163,950,-0.01514225,,-0.01514225,-0.01514225,-168.0767,11099.8534,OK,0.0000,6.7231,4.0000,96.0000,AG03-UNRESOLVED,ALL5_LEVELS_bet23_to_bet27,6.7231,6.7231,8.4038,8.4038,8.4038,4.000000,4.000000,5.000000,5.000000,5.000000,96.000000,96.000000,95.000000,95.000000,95.000000,5.0,38.6576,35.2698,129.4191,132.807,PENDING_AG03,FALSE,NOT_FOR_ENFORCEMENT,161.3537,8691.2747,168.0767,161.3537,6.7231,0.01514225,0.01453656,6.7231,161.3537,0.01453656,6.7231,6.7231,8.4038,8.4038,8.4038,161.3537,0.01453656,38.6576,35.2698,129.4191,132.807,0.01165953,0.01196475,0.00060569,9.5442,9.5299,0.1769,12.9290,0.4060,853.8349,73.0769,,9.5442,3.6002,6.4289,12.8578,18.0009,25.7155,38.239,5.4003,0.0,4.0,5.947999,1.484574,29,143,4,2,0E-8,0.01514225,,0E-8,0.000000,0.815633,0.000000,,2026-06-02,2026-06-22,13,414,195,21,0.619048,,,0.000000,,,,,,,,GLOBAL_BASELINE_NO_ENTITY_RANKING,,,NOT_APPLICABLE_GLOBAL_BASELINE,HF9g-P5,,,,X 全窗基线 · 不参与实体赏罚,6872512,688,A168_HF9F_20260827_0900,2026-08-27 09:00:00
2026-06-06,150916076,2252,0,12.8577673773,-12.8577673773,-12.8577673773,0E-7,1,1,0.50665070000000000,0.506650700000,-1.013391052207602,-1.013391052207602,-1.013391052207602,0E-17,ELIGIBLE,R03b_20260811_FULL_v1,L1_ELIGIBILITY,v2026-08-11,2026-03-21..2026-08-06,baccarat_bet02_101_all_pairs_incl_sentinel,round_win = game_pnl > 0 (decisive only),COMPATIBILITY_ONLY_NOT_PRODUCTION,11099.8534,9053.4112,168.0767,1163,950,-0.01514225,,-0.01514225,-0.01514225,-168.0767,11099.8534,OK,0.0000,6.7231,4.0000,96.0000,AG03-UNRESOLVED,ALL5_LEVELS_bet23_to_bet27,6.7231,6.7231,8.4038,8.4038,8.4038,4.000000,4.000000,5.000000,5.000000,5.000000,96.000000,96.000000,95.000000,95.000000,95.000000,5.0,38.6576,35.2698,129.4191,132.807,PENDING_AG03,FALSE,NOT_FOR_ENFORCEMENT,161.3537,8691.2747,168.0767,161.3537,6.7231,0.01514225,0.01453656,6.7231,161.3537,0.01453656,6.7231,6.7231,8.4038,8.4038,8.4038,161.3537,0.01453656,38.6576,35.2698,129.4191,132.807,0.01165953,0.01196475,0.00060569,9.5442,9.5299,0.1769,12.9290,0.4060,853.8349,73.0769,,9.5442,3.6002,6.4289,12.8578,18.0009,25.7155,38.239,5.4003,0.0,4.0,5.947999,1.484574,29,143,4,2,0E-8,0.01514225,,0E-8,0.000000,0.815633,0.000000,,2026-06-02,2026-06-22,13,414,195,21,0.619048,,,0.000000,,,,,,,,GLOBAL_BASELINE_NO_ENTITY_RANKING,,,NOT_APPLICABLE_GLOBAL_BASELINE,HF9g-P5,,,,X 全窗基线 · 不参与实体赏罚,6872513,688,A168_HF9F_20260827_0900,2026-08-27 09:00:00
2026-06-06,150916076,2267,0,11.5719906395,-1.5429320852,-1.5429320852,0.5000000,2,2,0.49994810000000000,0.499948100000,0.00014679536856514622,0.00014679536856514622,0.00014679536856514622,0E-17,ELIGIBLE,R03b_20260811_FULL_v1,L1_ELIGIBILITY,v2026-08-11,2026-03-21..2026-08-06,baccarat_bet02_101_all_pairs_incl_sentinel,round_win = game_pnl > 0 (decisive only),COMPATIBILITY_ONLY_NOT_PRODUCTION,11099.8534,9053.4112,168.0767,1163,950,-0.01514225,,-0.01514225,-0.01514225,-168.0767,11099.8534,OK,0.0000,6.7231,4.0000,96.0000,AG03-UNRESOLVED,ALL5_LEVELS_bet23_to_bet27,6.7231,6.7231,8.4038,8.4038,8.4038,4.000000,4.000000,5.000000,5.000000,5.000000,96.000000,96.000000,95.000000,95.000000,95.000000,5.0,38.6576,35.2698,129.4191,132.807,PENDING_AG03,FALSE,NOT_FOR_ENFORCEMENT,161.3537,8691.2747,168.0767,161.3537,6.7231,0.01514225,0.01453656,6.7231,161.3537,0.01453656,6.7231,6.7231,8.4038,8.4038,8.4038,161.3537,0.01453656,38.6576,35.2698,129.4191,132.807,0.01165953,0.01196475,0.00060569,9.5442,9.5299,0.1769,12.9290,0.4060,853.8349,73.0769,,9.5442,3.6002,6.4289,12.8578,18.0009,25.7155,38.239,5.4003,0.0,4.0,5.947999,1.484574,29,143,4,2,0E-8,0.01514225,,0E-8,0.000000,0.815633,0.000000,,2026-06-02,2026-06-22,13,414,195,21,0.619048,,,0.000000,,,,,,,,GLOBAL_BASELINE_NO_ENTITY_RANKING,,,NOT_APPLICABLE_GLOBAL_BASELINE,HF9g-P5,,,,X 全窗基线 · 不参与实体赏罚,6872514,688,A168_HF9F_20260827_0900,2026-08-27 09:00:00
2026-06-06,150916076,2273,0,41.1448556073,5.1431069509,5.1431069509,0.6000000,5,5,0.49860758000000000,0.498607580000,0.4534424453485946,0.4534424453485946,0.4534424453485946,0E-17,ELIGIBLE,R03b_20260811_FULL_v1,L1_ELIGIBILITY,v2026-08-11,2026-03-21..2026-08-06,baccarat_bet02_101_all_pairs_incl_sentinel,round_win = game_pnl > 0 (decisive only),COMPATIBILITY_ONLY_NOT_PRODUCTION,11099.8534,9053.4112,168.0767,1163,950,-0.01514225,,-0.01514225,-0.01514225,-168.0767,11099.8534,OK,0.0000,6.7231,4.0000,96.0000,AG03-UNRESOLVED,ALL5_LEVELS_bet23_to_bet27,6.7231,6.7231,8.4038,8.4038,8.4038,4.000000,4.000000,5.000000,5.000000,5.000000,96.000000,96.000000,95.000000,95.000000,95.000000,5.0,38.6576,35.2698,129.4191,132.807,PENDING_AG03,FALSE,NOT_FOR_ENFORCEMENT,161.3537,8691.2747,168.0767,161.3537,6.7231,0.01514225,0.01453656,6.7231,161.3537,0.01453656,6.7231,6.7231,8.4038,8.4038,8.4038,161.3537,0.01453656,38.6576,35.2698,129.4191,132.807,0.01165953,0.01196475,0.00060569,9.5442,9.5299,0.1769,12.9290,0.4060,853.8349,73.0769,,9.5442,3.6002,6.4289,12.8578,18.0009,25.7155,38.239,5.4003,0.0,4.0,5.947999,1.484574,29,143,4,2,0E-8,0.01514225,,0E-8,0.000000,0.815633,0.000000,,2026-06-02,2026-06-22,13,414,195,21,0.619048,,,0.000000,,,,,,,,GLOBAL_BASELINE_NO_ENTITY_RANKING,,,NOT_APPLICABLE_GLOBAL_BASELINE,HF9g-P5,,,,X 全窗基线 · 不参与实体赏罚,6872515,688,A168_HF9F_20260827_0900,2026-08-27 09:00:00
2026-06-07,150916076,1702,0,65.5746136242,13.3720780722,13.3720780722,0.6666667,7,6,0.50069283333333655,0.501065200000,0.8131031852495431,0.8112800290212471,0.8131031852495431,-0.00037236666666345,ELIGIBLE,R03b_20260811_FULL_v1,L1_ELIGIBILITY,v2026-08-11,2026-03-21..2026-08-06,baccarat_bet02_101_all_pairs_incl_sentinel,round_win = game_pnl > 0 (decisive only),COMPATIBILITY_ONLY_NOT_PRODUCTION,11099.8534,9053.4112,168.0767,1163,950,-0.01514225,,-0.01514225,-0.01514225,-168.0767,11099.8534,OK,0.0000,6.7231,4.0000,96.0000,AG03-UNRESOLVED,ALL5_LEVELS_bet23_to_bet27,6.7231,6.7231,8.4038,8.4038,8.4038,4.000000,4.000000,5.000000,5.000000,5.000000,96.000000,96.000000,95.000000,95.000000,95.000000,5.0,38.6576,35.2698,129.4191,132.807,PENDING_AG03,FALSE,NOT_FOR_ENFORCEMENT,161.3537,8691.2747,168.0767,161.3537,6.7231,0.01514225,0.01453656,6.7231,161.3537,0.01453656,6.7231,6.7231,8.4038,8.4038,8.4038,161.3537,0.01453656,38.6576,35.2698,129.4191,132.807,0.01165953,0.01196475,0.00060569,9.5442,9.5299,0.1769,12.9290,0.4060,853.8349,73.0769,,9.5442,3.6002,6.4289,12.8578,18.0009,25.7155,38.239,5.4003,0.0,4.0,5.947999,1.484574,29,143,4,2,0E-8,0.01514225,,0E-8,0.000000,0.815633,0.000000,,2026-06-02,2026-06-22,13,414,195,21,0.619048,,,0.000000,,,,,,,,GLOBAL_BASELINE_NO_ENTITY_RANKING,,,NOT_APPLICABLE_GLOBAL_BASELINE,HF9g-P5,,,,X 全窗基线 · 不参与实体赏罚,6872516,688,A168_HF9F_20260827_0900,2026-08-27 09:00:00
2026-06-07,150916076,2127,0,18.0008743282,7.7146604264,7.7146604264,0.5000000,2,2,0.49994810000000000,0.499948100000,0.00014679536856514622,0.00014679536856514622,0.00014679536856514622,0E-17,ELIGIBLE,R03b_20260811_FULL_v1,L1_ELIGIBILITY,v2026-08-11,2026-03-21..2026-08-06,baccarat_bet02_101_all_pairs_incl_sentinel,round_win = game_pnl > 0 (decisive only),COMPATIBILITY_ONLY_NOT_PRODUCTION,11099.8534,9053.4112,168.0767,1163,950,-0.01514225,,-0.01514225,-0.01514225,-168.0767,11099.8534,OK,0.0000,6.7231,4.0000,96.0000,AG03-UNRESOLVED,ALL5_LEVELS_bet23_to_bet27,6.7231,6.7231,8.4038,8.4038,8.4038,4.000000,4.000000,5.000000,5.000000,5.000000,96.000000,96.000000,95.000000,95.000000,95.000000,5.0,38.6576,35.2698,129.4191,132.807,PENDING_AG03,FALSE,NOT_FOR_ENFORCEMENT,161.3537,8691.2747,168.0767,161.3537,6.7231,0.01514225,0.01453656,6.7231,161.3537,0.01453656,6.7231,6.7231,8.4038,8.4038,8.4038,161.3537,0.01453656,38.6576,35.2698,129.4191,132.807,0.01165953,0.01196475,0.00060569,9.5442,9.5299,0.1769,12.9290,0.4060,853.8349,73.0769,,9.5442,3.6002,6.4289,12.8578,18.0009,25.7155,38.239,5.4003,0.0,4.0,5.947999,1.484574,29,143,4,2,0E-8,0.01514225,,0E-8,0.000000,0.815633,0.000000,,2026-06-02,2026-06-22,13,414,195,21,0.619048,,,0.000000,,,,,,,,GLOBAL_BASELINE_NO_ENTITY_RANKING,,,NOT_APPLICABLE_GLOBAL_BASELINE,HF9g-P5,,,,X 全窗基线 · 不参与实体赏罚,6872517,688,A168_HF9F_20260827_0900,2026-08-27 09:00:00
2026-06-07,150916076,2251,0,20.5724278037,5.1431069509,5.1431069509,0.5000000,2,2,0.49994810000000000,0.499948100000,0.00014679536856514622,0.00014679536856514622,0.00014679536856514622,0E-17,ELIGIBLE,R03b_20260811_FULL_v1,L1_ELIGIBILITY,v2026-08-11,2026-03-21..2026-08-06,baccarat_bet02_101_all_pairs_incl_sentinel,round_win = game_pnl > 0 (decisive only),COMPATIBILITY_ONLY_NOT_PRODUCTION,11099.8534,9053.4112,168.0767,1163,950,-0.01514225,,-0.01514225,-0.01514225,-168.0767,11099.8534,OK,0.0000,6.7231,4.0000,96.0000,AG03-UNRESOLVED,ALL5_LEVELS_bet23_to_bet27,6.7231,6.7231,8.4038,8.4038,8.4038,4.000000,4.000000,5.000000,5.000000,5.000000,96.000000,96.000000,95.000000,95.000000,95.000000,5.0,38.6576,35.2698,129.4191,132.807,PENDING_AG03,FALSE,NOT_FOR_ENFORCEMENT,161.3537,8691.2747,168.0767,161.3537,6.7231,0.01514225,0.01453656,6.7231,161.3537,0.01453656,6.7231,6.7231,8.4038,8.4038,8.4038,161.3537,0.01453656,38.6576,35.2698,129.4191,132.807,0.01165953,0.01196475,0.00060569,9.5442,9.5299,0.1769,12.9290,0.4060,853.8349,73.0769,,9.5442,3.6002,6.4289,12.8578,18.0009,25.7155,38.239,5.4003,0.0,4.0,5.947999,1.484574,29,143,4,2,0E-8,0.01514225,,0E-8,0.000000,0.815633,0.000000,,2026-06-02,2026-06-22,13,414,195,21,0.619048,,,0.000000,,,,,,,,GLOBAL_BASELINE_NO_ENTITY_RANKING,,,NOT_APPLICABLE_GLOBAL_BASELINE,HF9g-P5,,,,X 全窗基线 · 不参与实体赏罚,6872518,688,A168_HF9F_20260827_0900,2026-08-27 09:00:00
2026-06-08,150916076,-1,1,154.8075192224,39.0104662228,39.0104662228,0.5666667,30,30,0.50084178000000000,0.500841780000,0.7210765273521909,0.7210765273521909,0.7210765273521909,0E-17,SENTINEL_DEALER,R03b_20260811_FULL_v1,L1_ELIGIBILITY,v2026-08-11,2026-03-21..2026-08-06,baccarat_bet02_101_all_pairs_incl_sentinel,round_win = game_pnl > 0 (decisive only),COMPATIBILITY_ONLY_NOT_PRODUCTION,11099.8534,9053.4112,168.0767,1163,950,-0.01514225,,-0.01514225,-0.01514225,-168.0767,11099.8534,OK,0.0000,6.7231,4.0000,96.0000,AG03-UNRESOLVED,ALL5_LEVELS_bet23_to_bet27,6.7231,6.7231,8.4038,8.4038,8.4038,4.000000,4.000000,5.000000,5.000000,5.000000,96.000000,96.000000,95.000000,95.000000,95.000000,5.0,38.6576,35.2698,129.4191,132.807,PENDING_AG03,FALSE,NOT_FOR_ENFORCEMENT,161.3537,8691.2747,168.0767,161.3537,6.7231,0.01514225,0.01453656,6.7231,161.3537,0.01453656,6.7231,6.7231,8.4038,8.4038,8.4038,161.3537,0.01453656,38.6576,35.2698,129.4191,132.807,0.01165953,0.01196475,0.00060569,9.5442,9.5299,0.1769,12.9290,0.4060,853.8349,73.0769,,9.5442,3.6002,6.4289,12.8578,18.0009,25.7155,38.239,5.4003,0.0,4.0,5.947999,1.484574,29,143,4,2,0E-8,0.01514225,,0E-8,0.000000,0.815633,0.000000,,2026-06-02,2026-06-22,13,414,195,21,0.619048,,,0.000000,,,,,,,,GLOBAL_BASELINE_NO_ENTITY_RANKING,,,NOT_APPLICABLE_GLOBAL_BASELINE,HF9g-P5,,,,X 全窗基线 · 不参与实体赏罚,6872519,688,A168_HF9F_20260827_0900,2026-08-27 09:00:00
2026-06-08,150916076,1004,0,2.5715534755,-2.5715534755,-2.5715534755,0E-7,1,1,0.50665070000000000,0.506650700000,-1.013391052207602,-1.013391052207602,-1.013391052207602,0E-17,ELIGIBLE,R03b_20260811_FULL_v1,L1_ELIGIBILITY,v2026-08-11,2026-03-21..2026-08-06,baccarat_bet02_101_all_pairs_incl_sentinel,round_win = game_pnl > 0 (decisive only),COMPATIBILITY_ONLY_NOT_PRODUCTION,11099.8534,9053.4112,168.0767,1163,950,-0.01514225,,-0.01514225,-0.01514225,-168.0767,11099.8534,OK,0.0000,6.7231,4.0000,96.0000,AG03-UNRESOLVED,ALL5_LEVELS_bet23_to_bet27,6.7231,6.7231,8.4038,8.4038,8.4038,4.000000,4.000000,5.000000,5.000000,5.000000,96.000000,96.000000,95.000000,95.000000,95.000000,5.0,38.6576,35.2698,129.4191,132.807,PENDING_AG03,FALSE,NOT_FOR_ENFORCEMENT,161.3537,8691.2747,168.0767,161.3537,6.7231,0.01514225,0.01453656,6.7231,161.3537,0.01453656,6.7231,6.7231,8.4038,8.4038,8.4038,161.3537,0.01453656,38.6576,35.2698,129.4191,132.807,0.01165953,0.01196475,0.00060569,9.5442,9.5299,0.1769,12.9290,0.4060,853.8349,73.0769,,9.5442,3.6002,6.4289,12.8578,18.0009,25.7155,38.239,5.4003,0.0,4.0,5.947999,1.484574,29,143,4,2,0E-8,0.01514225,,0E-8,0.000000,0.815633,0.000000,,2026-06-02,2026-06-22,13,414,195,21,0.619048,,,0.000000,,,,,,,,GLOBAL_BASELINE_NO_ENTITY_RANKING,,,NOT_APPLICABLE_GLOBAL_BASELINE,HF9g-P5,,,,X 全窗基线 · 不参与实体赏罚,6872520,688,A168_HF9F_20260827_0900,2026-08-27 09:00:00
2026-06-08,150916076,1109,0,5.1431069509,-5.1431069509,-5.1431069509,0E-7,1,1,0.50665070000000000,0.506650700000,-1.013391052207602,-1.013391052207602,-1.013391052207602,0E-17,ELIGIBLE,R03b_20260811_FULL_v1,L1_ELIGIBILITY,v2026-08-11,2026-03-21..2026-08-06,baccarat_bet02_101_all_pairs_incl_sentinel,round_win = game_pnl > 0 (decisive only),COMPATIBILITY_ONLY_NOT_PRODUCTION,11099.8534,9053.4112,168.0767,1163,950,-0.01514225,,-0.01514225,-0.01514225,-168.0767,11099.8534,OK,0.0000,6.7231,4.0000,96.0000,AG03-UNRESOLVED,ALL5_LEVELS_bet23_to_bet27,6.7231,6.7231,8.4038,8.4038,8.4038,4.000000,4.000000,5.000000,5.000000,5.000000,96.000000,96.000000,95.000000,95.000000,95.000000,5.0,38.6576,35.2698,129.4191,132.807,PENDING_AG03,FALSE,NOT_FOR_ENFORCEMENT,161.3537,8691.2747,168.0767,161.3537,6.7231,0.01514225,0.01453656,6.7231,161.3537,0.01453656,6.7231,6.7231,8.4038,8.4038,8.4038,161.3537,0.01453656,38.6576,35.2698,129.4191,132.807,0.01165953,0.01196475,0.00060569,9.5442,9.5299,0.1769,12.9290,0.4060,853.8349,73.0769,,9.5442,3.6002,6.4289,12.8578,18.0009,25.7155,38.239,5.4003,0.0,4.0,5.947999,1.484574,29,143,4,2,0E-8,0.01514225,,0E-8,0.000000,0.815633,0.000000,,2026-06-02,2026-06-22,13,414,195,21,0.619048,,,0.000000,,,,,,,,GLOBAL_BASELINE_NO_ENTITY_RANKING,,,NOT_APPLICABLE_GLOBAL_BASELINE,HF9g-P5,,,,X 全窗基线 · 不参与实体赏罚,6872521,688,A168_HF9F_20260827_0900,2026-08-27 09:00:00
2026-06-08,150916076,1205,0,10.8005245969,-10.8005245969,-10.8005245969,0E-7,1,1,0.50665070000000000,0.506650700000,-1.013391052207602,-1.013391052207602,-1.013391052207602,0E-17,ELIGIBLE,R03b_20260811_FULL_v1,L1_ELIGIBILITY,v2026-08-11,2026-03-21..2026-08-06,baccarat_bet02_101_all_pairs_incl_sentinel,round_win = game_pnl > 0 (decisive only),COMPATIBILITY_ONLY_NOT_PRODUCTION,11099.8534,9053.4112,168.0767,1163,950,-0.01514225,,-0.01514225,-0.01514225,-168.0767,11099.8534,OK,0.0000,6.7231,4.0000,96.0000,AG03-UNRESOLVED,ALL5_LEVELS_bet23_to_bet27,6.7231,6.7231,8.4038,8.4038,8.4038,4.000000,4.000000,5.000000,5.000000,5.000000,96.000000,96.000000,95.000000,95.000000,95.000000,5.0,38.6576,35.2698,129.4191,132.807,PENDING_AG03,FALSE,NOT_FOR_ENFORCEMENT,161.3537,8691.2747,168.0767,161.3537,6.7231,0.01514225,0.01453656,6.7231,161.3537,0.01453656,6.7231,6.7231,8.4038,8.4038,8.4038,161.3537,0.01453656,38.6576,35.2698,129.4191,132.807,0.01165953,0.01196475,0.00060569,9.5442,9.5299,0.1769,12.9290,0.4060,853.8349,73.0769,,9.5442,3.6002,6.4289,12.8578,18.0009,25.7155,38.239,5.4003,0.0,4.0,5.947999,1.484574,29,143,4,2,0E-8,0.01514225,,0E-8,0.000000,0.815633,0.000000,,2026-06-02,2026-06-22,13,414,195,21,0.619048,,,0.000000,,,,,,,,GLOBAL_BASELINE_NO_ENTITY_RANKING,,,NOT_APPLICABLE_GLOBAL_BASELINE,HF9g-P5,,,,X 全窗基线 · 不参与实体赏罚,6872522,688,A168_HF9F_20260827_0900,2026-08-27 09:00:00
2026-06-08,150916076,1353,0,5.1431069510,0E-10,0E-10,0.5000000,2,2,0.49994810000000000,0.499948100000,0.00014679536856514622,0.00014679536856514622,0.00014679536856514622,0E-17,ELIGIBLE,R03b_20260811_FULL_v1,L1_ELIGIBILITY,v2026-08-11,2026-03-21..2026-08-06,baccarat_bet02_101_all_pairs_incl_sentinel,round_win = game_pnl > 0 (decisive only),COMPATIBILITY_ONLY_NOT_PRODUCTION,11099.8534,9053.4112,168.0767,1163,950,-0.01514225,,-0.01514225,-0.01514225,-168.0767,11099.8534,OK,0.0000,6.7231,4.0000,96.0000,AG03-UNRESOLVED,ALL5_LEVELS_bet23_to_bet27,6.7231,6.7231,8.4038,8.4038,8.4038,4.000000,4.000000,5.000000,5.000000,5.000000,96.000000,96.000000,95.000000,95.000000,95.000000,5.0,38.6576,35.2698,129.4191,132.807,PENDING_AG03,FALSE,NOT_FOR_ENFORCEMENT,161.3537,8691.2747,168.0767,161.3537,6.7231,0.01514225,0.01453656,6.7231,161.3537,0.01453656,6.7231,6.7231,8.4038,8.4038,8.4038,161.3537,0.01453656,38.6576,35.2698,129.4191,132.807,0.01165953,0.01196475,0.00060569,9.5442,9.5299,0.1769,12.9290,0.4060,853.8349,73.0769,,9.5442,3.6002,6.4289,12.8578,18.0009,25.7155,38.239,5.4003,0.0,4.0,5.947999,1.484574,29,143,4,2,0E-8,0.01514225,,0E-8,0.000000,0.815633,0.000000,,2026-06-02,2026-06-22,13,414,195,21,0.619048,,,0.000000,,,,,,,,GLOBAL_BASELINE_NO_ENTITY_RANKING,,,NOT_APPLICABLE_GLOBAL_BASELINE,HF9g-P5,,,,X 全窗基线 · 不参与实体赏罚,6872523,688,A168_HF9F_20260827_0900,2026-08-27 09:00:00
2026-06-08,150916076,1399,0,10.2862139018,-10.2862139018,-10.2862139018,0E-7,1,1,0.50665070000000000,0.506650700000,-1.013391052207602,-1.013391052207602,-1.013391052207602,0E-17,ELIGIBLE,R03b_20260811_FULL_v1,L1_ELIGIBILITY,v2026-08-11,2026-03-21..2026-08-06,baccarat_bet02_101_all_pairs_incl_sentinel,round_win = game_pnl > 0 (decisive only),COMPATIBILITY_ONLY_NOT_PRODUCTION,11099.8534,9053.4112,168.0767,1163,950,-0.01514225,,-0.01514225,-0.01514225,-168.0767,11099.8534,OK,0.0000,6.7231,4.0000,96.0000,AG03-UNRESOLVED,ALL5_LEVELS_bet23_to_bet27,6.7231,6.7231,8.4038,8.4038,8.4038,4.000000,4.000000,5.000000,5.000000,5.000000,96.000000,96.000000,95.000000,95.000000,95.000000,5.0,38.6576,35.2698,129.4191,132.807,PENDING_AG03,FALSE,NOT_FOR_ENFORCEMENT,161.3537,8691.2747,168.0767,161.3537,6.7231,0.01514225,0.01453656,6.7231,161.3537,0.01453656,6.7231,6.7231,8.4038,8.4038,8.4038,161.3537,0.01453656,38.6576,35.2698,129.4191,132.807,0.01165953,0.01196475,0.00060569,9.5442,9.5299,0.1769,12.9290,0.4060,853.8349,73.0769,,9.5442,3.6002,6.4289,12.8578,18.0009,25.7155,38.239,5.4003,0.0,4.0,5.947999,1.484574,29,143,4,2,0E-8,0.01514225,,0E-8,0.000000,0.815633,0.000000,,2026-06-02,2026-06-22,13,414,195,21,0.619048,,,0.000000,,,,,,,,GLOBAL_BASELINE_NO_ENTITY_RANKING,,,NOT_APPLICABLE_GLOBAL_BASELINE,HF9g-P5,,,,X 全窗基线 · 不参与实体赏罚,6872524,688,A168_HF9F_20260827_0900,2026-08-27 09:00:00
2026-06-08,150916076,1509,0,46.2879625582,-8.4861264689,-8.4861264689,0.3750000,9,9,0.50218230000000000,0.502182300000,-0.7194585869949017,-0.7194585869949017,-0.7194585869949017,0E-17,ELIGIBLE,R03b_20260811_FULL_v1,L1_ELIGIBILITY,v2026-08-11,2026-03-21..2026-08-06,baccarat_bet02_101_all_pairs_incl_sentinel,round_win = game_pnl > 0 (decisive only),COMPATIBILITY_ONLY_NOT_PRODUCTION,11099.8534,9053.4112,168.0767,1163,950,-0.01514225,,-0.01514225,-0.01514225,-168.0767,11099.8534,OK,0.0000,6.7231,4.0000,96.0000,AG03-UNRESOLVED,ALL5_LEVELS_bet23_to_bet27,6.7231,6.7231,8.4038,8.4038,8.4038,4.000000,4.000000,5.000000,5.000000,5.000000,96.000000,96.000000,95.000000,95.000000,95.000000,5.0,38.6576,35.2698,129.4191,132.807,PENDING_AG03,FALSE,NOT_FOR_ENFORCEMENT,161.3537,8691.2747,168.0767,161.3537,6.7231,0.01514225,0.01453656,6.7231,161.3537,0.01453656,6.7231,6.7231,8.4038,8.4038,8.4038,161.3537,0.01453656,38.6576,35.2698,129.4191,132.807,0.01165953,0.01196475,0.00060569,9.5442,9.5299,0.1769,12.9290,0.4060,853.8349,73.0769,,9.5442,3.6002,6.4289,12.8578,18.0009,25.7155,38.239,5.4003,0.0,4.0,5.947999,1.484574,29,143,4,2,0E-8,0.01514225,,0E-8,0.000000,0.815633,0.000000,,2026-06-02,2026-06-22,13,414,195,21,0.619048,,,0.000000,,,,,,,,GLOBAL_BASELINE_NO_ENTITY_RANKING,,,NOT_APPLICABLE_GLOBAL_BASELINE,HF9g-P5,,,,X 全窗基线 · 不参与实体赏罚,6872525,688,A168_HF9F_20260827_0900,2026-08-27 09:00:00
2026-06-08,150916076,2066,0,2.5715534755,-2.5715534755,-2.5715534755,0E-7,1,1,0.50665070000000000,0.506650700000,-1.013391052207602,-1.013391052207602,-1.013391052207602,0E-17,ELIGIBLE,R03b_20260811_FULL_v1,L1_ELIGIBILITY,v2026-08-11,2026-03-21..2026-08-06,baccarat_bet02_101_all_pairs_incl_sentinel,round_win = game_pnl > 0 (decisive only),COMPATIBILITY_ONLY_NOT_PRODUCTION,11099.8534,9053.4112,168.0767,1163,950,-0.01514225,,-0.01514225,-0.01514225,-168.0767,11099.8534,OK,0.0000,6.7231,4.0000,96.0000,AG03-UNRESOLVED,ALL5_LEVELS_bet23_to_bet27,6.7231,6.7231,8.4038,8.4038,8.4038,4.000000,4.000000,5.000000,5.000000,5.000000,96.000000,96.000000,95.000000,95.000000,95.000000,5.0,38.6576,35.2698,129.4191,132.807,PENDING_AG03,FALSE,NOT_FOR_ENFORCEMENT,161.3537,8691.2747,168.0767,161.3537,6.7231,0.01514225,0.01453656,6.7231,161.3537,0.01453656,6.7231,6.7231,8.4038,8.4038,8.4038,161.3537,0.01453656,38.6576,35.2698,129.4191,132.807,0.01165953,0.01196475,0.00060569,9.5442,9.5299,0.1769,12.9290,0.4060,853.8349,73.0769,,9.5442,3.6002,6.4289,12.8578,18.0009,25.7155,38.239,5.4003,0.0,4.0,5.947999,1.484574,29,143,4,2,0E-8,0.01514225,,0E-8,0.000000,0.815633,0.000000,,2026-06-02,2026-06-22,13,414,195,21,0.619048,,,0.000000,,,,,,,,GLOBAL_BASELINE_NO_ENTITY_RANKING,,,NOT_APPLICABLE_GLOBAL_BASELINE,HF9g-P5,,,,X 全窗基线 · 不参与实体赏罚,6872526,688,A168_HF9F_20260827_0900,2026-08-27 09:00:00
2026-06-08,150916076,2089,0,18.0008743282,-15.4293208527,-15.4293208527,0E-7,2,2,0.49324550000000000,0.493245500000,-0.9865810262130424,-0.9865810262130424,-0.9865810262130424,0E-17,ELIGIBLE,R03b_20260811_FULL_v1,L1_ELIGIBILITY,v2026-08-11,2026-03-21..2026-08-06,baccarat_bet02_101_all_pairs_incl_sentinel,round_win = game_pnl > 0 (decisive only),COMPATIBILITY_ONLY_NOT_PRODUCTION,11099.8534,9053.4112,168.0767,1163,950,-0.01514225,,-0.01514225,-0.01514225,-168.0767,11099.8534,OK,0.0000,6.7231,4.0000,96.0000,AG03-UNRESOLVED,ALL5_LEVELS_bet23_to_bet27,6.7231,6.7231,8.4038,8.4038,8.4038,4.000000,4.000000,5.000000,5.000000,5.000000,96.000000,96.000000,95.000000,95.000000,95.000000,5.0,38.6576,35.2698,129.4191,132.807,PENDING_AG03,FALSE,NOT_FOR_ENFORCEMENT,161.3537,8691.2747,168.0767,161.3537,6.7231,0.01514225,0.01453656,6.7231,161.3537,0.01453656,6.7231,6.7231,8.4038,8.4038,8.4038,161.3537,0.01453656,38.6576,35.2698,129.4191,132.807,0.01165953,0.01196475,0.00060569,9.5442,9.5299,0.1769,12.9290,0.4060,853.8349,73.0769,,9.5442,3.6002,6.4289,12.8578,18.0009,25.7155,38.239,5.4003,0.0,4.0,5.947999,1.484574,29,143,4,2,0E-8,0.01514225,,0E-8,0.000000,0.815633,0.000000,,2026-06-02,2026-06-22,13,414,195,21,0.619048,,,0.000000,,,,,,,,GLOBAL_BASELINE_NO_ENTITY_RANKING,,,NOT_APPLICABLE_GLOBAL_BASELINE,HF9g-P5,,,,X 全窗基线 · 不参与实体赏罚,6872527,688,A168_HF9F_20260827_0900,2026-08-27 09:00:00
2026-06-08,150916076,2123,0,5.1431069509,4.8859516034,4.8859516034,1.0000000,1,1,0.50665070000000000,0.506650700000,0.9867858985152569,0.9867858985152569,0.9867858985152569,0E-17,ELIGIBLE,R03b_20260811_FULL_v1,L1_ELIGIBILITY,v2026-08-11,2026-03-21..2026-08-06,baccarat_bet02_101_all_pairs_incl_sentinel,round_win = game_pnl > 0 (decisive only),COMPATIBILITY_ONLY_NOT_PRODUCTION,11099.8534,9053.4112,168.0767,1163,950,-0.01514225,,-0.01514225,-0.01514225,-168.0767,11099.8534,OK,0.0000,6.7231,4.0000,96.0000,AG03-UNRESOLVED,ALL5_LEVELS_bet23_to_bet27,6.7231,6.7231,8.4038,8.4038,8.4038,4.000000,4.000000,5.000000,5.000000,5.000000,96.000000,96.000000,95.000000,95.000000,95.000000,5.0,38.6576,35.2698,129.4191,132.807,PENDING_AG03,FALSE,NOT_FOR_ENFORCEMENT,161.3537,8691.2747,168.0767,161.3537,6.7231,0.01514225,0.01453656,6.7231,161.3537,0.01453656,6.7231,6.7231,8.4038,8.4038,8.4038,161.3537,0.01453656,38.6576,35.2698,129.4191,132.807,0.01165953,0.01196475,0.00060569,9.5442,9.5299,0.1769,12.9290,0.4060,853.8349,73.0769,,9.5442,3.6002,6.4289,12.8578,18.0009,25.7155,38.239,5.4003,0.0,4.0,5.947999,1.484574,29,143,4,2,0E-8,0.01514225,,0E-8,0.000000,0.815633,0.000000,,2026-06-02,2026-06-22,13,414,195,21,0.619048,,,0.000000,,,,,,,,GLOBAL_BASELINE_NO_ENTITY_RANKING,,,NOT_APPLICABLE_GLOBAL_BASELINE,HF9g-P5,,,,X 全窗基线 · 不参与实体赏罚,6872528,688,A168_HF9F_20260827_0900,2026-08-27 09:00:00
2026-06-08,150916076,2127,0,5.1431069509,4.8859516034,4.8859516034,1.0000000,1,1,0.50665070000000000,0.506650700000,0.9867858985152569,0.9867858985152569,0.9867858985152569,0E-17,ELIGIBLE,R03b_20260811_FULL_v1,L1_ELIGIBILITY,v2026-08-11,2026-03-21..2026-08-06,baccarat_bet02_101_all_pairs_incl_sentinel,round_win = game_pnl > 0 (decisive only),COMPATIBILITY_ONLY_NOT_PRODUCTION,11099.8534,9053.4112,168.0767,1163,950,-0.01514225,,-0.01514225,-0.01514225,-168.0767,11099.8534,OK,0.0000,6.7231,4.0000,96.0000,AG03-UNRESOLVED,ALL5_LEVELS_bet23_to_bet27,6.7231,6.7231,8.4038,8.4038,8.4038,4.000000,4.000000,5.000000,5.000000,5.000000,96.000000,96.000000,95.000000,95.000000,95.000000,5.0,38.6576,35.2698,129.4191,132.807,PENDING_AG03,FALSE,NOT_FOR_ENFORCEMENT,161.3537,8691.2747,168.0767,161.3537,6.7231,0.01514225,0.01453656,6.7231,161.3537,0.01453656,6.7231,6.7231,8.4038,8.4038,8.4038,161.3537,0.01453656,38.6576,35.2698,129.4191,132.807,0.01165953,0.01196475,0.00060569,9.5442,9.5299,0.1769,12.9290,0.4060,853.8349,73.0769,,9.5442,3.6002,6.4289,12.8578,18.0009,25.7155,38.239,5.4003,0.0,4.0,5.947999,1.484574,29,143,4,2,0E-8,0.01514225,,0E-8,0.000000,0.815633,0.000000,,2026-06-02,2026-06-22,13,414,195,21,0.619048,,,0.000000,,,,,,,,GLOBAL_BASELINE_NO_ENTITY_RANKING,,,NOT_APPLICABLE_GLOBAL_BASELINE,HF9g-P5,,,,X 全窗基线 · 不参与实体赏罚,6872529,688,A168_HF9F_20260827_0900,2026-08-27 09:00:00
2026-06-08,150916076,2129,0,10.2862139018,-10.2862139018,-10.2862139018,0E-7,1,1,0.49324550000000000,0.493245500000,-0.9865810262130424,-0.9865810262130424,-0.9865810262130424,0E-17,ELIGIBLE,R03b_20260811_FULL_v1,L1_ELIGIBILITY,v2026-08-11,2026-03-21..2026-08-06,baccarat_bet02_101_all_pairs_incl_sentinel,round_win = game_pnl > 0 (decisive only),COMPATIBILITY_ONLY_NOT_PRODUCTION,11099.8534,9053.4112,168.0767,1163,950,-0.01514225,,-0.01514225,-0.01514225,-168.0767,11099.8534,OK,0.0000,6.7231,4.0000,96.0000,AG03-UNRESOLVED,ALL5_LEVELS_bet23_to_bet27,6.7231,6.7231,8.4038,8.4038,8.4038,4.000000,4.000000,5.000000,5.000000,5.000000,96.000000,96.000000,95.000000,95.000000,95.000000,5.0,38.6576,35.2698,129.4191,132.807,PENDING_AG03,FALSE,NOT_FOR_ENFORCEMENT,161.3537,8691.2747,168.0767,161.3537,6.7231,0.01514225,0.01453656,6.7231,161.3537,0.01453656,6.7231,6.7231,8.4038,8.4038,8.4038,161.3537,0.01453656,38.6576,35.2698,129.4191,132.807,0.01165953,0.01196475,0.00060569,9.5442,9.5299,0.1769,12.9290,0.4060,853.8349,73.0769,,9.5442,3.6002,6.4289,12.8578,18.0009,25.7155,38.239,5.4003,0.0,4.0,5.947999,1.484574,29,143,4,2,0E-8,0.01514225,,0E-8,0.000000,0.815633,0.000000,,2026-06-02,2026-06-22,13,414,195,21,0.619048,,,0.000000,,,,,,,,GLOBAL_BASELINE_NO_ENTITY_RANKING,,,NOT_APPLICABLE_GLOBAL_BASELINE,HF9g-P5,,,,X 全窗基线 · 不参与实体赏罚,6872530,688,A168_HF9F_20260827_0900,2026-08-27 09:00:00
2026-06-08,150916076,2134,0,15.6864762003,5.1302491835,5.1302491835,0.7500000,4,4,0.50329940000000000,0.503299400000,0.9868238854431842,0.9868238854431842,0.9868238854431842,0E-17,ELIGIBLE,R03b_20260811_FULL_v1,L1_ELIGIBILITY,v2026-08-11,2026-03-21..2026-08-06,baccarat_bet02_101_all_pairs_incl_sentinel,round_win = game_pnl > 0 (decisive only),COMPATIBILITY_ONLY_NOT_PRODUCTION,11099.8534,9053.4112,168.0767,1163,950,-0.01514225,,-0.01514225,-0.01514225,-168.0767,11099.8534,OK,0.0000,6.7231,4.0000,96.0000,AG03-UNRESOLVED,ALL5_LEVELS_bet23_to_bet27,6.7231,6.7231,8.4038,8.4038,8.4038,4.000000,4.000000,5.000000,5.000000,5.000000,96.000000,96.000000,95.000000,95.000000,95.000000,5.0,38.6576,35.2698,129.4191,132.807,PENDING_AG03,FALSE,NOT_FOR_ENFORCEMENT,161.3537,8691.2747,168.0767,161.3537,6.7231,0.01514225,0.01453656,6.7231,161.3537,0.01453656,6.7231,6.7231,8.4038,8.4038,8.4038,161.3537,0.01453656,38.6576,35.2698,129.4191,132.807,0.01165953,0.01196475,0.00060569,9.5442,9.5299,0.1769,12.9290,0.4060,853.8349,73.0769,,9.5442,3.6002,6.4289,12.8578,18.0009,25.7155,38.239,5.4003,0.0,4.0,5.947999,1.484574,29,143,4,2,0E-8,0.01514225,,0E-8,0.000000,0.815633,0.000000,,2026-06-02,2026-06-22,13,414,195,21,0.619048,,,0.000000,,,,,,,,GLOBAL_BASELINE_NO_ENTITY_RANKING,,,NOT_APPLICABLE_GLOBAL_BASELINE,HF9g-P5,,,,X 全窗基线 · 不参与实体赏罚,6872531,688,A168_HF9F_20260827_0900,2026-08-27 09:00:00
2026-06-08,150916076,2223,0,11.0576799446,11.0576799446,11.0576799446,1.0000000,4,4,0.49324550000000000,0.493245500000,2.0272029836991,2.0272029836991,2.0272029836991,0E-17,ELIGIBLE,R03b_20260811_FULL_v1,L1_ELIGIBILITY,v2026-08-11,2026-03-21..2026-08-06,baccarat_bet02_101_all_pairs_incl_sentinel,round_win = game_pnl > 0 (decisive only),COMPATIBILITY_ONLY_NOT_PRODUCTION,11099.8534,9053.4112,168.0767,1163,950,-0.01514225,,-0.01514225,-0.01514225,-168.0767,11099.8534,OK,0.0000,6.7231,4.0000,96.0000,AG03-UNRESOLVED,ALL5_LEVELS_bet23_to_bet27,6.7231,6.7231,8.4038,8.4038,8.4038,4.000000,4.000000,5.000000,5.000000,5.000000,96.000000,96.000000,95.000000,95.000000,95.000000,5.0,38.6576,35.2698,129.4191,132.807,PENDING_AG03,FALSE,NOT_FOR_ENFORCEMENT,161.3537,8691.2747,168.0767,161.3537,6.7231,0.01514225,0.01453656,6.7231,161.3537,0.01453656,6.7231,6.7231,8.4038,8.4038,8.4038,161.3537,0.01453656,38.6576,35.2698,129.4191,132.807,0.01165953,0.01196475,0.00060569,9.5442,9.5299,0.1769,12.9290,0.4060,853.8349,73.0769,,9.5442,3.6002,6.4289,12.8578,18.0009,25.7155,38.239,5.4003,0.0,4.0,5.947999,1.484574,29,143,4,2,0E-8,0.01514225,,0E-8,0.000000,0.815633,0.000000,,2026-06-02,2026-06-22,13,414,195,21,0.619048,,,0.000000,,,,,,,,GLOBAL_BASELINE_NO_ENTITY_RANKING,,,NOT_APPLICABLE_GLOBAL_BASELINE,HF9g-P5,,,,X 全窗基线 · 不参与实体赏罚,6872532,688,A168_HF9F_20260827_0900,2026-08-27 09:00:00
2026-06-08,150916076,2234,0,5.1431069509,-5.1431069509,-5.1431069509,0E-7,1,1,0.50665070000000000,0.506650700000,-1.013391052207602,-1.013391052207602,-1.013391052207602,0E-17,ELIGIBLE,R03b_20260811_FULL_v1,L1_ELIGIBILITY,v2026-08-11,2026-03-21..2026-08-06,baccarat_bet02_101_all_pairs_incl_sentinel,round_win = game_pnl > 0 (decisive only),COMPATIBILITY_ONLY_NOT_PRODUCTION,11099.8534,9053.4112,168.0767,1163,950,-0.01514225,,-0.01514225,-0.01514225,-168.0767,11099.8534,OK,0.0000,6.7231,4.0000,96.0000,AG03-UNRESOLVED,ALL5_LEVELS_bet23_to_bet27,6.7231,6.7231,8.4038,8.4038,8.4038,4.000000,4.000000,5.000000,5.000000,5.000000,96.000000,96.000000,95.000000,95.000000,95.000000,5.0,38.6576,35.2698,129.4191,132.807,PENDING_AG03,FALSE,NOT_FOR_ENFORCEMENT,161.3537,8691.2747,168.0767,161.3537,6.7231,0.01514225,0.01453656,6.7231,161.3537,0.01453656,6.7231,6.7231,8.4038,8.4038,8.4038,161.3537,0.01453656,38.6576,35.2698,129.4191,132.807,0.01165953,0.01196475,0.00060569,9.5442,9.5299,0.1769,12.9290,0.4060,853.8349,73.0769,,9.5442,3.6002,6.4289,12.8578,18.0009,25.7155,38.239,5.4003,0.0,4.0,5.947999,1.484574,29,143,4,2,0E-8,0.01514225,,0E-8,0.000000,0.815633,0.000000,,2026-06-02,2026-06-22,13,414,195,21,0.619048,,,0.000000,,,,,,,,GLOBAL_BASELINE_NO_ENTITY_RANKING,,,NOT_APPLICABLE_GLOBAL_BASELINE,HF9g-P5,,,,X 全窗基线 · 不参与实体赏罚,6872533,688,A168_HF9F_20260827_0900,2026-08-27 09:00:00
2026-06-08,150916076,2239,0,2.5715534755,-2.5715534755,-2.5715534755,0E-7,1,1,0.50665070000000000,0.506650700000,-1.013391052207602,-1.013391052207602,-1.013391052207602,0E-17,ELIGIBLE,R03b_20260811_FULL_v1,L1_ELIGIBILITY,v2026-08-11,2026-03-21..2026-08-06,baccarat_bet02_101_all_pairs_incl_sentinel,round_win = game_pnl > 0 (decisive only),COMPATIBILITY_ONLY_NOT_PRODUCTION,11099.8534,9053.4112,168.0767,1163,950,-0.01514225,,-0.01514225,-0.01514225,-168.0767,11099.8534,OK,0.0000,6.7231,4.0000,96.0000,AG03-UNRESOLVED,ALL5_LEVELS_bet23_to_bet27,6.7231,6.7231,8.4038,8.4038,8.4038,4.000000,4.000000,5.000000,5.000000,5.000000,96.000000,96.000000,95.000000,95.000000,95.000000,5.0,38.6576,35.2698,129.4191,132.807,PENDING_AG03,FALSE,NOT_FOR_ENFORCEMENT,161.3537,8691.2747,168.0767,161.3537,6.7231,0.01514225,0.01453656,6.7231,161.3537,0.01453656,6.7231,6.7231,8.4038,8.4038,8.4038,161.3537,0.01453656,38.6576,35.2698,129.4191,132.807,0.01165953,0.01196475,0.00060569,9.5442,9.5299,0.1769,12.9290,0.4060,853.8349,73.0769,,9.5442,3.6002,6.4289,12.8578,18.0009,25.7155,38.239,5.4003,0.0,4.0,5.947999,1.484574,29,143,4,2,0E-8,0.01514225,,0E-8,0.000000,0.815633,0.000000,,2026-06-02,2026-06-22,13,414,195,21,0.619048,,,0.000000,,,,,,,,GLOBAL_BASELINE_NO_ENTITY_RANKING,,,NOT_APPLICABLE_GLOBAL_BASELINE,HF9g-P5,,,,X 全窗基线 · 不参与实体赏罚,6872534,688,A168_HF9F_20260827_0900,2026-08-27 09:00:00
2026-06-08,150916076,2241,0,32.4015737907,-12.3434566821,-12.3434566821,0.4000000,5,5,0.50665070000000000,0.506650700000,-0.4769986289884125,-0.4769986289884125,-0.4769986289884125,0E-17,ELIGIBLE,R03b_20260811_FULL_v1,L1_ELIGIBILITY,v2026-08-11,2026-03-21..2026-08-06,baccarat_bet02_101_all_pairs_incl_sentinel,round_win = game_pnl > 0 (decisive only),COMPATIBILITY_ONLY_NOT_PRODUCTION,11099.8534,9053.4112,168.0767,1163,950,-0.01514225,,-0.01514225,-0.01514225,-168.0767,11099.8534,OK,0.0000,6.7231,4.0000,96.0000,AG03-UNRESOLVED,ALL5_LEVELS_bet23_to_bet27,6.7231,6.7231,8.4038,8.4038,8.4038,4.000000,4.000000,5.000000,5.000000,5.000000,96.000000,96.000000,95.000000,95.000000,95.000000,5.0,38.6576,35.2698,129.4191,132.807,PENDING_AG03,FALSE,NOT_FOR_ENFORCEMENT,161.3537,8691.2747,168.0767,161.3537,6.7231,0.01514225,0.01453656,6.7231,161.3537,0.01453656,6.7231,6.7231,8.4038,8.4038,8.4038,161.3537,0.01453656,38.6576,35.2698,129.4191,132.807,0.01165953,0.01196475,0.00060569,9.5442,9.5299,0.1769,12.9290,0.4060,853.8349,73.0769,,9.5442,3.6002,6.4289,12.8578,18.0009,25.7155,38.239,5.4003,0.0,4.0,5.947999,1.484574,29,143,4,2,0E-8,0.01514225,,0E-8,0.000000,0.815633,0.000000,,2026-06-02,2026-06-22,13,414,195,21,0.619048,,,0.000000,,,,,,,,GLOBAL_BASELINE_NO_ENTITY_RANKING,,,NOT_APPLICABLE_GLOBAL_BASELINE,HF9g-P5,,,,X 全窗基线 · 不参与实体赏罚,6872535,688,A168_HF9F_20260827_0900,2026-08-27 09:00:00
2026-06-08,150916076,2246,0,35.4874379614,8.7432818166,8.7432818166,0.6250000,8,8,0.49492115000000000,0.494921150000,0.7358750597491888,0.7358750597491888,0.7358750597491888,0E-17,ELIGIBLE,R03b_20260811_FULL_v1,L1_ELIGIBILITY,v2026-08-11,2026-03-21..2026-08-06,baccarat_bet02_101_all_pairs_incl_sentinel,round_win = game_pnl > 0 (decisive only),COMPATIBILITY_ONLY_NOT_PRODUCTION,11099.8534,9053.4112,168.0767,1163,950,-0.01514225,,-0.01514225,-0.01514225,-168.0767,11099.8534,OK,0.0000,6.7231,4.0000,96.0000,AG03-UNRESOLVED,ALL5_LEVELS_bet23_to_bet27,6.7231,6.7231,8.4038,8.4038,8.4038,4.000000,4.000000,5.000000,5.000000,5.000000,96.000000,96.000000,95.000000,95.000000,95.000000,5.0,38.6576,35.2698,129.4191,132.807,PENDING_AG03,FALSE,NOT_FOR_ENFORCEMENT,161.3537,8691.2747,168.0767,161.3537,6.7231,0.01514225,0.01453656,6.7231,161.3537,0.01453656,6.7231,6.7231,8.4038,8.4038,8.4038,161.3537,0.01453656,38.6576,35.2698,129.4191,132.807,0.01165953,0.01196475,0.00060569,9.5442,9.5299,0.1769,12.9290,0.4060,853.8349,73.0769,,9.5442,3.6002,6.4289,12.8578,18.0009,25.7155,38.239,5.4003,0.0,4.0,5.947999,1.484574,29,143,4,2,0E-8,0.01514225,,0E-8,0.000000,0.815633,0.000000,,2026-06-02,2026-06-22,13,414,195,21,0.619048,,,0.000000,,,,,,,,GLOBAL_BASELINE_NO_ENTITY_RANKING,,,NOT_APPLICABLE_GLOBAL_BASELINE,HF9g-P5,,,,X 全窗基线 · 不参与实体赏罚,6872536,688,A168_HF9F_20260827_0900,2026-08-27 09:00:00
2026-06-08,150916076,462,0,10.2862139018,-10.2862139018,-10.2862139018,0E-7,1,1,0.49324550000000000,0.493245500000,-0.9865810262130424,-0.9865810262130424,-0.9865810262130424,0E-17,ELIGIBLE,R03b_20260811_FULL_v1,L1_ELIGIBILITY,v2026-08-11,2026-03-21..2026-08-06,baccarat_bet02_101_all_pairs_incl_sentinel,round_win = game_pnl > 0 (decisive only),COMPATIBILITY_ONLY_NOT_PRODUCTION,11099.8534,9053.4112,168.0767,1163,950,-0.01514225,,-0.01514225,-0.01514225,-168.0767,11099.8534,OK,0.0000,6.7231,4.0000,96.0000,AG03-UNRESOLVED,ALL5_LEVELS_bet23_to_bet27,6.7231,6.7231,8.4038,8.4038,8.4038,4.000000,4.000000,5.000000,5.000000,5.000000,96.000000,96.000000,95.000000,95.000000,95.000000,5.0,38.6576,35.2698,129.4191,132.807,PENDING_AG03,FALSE,NOT_FOR_ENFORCEMENT,161.3537,8691.2747,168.0767,161.3537,6.7231,0.01514225,0.01453656,6.7231,161.3537,0.01453656,6.7231,6.7231,8.4038,8.4038,8.4038,161.3537,0.01453656,38.6576,35.2698,129.4191,132.807,0.01165953,0.01196475,0.00060569,9.5442,9.5299,0.1769,12.9290,0.4060,853.8349,73.0769,,9.5442,3.6002,6.4289,12.8578,18.0009,25.7155,38.239,5.4003,0.0,4.0,5.947999,1.484574,29,143,4,2,0E-8,0.01514225,,0E-8,0.000000,0.815633,0.000000,,2026-06-02,2026-06-22,13,414,195,21,0.619048,,,0.000000,,,,,,,,GLOBAL_BASELINE_NO_ENTITY_RANKING,,,NOT_APPLICABLE_GLOBAL_BASELINE,HF9g-P5,,,,X 全窗基线 · 不参与实体赏罚,6872537,688,A168_HF9F_20260827_0900,2026-08-27 09:00:00
2026-06-08,150916076,583,0,29.3157096204,7.1746341966,7.1746341966,0.8571429,8,8,0.50162375000000000,0.501623750000,1.881240207710258,1.881240207710258,1.881240207710258,0E-17,ELIGIBLE,R03b_20260811_FULL_v1,L1_ELIGIBILITY,v2026-08-11,2026-03-21..2026-08-06,baccarat_bet02_101_all_pairs_incl_sentinel,round_win = game_pnl > 0 (decisive only),COMPATIBILITY_ONLY_NOT_PRODUCTION,11099.8534,9053.4112,168.0767,1163,950,-0.01514225,,-0.01514225,-0.01514225,-168.0767,11099.8534,OK,0.0000,6.7231,4.0000,96.0000,AG03-UNRESOLVED,ALL5_LEVELS_bet23_to_bet27,6.7231,6.7231,8.4038,8.4038,8.4038,4.000000,4.000000,5.000000,5.000000,5.000000,96.000000,96.000000,95.000000,95.000000,95.000000,5.0,38.6576,35.2698,129.4191,132.807,PENDING_AG03,FALSE,NOT_FOR_ENFORCEMENT,161.3537,8691.2747,168.0767,161.3537,6.7231,0.01514225,0.01453656,6.7231,161.3537,0.01453656,6.7231,6.7231,8.4038,8.4038,8.4038,161.3537,0.01453656,38.6576,35.2698,129.4191,132.807,0.01165953,0.01196475,0.00060569,9.5442,9.5299,0.1769,12.9290,0.4060,853.8349,73.0769,,9.5442,3.6002,6.4289,12.8578,18.0009,25.7155,38.239,5.4003,0.0,4.0,5.947999,1.484574,29,143,4,2,0E-8,0.01514225,,0E-8,0.000000,0.815633,0.000000,,2026-06-02,2026-06-22,13,414,195,21,0.619048,,,0.000000,,,,,,,,GLOBAL_BASELINE_NO_ENTITY_RANKING,,,NOT_APPLICABLE_GLOBAL_BASELINE,HF9g-P5,,,,X 全窗基线 · 不参与实体赏罚,6872538,688,A168_HF9F_20260827_0900,2026-08-27 09:00:00
2026-06-08,150916076,789,0,2.5715534755,-2.5715534755,-2.5715534755,0E-7,1,1,0.49324550000000000,0.493245500000,-0.9865810262130424,-0.9865810262130424,-0.9865810262130424,0E-17,ELIGIBLE,R03b_20260811_FULL_v1,L1_ELIGIBILITY,v2026-08-11,2026-03-21..2026-08-06,baccarat_bet02_101_all_pairs_incl_sentinel,round_win = game_pnl > 0 (decisive only),COMPATIBILITY_ONLY_NOT_PRODUCTION,11099.8534,9053.4112,168.0767,1163,950,-0.01514225,,-0.01514225,-0.01514225,-168.0767,11099.8534,OK,0.0000,6.7231,4.0000,96.0000,AG03-UNRESOLVED,ALL5_LEVELS_bet23_to_bet27,6.7231,6.7231,8.4038,8.4038,8.4038,4.000000,4.000000,5.000000,5.000000,5.000000,96.000000,96.000000,95.000000,95.000000,95.000000,5.0,38.6576,35.2698,129.4191,132.807,PENDING_AG03,FALSE,NOT_FOR_ENFORCEMENT,161.3537,8691.2747,168.0767,161.3537,6.7231,0.01514225,0.01453656,6.7231,161.3537,0.01453656,6.7231,6.7231,8.4038,8.4038,8.4038,161.3537,0.01453656,38.6576,35.2698,129.4191,132.807,0.01165953,0.01196475,0.00060569,9.5442,9.5299,0.1769,12.9290,0.4060,853.8349,73.0769,,9.5442,3.6002,6.4289,12.8578,18.0009,25.7155,38.239,5.4003,0.0,4.0,5.947999,1.484574,29,143,4,2,0E-8,0.01514225,,0E-8,0.000000,0.815633,0.000000,,2026-06-02,2026-06-22,13,414,195,21,0.619048,,,0.000000,,,,,,,,GLOBAL_BASELINE_NO_ENTITY_RANKING,,,NOT_APPLICABLE_GLOBAL_BASELINE,HF9g-P5,,,,X 全窗基线 · 不参与实体赏罚,6872539,688,A168_HF9F_20260827_0900,2026-08-27 09:00:00
2026-06-08,150916076,970,0,19.2866510660,11.1862576183,11.1862576183,0.8000000,5,5,0.49860758000000000,0.498607580000,1.3478731046594083,1.3478731046594083,1.3478731046594083,0E-17,ELIGIBLE,R03b_20260811_FULL_v1,L1_ELIGIBILITY,v2026-08-11,2026-03-21..2026-08-06,baccarat_bet02_101_all_pairs_incl_sentinel,round_win = game_pnl > 0 (decisive only),COMPATIBILITY_ONLY_NOT_PRODUCTION,11099.8534,9053.4112,168.0767,1163,950,-0.01514225,,-0.01514225,-0.01514225,-168.0767,11099.8534,OK,0.0000,6.7231,4.0000,96.0000,AG03-UNRESOLVED,ALL5_LEVELS_bet23_to_bet27,6.7231,6.7231,8.4038,8.4038,8.4038,4.000000,4.000000,5.000000,5.000000,5.000000,96.000000,96.000000,95.000000,95.000000,95.000000,5.0,38.6576,35.2698,129.4191,132.807,PENDING_AG03,FALSE,NOT_FOR_ENFORCEMENT,161.3537,8691.2747,168.0767,161.3537,6.7231,0.01514225,0.01453656,6.7231,161.3537,0.01453656,6.7231,6.7231,8.4038,8.4038,8.4038,161.3537,0.01453656,38.6576,35.2698,129.4191,132.807,0.01165953,0.01196475,0.00060569,9.5442,9.5299,0.1769,12.9290,0.4060,853.8349,73.0769,,9.5442,3.6002,6.4289,12.8578,18.0009,25.7155,38.239,5.4003,0.0,4.0,5.947999,1.484574,29,143,4,2,0E-8,0.01514225,,0E-8,0.000000,0.815633,0.000000,,2026-06-02,2026-06-22,13,414,195,21,0.619048,,,0.000000,,,,,,,,GLOBAL_BASELINE_NO_ENTITY_RANKING,,,NOT_APPLICABLE_GLOBAL_BASELINE,HF9g-P5,,,,X 全窗基线 · 不参与实体赏罚,6872540,688,A168_HF9F_20260827_0900,2026-08-27 09:00:00
2026-06-09,150916076,-1,1,140.9211304551,34.7288296862,34.7288296862,0.5714286,15,15,0.49682022000000000,0.496820220000,0.5583290691210249,0.5583290691210249,0.5583290691210249,0E-17,SENTINEL_DEALER,R03b_20260811_FULL_v1,L1_ELIGIBILITY,v2026-08-11,2026-03-21..2026-08-06,baccarat_bet02_101_all_pairs_incl_sentinel,round_win = game_pnl > 0 (decisive only),COMPATIBILITY_ONLY_NOT_PRODUCTION,11099.8534,9053.4112,168.0767,1163,950,-0.01514225,,-0.01514225,-0.01514225,-168.0767,11099.8534,OK,0.0000,6.7231,4.0000,96.0000,AG03-UNRESOLVED,ALL5_LEVELS_bet23_to_bet27,6.7231,6.7231,8.4038,8.4038,8.4038,4.000000,4.000000,5.000000,5.000000,5.000000,96.000000,96.000000,95.000000,95.000000,95.000000,5.0,38.6576,35.2698,129.4191,132.807,PENDING_AG03,FALSE,NOT_FOR_ENFORCEMENT,161.3537,8691.2747,168.0767,161.3537,6.7231,0.01514225,0.01453656,6.7231,161.3537,0.01453656,6.7231,6.7231,8.4038,8.4038,8.4038,161.3537,0.01453656,38.6576,35.2698,129.4191,132.807,0.01165953,0.01196475,0.00060569,9.5442,9.5299,0.1769,12.9290,0.4060,853.8349,73.0769,,9.5442,3.6002,6.4289,12.8578,18.0009,25.7155,38.239,5.4003,0.0,4.0,5.947999,1.484574,29,143,4,2,0E-8,0.01514225,,0E-8,0.000000,0.815633,0.000000,,2026-06-02,2026-06-22,13,414,195,21,0.619048,,,0.000000,,,,,,,,GLOBAL_BASELINE_NO_ENTITY_RANKING,,,NOT_APPLICABLE_GLOBAL_BASELINE,HF9g-P5,,,,X 全窗基线 · 不参与实体赏罚,6872541,688,A168_HF9F_20260827_0900,2026-08-27 09:00:00
2026-06-09,150916076,1078,0,38.5733021318,23.1439812790,23.1439812790,0.6000000,5,5,0.49592654000000000,0.495926540000,0.46544610904919037,0.46544610904919037,0.46544610904919037,0E-17,ELIGIBLE,R03b_20260811_FULL_v1,L1_ELIGIBILITY,v2026-08-11,2026-03-21..2026-08-06,baccarat_bet02_101_all_pairs_incl_sentinel,round_win = game_pnl > 0 (decisive only),COMPATIBILITY_ONLY_NOT_PRODUCTION,11099.8534,9053.4112,168.0767,1163,950,-0.01514225,,-0.01514225,-0.01514225,-168.0767,11099.8534,OK,0.0000,6.7231,4.0000,96.0000,AG03-UNRESOLVED,ALL5_LEVELS_bet23_to_bet27,6.7231,6.7231,8.4038,8.4038,8.4038,4.000000,4.000000,5.000000,5.000000,5.000000,96.000000,96.000000,95.000000,95.000000,95.000000,5.0,38.6576,35.2698,129.4191,132.807,PENDING_AG03,FALSE,NOT_FOR_ENFORCEMENT,161.3537,8691.2747,168.0767,161.3537,6.7231,0.01514225,0.01453656,6.7231,161.3537,0.01453656,6.7231,6.7231,8.4038,8.4038,8.4038,161.3537,0.01453656,38.6576,35.2698,129.4191,132.807,0.01165953,0.01196475,0.00060569,9.5442,9.5299,0.1769,12.9290,0.4060,853.8349,73.0769,,9.5442,3.6002,6.4289,12.8578,18.0009,25.7155,38.239,5.4003,0.0,4.0,5.947999,1.484574,29,143,4,2,0E-8,0.01514225,,0E-8,0.000000,0.815633,0.000000,,2026-06-02,2026-06-22,13,414,195,21,0.619048,,,0.000000,,,,,,,,GLOBAL_BASELINE_NO_ENTITY_RANKING,,,NOT_APPLICABLE_GLOBAL_BASELINE,HF9g-P5,,,,X 全窗基线 · 不参与实体赏罚,6872542,688,A168_HF9F_20260827_0900,2026-08-27 09:00:00
2026-06-09,150916076,1115,0,14.4006994625,14.4006994625,14.4006994625,1.0000000,1,1,0.49324550000000000,0.493245500000,1.01360149184955,1.01360149184955,1.01360149184955,0E-17,ELIGIBLE,R03b_20260811_FULL_v1,L1_ELIGIBILITY,v2026-08-11,2026-03-21..2026-08-06,baccarat_bet02_101_all_pairs_incl_sentinel,round_win = game_pnl > 0 (decisive only),COMPATIBILITY_ONLY_NOT_PRODUCTION,11099.8534,9053.4112,168.0767,1163,950,-0.01514225,,-0.01514225,-0.01514225,-168.0767,11099.8534,OK,0.0000,6.7231,4.0000,96.0000,AG03-UNRESOLVED,ALL5_LEVELS_bet23_to_bet27,6.7231,6.7231,8.4038,8.4038,8.4038,4.000000,4.000000,5.000000,5.000000,5.000000,96.000000,96.000000,95.000000,95.000000,95.000000,5.0,38.6576,35.2698,129.4191,132.807,PENDING_AG03,FALSE,NOT_FOR_ENFORCEMENT,161.3537,8691.2747,168.0767,161.3537,6.7231,0.01514225,0.01453656,6.7231,161.3537,0.01453656,6.7231,6.7231,8.4038,8.4038,8.4038,161.3537,0.01453656,38.6576,35.2698,129.4191,132.807,0.01165953,0.01196475,0.00060569,9.5442,9.5299,0.1769,12.9290,0.4060,853.8349,73.0769,,9.5442,3.6002,6.4289,12.8578,18.0009,25.7155,38.239,5.4003,0.0,4.0,5.947999,1.484574,29,143,4,2,0E-8,0.01514225,,0E-8,0.000000,0.815633,0.000000,,2026-06-02,2026-06-22,13,414,195,21,0.619048,,,0.000000,,,,,,,,GLOBAL_BASELINE_NO_ENTITY_RANKING,,,NOT_APPLICABLE_GLOBAL_BASELINE,HF9g-P5,,,,X 全窗基线 · 不参与实体赏罚,6872543,688,A168_HF9F_20260827_0900,2026-08-27 09:00:00
2026-06-09,150916076,1157,0,49.6309820763,22.3725152365,22.3725152365,0.5000000,2,2,0.49994810000000000,0.499948100000,0.00014679536856514622,0.00014679536856514622,0.00014679536856514622,0E-17,ELIGIBLE,R03b_20260811_FULL_v1,L1_ELIGIBILITY,v2026-08-11,2026-03-21..2026-08-06,baccarat_bet02_101_all_pairs_incl_sentinel,round_win = game_pnl > 0 (decisive only),COMPATIBILITY_ONLY_NOT_PRODUCTION,11099.8534,9053.4112,168.0767,1163,950,-0.01514225,,-0.01514225,-0.01514225,-168.0767,11099.8534,OK,0.0000,6.7231,4.0000,96.0000,AG03-UNRESOLVED,ALL5_LEVELS_bet23_to_bet27,6.7231,6.7231,8.4038,8.4038,8.4038,4.000000,4.000000,5.000000,5.000000,5.000000,96.000000,96.000000,95.000000,95.000000,95.000000,5.0,38.6576,35.2698,129.4191,132.807,PENDING_AG03,FALSE,NOT_FOR_ENFORCEMENT,161.3537,8691.2747,168.0767,161.3537,6.7231,0.01514225,0.01453656,6.7231,161.3537,0.01453656,6.7231,6.7231,8.4038,8.4038,8.4038,161.3537,0.01453656,38.6576,35.2698,129.4191,132.807,0.01165953,0.01196475,0.00060569,9.5442,9.5299,0.1769,12.9290,0.4060,853.8349,73.0769,,9.5442,3.6002,6.4289,12.8578,18.0009,25.7155,38.239,5.4003,0.0,4.0,5.947999,1.484574,29,143,4,2,0E-8,0.01514225,,0E-8,0.000000,0.815633,0.000000,,2026-06-02,2026-06-22,13,414,195,21,0.619048,,,0.000000,,,,,,,,GLOBAL_BASELINE_NO_ENTITY_RANKING,,,NOT_APPLICABLE_GLOBAL_BASELINE,HF9g-P5,,,,X 全窗基线 · 不参与实体赏罚,6872544,688,A168_HF9F_20260827_0900,2026-08-27 09:00:00
2026-06-09,150916076,1299,0,12.8577673773,12.8577673773,12.8577673773,1.0000000,1,1,0.49324550000000000,0.493245500000,1.01360149184955,1.01360149184955,1.01360149184955,0E-17,ELIGIBLE,R03b_20260811_FULL_v1,L1_ELIGIBILITY,v2026-08-11,2026-03-21..2026-08-06,baccarat_bet02_101_all_pairs_incl_sentinel,round_win = game_pnl > 0 (decisive only),COMPATIBILITY_ONLY_NOT_PRODUCTION,11099.8534,9053.4112,168.0767,1163,950,-0.01514225,,-0.01514225,-0.01514225,-168.0767,11099.8534,OK,0.0000,6.7231,4.0000,96.0000,AG03-UNRESOLVED,ALL5_LEVELS_bet23_to_bet27,6.7231,6.7231,8.4038,8.4038,8.4038,4.000000,4.000000,5.000000,5.000000,5.000000,96.000000,96.000000,95.000000,95.000000,95.000000,5.0,38.6576,35.2698,129.4191,132.807,PENDING_AG03,FALSE,NOT_FOR_ENFORCEMENT,161.3537,8691.2747,168.0767,161.3537,6.7231,0.01514225,0.01453656,6.7231,161.3537,0.01453656,6.7231,6.7231,8.4038,8.4038,8.4038,161.3537,0.01453656,38.6576,35.2698,129.4191,132.807,0.01165953,0.01196475,0.00060569,9.5442,9.5299,0.1769,12.9290,0.4060,853.8349,73.0769,,9.5442,3.6002,6.4289,12.8578,18.0009,25.7155,38.239,5.4003,0.0,4.0,5.947999,1.484574,29,143,4,2,0E-8,0.01514225,,0E-8,0.000000,0.815633,0.000000,,2026-06-02,2026-06-22,13,414,195,21,0.619048,,,0.000000,,,,,,,,GLOBAL_BASELINE_NO_ENTITY_RANKING,,,NOT_APPLICABLE_GLOBAL_BASELINE,HF9g-P5,,,,X 全窗基线 · 不参与实体赏罚,6872545,688,A168_HF9F_20260827_0900,2026-08-27 09:00:00
2026-06-09,150916076,1318,0,10.2862139019,-10.2862139019,-10.2862139019,0E-7,2,2,0.50665070000000000,0.506650700000,-1.4331513700195317,-1.4331513700195317,-1.4331513700195317,0E-17,ELIGIBLE,R03b_20260811_FULL_v1,L1_ELIGIBILITY,v2026-08-11,2026-03-21..2026-08-06,baccarat_bet02_101_all_pairs_incl_sentinel,round_win = game_pnl > 0 (decisive only),COMPATIBILITY_ONLY_NOT_PRODUCTION,11099.8534,9053.4112,168.0767,1163,950,-0.01514225,,-0.01514225,-0.01514225,-168.0767,11099.8534,OK,0.0000,6.7231,4.0000,96.0000,AG03-UNRESOLVED,ALL5_LEVELS_bet23_to_bet27,6.7231,6.7231,8.4038,8.4038,8.4038,4.000000,4.000000,5.000000,5.000000,5.000000,96.000000,96.000000,95.000000,95.000000,95.000000,5.0,38.6576,35.2698,129.4191,132.807,PENDING_AG03,FALSE,NOT_FOR_ENFORCEMENT,161.3537,8691.2747,168.0767,161.3537,6.7231,0.01514225,0.01453656,6.7231,161.3537,0.01453656,6.7231,6.7231,8.4038,8.4038,8.4038,161.3537,0.01453656,38.6576,35.2698,129.4191,132.807,0.01165953,0.01196475,0.00060569,9.5442,9.5299,0.1769,12.9290,0.4060,853.8349,73.0769,,9.5442,3.6002,6.4289,12.8578,18.0009,25.7155,38.239,5.4003,0.0,4.0,5.947999,1.484574,29,143,4,2,0E-8,0.01514225,,0E-8,0.000000,0.815633,0.000000,,2026-06-02,2026-06-22,13,414,195,21,0.619048,,,0.000000,,,,,,,,GLOBAL_BASELINE_NO_ENTITY_RANKING,,,NOT_APPLICABLE_GLOBAL_BASELINE,HF9g-P5,,,,X 全窗基线 · 不参与实体赏罚,6872546,688,A168_HF9F_20260827_0900,2026-08-27 09:00:00
2026-06-09,150916076,1330,0,11.0576799444,0.4757373930,0.4757373930,0.5000000,2,2,0.50665070000000000,0.506650700000,-0.018812684590367487,-0.018812684590367487,-0.018812684590367487,0E-17,ELIGIBLE,R03b_20260811_FULL_v1,L1_ELIGIBILITY,v2026-08-11,2026-03-21..2026-08-06,baccarat_bet02_101_all_pairs_incl_sentinel,round_win = game_pnl > 0 (decisive only),COMPATIBILITY_ONLY_NOT_PRODUCTION,11099.8534,9053.4112,168.0767,1163,950,-0.01514225,,-0.01514225,-0.01514225,-168.0767,11099.8534,OK,0.0000,6.7231,4.0000,96.0000,AG03-UNRESOLVED,ALL5_LEVELS_bet23_to_bet27,6.7231,6.7231,8.4038,8.4038,8.4038,4.000000,4.000000,5.000000,5.000000,5.000000,96.000000,96.000000,95.000000,95.000000,95.000000,5.0,38.6576,35.2698,129.4191,132.807,PENDING_AG03,FALSE,NOT_FOR_ENFORCEMENT,161.3537,8691.2747,168.0767,161.3537,6.7231,0.01514225,0.01453656,6.7231,161.3537,0.01453656,6.7231,6.7231,8.4038,8.4038,8.4038,161.3537,0.01453656,38.6576,35.2698,129.4191,132.807,0.01165953,0.01196475,0.00060569,9.5442,9.5299,0.1769,12.9290,0.4060,853.8349,73.0769,,9.5442,3.6002,6.4289,12.8578,18.0009,25.7155,38.239,5.4003,0.0,4.0,5.947999,1.484574,29,143,4,2,0E-8,0.01514225,,0E-8,0.000000,0.815633,0.000000,,2026-06-02,2026-06-22,13,414,195,21,0.619048,,,0.000000,,,,,,,,GLOBAL_BASELINE_NO_ENTITY_RANKING,,,NOT_APPLICABLE_GLOBAL_BASELINE,HF9g-P5,,,,X 全窗基线 · 不参与实体赏罚,6872547,688,A168_HF9F_20260827_0900,2026-08-27 09:00:00
2026-06-09,150916076,1363,0,5.1431069509,5.1431069509,5.1431069509,1.0000000,1,1,0.49324550000000000,0.493245500000,1.01360149184955,1.01360149184955,1.01360149184955,0E-17,ELIGIBLE,R03b_20260811_FULL_v1,L1_ELIGIBILITY,v2026-08-11,2026-03-21..2026-08-06,baccarat_bet02_101_all_pairs_incl_sentinel,round_win = game_pnl > 0 (decisive only),COMPATIBILITY_ONLY_NOT_PRODUCTION,11099.8534,9053.4112,168.0767,1163,950,-0.01514225,,-0.01514225,-0.01514225,-168.0767,11099.8534,OK,0.0000,6.7231,4.0000,96.0000,AG03-UNRESOLVED,ALL5_LEVELS_bet23_to_bet27,6.7231,6.7231,8.4038,8.4038,8.4038,4.000000,4.000000,5.000000,5.000000,5.000000,96.000000,96.000000,95.000000,95.000000,95.000000,5.0,38.6576,35.2698,129.4191,132.807,PENDING_AG03,FALSE,NOT_FOR_ENFORCEMENT,161.3537,8691.2747,168.0767,161.3537,6.7231,0.01514225,0.01453656,6.7231,161.3537,0.01453656,6.7231,6.7231,8.4038,8.4038,8.4038,161.3537,0.01453656,38.6576,35.2698,129.4191,132.807,0.01165953,0.01196475,0.00060569,9.5442,9.5299,0.1769,12.9290,0.4060,853.8349,73.0769,,9.5442,3.6002,6.4289,12.8578,18.0009,25.7155,38.239,5.4003,0.0,4.0,5.947999,1.484574,29,143,4,2,0E-8,0.01514225,,0E-8,0.000000,0.815633,0.000000,,2026-06-02,2026-06-22,13,414,195,21,0.619048,,,0.000000,,,,,,,,GLOBAL_BASELINE_NO_ENTITY_RANKING,,,NOT_APPLICABLE_GLOBAL_BASELINE,HF9g-P5,,,,X 全窗基线 · 不参与实体赏罚,6872548,688,A168_HF9F_20260827_0900,2026-08-27 09:00:00
2026-06-09,150916076,1385,0,12.8577673773,0E-10,0E-10,,1,1,0.50665070000000000,0.506650700000,,,,0E-17,NO_DECISIVE_ROUND,R03b_20260811_FULL_v1,L1_ELIGIBILITY,v2026-08-11,2026-03-21..2026-08-06,baccarat_bet02_101_all_pairs_incl_sentinel,round_win = game_pnl > 0 (decisive only),COMPATIBILITY_ONLY_NOT_PRODUCTION,11099.8534,9053.4112,168.0767,1163,950,-0.01514225,,-0.01514225,-0.01514225,-168.0767,11099.8534,OK,0.0000,6.7231,4.0000,96.0000,AG03-UNRESOLVED,ALL5_LEVELS_bet23_to_bet27,6.7231,6.7231,8.4038,8.4038,8.4038,4.000000,4.000000,5.000000,5.000000,5.000000,96.000000,96.000000,95.000000,95.000000,95.000000,5.0,38.6576,35.2698,129.4191,132.807,PENDING_AG03,FALSE,NOT_FOR_ENFORCEMENT,161.3537,8691.2747,168.0767,161.3537,6.7231,0.01514225,0.01453656,6.7231,161.3537,0.01453656,6.7231,6.7231,8.4038,8.4038,8.4038,161.3537,0.01453656,38.6576,35.2698,129.4191,132.807,0.01165953,0.01196475,0.00060569,9.5442,9.5299,0.1769,12.9290,0.4060,853.8349,73.0769,,9.5442,3.6002,6.4289,12.8578,18.0009,25.7155,38.239,5.4003,0.0,4.0,5.947999,1.484574,29,143,4,2,0E-8,0.01514225,,0E-8,0.000000,0.815633,0.000000,,2026-06-02,2026-06-22,13,414,195,21,0.619048,,,0.000000,,,,,,,,GLOBAL_BASELINE_NO_ENTITY_RANKING,,,NOT_APPLICABLE_GLOBAL_BASELINE,HF9g-P5,,,,X 全窗基线 · 不参与实体赏罚,6872549,688,A168_HF9F_20260827_0900,2026-08-27 09:00:00
2026-06-09,150916076,1402,0,51.6882248566,-25.6255303829,-25.6255303829,0.4000000,6,5,0.49390311358490789,0.494586020000,-0.4199787146278658,-0.42302634041117765,-0.4199787146278658,-0.00068290641509211,ELIGIBLE,R03b_20260811_FULL_v1,L1_ELIGIBILITY,v2026-08-11,2026-03-21..2026-08-06,baccarat_bet02_101_all_pairs_incl_sentinel,round_win = game_pnl > 0 (decisive only),COMPATIBILITY_ONLY_NOT_PRODUCTION,11099.8534,9053.4112,168.0767,1163,950,-0.01514225,,-0.01514225,-0.01514225,-168.0767,11099.8534,OK,0.0000,6.7231,4.0000,96.0000,AG03-UNRESOLVED,ALL5_LEVELS_bet23_to_bet27,6.7231,6.7231,8.4038,8.4038,8.4038,4.000000,4.000000,5.000000,5.000000,5.000000,96.000000,96.000000,95.000000,95.000000,95.000000,5.0,38.6576,35.2698,129.4191,132.807,PENDING_AG03,FALSE,NOT_FOR_ENFORCEMENT,161.3537,8691.2747,168.0767,161.3537,6.7231,0.01514225,0.01453656,6.7231,161.3537,0.01453656,6.7231,6.7231,8.4038,8.4038,8.4038,161.3537,0.01453656,38.6576,35.2698,129.4191,132.807,0.01165953,0.01196475,0.00060569,9.5442,9.5299,0.1769,12.9290,0.4060,853.8349,73.0769,,9.5442,3.6002,6.4289,12.8578,18.0009,25.7155,38.239,5.4003,0.0,4.0,5.947999,1.484574,29,143,4,2,0E-8,0.01514225,,0E-8,0.000000,0.815633,0.000000,,2026-06-02,2026-06-22,13,414,195,21,0.619048,,,0.000000,,,,,,,,GLOBAL_BASELINE_NO_ENTITY_RANKING,,,NOT_APPLICABLE_GLOBAL_BASELINE,HF9g-P5,,,,X 全窗基线 · 不参与实体赏罚,6872550,688,A168_HF9F_20260827_0900,2026-08-27 09:00:00
2026-06-09,150916076,1485,0,12.8577673773,12.2148790084,12.2148790084,1.0000000,1,1,0.50665070000000000,0.506650700000,0.9867858985152569,0.9867858985152569,0.9867858985152569,0E-17,ELIGIBLE,R03b_20260811_FULL_v1,L1_ELIGIBILITY,v2026-08-11,2026-03-21..2026-08-06,baccarat_bet02_101_all_pairs_incl_sentinel,round_win = game_pnl > 0 (decisive only),COMPATIBILITY_ONLY_NOT_PRODUCTION,11099.8534,9053.4112,168.0767,1163,950,-0.01514225,,-0.01514225,-0.01514225,-168.0767,11099.8534,OK,0.0000,6.7231,4.0000,96.0000,AG03-UNRESOLVED,ALL5_LEVELS_bet23_to_bet27,6.7231,6.7231,8.4038,8.4038,8.4038,4.000000,4.000000,5.000000,5.000000,5.000000,96.000000,96.000000,95.000000,95.000000,95.000000,5.0,38.6576,35.2698,129.4191,132.807,PENDING_AG03,FALSE,NOT_FOR_ENFORCEMENT,161.3537,8691.2747,168.0767,161.3537,6.7231,0.01514225,0.01453656,6.7231,161.3537,0.01453656,6.7231,6.7231,8.4038,8.4038,8.4038,161.3537,0.01453656,38.6576,35.2698,129.4191,132.807,0.01165953,0.01196475,0.00060569,9.5442,9.5299,0.1769,12.9290,0.4060,853.8349,73.0769,,9.5442,3.6002,6.4289,12.8578,18.0009,25.7155,38.239,5.4003,0.0,4.0,5.947999,1.484574,29,143,4,2,0E-8,0.01514225,,0E-8,0.000000,0.815633,0.000000,,2026-06-02,2026-06-22,13,414,195,21,0.619048,,,0.000000,,,,,,,,GLOBAL_BASELINE_NO_ENTITY_RANKING,,,NOT_APPLICABLE_GLOBAL_BASELINE,HF9g-P5,,,,X 全窗基线 · 不参与实体赏罚,6872551,688,A168_HF9F_20260827_0900,2026-08-27 09:00:00
2026-06-09,150916076,1505,0,10.2862139018,10.0290585543,10.0290585543,1.0000000,2,2,0.49994810000000000,0.499948100000,1.4143603653603398,1.4143603653603398,1.4143603653603398,0E-17,ELIGIBLE,R03b_20260811_FULL_v1,L1_ELIGIBILITY,v2026-08-11,2026-03-21..2026-08-06,baccarat_bet02_101_all_pairs_incl_sentinel,round_win = game_pnl > 0 (decisive only),COMPATIBILITY_ONLY_NOT_PRODUCTION,11099.8534,9053.4112,168.0767,1163,950,-0.01514225,,-0.01514225,-0.01514225,-168.0767,11099.8534,OK,0.0000,6.7231,4.0000,96.0000,AG03-UNRESOLVED,ALL5_LEVELS_bet23_to_bet27,6.7231,6.7231,8.4038,8.4038,8.4038,4.000000,4.000000,5.000000,5.000000,5.000000,96.000000,96.000000,95.000000,95.000000,95.000000,5.0,38.6576,35.2698,129.4191,132.807,PENDING_AG03,FALSE,NOT_FOR_ENFORCEMENT,161.3537,8691.2747,168.0767,161.3537,6.7231,0.01514225,0.01453656,6.7231,161.3537,0.01453656,6.7231,6.7231,8.4038,8.4038,8.4038,161.3537,0.01453656,38.6576,35.2698,129.4191,132.807,0.01165953,0.01196475,0.00060569,9.5442,9.5299,0.1769,12.9290,0.4060,853.8349,73.0769,,9.5442,3.6002,6.4289,12.8578,18.0009,25.7155,38.239,5.4003,0.0,4.0,5.947999,1.484574,29,143,4,2,0E-8,0.01514225,,0E-8,0.000000,0.815633,0.000000,,2026-06-02,2026-06-22,13,414,195,21,0.619048,,,0.000000,,,,,,,,GLOBAL_BASELINE_NO_ENTITY_RANKING,,,NOT_APPLICABLE_GLOBAL_BASELINE,HF9g-P5,,,,X 全窗基线 · 不参与实体赏罚,6872552,688,A168_HF9F_20260827_0900,2026-08-27 09:00:00
2026-06-09,150916076,1507,0,7.9718157740,-2.9572864968,-2.9572864968,0.5000000,2,2,0.49994810000000000,0.499948100000,0.00014679536856514622,0.00014679536856514622,0.00014679536856514622,0E-17,ELIGIBLE,R03b_20260811_FULL_v1,L1_ELIGIBILITY,v2026-08-11,2026-03-21..2026-08-06,baccarat_bet02_101_all_pairs_incl_sentinel,round_win = game_pnl > 0 (decisive only),COMPATIBILITY_ONLY_NOT_PRODUCTION,11099.8534,9053.4112,168.0767,1163,950,-0.01514225,,-0.01514225,-0.01514225,-168.0767,11099.8534,OK,0.0000,6.7231,4.0000,96.0000,AG03-UNRESOLVED,ALL5_LEVELS_bet23_to_bet27,6.7231,6.7231,8.4038,8.4038,8.4038,4.000000,4.000000,5.000000,5.000000,5.000000,96.000000,96.000000,95.000000,95.000000,95.000000,5.0,38.6576,35.2698,129.4191,132.807,PENDING_AG03,FALSE,NOT_FOR_ENFORCEMENT,161.3537,8691.2747,168.0767,161.3537,6.7231,0.01514225,0.01453656,6.7231,161.3537,0.01453656,6.7231,6.7231,8.4038,8.4038,8.4038,161.3537,0.01453656,38.6576,35.2698,129.4191,132.807,0.01165953,0.01196475,0.00060569,9.5442,9.5299,0.1769,12.9290,0.4060,853.8349,73.0769,,9.5442,3.6002,6.4289,12.8578,18.0009,25.7155,38.239,5.4003,0.0,4.0,5.947999,1.484574,29,143,4,2,0E-8,0.01514225,,0E-8,0.000000,0.815633,0.000000,,2026-06-02,2026-06-22,13,414,195,21,0.619048,,,0.000000,,,,,,,,GLOBAL_BASELINE_NO_ENTITY_RANKING,,,NOT_APPLICABLE_GLOBAL_BASELINE,HF9g-P5,,,,X 全窗基线 · 不参与实体赏罚,6872553,688,A168_HF9F_20260827_0900,2026-08-27 09:00:00
2026-06-09,150916076,1623,0,2.8287088230,-2.8287088230,-2.8287088230,0E-7,1,1,0.49324550000000000,0.493245500000,-0.9865810262130424,-0.9865810262130424,-0.9865810262130424,0E-17,ELIGIBLE,R03b_20260811_FULL_v1,L1_ELIGIBILITY,v2026-08-11,2026-03-21..2026-08-06,baccarat_bet02_101_all_pairs_incl_sentinel,round_win = game_pnl > 0 (decisive only),COMPATIBILITY_ONLY_NOT_PRODUCTION,11099.8534,9053.4112,168.0767,1163,950,-0.01514225,,-0.01514225,-0.01514225,-168.0767,11099.8534,OK,0.0000,6.7231,4.0000,96.0000,AG03-UNRESOLVED,ALL5_LEVELS_bet23_to_bet27,6.7231,6.7231,8.4038,8.4038,8.4038,4.000000,4.000000,5.000000,5.000000,5.000000,96.000000,96.000000,95.000000,95.000000,95.000000,5.0,38.6576,35.2698,129.4191,132.807,PENDING_AG03,FALSE,NOT_FOR_ENFORCEMENT,161.3537,8691.2747,168.0767,161.3537,6.7231,0.01514225,0.01453656,6.7231,161.3537,0.01453656,6.7231,6.7231,8.4038,8.4038,8.4038,161.3537,0.01453656,38.6576,35.2698,129.4191,132.807,0.01165953,0.01196475,0.00060569,9.5442,9.5299,0.1769,12.9290,0.4060,853.8349,73.0769,,9.5442,3.6002,6.4289,12.8578,18.0009,25.7155,38.239,5.4003,0.0,4.0,5.947999,1.484574,29,143,4,2,0E-8,0.01514225,,0E-8,0.000000,0.815633,0.000000,,2026-06-02,2026-06-22,13,414,195,21,0.619048,,,0.000000,,,,,,,,GLOBAL_BASELINE_NO_ENTITY_RANKING,,,NOT_APPLICABLE_GLOBAL_BASELINE,HF9g-P5,,,,X 全窗基线 · 不参与实体赏罚,6872554,688,A168_HF9F_20260827_0900,2026-08-27 09:00:00
2026-06-09,150916076,1645,0,12.8577673773,12.8577673773,12.8577673773,1.0000000,1,1,0.49324550000000000,0.493245500000,1.01360149184955,1.01360149184955,1.01360149184955,0E-17,ELIGIBLE,R03b_20260811_FULL_v1,L1_ELIGIBILITY,v2026-08-11,2026-03-21..2026-08-06,baccarat_bet02_101_all_pairs_incl_sentinel,round_win = game_pnl > 0 (decisive only),COMPATIBILITY_ONLY_NOT_PRODUCTION,11099.8534,9053.4112,168.0767,1163,950,-0.01514225,,-0.01514225,-0.01514225,-168.0767,11099.8534,OK,0.0000,6.7231,4.0000,96.0000,AG03-UNRESOLVED,ALL5_LEVELS_bet23_to_bet27,6.7231,6.7231,8.4038,8.4038,8.4038,4.000000,4.000000,5.000000,5.000000,5.000000,96.000000,96.000000,95.000000,95.000000,95.000000,5.0,38.6576,35.2698,129.4191,132.807,PENDING_AG03,FALSE,NOT_FOR_ENFORCEMENT,161.3537,8691.2747,168.0767,161.3537,6.7231,0.01514225,0.01453656,6.7231,161.3537,0.01453656,6.7231,6.7231,8.4038,8.4038,8.4038,161.3537,0.01453656,38.6576,35.2698,129.4191,132.807,0.01165953,0.01196475,0.00060569,9.5442,9.5299,0.1769,12.9290,0.4060,853.8349,73.0769,,9.5442,3.6002,6.4289,12.8578,18.0009,25.7155,38.239,5.4003,0.0,4.0,5.947999,1.484574,29,143,4,2,0E-8,0.01514225,,0E-8,0.000000,0.815633,0.000000,,2026-06-02,2026-06-22,13,414,195,21,0.619048,,,0.000000,,,,,,,,GLOBAL_BASELINE_NO_ENTITY_RANKING,,,NOT_APPLICABLE_GLOBAL_BASELINE,HF9g-P5,,,,X 全窗基线 · 不参与实体赏罚,6872555,688,A168_HF9F_20260827_0900,2026-08-27 09:00:00
2026-06-09,150916076,1704,0,18.2580296757,-8.2289711214,-8.2289711214,0.5000000,2,2,0.50665070000000000,0.506650700000,-0.018812684590367487,-0.018812684590367487,-0.018812684590367487,0E-17,ELIGIBLE,R03b_20260811_FULL_v1,L1_ELIGIBILITY,v2026-08-11,2026-03-21..2026-08-06,baccarat_bet02_101_all_pairs_incl_sentinel,round_win = game_pnl > 0 (decisive only),COMPATIBILITY_ONLY_NOT_PRODUCTION,11099.8534,9053.4112,168.0767,1163,950,-0.01514225,,-0.01514225,-0.01514225,-168.0767,11099.8534,OK,0.0000,6.7231,4.0000,96.0000,AG03-UNRESOLVED,ALL5_LEVELS_bet23_to_bet27,6.7231,6.7231,8.4038,8.4038,8.4038,4.000000,4.000000,5.000000,5.000000,5.000000,96.000000,96.000000,95.000000,95.000000,95.000000,5.0,38.6576,35.2698,129.4191,132.807,PENDING_AG03,FALSE,NOT_FOR_ENFORCEMENT,161.3537,8691.2747,168.0767,161.3537,6.7231,0.01514225,0.01453656,6.7231,161.3537,0.01453656,6.7231,6.7231,8.4038,8.4038,8.4038,161.3537,0.01453656,38.6576,35.2698,129.4191,132.807,0.01165953,0.01196475,0.00060569,9.5442,9.5299,0.1769,12.9290,0.4060,853.8349,73.0769,,9.5442,3.6002,6.4289,12.8578,18.0009,25.7155,38.239,5.4003,0.0,4.0,5.947999,1.484574,29,143,4,2,0E-8,0.01514225,,0E-8,0.000000,0.815633,0.000000,,2026-06-02,2026-06-22,13,414,195,21,0.619048,,,0.000000,,,,,,,,GLOBAL_BASELINE_NO_ENTITY_RANKING,,,NOT_APPLICABLE_GLOBAL_BASELINE,HF9g-P5,,,,X 全窗基线 · 不参与实体赏罚,6872556,688,A168_HF9F_20260827_0900,2026-08-27 09:00:00
2026-06-09,150916076,1952,0,4.8859516034,0E-10,0E-10,,1,1,0.49324550000000000,0.493245500000,,,,0E-17,NO_DECISIVE_ROUND,R03b_20260811_FULL_v1,L1_ELIGIBILITY,v2026-08-11,2026-03-21..2026-08-06,baccarat_bet02_101_all_pairs_incl_sentinel,round_win = game_pnl > 0 (decisive only),COMPATIBILITY_ONLY_NOT_PRODUCTION,11099.8534,9053.4112,168.0767,1163,950,-0.01514225,,-0.01514225,-0.01514225,-168.0767,11099.8534,OK,0.0000,6.7231,4.0000,96.0000,AG03-UNRESOLVED,ALL5_LEVELS_bet23_to_bet27,6.7231,6.7231,8.4038,8.4038,8.4038,4.000000,4.000000,5.000000,5.000000,5.000000,96.000000,96.000000,95.000000,95.000000,95.000000,5.0,38.6576,35.2698,129.4191,132.807,PENDING_AG03,FALSE,NOT_FOR_ENFORCEMENT,161.3537,8691.2747,168.0767,161.3537,6.7231,0.01514225,0.01453656,6.7231,161.3537,0.01453656,6.7231,6.7231,8.4038,8.4038,8.4038,161.3537,0.01453656,38.6576,35.2698,129.4191,132.807,0.01165953,0.01196475,0.00060569,9.5442,9.5299,0.1769,12.9290,0.4060,853.8349,73.0769,,9.5442,3.6002,6.4289,12.8578,18.0009,25.7155,38.239,5.4003,0.0,4.0,5.947999,1.484574,29,143,4,2,0E-8,0.01514225,,0E-8,0.000000,0.815633,0.000000,,2026-06-02,2026-06-22,13,414,195,21,0.619048,,,0.000000,,,,,,,,GLOBAL_BASELINE_NO_ENTITY_RANKING,,,NOT_APPLICABLE_GLOBAL_BASELINE,HF9g-P5,,,,X 全窗基线 · 不参与实体赏罚,6872557,688,A168_HF9F_20260827_0900,2026-08-27 09:00:00
2026-06-09,150916076,1966,0,25.7155347546,-0.6428883689,-0.6428883689,0.5000000,2,2,0.49994810000000000,0.499948100000,0.00014679536856514622,0.00014679536856514622,0.00014679536856514622,0E-17,ELIGIBLE,R03b_20260811_FULL_v1,L1_ELIGIBILITY,v2026-08-11,2026-03-21..2026-08-06,baccarat_bet02_101_all_pairs_incl_sentinel,round_win = game_pnl > 0 (decisive only),COMPATIBILITY_ONLY_NOT_PRODUCTION,11099.8534,9053.4112,168.0767,1163,950,-0.01514225,,-0.01514225,-0.01514225,-168.0767,11099.8534,OK,0.0000,6.7231,4.0000,96.0000,AG03-UNRESOLVED,ALL5_LEVELS_bet23_to_bet27,6.7231,6.7231,8.4038,8.4038,8.4038,4.000000,4.000000,5.000000,5.000000,5.000000,96.000000,96.000000,95.000000,95.000000,95.000000,5.0,38.6576,35.2698,129.4191,132.807,PENDING_AG03,FALSE,NOT_FOR_ENFORCEMENT,161.3537,8691.2747,168.0767,161.3537,6.7231,0.01514225,0.01453656,6.7231,161.3537,0.01453656,6.7231,6.7231,8.4038,8.4038,8.4038,161.3537,0.01453656,38.6576,35.2698,129.4191,132.807,0.01165953,0.01196475,0.00060569,9.5442,9.5299,0.1769,12.9290,0.4060,853.8349,73.0769,,9.5442,3.6002,6.4289,12.8578,18.0009,25.7155,38.239,5.4003,0.0,4.0,5.947999,1.484574,29,143,4,2,0E-8,0.01514225,,0E-8,0.000000,0.815633,0.000000,,2026-06-02,2026-06-22,13,414,195,21,0.619048,,,0.000000,,,,,,,,GLOBAL_BASELINE_NO_ENTITY_RANKING,,,NOT_APPLICABLE_GLOBAL_BASELINE,HF9g-P5,,,,X 全窗基线 · 不参与实体赏罚,6872558,688,A168_HF9F_20260827_0900,2026-08-27 09:00:00
2026-06-09,150916076,2081,0,26.4870007972,-26.4870007972,-26.4870007972,0E-7,2,2,0.49324550000000000,0.493245500000,-1.3952362676504506,-1.3952362676504506,-1.3952362676504506,0E-17,ELIGIBLE,R03b_20260811_FULL_v1,L1_ELIGIBILITY,v2026-08-11,2026-03-21..2026-08-06,baccarat_bet02_101_all_pairs_incl_sentinel,round_win = game_pnl > 0 (decisive only),COMPATIBILITY_ONLY_NOT_PRODUCTION,11099.8534,9053.4112,168.0767,1163,950,-0.01514225,,-0.01514225,-0.01514225,-168.0767,11099.8534,OK,0.0000,6.7231,4.0000,96.0000,AG03-UNRESOLVED,ALL5_LEVELS_bet23_to_bet27,6.7231,6.7231,8.4038,8.4038,8.4038,4.000000,4.000000,5.000000,5.000000,5.000000,96.000000,96.000000,95.000000,95.000000,95.000000,5.0,38.6576,35.2698,129.4191,132.807,PENDING_AG03,FALSE,NOT_FOR_ENFORCEMENT,161.3537,8691.2747,168.0767,161.3537,6.7231,0.01514225,0.01453656,6.7231,161.3537,0.01453656,6.7231,6.7231,8.4038,8.4038,8.4038,161.3537,0.01453656,38.6576,35.2698,129.4191,132.807,0.01165953,0.01196475,0.00060569,9.5442,9.5299,0.1769,12.9290,0.4060,853.8349,73.0769,,9.5442,3.6002,6.4289,12.8578,18.0009,25.7155,38.239,5.4003,0.0,4.0,5.947999,1.484574,29,143,4,2,0E-8,0.01514225,,0E-8,0.000000,0.815633,0.000000,,2026-06-02,2026-06-22,13,414,195,21,0.619048,,,0.000000,,,,,,,,GLOBAL_BASELINE_NO_ENTITY_RANKING,,,NOT_APPLICABLE_GLOBAL_BASELINE,HF9g-P5,,,,X 全窗基线 · 不参与实体赏罚,6872559,688,A168_HF9F_20260827_0900,2026-08-27 09:00:00
2026-06-09,150916076,2107,0,16.4579422429,-9.4376012549,-9.4376012549,0.3333333,3,3,0.50665070000000000,0.506650700000,-0.6004420894325239,-0.6004420894325239,-0.6004420894325239,0E-17,ELIGIBLE,R03b_20260811_FULL_v1,L1_ELIGIBILITY,v2026-08-11,2026-03-21..2026-08-06,baccarat_bet02_101_all_pairs_incl_sentinel,round_win = game_pnl > 0 (decisive only),COMPATIBILITY_ONLY_NOT_PRODUCTION,11099.8534,9053.4112,168.0767,1163,950,-0.01514225,,-0.01514225,-0.01514225,-168.0767,11099.8534,OK,0.0000,6.7231,4.0000,96.0000,AG03-UNRESOLVED,ALL5_LEVELS_bet23_to_bet27,6.7231,6.7231,8.4038,8.4038,8.4038,4.000000,4.000000,5.000000,5.000000,5.000000,96.000000,96.000000,95.000000,95.000000,95.000000,5.0,38.6576,35.2698,129.4191,132.807,PENDING_AG03,FALSE,NOT_FOR_ENFORCEMENT,161.3537,8691.2747,168.0767,161.3537,6.7231,0.01514225,0.01453656,6.7231,161.3537,0.01453656,6.7231,6.7231,8.4038,8.4038,8.4038,161.3537,0.01453656,38.6576,35.2698,129.4191,132.807,0.01165953,0.01196475,0.00060569,9.5442,9.5299,0.1769,12.9290,0.4060,853.8349,73.0769,,9.5442,3.6002,6.4289,12.8578,18.0009,25.7155,38.239,5.4003,0.0,4.0,5.947999,1.484574,29,143,4,2,0E-8,0.01514225,,0E-8,0.000000,0.815633,0.000000,,2026-06-02,2026-06-22,13,414,195,21,0.619048,,,0.000000,,,,,,,,GLOBAL_BASELINE_NO_ENTITY_RANKING,,,NOT_APPLICABLE_GLOBAL_BASELINE,HF9g-P5,,,,X 全窗基线 · 不参与实体赏罚,6872560,688,A168_HF9F_20260827_0900,2026-08-27 09:00:00
2026-06-09,150916076,2108,0,13.1149227249,-2.5844112429,-2.5844112429,0.5000000,2,2,0.49994810000000000,0.499948100000,0.00014679536856514622,0.00014679536856514622,0.00014679536856514622,0E-17,ELIGIBLE,R03b_20260811_FULL_v1,L1_ELIGIBILITY,v2026-08-11,2026-03-21..2026-08-06,baccarat_bet02_101_all_pairs_incl_sentinel,round_win = game_pnl > 0 (decisive only),COMPATIBILITY_ONLY_NOT_PRODUCTION,11099.8534,9053.4112,168.0767,1163,950,-0.01514225,,-0.01514225,-0.01514225,-168.0767,11099.8534,OK,0.0000,6.7231,4.0000,96.0000,AG03-UNRESOLVED,ALL5_LEVELS_bet23_to_bet27,6.7231,6.7231,8.4038,8.4038,8.4038,4.000000,4.000000,5.000000,5.000000,5.000000,96.000000,96.000000,95.000000,95.000000,95.000000,5.0,38.6576,35.2698,129.4191,132.807,PENDING_AG03,FALSE,NOT_FOR_ENFORCEMENT,161.3537,8691.2747,168.0767,161.3537,6.7231,0.01514225,0.01453656,6.7231,161.3537,0.01453656,6.7231,6.7231,8.4038,8.4038,8.4038,161.3537,0.01453656,38.6576,35.2698,129.4191,132.807,0.01165953,0.01196475,0.00060569,9.5442,9.5299,0.1769,12.9290,0.4060,853.8349,73.0769,,9.5442,3.6002,6.4289,12.8578,18.0009,25.7155,38.239,5.4003,0.0,4.0,5.947999,1.484574,29,143,4,2,0E-8,0.01514225,,0E-8,0.000000,0.815633,0.000000,,2026-06-02,2026-06-22,13,414,195,21,0.619048,,,0.000000,,,,,,,,GLOBAL_BASELINE_NO_ENTITY_RANKING,,,NOT_APPLICABLE_GLOBAL_BASELINE,HF9g-P5,,,,X 全窗基线 · 不参与实体赏罚,6872561,688,A168_HF9F_20260827_0900,2026-08-27 09:00:00
2026-06-09,150916076,2115,0,10.8005245969,-10.8005245969,-10.8005245969,0E-7,2,2,0.49994810000000000,0.499948100000,-1.4140667746232096,-1.4140667746232096,-1.4140667746232096,0E-17,ELIGIBLE,R03b_20260811_FULL_v1,L1_ELIGIBILITY,v2026-08-11,2026-03-21..2026-08-06,baccarat_bet02_101_all_pairs_incl_sentinel,round_win = game_pnl > 0 (decisive only),COMPATIBILITY_ONLY_NOT_PRODUCTION,11099.8534,9053.4112,168.0767,1163,950,-0.01514225,,-0.01514225,-0.01514225,-168.0767,11099.8534,OK,0.0000,6.7231,4.0000,96.0000,AG03-UNRESOLVED,ALL5_LEVELS_bet23_to_bet27,6.7231,6.7231,8.4038,8.4038,8.4038,4.000000,4.000000,5.000000,5.000000,5.000000,96.000000,96.000000,95.000000,95.000000,95.000000,5.0,38.6576,35.2698,129.4191,132.807,PENDING_AG03,FALSE,NOT_FOR_ENFORCEMENT,161.3537,8691.2747,168.0767,161.3537,6.7231,0.01514225,0.01453656,6.7231,161.3537,0.01453656,6.7231,6.7231,8.4038,8.4038,8.4038,161.3537,0.01453656,38.6576,35.2698,129.4191,132.807,0.01165953,0.01196475,0.00060569,9.5442,9.5299,0.1769,12.9290,0.4060,853.8349,73.0769,,9.5442,3.6002,6.4289,12.8578,18.0009,25.7155,38.239,5.4003,0.0,4.0,5.947999,1.484574,29,143,4,2,0E-8,0.01514225,,0E-8,0.000000,0.815633,0.000000,,2026-06-02,2026-06-22,13,414,195,21,0.619048,,,0.000000,,,,,,,,GLOBAL_BASELINE_NO_ENTITY_RANKING,,,NOT_APPLICABLE_GLOBAL_BASELINE,HF9g-P5,,,,X 全窗基线 · 不参与实体赏罚,6872562,688,A168_HF9F_20260827_0900,2026-08-27 09:00:00
2026-06-09,150916076,2130,0,5.1431069509,-5.1431069509,-5.1431069509,0E-7,1,1,0.49324550000000000,0.493245500000,-0.9865810262130424,-0.9865810262130424,-0.9865810262130424,0E-17,ELIGIBLE,R03b_20260811_FULL_v1,L1_ELIGIBILITY,v2026-08-11,2026-03-21..2026-08-06,baccarat_bet02_101_all_pairs_incl_sentinel,round_win = game_pnl > 0 (decisive only),COMPATIBILITY_ONLY_NOT_PRODUCTION,11099.8534,9053.4112,168.0767,1163,950,-0.01514225,,-0.01514225,-0.01514225,-168.0767,11099.8534,OK,0.0000,6.7231,4.0000,96.0000,AG03-UNRESOLVED,ALL5_LEVELS_bet23_to_bet27,6.7231,6.7231,8.4038,8.4038,8.4038,4.000000,4.000000,5.000000,5.000000,5.000000,96.000000,96.000000,95.000000,95.000000,95.000000,5.0,38.6576,35.2698,129.4191,132.807,PENDING_AG03,FALSE,NOT_FOR_ENFORCEMENT,161.3537,8691.2747,168.0767,161.3537,6.7231,0.01514225,0.01453656,6.7231,161.3537,0.01453656,6.7231,6.7231,8.4038,8.4038,8.4038,161.3537,0.01453656,38.6576,35.2698,129.4191,132.807,0.01165953,0.01196475,0.00060569,9.5442,9.5299,0.1769,12.9290,0.4060,853.8349,73.0769,,9.5442,3.6002,6.4289,12.8578,18.0009,25.7155,38.239,5.4003,0.0,4.0,5.947999,1.484574,29,143,4,2,0E-8,0.01514225,,0E-8,0.000000,0.815633,0.000000,,2026-06-02,2026-06-22,13,414,195,21,0.619048,,,0.000000,,,,,,,,GLOBAL_BASELINE_NO_ENTITY_RANKING,,,NOT_APPLICABLE_GLOBAL_BASELINE,HF9g-P5,,,,X 全窗基线 · 不参与实体赏罚,6872563,688,A168_HF9F_20260827_0900,2026-08-27 09:00:00
2026-06-09,150916076,2141,0,27.0013114923,26.3455653561,26.3455653561,1.0000000,2,2,0.49994810000000000,0.499948100000,1.4143603653603398,1.4143603653603398,1.4143603653603398,0E-17,ELIGIBLE,R03b_20260811_FULL_v1,L1_ELIGIBILITY,v2026-08-11,2026-03-21..2026-08-06,baccarat_bet02_101_all_pairs_incl_sentinel,round_win = game_pnl > 0 (decisive only),COMPATIBILITY_ONLY_NOT_PRODUCTION,11099.8534,9053.4112,168.0767,1163,950,-0.01514225,,-0.01514225,-0.01514225,-168.0767,11099.8534,OK,0.0000,6.7231,4.0000,96.0000,AG03-UNRESOLVED,ALL5_LEVELS_bet23_to_bet27,6.7231,6.7231,8.4038,8.4038,8.4038,4.000000,4.000000,5.000000,5.000000,5.000000,96.000000,96.000000,95.000000,95.000000,95.000000,5.0,38.6576,35.2698,129.4191,132.807,PENDING_AG03,FALSE,NOT_FOR_ENFORCEMENT,161.3537,8691.2747,168.0767,161.3537,6.7231,0.01514225,0.01453656,6.7231,161.3537,0.01453656,6.7231,6.7231,8.4038,8.4038,8.4038,161.3537,0.01453656,38.6576,35.2698,129.4191,132.807,0.01165953,0.01196475,0.00060569,9.5442,9.5299,0.1769,12.9290,0.4060,853.8349,73.0769,,9.5442,3.6002,6.4289,12.8578,18.0009,25.7155,38.239,5.4003,0.0,4.0,5.947999,1.484574,29,143,4,2,0E-8,0.01514225,,0E-8,0.000000,0.815633,0.000000,,2026-06-02,2026-06-22,13,414,195,21,0.619048,,,0.000000,,,,,,,,GLOBAL_BASELINE_NO_ENTITY_RANKING,,,NOT_APPLICABLE_GLOBAL_BASELINE,HF9g-P5,,,,X 全窗基线 · 不参与实体赏罚,6872564,688,A168_HF9F_20260827_0900,2026-08-27 09:00:00
2026-06-09,150916076,2147,0,2.5715534755,2.4429758017,2.4429758017,1.0000000,1,1,0.50665070000000000,0.506650700000,0.9867858985152569,0.9867858985152569,0.9867858985152569,0E-17,ELIGIBLE,R03b_20260811_FULL_v1,L1_ELIGIBILITY,v2026-08-11,2026-03-21..2026-08-06,baccarat_bet02_101_all_pairs_incl_sentinel,round_win = game_pnl > 0 (decisive only),COMPATIBILITY_ONLY_NOT_PRODUCTION,11099.8534,9053.4112,168.0767,1163,950,-0.01514225,,-0.01514225,-0.01514225,-168.0767,11099.8534,OK,0.0000,6.7231,4.0000,96.0000,AG03-UNRESOLVED,ALL5_LEVELS_bet23_to_bet27,6.7231,6.7231,8.4038,8.4038,8.4038,4.000000,4.000000,5.000000,5.000000,5.000000,96.000000,96.000000,95.000000,95.000000,95.000000,5.0,38.6576,35.2698,129.4191,132.807,PENDING_AG03,FALSE,NOT_FOR_ENFORCEMENT,161.3537,8691.2747,168.0767,161.3537,6.7231,0.01514225,0.01453656,6.7231,161.3537,0.01453656,6.7231,6.7231,8.4038,8.4038,8.4038,161.3537,0.01453656,38.6576,35.2698,129.4191,132.807,0.01165953,0.01196475,0.00060569,9.5442,9.5299,0.1769,12.9290,0.4060,853.8349,73.0769,,9.5442,3.6002,6.4289,12.8578,18.0009,25.7155,38.239,5.4003,0.0,4.0,5.947999,1.484574,29,143,4,2,0E-8,0.01514225,,0E-8,0.000000,0.815633,0.000000,,2026-06-02,2026-06-22,13,414,195,21,0.619048,,,0.000000,,,,,,,,GLOBAL_BASELINE_NO_ENTITY_RANKING,,,NOT_APPLICABLE_GLOBAL_BASELINE,HF9g-P5,,,,X 全窗基线 · 不参与实体赏罚,6872565,688,A168_HF9F_20260827_0900,2026-08-27 09:00:00
2026-06-09,150916076,2155,0,3.8573302132,-3.8573302132,-3.8573302132,0E-7,1,1,0.50665070000000000,0.506650700000,-1.013391052207602,-1.013391052207602,-1.013391052207602,0E-17,ELIGIBLE,R03b_20260811_FULL_v1,L1_ELIGIBILITY,v2026-08-11,2026-03-21..2026-08-06,baccarat_bet02_101_all_pairs_incl_sentinel,round_win = game_pnl > 0 (decisive only),COMPATIBILITY_ONLY_NOT_PRODUCTION,11099.8534,9053.4112,168.0767,1163,950,-0.01514225,,-0.01514225,-0.01514225,-168.0767,11099.8534,OK,0.0000,6.7231,4.0000,96.0000,AG03-UNRESOLVED,ALL5_LEVELS_bet23_to_bet27,6.7231,6.7231,8.4038,8.4038,8.4038,4.000000,4.000000,5.000000,5.000000,5.000000,96.000000,96.000000,95.000000,95.000000,95.000000,5.0,38.6576,35.2698,129.4191,132.807,PENDING_AG03,FALSE,NOT_FOR_ENFORCEMENT,161.3537,8691.2747,168.0767,161.3537,6.7231,0.01514225,0.01453656,6.7231,161.3537,0.01453656,6.7231,6.7231,8.4038,8.4038,8.4038,161.3537,0.01453656,38.6576,35.2698,129.4191,132.807,0.01165953,0.01196475,0.00060569,9.5442,9.5299,0.1769,12.9290,0.4060,853.8349,73.0769,,9.5442,3.6002,6.4289,12.8578,18.0009,25.7155,38.239,5.4003,0.0,4.0,5.947999,1.484574,29,143,4,2,0E-8,0.01514225,,0E-8,0.000000,0.815633,0.000000,,2026-06-02,2026-06-22,13,414,195,21,0.619048,,,0.000000,,,,,,,,GLOBAL_BASELINE_NO_ENTITY_RANKING,,,NOT_APPLICABLE_GLOBAL_BASELINE,HF9g-P5,,,,X 全窗基线 · 不参与实体赏罚,6872566,688,A168_HF9F_20260827_0900,2026-08-27 09:00:00
2026-06-09,150916076,2160,0,4.8859516034,4.8859516034,4.8859516034,1.0000000,1,1,0.49324550000000000,0.493245500000,1.01360149184955,1.01360149184955,1.01360149184955,0E-17,ELIGIBLE,R03b_20260811_FULL_v1,L1_ELIGIBILITY,v2026-08-11,2026-03-21..2026-08-06,baccarat_bet02_101_all_pairs_incl_sentinel,round_win = game_pnl > 0 (decisive only),COMPATIBILITY_ONLY_NOT_PRODUCTION,11099.8534,9053.4112,168.0767,1163,950,-0.01514225,,-0.01514225,-0.01514225,-168.0767,11099.8534,OK,0.0000,6.7231,4.0000,96.0000,AG03-UNRESOLVED,ALL5_LEVELS_bet23_to_bet27,6.7231,6.7231,8.4038,8.4038,8.4038,4.000000,4.000000,5.000000,5.000000,5.000000,96.000000,96.000000,95.000000,95.000000,95.000000,5.0,38.6576,35.2698,129.4191,132.807,PENDING_AG03,FALSE,NOT_FOR_ENFORCEMENT,161.3537,8691.2747,168.0767,161.3537,6.7231,0.01514225,0.01453656,6.7231,161.3537,0.01453656,6.7231,6.7231,8.4038,8.4038,8.4038,161.3537,0.01453656,38.6576,35.2698,129.4191,132.807,0.01165953,0.01196475,0.00060569,9.5442,9.5299,0.1769,12.9290,0.4060,853.8349,73.0769,,9.5442,3.6002,6.4289,12.8578,18.0009,25.7155,38.239,5.4003,0.0,4.0,5.947999,1.484574,29,143,4,2,0E-8,0.01514225,,0E-8,0.000000,0.815633,0.000000,,2026-06-02,2026-06-22,13,414,195,21,0.619048,,,0.000000,,,,,,,,GLOBAL_BASELINE_NO_ENTITY_RANKING,,,NOT_APPLICABLE_GLOBAL_BASELINE,HF9g-P5,,,,X 全窗基线 · 不参与实体赏罚,6872567,688,A168_HF9F_20260827_0900,2026-08-27 09:00:00
2026-06-09,150916076,2171,0,62.2315941060,15.4293208527,15.4293208527,0.5000000,6,4,0.50195939243118825,0.503299400000,-0.005542041254775442,-0.009332315641528947,-0.005542041254775442,-0.00134000756881175,ELIGIBLE,R03b_20260811_FULL_v1,L1_ELIGIBILITY,v2026-08-11,2026-03-21..2026-08-06,baccarat_bet02_101_all_pairs_incl_sentinel,round_win = game_pnl > 0 (decisive only),COMPATIBILITY_ONLY_NOT_PRODUCTION,11099.8534,9053.4112,168.0767,1163,950,-0.01514225,,-0.01514225,-0.01514225,-168.0767,11099.8534,OK,0.0000,6.7231,4.0000,96.0000,AG03-UNRESOLVED,ALL5_LEVELS_bet23_to_bet27,6.7231,6.7231,8.4038,8.4038,8.4038,4.000000,4.000000,5.000000,5.000000,5.000000,96.000000,96.000000,95.000000,95.000000,95.000000,5.0,38.6576,35.2698,129.4191,132.807,PENDING_AG03,FALSE,NOT_FOR_ENFORCEMENT,161.3537,8691.2747,168.0767,161.3537,6.7231,0.01514225,0.01453656,6.7231,161.3537,0.01453656,6.7231,6.7231,8.4038,8.4038,8.4038,161.3537,0.01453656,38.6576,35.2698,129.4191,132.807,0.01165953,0.01196475,0.00060569,9.5442,9.5299,0.1769,12.9290,0.4060,853.8349,73.0769,,9.5442,3.6002,6.4289,12.8578,18.0009,25.7155,38.239,5.4003,0.0,4.0,5.947999,1.484574,29,143,4,2,0E-8,0.01514225,,0E-8,0.000000,0.815633,0.000000,,2026-06-02,2026-06-22,13,414,195,21,0.619048,,,0.000000,,,,,,,,GLOBAL_BASELINE_NO_ENTITY_RANKING,,,NOT_APPLICABLE_GLOBAL_BASELINE,HF9g-P5,,,,X 全窗基线 · 不参与实体赏罚,6872568,688,A168_HF9F_20260827_0900,2026-08-27 09:00:00
2026-06-09,150916076,2175,0,12.8577673773,12.2148790084,12.2148790084,1.0000000,1,1,0.50665070000000000,0.506650700000,0.9867858985152569,0.9867858985152569,0.9867858985152569,0E-17,ELIGIBLE,R03b_20260811_FULL_v1,L1_ELIGIBILITY,v2026-08-11,2026-03-21..2026-08-06,baccarat_bet02_101_all_pairs_incl_sentinel,round_win = game_pnl > 0 (decisive only),COMPATIBILITY_ONLY_NOT_PRODUCTION,11099.8534,9053.4112,168.0767,1163,950,-0.01514225,,-0.01514225,-0.01514225,-168.0767,11099.8534,OK,0.0000,6.7231,4.0000,96.0000,AG03-UNRESOLVED,ALL5_LEVELS_bet23_to_bet27,6.7231,6.7231,8.4038,8.4038,8.4038,4.000000,4.000000,5.000000,5.000000,5.000000,96.000000,96.000000,95.000000,95.000000,95.000000,5.0,38.6576,35.2698,129.4191,132.807,PENDING_AG03,FALSE,NOT_FOR_ENFORCEMENT,161.3537,8691.2747,168.0767,161.3537,6.7231,0.01514225,0.01453656,6.7231,161.3537,0.01453656,6.7231,6.7231,8.4038,8.4038,8.4038,161.3537,0.01453656,38.6576,35.2698,129.4191,132.807,0.01165953,0.01196475,0.00060569,9.5442,9.5299,0.1769,12.9290,0.4060,853.8349,73.0769,,9.5442,3.6002,6.4289,12.8578,18.0009,25.7155,38.239,5.4003,0.0,4.0,5.947999,1.484574,29,143,4,2,0E-8,0.01514225,,0E-8,0.000000,0.815633,0.000000,,2026-06-02,2026-06-22,13,414,195,21,0.619048,,,0.000000,,,,,,,,GLOBAL_BASELINE_NO_ENTITY_RANKING,,,NOT_APPLICABLE_GLOBAL_BASELINE,HF9g-P5,,,,X 全窗基线 · 不参与实体赏罚,6872569,688,A168_HF9F_20260827_0900,2026-08-27 09:00:00
2026-06-09,150916076,2205,0,10.5433692494,-0.0128577674,-0.0128577674,0.5000000,2,2,0.49994810000000000,0.499948100000,0.00014679536856514622,0.00014679536856514622,0.00014679536856514622,0E-17,ELIGIBLE,R03b_20260811_FULL_v1,L1_ELIGIBILITY,v2026-08-11,2026-03-21..2026-08-06,baccarat_bet02_101_all_pairs_incl_sentinel,round_win = game_pnl > 0 (decisive only),COMPATIBILITY_ONLY_NOT_PRODUCTION,11099.8534,9053.4112,168.0767,1163,950,-0.01514225,,-0.01514225,-0.01514225,-168.0767,11099.8534,OK,0.0000,6.7231,4.0000,96.0000,AG03-UNRESOLVED,ALL5_LEVELS_bet23_to_bet27,6.7231,6.7231,8.4038,8.4038,8.4038,4.000000,4.000000,5.000000,5.000000,5.000000,96.000000,96.000000,95.000000,95.000000,95.000000,5.0,38.6576,35.2698,129.4191,132.807,PENDING_AG03,FALSE,NOT_FOR_ENFORCEMENT,161.3537,8691.2747,168.0767,161.3537,6.7231,0.01514225,0.01453656,6.7231,161.3537,0.01453656,6.7231,6.7231,8.4038,8.4038,8.4038,161.3537,0.01453656,38.6576,35.2698,129.4191,132.807,0.01165953,0.01196475,0.00060569,9.5442,9.5299,0.1769,12.9290,0.4060,853.8349,73.0769,,9.5442,3.6002,6.4289,12.8578,18.0009,25.7155,38.239,5.4003,0.0,4.0,5.947999,1.484574,29,143,4,2,0E-8,0.01514225,,0E-8,0.000000,0.815633,0.000000,,2026-06-02,2026-06-22,13,414,195,21,0.619048,,,0.000000,,,,,,,,GLOBAL_BASELINE_NO_ENTITY_RANKING,,,NOT_APPLICABLE_GLOBAL_BASELINE,HF9g-P5,,,,X 全窗基线 · 不参与实体赏罚,6872570,688,A168_HF9F_20260827_0900,2026-08-27 09:00:00
2026-06-09,150916076,2209,0,5.1431069509,0E-10,0E-10,,1,1,0.49324550000000000,0.493245500000,,,,0E-17,NO_DECISIVE_ROUND,R03b_20260811_FULL_v1,L1_ELIGIBILITY,v2026-08-11,2026-03-21..2026-08-06,baccarat_bet02_101_all_pairs_incl_sentinel,round_win = game_pnl > 0 (decisive only),COMPATIBILITY_ONLY_NOT_PRODUCTION,11099.8534,9053.4112,168.0767,1163,950,-0.01514225,,-0.01514225,-0.01514225,-168.0767,11099.8534,OK,0.0000,6.7231,4.0000,96.0000,AG03-UNRESOLVED,ALL5_LEVELS_bet23_to_bet27,6.7231,6.7231,8.4038,8.4038,8.4038,4.000000,4.000000,5.000000,5.000000,5.000000,96.000000,96.000000,95.000000,95.000000,95.000000,5.0,38.6576,35.2698,129.4191,132.807,PENDING_AG03,FALSE,NOT_FOR_ENFORCEMENT,161.3537,8691.2747,168.0767,161.3537,6.7231,0.01514225,0.01453656,6.7231,161.3537,0.01453656,6.7231,6.7231,8.4038,8.4038,8.4038,161.3537,0.01453656,38.6576,35.2698,129.4191,132.807,0.01165953,0.01196475,0.00060569,9.5442,9.5299,0.1769,12.9290,0.4060,853.8349,73.0769,,9.5442,3.6002,6.4289,12.8578,18.0009,25.7155,38.239,5.4003,0.0,4.0,5.947999,1.484574,29,143,4,2,0E-8,0.01514225,,0E-8,0.000000,0.815633,0.000000,,2026-06-02,2026-06-22,13,414,195,21,0.619048,,,0.000000,,,,,,,,GLOBAL_BASELINE_NO_ENTITY_RANKING,,,NOT_APPLICABLE_GLOBAL_BASELINE,HF9g-P5,,,,X 全窗基线 · 不参与实体赏罚,6872571,688,A168_HF9F_20260827_0900,2026-08-27 09:00:00
2026-06-09,150916076,2222,0,3.0858641705,0E-10,0E-10,,1,1,0.50665070000000000,0.506650700000,,,,0E-17,NO_DECISIVE_ROUND,R03b_20260811_FULL_v1,L1_ELIGIBILITY,v2026-08-11,2026-03-21..2026-08-06,baccarat_bet02_101_all_pairs_incl_sentinel,round_win = game_pnl > 0 (decisive only),COMPATIBILITY_ONLY_NOT_PRODUCTION,11099.8534,9053.4112,168.0767,1163,950,-0.01514225,,-0.01514225,-0.01514225,-168.0767,11099.8534,OK,0.0000,6.7231,4.0000,96.0000,AG03-UNRESOLVED,ALL5_LEVELS_bet23_to_bet27,6.7231,6.7231,8.4038,8.4038,8.4038,4.000000,4.000000,5.000000,5.000000,5.000000,96.000000,96.000000,95.000000,95.000000,95.000000,5.0,38.6576,35.2698,129.4191,132.807,PENDING_AG03,FALSE,NOT_FOR_ENFORCEMENT,161.3537,8691.2747,168.0767,161.3537,6.7231,0.01514225,0.01453656,6.7231,161.3537,0.01453656,6.7231,6.7231,8.4038,8.4038,8.4038,161.3537,0.01453656,38.6576,35.2698,129.4191,132.807,0.01165953,0.01196475,0.00060569,9.5442,9.5299,0.1769,12.9290,0.4060,853.8349,73.0769,,9.5442,3.6002,6.4289,12.8578,18.0009,25.7155,38.239,5.4003,0.0,4.0,5.947999,1.484574,29,143,4,2,0E-8,0.01514225,,0E-8,0.000000,0.815633,0.000000,,2026-06-02,2026-06-22,13,414,195,21,0.619048,,,0.000000,,,,,,,,GLOBAL_BASELINE_NO_ENTITY_RANKING,,,NOT_APPLICABLE_GLOBAL_BASELINE,HF9g-P5,,,,X 全窗基线 · 不参与实体赏罚,6872572,688,A168_HF9F_20260827_0900,2026-08-27 09:00:00
2026-06-09,150916076,2224,0,5.1431069509,5.1431069509,5.1431069509,1.0000000,1,1,0.49324550000000000,0.493245500000,1.01360149184955,1.01360149184955,1.01360149184955,0E-17,ELIGIBLE,R03b_20260811_FULL_v1,L1_ELIGIBILITY,v2026-08-11,2026-03-21..2026-08-06,baccarat_bet02_101_all_pairs_incl_sentinel,round_win = game_pnl > 0 (decisive only),COMPATIBILITY_ONLY_NOT_PRODUCTION,11099.8534,9053.4112,168.0767,1163,950,-0.01514225,,-0.01514225,-0.01514225,-168.0767,11099.8534,OK,0.0000,6.7231,4.0000,96.0000,AG03-UNRESOLVED,ALL5_LEVELS_bet23_to_bet27,6.7231,6.7231,8.4038,8.4038,8.4038,4.000000,4.000000,5.000000,5.000000,5.000000,96.000000,96.000000,95.000000,95.000000,95.000000,5.0,38.6576,35.2698,129.4191,132.807,PENDING_AG03,FALSE,NOT_FOR_ENFORCEMENT,161.3537,8691.2747,168.0767,161.3537,6.7231,0.01514225,0.01453656,6.7231,161.3537,0.01453656,6.7231,6.7231,8.4038,8.4038,8.4038,161.3537,0.01453656,38.6576,35.2698,129.4191,132.807,0.01165953,0.01196475,0.00060569,9.5442,9.5299,0.1769,12.9290,0.4060,853.8349,73.0769,,9.5442,3.6002,6.4289,12.8578,18.0009,25.7155,38.239,5.4003,0.0,4.0,5.947999,1.484574,29,143,4,2,0E-8,0.01514225,,0E-8,0.000000,0.815633,0.000000,,2026-06-02,2026-06-22,13,414,195,21,0.619048,,,0.000000,,,,,,,,GLOBAL_BASELINE_NO_ENTITY_RANKING,,,NOT_APPLICABLE_GLOBAL_BASELINE,HF9g-P5,,,,X 全窗基线 · 不参与实体赏罚,6872573,688,A168_HF9F_20260827_0900,2026-08-27 09:00:00
2026-06-09,150916076,2233,0,38.5733021319,25.0726463857,25.0726463857,1.0000000,3,3,0.49771390000000000,0.497713900000,1.4206944795187548,1.420694479518755,1.4206944795187548,0E-17,ELIGIBLE,R03b_20260811_FULL_v1,L1_ELIGIBILITY,v2026-08-11,2026-03-21..2026-08-06,baccarat_bet02_101_all_pairs_incl_sentinel,round_win = game_pnl > 0 (decisive only),COMPATIBILITY_ONLY_NOT_PRODUCTION,11099.8534,9053.4112,168.0767,1163,950,-0.01514225,,-0.01514225,-0.01514225,-168.0767,11099.8534,OK,0.0000,6.7231,4.0000,96.0000,AG03-UNRESOLVED,ALL5_LEVELS_bet23_to_bet27,6.7231,6.7231,8.4038,8.4038,8.4038,4.000000,4.000000,5.000000,5.000000,5.000000,96.000000,96.000000,95.000000,95.000000,95.000000,5.0,38.6576,35.2698,129.4191,132.807,PENDING_AG03,FALSE,NOT_FOR_ENFORCEMENT,161.3537,8691.2747,168.0767,161.3537,6.7231,0.01514225,0.01453656,6.7231,161.3537,0.01453656,6.7231,6.7231,8.4038,8.4038,8.4038,161.3537,0.01453656,38.6576,35.2698,129.4191,132.807,0.01165953,0.01196475,0.00060569,9.5442,9.5299,0.1769,12.9290,0.4060,853.8349,73.0769,,9.5442,3.6002,6.4289,12.8578,18.0009,25.7155,38.239,5.4003,0.0,4.0,5.947999,1.484574,29,143,4,2,0E-8,0.01514225,,0E-8,0.000000,0.815633,0.000000,,2026-06-02,2026-06-22,13,414,195,21,0.619048,,,0.000000,,,,,,,,GLOBAL_BASELINE_NO_ENTITY_RANKING,,,NOT_APPLICABLE_GLOBAL_BASELINE,HF9g-P5,,,,X 全窗基线 · 不参与实体赏罚,6872574,688,A168_HF9F_20260827_0900,2026-08-27 09:00:00
2026-06-09,150916076,2248,0,12.8577673773,-12.8577673773,-12.8577673773,0E-7,1,1,0.50665070000000000,0.506650700000,-1.013391052207602,-1.013391052207602,-1.013391052207602,0E-17,ELIGIBLE,R03b_20260811_FULL_v1,L1_ELIGIBILITY,v2026-08-11,2026-03-21..2026-08-06,baccarat_bet02_101_all_pairs_incl_sentinel,round_win = game_pnl > 0 (decisive only),COMPATIBILITY_ONLY_NOT_PRODUCTION,11099.8534,9053.4112,168.0767,1163,950,-0.01514225,,-0.01514225,-0.01514225,-168.0767,11099.8534,OK,0.0000,6.7231,4.0000,96.0000,AG03-UNRESOLVED,ALL5_LEVELS_bet23_to_bet27,6.7231,6.7231,8.4038,8.4038,8.4038,4.000000,4.000000,5.000000,5.000000,5.000000,96.000000,96.000000,95.000000,95.000000,95.000000,5.0,38.6576,35.2698,129.4191,132.807,PENDING_AG03,FALSE,NOT_FOR_ENFORCEMENT,161.3537,8691.2747,168.0767,161.3537,6.7231,0.01514225,0.01453656,6.7231,161.3537,0.01453656,6.7231,6.7231,8.4038,8.4038,8.4038,161.3537,0.01453656,38.6576,35.2698,129.4191,132.807,0.01165953,0.01196475,0.00060569,9.5442,9.5299,0.1769,12.9290,0.4060,853.8349,73.0769,,9.5442,3.6002,6.4289,12.8578,18.0009,25.7155,38.239,5.4003,0.0,4.0,5.947999,1.484574,29,143,4,2,0E-8,0.01514225,,0E-8,0.000000,0.815633,0.000000,,2026-06-02,2026-06-22,13,414,195,21,0.619048,,,0.000000,,,,,,,,GLOBAL_BASELINE_NO_ENTITY_RANKING,,,NOT_APPLICABLE_GLOBAL_BASELINE,HF9g-P5,,,,X 全窗基线 · 不参与实体赏罚,6872575,688,A168_HF9F_20260827_0900,2026-08-27 09:00:00
2026-06-09,150916076,2252,0,12.8577673773,0E-10,0E-10,,1,1,0.49324550000000000,0.493245500000,,,,0E-17,NO_DECISIVE_ROUND,R03b_20260811_FULL_v1,L1_ELIGIBILITY,v2026-08-11,2026-03-21..2026-08-06,baccarat_bet02_101_all_pairs_incl_sentinel,round_win = game_pnl > 0 (decisive only),COMPATIBILITY_ONLY_NOT_PRODUCTION,11099.8534,9053.4112,168.0767,1163,950,-0.01514225,,-0.01514225,-0.01514225,-168.0767,11099.8534,OK,0.0000,6.7231,4.0000,96.0000,AG03-UNRESOLVED,ALL5_LEVELS_bet23_to_bet27,6.7231,6.7231,8.4038,8.4038,8.4038,4.000000,4.000000,5.000000,5.000000,5.000000,96.000000,96.000000,95.000000,95.000000,95.000000,5.0,38.6576,35.2698,129.4191,132.807,PENDING_AG03,FALSE,NOT_FOR_ENFORCEMENT,161.3537,8691.2747,168.0767,161.3537,6.7231,0.01514225,0.01453656,6.7231,161.3537,0.01453656,6.7231,6.7231,8.4038,8.4038,8.4038,161.3537,0.01453656,38.6576,35.2698,129.4191,132.807,0.01165953,0.01196475,0.00060569,9.5442,9.5299,0.1769,12.9290,0.4060,853.8349,73.0769,,9.5442,3.6002,6.4289,12.8578,18.0009,25.7155,38.239,5.4003,0.0,4.0,5.947999,1.484574,29,143,4,2,0E-8,0.01514225,,0E-8,0.000000,0.815633,0.000000,,2026-06-02,2026-06-22,13,414,195,21,0.619048,,,0.000000,,,,,,,,GLOBAL_BASELINE_NO_ENTITY_RANKING,,,NOT_APPLICABLE_GLOBAL_BASELINE,HF9g-P5,,,,X 全窗基线 · 不参与实体赏罚,6872576,688,A168_HF9F_20260827_0900,2026-08-27 09:00:00
2026-06-09,150916076,2276,0,16.9722529381,-11.8291459871,-11.8291459871,0E-7,4,3,0.49662404634144791,0.495479700000,-1.7203953764039415,-1.7164621757993888,-1.7203953764039415,0.00114434634144791,ELIGIBLE,R03b_20260811_FULL_v1,L1_ELIGIBILITY,v2026-08-11,2026-03-21..2026-08-06,baccarat_bet02_101_all_pairs_incl_sentinel,round_win = game_pnl > 0 (decisive only),COMPATIBILITY_ONLY_NOT_PRODUCTION,11099.8534,9053.4112,168.0767,1163,950,-0.01514225,,-0.01514225,-0.01514225,-168.0767,11099.8534,OK,0.0000,6.7231,4.0000,96.0000,AG03-UNRESOLVED,ALL5_LEVELS_bet23_to_bet27,6.7231,6.7231,8.4038,8.4038,8.4038,4.000000,4.000000,5.000000,5.000000,5.000000,96.000000,96.000000,95.000000,95.000000,95.000000,5.0,38.6576,35.2698,129.4191,132.807,PENDING_AG03,FALSE,NOT_FOR_ENFORCEMENT,161.3537,8691.2747,168.0767,161.3537,6.7231,0.01514225,0.01453656,6.7231,161.3537,0.01453656,6.7231,6.7231,8.4038,8.4038,8.4038,161.3537,0.01453656,38.6576,35.2698,129.4191,132.807,0.01165953,0.01196475,0.00060569,9.5442,9.5299,0.1769,12.9290,0.4060,853.8349,73.0769,,9.5442,3.6002,6.4289,12.8578,18.0009,25.7155,38.239,5.4003,0.0,4.0,5.947999,1.484574,29,143,4,2,0E-8,0.01514225,,0E-8,0.000000,0.815633,0.000000,,2026-06-02,2026-06-22,13,414,195,21,0.619048,,,0.000000,,,,,,,,GLOBAL_BASELINE_NO_ENTITY_RANKING,,,NOT_APPLICABLE_GLOBAL_BASELINE,HF9g-P5,,,,X 全窗基线 · 不参与实体赏罚,6872577,688,A168_HF9F_20260827_0900,2026-08-27 09:00:00
2026-06-09,150916076,2280,0,7.7146604264,-7.7146604264,-7.7146604264,0E-7,1,1,0.50665070000000000,0.506650700000,-1.013391052207602,-1.013391052207602,-1.013391052207602,0E-17,ELIGIBLE,R03b_20260811_FULL_v1,L1_ELIGIBILITY,v2026-08-11,2026-03-21..2026-08-06,baccarat_bet02_101_all_pairs_incl_sentinel,round_win = game_pnl > 0 (decisive only),COMPATIBILITY_ONLY_NOT_PRODUCTION,11099.8534,9053.4112,168.0767,1163,950,-0.01514225,,-0.01514225,-0.01514225,-168.0767,11099.8534,OK,0.0000,6.7231,4.0000,96.0000,AG03-UNRESOLVED,ALL5_LEVELS_bet23_to_bet27,6.7231,6.7231,8.4038,8.4038,8.4038,4.000000,4.000000,5.000000,5.000000,5.000000,96.000000,96.000000,95.000000,95.000000,95.000000,5.0,38.6576,35.2698,129.4191,132.807,PENDING_AG03,FALSE,NOT_FOR_ENFORCEMENT,161.3537,8691.2747,168.0767,161.3537,6.7231,0.01514225,0.01453656,6.7231,161.3537,0.01453656,6.7231,6.7231,8.4038,8.4038,8.4038,161.3537,0.01453656,38.6576,35.2698,129.4191,132.807,0.01165953,0.01196475,0.00060569,9.5442,9.5299,0.1769,12.9290,0.4060,853.8349,73.0769,,9.5442,3.6002,6.4289,12.8578,18.0009,25.7155,38.239,5.4003,0.0,4.0,5.947999,1.484574,29,143,4,2,0E-8,0.01514225,,0E-8,0.000000,0.815633,0.000000,,2026-06-02,2026-06-22,13,414,195,21,0.619048,,,0.000000,,,,,,,,GLOBAL_BASELINE_NO_ENTITY_RANKING,,,NOT_APPLICABLE_GLOBAL_BASELINE,HF9g-P5,,,,X 全窗基线 · 不参与实体赏罚,6872578,688,A168_HF9F_20260827_0900,2026-08-27 09:00:00
2026-06-09,150916076,462,0,3.0858641705,-3.0858641705,-3.0858641705,0E-7,1,1,0.50665070000000000,0.506650700000,-1.013391052207602,-1.013391052207602,-1.013391052207602,0E-17,ELIGIBLE,R03b_20260811_FULL_v1,L1_ELIGIBILITY,v2026-08-11,2026-03-21..2026-08-06,baccarat_bet02_101_all_pairs_incl_sentinel,round_win = game_pnl > 0 (decisive only),COMPATIBILITY_ONLY_NOT_PRODUCTION,11099.8534,9053.4112,168.0767,1163,950,-0.01514225,,-0.01514225,-0.01514225,-168.0767,11099.8534,OK,0.0000,6.7231,4.0000,96.0000,AG03-UNRESOLVED,ALL5_LEVELS_bet23_to_bet27,6.7231,6.7231,8.4038,8.4038,8.4038,4.000000,4.000000,5.000000,5.000000,5.000000,96.000000,96.000000,95.000000,95.000000,95.000000,5.0,38.6576,35.2698,129.4191,132.807,PENDING_AG03,FALSE,NOT_FOR_ENFORCEMENT,161.3537,8691.2747,168.0767,161.3537,6.7231,0.01514225,0.01453656,6.7231,161.3537,0.01453656,6.7231,6.7231,8.4038,8.4038,8.4038,161.3537,0.01453656,38.6576,35.2698,129.4191,132.807,0.01165953,0.01196475,0.00060569,9.5442,9.5299,0.1769,12.9290,0.4060,853.8349,73.0769,,9.5442,3.6002,6.4289,12.8578,18.0009,25.7155,38.239,5.4003,0.0,4.0,5.947999,1.484574,29,143,4,2,0E-8,0.01514225,,0E-8,0.000000,0.815633,0.000000,,2026-06-02,2026-06-22,13,414,195,21,0.619048,,,0.000000,,,,,,,,GLOBAL_BASELINE_NO_ENTITY_RANKING,,,NOT_APPLICABLE_GLOBAL_BASELINE,HF9g-P5,,,,X 全窗基线 · 不参与实体赏罚,6872579,688,A168_HF9F_20260827_0900,2026-08-27 09:00:00
2026-06-09,150916076,526,0,5.1431069509,5.1431069509,5.1431069509,1.0000000,1,1,0.49324550000000000,0.493245500000,1.01360149184955,1.01360149184955,1.01360149184955,0E-17,ELIGIBLE,R03b_20260811_FULL_v1,L1_ELIGIBILITY,v2026-08-11,2026-03-21..2026-08-06,baccarat_bet02_101_all_pairs_incl_sentinel,round_win = game_pnl > 0 (decisive only),COMPATIBILITY_ONLY_NOT_PRODUCTION,11099.8534,9053.4112,168.0767,1163,950,-0.01514225,,-0.01514225,-0.01514225,-168.0767,11099.8534,OK,0.0000,6.7231,4.0000,96.0000,AG03-UNRESOLVED,ALL5_LEVELS_bet23_to_bet27,6.7231,6.7231,8.4038,8.4038,8.4038,4.000000,4.000000,5.000000,5.000000,5.000000,96.000000,96.000000,95.000000,95.000000,95.000000,5.0,38.6576,35.2698,129.4191,132.807,PENDING_AG03,FALSE,NOT_FOR_ENFORCEMENT,161.3537,8691.2747,168.0767,161.3537,6.7231,0.01514225,0.01453656,6.7231,161.3537,0.01453656,6.7231,6.7231,8.4038,8.4038,8.4038,161.3537,0.01453656,38.6576,35.2698,129.4191,132.807,0.01165953,0.01196475,0.00060569,9.5442,9.5299,0.1769,12.9290,0.4060,853.8349,73.0769,,9.5442,3.6002,6.4289,12.8578,18.0009,25.7155,38.239,5.4003,0.0,4.0,5.947999,1.484574,29,143,4,2,0E-8,0.01514225,,0E-8,0.000000,0.815633,0.000000,,2026-06-02,2026-06-22,13,414,195,21,0.619048,,,0.000000,,,,,,,,GLOBAL_BASELINE_NO_ENTITY_RANKING,,,NOT_APPLICABLE_GLOBAL_BASELINE,HF9g-P5,,,,X 全窗基线 · 不参与实体赏罚,6872580,688,A168_HF9F_20260827_0900,2026-08-27 09:00:00
2026-06-09,150916076,550,0,3.8573302132,-3.8573302132,-3.8573302132,0E-7,1,1,0.50665070000000000,0.506650700000,-1.013391052207602,-1.013391052207602,-1.013391052207602,0E-17,ELIGIBLE,R03b_20260811_FULL_v1,L1_ELIGIBILITY,v2026-08-11,2026-03-21..2026-08-06,baccarat_bet02_101_all_pairs_incl_sentinel,round_win = game_pnl > 0 (decisive only),COMPATIBILITY_ONLY_NOT_PRODUCTION,11099.8534,9053.4112,168.0767,1163,950,-0.01514225,,-0.01514225,-0.01514225,-168.0767,11099.8534,OK,0.0000,6.7231,4.0000,96.0000,AG03-UNRESOLVED,ALL5_LEVELS_bet23_to_bet27,6.7231,6.7231,8.4038,8.4038,8.4038,4.000000,4.000000,5.000000,5.000000,5.000000,96.000000,96.000000,95.000000,95.000000,95.000000,5.0,38.6576,35.2698,129.4191,132.807,PENDING_AG03,FALSE,NOT_FOR_ENFORCEMENT,161.3537,8691.2747,168.0767,161.3537,6.7231,0.01514225,0.01453656,6.7231,161.3537,0.01453656,6.7231,6.7231,8.4038,8.4038,8.4038,161.3537,0.01453656,38.6576,35.2698,129.4191,132.807,0.01165953,0.01196475,0.00060569,9.5442,9.5299,0.1769,12.9290,0.4060,853.8349,73.0769,,9.5442,3.6002,6.4289,12.8578,18.0009,25.7155,38.239,5.4003,0.0,4.0,5.947999,1.484574,29,143,4,2,0E-8,0.01514225,,0E-8,0.000000,0.815633,0.000000,,2026-06-02,2026-06-22,13,414,195,21,0.619048,,,0.000000,,,,,,,,GLOBAL_BASELINE_NO_ENTITY_RANKING,,,NOT_APPLICABLE_GLOBAL_BASELINE,HF9g-P5,,,,X 全窗基线 · 不参与实体赏罚,6872581,688,A168_HF9F_20260827_0900,2026-08-27 09:00:00
2026-06-09,150916076,772,0,25.7155347545,25.7155347545,25.7155347545,1.0000000,1,1,0.49324550000000000,0.493245500000,1.01360149184955,1.01360149184955,1.01360149184955,0E-17,ELIGIBLE,R03b_20260811_FULL_v1,L1_ELIGIBILITY,v2026-08-11,2026-03-21..2026-08-06,baccarat_bet02_101_all_pairs_incl_sentinel,round_win = game_pnl > 0 (decisive only),COMPATIBILITY_ONLY_NOT_PRODUCTION,11099.8534,9053.4112,168.0767,1163,950,-0.01514225,,-0.01514225,-0.01514225,-168.0767,11099.8534,OK,0.0000,6.7231,4.0000,96.0000,AG03-UNRESOLVED,ALL5_LEVELS_bet23_to_bet27,6.7231,6.7231,8.4038,8.4038,8.4038,4.000000,4.000000,5.000000,5.000000,5.000000,96.000000,96.000000,95.000000,95.000000,95.000000,5.0,38.6576,35.2698,129.4191,132.807,PENDING_AG03,FALSE,NOT_FOR_ENFORCEMENT,161.3537,8691.2747,168.0767,161.3537,6.7231,0.01514225,0.01453656,6.7231,161.3537,0.01453656,6.7231,6.7231,8.4038,8.4038,8.4038,161.3537,0.01453656,38.6576,35.2698,129.4191,132.807,0.01165953,0.01196475,0.00060569,9.5442,9.5299,0.1769,12.9290,0.4060,853.8349,73.0769,,9.5442,3.6002,6.4289,12.8578,18.0009,25.7155,38.239,5.4003,0.0,4.0,5.947999,1.484574,29,143,4,2,0E-8,0.01514225,,0E-8,0.000000,0.815633,0.000000,,2026-06-02,2026-06-22,13,414,195,21,0.619048,,,0.000000,,,,,,,,GLOBAL_BASELINE_NO_ENTITY_RANKING,,,NOT_APPLICABLE_GLOBAL_BASELINE,HF9g-P5,,,,X 全窗基线 · 不参与实体赏罚,6872582,688,A168_HF9F_20260827_0900,2026-08-27 09:00:00
2026-06-09,150916076,925,0,5.1431069510,-0.1285776738,-0.1285776738,0.5000000,2,2,0.50665070000000000,0.506650700000,-0.018812684590367487,-0.018812684590367487,-0.018812684590367487,0E-17,ELIGIBLE,R03b_20260811_FULL_v1,L1_ELIGIBILITY,v2026-08-11,2026-03-21..2026-08-06,baccarat_bet02_101_all_pairs_incl_sentinel,round_win = game_pnl > 0 (decisive only),COMPATIBILITY_ONLY_NOT_PRODUCTION,11099.8534,9053.4112,168.0767,1163,950,-0.01514225,,-0.01514225,-0.01514225,-168.0767,11099.8534,OK,0.0000,6.7231,4.0000,96.0000,AG03-UNRESOLVED,ALL5_LEVELS_bet23_to_bet27,6.7231,6.7231,8.4038,8.4038,8.4038,4.000000,4.000000,5.000000,5.000000,5.000000,96.000000,96.000000,95.000000,95.000000,95.000000,5.0,38.6576,35.2698,129.4191,132.807,PENDING_AG03,FALSE,NOT_FOR_ENFORCEMENT,161.3537,8691.2747,168.0767,161.3537,6.7231,0.01514225,0.01453656,6.7231,161.3537,0.01453656,6.7231,6.7231,8.4038,8.4038,8.4038,161.3537,0.01453656,38.6576,35.2698,129.4191,132.807,0.01165953,0.01196475,0.00060569,9.5442,9.5299,0.1769,12.9290,0.4060,853.8349,73.0769,,9.5442,3.6002,6.4289,12.8578,18.0009,25.7155,38.239,5.4003,0.0,4.0,5.947999,1.484574,29,143,4,2,0E-8,0.01514225,,0E-8,0.000000,0.815633,0.000000,,2026-06-02,2026-06-22,13,414,195,21,0.619048,,,0.000000,,,,,,,,GLOBAL_BASELINE_NO_ENTITY_RANKING,,,NOT_APPLICABLE_GLOBAL_BASELINE,HF9g-P5,,,,X 全窗基线 · 不参与实体赏罚,6872583,688,A168_HF9F_20260827_0900,2026-08-27 09:00:00
2026-06-09,150916076,970,0,76.1179828735,-37.6861161828,-37.6861161828,0.2000000,6,6,0.49771390000000000,0.497713900000,-1.3314309533564708,-1.3314309533564703,-1.3314309533564708,0E-17,ELIGIBLE,R03b_20260811_FULL_v1,L1_ELIGIBILITY,v2026-08-11,2026-03-21..2026-08-06,baccarat_bet02_101_all_pairs_incl_sentinel,round_win = game_pnl > 0 (decisive only),COMPATIBILITY_ONLY_NOT_PRODUCTION,11099.8534,9053.4112,168.0767,1163,950,-0.01514225,,-0.01514225,-0.01514225,-168.0767,11099.8534,OK,0.0000,6.7231,4.0000,96.0000,AG03-UNRESOLVED,ALL5_LEVELS_bet23_to_bet27,6.7231,6.7231,8.4038,8.4038,8.4038,4.000000,4.000000,5.000000,5.000000,5.000000,96.000000,96.000000,95.000000,95.000000,95.000000,5.0,38.6576,35.2698,129.4191,132.807,PENDING_AG03,FALSE,NOT_FOR_ENFORCEMENT,161.3537,8691.2747,168.0767,161.3537,6.7231,0.01514225,0.01453656,6.7231,161.3537,0.01453656,6.7231,6.7231,8.4038,8.4038,8.4038,161.3537,0.01453656,38.6576,35.2698,129.4191,132.807,0.01165953,0.01196475,0.00060569,9.5442,9.5299,0.1769,12.9290,0.4060,853.8349,73.0769,,9.5442,3.6002,6.4289,12.8578,18.0009,25.7155,38.239,5.4003,0.0,4.0,5.947999,1.484574,29,143,4,2,0E-8,0.01514225,,0E-8,0.000000,0.815633,0.000000,,2026-06-02,2026-06-22,13,414,195,21,0.619048,,,0.000000,,,,,,,,GLOBAL_BASELINE_NO_ENTITY_RANKING,,,NOT_APPLICABLE_GLOBAL_BASELINE,HF9g-P5,,,,X 全窗基线 · 不参与实体赏罚,6872584,688,A168_HF9F_20260827_0900,2026-08-27 09:00:00
2026-06-10,150916076,-1,1,246.0976676012,-41.7491706739,-41.7491706739,0.3125000,24,17,0.50085281824291887,0.500736641176,-1.506824737769061,-1.5058947637270252,-1.506824737769061,0.00011617706691887,SENTINEL_DEALER,R03b_20260811_FULL_v1,L1_ELIGIBILITY,v2026-08-11,2026-03-21..2026-08-06,baccarat_bet02_101_all_pairs_incl_sentinel,round_win = game_pnl > 0 (decisive only),COMPATIBILITY_ONLY_NOT_PRODUCTION,11099.8534,9053.4112,168.0767,1163,950,-0.01514225,,-0.01514225,-0.01514225,-168.0767,11099.8534,OK,0.0000,6.7231,4.0000,96.0000,AG03-UNRESOLVED,ALL5_LEVELS_bet23_to_bet27,6.7231,6.7231,8.4038,8.4038,8.4038,4.000000,4.000000,5.000000,5.000000,5.000000,96.000000,96.000000,95.000000,95.000000,95.000000,5.0,38.6576,35.2698,129.4191,132.807,PENDING_AG03,FALSE,NOT_FOR_ENFORCEMENT,161.3537,8691.2747,168.0767,161.3537,6.7231,0.01514225,0.01453656,6.7231,161.3537,0.01453656,6.7231,6.7231,8.4038,8.4038,8.4038,161.3537,0.01453656,38.6576,35.2698,129.4191,132.807,0.01165953,0.01196475,0.00060569,9.5442,9.5299,0.1769,12.9290,0.4060,853.8349,73.0769,,9.5442,3.6002,6.4289,12.8578,18.0009,25.7155,38.239,5.4003,0.0,4.0,5.947999,1.484574,29,143,4,2,0E-8,0.01514225,,0E-8,0.000000,0.815633,0.000000,,2026-06-02,2026-06-22,13,414,195,21,0.619048,,,0.000000,,,,,,,,GLOBAL_BASELINE_NO_ENTITY_RANKING,,,NOT_APPLICABLE_GLOBAL_BASELINE,HF9g-P5,,,,X 全窗基线 · 不参与实体赏罚,6872585,688,A168_HF9F_20260827_0900,2026-08-27 09:00:00
2026-06-10,150916076,1004,0,25.7155347545,-25.7155347545,-25.7155347545,0E-7,1,1,0.50665070000000000,0.506650700000,-1.013391052207602,-1.013391052207602,-1.013391052207602,0E-17,ELIGIBLE,R03b_20260811_FULL_v1,L1_ELIGIBILITY,v2026-08-11,2026-03-21..2026-08-06,baccarat_bet02_101_all_pairs_incl_sentinel,round_win = game_pnl > 0 (decisive only),COMPATIBILITY_ONLY_NOT_PRODUCTION,11099.8534,9053.4112,168.0767,1163,950,-0.01514225,,-0.01514225,-0.01514225,-168.0767,11099.8534,OK,0.0000,6.7231,4.0000,96.0000,AG03-UNRESOLVED,ALL5_LEVELS_bet23_to_bet27,6.7231,6.7231,8.4038,8.4038,8.4038,4.000000,4.000000,5.000000,5.000000,5.000000,96.000000,96.000000,95.000000,95.000000,95.000000,5.0,38.6576,35.2698,129.4191,132.807,PENDING_AG03,FALSE,NOT_FOR_ENFORCEMENT,161.3537,8691.2747,168.0767,161.3537,6.7231,0.01514225,0.01453656,6.7231,161.3537,0.01453656,6.7231,6.7231,8.4038,8.4038,8.4038,161.3537,0.01453656,38.6576,35.2698,129.4191,132.807,0.01165953,0.01196475,0.00060569,9.5442,9.5299,0.1769,12.9290,0.4060,853.8349,73.0769,,9.5442,3.6002,6.4289,12.8578,18.0009,25.7155,38.239,5.4003,0.0,4.0,5.947999,1.484574,29,143,4,2,0E-8,0.01514225,,0E-8,0.000000,0.815633,0.000000,,2026-06-02,2026-06-22,13,414,195,21,0.619048,,,0.000000,,,,,,,,GLOBAL_BASELINE_NO_ENTITY_RANKING,,,NOT_APPLICABLE_GLOBAL_BASELINE,HF9g-P5,,,,X 全窗基线 · 不参与实体赏罚,6872586,688,A168_HF9F_20260827_0900,2026-08-27 09:00:00
2026-06-10,150916076,1007,0,46.2879625583,-28.2870882300,-28.2870882300,0E-7,3,2,0.50613511538460768,0.503299400000,-1.0123464423507746,-1.0066207164660794,-1.0123464423507746,0.00283571538460768,ELIGIBLE,R03b_20260811_FULL_v1,L1_ELIGIBILITY,v2026-08-11,2026-03-21..2026-08-06,baccarat_bet02_101_all_pairs_incl_sentinel,round_win = game_pnl > 0 (decisive only),COMPATIBILITY_ONLY_NOT_PRODUCTION,11099.8534,9053.4112,168.0767,1163,950,-0.01514225,,-0.01514225,-0.01514225,-168.0767,11099.8534,OK,0.0000,6.7231,4.0000,96.0000,AG03-UNRESOLVED,ALL5_LEVELS_bet23_to_bet27,6.7231,6.7231,8.4038,8.4038,8.4038,4.000000,4.000000,5.000000,5.000000,5.000000,96.000000,96.000000,95.000000,95.000000,95.000000,5.0,38.6576,35.2698,129.4191,132.807,PENDING_AG03,FALSE,NOT_FOR_ENFORCEMENT,161.3537,8691.2747,168.0767,161.3537,6.7231,0.01514225,0.01453656,6.7231,161.3537,0.01453656,6.7231,6.7231,8.4038,8.4038,8.4038,161.3537,0.01453656,38.6576,35.2698,129.4191,132.807,0.01165953,0.01196475,0.00060569,9.5442,9.5299,0.1769,12.9290,0.4060,853.8349,73.0769,,9.5442,3.6002,6.4289,12.8578,18.0009,25.7155,38.239,5.4003,0.0,4.0,5.947999,1.484574,29,143,4,2,0E-8,0.01514225,,0E-8,0.000000,0.815633,0.000000,,2026-06-02,2026-06-22,13,414,195,21,0.619048,,,0.000000,,,,,,,,GLOBAL_BASELINE_NO_ENTITY_RANKING,,,NOT_APPLICABLE_GLOBAL_BASELINE,HF9g-P5,,,,X 全窗基线 · 不参与实体赏罚,6872587,688,A168_HF9F_20260827_0900,2026-08-27 09:00:00
2026-06-10,150916076,1094,0,118.8057705660,9.0004371641,9.0004371641,0.5000000,10,5,0.50263232783848790,0.499948100000,-0.010529457275337302,0.00020760000111838688,-0.010529457275337302,0.00268422783848790,ELIGIBLE,R03b_20260811_FULL_v1,L1_ELIGIBILITY,v2026-08-11,2026-03-21..2026-08-06,baccarat_bet02_101_all_pairs_incl_sentinel,round_win = game_pnl > 0 (decisive only),COMPATIBILITY_ONLY_NOT_PRODUCTION,11099.8534,9053.4112,168.0767,1163,950,-0.01514225,,-0.01514225,-0.01514225,-168.0767,11099.8534,OK,0.0000,6.7231,4.0000,96.0000,AG03-UNRESOLVED,ALL5_LEVELS_bet23_to_bet27,6.7231,6.7231,8.4038,8.4038,8.4038,4.000000,4.000000,5.000000,5.000000,5.000000,96.000000,96.000000,95.000000,95.000000,95.000000,5.0,38.6576,35.2698,129.4191,132.807,PENDING_AG03,FALSE,NOT_FOR_ENFORCEMENT,161.3537,8691.2747,168.0767,161.3537,6.7231,0.01514225,0.01453656,6.7231,161.3537,0.01453656,6.7231,6.7231,8.4038,8.4038,8.4038,161.3537,0.01453656,38.6576,35.2698,129.4191,132.807,0.01165953,0.01196475,0.00060569,9.5442,9.5299,0.1769,12.9290,0.4060,853.8349,73.0769,,9.5442,3.6002,6.4289,12.8578,18.0009,25.7155,38.239,5.4003,0.0,4.0,5.947999,1.484574,29,143,4,2,0E-8,0.01514225,,0E-8,0.000000,0.815633,0.000000,,2026-06-02,2026-06-22,13,414,195,21,0.619048,,,0.000000,,,,,,,,GLOBAL_BASELINE_NO_ENTITY_RANKING,,,NOT_APPLICABLE_GLOBAL_BASELINE,HF9g-P5,,,,X 全窗基线 · 不参与实体赏罚,6872588,688,A168_HF9F_20260827_0900,2026-08-27 09:00:00
2026-06-10,150916076,1220,0,12.8577673773,12.8577673773,12.8577673773,1.0000000,1,1,0.49324550000000000,0.493245500000,1.01360149184955,1.01360149184955,1.01360149184955,0E-17,ELIGIBLE,R03b_20260811_FULL_v1,L1_ELIGIBILITY,v2026-08-11,2026-03-21..2026-08-06,baccarat_bet02_101_all_pairs_incl_sentinel,round_win = game_pnl > 0 (decisive only),COMPATIBILITY_ONLY_NOT_PRODUCTION,11099.8534,9053.4112,168.0767,1163,950,-0.01514225,,-0.01514225,-0.01514225,-168.0767,11099.8534,OK,0.0000,6.7231,4.0000,96.0000,AG03-UNRESOLVED,ALL5_LEVELS_bet23_to_bet27,6.7231,6.7231,8.4038,8.4038,8.4038,4.000000,4.000000,5.000000,5.000000,5.000000,96.000000,96.000000,95.000000,95.000000,95.000000,5.0,38.6576,35.2698,129.4191,132.807,PENDING_AG03,FALSE,NOT_FOR_ENFORCEMENT,161.3537,8691.2747,168.0767,161.3537,6.7231,0.01514225,0.01453656,6.7231,161.3537,0.01453656,6.7231,6.7231,8.4038,8.4038,8.4038,161.3537,0.01453656,38.6576,35.2698,129.4191,132.807,0.01165953,0.01196475,0.00060569,9.5442,9.5299,0.1769,12.9290,0.4060,853.8349,73.0769,,9.5442,3.6002,6.4289,12.8578,18.0009,25.7155,38.239,5.4003,0.0,4.0,5.947999,1.484574,29,143,4,2,0E-8,0.01514225,,0E-8,0.000000,0.815633,0.000000,,2026-06-02,2026-06-22,13,414,195,21,0.619048,,,0.000000,,,,,,,,GLOBAL_BASELINE_NO_ENTITY_RANKING,,,NOT_APPLICABLE_GLOBAL_BASELINE,HF9g-P5,,,,X 全窗基线 · 不参与实体赏罚,6872589,688,A168_HF9F_20260827_0900,2026-08-27 09:00:00
2026-06-10,150916076,1302,0,5.4002622985,5.4002622985,5.4002622985,1.0000000,1,1,0.49324550000000000,0.493245500000,1.01360149184955,1.01360149184955,1.01360149184955,0E-17,ELIGIBLE,R03b_20260811_FULL_v1,L1_ELIGIBILITY,v2026-08-11,2026-03-21..2026-08-06,baccarat_bet02_101_all_pairs_incl_sentinel,round_win = game_pnl > 0 (decisive only),COMPATIBILITY_ONLY_NOT_PRODUCTION,11099.8534,9053.4112,168.0767,1163,950,-0.01514225,,-0.01514225,-0.01514225,-168.0767,11099.8534,OK,0.0000,6.7231,4.0000,96.0000,AG03-UNRESOLVED,ALL5_LEVELS_bet23_to_bet27,6.7231,6.7231,8.4038,8.4038,8.4038,4.000000,4.000000,5.000000,5.000000,5.000000,96.000000,96.000000,95.000000,95.000000,95.000000,5.0,38.6576,35.2698,129.4191,132.807,PENDING_AG03,FALSE,NOT_FOR_ENFORCEMENT,161.3537,8691.2747,168.0767,161.3537,6.7231,0.01514225,0.01453656,6.7231,161.3537,0.01453656,6.7231,6.7231,8.4038,8.4038,8.4038,161.3537,0.01453656,38.6576,35.2698,129.4191,132.807,0.01165953,0.01196475,0.00060569,9.5442,9.5299,0.1769,12.9290,0.4060,853.8349,73.0769,,9.5442,3.6002,6.4289,12.8578,18.0009,25.7155,38.239,5.4003,0.0,4.0,5.947999,1.484574,29,143,4,2,0E-8,0.01514225,,0E-8,0.000000,0.815633,0.000000,,2026-06-02,2026-06-22,13,414,195,21,0.619048,,,0.000000,,,,,,,,GLOBAL_BASELINE_NO_ENTITY_RANKING,,,NOT_APPLICABLE_GLOBAL_BASELINE,HF9g-P5,,,,X 全窗基线 · 不参与实体赏罚,6872590,688,A168_HF9F_20260827_0900,2026-08-27 09:00:00
2026-06-10,150916076,1306,0,51.9453802043,8.3575487952,8.3575487952,0.3333333,5,3,0.50106519999998431,0.497713900000,-0.5810415487903076,-0.5694369385616226,-0.5810415487903076,0.00335129999998431,ELIGIBLE,R03b_20260811_FULL_v1,L1_ELIGIBILITY,v2026-08-11,2026-03-21..2026-08-06,baccarat_bet02_101_all_pairs_incl_sentinel,round_win = game_pnl > 0 (decisive only),COMPATIBILITY_ONLY_NOT_PRODUCTION,11099.8534,9053.4112,168.0767,1163,950,-0.01514225,,-0.01514225,-0.01514225,-168.0767,11099.8534,OK,0.0000,6.7231,4.0000,96.0000,AG03-UNRESOLVED,ALL5_LEVELS_bet23_to_bet27,6.7231,6.7231,8.4038,8.4038,8.4038,4.000000,4.000000,5.000000,5.000000,5.000000,96.000000,96.000000,95.000000,95.000000,95.000000,5.0,38.6576,35.2698,129.4191,132.807,PENDING_AG03,FALSE,NOT_FOR_ENFORCEMENT,161.3537,8691.2747,168.0767,161.3537,6.7231,0.01514225,0.01453656,6.7231,161.3537,0.01453656,6.7231,6.7231,8.4038,8.4038,8.4038,161.3537,0.01453656,38.6576,35.2698,129.4191,132.807,0.01165953,0.01196475,0.00060569,9.5442,9.5299,0.1769,12.9290,0.4060,853.8349,73.0769,,9.5442,3.6002,6.4289,12.8578,18.0009,25.7155,38.239,5.4003,0.0,4.0,5.947999,1.484574,29,143,4,2,0E-8,0.01514225,,0E-8,0.000000,0.815633,0.000000,,2026-06-02,2026-06-22,13,414,195,21,0.619048,,,0.000000,,,,,,,,GLOBAL_BASELINE_NO_ENTITY_RANKING,,,NOT_APPLICABLE_GLOBAL_BASELINE,HF9g-P5,,,,X 全窗基线 · 不参与实体赏罚,6872591,688,A168_HF9F_20260827_0900,2026-08-27 09:00:00
2026-06-10,150916076,1325,0,45.0021858205,11.6748527785,11.6748527785,0.7500000,5,4,0.50275886774192870,0.501623750000,0.9889795840887982,0.9935102389205961,0.9889795840887982,0.00113511774192870,ELIGIBLE,R03b_20260811_FULL_v1,L1_ELIGIBILITY,v2026-08-11,2026-03-21..2026-08-06,baccarat_bet02_101_all_pairs_incl_sentinel,round_win = game_pnl > 0 (decisive only),COMPATIBILITY_ONLY_NOT_PRODUCTION,11099.8534,9053.4112,168.0767,1163,950,-0.01514225,,-0.01514225,-0.01514225,-168.0767,11099.8534,OK,0.0000,6.7231,4.0000,96.0000,AG03-UNRESOLVED,ALL5_LEVELS_bet23_to_bet27,6.7231,6.7231,8.4038,8.4038,8.4038,4.000000,4.000000,5.000000,5.000000,5.000000,96.000000,96.000000,95.000000,95.000000,95.000000,5.0,38.6576,35.2698,129.4191,132.807,PENDING_AG03,FALSE,NOT_FOR_ENFORCEMENT,161.3537,8691.2747,168.0767,161.3537,6.7231,0.01514225,0.01453656,6.7231,161.3537,0.01453656,6.7231,6.7231,8.4038,8.4038,8.4038,161.3537,0.01453656,38.6576,35.2698,129.4191,132.807,0.01165953,0.01196475,0.00060569,9.5442,9.5299,0.1769,12.9290,0.4060,853.8349,73.0769,,9.5442,3.6002,6.4289,12.8578,18.0009,25.7155,38.239,5.4003,0.0,4.0,5.947999,1.484574,29,143,4,2,0E-8,0.01514225,,0E-8,0.000000,0.815633,0.000000,,2026-06-02,2026-06-22,13,414,195,21,0.619048,,,0.000000,,,,,,,,GLOBAL_BASELINE_NO_ENTITY_RANKING,,,NOT_APPLICABLE_GLOBAL_BASELINE,HF9g-P5,,,,X 全窗基线 · 不参与实体赏罚,6872592,688,A168_HF9F_20260827_0900,2026-08-27 09:00:00
2026-06-10,150916076,1383,0,2.5715534755,-2.5715534755,-2.5715534755,0E-7,1,1,0.49324550000000000,0.493245500000,-0.9865810262130424,-0.9865810262130424,-0.9865810262130424,0E-17,ELIGIBLE,R03b_20260811_FULL_v1,L1_ELIGIBILITY,v2026-08-11,2026-03-21..2026-08-06,baccarat_bet02_101_all_pairs_incl_sentinel,round_win = game_pnl > 0 (decisive only),COMPATIBILITY_ONLY_NOT_PRODUCTION,11099.8534,9053.4112,168.0767,1163,950,-0.01514225,,-0.01514225,-0.01514225,-168.0767,11099.8534,OK,0.0000,6.7231,4.0000,96.0000,AG03-UNRESOLVED,ALL5_LEVELS_bet23_to_bet27,6.7231,6.7231,8.4038,8.4038,8.4038,4.000000,4.000000,5.000000,5.000000,5.000000,96.000000,96.000000,95.000000,95.000000,95.000000,5.0,38.6576,35.2698,129.4191,132.807,PENDING_AG03,FALSE,NOT_FOR_ENFORCEMENT,161.3537,8691.2747,168.0767,161.3537,6.7231,0.01514225,0.01453656,6.7231,161.3537,0.01453656,6.7231,6.7231,8.4038,8.4038,8.4038,161.3537,0.01453656,38.6576,35.2698,129.4191,132.807,0.01165953,0.01196475,0.00060569,9.5442,9.5299,0.1769,12.9290,0.4060,853.8349,73.0769,,9.5442,3.6002,6.4289,12.8578,18.0009,25.7155,38.239,5.4003,0.0,4.0,5.947999,1.484574,29,143,4,2,0E-8,0.01514225,,0E-8,0.000000,0.815633,0.000000,,2026-06-02,2026-06-22,13,414,195,21,0.619048,,,0.000000,,,,,,,,GLOBAL_BASELINE_NO_ENTITY_RANKING,,,NOT_APPLICABLE_GLOBAL_BASELINE,HF9g-P5,,,,X 全窗基线 · 不参与实体赏罚,6872593,688,A168_HF9F_20260827_0900,2026-08-27 09:00:00
2026-06-10,150916076,1384,0,25.7155347546,0E-10,0E-10,0.5000000,2,2,0.49324550000000000,0.493245500000,0.01910635448239258,0.01910635448239258,0.01910635448239258,0E-17,ELIGIBLE,R03b_20260811_FULL_v1,L1_ELIGIBILITY,v2026-08-11,2026-03-21..2026-08-06,baccarat_bet02_101_all_pairs_incl_sentinel,round_win = game_pnl > 0 (decisive only),COMPATIBILITY_ONLY_NOT_PRODUCTION,11099.8534,9053.4112,168.0767,1163,950,-0.01514225,,-0.01514225,-0.01514225,-168.0767,11099.8534,OK,0.0000,6.7231,4.0000,96.0000,AG03-UNRESOLVED,ALL5_LEVELS_bet23_to_bet27,6.7231,6.7231,8.4038,8.4038,8.4038,4.000000,4.000000,5.000000,5.000000,5.000000,96.000000,96.000000,95.000000,95.000000,95.000000,5.0,38.6576,35.2698,129.4191,132.807,PENDING_AG03,FALSE,NOT_FOR_ENFORCEMENT,161.3537,8691.2747,168.0767,161.3537,6.7231,0.01514225,0.01453656,6.7231,161.3537,0.01453656,6.7231,6.7231,8.4038,8.4038,8.4038,161.3537,0.01453656,38.6576,35.2698,129.4191,132.807,0.01165953,0.01196475,0.00060569,9.5442,9.5299,0.1769,12.9290,0.4060,853.8349,73.0769,,9.5442,3.6002,6.4289,12.8578,18.0009,25.7155,38.239,5.4003,0.0,4.0,5.947999,1.484574,29,143,4,2,0E-8,0.01514225,,0E-8,0.000000,0.815633,0.000000,,2026-06-02,2026-06-22,13,414,195,21,0.619048,,,0.000000,,,,,,,,GLOBAL_BASELINE_NO_ENTITY_RANKING,,,NOT_APPLICABLE_GLOBAL_BASELINE,HF9g-P5,,,,X 全窗基线 · 不参与实体赏罚,6872594,688,A168_HF9F_20260827_0900,2026-08-27 09:00:00
2026-06-10,150916076,1401,0,142.7212178878,37.9304137629,37.9304137629,0.6250000,9,8,0.50050665000000145,0.500785925000,0.7042410975303688,0.7026617860486531,0.7042410975303688,-0.00027927499999855,ELIGIBLE,R03b_20260811_FULL_v1,L1_ELIGIBILITY,v2026-08-11,2026-03-21..2026-08-06,baccarat_bet02_101_all_pairs_incl_sentinel,round_win = game_pnl > 0 (decisive only),COMPATIBILITY_ONLY_NOT_PRODUCTION,11099.8534,9053.4112,168.0767,1163,950,-0.01514225,,-0.01514225,-0.01514225,-168.0767,11099.8534,OK,0.0000,6.7231,4.0000,96.0000,AG03-UNRESOLVED,ALL5_LEVELS_bet23_to_bet27,6.7231,6.7231,8.4038,8.4038,8.4038,4.000000,4.000000,5.000000,5.000000,5.000000,96.000000,96.000000,95.000000,95.000000,95.000000,5.0,38.6576,35.2698,129.4191,132.807,PENDING_AG03,FALSE,NOT_FOR_ENFORCEMENT,161.3537,8691.2747,168.0767,161.3537,6.7231,0.01514225,0.01453656,6.7231,161.3537,0.01453656,6.7231,6.7231,8.4038,8.4038,8.4038,161.3537,0.01453656,38.6576,35.2698,129.4191,132.807,0.01165953,0.01196475,0.00060569,9.5442,9.5299,0.1769,12.9290,0.4060,853.8349,73.0769,,9.5442,3.6002,6.4289,12.8578,18.0009,25.7155,38.239,5.4003,0.0,4.0,5.947999,1.484574,29,143,4,2,0E-8,0.01514225,,0E-8,0.000000,0.815633,0.000000,,2026-06-02,2026-06-22,13,414,195,21,0.619048,,,0.000000,,,,,,,,GLOBAL_BASELINE_NO_ENTITY_RANKING,,,NOT_APPLICABLE_GLOBAL_BASELINE,HF9g-P5,,,,X 全窗基线 · 不参与实体赏罚,6872595,688,A168_HF9F_20260827_0900,2026-08-27 09:00:00
2026-06-10,150916076,1405,0,19.2866510660,13.3077892354,13.3077892354,1.0000000,2,1,0.50486333999997683,0.499948100000,0.9903201673637473,1.0001038053877793,0.9903201673637473,0.00491523999997683,ELIGIBLE,R03b_20260811_FULL_v1,L1_ELIGIBILITY,v2026-08-11,2026-03-21..2026-08-06,baccarat_bet02_101_all_pairs_incl_sentinel,round_win = game_pnl > 0 (decisive only),COMPATIBILITY_ONLY_NOT_PRODUCTION,11099.8534,9053.4112,168.0767,1163,950,-0.01514225,,-0.01514225,-0.01514225,-168.0767,11099.8534,OK,0.0000,6.7231,4.0000,96.0000,AG03-UNRESOLVED,ALL5_LEVELS_bet23_to_bet27,6.7231,6.7231,8.4038,8.4038,8.4038,4.000000,4.000000,5.000000,5.000000,5.000000,96.000000,96.000000,95.000000,95.000000,95.000000,5.0,38.6576,35.2698,129.4191,132.807,PENDING_AG03,FALSE,NOT_FOR_ENFORCEMENT,161.3537,8691.2747,168.0767,161.3537,6.7231,0.01514225,0.01453656,6.7231,161.3537,0.01453656,6.7231,6.7231,8.4038,8.4038,8.4038,161.3537,0.01453656,38.6576,35.2698,129.4191,132.807,0.01165953,0.01196475,0.00060569,9.5442,9.5299,0.1769,12.9290,0.4060,853.8349,73.0769,,9.5442,3.6002,6.4289,12.8578,18.0009,25.7155,38.239,5.4003,0.0,4.0,5.947999,1.484574,29,143,4,2,0E-8,0.01514225,,0E-8,0.000000,0.815633,0.000000,,2026-06-02,2026-06-22,13,414,195,21,0.619048,,,0.000000,,,,,,,,GLOBAL_BASELINE_NO_ENTITY_RANKING,,,NOT_APPLICABLE_GLOBAL_BASELINE,HF9g-P5,,,,X 全窗基线 · 不参与实体赏罚,6872596,688,A168_HF9F_20260827_0900,2026-08-27 09:00:00
2026-06-10,150916076,1485,0,12.8577673773,7.7146604263,7.7146604263,1.0000000,2,1,0.49592654000004170,0.499948100000,1.0081803781831224,1.0001038053877793,1.0081803781831224,-0.00402155999995830,ELIGIBLE,R03b_20260811_FULL_v1,L1_ELIGIBILITY,v2026-08-11,2026-03-21..2026-08-06,baccarat_bet02_101_all_pairs_incl_sentinel,round_win = game_pnl > 0 (decisive only),COMPATIBILITY_ONLY_NOT_PRODUCTION,11099.8534,9053.4112,168.0767,1163,950,-0.01514225,,-0.01514225,-0.01514225,-168.0767,11099.8534,OK,0.0000,6.7231,4.0000,96.0000,AG03-UNRESOLVED,ALL5_LEVELS_bet23_to_bet27,6.7231,6.7231,8.4038,8.4038,8.4038,4.000000,4.000000,5.000000,5.000000,5.000000,96.000000,96.000000,95.000000,95.000000,95.000000,5.0,38.6576,35.2698,129.4191,132.807,PENDING_AG03,FALSE,NOT_FOR_ENFORCEMENT,161.3537,8691.2747,168.0767,161.3537,6.7231,0.01514225,0.01453656,6.7231,161.3537,0.01453656,6.7231,6.7231,8.4038,8.4038,8.4038,161.3537,0.01453656,38.6576,35.2698,129.4191,132.807,0.01165953,0.01196475,0.00060569,9.5442,9.5299,0.1769,12.9290,0.4060,853.8349,73.0769,,9.5442,3.6002,6.4289,12.8578,18.0009,25.7155,38.239,5.4003,0.0,4.0,5.947999,1.484574,29,143,4,2,0E-8,0.01514225,,0E-8,0.000000,0.815633,0.000000,,2026-06-02,2026-06-22,13,414,195,21,0.619048,,,0.000000,,,,,,,,GLOBAL_BASELINE_NO_ENTITY_RANKING,,,NOT_APPLICABLE_GLOBAL_BASELINE,HF9g-P5,,,,X 全窗基线 · 不参与实体赏罚,6872597,688,A168_HF9F_20260827_0900,2026-08-27 09:00:00
2026-06-10,150916076,1490,0,18.0008743282,12.8577673772,12.8577673772,1.0000000,2,1,0.49516052857146049,0.499948100000,1.0097262405187695,1.0001038053877793,1.0097262405187695,-0.00478757142853951,ELIGIBLE,R03b_20260811_FULL_v1,L1_ELIGIBILITY,v2026-08-11,2026-03-21..2026-08-06,baccarat_bet02_101_all_pairs_incl_sentinel,round_win = game_pnl > 0 (decisive only),COMPATIBILITY_ONLY_NOT_PRODUCTION,11099.8534,9053.4112,168.0767,1163,950,-0.01514225,,-0.01514225,-0.01514225,-168.0767,11099.8534,OK,0.0000,6.7231,4.0000,96.0000,AG03-UNRESOLVED,ALL5_LEVELS_bet23_to_bet27,6.7231,6.7231,8.4038,8.4038,8.4038,4.000000,4.000000,5.000000,5.000000,5.000000,96.000000,96.000000,95.000000,95.000000,95.000000,5.0,38.6576,35.2698,129.4191,132.807,PENDING_AG03,FALSE,NOT_FOR_ENFORCEMENT,161.3537,8691.2747,168.0767,161.3537,6.7231,0.01514225,0.01453656,6.7231,161.3537,0.01453656,6.7231,6.7231,8.4038,8.4038,8.4038,161.3537,0.01453656,38.6576,35.2698,129.4191,132.807,0.01165953,0.01196475,0.00060569,9.5442,9.5299,0.1769,12.9290,0.4060,853.8349,73.0769,,9.5442,3.6002,6.4289,12.8578,18.0009,25.7155,38.239,5.4003,0.0,4.0,5.947999,1.484574,29,143,4,2,0E-8,0.01514225,,0E-8,0.000000,0.815633,0.000000,,2026-06-02,2026-06-22,13,414,195,21,0.619048,,,0.000000,,,,,,,,GLOBAL_BASELINE_NO_ENTITY_RANKING,,,NOT_APPLICABLE_GLOBAL_BASELINE,HF9g-P5,,,,X 全窗基线 · 不参与实体赏罚,6872598,688,A168_HF9F_20260827_0900,2026-08-27 09:00:00
2026-06-10,150916076,1509,0,16.9722529380,-11.9577236608,-11.9577236608,0E-7,2,1,0.49527659090912681,0.499948100000,-0.9905973844354754,-0.9998962053866608,-0.9905973844354754,-0.00467150909087319,ELIGIBLE,R03b_20260811_FULL_v1,L1_ELIGIBILITY,v2026-08-11,2026-03-21..2026-08-06,baccarat_bet02_101_all_pairs_incl_sentinel,round_win = game_pnl > 0 (decisive only),COMPATIBILITY_ONLY_NOT_PRODUCTION,11099.8534,9053.4112,168.0767,1163,950,-0.01514225,,-0.01514225,-0.01514225,-168.0767,11099.8534,OK,0.0000,6.7231,4.0000,96.0000,AG03-UNRESOLVED,ALL5_LEVELS_bet23_to_bet27,6.7231,6.7231,8.4038,8.4038,8.4038,4.000000,4.000000,5.000000,5.000000,5.000000,96.000000,96.000000,95.000000,95.000000,95.000000,5.0,38.6576,35.2698,129.4191,132.807,PENDING_AG03,FALSE,NOT_FOR_ENFORCEMENT,161.3537,8691.2747,168.0767,161.3537,6.7231,0.01514225,0.01453656,6.7231,161.3537,0.01453656,6.7231,6.7231,8.4038,8.4038,8.4038,161.3537,0.01453656,38.6576,35.2698,129.4191,132.807,0.01165953,0.01196475,0.00060569,9.5442,9.5299,0.1769,12.9290,0.4060,853.8349,73.0769,,9.5442,3.6002,6.4289,12.8578,18.0009,25.7155,38.239,5.4003,0.0,4.0,5.947999,1.484574,29,143,4,2,0E-8,0.01514225,,0E-8,0.000000,0.815633,0.000000,,2026-06-02,2026-06-22,13,414,195,21,0.619048,,,0.000000,,,,,,,,GLOBAL_BASELINE_NO_ENTITY_RANKING,,,NOT_APPLICABLE_GLOBAL_BASELINE,HF9g-P5,,,,X 全窗基线 · 不参与实体赏罚,6872599,688,A168_HF9F_20260827_0900,2026-08-27 09:00:00
2026-06-10,150916076,1654,0,24.4297580169,18.1937408388,18.1937408388,1.0000000,2,1,0.50523962631576926,0.499948100000,0.9895750838233887,1.0001038053877793,0.9895750838233887,0.00529152631576926,ELIGIBLE,R03b_20260811_FULL_v1,L1_ELIGIBILITY,v2026-08-11,2026-03-21..2026-08-06,baccarat_bet02_101_all_pairs_incl_sentinel,round_win = game_pnl > 0 (decisive only),COMPATIBILITY_ONLY_NOT_PRODUCTION,11099.8534,9053.4112,168.0767,1163,950,-0.01514225,,-0.01514225,-0.01514225,-168.0767,11099.8534,OK,0.0000,6.7231,4.0000,96.0000,AG03-UNRESOLVED,ALL5_LEVELS_bet23_to_bet27,6.7231,6.7231,8.4038,8.4038,8.4038,4.000000,4.000000,5.000000,5.000000,5.000000,96.000000,96.000000,95.000000,95.000000,95.000000,5.0,38.6576,35.2698,129.4191,132.807,PENDING_AG03,FALSE,NOT_FOR_ENFORCEMENT,161.3537,8691.2747,168.0767,161.3537,6.7231,0.01514225,0.01453656,6.7231,161.3537,0.01453656,6.7231,6.7231,8.4038,8.4038,8.4038,161.3537,0.01453656,38.6576,35.2698,129.4191,132.807,0.01165953,0.01196475,0.00060569,9.5442,9.5299,0.1769,12.9290,0.4060,853.8349,73.0769,,9.5442,3.6002,6.4289,12.8578,18.0009,25.7155,38.239,5.4003,0.0,4.0,5.947999,1.484574,29,143,4,2,0E-8,0.01514225,,0E-8,0.000000,0.815633,0.000000,,2026-06-02,2026-06-22,13,414,195,21,0.619048,,,0.000000,,,,,,,,GLOBAL_BASELINE_NO_ENTITY_RANKING,,,NOT_APPLICABLE_GLOBAL_BASELINE,HF9g-P5,,,,X 全窗基线 · 不参与实体赏罚,6872600,688,A168_HF9F_20260827_0900,2026-08-27 09:00:00
2026-06-10,150916076,1710,0,63.7745261914,23.4011366266,23.4011366266,0.6666667,5,3,0.49856604679488511,0.502182300000,0.582320023566668,0.5697959874915164,0.582320023566668,-0.00361625320511489,ELIGIBLE,R03b_20260811_FULL_v1,L1_ELIGIBILITY,v2026-08-11,2026-03-21..2026-08-06,baccarat_bet02_101_all_pairs_incl_sentinel,round_win = game_pnl > 0 (decisive only),COMPATIBILITY_ONLY_NOT_PRODUCTION,11099.8534,9053.4112,168.0767,1163,950,-0.01514225,,-0.01514225,-0.01514225,-168.0767,11099.8534,OK,0.0000,6.7231,4.0000,96.0000,AG03-UNRESOLVED,ALL5_LEVELS_bet23_to_bet27,6.7231,6.7231,8.4038,8.4038,8.4038,4.000000,4.000000,5.000000,5.000000,5.000000,96.000000,96.000000,95.000000,95.000000,95.000000,5.0,38.6576,35.2698,129.4191,132.807,PENDING_AG03,FALSE,NOT_FOR_ENFORCEMENT,161.3537,8691.2747,168.0767,161.3537,6.7231,0.01514225,0.01453656,6.7231,161.3537,0.01453656,6.7231,6.7231,8.4038,8.4038,8.4038,161.3537,0.01453656,38.6576,35.2698,129.4191,132.807,0.01165953,0.01196475,0.00060569,9.5442,9.5299,0.1769,12.9290,0.4060,853.8349,73.0769,,9.5442,3.6002,6.4289,12.8578,18.0009,25.7155,38.239,5.4003,0.0,4.0,5.947999,1.484574,29,143,4,2,0E-8,0.01514225,,0E-8,0.000000,0.815633,0.000000,,2026-06-02,2026-06-22,13,414,195,21,0.619048,,,0.000000,,,,,,,,GLOBAL_BASELINE_NO_ENTITY_RANKING,,,NOT_APPLICABLE_GLOBAL_BASELINE,HF9g-P5,,,,X 全窗基线 · 不参与实体赏罚,6872601,688,A168_HF9F_20260827_0900,2026-08-27 09:00:00
2026-06-10,150916076,1714,0,90.0043716409,-90.0043716409,-90.0043716409,0E-7,5,5,0.49592654000000000,0.495926540000,-2.2179245161756675,-2.2179245161756675,-2.2179245161756675,0E-17,ELIGIBLE,R03b_20260811_FULL_v1,L1_ELIGIBILITY,v2026-08-11,2026-03-21..2026-08-06,baccarat_bet02_101_all_pairs_incl_sentinel,round_win = game_pnl > 0 (decisive only),COMPATIBILITY_ONLY_NOT_PRODUCTION,11099.8534,9053.4112,168.0767,1163,950,-0.01514225,,-0.01514225,-0.01514225,-168.0767,11099.8534,OK,0.0000,6.7231,4.0000,96.0000,AG03-UNRESOLVED,ALL5_LEVELS_bet23_to_bet27,6.7231,6.7231,8.4038,8.4038,8.4038,4.000000,4.000000,5.000000,5.000000,5.000000,96.000000,96.000000,95.000000,95.000000,95.000000,5.0,38.6576,35.2698,129.4191,132.807,PENDING_AG03,FALSE,NOT_FOR_ENFORCEMENT,161.3537,8691.2747,168.0767,161.3537,6.7231,0.01514225,0.01453656,6.7231,161.3537,0.01453656,6.7231,6.7231,8.4038,8.4038,8.4038,161.3537,0.01453656,38.6576,35.2698,129.4191,132.807,0.01165953,0.01196475,0.00060569,9.5442,9.5299,0.1769,12.9290,0.4060,853.8349,73.0769,,9.5442,3.6002,6.4289,12.8578,18.0009,25.7155,38.239,5.4003,0.0,4.0,5.947999,1.484574,29,143,4,2,0E-8,0.01514225,,0E-8,0.000000,0.815633,0.000000,,2026-06-02,2026-06-22,13,414,195,21,0.619048,,,0.000000,,,,,,,,GLOBAL_BASELINE_NO_ENTITY_RANKING,,,NOT_APPLICABLE_GLOBAL_BASELINE,HF9g-P5,,,,X 全窗基线 · 不参与实体赏罚,6872602,688,A168_HF9F_20260827_0900,2026-08-27 09:00:00
2026-06-10,150916076,1750,0,54.2597783321,-2.8287088231,-2.8287088231,0.3333333,4,3,0.49920336666667053,0.499948100000,-0.5745913796731563,-0.5771704854251445,-0.5745913796731563,-0.00074473333332947,ELIGIBLE,R03b_20260811_FULL_v1,L1_ELIGIBILITY,v2026-08-11,2026-03-21..2026-08-06,baccarat_bet02_101_all_pairs_incl_sentinel,round_win = game_pnl > 0 (decisive only),COMPATIBILITY_ONLY_NOT_PRODUCTION,11099.8534,9053.4112,168.0767,1163,950,-0.01514225,,-0.01514225,-0.01514225,-168.0767,11099.8534,OK,0.0000,6.7231,4.0000,96.0000,AG03-UNRESOLVED,ALL5_LEVELS_bet23_to_bet27,6.7231,6.7231,8.4038,8.4038,8.4038,4.000000,4.000000,5.000000,5.000000,5.000000,96.000000,96.000000,95.000000,95.000000,95.000000,5.0,38.6576,35.2698,129.4191,132.807,PENDING_AG03,FALSE,NOT_FOR_ENFORCEMENT,161.3537,8691.2747,168.0767,161.3537,6.7231,0.01514225,0.01453656,6.7231,161.3537,0.01453656,6.7231,6.7231,8.4038,8.4038,8.4038,161.3537,0.01453656,38.6576,35.2698,129.4191,132.807,0.01165953,0.01196475,0.00060569,9.5442,9.5299,0.1769,12.9290,0.4060,853.8349,73.0769,,9.5442,3.6002,6.4289,12.8578,18.0009,25.7155,38.239,5.4003,0.0,4.0,5.947999,1.484574,29,143,4,2,0E-8,0.01514225,,0E-8,0.000000,0.815633,0.000000,,2026-06-02,2026-06-22,13,414,195,21,0.619048,,,0.000000,,,,,,,,GLOBAL_BASELINE_NO_ENTITY_RANKING,,,NOT_APPLICABLE_GLOBAL_BASELINE,HF9g-P5,,,,X 全窗基线 · 不参与实体赏罚,6872603,688,A168_HF9F_20260827_0900,2026-08-27 09:00:00
2026-06-10,150916076,1940,0,16.9722529380,11.1091110139,11.1091110139,1.0000000,2,1,0.50461960909087319,0.499948100000,0.9908030717576839,1.0001038053877793,0.9908030717576839,0.00467150909087319,ELIGIBLE,R03b_20260811_FULL_v1,L1_ELIGIBILITY,v2026-08-11,2026-03-21..2026-08-06,baccarat_bet02_101_all_pairs_incl_sentinel,round_win = game_pnl > 0 (decisive only),COMPATIBILITY_ONLY_NOT_PRODUCTION,11099.8534,9053.4112,168.0767,1163,950,-0.01514225,,-0.01514225,-0.01514225,-168.0767,11099.8534,OK,0.0000,6.7231,4.0000,96.0000,AG03-UNRESOLVED,ALL5_LEVELS_bet23_to_bet27,6.7231,6.7231,8.4038,8.4038,8.4038,4.000000,4.000000,5.000000,5.000000,5.000000,96.000000,96.000000,95.000000,95.000000,95.000000,5.0,38.6576,35.2698,129.4191,132.807,PENDING_AG03,FALSE,NOT_FOR_ENFORCEMENT,161.3537,8691.2747,168.0767,161.3537,6.7231,0.01514225,0.01453656,6.7231,161.3537,0.01453656,6.7231,6.7231,8.4038,8.4038,8.4038,161.3537,0.01453656,38.6576,35.2698,129.4191,132.807,0.01165953,0.01196475,0.00060569,9.5442,9.5299,0.1769,12.9290,0.4060,853.8349,73.0769,,9.5442,3.6002,6.4289,12.8578,18.0009,25.7155,38.239,5.4003,0.0,4.0,5.947999,1.484574,29,143,4,2,0E-8,0.01514225,,0E-8,0.000000,0.815633,0.000000,,2026-06-02,2026-06-22,13,414,195,21,0.619048,,,0.000000,,,,,,,,GLOBAL_BASELINE_NO_ENTITY_RANKING,,,NOT_APPLICABLE_GLOBAL_BASELINE,HF9g-P5,,,,X 全窗基线 · 不参与实体赏罚,6872604,688,A168_HF9F_20260827_0900,2026-08-27 09:00:00
2026-06-10,150916076,1942,0,3.8573302132,-3.8573302132,-3.8573302132,0E-7,1,1,0.49324550000000000,0.493245500000,-0.9865810262130424,-0.9865810262130424,-0.9865810262130424,0E-17,ELIGIBLE,R03b_20260811_FULL_v1,L1_ELIGIBILITY,v2026-08-11,2026-03-21..2026-08-06,baccarat_bet02_101_all_pairs_incl_sentinel,round_win = game_pnl > 0 (decisive only),COMPATIBILITY_ONLY_NOT_PRODUCTION,11099.8534,9053.4112,168.0767,1163,950,-0.01514225,,-0.01514225,-0.01514225,-168.0767,11099.8534,OK,0.0000,6.7231,4.0000,96.0000,AG03-UNRESOLVED,ALL5_LEVELS_bet23_to_bet27,6.7231,6.7231,8.4038,8.4038,8.4038,4.000000,4.000000,5.000000,5.000000,5.000000,96.000000,96.000000,95.000000,95.000000,95.000000,5.0,38.6576,35.2698,129.4191,132.807,PENDING_AG03,FALSE,NOT_FOR_ENFORCEMENT,161.3537,8691.2747,168.0767,161.3537,6.7231,0.01514225,0.01453656,6.7231,161.3537,0.01453656,6.7231,6.7231,8.4038,8.4038,8.4038,161.3537,0.01453656,38.6576,35.2698,129.4191,132.807,0.01165953,0.01196475,0.00060569,9.5442,9.5299,0.1769,12.9290,0.4060,853.8349,73.0769,,9.5442,3.6002,6.4289,12.8578,18.0009,25.7155,38.239,5.4003,0.0,4.0,5.947999,1.484574,29,143,4,2,0E-8,0.01514225,,0E-8,0.000000,0.815633,0.000000,,2026-06-02,2026-06-22,13,414,195,21,0.619048,,,0.000000,,,,,,,,GLOBAL_BASELINE_NO_ENTITY_RANKING,,,NOT_APPLICABLE_GLOBAL_BASELINE,HF9g-P5,,,,X 全窗基线 · 不参与实体赏罚,6872605,688,A168_HF9F_20260827_0900,2026-08-27 09:00:00
2026-06-10,150916076,1947,0,3.0858641705,-3.0858641705,-3.0858641705,0E-7,1,1,0.49324550000000000,0.493245500000,-0.9865810262130424,-0.9865810262130424,-0.9865810262130424,0E-17,ELIGIBLE,R03b_20260811_FULL_v1,L1_ELIGIBILITY,v2026-08-11,2026-03-21..2026-08-06,baccarat_bet02_101_all_pairs_incl_sentinel,round_win = game_pnl > 0 (decisive only),COMPATIBILITY_ONLY_NOT_PRODUCTION,11099.8534,9053.4112,168.0767,1163,950,-0.01514225,,-0.01514225,-0.01514225,-168.0767,11099.8534,OK,0.0000,6.7231,4.0000,96.0000,AG03-UNRESOLVED,ALL5_LEVELS_bet23_to_bet27,6.7231,6.7231,8.4038,8.4038,8.4038,4.000000,4.000000,5.000000,5.000000,5.000000,96.000000,96.000000,95.000000,95.000000,95.000000,5.0,38.6576,35.2698,129.4191,132.807,PENDING_AG03,FALSE,NOT_FOR_ENFORCEMENT,161.3537,8691.2747,168.0767,161.3537,6.7231,0.01514225,0.01453656,6.7231,161.3537,0.01453656,6.7231,6.7231,8.4038,8.4038,8.4038,161.3537,0.01453656,38.6576,35.2698,129.4191,132.807,0.01165953,0.01196475,0.00060569,9.5442,9.5299,0.1769,12.9290,0.4060,853.8349,73.0769,,9.5442,3.6002,6.4289,12.8578,18.0009,25.7155,38.239,5.4003,0.0,4.0,5.947999,1.484574,29,143,4,2,0E-8,0.01514225,,0E-8,0.000000,0.815633,0.000000,,2026-06-02,2026-06-22,13,414,195,21,0.619048,,,0.000000,,,,,,,,GLOBAL_BASELINE_NO_ENTITY_RANKING,,,NOT_APPLICABLE_GLOBAL_BASELINE,HF9g-P5,,,,X 全窗基线 · 不参与实体赏罚,6872606,688,A168_HF9F_20260827_0900,2026-08-27 09:00:00
2026-06-10,150916076,1994,0,47.0594286008,-30.2286111040,-30.2286111040,0.6000000,5,5,0.49860758000000000,0.498607580000,0.4534424453485946,0.4534424453485946,0.4534424453485946,0E-17,ELIGIBLE,R03b_20260811_FULL_v1,L1_ELIGIBILITY,v2026-08-11,2026-03-21..2026-08-06,baccarat_bet02_101_all_pairs_incl_sentinel,round_win = game_pnl > 0 (decisive only),COMPATIBILITY_ONLY_NOT_PRODUCTION,11099.8534,9053.4112,168.0767,1163,950,-0.01514225,,-0.01514225,-0.01514225,-168.0767,11099.8534,OK,0.0000,6.7231,4.0000,96.0000,AG03-UNRESOLVED,ALL5_LEVELS_bet23_to_bet27,6.7231,6.7231,8.4038,8.4038,8.4038,4.000000,4.000000,5.000000,5.000000,5.000000,96.000000,96.000000,95.000000,95.000000,95.000000,5.0,38.6576,35.2698,129.4191,132.807,PENDING_AG03,FALSE,NOT_FOR_ENFORCEMENT,161.3537,8691.2747,168.0767,161.3537,6.7231,0.01514225,0.01453656,6.7231,161.3537,0.01453656,6.7231,6.7231,8.4038,8.4038,8.4038,161.3537,0.01453656,38.6576,35.2698,129.4191,132.807,0.01165953,0.01196475,0.00060569,9.5442,9.5299,0.1769,12.9290,0.4060,853.8349,73.0769,,9.5442,3.6002,6.4289,12.8578,18.0009,25.7155,38.239,5.4003,0.0,4.0,5.947999,1.484574,29,143,4,2,0E-8,0.01514225,,0E-8,0.000000,0.815633,0.000000,,2026-06-02,2026-06-22,13,414,195,21,0.619048,,,0.000000,,,,,,,,GLOBAL_BASELINE_NO_ENTITY_RANKING,,,NOT_APPLICABLE_GLOBAL_BASELINE,HF9g-P5,,,,X 全窗基线 · 不参与实体赏罚,6872607,688,A168_HF9F_20260827_0900,2026-08-27 09:00:00
2026-06-10,150916076,2108,0,15.4293208528,9.6433255329,9.6433255329,1.0000000,2,1,0.50441649999997104,0.499948100000,0.9912056686236487,1.0001038053877793,0.9912056686236487,0.00446839999997104,ELIGIBLE,R03b_20260811_FULL_v1,L1_ELIGIBILITY,v2026-08-11,2026-03-21..2026-08-06,baccarat_bet02_101_all_pairs_incl_sentinel,round_win = game_pnl > 0 (decisive only),COMPATIBILITY_ONLY_NOT_PRODUCTION,11099.8534,9053.4112,168.0767,1163,950,-0.01514225,,-0.01514225,-0.01514225,-168.0767,11099.8534,OK,0.0000,6.7231,4.0000,96.0000,AG03-UNRESOLVED,ALL5_LEVELS_bet23_to_bet27,6.7231,6.7231,8.4038,8.4038,8.4038,4.000000,4.000000,5.000000,5.000000,5.000000,96.000000,96.000000,95.000000,95.000000,95.000000,5.0,38.6576,35.2698,129.4191,132.807,PENDING_AG03,FALSE,NOT_FOR_ENFORCEMENT,161.3537,8691.2747,168.0767,161.3537,6.7231,0.01514225,0.01453656,6.7231,161.3537,0.01453656,6.7231,6.7231,8.4038,8.4038,8.4038,161.3537,0.01453656,38.6576,35.2698,129.4191,132.807,0.01165953,0.01196475,0.00060569,9.5442,9.5299,0.1769,12.9290,0.4060,853.8349,73.0769,,9.5442,3.6002,6.4289,12.8578,18.0009,25.7155,38.239,5.4003,0.0,4.0,5.947999,1.484574,29,143,4,2,0E-8,0.01514225,,0E-8,0.000000,0.815633,0.000000,,2026-06-02,2026-06-22,13,414,195,21,0.619048,,,0.000000,,,,,,,,GLOBAL_BASELINE_NO_ENTITY_RANKING,,,NOT_APPLICABLE_GLOBAL_BASELINE,HF9g-P5,,,,X 全窗基线 · 不参与实体赏罚,6872608,688,A168_HF9F_20260827_0900,2026-08-27 09:00:00
2026-06-10,150916076,2134,0,63.5173708437,36.2589040039,36.2589040039,0.6666667,3,3,0.49771390000000000,0.497713900000,0.5852756695216578,0.5852756695216578,0.5852756695216578,0E-17,ELIGIBLE,R03b_20260811_FULL_v1,L1_ELIGIBILITY,v2026-08-11,2026-03-21..2026-08-06,baccarat_bet02_101_all_pairs_incl_sentinel,round_win = game_pnl > 0 (decisive only),COMPATIBILITY_ONLY_NOT_PRODUCTION,11099.8534,9053.4112,168.0767,1163,950,-0.01514225,,-0.01514225,-0.01514225,-168.0767,11099.8534,OK,0.0000,6.7231,4.0000,96.0000,AG03-UNRESOLVED,ALL5_LEVELS_bet23_to_bet27,6.7231,6.7231,8.4038,8.4038,8.4038,4.000000,4.000000,5.000000,5.000000,5.000000,96.000000,96.000000,95.000000,95.000000,95.000000,5.0,38.6576,35.2698,129.4191,132.807,PENDING_AG03,FALSE,NOT_FOR_ENFORCEMENT,161.3537,8691.2747,168.0767,161.3537,6.7231,0.01514225,0.01453656,6.7231,161.3537,0.01453656,6.7231,6.7231,8.4038,8.4038,8.4038,161.3537,0.01453656,38.6576,35.2698,129.4191,132.807,0.01165953,0.01196475,0.00060569,9.5442,9.5299,0.1769,12.9290,0.4060,853.8349,73.0769,,9.5442,3.6002,6.4289,12.8578,18.0009,25.7155,38.239,5.4003,0.0,4.0,5.947999,1.484574,29,143,4,2,0E-8,0.01514225,,0E-8,0.000000,0.815633,0.000000,,2026-06-02,2026-06-22,13,414,195,21,0.619048,,,0.000000,,,,,,,,GLOBAL_BASELINE_NO_ENTITY_RANKING,,,NOT_APPLICABLE_GLOBAL_BASELINE,HF9g-P5,,,,X 全窗基线 · 不参与实体赏罚,6872609,688,A168_HF9F_20260827_0900,2026-08-27 09:00:00
2026-06-10,150916076,2141,0,71.4891866177,65.4074626482,65.4074626482,1.0000000,6,5,0.49887568400000417,0.499948100000,2.2411017374080733,2.236300093403295,2.2411017374080733,-0.00107241599999583,ELIGIBLE,R03b_20260811_FULL_v1,L1_ELIGIBILITY,v2026-08-11,2026-03-21..2026-08-06,baccarat_bet02_101_all_pairs_incl_sentinel,round_win = game_pnl > 0 (decisive only),COMPATIBILITY_ONLY_NOT_PRODUCTION,11099.8534,9053.4112,168.0767,1163,950,-0.01514225,,-0.01514225,-0.01514225,-168.0767,11099.8534,OK,0.0000,6.7231,4.0000,96.0000,AG03-UNRESOLVED,ALL5_LEVELS_bet23_to_bet27,6.7231,6.7231,8.4038,8.4038,8.4038,4.000000,4.000000,5.000000,5.000000,5.000000,96.000000,96.000000,95.000000,95.000000,95.000000,5.0,38.6576,35.2698,129.4191,132.807,PENDING_AG03,FALSE,NOT_FOR_ENFORCEMENT,161.3537,8691.2747,168.0767,161.3537,6.7231,0.01514225,0.01453656,6.7231,161.3537,0.01453656,6.7231,6.7231,8.4038,8.4038,8.4038,161.3537,0.01453656,38.6576,35.2698,129.4191,132.807,0.01165953,0.01196475,0.00060569,9.5442,9.5299,0.1769,12.9290,0.4060,853.8349,73.0769,,9.5442,3.6002,6.4289,12.8578,18.0009,25.7155,38.239,5.4003,0.0,4.0,5.947999,1.484574,29,143,4,2,0E-8,0.01514225,,0E-8,0.000000,0.815633,0.000000,,2026-06-02,2026-06-22,13,414,195,21,0.619048,,,0.000000,,,,,,,,GLOBAL_BASELINE_NO_ENTITY_RANKING,,,NOT_APPLICABLE_GLOBAL_BASELINE,HF9g-P5,,,,X 全窗基线 · 不参与实体赏罚,6872610,688,A168_HF9F_20260827_0900,2026-08-27 09:00:00
2026-06-10,150916076,2142,0,50.6596034666,38.7404531076,38.7404531076,1.0000000,5,3,0.50241342413793265,0.502182300000,1.7237105411358455,1.7245075243964754,1.7237105411358455,0.00023112413793265,ELIGIBLE,R03b_20260811_FULL_v1,L1_ELIGIBILITY,v2026-08-11,2026-03-21..2026-08-06,baccarat_bet02_101_all_pairs_incl_sentinel,round_win = game_pnl > 0 (decisive only),COMPATIBILITY_ONLY_NOT_PRODUCTION,11099.8534,9053.4112,168.0767,1163,950,-0.01514225,,-0.01514225,-0.01514225,-168.0767,11099.8534,OK,0.0000,6.7231,4.0000,96.0000,AG03-UNRESOLVED,ALL5_LEVELS_bet23_to_bet27,6.7231,6.7231,8.4038,8.4038,8.4038,4.000000,4.000000,5.000000,5.000000,5.000000,96.000000,96.000000,95.000000,95.000000,95.000000,5.0,38.6576,35.2698,129.4191,132.807,PENDING_AG03,FALSE,NOT_FOR_ENFORCEMENT,161.3537,8691.2747,168.0767,161.3537,6.7231,0.01514225,0.01453656,6.7231,161.3537,0.01453656,6.7231,6.7231,8.4038,8.4038,8.4038,161.3537,0.01453656,38.6576,35.2698,129.4191,132.807,0.01165953,0.01196475,0.00060569,9.5442,9.5299,0.1769,12.9290,0.4060,853.8349,73.0769,,9.5442,3.6002,6.4289,12.8578,18.0009,25.7155,38.239,5.4003,0.0,4.0,5.947999,1.484574,29,143,4,2,0E-8,0.01514225,,0E-8,0.000000,0.815633,0.000000,,2026-06-02,2026-06-22,13,414,195,21,0.619048,,,0.000000,,,,,,,,GLOBAL_BASELINE_NO_ENTITY_RANKING,,,NOT_APPLICABLE_GLOBAL_BASELINE,HF9g-P5,,,,X 全窗基线 · 不参与实体赏罚,6872611,688,A168_HF9F_20260827_0900,2026-08-27 09:00:00
2026-06-10,150916076,2153,0,12.8577673773,-12.8577673773,-12.8577673773,0E-7,1,1,0.49324550000000000,0.493245500000,-0.9865810262130424,-0.9865810262130424,-0.9865810262130424,0E-17,ELIGIBLE,R03b_20260811_FULL_v1,L1_ELIGIBILITY,v2026-08-11,2026-03-21..2026-08-06,baccarat_bet02_101_all_pairs_incl_sentinel,round_win = game_pnl > 0 (decisive only),COMPATIBILITY_ONLY_NOT_PRODUCTION,11099.8534,9053.4112,168.0767,1163,950,-0.01514225,,-0.01514225,-0.01514225,-168.0767,11099.8534,OK,0.0000,6.7231,4.0000,96.0000,AG03-UNRESOLVED,ALL5_LEVELS_bet23_to_bet27,6.7231,6.7231,8.4038,8.4038,8.4038,4.000000,4.000000,5.000000,5.000000,5.000000,96.000000,96.000000,95.000000,95.000000,95.000000,5.0,38.6576,35.2698,129.4191,132.807,PENDING_AG03,FALSE,NOT_FOR_ENFORCEMENT,161.3537,8691.2747,168.0767,161.3537,6.7231,0.01514225,0.01453656,6.7231,161.3537,0.01453656,6.7231,6.7231,8.4038,8.4038,8.4038,161.3537,0.01453656,38.6576,35.2698,129.4191,132.807,0.01165953,0.01196475,0.00060569,9.5442,9.5299,0.1769,12.9290,0.4060,853.8349,73.0769,,9.5442,3.6002,6.4289,12.8578,18.0009,25.7155,38.239,5.4003,0.0,4.0,5.947999,1.484574,29,143,4,2,0E-8,0.01514225,,0E-8,0.000000,0.815633,0.000000,,2026-06-02,2026-06-22,13,414,195,21,0.619048,,,0.000000,,,,,,,,GLOBAL_BASELINE_NO_ENTITY_RANKING,,,NOT_APPLICABLE_GLOBAL_BASELINE,HF9g-P5,,,,X 全窗基线 · 不参与实体赏罚,6872612,688,A168_HF9F_20260827_0900,2026-08-27 09:00:00
2026-06-10,150916076,2156,0,52.7168462468,-52.7168462468,-52.7168462468,0E-7,1,1,0.49324550000000000,0.493245500000,-0.9865810262130424,-0.9865810262130424,-0.9865810262130424,0E-17,ELIGIBLE,R03b_20260811_FULL_v1,L1_ELIGIBILITY,v2026-08-11,2026-03-21..2026-08-06,baccarat_bet02_101_all_pairs_incl_sentinel,round_win = game_pnl > 0 (decisive only),COMPATIBILITY_ONLY_NOT_PRODUCTION,11099.8534,9053.4112,168.0767,1163,950,-0.01514225,,-0.01514225,-0.01514225,-168.0767,11099.8534,OK,0.0000,6.7231,4.0000,96.0000,AG03-UNRESOLVED,ALL5_LEVELS_bet23_to_bet27,6.7231,6.7231,8.4038,8.4038,8.4038,4.000000,4.000000,5.000000,5.000000,5.000000,96.000000,96.000000,95.000000,95.000000,95.000000,5.0,38.6576,35.2698,129.4191,132.807,PENDING_AG03,FALSE,NOT_FOR_ENFORCEMENT,161.3537,8691.2747,168.0767,161.3537,6.7231,0.01514225,0.01453656,6.7231,161.3537,0.01453656,6.7231,6.7231,8.4038,8.4038,8.4038,161.3537,0.01453656,38.6576,35.2698,129.4191,132.807,0.01165953,0.01196475,0.00060569,9.5442,9.5299,0.1769,12.9290,0.4060,853.8349,73.0769,,9.5442,3.6002,6.4289,12.8578,18.0009,25.7155,38.239,5.4003,0.0,4.0,5.947999,1.484574,29,143,4,2,0E-8,0.01514225,,0E-8,0.000000,0.815633,0.000000,,2026-06-02,2026-06-22,13,414,195,21,0.619048,,,0.000000,,,,,,,,GLOBAL_BASELINE_NO_ENTITY_RANKING,,,NOT_APPLICABLE_GLOBAL_BASELINE,HF9g-P5,,,,X 全窗基线 · 不参与实体赏罚,6872613,688,A168_HF9F_20260827_0900,2026-08-27 09:00:00
2026-06-10,150916076,2201,0,16.7150975905,-11.7005683133,-11.7005683133,0E-7,2,1,0.49530783846156931,0.499948100000,-0.9906592993465447,-0.9998962053866608,-0.9906592993465447,-0.00464026153843069,ELIGIBLE,R03b_20260811_FULL_v1,L1_ELIGIBILITY,v2026-08-11,2026-03-21..2026-08-06,baccarat_bet02_101_all_pairs_incl_sentinel,round_win = game_pnl > 0 (decisive only),COMPATIBILITY_ONLY_NOT_PRODUCTION,11099.8534,9053.4112,168.0767,1163,950,-0.01514225,,-0.01514225,-0.01514225,-168.0767,11099.8534,OK,0.0000,6.7231,4.0000,96.0000,AG03-UNRESOLVED,ALL5_LEVELS_bet23_to_bet27,6.7231,6.7231,8.4038,8.4038,8.4038,4.000000,4.000000,5.000000,5.000000,5.000000,96.000000,96.000000,95.000000,95.000000,95.000000,5.0,38.6576,35.2698,129.4191,132.807,PENDING_AG03,FALSE,NOT_FOR_ENFORCEMENT,161.3537,8691.2747,168.0767,161.3537,6.7231,0.01514225,0.01453656,6.7231,161.3537,0.01453656,6.7231,6.7231,8.4038,8.4038,8.4038,161.3537,0.01453656,38.6576,35.2698,129.4191,132.807,0.01165953,0.01196475,0.00060569,9.5442,9.5299,0.1769,12.9290,0.4060,853.8349,73.0769,,9.5442,3.6002,6.4289,12.8578,18.0009,25.7155,38.239,5.4003,0.0,4.0,5.947999,1.484574,29,143,4,2,0E-8,0.01514225,,0E-8,0.000000,0.815633,0.000000,,2026-06-02,2026-06-22,13,414,195,21,0.619048,,,0.000000,,,,,,,,GLOBAL_BASELINE_NO_ENTITY_RANKING,,,NOT_APPLICABLE_GLOBAL_BASELINE,HF9g-P5,,,,X 全窗基线 · 不参与实体赏罚,6872614,688,A168_HF9F_20260827_0900,2026-08-27 09:00:00
2026-06-10,150916076,2216,0,30.3443310105,14.5035616016,14.5035616016,0.6666667,5,3,0.49962892857139941,0.497713900000,0.578635857674172,0.5852756695216578,0.578635857674172,0.00191502857139941,ELIGIBLE,R03b_20260811_FULL_v1,L1_ELIGIBILITY,v2026-08-11,2026-03-21..2026-08-06,baccarat_bet02_101_all_pairs_incl_sentinel,round_win = game_pnl > 0 (decisive only),COMPATIBILITY_ONLY_NOT_PRODUCTION,11099.8534,9053.4112,168.0767,1163,950,-0.01514225,,-0.01514225,-0.01514225,-168.0767,11099.8534,OK,0.0000,6.7231,4.0000,96.0000,AG03-UNRESOLVED,ALL5_LEVELS_bet23_to_bet27,6.7231,6.7231,8.4038,8.4038,8.4038,4.000000,4.000000,5.000000,5.000000,5.000000,96.000000,96.000000,95.000000,95.000000,95.000000,5.0,38.6576,35.2698,129.4191,132.807,PENDING_AG03,FALSE,NOT_FOR_ENFORCEMENT,161.3537,8691.2747,168.0767,161.3537,6.7231,0.01514225,0.01453656,6.7231,161.3537,0.01453656,6.7231,6.7231,8.4038,8.4038,8.4038,161.3537,0.01453656,38.6576,35.2698,129.4191,132.807,0.01165953,0.01196475,0.00060569,9.5442,9.5299,0.1769,12.9290,0.4060,853.8349,73.0769,,9.5442,3.6002,6.4289,12.8578,18.0009,25.7155,38.239,5.4003,0.0,4.0,5.947999,1.484574,29,143,4,2,0E-8,0.01514225,,0E-8,0.000000,0.815633,0.000000,,2026-06-02,2026-06-22,13,414,195,21,0.619048,,,0.000000,,,,,,,,GLOBAL_BASELINE_NO_ENTITY_RANKING,,,NOT_APPLICABLE_GLOBAL_BASELINE,HF9g-P5,,,,X 全窗基线 · 不参与实体赏罚,6872615,688,A168_HF9F_20260827_0900,2026-08-27 09:00:00
2026-06-10,150916076,2222,0,38.5733021318,37.9304137629,37.9304137629,1.0000000,2,2,0.49994810000000000,0.499948100000,1.4143603653603398,1.4143603653603398,1.4143603653603398,0E-17,ELIGIBLE,R03b_20260811_FULL_v1,L1_ELIGIBILITY,v2026-08-11,2026-03-21..2026-08-06,baccarat_bet02_101_all_pairs_incl_sentinel,round_win = game_pnl > 0 (decisive only),COMPATIBILITY_ONLY_NOT_PRODUCTION,11099.8534,9053.4112,168.0767,1163,950,-0.01514225,,-0.01514225,-0.01514225,-168.0767,11099.8534,OK,0.0000,6.7231,4.0000,96.0000,AG03-UNRESOLVED,ALL5_LEVELS_bet23_to_bet27,6.7231,6.7231,8.4038,8.4038,8.4038,4.000000,4.000000,5.000000,5.000000,5.000000,96.000000,96.000000,95.000000,95.000000,95.000000,5.0,38.6576,35.2698,129.4191,132.807,PENDING_AG03,FALSE,NOT_FOR_ENFORCEMENT,161.3537,8691.2747,168.0767,161.3537,6.7231,0.01514225,0.01453656,6.7231,161.3537,0.01453656,6.7231,6.7231,8.4038,8.4038,8.4038,161.3537,0.01453656,38.6576,35.2698,129.4191,132.807,0.01165953,0.01196475,0.00060569,9.5442,9.5299,0.1769,12.9290,0.4060,853.8349,73.0769,,9.5442,3.6002,6.4289,12.8578,18.0009,25.7155,38.239,5.4003,0.0,4.0,5.947999,1.484574,29,143,4,2,0E-8,0.01514225,,0E-8,0.000000,0.815633,0.000000,,2026-06-02,2026-06-22,13,414,195,21,0.619048,,,0.000000,,,,,,,,GLOBAL_BASELINE_NO_ENTITY_RANKING,,,NOT_APPLICABLE_GLOBAL_BASELINE,HF9g-P5,,,,X 全窗基线 · 不参与实体赏罚,6872616,688,A168_HF9F_20260827_0900,2026-08-27 09:00:00
2026-06-10,150916076,2223,0,30.8586417055,-5.1431069509,-5.1431069509,0.3333333,3,3,0.49324550000000000,0.493245500000,-0.5540025479526107,-0.5540025479526106,-0.5540025479526107,0E-17,ELIGIBLE,R03b_20260811_FULL_v1,L1_ELIGIBILITY,v2026-08-11,2026-03-21..2026-08-06,baccarat_bet02_101_all_pairs_incl_sentinel,round_win = game_pnl > 0 (decisive only),COMPATIBILITY_ONLY_NOT_PRODUCTION,11099.8534,9053.4112,168.0767,1163,950,-0.01514225,,-0.01514225,-0.01514225,-168.0767,11099.8534,OK,0.0000,6.7231,4.0000,96.0000,AG03-UNRESOLVED,ALL5_LEVELS_bet23_to_bet27,6.7231,6.7231,8.4038,8.4038,8.4038,4.000000,4.000000,5.000000,5.000000,5.000000,96.000000,96.000000,95.000000,95.000000,95.000000,5.0,38.6576,35.2698,129.4191,132.807,PENDING_AG03,FALSE,NOT_FOR_ENFORCEMENT,161.3537,8691.2747,168.0767,161.3537,6.7231,0.01514225,0.01453656,6.7231,161.3537,0.01453656,6.7231,6.7231,8.4038,8.4038,8.4038,161.3537,0.01453656,38.6576,35.2698,129.4191,132.807,0.01165953,0.01196475,0.00060569,9.5442,9.5299,0.1769,12.9290,0.4060,853.8349,73.0769,,9.5442,3.6002,6.4289,12.8578,18.0009,25.7155,38.239,5.4003,0.0,4.0,5.947999,1.484574,29,143,4,2,0E-8,0.01514225,,0E-8,0.000000,0.815633,0.000000,,2026-06-02,2026-06-22,13,414,195,21,0.619048,,,0.000000,,,,,,,,GLOBAL_BASELINE_NO_ENTITY_RANKING,,,NOT_APPLICABLE_GLOBAL_BASELINE,HF9g-P5,,,,X 全窗基线 · 不参与实体赏罚,6872617,688,A168_HF9F_20260827_0900,2026-08-27 09:00:00
2026-06-10,150916076,2229,0,19.5438064135,13.6806644894,13.6806644894,1.0000000,3,2,0.49893255454543660,0.496596800000,1.4172359837648167,1.423872247868481,1.4172359837648167,0.00233575454543660,ELIGIBLE,R03b_20260811_FULL_v1,L1_ELIGIBILITY,v2026-08-11,2026-03-21..2026-08-06,baccarat_bet02_101_all_pairs_incl_sentinel,round_win = game_pnl > 0 (decisive only),COMPATIBILITY_ONLY_NOT_PRODUCTION,11099.8534,9053.4112,168.0767,1163,950,-0.01514225,,-0.01514225,-0.01514225,-168.0767,11099.8534,OK,0.0000,6.7231,4.0000,96.0000,AG03-UNRESOLVED,ALL5_LEVELS_bet23_to_bet27,6.7231,6.7231,8.4038,8.4038,8.4038,4.000000,4.000000,5.000000,5.000000,5.000000,96.000000,96.000000,95.000000,95.000000,95.000000,5.0,38.6576,35.2698,129.4191,132.807,PENDING_AG03,FALSE,NOT_FOR_ENFORCEMENT,161.3537,8691.2747,168.0767,161.3537,6.7231,0.01514225,0.01453656,6.7231,161.3537,0.01453656,6.7231,6.7231,8.4038,8.4038,8.4038,161.3537,0.01453656,38.6576,35.2698,129.4191,132.807,0.01165953,0.01196475,0.00060569,9.5442,9.5299,0.1769,12.9290,0.4060,853.8349,73.0769,,9.5442,3.6002,6.4289,12.8578,18.0009,25.7155,38.239,5.4003,0.0,4.0,5.947999,1.484574,29,143,4,2,0E-8,0.01514225,,0E-8,0.000000,0.815633,0.000000,,2026-06-02,2026-06-22,13,414,195,21,0.619048,,,0.000000,,,,,,,,GLOBAL_BASELINE_NO_ENTITY_RANKING,,,NOT_APPLICABLE_GLOBAL_BASELINE,HF9g-P5,,,,X 全窗基线 · 不参与实体赏罚,6872618,688,A168_HF9F_20260827_0900,2026-08-27 09:00:00
2026-06-10,150916076,2235,0,142.4640625401,-13.1149227249,-13.1149227249,0.5000000,5,5,0.50128862000000000,0.501288620000,-0.0051544971185412255,-0.0051544971185412255,-0.0051544971185412255,0E-17,ELIGIBLE,R03b_20260811_FULL_v1,L1_ELIGIBILITY,v2026-08-11,2026-03-21..2026-08-06,baccarat_bet02_101_all_pairs_incl_sentinel,round_win = game_pnl > 0 (decisive only),COMPATIBILITY_ONLY_NOT_PRODUCTION,11099.8534,9053.4112,168.0767,1163,950,-0.01514225,,-0.01514225,-0.01514225,-168.0767,11099.8534,OK,0.0000,6.7231,4.0000,96.0000,AG03-UNRESOLVED,ALL5_LEVELS_bet23_to_bet27,6.7231,6.7231,8.4038,8.4038,8.4038,4.000000,4.000000,5.000000,5.000000,5.000000,96.000000,96.000000,95.000000,95.000000,95.000000,5.0,38.6576,35.2698,129.4191,132.807,PENDING_AG03,FALSE,NOT_FOR_ENFORCEMENT,161.3537,8691.2747,168.0767,161.3537,6.7231,0.01514225,0.01453656,6.7231,161.3537,0.01453656,6.7231,6.7231,8.4038,8.4038,8.4038,161.3537,0.01453656,38.6576,35.2698,129.4191,132.807,0.01165953,0.01196475,0.00060569,9.5442,9.5299,0.1769,12.9290,0.4060,853.8349,73.0769,,9.5442,3.6002,6.4289,12.8578,18.0009,25.7155,38.239,5.4003,0.0,4.0,5.947999,1.484574,29,143,4,2,0E-8,0.01514225,,0E-8,0.000000,0.815633,0.000000,,2026-06-02,2026-06-22,13,414,195,21,0.619048,,,0.000000,,,,,,,,GLOBAL_BASELINE_NO_ENTITY_RANKING,,,NOT_APPLICABLE_GLOBAL_BASELINE,HF9g-P5,,,,X 全窗基线 · 不参与实体赏罚,6872619,688,A168_HF9F_20260827_0900,2026-08-27 09:00:00
2026-06-10,150916076,2239,0,25.7155347546,0E-10,0E-10,0.5000000,2,2,0.49324550000000000,0.493245500000,0.01910635448239258,0.01910635448239258,0.01910635448239258,0E-17,ELIGIBLE,R03b_20260811_FULL_v1,L1_ELIGIBILITY,v2026-08-11,2026-03-21..2026-08-06,baccarat_bet02_101_all_pairs_incl_sentinel,round_win = game_pnl > 0 (decisive only),COMPATIBILITY_ONLY_NOT_PRODUCTION,11099.8534,9053.4112,168.0767,1163,950,-0.01514225,,-0.01514225,-0.01514225,-168.0767,11099.8534,OK,0.0000,6.7231,4.0000,96.0000,AG03-UNRESOLVED,ALL5_LEVELS_bet23_to_bet27,6.7231,6.7231,8.4038,8.4038,8.4038,4.000000,4.000000,5.000000,5.000000,5.000000,96.000000,96.000000,95.000000,95.000000,95.000000,5.0,38.6576,35.2698,129.4191,132.807,PENDING_AG03,FALSE,NOT_FOR_ENFORCEMENT,161.3537,8691.2747,168.0767,161.3537,6.7231,0.01514225,0.01453656,6.7231,161.3537,0.01453656,6.7231,6.7231,8.4038,8.4038,8.4038,161.3537,0.01453656,38.6576,35.2698,129.4191,132.807,0.01165953,0.01196475,0.00060569,9.5442,9.5299,0.1769,12.9290,0.4060,853.8349,73.0769,,9.5442,3.6002,6.4289,12.8578,18.0009,25.7155,38.239,5.4003,0.0,4.0,5.947999,1.484574,29,143,4,2,0E-8,0.01514225,,0E-8,0.000000,0.815633,0.000000,,2026-06-02,2026-06-22,13,414,195,21,0.619048,,,0.000000,,,,,,,,GLOBAL_BASELINE_NO_ENTITY_RANKING,,,NOT_APPLICABLE_GLOBAL_BASELINE,HF9g-P5,,,,X 全窗基线 · 不参与实体赏罚,6872620,688,A168_HF9F_20260827_0900,2026-08-27 09:00:00
2026-06-10,150916076,2244,0,38.5733021319,0E-10,0E-10,0.5000000,3,3,0.49324550000000000,0.493245500000,0.01910635448239258,0.01910635448239258,0.01910635448239258,0E-17,ELIGIBLE,R03b_20260811_FULL_v1,L1_ELIGIBILITY,v2026-08-11,2026-03-21..2026-08-06,baccarat_bet02_101_all_pairs_incl_sentinel,round_win = game_pnl > 0 (decisive only),COMPATIBILITY_ONLY_NOT_PRODUCTION,11099.8534,9053.4112,168.0767,1163,950,-0.01514225,,-0.01514225,-0.01514225,-168.0767,11099.8534,OK,0.0000,6.7231,4.0000,96.0000,AG03-UNRESOLVED,ALL5_LEVELS_bet23_to_bet27,6.7231,6.7231,8.4038,8.4038,8.4038,4.000000,4.000000,5.000000,5.000000,5.000000,96.000000,96.000000,95.000000,95.000000,95.000000,5.0,38.6576,35.2698,129.4191,132.807,PENDING_AG03,FALSE,NOT_FOR_ENFORCEMENT,161.3537,8691.2747,168.0767,161.3537,6.7231,0.01514225,0.01453656,6.7231,161.3537,0.01453656,6.7231,6.7231,8.4038,8.4038,8.4038,161.3537,0.01453656,38.6576,35.2698,129.4191,132.807,0.01165953,0.01196475,0.00060569,9.5442,9.5299,0.1769,12.9290,0.4060,853.8349,73.0769,,9.5442,3.6002,6.4289,12.8578,18.0009,25.7155,38.239,5.4003,0.0,4.0,5.947999,1.484574,29,143,4,2,0E-8,0.01514225,,0E-8,0.000000,0.815633,0.000000,,2026-06-02,2026-06-22,13,414,195,21,0.619048,,,0.000000,,,,,,,,GLOBAL_BASELINE_NO_ENTITY_RANKING,,,NOT_APPLICABLE_GLOBAL_BASELINE,HF9g-P5,,,,X 全窗基线 · 不参与实体赏罚,6872621,688,A168_HF9F_20260827_0900,2026-08-27 09:00:00
2026-06-10,150916076,2248,0,5.9145729935,-5.9145729935,-5.9145729935,0E-7,1,1,0.50665070000000000,0.506650700000,-1.013391052207602,-1.013391052207602,-1.013391052207602,0E-17,ELIGIBLE,R03b_20260811_FULL_v1,L1_ELIGIBILITY,v2026-08-11,2026-03-21..2026-08-06,baccarat_bet02_101_all_pairs_incl_sentinel,round_win = game_pnl > 0 (decisive only),COMPATIBILITY_ONLY_NOT_PRODUCTION,11099.8534,9053.4112,168.0767,1163,950,-0.01514225,,-0.01514225,-0.01514225,-168.0767,11099.8534,OK,0.0000,6.7231,4.0000,96.0000,AG03-UNRESOLVED,ALL5_LEVELS_bet23_to_bet27,6.7231,6.7231,8.4038,8.4038,8.4038,4.000000,4.000000,5.000000,5.000000,5.000000,96.000000,96.000000,95.000000,95.000000,95.000000,5.0,38.6576,35.2698,129.4191,132.807,PENDING_AG03,FALSE,NOT_FOR_ENFORCEMENT,161.3537,8691.2747,168.0767,161.3537,6.7231,0.01514225,0.01453656,6.7231,161.3537,0.01453656,6.7231,6.7231,8.4038,8.4038,8.4038,161.3537,0.01453656,38.6576,35.2698,129.4191,132.807,0.01165953,0.01196475,0.00060569,9.5442,9.5299,0.1769,12.9290,0.4060,853.8349,73.0769,,9.5442,3.6002,6.4289,12.8578,18.0009,25.7155,38.239,5.4003,0.0,4.0,5.947999,1.484574,29,143,4,2,0E-8,0.01514225,,0E-8,0.000000,0.815633,0.000000,,2026-06-02,2026-06-22,13,414,195,21,0.619048,,,0.000000,,,,,,,,GLOBAL_BASELINE_NO_ENTITY_RANKING,,,NOT_APPLICABLE_GLOBAL_BASELINE,HF9g-P5,,,,X 全窗基线 · 不参与实体赏罚,6872622,688,A168_HF9F_20260827_0900,2026-08-27 09:00:00
2026-06-10,150916076,2251,0,33.1730398335,20.1866947824,20.1866947824,1.0000000,4,4,0.49994810000000000,0.499948100000,1.7322306037746105,1.7322306037746105,1.7322306037746105,0E-17,ELIGIBLE,R03b_20260811_FULL_v1,L1_ELIGIBILITY,v2026-08-11,2026-03-21..2026-08-06,baccarat_bet02_101_all_pairs_incl_sentinel,round_win = game_pnl > 0 (decisive only),COMPATIBILITY_ONLY_NOT_PRODUCTION,11099.8534,9053.4112,168.0767,1163,950,-0.01514225,,-0.01514225,-0.01514225,-168.0767,11099.8534,OK,0.0000,6.7231,4.0000,96.0000,AG03-UNRESOLVED,ALL5_LEVELS_bet23_to_bet27,6.7231,6.7231,8.4038,8.4038,8.4038,4.000000,4.000000,5.000000,5.000000,5.000000,96.000000,96.000000,95.000000,95.000000,95.000000,5.0,38.6576,35.2698,129.4191,132.807,PENDING_AG03,FALSE,NOT_FOR_ENFORCEMENT,161.3537,8691.2747,168.0767,161.3537,6.7231,0.01514225,0.01453656,6.7231,161.3537,0.01453656,6.7231,6.7231,8.4038,8.4038,8.4038,161.3537,0.01453656,38.6576,35.2698,129.4191,132.807,0.01165953,0.01196475,0.00060569,9.5442,9.5299,0.1769,12.9290,0.4060,853.8349,73.0769,,9.5442,3.6002,6.4289,12.8578,18.0009,25.7155,38.239,5.4003,0.0,4.0,5.947999,1.484574,29,143,4,2,0E-8,0.01514225,,0E-8,0.000000,0.815633,0.000000,,2026-06-02,2026-06-22,13,414,195,21,0.619048,,,0.000000,,,,,,,,GLOBAL_BASELINE_NO_ENTITY_RANKING,,,NOT_APPLICABLE_GLOBAL_BASELINE,HF9g-P5,,,,X 全窗基线 · 不参与实体赏罚,6872623,688,A168_HF9F_20260827_0900,2026-08-27 09:00:00
2026-06-10,150916076,2252,0,38.5733021318,-38.5733021318,-38.5733021318,0E-7,2,2,0.49324550000000000,0.493245500000,-1.3952362676504506,-1.3952362676504506,-1.3952362676504506,0E-17,ELIGIBLE,R03b_20260811_FULL_v1,L1_ELIGIBILITY,v2026-08-11,2026-03-21..2026-08-06,baccarat_bet02_101_all_pairs_incl_sentinel,round_win = game_pnl > 0 (decisive only),COMPATIBILITY_ONLY_NOT_PRODUCTION,11099.8534,9053.4112,168.0767,1163,950,-0.01514225,,-0.01514225,-0.01514225,-168.0767,11099.8534,OK,0.0000,6.7231,4.0000,96.0000,AG03-UNRESOLVED,ALL5_LEVELS_bet23_to_bet27,6.7231,6.7231,8.4038,8.4038,8.4038,4.000000,4.000000,5.000000,5.000000,5.000000,96.000000,96.000000,95.000000,95.000000,95.000000,5.0,38.6576,35.2698,129.4191,132.807,PENDING_AG03,FALSE,NOT_FOR_ENFORCEMENT,161.3537,8691.2747,168.0767,161.3537,6.7231,0.01514225,0.01453656,6.7231,161.3537,0.01453656,6.7231,6.7231,8.4038,8.4038,8.4038,161.3537,0.01453656,38.6576,35.2698,129.4191,132.807,0.01165953,0.01196475,0.00060569,9.5442,9.5299,0.1769,12.9290,0.4060,853.8349,73.0769,,9.5442,3.6002,6.4289,12.8578,18.0009,25.7155,38.239,5.4003,0.0,4.0,5.947999,1.484574,29,143,4,2,0E-8,0.01514225,,0E-8,0.000000,0.815633,0.000000,,2026-06-02,2026-06-22,13,414,195,21,0.619048,,,0.000000,,,,,,,,GLOBAL_BASELINE_NO_ENTITY_RANKING,,,NOT_APPLICABLE_GLOBAL_BASELINE,HF9g-P5,,,,X 全窗基线 · 不参与实体赏罚,6872624,688,A168_HF9F_20260827_0900,2026-08-27 09:00:00
2026-06-10,150916076,2256,0,20.0581171085,7.5217939157,7.5217939157,0.5000000,2,2,0.50665070000000000,0.506650700000,-0.018812684590367487,-0.018812684590367487,-0.018812684590367487,0E-17,ELIGIBLE,R03b_20260811_FULL_v1,L1_ELIGIBILITY,v2026-08-11,2026-03-21..2026-08-06,baccarat_bet02_101_all_pairs_incl_sentinel,round_win = game_pnl > 0 (decisive only),COMPATIBILITY_ONLY_NOT_PRODUCTION,11099.8534,9053.4112,168.0767,1163,950,-0.01514225,,-0.01514225,-0.01514225,-168.0767,11099.8534,OK,0.0000,6.7231,4.0000,96.0000,AG03-UNRESOLVED,ALL5_LEVELS_bet23_to_bet27,6.7231,6.7231,8.4038,8.4038,8.4038,4.000000,4.000000,5.000000,5.000000,5.000000,96.000000,96.000000,95.000000,95.000000,95.000000,5.0,38.6576,35.2698,129.4191,132.807,PENDING_AG03,FALSE,NOT_FOR_ENFORCEMENT,161.3537,8691.2747,168.0767,161.3537,6.7231,0.01514225,0.01453656,6.7231,161.3537,0.01453656,6.7231,6.7231,8.4038,8.4038,8.4038,161.3537,0.01453656,38.6576,35.2698,129.4191,132.807,0.01165953,0.01196475,0.00060569,9.5442,9.5299,0.1769,12.9290,0.4060,853.8349,73.0769,,9.5442,3.6002,6.4289,12.8578,18.0009,25.7155,38.239,5.4003,0.0,4.0,5.947999,1.484574,29,143,4,2,0E-8,0.01514225,,0E-8,0.000000,0.815633,0.000000,,2026-06-02,2026-06-22,13,414,195,21,0.619048,,,0.000000,,,,,,,,GLOBAL_BASELINE_NO_ENTITY_RANKING,,,NOT_APPLICABLE_GLOBAL_BASELINE,HF9g-P5,,,,X 全窗基线 · 不参与实体赏罚,6872625,688,A168_HF9F_20260827_0900,2026-08-27 09:00:00
2026-06-10,150916076,2261,0,27.0013114923,-11.5719906395,-11.5719906395,0.2500000,5,4,0.49883100000000000,0.498272450000,-0.9953267203530741,-0.9930957276650746,-0.9953267203530741,0.00055855000000000,ELIGIBLE,R03b_20260811_FULL_v1,L1_ELIGIBILITY,v2026-08-11,2026-03-21..2026-08-06,baccarat_bet02_101_all_pairs_incl_sentinel,round_win = game_pnl > 0 (decisive only),COMPATIBILITY_ONLY_NOT_PRODUCTION,11099.8534,9053.4112,168.0767,1163,950,-0.01514225,,-0.01514225,-0.01514225,-168.0767,11099.8534,OK,0.0000,6.7231,4.0000,96.0000,AG03-UNRESOLVED,ALL5_LEVELS_bet23_to_bet27,6.7231,6.7231,8.4038,8.4038,8.4038,4.000000,4.000000,5.000000,5.000000,5.000000,96.000000,96.000000,95.000000,95.000000,95.000000,5.0,38.6576,35.2698,129.4191,132.807,PENDING_AG03,FALSE,NOT_FOR_ENFORCEMENT,161.3537,8691.2747,168.0767,161.3537,6.7231,0.01514225,0.01453656,6.7231,161.3537,0.01453656,6.7231,6.7231,8.4038,8.4038,8.4038,161.3537,0.01453656,38.6576,35.2698,129.4191,132.807,0.01165953,0.01196475,0.00060569,9.5442,9.5299,0.1769,12.9290,0.4060,853.8349,73.0769,,9.5442,3.6002,6.4289,12.8578,18.0009,25.7155,38.239,5.4003,0.0,4.0,5.947999,1.484574,29,143,4,2,0E-8,0.01514225,,0E-8,0.000000,0.815633,0.000000,,2026-06-02,2026-06-22,13,414,195,21,0.619048,,,0.000000,,,,,,,,GLOBAL_BASELINE_NO_ENTITY_RANKING,,,NOT_APPLICABLE_GLOBAL_BASELINE,HF9g-P5,,,,X 全窗基线 · 不参与实体赏罚,6872626,688,A168_HF9F_20260827_0900,2026-08-27 09:00:00
2026-06-10,150916076,2267,0,28.2870882300,21.8582045413,21.8582045413,1.0000000,2,1,0.50543204545452391,0.499948100000,0.9891942873583454,1.0001038053877793,0.9891942873583454,0.00548394545452391,ELIGIBLE,R03b_20260811_FULL_v1,L1_ELIGIBILITY,v2026-08-11,2026-03-21..2026-08-06,baccarat_bet02_101_all_pairs_incl_sentinel,round_win = game_pnl > 0 (decisive only),COMPATIBILITY_ONLY_NOT_PRODUCTION,11099.8534,9053.4112,168.0767,1163,950,-0.01514225,,-0.01514225,-0.01514225,-168.0767,11099.8534,OK,0.0000,6.7231,4.0000,96.0000,AG03-UNRESOLVED,ALL5_LEVELS_bet23_to_bet27,6.7231,6.7231,8.4038,8.4038,8.4038,4.000000,4.000000,5.000000,5.000000,5.000000,96.000000,96.000000,95.000000,95.000000,95.000000,5.0,38.6576,35.2698,129.4191,132.807,PENDING_AG03,FALSE,NOT_FOR_ENFORCEMENT,161.3537,8691.2747,168.0767,161.3537,6.7231,0.01514225,0.01453656,6.7231,161.3537,0.01453656,6.7231,6.7231,8.4038,8.4038,8.4038,161.3537,0.01453656,38.6576,35.2698,129.4191,132.807,0.01165953,0.01196475,0.00060569,9.5442,9.5299,0.1769,12.9290,0.4060,853.8349,73.0769,,9.5442,3.6002,6.4289,12.8578,18.0009,25.7155,38.239,5.4003,0.0,4.0,5.947999,1.484574,29,143,4,2,0E-8,0.01514225,,0E-8,0.000000,0.815633,0.000000,,2026-06-02,2026-06-22,13,414,195,21,0.619048,,,0.000000,,,,,,,,GLOBAL_BASELINE_NO_ENTITY_RANKING,,,NOT_APPLICABLE_GLOBAL_BASELINE,HF9g-P5,,,,X 全窗基线 · 不参与实体赏罚,6872627,688,A168_HF9F_20260827_0900,2026-08-27 09:00:00
2026-06-10,150916076,2271,0,48.8595160336,-48.8595160336,-48.8595160336,0E-7,1,1,0.50665070000000000,0.506650700000,-1.013391052207602,-1.013391052207602,-1.013391052207602,0E-17,ELIGIBLE,R03b_20260811_FULL_v1,L1_ELIGIBILITY,v2026-08-11,2026-03-21..2026-08-06,baccarat_bet02_101_all_pairs_incl_sentinel,round_win = game_pnl > 0 (decisive only),COMPATIBILITY_ONLY_NOT_PRODUCTION,11099.8534,9053.4112,168.0767,1163,950,-0.01514225,,-0.01514225,-0.01514225,-168.0767,11099.8534,OK,0.0000,6.7231,4.0000,96.0000,AG03-UNRESOLVED,ALL5_LEVELS_bet23_to_bet27,6.7231,6.7231,8.4038,8.4038,8.4038,4.000000,4.000000,5.000000,5.000000,5.000000,96.000000,96.000000,95.000000,95.000000,95.000000,5.0,38.6576,35.2698,129.4191,132.807,PENDING_AG03,FALSE,NOT_FOR_ENFORCEMENT,161.3537,8691.2747,168.0767,161.3537,6.7231,0.01514225,0.01453656,6.7231,161.3537,0.01453656,6.7231,6.7231,8.4038,8.4038,8.4038,161.3537,0.01453656,38.6576,35.2698,129.4191,132.807,0.01165953,0.01196475,0.00060569,9.5442,9.5299,0.1769,12.9290,0.4060,853.8349,73.0769,,9.5442,3.6002,6.4289,12.8578,18.0009,25.7155,38.239,5.4003,0.0,4.0,5.947999,1.484574,29,143,4,2,0E-8,0.01514225,,0E-8,0.000000,0.815633,0.000000,,2026-06-02,2026-06-22,13,414,195,21,0.619048,,,0.000000,,,,,,,,GLOBAL_BASELINE_NO_ENTITY_RANKING,,,NOT_APPLICABLE_GLOBAL_BASELINE,HF9g-P5,,,,X 全窗基线 · 不参与实体赏罚,6872628,688,A168_HF9F_20260827_0900,2026-08-27 09:00:00
2026-06-10,150916076,2276,0,12.8577673773,12.2148790084,12.2148790084,1.0000000,1,1,0.50665070000000000,0.506650700000,0.9867858985152569,0.9867858985152569,0.9867858985152569,0E-17,ELIGIBLE,R03b_20260811_FULL_v1,L1_ELIGIBILITY,v2026-08-11,2026-03-21..2026-08-06,baccarat_bet02_101_all_pairs_incl_sentinel,round_win = game_pnl > 0 (decisive only),COMPATIBILITY_ONLY_NOT_PRODUCTION,11099.8534,9053.4112,168.0767,1163,950,-0.01514225,,-0.01514225,-0.01514225,-168.0767,11099.8534,OK,0.0000,6.7231,4.0000,96.0000,AG03-UNRESOLVED,ALL5_LEVELS_bet23_to_bet27,6.7231,6.7231,8.4038,8.4038,8.4038,4.000000,4.000000,5.000000,5.000000,5.000000,96.000000,96.000000,95.000000,95.000000,95.000000,5.0,38.6576,35.2698,129.4191,132.807,PENDING_AG03,FALSE,NOT_FOR_ENFORCEMENT,161.3537,8691.2747,168.0767,161.3537,6.7231,0.01514225,0.01453656,6.7231,161.3537,0.01453656,6.7231,6.7231,8.4038,8.4038,8.4038,161.3537,0.01453656,38.6576,35.2698,129.4191,132.807,0.01165953,0.01196475,0.00060569,9.5442,9.5299,0.1769,12.9290,0.4060,853.8349,73.0769,,9.5442,3.6002,6.4289,12.8578,18.0009,25.7155,38.239,5.4003,0.0,4.0,5.947999,1.484574,29,143,4,2,0E-8,0.01514225,,0E-8,0.000000,0.815633,0.000000,,2026-06-02,2026-06-22,13,414,195,21,0.619048,,,0.000000,,,,,,,,GLOBAL_BASELINE_NO_ENTITY_RANKING,,,NOT_APPLICABLE_GLOBAL_BASELINE,HF9g-P5,,,,X 全窗基线 · 不参与实体赏罚,6872629,688,A168_HF9F_20260827_0900,2026-08-27 09:00:00
2026-06-10,150916076,2278,0,28.2870882300,-28.2870882300,-28.2870882300,0E-7,1,1,0.50665070000000000,0.506650700000,-1.013391052207602,-1.013391052207602,-1.013391052207602,0E-17,ELIGIBLE,R03b_20260811_FULL_v1,L1_ELIGIBILITY,v2026-08-11,2026-03-21..2026-08-06,baccarat_bet02_101_all_pairs_incl_sentinel,round_win = game_pnl > 0 (decisive only),COMPATIBILITY_ONLY_NOT_PRODUCTION,11099.8534,9053.4112,168.0767,1163,950,-0.01514225,,-0.01514225,-0.01514225,-168.0767,11099.8534,OK,0.0000,6.7231,4.0000,96.0000,AG03-UNRESOLVED,ALL5_LEVELS_bet23_to_bet27,6.7231,6.7231,8.4038,8.4038,8.4038,4.000000,4.000000,5.000000,5.000000,5.000000,96.000000,96.000000,95.000000,95.000000,95.000000,5.0,38.6576,35.2698,129.4191,132.807,PENDING_AG03,FALSE,NOT_FOR_ENFORCEMENT,161.3537,8691.2747,168.0767,161.3537,6.7231,0.01514225,0.01453656,6.7231,161.3537,0.01453656,6.7231,6.7231,8.4038,8.4038,8.4038,161.3537,0.01453656,38.6576,35.2698,129.4191,132.807,0.01165953,0.01196475,0.00060569,9.5442,9.5299,0.1769,12.9290,0.4060,853.8349,73.0769,,9.5442,3.6002,6.4289,12.8578,18.0009,25.7155,38.239,5.4003,0.0,4.0,5.947999,1.484574,29,143,4,2,0E-8,0.01514225,,0E-8,0.000000,0.815633,0.000000,,2026-06-02,2026-06-22,13,414,195,21,0.619048,,,0.000000,,,,,,,,GLOBAL_BASELINE_NO_ENTITY_RANKING,,,NOT_APPLICABLE_GLOBAL_BASELINE,HF9g-P5,,,,X 全窗基线 · 不参与实体赏罚,6872630,688,A168_HF9F_20260827_0900,2026-08-27 09:00:00
2026-06-10,150916076,526,0,20.5724278037,-20.5724278037,-20.5724278037,0E-7,3,3,0.49771390000000000,0.497713900000,-1.724149546644903,-1.724149546644903,-1.724149546644903,0E-17,ELIGIBLE,R03b_20260811_FULL_v1,L1_ELIGIBILITY,v2026-08-11,2026-03-21..2026-08-06,baccarat_bet02_101_all_pairs_incl_sentinel,round_win = game_pnl > 0 (decisive only),COMPATIBILITY_ONLY_NOT_PRODUCTION,11099.8534,9053.4112,168.0767,1163,950,-0.01514225,,-0.01514225,-0.01514225,-168.0767,11099.8534,OK,0.0000,6.7231,4.0000,96.0000,AG03-UNRESOLVED,ALL5_LEVELS_bet23_to_bet27,6.7231,6.7231,8.4038,8.4038,8.4038,4.000000,4.000000,5.000000,5.000000,5.000000,96.000000,96.000000,95.000000,95.000000,95.000000,5.0,38.6576,35.2698,129.4191,132.807,PENDING_AG03,FALSE,NOT_FOR_ENFORCEMENT,161.3537,8691.2747,168.0767,161.3537,6.7231,0.01514225,0.01453656,6.7231,161.3537,0.01453656,6.7231,6.7231,8.4038,8.4038,8.4038,161.3537,0.01453656,38.6576,35.2698,129.4191,132.807,0.01165953,0.01196475,0.00060569,9.5442,9.5299,0.1769,12.9290,0.4060,853.8349,73.0769,,9.5442,3.6002,6.4289,12.8578,18.0009,25.7155,38.239,5.4003,0.0,4.0,5.947999,1.484574,29,143,4,2,0E-8,0.01514225,,0E-8,0.000000,0.815633,0.000000,,2026-06-02,2026-06-22,13,414,195,21,0.619048,,,0.000000,,,,,,,,GLOBAL_BASELINE_NO_ENTITY_RANKING,,,NOT_APPLICABLE_GLOBAL_BASELINE,HF9g-P5,,,,X 全窗基线 · 不参与实体赏罚,6872631,688,A168_HF9F_20260827_0900,2026-08-27 09:00:00
2026-06-10,150916076,529,0,14.6578548101,-14.6578548101,-14.6578548101,0E-7,1,1,0.49324550000000000,0.493245500000,-0.9865810262130424,-0.9865810262130424,-0.9865810262130424,0E-17,ELIGIBLE,R03b_20260811_FULL_v1,L1_ELIGIBILITY,v2026-08-11,2026-03-21..2026-08-06,baccarat_bet02_101_all_pairs_incl_sentinel,round_win = game_pnl > 0 (decisive only),COMPATIBILITY_ONLY_NOT_PRODUCTION,11099.8534,9053.4112,168.0767,1163,950,-0.01514225,,-0.01514225,-0.01514225,-168.0767,11099.8534,OK,0.0000,6.7231,4.0000,96.0000,AG03-UNRESOLVED,ALL5_LEVELS_bet23_to_bet27,6.7231,6.7231,8.4038,8.4038,8.4038,4.000000,4.000000,5.000000,5.000000,5.000000,96.000000,96.000000,95.000000,95.000000,95.000000,5.0,38.6576,35.2698,129.4191,132.807,PENDING_AG03,FALSE,NOT_FOR_ENFORCEMENT,161.3537,8691.2747,168.0767,161.3537,6.7231,0.01514225,0.01453656,6.7231,161.3537,0.01453656,6.7231,6.7231,8.4038,8.4038,8.4038,161.3537,0.01453656,38.6576,35.2698,129.4191,132.807,0.01165953,0.01196475,0.00060569,9.5442,9.5299,0.1769,12.9290,0.4060,853.8349,73.0769,,9.5442,3.6002,6.4289,12.8578,18.0009,25.7155,38.239,5.4003,0.0,4.0,5.947999,1.484574,29,143,4,2,0E-8,0.01514225,,0E-8,0.000000,0.815633,0.000000,,2026-06-02,2026-06-22,13,414,195,21,0.619048,,,0.000000,,,,,,,,GLOBAL_BASELINE_NO_ENTITY_RANKING,,,NOT_APPLICABLE_GLOBAL_BASELINE,HF9g-P5,,,,X 全窗基线 · 不参与实体赏罚,6872632,688,A168_HF9F_20260827_0900,2026-08-27 09:00:00
2026-06-10,150916076,583,0,25.7155347546,0E-10,0E-10,0.5000000,2,2,0.49324550000000000,0.493245500000,0.01910635448239258,0.01910635448239258,0.01910635448239258,0E-17,ELIGIBLE,R03b_20260811_FULL_v1,L1_ELIGIBILITY,v2026-08-11,2026-03-21..2026-08-06,baccarat_bet02_101_all_pairs_incl_sentinel,round_win = game_pnl > 0 (decisive only),COMPATIBILITY_ONLY_NOT_PRODUCTION,11099.8534,9053.4112,168.0767,1163,950,-0.01514225,,-0.01514225,-0.01514225,-168.0767,11099.8534,OK,0.0000,6.7231,4.0000,96.0000,AG03-UNRESOLVED,ALL5_LEVELS_bet23_to_bet27,6.7231,6.7231,8.4038,8.4038,8.4038,4.000000,4.000000,5.000000,5.000000,5.000000,96.000000,96.000000,95.000000,95.000000,95.000000,5.0,38.6576,35.2698,129.4191,132.807,PENDING_AG03,FALSE,NOT_FOR_ENFORCEMENT,161.3537,8691.2747,168.0767,161.3537,6.7231,0.01514225,0.01453656,6.7231,161.3537,0.01453656,6.7231,6.7231,8.4038,8.4038,8.4038,161.3537,0.01453656,38.6576,35.2698,129.4191,132.807,0.01165953,0.01196475,0.00060569,9.5442,9.5299,0.1769,12.9290,0.4060,853.8349,73.0769,,9.5442,3.6002,6.4289,12.8578,18.0009,25.7155,38.239,5.4003,0.0,4.0,5.947999,1.484574,29,143,4,2,0E-8,0.01514225,,0E-8,0.000000,0.815633,0.000000,,2026-06-02,2026-06-22,13,414,195,21,0.619048,,,0.000000,,,,,,,,GLOBAL_BASELINE_NO_ENTITY_RANKING,,,NOT_APPLICABLE_GLOBAL_BASELINE,HF9g-P5,,,,X 全窗基线 · 不参与实体赏罚,6872633,688,A168_HF9F_20260827_0900,2026-08-27 09:00:00
2026-06-10,150916076,763,0,41.1448556074,19.4152287396,19.4152287396,1.0000000,4,2,0.50039494000000406,0.499948100000,0.9992104317089378,1.0001038053877793,0.9992104317089378,0.00044684000000406,ELIGIBLE,R03b_20260811_FULL_v1,L1_ELIGIBILITY,v2026-08-11,2026-03-21..2026-08-06,baccarat_bet02_101_all_pairs_incl_sentinel,round_win = game_pnl > 0 (decisive only),COMPATIBILITY_ONLY_NOT_PRODUCTION,11099.8534,9053.4112,168.0767,1163,950,-0.01514225,,-0.01514225,-0.01514225,-168.0767,11099.8534,OK,0.0000,6.7231,4.0000,96.0000,AG03-UNRESOLVED,ALL5_LEVELS_bet23_to_bet27,6.7231,6.7231,8.4038,8.4038,8.4038,4.000000,4.000000,5.000000,5.000000,5.000000,96.000000,96.000000,95.000000,95.000000,95.000000,5.0,38.6576,35.2698,129.4191,132.807,PENDING_AG03,FALSE,NOT_FOR_ENFORCEMENT,161.3537,8691.2747,168.0767,161.3537,6.7231,0.01514225,0.01453656,6.7231,161.3537,0.01453656,6.7231,6.7231,8.4038,8.4038,8.4038,161.3537,0.01453656,38.6576,35.2698,129.4191,132.807,0.01165953,0.01196475,0.00060569,9.5442,9.5299,0.1769,12.9290,0.4060,853.8349,73.0769,,9.5442,3.6002,6.4289,12.8578,18.0009,25.7155,38.239,5.4003,0.0,4.0,5.947999,1.484574,29,143,4,2,0E-8,0.01514225,,0E-8,0.000000,0.815633,0.000000,,2026-06-02,2026-06-22,13,414,195,21,0.619048,,,0.000000,,,,,,,,GLOBAL_BASELINE_NO_ENTITY_RANKING,,,NOT_APPLICABLE_GLOBAL_BASELINE,HF9g-P5,,,,X 全窗基线 · 不参与实体赏罚,6872634,688,A168_HF9F_20260827_0900,2026-08-27 09:00:00
2026-06-10,150916076,789,0,30.8586417054,20.5724278036,20.5724278036,0.5000000,2,2,0.49324550000000000,0.493245500000,0.01910635448239258,0.01910635448239258,0.01910635448239258,0E-17,ELIGIBLE,R03b_20260811_FULL_v1,L1_ELIGIBILITY,v2026-08-11,2026-03-21..2026-08-06,baccarat_bet02_101_all_pairs_incl_sentinel,round_win = game_pnl > 0 (decisive only),COMPATIBILITY_ONLY_NOT_PRODUCTION,11099.8534,9053.4112,168.0767,1163,950,-0.01514225,,-0.01514225,-0.01514225,-168.0767,11099.8534,OK,0.0000,6.7231,4.0000,96.0000,AG03-UNRESOLVED,ALL5_LEVELS_bet23_to_bet27,6.7231,6.7231,8.4038,8.4038,8.4038,4.000000,4.000000,5.000000,5.000000,5.000000,96.000000,96.000000,95.000000,95.000000,95.000000,5.0,38.6576,35.2698,129.4191,132.807,PENDING_AG03,FALSE,NOT_FOR_ENFORCEMENT,161.3537,8691.2747,168.0767,161.3537,6.7231,0.01514225,0.01453656,6.7231,161.3537,0.01453656,6.7231,6.7231,8.4038,8.4038,8.4038,161.3537,0.01453656,38.6576,35.2698,129.4191,132.807,0.01165953,0.01196475,0.00060569,9.5442,9.5299,0.1769,12.9290,0.4060,853.8349,73.0769,,9.5442,3.6002,6.4289,12.8578,18.0009,25.7155,38.239,5.4003,0.0,4.0,5.947999,1.484574,29,143,4,2,0E-8,0.01514225,,0E-8,0.000000,0.815633,0.000000,,2026-06-02,2026-06-22,13,414,195,21,0.619048,,,0.000000,,,,,,,,GLOBAL_BASELINE_NO_ENTITY_RANKING,,,NOT_APPLICABLE_GLOBAL_BASELINE,HF9g-P5,,,,X 全窗基线 · 不参与实体赏罚,6872635,688,A168_HF9F_20260827_0900,2026-08-27 09:00:00
2026-06-10,150916076,994,0,12.8577673773,-12.8577673773,-12.8577673773,0E-7,1,1,0.49324550000000000,0.493245500000,-0.9865810262130424,-0.9865810262130424,-0.9865810262130424,0E-17,ELIGIBLE,R03b_20260811_FULL_v1,L1_ELIGIBILITY,v2026-08-11,2026-03-21..2026-08-06,baccarat_bet02_101_all_pairs_incl_sentinel,round_win = game_pnl > 0 (decisive only),COMPATIBILITY_ONLY_NOT_PRODUCTION,11099.8534,9053.4112,168.0767,1163,950,-0.01514225,,-0.01514225,-0.01514225,-168.0767,11099.8534,OK,0.0000,6.7231,4.0000,96.0000,AG03-UNRESOLVED,ALL5_LEVELS_bet23_to_bet27,6.7231,6.7231,8.4038,8.4038,8.4038,4.000000,4.000000,5.000000,5.000000,5.000000,96.000000,96.000000,95.000000,95.000000,95.000000,5.0,38.6576,35.2698,129.4191,132.807,PENDING_AG03,FALSE,NOT_FOR_ENFORCEMENT,161.3537,8691.2747,168.0767,161.3537,6.7231,0.01514225,0.01453656,6.7231,161.3537,0.01453656,6.7231,6.7231,8.4038,8.4038,8.4038,161.3537,0.01453656,38.6576,35.2698,129.4191,132.807,0.01165953,0.01196475,0.00060569,9.5442,9.5299,0.1769,12.9290,0.4060,853.8349,73.0769,,9.5442,3.6002,6.4289,12.8578,18.0009,25.7155,38.239,5.4003,0.0,4.0,5.947999,1.484574,29,143,4,2,0E-8,0.01514225,,0E-8,0.000000,0.815633,0.000000,,2026-06-02,2026-06-22,13,414,195,21,0.619048,,,0.000000,,,,,,,,GLOBAL_BASELINE_NO_ENTITY_RANKING,,,NOT_APPLICABLE_GLOBAL_BASELINE,HF9g-P5,,,,X 全窗基线 · 不参与实体赏罚,6872636,688,A168_HF9F_20260827_0900,2026-08-27 09:00:00
2026-06-11,150916076,-1,1,225.7823951457,50.6467456990,50.6467456990,0.6842105,31,20,0.50069339042419083,0.500953490000,1.5998668379205898,1.597600708884798,1.5998668379205898,-0.00026009957580917,SENTINEL_DEALER,R03b_20260811_FULL_v1,L1_ELIGIBILITY,v2026-08-11,2026-03-21..2026-08-06,baccarat_bet02_101_all_pairs_incl_sentinel,round_win = game_pnl > 0 (decisive only),COMPATIBILITY_ONLY_NOT_PRODUCTION,11099.8534,9053.4112,168.0767,1163,950,-0.01514225,,-0.01514225,-0.01514225,-168.0767,11099.8534,OK,0.0000,6.7231,4.0000,96.0000,AG03-UNRESOLVED,ALL5_LEVELS_bet23_to_bet27,6.7231,6.7231,8.4038,8.4038,8.4038,4.000000,4.000000,5.000000,5.000000,5.000000,96.000000,96.000000,95.000000,95.000000,95.000000,5.0,38.6576,35.2698,129.4191,132.807,PENDING_AG03,FALSE,NOT_FOR_ENFORCEMENT,161.3537,8691.2747,168.0767,161.3537,6.7231,0.01514225,0.01453656,6.7231,161.3537,0.01453656,6.7231,6.7231,8.4038,8.4038,8.4038,161.3537,0.01453656,38.6576,35.2698,129.4191,132.807,0.01165953,0.01196475,0.00060569,9.5442,9.5299,0.1769,12.9290,0.4060,853.8349,73.0769,,9.5442,3.6002,6.4289,12.8578,18.0009,25.7155,38.239,5.4003,0.0,4.0,5.947999,1.484574,29,143,4,2,0E-8,0.01514225,,0E-8,0.000000,0.815633,0.000000,,2026-06-02,2026-06-22,13,414,195,21,0.619048,,,0.000000,,,,,,,,GLOBAL_BASELINE_NO_ENTITY_RANKING,,,NOT_APPLICABLE_GLOBAL_BASELINE,HF9g-P5,,,,X 全窗基线 · 不参与实体赏罚,6872637,688,A168_HF9F_20260827_0900,2026-08-27 09:00:00
2026-06-11,150916076,1109,0,43.4592537352,-3.8573302131,-3.8573302131,0.4000000,7,6,0.49963342394365766,0.498831000000,-0.4455743372889446,-0.4419868765742703,-0.4455743372889446,0.00080242394365766,ELIGIBLE,R03b_20260811_FULL_v1,L1_ELIGIBILITY,v2026-08-11,2026-03-21..2026-08-06,baccarat_bet02_101_all_pairs_incl_sentinel,round_win = game_pnl > 0 (decisive only),COMPATIBILITY_ONLY_NOT_PRODUCTION,11099.8534,9053.4112,168.0767,1163,950,-0.01514225,,-0.01514225,-0.01514225,-168.0767,11099.8534,OK,0.0000,6.7231,4.0000,96.0000,AG03-UNRESOLVED,ALL5_LEVELS_bet23_to_bet27,6.7231,6.7231,8.4038,8.4038,8.4038,4.000000,4.000000,5.000000,5.000000,5.000000,96.000000,96.000000,95.000000,95.000000,95.000000,5.0,38.6576,35.2698,129.4191,132.807,PENDING_AG03,FALSE,NOT_FOR_ENFORCEMENT,161.3537,8691.2747,168.0767,161.3537,6.7231,0.01514225,0.01453656,6.7231,161.3537,0.01453656,6.7231,6.7231,8.4038,8.4038,8.4038,161.3537,0.01453656,38.6576,35.2698,129.4191,132.807,0.01165953,0.01196475,0.00060569,9.5442,9.5299,0.1769,12.9290,0.4060,853.8349,73.0769,,9.5442,3.6002,6.4289,12.8578,18.0009,25.7155,38.239,5.4003,0.0,4.0,5.947999,1.484574,29,143,4,2,0E-8,0.01514225,,0E-8,0.000000,0.815633,0.000000,,2026-06-02,2026-06-22,13,414,195,21,0.619048,,,0.000000,,,,,,,,GLOBAL_BASELINE_NO_ENTITY_RANKING,,,NOT_APPLICABLE_GLOBAL_BASELINE,HF9g-P5,,,,X 全窗基线 · 不参与实体赏罚,6872638,688,A168_HF9F_20260827_0900,2026-08-27 09:00:00
2026-06-11,150916076,1157,0,54.0026229847,-43.9735644303,-43.9735644303,0E-7,4,2,0.49459890961540455,0.499948100000,-1.3990185979254208,-1.4140667746232096,-1.3990185979254208,-0.00534919038459545,ELIGIBLE,R03b_20260811_FULL_v1,L1_ELIGIBILITY,v2026-08-11,2026-03-21..2026-08-06,baccarat_bet02_101_all_pairs_incl_sentinel,round_win = game_pnl > 0 (decisive only),COMPATIBILITY_ONLY_NOT_PRODUCTION,11099.8534,9053.4112,168.0767,1163,950,-0.01514225,,-0.01514225,-0.01514225,-168.0767,11099.8534,OK,0.0000,6.7231,4.0000,96.0000,AG03-UNRESOLVED,ALL5_LEVELS_bet23_to_bet27,6.7231,6.7231,8.4038,8.4038,8.4038,4.000000,4.000000,5.000000,5.000000,5.000000,96.000000,96.000000,95.000000,95.000000,95.000000,5.0,38.6576,35.2698,129.4191,132.807,PENDING_AG03,FALSE,NOT_FOR_ENFORCEMENT,161.3537,8691.2747,168.0767,161.3537,6.7231,0.01514225,0.01453656,6.7231,161.3537,0.01453656,6.7231,6.7231,8.4038,8.4038,8.4038,161.3537,0.01453656,38.6576,35.2698,129.4191,132.807,0.01165953,0.01196475,0.00060569,9.5442,9.5299,0.1769,12.9290,0.4060,853.8349,73.0769,,9.5442,3.6002,6.4289,12.8578,18.0009,25.7155,38.239,5.4003,0.0,4.0,5.947999,1.484574,29,143,4,2,0E-8,0.01514225,,0E-8,0.000000,0.815633,0.000000,,2026-06-02,2026-06-22,13,414,195,21,0.619048,,,0.000000,,,,,,,,GLOBAL_BASELINE_NO_ENTITY_RANKING,,,NOT_APPLICABLE_GLOBAL_BASELINE,HF9g-P5,,,,X 全窗基线 · 不参与实体赏罚,6872639,688,A168_HF9F_20260827_0900,2026-08-27 09:00:00
2026-06-11,150916076,1221,0,22.8868259316,12.3563144496,12.3563144496,0.8000000,5,5,0.49592654000000000,0.495926540000,1.359902984124143,1.359902984124143,1.359902984124143,0E-17,ELIGIBLE,R03b_20260811_FULL_v1,L1_ELIGIBILITY,v2026-08-11,2026-03-21..2026-08-06,baccarat_bet02_101_all_pairs_incl_sentinel,round_win = game_pnl > 0 (decisive only),COMPATIBILITY_ONLY_NOT_PRODUCTION,11099.8534,9053.4112,168.0767,1163,950,-0.01514225,,-0.01514225,-0.01514225,-168.0767,11099.8534,OK,0.0000,6.7231,4.0000,96.0000,AG03-UNRESOLVED,ALL5_LEVELS_bet23_to_bet27,6.7231,6.7231,8.4038,8.4038,8.4038,4.000000,4.000000,5.000000,5.000000,5.000000,96.000000,96.000000,95.000000,95.000000,95.000000,5.0,38.6576,35.2698,129.4191,132.807,PENDING_AG03,FALSE,NOT_FOR_ENFORCEMENT,161.3537,8691.2747,168.0767,161.3537,6.7231,0.01514225,0.01453656,6.7231,161.3537,0.01453656,6.7231,6.7231,8.4038,8.4038,8.4038,161.3537,0.01453656,38.6576,35.2698,129.4191,132.807,0.01165953,0.01196475,0.00060569,9.5442,9.5299,0.1769,12.9290,0.4060,853.8349,73.0769,,9.5442,3.6002,6.4289,12.8578,18.0009,25.7155,38.239,5.4003,0.0,4.0,5.947999,1.484574,29,143,4,2,0E-8,0.01514225,,0E-8,0.000000,0.815633,0.000000,,2026-06-02,2026-06-22,13,414,195,21,0.619048,,,0.000000,,,,,,,,GLOBAL_BASELINE_NO_ENTITY_RANKING,,,NOT_APPLICABLE_GLOBAL_BASELINE,HF9g-P5,,,,X 全窗基线 · 不参与实体赏罚,6872640,688,A168_HF9F_20260827_0900,2026-08-27 09:00:00
2026-06-11,150916076,1306,0,57.6027978503,3.4715971919,3.4715971919,0.5000000,4,2,0.49444708655464077,0.499948100000,0.015706979684745527,0.00014679536856514622,0.015706979684745527,-0.00550101344535923,ELIGIBLE,R03b_20260811_FULL_v1,L1_ELIGIBILITY,v2026-08-11,2026-03-21..2026-08-06,baccarat_bet02_101_all_pairs_incl_sentinel,round_win = game_pnl > 0 (decisive only),COMPATIBILITY_ONLY_NOT_PRODUCTION,11099.8534,9053.4112,168.0767,1163,950,-0.01514225,,-0.01514225,-0.01514225,-168.0767,11099.8534,OK,0.0000,6.7231,4.0000,96.0000,AG03-UNRESOLVED,ALL5_LEVELS_bet23_to_bet27,6.7231,6.7231,8.4038,8.4038,8.4038,4.000000,4.000000,5.000000,5.000000,5.000000,96.000000,96.000000,95.000000,95.000000,95.000000,5.0,38.6576,35.2698,129.4191,132.807,PENDING_AG03,FALSE,NOT_FOR_ENFORCEMENT,161.3537,8691.2747,168.0767,161.3537,6.7231,0.01514225,0.01453656,6.7231,161.3537,0.01453656,6.7231,6.7231,8.4038,8.4038,8.4038,161.3537,0.01453656,38.6576,35.2698,129.4191,132.807,0.01165953,0.01196475,0.00060569,9.5442,9.5299,0.1769,12.9290,0.4060,853.8349,73.0769,,9.5442,3.6002,6.4289,12.8578,18.0009,25.7155,38.239,5.4003,0.0,4.0,5.947999,1.484574,29,143,4,2,0E-8,0.01514225,,0E-8,0.000000,0.815633,0.000000,,2026-06-02,2026-06-22,13,414,195,21,0.619048,,,0.000000,,,,,,,,GLOBAL_BASELINE_NO_ENTITY_RANKING,,,NOT_APPLICABLE_GLOBAL_BASELINE,HF9g-P5,,,,X 全窗基线 · 不参与实体赏罚,6872641,688,A168_HF9F_20260827_0900,2026-08-27 09:00:00
2026-06-11,150916076,1325,0,15.4293208528,9.6433255329,9.6433255329,1.0000000,2,1,0.50441649999997104,0.499948100000,0.9912056686236487,1.0001038053877793,0.9912056686236487,0.00446839999997104,ELIGIBLE,R03b_20260811_FULL_v1,L1_ELIGIBILITY,v2026-08-11,2026-03-21..2026-08-06,baccarat_bet02_101_all_pairs_incl_sentinel,round_win = game_pnl > 0 (decisive only),COMPATIBILITY_ONLY_NOT_PRODUCTION,11099.8534,9053.4112,168.0767,1163,950,-0.01514225,,-0.01514225,-0.01514225,-168.0767,11099.8534,OK,0.0000,6.7231,4.0000,96.0000,AG03-UNRESOLVED,ALL5_LEVELS_bet23_to_bet27,6.7231,6.7231,8.4038,8.4038,8.4038,4.000000,4.000000,5.000000,5.000000,5.000000,96.000000,96.000000,95.000000,95.000000,95.000000,5.0,38.6576,35.2698,129.4191,132.807,PENDING_AG03,FALSE,NOT_FOR_ENFORCEMENT,161.3537,8691.2747,168.0767,161.3537,6.7231,0.01514225,0.01453656,6.7231,161.3537,0.01453656,6.7231,6.7231,8.4038,8.4038,8.4038,161.3537,0.01453656,38.6576,35.2698,129.4191,132.807,0.01165953,0.01196475,0.00060569,9.5442,9.5299,0.1769,12.9290,0.4060,853.8349,73.0769,,9.5442,3.6002,6.4289,12.8578,18.0009,25.7155,38.239,5.4003,0.0,4.0,5.947999,1.484574,29,143,4,2,0E-8,0.01514225,,0E-8,0.000000,0.815633,0.000000,,2026-06-02,2026-06-22,13,414,195,21,0.619048,,,0.000000,,,,,,,,GLOBAL_BASELINE_NO_ENTITY_RANKING,,,NOT_APPLICABLE_GLOBAL_BASELINE,HF9g-P5,,,,X 全窗基线 · 不参与实体赏罚,6872642,688,A168_HF9F_20260827_0900,2026-08-27 09:00:00
2026-06-11,150916076,1353,0,56.8313318076,45.2336256332,45.2336256332,1.0000000,4,2,0.49996457100262072,0.499948100000,1.4143137742608176,1.4143603653603398,1.4143137742608176,0.00001647100262072,ELIGIBLE,R03b_20260811_FULL_v1,L1_ELIGIBILITY,v2026-08-11,2026-03-21..2026-08-06,baccarat_bet02_101_all_pairs_incl_sentinel,round_win = game_pnl > 0 (decisive only),COMPATIBILITY_ONLY_NOT_PRODUCTION,11099.8534,9053.4112,168.0767,1163,950,-0.01514225,,-0.01514225,-0.01514225,-168.0767,11099.8534,OK,0.0000,6.7231,4.0000,96.0000,AG03-UNRESOLVED,ALL5_LEVELS_bet23_to_bet27,6.7231,6.7231,8.4038,8.4038,8.4038,4.000000,4.000000,5.000000,5.000000,5.000000,96.000000,96.000000,95.000000,95.000000,95.000000,5.0,38.6576,35.2698,129.4191,132.807,PENDING_AG03,FALSE,NOT_FOR_ENFORCEMENT,161.3537,8691.2747,168.0767,161.3537,6.7231,0.01514225,0.01453656,6.7231,161.3537,0.01453656,6.7231,6.7231,8.4038,8.4038,8.4038,161.3537,0.01453656,38.6576,35.2698,129.4191,132.807,0.01165953,0.01196475,0.00060569,9.5442,9.5299,0.1769,12.9290,0.4060,853.8349,73.0769,,9.5442,3.6002,6.4289,12.8578,18.0009,25.7155,38.239,5.4003,0.0,4.0,5.947999,1.484574,29,143,4,2,0E-8,0.01514225,,0E-8,0.000000,0.815633,0.000000,,2026-06-02,2026-06-22,13,414,195,21,0.619048,,,0.000000,,,,,,,,GLOBAL_BASELINE_NO_ENTITY_RANKING,,,NOT_APPLICABLE_GLOBAL_BASELINE,HF9g-P5,,,,X 全窗基线 · 不参与实体赏罚,6872643,688,A168_HF9F_20260827_0900,2026-08-27 09:00:00
2026-06-11,150916076,1363,0,49.1166713813,-12.9863450511,-12.9863450511,0E-7,5,3,0.49882792258954786,0.502182300000,-1.410902303336088,-1.4203995680682369,-1.410902303336088,-0.00335437741045214,ELIGIBLE,R03b_20260811_FULL_v1,L1_ELIGIBILITY,v2026-08-11,2026-03-21..2026-08-06,baccarat_bet02_101_all_pairs_incl_sentinel,round_win = game_pnl > 0 (decisive only),COMPATIBILITY_ONLY_NOT_PRODUCTION,11099.8534,9053.4112,168.0767,1163,950,-0.01514225,,-0.01514225,-0.01514225,-168.0767,11099.8534,OK,0.0000,6.7231,4.0000,96.0000,AG03-UNRESOLVED,ALL5_LEVELS_bet23_to_bet27,6.7231,6.7231,8.4038,8.4038,8.4038,4.000000,4.000000,5.000000,5.000000,5.000000,96.000000,96.000000,95.000000,95.000000,95.000000,5.0,38.6576,35.2698,129.4191,132.807,PENDING_AG03,FALSE,NOT_FOR_ENFORCEMENT,161.3537,8691.2747,168.0767,161.3537,6.7231,0.01514225,0.01453656,6.7231,161.3537,0.01453656,6.7231,6.7231,8.4038,8.4038,8.4038,161.3537,0.01453656,38.6576,35.2698,129.4191,132.807,0.01165953,0.01196475,0.00060569,9.5442,9.5299,0.1769,12.9290,0.4060,853.8349,73.0769,,9.5442,3.6002,6.4289,12.8578,18.0009,25.7155,38.239,5.4003,0.0,4.0,5.947999,1.484574,29,143,4,2,0E-8,0.01514225,,0E-8,0.000000,0.815633,0.000000,,2026-06-02,2026-06-22,13,414,195,21,0.619048,,,0.000000,,,,,,,,GLOBAL_BASELINE_NO_ENTITY_RANKING,,,NOT_APPLICABLE_GLOBAL_BASELINE,HF9g-P5,,,,X 全窗基线 · 不参与实体赏罚,6872644,688,A168_HF9F_20260827_0900,2026-08-27 09:00:00
2026-06-11,150916076,1383,0,5.1431069509,-5.1431069509,-5.1431069509,0E-7,1,1,0.49324550000000000,0.493245500000,-0.9865810262130424,-0.9865810262130424,-0.9865810262130424,0E-17,ELIGIBLE,R03b_20260811_FULL_v1,L1_ELIGIBILITY,v2026-08-11,2026-03-21..2026-08-06,baccarat_bet02_101_all_pairs_incl_sentinel,round_win = game_pnl > 0 (decisive only),COMPATIBILITY_ONLY_NOT_PRODUCTION,11099.8534,9053.4112,168.0767,1163,950,-0.01514225,,-0.01514225,-0.01514225,-168.0767,11099.8534,OK,0.0000,6.7231,4.0000,96.0000,AG03-UNRESOLVED,ALL5_LEVELS_bet23_to_bet27,6.7231,6.7231,8.4038,8.4038,8.4038,4.000000,4.000000,5.000000,5.000000,5.000000,96.000000,96.000000,95.000000,95.000000,95.000000,5.0,38.6576,35.2698,129.4191,132.807,PENDING_AG03,FALSE,NOT_FOR_ENFORCEMENT,161.3537,8691.2747,168.0767,161.3537,6.7231,0.01514225,0.01453656,6.7231,161.3537,0.01453656,6.7231,6.7231,8.4038,8.4038,8.4038,161.3537,0.01453656,38.6576,35.2698,129.4191,132.807,0.01165953,0.01196475,0.00060569,9.5442,9.5299,0.1769,12.9290,0.4060,853.8349,73.0769,,9.5442,3.6002,6.4289,12.8578,18.0009,25.7155,38.239,5.4003,0.0,4.0,5.947999,1.484574,29,143,4,2,0E-8,0.01514225,,0E-8,0.000000,0.815633,0.000000,,2026-06-02,2026-06-22,13,414,195,21,0.619048,,,0.000000,,,,,,,,GLOBAL_BASELINE_NO_ENTITY_RANKING,,,NOT_APPLICABLE_GLOBAL_BASELINE,HF9g-P5,,,,X 全窗基线 · 不参与实体赏罚,6872645,688,A168_HF9F_20260827_0900,2026-08-27 09:00:00
2026-06-11,150916076,1384,0,21.0867384987,-15.9436315477,-15.9436315477,0E-7,3,2,0.49899058571426976,0.496596800000,-1.4113613837509391,-1.4046203955403829,-1.4113613837509391,0.00239378571426976,ELIGIBLE,R03b_20260811_FULL_v1,L1_ELIGIBILITY,v2026-08-11,2026-03-21..2026-08-06,baccarat_bet02_101_all_pairs_incl_sentinel,round_win = game_pnl > 0 (decisive only),COMPATIBILITY_ONLY_NOT_PRODUCTION,11099.8534,9053.4112,168.0767,1163,950,-0.01514225,,-0.01514225,-0.01514225,-168.0767,11099.8534,OK,0.0000,6.7231,4.0000,96.0000,AG03-UNRESOLVED,ALL5_LEVELS_bet23_to_bet27,6.7231,6.7231,8.4038,8.4038,8.4038,4.000000,4.000000,5.000000,5.000000,5.000000,96.000000,96.000000,95.000000,95.000000,95.000000,5.0,38.6576,35.2698,129.4191,132.807,PENDING_AG03,FALSE,NOT_FOR_ENFORCEMENT,161.3537,8691.2747,168.0767,161.3537,6.7231,0.01514225,0.01453656,6.7231,161.3537,0.01453656,6.7231,6.7231,8.4038,8.4038,8.4038,161.3537,0.01453656,38.6576,35.2698,129.4191,132.807,0.01165953,0.01196475,0.00060569,9.5442,9.5299,0.1769,12.9290,0.4060,853.8349,73.0769,,9.5442,3.6002,6.4289,12.8578,18.0009,25.7155,38.239,5.4003,0.0,4.0,5.947999,1.484574,29,143,4,2,0E-8,0.01514225,,0E-8,0.000000,0.815633,0.000000,,2026-06-02,2026-06-22,13,414,195,21,0.619048,,,0.000000,,,,,,,,GLOBAL_BASELINE_NO_ENTITY_RANKING,,,NOT_APPLICABLE_GLOBAL_BASELINE,HF9g-P5,,,,X 全窗基线 · 不参与实体赏罚,6872646,688,A168_HF9F_20260827_0900,2026-08-27 09:00:00
2026-06-11,150916076,1402,0,64.2888368868,-8.4861264691,-8.4861264691,0.5000000,14,12,0.50416825555555287,0.504416500000,-0.026363278956214396,-0.027933488305285435,-0.026363278956214396,-0.00024824444444713,ELIGIBLE,R03b_20260811_FULL_v1,L1_ELIGIBILITY,v2026-08-11,2026-03-21..2026-08-06,baccarat_bet02_101_all_pairs_incl_sentinel,round_win = game_pnl > 0 (decisive only),COMPATIBILITY_ONLY_NOT_PRODUCTION,11099.8534,9053.4112,168.0767,1163,950,-0.01514225,,-0.01514225,-0.01514225,-168.0767,11099.8534,OK,0.0000,6.7231,4.0000,96.0000,AG03-UNRESOLVED,ALL5_LEVELS_bet23_to_bet27,6.7231,6.7231,8.4038,8.4038,8.4038,4.000000,4.000000,5.000000,5.000000,5.000000,96.000000,96.000000,95.000000,95.000000,95.000000,5.0,38.6576,35.2698,129.4191,132.807,PENDING_AG03,FALSE,NOT_FOR_ENFORCEMENT,161.3537,8691.2747,168.0767,161.3537,6.7231,0.01514225,0.01453656,6.7231,161.3537,0.01453656,6.7231,6.7231,8.4038,8.4038,8.4038,161.3537,0.01453656,38.6576,35.2698,129.4191,132.807,0.01165953,0.01196475,0.00060569,9.5442,9.5299,0.1769,12.9290,0.4060,853.8349,73.0769,,9.5442,3.6002,6.4289,12.8578,18.0009,25.7155,38.239,5.4003,0.0,4.0,5.947999,1.484574,29,143,4,2,0E-8,0.01514225,,0E-8,0.000000,0.815633,0.000000,,2026-06-02,2026-06-22,13,414,195,21,0.619048,,,0.000000,,,,,,,,GLOBAL_BASELINE_NO_ENTITY_RANKING,,,NOT_APPLICABLE_GLOBAL_BASELINE,HF9g-P5,,,,X 全窗基线 · 不参与实体赏罚,6872647,688,A168_HF9F_20260827_0900,2026-08-27 09:00:00
2026-06-11,150916076,1490,0,81.0039344771,22.3082263994,22.3082263994,0.7500000,10,5,0.50451470659337666,0.499948100000,0.981981205054801,1.0002076053883384,0.981981205054801,0.00456660659337666,ELIGIBLE,R03b_20260811_FULL_v1,L1_ELIGIBILITY,v2026-08-11,2026-03-21..2026-08-06,baccarat_bet02_101_all_pairs_incl_sentinel,round_win = game_pnl > 0 (decisive only),COMPATIBILITY_ONLY_NOT_PRODUCTION,11099.8534,9053.4112,168.0767,1163,950,-0.01514225,,-0.01514225,-0.01514225,-168.0767,11099.8534,OK,0.0000,6.7231,4.0000,96.0000,AG03-UNRESOLVED,ALL5_LEVELS_bet23_to_bet27,6.7231,6.7231,8.4038,8.4038,8.4038,4.000000,4.000000,5.000000,5.000000,5.000000,96.000000,96.000000,95.000000,95.000000,95.000000,5.0,38.6576,35.2698,129.4191,132.807,PENDING_AG03,FALSE,NOT_FOR_ENFORCEMENT,161.3537,8691.2747,168.0767,161.3537,6.7231,0.01514225,0.01453656,6.7231,161.3537,0.01453656,6.7231,6.7231,8.4038,8.4038,8.4038,161.3537,0.01453656,38.6576,35.2698,129.4191,132.807,0.01165953,0.01196475,0.00060569,9.5442,9.5299,0.1769,12.9290,0.4060,853.8349,73.0769,,9.5442,3.6002,6.4289,12.8578,18.0009,25.7155,38.239,5.4003,0.0,4.0,5.947999,1.484574,29,143,4,2,0E-8,0.01514225,,0E-8,0.000000,0.815633,0.000000,,2026-06-02,2026-06-22,13,414,195,21,0.619048,,,0.000000,,,,,,,,GLOBAL_BASELINE_NO_ENTITY_RANKING,,,NOT_APPLICABLE_GLOBAL_BASELINE,HF9g-P5,,,,X 全窗基线 · 不参与实体赏罚,6872648,688,A168_HF9F_20260827_0900,2026-08-27 09:00:00
2026-06-11,150916076,1645,0,18.0008743283,-7.8432381001,-7.8432381001,0.5000000,3,2,0.49436260000001448,0.496596800000,0.01594598864114395,0.009625926164049045,0.01594598864114395,-0.00223419999998552,ELIGIBLE,R03b_20260811_FULL_v1,L1_ELIGIBILITY,v2026-08-11,2026-03-21..2026-08-06,baccarat_bet02_101_all_pairs_incl_sentinel,round_win = game_pnl > 0 (decisive only),COMPATIBILITY_ONLY_NOT_PRODUCTION,11099.8534,9053.4112,168.0767,1163,950,-0.01514225,,-0.01514225,-0.01514225,-168.0767,11099.8534,OK,0.0000,6.7231,4.0000,96.0000,AG03-UNRESOLVED,ALL5_LEVELS_bet23_to_bet27,6.7231,6.7231,8.4038,8.4038,8.4038,4.000000,4.000000,5.000000,5.000000,5.000000,96.000000,96.000000,95.000000,95.000000,95.000000,5.0,38.6576,35.2698,129.4191,132.807,PENDING_AG03,FALSE,NOT_FOR_ENFORCEMENT,161.3537,8691.2747,168.0767,161.3537,6.7231,0.01514225,0.01453656,6.7231,161.3537,0.01453656,6.7231,6.7231,8.4038,8.4038,8.4038,161.3537,0.01453656,38.6576,35.2698,129.4191,132.807,0.01165953,0.01196475,0.00060569,9.5442,9.5299,0.1769,12.9290,0.4060,853.8349,73.0769,,9.5442,3.6002,6.4289,12.8578,18.0009,25.7155,38.239,5.4003,0.0,4.0,5.947999,1.484574,29,143,4,2,0E-8,0.01514225,,0E-8,0.000000,0.815633,0.000000,,2026-06-02,2026-06-22,13,414,195,21,0.619048,,,0.000000,,,,,,,,GLOBAL_BASELINE_NO_ENTITY_RANKING,,,NOT_APPLICABLE_GLOBAL_BASELINE,HF9g-P5,,,,X 全窗基线 · 不参与实体赏罚,6872649,688,A168_HF9F_20260827_0900,2026-08-27 09:00:00
2026-06-11,150916076,1941,0,87.4328181655,-1.9800961761,-1.9800961761,0.2857143,10,8,0.50456060351812149,0.503299400000,-1.1580740393101345,-1.1513772709309127,-1.1580740393101345,0.00126120351812149,ELIGIBLE,R03b_20260811_FULL_v1,L1_ELIGIBILITY,v2026-08-11,2026-03-21..2026-08-06,baccarat_bet02_101_all_pairs_incl_sentinel,round_win = game_pnl > 0 (decisive only),COMPATIBILITY_ONLY_NOT_PRODUCTION,11099.8534,9053.4112,168.0767,1163,950,-0.01514225,,-0.01514225,-0.01514225,-168.0767,11099.8534,OK,0.0000,6.7231,4.0000,96.0000,AG03-UNRESOLVED,ALL5_LEVELS_bet23_to_bet27,6.7231,6.7231,8.4038,8.4038,8.4038,4.000000,4.000000,5.000000,5.000000,5.000000,96.000000,96.000000,95.000000,95.000000,95.000000,5.0,38.6576,35.2698,129.4191,132.807,PENDING_AG03,FALSE,NOT_FOR_ENFORCEMENT,161.3537,8691.2747,168.0767,161.3537,6.7231,0.01514225,0.01453656,6.7231,161.3537,0.01453656,6.7231,6.7231,8.4038,8.4038,8.4038,161.3537,0.01453656,38.6576,35.2698,129.4191,132.807,0.01165953,0.01196475,0.00060569,9.5442,9.5299,0.1769,12.9290,0.4060,853.8349,73.0769,,9.5442,3.6002,6.4289,12.8578,18.0009,25.7155,38.239,5.4003,0.0,4.0,5.947999,1.484574,29,143,4,2,0E-8,0.01514225,,0E-8,0.000000,0.815633,0.000000,,2026-06-02,2026-06-22,13,414,195,21,0.619048,,,0.000000,,,,,,,,GLOBAL_BASELINE_NO_ENTITY_RANKING,,,NOT_APPLICABLE_GLOBAL_BASELINE,HF9g-P5,,,,X 全窗基线 · 不参与实体赏罚,6872650,688,A168_HF9F_20260827_0900,2026-08-27 09:00:00
2026-06-11,150916076,1963,0,62.4887494537,24.5197623884,24.5197623884,0.7500000,7,4,0.50194357978545802,0.498272450000,0.9922331772128672,1.0069162101578184,0.9922331772128672,0.00367112978545802,ELIGIBLE,R03b_20260811_FULL_v1,L1_ELIGIBILITY,v2026-08-11,2026-03-21..2026-08-06,baccarat_bet02_101_all_pairs_incl_sentinel,round_win = game_pnl > 0 (decisive only),COMPATIBILITY_ONLY_NOT_PRODUCTION,11099.8534,9053.4112,168.0767,1163,950,-0.01514225,,-0.01514225,-0.01514225,-168.0767,11099.8534,OK,0.0000,6.7231,4.0000,96.0000,AG03-UNRESOLVED,ALL5_LEVELS_bet23_to_bet27,6.7231,6.7231,8.4038,8.4038,8.4038,4.000000,4.000000,5.000000,5.000000,5.000000,96.000000,96.000000,95.000000,95.000000,95.000000,5.0,38.6576,35.2698,129.4191,132.807,PENDING_AG03,FALSE,NOT_FOR_ENFORCEMENT,161.3537,8691.2747,168.0767,161.3537,6.7231,0.01514225,0.01453656,6.7231,161.3537,0.01453656,6.7231,6.7231,8.4038,8.4038,8.4038,161.3537,0.01453656,38.6576,35.2698,129.4191,132.807,0.01165953,0.01196475,0.00060569,9.5442,9.5299,0.1769,12.9290,0.4060,853.8349,73.0769,,9.5442,3.6002,6.4289,12.8578,18.0009,25.7155,38.239,5.4003,0.0,4.0,5.947999,1.484574,29,143,4,2,0E-8,0.01514225,,0E-8,0.000000,0.815633,0.000000,,2026-06-02,2026-06-22,13,414,195,21,0.619048,,,0.000000,,,,,,,,GLOBAL_BASELINE_NO_ENTITY_RANKING,,,NOT_APPLICABLE_GLOBAL_BASELINE,HF9g-P5,,,,X 全窗基线 · 不参与实体赏罚,6872651,688,A168_HF9F_20260827_0900,2026-08-27 09:00:00
2026-06-11,150916076,1985,0,20.5724278037,14.6578548101,14.6578548101,1.0000000,3,2,0.49899058571426976,0.496596800000,1.4170715048789637,1.423872247868481,1.4170715048789637,0.00239378571426976,ELIGIBLE,R03b_20260811_FULL_v1,L1_ELIGIBILITY,v2026-08-11,2026-03-21..2026-08-06,baccarat_bet02_101_all_pairs_incl_sentinel,round_win = game_pnl > 0 (decisive only),COMPATIBILITY_ONLY_NOT_PRODUCTION,11099.8534,9053.4112,168.0767,1163,950,-0.01514225,,-0.01514225,-0.01514225,-168.0767,11099.8534,OK,0.0000,6.7231,4.0000,96.0000,AG03-UNRESOLVED,ALL5_LEVELS_bet23_to_bet27,6.7231,6.7231,8.4038,8.4038,8.4038,4.000000,4.000000,5.000000,5.000000,5.000000,96.000000,96.000000,95.000000,95.000000,95.000000,5.0,38.6576,35.2698,129.4191,132.807,PENDING_AG03,FALSE,NOT_FOR_ENFORCEMENT,161.3537,8691.2747,168.0767,161.3537,6.7231,0.01514225,0.01453656,6.7231,161.3537,0.01453656,6.7231,6.7231,8.4038,8.4038,8.4038,161.3537,0.01453656,38.6576,35.2698,129.4191,132.807,0.01165953,0.01196475,0.00060569,9.5442,9.5299,0.1769,12.9290,0.4060,853.8349,73.0769,,9.5442,3.6002,6.4289,12.8578,18.0009,25.7155,38.239,5.4003,0.0,4.0,5.947999,1.484574,29,143,4,2,0E-8,0.01514225,,0E-8,0.000000,0.815633,0.000000,,2026-06-02,2026-06-22,13,414,195,21,0.619048,,,0.000000,,,,,,,,GLOBAL_BASELINE_NO_ENTITY_RANKING,,,NOT_APPLICABLE_GLOBAL_BASELINE,HF9g-P5,,,,X 全窗基线 · 不参与实体赏罚,6872652,688,A168_HF9F_20260827_0900,2026-08-27 09:00:00
2026-06-11,150916076,1994,0,36.2589040040,25.2012240594,25.2012240594,1.0000000,4,2,0.49993461388329677,0.499948100000,1.4143985143332414,1.4143603653603398,1.4143985143332414,-0.00001348611670323,ELIGIBLE,R03b_20260811_FULL_v1,L1_ELIGIBILITY,v2026-08-11,2026-03-21..2026-08-06,baccarat_bet02_101_all_pairs_incl_sentinel,round_win = game_pnl > 0 (decisive only),COMPATIBILITY_ONLY_NOT_PRODUCTION,11099.8534,9053.4112,168.0767,1163,950,-0.01514225,,-0.01514225,-0.01514225,-168.0767,11099.8534,OK,0.0000,6.7231,4.0000,96.0000,AG03-UNRESOLVED,ALL5_LEVELS_bet23_to_bet27,6.7231,6.7231,8.4038,8.4038,8.4038,4.000000,4.000000,5.000000,5.000000,5.000000,96.000000,96.000000,95.000000,95.000000,95.000000,5.0,38.6576,35.2698,129.4191,132.807,PENDING_AG03,FALSE,NOT_FOR_ENFORCEMENT,161.3537,8691.2747,168.0767,161.3537,6.7231,0.01514225,0.01453656,6.7231,161.3537,0.01453656,6.7231,6.7231,8.4038,8.4038,8.4038,161.3537,0.01453656,38.6576,35.2698,129.4191,132.807,0.01165953,0.01196475,0.00060569,9.5442,9.5299,0.1769,12.9290,0.4060,853.8349,73.0769,,9.5442,3.6002,6.4289,12.8578,18.0009,25.7155,38.239,5.4003,0.0,4.0,5.947999,1.484574,29,143,4,2,0E-8,0.01514225,,0E-8,0.000000,0.815633,0.000000,,2026-06-02,2026-06-22,13,414,195,21,0.619048,,,0.000000,,,,,,,,GLOBAL_BASELINE_NO_ENTITY_RANKING,,,NOT_APPLICABLE_GLOBAL_BASELINE,HF9g-P5,,,,X 全窗基线 · 不参与实体赏罚,6872653,688,A168_HF9F_20260827_0900,2026-08-27 09:00:00
2026-06-11,150916076,2059,0,33.6873505285,18.2580296757,18.2580296757,0.5000000,3,2,0.50055193783784736,0.503299400000,-0.0015611169028843992,-0.009332315641528947,-0.0015611169028843992,-0.00274746216215264,ELIGIBLE,R03b_20260811_FULL_v1,L1_ELIGIBILITY,v2026-08-11,2026-03-21..2026-08-06,baccarat_bet02_101_all_pairs_incl_sentinel,round_win = game_pnl > 0 (decisive only),COMPATIBILITY_ONLY_NOT_PRODUCTION,11099.8534,9053.4112,168.0767,1163,950,-0.01514225,,-0.01514225,-0.01514225,-168.0767,11099.8534,OK,0.0000,6.7231,4.0000,96.0000,AG03-UNRESOLVED,ALL5_LEVELS_bet23_to_bet27,6.7231,6.7231,8.4038,8.4038,8.4038,4.000000,4.000000,5.000000,5.000000,5.000000,96.000000,96.000000,95.000000,95.000000,95.000000,5.0,38.6576,35.2698,129.4191,132.807,PENDING_AG03,FALSE,NOT_FOR_ENFORCEMENT,161.3537,8691.2747,168.0767,161.3537,6.7231,0.01514225,0.01453656,6.7231,161.3537,0.01453656,6.7231,6.7231,8.4038,8.4038,8.4038,161.3537,0.01453656,38.6576,35.2698,129.4191,132.807,0.01165953,0.01196475,0.00060569,9.5442,9.5299,0.1769,12.9290,0.4060,853.8349,73.0769,,9.5442,3.6002,6.4289,12.8578,18.0009,25.7155,38.239,5.4003,0.0,4.0,5.947999,1.484574,29,143,4,2,0E-8,0.01514225,,0E-8,0.000000,0.815633,0.000000,,2026-06-02,2026-06-22,13,414,195,21,0.619048,,,0.000000,,,,,,,,GLOBAL_BASELINE_NO_ENTITY_RANKING,,,NOT_APPLICABLE_GLOBAL_BASELINE,HF9g-P5,,,,X 全窗基线 · 不参与实体赏罚,6872654,688,A168_HF9F_20260827_0900,2026-08-27 09:00:00
2026-06-11,150916076,2088,0,105.4336924940,-39.6019235221,-39.6019235221,0.3333333,14,11,0.49705379545454768,0.497510790909,-0.9823398265328708,-0.9850769529222059,-0.9823398265328708,-0.00045699545445232,ELIGIBLE,R03b_20260811_FULL_v1,L1_ELIGIBILITY,v2026-08-11,2026-03-21..2026-08-06,baccarat_bet02_101_all_pairs_incl_sentinel,round_win = game_pnl > 0 (decisive only),COMPATIBILITY_ONLY_NOT_PRODUCTION,11099.8534,9053.4112,168.0767,1163,950,-0.01514225,,-0.01514225,-0.01514225,-168.0767,11099.8534,OK,0.0000,6.7231,4.0000,96.0000,AG03-UNRESOLVED,ALL5_LEVELS_bet23_to_bet27,6.7231,6.7231,8.4038,8.4038,8.4038,4.000000,4.000000,5.000000,5.000000,5.000000,96.000000,96.000000,95.000000,95.000000,95.000000,5.0,38.6576,35.2698,129.4191,132.807,PENDING_AG03,FALSE,NOT_FOR_ENFORCEMENT,161.3537,8691.2747,168.0767,161.3537,6.7231,0.01514225,0.01453656,6.7231,161.3537,0.01453656,6.7231,6.7231,8.4038,8.4038,8.4038,161.3537,0.01453656,38.6576,35.2698,129.4191,132.807,0.01165953,0.01196475,0.00060569,9.5442,9.5299,0.1769,12.9290,0.4060,853.8349,73.0769,,9.5442,3.6002,6.4289,12.8578,18.0009,25.7155,38.239,5.4003,0.0,4.0,5.947999,1.484574,29,143,4,2,0E-8,0.01514225,,0E-8,0.000000,0.815633,0.000000,,2026-06-02,2026-06-22,13,414,195,21,0.619048,,,0.000000,,,,,,,,GLOBAL_BASELINE_NO_ENTITY_RANKING,,,NOT_APPLICABLE_GLOBAL_BASELINE,HF9g-P5,,,,X 全窗基线 · 不参与实体赏罚,6872655,688,A168_HF9F_20260827_0900,2026-08-27 09:00:00
2026-06-11,150916076,2103,0,14.9150101577,2.8287088230,2.8287088230,0.5000000,4,4,0.49659680000000000,0.496596800000,0.013613115331600182,0.013613115331600183,0.013613115331600182,0E-17,ELIGIBLE,R03b_20260811_FULL_v1,L1_ELIGIBILITY,v2026-08-11,2026-03-21..2026-08-06,baccarat_bet02_101_all_pairs_incl_sentinel,round_win = game_pnl > 0 (decisive only),COMPATIBILITY_ONLY_NOT_PRODUCTION,11099.8534,9053.4112,168.0767,1163,950,-0.01514225,,-0.01514225,-0.01514225,-168.0767,11099.8534,OK,0.0000,6.7231,4.0000,96.0000,AG03-UNRESOLVED,ALL5_LEVELS_bet23_to_bet27,6.7231,6.7231,8.4038,8.4038,8.4038,4.000000,4.000000,5.000000,5.000000,5.000000,96.000000,96.000000,95.000000,95.000000,95.000000,5.0,38.6576,35.2698,129.4191,132.807,PENDING_AG03,FALSE,NOT_FOR_ENFORCEMENT,161.3537,8691.2747,168.0767,161.3537,6.7231,0.01514225,0.01453656,6.7231,161.3537,0.01453656,6.7231,6.7231,8.4038,8.4038,8.4038,161.3537,0.01453656,38.6576,35.2698,129.4191,132.807,0.01165953,0.01196475,0.00060569,9.5442,9.5299,0.1769,12.9290,0.4060,853.8349,73.0769,,9.5442,3.6002,6.4289,12.8578,18.0009,25.7155,38.239,5.4003,0.0,4.0,5.947999,1.484574,29,143,4,2,0E-8,0.01514225,,0E-8,0.000000,0.815633,0.000000,,2026-06-02,2026-06-22,13,414,195,21,0.619048,,,0.000000,,,,,,,,GLOBAL_BASELINE_NO_ENTITY_RANKING,,,NOT_APPLICABLE_GLOBAL_BASELINE,HF9g-P5,,,,X 全窗基线 · 不参与实体赏罚,6872656,688,A168_HF9F_20260827_0900,2026-08-27 09:00:00
2026-06-11,150916076,2106,0,101.3192069331,-21.8582045414,-21.8582045414,0.4285714,11,7,0.50022107957175772,0.502820642857,-0.3791343532041597,-0.3928961639171632,-0.3791343532041597,-0.00259956328524228,ELIGIBLE,R03b_20260811_FULL_v1,L1_ELIGIBILITY,v2026-08-11,2026-03-21..2026-08-06,baccarat_bet02_101_all_pairs_incl_sentinel,round_win = game_pnl > 0 (decisive only),COMPATIBILITY_ONLY_NOT_PRODUCTION,11099.8534,9053.4112,168.0767,1163,950,-0.01514225,,-0.01514225,-0.01514225,-168.0767,11099.8534,OK,0.0000,6.7231,4.0000,96.0000,AG03-UNRESOLVED,ALL5_LEVELS_bet23_to_bet27,6.7231,6.7231,8.4038,8.4038,8.4038,4.000000,4.000000,5.000000,5.000000,5.000000,96.000000,96.000000,95.000000,95.000000,95.000000,5.0,38.6576,35.2698,129.4191,132.807,PENDING_AG03,FALSE,NOT_FOR_ENFORCEMENT,161.3537,8691.2747,168.0767,161.3537,6.7231,0.01514225,0.01453656,6.7231,161.3537,0.01453656,6.7231,6.7231,8.4038,8.4038,8.4038,161.3537,0.01453656,38.6576,35.2698,129.4191,132.807,0.01165953,0.01196475,0.00060569,9.5442,9.5299,0.1769,12.9290,0.4060,853.8349,73.0769,,9.5442,3.6002,6.4289,12.8578,18.0009,25.7155,38.239,5.4003,0.0,4.0,5.947999,1.484574,29,143,4,2,0E-8,0.01514225,,0E-8,0.000000,0.815633,0.000000,,2026-06-02,2026-06-22,13,414,195,21,0.619048,,,0.000000,,,,,,,,GLOBAL_BASELINE_NO_ENTITY_RANKING,,,NOT_APPLICABLE_GLOBAL_BASELINE,HF9g-P5,,,,X 全窗基线 · 不参与实体赏罚,6872657,688,A168_HF9F_20260827_0900,2026-08-27 09:00:00
2026-06-11,150916076,2108,0,34.7159719187,17.9365854912,17.9365854912,0.6666667,5,3,0.50073152077919578,0.497713900000,0.5748168220722386,0.5852756695216578,0.5748168220722386,0.00301762077919578,ELIGIBLE,R03b_20260811_FULL_v1,L1_ELIGIBILITY,v2026-08-11,2026-03-21..2026-08-06,baccarat_bet02_101_all_pairs_incl_sentinel,round_win = game_pnl > 0 (decisive only),COMPATIBILITY_ONLY_NOT_PRODUCTION,11099.8534,9053.4112,168.0767,1163,950,-0.01514225,,-0.01514225,-0.01514225,-168.0767,11099.8534,OK,0.0000,6.7231,4.0000,96.0000,AG03-UNRESOLVED,ALL5_LEVELS_bet23_to_bet27,6.7231,6.7231,8.4038,8.4038,8.4038,4.000000,4.000000,5.000000,5.000000,5.000000,96.000000,96.000000,95.000000,95.000000,95.000000,5.0,38.6576,35.2698,129.4191,132.807,PENDING_AG03,FALSE,NOT_FOR_ENFORCEMENT,161.3537,8691.2747,168.0767,161.3537,6.7231,0.01514225,0.01453656,6.7231,161.3537,0.01453656,6.7231,6.7231,8.4038,8.4038,8.4038,161.3537,0.01453656,38.6576,35.2698,129.4191,132.807,0.01165953,0.01196475,0.00060569,9.5442,9.5299,0.1769,12.9290,0.4060,853.8349,73.0769,,9.5442,3.6002,6.4289,12.8578,18.0009,25.7155,38.239,5.4003,0.0,4.0,5.947999,1.484574,29,143,4,2,0E-8,0.01514225,,0E-8,0.000000,0.815633,0.000000,,2026-06-02,2026-06-22,13,414,195,21,0.619048,,,0.000000,,,,,,,,GLOBAL_BASELINE_NO_ENTITY_RANKING,,,NOT_APPLICABLE_GLOBAL_BASELINE,HF9g-P5,,,,X 全窗基线 · 不参与实体赏罚,6872658,688,A168_HF9F_20260827_0900,2026-08-27 09:00:00
2026-06-11,150916076,2142,0,20.0581171086,4.5130763494,4.5130763494,1.0000000,4,2,0.50321346923071782,0.499948100000,0.9935935822091977,1.0001038053877793,0.9935935822091977,0.00326536923071782,ELIGIBLE,R03b_20260811_FULL_v1,L1_ELIGIBILITY,v2026-08-11,2026-03-21..2026-08-06,baccarat_bet02_101_all_pairs_incl_sentinel,round_win = game_pnl > 0 (decisive only),COMPATIBILITY_ONLY_NOT_PRODUCTION,11099.8534,9053.4112,168.0767,1163,950,-0.01514225,,-0.01514225,-0.01514225,-168.0767,11099.8534,OK,0.0000,6.7231,4.0000,96.0000,AG03-UNRESOLVED,ALL5_LEVELS_bet23_to_bet27,6.7231,6.7231,8.4038,8.4038,8.4038,4.000000,4.000000,5.000000,5.000000,5.000000,96.000000,96.000000,95.000000,95.000000,95.000000,5.0,38.6576,35.2698,129.4191,132.807,PENDING_AG03,FALSE,NOT_FOR_ENFORCEMENT,161.3537,8691.2747,168.0767,161.3537,6.7231,0.01514225,0.01453656,6.7231,161.3537,0.01453656,6.7231,6.7231,8.4038,8.4038,8.4038,161.3537,0.01453656,38.6576,35.2698,129.4191,132.807,0.01165953,0.01196475,0.00060569,9.5442,9.5299,0.1769,12.9290,0.4060,853.8349,73.0769,,9.5442,3.6002,6.4289,12.8578,18.0009,25.7155,38.239,5.4003,0.0,4.0,5.947999,1.484574,29,143,4,2,0E-8,0.01514225,,0E-8,0.000000,0.815633,0.000000,,2026-06-02,2026-06-22,13,414,195,21,0.619048,,,0.000000,,,,,,,,GLOBAL_BASELINE_NO_ENTITY_RANKING,,,NOT_APPLICABLE_GLOBAL_BASELINE,HF9g-P5,,,,X 全窗基线 · 不参与实体赏罚,6872659,688,A168_HF9F_20260827_0900,2026-08-27 09:00:00
2026-06-11,150916076,2160,0,75.8608275261,-48.2809165017,-48.2809165017,0E-7,9,5,0.49819101897774524,0.501288620000,-2.2279925502965954,-2.241838306677593,-2.2279925502965954,-0.00309760102225476,ELIGIBLE,R03b_20260811_FULL_v1,L1_ELIGIBILITY,v2026-08-11,2026-03-21..2026-08-06,baccarat_bet02_101_all_pairs_incl_sentinel,round_win = game_pnl > 0 (decisive only),COMPATIBILITY_ONLY_NOT_PRODUCTION,11099.8534,9053.4112,168.0767,1163,950,-0.01514225,,-0.01514225,-0.01514225,-168.0767,11099.8534,OK,0.0000,6.7231,4.0000,96.0000,AG03-UNRESOLVED,ALL5_LEVELS_bet23_to_bet27,6.7231,6.7231,8.4038,8.4038,8.4038,4.000000,4.000000,5.000000,5.000000,5.000000,96.000000,96.000000,95.000000,95.000000,95.000000,5.0,38.6576,35.2698,129.4191,132.807,PENDING_AG03,FALSE,NOT_FOR_ENFORCEMENT,161.3537,8691.2747,168.0767,161.3537,6.7231,0.01514225,0.01453656,6.7231,161.3537,0.01453656,6.7231,6.7231,8.4038,8.4038,8.4038,161.3537,0.01453656,38.6576,35.2698,129.4191,132.807,0.01165953,0.01196475,0.00060569,9.5442,9.5299,0.1769,12.9290,0.4060,853.8349,73.0769,,9.5442,3.6002,6.4289,12.8578,18.0009,25.7155,38.239,5.4003,0.0,4.0,5.947999,1.484574,29,143,4,2,0E-8,0.01514225,,0E-8,0.000000,0.815633,0.000000,,2026-06-02,2026-06-22,13,414,195,21,0.619048,,,0.000000,,,,,,,,GLOBAL_BASELINE_NO_ENTITY_RANKING,,,NOT_APPLICABLE_GLOBAL_BASELINE,HF9g-P5,,,,X 全窗基线 · 不参与实体赏罚,6872660,688,A168_HF9F_20260827_0900,2026-08-27 09:00:00
2026-06-11,150916076,2167,0,38.5733021318,4.6287962558,4.6287962558,0.5000000,4,3,0.50267878888889747,0.504416500000,-0.007576867897449528,-0.012492235739862727,-0.007576867897449528,-0.00173771111110253,ELIGIBLE,R03b_20260811_FULL_v1,L1_ELIGIBILITY,v2026-08-11,2026-03-21..2026-08-06,baccarat_bet02_101_all_pairs_incl_sentinel,round_win = game_pnl > 0 (decisive only),COMPATIBILITY_ONLY_NOT_PRODUCTION,11099.8534,9053.4112,168.0767,1163,950,-0.01514225,,-0.01514225,-0.01514225,-168.0767,11099.8534,OK,0.0000,6.7231,4.0000,96.0000,AG03-UNRESOLVED,ALL5_LEVELS_bet23_to_bet27,6.7231,6.7231,8.4038,8.4038,8.4038,4.000000,4.000000,5.000000,5.000000,5.000000,96.000000,96.000000,95.000000,95.000000,95.000000,5.0,38.6576,35.2698,129.4191,132.807,PENDING_AG03,FALSE,NOT_FOR_ENFORCEMENT,161.3537,8691.2747,168.0767,161.3537,6.7231,0.01514225,0.01453656,6.7231,161.3537,0.01453656,6.7231,6.7231,8.4038,8.4038,8.4038,161.3537,0.01453656,38.6576,35.2698,129.4191,132.807,0.01165953,0.01196475,0.00060569,9.5442,9.5299,0.1769,12.9290,0.4060,853.8349,73.0769,,9.5442,3.6002,6.4289,12.8578,18.0009,25.7155,38.239,5.4003,0.0,4.0,5.947999,1.484574,29,143,4,2,0E-8,0.01514225,,0E-8,0.000000,0.815633,0.000000,,2026-06-02,2026-06-22,13,414,195,21,0.619048,,,0.000000,,,,,,,,GLOBAL_BASELINE_NO_ENTITY_RANKING,,,NOT_APPLICABLE_GLOBAL_BASELINE,HF9g-P5,,,,X 全窗基线 · 不参与实体赏罚,6872661,688,A168_HF9F_20260827_0900,2026-08-27 09:00:00
2026-06-11,150916076,2171,0,47.5737392960,20.7010054774,20.7010054774,1.0000000,5,3,0.50090561428570128,0.497713900000,1.4116544138654528,1.420694479518755,1.4116544138654528,0.00319171428570128,ELIGIBLE,R03b_20260811_FULL_v1,L1_ELIGIBILITY,v2026-08-11,2026-03-21..2026-08-06,baccarat_bet02_101_all_pairs_incl_sentinel,round_win = game_pnl > 0 (decisive only),COMPATIBILITY_ONLY_NOT_PRODUCTION,11099.8534,9053.4112,168.0767,1163,950,-0.01514225,,-0.01514225,-0.01514225,-168.0767,11099.8534,OK,0.0000,6.7231,4.0000,96.0000,AG03-UNRESOLVED,ALL5_LEVELS_bet23_to_bet27,6.7231,6.7231,8.4038,8.4038,8.4038,4.000000,4.000000,5.000000,5.000000,5.000000,96.000000,96.000000,95.000000,95.000000,95.000000,5.0,38.6576,35.2698,129.4191,132.807,PENDING_AG03,FALSE,NOT_FOR_ENFORCEMENT,161.3537,8691.2747,168.0767,161.3537,6.7231,0.01514225,0.01453656,6.7231,161.3537,0.01453656,6.7231,6.7231,8.4038,8.4038,8.4038,161.3537,0.01453656,38.6576,35.2698,129.4191,132.807,0.01165953,0.01196475,0.00060569,9.5442,9.5299,0.1769,12.9290,0.4060,853.8349,73.0769,,9.5442,3.6002,6.4289,12.8578,18.0009,25.7155,38.239,5.4003,0.0,4.0,5.947999,1.484574,29,143,4,2,0E-8,0.01514225,,0E-8,0.000000,0.815633,0.000000,,2026-06-02,2026-06-22,13,414,195,21,0.619048,,,0.000000,,,,,,,,GLOBAL_BASELINE_NO_ENTITY_RANKING,,,NOT_APPLICABLE_GLOBAL_BASELINE,HF9g-P5,,,,X 全窗基线 · 不参与实体赏罚,6872662,688,A168_HF9F_20260827_0900,2026-08-27 09:00:00
2026-06-11,150916076,2176,0,23.1439812791,12.8577673772,12.8577673772,1.0000000,3,2,0.50090561428573025,0.503299400000,0.998190408736125,0.9934228291174827,0.998190408736125,-0.00239378571426975,ELIGIBLE,R03b_20260811_FULL_v1,L1_ELIGIBILITY,v2026-08-11,2026-03-21..2026-08-06,baccarat_bet02_101_all_pairs_incl_sentinel,round_win = game_pnl > 0 (decisive only),COMPATIBILITY_ONLY_NOT_PRODUCTION,11099.8534,9053.4112,168.0767,1163,950,-0.01514225,,-0.01514225,-0.01514225,-168.0767,11099.8534,OK,0.0000,6.7231,4.0000,96.0000,AG03-UNRESOLVED,ALL5_LEVELS_bet23_to_bet27,6.7231,6.7231,8.4038,8.4038,8.4038,4.000000,4.000000,5.000000,5.000000,5.000000,96.000000,96.000000,95.000000,95.000000,95.000000,5.0,38.6576,35.2698,129.4191,132.807,PENDING_AG03,FALSE,NOT_FOR_ENFORCEMENT,161.3537,8691.2747,168.0767,161.3537,6.7231,0.01514225,0.01453656,6.7231,161.3537,0.01453656,6.7231,6.7231,8.4038,8.4038,8.4038,161.3537,0.01453656,38.6576,35.2698,129.4191,132.807,0.01165953,0.01196475,0.00060569,9.5442,9.5299,0.1769,12.9290,0.4060,853.8349,73.0769,,9.5442,3.6002,6.4289,12.8578,18.0009,25.7155,38.239,5.4003,0.0,4.0,5.947999,1.484574,29,143,4,2,0E-8,0.01514225,,0E-8,0.000000,0.815633,0.000000,,2026-06-02,2026-06-22,13,414,195,21,0.619048,,,0.000000,,,,,,,,GLOBAL_BASELINE_NO_ENTITY_RANKING,,,NOT_APPLICABLE_GLOBAL_BASELINE,HF9g-P5,,,,X 全窗基线 · 不参与实体赏罚,6872663,688,A168_HF9F_20260827_0900,2026-08-27 09:00:00
2026-06-11,150916076,2188,0,20.5724278036,10.2862139018,10.2862139018,1.0000000,2,1,0.49659680000000000,0.499948100000,1.0068297220111357,1.0001038053877793,1.0068297220111357,-0.00335130000000000,ELIGIBLE,R03b_20260811_FULL_v1,L1_ELIGIBILITY,v2026-08-11,2026-03-21..2026-08-06,baccarat_bet02_101_all_pairs_incl_sentinel,round_win = game_pnl > 0 (decisive only),COMPATIBILITY_ONLY_NOT_PRODUCTION,11099.8534,9053.4112,168.0767,1163,950,-0.01514225,,-0.01514225,-0.01514225,-168.0767,11099.8534,OK,0.0000,6.7231,4.0000,96.0000,AG03-UNRESOLVED,ALL5_LEVELS_bet23_to_bet27,6.7231,6.7231,8.4038,8.4038,8.4038,4.000000,4.000000,5.000000,5.000000,5.000000,96.000000,96.000000,95.000000,95.000000,95.000000,5.0,38.6576,35.2698,129.4191,132.807,PENDING_AG03,FALSE,NOT_FOR_ENFORCEMENT,161.3537,8691.2747,168.0767,161.3537,6.7231,0.01514225,0.01453656,6.7231,161.3537,0.01453656,6.7231,6.7231,8.4038,8.4038,8.4038,161.3537,0.01453656,38.6576,35.2698,129.4191,132.807,0.01165953,0.01196475,0.00060569,9.5442,9.5299,0.1769,12.9290,0.4060,853.8349,73.0769,,9.5442,3.6002,6.4289,12.8578,18.0009,25.7155,38.239,5.4003,0.0,4.0,5.947999,1.484574,29,143,4,2,0E-8,0.01514225,,0E-8,0.000000,0.815633,0.000000,,2026-06-02,2026-06-22,13,414,195,21,0.619048,,,0.000000,,,,,,,,GLOBAL_BASELINE_NO_ENTITY_RANKING,,,NOT_APPLICABLE_GLOBAL_BASELINE,HF9g-P5,,,,X 全窗基线 · 不参与实体赏罚,6872664,688,A168_HF9F_20260827_0900,2026-08-27 09:00:00
2026-06-11,150916076,2209,0,40.1162342172,-4.2430632344,-4.2430632344,0.2500000,7,4,0.49676679347826595,0.498272450000,-0.9870878114192877,-0.9930957276650746,-0.9870878114192877,-0.00150565652173405,ELIGIBLE,R03b_20260811_FULL_v1,L1_ELIGIBILITY,v2026-08-11,2026-03-21..2026-08-06,baccarat_bet02_101_all_pairs_incl_sentinel,round_win = game_pnl > 0 (decisive only),COMPATIBILITY_ONLY_NOT_PRODUCTION,11099.8534,9053.4112,168.0767,1163,950,-0.01514225,,-0.01514225,-0.01514225,-168.0767,11099.8534,OK,0.0000,6.7231,4.0000,96.0000,AG03-UNRESOLVED,ALL5_LEVELS_bet23_to_bet27,6.7231,6.7231,8.4038,8.4038,8.4038,4.000000,4.000000,5.000000,5.000000,5.000000,96.000000,96.000000,95.000000,95.000000,95.000000,5.0,38.6576,35.2698,129.4191,132.807,PENDING_AG03,FALSE,NOT_FOR_ENFORCEMENT,161.3537,8691.2747,168.0767,161.3537,6.7231,0.01514225,0.01453656,6.7231,161.3537,0.01453656,6.7231,6.7231,8.4038,8.4038,8.4038,161.3537,0.01453656,38.6576,35.2698,129.4191,132.807,0.01165953,0.01196475,0.00060569,9.5442,9.5299,0.1769,12.9290,0.4060,853.8349,73.0769,,9.5442,3.6002,6.4289,12.8578,18.0009,25.7155,38.239,5.4003,0.0,4.0,5.947999,1.484574,29,143,4,2,0E-8,0.01514225,,0E-8,0.000000,0.815633,0.000000,,2026-06-02,2026-06-22,13,414,195,21,0.619048,,,0.000000,,,,,,,,GLOBAL_BASELINE_NO_ENTITY_RANKING,,,NOT_APPLICABLE_GLOBAL_BASELINE,HF9g-P5,,,,X 全窗基线 · 不参与实体赏罚,6872665,688,A168_HF9F_20260827_0900,2026-08-27 09:00:00
2026-06-11,150916076,2224,0,7.7146604264,-2.7001311492,-2.7001311492,0E-7,2,1,0.49771390000005792,0.499948100000,-0.9954382048787214,-0.9998962053866608,-0.9954382048787214,-0.00223419999994208,ELIGIBLE,R03b_20260811_FULL_v1,L1_ELIGIBILITY,v2026-08-11,2026-03-21..2026-08-06,baccarat_bet02_101_all_pairs_incl_sentinel,round_win = game_pnl > 0 (decisive only),COMPATIBILITY_ONLY_NOT_PRODUCTION,11099.8534,9053.4112,168.0767,1163,950,-0.01514225,,-0.01514225,-0.01514225,-168.0767,11099.8534,OK,0.0000,6.7231,4.0000,96.0000,AG03-UNRESOLVED,ALL5_LEVELS_bet23_to_bet27,6.7231,6.7231,8.4038,8.4038,8.4038,4.000000,4.000000,5.000000,5.000000,5.000000,96.000000,96.000000,95.000000,95.000000,95.000000,5.0,38.6576,35.2698,129.4191,132.807,PENDING_AG03,FALSE,NOT_FOR_ENFORCEMENT,161.3537,8691.2747,168.0767,161.3537,6.7231,0.01514225,0.01453656,6.7231,161.3537,0.01453656,6.7231,6.7231,8.4038,8.4038,8.4038,161.3537,0.01453656,38.6576,35.2698,129.4191,132.807,0.01165953,0.01196475,0.00060569,9.5442,9.5299,0.1769,12.9290,0.4060,853.8349,73.0769,,9.5442,3.6002,6.4289,12.8578,18.0009,25.7155,38.239,5.4003,0.0,4.0,5.947999,1.484574,29,143,4,2,0E-8,0.01514225,,0E-8,0.000000,0.815633,0.000000,,2026-06-02,2026-06-22,13,414,195,21,0.619048,,,0.000000,,,,,,,,GLOBAL_BASELINE_NO_ENTITY_RANKING,,,NOT_APPLICABLE_GLOBAL_BASELINE,HF9g-P5,,,,X 全窗基线 · 不参与实体赏罚,6872666,688,A168_HF9F_20260827_0900,2026-08-27 09:00:00
2026-06-11,150916076,2239,0,5.4002622985,-5.4002622985,-5.4002622985,0E-7,1,1,0.49324550000000000,0.493245500000,-0.9865810262130424,-0.9865810262130424,-0.9865810262130424,0E-17,ELIGIBLE,R03b_20260811_FULL_v1,L1_ELIGIBILITY,v2026-08-11,2026-03-21..2026-08-06,baccarat_bet02_101_all_pairs_incl_sentinel,round_win = game_pnl > 0 (decisive only),COMPATIBILITY_ONLY_NOT_PRODUCTION,11099.8534,9053.4112,168.0767,1163,950,-0.01514225,,-0.01514225,-0.01514225,-168.0767,11099.8534,OK,0.0000,6.7231,4.0000,96.0000,AG03-UNRESOLVED,ALL5_LEVELS_bet23_to_bet27,6.7231,6.7231,8.4038,8.4038,8.4038,4.000000,4.000000,5.000000,5.000000,5.000000,96.000000,96.000000,95.000000,95.000000,95.000000,5.0,38.6576,35.2698,129.4191,132.807,PENDING_AG03,FALSE,NOT_FOR_ENFORCEMENT,161.3537,8691.2747,168.0767,161.3537,6.7231,0.01514225,0.01453656,6.7231,161.3537,0.01453656,6.7231,6.7231,8.4038,8.4038,8.4038,161.3537,0.01453656,38.6576,35.2698,129.4191,132.807,0.01165953,0.01196475,0.00060569,9.5442,9.5299,0.1769,12.9290,0.4060,853.8349,73.0769,,9.5442,3.6002,6.4289,12.8578,18.0009,25.7155,38.239,5.4003,0.0,4.0,5.947999,1.484574,29,143,4,2,0E-8,0.01514225,,0E-8,0.000000,0.815633,0.000000,,2026-06-02,2026-06-22,13,414,195,21,0.619048,,,0.000000,,,,,,,,GLOBAL_BASELINE_NO_ENTITY_RANKING,,,NOT_APPLICABLE_GLOBAL_BASELINE,HF9g-P5,,,,X 全窗基线 · 不参与实体赏罚,6872667,688,A168_HF9F_20260827_0900,2026-08-27 09:00:00
2026-06-11,150916076,2246,0,55.5455550696,0.8743281818,0.8743281818,0.5000000,6,4,0.49659680000000000,0.496596800000,0.013613115331600182,0.013613115331600183,0.013613115331600182,0E-17,ELIGIBLE,R03b_20260811_FULL_v1,L1_ELIGIBILITY,v2026-08-11,2026-03-21..2026-08-06,baccarat_bet02_101_all_pairs_incl_sentinel,round_win = game_pnl > 0 (decisive only),COMPATIBILITY_ONLY_NOT_PRODUCTION,11099.8534,9053.4112,168.0767,1163,950,-0.01514225,,-0.01514225,-0.01514225,-168.0767,11099.8534,OK,0.0000,6.7231,4.0000,96.0000,AG03-UNRESOLVED,ALL5_LEVELS_bet23_to_bet27,6.7231,6.7231,8.4038,8.4038,8.4038,4.000000,4.000000,5.000000,5.000000,5.000000,96.000000,96.000000,95.000000,95.000000,95.000000,5.0,38.6576,35.2698,129.4191,132.807,PENDING_AG03,FALSE,NOT_FOR_ENFORCEMENT,161.3537,8691.2747,168.0767,161.3537,6.7231,0.01514225,0.01453656,6.7231,161.3537,0.01453656,6.7231,6.7231,8.4038,8.4038,8.4038,161.3537,0.01453656,38.6576,35.2698,129.4191,132.807,0.01165953,0.01196475,0.00060569,9.5442,9.5299,0.1769,12.9290,0.4060,853.8349,73.0769,,9.5442,3.6002,6.4289,12.8578,18.0009,25.7155,38.239,5.4003,0.0,4.0,5.947999,1.484574,29,143,4,2,0E-8,0.01514225,,0E-8,0.000000,0.815633,0.000000,,2026-06-02,2026-06-22,13,414,195,21,0.619048,,,0.000000,,,,,,,,GLOBAL_BASELINE_NO_ENTITY_RANKING,,,NOT_APPLICABLE_GLOBAL_BASELINE,HF9g-P5,,,,X 全窗基线 · 不参与实体赏罚,6872668,688,A168_HF9F_20260827_0900,2026-08-27 09:00:00
2026-06-11,150916076,2251,0,106.2051585364,16.8051019620,16.8051019620,0.5555556,12,9,0.50235193370370435,0.502927033333,0.3192252627785563,0.315776544228018,0.3192252627785563,-0.00057509962929565,ELIGIBLE,R03b_20260811_FULL_v1,L1_ELIGIBILITY,v2026-08-11,2026-03-21..2026-08-06,baccarat_bet02_101_all_pairs_incl_sentinel,round_win = game_pnl > 0 (decisive only),COMPATIBILITY_ONLY_NOT_PRODUCTION,11099.8534,9053.4112,168.0767,1163,950,-0.01514225,,-0.01514225,-0.01514225,-168.0767,11099.8534,OK,0.0000,6.7231,4.0000,96.0000,AG03-UNRESOLVED,ALL5_LEVELS_bet23_to_bet27,6.7231,6.7231,8.4038,8.4038,8.4038,4.000000,4.000000,5.000000,5.000000,5.000000,96.000000,96.000000,95.000000,95.000000,95.000000,5.0,38.6576,35.2698,129.4191,132.807,PENDING_AG03,FALSE,NOT_FOR_ENFORCEMENT,161.3537,8691.2747,168.0767,161.3537,6.7231,0.01514225,0.01453656,6.7231,161.3537,0.01453656,6.7231,6.7231,8.4038,8.4038,8.4038,161.3537,0.01453656,38.6576,35.2698,129.4191,132.807,0.01165953,0.01196475,0.00060569,9.5442,9.5299,0.1769,12.9290,0.4060,853.8349,73.0769,,9.5442,3.6002,6.4289,12.8578,18.0009,25.7155,38.239,5.4003,0.0,4.0,5.947999,1.484574,29,143,4,2,0E-8,0.01514225,,0E-8,0.000000,0.815633,0.000000,,2026-06-02,2026-06-22,13,414,195,21,0.619048,,,0.000000,,,,,,,,GLOBAL_BASELINE_NO_ENTITY_RANKING,,,NOT_APPLICABLE_GLOBAL_BASELINE,HF9g-P5,,,,X 全窗基线 · 不参与实体赏罚,6872669,688,A168_HF9F_20260827_0900,2026-08-27 09:00:00
2026-06-11,150916076,2256,0,19.5438064135,0E-10,0E-10,,2,1,0.49518572631578496,0.499948100000,,,,-0.00476237368421504,NO_DECISIVE_ROUND,R03b_20260811_FULL_v1,L1_ELIGIBILITY,v2026-08-11,2026-03-21..2026-08-06,baccarat_bet02_101_all_pairs_incl_sentinel,round_win = game_pnl > 0 (decisive only),COMPATIBILITY_ONLY_NOT_PRODUCTION,11099.8534,9053.4112,168.0767,1163,950,-0.01514225,,-0.01514225,-0.01514225,-168.0767,11099.8534,OK,0.0000,6.7231,4.0000,96.0000,AG03-UNRESOLVED,ALL5_LEVELS_bet23_to_bet27,6.7231,6.7231,8.4038,8.4038,8.4038,4.000000,4.000000,5.000000,5.000000,5.000000,96.000000,96.000000,95.000000,95.000000,95.000000,5.0,38.6576,35.2698,129.4191,132.807,PENDING_AG03,FALSE,NOT_FOR_ENFORCEMENT,161.3537,8691.2747,168.0767,161.3537,6.7231,0.01514225,0.01453656,6.7231,161.3537,0.01453656,6.7231,6.7231,8.4038,8.4038,8.4038,161.3537,0.01453656,38.6576,35.2698,129.4191,132.807,0.01165953,0.01196475,0.00060569,9.5442,9.5299,0.1769,12.9290,0.4060,853.8349,73.0769,,9.5442,3.6002,6.4289,12.8578,18.0009,25.7155,38.239,5.4003,0.0,4.0,5.947999,1.484574,29,143,4,2,0E-8,0.01514225,,0E-8,0.000000,0.815633,0.000000,,2026-06-02,2026-06-22,13,414,195,21,0.619048,,,0.000000,,,,,,,,GLOBAL_BASELINE_NO_ENTITY_RANKING,,,NOT_APPLICABLE_GLOBAL_BASELINE,HF9g-P5,,,,X 全窗基线 · 不参与实体赏罚,6872670,688,A168_HF9F_20260827_0900,2026-08-27 09:00:00
2026-06-11,150916076,2261,0,15.4293208528,-5.4002622984,-5.4002622984,0.5000000,3,2,0.50128862000002085,0.503299400000,-0.003644779866185993,-0.009332315641528947,-0.003644779866185993,-0.00201077999997915,ELIGIBLE,R03b_20260811_FULL_v1,L1_ELIGIBILITY,v2026-08-11,2026-03-21..2026-08-06,baccarat_bet02_101_all_pairs_incl_sentinel,round_win = game_pnl > 0 (decisive only),COMPATIBILITY_ONLY_NOT_PRODUCTION,11099.8534,9053.4112,168.0767,1163,950,-0.01514225,,-0.01514225,-0.01514225,-168.0767,11099.8534,OK,0.0000,6.7231,4.0000,96.0000,AG03-UNRESOLVED,ALL5_LEVELS_bet23_to_bet27,6.7231,6.7231,8.4038,8.4038,8.4038,4.000000,4.000000,5.000000,5.000000,5.000000,96.000000,96.000000,95.000000,95.000000,95.000000,5.0,38.6576,35.2698,129.4191,132.807,PENDING_AG03,FALSE,NOT_FOR_ENFORCEMENT,161.3537,8691.2747,168.0767,161.3537,6.7231,0.01514225,0.01453656,6.7231,161.3537,0.01453656,6.7231,6.7231,8.4038,8.4038,8.4038,161.3537,0.01453656,38.6576,35.2698,129.4191,132.807,0.01165953,0.01196475,0.00060569,9.5442,9.5299,0.1769,12.9290,0.4060,853.8349,73.0769,,9.5442,3.6002,6.4289,12.8578,18.0009,25.7155,38.239,5.4003,0.0,4.0,5.947999,1.484574,29,143,4,2,0E-8,0.01514225,,0E-8,0.000000,0.815633,0.000000,,2026-06-02,2026-06-22,13,414,195,21,0.619048,,,0.000000,,,,,,,,GLOBAL_BASELINE_NO_ENTITY_RANKING,,,NOT_APPLICABLE_GLOBAL_BASELINE,HF9g-P5,,,,X 全窗基线 · 不参与实体赏罚,6872671,688,A168_HF9F_20260827_0900,2026-08-27 09:00:00
2026-06-11,150916076,2266,0,32.1444184432,7.9718157739,7.9718157739,0.5000000,3,2,0.49920336666665380,0.496596800000,0.002253222188415946,0.009625926164049045,0.002253222188415946,0.00260656666665380,ELIGIBLE,R03b_20260811_FULL_v1,L1_ELIGIBILITY,v2026-08-11,2026-03-21..2026-08-06,baccarat_bet02_101_all_pairs_incl_sentinel,round_win = game_pnl > 0 (decisive only),COMPATIBILITY_ONLY_NOT_PRODUCTION,11099.8534,9053.4112,168.0767,1163,950,-0.01514225,,-0.01514225,-0.01514225,-168.0767,11099.8534,OK,0.0000,6.7231,4.0000,96.0000,AG03-UNRESOLVED,ALL5_LEVELS_bet23_to_bet27,6.7231,6.7231,8.4038,8.4038,8.4038,4.000000,4.000000,5.000000,5.000000,5.000000,96.000000,96.000000,95.000000,95.000000,95.000000,5.0,38.6576,35.2698,129.4191,132.807,PENDING_AG03,FALSE,NOT_FOR_ENFORCEMENT,161.3537,8691.2747,168.0767,161.3537,6.7231,0.01514225,0.01453656,6.7231,161.3537,0.01453656,6.7231,6.7231,8.4038,8.4038,8.4038,161.3537,0.01453656,38.6576,35.2698,129.4191,132.807,0.01165953,0.01196475,0.00060569,9.5442,9.5299,0.1769,12.9290,0.4060,853.8349,73.0769,,9.5442,3.6002,6.4289,12.8578,18.0009,25.7155,38.239,5.4003,0.0,4.0,5.947999,1.484574,29,143,4,2,0E-8,0.01514225,,0E-8,0.000000,0.815633,0.000000,,2026-06-02,2026-06-22,13,414,195,21,0.619048,,,0.000000,,,,,,,,GLOBAL_BASELINE_NO_ENTITY_RANKING,,,NOT_APPLICABLE_GLOBAL_BASELINE,HF9g-P5,,,,X 全窗基线 · 不参与实体赏罚,6872672,688,A168_HF9F_20260827_0900,2026-08-27 09:00:00
2026-06-11,150916076,2267,0,15.4293208528,9.6433255329,9.6433255329,1.0000000,2,1,0.50441649999997104,0.499948100000,0.9912056686236487,1.0001038053877793,0.9912056686236487,0.00446839999997104,ELIGIBLE,R03b_20260811_FULL_v1,L1_ELIGIBILITY,v2026-08-11,2026-03-21..2026-08-06,baccarat_bet02_101_all_pairs_incl_sentinel,round_win = game_pnl > 0 (decisive only),COMPATIBILITY_ONLY_NOT_PRODUCTION,11099.8534,9053.4112,168.0767,1163,950,-0.01514225,,-0.01514225,-0.01514225,-168.0767,11099.8534,OK,0.0000,6.7231,4.0000,96.0000,AG03-UNRESOLVED,ALL5_LEVELS_bet23_to_bet27,6.7231,6.7231,8.4038,8.4038,8.4038,4.000000,4.000000,5.000000,5.000000,5.000000,96.000000,96.000000,95.000000,95.000000,95.000000,5.0,38.6576,35.2698,129.4191,132.807,PENDING_AG03,FALSE,NOT_FOR_ENFORCEMENT,161.3537,8691.2747,168.0767,161.3537,6.7231,0.01514225,0.01453656,6.7231,161.3537,0.01453656,6.7231,6.7231,8.4038,8.4038,8.4038,161.3537,0.01453656,38.6576,35.2698,129.4191,132.807,0.01165953,0.01196475,0.00060569,9.5442,9.5299,0.1769,12.9290,0.4060,853.8349,73.0769,,9.5442,3.6002,6.4289,12.8578,18.0009,25.7155,38.239,5.4003,0.0,4.0,5.947999,1.484574,29,143,4,2,0E-8,0.01514225,,0E-8,0.000000,0.815633,0.000000,,2026-06-02,2026-06-22,13,414,195,21,0.619048,,,0.000000,,,,,,,,GLOBAL_BASELINE_NO_ENTITY_RANKING,,,NOT_APPLICABLE_GLOBAL_BASELINE,HF9g-P5,,,,X 全窗基线 · 不参与实体赏罚,6872673,688,A168_HF9F_20260827_0900,2026-08-27 09:00:00
2026-06-11,150916076,2281,0,23.1439812792,17.7437189807,17.7437189807,1.0000000,4,3,0.49845863333334299,0.499948100000,1.7373985138096764,1.7322306037746105,1.7373985138096764,-0.00148946666665701,ELIGIBLE,R03b_20260811_FULL_v1,L1_ELIGIBILITY,v2026-08-11,2026-03-21..2026-08-06,baccarat_bet02_101_all_pairs_incl_sentinel,round_win = game_pnl > 0 (decisive only),COMPATIBILITY_ONLY_NOT_PRODUCTION,11099.8534,9053.4112,168.0767,1163,950,-0.01514225,,-0.01514225,-0.01514225,-168.0767,11099.8534,OK,0.0000,6.7231,4.0000,96.0000,AG03-UNRESOLVED,ALL5_LEVELS_bet23_to_bet27,6.7231,6.7231,8.4038,8.4038,8.4038,4.000000,4.000000,5.000000,5.000000,5.000000,96.000000,96.000000,95.000000,95.000000,95.000000,5.0,38.6576,35.2698,129.4191,132.807,PENDING_AG03,FALSE,NOT_FOR_ENFORCEMENT,161.3537,8691.2747,168.0767,161.3537,6.7231,0.01514225,0.01453656,6.7231,161.3537,0.01453656,6.7231,6.7231,8.4038,8.4038,8.4038,161.3537,0.01453656,38.6576,35.2698,129.4191,132.807,0.01165953,0.01196475,0.00060569,9.5442,9.5299,0.1769,12.9290,0.4060,853.8349,73.0769,,9.5442,3.6002,6.4289,12.8578,18.0009,25.7155,38.239,5.4003,0.0,4.0,5.947999,1.484574,29,143,4,2,0E-8,0.01514225,,0E-8,0.000000,0.815633,0.000000,,2026-06-02,2026-06-22,13,414,195,21,0.619048,,,0.000000,,,,,,,,GLOBAL_BASELINE_NO_ENTITY_RANKING,,,NOT_APPLICABLE_GLOBAL_BASELINE,HF9g-P5,,,,X 全窗基线 · 不参与实体赏罚,6872674,688,A168_HF9F_20260827_0900,2026-08-27 09:00:00
2026-06-11,150916076,471,0,2.5715534755,-2.5715534755,-2.5715534755,0E-7,1,1,0.50665070000000000,0.506650700000,-1.013391052207602,-1.013391052207602,-1.013391052207602,0E-17,ELIGIBLE,R03b_20260811_FULL_v1,L1_ELIGIBILITY,v2026-08-11,2026-03-21..2026-08-06,baccarat_bet02_101_all_pairs_incl_sentinel,round_win = game_pnl > 0 (decisive only),COMPATIBILITY_ONLY_NOT_PRODUCTION,11099.8534,9053.4112,168.0767,1163,950,-0.01514225,,-0.01514225,-0.01514225,-168.0767,11099.8534,OK,0.0000,6.7231,4.0000,96.0000,AG03-UNRESOLVED,ALL5_LEVELS_bet23_to_bet27,6.7231,6.7231,8.4038,8.4038,8.4038,4.000000,4.000000,5.000000,5.000000,5.000000,96.000000,96.000000,95.000000,95.000000,95.000000,5.0,38.6576,35.2698,129.4191,132.807,PENDING_AG03,FALSE,NOT_FOR_ENFORCEMENT,161.3537,8691.2747,168.0767,161.3537,6.7231,0.01514225,0.01453656,6.7231,161.3537,0.01453656,6.7231,6.7231,8.4038,8.4038,8.4038,161.3537,0.01453656,38.6576,35.2698,129.4191,132.807,0.01165953,0.01196475,0.00060569,9.5442,9.5299,0.1769,12.9290,0.4060,853.8349,73.0769,,9.5442,3.6002,6.4289,12.8578,18.0009,25.7155,38.239,5.4003,0.0,4.0,5.947999,1.484574,29,143,4,2,0E-8,0.01514225,,0E-8,0.000000,0.815633,0.000000,,2026-06-02,2026-06-22,13,414,195,21,0.619048,,,0.000000,,,,,,,,GLOBAL_BASELINE_NO_ENTITY_RANKING,,,NOT_APPLICABLE_GLOBAL_BASELINE,HF9g-P5,,,,X 全窗基线 · 不参与实体赏罚,6872675,688,A168_HF9F_20260827_0900,2026-08-27 09:00:00
2026-06-11,150916076,529,0,2.5715534755,-2.5715534755,-2.5715534755,0E-7,1,1,0.50665070000000000,0.506650700000,-1.013391052207602,-1.013391052207602,-1.013391052207602,0E-17,ELIGIBLE,R03b_20260811_FULL_v1,L1_ELIGIBILITY,v2026-08-11,2026-03-21..2026-08-06,baccarat_bet02_101_all_pairs_incl_sentinel,round_win = game_pnl > 0 (decisive only),COMPATIBILITY_ONLY_NOT_PRODUCTION,11099.8534,9053.4112,168.0767,1163,950,-0.01514225,,-0.01514225,-0.01514225,-168.0767,11099.8534,OK,0.0000,6.7231,4.0000,96.0000,AG03-UNRESOLVED,ALL5_LEVELS_bet23_to_bet27,6.7231,6.7231,8.4038,8.4038,8.4038,4.000000,4.000000,5.000000,5.000000,5.000000,96.000000,96.000000,95.000000,95.000000,95.000000,5.0,38.6576,35.2698,129.4191,132.807,PENDING_AG03,FALSE,NOT_FOR_ENFORCEMENT,161.3537,8691.2747,168.0767,161.3537,6.7231,0.01514225,0.01453656,6.7231,161.3537,0.01453656,6.7231,6.7231,8.4038,8.4038,8.4038,161.3537,0.01453656,38.6576,35.2698,129.4191,132.807,0.01165953,0.01196475,0.00060569,9.5442,9.5299,0.1769,12.9290,0.4060,853.8349,73.0769,,9.5442,3.6002,6.4289,12.8578,18.0009,25.7155,38.239,5.4003,0.0,4.0,5.947999,1.484574,29,143,4,2,0E-8,0.01514225,,0E-8,0.000000,0.815633,0.000000,,2026-06-02,2026-06-22,13,414,195,21,0.619048,,,0.000000,,,,,,,,GLOBAL_BASELINE_NO_ENTITY_RANKING,,,NOT_APPLICABLE_GLOBAL_BASELINE,HF9g-P5,,,,X 全窗基线 · 不参与实体赏罚,6872676,688,A168_HF9F_20260827_0900,2026-08-27 09:00:00
2026-06-11,150916076,948,0,3.0858641705,-3.0858641705,-3.0858641705,0E-7,1,1,0.49324550000000000,0.493245500000,-0.9865810262130424,-0.9865810262130424,-0.9865810262130424,0E-17,ELIGIBLE,R03b_20260811_FULL_v1,L1_ELIGIBILITY,v2026-08-11,2026-03-21..2026-08-06,baccarat_bet02_101_all_pairs_incl_sentinel,round_win = game_pnl > 0 (decisive only),COMPATIBILITY_ONLY_NOT_PRODUCTION,11099.8534,9053.4112,168.0767,1163,950,-0.01514225,,-0.01514225,-0.01514225,-168.0767,11099.8534,OK,0.0000,6.7231,4.0000,96.0000,AG03-UNRESOLVED,ALL5_LEVELS_bet23_to_bet27,6.7231,6.7231,8.4038,8.4038,8.4038,4.000000,4.000000,5.000000,5.000000,5.000000,96.000000,96.000000,95.000000,95.000000,95.000000,5.0,38.6576,35.2698,129.4191,132.807,PENDING_AG03,FALSE,NOT_FOR_ENFORCEMENT,161.3537,8691.2747,168.0767,161.3537,6.7231,0.01514225,0.01453656,6.7231,161.3537,0.01453656,6.7231,6.7231,8.4038,8.4038,8.4038,161.3537,0.01453656,38.6576,35.2698,129.4191,132.807,0.01165953,0.01196475,0.00060569,9.5442,9.5299,0.1769,12.9290,0.4060,853.8349,73.0769,,9.5442,3.6002,6.4289,12.8578,18.0009,25.7155,38.239,5.4003,0.0,4.0,5.947999,1.484574,29,143,4,2,0E-8,0.01514225,,0E-8,0.000000,0.815633,0.000000,,2026-06-02,2026-06-22,13,414,195,21,0.619048,,,0.000000,,,,,,,,GLOBAL_BASELINE_NO_ENTITY_RANKING,,,NOT_APPLICABLE_GLOBAL_BASELINE,HF9g-P5,,,,X 全窗基线 · 不参与实体赏罚,6872677,688,A168_HF9F_20260827_0900,2026-08-27 09:00:00
2026-06-11,150916076,970,0,18.0008743283,12.7291897035,12.7291897035,1.0000000,3,2,0.50106520000001448,0.503299400000,1.4112039242514087,1.4049120381089935,1.4112039242514087,-0.00223419999998552,ELIGIBLE,R03b_20260811_FULL_v1,L1_ELIGIBILITY,v2026-08-11,2026-03-21..2026-08-06,baccarat_bet02_101_all_pairs_incl_sentinel,round_win = game_pnl > 0 (decisive only),COMPATIBILITY_ONLY_NOT_PRODUCTION,11099.8534,9053.4112,168.0767,1163,950,-0.01514225,,-0.01514225,-0.01514225,-168.0767,11099.8534,OK,0.0000,6.7231,4.0000,96.0000,AG03-UNRESOLVED,ALL5_LEVELS_bet23_to_bet27,6.7231,6.7231,8.4038,8.4038,8.4038,4.000000,4.000000,5.000000,5.000000,5.000000,96.000000,96.000000,95.000000,95.000000,95.000000,5.0,38.6576,35.2698,129.4191,132.807,PENDING_AG03,FALSE,NOT_FOR_ENFORCEMENT,161.3537,8691.2747,168.0767,161.3537,6.7231,0.01514225,0.01453656,6.7231,161.3537,0.01453656,6.7231,6.7231,8.4038,8.4038,8.4038,161.3537,0.01453656,38.6576,35.2698,129.4191,132.807,0.01165953,0.01196475,0.00060569,9.5442,9.5299,0.1769,12.9290,0.4060,853.8349,73.0769,,9.5442,3.6002,6.4289,12.8578,18.0009,25.7155,38.239,5.4003,0.0,4.0,5.947999,1.484574,29,143,4,2,0E-8,0.01514225,,0E-8,0.000000,0.815633,0.000000,,2026-06-02,2026-06-22,13,414,195,21,0.619048,,,0.000000,,,,,,,,GLOBAL_BASELINE_NO_ENTITY_RANKING,,,NOT_APPLICABLE_GLOBAL_BASELINE,HF9g-P5,,,,X 全窗基线 · 不参与实体赏罚,6872678,688,A168_HF9F_20260827_0900,2026-08-27 09:00:00
2026-06-14,150916076,-1,1,389.0760408368,-68.8790598401,-68.8790598401,0.3181818,36,25,0.49784880047521218,0.499411892000,-1.685441289906335,-1.7000899648056331,-1.685441289906335,-0.00156309152478782,SENTINEL_DEALER,R03b_20260811_FULL_v1,L1_ELIGIBILITY,v2026-08-11,2026-03-21..2026-08-06,baccarat_bet02_101_all_pairs_incl_sentinel,round_win = game_pnl > 0 (decisive only),COMPATIBILITY_ONLY_NOT_PRODUCTION,11099.8534,9053.4112,168.0767,1163,950,-0.01514225,,-0.01514225,-0.01514225,-168.0767,11099.8534,OK,0.0000,6.7231,4.0000,96.0000,AG03-UNRESOLVED,ALL5_LEVELS_bet23_to_bet27,6.7231,6.7231,8.4038,8.4038,8.4038,4.000000,4.000000,5.000000,5.000000,5.000000,96.000000,96.000000,95.000000,95.000000,95.000000,5.0,38.6576,35.2698,129.4191,132.807,PENDING_AG03,FALSE,NOT_FOR_ENFORCEMENT,161.3537,8691.2747,168.0767,161.3537,6.7231,0.01514225,0.01453656,6.7231,161.3537,0.01453656,6.7231,6.7231,8.4038,8.4038,8.4038,161.3537,0.01453656,38.6576,35.2698,129.4191,132.807,0.01165953,0.01196475,0.00060569,9.5442,9.5299,0.1769,12.9290,0.4060,853.8349,73.0769,,9.5442,3.6002,6.4289,12.8578,18.0009,25.7155,38.239,5.4003,0.0,4.0,5.947999,1.484574,29,143,4,2,0E-8,0.01514225,,0E-8,0.000000,0.815633,0.000000,,2026-06-02,2026-06-22,13,414,195,21,0.619048,,,0.000000,,,,,,,,GLOBAL_BASELINE_NO_ENTITY_RANKING,,,NOT_APPLICABLE_GLOBAL_BASELINE,HF9g-P5,,,,X 全窗基线 · 不参与实体赏罚,6872679,688,A168_HF9F_20260827_0900,2026-08-27 09:00:00
2026-06-14,150916076,1110,0,85.8898860801,-38.7533108750,-38.7533108750,0.4000000,7,5,0.49938600674101873,0.501288620000,-0.4444680692884767,-0.4529779837142727,-0.4444680692884767,-0.00190261325898127,ELIGIBLE,R03b_20260811_FULL_v1,L1_ELIGIBILITY,v2026-08-11,2026-03-21..2026-08-06,baccarat_bet02_101_all_pairs_incl_sentinel,round_win = game_pnl > 0 (decisive only),COMPATIBILITY_ONLY_NOT_PRODUCTION,11099.8534,9053.4112,168.0767,1163,950,-0.01514225,,-0.01514225,-0.01514225,-168.0767,11099.8534,OK,0.0000,6.7231,4.0000,96.0000,AG03-UNRESOLVED,ALL5_LEVELS_bet23_to_bet27,6.7231,6.7231,8.4038,8.4038,8.4038,4.000000,4.000000,5.000000,5.000000,5.000000,96.000000,96.000000,95.000000,95.000000,95.000000,5.0,38.6576,35.2698,129.4191,132.807,PENDING_AG03,FALSE,NOT_FOR_ENFORCEMENT,161.3537,8691.2747,168.0767,161.3537,6.7231,0.01514225,0.01453656,6.7231,161.3537,0.01453656,6.7231,6.7231,8.4038,8.4038,8.4038,161.3537,0.01453656,38.6576,35.2698,129.4191,132.807,0.01165953,0.01196475,0.00060569,9.5442,9.5299,0.1769,12.9290,0.4060,853.8349,73.0769,,9.5442,3.6002,6.4289,12.8578,18.0009,25.7155,38.239,5.4003,0.0,4.0,5.947999,1.484574,29,143,4,2,0E-8,0.01514225,,0E-8,0.000000,0.815633,0.000000,,2026-06-02,2026-06-22,13,414,195,21,0.619048,,,0.000000,,,,,,,,GLOBAL_BASELINE_NO_ENTITY_RANKING,,,NOT_APPLICABLE_GLOBAL_BASELINE,HF9g-P5,,,,X 全窗基线 · 不参与实体赏罚,6872680,688,A168_HF9F_20260827_0900,2026-08-27 09:00:00
2026-06-14,150916076,1151,0,121.3773240415,-29.8300203152,-29.8300203152,0.5000000,12,9,0.49642367367965730,0.496969166667,0.020231274269866026,0.017145297413891057,0.020231274269866026,-0.00054549298734270,ELIGIBLE,R03b_20260811_FULL_v1,L1_ELIGIBILITY,v2026-08-11,2026-03-21..2026-08-06,baccarat_bet02_101_all_pairs_incl_sentinel,round_win = game_pnl > 0 (decisive only),COMPATIBILITY_ONLY_NOT_PRODUCTION,11099.8534,9053.4112,168.0767,1163,950,-0.01514225,,-0.01514225,-0.01514225,-168.0767,11099.8534,OK,0.0000,6.7231,4.0000,96.0000,AG03-UNRESOLVED,ALL5_LEVELS_bet23_to_bet27,6.7231,6.7231,8.4038,8.4038,8.4038,4.000000,4.000000,5.000000,5.000000,5.000000,96.000000,96.000000,95.000000,95.000000,95.000000,5.0,38.6576,35.2698,129.4191,132.807,PENDING_AG03,FALSE,NOT_FOR_ENFORCEMENT,161.3537,8691.2747,168.0767,161.3537,6.7231,0.01514225,0.01453656,6.7231,161.3537,0.01453656,6.7231,6.7231,8.4038,8.4038,8.4038,161.3537,0.01453656,38.6576,35.2698,129.4191,132.807,0.01165953,0.01196475,0.00060569,9.5442,9.5299,0.1769,12.9290,0.4060,853.8349,73.0769,,9.5442,3.6002,6.4289,12.8578,18.0009,25.7155,38.239,5.4003,0.0,4.0,5.947999,1.484574,29,143,4,2,0E-8,0.01514225,,0E-8,0.000000,0.815633,0.000000,,2026-06-02,2026-06-22,13,414,195,21,0.619048,,,0.000000,,,,,,,,GLOBAL_BASELINE_NO_ENTITY_RANKING,,,NOT_APPLICABLE_GLOBAL_BASELINE,HF9g-P5,,,,X 全窗基线 · 不参与实体赏罚,6872681,688,A168_HF9F_20260827_0900,2026-08-27 09:00:00
2026-06-14,150916076,1157,0,30.6014863580,7.9589580066,7.9589580066,0.5000000,5,3,0.50481367221162061,0.502182300000,-0.013615752060774658,-0.00617253530718887,-0.013615752060774658,0.00263137221162061,ELIGIBLE,R03b_20260811_FULL_v1,L1_ELIGIBILITY,v2026-08-11,2026-03-21..2026-08-06,baccarat_bet02_101_all_pairs_incl_sentinel,round_win = game_pnl > 0 (decisive only),COMPATIBILITY_ONLY_NOT_PRODUCTION,11099.8534,9053.4112,168.0767,1163,950,-0.01514225,,-0.01514225,-0.01514225,-168.0767,11099.8534,OK,0.0000,6.7231,4.0000,96.0000,AG03-UNRESOLVED,ALL5_LEVELS_bet23_to_bet27,6.7231,6.7231,8.4038,8.4038,8.4038,4.000000,4.000000,5.000000,5.000000,5.000000,96.000000,96.000000,95.000000,95.000000,95.000000,5.0,38.6576,35.2698,129.4191,132.807,PENDING_AG03,FALSE,NOT_FOR_ENFORCEMENT,161.3537,8691.2747,168.0767,161.3537,6.7231,0.01514225,0.01453656,6.7231,161.3537,0.01453656,6.7231,6.7231,8.4038,8.4038,8.4038,161.3537,0.01453656,38.6576,35.2698,129.4191,132.807,0.01165953,0.01196475,0.00060569,9.5442,9.5299,0.1769,12.9290,0.4060,853.8349,73.0769,,9.5442,3.6002,6.4289,12.8578,18.0009,25.7155,38.239,5.4003,0.0,4.0,5.947999,1.484574,29,143,4,2,0E-8,0.01514225,,0E-8,0.000000,0.815633,0.000000,,2026-06-02,2026-06-22,13,414,195,21,0.619048,,,0.000000,,,,,,,,GLOBAL_BASELINE_NO_ENTITY_RANKING,,,NOT_APPLICABLE_GLOBAL_BASELINE,HF9g-P5,,,,X 全窗基线 · 不参与实体赏罚,6872682,688,A168_HF9F_20260827_0900,2026-08-27 09:00:00
2026-06-14,150916076,1306,0,12.8577673772,0E-10,0E-10,0.5000000,2,2,0.49994810000000000,0.499948100000,0.00014679536856514622,0.00014679536856514622,0.00014679536856514622,0E-17,ELIGIBLE,R03b_20260811_FULL_v1,L1_ELIGIBILITY,v2026-08-11,2026-03-21..2026-08-06,baccarat_bet02_101_all_pairs_incl_sentinel,round_win = game_pnl > 0 (decisive only),COMPATIBILITY_ONLY_NOT_PRODUCTION,11099.8534,9053.4112,168.0767,1163,950,-0.01514225,,-0.01514225,-0.01514225,-168.0767,11099.8534,OK,0.0000,6.7231,4.0000,96.0000,AG03-UNRESOLVED,ALL5_LEVELS_bet23_to_bet27,6.7231,6.7231,8.4038,8.4038,8.4038,4.000000,4.000000,5.000000,5.000000,5.000000,96.000000,96.000000,95.000000,95.000000,95.000000,5.0,38.6576,35.2698,129.4191,132.807,PENDING_AG03,FALSE,NOT_FOR_ENFORCEMENT,161.3537,8691.2747,168.0767,161.3537,6.7231,0.01514225,0.01453656,6.7231,161.3537,0.01453656,6.7231,6.7231,8.4038,8.4038,8.4038,161.3537,0.01453656,38.6576,35.2698,129.4191,132.807,0.01165953,0.01196475,0.00060569,9.5442,9.5299,0.1769,12.9290,0.4060,853.8349,73.0769,,9.5442,3.6002,6.4289,12.8578,18.0009,25.7155,38.239,5.4003,0.0,4.0,5.947999,1.484574,29,143,4,2,0E-8,0.01514225,,0E-8,0.000000,0.815633,0.000000,,2026-06-02,2026-06-22,13,414,195,21,0.619048,,,0.000000,,,,,,,,GLOBAL_BASELINE_NO_ENTITY_RANKING,,,NOT_APPLICABLE_GLOBAL_BASELINE,HF9g-P5,,,,X 全窗基线 · 不参与实体赏罚,6872683,688,A168_HF9F_20260827_0900,2026-08-27 09:00:00
2026-06-14,150916076,1318,0,49.6309820763,37.4546763700,37.4546763700,0.8333333,6,6,0.50441650000000000,0.504416500000,1.6114196831874958,1.6114196831874958,1.6114196831874958,0E-17,ELIGIBLE,R03b_20260811_FULL_v1,L1_ELIGIBILITY,v2026-08-11,2026-03-21..2026-08-06,baccarat_bet02_101_all_pairs_incl_sentinel,round_win = game_pnl > 0 (decisive only),COMPATIBILITY_ONLY_NOT_PRODUCTION,11099.8534,9053.4112,168.0767,1163,950,-0.01514225,,-0.01514225,-0.01514225,-168.0767,11099.8534,OK,0.0000,6.7231,4.0000,96.0000,AG03-UNRESOLVED,ALL5_LEVELS_bet23_to_bet27,6.7231,6.7231,8.4038,8.4038,8.4038,4.000000,4.000000,5.000000,5.000000,5.000000,96.000000,96.000000,95.000000,95.000000,95.000000,5.0,38.6576,35.2698,129.4191,132.807,PENDING_AG03,FALSE,NOT_FOR_ENFORCEMENT,161.3537,8691.2747,168.0767,161.3537,6.7231,0.01514225,0.01453656,6.7231,161.3537,0.01453656,6.7231,6.7231,8.4038,8.4038,8.4038,161.3537,0.01453656,38.6576,35.2698,129.4191,132.807,0.01165953,0.01196475,0.00060569,9.5442,9.5299,0.1769,12.9290,0.4060,853.8349,73.0769,,9.5442,3.6002,6.4289,12.8578,18.0009,25.7155,38.239,5.4003,0.0,4.0,5.947999,1.484574,29,143,4,2,0E-8,0.01514225,,0E-8,0.000000,0.815633,0.000000,,2026-06-02,2026-06-22,13,414,195,21,0.619048,,,0.000000,,,,,,,,GLOBAL_BASELINE_NO_ENTITY_RANKING,,,NOT_APPLICABLE_GLOBAL_BASELINE,HF9g-P5,,,,X 全窗基线 · 不参与实体赏罚,6872684,688,A168_HF9F_20260827_0900,2026-08-27 09:00:00
2026-06-14,150916076,1323,0,6.9431943837,-6.9431943837,-6.9431943837,0E-7,1,1,0.50665070000000000,0.506650700000,-1.013391052207602,-1.013391052207602,-1.013391052207602,0E-17,ELIGIBLE,R03b_20260811_FULL_v1,L1_ELIGIBILITY,v2026-08-11,2026-03-21..2026-08-06,baccarat_bet02_101_all_pairs_incl_sentinel,round_win = game_pnl > 0 (decisive only),COMPATIBILITY_ONLY_NOT_PRODUCTION,11099.8534,9053.4112,168.0767,1163,950,-0.01514225,,-0.01514225,-0.01514225,-168.0767,11099.8534,OK,0.0000,6.7231,4.0000,96.0000,AG03-UNRESOLVED,ALL5_LEVELS_bet23_to_bet27,6.7231,6.7231,8.4038,8.4038,8.4038,4.000000,4.000000,5.000000,5.000000,5.000000,96.000000,96.000000,95.000000,95.000000,95.000000,5.0,38.6576,35.2698,129.4191,132.807,PENDING_AG03,FALSE,NOT_FOR_ENFORCEMENT,161.3537,8691.2747,168.0767,161.3537,6.7231,0.01514225,0.01453656,6.7231,161.3537,0.01453656,6.7231,6.7231,8.4038,8.4038,8.4038,161.3537,0.01453656,38.6576,35.2698,129.4191,132.807,0.01165953,0.01196475,0.00060569,9.5442,9.5299,0.1769,12.9290,0.4060,853.8349,73.0769,,9.5442,3.6002,6.4289,12.8578,18.0009,25.7155,38.239,5.4003,0.0,4.0,5.947999,1.484574,29,143,4,2,0E-8,0.01514225,,0E-8,0.000000,0.815633,0.000000,,2026-06-02,2026-06-22,13,414,195,21,0.619048,,,0.000000,,,,,,,,GLOBAL_BASELINE_NO_ENTITY_RANKING,,,NOT_APPLICABLE_GLOBAL_BASELINE,HF9g-P5,,,,X 全窗基线 · 不参与实体赏罚,6872685,688,A168_HF9F_20260827_0900,2026-08-27 09:00:00
2026-06-14,150916076,1325,0,7.7146604264,7.7146604264,7.7146604264,1.0000000,1,1,0.49324550000000000,0.493245500000,1.01360149184955,1.01360149184955,1.01360149184955,0E-17,ELIGIBLE,R03b_20260811_FULL_v1,L1_ELIGIBILITY,v2026-08-11,2026-03-21..2026-08-06,baccarat_bet02_101_all_pairs_incl_sentinel,round_win = game_pnl > 0 (decisive only),COMPATIBILITY_ONLY_NOT_PRODUCTION,11099.8534,9053.4112,168.0767,1163,950,-0.01514225,,-0.01514225,-0.01514225,-168.0767,11099.8534,OK,0.0000,6.7231,4.0000,96.0000,AG03-UNRESOLVED,ALL5_LEVELS_bet23_to_bet27,6.7231,6.7231,8.4038,8.4038,8.4038,4.000000,4.000000,5.000000,5.000000,5.000000,96.000000,96.000000,95.000000,95.000000,95.000000,5.0,38.6576,35.2698,129.4191,132.807,PENDING_AG03,FALSE,NOT_FOR_ENFORCEMENT,161.3537,8691.2747,168.0767,161.3537,6.7231,0.01514225,0.01453656,6.7231,161.3537,0.01453656,6.7231,6.7231,8.4038,8.4038,8.4038,161.3537,0.01453656,38.6576,35.2698,129.4191,132.807,0.01165953,0.01196475,0.00060569,9.5442,9.5299,0.1769,12.9290,0.4060,853.8349,73.0769,,9.5442,3.6002,6.4289,12.8578,18.0009,25.7155,38.239,5.4003,0.0,4.0,5.947999,1.484574,29,143,4,2,0E-8,0.01514225,,0E-8,0.000000,0.815633,0.000000,,2026-06-02,2026-06-22,13,414,195,21,0.619048,,,0.000000,,,,,,,,GLOBAL_BASELINE_NO_ENTITY_RANKING,,,NOT_APPLICABLE_GLOBAL_BASELINE,HF9g-P5,,,,X 全窗基线 · 不参与实体赏罚,6872686,688,A168_HF9F_20260827_0900,2026-08-27 09:00:00
2026-06-14,150916076,1374,0,62.4887494536,38.4447244581,38.4447244581,1.0000000,6,3,0.50133348345382391,0.499948100000,1.7274376287772464,1.7322306037746105,1.7274376287772464,0.00138538345382391,ELIGIBLE,R03b_20260811_FULL_v1,L1_ELIGIBILITY,v2026-08-11,2026-03-21..2026-08-06,baccarat_bet02_101_all_pairs_incl_sentinel,round_win = game_pnl > 0 (decisive only),COMPATIBILITY_ONLY_NOT_PRODUCTION,11099.8534,9053.4112,168.0767,1163,950,-0.01514225,,-0.01514225,-0.01514225,-168.0767,11099.8534,OK,0.0000,6.7231,4.0000,96.0000,AG03-UNRESOLVED,ALL5_LEVELS_bet23_to_bet27,6.7231,6.7231,8.4038,8.4038,8.4038,4.000000,4.000000,5.000000,5.000000,5.000000,96.000000,96.000000,95.000000,95.000000,95.000000,5.0,38.6576,35.2698,129.4191,132.807,PENDING_AG03,FALSE,NOT_FOR_ENFORCEMENT,161.3537,8691.2747,168.0767,161.3537,6.7231,0.01514225,0.01453656,6.7231,161.3537,0.01453656,6.7231,6.7231,8.4038,8.4038,8.4038,161.3537,0.01453656,38.6576,35.2698,129.4191,132.807,0.01165953,0.01196475,0.00060569,9.5442,9.5299,0.1769,12.9290,0.4060,853.8349,73.0769,,9.5442,3.6002,6.4289,12.8578,18.0009,25.7155,38.239,5.4003,0.0,4.0,5.947999,1.484574,29,143,4,2,0E-8,0.01514225,,0E-8,0.000000,0.815633,0.000000,,2026-06-02,2026-06-22,13,414,195,21,0.619048,,,0.000000,,,,,,,,GLOBAL_BASELINE_NO_ENTITY_RANKING,,,NOT_APPLICABLE_GLOBAL_BASELINE,HF9g-P5,,,,X 全窗基线 · 不参与实体赏罚,6872687,688,A168_HF9F_20260827_0900,2026-08-27 09:00:00
2026-06-14,150916076,1382,0,43.9735644303,21.8582045413,21.8582045413,0.8333333,7,7,0.49324550000000000,0.493245500000,1.666235363940442,1.6662353639404415,1.666235363940442,0E-17,ELIGIBLE,R03b_20260811_FULL_v1,L1_ELIGIBILITY,v2026-08-11,2026-03-21..2026-08-06,baccarat_bet02_101_all_pairs_incl_sentinel,round_win = game_pnl > 0 (decisive only),COMPATIBILITY_ONLY_NOT_PRODUCTION,11099.8534,9053.4112,168.0767,1163,950,-0.01514225,,-0.01514225,-0.01514225,-168.0767,11099.8534,OK,0.0000,6.7231,4.0000,96.0000,AG03-UNRESOLVED,ALL5_LEVELS_bet23_to_bet27,6.7231,6.7231,8.4038,8.4038,8.4038,4.000000,4.000000,5.000000,5.000000,5.000000,96.000000,96.000000,95.000000,95.000000,95.000000,5.0,38.6576,35.2698,129.4191,132.807,PENDING_AG03,FALSE,NOT_FOR_ENFORCEMENT,161.3537,8691.2747,168.0767,161.3537,6.7231,0.01514225,0.01453656,6.7231,161.3537,0.01453656,6.7231,6.7231,8.4038,8.4038,8.4038,161.3537,0.01453656,38.6576,35.2698,129.4191,132.807,0.01165953,0.01196475,0.00060569,9.5442,9.5299,0.1769,12.9290,0.4060,853.8349,73.0769,,9.5442,3.6002,6.4289,12.8578,18.0009,25.7155,38.239,5.4003,0.0,4.0,5.947999,1.484574,29,143,4,2,0E-8,0.01514225,,0E-8,0.000000,0.815633,0.000000,,2026-06-02,2026-06-22,13,414,195,21,0.619048,,,0.000000,,,,,,,,GLOBAL_BASELINE_NO_ENTITY_RANKING,,,NOT_APPLICABLE_GLOBAL_BASELINE,HF9g-P5,,,,X 全窗基线 · 不参与实体赏罚,6872688,688,A168_HF9F_20260827_0900,2026-08-27 09:00:00
2026-06-14,150916076,1401,0,33.4301951809,-12.8577673773,-12.8577673773,0.5000000,4,4,0.49324550000000000,0.493245500000,0.027020465636507562,0.027020465636507562,0.027020465636507562,0E-17,ELIGIBLE,R03b_20260811_FULL_v1,L1_ELIGIBILITY,v2026-08-11,2026-03-21..2026-08-06,baccarat_bet02_101_all_pairs_incl_sentinel,round_win = game_pnl > 0 (decisive only),COMPATIBILITY_ONLY_NOT_PRODUCTION,11099.8534,9053.4112,168.0767,1163,950,-0.01514225,,-0.01514225,-0.01514225,-168.0767,11099.8534,OK,0.0000,6.7231,4.0000,96.0000,AG03-UNRESOLVED,ALL5_LEVELS_bet23_to_bet27,6.7231,6.7231,8.4038,8.4038,8.4038,4.000000,4.000000,5.000000,5.000000,5.000000,96.000000,96.000000,95.000000,95.000000,95.000000,5.0,38.6576,35.2698,129.4191,132.807,PENDING_AG03,FALSE,NOT_FOR_ENFORCEMENT,161.3537,8691.2747,168.0767,161.3537,6.7231,0.01514225,0.01453656,6.7231,161.3537,0.01453656,6.7231,6.7231,8.4038,8.4038,8.4038,161.3537,0.01453656,38.6576,35.2698,129.4191,132.807,0.01165953,0.01196475,0.00060569,9.5442,9.5299,0.1769,12.9290,0.4060,853.8349,73.0769,,9.5442,3.6002,6.4289,12.8578,18.0009,25.7155,38.239,5.4003,0.0,4.0,5.947999,1.484574,29,143,4,2,0E-8,0.01514225,,0E-8,0.000000,0.815633,0.000000,,2026-06-02,2026-06-22,13,414,195,21,0.619048,,,0.000000,,,,,,,,GLOBAL_BASELINE_NO_ENTITY_RANKING,,,NOT_APPLICABLE_GLOBAL_BASELINE,HF9g-P5,,,,X 全窗基线 · 不参与实体赏罚,6872689,688,A168_HF9F_20260827_0900,2026-08-27 09:00:00
2026-06-14,150916076,1402,0,66.3460796669,23.7868696478,23.7868696478,0.6000000,9,6,0.49800979851190950,0.498831000000,0.45611766042152635,0.4524427590143007,0.45611766042152635,-0.00082120148809050,ELIGIBLE,R03b_20260811_FULL_v1,L1_ELIGIBILITY,v2026-08-11,2026-03-21..2026-08-06,baccarat_bet02_101_all_pairs_incl_sentinel,round_win = game_pnl > 0 (decisive only),COMPATIBILITY_ONLY_NOT_PRODUCTION,11099.8534,9053.4112,168.0767,1163,950,-0.01514225,,-0.01514225,-0.01514225,-168.0767,11099.8534,OK,0.0000,6.7231,4.0000,96.0000,AG03-UNRESOLVED,ALL5_LEVELS_bet23_to_bet27,6.7231,6.7231,8.4038,8.4038,8.4038,4.000000,4.000000,5.000000,5.000000,5.000000,96.000000,96.000000,95.000000,95.000000,95.000000,5.0,38.6576,35.2698,129.4191,132.807,PENDING_AG03,FALSE,NOT_FOR_ENFORCEMENT,161.3537,8691.2747,168.0767,161.3537,6.7231,0.01514225,0.01453656,6.7231,161.3537,0.01453656,6.7231,6.7231,8.4038,8.4038,8.4038,161.3537,0.01453656,38.6576,35.2698,129.4191,132.807,0.01165953,0.01196475,0.00060569,9.5442,9.5299,0.1769,12.9290,0.4060,853.8349,73.0769,,9.5442,3.6002,6.4289,12.8578,18.0009,25.7155,38.239,5.4003,0.0,4.0,5.947999,1.484574,29,143,4,2,0E-8,0.01514225,,0E-8,0.000000,0.815633,0.000000,,2026-06-02,2026-06-22,13,414,195,21,0.619048,,,0.000000,,,,,,,,GLOBAL_BASELINE_NO_ENTITY_RANKING,,,NOT_APPLICABLE_GLOBAL_BASELINE,HF9g-P5,,,,X 全窗基线 · 不参与实体赏罚,6872690,688,A168_HF9F_20260827_0900,2026-08-27 09:00:00
2026-06-14,150916076,1490,0,81.5182451717,19.6466685524,19.6466685524,0.6666667,8,6,0.49925656190476061,0.497713900000,0.8201395754882106,0.8277047895645219,0.8201395754882106,0.00154266190476061,ELIGIBLE,R03b_20260811_FULL_v1,L1_ELIGIBILITY,v2026-08-11,2026-03-21..2026-08-06,baccarat_bet02_101_all_pairs_incl_sentinel,round_win = game_pnl > 0 (decisive only),COMPATIBILITY_ONLY_NOT_PRODUCTION,11099.8534,9053.4112,168.0767,1163,950,-0.01514225,,-0.01514225,-0.01514225,-168.0767,11099.8534,OK,0.0000,6.7231,4.0000,96.0000,AG03-UNRESOLVED,ALL5_LEVELS_bet23_to_bet27,6.7231,6.7231,8.4038,8.4038,8.4038,4.000000,4.000000,5.000000,5.000000,5.000000,96.000000,96.000000,95.000000,95.000000,95.000000,5.0,38.6576,35.2698,129.4191,132.807,PENDING_AG03,FALSE,NOT_FOR_ENFORCEMENT,161.3537,8691.2747,168.0767,161.3537,6.7231,0.01514225,0.01453656,6.7231,161.3537,0.01453656,6.7231,6.7231,8.4038,8.4038,8.4038,161.3537,0.01453656,38.6576,35.2698,129.4191,132.807,0.01165953,0.01196475,0.00060569,9.5442,9.5299,0.1769,12.9290,0.4060,853.8349,73.0769,,9.5442,3.6002,6.4289,12.8578,18.0009,25.7155,38.239,5.4003,0.0,4.0,5.947999,1.484574,29,143,4,2,0E-8,0.01514225,,0E-8,0.000000,0.815633,0.000000,,2026-06-02,2026-06-22,13,414,195,21,0.619048,,,0.000000,,,,,,,,GLOBAL_BASELINE_NO_ENTITY_RANKING,,,NOT_APPLICABLE_GLOBAL_BASELINE,HF9g-P5,,,,X 全窗基线 · 不参与实体赏罚,6872691,688,A168_HF9F_20260827_0900,2026-08-27 09:00:00
2026-06-14,150916076,1645,0,43.2020983878,-27.7727775348,-27.7727775348,0.2500000,6,4,0.49895989615383249,0.496596800000,-0.9958417392527363,-0.9864100490137354,-0.9958417392527363,0.00236309615383249,ELIGIBLE,R03b_20260811_FULL_v1,L1_ELIGIBILITY,v2026-08-11,2026-03-21..2026-08-06,baccarat_bet02_101_all_pairs_incl_sentinel,round_win = game_pnl > 0 (decisive only),COMPATIBILITY_ONLY_NOT_PRODUCTION,11099.8534,9053.4112,168.0767,1163,950,-0.01514225,,-0.01514225,-0.01514225,-168.0767,11099.8534,OK,0.0000,6.7231,4.0000,96.0000,AG03-UNRESOLVED,ALL5_LEVELS_bet23_to_bet27,6.7231,6.7231,8.4038,8.4038,8.4038,4.000000,4.000000,5.000000,5.000000,5.000000,96.000000,96.000000,95.000000,95.000000,95.000000,5.0,38.6576,35.2698,129.4191,132.807,PENDING_AG03,FALSE,NOT_FOR_ENFORCEMENT,161.3537,8691.2747,168.0767,161.3537,6.7231,0.01514225,0.01453656,6.7231,161.3537,0.01453656,6.7231,6.7231,8.4038,8.4038,8.4038,161.3537,0.01453656,38.6576,35.2698,129.4191,132.807,0.01165953,0.01196475,0.00060569,9.5442,9.5299,0.1769,12.9290,0.4060,853.8349,73.0769,,9.5442,3.6002,6.4289,12.8578,18.0009,25.7155,38.239,5.4003,0.0,4.0,5.947999,1.484574,29,143,4,2,0E-8,0.01514225,,0E-8,0.000000,0.815633,0.000000,,2026-06-02,2026-06-22,13,414,195,21,0.619048,,,0.000000,,,,,,,,GLOBAL_BASELINE_NO_ENTITY_RANKING,,,NOT_APPLICABLE_GLOBAL_BASELINE,HF9g-P5,,,,X 全窗基线 · 不参与实体赏罚,6872692,688,A168_HF9F_20260827_0900,2026-08-27 09:00:00
2026-06-14,150916076,1702,0,69.6890991850,26.0884100083,26.0884100083,0.6000000,8,5,0.50380819680671878,0.502629140000,0.4301952995145965,0.43546174416845557,0.4301952995145965,0.00117905680671878,ELIGIBLE,R03b_20260811_FULL_v1,L1_ELIGIBILITY,v2026-08-11,2026-03-21..2026-08-06,baccarat_bet02_101_all_pairs_incl_sentinel,round_win = game_pnl > 0 (decisive only),COMPATIBILITY_ONLY_NOT_PRODUCTION,11099.8534,9053.4112,168.0767,1163,950,-0.01514225,,-0.01514225,-0.01514225,-168.0767,11099.8534,OK,0.0000,6.7231,4.0000,96.0000,AG03-UNRESOLVED,ALL5_LEVELS_bet23_to_bet27,6.7231,6.7231,8.4038,8.4038,8.4038,4.000000,4.000000,5.000000,5.000000,5.000000,96.000000,96.000000,95.000000,95.000000,95.000000,5.0,38.6576,35.2698,129.4191,132.807,PENDING_AG03,FALSE,NOT_FOR_ENFORCEMENT,161.3537,8691.2747,168.0767,161.3537,6.7231,0.01514225,0.01453656,6.7231,161.3537,0.01453656,6.7231,6.7231,8.4038,8.4038,8.4038,161.3537,0.01453656,38.6576,35.2698,129.4191,132.807,0.01165953,0.01196475,0.00060569,9.5442,9.5299,0.1769,12.9290,0.4060,853.8349,73.0769,,9.5442,3.6002,6.4289,12.8578,18.0009,25.7155,38.239,5.4003,0.0,4.0,5.947999,1.484574,29,143,4,2,0E-8,0.01514225,,0E-8,0.000000,0.815633,0.000000,,2026-06-02,2026-06-22,13,414,195,21,0.619048,,,0.000000,,,,,,,,GLOBAL_BASELINE_NO_ENTITY_RANKING,,,NOT_APPLICABLE_GLOBAL_BASELINE,HF9g-P5,,,,X 全窗基线 · 不参与实体赏罚,6872693,688,A168_HF9F_20260827_0900,2026-08-27 09:00:00
2026-06-14,150916076,1704,0,7.7146604264,7.7146604264,7.7146604264,1.0000000,1,1,0.49324550000000000,0.493245500000,1.01360149184955,1.01360149184955,1.01360149184955,0E-17,ELIGIBLE,R03b_20260811_FULL_v1,L1_ELIGIBILITY,v2026-08-11,2026-03-21..2026-08-06,baccarat_bet02_101_all_pairs_incl_sentinel,round_win = game_pnl > 0 (decisive only),COMPATIBILITY_ONLY_NOT_PRODUCTION,11099.8534,9053.4112,168.0767,1163,950,-0.01514225,,-0.01514225,-0.01514225,-168.0767,11099.8534,OK,0.0000,6.7231,4.0000,96.0000,AG03-UNRESOLVED,ALL5_LEVELS_bet23_to_bet27,6.7231,6.7231,8.4038,8.4038,8.4038,4.000000,4.000000,5.000000,5.000000,5.000000,96.000000,96.000000,95.000000,95.000000,95.000000,5.0,38.6576,35.2698,129.4191,132.807,PENDING_AG03,FALSE,NOT_FOR_ENFORCEMENT,161.3537,8691.2747,168.0767,161.3537,6.7231,0.01514225,0.01453656,6.7231,161.3537,0.01453656,6.7231,6.7231,8.4038,8.4038,8.4038,161.3537,0.01453656,38.6576,35.2698,129.4191,132.807,0.01165953,0.01196475,0.00060569,9.5442,9.5299,0.1769,12.9290,0.4060,853.8349,73.0769,,9.5442,3.6002,6.4289,12.8578,18.0009,25.7155,38.239,5.4003,0.0,4.0,5.947999,1.484574,29,143,4,2,0E-8,0.01514225,,0E-8,0.000000,0.815633,0.000000,,2026-06-02,2026-06-22,13,414,195,21,0.619048,,,0.000000,,,,,,,,GLOBAL_BASELINE_NO_ENTITY_RANKING,,,NOT_APPLICABLE_GLOBAL_BASELINE,HF9g-P5,,,,X 全窗基线 · 不参与实体赏罚,6872694,688,A168_HF9F_20260827_0900,2026-08-27 09:00:00
2026-06-14,150916076,2065,0,2.5715534755,-2.5715534755,-2.5715534755,0E-7,1,1,0.50665070000000000,0.506650700000,-1.013391052207602,-1.013391052207602,-1.013391052207602,0E-17,ELIGIBLE,R03b_20260811_FULL_v1,L1_ELIGIBILITY,v2026-08-11,2026-03-21..2026-08-06,baccarat_bet02_101_all_pairs_incl_sentinel,round_win = game_pnl > 0 (decisive only),COMPATIBILITY_ONLY_NOT_PRODUCTION,11099.8534,9053.4112,168.0767,1163,950,-0.01514225,,-0.01514225,-0.01514225,-168.0767,11099.8534,OK,0.0000,6.7231,4.0000,96.0000,AG03-UNRESOLVED,ALL5_LEVELS_bet23_to_bet27,6.7231,6.7231,8.4038,8.4038,8.4038,4.000000,4.000000,5.000000,5.000000,5.000000,96.000000,96.000000,95.000000,95.000000,95.000000,5.0,38.6576,35.2698,129.4191,132.807,PENDING_AG03,FALSE,NOT_FOR_ENFORCEMENT,161.3537,8691.2747,168.0767,161.3537,6.7231,0.01514225,0.01453656,6.7231,161.3537,0.01453656,6.7231,6.7231,8.4038,8.4038,8.4038,161.3537,0.01453656,38.6576,35.2698,129.4191,132.807,0.01165953,0.01196475,0.00060569,9.5442,9.5299,0.1769,12.9290,0.4060,853.8349,73.0769,,9.5442,3.6002,6.4289,12.8578,18.0009,25.7155,38.239,5.4003,0.0,4.0,5.947999,1.484574,29,143,4,2,0E-8,0.01514225,,0E-8,0.000000,0.815633,0.000000,,2026-06-02,2026-06-22,13,414,195,21,0.619048,,,0.000000,,,,,,,,GLOBAL_BASELINE_NO_ENTITY_RANKING,,,NOT_APPLICABLE_GLOBAL_BASELINE,HF9g-P5,,,,X 全窗基线 · 不参与实体赏罚,6872695,688,A168_HF9F_20260827_0900,2026-08-27 09:00:00
2026-06-14,150916076,2088,0,134.4922467664,-10.4662226452,-10.4662226452,0.5000000,12,8,0.50207258482143562,0.503299400000,-0.011724410981947694,-0.018664631283057894,-0.011724410981947694,-0.00122681517856438,ELIGIBLE,R03b_20260811_FULL_v1,L1_ELIGIBILITY,v2026-08-11,2026-03-21..2026-08-06,baccarat_bet02_101_all_pairs_incl_sentinel,round_win = game_pnl > 0 (decisive only),COMPATIBILITY_ONLY_NOT_PRODUCTION,11099.8534,9053.4112,168.0767,1163,950,-0.01514225,,-0.01514225,-0.01514225,-168.0767,11099.8534,OK,0.0000,6.7231,4.0000,96.0000,AG03-UNRESOLVED,ALL5_LEVELS_bet23_to_bet27,6.7231,6.7231,8.4038,8.4038,8.4038,4.000000,4.000000,5.000000,5.000000,5.000000,96.000000,96.000000,95.000000,95.000000,95.000000,5.0,38.6576,35.2698,129.4191,132.807,PENDING_AG03,FALSE,NOT_FOR_ENFORCEMENT,161.3537,8691.2747,168.0767,161.3537,6.7231,0.01514225,0.01453656,6.7231,161.3537,0.01453656,6.7231,6.7231,8.4038,8.4038,8.4038,161.3537,0.01453656,38.6576,35.2698,129.4191,132.807,0.01165953,0.01196475,0.00060569,9.5442,9.5299,0.1769,12.9290,0.4060,853.8349,73.0769,,9.5442,3.6002,6.4289,12.8578,18.0009,25.7155,38.239,5.4003,0.0,4.0,5.947999,1.484574,29,143,4,2,0E-8,0.01514225,,0E-8,0.000000,0.815633,0.000000,,2026-06-02,2026-06-22,13,414,195,21,0.619048,,,0.000000,,,,,,,,GLOBAL_BASELINE_NO_ENTITY_RANKING,,,NOT_APPLICABLE_GLOBAL_BASELINE,HF9g-P5,,,,X 全窗基线 · 不参与实体赏罚,6872696,688,A168_HF9F_20260827_0900,2026-08-27 09:00:00
2026-06-14,150916076,2106,0,20.8295831512,-0.2571553475,-0.2571553475,0.5000000,4,4,0.49994810000000000,0.499948100000,0.00014679536856514622,0.00014679536856514622,0.00014679536856514622,0E-17,ELIGIBLE,R03b_20260811_FULL_v1,L1_ELIGIBILITY,v2026-08-11,2026-03-21..2026-08-06,baccarat_bet02_101_all_pairs_incl_sentinel,round_win = game_pnl > 0 (decisive only),COMPATIBILITY_ONLY_NOT_PRODUCTION,11099.8534,9053.4112,168.0767,1163,950,-0.01514225,,-0.01514225,-0.01514225,-168.0767,11099.8534,OK,0.0000,6.7231,4.0000,96.0000,AG03-UNRESOLVED,ALL5_LEVELS_bet23_to_bet27,6.7231,6.7231,8.4038,8.4038,8.4038,4.000000,4.000000,5.000000,5.000000,5.000000,96.000000,96.000000,95.000000,95.000000,95.000000,5.0,38.6576,35.2698,129.4191,132.807,PENDING_AG03,FALSE,NOT_FOR_ENFORCEMENT,161.3537,8691.2747,168.0767,161.3537,6.7231,0.01514225,0.01453656,6.7231,161.3537,0.01453656,6.7231,6.7231,8.4038,8.4038,8.4038,161.3537,0.01453656,38.6576,35.2698,129.4191,132.807,0.01165953,0.01196475,0.00060569,9.5442,9.5299,0.1769,12.9290,0.4060,853.8349,73.0769,,9.5442,3.6002,6.4289,12.8578,18.0009,25.7155,38.239,5.4003,0.0,4.0,5.947999,1.484574,29,143,4,2,0E-8,0.01514225,,0E-8,0.000000,0.815633,0.000000,,2026-06-02,2026-06-22,13,414,195,21,0.619048,,,0.000000,,,,,,,,GLOBAL_BASELINE_NO_ENTITY_RANKING,,,NOT_APPLICABLE_GLOBAL_BASELINE,HF9g-P5,,,,X 全窗基线 · 不参与实体赏罚,6872697,688,A168_HF9F_20260827_0900,2026-08-27 09:00:00
2026-06-14,150916076,2108,0,8.4861264690,-8.4861264690,-8.4861264690,0E-7,1,1,0.50665070000000000,0.506650700000,-1.013391052207602,-1.013391052207602,-1.013391052207602,0E-17,ELIGIBLE,R03b_20260811_FULL_v1,L1_ELIGIBILITY,v2026-08-11,2026-03-21..2026-08-06,baccarat_bet02_101_all_pairs_incl_sentinel,round_win = game_pnl > 0 (decisive only),COMPATIBILITY_ONLY_NOT_PRODUCTION,11099.8534,9053.4112,168.0767,1163,950,-0.01514225,,-0.01514225,-0.01514225,-168.0767,11099.8534,OK,0.0000,6.7231,4.0000,96.0000,AG03-UNRESOLVED,ALL5_LEVELS_bet23_to_bet27,6.7231,6.7231,8.4038,8.4038,8.4038,4.000000,4.000000,5.000000,5.000000,5.000000,96.000000,96.000000,95.000000,95.000000,95.000000,5.0,38.6576,35.2698,129.4191,132.807,PENDING_AG03,FALSE,NOT_FOR_ENFORCEMENT,161.3537,8691.2747,168.0767,161.3537,6.7231,0.01514225,0.01453656,6.7231,161.3537,0.01453656,6.7231,6.7231,8.4038,8.4038,8.4038,161.3537,0.01453656,38.6576,35.2698,129.4191,132.807,0.01165953,0.01196475,0.00060569,9.5442,9.5299,0.1769,12.9290,0.4060,853.8349,73.0769,,9.5442,3.6002,6.4289,12.8578,18.0009,25.7155,38.239,5.4003,0.0,4.0,5.947999,1.484574,29,143,4,2,0E-8,0.01514225,,0E-8,0.000000,0.815633,0.000000,,2026-06-02,2026-06-22,13,414,195,21,0.619048,,,0.000000,,,,,,,,GLOBAL_BASELINE_NO_ENTITY_RANKING,,,NOT_APPLICABLE_GLOBAL_BASELINE,HF9g-P5,,,,X 全窗基线 · 不参与实体赏罚,6872698,688,A168_HF9F_20260827_0900,2026-08-27 09:00:00
2026-06-14,150916076,2129,0,41.4020109549,5.0016715097,5.0016715097,0.6666667,5,3,0.49899058571430699,0.502182300000,0.5808481665206192,0.5697959874915164,0.5808481665206192,-0.00319171428569301,ELIGIBLE,R03b_20260811_FULL_v1,L1_ELIGIBILITY,v2026-08-11,2026-03-21..2026-08-06,baccarat_bet02_101_all_pairs_incl_sentinel,round_win = game_pnl > 0 (decisive only),COMPATIBILITY_ONLY_NOT_PRODUCTION,11099.8534,9053.4112,168.0767,1163,950,-0.01514225,,-0.01514225,-0.01514225,-168.0767,11099.8534,OK,0.0000,6.7231,4.0000,96.0000,AG03-UNRESOLVED,ALL5_LEVELS_bet23_to_bet27,6.7231,6.7231,8.4038,8.4038,8.4038,4.000000,4.000000,5.000000,5.000000,5.000000,96.000000,96.000000,95.000000,95.000000,95.000000,5.0,38.6576,35.2698,129.4191,132.807,PENDING_AG03,FALSE,NOT_FOR_ENFORCEMENT,161.3537,8691.2747,168.0767,161.3537,6.7231,0.01514225,0.01453656,6.7231,161.3537,0.01453656,6.7231,6.7231,8.4038,8.4038,8.4038,161.3537,0.01453656,38.6576,35.2698,129.4191,132.807,0.01165953,0.01196475,0.00060569,9.5442,9.5299,0.1769,12.9290,0.4060,853.8349,73.0769,,9.5442,3.6002,6.4289,12.8578,18.0009,25.7155,38.239,5.4003,0.0,4.0,5.947999,1.484574,29,143,4,2,0E-8,0.01514225,,0E-8,0.000000,0.815633,0.000000,,2026-06-02,2026-06-22,13,414,195,21,0.619048,,,0.000000,,,,,,,,GLOBAL_BASELINE_NO_ENTITY_RANKING,,,NOT_APPLICABLE_GLOBAL_BASELINE,HF9g-P5,,,,X 全窗基线 · 不参与实体赏罚,6872699,688,A168_HF9F_20260827_0900,2026-08-27 09:00:00
2026-06-14,150916076,2156,0,21.8582045414,-16.2007868954,-16.2007868954,0E-7,4,4,0.49659680000000000,0.496596800000,-1.7203016256901094,-1.7203016256901091,-1.7203016256901094,0E-17,ELIGIBLE,R03b_20260811_FULL_v1,L1_ELIGIBILITY,v2026-08-11,2026-03-21..2026-08-06,baccarat_bet02_101_all_pairs_incl_sentinel,round_win = game_pnl > 0 (decisive only),COMPATIBILITY_ONLY_NOT_PRODUCTION,11099.8534,9053.4112,168.0767,1163,950,-0.01514225,,-0.01514225,-0.01514225,-168.0767,11099.8534,OK,0.0000,6.7231,4.0000,96.0000,AG03-UNRESOLVED,ALL5_LEVELS_bet23_to_bet27,6.7231,6.7231,8.4038,8.4038,8.4038,4.000000,4.000000,5.000000,5.000000,5.000000,96.000000,96.000000,95.000000,95.000000,95.000000,5.0,38.6576,35.2698,129.4191,132.807,PENDING_AG03,FALSE,NOT_FOR_ENFORCEMENT,161.3537,8691.2747,168.0767,161.3537,6.7231,0.01514225,0.01453656,6.7231,161.3537,0.01453656,6.7231,6.7231,8.4038,8.4038,8.4038,161.3537,0.01453656,38.6576,35.2698,129.4191,132.807,0.01165953,0.01196475,0.00060569,9.5442,9.5299,0.1769,12.9290,0.4060,853.8349,73.0769,,9.5442,3.6002,6.4289,12.8578,18.0009,25.7155,38.239,5.4003,0.0,4.0,5.947999,1.484574,29,143,4,2,0E-8,0.01514225,,0E-8,0.000000,0.815633,0.000000,,2026-06-02,2026-06-22,13,414,195,21,0.619048,,,0.000000,,,,,,,,GLOBAL_BASELINE_NO_ENTITY_RANKING,,,NOT_APPLICABLE_GLOBAL_BASELINE,HF9g-P5,,,,X 全窗基线 · 不参与实体赏罚,6872700,688,A168_HF9F_20260827_0900,2026-08-27 09:00:00
2026-06-14,150916076,2167,0,25.7155347546,-10.2862139018,-10.2862139018,0.3333333,3,3,0.49771390000000000,0.497713900000,-0.5694369385616226,-0.5694369385616226,-0.5694369385616226,0E-17,ELIGIBLE,R03b_20260811_FULL_v1,L1_ELIGIBILITY,v2026-08-11,2026-03-21..2026-08-06,baccarat_bet02_101_all_pairs_incl_sentinel,round_win = game_pnl > 0 (decisive only),COMPATIBILITY_ONLY_NOT_PRODUCTION,11099.8534,9053.4112,168.0767,1163,950,-0.01514225,,-0.01514225,-0.01514225,-168.0767,11099.8534,OK,0.0000,6.7231,4.0000,96.0000,AG03-UNRESOLVED,ALL5_LEVELS_bet23_to_bet27,6.7231,6.7231,8.4038,8.4038,8.4038,4.000000,4.000000,5.000000,5.000000,5.000000,96.000000,96.000000,95.000000,95.000000,95.000000,5.0,38.6576,35.2698,129.4191,132.807,PENDING_AG03,FALSE,NOT_FOR_ENFORCEMENT,161.3537,8691.2747,168.0767,161.3537,6.7231,0.01514225,0.01453656,6.7231,161.3537,0.01453656,6.7231,6.7231,8.4038,8.4038,8.4038,161.3537,0.01453656,38.6576,35.2698,129.4191,132.807,0.01165953,0.01196475,0.00060569,9.5442,9.5299,0.1769,12.9290,0.4060,853.8349,73.0769,,9.5442,3.6002,6.4289,12.8578,18.0009,25.7155,38.239,5.4003,0.0,4.0,5.947999,1.484574,29,143,4,2,0E-8,0.01514225,,0E-8,0.000000,0.815633,0.000000,,2026-06-02,2026-06-22,13,414,195,21,0.619048,,,0.000000,,,,,,,,GLOBAL_BASELINE_NO_ENTITY_RANKING,,,NOT_APPLICABLE_GLOBAL_BASELINE,HF9g-P5,,,,X 全窗基线 · 不参与实体赏罚,6872701,688,A168_HF9F_20260827_0900,2026-08-27 09:00:00
2026-06-14,150916076,2174,0,23.9154473218,-13.3849358398,-13.3849358398,0.3333333,3,3,0.50665070000000000,0.506650700000,-0.6004420894325239,-0.6004420894325239,-0.6004420894325239,0E-17,ELIGIBLE,R03b_20260811_FULL_v1,L1_ELIGIBILITY,v2026-08-11,2026-03-21..2026-08-06,baccarat_bet02_101_all_pairs_incl_sentinel,round_win = game_pnl > 0 (decisive only),COMPATIBILITY_ONLY_NOT_PRODUCTION,11099.8534,9053.4112,168.0767,1163,950,-0.01514225,,-0.01514225,-0.01514225,-168.0767,11099.8534,OK,0.0000,6.7231,4.0000,96.0000,AG03-UNRESOLVED,ALL5_LEVELS_bet23_to_bet27,6.7231,6.7231,8.4038,8.4038,8.4038,4.000000,4.000000,5.000000,5.000000,5.000000,96.000000,96.000000,95.000000,95.000000,95.000000,5.0,38.6576,35.2698,129.4191,132.807,PENDING_AG03,FALSE,NOT_FOR_ENFORCEMENT,161.3537,8691.2747,168.0767,161.3537,6.7231,0.01514225,0.01453656,6.7231,161.3537,0.01453656,6.7231,6.7231,8.4038,8.4038,8.4038,161.3537,0.01453656,38.6576,35.2698,129.4191,132.807,0.01165953,0.01196475,0.00060569,9.5442,9.5299,0.1769,12.9290,0.4060,853.8349,73.0769,,9.5442,3.6002,6.4289,12.8578,18.0009,25.7155,38.239,5.4003,0.0,4.0,5.947999,1.484574,29,143,4,2,0E-8,0.01514225,,0E-8,0.000000,0.815633,0.000000,,2026-06-02,2026-06-22,13,414,195,21,0.619048,,,0.000000,,,,,,,,GLOBAL_BASELINE_NO_ENTITY_RANKING,,,NOT_APPLICABLE_GLOBAL_BASELINE,HF9g-P5,,,,X 全窗基线 · 不参与实体赏罚,6872702,688,A168_HF9F_20260827_0900,2026-08-27 09:00:00
2026-06-14,150916076,2188,0,5.1431069509,-5.1431069509,-5.1431069509,0E-7,1,1,0.49324550000000000,0.493245500000,-0.9865810262130424,-0.9865810262130424,-0.9865810262130424,0E-17,ELIGIBLE,R03b_20260811_FULL_v1,L1_ELIGIBILITY,v2026-08-11,2026-03-21..2026-08-06,baccarat_bet02_101_all_pairs_incl_sentinel,round_win = game_pnl > 0 (decisive only),COMPATIBILITY_ONLY_NOT_PRODUCTION,11099.8534,9053.4112,168.0767,1163,950,-0.01514225,,-0.01514225,-0.01514225,-168.0767,11099.8534,OK,0.0000,6.7231,4.0000,96.0000,AG03-UNRESOLVED,ALL5_LEVELS_bet23_to_bet27,6.7231,6.7231,8.4038,8.4038,8.4038,4.000000,4.000000,5.000000,5.000000,5.000000,96.000000,96.000000,95.000000,95.000000,95.000000,5.0,38.6576,35.2698,129.4191,132.807,PENDING_AG03,FALSE,NOT_FOR_ENFORCEMENT,161.3537,8691.2747,168.0767,161.3537,6.7231,0.01514225,0.01453656,6.7231,161.3537,0.01453656,6.7231,6.7231,8.4038,8.4038,8.4038,161.3537,0.01453656,38.6576,35.2698,129.4191,132.807,0.01165953,0.01196475,0.00060569,9.5442,9.5299,0.1769,12.9290,0.4060,853.8349,73.0769,,9.5442,3.6002,6.4289,12.8578,18.0009,25.7155,38.239,5.4003,0.0,4.0,5.947999,1.484574,29,143,4,2,0E-8,0.01514225,,0E-8,0.000000,0.815633,0.000000,,2026-06-02,2026-06-22,13,414,195,21,0.619048,,,0.000000,,,,,,,,GLOBAL_BASELINE_NO_ENTITY_RANKING,,,NOT_APPLICABLE_GLOBAL_BASELINE,HF9g-P5,,,,X 全窗基线 · 不参与实体赏罚,6872703,688,A168_HF9F_20260827_0900,2026-08-27 09:00:00
2026-06-14,150916076,2191,0,27.0013114924,-6.5574613624,-6.5574613624,0.5000000,3,2,0.49413918000001159,0.496596800000,0.01657804118561638,0.009625926164049045,0.01657804118561638,-0.00245761999998841,ELIGIBLE,R03b_20260811_FULL_v1,L1_ELIGIBILITY,v2026-08-11,2026-03-21..2026-08-06,baccarat_bet02_101_all_pairs_incl_sentinel,round_win = game_pnl > 0 (decisive only),COMPATIBILITY_ONLY_NOT_PRODUCTION,11099.8534,9053.4112,168.0767,1163,950,-0.01514225,,-0.01514225,-0.01514225,-168.0767,11099.8534,OK,0.0000,6.7231,4.0000,96.0000,AG03-UNRESOLVED,ALL5_LEVELS_bet23_to_bet27,6.7231,6.7231,8.4038,8.4038,8.4038,4.000000,4.000000,5.000000,5.000000,5.000000,96.000000,96.000000,95.000000,95.000000,95.000000,5.0,38.6576,35.2698,129.4191,132.807,PENDING_AG03,FALSE,NOT_FOR_ENFORCEMENT,161.3537,8691.2747,168.0767,161.3537,6.7231,0.01514225,0.01453656,6.7231,161.3537,0.01453656,6.7231,6.7231,8.4038,8.4038,8.4038,161.3537,0.01453656,38.6576,35.2698,129.4191,132.807,0.01165953,0.01196475,0.00060569,9.5442,9.5299,0.1769,12.9290,0.4060,853.8349,73.0769,,9.5442,3.6002,6.4289,12.8578,18.0009,25.7155,38.239,5.4003,0.0,4.0,5.947999,1.484574,29,143,4,2,0E-8,0.01514225,,0E-8,0.000000,0.815633,0.000000,,2026-06-02,2026-06-22,13,414,195,21,0.619048,,,0.000000,,,,,,,,GLOBAL_BASELINE_NO_ENTITY_RANKING,,,NOT_APPLICABLE_GLOBAL_BASELINE,HF9g-P5,,,,X 全窗基线 · 不参与实体赏罚,6872704,688,A168_HF9F_20260827_0900,2026-08-27 09:00:00
2026-06-14,150916076,2201,0,23.6582919742,17.4608480983,17.4608480983,1.0000000,3,2,0.50581287499998778,0.503299400000,1.397866738722975,1.4049120381089935,1.397866738722975,0.00251347499998778,ELIGIBLE,R03b_20260811_FULL_v1,L1_ELIGIBILITY,v2026-08-11,2026-03-21..2026-08-06,baccarat_bet02_101_all_pairs_incl_sentinel,round_win = game_pnl > 0 (decisive only),COMPATIBILITY_ONLY_NOT_PRODUCTION,11099.8534,9053.4112,168.0767,1163,950,-0.01514225,,-0.01514225,-0.01514225,-168.0767,11099.8534,OK,0.0000,6.7231,4.0000,96.0000,AG03-UNRESOLVED,ALL5_LEVELS_bet23_to_bet27,6.7231,6.7231,8.4038,8.4038,8.4038,4.000000,4.000000,5.000000,5.000000,5.000000,96.000000,96.000000,95.000000,95.000000,95.000000,5.0,38.6576,35.2698,129.4191,132.807,PENDING_AG03,FALSE,NOT_FOR_ENFORCEMENT,161.3537,8691.2747,168.0767,161.3537,6.7231,0.01514225,0.01453656,6.7231,161.3537,0.01453656,6.7231,6.7231,8.4038,8.4038,8.4038,161.3537,0.01453656,38.6576,35.2698,129.4191,132.807,0.01165953,0.01196475,0.00060569,9.5442,9.5299,0.1769,12.9290,0.4060,853.8349,73.0769,,9.5442,3.6002,6.4289,12.8578,18.0009,25.7155,38.239,5.4003,0.0,4.0,5.947999,1.484574,29,143,4,2,0E-8,0.01514225,,0E-8,0.000000,0.815633,0.000000,,2026-06-02,2026-06-22,13,414,195,21,0.619048,,,0.000000,,,,,,,,GLOBAL_BASELINE_NO_ENTITY_RANKING,,,NOT_APPLICABLE_GLOBAL_BASELINE,HF9g-P5,,,,X 全窗基线 · 不参与实体赏罚,6872705,688,A168_HF9F_20260827_0900,2026-08-27 09:00:00
2026-06-14,150916076,2216,0,73.5464293980,23.0154036052,23.0154036052,0.6666667,5,3,0.49766399090128107,0.497713900000,0.5854488316328912,0.5852756695216578,0.5854488316328912,-0.00004990909871893,ELIGIBLE,R03b_20260811_FULL_v1,L1_ELIGIBILITY,v2026-08-11,2026-03-21..2026-08-06,baccarat_bet02_101_all_pairs_incl_sentinel,round_win = game_pnl > 0 (decisive only),COMPATIBILITY_ONLY_NOT_PRODUCTION,11099.8534,9053.4112,168.0767,1163,950,-0.01514225,,-0.01514225,-0.01514225,-168.0767,11099.8534,OK,0.0000,6.7231,4.0000,96.0000,AG03-UNRESOLVED,ALL5_LEVELS_bet23_to_bet27,6.7231,6.7231,8.4038,8.4038,8.4038,4.000000,4.000000,5.000000,5.000000,5.000000,96.000000,96.000000,95.000000,95.000000,95.000000,5.0,38.6576,35.2698,129.4191,132.807,PENDING_AG03,FALSE,NOT_FOR_ENFORCEMENT,161.3537,8691.2747,168.0767,161.3537,6.7231,0.01514225,0.01453656,6.7231,161.3537,0.01453656,6.7231,6.7231,8.4038,8.4038,8.4038,161.3537,0.01453656,38.6576,35.2698,129.4191,132.807,0.01165953,0.01196475,0.00060569,9.5442,9.5299,0.1769,12.9290,0.4060,853.8349,73.0769,,9.5442,3.6002,6.4289,12.8578,18.0009,25.7155,38.239,5.4003,0.0,4.0,5.947999,1.484574,29,143,4,2,0E-8,0.01514225,,0E-8,0.000000,0.815633,0.000000,,2026-06-02,2026-06-22,13,414,195,21,0.619048,,,0.000000,,,,,,,,GLOBAL_BASELINE_NO_ENTITY_RANKING,,,NOT_APPLICABLE_GLOBAL_BASELINE,HF9g-P5,,,,X 全窗基线 · 不参与实体赏罚,6872706,688,A168_HF9F_20260827_0900,2026-08-27 09:00:00
2026-06-14,150916076,2220,0,15.6864762003,10.0290585543,10.0290585543,0.5000000,2,2,0.49994810000000000,0.499948100000,0.00014679536856514622,0.00014679536856514622,0.00014679536856514622,0E-17,ELIGIBLE,R03b_20260811_FULL_v1,L1_ELIGIBILITY,v2026-08-11,2026-03-21..2026-08-06,baccarat_bet02_101_all_pairs_incl_sentinel,round_win = game_pnl > 0 (decisive only),COMPATIBILITY_ONLY_NOT_PRODUCTION,11099.8534,9053.4112,168.0767,1163,950,-0.01514225,,-0.01514225,-0.01514225,-168.0767,11099.8534,OK,0.0000,6.7231,4.0000,96.0000,AG03-UNRESOLVED,ALL5_LEVELS_bet23_to_bet27,6.7231,6.7231,8.4038,8.4038,8.4038,4.000000,4.000000,5.000000,5.000000,5.000000,96.000000,96.000000,95.000000,95.000000,95.000000,5.0,38.6576,35.2698,129.4191,132.807,PENDING_AG03,FALSE,NOT_FOR_ENFORCEMENT,161.3537,8691.2747,168.0767,161.3537,6.7231,0.01514225,0.01453656,6.7231,161.3537,0.01453656,6.7231,6.7231,8.4038,8.4038,8.4038,161.3537,0.01453656,38.6576,35.2698,129.4191,132.807,0.01165953,0.01196475,0.00060569,9.5442,9.5299,0.1769,12.9290,0.4060,853.8349,73.0769,,9.5442,3.6002,6.4289,12.8578,18.0009,25.7155,38.239,5.4003,0.0,4.0,5.947999,1.484574,29,143,4,2,0E-8,0.01514225,,0E-8,0.000000,0.815633,0.000000,,2026-06-02,2026-06-22,13,414,195,21,0.619048,,,0.000000,,,,,,,,GLOBAL_BASELINE_NO_ENTITY_RANKING,,,NOT_APPLICABLE_GLOBAL_BASELINE,HF9g-P5,,,,X 全窗基线 · 不参与实体赏罚,6872707,688,A168_HF9F_20260827_0900,2026-08-27 09:00:00
2026-06-14,150916076,2233,0,7.7146604264,7.3289274050,7.3289274050,1.0000000,1,1,0.50665070000000000,0.506650700000,0.9867858985152569,0.9867858985152569,0.9867858985152569,0E-17,ELIGIBLE,R03b_20260811_FULL_v1,L1_ELIGIBILITY,v2026-08-11,2026-03-21..2026-08-06,baccarat_bet02_101_all_pairs_incl_sentinel,round_win = game_pnl > 0 (decisive only),COMPATIBILITY_ONLY_NOT_PRODUCTION,11099.8534,9053.4112,168.0767,1163,950,-0.01514225,,-0.01514225,-0.01514225,-168.0767,11099.8534,OK,0.0000,6.7231,4.0000,96.0000,AG03-UNRESOLVED,ALL5_LEVELS_bet23_to_bet27,6.7231,6.7231,8.4038,8.4038,8.4038,4.000000,4.000000,5.000000,5.000000,5.000000,96.000000,96.000000,95.000000,95.000000,95.000000,5.0,38.6576,35.2698,129.4191,132.807,PENDING_AG03,FALSE,NOT_FOR_ENFORCEMENT,161.3537,8691.2747,168.0767,161.3537,6.7231,0.01514225,0.01453656,6.7231,161.3537,0.01453656,6.7231,6.7231,8.4038,8.4038,8.4038,161.3537,0.01453656,38.6576,35.2698,129.4191,132.807,0.01165953,0.01196475,0.00060569,9.5442,9.5299,0.1769,12.9290,0.4060,853.8349,73.0769,,9.5442,3.6002,6.4289,12.8578,18.0009,25.7155,38.239,5.4003,0.0,4.0,5.947999,1.484574,29,143,4,2,0E-8,0.01514225,,0E-8,0.000000,0.815633,0.000000,,2026-06-02,2026-06-22,13,414,195,21,0.619048,,,0.000000,,,,,,,,GLOBAL_BASELINE_NO_ENTITY_RANKING,,,NOT_APPLICABLE_GLOBAL_BASELINE,HF9g-P5,,,,X 全窗基线 · 不参与实体赏罚,6872708,688,A168_HF9F_20260827_0900,2026-08-27 09:00:00
2026-06-14,150916076,2239,0,5.6574176460,5.6574176460,5.6574176460,1.0000000,1,1,0.49324550000000000,0.493245500000,1.01360149184955,1.01360149184955,1.01360149184955,0E-17,ELIGIBLE,R03b_20260811_FULL_v1,L1_ELIGIBILITY,v2026-08-11,2026-03-21..2026-08-06,baccarat_bet02_101_all_pairs_incl_sentinel,round_win = game_pnl > 0 (decisive only),COMPATIBILITY_ONLY_NOT_PRODUCTION,11099.8534,9053.4112,168.0767,1163,950,-0.01514225,,-0.01514225,-0.01514225,-168.0767,11099.8534,OK,0.0000,6.7231,4.0000,96.0000,AG03-UNRESOLVED,ALL5_LEVELS_bet23_to_bet27,6.7231,6.7231,8.4038,8.4038,8.4038,4.000000,4.000000,5.000000,5.000000,5.000000,96.000000,96.000000,95.000000,95.000000,95.000000,5.0,38.6576,35.2698,129.4191,132.807,PENDING_AG03,FALSE,NOT_FOR_ENFORCEMENT,161.3537,8691.2747,168.0767,161.3537,6.7231,0.01514225,0.01453656,6.7231,161.3537,0.01453656,6.7231,6.7231,8.4038,8.4038,8.4038,161.3537,0.01453656,38.6576,35.2698,129.4191,132.807,0.01165953,0.01196475,0.00060569,9.5442,9.5299,0.1769,12.9290,0.4060,853.8349,73.0769,,9.5442,3.6002,6.4289,12.8578,18.0009,25.7155,38.239,5.4003,0.0,4.0,5.947999,1.484574,29,143,4,2,0E-8,0.01514225,,0E-8,0.000000,0.815633,0.000000,,2026-06-02,2026-06-22,13,414,195,21,0.619048,,,0.000000,,,,,,,,GLOBAL_BASELINE_NO_ENTITY_RANKING,,,NOT_APPLICABLE_GLOBAL_BASELINE,HF9g-P5,,,,X 全窗基线 · 不参与实体赏罚,6872709,688,A168_HF9F_20260827_0900,2026-08-27 09:00:00
2026-06-14,150916076,2241,0,18.2580296757,17.3451281919,17.3451281919,1.0000000,3,3,0.50665070000000000,0.506650700000,1.7091633124209307,1.7091633124209307,1.7091633124209307,0E-17,ELIGIBLE,R03b_20260811_FULL_v1,L1_ELIGIBILITY,v2026-08-11,2026-03-21..2026-08-06,baccarat_bet02_101_all_pairs_incl_sentinel,round_win = game_pnl > 0 (decisive only),COMPATIBILITY_ONLY_NOT_PRODUCTION,11099.8534,9053.4112,168.0767,1163,950,-0.01514225,,-0.01514225,-0.01514225,-168.0767,11099.8534,OK,0.0000,6.7231,4.0000,96.0000,AG03-UNRESOLVED,ALL5_LEVELS_bet23_to_bet27,6.7231,6.7231,8.4038,8.4038,8.4038,4.000000,4.000000,5.000000,5.000000,5.000000,96.000000,96.000000,95.000000,95.000000,95.000000,5.0,38.6576,35.2698,129.4191,132.807,PENDING_AG03,FALSE,NOT_FOR_ENFORCEMENT,161.3537,8691.2747,168.0767,161.3537,6.7231,0.01514225,0.01453656,6.7231,161.3537,0.01453656,6.7231,6.7231,8.4038,8.4038,8.4038,161.3537,0.01453656,38.6576,35.2698,129.4191,132.807,0.01165953,0.01196475,0.00060569,9.5442,9.5299,0.1769,12.9290,0.4060,853.8349,73.0769,,9.5442,3.6002,6.4289,12.8578,18.0009,25.7155,38.239,5.4003,0.0,4.0,5.947999,1.484574,29,143,4,2,0E-8,0.01514225,,0E-8,0.000000,0.815633,0.000000,,2026-06-02,2026-06-22,13,414,195,21,0.619048,,,0.000000,,,,,,,,GLOBAL_BASELINE_NO_ENTITY_RANKING,,,NOT_APPLICABLE_GLOBAL_BASELINE,HF9g-P5,,,,X 全窗基线 · 不参与实体赏罚,6872710,688,A168_HF9F_20260827_0900,2026-08-27 09:00:00
2026-06-14,150916076,2246,0,14.9150101576,-14.9150101576,-14.9150101576,0E-7,1,1,0.49324550000000000,0.493245500000,-0.9865810262130424,-0.9865810262130424,-0.9865810262130424,0E-17,ELIGIBLE,R03b_20260811_FULL_v1,L1_ELIGIBILITY,v2026-08-11,2026-03-21..2026-08-06,baccarat_bet02_101_all_pairs_incl_sentinel,round_win = game_pnl > 0 (decisive only),COMPATIBILITY_ONLY_NOT_PRODUCTION,11099.8534,9053.4112,168.0767,1163,950,-0.01514225,,-0.01514225,-0.01514225,-168.0767,11099.8534,OK,0.0000,6.7231,4.0000,96.0000,AG03-UNRESOLVED,ALL5_LEVELS_bet23_to_bet27,6.7231,6.7231,8.4038,8.4038,8.4038,4.000000,4.000000,5.000000,5.000000,5.000000,96.000000,96.000000,95.000000,95.000000,95.000000,5.0,38.6576,35.2698,129.4191,132.807,PENDING_AG03,FALSE,NOT_FOR_ENFORCEMENT,161.3537,8691.2747,168.0767,161.3537,6.7231,0.01514225,0.01453656,6.7231,161.3537,0.01453656,6.7231,6.7231,8.4038,8.4038,8.4038,161.3537,0.01453656,38.6576,35.2698,129.4191,132.807,0.01165953,0.01196475,0.00060569,9.5442,9.5299,0.1769,12.9290,0.4060,853.8349,73.0769,,9.5442,3.6002,6.4289,12.8578,18.0009,25.7155,38.239,5.4003,0.0,4.0,5.947999,1.484574,29,143,4,2,0E-8,0.01514225,,0E-8,0.000000,0.815633,0.000000,,2026-06-02,2026-06-22,13,414,195,21,0.619048,,,0.000000,,,,,,,,GLOBAL_BASELINE_NO_ENTITY_RANKING,,,NOT_APPLICABLE_GLOBAL_BASELINE,HF9g-P5,,,,X 全窗基线 · 不参与实体赏罚,6872711,688,A168_HF9F_20260827_0900,2026-08-27 09:00:00
2026-06-14,150916076,2256,0,9.5147478592,-4.3716409082,-4.3716409082,0E-7,2,1,0.50302767297291586,0.499948100000,-1.0060737910766782,-0.9998962053866608,-1.0060737910766782,0.00307957297291586,ELIGIBLE,R03b_20260811_FULL_v1,L1_ELIGIBILITY,v2026-08-11,2026-03-21..2026-08-06,baccarat_bet02_101_all_pairs_incl_sentinel,round_win = game_pnl > 0 (decisive only),COMPATIBILITY_ONLY_NOT_PRODUCTION,11099.8534,9053.4112,168.0767,1163,950,-0.01514225,,-0.01514225,-0.01514225,-168.0767,11099.8534,OK,0.0000,6.7231,4.0000,96.0000,AG03-UNRESOLVED,ALL5_LEVELS_bet23_to_bet27,6.7231,6.7231,8.4038,8.4038,8.4038,4.000000,4.000000,5.000000,5.000000,5.000000,96.000000,96.000000,95.000000,95.000000,95.000000,5.0,38.6576,35.2698,129.4191,132.807,PENDING_AG03,FALSE,NOT_FOR_ENFORCEMENT,161.3537,8691.2747,168.0767,161.3537,6.7231,0.01514225,0.01453656,6.7231,161.3537,0.01453656,6.7231,6.7231,8.4038,8.4038,8.4038,161.3537,0.01453656,38.6576,35.2698,129.4191,132.807,0.01165953,0.01196475,0.00060569,9.5442,9.5299,0.1769,12.9290,0.4060,853.8349,73.0769,,9.5442,3.6002,6.4289,12.8578,18.0009,25.7155,38.239,5.4003,0.0,4.0,5.947999,1.484574,29,143,4,2,0E-8,0.01514225,,0E-8,0.000000,0.815633,0.000000,,2026-06-02,2026-06-22,13,414,195,21,0.619048,,,0.000000,,,,,,,,GLOBAL_BASELINE_NO_ENTITY_RANKING,,,NOT_APPLICABLE_GLOBAL_BASELINE,HF9g-P5,,,,X 全窗基线 · 不参与实体赏罚,6872712,688,A168_HF9F_20260827_0900,2026-08-27 09:00:00
2026-06-14,150916076,583,0,16.7150975904,-6.6860390361,-6.6860390361,0.3333333,3,3,0.50665070000000000,0.506650700000,-0.6004420894325239,-0.6004420894325239,-0.6004420894325239,0E-17,ELIGIBLE,R03b_20260811_FULL_v1,L1_ELIGIBILITY,v2026-08-11,2026-03-21..2026-08-06,baccarat_bet02_101_all_pairs_incl_sentinel,round_win = game_pnl > 0 (decisive only),COMPATIBILITY_ONLY_NOT_PRODUCTION,11099.8534,9053.4112,168.0767,1163,950,-0.01514225,,-0.01514225,-0.01514225,-168.0767,11099.8534,OK,0.0000,6.7231,4.0000,96.0000,AG03-UNRESOLVED,ALL5_LEVELS_bet23_to_bet27,6.7231,6.7231,8.4038,8.4038,8.4038,4.000000,4.000000,5.000000,5.000000,5.000000,96.000000,96.000000,95.000000,95.000000,95.000000,5.0,38.6576,35.2698,129.4191,132.807,PENDING_AG03,FALSE,NOT_FOR_ENFORCEMENT,161.3537,8691.2747,168.0767,161.3537,6.7231,0.01514225,0.01453656,6.7231,161.3537,0.01453656,6.7231,6.7231,8.4038,8.4038,8.4038,161.3537,0.01453656,38.6576,35.2698,129.4191,132.807,0.01165953,0.01196475,0.00060569,9.5442,9.5299,0.1769,12.9290,0.4060,853.8349,73.0769,,9.5442,3.6002,6.4289,12.8578,18.0009,25.7155,38.239,5.4003,0.0,4.0,5.947999,1.484574,29,143,4,2,0E-8,0.01514225,,0E-8,0.000000,0.815633,0.000000,,2026-06-02,2026-06-22,13,414,195,21,0.619048,,,0.000000,,,,,,,,GLOBAL_BASELINE_NO_ENTITY_RANKING,,,NOT_APPLICABLE_GLOBAL_BASELINE,HF9g-P5,,,,X 全窗基线 · 不参与实体赏罚,6872713,688,A168_HF9F_20260827_0900,2026-08-27 09:00:00
2026-06-14,150916076,595,0,23.1439812791,-23.1439812791,-23.1439812791,0E-7,2,2,0.50665070000000000,0.506650700000,-1.4331513700195317,-1.4331513700195317,-1.4331513700195317,0E-17,ELIGIBLE,R03b_20260811_FULL_v1,L1_ELIGIBILITY,v2026-08-11,2026-03-21..2026-08-06,baccarat_bet02_101_all_pairs_incl_sentinel,round_win = game_pnl > 0 (decisive only),COMPATIBILITY_ONLY_NOT_PRODUCTION,11099.8534,9053.4112,168.0767,1163,950,-0.01514225,,-0.01514225,-0.01514225,-168.0767,11099.8534,OK,0.0000,6.7231,4.0000,96.0000,AG03-UNRESOLVED,ALL5_LEVELS_bet23_to_bet27,6.7231,6.7231,8.4038,8.4038,8.4038,4.000000,4.000000,5.000000,5.000000,5.000000,96.000000,96.000000,95.000000,95.000000,95.000000,5.0,38.6576,35.2698,129.4191,132.807,PENDING_AG03,FALSE,NOT_FOR_ENFORCEMENT,161.3537,8691.2747,168.0767,161.3537,6.7231,0.01514225,0.01453656,6.7231,161.3537,0.01453656,6.7231,6.7231,8.4038,8.4038,8.4038,161.3537,0.01453656,38.6576,35.2698,129.4191,132.807,0.01165953,0.01196475,0.00060569,9.5442,9.5299,0.1769,12.9290,0.4060,853.8349,73.0769,,9.5442,3.6002,6.4289,12.8578,18.0009,25.7155,38.239,5.4003,0.0,4.0,5.947999,1.484574,29,143,4,2,0E-8,0.01514225,,0E-8,0.000000,0.815633,0.000000,,2026-06-02,2026-06-22,13,414,195,21,0.619048,,,0.000000,,,,,,,,GLOBAL_BASELINE_NO_ENTITY_RANKING,,,NOT_APPLICABLE_GLOBAL_BASELINE,HF9g-P5,,,,X 全窗基线 · 不参与实体赏罚,6872714,688,A168_HF9F_20260827_0900,2026-08-27 09:00:00
2026-06-14,150916076,919,0,5.1431069509,-5.1431069509,-5.1431069509,0E-7,1,1,0.49324550000000000,0.493245500000,-0.9865810262130424,-0.9865810262130424,-0.9865810262130424,0E-17,ELIGIBLE,R03b_20260811_FULL_v1,L1_ELIGIBILITY,v2026-08-11,2026-03-21..2026-08-06,baccarat_bet02_101_all_pairs_incl_sentinel,round_win = game_pnl > 0 (decisive only),COMPATIBILITY_ONLY_NOT_PRODUCTION,11099.8534,9053.4112,168.0767,1163,950,-0.01514225,,-0.01514225,-0.01514225,-168.0767,11099.8534,OK,0.0000,6.7231,4.0000,96.0000,AG03-UNRESOLVED,ALL5_LEVELS_bet23_to_bet27,6.7231,6.7231,8.4038,8.4038,8.4038,4.000000,4.000000,5.000000,5.000000,5.000000,96.000000,96.000000,95.000000,95.000000,95.000000,5.0,38.6576,35.2698,129.4191,132.807,PENDING_AG03,FALSE,NOT_FOR_ENFORCEMENT,161.3537,8691.2747,168.0767,161.3537,6.7231,0.01514225,0.01453656,6.7231,161.3537,0.01453656,6.7231,6.7231,8.4038,8.4038,8.4038,161.3537,0.01453656,38.6576,35.2698,129.4191,132.807,0.01165953,0.01196475,0.00060569,9.5442,9.5299,0.1769,12.9290,0.4060,853.8349,73.0769,,9.5442,3.6002,6.4289,12.8578,18.0009,25.7155,38.239,5.4003,0.0,4.0,5.947999,1.484574,29,143,4,2,0E-8,0.01514225,,0E-8,0.000000,0.815633,0.000000,,2026-06-02,2026-06-22,13,414,195,21,0.619048,,,0.000000,,,,,,,,GLOBAL_BASELINE_NO_ENTITY_RANKING,,,NOT_APPLICABLE_GLOBAL_BASELINE,HF9g-P5,,,,X 全窗基线 · 不参与实体赏罚,6872715,688,A168_HF9F_20260827_0900,2026-08-27 09:00:00
2026-06-15,150916076,-1,1,629.7734461390,39.3833414761,39.3833414761,0.4878049,56,44,0.50111967072552099,0.500862090909,-0.1705129709416433,-0.1672141608247422,-0.1705129709416433,0.00025757981652099,SENTINEL_DEALER,R03b_20260811_FULL_v1,L1_ELIGIBILITY,v2026-08-11,2026-03-21..2026-08-06,baccarat_bet02_101_all_pairs_incl_sentinel,round_win = game_pnl > 0 (decisive only),COMPATIBILITY_ONLY_NOT_PRODUCTION,11099.8534,9053.4112,168.0767,1163,950,-0.01514225,,-0.01514225,-0.01514225,-168.0767,11099.8534,OK,0.0000,6.7231,4.0000,96.0000,AG03-UNRESOLVED,ALL5_LEVELS_bet23_to_bet27,6.7231,6.7231,8.4038,8.4038,8.4038,4.000000,4.000000,5.000000,5.000000,5.000000,96.000000,96.000000,95.000000,95.000000,95.000000,5.0,38.6576,35.2698,129.4191,132.807,PENDING_AG03,FALSE,NOT_FOR_ENFORCEMENT,161.3537,8691.2747,168.0767,161.3537,6.7231,0.01514225,0.01453656,6.7231,161.3537,0.01453656,6.7231,6.7231,8.4038,8.4038,8.4038,161.3537,0.01453656,38.6576,35.2698,129.4191,132.807,0.01165953,0.01196475,0.00060569,9.5442,9.5299,0.1769,12.9290,0.4060,853.8349,73.0769,,9.5442,3.6002,6.4289,12.8578,18.0009,25.7155,38.239,5.4003,0.0,4.0,5.947999,1.484574,29,143,4,2,0E-8,0.01514225,,0E-8,0.000000,0.815633,0.000000,,2026-06-02,2026-06-22,13,414,195,21,0.619048,,,0.000000,,,,,,,,GLOBAL_BASELINE_NO_ENTITY_RANKING,,,NOT_APPLICABLE_GLOBAL_BASELINE,HF9g-P5,,,,X 全窗基线 · 不参与实体赏罚,6872716,688,A168_HF9F_20260827_0900,2026-08-27 09:00:00
2026-06-15,150916076,1017,0,11.5719906395,-11.5719906395,-11.5719906395,0E-7,1,1,0.50665070000000000,0.506650700000,-1.013391052207602,-1.013391052207602,-1.013391052207602,0E-17,ELIGIBLE,R03b_20260811_FULL_v1,L1_ELIGIBILITY,v2026-08-11,2026-03-21..2026-08-06,baccarat_bet02_101_all_pairs_incl_sentinel,round_win = game_pnl > 0 (decisive only),COMPATIBILITY_ONLY_NOT_PRODUCTION,11099.8534,9053.4112,168.0767,1163,950,-0.01514225,,-0.01514225,-0.01514225,-168.0767,11099.8534,OK,0.0000,6.7231,4.0000,96.0000,AG03-UNRESOLVED,ALL5_LEVELS_bet23_to_bet27,6.7231,6.7231,8.4038,8.4038,8.4038,4.000000,4.000000,5.000000,5.000000,5.000000,96.000000,96.000000,95.000000,95.000000,95.000000,5.0,38.6576,35.2698,129.4191,132.807,PENDING_AG03,FALSE,NOT_FOR_ENFORCEMENT,161.3537,8691.2747,168.0767,161.3537,6.7231,0.01514225,0.01453656,6.7231,161.3537,0.01453656,6.7231,6.7231,8.4038,8.4038,8.4038,161.3537,0.01453656,38.6576,35.2698,129.4191,132.807,0.01165953,0.01196475,0.00060569,9.5442,9.5299,0.1769,12.9290,0.4060,853.8349,73.0769,,9.5442,3.6002,6.4289,12.8578,18.0009,25.7155,38.239,5.4003,0.0,4.0,5.947999,1.484574,29,143,4,2,0E-8,0.01514225,,0E-8,0.000000,0.815633,0.000000,,2026-06-02,2026-06-22,13,414,195,21,0.619048,,,0.000000,,,,,,,,GLOBAL_BASELINE_NO_ENTITY_RANKING,,,NOT_APPLICABLE_GLOBAL_BASELINE,HF9g-P5,,,,X 全窗基线 · 不参与实体赏罚,6872717,688,A168_HF9F_20260827_0900,2026-08-27 09:00:00
2026-06-15,150916076,1094,0,32.6587291382,-0.7714660426,-0.7714660426,0.3333333,3,3,0.49771390000000000,0.497713900000,-0.5694369385616226,-0.5694369385616226,-0.5694369385616226,0E-17,ELIGIBLE,R03b_20260811_FULL_v1,L1_ELIGIBILITY,v2026-08-11,2026-03-21..2026-08-06,baccarat_bet02_101_all_pairs_incl_sentinel,round_win = game_pnl > 0 (decisive only),COMPATIBILITY_ONLY_NOT_PRODUCTION,11099.8534,9053.4112,168.0767,1163,950,-0.01514225,,-0.01514225,-0.01514225,-168.0767,11099.8534,OK,0.0000,6.7231,4.0000,96.0000,AG03-UNRESOLVED,ALL5_LEVELS_bet23_to_bet27,6.7231,6.7231,8.4038,8.4038,8.4038,4.000000,4.000000,5.000000,5.000000,5.000000,96.000000,96.000000,95.000000,95.000000,95.000000,5.0,38.6576,35.2698,129.4191,132.807,PENDING_AG03,FALSE,NOT_FOR_ENFORCEMENT,161.3537,8691.2747,168.0767,161.3537,6.7231,0.01514225,0.01453656,6.7231,161.3537,0.01453656,6.7231,6.7231,8.4038,8.4038,8.4038,161.3537,0.01453656,38.6576,35.2698,129.4191,132.807,0.01165953,0.01196475,0.00060569,9.5442,9.5299,0.1769,12.9290,0.4060,853.8349,73.0769,,9.5442,3.6002,6.4289,12.8578,18.0009,25.7155,38.239,5.4003,0.0,4.0,5.947999,1.484574,29,143,4,2,0E-8,0.01514225,,0E-8,0.000000,0.815633,0.000000,,2026-06-02,2026-06-22,13,414,195,21,0.619048,,,0.000000,,,,,,,,GLOBAL_BASELINE_NO_ENTITY_RANKING,,,NOT_APPLICABLE_GLOBAL_BASELINE,HF9g-P5,,,,X 全窗基线 · 不参与实体赏罚,6872718,688,A168_HF9F_20260827_0900,2026-08-27 09:00:00
2026-06-15,150916076,1115,0,30.8586417054,0E-10,0E-10,0.5000000,2,2,0.49324550000000000,0.493245500000,0.01910635448239258,0.01910635448239258,0.01910635448239258,0E-17,ELIGIBLE,R03b_20260811_FULL_v1,L1_ELIGIBILITY,v2026-08-11,2026-03-21..2026-08-06,baccarat_bet02_101_all_pairs_incl_sentinel,round_win = game_pnl > 0 (decisive only),COMPATIBILITY_ONLY_NOT_PRODUCTION,11099.8534,9053.4112,168.0767,1163,950,-0.01514225,,-0.01514225,-0.01514225,-168.0767,11099.8534,OK,0.0000,6.7231,4.0000,96.0000,AG03-UNRESOLVED,ALL5_LEVELS_bet23_to_bet27,6.7231,6.7231,8.4038,8.4038,8.4038,4.000000,4.000000,5.000000,5.000000,5.000000,96.000000,96.000000,95.000000,95.000000,95.000000,5.0,38.6576,35.2698,129.4191,132.807,PENDING_AG03,FALSE,NOT_FOR_ENFORCEMENT,161.3537,8691.2747,168.0767,161.3537,6.7231,0.01514225,0.01453656,6.7231,161.3537,0.01453656,6.7231,6.7231,8.4038,8.4038,8.4038,161.3537,0.01453656,38.6576,35.2698,129.4191,132.807,0.01165953,0.01196475,0.00060569,9.5442,9.5299,0.1769,12.9290,0.4060,853.8349,73.0769,,9.5442,3.6002,6.4289,12.8578,18.0009,25.7155,38.239,5.4003,0.0,4.0,5.947999,1.484574,29,143,4,2,0E-8,0.01514225,,0E-8,0.000000,0.815633,0.000000,,2026-06-02,2026-06-22,13,414,195,21,0.619048,,,0.000000,,,,,,,,GLOBAL_BASELINE_NO_ENTITY_RANKING,,,NOT_APPLICABLE_GLOBAL_BASELINE,HF9g-P5,,,,X 全窗基线 · 不参与实体赏罚,6872719,688,A168_HF9F_20260827_0900,2026-08-27 09:00:00
2026-06-15,150916076,1148,0,24.4297580168,15.6864762003,15.6864762003,1.0000000,2,1,0.50453408947367266,0.499948100000,0.9909725666536692,1.0001038053877793,0.9909725666536692,0.00458598947367266,ELIGIBLE,R03b_20260811_FULL_v1,L1_ELIGIBILITY,v2026-08-11,2026-03-21..2026-08-06,baccarat_bet02_101_all_pairs_incl_sentinel,round_win = game_pnl > 0 (decisive only),COMPATIBILITY_ONLY_NOT_PRODUCTION,11099.8534,9053.4112,168.0767,1163,950,-0.01514225,,-0.01514225,-0.01514225,-168.0767,11099.8534,OK,0.0000,6.7231,4.0000,96.0000,AG03-UNRESOLVED,ALL5_LEVELS_bet23_to_bet27,6.7231,6.7231,8.4038,8.4038,8.4038,4.000000,4.000000,5.000000,5.000000,5.000000,96.000000,96.000000,95.000000,95.000000,95.000000,5.0,38.6576,35.2698,129.4191,132.807,PENDING_AG03,FALSE,NOT_FOR_ENFORCEMENT,161.3537,8691.2747,168.0767,161.3537,6.7231,0.01514225,0.01453656,6.7231,161.3537,0.01453656,6.7231,6.7231,8.4038,8.4038,8.4038,161.3537,0.01453656,38.6576,35.2698,129.4191,132.807,0.01165953,0.01196475,0.00060569,9.5442,9.5299,0.1769,12.9290,0.4060,853.8349,73.0769,,9.5442,3.6002,6.4289,12.8578,18.0009,25.7155,38.239,5.4003,0.0,4.0,5.947999,1.484574,29,143,4,2,0E-8,0.01514225,,0E-8,0.000000,0.815633,0.000000,,2026-06-02,2026-06-22,13,414,195,21,0.619048,,,0.000000,,,,,,,,GLOBAL_BASELINE_NO_ENTITY_RANKING,,,NOT_APPLICABLE_GLOBAL_BASELINE,HF9g-P5,,,,X 全窗基线 · 不参与实体赏罚,6872720,688,A168_HF9F_20260827_0900,2026-08-27 09:00:00
2026-06-15,150916076,1210,0,31.6301077480,-1.2857767377,-1.2857767377,0.4000000,5,5,0.49860758000000000,0.498607580000,-0.440988213962219,-0.440988213962219,-0.440988213962219,0E-17,ELIGIBLE,R03b_20260811_FULL_v1,L1_ELIGIBILITY,v2026-08-11,2026-03-21..2026-08-06,baccarat_bet02_101_all_pairs_incl_sentinel,round_win = game_pnl > 0 (decisive only),COMPATIBILITY_ONLY_NOT_PRODUCTION,11099.8534,9053.4112,168.0767,1163,950,-0.01514225,,-0.01514225,-0.01514225,-168.0767,11099.8534,OK,0.0000,6.7231,4.0000,96.0000,AG03-UNRESOLVED,ALL5_LEVELS_bet23_to_bet27,6.7231,6.7231,8.4038,8.4038,8.4038,4.000000,4.000000,5.000000,5.000000,5.000000,96.000000,96.000000,95.000000,95.000000,95.000000,5.0,38.6576,35.2698,129.4191,132.807,PENDING_AG03,FALSE,NOT_FOR_ENFORCEMENT,161.3537,8691.2747,168.0767,161.3537,6.7231,0.01514225,0.01453656,6.7231,161.3537,0.01453656,6.7231,6.7231,8.4038,8.4038,8.4038,161.3537,0.01453656,38.6576,35.2698,129.4191,132.807,0.01165953,0.01196475,0.00060569,9.5442,9.5299,0.1769,12.9290,0.4060,853.8349,73.0769,,9.5442,3.6002,6.4289,12.8578,18.0009,25.7155,38.239,5.4003,0.0,4.0,5.947999,1.484574,29,143,4,2,0E-8,0.01514225,,0E-8,0.000000,0.815633,0.000000,,2026-06-02,2026-06-22,13,414,195,21,0.619048,,,0.000000,,,,,,,,GLOBAL_BASELINE_NO_ENTITY_RANKING,,,NOT_APPLICABLE_GLOBAL_BASELINE,HF9g-P5,,,,X 全窗基线 · 不参与实体赏罚,6872721,688,A168_HF9F_20260827_0900,2026-08-27 09:00:00
2026-06-15,150916076,1299,0,129.6062951628,6.8660477797,6.8660477797,0.5555556,11,10,0.50104989726027309,0.500618360000,0.3270346707428277,0.3296234254090479,0.3270346707428277,0.00043153726027309,ELIGIBLE,R03b_20260811_FULL_v1,L1_ELIGIBILITY,v2026-08-11,2026-03-21..2026-08-06,baccarat_bet02_101_all_pairs_incl_sentinel,round_win = game_pnl > 0 (decisive only),COMPATIBILITY_ONLY_NOT_PRODUCTION,11099.8534,9053.4112,168.0767,1163,950,-0.01514225,,-0.01514225,-0.01514225,-168.0767,11099.8534,OK,0.0000,6.7231,4.0000,96.0000,AG03-UNRESOLVED,ALL5_LEVELS_bet23_to_bet27,6.7231,6.7231,8.4038,8.4038,8.4038,4.000000,4.000000,5.000000,5.000000,5.000000,96.000000,96.000000,95.000000,95.000000,95.000000,5.0,38.6576,35.2698,129.4191,132.807,PENDING_AG03,FALSE,NOT_FOR_ENFORCEMENT,161.3537,8691.2747,168.0767,161.3537,6.7231,0.01514225,0.01453656,6.7231,161.3537,0.01453656,6.7231,6.7231,8.4038,8.4038,8.4038,161.3537,0.01453656,38.6576,35.2698,129.4191,132.807,0.01165953,0.01196475,0.00060569,9.5442,9.5299,0.1769,12.9290,0.4060,853.8349,73.0769,,9.5442,3.6002,6.4289,12.8578,18.0009,25.7155,38.239,5.4003,0.0,4.0,5.947999,1.484574,29,143,4,2,0E-8,0.01514225,,0E-8,0.000000,0.815633,0.000000,,2026-06-02,2026-06-22,13,414,195,21,0.619048,,,0.000000,,,,,,,,GLOBAL_BASELINE_NO_ENTITY_RANKING,,,NOT_APPLICABLE_GLOBAL_BASELINE,HF9g-P5,,,,X 全窗基线 · 不参与实体赏罚,6872722,688,A168_HF9F_20260827_0900,2026-08-27 09:00:00
2026-06-15,150916076,1304,0,21.6010491938,-10.2862139018,-10.2862139018,0.3333333,3,3,0.49324550000000000,0.493245500000,-0.5540025479526107,-0.5540025479526106,-0.5540025479526107,0E-17,ELIGIBLE,R03b_20260811_FULL_v1,L1_ELIGIBILITY,v2026-08-11,2026-03-21..2026-08-06,baccarat_bet02_101_all_pairs_incl_sentinel,round_win = game_pnl > 0 (decisive only),COMPATIBILITY_ONLY_NOT_PRODUCTION,11099.8534,9053.4112,168.0767,1163,950,-0.01514225,,-0.01514225,-0.01514225,-168.0767,11099.8534,OK,0.0000,6.7231,4.0000,96.0000,AG03-UNRESOLVED,ALL5_LEVELS_bet23_to_bet27,6.7231,6.7231,8.4038,8.4038,8.4038,4.000000,4.000000,5.000000,5.000000,5.000000,96.000000,96.000000,95.000000,95.000000,95.000000,5.0,38.6576,35.2698,129.4191,132.807,PENDING_AG03,FALSE,NOT_FOR_ENFORCEMENT,161.3537,8691.2747,168.0767,161.3537,6.7231,0.01514225,0.01453656,6.7231,161.3537,0.01453656,6.7231,6.7231,8.4038,8.4038,8.4038,161.3537,0.01453656,38.6576,35.2698,129.4191,132.807,0.01165953,0.01196475,0.00060569,9.5442,9.5299,0.1769,12.9290,0.4060,853.8349,73.0769,,9.5442,3.6002,6.4289,12.8578,18.0009,25.7155,38.239,5.4003,0.0,4.0,5.947999,1.484574,29,143,4,2,0E-8,0.01514225,,0E-8,0.000000,0.815633,0.000000,,2026-06-02,2026-06-22,13,414,195,21,0.619048,,,0.000000,,,,,,,,GLOBAL_BASELINE_NO_ENTITY_RANKING,,,NOT_APPLICABLE_GLOBAL_BASELINE,HF9g-P5,,,,X 全窗基线 · 不参与实体赏罚,6872723,688,A168_HF9F_20260827_0900,2026-08-27 09:00:00
2026-06-15,150916076,1318,0,79.4610023915,33.4301951809,33.4301951809,1.0000000,8,4,0.50037497190879708,0.499948100000,1.730752353475224,1.7322306037746105,1.730752353475224,0.00042687190879708,ELIGIBLE,R03b_20260811_FULL_v1,L1_ELIGIBILITY,v2026-08-11,2026-03-21..2026-08-06,baccarat_bet02_101_all_pairs_incl_sentinel,round_win = game_pnl > 0 (decisive only),COMPATIBILITY_ONLY_NOT_PRODUCTION,11099.8534,9053.4112,168.0767,1163,950,-0.01514225,,-0.01514225,-0.01514225,-168.0767,11099.8534,OK,0.0000,6.7231,4.0000,96.0000,AG03-UNRESOLVED,ALL5_LEVELS_bet23_to_bet27,6.7231,6.7231,8.4038,8.4038,8.4038,4.000000,4.000000,5.000000,5.000000,5.000000,96.000000,96.000000,95.000000,95.000000,95.000000,5.0,38.6576,35.2698,129.4191,132.807,PENDING_AG03,FALSE,NOT_FOR_ENFORCEMENT,161.3537,8691.2747,168.0767,161.3537,6.7231,0.01514225,0.01453656,6.7231,161.3537,0.01453656,6.7231,6.7231,8.4038,8.4038,8.4038,161.3537,0.01453656,38.6576,35.2698,129.4191,132.807,0.01165953,0.01196475,0.00060569,9.5442,9.5299,0.1769,12.9290,0.4060,853.8349,73.0769,,9.5442,3.6002,6.4289,12.8578,18.0009,25.7155,38.239,5.4003,0.0,4.0,5.947999,1.484574,29,143,4,2,0E-8,0.01514225,,0E-8,0.000000,0.815633,0.000000,,2026-06-02,2026-06-22,13,414,195,21,0.619048,,,0.000000,,,,,,,,GLOBAL_BASELINE_NO_ENTITY_RANKING,,,NOT_APPLICABLE_GLOBAL_BASELINE,HF9g-P5,,,,X 全窗基线 · 不参与实体赏罚,6872724,688,A168_HF9F_20260827_0900,2026-08-27 09:00:00
2026-06-15,150916076,1325,0,59.4028852830,15.2364543420,15.2364543420,0.6666667,6,6,0.50218230000000000,0.502182300000,0.8058132132962729,0.8058132132962729,0.8058132132962729,0E-17,ELIGIBLE,R03b_20260811_FULL_v1,L1_ELIGIBILITY,v2026-08-11,2026-03-21..2026-08-06,baccarat_bet02_101_all_pairs_incl_sentinel,round_win = game_pnl > 0 (decisive only),COMPATIBILITY_ONLY_NOT_PRODUCTION,11099.8534,9053.4112,168.0767,1163,950,-0.01514225,,-0.01514225,-0.01514225,-168.0767,11099.8534,OK,0.0000,6.7231,4.0000,96.0000,AG03-UNRESOLVED,ALL5_LEVELS_bet23_to_bet27,6.7231,6.7231,8.4038,8.4038,8.4038,4.000000,4.000000,5.000000,5.000000,5.000000,96.000000,96.000000,95.000000,95.000000,95.000000,5.0,38.6576,35.2698,129.4191,132.807,PENDING_AG03,FALSE,NOT_FOR_ENFORCEMENT,161.3537,8691.2747,168.0767,161.3537,6.7231,0.01514225,0.01453656,6.7231,161.3537,0.01453656,6.7231,6.7231,8.4038,8.4038,8.4038,161.3537,0.01453656,38.6576,35.2698,129.4191,132.807,0.01165953,0.01196475,0.00060569,9.5442,9.5299,0.1769,12.9290,0.4060,853.8349,73.0769,,9.5442,3.6002,6.4289,12.8578,18.0009,25.7155,38.239,5.4003,0.0,4.0,5.947999,1.484574,29,143,4,2,0E-8,0.01514225,,0E-8,0.000000,0.815633,0.000000,,2026-06-02,2026-06-22,13,414,195,21,0.619048,,,0.000000,,,,,,,,GLOBAL_BASELINE_NO_ENTITY_RANKING,,,NOT_APPLICABLE_GLOBAL_BASELINE,HF9g-P5,,,,X 全窗基线 · 不参与实体赏罚,6872725,688,A168_HF9F_20260827_0900,2026-08-27 09:00:00
2026-06-15,150916076,1331,0,30.8586417054,-0.7714660426,-0.7714660426,0.5000000,2,2,0.50665070000000000,0.506650700000,-0.018812684590367487,-0.018812684590367487,-0.018812684590367487,0E-17,ELIGIBLE,R03b_20260811_FULL_v1,L1_ELIGIBILITY,v2026-08-11,2026-03-21..2026-08-06,baccarat_bet02_101_all_pairs_incl_sentinel,round_win = game_pnl > 0 (decisive only),COMPATIBILITY_ONLY_NOT_PRODUCTION,11099.8534,9053.4112,168.0767,1163,950,-0.01514225,,-0.01514225,-0.01514225,-168.0767,11099.8534,OK,0.0000,6.7231,4.0000,96.0000,AG03-UNRESOLVED,ALL5_LEVELS_bet23_to_bet27,6.7231,6.7231,8.4038,8.4038,8.4038,4.000000,4.000000,5.000000,5.000000,5.000000,96.000000,96.000000,95.000000,95.000000,95.000000,5.0,38.6576,35.2698,129.4191,132.807,PENDING_AG03,FALSE,NOT_FOR_ENFORCEMENT,161.3537,8691.2747,168.0767,161.3537,6.7231,0.01514225,0.01453656,6.7231,161.3537,0.01453656,6.7231,6.7231,8.4038,8.4038,8.4038,161.3537,0.01453656,38.6576,35.2698,129.4191,132.807,0.01165953,0.01196475,0.00060569,9.5442,9.5299,0.1769,12.9290,0.4060,853.8349,73.0769,,9.5442,3.6002,6.4289,12.8578,18.0009,25.7155,38.239,5.4003,0.0,4.0,5.947999,1.484574,29,143,4,2,0E-8,0.01514225,,0E-8,0.000000,0.815633,0.000000,,2026-06-02,2026-06-22,13,414,195,21,0.619048,,,0.000000,,,,,,,,GLOBAL_BASELINE_NO_ENTITY_RANKING,,,NOT_APPLICABLE_GLOBAL_BASELINE,HF9g-P5,,,,X 全窗基线 · 不参与实体赏罚,6872726,688,A168_HF9F_20260827_0900,2026-08-27 09:00:00
2026-06-15,150916076,1374,0,87.9471288605,-15.9436315477,-15.9436315477,0.2500000,4,4,0.49659680000000000,0.496596800000,-0.9864100490137353,-0.9864100490137354,-0.9864100490137353,0E-17,ELIGIBLE,R03b_20260811_FULL_v1,L1_ELIGIBILITY,v2026-08-11,2026-03-21..2026-08-06,baccarat_bet02_101_all_pairs_incl_sentinel,round_win = game_pnl > 0 (decisive only),COMPATIBILITY_ONLY_NOT_PRODUCTION,11099.8534,9053.4112,168.0767,1163,950,-0.01514225,,-0.01514225,-0.01514225,-168.0767,11099.8534,OK,0.0000,6.7231,4.0000,96.0000,AG03-UNRESOLVED,ALL5_LEVELS_bet23_to_bet27,6.7231,6.7231,8.4038,8.4038,8.4038,4.000000,4.000000,5.000000,5.000000,5.000000,96.000000,96.000000,95.000000,95.000000,95.000000,5.0,38.6576,35.2698,129.4191,132.807,PENDING_AG03,FALSE,NOT_FOR_ENFORCEMENT,161.3537,8691.2747,168.0767,161.3537,6.7231,0.01514225,0.01453656,6.7231,161.3537,0.01453656,6.7231,6.7231,8.4038,8.4038,8.4038,161.3537,0.01453656,38.6576,35.2698,129.4191,132.807,0.01165953,0.01196475,0.00060569,9.5442,9.5299,0.1769,12.9290,0.4060,853.8349,73.0769,,9.5442,3.6002,6.4289,12.8578,18.0009,25.7155,38.239,5.4003,0.0,4.0,5.947999,1.484574,29,143,4,2,0E-8,0.01514225,,0E-8,0.000000,0.815633,0.000000,,2026-06-02,2026-06-22,13,414,195,21,0.619048,,,0.000000,,,,,,,,GLOBAL_BASELINE_NO_ENTITY_RANKING,,,NOT_APPLICABLE_GLOBAL_BASELINE,HF9g-P5,,,,X 全窗基线 · 不参与实体赏罚,6872727,688,A168_HF9F_20260827_0900,2026-08-27 09:00:00
2026-06-15,150916076,1383,0,27.2584668398,-10.2862139018,-10.2862139018,0.3333333,3,3,0.49771390000000000,0.497713900000,-0.5694369385616226,-0.5694369385616226,-0.5694369385616226,0E-17,ELIGIBLE,R03b_20260811_FULL_v1,L1_ELIGIBILITY,v2026-08-11,2026-03-21..2026-08-06,baccarat_bet02_101_all_pairs_incl_sentinel,round_win = game_pnl > 0 (decisive only),COMPATIBILITY_ONLY_NOT_PRODUCTION,11099.8534,9053.4112,168.0767,1163,950,-0.01514225,,-0.01514225,-0.01514225,-168.0767,11099.8534,OK,0.0000,6.7231,4.0000,96.0000,AG03-UNRESOLVED,ALL5_LEVELS_bet23_to_bet27,6.7231,6.7231,8.4038,8.4038,8.4038,4.000000,4.000000,5.000000,5.000000,5.000000,96.000000,96.000000,95.000000,95.000000,95.000000,5.0,38.6576,35.2698,129.4191,132.807,PENDING_AG03,FALSE,NOT_FOR_ENFORCEMENT,161.3537,8691.2747,168.0767,161.3537,6.7231,0.01514225,0.01453656,6.7231,161.3537,0.01453656,6.7231,6.7231,8.4038,8.4038,8.4038,161.3537,0.01453656,38.6576,35.2698,129.4191,132.807,0.01165953,0.01196475,0.00060569,9.5442,9.5299,0.1769,12.9290,0.4060,853.8349,73.0769,,9.5442,3.6002,6.4289,12.8578,18.0009,25.7155,38.239,5.4003,0.0,4.0,5.947999,1.484574,29,143,4,2,0E-8,0.01514225,,0E-8,0.000000,0.815633,0.000000,,2026-06-02,2026-06-22,13,414,195,21,0.619048,,,0.000000,,,,,,,,GLOBAL_BASELINE_NO_ENTITY_RANKING,,,NOT_APPLICABLE_GLOBAL_BASELINE,HF9g-P5,,,,X 全窗基线 · 不参与实体赏罚,6872728,688,A168_HF9F_20260827_0900,2026-08-27 09:00:00
2026-06-15,150916076,1401,0,26.4870007972,-26.4870007972,-26.4870007972,0E-7,3,3,0.49771390000000000,0.497713900000,-1.724149546644903,-1.724149546644903,-1.724149546644903,0E-17,ELIGIBLE,R03b_20260811_FULL_v1,L1_ELIGIBILITY,v2026-08-11,2026-03-21..2026-08-06,baccarat_bet02_101_all_pairs_incl_sentinel,round_win = game_pnl > 0 (decisive only),COMPATIBILITY_ONLY_NOT_PRODUCTION,11099.8534,9053.4112,168.0767,1163,950,-0.01514225,,-0.01514225,-0.01514225,-168.0767,11099.8534,OK,0.0000,6.7231,4.0000,96.0000,AG03-UNRESOLVED,ALL5_LEVELS_bet23_to_bet27,6.7231,6.7231,8.4038,8.4038,8.4038,4.000000,4.000000,5.000000,5.000000,5.000000,96.000000,96.000000,95.000000,95.000000,95.000000,5.0,38.6576,35.2698,129.4191,132.807,PENDING_AG03,FALSE,NOT_FOR_ENFORCEMENT,161.3537,8691.2747,168.0767,161.3537,6.7231,0.01514225,0.01453656,6.7231,161.3537,0.01453656,6.7231,6.7231,8.4038,8.4038,8.4038,161.3537,0.01453656,38.6576,35.2698,129.4191,132.807,0.01165953,0.01196475,0.00060569,9.5442,9.5299,0.1769,12.9290,0.4060,853.8349,73.0769,,9.5442,3.6002,6.4289,12.8578,18.0009,25.7155,38.239,5.4003,0.0,4.0,5.947999,1.484574,29,143,4,2,0E-8,0.01514225,,0E-8,0.000000,0.815633,0.000000,,2026-06-02,2026-06-22,13,414,195,21,0.619048,,,0.000000,,,,,,,,GLOBAL_BASELINE_NO_ENTITY_RANKING,,,NOT_APPLICABLE_GLOBAL_BASELINE,HF9g-P5,,,,X 全窗基线 · 不参与实体赏罚,6872729,688,A168_HF9F_20260827_0900,2026-08-27 09:00:00
2026-06-15,150916076,1405,0,23.1439812791,2.5715534755,2.5715534755,0.5000000,3,2,0.49860757999997915,0.496596800000,0.003938373768829326,0.009625926164049045,0.003938373768829326,0.00201077999997915,ELIGIBLE,R03b_20260811_FULL_v1,L1_ELIGIBILITY,v2026-08-11,2026-03-21..2026-08-06,baccarat_bet02_101_all_pairs_incl_sentinel,round_win = game_pnl > 0 (decisive only),COMPATIBILITY_ONLY_NOT_PRODUCTION,11099.8534,9053.4112,168.0767,1163,950,-0.01514225,,-0.01514225,-0.01514225,-168.0767,11099.8534,OK,0.0000,6.7231,4.0000,96.0000,AG03-UNRESOLVED,ALL5_LEVELS_bet23_to_bet27,6.7231,6.7231,8.4038,8.4038,8.4038,4.000000,4.000000,5.000000,5.000000,5.000000,96.000000,96.000000,95.000000,95.000000,95.000000,5.0,38.6576,35.2698,129.4191,132.807,PENDING_AG03,FALSE,NOT_FOR_ENFORCEMENT,161.3537,8691.2747,168.0767,161.3537,6.7231,0.01514225,0.01453656,6.7231,161.3537,0.01453656,6.7231,6.7231,8.4038,8.4038,8.4038,161.3537,0.01453656,38.6576,35.2698,129.4191,132.807,0.01165953,0.01196475,0.00060569,9.5442,9.5299,0.1769,12.9290,0.4060,853.8349,73.0769,,9.5442,3.6002,6.4289,12.8578,18.0009,25.7155,38.239,5.4003,0.0,4.0,5.947999,1.484574,29,143,4,2,0E-8,0.01514225,,0E-8,0.000000,0.815633,0.000000,,2026-06-02,2026-06-22,13,414,195,21,0.619048,,,0.000000,,,,,,,,GLOBAL_BASELINE_NO_ENTITY_RANKING,,,NOT_APPLICABLE_GLOBAL_BASELINE,HF9g-P5,,,,X 全窗基线 · 不参与实体赏罚,6872730,688,A168_HF9F_20260827_0900,2026-08-27 09:00:00
2026-06-15,150916076,1505,0,75.8608275260,10.2733561344,10.2733561344,0.7142857,8,7,0.49670976516853792,0.496118042857,1.1513286332863402,1.1544696007232282,1.1513286332863402,0.00059172231153792,ELIGIBLE,R03b_20260811_FULL_v1,L1_ELIGIBILITY,v2026-08-11,2026-03-21..2026-08-06,baccarat_bet02_101_all_pairs_incl_sentinel,round_win = game_pnl > 0 (decisive only),COMPATIBILITY_ONLY_NOT_PRODUCTION,11099.8534,9053.4112,168.0767,1163,950,-0.01514225,,-0.01514225,-0.01514225,-168.0767,11099.8534,OK,0.0000,6.7231,4.0000,96.0000,AG03-UNRESOLVED,ALL5_LEVELS_bet23_to_bet27,6.7231,6.7231,8.4038,8.4038,8.4038,4.000000,4.000000,5.000000,5.000000,5.000000,96.000000,96.000000,95.000000,95.000000,95.000000,5.0,38.6576,35.2698,129.4191,132.807,PENDING_AG03,FALSE,NOT_FOR_ENFORCEMENT,161.3537,8691.2747,168.0767,161.3537,6.7231,0.01514225,0.01453656,6.7231,161.3537,0.01453656,6.7231,6.7231,8.4038,8.4038,8.4038,161.3537,0.01453656,38.6576,35.2698,129.4191,132.807,0.01165953,0.01196475,0.00060569,9.5442,9.5299,0.1769,12.9290,0.4060,853.8349,73.0769,,9.5442,3.6002,6.4289,12.8578,18.0009,25.7155,38.239,5.4003,0.0,4.0,5.947999,1.484574,29,143,4,2,0E-8,0.01514225,,0E-8,0.000000,0.815633,0.000000,,2026-06-02,2026-06-22,13,414,195,21,0.619048,,,0.000000,,,,,,,,GLOBAL_BASELINE_NO_ENTITY_RANKING,,,NOT_APPLICABLE_GLOBAL_BASELINE,HF9g-P5,,,,X 全窗基线 · 不参与实体赏罚,6872731,688,A168_HF9F_20260827_0900,2026-08-27 09:00:00
2026-06-15,150916076,1507,0,43.7164090827,6.4288836887,6.4288836887,0.6000000,6,5,0.50358665428570790,0.502629140000,0.4311846836496648,0.43546174416845557,0.4311846836496648,0.00095751428570790,ELIGIBLE,R03b_20260811_FULL_v1,L1_ELIGIBILITY,v2026-08-11,2026-03-21..2026-08-06,baccarat_bet02_101_all_pairs_incl_sentinel,round_win = game_pnl > 0 (decisive only),COMPATIBILITY_ONLY_NOT_PRODUCTION,11099.8534,9053.4112,168.0767,1163,950,-0.01514225,,-0.01514225,-0.01514225,-168.0767,11099.8534,OK,0.0000,6.7231,4.0000,96.0000,AG03-UNRESOLVED,ALL5_LEVELS_bet23_to_bet27,6.7231,6.7231,8.4038,8.4038,8.4038,4.000000,4.000000,5.000000,5.000000,5.000000,96.000000,96.000000,95.000000,95.000000,95.000000,5.0,38.6576,35.2698,129.4191,132.807,PENDING_AG03,FALSE,NOT_FOR_ENFORCEMENT,161.3537,8691.2747,168.0767,161.3537,6.7231,0.01514225,0.01453656,6.7231,161.3537,0.01453656,6.7231,6.7231,8.4038,8.4038,8.4038,161.3537,0.01453656,38.6576,35.2698,129.4191,132.807,0.01165953,0.01196475,0.00060569,9.5442,9.5299,0.1769,12.9290,0.4060,853.8349,73.0769,,9.5442,3.6002,6.4289,12.8578,18.0009,25.7155,38.239,5.4003,0.0,4.0,5.947999,1.484574,29,143,4,2,0E-8,0.01514225,,0E-8,0.000000,0.815633,0.000000,,2026-06-02,2026-06-22,13,414,195,21,0.619048,,,0.000000,,,,,,,,GLOBAL_BASELINE_NO_ENTITY_RANKING,,,NOT_APPLICABLE_GLOBAL_BASELINE,HF9g-P5,,,,X 全窗基线 · 不参与实体赏罚,6872732,688,A168_HF9F_20260827_0900,2026-08-27 09:00:00
2026-06-15,150916076,1645,0,109.0338673593,-14.2206907191,-14.2206907191,0.5454545,15,12,0.50117172692088504,0.501623750000,0.29373979404876494,0.29074213869567533,0.29373979404876494,-0.00045202307911496,ELIGIBLE,R03b_20260811_FULL_v1,L1_ELIGIBILITY,v2026-08-11,2026-03-21..2026-08-06,baccarat_bet02_101_all_pairs_incl_sentinel,round_win = game_pnl > 0 (decisive only),COMPATIBILITY_ONLY_NOT_PRODUCTION,11099.8534,9053.4112,168.0767,1163,950,-0.01514225,,-0.01514225,-0.01514225,-168.0767,11099.8534,OK,0.0000,6.7231,4.0000,96.0000,AG03-UNRESOLVED,ALL5_LEVELS_bet23_to_bet27,6.7231,6.7231,8.4038,8.4038,8.4038,4.000000,4.000000,5.000000,5.000000,5.000000,96.000000,96.000000,95.000000,95.000000,95.000000,5.0,38.6576,35.2698,129.4191,132.807,PENDING_AG03,FALSE,NOT_FOR_ENFORCEMENT,161.3537,8691.2747,168.0767,161.3537,6.7231,0.01514225,0.01453656,6.7231,161.3537,0.01453656,6.7231,6.7231,8.4038,8.4038,8.4038,161.3537,0.01453656,38.6576,35.2698,129.4191,132.807,0.01165953,0.01196475,0.00060569,9.5442,9.5299,0.1769,12.9290,0.4060,853.8349,73.0769,,9.5442,3.6002,6.4289,12.8578,18.0009,25.7155,38.239,5.4003,0.0,4.0,5.947999,1.484574,29,143,4,2,0E-8,0.01514225,,0E-8,0.000000,0.815633,0.000000,,2026-06-02,2026-06-22,13,414,195,21,0.619048,,,0.000000,,,,,,,,GLOBAL_BASELINE_NO_ENTITY_RANKING,,,NOT_APPLICABLE_GLOBAL_BASELINE,HF9g-P5,,,,X 全窗基线 · 不参与实体赏罚,6872733,688,A168_HF9F_20260827_0900,2026-08-27 09:00:00
2026-06-15,150916076,1646,0,114.6912850053,0.2571553475,0.2571553475,0.5000000,12,10,0.49817434402810027,0.497267060000,0.011546539160125173,0.017284888419406154,0.011546539160125173,0.00090728402810027,ELIGIBLE,R03b_20260811_FULL_v1,L1_ELIGIBILITY,v2026-08-11,2026-03-21..2026-08-06,baccarat_bet02_101_all_pairs_incl_sentinel,round_win = game_pnl > 0 (decisive only),COMPATIBILITY_ONLY_NOT_PRODUCTION,11099.8534,9053.4112,168.0767,1163,950,-0.01514225,,-0.01514225,-0.01514225,-168.0767,11099.8534,OK,0.0000,6.7231,4.0000,96.0000,AG03-UNRESOLVED,ALL5_LEVELS_bet23_to_bet27,6.7231,6.7231,8.4038,8.4038,8.4038,4.000000,4.000000,5.000000,5.000000,5.000000,96.000000,96.000000,95.000000,95.000000,95.000000,5.0,38.6576,35.2698,129.4191,132.807,PENDING_AG03,FALSE,NOT_FOR_ENFORCEMENT,161.3537,8691.2747,168.0767,161.3537,6.7231,0.01514225,0.01453656,6.7231,161.3537,0.01453656,6.7231,6.7231,8.4038,8.4038,8.4038,161.3537,0.01453656,38.6576,35.2698,129.4191,132.807,0.01165953,0.01196475,0.00060569,9.5442,9.5299,0.1769,12.9290,0.4060,853.8349,73.0769,,9.5442,3.6002,6.4289,12.8578,18.0009,25.7155,38.239,5.4003,0.0,4.0,5.947999,1.484574,29,143,4,2,0E-8,0.01514225,,0E-8,0.000000,0.815633,0.000000,,2026-06-02,2026-06-22,13,414,195,21,0.619048,,,0.000000,,,,,,,,GLOBAL_BASELINE_NO_ENTITY_RANKING,,,NOT_APPLICABLE_GLOBAL_BASELINE,HF9g-P5,,,,X 全窗基线 · 不参与实体赏罚,6872734,688,A168_HF9F_20260827_0900,2026-08-27 09:00:00
2026-06-15,150916076,1704,0,26.7441561447,-5.4002622984,-5.4002622984,0.5000000,4,4,0.50329940000000000,0.503299400000,-0.01319788734859681,-0.01319788734859681,-0.01319788734859681,0E-17,ELIGIBLE,R03b_20260811_FULL_v1,L1_ELIGIBILITY,v2026-08-11,2026-03-21..2026-08-06,baccarat_bet02_101_all_pairs_incl_sentinel,round_win = game_pnl > 0 (decisive only),COMPATIBILITY_ONLY_NOT_PRODUCTION,11099.8534,9053.4112,168.0767,1163,950,-0.01514225,,-0.01514225,-0.01514225,-168.0767,11099.8534,OK,0.0000,6.7231,4.0000,96.0000,AG03-UNRESOLVED,ALL5_LEVELS_bet23_to_bet27,6.7231,6.7231,8.4038,8.4038,8.4038,4.000000,4.000000,5.000000,5.000000,5.000000,96.000000,96.000000,95.000000,95.000000,95.000000,5.0,38.6576,35.2698,129.4191,132.807,PENDING_AG03,FALSE,NOT_FOR_ENFORCEMENT,161.3537,8691.2747,168.0767,161.3537,6.7231,0.01514225,0.01453656,6.7231,161.3537,0.01453656,6.7231,6.7231,8.4038,8.4038,8.4038,161.3537,0.01453656,38.6576,35.2698,129.4191,132.807,0.01165953,0.01196475,0.00060569,9.5442,9.5299,0.1769,12.9290,0.4060,853.8349,73.0769,,9.5442,3.6002,6.4289,12.8578,18.0009,25.7155,38.239,5.4003,0.0,4.0,5.947999,1.484574,29,143,4,2,0E-8,0.01514225,,0E-8,0.000000,0.815633,0.000000,,2026-06-02,2026-06-22,13,414,195,21,0.619048,,,0.000000,,,,,,,,GLOBAL_BASELINE_NO_ENTITY_RANKING,,,NOT_APPLICABLE_GLOBAL_BASELINE,HF9g-P5,,,,X 全窗基线 · 不参与实体赏罚,6872735,688,A168_HF9F_20260827_0900,2026-08-27 09:00:00
2026-06-15,150916076,1710,0,21.3438938463,-14.8250057860,-14.8250057860,0.5000000,2,2,0.50665070000000000,0.506650700000,-0.018812684590367487,-0.018812684590367487,-0.018812684590367487,0E-17,ELIGIBLE,R03b_20260811_FULL_v1,L1_ELIGIBILITY,v2026-08-11,2026-03-21..2026-08-06,baccarat_bet02_101_all_pairs_incl_sentinel,round_win = game_pnl > 0 (decisive only),COMPATIBILITY_ONLY_NOT_PRODUCTION,11099.8534,9053.4112,168.0767,1163,950,-0.01514225,,-0.01514225,-0.01514225,-168.0767,11099.8534,OK,0.0000,6.7231,4.0000,96.0000,AG03-UNRESOLVED,ALL5_LEVELS_bet23_to_bet27,6.7231,6.7231,8.4038,8.4038,8.4038,4.000000,4.000000,5.000000,5.000000,5.000000,96.000000,96.000000,95.000000,95.000000,95.000000,5.0,38.6576,35.2698,129.4191,132.807,PENDING_AG03,FALSE,NOT_FOR_ENFORCEMENT,161.3537,8691.2747,168.0767,161.3537,6.7231,0.01514225,0.01453656,6.7231,161.3537,0.01453656,6.7231,6.7231,8.4038,8.4038,8.4038,161.3537,0.01453656,38.6576,35.2698,129.4191,132.807,0.01165953,0.01196475,0.00060569,9.5442,9.5299,0.1769,12.9290,0.4060,853.8349,73.0769,,9.5442,3.6002,6.4289,12.8578,18.0009,25.7155,38.239,5.4003,0.0,4.0,5.947999,1.484574,29,143,4,2,0E-8,0.01514225,,0E-8,0.000000,0.815633,0.000000,,2026-06-02,2026-06-22,13,414,195,21,0.619048,,,0.000000,,,,,,,,GLOBAL_BASELINE_NO_ENTITY_RANKING,,,NOT_APPLICABLE_GLOBAL_BASELINE,HF9g-P5,,,,X 全窗基线 · 不参与实体赏罚,6872736,688,A168_HF9F_20260827_0900,2026-08-27 09:00:00
2026-06-15,150916076,1940,0,3.8573302132,-3.8573302132,-3.8573302132,0E-7,1,1,0.50665070000000000,0.506650700000,-1.013391052207602,-1.013391052207602,-1.013391052207602,0E-17,ELIGIBLE,R03b_20260811_FULL_v1,L1_ELIGIBILITY,v2026-08-11,2026-03-21..2026-08-06,baccarat_bet02_101_all_pairs_incl_sentinel,round_win = game_pnl > 0 (decisive only),COMPATIBILITY_ONLY_NOT_PRODUCTION,11099.8534,9053.4112,168.0767,1163,950,-0.01514225,,-0.01514225,-0.01514225,-168.0767,11099.8534,OK,0.0000,6.7231,4.0000,96.0000,AG03-UNRESOLVED,ALL5_LEVELS_bet23_to_bet27,6.7231,6.7231,8.4038,8.4038,8.4038,4.000000,4.000000,5.000000,5.000000,5.000000,96.000000,96.000000,95.000000,95.000000,95.000000,5.0,38.6576,35.2698,129.4191,132.807,PENDING_AG03,FALSE,NOT_FOR_ENFORCEMENT,161.3537,8691.2747,168.0767,161.3537,6.7231,0.01514225,0.01453656,6.7231,161.3537,0.01453656,6.7231,6.7231,8.4038,8.4038,8.4038,161.3537,0.01453656,38.6576,35.2698,129.4191,132.807,0.01165953,0.01196475,0.00060569,9.5442,9.5299,0.1769,12.9290,0.4060,853.8349,73.0769,,9.5442,3.6002,6.4289,12.8578,18.0009,25.7155,38.239,5.4003,0.0,4.0,5.947999,1.484574,29,143,4,2,0E-8,0.01514225,,0E-8,0.000000,0.815633,0.000000,,2026-06-02,2026-06-22,13,414,195,21,0.619048,,,0.000000,,,,,,,,GLOBAL_BASELINE_NO_ENTITY_RANKING,,,NOT_APPLICABLE_GLOBAL_BASELINE,HF9g-P5,,,,X 全窗基线 · 不参与实体赏罚,6872737,688,A168_HF9F_20260827_0900,2026-08-27 09:00:00
2026-06-15,150916076,1951,0,83.5754879522,-21.4981870547,-21.4981870547,0.5000000,8,6,0.49854694975178903,0.499948100000,0.007118493416879786,0.00025425703667063243,0.007118493416879786,-0.00140115024821097,ELIGIBLE,R03b_20260811_FULL_v1,L1_ELIGIBILITY,v2026-08-11,2026-03-21..2026-08-06,baccarat_bet02_101_all_pairs_incl_sentinel,round_win = game_pnl > 0 (decisive only),COMPATIBILITY_ONLY_NOT_PRODUCTION,11099.8534,9053.4112,168.0767,1163,950,-0.01514225,,-0.01514225,-0.01514225,-168.0767,11099.8534,OK,0.0000,6.7231,4.0000,96.0000,AG03-UNRESOLVED,ALL5_LEVELS_bet23_to_bet27,6.7231,6.7231,8.4038,8.4038,8.4038,4.000000,4.000000,5.000000,5.000000,5.000000,96.000000,96.000000,95.000000,95.000000,95.000000,5.0,38.6576,35.2698,129.4191,132.807,PENDING_AG03,FALSE,NOT_FOR_ENFORCEMENT,161.3537,8691.2747,168.0767,161.3537,6.7231,0.01514225,0.01453656,6.7231,161.3537,0.01453656,6.7231,6.7231,8.4038,8.4038,8.4038,161.3537,0.01453656,38.6576,35.2698,129.4191,132.807,0.01165953,0.01196475,0.00060569,9.5442,9.5299,0.1769,12.9290,0.4060,853.8349,73.0769,,9.5442,3.6002,6.4289,12.8578,18.0009,25.7155,38.239,5.4003,0.0,4.0,5.947999,1.484574,29,143,4,2,0E-8,0.01514225,,0E-8,0.000000,0.815633,0.000000,,2026-06-02,2026-06-22,13,414,195,21,0.619048,,,0.000000,,,,,,,,GLOBAL_BASELINE_NO_ENTITY_RANKING,,,NOT_APPLICABLE_GLOBAL_BASELINE,HF9g-P5,,,,X 全窗基线 · 不参与实体赏罚,6872738,688,A168_HF9F_20260827_0900,2026-08-27 09:00:00
2026-06-15,150916076,1963,0,12.6006120297,12.6006120297,12.6006120297,1.0000000,1,1,0.49324550000000000,0.493245500000,1.01360149184955,1.01360149184955,1.01360149184955,0E-17,ELIGIBLE,R03b_20260811_FULL_v1,L1_ELIGIBILITY,v2026-08-11,2026-03-21..2026-08-06,baccarat_bet02_101_all_pairs_incl_sentinel,round_win = game_pnl > 0 (decisive only),COMPATIBILITY_ONLY_NOT_PRODUCTION,11099.8534,9053.4112,168.0767,1163,950,-0.01514225,,-0.01514225,-0.01514225,-168.0767,11099.8534,OK,0.0000,6.7231,4.0000,96.0000,AG03-UNRESOLVED,ALL5_LEVELS_bet23_to_bet27,6.7231,6.7231,8.4038,8.4038,8.4038,4.000000,4.000000,5.000000,5.000000,5.000000,96.000000,96.000000,95.000000,95.000000,95.000000,5.0,38.6576,35.2698,129.4191,132.807,PENDING_AG03,FALSE,NOT_FOR_ENFORCEMENT,161.3537,8691.2747,168.0767,161.3537,6.7231,0.01514225,0.01453656,6.7231,161.3537,0.01453656,6.7231,6.7231,8.4038,8.4038,8.4038,161.3537,0.01453656,38.6576,35.2698,129.4191,132.807,0.01165953,0.01196475,0.00060569,9.5442,9.5299,0.1769,12.9290,0.4060,853.8349,73.0769,,9.5442,3.6002,6.4289,12.8578,18.0009,25.7155,38.239,5.4003,0.0,4.0,5.947999,1.484574,29,143,4,2,0E-8,0.01514225,,0E-8,0.000000,0.815633,0.000000,,2026-06-02,2026-06-22,13,414,195,21,0.619048,,,0.000000,,,,,,,,GLOBAL_BASELINE_NO_ENTITY_RANKING,,,NOT_APPLICABLE_GLOBAL_BASELINE,HF9g-P5,,,,X 全窗基线 · 不参与实体赏罚,6872739,688,A168_HF9F_20260827_0900,2026-08-27 09:00:00
2026-06-15,150916076,1966,0,20.5724278036,-20.5724278036,-20.5724278036,0E-7,1,1,0.50665070000000000,0.506650700000,-1.013391052207602,-1.013391052207602,-1.013391052207602,0E-17,ELIGIBLE,R03b_20260811_FULL_v1,L1_ELIGIBILITY,v2026-08-11,2026-03-21..2026-08-06,baccarat_bet02_101_all_pairs_incl_sentinel,round_win = game_pnl > 0 (decisive only),COMPATIBILITY_ONLY_NOT_PRODUCTION,11099.8534,9053.4112,168.0767,1163,950,-0.01514225,,-0.01514225,-0.01514225,-168.0767,11099.8534,OK,0.0000,6.7231,4.0000,96.0000,AG03-UNRESOLVED,ALL5_LEVELS_bet23_to_bet27,6.7231,6.7231,8.4038,8.4038,8.4038,4.000000,4.000000,5.000000,5.000000,5.000000,96.000000,96.000000,95.000000,95.000000,95.000000,5.0,38.6576,35.2698,129.4191,132.807,PENDING_AG03,FALSE,NOT_FOR_ENFORCEMENT,161.3537,8691.2747,168.0767,161.3537,6.7231,0.01514225,0.01453656,6.7231,161.3537,0.01453656,6.7231,6.7231,8.4038,8.4038,8.4038,161.3537,0.01453656,38.6576,35.2698,129.4191,132.807,0.01165953,0.01196475,0.00060569,9.5442,9.5299,0.1769,12.9290,0.4060,853.8349,73.0769,,9.5442,3.6002,6.4289,12.8578,18.0009,25.7155,38.239,5.4003,0.0,4.0,5.947999,1.484574,29,143,4,2,0E-8,0.01514225,,0E-8,0.000000,0.815633,0.000000,,2026-06-02,2026-06-22,13,414,195,21,0.619048,,,0.000000,,,,,,,,GLOBAL_BASELINE_NO_ENTITY_RANKING,,,NOT_APPLICABLE_GLOBAL_BASELINE,HF9g-P5,,,,X 全窗基线 · 不参与实体赏罚,6872740,688,A168_HF9F_20260827_0900,2026-08-27 09:00:00
2026-06-15,150916076,1985,0,100.5477408902,88.7185949030,88.7185949030,0.8333333,6,6,0.49994810000000000,0.499948100000,1.6332474276894162,1.6332474276894162,1.6332474276894162,0E-17,ELIGIBLE,R03b_20260811_FULL_v1,L1_ELIGIBILITY,v2026-08-11,2026-03-21..2026-08-06,baccarat_bet02_101_all_pairs_incl_sentinel,round_win = game_pnl > 0 (decisive only),COMPATIBILITY_ONLY_NOT_PRODUCTION,11099.8534,9053.4112,168.0767,1163,950,-0.01514225,,-0.01514225,-0.01514225,-168.0767,11099.8534,OK,0.0000,6.7231,4.0000,96.0000,AG03-UNRESOLVED,ALL5_LEVELS_bet23_to_bet27,6.7231,6.7231,8.4038,8.4038,8.4038,4.000000,4.000000,5.000000,5.000000,5.000000,96.000000,96.000000,95.000000,95.000000,95.000000,5.0,38.6576,35.2698,129.4191,132.807,PENDING_AG03,FALSE,NOT_FOR_ENFORCEMENT,161.3537,8691.2747,168.0767,161.3537,6.7231,0.01514225,0.01453656,6.7231,161.3537,0.01453656,6.7231,6.7231,8.4038,8.4038,8.4038,161.3537,0.01453656,38.6576,35.2698,129.4191,132.807,0.01165953,0.01196475,0.00060569,9.5442,9.5299,0.1769,12.9290,0.4060,853.8349,73.0769,,9.5442,3.6002,6.4289,12.8578,18.0009,25.7155,38.239,5.4003,0.0,4.0,5.947999,1.484574,29,143,4,2,0E-8,0.01514225,,0E-8,0.000000,0.815633,0.000000,,2026-06-02,2026-06-22,13,414,195,21,0.619048,,,0.000000,,,,,,,,GLOBAL_BASELINE_NO_ENTITY_RANKING,,,NOT_APPLICABLE_GLOBAL_BASELINE,HF9g-P5,,,,X 全窗基线 · 不参与实体赏罚,6872741,688,A168_HF9F_20260827_0900,2026-08-27 09:00:00
2026-06-15,150916076,1990,0,48.3452053385,-2.8287088230,-2.8287088230,0.3333333,4,4,0.50329940000000000,0.503299400000,-0.5887925454369916,-0.5887925454369916,-0.5887925454369916,0E-17,ELIGIBLE,R03b_20260811_FULL_v1,L1_ELIGIBILITY,v2026-08-11,2026-03-21..2026-08-06,baccarat_bet02_101_all_pairs_incl_sentinel,round_win = game_pnl > 0 (decisive only),COMPATIBILITY_ONLY_NOT_PRODUCTION,11099.8534,9053.4112,168.0767,1163,950,-0.01514225,,-0.01514225,-0.01514225,-168.0767,11099.8534,OK,0.0000,6.7231,4.0000,96.0000,AG03-UNRESOLVED,ALL5_LEVELS_bet23_to_bet27,6.7231,6.7231,8.4038,8.4038,8.4038,4.000000,4.000000,5.000000,5.000000,5.000000,96.000000,96.000000,95.000000,95.000000,95.000000,5.0,38.6576,35.2698,129.4191,132.807,PENDING_AG03,FALSE,NOT_FOR_ENFORCEMENT,161.3537,8691.2747,168.0767,161.3537,6.7231,0.01514225,0.01453656,6.7231,161.3537,0.01453656,6.7231,6.7231,8.4038,8.4038,8.4038,161.3537,0.01453656,38.6576,35.2698,129.4191,132.807,0.01165953,0.01196475,0.00060569,9.5442,9.5299,0.1769,12.9290,0.4060,853.8349,73.0769,,9.5442,3.6002,6.4289,12.8578,18.0009,25.7155,38.239,5.4003,0.0,4.0,5.947999,1.484574,29,143,4,2,0E-8,0.01514225,,0E-8,0.000000,0.815633,0.000000,,2026-06-02,2026-06-22,13,414,195,21,0.619048,,,0.000000,,,,,,,,GLOBAL_BASELINE_NO_ENTITY_RANKING,,,NOT_APPLICABLE_GLOBAL_BASELINE,HF9g-P5,,,,X 全窗基线 · 不参与实体赏罚,6872742,688,A168_HF9F_20260827_0900,2026-08-27 09:00:00
2026-06-15,150916076,2108,0,15.4293208527,-15.4293208527,-15.4293208527,0E-7,1,1,0.50665070000000000,0.506650700000,-1.013391052207602,-1.013391052207602,-1.013391052207602,0E-17,ELIGIBLE,R03b_20260811_FULL_v1,L1_ELIGIBILITY,v2026-08-11,2026-03-21..2026-08-06,baccarat_bet02_101_all_pairs_incl_sentinel,round_win = game_pnl > 0 (decisive only),COMPATIBILITY_ONLY_NOT_PRODUCTION,11099.8534,9053.4112,168.0767,1163,950,-0.01514225,,-0.01514225,-0.01514225,-168.0767,11099.8534,OK,0.0000,6.7231,4.0000,96.0000,AG03-UNRESOLVED,ALL5_LEVELS_bet23_to_bet27,6.7231,6.7231,8.4038,8.4038,8.4038,4.000000,4.000000,5.000000,5.000000,5.000000,96.000000,96.000000,95.000000,95.000000,95.000000,5.0,38.6576,35.2698,129.4191,132.807,PENDING_AG03,FALSE,NOT_FOR_ENFORCEMENT,161.3537,8691.2747,168.0767,161.3537,6.7231,0.01514225,0.01453656,6.7231,161.3537,0.01453656,6.7231,6.7231,8.4038,8.4038,8.4038,161.3537,0.01453656,38.6576,35.2698,129.4191,132.807,0.01165953,0.01196475,0.00060569,9.5442,9.5299,0.1769,12.9290,0.4060,853.8349,73.0769,,9.5442,3.6002,6.4289,12.8578,18.0009,25.7155,38.239,5.4003,0.0,4.0,5.947999,1.484574,29,143,4,2,0E-8,0.01514225,,0E-8,0.000000,0.815633,0.000000,,2026-06-02,2026-06-22,13,414,195,21,0.619048,,,0.000000,,,,,,,,GLOBAL_BASELINE_NO_ENTITY_RANKING,,,NOT_APPLICABLE_GLOBAL_BASELINE,HF9g-P5,,,,X 全窗基线 · 不参与实体赏罚,6872743,688,A168_HF9F_20260827_0900,2026-08-27 09:00:00
2026-06-15,150916076,2115,0,135.2637128088,76.4265692905,76.4265692905,0.8333333,7,7,0.49707555714285714,0.497075557143,1.647348125108566,1.6473481251078634,1.647348125108566,-1.4286E-13,ELIGIBLE,R03b_20260811_FULL_v1,L1_ELIGIBILITY,v2026-08-11,2026-03-21..2026-08-06,baccarat_bet02_101_all_pairs_incl_sentinel,round_win = game_pnl > 0 (decisive only),COMPATIBILITY_ONLY_NOT_PRODUCTION,11099.8534,9053.4112,168.0767,1163,950,-0.01514225,,-0.01514225,-0.01514225,-168.0767,11099.8534,OK,0.0000,6.7231,4.0000,96.0000,AG03-UNRESOLVED,ALL5_LEVELS_bet23_to_bet27,6.7231,6.7231,8.4038,8.4038,8.4038,4.000000,4.000000,5.000000,5.000000,5.000000,96.000000,96.000000,95.000000,95.000000,95.000000,5.0,38.6576,35.2698,129.4191,132.807,PENDING_AG03,FALSE,NOT_FOR_ENFORCEMENT,161.3537,8691.2747,168.0767,161.3537,6.7231,0.01514225,0.01453656,6.7231,161.3537,0.01453656,6.7231,6.7231,8.4038,8.4038,8.4038,161.3537,0.01453656,38.6576,35.2698,129.4191,132.807,0.01165953,0.01196475,0.00060569,9.5442,9.5299,0.1769,12.9290,0.4060,853.8349,73.0769,,9.5442,3.6002,6.4289,12.8578,18.0009,25.7155,38.239,5.4003,0.0,4.0,5.947999,1.484574,29,143,4,2,0E-8,0.01514225,,0E-8,0.000000,0.815633,0.000000,,2026-06-02,2026-06-22,13,414,195,21,0.619048,,,0.000000,,,,,,,,GLOBAL_BASELINE_NO_ENTITY_RANKING,,,NOT_APPLICABLE_GLOBAL_BASELINE,HF9g-P5,,,,X 全窗基线 · 不参与实体赏罚,6872744,688,A168_HF9F_20260827_0900,2026-08-27 09:00:00
2026-06-15,150916076,2142,0,54.0026229845,-54.0026229845,-54.0026229845,0E-7,2,2,0.49994810000000000,0.499948100000,-1.4140667746232096,-1.4140667746232096,-1.4140667746232096,0E-17,ELIGIBLE,R03b_20260811_FULL_v1,L1_ELIGIBILITY,v2026-08-11,2026-03-21..2026-08-06,baccarat_bet02_101_all_pairs_incl_sentinel,round_win = game_pnl > 0 (decisive only),COMPATIBILITY_ONLY_NOT_PRODUCTION,11099.8534,9053.4112,168.0767,1163,950,-0.01514225,,-0.01514225,-0.01514225,-168.0767,11099.8534,OK,0.0000,6.7231,4.0000,96.0000,AG03-UNRESOLVED,ALL5_LEVELS_bet23_to_bet27,6.7231,6.7231,8.4038,8.4038,8.4038,4.000000,4.000000,5.000000,5.000000,5.000000,96.000000,96.000000,95.000000,95.000000,95.000000,5.0,38.6576,35.2698,129.4191,132.807,PENDING_AG03,FALSE,NOT_FOR_ENFORCEMENT,161.3537,8691.2747,168.0767,161.3537,6.7231,0.01514225,0.01453656,6.7231,161.3537,0.01453656,6.7231,6.7231,8.4038,8.4038,8.4038,161.3537,0.01453656,38.6576,35.2698,129.4191,132.807,0.01165953,0.01196475,0.00060569,9.5442,9.5299,0.1769,12.9290,0.4060,853.8349,73.0769,,9.5442,3.6002,6.4289,12.8578,18.0009,25.7155,38.239,5.4003,0.0,4.0,5.947999,1.484574,29,143,4,2,0E-8,0.01514225,,0E-8,0.000000,0.815633,0.000000,,2026-06-02,2026-06-22,13,414,195,21,0.619048,,,0.000000,,,,,,,,GLOBAL_BASELINE_NO_ENTITY_RANKING,,,NOT_APPLICABLE_GLOBAL_BASELINE,HF9g-P5,,,,X 全窗基线 · 不参与实体赏罚,6872745,688,A168_HF9F_20260827_0900,2026-08-27 09:00:00
2026-06-15,150916076,2145,0,148.3786355336,-19.3252243680,-19.3252243680,0.5000000,13,8,0.50147010983891414,0.500785925000,-0.0083162330360269,-0.004445868668267165,-0.0083162330360269,0.00068418483891414,ELIGIBLE,R03b_20260811_FULL_v1,L1_ELIGIBILITY,v2026-08-11,2026-03-21..2026-08-06,baccarat_bet02_101_all_pairs_incl_sentinel,round_win = game_pnl > 0 (decisive only),COMPATIBILITY_ONLY_NOT_PRODUCTION,11099.8534,9053.4112,168.0767,1163,950,-0.01514225,,-0.01514225,-0.01514225,-168.0767,11099.8534,OK,0.0000,6.7231,4.0000,96.0000,AG03-UNRESOLVED,ALL5_LEVELS_bet23_to_bet27,6.7231,6.7231,8.4038,8.4038,8.4038,4.000000,4.000000,5.000000,5.000000,5.000000,96.000000,96.000000,95.000000,95.000000,95.000000,5.0,38.6576,35.2698,129.4191,132.807,PENDING_AG03,FALSE,NOT_FOR_ENFORCEMENT,161.3537,8691.2747,168.0767,161.3537,6.7231,0.01514225,0.01453656,6.7231,161.3537,0.01453656,6.7231,6.7231,8.4038,8.4038,8.4038,161.3537,0.01453656,38.6576,35.2698,129.4191,132.807,0.01165953,0.01196475,0.00060569,9.5442,9.5299,0.1769,12.9290,0.4060,853.8349,73.0769,,9.5442,3.6002,6.4289,12.8578,18.0009,25.7155,38.239,5.4003,0.0,4.0,5.947999,1.484574,29,143,4,2,0E-8,0.01514225,,0E-8,0.000000,0.815633,0.000000,,2026-06-02,2026-06-22,13,414,195,21,0.619048,,,0.000000,,,,,,,,GLOBAL_BASELINE_NO_ENTITY_RANKING,,,NOT_APPLICABLE_GLOBAL_BASELINE,HF9g-P5,,,,X 全窗基线 · 不参与实体赏罚,6872746,688,A168_HF9F_20260827_0900,2026-08-27 09:00:00
2026-06-15,150916076,2175,0,26.4870007972,5.9145729936,5.9145729936,0.6666667,3,3,0.49324550000000000,0.493245500000,0.6008033672792107,0.6008033672792106,0.6008033672792107,0E-17,ELIGIBLE,R03b_20260811_FULL_v1,L1_ELIGIBILITY,v2026-08-11,2026-03-21..2026-08-06,baccarat_bet02_101_all_pairs_incl_sentinel,round_win = game_pnl > 0 (decisive only),COMPATIBILITY_ONLY_NOT_PRODUCTION,11099.8534,9053.4112,168.0767,1163,950,-0.01514225,,-0.01514225,-0.01514225,-168.0767,11099.8534,OK,0.0000,6.7231,4.0000,96.0000,AG03-UNRESOLVED,ALL5_LEVELS_bet23_to_bet27,6.7231,6.7231,8.4038,8.4038,8.4038,4.000000,4.000000,5.000000,5.000000,5.000000,96.000000,96.000000,95.000000,95.000000,95.000000,5.0,38.6576,35.2698,129.4191,132.807,PENDING_AG03,FALSE,NOT_FOR_ENFORCEMENT,161.3537,8691.2747,168.0767,161.3537,6.7231,0.01514225,0.01453656,6.7231,161.3537,0.01453656,6.7231,6.7231,8.4038,8.4038,8.4038,161.3537,0.01453656,38.6576,35.2698,129.4191,132.807,0.01165953,0.01196475,0.00060569,9.5442,9.5299,0.1769,12.9290,0.4060,853.8349,73.0769,,9.5442,3.6002,6.4289,12.8578,18.0009,25.7155,38.239,5.4003,0.0,4.0,5.947999,1.484574,29,143,4,2,0E-8,0.01514225,,0E-8,0.000000,0.815633,0.000000,,2026-06-02,2026-06-22,13,414,195,21,0.619048,,,0.000000,,,,,,,,GLOBAL_BASELINE_NO_ENTITY_RANKING,,,NOT_APPLICABLE_GLOBAL_BASELINE,HF9g-P5,,,,X 全窗基线 · 不参与实体赏罚,6872747,688,A168_HF9F_20260827_0900,2026-08-27 09:00:00
2026-06-15,150916076,2201,0,87.4328181654,-62.1030164321,-62.1030164321,0.2000000,7,5,0.49832830500000285,0.498607580000,-1.334172196065072,-1.3354188732730328,-1.334172196065072,-0.00027927499999715,ELIGIBLE,R03b_20260811_FULL_v1,L1_ELIGIBILITY,v2026-08-11,2026-03-21..2026-08-06,baccarat_bet02_101_all_pairs_incl_sentinel,round_win = game_pnl > 0 (decisive only),COMPATIBILITY_ONLY_NOT_PRODUCTION,11099.8534,9053.4112,168.0767,1163,950,-0.01514225,,-0.01514225,-0.01514225,-168.0767,11099.8534,OK,0.0000,6.7231,4.0000,96.0000,AG03-UNRESOLVED,ALL5_LEVELS_bet23_to_bet27,6.7231,6.7231,8.4038,8.4038,8.4038,4.000000,4.000000,5.000000,5.000000,5.000000,96.000000,96.000000,95.000000,95.000000,95.000000,5.0,38.6576,35.2698,129.4191,132.807,PENDING_AG03,FALSE,NOT_FOR_ENFORCEMENT,161.3537,8691.2747,168.0767,161.3537,6.7231,0.01514225,0.01453656,6.7231,161.3537,0.01453656,6.7231,6.7231,8.4038,8.4038,8.4038,161.3537,0.01453656,38.6576,35.2698,129.4191,132.807,0.01165953,0.01196475,0.00060569,9.5442,9.5299,0.1769,12.9290,0.4060,853.8349,73.0769,,9.5442,3.6002,6.4289,12.8578,18.0009,25.7155,38.239,5.4003,0.0,4.0,5.947999,1.484574,29,143,4,2,0E-8,0.01514225,,0E-8,0.000000,0.815633,0.000000,,2026-06-02,2026-06-22,13,414,195,21,0.619048,,,0.000000,,,,,,,,GLOBAL_BASELINE_NO_ENTITY_RANKING,,,NOT_APPLICABLE_GLOBAL_BASELINE,HF9g-P5,,,,X 全窗基线 · 不参与实体赏罚,6872748,688,A168_HF9F_20260827_0900,2026-08-27 09:00:00
2026-06-15,150916076,2209,0,73.0321187028,-18.0008743281,-18.0008743281,0.5000000,6,4,0.49983638999999653,0.499948100000,0.0006544400350502864,0.00020760000111838688,0.0006544400350502864,-0.00011171000000347,ELIGIBLE,R03b_20260811_FULL_v1,L1_ELIGIBILITY,v2026-08-11,2026-03-21..2026-08-06,baccarat_bet02_101_all_pairs_incl_sentinel,round_win = game_pnl > 0 (decisive only),COMPATIBILITY_ONLY_NOT_PRODUCTION,11099.8534,9053.4112,168.0767,1163,950,-0.01514225,,-0.01514225,-0.01514225,-168.0767,11099.8534,OK,0.0000,6.7231,4.0000,96.0000,AG03-UNRESOLVED,ALL5_LEVELS_bet23_to_bet27,6.7231,6.7231,8.4038,8.4038,8.4038,4.000000,4.000000,5.000000,5.000000,5.000000,96.000000,96.000000,95.000000,95.000000,95.000000,5.0,38.6576,35.2698,129.4191,132.807,PENDING_AG03,FALSE,NOT_FOR_ENFORCEMENT,161.3537,8691.2747,168.0767,161.3537,6.7231,0.01514225,0.01453656,6.7231,161.3537,0.01453656,6.7231,6.7231,8.4038,8.4038,8.4038,161.3537,0.01453656,38.6576,35.2698,129.4191,132.807,0.01165953,0.01196475,0.00060569,9.5442,9.5299,0.1769,12.9290,0.4060,853.8349,73.0769,,9.5442,3.6002,6.4289,12.8578,18.0009,25.7155,38.239,5.4003,0.0,4.0,5.947999,1.484574,29,143,4,2,0E-8,0.01514225,,0E-8,0.000000,0.815633,0.000000,,2026-06-02,2026-06-22,13,414,195,21,0.619048,,,0.000000,,,,,,,,GLOBAL_BASELINE_NO_ENTITY_RANKING,,,NOT_APPLICABLE_GLOBAL_BASELINE,HF9g-P5,,,,X 全窗基线 · 不参与实体赏罚,6872749,688,A168_HF9F_20260827_0900,2026-08-27 09:00:00
2026-06-15,150916076,2214,0,10.2862139018,-10.2862139018,-10.2862139018,0E-7,1,1,0.49324550000000000,0.493245500000,-0.9865810262130424,-0.9865810262130424,-0.9865810262130424,0E-17,ELIGIBLE,R03b_20260811_FULL_v1,L1_ELIGIBILITY,v2026-08-11,2026-03-21..2026-08-06,baccarat_bet02_101_all_pairs_incl_sentinel,round_win = game_pnl > 0 (decisive only),COMPATIBILITY_ONLY_NOT_PRODUCTION,11099.8534,9053.4112,168.0767,1163,950,-0.01514225,,-0.01514225,-0.01514225,-168.0767,11099.8534,OK,0.0000,6.7231,4.0000,96.0000,AG03-UNRESOLVED,ALL5_LEVELS_bet23_to_bet27,6.7231,6.7231,8.4038,8.4038,8.4038,4.000000,4.000000,5.000000,5.000000,5.000000,96.000000,96.000000,95.000000,95.000000,95.000000,5.0,38.6576,35.2698,129.4191,132.807,PENDING_AG03,FALSE,NOT_FOR_ENFORCEMENT,161.3537,8691.2747,168.0767,161.3537,6.7231,0.01514225,0.01453656,6.7231,161.3537,0.01453656,6.7231,6.7231,8.4038,8.4038,8.4038,161.3537,0.01453656,38.6576,35.2698,129.4191,132.807,0.01165953,0.01196475,0.00060569,9.5442,9.5299,0.1769,12.9290,0.4060,853.8349,73.0769,,9.5442,3.6002,6.4289,12.8578,18.0009,25.7155,38.239,5.4003,0.0,4.0,5.947999,1.484574,29,143,4,2,0E-8,0.01514225,,0E-8,0.000000,0.815633,0.000000,,2026-06-02,2026-06-22,13,414,195,21,0.619048,,,0.000000,,,,,,,,GLOBAL_BASELINE_NO_ENTITY_RANKING,,,NOT_APPLICABLE_GLOBAL_BASELINE,HF9g-P5,,,,X 全窗基线 · 不参与实体赏罚,6872750,688,A168_HF9F_20260827_0900,2026-08-27 09:00:00
2026-06-15,150916076,2216,0,16.4579422429,0.2571553476,0.2571553476,0.5000000,3,2,0.50467038636363098,0.503299400000,-0.013210423791479818,-0.009332315641528947,-0.013210423791479818,0.00137098636363098,ELIGIBLE,R03b_20260811_FULL_v1,L1_ELIGIBILITY,v2026-08-11,2026-03-21..2026-08-06,baccarat_bet02_101_all_pairs_incl_sentinel,round_win = game_pnl > 0 (decisive only),COMPATIBILITY_ONLY_NOT_PRODUCTION,11099.8534,9053.4112,168.0767,1163,950,-0.01514225,,-0.01514225,-0.01514225,-168.0767,11099.8534,OK,0.0000,6.7231,4.0000,96.0000,AG03-UNRESOLVED,ALL5_LEVELS_bet23_to_bet27,6.7231,6.7231,8.4038,8.4038,8.4038,4.000000,4.000000,5.000000,5.000000,5.000000,96.000000,96.000000,95.000000,95.000000,95.000000,5.0,38.6576,35.2698,129.4191,132.807,PENDING_AG03,FALSE,NOT_FOR_ENFORCEMENT,161.3537,8691.2747,168.0767,161.3537,6.7231,0.01514225,0.01453656,6.7231,161.3537,0.01453656,6.7231,6.7231,8.4038,8.4038,8.4038,161.3537,0.01453656,38.6576,35.2698,129.4191,132.807,0.01165953,0.01196475,0.00060569,9.5442,9.5299,0.1769,12.9290,0.4060,853.8349,73.0769,,9.5442,3.6002,6.4289,12.8578,18.0009,25.7155,38.239,5.4003,0.0,4.0,5.947999,1.484574,29,143,4,2,0E-8,0.01514225,,0E-8,0.000000,0.815633,0.000000,,2026-06-02,2026-06-22,13,414,195,21,0.619048,,,0.000000,,,,,,,,GLOBAL_BASELINE_NO_ENTITY_RANKING,,,NOT_APPLICABLE_GLOBAL_BASELINE,HF9g-P5,,,,X 全窗基线 · 不参与实体赏罚,6872751,688,A168_HF9F_20260827_0900,2026-08-27 09:00:00
2026-06-15,150916076,2229,0,22.6296705840,14.1435441150,14.1435441150,1.0000000,3,2,0.49860757999999305,0.496596800000,1.4181574200229206,1.423872247868481,1.4181574200229206,0.00201077999999305,ELIGIBLE,R03b_20260811_FULL_v1,L1_ELIGIBILITY,v2026-08-11,2026-03-21..2026-08-06,baccarat_bet02_101_all_pairs_incl_sentinel,round_win = game_pnl > 0 (decisive only),COMPATIBILITY_ONLY_NOT_PRODUCTION,11099.8534,9053.4112,168.0767,1163,950,-0.01514225,,-0.01514225,-0.01514225,-168.0767,11099.8534,OK,0.0000,6.7231,4.0000,96.0000,AG03-UNRESOLVED,ALL5_LEVELS_bet23_to_bet27,6.7231,6.7231,8.4038,8.4038,8.4038,4.000000,4.000000,5.000000,5.000000,5.000000,96.000000,96.000000,95.000000,95.000000,95.000000,5.0,38.6576,35.2698,129.4191,132.807,PENDING_AG03,FALSE,NOT_FOR_ENFORCEMENT,161.3537,8691.2747,168.0767,161.3537,6.7231,0.01514225,0.01453656,6.7231,161.3537,0.01453656,6.7231,6.7231,8.4038,8.4038,8.4038,161.3537,0.01453656,38.6576,35.2698,129.4191,132.807,0.01165953,0.01196475,0.00060569,9.5442,9.5299,0.1769,12.9290,0.4060,853.8349,73.0769,,9.5442,3.6002,6.4289,12.8578,18.0009,25.7155,38.239,5.4003,0.0,4.0,5.947999,1.484574,29,143,4,2,0E-8,0.01514225,,0E-8,0.000000,0.815633,0.000000,,2026-06-02,2026-06-22,13,414,195,21,0.619048,,,0.000000,,,,,,,,GLOBAL_BASELINE_NO_ENTITY_RANKING,,,NOT_APPLICABLE_GLOBAL_BASELINE,HF9g-P5,,,,X 全窗基线 · 不参与实体赏罚,6872752,688,A168_HF9F_20260827_0900,2026-08-27 09:00:00
2026-06-15,150916076,2233,0,28.0299328825,-6.4674569908,-6.4674569908,0.5000000,4,4,0.50329940000000000,0.503299400000,-0.01319788734859681,-0.01319788734859681,-0.01319788734859681,0E-17,ELIGIBLE,R03b_20260811_FULL_v1,L1_ELIGIBILITY,v2026-08-11,2026-03-21..2026-08-06,baccarat_bet02_101_all_pairs_incl_sentinel,round_win = game_pnl > 0 (decisive only),COMPATIBILITY_ONLY_NOT_PRODUCTION,11099.8534,9053.4112,168.0767,1163,950,-0.01514225,,-0.01514225,-0.01514225,-168.0767,11099.8534,OK,0.0000,6.7231,4.0000,96.0000,AG03-UNRESOLVED,ALL5_LEVELS_bet23_to_bet27,6.7231,6.7231,8.4038,8.4038,8.4038,4.000000,4.000000,5.000000,5.000000,5.000000,96.000000,96.000000,95.000000,95.000000,95.000000,5.0,38.6576,35.2698,129.4191,132.807,PENDING_AG03,FALSE,NOT_FOR_ENFORCEMENT,161.3537,8691.2747,168.0767,161.3537,6.7231,0.01514225,0.01453656,6.7231,161.3537,0.01453656,6.7231,6.7231,8.4038,8.4038,8.4038,161.3537,0.01453656,38.6576,35.2698,129.4191,132.807,0.01165953,0.01196475,0.00060569,9.5442,9.5299,0.1769,12.9290,0.4060,853.8349,73.0769,,9.5442,3.6002,6.4289,12.8578,18.0009,25.7155,38.239,5.4003,0.0,4.0,5.947999,1.484574,29,143,4,2,0E-8,0.01514225,,0E-8,0.000000,0.815633,0.000000,,2026-06-02,2026-06-22,13,414,195,21,0.619048,,,0.000000,,,,,,,,GLOBAL_BASELINE_NO_ENTITY_RANKING,,,NOT_APPLICABLE_GLOBAL_BASELINE,HF9g-P5,,,,X 全窗基线 · 不参与实体赏罚,6872753,688,A168_HF9F_20260827_0900,2026-08-27 09:00:00
2026-06-15,150916076,2242,0,10.8005245969,10.2604983671,10.2604983671,1.0000000,2,2,0.50665070000000000,0.506650700000,1.3955260008387969,1.3955260008387969,1.3955260008387969,0E-17,ELIGIBLE,R03b_20260811_FULL_v1,L1_ELIGIBILITY,v2026-08-11,2026-03-21..2026-08-06,baccarat_bet02_101_all_pairs_incl_sentinel,round_win = game_pnl > 0 (decisive only),COMPATIBILITY_ONLY_NOT_PRODUCTION,11099.8534,9053.4112,168.0767,1163,950,-0.01514225,,-0.01514225,-0.01514225,-168.0767,11099.8534,OK,0.0000,6.7231,4.0000,96.0000,AG03-UNRESOLVED,ALL5_LEVELS_bet23_to_bet27,6.7231,6.7231,8.4038,8.4038,8.4038,4.000000,4.000000,5.000000,5.000000,5.000000,96.000000,96.000000,95.000000,95.000000,95.000000,5.0,38.6576,35.2698,129.4191,132.807,PENDING_AG03,FALSE,NOT_FOR_ENFORCEMENT,161.3537,8691.2747,168.0767,161.3537,6.7231,0.01514225,0.01453656,6.7231,161.3537,0.01453656,6.7231,6.7231,8.4038,8.4038,8.4038,161.3537,0.01453656,38.6576,35.2698,129.4191,132.807,0.01165953,0.01196475,0.00060569,9.5442,9.5299,0.1769,12.9290,0.4060,853.8349,73.0769,,9.5442,3.6002,6.4289,12.8578,18.0009,25.7155,38.239,5.4003,0.0,4.0,5.947999,1.484574,29,143,4,2,0E-8,0.01514225,,0E-8,0.000000,0.815633,0.000000,,2026-06-02,2026-06-22,13,414,195,21,0.619048,,,0.000000,,,,,,,,GLOBAL_BASELINE_NO_ENTITY_RANKING,,,NOT_APPLICABLE_GLOBAL_BASELINE,HF9g-P5,,,,X 全窗基线 · 不参与实体赏罚,6872754,688,A168_HF9F_20260827_0900,2026-08-27 09:00:00
2026-06-15,150916076,2267,0,5.1431069509,4.8859516034,4.8859516034,1.0000000,1,1,0.50665070000000000,0.506650700000,0.9867858985152569,0.9867858985152569,0.9867858985152569,0E-17,ELIGIBLE,R03b_20260811_FULL_v1,L1_ELIGIBILITY,v2026-08-11,2026-03-21..2026-08-06,baccarat_bet02_101_all_pairs_incl_sentinel,round_win = game_pnl > 0 (decisive only),COMPATIBILITY_ONLY_NOT_PRODUCTION,11099.8534,9053.4112,168.0767,1163,950,-0.01514225,,-0.01514225,-0.01514225,-168.0767,11099.8534,OK,0.0000,6.7231,4.0000,96.0000,AG03-UNRESOLVED,ALL5_LEVELS_bet23_to_bet27,6.7231,6.7231,8.4038,8.4038,8.4038,4.000000,4.000000,5.000000,5.000000,5.000000,96.000000,96.000000,95.000000,95.000000,95.000000,5.0,38.6576,35.2698,129.4191,132.807,PENDING_AG03,FALSE,NOT_FOR_ENFORCEMENT,161.3537,8691.2747,168.0767,161.3537,6.7231,0.01514225,0.01453656,6.7231,161.3537,0.01453656,6.7231,6.7231,8.4038,8.4038,8.4038,161.3537,0.01453656,38.6576,35.2698,129.4191,132.807,0.01165953,0.01196475,0.00060569,9.5442,9.5299,0.1769,12.9290,0.4060,853.8349,73.0769,,9.5442,3.6002,6.4289,12.8578,18.0009,25.7155,38.239,5.4003,0.0,4.0,5.947999,1.484574,29,143,4,2,0E-8,0.01514225,,0E-8,0.000000,0.815633,0.000000,,2026-06-02,2026-06-22,13,414,195,21,0.619048,,,0.000000,,,,,,,,GLOBAL_BASELINE_NO_ENTITY_RANKING,,,NOT_APPLICABLE_GLOBAL_BASELINE,HF9g-P5,,,,X 全窗基线 · 不参与实体赏罚,6872755,688,A168_HF9F_20260827_0900,2026-08-27 09:00:00
2026-06-15,150916076,2278,0,10.2862139018,-10.2862139018,-10.2862139018,0E-7,1,1,0.50665070000000000,0.506650700000,-1.013391052207602,-1.013391052207602,-1.013391052207602,0E-17,ELIGIBLE,R03b_20260811_FULL_v1,L1_ELIGIBILITY,v2026-08-11,2026-03-21..2026-08-06,baccarat_bet02_101_all_pairs_incl_sentinel,round_win = game_pnl > 0 (decisive only),COMPATIBILITY_ONLY_NOT_PRODUCTION,11099.8534,9053.4112,168.0767,1163,950,-0.01514225,,-0.01514225,-0.01514225,-168.0767,11099.8534,OK,0.0000,6.7231,4.0000,96.0000,AG03-UNRESOLVED,ALL5_LEVELS_bet23_to_bet27,6.7231,6.7231,8.4038,8.4038,8.4038,4.000000,4.000000,5.000000,5.000000,5.000000,96.000000,96.000000,95.000000,95.000000,95.000000,5.0,38.6576,35.2698,129.4191,132.807,PENDING_AG03,FALSE,NOT_FOR_ENFORCEMENT,161.3537,8691.2747,168.0767,161.3537,6.7231,0.01514225,0.01453656,6.7231,161.3537,0.01453656,6.7231,6.7231,8.4038,8.4038,8.4038,161.3537,0.01453656,38.6576,35.2698,129.4191,132.807,0.01165953,0.01196475,0.00060569,9.5442,9.5299,0.1769,12.9290,0.4060,853.8349,73.0769,,9.5442,3.6002,6.4289,12.8578,18.0009,25.7155,38.239,5.4003,0.0,4.0,5.947999,1.484574,29,143,4,2,0E-8,0.01514225,,0E-8,0.000000,0.815633,0.000000,,2026-06-02,2026-06-22,13,414,195,21,0.619048,,,0.000000,,,,,,,,GLOBAL_BASELINE_NO_ENTITY_RANKING,,,NOT_APPLICABLE_GLOBAL_BASELINE,HF9g-P5,,,,X 全窗基线 · 不参与实体赏罚,6872756,688,A168_HF9F_20260827_0900,2026-08-27 09:00:00
2026-06-15,150916076,2280,0,115.9770617430,6.4031681539,6.4031681539,0.4285714,8,8,0.49994810000000000,0.499948100000,-0.377689846057837,-0.377689846057837,-0.377689846057837,0E-17,ELIGIBLE,R03b_20260811_FULL_v1,L1_ELIGIBILITY,v2026-08-11,2026-03-21..2026-08-06,baccarat_bet02_101_all_pairs_incl_sentinel,round_win = game_pnl > 0 (decisive only),COMPATIBILITY_ONLY_NOT_PRODUCTION,11099.8534,9053.4112,168.0767,1163,950,-0.01514225,,-0.01514225,-0.01514225,-168.0767,11099.8534,OK,0.0000,6.7231,4.0000,96.0000,AG03-UNRESOLVED,ALL5_LEVELS_bet23_to_bet27,6.7231,6.7231,8.4038,8.4038,8.4038,4.000000,4.000000,5.000000,5.000000,5.000000,96.000000,96.000000,95.000000,95.000000,95.000000,5.0,38.6576,35.2698,129.4191,132.807,PENDING_AG03,FALSE,NOT_FOR_ENFORCEMENT,161.3537,8691.2747,168.0767,161.3537,6.7231,0.01514225,0.01453656,6.7231,161.3537,0.01453656,6.7231,6.7231,8.4038,8.4038,8.4038,161.3537,0.01453656,38.6576,35.2698,129.4191,132.807,0.01165953,0.01196475,0.00060569,9.5442,9.5299,0.1769,12.9290,0.4060,853.8349,73.0769,,9.5442,3.6002,6.4289,12.8578,18.0009,25.7155,38.239,5.4003,0.0,4.0,5.947999,1.484574,29,143,4,2,0E-8,0.01514225,,0E-8,0.000000,0.815633,0.000000,,2026-06-02,2026-06-22,13,414,195,21,0.619048,,,0.000000,,,,,,,,GLOBAL_BASELINE_NO_ENTITY_RANKING,,,NOT_APPLICABLE_GLOBAL_BASELINE,HF9g-P5,,,,X 全窗基线 · 不参与实体赏罚,6872757,688,A168_HF9F_20260827_0900,2026-08-27 09:00:00
2026-06-15,150916076,2281,0,13.8863887675,-13.8863887675,-13.8863887675,0E-7,1,1,0.50665070000000000,0.506650700000,-1.013391052207602,-1.013391052207602,-1.013391052207602,0E-17,ELIGIBLE,R03b_20260811_FULL_v1,L1_ELIGIBILITY,v2026-08-11,2026-03-21..2026-08-06,baccarat_bet02_101_all_pairs_incl_sentinel,round_win = game_pnl > 0 (decisive only),COMPATIBILITY_ONLY_NOT_PRODUCTION,11099.8534,9053.4112,168.0767,1163,950,-0.01514225,,-0.01514225,-0.01514225,-168.0767,11099.8534,OK,0.0000,6.7231,4.0000,96.0000,AG03-UNRESOLVED,ALL5_LEVELS_bet23_to_bet27,6.7231,6.7231,8.4038,8.4038,8.4038,4.000000,4.000000,5.000000,5.000000,5.000000,96.000000,96.000000,95.000000,95.000000,95.000000,5.0,38.6576,35.2698,129.4191,132.807,PENDING_AG03,FALSE,NOT_FOR_ENFORCEMENT,161.3537,8691.2747,168.0767,161.3537,6.7231,0.01514225,0.01453656,6.7231,161.3537,0.01453656,6.7231,6.7231,8.4038,8.4038,8.4038,161.3537,0.01453656,38.6576,35.2698,129.4191,132.807,0.01165953,0.01196475,0.00060569,9.5442,9.5299,0.1769,12.9290,0.4060,853.8349,73.0769,,9.5442,3.6002,6.4289,12.8578,18.0009,25.7155,38.239,5.4003,0.0,4.0,5.947999,1.484574,29,143,4,2,0E-8,0.01514225,,0E-8,0.000000,0.815633,0.000000,,2026-06-02,2026-06-22,13,414,195,21,0.619048,,,0.000000,,,,,,,,GLOBAL_BASELINE_NO_ENTITY_RANKING,,,NOT_APPLICABLE_GLOBAL_BASELINE,HF9g-P5,,,,X 全窗基线 · 不参与实体赏罚,6872758,688,A168_HF9F_20260827_0900,2026-08-27 09:00:00
2026-06-15,150916076,2287,0,76.3751382210,-66.0889243192,-66.0889243192,0E-7,6,5,0.49817163853658626,0.497267060000,-2.227906191870668,-2.2238791186440623,-2.227906191870668,0.00090457853658626,ELIGIBLE,R03b_20260811_FULL_v1,L1_ELIGIBILITY,v2026-08-11,2026-03-21..2026-08-06,baccarat_bet02_101_all_pairs_incl_sentinel,round_win = game_pnl > 0 (decisive only),COMPATIBILITY_ONLY_NOT_PRODUCTION,11099.8534,9053.4112,168.0767,1163,950,-0.01514225,,-0.01514225,-0.01514225,-168.0767,11099.8534,OK,0.0000,6.7231,4.0000,96.0000,AG03-UNRESOLVED,ALL5_LEVELS_bet23_to_bet27,6.7231,6.7231,8.4038,8.4038,8.4038,4.000000,4.000000,5.000000,5.000000,5.000000,96.000000,96.000000,95.000000,95.000000,95.000000,5.0,38.6576,35.2698,129.4191,132.807,PENDING_AG03,FALSE,NOT_FOR_ENFORCEMENT,161.3537,8691.2747,168.0767,161.3537,6.7231,0.01514225,0.01453656,6.7231,161.3537,0.01453656,6.7231,6.7231,8.4038,8.4038,8.4038,161.3537,0.01453656,38.6576,35.2698,129.4191,132.807,0.01165953,0.01196475,0.00060569,9.5442,9.5299,0.1769,12.9290,0.4060,853.8349,73.0769,,9.5442,3.6002,6.4289,12.8578,18.0009,25.7155,38.239,5.4003,0.0,4.0,5.947999,1.484574,29,143,4,2,0E-8,0.01514225,,0E-8,0.000000,0.815633,0.000000,,2026-06-02,2026-06-22,13,414,195,21,0.619048,,,0.000000,,,,,,,,GLOBAL_BASELINE_NO_ENTITY_RANKING,,,NOT_APPLICABLE_GLOBAL_BASELINE,HF9g-P5,,,,X 全窗基线 · 不参与实体赏罚,6872759,688,A168_HF9F_20260827_0900,2026-08-27 09:00:00
2026-06-15,150916076,526,0,58.3742638929,-39.3447681745,-39.3447681745,0E-7,4,2,0.50434555569125236,0.499948100000,-1.426558528826508,-1.4140667746232096,-1.426558528826508,0.00439745569125236,ELIGIBLE,R03b_20260811_FULL_v1,L1_ELIGIBILITY,v2026-08-11,2026-03-21..2026-08-06,baccarat_bet02_101_all_pairs_incl_sentinel,round_win = game_pnl > 0 (decisive only),COMPATIBILITY_ONLY_NOT_PRODUCTION,11099.8534,9053.4112,168.0767,1163,950,-0.01514225,,-0.01514225,-0.01514225,-168.0767,11099.8534,OK,0.0000,6.7231,4.0000,96.0000,AG03-UNRESOLVED,ALL5_LEVELS_bet23_to_bet27,6.7231,6.7231,8.4038,8.4038,8.4038,4.000000,4.000000,5.000000,5.000000,5.000000,96.000000,96.000000,95.000000,95.000000,95.000000,5.0,38.6576,35.2698,129.4191,132.807,PENDING_AG03,FALSE,NOT_FOR_ENFORCEMENT,161.3537,8691.2747,168.0767,161.3537,6.7231,0.01514225,0.01453656,6.7231,161.3537,0.01453656,6.7231,6.7231,8.4038,8.4038,8.4038,161.3537,0.01453656,38.6576,35.2698,129.4191,132.807,0.01165953,0.01196475,0.00060569,9.5442,9.5299,0.1769,12.9290,0.4060,853.8349,73.0769,,9.5442,3.6002,6.4289,12.8578,18.0009,25.7155,38.239,5.4003,0.0,4.0,5.947999,1.484574,29,143,4,2,0E-8,0.01514225,,0E-8,0.000000,0.815633,0.000000,,2026-06-02,2026-06-22,13,414,195,21,0.619048,,,0.000000,,,,,,,,GLOBAL_BASELINE_NO_ENTITY_RANKING,,,NOT_APPLICABLE_GLOBAL_BASELINE,HF9g-P5,,,,X 全窗基线 · 不参与实体赏罚,6872760,688,A168_HF9F_20260827_0900,2026-08-27 09:00:00
2026-06-15,150916076,772,0,38.3161467842,-0.7714660426,-0.7714660426,0.5000000,4,2,0.50016555998557057,0.499948100000,-0.00046827437963129214,0.00014679536856514622,-0.00046827437963129214,0.00021745998557057,ELIGIBLE,R03b_20260811_FULL_v1,L1_ELIGIBILITY,v2026-08-11,2026-03-21..2026-08-06,baccarat_bet02_101_all_pairs_incl_sentinel,round_win = game_pnl > 0 (decisive only),COMPATIBILITY_ONLY_NOT_PRODUCTION,11099.8534,9053.4112,168.0767,1163,950,-0.01514225,,-0.01514225,-0.01514225,-168.0767,11099.8534,OK,0.0000,6.7231,4.0000,96.0000,AG03-UNRESOLVED,ALL5_LEVELS_bet23_to_bet27,6.7231,6.7231,8.4038,8.4038,8.4038,4.000000,4.000000,5.000000,5.000000,5.000000,96.000000,96.000000,95.000000,95.000000,95.000000,5.0,38.6576,35.2698,129.4191,132.807,PENDING_AG03,FALSE,NOT_FOR_ENFORCEMENT,161.3537,8691.2747,168.0767,161.3537,6.7231,0.01514225,0.01453656,6.7231,161.3537,0.01453656,6.7231,6.7231,8.4038,8.4038,8.4038,161.3537,0.01453656,38.6576,35.2698,129.4191,132.807,0.01165953,0.01196475,0.00060569,9.5442,9.5299,0.1769,12.9290,0.4060,853.8349,73.0769,,9.5442,3.6002,6.4289,12.8578,18.0009,25.7155,38.239,5.4003,0.0,4.0,5.947999,1.484574,29,143,4,2,0E-8,0.01514225,,0E-8,0.000000,0.815633,0.000000,,2026-06-02,2026-06-22,13,414,195,21,0.619048,,,0.000000,,,,,,,,GLOBAL_BASELINE_NO_ENTITY_RANKING,,,NOT_APPLICABLE_GLOBAL_BASELINE,HF9g-P5,,,,X 全窗基线 · 不参与实体赏罚,6872761,688,A168_HF9F_20260827_0900,2026-08-27 09:00:00
2026-06-15,150916076,919,0,20.8295831513,2.7387044513,2.7387044513,0.6666667,4,3,0.50494219411765307,0.504416500000,0.5602573761224542,0.5620729918323724,0.5602573761224542,0.00052569411765307,ELIGIBLE,R03b_20260811_FULL_v1,L1_ELIGIBILITY,v2026-08-11,2026-03-21..2026-08-06,baccarat_bet02_101_all_pairs_incl_sentinel,round_win = game_pnl > 0 (decisive only),COMPATIBILITY_ONLY_NOT_PRODUCTION,11099.8534,9053.4112,168.0767,1163,950,-0.01514225,,-0.01514225,-0.01514225,-168.0767,11099.8534,OK,0.0000,6.7231,4.0000,96.0000,AG03-UNRESOLVED,ALL5_LEVELS_bet23_to_bet27,6.7231,6.7231,8.4038,8.4038,8.4038,4.000000,4.000000,5.000000,5.000000,5.000000,96.000000,96.000000,95.000000,95.000000,95.000000,5.0,38.6576,35.2698,129.4191,132.807,PENDING_AG03,FALSE,NOT_FOR_ENFORCEMENT,161.3537,8691.2747,168.0767,161.3537,6.7231,0.01514225,0.01453656,6.7231,161.3537,0.01453656,6.7231,6.7231,8.4038,8.4038,8.4038,161.3537,0.01453656,38.6576,35.2698,129.4191,132.807,0.01165953,0.01196475,0.00060569,9.5442,9.5299,0.1769,12.9290,0.4060,853.8349,73.0769,,9.5442,3.6002,6.4289,12.8578,18.0009,25.7155,38.239,5.4003,0.0,4.0,5.947999,1.484574,29,143,4,2,0E-8,0.01514225,,0E-8,0.000000,0.815633,0.000000,,2026-06-02,2026-06-22,13,414,195,21,0.619048,,,0.000000,,,,,,,,GLOBAL_BASELINE_NO_ENTITY_RANKING,,,NOT_APPLICABLE_GLOBAL_BASELINE,HF9g-P5,,,,X 全窗基线 · 不参与实体赏罚,6872762,688,A168_HF9F_20260827_0900,2026-08-27 09:00:00
2026-06-15,150916076,986,0,110.8339547921,40.0776609149,40.0776609149,0.8333333,9,7,0.50412636822850607,0.502820642857,1.6128330926324832,1.6192006553733256,1.6128330926324832,0.00130572537150607,ELIGIBLE,R03b_20260811_FULL_v1,L1_ELIGIBILITY,v2026-08-11,2026-03-21..2026-08-06,baccarat_bet02_101_all_pairs_incl_sentinel,round_win = game_pnl > 0 (decisive only),COMPATIBILITY_ONLY_NOT_PRODUCTION,11099.8534,9053.4112,168.0767,1163,950,-0.01514225,,-0.01514225,-0.01514225,-168.0767,11099.8534,OK,0.0000,6.7231,4.0000,96.0000,AG03-UNRESOLVED,ALL5_LEVELS_bet23_to_bet27,6.7231,6.7231,8.4038,8.4038,8.4038,4.000000,4.000000,5.000000,5.000000,5.000000,96.000000,96.000000,95.000000,95.000000,95.000000,5.0,38.6576,35.2698,129.4191,132.807,PENDING_AG03,FALSE,NOT_FOR_ENFORCEMENT,161.3537,8691.2747,168.0767,161.3537,6.7231,0.01514225,0.01453656,6.7231,161.3537,0.01453656,6.7231,6.7231,8.4038,8.4038,8.4038,161.3537,0.01453656,38.6576,35.2698,129.4191,132.807,0.01165953,0.01196475,0.00060569,9.5442,9.5299,0.1769,12.9290,0.4060,853.8349,73.0769,,9.5442,3.6002,6.4289,12.8578,18.0009,25.7155,38.239,5.4003,0.0,4.0,5.947999,1.484574,29,143,4,2,0E-8,0.01514225,,0E-8,0.000000,0.815633,0.000000,,2026-06-02,2026-06-22,13,414,195,21,0.619048,,,0.000000,,,,,,,,GLOBAL_BASELINE_NO_ENTITY_RANKING,,,NOT_APPLICABLE_GLOBAL_BASELINE,HF9g-P5,,,,X 全窗基线 · 不参与实体赏罚,6872763,688,A168_HF9F_20260827_0900,2026-08-27 09:00:00
2026-06-20,150916076,-1,1,19.0294957184,18.6180471623,18.6180471623,1.0000000,2,2,0.49994810000000000,0.499948100000,1.4143603653603398,1.4143603653603398,1.4143603653603398,0E-17,SENTINEL_DEALER,R03b_20260811_FULL_v1,L1_ELIGIBILITY,v2026-08-11,2026-03-21..2026-08-06,baccarat_bet02_101_all_pairs_incl_sentinel,round_win = game_pnl > 0 (decisive only),COMPATIBILITY_ONLY_NOT_PRODUCTION,11099.8534,9053.4112,168.0767,1163,950,-0.01514225,,-0.01514225,-0.01514225,-168.0767,11099.8534,OK,0.0000,6.7231,4.0000,96.0000,AG03-UNRESOLVED,ALL5_LEVELS_bet23_to_bet27,6.7231,6.7231,8.4038,8.4038,8.4038,4.000000,4.000000,5.000000,5.000000,5.000000,96.000000,96.000000,95.000000,95.000000,95.000000,5.0,38.6576,35.2698,129.4191,132.807,PENDING_AG03,FALSE,NOT_FOR_ENFORCEMENT,161.3537,8691.2747,168.0767,161.3537,6.7231,0.01514225,0.01453656,6.7231,161.3537,0.01453656,6.7231,6.7231,8.4038,8.4038,8.4038,161.3537,0.01453656,38.6576,35.2698,129.4191,132.807,0.01165953,0.01196475,0.00060569,9.5442,9.5299,0.1769,12.9290,0.4060,853.8349,73.0769,,9.5442,3.6002,6.4289,12.8578,18.0009,25.7155,38.239,5.4003,0.0,4.0,5.947999,1.484574,29,143,4,2,0E-8,0.01514225,,0E-8,0.000000,0.815633,0.000000,,2026-06-02,2026-06-22,13,414,195,21,0.619048,,,0.000000,,,,,,,,GLOBAL_BASELINE_NO_ENTITY_RANKING,,,NOT_APPLICABLE_GLOBAL_BASELINE,HF9g-P5,,,,X 全窗基线 · 不参与实体赏罚,6872764,688,A168_HF9F_20260827_0900,2026-08-27 09:00:00
2026-06-20,150916076,1384,0,15.4293208527,-5.1431069509,-5.1431069509,0.5000000,2,2,0.49324550000000000,0.493245500000,0.01910635448239258,0.01910635448239258,0.01910635448239258,0E-17,ELIGIBLE,R03b_20260811_FULL_v1,L1_ELIGIBILITY,v2026-08-11,2026-03-21..2026-08-06,baccarat_bet02_101_all_pairs_incl_sentinel,round_win = game_pnl > 0 (decisive only),COMPATIBILITY_ONLY_NOT_PRODUCTION,11099.8534,9053.4112,168.0767,1163,950,-0.01514225,,-0.01514225,-0.01514225,-168.0767,11099.8534,OK,0.0000,6.7231,4.0000,96.0000,AG03-UNRESOLVED,ALL5_LEVELS_bet23_to_bet27,6.7231,6.7231,8.4038,8.4038,8.4038,4.000000,4.000000,5.000000,5.000000,5.000000,96.000000,96.000000,95.000000,95.000000,95.000000,5.0,38.6576,35.2698,129.4191,132.807,PENDING_AG03,FALSE,NOT_FOR_ENFORCEMENT,161.3537,8691.2747,168.0767,161.3537,6.7231,0.01514225,0.01453656,6.7231,161.3537,0.01453656,6.7231,6.7231,8.4038,8.4038,8.4038,161.3537,0.01453656,38.6576,35.2698,129.4191,132.807,0.01165953,0.01196475,0.00060569,9.5442,9.5299,0.1769,12.9290,0.4060,853.8349,73.0769,,9.5442,3.6002,6.4289,12.8578,18.0009,25.7155,38.239,5.4003,0.0,4.0,5.947999,1.484574,29,143,4,2,0E-8,0.01514225,,0E-8,0.000000,0.815633,0.000000,,2026-06-02,2026-06-22,13,414,195,21,0.619048,,,0.000000,,,,,,,,GLOBAL_BASELINE_NO_ENTITY_RANKING,,,NOT_APPLICABLE_GLOBAL_BASELINE,HF9g-P5,,,,X 全窗基线 · 不参与实体赏罚,6872765,688,A168_HF9F_20260827_0900,2026-08-27 09:00:00
2026-06-20,150916076,1490,0,5.1431069509,-5.1431069509,-5.1431069509,0E-7,1,1,0.49324550000000000,0.493245500000,-0.9865810262130424,-0.9865810262130424,-0.9865810262130424,0E-17,ELIGIBLE,R03b_20260811_FULL_v1,L1_ELIGIBILITY,v2026-08-11,2026-03-21..2026-08-06,baccarat_bet02_101_all_pairs_incl_sentinel,round_win = game_pnl > 0 (decisive only),COMPATIBILITY_ONLY_NOT_PRODUCTION,11099.8534,9053.4112,168.0767,1163,950,-0.01514225,,-0.01514225,-0.01514225,-168.0767,11099.8534,OK,0.0000,6.7231,4.0000,96.0000,AG03-UNRESOLVED,ALL5_LEVELS_bet23_to_bet27,6.7231,6.7231,8.4038,8.4038,8.4038,4.000000,4.000000,5.000000,5.000000,5.000000,96.000000,96.000000,95.000000,95.000000,95.000000,5.0,38.6576,35.2698,129.4191,132.807,PENDING_AG03,FALSE,NOT_FOR_ENFORCEMENT,161.3537,8691.2747,168.0767,161.3537,6.7231,0.01514225,0.01453656,6.7231,161.3537,0.01453656,6.7231,6.7231,8.4038,8.4038,8.4038,161.3537,0.01453656,38.6576,35.2698,129.4191,132.807,0.01165953,0.01196475,0.00060569,9.5442,9.5299,0.1769,12.9290,0.4060,853.8349,73.0769,,9.5442,3.6002,6.4289,12.8578,18.0009,25.7155,38.239,5.4003,0.0,4.0,5.947999,1.484574,29,143,4,2,0E-8,0.01514225,,0E-8,0.000000,0.815633,0.000000,,2026-06-02,2026-06-22,13,414,195,21,0.619048,,,0.000000,,,,,,,,GLOBAL_BASELINE_NO_ENTITY_RANKING,,,NOT_APPLICABLE_GLOBAL_BASELINE,HF9g-P5,,,,X 全窗基线 · 不参与实体赏罚,6872766,688,A168_HF9F_20260827_0900,2026-08-27 09:00:00
2026-06-20,150916076,1509,0,33.1730398334,9.5147478592,9.5147478592,0.7500000,4,4,0.49659680000000000,0.496596800000,1.0136362796769356,1.0136362796769358,1.0136362796769356,0E-17,ELIGIBLE,R03b_20260811_FULL_v1,L1_ELIGIBILITY,v2026-08-11,2026-03-21..2026-08-06,baccarat_bet02_101_all_pairs_incl_sentinel,round_win = game_pnl > 0 (decisive only),COMPATIBILITY_ONLY_NOT_PRODUCTION,11099.8534,9053.4112,168.0767,1163,950,-0.01514225,,-0.01514225,-0.01514225,-168.0767,11099.8534,OK,0.0000,6.7231,4.0000,96.0000,AG03-UNRESOLVED,ALL5_LEVELS_bet23_to_bet27,6.7231,6.7231,8.4038,8.4038,8.4038,4.000000,4.000000,5.000000,5.000000,5.000000,96.000000,96.000000,95.000000,95.000000,95.000000,5.0,38.6576,35.2698,129.4191,132.807,PENDING_AG03,FALSE,NOT_FOR_ENFORCEMENT,161.3537,8691.2747,168.0767,161.3537,6.7231,0.01514225,0.01453656,6.7231,161.3537,0.01453656,6.7231,6.7231,8.4038,8.4038,8.4038,161.3537,0.01453656,38.6576,35.2698,129.4191,132.807,0.01165953,0.01196475,0.00060569,9.5442,9.5299,0.1769,12.9290,0.4060,853.8349,73.0769,,9.5442,3.6002,6.4289,12.8578,18.0009,25.7155,38.239,5.4003,0.0,4.0,5.947999,1.484574,29,143,4,2,0E-8,0.01514225,,0E-8,0.000000,0.815633,0.000000,,2026-06-02,2026-06-22,13,414,195,21,0.619048,,,0.000000,,,,,,,,GLOBAL_BASELINE_NO_ENTITY_RANKING,,,NOT_APPLICABLE_GLOBAL_BASELINE,HF9g-P5,,,,X 全窗基线 · 不参与实体赏罚,6872767,688,A168_HF9F_20260827_0900,2026-08-27 09:00:00
2026-06-20,150916076,2123,0,77.1466042636,-77.1466042636,-77.1466042636,0E-7,2,2,0.49324550000000000,0.493245500000,-1.3952362676504506,-1.3952362676504506,-1.3952362676504506,0E-17,ELIGIBLE,R03b_20260811_FULL_v1,L1_ELIGIBILITY,v2026-08-11,2026-03-21..2026-08-06,baccarat_bet02_101_all_pairs_incl_sentinel,round_win = game_pnl > 0 (decisive only),COMPATIBILITY_ONLY_NOT_PRODUCTION,11099.8534,9053.4112,168.0767,1163,950,-0.01514225,,-0.01514225,-0.01514225,-168.0767,11099.8534,OK,0.0000,6.7231,4.0000,96.0000,AG03-UNRESOLVED,ALL5_LEVELS_bet23_to_bet27,6.7231,6.7231,8.4038,8.4038,8.4038,4.000000,4.000000,5.000000,5.000000,5.000000,96.000000,96.000000,95.000000,95.000000,95.000000,5.0,38.6576,35.2698,129.4191,132.807,PENDING_AG03,FALSE,NOT_FOR_ENFORCEMENT,161.3537,8691.2747,168.0767,161.3537,6.7231,0.01514225,0.01453656,6.7231,161.3537,0.01453656,6.7231,6.7231,8.4038,8.4038,8.4038,161.3537,0.01453656,38.6576,35.2698,129.4191,132.807,0.01165953,0.01196475,0.00060569,9.5442,9.5299,0.1769,12.9290,0.4060,853.8349,73.0769,,9.5442,3.6002,6.4289,12.8578,18.0009,25.7155,38.239,5.4003,0.0,4.0,5.947999,1.484574,29,143,4,2,0E-8,0.01514225,,0E-8,0.000000,0.815633,0.000000,,2026-06-02,2026-06-22,13,414,195,21,0.619048,,,0.000000,,,,,,,,GLOBAL_BASELINE_NO_ENTITY_RANKING,,,NOT_APPLICABLE_GLOBAL_BASELINE,HF9g-P5,,,,X 全窗基线 · 不参与实体赏罚,6872768,688,A168_HF9F_20260827_0900,2026-08-27 09:00:00
2026-06-20,150916076,2127,0,10.2862139019,-5.2716846247,-5.2716846247,0E-7,2,1,0.49659680000003258,0.499948100000,-0.9932166066796,-0.9998962053866608,-0.9932166066796,-0.00335129999996742,ELIGIBLE,R03b_20260811_FULL_v1,L1_ELIGIBILITY,v2026-08-11,2026-03-21..2026-08-06,baccarat_bet02_101_all_pairs_incl_sentinel,round_win = game_pnl > 0 (decisive only),COMPATIBILITY_ONLY_NOT_PRODUCTION,11099.8534,9053.4112,168.0767,1163,950,-0.01514225,,-0.01514225,-0.01514225,-168.0767,11099.8534,OK,0.0000,6.7231,4.0000,96.0000,AG03-UNRESOLVED,ALL5_LEVELS_bet23_to_bet27,6.7231,6.7231,8.4038,8.4038,8.4038,4.000000,4.000000,5.000000,5.000000,5.000000,96.000000,96.000000,95.000000,95.000000,95.000000,5.0,38.6576,35.2698,129.4191,132.807,PENDING_AG03,FALSE,NOT_FOR_ENFORCEMENT,161.3537,8691.2747,168.0767,161.3537,6.7231,0.01514225,0.01453656,6.7231,161.3537,0.01453656,6.7231,6.7231,8.4038,8.4038,8.4038,161.3537,0.01453656,38.6576,35.2698,129.4191,132.807,0.01165953,0.01196475,0.00060569,9.5442,9.5299,0.1769,12.9290,0.4060,853.8349,73.0769,,9.5442,3.6002,6.4289,12.8578,18.0009,25.7155,38.239,5.4003,0.0,4.0,5.947999,1.484574,29,143,4,2,0E-8,0.01514225,,0E-8,0.000000,0.815633,0.000000,,2026-06-02,2026-06-22,13,414,195,21,0.619048,,,0.000000,,,,,,,,GLOBAL_BASELINE_NO_ENTITY_RANKING,,,NOT_APPLICABLE_GLOBAL_BASELINE,HF9g-P5,,,,X 全窗基线 · 不参与实体赏罚,6872769,688,A168_HF9F_20260827_0900,2026-08-27 09:00:00
2026-06-20,150916076,2134,0,12.8577673773,12.2148790084,12.2148790084,1.0000000,1,1,0.50665070000000000,0.506650700000,0.9867858985152569,0.9867858985152569,0.9867858985152569,0E-17,ELIGIBLE,R03b_20260811_FULL_v1,L1_ELIGIBILITY,v2026-08-11,2026-03-21..2026-08-06,baccarat_bet02_101_all_pairs_incl_sentinel,round_win = game_pnl > 0 (decisive only),COMPATIBILITY_ONLY_NOT_PRODUCTION,11099.8534,9053.4112,168.0767,1163,950,-0.01514225,,-0.01514225,-0.01514225,-168.0767,11099.8534,OK,0.0000,6.7231,4.0000,96.0000,AG03-UNRESOLVED,ALL5_LEVELS_bet23_to_bet27,6.7231,6.7231,8.4038,8.4038,8.4038,4.000000,4.000000,5.000000,5.000000,5.000000,96.000000,96.000000,95.000000,95.000000,95.000000,5.0,38.6576,35.2698,129.4191,132.807,PENDING_AG03,FALSE,NOT_FOR_ENFORCEMENT,161.3537,8691.2747,168.0767,161.3537,6.7231,0.01514225,0.01453656,6.7231,161.3537,0.01453656,6.7231,6.7231,8.4038,8.4038,8.4038,161.3537,0.01453656,38.6576,35.2698,129.4191,132.807,0.01165953,0.01196475,0.00060569,9.5442,9.5299,0.1769,12.9290,0.4060,853.8349,73.0769,,9.5442,3.6002,6.4289,12.8578,18.0009,25.7155,38.239,5.4003,0.0,4.0,5.947999,1.484574,29,143,4,2,0E-8,0.01514225,,0E-8,0.000000,0.815633,0.000000,,2026-06-02,2026-06-22,13,414,195,21,0.619048,,,0.000000,,,,,,,,GLOBAL_BASELINE_NO_ENTITY_RANKING,,,NOT_APPLICABLE_GLOBAL_BASELINE,HF9g-P5,,,,X 全窗基线 · 不参与实体赏罚,6872770,688,A168_HF9F_20260827_0900,2026-08-27 09:00:00
2026-06-20,150916076,2147,0,5.6574176460,5.6574176460,5.6574176460,1.0000000,1,1,0.49324550000000000,0.493245500000,1.01360149184955,1.01360149184955,1.01360149184955,0E-17,ELIGIBLE,R03b_20260811_FULL_v1,L1_ELIGIBILITY,v2026-08-11,2026-03-21..2026-08-06,baccarat_bet02_101_all_pairs_incl_sentinel,round_win = game_pnl > 0 (decisive only),COMPATIBILITY_ONLY_NOT_PRODUCTION,11099.8534,9053.4112,168.0767,1163,950,-0.01514225,,-0.01514225,-0.01514225,-168.0767,11099.8534,OK,0.0000,6.7231,4.0000,96.0000,AG03-UNRESOLVED,ALL5_LEVELS_bet23_to_bet27,6.7231,6.7231,8.4038,8.4038,8.4038,4.000000,4.000000,5.000000,5.000000,5.000000,96.000000,96.000000,95.000000,95.000000,95.000000,5.0,38.6576,35.2698,129.4191,132.807,PENDING_AG03,FALSE,NOT_FOR_ENFORCEMENT,161.3537,8691.2747,168.0767,161.3537,6.7231,0.01514225,0.01453656,6.7231,161.3537,0.01453656,6.7231,6.7231,8.4038,8.4038,8.4038,161.3537,0.01453656,38.6576,35.2698,129.4191,132.807,0.01165953,0.01196475,0.00060569,9.5442,9.5299,0.1769,12.9290,0.4060,853.8349,73.0769,,9.5442,3.6002,6.4289,12.8578,18.0009,25.7155,38.239,5.4003,0.0,4.0,5.947999,1.484574,29,143,4,2,0E-8,0.01514225,,0E-8,0.000000,0.815633,0.000000,,2026-06-02,2026-06-22,13,414,195,21,0.619048,,,0.000000,,,,,,,,GLOBAL_BASELINE_NO_ENTITY_RANKING,,,NOT_APPLICABLE_GLOBAL_BASELINE,HF9g-P5,,,,X 全窗基线 · 不参与实体赏罚,6872771,688,A168_HF9F_20260827_0900,2026-08-27 09:00:00
2026-06-20,150916076,2155,0,5.1431069509,0E-10,0E-10,,1,1,0.49324550000000000,0.493245500000,,,,0E-17,NO_DECISIVE_ROUND,R03b_20260811_FULL_v1,L1_ELIGIBILITY,v2026-08-11,2026-03-21..2026-08-06,baccarat_bet02_101_all_pairs_incl_sentinel,round_win = game_pnl > 0 (decisive only),COMPATIBILITY_ONLY_NOT_PRODUCTION,11099.8534,9053.4112,168.0767,1163,950,-0.01514225,,-0.01514225,-0.01514225,-168.0767,11099.8534,OK,0.0000,6.7231,4.0000,96.0000,AG03-UNRESOLVED,ALL5_LEVELS_bet23_to_bet27,6.7231,6.7231,8.4038,8.4038,8.4038,4.000000,4.000000,5.000000,5.000000,5.000000,96.000000,96.000000,95.000000,95.000000,95.000000,5.0,38.6576,35.2698,129.4191,132.807,PENDING_AG03,FALSE,NOT_FOR_ENFORCEMENT,161.3537,8691.2747,168.0767,161.3537,6.7231,0.01514225,0.01453656,6.7231,161.3537,0.01453656,6.7231,6.7231,8.4038,8.4038,8.4038,161.3537,0.01453656,38.6576,35.2698,129.4191,132.807,0.01165953,0.01196475,0.00060569,9.5442,9.5299,0.1769,12.9290,0.4060,853.8349,73.0769,,9.5442,3.6002,6.4289,12.8578,18.0009,25.7155,38.239,5.4003,0.0,4.0,5.947999,1.484574,29,143,4,2,0E-8,0.01514225,,0E-8,0.000000,0.815633,0.000000,,2026-06-02,2026-06-22,13,414,195,21,0.619048,,,0.000000,,,,,,,,GLOBAL_BASELINE_NO_ENTITY_RANKING,,,NOT_APPLICABLE_GLOBAL_BASELINE,HF9g-P5,,,,X 全窗基线 · 不参与实体赏罚,6872772,688,A168_HF9F_20260827_0900,2026-08-27 09:00:00
2026-06-20,150916076,2205,0,51.4310695090,51.4310695090,51.4310695090,1.0000000,2,2,0.49324550000000000,0.493245500000,1.4334489766152358,1.4334489766152358,1.4334489766152358,0E-17,ELIGIBLE,R03b_20260811_FULL_v1,L1_ELIGIBILITY,v2026-08-11,2026-03-21..2026-08-06,baccarat_bet02_101_all_pairs_incl_sentinel,round_win = game_pnl > 0 (decisive only),COMPATIBILITY_ONLY_NOT_PRODUCTION,11099.8534,9053.4112,168.0767,1163,950,-0.01514225,,-0.01514225,-0.01514225,-168.0767,11099.8534,OK,0.0000,6.7231,4.0000,96.0000,AG03-UNRESOLVED,ALL5_LEVELS_bet23_to_bet27,6.7231,6.7231,8.4038,8.4038,8.4038,4.000000,4.000000,5.000000,5.000000,5.000000,96.000000,96.000000,95.000000,95.000000,95.000000,5.0,38.6576,35.2698,129.4191,132.807,PENDING_AG03,FALSE,NOT_FOR_ENFORCEMENT,161.3537,8691.2747,168.0767,161.3537,6.7231,0.01514225,0.01453656,6.7231,161.3537,0.01453656,6.7231,6.7231,8.4038,8.4038,8.4038,161.3537,0.01453656,38.6576,35.2698,129.4191,132.807,0.01165953,0.01196475,0.00060569,9.5442,9.5299,0.1769,12.9290,0.4060,853.8349,73.0769,,9.5442,3.6002,6.4289,12.8578,18.0009,25.7155,38.239,5.4003,0.0,4.0,5.947999,1.484574,29,143,4,2,0E-8,0.01514225,,0E-8,0.000000,0.815633,0.000000,,2026-06-02,2026-06-22,13,414,195,21,0.619048,,,0.000000,,,,,,,,GLOBAL_BASELINE_NO_ENTITY_RANKING,,,NOT_APPLICABLE_GLOBAL_BASELINE,HF9g-P5,,,,X 全窗基线 · 不参与实体赏罚,6872773,688,A168_HF9F_20260827_0900,2026-08-27 09:00:00
2026-06-20,150916076,2218,0,10.2862139018,-10.2862139018,-10.2862139018,0E-7,1,1,0.50665070000000000,0.506650700000,-1.013391052207602,-1.013391052207602,-1.013391052207602,0E-17,ELIGIBLE,R03b_20260811_FULL_v1,L1_ELIGIBILITY,v2026-08-11,2026-03-21..2026-08-06,baccarat_bet02_101_all_pairs_incl_sentinel,round_win = game_pnl > 0 (decisive only),COMPATIBILITY_ONLY_NOT_PRODUCTION,11099.8534,9053.4112,168.0767,1163,950,-0.01514225,,-0.01514225,-0.01514225,-168.0767,11099.8534,OK,0.0000,6.7231,4.0000,96.0000,AG03-UNRESOLVED,ALL5_LEVELS_bet23_to_bet27,6.7231,6.7231,8.4038,8.4038,8.4038,4.000000,4.000000,5.000000,5.000000,5.000000,96.000000,96.000000,95.000000,95.000000,95.000000,5.0,38.6576,35.2698,129.4191,132.807,PENDING_AG03,FALSE,NOT_FOR_ENFORCEMENT,161.3537,8691.2747,168.0767,161.3537,6.7231,0.01514225,0.01453656,6.7231,161.3537,0.01453656,6.7231,6.7231,8.4038,8.4038,8.4038,161.3537,0.01453656,38.6576,35.2698,129.4191,132.807,0.01165953,0.01196475,0.00060569,9.5442,9.5299,0.1769,12.9290,0.4060,853.8349,73.0769,,9.5442,3.6002,6.4289,12.8578,18.0009,25.7155,38.239,5.4003,0.0,4.0,5.947999,1.484574,29,143,4,2,0E-8,0.01514225,,0E-8,0.000000,0.815633,0.000000,,2026-06-02,2026-06-22,13,414,195,21,0.619048,,,0.000000,,,,,,,,GLOBAL_BASELINE_NO_ENTITY_RANKING,,,NOT_APPLICABLE_GLOBAL_BASELINE,HF9g-P5,,,,X 全窗基线 · 不参与实体赏罚,6872774,688,A168_HF9F_20260827_0900,2026-08-27 09:00:00
2026-06-20,150916076,2242,0,144.5213053205,-64.3145524211,-64.3145524211,0.2500000,8,8,0.50162375000000000,0.501623750000,-1.0065003074190721,-1.0065003074190721,-1.0065003074190721,0E-17,ELIGIBLE,R03b_20260811_FULL_v1,L1_ELIGIBILITY,v2026-08-11,2026-03-21..2026-08-06,baccarat_bet02_101_all_pairs_incl_sentinel,round_win = game_pnl > 0 (decisive only),COMPATIBILITY_ONLY_NOT_PRODUCTION,11099.8534,9053.4112,168.0767,1163,950,-0.01514225,,-0.01514225,-0.01514225,-168.0767,11099.8534,OK,0.0000,6.7231,4.0000,96.0000,AG03-UNRESOLVED,ALL5_LEVELS_bet23_to_bet27,6.7231,6.7231,8.4038,8.4038,8.4038,4.000000,4.000000,5.000000,5.000000,5.000000,96.000000,96.000000,95.000000,95.000000,95.000000,5.0,38.6576,35.2698,129.4191,132.807,PENDING_AG03,FALSE,NOT_FOR_ENFORCEMENT,161.3537,8691.2747,168.0767,161.3537,6.7231,0.01514225,0.01453656,6.7231,161.3537,0.01453656,6.7231,6.7231,8.4038,8.4038,8.4038,161.3537,0.01453656,38.6576,35.2698,129.4191,132.807,0.01165953,0.01196475,0.00060569,9.5442,9.5299,0.1769,12.9290,0.4060,853.8349,73.0769,,9.5442,3.6002,6.4289,12.8578,18.0009,25.7155,38.239,5.4003,0.0,4.0,5.947999,1.484574,29,143,4,2,0E-8,0.01514225,,0E-8,0.000000,0.815633,0.000000,,2026-06-02,2026-06-22,13,414,195,21,0.619048,,,0.000000,,,,,,,,GLOBAL_BASELINE_NO_ENTITY_RANKING,,,NOT_APPLICABLE_GLOBAL_BASELINE,HF9g-P5,,,,X 全窗基线 · 不参与实体赏罚,6872775,688,A168_HF9F_20260827_0900,2026-08-27 09:00:00
2026-06-20,150916076,2278,0,17.4865636331,17.2036927508,17.2036927508,1.0000000,2,2,0.49994810000000000,0.499948100000,1.4143603653603398,1.4143603653603398,1.4143603653603398,0E-17,ELIGIBLE,R03b_20260811_FULL_v1,L1_ELIGIBILITY,v2026-08-11,2026-03-21..2026-08-06,baccarat_bet02_101_all_pairs_incl_sentinel,round_win = game_pnl > 0 (decisive only),COMPATIBILITY_ONLY_NOT_PRODUCTION,11099.8534,9053.4112,168.0767,1163,950,-0.01514225,,-0.01514225,-0.01514225,-168.0767,11099.8534,OK,0.0000,6.7231,4.0000,96.0000,AG03-UNRESOLVED,ALL5_LEVELS_bet23_to_bet27,6.7231,6.7231,8.4038,8.4038,8.4038,4.000000,4.000000,5.000000,5.000000,5.000000,96.000000,96.000000,95.000000,95.000000,95.000000,5.0,38.6576,35.2698,129.4191,132.807,PENDING_AG03,FALSE,NOT_FOR_ENFORCEMENT,161.3537,8691.2747,168.0767,161.3537,6.7231,0.01514225,0.01453656,6.7231,161.3537,0.01453656,6.7231,6.7231,8.4038,8.4038,8.4038,161.3537,0.01453656,38.6576,35.2698,129.4191,132.807,0.01165953,0.01196475,0.00060569,9.5442,9.5299,0.1769,12.9290,0.4060,853.8349,73.0769,,9.5442,3.6002,6.4289,12.8578,18.0009,25.7155,38.239,5.4003,0.0,4.0,5.947999,1.484574,29,143,4,2,0E-8,0.01514225,,0E-8,0.000000,0.815633,0.000000,,2026-06-02,2026-06-22,13,414,195,21,0.619048,,,0.000000,,,,,,,,GLOBAL_BASELINE_NO_ENTITY_RANKING,,,NOT_APPLICABLE_GLOBAL_BASELINE,HF9g-P5,,,,X 全窗基线 · 不参与实体赏罚,6872776,688,A168_HF9F_20260827_0900,2026-08-27 09:00:00
2026-06-20,150916076,2280,0,22.6296705840,-1.0286213902,-1.0286213902,0.6666667,3,3,0.49324550000000000,0.493245500000,0.6008033672792107,0.6008033672792106,0.6008033672792107,0E-17,ELIGIBLE,R03b_20260811_FULL_v1,L1_ELIGIBILITY,v2026-08-11,2026-03-21..2026-08-06,baccarat_bet02_101_all_pairs_incl_sentinel,round_win = game_pnl > 0 (decisive only),COMPATIBILITY_ONLY_NOT_PRODUCTION,11099.8534,9053.4112,168.0767,1163,950,-0.01514225,,-0.01514225,-0.01514225,-168.0767,11099.8534,OK,0.0000,6.7231,4.0000,96.0000,AG03-UNRESOLVED,ALL5_LEVELS_bet23_to_bet27,6.7231,6.7231,8.4038,8.4038,8.4038,4.000000,4.000000,5.000000,5.000000,5.000000,96.000000,96.000000,95.000000,95.000000,95.000000,5.0,38.6576,35.2698,129.4191,132.807,PENDING_AG03,FALSE,NOT_FOR_ENFORCEMENT,161.3537,8691.2747,168.0767,161.3537,6.7231,0.01514225,0.01453656,6.7231,161.3537,0.01453656,6.7231,6.7231,8.4038,8.4038,8.4038,161.3537,0.01453656,38.6576,35.2698,129.4191,132.807,0.01165953,0.01196475,0.00060569,9.5442,9.5299,0.1769,12.9290,0.4060,853.8349,73.0769,,9.5442,3.6002,6.4289,12.8578,18.0009,25.7155,38.239,5.4003,0.0,4.0,5.947999,1.484574,29,143,4,2,0E-8,0.01514225,,0E-8,0.000000,0.815633,0.000000,,2026-06-02,2026-06-22,13,414,195,21,0.619048,,,0.000000,,,,,,,,GLOBAL_BASELINE_NO_ENTITY_RANKING,,,NOT_APPLICABLE_GLOBAL_BASELINE,HF9g-P5,,,,X 全窗基线 · 不参与实体赏罚,6872777,688,A168_HF9F_20260827_0900,2026-08-27 09:00:00
2026-06-21,150916076,-1,1,15.6864762003,-10.5433692493,-10.5433692493,0E-7,3,2,0.49831331951217187,0.496596800000,-1.4094509290220738,-1.4046203955403829,-1.4094509290220738,0.00171651951217187,SENTINEL_DEALER,R03b_20260811_FULL_v1,L1_ELIGIBILITY,v2026-08-11,2026-03-21..2026-08-06,baccarat_bet02_101_all_pairs_incl_sentinel,round_win = game_pnl > 0 (decisive only),COMPATIBILITY_ONLY_NOT_PRODUCTION,11099.8534,9053.4112,168.0767,1163,950,-0.01514225,,-0.01514225,-0.01514225,-168.0767,11099.8534,OK,0.0000,6.7231,4.0000,96.0000,AG03-UNRESOLVED,ALL5_LEVELS_bet23_to_bet27,6.7231,6.7231,8.4038,8.4038,8.4038,4.000000,4.000000,5.000000,5.000000,5.000000,96.000000,96.000000,95.000000,95.000000,95.000000,5.0,38.6576,35.2698,129.4191,132.807,PENDING_AG03,FALSE,NOT_FOR_ENFORCEMENT,161.3537,8691.2747,168.0767,161.3537,6.7231,0.01514225,0.01453656,6.7231,161.3537,0.01453656,6.7231,6.7231,8.4038,8.4038,8.4038,161.3537,0.01453656,38.6576,35.2698,129.4191,132.807,0.01165953,0.01196475,0.00060569,9.5442,9.5299,0.1769,12.9290,0.4060,853.8349,73.0769,,9.5442,3.6002,6.4289,12.8578,18.0009,25.7155,38.239,5.4003,0.0,4.0,5.947999,1.484574,29,143,4,2,0E-8,0.01514225,,0E-8,0.000000,0.815633,0.000000,,2026-06-02,2026-06-22,13,414,195,21,0.619048,,,0.000000,,,,,,,,GLOBAL_BASELINE_NO_ENTITY_RANKING,,,NOT_APPLICABLE_GLOBAL_BASELINE,HF9g-P5,,,,X 全窗基线 · 不参与实体赏罚,6872778,688,A168_HF9F_20260827_0900,2026-08-27 09:00:00
2026-06-21,150916076,1115,0,12.0863013346,-12.0863013346,-12.0863013346,0E-7,1,1,0.49324550000000000,0.493245500000,-0.9865810262130424,-0.9865810262130424,-0.9865810262130424,0E-17,ELIGIBLE,R03b_20260811_FULL_v1,L1_ELIGIBILITY,v2026-08-11,2026-03-21..2026-08-06,baccarat_bet02_101_all_pairs_incl_sentinel,round_win = game_pnl > 0 (decisive only),COMPATIBILITY_ONLY_NOT_PRODUCTION,11099.8534,9053.4112,168.0767,1163,950,-0.01514225,,-0.01514225,-0.01514225,-168.0767,11099.8534,OK,0.0000,6.7231,4.0000,96.0000,AG03-UNRESOLVED,ALL5_LEVELS_bet23_to_bet27,6.7231,6.7231,8.4038,8.4038,8.4038,4.000000,4.000000,5.000000,5.000000,5.000000,96.000000,96.000000,95.000000,95.000000,95.000000,5.0,38.6576,35.2698,129.4191,132.807,PENDING_AG03,FALSE,NOT_FOR_ENFORCEMENT,161.3537,8691.2747,168.0767,161.3537,6.7231,0.01514225,0.01453656,6.7231,161.3537,0.01453656,6.7231,6.7231,8.4038,8.4038,8.4038,161.3537,0.01453656,38.6576,35.2698,129.4191,132.807,0.01165953,0.01196475,0.00060569,9.5442,9.5299,0.1769,12.9290,0.4060,853.8349,73.0769,,9.5442,3.6002,6.4289,12.8578,18.0009,25.7155,38.239,5.4003,0.0,4.0,5.947999,1.484574,29,143,4,2,0E-8,0.01514225,,0E-8,0.000000,0.815633,0.000000,,2026-06-02,2026-06-22,13,414,195,21,0.619048,,,0.000000,,,,,,,,GLOBAL_BASELINE_NO_ENTITY_RANKING,,,NOT_APPLICABLE_GLOBAL_BASELINE,HF9g-P5,,,,X 全窗基线 · 不参与实体赏罚,6872779,688,A168_HF9F_20260827_0900,2026-08-27 09:00:00
2026-06-21,150916076,1157,0,8.2289711215,7.8175225654,7.8175225654,1.0000000,1,1,0.50665070000000000,0.506650700000,0.9867858985152569,0.9867858985152569,0.9867858985152569,0E-17,ELIGIBLE,R03b_20260811_FULL_v1,L1_ELIGIBILITY,v2026-08-11,2026-03-21..2026-08-06,baccarat_bet02_101_all_pairs_incl_sentinel,round_win = game_pnl > 0 (decisive only),COMPATIBILITY_ONLY_NOT_PRODUCTION,11099.8534,9053.4112,168.0767,1163,950,-0.01514225,,-0.01514225,-0.01514225,-168.0767,11099.8534,OK,0.0000,6.7231,4.0000,96.0000,AG03-UNRESOLVED,ALL5_LEVELS_bet23_to_bet27,6.7231,6.7231,8.4038,8.4038,8.4038,4.000000,4.000000,5.000000,5.000000,5.000000,96.000000,96.000000,95.000000,95.000000,95.000000,5.0,38.6576,35.2698,129.4191,132.807,PENDING_AG03,FALSE,NOT_FOR_ENFORCEMENT,161.3537,8691.2747,168.0767,161.3537,6.7231,0.01514225,0.01453656,6.7231,161.3537,0.01453656,6.7231,6.7231,8.4038,8.4038,8.4038,161.3537,0.01453656,38.6576,35.2698,129.4191,132.807,0.01165953,0.01196475,0.00060569,9.5442,9.5299,0.1769,12.9290,0.4060,853.8349,73.0769,,9.5442,3.6002,6.4289,12.8578,18.0009,25.7155,38.239,5.4003,0.0,4.0,5.947999,1.484574,29,143,4,2,0E-8,0.01514225,,0E-8,0.000000,0.815633,0.000000,,2026-06-02,2026-06-22,13,414,195,21,0.619048,,,0.000000,,,,,,,,GLOBAL_BASELINE_NO_ENTITY_RANKING,,,NOT_APPLICABLE_GLOBAL_BASELINE,HF9g-P5,,,,X 全窗基线 · 不参与实体赏罚,6872780,688,A168_HF9F_20260827_0900,2026-08-27 09:00:00
2026-06-21,150916076,1396,0,48.8595160336,-28.4156659037,-28.4156659037,0E-7,4,3,0.49835224285715350,0.499948100000,-1.4095606556024818,-1.4140667746232096,-1.4095606556024818,-0.00159585714284650,ELIGIBLE,R03b_20260811_FULL_v1,L1_ELIGIBILITY,v2026-08-11,2026-03-21..2026-08-06,baccarat_bet02_101_all_pairs_incl_sentinel,round_win = game_pnl > 0 (decisive only),COMPATIBILITY_ONLY_NOT_PRODUCTION,11099.8534,9053.4112,168.0767,1163,950,-0.01514225,,-0.01514225,-0.01514225,-168.0767,11099.8534,OK,0.0000,6.7231,4.0000,96.0000,AG03-UNRESOLVED,ALL5_LEVELS_bet23_to_bet27,6.7231,6.7231,8.4038,8.4038,8.4038,4.000000,4.000000,5.000000,5.000000,5.000000,96.000000,96.000000,95.000000,95.000000,95.000000,5.0,38.6576,35.2698,129.4191,132.807,PENDING_AG03,FALSE,NOT_FOR_ENFORCEMENT,161.3537,8691.2747,168.0767,161.3537,6.7231,0.01514225,0.01453656,6.7231,161.3537,0.01453656,6.7231,6.7231,8.4038,8.4038,8.4038,161.3537,0.01453656,38.6576,35.2698,129.4191,132.807,0.01165953,0.01196475,0.00060569,9.5442,9.5299,0.1769,12.9290,0.4060,853.8349,73.0769,,9.5442,3.6002,6.4289,12.8578,18.0009,25.7155,38.239,5.4003,0.0,4.0,5.947999,1.484574,29,143,4,2,0E-8,0.01514225,,0E-8,0.000000,0.815633,0.000000,,2026-06-02,2026-06-22,13,414,195,21,0.619048,,,0.000000,,,,,,,,GLOBAL_BASELINE_NO_ENTITY_RANKING,,,NOT_APPLICABLE_GLOBAL_BASELINE,HF9g-P5,,,,X 全窗基线 · 不参与实体赏罚,6872781,688,A168_HF9F_20260827_0900,2026-08-27 09:00:00
2026-06-21,150916076,1947,0,23.1439812792,-18.0008743282,-18.0008743282,0E-7,3,2,0.49883099999998552,0.496596800000,-1.4109109872613548,-1.4046203955403829,-1.4109109872613548,0.00223419999998552,ELIGIBLE,R03b_20260811_FULL_v1,L1_ELIGIBILITY,v2026-08-11,2026-03-21..2026-08-06,baccarat_bet02_101_all_pairs_incl_sentinel,round_win = game_pnl > 0 (decisive only),COMPATIBILITY_ONLY_NOT_PRODUCTION,11099.8534,9053.4112,168.0767,1163,950,-0.01514225,,-0.01514225,-0.01514225,-168.0767,11099.8534,OK,0.0000,6.7231,4.0000,96.0000,AG03-UNRESOLVED,ALL5_LEVELS_bet23_to_bet27,6.7231,6.7231,8.4038,8.4038,8.4038,4.000000,4.000000,5.000000,5.000000,5.000000,96.000000,96.000000,95.000000,95.000000,95.000000,5.0,38.6576,35.2698,129.4191,132.807,PENDING_AG03,FALSE,NOT_FOR_ENFORCEMENT,161.3537,8691.2747,168.0767,161.3537,6.7231,0.01514225,0.01453656,6.7231,161.3537,0.01453656,6.7231,6.7231,8.4038,8.4038,8.4038,161.3537,0.01453656,38.6576,35.2698,129.4191,132.807,0.01165953,0.01196475,0.00060569,9.5442,9.5299,0.1769,12.9290,0.4060,853.8349,73.0769,,9.5442,3.6002,6.4289,12.8578,18.0009,25.7155,38.239,5.4003,0.0,4.0,5.947999,1.484574,29,143,4,2,0E-8,0.01514225,,0E-8,0.000000,0.815633,0.000000,,2026-06-02,2026-06-22,13,414,195,21,0.619048,,,0.000000,,,,,,,,GLOBAL_BASELINE_NO_ENTITY_RANKING,,,NOT_APPLICABLE_GLOBAL_BASELINE,HF9g-P5,,,,X 全窗基线 · 不参与实体赏罚,6872782,688,A168_HF9F_20260827_0900,2026-08-27 09:00:00
2026-06-21,150916076,2153,0,5.6574176460,-5.6574176460,-5.6574176460,0E-7,1,1,0.49324550000000000,0.493245500000,-0.9865810262130424,-0.9865810262130424,-0.9865810262130424,0E-17,ELIGIBLE,R03b_20260811_FULL_v1,L1_ELIGIBILITY,v2026-08-11,2026-03-21..2026-08-06,baccarat_bet02_101_all_pairs_incl_sentinel,round_win = game_pnl > 0 (decisive only),COMPATIBILITY_ONLY_NOT_PRODUCTION,11099.8534,9053.4112,168.0767,1163,950,-0.01514225,,-0.01514225,-0.01514225,-168.0767,11099.8534,OK,0.0000,6.7231,4.0000,96.0000,AG03-UNRESOLVED,ALL5_LEVELS_bet23_to_bet27,6.7231,6.7231,8.4038,8.4038,8.4038,4.000000,4.000000,5.000000,5.000000,5.000000,96.000000,96.000000,95.000000,95.000000,95.000000,5.0,38.6576,35.2698,129.4191,132.807,PENDING_AG03,FALSE,NOT_FOR_ENFORCEMENT,161.3537,8691.2747,168.0767,161.3537,6.7231,0.01514225,0.01453656,6.7231,161.3537,0.01453656,6.7231,6.7231,8.4038,8.4038,8.4038,161.3537,0.01453656,38.6576,35.2698,129.4191,132.807,0.01165953,0.01196475,0.00060569,9.5442,9.5299,0.1769,12.9290,0.4060,853.8349,73.0769,,9.5442,3.6002,6.4289,12.8578,18.0009,25.7155,38.239,5.4003,0.0,4.0,5.947999,1.484574,29,143,4,2,0E-8,0.01514225,,0E-8,0.000000,0.815633,0.000000,,2026-06-02,2026-06-22,13,414,195,21,0.619048,,,0.000000,,,,,,,,GLOBAL_BASELINE_NO_ENTITY_RANKING,,,NOT_APPLICABLE_GLOBAL_BASELINE,HF9g-P5,,,,X 全窗基线 · 不参与实体赏罚,6872783,688,A168_HF9F_20260827_0900,2026-08-27 09:00:00
2026-06-21,150916076,2155,0,10.2862139018,-10.2862139018,-10.2862139018,0E-7,1,1,0.50665070000000000,0.506650700000,-1.013391052207602,-1.013391052207602,-1.013391052207602,0E-17,ELIGIBLE,R03b_20260811_FULL_v1,L1_ELIGIBILITY,v2026-08-11,2026-03-21..2026-08-06,baccarat_bet02_101_all_pairs_incl_sentinel,round_win = game_pnl > 0 (decisive only),COMPATIBILITY_ONLY_NOT_PRODUCTION,11099.8534,9053.4112,168.0767,1163,950,-0.01514225,,-0.01514225,-0.01514225,-168.0767,11099.8534,OK,0.0000,6.7231,4.0000,96.0000,AG03-UNRESOLVED,ALL5_LEVELS_bet23_to_bet27,6.7231,6.7231,8.4038,8.4038,8.4038,4.000000,4.000000,5.000000,5.000000,5.000000,96.000000,96.000000,95.000000,95.000000,95.000000,5.0,38.6576,35.2698,129.4191,132.807,PENDING_AG03,FALSE,NOT_FOR_ENFORCEMENT,161.3537,8691.2747,168.0767,161.3537,6.7231,0.01514225,0.01453656,6.7231,161.3537,0.01453656,6.7231,6.7231,8.4038,8.4038,8.4038,161.3537,0.01453656,38.6576,35.2698,129.4191,132.807,0.01165953,0.01196475,0.00060569,9.5442,9.5299,0.1769,12.9290,0.4060,853.8349,73.0769,,9.5442,3.6002,6.4289,12.8578,18.0009,25.7155,38.239,5.4003,0.0,4.0,5.947999,1.484574,29,143,4,2,0E-8,0.01514225,,0E-8,0.000000,0.815633,0.000000,,2026-06-02,2026-06-22,13,414,195,21,0.619048,,,0.000000,,,,,,,,GLOBAL_BASELINE_NO_ENTITY_RANKING,,,NOT_APPLICABLE_GLOBAL_BASELINE,HF9g-P5,,,,X 全窗基线 · 不参与实体赏罚,6872784,688,A168_HF9F_20260827_0900,2026-08-27 09:00:00
2026-06-21,150916076,2156,0,15.9436315478,-9.7719032068,-9.7719032068,0E-7,2,1,0.50405614516132558,0.499948100000,-1.0081454635190155,-0.9998962053866608,-1.0081454635190155,0.00410804516132558,ELIGIBLE,R03b_20260811_FULL_v1,L1_ELIGIBILITY,v2026-08-11,2026-03-21..2026-08-06,baccarat_bet02_101_all_pairs_incl_sentinel,round_win = game_pnl > 0 (decisive only),COMPATIBILITY_ONLY_NOT_PRODUCTION,11099.8534,9053.4112,168.0767,1163,950,-0.01514225,,-0.01514225,-0.01514225,-168.0767,11099.8534,OK,0.0000,6.7231,4.0000,96.0000,AG03-UNRESOLVED,ALL5_LEVELS_bet23_to_bet27,6.7231,6.7231,8.4038,8.4038,8.4038,4.000000,4.000000,5.000000,5.000000,5.000000,96.000000,96.000000,95.000000,95.000000,95.000000,5.0,38.6576,35.2698,129.4191,132.807,PENDING_AG03,FALSE,NOT_FOR_ENFORCEMENT,161.3537,8691.2747,168.0767,161.3537,6.7231,0.01514225,0.01453656,6.7231,161.3537,0.01453656,6.7231,6.7231,8.4038,8.4038,8.4038,161.3537,0.01453656,38.6576,35.2698,129.4191,132.807,0.01165953,0.01196475,0.00060569,9.5442,9.5299,0.1769,12.9290,0.4060,853.8349,73.0769,,9.5442,3.6002,6.4289,12.8578,18.0009,25.7155,38.239,5.4003,0.0,4.0,5.947999,1.484574,29,143,4,2,0E-8,0.01514225,,0E-8,0.000000,0.815633,0.000000,,2026-06-02,2026-06-22,13,414,195,21,0.619048,,,0.000000,,,,,,,,GLOBAL_BASELINE_NO_ENTITY_RANKING,,,NOT_APPLICABLE_GLOBAL_BASELINE,HF9g-P5,,,,X 全窗基线 · 不参与实体赏罚,6872785,688,A168_HF9F_20260827_0900,2026-08-27 09:00:00
2026-06-21,150916076,2229,0,33.1730398334,-28.1585105562,-28.1585105562,0E-7,4,3,0.50307598000001390,0.504416500000,-1.7427392935558852,-1.7474181821155634,-1.7427392935558852,-0.00134051999998610,ELIGIBLE,R03b_20260811_FULL_v1,L1_ELIGIBILITY,v2026-08-11,2026-03-21..2026-08-06,baccarat_bet02_101_all_pairs_incl_sentinel,round_win = game_pnl > 0 (decisive only),COMPATIBILITY_ONLY_NOT_PRODUCTION,11099.8534,9053.4112,168.0767,1163,950,-0.01514225,,-0.01514225,-0.01514225,-168.0767,11099.8534,OK,0.0000,6.7231,4.0000,96.0000,AG03-UNRESOLVED,ALL5_LEVELS_bet23_to_bet27,6.7231,6.7231,8.4038,8.4038,8.4038,4.000000,4.000000,5.000000,5.000000,5.000000,96.000000,96.000000,95.000000,95.000000,95.000000,5.0,38.6576,35.2698,129.4191,132.807,PENDING_AG03,FALSE,NOT_FOR_ENFORCEMENT,161.3537,8691.2747,168.0767,161.3537,6.7231,0.01514225,0.01453656,6.7231,161.3537,0.01453656,6.7231,6.7231,8.4038,8.4038,8.4038,161.3537,0.01453656,38.6576,35.2698,129.4191,132.807,0.01165953,0.01196475,0.00060569,9.5442,9.5299,0.1769,12.9290,0.4060,853.8349,73.0769,,9.5442,3.6002,6.4289,12.8578,18.0009,25.7155,38.239,5.4003,0.0,4.0,5.947999,1.484574,29,143,4,2,0E-8,0.01514225,,0E-8,0.000000,0.815633,0.000000,,2026-06-02,2026-06-22,13,414,195,21,0.619048,,,0.000000,,,,,,,,GLOBAL_BASELINE_NO_ENTITY_RANKING,,,NOT_APPLICABLE_GLOBAL_BASELINE,HF9g-P5,,,,X 全窗基线 · 不参与实体赏罚,6872786,688,A168_HF9F_20260827_0900,2026-08-27 09:00:00
2026-06-21,150916076,2261,0,7.7146604264,0E-10,0E-10,,1,1,0.49324550000000000,0.493245500000,,,,0E-17,NO_DECISIVE_ROUND,R03b_20260811_FULL_v1,L1_ELIGIBILITY,v2026-08-11,2026-03-21..2026-08-06,baccarat_bet02_101_all_pairs_incl_sentinel,round_win = game_pnl > 0 (decisive only),COMPATIBILITY_ONLY_NOT_PRODUCTION,11099.8534,9053.4112,168.0767,1163,950,-0.01514225,,-0.01514225,-0.01514225,-168.0767,11099.8534,OK,0.0000,6.7231,4.0000,96.0000,AG03-UNRESOLVED,ALL5_LEVELS_bet23_to_bet27,6.7231,6.7231,8.4038,8.4038,8.4038,4.000000,4.000000,5.000000,5.000000,5.000000,96.000000,96.000000,95.000000,95.000000,95.000000,5.0,38.6576,35.2698,129.4191,132.807,PENDING_AG03,FALSE,NOT_FOR_ENFORCEMENT,161.3537,8691.2747,168.0767,161.3537,6.7231,0.01514225,0.01453656,6.7231,161.3537,0.01453656,6.7231,6.7231,8.4038,8.4038,8.4038,161.3537,0.01453656,38.6576,35.2698,129.4191,132.807,0.01165953,0.01196475,0.00060569,9.5442,9.5299,0.1769,12.9290,0.4060,853.8349,73.0769,,9.5442,3.6002,6.4289,12.8578,18.0009,25.7155,38.239,5.4003,0.0,4.0,5.947999,1.484574,29,143,4,2,0E-8,0.01514225,,0E-8,0.000000,0.815633,0.000000,,2026-06-02,2026-06-22,13,414,195,21,0.619048,,,0.000000,,,,,,,,GLOBAL_BASELINE_NO_ENTITY_RANKING,,,NOT_APPLICABLE_GLOBAL_BASELINE,HF9g-P5,,,,X 全窗基线 · 不参与实体赏罚,6872787,688,A168_HF9F_20260827_0900,2026-08-27 09:00:00
2026-06-21,150916076,2266,0,8.2289711215,-8.2289711215,-8.2289711215,0E-7,1,1,0.50665070000000000,0.506650700000,-1.013391052207602,-1.013391052207602,-1.013391052207602,0E-17,ELIGIBLE,R03b_20260811_FULL_v1,L1_ELIGIBILITY,v2026-08-11,2026-03-21..2026-08-06,baccarat_bet02_101_all_pairs_incl_sentinel,round_win = game_pnl > 0 (decisive only),COMPATIBILITY_ONLY_NOT_PRODUCTION,11099.8534,9053.4112,168.0767,1163,950,-0.01514225,,-0.01514225,-0.01514225,-168.0767,11099.8534,OK,0.0000,6.7231,4.0000,96.0000,AG03-UNRESOLVED,ALL5_LEVELS_bet23_to_bet27,6.7231,6.7231,8.4038,8.4038,8.4038,4.000000,4.000000,5.000000,5.000000,5.000000,96.000000,96.000000,95.000000,95.000000,95.000000,5.0,38.6576,35.2698,129.4191,132.807,PENDING_AG03,FALSE,NOT_FOR_ENFORCEMENT,161.3537,8691.2747,168.0767,161.3537,6.7231,0.01514225,0.01453656,6.7231,161.3537,0.01453656,6.7231,6.7231,8.4038,8.4038,8.4038,161.3537,0.01453656,38.6576,35.2698,129.4191,132.807,0.01165953,0.01196475,0.00060569,9.5442,9.5299,0.1769,12.9290,0.4060,853.8349,73.0769,,9.5442,3.6002,6.4289,12.8578,18.0009,25.7155,38.239,5.4003,0.0,4.0,5.947999,1.484574,29,143,4,2,0E-8,0.01514225,,0E-8,0.000000,0.815633,0.000000,,2026-06-02,2026-06-22,13,414,195,21,0.619048,,,0.000000,,,,,,,,GLOBAL_BASELINE_NO_ENTITY_RANKING,,,NOT_APPLICABLE_GLOBAL_BASELINE,HF9g-P5,,,,X 全窗基线 · 不参与实体赏罚,6872788,688,A168_HF9F_20260827_0900,2026-08-27 09:00:00
2026-06-21,150916076,919,0,5.6574176460,-5.6574176460,-5.6574176460,0E-7,1,1,0.49324550000000000,0.493245500000,-0.9865810262130424,-0.9865810262130424,-0.9865810262130424,0E-17,ELIGIBLE,R03b_20260811_FULL_v1,L1_ELIGIBILITY,v2026-08-11,2026-03-21..2026-08-06,baccarat_bet02_101_all_pairs_incl_sentinel,round_win = game_pnl > 0 (decisive only),COMPATIBILITY_ONLY_NOT_PRODUCTION,11099.8534,9053.4112,168.0767,1163,950,-0.01514225,,-0.01514225,-0.01514225,-168.0767,11099.8534,OK,0.0000,6.7231,4.0000,96.0000,AG03-UNRESOLVED,ALL5_LEVELS_bet23_to_bet27,6.7231,6.7231,8.4038,8.4038,8.4038,4.000000,4.000000,5.000000,5.000000,5.000000,96.000000,96.000000,95.000000,95.000000,95.000000,5.0,38.6576,35.2698,129.4191,132.807,PENDING_AG03,FALSE,NOT_FOR_ENFORCEMENT,161.3537,8691.2747,168.0767,161.3537,6.7231,0.01514225,0.01453656,6.7231,161.3537,0.01453656,6.7231,6.7231,8.4038,8.4038,8.4038,161.3537,0.01453656,38.6576,35.2698,129.4191,132.807,0.01165953,0.01196475,0.00060569,9.5442,9.5299,0.1769,12.9290,0.4060,853.8349,73.0769,,9.5442,3.6002,6.4289,12.8578,18.0009,25.7155,38.239,5.4003,0.0,4.0,5.947999,1.484574,29,143,4,2,0E-8,0.01514225,,0E-8,0.000000,0.815633,0.000000,,2026-06-02,2026-06-22,13,414,195,21,0.619048,,,0.000000,,,,,,,,GLOBAL_BASELINE_NO_ENTITY_RANKING,,,NOT_APPLICABLE_GLOBAL_BASELINE,HF9g-P5,,,,X 全窗基线 · 不参与实体赏罚,6872789,688,A168_HF9F_20260827_0900,2026-08-27 09:00:00
2026-06-22,150916076,1402,0,3.8573302132,-3.8573302132,-3.8573302132,0E-7,1,1,0.49324550000000000,0.493245500000,-0.9865810262130424,-0.9865810262130424,-0.9865810262130424,0E-17,ELIGIBLE,R03b_20260811_FULL_v1,L1_ELIGIBILITY,v2026-08-11,2026-03-21..2026-08-06,baccarat_bet02_101_all_pairs_incl_sentinel,round_win = game_pnl > 0 (decisive only),COMPATIBILITY_ONLY_NOT_PRODUCTION,11099.8534,9053.4112,168.0767,1163,950,-0.01514225,,-0.01514225,-0.01514225,-168.0767,11099.8534,OK,0.0000,6.7231,4.0000,96.0000,AG03-UNRESOLVED,ALL5_LEVELS_bet23_to_bet27,6.7231,6.7231,8.4038,8.4038,8.4038,4.000000,4.000000,5.000000,5.000000,5.000000,96.000000,96.000000,95.000000,95.000000,95.000000,5.0,38.6576,35.2698,129.4191,132.807,PENDING_AG03,FALSE,NOT_FOR_ENFORCEMENT,161.3537,8691.2747,168.0767,161.3537,6.7231,0.01514225,0.01453656,6.7231,161.3537,0.01453656,6.7231,6.7231,8.4038,8.4038,8.4038,161.3537,0.01453656,38.6576,35.2698,129.4191,132.807,0.01165953,0.01196475,0.00060569,9.5442,9.5299,0.1769,12.9290,0.4060,853.8349,73.0769,,9.5442,3.6002,6.4289,12.8578,18.0009,25.7155,38.239,5.4003,0.0,4.0,5.947999,1.484574,29,143,4,2,0E-8,0.01514225,,0E-8,0.000000,0.815633,0.000000,,2026-06-02,2026-06-22,13,414,195,21,0.619048,,,0.000000,,,,,,,,GLOBAL_BASELINE_NO_ENTITY_RANKING,,,NOT_APPLICABLE_GLOBAL_BASELINE,HF9g-P5,,,,X 全窗基线 · 不参与实体赏罚,6872790,688,A168_HF9F_20260827_0900,2026-08-27 09:00:00
2026-06-22,150916076,1645,0,5.1431069509,-5.1431069509,-5.1431069509,0E-7,1,1,0.49324550000000000,0.493245500000,-0.9865810262130424,-0.9865810262130424,-0.9865810262130424,0E-17,ELIGIBLE,R03b_20260811_FULL_v1,L1_ELIGIBILITY,v2026-08-11,2026-03-21..2026-08-06,baccarat_bet02_101_all_pairs_incl_sentinel,round_win = game_pnl > 0 (decisive only),COMPATIBILITY_ONLY_NOT_PRODUCTION,11099.8534,9053.4112,168.0767,1163,950,-0.01514225,,-0.01514225,-0.01514225,-168.0767,11099.8534,OK,0.0000,6.7231,4.0000,96.0000,AG03-UNRESOLVED,ALL5_LEVELS_bet23_to_bet27,6.7231,6.7231,8.4038,8.4038,8.4038,4.000000,4.000000,5.000000,5.000000,5.000000,96.000000,96.000000,95.000000,95.000000,95.000000,5.0,38.6576,35.2698,129.4191,132.807,PENDING_AG03,FALSE,NOT_FOR_ENFORCEMENT,161.3537,8691.2747,168.0767,161.3537,6.7231,0.01514225,0.01453656,6.7231,161.3537,0.01453656,6.7231,6.7231,8.4038,8.4038,8.4038,161.3537,0.01453656,38.6576,35.2698,129.4191,132.807,0.01165953,0.01196475,0.00060569,9.5442,9.5299,0.1769,12.9290,0.4060,853.8349,73.0769,,9.5442,3.6002,6.4289,12.8578,18.0009,25.7155,38.239,5.4003,0.0,4.0,5.947999,1.484574,29,143,4,2,0E-8,0.01514225,,0E-8,0.000000,0.815633,0.000000,,2026-06-02,2026-06-22,13,414,195,21,0.619048,,,0.000000,,,,,,,,GLOBAL_BASELINE_NO_ENTITY_RANKING,,,NOT_APPLICABLE_GLOBAL_BASELINE,HF9g-P5,,,,X 全窗基线 · 不参与实体赏罚,6872791,688,A168_HF9F_20260827_0900,2026-08-27 09:00:00
2026-06-22,150916076,529,0,18.0008743283,-12.9863450511,-12.9863450511,0E-7,3,2,0.50106520000001448,0.503299400000,-1.4172296190721874,-1.4235766693920513,-1.4172296190721874,-0.00223419999998552,ELIGIBLE,R03b_20260811_FULL_v1,L1_ELIGIBILITY,v2026-08-11,2026-03-21..2026-08-06,baccarat_bet02_101_all_pairs_incl_sentinel,round_win = game_pnl > 0 (decisive only),COMPATIBILITY_ONLY_NOT_PRODUCTION,11099.8534,9053.4112,168.0767,1163,950,-0.01514225,,-0.01514225,-0.01514225,-168.0767,11099.8534,OK,0.0000,6.7231,4.0000,96.0000,AG03-UNRESOLVED,ALL5_LEVELS_bet23_to_bet27,6.7231,6.7231,8.4038,8.4038,8.4038,4.000000,4.000000,5.000000,5.000000,5.000000,96.000000,96.000000,95.000000,95.000000,95.000000,5.0,38.6576,35.2698,129.4191,132.807,PENDING_AG03,FALSE,NOT_FOR_ENFORCEMENT,161.3537,8691.2747,168.0767,161.3537,6.7231,0.01514225,0.01453656,6.7231,161.3537,0.01453656,6.7231,6.7231,8.4038,8.4038,8.4038,161.3537,0.01453656,38.6576,35.2698,129.4191,132.807,0.01165953,0.01196475,0.00060569,9.5442,9.5299,0.1769,12.9290,0.4060,853.8349,73.0769,,9.5442,3.6002,6.4289,12.8578,18.0009,25.7155,38.239,5.4003,0.0,4.0,5.947999,1.484574,29,143,4,2,0E-8,0.01514225,,0E-8,0.000000,0.815633,0.000000,,2026-06-02,2026-06-22,13,414,195,21,0.619048,,,0.000000,,,,,,,,GLOBAL_BASELINE_NO_ENTITY_RANKING,,,NOT_APPLICABLE_GLOBAL_BASELINE,HF9g-P5,,,,X 全窗基线 · 不参与实体赏罚,6872792,688,A168_HF9F_20260827_0900,2026-08-27 09:00:00
2026-07-03,152481097,1942,0,1033.6017659323,-153.7730450067,-153.7730450067,0.5714286,16,16,0.49743462500000000,0.497434625000,0.5537272808333652,0.5537272808333652,0.5537272808333652,0E-17,ELIGIBLE,R03b_20260811_FULL_v1,L1_ELIGIBILITY,v2026-08-11,2026-03-21..2026-08-06,baccarat_bet02_101_all_pairs_incl_sentinel,round_win = game_pnl > 0 (decisive only),COMPATIBILITY_ONLY_NOT_PRODUCTION,1047.9091,960.0213,168.0804,17,17,-0.16039594,,-0.16039594,-0.16039594,-168.0804,1047.9091,THIN_EXPOSURE,0.0000,6.7232,4.0000,96.0000,AG03-UNRESOLVED,ALL5_LEVELS_bet23_to_bet27,6.7232,6.7232,10.0848,13.4464,13.4464,4.000000,4.000000,6.000000,8.000000,8.000000,96.000000,96.000000,94.000000,92.000000,92.000000,5.0,50.4241,44.8372,117.6563,123.2432,PENDING_AG03,FALSE,NOT_FOR_ENFORCEMENT,161.3572,921.6204,168.0804,161.3572,6.7232,0.16039594,0.15398011,6.7232,161.3572,0.15398011,6.7232,6.7232,10.0848,13.4464,13.4464,161.3572,0.15398011,50.4241,44.8372,117.6563,123.2432,0.11227716,0.11760867,0.00641584,61.6417,56.4718,9.8871,168.0804,84.0402,1047.9091,17.0000,,61.6417,20.439,61.3171,81.7561,118.5464,135.9196,143.0732,61.3171,0.0,2.216667,2.333333,1.005294,2,2,1,2,0E-8,0.16039594,,0E-8,0.000000,0.916130,0.000000,,2026-07-03,2026-07-03,1,2,2,1,1.000000,,,0.000000,,,,,,,,GLOBAL_BASELINE_NO_ENTITY_RANKING,,,NOT_APPLICABLE_GLOBAL_BASELINE,HF9g-P5,,,,X 全窗基线 · 不参与实体赏罚,6872793,688,A168_HF9F_20260827_0900,2026-08-27 09:00:00
2026-07-03,152481097,2160,0,14.3073212607,-14.3073212607,-14.3073212607,0E-7,1,1,0.50665070000000000,0.506650700000,-1.013391052207602,-1.013391052207602,-1.013391052207602,0E-17,ELIGIBLE,R03b_20260811_FULL_v1,L1_ELIGIBILITY,v2026-08-11,2026-03-21..2026-08-06,baccarat_bet02_101_all_pairs_incl_sentinel,round_win = game_pnl > 0 (decisive only),COMPATIBILITY_ONLY_NOT_PRODUCTION,1047.9091,960.0213,168.0804,17,17,-0.16039594,,-0.16039594,-0.16039594,-168.0804,1047.9091,THIN_EXPOSURE,0.0000,6.7232,4.0000,96.0000,AG03-UNRESOLVED,ALL5_LEVELS_bet23_to_bet27,6.7232,6.7232,10.0848,13.4464,13.4464,4.000000,4.000000,6.000000,8.000000,8.000000,96.000000,96.000000,94.000000,92.000000,92.000000,5.0,50.4241,44.8372,117.6563,123.2432,PENDING_AG03,FALSE,NOT_FOR_ENFORCEMENT,161.3572,921.6204,168.0804,161.3572,6.7232,0.16039594,0.15398011,6.7232,161.3572,0.15398011,6.7232,6.7232,10.0848,13.4464,13.4464,161.3572,0.15398011,50.4241,44.8372,117.6563,123.2432,0.11227716,0.11760867,0.00641584,61.6417,56.4718,9.8871,168.0804,84.0402,1047.9091,17.0000,,61.6417,20.439,61.3171,81.7561,118.5464,135.9196,143.0732,61.3171,0.0,2.216667,2.333333,1.005294,2,2,1,2,0E-8,0.16039594,,0E-8,0.000000,0.916130,0.000000,,2026-07-03,2026-07-03,1,2,2,1,1.000000,,,0.000000,,,,,,,,GLOBAL_BASELINE_NO_ENTITY_RANKING,,,NOT_APPLICABLE_GLOBAL_BASELINE,HF9g-P5,,,,X 全窗基线 · 不参与实体赏罚,6872794,688,A168_HF9F_20260827_0900,2026-08-27 09:00:00
2026-04-07,126584180,1714,0,78.5278643039,-78.5278643039,-78.5278643039,0E-7,2,2,0.50665070000000000,0.506650700000,-1.4331513700195317,-1.4331513700195317,-1.4331513700195317,0E-17,ELIGIBLE,R03b_20260811_FULL_v1,L1_ELIGIBILITY,v2026-08-11,2026-03-21..2026-08-06,baccarat_bet02_101_all_pairs_incl_sentinel,round_win = game_pnl > 0 (decisive only),COMPATIBILITY_ONLY_NOT_PRODUCTION,744.1133,587.0576,168.0853,18,18,-0.22588665,,-0.22588665,-0.22588665,-168.0853,744.1133,THIN_EXPOSURE,0.0000,6.7234,4.0000,96.0000,AG03-UNRESOLVED,ALL5_LEVELS_bet23_to_bet27,6.7234,6.7234,8.4043,8.4043,8.4043,4.000000,4.000000,5.000000,5.000000,5.000000,96.000000,96.000000,95.000000,95.000000,95.000000,5.0,38.6596,35.2715,129.4257,132.8137,PENDING_AG03,FALSE,NOT_FOR_ENFORCEMENT,161.3619,563.5753,168.0853,161.3619,6.7234,0.22588665,0.21685118,6.7234,161.3619,0.21685118,6.7234,6.7234,8.4043,8.4043,8.4043,161.3619,0.21685118,38.6596,35.2715,129.4257,132.8137,0.17393272,0.17848587,0.00903547,41.3396,32.6143,9.3381,56.0284,18.6761,248.0378,6.0000,,41.3396,26.176,39.2639,52.3519,71.5912,80.3078,80.6219,26.176,-16.9798,2.045333,2.053333,1.052865,7,9,3,2,0E-8,0.22588665,,0E-8,0.000000,0.788936,0.000000,,2026-04-07,2026-05-11,3,9,9,35,0.085714,,,0.000000,,,,,,,,GLOBAL_BASELINE_NO_ENTITY_RANKING,,,NOT_APPLICABLE_GLOBAL_BASELINE,HF9g-P5,,,,X 全窗基线 · 不参与实体赏罚,6872795,688,A168_HF9F_20260827_0900,2026-08-27 09:00:00
2026-04-07,126584180,2117,0,235.5835929116,26.1759547679,26.1759547679,0.5000000,5,5,0.49860758000000000,0.498607580000,0.005569701597489473,0.005569701597489473,0.005569701597489473,0E-17,ELIGIBLE,R03b_20260811_FULL_v1,L1_ELIGIBILITY,v2026-08-11,2026-03-21..2026-08-06,baccarat_bet02_101_all_pairs_incl_sentinel,round_win = game_pnl > 0 (decisive only),COMPATIBILITY_ONLY_NOT_PRODUCTION,744.1133,587.0576,168.0853,18,18,-0.22588665,,-0.22588665,-0.22588665,-168.0853,744.1133,THIN_EXPOSURE,0.0000,6.7234,4.0000,96.0000,AG03-UNRESOLVED,ALL5_LEVELS_bet23_to_bet27,6.7234,6.7234,8.4043,8.4043,8.4043,4.000000,4.000000,5.000000,5.000000,5.000000,96.000000,96.000000,95.000000,95.000000,95.000000,5.0,38.6596,35.2715,129.4257,132.8137,PENDING_AG03,FALSE,NOT_FOR_ENFORCEMENT,161.3619,563.5753,168.0853,161.3619,6.7234,0.22588665,0.21685118,6.7234,161.3619,0.21685118,6.7234,6.7234,8.4043,8.4043,8.4043,161.3619,0.21685118,38.6596,35.2715,129.4257,132.8137,0.17393272,0.17848587,0.00903547,41.3396,32.6143,9.3381,56.0284,18.6761,248.0378,6.0000,,41.3396,26.176,39.2639,52.3519,71.5912,80.3078,80.6219,26.176,-16.9798,2.045333,2.053333,1.052865,7,9,3,2,0E-8,0.22588665,,0E-8,0.000000,0.788936,0.000000,,2026-04-07,2026-05-11,3,9,9,35,0.085714,,,0.000000,,,,,,,,GLOBAL_BASELINE_NO_ENTITY_RANKING,,,NOT_APPLICABLE_GLOBAL_BASELINE,HF9g-P5,,,,X 全窗基线 · 不参与实体赏罚,6872796,688,A168_HF9F_20260827_0900,2026-08-27 09:00:00
2026-04-07,126584180,2129,0,78.5278643039,-78.5278643039,-78.5278643039,0E-7,2,2,0.49994810000000000,0.499948100000,-1.4140667746232096,-1.4140667746232096,-1.4140667746232096,0E-17,ELIGIBLE,R03b_20260811_FULL_v1,L1_ELIGIBILITY,v2026-08-11,2026-03-21..2026-08-06,baccarat_bet02_101_all_pairs_incl_sentinel,round_win = game_pnl > 0 (decisive only),COMPATIBILITY_ONLY_NOT_PRODUCTION,744.1133,587.0576,168.0853,18,18,-0.22588665,,-0.22588665,-0.22588665,-168.0853,744.1133,THIN_EXPOSURE,0.0000,6.7234,4.0000,96.0000,AG03-UNRESOLVED,ALL5_LEVELS_bet23_to_bet27,6.7234,6.7234,8.4043,8.4043,8.4043,4.000000,4.000000,5.000000,5.000000,5.000000,96.000000,96.000000,95.000000,95.000000,95.000000,5.0,38.6596,35.2715,129.4257,132.8137,PENDING_AG03,FALSE,NOT_FOR_ENFORCEMENT,161.3619,563.5753,168.0853,161.3619,6.7234,0.22588665,0.21685118,6.7234,161.3619,0.21685118,6.7234,6.7234,8.4043,8.4043,8.4043,161.3619,0.21685118,38.6596,35.2715,129.4257,132.8137,0.17393272,0.17848587,0.00903547,41.3396,32.6143,9.3381,56.0284,18.6761,248.0378,6.0000,,41.3396,26.176,39.2639,52.3519,71.5912,80.3078,80.6219,26.176,-16.9798,2.045333,2.053333,1.052865,7,9,3,2,0E-8,0.22588665,,0E-8,0.000000,0.788936,0.000000,,2026-04-07,2026-05-11,3,9,9,35,0.085714,,,0.000000,,,,,,,,GLOBAL_BASELINE_NO_ENTITY_RANKING,,,NOT_APPLICABLE_GLOBAL_BASELINE,HF9g-P5,,,,X 全窗基线 · 不参与实体赏罚,6872797,688,A168_HF9F_20260827_0900,2026-08-27 09:00:00
2026-04-07,126584180,2141,0,104.7038190720,0E-10,0E-10,0.5000000,4,4,0.49324550000000000,0.493245500000,0.01910635448239258,0.01910635448239258,0.01910635448239258,0E-17,ELIGIBLE,R03b_20260811_FULL_v1,L1_ELIGIBILITY,v2026-08-11,2026-03-21..2026-08-06,baccarat_bet02_101_all_pairs_incl_sentinel,round_win = game_pnl > 0 (decisive only),COMPATIBILITY_ONLY_NOT_PRODUCTION,744.1133,587.0576,168.0853,18,18,-0.22588665,,-0.22588665,-0.22588665,-168.0853,744.1133,THIN_EXPOSURE,0.0000,6.7234,4.0000,96.0000,AG03-UNRESOLVED,ALL5_LEVELS_bet23_to_bet27,6.7234,6.7234,8.4043,8.4043,8.4043,4.000000,4.000000,5.000000,5.000000,5.000000,96.000000,96.000000,95.000000,95.000000,95.000000,5.0,38.6596,35.2715,129.4257,132.8137,PENDING_AG03,FALSE,NOT_FOR_ENFORCEMENT,161.3619,563.5753,168.0853,161.3619,6.7234,0.22588665,0.21685118,6.7234,161.3619,0.21685118,6.7234,6.7234,8.4043,8.4043,8.4043,161.3619,0.21685118,38.6596,35.2715,129.4257,132.8137,0.17393272,0.17848587,0.00903547,41.3396,32.6143,9.3381,56.0284,18.6761,248.0378,6.0000,,41.3396,26.176,39.2639,52.3519,71.5912,80.3078,80.6219,26.176,-16.9798,2.045333,2.053333,1.052865,7,9,3,2,0E-8,0.22588665,,0E-8,0.000000,0.788936,0.000000,,2026-04-07,2026-05-11,3,9,9,35,0.085714,,,0.000000,,,,,,,,GLOBAL_BASELINE_NO_ENTITY_RANKING,,,NOT_APPLICABLE_GLOBAL_BASELINE,HF9g-P5,,,,X 全窗基线 · 不参与实体赏罚,6872798,688,A168_HF9F_20260827_0900,2026-08-27 09:00:00
2026-04-07,126584180,2229,0,26.1759547680,-26.1759547680,-26.1759547680,0E-7,1,1,0.50665070000000000,0.506650700000,-1.013391052207602,-1.013391052207602,-1.013391052207602,0E-17,ELIGIBLE,R03b_20260811_FULL_v1,L1_ELIGIBILITY,v2026-08-11,2026-03-21..2026-08-06,baccarat_bet02_101_all_pairs_incl_sentinel,round_win = game_pnl > 0 (decisive only),COMPATIBILITY_ONLY_NOT_PRODUCTION,744.1133,587.0576,168.0853,18,18,-0.22588665,,-0.22588665,-0.22588665,-168.0853,744.1133,THIN_EXPOSURE,0.0000,6.7234,4.0000,96.0000,AG03-UNRESOLVED,ALL5_LEVELS_bet23_to_bet27,6.7234,6.7234,8.4043,8.4043,8.4043,4.000000,4.000000,5.000000,5.000000,5.000000,96.000000,96.000000,95.000000,95.000000,95.000000,5.0,38.6596,35.2715,129.4257,132.8137,PENDING_AG03,FALSE,NOT_FOR_ENFORCEMENT,161.3619,563.5753,168.0853,161.3619,6.7234,0.22588665,0.21685118,6.7234,161.3619,0.21685118,6.7234,6.7234,8.4043,8.4043,8.4043,161.3619,0.21685118,38.6596,35.2715,129.4257,132.8137,0.17393272,0.17848587,0.00903547,41.3396,32.6143,9.3381,56.0284,18.6761,248.0378,6.0000,,41.3396,26.176,39.2639,52.3519,71.5912,80.3078,80.6219,26.176,-16.9798,2.045333,2.053333,1.052865,7,9,3,2,0E-8,0.22588665,,0E-8,0.000000,0.788936,0.000000,,2026-04-07,2026-05-11,3,9,9,35,0.085714,,,0.000000,,,,,,,,GLOBAL_BASELINE_NO_ENTITY_RANKING,,,NOT_APPLICABLE_GLOBAL_BASELINE,HF9g-P5,,,,X 全窗基线 · 不参与实体赏罚,6872799,688,A168_HF9F_20260827_0900,2026-08-27 09:00:00
2026-04-07,126584180,2248,0,79.8366620422,-79.8366620422,-79.8366620422,0E-7,1,1,0.50665070000000000,0.506650700000,-1.013391052207602,-1.013391052207602,-1.013391052207602,0E-17,ELIGIBLE,R03b_20260811_FULL_v1,L1_ELIGIBILITY,v2026-08-11,2026-03-21..2026-08-06,baccarat_bet02_101_all_pairs_incl_sentinel,round_win = game_pnl > 0 (decisive only),COMPATIBILITY_ONLY_NOT_PRODUCTION,744.1133,587.0576,168.0853,18,18,-0.22588665,,-0.22588665,-0.22588665,-168.0853,744.1133,THIN_EXPOSURE,0.0000,6.7234,4.0000,96.0000,AG03-UNRESOLVED,ALL5_LEVELS_bet23_to_bet27,6.7234,6.7234,8.4043,8.4043,8.4043,4.000000,4.000000,5.000000,5.000000,5.000000,96.000000,96.000000,95.000000,95.000000,95.000000,5.0,38.6596,35.2715,129.4257,132.8137,PENDING_AG03,FALSE,NOT_FOR_ENFORCEMENT,161.3619,563.5753,168.0853,161.3619,6.7234,0.22588665,0.21685118,6.7234,161.3619,0.21685118,6.7234,6.7234,8.4043,8.4043,8.4043,161.3619,0.21685118,38.6596,35.2715,129.4257,132.8137,0.17393272,0.17848587,0.00903547,41.3396,32.6143,9.3381,56.0284,18.6761,248.0378,6.0000,,41.3396,26.176,39.2639,52.3519,71.5912,80.3078,80.6219,26.176,-16.9798,2.045333,2.053333,1.052865,7,9,3,2,0E-8,0.22588665,,0E-8,0.000000,0.788936,0.000000,,2026-04-07,2026-05-11,3,9,9,35,0.085714,,,0.000000,,,,,,,,GLOBAL_BASELINE_NO_ENTITY_RANKING,,,NOT_APPLICABLE_GLOBAL_BASELINE,HF9g-P5,,,,X 全窗基线 · 不参与实体赏罚,6872800,688,A168_HF9F_20260827_0900,2026-08-27 09:00:00
2026-04-07,126584180,763,0,52.3519095359,0E-10,0E-10,,1,1,0.50665070000000000,0.506650700000,,,,0E-17,NO_DECISIVE_ROUND,R03b_20260811_FULL_v1,L1_ELIGIBILITY,v2026-08-11,2026-03-21..2026-08-06,baccarat_bet02_101_all_pairs_incl_sentinel,round_win = game_pnl > 0 (decisive only),COMPATIBILITY_ONLY_NOT_PRODUCTION,744.1133,587.0576,168.0853,18,18,-0.22588665,,-0.22588665,-0.22588665,-168.0853,744.1133,THIN_EXPOSURE,0.0000,6.7234,4.0000,96.0000,AG03-UNRESOLVED,ALL5_LEVELS_bet23_to_bet27,6.7234,6.7234,8.4043,8.4043,8.4043,4.000000,4.000000,5.000000,5.000000,5.000000,96.000000,96.000000,95.000000,95.000000,95.000000,5.0,38.6596,35.2715,129.4257,132.8137,PENDING_AG03,FALSE,NOT_FOR_ENFORCEMENT,161.3619,563.5753,168.0853,161.3619,6.7234,0.22588665,0.21685118,6.7234,161.3619,0.21685118,6.7234,6.7234,8.4043,8.4043,8.4043,161.3619,0.21685118,38.6596,35.2715,129.4257,132.8137,0.17393272,0.17848587,0.00903547,41.3396,32.6143,9.3381,56.0284,18.6761,248.0378,6.0000,,41.3396,26.176,39.2639,52.3519,71.5912,80.3078,80.6219,26.176,-16.9798,2.045333,2.053333,1.052865,7,9,3,2,0E-8,0.22588665,,0E-8,0.000000,0.788936,0.000000,,2026-04-07,2026-05-11,3,9,9,35,0.085714,,,0.000000,,,,,,,,GLOBAL_BASELINE_NO_ENTITY_RANKING,,,NOT_APPLICABLE_GLOBAL_BASELINE,HF9g-P5,,,,X 全窗基线 · 不参与实体赏罚,6872801,688,A168_HF9F_20260827_0900,2026-08-27 09:00:00
2026-04-08,126584180,1353,0,80.6219406853,76.5908436510,76.5908436510,1.0000000,1,1,0.50665070000000000,0.506650700000,0.9867858985152569,0.9867858985152569,0.9867858985152569,0E-17,ELIGIBLE,R03b_20260811_FULL_v1,L1_ELIGIBILITY,v2026-08-11,2026-03-21..2026-08-06,baccarat_bet02_101_all_pairs_incl_sentinel,round_win = game_pnl > 0 (decisive only),COMPATIBILITY_ONLY_NOT_PRODUCTION,744.1133,587.0576,168.0853,18,18,-0.22588665,,-0.22588665,-0.22588665,-168.0853,744.1133,THIN_EXPOSURE,0.0000,6.7234,4.0000,96.0000,AG03-UNRESOLVED,ALL5_LEVELS_bet23_to_bet27,6.7234,6.7234,8.4043,8.4043,8.4043,4.000000,4.000000,5.000000,5.000000,5.000000,96.000000,96.000000,95.000000,95.000000,95.000000,5.0,38.6596,35.2715,129.4257,132.8137,PENDING_AG03,FALSE,NOT_FOR_ENFORCEMENT,161.3619,563.5753,168.0853,161.3619,6.7234,0.22588665,0.21685118,6.7234,161.3619,0.21685118,6.7234,6.7234,8.4043,8.4043,8.4043,161.3619,0.21685118,38.6596,35.2715,129.4257,132.8137,0.17393272,0.17848587,0.00903547,41.3396,32.6143,9.3381,56.0284,18.6761,248.0378,6.0000,,41.3396,26.176,39.2639,52.3519,71.5912,80.3078,80.6219,26.176,-16.9798,2.045333,2.053333,1.052865,7,9,3,2,0E-8,0.22588665,,0E-8,0.000000,0.788936,0.000000,,2026-04-07,2026-05-11,3,9,9,35,0.085714,,,0.000000,,,,,,,,GLOBAL_BASELINE_NO_ENTITY_RANKING,,,NOT_APPLICABLE_GLOBAL_BASELINE,HF9g-P5,,,,X 全窗基线 · 不参与实体赏罚,6872802,688,A168_HF9F_20260827_0900,2026-08-27 09:00:00
2026-05-11,126584180,1750,0,7.7837164652,-7.7837164652,-7.7837164652,0E-7,1,1,0.50665070000000000,0.506650700000,-1.013391052207602,-1.013391052207602,-1.013391052207602,0E-17,ELIGIBLE,R03b_20260811_FULL_v1,L1_ELIGIBILITY,v2026-08-11,2026-03-21..2026-08-06,baccarat_bet02_101_all_pairs_incl_sentinel,round_win = game_pnl > 0 (decisive only),COMPATIBILITY_ONLY_NOT_PRODUCTION,744.1133,587.0576,168.0853,18,18,-0.22588665,,-0.22588665,-0.22588665,-168.0853,744.1133,THIN_EXPOSURE,0.0000,6.7234,4.0000,96.0000,AG03-UNRESOLVED,ALL5_LEVELS_bet23_to_bet27,6.7234,6.7234,8.4043,8.4043,8.4043,4.000000,4.000000,5.000000,5.000000,5.000000,96.000000,96.000000,95.000000,95.000000,95.000000,5.0,38.6596,35.2715,129.4257,132.8137,PENDING_AG03,FALSE,NOT_FOR_ENFORCEMENT,161.3619,563.5753,168.0853,161.3619,6.7234,0.22588665,0.21685118,6.7234,161.3619,0.21685118,6.7234,6.7234,8.4043,8.4043,8.4043,161.3619,0.21685118,38.6596,35.2715,129.4257,132.8137,0.17393272,0.17848587,0.00903547,41.3396,32.6143,9.3381,56.0284,18.6761,248.0378,6.0000,,41.3396,26.176,39.2639,52.3519,71.5912,80.3078,80.6219,26.176,-16.9798,2.045333,2.053333,1.052865,7,9,3,2,0E-8,0.22588665,,0E-8,0.000000,0.788936,0.000000,,2026-04-07,2026-05-11,3,9,9,35,0.085714,,,0.000000,,,,,,,,GLOBAL_BASELINE_NO_ENTITY_RANKING,,,NOT_APPLICABLE_GLOBAL_BASELINE,HF9g-P5,,,,X 全窗基线 · 不参与实体赏罚,6872803,688,A168_HF9F_20260827_0900,2026-08-27 09:00:00
2026-03-27,144836171,-1,1,1000.6056297240,-140.9669010193,-140.9669010193,0.4583333,109,102,0.49518477686120179,0.484228071078,-0.7221713532726642,-0.5076837953291964,-0.7221713532726642,0.01095670578320179,SENTINEL_DEALER,R03b_20260811_FULL_v1,L1_ELIGIBILITY,v2026-08-11,2026-03-21..2026-08-06,baccarat_bet02_101_all_pairs_incl_sentinel,round_win = game_pnl > 0 (decisive only),COMPATIBILITY_ONLY_NOT_PRODUCTION,1950.6543,1876.9255,168.0886,236,226,-0.08617036,,-0.08617036,-0.08617036,-168.0886,1950.6543,OK,0.0000,6.7235,4.0000,96.0000,AG03-UNRESOLVED,ALL5_LEVELS_bet23_to_bet27,6.7235,6.7235,8.4044,8.4044,8.4044,4.000000,4.000000,5.000000,5.000000,5.000000,96.000000,96.000000,95.000000,95.000000,95.000000,5.0,38.6604,35.2722,129.4282,132.8163,PENDING_AG03,FALSE,NOT_FOR_ENFORCEMENT,161.3650,1801.8485,168.0886,161.3650,6.7235,0.08617036,0.08272354,6.7235,161.3650,0.08272354,6.7235,6.7235,8.4044,8.4044,8.4044,161.3650,0.08272354,38.6604,35.2722,129.4282,132.8163,0.06635117,0.06808809,0.00344681,8.2655,8.3050,0.7438,84.0443,6.4649,975.3272,113.0000,,8.2655,5.2663,5.2663,10.5327,15.799,20.8284,34.8685,5.2663,0.0,3.955,6.621001,1.569492,18,18,1,4,0E-8,0.08617036,,0E-8,0.000000,0.962203,0.000000,,2026-03-27,2026-03-29,2,26,18,3,0.666667,,,0.000000,,,,,,,,GLOBAL_BASELINE_NO_ENTITY_RANKING,,,NOT_APPLICABLE_GLOBAL_BASELINE,HF9g-P5,,,,X 全窗基线 · 不参与实体赏罚,6872804,688,A168_HF9F_20260827_0900,2026-08-27 09:00:00
2026-03-27,144836171,1115,0,13.1658635490,7.5045422229,7.5045422229,0.6666667,3,3,0.50218230000000000,0.502182300000,0.5697959874915163,0.5697959874915164,0.5697959874915163,0E-17,ELIGIBLE,R03b_20260811_FULL_v1,L1_ELIGIBILITY,v2026-08-11,2026-03-21..2026-08-06,baccarat_bet02_101_all_pairs_incl_sentinel,round_win = game_pnl > 0 (decisive only),COMPATIBILITY_ONLY_NOT_PRODUCTION,1950.6543,1876.9255,168.0886,236,226,-0.08617036,,-0.08617036,-0.08617036,-168.0886,1950.6543,OK,0.0000,6.7235,4.0000,96.0000,AG03-UNRESOLVED,ALL5_LEVELS_bet23_to_bet27,6.7235,6.7235,8.4044,8.4044,8.4044,4.000000,4.000000,5.000000,5.000000,5.000000,96.000000,96.000000,95.000000,95.000000,95.000000,5.0,38.6604,35.2722,129.4282,132.8163,PENDING_AG03,FALSE,NOT_FOR_ENFORCEMENT,161.3650,1801.8485,168.0886,161.3650,6.7235,0.08617036,0.08272354,6.7235,161.3650,0.08272354,6.7235,6.7235,8.4044,8.4044,8.4044,161.3650,0.08272354,38.6604,35.2722,129.4282,132.8163,0.06635117,0.06808809,0.00344681,8.2655,8.3050,0.7438,84.0443,6.4649,975.3272,113.0000,,8.2655,5.2663,5.2663,10.5327,15.799,20.8284,34.8685,5.2663,0.0,3.955,6.621001,1.569492,18,18,1,4,0E-8,0.08617036,,0E-8,0.000000,0.962203,0.000000,,2026-03-27,2026-03-29,2,26,18,3,0.666667,,,0.000000,,,,,,,,GLOBAL_BASELINE_NO_ENTITY_RANKING,,,NOT_APPLICABLE_GLOBAL_BASELINE,HF9g-P5,,,,X 全窗基线 · 不参与实体赏罚,6872805,688,A168_HF9F_20260827_0900,2026-08-27 09:00:00
2026-03-27,144836171,1157,0,47.3971087764,47.1337915054,47.1337915054,1.0000000,6,6,0.49547970000000000,0.495479700000,2.471735612317474,2.471735612317474,2.471735612317474,0E-17,ELIGIBLE,R03b_20260811_FULL_v1,L1_ELIGIBILITY,v2026-08-11,2026-03-21..2026-08-06,baccarat_bet02_101_all_pairs_incl_sentinel,round_win = game_pnl > 0 (decisive only),COMPATIBILITY_ONLY_NOT_PRODUCTION,1950.6543,1876.9255,168.0886,236,226,-0.08617036,,-0.08617036,-0.08617036,-168.0886,1950.6543,OK,0.0000,6.7235,4.0000,96.0000,AG03-UNRESOLVED,ALL5_LEVELS_bet23_to_bet27,6.7235,6.7235,8.4044,8.4044,8.4044,4.000000,4.000000,5.000000,5.000000,5.000000,96.000000,96.000000,95.000000,95.000000,95.000000,5.0,38.6604,35.2722,129.4282,132.8163,PENDING_AG03,FALSE,NOT_FOR_ENFORCEMENT,161.3650,1801.8485,168.0886,161.3650,6.7235,0.08617036,0.08272354,6.7235,161.3650,0.08272354,6.7235,6.7235,8.4044,8.4044,8.4044,161.3650,0.08272354,38.6604,35.2722,129.4282,132.8163,0.06635117,0.06808809,0.00344681,8.2655,8.3050,0.7438,84.0443,6.4649,975.3272,113.0000,,8.2655,5.2663,5.2663,10.5327,15.799,20.8284,34.8685,5.2663,0.0,3.955,6.621001,1.569492,18,18,1,4,0E-8,0.08617036,,0E-8,0.000000,0.962203,0.000000,,2026-03-27,2026-03-29,2,26,18,3,0.666667,,,0.000000,,,,,,,,GLOBAL_BASELINE_NO_ENTITY_RANKING,,,NOT_APPLICABLE_GLOBAL_BASELINE,HF9g-P5,,,,X 全窗基线 · 不参与实体赏罚,6872806,688,A168_HF9F_20260827_0900,2026-08-27 09:00:00
2026-03-27,144836171,1354,0,10.5326908392,10.0060562972,10.0060562972,1.0000000,1,1,0.50665070000000000,0.506650700000,0.9867858985152569,0.9867858985152569,0.9867858985152569,0E-17,ELIGIBLE,R03b_20260811_FULL_v1,L1_ELIGIBILITY,v2026-08-11,2026-03-21..2026-08-06,baccarat_bet02_101_all_pairs_incl_sentinel,round_win = game_pnl > 0 (decisive only),COMPATIBILITY_ONLY_NOT_PRODUCTION,1950.6543,1876.9255,168.0886,236,226,-0.08617036,,-0.08617036,-0.08617036,-168.0886,1950.6543,OK,0.0000,6.7235,4.0000,96.0000,AG03-UNRESOLVED,ALL5_LEVELS_bet23_to_bet27,6.7235,6.7235,8.4044,8.4044,8.4044,4.000000,4.000000,5.000000,5.000000,5.000000,96.000000,96.000000,95.000000,95.000000,95.000000,5.0,38.6604,35.2722,129.4282,132.8163,PENDING_AG03,FALSE,NOT_FOR_ENFORCEMENT,161.3650,1801.8485,168.0886,161.3650,6.7235,0.08617036,0.08272354,6.7235,161.3650,0.08272354,6.7235,6.7235,8.4044,8.4044,8.4044,161.3650,0.08272354,38.6604,35.2722,129.4282,132.8163,0.06635117,0.06808809,0.00344681,8.2655,8.3050,0.7438,84.0443,6.4649,975.3272,113.0000,,8.2655,5.2663,5.2663,10.5327,15.799,20.8284,34.8685,5.2663,0.0,3.955,6.621001,1.569492,18,18,1,4,0E-8,0.08617036,,0E-8,0.000000,0.962203,0.000000,,2026-03-27,2026-03-29,2,26,18,3,0.666667,,,0.000000,,,,,,,,GLOBAL_BASELINE_NO_ENTITY_RANKING,,,NOT_APPLICABLE_GLOBAL_BASELINE,HF9g-P5,,,,X 全窗基线 · 不参与实体赏罚,6872807,688,A168_HF9F_20260827_0900,2026-08-27 09:00:00
2026-03-27,144836171,1383,0,21.0653816784,12.3759117360,12.3759117360,0.7500000,5,5,0.50665070000000000,0.506650700000,0.9734833216690844,0.9734833216690844,0.9734833216690844,0E-17,ELIGIBLE,R03b_20260811_FULL_v1,L1_ELIGIBILITY,v2026-08-11,2026-03-21..2026-08-06,baccarat_bet02_101_all_pairs_incl_sentinel,round_win = game_pnl > 0 (decisive only),COMPATIBILITY_ONLY_NOT_PRODUCTION,1950.6543,1876.9255,168.0886,236,226,-0.08617036,,-0.08617036,-0.08617036,-168.0886,1950.6543,OK,0.0000,6.7235,4.0000,96.0000,AG03-UNRESOLVED,ALL5_LEVELS_bet23_to_bet27,6.7235,6.7235,8.4044,8.4044,8.4044,4.000000,4.000000,5.000000,5.000000,5.000000,96.000000,96.000000,95.000000,95.000000,95.000000,5.0,38.6604,35.2722,129.4282,132.8163,PENDING_AG03,FALSE,NOT_FOR_ENFORCEMENT,161.3650,1801.8485,168.0886,161.3650,6.7235,0.08617036,0.08272354,6.7235,161.3650,0.08272354,6.7235,6.7235,8.4044,8.4044,8.4044,161.3650,0.08272354,38.6604,35.2722,129.4282,132.8163,0.06635117,0.06808809,0.00344681,8.2655,8.3050,0.7438,84.0443,6.4649,975.3272,113.0000,,8.2655,5.2663,5.2663,10.5327,15.799,20.8284,34.8685,5.2663,0.0,3.955,6.621001,1.569492,18,18,1,4,0E-8,0.08617036,,0E-8,0.000000,0.962203,0.000000,,2026-03-27,2026-03-29,2,26,18,3,0.666667,,,0.000000,,,,,,,,GLOBAL_BASELINE_NO_ENTITY_RANKING,,,NOT_APPLICABLE_GLOBAL_BASELINE,HF9g-P5,,,,X 全窗基线 · 不参与实体赏罚,6872808,688,A168_HF9F_20260827_0900,2026-08-27 09:00:00
2026-03-27,144836171,1384,0,142.7179608711,-30.0181688917,-30.0181688917,0.6000000,17,16,0.49562103389084216,0.484558128125,0.8085470037990272,0.8946356504978606,0.8085470037990272,0.01106290576584216,ELIGIBLE,R03b_20260811_FULL_v1,L1_ELIGIBILITY,v2026-08-11,2026-03-21..2026-08-06,baccarat_bet02_101_all_pairs_incl_sentinel,round_win = game_pnl > 0 (decisive only),COMPATIBILITY_ONLY_NOT_PRODUCTION,1950.6543,1876.9255,168.0886,236,226,-0.08617036,,-0.08617036,-0.08617036,-168.0886,1950.6543,OK,0.0000,6.7235,4.0000,96.0000,AG03-UNRESOLVED,ALL5_LEVELS_bet23_to_bet27,6.7235,6.7235,8.4044,8.4044,8.4044,4.000000,4.000000,5.000000,5.000000,5.000000,96.000000,96.000000,95.000000,95.000000,95.000000,5.0,38.6604,35.2722,129.4282,132.8163,PENDING_AG03,FALSE,NOT_FOR_ENFORCEMENT,161.3650,1801.8485,168.0886,161.3650,6.7235,0.08617036,0.08272354,6.7235,161.3650,0.08272354,6.7235,6.7235,8.4044,8.4044,8.4044,161.3650,0.08272354,38.6604,35.2722,129.4282,132.8163,0.06635117,0.06808809,0.00344681,8.2655,8.3050,0.7438,84.0443,6.4649,975.3272,113.0000,,8.2655,5.2663,5.2663,10.5327,15.799,20.8284,34.8685,5.2663,0.0,3.955,6.621001,1.569492,18,18,1,4,0E-8,0.08617036,,0E-8,0.000000,0.962203,0.000000,,2026-03-27,2026-03-29,2,26,18,3,0.666667,,,0.000000,,,,,,,,GLOBAL_BASELINE_NO_ENTITY_RANKING,,,NOT_APPLICABLE_GLOBAL_BASELINE,HF9g-P5,,,,X 全窗基线 · 不参与实体赏罚,6872809,688,A168_HF9F_20260827_0900,2026-08-27 09:00:00
2026-03-27,144836171,1491,0,5.2663454196,-5.2663454196,-5.2663454196,0E-7,1,1,0.50665070000000000,0.506650700000,-1.013391052207602,-1.013391052207602,-1.013391052207602,0E-17,ELIGIBLE,R03b_20260811_FULL_v1,L1_ELIGIBILITY,v2026-08-11,2026-03-21..2026-08-06,baccarat_bet02_101_all_pairs_incl_sentinel,round_win = game_pnl > 0 (decisive only),COMPATIBILITY_ONLY_NOT_PRODUCTION,1950.6543,1876.9255,168.0886,236,226,-0.08617036,,-0.08617036,-0.08617036,-168.0886,1950.6543,OK,0.0000,6.7235,4.0000,96.0000,AG03-UNRESOLVED,ALL5_LEVELS_bet23_to_bet27,6.7235,6.7235,8.4044,8.4044,8.4044,4.000000,4.000000,5.000000,5.000000,5.000000,96.000000,96.000000,95.000000,95.000000,95.000000,5.0,38.6604,35.2722,129.4282,132.8163,PENDING_AG03,FALSE,NOT_FOR_ENFORCEMENT,161.3650,1801.8485,168.0886,161.3650,6.7235,0.08617036,0.08272354,6.7235,161.3650,0.08272354,6.7235,6.7235,8.4044,8.4044,8.4044,161.3650,0.08272354,38.6604,35.2722,129.4282,132.8163,0.06635117,0.06808809,0.00344681,8.2655,8.3050,0.7438,84.0443,6.4649,975.3272,113.0000,,8.2655,5.2663,5.2663,10.5327,15.799,20.8284,34.8685,5.2663,0.0,3.955,6.621001,1.569492,18,18,1,4,0E-8,0.08617036,,0E-8,0.000000,0.962203,0.000000,,2026-03-27,2026-03-29,2,26,18,3,0.666667,,,0.000000,,,,,,,,GLOBAL_BASELINE_NO_ENTITY_RANKING,,,NOT_APPLICABLE_GLOBAL_BASELINE,HF9g-P5,,,,X 全窗基线 · 不参与实体赏罚,6872810,688,A168_HF9F_20260827_0900,2026-08-27 09:00:00
2026-03-27,144836171,1710,0,21.0653816784,-21.0653816784,-21.0653816784,0E-7,1,1,0.50665070000000000,0.506650700000,-1.013391052207602,-1.013391052207602,-1.013391052207602,0E-17,ELIGIBLE,R03b_20260811_FULL_v1,L1_ELIGIBILITY,v2026-08-11,2026-03-21..2026-08-06,baccarat_bet02_101_all_pairs_incl_sentinel,round_win = game_pnl > 0 (decisive only),COMPATIBILITY_ONLY_NOT_PRODUCTION,1950.6543,1876.9255,168.0886,236,226,-0.08617036,,-0.08617036,-0.08617036,-168.0886,1950.6543,OK,0.0000,6.7235,4.0000,96.0000,AG03-UNRESOLVED,ALL5_LEVELS_bet23_to_bet27,6.7235,6.7235,8.4044,8.4044,8.4044,4.000000,4.000000,5.000000,5.000000,5.000000,96.000000,96.000000,95.000000,95.000000,95.000000,5.0,38.6604,35.2722,129.4282,132.8163,PENDING_AG03,FALSE,NOT_FOR_ENFORCEMENT,161.3650,1801.8485,168.0886,161.3650,6.7235,0.08617036,0.08272354,6.7235,161.3650,0.08272354,6.7235,6.7235,8.4044,8.4044,8.4044,161.3650,0.08272354,38.6604,35.2722,129.4282,132.8163,0.06635117,0.06808809,0.00344681,8.2655,8.3050,0.7438,84.0443,6.4649,975.3272,113.0000,,8.2655,5.2663,5.2663,10.5327,15.799,20.8284,34.8685,5.2663,0.0,3.955,6.621001,1.569492,18,18,1,4,0E-8,0.08617036,,0E-8,0.000000,0.962203,0.000000,,2026-03-27,2026-03-29,2,26,18,3,0.666667,,,0.000000,,,,,,,,GLOBAL_BASELINE_NO_ENTITY_RANKING,,,NOT_APPLICABLE_GLOBAL_BASELINE,HF9g-P5,,,,X 全窗基线 · 不参与实体赏罚,6872811,688,A168_HF9F_20260827_0900,2026-08-27 09:00:00
2026-03-27,144836171,1947,0,92.1610448430,11.9809358295,11.9809358295,0.5000000,10,10,0.49994810000000000,0.499948100000,0.0003282444228938027,0.0003282444228938027,0.0003282444228938027,0E-17,ELIGIBLE,R03b_20260811_FULL_v1,L1_ELIGIBILITY,v2026-08-11,2026-03-21..2026-08-06,baccarat_bet02_101_all_pairs_incl_sentinel,round_win = game_pnl > 0 (decisive only),COMPATIBILITY_ONLY_NOT_PRODUCTION,1950.6543,1876.9255,168.0886,236,226,-0.08617036,,-0.08617036,-0.08617036,-168.0886,1950.6543,OK,0.0000,6.7235,4.0000,96.0000,AG03-UNRESOLVED,ALL5_LEVELS_bet23_to_bet27,6.7235,6.7235,8.4044,8.4044,8.4044,4.000000,4.000000,5.000000,5.000000,5.000000,96.000000,96.000000,95.000000,95.000000,95.000000,5.0,38.6604,35.2722,129.4282,132.8163,PENDING_AG03,FALSE,NOT_FOR_ENFORCEMENT,161.3650,1801.8485,168.0886,161.3650,6.7235,0.08617036,0.08272354,6.7235,161.3650,0.08272354,6.7235,6.7235,8.4044,8.4044,8.4044,161.3650,0.08272354,38.6604,35.2722,129.4282,132.8163,0.06635117,0.06808809,0.00344681,8.2655,8.3050,0.7438,84.0443,6.4649,975.3272,113.0000,,8.2655,5.2663,5.2663,10.5327,15.799,20.8284,34.8685,5.2663,0.0,3.955,6.621001,1.569492,18,18,1,4,0E-8,0.08617036,,0E-8,0.000000,0.962203,0.000000,,2026-03-27,2026-03-29,2,26,18,3,0.666667,,,0.000000,,,,,,,,GLOBAL_BASELINE_NO_ENTITY_RANKING,,,NOT_APPLICABLE_GLOBAL_BASELINE,HF9g-P5,,,,X 全窗基线 · 不参与实体赏罚,6872812,688,A168_HF9F_20260827_0900,2026-08-27 09:00:00
2026-03-27,144836171,1957,0,43.9739842536,-43.9739842536,-43.9739842536,0E-7,3,3,0.49771390000000000,0.497713900000,-1.724149546644903,-1.724149546644903,-1.724149546644903,0E-17,ELIGIBLE,R03b_20260811_FULL_v1,L1_ELIGIBILITY,v2026-08-11,2026-03-21..2026-08-06,baccarat_bet02_101_all_pairs_incl_sentinel,round_win = game_pnl > 0 (decisive only),COMPATIBILITY_ONLY_NOT_PRODUCTION,1950.6543,1876.9255,168.0886,236,226,-0.08617036,,-0.08617036,-0.08617036,-168.0886,1950.6543,OK,0.0000,6.7235,4.0000,96.0000,AG03-UNRESOLVED,ALL5_LEVELS_bet23_to_bet27,6.7235,6.7235,8.4044,8.4044,8.4044,4.000000,4.000000,5.000000,5.000000,5.000000,96.000000,96.000000,95.000000,95.000000,95.000000,5.0,38.6604,35.2722,129.4282,132.8163,PENDING_AG03,FALSE,NOT_FOR_ENFORCEMENT,161.3650,1801.8485,168.0886,161.3650,6.7235,0.08617036,0.08272354,6.7235,161.3650,0.08272354,6.7235,6.7235,8.4044,8.4044,8.4044,161.3650,0.08272354,38.6604,35.2722,129.4282,132.8163,0.06635117,0.06808809,0.00344681,8.2655,8.3050,0.7438,84.0443,6.4649,975.3272,113.0000,,8.2655,5.2663,5.2663,10.5327,15.799,20.8284,34.8685,5.2663,0.0,3.955,6.621001,1.569492,18,18,1,4,0E-8,0.08617036,,0E-8,0.000000,0.962203,0.000000,,2026-03-27,2026-03-29,2,26,18,3,0.666667,,,0.000000,,,,,,,,GLOBAL_BASELINE_NO_ENTITY_RANKING,,,NOT_APPLICABLE_GLOBAL_BASELINE,HF9g-P5,,,,X 全窗基线 · 不参与实体赏罚,6872813,688,A168_HF9F_20260827_0900,2026-08-27 09:00:00
2026-03-27,144836171,2093,0,39.4975906470,-39.4975906470,-39.4975906470,0E-7,4,3,0.47848095555555556,0.426805050000,-1.6590438675983368,-1.4945974065056233,-1.6590438675983368,0.05167590555555556,ELIGIBLE,R03b_20260811_FULL_v1,L1_ELIGIBILITY,v2026-08-11,2026-03-21..2026-08-06,baccarat_bet02_101_all_pairs_incl_sentinel,round_win = game_pnl > 0 (decisive only),COMPATIBILITY_ONLY_NOT_PRODUCTION,1950.6543,1876.9255,168.0886,236,226,-0.08617036,,-0.08617036,-0.08617036,-168.0886,1950.6543,OK,0.0000,6.7235,4.0000,96.0000,AG03-UNRESOLVED,ALL5_LEVELS_bet23_to_bet27,6.7235,6.7235,8.4044,8.4044,8.4044,4.000000,4.000000,5.000000,5.000000,5.000000,96.000000,96.000000,95.000000,95.000000,95.000000,5.0,38.6604,35.2722,129.4282,132.8163,PENDING_AG03,FALSE,NOT_FOR_ENFORCEMENT,161.3650,1801.8485,168.0886,161.3650,6.7235,0.08617036,0.08272354,6.7235,161.3650,0.08272354,6.7235,6.7235,8.4044,8.4044,8.4044,161.3650,0.08272354,38.6604,35.2722,129.4282,132.8163,0.06635117,0.06808809,0.00344681,8.2655,8.3050,0.7438,84.0443,6.4649,975.3272,113.0000,,8.2655,5.2663,5.2663,10.5327,15.799,20.8284,34.8685,5.2663,0.0,3.955,6.621001,1.569492,18,18,1,4,0E-8,0.08617036,,0E-8,0.000000,0.962203,0.000000,,2026-03-27,2026-03-29,2,26,18,3,0.666667,,,0.000000,,,,,,,,GLOBAL_BASELINE_NO_ENTITY_RANKING,,,NOT_APPLICABLE_GLOBAL_BASELINE,HF9g-P5,,,,X 全窗基线 · 不参与实体赏罚,6872814,688,A168_HF9F_20260827_0900,2026-08-27 09:00:00
2026-03-27,144836171,2103,0,10.5326908392,-10.5326908392,-10.5326908392,0E-7,1,1,0.49324550000000000,0.493245500000,-0.9865810262130424,-0.9865810262130424,-0.9865810262130424,0E-17,ELIGIBLE,R03b_20260811_FULL_v1,L1_ELIGIBILITY,v2026-08-11,2026-03-21..2026-08-06,baccarat_bet02_101_all_pairs_incl_sentinel,round_win = game_pnl > 0 (decisive only),COMPATIBILITY_ONLY_NOT_PRODUCTION,1950.6543,1876.9255,168.0886,236,226,-0.08617036,,-0.08617036,-0.08617036,-168.0886,1950.6543,OK,0.0000,6.7235,4.0000,96.0000,AG03-UNRESOLVED,ALL5_LEVELS_bet23_to_bet27,6.7235,6.7235,8.4044,8.4044,8.4044,4.000000,4.000000,5.000000,5.000000,5.000000,96.000000,96.000000,95.000000,95.000000,95.000000,5.0,38.6604,35.2722,129.4282,132.8163,PENDING_AG03,FALSE,NOT_FOR_ENFORCEMENT,161.3650,1801.8485,168.0886,161.3650,6.7235,0.08617036,0.08272354,6.7235,161.3650,0.08272354,6.7235,6.7235,8.4044,8.4044,8.4044,161.3650,0.08272354,38.6604,35.2722,129.4282,132.8163,0.06635117,0.06808809,0.00344681,8.2655,8.3050,0.7438,84.0443,6.4649,975.3272,113.0000,,8.2655,5.2663,5.2663,10.5327,15.799,20.8284,34.8685,5.2663,0.0,3.955,6.621001,1.569492,18,18,1,4,0E-8,0.08617036,,0E-8,0.000000,0.962203,0.000000,,2026-03-27,2026-03-29,2,26,18,3,0.666667,,,0.000000,,,,,,,,GLOBAL_BASELINE_NO_ENTITY_RANKING,,,NOT_APPLICABLE_GLOBAL_BASELINE,HF9g-P5,,,,X 全窗基线 · 不参与实体赏罚,6872815,688,A168_HF9F_20260827_0900,2026-08-27 09:00:00
2026-03-27,144836171,2153,0,34.2312452274,12.2442531005,12.2442531005,0.7142857,7,7,0.50282064285714286,0.502820642857,1.1189857854549734,1.1189857854557275,1.1189857854549734,1.4286E-13,ELIGIBLE,R03b_20260811_FULL_v1,L1_ELIGIBILITY,v2026-08-11,2026-03-21..2026-08-06,baccarat_bet02_101_all_pairs_incl_sentinel,round_win = game_pnl > 0 (decisive only),COMPATIBILITY_ONLY_NOT_PRODUCTION,1950.6543,1876.9255,168.0886,236,226,-0.08617036,,-0.08617036,-0.08617036,-168.0886,1950.6543,OK,0.0000,6.7235,4.0000,96.0000,AG03-UNRESOLVED,ALL5_LEVELS_bet23_to_bet27,6.7235,6.7235,8.4044,8.4044,8.4044,4.000000,4.000000,5.000000,5.000000,5.000000,96.000000,96.000000,95.000000,95.000000,95.000000,5.0,38.6604,35.2722,129.4282,132.8163,PENDING_AG03,FALSE,NOT_FOR_ENFORCEMENT,161.3650,1801.8485,168.0886,161.3650,6.7235,0.08617036,0.08272354,6.7235,161.3650,0.08272354,6.7235,6.7235,8.4044,8.4044,8.4044,161.3650,0.08272354,38.6604,35.2722,129.4282,132.8163,0.06635117,0.06808809,0.00344681,8.2655,8.3050,0.7438,84.0443,6.4649,975.3272,113.0000,,8.2655,5.2663,5.2663,10.5327,15.799,20.8284,34.8685,5.2663,0.0,3.955,6.621001,1.569492,18,18,1,4,0E-8,0.08617036,,0E-8,0.000000,0.962203,0.000000,,2026-03-27,2026-03-29,2,26,18,3,0.666667,,,0.000000,,,,,,,,GLOBAL_BASELINE_NO_ENTITY_RANKING,,,NOT_APPLICABLE_GLOBAL_BASELINE,HF9g-P5,,,,X 全窗基线 · 不参与实体赏罚,6872816,688,A168_HF9F_20260827_0900,2026-08-27 09:00:00
2026-03-27,144836171,2160,0,113.2264265214,-6.4512731391,-6.4512731391,0.5625000,17,17,0.49797674705882353,0.497976747059,0.5161902496504484,0.5161902496490358,0.5161902496504484,-1.7647E-13,ELIGIBLE,R03b_20260811_FULL_v1,L1_ELIGIBILITY,v2026-08-11,2026-03-21..2026-08-06,baccarat_bet02_101_all_pairs_incl_sentinel,round_win = game_pnl > 0 (decisive only),COMPATIBILITY_ONLY_NOT_PRODUCTION,1950.6543,1876.9255,168.0886,236,226,-0.08617036,,-0.08617036,-0.08617036,-168.0886,1950.6543,OK,0.0000,6.7235,4.0000,96.0000,AG03-UNRESOLVED,ALL5_LEVELS_bet23_to_bet27,6.7235,6.7235,8.4044,8.4044,8.4044,4.000000,4.000000,5.000000,5.000000,5.000000,96.000000,96.000000,95.000000,95.000000,95.000000,5.0,38.6604,35.2722,129.4282,132.8163,PENDING_AG03,FALSE,NOT_FOR_ENFORCEMENT,161.3650,1801.8485,168.0886,161.3650,6.7235,0.08617036,0.08272354,6.7235,161.3650,0.08272354,6.7235,6.7235,8.4044,8.4044,8.4044,161.3650,0.08272354,38.6604,35.2722,129.4282,132.8163,0.06635117,0.06808809,0.00344681,8.2655,8.3050,0.7438,84.0443,6.4649,975.3272,113.0000,,8.2655,5.2663,5.2663,10.5327,15.799,20.8284,34.8685,5.2663,0.0,3.955,6.621001,1.569492,18,18,1,4,0E-8,0.08617036,,0E-8,0.000000,0.962203,0.000000,,2026-03-27,2026-03-29,2,26,18,3,0.666667,,,0.000000,,,,,,,,GLOBAL_BASELINE_NO_ENTITY_RANKING,,,NOT_APPLICABLE_GLOBAL_BASELINE,HF9g-P5,,,,X 全窗基线 · 不参与实体赏罚,6872817,688,A168_HF9F_20260827_0900,2026-08-27 09:00:00
2026-03-27,144836171,2177,0,28.9648998078,2.6331727098,2.6331727098,0.5000000,6,6,0.49547970000000000,0.495479700000,0.022145762000773162,0.022145762000773162,0.022145762000773162,0E-17,ELIGIBLE,R03b_20260811_FULL_v1,L1_ELIGIBILITY,v2026-08-11,2026-03-21..2026-08-06,baccarat_bet02_101_all_pairs_incl_sentinel,round_win = game_pnl > 0 (decisive only),COMPATIBILITY_ONLY_NOT_PRODUCTION,1950.6543,1876.9255,168.0886,236,226,-0.08617036,,-0.08617036,-0.08617036,-168.0886,1950.6543,OK,0.0000,6.7235,4.0000,96.0000,AG03-UNRESOLVED,ALL5_LEVELS_bet23_to_bet27,6.7235,6.7235,8.4044,8.4044,8.4044,4.000000,4.000000,5.000000,5.000000,5.000000,96.000000,96.000000,95.000000,95.000000,95.000000,5.0,38.6604,35.2722,129.4282,132.8163,PENDING_AG03,FALSE,NOT_FOR_ENFORCEMENT,161.3650,1801.8485,168.0886,161.3650,6.7235,0.08617036,0.08272354,6.7235,161.3650,0.08272354,6.7235,6.7235,8.4044,8.4044,8.4044,161.3650,0.08272354,38.6604,35.2722,129.4282,132.8163,0.06635117,0.06808809,0.00344681,8.2655,8.3050,0.7438,84.0443,6.4649,975.3272,113.0000,,8.2655,5.2663,5.2663,10.5327,15.799,20.8284,34.8685,5.2663,0.0,3.955,6.621001,1.569492,18,18,1,4,0E-8,0.08617036,,0E-8,0.000000,0.962203,0.000000,,2026-03-27,2026-03-29,2,26,18,3,0.666667,,,0.000000,,,,,,,,GLOBAL_BASELINE_NO_ENTITY_RANKING,,,NOT_APPLICABLE_GLOBAL_BASELINE,HF9g-P5,,,,X 全窗基线 · 不参与实体赏罚,6872818,688,A168_HF9F_20260827_0900,2026-08-27 09:00:00
2026-03-27,144836171,2202,0,76.3620085842,30.4131447981,30.4131447981,0.7272727,12,12,0.49994810000000000,0.499948100000,1.5079009966654515,1.5079009966654515,1.5079009966654515,0E-17,ELIGIBLE,R03b_20260811_FULL_v1,L1_ELIGIBILITY,v2026-08-11,2026-03-21..2026-08-06,baccarat_bet02_101_all_pairs_incl_sentinel,round_win = game_pnl > 0 (decisive only),COMPATIBILITY_ONLY_NOT_PRODUCTION,1950.6543,1876.9255,168.0886,236,226,-0.08617036,,-0.08617036,-0.08617036,-168.0886,1950.6543,OK,0.0000,6.7235,4.0000,96.0000,AG03-UNRESOLVED,ALL5_LEVELS_bet23_to_bet27,6.7235,6.7235,8.4044,8.4044,8.4044,4.000000,4.000000,5.000000,5.000000,5.000000,96.000000,96.000000,95.000000,95.000000,95.000000,5.0,38.6604,35.2722,129.4282,132.8163,PENDING_AG03,FALSE,NOT_FOR_ENFORCEMENT,161.3650,1801.8485,168.0886,161.3650,6.7235,0.08617036,0.08272354,6.7235,161.3650,0.08272354,6.7235,6.7235,8.4044,8.4044,8.4044,161.3650,0.08272354,38.6604,35.2722,129.4282,132.8163,0.06635117,0.06808809,0.00344681,8.2655,8.3050,0.7438,84.0443,6.4649,975.3272,113.0000,,8.2655,5.2663,5.2663,10.5327,15.799,20.8284,34.8685,5.2663,0.0,3.955,6.621001,1.569492,18,18,1,4,0E-8,0.08617036,,0E-8,0.000000,0.962203,0.000000,,2026-03-27,2026-03-29,2,26,18,3,0.666667,,,0.000000,,,,,,,,GLOBAL_BASELINE_NO_ENTITY_RANKING,,,NOT_APPLICABLE_GLOBAL_BASELINE,HF9g-P5,,,,X 全窗基线 · 不参与实体赏罚,6872819,688,A168_HF9F_20260827_0900,2026-08-27 09:00:00
2026-03-27,144836171,2252,0,164.3099770915,10.4010322036,10.4010322036,0.5000000,19,18,0.49825750330788902,0.488874691667,0.014785664513784493,0.09442474884620217,0.014785664513784493,0.00938281164088902,ELIGIBLE,R03b_20260811_FULL_v1,L1_ELIGIBILITY,v2026-08-11,2026-03-21..2026-08-06,baccarat_bet02_101_all_pairs_incl_sentinel,round_win = game_pnl > 0 (decisive only),COMPATIBILITY_ONLY_NOT_PRODUCTION,1950.6543,1876.9255,168.0886,236,226,-0.08617036,,-0.08617036,-0.08617036,-168.0886,1950.6543,OK,0.0000,6.7235,4.0000,96.0000,AG03-UNRESOLVED,ALL5_LEVELS_bet23_to_bet27,6.7235,6.7235,8.4044,8.4044,8.4044,4.000000,4.000000,5.000000,5.000000,5.000000,96.000000,96.000000,95.000000,95.000000,95.000000,5.0,38.6604,35.2722,129.4282,132.8163,PENDING_AG03,FALSE,NOT_FOR_ENFORCEMENT,161.3650,1801.8485,168.0886,161.3650,6.7235,0.08617036,0.08272354,6.7235,161.3650,0.08272354,6.7235,6.7235,8.4044,8.4044,8.4044,161.3650,0.08272354,38.6604,35.2722,129.4282,132.8163,0.06635117,0.06808809,0.00344681,8.2655,8.3050,0.7438,84.0443,6.4649,975.3272,113.0000,,8.2655,5.2663,5.2663,10.5327,15.799,20.8284,34.8685,5.2663,0.0,3.955,6.621001,1.569492,18,18,1,4,0E-8,0.08617036,,0E-8,0.000000,0.962203,0.000000,,2026-03-27,2026-03-29,2,26,18,3,0.666667,,,0.000000,,,,,,,,GLOBAL_BASELINE_NO_ENTITY_RANKING,,,NOT_APPLICABLE_GLOBAL_BASELINE,HF9g-P5,,,,X 全窗基线 · 不参与实体赏罚,6872820,688,A168_HF9F_20260827_0900,2026-08-27 09:00:00
2026-03-27,144836171,987,0,78.9951812940,-8.4261526714,-8.4261526714,0.4166667,13,13,0.50046368461538462,0.500463684615,-0.5805630200858888,-0.5805630200832237,-0.5805630200858888,3.8462E-13,ELIGIBLE,R03b_20260811_FULL_v1,L1_ELIGIBILITY,v2026-08-11,2026-03-21..2026-08-06,baccarat_bet02_101_all_pairs_incl_sentinel,round_win = game_pnl > 0 (decisive only),COMPATIBILITY_ONLY_NOT_PRODUCTION,1950.6543,1876.9255,168.0886,236,226,-0.08617036,,-0.08617036,-0.08617036,-168.0886,1950.6543,OK,0.0000,6.7235,4.0000,96.0000,AG03-UNRESOLVED,ALL5_LEVELS_bet23_to_bet27,6.7235,6.7235,8.4044,8.4044,8.4044,4.000000,4.000000,5.000000,5.000000,5.000000,96.000000,96.000000,95.000000,95.000000,95.000000,5.0,38.6604,35.2722,129.4282,132.8163,PENDING_AG03,FALSE,NOT_FOR_ENFORCEMENT,161.3650,1801.8485,168.0886,161.3650,6.7235,0.08617036,0.08272354,6.7235,161.3650,0.08272354,6.7235,6.7235,8.4044,8.4044,8.4044,161.3650,0.08272354,38.6604,35.2722,129.4282,132.8163,0.06635117,0.06808809,0.00344681,8.2655,8.3050,0.7438,84.0443,6.4649,975.3272,113.0000,,8.2655,5.2663,5.2663,10.5327,15.799,20.8284,34.8685,5.2663,0.0,3.955,6.621001,1.569492,18,18,1,4,0E-8,0.08617036,,0E-8,0.000000,0.962203,0.000000,,2026-03-27,2026-03-29,2,26,18,3,0.666667,,,0.000000,,,,,,,,GLOBAL_BASELINE_NO_ENTITY_RANKING,,,NOT_APPLICABLE_GLOBAL_BASELINE,HF9g-P5,,,,X 全窗基线 · 不参与实体赏罚,6872821,688,A168_HF9F_20260827_0900,2026-08-27 09:00:00
2026-03-29,144836171,-1,1,6.5829317745,-6.5829317745,-6.5829317745,0E-7,1,1,0.49324550000000000,0.493245500000,-0.9865810262130424,-0.9865810262130424,-0.9865810262130424,0E-17,SENTINEL_DEALER,R03b_20260811_FULL_v1,L1_ELIGIBILITY,v2026-08-11,2026-03-21..2026-08-06,baccarat_bet02_101_all_pairs_incl_sentinel,round_win = game_pnl > 0 (decisive only),COMPATIBILITY_ONLY_NOT_PRODUCTION,1950.6543,1876.9255,168.0886,236,226,-0.08617036,,-0.08617036,-0.08617036,-168.0886,1950.6543,OK,0.0000,6.7235,4.0000,96.0000,AG03-UNRESOLVED,ALL5_LEVELS_bet23_to_bet27,6.7235,6.7235,8.4044,8.4044,8.4044,4.000000,4.000000,5.000000,5.000000,5.000000,96.000000,96.000000,95.000000,95.000000,95.000000,5.0,38.6604,35.2722,129.4282,132.8163,PENDING_AG03,FALSE,NOT_FOR_ENFORCEMENT,161.3650,1801.8485,168.0886,161.3650,6.7235,0.08617036,0.08272354,6.7235,161.3650,0.08272354,6.7235,6.7235,8.4044,8.4044,8.4044,161.3650,0.08272354,38.6604,35.2722,129.4282,132.8163,0.06635117,0.06808809,0.00344681,8.2655,8.3050,0.7438,84.0443,6.4649,975.3272,113.0000,,8.2655,5.2663,5.2663,10.5327,15.799,20.8284,34.8685,5.2663,0.0,3.955,6.621001,1.569492,18,18,1,4,0E-8,0.08617036,,0E-8,0.000000,0.962203,0.000000,,2026-03-27,2026-03-29,2,26,18,3,0.666667,,,0.000000,,,,,,,,GLOBAL_BASELINE_NO_ENTITY_RANKING,,,NOT_APPLICABLE_GLOBAL_BASELINE,HF9g-P5,,,,X 全窗基线 · 不参与实体赏罚,6872822,688,A168_HF9F_20260827_0900,2026-08-27 09:00:00
2026-03-27,147846078,-1,1,249.3614556180,-6.9384100904,-6.9384100904,0.4615385,15,15,0.50039494000000000,0.500394940000,-0.28019813836336,-0.28019813836336,-0.28019813836336,0E-17,SENTINEL_DEALER,R03b_20260811_FULL_v1,L1_ELIGIBILITY,v2026-08-11,2026-03-21..2026-08-06,baccarat_bet02_101_all_pairs_incl_sentinel,round_win = game_pnl > 0 (decisive only),COMPATIBILITY_ONLY_NOT_PRODUCTION,619.0589,576.9281,168.0886,38,38,-0.27152276,,-0.27152276,-0.27152276,-168.0886,619.0589,OK,0.0000,6.7235,4.0000,96.0000,AG03-UNRESOLVED,ALL5_LEVELS_bet23_to_bet27,6.7235,6.7235,6.7235,8.4044,8.4044,4.000000,4.000000,4.000000,5.000000,5.000000,96.000000,96.000000,96.000000,95.000000,95.000000,5.0,36.9795,33.8742,131.1091,134.2144,PENDING_AG03,FALSE,NOT_FOR_ENFORCEMENT,161.3650,553.8510,168.0886,161.3650,6.7235,0.27152276,0.26066185,6.7235,161.3650,0.26066185,6.7235,6.7235,6.7235,8.4044,8.4044,161.3650,0.26066185,36.9795,33.8742,131.1091,134.2144,0.21178775,0.21680393,0.01086091,16.2910,15.1823,4.4234,168.0886,9.3383,619.0589,38.0000,,16.2910,10.5327,13.1659,21.0654,26.3317,27.4377,53.7167,10.5327,-10.5327,2.084,4.08,1.237368,18,17,1,2,0E-8,0.27152276,,0E-8,0.000000,0.931944,0.000000,,2026-03-27,2026-03-27,1,18,18,1,1.000000,,,0.000000,,,,,,,,GLOBAL_BASELINE_NO_ENTITY_RANKING,,,NOT_APPLICABLE_GLOBAL_BASELINE,HF9g-P5,,,,X 全窗基线 · 不参与实体赏罚,6872823,688,A168_HF9F_20260827_0900,2026-08-27 09:00:00
2026-03-27,147846078,1078,0,5.2663454196,-5.2663454196,-5.2663454196,0E-7,1,1,0.49324550000000000,0.493245500000,-0.9865810262130424,-0.9865810262130424,-0.9865810262130424,0E-17,ELIGIBLE,R03b_20260811_FULL_v1,L1_ELIGIBILITY,v2026-08-11,2026-03-21..2026-08-06,baccarat_bet02_101_all_pairs_incl_sentinel,round_win = game_pnl > 0 (decisive only),COMPATIBILITY_ONLY_NOT_PRODUCTION,619.0589,576.9281,168.0886,38,38,-0.27152276,,-0.27152276,-0.27152276,-168.0886,619.0589,OK,0.0000,6.7235,4.0000,96.0000,AG03-UNRESOLVED,ALL5_LEVELS_bet23_to_bet27,6.7235,6.7235,6.7235,8.4044,8.4044,4.000000,4.000000,4.000000,5.000000,5.000000,96.000000,96.000000,96.000000,95.000000,95.000000,5.0,36.9795,33.8742,131.1091,134.2144,PENDING_AG03,FALSE,NOT_FOR_ENFORCEMENT,161.3650,553.8510,168.0886,161.3650,6.7235,0.27152276,0.26066185,6.7235,161.3650,0.26066185,6.7235,6.7235,6.7235,8.4044,8.4044,161.3650,0.26066185,36.9795,33.8742,131.1091,134.2144,0.21178775,0.21680393,0.01086091,16.2910,15.1823,4.4234,168.0886,9.3383,619.0589,38.0000,,16.2910,10.5327,13.1659,21.0654,26.3317,27.4377,53.7167,10.5327,-10.5327,2.084,4.08,1.237368,18,17,1,2,0E-8,0.27152276,,0E-8,0.000000,0.931944,0.000000,,2026-03-27,2026-03-27,1,18,18,1,1.000000,,,0.000000,,,,,,,,GLOBAL_BASELINE_NO_ENTITY_RANKING,,,NOT_APPLICABLE_GLOBAL_BASELINE,HF9g-P5,,,,X 全窗基线 · 不参与实体赏罚,6872824,688,A168_HF9F_20260827_0900,2026-08-27 09:00:00
2026-03-27,147846078,1094,0,10.5326908392,-10.5326908392,-10.5326908392,0E-7,1,1,0.49324550000000000,0.493245500000,-0.9865810262130424,-0.9865810262130424,-0.9865810262130424,0E-17,ELIGIBLE,R03b_20260811_FULL_v1,L1_ELIGIBILITY,v2026-08-11,2026-03-21..2026-08-06,baccarat_bet02_101_all_pairs_incl_sentinel,round_win = game_pnl > 0 (decisive only),COMPATIBILITY_ONLY_NOT_PRODUCTION,619.0589,576.9281,168.0886,38,38,-0.27152276,,-0.27152276,-0.27152276,-168.0886,619.0589,OK,0.0000,6.7235,4.0000,96.0000,AG03-UNRESOLVED,ALL5_LEVELS_bet23_to_bet27,6.7235,6.7235,6.7235,8.4044,8.4044,4.000000,4.000000,4.000000,5.000000,5.000000,96.000000,96.000000,96.000000,95.000000,95.000000,5.0,36.9795,33.8742,131.1091,134.2144,PENDING_AG03,FALSE,NOT_FOR_ENFORCEMENT,161.3650,553.8510,168.0886,161.3650,6.7235,0.27152276,0.26066185,6.7235,161.3650,0.26066185,6.7235,6.7235,6.7235,8.4044,8.4044,161.3650,0.26066185,36.9795,33.8742,131.1091,134.2144,0.21178775,0.21680393,0.01086091,16.2910,15.1823,4.4234,168.0886,9.3383,619.0589,38.0000,,16.2910,10.5327,13.1659,21.0654,26.3317,27.4377,53.7167,10.5327,-10.5327,2.084,4.08,1.237368,18,17,1,2,0E-8,0.27152276,,0E-8,0.000000,0.931944,0.000000,,2026-03-27,2026-03-27,1,18,18,1,1.000000,,,0.000000,,,,,,,,GLOBAL_BASELINE_NO_ENTITY_RANKING,,,NOT_APPLICABLE_GLOBAL_BASELINE,HF9g-P5,,,,X 全窗基线 · 不参与实体赏罚,6872825,688,A168_HF9F_20260827_0900,2026-08-27 09:00:00
2026-03-27,147846078,1257,0,10.5326908392,-10.5326908392,-10.5326908392,0E-7,1,1,0.49324550000000000,0.493245500000,-0.9865810262130424,-0.9865810262130424,-0.9865810262130424,0E-17,ELIGIBLE,R03b_20260811_FULL_v1,L1_ELIGIBILITY,v2026-08-11,2026-03-21..2026-08-06,baccarat_bet02_101_all_pairs_incl_sentinel,round_win = game_pnl > 0 (decisive only),COMPATIBILITY_ONLY_NOT_PRODUCTION,619.0589,576.9281,168.0886,38,38,-0.27152276,,-0.27152276,-0.27152276,-168.0886,619.0589,OK,0.0000,6.7235,4.0000,96.0000,AG03-UNRESOLVED,ALL5_LEVELS_bet23_to_bet27,6.7235,6.7235,6.7235,8.4044,8.4044,4.000000,4.000000,4.000000,5.000000,5.000000,96.000000,96.000000,96.000000,95.000000,95.000000,5.0,36.9795,33.8742,131.1091,134.2144,PENDING_AG03,FALSE,NOT_FOR_ENFORCEMENT,161.3650,553.8510,168.0886,161.3650,6.7235,0.27152276,0.26066185,6.7235,161.3650,0.26066185,6.7235,6.7235,6.7235,8.4044,8.4044,161.3650,0.26066185,36.9795,33.8742,131.1091,134.2144,0.21178775,0.21680393,0.01086091,16.2910,15.1823,4.4234,168.0886,9.3383,619.0589,38.0000,,16.2910,10.5327,13.1659,21.0654,26.3317,27.4377,53.7167,10.5327,-10.5327,2.084,4.08,1.237368,18,17,1,2,0E-8,0.27152276,,0E-8,0.000000,0.931944,0.000000,,2026-03-27,2026-03-27,1,18,18,1,1.000000,,,0.000000,,,,,,,,GLOBAL_BASELINE_NO_ENTITY_RANKING,,,NOT_APPLICABLE_GLOBAL_BASELINE,HF9g-P5,,,,X 全窗基线 · 不参与实体赏罚,6872826,688,A168_HF9F_20260827_0900,2026-08-27 09:00:00
2026-03-27,147846078,1302,0,10.5326908392,-10.5326908392,-10.5326908392,0E-7,1,1,0.50665070000000000,0.506650700000,-1.013391052207602,-1.013391052207602,-1.013391052207602,0E-17,ELIGIBLE,R03b_20260811_FULL_v1,L1_ELIGIBILITY,v2026-08-11,2026-03-21..2026-08-06,baccarat_bet02_101_all_pairs_incl_sentinel,round_win = game_pnl > 0 (decisive only),COMPATIBILITY_ONLY_NOT_PRODUCTION,619.0589,576.9281,168.0886,38,38,-0.27152276,,-0.27152276,-0.27152276,-168.0886,619.0589,OK,0.0000,6.7235,4.0000,96.0000,AG03-UNRESOLVED,ALL5_LEVELS_bet23_to_bet27,6.7235,6.7235,6.7235,8.4044,8.4044,4.000000,4.000000,4.000000,5.000000,5.000000,96.000000,96.000000,96.000000,95.000000,95.000000,5.0,36.9795,33.8742,131.1091,134.2144,PENDING_AG03,FALSE,NOT_FOR_ENFORCEMENT,161.3650,553.8510,168.0886,161.3650,6.7235,0.27152276,0.26066185,6.7235,161.3650,0.26066185,6.7235,6.7235,6.7235,8.4044,8.4044,161.3650,0.26066185,36.9795,33.8742,131.1091,134.2144,0.21178775,0.21680393,0.01086091,16.2910,15.1823,4.4234,168.0886,9.3383,619.0589,38.0000,,16.2910,10.5327,13.1659,21.0654,26.3317,27.4377,53.7167,10.5327,-10.5327,2.084,4.08,1.237368,18,17,1,2,0E-8,0.27152276,,0E-8,0.000000,0.931944,0.000000,,2026-03-27,2026-03-27,1,18,18,1,1.000000,,,0.000000,,,,,,,,GLOBAL_BASELINE_NO_ENTITY_RANKING,,,NOT_APPLICABLE_GLOBAL_BASELINE,HF9g-P5,,,,X 全窗基线 · 不参与实体赏罚,6872827,688,A168_HF9F_20260827_0900,2026-08-27 09:00:00
2026-03-27,147846078,1304,0,10.5326908392,-10.5326908392,-10.5326908392,0E-7,1,1,0.50665070000000000,0.506650700000,-1.013391052207602,-1.013391052207602,-1.013391052207602,0E-17,ELIGIBLE,R03b_20260811_FULL_v1,L1_ELIGIBILITY,v2026-08-11,2026-03-21..2026-08-06,baccarat_bet02_101_all_pairs_incl_sentinel,round_win = game_pnl > 0 (decisive only),COMPATIBILITY_ONLY_NOT_PRODUCTION,619.0589,576.9281,168.0886,38,38,-0.27152276,,-0.27152276,-0.27152276,-168.0886,619.0589,OK,0.0000,6.7235,4.0000,96.0000,AG03-UNRESOLVED,ALL5_LEVELS_bet23_to_bet27,6.7235,6.7235,6.7235,8.4044,8.4044,4.000000,4.000000,4.000000,5.000000,5.000000,96.000000,96.000000,96.000000,95.000000,95.000000,5.0,36.9795,33.8742,131.1091,134.2144,PENDING_AG03,FALSE,NOT_FOR_ENFORCEMENT,161.3650,553.8510,168.0886,161.3650,6.7235,0.27152276,0.26066185,6.7235,161.3650,0.26066185,6.7235,6.7235,6.7235,8.4044,8.4044,161.3650,0.26066185,36.9795,33.8742,131.1091,134.2144,0.21178775,0.21680393,0.01086091,16.2910,15.1823,4.4234,168.0886,9.3383,619.0589,38.0000,,16.2910,10.5327,13.1659,21.0654,26.3317,27.4377,53.7167,10.5327,-10.5327,2.084,4.08,1.237368,18,17,1,2,0E-8,0.27152276,,0E-8,0.000000,0.931944,0.000000,,2026-03-27,2026-03-27,1,18,18,1,1.000000,,,0.000000,,,,,,,,GLOBAL_BASELINE_NO_ENTITY_RANKING,,,NOT_APPLICABLE_GLOBAL_BASELINE,HF9g-P5,,,,X 全窗基线 · 不参与实体赏罚,6872828,688,A168_HF9F_20260827_0900,2026-08-27 09:00:00
2026-03-27,147846078,1384,0,23.6985543882,23.1719198462,23.1719198462,1.0000000,2,2,0.49994810000000000,0.499948100000,1.4143603653603398,1.4143603653603398,1.4143603653603398,0E-17,ELIGIBLE,R03b_20260811_FULL_v1,L1_ELIGIBILITY,v2026-08-11,2026-03-21..2026-08-06,baccarat_bet02_101_all_pairs_incl_sentinel,round_win = game_pnl > 0 (decisive only),COMPATIBILITY_ONLY_NOT_PRODUCTION,619.0589,576.9281,168.0886,38,38,-0.27152276,,-0.27152276,-0.27152276,-168.0886,619.0589,OK,0.0000,6.7235,4.0000,96.0000,AG03-UNRESOLVED,ALL5_LEVELS_bet23_to_bet27,6.7235,6.7235,6.7235,8.4044,8.4044,4.000000,4.000000,4.000000,5.000000,5.000000,96.000000,96.000000,96.000000,95.000000,95.000000,5.0,36.9795,33.8742,131.1091,134.2144,PENDING_AG03,FALSE,NOT_FOR_ENFORCEMENT,161.3650,553.8510,168.0886,161.3650,6.7235,0.27152276,0.26066185,6.7235,161.3650,0.26066185,6.7235,6.7235,6.7235,8.4044,8.4044,161.3650,0.26066185,36.9795,33.8742,131.1091,134.2144,0.21178775,0.21680393,0.01086091,16.2910,15.1823,4.4234,168.0886,9.3383,619.0589,38.0000,,16.2910,10.5327,13.1659,21.0654,26.3317,27.4377,53.7167,10.5327,-10.5327,2.084,4.08,1.237368,18,17,1,2,0E-8,0.27152276,,0E-8,0.000000,0.931944,0.000000,,2026-03-27,2026-03-27,1,18,18,1,1.000000,,,0.000000,,,,,,,,GLOBAL_BASELINE_NO_ENTITY_RANKING,,,NOT_APPLICABLE_GLOBAL_BASELINE,HF9g-P5,,,,X 全窗基线 · 不参与实体赏罚,6872829,688,A168_HF9F_20260827_0900,2026-08-27 09:00:00
2026-03-27,147846078,1714,0,15.7990362588,15.7990362588,15.7990362588,1.0000000,2,2,0.49324550000000000,0.493245500000,1.4334489766152358,1.4334489766152358,1.4334489766152358,0E-17,ELIGIBLE,R03b_20260811_FULL_v1,L1_ELIGIBILITY,v2026-08-11,2026-03-21..2026-08-06,baccarat_bet02_101_all_pairs_incl_sentinel,round_win = game_pnl > 0 (decisive only),COMPATIBILITY_ONLY_NOT_PRODUCTION,619.0589,576.9281,168.0886,38,38,-0.27152276,,-0.27152276,-0.27152276,-168.0886,619.0589,OK,0.0000,6.7235,4.0000,96.0000,AG03-UNRESOLVED,ALL5_LEVELS_bet23_to_bet27,6.7235,6.7235,6.7235,8.4044,8.4044,4.000000,4.000000,4.000000,5.000000,5.000000,96.000000,96.000000,96.000000,95.000000,95.000000,5.0,36.9795,33.8742,131.1091,134.2144,PENDING_AG03,FALSE,NOT_FOR_ENFORCEMENT,161.3650,553.8510,168.0886,161.3650,6.7235,0.27152276,0.26066185,6.7235,161.3650,0.26066185,6.7235,6.7235,6.7235,8.4044,8.4044,161.3650,0.26066185,36.9795,33.8742,131.1091,134.2144,0.21178775,0.21680393,0.01086091,16.2910,15.1823,4.4234,168.0886,9.3383,619.0589,38.0000,,16.2910,10.5327,13.1659,21.0654,26.3317,27.4377,53.7167,10.5327,-10.5327,2.084,4.08,1.237368,18,17,1,2,0E-8,0.27152276,,0E-8,0.000000,0.931944,0.000000,,2026-03-27,2026-03-27,1,18,18,1,1.000000,,,0.000000,,,,,,,,GLOBAL_BASELINE_NO_ENTITY_RANKING,,,NOT_APPLICABLE_GLOBAL_BASELINE,HF9g-P5,,,,X 全窗基线 · 不参与实体赏罚,6872830,688,A168_HF9F_20260827_0900,2026-08-27 09:00:00
2026-03-27,147846078,1942,0,21.0653816784,21.0653816784,21.0653816784,1.0000000,1,1,0.49324550000000000,0.493245500000,1.01360149184955,1.01360149184955,1.01360149184955,0E-17,ELIGIBLE,R03b_20260811_FULL_v1,L1_ELIGIBILITY,v2026-08-11,2026-03-21..2026-08-06,baccarat_bet02_101_all_pairs_incl_sentinel,round_win = game_pnl > 0 (decisive only),COMPATIBILITY_ONLY_NOT_PRODUCTION,619.0589,576.9281,168.0886,38,38,-0.27152276,,-0.27152276,-0.27152276,-168.0886,619.0589,OK,0.0000,6.7235,4.0000,96.0000,AG03-UNRESOLVED,ALL5_LEVELS_bet23_to_bet27,6.7235,6.7235,6.7235,8.4044,8.4044,4.000000,4.000000,4.000000,5.000000,5.000000,96.000000,96.000000,96.000000,95.000000,95.000000,5.0,36.9795,33.8742,131.1091,134.2144,PENDING_AG03,FALSE,NOT_FOR_ENFORCEMENT,161.3650,553.8510,168.0886,161.3650,6.7235,0.27152276,0.26066185,6.7235,161.3650,0.26066185,6.7235,6.7235,6.7235,8.4044,8.4044,161.3650,0.26066185,36.9795,33.8742,131.1091,134.2144,0.21178775,0.21680393,0.01086091,16.2910,15.1823,4.4234,168.0886,9.3383,619.0589,38.0000,,16.2910,10.5327,13.1659,21.0654,26.3317,27.4377,53.7167,10.5327,-10.5327,2.084,4.08,1.237368,18,17,1,2,0E-8,0.27152276,,0E-8,0.000000,0.931944,0.000000,,2026-03-27,2026-03-27,1,18,18,1,1.000000,,,0.000000,,,,,,,,GLOBAL_BASELINE_NO_ENTITY_RANKING,,,NOT_APPLICABLE_GLOBAL_BASELINE,HF9g-P5,,,,X 全窗基线 · 不参与实体赏罚,6872831,688,A168_HF9F_20260827_0900,2026-08-27 09:00:00
2026-03-27,147846078,2093,0,13.1658635490,-13.1658635490,-13.1658635490,0E-7,1,1,0.49324550000000000,0.493245500000,-0.9865810262130424,-0.9865810262130424,-0.9865810262130424,0E-17,ELIGIBLE,R03b_20260811_FULL_v1,L1_ELIGIBILITY,v2026-08-11,2026-03-21..2026-08-06,baccarat_bet02_101_all_pairs_incl_sentinel,round_win = game_pnl > 0 (decisive only),COMPATIBILITY_ONLY_NOT_PRODUCTION,619.0589,576.9281,168.0886,38,38,-0.27152276,,-0.27152276,-0.27152276,-168.0886,619.0589,OK,0.0000,6.7235,4.0000,96.0000,AG03-UNRESOLVED,ALL5_LEVELS_bet23_to_bet27,6.7235,6.7235,6.7235,8.4044,8.4044,4.000000,4.000000,4.000000,5.000000,5.000000,96.000000,96.000000,96.000000,95.000000,95.000000,5.0,36.9795,33.8742,131.1091,134.2144,PENDING_AG03,FALSE,NOT_FOR_ENFORCEMENT,161.3650,553.8510,168.0886,161.3650,6.7235,0.27152276,0.26066185,6.7235,161.3650,0.26066185,6.7235,6.7235,6.7235,8.4044,8.4044,161.3650,0.26066185,36.9795,33.8742,131.1091,134.2144,0.21178775,0.21680393,0.01086091,16.2910,15.1823,4.4234,168.0886,9.3383,619.0589,38.0000,,16.2910,10.5327,13.1659,21.0654,26.3317,27.4377,53.7167,10.5327,-10.5327,2.084,4.08,1.237368,18,17,1,2,0E-8,0.27152276,,0E-8,0.000000,0.931944,0.000000,,2026-03-27,2026-03-27,1,18,18,1,1.000000,,,0.000000,,,,,,,,GLOBAL_BASELINE_NO_ENTITY_RANKING,,,NOT_APPLICABLE_GLOBAL_BASELINE,HF9g-P5,,,,X 全窗基线 · 不参与实体赏罚,6872832,688,A168_HF9F_20260827_0900,2026-08-27 09:00:00
2026-03-27,147846078,2156,0,15.7990362588,-15.7990362588,-15.7990362588,0E-7,1,1,0.50665070000000000,0.506650700000,-1.013391052207602,-1.013391052207602,-1.013391052207602,0E-17,ELIGIBLE,R03b_20260811_FULL_v1,L1_ELIGIBILITY,v2026-08-11,2026-03-21..2026-08-06,baccarat_bet02_101_all_pairs_incl_sentinel,round_win = game_pnl > 0 (decisive only),COMPATIBILITY_ONLY_NOT_PRODUCTION,619.0589,576.9281,168.0886,38,38,-0.27152276,,-0.27152276,-0.27152276,-168.0886,619.0589,OK,0.0000,6.7235,4.0000,96.0000,AG03-UNRESOLVED,ALL5_LEVELS_bet23_to_bet27,6.7235,6.7235,6.7235,8.4044,8.4044,4.000000,4.000000,4.000000,5.000000,5.000000,96.000000,96.000000,96.000000,95.000000,95.000000,5.0,36.9795,33.8742,131.1091,134.2144,PENDING_AG03,FALSE,NOT_FOR_ENFORCEMENT,161.3650,553.8510,168.0886,161.3650,6.7235,0.27152276,0.26066185,6.7235,161.3650,0.26066185,6.7235,6.7235,6.7235,8.4044,8.4044,161.3650,0.26066185,36.9795,33.8742,131.1091,134.2144,0.21178775,0.21680393,0.01086091,16.2910,15.1823,4.4234,168.0886,9.3383,619.0589,38.0000,,16.2910,10.5327,13.1659,21.0654,26.3317,27.4377,53.7167,10.5327,-10.5327,2.084,4.08,1.237368,18,17,1,2,0E-8,0.27152276,,0E-8,0.000000,0.931944,0.000000,,2026-03-27,2026-03-27,1,18,18,1,1.000000,,,0.000000,,,,,,,,GLOBAL_BASELINE_NO_ENTITY_RANKING,,,NOT_APPLICABLE_GLOBAL_BASELINE,HF9g-P5,,,,X 全窗基线 · 不参与实体赏罚,6872833,688,A168_HF9F_20260827_0900,2026-08-27 09:00:00
2026-03-27,147846078,2167,0,52.6634541960,-52.6634541960,-52.6634541960,0E-7,2,2,0.50665070000000000,0.506650700000,-1.4331513700195317,-1.4331513700195317,-1.4331513700195317,0E-17,ELIGIBLE,R03b_20260811_FULL_v1,L1_ELIGIBILITY,v2026-08-11,2026-03-21..2026-08-06,baccarat_bet02_101_all_pairs_incl_sentinel,round_win = game_pnl > 0 (decisive only),COMPATIBILITY_ONLY_NOT_PRODUCTION,619.0589,576.9281,168.0886,38,38,-0.27152276,,-0.27152276,-0.27152276,-168.0886,619.0589,OK,0.0000,6.7235,4.0000,96.0000,AG03-UNRESOLVED,ALL5_LEVELS_bet23_to_bet27,6.7235,6.7235,6.7235,8.4044,8.4044,4.000000,4.000000,4.000000,5.000000,5.000000,96.000000,96.000000,96.000000,95.000000,95.000000,5.0,36.9795,33.8742,131.1091,134.2144,PENDING_AG03,FALSE,NOT_FOR_ENFORCEMENT,161.3650,553.8510,168.0886,161.3650,6.7235,0.27152276,0.26066185,6.7235,161.3650,0.26066185,6.7235,6.7235,6.7235,8.4044,8.4044,161.3650,0.26066185,36.9795,33.8742,131.1091,134.2144,0.21178775,0.21680393,0.01086091,16.2910,15.1823,4.4234,168.0886,9.3383,619.0589,38.0000,,16.2910,10.5327,13.1659,21.0654,26.3317,27.4377,53.7167,10.5327,-10.5327,2.084,4.08,1.237368,18,17,1,2,0E-8,0.27152276,,0E-8,0.000000,0.931944,0.000000,,2026-03-27,2026-03-27,1,18,18,1,1.000000,,,0.000000,,,,,,,,GLOBAL_BASELINE_NO_ENTITY_RANKING,,,NOT_APPLICABLE_GLOBAL_BASELINE,HF9g-P5,,,,X 全窗基线 · 不参与实体赏罚,6872834,688,A168_HF9F_20260827_0900,2026-08-27 09:00:00
2026-03-27,147846078,2177,0,21.0653816784,-0.5266345420,-0.5266345420,0.5000000,2,2,0.50665070000000000,0.506650700000,-0.018812684590367487,-0.018812684590367487,-0.018812684590367487,0E-17,ELIGIBLE,R03b_20260811_FULL_v1,L1_ELIGIBILITY,v2026-08-11,2026-03-21..2026-08-06,baccarat_bet02_101_all_pairs_incl_sentinel,round_win = game_pnl > 0 (decisive only),COMPATIBILITY_ONLY_NOT_PRODUCTION,619.0589,576.9281,168.0886,38,38,-0.27152276,,-0.27152276,-0.27152276,-168.0886,619.0589,OK,0.0000,6.7235,4.0000,96.0000,AG03-UNRESOLVED,ALL5_LEVELS_bet23_to_bet27,6.7235,6.7235,6.7235,8.4044,8.4044,4.000000,4.000000,4.000000,5.000000,5.000000,96.000000,96.000000,96.000000,95.000000,95.000000,5.0,36.9795,33.8742,131.1091,134.2144,PENDING_AG03,FALSE,NOT_FOR_ENFORCEMENT,161.3650,553.8510,168.0886,161.3650,6.7235,0.27152276,0.26066185,6.7235,161.3650,0.26066185,6.7235,6.7235,6.7235,8.4044,8.4044,161.3650,0.26066185,36.9795,33.8742,131.1091,134.2144,0.21178775,0.21680393,0.01086091,16.2910,15.1823,4.4234,168.0886,9.3383,619.0589,38.0000,,16.2910,10.5327,13.1659,21.0654,26.3317,27.4377,53.7167,10.5327,-10.5327,2.084,4.08,1.237368,18,17,1,2,0E-8,0.27152276,,0E-8,0.000000,0.931944,0.000000,,2026-03-27,2026-03-27,1,18,18,1,1.000000,,,0.000000,,,,,,,,GLOBAL_BASELINE_NO_ENTITY_RANKING,,,NOT_APPLICABLE_GLOBAL_BASELINE,HF9g-P5,,,,X 全窗基线 · 不参与实体赏罚,6872835,688,A168_HF9F_20260827_0900,2026-08-27 09:00:00
2026-03-27,147846078,2223,0,13.1658635490,-13.1658635490,-13.1658635490,0E-7,1,1,0.49324550000000000,0.493245500000,-0.9865810262130424,-0.9865810262130424,-0.9865810262130424,0E-17,ELIGIBLE,R03b_20260811_FULL_v1,L1_ELIGIBILITY,v2026-08-11,2026-03-21..2026-08-06,baccarat_bet02_101_all_pairs_incl_sentinel,round_win = game_pnl > 0 (decisive only),COMPATIBILITY_ONLY_NOT_PRODUCTION,619.0589,576.9281,168.0886,38,38,-0.27152276,,-0.27152276,-0.27152276,-168.0886,619.0589,OK,0.0000,6.7235,4.0000,96.0000,AG03-UNRESOLVED,ALL5_LEVELS_bet23_to_bet27,6.7235,6.7235,6.7235,8.4044,8.4044,4.000000,4.000000,4.000000,5.000000,5.000000,96.000000,96.000000,96.000000,95.000000,95.000000,5.0,36.9795,33.8742,131.1091,134.2144,PENDING_AG03,FALSE,NOT_FOR_ENFORCEMENT,161.3650,553.8510,168.0886,161.3650,6.7235,0.27152276,0.26066185,6.7235,161.3650,0.26066185,6.7235,6.7235,6.7235,8.4044,8.4044,161.3650,0.26066185,36.9795,33.8742,131.1091,134.2144,0.21178775,0.21680393,0.01086091,16.2910,15.1823,4.4234,168.0886,9.3383,619.0589,38.0000,,16.2910,10.5327,13.1659,21.0654,26.3317,27.4377,53.7167,10.5327,-10.5327,2.084,4.08,1.237368,18,17,1,2,0E-8,0.27152276,,0E-8,0.000000,0.931944,0.000000,,2026-03-27,2026-03-27,1,18,18,1,1.000000,,,0.000000,,,,,,,,GLOBAL_BASELINE_NO_ENTITY_RANKING,,,NOT_APPLICABLE_GLOBAL_BASELINE,HF9g-P5,,,,X 全窗基线 · 不参与实体赏罚,6872836,688,A168_HF9F_20260827_0900,2026-08-27 09:00:00
2026-03-27,147846078,2244,0,26.3317270980,-26.3317270980,-26.3317270980,0E-7,1,1,0.49324550000000000,0.493245500000,-0.9865810262130424,-0.9865810262130424,-0.9865810262130424,0E-17,ELIGIBLE,R03b_20260811_FULL_v1,L1_ELIGIBILITY,v2026-08-11,2026-03-21..2026-08-06,baccarat_bet02_101_all_pairs_incl_sentinel,round_win = game_pnl > 0 (decisive only),COMPATIBILITY_ONLY_NOT_PRODUCTION,619.0589,576.9281,168.0886,38,38,-0.27152276,,-0.27152276,-0.27152276,-168.0886,619.0589,OK,0.0000,6.7235,4.0000,96.0000,AG03-UNRESOLVED,ALL5_LEVELS_bet23_to_bet27,6.7235,6.7235,6.7235,8.4044,8.4044,4.000000,4.000000,4.000000,5.000000,5.000000,96.000000,96.000000,96.000000,95.000000,95.000000,5.0,36.9795,33.8742,131.1091,134.2144,PENDING_AG03,FALSE,NOT_FOR_ENFORCEMENT,161.3650,553.8510,168.0886,161.3650,6.7235,0.27152276,0.26066185,6.7235,161.3650,0.26066185,6.7235,6.7235,6.7235,8.4044,8.4044,161.3650,0.26066185,36.9795,33.8742,131.1091,134.2144,0.21178775,0.21680393,0.01086091,16.2910,15.1823,4.4234,168.0886,9.3383,619.0589,38.0000,,16.2910,10.5327,13.1659,21.0654,26.3317,27.4377,53.7167,10.5327,-10.5327,2.084,4.08,1.237368,18,17,1,2,0E-8,0.27152276,,0E-8,0.000000,0.931944,0.000000,,2026-03-27,2026-03-27,1,18,18,1,1.000000,,,0.000000,,,,,,,,GLOBAL_BASELINE_NO_ENTITY_RANKING,,,NOT_APPLICABLE_GLOBAL_BASELINE,HF9g-P5,,,,X 全窗基线 · 不参与实体赏罚,6872837,688,A168_HF9F_20260827_0900,2026-08-27 09:00:00
2026-03-27,147846078,2252,0,80.0484503779,-80.0484503779,-80.0484503779,0E-7,2,2,0.50665070000000000,0.506650700000,-1.4331513700195317,-1.4331513700195317,-1.4331513700195317,0E-17,ELIGIBLE,R03b_20260811_FULL_v1,L1_ELIGIBILITY,v2026-08-11,2026-03-21..2026-08-06,baccarat_bet02_101_all_pairs_incl_sentinel,round_win = game_pnl > 0 (decisive only),COMPATIBILITY_ONLY_NOT_PRODUCTION,619.0589,576.9281,168.0886,38,38,-0.27152276,,-0.27152276,-0.27152276,-168.0886,619.0589,OK,0.0000,6.7235,4.0000,96.0000,AG03-UNRESOLVED,ALL5_LEVELS_bet23_to_bet27,6.7235,6.7235,6.7235,8.4044,8.4044,4.000000,4.000000,4.000000,5.000000,5.000000,96.000000,96.000000,96.000000,95.000000,95.000000,5.0,36.9795,33.8742,131.1091,134.2144,PENDING_AG03,FALSE,NOT_FOR_ENFORCEMENT,161.3650,553.8510,168.0886,161.3650,6.7235,0.27152276,0.26066185,6.7235,161.3650,0.26066185,6.7235,6.7235,6.7235,8.4044,8.4044,161.3650,0.26066185,36.9795,33.8742,131.1091,134.2144,0.21178775,0.21680393,0.01086091,16.2910,15.1823,4.4234,168.0886,9.3383,619.0589,38.0000,,16.2910,10.5327,13.1659,21.0654,26.3317,27.4377,53.7167,10.5327,-10.5327,2.084,4.08,1.237368,18,17,1,2,0E-8,0.27152276,,0E-8,0.000000,0.931944,0.000000,,2026-03-27,2026-03-27,1,18,18,1,1.000000,,,0.000000,,,,,,,,GLOBAL_BASELINE_NO_ENTITY_RANKING,,,NOT_APPLICABLE_GLOBAL_BASELINE,HF9g-P5,,,,X 全窗基线 · 不参与实体赏罚,6872838,688,A168_HF9F_20260827_0900,2026-08-27 09:00:00
2026-03-27,147846078,598,0,39.4975906470,27.9116307239,27.9116307239,0.6666667,3,3,0.50218230000000000,0.502182300000,0.5697959874915163,0.5697959874915164,0.5697959874915163,0E-17,ELIGIBLE,R03b_20260811_FULL_v1,L1_ELIGIBILITY,v2026-08-11,2026-03-21..2026-08-06,baccarat_bet02_101_all_pairs_incl_sentinel,round_win = game_pnl > 0 (decisive only),COMPATIBILITY_ONLY_NOT_PRODUCTION,619.0589,576.9281,168.0886,38,38,-0.27152276,,-0.27152276,-0.27152276,-168.0886,619.0589,OK,0.0000,6.7235,4.0000,96.0000,AG03-UNRESOLVED,ALL5_LEVELS_bet23_to_bet27,6.7235,6.7235,6.7235,8.4044,8.4044,4.000000,4.000000,4.000000,5.000000,5.000000,96.000000,96.000000,96.000000,95.000000,95.000000,5.0,36.9795,33.8742,131.1091,134.2144,PENDING_AG03,FALSE,NOT_FOR_ENFORCEMENT,161.3650,553.8510,168.0886,161.3650,6.7235,0.27152276,0.26066185,6.7235,161.3650,0.26066185,6.7235,6.7235,6.7235,8.4044,8.4044,161.3650,0.26066185,36.9795,33.8742,131.1091,134.2144,0.21178775,0.21680393,0.01086091,16.2910,15.1823,4.4234,168.0886,9.3383,619.0589,38.0000,,16.2910,10.5327,13.1659,21.0654,26.3317,27.4377,53.7167,10.5327,-10.5327,2.084,4.08,1.237368,18,17,1,2,0E-8,0.27152276,,0E-8,0.000000,0.931944,0.000000,,2026-03-27,2026-03-27,1,18,18,1,1.000000,,,0.000000,,,,,,,,GLOBAL_BASELINE_NO_ENTITY_RANKING,,,NOT_APPLICABLE_GLOBAL_BASELINE,HF9g-P5,,,,X 全窗基线 · 不参与实体赏罚,6872839,688,A168_HF9F_20260827_0900,2026-08-27 09:00:00
2026-03-24,138031687,1401,0,16.2866449513,-3.9616163395,-3.9616163395,0.6666667,5,3,0.43258649275338353,0.400235022222,0.8183497356637379,0.9418859903813918,0.8183497356637379,0.03235147053138353,ELIGIBLE,R03b_20260811_FULL_v1,L1_ELIGIBILITY,v2026-08-11,2026-03-21..2026-08-06,baccarat_bet02_101_all_pairs_incl_sentinel,round_win = game_pnl > 0 (decisive only),COMPATIBILITY_ONLY_NOT_PRODUCTION,1343.5690,1238.5788,168.0926,206,90,-0.12510899,-0.29090909,-0.12232035,-0.12510899,-168.0926,1343.5690,OK,0.0000,6.7237,4.0000,96.0000,AG03-UNRESOLVED,ALL5_LEVELS_bet23_to_bet27,6.7237,6.7237,6.7237,10.0856,10.0856,4.000000,4.000000,4.000000,6.000000,6.000000,96.000000,96.000000,96.000000,94.000000,94.000000,5.0,40.3422,36.6857,127.7503,131.4068,PENDING_AG03,FALSE,NOT_FOR_ENFORCEMENT,161.3689,1189.0357,168.0926,161.3689,6.7237,0.12510899,0.12010463,6.7237,161.3689,0.12010463,6.7237,6.7237,6.7237,10.0856,10.0856,161.3689,0.12010463,40.3422,36.6857,127.7503,131.4068,0.09508283,0.09780429,0.00500436,6.5222,13.7620,1.8677,12.9302,7.6406,103.3515,6.9231,7.4080,6.5091,2.1082,2.1082,10.5412,15.1371,21.0824,31.6236,2.1082,-2.1082,10.0,15.0,3.093666,10,23,15,7,0.01654103,0.12510899,0.29090909,0E-8,0.000000,0.921857,0.000000,-0.16858874,2026-03-24,2026-08-01,13,22,20,131,0.099237,1.138102,1.135818,0.055137,,,,,,,,GLOBAL_BASELINE_NO_ENTITY_RANKING,,,NOT_APPLICABLE_GLOBAL_BASELINE,HF9g-P5,,,,X 全窗基线 · 不参与实体赏罚,6872840,688,A168_HF9F_20260827_0900,2026-08-27 09:00:00
2026-03-26,138031687,1994,0,2.2008979664,-2.2008979664,-2.2008979664,0E-7,1,1,0.49324550000000000,0.493245500000,-0.9865810262130424,-0.9865810262130424,-0.9865810262130424,0E-17,ELIGIBLE,R03b_20260811_FULL_v1,L1_ELIGIBILITY,v2026-08-11,2026-03-21..2026-08-06,baccarat_bet02_101_all_pairs_incl_sentinel,round_win = game_pnl > 0 (decisive only),COMPATIBILITY_ONLY_NOT_PRODUCTION,1343.5690,1238.5788,168.0926,206,90,-0.12510899,-0.29090909,-0.12232035,-0.12510899,-168.0926,1343.5690,OK,0.0000,6.7237,4.0000,96.0000,AG03-UNRESOLVED,ALL5_LEVELS_bet23_to_bet27,6.7237,6.7237,6.7237,10.0856,10.0856,4.000000,4.000000,4.000000,6.000000,6.000000,96.000000,96.000000,96.000000,94.000000,94.000000,5.0,40.3422,36.6857,127.7503,131.4068,PENDING_AG03,FALSE,NOT_FOR_ENFORCEMENT,161.3689,1189.0357,168.0926,161.3689,6.7237,0.12510899,0.12010463,6.7237,161.3689,0.12010463,6.7237,6.7237,6.7237,10.0856,10.0856,161.3689,0.12010463,40.3422,36.6857,127.7503,131.4068,0.09508283,0.09780429,0.00500436,6.5222,13.7620,1.8677,12.9302,7.6406,103.3515,6.9231,7.4080,6.5091,2.1082,2.1082,10.5412,15.1371,21.0824,31.6236,2.1082,-2.1082,10.0,15.0,3.093666,10,23,15,7,0.01654103,0.12510899,0.29090909,0E-8,0.000000,0.921857,0.000000,-0.16858874,2026-03-24,2026-08-01,13,22,20,131,0.099237,1.138102,1.135818,0.055137,,,,,,,,GLOBAL_BASELINE_NO_ENTITY_RANKING,,,NOT_APPLICABLE_GLOBAL_BASELINE,HF9g-P5,,,,X 全窗基线 · 不参与实体赏罚,6872841,688,A168_HF9F_20260827_0900,2026-08-27 09:00:00
2026-03-27,138031687,2233,0,6.6026938991,-2.3109428646,-2.3109428646,0.5000000,2,2,0.50665070000000000,0.506650700000,-0.018812684590367487,-0.018812684590367487,-0.018812684590367487,0E-17,ELIGIBLE,R03b_20260811_FULL_v1,L1_ELIGIBILITY,v2026-08-11,2026-03-21..2026-08-06,baccarat_bet02_101_all_pairs_incl_sentinel,round_win = game_pnl > 0 (decisive only),COMPATIBILITY_ONLY_NOT_PRODUCTION,1343.5690,1238.5788,168.0926,206,90,-0.12510899,-0.29090909,-0.12232035,-0.12510899,-168.0926,1343.5690,OK,0.0000,6.7237,4.0000,96.0000,AG03-UNRESOLVED,ALL5_LEVELS_bet23_to_bet27,6.7237,6.7237,6.7237,10.0856,10.0856,4.000000,4.000000,4.000000,6.000000,6.000000,96.000000,96.000000,96.000000,94.000000,94.000000,5.0,40.3422,36.6857,127.7503,131.4068,PENDING_AG03,FALSE,NOT_FOR_ENFORCEMENT,161.3689,1189.0357,168.0926,161.3689,6.7237,0.12510899,0.12010463,6.7237,161.3689,0.12010463,6.7237,6.7237,6.7237,10.0856,10.0856,161.3689,0.12010463,40.3422,36.6857,127.7503,131.4068,0.09508283,0.09780429,0.00500436,6.5222,13.7620,1.8677,12.9302,7.6406,103.3515,6.9231,7.4080,6.5091,2.1082,2.1082,10.5412,15.1371,21.0824,31.6236,2.1082,-2.1082,10.0,15.0,3.093666,10,23,15,7,0.01654103,0.12510899,0.29090909,0E-8,0.000000,0.921857,0.000000,-0.16858874,2026-03-24,2026-08-01,13,22,20,131,0.099237,1.138102,1.135818,0.055137,,,,,,,,GLOBAL_BASELINE_NO_ENTITY_RANKING,,,NOT_APPLICABLE_GLOBAL_BASELINE,HF9g-P5,,,,X 全窗基线 · 不参与实体赏罚,6872842,688,A168_HF9F_20260827_0900,2026-08-27 09:00:00
2026-04-03,138031687,1384,0,377.3744017885,-84.4138047354,-84.4138047354,0.4285714,76,22,0.38843317728953100,0.251624485682,0.3773879054021442,1.8686005665669887,0.3773879054021442,0.13680869160753100,ELIGIBLE,R03b_20260811_FULL_v1,L1_ELIGIBILITY,v2026-08-11,2026-03-21..2026-08-06,baccarat_bet02_101_all_pairs_incl_sentinel,round_win = game_pnl > 0 (decisive only),COMPATIBILITY_ONLY_NOT_PRODUCTION,1343.5690,1238.5788,168.0926,206,90,-0.12510899,-0.29090909,-0.12232035,-0.12510899,-168.0926,1343.5690,OK,0.0000,6.7237,4.0000,96.0000,AG03-UNRESOLVED,ALL5_LEVELS_bet23_to_bet27,6.7237,6.7237,6.7237,10.0856,10.0856,4.000000,4.000000,4.000000,6.000000,6.000000,96.000000,96.000000,96.000000,94.000000,94.000000,5.0,40.3422,36.6857,127.7503,131.4068,PENDING_AG03,FALSE,NOT_FOR_ENFORCEMENT,161.3689,1189.0357,168.0926,161.3689,6.7237,0.12510899,0.12010463,6.7237,161.3689,0.12010463,6.7237,6.7237,6.7237,10.0856,10.0856,161.3689,0.12010463,40.3422,36.6857,127.7503,131.4068,0.09508283,0.09780429,0.00500436,6.5222,13.7620,1.8677,12.9302,7.6406,103.3515,6.9231,7.4080,6.5091,2.1082,2.1082,10.5412,15.1371,21.0824,31.6236,2.1082,-2.1082,10.0,15.0,3.093666,10,23,15,7,0.01654103,0.12510899,0.29090909,0E-8,0.000000,0.921857,0.000000,-0.16858874,2026-03-24,2026-08-01,13,22,20,131,0.099237,1.138102,1.135818,0.055137,,,,,,,,GLOBAL_BASELINE_NO_ENTITY_RANKING,,,NOT_APPLICABLE_GLOBAL_BASELINE,HF9g-P5,,,,X 全窗基线 · 不参与实体赏罚,6872843,688,A168_HF9F_20260827_0900,2026-08-27 09:00:00
2026-04-03,138031687,1963,0,2.3190605696,-2.3190605696,-2.3190605696,0E-7,1,1,0.50665070000000000,0.506650700000,-1.013391052207602,-1.013391052207602,-1.013391052207602,0E-17,ELIGIBLE,R03b_20260811_FULL_v1,L1_ELIGIBILITY,v2026-08-11,2026-03-21..2026-08-06,baccarat_bet02_101_all_pairs_incl_sentinel,round_win = game_pnl > 0 (decisive only),COMPATIBILITY_ONLY_NOT_PRODUCTION,1343.5690,1238.5788,168.0926,206,90,-0.12510899,-0.29090909,-0.12232035,-0.12510899,-168.0926,1343.5690,OK,0.0000,6.7237,4.0000,96.0000,AG03-UNRESOLVED,ALL5_LEVELS_bet23_to_bet27,6.7237,6.7237,6.7237,10.0856,10.0856,4.000000,4.000000,4.000000,6.000000,6.000000,96.000000,96.000000,96.000000,94.000000,94.000000,5.0,40.3422,36.6857,127.7503,131.4068,PENDING_AG03,FALSE,NOT_FOR_ENFORCEMENT,161.3689,1189.0357,168.0926,161.3689,6.7237,0.12510899,0.12010463,6.7237,161.3689,0.12010463,6.7237,6.7237,6.7237,10.0856,10.0856,161.3689,0.12010463,40.3422,36.6857,127.7503,131.4068,0.09508283,0.09780429,0.00500436,6.5222,13.7620,1.8677,12.9302,7.6406,103.3515,6.9231,7.4080,6.5091,2.1082,2.1082,10.5412,15.1371,21.0824,31.6236,2.1082,-2.1082,10.0,15.0,3.093666,10,23,15,7,0.01654103,0.12510899,0.29090909,0E-8,0.000000,0.921857,0.000000,-0.16858874,2026-03-24,2026-08-01,13,22,20,131,0.099237,1.138102,1.135818,0.055137,,,,,,,,GLOBAL_BASELINE_NO_ENTITY_RANKING,,,NOT_APPLICABLE_GLOBAL_BASELINE,HF9g-P5,,,,X 全窗基线 · 不参与实体赏罚,6872844,688,A168_HF9F_20260827_0900,2026-08-27 09:00:00
2026-04-03,138031687,2141,0,75.8965277340,42.1647376299,42.1647376299,0.8000000,15,6,0.42451573156565657,0.341609642222,1.698686071915995,2.1612931878731105,1.698686071915995,0.08290608934365657,ELIGIBLE,R03b_20260811_FULL_v1,L1_ELIGIBILITY,v2026-08-11,2026-03-21..2026-08-06,baccarat_bet02_101_all_pairs_incl_sentinel,round_win = game_pnl > 0 (decisive only),COMPATIBILITY_ONLY_NOT_PRODUCTION,1343.5690,1238.5788,168.0926,206,90,-0.12510899,-0.29090909,-0.12232035,-0.12510899,-168.0926,1343.5690,OK,0.0000,6.7237,4.0000,96.0000,AG03-UNRESOLVED,ALL5_LEVELS_bet23_to_bet27,6.7237,6.7237,6.7237,10.0856,10.0856,4.000000,4.000000,4.000000,6.000000,6.000000,96.000000,96.000000,96.000000,94.000000,94.000000,5.0,40.3422,36.6857,127.7503,131.4068,PENDING_AG03,FALSE,NOT_FOR_ENFORCEMENT,161.3689,1189.0357,168.0926,161.3689,6.7237,0.12510899,0.12010463,6.7237,161.3689,0.12010463,6.7237,6.7237,6.7237,10.0856,10.0856,161.3689,0.12010463,40.3422,36.6857,127.7503,131.4068,0.09508283,0.09780429,0.00500436,6.5222,13.7620,1.8677,12.9302,7.6406,103.3515,6.9231,7.4080,6.5091,2.1082,2.1082,10.5412,15.1371,21.0824,31.6236,2.1082,-2.1082,10.0,15.0,3.093666,10,23,15,7,0.01654103,0.12510899,0.29090909,0E-8,0.000000,0.921857,0.000000,-0.16858874,2026-03-24,2026-08-01,13,22,20,131,0.099237,1.138102,1.135818,0.055137,,,,,,,,GLOBAL_BASELINE_NO_ENTITY_RANKING,,,NOT_APPLICABLE_GLOBAL_BASELINE,HF9g-P5,,,,X 全窗基线 · 不参与实体赏罚,6872845,688,A168_HF9F_20260827_0900,2026-08-27 09:00:00
2026-04-12,138031687,-1,1,6.7463580208,-6.7463580208,-6.7463580208,0E-7,1,1,0.49324550000000000,0.493245500000,-0.9865810262130424,-0.9865810262130424,-0.9865810262130424,0E-17,SENTINEL_DEALER,R03b_20260811_FULL_v1,L1_ELIGIBILITY,v2026-08-11,2026-03-21..2026-08-06,baccarat_bet02_101_all_pairs_incl_sentinel,round_win = game_pnl > 0 (decisive only),COMPATIBILITY_ONLY_NOT_PRODUCTION,1343.5690,1238.5788,168.0926,206,90,-0.12510899,-0.29090909,-0.12232035,-0.12510899,-168.0926,1343.5690,OK,0.0000,6.7237,4.0000,96.0000,AG03-UNRESOLVED,ALL5_LEVELS_bet23_to_bet27,6.7237,6.7237,6.7237,10.0856,10.0856,4.000000,4.000000,4.000000,6.000000,6.000000,96.000000,96.000000,96.000000,94.000000,94.000000,5.0,40.3422,36.6857,127.7503,131.4068,PENDING_AG03,FALSE,NOT_FOR_ENFORCEMENT,161.3689,1189.0357,168.0926,161.3689,6.7237,0.12510899,0.12010463,6.7237,161.3689,0.12010463,6.7237,6.7237,6.7237,10.0856,10.0856,161.3689,0.12010463,40.3422,36.6857,127.7503,131.4068,0.09508283,0.09780429,0.00500436,6.5222,13.7620,1.8677,12.9302,7.6406,103.3515,6.9231,7.4080,6.5091,2.1082,2.1082,10.5412,15.1371,21.0824,31.6236,2.1082,-2.1082,10.0,15.0,3.093666,10,23,15,7,0.01654103,0.12510899,0.29090909,0E-8,0.000000,0.921857,0.000000,-0.16858874,2026-03-24,2026-08-01,13,22,20,131,0.099237,1.138102,1.135818,0.055137,,,,,,,,GLOBAL_BASELINE_NO_ENTITY_RANKING,,,NOT_APPLICABLE_GLOBAL_BASELINE,HF9g-P5,,,,X 全窗基线 · 不参与实体赏罚,6872846,688,A168_HF9F_20260827_0900,2026-08-27 09:00:00
2026-04-12,138031687,2174,0,37.9482638670,-21.3986043472,-21.3986043472,0.4000000,9,5,0.46402674200000000,0.429445904000,-0.28708026594068375,-0.13301703035319082,-0.28708026594068375,0.03458083800000000,ELIGIBLE,R03b_20260811_FULL_v1,L1_ELIGIBILITY,v2026-08-11,2026-03-21..2026-08-06,baccarat_bet02_101_all_pairs_incl_sentinel,round_win = game_pnl > 0 (decisive only),COMPATIBILITY_ONLY_NOT_PRODUCTION,1343.5690,1238.5788,168.0926,206,90,-0.12510899,-0.29090909,-0.12232035,-0.12510899,-168.0926,1343.5690,OK,0.0000,6.7237,4.0000,96.0000,AG03-UNRESOLVED,ALL5_LEVELS_bet23_to_bet27,6.7237,6.7237,6.7237,10.0856,10.0856,4.000000,4.000000,4.000000,6.000000,6.000000,96.000000,96.000000,96.000000,94.000000,94.000000,5.0,40.3422,36.6857,127.7503,131.4068,PENDING_AG03,FALSE,NOT_FOR_ENFORCEMENT,161.3689,1189.0357,168.0926,161.3689,6.7237,0.12510899,0.12010463,6.7237,161.3689,0.12010463,6.7237,6.7237,6.7237,10.0856,10.0856,161.3689,0.12010463,40.3422,36.6857,127.7503,131.4068,0.09508283,0.09780429,0.00500436,6.5222,13.7620,1.8677,12.9302,7.6406,103.3515,6.9231,7.4080,6.5091,2.1082,2.1082,10.5412,15.1371,21.0824,31.6236,2.1082,-2.1082,10.0,15.0,3.093666,10,23,15,7,0.01654103,0.12510899,0.29090909,0E-8,0.000000,0.921857,0.000000,-0.16858874,2026-03-24,2026-08-01,13,22,20,131,0.099237,1.138102,1.135818,0.055137,,,,,,,,GLOBAL_BASELINE_NO_ENTITY_RANKING,,,NOT_APPLICABLE_GLOBAL_BASELINE,HF9g-P5,,,,X 全窗基线 · 不参与实体赏罚,6872847,688,A168_HF9F_20260827_0900,2026-08-27 09:00:00
2026-04-15,138031687,1490,0,113.8447916010,-31.6235532225,-31.6235532225,0.4000000,13,6,0.45888622298534799,0.385813624167,-0.26424202935872493,0.06516547935721187,-0.26424202935872493,0.07307259881834799,ELIGIBLE,R03b_20260811_FULL_v1,L1_ELIGIBILITY,v2026-08-11,2026-03-21..2026-08-06,baccarat_bet02_101_all_pairs_incl_sentinel,round_win = game_pnl > 0 (decisive only),COMPATIBILITY_ONLY_NOT_PRODUCTION,1343.5690,1238.5788,168.0926,206,90,-0.12510899,-0.29090909,-0.12232035,-0.12510899,-168.0926,1343.5690,OK,0.0000,6.7237,4.0000,96.0000,AG03-UNRESOLVED,ALL5_LEVELS_bet23_to_bet27,6.7237,6.7237,6.7237,10.0856,10.0856,4.000000,4.000000,4.000000,6.000000,6.000000,96.000000,96.000000,96.000000,94.000000,94.000000,5.0,40.3422,36.6857,127.7503,131.4068,PENDING_AG03,FALSE,NOT_FOR_ENFORCEMENT,161.3689,1189.0357,168.0926,161.3689,6.7237,0.12510899,0.12010463,6.7237,161.3689,0.12010463,6.7237,6.7237,6.7237,10.0856,10.0856,161.3689,0.12010463,40.3422,36.6857,127.7503,131.4068,0.09508283,0.09780429,0.00500436,6.5222,13.7620,1.8677,12.9302,7.6406,103.3515,6.9231,7.4080,6.5091,2.1082,2.1082,10.5412,15.1371,21.0824,31.6236,2.1082,-2.1082,10.0,15.0,3.093666,10,23,15,7,0.01654103,0.12510899,0.29090909,0E-8,0.000000,0.921857,0.000000,-0.16858874,2026-03-24,2026-08-01,13,22,20,131,0.099237,1.138102,1.135818,0.055137,,,,,,,,GLOBAL_BASELINE_NO_ENTITY_RANKING,,,NOT_APPLICABLE_GLOBAL_BASELINE,HF9g-P5,,,,X 全窗基线 · 不参与实体赏罚,6872848,688,A168_HF9F_20260827_0900,2026-08-27 09:00:00
2026-04-15,138031687,2101,0,10.5411844075,10.0141251871,10.0141251871,1.0000000,1,1,0.50665070000000000,0.506650700000,0.9867858985152569,0.9867858985152569,0.9867858985152569,0E-17,ELIGIBLE,R03b_20260811_FULL_v1,L1_ELIGIBILITY,v2026-08-11,2026-03-21..2026-08-06,baccarat_bet02_101_all_pairs_incl_sentinel,round_win = game_pnl > 0 (decisive only),COMPATIBILITY_ONLY_NOT_PRODUCTION,1343.5690,1238.5788,168.0926,206,90,-0.12510899,-0.29090909,-0.12232035,-0.12510899,-168.0926,1343.5690,OK,0.0000,6.7237,4.0000,96.0000,AG03-UNRESOLVED,ALL5_LEVELS_bet23_to_bet27,6.7237,6.7237,6.7237,10.0856,10.0856,4.000000,4.000000,4.000000,6.000000,6.000000,96.000000,96.000000,96.000000,94.000000,94.000000,5.0,40.3422,36.6857,127.7503,131.4068,PENDING_AG03,FALSE,NOT_FOR_ENFORCEMENT,161.3689,1189.0357,168.0926,161.3689,6.7237,0.12510899,0.12010463,6.7237,161.3689,0.12010463,6.7237,6.7237,6.7237,10.0856,10.0856,161.3689,0.12010463,40.3422,36.6857,127.7503,131.4068,0.09508283,0.09780429,0.00500436,6.5222,13.7620,1.8677,12.9302,7.6406,103.3515,6.9231,7.4080,6.5091,2.1082,2.1082,10.5412,15.1371,21.0824,31.6236,2.1082,-2.1082,10.0,15.0,3.093666,10,23,15,7,0.01654103,0.12510899,0.29090909,0E-8,0.000000,0.921857,0.000000,-0.16858874,2026-03-24,2026-08-01,13,22,20,131,0.099237,1.138102,1.135818,0.055137,,,,,,,,GLOBAL_BASELINE_NO_ENTITY_RANKING,,,NOT_APPLICABLE_GLOBAL_BASELINE,HF9g-P5,,,,X 全窗基线 · 不参与实体赏罚,6872849,688,A168_HF9F_20260827_0900,2026-08-27 09:00:00
2026-04-16,138031687,2248,0,3.3731790104,-3.3731790104,-3.3731790104,0E-7,1,1,0.50665070000000000,0.506650700000,-1.013391052207602,-1.013391052207602,-1.013391052207602,0E-17,ELIGIBLE,R03b_20260811_FULL_v1,L1_ELIGIBILITY,v2026-08-11,2026-03-21..2026-08-06,baccarat_bet02_101_all_pairs_incl_sentinel,round_win = game_pnl > 0 (decisive only),COMPATIBILITY_ONLY_NOT_PRODUCTION,1343.5690,1238.5788,168.0926,206,90,-0.12510899,-0.29090909,-0.12232035,-0.12510899,-168.0926,1343.5690,OK,0.0000,6.7237,4.0000,96.0000,AG03-UNRESOLVED,ALL5_LEVELS_bet23_to_bet27,6.7237,6.7237,6.7237,10.0856,10.0856,4.000000,4.000000,4.000000,6.000000,6.000000,96.000000,96.000000,96.000000,94.000000,94.000000,5.0,40.3422,36.6857,127.7503,131.4068,PENDING_AG03,FALSE,NOT_FOR_ENFORCEMENT,161.3689,1189.0357,168.0926,161.3689,6.7237,0.12510899,0.12010463,6.7237,161.3689,0.12010463,6.7237,6.7237,6.7237,10.0856,10.0856,161.3689,0.12010463,40.3422,36.6857,127.7503,131.4068,0.09508283,0.09780429,0.00500436,6.5222,13.7620,1.8677,12.9302,7.6406,103.3515,6.9231,7.4080,6.5091,2.1082,2.1082,10.5412,15.1371,21.0824,31.6236,2.1082,-2.1082,10.0,15.0,3.093666,10,23,15,7,0.01654103,0.12510899,0.29090909,0E-8,0.000000,0.921857,0.000000,-0.16858874,2026-03-24,2026-08-01,13,22,20,131,0.099237,1.138102,1.135818,0.055137,,,,,,,,GLOBAL_BASELINE_NO_ENTITY_RANKING,,,NOT_APPLICABLE_GLOBAL_BASELINE,HF9g-P5,,,,X 全窗基线 · 不参与实体赏罚,6872850,688,A168_HF9F_20260827_0900,2026-08-27 09:00:00
2026-04-17,138031687,1947,0,156.0095292307,10.5411844074,10.5411844074,0.5000000,8,8,0.49994810000000000,0.499948100000,0.00029359073713029245,0.00029359073713029245,0.00029359073713029245,0E-17,ELIGIBLE,R03b_20260811_FULL_v1,L1_ELIGIBILITY,v2026-08-11,2026-03-21..2026-08-06,baccarat_bet02_101_all_pairs_incl_sentinel,round_win = game_pnl > 0 (decisive only),COMPATIBILITY_ONLY_NOT_PRODUCTION,1343.5690,1238.5788,168.0926,206,90,-0.12510899,-0.29090909,-0.12232035,-0.12510899,-168.0926,1343.5690,OK,0.0000,6.7237,4.0000,96.0000,AG03-UNRESOLVED,ALL5_LEVELS_bet23_to_bet27,6.7237,6.7237,6.7237,10.0856,10.0856,4.000000,4.000000,4.000000,6.000000,6.000000,96.000000,96.000000,96.000000,94.000000,94.000000,5.0,40.3422,36.6857,127.7503,131.4068,PENDING_AG03,FALSE,NOT_FOR_ENFORCEMENT,161.3689,1189.0357,168.0926,161.3689,6.7237,0.12510899,0.12010463,6.7237,161.3689,0.12010463,6.7237,6.7237,6.7237,10.0856,10.0856,161.3689,0.12010463,40.3422,36.6857,127.7503,131.4068,0.09508283,0.09780429,0.00500436,6.5222,13.7620,1.8677,12.9302,7.6406,103.3515,6.9231,7.4080,6.5091,2.1082,2.1082,10.5412,15.1371,21.0824,31.6236,2.1082,-2.1082,10.0,15.0,3.093666,10,23,15,7,0.01654103,0.12510899,0.29090909,0E-8,0.000000,0.921857,0.000000,-0.16858874,2026-03-24,2026-08-01,13,22,20,131,0.099237,1.138102,1.135818,0.055137,,,,,,,,GLOBAL_BASELINE_NO_ENTITY_RANKING,,,NOT_APPLICABLE_GLOBAL_BASELINE,HF9g-P5,,,,X 全窗基线 · 不参与实体赏罚,6872851,688,A168_HF9F_20260827_0900,2026-08-27 09:00:00
2026-04-17,138031687,2134,0,31.6235532224,-31.6235532224,-31.6235532224,0E-7,1,1,0.50665070000000000,0.506650700000,-1.013391052207602,-1.013391052207602,-1.013391052207602,0E-17,ELIGIBLE,R03b_20260811_FULL_v1,L1_ELIGIBILITY,v2026-08-11,2026-03-21..2026-08-06,baccarat_bet02_101_all_pairs_incl_sentinel,round_win = game_pnl > 0 (decisive only),COMPATIBILITY_ONLY_NOT_PRODUCTION,1343.5690,1238.5788,168.0926,206,90,-0.12510899,-0.29090909,-0.12232035,-0.12510899,-168.0926,1343.5690,OK,0.0000,6.7237,4.0000,96.0000,AG03-UNRESOLVED,ALL5_LEVELS_bet23_to_bet27,6.7237,6.7237,6.7237,10.0856,10.0856,4.000000,4.000000,4.000000,6.000000,6.000000,96.000000,96.000000,96.000000,94.000000,94.000000,5.0,40.3422,36.6857,127.7503,131.4068,PENDING_AG03,FALSE,NOT_FOR_ENFORCEMENT,161.3689,1189.0357,168.0926,161.3689,6.7237,0.12510899,0.12010463,6.7237,161.3689,0.12010463,6.7237,6.7237,6.7237,10.0856,10.0856,161.3689,0.12010463,40.3422,36.6857,127.7503,131.4068,0.09508283,0.09780429,0.00500436,6.5222,13.7620,1.8677,12.9302,7.6406,103.3515,6.9231,7.4080,6.5091,2.1082,2.1082,10.5412,15.1371,21.0824,31.6236,2.1082,-2.1082,10.0,15.0,3.093666,10,23,15,7,0.01654103,0.12510899,0.29090909,0E-8,0.000000,0.921857,0.000000,-0.16858874,2026-03-24,2026-08-01,13,22,20,131,0.099237,1.138102,1.135818,0.055137,,,,,,,,GLOBAL_BASELINE_NO_ENTITY_RANKING,,,NOT_APPLICABLE_GLOBAL_BASELINE,HF9g-P5,,,,X 全窗基线 · 不参与实体赏罚,6872852,688,A168_HF9F_20260827_0900,2026-08-27 09:00:00
2026-04-17,138031687,2155,0,21.0823688150,0E-10,0E-10,,1,1,0.49324550000000000,0.493245500000,,,,0E-17,NO_DECISIVE_ROUND,R03b_20260811_FULL_v1,L1_ELIGIBILITY,v2026-08-11,2026-03-21..2026-08-06,baccarat_bet02_101_all_pairs_incl_sentinel,round_win = game_pnl > 0 (decisive only),COMPATIBILITY_ONLY_NOT_PRODUCTION,1343.5690,1238.5788,168.0926,206,90,-0.12510899,-0.29090909,-0.12232035,-0.12510899,-168.0926,1343.5690,OK,0.0000,6.7237,4.0000,96.0000,AG03-UNRESOLVED,ALL5_LEVELS_bet23_to_bet27,6.7237,6.7237,6.7237,10.0856,10.0856,4.000000,4.000000,4.000000,6.000000,6.000000,96.000000,96.000000,96.000000,94.000000,94.000000,5.0,40.3422,36.6857,127.7503,131.4068,PENDING_AG03,FALSE,NOT_FOR_ENFORCEMENT,161.3689,1189.0357,168.0926,161.3689,6.7237,0.12510899,0.12010463,6.7237,161.3689,0.12010463,6.7237,6.7237,6.7237,10.0856,10.0856,161.3689,0.12010463,40.3422,36.6857,127.7503,131.4068,0.09508283,0.09780429,0.00500436,6.5222,13.7620,1.8677,12.9302,7.6406,103.3515,6.9231,7.4080,6.5091,2.1082,2.1082,10.5412,15.1371,21.0824,31.6236,2.1082,-2.1082,10.0,15.0,3.093666,10,23,15,7,0.01654103,0.12510899,0.29090909,0E-8,0.000000,0.921857,0.000000,-0.16858874,2026-03-24,2026-08-01,13,22,20,131,0.099237,1.138102,1.135818,0.055137,,,,,,,,GLOBAL_BASELINE_NO_ENTITY_RANKING,,,NOT_APPLICABLE_GLOBAL_BASELINE,HF9g-P5,,,,X 全窗基线 · 不参与实体赏罚,6872853,688,A168_HF9F_20260827_0900,2026-08-27 09:00:00
2026-04-18,138031687,1384,0,7.5896527734,-3.7948263867,-3.7948263867,0E-7,2,2,0.49994810000000000,0.499948100000,-0.9998962053866608,-0.9998962053866608,-0.9998962053866608,0E-17,ELIGIBLE,R03b_20260811_FULL_v1,L1_ELIGIBILITY,v2026-08-11,2026-03-21..2026-08-06,baccarat_bet02_101_all_pairs_incl_sentinel,round_win = game_pnl > 0 (decisive only),COMPATIBILITY_ONLY_NOT_PRODUCTION,1343.5690,1238.5788,168.0926,206,90,-0.12510899,-0.29090909,-0.12232035,-0.12510899,-168.0926,1343.5690,OK,0.0000,6.7237,4.0000,96.0000,AG03-UNRESOLVED,ALL5_LEVELS_bet23_to_bet27,6.7237,6.7237,6.7237,10.0856,10.0856,4.000000,4.000000,4.000000,6.000000,6.000000,96.000000,96.000000,96.000000,94.000000,94.000000,5.0,40.3422,36.6857,127.7503,131.4068,PENDING_AG03,FALSE,NOT_FOR_ENFORCEMENT,161.3689,1189.0357,168.0926,161.3689,6.7237,0.12510899,0.12010463,6.7237,161.3689,0.12010463,6.7237,6.7237,6.7237,10.0856,10.0856,161.3689,0.12010463,40.3422,36.6857,127.7503,131.4068,0.09508283,0.09780429,0.00500436,6.5222,13.7620,1.8677,12.9302,7.6406,103.3515,6.9231,7.4080,6.5091,2.1082,2.1082,10.5412,15.1371,21.0824,31.6236,2.1082,-2.1082,10.0,15.0,3.093666,10,23,15,7,0.01654103,0.12510899,0.29090909,0E-8,0.000000,0.921857,0.000000,-0.16858874,2026-03-24,2026-08-01,13,22,20,131,0.099237,1.138102,1.135818,0.055137,,,,,,,,GLOBAL_BASELINE_NO_ENTITY_RANKING,,,NOT_APPLICABLE_GLOBAL_BASELINE,HF9g-P5,,,,X 全窗基线 · 不参与实体赏罚,6872854,688,A168_HF9F_20260827_0900,2026-08-27 09:00:00
2026-04-21,138031687,1017,0,2.1082368815,-2.1082368815,-2.1082368815,0E-7,1,1,0.50665070000000000,0.506650700000,-1.013391052207602,-1.013391052207602,-1.013391052207602,0E-17,ELIGIBLE,R03b_20260811_FULL_v1,L1_ELIGIBILITY,v2026-08-11,2026-03-21..2026-08-06,baccarat_bet02_101_all_pairs_incl_sentinel,round_win = game_pnl > 0 (decisive only),COMPATIBILITY_ONLY_NOT_PRODUCTION,1343.5690,1238.5788,168.0926,206,90,-0.12510899,-0.29090909,-0.12232035,-0.12510899,-168.0926,1343.5690,OK,0.0000,6.7237,4.0000,96.0000,AG03-UNRESOLVED,ALL5_LEVELS_bet23_to_bet27,6.7237,6.7237,6.7237,10.0856,10.0856,4.000000,4.000000,4.000000,6.000000,6.000000,96.000000,96.000000,96.000000,94.000000,94.000000,5.0,40.3422,36.6857,127.7503,131.4068,PENDING_AG03,FALSE,NOT_FOR_ENFORCEMENT,161.3689,1189.0357,168.0926,161.3689,6.7237,0.12510899,0.12010463,6.7237,161.3689,0.12010463,6.7237,6.7237,6.7237,10.0856,10.0856,161.3689,0.12010463,40.3422,36.6857,127.7503,131.4068,0.09508283,0.09780429,0.00500436,6.5222,13.7620,1.8677,12.9302,7.6406,103.3515,6.9231,7.4080,6.5091,2.1082,2.1082,10.5412,15.1371,21.0824,31.6236,2.1082,-2.1082,10.0,15.0,3.093666,10,23,15,7,0.01654103,0.12510899,0.29090909,0E-8,0.000000,0.921857,0.000000,-0.16858874,2026-03-24,2026-08-01,13,22,20,131,0.099237,1.138102,1.135818,0.055137,,,,,,,,GLOBAL_BASELINE_NO_ENTITY_RANKING,,,NOT_APPLICABLE_GLOBAL_BASELINE,HF9g-P5,,,,X 全窗基线 · 不参与实体赏罚,6872855,688,A168_HF9F_20260827_0900,2026-08-27 09:00:00
2026-04-21,138031687,1396,0,136.4029262330,19.2165791748,19.2165791748,0.6250000,19,8,0.44886501709092501,0.373988008750,1.0016217490534285,1.4673012838913617,1.0016217490534285,0.07487700834092501,ELIGIBLE,R03b_20260811_FULL_v1,L1_ELIGIBILITY,v2026-08-11,2026-03-21..2026-08-06,baccarat_bet02_101_all_pairs_incl_sentinel,round_win = game_pnl > 0 (decisive only),COMPATIBILITY_ONLY_NOT_PRODUCTION,1343.5690,1238.5788,168.0926,206,90,-0.12510899,-0.29090909,-0.12232035,-0.12510899,-168.0926,1343.5690,OK,0.0000,6.7237,4.0000,96.0000,AG03-UNRESOLVED,ALL5_LEVELS_bet23_to_bet27,6.7237,6.7237,6.7237,10.0856,10.0856,4.000000,4.000000,4.000000,6.000000,6.000000,96.000000,96.000000,96.000000,94.000000,94.000000,5.0,40.3422,36.6857,127.7503,131.4068,PENDING_AG03,FALSE,NOT_FOR_ENFORCEMENT,161.3689,1189.0357,168.0926,161.3689,6.7237,0.12510899,0.12010463,6.7237,161.3689,0.12010463,6.7237,6.7237,6.7237,10.0856,10.0856,161.3689,0.12010463,40.3422,36.6857,127.7503,131.4068,0.09508283,0.09780429,0.00500436,6.5222,13.7620,1.8677,12.9302,7.6406,103.3515,6.9231,7.4080,6.5091,2.1082,2.1082,10.5412,15.1371,21.0824,31.6236,2.1082,-2.1082,10.0,15.0,3.093666,10,23,15,7,0.01654103,0.12510899,0.29090909,0E-8,0.000000,0.921857,0.000000,-0.16858874,2026-03-24,2026-08-01,13,22,20,131,0.099237,1.138102,1.135818,0.055137,,,,,,,,GLOBAL_BASELINE_NO_ENTITY_RANKING,,,NOT_APPLICABLE_GLOBAL_BASELINE,HF9g-P5,,,,X 全窗基线 · 不参与实体赏罚,6872856,688,A168_HF9F_20260827_0900,2026-08-27 09:00:00
2026-04-21,138031687,2235,0,196.0660299794,0.8432947526,0.8432947526,0.5000000,28,8,0.41862524642854281,0.266390957500,0.4665453740090722,1.4946605279582454,0.4665453740090722,0.15223428892854281,ELIGIBLE,R03b_20260811_FULL_v1,L1_ELIGIBILITY,v2026-08-11,2026-03-21..2026-08-06,baccarat_bet02_101_all_pairs_incl_sentinel,round_win = game_pnl > 0 (decisive only),COMPATIBILITY_ONLY_NOT_PRODUCTION,1343.5690,1238.5788,168.0926,206,90,-0.12510899,-0.29090909,-0.12232035,-0.12510899,-168.0926,1343.5690,OK,0.0000,6.7237,4.0000,96.0000,AG03-UNRESOLVED,ALL5_LEVELS_bet23_to_bet27,6.7237,6.7237,6.7237,10.0856,10.0856,4.000000,4.000000,4.000000,6.000000,6.000000,96.000000,96.000000,96.000000,94.000000,94.000000,5.0,40.3422,36.6857,127.7503,131.4068,PENDING_AG03,FALSE,NOT_FOR_ENFORCEMENT,161.3689,1189.0357,168.0926,161.3689,6.7237,0.12510899,0.12010463,6.7237,161.3689,0.12010463,6.7237,6.7237,6.7237,10.0856,10.0856,161.3689,0.12010463,40.3422,36.6857,127.7503,131.4068,0.09508283,0.09780429,0.00500436,6.5222,13.7620,1.8677,12.9302,7.6406,103.3515,6.9231,7.4080,6.5091,2.1082,2.1082,10.5412,15.1371,21.0824,31.6236,2.1082,-2.1082,10.0,15.0,3.093666,10,23,15,7,0.01654103,0.12510899,0.29090909,0E-8,0.000000,0.921857,0.000000,-0.16858874,2026-03-24,2026-08-01,13,22,20,131,0.099237,1.138102,1.135818,0.055137,,,,,,,,GLOBAL_BASELINE_NO_ENTITY_RANKING,,,NOT_APPLICABLE_GLOBAL_BASELINE,HF9g-P5,,,,X 全窗基线 · 不参与实体赏罚,6872857,688,A168_HF9F_20260827_0900,2026-08-27 09:00:00
2026-04-21,138031687,2246,0,31.6235532225,-10.5411844075,-10.5411844075,0.5000000,6,2,0.41087575000000000,0.328506000000,0.25618410548363246,0.5163821324611564,0.25618410548363246,0.08236975000000000,ELIGIBLE,R03b_20260811_FULL_v1,L1_ELIGIBILITY,v2026-08-11,2026-03-21..2026-08-06,baccarat_bet02_101_all_pairs_incl_sentinel,round_win = game_pnl > 0 (decisive only),COMPATIBILITY_ONLY_NOT_PRODUCTION,1343.5690,1238.5788,168.0926,206,90,-0.12510899,-0.29090909,-0.12232035,-0.12510899,-168.0926,1343.5690,OK,0.0000,6.7237,4.0000,96.0000,AG03-UNRESOLVED,ALL5_LEVELS_bet23_to_bet27,6.7237,6.7237,6.7237,10.0856,10.0856,4.000000,4.000000,4.000000,6.000000,6.000000,96.000000,96.000000,96.000000,94.000000,94.000000,5.0,40.3422,36.6857,127.7503,131.4068,PENDING_AG03,FALSE,NOT_FOR_ENFORCEMENT,161.3689,1189.0357,168.0926,161.3689,6.7237,0.12510899,0.12010463,6.7237,161.3689,0.12010463,6.7237,6.7237,6.7237,10.0856,10.0856,161.3689,0.12010463,40.3422,36.6857,127.7503,131.4068,0.09508283,0.09780429,0.00500436,6.5222,13.7620,1.8677,12.9302,7.6406,103.3515,6.9231,7.4080,6.5091,2.1082,2.1082,10.5412,15.1371,21.0824,31.6236,2.1082,-2.1082,10.0,15.0,3.093666,10,23,15,7,0.01654103,0.12510899,0.29090909,0E-8,0.000000,0.921857,0.000000,-0.16858874,2026-03-24,2026-08-01,13,22,20,131,0.099237,1.138102,1.135818,0.055137,,,,,,,,GLOBAL_BASELINE_NO_ENTITY_RANKING,,,NOT_APPLICABLE_GLOBAL_BASELINE,HF9g-P5,,,,X 全窗基线 · 不参与实体赏罚,6872858,688,A168_HF9F_20260827_0900,2026-08-27 09:00:00
2026-04-24,138031687,1400,0,19.1849556216,-8.6437712141,-8.6437712141,0E-7,2,2,0.49994810000000000,0.499948100000,-0.9998962053866608,-0.9998962053866608,-0.9998962053866608,0E-17,ELIGIBLE,R03b_20260811_FULL_v1,L1_ELIGIBILITY,v2026-08-11,2026-03-21..2026-08-06,baccarat_bet02_101_all_pairs_incl_sentinel,round_win = game_pnl > 0 (decisive only),COMPATIBILITY_ONLY_NOT_PRODUCTION,1343.5690,1238.5788,168.0926,206,90,-0.12510899,-0.29090909,-0.12232035,-0.12510899,-168.0926,1343.5690,OK,0.0000,6.7237,4.0000,96.0000,AG03-UNRESOLVED,ALL5_LEVELS_bet23_to_bet27,6.7237,6.7237,6.7237,10.0856,10.0856,4.000000,4.000000,4.000000,6.000000,6.000000,96.000000,96.000000,96.000000,94.000000,94.000000,5.0,40.3422,36.6857,127.7503,131.4068,PENDING_AG03,FALSE,NOT_FOR_ENFORCEMENT,161.3689,1189.0357,168.0926,161.3689,6.7237,0.12510899,0.12010463,6.7237,161.3689,0.12010463,6.7237,6.7237,6.7237,10.0856,10.0856,161.3689,0.12010463,40.3422,36.6857,127.7503,131.4068,0.09508283,0.09780429,0.00500436,6.5222,13.7620,1.8677,12.9302,7.6406,103.3515,6.9231,7.4080,6.5091,2.1082,2.1082,10.5412,15.1371,21.0824,31.6236,2.1082,-2.1082,10.0,15.0,3.093666,10,23,15,7,0.01654103,0.12510899,0.29090909,0E-8,0.000000,0.921857,0.000000,-0.16858874,2026-03-24,2026-08-01,13,22,20,131,0.099237,1.138102,1.135818,0.055137,,,,,,,,GLOBAL_BASELINE_NO_ENTITY_RANKING,,,NOT_APPLICABLE_GLOBAL_BASELINE,HF9g-P5,,,,X 全窗基线 · 不参与实体赏罚,6872859,688,A168_HF9F_20260827_0900,2026-08-27 09:00:00
2026-04-24,138031687,1702,0,14.7576581705,-14.7576581705,-14.7576581705,0E-7,1,1,0.49324550000000000,0.493245500000,-0.9865810262130424,-0.9865810262130424,-0.9865810262130424,0E-17,ELIGIBLE,R03b_20260811_FULL_v1,L1_ELIGIBILITY,v2026-08-11,2026-03-21..2026-08-06,baccarat_bet02_101_all_pairs_incl_sentinel,round_win = game_pnl > 0 (decisive only),COMPATIBILITY_ONLY_NOT_PRODUCTION,1343.5690,1238.5788,168.0926,206,90,-0.12510899,-0.29090909,-0.12232035,-0.12510899,-168.0926,1343.5690,OK,0.0000,6.7237,4.0000,96.0000,AG03-UNRESOLVED,ALL5_LEVELS_bet23_to_bet27,6.7237,6.7237,6.7237,10.0856,10.0856,4.000000,4.000000,4.000000,6.000000,6.000000,96.000000,96.000000,96.000000,94.000000,94.000000,5.0,40.3422,36.6857,127.7503,131.4068,PENDING_AG03,FALSE,NOT_FOR_ENFORCEMENT,161.3689,1189.0357,168.0926,161.3689,6.7237,0.12510899,0.12010463,6.7237,161.3689,0.12010463,6.7237,6.7237,6.7237,10.0856,10.0856,161.3689,0.12010463,40.3422,36.6857,127.7503,131.4068,0.09508283,0.09780429,0.00500436,6.5222,13.7620,1.8677,12.9302,7.6406,103.3515,6.9231,7.4080,6.5091,2.1082,2.1082,10.5412,15.1371,21.0824,31.6236,2.1082,-2.1082,10.0,15.0,3.093666,10,23,15,7,0.01654103,0.12510899,0.29090909,0E-8,0.000000,0.921857,0.000000,-0.16858874,2026-03-24,2026-08-01,13,22,20,131,0.099237,1.138102,1.135818,0.055137,,,,,,,,GLOBAL_BASELINE_NO_ENTITY_RANKING,,,NOT_APPLICABLE_GLOBAL_BASELINE,HF9g-P5,,,,X 全窗基线 · 不参与实体赏罚,6872860,688,A168_HF9F_20260827_0900,2026-08-27 09:00:00
2026-04-24,138031687,2145,0,30.9910821580,-10.4357725634,-10.4357725634,0.5000000,6,2,0.41752482886576147,0.333746510000,0.23651482122440418,0.49860617606376245,0.23651482122440418,0.08377831886576147,ELIGIBLE,R03b_20260811_FULL_v1,L1_ELIGIBILITY,v2026-08-11,2026-03-21..2026-08-06,baccarat_bet02_101_all_pairs_incl_sentinel,round_win = game_pnl > 0 (decisive only),COMPATIBILITY_ONLY_NOT_PRODUCTION,1343.5690,1238.5788,168.0926,206,90,-0.12510899,-0.29090909,-0.12232035,-0.12510899,-168.0926,1343.5690,OK,0.0000,6.7237,4.0000,96.0000,AG03-UNRESOLVED,ALL5_LEVELS_bet23_to_bet27,6.7237,6.7237,6.7237,10.0856,10.0856,4.000000,4.000000,4.000000,6.000000,6.000000,96.000000,96.000000,96.000000,94.000000,94.000000,5.0,40.3422,36.6857,127.7503,131.4068,PENDING_AG03,FALSE,NOT_FOR_ENFORCEMENT,161.3689,1189.0357,168.0926,161.3689,6.7237,0.12510899,0.12010463,6.7237,161.3689,0.12010463,6.7237,6.7237,6.7237,10.0856,10.0856,161.3689,0.12010463,40.3422,36.6857,127.7503,131.4068,0.09508283,0.09780429,0.00500436,6.5222,13.7620,1.8677,12.9302,7.6406,103.3515,6.9231,7.4080,6.5091,2.1082,2.1082,10.5412,15.1371,21.0824,31.6236,2.1082,-2.1082,10.0,15.0,3.093666,10,23,15,7,0.01654103,0.12510899,0.29090909,0E-8,0.000000,0.921857,0.000000,-0.16858874,2026-03-24,2026-08-01,13,22,20,131,0.099237,1.138102,1.135818,0.055137,,,,,,,,GLOBAL_BASELINE_NO_ENTITY_RANKING,,,NOT_APPLICABLE_GLOBAL_BASELINE,HF9g-P5,,,,X 全窗基线 · 不参与实体赏罚,6872861,688,A168_HF9F_20260827_0900,2026-08-27 09:00:00
2026-06-10,138031687,1318,0,20.7714517168,-4.1542903434,-4.1542903434,0.5000000,3,2,0.45207969999960363,0.390331000000,0.13616588953737027,0.31793277647471735,0.13616588953737027,0.06174869999960363,ELIGIBLE,R03b_20260811_FULL_v1,L1_ELIGIBILITY,v2026-08-11,2026-03-21..2026-08-06,baccarat_bet02_101_all_pairs_incl_sentinel,round_win = game_pnl > 0 (decisive only),COMPATIBILITY_ONLY_NOT_PRODUCTION,1343.5690,1238.5788,168.0926,206,90,-0.12510899,-0.29090909,-0.12232035,-0.12510899,-168.0926,1343.5690,OK,0.0000,6.7237,4.0000,96.0000,AG03-UNRESOLVED,ALL5_LEVELS_bet23_to_bet27,6.7237,6.7237,6.7237,10.0856,10.0856,4.000000,4.000000,4.000000,6.000000,6.000000,96.000000,96.000000,96.000000,94.000000,94.000000,5.0,40.3422,36.6857,127.7503,131.4068,PENDING_AG03,FALSE,NOT_FOR_ENFORCEMENT,161.3689,1189.0357,168.0926,161.3689,6.7237,0.12510899,0.12010463,6.7237,161.3689,0.12010463,6.7237,6.7237,6.7237,10.0856,10.0856,161.3689,0.12010463,40.3422,36.6857,127.7503,131.4068,0.09508283,0.09780429,0.00500436,6.5222,13.7620,1.8677,12.9302,7.6406,103.3515,6.9231,7.4080,6.5091,2.1082,2.1082,10.5412,15.1371,21.0824,31.6236,2.1082,-2.1082,10.0,15.0,3.093666,10,23,15,7,0.01654103,0.12510899,0.29090909,0E-8,0.000000,0.921857,0.000000,-0.16858874,2026-03-24,2026-08-01,13,22,20,131,0.099237,1.138102,1.135818,0.055137,,,,,,,,GLOBAL_BASELINE_NO_ENTITY_RANKING,,,NOT_APPLICABLE_GLOBAL_BASELINE,HF9g-P5,,,,X 全窗基线 · 不参与实体赏罚,6872862,688,A168_HF9F_20260827_0900,2026-08-27 09:00:00
2026-08-01,138031687,1307,0,22.2240181025,-6.4651689025,-6.4651689025,0.3333333,3,3,0.49771390000000000,0.497713900000,-0.5694369385616226,-0.5694369385616226,-0.5694369385616226,0E-17,ELIGIBLE,R03b_20260811_FULL_v1,L1_ELIGIBILITY,v2026-08-11,2026-03-21..2026-08-06,baccarat_bet02_101_all_pairs_incl_sentinel,round_win = game_pnl > 0 (decisive only),COMPATIBILITY_ONLY_NOT_PRODUCTION,1343.5690,1238.5788,168.0926,206,90,-0.12510899,-0.29090909,-0.12232035,-0.12510899,-168.0926,1343.5690,OK,0.0000,6.7237,4.0000,96.0000,AG03-UNRESOLVED,ALL5_LEVELS_bet23_to_bet27,6.7237,6.7237,6.7237,10.0856,10.0856,4.000000,4.000000,4.000000,6.000000,6.000000,96.000000,96.000000,96.000000,94.000000,94.000000,5.0,40.3422,36.6857,127.7503,131.4068,PENDING_AG03,FALSE,NOT_FOR_ENFORCEMENT,161.3689,1189.0357,168.0926,161.3689,6.7237,0.12510899,0.12010463,6.7237,161.3689,0.12010463,6.7237,6.7237,6.7237,10.0856,10.0856,161.3689,0.12010463,40.3422,36.6857,127.7503,131.4068,0.09508283,0.09780429,0.00500436,6.5222,13.7620,1.8677,12.9302,7.6406,103.3515,6.9231,7.4080,6.5091,2.1082,2.1082,10.5412,15.1371,21.0824,31.6236,2.1082,-2.1082,10.0,15.0,3.093666,10,23,15,7,0.01654103,0.12510899,0.29090909,0E-8,0.000000,0.921857,0.000000,-0.16858874,2026-03-24,2026-08-01,13,22,20,131,0.099237,1.138102,1.135818,0.055137,,,,,,,,GLOBAL_BASELINE_NO_ENTITY_RANKING,,,NOT_APPLICABLE_GLOBAL_BASELINE,HF9g-P5,,,,X 全窗基线 · 不参与实体赏罚,6872863,688,A168_HF9F_20260827_0900,2026-08-27 09:00:00
2026-05-18,147813468,1331,0,368.0000000000,-268.0000000000,-268.0000000000,0E-7,3,3,0.49324550000000000,0.493245500000,-1.3952362676504506,-1.3952362676504506,-1.3952362676504506,0E-17,ELIGIBLE,R03b_20260811_FULL_v1,L1_ELIGIBILITY,v2026-08-11,2026-03-21..2026-08-06,baccarat_bet02_101_all_pairs_incl_sentinel,round_win = game_pnl > 0 (decisive only),COMPATIBILITY_ONLY_NOT_PRODUCTION,1169.0000,1069.0000,168.1000,8,8,-0.14379812,,-0.14379812,-0.14379812,-168.1000,1169.0000,THIN_EXPOSURE,0.0000,6.7240,4.0000,96.0000,AG03-UNRESOLVED,ALL5_LEVELS_bet23_to_bet27,6.7240,6.7240,6.7240,8.4050,8.4050,4.000000,4.000000,4.000000,5.000000,5.000000,96.000000,96.000000,96.000000,95.000000,95.000000,5.0,36.9820,33.8765,131.1180,134.2235,PENDING_AG03,FALSE,NOT_FOR_ENFORCEMENT,161.3760,1026.2400,168.1000,161.3760,6.7240,0.14379812,0.13804619,6.7240,161.3760,0.13804619,6.7240,6.7240,6.7240,8.4050,8.4050,161.3760,0.13804619,36.9820,33.8765,131.1180,134.2235,0.11216253,0.11481909,0.00575192,146.1250,133.6250,21.0125,56.0333,56.0333,389.6667,2.6667,,146.1250,105.0,150.5,179.0,199.4,200.0,200.0,150.5,-54.0,1.328904,1.328904,0.97093,3,3,3,2,0E-8,0.14379812,,0E-8,0.000000,0.914457,0.000000,,2026-05-18,2026-07-02,3,3,3,46,0.065217,,,0.000000,,,,,,,,GLOBAL_BASELINE_NO_ENTITY_RANKING,,,NOT_APPLICABLE_GLOBAL_BASELINE,HF9g-P5,,,,X 全窗基线 · 不参与实体赏罚,6872864,688,A168_HF9F_20260827_0900,2026-08-27 09:00:00
2026-06-20,147813468,-1,1,300.0000000000,-101.1000000000,-101.1000000000,0.5000000,2,2,0.50665070000000000,0.506650700000,-0.018812684590367487,-0.018812684590367487,-0.018812684590367487,0E-17,SENTINEL_DEALER,R03b_20260811_FULL_v1,L1_ELIGIBILITY,v2026-08-11,2026-03-21..2026-08-06,baccarat_bet02_101_all_pairs_incl_sentinel,round_win = game_pnl > 0 (decisive only),COMPATIBILITY_ONLY_NOT_PRODUCTION,1169.0000,1069.0000,168.1000,8,8,-0.14379812,,-0.14379812,-0.14379812,-168.1000,1169.0000,THIN_EXPOSURE,0.0000,6.7240,4.0000,96.0000,AG03-UNRESOLVED,ALL5_LEVELS_bet23_to_bet27,6.7240,6.7240,6.7240,8.4050,8.4050,4.000000,4.000000,4.000000,5.000000,5.000000,96.000000,96.000000,96.000000,95.000000,95.000000,5.0,36.9820,33.8765,131.1180,134.2235,PENDING_AG03,FALSE,NOT_FOR_ENFORCEMENT,161.3760,1026.2400,168.1000,161.3760,6.7240,0.14379812,0.13804619,6.7240,161.3760,0.13804619,6.7240,6.7240,6.7240,8.4050,8.4050,161.3760,0.13804619,36.9820,33.8765,131.1180,134.2235,0.11216253,0.11481909,0.00575192,146.1250,133.6250,21.0125,56.0333,56.0333,389.6667,2.6667,,146.1250,105.0,150.5,179.0,199.4,200.0,200.0,150.5,-54.0,1.328904,1.328904,0.97093,3,3,3,2,0E-8,0.14379812,,0E-8,0.000000,0.914457,0.000000,,2026-05-18,2026-07-02,3,3,3,46,0.065217,,,0.000000,,,,,,,,GLOBAL_BASELINE_NO_ENTITY_RANKING,,,NOT_APPLICABLE_GLOBAL_BASELINE,HF9g-P5,,,,X 全窗基线 · 不参与实体赏罚,6872865,688,A168_HF9F_20260827_0900,2026-08-27 09:00:00
2026-07-02,147813468,2261,0,501.0000000000,201.0000000000,201.0000000000,0.6666667,3,3,0.49324550000000000,0.493245500000,0.6008033672792107,0.6008033672792106,0.6008033672792107,0E-17,ELIGIBLE,R03b_20260811_FULL_v1,L1_ELIGIBILITY,v2026-08-11,2026-03-21..2026-08-06,baccarat_bet02_101_all_pairs_incl_sentinel,round_win = game_pnl > 0 (decisive only),COMPATIBILITY_ONLY_NOT_PRODUCTION,1169.0000,1069.0000,168.1000,8,8,-0.14379812,,-0.14379812,-0.14379812,-168.1000,1169.0000,THIN_EXPOSURE,0.0000,6.7240,4.0000,96.0000,AG03-UNRESOLVED,ALL5_LEVELS_bet23_to_bet27,6.7240,6.7240,6.7240,8.4050,8.4050,4.000000,4.000000,4.000000,5.000000,5.000000,96.000000,96.000000,96.000000,95.000000,95.000000,5.0,36.9820,33.8765,131.1180,134.2235,PENDING_AG03,FALSE,NOT_FOR_ENFORCEMENT,161.3760,1026.2400,168.1000,161.3760,6.7240,0.14379812,0.13804619,6.7240,161.3760,0.13804619,6.7240,6.7240,6.7240,8.4050,8.4050,161.3760,0.13804619,36.9820,33.8765,131.1180,134.2235,0.11216253,0.11481909,0.00575192,146.1250,133.6250,21.0125,56.0333,56.0333,389.6667,2.6667,,146.1250,105.0,150.5,179.0,199.4,200.0,200.0,150.5,-54.0,1.328904,1.328904,0.97093,3,3,3,2,0E-8,0.14379812,,0E-8,0.000000,0.914457,0.000000,,2026-05-18,2026-07-02,3,3,3,46,0.065217,,,0.000000,,,,,,,,GLOBAL_BASELINE_NO_ENTITY_RANKING,,,NOT_APPLICABLE_GLOBAL_BASELINE,HF9g-P5,,,,X 全窗基线 · 不参与实体赏罚,6872866,688,A168_HF9F_20260827_0900,2026-08-27 09:00:00
2026-04-22,61896923,2174,0,104.7038190720,77.2190665656,77.2190665656,0.8750000,8,8,0.49659680000000000,0.496596800000,2.1406213348847456,2.140621334884746,2.1406213348847456,0E-17,ELIGIBLE,R03b_20260811_FULL_v1,L1_ELIGIBILITY,v2026-08-11,2026-03-21..2026-08-06,baccarat_bet02_101_all_pairs_incl_sentinel,round_win = game_pnl > 0 (decisive only),COMPATIBILITY_ONLY_NOT_PRODUCTION,375.7394,375.7394,168.1009,10,10,-0.44738710,,-0.44738710,-0.44738710,-168.1009,375.7394,THIN_EXPOSURE,0.0000,6.7240,4.0000,96.0000,AG03-UNRESOLVED,ALL5_LEVELS_bet23_to_bet27,6.7240,6.7240,6.7240,8.4050,8.4050,4.000000,4.000000,4.000000,5.000000,5.000000,96.000000,96.000000,96.000000,95.000000,95.000000,5.0,36.9822,33.8767,131.1187,134.2243,PENDING_AG03,FALSE,NOT_FOR_ENFORCEMENT,161.3769,360.7098,168.1009,161.3769,6.7240,0.44738710,0.42949162,6.7240,161.3769,0.42949162,6.7240,6.7240,6.7240,8.4050,8.4050,161.3769,0.42949162,36.9822,33.8767,131.1187,134.2243,0.34896194,0.35722708,0.01789548,37.5739,37.5739,16.8101,56.0336,56.0336,125.2465,3.3333,,37.5739,13.088,13.088,13.088,135.6329,258.1778,258.1778,13.088,12.9729,19.726333,19.726333,2.870874,3,3,3,2,0E-8,0.44738710,,0E-8,0.000000,1.000000,0.000000,,2026-04-22,2026-06-30,3,3,3,70,0.042857,,,0.000000,,,,,,,,GLOBAL_BASELINE_NO_ENTITY_RANKING,,,NOT_APPLICABLE_GLOBAL_BASELINE,HF9g-P5,,,,X 全窗基线 · 不参与实体赏罚,6872867,688,A168_HF9F_20260827_0900,2026-08-27 09:00:00
2026-06-03,61896923,2123,0,12.8577673773,12.8577673773,12.8577673773,1.0000000,1,1,0.49324550000000000,0.493245500000,1.01360149184955,1.01360149184955,1.01360149184955,0E-17,ELIGIBLE,R03b_20260811_FULL_v1,L1_ELIGIBILITY,v2026-08-11,2026-03-21..2026-08-06,baccarat_bet02_101_all_pairs_incl_sentinel,round_win = game_pnl > 0 (decisive only),COMPATIBILITY_ONLY_NOT_PRODUCTION,375.7394,375.7394,168.1009,10,10,-0.44738710,,-0.44738710,-0.44738710,-168.1009,375.7394,THIN_EXPOSURE,0.0000,6.7240,4.0000,96.0000,AG03-UNRESOLVED,ALL5_LEVELS_bet23_to_bet27,6.7240,6.7240,6.7240,8.4050,8.4050,4.000000,4.000000,4.000000,5.000000,5.000000,96.000000,96.000000,96.000000,95.000000,95.000000,5.0,36.9822,33.8767,131.1187,134.2243,PENDING_AG03,FALSE,NOT_FOR_ENFORCEMENT,161.3769,360.7098,168.1009,161.3769,6.7240,0.44738710,0.42949162,6.7240,161.3769,0.42949162,6.7240,6.7240,6.7240,8.4050,8.4050,161.3769,0.42949162,36.9822,33.8767,131.1187,134.2243,0.34896194,0.35722708,0.01789548,37.5739,37.5739,16.8101,56.0336,56.0336,125.2465,3.3333,,37.5739,13.088,13.088,13.088,135.6329,258.1778,258.1778,13.088,12.9729,19.726333,19.726333,2.870874,3,3,3,2,0E-8,0.44738710,,0E-8,0.000000,1.000000,0.000000,,2026-04-22,2026-06-30,3,3,3,70,0.042857,,,0.000000,,,,,,,,GLOBAL_BASELINE_NO_ENTITY_RANKING,,,NOT_APPLICABLE_GLOBAL_BASELINE,HF9g-P5,,,,X 全窗基线 · 不参与实体赏罚,6872868,688,A168_HF9F_20260827_0900,2026-08-27 09:00:00
2026-06-30,61896923,2088,0,258.1777812201,-258.1777812201,-258.1777812201,0E-7,1,1,0.49324550000000000,0.493245500000,-0.9865810262130424,-0.9865810262130424,-0.9865810262130424,0E-17,ELIGIBLE,R03b_20260811_FULL_v1,L1_ELIGIBILITY,v2026-08-11,2026-03-21..2026-08-06,baccarat_bet02_101_all_pairs_incl_sentinel,round_win = game_pnl > 0 (decisive only),COMPATIBILITY_ONLY_NOT_PRODUCTION,375.7394,375.7394,168.1009,10,10,-0.44738710,,-0.44738710,-0.44738710,-168.1009,375.7394,THIN_EXPOSURE,0.0000,6.7240,4.0000,96.0000,AG03-UNRESOLVED,ALL5_LEVELS_bet23_to_bet27,6.7240,6.7240,6.7240,8.4050,8.4050,4.000000,4.000000,4.000000,5.000000,5.000000,96.000000,96.000000,96.000000,95.000000,95.000000,5.0,36.9822,33.8767,131.1187,134.2243,PENDING_AG03,FALSE,NOT_FOR_ENFORCEMENT,161.3769,360.7098,168.1009,161.3769,6.7240,0.44738710,0.42949162,6.7240,161.3769,0.42949162,6.7240,6.7240,6.7240,8.4050,8.4050,161.3769,0.42949162,36.9822,33.8767,131.1187,134.2243,0.34896194,0.35722708,0.01789548,37.5739,37.5739,16.8101,56.0336,56.0336,125.2465,3.3333,,37.5739,13.088,13.088,13.088,135.6329,258.1778,258.1778,13.088,12.9729,19.726333,19.726333,2.870874,3,3,3,2,0E-8,0.44738710,,0E-8,0.000000,1.000000,0.000000,,2026-04-22,2026-06-30,3,3,3,70,0.042857,,,0.000000,,,,,,,,GLOBAL_BASELINE_NO_ENTITY_RANKING,,,NOT_APPLICABLE_GLOBAL_BASELINE,HF9g-P5,,,,X 全窗基线 · 不参与实体赏罚,6872869,688,A168_HF9F_20260827_0900,2026-08-27 09:00:00
2026-06-19,151765566,2261,0,166.3795098619,-166.3795098619,-166.3795098619,0E-7,1,1,0.50665070000000000,0.506650700000,-1.013391052207602,-1.013391052207602,-1.013391052207602,0E-17,ELIGIBLE,R03b_20260811_FULL_v1,L1_ELIGIBILITY,v2026-08-11,2026-03-21..2026-08-06,baccarat_bet02_101_all_pairs_incl_sentinel,round_win = game_pnl > 0 (decisive only),COMPATIBILITY_ONLY_NOT_PRODUCTION,166.3795,166.3795,166.3795,1,1,-1.00000000,,-1.00000000,-1.00000000,-166.3795,166.3795,THIN_EXPOSURE,0.0000,4.9914,3.0000,97.0000,AG03-UNRESOLVED,ALL5_LEVELS_bet23_to_bet27,4.9914,4.9914,4.9914,6.6552,6.6552,3.000000,3.000000,3.000000,4.000000,4.000000,97.000000,97.000000,97.000000,96.000000,96.000000,5.0,28.2845,26.4345,138.0950,139.945,PENDING_AG03,FALSE,NOT_FOR_ENFORCEMENT,161.3881,161.3881,166.3795,161.3881,4.9914,1.00000000,0.97000000,4.9914,161.3881,0.97000000,4.9914,4.9914,4.9914,6.6552,6.6552,161.3881,0.97000000,28.2845,26.4345,138.0950,139.945,0.83000000,0.84111944,0.03000000,166.3795,166.3795,166.3795,166.3795,166.3795,166.3795,1.0000,,166.3795,166.3795,166.3795,166.3795,166.3795,166.3795,166.3795,166.3795,-166.3795,1.0,1.0,1.0,1,1,1,1,0E-8,1.00000000,,0E-8,0.000000,1.000000,0.000000,,2026-06-19,2026-06-19,1,1,1,1,1.000000,,,0.000000,,,,,,,,GLOBAL_BASELINE_NO_ENTITY_RANKING,,,NOT_APPLICABLE_GLOBAL_BASELINE,HF9g-P5,,,,X 全窗基线 · 不参与实体赏罚,6872870,688,A168_HF9F_20260827_0900,2026-08-27 09:00:00
2026-07-03,152519971,1490,0,42.2740408112,-42.2740408112,-42.2740408112,0E-7,1,1,0.50665070000000000,0.506650700000,-1.013391052207602,-1.013391052207602,-1.013391052207602,0E-17,ELIGIBLE,R03b_20260811_FULL_v1,L1_ELIGIBILITY,v2026-08-11,2026-03-21..2026-08-06,baccarat_bet02_101_all_pairs_incl_sentinel,round_win = game_pnl > 0 (decisive only),COMPATIBILITY_ONLY_NOT_PRODUCTION,206.5784,206.5784,168.1151,5,5,-0.81380758,-1.00000000,-0.62768031,-0.81380758,-168.1151,206.5784,THIN_EXPOSURE,0.0000,6.7246,4.0000,96.0000,AG03-UNRESOLVED,ALL5_LEVELS_bet23_to_bet27,6.7246,6.7246,6.7246,6.7246,6.7246,4.000000,4.000000,4.000000,4.000000,4.000000,96.000000,96.000000,96.000000,96.000000,96.000000,5.0,33.6230,31.0386,134.4921,137.0765,PENDING_AG03,FALSE,NOT_FOR_ENFORCEMENT,161.3905,198.3153,168.1151,161.3905,6.7246,0.81380758,0.78125528,6.7246,161.3905,0.78125528,6.7246,6.7246,6.7246,6.7246,6.7246,161.3905,0.78125528,33.6230,31.0386,134.4921,137.0765,0.65104607,0.66355648,0.03255230,41.3157,41.3157,33.6230,84.0575,42.0288,103.2892,2.5000,51.6356,34.4358,22.3776,41.3085,51.7079,80.0093,80.0093,80.0093,41.3085,-41.3085,1.936875,1.936875,1.000175,4,4,2,2,0.49991252,0.81380758,1.00000000,0E-8,0.000000,1.000000,0.000000,-0.37231969,2026-07-03,2026-07-09,2,4,4,7,0.285714,1.499475,1.249781,1.666375,,,,,,,,GLOBAL_BASELINE_NO_ENTITY_RANKING,,,NOT_APPLICABLE_GLOBAL_BASELINE,HF9g-P5,,,,X 全窗基线 · 不参与实体赏罚,6872871,688,A168_HF9F_20260827_0900,2026-08-27 09:00:00
2026-07-03,152519971,2254,0,61.0332432378,-22.5699074613,-22.5699074613,0.5000000,2,2,0.50665070000000000,0.506650700000,-0.018812684590367487,-0.018812684590367487,-0.018812684590367487,0E-17,ELIGIBLE,R03b_20260811_FULL_v1,L1_ELIGIBILITY,v2026-08-11,2026-03-21..2026-08-06,baccarat_bet02_101_all_pairs_incl_sentinel,round_win = game_pnl > 0 (decisive only),COMPATIBILITY_ONLY_NOT_PRODUCTION,206.5784,206.5784,168.1151,5,5,-0.81380758,-1.00000000,-0.62768031,-0.81380758,-168.1151,206.5784,THIN_EXPOSURE,0.0000,6.7246,4.0000,96.0000,AG03-UNRESOLVED,ALL5_LEVELS_bet23_to_bet27,6.7246,6.7246,6.7246,6.7246,6.7246,4.000000,4.000000,4.000000,4.000000,4.000000,96.000000,96.000000,96.000000,96.000000,96.000000,5.0,33.6230,31.0386,134.4921,137.0765,PENDING_AG03,FALSE,NOT_FOR_ENFORCEMENT,161.3905,198.3153,168.1151,161.3905,6.7246,0.81380758,0.78125528,6.7246,161.3905,0.78125528,6.7246,6.7246,6.7246,6.7246,6.7246,161.3905,0.78125528,33.6230,31.0386,134.4921,137.0765,0.65104607,0.66355648,0.03255230,41.3157,41.3157,33.6230,84.0575,42.0288,103.2892,2.5000,51.6356,34.4358,22.3776,41.3085,51.7079,80.0093,80.0093,80.0093,41.3085,-41.3085,1.936875,1.936875,1.000175,4,4,2,2,0.49991252,0.81380758,1.00000000,0E-8,0.000000,1.000000,0.000000,-0.37231969,2026-07-03,2026-07-09,2,4,4,7,0.285714,1.499475,1.249781,1.666375,,,,,,,,GLOBAL_BASELINE_NO_ENTITY_RANKING,,,NOT_APPLICABLE_GLOBAL_BASELINE,HF9g-P5,,,,X 全窗基线 · 不参与实体赏罚,6872872,688,A168_HF9F_20260827_0900,2026-08-27 09:00:00
2026-07-09,152519971,-1,1,23.2618240936,-23.2618240936,-23.2618240936,0E-7,1,1,0.49324550000000000,0.493245500000,-0.9865810262130424,-0.9865810262130424,-0.9865810262130424,0E-17,SENTINEL_DEALER,R03b_20260811_FULL_v1,L1_ELIGIBILITY,v2026-08-11,2026-03-21..2026-08-06,baccarat_bet02_101_all_pairs_incl_sentinel,round_win = game_pnl > 0 (decisive only),COMPATIBILITY_ONLY_NOT_PRODUCTION,206.5784,206.5784,168.1151,5,5,-0.81380758,-1.00000000,-0.62768031,-0.81380758,-168.1151,206.5784,THIN_EXPOSURE,0.0000,6.7246,4.0000,96.0000,AG03-UNRESOLVED,ALL5_LEVELS_bet23_to_bet27,6.7246,6.7246,6.7246,6.7246,6.7246,4.000000,4.000000,4.000000,4.000000,4.000000,96.000000,96.000000,96.000000,96.000000,96.000000,5.0,33.6230,31.0386,134.4921,137.0765,PENDING_AG03,FALSE,NOT_FOR_ENFORCEMENT,161.3905,198.3153,168.1151,161.3905,6.7246,0.81380758,0.78125528,6.7246,161.3905,0.78125528,6.7246,6.7246,6.7246,6.7246,6.7246,161.3905,0.78125528,33.6230,31.0386,134.4921,137.0765,0.65104607,0.66355648,0.03255230,41.3157,41.3157,33.6230,84.0575,42.0288,103.2892,2.5000,51.6356,34.4358,22.3776,41.3085,51.7079,80.0093,80.0093,80.0093,41.3085,-41.3085,1.936875,1.936875,1.000175,4,4,2,2,0.49991252,0.81380758,1.00000000,0E-8,0.000000,1.000000,0.000000,-0.37231969,2026-07-03,2026-07-09,2,4,4,7,0.285714,1.499475,1.249781,1.666375,,,,,,,,GLOBAL_BASELINE_NO_ENTITY_RANKING,,,NOT_APPLICABLE_GLOBAL_BASELINE,HF9g-P5,,,,X 全窗基线 · 不参与实体赏罚,6872873,688,A168_HF9F_20260827_0900,2026-08-27 09:00:00
2026-07-09,152519971,1951,0,80.0093150568,-80.0093150568,-80.0093150568,0E-7,1,1,0.50665070000000000,0.506650700000,-1.013391052207602,-1.013391052207602,-1.013391052207602,0E-17,ELIGIBLE,R03b_20260811_FULL_v1,L1_ELIGIBILITY,v2026-08-11,2026-03-21..2026-08-06,baccarat_bet02_101_all_pairs_incl_sentinel,round_win = game_pnl > 0 (decisive only),COMPATIBILITY_ONLY_NOT_PRODUCTION,206.5784,206.5784,168.1151,5,5,-0.81380758,-1.00000000,-0.62768031,-0.81380758,-168.1151,206.5784,THIN_EXPOSURE,0.0000,6.7246,4.0000,96.0000,AG03-UNRESOLVED,ALL5_LEVELS_bet23_to_bet27,6.7246,6.7246,6.7246,6.7246,6.7246,4.000000,4.000000,4.000000,4.000000,4.000000,96.000000,96.000000,96.000000,96.000000,96.000000,5.0,33.6230,31.0386,134.4921,137.0765,PENDING_AG03,FALSE,NOT_FOR_ENFORCEMENT,161.3905,198.3153,168.1151,161.3905,6.7246,0.81380758,0.78125528,6.7246,161.3905,0.78125528,6.7246,6.7246,6.7246,6.7246,6.7246,161.3905,0.78125528,33.6230,31.0386,134.4921,137.0765,0.65104607,0.66355648,0.03255230,41.3157,41.3157,33.6230,84.0575,42.0288,103.2892,2.5000,51.6356,34.4358,22.3776,41.3085,51.7079,80.0093,80.0093,80.0093,41.3085,-41.3085,1.936875,1.936875,1.000175,4,4,2,2,0.49991252,0.81380758,1.00000000,0E-8,0.000000,1.000000,0.000000,-0.37231969,2026-07-03,2026-07-09,2,4,4,7,0.285714,1.499475,1.249781,1.666375,,,,,,,,GLOBAL_BASELINE_NO_ENTITY_RANKING,,,NOT_APPLICABLE_GLOBAL_BASELINE,HF9g-P5,,,,X 全窗基线 · 不参与实体赏罚,6872874,688,A168_HF9F_20260827_0900,2026-08-27 09:00:00
2026-07-30,85687870,1318,0,906.3173594468,-132.3493292254,-132.3493292254,0.5555556,29,9,0.42449935966017706,0.208065485185,0.7954582439717804,2.568141780720545,0.7954582439717804,0.21643387447517706,ELIGIBLE,R03b_20260811_FULL_v1,L1_ELIGIBILITY,v2026-08-11,2026-03-21..2026-08-06,baccarat_bet02_101_all_pairs_incl_sentinel,round_win = game_pnl > 0 (decisive only),COMPATIBILITY_ONLY_NOT_PRODUCTION,1071.1335,1004.6304,168.1153,39,18,-0.15695080,-0.15695080,,-0.15695080,-168.1153,1071.1335,OK,0.0000,6.7246,4.0000,96.0000,AG03-UNRESOLVED,ALL5_LEVELS_bet23_to_bet27,6.7246,6.7246,6.7246,6.7246,6.7246,4.000000,4.000000,4.000000,4.000000,4.000000,96.000000,96.000000,96.000000,96.000000,96.000000,5.0,33.6231,31.0387,134.4922,137.0766,PENDING_AG03,FALSE,NOT_FOR_ENFORCEMENT,161.3907,964.4452,168.1153,161.3907,6.7246,0.15695080,0.15067277,6.7246,161.3907,0.15067277,6.7246,6.7246,6.7246,6.7246,6.7246,161.3907,0.15067277,33.6231,31.0387,134.4922,137.0766,0.12556064,0.1279734,0.00627803,27.4650,55.8128,9.3397,168.1153,168.1153,1071.1335,18.0000,27.4650,,5.2585,9.708,33.326,90.6081,115.1679,161.8002,9.708,-6.472,11.863179,16.666666,2.829102,1,2,2,5,1.00000000,0.15695080,0.15695080,0E-8,0.000000,0.937913,0.000000,,2026-07-30,2026-07-30,1,1,1,1,1.000000,,1.000000,3.333333,,,,,,,,GLOBAL_BASELINE_NO_ENTITY_RANKING,,,NOT_APPLICABLE_GLOBAL_BASELINE,HF9g-P5,,,,X 全窗基线 · 不参与实体赏罚,6872875,688,A168_HF9F_20260827_0900,2026-08-27 09:00:00
2026-07-30,85687870,986,0,164.8161577564,-35.7659346501,-35.7659346501,0.6250000,10,9,0.50019634444444393,0.499948100000,0.7059961437155463,0.7074003757330176,0.7059961437155463,0.00024824444444393,ELIGIBLE,R03b_20260811_FULL_v1,L1_ELIGIBILITY,v2026-08-11,2026-03-21..2026-08-06,baccarat_bet02_101_all_pairs_incl_sentinel,round_win = game_pnl > 0 (decisive only),COMPATIBILITY_ONLY_NOT_PRODUCTION,1071.1335,1004.6304,168.1153,39,18,-0.15695080,-0.15695080,,-0.15695080,-168.1153,1071.1335,OK,0.0000,6.7246,4.0000,96.0000,AG03-UNRESOLVED,ALL5_LEVELS_bet23_to_bet27,6.7246,6.7246,6.7246,6.7246,6.7246,4.000000,4.000000,4.000000,4.000000,4.000000,96.000000,96.000000,96.000000,96.000000,96.000000,5.0,33.6231,31.0387,134.4922,137.0766,PENDING_AG03,FALSE,NOT_FOR_ENFORCEMENT,161.3907,964.4452,168.1153,161.3907,6.7246,0.15695080,0.15067277,6.7246,161.3907,0.15067277,6.7246,6.7246,6.7246,6.7246,6.7246,161.3907,0.15067277,33.6231,31.0387,134.4922,137.0766,0.12556064,0.1279734,0.00627803,27.4650,55.8128,9.3397,168.1153,168.1153,1071.1335,18.0000,27.4650,,5.2585,9.708,33.326,90.6081,115.1679,161.8002,9.708,-6.472,11.863179,16.666666,2.829102,1,2,2,5,1.00000000,0.15695080,0.15695080,0E-8,0.000000,0.937913,0.000000,,2026-07-30,2026-07-30,1,1,1,1,1.000000,,1.000000,3.333333,,,,,,,,GLOBAL_BASELINE_NO_ENTITY_RANKING,,,NOT_APPLICABLE_GLOBAL_BASELINE,HF9g-P5,,,,X 全窗基线 · 不参与实体赏罚,6872876,688,A168_HF9F_20260827_0900,2026-08-27 09:00:00
2026-06-02,142395987,1330,0,120.0915473038,16.5865199166,16.5865199166,0.5714286,8,8,0.49994810000000000,0.499948100000,0.37823910403297295,0.37823910403297295,0.37823910403297295,0E-17,ELIGIBLE,R03b_20260811_FULL_v1,L1_ELIGIBILITY,v2026-08-11,2026-03-21..2026-08-06,baccarat_bet02_101_all_pairs_incl_sentinel,round_win = game_pnl > 0 (decisive only),COMPATIBILITY_ONLY_NOT_PRODUCTION,1339.9745,1172.3634,168.1172,62,62,-0.12546298,-0.18682651,0.02863881,-0.12546298,-168.1172,1339.9745,OK,0.0000,6.7247,4.0000,96.0000,AG03-UNRESOLVED,ALL5_LEVELS_bet23_to_bet27,6.7247,6.7247,6.7247,6.7247,6.7247,4.000000,4.000000,4.000000,4.000000,4.000000,96.000000,96.000000,96.000000,96.000000,96.000000,5.0,33.6234,31.039,134.4938,137.0782,PENDING_AG03,FALSE,NOT_FOR_ENFORCEMENT,161.3925,1125.4689,168.1172,161.3925,6.7247,0.12546298,0.12044446,6.7247,161.3925,0.12044446,6.7247,6.7247,6.7247,6.7247,6.7247,161.3925,0.12044446,33.6234,31.039,134.4938,137.0782,0.10037038,0.10229909,0.00501852,21.6125,18.9091,2.7116,56.0391,8.8483,446.6582,20.6667,23.9589,17.3463,12.9089,25.0432,25.8178,38.7267,38.7267,50.0865,12.9089,-2.1858,1.546392,2.000001,0.863007,11,19,3,2,0.71520462,0.12546298,0.18682651,0E-8,0.000000,0.874915,0.048387,-0.21546532,2026-06-02,2026-07-21,3,19,16,50,0.060000,1.381211,1.108567,2.384015,,,,,,,,GLOBAL_BASELINE_NO_ENTITY_RANKING,,,NOT_APPLICABLE_GLOBAL_BASELINE,HF9g-P5,,,,X 全窗基线 · 不参与实体赏罚,6872877,688,A168_HF9F_20260827_0900,2026-08-27 09:00:00
2026-06-02,142395987,2142,0,4.3716409083,-4.3716409083,-4.3716409083,0E-7,1,1,0.50665070000000000,0.506650700000,-1.013391052207602,-1.013391052207602,-1.013391052207602,0E-17,ELIGIBLE,R03b_20260811_FULL_v1,L1_ELIGIBILITY,v2026-08-11,2026-03-21..2026-08-06,baccarat_bet02_101_all_pairs_incl_sentinel,round_win = game_pnl > 0 (decisive only),COMPATIBILITY_ONLY_NOT_PRODUCTION,1339.9745,1172.3634,168.1172,62,62,-0.12546298,-0.18682651,0.02863881,-0.12546298,-168.1172,1339.9745,OK,0.0000,6.7247,4.0000,96.0000,AG03-UNRESOLVED,ALL5_LEVELS_bet23_to_bet27,6.7247,6.7247,6.7247,6.7247,6.7247,4.000000,4.000000,4.000000,4.000000,4.000000,96.000000,96.000000,96.000000,96.000000,96.000000,5.0,33.6234,31.039,134.4938,137.0782,PENDING_AG03,FALSE,NOT_FOR_ENFORCEMENT,161.3925,1125.4689,168.1172,161.3925,6.7247,0.12546298,0.12044446,6.7247,161.3925,0.12044446,6.7247,6.7247,6.7247,6.7247,6.7247,161.3925,0.12044446,33.6234,31.039,134.4938,137.0782,0.10037038,0.10229909,0.00501852,21.6125,18.9091,2.7116,56.0391,8.8483,446.6582,20.6667,23.9589,17.3463,12.9089,25.0432,25.8178,38.7267,38.7267,50.0865,12.9089,-2.1858,1.546392,2.000001,0.863007,11,19,3,2,0.71520462,0.12546298,0.18682651,0E-8,0.000000,0.874915,0.048387,-0.21546532,2026-06-02,2026-07-21,3,19,16,50,0.060000,1.381211,1.108567,2.384015,,,,,,,,GLOBAL_BASELINE_NO_ENTITY_RANKING,,,NOT_APPLICABLE_GLOBAL_BASELINE,HF9g-P5,,,,X 全窗基线 · 不参与实体赏罚,6872878,688,A168_HF9F_20260827_0900,2026-08-27 09:00:00
2026-06-02,142395987,2169,0,231.4398127908,24.4297580166,24.4297580166,0.4545455,12,12,0.49771390000000000,0.497713900000,-0.28635006580284456,-0.28635006580284456,-0.28635006580284456,0E-17,ELIGIBLE,R03b_20260811_FULL_v1,L1_ELIGIBILITY,v2026-08-11,2026-03-21..2026-08-06,baccarat_bet02_101_all_pairs_incl_sentinel,round_win = game_pnl > 0 (decisive only),COMPATIBILITY_ONLY_NOT_PRODUCTION,1339.9745,1172.3634,168.1172,62,62,-0.12546298,-0.18682651,0.02863881,-0.12546298,-168.1172,1339.9745,OK,0.0000,6.7247,4.0000,96.0000,AG03-UNRESOLVED,ALL5_LEVELS_bet23_to_bet27,6.7247,6.7247,6.7247,6.7247,6.7247,4.000000,4.000000,4.000000,4.000000,4.000000,96.000000,96.000000,96.000000,96.000000,96.000000,5.0,33.6234,31.039,134.4938,137.0782,PENDING_AG03,FALSE,NOT_FOR_ENFORCEMENT,161.3925,1125.4689,168.1172,161.3925,6.7247,0.12546298,0.12044446,6.7247,161.3925,0.12044446,6.7247,6.7247,6.7247,6.7247,6.7247,161.3925,0.12044446,33.6234,31.039,134.4938,137.0782,0.10037038,0.10229909,0.00501852,21.6125,18.9091,2.7116,56.0391,8.8483,446.6582,20.6667,23.9589,17.3463,12.9089,25.0432,25.8178,38.7267,38.7267,50.0865,12.9089,-2.1858,1.546392,2.000001,0.863007,11,19,3,2,0.71520462,0.12546298,0.18682651,0E-8,0.000000,0.874915,0.048387,-0.21546532,2026-06-02,2026-07-21,3,19,16,50,0.060000,1.381211,1.108567,2.384015,,,,,,,,GLOBAL_BASELINE_NO_ENTITY_RANKING,,,NOT_APPLICABLE_GLOBAL_BASELINE,HF9g-P5,,,,X 全窗基线 · 不参与实体赏罚,6872879,688,A168_HF9F_20260827_0900,2026-08-27 09:00:00
2026-06-02,142395987,2196,0,25.7155347545,-25.7155347545,-25.7155347545,0E-7,1,1,0.50665070000000000,0.506650700000,-1.013391052207602,-1.013391052207602,-1.013391052207602,0E-17,ELIGIBLE,R03b_20260811_FULL_v1,L1_ELIGIBILITY,v2026-08-11,2026-03-21..2026-08-06,baccarat_bet02_101_all_pairs_incl_sentinel,round_win = game_pnl > 0 (decisive only),COMPATIBILITY_ONLY_NOT_PRODUCTION,1339.9745,1172.3634,168.1172,62,62,-0.12546298,-0.18682651,0.02863881,-0.12546298,-168.1172,1339.9745,OK,0.0000,6.7247,4.0000,96.0000,AG03-UNRESOLVED,ALL5_LEVELS_bet23_to_bet27,6.7247,6.7247,6.7247,6.7247,6.7247,4.000000,4.000000,4.000000,4.000000,4.000000,96.000000,96.000000,96.000000,96.000000,96.000000,5.0,33.6234,31.039,134.4938,137.0782,PENDING_AG03,FALSE,NOT_FOR_ENFORCEMENT,161.3925,1125.4689,168.1172,161.3925,6.7247,0.12546298,0.12044446,6.7247,161.3925,0.12044446,6.7247,6.7247,6.7247,6.7247,6.7247,161.3925,0.12044446,33.6234,31.039,134.4938,137.0782,0.10037038,0.10229909,0.00501852,21.6125,18.9091,2.7116,56.0391,8.8483,446.6582,20.6667,23.9589,17.3463,12.9089,25.0432,25.8178,38.7267,38.7267,50.0865,12.9089,-2.1858,1.546392,2.000001,0.863007,11,19,3,2,0.71520462,0.12546298,0.18682651,0E-8,0.000000,0.874915,0.048387,-0.21546532,2026-06-02,2026-07-21,3,19,16,50,0.060000,1.381211,1.108567,2.384015,,,,,,,,GLOBAL_BASELINE_NO_ENTITY_RANKING,,,NOT_APPLICABLE_GLOBAL_BASELINE,HF9g-P5,,,,X 全窗基线 · 不参与实体赏罚,6872880,688,A168_HF9F_20260827_0900,2026-08-27 09:00:00
2026-07-09,142395987,1157,0,12.9088890610,-12.9088890610,-12.9088890610,0E-7,1,1,0.50665070000000000,0.506650700000,-1.013391052207602,-1.013391052207602,-1.013391052207602,0E-17,ELIGIBLE,R03b_20260811_FULL_v1,L1_ELIGIBILITY,v2026-08-11,2026-03-21..2026-08-06,baccarat_bet02_101_all_pairs_incl_sentinel,round_win = game_pnl > 0 (decisive only),COMPATIBILITY_ONLY_NOT_PRODUCTION,1339.9745,1172.3634,168.1172,62,62,-0.12546298,-0.18682651,0.02863881,-0.12546298,-168.1172,1339.9745,OK,0.0000,6.7247,4.0000,96.0000,AG03-UNRESOLVED,ALL5_LEVELS_bet23_to_bet27,6.7247,6.7247,6.7247,6.7247,6.7247,4.000000,4.000000,4.000000,4.000000,4.000000,96.000000,96.000000,96.000000,96.000000,96.000000,5.0,33.6234,31.039,134.4938,137.0782,PENDING_AG03,FALSE,NOT_FOR_ENFORCEMENT,161.3925,1125.4689,168.1172,161.3925,6.7247,0.12546298,0.12044446,6.7247,161.3925,0.12044446,6.7247,6.7247,6.7247,6.7247,6.7247,161.3925,0.12044446,33.6234,31.039,134.4938,137.0782,0.10037038,0.10229909,0.00501852,21.6125,18.9091,2.7116,56.0391,8.8483,446.6582,20.6667,23.9589,17.3463,12.9089,25.0432,25.8178,38.7267,38.7267,50.0865,12.9089,-2.1858,1.546392,2.000001,0.863007,11,19,3,2,0.71520462,0.12546298,0.18682651,0E-8,0.000000,0.874915,0.048387,-0.21546532,2026-06-02,2026-07-21,3,19,16,50,0.060000,1.381211,1.108567,2.384015,,,,,,,,GLOBAL_BASELINE_NO_ENTITY_RANKING,,,NOT_APPLICABLE_GLOBAL_BASELINE,HF9g-P5,,,,X 全窗基线 · 不参与实体赏罚,6872881,688,A168_HF9F_20260827_0900,2026-08-27 09:00:00
2026-07-09,142395987,1490,0,12.9088890610,12.9088890610,12.9088890610,1.0000000,1,1,0.49324550000000000,0.493245500000,1.01360149184955,1.01360149184955,1.01360149184955,0E-17,ELIGIBLE,R03b_20260811_FULL_v1,L1_ELIGIBILITY,v2026-08-11,2026-03-21..2026-08-06,baccarat_bet02_101_all_pairs_incl_sentinel,round_win = game_pnl > 0 (decisive only),COMPATIBILITY_ONLY_NOT_PRODUCTION,1339.9745,1172.3634,168.1172,62,62,-0.12546298,-0.18682651,0.02863881,-0.12546298,-168.1172,1339.9745,OK,0.0000,6.7247,4.0000,96.0000,AG03-UNRESOLVED,ALL5_LEVELS_bet23_to_bet27,6.7247,6.7247,6.7247,6.7247,6.7247,4.000000,4.000000,4.000000,4.000000,4.000000,96.000000,96.000000,96.000000,96.000000,96.000000,5.0,33.6234,31.039,134.4938,137.0782,PENDING_AG03,FALSE,NOT_FOR_ENFORCEMENT,161.3925,1125.4689,168.1172,161.3925,6.7247,0.12546298,0.12044446,6.7247,161.3925,0.12044446,6.7247,6.7247,6.7247,6.7247,6.7247,161.3925,0.12044446,33.6234,31.039,134.4938,137.0782,0.10037038,0.10229909,0.00501852,21.6125,18.9091,2.7116,56.0391,8.8483,446.6582,20.6667,23.9589,17.3463,12.9089,25.0432,25.8178,38.7267,38.7267,50.0865,12.9089,-2.1858,1.546392,2.000001,0.863007,11,19,3,2,0.71520462,0.12546298,0.18682651,0E-8,0.000000,0.874915,0.048387,-0.21546532,2026-06-02,2026-07-21,3,19,16,50,0.060000,1.381211,1.108567,2.384015,,,,,,,,GLOBAL_BASELINE_NO_ENTITY_RANKING,,,NOT_APPLICABLE_GLOBAL_BASELINE,HF9g-P5,,,,X 全窗基线 · 不参与实体赏罚,6872882,688,A168_HF9F_20260827_0900,2026-08-27 09:00:00
2026-07-09,142395987,1505,0,25.8177781220,-0.6454444530,-0.6454444530,0.5000000,2,2,0.50665070000000000,0.506650700000,-0.018812684590367487,-0.018812684590367487,-0.018812684590367487,0E-17,ELIGIBLE,R03b_20260811_FULL_v1,L1_ELIGIBILITY,v2026-08-11,2026-03-21..2026-08-06,baccarat_bet02_101_all_pairs_incl_sentinel,round_win = game_pnl > 0 (decisive only),COMPATIBILITY_ONLY_NOT_PRODUCTION,1339.9745,1172.3634,168.1172,62,62,-0.12546298,-0.18682651,0.02863881,-0.12546298,-168.1172,1339.9745,OK,0.0000,6.7247,4.0000,96.0000,AG03-UNRESOLVED,ALL5_LEVELS_bet23_to_bet27,6.7247,6.7247,6.7247,6.7247,6.7247,4.000000,4.000000,4.000000,4.000000,4.000000,96.000000,96.000000,96.000000,96.000000,96.000000,5.0,33.6234,31.039,134.4938,137.0782,PENDING_AG03,FALSE,NOT_FOR_ENFORCEMENT,161.3925,1125.4689,168.1172,161.3925,6.7247,0.12546298,0.12044446,6.7247,161.3925,0.12044446,6.7247,6.7247,6.7247,6.7247,6.7247,161.3925,0.12044446,33.6234,31.039,134.4938,137.0782,0.10037038,0.10229909,0.00501852,21.6125,18.9091,2.7116,56.0391,8.8483,446.6582,20.6667,23.9589,17.3463,12.9089,25.0432,25.8178,38.7267,38.7267,50.0865,12.9089,-2.1858,1.546392,2.000001,0.863007,11,19,3,2,0.71520462,0.12546298,0.18682651,0E-8,0.000000,0.874915,0.048387,-0.21546532,2026-06-02,2026-07-21,3,19,16,50,0.060000,1.381211,1.108567,2.384015,,,,,,,,GLOBAL_BASELINE_NO_ENTITY_RANKING,,,NOT_APPLICABLE_GLOBAL_BASELINE,HF9g-P5,,,,X 全窗基线 · 不参与实体赏罚,6872883,688,A168_HF9F_20260827_0900,2026-08-27 09:00:00
2026-07-09,142395987,2071,0,17.5560891230,-17.5560891230,-17.5560891230,0E-7,1,1,0.50665070000000000,0.506650700000,-1.013391052207602,-1.013391052207602,-1.013391052207602,0E-17,ELIGIBLE,R03b_20260811_FULL_v1,L1_ELIGIBILITY,v2026-08-11,2026-03-21..2026-08-06,baccarat_bet02_101_all_pairs_incl_sentinel,round_win = game_pnl > 0 (decisive only),COMPATIBILITY_ONLY_NOT_PRODUCTION,1339.9745,1172.3634,168.1172,62,62,-0.12546298,-0.18682651,0.02863881,-0.12546298,-168.1172,1339.9745,OK,0.0000,6.7247,4.0000,96.0000,AG03-UNRESOLVED,ALL5_LEVELS_bet23_to_bet27,6.7247,6.7247,6.7247,6.7247,6.7247,4.000000,4.000000,4.000000,4.000000,4.000000,96.000000,96.000000,96.000000,96.000000,96.000000,5.0,33.6234,31.039,134.4938,137.0782,PENDING_AG03,FALSE,NOT_FOR_ENFORCEMENT,161.3925,1125.4689,168.1172,161.3925,6.7247,0.12546298,0.12044446,6.7247,161.3925,0.12044446,6.7247,6.7247,6.7247,6.7247,6.7247,161.3925,0.12044446,33.6234,31.039,134.4938,137.0782,0.10037038,0.10229909,0.00501852,21.6125,18.9091,2.7116,56.0391,8.8483,446.6582,20.6667,23.9589,17.3463,12.9089,25.0432,25.8178,38.7267,38.7267,50.0865,12.9089,-2.1858,1.546392,2.000001,0.863007,11,19,3,2,0.71520462,0.12546298,0.18682651,0E-8,0.000000,0.874915,0.048387,-0.21546532,2026-06-02,2026-07-21,3,19,16,50,0.060000,1.381211,1.108567,2.384015,,,,,,,,GLOBAL_BASELINE_NO_ENTITY_RANKING,,,NOT_APPLICABLE_GLOBAL_BASELINE,HF9g-P5,,,,X 全窗基线 · 不参与实体赏罚,6872884,688,A168_HF9F_20260827_0900,2026-08-27 09:00:00
2026-07-09,142395987,2167,0,103.2711124880,49.6992228849,49.6992228849,0.7142857,7,7,0.49899058571428571,0.498990585714,1.1392370589461878,1.139237058947701,1.1392370589461878,2.8571E-13,ELIGIBLE,R03b_20260811_FULL_v1,L1_ELIGIBILITY,v2026-08-11,2026-03-21..2026-08-06,baccarat_bet02_101_all_pairs_incl_sentinel,round_win = game_pnl > 0 (decisive only),COMPATIBILITY_ONLY_NOT_PRODUCTION,1339.9745,1172.3634,168.1172,62,62,-0.12546298,-0.18682651,0.02863881,-0.12546298,-168.1172,1339.9745,OK,0.0000,6.7247,4.0000,96.0000,AG03-UNRESOLVED,ALL5_LEVELS_bet23_to_bet27,6.7247,6.7247,6.7247,6.7247,6.7247,4.000000,4.000000,4.000000,4.000000,4.000000,96.000000,96.000000,96.000000,96.000000,96.000000,5.0,33.6234,31.039,134.4938,137.0782,PENDING_AG03,FALSE,NOT_FOR_ENFORCEMENT,161.3925,1125.4689,168.1172,161.3925,6.7247,0.12546298,0.12044446,6.7247,161.3925,0.12044446,6.7247,6.7247,6.7247,6.7247,6.7247,161.3925,0.12044446,33.6234,31.039,134.4938,137.0782,0.10037038,0.10229909,0.00501852,21.6125,18.9091,2.7116,56.0391,8.8483,446.6582,20.6667,23.9589,17.3463,12.9089,25.0432,25.8178,38.7267,38.7267,50.0865,12.9089,-2.1858,1.546392,2.000001,0.863007,11,19,3,2,0.71520462,0.12546298,0.18682651,0E-8,0.000000,0.874915,0.048387,-0.21546532,2026-06-02,2026-07-21,3,19,16,50,0.060000,1.381211,1.108567,2.384015,,,,,,,,GLOBAL_BASELINE_NO_ENTITY_RANKING,,,NOT_APPLICABLE_GLOBAL_BASELINE,HF9g-P5,,,,X 全窗基线 · 不参与实体赏罚,6872885,688,A168_HF9F_20260827_0900,2026-08-27 09:00:00
2026-07-09,142395987,2235,0,25.8177781220,25.8177781220,25.8177781220,1.0000000,2,2,0.49324550000000000,0.493245500000,1.4334489766152358,1.4334489766152358,1.4334489766152358,0E-17,ELIGIBLE,R03b_20260811_FULL_v1,L1_ELIGIBILITY,v2026-08-11,2026-03-21..2026-08-06,baccarat_bet02_101_all_pairs_incl_sentinel,round_win = game_pnl > 0 (decisive only),COMPATIBILITY_ONLY_NOT_PRODUCTION,1339.9745,1172.3634,168.1172,62,62,-0.12546298,-0.18682651,0.02863881,-0.12546298,-168.1172,1339.9745,OK,0.0000,6.7247,4.0000,96.0000,AG03-UNRESOLVED,ALL5_LEVELS_bet23_to_bet27,6.7247,6.7247,6.7247,6.7247,6.7247,4.000000,4.000000,4.000000,4.000000,4.000000,96.000000,96.000000,96.000000,96.000000,96.000000,5.0,33.6234,31.039,134.4938,137.0782,PENDING_AG03,FALSE,NOT_FOR_ENFORCEMENT,161.3925,1125.4689,168.1172,161.3925,6.7247,0.12546298,0.12044446,6.7247,161.3925,0.12044446,6.7247,6.7247,6.7247,6.7247,6.7247,161.3925,0.12044446,33.6234,31.039,134.4938,137.0782,0.10037038,0.10229909,0.00501852,21.6125,18.9091,2.7116,56.0391,8.8483,446.6582,20.6667,23.9589,17.3463,12.9089,25.0432,25.8178,38.7267,38.7267,50.0865,12.9089,-2.1858,1.546392,2.000001,0.863007,11,19,3,2,0.71520462,0.12546298,0.18682651,0E-8,0.000000,0.874915,0.048387,-0.21546532,2026-06-02,2026-07-21,3,19,16,50,0.060000,1.381211,1.108567,2.384015,,,,,,,,GLOBAL_BASELINE_NO_ENTITY_RANKING,,,NOT_APPLICABLE_GLOBAL_BASELINE,HF9g-P5,,,,X 全窗基线 · 不参与实体赏罚,6872886,688,A168_HF9F_20260827_0900,2026-08-27 09:00:00
2026-07-09,142395987,2261,0,38.7266671830,-38.7266671830,-38.7266671830,0E-7,2,2,0.49994810000000000,0.499948100000,-1.4140667746232096,-1.4140667746232096,-1.4140667746232096,0E-17,ELIGIBLE,R03b_20260811_FULL_v1,L1_ELIGIBILITY,v2026-08-11,2026-03-21..2026-08-06,baccarat_bet02_101_all_pairs_incl_sentinel,round_win = game_pnl > 0 (decisive only),COMPATIBILITY_ONLY_NOT_PRODUCTION,1339.9745,1172.3634,168.1172,62,62,-0.12546298,-0.18682651,0.02863881,-0.12546298,-168.1172,1339.9745,OK,0.0000,6.7247,4.0000,96.0000,AG03-UNRESOLVED,ALL5_LEVELS_bet23_to_bet27,6.7247,6.7247,6.7247,6.7247,6.7247,4.000000,4.000000,4.000000,4.000000,4.000000,96.000000,96.000000,96.000000,96.000000,96.000000,5.0,33.6234,31.039,134.4938,137.0782,PENDING_AG03,FALSE,NOT_FOR_ENFORCEMENT,161.3925,1125.4689,168.1172,161.3925,6.7247,0.12546298,0.12044446,6.7247,161.3925,0.12044446,6.7247,6.7247,6.7247,6.7247,6.7247,161.3925,0.12044446,33.6234,31.039,134.4938,137.0782,0.10037038,0.10229909,0.00501852,21.6125,18.9091,2.7116,56.0391,8.8483,446.6582,20.6667,23.9589,17.3463,12.9089,25.0432,25.8178,38.7267,38.7267,50.0865,12.9089,-2.1858,1.546392,2.000001,0.863007,11,19,3,2,0.71520462,0.12546298,0.18682651,0E-8,0.000000,0.874915,0.048387,-0.21546532,2026-06-02,2026-07-21,3,19,16,50,0.060000,1.381211,1.108567,2.384015,,,,,,,,GLOBAL_BASELINE_NO_ENTITY_RANKING,,,NOT_APPLICABLE_GLOBAL_BASELINE,HF9g-P5,,,,X 全窗基线 · 不参与实体赏罚,6872887,688,A168_HF9F_20260827_0900,2026-08-27 09:00:00
2026-07-09,142395987,2278,0,12.9088890610,-12.9088890610,-12.9088890610,0E-7,1,1,0.49324550000000000,0.493245500000,-0.9865810262130424,-0.9865810262130424,-0.9865810262130424,0E-17,ELIGIBLE,R03b_20260811_FULL_v1,L1_ELIGIBILITY,v2026-08-11,2026-03-21..2026-08-06,baccarat_bet02_101_all_pairs_incl_sentinel,round_win = game_pnl > 0 (decisive only),COMPATIBILITY_ONLY_NOT_PRODUCTION,1339.9745,1172.3634,168.1172,62,62,-0.12546298,-0.18682651,0.02863881,-0.12546298,-168.1172,1339.9745,OK,0.0000,6.7247,4.0000,96.0000,AG03-UNRESOLVED,ALL5_LEVELS_bet23_to_bet27,6.7247,6.7247,6.7247,6.7247,6.7247,4.000000,4.000000,4.000000,4.000000,4.000000,96.000000,96.000000,96.000000,96.000000,96.000000,5.0,33.6234,31.039,134.4938,137.0782,PENDING_AG03,FALSE,NOT_FOR_ENFORCEMENT,161.3925,1125.4689,168.1172,161.3925,6.7247,0.12546298,0.12044446,6.7247,161.3925,0.12044446,6.7247,6.7247,6.7247,6.7247,6.7247,161.3925,0.12044446,33.6234,31.039,134.4938,137.0782,0.10037038,0.10229909,0.00501852,21.6125,18.9091,2.7116,56.0391,8.8483,446.6582,20.6667,23.9589,17.3463,12.9089,25.0432,25.8178,38.7267,38.7267,50.0865,12.9089,-2.1858,1.546392,2.000001,0.863007,11,19,3,2,0.71520462,0.12546298,0.18682651,0E-8,0.000000,0.874915,0.048387,-0.21546532,2026-06-02,2026-07-21,3,19,16,50,0.060000,1.381211,1.108567,2.384015,,,,,,,,GLOBAL_BASELINE_NO_ENTITY_RANKING,,,NOT_APPLICABLE_GLOBAL_BASELINE,HF9g-P5,,,,X 全窗基线 · 不参与实体赏罚,6872888,688,A168_HF9F_20260827_0900,2026-08-27 09:00:00
2026-07-21,142395987,1646,0,51.6355562440,50.3446673379,50.3446673379,1.0000000,2,2,0.49994810000000000,0.499948100000,1.4143603653603398,1.4143603653603398,1.4143603653603398,0E-17,ELIGIBLE,R03b_20260811_FULL_v1,L1_ELIGIBILITY,v2026-08-11,2026-03-21..2026-08-06,baccarat_bet02_101_all_pairs_incl_sentinel,round_win = game_pnl > 0 (decisive only),COMPATIBILITY_ONLY_NOT_PRODUCTION,1339.9745,1172.3634,168.1172,62,62,-0.12546298,-0.18682651,0.02863881,-0.12546298,-168.1172,1339.9745,OK,0.0000,6.7247,4.0000,96.0000,AG03-UNRESOLVED,ALL5_LEVELS_bet23_to_bet27,6.7247,6.7247,6.7247,6.7247,6.7247,4.000000,4.000000,4.000000,4.000000,4.000000,96.000000,96.000000,96.000000,96.000000,96.000000,5.0,33.6234,31.039,134.4938,137.0782,PENDING_AG03,FALSE,NOT_FOR_ENFORCEMENT,161.3925,1125.4689,168.1172,161.3925,6.7247,0.12546298,0.12044446,6.7247,161.3925,0.12044446,6.7247,6.7247,6.7247,6.7247,6.7247,161.3925,0.12044446,33.6234,31.039,134.4938,137.0782,0.10037038,0.10229909,0.00501852,21.6125,18.9091,2.7116,56.0391,8.8483,446.6582,20.6667,23.9589,17.3463,12.9089,25.0432,25.8178,38.7267,38.7267,50.0865,12.9089,-2.1858,1.546392,2.000001,0.863007,11,19,3,2,0.71520462,0.12546298,0.18682651,0E-8,0.000000,0.874915,0.048387,-0.21546532,2026-06-02,2026-07-21,3,19,16,50,0.060000,1.381211,1.108567,2.384015,,,,,,,,GLOBAL_BASELINE_NO_ENTITY_RANKING,,,NOT_APPLICABLE_GLOBAL_BASELINE,HF9g-P5,,,,X 全窗基线 · 不参与实体赏罚,6872889,688,A168_HF9F_20260827_0900,2026-08-27 09:00:00
2026-07-21,142395987,1704,0,231.8436475356,-2.4526889215,-2.4526889215,0.5714286,8,8,0.50162375000000000,0.501623750000,0.36937434338991915,0.36937434338991915,0.36937434338991915,0E-17,ELIGIBLE,R03b_20260811_FULL_v1,L1_ELIGIBILITY,v2026-08-11,2026-03-21..2026-08-06,baccarat_bet02_101_all_pairs_incl_sentinel,round_win = game_pnl > 0 (decisive only),COMPATIBILITY_ONLY_NOT_PRODUCTION,1339.9745,1172.3634,168.1172,62,62,-0.12546298,-0.18682651,0.02863881,-0.12546298,-168.1172,1339.9745,OK,0.0000,6.7247,4.0000,96.0000,AG03-UNRESOLVED,ALL5_LEVELS_bet23_to_bet27,6.7247,6.7247,6.7247,6.7247,6.7247,4.000000,4.000000,4.000000,4.000000,4.000000,96.000000,96.000000,96.000000,96.000000,96.000000,5.0,33.6234,31.039,134.4938,137.0782,PENDING_AG03,FALSE,NOT_FOR_ENFORCEMENT,161.3925,1125.4689,168.1172,161.3925,6.7247,0.12546298,0.12044446,6.7247,161.3925,0.12044446,6.7247,6.7247,6.7247,6.7247,6.7247,161.3925,0.12044446,33.6234,31.039,134.4938,137.0782,0.10037038,0.10229909,0.00501852,21.6125,18.9091,2.7116,56.0391,8.8483,446.6582,20.6667,23.9589,17.3463,12.9089,25.0432,25.8178,38.7267,38.7267,50.0865,12.9089,-2.1858,1.546392,2.000001,0.863007,11,19,3,2,0.71520462,0.12546298,0.18682651,0E-8,0.000000,0.874915,0.048387,-0.21546532,2026-06-02,2026-07-21,3,19,16,50,0.060000,1.381211,1.108567,2.384015,,,,,,,,GLOBAL_BASELINE_NO_ENTITY_RANKING,,,NOT_APPLICABLE_GLOBAL_BASELINE,HF9g-P5,,,,X 全窗基线 · 不参与实体赏罚,6872890,688,A168_HF9F_20260827_0900,2026-08-27 09:00:00
2026-07-21,142395987,2101,0,51.6355562440,-51.6355562440,-51.6355562440,0E-7,2,2,0.49324550000000000,0.493245500000,-1.3952362676504506,-1.3952362676504506,-1.3952362676504506,0E-17,ELIGIBLE,R03b_20260811_FULL_v1,L1_ELIGIBILITY,v2026-08-11,2026-03-21..2026-08-06,baccarat_bet02_101_all_pairs_incl_sentinel,round_win = game_pnl > 0 (decisive only),COMPATIBILITY_ONLY_NOT_PRODUCTION,1339.9745,1172.3634,168.1172,62,62,-0.12546298,-0.18682651,0.02863881,-0.12546298,-168.1172,1339.9745,OK,0.0000,6.7247,4.0000,96.0000,AG03-UNRESOLVED,ALL5_LEVELS_bet23_to_bet27,6.7247,6.7247,6.7247,6.7247,6.7247,4.000000,4.000000,4.000000,4.000000,4.000000,96.000000,96.000000,96.000000,96.000000,96.000000,5.0,33.6234,31.039,134.4938,137.0782,PENDING_AG03,FALSE,NOT_FOR_ENFORCEMENT,161.3925,1125.4689,168.1172,161.3925,6.7247,0.12546298,0.12044446,6.7247,161.3925,0.12044446,6.7247,6.7247,6.7247,6.7247,6.7247,161.3925,0.12044446,33.6234,31.039,134.4938,137.0782,0.10037038,0.10229909,0.00501852,21.6125,18.9091,2.7116,56.0391,8.8483,446.6582,20.6667,23.9589,17.3463,12.9089,25.0432,25.8178,38.7267,38.7267,50.0865,12.9089,-2.1858,1.546392,2.000001,0.863007,11,19,3,2,0.71520462,0.12546298,0.18682651,0E-8,0.000000,0.874915,0.048387,-0.21546532,2026-06-02,2026-07-21,3,19,16,50,0.060000,1.381211,1.108567,2.384015,,,,,,,,GLOBAL_BASELINE_NO_ENTITY_RANKING,,,NOT_APPLICABLE_GLOBAL_BASELINE,HF9g-P5,,,,X 全窗基线 · 不参与实体赏罚,6872891,688,A168_HF9F_20260827_0900,2026-08-27 09:00:00
2026-07-21,142395987,2124,0,167.8155577930,-77.4533343660,-77.4533343660,0E-7,4,4,0.50329940000000000,0.503299400000,-1.4235766693920513,-1.4235766693920513,-1.4235766693920513,0E-17,ELIGIBLE,R03b_20260811_FULL_v1,L1_ELIGIBILITY,v2026-08-11,2026-03-21..2026-08-06,baccarat_bet02_101_all_pairs_incl_sentinel,round_win = game_pnl > 0 (decisive only),COMPATIBILITY_ONLY_NOT_PRODUCTION,1339.9745,1172.3634,168.1172,62,62,-0.12546298,-0.18682651,0.02863881,-0.12546298,-168.1172,1339.9745,OK,0.0000,6.7247,4.0000,96.0000,AG03-UNRESOLVED,ALL5_LEVELS_bet23_to_bet27,6.7247,6.7247,6.7247,6.7247,6.7247,4.000000,4.000000,4.000000,4.000000,4.000000,96.000000,96.000000,96.000000,96.000000,96.000000,5.0,33.6234,31.039,134.4938,137.0782,PENDING_AG03,FALSE,NOT_FOR_ENFORCEMENT,161.3925,1125.4689,168.1172,161.3925,6.7247,0.12546298,0.12044446,6.7247,161.3925,0.12044446,6.7247,6.7247,6.7247,6.7247,6.7247,161.3925,0.12044446,33.6234,31.039,134.4938,137.0782,0.10037038,0.10229909,0.00501852,21.6125,18.9091,2.7116,56.0391,8.8483,446.6582,20.6667,23.9589,17.3463,12.9089,25.0432,25.8178,38.7267,38.7267,50.0865,12.9089,-2.1858,1.546392,2.000001,0.863007,11,19,3,2,0.71520462,0.12546298,0.18682651,0E-8,0.000000,0.874915,0.048387,-0.21546532,2026-06-02,2026-07-21,3,19,16,50,0.060000,1.381211,1.108567,2.384015,,,,,,,,GLOBAL_BASELINE_NO_ENTITY_RANKING,,,NOT_APPLICABLE_GLOBAL_BASELINE,HF9g-P5,,,,X 全窗基线 · 不参与实体赏罚,6872892,688,A168_HF9F_20260827_0900,2026-08-27 09:00:00
2026-07-21,142395987,2243,0,38.7266671830,-38.7266671830,-38.7266671830,0E-7,1,1,0.49324550000000000,0.493245500000,-0.9865810262130424,-0.9865810262130424,-0.9865810262130424,0E-17,ELIGIBLE,R03b_20260811_FULL_v1,L1_ELIGIBILITY,v2026-08-11,2026-03-21..2026-08-06,baccarat_bet02_101_all_pairs_incl_sentinel,round_win = game_pnl > 0 (decisive only),COMPATIBILITY_ONLY_NOT_PRODUCTION,1339.9745,1172.3634,168.1172,62,62,-0.12546298,-0.18682651,0.02863881,-0.12546298,-168.1172,1339.9745,OK,0.0000,6.7247,4.0000,96.0000,AG03-UNRESOLVED,ALL5_LEVELS_bet23_to_bet27,6.7247,6.7247,6.7247,6.7247,6.7247,4.000000,4.000000,4.000000,4.000000,4.000000,96.000000,96.000000,96.000000,96.000000,96.000000,5.0,33.6234,31.039,134.4938,137.0782,PENDING_AG03,FALSE,NOT_FOR_ENFORCEMENT,161.3925,1125.4689,168.1172,161.3925,6.7247,0.12546298,0.12044446,6.7247,161.3925,0.12044446,6.7247,6.7247,6.7247,6.7247,6.7247,161.3925,0.12044446,33.6234,31.039,134.4938,137.0782,0.10037038,0.10229909,0.00501852,21.6125,18.9091,2.7116,56.0391,8.8483,446.6582,20.6667,23.9589,17.3463,12.9089,25.0432,25.8178,38.7267,38.7267,50.0865,12.9089,-2.1858,1.546392,2.000001,0.863007,11,19,3,2,0.71520462,0.12546298,0.18682651,0E-8,0.000000,0.874915,0.048387,-0.21546532,2026-06-02,2026-07-21,3,19,16,50,0.060000,1.381211,1.108567,2.384015,,,,,,,,GLOBAL_BASELINE_NO_ENTITY_RANKING,,,NOT_APPLICABLE_GLOBAL_BASELINE,HF9g-P5,,,,X 全窗基线 · 不参与实体赏罚,6872893,688,A168_HF9F_20260827_0900,2026-08-27 09:00:00
2026-07-21,142395987,2271,0,116.1800015490,-14.1997779671,-14.1997779671,0.5000000,4,4,0.49994810000000000,0.499948100000,0.00020760000111838688,0.00020760000111838688,0.00020760000111838688,0E-17,ELIGIBLE,R03b_20260811_FULL_v1,L1_ELIGIBILITY,v2026-08-11,2026-03-21..2026-08-06,baccarat_bet02_101_all_pairs_incl_sentinel,round_win = game_pnl > 0 (decisive only),COMPATIBILITY_ONLY_NOT_PRODUCTION,1339.9745,1172.3634,168.1172,62,62,-0.12546298,-0.18682651,0.02863881,-0.12546298,-168.1172,1339.9745,OK,0.0000,6.7247,4.0000,96.0000,AG03-UNRESOLVED,ALL5_LEVELS_bet23_to_bet27,6.7247,6.7247,6.7247,6.7247,6.7247,4.000000,4.000000,4.000000,4.000000,4.000000,96.000000,96.000000,96.000000,96.000000,96.000000,5.0,33.6234,31.039,134.4938,137.0782,PENDING_AG03,FALSE,NOT_FOR_ENFORCEMENT,161.3925,1125.4689,168.1172,161.3925,6.7247,0.12546298,0.12044446,6.7247,161.3925,0.12044446,6.7247,6.7247,6.7247,6.7247,6.7247,161.3925,0.12044446,33.6234,31.039,134.4938,137.0782,0.10037038,0.10229909,0.00501852,21.6125,18.9091,2.7116,56.0391,8.8483,446.6582,20.6667,23.9589,17.3463,12.9089,25.0432,25.8178,38.7267,38.7267,50.0865,12.9089,-2.1858,1.546392,2.000001,0.863007,11,19,3,2,0.71520462,0.12546298,0.18682651,0E-8,0.000000,0.874915,0.048387,-0.21546532,2026-06-02,2026-07-21,3,19,16,50,0.060000,1.381211,1.108567,2.384015,,,,,,,,GLOBAL_BASELINE_NO_ENTITY_RANKING,,,NOT_APPLICABLE_GLOBAL_BASELINE,HF9g-P5,,,,X 全窗基线 · 不参与实体赏罚,6872894,688,A168_HF9F_20260827_0900,2026-08-27 09:00:00
2026-07-21,142395987,550,0,50.6028451191,-50.6028451191,-50.6028451191,0E-7,2,2,0.49994810000000000,0.499948100000,-1.4140667746232096,-1.4140667746232096,-1.4140667746232096,0E-17,ELIGIBLE,R03b_20260811_FULL_v1,L1_ELIGIBILITY,v2026-08-11,2026-03-21..2026-08-06,baccarat_bet02_101_all_pairs_incl_sentinel,round_win = game_pnl > 0 (decisive only),COMPATIBILITY_ONLY_NOT_PRODUCTION,1339.9745,1172.3634,168.1172,62,62,-0.12546298,-0.18682651,0.02863881,-0.12546298,-168.1172,1339.9745,OK,0.0000,6.7247,4.0000,96.0000,AG03-UNRESOLVED,ALL5_LEVELS_bet23_to_bet27,6.7247,6.7247,6.7247,6.7247,6.7247,4.000000,4.000000,4.000000,4.000000,4.000000,96.000000,96.000000,96.000000,96.000000,96.000000,5.0,33.6234,31.039,134.4938,137.0782,PENDING_AG03,FALSE,NOT_FOR_ENFORCEMENT,161.3925,1125.4689,168.1172,161.3925,6.7247,0.12546298,0.12044446,6.7247,161.3925,0.12044446,6.7247,6.7247,6.7247,6.7247,6.7247,161.3925,0.12044446,33.6234,31.039,134.4938,137.0782,0.10037038,0.10229909,0.00501852,21.6125,18.9091,2.7116,56.0391,8.8483,446.6582,20.6667,23.9589,17.3463,12.9089,25.0432,25.8178,38.7267,38.7267,50.0865,12.9089,-2.1858,1.546392,2.000001,0.863007,11,19,3,2,0.71520462,0.12546298,0.18682651,0E-8,0.000000,0.874915,0.048387,-0.21546532,2026-06-02,2026-07-21,3,19,16,50,0.060000,1.381211,1.108567,2.384015,,,,,,,,GLOBAL_BASELINE_NO_ENTITY_RANKING,,,NOT_APPLICABLE_GLOBAL_BASELINE,HF9g-P5,,,,X 全窗基线 · 不参与实体赏罚,6872895,688,A168_HF9F_20260827_0900,2026-08-27 09:00:00
2026-05-13,150004854,1353,0,259.4572155052,-259.4572155052,-259.4572155052,0E-7,1,1,0.50665070000000000,0.506650700000,-1.013391052207602,-1.013391052207602,-1.013391052207602,0E-17,ELIGIBLE,R03b_20260811_FULL_v1,L1_ELIGIBILITY,v2026-08-11,2026-03-21..2026-08-06,baccarat_bet02_101_all_pairs_incl_sentinel,round_win = game_pnl > 0 (decisive only),COMPATIBILITY_ONLY_NOT_PRODUCTION,1711.8987,1711.8987,168.1283,10,10,-0.09821158,,-0.09821158,-0.09821158,-168.1283,1711.8987,THIN_EXPOSURE,0.0000,6.7251,4.0000,96.0000,AG03-UNRESOLVED,ALL5_LEVELS_bet23_to_bet27,6.7251,6.7251,6.7251,10.0877,10.0877,4.000000,4.000000,4.000000,6.000000,6.000000,96.000000,96.000000,96.000000,94.000000,94.000000,5.0,40.3508,36.6935,127.7775,131.4347,PENDING_AG03,FALSE,NOT_FOR_ENFORCEMENT,161.4031,1643.4228,168.1283,161.4031,6.7251,0.09821158,0.09428312,6.7251,161.4031,0.09428312,6.7251,6.7251,6.7251,10.0877,10.0877,161.4031,0.09428312,40.3508,36.6935,127.7775,131.4347,0.07464080,0.07677717,0.00392846,171.1899,171.1899,16.8128,84.0641,42.0321,855.9494,5.0000,,171.1899,129.7286,194.5929,259.4572,259.4572,259.4572,259.4572,194.5929,-71.0913,1.333333,1.333333,0.879733,4,4,2,2,0E-8,0.09821158,,0E-8,0.000000,1.000000,0.000000,,2026-05-13,2026-05-15,2,4,4,3,0.666667,,,0.000000,,,,,,,,GLOBAL_BASELINE_NO_ENTITY_RANKING,,,NOT_APPLICABLE_GLOBAL_BASELINE,HF9g-P5,,,,X 全窗基线 · 不参与实体赏罚,6872896,688,A168_HF9F_20260827_0900,2026-08-27 09:00:00
2026-05-13,150004854,1401,0,402.1586840331,-376.2129624825,-376.2129624825,0.3333333,3,3,0.50218230000000000,0.502182300000,-0.5849155494134425,-0.5849155494134426,-0.5849155494134425,0E-17,ELIGIBLE,R03b_20260811_FULL_v1,L1_ELIGIBILITY,v2026-08-11,2026-03-21..2026-08-06,baccarat_bet02_101_all_pairs_incl_sentinel,round_win = game_pnl > 0 (decisive only),COMPATIBILITY_ONLY_NOT_PRODUCTION,1711.8987,1711.8987,168.1283,10,10,-0.09821158,,-0.09821158,-0.09821158,-168.1283,1711.8987,THIN_EXPOSURE,0.0000,6.7251,4.0000,96.0000,AG03-UNRESOLVED,ALL5_LEVELS_bet23_to_bet27,6.7251,6.7251,6.7251,10.0877,10.0877,4.000000,4.000000,4.000000,6.000000,6.000000,96.000000,96.000000,96.000000,94.000000,94.000000,5.0,40.3508,36.6935,127.7775,131.4347,PENDING_AG03,FALSE,NOT_FOR_ENFORCEMENT,161.4031,1643.4228,168.1283,161.4031,6.7251,0.09821158,0.09428312,6.7251,161.4031,0.09428312,6.7251,6.7251,6.7251,10.0877,10.0877,161.4031,0.09428312,40.3508,36.6935,127.7775,131.4347,0.07464080,0.07677717,0.00392846,171.1899,171.1899,16.8128,84.0641,42.0321,855.9494,5.0000,,171.1899,129.7286,194.5929,259.4572,259.4572,259.4572,259.4572,194.5929,-71.0913,1.333333,1.333333,0.879733,4,4,2,2,0E-8,0.09821158,,0E-8,0.000000,1.000000,0.000000,,2026-05-13,2026-05-15,2,4,4,3,0.666667,,,0.000000,,,,,,,,GLOBAL_BASELINE_NO_ENTITY_RANKING,,,NOT_APPLICABLE_GLOBAL_BASELINE,HF9g-P5,,,,X 全窗基线 · 不参与实体赏罚,6872897,688,A168_HF9F_20260827_0900,2026-08-27 09:00:00
2026-05-13,150004854,1505,0,1037.8288620208,479.9958486845,479.9958486845,0.6000000,5,5,0.50665070000000000,0.506650700000,0.4175076967804994,0.4175076967804994,0.4175076967804994,0E-17,ELIGIBLE,R03b_20260811_FULL_v1,L1_ELIGIBILITY,v2026-08-11,2026-03-21..2026-08-06,baccarat_bet02_101_all_pairs_incl_sentinel,round_win = game_pnl > 0 (decisive only),COMPATIBILITY_ONLY_NOT_PRODUCTION,1711.8987,1711.8987,168.1283,10,10,-0.09821158,,-0.09821158,-0.09821158,-168.1283,1711.8987,THIN_EXPOSURE,0.0000,6.7251,4.0000,96.0000,AG03-UNRESOLVED,ALL5_LEVELS_bet23_to_bet27,6.7251,6.7251,6.7251,10.0877,10.0877,4.000000,4.000000,4.000000,6.000000,6.000000,96.000000,96.000000,96.000000,94.000000,94.000000,5.0,40.3508,36.6935,127.7775,131.4347,PENDING_AG03,FALSE,NOT_FOR_ENFORCEMENT,161.4031,1643.4228,168.1283,161.4031,6.7251,0.09821158,0.09428312,6.7251,161.4031,0.09428312,6.7251,6.7251,6.7251,10.0877,10.0877,161.4031,0.09428312,40.3508,36.6935,127.7775,131.4347,0.07464080,0.07677717,0.00392846,171.1899,171.1899,16.8128,84.0641,42.0321,855.9494,5.0000,,171.1899,129.7286,194.5929,259.4572,259.4572,259.4572,259.4572,194.5929,-71.0913,1.333333,1.333333,0.879733,4,4,2,2,0E-8,0.09821158,,0E-8,0.000000,1.000000,0.000000,,2026-05-13,2026-05-15,2,4,4,3,0.666667,,,0.000000,,,,,,,,GLOBAL_BASELINE_NO_ENTITY_RANKING,,,NOT_APPLICABLE_GLOBAL_BASELINE,HF9g-P5,,,,X 全窗基线 · 不参与实体赏罚,6872898,688,A168_HF9F_20260827_0900,2026-08-27 09:00:00
2026-05-15,150004854,-1,1,12.4539463442,-12.4539463442,-12.4539463442,0E-7,1,1,0.49324550000000000,0.493245500000,-0.9865810262130424,-0.9865810262130424,-0.9865810262130424,0E-17,SENTINEL_DEALER,R03b_20260811_FULL_v1,L1_ELIGIBILITY,v2026-08-11,2026-03-21..2026-08-06,baccarat_bet02_101_all_pairs_incl_sentinel,round_win = game_pnl > 0 (decisive only),COMPATIBILITY_ONLY_NOT_PRODUCTION,1711.8987,1711.8987,168.1283,10,10,-0.09821158,,-0.09821158,-0.09821158,-168.1283,1711.8987,THIN_EXPOSURE,0.0000,6.7251,4.0000,96.0000,AG03-UNRESOLVED,ALL5_LEVELS_bet23_to_bet27,6.7251,6.7251,6.7251,10.0877,10.0877,4.000000,4.000000,4.000000,6.000000,6.000000,96.000000,96.000000,96.000000,94.000000,94.000000,5.0,40.3508,36.6935,127.7775,131.4347,PENDING_AG03,FALSE,NOT_FOR_ENFORCEMENT,161.4031,1643.4228,168.1283,161.4031,6.7251,0.09821158,0.09428312,6.7251,161.4031,0.09428312,6.7251,6.7251,6.7251,10.0877,10.0877,161.4031,0.09428312,40.3508,36.6935,127.7775,131.4347,0.07464080,0.07677717,0.00392846,171.1899,171.1899,16.8128,84.0641,42.0321,855.9494,5.0000,,171.1899,129.7286,194.5929,259.4572,259.4572,259.4572,259.4572,194.5929,-71.0913,1.333333,1.333333,0.879733,4,4,2,2,0E-8,0.09821158,,0E-8,0.000000,1.000000,0.000000,,2026-05-13,2026-05-15,2,4,4,3,0.666667,,,0.000000,,,,,,,,GLOBAL_BASELINE_NO_ENTITY_RANKING,,,NOT_APPLICABLE_GLOBAL_BASELINE,HF9g-P5,,,,X 全窗基线 · 不参与实体赏罚,6872899,688,A168_HF9F_20260827_0900,2026-08-27 09:00:00
2026-04-07,136423177,-1,1,908.6500959248,4.1110619190,4.1110619190,0.5333333,18,18,0.50292703333333333,0.502927033333,0.23553022289588887,0.23553022289847,0.23553022289588887,3.3333E-13,SENTINEL_DEALER,R03b_20260811_FULL_v1,L1_ELIGIBILITY,v2026-08-11,2026-03-21..2026-08-06,baccarat_bet02_101_all_pairs_incl_sentinel,round_win = game_pnl > 0 (decisive only),COMPATIBILITY_ONLY_NOT_PRODUCTION,13723.1237,12567.9013,168.1305,430,430,-0.01225162,,-0.01225162,-0.01225162,-168.1305,13723.1237,OK,0.0000,6.7252,4.0000,96.0000,AG03-UNRESOLVED,ALL5_LEVELS_bet23_to_bet27,6.7252,6.7252,6.7252,10.0878,10.0878,4.000000,4.000000,4.000000,6.000000,6.000000,96.000000,96.000000,96.000000,94.000000,94.000000,5.0,40.3513,36.694,127.7792,131.4365,PENDING_AG03,FALSE,NOT_FOR_ENFORCEMENT,161.4053,12065.1853,168.1305,161.4053,6.7252,0.01225162,0.01176156,6.7252,161.4053,0.01176156,6.7252,6.7252,6.7252,10.0878,10.0878,161.4053,0.01176156,40.3513,36.694,127.7792,131.4365,0.00931123,0.00957774,0.00049006,31.9142,29.2277,0.3910,14.0109,0.6159,1143.5936,35.8333,,31.9142,21.0824,25.2988,42.1647,57.9765,65.3553,105.4118,23.1906,0.0,2.583333,4.166666,1.26149,29,95,5,2,0E-8,0.01225162,,0E-8,0.000000,0.915819,0.000000,,2026-04-07,2026-05-04,12,273,145,28,0.428571,,,0.000000,,,,,,,,GLOBAL_BASELINE_NO_ENTITY_RANKING,,,NOT_APPLICABLE_GLOBAL_BASELINE,HF9g-P5,,,,X 全窗基线 · 不参与实体赏罚,6872900,688,A168_HF9F_20260827_0900,2026-08-27 09:00:00
2026-04-07,136423177,1299,0,200.2825037420,49.5435667152,49.5435667152,0.6000000,5,5,0.50396966000000000,0.503969660000,0.4294742719815242,0.4294742719815242,0.4294742719815242,0E-17,ELIGIBLE,R03b_20260811_FULL_v1,L1_ELIGIBILITY,v2026-08-11,2026-03-21..2026-08-06,baccarat_bet02_101_all_pairs_incl_sentinel,round_win = game_pnl > 0 (decisive only),COMPATIBILITY_ONLY_NOT_PRODUCTION,13723.1237,12567.9013,168.1305,430,430,-0.01225162,,-0.01225162,-0.01225162,-168.1305,13723.1237,OK,0.0000,6.7252,4.0000,96.0000,AG03-UNRESOLVED,ALL5_LEVELS_bet23_to_bet27,6.7252,6.7252,6.7252,10.0878,10.0878,4.000000,4.000000,4.000000,6.000000,6.000000,96.000000,96.000000,96.000000,94.000000,94.000000,5.0,40.3513,36.694,127.7792,131.4365,PENDING_AG03,FALSE,NOT_FOR_ENFORCEMENT,161.4053,12065.1853,168.1305,161.4053,6.7252,0.01225162,0.01176156,6.7252,161.4053,0.01176156,6.7252,6.7252,6.7252,10.0878,10.0878,161.4053,0.01176156,40.3513,36.694,127.7792,131.4365,0.00931123,0.00957774,0.00049006,31.9142,29.2277,0.3910,14.0109,0.6159,1143.5936,35.8333,,31.9142,21.0824,25.2988,42.1647,57.9765,65.3553,105.4118,23.1906,0.0,2.583333,4.166666,1.26149,29,95,5,2,0E-8,0.01225162,,0E-8,0.000000,0.915819,0.000000,,2026-04-07,2026-05-04,12,273,145,28,0.428571,,,0.000000,,,,,,,,GLOBAL_BASELINE_NO_ENTITY_RANKING,,,NOT_APPLICABLE_GLOBAL_BASELINE,HF9g-P5,,,,X 全窗基线 · 不参与实体赏罚,6872901,688,A168_HF9F_20260827_0900,2026-08-27 09:00:00
2026-04-07,136423177,1306,0,52.7059220374,52.7059220374,52.7059220374,1.0000000,1,1,0.49324550000000000,0.493245500000,1.01360149184955,1.01360149184955,1.01360149184955,0E-17,ELIGIBLE,R03b_20260811_FULL_v1,L1_ELIGIBILITY,v2026-08-11,2026-03-21..2026-08-06,baccarat_bet02_101_all_pairs_incl_sentinel,round_win = game_pnl > 0 (decisive only),COMPATIBILITY_ONLY_NOT_PRODUCTION,13723.1237,12567.9013,168.1305,430,430,-0.01225162,,-0.01225162,-0.01225162,-168.1305,13723.1237,OK,0.0000,6.7252,4.0000,96.0000,AG03-UNRESOLVED,ALL5_LEVELS_bet23_to_bet27,6.7252,6.7252,6.7252,10.0878,10.0878,4.000000,4.000000,4.000000,6.000000,6.000000,96.000000,96.000000,96.000000,94.000000,94.000000,5.0,40.3513,36.694,127.7792,131.4365,PENDING_AG03,FALSE,NOT_FOR_ENFORCEMENT,161.4053,12065.1853,168.1305,161.4053,6.7252,0.01225162,0.01176156,6.7252,161.4053,0.01176156,6.7252,6.7252,6.7252,10.0878,10.0878,161.4053,0.01176156,40.3513,36.694,127.7792,131.4365,0.00931123,0.00957774,0.00049006,31.9142,29.2277,0.3910,14.0109,0.6159,1143.5936,35.8333,,31.9142,21.0824,25.2988,42.1647,57.9765,65.3553,105.4118,23.1906,0.0,2.583333,4.166666,1.26149,29,95,5,2,0E-8,0.01225162,,0E-8,0.000000,0.915819,0.000000,,2026-04-07,2026-05-04,12,273,145,28,0.428571,,,0.000000,,,,,,,,GLOBAL_BASELINE_NO_ENTITY_RANKING,,,NOT_APPLICABLE_GLOBAL_BASELINE,HF9g-P5,,,,X 全窗基线 · 不参与实体赏罚,6872902,688,A168_HF9F_20260827_0900,2026-08-27 09:00:00
2026-04-07,136423177,1318,0,73.7882908524,73.7882908524,73.7882908524,1.0000000,3,3,0.49324550000000000,0.493245500000,1.755609282511032,1.7556092825110319,1.755609282511032,0E-17,ELIGIBLE,R03b_20260811_FULL_v1,L1_ELIGIBILITY,v2026-08-11,2026-03-21..2026-08-06,baccarat_bet02_101_all_pairs_incl_sentinel,round_win = game_pnl > 0 (decisive only),COMPATIBILITY_ONLY_NOT_PRODUCTION,13723.1237,12567.9013,168.1305,430,430,-0.01225162,,-0.01225162,-0.01225162,-168.1305,13723.1237,OK,0.0000,6.7252,4.0000,96.0000,AG03-UNRESOLVED,ALL5_LEVELS_bet23_to_bet27,6.7252,6.7252,6.7252,10.0878,10.0878,4.000000,4.000000,4.000000,6.000000,6.000000,96.000000,96.000000,96.000000,94.000000,94.000000,5.0,40.3513,36.694,127.7792,131.4365,PENDING_AG03,FALSE,NOT_FOR_ENFORCEMENT,161.4053,12065.1853,168.1305,161.4053,6.7252,0.01225162,0.01176156,6.7252,161.4053,0.01176156,6.7252,6.7252,6.7252,10.0878,10.0878,161.4053,0.01176156,40.3513,36.694,127.7792,131.4365,0.00931123,0.00957774,0.00049006,31.9142,29.2277,0.3910,14.0109,0.6159,1143.5936,35.8333,,31.9142,21.0824,25.2988,42.1647,57.9765,65.3553,105.4118,23.1906,0.0,2.583333,4.166666,1.26149,29,95,5,2,0E-8,0.01225162,,0E-8,0.000000,0.915819,0.000000,,2026-04-07,2026-05-04,12,273,145,28,0.428571,,,0.000000,,,,,,,,GLOBAL_BASELINE_NO_ENTITY_RANKING,,,NOT_APPLICABLE_GLOBAL_BASELINE,HF9g-P5,,,,X 全窗基线 · 不参与实体赏罚,6872903,688,A168_HF9F_20260827_0900,2026-08-27 09:00:00
2026-04-07,136423177,1330,0,46.3812113930,-4.2164737630,-4.2164737630,0.5000000,2,2,0.49994810000000000,0.499948100000,0.00014679536856514622,0.00014679536856514622,0.00014679536856514622,0E-17,ELIGIBLE,R03b_20260811_FULL_v1,L1_ELIGIBILITY,v2026-08-11,2026-03-21..2026-08-06,baccarat_bet02_101_all_pairs_incl_sentinel,round_win = game_pnl > 0 (decisive only),COMPATIBILITY_ONLY_NOT_PRODUCTION,13723.1237,12567.9013,168.1305,430,430,-0.01225162,,-0.01225162,-0.01225162,-168.1305,13723.1237,OK,0.0000,6.7252,4.0000,96.0000,AG03-UNRESOLVED,ALL5_LEVELS_bet23_to_bet27,6.7252,6.7252,6.7252,10.0878,10.0878,4.000000,4.000000,4.000000,6.000000,6.000000,96.000000,96.000000,96.000000,94.000000,94.000000,5.0,40.3513,36.694,127.7792,131.4365,PENDING_AG03,FALSE,NOT_FOR_ENFORCEMENT,161.4053,12065.1853,168.1305,161.4053,6.7252,0.01225162,0.01176156,6.7252,161.4053,0.01176156,6.7252,6.7252,6.7252,10.0878,10.0878,161.4053,0.01176156,40.3513,36.694,127.7792,131.4365,0.00931123,0.00957774,0.00049006,31.9142,29.2277,0.3910,14.0109,0.6159,1143.5936,35.8333,,31.9142,21.0824,25.2988,42.1647,57.9765,65.3553,105.4118,23.1906,0.0,2.583333,4.166666,1.26149,29,95,5,2,0E-8,0.01225162,,0E-8,0.000000,0.915819,0.000000,,2026-04-07,2026-05-04,12,273,145,28,0.428571,,,0.000000,,,,,,,,GLOBAL_BASELINE_NO_ENTITY_RANKING,,,NOT_APPLICABLE_GLOBAL_BASELINE,HF9g-P5,,,,X 全窗基线 · 不参与实体赏罚,6872904,688,A168_HF9F_20260827_0900,2026-08-27 09:00:00
2026-04-07,136423177,1400,0,31.6235532224,-31.6235532224,-31.6235532224,0E-7,1,1,0.49324550000000000,0.493245500000,-0.9865810262130424,-0.9865810262130424,-0.9865810262130424,0E-17,ELIGIBLE,R03b_20260811_FULL_v1,L1_ELIGIBILITY,v2026-08-11,2026-03-21..2026-08-06,baccarat_bet02_101_all_pairs_incl_sentinel,round_win = game_pnl > 0 (decisive only),COMPATIBILITY_ONLY_NOT_PRODUCTION,13723.1237,12567.9013,168.1305,430,430,-0.01225162,,-0.01225162,-0.01225162,-168.1305,13723.1237,OK,0.0000,6.7252,4.0000,96.0000,AG03-UNRESOLVED,ALL5_LEVELS_bet23_to_bet27,6.7252,6.7252,6.7252,10.0878,10.0878,4.000000,4.000000,4.000000,6.000000,6.000000,96.000000,96.000000,96.000000,94.000000,94.000000,5.0,40.3513,36.694,127.7792,131.4365,PENDING_AG03,FALSE,NOT_FOR_ENFORCEMENT,161.4053,12065.1853,168.1305,161.4053,6.7252,0.01225162,0.01176156,6.7252,161.4053,0.01176156,6.7252,6.7252,6.7252,10.0878,10.0878,161.4053,0.01176156,40.3513,36.694,127.7792,131.4365,0.00931123,0.00957774,0.00049006,31.9142,29.2277,0.3910,14.0109,0.6159,1143.5936,35.8333,,31.9142,21.0824,25.2988,42.1647,57.9765,65.3553,105.4118,23.1906,0.0,2.583333,4.166666,1.26149,29,95,5,2,0E-8,0.01225162,,0E-8,0.000000,0.915819,0.000000,,2026-04-07,2026-05-04,12,273,145,28,0.428571,,,0.000000,,,,,,,,GLOBAL_BASELINE_NO_ENTITY_RANKING,,,NOT_APPLICABLE_GLOBAL_BASELINE,HF9g-P5,,,,X 全窗基线 · 不参与实体赏罚,6872905,688,A168_HF9F_20260827_0900,2026-08-27 09:00:00
2026-04-07,136423177,1402,0,25.2988425780,-25.2988425780,-25.2988425780,0E-7,1,1,0.50665070000000000,0.506650700000,-1.013391052207602,-1.013391052207602,-1.013391052207602,0E-17,ELIGIBLE,R03b_20260811_FULL_v1,L1_ELIGIBILITY,v2026-08-11,2026-03-21..2026-08-06,baccarat_bet02_101_all_pairs_incl_sentinel,round_win = game_pnl > 0 (decisive only),COMPATIBILITY_ONLY_NOT_PRODUCTION,13723.1237,12567.9013,168.1305,430,430,-0.01225162,,-0.01225162,-0.01225162,-168.1305,13723.1237,OK,0.0000,6.7252,4.0000,96.0000,AG03-UNRESOLVED,ALL5_LEVELS_bet23_to_bet27,6.7252,6.7252,6.7252,10.0878,10.0878,4.000000,4.000000,4.000000,6.000000,6.000000,96.000000,96.000000,96.000000,94.000000,94.000000,5.0,40.3513,36.694,127.7792,131.4365,PENDING_AG03,FALSE,NOT_FOR_ENFORCEMENT,161.4053,12065.1853,168.1305,161.4053,6.7252,0.01225162,0.01176156,6.7252,161.4053,0.01176156,6.7252,6.7252,6.7252,10.0878,10.0878,161.4053,0.01176156,40.3513,36.694,127.7792,131.4365,0.00931123,0.00957774,0.00049006,31.9142,29.2277,0.3910,14.0109,0.6159,1143.5936,35.8333,,31.9142,21.0824,25.2988,42.1647,57.9765,65.3553,105.4118,23.1906,0.0,2.583333,4.166666,1.26149,29,95,5,2,0E-8,0.01225162,,0E-8,0.000000,0.915819,0.000000,,2026-04-07,2026-05-04,12,273,145,28,0.428571,,,0.000000,,,,,,,,GLOBAL_BASELINE_NO_ENTITY_RANKING,,,NOT_APPLICABLE_GLOBAL_BASELINE,HF9g-P5,,,,X 全窗基线 · 不参与实体赏罚,6872906,688,A168_HF9F_20260827_0900,2026-08-27 09:00:00
2026-04-07,136423177,1704,0,31.6235532224,31.6235532224,31.6235532224,1.0000000,1,1,0.49324550000000000,0.493245500000,1.01360149184955,1.01360149184955,1.01360149184955,0E-17,ELIGIBLE,R03b_20260811_FULL_v1,L1_ELIGIBILITY,v2026-08-11,2026-03-21..2026-08-06,baccarat_bet02_101_all_pairs_incl_sentinel,round_win = game_pnl > 0 (decisive only),COMPATIBILITY_ONLY_NOT_PRODUCTION,13723.1237,12567.9013,168.1305,430,430,-0.01225162,,-0.01225162,-0.01225162,-168.1305,13723.1237,OK,0.0000,6.7252,4.0000,96.0000,AG03-UNRESOLVED,ALL5_LEVELS_bet23_to_bet27,6.7252,6.7252,6.7252,10.0878,10.0878,4.000000,4.000000,4.000000,6.000000,6.000000,96.000000,96.000000,96.000000,94.000000,94.000000,5.0,40.3513,36.694,127.7792,131.4365,PENDING_AG03,FALSE,NOT_FOR_ENFORCEMENT,161.4053,12065.1853,168.1305,161.4053,6.7252,0.01225162,0.01176156,6.7252,161.4053,0.01176156,6.7252,6.7252,6.7252,10.0878,10.0878,161.4053,0.01176156,40.3513,36.694,127.7792,131.4365,0.00931123,0.00957774,0.00049006,31.9142,29.2277,0.3910,14.0109,0.6159,1143.5936,35.8333,,31.9142,21.0824,25.2988,42.1647,57.9765,65.3553,105.4118,23.1906,0.0,2.583333,4.166666,1.26149,29,95,5,2,0E-8,0.01225162,,0E-8,0.000000,0.915819,0.000000,,2026-04-07,2026-05-04,12,273,145,28,0.428571,,,0.000000,,,,,,,,GLOBAL_BASELINE_NO_ENTITY_RANKING,,,NOT_APPLICABLE_GLOBAL_BASELINE,HF9g-P5,,,,X 全窗基线 · 不参与实体赏罚,6872907,688,A168_HF9F_20260827_0900,2026-08-27 09:00:00
2026-04-07,136423177,1714,0,21.0823688150,-21.0823688150,-21.0823688150,0E-7,1,1,0.50665070000000000,0.506650700000,-1.013391052207602,-1.013391052207602,-1.013391052207602,0E-17,ELIGIBLE,R03b_20260811_FULL_v1,L1_ELIGIBILITY,v2026-08-11,2026-03-21..2026-08-06,baccarat_bet02_101_all_pairs_incl_sentinel,round_win = game_pnl > 0 (decisive only),COMPATIBILITY_ONLY_NOT_PRODUCTION,13723.1237,12567.9013,168.1305,430,430,-0.01225162,,-0.01225162,-0.01225162,-168.1305,13723.1237,OK,0.0000,6.7252,4.0000,96.0000,AG03-UNRESOLVED,ALL5_LEVELS_bet23_to_bet27,6.7252,6.7252,6.7252,10.0878,10.0878,4.000000,4.000000,4.000000,6.000000,6.000000,96.000000,96.000000,96.000000,94.000000,94.000000,5.0,40.3513,36.694,127.7792,131.4365,PENDING_AG03,FALSE,NOT_FOR_ENFORCEMENT,161.4053,12065.1853,168.1305,161.4053,6.7252,0.01225162,0.01176156,6.7252,161.4053,0.01176156,6.7252,6.7252,6.7252,10.0878,10.0878,161.4053,0.01176156,40.3513,36.694,127.7792,131.4365,0.00931123,0.00957774,0.00049006,31.9142,29.2277,0.3910,14.0109,0.6159,1143.5936,35.8333,,31.9142,21.0824,25.2988,42.1647,57.9765,65.3553,105.4118,23.1906,0.0,2.583333,4.166666,1.26149,29,95,5,2,0E-8,0.01225162,,0E-8,0.000000,0.915819,0.000000,,2026-04-07,2026-05-04,12,273,145,28,0.428571,,,0.000000,,,,,,,,GLOBAL_BASELINE_NO_ENTITY_RANKING,,,NOT_APPLICABLE_GLOBAL_BASELINE,HF9g-P5,,,,X 全窗基线 · 不参与实体赏罚,6872908,688,A168_HF9F_20260827_0900,2026-08-27 09:00:00
2026-04-07,136423177,2060,0,164.4424767567,-41.1106191892,-41.1106191892,0.3333333,3,3,0.50665070000000000,0.506650700000,-0.6004420894325239,-0.6004420894325239,-0.6004420894325239,0E-17,ELIGIBLE,R03b_20260811_FULL_v1,L1_ELIGIBILITY,v2026-08-11,2026-03-21..2026-08-06,baccarat_bet02_101_all_pairs_incl_sentinel,round_win = game_pnl > 0 (decisive only),COMPATIBILITY_ONLY_NOT_PRODUCTION,13723.1237,12567.9013,168.1305,430,430,-0.01225162,,-0.01225162,-0.01225162,-168.1305,13723.1237,OK,0.0000,6.7252,4.0000,96.0000,AG03-UNRESOLVED,ALL5_LEVELS_bet23_to_bet27,6.7252,6.7252,6.7252,10.0878,10.0878,4.000000,4.000000,4.000000,6.000000,6.000000,96.000000,96.000000,96.000000,94.000000,94.000000,5.0,40.3513,36.694,127.7792,131.4365,PENDING_AG03,FALSE,NOT_FOR_ENFORCEMENT,161.4053,12065.1853,168.1305,161.4053,6.7252,0.01225162,0.01176156,6.7252,161.4053,0.01176156,6.7252,6.7252,6.7252,10.0878,10.0878,161.4053,0.01176156,40.3513,36.694,127.7792,131.4365,0.00931123,0.00957774,0.00049006,31.9142,29.2277,0.3910,14.0109,0.6159,1143.5936,35.8333,,31.9142,21.0824,25.2988,42.1647,57.9765,65.3553,105.4118,23.1906,0.0,2.583333,4.166666,1.26149,29,95,5,2,0E-8,0.01225162,,0E-8,0.000000,0.915819,0.000000,,2026-04-07,2026-05-04,12,273,145,28,0.428571,,,0.000000,,,,,,,,GLOBAL_BASELINE_NO_ENTITY_RANKING,,,NOT_APPLICABLE_GLOBAL_BASELINE,HF9g-P5,,,,X 全窗基线 · 不参与实体赏罚,6872909,688,A168_HF9F_20260827_0900,2026-08-27 09:00:00
2026-04-07,136423177,2088,0,31.6235532224,-31.6235532224,-31.6235532224,0E-7,1,1,0.50665070000000000,0.506650700000,-1.013391052207602,-1.013391052207602,-1.013391052207602,0E-17,ELIGIBLE,R03b_20260811_FULL_v1,L1_ELIGIBILITY,v2026-08-11,2026-03-21..2026-08-06,baccarat_bet02_101_all_pairs_incl_sentinel,round_win = game_pnl > 0 (decisive only),COMPATIBILITY_ONLY_NOT_PRODUCTION,13723.1237,12567.9013,168.1305,430,430,-0.01225162,,-0.01225162,-0.01225162,-168.1305,13723.1237,OK,0.0000,6.7252,4.0000,96.0000,AG03-UNRESOLVED,ALL5_LEVELS_bet23_to_bet27,6.7252,6.7252,6.7252,10.0878,10.0878,4.000000,4.000000,4.000000,6.000000,6.000000,96.000000,96.000000,96.000000,94.000000,94.000000,5.0,40.3513,36.694,127.7792,131.4365,PENDING_AG03,FALSE,NOT_FOR_ENFORCEMENT,161.4053,12065.1853,168.1305,161.4053,6.7252,0.01225162,0.01176156,6.7252,161.4053,0.01176156,6.7252,6.7252,6.7252,10.0878,10.0878,161.4053,0.01176156,40.3513,36.694,127.7792,131.4365,0.00931123,0.00957774,0.00049006,31.9142,29.2277,0.3910,14.0109,0.6159,1143.5936,35.8333,,31.9142,21.0824,25.2988,42.1647,57.9765,65.3553,105.4118,23.1906,0.0,2.583333,4.166666,1.26149,29,95,5,2,0E-8,0.01225162,,0E-8,0.000000,0.915819,0.000000,,2026-04-07,2026-05-04,12,273,145,28,0.428571,,,0.000000,,,,,,,,GLOBAL_BASELINE_NO_ENTITY_RANKING,,,NOT_APPLICABLE_GLOBAL_BASELINE,HF9g-P5,,,,X 全窗基线 · 不参与实体赏罚,6872910,688,A168_HF9F_20260827_0900,2026-08-27 09:00:00
2026-04-07,136423177,2117,0,231.9060569645,-231.9060569645,-231.9060569645,0E-7,3,3,0.50218230000000000,0.502182300000,-1.7396270863184011,-1.7396270863184016,-1.7396270863184011,0E-17,ELIGIBLE,R03b_20260811_FULL_v1,L1_ELIGIBILITY,v2026-08-11,2026-03-21..2026-08-06,baccarat_bet02_101_all_pairs_incl_sentinel,round_win = game_pnl > 0 (decisive only),COMPATIBILITY_ONLY_NOT_PRODUCTION,13723.1237,12567.9013,168.1305,430,430,-0.01225162,,-0.01225162,-0.01225162,-168.1305,13723.1237,OK,0.0000,6.7252,4.0000,96.0000,AG03-UNRESOLVED,ALL5_LEVELS_bet23_to_bet27,6.7252,6.7252,6.7252,10.0878,10.0878,4.000000,4.000000,4.000000,6.000000,6.000000,96.000000,96.000000,96.000000,94.000000,94.000000,5.0,40.3513,36.694,127.7792,131.4365,PENDING_AG03,FALSE,NOT_FOR_ENFORCEMENT,161.4053,12065.1853,168.1305,161.4053,6.7252,0.01225162,0.01176156,6.7252,161.4053,0.01176156,6.7252,6.7252,6.7252,10.0878,10.0878,161.4053,0.01176156,40.3513,36.694,127.7792,131.4365,0.00931123,0.00957774,0.00049006,31.9142,29.2277,0.3910,14.0109,0.6159,1143.5936,35.8333,,31.9142,21.0824,25.2988,42.1647,57.9765,65.3553,105.4118,23.1906,0.0,2.583333,4.166666,1.26149,29,95,5,2,0E-8,0.01225162,,0E-8,0.000000,0.915819,0.000000,,2026-04-07,2026-05-04,12,273,145,28,0.428571,,,0.000000,,,,,,,,GLOBAL_BASELINE_NO_ENTITY_RANKING,,,NOT_APPLICABLE_GLOBAL_BASELINE,HF9g-P5,,,,X 全窗基线 · 不参与实体赏罚,6872911,688,A168_HF9F_20260827_0900,2026-08-27 09:00:00
2026-04-07,136423177,2130,0,21.0823688150,-21.0823688150,-21.0823688150,0E-7,1,1,0.49324550000000000,0.493245500000,-0.9865810262130424,-0.9865810262130424,-0.9865810262130424,0E-17,ELIGIBLE,R03b_20260811_FULL_v1,L1_ELIGIBILITY,v2026-08-11,2026-03-21..2026-08-06,baccarat_bet02_101_all_pairs_incl_sentinel,round_win = game_pnl > 0 (decisive only),COMPATIBILITY_ONLY_NOT_PRODUCTION,13723.1237,12567.9013,168.1305,430,430,-0.01225162,,-0.01225162,-0.01225162,-168.1305,13723.1237,OK,0.0000,6.7252,4.0000,96.0000,AG03-UNRESOLVED,ALL5_LEVELS_bet23_to_bet27,6.7252,6.7252,6.7252,10.0878,10.0878,4.000000,4.000000,4.000000,6.000000,6.000000,96.000000,96.000000,96.000000,94.000000,94.000000,5.0,40.3513,36.694,127.7792,131.4365,PENDING_AG03,FALSE,NOT_FOR_ENFORCEMENT,161.4053,12065.1853,168.1305,161.4053,6.7252,0.01225162,0.01176156,6.7252,161.4053,0.01176156,6.7252,6.7252,6.7252,10.0878,10.0878,161.4053,0.01176156,40.3513,36.694,127.7792,131.4365,0.00931123,0.00957774,0.00049006,31.9142,29.2277,0.3910,14.0109,0.6159,1143.5936,35.8333,,31.9142,21.0824,25.2988,42.1647,57.9765,65.3553,105.4118,23.1906,0.0,2.583333,4.166666,1.26149,29,95,5,2,0E-8,0.01225162,,0E-8,0.000000,0.915819,0.000000,,2026-04-07,2026-05-04,12,273,145,28,0.428571,,,0.000000,,,,,,,,GLOBAL_BASELINE_NO_ENTITY_RANKING,,,NOT_APPLICABLE_GLOBAL_BASELINE,HF9g-P5,,,,X 全窗基线 · 不参与实体赏罚,6872912,688,A168_HF9F_20260827_0900,2026-08-27 09:00:00
2026-04-07,136423177,2160,0,42.1647376299,40.0565007484,40.0565007484,1.0000000,1,1,0.50665070000000000,0.506650700000,0.9867858985152569,0.9867858985152569,0.9867858985152569,0E-17,ELIGIBLE,R03b_20260811_FULL_v1,L1_ELIGIBILITY,v2026-08-11,2026-03-21..2026-08-06,baccarat_bet02_101_all_pairs_incl_sentinel,round_win = game_pnl > 0 (decisive only),COMPATIBILITY_ONLY_NOT_PRODUCTION,13723.1237,12567.9013,168.1305,430,430,-0.01225162,,-0.01225162,-0.01225162,-168.1305,13723.1237,OK,0.0000,6.7252,4.0000,96.0000,AG03-UNRESOLVED,ALL5_LEVELS_bet23_to_bet27,6.7252,6.7252,6.7252,10.0878,10.0878,4.000000,4.000000,4.000000,6.000000,6.000000,96.000000,96.000000,96.000000,94.000000,94.000000,5.0,40.3513,36.694,127.7792,131.4365,PENDING_AG03,FALSE,NOT_FOR_ENFORCEMENT,161.4053,12065.1853,168.1305,161.4053,6.7252,0.01225162,0.01176156,6.7252,161.4053,0.01176156,6.7252,6.7252,6.7252,10.0878,10.0878,161.4053,0.01176156,40.3513,36.694,127.7792,131.4365,0.00931123,0.00957774,0.00049006,31.9142,29.2277,0.3910,14.0109,0.6159,1143.5936,35.8333,,31.9142,21.0824,25.2988,42.1647,57.9765,65.3553,105.4118,23.1906,0.0,2.583333,4.166666,1.26149,29,95,5,2,0E-8,0.01225162,,0E-8,0.000000,0.915819,0.000000,,2026-04-07,2026-05-04,12,273,145,28,0.428571,,,0.000000,,,,,,,,GLOBAL_BASELINE_NO_ENTITY_RANKING,,,NOT_APPLICABLE_GLOBAL_BASELINE,HF9g-P5,,,,X 全窗基线 · 不参与实体赏罚,6872913,688,A168_HF9F_20260827_0900,2026-08-27 09:00:00
2026-04-07,136423177,2167,0,21.0823688150,21.0823688150,21.0823688150,1.0000000,1,1,0.49324550000000000,0.493245500000,1.01360149184955,1.01360149184955,1.01360149184955,0E-17,ELIGIBLE,R03b_20260811_FULL_v1,L1_ELIGIBILITY,v2026-08-11,2026-03-21..2026-08-06,baccarat_bet02_101_all_pairs_incl_sentinel,round_win = game_pnl > 0 (decisive only),COMPATIBILITY_ONLY_NOT_PRODUCTION,13723.1237,12567.9013,168.1305,430,430,-0.01225162,,-0.01225162,-0.01225162,-168.1305,13723.1237,OK,0.0000,6.7252,4.0000,96.0000,AG03-UNRESOLVED,ALL5_LEVELS_bet23_to_bet27,6.7252,6.7252,6.7252,10.0878,10.0878,4.000000,4.000000,4.000000,6.000000,6.000000,96.000000,96.000000,96.000000,94.000000,94.000000,5.0,40.3513,36.694,127.7792,131.4365,PENDING_AG03,FALSE,NOT_FOR_ENFORCEMENT,161.4053,12065.1853,168.1305,161.4053,6.7252,0.01225162,0.01176156,6.7252,161.4053,0.01176156,6.7252,6.7252,6.7252,10.0878,10.0878,161.4053,0.01176156,40.3513,36.694,127.7792,131.4365,0.00931123,0.00957774,0.00049006,31.9142,29.2277,0.3910,14.0109,0.6159,1143.5936,35.8333,,31.9142,21.0824,25.2988,42.1647,57.9765,65.3553,105.4118,23.1906,0.0,2.583333,4.166666,1.26149,29,95,5,2,0E-8,0.01225162,,0E-8,0.000000,0.915819,0.000000,,2026-04-07,2026-05-04,12,273,145,28,0.428571,,,0.000000,,,,,,,,GLOBAL_BASELINE_NO_ENTITY_RANKING,,,NOT_APPLICABLE_GLOBAL_BASELINE,HF9g-P5,,,,X 全窗基线 · 不参与实体赏罚,6872914,688,A168_HF9F_20260827_0900,2026-08-27 09:00:00
2026-04-07,136423177,2175,0,105.4118440748,-23.1906056965,-23.1906056965,0.5000000,2,2,0.50665070000000000,0.506650700000,-0.018812684590367487,-0.018812684590367487,-0.018812684590367487,0E-17,ELIGIBLE,R03b_20260811_FULL_v1,L1_ELIGIBILITY,v2026-08-11,2026-03-21..2026-08-06,baccarat_bet02_101_all_pairs_incl_sentinel,round_win = game_pnl > 0 (decisive only),COMPATIBILITY_ONLY_NOT_PRODUCTION,13723.1237,12567.9013,168.1305,430,430,-0.01225162,,-0.01225162,-0.01225162,-168.1305,13723.1237,OK,0.0000,6.7252,4.0000,96.0000,AG03-UNRESOLVED,ALL5_LEVELS_bet23_to_bet27,6.7252,6.7252,6.7252,10.0878,10.0878,4.000000,4.000000,4.000000,6.000000,6.000000,96.000000,96.000000,96.000000,94.000000,94.000000,5.0,40.3513,36.694,127.7792,131.4365,PENDING_AG03,FALSE,NOT_FOR_ENFORCEMENT,161.4053,12065.1853,168.1305,161.4053,6.7252,0.01225162,0.01176156,6.7252,161.4053,0.01176156,6.7252,6.7252,6.7252,10.0878,10.0878,161.4053,0.01176156,40.3513,36.694,127.7792,131.4365,0.00931123,0.00957774,0.00049006,31.9142,29.2277,0.3910,14.0109,0.6159,1143.5936,35.8333,,31.9142,21.0824,25.2988,42.1647,57.9765,65.3553,105.4118,23.1906,0.0,2.583333,4.166666,1.26149,29,95,5,2,0E-8,0.01225162,,0E-8,0.000000,0.915819,0.000000,,2026-04-07,2026-05-04,12,273,145,28,0.428571,,,0.000000,,,,,,,,GLOBAL_BASELINE_NO_ENTITY_RANKING,,,NOT_APPLICABLE_GLOBAL_BASELINE,HF9g-P5,,,,X 全窗基线 · 不参与实体赏罚,6872915,688,A168_HF9F_20260827_0900,2026-08-27 09:00:00
2026-04-07,136423177,2222,0,42.1647376299,-42.1647376299,-42.1647376299,0E-7,1,1,0.49324550000000000,0.493245500000,-0.9865810262130424,-0.9865810262130424,-0.9865810262130424,0E-17,ELIGIBLE,R03b_20260811_FULL_v1,L1_ELIGIBILITY,v2026-08-11,2026-03-21..2026-08-06,baccarat_bet02_101_all_pairs_incl_sentinel,round_win = game_pnl > 0 (decisive only),COMPATIBILITY_ONLY_NOT_PRODUCTION,13723.1237,12567.9013,168.1305,430,430,-0.01225162,,-0.01225162,-0.01225162,-168.1305,13723.1237,OK,0.0000,6.7252,4.0000,96.0000,AG03-UNRESOLVED,ALL5_LEVELS_bet23_to_bet27,6.7252,6.7252,6.7252,10.0878,10.0878,4.000000,4.000000,4.000000,6.000000,6.000000,96.000000,96.000000,96.000000,94.000000,94.000000,5.0,40.3513,36.694,127.7792,131.4365,PENDING_AG03,FALSE,NOT_FOR_ENFORCEMENT,161.4053,12065.1853,168.1305,161.4053,6.7252,0.01225162,0.01176156,6.7252,161.4053,0.01176156,6.7252,6.7252,6.7252,10.0878,10.0878,161.4053,0.01176156,40.3513,36.694,127.7792,131.4365,0.00931123,0.00957774,0.00049006,31.9142,29.2277,0.3910,14.0109,0.6159,1143.5936,35.8333,,31.9142,21.0824,25.2988,42.1647,57.9765,65.3553,105.4118,23.1906,0.0,2.583333,4.166666,1.26149,29,95,5,2,0E-8,0.01225162,,0E-8,0.000000,0.915819,0.000000,,2026-04-07,2026-05-04,12,273,145,28,0.428571,,,0.000000,,,,,,,,GLOBAL_BASELINE_NO_ENTITY_RANKING,,,NOT_APPLICABLE_GLOBAL_BASELINE,HF9g-P5,,,,X 全窗基线 · 不参与实体赏罚,6872916,688,A168_HF9F_20260827_0900,2026-08-27 09:00:00
2026-04-07,136423177,2242,0,73.7882908524,-73.7882908524,-73.7882908524,0E-7,1,1,0.50665070000000000,0.506650700000,-1.013391052207602,-1.013391052207602,-1.013391052207602,0E-17,ELIGIBLE,R03b_20260811_FULL_v1,L1_ELIGIBILITY,v2026-08-11,2026-03-21..2026-08-06,baccarat_bet02_101_all_pairs_incl_sentinel,round_win = game_pnl > 0 (decisive only),COMPATIBILITY_ONLY_NOT_PRODUCTION,13723.1237,12567.9013,168.1305,430,430,-0.01225162,,-0.01225162,-0.01225162,-168.1305,13723.1237,OK,0.0000,6.7252,4.0000,96.0000,AG03-UNRESOLVED,ALL5_LEVELS_bet23_to_bet27,6.7252,6.7252,6.7252,10.0878,10.0878,4.000000,4.000000,4.000000,6.000000,6.000000,96.000000,96.000000,96.000000,94.000000,94.000000,5.0,40.3513,36.694,127.7792,131.4365,PENDING_AG03,FALSE,NOT_FOR_ENFORCEMENT,161.4053,12065.1853,168.1305,161.4053,6.7252,0.01225162,0.01176156,6.7252,161.4053,0.01176156,6.7252,6.7252,6.7252,10.0878,10.0878,161.4053,0.01176156,40.3513,36.694,127.7792,131.4365,0.00931123,0.00957774,0.00049006,31.9142,29.2277,0.3910,14.0109,0.6159,1143.5936,35.8333,,31.9142,21.0824,25.2988,42.1647,57.9765,65.3553,105.4118,23.1906,0.0,2.583333,4.166666,1.26149,29,95,5,2,0E-8,0.01225162,,0E-8,0.000000,0.915819,0.000000,,2026-04-07,2026-05-04,12,273,145,28,0.428571,,,0.000000,,,,,,,,GLOBAL_BASELINE_NO_ENTITY_RANKING,,,NOT_APPLICABLE_GLOBAL_BASELINE,HF9g-P5,,,,X 全窗基线 · 不参与实体赏罚,6872917,688,A168_HF9F_20260827_0900,2026-08-27 09:00:00
2026-04-07,136423177,2248,0,193.9577930976,92.0245398773,92.0245398773,0.7500000,5,5,0.50396966000000000,0.503969660000,0.9841523774297893,0.9841523774297894,0.9841523774297893,0E-17,ELIGIBLE,R03b_20260811_FULL_v1,L1_ELIGIBILITY,v2026-08-11,2026-03-21..2026-08-06,baccarat_bet02_101_all_pairs_incl_sentinel,round_win = game_pnl > 0 (decisive only),COMPATIBILITY_ONLY_NOT_PRODUCTION,13723.1237,12567.9013,168.1305,430,430,-0.01225162,,-0.01225162,-0.01225162,-168.1305,13723.1237,OK,0.0000,6.7252,4.0000,96.0000,AG03-UNRESOLVED,ALL5_LEVELS_bet23_to_bet27,6.7252,6.7252,6.7252,10.0878,10.0878,4.000000,4.000000,4.000000,6.000000,6.000000,96.000000,96.000000,96.000000,94.000000,94.000000,5.0,40.3513,36.694,127.7792,131.4365,PENDING_AG03,FALSE,NOT_FOR_ENFORCEMENT,161.4053,12065.1853,168.1305,161.4053,6.7252,0.01225162,0.01176156,6.7252,161.4053,0.01176156,6.7252,6.7252,6.7252,10.0878,10.0878,161.4053,0.01176156,40.3513,36.694,127.7792,131.4365,0.00931123,0.00957774,0.00049006,31.9142,29.2277,0.3910,14.0109,0.6159,1143.5936,35.8333,,31.9142,21.0824,25.2988,42.1647,57.9765,65.3553,105.4118,23.1906,0.0,2.583333,4.166666,1.26149,29,95,5,2,0E-8,0.01225162,,0E-8,0.000000,0.915819,0.000000,,2026-04-07,2026-05-04,12,273,145,28,0.428571,,,0.000000,,,,,,,,GLOBAL_BASELINE_NO_ENTITY_RANKING,,,NOT_APPLICABLE_GLOBAL_BASELINE,HF9g-P5,,,,X 全窗基线 · 不参与实体赏罚,6872918,688,A168_HF9F_20260827_0900,2026-08-27 09:00:00
2026-04-07,136423177,2256,0,84.3294752598,84.3294752598,84.3294752598,1.0000000,1,1,0.49324550000000000,0.493245500000,1.01360149184955,1.01360149184955,1.01360149184955,0E-17,ELIGIBLE,R03b_20260811_FULL_v1,L1_ELIGIBILITY,v2026-08-11,2026-03-21..2026-08-06,baccarat_bet02_101_all_pairs_incl_sentinel,round_win = game_pnl > 0 (decisive only),COMPATIBILITY_ONLY_NOT_PRODUCTION,13723.1237,12567.9013,168.1305,430,430,-0.01225162,,-0.01225162,-0.01225162,-168.1305,13723.1237,OK,0.0000,6.7252,4.0000,96.0000,AG03-UNRESOLVED,ALL5_LEVELS_bet23_to_bet27,6.7252,6.7252,6.7252,10.0878,10.0878,4.000000,4.000000,4.000000,6.000000,6.000000,96.000000,96.000000,96.000000,94.000000,94.000000,5.0,40.3513,36.694,127.7792,131.4365,PENDING_AG03,FALSE,NOT_FOR_ENFORCEMENT,161.4053,12065.1853,168.1305,161.4053,6.7252,0.01225162,0.01176156,6.7252,161.4053,0.01176156,6.7252,6.7252,6.7252,10.0878,10.0878,161.4053,0.01176156,40.3513,36.694,127.7792,131.4365,0.00931123,0.00957774,0.00049006,31.9142,29.2277,0.3910,14.0109,0.6159,1143.5936,35.8333,,31.9142,21.0824,25.2988,42.1647,57.9765,65.3553,105.4118,23.1906,0.0,2.583333,4.166666,1.26149,29,95,5,2,0E-8,0.01225162,,0E-8,0.000000,0.915819,0.000000,,2026-04-07,2026-05-04,12,273,145,28,0.428571,,,0.000000,,,,,,,,GLOBAL_BASELINE_NO_ENTITY_RANKING,,,NOT_APPLICABLE_GLOBAL_BASELINE,HF9g-P5,,,,X 全窗基线 · 不参与实体赏罚,6872919,688,A168_HF9F_20260827_0900,2026-08-27 09:00:00
2026-04-07,136423177,529,0,37.9482638669,0E-10,0E-10,,1,1,0.50665070000000000,0.506650700000,,,,0E-17,NO_DECISIVE_ROUND,R03b_20260811_FULL_v1,L1_ELIGIBILITY,v2026-08-11,2026-03-21..2026-08-06,baccarat_bet02_101_all_pairs_incl_sentinel,round_win = game_pnl > 0 (decisive only),COMPATIBILITY_ONLY_NOT_PRODUCTION,13723.1237,12567.9013,168.1305,430,430,-0.01225162,,-0.01225162,-0.01225162,-168.1305,13723.1237,OK,0.0000,6.7252,4.0000,96.0000,AG03-UNRESOLVED,ALL5_LEVELS_bet23_to_bet27,6.7252,6.7252,6.7252,10.0878,10.0878,4.000000,4.000000,4.000000,6.000000,6.000000,96.000000,96.000000,96.000000,94.000000,94.000000,5.0,40.3513,36.694,127.7792,131.4365,PENDING_AG03,FALSE,NOT_FOR_ENFORCEMENT,161.4053,12065.1853,168.1305,161.4053,6.7252,0.01225162,0.01176156,6.7252,161.4053,0.01176156,6.7252,6.7252,6.7252,10.0878,10.0878,161.4053,0.01176156,40.3513,36.694,127.7792,131.4365,0.00931123,0.00957774,0.00049006,31.9142,29.2277,0.3910,14.0109,0.6159,1143.5936,35.8333,,31.9142,21.0824,25.2988,42.1647,57.9765,65.3553,105.4118,23.1906,0.0,2.583333,4.166666,1.26149,29,95,5,2,0E-8,0.01225162,,0E-8,0.000000,0.915819,0.000000,,2026-04-07,2026-05-04,12,273,145,28,0.428571,,,0.000000,,,,,,,,GLOBAL_BASELINE_NO_ENTITY_RANKING,,,NOT_APPLICABLE_GLOBAL_BASELINE,HF9g-P5,,,,X 全窗基线 · 不参与实体赏罚,6872920,688,A168_HF9F_20260827_0900,2026-08-27 09:00:00
2026-04-07,136423177,550,0,21.0823688150,21.0823688150,21.0823688150,1.0000000,1,1,0.49324550000000000,0.493245500000,1.01360149184955,1.01360149184955,1.01360149184955,0E-17,ELIGIBLE,R03b_20260811_FULL_v1,L1_ELIGIBILITY,v2026-08-11,2026-03-21..2026-08-06,baccarat_bet02_101_all_pairs_incl_sentinel,round_win = game_pnl > 0 (decisive only),COMPATIBILITY_ONLY_NOT_PRODUCTION,13723.1237,12567.9013,168.1305,430,430,-0.01225162,,-0.01225162,-0.01225162,-168.1305,13723.1237,OK,0.0000,6.7252,4.0000,96.0000,AG03-UNRESOLVED,ALL5_LEVELS_bet23_to_bet27,6.7252,6.7252,6.7252,10.0878,10.0878,4.000000,4.000000,4.000000,6.000000,6.000000,96.000000,96.000000,96.000000,94.000000,94.000000,5.0,40.3513,36.694,127.7792,131.4365,PENDING_AG03,FALSE,NOT_FOR_ENFORCEMENT,161.4053,12065.1853,168.1305,161.4053,6.7252,0.01225162,0.01176156,6.7252,161.4053,0.01176156,6.7252,6.7252,6.7252,10.0878,10.0878,161.4053,0.01176156,40.3513,36.694,127.7792,131.4365,0.00931123,0.00957774,0.00049006,31.9142,29.2277,0.3910,14.0109,0.6159,1143.5936,35.8333,,31.9142,21.0824,25.2988,42.1647,57.9765,65.3553,105.4118,23.1906,0.0,2.583333,4.166666,1.26149,29,95,5,2,0E-8,0.01225162,,0E-8,0.000000,0.915819,0.000000,,2026-04-07,2026-05-04,12,273,145,28,0.428571,,,0.000000,,,,,,,,GLOBAL_BASELINE_NO_ENTITY_RANKING,,,NOT_APPLICABLE_GLOBAL_BASELINE,HF9g-P5,,,,X 全窗基线 · 不参与实体赏罚,6872921,688,A168_HF9F_20260827_0900,2026-08-27 09:00:00
2026-04-09,136423177,1383,0,14.7576581705,-14.7576581705,-14.7576581705,0E-7,1,1,0.50665070000000000,0.506650700000,-1.013391052207602,-1.013391052207602,-1.013391052207602,0E-17,ELIGIBLE,R03b_20260811_FULL_v1,L1_ELIGIBILITY,v2026-08-11,2026-03-21..2026-08-06,baccarat_bet02_101_all_pairs_incl_sentinel,round_win = game_pnl > 0 (decisive only),COMPATIBILITY_ONLY_NOT_PRODUCTION,13723.1237,12567.9013,168.1305,430,430,-0.01225162,,-0.01225162,-0.01225162,-168.1305,13723.1237,OK,0.0000,6.7252,4.0000,96.0000,AG03-UNRESOLVED,ALL5_LEVELS_bet23_to_bet27,6.7252,6.7252,6.7252,10.0878,10.0878,4.000000,4.000000,4.000000,6.000000,6.000000,96.000000,96.000000,96.000000,94.000000,94.000000,5.0,40.3513,36.694,127.7792,131.4365,PENDING_AG03,FALSE,NOT_FOR_ENFORCEMENT,161.4053,12065.1853,168.1305,161.4053,6.7252,0.01225162,0.01176156,6.7252,161.4053,0.01176156,6.7252,6.7252,6.7252,10.0878,10.0878,161.4053,0.01176156,40.3513,36.694,127.7792,131.4365,0.00931123,0.00957774,0.00049006,31.9142,29.2277,0.3910,14.0109,0.6159,1143.5936,35.8333,,31.9142,21.0824,25.2988,42.1647,57.9765,65.3553,105.4118,23.1906,0.0,2.583333,4.166666,1.26149,29,95,5,2,0E-8,0.01225162,,0E-8,0.000000,0.915819,0.000000,,2026-04-07,2026-05-04,12,273,145,28,0.428571,,,0.000000,,,,,,,,GLOBAL_BASELINE_NO_ENTITY_RANKING,,,NOT_APPLICABLE_GLOBAL_BASELINE,HF9g-P5,,,,X 全窗基线 · 不参与实体赏罚,6872922,688,A168_HF9F_20260827_0900,2026-08-27 09:00:00
2026-04-10,136423177,-1,1,438.5132713512,-10.1195370313,-10.1195370313,0.5000000,14,14,0.50186312857142857,0.501863128571,-0.013942474359501108,-0.01394247435629392,-0.013942474359501108,4.2857E-13,SENTINEL_DEALER,R03b_20260811_FULL_v1,L1_ELIGIBILITY,v2026-08-11,2026-03-21..2026-08-06,baccarat_bet02_101_all_pairs_incl_sentinel,round_win = game_pnl > 0 (decisive only),COMPATIBILITY_ONLY_NOT_PRODUCTION,13723.1237,12567.9013,168.1305,430,430,-0.01225162,,-0.01225162,-0.01225162,-168.1305,13723.1237,OK,0.0000,6.7252,4.0000,96.0000,AG03-UNRESOLVED,ALL5_LEVELS_bet23_to_bet27,6.7252,6.7252,6.7252,10.0878,10.0878,4.000000,4.000000,4.000000,6.000000,6.000000,96.000000,96.000000,96.000000,94.000000,94.000000,5.0,40.3513,36.694,127.7792,131.4365,PENDING_AG03,FALSE,NOT_FOR_ENFORCEMENT,161.4053,12065.1853,168.1305,161.4053,6.7252,0.01225162,0.01176156,6.7252,161.4053,0.01176156,6.7252,6.7252,6.7252,10.0878,10.0878,161.4053,0.01176156,40.3513,36.694,127.7792,131.4365,0.00931123,0.00957774,0.00049006,31.9142,29.2277,0.3910,14.0109,0.6159,1143.5936,35.8333,,31.9142,21.0824,25.2988,42.1647,57.9765,65.3553,105.4118,23.1906,0.0,2.583333,4.166666,1.26149,29,95,5,2,0E-8,0.01225162,,0E-8,0.000000,0.915819,0.000000,,2026-04-07,2026-05-04,12,273,145,28,0.428571,,,0.000000,,,,,,,,GLOBAL_BASELINE_NO_ENTITY_RANKING,,,NOT_APPLICABLE_GLOBAL_BASELINE,HF9g-P5,,,,X 全窗基线 · 不参与实体赏罚,6872923,688,A168_HF9F_20260827_0900,2026-08-27 09:00:00
2026-04-10,136423177,1115,0,141.2518710603,95.1868951995,95.1868951995,0.7500000,4,4,0.49994810000000000,0.499948100000,1.0002076053883384,1.0002076053883384,1.0002076053883384,0E-17,ELIGIBLE,R03b_20260811_FULL_v1,L1_ELIGIBILITY,v2026-08-11,2026-03-21..2026-08-06,baccarat_bet02_101_all_pairs_incl_sentinel,round_win = game_pnl > 0 (decisive only),COMPATIBILITY_ONLY_NOT_PRODUCTION,13723.1237,12567.9013,168.1305,430,430,-0.01225162,,-0.01225162,-0.01225162,-168.1305,13723.1237,OK,0.0000,6.7252,4.0000,96.0000,AG03-UNRESOLVED,ALL5_LEVELS_bet23_to_bet27,6.7252,6.7252,6.7252,10.0878,10.0878,4.000000,4.000000,4.000000,6.000000,6.000000,96.000000,96.000000,96.000000,94.000000,94.000000,5.0,40.3513,36.694,127.7792,131.4365,PENDING_AG03,FALSE,NOT_FOR_ENFORCEMENT,161.4053,12065.1853,168.1305,161.4053,6.7252,0.01225162,0.01176156,6.7252,161.4053,0.01176156,6.7252,6.7252,6.7252,10.0878,10.0878,161.4053,0.01176156,40.3513,36.694,127.7792,131.4365,0.00931123,0.00957774,0.00049006,31.9142,29.2277,0.3910,14.0109,0.6159,1143.5936,35.8333,,31.9142,21.0824,25.2988,42.1647,57.9765,65.3553,105.4118,23.1906,0.0,2.583333,4.166666,1.26149,29,95,5,2,0E-8,0.01225162,,0E-8,0.000000,0.915819,0.000000,,2026-04-07,2026-05-04,12,273,145,28,0.428571,,,0.000000,,,,,,,,GLOBAL_BASELINE_NO_ENTITY_RANKING,,,NOT_APPLICABLE_GLOBAL_BASELINE,HF9g-P5,,,,X 全窗基线 · 不参与实体赏罚,6872924,688,A168_HF9F_20260827_0900,2026-08-27 09:00:00
2026-04-10,136423177,1323,0,21.0823688150,21.0823688150,21.0823688150,1.0000000,1,1,0.49324550000000000,0.493245500000,1.01360149184955,1.01360149184955,1.01360149184955,0E-17,ELIGIBLE,R03b_20260811_FULL_v1,L1_ELIGIBILITY,v2026-08-11,2026-03-21..2026-08-06,baccarat_bet02_101_all_pairs_incl_sentinel,round_win = game_pnl > 0 (decisive only),COMPATIBILITY_ONLY_NOT_PRODUCTION,13723.1237,12567.9013,168.1305,430,430,-0.01225162,,-0.01225162,-0.01225162,-168.1305,13723.1237,OK,0.0000,6.7252,4.0000,96.0000,AG03-UNRESOLVED,ALL5_LEVELS_bet23_to_bet27,6.7252,6.7252,6.7252,10.0878,10.0878,4.000000,4.000000,4.000000,6.000000,6.000000,96.000000,96.000000,96.000000,94.000000,94.000000,5.0,40.3513,36.694,127.7792,131.4365,PENDING_AG03,FALSE,NOT_FOR_ENFORCEMENT,161.4053,12065.1853,168.1305,161.4053,6.7252,0.01225162,0.01176156,6.7252,161.4053,0.01176156,6.7252,6.7252,6.7252,10.0878,10.0878,161.4053,0.01176156,40.3513,36.694,127.7792,131.4365,0.00931123,0.00957774,0.00049006,31.9142,29.2277,0.3910,14.0109,0.6159,1143.5936,35.8333,,31.9142,21.0824,25.2988,42.1647,57.9765,65.3553,105.4118,23.1906,0.0,2.583333,4.166666,1.26149,29,95,5,2,0E-8,0.01225162,,0E-8,0.000000,0.915819,0.000000,,2026-04-07,2026-05-04,12,273,145,28,0.428571,,,0.000000,,,,,,,,GLOBAL_BASELINE_NO_ENTITY_RANKING,,,NOT_APPLICABLE_GLOBAL_BASELINE,HF9g-P5,,,,X 全窗基线 · 不参与实体赏罚,6872925,688,A168_HF9F_20260827_0900,2026-08-27 09:00:00
2026-04-10,136423177,1330,0,252.9884257798,-14.5468344825,-14.5468344825,0.3750000,8,8,0.50329940000000000,0.503299400000,-0.7257868081583192,-0.7257868081583192,-0.7257868081583192,0E-17,ELIGIBLE,R03b_20260811_FULL_v1,L1_ELIGIBILITY,v2026-08-11,2026-03-21..2026-08-06,baccarat_bet02_101_all_pairs_incl_sentinel,round_win = game_pnl > 0 (decisive only),COMPATIBILITY_ONLY_NOT_PRODUCTION,13723.1237,12567.9013,168.1305,430,430,-0.01225162,,-0.01225162,-0.01225162,-168.1305,13723.1237,OK,0.0000,6.7252,4.0000,96.0000,AG03-UNRESOLVED,ALL5_LEVELS_bet23_to_bet27,6.7252,6.7252,6.7252,10.0878,10.0878,4.000000,4.000000,4.000000,6.000000,6.000000,96.000000,96.000000,96.000000,94.000000,94.000000,5.0,40.3513,36.694,127.7792,131.4365,PENDING_AG03,FALSE,NOT_FOR_ENFORCEMENT,161.4053,12065.1853,168.1305,161.4053,6.7252,0.01225162,0.01176156,6.7252,161.4053,0.01176156,6.7252,6.7252,6.7252,10.0878,10.0878,161.4053,0.01176156,40.3513,36.694,127.7792,131.4365,0.00931123,0.00957774,0.00049006,31.9142,29.2277,0.3910,14.0109,0.6159,1143.5936,35.8333,,31.9142,21.0824,25.2988,42.1647,57.9765,65.3553,105.4118,23.1906,0.0,2.583333,4.166666,1.26149,29,95,5,2,0E-8,0.01225162,,0E-8,0.000000,0.915819,0.000000,,2026-04-07,2026-05-04,12,273,145,28,0.428571,,,0.000000,,,,,,,,GLOBAL_BASELINE_NO_ENTITY_RANKING,,,NOT_APPLICABLE_GLOBAL_BASELINE,HF9g-P5,,,,X 全窗基线 · 不参与实体赏罚,6872926,688,A168_HF9F_20260827_0900,2026-08-27 09:00:00
2026-04-10,136423177,1382,0,10.5411844075,10.5411844075,10.5411844075,1.0000000,1,1,0.49324550000000000,0.493245500000,1.01360149184955,1.01360149184955,1.01360149184955,0E-17,ELIGIBLE,R03b_20260811_FULL_v1,L1_ELIGIBILITY,v2026-08-11,2026-03-21..2026-08-06,baccarat_bet02_101_all_pairs_incl_sentinel,round_win = game_pnl > 0 (decisive only),COMPATIBILITY_ONLY_NOT_PRODUCTION,13723.1237,12567.9013,168.1305,430,430,-0.01225162,,-0.01225162,-0.01225162,-168.1305,13723.1237,OK,0.0000,6.7252,4.0000,96.0000,AG03-UNRESOLVED,ALL5_LEVELS_bet23_to_bet27,6.7252,6.7252,6.7252,10.0878,10.0878,4.000000,4.000000,4.000000,6.000000,6.000000,96.000000,96.000000,96.000000,94.000000,94.000000,5.0,40.3513,36.694,127.7792,131.4365,PENDING_AG03,FALSE,NOT_FOR_ENFORCEMENT,161.4053,12065.1853,168.1305,161.4053,6.7252,0.01225162,0.01176156,6.7252,161.4053,0.01176156,6.7252,6.7252,6.7252,10.0878,10.0878,161.4053,0.01176156,40.3513,36.694,127.7792,131.4365,0.00931123,0.00957774,0.00049006,31.9142,29.2277,0.3910,14.0109,0.6159,1143.5936,35.8333,,31.9142,21.0824,25.2988,42.1647,57.9765,65.3553,105.4118,23.1906,0.0,2.583333,4.166666,1.26149,29,95,5,2,0E-8,0.01225162,,0E-8,0.000000,0.915819,0.000000,,2026-04-07,2026-05-04,12,273,145,28,0.428571,,,0.000000,,,,,,,,GLOBAL_BASELINE_NO_ENTITY_RANKING,,,NOT_APPLICABLE_GLOBAL_BASELINE,HF9g-P5,,,,X 全窗基线 · 不参与实体赏罚,6872927,688,A168_HF9F_20260827_0900,2026-08-27 09:00:00
2026-04-10,136423177,1385,0,171.8213058421,-42.2701494740,-42.2701494740,0.6000000,5,5,0.50128862000000000,0.501288620000,0.4414521777673877,0.4414521777673877,0.4414521777673877,0E-17,ELIGIBLE,R03b_20260811_FULL_v1,L1_ELIGIBILITY,v2026-08-11,2026-03-21..2026-08-06,baccarat_bet02_101_all_pairs_incl_sentinel,round_win = game_pnl > 0 (decisive only),COMPATIBILITY_ONLY_NOT_PRODUCTION,13723.1237,12567.9013,168.1305,430,430,-0.01225162,,-0.01225162,-0.01225162,-168.1305,13723.1237,OK,0.0000,6.7252,4.0000,96.0000,AG03-UNRESOLVED,ALL5_LEVELS_bet23_to_bet27,6.7252,6.7252,6.7252,10.0878,10.0878,4.000000,4.000000,4.000000,6.000000,6.000000,96.000000,96.000000,96.000000,94.000000,94.000000,5.0,40.3513,36.694,127.7792,131.4365,PENDING_AG03,FALSE,NOT_FOR_ENFORCEMENT,161.4053,12065.1853,168.1305,161.4053,6.7252,0.01225162,0.01176156,6.7252,161.4053,0.01176156,6.7252,6.7252,6.7252,10.0878,10.0878,161.4053,0.01176156,40.3513,36.694,127.7792,131.4365,0.00931123,0.00957774,0.00049006,31.9142,29.2277,0.3910,14.0109,0.6159,1143.5936,35.8333,,31.9142,21.0824,25.2988,42.1647,57.9765,65.3553,105.4118,23.1906,0.0,2.583333,4.166666,1.26149,29,95,5,2,0E-8,0.01225162,,0E-8,0.000000,0.915819,0.000000,,2026-04-07,2026-05-04,12,273,145,28,0.428571,,,0.000000,,,,,,,,GLOBAL_BASELINE_NO_ENTITY_RANKING,,,NOT_APPLICABLE_GLOBAL_BASELINE,HF9g-P5,,,,X 全窗基线 · 不参与实体赏罚,6872928,688,A168_HF9F_20260827_0900,2026-08-27 09:00:00
2026-04-10,136423177,1399,0,31.6235532224,30.0423755613,30.0423755613,1.0000000,1,1,0.50665070000000000,0.506650700000,0.9867858985152569,0.9867858985152569,0.9867858985152569,0E-17,ELIGIBLE,R03b_20260811_FULL_v1,L1_ELIGIBILITY,v2026-08-11,2026-03-21..2026-08-06,baccarat_bet02_101_all_pairs_incl_sentinel,round_win = game_pnl > 0 (decisive only),COMPATIBILITY_ONLY_NOT_PRODUCTION,13723.1237,12567.9013,168.1305,430,430,-0.01225162,,-0.01225162,-0.01225162,-168.1305,13723.1237,OK,0.0000,6.7252,4.0000,96.0000,AG03-UNRESOLVED,ALL5_LEVELS_bet23_to_bet27,6.7252,6.7252,6.7252,10.0878,10.0878,4.000000,4.000000,4.000000,6.000000,6.000000,96.000000,96.000000,96.000000,94.000000,94.000000,5.0,40.3513,36.694,127.7792,131.4365,PENDING_AG03,FALSE,NOT_FOR_ENFORCEMENT,161.4053,12065.1853,168.1305,161.4053,6.7252,0.01225162,0.01176156,6.7252,161.4053,0.01176156,6.7252,6.7252,6.7252,10.0878,10.0878,161.4053,0.01176156,40.3513,36.694,127.7792,131.4365,0.00931123,0.00957774,0.00049006,31.9142,29.2277,0.3910,14.0109,0.6159,1143.5936,35.8333,,31.9142,21.0824,25.2988,42.1647,57.9765,65.3553,105.4118,23.1906,0.0,2.583333,4.166666,1.26149,29,95,5,2,0E-8,0.01225162,,0E-8,0.000000,0.915819,0.000000,,2026-04-07,2026-05-04,12,273,145,28,0.428571,,,0.000000,,,,,,,,GLOBAL_BASELINE_NO_ENTITY_RANKING,,,NOT_APPLICABLE_GLOBAL_BASELINE,HF9g-P5,,,,X 全窗基线 · 不参与实体赏罚,6872929,688,A168_HF9F_20260827_0900,2026-08-27 09:00:00
2026-04-10,136423177,1400,0,69.5718170894,48.4894482744,48.4894482744,1.0000000,3,3,0.49324550000000000,0.493245500000,1.4334489766152358,1.4334489766152358,1.4334489766152358,0E-17,ELIGIBLE,R03b_20260811_FULL_v1,L1_ELIGIBILITY,v2026-08-11,2026-03-21..2026-08-06,baccarat_bet02_101_all_pairs_incl_sentinel,round_win = game_pnl > 0 (decisive only),COMPATIBILITY_ONLY_NOT_PRODUCTION,13723.1237,12567.9013,168.1305,430,430,-0.01225162,,-0.01225162,-0.01225162,-168.1305,13723.1237,OK,0.0000,6.7252,4.0000,96.0000,AG03-UNRESOLVED,ALL5_LEVELS_bet23_to_bet27,6.7252,6.7252,6.7252,10.0878,10.0878,4.000000,4.000000,4.000000,6.000000,6.000000,96.000000,96.000000,96.000000,94.000000,94.000000,5.0,40.3513,36.694,127.7792,131.4365,PENDING_AG03,FALSE,NOT_FOR_ENFORCEMENT,161.4053,12065.1853,168.1305,161.4053,6.7252,0.01225162,0.01176156,6.7252,161.4053,0.01176156,6.7252,6.7252,6.7252,10.0878,10.0878,161.4053,0.01176156,40.3513,36.694,127.7792,131.4365,0.00931123,0.00957774,0.00049006,31.9142,29.2277,0.3910,14.0109,0.6159,1143.5936,35.8333,,31.9142,21.0824,25.2988,42.1647,57.9765,65.3553,105.4118,23.1906,0.0,2.583333,4.166666,1.26149,29,95,5,2,0E-8,0.01225162,,0E-8,0.000000,0.915819,0.000000,,2026-04-07,2026-05-04,12,273,145,28,0.428571,,,0.000000,,,,,,,,GLOBAL_BASELINE_NO_ENTITY_RANKING,,,NOT_APPLICABLE_GLOBAL_BASELINE,HF9g-P5,,,,X 全窗基线 · 不参与实体赏罚,6872930,688,A168_HF9F_20260827_0900,2026-08-27 09:00:00
2026-04-10,136423177,1507,0,52.7059220374,-31.6235532224,-31.6235532224,0E-7,2,2,0.49994810000000000,0.499948100000,-0.9998962053866608,-0.9998962053866608,-0.9998962053866608,0E-17,ELIGIBLE,R03b_20260811_FULL_v1,L1_ELIGIBILITY,v2026-08-11,2026-03-21..2026-08-06,baccarat_bet02_101_all_pairs_incl_sentinel,round_win = game_pnl > 0 (decisive only),COMPATIBILITY_ONLY_NOT_PRODUCTION,13723.1237,12567.9013,168.1305,430,430,-0.01225162,,-0.01225162,-0.01225162,-168.1305,13723.1237,OK,0.0000,6.7252,4.0000,96.0000,AG03-UNRESOLVED,ALL5_LEVELS_bet23_to_bet27,6.7252,6.7252,6.7252,10.0878,10.0878,4.000000,4.000000,4.000000,6.000000,6.000000,96.000000,96.000000,96.000000,94.000000,94.000000,5.0,40.3513,36.694,127.7792,131.4365,PENDING_AG03,FALSE,NOT_FOR_ENFORCEMENT,161.4053,12065.1853,168.1305,161.4053,6.7252,0.01225162,0.01176156,6.7252,161.4053,0.01176156,6.7252,6.7252,6.7252,10.0878,10.0878,161.4053,0.01176156,40.3513,36.694,127.7792,131.4365,0.00931123,0.00957774,0.00049006,31.9142,29.2277,0.3910,14.0109,0.6159,1143.5936,35.8333,,31.9142,21.0824,25.2988,42.1647,57.9765,65.3553,105.4118,23.1906,0.0,2.583333,4.166666,1.26149,29,95,5,2,0E-8,0.01225162,,0E-8,0.000000,0.915819,0.000000,,2026-04-07,2026-05-04,12,273,145,28,0.428571,,,0.000000,,,,,,,,GLOBAL_BASELINE_NO_ENTITY_RANKING,,,NOT_APPLICABLE_GLOBAL_BASELINE,HF9g-P5,,,,X 全窗基线 · 不参与实体赏罚,6872931,688,A168_HF9F_20260827_0900,2026-08-27 09:00:00
2026-04-10,136423177,1645,0,8.4329475260,-8.4329475260,-8.4329475260,0E-7,1,1,0.50665070000000000,0.506650700000,-1.013391052207602,-1.013391052207602,-1.013391052207602,0E-17,ELIGIBLE,R03b_20260811_FULL_v1,L1_ELIGIBILITY,v2026-08-11,2026-03-21..2026-08-06,baccarat_bet02_101_all_pairs_incl_sentinel,round_win = game_pnl > 0 (decisive only),COMPATIBILITY_ONLY_NOT_PRODUCTION,13723.1237,12567.9013,168.1305,430,430,-0.01225162,,-0.01225162,-0.01225162,-168.1305,13723.1237,OK,0.0000,6.7252,4.0000,96.0000,AG03-UNRESOLVED,ALL5_LEVELS_bet23_to_bet27,6.7252,6.7252,6.7252,10.0878,10.0878,4.000000,4.000000,4.000000,6.000000,6.000000,96.000000,96.000000,96.000000,94.000000,94.000000,5.0,40.3513,36.694,127.7792,131.4365,PENDING_AG03,FALSE,NOT_FOR_ENFORCEMENT,161.4053,12065.1853,168.1305,161.4053,6.7252,0.01225162,0.01176156,6.7252,161.4053,0.01176156,6.7252,6.7252,6.7252,10.0878,10.0878,161.4053,0.01176156,40.3513,36.694,127.7792,131.4365,0.00931123,0.00957774,0.00049006,31.9142,29.2277,0.3910,14.0109,0.6159,1143.5936,35.8333,,31.9142,21.0824,25.2988,42.1647,57.9765,65.3553,105.4118,23.1906,0.0,2.583333,4.166666,1.26149,29,95,5,2,0E-8,0.01225162,,0E-8,0.000000,0.915819,0.000000,,2026-04-07,2026-05-04,12,273,145,28,0.428571,,,0.000000,,,,,,,,GLOBAL_BASELINE_NO_ENTITY_RANKING,,,NOT_APPLICABLE_GLOBAL_BASELINE,HF9g-P5,,,,X 全窗基线 · 不参与实体赏罚,6872932,688,A168_HF9F_20260827_0900,2026-08-27 09:00:00
2026-04-10,136423177,1935,0,364.7249804990,-127.7591550188,-127.7591550188,0.4285714,8,8,0.49994810000000000,0.499948100000,-0.377689846057837,-0.377689846057837,-0.377689846057837,0E-17,ELIGIBLE,R03b_20260811_FULL_v1,L1_ELIGIBILITY,v2026-08-11,2026-03-21..2026-08-06,baccarat_bet02_101_all_pairs_incl_sentinel,round_win = game_pnl > 0 (decisive only),COMPATIBILITY_ONLY_NOT_PRODUCTION,13723.1237,12567.9013,168.1305,430,430,-0.01225162,,-0.01225162,-0.01225162,-168.1305,13723.1237,OK,0.0000,6.7252,4.0000,96.0000,AG03-UNRESOLVED,ALL5_LEVELS_bet23_to_bet27,6.7252,6.7252,6.7252,10.0878,10.0878,4.000000,4.000000,4.000000,6.000000,6.000000,96.000000,96.000000,96.000000,94.000000,94.000000,5.0,40.3513,36.694,127.7792,131.4365,PENDING_AG03,FALSE,NOT_FOR_ENFORCEMENT,161.4053,12065.1853,168.1305,161.4053,6.7252,0.01225162,0.01176156,6.7252,161.4053,0.01176156,6.7252,6.7252,6.7252,10.0878,10.0878,161.4053,0.01176156,40.3513,36.694,127.7792,131.4365,0.00931123,0.00957774,0.00049006,31.9142,29.2277,0.3910,14.0109,0.6159,1143.5936,35.8333,,31.9142,21.0824,25.2988,42.1647,57.9765,65.3553,105.4118,23.1906,0.0,2.583333,4.166666,1.26149,29,95,5,2,0E-8,0.01225162,,0E-8,0.000000,0.915819,0.000000,,2026-04-07,2026-05-04,12,273,145,28,0.428571,,,0.000000,,,,,,,,GLOBAL_BASELINE_NO_ENTITY_RANKING,,,NOT_APPLICABLE_GLOBAL_BASELINE,HF9g-P5,,,,X 全窗基线 · 不参与实体赏罚,6872933,688,A168_HF9F_20260827_0900,2026-08-27 09:00:00
2026-04-10,136423177,1947,0,31.6235532224,30.0423755613,30.0423755613,1.0000000,1,1,0.50665070000000000,0.506650700000,0.9867858985152569,0.9867858985152569,0.9867858985152569,0E-17,ELIGIBLE,R03b_20260811_FULL_v1,L1_ELIGIBILITY,v2026-08-11,2026-03-21..2026-08-06,baccarat_bet02_101_all_pairs_incl_sentinel,round_win = game_pnl > 0 (decisive only),COMPATIBILITY_ONLY_NOT_PRODUCTION,13723.1237,12567.9013,168.1305,430,430,-0.01225162,,-0.01225162,-0.01225162,-168.1305,13723.1237,OK,0.0000,6.7252,4.0000,96.0000,AG03-UNRESOLVED,ALL5_LEVELS_bet23_to_bet27,6.7252,6.7252,6.7252,10.0878,10.0878,4.000000,4.000000,4.000000,6.000000,6.000000,96.000000,96.000000,96.000000,94.000000,94.000000,5.0,40.3513,36.694,127.7792,131.4365,PENDING_AG03,FALSE,NOT_FOR_ENFORCEMENT,161.4053,12065.1853,168.1305,161.4053,6.7252,0.01225162,0.01176156,6.7252,161.4053,0.01176156,6.7252,6.7252,6.7252,10.0878,10.0878,161.4053,0.01176156,40.3513,36.694,127.7792,131.4365,0.00931123,0.00957774,0.00049006,31.9142,29.2277,0.3910,14.0109,0.6159,1143.5936,35.8333,,31.9142,21.0824,25.2988,42.1647,57.9765,65.3553,105.4118,23.1906,0.0,2.583333,4.166666,1.26149,29,95,5,2,0E-8,0.01225162,,0E-8,0.000000,0.915819,0.000000,,2026-04-07,2026-05-04,12,273,145,28,0.428571,,,0.000000,,,,,,,,GLOBAL_BASELINE_NO_ENTITY_RANKING,,,NOT_APPLICABLE_GLOBAL_BASELINE,HF9g-P5,,,,X 全窗基线 · 不参与实体赏罚,6872934,688,A168_HF9F_20260827_0900,2026-08-27 09:00:00
2026-04-10,136423177,1957,0,46.3812113930,22.0310754116,22.0310754116,1.0000000,2,2,0.50665070000000000,0.506650700000,0.9867858985152569,0.9867858985152569,0.9867858985152569,0E-17,ELIGIBLE,R03b_20260811_FULL_v1,L1_ELIGIBILITY,v2026-08-11,2026-03-21..2026-08-06,baccarat_bet02_101_all_pairs_incl_sentinel,round_win = game_pnl > 0 (decisive only),COMPATIBILITY_ONLY_NOT_PRODUCTION,13723.1237,12567.9013,168.1305,430,430,-0.01225162,,-0.01225162,-0.01225162,-168.1305,13723.1237,OK,0.0000,6.7252,4.0000,96.0000,AG03-UNRESOLVED,ALL5_LEVELS_bet23_to_bet27,6.7252,6.7252,6.7252,10.0878,10.0878,4.000000,4.000000,4.000000,6.000000,6.000000,96.000000,96.000000,96.000000,94.000000,94.000000,5.0,40.3513,36.694,127.7792,131.4365,PENDING_AG03,FALSE,NOT_FOR_ENFORCEMENT,161.4053,12065.1853,168.1305,161.4053,6.7252,0.01225162,0.01176156,6.7252,161.4053,0.01176156,6.7252,6.7252,6.7252,10.0878,10.0878,161.4053,0.01176156,40.3513,36.694,127.7792,131.4365,0.00931123,0.00957774,0.00049006,31.9142,29.2277,0.3910,14.0109,0.6159,1143.5936,35.8333,,31.9142,21.0824,25.2988,42.1647,57.9765,65.3553,105.4118,23.1906,0.0,2.583333,4.166666,1.26149,29,95,5,2,0E-8,0.01225162,,0E-8,0.000000,0.915819,0.000000,,2026-04-07,2026-05-04,12,273,145,28,0.428571,,,0.000000,,,,,,,,GLOBAL_BASELINE_NO_ENTITY_RANKING,,,NOT_APPLICABLE_GLOBAL_BASELINE,HF9g-P5,,,,X 全窗基线 · 不参与实体赏罚,6872935,688,A168_HF9F_20260827_0900,2026-08-27 09:00:00
2026-04-10,136423177,2108,0,10.5411844075,-10.5411844075,-10.5411844075,0E-7,1,1,0.50665070000000000,0.506650700000,-1.013391052207602,-1.013391052207602,-1.013391052207602,0E-17,ELIGIBLE,R03b_20260811_FULL_v1,L1_ELIGIBILITY,v2026-08-11,2026-03-21..2026-08-06,baccarat_bet02_101_all_pairs_incl_sentinel,round_win = game_pnl > 0 (decisive only),COMPATIBILITY_ONLY_NOT_PRODUCTION,13723.1237,12567.9013,168.1305,430,430,-0.01225162,,-0.01225162,-0.01225162,-168.1305,13723.1237,OK,0.0000,6.7252,4.0000,96.0000,AG03-UNRESOLVED,ALL5_LEVELS_bet23_to_bet27,6.7252,6.7252,6.7252,10.0878,10.0878,4.000000,4.000000,4.000000,6.000000,6.000000,96.000000,96.000000,96.000000,94.000000,94.000000,5.0,40.3513,36.694,127.7792,131.4365,PENDING_AG03,FALSE,NOT_FOR_ENFORCEMENT,161.4053,12065.1853,168.1305,161.4053,6.7252,0.01225162,0.01176156,6.7252,161.4053,0.01176156,6.7252,6.7252,6.7252,10.0878,10.0878,161.4053,0.01176156,40.3513,36.694,127.7792,131.4365,0.00931123,0.00957774,0.00049006,31.9142,29.2277,0.3910,14.0109,0.6159,1143.5936,35.8333,,31.9142,21.0824,25.2988,42.1647,57.9765,65.3553,105.4118,23.1906,0.0,2.583333,4.166666,1.26149,29,95,5,2,0E-8,0.01225162,,0E-8,0.000000,0.915819,0.000000,,2026-04-07,2026-05-04,12,273,145,28,0.428571,,,0.000000,,,,,,,,GLOBAL_BASELINE_NO_ENTITY_RANKING,,,NOT_APPLICABLE_GLOBAL_BASELINE,HF9g-P5,,,,X 全窗基线 · 不参与实体赏罚,6872936,688,A168_HF9F_20260827_0900,2026-08-27 09:00:00
2026-04-10,136423177,2115,0,33.7317901040,8.4329475260,8.4329475260,0.5000000,2,2,0.49994810000000000,0.499948100000,0.00014679536856514622,0.00014679536856514622,0.00014679536856514622,0E-17,ELIGIBLE,R03b_20260811_FULL_v1,L1_ELIGIBILITY,v2026-08-11,2026-03-21..2026-08-06,baccarat_bet02_101_all_pairs_incl_sentinel,round_win = game_pnl > 0 (decisive only),COMPATIBILITY_ONLY_NOT_PRODUCTION,13723.1237,12567.9013,168.1305,430,430,-0.01225162,,-0.01225162,-0.01225162,-168.1305,13723.1237,OK,0.0000,6.7252,4.0000,96.0000,AG03-UNRESOLVED,ALL5_LEVELS_bet23_to_bet27,6.7252,6.7252,6.7252,10.0878,10.0878,4.000000,4.000000,4.000000,6.000000,6.000000,96.000000,96.000000,96.000000,94.000000,94.000000,5.0,40.3513,36.694,127.7792,131.4365,PENDING_AG03,FALSE,NOT_FOR_ENFORCEMENT,161.4053,12065.1853,168.1305,161.4053,6.7252,0.01225162,0.01176156,6.7252,161.4053,0.01176156,6.7252,6.7252,6.7252,10.0878,10.0878,161.4053,0.01176156,40.3513,36.694,127.7792,131.4365,0.00931123,0.00957774,0.00049006,31.9142,29.2277,0.3910,14.0109,0.6159,1143.5936,35.8333,,31.9142,21.0824,25.2988,42.1647,57.9765,65.3553,105.4118,23.1906,0.0,2.583333,4.166666,1.26149,29,95,5,2,0E-8,0.01225162,,0E-8,0.000000,0.915819,0.000000,,2026-04-07,2026-05-04,12,273,145,28,0.428571,,,0.000000,,,,,,,,GLOBAL_BASELINE_NO_ENTITY_RANKING,,,NOT_APPLICABLE_GLOBAL_BASELINE,HF9g-P5,,,,X 全窗基线 · 不参与实体赏罚,6872937,688,A168_HF9F_20260827_0900,2026-08-27 09:00:00
2026-04-10,136423177,2122,0,12.6494212890,-12.6494212890,-12.6494212890,0E-7,1,1,0.50665070000000000,0.506650700000,-1.013391052207602,-1.013391052207602,-1.013391052207602,0E-17,ELIGIBLE,R03b_20260811_FULL_v1,L1_ELIGIBILITY,v2026-08-11,2026-03-21..2026-08-06,baccarat_bet02_101_all_pairs_incl_sentinel,round_win = game_pnl > 0 (decisive only),COMPATIBILITY_ONLY_NOT_PRODUCTION,13723.1237,12567.9013,168.1305,430,430,-0.01225162,,-0.01225162,-0.01225162,-168.1305,13723.1237,OK,0.0000,6.7252,4.0000,96.0000,AG03-UNRESOLVED,ALL5_LEVELS_bet23_to_bet27,6.7252,6.7252,6.7252,10.0878,10.0878,4.000000,4.000000,4.000000,6.000000,6.000000,96.000000,96.000000,96.000000,94.000000,94.000000,5.0,40.3513,36.694,127.7792,131.4365,PENDING_AG03,FALSE,NOT_FOR_ENFORCEMENT,161.4053,12065.1853,168.1305,161.4053,6.7252,0.01225162,0.01176156,6.7252,161.4053,0.01176156,6.7252,6.7252,6.7252,10.0878,10.0878,161.4053,0.01176156,40.3513,36.694,127.7792,131.4365,0.00931123,0.00957774,0.00049006,31.9142,29.2277,0.3910,14.0109,0.6159,1143.5936,35.8333,,31.9142,21.0824,25.2988,42.1647,57.9765,65.3553,105.4118,23.1906,0.0,2.583333,4.166666,1.26149,29,95,5,2,0E-8,0.01225162,,0E-8,0.000000,0.915819,0.000000,,2026-04-07,2026-05-04,12,273,145,28,0.428571,,,0.000000,,,,,,,,GLOBAL_BASELINE_NO_ENTITY_RANKING,,,NOT_APPLICABLE_GLOBAL_BASELINE,HF9g-P5,,,,X 全窗基线 · 不参与实体赏罚,6872938,688,A168_HF9F_20260827_0900,2026-08-27 09:00:00
2026-04-10,136423177,2123,0,10.5411844075,10.0141251871,10.0141251871,1.0000000,1,1,0.50665070000000000,0.506650700000,0.9867858985152569,0.9867858985152569,0.9867858985152569,0E-17,ELIGIBLE,R03b_20260811_FULL_v1,L1_ELIGIBILITY,v2026-08-11,2026-03-21..2026-08-06,baccarat_bet02_101_all_pairs_incl_sentinel,round_win = game_pnl > 0 (decisive only),COMPATIBILITY_ONLY_NOT_PRODUCTION,13723.1237,12567.9013,168.1305,430,430,-0.01225162,,-0.01225162,-0.01225162,-168.1305,13723.1237,OK,0.0000,6.7252,4.0000,96.0000,AG03-UNRESOLVED,ALL5_LEVELS_bet23_to_bet27,6.7252,6.7252,6.7252,10.0878,10.0878,4.000000,4.000000,4.000000,6.000000,6.000000,96.000000,96.000000,96.000000,94.000000,94.000000,5.0,40.3513,36.694,127.7792,131.4365,PENDING_AG03,FALSE,NOT_FOR_ENFORCEMENT,161.4053,12065.1853,168.1305,161.4053,6.7252,0.01225162,0.01176156,6.7252,161.4053,0.01176156,6.7252,6.7252,6.7252,10.0878,10.0878,161.4053,0.01176156,40.3513,36.694,127.7792,131.4365,0.00931123,0.00957774,0.00049006,31.9142,29.2277,0.3910,14.0109,0.6159,1143.5936,35.8333,,31.9142,21.0824,25.2988,42.1647,57.9765,65.3553,105.4118,23.1906,0.0,2.583333,4.166666,1.26149,29,95,5,2,0E-8,0.01225162,,0E-8,0.000000,0.915819,0.000000,,2026-04-07,2026-05-04,12,273,145,28,0.428571,,,0.000000,,,,,,,,GLOBAL_BASELINE_NO_ENTITY_RANKING,,,NOT_APPLICABLE_GLOBAL_BASELINE,HF9g-P5,,,,X 全窗基线 · 不参与实体赏罚,6872939,688,A168_HF9F_20260827_0900,2026-08-27 09:00:00
2026-04-10,136423177,2145,0,94.8706596673,90.1271266840,90.1271266840,1.0000000,1,1,0.50665070000000000,0.506650700000,0.9867858985152569,0.9867858985152569,0.9867858985152569,0E-17,ELIGIBLE,R03b_20260811_FULL_v1,L1_ELIGIBILITY,v2026-08-11,2026-03-21..2026-08-06,baccarat_bet02_101_all_pairs_incl_sentinel,round_win = game_pnl > 0 (decisive only),COMPATIBILITY_ONLY_NOT_PRODUCTION,13723.1237,12567.9013,168.1305,430,430,-0.01225162,,-0.01225162,-0.01225162,-168.1305,13723.1237,OK,0.0000,6.7252,4.0000,96.0000,AG03-UNRESOLVED,ALL5_LEVELS_bet23_to_bet27,6.7252,6.7252,6.7252,10.0878,10.0878,4.000000,4.000000,4.000000,6.000000,6.000000,96.000000,96.000000,96.000000,94.000000,94.000000,5.0,40.3513,36.694,127.7792,131.4365,PENDING_AG03,FALSE,NOT_FOR_ENFORCEMENT,161.4053,12065.1853,168.1305,161.4053,6.7252,0.01225162,0.01176156,6.7252,161.4053,0.01176156,6.7252,6.7252,6.7252,10.0878,10.0878,161.4053,0.01176156,40.3513,36.694,127.7792,131.4365,0.00931123,0.00957774,0.00049006,31.9142,29.2277,0.3910,14.0109,0.6159,1143.5936,35.8333,,31.9142,21.0824,25.2988,42.1647,57.9765,65.3553,105.4118,23.1906,0.0,2.583333,4.166666,1.26149,29,95,5,2,0E-8,0.01225162,,0E-8,0.000000,0.915819,0.000000,,2026-04-07,2026-05-04,12,273,145,28,0.428571,,,0.000000,,,,,,,,GLOBAL_BASELINE_NO_ENTITY_RANKING,,,NOT_APPLICABLE_GLOBAL_BASELINE,HF9g-P5,,,,X 全窗基线 · 不参与实体赏罚,6872940,688,A168_HF9F_20260827_0900,2026-08-27 09:00:00
2026-04-10,136423177,2147,0,21.0823688150,-4.2164737630,-4.2164737630,0.5000000,2,2,0.49994810000000000,0.499948100000,0.00014679536856514622,0.00014679536856514622,0.00014679536856514622,0E-17,ELIGIBLE,R03b_20260811_FULL_v1,L1_ELIGIBILITY,v2026-08-11,2026-03-21..2026-08-06,baccarat_bet02_101_all_pairs_incl_sentinel,round_win = game_pnl > 0 (decisive only),COMPATIBILITY_ONLY_NOT_PRODUCTION,13723.1237,12567.9013,168.1305,430,430,-0.01225162,,-0.01225162,-0.01225162,-168.1305,13723.1237,OK,0.0000,6.7252,4.0000,96.0000,AG03-UNRESOLVED,ALL5_LEVELS_bet23_to_bet27,6.7252,6.7252,6.7252,10.0878,10.0878,4.000000,4.000000,4.000000,6.000000,6.000000,96.000000,96.000000,96.000000,94.000000,94.000000,5.0,40.3513,36.694,127.7792,131.4365,PENDING_AG03,FALSE,NOT_FOR_ENFORCEMENT,161.4053,12065.1853,168.1305,161.4053,6.7252,0.01225162,0.01176156,6.7252,161.4053,0.01176156,6.7252,6.7252,6.7252,10.0878,10.0878,161.4053,0.01176156,40.3513,36.694,127.7792,131.4365,0.00931123,0.00957774,0.00049006,31.9142,29.2277,0.3910,14.0109,0.6159,1143.5936,35.8333,,31.9142,21.0824,25.2988,42.1647,57.9765,65.3553,105.4118,23.1906,0.0,2.583333,4.166666,1.26149,29,95,5,2,0E-8,0.01225162,,0E-8,0.000000,0.915819,0.000000,,2026-04-07,2026-05-04,12,273,145,28,0.428571,,,0.000000,,,,,,,,GLOBAL_BASELINE_NO_ENTITY_RANKING,,,NOT_APPLICABLE_GLOBAL_BASELINE,HF9g-P5,,,,X 全窗基线 · 不参与实体赏罚,6872941,688,A168_HF9F_20260827_0900,2026-08-27 09:00:00
2026-04-10,136423177,2152,0,8.4329475260,-8.4329475260,-8.4329475260,0E-7,1,1,0.49324550000000000,0.493245500000,-0.9865810262130424,-0.9865810262130424,-0.9865810262130424,0E-17,ELIGIBLE,R03b_20260811_FULL_v1,L1_ELIGIBILITY,v2026-08-11,2026-03-21..2026-08-06,baccarat_bet02_101_all_pairs_incl_sentinel,round_win = game_pnl > 0 (decisive only),COMPATIBILITY_ONLY_NOT_PRODUCTION,13723.1237,12567.9013,168.1305,430,430,-0.01225162,,-0.01225162,-0.01225162,-168.1305,13723.1237,OK,0.0000,6.7252,4.0000,96.0000,AG03-UNRESOLVED,ALL5_LEVELS_bet23_to_bet27,6.7252,6.7252,6.7252,10.0878,10.0878,4.000000,4.000000,4.000000,6.000000,6.000000,96.000000,96.000000,96.000000,94.000000,94.000000,5.0,40.3513,36.694,127.7792,131.4365,PENDING_AG03,FALSE,NOT_FOR_ENFORCEMENT,161.4053,12065.1853,168.1305,161.4053,6.7252,0.01225162,0.01176156,6.7252,161.4053,0.01176156,6.7252,6.7252,6.7252,10.0878,10.0878,161.4053,0.01176156,40.3513,36.694,127.7792,131.4365,0.00931123,0.00957774,0.00049006,31.9142,29.2277,0.3910,14.0109,0.6159,1143.5936,35.8333,,31.9142,21.0824,25.2988,42.1647,57.9765,65.3553,105.4118,23.1906,0.0,2.583333,4.166666,1.26149,29,95,5,2,0E-8,0.01225162,,0E-8,0.000000,0.915819,0.000000,,2026-04-07,2026-05-04,12,273,145,28,0.428571,,,0.000000,,,,,,,,GLOBAL_BASELINE_NO_ENTITY_RANKING,,,NOT_APPLICABLE_GLOBAL_BASELINE,HF9g-P5,,,,X 全窗基线 · 不参与实体赏罚,6872942,688,A168_HF9F_20260827_0900,2026-08-27 09:00:00
2026-04-10,136423177,2153,0,18.9741319335,-18.9741319335,-18.9741319335,0E-7,2,2,0.49324550000000000,0.493245500000,-1.3952362676504506,-1.3952362676504506,-1.3952362676504506,0E-17,ELIGIBLE,R03b_20260811_FULL_v1,L1_ELIGIBILITY,v2026-08-11,2026-03-21..2026-08-06,baccarat_bet02_101_all_pairs_incl_sentinel,round_win = game_pnl > 0 (decisive only),COMPATIBILITY_ONLY_NOT_PRODUCTION,13723.1237,12567.9013,168.1305,430,430,-0.01225162,,-0.01225162,-0.01225162,-168.1305,13723.1237,OK,0.0000,6.7252,4.0000,96.0000,AG03-UNRESOLVED,ALL5_LEVELS_bet23_to_bet27,6.7252,6.7252,6.7252,10.0878,10.0878,4.000000,4.000000,4.000000,6.000000,6.000000,96.000000,96.000000,96.000000,94.000000,94.000000,5.0,40.3513,36.694,127.7792,131.4365,PENDING_AG03,FALSE,NOT_FOR_ENFORCEMENT,161.4053,12065.1853,168.1305,161.4053,6.7252,0.01225162,0.01176156,6.7252,161.4053,0.01176156,6.7252,6.7252,6.7252,10.0878,10.0878,161.4053,0.01176156,40.3513,36.694,127.7792,131.4365,0.00931123,0.00957774,0.00049006,31.9142,29.2277,0.3910,14.0109,0.6159,1143.5936,35.8333,,31.9142,21.0824,25.2988,42.1647,57.9765,65.3553,105.4118,23.1906,0.0,2.583333,4.166666,1.26149,29,95,5,2,0E-8,0.01225162,,0E-8,0.000000,0.915819,0.000000,,2026-04-07,2026-05-04,12,273,145,28,0.428571,,,0.000000,,,,,,,,GLOBAL_BASELINE_NO_ENTITY_RANKING,,,NOT_APPLICABLE_GLOBAL_BASELINE,HF9g-P5,,,,X 全窗基线 · 不参与实体赏罚,6872943,688,A168_HF9F_20260827_0900,2026-08-27 09:00:00
2026-04-10,136423177,2156,0,8.4329475260,-8.4329475260,-8.4329475260,0E-7,1,1,0.50665070000000000,0.506650700000,-1.013391052207602,-1.013391052207602,-1.013391052207602,0E-17,ELIGIBLE,R03b_20260811_FULL_v1,L1_ELIGIBILITY,v2026-08-11,2026-03-21..2026-08-06,baccarat_bet02_101_all_pairs_incl_sentinel,round_win = game_pnl > 0 (decisive only),COMPATIBILITY_ONLY_NOT_PRODUCTION,13723.1237,12567.9013,168.1305,430,430,-0.01225162,,-0.01225162,-0.01225162,-168.1305,13723.1237,OK,0.0000,6.7252,4.0000,96.0000,AG03-UNRESOLVED,ALL5_LEVELS_bet23_to_bet27,6.7252,6.7252,6.7252,10.0878,10.0878,4.000000,4.000000,4.000000,6.000000,6.000000,96.000000,96.000000,96.000000,94.000000,94.000000,5.0,40.3513,36.694,127.7792,131.4365,PENDING_AG03,FALSE,NOT_FOR_ENFORCEMENT,161.4053,12065.1853,168.1305,161.4053,6.7252,0.01225162,0.01176156,6.7252,161.4053,0.01176156,6.7252,6.7252,6.7252,10.0878,10.0878,161.4053,0.01176156,40.3513,36.694,127.7792,131.4365,0.00931123,0.00957774,0.00049006,31.9142,29.2277,0.3910,14.0109,0.6159,1143.5936,35.8333,,31.9142,21.0824,25.2988,42.1647,57.9765,65.3553,105.4118,23.1906,0.0,2.583333,4.166666,1.26149,29,95,5,2,0E-8,0.01225162,,0E-8,0.000000,0.915819,0.000000,,2026-04-07,2026-05-04,12,273,145,28,0.428571,,,0.000000,,,,,,,,GLOBAL_BASELINE_NO_ENTITY_RANKING,,,NOT_APPLICABLE_GLOBAL_BASELINE,HF9g-P5,,,,X 全窗基线 · 不参与实体赏罚,6872944,688,A168_HF9F_20260827_0900,2026-08-27 09:00:00
2026-04-10,136423177,2171,0,23.1906056965,-23.1906056965,-23.1906056965,0E-7,1,1,0.50665070000000000,0.506650700000,-1.013391052207602,-1.013391052207602,-1.013391052207602,0E-17,ELIGIBLE,R03b_20260811_FULL_v1,L1_ELIGIBILITY,v2026-08-11,2026-03-21..2026-08-06,baccarat_bet02_101_all_pairs_incl_sentinel,round_win = game_pnl > 0 (decisive only),COMPATIBILITY_ONLY_NOT_PRODUCTION,13723.1237,12567.9013,168.1305,430,430,-0.01225162,,-0.01225162,-0.01225162,-168.1305,13723.1237,OK,0.0000,6.7252,4.0000,96.0000,AG03-UNRESOLVED,ALL5_LEVELS_bet23_to_bet27,6.7252,6.7252,6.7252,10.0878,10.0878,4.000000,4.000000,4.000000,6.000000,6.000000,96.000000,96.000000,96.000000,94.000000,94.000000,5.0,40.3513,36.694,127.7792,131.4365,PENDING_AG03,FALSE,NOT_FOR_ENFORCEMENT,161.4053,12065.1853,168.1305,161.4053,6.7252,0.01225162,0.01176156,6.7252,161.4053,0.01176156,6.7252,6.7252,6.7252,10.0878,10.0878,161.4053,0.01176156,40.3513,36.694,127.7792,131.4365,0.00931123,0.00957774,0.00049006,31.9142,29.2277,0.3910,14.0109,0.6159,1143.5936,35.8333,,31.9142,21.0824,25.2988,42.1647,57.9765,65.3553,105.4118,23.1906,0.0,2.583333,4.166666,1.26149,29,95,5,2,0E-8,0.01225162,,0E-8,0.000000,0.915819,0.000000,,2026-04-07,2026-05-04,12,273,145,28,0.428571,,,0.000000,,,,,,,,GLOBAL_BASELINE_NO_ENTITY_RANKING,,,NOT_APPLICABLE_GLOBAL_BASELINE,HF9g-P5,,,,X 全窗基线 · 不参与实体赏罚,6872945,688,A168_HF9F_20260827_0900,2026-08-27 09:00:00
2026-04-10,136423177,2216,0,21.0823688150,-21.0823688150,-21.0823688150,0E-7,1,1,0.49324550000000000,0.493245500000,-0.9865810262130424,-0.9865810262130424,-0.9865810262130424,0E-17,ELIGIBLE,R03b_20260811_FULL_v1,L1_ELIGIBILITY,v2026-08-11,2026-03-21..2026-08-06,baccarat_bet02_101_all_pairs_incl_sentinel,round_win = game_pnl > 0 (decisive only),COMPATIBILITY_ONLY_NOT_PRODUCTION,13723.1237,12567.9013,168.1305,430,430,-0.01225162,,-0.01225162,-0.01225162,-168.1305,13723.1237,OK,0.0000,6.7252,4.0000,96.0000,AG03-UNRESOLVED,ALL5_LEVELS_bet23_to_bet27,6.7252,6.7252,6.7252,10.0878,10.0878,4.000000,4.000000,4.000000,6.000000,6.000000,96.000000,96.000000,96.000000,94.000000,94.000000,5.0,40.3513,36.694,127.7792,131.4365,PENDING_AG03,FALSE,NOT_FOR_ENFORCEMENT,161.4053,12065.1853,168.1305,161.4053,6.7252,0.01225162,0.01176156,6.7252,161.4053,0.01176156,6.7252,6.7252,6.7252,10.0878,10.0878,161.4053,0.01176156,40.3513,36.694,127.7792,131.4365,0.00931123,0.00957774,0.00049006,31.9142,29.2277,0.3910,14.0109,0.6159,1143.5936,35.8333,,31.9142,21.0824,25.2988,42.1647,57.9765,65.3553,105.4118,23.1906,0.0,2.583333,4.166666,1.26149,29,95,5,2,0E-8,0.01225162,,0E-8,0.000000,0.915819,0.000000,,2026-04-07,2026-05-04,12,273,145,28,0.428571,,,0.000000,,,,,,,,GLOBAL_BASELINE_NO_ENTITY_RANKING,,,NOT_APPLICABLE_GLOBAL_BASELINE,HF9g-P5,,,,X 全窗基线 · 不参与实体赏罚,6872946,688,A168_HF9F_20260827_0900,2026-08-27 09:00:00
2026-04-10,136423177,2241,0,21.0823688150,3.5840026985,3.5840026985,0.5000000,2,2,0.49994810000000000,0.499948100000,0.00014679536856514622,0.00014679536856514622,0.00014679536856514622,0E-17,ELIGIBLE,R03b_20260811_FULL_v1,L1_ELIGIBILITY,v2026-08-11,2026-03-21..2026-08-06,baccarat_bet02_101_all_pairs_incl_sentinel,round_win = game_pnl > 0 (decisive only),COMPATIBILITY_ONLY_NOT_PRODUCTION,13723.1237,12567.9013,168.1305,430,430,-0.01225162,,-0.01225162,-0.01225162,-168.1305,13723.1237,OK,0.0000,6.7252,4.0000,96.0000,AG03-UNRESOLVED,ALL5_LEVELS_bet23_to_bet27,6.7252,6.7252,6.7252,10.0878,10.0878,4.000000,4.000000,4.000000,6.000000,6.000000,96.000000,96.000000,96.000000,94.000000,94.000000,5.0,40.3513,36.694,127.7792,131.4365,PENDING_AG03,FALSE,NOT_FOR_ENFORCEMENT,161.4053,12065.1853,168.1305,161.4053,6.7252,0.01225162,0.01176156,6.7252,161.4053,0.01176156,6.7252,6.7252,6.7252,10.0878,10.0878,161.4053,0.01176156,40.3513,36.694,127.7792,131.4365,0.00931123,0.00957774,0.00049006,31.9142,29.2277,0.3910,14.0109,0.6159,1143.5936,35.8333,,31.9142,21.0824,25.2988,42.1647,57.9765,65.3553,105.4118,23.1906,0.0,2.583333,4.166666,1.26149,29,95,5,2,0E-8,0.01225162,,0E-8,0.000000,0.915819,0.000000,,2026-04-07,2026-05-04,12,273,145,28,0.428571,,,0.000000,,,,,,,,GLOBAL_BASELINE_NO_ENTITY_RANKING,,,NOT_APPLICABLE_GLOBAL_BASELINE,HF9g-P5,,,,X 全窗基线 · 不参与实体赏罚,6872947,688,A168_HF9F_20260827_0900,2026-08-27 09:00:00
2026-04-10,136423177,2250,0,8.4329475260,0E-10,0E-10,,1,1,0.50665070000000000,0.506650700000,,,,0E-17,NO_DECISIVE_ROUND,R03b_20260811_FULL_v1,L1_ELIGIBILITY,v2026-08-11,2026-03-21..2026-08-06,baccarat_bet02_101_all_pairs_incl_sentinel,round_win = game_pnl > 0 (decisive only),COMPATIBILITY_ONLY_NOT_PRODUCTION,13723.1237,12567.9013,168.1305,430,430,-0.01225162,,-0.01225162,-0.01225162,-168.1305,13723.1237,OK,0.0000,6.7252,4.0000,96.0000,AG03-UNRESOLVED,ALL5_LEVELS_bet23_to_bet27,6.7252,6.7252,6.7252,10.0878,10.0878,4.000000,4.000000,4.000000,6.000000,6.000000,96.000000,96.000000,96.000000,94.000000,94.000000,5.0,40.3513,36.694,127.7792,131.4365,PENDING_AG03,FALSE,NOT_FOR_ENFORCEMENT,161.4053,12065.1853,168.1305,161.4053,6.7252,0.01225162,0.01176156,6.7252,161.4053,0.01176156,6.7252,6.7252,6.7252,10.0878,10.0878,161.4053,0.01176156,40.3513,36.694,127.7792,131.4365,0.00931123,0.00957774,0.00049006,31.9142,29.2277,0.3910,14.0109,0.6159,1143.5936,35.8333,,31.9142,21.0824,25.2988,42.1647,57.9765,65.3553,105.4118,23.1906,0.0,2.583333,4.166666,1.26149,29,95,5,2,0E-8,0.01225162,,0E-8,0.000000,0.915819,0.000000,,2026-04-07,2026-05-04,12,273,145,28,0.428571,,,0.000000,,,,,,,,GLOBAL_BASELINE_NO_ENTITY_RANKING,,,NOT_APPLICABLE_GLOBAL_BASELINE,HF9g-P5,,,,X 全窗基线 · 不参与实体赏罚,6872948,688,A168_HF9F_20260827_0900,2026-08-27 09:00:00
2026-04-10,136423177,2251,0,6.3247106445,-6.3247106445,-6.3247106445,0E-7,1,1,0.50665070000000000,0.506650700000,-1.013391052207602,-1.013391052207602,-1.013391052207602,0E-17,ELIGIBLE,R03b_20260811_FULL_v1,L1_ELIGIBILITY,v2026-08-11,2026-03-21..2026-08-06,baccarat_bet02_101_all_pairs_incl_sentinel,round_win = game_pnl > 0 (decisive only),COMPATIBILITY_ONLY_NOT_PRODUCTION,13723.1237,12567.9013,168.1305,430,430,-0.01225162,,-0.01225162,-0.01225162,-168.1305,13723.1237,OK,0.0000,6.7252,4.0000,96.0000,AG03-UNRESOLVED,ALL5_LEVELS_bet23_to_bet27,6.7252,6.7252,6.7252,10.0878,10.0878,4.000000,4.000000,4.000000,6.000000,6.000000,96.000000,96.000000,96.000000,94.000000,94.000000,5.0,40.3513,36.694,127.7792,131.4365,PENDING_AG03,FALSE,NOT_FOR_ENFORCEMENT,161.4053,12065.1853,168.1305,161.4053,6.7252,0.01225162,0.01176156,6.7252,161.4053,0.01176156,6.7252,6.7252,6.7252,10.0878,10.0878,161.4053,0.01176156,40.3513,36.694,127.7792,131.4365,0.00931123,0.00957774,0.00049006,31.9142,29.2277,0.3910,14.0109,0.6159,1143.5936,35.8333,,31.9142,21.0824,25.2988,42.1647,57.9765,65.3553,105.4118,23.1906,0.0,2.583333,4.166666,1.26149,29,95,5,2,0E-8,0.01225162,,0E-8,0.000000,0.915819,0.000000,,2026-04-07,2026-05-04,12,273,145,28,0.428571,,,0.000000,,,,,,,,GLOBAL_BASELINE_NO_ENTITY_RANKING,,,NOT_APPLICABLE_GLOBAL_BASELINE,HF9g-P5,,,,X 全窗基线 · 不参与实体赏罚,6872949,688,A168_HF9F_20260827_0900,2026-08-27 09:00:00
2026-04-10,136423177,2256,0,278.2872683574,-154.9554107900,-154.9554107900,0.3333333,6,6,0.50218230000000000,0.502182300000,-0.8271955028234007,-0.8271955028234007,-0.8271955028234007,0E-17,ELIGIBLE,R03b_20260811_FULL_v1,L1_ELIGIBILITY,v2026-08-11,2026-03-21..2026-08-06,baccarat_bet02_101_all_pairs_incl_sentinel,round_win = game_pnl > 0 (decisive only),COMPATIBILITY_ONLY_NOT_PRODUCTION,13723.1237,12567.9013,168.1305,430,430,-0.01225162,,-0.01225162,-0.01225162,-168.1305,13723.1237,OK,0.0000,6.7252,4.0000,96.0000,AG03-UNRESOLVED,ALL5_LEVELS_bet23_to_bet27,6.7252,6.7252,6.7252,10.0878,10.0878,4.000000,4.000000,4.000000,6.000000,6.000000,96.000000,96.000000,96.000000,94.000000,94.000000,5.0,40.3513,36.694,127.7792,131.4365,PENDING_AG03,FALSE,NOT_FOR_ENFORCEMENT,161.4053,12065.1853,168.1305,161.4053,6.7252,0.01225162,0.01176156,6.7252,161.4053,0.01176156,6.7252,6.7252,6.7252,10.0878,10.0878,161.4053,0.01176156,40.3513,36.694,127.7792,131.4365,0.00931123,0.00957774,0.00049006,31.9142,29.2277,0.3910,14.0109,0.6159,1143.5936,35.8333,,31.9142,21.0824,25.2988,42.1647,57.9765,65.3553,105.4118,23.1906,0.0,2.583333,4.166666,1.26149,29,95,5,2,0E-8,0.01225162,,0E-8,0.000000,0.915819,0.000000,,2026-04-07,2026-05-04,12,273,145,28,0.428571,,,0.000000,,,,,,,,GLOBAL_BASELINE_NO_ENTITY_RANKING,,,NOT_APPLICABLE_GLOBAL_BASELINE,HF9g-P5,,,,X 全窗基线 · 不参与实体赏罚,6872950,688,A168_HF9F_20260827_0900,2026-08-27 09:00:00
2026-04-10,136423177,550,0,75.8965277339,-14.2305989502,-14.2305989502,0.3333333,3,3,0.50665070000000000,0.506650700000,-0.6004420894325239,-0.6004420894325239,-0.6004420894325239,0E-17,ELIGIBLE,R03b_20260811_FULL_v1,L1_ELIGIBILITY,v2026-08-11,2026-03-21..2026-08-06,baccarat_bet02_101_all_pairs_incl_sentinel,round_win = game_pnl > 0 (decisive only),COMPATIBILITY_ONLY_NOT_PRODUCTION,13723.1237,12567.9013,168.1305,430,430,-0.01225162,,-0.01225162,-0.01225162,-168.1305,13723.1237,OK,0.0000,6.7252,4.0000,96.0000,AG03-UNRESOLVED,ALL5_LEVELS_bet23_to_bet27,6.7252,6.7252,6.7252,10.0878,10.0878,4.000000,4.000000,4.000000,6.000000,6.000000,96.000000,96.000000,96.000000,94.000000,94.000000,5.0,40.3513,36.694,127.7792,131.4365,PENDING_AG03,FALSE,NOT_FOR_ENFORCEMENT,161.4053,12065.1853,168.1305,161.4053,6.7252,0.01225162,0.01176156,6.7252,161.4053,0.01176156,6.7252,6.7252,6.7252,10.0878,10.0878,161.4053,0.01176156,40.3513,36.694,127.7792,131.4365,0.00931123,0.00957774,0.00049006,31.9142,29.2277,0.3910,14.0109,0.6159,1143.5936,35.8333,,31.9142,21.0824,25.2988,42.1647,57.9765,65.3553,105.4118,23.1906,0.0,2.583333,4.166666,1.26149,29,95,5,2,0E-8,0.01225162,,0E-8,0.000000,0.915819,0.000000,,2026-04-07,2026-05-04,12,273,145,28,0.428571,,,0.000000,,,,,,,,GLOBAL_BASELINE_NO_ENTITY_RANKING,,,NOT_APPLICABLE_GLOBAL_BASELINE,HF9g-P5,,,,X 全窗基线 · 不参与实体赏罚,6872951,688,A168_HF9F_20260827_0900,2026-08-27 09:00:00
2026-04-10,136423177,970,0,10.5411844075,10.0141251871,10.0141251871,1.0000000,1,1,0.50665070000000000,0.506650700000,0.9867858985152569,0.9867858985152569,0.9867858985152569,0E-17,ELIGIBLE,R03b_20260811_FULL_v1,L1_ELIGIBILITY,v2026-08-11,2026-03-21..2026-08-06,baccarat_bet02_101_all_pairs_incl_sentinel,round_win = game_pnl > 0 (decisive only),COMPATIBILITY_ONLY_NOT_PRODUCTION,13723.1237,12567.9013,168.1305,430,430,-0.01225162,,-0.01225162,-0.01225162,-168.1305,13723.1237,OK,0.0000,6.7252,4.0000,96.0000,AG03-UNRESOLVED,ALL5_LEVELS_bet23_to_bet27,6.7252,6.7252,6.7252,10.0878,10.0878,4.000000,4.000000,4.000000,6.000000,6.000000,96.000000,96.000000,96.000000,94.000000,94.000000,5.0,40.3513,36.694,127.7792,131.4365,PENDING_AG03,FALSE,NOT_FOR_ENFORCEMENT,161.4053,12065.1853,168.1305,161.4053,6.7252,0.01225162,0.01176156,6.7252,161.4053,0.01176156,6.7252,6.7252,6.7252,10.0878,10.0878,161.4053,0.01176156,40.3513,36.694,127.7792,131.4365,0.00931123,0.00957774,0.00049006,31.9142,29.2277,0.3910,14.0109,0.6159,1143.5936,35.8333,,31.9142,21.0824,25.2988,42.1647,57.9765,65.3553,105.4118,23.1906,0.0,2.583333,4.166666,1.26149,29,95,5,2,0E-8,0.01225162,,0E-8,0.000000,0.915819,0.000000,,2026-04-07,2026-05-04,12,273,145,28,0.428571,,,0.000000,,,,,,,,GLOBAL_BASELINE_NO_ENTITY_RANKING,,,NOT_APPLICABLE_GLOBAL_BASELINE,HF9g-P5,,,,X 全窗基线 · 不参与实体赏罚,6872952,688,A168_HF9F_20260827_0900,2026-08-27 09:00:00
2026-04-10,136423177,986,0,12.6494212890,12.0169502245,12.0169502245,1.0000000,1,1,0.50665070000000000,0.506650700000,0.9867858985152569,0.9867858985152569,0.9867858985152569,0E-17,ELIGIBLE,R03b_20260811_FULL_v1,L1_ELIGIBILITY,v2026-08-11,2026-03-21..2026-08-06,baccarat_bet02_101_all_pairs_incl_sentinel,round_win = game_pnl > 0 (decisive only),COMPATIBILITY_ONLY_NOT_PRODUCTION,13723.1237,12567.9013,168.1305,430,430,-0.01225162,,-0.01225162,-0.01225162,-168.1305,13723.1237,OK,0.0000,6.7252,4.0000,96.0000,AG03-UNRESOLVED,ALL5_LEVELS_bet23_to_bet27,6.7252,6.7252,6.7252,10.0878,10.0878,4.000000,4.000000,4.000000,6.000000,6.000000,96.000000,96.000000,96.000000,94.000000,94.000000,5.0,40.3513,36.694,127.7792,131.4365,PENDING_AG03,FALSE,NOT_FOR_ENFORCEMENT,161.4053,12065.1853,168.1305,161.4053,6.7252,0.01225162,0.01176156,6.7252,161.4053,0.01176156,6.7252,6.7252,6.7252,10.0878,10.0878,161.4053,0.01176156,40.3513,36.694,127.7792,131.4365,0.00931123,0.00957774,0.00049006,31.9142,29.2277,0.3910,14.0109,0.6159,1143.5936,35.8333,,31.9142,21.0824,25.2988,42.1647,57.9765,65.3553,105.4118,23.1906,0.0,2.583333,4.166666,1.26149,29,95,5,2,0E-8,0.01225162,,0E-8,0.000000,0.915819,0.000000,,2026-04-07,2026-05-04,12,273,145,28,0.428571,,,0.000000,,,,,,,,GLOBAL_BASELINE_NO_ENTITY_RANKING,,,NOT_APPLICABLE_GLOBAL_BASELINE,HF9g-P5,,,,X 全窗基线 · 不参与实体赏罚,6872953,688,A168_HF9F_20260827_0900,2026-08-27 09:00:00
2026-04-16,136423177,-1,1,1980.6885501660,-23.0324879303,-23.0324879303,0.5000000,63,63,0.50175673809523810,0.501756738095,-0.026758002637313195,-0.0267580026336865,-0.026758002637313195,2.3810E-13,SENTINEL_DEALER,R03b_20260811_FULL_v1,L1_ELIGIBILITY,v2026-08-11,2026-03-21..2026-08-06,baccarat_bet02_101_all_pairs_incl_sentinel,round_win = game_pnl > 0 (decisive only),COMPATIBILITY_ONLY_NOT_PRODUCTION,13723.1237,12567.9013,168.1305,430,430,-0.01225162,,-0.01225162,-0.01225162,-168.1305,13723.1237,OK,0.0000,6.7252,4.0000,96.0000,AG03-UNRESOLVED,ALL5_LEVELS_bet23_to_bet27,6.7252,6.7252,6.7252,10.0878,10.0878,4.000000,4.000000,4.000000,6.000000,6.000000,96.000000,96.000000,96.000000,94.000000,94.000000,5.0,40.3513,36.694,127.7792,131.4365,PENDING_AG03,FALSE,NOT_FOR_ENFORCEMENT,161.4053,12065.1853,168.1305,161.4053,6.7252,0.01225162,0.01176156,6.7252,161.4053,0.01176156,6.7252,6.7252,6.7252,10.0878,10.0878,161.4053,0.01176156,40.3513,36.694,127.7792,131.4365,0.00931123,0.00957774,0.00049006,31.9142,29.2277,0.3910,14.0109,0.6159,1143.5936,35.8333,,31.9142,21.0824,25.2988,42.1647,57.9765,65.3553,105.4118,23.1906,0.0,2.583333,4.166666,1.26149,29,95,5,2,0E-8,0.01225162,,0E-8,0.000000,0.915819,0.000000,,2026-04-07,2026-05-04,12,273,145,28,0.428571,,,0.000000,,,,,,,,GLOBAL_BASELINE_NO_ENTITY_RANKING,,,NOT_APPLICABLE_GLOBAL_BASELINE,HF9g-P5,,,,X 全窗基线 · 不参与实体赏罚,6872954,688,A168_HF9F_20260827_0900,2026-08-27 09:00:00
2026-04-16,136423177,1115,0,154.9554107900,51.1247443763,51.1247443763,0.7500000,5,5,0.49860758000000000,0.498607580000,1.005573579286957,1.005573579286957,1.005573579286957,0E-17,ELIGIBLE,R03b_20260811_FULL_v1,L1_ELIGIBILITY,v2026-08-11,2026-03-21..2026-08-06,baccarat_bet02_101_all_pairs_incl_sentinel,round_win = game_pnl > 0 (decisive only),COMPATIBILITY_ONLY_NOT_PRODUCTION,13723.1237,12567.9013,168.1305,430,430,-0.01225162,,-0.01225162,-0.01225162,-168.1305,13723.1237,OK,0.0000,6.7252,4.0000,96.0000,AG03-UNRESOLVED,ALL5_LEVELS_bet23_to_bet27,6.7252,6.7252,6.7252,10.0878,10.0878,4.000000,4.000000,4.000000,6.000000,6.000000,96.000000,96.000000,96.000000,94.000000,94.000000,5.0,40.3513,36.694,127.7792,131.4365,PENDING_AG03,FALSE,NOT_FOR_ENFORCEMENT,161.4053,12065.1853,168.1305,161.4053,6.7252,0.01225162,0.01176156,6.7252,161.4053,0.01176156,6.7252,6.7252,6.7252,10.0878,10.0878,161.4053,0.01176156,40.3513,36.694,127.7792,131.4365,0.00931123,0.00957774,0.00049006,31.9142,29.2277,0.3910,14.0109,0.6159,1143.5936,35.8333,,31.9142,21.0824,25.2988,42.1647,57.9765,65.3553,105.4118,23.1906,0.0,2.583333,4.166666,1.26149,29,95,5,2,0E-8,0.01225162,,0E-8,0.000000,0.915819,0.000000,,2026-04-07,2026-05-04,12,273,145,28,0.428571,,,0.000000,,,,,,,,GLOBAL_BASELINE_NO_ENTITY_RANKING,,,NOT_APPLICABLE_GLOBAL_BASELINE,HF9g-P5,,,,X 全窗基线 · 不参与实体赏罚,6872955,688,A168_HF9F_20260827_0900,2026-08-27 09:00:00
2026-04-16,136423177,1157,0,25.2988425780,-25.2988425780,-25.2988425780,0E-7,1,1,0.49324550000000000,0.493245500000,-0.9865810262130424,-0.9865810262130424,-0.9865810262130424,0E-17,ELIGIBLE,R03b_20260811_FULL_v1,L1_ELIGIBILITY,v2026-08-11,2026-03-21..2026-08-06,baccarat_bet02_101_all_pairs_incl_sentinel,round_win = game_pnl > 0 (decisive only),COMPATIBILITY_ONLY_NOT_PRODUCTION,13723.1237,12567.9013,168.1305,430,430,-0.01225162,,-0.01225162,-0.01225162,-168.1305,13723.1237,OK,0.0000,6.7252,4.0000,96.0000,AG03-UNRESOLVED,ALL5_LEVELS_bet23_to_bet27,6.7252,6.7252,6.7252,10.0878,10.0878,4.000000,4.000000,4.000000,6.000000,6.000000,96.000000,96.000000,96.000000,94.000000,94.000000,5.0,40.3513,36.694,127.7792,131.4365,PENDING_AG03,FALSE,NOT_FOR_ENFORCEMENT,161.4053,12065.1853,168.1305,161.4053,6.7252,0.01225162,0.01176156,6.7252,161.4053,0.01176156,6.7252,6.7252,6.7252,10.0878,10.0878,161.4053,0.01176156,40.3513,36.694,127.7792,131.4365,0.00931123,0.00957774,0.00049006,31.9142,29.2277,0.3910,14.0109,0.6159,1143.5936,35.8333,,31.9142,21.0824,25.2988,42.1647,57.9765,65.3553,105.4118,23.1906,0.0,2.583333,4.166666,1.26149,29,95,5,2,0E-8,0.01225162,,0E-8,0.000000,0.915819,0.000000,,2026-04-07,2026-05-04,12,273,145,28,0.428571,,,0.000000,,,,,,,,GLOBAL_BASELINE_NO_ENTITY_RANKING,,,NOT_APPLICABLE_GLOBAL_BASELINE,HF9g-P5,,,,X 全窗基线 · 不参与实体赏罚,6872956,688,A168_HF9F_20260827_0900,2026-08-27 09:00:00
2026-04-16,136423177,1306,0,21.0823688150,20.0282503742,20.0282503742,1.0000000,1,1,0.50665070000000000,0.506650700000,0.9867858985152569,0.9867858985152569,0.9867858985152569,0E-17,ELIGIBLE,R03b_20260811_FULL_v1,L1_ELIGIBILITY,v2026-08-11,2026-03-21..2026-08-06,baccarat_bet02_101_all_pairs_incl_sentinel,round_win = game_pnl > 0 (decisive only),COMPATIBILITY_ONLY_NOT_PRODUCTION,13723.1237,12567.9013,168.1305,430,430,-0.01225162,,-0.01225162,-0.01225162,-168.1305,13723.1237,OK,0.0000,6.7252,4.0000,96.0000,AG03-UNRESOLVED,ALL5_LEVELS_bet23_to_bet27,6.7252,6.7252,6.7252,10.0878,10.0878,4.000000,4.000000,4.000000,6.000000,6.000000,96.000000,96.000000,96.000000,94.000000,94.000000,5.0,40.3513,36.694,127.7792,131.4365,PENDING_AG03,FALSE,NOT_FOR_ENFORCEMENT,161.4053,12065.1853,168.1305,161.4053,6.7252,0.01225162,0.01176156,6.7252,161.4053,0.01176156,6.7252,6.7252,6.7252,10.0878,10.0878,161.4053,0.01176156,40.3513,36.694,127.7792,131.4365,0.00931123,0.00957774,0.00049006,31.9142,29.2277,0.3910,14.0109,0.6159,1143.5936,35.8333,,31.9142,21.0824,25.2988,42.1647,57.9765,65.3553,105.4118,23.1906,0.0,2.583333,4.166666,1.26149,29,95,5,2,0E-8,0.01225162,,0E-8,0.000000,0.915819,0.000000,,2026-04-07,2026-05-04,12,273,145,28,0.428571,,,0.000000,,,,,,,,GLOBAL_BASELINE_NO_ENTITY_RANKING,,,NOT_APPLICABLE_GLOBAL_BASELINE,HF9g-P5,,,,X 全窗基线 · 不参与实体赏罚,6872957,688,A168_HF9F_20260827_0900,2026-08-27 09:00:00
2026-04-16,136423177,1323,0,84.3294752598,-84.3294752598,-84.3294752598,0E-7,2,2,0.49324550000000000,0.493245500000,-1.3952362676504506,-1.3952362676504506,-1.3952362676504506,0E-17,ELIGIBLE,R03b_20260811_FULL_v1,L1_ELIGIBILITY,v2026-08-11,2026-03-21..2026-08-06,baccarat_bet02_101_all_pairs_incl_sentinel,round_win = game_pnl > 0 (decisive only),COMPATIBILITY_ONLY_NOT_PRODUCTION,13723.1237,12567.9013,168.1305,430,430,-0.01225162,,-0.01225162,-0.01225162,-168.1305,13723.1237,OK,0.0000,6.7252,4.0000,96.0000,AG03-UNRESOLVED,ALL5_LEVELS_bet23_to_bet27,6.7252,6.7252,6.7252,10.0878,10.0878,4.000000,4.000000,4.000000,6.000000,6.000000,96.000000,96.000000,96.000000,94.000000,94.000000,5.0,40.3513,36.694,127.7792,131.4365,PENDING_AG03,FALSE,NOT_FOR_ENFORCEMENT,161.4053,12065.1853,168.1305,161.4053,6.7252,0.01225162,0.01176156,6.7252,161.4053,0.01176156,6.7252,6.7252,6.7252,10.0878,10.0878,161.4053,0.01176156,40.3513,36.694,127.7792,131.4365,0.00931123,0.00957774,0.00049006,31.9142,29.2277,0.3910,14.0109,0.6159,1143.5936,35.8333,,31.9142,21.0824,25.2988,42.1647,57.9765,65.3553,105.4118,23.1906,0.0,2.583333,4.166666,1.26149,29,95,5,2,0E-8,0.01225162,,0E-8,0.000000,0.915819,0.000000,,2026-04-07,2026-05-04,12,273,145,28,0.428571,,,0.000000,,,,,,,,GLOBAL_BASELINE_NO_ENTITY_RANKING,,,NOT_APPLICABLE_GLOBAL_BASELINE,HF9g-P5,,,,X 全窗基线 · 不参与实体赏罚,6872958,688,A168_HF9F_20260827_0900,2026-08-27 09:00:00
2026-04-16,136423177,1325,0,69.5718170893,-3.7948263867,-3.7948263867,0.5000000,2,2,0.49994810000000000,0.499948100000,0.00014679536856514622,0.00014679536856514622,0.00014679536856514622,0E-17,ELIGIBLE,R03b_20260811_FULL_v1,L1_ELIGIBILITY,v2026-08-11,2026-03-21..2026-08-06,baccarat_bet02_101_all_pairs_incl_sentinel,round_win = game_pnl > 0 (decisive only),COMPATIBILITY_ONLY_NOT_PRODUCTION,13723.1237,12567.9013,168.1305,430,430,-0.01225162,,-0.01225162,-0.01225162,-168.1305,13723.1237,OK,0.0000,6.7252,4.0000,96.0000,AG03-UNRESOLVED,ALL5_LEVELS_bet23_to_bet27,6.7252,6.7252,6.7252,10.0878,10.0878,4.000000,4.000000,4.000000,6.000000,6.000000,96.000000,96.000000,96.000000,94.000000,94.000000,5.0,40.3513,36.694,127.7792,131.4365,PENDING_AG03,FALSE,NOT_FOR_ENFORCEMENT,161.4053,12065.1853,168.1305,161.4053,6.7252,0.01225162,0.01176156,6.7252,161.4053,0.01176156,6.7252,6.7252,6.7252,10.0878,10.0878,161.4053,0.01176156,40.3513,36.694,127.7792,131.4365,0.00931123,0.00957774,0.00049006,31.9142,29.2277,0.3910,14.0109,0.6159,1143.5936,35.8333,,31.9142,21.0824,25.2988,42.1647,57.9765,65.3553,105.4118,23.1906,0.0,2.583333,4.166666,1.26149,29,95,5,2,0E-8,0.01225162,,0E-8,0.000000,0.915819,0.000000,,2026-04-07,2026-05-04,12,273,145,28,0.428571,,,0.000000,,,,,,,,GLOBAL_BASELINE_NO_ENTITY_RANKING,,,NOT_APPLICABLE_GLOBAL_BASELINE,HF9g-P5,,,,X 全窗基线 · 不参与实体赏罚,6872959,688,A168_HF9F_20260827_0900,2026-08-27 09:00:00
2026-04-16,136423177,1330,0,130.7106866527,128.3916260831,128.3916260831,1.0000000,3,3,0.49771390000000000,0.497713900000,1.739988277604938,1.739988277604938,1.739988277604938,0E-17,ELIGIBLE,R03b_20260811_FULL_v1,L1_ELIGIBILITY,v2026-08-11,2026-03-21..2026-08-06,baccarat_bet02_101_all_pairs_incl_sentinel,round_win = game_pnl > 0 (decisive only),COMPATIBILITY_ONLY_NOT_PRODUCTION,13723.1237,12567.9013,168.1305,430,430,-0.01225162,,-0.01225162,-0.01225162,-168.1305,13723.1237,OK,0.0000,6.7252,4.0000,96.0000,AG03-UNRESOLVED,ALL5_LEVELS_bet23_to_bet27,6.7252,6.7252,6.7252,10.0878,10.0878,4.000000,4.000000,4.000000,6.000000,6.000000,96.000000,96.000000,96.000000,94.000000,94.000000,5.0,40.3513,36.694,127.7792,131.4365,PENDING_AG03,FALSE,NOT_FOR_ENFORCEMENT,161.4053,12065.1853,168.1305,161.4053,6.7252,0.01225162,0.01176156,6.7252,161.4053,0.01176156,6.7252,6.7252,6.7252,10.0878,10.0878,161.4053,0.01176156,40.3513,36.694,127.7792,131.4365,0.00931123,0.00957774,0.00049006,31.9142,29.2277,0.3910,14.0109,0.6159,1143.5936,35.8333,,31.9142,21.0824,25.2988,42.1647,57.9765,65.3553,105.4118,23.1906,0.0,2.583333,4.166666,1.26149,29,95,5,2,0E-8,0.01225162,,0E-8,0.000000,0.915819,0.000000,,2026-04-07,2026-05-04,12,273,145,28,0.428571,,,0.000000,,,,,,,,GLOBAL_BASELINE_NO_ENTITY_RANKING,,,NOT_APPLICABLE_GLOBAL_BASELINE,HF9g-P5,,,,X 全窗基线 · 不参与实体赏罚,6872960,688,A168_HF9F_20260827_0900,2026-08-27 09:00:00
2026-04-16,136423177,1363,0,63.2471064449,18.9741319334,18.9741319334,0.5000000,2,2,0.49994810000000000,0.499948100000,0.00014679536856514622,0.00014679536856514622,0.00014679536856514622,0E-17,ELIGIBLE,R03b_20260811_FULL_v1,L1_ELIGIBILITY,v2026-08-11,2026-03-21..2026-08-06,baccarat_bet02_101_all_pairs_incl_sentinel,round_win = game_pnl > 0 (decisive only),COMPATIBILITY_ONLY_NOT_PRODUCTION,13723.1237,12567.9013,168.1305,430,430,-0.01225162,,-0.01225162,-0.01225162,-168.1305,13723.1237,OK,0.0000,6.7252,4.0000,96.0000,AG03-UNRESOLVED,ALL5_LEVELS_bet23_to_bet27,6.7252,6.7252,6.7252,10.0878,10.0878,4.000000,4.000000,4.000000,6.000000,6.000000,96.000000,96.000000,96.000000,94.000000,94.000000,5.0,40.3513,36.694,127.7792,131.4365,PENDING_AG03,FALSE,NOT_FOR_ENFORCEMENT,161.4053,12065.1853,168.1305,161.4053,6.7252,0.01225162,0.01176156,6.7252,161.4053,0.01176156,6.7252,6.7252,6.7252,10.0878,10.0878,161.4053,0.01176156,40.3513,36.694,127.7792,131.4365,0.00931123,0.00957774,0.00049006,31.9142,29.2277,0.3910,14.0109,0.6159,1143.5936,35.8333,,31.9142,21.0824,25.2988,42.1647,57.9765,65.3553,105.4118,23.1906,0.0,2.583333,4.166666,1.26149,29,95,5,2,0E-8,0.01225162,,0E-8,0.000000,0.915819,0.000000,,2026-04-07,2026-05-04,12,273,145,28,0.428571,,,0.000000,,,,,,,,GLOBAL_BASELINE_NO_ENTITY_RANKING,,,NOT_APPLICABLE_GLOBAL_BASELINE,HF9g-P5,,,,X 全窗基线 · 不参与实体赏罚,6872961,688,A168_HF9F_20260827_0900,2026-08-27 09:00:00
2026-04-16,136423177,1374,0,23.1906056965,-23.1906056965,-23.1906056965,0E-7,1,1,0.50665070000000000,0.506650700000,-1.013391052207602,-1.013391052207602,-1.013391052207602,0E-17,ELIGIBLE,R03b_20260811_FULL_v1,L1_ELIGIBILITY,v2026-08-11,2026-03-21..2026-08-06,baccarat_bet02_101_all_pairs_incl_sentinel,round_win = game_pnl > 0 (decisive only),COMPATIBILITY_ONLY_NOT_PRODUCTION,13723.1237,12567.9013,168.1305,430,430,-0.01225162,,-0.01225162,-0.01225162,-168.1305,13723.1237,OK,0.0000,6.7252,4.0000,96.0000,AG03-UNRESOLVED,ALL5_LEVELS_bet23_to_bet27,6.7252,6.7252,6.7252,10.0878,10.0878,4.000000,4.000000,4.000000,6.000000,6.000000,96.000000,96.000000,96.000000,94.000000,94.000000,5.0,40.3513,36.694,127.7792,131.4365,PENDING_AG03,FALSE,NOT_FOR_ENFORCEMENT,161.4053,12065.1853,168.1305,161.4053,6.7252,0.01225162,0.01176156,6.7252,161.4053,0.01176156,6.7252,6.7252,6.7252,10.0878,10.0878,161.4053,0.01176156,40.3513,36.694,127.7792,131.4365,0.00931123,0.00957774,0.00049006,31.9142,29.2277,0.3910,14.0109,0.6159,1143.5936,35.8333,,31.9142,21.0824,25.2988,42.1647,57.9765,65.3553,105.4118,23.1906,0.0,2.583333,4.166666,1.26149,29,95,5,2,0E-8,0.01225162,,0E-8,0.000000,0.915819,0.000000,,2026-04-07,2026-05-04,12,273,145,28,0.428571,,,0.000000,,,,,,,,GLOBAL_BASELINE_NO_ENTITY_RANKING,,,NOT_APPLICABLE_GLOBAL_BASELINE,HF9g-P5,,,,X 全窗基线 · 不参与实体赏罚,6872962,688,A168_HF9F_20260827_0900,2026-08-27 09:00:00
2026-04-16,136423177,1384,0,196.0660299791,126.2833892017,126.2833892017,0.7500000,4,4,0.49994810000000000,0.499948100000,1.0002076053883384,1.0002076053883384,1.0002076053883384,0E-17,ELIGIBLE,R03b_20260811_FULL_v1,L1_ELIGIBILITY,v2026-08-11,2026-03-21..2026-08-06,baccarat_bet02_101_all_pairs_incl_sentinel,round_win = game_pnl > 0 (decisive only),COMPATIBILITY_ONLY_NOT_PRODUCTION,13723.1237,12567.9013,168.1305,430,430,-0.01225162,,-0.01225162,-0.01225162,-168.1305,13723.1237,OK,0.0000,6.7252,4.0000,96.0000,AG03-UNRESOLVED,ALL5_LEVELS_bet23_to_bet27,6.7252,6.7252,6.7252,10.0878,10.0878,4.000000,4.000000,4.000000,6.000000,6.000000,96.000000,96.000000,96.000000,94.000000,94.000000,5.0,40.3513,36.694,127.7792,131.4365,PENDING_AG03,FALSE,NOT_FOR_ENFORCEMENT,161.4053,12065.1853,168.1305,161.4053,6.7252,0.01225162,0.01176156,6.7252,161.4053,0.01176156,6.7252,6.7252,6.7252,10.0878,10.0878,161.4053,0.01176156,40.3513,36.694,127.7792,131.4365,0.00931123,0.00957774,0.00049006,31.9142,29.2277,0.3910,14.0109,0.6159,1143.5936,35.8333,,31.9142,21.0824,25.2988,42.1647,57.9765,65.3553,105.4118,23.1906,0.0,2.583333,4.166666,1.26149,29,95,5,2,0E-8,0.01225162,,0E-8,0.000000,0.915819,0.000000,,2026-04-07,2026-05-04,12,273,145,28,0.428571,,,0.000000,,,,,,,,GLOBAL_BASELINE_NO_ENTITY_RANKING,,,NOT_APPLICABLE_GLOBAL_BASELINE,HF9g-P5,,,,X 全窗基线 · 不参与实体赏罚,6872963,688,A168_HF9F_20260827_0900,2026-08-27 09:00:00
2026-04-16,136423177,1385,0,53.7600404782,-53.7600404782,-53.7600404782,0E-7,2,2,0.49994810000000000,0.499948100000,-1.4140667746232096,-1.4140667746232096,-1.4140667746232096,0E-17,ELIGIBLE,R03b_20260811_FULL_v1,L1_ELIGIBILITY,v2026-08-11,2026-03-21..2026-08-06,baccarat_bet02_101_all_pairs_incl_sentinel,round_win = game_pnl > 0 (decisive only),COMPATIBILITY_ONLY_NOT_PRODUCTION,13723.1237,12567.9013,168.1305,430,430,-0.01225162,,-0.01225162,-0.01225162,-168.1305,13723.1237,OK,0.0000,6.7252,4.0000,96.0000,AG03-UNRESOLVED,ALL5_LEVELS_bet23_to_bet27,6.7252,6.7252,6.7252,10.0878,10.0878,4.000000,4.000000,4.000000,6.000000,6.000000,96.000000,96.000000,96.000000,94.000000,94.000000,5.0,40.3513,36.694,127.7792,131.4365,PENDING_AG03,FALSE,NOT_FOR_ENFORCEMENT,161.4053,12065.1853,168.1305,161.4053,6.7252,0.01225162,0.01176156,6.7252,161.4053,0.01176156,6.7252,6.7252,6.7252,10.0878,10.0878,161.4053,0.01176156,40.3513,36.694,127.7792,131.4365,0.00931123,0.00957774,0.00049006,31.9142,29.2277,0.3910,14.0109,0.6159,1143.5936,35.8333,,31.9142,21.0824,25.2988,42.1647,57.9765,65.3553,105.4118,23.1906,0.0,2.583333,4.166666,1.26149,29,95,5,2,0E-8,0.01225162,,0E-8,0.000000,0.915819,0.000000,,2026-04-07,2026-05-04,12,273,145,28,0.428571,,,0.000000,,,,,,,,GLOBAL_BASELINE_NO_ENTITY_RANKING,,,NOT_APPLICABLE_GLOBAL_BASELINE,HF9g-P5,,,,X 全窗基线 · 不参与实体赏罚,6872964,688,A168_HF9F_20260827_0900,2026-08-27 09:00:00
2026-04-16,136423177,1399,0,21.0823688150,-21.0823688150,-21.0823688150,0E-7,1,1,0.49324550000000000,0.493245500000,-0.9865810262130424,-0.9865810262130424,-0.9865810262130424,0E-17,ELIGIBLE,R03b_20260811_FULL_v1,L1_ELIGIBILITY,v2026-08-11,2026-03-21..2026-08-06,baccarat_bet02_101_all_pairs_incl_sentinel,round_win = game_pnl > 0 (decisive only),COMPATIBILITY_ONLY_NOT_PRODUCTION,13723.1237,12567.9013,168.1305,430,430,-0.01225162,,-0.01225162,-0.01225162,-168.1305,13723.1237,OK,0.0000,6.7252,4.0000,96.0000,AG03-UNRESOLVED,ALL5_LEVELS_bet23_to_bet27,6.7252,6.7252,6.7252,10.0878,10.0878,4.000000,4.000000,4.000000,6.000000,6.000000,96.000000,96.000000,96.000000,94.000000,94.000000,5.0,40.3513,36.694,127.7792,131.4365,PENDING_AG03,FALSE,NOT_FOR_ENFORCEMENT,161.4053,12065.1853,168.1305,161.4053,6.7252,0.01225162,0.01176156,6.7252,161.4053,0.01176156,6.7252,6.7252,6.7252,10.0878,10.0878,161.4053,0.01176156,40.3513,36.694,127.7792,131.4365,0.00931123,0.00957774,0.00049006,31.9142,29.2277,0.3910,14.0109,0.6159,1143.5936,35.8333,,31.9142,21.0824,25.2988,42.1647,57.9765,65.3553,105.4118,23.1906,0.0,2.583333,4.166666,1.26149,29,95,5,2,0E-8,0.01225162,,0E-8,0.000000,0.915819,0.000000,,2026-04-07,2026-05-04,12,273,145,28,0.428571,,,0.000000,,,,,,,,GLOBAL_BASELINE_NO_ENTITY_RANKING,,,NOT_APPLICABLE_GLOBAL_BASELINE,HF9g-P5,,,,X 全窗基线 · 不参与实体赏罚,6872965,688,A168_HF9F_20260827_0900,2026-08-27 09:00:00
2026-04-16,136423177,1405,0,42.1647376300,41.1106191892,41.1106191892,1.0000000,2,2,0.49994810000000000,0.499948100000,1.4143603653603398,1.4143603653603398,1.4143603653603398,0E-17,ELIGIBLE,R03b_20260811_FULL_v1,L1_ELIGIBILITY,v2026-08-11,2026-03-21..2026-08-06,baccarat_bet02_101_all_pairs_incl_sentinel,round_win = game_pnl > 0 (decisive only),COMPATIBILITY_ONLY_NOT_PRODUCTION,13723.1237,12567.9013,168.1305,430,430,-0.01225162,,-0.01225162,-0.01225162,-168.1305,13723.1237,OK,0.0000,6.7252,4.0000,96.0000,AG03-UNRESOLVED,ALL5_LEVELS_bet23_to_bet27,6.7252,6.7252,6.7252,10.0878,10.0878,4.000000,4.000000,4.000000,6.000000,6.000000,96.000000,96.000000,96.000000,94.000000,94.000000,5.0,40.3513,36.694,127.7792,131.4365,PENDING_AG03,FALSE,NOT_FOR_ENFORCEMENT,161.4053,12065.1853,168.1305,161.4053,6.7252,0.01225162,0.01176156,6.7252,161.4053,0.01176156,6.7252,6.7252,6.7252,10.0878,10.0878,161.4053,0.01176156,40.3513,36.694,127.7792,131.4365,0.00931123,0.00957774,0.00049006,31.9142,29.2277,0.3910,14.0109,0.6159,1143.5936,35.8333,,31.9142,21.0824,25.2988,42.1647,57.9765,65.3553,105.4118,23.1906,0.0,2.583333,4.166666,1.26149,29,95,5,2,0E-8,0.01225162,,0E-8,0.000000,0.915819,0.000000,,2026-04-07,2026-05-04,12,273,145,28,0.428571,,,0.000000,,,,,,,,GLOBAL_BASELINE_NO_ENTITY_RANKING,,,NOT_APPLICABLE_GLOBAL_BASELINE,HF9g-P5,,,,X 全窗基线 · 不参与实体赏罚,6872966,688,A168_HF9F_20260827_0900,2026-08-27 09:00:00
2026-04-16,136423177,1507,0,105.4118440748,-22.3473109438,-22.3473109438,0.5000000,3,3,0.50218230000000000,0.502182300000,-0.00617253530718887,-0.00617253530718887,-0.00617253530718887,0E-17,ELIGIBLE,R03b_20260811_FULL_v1,L1_ELIGIBILITY,v2026-08-11,2026-03-21..2026-08-06,baccarat_bet02_101_all_pairs_incl_sentinel,round_win = game_pnl > 0 (decisive only),COMPATIBILITY_ONLY_NOT_PRODUCTION,13723.1237,12567.9013,168.1305,430,430,-0.01225162,,-0.01225162,-0.01225162,-168.1305,13723.1237,OK,0.0000,6.7252,4.0000,96.0000,AG03-UNRESOLVED,ALL5_LEVELS_bet23_to_bet27,6.7252,6.7252,6.7252,10.0878,10.0878,4.000000,4.000000,4.000000,6.000000,6.000000,96.000000,96.000000,96.000000,94.000000,94.000000,5.0,40.3513,36.694,127.7792,131.4365,PENDING_AG03,FALSE,NOT_FOR_ENFORCEMENT,161.4053,12065.1853,168.1305,161.4053,6.7252,0.01225162,0.01176156,6.7252,161.4053,0.01176156,6.7252,6.7252,6.7252,10.0878,10.0878,161.4053,0.01176156,40.3513,36.694,127.7792,131.4365,0.00931123,0.00957774,0.00049006,31.9142,29.2277,0.3910,14.0109,0.6159,1143.5936,35.8333,,31.9142,21.0824,25.2988,42.1647,57.9765,65.3553,105.4118,23.1906,0.0,2.583333,4.166666,1.26149,29,95,5,2,0E-8,0.01225162,,0E-8,0.000000,0.915819,0.000000,,2026-04-07,2026-05-04,12,273,145,28,0.428571,,,0.000000,,,,,,,,GLOBAL_BASELINE_NO_ENTITY_RANKING,,,NOT_APPLICABLE_GLOBAL_BASELINE,HF9g-P5,,,,X 全窗基线 · 不参与实体赏罚,6872967,688,A168_HF9F_20260827_0900,2026-08-27 09:00:00
2026-04-16,136423177,1646,0,67.4635802079,-67.4635802079,-67.4635802079,0E-7,2,2,0.49994810000000000,0.499948100000,-1.4140667746232096,-1.4140667746232096,-1.4140667746232096,0E-17,ELIGIBLE,R03b_20260811_FULL_v1,L1_ELIGIBILITY,v2026-08-11,2026-03-21..2026-08-06,baccarat_bet02_101_all_pairs_incl_sentinel,round_win = game_pnl > 0 (decisive only),COMPATIBILITY_ONLY_NOT_PRODUCTION,13723.1237,12567.9013,168.1305,430,430,-0.01225162,,-0.01225162,-0.01225162,-168.1305,13723.1237,OK,0.0000,6.7252,4.0000,96.0000,AG03-UNRESOLVED,ALL5_LEVELS_bet23_to_bet27,6.7252,6.7252,6.7252,10.0878,10.0878,4.000000,4.000000,4.000000,6.000000,6.000000,96.000000,96.000000,96.000000,94.000000,94.000000,5.0,40.3513,36.694,127.7792,131.4365,PENDING_AG03,FALSE,NOT_FOR_ENFORCEMENT,161.4053,12065.1853,168.1305,161.4053,6.7252,0.01225162,0.01176156,6.7252,161.4053,0.01176156,6.7252,6.7252,6.7252,10.0878,10.0878,161.4053,0.01176156,40.3513,36.694,127.7792,131.4365,0.00931123,0.00957774,0.00049006,31.9142,29.2277,0.3910,14.0109,0.6159,1143.5936,35.8333,,31.9142,21.0824,25.2988,42.1647,57.9765,65.3553,105.4118,23.1906,0.0,2.583333,4.166666,1.26149,29,95,5,2,0E-8,0.01225162,,0E-8,0.000000,0.915819,0.000000,,2026-04-07,2026-05-04,12,273,145,28,0.428571,,,0.000000,,,,,,,,GLOBAL_BASELINE_NO_ENTITY_RANKING,,,NOT_APPLICABLE_GLOBAL_BASELINE,HF9g-P5,,,,X 全窗基线 · 不参与实体赏罚,6872968,688,A168_HF9F_20260827_0900,2026-08-27 09:00:00
2026-04-16,136423177,1702,0,115.9530284823,14.4414226383,14.4414226383,0.6666667,4,4,0.50665070000000000,0.506650700000,0.5543606114942035,0.5543606114942035,0.5543606114942035,0E-17,ELIGIBLE,R03b_20260811_FULL_v1,L1_ELIGIBILITY,v2026-08-11,2026-03-21..2026-08-06,baccarat_bet02_101_all_pairs_incl_sentinel,round_win = game_pnl > 0 (decisive only),COMPATIBILITY_ONLY_NOT_PRODUCTION,13723.1237,12567.9013,168.1305,430,430,-0.01225162,,-0.01225162,-0.01225162,-168.1305,13723.1237,OK,0.0000,6.7252,4.0000,96.0000,AG03-UNRESOLVED,ALL5_LEVELS_bet23_to_bet27,6.7252,6.7252,6.7252,10.0878,10.0878,4.000000,4.000000,4.000000,6.000000,6.000000,96.000000,96.000000,96.000000,94.000000,94.000000,5.0,40.3513,36.694,127.7792,131.4365,PENDING_AG03,FALSE,NOT_FOR_ENFORCEMENT,161.4053,12065.1853,168.1305,161.4053,6.7252,0.01225162,0.01176156,6.7252,161.4053,0.01176156,6.7252,6.7252,6.7252,10.0878,10.0878,161.4053,0.01176156,40.3513,36.694,127.7792,131.4365,0.00931123,0.00957774,0.00049006,31.9142,29.2277,0.3910,14.0109,0.6159,1143.5936,35.8333,,31.9142,21.0824,25.2988,42.1647,57.9765,65.3553,105.4118,23.1906,0.0,2.583333,4.166666,1.26149,29,95,5,2,0E-8,0.01225162,,0E-8,0.000000,0.915819,0.000000,,2026-04-07,2026-05-04,12,273,145,28,0.428571,,,0.000000,,,,,,,,GLOBAL_BASELINE_NO_ENTITY_RANKING,,,NOT_APPLICABLE_GLOBAL_BASELINE,HF9g-P5,,,,X 全窗基线 · 不参与实体赏罚,6872969,688,A168_HF9F_20260827_0900,2026-08-27 09:00:00
2026-04-16,136423177,1704,0,42.1647376300,-42.1647376300,-42.1647376300,0E-7,2,2,0.50665070000000000,0.506650700000,-1.4331513700195317,-1.4331513700195317,-1.4331513700195317,0E-17,ELIGIBLE,R03b_20260811_FULL_v1,L1_ELIGIBILITY,v2026-08-11,2026-03-21..2026-08-06,baccarat_bet02_101_all_pairs_incl_sentinel,round_win = game_pnl > 0 (decisive only),COMPATIBILITY_ONLY_NOT_PRODUCTION,13723.1237,12567.9013,168.1305,430,430,-0.01225162,,-0.01225162,-0.01225162,-168.1305,13723.1237,OK,0.0000,6.7252,4.0000,96.0000,AG03-UNRESOLVED,ALL5_LEVELS_bet23_to_bet27,6.7252,6.7252,6.7252,10.0878,10.0878,4.000000,4.000000,4.000000,6.000000,6.000000,96.000000,96.000000,96.000000,94.000000,94.000000,5.0,40.3513,36.694,127.7792,131.4365,PENDING_AG03,FALSE,NOT_FOR_ENFORCEMENT,161.4053,12065.1853,168.1305,161.4053,6.7252,0.01225162,0.01176156,6.7252,161.4053,0.01176156,6.7252,6.7252,6.7252,10.0878,10.0878,161.4053,0.01176156,40.3513,36.694,127.7792,131.4365,0.00931123,0.00957774,0.00049006,31.9142,29.2277,0.3910,14.0109,0.6159,1143.5936,35.8333,,31.9142,21.0824,25.2988,42.1647,57.9765,65.3553,105.4118,23.1906,0.0,2.583333,4.166666,1.26149,29,95,5,2,0E-8,0.01225162,,0E-8,0.000000,0.915819,0.000000,,2026-04-07,2026-05-04,12,273,145,28,0.428571,,,0.000000,,,,,,,,GLOBAL_BASELINE_NO_ENTITY_RANKING,,,NOT_APPLICABLE_GLOBAL_BASELINE,HF9g-P5,,,,X 全窗基线 · 不参与实体赏罚,6872970,688,A168_HF9F_20260827_0900,2026-08-27 09:00:00
2026-04-16,136423177,1714,0,25.2988425780,-25.2988425780,-25.2988425780,0E-7,1,1,0.50665070000000000,0.506650700000,-1.013391052207602,-1.013391052207602,-1.013391052207602,0E-17,ELIGIBLE,R03b_20260811_FULL_v1,L1_ELIGIBILITY,v2026-08-11,2026-03-21..2026-08-06,baccarat_bet02_101_all_pairs_incl_sentinel,round_win = game_pnl > 0 (decisive only),COMPATIBILITY_ONLY_NOT_PRODUCTION,13723.1237,12567.9013,168.1305,430,430,-0.01225162,,-0.01225162,-0.01225162,-168.1305,13723.1237,OK,0.0000,6.7252,4.0000,96.0000,AG03-UNRESOLVED,ALL5_LEVELS_bet23_to_bet27,6.7252,6.7252,6.7252,10.0878,10.0878,4.000000,4.000000,4.000000,6.000000,6.000000,96.000000,96.000000,96.000000,94.000000,94.000000,5.0,40.3513,36.694,127.7792,131.4365,PENDING_AG03,FALSE,NOT_FOR_ENFORCEMENT,161.4053,12065.1853,168.1305,161.4053,6.7252,0.01225162,0.01176156,6.7252,161.4053,0.01176156,6.7252,6.7252,6.7252,10.0878,10.0878,161.4053,0.01176156,40.3513,36.694,127.7792,131.4365,0.00931123,0.00957774,0.00049006,31.9142,29.2277,0.3910,14.0109,0.6159,1143.5936,35.8333,,31.9142,21.0824,25.2988,42.1647,57.9765,65.3553,105.4118,23.1906,0.0,2.583333,4.166666,1.26149,29,95,5,2,0E-8,0.01225162,,0E-8,0.000000,0.915819,0.000000,,2026-04-07,2026-05-04,12,273,145,28,0.428571,,,0.000000,,,,,,,,GLOBAL_BASELINE_NO_ENTITY_RANKING,,,NOT_APPLICABLE_GLOBAL_BASELINE,HF9g-P5,,,,X 全窗基线 · 不参与实体赏罚,6872971,688,A168_HF9F_20260827_0900,2026-08-27 09:00:00
2026-04-16,136423177,1935,0,75.8965277338,-75.8965277338,-75.8965277338,0E-7,2,2,0.50665070000000000,0.506650700000,-1.4331513700195317,-1.4331513700195317,-1.4331513700195317,0E-17,ELIGIBLE,R03b_20260811_FULL_v1,L1_ELIGIBILITY,v2026-08-11,2026-03-21..2026-08-06,baccarat_bet02_101_all_pairs_incl_sentinel,round_win = game_pnl > 0 (decisive only),COMPATIBILITY_ONLY_NOT_PRODUCTION,13723.1237,12567.9013,168.1305,430,430,-0.01225162,,-0.01225162,-0.01225162,-168.1305,13723.1237,OK,0.0000,6.7252,4.0000,96.0000,AG03-UNRESOLVED,ALL5_LEVELS_bet23_to_bet27,6.7252,6.7252,6.7252,10.0878,10.0878,4.000000,4.000000,4.000000,6.000000,6.000000,96.000000,96.000000,96.000000,94.000000,94.000000,5.0,40.3513,36.694,127.7792,131.4365,PENDING_AG03,FALSE,NOT_FOR_ENFORCEMENT,161.4053,12065.1853,168.1305,161.4053,6.7252,0.01225162,0.01176156,6.7252,161.4053,0.01176156,6.7252,6.7252,6.7252,10.0878,10.0878,161.4053,0.01176156,40.3513,36.694,127.7792,131.4365,0.00931123,0.00957774,0.00049006,31.9142,29.2277,0.3910,14.0109,0.6159,1143.5936,35.8333,,31.9142,21.0824,25.2988,42.1647,57.9765,65.3553,105.4118,23.1906,0.0,2.583333,4.166666,1.26149,29,95,5,2,0E-8,0.01225162,,0E-8,0.000000,0.915819,0.000000,,2026-04-07,2026-05-04,12,273,145,28,0.428571,,,0.000000,,,,,,,,GLOBAL_BASELINE_NO_ENTITY_RANKING,,,NOT_APPLICABLE_GLOBAL_BASELINE,HF9g-P5,,,,X 全窗基线 · 不参与实体赏罚,6872972,688,A168_HF9F_20260827_0900,2026-08-27 09:00:00
2026-04-16,136423177,1941,0,73.7882908524,73.7882908524,73.7882908524,1.0000000,3,3,0.49324550000000000,0.493245500000,1.755609282511032,1.7556092825110319,1.755609282511032,0E-17,ELIGIBLE,R03b_20260811_FULL_v1,L1_ELIGIBILITY,v2026-08-11,2026-03-21..2026-08-06,baccarat_bet02_101_all_pairs_incl_sentinel,round_win = game_pnl > 0 (decisive only),COMPATIBILITY_ONLY_NOT_PRODUCTION,13723.1237,12567.9013,168.1305,430,430,-0.01225162,,-0.01225162,-0.01225162,-168.1305,13723.1237,OK,0.0000,6.7252,4.0000,96.0000,AG03-UNRESOLVED,ALL5_LEVELS_bet23_to_bet27,6.7252,6.7252,6.7252,10.0878,10.0878,4.000000,4.000000,4.000000,6.000000,6.000000,96.000000,96.000000,96.000000,94.000000,94.000000,5.0,40.3513,36.694,127.7792,131.4365,PENDING_AG03,FALSE,NOT_FOR_ENFORCEMENT,161.4053,12065.1853,168.1305,161.4053,6.7252,0.01225162,0.01176156,6.7252,161.4053,0.01176156,6.7252,6.7252,6.7252,10.0878,10.0878,161.4053,0.01176156,40.3513,36.694,127.7792,131.4365,0.00931123,0.00957774,0.00049006,31.9142,29.2277,0.3910,14.0109,0.6159,1143.5936,35.8333,,31.9142,21.0824,25.2988,42.1647,57.9765,65.3553,105.4118,23.1906,0.0,2.583333,4.166666,1.26149,29,95,5,2,0E-8,0.01225162,,0E-8,0.000000,0.915819,0.000000,,2026-04-07,2026-05-04,12,273,145,28,0.428571,,,0.000000,,,,,,,,GLOBAL_BASELINE_NO_ENTITY_RANKING,,,NOT_APPLICABLE_GLOBAL_BASELINE,HF9g-P5,,,,X 全窗基线 · 不参与实体赏罚,6872973,688,A168_HF9F_20260827_0900,2026-08-27 09:00:00
2026-04-16,136423177,1947,0,223.4731094386,128.6024497712,128.6024497712,0.8000000,5,5,0.50128862000000000,0.501288620000,1.335882339249048,1.335882339249048,1.335882339249048,0E-17,ELIGIBLE,R03b_20260811_FULL_v1,L1_ELIGIBILITY,v2026-08-11,2026-03-21..2026-08-06,baccarat_bet02_101_all_pairs_incl_sentinel,round_win = game_pnl > 0 (decisive only),COMPATIBILITY_ONLY_NOT_PRODUCTION,13723.1237,12567.9013,168.1305,430,430,-0.01225162,,-0.01225162,-0.01225162,-168.1305,13723.1237,OK,0.0000,6.7252,4.0000,96.0000,AG03-UNRESOLVED,ALL5_LEVELS_bet23_to_bet27,6.7252,6.7252,6.7252,10.0878,10.0878,4.000000,4.000000,4.000000,6.000000,6.000000,96.000000,96.000000,96.000000,94.000000,94.000000,5.0,40.3513,36.694,127.7792,131.4365,PENDING_AG03,FALSE,NOT_FOR_ENFORCEMENT,161.4053,12065.1853,168.1305,161.4053,6.7252,0.01225162,0.01176156,6.7252,161.4053,0.01176156,6.7252,6.7252,6.7252,10.0878,10.0878,161.4053,0.01176156,40.3513,36.694,127.7792,131.4365,0.00931123,0.00957774,0.00049006,31.9142,29.2277,0.3910,14.0109,0.6159,1143.5936,35.8333,,31.9142,21.0824,25.2988,42.1647,57.9765,65.3553,105.4118,23.1906,0.0,2.583333,4.166666,1.26149,29,95,5,2,0E-8,0.01225162,,0E-8,0.000000,0.915819,0.000000,,2026-04-07,2026-05-04,12,273,145,28,0.428571,,,0.000000,,,,,,,,GLOBAL_BASELINE_NO_ENTITY_RANKING,,,NOT_APPLICABLE_GLOBAL_BASELINE,HF9g-P5,,,,X 全窗基线 · 不参与实体赏罚,6872974,688,A168_HF9F_20260827_0900,2026-08-27 09:00:00
2026-04-16,136423177,1966,0,78.0047646154,77.2668817068,77.2668817068,1.0000000,3,3,0.49771390000000000,0.497713900000,1.739988277604938,1.739988277604938,1.739988277604938,0E-17,ELIGIBLE,R03b_20260811_FULL_v1,L1_ELIGIBILITY,v2026-08-11,2026-03-21..2026-08-06,baccarat_bet02_101_all_pairs_incl_sentinel,round_win = game_pnl > 0 (decisive only),COMPATIBILITY_ONLY_NOT_PRODUCTION,13723.1237,12567.9013,168.1305,430,430,-0.01225162,,-0.01225162,-0.01225162,-168.1305,13723.1237,OK,0.0000,6.7252,4.0000,96.0000,AG03-UNRESOLVED,ALL5_LEVELS_bet23_to_bet27,6.7252,6.7252,6.7252,10.0878,10.0878,4.000000,4.000000,4.000000,6.000000,6.000000,96.000000,96.000000,96.000000,94.000000,94.000000,5.0,40.3513,36.694,127.7792,131.4365,PENDING_AG03,FALSE,NOT_FOR_ENFORCEMENT,161.4053,12065.1853,168.1305,161.4053,6.7252,0.01225162,0.01176156,6.7252,161.4053,0.01176156,6.7252,6.7252,6.7252,10.0878,10.0878,161.4053,0.01176156,40.3513,36.694,127.7792,131.4365,0.00931123,0.00957774,0.00049006,31.9142,29.2277,0.3910,14.0109,0.6159,1143.5936,35.8333,,31.9142,21.0824,25.2988,42.1647,57.9765,65.3553,105.4118,23.1906,0.0,2.583333,4.166666,1.26149,29,95,5,2,0E-8,0.01225162,,0E-8,0.000000,0.915819,0.000000,,2026-04-07,2026-05-04,12,273,145,28,0.428571,,,0.000000,,,,,,,,GLOBAL_BASELINE_NO_ENTITY_RANKING,,,NOT_APPLICABLE_GLOBAL_BASELINE,HF9g-P5,,,,X 全窗基线 · 不参与实体赏罚,6872975,688,A168_HF9F_20260827_0900,2026-08-27 09:00:00
2026-04-16,136423177,2065,0,54.8141589190,-38.3699112433,-38.3699112433,0.3333333,3,3,0.50665070000000000,0.506650700000,-0.6004420894325239,-0.6004420894325239,-0.6004420894325239,0E-17,ELIGIBLE,R03b_20260811_FULL_v1,L1_ELIGIBILITY,v2026-08-11,2026-03-21..2026-08-06,baccarat_bet02_101_all_pairs_incl_sentinel,round_win = game_pnl > 0 (decisive only),COMPATIBILITY_ONLY_NOT_PRODUCTION,13723.1237,12567.9013,168.1305,430,430,-0.01225162,,-0.01225162,-0.01225162,-168.1305,13723.1237,OK,0.0000,6.7252,4.0000,96.0000,AG03-UNRESOLVED,ALL5_LEVELS_bet23_to_bet27,6.7252,6.7252,6.7252,10.0878,10.0878,4.000000,4.000000,4.000000,6.000000,6.000000,96.000000,96.000000,96.000000,94.000000,94.000000,5.0,40.3513,36.694,127.7792,131.4365,PENDING_AG03,FALSE,NOT_FOR_ENFORCEMENT,161.4053,12065.1853,168.1305,161.4053,6.7252,0.01225162,0.01176156,6.7252,161.4053,0.01176156,6.7252,6.7252,6.7252,10.0878,10.0878,161.4053,0.01176156,40.3513,36.694,127.7792,131.4365,0.00931123,0.00957774,0.00049006,31.9142,29.2277,0.3910,14.0109,0.6159,1143.5936,35.8333,,31.9142,21.0824,25.2988,42.1647,57.9765,65.3553,105.4118,23.1906,0.0,2.583333,4.166666,1.26149,29,95,5,2,0E-8,0.01225162,,0E-8,0.000000,0.915819,0.000000,,2026-04-07,2026-05-04,12,273,145,28,0.428571,,,0.000000,,,,,,,,GLOBAL_BASELINE_NO_ENTITY_RANKING,,,NOT_APPLICABLE_GLOBAL_BASELINE,HF9g-P5,,,,X 全窗基线 · 不参与实体赏罚,6872976,688,A168_HF9F_20260827_0900,2026-08-27 09:00:00
2026-04-16,136423177,2105,0,90.6541859043,59.0306326819,59.0306326819,1.0000000,2,2,0.49994810000000000,0.499948100000,1.0001038053877793,1.0001038053877793,1.0001038053877793,0E-17,ELIGIBLE,R03b_20260811_FULL_v1,L1_ELIGIBILITY,v2026-08-11,2026-03-21..2026-08-06,baccarat_bet02_101_all_pairs_incl_sentinel,round_win = game_pnl > 0 (decisive only),COMPATIBILITY_ONLY_NOT_PRODUCTION,13723.1237,12567.9013,168.1305,430,430,-0.01225162,,-0.01225162,-0.01225162,-168.1305,13723.1237,OK,0.0000,6.7252,4.0000,96.0000,AG03-UNRESOLVED,ALL5_LEVELS_bet23_to_bet27,6.7252,6.7252,6.7252,10.0878,10.0878,4.000000,4.000000,4.000000,6.000000,6.000000,96.000000,96.000000,96.000000,94.000000,94.000000,5.0,40.3513,36.694,127.7792,131.4365,PENDING_AG03,FALSE,NOT_FOR_ENFORCEMENT,161.4053,12065.1853,168.1305,161.4053,6.7252,0.01225162,0.01176156,6.7252,161.4053,0.01176156,6.7252,6.7252,6.7252,10.0878,10.0878,161.4053,0.01176156,40.3513,36.694,127.7792,131.4365,0.00931123,0.00957774,0.00049006,31.9142,29.2277,0.3910,14.0109,0.6159,1143.5936,35.8333,,31.9142,21.0824,25.2988,42.1647,57.9765,65.3553,105.4118,23.1906,0.0,2.583333,4.166666,1.26149,29,95,5,2,0E-8,0.01225162,,0E-8,0.000000,0.915819,0.000000,,2026-04-07,2026-05-04,12,273,145,28,0.428571,,,0.000000,,,,,,,,GLOBAL_BASELINE_NO_ENTITY_RANKING,,,NOT_APPLICABLE_GLOBAL_BASELINE,HF9g-P5,,,,X 全窗基线 · 不参与实体赏罚,6872977,688,A168_HF9F_20260827_0900,2026-08-27 09:00:00
2026-04-16,136423177,2134,0,181.3083718087,50.0706259354,50.0706259354,0.5000000,5,5,0.50396966000000000,0.503969660000,-0.0158791404612453,-0.0158791404612453,-0.0158791404612453,0E-17,ELIGIBLE,R03b_20260811_FULL_v1,L1_ELIGIBILITY,v2026-08-11,2026-03-21..2026-08-06,baccarat_bet02_101_all_pairs_incl_sentinel,round_win = game_pnl > 0 (decisive only),COMPATIBILITY_ONLY_NOT_PRODUCTION,13723.1237,12567.9013,168.1305,430,430,-0.01225162,,-0.01225162,-0.01225162,-168.1305,13723.1237,OK,0.0000,6.7252,4.0000,96.0000,AG03-UNRESOLVED,ALL5_LEVELS_bet23_to_bet27,6.7252,6.7252,6.7252,10.0878,10.0878,4.000000,4.000000,4.000000,6.000000,6.000000,96.000000,96.000000,96.000000,94.000000,94.000000,5.0,40.3513,36.694,127.7792,131.4365,PENDING_AG03,FALSE,NOT_FOR_ENFORCEMENT,161.4053,12065.1853,168.1305,161.4053,6.7252,0.01225162,0.01176156,6.7252,161.4053,0.01176156,6.7252,6.7252,6.7252,10.0878,10.0878,161.4053,0.01176156,40.3513,36.694,127.7792,131.4365,0.00931123,0.00957774,0.00049006,31.9142,29.2277,0.3910,14.0109,0.6159,1143.5936,35.8333,,31.9142,21.0824,25.2988,42.1647,57.9765,65.3553,105.4118,23.1906,0.0,2.583333,4.166666,1.26149,29,95,5,2,0E-8,0.01225162,,0E-8,0.000000,0.915819,0.000000,,2026-04-07,2026-05-04,12,273,145,28,0.428571,,,0.000000,,,,,,,,GLOBAL_BASELINE_NO_ENTITY_RANKING,,,NOT_APPLICABLE_GLOBAL_BASELINE,HF9g-P5,,,,X 全窗基线 · 不参与实体赏罚,6872978,688,A168_HF9F_20260827_0900,2026-08-27 09:00:00
2026-04-16,136423177,2141,0,143.3601079417,-69.3609934012,-69.3609934012,0.2500000,4,4,0.50329940000000000,0.503299400000,-1.013219660140378,-1.013219660140378,-1.013219660140378,0E-17,ELIGIBLE,R03b_20260811_FULL_v1,L1_ELIGIBILITY,v2026-08-11,2026-03-21..2026-08-06,baccarat_bet02_101_all_pairs_incl_sentinel,round_win = game_pnl > 0 (decisive only),COMPATIBILITY_ONLY_NOT_PRODUCTION,13723.1237,12567.9013,168.1305,430,430,-0.01225162,,-0.01225162,-0.01225162,-168.1305,13723.1237,OK,0.0000,6.7252,4.0000,96.0000,AG03-UNRESOLVED,ALL5_LEVELS_bet23_to_bet27,6.7252,6.7252,6.7252,10.0878,10.0878,4.000000,4.000000,4.000000,6.000000,6.000000,96.000000,96.000000,96.000000,94.000000,94.000000,5.0,40.3513,36.694,127.7792,131.4365,PENDING_AG03,FALSE,NOT_FOR_ENFORCEMENT,161.4053,12065.1853,168.1305,161.4053,6.7252,0.01225162,0.01176156,6.7252,161.4053,0.01176156,6.7252,6.7252,6.7252,10.0878,10.0878,161.4053,0.01176156,40.3513,36.694,127.7792,131.4365,0.00931123,0.00957774,0.00049006,31.9142,29.2277,0.3910,14.0109,0.6159,1143.5936,35.8333,,31.9142,21.0824,25.2988,42.1647,57.9765,65.3553,105.4118,23.1906,0.0,2.583333,4.166666,1.26149,29,95,5,2,0E-8,0.01225162,,0E-8,0.000000,0.915819,0.000000,,2026-04-07,2026-05-04,12,273,145,28,0.428571,,,0.000000,,,,,,,,GLOBAL_BASELINE_NO_ENTITY_RANKING,,,NOT_APPLICABLE_GLOBAL_BASELINE,HF9g-P5,,,,X 全窗基线 · 不参与实体赏罚,6872979,688,A168_HF9F_20260827_0900,2026-08-27 09:00:00
2026-04-16,136423177,2152,0,16.8658950520,16.0226002994,16.0226002994,1.0000000,1,1,0.50665070000000000,0.506650700000,0.9867858985152569,0.9867858985152569,0.9867858985152569,0E-17,ELIGIBLE,R03b_20260811_FULL_v1,L1_ELIGIBILITY,v2026-08-11,2026-03-21..2026-08-06,baccarat_bet02_101_all_pairs_incl_sentinel,round_win = game_pnl > 0 (decisive only),COMPATIBILITY_ONLY_NOT_PRODUCTION,13723.1237,12567.9013,168.1305,430,430,-0.01225162,,-0.01225162,-0.01225162,-168.1305,13723.1237,OK,0.0000,6.7252,4.0000,96.0000,AG03-UNRESOLVED,ALL5_LEVELS_bet23_to_bet27,6.7252,6.7252,6.7252,10.0878,10.0878,4.000000,4.000000,4.000000,6.000000,6.000000,96.000000,96.000000,96.000000,94.000000,94.000000,5.0,40.3513,36.694,127.7792,131.4365,PENDING_AG03,FALSE,NOT_FOR_ENFORCEMENT,161.4053,12065.1853,168.1305,161.4053,6.7252,0.01225162,0.01176156,6.7252,161.4053,0.01176156,6.7252,6.7252,6.7252,10.0878,10.0878,161.4053,0.01176156,40.3513,36.694,127.7792,131.4365,0.00931123,0.00957774,0.00049006,31.9142,29.2277,0.3910,14.0109,0.6159,1143.5936,35.8333,,31.9142,21.0824,25.2988,42.1647,57.9765,65.3553,105.4118,23.1906,0.0,2.583333,4.166666,1.26149,29,95,5,2,0E-8,0.01225162,,0E-8,0.000000,0.915819,0.000000,,2026-04-07,2026-05-04,12,273,145,28,0.428571,,,0.000000,,,,,,,,GLOBAL_BASELINE_NO_ENTITY_RANKING,,,NOT_APPLICABLE_GLOBAL_BASELINE,HF9g-P5,,,,X 全窗基线 · 不参与实体赏罚,6872980,688,A168_HF9F_20260827_0900,2026-08-27 09:00:00
2026-04-16,136423177,2167,0,94.8706596674,50.0706259355,50.0706259355,0.6666667,3,3,0.50218230000000000,0.502182300000,0.5697959874915163,0.5697959874915164,0.5697959874915163,0E-17,ELIGIBLE,R03b_20260811_FULL_v1,L1_ELIGIBILITY,v2026-08-11,2026-03-21..2026-08-06,baccarat_bet02_101_all_pairs_incl_sentinel,round_win = game_pnl > 0 (decisive only),COMPATIBILITY_ONLY_NOT_PRODUCTION,13723.1237,12567.9013,168.1305,430,430,-0.01225162,,-0.01225162,-0.01225162,-168.1305,13723.1237,OK,0.0000,6.7252,4.0000,96.0000,AG03-UNRESOLVED,ALL5_LEVELS_bet23_to_bet27,6.7252,6.7252,6.7252,10.0878,10.0878,4.000000,4.000000,4.000000,6.000000,6.000000,96.000000,96.000000,96.000000,94.000000,94.000000,5.0,40.3513,36.694,127.7792,131.4365,PENDING_AG03,FALSE,NOT_FOR_ENFORCEMENT,161.4053,12065.1853,168.1305,161.4053,6.7252,0.01225162,0.01176156,6.7252,161.4053,0.01176156,6.7252,6.7252,6.7252,10.0878,10.0878,161.4053,0.01176156,40.3513,36.694,127.7792,131.4365,0.00931123,0.00957774,0.00049006,31.9142,29.2277,0.3910,14.0109,0.6159,1143.5936,35.8333,,31.9142,21.0824,25.2988,42.1647,57.9765,65.3553,105.4118,23.1906,0.0,2.583333,4.166666,1.26149,29,95,5,2,0E-8,0.01225162,,0E-8,0.000000,0.915819,0.000000,,2026-04-07,2026-05-04,12,273,145,28,0.428571,,,0.000000,,,,,,,,GLOBAL_BASELINE_NO_ENTITY_RANKING,,,NOT_APPLICABLE_GLOBAL_BASELINE,HF9g-P5,,,,X 全窗基线 · 不参与实体赏罚,6872981,688,A168_HF9F_20260827_0900,2026-08-27 09:00:00
2026-04-16,136423177,2169,0,46.3812113930,2.9515316341,2.9515316341,0.5000000,2,2,0.49994810000000000,0.499948100000,0.00014679536856514622,0.00014679536856514622,0.00014679536856514622,0E-17,ELIGIBLE,R03b_20260811_FULL_v1,L1_ELIGIBILITY,v2026-08-11,2026-03-21..2026-08-06,baccarat_bet02_101_all_pairs_incl_sentinel,round_win = game_pnl > 0 (decisive only),COMPATIBILITY_ONLY_NOT_PRODUCTION,13723.1237,12567.9013,168.1305,430,430,-0.01225162,,-0.01225162,-0.01225162,-168.1305,13723.1237,OK,0.0000,6.7252,4.0000,96.0000,AG03-UNRESOLVED,ALL5_LEVELS_bet23_to_bet27,6.7252,6.7252,6.7252,10.0878,10.0878,4.000000,4.000000,4.000000,6.000000,6.000000,96.000000,96.000000,96.000000,94.000000,94.000000,5.0,40.3513,36.694,127.7792,131.4365,PENDING_AG03,FALSE,NOT_FOR_ENFORCEMENT,161.4053,12065.1853,168.1305,161.4053,6.7252,0.01225162,0.01176156,6.7252,161.4053,0.01176156,6.7252,6.7252,6.7252,10.0878,10.0878,161.4053,0.01176156,40.3513,36.694,127.7792,131.4365,0.00931123,0.00957774,0.00049006,31.9142,29.2277,0.3910,14.0109,0.6159,1143.5936,35.8333,,31.9142,21.0824,25.2988,42.1647,57.9765,65.3553,105.4118,23.1906,0.0,2.583333,4.166666,1.26149,29,95,5,2,0E-8,0.01225162,,0E-8,0.000000,0.915819,0.000000,,2026-04-07,2026-05-04,12,273,145,28,0.428571,,,0.000000,,,,,,,,GLOBAL_BASELINE_NO_ENTITY_RANKING,,,NOT_APPLICABLE_GLOBAL_BASELINE,HF9g-P5,,,,X 全窗基线 · 不参与实体赏罚,6872982,688,A168_HF9F_20260827_0900,2026-08-27 09:00:00
2026-04-16,136423177,2171,0,166.5507136382,161.1747095904,161.1747095904,1.0000000,4,4,0.49994810000000000,0.499948100000,2.0002076107755586,2.0002076107755586,2.0002076107755586,0E-17,ELIGIBLE,R03b_20260811_FULL_v1,L1_ELIGIBILITY,v2026-08-11,2026-03-21..2026-08-06,baccarat_bet02_101_all_pairs_incl_sentinel,round_win = game_pnl > 0 (decisive only),COMPATIBILITY_ONLY_NOT_PRODUCTION,13723.1237,12567.9013,168.1305,430,430,-0.01225162,,-0.01225162,-0.01225162,-168.1305,13723.1237,OK,0.0000,6.7252,4.0000,96.0000,AG03-UNRESOLVED,ALL5_LEVELS_bet23_to_bet27,6.7252,6.7252,6.7252,10.0878,10.0878,4.000000,4.000000,4.000000,6.000000,6.000000,96.000000,96.000000,96.000000,94.000000,94.000000,5.0,40.3513,36.694,127.7792,131.4365,PENDING_AG03,FALSE,NOT_FOR_ENFORCEMENT,161.4053,12065.1853,168.1305,161.4053,6.7252,0.01225162,0.01176156,6.7252,161.4053,0.01176156,6.7252,6.7252,6.7252,10.0878,10.0878,161.4053,0.01176156,40.3513,36.694,127.7792,131.4365,0.00931123,0.00957774,0.00049006,31.9142,29.2277,0.3910,14.0109,0.6159,1143.5936,35.8333,,31.9142,21.0824,25.2988,42.1647,57.9765,65.3553,105.4118,23.1906,0.0,2.583333,4.166666,1.26149,29,95,5,2,0E-8,0.01225162,,0E-8,0.000000,0.915819,0.000000,,2026-04-07,2026-05-04,12,273,145,28,0.428571,,,0.000000,,,,,,,,GLOBAL_BASELINE_NO_ENTITY_RANKING,,,NOT_APPLICABLE_GLOBAL_BASELINE,HF9g-P5,,,,X 全窗基线 · 不参与实体赏罚,6872983,688,A168_HF9F_20260827_0900,2026-08-27 09:00:00
2026-04-16,136423177,2175,0,43.2188560707,-43.2188560707,-43.2188560707,0E-7,2,2,0.49994810000000000,0.499948100000,-1.4140667746232096,-1.4140667746232096,-1.4140667746232096,0E-17,ELIGIBLE,R03b_20260811_FULL_v1,L1_ELIGIBILITY,v2026-08-11,2026-03-21..2026-08-06,baccarat_bet02_101_all_pairs_incl_sentinel,round_win = game_pnl > 0 (decisive only),COMPATIBILITY_ONLY_NOT_PRODUCTION,13723.1237,12567.9013,168.1305,430,430,-0.01225162,,-0.01225162,-0.01225162,-168.1305,13723.1237,OK,0.0000,6.7252,4.0000,96.0000,AG03-UNRESOLVED,ALL5_LEVELS_bet23_to_bet27,6.7252,6.7252,6.7252,10.0878,10.0878,4.000000,4.000000,4.000000,6.000000,6.000000,96.000000,96.000000,96.000000,94.000000,94.000000,5.0,40.3513,36.694,127.7792,131.4365,PENDING_AG03,FALSE,NOT_FOR_ENFORCEMENT,161.4053,12065.1853,168.1305,161.4053,6.7252,0.01225162,0.01176156,6.7252,161.4053,0.01176156,6.7252,6.7252,6.7252,10.0878,10.0878,161.4053,0.01176156,40.3513,36.694,127.7792,131.4365,0.00931123,0.00957774,0.00049006,31.9142,29.2277,0.3910,14.0109,0.6159,1143.5936,35.8333,,31.9142,21.0824,25.2988,42.1647,57.9765,65.3553,105.4118,23.1906,0.0,2.583333,4.166666,1.26149,29,95,5,2,0E-8,0.01225162,,0E-8,0.000000,0.915819,0.000000,,2026-04-07,2026-05-04,12,273,145,28,0.428571,,,0.000000,,,,,,,,GLOBAL_BASELINE_NO_ENTITY_RANKING,,,NOT_APPLICABLE_GLOBAL_BASELINE,HF9g-P5,,,,X 全窗基线 · 不参与实体赏罚,6872984,688,A168_HF9F_20260827_0900,2026-08-27 09:00:00
2026-04-16,136423177,2177,0,127.5483313305,78.2682942255,78.2682942255,0.7500000,4,4,0.50329940000000000,0.503299400000,0.9868238854431842,0.9868238854431842,0.9868238854431842,0E-17,ELIGIBLE,R03b_20260811_FULL_v1,L1_ELIGIBILITY,v2026-08-11,2026-03-21..2026-08-06,baccarat_bet02_101_all_pairs_incl_sentinel,round_win = game_pnl > 0 (decisive only),COMPATIBILITY_ONLY_NOT_PRODUCTION,13723.1237,12567.9013,168.1305,430,430,-0.01225162,,-0.01225162,-0.01225162,-168.1305,13723.1237,OK,0.0000,6.7252,4.0000,96.0000,AG03-UNRESOLVED,ALL5_LEVELS_bet23_to_bet27,6.7252,6.7252,6.7252,10.0878,10.0878,4.000000,4.000000,4.000000,6.000000,6.000000,96.000000,96.000000,96.000000,94.000000,94.000000,5.0,40.3513,36.694,127.7792,131.4365,PENDING_AG03,FALSE,NOT_FOR_ENFORCEMENT,161.4053,12065.1853,168.1305,161.4053,6.7252,0.01225162,0.01176156,6.7252,161.4053,0.01176156,6.7252,6.7252,6.7252,10.0878,10.0878,161.4053,0.01176156,40.3513,36.694,127.7792,131.4365,0.00931123,0.00957774,0.00049006,31.9142,29.2277,0.3910,14.0109,0.6159,1143.5936,35.8333,,31.9142,21.0824,25.2988,42.1647,57.9765,65.3553,105.4118,23.1906,0.0,2.583333,4.166666,1.26149,29,95,5,2,0E-8,0.01225162,,0E-8,0.000000,0.915819,0.000000,,2026-04-07,2026-05-04,12,273,145,28,0.428571,,,0.000000,,,,,,,,GLOBAL_BASELINE_NO_ENTITY_RANKING,,,NOT_APPLICABLE_GLOBAL_BASELINE,HF9g-P5,,,,X 全窗基线 · 不参与实体赏罚,6872985,688,A168_HF9F_20260827_0900,2026-08-27 09:00:00
2026-04-16,136423177,2205,0,18.9741319335,-18.9741319335,-18.9741319335,0E-7,1,1,0.49324550000000000,0.493245500000,-0.9865810262130424,-0.9865810262130424,-0.9865810262130424,0E-17,ELIGIBLE,R03b_20260811_FULL_v1,L1_ELIGIBILITY,v2026-08-11,2026-03-21..2026-08-06,baccarat_bet02_101_all_pairs_incl_sentinel,round_win = game_pnl > 0 (decisive only),COMPATIBILITY_ONLY_NOT_PRODUCTION,13723.1237,12567.9013,168.1305,430,430,-0.01225162,,-0.01225162,-0.01225162,-168.1305,13723.1237,OK,0.0000,6.7252,4.0000,96.0000,AG03-UNRESOLVED,ALL5_LEVELS_bet23_to_bet27,6.7252,6.7252,6.7252,10.0878,10.0878,4.000000,4.000000,4.000000,6.000000,6.000000,96.000000,96.000000,96.000000,94.000000,94.000000,5.0,40.3513,36.694,127.7792,131.4365,PENDING_AG03,FALSE,NOT_FOR_ENFORCEMENT,161.4053,12065.1853,168.1305,161.4053,6.7252,0.01225162,0.01176156,6.7252,161.4053,0.01176156,6.7252,6.7252,6.7252,10.0878,10.0878,161.4053,0.01176156,40.3513,36.694,127.7792,131.4365,0.00931123,0.00957774,0.00049006,31.9142,29.2277,0.3910,14.0109,0.6159,1143.5936,35.8333,,31.9142,21.0824,25.2988,42.1647,57.9765,65.3553,105.4118,23.1906,0.0,2.583333,4.166666,1.26149,29,95,5,2,0E-8,0.01225162,,0E-8,0.000000,0.915819,0.000000,,2026-04-07,2026-05-04,12,273,145,28,0.428571,,,0.000000,,,,,,,,GLOBAL_BASELINE_NO_ENTITY_RANKING,,,NOT_APPLICABLE_GLOBAL_BASELINE,HF9g-P5,,,,X 全窗基线 · 不参与实体赏罚,6872986,688,A168_HF9F_20260827_0900,2026-08-27 09:00:00
2026-04-16,136423177,2216,0,11.5953028482,11.0155377058,11.0155377058,1.0000000,1,1,0.50665070000000000,0.506650700000,0.9867858985152569,0.9867858985152569,0.9867858985152569,0E-17,ELIGIBLE,R03b_20260811_FULL_v1,L1_ELIGIBILITY,v2026-08-11,2026-03-21..2026-08-06,baccarat_bet02_101_all_pairs_incl_sentinel,round_win = game_pnl > 0 (decisive only),COMPATIBILITY_ONLY_NOT_PRODUCTION,13723.1237,12567.9013,168.1305,430,430,-0.01225162,,-0.01225162,-0.01225162,-168.1305,13723.1237,OK,0.0000,6.7252,4.0000,96.0000,AG03-UNRESOLVED,ALL5_LEVELS_bet23_to_bet27,6.7252,6.7252,6.7252,10.0878,10.0878,4.000000,4.000000,4.000000,6.000000,6.000000,96.000000,96.000000,96.000000,94.000000,94.000000,5.0,40.3513,36.694,127.7792,131.4365,PENDING_AG03,FALSE,NOT_FOR_ENFORCEMENT,161.4053,12065.1853,168.1305,161.4053,6.7252,0.01225162,0.01176156,6.7252,161.4053,0.01176156,6.7252,6.7252,6.7252,10.0878,10.0878,161.4053,0.01176156,40.3513,36.694,127.7792,131.4365,0.00931123,0.00957774,0.00049006,31.9142,29.2277,0.3910,14.0109,0.6159,1143.5936,35.8333,,31.9142,21.0824,25.2988,42.1647,57.9765,65.3553,105.4118,23.1906,0.0,2.583333,4.166666,1.26149,29,95,5,2,0E-8,0.01225162,,0E-8,0.000000,0.915819,0.000000,,2026-04-07,2026-05-04,12,273,145,28,0.428571,,,0.000000,,,,,,,,GLOBAL_BASELINE_NO_ENTITY_RANKING,,,NOT_APPLICABLE_GLOBAL_BASELINE,HF9g-P5,,,,X 全窗基线 · 不参与实体赏罚,6872987,688,A168_HF9F_20260827_0900,2026-08-27 09:00:00
2026-04-16,136423177,2218,0,42.1647376299,0E-10,0E-10,,1,1,0.50665070000000000,0.506650700000,,,,0E-17,NO_DECISIVE_ROUND,R03b_20260811_FULL_v1,L1_ELIGIBILITY,v2026-08-11,2026-03-21..2026-08-06,baccarat_bet02_101_all_pairs_incl_sentinel,round_win = game_pnl > 0 (decisive only),COMPATIBILITY_ONLY_NOT_PRODUCTION,13723.1237,12567.9013,168.1305,430,430,-0.01225162,,-0.01225162,-0.01225162,-168.1305,13723.1237,OK,0.0000,6.7252,4.0000,96.0000,AG03-UNRESOLVED,ALL5_LEVELS_bet23_to_bet27,6.7252,6.7252,6.7252,10.0878,10.0878,4.000000,4.000000,4.000000,6.000000,6.000000,96.000000,96.000000,96.000000,94.000000,94.000000,5.0,40.3513,36.694,127.7792,131.4365,PENDING_AG03,FALSE,NOT_FOR_ENFORCEMENT,161.4053,12065.1853,168.1305,161.4053,6.7252,0.01225162,0.01176156,6.7252,161.4053,0.01176156,6.7252,6.7252,6.7252,10.0878,10.0878,161.4053,0.01176156,40.3513,36.694,127.7792,131.4365,0.00931123,0.00957774,0.00049006,31.9142,29.2277,0.3910,14.0109,0.6159,1143.5936,35.8333,,31.9142,21.0824,25.2988,42.1647,57.9765,65.3553,105.4118,23.1906,0.0,2.583333,4.166666,1.26149,29,95,5,2,0E-8,0.01225162,,0E-8,0.000000,0.915819,0.000000,,2026-04-07,2026-05-04,12,273,145,28,0.428571,,,0.000000,,,,,,,,GLOBAL_BASELINE_NO_ENTITY_RANKING,,,NOT_APPLICABLE_GLOBAL_BASELINE,HF9g-P5,,,,X 全窗基线 · 不参与实体赏罚,6872988,688,A168_HF9F_20260827_0900,2026-08-27 09:00:00
2026-04-16,136423177,2222,0,80.1130014969,-37.9482638669,-37.9482638669,0.3333333,3,3,0.49771390000000000,0.497713900000,-0.5694369385616226,-0.5694369385616226,-0.5694369385616226,0E-17,ELIGIBLE,R03b_20260811_FULL_v1,L1_ELIGIBILITY,v2026-08-11,2026-03-21..2026-08-06,baccarat_bet02_101_all_pairs_incl_sentinel,round_win = game_pnl > 0 (decisive only),COMPATIBILITY_ONLY_NOT_PRODUCTION,13723.1237,12567.9013,168.1305,430,430,-0.01225162,,-0.01225162,-0.01225162,-168.1305,13723.1237,OK,0.0000,6.7252,4.0000,96.0000,AG03-UNRESOLVED,ALL5_LEVELS_bet23_to_bet27,6.7252,6.7252,6.7252,10.0878,10.0878,4.000000,4.000000,4.000000,6.000000,6.000000,96.000000,96.000000,96.000000,94.000000,94.000000,5.0,40.3513,36.694,127.7792,131.4365,PENDING_AG03,FALSE,NOT_FOR_ENFORCEMENT,161.4053,12065.1853,168.1305,161.4053,6.7252,0.01225162,0.01176156,6.7252,161.4053,0.01176156,6.7252,6.7252,6.7252,10.0878,10.0878,161.4053,0.01176156,40.3513,36.694,127.7792,131.4365,0.00931123,0.00957774,0.00049006,31.9142,29.2277,0.3910,14.0109,0.6159,1143.5936,35.8333,,31.9142,21.0824,25.2988,42.1647,57.9765,65.3553,105.4118,23.1906,0.0,2.583333,4.166666,1.26149,29,95,5,2,0E-8,0.01225162,,0E-8,0.000000,0.915819,0.000000,,2026-04-07,2026-05-04,12,273,145,28,0.428571,,,0.000000,,,,,,,,GLOBAL_BASELINE_NO_ENTITY_RANKING,,,NOT_APPLICABLE_GLOBAL_BASELINE,HF9g-P5,,,,X 全窗基线 · 不参与实体赏罚,6872989,688,A168_HF9F_20260827_0900,2026-08-27 09:00:00
2026-04-16,136423177,2233,0,181.3083718086,28.3557860561,28.3557860561,0.5000000,4,4,0.50329940000000000,0.503299400000,-0.01319788734859681,-0.01319788734859681,-0.01319788734859681,0E-17,ELIGIBLE,R03b_20260811_FULL_v1,L1_ELIGIBILITY,v2026-08-11,2026-03-21..2026-08-06,baccarat_bet02_101_all_pairs_incl_sentinel,round_win = game_pnl > 0 (decisive only),COMPATIBILITY_ONLY_NOT_PRODUCTION,13723.1237,12567.9013,168.1305,430,430,-0.01225162,,-0.01225162,-0.01225162,-168.1305,13723.1237,OK,0.0000,6.7252,4.0000,96.0000,AG03-UNRESOLVED,ALL5_LEVELS_bet23_to_bet27,6.7252,6.7252,6.7252,10.0878,10.0878,4.000000,4.000000,4.000000,6.000000,6.000000,96.000000,96.000000,96.000000,94.000000,94.000000,5.0,40.3513,36.694,127.7792,131.4365,PENDING_AG03,FALSE,NOT_FOR_ENFORCEMENT,161.4053,12065.1853,168.1305,161.4053,6.7252,0.01225162,0.01176156,6.7252,161.4053,0.01176156,6.7252,6.7252,6.7252,10.0878,10.0878,161.4053,0.01176156,40.3513,36.694,127.7792,131.4365,0.00931123,0.00957774,0.00049006,31.9142,29.2277,0.3910,14.0109,0.6159,1143.5936,35.8333,,31.9142,21.0824,25.2988,42.1647,57.9765,65.3553,105.4118,23.1906,0.0,2.583333,4.166666,1.26149,29,95,5,2,0E-8,0.01225162,,0E-8,0.000000,0.915819,0.000000,,2026-04-07,2026-05-04,12,273,145,28,0.428571,,,0.000000,,,,,,,,GLOBAL_BASELINE_NO_ENTITY_RANKING,,,NOT_APPLICABLE_GLOBAL_BASELINE,HF9g-P5,,,,X 全窗基线 · 不参与实体赏罚,6872990,688,A168_HF9F_20260827_0900,2026-08-27 09:00:00
2026-04-16,136423177,2248,0,21.0823688150,0E-10,0E-10,,1,1,0.49324550000000000,0.493245500000,,,,0E-17,NO_DECISIVE_ROUND,R03b_20260811_FULL_v1,L1_ELIGIBILITY,v2026-08-11,2026-03-21..2026-08-06,baccarat_bet02_101_all_pairs_incl_sentinel,round_win = game_pnl > 0 (decisive only),COMPATIBILITY_ONLY_NOT_PRODUCTION,13723.1237,12567.9013,168.1305,430,430,-0.01225162,,-0.01225162,-0.01225162,-168.1305,13723.1237,OK,0.0000,6.7252,4.0000,96.0000,AG03-UNRESOLVED,ALL5_LEVELS_bet23_to_bet27,6.7252,6.7252,6.7252,10.0878,10.0878,4.000000,4.000000,4.000000,6.000000,6.000000,96.000000,96.000000,96.000000,94.000000,94.000000,5.0,40.3513,36.694,127.7792,131.4365,PENDING_AG03,FALSE,NOT_FOR_ENFORCEMENT,161.4053,12065.1853,168.1305,161.4053,6.7252,0.01225162,0.01176156,6.7252,161.4053,0.01176156,6.7252,6.7252,6.7252,10.0878,10.0878,161.4053,0.01176156,40.3513,36.694,127.7792,131.4365,0.00931123,0.00957774,0.00049006,31.9142,29.2277,0.3910,14.0109,0.6159,1143.5936,35.8333,,31.9142,21.0824,25.2988,42.1647,57.9765,65.3553,105.4118,23.1906,0.0,2.583333,4.166666,1.26149,29,95,5,2,0E-8,0.01225162,,0E-8,0.000000,0.915819,0.000000,,2026-04-07,2026-05-04,12,273,145,28,0.428571,,,0.000000,,,,,,,,GLOBAL_BASELINE_NO_ENTITY_RANKING,,,NOT_APPLICABLE_GLOBAL_BASELINE,HF9g-P5,,,,X 全窗基线 · 不参与实体赏罚,6872991,688,A168_HF9F_20260827_0900,2026-08-27 09:00:00
2026-04-16,136423177,2251,0,134.9271604158,-3.3731790105,-3.3731790105,0.6000000,5,5,0.50396966000000000,0.503969660000,0.4294742719815242,0.4294742719815242,0.4294742719815242,0E-17,ELIGIBLE,R03b_20260811_FULL_v1,L1_ELIGIBILITY,v2026-08-11,2026-03-21..2026-08-06,baccarat_bet02_101_all_pairs_incl_sentinel,round_win = game_pnl > 0 (decisive only),COMPATIBILITY_ONLY_NOT_PRODUCTION,13723.1237,12567.9013,168.1305,430,430,-0.01225162,,-0.01225162,-0.01225162,-168.1305,13723.1237,OK,0.0000,6.7252,4.0000,96.0000,AG03-UNRESOLVED,ALL5_LEVELS_bet23_to_bet27,6.7252,6.7252,6.7252,10.0878,10.0878,4.000000,4.000000,4.000000,6.000000,6.000000,96.000000,96.000000,96.000000,94.000000,94.000000,5.0,40.3513,36.694,127.7792,131.4365,PENDING_AG03,FALSE,NOT_FOR_ENFORCEMENT,161.4053,12065.1853,168.1305,161.4053,6.7252,0.01225162,0.01176156,6.7252,161.4053,0.01176156,6.7252,6.7252,6.7252,10.0878,10.0878,161.4053,0.01176156,40.3513,36.694,127.7792,131.4365,0.00931123,0.00957774,0.00049006,31.9142,29.2277,0.3910,14.0109,0.6159,1143.5936,35.8333,,31.9142,21.0824,25.2988,42.1647,57.9765,65.3553,105.4118,23.1906,0.0,2.583333,4.166666,1.26149,29,95,5,2,0E-8,0.01225162,,0E-8,0.000000,0.915819,0.000000,,2026-04-07,2026-05-04,12,273,145,28,0.428571,,,0.000000,,,,,,,,GLOBAL_BASELINE_NO_ENTITY_RANKING,,,NOT_APPLICABLE_GLOBAL_BASELINE,HF9g-P5,,,,X 全窗基线 · 不参与实体赏罚,6872992,688,A168_HF9F_20260827_0900,2026-08-27 09:00:00
2026-04-16,136423177,2254,0,10.5411844075,10.5411844075,10.5411844075,1.0000000,1,1,0.49324550000000000,0.493245500000,1.01360149184955,1.01360149184955,1.01360149184955,0E-17,ELIGIBLE,R03b_20260811_FULL_v1,L1_ELIGIBILITY,v2026-08-11,2026-03-21..2026-08-06,baccarat_bet02_101_all_pairs_incl_sentinel,round_win = game_pnl > 0 (decisive only),COMPATIBILITY_ONLY_NOT_PRODUCTION,13723.1237,12567.9013,168.1305,430,430,-0.01225162,,-0.01225162,-0.01225162,-168.1305,13723.1237,OK,0.0000,6.7252,4.0000,96.0000,AG03-UNRESOLVED,ALL5_LEVELS_bet23_to_bet27,6.7252,6.7252,6.7252,10.0878,10.0878,4.000000,4.000000,4.000000,6.000000,6.000000,96.000000,96.000000,96.000000,94.000000,94.000000,5.0,40.3513,36.694,127.7792,131.4365,PENDING_AG03,FALSE,NOT_FOR_ENFORCEMENT,161.4053,12065.1853,168.1305,161.4053,6.7252,0.01225162,0.01176156,6.7252,161.4053,0.01176156,6.7252,6.7252,6.7252,10.0878,10.0878,161.4053,0.01176156,40.3513,36.694,127.7792,131.4365,0.00931123,0.00957774,0.00049006,31.9142,29.2277,0.3910,14.0109,0.6159,1143.5936,35.8333,,31.9142,21.0824,25.2988,42.1647,57.9765,65.3553,105.4118,23.1906,0.0,2.583333,4.166666,1.26149,29,95,5,2,0E-8,0.01225162,,0E-8,0.000000,0.915819,0.000000,,2026-04-07,2026-05-04,12,273,145,28,0.428571,,,0.000000,,,,,,,,GLOBAL_BASELINE_NO_ENTITY_RANKING,,,NOT_APPLICABLE_GLOBAL_BASELINE,HF9g-P5,,,,X 全窗基线 · 不参与实体赏罚,6872993,688,A168_HF9F_20260827_0900,2026-08-27 09:00:00
2026-04-16,136423177,471,0,52.7059220374,-52.7059220374,-52.7059220374,0E-7,2,2,0.49994810000000000,0.499948100000,-1.4140667746232096,-1.4140667746232096,-1.4140667746232096,0E-17,ELIGIBLE,R03b_20260811_FULL_v1,L1_ELIGIBILITY,v2026-08-11,2026-03-21..2026-08-06,baccarat_bet02_101_all_pairs_incl_sentinel,round_win = game_pnl > 0 (decisive only),COMPATIBILITY_ONLY_NOT_PRODUCTION,13723.1237,12567.9013,168.1305,430,430,-0.01225162,,-0.01225162,-0.01225162,-168.1305,13723.1237,OK,0.0000,6.7252,4.0000,96.0000,AG03-UNRESOLVED,ALL5_LEVELS_bet23_to_bet27,6.7252,6.7252,6.7252,10.0878,10.0878,4.000000,4.000000,4.000000,6.000000,6.000000,96.000000,96.000000,96.000000,94.000000,94.000000,5.0,40.3513,36.694,127.7792,131.4365,PENDING_AG03,FALSE,NOT_FOR_ENFORCEMENT,161.4053,12065.1853,168.1305,161.4053,6.7252,0.01225162,0.01176156,6.7252,161.4053,0.01176156,6.7252,6.7252,6.7252,10.0878,10.0878,161.4053,0.01176156,40.3513,36.694,127.7792,131.4365,0.00931123,0.00957774,0.00049006,31.9142,29.2277,0.3910,14.0109,0.6159,1143.5936,35.8333,,31.9142,21.0824,25.2988,42.1647,57.9765,65.3553,105.4118,23.1906,0.0,2.583333,4.166666,1.26149,29,95,5,2,0E-8,0.01225162,,0E-8,0.000000,0.915819,0.000000,,2026-04-07,2026-05-04,12,273,145,28,0.428571,,,0.000000,,,,,,,,GLOBAL_BASELINE_NO_ENTITY_RANKING,,,NOT_APPLICABLE_GLOBAL_BASELINE,HF9g-P5,,,,X 全窗基线 · 不参与实体赏罚,6872994,688,A168_HF9F_20260827_0900,2026-08-27 09:00:00
2026-04-16,136423177,529,0,99.0871334304,72.6287605675,72.6287605675,1.0000000,3,3,0.50218230000000000,0.502182300000,1.4080544974538591,1.4080544974538591,1.4080544974538591,0E-17,ELIGIBLE,R03b_20260811_FULL_v1,L1_ELIGIBILITY,v2026-08-11,2026-03-21..2026-08-06,baccarat_bet02_101_all_pairs_incl_sentinel,round_win = game_pnl > 0 (decisive only),COMPATIBILITY_ONLY_NOT_PRODUCTION,13723.1237,12567.9013,168.1305,430,430,-0.01225162,,-0.01225162,-0.01225162,-168.1305,13723.1237,OK,0.0000,6.7252,4.0000,96.0000,AG03-UNRESOLVED,ALL5_LEVELS_bet23_to_bet27,6.7252,6.7252,6.7252,10.0878,10.0878,4.000000,4.000000,4.000000,6.000000,6.000000,96.000000,96.000000,96.000000,94.000000,94.000000,5.0,40.3513,36.694,127.7792,131.4365,PENDING_AG03,FALSE,NOT_FOR_ENFORCEMENT,161.4053,12065.1853,168.1305,161.4053,6.7252,0.01225162,0.01176156,6.7252,161.4053,0.01176156,6.7252,6.7252,6.7252,10.0878,10.0878,161.4053,0.01176156,40.3513,36.694,127.7792,131.4365,0.00931123,0.00957774,0.00049006,31.9142,29.2277,0.3910,14.0109,0.6159,1143.5936,35.8333,,31.9142,21.0824,25.2988,42.1647,57.9765,65.3553,105.4118,23.1906,0.0,2.583333,4.166666,1.26149,29,95,5,2,0E-8,0.01225162,,0E-8,0.000000,0.915819,0.000000,,2026-04-07,2026-05-04,12,273,145,28,0.428571,,,0.000000,,,,,,,,GLOBAL_BASELINE_NO_ENTITY_RANKING,,,NOT_APPLICABLE_GLOBAL_BASELINE,HF9g-P5,,,,X 全窗基线 · 不参与实体赏罚,6872995,688,A168_HF9F_20260827_0900,2026-08-27 09:00:00
2026-04-16,136423177,550,0,73.7882908524,-52.7059220374,-52.7059220374,0E-7,3,3,0.50665070000000000,0.506650700000,-1.4331513700195317,-1.4331513700195317,-1.4331513700195317,0E-17,ELIGIBLE,R03b_20260811_FULL_v1,L1_ELIGIBILITY,v2026-08-11,2026-03-21..2026-08-06,baccarat_bet02_101_all_pairs_incl_sentinel,round_win = game_pnl > 0 (decisive only),COMPATIBILITY_ONLY_NOT_PRODUCTION,13723.1237,12567.9013,168.1305,430,430,-0.01225162,,-0.01225162,-0.01225162,-168.1305,13723.1237,OK,0.0000,6.7252,4.0000,96.0000,AG03-UNRESOLVED,ALL5_LEVELS_bet23_to_bet27,6.7252,6.7252,6.7252,10.0878,10.0878,4.000000,4.000000,4.000000,6.000000,6.000000,96.000000,96.000000,96.000000,94.000000,94.000000,5.0,40.3513,36.694,127.7792,131.4365,PENDING_AG03,FALSE,NOT_FOR_ENFORCEMENT,161.4053,12065.1853,168.1305,161.4053,6.7252,0.01225162,0.01176156,6.7252,161.4053,0.01176156,6.7252,6.7252,6.7252,10.0878,10.0878,161.4053,0.01176156,40.3513,36.694,127.7792,131.4365,0.00931123,0.00957774,0.00049006,31.9142,29.2277,0.3910,14.0109,0.6159,1143.5936,35.8333,,31.9142,21.0824,25.2988,42.1647,57.9765,65.3553,105.4118,23.1906,0.0,2.583333,4.166666,1.26149,29,95,5,2,0E-8,0.01225162,,0E-8,0.000000,0.915819,0.000000,,2026-04-07,2026-05-04,12,273,145,28,0.428571,,,0.000000,,,,,,,,GLOBAL_BASELINE_NO_ENTITY_RANKING,,,NOT_APPLICABLE_GLOBAL_BASELINE,HF9g-P5,,,,X 全窗基线 · 不参与实体赏罚,6872996,688,A168_HF9F_20260827_0900,2026-08-27 09:00:00
2026-04-16,136423177,763,0,42.1647376300,0E-10,0E-10,0.5000000,2,2,0.49994810000000000,0.499948100000,0.00014679536856514622,0.00014679536856514622,0.00014679536856514622,0E-17,ELIGIBLE,R03b_20260811_FULL_v1,L1_ELIGIBILITY,v2026-08-11,2026-03-21..2026-08-06,baccarat_bet02_101_all_pairs_incl_sentinel,round_win = game_pnl > 0 (decisive only),COMPATIBILITY_ONLY_NOT_PRODUCTION,13723.1237,12567.9013,168.1305,430,430,-0.01225162,,-0.01225162,-0.01225162,-168.1305,13723.1237,OK,0.0000,6.7252,4.0000,96.0000,AG03-UNRESOLVED,ALL5_LEVELS_bet23_to_bet27,6.7252,6.7252,6.7252,10.0878,10.0878,4.000000,4.000000,4.000000,6.000000,6.000000,96.000000,96.000000,96.000000,94.000000,94.000000,5.0,40.3513,36.694,127.7792,131.4365,PENDING_AG03,FALSE,NOT_FOR_ENFORCEMENT,161.4053,12065.1853,168.1305,161.4053,6.7252,0.01225162,0.01176156,6.7252,161.4053,0.01176156,6.7252,6.7252,6.7252,10.0878,10.0878,161.4053,0.01176156,40.3513,36.694,127.7792,131.4365,0.00931123,0.00957774,0.00049006,31.9142,29.2277,0.3910,14.0109,0.6159,1143.5936,35.8333,,31.9142,21.0824,25.2988,42.1647,57.9765,65.3553,105.4118,23.1906,0.0,2.583333,4.166666,1.26149,29,95,5,2,0E-8,0.01225162,,0E-8,0.000000,0.915819,0.000000,,2026-04-07,2026-05-04,12,273,145,28,0.428571,,,0.000000,,,,,,,,GLOBAL_BASELINE_NO_ENTITY_RANKING,,,NOT_APPLICABLE_GLOBAL_BASELINE,HF9g-P5,,,,X 全窗基线 · 不参与实体赏罚,6872997,688,A168_HF9F_20260827_0900,2026-08-27 09:00:00
2026-04-16,136423177,772,0,65.3553433264,22.0310754116,22.0310754116,1.0000000,2,2,0.50665070000000000,0.506650700000,0.9867858985152569,0.9867858985152569,0.9867858985152569,0E-17,ELIGIBLE,R03b_20260811_FULL_v1,L1_ELIGIBILITY,v2026-08-11,2026-03-21..2026-08-06,baccarat_bet02_101_all_pairs_incl_sentinel,round_win = game_pnl > 0 (decisive only),COMPATIBILITY_ONLY_NOT_PRODUCTION,13723.1237,12567.9013,168.1305,430,430,-0.01225162,,-0.01225162,-0.01225162,-168.1305,13723.1237,OK,0.0000,6.7252,4.0000,96.0000,AG03-UNRESOLVED,ALL5_LEVELS_bet23_to_bet27,6.7252,6.7252,6.7252,10.0878,10.0878,4.000000,4.000000,4.000000,6.000000,6.000000,96.000000,96.000000,96.000000,94.000000,94.000000,5.0,40.3513,36.694,127.7792,131.4365,PENDING_AG03,FALSE,NOT_FOR_ENFORCEMENT,161.4053,12065.1853,168.1305,161.4053,6.7252,0.01225162,0.01176156,6.7252,161.4053,0.01176156,6.7252,6.7252,6.7252,10.0878,10.0878,161.4053,0.01176156,40.3513,36.694,127.7792,131.4365,0.00931123,0.00957774,0.00049006,31.9142,29.2277,0.3910,14.0109,0.6159,1143.5936,35.8333,,31.9142,21.0824,25.2988,42.1647,57.9765,65.3553,105.4118,23.1906,0.0,2.583333,4.166666,1.26149,29,95,5,2,0E-8,0.01225162,,0E-8,0.000000,0.915819,0.000000,,2026-04-07,2026-05-04,12,273,145,28,0.428571,,,0.000000,,,,,,,,GLOBAL_BASELINE_NO_ENTITY_RANKING,,,NOT_APPLICABLE_GLOBAL_BASELINE,HF9g-P5,,,,X 全窗基线 · 不参与实体赏罚,6872998,688,A168_HF9F_20260827_0900,2026-08-27 09:00:00
2026-04-17,136423177,-1,1,732.6123163200,76.0019395778,76.0019395778,0.4210526,19,19,0.50030086842105263,0.500300868421,-0.6908702367746828,-0.6908702367742241,-0.6908702367746828,5.263E-14,SENTINEL_DEALER,R03b_20260811_FULL_v1,L1_ELIGIBILITY,v2026-08-11,2026-03-21..2026-08-06,baccarat_bet02_101_all_pairs_incl_sentinel,round_win = game_pnl > 0 (decisive only),COMPATIBILITY_ONLY_NOT_PRODUCTION,13723.1237,12567.9013,168.1305,430,430,-0.01225162,,-0.01225162,-0.01225162,-168.1305,13723.1237,OK,0.0000,6.7252,4.0000,96.0000,AG03-UNRESOLVED,ALL5_LEVELS_bet23_to_bet27,6.7252,6.7252,6.7252,10.0878,10.0878,4.000000,4.000000,4.000000,6.000000,6.000000,96.000000,96.000000,96.000000,94.000000,94.000000,5.0,40.3513,36.694,127.7792,131.4365,PENDING_AG03,FALSE,NOT_FOR_ENFORCEMENT,161.4053,12065.1853,168.1305,161.4053,6.7252,0.01225162,0.01176156,6.7252,161.4053,0.01176156,6.7252,6.7252,6.7252,10.0878,10.0878,161.4053,0.01176156,40.3513,36.694,127.7792,131.4365,0.00931123,0.00957774,0.00049006,31.9142,29.2277,0.3910,14.0109,0.6159,1143.5936,35.8333,,31.9142,21.0824,25.2988,42.1647,57.9765,65.3553,105.4118,23.1906,0.0,2.583333,4.166666,1.26149,29,95,5,2,0E-8,0.01225162,,0E-8,0.000000,0.915819,0.000000,,2026-04-07,2026-05-04,12,273,145,28,0.428571,,,0.000000,,,,,,,,GLOBAL_BASELINE_NO_ENTITY_RANKING,,,NOT_APPLICABLE_GLOBAL_BASELINE,HF9g-P5,,,,X 全窗基线 · 不参与实体赏罚,6872999,688,A168_HF9F_20260827_0900,2026-08-27 09:00:00
2026-04-17,136423177,1210,0,126.4942128898,-85.3835937006,-85.3835937006,0.3333333,3,3,0.50218230000000000,0.502182300000,-0.5849155494134425,-0.5849155494134426,-0.5849155494134425,0E-17,ELIGIBLE,R03b_20260811_FULL_v1,L1_ELIGIBILITY,v2026-08-11,2026-03-21..2026-08-06,baccarat_bet02_101_all_pairs_incl_sentinel,round_win = game_pnl > 0 (decisive only),COMPATIBILITY_ONLY_NOT_PRODUCTION,13723.1237,12567.9013,168.1305,430,430,-0.01225162,,-0.01225162,-0.01225162,-168.1305,13723.1237,OK,0.0000,6.7252,4.0000,96.0000,AG03-UNRESOLVED,ALL5_LEVELS_bet23_to_bet27,6.7252,6.7252,6.7252,10.0878,10.0878,4.000000,4.000000,4.000000,6.000000,6.000000,96.000000,96.000000,96.000000,94.000000,94.000000,5.0,40.3513,36.694,127.7792,131.4365,PENDING_AG03,FALSE,NOT_FOR_ENFORCEMENT,161.4053,12065.1853,168.1305,161.4053,6.7252,0.01225162,0.01176156,6.7252,161.4053,0.01176156,6.7252,6.7252,6.7252,10.0878,10.0878,161.4053,0.01176156,40.3513,36.694,127.7792,131.4365,0.00931123,0.00957774,0.00049006,31.9142,29.2277,0.3910,14.0109,0.6159,1143.5936,35.8333,,31.9142,21.0824,25.2988,42.1647,57.9765,65.3553,105.4118,23.1906,0.0,2.583333,4.166666,1.26149,29,95,5,2,0E-8,0.01225162,,0E-8,0.000000,0.915819,0.000000,,2026-04-07,2026-05-04,12,273,145,28,0.428571,,,0.000000,,,,,,,,GLOBAL_BASELINE_NO_ENTITY_RANKING,,,NOT_APPLICABLE_GLOBAL_BASELINE,HF9g-P5,,,,X 全窗基线 · 不参与实体赏罚,6873000,688,A168_HF9F_20260827_0900,2026-08-27 09:00:00
2026-04-17,136423177,1302,0,42.1647376299,-42.1647376299,-42.1647376299,0E-7,1,1,0.49324550000000000,0.493245500000,-0.9865810262130424,-0.9865810262130424,-0.9865810262130424,0E-17,ELIGIBLE,R03b_20260811_FULL_v1,L1_ELIGIBILITY,v2026-08-11,2026-03-21..2026-08-06,baccarat_bet02_101_all_pairs_incl_sentinel,round_win = game_pnl > 0 (decisive only),COMPATIBILITY_ONLY_NOT_PRODUCTION,13723.1237,12567.9013,168.1305,430,430,-0.01225162,,-0.01225162,-0.01225162,-168.1305,13723.1237,OK,0.0000,6.7252,4.0000,96.0000,AG03-UNRESOLVED,ALL5_LEVELS_bet23_to_bet27,6.7252,6.7252,6.7252,10.0878,10.0878,4.000000,4.000000,4.000000,6.000000,6.000000,96.000000,96.000000,96.000000,94.000000,94.000000,5.0,40.3513,36.694,127.7792,131.4365,PENDING_AG03,FALSE,NOT_FOR_ENFORCEMENT,161.4053,12065.1853,168.1305,161.4053,6.7252,0.01225162,0.01176156,6.7252,161.4053,0.01176156,6.7252,6.7252,6.7252,10.0878,10.0878,161.4053,0.01176156,40.3513,36.694,127.7792,131.4365,0.00931123,0.00957774,0.00049006,31.9142,29.2277,0.3910,14.0109,0.6159,1143.5936,35.8333,,31.9142,21.0824,25.2988,42.1647,57.9765,65.3553,105.4118,23.1906,0.0,2.583333,4.166666,1.26149,29,95,5,2,0E-8,0.01225162,,0E-8,0.000000,0.915819,0.000000,,2026-04-07,2026-05-04,12,273,145,28,0.428571,,,0.000000,,,,,,,,GLOBAL_BASELINE_NO_ENTITY_RANKING,,,NOT_APPLICABLE_GLOBAL_BASELINE,HF9g-P5,,,,X 全窗基线 · 不参与实体赏罚,6873001,688,A168_HF9F_20260827_0900,2026-08-27 09:00:00
2026-04-17,136423177,1307,0,21.0823688150,-21.0823688150,-21.0823688150,0E-7,1,1,0.49324550000000000,0.493245500000,-0.9865810262130424,-0.9865810262130424,-0.9865810262130424,0E-17,ELIGIBLE,R03b_20260811_FULL_v1,L1_ELIGIBILITY,v2026-08-11,2026-03-21..2026-08-06,baccarat_bet02_101_all_pairs_incl_sentinel,round_win = game_pnl > 0 (decisive only),COMPATIBILITY_ONLY_NOT_PRODUCTION,13723.1237,12567.9013,168.1305,430,430,-0.01225162,,-0.01225162,-0.01225162,-168.1305,13723.1237,OK,0.0000,6.7252,4.0000,96.0000,AG03-UNRESOLVED,ALL5_LEVELS_bet23_to_bet27,6.7252,6.7252,6.7252,10.0878,10.0878,4.000000,4.000000,4.000000,6.000000,6.000000,96.000000,96.000000,96.000000,94.000000,94.000000,5.0,40.3513,36.694,127.7792,131.4365,PENDING_AG03,FALSE,NOT_FOR_ENFORCEMENT,161.4053,12065.1853,168.1305,161.4053,6.7252,0.01225162,0.01176156,6.7252,161.4053,0.01176156,6.7252,6.7252,6.7252,10.0878,10.0878,161.4053,0.01176156,40.3513,36.694,127.7792,131.4365,0.00931123,0.00957774,0.00049006,31.9142,29.2277,0.3910,14.0109,0.6159,1143.5936,35.8333,,31.9142,21.0824,25.2988,42.1647,57.9765,65.3553,105.4118,23.1906,0.0,2.583333,4.166666,1.26149,29,95,5,2,0E-8,0.01225162,,0E-8,0.000000,0.915819,0.000000,,2026-04-07,2026-05-04,12,273,145,28,0.428571,,,0.000000,,,,,,,,GLOBAL_BASELINE_NO_ENTITY_RANKING,,,NOT_APPLICABLE_GLOBAL_BASELINE,HF9g-P5,,,,X 全窗基线 · 不参与实体赏罚,6873002,688,A168_HF9F_20260827_0900,2026-08-27 09:00:00
2026-04-17,136423177,1318,0,74.8424092931,-12.2804798348,-12.2804798348,0.5000000,3,3,0.50665070000000000,0.506650700000,-0.018812684590367487,-0.018812684590367487,-0.018812684590367487,0E-17,ELIGIBLE,R03b_20260811_FULL_v1,L1_ELIGIBILITY,v2026-08-11,2026-03-21..2026-08-06,baccarat_bet02_101_all_pairs_incl_sentinel,round_win = game_pnl > 0 (decisive only),COMPATIBILITY_ONLY_NOT_PRODUCTION,13723.1237,12567.9013,168.1305,430,430,-0.01225162,,-0.01225162,-0.01225162,-168.1305,13723.1237,OK,0.0000,6.7252,4.0000,96.0000,AG03-UNRESOLVED,ALL5_LEVELS_bet23_to_bet27,6.7252,6.7252,6.7252,10.0878,10.0878,4.000000,4.000000,4.000000,6.000000,6.000000,96.000000,96.000000,96.000000,94.000000,94.000000,5.0,40.3513,36.694,127.7792,131.4365,PENDING_AG03,FALSE,NOT_FOR_ENFORCEMENT,161.4053,12065.1853,168.1305,161.4053,6.7252,0.01225162,0.01176156,6.7252,161.4053,0.01176156,6.7252,6.7252,6.7252,10.0878,10.0878,161.4053,0.01176156,40.3513,36.694,127.7792,131.4365,0.00931123,0.00957774,0.00049006,31.9142,29.2277,0.3910,14.0109,0.6159,1143.5936,35.8333,,31.9142,21.0824,25.2988,42.1647,57.9765,65.3553,105.4118,23.1906,0.0,2.583333,4.166666,1.26149,29,95,5,2,0E-8,0.01225162,,0E-8,0.000000,0.915819,0.000000,,2026-04-07,2026-05-04,12,273,145,28,0.428571,,,0.000000,,,,,,,,GLOBAL_BASELINE_NO_ENTITY_RANKING,,,NOT_APPLICABLE_GLOBAL_BASELINE,HF9g-P5,,,,X 全窗基线 · 不参与实体赏罚,6873003,688,A168_HF9F_20260827_0900,2026-08-27 09:00:00
2026-04-17,136423177,1323,0,21.0823688150,0E-10,0E-10,,1,1,0.50665070000000000,0.506650700000,,,,0E-17,NO_DECISIVE_ROUND,R03b_20260811_FULL_v1,L1_ELIGIBILITY,v2026-08-11,2026-03-21..2026-08-06,baccarat_bet02_101_all_pairs_incl_sentinel,round_win = game_pnl > 0 (decisive only),COMPATIBILITY_ONLY_NOT_PRODUCTION,13723.1237,12567.9013,168.1305,430,430,-0.01225162,,-0.01225162,-0.01225162,-168.1305,13723.1237,OK,0.0000,6.7252,4.0000,96.0000,AG03-UNRESOLVED,ALL5_LEVELS_bet23_to_bet27,6.7252,6.7252,6.7252,10.0878,10.0878,4.000000,4.000000,4.000000,6.000000,6.000000,96.000000,96.000000,96.000000,94.000000,94.000000,5.0,40.3513,36.694,127.7792,131.4365,PENDING_AG03,FALSE,NOT_FOR_ENFORCEMENT,161.4053,12065.1853,168.1305,161.4053,6.7252,0.01225162,0.01176156,6.7252,161.4053,0.01176156,6.7252,6.7252,6.7252,10.0878,10.0878,161.4053,0.01176156,40.3513,36.694,127.7792,131.4365,0.00931123,0.00957774,0.00049006,31.9142,29.2277,0.3910,14.0109,0.6159,1143.5936,35.8333,,31.9142,21.0824,25.2988,42.1647,57.9765,65.3553,105.4118,23.1906,0.0,2.583333,4.166666,1.26149,29,95,5,2,0E-8,0.01225162,,0E-8,0.000000,0.915819,0.000000,,2026-04-07,2026-05-04,12,273,145,28,0.428571,,,0.000000,,,,,,,,GLOBAL_BASELINE_NO_ENTITY_RANKING,,,NOT_APPLICABLE_GLOBAL_BASELINE,HF9g-P5,,,,X 全窗基线 · 不参与实体赏罚,6873004,688,A168_HF9F_20260827_0900,2026-08-27 09:00:00
2026-04-17,136423177,1325,0,21.0823688150,20.0282503742,20.0282503742,1.0000000,1,1,0.50665070000000000,0.506650700000,0.9867858985152569,0.9867858985152569,0.9867858985152569,0E-17,ELIGIBLE,R03b_20260811_FULL_v1,L1_ELIGIBILITY,v2026-08-11,2026-03-21..2026-08-06,baccarat_bet02_101_all_pairs_incl_sentinel,round_win = game_pnl > 0 (decisive only),COMPATIBILITY_ONLY_NOT_PRODUCTION,13723.1237,12567.9013,168.1305,430,430,-0.01225162,,-0.01225162,-0.01225162,-168.1305,13723.1237,OK,0.0000,6.7252,4.0000,96.0000,AG03-UNRESOLVED,ALL5_LEVELS_bet23_to_bet27,6.7252,6.7252,6.7252,10.0878,10.0878,4.000000,4.000000,4.000000,6.000000,6.000000,96.000000,96.000000,96.000000,94.000000,94.000000,5.0,40.3513,36.694,127.7792,131.4365,PENDING_AG03,FALSE,NOT_FOR_ENFORCEMENT,161.4053,12065.1853,168.1305,161.4053,6.7252,0.01225162,0.01176156,6.7252,161.4053,0.01176156,6.7252,6.7252,6.7252,10.0878,10.0878,161.4053,0.01176156,40.3513,36.694,127.7792,131.4365,0.00931123,0.00957774,0.00049006,31.9142,29.2277,0.3910,14.0109,0.6159,1143.5936,35.8333,,31.9142,21.0824,25.2988,42.1647,57.9765,65.3553,105.4118,23.1906,0.0,2.583333,4.166666,1.26149,29,95,5,2,0E-8,0.01225162,,0E-8,0.000000,0.915819,0.000000,,2026-04-07,2026-05-04,12,273,145,28,0.428571,,,0.000000,,,,,,,,GLOBAL_BASELINE_NO_ENTITY_RANKING,,,NOT_APPLICABLE_GLOBAL_BASELINE,HF9g-P5,,,,X 全窗基线 · 不参与实体赏罚,6873005,688,A168_HF9F_20260827_0900,2026-08-27 09:00:00
2026-04-17,136423177,1374,0,316.4463559126,23.3908882001,23.3908882001,0.3333333,4,4,0.50329940000000000,0.503299400000,-0.5887925454369916,-0.5887925454369916,-0.5887925454369916,0E-17,ELIGIBLE,R03b_20260811_FULL_v1,L1_ELIGIBILITY,v2026-08-11,2026-03-21..2026-08-06,baccarat_bet02_101_all_pairs_incl_sentinel,round_win = game_pnl > 0 (decisive only),COMPATIBILITY_ONLY_NOT_PRODUCTION,13723.1237,12567.9013,168.1305,430,430,-0.01225162,,-0.01225162,-0.01225162,-168.1305,13723.1237,OK,0.0000,6.7252,4.0000,96.0000,AG03-UNRESOLVED,ALL5_LEVELS_bet23_to_bet27,6.7252,6.7252,6.7252,10.0878,10.0878,4.000000,4.000000,4.000000,6.000000,6.000000,96.000000,96.000000,96.000000,94.000000,94.000000,5.0,40.3513,36.694,127.7792,131.4365,PENDING_AG03,FALSE,NOT_FOR_ENFORCEMENT,161.4053,12065.1853,168.1305,161.4053,6.7252,0.01225162,0.01176156,6.7252,161.4053,0.01176156,6.7252,6.7252,6.7252,10.0878,10.0878,161.4053,0.01176156,40.3513,36.694,127.7792,131.4365,0.00931123,0.00957774,0.00049006,31.9142,29.2277,0.3910,14.0109,0.6159,1143.5936,35.8333,,31.9142,21.0824,25.2988,42.1647,57.9765,65.3553,105.4118,23.1906,0.0,2.583333,4.166666,1.26149,29,95,5,2,0E-8,0.01225162,,0E-8,0.000000,0.915819,0.000000,,2026-04-07,2026-05-04,12,273,145,28,0.428571,,,0.000000,,,,,,,,GLOBAL_BASELINE_NO_ENTITY_RANKING,,,NOT_APPLICABLE_GLOBAL_BASELINE,HF9g-P5,,,,X 全窗基线 · 不参与实体赏罚,6873006,688,A168_HF9F_20260827_0900,2026-08-27 09:00:00
2026-04-17,136423177,1384,0,31.6235532224,31.6235532224,31.6235532224,1.0000000,1,1,0.49324550000000000,0.493245500000,1.01360149184955,1.01360149184955,1.01360149184955,0E-17,ELIGIBLE,R03b_20260811_FULL_v1,L1_ELIGIBILITY,v2026-08-11,2026-03-21..2026-08-06,baccarat_bet02_101_all_pairs_incl_sentinel,round_win = game_pnl > 0 (decisive only),COMPATIBILITY_ONLY_NOT_PRODUCTION,13723.1237,12567.9013,168.1305,430,430,-0.01225162,,-0.01225162,-0.01225162,-168.1305,13723.1237,OK,0.0000,6.7252,4.0000,96.0000,AG03-UNRESOLVED,ALL5_LEVELS_bet23_to_bet27,6.7252,6.7252,6.7252,10.0878,10.0878,4.000000,4.000000,4.000000,6.000000,6.000000,96.000000,96.000000,96.000000,94.000000,94.000000,5.0,40.3513,36.694,127.7792,131.4365,PENDING_AG03,FALSE,NOT_FOR_ENFORCEMENT,161.4053,12065.1853,168.1305,161.4053,6.7252,0.01225162,0.01176156,6.7252,161.4053,0.01176156,6.7252,6.7252,6.7252,10.0878,10.0878,161.4053,0.01176156,40.3513,36.694,127.7792,131.4365,0.00931123,0.00957774,0.00049006,31.9142,29.2277,0.3910,14.0109,0.6159,1143.5936,35.8333,,31.9142,21.0824,25.2988,42.1647,57.9765,65.3553,105.4118,23.1906,0.0,2.583333,4.166666,1.26149,29,95,5,2,0E-8,0.01225162,,0E-8,0.000000,0.915819,0.000000,,2026-04-07,2026-05-04,12,273,145,28,0.428571,,,0.000000,,,,,,,,GLOBAL_BASELINE_NO_ENTITY_RANKING,,,NOT_APPLICABLE_GLOBAL_BASELINE,HF9g-P5,,,,X 全窗基线 · 不参与实体赏罚,6873007,688,A168_HF9F_20260827_0900,2026-08-27 09:00:00
2026-04-17,136423177,1405,0,115.9530284823,-115.9530284823,-115.9530284823,0E-7,3,3,0.50665070000000000,0.506650700000,-1.7552447903592512,-1.7552447903592512,-1.7552447903592512,0E-17,ELIGIBLE,R03b_20260811_FULL_v1,L1_ELIGIBILITY,v2026-08-11,2026-03-21..2026-08-06,baccarat_bet02_101_all_pairs_incl_sentinel,round_win = game_pnl > 0 (decisive only),COMPATIBILITY_ONLY_NOT_PRODUCTION,13723.1237,12567.9013,168.1305,430,430,-0.01225162,,-0.01225162,-0.01225162,-168.1305,13723.1237,OK,0.0000,6.7252,4.0000,96.0000,AG03-UNRESOLVED,ALL5_LEVELS_bet23_to_bet27,6.7252,6.7252,6.7252,10.0878,10.0878,4.000000,4.000000,4.000000,6.000000,6.000000,96.000000,96.000000,96.000000,94.000000,94.000000,5.0,40.3513,36.694,127.7792,131.4365,PENDING_AG03,FALSE,NOT_FOR_ENFORCEMENT,161.4053,12065.1853,168.1305,161.4053,6.7252,0.01225162,0.01176156,6.7252,161.4053,0.01176156,6.7252,6.7252,6.7252,10.0878,10.0878,161.4053,0.01176156,40.3513,36.694,127.7792,131.4365,0.00931123,0.00957774,0.00049006,31.9142,29.2277,0.3910,14.0109,0.6159,1143.5936,35.8333,,31.9142,21.0824,25.2988,42.1647,57.9765,65.3553,105.4118,23.1906,0.0,2.583333,4.166666,1.26149,29,95,5,2,0E-8,0.01225162,,0E-8,0.000000,0.915819,0.000000,,2026-04-07,2026-05-04,12,273,145,28,0.428571,,,0.000000,,,,,,,,GLOBAL_BASELINE_NO_ENTITY_RANKING,,,NOT_APPLICABLE_GLOBAL_BASELINE,HF9g-P5,,,,X 全窗基线 · 不参与实体赏罚,6873008,688,A168_HF9F_20260827_0900,2026-08-27 09:00:00
2026-04-17,136423177,1507,0,31.6235532225,-11.0682436279,-11.0682436279,0.5000000,2,2,0.49994810000000000,0.499948100000,0.00014679536856514622,0.00014679536856514622,0.00014679536856514622,0E-17,ELIGIBLE,R03b_20260811_FULL_v1,L1_ELIGIBILITY,v2026-08-11,2026-03-21..2026-08-06,baccarat_bet02_101_all_pairs_incl_sentinel,round_win = game_pnl > 0 (decisive only),COMPATIBILITY_ONLY_NOT_PRODUCTION,13723.1237,12567.9013,168.1305,430,430,-0.01225162,,-0.01225162,-0.01225162,-168.1305,13723.1237,OK,0.0000,6.7252,4.0000,96.0000,AG03-UNRESOLVED,ALL5_LEVELS_bet23_to_bet27,6.7252,6.7252,6.7252,10.0878,10.0878,4.000000,4.000000,4.000000,6.000000,6.000000,96.000000,96.000000,96.000000,94.000000,94.000000,5.0,40.3513,36.694,127.7792,131.4365,PENDING_AG03,FALSE,NOT_FOR_ENFORCEMENT,161.4053,12065.1853,168.1305,161.4053,6.7252,0.01225162,0.01176156,6.7252,161.4053,0.01176156,6.7252,6.7252,6.7252,10.0878,10.0878,161.4053,0.01176156,40.3513,36.694,127.7792,131.4365,0.00931123,0.00957774,0.00049006,31.9142,29.2277,0.3910,14.0109,0.6159,1143.5936,35.8333,,31.9142,21.0824,25.2988,42.1647,57.9765,65.3553,105.4118,23.1906,0.0,2.583333,4.166666,1.26149,29,95,5,2,0E-8,0.01225162,,0E-8,0.000000,0.915819,0.000000,,2026-04-07,2026-05-04,12,273,145,28,0.428571,,,0.000000,,,,,,,,GLOBAL_BASELINE_NO_ENTITY_RANKING,,,NOT_APPLICABLE_GLOBAL_BASELINE,HF9g-P5,,,,X 全窗基线 · 不参与实体赏罚,6873009,688,A168_HF9F_20260827_0900,2026-08-27 09:00:00
2026-04-17,136423177,1646,0,22.1364872557,21.0296628929,21.0296628929,1.0000000,1,1,0.50665070000000000,0.506650700000,0.9867858985152569,0.9867858985152569,0.9867858985152569,0E-17,ELIGIBLE,R03b_20260811_FULL_v1,L1_ELIGIBILITY,v2026-08-11,2026-03-21..2026-08-06,baccarat_bet02_101_all_pairs_incl_sentinel,round_win = game_pnl > 0 (decisive only),COMPATIBILITY_ONLY_NOT_PRODUCTION,13723.1237,12567.9013,168.1305,430,430,-0.01225162,,-0.01225162,-0.01225162,-168.1305,13723.1237,OK,0.0000,6.7252,4.0000,96.0000,AG03-UNRESOLVED,ALL5_LEVELS_bet23_to_bet27,6.7252,6.7252,6.7252,10.0878,10.0878,4.000000,4.000000,4.000000,6.000000,6.000000,96.000000,96.000000,96.000000,94.000000,94.000000,5.0,40.3513,36.694,127.7792,131.4365,PENDING_AG03,FALSE,NOT_FOR_ENFORCEMENT,161.4053,12065.1853,168.1305,161.4053,6.7252,0.01225162,0.01176156,6.7252,161.4053,0.01176156,6.7252,6.7252,6.7252,10.0878,10.0878,161.4053,0.01176156,40.3513,36.694,127.7792,131.4365,0.00931123,0.00957774,0.00049006,31.9142,29.2277,0.3910,14.0109,0.6159,1143.5936,35.8333,,31.9142,21.0824,25.2988,42.1647,57.9765,65.3553,105.4118,23.1906,0.0,2.583333,4.166666,1.26149,29,95,5,2,0E-8,0.01225162,,0E-8,0.000000,0.915819,0.000000,,2026-04-07,2026-05-04,12,273,145,28,0.428571,,,0.000000,,,,,,,,GLOBAL_BASELINE_NO_ENTITY_RANKING,,,NOT_APPLICABLE_GLOBAL_BASELINE,HF9g-P5,,,,X 全窗基线 · 不参与实体赏罚,6873010,688,A168_HF9F_20260827_0900,2026-08-27 09:00:00
2026-04-17,136423177,1702,0,21.0823688150,21.0823688150,21.0823688150,1.0000000,1,1,0.49324550000000000,0.493245500000,1.01360149184955,1.01360149184955,1.01360149184955,0E-17,ELIGIBLE,R03b_20260811_FULL_v1,L1_ELIGIBILITY,v2026-08-11,2026-03-21..2026-08-06,baccarat_bet02_101_all_pairs_incl_sentinel,round_win = game_pnl > 0 (decisive only),COMPATIBILITY_ONLY_NOT_PRODUCTION,13723.1237,12567.9013,168.1305,430,430,-0.01225162,,-0.01225162,-0.01225162,-168.1305,13723.1237,OK,0.0000,6.7252,4.0000,96.0000,AG03-UNRESOLVED,ALL5_LEVELS_bet23_to_bet27,6.7252,6.7252,6.7252,10.0878,10.0878,4.000000,4.000000,4.000000,6.000000,6.000000,96.000000,96.000000,96.000000,94.000000,94.000000,5.0,40.3513,36.694,127.7792,131.4365,PENDING_AG03,FALSE,NOT_FOR_ENFORCEMENT,161.4053,12065.1853,168.1305,161.4053,6.7252,0.01225162,0.01176156,6.7252,161.4053,0.01176156,6.7252,6.7252,6.7252,10.0878,10.0878,161.4053,0.01176156,40.3513,36.694,127.7792,131.4365,0.00931123,0.00957774,0.00049006,31.9142,29.2277,0.3910,14.0109,0.6159,1143.5936,35.8333,,31.9142,21.0824,25.2988,42.1647,57.9765,65.3553,105.4118,23.1906,0.0,2.583333,4.166666,1.26149,29,95,5,2,0E-8,0.01225162,,0E-8,0.000000,0.915819,0.000000,,2026-04-07,2026-05-04,12,273,145,28,0.428571,,,0.000000,,,,,,,,GLOBAL_BASELINE_NO_ENTITY_RANKING,,,NOT_APPLICABLE_GLOBAL_BASELINE,HF9g-P5,,,,X 全窗基线 · 不参与实体赏罚,6873011,688,A168_HF9F_20260827_0900,2026-08-27 09:00:00
2026-04-17,136423177,1704,0,12.6494212890,12.0169502245,12.0169502245,1.0000000,1,1,0.50665070000000000,0.506650700000,0.9867858985152569,0.9867858985152569,0.9867858985152569,0E-17,ELIGIBLE,R03b_20260811_FULL_v1,L1_ELIGIBILITY,v2026-08-11,2026-03-21..2026-08-06,baccarat_bet02_101_all_pairs_incl_sentinel,round_win = game_pnl > 0 (decisive only),COMPATIBILITY_ONLY_NOT_PRODUCTION,13723.1237,12567.9013,168.1305,430,430,-0.01225162,,-0.01225162,-0.01225162,-168.1305,13723.1237,OK,0.0000,6.7252,4.0000,96.0000,AG03-UNRESOLVED,ALL5_LEVELS_bet23_to_bet27,6.7252,6.7252,6.7252,10.0878,10.0878,4.000000,4.000000,4.000000,6.000000,6.000000,96.000000,96.000000,96.000000,94.000000,94.000000,5.0,40.3513,36.694,127.7792,131.4365,PENDING_AG03,FALSE,NOT_FOR_ENFORCEMENT,161.4053,12065.1853,168.1305,161.4053,6.7252,0.01225162,0.01176156,6.7252,161.4053,0.01176156,6.7252,6.7252,6.7252,10.0878,10.0878,161.4053,0.01176156,40.3513,36.694,127.7792,131.4365,0.00931123,0.00957774,0.00049006,31.9142,29.2277,0.3910,14.0109,0.6159,1143.5936,35.8333,,31.9142,21.0824,25.2988,42.1647,57.9765,65.3553,105.4118,23.1906,0.0,2.583333,4.166666,1.26149,29,95,5,2,0E-8,0.01225162,,0E-8,0.000000,0.915819,0.000000,,2026-04-07,2026-05-04,12,273,145,28,0.428571,,,0.000000,,,,,,,,GLOBAL_BASELINE_NO_ENTITY_RANKING,,,NOT_APPLICABLE_GLOBAL_BASELINE,HF9g-P5,,,,X 全窗基线 · 不参与实体赏罚,6873012,688,A168_HF9F_20260827_0900,2026-08-27 09:00:00
2026-04-17,136423177,1710,0,35.8400269854,34.0480256362,34.0480256362,1.0000000,1,1,0.50665070000000000,0.506650700000,0.9867858985152569,0.9867858985152569,0.9867858985152569,0E-17,ELIGIBLE,R03b_20260811_FULL_v1,L1_ELIGIBILITY,v2026-08-11,2026-03-21..2026-08-06,baccarat_bet02_101_all_pairs_incl_sentinel,round_win = game_pnl > 0 (decisive only),COMPATIBILITY_ONLY_NOT_PRODUCTION,13723.1237,12567.9013,168.1305,430,430,-0.01225162,,-0.01225162,-0.01225162,-168.1305,13723.1237,OK,0.0000,6.7252,4.0000,96.0000,AG03-UNRESOLVED,ALL5_LEVELS_bet23_to_bet27,6.7252,6.7252,6.7252,10.0878,10.0878,4.000000,4.000000,4.000000,6.000000,6.000000,96.000000,96.000000,96.000000,94.000000,94.000000,5.0,40.3513,36.694,127.7792,131.4365,PENDING_AG03,FALSE,NOT_FOR_ENFORCEMENT,161.4053,12065.1853,168.1305,161.4053,6.7252,0.01225162,0.01176156,6.7252,161.4053,0.01176156,6.7252,6.7252,6.7252,10.0878,10.0878,161.4053,0.01176156,40.3513,36.694,127.7792,131.4365,0.00931123,0.00957774,0.00049006,31.9142,29.2277,0.3910,14.0109,0.6159,1143.5936,35.8333,,31.9142,21.0824,25.2988,42.1647,57.9765,65.3553,105.4118,23.1906,0.0,2.583333,4.166666,1.26149,29,95,5,2,0E-8,0.01225162,,0E-8,0.000000,0.915819,0.000000,,2026-04-07,2026-05-04,12,273,145,28,0.428571,,,0.000000,,,,,,,,GLOBAL_BASELINE_NO_ENTITY_RANKING,,,NOT_APPLICABLE_GLOBAL_BASELINE,HF9g-P5,,,,X 全窗基线 · 不参与实体赏罚,6873013,688,A168_HF9F_20260827_0900,2026-08-27 09:00:00
2026-04-17,136423177,1714,0,22.1364872557,21.0296628929,21.0296628929,1.0000000,1,1,0.50665070000000000,0.506650700000,0.9867858985152569,0.9867858985152569,0.9867858985152569,0E-17,ELIGIBLE,R03b_20260811_FULL_v1,L1_ELIGIBILITY,v2026-08-11,2026-03-21..2026-08-06,baccarat_bet02_101_all_pairs_incl_sentinel,round_win = game_pnl > 0 (decisive only),COMPATIBILITY_ONLY_NOT_PRODUCTION,13723.1237,12567.9013,168.1305,430,430,-0.01225162,,-0.01225162,-0.01225162,-168.1305,13723.1237,OK,0.0000,6.7252,4.0000,96.0000,AG03-UNRESOLVED,ALL5_LEVELS_bet23_to_bet27,6.7252,6.7252,6.7252,10.0878,10.0878,4.000000,4.000000,4.000000,6.000000,6.000000,96.000000,96.000000,96.000000,94.000000,94.000000,5.0,40.3513,36.694,127.7792,131.4365,PENDING_AG03,FALSE,NOT_FOR_ENFORCEMENT,161.4053,12065.1853,168.1305,161.4053,6.7252,0.01225162,0.01176156,6.7252,161.4053,0.01176156,6.7252,6.7252,6.7252,10.0878,10.0878,161.4053,0.01176156,40.3513,36.694,127.7792,131.4365,0.00931123,0.00957774,0.00049006,31.9142,29.2277,0.3910,14.0109,0.6159,1143.5936,35.8333,,31.9142,21.0824,25.2988,42.1647,57.9765,65.3553,105.4118,23.1906,0.0,2.583333,4.166666,1.26149,29,95,5,2,0E-8,0.01225162,,0E-8,0.000000,0.915819,0.000000,,2026-04-07,2026-05-04,12,273,145,28,0.428571,,,0.000000,,,,,,,,GLOBAL_BASELINE_NO_ENTITY_RANKING,,,NOT_APPLICABLE_GLOBAL_BASELINE,HF9g-P5,,,,X 全窗基线 · 不参与实体赏罚,6873014,688,A168_HF9F_20260827_0900,2026-08-27 09:00:00
2026-04-17,136423177,1941,0,22.1364872557,0E-10,0E-10,,1,1,0.50665070000000000,0.506650700000,,,,0E-17,NO_DECISIVE_ROUND,R03b_20260811_FULL_v1,L1_ELIGIBILITY,v2026-08-11,2026-03-21..2026-08-06,baccarat_bet02_101_all_pairs_incl_sentinel,round_win = game_pnl > 0 (decisive only),COMPATIBILITY_ONLY_NOT_PRODUCTION,13723.1237,12567.9013,168.1305,430,430,-0.01225162,,-0.01225162,-0.01225162,-168.1305,13723.1237,OK,0.0000,6.7252,4.0000,96.0000,AG03-UNRESOLVED,ALL5_LEVELS_bet23_to_bet27,6.7252,6.7252,6.7252,10.0878,10.0878,4.000000,4.000000,4.000000,6.000000,6.000000,96.000000,96.000000,96.000000,94.000000,94.000000,5.0,40.3513,36.694,127.7792,131.4365,PENDING_AG03,FALSE,NOT_FOR_ENFORCEMENT,161.4053,12065.1853,168.1305,161.4053,6.7252,0.01225162,0.01176156,6.7252,161.4053,0.01176156,6.7252,6.7252,6.7252,10.0878,10.0878,161.4053,0.01176156,40.3513,36.694,127.7792,131.4365,0.00931123,0.00957774,0.00049006,31.9142,29.2277,0.3910,14.0109,0.6159,1143.5936,35.8333,,31.9142,21.0824,25.2988,42.1647,57.9765,65.3553,105.4118,23.1906,0.0,2.583333,4.166666,1.26149,29,95,5,2,0E-8,0.01225162,,0E-8,0.000000,0.915819,0.000000,,2026-04-07,2026-05-04,12,273,145,28,0.428571,,,0.000000,,,,,,,,GLOBAL_BASELINE_NO_ENTITY_RANKING,,,NOT_APPLICABLE_GLOBAL_BASELINE,HF9g-P5,,,,X 全窗基线 · 不参与实体赏罚,6873015,688,A168_HF9F_20260827_0900,2026-08-27 09:00:00
2026-04-17,136423177,1966,0,37.9482638669,-37.9482638669,-37.9482638669,0E-7,1,1,0.50665070000000000,0.506650700000,-1.013391052207602,-1.013391052207602,-1.013391052207602,0E-17,ELIGIBLE,R03b_20260811_FULL_v1,L1_ELIGIBILITY,v2026-08-11,2026-03-21..2026-08-06,baccarat_bet02_101_all_pairs_incl_sentinel,round_win = game_pnl > 0 (decisive only),COMPATIBILITY_ONLY_NOT_PRODUCTION,13723.1237,12567.9013,168.1305,430,430,-0.01225162,,-0.01225162,-0.01225162,-168.1305,13723.1237,OK,0.0000,6.7252,4.0000,96.0000,AG03-UNRESOLVED,ALL5_LEVELS_bet23_to_bet27,6.7252,6.7252,6.7252,10.0878,10.0878,4.000000,4.000000,4.000000,6.000000,6.000000,96.000000,96.000000,96.000000,94.000000,94.000000,5.0,40.3513,36.694,127.7792,131.4365,PENDING_AG03,FALSE,NOT_FOR_ENFORCEMENT,161.4053,12065.1853,168.1305,161.4053,6.7252,0.01225162,0.01176156,6.7252,161.4053,0.01176156,6.7252,6.7252,6.7252,10.0878,10.0878,161.4053,0.01176156,40.3513,36.694,127.7792,131.4365,0.00931123,0.00957774,0.00049006,31.9142,29.2277,0.3910,14.0109,0.6159,1143.5936,35.8333,,31.9142,21.0824,25.2988,42.1647,57.9765,65.3553,105.4118,23.1906,0.0,2.583333,4.166666,1.26149,29,95,5,2,0E-8,0.01225162,,0E-8,0.000000,0.915819,0.000000,,2026-04-07,2026-05-04,12,273,145,28,0.428571,,,0.000000,,,,,,,,GLOBAL_BASELINE_NO_ENTITY_RANKING,,,NOT_APPLICABLE_GLOBAL_BASELINE,HF9g-P5,,,,X 全窗基线 · 不参与实体赏罚,6873016,688,A168_HF9F_20260827_0900,2026-08-27 09:00:00
2026-04-17,136423177,2115,0,12.6494212890,-12.6494212890,-12.6494212890,0E-7,1,1,0.50665070000000000,0.506650700000,-1.013391052207602,-1.013391052207602,-1.013391052207602,0E-17,ELIGIBLE,R03b_20260811_FULL_v1,L1_ELIGIBILITY,v2026-08-11,2026-03-21..2026-08-06,baccarat_bet02_101_all_pairs_incl_sentinel,round_win = game_pnl > 0 (decisive only),COMPATIBILITY_ONLY_NOT_PRODUCTION,13723.1237,12567.9013,168.1305,430,430,-0.01225162,,-0.01225162,-0.01225162,-168.1305,13723.1237,OK,0.0000,6.7252,4.0000,96.0000,AG03-UNRESOLVED,ALL5_LEVELS_bet23_to_bet27,6.7252,6.7252,6.7252,10.0878,10.0878,4.000000,4.000000,4.000000,6.000000,6.000000,96.000000,96.000000,96.000000,94.000000,94.000000,5.0,40.3513,36.694,127.7792,131.4365,PENDING_AG03,FALSE,NOT_FOR_ENFORCEMENT,161.4053,12065.1853,168.1305,161.4053,6.7252,0.01225162,0.01176156,6.7252,161.4053,0.01176156,6.7252,6.7252,6.7252,10.0878,10.0878,161.4053,0.01176156,40.3513,36.694,127.7792,131.4365,0.00931123,0.00957774,0.00049006,31.9142,29.2277,0.3910,14.0109,0.6159,1143.5936,35.8333,,31.9142,21.0824,25.2988,42.1647,57.9765,65.3553,105.4118,23.1906,0.0,2.583333,4.166666,1.26149,29,95,5,2,0E-8,0.01225162,,0E-8,0.000000,0.915819,0.000000,,2026-04-07,2026-05-04,12,273,145,28,0.428571,,,0.000000,,,,,,,,GLOBAL_BASELINE_NO_ENTITY_RANKING,,,NOT_APPLICABLE_GLOBAL_BASELINE,HF9g-P5,,,,X 全窗基线 · 不参与实体赏罚,6873017,688,A168_HF9F_20260827_0900,2026-08-27 09:00:00
2026-04-17,136423177,2167,0,21.0823688150,21.0823688150,21.0823688150,1.0000000,1,1,0.49324550000000000,0.493245500000,1.01360149184955,1.01360149184955,1.01360149184955,0E-17,ELIGIBLE,R03b_20260811_FULL_v1,L1_ELIGIBILITY,v2026-08-11,2026-03-21..2026-08-06,baccarat_bet02_101_all_pairs_incl_sentinel,round_win = game_pnl > 0 (decisive only),COMPATIBILITY_ONLY_NOT_PRODUCTION,13723.1237,12567.9013,168.1305,430,430,-0.01225162,,-0.01225162,-0.01225162,-168.1305,13723.1237,OK,0.0000,6.7252,4.0000,96.0000,AG03-UNRESOLVED,ALL5_LEVELS_bet23_to_bet27,6.7252,6.7252,6.7252,10.0878,10.0878,4.000000,4.000000,4.000000,6.000000,6.000000,96.000000,96.000000,96.000000,94.000000,94.000000,5.0,40.3513,36.694,127.7792,131.4365,PENDING_AG03,FALSE,NOT_FOR_ENFORCEMENT,161.4053,12065.1853,168.1305,161.4053,6.7252,0.01225162,0.01176156,6.7252,161.4053,0.01176156,6.7252,6.7252,6.7252,10.0878,10.0878,161.4053,0.01176156,40.3513,36.694,127.7792,131.4365,0.00931123,0.00957774,0.00049006,31.9142,29.2277,0.3910,14.0109,0.6159,1143.5936,35.8333,,31.9142,21.0824,25.2988,42.1647,57.9765,65.3553,105.4118,23.1906,0.0,2.583333,4.166666,1.26149,29,95,5,2,0E-8,0.01225162,,0E-8,0.000000,0.915819,0.000000,,2026-04-07,2026-05-04,12,273,145,28,0.428571,,,0.000000,,,,,,,,GLOBAL_BASELINE_NO_ENTITY_RANKING,,,NOT_APPLICABLE_GLOBAL_BASELINE,HF9g-P5,,,,X 全窗基线 · 不参与实体赏罚,6873018,688,A168_HF9F_20260827_0900,2026-08-27 09:00:00
2026-04-17,136423177,2169,0,10.5411844075,10.5411844075,10.5411844075,1.0000000,1,1,0.49324550000000000,0.493245500000,1.01360149184955,1.01360149184955,1.01360149184955,0E-17,ELIGIBLE,R03b_20260811_FULL_v1,L1_ELIGIBILITY,v2026-08-11,2026-03-21..2026-08-06,baccarat_bet02_101_all_pairs_incl_sentinel,round_win = game_pnl > 0 (decisive only),COMPATIBILITY_ONLY_NOT_PRODUCTION,13723.1237,12567.9013,168.1305,430,430,-0.01225162,,-0.01225162,-0.01225162,-168.1305,13723.1237,OK,0.0000,6.7252,4.0000,96.0000,AG03-UNRESOLVED,ALL5_LEVELS_bet23_to_bet27,6.7252,6.7252,6.7252,10.0878,10.0878,4.000000,4.000000,4.000000,6.000000,6.000000,96.000000,96.000000,96.000000,94.000000,94.000000,5.0,40.3513,36.694,127.7792,131.4365,PENDING_AG03,FALSE,NOT_FOR_ENFORCEMENT,161.4053,12065.1853,168.1305,161.4053,6.7252,0.01225162,0.01176156,6.7252,161.4053,0.01176156,6.7252,6.7252,6.7252,10.0878,10.0878,161.4053,0.01176156,40.3513,36.694,127.7792,131.4365,0.00931123,0.00957774,0.00049006,31.9142,29.2277,0.3910,14.0109,0.6159,1143.5936,35.8333,,31.9142,21.0824,25.2988,42.1647,57.9765,65.3553,105.4118,23.1906,0.0,2.583333,4.166666,1.26149,29,95,5,2,0E-8,0.01225162,,0E-8,0.000000,0.915819,0.000000,,2026-04-07,2026-05-04,12,273,145,28,0.428571,,,0.000000,,,,,,,,GLOBAL_BASELINE_NO_ENTITY_RANKING,,,NOT_APPLICABLE_GLOBAL_BASELINE,HF9g-P5,,,,X 全窗基线 · 不参与实体赏罚,6873019,688,A168_HF9F_20260827_0900,2026-08-27 09:00:00
2026-04-17,136423177,2174,0,42.1647376299,-42.1647376299,-42.1647376299,0E-7,1,1,0.49324550000000000,0.493245500000,-0.9865810262130424,-0.9865810262130424,-0.9865810262130424,0E-17,ELIGIBLE,R03b_20260811_FULL_v1,L1_ELIGIBILITY,v2026-08-11,2026-03-21..2026-08-06,baccarat_bet02_101_all_pairs_incl_sentinel,round_win = game_pnl > 0 (decisive only),COMPATIBILITY_ONLY_NOT_PRODUCTION,13723.1237,12567.9013,168.1305,430,430,-0.01225162,,-0.01225162,-0.01225162,-168.1305,13723.1237,OK,0.0000,6.7252,4.0000,96.0000,AG03-UNRESOLVED,ALL5_LEVELS_bet23_to_bet27,6.7252,6.7252,6.7252,10.0878,10.0878,4.000000,4.000000,4.000000,6.000000,6.000000,96.000000,96.000000,96.000000,94.000000,94.000000,5.0,40.3513,36.694,127.7792,131.4365,PENDING_AG03,FALSE,NOT_FOR_ENFORCEMENT,161.4053,12065.1853,168.1305,161.4053,6.7252,0.01225162,0.01176156,6.7252,161.4053,0.01176156,6.7252,6.7252,6.7252,10.0878,10.0878,161.4053,0.01176156,40.3513,36.694,127.7792,131.4365,0.00931123,0.00957774,0.00049006,31.9142,29.2277,0.3910,14.0109,0.6159,1143.5936,35.8333,,31.9142,21.0824,25.2988,42.1647,57.9765,65.3553,105.4118,23.1906,0.0,2.583333,4.166666,1.26149,29,95,5,2,0E-8,0.01225162,,0E-8,0.000000,0.915819,0.000000,,2026-04-07,2026-05-04,12,273,145,28,0.428571,,,0.000000,,,,,,,,GLOBAL_BASELINE_NO_ENTITY_RANKING,,,NOT_APPLICABLE_GLOBAL_BASELINE,HF9g-P5,,,,X 全窗基线 · 不参与实体赏罚,6873020,688,A168_HF9F_20260827_0900,2026-08-27 09:00:00
2026-04-17,136423177,2175,0,10.5411844075,-10.5411844075,-10.5411844075,0E-7,1,1,0.49324550000000000,0.493245500000,-0.9865810262130424,-0.9865810262130424,-0.9865810262130424,0E-17,ELIGIBLE,R03b_20260811_FULL_v1,L1_ELIGIBILITY,v2026-08-11,2026-03-21..2026-08-06,baccarat_bet02_101_all_pairs_incl_sentinel,round_win = game_pnl > 0 (decisive only),COMPATIBILITY_ONLY_NOT_PRODUCTION,13723.1237,12567.9013,168.1305,430,430,-0.01225162,,-0.01225162,-0.01225162,-168.1305,13723.1237,OK,0.0000,6.7252,4.0000,96.0000,AG03-UNRESOLVED,ALL5_LEVELS_bet23_to_bet27,6.7252,6.7252,6.7252,10.0878,10.0878,4.000000,4.000000,4.000000,6.000000,6.000000,96.000000,96.000000,96.000000,94.000000,94.000000,5.0,40.3513,36.694,127.7792,131.4365,PENDING_AG03,FALSE,NOT_FOR_ENFORCEMENT,161.4053,12065.1853,168.1305,161.4053,6.7252,0.01225162,0.01176156,6.7252,161.4053,0.01176156,6.7252,6.7252,6.7252,10.0878,10.0878,161.4053,0.01176156,40.3513,36.694,127.7792,131.4365,0.00931123,0.00957774,0.00049006,31.9142,29.2277,0.3910,14.0109,0.6159,1143.5936,35.8333,,31.9142,21.0824,25.2988,42.1647,57.9765,65.3553,105.4118,23.1906,0.0,2.583333,4.166666,1.26149,29,95,5,2,0E-8,0.01225162,,0E-8,0.000000,0.915819,0.000000,,2026-04-07,2026-05-04,12,273,145,28,0.428571,,,0.000000,,,,,,,,GLOBAL_BASELINE_NO_ENTITY_RANKING,,,NOT_APPLICABLE_GLOBAL_BASELINE,HF9g-P5,,,,X 全窗基线 · 不参与实体赏罚,6873021,688,A168_HF9F_20260827_0900,2026-08-27 09:00:00
2026-04-17,136423177,2187,0,42.1647376299,40.0565007484,40.0565007484,1.0000000,1,1,0.50665070000000000,0.506650700000,0.9867858985152569,0.9867858985152569,0.9867858985152569,0E-17,ELIGIBLE,R03b_20260811_FULL_v1,L1_ELIGIBILITY,v2026-08-11,2026-03-21..2026-08-06,baccarat_bet02_101_all_pairs_incl_sentinel,round_win = game_pnl > 0 (decisive only),COMPATIBILITY_ONLY_NOT_PRODUCTION,13723.1237,12567.9013,168.1305,430,430,-0.01225162,,-0.01225162,-0.01225162,-168.1305,13723.1237,OK,0.0000,6.7252,4.0000,96.0000,AG03-UNRESOLVED,ALL5_LEVELS_bet23_to_bet27,6.7252,6.7252,6.7252,10.0878,10.0878,4.000000,4.000000,4.000000,6.000000,6.000000,96.000000,96.000000,96.000000,94.000000,94.000000,5.0,40.3513,36.694,127.7792,131.4365,PENDING_AG03,FALSE,NOT_FOR_ENFORCEMENT,161.4053,12065.1853,168.1305,161.4053,6.7252,0.01225162,0.01176156,6.7252,161.4053,0.01176156,6.7252,6.7252,6.7252,10.0878,10.0878,161.4053,0.01176156,40.3513,36.694,127.7792,131.4365,0.00931123,0.00957774,0.00049006,31.9142,29.2277,0.3910,14.0109,0.6159,1143.5936,35.8333,,31.9142,21.0824,25.2988,42.1647,57.9765,65.3553,105.4118,23.1906,0.0,2.583333,4.166666,1.26149,29,95,5,2,0E-8,0.01225162,,0E-8,0.000000,0.915819,0.000000,,2026-04-07,2026-05-04,12,273,145,28,0.428571,,,0.000000,,,,,,,,GLOBAL_BASELINE_NO_ENTITY_RANKING,,,NOT_APPLICABLE_GLOBAL_BASELINE,HF9g-P5,,,,X 全窗基线 · 不参与实体赏罚,6873022,688,A168_HF9F_20260827_0900,2026-08-27 09:00:00
2026-04-17,136423177,2196,0,21.0823688150,-21.0823688150,-21.0823688150,0E-7,1,1,0.49324550000000000,0.493245500000,-0.9865810262130424,-0.9865810262130424,-0.9865810262130424,0E-17,ELIGIBLE,R03b_20260811_FULL_v1,L1_ELIGIBILITY,v2026-08-11,2026-03-21..2026-08-06,baccarat_bet02_101_all_pairs_incl_sentinel,round_win = game_pnl > 0 (decisive only),COMPATIBILITY_ONLY_NOT_PRODUCTION,13723.1237,12567.9013,168.1305,430,430,-0.01225162,,-0.01225162,-0.01225162,-168.1305,13723.1237,OK,0.0000,6.7252,4.0000,96.0000,AG03-UNRESOLVED,ALL5_LEVELS_bet23_to_bet27,6.7252,6.7252,6.7252,10.0878,10.0878,4.000000,4.000000,4.000000,6.000000,6.000000,96.000000,96.000000,96.000000,94.000000,94.000000,5.0,40.3513,36.694,127.7792,131.4365,PENDING_AG03,FALSE,NOT_FOR_ENFORCEMENT,161.4053,12065.1853,168.1305,161.4053,6.7252,0.01225162,0.01176156,6.7252,161.4053,0.01176156,6.7252,6.7252,6.7252,10.0878,10.0878,161.4053,0.01176156,40.3513,36.694,127.7792,131.4365,0.00931123,0.00957774,0.00049006,31.9142,29.2277,0.3910,14.0109,0.6159,1143.5936,35.8333,,31.9142,21.0824,25.2988,42.1647,57.9765,65.3553,105.4118,23.1906,0.0,2.583333,4.166666,1.26149,29,95,5,2,0E-8,0.01225162,,0E-8,0.000000,0.915819,0.000000,,2026-04-07,2026-05-04,12,273,145,28,0.428571,,,0.000000,,,,,,,,GLOBAL_BASELINE_NO_ENTITY_RANKING,,,NOT_APPLICABLE_GLOBAL_BASELINE,HF9g-P5,,,,X 全窗基线 · 不参与实体赏罚,6873023,688,A168_HF9F_20260827_0900,2026-08-27 09:00:00
2026-04-17,136423177,2205,0,46.3812113930,-4.2164737630,-4.2164737630,0.5000000,2,2,0.49994810000000000,0.499948100000,0.00014679536856514622,0.00014679536856514622,0.00014679536856514622,0E-17,ELIGIBLE,R03b_20260811_FULL_v1,L1_ELIGIBILITY,v2026-08-11,2026-03-21..2026-08-06,baccarat_bet02_101_all_pairs_incl_sentinel,round_win = game_pnl > 0 (decisive only),COMPATIBILITY_ONLY_NOT_PRODUCTION,13723.1237,12567.9013,168.1305,430,430,-0.01225162,,-0.01225162,-0.01225162,-168.1305,13723.1237,OK,0.0000,6.7252,4.0000,96.0000,AG03-UNRESOLVED,ALL5_LEVELS_bet23_to_bet27,6.7252,6.7252,6.7252,10.0878,10.0878,4.000000,4.000000,4.000000,6.000000,6.000000,96.000000,96.000000,96.000000,94.000000,94.000000,5.0,40.3513,36.694,127.7792,131.4365,PENDING_AG03,FALSE,NOT_FOR_ENFORCEMENT,161.4053,12065.1853,168.1305,161.4053,6.7252,0.01225162,0.01176156,6.7252,161.4053,0.01176156,6.7252,6.7252,6.7252,10.0878,10.0878,161.4053,0.01176156,40.3513,36.694,127.7792,131.4365,0.00931123,0.00957774,0.00049006,31.9142,29.2277,0.3910,14.0109,0.6159,1143.5936,35.8333,,31.9142,21.0824,25.2988,42.1647,57.9765,65.3553,105.4118,23.1906,0.0,2.583333,4.166666,1.26149,29,95,5,2,0E-8,0.01225162,,0E-8,0.000000,0.915819,0.000000,,2026-04-07,2026-05-04,12,273,145,28,0.428571,,,0.000000,,,,,,,,GLOBAL_BASELINE_NO_ENTITY_RANKING,,,NOT_APPLICABLE_GLOBAL_BASELINE,HF9g-P5,,,,X 全窗基线 · 不参与实体赏罚,6873024,688,A168_HF9F_20260827_0900,2026-08-27 09:00:00
2026-04-17,136423177,2216,0,71.6800539708,-42.1647376299,-42.1647376299,0E-7,2,2,0.49994810000000000,0.499948100000,-0.9998962053866608,-0.9998962053866608,-0.9998962053866608,0E-17,ELIGIBLE,R03b_20260811_FULL_v1,L1_ELIGIBILITY,v2026-08-11,2026-03-21..2026-08-06,baccarat_bet02_101_all_pairs_incl_sentinel,round_win = game_pnl > 0 (decisive only),COMPATIBILITY_ONLY_NOT_PRODUCTION,13723.1237,12567.9013,168.1305,430,430,-0.01225162,,-0.01225162,-0.01225162,-168.1305,13723.1237,OK,0.0000,6.7252,4.0000,96.0000,AG03-UNRESOLVED,ALL5_LEVELS_bet23_to_bet27,6.7252,6.7252,6.7252,10.0878,10.0878,4.000000,4.000000,4.000000,6.000000,6.000000,96.000000,96.000000,96.000000,94.000000,94.000000,5.0,40.3513,36.694,127.7792,131.4365,PENDING_AG03,FALSE,NOT_FOR_ENFORCEMENT,161.4053,12065.1853,168.1305,161.4053,6.7252,0.01225162,0.01176156,6.7252,161.4053,0.01176156,6.7252,6.7252,6.7252,10.0878,10.0878,161.4053,0.01176156,40.3513,36.694,127.7792,131.4365,0.00931123,0.00957774,0.00049006,31.9142,29.2277,0.3910,14.0109,0.6159,1143.5936,35.8333,,31.9142,21.0824,25.2988,42.1647,57.9765,65.3553,105.4118,23.1906,0.0,2.583333,4.166666,1.26149,29,95,5,2,0E-8,0.01225162,,0E-8,0.000000,0.915819,0.000000,,2026-04-07,2026-05-04,12,273,145,28,0.428571,,,0.000000,,,,,,,,GLOBAL_BASELINE_NO_ENTITY_RANKING,,,NOT_APPLICABLE_GLOBAL_BASELINE,HF9g-P5,,,,X 全窗基线 · 不参与实体赏罚,6873025,688,A168_HF9F_20260827_0900,2026-08-27 09:00:00
2026-04-17,136423177,2218,0,42.1647376299,-42.1647376299,-42.1647376299,0E-7,1,1,0.50665070000000000,0.506650700000,-1.013391052207602,-1.013391052207602,-1.013391052207602,0E-17,ELIGIBLE,R03b_20260811_FULL_v1,L1_ELIGIBILITY,v2026-08-11,2026-03-21..2026-08-06,baccarat_bet02_101_all_pairs_incl_sentinel,round_win = game_pnl > 0 (decisive only),COMPATIBILITY_ONLY_NOT_PRODUCTION,13723.1237,12567.9013,168.1305,430,430,-0.01225162,,-0.01225162,-0.01225162,-168.1305,13723.1237,OK,0.0000,6.7252,4.0000,96.0000,AG03-UNRESOLVED,ALL5_LEVELS_bet23_to_bet27,6.7252,6.7252,6.7252,10.0878,10.0878,4.000000,4.000000,4.000000,6.000000,6.000000,96.000000,96.000000,96.000000,94.000000,94.000000,5.0,40.3513,36.694,127.7792,131.4365,PENDING_AG03,FALSE,NOT_FOR_ENFORCEMENT,161.4053,12065.1853,168.1305,161.4053,6.7252,0.01225162,0.01176156,6.7252,161.4053,0.01176156,6.7252,6.7252,6.7252,10.0878,10.0878,161.4053,0.01176156,40.3513,36.694,127.7792,131.4365,0.00931123,0.00957774,0.00049006,31.9142,29.2277,0.3910,14.0109,0.6159,1143.5936,35.8333,,31.9142,21.0824,25.2988,42.1647,57.9765,65.3553,105.4118,23.1906,0.0,2.583333,4.166666,1.26149,29,95,5,2,0E-8,0.01225162,,0E-8,0.000000,0.915819,0.000000,,2026-04-07,2026-05-04,12,273,145,28,0.428571,,,0.000000,,,,,,,,GLOBAL_BASELINE_NO_ENTITY_RANKING,,,NOT_APPLICABLE_GLOBAL_BASELINE,HF9g-P5,,,,X 全窗基线 · 不参与实体赏罚,6873026,688,A168_HF9F_20260827_0900,2026-08-27 09:00:00
2026-04-17,136423177,2222,0,153.9012923492,-35.8400269855,-35.8400269855,0.5000000,3,3,0.49771390000000000,0.497713900000,0.006466134837551399,0.0064661348375514,0.006466134837551399,0E-17,ELIGIBLE,R03b_20260811_FULL_v1,L1_ELIGIBILITY,v2026-08-11,2026-03-21..2026-08-06,baccarat_bet02_101_all_pairs_incl_sentinel,round_win = game_pnl > 0 (decisive only),COMPATIBILITY_ONLY_NOT_PRODUCTION,13723.1237,12567.9013,168.1305,430,430,-0.01225162,,-0.01225162,-0.01225162,-168.1305,13723.1237,OK,0.0000,6.7252,4.0000,96.0000,AG03-UNRESOLVED,ALL5_LEVELS_bet23_to_bet27,6.7252,6.7252,6.7252,10.0878,10.0878,4.000000,4.000000,4.000000,6.000000,6.000000,96.000000,96.000000,96.000000,94.000000,94.000000,5.0,40.3513,36.694,127.7792,131.4365,PENDING_AG03,FALSE,NOT_FOR_ENFORCEMENT,161.4053,12065.1853,168.1305,161.4053,6.7252,0.01225162,0.01176156,6.7252,161.4053,0.01176156,6.7252,6.7252,6.7252,10.0878,10.0878,161.4053,0.01176156,40.3513,36.694,127.7792,131.4365,0.00931123,0.00957774,0.00049006,31.9142,29.2277,0.3910,14.0109,0.6159,1143.5936,35.8333,,31.9142,21.0824,25.2988,42.1647,57.9765,65.3553,105.4118,23.1906,0.0,2.583333,4.166666,1.26149,29,95,5,2,0E-8,0.01225162,,0E-8,0.000000,0.915819,0.000000,,2026-04-07,2026-05-04,12,273,145,28,0.428571,,,0.000000,,,,,,,,GLOBAL_BASELINE_NO_ENTITY_RANKING,,,NOT_APPLICABLE_GLOBAL_BASELINE,HF9g-P5,,,,X 全窗基线 · 不参与实体赏罚,6873027,688,A168_HF9F_20260827_0900,2026-08-27 09:00:00
2026-04-17,136423177,2233,0,21.0823688150,21.0823688150,21.0823688150,1.0000000,1,1,0.49324550000000000,0.493245500000,1.01360149184955,1.01360149184955,1.01360149184955,0E-17,ELIGIBLE,R03b_20260811_FULL_v1,L1_ELIGIBILITY,v2026-08-11,2026-03-21..2026-08-06,baccarat_bet02_101_all_pairs_incl_sentinel,round_win = game_pnl > 0 (decisive only),COMPATIBILITY_ONLY_NOT_PRODUCTION,13723.1237,12567.9013,168.1305,430,430,-0.01225162,,-0.01225162,-0.01225162,-168.1305,13723.1237,OK,0.0000,6.7252,4.0000,96.0000,AG03-UNRESOLVED,ALL5_LEVELS_bet23_to_bet27,6.7252,6.7252,6.7252,10.0878,10.0878,4.000000,4.000000,4.000000,6.000000,6.000000,96.000000,96.000000,96.000000,94.000000,94.000000,5.0,40.3513,36.694,127.7792,131.4365,PENDING_AG03,FALSE,NOT_FOR_ENFORCEMENT,161.4053,12065.1853,168.1305,161.4053,6.7252,0.01225162,0.01176156,6.7252,161.4053,0.01176156,6.7252,6.7252,6.7252,10.0878,10.0878,161.4053,0.01176156,40.3513,36.694,127.7792,131.4365,0.00931123,0.00957774,0.00049006,31.9142,29.2277,0.3910,14.0109,0.6159,1143.5936,35.8333,,31.9142,21.0824,25.2988,42.1647,57.9765,65.3553,105.4118,23.1906,0.0,2.583333,4.166666,1.26149,29,95,5,2,0E-8,0.01225162,,0E-8,0.000000,0.915819,0.000000,,2026-04-07,2026-05-04,12,273,145,28,0.428571,,,0.000000,,,,,,,,GLOBAL_BASELINE_NO_ENTITY_RANKING,,,NOT_APPLICABLE_GLOBAL_BASELINE,HF9g-P5,,,,X 全窗基线 · 不参与实体赏罚,6873028,688,A168_HF9F_20260827_0900,2026-08-27 09:00:00
2026-04-17,136423177,2256,0,22.1364872557,22.1364872557,22.1364872557,1.0000000,1,1,0.49324550000000000,0.493245500000,1.01360149184955,1.01360149184955,1.01360149184955,0E-17,ELIGIBLE,R03b_20260811_FULL_v1,L1_ELIGIBILITY,v2026-08-11,2026-03-21..2026-08-06,baccarat_bet02_101_all_pairs_incl_sentinel,round_win = game_pnl > 0 (decisive only),COMPATIBILITY_ONLY_NOT_PRODUCTION,13723.1237,12567.9013,168.1305,430,430,-0.01225162,,-0.01225162,-0.01225162,-168.1305,13723.1237,OK,0.0000,6.7252,4.0000,96.0000,AG03-UNRESOLVED,ALL5_LEVELS_bet23_to_bet27,6.7252,6.7252,6.7252,10.0878,10.0878,4.000000,4.000000,4.000000,6.000000,6.000000,96.000000,96.000000,96.000000,94.000000,94.000000,5.0,40.3513,36.694,127.7792,131.4365,PENDING_AG03,FALSE,NOT_FOR_ENFORCEMENT,161.4053,12065.1853,168.1305,161.4053,6.7252,0.01225162,0.01176156,6.7252,161.4053,0.01176156,6.7252,6.7252,6.7252,10.0878,10.0878,161.4053,0.01176156,40.3513,36.694,127.7792,131.4365,0.00931123,0.00957774,0.00049006,31.9142,29.2277,0.3910,14.0109,0.6159,1143.5936,35.8333,,31.9142,21.0824,25.2988,42.1647,57.9765,65.3553,105.4118,23.1906,0.0,2.583333,4.166666,1.26149,29,95,5,2,0E-8,0.01225162,,0E-8,0.000000,0.915819,0.000000,,2026-04-07,2026-05-04,12,273,145,28,0.428571,,,0.000000,,,,,,,,GLOBAL_BASELINE_NO_ENTITY_RANKING,,,NOT_APPLICABLE_GLOBAL_BASELINE,HF9g-P5,,,,X 全窗基线 · 不参与实体赏罚,6873029,688,A168_HF9F_20260827_0900,2026-08-27 09:00:00
2026-04-17,136423177,550,0,80.1130014969,-9.6978896548,-9.6978896548,0.3333333,4,4,0.50329940000000000,0.503299400000,-0.5887925454369916,-0.5887925454369916,-0.5887925454369916,0E-17,ELIGIBLE,R03b_20260811_FULL_v1,L1_ELIGIBILITY,v2026-08-11,2026-03-21..2026-08-06,baccarat_bet02_101_all_pairs_incl_sentinel,round_win = game_pnl > 0 (decisive only),COMPATIBILITY_ONLY_NOT_PRODUCTION,13723.1237,12567.9013,168.1305,430,430,-0.01225162,,-0.01225162,-0.01225162,-168.1305,13723.1237,OK,0.0000,6.7252,4.0000,96.0000,AG03-UNRESOLVED,ALL5_LEVELS_bet23_to_bet27,6.7252,6.7252,6.7252,10.0878,10.0878,4.000000,4.000000,4.000000,6.000000,6.000000,96.000000,96.000000,96.000000,94.000000,94.000000,5.0,40.3513,36.694,127.7792,131.4365,PENDING_AG03,FALSE,NOT_FOR_ENFORCEMENT,161.4053,12065.1853,168.1305,161.4053,6.7252,0.01225162,0.01176156,6.7252,161.4053,0.01176156,6.7252,6.7252,6.7252,10.0878,10.0878,161.4053,0.01176156,40.3513,36.694,127.7792,131.4365,0.00931123,0.00957774,0.00049006,31.9142,29.2277,0.3910,14.0109,0.6159,1143.5936,35.8333,,31.9142,21.0824,25.2988,42.1647,57.9765,65.3553,105.4118,23.1906,0.0,2.583333,4.166666,1.26149,29,95,5,2,0E-8,0.01225162,,0E-8,0.000000,0.915819,0.000000,,2026-04-07,2026-05-04,12,273,145,28,0.428571,,,0.000000,,,,,,,,GLOBAL_BASELINE_NO_ENTITY_RANKING,,,NOT_APPLICABLE_GLOBAL_BASELINE,HF9g-P5,,,,X 全窗基线 · 不参与实体赏罚,6873030,688,A168_HF9F_20260827_0900,2026-08-27 09:00:00
2026-04-17,136423177,948,0,126.4942128898,0E-10,0E-10,0.5000000,2,2,0.49324550000000000,0.493245500000,0.01910635448239258,0.01910635448239258,0.01910635448239258,0E-17,ELIGIBLE,R03b_20260811_FULL_v1,L1_ELIGIBILITY,v2026-08-11,2026-03-21..2026-08-06,baccarat_bet02_101_all_pairs_incl_sentinel,round_win = game_pnl > 0 (decisive only),COMPATIBILITY_ONLY_NOT_PRODUCTION,13723.1237,12567.9013,168.1305,430,430,-0.01225162,,-0.01225162,-0.01225162,-168.1305,13723.1237,OK,0.0000,6.7252,4.0000,96.0000,AG03-UNRESOLVED,ALL5_LEVELS_bet23_to_bet27,6.7252,6.7252,6.7252,10.0878,10.0878,4.000000,4.000000,4.000000,6.000000,6.000000,96.000000,96.000000,96.000000,94.000000,94.000000,5.0,40.3513,36.694,127.7792,131.4365,PENDING_AG03,FALSE,NOT_FOR_ENFORCEMENT,161.4053,12065.1853,168.1305,161.4053,6.7252,0.01225162,0.01176156,6.7252,161.4053,0.01176156,6.7252,6.7252,6.7252,10.0878,10.0878,161.4053,0.01176156,40.3513,36.694,127.7792,131.4365,0.00931123,0.00957774,0.00049006,31.9142,29.2277,0.3910,14.0109,0.6159,1143.5936,35.8333,,31.9142,21.0824,25.2988,42.1647,57.9765,65.3553,105.4118,23.1906,0.0,2.583333,4.166666,1.26149,29,95,5,2,0E-8,0.01225162,,0E-8,0.000000,0.915819,0.000000,,2026-04-07,2026-05-04,12,273,145,28,0.428571,,,0.000000,,,,,,,,GLOBAL_BASELINE_NO_ENTITY_RANKING,,,NOT_APPLICABLE_GLOBAL_BASELINE,HF9g-P5,,,,X 全窗基线 · 不参与实体赏罚,6873031,688,A168_HF9F_20260827_0900,2026-08-27 09:00:00
2026-04-22,136423177,1017,0,30.5694347817,29.0409630426,29.0409630426,1.0000000,2,2,0.50665070000000000,0.506650700000,1.3955260008387969,1.3955260008387969,1.3955260008387969,0E-17,ELIGIBLE,R03b_20260811_FULL_v1,L1_ELIGIBILITY,v2026-08-11,2026-03-21..2026-08-06,baccarat_bet02_101_all_pairs_incl_sentinel,round_win = game_pnl > 0 (decisive only),COMPATIBILITY_ONLY_NOT_PRODUCTION,13723.1237,12567.9013,168.1305,430,430,-0.01225162,,-0.01225162,-0.01225162,-168.1305,13723.1237,OK,0.0000,6.7252,4.0000,96.0000,AG03-UNRESOLVED,ALL5_LEVELS_bet23_to_bet27,6.7252,6.7252,6.7252,10.0878,10.0878,4.000000,4.000000,4.000000,6.000000,6.000000,96.000000,96.000000,96.000000,94.000000,94.000000,5.0,40.3513,36.694,127.7792,131.4365,PENDING_AG03,FALSE,NOT_FOR_ENFORCEMENT,161.4053,12065.1853,168.1305,161.4053,6.7252,0.01225162,0.01176156,6.7252,161.4053,0.01176156,6.7252,6.7252,6.7252,10.0878,10.0878,161.4053,0.01176156,40.3513,36.694,127.7792,131.4365,0.00931123,0.00957774,0.00049006,31.9142,29.2277,0.3910,14.0109,0.6159,1143.5936,35.8333,,31.9142,21.0824,25.2988,42.1647,57.9765,65.3553,105.4118,23.1906,0.0,2.583333,4.166666,1.26149,29,95,5,2,0E-8,0.01225162,,0E-8,0.000000,0.915819,0.000000,,2026-04-07,2026-05-04,12,273,145,28,0.428571,,,0.000000,,,,,,,,GLOBAL_BASELINE_NO_ENTITY_RANKING,,,NOT_APPLICABLE_GLOBAL_BASELINE,HF9g-P5,,,,X 全窗基线 · 不参与实体赏罚,6873032,688,A168_HF9F_20260827_0900,2026-08-27 09:00:00
2026-04-22,136423177,1299,0,5.2705922037,0E-10,0E-10,,1,1,0.50665070000000000,0.506650700000,,,,0E-17,NO_DECISIVE_ROUND,R03b_20260811_FULL_v1,L1_ELIGIBILITY,v2026-08-11,2026-03-21..2026-08-06,baccarat_bet02_101_all_pairs_incl_sentinel,round_win = game_pnl > 0 (decisive only),COMPATIBILITY_ONLY_NOT_PRODUCTION,13723.1237,12567.9013,168.1305,430,430,-0.01225162,,-0.01225162,-0.01225162,-168.1305,13723.1237,OK,0.0000,6.7252,4.0000,96.0000,AG03-UNRESOLVED,ALL5_LEVELS_bet23_to_bet27,6.7252,6.7252,6.7252,10.0878,10.0878,4.000000,4.000000,4.000000,6.000000,6.000000,96.000000,96.000000,96.000000,94.000000,94.000000,5.0,40.3513,36.694,127.7792,131.4365,PENDING_AG03,FALSE,NOT_FOR_ENFORCEMENT,161.4053,12065.1853,168.1305,161.4053,6.7252,0.01225162,0.01176156,6.7252,161.4053,0.01176156,6.7252,6.7252,6.7252,10.0878,10.0878,161.4053,0.01176156,40.3513,36.694,127.7792,131.4365,0.00931123,0.00957774,0.00049006,31.9142,29.2277,0.3910,14.0109,0.6159,1143.5936,35.8333,,31.9142,21.0824,25.2988,42.1647,57.9765,65.3553,105.4118,23.1906,0.0,2.583333,4.166666,1.26149,29,95,5,2,0E-8,0.01225162,,0E-8,0.000000,0.915819,0.000000,,2026-04-07,2026-05-04,12,273,145,28,0.428571,,,0.000000,,,,,,,,GLOBAL_BASELINE_NO_ENTITY_RANKING,,,NOT_APPLICABLE_GLOBAL_BASELINE,HF9g-P5,,,,X 全窗基线 · 不参与实体赏罚,6873033,688,A168_HF9F_20260827_0900,2026-08-27 09:00:00
2026-04-22,136423177,2075,0,23.1906056965,-23.1906056965,-23.1906056965,0E-7,1,1,0.50665070000000000,0.506650700000,-1.013391052207602,-1.013391052207602,-1.013391052207602,0E-17,ELIGIBLE,R03b_20260811_FULL_v1,L1_ELIGIBILITY,v2026-08-11,2026-03-21..2026-08-06,baccarat_bet02_101_all_pairs_incl_sentinel,round_win = game_pnl > 0 (decisive only),COMPATIBILITY_ONLY_NOT_PRODUCTION,13723.1237,12567.9013,168.1305,430,430,-0.01225162,,-0.01225162,-0.01225162,-168.1305,13723.1237,OK,0.0000,6.7252,4.0000,96.0000,AG03-UNRESOLVED,ALL5_LEVELS_bet23_to_bet27,6.7252,6.7252,6.7252,10.0878,10.0878,4.000000,4.000000,4.000000,6.000000,6.000000,96.000000,96.000000,96.000000,94.000000,94.000000,5.0,40.3513,36.694,127.7792,131.4365,PENDING_AG03,FALSE,NOT_FOR_ENFORCEMENT,161.4053,12065.1853,168.1305,161.4053,6.7252,0.01225162,0.01176156,6.7252,161.4053,0.01176156,6.7252,6.7252,6.7252,10.0878,10.0878,161.4053,0.01176156,40.3513,36.694,127.7792,131.4365,0.00931123,0.00957774,0.00049006,31.9142,29.2277,0.3910,14.0109,0.6159,1143.5936,35.8333,,31.9142,21.0824,25.2988,42.1647,57.9765,65.3553,105.4118,23.1906,0.0,2.583333,4.166666,1.26149,29,95,5,2,0E-8,0.01225162,,0E-8,0.000000,0.915819,0.000000,,2026-04-07,2026-05-04,12,273,145,28,0.428571,,,0.000000,,,,,,,,GLOBAL_BASELINE_NO_ENTITY_RANKING,,,NOT_APPLICABLE_GLOBAL_BASELINE,HF9g-P5,,,,X 全窗基线 · 不参与实体赏罚,6873034,688,A168_HF9F_20260827_0900,2026-08-27 09:00:00
2026-04-22,136423177,2088,0,21.0823688150,-21.0823688150,-21.0823688150,0E-7,1,1,0.49324550000000000,0.493245500000,-0.9865810262130424,-0.9865810262130424,-0.9865810262130424,0E-17,ELIGIBLE,R03b_20260811_FULL_v1,L1_ELIGIBILITY,v2026-08-11,2026-03-21..2026-08-06,baccarat_bet02_101_all_pairs_incl_sentinel,round_win = game_pnl > 0 (decisive only),COMPATIBILITY_ONLY_NOT_PRODUCTION,13723.1237,12567.9013,168.1305,430,430,-0.01225162,,-0.01225162,-0.01225162,-168.1305,13723.1237,OK,0.0000,6.7252,4.0000,96.0000,AG03-UNRESOLVED,ALL5_LEVELS_bet23_to_bet27,6.7252,6.7252,6.7252,10.0878,10.0878,4.000000,4.000000,4.000000,6.000000,6.000000,96.000000,96.000000,96.000000,94.000000,94.000000,5.0,40.3513,36.694,127.7792,131.4365,PENDING_AG03,FALSE,NOT_FOR_ENFORCEMENT,161.4053,12065.1853,168.1305,161.4053,6.7252,0.01225162,0.01176156,6.7252,161.4053,0.01176156,6.7252,6.7252,6.7252,10.0878,10.0878,161.4053,0.01176156,40.3513,36.694,127.7792,131.4365,0.00931123,0.00957774,0.00049006,31.9142,29.2277,0.3910,14.0109,0.6159,1143.5936,35.8333,,31.9142,21.0824,25.2988,42.1647,57.9765,65.3553,105.4118,23.1906,0.0,2.583333,4.166666,1.26149,29,95,5,2,0E-8,0.01225162,,0E-8,0.000000,0.915819,0.000000,,2026-04-07,2026-05-04,12,273,145,28,0.428571,,,0.000000,,,,,,,,GLOBAL_BASELINE_NO_ENTITY_RANKING,,,NOT_APPLICABLE_GLOBAL_BASELINE,HF9g-P5,,,,X 全窗基线 · 不参与实体赏罚,6873035,688,A168_HF9F_20260827_0900,2026-08-27 09:00:00
2026-04-22,136423177,2170,0,11.5953028482,11.0155377058,11.0155377058,1.0000000,1,1,0.50665070000000000,0.506650700000,0.9867858985152569,0.9867858985152569,0.9867858985152569,0E-17,ELIGIBLE,R03b_20260811_FULL_v1,L1_ELIGIBILITY,v2026-08-11,2026-03-21..2026-08-06,baccarat_bet02_101_all_pairs_incl_sentinel,round_win = game_pnl > 0 (decisive only),COMPATIBILITY_ONLY_NOT_PRODUCTION,13723.1237,12567.9013,168.1305,430,430,-0.01225162,,-0.01225162,-0.01225162,-168.1305,13723.1237,OK,0.0000,6.7252,4.0000,96.0000,AG03-UNRESOLVED,ALL5_LEVELS_bet23_to_bet27,6.7252,6.7252,6.7252,10.0878,10.0878,4.000000,4.000000,4.000000,6.000000,6.000000,96.000000,96.000000,96.000000,94.000000,94.000000,5.0,40.3513,36.694,127.7792,131.4365,PENDING_AG03,FALSE,NOT_FOR_ENFORCEMENT,161.4053,12065.1853,168.1305,161.4053,6.7252,0.01225162,0.01176156,6.7252,161.4053,0.01176156,6.7252,6.7252,6.7252,10.0878,10.0878,161.4053,0.01176156,40.3513,36.694,127.7792,131.4365,0.00931123,0.00957774,0.00049006,31.9142,29.2277,0.3910,14.0109,0.6159,1143.5936,35.8333,,31.9142,21.0824,25.2988,42.1647,57.9765,65.3553,105.4118,23.1906,0.0,2.583333,4.166666,1.26149,29,95,5,2,0E-8,0.01225162,,0E-8,0.000000,0.915819,0.000000,,2026-04-07,2026-05-04,12,273,145,28,0.428571,,,0.000000,,,,,,,,GLOBAL_BASELINE_NO_ENTITY_RANKING,,,NOT_APPLICABLE_GLOBAL_BASELINE,HF9g-P5,,,,X 全窗基线 · 不参与实体赏罚,6873036,688,A168_HF9F_20260827_0900,2026-08-27 09:00:00
2026-04-22,136423177,2188,0,8.4329475260,-8.4329475260,-8.4329475260,0E-7,1,1,0.50665070000000000,0.506650700000,-1.013391052207602,-1.013391052207602,-1.013391052207602,0E-17,ELIGIBLE,R03b_20260811_FULL_v1,L1_ELIGIBILITY,v2026-08-11,2026-03-21..2026-08-06,baccarat_bet02_101_all_pairs_incl_sentinel,round_win = game_pnl > 0 (decisive only),COMPATIBILITY_ONLY_NOT_PRODUCTION,13723.1237,12567.9013,168.1305,430,430,-0.01225162,,-0.01225162,-0.01225162,-168.1305,13723.1237,OK,0.0000,6.7252,4.0000,96.0000,AG03-UNRESOLVED,ALL5_LEVELS_bet23_to_bet27,6.7252,6.7252,6.7252,10.0878,10.0878,4.000000,4.000000,4.000000,6.000000,6.000000,96.000000,96.000000,96.000000,94.000000,94.000000,5.0,40.3513,36.694,127.7792,131.4365,PENDING_AG03,FALSE,NOT_FOR_ENFORCEMENT,161.4053,12065.1853,168.1305,161.4053,6.7252,0.01225162,0.01176156,6.7252,161.4053,0.01176156,6.7252,6.7252,6.7252,10.0878,10.0878,161.4053,0.01176156,40.3513,36.694,127.7792,131.4365,0.00931123,0.00957774,0.00049006,31.9142,29.2277,0.3910,14.0109,0.6159,1143.5936,35.8333,,31.9142,21.0824,25.2988,42.1647,57.9765,65.3553,105.4118,23.1906,0.0,2.583333,4.166666,1.26149,29,95,5,2,0E-8,0.01225162,,0E-8,0.000000,0.915819,0.000000,,2026-04-07,2026-05-04,12,273,145,28,0.428571,,,0.000000,,,,,,,,GLOBAL_BASELINE_NO_ENTITY_RANKING,,,NOT_APPLICABLE_GLOBAL_BASELINE,HF9g-P5,,,,X 全窗基线 · 不参与实体赏罚,6873037,688,A168_HF9F_20260827_0900,2026-08-27 09:00:00
2026-04-22,136423177,2220,0,4.2164737630,4.2164737630,4.2164737630,1.0000000,1,1,0.49324550000000000,0.493245500000,1.01360149184955,1.01360149184955,1.01360149184955,0E-17,ELIGIBLE,R03b_20260811_FULL_v1,L1_ELIGIBILITY,v2026-08-11,2026-03-21..2026-08-06,baccarat_bet02_101_all_pairs_incl_sentinel,round_win = game_pnl > 0 (decisive only),COMPATIBILITY_ONLY_NOT_PRODUCTION,13723.1237,12567.9013,168.1305,430,430,-0.01225162,,-0.01225162,-0.01225162,-168.1305,13723.1237,OK,0.0000,6.7252,4.0000,96.0000,AG03-UNRESOLVED,ALL5_LEVELS_bet23_to_bet27,6.7252,6.7252,6.7252,10.0878,10.0878,4.000000,4.000000,4.000000,6.000000,6.000000,96.000000,96.000000,96.000000,94.000000,94.000000,5.0,40.3513,36.694,127.7792,131.4365,PENDING_AG03,FALSE,NOT_FOR_ENFORCEMENT,161.4053,12065.1853,168.1305,161.4053,6.7252,0.01225162,0.01176156,6.7252,161.4053,0.01176156,6.7252,6.7252,6.7252,10.0878,10.0878,161.4053,0.01176156,40.3513,36.694,127.7792,131.4365,0.00931123,0.00957774,0.00049006,31.9142,29.2277,0.3910,14.0109,0.6159,1143.5936,35.8333,,31.9142,21.0824,25.2988,42.1647,57.9765,65.3553,105.4118,23.1906,0.0,2.583333,4.166666,1.26149,29,95,5,2,0E-8,0.01225162,,0E-8,0.000000,0.915819,0.000000,,2026-04-07,2026-05-04,12,273,145,28,0.428571,,,0.000000,,,,,,,,GLOBAL_BASELINE_NO_ENTITY_RANKING,,,NOT_APPLICABLE_GLOBAL_BASELINE,HF9g-P5,,,,X 全窗基线 · 不参与实体赏罚,6873038,688,A168_HF9F_20260827_0900,2026-08-27 09:00:00
2026-04-22,136423177,2229,0,21.0823688149,-2.5825901798,-2.5825901798,0.5000000,2,2,0.50665070000000000,0.506650700000,-0.018812684590367487,-0.018812684590367487,-0.018812684590367487,0E-17,ELIGIBLE,R03b_20260811_FULL_v1,L1_ELIGIBILITY,v2026-08-11,2026-03-21..2026-08-06,baccarat_bet02_101_all_pairs_incl_sentinel,round_win = game_pnl > 0 (decisive only),COMPATIBILITY_ONLY_NOT_PRODUCTION,13723.1237,12567.9013,168.1305,430,430,-0.01225162,,-0.01225162,-0.01225162,-168.1305,13723.1237,OK,0.0000,6.7252,4.0000,96.0000,AG03-UNRESOLVED,ALL5_LEVELS_bet23_to_bet27,6.7252,6.7252,6.7252,10.0878,10.0878,4.000000,4.000000,4.000000,6.000000,6.000000,96.000000,96.000000,96.000000,94.000000,94.000000,5.0,40.3513,36.694,127.7792,131.4365,PENDING_AG03,FALSE,NOT_FOR_ENFORCEMENT,161.4053,12065.1853,168.1305,161.4053,6.7252,0.01225162,0.01176156,6.7252,161.4053,0.01176156,6.7252,6.7252,6.7252,10.0878,10.0878,161.4053,0.01176156,40.3513,36.694,127.7792,131.4365,0.00931123,0.00957774,0.00049006,31.9142,29.2277,0.3910,14.0109,0.6159,1143.5936,35.8333,,31.9142,21.0824,25.2988,42.1647,57.9765,65.3553,105.4118,23.1906,0.0,2.583333,4.166666,1.26149,29,95,5,2,0E-8,0.01225162,,0E-8,0.000000,0.915819,0.000000,,2026-04-07,2026-05-04,12,273,145,28,0.428571,,,0.000000,,,,,,,,GLOBAL_BASELINE_NO_ENTITY_RANKING,,,NOT_APPLICABLE_GLOBAL_BASELINE,HF9g-P5,,,,X 全窗基线 · 不参与实体赏罚,6873039,688,A168_HF9F_20260827_0900,2026-08-27 09:00:00
2026-04-22,136423177,2244,0,11.5953028482,11.0155377058,11.0155377058,1.0000000,1,1,0.50665070000000000,0.506650700000,0.9867858985152569,0.9867858985152569,0.9867858985152569,0E-17,ELIGIBLE,R03b_20260811_FULL_v1,L1_ELIGIBILITY,v2026-08-11,2026-03-21..2026-08-06,baccarat_bet02_101_all_pairs_incl_sentinel,round_win = game_pnl > 0 (decisive only),COMPATIBILITY_ONLY_NOT_PRODUCTION,13723.1237,12567.9013,168.1305,430,430,-0.01225162,,-0.01225162,-0.01225162,-168.1305,13723.1237,OK,0.0000,6.7252,4.0000,96.0000,AG03-UNRESOLVED,ALL5_LEVELS_bet23_to_bet27,6.7252,6.7252,6.7252,10.0878,10.0878,4.000000,4.000000,4.000000,6.000000,6.000000,96.000000,96.000000,96.000000,94.000000,94.000000,5.0,40.3513,36.694,127.7792,131.4365,PENDING_AG03,FALSE,NOT_FOR_ENFORCEMENT,161.4053,12065.1853,168.1305,161.4053,6.7252,0.01225162,0.01176156,6.7252,161.4053,0.01176156,6.7252,6.7252,6.7252,10.0878,10.0878,161.4053,0.01176156,40.3513,36.694,127.7792,131.4365,0.00931123,0.00957774,0.00049006,31.9142,29.2277,0.3910,14.0109,0.6159,1143.5936,35.8333,,31.9142,21.0824,25.2988,42.1647,57.9765,65.3553,105.4118,23.1906,0.0,2.583333,4.166666,1.26149,29,95,5,2,0E-8,0.01225162,,0E-8,0.000000,0.915819,0.000000,,2026-04-07,2026-05-04,12,273,145,28,0.428571,,,0.000000,,,,,,,,GLOBAL_BASELINE_NO_ENTITY_RANKING,,,NOT_APPLICABLE_GLOBAL_BASELINE,HF9g-P5,,,,X 全窗基线 · 不参与实体赏罚,6873040,688,A168_HF9F_20260827_0900,2026-08-27 09:00:00
2026-04-28,136423177,-1,1,74.8424092932,-53.7600404782,-53.7600404782,0E-7,4,4,0.49659680000000000,0.496596800000,-1.7203016256901094,-1.7203016256901091,-1.7203016256901094,0E-17,SENTINEL_DEALER,R03b_20260811_FULL_v1,L1_ELIGIBILITY,v2026-08-11,2026-03-21..2026-08-06,baccarat_bet02_101_all_pairs_incl_sentinel,round_win = game_pnl > 0 (decisive only),COMPATIBILITY_ONLY_NOT_PRODUCTION,13723.1237,12567.9013,168.1305,430,430,-0.01225162,,-0.01225162,-0.01225162,-168.1305,13723.1237,OK,0.0000,6.7252,4.0000,96.0000,AG03-UNRESOLVED,ALL5_LEVELS_bet23_to_bet27,6.7252,6.7252,6.7252,10.0878,10.0878,4.000000,4.000000,4.000000,6.000000,6.000000,96.000000,96.000000,96.000000,94.000000,94.000000,5.0,40.3513,36.694,127.7792,131.4365,PENDING_AG03,FALSE,NOT_FOR_ENFORCEMENT,161.4053,12065.1853,168.1305,161.4053,6.7252,0.01225162,0.01176156,6.7252,161.4053,0.01176156,6.7252,6.7252,6.7252,10.0878,10.0878,161.4053,0.01176156,40.3513,36.694,127.7792,131.4365,0.00931123,0.00957774,0.00049006,31.9142,29.2277,0.3910,14.0109,0.6159,1143.5936,35.8333,,31.9142,21.0824,25.2988,42.1647,57.9765,65.3553,105.4118,23.1906,0.0,2.583333,4.166666,1.26149,29,95,5,2,0E-8,0.01225162,,0E-8,0.000000,0.915819,0.000000,,2026-04-07,2026-05-04,12,273,145,28,0.428571,,,0.000000,,,,,,,,GLOBAL_BASELINE_NO_ENTITY_RANKING,,,NOT_APPLICABLE_GLOBAL_BASELINE,HF9g-P5,,,,X 全窗基线 · 不参与实体赏罚,6873041,688,A168_HF9F_20260827_0900,2026-08-27 09:00:00
2026-04-28,136423177,1330,0,35.8400269855,14.0197752619,14.0197752619,0.6666667,3,3,0.49771390000000000,0.497713900000,0.5852756695216578,0.5852756695216578,0.5852756695216578,0E-17,ELIGIBLE,R03b_20260811_FULL_v1,L1_ELIGIBILITY,v2026-08-11,2026-03-21..2026-08-06,baccarat_bet02_101_all_pairs_incl_sentinel,round_win = game_pnl > 0 (decisive only),COMPATIBILITY_ONLY_NOT_PRODUCTION,13723.1237,12567.9013,168.1305,430,430,-0.01225162,,-0.01225162,-0.01225162,-168.1305,13723.1237,OK,0.0000,6.7252,4.0000,96.0000,AG03-UNRESOLVED,ALL5_LEVELS_bet23_to_bet27,6.7252,6.7252,6.7252,10.0878,10.0878,4.000000,4.000000,4.000000,6.000000,6.000000,96.000000,96.000000,96.000000,94.000000,94.000000,5.0,40.3513,36.694,127.7792,131.4365,PENDING_AG03,FALSE,NOT_FOR_ENFORCEMENT,161.4053,12065.1853,168.1305,161.4053,6.7252,0.01225162,0.01176156,6.7252,161.4053,0.01176156,6.7252,6.7252,6.7252,10.0878,10.0878,161.4053,0.01176156,40.3513,36.694,127.7792,131.4365,0.00931123,0.00957774,0.00049006,31.9142,29.2277,0.3910,14.0109,0.6159,1143.5936,35.8333,,31.9142,21.0824,25.2988,42.1647,57.9765,65.3553,105.4118,23.1906,0.0,2.583333,4.166666,1.26149,29,95,5,2,0E-8,0.01225162,,0E-8,0.000000,0.915819,0.000000,,2026-04-07,2026-05-04,12,273,145,28,0.428571,,,0.000000,,,,,,,,GLOBAL_BASELINE_NO_ENTITY_RANKING,,,NOT_APPLICABLE_GLOBAL_BASELINE,HF9g-P5,,,,X 全窗基线 · 不参与实体赏罚,6873042,688,A168_HF9F_20260827_0900,2026-08-27 09:00:00
2026-04-28,136423177,1383,0,10.5411844075,-10.5411844075,-10.5411844075,0E-7,1,1,0.49324550000000000,0.493245500000,-0.9865810262130424,-0.9865810262130424,-0.9865810262130424,0E-17,ELIGIBLE,R03b_20260811_FULL_v1,L1_ELIGIBILITY,v2026-08-11,2026-03-21..2026-08-06,baccarat_bet02_101_all_pairs_incl_sentinel,round_win = game_pnl > 0 (decisive only),COMPATIBILITY_ONLY_NOT_PRODUCTION,13723.1237,12567.9013,168.1305,430,430,-0.01225162,,-0.01225162,-0.01225162,-168.1305,13723.1237,OK,0.0000,6.7252,4.0000,96.0000,AG03-UNRESOLVED,ALL5_LEVELS_bet23_to_bet27,6.7252,6.7252,6.7252,10.0878,10.0878,4.000000,4.000000,4.000000,6.000000,6.000000,96.000000,96.000000,96.000000,94.000000,94.000000,5.0,40.3513,36.694,127.7792,131.4365,PENDING_AG03,FALSE,NOT_FOR_ENFORCEMENT,161.4053,12065.1853,168.1305,161.4053,6.7252,0.01225162,0.01176156,6.7252,161.4053,0.01176156,6.7252,6.7252,6.7252,10.0878,10.0878,161.4053,0.01176156,40.3513,36.694,127.7792,131.4365,0.00931123,0.00957774,0.00049006,31.9142,29.2277,0.3910,14.0109,0.6159,1143.5936,35.8333,,31.9142,21.0824,25.2988,42.1647,57.9765,65.3553,105.4118,23.1906,0.0,2.583333,4.166666,1.26149,29,95,5,2,0E-8,0.01225162,,0E-8,0.000000,0.915819,0.000000,,2026-04-07,2026-05-04,12,273,145,28,0.428571,,,0.000000,,,,,,,,GLOBAL_BASELINE_NO_ENTITY_RANKING,,,NOT_APPLICABLE_GLOBAL_BASELINE,HF9g-P5,,,,X 全窗基线 · 不参与实体赏罚,6873043,688,A168_HF9F_20260827_0900,2026-08-27 09:00:00
2026-04-28,136423177,1396,0,14.7576581705,14.0197752619,14.0197752619,1.0000000,1,1,0.50665070000000000,0.506650700000,0.9867858985152569,0.9867858985152569,0.9867858985152569,0E-17,ELIGIBLE,R03b_20260811_FULL_v1,L1_ELIGIBILITY,v2026-08-11,2026-03-21..2026-08-06,baccarat_bet02_101_all_pairs_incl_sentinel,round_win = game_pnl > 0 (decisive only),COMPATIBILITY_ONLY_NOT_PRODUCTION,13723.1237,12567.9013,168.1305,430,430,-0.01225162,,-0.01225162,-0.01225162,-168.1305,13723.1237,OK,0.0000,6.7252,4.0000,96.0000,AG03-UNRESOLVED,ALL5_LEVELS_bet23_to_bet27,6.7252,6.7252,6.7252,10.0878,10.0878,4.000000,4.000000,4.000000,6.000000,6.000000,96.000000,96.000000,96.000000,94.000000,94.000000,5.0,40.3513,36.694,127.7792,131.4365,PENDING_AG03,FALSE,NOT_FOR_ENFORCEMENT,161.4053,12065.1853,168.1305,161.4053,6.7252,0.01225162,0.01176156,6.7252,161.4053,0.01176156,6.7252,6.7252,6.7252,10.0878,10.0878,161.4053,0.01176156,40.3513,36.694,127.7792,131.4365,0.00931123,0.00957774,0.00049006,31.9142,29.2277,0.3910,14.0109,0.6159,1143.5936,35.8333,,31.9142,21.0824,25.2988,42.1647,57.9765,65.3553,105.4118,23.1906,0.0,2.583333,4.166666,1.26149,29,95,5,2,0E-8,0.01225162,,0E-8,0.000000,0.915819,0.000000,,2026-04-07,2026-05-04,12,273,145,28,0.428571,,,0.000000,,,,,,,,GLOBAL_BASELINE_NO_ENTITY_RANKING,,,NOT_APPLICABLE_GLOBAL_BASELINE,HF9g-P5,,,,X 全窗基线 · 不参与实体赏罚,6873044,688,A168_HF9F_20260827_0900,2026-08-27 09:00:00
2026-04-28,136423177,1645,0,75.8965277339,-12.6494212891,-12.6494212891,0.2500000,4,4,0.49659680000000000,0.496596800000,-0.9864100490137353,-0.9864100490137354,-0.9864100490137353,0E-17,ELIGIBLE,R03b_20260811_FULL_v1,L1_ELIGIBILITY,v2026-08-11,2026-03-21..2026-08-06,baccarat_bet02_101_all_pairs_incl_sentinel,round_win = game_pnl > 0 (decisive only),COMPATIBILITY_ONLY_NOT_PRODUCTION,13723.1237,12567.9013,168.1305,430,430,-0.01225162,,-0.01225162,-0.01225162,-168.1305,13723.1237,OK,0.0000,6.7252,4.0000,96.0000,AG03-UNRESOLVED,ALL5_LEVELS_bet23_to_bet27,6.7252,6.7252,6.7252,10.0878,10.0878,4.000000,4.000000,4.000000,6.000000,6.000000,96.000000,96.000000,96.000000,94.000000,94.000000,5.0,40.3513,36.694,127.7792,131.4365,PENDING_AG03,FALSE,NOT_FOR_ENFORCEMENT,161.4053,12065.1853,168.1305,161.4053,6.7252,0.01225162,0.01176156,6.7252,161.4053,0.01176156,6.7252,6.7252,6.7252,10.0878,10.0878,161.4053,0.01176156,40.3513,36.694,127.7792,131.4365,0.00931123,0.00957774,0.00049006,31.9142,29.2277,0.3910,14.0109,0.6159,1143.5936,35.8333,,31.9142,21.0824,25.2988,42.1647,57.9765,65.3553,105.4118,23.1906,0.0,2.583333,4.166666,1.26149,29,95,5,2,0E-8,0.01225162,,0E-8,0.000000,0.915819,0.000000,,2026-04-07,2026-05-04,12,273,145,28,0.428571,,,0.000000,,,,,,,,GLOBAL_BASELINE_NO_ENTITY_RANKING,,,NOT_APPLICABLE_GLOBAL_BASELINE,HF9g-P5,,,,X 全窗基线 · 不参与实体赏罚,6873045,688,A168_HF9F_20260827_0900,2026-08-27 09:00:00
2026-04-28,136423177,2156,0,22.1364872557,22.1364872557,22.1364872557,1.0000000,1,1,0.49324550000000000,0.493245500000,1.01360149184955,1.01360149184955,1.01360149184955,0E-17,ELIGIBLE,R03b_20260811_FULL_v1,L1_ELIGIBILITY,v2026-08-11,2026-03-21..2026-08-06,baccarat_bet02_101_all_pairs_incl_sentinel,round_win = game_pnl > 0 (decisive only),COMPATIBILITY_ONLY_NOT_PRODUCTION,13723.1237,12567.9013,168.1305,430,430,-0.01225162,,-0.01225162,-0.01225162,-168.1305,13723.1237,OK,0.0000,6.7252,4.0000,96.0000,AG03-UNRESOLVED,ALL5_LEVELS_bet23_to_bet27,6.7252,6.7252,6.7252,10.0878,10.0878,4.000000,4.000000,4.000000,6.000000,6.000000,96.000000,96.000000,96.000000,94.000000,94.000000,5.0,40.3513,36.694,127.7792,131.4365,PENDING_AG03,FALSE,NOT_FOR_ENFORCEMENT,161.4053,12065.1853,168.1305,161.4053,6.7252,0.01225162,0.01176156,6.7252,161.4053,0.01176156,6.7252,6.7252,6.7252,10.0878,10.0878,161.4053,0.01176156,40.3513,36.694,127.7792,131.4365,0.00931123,0.00957774,0.00049006,31.9142,29.2277,0.3910,14.0109,0.6159,1143.5936,35.8333,,31.9142,21.0824,25.2988,42.1647,57.9765,65.3553,105.4118,23.1906,0.0,2.583333,4.166666,1.26149,29,95,5,2,0E-8,0.01225162,,0E-8,0.000000,0.915819,0.000000,,2026-04-07,2026-05-04,12,273,145,28,0.428571,,,0.000000,,,,,,,,GLOBAL_BASELINE_NO_ENTITY_RANKING,,,NOT_APPLICABLE_GLOBAL_BASELINE,HF9g-P5,,,,X 全窗基线 · 不参与实体赏罚,6873046,688,A168_HF9F_20260827_0900,2026-08-27 09:00:00
2026-04-28,136423177,2188,0,23.1906056965,-23.1906056965,-23.1906056965,0E-7,1,1,0.50665070000000000,0.506650700000,-1.013391052207602,-1.013391052207602,-1.013391052207602,0E-17,ELIGIBLE,R03b_20260811_FULL_v1,L1_ELIGIBILITY,v2026-08-11,2026-03-21..2026-08-06,baccarat_bet02_101_all_pairs_incl_sentinel,round_win = game_pnl > 0 (decisive only),COMPATIBILITY_ONLY_NOT_PRODUCTION,13723.1237,12567.9013,168.1305,430,430,-0.01225162,,-0.01225162,-0.01225162,-168.1305,13723.1237,OK,0.0000,6.7252,4.0000,96.0000,AG03-UNRESOLVED,ALL5_LEVELS_bet23_to_bet27,6.7252,6.7252,6.7252,10.0878,10.0878,4.000000,4.000000,4.000000,6.000000,6.000000,96.000000,96.000000,96.000000,94.000000,94.000000,5.0,40.3513,36.694,127.7792,131.4365,PENDING_AG03,FALSE,NOT_FOR_ENFORCEMENT,161.4053,12065.1853,168.1305,161.4053,6.7252,0.01225162,0.01176156,6.7252,161.4053,0.01176156,6.7252,6.7252,6.7252,10.0878,10.0878,161.4053,0.01176156,40.3513,36.694,127.7792,131.4365,0.00931123,0.00957774,0.00049006,31.9142,29.2277,0.3910,14.0109,0.6159,1143.5936,35.8333,,31.9142,21.0824,25.2988,42.1647,57.9765,65.3553,105.4118,23.1906,0.0,2.583333,4.166666,1.26149,29,95,5,2,0E-8,0.01225162,,0E-8,0.000000,0.915819,0.000000,,2026-04-07,2026-05-04,12,273,145,28,0.428571,,,0.000000,,,,,,,,GLOBAL_BASELINE_NO_ENTITY_RANKING,,,NOT_APPLICABLE_GLOBAL_BASELINE,HF9g-P5,,,,X 全窗基线 · 不参与实体赏罚,6873047,688,A168_HF9F_20260827_0900,2026-08-27 09:00:00
2026-04-28,136423177,2202,0,56.9223958004,-56.9223958004,-56.9223958004,0E-7,2,2,0.49994810000000000,0.499948100000,-1.4140667746232096,-1.4140667746232096,-1.4140667746232096,0E-17,ELIGIBLE,R03b_20260811_FULL_v1,L1_ELIGIBILITY,v2026-08-11,2026-03-21..2026-08-06,baccarat_bet02_101_all_pairs_incl_sentinel,round_win = game_pnl > 0 (decisive only),COMPATIBILITY_ONLY_NOT_PRODUCTION,13723.1237,12567.9013,168.1305,430,430,-0.01225162,,-0.01225162,-0.01225162,-168.1305,13723.1237,OK,0.0000,6.7252,4.0000,96.0000,AG03-UNRESOLVED,ALL5_LEVELS_bet23_to_bet27,6.7252,6.7252,6.7252,10.0878,10.0878,4.000000,4.000000,4.000000,6.000000,6.000000,96.000000,96.000000,96.000000,94.000000,94.000000,5.0,40.3513,36.694,127.7792,131.4365,PENDING_AG03,FALSE,NOT_FOR_ENFORCEMENT,161.4053,12065.1853,168.1305,161.4053,6.7252,0.01225162,0.01176156,6.7252,161.4053,0.01176156,6.7252,6.7252,6.7252,10.0878,10.0878,161.4053,0.01176156,40.3513,36.694,127.7792,131.4365,0.00931123,0.00957774,0.00049006,31.9142,29.2277,0.3910,14.0109,0.6159,1143.5936,35.8333,,31.9142,21.0824,25.2988,42.1647,57.9765,65.3553,105.4118,23.1906,0.0,2.583333,4.166666,1.26149,29,95,5,2,0E-8,0.01225162,,0E-8,0.000000,0.915819,0.000000,,2026-04-07,2026-05-04,12,273,145,28,0.428571,,,0.000000,,,,,,,,GLOBAL_BASELINE_NO_ENTITY_RANKING,,,NOT_APPLICABLE_GLOBAL_BASELINE,HF9g-P5,,,,X 全窗基线 · 不参与实体赏罚,6873048,688,A168_HF9F_20260827_0900,2026-08-27 09:00:00
2026-04-28,136423177,2224,0,12.6494212890,12.6494212890,12.6494212890,1.0000000,1,1,0.49324550000000000,0.493245500000,1.01360149184955,1.01360149184955,1.01360149184955,0E-17,ELIGIBLE,R03b_20260811_FULL_v1,L1_ELIGIBILITY,v2026-08-11,2026-03-21..2026-08-06,baccarat_bet02_101_all_pairs_incl_sentinel,round_win = game_pnl > 0 (decisive only),COMPATIBILITY_ONLY_NOT_PRODUCTION,13723.1237,12567.9013,168.1305,430,430,-0.01225162,,-0.01225162,-0.01225162,-168.1305,13723.1237,OK,0.0000,6.7252,4.0000,96.0000,AG03-UNRESOLVED,ALL5_LEVELS_bet23_to_bet27,6.7252,6.7252,6.7252,10.0878,10.0878,4.000000,4.000000,4.000000,6.000000,6.000000,96.000000,96.000000,96.000000,94.000000,94.000000,5.0,40.3513,36.694,127.7792,131.4365,PENDING_AG03,FALSE,NOT_FOR_ENFORCEMENT,161.4053,12065.1853,168.1305,161.4053,6.7252,0.01225162,0.01176156,6.7252,161.4053,0.01176156,6.7252,6.7252,6.7252,10.0878,10.0878,161.4053,0.01176156,40.3513,36.694,127.7792,131.4365,0.00931123,0.00957774,0.00049006,31.9142,29.2277,0.3910,14.0109,0.6159,1143.5936,35.8333,,31.9142,21.0824,25.2988,42.1647,57.9765,65.3553,105.4118,23.1906,0.0,2.583333,4.166666,1.26149,29,95,5,2,0E-8,0.01225162,,0E-8,0.000000,0.915819,0.000000,,2026-04-07,2026-05-04,12,273,145,28,0.428571,,,0.000000,,,,,,,,GLOBAL_BASELINE_NO_ENTITY_RANKING,,,NOT_APPLICABLE_GLOBAL_BASELINE,HF9g-P5,,,,X 全窗基线 · 不参与实体赏罚,6873049,688,A168_HF9F_20260827_0900,2026-08-27 09:00:00
2026-04-28,136423177,2229,0,23.1906056965,22.0310754116,22.0310754116,1.0000000,1,1,0.50665070000000000,0.506650700000,0.9867858985152569,0.9867858985152569,0.9867858985152569,0E-17,ELIGIBLE,R03b_20260811_FULL_v1,L1_ELIGIBILITY,v2026-08-11,2026-03-21..2026-08-06,baccarat_bet02_101_all_pairs_incl_sentinel,round_win = game_pnl > 0 (decisive only),COMPATIBILITY_ONLY_NOT_PRODUCTION,13723.1237,12567.9013,168.1305,430,430,-0.01225162,,-0.01225162,-0.01225162,-168.1305,13723.1237,OK,0.0000,6.7252,4.0000,96.0000,AG03-UNRESOLVED,ALL5_LEVELS_bet23_to_bet27,6.7252,6.7252,6.7252,10.0878,10.0878,4.000000,4.000000,4.000000,6.000000,6.000000,96.000000,96.000000,96.000000,94.000000,94.000000,5.0,40.3513,36.694,127.7792,131.4365,PENDING_AG03,FALSE,NOT_FOR_ENFORCEMENT,161.4053,12065.1853,168.1305,161.4053,6.7252,0.01225162,0.01176156,6.7252,161.4053,0.01176156,6.7252,6.7252,6.7252,10.0878,10.0878,161.4053,0.01176156,40.3513,36.694,127.7792,131.4365,0.00931123,0.00957774,0.00049006,31.9142,29.2277,0.3910,14.0109,0.6159,1143.5936,35.8333,,31.9142,21.0824,25.2988,42.1647,57.9765,65.3553,105.4118,23.1906,0.0,2.583333,4.166666,1.26149,29,95,5,2,0E-8,0.01225162,,0E-8,0.000000,0.915819,0.000000,,2026-04-07,2026-05-04,12,273,145,28,0.428571,,,0.000000,,,,,,,,GLOBAL_BASELINE_NO_ENTITY_RANKING,,,NOT_APPLICABLE_GLOBAL_BASELINE,HF9g-P5,,,,X 全窗基线 · 不参与实体赏罚,6873050,688,A168_HF9F_20260827_0900,2026-08-27 09:00:00
2026-04-28,136423177,925,0,21.0823688150,20.0282503742,20.0282503742,1.0000000,1,1,0.50665070000000000,0.506650700000,0.9867858985152569,0.9867858985152569,0.9867858985152569,0E-17,ELIGIBLE,R03b_20260811_FULL_v1,L1_ELIGIBILITY,v2026-08-11,2026-03-21..2026-08-06,baccarat_bet02_101_all_pairs_incl_sentinel,round_win = game_pnl > 0 (decisive only),COMPATIBILITY_ONLY_NOT_PRODUCTION,13723.1237,12567.9013,168.1305,430,430,-0.01225162,,-0.01225162,-0.01225162,-168.1305,13723.1237,OK,0.0000,6.7252,4.0000,96.0000,AG03-UNRESOLVED,ALL5_LEVELS_bet23_to_bet27,6.7252,6.7252,6.7252,10.0878,10.0878,4.000000,4.000000,4.000000,6.000000,6.000000,96.000000,96.000000,96.000000,94.000000,94.000000,5.0,40.3513,36.694,127.7792,131.4365,PENDING_AG03,FALSE,NOT_FOR_ENFORCEMENT,161.4053,12065.1853,168.1305,161.4053,6.7252,0.01225162,0.01176156,6.7252,161.4053,0.01176156,6.7252,6.7252,6.7252,10.0878,10.0878,161.4053,0.01176156,40.3513,36.694,127.7792,131.4365,0.00931123,0.00957774,0.00049006,31.9142,29.2277,0.3910,14.0109,0.6159,1143.5936,35.8333,,31.9142,21.0824,25.2988,42.1647,57.9765,65.3553,105.4118,23.1906,0.0,2.583333,4.166666,1.26149,29,95,5,2,0E-8,0.01225162,,0E-8,0.000000,0.915819,0.000000,,2026-04-07,2026-05-04,12,273,145,28,0.428571,,,0.000000,,,,,,,,GLOBAL_BASELINE_NO_ENTITY_RANKING,,,NOT_APPLICABLE_GLOBAL_BASELINE,HF9g-P5,,,,X 全窗基线 · 不参与实体赏罚,6873051,688,A168_HF9F_20260827_0900,2026-08-27 09:00:00
2026-04-28,136423177,986,0,31.6235532224,0E-10,0E-10,,1,1,0.49324550000000000,0.493245500000,,,,0E-17,NO_DECISIVE_ROUND,R03b_20260811_FULL_v1,L1_ELIGIBILITY,v2026-08-11,2026-03-21..2026-08-06,baccarat_bet02_101_all_pairs_incl_sentinel,round_win = game_pnl > 0 (decisive only),COMPATIBILITY_ONLY_NOT_PRODUCTION,13723.1237,12567.9013,168.1305,430,430,-0.01225162,,-0.01225162,-0.01225162,-168.1305,13723.1237,OK,0.0000,6.7252,4.0000,96.0000,AG03-UNRESOLVED,ALL5_LEVELS_bet23_to_bet27,6.7252,6.7252,6.7252,10.0878,10.0878,4.000000,4.000000,4.000000,6.000000,6.000000,96.000000,96.000000,96.000000,94.000000,94.000000,5.0,40.3513,36.694,127.7792,131.4365,PENDING_AG03,FALSE,NOT_FOR_ENFORCEMENT,161.4053,12065.1853,168.1305,161.4053,6.7252,0.01225162,0.01176156,6.7252,161.4053,0.01176156,6.7252,6.7252,6.7252,10.0878,10.0878,161.4053,0.01176156,40.3513,36.694,127.7792,131.4365,0.00931123,0.00957774,0.00049006,31.9142,29.2277,0.3910,14.0109,0.6159,1143.5936,35.8333,,31.9142,21.0824,25.2988,42.1647,57.9765,65.3553,105.4118,23.1906,0.0,2.583333,4.166666,1.26149,29,95,5,2,0E-8,0.01225162,,0E-8,0.000000,0.915819,0.000000,,2026-04-07,2026-05-04,12,273,145,28,0.428571,,,0.000000,,,,,,,,GLOBAL_BASELINE_NO_ENTITY_RANKING,,,NOT_APPLICABLE_GLOBAL_BASELINE,HF9g-P5,,,,X 全窗基线 · 不参与实体赏罚,6873052,688,A168_HF9F_20260827_0900,2026-08-27 09:00:00
2026-04-29,136423177,-1,1,104.3577256341,-58.5562793836,-58.5562793836,0.2500000,5,5,0.50396966000000000,0.503969660000,-1.01591065835228,-1.0159106583522801,-1.01591065835228,0E-17,SENTINEL_DEALER,R03b_20260811_FULL_v1,L1_ELIGIBILITY,v2026-08-11,2026-03-21..2026-08-06,baccarat_bet02_101_all_pairs_incl_sentinel,round_win = game_pnl > 0 (decisive only),COMPATIBILITY_ONLY_NOT_PRODUCTION,13723.1237,12567.9013,168.1305,430,430,-0.01225162,,-0.01225162,-0.01225162,-168.1305,13723.1237,OK,0.0000,6.7252,4.0000,96.0000,AG03-UNRESOLVED,ALL5_LEVELS_bet23_to_bet27,6.7252,6.7252,6.7252,10.0878,10.0878,4.000000,4.000000,4.000000,6.000000,6.000000,96.000000,96.000000,96.000000,94.000000,94.000000,5.0,40.3513,36.694,127.7792,131.4365,PENDING_AG03,FALSE,NOT_FOR_ENFORCEMENT,161.4053,12065.1853,168.1305,161.4053,6.7252,0.01225162,0.01176156,6.7252,161.4053,0.01176156,6.7252,6.7252,6.7252,10.0878,10.0878,161.4053,0.01176156,40.3513,36.694,127.7792,131.4365,0.00931123,0.00957774,0.00049006,31.9142,29.2277,0.3910,14.0109,0.6159,1143.5936,35.8333,,31.9142,21.0824,25.2988,42.1647,57.9765,65.3553,105.4118,23.1906,0.0,2.583333,4.166666,1.26149,29,95,5,2,0E-8,0.01225162,,0E-8,0.000000,0.915819,0.000000,,2026-04-07,2026-05-04,12,273,145,28,0.428571,,,0.000000,,,,,,,,GLOBAL_BASELINE_NO_ENTITY_RANKING,,,NOT_APPLICABLE_GLOBAL_BASELINE,HF9g-P5,,,,X 全窗基线 · 不参与实体赏罚,6873053,688,A168_HF9F_20260827_0900,2026-08-27 09:00:00
2026-04-29,136423177,1330,0,44.2729745114,0E-10,0E-10,,1,1,0.49324550000000000,0.493245500000,,,,0E-17,NO_DECISIVE_ROUND,R03b_20260811_FULL_v1,L1_ELIGIBILITY,v2026-08-11,2026-03-21..2026-08-06,baccarat_bet02_101_all_pairs_incl_sentinel,round_win = game_pnl > 0 (decisive only),COMPATIBILITY_ONLY_NOT_PRODUCTION,13723.1237,12567.9013,168.1305,430,430,-0.01225162,,-0.01225162,-0.01225162,-168.1305,13723.1237,OK,0.0000,6.7252,4.0000,96.0000,AG03-UNRESOLVED,ALL5_LEVELS_bet23_to_bet27,6.7252,6.7252,6.7252,10.0878,10.0878,4.000000,4.000000,4.000000,6.000000,6.000000,96.000000,96.000000,96.000000,94.000000,94.000000,5.0,40.3513,36.694,127.7792,131.4365,PENDING_AG03,FALSE,NOT_FOR_ENFORCEMENT,161.4053,12065.1853,168.1305,161.4053,6.7252,0.01225162,0.01176156,6.7252,161.4053,0.01176156,6.7252,6.7252,6.7252,10.0878,10.0878,161.4053,0.01176156,40.3513,36.694,127.7792,131.4365,0.00931123,0.00957774,0.00049006,31.9142,29.2277,0.3910,14.0109,0.6159,1143.5936,35.8333,,31.9142,21.0824,25.2988,42.1647,57.9765,65.3553,105.4118,23.1906,0.0,2.583333,4.166666,1.26149,29,95,5,2,0E-8,0.01225162,,0E-8,0.000000,0.915819,0.000000,,2026-04-07,2026-05-04,12,273,145,28,0.428571,,,0.000000,,,,,,,,GLOBAL_BASELINE_NO_ENTITY_RANKING,,,NOT_APPLICABLE_GLOBAL_BASELINE,HF9g-P5,,,,X 全窗基线 · 不参与实体赏罚,6873054,688,A168_HF9F_20260827_0900,2026-08-27 09:00:00
2026-04-29,136423177,1645,0,23.1906056965,22.0310754116,22.0310754116,1.0000000,1,1,0.50665070000000000,0.506650700000,0.9867858985152569,0.9867858985152569,0.9867858985152569,0E-17,ELIGIBLE,R03b_20260811_FULL_v1,L1_ELIGIBILITY,v2026-08-11,2026-03-21..2026-08-06,baccarat_bet02_101_all_pairs_incl_sentinel,round_win = game_pnl > 0 (decisive only),COMPATIBILITY_ONLY_NOT_PRODUCTION,13723.1237,12567.9013,168.1305,430,430,-0.01225162,,-0.01225162,-0.01225162,-168.1305,13723.1237,OK,0.0000,6.7252,4.0000,96.0000,AG03-UNRESOLVED,ALL5_LEVELS_bet23_to_bet27,6.7252,6.7252,6.7252,10.0878,10.0878,4.000000,4.000000,4.000000,6.000000,6.000000,96.000000,96.000000,96.000000,94.000000,94.000000,5.0,40.3513,36.694,127.7792,131.4365,PENDING_AG03,FALSE,NOT_FOR_ENFORCEMENT,161.4053,12065.1853,168.1305,161.4053,6.7252,0.01225162,0.01176156,6.7252,161.4053,0.01176156,6.7252,6.7252,6.7252,10.0878,10.0878,161.4053,0.01176156,40.3513,36.694,127.7792,131.4365,0.00931123,0.00957774,0.00049006,31.9142,29.2277,0.3910,14.0109,0.6159,1143.5936,35.8333,,31.9142,21.0824,25.2988,42.1647,57.9765,65.3553,105.4118,23.1906,0.0,2.583333,4.166666,1.26149,29,95,5,2,0E-8,0.01225162,,0E-8,0.000000,0.915819,0.000000,,2026-04-07,2026-05-04,12,273,145,28,0.428571,,,0.000000,,,,,,,,GLOBAL_BASELINE_NO_ENTITY_RANKING,,,NOT_APPLICABLE_GLOBAL_BASELINE,HF9g-P5,,,,X 全窗基线 · 不参与实体赏罚,6873055,688,A168_HF9F_20260827_0900,2026-08-27 09:00:00
2026-04-29,136423177,2064,0,35.8400269855,-35.8400269855,-35.8400269855,0E-7,2,2,0.49994810000000000,0.499948100000,-1.4140667746232096,-1.4140667746232096,-1.4140667746232096,0E-17,ELIGIBLE,R03b_20260811_FULL_v1,L1_ELIGIBILITY,v2026-08-11,2026-03-21..2026-08-06,baccarat_bet02_101_all_pairs_incl_sentinel,round_win = game_pnl > 0 (decisive only),COMPATIBILITY_ONLY_NOT_PRODUCTION,13723.1237,12567.9013,168.1305,430,430,-0.01225162,,-0.01225162,-0.01225162,-168.1305,13723.1237,OK,0.0000,6.7252,4.0000,96.0000,AG03-UNRESOLVED,ALL5_LEVELS_bet23_to_bet27,6.7252,6.7252,6.7252,10.0878,10.0878,4.000000,4.000000,4.000000,6.000000,6.000000,96.000000,96.000000,96.000000,94.000000,94.000000,5.0,40.3513,36.694,127.7792,131.4365,PENDING_AG03,FALSE,NOT_FOR_ENFORCEMENT,161.4053,12065.1853,168.1305,161.4053,6.7252,0.01225162,0.01176156,6.7252,161.4053,0.01176156,6.7252,6.7252,6.7252,10.0878,10.0878,161.4053,0.01176156,40.3513,36.694,127.7792,131.4365,0.00931123,0.00957774,0.00049006,31.9142,29.2277,0.3910,14.0109,0.6159,1143.5936,35.8333,,31.9142,21.0824,25.2988,42.1647,57.9765,65.3553,105.4118,23.1906,0.0,2.583333,4.166666,1.26149,29,95,5,2,0E-8,0.01225162,,0E-8,0.000000,0.915819,0.000000,,2026-04-07,2026-05-04,12,273,145,28,0.428571,,,0.000000,,,,,,,,GLOBAL_BASELINE_NO_ENTITY_RANKING,,,NOT_APPLICABLE_GLOBAL_BASELINE,HF9g-P5,,,,X 全窗基线 · 不参与实体赏罚,6873056,688,A168_HF9F_20260827_0900,2026-08-27 09:00:00
2026-04-29,136423177,2093,0,23.1906056965,22.0310754116,22.0310754116,1.0000000,1,1,0.50665070000000000,0.506650700000,0.9867858985152569,0.9867858985152569,0.9867858985152569,0E-17,ELIGIBLE,R03b_20260811_FULL_v1,L1_ELIGIBILITY,v2026-08-11,2026-03-21..2026-08-06,baccarat_bet02_101_all_pairs_incl_sentinel,round_win = game_pnl > 0 (decisive only),COMPATIBILITY_ONLY_NOT_PRODUCTION,13723.1237,12567.9013,168.1305,430,430,-0.01225162,,-0.01225162,-0.01225162,-168.1305,13723.1237,OK,0.0000,6.7252,4.0000,96.0000,AG03-UNRESOLVED,ALL5_LEVELS_bet23_to_bet27,6.7252,6.7252,6.7252,10.0878,10.0878,4.000000,4.000000,4.000000,6.000000,6.000000,96.000000,96.000000,96.000000,94.000000,94.000000,5.0,40.3513,36.694,127.7792,131.4365,PENDING_AG03,FALSE,NOT_FOR_ENFORCEMENT,161.4053,12065.1853,168.1305,161.4053,6.7252,0.01225162,0.01176156,6.7252,161.4053,0.01176156,6.7252,6.7252,6.7252,10.0878,10.0878,161.4053,0.01176156,40.3513,36.694,127.7792,131.4365,0.00931123,0.00957774,0.00049006,31.9142,29.2277,0.3910,14.0109,0.6159,1143.5936,35.8333,,31.9142,21.0824,25.2988,42.1647,57.9765,65.3553,105.4118,23.1906,0.0,2.583333,4.166666,1.26149,29,95,5,2,0E-8,0.01225162,,0E-8,0.000000,0.915819,0.000000,,2026-04-07,2026-05-04,12,273,145,28,0.428571,,,0.000000,,,,,,,,GLOBAL_BASELINE_NO_ENTITY_RANKING,,,NOT_APPLICABLE_GLOBAL_BASELINE,HF9g-P5,,,,X 全窗基线 · 不参与实体赏罚,6873057,688,A168_HF9F_20260827_0900,2026-08-27 09:00:00
2026-04-29,136423177,2153,0,12.6494212890,12.6494212890,12.6494212890,1.0000000,1,1,0.49324550000000000,0.493245500000,1.01360149184955,1.01360149184955,1.01360149184955,0E-17,ELIGIBLE,R03b_20260811_FULL_v1,L1_ELIGIBILITY,v2026-08-11,2026-03-21..2026-08-06,baccarat_bet02_101_all_pairs_incl_sentinel,round_win = game_pnl > 0 (decisive only),COMPATIBILITY_ONLY_NOT_PRODUCTION,13723.1237,12567.9013,168.1305,430,430,-0.01225162,,-0.01225162,-0.01225162,-168.1305,13723.1237,OK,0.0000,6.7252,4.0000,96.0000,AG03-UNRESOLVED,ALL5_LEVELS_bet23_to_bet27,6.7252,6.7252,6.7252,10.0878,10.0878,4.000000,4.000000,4.000000,6.000000,6.000000,96.000000,96.000000,96.000000,94.000000,94.000000,5.0,40.3513,36.694,127.7792,131.4365,PENDING_AG03,FALSE,NOT_FOR_ENFORCEMENT,161.4053,12065.1853,168.1305,161.4053,6.7252,0.01225162,0.01176156,6.7252,161.4053,0.01176156,6.7252,6.7252,6.7252,10.0878,10.0878,161.4053,0.01176156,40.3513,36.694,127.7792,131.4365,0.00931123,0.00957774,0.00049006,31.9142,29.2277,0.3910,14.0109,0.6159,1143.5936,35.8333,,31.9142,21.0824,25.2988,42.1647,57.9765,65.3553,105.4118,23.1906,0.0,2.583333,4.166666,1.26149,29,95,5,2,0E-8,0.01225162,,0E-8,0.000000,0.915819,0.000000,,2026-04-07,2026-05-04,12,273,145,28,0.428571,,,0.000000,,,,,,,,GLOBAL_BASELINE_NO_ENTITY_RANKING,,,NOT_APPLICABLE_GLOBAL_BASELINE,HF9g-P5,,,,X 全窗基线 · 不参与实体赏罚,6873058,688,A168_HF9F_20260827_0900,2026-08-27 09:00:00
2026-04-29,136423177,2188,0,15.8117766112,0E-10,0E-10,,1,1,0.50665070000000000,0.506650700000,,,,0E-17,NO_DECISIVE_ROUND,R03b_20260811_FULL_v1,L1_ELIGIBILITY,v2026-08-11,2026-03-21..2026-08-06,baccarat_bet02_101_all_pairs_incl_sentinel,round_win = game_pnl > 0 (decisive only),COMPATIBILITY_ONLY_NOT_PRODUCTION,13723.1237,12567.9013,168.1305,430,430,-0.01225162,,-0.01225162,-0.01225162,-168.1305,13723.1237,OK,0.0000,6.7252,4.0000,96.0000,AG03-UNRESOLVED,ALL5_LEVELS_bet23_to_bet27,6.7252,6.7252,6.7252,10.0878,10.0878,4.000000,4.000000,4.000000,6.000000,6.000000,96.000000,96.000000,96.000000,94.000000,94.000000,5.0,40.3513,36.694,127.7792,131.4365,PENDING_AG03,FALSE,NOT_FOR_ENFORCEMENT,161.4053,12065.1853,168.1305,161.4053,6.7252,0.01225162,0.01176156,6.7252,161.4053,0.01176156,6.7252,6.7252,6.7252,10.0878,10.0878,161.4053,0.01176156,40.3513,36.694,127.7792,131.4365,0.00931123,0.00957774,0.00049006,31.9142,29.2277,0.3910,14.0109,0.6159,1143.5936,35.8333,,31.9142,21.0824,25.2988,42.1647,57.9765,65.3553,105.4118,23.1906,0.0,2.583333,4.166666,1.26149,29,95,5,2,0E-8,0.01225162,,0E-8,0.000000,0.915819,0.000000,,2026-04-07,2026-05-04,12,273,145,28,0.428571,,,0.000000,,,,,,,,GLOBAL_BASELINE_NO_ENTITY_RANKING,,,NOT_APPLICABLE_GLOBAL_BASELINE,HF9g-P5,,,,X 全窗基线 · 不参与实体赏罚,6873059,688,A168_HF9F_20260827_0900,2026-08-27 09:00:00
2026-04-30,136423177,2170,0,42.1647376299,-42.1647376299,-42.1647376299,0E-7,1,1,0.49324550000000000,0.493245500000,-0.9865810262130424,-0.9865810262130424,-0.9865810262130424,0E-17,ELIGIBLE,R03b_20260811_FULL_v1,L1_ELIGIBILITY,v2026-08-11,2026-03-21..2026-08-06,baccarat_bet02_101_all_pairs_incl_sentinel,round_win = game_pnl > 0 (decisive only),COMPATIBILITY_ONLY_NOT_PRODUCTION,13723.1237,12567.9013,168.1305,430,430,-0.01225162,,-0.01225162,-0.01225162,-168.1305,13723.1237,OK,0.0000,6.7252,4.0000,96.0000,AG03-UNRESOLVED,ALL5_LEVELS_bet23_to_bet27,6.7252,6.7252,6.7252,10.0878,10.0878,4.000000,4.000000,4.000000,6.000000,6.000000,96.000000,96.000000,96.000000,94.000000,94.000000,5.0,40.3513,36.694,127.7792,131.4365,PENDING_AG03,FALSE,NOT_FOR_ENFORCEMENT,161.4053,12065.1853,168.1305,161.4053,6.7252,0.01225162,0.01176156,6.7252,161.4053,0.01176156,6.7252,6.7252,6.7252,10.0878,10.0878,161.4053,0.01176156,40.3513,36.694,127.7792,131.4365,0.00931123,0.00957774,0.00049006,31.9142,29.2277,0.3910,14.0109,0.6159,1143.5936,35.8333,,31.9142,21.0824,25.2988,42.1647,57.9765,65.3553,105.4118,23.1906,0.0,2.583333,4.166666,1.26149,29,95,5,2,0E-8,0.01225162,,0E-8,0.000000,0.915819,0.000000,,2026-04-07,2026-05-04,12,273,145,28,0.428571,,,0.000000,,,,,,,,GLOBAL_BASELINE_NO_ENTITY_RANKING,,,NOT_APPLICABLE_GLOBAL_BASELINE,HF9g-P5,,,,X 全窗基线 · 不参与实体赏罚,6873060,688,A168_HF9F_20260827_0900,2026-08-27 09:00:00
2026-05-02,136423177,1257,0,25.2074361937,0E-10,0E-10,,1,1,0.50665070000000000,0.506650700000,,,,0E-17,NO_DECISIVE_ROUND,R03b_20260811_FULL_v1,L1_ELIGIBILITY,v2026-08-11,2026-03-21..2026-08-06,baccarat_bet02_101_all_pairs_incl_sentinel,round_win = game_pnl > 0 (decisive only),COMPATIBILITY_ONLY_NOT_PRODUCTION,13723.1237,12567.9013,168.1305,430,430,-0.01225162,,-0.01225162,-0.01225162,-168.1305,13723.1237,OK,0.0000,6.7252,4.0000,96.0000,AG03-UNRESOLVED,ALL5_LEVELS_bet23_to_bet27,6.7252,6.7252,6.7252,10.0878,10.0878,4.000000,4.000000,4.000000,6.000000,6.000000,96.000000,96.000000,96.000000,94.000000,94.000000,5.0,40.3513,36.694,127.7792,131.4365,PENDING_AG03,FALSE,NOT_FOR_ENFORCEMENT,161.4053,12065.1853,168.1305,161.4053,6.7252,0.01225162,0.01176156,6.7252,161.4053,0.01176156,6.7252,6.7252,6.7252,10.0878,10.0878,161.4053,0.01176156,40.3513,36.694,127.7792,131.4365,0.00931123,0.00957774,0.00049006,31.9142,29.2277,0.3910,14.0109,0.6159,1143.5936,35.8333,,31.9142,21.0824,25.2988,42.1647,57.9765,65.3553,105.4118,23.1906,0.0,2.583333,4.166666,1.26149,29,95,5,2,0E-8,0.01225162,,0E-8,0.000000,0.915819,0.000000,,2026-04-07,2026-05-04,12,273,145,28,0.428571,,,0.000000,,,,,,,,GLOBAL_BASELINE_NO_ENTITY_RANKING,,,NOT_APPLICABLE_GLOBAL_BASELINE,HF9g-P5,,,,X 全窗基线 · 不参与实体赏罚,6873061,688,A168_HF9F_20260827_0900,2026-08-27 09:00:00
2026-05-02,136423177,1935,0,46.2136330217,-46.2136330217,-46.2136330217,0E-7,1,1,0.50665070000000000,0.506650700000,-1.013391052207602,-1.013391052207602,-1.013391052207602,0E-17,ELIGIBLE,R03b_20260811_FULL_v1,L1_ELIGIBILITY,v2026-08-11,2026-03-21..2026-08-06,baccarat_bet02_101_all_pairs_incl_sentinel,round_win = game_pnl > 0 (decisive only),COMPATIBILITY_ONLY_NOT_PRODUCTION,13723.1237,12567.9013,168.1305,430,430,-0.01225162,,-0.01225162,-0.01225162,-168.1305,13723.1237,OK,0.0000,6.7252,4.0000,96.0000,AG03-UNRESOLVED,ALL5_LEVELS_bet23_to_bet27,6.7252,6.7252,6.7252,10.0878,10.0878,4.000000,4.000000,4.000000,6.000000,6.000000,96.000000,96.000000,96.000000,94.000000,94.000000,5.0,40.3513,36.694,127.7792,131.4365,PENDING_AG03,FALSE,NOT_FOR_ENFORCEMENT,161.4053,12065.1853,168.1305,161.4053,6.7252,0.01225162,0.01176156,6.7252,161.4053,0.01176156,6.7252,6.7252,6.7252,10.0878,10.0878,161.4053,0.01176156,40.3513,36.694,127.7792,131.4365,0.00931123,0.00957774,0.00049006,31.9142,29.2277,0.3910,14.0109,0.6159,1143.5936,35.8333,,31.9142,21.0824,25.2988,42.1647,57.9765,65.3553,105.4118,23.1906,0.0,2.583333,4.166666,1.26149,29,95,5,2,0E-8,0.01225162,,0E-8,0.000000,0.915819,0.000000,,2026-04-07,2026-05-04,12,273,145,28,0.428571,,,0.000000,,,,,,,,GLOBAL_BASELINE_NO_ENTITY_RANKING,,,NOT_APPLICABLE_GLOBAL_BASELINE,HF9g-P5,,,,X 全窗基线 · 不参与实体赏罚,6873062,688,A168_HF9F_20260827_0900,2026-08-27 09:00:00
2026-05-02,136423177,2175,0,25.2074361937,25.2074361937,25.2074361937,1.0000000,1,1,0.49324550000000000,0.493245500000,1.01360149184955,1.01360149184955,1.01360149184955,0E-17,ELIGIBLE,R03b_20260811_FULL_v1,L1_ELIGIBILITY,v2026-08-11,2026-03-21..2026-08-06,baccarat_bet02_101_all_pairs_incl_sentinel,round_win = game_pnl > 0 (decisive only),COMPATIBILITY_ONLY_NOT_PRODUCTION,13723.1237,12567.9013,168.1305,430,430,-0.01225162,,-0.01225162,-0.01225162,-168.1305,13723.1237,OK,0.0000,6.7252,4.0000,96.0000,AG03-UNRESOLVED,ALL5_LEVELS_bet23_to_bet27,6.7252,6.7252,6.7252,10.0878,10.0878,4.000000,4.000000,4.000000,6.000000,6.000000,96.000000,96.000000,96.000000,94.000000,94.000000,5.0,40.3513,36.694,127.7792,131.4365,PENDING_AG03,FALSE,NOT_FOR_ENFORCEMENT,161.4053,12065.1853,168.1305,161.4053,6.7252,0.01225162,0.01176156,6.7252,161.4053,0.01176156,6.7252,6.7252,6.7252,10.0878,10.0878,161.4053,0.01176156,40.3513,36.694,127.7792,131.4365,0.00931123,0.00957774,0.00049006,31.9142,29.2277,0.3910,14.0109,0.6159,1143.5936,35.8333,,31.9142,21.0824,25.2988,42.1647,57.9765,65.3553,105.4118,23.1906,0.0,2.583333,4.166666,1.26149,29,95,5,2,0E-8,0.01225162,,0E-8,0.000000,0.915819,0.000000,,2026-04-07,2026-05-04,12,273,145,28,0.428571,,,0.000000,,,,,,,,GLOBAL_BASELINE_NO_ENTITY_RANKING,,,NOT_APPLICABLE_GLOBAL_BASELINE,HF9g-P5,,,,X 全窗基线 · 不参与实体赏罚,6873063,688,A168_HF9F_20260827_0900,2026-08-27 09:00:00
2026-05-03,136423177,1947,0,42.0123936561,-42.0123936561,-42.0123936561,0E-7,1,1,0.49324550000000000,0.493245500000,-0.9865810262130424,-0.9865810262130424,-0.9865810262130424,0E-17,ELIGIBLE,R03b_20260811_FULL_v1,L1_ELIGIBILITY,v2026-08-11,2026-03-21..2026-08-06,baccarat_bet02_101_all_pairs_incl_sentinel,round_win = game_pnl > 0 (decisive only),COMPATIBILITY_ONLY_NOT_PRODUCTION,13723.1237,12567.9013,168.1305,430,430,-0.01225162,,-0.01225162,-0.01225162,-168.1305,13723.1237,OK,0.0000,6.7252,4.0000,96.0000,AG03-UNRESOLVED,ALL5_LEVELS_bet23_to_bet27,6.7252,6.7252,6.7252,10.0878,10.0878,4.000000,4.000000,4.000000,6.000000,6.000000,96.000000,96.000000,96.000000,94.000000,94.000000,5.0,40.3513,36.694,127.7792,131.4365,PENDING_AG03,FALSE,NOT_FOR_ENFORCEMENT,161.4053,12065.1853,168.1305,161.4053,6.7252,0.01225162,0.01176156,6.7252,161.4053,0.01176156,6.7252,6.7252,6.7252,10.0878,10.0878,161.4053,0.01176156,40.3513,36.694,127.7792,131.4365,0.00931123,0.00957774,0.00049006,31.9142,29.2277,0.3910,14.0109,0.6159,1143.5936,35.8333,,31.9142,21.0824,25.2988,42.1647,57.9765,65.3553,105.4118,23.1906,0.0,2.583333,4.166666,1.26149,29,95,5,2,0E-8,0.01225162,,0E-8,0.000000,0.915819,0.000000,,2026-04-07,2026-05-04,12,273,145,28,0.428571,,,0.000000,,,,,,,,GLOBAL_BASELINE_NO_ENTITY_RANKING,,,NOT_APPLICABLE_GLOBAL_BASELINE,HF9g-P5,,,,X 全窗基线 · 不参与实体赏罚,6873064,688,A168_HF9F_20260827_0900,2026-08-27 09:00:00
2026-05-04,136423177,-1,1,31.5092952421,-31.5092952421,-31.5092952421,0E-7,2,2,0.49994810000000000,0.499948100000,-1.4140667746232096,-1.4140667746232096,-1.4140667746232096,0E-17,SENTINEL_DEALER,R03b_20260811_FULL_v1,L1_ELIGIBILITY,v2026-08-11,2026-03-21..2026-08-06,baccarat_bet02_101_all_pairs_incl_sentinel,round_win = game_pnl > 0 (decisive only),COMPATIBILITY_ONLY_NOT_PRODUCTION,13723.1237,12567.9013,168.1305,430,430,-0.01225162,,-0.01225162,-0.01225162,-168.1305,13723.1237,OK,0.0000,6.7252,4.0000,96.0000,AG03-UNRESOLVED,ALL5_LEVELS_bet23_to_bet27,6.7252,6.7252,6.7252,10.0878,10.0878,4.000000,4.000000,4.000000,6.000000,6.000000,96.000000,96.000000,96.000000,94.000000,94.000000,5.0,40.3513,36.694,127.7792,131.4365,PENDING_AG03,FALSE,NOT_FOR_ENFORCEMENT,161.4053,12065.1853,168.1305,161.4053,6.7252,0.01225162,0.01176156,6.7252,161.4053,0.01176156,6.7252,6.7252,6.7252,10.0878,10.0878,161.4053,0.01176156,40.3513,36.694,127.7792,131.4365,0.00931123,0.00957774,0.00049006,31.9142,29.2277,0.3910,14.0109,0.6159,1143.5936,35.8333,,31.9142,21.0824,25.2988,42.1647,57.9765,65.3553,105.4118,23.1906,0.0,2.583333,4.166666,1.26149,29,95,5,2,0E-8,0.01225162,,0E-8,0.000000,0.915819,0.000000,,2026-04-07,2026-05-04,12,273,145,28,0.428571,,,0.000000,,,,,,,,GLOBAL_BASELINE_NO_ENTITY_RANKING,,,NOT_APPLICABLE_GLOBAL_BASELINE,HF9g-P5,,,,X 全窗基线 · 不参与实体赏罚,6873065,688,A168_HF9F_20260827_0900,2026-08-27 09:00:00
2026-05-04,136423177,1951,0,10.5030984140,-10.5030984140,-10.5030984140,0E-7,1,1,0.49324550000000000,0.493245500000,-0.9865810262130424,-0.9865810262130424,-0.9865810262130424,0E-17,ELIGIBLE,R03b_20260811_FULL_v1,L1_ELIGIBILITY,v2026-08-11,2026-03-21..2026-08-06,baccarat_bet02_101_all_pairs_incl_sentinel,round_win = game_pnl > 0 (decisive only),COMPATIBILITY_ONLY_NOT_PRODUCTION,13723.1237,12567.9013,168.1305,430,430,-0.01225162,,-0.01225162,-0.01225162,-168.1305,13723.1237,OK,0.0000,6.7252,4.0000,96.0000,AG03-UNRESOLVED,ALL5_LEVELS_bet23_to_bet27,6.7252,6.7252,6.7252,10.0878,10.0878,4.000000,4.000000,4.000000,6.000000,6.000000,96.000000,96.000000,96.000000,94.000000,94.000000,5.0,40.3513,36.694,127.7792,131.4365,PENDING_AG03,FALSE,NOT_FOR_ENFORCEMENT,161.4053,12065.1853,168.1305,161.4053,6.7252,0.01225162,0.01176156,6.7252,161.4053,0.01176156,6.7252,6.7252,6.7252,10.0878,10.0878,161.4053,0.01176156,40.3513,36.694,127.7792,131.4365,0.00931123,0.00957774,0.00049006,31.9142,29.2277,0.3910,14.0109,0.6159,1143.5936,35.8333,,31.9142,21.0824,25.2988,42.1647,57.9765,65.3553,105.4118,23.1906,0.0,2.583333,4.166666,1.26149,29,95,5,2,0E-8,0.01225162,,0E-8,0.000000,0.915819,0.000000,,2026-04-07,2026-05-04,12,273,145,28,0.428571,,,0.000000,,,,,,,,GLOBAL_BASELINE_NO_ENTITY_RANKING,,,NOT_APPLICABLE_GLOBAL_BASELINE,HF9g-P5,,,,X 全窗基线 · 不参与实体赏罚,6873066,688,A168_HF9F_20260827_0900,2026-08-27 09:00:00
2026-04-21,144376370,-1,1,132.8189235343,11.0682436278,11.0682436278,0.5000000,2,2,0.50665070000000000,0.506650700000,-0.018812684590367487,-0.018812684590367487,-0.018812684590367487,0E-17,SENTINEL_DEALER,R03b_20260811_FULL_v1,L1_ELIGIBILITY,v2026-08-11,2026-03-21..2026-08-06,baccarat_bet02_101_all_pairs_incl_sentinel,round_win = game_pnl > 0 (decisive only),COMPATIBILITY_ONLY_NOT_PRODUCTION,748.4241,600.8475,168.1319,14,13,-0.22464789,,-0.22464789,-0.22464789,-168.1319,748.4241,THIN_EXPOSURE,0.0000,6.7253,4.0000,96.0000,AG03-UNRESOLVED,ALL5_LEVELS_bet23_to_bet27,6.7253,6.7253,6.7253,8.4066,8.4066,4.000000,4.000000,4.000000,5.000000,5.000000,96.000000,96.000000,96.000000,95.000000,95.000000,5.0,36.9890,33.8829,131.1429,134.249,PENDING_AG03,FALSE,NOT_FOR_ENFORCEMENT,161.4066,576.8136,168.1319,161.4066,6.7253,0.22464789,0.21566197,6.7253,161.4066,0.21566197,6.7253,6.7253,6.7253,8.4066,8.4066,161.4066,0.21566197,36.9890,33.8829,131.1429,134.249,0.17522535,0.17937555,0.00898592,53.4589,46.2190,12.9332,168.1319,56.0440,748.4241,13.0000,,53.4589,40.0565,61.1389,73.7883,74.2099,77.1615,78.0048,46.3812,-2.1082,1.262069,1.275862,0.874384,3,3,1,3,0E-8,0.22464789,,0E-8,0.000000,0.802817,0.000000,,2026-04-21,2026-04-21,1,3,3,1,1.000000,,,0.000000,,,,,,,,GLOBAL_BASELINE_NO_ENTITY_RANKING,,,NOT_APPLICABLE_GLOBAL_BASELINE,HF9g-P5,,,,X 全窗基线 · 不参与实体赏罚,6873067,688,A168_HF9F_20260827_0900,2026-08-27 09:00:00
2026-04-21,144376370,2156,0,533.3839310188,-179.2001349273,-179.2001349273,0.4285714,10,9,0.49693189829059553,0.477056550000,-0.3617364150623051,-0.2568296809210082,-0.3617364150623051,0.01987534829059553,ELIGIBLE,R03b_20260811_FULL_v1,L1_ELIGIBILITY,v2026-08-11,2026-03-21..2026-08-06,baccarat_bet02_101_all_pairs_incl_sentinel,round_win = game_pnl > 0 (decisive only),COMPATIBILITY_ONLY_NOT_PRODUCTION,748.4241,600.8475,168.1319,14,13,-0.22464789,,-0.22464789,-0.22464789,-168.1319,748.4241,THIN_EXPOSURE,0.0000,6.7253,4.0000,96.0000,AG03-UNRESOLVED,ALL5_LEVELS_bet23_to_bet27,6.7253,6.7253,6.7253,8.4066,8.4066,4.000000,4.000000,4.000000,5.000000,5.000000,96.000000,96.000000,96.000000,95.000000,95.000000,5.0,36.9890,33.8829,131.1429,134.249,PENDING_AG03,FALSE,NOT_FOR_ENFORCEMENT,161.4066,576.8136,168.1319,161.4066,6.7253,0.22464789,0.21566197,6.7253,161.4066,0.21566197,6.7253,6.7253,6.7253,8.4066,8.4066,161.4066,0.21566197,36.9890,33.8829,131.1429,134.249,0.17522535,0.17937555,0.00898592,53.4589,46.2190,12.9332,168.1319,56.0440,748.4241,13.0000,,53.4589,40.0565,61.1389,73.7883,74.2099,77.1615,78.0048,46.3812,-2.1082,1.262069,1.275862,0.874384,3,3,1,3,0E-8,0.22464789,,0E-8,0.000000,0.802817,0.000000,,2026-04-21,2026-04-21,1,3,3,1,1.000000,,,0.000000,,,,,,,,GLOBAL_BASELINE_NO_ENTITY_RANKING,,,NOT_APPLICABLE_GLOBAL_BASELINE,HF9g-P5,,,,X 全窗基线 · 不参与实体赏罚,6873068,688,A168_HF9F_20260827_0900,2026-08-27 09:00:00
2026-04-21,144376370,2175,0,82.2212383783,0E-10,0E-10,0.5000000,2,2,0.50665070000000000,0.506650700000,-0.018812684590367487,-0.018812684590367487,-0.018812684590367487,0E-17,ELIGIBLE,R03b_20260811_FULL_v1,L1_ELIGIBILITY,v2026-08-11,2026-03-21..2026-08-06,baccarat_bet02_101_all_pairs_incl_sentinel,round_win = game_pnl > 0 (decisive only),COMPATIBILITY_ONLY_NOT_PRODUCTION,748.4241,600.8475,168.1319,14,13,-0.22464789,,-0.22464789,-0.22464789,-168.1319,748.4241,THIN_EXPOSURE,0.0000,6.7253,4.0000,96.0000,AG03-UNRESOLVED,ALL5_LEVELS_bet23_to_bet27,6.7253,6.7253,6.7253,8.4066,8.4066,4.000000,4.000000,4.000000,5.000000,5.000000,96.000000,96.000000,96.000000,95.000000,95.000000,5.0,36.9890,33.8829,131.1429,134.249,PENDING_AG03,FALSE,NOT_FOR_ENFORCEMENT,161.4066,576.8136,168.1319,161.4066,6.7253,0.22464789,0.21566197,6.7253,161.4066,0.21566197,6.7253,6.7253,6.7253,8.4066,8.4066,161.4066,0.21566197,36.9890,33.8829,131.1429,134.249,0.17522535,0.17937555,0.00898592,53.4589,46.2190,12.9332,168.1319,56.0440,748.4241,13.0000,,53.4589,40.0565,61.1389,73.7883,74.2099,77.1615,78.0048,46.3812,-2.1082,1.262069,1.275862,0.874384,3,3,1,3,0E-8,0.22464789,,0E-8,0.000000,0.802817,0.000000,,2026-04-21,2026-04-21,1,3,3,1,1.000000,,,0.000000,,,,,,,,GLOBAL_BASELINE_NO_ENTITY_RANKING,,,NOT_APPLICABLE_GLOBAL_BASELINE,HF9g-P5,,,,X 全窗基线 · 不参与实体赏罚,6873069,688,A168_HF9F_20260827_0900,2026-08-27 09:00:00
2026-04-02,141218827,1654,0,278.2872683575,-241.2877110873,-241.2877110873,0.3000000,10,10,0.50396966000000000,0.503969660000,-1.2900580569680735,-1.2900580569680735,-1.2900580569680735,0E-17,ELIGIBLE,R03b_20260811_FULL_v1,L1_ELIGIBILITY,v2026-08-11,2026-03-21..2026-08-06,baccarat_bet02_101_all_pairs_incl_sentinel,round_win = game_pnl > 0 (decisive only),COMPATIBILITY_ONLY_NOT_PRODUCTION,508.0851,497.5439,168.1319,65,65,-0.33091286,,-0.33091286,-0.33091286,-168.1319,508.0851,OK,0.0000,6.7253,4.0000,96.0000,AG03-UNRESOLVED,ALL5_LEVELS_bet23_to_bet27,6.7253,6.7253,6.7253,8.4066,8.4066,4.000000,4.000000,4.000000,5.000000,5.000000,96.000000,96.000000,96.000000,95.000000,95.000000,5.0,36.9890,33.8829,131.1429,134.249,PENDING_AG03,FALSE,NOT_FOR_ENFORCEMENT,161.4066,477.6421,168.1319,161.4066,6.7253,0.33091286,0.31767635,6.7253,161.4066,0.31767635,6.7253,6.7253,6.7253,8.4066,8.4066,161.4066,0.31767635,36.9890,33.8829,131.1429,134.249,0.25811203,0.2642254,0.01323651,7.8167,7.6545,2.5866,84.0659,84.0659,254.0425,32.5000,,7.8167,2.1082,2.1082,6.3247,14.7577,22.1365,122.6993,2.1082,0.0,10.500001,58.199952,3.707692,2,4,2,2,0E-8,0.33091286,,0E-8,0.000000,0.979253,0.000000,,2026-04-02,2026-04-13,2,2,2,12,0.166667,,,0.000000,,,,,,,,GLOBAL_BASELINE_NO_ENTITY_RANKING,,,NOT_APPLICABLE_GLOBAL_BASELINE,HF9g-P5,,,,X 全窗基线 · 不参与实体赏罚,6873070,688,A168_HF9F_20260827_0900,2026-08-27 09:00:00
2026-04-02,141218827,2134,0,78.0047646155,30.8856703139,30.8856703139,0.5882353,17,17,0.49639966470588235,0.496399664706,0.7573156340519757,0.7573156340510042,0.7573156340519757,-1.1765E-13,ELIGIBLE,R03b_20260811_FULL_v1,L1_ELIGIBILITY,v2026-08-11,2026-03-21..2026-08-06,baccarat_bet02_101_all_pairs_incl_sentinel,round_win = game_pnl > 0 (decisive only),COMPATIBILITY_ONLY_NOT_PRODUCTION,508.0851,497.5439,168.1319,65,65,-0.33091286,,-0.33091286,-0.33091286,-168.1319,508.0851,OK,0.0000,6.7253,4.0000,96.0000,AG03-UNRESOLVED,ALL5_LEVELS_bet23_to_bet27,6.7253,6.7253,6.7253,8.4066,8.4066,4.000000,4.000000,4.000000,5.000000,5.000000,96.000000,96.000000,96.000000,95.000000,95.000000,5.0,36.9890,33.8829,131.1429,134.249,PENDING_AG03,FALSE,NOT_FOR_ENFORCEMENT,161.4066,477.6421,168.1319,161.4066,6.7253,0.33091286,0.31767635,6.7253,161.4066,0.31767635,6.7253,6.7253,6.7253,8.4066,8.4066,161.4066,0.31767635,36.9890,33.8829,131.1429,134.249,0.25811203,0.2642254,0.01323651,7.8167,7.6545,2.5866,84.0659,84.0659,254.0425,32.5000,,7.8167,2.1082,2.1082,6.3247,14.7577,22.1365,122.6993,2.1082,0.0,10.500001,58.199952,3.707692,2,4,2,2,0E-8,0.33091286,,0E-8,0.000000,0.979253,0.000000,,2026-04-02,2026-04-13,2,2,2,12,0.166667,,,0.000000,,,,,,,,GLOBAL_BASELINE_NO_ENTITY_RANKING,,,NOT_APPLICABLE_GLOBAL_BASELINE,HF9g-P5,,,,X 全窗基线 · 不参与实体赏罚,6873071,688,A168_HF9F_20260827_0900,2026-08-27 09:00:00
2026-04-13,141218827,2106,0,103.3036071935,32.0452005987,32.0452005987,0.5600000,28,28,0.49946934285714286,0.499469342857,0.6053069123338926,0.6053069123353213,0.6053069123338926,1.4286E-13,ELIGIBLE,R03b_20260811_FULL_v1,L1_ELIGIBILITY,v2026-08-11,2026-03-21..2026-08-06,baccarat_bet02_101_all_pairs_incl_sentinel,round_win = game_pnl > 0 (decisive only),COMPATIBILITY_ONLY_NOT_PRODUCTION,508.0851,497.5439,168.1319,65,65,-0.33091286,,-0.33091286,-0.33091286,-168.1319,508.0851,OK,0.0000,6.7253,4.0000,96.0000,AG03-UNRESOLVED,ALL5_LEVELS_bet23_to_bet27,6.7253,6.7253,6.7253,8.4066,8.4066,4.000000,4.000000,4.000000,5.000000,5.000000,96.000000,96.000000,96.000000,95.000000,95.000000,5.0,36.9890,33.8829,131.1429,134.249,PENDING_AG03,FALSE,NOT_FOR_ENFORCEMENT,161.4066,477.6421,168.1319,161.4066,6.7253,0.33091286,0.31767635,6.7253,161.4066,0.31767635,6.7253,6.7253,6.7253,8.4066,8.4066,161.4066,0.31767635,36.9890,33.8829,131.1429,134.249,0.25811203,0.2642254,0.01323651,7.8167,7.6545,2.5866,84.0659,84.0659,254.0425,32.5000,,7.8167,2.1082,2.1082,6.3247,14.7577,22.1365,122.6993,2.1082,0.0,10.500001,58.199952,3.707692,2,4,2,2,0E-8,0.33091286,,0E-8,0.000000,0.979253,0.000000,,2026-04-02,2026-04-13,2,2,2,12,0.166667,,,0.000000,,,,,,,,GLOBAL_BASELINE_NO_ENTITY_RANKING,,,NOT_APPLICABLE_GLOBAL_BASELINE,HF9g-P5,,,,X 全窗基线 · 不参与实体赏罚,6873072,688,A168_HF9F_20260827_0900,2026-08-27 09:00:00
2026-04-13,141218827,583,0,48.4894482745,10.2249488752,10.2249488752,0.5000000,10,10,0.49994810000000000,0.499948100000,0.00029359073713029245,0.00029359073713029245,0.00029359073713029245,0E-17,ELIGIBLE,R03b_20260811_FULL_v1,L1_ELIGIBILITY,v2026-08-11,2026-03-21..2026-08-06,baccarat_bet02_101_all_pairs_incl_sentinel,round_win = game_pnl > 0 (decisive only),COMPATIBILITY_ONLY_NOT_PRODUCTION,508.0851,497.5439,168.1319,65,65,-0.33091286,,-0.33091286,-0.33091286,-168.1319,508.0851,OK,0.0000,6.7253,4.0000,96.0000,AG03-UNRESOLVED,ALL5_LEVELS_bet23_to_bet27,6.7253,6.7253,6.7253,8.4066,8.4066,4.000000,4.000000,4.000000,5.000000,5.000000,96.000000,96.000000,96.000000,95.000000,95.000000,5.0,36.9890,33.8829,131.1429,134.249,PENDING_AG03,FALSE,NOT_FOR_ENFORCEMENT,161.4066,477.6421,168.1319,161.4066,6.7253,0.33091286,0.31767635,6.7253,161.4066,0.31767635,6.7253,6.7253,6.7253,8.4066,8.4066,161.4066,0.31767635,36.9890,33.8829,131.1429,134.249,0.25811203,0.2642254,0.01323651,7.8167,7.6545,2.5866,84.0659,84.0659,254.0425,32.5000,,7.8167,2.1082,2.1082,6.3247,14.7577,22.1365,122.6993,2.1082,0.0,10.500001,58.199952,3.707692,2,4,2,2,0E-8,0.33091286,,0E-8,0.000000,0.979253,0.000000,,2026-04-02,2026-04-13,2,2,2,12,0.166667,,,0.000000,,,,,,,,GLOBAL_BASELINE_NO_ENTITY_RANKING,,,NOT_APPLICABLE_GLOBAL_BASELINE,HF9g-P5,,,,X 全窗基线 · 不参与实体赏罚,6873073,688,A168_HF9F_20260827_0900,2026-08-27 09:00:00
2026-07-30,153631542,-1,1,230.0000000000,-51.5000000000,-51.5000000000,0.4285714,7,7,0.49707555714285714,0.497075557143,-0.3624959764119633,-0.36249597641271863,-0.3624959764119633,-1.4286E-13,SENTINEL_DEALER,R03b_20260811_FULL_v1,L1_ELIGIBILITY,v2026-08-11,2026-03-21..2026-08-06,baccarat_bet02_101_all_pairs_incl_sentinel,round_win = game_pnl > 0 (decisive only),COMPATIBILITY_ONLY_NOT_PRODUCTION,876.0000,783.0000,166.4000,28,28,-0.18995434,-0.18995434,,-0.18995434,-166.4000,876.0000,THIN_EXPOSURE,0.0000,4.9920,3.0000,97.0000,AG03-UNRESOLVED,ALL5_LEVELS_bet23_to_bet27,4.9920,4.9920,4.9920,6.6560,6.6560,3.000000,3.000000,3.000000,4.000000,4.000000,97.000000,97.000000,97.000000,96.000000,96.000000,5.0,28.2880,26.4377,138.1120,139.9623,PENDING_AG03,FALSE,NOT_FOR_ENFORCEMENT,161.4080,759.5100,166.4000,161.4080,4.9920,0.18995434,0.18425571,4.9920,161.4080,0.18425571,4.9920,4.9920,4.9920,6.6560,6.6560,161.4080,0.18425571,28.2880,26.4377,138.1120,139.9623,0.15766210,0.15977429,0.00569863,31.2857,27.9643,5.9429,166.4000,15.1273,876.0000,28.0000,31.2857,,30.0,30.0,31.0,37.4,45.5,50.0,30.0,-24.5,1.516667,1.666667,1.042857,11,9,1,2,1.00000000,0.18995434,0.18995434,0E-8,0.000000,0.893836,0.000000,,2026-07-30,2026-07-30,1,11,11,1,1.000000,,1.000000,3.333333,,,,,,,,GLOBAL_BASELINE_NO_ENTITY_RANKING,,,NOT_APPLICABLE_GLOBAL_BASELINE,HF9g-P5,,,,X 全窗基线 · 不参与实体赏罚,6873074,688,A168_HF9F_20260827_0900,2026-08-27 09:00:00
2026-07-30,153631542,1151,0,60.0000000000,-30.0000000000,-30.0000000000,0E-7,2,2,0.49994810000000000,0.499948100000,-0.9998962053866608,-0.9998962053866608,-0.9998962053866608,0E-17,ELIGIBLE,R03b_20260811_FULL_v1,L1_ELIGIBILITY,v2026-08-11,2026-03-21..2026-08-06,baccarat_bet02_101_all_pairs_incl_sentinel,round_win = game_pnl > 0 (decisive only),COMPATIBILITY_ONLY_NOT_PRODUCTION,876.0000,783.0000,166.4000,28,28,-0.18995434,-0.18995434,,-0.18995434,-166.4000,876.0000,THIN_EXPOSURE,0.0000,4.9920,3.0000,97.0000,AG03-UNRESOLVED,ALL5_LEVELS_bet23_to_bet27,4.9920,4.9920,4.9920,6.6560,6.6560,3.000000,3.000000,3.000000,4.000000,4.000000,97.000000,97.000000,97.000000,96.000000,96.000000,5.0,28.2880,26.4377,138.1120,139.9623,PENDING_AG03,FALSE,NOT_FOR_ENFORCEMENT,161.4080,759.5100,166.4000,161.4080,4.9920,0.18995434,0.18425571,4.9920,161.4080,0.18425571,4.9920,4.9920,4.9920,6.6560,6.6560,161.4080,0.18425571,28.2880,26.4377,138.1120,139.9623,0.15766210,0.15977429,0.00569863,31.2857,27.9643,5.9429,166.4000,15.1273,876.0000,28.0000,31.2857,,30.0,30.0,31.0,37.4,45.5,50.0,30.0,-24.5,1.516667,1.666667,1.042857,11,9,1,2,1.00000000,0.18995434,0.18995434,0E-8,0.000000,0.893836,0.000000,,2026-07-30,2026-07-30,1,11,11,1,1.000000,,1.000000,3.333333,,,,,,,,GLOBAL_BASELINE_NO_ENTITY_RANKING,,,NOT_APPLICABLE_GLOBAL_BASELINE,HF9g-P5,,,,X 全窗基线 · 不参与实体赏罚,6873075,688,A168_HF9F_20260827_0900,2026-08-27 09:00:00
2026-07-30,153631542,1384,0,30.0000000000,-30.0000000000,-30.0000000000,0E-7,1,1,0.49324550000000000,0.493245500000,-0.9865810262130424,-0.9865810262130424,-0.9865810262130424,0E-17,ELIGIBLE,R03b_20260811_FULL_v1,L1_ELIGIBILITY,v2026-08-11,2026-03-21..2026-08-06,baccarat_bet02_101_all_pairs_incl_sentinel,round_win = game_pnl > 0 (decisive only),COMPATIBILITY_ONLY_NOT_PRODUCTION,876.0000,783.0000,166.4000,28,28,-0.18995434,-0.18995434,,-0.18995434,-166.4000,876.0000,THIN_EXPOSURE,0.0000,4.9920,3.0000,97.0000,AG03-UNRESOLVED,ALL5_LEVELS_bet23_to_bet27,4.9920,4.9920,4.9920,6.6560,6.6560,3.000000,3.000000,3.000000,4.000000,4.000000,97.000000,97.000000,97.000000,96.000000,96.000000,5.0,28.2880,26.4377,138.1120,139.9623,PENDING_AG03,FALSE,NOT_FOR_ENFORCEMENT,161.4080,759.5100,166.4000,161.4080,4.9920,0.18995434,0.18425571,4.9920,161.4080,0.18425571,4.9920,4.9920,4.9920,6.6560,6.6560,161.4080,0.18425571,28.2880,26.4377,138.1120,139.9623,0.15766210,0.15977429,0.00569863,31.2857,27.9643,5.9429,166.4000,15.1273,876.0000,28.0000,31.2857,,30.0,30.0,31.0,37.4,45.5,50.0,30.0,-24.5,1.516667,1.666667,1.042857,11,9,1,2,1.00000000,0.18995434,0.18995434,0E-8,0.000000,0.893836,0.000000,,2026-07-30,2026-07-30,1,11,11,1,1.000000,,1.000000,3.333333,,,,,,,,GLOBAL_BASELINE_NO_ENTITY_RANKING,,,NOT_APPLICABLE_GLOBAL_BASELINE,HF9g-P5,,,,X 全窗基线 · 不参与实体赏罚,6873076,688,A168_HF9F_20260827_0900,2026-08-27 09:00:00
2026-07-30,153631542,1654,0,29.0000000000,-29.0000000000,-29.0000000000,0E-7,1,1,0.49324550000000000,0.493245500000,-0.9865810262130424,-0.9865810262130424,-0.9865810262130424,0E-17,ELIGIBLE,R03b_20260811_FULL_v1,L1_ELIGIBILITY,v2026-08-11,2026-03-21..2026-08-06,baccarat_bet02_101_all_pairs_incl_sentinel,round_win = game_pnl > 0 (decisive only),COMPATIBILITY_ONLY_NOT_PRODUCTION,876.0000,783.0000,166.4000,28,28,-0.18995434,-0.18995434,,-0.18995434,-166.4000,876.0000,THIN_EXPOSURE,0.0000,4.9920,3.0000,97.0000,AG03-UNRESOLVED,ALL5_LEVELS_bet23_to_bet27,4.9920,4.9920,4.9920,6.6560,6.6560,3.000000,3.000000,3.000000,4.000000,4.000000,97.000000,97.000000,97.000000,96.000000,96.000000,5.0,28.2880,26.4377,138.1120,139.9623,PENDING_AG03,FALSE,NOT_FOR_ENFORCEMENT,161.4080,759.5100,166.4000,161.4080,4.9920,0.18995434,0.18425571,4.9920,161.4080,0.18425571,4.9920,4.9920,4.9920,6.6560,6.6560,161.4080,0.18425571,28.2880,26.4377,138.1120,139.9623,0.15766210,0.15977429,0.00569863,31.2857,27.9643,5.9429,166.4000,15.1273,876.0000,28.0000,31.2857,,30.0,30.0,31.0,37.4,45.5,50.0,30.0,-24.5,1.516667,1.666667,1.042857,11,9,1,2,1.00000000,0.18995434,0.18995434,0E-8,0.000000,0.893836,0.000000,,2026-07-30,2026-07-30,1,11,11,1,1.000000,,1.000000,3.333333,,,,,,,,GLOBAL_BASELINE_NO_ENTITY_RANKING,,,NOT_APPLICABLE_GLOBAL_BASELINE,HF9g-P5,,,,X 全窗基线 · 不参与实体赏罚,6873077,688,A168_HF9F_20260827_0900,2026-08-27 09:00:00
2026-07-30,153631542,1947,0,218.0000000000,61.6000000000,61.6000000000,0.6666667,7,7,0.50665070000000000,0.506650700000,0.7839842952205449,0.7839842952205449,0.7839842952205449,0E-17,ELIGIBLE,R03b_20260811_FULL_v1,L1_ELIGIBILITY,v2026-08-11,2026-03-21..2026-08-06,baccarat_bet02_101_all_pairs_incl_sentinel,round_win = game_pnl > 0 (decisive only),COMPATIBILITY_ONLY_NOT_PRODUCTION,876.0000,783.0000,166.4000,28,28,-0.18995434,-0.18995434,,-0.18995434,-166.4000,876.0000,THIN_EXPOSURE,0.0000,4.9920,3.0000,97.0000,AG03-UNRESOLVED,ALL5_LEVELS_bet23_to_bet27,4.9920,4.9920,4.9920,6.6560,6.6560,3.000000,3.000000,3.000000,4.000000,4.000000,97.000000,97.000000,97.000000,96.000000,96.000000,5.0,28.2880,26.4377,138.1120,139.9623,PENDING_AG03,FALSE,NOT_FOR_ENFORCEMENT,161.4080,759.5100,166.4000,161.4080,4.9920,0.18995434,0.18425571,4.9920,161.4080,0.18425571,4.9920,4.9920,4.9920,6.6560,6.6560,161.4080,0.18425571,28.2880,26.4377,138.1120,139.9623,0.15766210,0.15977429,0.00569863,31.2857,27.9643,5.9429,166.4000,15.1273,876.0000,28.0000,31.2857,,30.0,30.0,31.0,37.4,45.5,50.0,30.0,-24.5,1.516667,1.666667,1.042857,11,9,1,2,1.00000000,0.18995434,0.18995434,0E-8,0.000000,0.893836,0.000000,,2026-07-30,2026-07-30,1,11,11,1,1.000000,,1.000000,3.333333,,,,,,,,GLOBAL_BASELINE_NO_ENTITY_RANKING,,,NOT_APPLICABLE_GLOBAL_BASELINE,HF9g-P5,,,,X 全窗基线 · 不参与实体赏罚,6873078,688,A168_HF9F_20260827_0900,2026-08-27 09:00:00
2026-07-30,153631542,2121,0,90.0000000000,-31.5000000000,-31.5000000000,0.3333333,3,3,0.50218230000000000,0.502182300000,-0.5849155494134425,-0.5849155494134426,-0.5849155494134425,0E-17,ELIGIBLE,R03b_20260811_FULL_v1,L1_ELIGIBILITY,v2026-08-11,2026-03-21..2026-08-06,baccarat_bet02_101_all_pairs_incl_sentinel,round_win = game_pnl > 0 (decisive only),COMPATIBILITY_ONLY_NOT_PRODUCTION,876.0000,783.0000,166.4000,28,28,-0.18995434,-0.18995434,,-0.18995434,-166.4000,876.0000,THIN_EXPOSURE,0.0000,4.9920,3.0000,97.0000,AG03-UNRESOLVED,ALL5_LEVELS_bet23_to_bet27,4.9920,4.9920,4.9920,6.6560,6.6560,3.000000,3.000000,3.000000,4.000000,4.000000,97.000000,97.000000,97.000000,96.000000,96.000000,5.0,28.2880,26.4377,138.1120,139.9623,PENDING_AG03,FALSE,NOT_FOR_ENFORCEMENT,161.4080,759.5100,166.4000,161.4080,4.9920,0.18995434,0.18425571,4.9920,161.4080,0.18425571,4.9920,4.9920,4.9920,6.6560,6.6560,161.4080,0.18425571,28.2880,26.4377,138.1120,139.9623,0.15766210,0.15977429,0.00569863,31.2857,27.9643,5.9429,166.4000,15.1273,876.0000,28.0000,31.2857,,30.0,30.0,31.0,37.4,45.5,50.0,30.0,-24.5,1.516667,1.666667,1.042857,11,9,1,2,1.00000000,0.18995434,0.18995434,0E-8,0.000000,0.893836,0.000000,,2026-07-30,2026-07-30,1,11,11,1,1.000000,,1.000000,3.333333,,,,,,,,GLOBAL_BASELINE_NO_ENTITY_RANKING,,,NOT_APPLICABLE_GLOBAL_BASELINE,HF9g-P5,,,,X 全窗基线 · 不参与实体赏罚,6873079,688,A168_HF9F_20260827_0900,2026-08-27 09:00:00
2026-07-30,153631542,2156,0,38.0000000000,-38.0000000000,-38.0000000000,0E-7,1,1,0.49324550000000000,0.493245500000,-0.9865810262130424,-0.9865810262130424,-0.9865810262130424,0E-17,ELIGIBLE,R03b_20260811_FULL_v1,L1_ELIGIBILITY,v2026-08-11,2026-03-21..2026-08-06,baccarat_bet02_101_all_pairs_incl_sentinel,round_win = game_pnl > 0 (decisive only),COMPATIBILITY_ONLY_NOT_PRODUCTION,876.0000,783.0000,166.4000,28,28,-0.18995434,-0.18995434,,-0.18995434,-166.4000,876.0000,THIN_EXPOSURE,0.0000,4.9920,3.0000,97.0000,AG03-UNRESOLVED,ALL5_LEVELS_bet23_to_bet27,4.9920,4.9920,4.9920,6.6560,6.6560,3.000000,3.000000,3.000000,4.000000,4.000000,97.000000,97.000000,97.000000,96.000000,96.000000,5.0,28.2880,26.4377,138.1120,139.9623,PENDING_AG03,FALSE,NOT_FOR_ENFORCEMENT,161.4080,759.5100,166.4000,161.4080,4.9920,0.18995434,0.18425571,4.9920,161.4080,0.18425571,4.9920,4.9920,4.9920,6.6560,6.6560,161.4080,0.18425571,28.2880,26.4377,138.1120,139.9623,0.15766210,0.15977429,0.00569863,31.2857,27.9643,5.9429,166.4000,15.1273,876.0000,28.0000,31.2857,,30.0,30.0,31.0,37.4,45.5,50.0,30.0,-24.5,1.516667,1.666667,1.042857,11,9,1,2,1.00000000,0.18995434,0.18995434,0E-8,0.000000,0.893836,0.000000,,2026-07-30,2026-07-30,1,11,11,1,1.000000,,1.000000,3.333333,,,,,,,,GLOBAL_BASELINE_NO_ENTITY_RANKING,,,NOT_APPLICABLE_GLOBAL_BASELINE,HF9g-P5,,,,X 全窗基线 · 不参与实体赏罚,6873080,688,A168_HF9F_20260827_0900,2026-08-27 09:00:00
2026-07-30,153631542,2239,0,161.0000000000,2.0000000000,2.0000000000,0.5000000,5,5,0.49860758000000000,0.498607580000,0.005569701597489473,0.005569701597489473,0.005569701597489473,0E-17,ELIGIBLE,R03b_20260811_FULL_v1,L1_ELIGIBILITY,v2026-08-11,2026-03-21..2026-08-06,baccarat_bet02_101_all_pairs_incl_sentinel,round_win = game_pnl > 0 (decisive only),COMPATIBILITY_ONLY_NOT_PRODUCTION,876.0000,783.0000,166.4000,28,28,-0.18995434,-0.18995434,,-0.18995434,-166.4000,876.0000,THIN_EXPOSURE,0.0000,4.9920,3.0000,97.0000,AG03-UNRESOLVED,ALL5_LEVELS_bet23_to_bet27,4.9920,4.9920,4.9920,6.6560,6.6560,3.000000,3.000000,3.000000,4.000000,4.000000,97.000000,97.000000,97.000000,96.000000,96.000000,5.0,28.2880,26.4377,138.1120,139.9623,PENDING_AG03,FALSE,NOT_FOR_ENFORCEMENT,161.4080,759.5100,166.4000,161.4080,4.9920,0.18995434,0.18425571,4.9920,161.4080,0.18425571,4.9920,4.9920,4.9920,6.6560,6.6560,161.4080,0.18425571,28.2880,26.4377,138.1120,139.9623,0.15766210,0.15977429,0.00569863,31.2857,27.9643,5.9429,166.4000,15.1273,876.0000,28.0000,31.2857,,30.0,30.0,31.0,37.4,45.5,50.0,30.0,-24.5,1.516667,1.666667,1.042857,11,9,1,2,1.00000000,0.18995434,0.18995434,0E-8,0.000000,0.893836,0.000000,,2026-07-30,2026-07-30,1,11,11,1,1.000000,,1.000000,3.333333,,,,,,,,GLOBAL_BASELINE_NO_ENTITY_RANKING,,,NOT_APPLICABLE_GLOBAL_BASELINE,HF9g-P5,,,,X 全窗基线 · 不参与实体赏罚,6873081,688,A168_HF9F_20260827_0900,2026-08-27 09:00:00
2026-07-30,153631542,2261,0,20.0000000000,-20.0000000000,-20.0000000000,0E-7,1,1,0.49324550000000000,0.493245500000,-0.9865810262130424,-0.9865810262130424,-0.9865810262130424,0E-17,ELIGIBLE,R03b_20260811_FULL_v1,L1_ELIGIBILITY,v2026-08-11,2026-03-21..2026-08-06,baccarat_bet02_101_all_pairs_incl_sentinel,round_win = game_pnl > 0 (decisive only),COMPATIBILITY_ONLY_NOT_PRODUCTION,876.0000,783.0000,166.4000,28,28,-0.18995434,-0.18995434,,-0.18995434,-166.4000,876.0000,THIN_EXPOSURE,0.0000,4.9920,3.0000,97.0000,AG03-UNRESOLVED,ALL5_LEVELS_bet23_to_bet27,4.9920,4.9920,4.9920,6.6560,6.6560,3.000000,3.000000,3.000000,4.000000,4.000000,97.000000,97.000000,97.000000,96.000000,96.000000,5.0,28.2880,26.4377,138.1120,139.9623,PENDING_AG03,FALSE,NOT_FOR_ENFORCEMENT,161.4080,759.5100,166.4000,161.4080,4.9920,0.18995434,0.18425571,4.9920,161.4080,0.18425571,4.9920,4.9920,4.9920,6.6560,6.6560,161.4080,0.18425571,28.2880,26.4377,138.1120,139.9623,0.15766210,0.15977429,0.00569863,31.2857,27.9643,5.9429,166.4000,15.1273,876.0000,28.0000,31.2857,,30.0,30.0,31.0,37.4,45.5,50.0,30.0,-24.5,1.516667,1.666667,1.042857,11,9,1,2,1.00000000,0.18995434,0.18995434,0E-8,0.000000,0.893836,0.000000,,2026-07-30,2026-07-30,1,11,11,1,1.000000,,1.000000,3.333333,,,,,,,,GLOBAL_BASELINE_NO_ENTITY_RANKING,,,NOT_APPLICABLE_GLOBAL_BASELINE,HF9g-P5,,,,X 全窗基线 · 不参与实体赏罚,6873082,688,A168_HF9F_20260827_0900,2026-08-27 09:00:00
2026-06-30,146881808,1399,0,37.9521338393,-12.7798001703,-12.7798001703,0.3333333,3,3,0.50218230000000000,0.502182300000,-0.5849155494134425,-0.5849155494134426,-0.5849155494134425,0E-17,ELIGIBLE,R03b_20260811_FULL_v1,L1_ELIGIBILITY,v2026-08-11,2026-03-21..2026-08-06,baccarat_bet02_101_all_pairs_incl_sentinel,round_win = game_pnl > 0 (decisive only),COMPATIBILITY_ONLY_NOT_PRODUCTION,15325.7582,13606.4180,168.1429,260,246,-0.01097126,-0.01602544,0.12364991,-0.01097126,-168.1429,15325.7582,OK,0.0000,6.7257,4.0000,96.0000,AG03-UNRESOLVED,ALL5_LEVELS_bet23_to_bet27,6.7257,6.7257,6.7257,8.4071,8.4071,4.000000,4.000000,4.000000,5.000000,5.000000,96.000000,96.000000,96.000000,95.000000,95.000000,5.0,36.9914,33.8851,131.1515,134.2578,PENDING_AG03,FALSE,NOT_FOR_ENFORCEMENT,161.4172,13062.1613,168.1429,161.4172,6.7257,0.01097126,0.01053241,6.7257,161.4172,0.01053241,6.7257,6.7257,6.7257,8.4071,8.4071,161.4172,0.01053241,36.9914,33.8851,131.1515,134.2578,0.00855758,0.00876027,0.00043885,58.9452,55.3106,0.6835,16.8143,2.7120,1532.5758,24.6000,64.5030,17.8892,29.6162,51.6356,77.4533,103.8964,129.0889,140.1381,51.6356,0.0,2.5,2.713985,1.141563,19,48,10,5,0.96381478,0.01097126,0.01602544,0E-8,0.000000,0.887814,0.657692,-0.13967535,2026-06-30,2026-07-31,10,62,45,32,0.312500,3.605692,1.094288,3.212716,,,,,,,,GLOBAL_BASELINE_NO_ENTITY_RANKING,,,NOT_APPLICABLE_GLOBAL_BASELINE,HF9g-P5,,,,X 全窗基线 · 不参与实体赏罚,6873083,688,A168_HF9F_20260827_0900,2026-08-27 09:00:00
2026-06-30,146881808,1957,0,25.8177781220,0E-10,0E-10,0.5000000,2,2,0.49324550000000000,0.493245500000,0.01910635448239258,0.01910635448239258,0.01910635448239258,0E-17,ELIGIBLE,R03b_20260811_FULL_v1,L1_ELIGIBILITY,v2026-08-11,2026-03-21..2026-08-06,baccarat_bet02_101_all_pairs_incl_sentinel,round_win = game_pnl > 0 (decisive only),COMPATIBILITY_ONLY_NOT_PRODUCTION,15325.7582,13606.4180,168.1429,260,246,-0.01097126,-0.01602544,0.12364991,-0.01097126,-168.1429,15325.7582,OK,0.0000,6.7257,4.0000,96.0000,AG03-UNRESOLVED,ALL5_LEVELS_bet23_to_bet27,6.7257,6.7257,6.7257,8.4071,8.4071,4.000000,4.000000,4.000000,5.000000,5.000000,96.000000,96.000000,96.000000,95.000000,95.000000,5.0,36.9914,33.8851,131.1515,134.2578,PENDING_AG03,FALSE,NOT_FOR_ENFORCEMENT,161.4172,13062.1613,168.1429,161.4172,6.7257,0.01097126,0.01053241,6.7257,161.4172,0.01053241,6.7257,6.7257,6.7257,8.4071,8.4071,161.4172,0.01053241,36.9914,33.8851,131.1515,134.2578,0.00855758,0.00876027,0.00043885,58.9452,55.3106,0.6835,16.8143,2.7120,1532.5758,24.6000,64.5030,17.8892,29.6162,51.6356,77.4533,103.8964,129.0889,140.1381,51.6356,0.0,2.5,2.713985,1.141563,19,48,10,5,0.96381478,0.01097126,0.01602544,0E-8,0.000000,0.887814,0.657692,-0.13967535,2026-06-30,2026-07-31,10,62,45,32,0.312500,3.605692,1.094288,3.212716,,,,,,,,GLOBAL_BASELINE_NO_ENTITY_RANKING,,,NOT_APPLICABLE_GLOBAL_BASELINE,HF9g-P5,,,,X 全窗基线 · 不参与实体赏罚,6873084,688,A168_HF9F_20260827_0900,2026-08-27 09:00:00
2026-06-30,146881808,2147,0,3.3563111559,-3.3563111559,-3.3563111559,0E-7,1,1,0.50665070000000000,0.506650700000,-1.013391052207602,-1.013391052207602,-1.013391052207602,0E-17,ELIGIBLE,R03b_20260811_FULL_v1,L1_ELIGIBILITY,v2026-08-11,2026-03-21..2026-08-06,baccarat_bet02_101_all_pairs_incl_sentinel,round_win = game_pnl > 0 (decisive only),COMPATIBILITY_ONLY_NOT_PRODUCTION,15325.7582,13606.4180,168.1429,260,246,-0.01097126,-0.01602544,0.12364991,-0.01097126,-168.1429,15325.7582,OK,0.0000,6.7257,4.0000,96.0000,AG03-UNRESOLVED,ALL5_LEVELS_bet23_to_bet27,6.7257,6.7257,6.7257,8.4071,8.4071,4.000000,4.000000,4.000000,5.000000,5.000000,96.000000,96.000000,96.000000,95.000000,95.000000,5.0,36.9914,33.8851,131.1515,134.2578,PENDING_AG03,FALSE,NOT_FOR_ENFORCEMENT,161.4172,13062.1613,168.1429,161.4172,6.7257,0.01097126,0.01053241,6.7257,161.4172,0.01053241,6.7257,6.7257,6.7257,8.4071,8.4071,161.4172,0.01053241,36.9914,33.8851,131.1515,134.2578,0.00855758,0.00876027,0.00043885,58.9452,55.3106,0.6835,16.8143,2.7120,1532.5758,24.6000,64.5030,17.8892,29.6162,51.6356,77.4533,103.8964,129.0889,140.1381,51.6356,0.0,2.5,2.713985,1.141563,19,48,10,5,0.96381478,0.01097126,0.01602544,0E-8,0.000000,0.887814,0.657692,-0.13967535,2026-06-30,2026-07-31,10,62,45,32,0.312500,3.605692,1.094288,3.212716,,,,,,,,GLOBAL_BASELINE_NO_ENTITY_RANKING,,,NOT_APPLICABLE_GLOBAL_BASELINE,HF9g-P5,,,,X 全窗基线 · 不参与实体赏罚,6873085,688,A168_HF9F_20260827_0900,2026-08-27 09:00:00
2026-06-30,146881808,2241,0,243.2034699092,138.6156507371,138.6156507371,0.9000000,13,13,0.50046368461538462,0.500463684615,2.5268906157140094,2.5268906157164404,2.5268906157140094,3.8462E-13,ELIGIBLE,R03b_20260811_FULL_v1,L1_ELIGIBILITY,v2026-08-11,2026-03-21..2026-08-06,baccarat_bet02_101_all_pairs_incl_sentinel,round_win = game_pnl > 0 (decisive only),COMPATIBILITY_ONLY_NOT_PRODUCTION,15325.7582,13606.4180,168.1429,260,246,-0.01097126,-0.01602544,0.12364991,-0.01097126,-168.1429,15325.7582,OK,0.0000,6.7257,4.0000,96.0000,AG03-UNRESOLVED,ALL5_LEVELS_bet23_to_bet27,6.7257,6.7257,6.7257,8.4071,8.4071,4.000000,4.000000,4.000000,5.000000,5.000000,96.000000,96.000000,96.000000,95.000000,95.000000,5.0,36.9914,33.8851,131.1515,134.2578,PENDING_AG03,FALSE,NOT_FOR_ENFORCEMENT,161.4172,13062.1613,168.1429,161.4172,6.7257,0.01097126,0.01053241,6.7257,161.4172,0.01053241,6.7257,6.7257,6.7257,8.4071,8.4071,161.4172,0.01053241,36.9914,33.8851,131.1515,134.2578,0.00855758,0.00876027,0.00043885,58.9452,55.3106,0.6835,16.8143,2.7120,1532.5758,24.6000,64.5030,17.8892,29.6162,51.6356,77.4533,103.8964,129.0889,140.1381,51.6356,0.0,2.5,2.713985,1.141563,19,48,10,5,0.96381478,0.01097126,0.01602544,0E-8,0.000000,0.887814,0.657692,-0.13967535,2026-06-30,2026-07-31,10,62,45,32,0.312500,3.605692,1.094288,3.212716,,,,,,,,GLOBAL_BASELINE_NO_ENTITY_RANKING,,,NOT_APPLICABLE_GLOBAL_BASELINE,HF9g-P5,,,,X 全窗基线 · 不参与实体赏罚,6873086,688,A168_HF9F_20260827_0900,2026-08-27 09:00:00
2026-06-30,146881808,2258,0,116.1800015490,-0.6454444530,-0.6454444530,0.5000000,6,6,0.49771390000000000,0.497713900000,0.009144495583398339,0.009144495583398339,0.009144495583398339,0E-17,ELIGIBLE,R03b_20260811_FULL_v1,L1_ELIGIBILITY,v2026-08-11,2026-03-21..2026-08-06,baccarat_bet02_101_all_pairs_incl_sentinel,round_win = game_pnl > 0 (decisive only),COMPATIBILITY_ONLY_NOT_PRODUCTION,15325.7582,13606.4180,168.1429,260,246,-0.01097126,-0.01602544,0.12364991,-0.01097126,-168.1429,15325.7582,OK,0.0000,6.7257,4.0000,96.0000,AG03-UNRESOLVED,ALL5_LEVELS_bet23_to_bet27,6.7257,6.7257,6.7257,8.4071,8.4071,4.000000,4.000000,4.000000,5.000000,5.000000,96.000000,96.000000,96.000000,95.000000,95.000000,5.0,36.9914,33.8851,131.1515,134.2578,PENDING_AG03,FALSE,NOT_FOR_ENFORCEMENT,161.4172,13062.1613,168.1429,161.4172,6.7257,0.01097126,0.01053241,6.7257,161.4172,0.01053241,6.7257,6.7257,6.7257,8.4071,8.4071,161.4172,0.01053241,36.9914,33.8851,131.1515,134.2578,0.00855758,0.00876027,0.00043885,58.9452,55.3106,0.6835,16.8143,2.7120,1532.5758,24.6000,64.5030,17.8892,29.6162,51.6356,77.4533,103.8964,129.0889,140.1381,51.6356,0.0,2.5,2.713985,1.141563,19,48,10,5,0.96381478,0.01097126,0.01602544,0E-8,0.000000,0.887814,0.657692,-0.13967535,2026-06-30,2026-07-31,10,62,45,32,0.312500,3.605692,1.094288,3.212716,,,,,,,,GLOBAL_BASELINE_NO_ENTITY_RANKING,,,NOT_APPLICABLE_GLOBAL_BASELINE,HF9g-P5,,,,X 全窗基线 · 不参与实体赏罚,6873087,688,A168_HF9F_20260827_0900,2026-08-27 09:00:00
2026-07-03,146881808,2145,0,24.7850669971,-1.6265200217,-1.6265200217,0.5000000,2,2,0.50665070000000000,0.506650700000,-0.018812684590367487,-0.018812684590367487,-0.018812684590367487,0E-17,ELIGIBLE,R03b_20260811_FULL_v1,L1_ELIGIBILITY,v2026-08-11,2026-03-21..2026-08-06,baccarat_bet02_101_all_pairs_incl_sentinel,round_win = game_pnl > 0 (decisive only),COMPATIBILITY_ONLY_NOT_PRODUCTION,15325.7582,13606.4180,168.1429,260,246,-0.01097126,-0.01602544,0.12364991,-0.01097126,-168.1429,15325.7582,OK,0.0000,6.7257,4.0000,96.0000,AG03-UNRESOLVED,ALL5_LEVELS_bet23_to_bet27,6.7257,6.7257,6.7257,8.4071,8.4071,4.000000,4.000000,4.000000,5.000000,5.000000,96.000000,96.000000,96.000000,95.000000,95.000000,5.0,36.9914,33.8851,131.1515,134.2578,PENDING_AG03,FALSE,NOT_FOR_ENFORCEMENT,161.4172,13062.1613,168.1429,161.4172,6.7257,0.01097126,0.01053241,6.7257,161.4172,0.01053241,6.7257,6.7257,6.7257,8.4071,8.4071,161.4172,0.01053241,36.9914,33.8851,131.1515,134.2578,0.00855758,0.00876027,0.00043885,58.9452,55.3106,0.6835,16.8143,2.7120,1532.5758,24.6000,64.5030,17.8892,29.6162,51.6356,77.4533,103.8964,129.0889,140.1381,51.6356,0.0,2.5,2.713985,1.141563,19,48,10,5,0.96381478,0.01097126,0.01602544,0E-8,0.000000,0.887814,0.657692,-0.13967535,2026-06-30,2026-07-31,10,62,45,32,0.312500,3.605692,1.094288,3.212716,,,,,,,,GLOBAL_BASELINE_NO_ENTITY_RANKING,,,NOT_APPLICABLE_GLOBAL_BASELINE,HF9g-P5,,,,X 全窗基线 · 不参与实体赏罚,6873088,688,A168_HF9F_20260827_0900,2026-08-27 09:00:00
2026-07-06,146881808,1490,0,103.2711124880,-51.6355562440,-51.6355562440,0.2500000,4,4,0.49659680000000000,0.496596800000,-0.9864100490137353,-0.9864100490137354,-0.9864100490137353,0E-17,ELIGIBLE,R03b_20260811_FULL_v1,L1_ELIGIBILITY,v2026-08-11,2026-03-21..2026-08-06,baccarat_bet02_101_all_pairs_incl_sentinel,round_win = game_pnl > 0 (decisive only),COMPATIBILITY_ONLY_NOT_PRODUCTION,15325.7582,13606.4180,168.1429,260,246,-0.01097126,-0.01602544,0.12364991,-0.01097126,-168.1429,15325.7582,OK,0.0000,6.7257,4.0000,96.0000,AG03-UNRESOLVED,ALL5_LEVELS_bet23_to_bet27,6.7257,6.7257,6.7257,8.4071,8.4071,4.000000,4.000000,4.000000,5.000000,5.000000,96.000000,96.000000,96.000000,95.000000,95.000000,5.0,36.9914,33.8851,131.1515,134.2578,PENDING_AG03,FALSE,NOT_FOR_ENFORCEMENT,161.4172,13062.1613,168.1429,161.4172,6.7257,0.01097126,0.01053241,6.7257,161.4172,0.01053241,6.7257,6.7257,6.7257,8.4071,8.4071,161.4172,0.01053241,36.9914,33.8851,131.1515,134.2578,0.00855758,0.00876027,0.00043885,58.9452,55.3106,0.6835,16.8143,2.7120,1532.5758,24.6000,64.5030,17.8892,29.6162,51.6356,77.4533,103.8964,129.0889,140.1381,51.6356,0.0,2.5,2.713985,1.141563,19,48,10,5,0.96381478,0.01097126,0.01602544,0E-8,0.000000,0.887814,0.657692,-0.13967535,2026-06-30,2026-07-31,10,62,45,32,0.312500,3.605692,1.094288,3.212716,,,,,,,,GLOBAL_BASELINE_NO_ENTITY_RANKING,,,NOT_APPLICABLE_GLOBAL_BASELINE,HF9g-P5,,,,X 全窗基线 · 不参与实体赏罚,6873089,688,A168_HF9F_20260827_0900,2026-08-27 09:00:00
2026-07-08,146881808,1004,0,317.5586709006,193.6333359150,193.6333359150,0.8000000,5,5,0.50128862000000000,0.501288620000,1.335882339249048,1.335882339249048,1.335882339249048,0E-17,ELIGIBLE,R03b_20260811_FULL_v1,L1_ELIGIBILITY,v2026-08-11,2026-03-21..2026-08-06,baccarat_bet02_101_all_pairs_incl_sentinel,round_win = game_pnl > 0 (decisive only),COMPATIBILITY_ONLY_NOT_PRODUCTION,15325.7582,13606.4180,168.1429,260,246,-0.01097126,-0.01602544,0.12364991,-0.01097126,-168.1429,15325.7582,OK,0.0000,6.7257,4.0000,96.0000,AG03-UNRESOLVED,ALL5_LEVELS_bet23_to_bet27,6.7257,6.7257,6.7257,8.4071,8.4071,4.000000,4.000000,4.000000,5.000000,5.000000,96.000000,96.000000,96.000000,95.000000,95.000000,5.0,36.9914,33.8851,131.1515,134.2578,PENDING_AG03,FALSE,NOT_FOR_ENFORCEMENT,161.4172,13062.1613,168.1429,161.4172,6.7257,0.01097126,0.01053241,6.7257,161.4172,0.01053241,6.7257,6.7257,6.7257,8.4071,8.4071,161.4172,0.01053241,36.9914,33.8851,131.1515,134.2578,0.00855758,0.00876027,0.00043885,58.9452,55.3106,0.6835,16.8143,2.7120,1532.5758,24.6000,64.5030,17.8892,29.6162,51.6356,77.4533,103.8964,129.0889,140.1381,51.6356,0.0,2.5,2.713985,1.141563,19,48,10,5,0.96381478,0.01097126,0.01602544,0E-8,0.000000,0.887814,0.657692,-0.13967535,2026-06-30,2026-07-31,10,62,45,32,0.312500,3.605692,1.094288,3.212716,,,,,,,,GLOBAL_BASELINE_NO_ENTITY_RANKING,,,NOT_APPLICABLE_GLOBAL_BASELINE,HF9g-P5,,,,X 全窗基线 · 不参与实体赏罚,6873090,688,A168_HF9F_20260827_0900,2026-08-27 09:00:00
2026-07-08,146881808,1363,0,38.7266671830,-38.7266671830,-38.7266671830,0E-7,1,1,0.49324550000000000,0.493245500000,-0.9865810262130424,-0.9865810262130424,-0.9865810262130424,0E-17,ELIGIBLE,R03b_20260811_FULL_v1,L1_ELIGIBILITY,v2026-08-11,2026-03-21..2026-08-06,baccarat_bet02_101_all_pairs_incl_sentinel,round_win = game_pnl > 0 (decisive only),COMPATIBILITY_ONLY_NOT_PRODUCTION,15325.7582,13606.4180,168.1429,260,246,-0.01097126,-0.01602544,0.12364991,-0.01097126,-168.1429,15325.7582,OK,0.0000,6.7257,4.0000,96.0000,AG03-UNRESOLVED,ALL5_LEVELS_bet23_to_bet27,6.7257,6.7257,6.7257,8.4071,8.4071,4.000000,4.000000,4.000000,5.000000,5.000000,96.000000,96.000000,96.000000,95.000000,95.000000,5.0,36.9914,33.8851,131.1515,134.2578,PENDING_AG03,FALSE,NOT_FOR_ENFORCEMENT,161.4172,13062.1613,168.1429,161.4172,6.7257,0.01097126,0.01053241,6.7257,161.4172,0.01053241,6.7257,6.7257,6.7257,8.4071,8.4071,161.4172,0.01053241,36.9914,33.8851,131.1515,134.2578,0.00855758,0.00876027,0.00043885,58.9452,55.3106,0.6835,16.8143,2.7120,1532.5758,24.6000,64.5030,17.8892,29.6162,51.6356,77.4533,103.8964,129.0889,140.1381,51.6356,0.0,2.5,2.713985,1.141563,19,48,10,5,0.96381478,0.01097126,0.01602544,0E-8,0.000000,0.887814,0.657692,-0.13967535,2026-06-30,2026-07-31,10,62,45,32,0.312500,3.605692,1.094288,3.212716,,,,,,,,GLOBAL_BASELINE_NO_ENTITY_RANKING,,,NOT_APPLICABLE_GLOBAL_BASELINE,HF9g-P5,,,,X 全窗基线 · 不参与实体赏罚,6873091,688,A168_HF9F_20260827_0900,2026-08-27 09:00:00
2026-07-08,146881808,1399,0,87.7804456149,-87.7804456149,-87.7804456149,0E-7,1,1,0.50665070000000000,0.506650700000,-1.013391052207602,-1.013391052207602,-1.013391052207602,0E-17,ELIGIBLE,R03b_20260811_FULL_v1,L1_ELIGIBILITY,v2026-08-11,2026-03-21..2026-08-06,baccarat_bet02_101_all_pairs_incl_sentinel,round_win = game_pnl > 0 (decisive only),COMPATIBILITY_ONLY_NOT_PRODUCTION,15325.7582,13606.4180,168.1429,260,246,-0.01097126,-0.01602544,0.12364991,-0.01097126,-168.1429,15325.7582,OK,0.0000,6.7257,4.0000,96.0000,AG03-UNRESOLVED,ALL5_LEVELS_bet23_to_bet27,6.7257,6.7257,6.7257,8.4071,8.4071,4.000000,4.000000,4.000000,5.000000,5.000000,96.000000,96.000000,96.000000,95.000000,95.000000,5.0,36.9914,33.8851,131.1515,134.2578,PENDING_AG03,FALSE,NOT_FOR_ENFORCEMENT,161.4172,13062.1613,168.1429,161.4172,6.7257,0.01097126,0.01053241,6.7257,161.4172,0.01053241,6.7257,6.7257,6.7257,8.4071,8.4071,161.4172,0.01053241,36.9914,33.8851,131.1515,134.2578,0.00855758,0.00876027,0.00043885,58.9452,55.3106,0.6835,16.8143,2.7120,1532.5758,24.6000,64.5030,17.8892,29.6162,51.6356,77.4533,103.8964,129.0889,140.1381,51.6356,0.0,2.5,2.713985,1.141563,19,48,10,5,0.96381478,0.01097126,0.01602544,0E-8,0.000000,0.887814,0.657692,-0.13967535,2026-06-30,2026-07-31,10,62,45,32,0.312500,3.605692,1.094288,3.212716,,,,,,,,GLOBAL_BASELINE_NO_ENTITY_RANKING,,,NOT_APPLICABLE_GLOBAL_BASELINE,HF9g-P5,,,,X 全窗基线 · 不参与实体赏罚,6873092,688,A168_HF9F_20260827_0900,2026-08-27 09:00:00
2026-07-08,146881808,1402,0,258.6941367824,-129.3470683912,-129.3470683912,0E-7,4,4,0.49324550000000000,0.493245500000,-1.3952362676504506,-1.3952362676504506,-1.3952362676504506,0E-17,ELIGIBLE,R03b_20260811_FULL_v1,L1_ELIGIBILITY,v2026-08-11,2026-03-21..2026-08-06,baccarat_bet02_101_all_pairs_incl_sentinel,round_win = game_pnl > 0 (decisive only),COMPATIBILITY_ONLY_NOT_PRODUCTION,15325.7582,13606.4180,168.1429,260,246,-0.01097126,-0.01602544,0.12364991,-0.01097126,-168.1429,15325.7582,OK,0.0000,6.7257,4.0000,96.0000,AG03-UNRESOLVED,ALL5_LEVELS_bet23_to_bet27,6.7257,6.7257,6.7257,8.4071,8.4071,4.000000,4.000000,4.000000,5.000000,5.000000,96.000000,96.000000,96.000000,95.000000,95.000000,5.0,36.9914,33.8851,131.1515,134.2578,PENDING_AG03,FALSE,NOT_FOR_ENFORCEMENT,161.4172,13062.1613,168.1429,161.4172,6.7257,0.01097126,0.01053241,6.7257,161.4172,0.01053241,6.7257,6.7257,6.7257,8.4071,8.4071,161.4172,0.01053241,36.9914,33.8851,131.1515,134.2578,0.00855758,0.00876027,0.00043885,58.9452,55.3106,0.6835,16.8143,2.7120,1532.5758,24.6000,64.5030,17.8892,29.6162,51.6356,77.4533,103.8964,129.0889,140.1381,51.6356,0.0,2.5,2.713985,1.141563,19,48,10,5,0.96381478,0.01097126,0.01602544,0E-8,0.000000,0.887814,0.657692,-0.13967535,2026-06-30,2026-07-31,10,62,45,32,0.312500,3.605692,1.094288,3.212716,,,,,,,,GLOBAL_BASELINE_NO_ENTITY_RANKING,,,NOT_APPLICABLE_GLOBAL_BASELINE,HF9g-P5,,,,X 全窗基线 · 不参与实体赏罚,6873093,688,A168_HF9F_20260827_0900,2026-08-27 09:00:00
2026-07-08,146881808,1490,0,180.7244468541,77.4533343661,77.4533343661,0.5000000,2,2,0.49994810000000000,0.499948100000,0.00014679536856514622,0.00014679536856514622,0.00014679536856514622,0E-17,ELIGIBLE,R03b_20260811_FULL_v1,L1_ELIGIBILITY,v2026-08-11,2026-03-21..2026-08-06,baccarat_bet02_101_all_pairs_incl_sentinel,round_win = game_pnl > 0 (decisive only),COMPATIBILITY_ONLY_NOT_PRODUCTION,15325.7582,13606.4180,168.1429,260,246,-0.01097126,-0.01602544,0.12364991,-0.01097126,-168.1429,15325.7582,OK,0.0000,6.7257,4.0000,96.0000,AG03-UNRESOLVED,ALL5_LEVELS_bet23_to_bet27,6.7257,6.7257,6.7257,8.4071,8.4071,4.000000,4.000000,4.000000,5.000000,5.000000,96.000000,96.000000,96.000000,95.000000,95.000000,5.0,36.9914,33.8851,131.1515,134.2578,PENDING_AG03,FALSE,NOT_FOR_ENFORCEMENT,161.4172,13062.1613,168.1429,161.4172,6.7257,0.01097126,0.01053241,6.7257,161.4172,0.01053241,6.7257,6.7257,6.7257,8.4071,8.4071,161.4172,0.01053241,36.9914,33.8851,131.1515,134.2578,0.00855758,0.00876027,0.00043885,58.9452,55.3106,0.6835,16.8143,2.7120,1532.5758,24.6000,64.5030,17.8892,29.6162,51.6356,77.4533,103.8964,129.0889,140.1381,51.6356,0.0,2.5,2.713985,1.141563,19,48,10,5,0.96381478,0.01097126,0.01602544,0E-8,0.000000,0.887814,0.657692,-0.13967535,2026-06-30,2026-07-31,10,62,45,32,0.312500,3.605692,1.094288,3.212716,,,,,,,,GLOBAL_BASELINE_NO_ENTITY_RANKING,,,NOT_APPLICABLE_GLOBAL_BASELINE,HF9g-P5,,,,X 全窗基线 · 不参与实体赏罚,6873094,688,A168_HF9F_20260827_0900,2026-08-27 09:00:00
2026-07-08,146881808,1645,0,1230.4753052950,141.9977796713,141.9977796713,0.5882353,20,20,0.49860758000000000,0.498607580000,0.7390919305373252,0.7390919305373252,0.7390919305373252,0E-17,ELIGIBLE,R03b_20260811_FULL_v1,L1_ELIGIBILITY,v2026-08-11,2026-03-21..2026-08-06,baccarat_bet02_101_all_pairs_incl_sentinel,round_win = game_pnl > 0 (decisive only),COMPATIBILITY_ONLY_NOT_PRODUCTION,15325.7582,13606.4180,168.1429,260,246,-0.01097126,-0.01602544,0.12364991,-0.01097126,-168.1429,15325.7582,OK,0.0000,6.7257,4.0000,96.0000,AG03-UNRESOLVED,ALL5_LEVELS_bet23_to_bet27,6.7257,6.7257,6.7257,8.4071,8.4071,4.000000,4.000000,4.000000,5.000000,5.000000,96.000000,96.000000,96.000000,95.000000,95.000000,5.0,36.9914,33.8851,131.1515,134.2578,PENDING_AG03,FALSE,NOT_FOR_ENFORCEMENT,161.4172,13062.1613,168.1429,161.4172,6.7257,0.01097126,0.01053241,6.7257,161.4172,0.01053241,6.7257,6.7257,6.7257,8.4071,8.4071,161.4172,0.01053241,36.9914,33.8851,131.1515,134.2578,0.00855758,0.00876027,0.00043885,58.9452,55.3106,0.6835,16.8143,2.7120,1532.5758,24.6000,64.5030,17.8892,29.6162,51.6356,77.4533,103.8964,129.0889,140.1381,51.6356,0.0,2.5,2.713985,1.141563,19,48,10,5,0.96381478,0.01097126,0.01602544,0E-8,0.000000,0.887814,0.657692,-0.13967535,2026-06-30,2026-07-31,10,62,45,32,0.312500,3.605692,1.094288,3.212716,,,,,,,,GLOBAL_BASELINE_NO_ENTITY_RANKING,,,NOT_APPLICABLE_GLOBAL_BASELINE,HF9g-P5,,,,X 全窗基线 · 不参与实体赏罚,6873095,688,A168_HF9F_20260827_0900,2026-08-27 09:00:00
2026-07-08,146881808,1704,0,77.4533343660,0E-10,0E-10,,1,1,0.49324550000000000,0.493245500000,,,,0E-17,NO_DECISIVE_ROUND,R03b_20260811_FULL_v1,L1_ELIGIBILITY,v2026-08-11,2026-03-21..2026-08-06,baccarat_bet02_101_all_pairs_incl_sentinel,round_win = game_pnl > 0 (decisive only),COMPATIBILITY_ONLY_NOT_PRODUCTION,15325.7582,13606.4180,168.1429,260,246,-0.01097126,-0.01602544,0.12364991,-0.01097126,-168.1429,15325.7582,OK,0.0000,6.7257,4.0000,96.0000,AG03-UNRESOLVED,ALL5_LEVELS_bet23_to_bet27,6.7257,6.7257,6.7257,8.4071,8.4071,4.000000,4.000000,4.000000,5.000000,5.000000,96.000000,96.000000,96.000000,95.000000,95.000000,5.0,36.9914,33.8851,131.1515,134.2578,PENDING_AG03,FALSE,NOT_FOR_ENFORCEMENT,161.4172,13062.1613,168.1429,161.4172,6.7257,0.01097126,0.01053241,6.7257,161.4172,0.01053241,6.7257,6.7257,6.7257,8.4071,8.4071,161.4172,0.01053241,36.9914,33.8851,131.1515,134.2578,0.00855758,0.00876027,0.00043885,58.9452,55.3106,0.6835,16.8143,2.7120,1532.5758,24.6000,64.5030,17.8892,29.6162,51.6356,77.4533,103.8964,129.0889,140.1381,51.6356,0.0,2.5,2.713985,1.141563,19,48,10,5,0.96381478,0.01097126,0.01602544,0E-8,0.000000,0.887814,0.657692,-0.13967535,2026-06-30,2026-07-31,10,62,45,32,0.312500,3.605692,1.094288,3.212716,,,,,,,,GLOBAL_BASELINE_NO_ENTITY_RANKING,,,NOT_APPLICABLE_GLOBAL_BASELINE,HF9g-P5,,,,X 全窗基线 · 不参与实体赏罚,6873096,688,A168_HF9F_20260827_0900,2026-08-27 09:00:00
2026-07-08,146881808,1935,0,416.1825833267,-24.6559781064,-24.6559781064,0.5000000,7,6,0.49110889166666667,0.468962075000,0.0435642455382117,0.15234797085335153,0.0435642455382117,0.02214681666666667,ELIGIBLE,R03b_20260811_FULL_v1,L1_ELIGIBILITY,v2026-08-11,2026-03-21..2026-08-06,baccarat_bet02_101_all_pairs_incl_sentinel,round_win = game_pnl > 0 (decisive only),COMPATIBILITY_ONLY_NOT_PRODUCTION,15325.7582,13606.4180,168.1429,260,246,-0.01097126,-0.01602544,0.12364991,-0.01097126,-168.1429,15325.7582,OK,0.0000,6.7257,4.0000,96.0000,AG03-UNRESOLVED,ALL5_LEVELS_bet23_to_bet27,6.7257,6.7257,6.7257,8.4071,8.4071,4.000000,4.000000,4.000000,5.000000,5.000000,96.000000,96.000000,96.000000,95.000000,95.000000,5.0,36.9914,33.8851,131.1515,134.2578,PENDING_AG03,FALSE,NOT_FOR_ENFORCEMENT,161.4172,13062.1613,168.1429,161.4172,6.7257,0.01097126,0.01053241,6.7257,161.4172,0.01053241,6.7257,6.7257,6.7257,8.4071,8.4071,161.4172,0.01053241,36.9914,33.8851,131.1515,134.2578,0.00855758,0.00876027,0.00043885,58.9452,55.3106,0.6835,16.8143,2.7120,1532.5758,24.6000,64.5030,17.8892,29.6162,51.6356,77.4533,103.8964,129.0889,140.1381,51.6356,0.0,2.5,2.713985,1.141563,19,48,10,5,0.96381478,0.01097126,0.01602544,0E-8,0.000000,0.887814,0.657692,-0.13967535,2026-06-30,2026-07-31,10,62,45,32,0.312500,3.605692,1.094288,3.212716,,,,,,,,GLOBAL_BASELINE_NO_ENTITY_RANKING,,,NOT_APPLICABLE_GLOBAL_BASELINE,HF9g-P5,,,,X 全窗基线 · 不参与实体赏罚,6873097,688,A168_HF9F_20260827_0900,2026-08-27 09:00:00
2026-07-08,146881808,1940,0,193.6333359150,38.7266671830,38.7266671830,0.6000000,5,5,0.50396966000000000,0.503969660000,0.4294742719815242,0.4294742719815242,0.4294742719815242,0E-17,ELIGIBLE,R03b_20260811_FULL_v1,L1_ELIGIBILITY,v2026-08-11,2026-03-21..2026-08-06,baccarat_bet02_101_all_pairs_incl_sentinel,round_win = game_pnl > 0 (decisive only),COMPATIBILITY_ONLY_NOT_PRODUCTION,15325.7582,13606.4180,168.1429,260,246,-0.01097126,-0.01602544,0.12364991,-0.01097126,-168.1429,15325.7582,OK,0.0000,6.7257,4.0000,96.0000,AG03-UNRESOLVED,ALL5_LEVELS_bet23_to_bet27,6.7257,6.7257,6.7257,8.4071,8.4071,4.000000,4.000000,4.000000,5.000000,5.000000,96.000000,96.000000,96.000000,95.000000,95.000000,5.0,36.9914,33.8851,131.1515,134.2578,PENDING_AG03,FALSE,NOT_FOR_ENFORCEMENT,161.4172,13062.1613,168.1429,161.4172,6.7257,0.01097126,0.01053241,6.7257,161.4172,0.01053241,6.7257,6.7257,6.7257,8.4071,8.4071,161.4172,0.01053241,36.9914,33.8851,131.1515,134.2578,0.00855758,0.00876027,0.00043885,58.9452,55.3106,0.6835,16.8143,2.7120,1532.5758,24.6000,64.5030,17.8892,29.6162,51.6356,77.4533,103.8964,129.0889,140.1381,51.6356,0.0,2.5,2.713985,1.141563,19,48,10,5,0.96381478,0.01097126,0.01602544,0E-8,0.000000,0.887814,0.657692,-0.13967535,2026-06-30,2026-07-31,10,62,45,32,0.312500,3.605692,1.094288,3.212716,,,,,,,,GLOBAL_BASELINE_NO_ENTITY_RANKING,,,NOT_APPLICABLE_GLOBAL_BASELINE,HF9g-P5,,,,X 全窗基线 · 不参与实体赏罚,6873098,688,A168_HF9F_20260827_0900,2026-08-27 09:00:00
2026-07-08,146881808,1951,0,204.2186249450,-103.5292902692,-103.5292902692,0.2500000,4,4,0.39693612500000000,0.396936125000,-0.6006432602881279,-0.6006432602881279,-0.6006432602881279,0E-17,ELIGIBLE,R03b_20260811_FULL_v1,L1_ELIGIBILITY,v2026-08-11,2026-03-21..2026-08-06,baccarat_bet02_101_all_pairs_incl_sentinel,round_win = game_pnl > 0 (decisive only),COMPATIBILITY_ONLY_NOT_PRODUCTION,15325.7582,13606.4180,168.1429,260,246,-0.01097126,-0.01602544,0.12364991,-0.01097126,-168.1429,15325.7582,OK,0.0000,6.7257,4.0000,96.0000,AG03-UNRESOLVED,ALL5_LEVELS_bet23_to_bet27,6.7257,6.7257,6.7257,8.4071,8.4071,4.000000,4.000000,4.000000,5.000000,5.000000,96.000000,96.000000,96.000000,95.000000,95.000000,5.0,36.9914,33.8851,131.1515,134.2578,PENDING_AG03,FALSE,NOT_FOR_ENFORCEMENT,161.4172,13062.1613,168.1429,161.4172,6.7257,0.01097126,0.01053241,6.7257,161.4172,0.01053241,6.7257,6.7257,6.7257,8.4071,8.4071,161.4172,0.01053241,36.9914,33.8851,131.1515,134.2578,0.00855758,0.00876027,0.00043885,58.9452,55.3106,0.6835,16.8143,2.7120,1532.5758,24.6000,64.5030,17.8892,29.6162,51.6356,77.4533,103.8964,129.0889,140.1381,51.6356,0.0,2.5,2.713985,1.141563,19,48,10,5,0.96381478,0.01097126,0.01602544,0E-8,0.000000,0.887814,0.657692,-0.13967535,2026-06-30,2026-07-31,10,62,45,32,0.312500,3.605692,1.094288,3.212716,,,,,,,,GLOBAL_BASELINE_NO_ENTITY_RANKING,,,NOT_APPLICABLE_GLOBAL_BASELINE,HF9g-P5,,,,X 全窗基线 · 不参与实体赏罚,6873099,688,A168_HF9F_20260827_0900,2026-08-27 09:00:00
2026-07-08,146881808,1963,0,232.3600030980,0E-10,0E-10,0.5000000,3,3,0.49771390000000000,0.497713900000,0.006466134837551399,0.0064661348375514,0.006466134837551399,0E-17,ELIGIBLE,R03b_20260811_FULL_v1,L1_ELIGIBILITY,v2026-08-11,2026-03-21..2026-08-06,baccarat_bet02_101_all_pairs_incl_sentinel,round_win = game_pnl > 0 (decisive only),COMPATIBILITY_ONLY_NOT_PRODUCTION,15325.7582,13606.4180,168.1429,260,246,-0.01097126,-0.01602544,0.12364991,-0.01097126,-168.1429,15325.7582,OK,0.0000,6.7257,4.0000,96.0000,AG03-UNRESOLVED,ALL5_LEVELS_bet23_to_bet27,6.7257,6.7257,6.7257,8.4071,8.4071,4.000000,4.000000,4.000000,5.000000,5.000000,96.000000,96.000000,96.000000,95.000000,95.000000,5.0,36.9914,33.8851,131.1515,134.2578,PENDING_AG03,FALSE,NOT_FOR_ENFORCEMENT,161.4172,13062.1613,168.1429,161.4172,6.7257,0.01097126,0.01053241,6.7257,161.4172,0.01053241,6.7257,6.7257,6.7257,8.4071,8.4071,161.4172,0.01053241,36.9914,33.8851,131.1515,134.2578,0.00855758,0.00876027,0.00043885,58.9452,55.3106,0.6835,16.8143,2.7120,1532.5758,24.6000,64.5030,17.8892,29.6162,51.6356,77.4533,103.8964,129.0889,140.1381,51.6356,0.0,2.5,2.713985,1.141563,19,48,10,5,0.96381478,0.01097126,0.01602544,0E-8,0.000000,0.887814,0.657692,-0.13967535,2026-06-30,2026-07-31,10,62,45,32,0.312500,3.605692,1.094288,3.212716,,,,,,,,GLOBAL_BASELINE_NO_ENTITY_RANKING,,,NOT_APPLICABLE_GLOBAL_BASELINE,HF9g-P5,,,,X 全窗基线 · 不参与实体赏罚,6873100,688,A168_HF9F_20260827_0900,2026-08-27 09:00:00
2026-07-08,146881808,2093,0,129.0888906101,-51.6355562441,-51.6355562441,0.5000000,2,2,0.49994810000000000,0.499948100000,0.00014679536856514622,0.00014679536856514622,0.00014679536856514622,0E-17,ELIGIBLE,R03b_20260811_FULL_v1,L1_ELIGIBILITY,v2026-08-11,2026-03-21..2026-08-06,baccarat_bet02_101_all_pairs_incl_sentinel,round_win = game_pnl > 0 (decisive only),COMPATIBILITY_ONLY_NOT_PRODUCTION,15325.7582,13606.4180,168.1429,260,246,-0.01097126,-0.01602544,0.12364991,-0.01097126,-168.1429,15325.7582,OK,0.0000,6.7257,4.0000,96.0000,AG03-UNRESOLVED,ALL5_LEVELS_bet23_to_bet27,6.7257,6.7257,6.7257,8.4071,8.4071,4.000000,4.000000,4.000000,5.000000,5.000000,96.000000,96.000000,96.000000,95.000000,95.000000,5.0,36.9914,33.8851,131.1515,134.2578,PENDING_AG03,FALSE,NOT_FOR_ENFORCEMENT,161.4172,13062.1613,168.1429,161.4172,6.7257,0.01097126,0.01053241,6.7257,161.4172,0.01053241,6.7257,6.7257,6.7257,8.4071,8.4071,161.4172,0.01053241,36.9914,33.8851,131.1515,134.2578,0.00855758,0.00876027,0.00043885,58.9452,55.3106,0.6835,16.8143,2.7120,1532.5758,24.6000,64.5030,17.8892,29.6162,51.6356,77.4533,103.8964,129.0889,140.1381,51.6356,0.0,2.5,2.713985,1.141563,19,48,10,5,0.96381478,0.01097126,0.01602544,0E-8,0.000000,0.887814,0.657692,-0.13967535,2026-06-30,2026-07-31,10,62,45,32,0.312500,3.605692,1.094288,3.212716,,,,,,,,GLOBAL_BASELINE_NO_ENTITY_RANKING,,,NOT_APPLICABLE_GLOBAL_BASELINE,HF9g-P5,,,,X 全窗基线 · 不参与实体赏罚,6873101,688,A168_HF9F_20260827_0900,2026-08-27 09:00:00
2026-07-08,146881808,2108,0,77.4533343660,77.4533343660,77.4533343660,1.0000000,1,1,0.50665070000000000,0.506650700000,0.9867858985152569,0.9867858985152569,0.9867858985152569,0E-17,ELIGIBLE,R03b_20260811_FULL_v1,L1_ELIGIBILITY,v2026-08-11,2026-03-21..2026-08-06,baccarat_bet02_101_all_pairs_incl_sentinel,round_win = game_pnl > 0 (decisive only),COMPATIBILITY_ONLY_NOT_PRODUCTION,15325.7582,13606.4180,168.1429,260,246,-0.01097126,-0.01602544,0.12364991,-0.01097126,-168.1429,15325.7582,OK,0.0000,6.7257,4.0000,96.0000,AG03-UNRESOLVED,ALL5_LEVELS_bet23_to_bet27,6.7257,6.7257,6.7257,8.4071,8.4071,4.000000,4.000000,4.000000,5.000000,5.000000,96.000000,96.000000,96.000000,95.000000,95.000000,5.0,36.9914,33.8851,131.1515,134.2578,PENDING_AG03,FALSE,NOT_FOR_ENFORCEMENT,161.4172,13062.1613,168.1429,161.4172,6.7257,0.01097126,0.01053241,6.7257,161.4172,0.01053241,6.7257,6.7257,6.7257,8.4071,8.4071,161.4172,0.01053241,36.9914,33.8851,131.1515,134.2578,0.00855758,0.00876027,0.00043885,58.9452,55.3106,0.6835,16.8143,2.7120,1532.5758,24.6000,64.5030,17.8892,29.6162,51.6356,77.4533,103.8964,129.0889,140.1381,51.6356,0.0,2.5,2.713985,1.141563,19,48,10,5,0.96381478,0.01097126,0.01602544,0E-8,0.000000,0.887814,0.657692,-0.13967535,2026-06-30,2026-07-31,10,62,45,32,0.312500,3.605692,1.094288,3.212716,,,,,,,,GLOBAL_BASELINE_NO_ENTITY_RANKING,,,NOT_APPLICABLE_GLOBAL_BASELINE,HF9g-P5,,,,X 全窗基线 · 不参与实体赏罚,6873102,688,A168_HF9F_20260827_0900,2026-08-27 09:00:00
2026-07-08,146881808,2115,0,271.0866702810,116.1800015490,116.1800015490,0.7500000,4,4,0.50329940000000000,0.503299400000,0.9868238854431842,0.9868238854431842,0.9868238854431842,0E-17,ELIGIBLE,R03b_20260811_FULL_v1,L1_ELIGIBILITY,v2026-08-11,2026-03-21..2026-08-06,baccarat_bet02_101_all_pairs_incl_sentinel,round_win = game_pnl > 0 (decisive only),COMPATIBILITY_ONLY_NOT_PRODUCTION,15325.7582,13606.4180,168.1429,260,246,-0.01097126,-0.01602544,0.12364991,-0.01097126,-168.1429,15325.7582,OK,0.0000,6.7257,4.0000,96.0000,AG03-UNRESOLVED,ALL5_LEVELS_bet23_to_bet27,6.7257,6.7257,6.7257,8.4071,8.4071,4.000000,4.000000,4.000000,5.000000,5.000000,96.000000,96.000000,96.000000,95.000000,95.000000,5.0,36.9914,33.8851,131.1515,134.2578,PENDING_AG03,FALSE,NOT_FOR_ENFORCEMENT,161.4172,13062.1613,168.1429,161.4172,6.7257,0.01097126,0.01053241,6.7257,161.4172,0.01053241,6.7257,6.7257,6.7257,8.4071,8.4071,161.4172,0.01053241,36.9914,33.8851,131.1515,134.2578,0.00855758,0.00876027,0.00043885,58.9452,55.3106,0.6835,16.8143,2.7120,1532.5758,24.6000,64.5030,17.8892,29.6162,51.6356,77.4533,103.8964,129.0889,140.1381,51.6356,0.0,2.5,2.713985,1.141563,19,48,10,5,0.96381478,0.01097126,0.01602544,0E-8,0.000000,0.887814,0.657692,-0.13967535,2026-06-30,2026-07-31,10,62,45,32,0.312500,3.605692,1.094288,3.212716,,,,,,,,GLOBAL_BASELINE_NO_ENTITY_RANKING,,,NOT_APPLICABLE_GLOBAL_BASELINE,HF9g-P5,,,,X 全窗基线 · 不参与实体赏罚,6873103,688,A168_HF9F_20260827_0900,2026-08-27 09:00:00
2026-07-08,146881808,2121,0,751.2973433505,418.2480055766,418.2480055766,0.7000000,11,11,0.49933877272727273,0.499338772727,1.2690941422840207,1.2690941422857465,1.2690941422840207,2.7273E-13,ELIGIBLE,R03b_20260811_FULL_v1,L1_ELIGIBILITY,v2026-08-11,2026-03-21..2026-08-06,baccarat_bet02_101_all_pairs_incl_sentinel,round_win = game_pnl > 0 (decisive only),COMPATIBILITY_ONLY_NOT_PRODUCTION,15325.7582,13606.4180,168.1429,260,246,-0.01097126,-0.01602544,0.12364991,-0.01097126,-168.1429,15325.7582,OK,0.0000,6.7257,4.0000,96.0000,AG03-UNRESOLVED,ALL5_LEVELS_bet23_to_bet27,6.7257,6.7257,6.7257,8.4071,8.4071,4.000000,4.000000,4.000000,5.000000,5.000000,96.000000,96.000000,96.000000,95.000000,95.000000,5.0,36.9914,33.8851,131.1515,134.2578,PENDING_AG03,FALSE,NOT_FOR_ENFORCEMENT,161.4172,13062.1613,168.1429,161.4172,6.7257,0.01097126,0.01053241,6.7257,161.4172,0.01053241,6.7257,6.7257,6.7257,8.4071,8.4071,161.4172,0.01053241,36.9914,33.8851,131.1515,134.2578,0.00855758,0.00876027,0.00043885,58.9452,55.3106,0.6835,16.8143,2.7120,1532.5758,24.6000,64.5030,17.8892,29.6162,51.6356,77.4533,103.8964,129.0889,140.1381,51.6356,0.0,2.5,2.713985,1.141563,19,48,10,5,0.96381478,0.01097126,0.01602544,0E-8,0.000000,0.887814,0.657692,-0.13967535,2026-06-30,2026-07-31,10,62,45,32,0.312500,3.605692,1.094288,3.212716,,,,,,,,GLOBAL_BASELINE_NO_ENTITY_RANKING,,,NOT_APPLICABLE_GLOBAL_BASELINE,HF9g-P5,,,,X 全窗基线 · 不参与实体赏罚,6873104,688,A168_HF9F_20260827_0900,2026-08-27 09:00:00
2026-07-08,146881808,2141,0,77.4533343660,73.5806676477,73.5806676477,1.0000000,1,1,0.50665070000000000,0.506650700000,0.9867858985152569,0.9867858985152569,0.9867858985152569,0E-17,ELIGIBLE,R03b_20260811_FULL_v1,L1_ELIGIBILITY,v2026-08-11,2026-03-21..2026-08-06,baccarat_bet02_101_all_pairs_incl_sentinel,round_win = game_pnl > 0 (decisive only),COMPATIBILITY_ONLY_NOT_PRODUCTION,15325.7582,13606.4180,168.1429,260,246,-0.01097126,-0.01602544,0.12364991,-0.01097126,-168.1429,15325.7582,OK,0.0000,6.7257,4.0000,96.0000,AG03-UNRESOLVED,ALL5_LEVELS_bet23_to_bet27,6.7257,6.7257,6.7257,8.4071,8.4071,4.000000,4.000000,4.000000,5.000000,5.000000,96.000000,96.000000,96.000000,95.000000,95.000000,5.0,36.9914,33.8851,131.1515,134.2578,PENDING_AG03,FALSE,NOT_FOR_ENFORCEMENT,161.4172,13062.1613,168.1429,161.4172,6.7257,0.01097126,0.01053241,6.7257,161.4172,0.01053241,6.7257,6.7257,6.7257,8.4071,8.4071,161.4172,0.01053241,36.9914,33.8851,131.1515,134.2578,0.00855758,0.00876027,0.00043885,58.9452,55.3106,0.6835,16.8143,2.7120,1532.5758,24.6000,64.5030,17.8892,29.6162,51.6356,77.4533,103.8964,129.0889,140.1381,51.6356,0.0,2.5,2.713985,1.141563,19,48,10,5,0.96381478,0.01097126,0.01602544,0E-8,0.000000,0.887814,0.657692,-0.13967535,2026-06-30,2026-07-31,10,62,45,32,0.312500,3.605692,1.094288,3.212716,,,,,,,,GLOBAL_BASELINE_NO_ENTITY_RANKING,,,NOT_APPLICABLE_GLOBAL_BASELINE,HF9g-P5,,,,X 全窗基线 · 不参与实体赏罚,6873105,688,A168_HF9F_20260827_0900,2026-08-27 09:00:00
2026-07-08,146881808,2147,0,129.0888906101,-129.0888906101,-129.0888906101,0E-7,1,1,0.49324550000000000,0.493245500000,-0.9865810262130424,-0.9865810262130424,-0.9865810262130424,0E-17,ELIGIBLE,R03b_20260811_FULL_v1,L1_ELIGIBILITY,v2026-08-11,2026-03-21..2026-08-06,baccarat_bet02_101_all_pairs_incl_sentinel,round_win = game_pnl > 0 (decisive only),COMPATIBILITY_ONLY_NOT_PRODUCTION,15325.7582,13606.4180,168.1429,260,246,-0.01097126,-0.01602544,0.12364991,-0.01097126,-168.1429,15325.7582,OK,0.0000,6.7257,4.0000,96.0000,AG03-UNRESOLVED,ALL5_LEVELS_bet23_to_bet27,6.7257,6.7257,6.7257,8.4071,8.4071,4.000000,4.000000,4.000000,5.000000,5.000000,96.000000,96.000000,96.000000,95.000000,95.000000,5.0,36.9914,33.8851,131.1515,134.2578,PENDING_AG03,FALSE,NOT_FOR_ENFORCEMENT,161.4172,13062.1613,168.1429,161.4172,6.7257,0.01097126,0.01053241,6.7257,161.4172,0.01053241,6.7257,6.7257,6.7257,8.4071,8.4071,161.4172,0.01053241,36.9914,33.8851,131.1515,134.2578,0.00855758,0.00876027,0.00043885,58.9452,55.3106,0.6835,16.8143,2.7120,1532.5758,24.6000,64.5030,17.8892,29.6162,51.6356,77.4533,103.8964,129.0889,140.1381,51.6356,0.0,2.5,2.713985,1.141563,19,48,10,5,0.96381478,0.01097126,0.01602544,0E-8,0.000000,0.887814,0.657692,-0.13967535,2026-06-30,2026-07-31,10,62,45,32,0.312500,3.605692,1.094288,3.212716,,,,,,,,GLOBAL_BASELINE_NO_ENTITY_RANKING,,,NOT_APPLICABLE_GLOBAL_BASELINE,HF9g-P5,,,,X 全窗基线 · 不参与实体赏罚,6873106,688,A168_HF9F_20260827_0900,2026-08-27 09:00:00
2026-07-08,146881808,2167,0,233.1345364417,-25.0432447783,-25.0432447783,0.5000000,6,6,0.49994810000000000,0.499948100000,0.00025425703667063243,0.00025425703667063243,0.00025425703667063243,0E-17,ELIGIBLE,R03b_20260811_FULL_v1,L1_ELIGIBILITY,v2026-08-11,2026-03-21..2026-08-06,baccarat_bet02_101_all_pairs_incl_sentinel,round_win = game_pnl > 0 (decisive only),COMPATIBILITY_ONLY_NOT_PRODUCTION,15325.7582,13606.4180,168.1429,260,246,-0.01097126,-0.01602544,0.12364991,-0.01097126,-168.1429,15325.7582,OK,0.0000,6.7257,4.0000,96.0000,AG03-UNRESOLVED,ALL5_LEVELS_bet23_to_bet27,6.7257,6.7257,6.7257,8.4071,8.4071,4.000000,4.000000,4.000000,5.000000,5.000000,96.000000,96.000000,96.000000,95.000000,95.000000,5.0,36.9914,33.8851,131.1515,134.2578,PENDING_AG03,FALSE,NOT_FOR_ENFORCEMENT,161.4172,13062.1613,168.1429,161.4172,6.7257,0.01097126,0.01053241,6.7257,161.4172,0.01053241,6.7257,6.7257,6.7257,8.4071,8.4071,161.4172,0.01053241,36.9914,33.8851,131.1515,134.2578,0.00855758,0.00876027,0.00043885,58.9452,55.3106,0.6835,16.8143,2.7120,1532.5758,24.6000,64.5030,17.8892,29.6162,51.6356,77.4533,103.8964,129.0889,140.1381,51.6356,0.0,2.5,2.713985,1.141563,19,48,10,5,0.96381478,0.01097126,0.01602544,0E-8,0.000000,0.887814,0.657692,-0.13967535,2026-06-30,2026-07-31,10,62,45,32,0.312500,3.605692,1.094288,3.212716,,,,,,,,GLOBAL_BASELINE_NO_ENTITY_RANKING,,,NOT_APPLICABLE_GLOBAL_BASELINE,HF9g-P5,,,,X 全窗基线 · 不参与实体赏罚,6873107,688,A168_HF9F_20260827_0900,2026-08-27 09:00:00
2026-07-08,146881808,2188,0,756.9772545374,-262.3086257198,-262.3086257198,0.4000000,16,11,0.46732702969696970,0.431691262121,-0.42672557727901134,-0.20233021346085725,-0.42672557727901134,0.03563576757596970,ELIGIBLE,R03b_20260811_FULL_v1,L1_ELIGIBILITY,v2026-08-11,2026-03-21..2026-08-06,baccarat_bet02_101_all_pairs_incl_sentinel,round_win = game_pnl > 0 (decisive only),COMPATIBILITY_ONLY_NOT_PRODUCTION,15325.7582,13606.4180,168.1429,260,246,-0.01097126,-0.01602544,0.12364991,-0.01097126,-168.1429,15325.7582,OK,0.0000,6.7257,4.0000,96.0000,AG03-UNRESOLVED,ALL5_LEVELS_bet23_to_bet27,6.7257,6.7257,6.7257,8.4071,8.4071,4.000000,4.000000,4.000000,5.000000,5.000000,96.000000,96.000000,96.000000,95.000000,95.000000,5.0,36.9914,33.8851,131.1515,134.2578,PENDING_AG03,FALSE,NOT_FOR_ENFORCEMENT,161.4172,13062.1613,168.1429,161.4172,6.7257,0.01097126,0.01053241,6.7257,161.4172,0.01053241,6.7257,6.7257,6.7257,8.4071,8.4071,161.4172,0.01053241,36.9914,33.8851,131.1515,134.2578,0.00855758,0.00876027,0.00043885,58.9452,55.3106,0.6835,16.8143,2.7120,1532.5758,24.6000,64.5030,17.8892,29.6162,51.6356,77.4533,103.8964,129.0889,140.1381,51.6356,0.0,2.5,2.713985,1.141563,19,48,10,5,0.96381478,0.01097126,0.01602544,0E-8,0.000000,0.887814,0.657692,-0.13967535,2026-06-30,2026-07-31,10,62,45,32,0.312500,3.605692,1.094288,3.212716,,,,,,,,GLOBAL_BASELINE_NO_ENTITY_RANKING,,,NOT_APPLICABLE_GLOBAL_BASELINE,HF9g-P5,,,,X 全窗基线 · 不参与实体赏罚,6873108,688,A168_HF9F_20260827_0900,2026-08-27 09:00:00
2026-07-08,146881808,2234,0,180.7244468541,-180.7244468541,-180.7244468541,0E-7,2,2,0.49324550000000000,0.493245500000,-1.3952362676504506,-1.3952362676504506,-1.3952362676504506,0E-17,ELIGIBLE,R03b_20260811_FULL_v1,L1_ELIGIBILITY,v2026-08-11,2026-03-21..2026-08-06,baccarat_bet02_101_all_pairs_incl_sentinel,round_win = game_pnl > 0 (decisive only),COMPATIBILITY_ONLY_NOT_PRODUCTION,15325.7582,13606.4180,168.1429,260,246,-0.01097126,-0.01602544,0.12364991,-0.01097126,-168.1429,15325.7582,OK,0.0000,6.7257,4.0000,96.0000,AG03-UNRESOLVED,ALL5_LEVELS_bet23_to_bet27,6.7257,6.7257,6.7257,8.4071,8.4071,4.000000,4.000000,4.000000,5.000000,5.000000,96.000000,96.000000,96.000000,95.000000,95.000000,5.0,36.9914,33.8851,131.1515,134.2578,PENDING_AG03,FALSE,NOT_FOR_ENFORCEMENT,161.4172,13062.1613,168.1429,161.4172,6.7257,0.01097126,0.01053241,6.7257,161.4172,0.01053241,6.7257,6.7257,6.7257,8.4071,8.4071,161.4172,0.01053241,36.9914,33.8851,131.1515,134.2578,0.00855758,0.00876027,0.00043885,58.9452,55.3106,0.6835,16.8143,2.7120,1532.5758,24.6000,64.5030,17.8892,29.6162,51.6356,77.4533,103.8964,129.0889,140.1381,51.6356,0.0,2.5,2.713985,1.141563,19,48,10,5,0.96381478,0.01097126,0.01602544,0E-8,0.000000,0.887814,0.657692,-0.13967535,2026-06-30,2026-07-31,10,62,45,32,0.312500,3.605692,1.094288,3.212716,,,,,,,,GLOBAL_BASELINE_NO_ENTITY_RANKING,,,NOT_APPLICABLE_GLOBAL_BASELINE,HF9g-P5,,,,X 全窗基线 · 不参与实体赏罚,6873109,688,A168_HF9F_20260827_0900,2026-08-27 09:00:00
2026-07-08,146881808,2239,0,38.9848449642,-38.9848449642,-38.9848449642,0E-7,1,1,0.50665070000000000,0.506650700000,-1.013391052207602,-1.013391052207602,-1.013391052207602,0E-17,ELIGIBLE,R03b_20260811_FULL_v1,L1_ELIGIBILITY,v2026-08-11,2026-03-21..2026-08-06,baccarat_bet02_101_all_pairs_incl_sentinel,round_win = game_pnl > 0 (decisive only),COMPATIBILITY_ONLY_NOT_PRODUCTION,15325.7582,13606.4180,168.1429,260,246,-0.01097126,-0.01602544,0.12364991,-0.01097126,-168.1429,15325.7582,OK,0.0000,6.7257,4.0000,96.0000,AG03-UNRESOLVED,ALL5_LEVELS_bet23_to_bet27,6.7257,6.7257,6.7257,8.4071,8.4071,4.000000,4.000000,4.000000,5.000000,5.000000,96.000000,96.000000,96.000000,95.000000,95.000000,5.0,36.9914,33.8851,131.1515,134.2578,PENDING_AG03,FALSE,NOT_FOR_ENFORCEMENT,161.4172,13062.1613,168.1429,161.4172,6.7257,0.01097126,0.01053241,6.7257,161.4172,0.01053241,6.7257,6.7257,6.7257,8.4071,8.4071,161.4172,0.01053241,36.9914,33.8851,131.1515,134.2578,0.00855758,0.00876027,0.00043885,58.9452,55.3106,0.6835,16.8143,2.7120,1532.5758,24.6000,64.5030,17.8892,29.6162,51.6356,77.4533,103.8964,129.0889,140.1381,51.6356,0.0,2.5,2.713985,1.141563,19,48,10,5,0.96381478,0.01097126,0.01602544,0E-8,0.000000,0.887814,0.657692,-0.13967535,2026-06-30,2026-07-31,10,62,45,32,0.312500,3.605692,1.094288,3.212716,,,,,,,,GLOBAL_BASELINE_NO_ENTITY_RANKING,,,NOT_APPLICABLE_GLOBAL_BASELINE,HF9g-P5,,,,X 全窗基线 · 不参与实体赏罚,6873110,688,A168_HF9F_20260827_0900,2026-08-27 09:00:00
2026-07-08,146881808,2241,0,129.0888906100,0E-10,0E-10,0.5000000,2,2,0.50665070000000000,0.506650700000,-0.018812684590367487,-0.018812684590367487,-0.018812684590367487,0E-17,ELIGIBLE,R03b_20260811_FULL_v1,L1_ELIGIBILITY,v2026-08-11,2026-03-21..2026-08-06,baccarat_bet02_101_all_pairs_incl_sentinel,round_win = game_pnl > 0 (decisive only),COMPATIBILITY_ONLY_NOT_PRODUCTION,15325.7582,13606.4180,168.1429,260,246,-0.01097126,-0.01602544,0.12364991,-0.01097126,-168.1429,15325.7582,OK,0.0000,6.7257,4.0000,96.0000,AG03-UNRESOLVED,ALL5_LEVELS_bet23_to_bet27,6.7257,6.7257,6.7257,8.4071,8.4071,4.000000,4.000000,4.000000,5.000000,5.000000,96.000000,96.000000,96.000000,95.000000,95.000000,5.0,36.9914,33.8851,131.1515,134.2578,PENDING_AG03,FALSE,NOT_FOR_ENFORCEMENT,161.4172,13062.1613,168.1429,161.4172,6.7257,0.01097126,0.01053241,6.7257,161.4172,0.01053241,6.7257,6.7257,6.7257,8.4071,8.4071,161.4172,0.01053241,36.9914,33.8851,131.1515,134.2578,0.00855758,0.00876027,0.00043885,58.9452,55.3106,0.6835,16.8143,2.7120,1532.5758,24.6000,64.5030,17.8892,29.6162,51.6356,77.4533,103.8964,129.0889,140.1381,51.6356,0.0,2.5,2.713985,1.141563,19,48,10,5,0.96381478,0.01097126,0.01602544,0E-8,0.000000,0.887814,0.657692,-0.13967535,2026-06-30,2026-07-31,10,62,45,32,0.312500,3.605692,1.094288,3.212716,,,,,,,,GLOBAL_BASELINE_NO_ENTITY_RANKING,,,NOT_APPLICABLE_GLOBAL_BASELINE,HF9g-P5,,,,X 全窗基线 · 不参与实体赏罚,6873111,688,A168_HF9F_20260827_0900,2026-08-27 09:00:00
2026-07-08,146881808,2288,0,637.6991196138,302.7134484806,302.7134484806,0.6250000,9,9,0.45788866666666667,0.457888666667,0.9486952089268695,0.9486952089249236,0.9486952089268695,-3.3333E-13,ELIGIBLE,R03b_20260811_FULL_v1,L1_ELIGIBILITY,v2026-08-11,2026-03-21..2026-08-06,baccarat_bet02_101_all_pairs_incl_sentinel,round_win = game_pnl > 0 (decisive only),COMPATIBILITY_ONLY_NOT_PRODUCTION,15325.7582,13606.4180,168.1429,260,246,-0.01097126,-0.01602544,0.12364991,-0.01097126,-168.1429,15325.7582,OK,0.0000,6.7257,4.0000,96.0000,AG03-UNRESOLVED,ALL5_LEVELS_bet23_to_bet27,6.7257,6.7257,6.7257,8.4071,8.4071,4.000000,4.000000,4.000000,5.000000,5.000000,96.000000,96.000000,96.000000,95.000000,95.000000,5.0,36.9914,33.8851,131.1515,134.2578,PENDING_AG03,FALSE,NOT_FOR_ENFORCEMENT,161.4172,13062.1613,168.1429,161.4172,6.7257,0.01097126,0.01053241,6.7257,161.4172,0.01053241,6.7257,6.7257,6.7257,8.4071,8.4071,161.4172,0.01053241,36.9914,33.8851,131.1515,134.2578,0.00855758,0.00876027,0.00043885,58.9452,55.3106,0.6835,16.8143,2.7120,1532.5758,24.6000,64.5030,17.8892,29.6162,51.6356,77.4533,103.8964,129.0889,140.1381,51.6356,0.0,2.5,2.713985,1.141563,19,48,10,5,0.96381478,0.01097126,0.01602544,0E-8,0.000000,0.887814,0.657692,-0.13967535,2026-06-30,2026-07-31,10,62,45,32,0.312500,3.605692,1.094288,3.212716,,,,,,,,GLOBAL_BASELINE_NO_ENTITY_RANKING,,,NOT_APPLICABLE_GLOBAL_BASELINE,HF9g-P5,,,,X 全窗基线 · 不参与实体赏罚,6873112,688,A168_HF9F_20260827_0900,2026-08-27 09:00:00
2026-07-08,146881808,462,0,569.0238298091,438.9022280743,438.9022280743,0.7500000,9,8,0.46928860697117169,0.468330331250,1.5909474028088895,1.5965700983807203,1.5909474028088895,0.00095827572117169,ELIGIBLE,R03b_20260811_FULL_v1,L1_ELIGIBILITY,v2026-08-11,2026-03-21..2026-08-06,baccarat_bet02_101_all_pairs_incl_sentinel,round_win = game_pnl > 0 (decisive only),COMPATIBILITY_ONLY_NOT_PRODUCTION,15325.7582,13606.4180,168.1429,260,246,-0.01097126,-0.01602544,0.12364991,-0.01097126,-168.1429,15325.7582,OK,0.0000,6.7257,4.0000,96.0000,AG03-UNRESOLVED,ALL5_LEVELS_bet23_to_bet27,6.7257,6.7257,6.7257,8.4071,8.4071,4.000000,4.000000,4.000000,5.000000,5.000000,96.000000,96.000000,96.000000,95.000000,95.000000,5.0,36.9914,33.8851,131.1515,134.2578,PENDING_AG03,FALSE,NOT_FOR_ENFORCEMENT,161.4172,13062.1613,168.1429,161.4172,6.7257,0.01097126,0.01053241,6.7257,161.4172,0.01053241,6.7257,6.7257,6.7257,8.4071,8.4071,161.4172,0.01053241,36.9914,33.8851,131.1515,134.2578,0.00855758,0.00876027,0.00043885,58.9452,55.3106,0.6835,16.8143,2.7120,1532.5758,24.6000,64.5030,17.8892,29.6162,51.6356,77.4533,103.8964,129.0889,140.1381,51.6356,0.0,2.5,2.713985,1.141563,19,48,10,5,0.96381478,0.01097126,0.01602544,0E-8,0.000000,0.887814,0.657692,-0.13967535,2026-06-30,2026-07-31,10,62,45,32,0.312500,3.605692,1.094288,3.212716,,,,,,,,GLOBAL_BASELINE_NO_ENTITY_RANKING,,,NOT_APPLICABLE_GLOBAL_BASELINE,HF9g-P5,,,,X 全窗基线 · 不参与实体赏罚,6873113,688,A168_HF9F_20260827_0900,2026-08-27 09:00:00
2026-07-08,146881808,526,0,361.4488937083,-109.7255570186,-109.7255570186,0.3333333,3,3,0.50218230000000000,0.502182300000,-0.5849155494134425,-0.5849155494134426,-0.5849155494134425,0E-17,ELIGIBLE,R03b_20260811_FULL_v1,L1_ELIGIBILITY,v2026-08-11,2026-03-21..2026-08-06,baccarat_bet02_101_all_pairs_incl_sentinel,round_win = game_pnl > 0 (decisive only),COMPATIBILITY_ONLY_NOT_PRODUCTION,15325.7582,13606.4180,168.1429,260,246,-0.01097126,-0.01602544,0.12364991,-0.01097126,-168.1429,15325.7582,OK,0.0000,6.7257,4.0000,96.0000,AG03-UNRESOLVED,ALL5_LEVELS_bet23_to_bet27,6.7257,6.7257,6.7257,8.4071,8.4071,4.000000,4.000000,4.000000,5.000000,5.000000,96.000000,96.000000,96.000000,95.000000,95.000000,5.0,36.9914,33.8851,131.1515,134.2578,PENDING_AG03,FALSE,NOT_FOR_ENFORCEMENT,161.4172,13062.1613,168.1429,161.4172,6.7257,0.01097126,0.01053241,6.7257,161.4172,0.01053241,6.7257,6.7257,6.7257,8.4071,8.4071,161.4172,0.01053241,36.9914,33.8851,131.1515,134.2578,0.00855758,0.00876027,0.00043885,58.9452,55.3106,0.6835,16.8143,2.7120,1532.5758,24.6000,64.5030,17.8892,29.6162,51.6356,77.4533,103.8964,129.0889,140.1381,51.6356,0.0,2.5,2.713985,1.141563,19,48,10,5,0.96381478,0.01097126,0.01602544,0E-8,0.000000,0.887814,0.657692,-0.13967535,2026-06-30,2026-07-31,10,62,45,32,0.312500,3.605692,1.094288,3.212716,,,,,,,,GLOBAL_BASELINE_NO_ENTITY_RANKING,,,NOT_APPLICABLE_GLOBAL_BASELINE,HF9g-P5,,,,X 全窗基线 · 不参与实体赏罚,6873114,688,A168_HF9F_20260827_0900,2026-08-27 09:00:00
2026-07-08,146881808,595,0,438.9022280743,-180.7244468541,-180.7244468541,0E-7,5,5,0.50396966000000000,0.503969660000,-1.425486383301614,-1.425486383301614,-1.425486383301614,0E-17,ELIGIBLE,R03b_20260811_FULL_v1,L1_ELIGIBILITY,v2026-08-11,2026-03-21..2026-08-06,baccarat_bet02_101_all_pairs_incl_sentinel,round_win = game_pnl > 0 (decisive only),COMPATIBILITY_ONLY_NOT_PRODUCTION,15325.7582,13606.4180,168.1429,260,246,-0.01097126,-0.01602544,0.12364991,-0.01097126,-168.1429,15325.7582,OK,0.0000,6.7257,4.0000,96.0000,AG03-UNRESOLVED,ALL5_LEVELS_bet23_to_bet27,6.7257,6.7257,6.7257,8.4071,8.4071,4.000000,4.000000,4.000000,5.000000,5.000000,96.000000,96.000000,96.000000,95.000000,95.000000,5.0,36.9914,33.8851,131.1515,134.2578,PENDING_AG03,FALSE,NOT_FOR_ENFORCEMENT,161.4172,13062.1613,168.1429,161.4172,6.7257,0.01097126,0.01053241,6.7257,161.4172,0.01053241,6.7257,6.7257,6.7257,8.4071,8.4071,161.4172,0.01053241,36.9914,33.8851,131.1515,134.2578,0.00855758,0.00876027,0.00043885,58.9452,55.3106,0.6835,16.8143,2.7120,1532.5758,24.6000,64.5030,17.8892,29.6162,51.6356,77.4533,103.8964,129.0889,140.1381,51.6356,0.0,2.5,2.713985,1.141563,19,48,10,5,0.96381478,0.01097126,0.01602544,0E-8,0.000000,0.887814,0.657692,-0.13967535,2026-06-30,2026-07-31,10,62,45,32,0.312500,3.605692,1.094288,3.212716,,,,,,,,GLOBAL_BASELINE_NO_ENTITY_RANKING,,,NOT_APPLICABLE_GLOBAL_BASELINE,HF9g-P5,,,,X 全窗基线 · 不参与实体赏罚,6873115,688,A168_HF9F_20260827_0900,2026-08-27 09:00:00
2026-07-08,146881808,948,0,38.7266671830,-38.7266671830,-38.7266671830,0E-7,1,1,0.50665070000000000,0.506650700000,-1.013391052207602,-1.013391052207602,-1.013391052207602,0E-17,ELIGIBLE,R03b_20260811_FULL_v1,L1_ELIGIBILITY,v2026-08-11,2026-03-21..2026-08-06,baccarat_bet02_101_all_pairs_incl_sentinel,round_win = game_pnl > 0 (decisive only),COMPATIBILITY_ONLY_NOT_PRODUCTION,15325.7582,13606.4180,168.1429,260,246,-0.01097126,-0.01602544,0.12364991,-0.01097126,-168.1429,15325.7582,OK,0.0000,6.7257,4.0000,96.0000,AG03-UNRESOLVED,ALL5_LEVELS_bet23_to_bet27,6.7257,6.7257,6.7257,8.4071,8.4071,4.000000,4.000000,4.000000,5.000000,5.000000,96.000000,96.000000,96.000000,95.000000,95.000000,5.0,36.9914,33.8851,131.1515,134.2578,PENDING_AG03,FALSE,NOT_FOR_ENFORCEMENT,161.4172,13062.1613,168.1429,161.4172,6.7257,0.01097126,0.01053241,6.7257,161.4172,0.01053241,6.7257,6.7257,6.7257,8.4071,8.4071,161.4172,0.01053241,36.9914,33.8851,131.1515,134.2578,0.00855758,0.00876027,0.00043885,58.9452,55.3106,0.6835,16.8143,2.7120,1532.5758,24.6000,64.5030,17.8892,29.6162,51.6356,77.4533,103.8964,129.0889,140.1381,51.6356,0.0,2.5,2.713985,1.141563,19,48,10,5,0.96381478,0.01097126,0.01602544,0E-8,0.000000,0.887814,0.657692,-0.13967535,2026-06-30,2026-07-31,10,62,45,32,0.312500,3.605692,1.094288,3.212716,,,,,,,,GLOBAL_BASELINE_NO_ENTITY_RANKING,,,NOT_APPLICABLE_GLOBAL_BASELINE,HF9g-P5,,,,X 全窗基线 · 不参与实体赏罚,6873116,688,A168_HF9F_20260827_0900,2026-08-27 09:00:00
2026-07-10,146881808,-1,1,38.7266671830,-38.7266671830,-38.7266671830,0E-7,1,1,0.50665070000000000,0.506650700000,-1.013391052207602,-1.013391052207602,-1.013391052207602,0E-17,SENTINEL_DEALER,R03b_20260811_FULL_v1,L1_ELIGIBILITY,v2026-08-11,2026-03-21..2026-08-06,baccarat_bet02_101_all_pairs_incl_sentinel,round_win = game_pnl > 0 (decisive only),COMPATIBILITY_ONLY_NOT_PRODUCTION,15325.7582,13606.4180,168.1429,260,246,-0.01097126,-0.01602544,0.12364991,-0.01097126,-168.1429,15325.7582,OK,0.0000,6.7257,4.0000,96.0000,AG03-UNRESOLVED,ALL5_LEVELS_bet23_to_bet27,6.7257,6.7257,6.7257,8.4071,8.4071,4.000000,4.000000,4.000000,5.000000,5.000000,96.000000,96.000000,96.000000,95.000000,95.000000,5.0,36.9914,33.8851,131.1515,134.2578,PENDING_AG03,FALSE,NOT_FOR_ENFORCEMENT,161.4172,13062.1613,168.1429,161.4172,6.7257,0.01097126,0.01053241,6.7257,161.4172,0.01053241,6.7257,6.7257,6.7257,8.4071,8.4071,161.4172,0.01053241,36.9914,33.8851,131.1515,134.2578,0.00855758,0.00876027,0.00043885,58.9452,55.3106,0.6835,16.8143,2.7120,1532.5758,24.6000,64.5030,17.8892,29.6162,51.6356,77.4533,103.8964,129.0889,140.1381,51.6356,0.0,2.5,2.713985,1.141563,19,48,10,5,0.96381478,0.01097126,0.01602544,0E-8,0.000000,0.887814,0.657692,-0.13967535,2026-06-30,2026-07-31,10,62,45,32,0.312500,3.605692,1.094288,3.212716,,,,,,,,GLOBAL_BASELINE_NO_ENTITY_RANKING,,,NOT_APPLICABLE_GLOBAL_BASELINE,HF9g-P5,,,,X 全窗基线 · 不参与实体赏罚,6873117,688,A168_HF9F_20260827_0900,2026-08-27 09:00:00
2026-07-10,146881808,1221,0,180.9826246352,-77.1951565848,-77.1951565848,0.2500000,4,4,0.49659680000000000,0.496596800000,-0.9864100490137353,-0.9864100490137354,-0.9864100490137353,0E-17,ELIGIBLE,R03b_20260811_FULL_v1,L1_ELIGIBILITY,v2026-08-11,2026-03-21..2026-08-06,baccarat_bet02_101_all_pairs_incl_sentinel,round_win = game_pnl > 0 (decisive only),COMPATIBILITY_ONLY_NOT_PRODUCTION,15325.7582,13606.4180,168.1429,260,246,-0.01097126,-0.01602544,0.12364991,-0.01097126,-168.1429,15325.7582,OK,0.0000,6.7257,4.0000,96.0000,AG03-UNRESOLVED,ALL5_LEVELS_bet23_to_bet27,6.7257,6.7257,6.7257,8.4071,8.4071,4.000000,4.000000,4.000000,5.000000,5.000000,96.000000,96.000000,96.000000,95.000000,95.000000,5.0,36.9914,33.8851,131.1515,134.2578,PENDING_AG03,FALSE,NOT_FOR_ENFORCEMENT,161.4172,13062.1613,168.1429,161.4172,6.7257,0.01097126,0.01053241,6.7257,161.4172,0.01053241,6.7257,6.7257,6.7257,8.4071,8.4071,161.4172,0.01053241,36.9914,33.8851,131.1515,134.2578,0.00855758,0.00876027,0.00043885,58.9452,55.3106,0.6835,16.8143,2.7120,1532.5758,24.6000,64.5030,17.8892,29.6162,51.6356,77.4533,103.8964,129.0889,140.1381,51.6356,0.0,2.5,2.713985,1.141563,19,48,10,5,0.96381478,0.01097126,0.01602544,0E-8,0.000000,0.887814,0.657692,-0.13967535,2026-06-30,2026-07-31,10,62,45,32,0.312500,3.605692,1.094288,3.212716,,,,,,,,GLOBAL_BASELINE_NO_ENTITY_RANKING,,,NOT_APPLICABLE_GLOBAL_BASELINE,HF9g-P5,,,,X 全窗基线 · 不参与实体赏罚,6873118,688,A168_HF9F_20260827_0900,2026-08-27 09:00:00
2026-07-10,146881808,2063,0,36.9194227145,36.9194227145,36.9194227145,1.0000000,1,1,0.50665070000000000,0.506650700000,0.9867858985152569,0.9867858985152569,0.9867858985152569,0E-17,ELIGIBLE,R03b_20260811_FULL_v1,L1_ELIGIBILITY,v2026-08-11,2026-03-21..2026-08-06,baccarat_bet02_101_all_pairs_incl_sentinel,round_win = game_pnl > 0 (decisive only),COMPATIBILITY_ONLY_NOT_PRODUCTION,15325.7582,13606.4180,168.1429,260,246,-0.01097126,-0.01602544,0.12364991,-0.01097126,-168.1429,15325.7582,OK,0.0000,6.7257,4.0000,96.0000,AG03-UNRESOLVED,ALL5_LEVELS_bet23_to_bet27,6.7257,6.7257,6.7257,8.4071,8.4071,4.000000,4.000000,4.000000,5.000000,5.000000,96.000000,96.000000,96.000000,95.000000,95.000000,5.0,36.9914,33.8851,131.1515,134.2578,PENDING_AG03,FALSE,NOT_FOR_ENFORCEMENT,161.4172,13062.1613,168.1429,161.4172,6.7257,0.01097126,0.01053241,6.7257,161.4172,0.01053241,6.7257,6.7257,6.7257,8.4071,8.4071,161.4172,0.01053241,36.9914,33.8851,131.1515,134.2578,0.00855758,0.00876027,0.00043885,58.9452,55.3106,0.6835,16.8143,2.7120,1532.5758,24.6000,64.5030,17.8892,29.6162,51.6356,77.4533,103.8964,129.0889,140.1381,51.6356,0.0,2.5,2.713985,1.141563,19,48,10,5,0.96381478,0.01097126,0.01602544,0E-8,0.000000,0.887814,0.657692,-0.13967535,2026-06-30,2026-07-31,10,62,45,32,0.312500,3.605692,1.094288,3.212716,,,,,,,,GLOBAL_BASELINE_NO_ENTITY_RANKING,,,NOT_APPLICABLE_GLOBAL_BASELINE,HF9g-P5,,,,X 全窗基线 · 不参与实体赏罚,6873119,688,A168_HF9F_20260827_0900,2026-08-27 09:00:00
2026-07-10,146881808,2077,0,35.1121782459,-35.1121782459,-35.1121782459,0E-7,1,1,0.50665070000000000,0.506650700000,-1.013391052207602,-1.013391052207602,-1.013391052207602,0E-17,ELIGIBLE,R03b_20260811_FULL_v1,L1_ELIGIBILITY,v2026-08-11,2026-03-21..2026-08-06,baccarat_bet02_101_all_pairs_incl_sentinel,round_win = game_pnl > 0 (decisive only),COMPATIBILITY_ONLY_NOT_PRODUCTION,15325.7582,13606.4180,168.1429,260,246,-0.01097126,-0.01602544,0.12364991,-0.01097126,-168.1429,15325.7582,OK,0.0000,6.7257,4.0000,96.0000,AG03-UNRESOLVED,ALL5_LEVELS_bet23_to_bet27,6.7257,6.7257,6.7257,8.4071,8.4071,4.000000,4.000000,4.000000,5.000000,5.000000,96.000000,96.000000,96.000000,95.000000,95.000000,5.0,36.9914,33.8851,131.1515,134.2578,PENDING_AG03,FALSE,NOT_FOR_ENFORCEMENT,161.4172,13062.1613,168.1429,161.4172,6.7257,0.01097126,0.01053241,6.7257,161.4172,0.01053241,6.7257,6.7257,6.7257,8.4071,8.4071,161.4172,0.01053241,36.9914,33.8851,131.1515,134.2578,0.00855758,0.00876027,0.00043885,58.9452,55.3106,0.6835,16.8143,2.7120,1532.5758,24.6000,64.5030,17.8892,29.6162,51.6356,77.4533,103.8964,129.0889,140.1381,51.6356,0.0,2.5,2.713985,1.141563,19,48,10,5,0.96381478,0.01097126,0.01602544,0E-8,0.000000,0.887814,0.657692,-0.13967535,2026-06-30,2026-07-31,10,62,45,32,0.312500,3.605692,1.094288,3.212716,,,,,,,,GLOBAL_BASELINE_NO_ENTITY_RANKING,,,NOT_APPLICABLE_GLOBAL_BASELINE,HF9g-P5,,,,X 全窗基线 · 不参与实体赏罚,6873120,688,A168_HF9F_20260827_0900,2026-08-27 09:00:00
2026-07-10,146881808,2250,0,116.1800015490,-1.9363333591,-1.9363333591,0.5000000,3,3,0.50665070000000000,0.506650700000,-0.018812684590367487,-0.018812684590367487,-0.018812684590367487,0E-17,ELIGIBLE,R03b_20260811_FULL_v1,L1_ELIGIBILITY,v2026-08-11,2026-03-21..2026-08-06,baccarat_bet02_101_all_pairs_incl_sentinel,round_win = game_pnl > 0 (decisive only),COMPATIBILITY_ONLY_NOT_PRODUCTION,15325.7582,13606.4180,168.1429,260,246,-0.01097126,-0.01602544,0.12364991,-0.01097126,-168.1429,15325.7582,OK,0.0000,6.7257,4.0000,96.0000,AG03-UNRESOLVED,ALL5_LEVELS_bet23_to_bet27,6.7257,6.7257,6.7257,8.4071,8.4071,4.000000,4.000000,4.000000,5.000000,5.000000,96.000000,96.000000,96.000000,95.000000,95.000000,5.0,36.9914,33.8851,131.1515,134.2578,PENDING_AG03,FALSE,NOT_FOR_ENFORCEMENT,161.4172,13062.1613,168.1429,161.4172,6.7257,0.01097126,0.01053241,6.7257,161.4172,0.01053241,6.7257,6.7257,6.7257,8.4071,8.4071,161.4172,0.01053241,36.9914,33.8851,131.1515,134.2578,0.00855758,0.00876027,0.00043885,58.9452,55.3106,0.6835,16.8143,2.7120,1532.5758,24.6000,64.5030,17.8892,29.6162,51.6356,77.4533,103.8964,129.0889,140.1381,51.6356,0.0,2.5,2.713985,1.141563,19,48,10,5,0.96381478,0.01097126,0.01602544,0E-8,0.000000,0.887814,0.657692,-0.13967535,2026-06-30,2026-07-31,10,62,45,32,0.312500,3.605692,1.094288,3.212716,,,,,,,,GLOBAL_BASELINE_NO_ENTITY_RANKING,,,NOT_APPLICABLE_GLOBAL_BASELINE,HF9g-P5,,,,X 全窗基线 · 不参与实体赏罚,6873121,688,A168_HF9F_20260827_0900,2026-08-27 09:00:00
2026-07-10,146881808,2278,0,38.7266671830,-38.7266671830,-38.7266671830,0E-7,1,1,0.49324550000000000,0.493245500000,-0.9865810262130424,-0.9865810262130424,-0.9865810262130424,0E-17,ELIGIBLE,R03b_20260811_FULL_v1,L1_ELIGIBILITY,v2026-08-11,2026-03-21..2026-08-06,baccarat_bet02_101_all_pairs_incl_sentinel,round_win = game_pnl > 0 (decisive only),COMPATIBILITY_ONLY_NOT_PRODUCTION,15325.7582,13606.4180,168.1429,260,246,-0.01097126,-0.01602544,0.12364991,-0.01097126,-168.1429,15325.7582,OK,0.0000,6.7257,4.0000,96.0000,AG03-UNRESOLVED,ALL5_LEVELS_bet23_to_bet27,6.7257,6.7257,6.7257,8.4071,8.4071,4.000000,4.000000,4.000000,5.000000,5.000000,96.000000,96.000000,96.000000,95.000000,95.000000,5.0,36.9914,33.8851,131.1515,134.2578,PENDING_AG03,FALSE,NOT_FOR_ENFORCEMENT,161.4172,13062.1613,168.1429,161.4172,6.7257,0.01097126,0.01053241,6.7257,161.4172,0.01053241,6.7257,6.7257,6.7257,8.4071,8.4071,161.4172,0.01053241,36.9914,33.8851,131.1515,134.2578,0.00855758,0.00876027,0.00043885,58.9452,55.3106,0.6835,16.8143,2.7120,1532.5758,24.6000,64.5030,17.8892,29.6162,51.6356,77.4533,103.8964,129.0889,140.1381,51.6356,0.0,2.5,2.713985,1.141563,19,48,10,5,0.96381478,0.01097126,0.01602544,0E-8,0.000000,0.887814,0.657692,-0.13967535,2026-06-30,2026-07-31,10,62,45,32,0.312500,3.605692,1.094288,3.212716,,,,,,,,GLOBAL_BASELINE_NO_ENTITY_RANKING,,,NOT_APPLICABLE_GLOBAL_BASELINE,HF9g-P5,,,,X 全窗基线 · 不参与实体赏罚,6873122,688,A168_HF9F_20260827_0900,2026-08-27 09:00:00
2026-07-14,146881808,1400,0,38.7266671830,-38.7266671830,-38.7266671830,0E-7,1,1,0.50665070000000000,0.506650700000,-1.013391052207602,-1.013391052207602,-1.013391052207602,0E-17,ELIGIBLE,R03b_20260811_FULL_v1,L1_ELIGIBILITY,v2026-08-11,2026-03-21..2026-08-06,baccarat_bet02_101_all_pairs_incl_sentinel,round_win = game_pnl > 0 (decisive only),COMPATIBILITY_ONLY_NOT_PRODUCTION,15325.7582,13606.4180,168.1429,260,246,-0.01097126,-0.01602544,0.12364991,-0.01097126,-168.1429,15325.7582,OK,0.0000,6.7257,4.0000,96.0000,AG03-UNRESOLVED,ALL5_LEVELS_bet23_to_bet27,6.7257,6.7257,6.7257,8.4071,8.4071,4.000000,4.000000,4.000000,5.000000,5.000000,96.000000,96.000000,96.000000,95.000000,95.000000,5.0,36.9914,33.8851,131.1515,134.2578,PENDING_AG03,FALSE,NOT_FOR_ENFORCEMENT,161.4172,13062.1613,168.1429,161.4172,6.7257,0.01097126,0.01053241,6.7257,161.4172,0.01053241,6.7257,6.7257,6.7257,8.4071,8.4071,161.4172,0.01053241,36.9914,33.8851,131.1515,134.2578,0.00855758,0.00876027,0.00043885,58.9452,55.3106,0.6835,16.8143,2.7120,1532.5758,24.6000,64.5030,17.8892,29.6162,51.6356,77.4533,103.8964,129.0889,140.1381,51.6356,0.0,2.5,2.713985,1.141563,19,48,10,5,0.96381478,0.01097126,0.01602544,0E-8,0.000000,0.887814,0.657692,-0.13967535,2026-06-30,2026-07-31,10,62,45,32,0.312500,3.605692,1.094288,3.212716,,,,,,,,GLOBAL_BASELINE_NO_ENTITY_RANKING,,,NOT_APPLICABLE_GLOBAL_BASELINE,HF9g-P5,,,,X 全窗基线 · 不参与实体赏罚,6873123,688,A168_HF9F_20260827_0900,2026-08-27 09:00:00
2026-07-26,146881808,1330,0,65.8353342111,-65.8353342111,-65.8353342111,0E-7,1,1,0.49324550000000000,0.493245500000,-0.9865810262130424,-0.9865810262130424,-0.9865810262130424,0E-17,ELIGIBLE,R03b_20260811_FULL_v1,L1_ELIGIBILITY,v2026-08-11,2026-03-21..2026-08-06,baccarat_bet02_101_all_pairs_incl_sentinel,round_win = game_pnl > 0 (decisive only),COMPATIBILITY_ONLY_NOT_PRODUCTION,15325.7582,13606.4180,168.1429,260,246,-0.01097126,-0.01602544,0.12364991,-0.01097126,-168.1429,15325.7582,OK,0.0000,6.7257,4.0000,96.0000,AG03-UNRESOLVED,ALL5_LEVELS_bet23_to_bet27,6.7257,6.7257,6.7257,8.4071,8.4071,4.000000,4.000000,4.000000,5.000000,5.000000,96.000000,96.000000,96.000000,95.000000,95.000000,5.0,36.9914,33.8851,131.1515,134.2578,PENDING_AG03,FALSE,NOT_FOR_ENFORCEMENT,161.4172,13062.1613,168.1429,161.4172,6.7257,0.01097126,0.01053241,6.7257,161.4172,0.01053241,6.7257,6.7257,6.7257,8.4071,8.4071,161.4172,0.01053241,36.9914,33.8851,131.1515,134.2578,0.00855758,0.00876027,0.00043885,58.9452,55.3106,0.6835,16.8143,2.7120,1532.5758,24.6000,64.5030,17.8892,29.6162,51.6356,77.4533,103.8964,129.0889,140.1381,51.6356,0.0,2.5,2.713985,1.141563,19,48,10,5,0.96381478,0.01097126,0.01602544,0E-8,0.000000,0.887814,0.657692,-0.13967535,2026-06-30,2026-07-31,10,62,45,32,0.312500,3.605692,1.094288,3.212716,,,,,,,,GLOBAL_BASELINE_NO_ENTITY_RANKING,,,NOT_APPLICABLE_GLOBAL_BASELINE,HF9g-P5,,,,X 全窗基线 · 不参与实体赏罚,6873124,688,A168_HF9F_20260827_0900,2026-08-27 09:00:00
2026-07-26,146881808,1402,0,85.7150233651,54.7336896187,54.7336896187,0.7500000,4,4,0.49324550000000000,0.493245500000,1.0271117246678039,1.0271117246678039,1.0271117246678039,0E-17,ELIGIBLE,R03b_20260811_FULL_v1,L1_ELIGIBILITY,v2026-08-11,2026-03-21..2026-08-06,baccarat_bet02_101_all_pairs_incl_sentinel,round_win = game_pnl > 0 (decisive only),COMPATIBILITY_ONLY_NOT_PRODUCTION,15325.7582,13606.4180,168.1429,260,246,-0.01097126,-0.01602544,0.12364991,-0.01097126,-168.1429,15325.7582,OK,0.0000,6.7257,4.0000,96.0000,AG03-UNRESOLVED,ALL5_LEVELS_bet23_to_bet27,6.7257,6.7257,6.7257,8.4071,8.4071,4.000000,4.000000,4.000000,5.000000,5.000000,96.000000,96.000000,96.000000,95.000000,95.000000,5.0,36.9914,33.8851,131.1515,134.2578,PENDING_AG03,FALSE,NOT_FOR_ENFORCEMENT,161.4172,13062.1613,168.1429,161.4172,6.7257,0.01097126,0.01053241,6.7257,161.4172,0.01053241,6.7257,6.7257,6.7257,8.4071,8.4071,161.4172,0.01053241,36.9914,33.8851,131.1515,134.2578,0.00855758,0.00876027,0.00043885,58.9452,55.3106,0.6835,16.8143,2.7120,1532.5758,24.6000,64.5030,17.8892,29.6162,51.6356,77.4533,103.8964,129.0889,140.1381,51.6356,0.0,2.5,2.713985,1.141563,19,48,10,5,0.96381478,0.01097126,0.01602544,0E-8,0.000000,0.887814,0.657692,-0.13967535,2026-06-30,2026-07-31,10,62,45,32,0.312500,3.605692,1.094288,3.212716,,,,,,,,GLOBAL_BASELINE_NO_ENTITY_RANKING,,,NOT_APPLICABLE_GLOBAL_BASELINE,HF9g-P5,,,,X 全窗基线 · 不参与实体赏罚,6873125,688,A168_HF9F_20260827_0900,2026-08-27 09:00:00
2026-07-26,146881808,2088,0,61.9626674928,-11.6180001549,-11.6180001549,0.5000000,2,2,0.49994810000000000,0.499948100000,0.00014679536856514622,0.00014679536856514622,0.00014679536856514622,0E-17,ELIGIBLE,R03b_20260811_FULL_v1,L1_ELIGIBILITY,v2026-08-11,2026-03-21..2026-08-06,baccarat_bet02_101_all_pairs_incl_sentinel,round_win = game_pnl > 0 (decisive only),COMPATIBILITY_ONLY_NOT_PRODUCTION,15325.7582,13606.4180,168.1429,260,246,-0.01097126,-0.01602544,0.12364991,-0.01097126,-168.1429,15325.7582,OK,0.0000,6.7257,4.0000,96.0000,AG03-UNRESOLVED,ALL5_LEVELS_bet23_to_bet27,6.7257,6.7257,6.7257,8.4071,8.4071,4.000000,4.000000,4.000000,5.000000,5.000000,96.000000,96.000000,96.000000,95.000000,95.000000,5.0,36.9914,33.8851,131.1515,134.2578,PENDING_AG03,FALSE,NOT_FOR_ENFORCEMENT,161.4172,13062.1613,168.1429,161.4172,6.7257,0.01097126,0.01053241,6.7257,161.4172,0.01053241,6.7257,6.7257,6.7257,8.4071,8.4071,161.4172,0.01053241,36.9914,33.8851,131.1515,134.2578,0.00855758,0.00876027,0.00043885,58.9452,55.3106,0.6835,16.8143,2.7120,1532.5758,24.6000,64.5030,17.8892,29.6162,51.6356,77.4533,103.8964,129.0889,140.1381,51.6356,0.0,2.5,2.713985,1.141563,19,48,10,5,0.96381478,0.01097126,0.01602544,0E-8,0.000000,0.887814,0.657692,-0.13967535,2026-06-30,2026-07-31,10,62,45,32,0.312500,3.605692,1.094288,3.212716,,,,,,,,GLOBAL_BASELINE_NO_ENTITY_RANKING,,,NOT_APPLICABLE_GLOBAL_BASELINE,HF9g-P5,,,,X 全窗基线 · 不参与实体赏罚,6873126,688,A168_HF9F_20260827_0900,2026-08-27 09:00:00
2026-07-27,146881808,-1,1,25.8177781220,-25.8177781220,-25.8177781220,0E-7,1,1,0.50665070000000000,0.506650700000,-1.013391052207602,-1.013391052207602,-1.013391052207602,0E-17,SENTINEL_DEALER,R03b_20260811_FULL_v1,L1_ELIGIBILITY,v2026-08-11,2026-03-21..2026-08-06,baccarat_bet02_101_all_pairs_incl_sentinel,round_win = game_pnl > 0 (decisive only),COMPATIBILITY_ONLY_NOT_PRODUCTION,15325.7582,13606.4180,168.1429,260,246,-0.01097126,-0.01602544,0.12364991,-0.01097126,-168.1429,15325.7582,OK,0.0000,6.7257,4.0000,96.0000,AG03-UNRESOLVED,ALL5_LEVELS_bet23_to_bet27,6.7257,6.7257,6.7257,8.4071,8.4071,4.000000,4.000000,4.000000,5.000000,5.000000,96.000000,96.000000,96.000000,95.000000,95.000000,5.0,36.9914,33.8851,131.1515,134.2578,PENDING_AG03,FALSE,NOT_FOR_ENFORCEMENT,161.4172,13062.1613,168.1429,161.4172,6.7257,0.01097126,0.01053241,6.7257,161.4172,0.01053241,6.7257,6.7257,6.7257,8.4071,8.4071,161.4172,0.01053241,36.9914,33.8851,131.1515,134.2578,0.00855758,0.00876027,0.00043885,58.9452,55.3106,0.6835,16.8143,2.7120,1532.5758,24.6000,64.5030,17.8892,29.6162,51.6356,77.4533,103.8964,129.0889,140.1381,51.6356,0.0,2.5,2.713985,1.141563,19,48,10,5,0.96381478,0.01097126,0.01602544,0E-8,0.000000,0.887814,0.657692,-0.13967535,2026-06-30,2026-07-31,10,62,45,32,0.312500,3.605692,1.094288,3.212716,,,,,,,,GLOBAL_BASELINE_NO_ENTITY_RANKING,,,NOT_APPLICABLE_GLOBAL_BASELINE,HF9g-P5,,,,X 全窗基线 · 不参与实体赏罚,6873127,688,A168_HF9F_20260827_0900,2026-08-27 09:00:00
2026-07-27,146881808,2153,0,258.1777812200,51.6355562440,51.6355562440,0.6666667,5,5,0.50396966000000000,0.503969660000,0.5636167270227992,0.5636167270227992,0.5636167270227992,0E-17,ELIGIBLE,R03b_20260811_FULL_v1,L1_ELIGIBILITY,v2026-08-11,2026-03-21..2026-08-06,baccarat_bet02_101_all_pairs_incl_sentinel,round_win = game_pnl > 0 (decisive only),COMPATIBILITY_ONLY_NOT_PRODUCTION,15325.7582,13606.4180,168.1429,260,246,-0.01097126,-0.01602544,0.12364991,-0.01097126,-168.1429,15325.7582,OK,0.0000,6.7257,4.0000,96.0000,AG03-UNRESOLVED,ALL5_LEVELS_bet23_to_bet27,6.7257,6.7257,6.7257,8.4071,8.4071,4.000000,4.000000,4.000000,5.000000,5.000000,96.000000,96.000000,96.000000,95.000000,95.000000,5.0,36.9914,33.8851,131.1515,134.2578,PENDING_AG03,FALSE,NOT_FOR_ENFORCEMENT,161.4172,13062.1613,168.1429,161.4172,6.7257,0.01097126,0.01053241,6.7257,161.4172,0.01053241,6.7257,6.7257,6.7257,8.4071,8.4071,161.4172,0.01053241,36.9914,33.8851,131.1515,134.2578,0.00855758,0.00876027,0.00043885,58.9452,55.3106,0.6835,16.8143,2.7120,1532.5758,24.6000,64.5030,17.8892,29.6162,51.6356,77.4533,103.8964,129.0889,140.1381,51.6356,0.0,2.5,2.713985,1.141563,19,48,10,5,0.96381478,0.01097126,0.01602544,0E-8,0.000000,0.887814,0.657692,-0.13967535,2026-06-30,2026-07-31,10,62,45,32,0.312500,3.605692,1.094288,3.212716,,,,,,,,GLOBAL_BASELINE_NO_ENTITY_RANKING,,,NOT_APPLICABLE_GLOBAL_BASELINE,HF9g-P5,,,,X 全窗基线 · 不参与实体赏罚,6873128,688,A168_HF9F_20260827_0900,2026-08-27 09:00:00
2026-07-27,146881808,2258,0,26.8504892469,-26.8504892469,-26.8504892469,0E-7,1,1,0.49324550000000000,0.493245500000,-0.9865810262130424,-0.9865810262130424,-0.9865810262130424,0E-17,ELIGIBLE,R03b_20260811_FULL_v1,L1_ELIGIBILITY,v2026-08-11,2026-03-21..2026-08-06,baccarat_bet02_101_all_pairs_incl_sentinel,round_win = game_pnl > 0 (decisive only),COMPATIBILITY_ONLY_NOT_PRODUCTION,15325.7582,13606.4180,168.1429,260,246,-0.01097126,-0.01602544,0.12364991,-0.01097126,-168.1429,15325.7582,OK,0.0000,6.7257,4.0000,96.0000,AG03-UNRESOLVED,ALL5_LEVELS_bet23_to_bet27,6.7257,6.7257,6.7257,8.4071,8.4071,4.000000,4.000000,4.000000,5.000000,5.000000,96.000000,96.000000,96.000000,95.000000,95.000000,5.0,36.9914,33.8851,131.1515,134.2578,PENDING_AG03,FALSE,NOT_FOR_ENFORCEMENT,161.4172,13062.1613,168.1429,161.4172,6.7257,0.01097126,0.01053241,6.7257,161.4172,0.01053241,6.7257,6.7257,6.7257,8.4071,8.4071,161.4172,0.01053241,36.9914,33.8851,131.1515,134.2578,0.00855758,0.00876027,0.00043885,58.9452,55.3106,0.6835,16.8143,2.7120,1532.5758,24.6000,64.5030,17.8892,29.6162,51.6356,77.4533,103.8964,129.0889,140.1381,51.6356,0.0,2.5,2.713985,1.141563,19,48,10,5,0.96381478,0.01097126,0.01602544,0E-8,0.000000,0.887814,0.657692,-0.13967535,2026-06-30,2026-07-31,10,62,45,32,0.312500,3.605692,1.094288,3.212716,,,,,,,,GLOBAL_BASELINE_NO_ENTITY_RANKING,,,NOT_APPLICABLE_GLOBAL_BASELINE,HF9g-P5,,,,X 全窗基线 · 不参与实体赏罚,6873129,688,A168_HF9F_20260827_0900,2026-08-27 09:00:00
2026-07-27,146881808,462,0,3.8726667183,-3.8726667183,-3.8726667183,0E-7,1,1,0.09460280000000000,0.094602800000,-0.32324545095860213,-0.32324545095860213,-0.32324545095860213,0E-17,ELIGIBLE,R03b_20260811_FULL_v1,L1_ELIGIBILITY,v2026-08-11,2026-03-21..2026-08-06,baccarat_bet02_101_all_pairs_incl_sentinel,round_win = game_pnl > 0 (decisive only),COMPATIBILITY_ONLY_NOT_PRODUCTION,15325.7582,13606.4180,168.1429,260,246,-0.01097126,-0.01602544,0.12364991,-0.01097126,-168.1429,15325.7582,OK,0.0000,6.7257,4.0000,96.0000,AG03-UNRESOLVED,ALL5_LEVELS_bet23_to_bet27,6.7257,6.7257,6.7257,8.4071,8.4071,4.000000,4.000000,4.000000,5.000000,5.000000,96.000000,96.000000,96.000000,95.000000,95.000000,5.0,36.9914,33.8851,131.1515,134.2578,PENDING_AG03,FALSE,NOT_FOR_ENFORCEMENT,161.4172,13062.1613,168.1429,161.4172,6.7257,0.01097126,0.01053241,6.7257,161.4172,0.01053241,6.7257,6.7257,6.7257,8.4071,8.4071,161.4172,0.01053241,36.9914,33.8851,131.1515,134.2578,0.00855758,0.00876027,0.00043885,58.9452,55.3106,0.6835,16.8143,2.7120,1532.5758,24.6000,64.5030,17.8892,29.6162,51.6356,77.4533,103.8964,129.0889,140.1381,51.6356,0.0,2.5,2.713985,1.141563,19,48,10,5,0.96381478,0.01097126,0.01602544,0E-8,0.000000,0.887814,0.657692,-0.13967535,2026-06-30,2026-07-31,10,62,45,32,0.312500,3.605692,1.094288,3.212716,,,,,,,,GLOBAL_BASELINE_NO_ENTITY_RANKING,,,NOT_APPLICABLE_GLOBAL_BASELINE,HF9g-P5,,,,X 全窗基线 · 不参与实体赏罚,6873130,688,A168_HF9F_20260827_0900,2026-08-27 09:00:00
2026-07-27,146881808,919,0,60.9299563680,-15.2324890920,-15.2324890920,0.5000000,3,3,0.49771390000000000,0.497713900000,0.006466134837551399,0.0064661348375514,0.006466134837551399,0E-17,ELIGIBLE,R03b_20260811_FULL_v1,L1_ELIGIBILITY,v2026-08-11,2026-03-21..2026-08-06,baccarat_bet02_101_all_pairs_incl_sentinel,round_win = game_pnl > 0 (decisive only),COMPATIBILITY_ONLY_NOT_PRODUCTION,15325.7582,13606.4180,168.1429,260,246,-0.01097126,-0.01602544,0.12364991,-0.01097126,-168.1429,15325.7582,OK,0.0000,6.7257,4.0000,96.0000,AG03-UNRESOLVED,ALL5_LEVELS_bet23_to_bet27,6.7257,6.7257,6.7257,8.4071,8.4071,4.000000,4.000000,4.000000,5.000000,5.000000,96.000000,96.000000,96.000000,95.000000,95.000000,5.0,36.9914,33.8851,131.1515,134.2578,PENDING_AG03,FALSE,NOT_FOR_ENFORCEMENT,161.4172,13062.1613,168.1429,161.4172,6.7257,0.01097126,0.01053241,6.7257,161.4172,0.01053241,6.7257,6.7257,6.7257,8.4071,8.4071,161.4172,0.01053241,36.9914,33.8851,131.1515,134.2578,0.00855758,0.00876027,0.00043885,58.9452,55.3106,0.6835,16.8143,2.7120,1532.5758,24.6000,64.5030,17.8892,29.6162,51.6356,77.4533,103.8964,129.0889,140.1381,51.6356,0.0,2.5,2.713985,1.141563,19,48,10,5,0.96381478,0.01097126,0.01602544,0E-8,0.000000,0.887814,0.657692,-0.13967535,2026-06-30,2026-07-31,10,62,45,32,0.312500,3.605692,1.094288,3.212716,,,,,,,,GLOBAL_BASELINE_NO_ENTITY_RANKING,,,NOT_APPLICABLE_GLOBAL_BASELINE,HF9g-P5,,,,X 全窗基线 · 不参与实体赏罚,6873131,688,A168_HF9F_20260827_0900,2026-08-27 09:00:00
2026-07-28,146881808,2205,0,51.6355562440,-51.6355562440,-51.6355562440,0E-7,1,1,0.49324550000000000,0.493245500000,-0.9865810262130424,-0.9865810262130424,-0.9865810262130424,0E-17,ELIGIBLE,R03b_20260811_FULL_v1,L1_ELIGIBILITY,v2026-08-11,2026-03-21..2026-08-06,baccarat_bet02_101_all_pairs_incl_sentinel,round_win = game_pnl > 0 (decisive only),COMPATIBILITY_ONLY_NOT_PRODUCTION,15325.7582,13606.4180,168.1429,260,246,-0.01097126,-0.01602544,0.12364991,-0.01097126,-168.1429,15325.7582,OK,0.0000,6.7257,4.0000,96.0000,AG03-UNRESOLVED,ALL5_LEVELS_bet23_to_bet27,6.7257,6.7257,6.7257,8.4071,8.4071,4.000000,4.000000,4.000000,5.000000,5.000000,96.000000,96.000000,96.000000,95.000000,95.000000,5.0,36.9914,33.8851,131.1515,134.2578,PENDING_AG03,FALSE,NOT_FOR_ENFORCEMENT,161.4172,13062.1613,168.1429,161.4172,6.7257,0.01097126,0.01053241,6.7257,161.4172,0.01053241,6.7257,6.7257,6.7257,8.4071,8.4071,161.4172,0.01053241,36.9914,33.8851,131.1515,134.2578,0.00855758,0.00876027,0.00043885,58.9452,55.3106,0.6835,16.8143,2.7120,1532.5758,24.6000,64.5030,17.8892,29.6162,51.6356,77.4533,103.8964,129.0889,140.1381,51.6356,0.0,2.5,2.713985,1.141563,19,48,10,5,0.96381478,0.01097126,0.01602544,0E-8,0.000000,0.887814,0.657692,-0.13967535,2026-06-30,2026-07-31,10,62,45,32,0.312500,3.605692,1.094288,3.212716,,,,,,,,GLOBAL_BASELINE_NO_ENTITY_RANKING,,,NOT_APPLICABLE_GLOBAL_BASELINE,HF9g-P5,,,,X 全窗基线 · 不参与实体赏罚,6873132,688,A168_HF9F_20260827_0900,2026-08-27 09:00:00
2026-07-31,146881808,1299,0,274.8311201294,135.8744509799,135.8744509799,0.6666667,3,3,0.50665070000000000,0.506650700000,0.5543606114942035,0.5543606114942035,0.5543606114942035,0E-17,ELIGIBLE,R03b_20260811_FULL_v1,L1_ELIGIBILITY,v2026-08-11,2026-03-21..2026-08-06,baccarat_bet02_101_all_pairs_incl_sentinel,round_win = game_pnl > 0 (decisive only),COMPATIBILITY_ONLY_NOT_PRODUCTION,15325.7582,13606.4180,168.1429,260,246,-0.01097126,-0.01602544,0.12364991,-0.01097126,-168.1429,15325.7582,OK,0.0000,6.7257,4.0000,96.0000,AG03-UNRESOLVED,ALL5_LEVELS_bet23_to_bet27,6.7257,6.7257,6.7257,8.4071,8.4071,4.000000,4.000000,4.000000,5.000000,5.000000,96.000000,96.000000,96.000000,95.000000,95.000000,5.0,36.9914,33.8851,131.1515,134.2578,PENDING_AG03,FALSE,NOT_FOR_ENFORCEMENT,161.4172,13062.1613,168.1429,161.4172,6.7257,0.01097126,0.01053241,6.7257,161.4172,0.01053241,6.7257,6.7257,6.7257,8.4071,8.4071,161.4172,0.01053241,36.9914,33.8851,131.1515,134.2578,0.00855758,0.00876027,0.00043885,58.9452,55.3106,0.6835,16.8143,2.7120,1532.5758,24.6000,64.5030,17.8892,29.6162,51.6356,77.4533,103.8964,129.0889,140.1381,51.6356,0.0,2.5,2.713985,1.141563,19,48,10,5,0.96381478,0.01097126,0.01602544,0E-8,0.000000,0.887814,0.657692,-0.13967535,2026-06-30,2026-07-31,10,62,45,32,0.312500,3.605692,1.094288,3.212716,,,,,,,,GLOBAL_BASELINE_NO_ENTITY_RANKING,,,NOT_APPLICABLE_GLOBAL_BASELINE,HF9g-P5,,,,X 全窗基线 · 不参与实体赏罚,6873133,688,A168_HF9F_20260827_0900,2026-08-27 09:00:00
2026-07-31,146881808,1370,0,1113.7081653097,138.1861146070,138.1861146070,0.5000000,14,13,0.42909848791208304,0.418146765385,0.496234587897911,0.5748511068936829,0.496234587897911,0.01095172252708304,ELIGIBLE,R03b_20260811_FULL_v1,L1_ELIGIBILITY,v2026-08-11,2026-03-21..2026-08-06,baccarat_bet02_101_all_pairs_incl_sentinel,round_win = game_pnl > 0 (decisive only),COMPATIBILITY_ONLY_NOT_PRODUCTION,15325.7582,13606.4180,168.1429,260,246,-0.01097126,-0.01602544,0.12364991,-0.01097126,-168.1429,15325.7582,OK,0.0000,6.7257,4.0000,96.0000,AG03-UNRESOLVED,ALL5_LEVELS_bet23_to_bet27,6.7257,6.7257,6.7257,8.4071,8.4071,4.000000,4.000000,4.000000,5.000000,5.000000,96.000000,96.000000,96.000000,95.000000,95.000000,5.0,36.9914,33.8851,131.1515,134.2578,PENDING_AG03,FALSE,NOT_FOR_ENFORCEMENT,161.4172,13062.1613,168.1429,161.4172,6.7257,0.01097126,0.01053241,6.7257,161.4172,0.01053241,6.7257,6.7257,6.7257,8.4071,8.4071,161.4172,0.01053241,36.9914,33.8851,131.1515,134.2578,0.00855758,0.00876027,0.00043885,58.9452,55.3106,0.6835,16.8143,2.7120,1532.5758,24.6000,64.5030,17.8892,29.6162,51.6356,77.4533,103.8964,129.0889,140.1381,51.6356,0.0,2.5,2.713985,1.141563,19,48,10,5,0.96381478,0.01097126,0.01602544,0E-8,0.000000,0.887814,0.657692,-0.13967535,2026-06-30,2026-07-31,10,62,45,32,0.312500,3.605692,1.094288,3.212716,,,,,,,,GLOBAL_BASELINE_NO_ENTITY_RANKING,,,NOT_APPLICABLE_GLOBAL_BASELINE,HF9g-P5,,,,X 全窗基线 · 不参与实体赏罚,6873134,688,A168_HF9F_20260827_0900,2026-08-27 09:00:00
2026-07-31,146881808,1951,0,77.5691572702,-77.5691572702,-77.5691572702,0E-7,1,1,0.49324550000000000,0.493245500000,-0.9865810262130424,-0.9865810262130424,-0.9865810262130424,0E-17,ELIGIBLE,R03b_20260811_FULL_v1,L1_ELIGIBILITY,v2026-08-11,2026-03-21..2026-08-06,baccarat_bet02_101_all_pairs_incl_sentinel,round_win = game_pnl > 0 (decisive only),COMPATIBILITY_ONLY_NOT_PRODUCTION,15325.7582,13606.4180,168.1429,260,246,-0.01097126,-0.01602544,0.12364991,-0.01097126,-168.1429,15325.7582,OK,0.0000,6.7257,4.0000,96.0000,AG03-UNRESOLVED,ALL5_LEVELS_bet23_to_bet27,6.7257,6.7257,6.7257,8.4071,8.4071,4.000000,4.000000,4.000000,5.000000,5.000000,96.000000,96.000000,96.000000,95.000000,95.000000,5.0,36.9914,33.8851,131.1515,134.2578,PENDING_AG03,FALSE,NOT_FOR_ENFORCEMENT,161.4172,13062.1613,168.1429,161.4172,6.7257,0.01097126,0.01053241,6.7257,161.4172,0.01053241,6.7257,6.7257,6.7257,8.4071,8.4071,161.4172,0.01053241,36.9914,33.8851,131.1515,134.2578,0.00855758,0.00876027,0.00043885,58.9452,55.3106,0.6835,16.8143,2.7120,1532.5758,24.6000,64.5030,17.8892,29.6162,51.6356,77.4533,103.8964,129.0889,140.1381,51.6356,0.0,2.5,2.713985,1.141563,19,48,10,5,0.96381478,0.01097126,0.01602544,0E-8,0.000000,0.887814,0.657692,-0.13967535,2026-06-30,2026-07-31,10,62,45,32,0.312500,3.605692,1.094288,3.212716,,,,,,,,GLOBAL_BASELINE_NO_ENTITY_RANKING,,,NOT_APPLICABLE_GLOBAL_BASELINE,HF9g-P5,,,,X 全窗基线 · 不参与实体赏罚,6873135,688,A168_HF9F_20260827_0900,2026-08-27 09:00:00
2026-07-31,146881808,1990,0,1094.4443017492,-18.4676238666,-18.4676238666,0.5000000,14,12,0.49336870609242704,0.468403525000,0.045946993000617886,0.21934519922653012,0.045946993000617886,0.02496518109242704,ELIGIBLE,R03b_20260811_FULL_v1,L1_ELIGIBILITY,v2026-08-11,2026-03-21..2026-08-06,baccarat_bet02_101_all_pairs_incl_sentinel,round_win = game_pnl > 0 (decisive only),COMPATIBILITY_ONLY_NOT_PRODUCTION,15325.7582,13606.4180,168.1429,260,246,-0.01097126,-0.01602544,0.12364991,-0.01097126,-168.1429,15325.7582,OK,0.0000,6.7257,4.0000,96.0000,AG03-UNRESOLVED,ALL5_LEVELS_bet23_to_bet27,6.7257,6.7257,6.7257,8.4071,8.4071,4.000000,4.000000,4.000000,5.000000,5.000000,96.000000,96.000000,96.000000,95.000000,95.000000,5.0,36.9914,33.8851,131.1515,134.2578,PENDING_AG03,FALSE,NOT_FOR_ENFORCEMENT,161.4172,13062.1613,168.1429,161.4172,6.7257,0.01097126,0.01053241,6.7257,161.4172,0.01053241,6.7257,6.7257,6.7257,8.4071,8.4071,161.4172,0.01053241,36.9914,33.8851,131.1515,134.2578,0.00855758,0.00876027,0.00043885,58.9452,55.3106,0.6835,16.8143,2.7120,1532.5758,24.6000,64.5030,17.8892,29.6162,51.6356,77.4533,103.8964,129.0889,140.1381,51.6356,0.0,2.5,2.713985,1.141563,19,48,10,5,0.96381478,0.01097126,0.01602544,0E-8,0.000000,0.887814,0.657692,-0.13967535,2026-06-30,2026-07-31,10,62,45,32,0.312500,3.605692,1.094288,3.212716,,,,,,,,GLOBAL_BASELINE_NO_ENTITY_RANKING,,,NOT_APPLICABLE_GLOBAL_BASELINE,HF9g-P5,,,,X 全窗基线 · 不参与实体赏罚,6873136,688,A168_HF9F_20260827_0900,2026-08-27 09:00:00
2026-07-31,146881808,2123,0,102.7406056559,-102.7406056559,-102.7406056559,0E-7,1,1,0.50665070000000000,0.506650700000,-1.013391052207602,-1.013391052207602,-1.013391052207602,0E-17,ELIGIBLE,R03b_20260811_FULL_v1,L1_ELIGIBILITY,v2026-08-11,2026-03-21..2026-08-06,baccarat_bet02_101_all_pairs_incl_sentinel,round_win = game_pnl > 0 (decisive only),COMPATIBILITY_ONLY_NOT_PRODUCTION,15325.7582,13606.4180,168.1429,260,246,-0.01097126,-0.01602544,0.12364991,-0.01097126,-168.1429,15325.7582,OK,0.0000,6.7257,4.0000,96.0000,AG03-UNRESOLVED,ALL5_LEVELS_bet23_to_bet27,6.7257,6.7257,6.7257,8.4071,8.4071,4.000000,4.000000,4.000000,5.000000,5.000000,96.000000,96.000000,96.000000,95.000000,95.000000,5.0,36.9914,33.8851,131.1515,134.2578,PENDING_AG03,FALSE,NOT_FOR_ENFORCEMENT,161.4172,13062.1613,168.1429,161.4172,6.7257,0.01097126,0.01053241,6.7257,161.4172,0.01053241,6.7257,6.7257,6.7257,8.4071,8.4071,161.4172,0.01053241,36.9914,33.8851,131.1515,134.2578,0.00855758,0.00876027,0.00043885,58.9452,55.3106,0.6835,16.8143,2.7120,1532.5758,24.6000,64.5030,17.8892,29.6162,51.6356,77.4533,103.8964,129.0889,140.1381,51.6356,0.0,2.5,2.713985,1.141563,19,48,10,5,0.96381478,0.01097126,0.01602544,0E-8,0.000000,0.887814,0.657692,-0.13967535,2026-06-30,2026-07-31,10,62,45,32,0.312500,3.605692,1.094288,3.212716,,,,,,,,GLOBAL_BASELINE_NO_ENTITY_RANKING,,,NOT_APPLICABLE_GLOBAL_BASELINE,HF9g-P5,,,,X 全窗基线 · 不参与实体赏罚,6873137,688,A168_HF9F_20260827_0900,2026-08-27 09:00:00
2026-07-31,146881808,2250,0,735.8795880103,15.1542393341,15.1542393341,0.4444444,13,9,0.42634662662882636,0.380684144444,0.10978456244212255,0.3939427504150746,0.10978456244212255,0.04566248218482636,ELIGIBLE,R03b_20260811_FULL_v1,L1_ELIGIBILITY,v2026-08-11,2026-03-21..2026-08-06,baccarat_bet02_101_all_pairs_incl_sentinel,round_win = game_pnl > 0 (decisive only),COMPATIBILITY_ONLY_NOT_PRODUCTION,15325.7582,13606.4180,168.1429,260,246,-0.01097126,-0.01602544,0.12364991,-0.01097126,-168.1429,15325.7582,OK,0.0000,6.7257,4.0000,96.0000,AG03-UNRESOLVED,ALL5_LEVELS_bet23_to_bet27,6.7257,6.7257,6.7257,8.4071,8.4071,4.000000,4.000000,4.000000,5.000000,5.000000,96.000000,96.000000,96.000000,95.000000,95.000000,5.0,36.9914,33.8851,131.1515,134.2578,PENDING_AG03,FALSE,NOT_FOR_ENFORCEMENT,161.4172,13062.1613,168.1429,161.4172,6.7257,0.01097126,0.01053241,6.7257,161.4172,0.01053241,6.7257,6.7257,6.7257,8.4071,8.4071,161.4172,0.01053241,36.9914,33.8851,131.1515,134.2578,0.00855758,0.00876027,0.00043885,58.9452,55.3106,0.6835,16.8143,2.7120,1532.5758,24.6000,64.5030,17.8892,29.6162,51.6356,77.4533,103.8964,129.0889,140.1381,51.6356,0.0,2.5,2.713985,1.141563,19,48,10,5,0.96381478,0.01097126,0.01602544,0E-8,0.000000,0.887814,0.657692,-0.13967535,2026-06-30,2026-07-31,10,62,45,32,0.312500,3.605692,1.094288,3.212716,,,,,,,,GLOBAL_BASELINE_NO_ENTITY_RANKING,,,NOT_APPLICABLE_GLOBAL_BASELINE,HF9g-P5,,,,X 全窗基线 · 不参与实体赏罚,6873138,688,A168_HF9F_20260827_0900,2026-08-27 09:00:00
2026-07-31,146881808,2252,0,424.3187013587,-13.3562787353,-13.3562787353,0.5000000,6,6,0.49547970000000000,0.495479700000,0.01808193895567044,0.01808193895567044,0.01808193895567044,0E-17,ELIGIBLE,R03b_20260811_FULL_v1,L1_ELIGIBILITY,v2026-08-11,2026-03-21..2026-08-06,baccarat_bet02_101_all_pairs_incl_sentinel,round_win = game_pnl > 0 (decisive only),COMPATIBILITY_ONLY_NOT_PRODUCTION,15325.7582,13606.4180,168.1429,260,246,-0.01097126,-0.01602544,0.12364991,-0.01097126,-168.1429,15325.7582,OK,0.0000,6.7257,4.0000,96.0000,AG03-UNRESOLVED,ALL5_LEVELS_bet23_to_bet27,6.7257,6.7257,6.7257,8.4071,8.4071,4.000000,4.000000,4.000000,5.000000,5.000000,96.000000,96.000000,96.000000,95.000000,95.000000,5.0,36.9914,33.8851,131.1515,134.2578,PENDING_AG03,FALSE,NOT_FOR_ENFORCEMENT,161.4172,13062.1613,168.1429,161.4172,6.7257,0.01097126,0.01053241,6.7257,161.4172,0.01053241,6.7257,6.7257,6.7257,8.4071,8.4071,161.4172,0.01053241,36.9914,33.8851,131.1515,134.2578,0.00855758,0.00876027,0.00043885,58.9452,55.3106,0.6835,16.8143,2.7120,1532.5758,24.6000,64.5030,17.8892,29.6162,51.6356,77.4533,103.8964,129.0889,140.1381,51.6356,0.0,2.5,2.713985,1.141563,19,48,10,5,0.96381478,0.01097126,0.01602544,0E-8,0.000000,0.887814,0.657692,-0.13967535,2026-06-30,2026-07-31,10,62,45,32,0.312500,3.605692,1.094288,3.212716,,,,,,,,GLOBAL_BASELINE_NO_ENTITY_RANKING,,,NOT_APPLICABLE_GLOBAL_BASELINE,HF9g-P5,,,,X 全窗基线 · 不参与实体赏罚,6873139,688,A168_HF9F_20260827_0900,2026-08-27 09:00:00
2026-07-31,146881808,2257,0,765.4175121362,-65.4971361057,-65.4971361057,0.3750000,9,9,0.49771390000000000,0.497713900000,-0.694181902665499,-0.6941819026654991,-0.694181902665499,0E-17,ELIGIBLE,R03b_20260811_FULL_v1,L1_ELIGIBILITY,v2026-08-11,2026-03-21..2026-08-06,baccarat_bet02_101_all_pairs_incl_sentinel,round_win = game_pnl > 0 (decisive only),COMPATIBILITY_ONLY_NOT_PRODUCTION,15325.7582,13606.4180,168.1429,260,246,-0.01097126,-0.01602544,0.12364991,-0.01097126,-168.1429,15325.7582,OK,0.0000,6.7257,4.0000,96.0000,AG03-UNRESOLVED,ALL5_LEVELS_bet23_to_bet27,6.7257,6.7257,6.7257,8.4071,8.4071,4.000000,4.000000,4.000000,5.000000,5.000000,96.000000,96.000000,96.000000,95.000000,95.000000,5.0,36.9914,33.8851,131.1515,134.2578,PENDING_AG03,FALSE,NOT_FOR_ENFORCEMENT,161.4172,13062.1613,168.1429,161.4172,6.7257,0.01097126,0.01053241,6.7257,161.4172,0.01053241,6.7257,6.7257,6.7257,8.4071,8.4071,161.4172,0.01053241,36.9914,33.8851,131.1515,134.2578,0.00855758,0.00876027,0.00043885,58.9452,55.3106,0.6835,16.8143,2.7120,1532.5758,24.6000,64.5030,17.8892,29.6162,51.6356,77.4533,103.8964,129.0889,140.1381,51.6356,0.0,2.5,2.713985,1.141563,19,48,10,5,0.96381478,0.01097126,0.01602544,0E-8,0.000000,0.887814,0.657692,-0.13967535,2026-06-30,2026-07-31,10,62,45,32,0.312500,3.605692,1.094288,3.212716,,,,,,,,GLOBAL_BASELINE_NO_ENTITY_RANKING,,,NOT_APPLICABLE_GLOBAL_BASELINE,HF9g-P5,,,,X 全窗基线 · 不参与实体赏罚,6873140,688,A168_HF9F_20260827_0900,2026-08-27 09:00:00
2026-07-31,146881808,462,0,283.0503685819,-283.0503685819,-283.0503685819,0E-7,2,2,0.49324550000000000,0.493245500000,-1.3952362676504506,-1.3952362676504506,-1.3952362676504506,0E-17,ELIGIBLE,R03b_20260811_FULL_v1,L1_ELIGIBILITY,v2026-08-11,2026-03-21..2026-08-06,baccarat_bet02_101_all_pairs_incl_sentinel,round_win = game_pnl > 0 (decisive only),COMPATIBILITY_ONLY_NOT_PRODUCTION,15325.7582,13606.4180,168.1429,260,246,-0.01097126,-0.01602544,0.12364991,-0.01097126,-168.1429,15325.7582,OK,0.0000,6.7257,4.0000,96.0000,AG03-UNRESOLVED,ALL5_LEVELS_bet23_to_bet27,6.7257,6.7257,6.7257,8.4071,8.4071,4.000000,4.000000,4.000000,5.000000,5.000000,96.000000,96.000000,96.000000,95.000000,95.000000,5.0,36.9914,33.8851,131.1515,134.2578,PENDING_AG03,FALSE,NOT_FOR_ENFORCEMENT,161.4172,13062.1613,168.1429,161.4172,6.7257,0.01097126,0.01053241,6.7257,161.4172,0.01053241,6.7257,6.7257,6.7257,8.4071,8.4071,161.4172,0.01053241,36.9914,33.8851,131.1515,134.2578,0.00855758,0.00876027,0.00043885,58.9452,55.3106,0.6835,16.8143,2.7120,1532.5758,24.6000,64.5030,17.8892,29.6162,51.6356,77.4533,103.8964,129.0889,140.1381,51.6356,0.0,2.5,2.713985,1.141563,19,48,10,5,0.96381478,0.01097126,0.01602544,0E-8,0.000000,0.887814,0.657692,-0.13967535,2026-06-30,2026-07-31,10,62,45,32,0.312500,3.605692,1.094288,3.212716,,,,,,,,GLOBAL_BASELINE_NO_ENTITY_RANKING,,,NOT_APPLICABLE_GLOBAL_BASELINE,HF9g-P5,,,,X 全窗基线 · 不参与实体赏罚,6873141,688,A168_HF9F_20260827_0900,2026-08-27 09:00:00
2026-07-31,146881808,919,0,128.4257570698,-128.4257570698,-128.4257570698,0E-7,1,1,0.50665070000000000,0.506650700000,-1.013391052207602,-1.013391052207602,-1.013391052207602,0E-17,ELIGIBLE,R03b_20260811_FULL_v1,L1_ELIGIBILITY,v2026-08-11,2026-03-21..2026-08-06,baccarat_bet02_101_all_pairs_incl_sentinel,round_win = game_pnl > 0 (decisive only),COMPATIBILITY_ONLY_NOT_PRODUCTION,15325.7582,13606.4180,168.1429,260,246,-0.01097126,-0.01602544,0.12364991,-0.01097126,-168.1429,15325.7582,OK,0.0000,6.7257,4.0000,96.0000,AG03-UNRESOLVED,ALL5_LEVELS_bet23_to_bet27,6.7257,6.7257,6.7257,8.4071,8.4071,4.000000,4.000000,4.000000,5.000000,5.000000,96.000000,96.000000,96.000000,95.000000,95.000000,5.0,36.9914,33.8851,131.1515,134.2578,PENDING_AG03,FALSE,NOT_FOR_ENFORCEMENT,161.4172,13062.1613,168.1429,161.4172,6.7257,0.01097126,0.01053241,6.7257,161.4172,0.01053241,6.7257,6.7257,6.7257,8.4071,8.4071,161.4172,0.01053241,36.9914,33.8851,131.1515,134.2578,0.00855758,0.00876027,0.00043885,58.9452,55.3106,0.6835,16.8143,2.7120,1532.5758,24.6000,64.5030,17.8892,29.6162,51.6356,77.4533,103.8964,129.0889,140.1381,51.6356,0.0,2.5,2.713985,1.141563,19,48,10,5,0.96381478,0.01097126,0.01602544,0E-8,0.000000,0.887814,0.657692,-0.13967535,2026-06-30,2026-07-31,10,62,45,32,0.312500,3.605692,1.094288,3.212716,,,,,,,,GLOBAL_BASELINE_NO_ENTITY_RANKING,,,NOT_APPLICABLE_GLOBAL_BASELINE,HF9g-P5,,,,X 全窗基线 · 不参与实体赏罚,6873142,688,A168_HF9F_20260827_0900,2026-08-27 09:00:00
2026-07-31,146881808,948,0,586.6488582950,-26.7125574705,-26.7125574705,0.5000000,7,7,0.50473567142857143,0.504735671429,-0.023200997840541474,-0.023200997842641315,-0.023200997840541474,-4.2857E-13,ELIGIBLE,R03b_20260811_FULL_v1,L1_ELIGIBILITY,v2026-08-11,2026-03-21..2026-08-06,baccarat_bet02_101_all_pairs_incl_sentinel,round_win = game_pnl > 0 (decisive only),COMPATIBILITY_ONLY_NOT_PRODUCTION,15325.7582,13606.4180,168.1429,260,246,-0.01097126,-0.01602544,0.12364991,-0.01097126,-168.1429,15325.7582,OK,0.0000,6.7257,4.0000,96.0000,AG03-UNRESOLVED,ALL5_LEVELS_bet23_to_bet27,6.7257,6.7257,6.7257,8.4071,8.4071,4.000000,4.000000,4.000000,5.000000,5.000000,96.000000,96.000000,96.000000,95.000000,95.000000,5.0,36.9914,33.8851,131.1515,134.2578,PENDING_AG03,FALSE,NOT_FOR_ENFORCEMENT,161.4172,13062.1613,168.1429,161.4172,6.7257,0.01097126,0.01053241,6.7257,161.4172,0.01053241,6.7257,6.7257,6.7257,8.4071,8.4071,161.4172,0.01053241,36.9914,33.8851,131.1515,134.2578,0.00855758,0.00876027,0.00043885,58.9452,55.3106,0.6835,16.8143,2.7120,1532.5758,24.6000,64.5030,17.8892,29.6162,51.6356,77.4533,103.8964,129.0889,140.1381,51.6356,0.0,2.5,2.713985,1.141563,19,48,10,5,0.96381478,0.01097126,0.01602544,0E-8,0.000000,0.887814,0.657692,-0.13967535,2026-06-30,2026-07-31,10,62,45,32,0.312500,3.605692,1.094288,3.212716,,,,,,,,GLOBAL_BASELINE_NO_ENTITY_RANKING,,,NOT_APPLICABLE_GLOBAL_BASELINE,HF9g-P5,,,,X 全窗基线 · 不参与实体赏罚,6873143,688,A168_HF9F_20260827_0900,2026-08-27 09:00:00
2026-03-30,147988368,2170,0,411.5226337447,-6.8587105625,-6.8587105625,0.6000000,5,5,0.49860758000000000,0.498607580000,0.4534424453485946,0.4534424453485946,0.4534424453485946,0E-17,ELIGIBLE,R03b_20260811_FULL_v1,L1_ELIGIBILITY,v2026-08-11,2026-03-21..2026-08-06,baccarat_bet02_101_all_pairs_incl_sentinel,round_win = game_pnl > 0 (decisive only),COMPATIBILITY_ONLY_NOT_PRODUCTION,1146.4264,1077.4609,168.1519,15,15,-0.14667486,,-0.14667486,-0.14667486,-168.1519,1146.4264,THIN_EXPOSURE,0.0000,6.7261,4.0000,96.0000,AG03-UNRESOLVED,ALL5_LEVELS_bet23_to_bet27,6.7261,6.7261,8.4076,8.4076,8.4076,4.000000,4.000000,5.000000,5.000000,5.000000,96.000000,96.000000,95.000000,95.000000,95.000000,5.0,38.6749,35.2855,129.4770,132.8664,PENDING_AG03,FALSE,NOT_FOR_ENFORCEMENT,161.4259,1034.3624,168.1519,161.4259,6.7261,0.14667486,0.14080787,6.7261,161.4259,0.14080787,6.7261,6.7261,8.4076,8.4076,8.4076,161.4259,0.14080787,38.6749,35.2855,129.4770,132.8664,0.11293964,0.11589614,0.00586699,76.4284,71.8307,11.2101,84.0760,33.6304,573.2132,7.5000,,76.4284,68.5871,68.5871,68.8709,137.1742,137.1742,137.1742,68.5871,0.0,2.0,2.0,1.114326,5,6,2,2,0E-8,0.14667486,,0E-8,0.000000,0.939843,0.000000,,2026-03-30,2026-04-06,2,5,5,8,0.250000,,,0.000000,,,,,,,,GLOBAL_BASELINE_NO_ENTITY_RANKING,,,NOT_APPLICABLE_GLOBAL_BASELINE,HF9g-P5,,,,X 全窗基线 · 不参与实体赏罚,6873144,688,A168_HF9F_20260827_0900,2026-08-27 09:00:00
2026-03-30,147988368,526,0,274.3484224964,-3.4293552812,-3.4293552812,0.5000000,4,4,0.49994810000000000,0.499948100000,0.00020760000111838688,0.00020760000111838688,0.00020760000111838688,0E-17,ELIGIBLE,R03b_20260811_FULL_v1,L1_ELIGIBILITY,v2026-08-11,2026-03-21..2026-08-06,baccarat_bet02_101_all_pairs_incl_sentinel,round_win = game_pnl > 0 (decisive only),COMPATIBILITY_ONLY_NOT_PRODUCTION,1146.4264,1077.4609,168.1519,15,15,-0.14667486,,-0.14667486,-0.14667486,-168.1519,1146.4264,THIN_EXPOSURE,0.0000,6.7261,4.0000,96.0000,AG03-UNRESOLVED,ALL5_LEVELS_bet23_to_bet27,6.7261,6.7261,8.4076,8.4076,8.4076,4.000000,4.000000,5.000000,5.000000,5.000000,96.000000,96.000000,95.000000,95.000000,95.000000,5.0,38.6749,35.2855,129.4770,132.8664,PENDING_AG03,FALSE,NOT_FOR_ENFORCEMENT,161.4259,1034.3624,168.1519,161.4259,6.7261,0.14667486,0.14080787,6.7261,161.4259,0.14080787,6.7261,6.7261,8.4076,8.4076,8.4076,161.4259,0.14080787,38.6749,35.2855,129.4770,132.8664,0.11293964,0.11589614,0.00586699,76.4284,71.8307,11.2101,84.0760,33.6304,573.2132,7.5000,,76.4284,68.5871,68.5871,68.8709,137.1742,137.1742,137.1742,68.5871,0.0,2.0,2.0,1.114326,5,6,2,2,0E-8,0.14667486,,0E-8,0.000000,0.939843,0.000000,,2026-03-30,2026-04-06,2,5,5,8,0.250000,,,0.000000,,,,,,,,GLOBAL_BASELINE_NO_ENTITY_RANKING,,,NOT_APPLICABLE_GLOBAL_BASELINE,HF9g-P5,,,,X 全窗基线 · 不参与实体赏罚,6873145,688,A168_HF9F_20260827_0900,2026-08-27 09:00:00
2026-03-30,147988368,994,0,274.3484224965,-137.1742112483,-137.1742112483,0.3333333,3,3,0.50218230000000000,0.502182300000,-0.5849155494134425,-0.5849155494134426,-0.5849155494134425,0E-17,ELIGIBLE,R03b_20260811_FULL_v1,L1_ELIGIBILITY,v2026-08-11,2026-03-21..2026-08-06,baccarat_bet02_101_all_pairs_incl_sentinel,round_win = game_pnl > 0 (decisive only),COMPATIBILITY_ONLY_NOT_PRODUCTION,1146.4264,1077.4609,168.1519,15,15,-0.14667486,,-0.14667486,-0.14667486,-168.1519,1146.4264,THIN_EXPOSURE,0.0000,6.7261,4.0000,96.0000,AG03-UNRESOLVED,ALL5_LEVELS_bet23_to_bet27,6.7261,6.7261,8.4076,8.4076,8.4076,4.000000,4.000000,5.000000,5.000000,5.000000,96.000000,96.000000,95.000000,95.000000,95.000000,5.0,38.6749,35.2855,129.4770,132.8664,PENDING_AG03,FALSE,NOT_FOR_ENFORCEMENT,161.4259,1034.3624,168.1519,161.4259,6.7261,0.14667486,0.14080787,6.7261,161.4259,0.14080787,6.7261,6.7261,8.4076,8.4076,8.4076,161.4259,0.14080787,38.6749,35.2855,129.4770,132.8664,0.11293964,0.11589614,0.00586699,76.4284,71.8307,11.2101,84.0760,33.6304,573.2132,7.5000,,76.4284,68.5871,68.5871,68.8709,137.1742,137.1742,137.1742,68.5871,0.0,2.0,2.0,1.114326,5,6,2,2,0E-8,0.14667486,,0E-8,0.000000,0.939843,0.000000,,2026-03-30,2026-04-06,2,5,5,8,0.250000,,,0.000000,,,,,,,,GLOBAL_BASELINE_NO_ENTITY_RANKING,,,NOT_APPLICABLE_GLOBAL_BASELINE,HF9g-P5,,,,X 全窗基线 · 不参与实体赏罚,6873146,688,A168_HF9F_20260827_0900,2026-08-27 09:00:00
2026-04-06,147988368,2129,0,68.9655172414,0E-10,0E-10,,1,1,0.49324550000000000,0.493245500000,,,,0E-17,NO_DECISIVE_ROUND,R03b_20260811_FULL_v1,L1_ELIGIBILITY,v2026-08-11,2026-03-21..2026-08-06,baccarat_bet02_101_all_pairs_incl_sentinel,round_win = game_pnl > 0 (decisive only),COMPATIBILITY_ONLY_NOT_PRODUCTION,1146.4264,1077.4609,168.1519,15,15,-0.14667486,,-0.14667486,-0.14667486,-168.1519,1146.4264,THIN_EXPOSURE,0.0000,6.7261,4.0000,96.0000,AG03-UNRESOLVED,ALL5_LEVELS_bet23_to_bet27,6.7261,6.7261,8.4076,8.4076,8.4076,4.000000,4.000000,5.000000,5.000000,5.000000,96.000000,96.000000,95.000000,95.000000,95.000000,5.0,38.6749,35.2855,129.4770,132.8664,PENDING_AG03,FALSE,NOT_FOR_ENFORCEMENT,161.4259,1034.3624,168.1519,161.4259,6.7261,0.14667486,0.14080787,6.7261,161.4259,0.14080787,6.7261,6.7261,8.4076,8.4076,8.4076,161.4259,0.14080787,38.6749,35.2855,129.4770,132.8664,0.11293964,0.11589614,0.00586699,76.4284,71.8307,11.2101,84.0760,33.6304,573.2132,7.5000,,76.4284,68.5871,68.5871,68.8709,137.1742,137.1742,137.1742,68.5871,0.0,2.0,2.0,1.114326,5,6,2,2,0E-8,0.14667486,,0E-8,0.000000,0.939843,0.000000,,2026-03-30,2026-04-06,2,5,5,8,0.250000,,,0.000000,,,,,,,,GLOBAL_BASELINE_NO_ENTITY_RANKING,,,NOT_APPLICABLE_GLOBAL_BASELINE,HF9g-P5,,,,X 全窗基线 · 不参与实体赏罚,6873147,688,A168_HF9F_20260827_0900,2026-08-27 09:00:00
2026-04-06,147988368,2142,0,48.2758620690,48.2758620690,48.2758620690,1.0000000,1,1,0.49324550000000000,0.493245500000,1.01360149184955,1.01360149184955,1.01360149184955,0E-17,ELIGIBLE,R03b_20260811_FULL_v1,L1_ELIGIBILITY,v2026-08-11,2026-03-21..2026-08-06,baccarat_bet02_101_all_pairs_incl_sentinel,round_win = game_pnl > 0 (decisive only),COMPATIBILITY_ONLY_NOT_PRODUCTION,1146.4264,1077.4609,168.1519,15,15,-0.14667486,,-0.14667486,-0.14667486,-168.1519,1146.4264,THIN_EXPOSURE,0.0000,6.7261,4.0000,96.0000,AG03-UNRESOLVED,ALL5_LEVELS_bet23_to_bet27,6.7261,6.7261,8.4076,8.4076,8.4076,4.000000,4.000000,5.000000,5.000000,5.000000,96.000000,96.000000,95.000000,95.000000,95.000000,5.0,38.6749,35.2855,129.4770,132.8664,PENDING_AG03,FALSE,NOT_FOR_ENFORCEMENT,161.4259,1034.3624,168.1519,161.4259,6.7261,0.14667486,0.14080787,6.7261,161.4259,0.14080787,6.7261,6.7261,8.4076,8.4076,8.4076,161.4259,0.14080787,38.6749,35.2855,129.4770,132.8664,0.11293964,0.11589614,0.00586699,76.4284,71.8307,11.2101,84.0760,33.6304,573.2132,7.5000,,76.4284,68.5871,68.5871,68.8709,137.1742,137.1742,137.1742,68.5871,0.0,2.0,2.0,1.114326,5,6,2,2,0E-8,0.14667486,,0E-8,0.000000,0.939843,0.000000,,2026-03-30,2026-04-06,2,5,5,8,0.250000,,,0.000000,,,,,,,,GLOBAL_BASELINE_NO_ENTITY_RANKING,,,NOT_APPLICABLE_GLOBAL_BASELINE,HF9g-P5,,,,X 全窗基线 · 不参与实体赏罚,6873148,688,A168_HF9F_20260827_0900,2026-08-27 09:00:00
2026-04-06,147988368,2256,0,68.9655172414,-68.9655172414,-68.9655172414,0E-7,1,1,0.49324550000000000,0.493245500000,-0.9865810262130424,-0.9865810262130424,-0.9865810262130424,0E-17,ELIGIBLE,R03b_20260811_FULL_v1,L1_ELIGIBILITY,v2026-08-11,2026-03-21..2026-08-06,baccarat_bet02_101_all_pairs_incl_sentinel,round_win = game_pnl > 0 (decisive only),COMPATIBILITY_ONLY_NOT_PRODUCTION,1146.4264,1077.4609,168.1519,15,15,-0.14667486,,-0.14667486,-0.14667486,-168.1519,1146.4264,THIN_EXPOSURE,0.0000,6.7261,4.0000,96.0000,AG03-UNRESOLVED,ALL5_LEVELS_bet23_to_bet27,6.7261,6.7261,8.4076,8.4076,8.4076,4.000000,4.000000,5.000000,5.000000,5.000000,96.000000,96.000000,95.000000,95.000000,95.000000,5.0,38.6749,35.2855,129.4770,132.8664,PENDING_AG03,FALSE,NOT_FOR_ENFORCEMENT,161.4259,1034.3624,168.1519,161.4259,6.7261,0.14667486,0.14080787,6.7261,161.4259,0.14080787,6.7261,6.7261,8.4076,8.4076,8.4076,161.4259,0.14080787,38.6749,35.2855,129.4770,132.8664,0.11293964,0.11589614,0.00586699,76.4284,71.8307,11.2101,84.0760,33.6304,573.2132,7.5000,,76.4284,68.5871,68.5871,68.8709,137.1742,137.1742,137.1742,68.5871,0.0,2.0,2.0,1.114326,5,6,2,2,0E-8,0.14667486,,0E-8,0.000000,0.939843,0.000000,,2026-03-30,2026-04-06,2,5,5,8,0.250000,,,0.000000,,,,,,,,GLOBAL_BASELINE_NO_ENTITY_RANKING,,,NOT_APPLICABLE_GLOBAL_BASELINE,HF9g-P5,,,,X 全窗基线 · 不参与实体赏罚,6873149,688,A168_HF9F_20260827_0900,2026-08-27 09:00:00
2026-05-18,150238068,-1,1,29.4086755593,25.2074361937,25.2074361937,1.0000000,2,2,0.49994810000000000,0.499948100000,1.0001038053877793,1.0001038053877793,1.0001038053877793,0E-17,SENTINEL_DEALER,R03b_20260811_FULL_v1,L1_ELIGIBILITY,v2026-08-11,2026-03-21..2026-08-06,baccarat_bet02_101_all_pairs_incl_sentinel,round_win = game_pnl > 0 (decisive only),COMPATIBILITY_ONLY_NOT_PRODUCTION,2042.8526,1841.6133,168.1546,91,57,-0.08231362,,-0.08231362,-0.08231362,-168.1546,2042.8526,OK,0.0000,6.7262,4.0000,96.0000,AG03-UNRESOLVED,ALL5_LEVELS_bet23_to_bet27,6.7262,6.7262,6.7262,6.7262,6.7262,4.000000,4.000000,4.000000,4.000000,4.000000,96.000000,96.000000,96.000000,96.000000,96.000000,5.0,33.6309,31.0459,134.5237,137.1087,PENDING_AG03,FALSE,NOT_FOR_ENFORCEMENT,161.4284,1767.9487,168.1546,161.4284,6.7262,0.08231362,0.07902108,6.7262,161.4284,0.07902108,6.7262,6.7262,6.7262,6.7262,6.7262,161.4284,0.07902108,33.6309,31.0459,134.5237,137.1087,0.06585090,0.06711628,0.00329254,22.4489,32.3090,2.9501,168.1546,42.0387,2042.8526,57.0000,,22.4489,4.4638,10.5031,28.8835,58.3973,88.016,132.2341,8.4025,-2.1006,8.379999,12.590004,2.137363,4,6,1,4,0E-8,0.08231362,,0E-8,0.000000,0.901491,0.956044,,2026-05-18,2026-05-18,1,4,4,1,1.000000,,,0.000000,,,,,,,,GLOBAL_BASELINE_NO_ENTITY_RANKING,,,NOT_APPLICABLE_GLOBAL_BASELINE,HF9g-P5,,,,X 全窗基线 · 不参与实体赏罚,6873150,688,A168_HF9F_20260827_0900,2026-08-27 09:00:00
2026-05-18,150238068,1325,0,693.2044953256,-228.9675454256,-228.9675454256,0.5333333,27,15,0.45734640788760321,0.336916300000,0.5907456397963154,1.6094577828279968,0.5907456397963154,0.12043010788760321,ELIGIBLE,R03b_20260811_FULL_v1,L1_ELIGIBILITY,v2026-08-11,2026-03-21..2026-08-06,baccarat_bet02_101_all_pairs_incl_sentinel,round_win = game_pnl > 0 (decisive only),COMPATIBILITY_ONLY_NOT_PRODUCTION,2042.8526,1841.6133,168.1546,91,57,-0.08231362,,-0.08231362,-0.08231362,-168.1546,2042.8526,OK,0.0000,6.7262,4.0000,96.0000,AG03-UNRESOLVED,ALL5_LEVELS_bet23_to_bet27,6.7262,6.7262,6.7262,6.7262,6.7262,4.000000,4.000000,4.000000,4.000000,4.000000,96.000000,96.000000,96.000000,96.000000,96.000000,5.0,33.6309,31.0459,134.5237,137.1087,PENDING_AG03,FALSE,NOT_FOR_ENFORCEMENT,161.4284,1767.9487,168.1546,161.4284,6.7262,0.08231362,0.07902108,6.7262,161.4284,0.07902108,6.7262,6.7262,6.7262,6.7262,6.7262,161.4284,0.07902108,33.6309,31.0459,134.5237,137.1087,0.06585090,0.06711628,0.00329254,22.4489,32.3090,2.9501,168.1546,42.0387,2042.8526,57.0000,,22.4489,4.4638,10.5031,28.8835,58.3973,88.016,132.2341,8.4025,-2.1006,8.379999,12.590004,2.137363,4,6,1,4,0E-8,0.08231362,,0E-8,0.000000,0.901491,0.956044,,2026-05-18,2026-05-18,1,4,4,1,1.000000,,,0.000000,,,,,,,,GLOBAL_BASELINE_NO_ENTITY_RANKING,,,NOT_APPLICABLE_GLOBAL_BASELINE,HF9g-P5,,,,X 全窗基线 · 不参与实体赏罚,6873151,688,A168_HF9F_20260827_0900,2026-08-27 09:00:00
2026-05-18,150238068,1507,0,207.7512866295,-9.2427266044,-9.2427266044,0.7000000,17,12,0.48686593708337824,0.417456087500,1.3484434745755878,1.8118248892968196,1.3484434745755878,0.06940984958337824,ELIGIBLE,R03b_20260811_FULL_v1,L1_ELIGIBILITY,v2026-08-11,2026-03-21..2026-08-06,baccarat_bet02_101_all_pairs_incl_sentinel,round_win = game_pnl > 0 (decisive only),COMPATIBILITY_ONLY_NOT_PRODUCTION,2042.8526,1841.6133,168.1546,91,57,-0.08231362,,-0.08231362,-0.08231362,-168.1546,2042.8526,OK,0.0000,6.7262,4.0000,96.0000,AG03-UNRESOLVED,ALL5_LEVELS_bet23_to_bet27,6.7262,6.7262,6.7262,6.7262,6.7262,4.000000,4.000000,4.000000,4.000000,4.000000,96.000000,96.000000,96.000000,96.000000,96.000000,5.0,33.6309,31.0459,134.5237,137.1087,PENDING_AG03,FALSE,NOT_FOR_ENFORCEMENT,161.4284,1767.9487,168.1546,161.4284,6.7262,0.08231362,0.07902108,6.7262,161.4284,0.07902108,6.7262,6.7262,6.7262,6.7262,6.7262,161.4284,0.07902108,33.6309,31.0459,134.5237,137.1087,0.06585090,0.06711628,0.00329254,22.4489,32.3090,2.9501,168.1546,42.0387,2042.8526,57.0000,,22.4489,4.4638,10.5031,28.8835,58.3973,88.016,132.2341,8.4025,-2.1006,8.379999,12.590004,2.137363,4,6,1,4,0E-8,0.08231362,,0E-8,0.000000,0.901491,0.956044,,2026-05-18,2026-05-18,1,4,4,1,1.000000,,,0.000000,,,,,,,,GLOBAL_BASELINE_NO_ENTITY_RANKING,,,NOT_APPLICABLE_GLOBAL_BASELINE,HF9g-P5,,,,X 全窗基线 · 不参与实体赏罚,6873152,688,A168_HF9F_20260827_0900,2026-08-27 09:00:00
2026-05-18,150238068,2088,0,456.8847810104,71.4210692155,71.4210692155,0.6666667,17,9,0.46520464589992092,0.319794633333,1.2117097599649091,2.231181643082647,1.2117097599649091,0.14541001256692092,ELIGIBLE,R03b_20260811_FULL_v1,L1_ELIGIBILITY,v2026-08-11,2026-03-21..2026-08-06,baccarat_bet02_101_all_pairs_incl_sentinel,round_win = game_pnl > 0 (decisive only),COMPATIBILITY_ONLY_NOT_PRODUCTION,2042.8526,1841.6133,168.1546,91,57,-0.08231362,,-0.08231362,-0.08231362,-168.1546,2042.8526,OK,0.0000,6.7262,4.0000,96.0000,AG03-UNRESOLVED,ALL5_LEVELS_bet23_to_bet27,6.7262,6.7262,6.7262,6.7262,6.7262,4.000000,4.000000,4.000000,4.000000,4.000000,96.000000,96.000000,96.000000,96.000000,96.000000,5.0,33.6309,31.0459,134.5237,137.1087,PENDING_AG03,FALSE,NOT_FOR_ENFORCEMENT,161.4284,1767.9487,168.1546,161.4284,6.7262,0.08231362,0.07902108,6.7262,161.4284,0.07902108,6.7262,6.7262,6.7262,6.7262,6.7262,161.4284,0.07902108,33.6309,31.0459,134.5237,137.1087,0.06585090,0.06711628,0.00329254,22.4489,32.3090,2.9501,168.1546,42.0387,2042.8526,57.0000,,22.4489,4.4638,10.5031,28.8835,58.3973,88.016,132.2341,8.4025,-2.1006,8.379999,12.590004,2.137363,4,6,1,4,0E-8,0.08231362,,0E-8,0.000000,0.901491,0.956044,,2026-05-18,2026-05-18,1,4,4,1,1.000000,,,0.000000,,,,,,,,GLOBAL_BASELINE_NO_ENTITY_RANKING,,,NOT_APPLICABLE_GLOBAL_BASELINE,HF9g-P5,,,,X 全窗基线 · 不参与实体赏罚,6873153,688,A168_HF9F_20260827_0900,2026-08-27 09:00:00
2026-05-18,150238068,2171,0,409.6208381473,-157.5464762105,-157.5464762105,0.2500000,7,4,0.47111574005679930,0.343803225000,-0.8859424800822852,-0.39498058311409123,-0.8859424800822852,0.12731251505679930,ELIGIBLE,R03b_20260811_FULL_v1,L1_ELIGIBILITY,v2026-08-11,2026-03-21..2026-08-06,baccarat_bet02_101_all_pairs_incl_sentinel,round_win = game_pnl > 0 (decisive only),COMPATIBILITY_ONLY_NOT_PRODUCTION,2042.8526,1841.6133,168.1546,91,57,-0.08231362,,-0.08231362,-0.08231362,-168.1546,2042.8526,OK,0.0000,6.7262,4.0000,96.0000,AG03-UNRESOLVED,ALL5_LEVELS_bet23_to_bet27,6.7262,6.7262,6.7262,6.7262,6.7262,4.000000,4.000000,4.000000,4.000000,4.000000,96.000000,96.000000,96.000000,96.000000,96.000000,5.0,33.6309,31.0459,134.5237,137.1087,PENDING_AG03,FALSE,NOT_FOR_ENFORCEMENT,161.4284,1767.9487,168.1546,161.4284,6.7262,0.08231362,0.07902108,6.7262,161.4284,0.07902108,6.7262,6.7262,6.7262,6.7262,6.7262,161.4284,0.07902108,33.6309,31.0459,134.5237,137.1087,0.06585090,0.06711628,0.00329254,22.4489,32.3090,2.9501,168.1546,42.0387,2042.8526,57.0000,,22.4489,4.4638,10.5031,28.8835,58.3973,88.016,132.2341,8.4025,-2.1006,8.379999,12.590004,2.137363,4,6,1,4,0E-8,0.08231362,,0E-8,0.000000,0.901491,0.956044,,2026-05-18,2026-05-18,1,4,4,1,1.000000,,,0.000000,,,,,,,,GLOBAL_BASELINE_NO_ENTITY_RANKING,,,NOT_APPLICABLE_GLOBAL_BASELINE,HF9g-P5,,,,X 全窗基线 · 不参与实体赏罚,6873154,688,A168_HF9F_20260827_0900,2026-08-27 09:00:00
2026-05-18,150238068,2266,0,245.9825648564,130.9736372230,130.9736372230,0.7142857,21,15,0.47351291295489315,0.417538520000,1.8043121271994083,2.2514834598263653,1.8043121271994083,0.05597439295489315,ELIGIBLE,R03b_20260811_FULL_v1,L1_ELIGIBILITY,v2026-08-11,2026-03-21..2026-08-06,baccarat_bet02_101_all_pairs_incl_sentinel,round_win = game_pnl > 0 (decisive only),COMPATIBILITY_ONLY_NOT_PRODUCTION,2042.8526,1841.6133,168.1546,91,57,-0.08231362,,-0.08231362,-0.08231362,-168.1546,2042.8526,OK,0.0000,6.7262,4.0000,96.0000,AG03-UNRESOLVED,ALL5_LEVELS_bet23_to_bet27,6.7262,6.7262,6.7262,6.7262,6.7262,4.000000,4.000000,4.000000,4.000000,4.000000,96.000000,96.000000,96.000000,96.000000,96.000000,5.0,33.6309,31.0459,134.5237,137.1087,PENDING_AG03,FALSE,NOT_FOR_ENFORCEMENT,161.4284,1767.9487,168.1546,161.4284,6.7262,0.08231362,0.07902108,6.7262,161.4284,0.07902108,6.7262,6.7262,6.7262,6.7262,6.7262,161.4284,0.07902108,33.6309,31.0459,134.5237,137.1087,0.06585090,0.06711628,0.00329254,22.4489,32.3090,2.9501,168.1546,42.0387,2042.8526,57.0000,,22.4489,4.4638,10.5031,28.8835,58.3973,88.016,132.2341,8.4025,-2.1006,8.379999,12.590004,2.137363,4,6,1,4,0E-8,0.08231362,,0E-8,0.000000,0.901491,0.956044,,2026-05-18,2026-05-18,1,4,4,1,1.000000,,,0.000000,,,,,,,,GLOBAL_BASELINE_NO_ENTITY_RANKING,,,NOT_APPLICABLE_GLOBAL_BASELINE,HF9g-P5,,,,X 全窗基线 · 不参与实体赏罚,6873155,688,A168_HF9F_20260827_0900,2026-08-27 09:00:00
2026-05-06,103154594,-1,1,249.9737422537,-94.5278857261,-94.5278857261,0.5000000,14,4,0.38191370948298348,0.212552300000,0.48609627855000487,1.4052224187865683,0.48609627855000487,0.16936140948298348,SENTINEL_DEALER,R03b_20260811_FULL_v1,L1_ELIGIBILITY,v2026-08-11,2026-03-21..2026-08-06,baccarat_bet02_101_all_pairs_incl_sentinel,round_win = game_pnl > 0 (decisive only),COMPATIBILITY_ONLY_NOT_PRODUCTION,658.3342,658.3342,168.1546,40,15,-0.25542438,,-0.25542438,-0.25542438,-168.1546,658.3342,OK,0.0000,6.7262,4.0000,96.0000,AG03-UNRESOLVED,ALL5_LEVELS_bet23_to_bet27,6.7262,6.7262,7.5670,7.5670,7.5670,4.000000,4.000000,4.500000,4.500000,4.500000,96.000000,96.000000,95.500000,95.500000,95.500000,5.0,36.1532,33.1771,132.0014,134.9775,PENDING_AG03,FALSE,NOT_FOR_ENFORCEMENT,161.4284,632.0008,168.1546,161.4284,6.7262,0.25542438,0.24520740,6.7262,161.4284,0.24520740,6.7262,6.7262,7.5670,7.5670,7.5670,161.4284,0.24520740,36.1532,33.1771,132.0014,134.9775,0.20050814,0.20502883,0.01021698,16.4584,43.8889,11.2103,168.1546,56.0515,658.3342,15.0000,,16.4584,6.3019,8.4025,31.5093,42.0124,48.3143,58.8174,8.4025,-6.3019,5.75,7.0,1.95875,3,3,1,5,0E-8,0.25542438,,0E-8,0.000000,1.000000,0.000000,,2026-05-06,2026-05-06,1,3,3,1,1.000000,,,0.000000,,,,,,,,GLOBAL_BASELINE_NO_ENTITY_RANKING,,,NOT_APPLICABLE_GLOBAL_BASELINE,HF9g-P5,,,,X 全窗基线 · 不参与实体赏罚,6873156,688,A168_HF9F_20260827_0900,2026-08-27 09:00:00
2026-05-06,103154594,1353,0,271.1900010501,-56.5066694673,-56.5066694673,0.6250000,17,8,0.42915571177796041,0.345455556250,1.1191534166799582,1.6627624055303312,1.1191534166799582,0.08370015552796041,ELIGIBLE,R03b_20260811_FULL_v1,L1_ELIGIBILITY,v2026-08-11,2026-03-21..2026-08-06,baccarat_bet02_101_all_pairs_incl_sentinel,round_win = game_pnl > 0 (decisive only),COMPATIBILITY_ONLY_NOT_PRODUCTION,658.3342,658.3342,168.1546,40,15,-0.25542438,,-0.25542438,-0.25542438,-168.1546,658.3342,OK,0.0000,6.7262,4.0000,96.0000,AG03-UNRESOLVED,ALL5_LEVELS_bet23_to_bet27,6.7262,6.7262,7.5670,7.5670,7.5670,4.000000,4.000000,4.500000,4.500000,4.500000,96.000000,96.000000,95.500000,95.500000,95.500000,5.0,36.1532,33.1771,132.0014,134.9775,PENDING_AG03,FALSE,NOT_FOR_ENFORCEMENT,161.4284,632.0008,168.1546,161.4284,6.7262,0.25542438,0.24520740,6.7262,161.4284,0.24520740,6.7262,6.7262,7.5670,7.5670,7.5670,161.4284,0.24520740,36.1532,33.1771,132.0014,134.9775,0.20050814,0.20502883,0.01021698,16.4584,43.8889,11.2103,168.1546,56.0515,658.3342,15.0000,,16.4584,6.3019,8.4025,31.5093,42.0124,48.3143,58.8174,8.4025,-6.3019,5.75,7.0,1.95875,3,3,1,5,0E-8,0.25542438,,0E-8,0.000000,1.000000,0.000000,,2026-05-06,2026-05-06,1,3,3,1,1.000000,,,0.000000,,,,,,,,GLOBAL_BASELINE_NO_ENTITY_RANKING,,,NOT_APPLICABLE_GLOBAL_BASELINE,HF9g-P5,,,,X 全窗基线 · 不参与实体赏罚,6873157,688,A168_HF9F_20260827_0900,2026-08-27 09:00:00
2026-05-06,103154594,2117,0,137.1704652872,-17.1200504149,-17.1200504149,0.3333333,9,3,0.42398234346768352,0.288406433333,-0.31771075012523897,0.1717705087050374,-0.31771075012523897,0.13557591013468352,ELIGIBLE,R03b_20260811_FULL_v1,L1_ELIGIBILITY,v2026-08-11,2026-03-21..2026-08-06,baccarat_bet02_101_all_pairs_incl_sentinel,round_win = game_pnl > 0 (decisive only),COMPATIBILITY_ONLY_NOT_PRODUCTION,658.3342,658.3342,168.1546,40,15,-0.25542438,,-0.25542438,-0.25542438,-168.1546,658.3342,OK,0.0000,6.7262,4.0000,96.0000,AG03-UNRESOLVED,ALL5_LEVELS_bet23_to_bet27,6.7262,6.7262,7.5670,7.5670,7.5670,4.000000,4.000000,4.500000,4.500000,4.500000,96.000000,96.000000,95.500000,95.500000,95.500000,5.0,36.1532,33.1771,132.0014,134.9775,PENDING_AG03,FALSE,NOT_FOR_ENFORCEMENT,161.4284,632.0008,168.1546,161.4284,6.7262,0.25542438,0.24520740,6.7262,161.4284,0.24520740,6.7262,6.7262,7.5670,7.5670,7.5670,161.4284,0.24520740,36.1532,33.1771,132.0014,134.9775,0.20050814,0.20502883,0.01021698,16.4584,43.8889,11.2103,168.1546,56.0515,658.3342,15.0000,,16.4584,6.3019,8.4025,31.5093,42.0124,48.3143,58.8174,8.4025,-6.3019,5.75,7.0,1.95875,3,3,1,5,0E-8,0.25542438,,0E-8,0.000000,1.000000,0.000000,,2026-05-06,2026-05-06,1,3,3,1,1.000000,,,0.000000,,,,,,,,GLOBAL_BASELINE_NO_ENTITY_RANKING,,,NOT_APPLICABLE_GLOBAL_BASELINE,HF9g-P5,,,,X 全窗基线 · 不参与实体赏罚,6873158,688,A168_HF9F_20260827_0900,2026-08-27 09:00:00
2026-05-12,149951704,-1,1,191.1563911355,-19.9558869867,-19.9558869867,0.5000000,8,8,0.50497505000000000,0.504975050000,-0.02437387448103841,-0.02437387448103841,-0.02437387448103841,0E-17,SENTINEL_DEALER,R03b_20260811_FULL_v1,L1_ELIGIBILITY,v2026-08-11,2026-03-21..2026-08-06,baccarat_bet02_101_all_pairs_incl_sentinel,round_win = game_pnl > 0 (decisive only),COMPATIBILITY_ONLY_NOT_PRODUCTION,446.5917,352.4840,168.1546,19,19,-0.37652869,,-0.37652869,-0.37652869,-168.1546,446.5917,THIN_EXPOSURE,0.0000,6.7262,4.0000,96.0000,AG03-UNRESOLVED,ALL5_LEVELS_bet23_to_bet27,6.7262,6.7262,6.7262,10.0893,10.0893,4.000000,4.000000,4.000000,6.000000,6.000000,96.000000,96.000000,96.000000,94.000000,94.000000,5.0,40.3571,36.6993,127.7975,131.4553,PENDING_AG03,FALSE,NOT_FOR_ENFORCEMENT,161.4284,338.3846,168.1546,161.4284,6.7262,0.37652869,0.36146754,6.7262,161.4284,0.36146754,6.7262,6.7262,6.7262,10.0893,10.0893,161.4284,0.36146754,40.3571,36.6993,127.7975,131.4553,0.28616181,0.29435233,0.01506115,23.5048,18.5518,8.8502,168.1546,12.0110,446.5917,19.0000,,23.5048,17.3301,21.0062,31.5093,31.5093,37.286,42.0124,21.0062,-12.1836,1.775,2.0,1.118947,13,12,1,2,0E-8,0.37652869,,0E-8,0.000000,0.789276,0.000000,,2026-05-12,2026-05-12,1,14,13,1,1.000000,,,0.000000,,,,,,,,GLOBAL_BASELINE_NO_ENTITY_RANKING,,,NOT_APPLICABLE_GLOBAL_BASELINE,HF9g-P5,,,,X 全窗基线 · 不参与实体赏罚,6873159,688,A168_HF9F_20260827_0900,2026-08-27 09:00:00
2026-05-12,149951704,1306,0,29.4086755593,-29.4086755593,-29.4086755593,0E-7,1,1,0.50665070000000000,0.506650700000,-1.013391052207602,-1.013391052207602,-1.013391052207602,0E-17,ELIGIBLE,R03b_20260811_FULL_v1,L1_ELIGIBILITY,v2026-08-11,2026-03-21..2026-08-06,baccarat_bet02_101_all_pairs_incl_sentinel,round_win = game_pnl > 0 (decisive only),COMPATIBILITY_ONLY_NOT_PRODUCTION,446.5917,352.4840,168.1546,19,19,-0.37652869,,-0.37652869,-0.37652869,-168.1546,446.5917,THIN_EXPOSURE,0.0000,6.7262,4.0000,96.0000,AG03-UNRESOLVED,ALL5_LEVELS_bet23_to_bet27,6.7262,6.7262,6.7262,10.0893,10.0893,4.000000,4.000000,4.000000,6.000000,6.000000,96.000000,96.000000,96.000000,94.000000,94.000000,5.0,40.3571,36.6993,127.7975,131.4553,PENDING_AG03,FALSE,NOT_FOR_ENFORCEMENT,161.4284,338.3846,168.1546,161.4284,6.7262,0.37652869,0.36146754,6.7262,161.4284,0.36146754,6.7262,6.7262,6.7262,10.0893,10.0893,161.4284,0.36146754,40.3571,36.6993,127.7975,131.4553,0.28616181,0.29435233,0.01506115,23.5048,18.5518,8.8502,168.1546,12.0110,446.5917,19.0000,,23.5048,17.3301,21.0062,31.5093,31.5093,37.286,42.0124,21.0062,-12.1836,1.775,2.0,1.118947,13,12,1,2,0E-8,0.37652869,,0E-8,0.000000,0.789276,0.000000,,2026-05-12,2026-05-12,1,14,13,1,1.000000,,,0.000000,,,,,,,,GLOBAL_BASELINE_NO_ENTITY_RANKING,,,NOT_APPLICABLE_GLOBAL_BASELINE,HF9g-P5,,,,X 全窗基线 · 不参与实体赏罚,6873160,688,A168_HF9F_20260827_0900,2026-08-27 09:00:00
2026-05-12,149951704,1710,0,18.9055771453,0E-10,0E-10,,1,1,0.50665070000000000,0.506650700000,,,,0E-17,NO_DECISIVE_ROUND,R03b_20260811_FULL_v1,L1_ELIGIBILITY,v2026-08-11,2026-03-21..2026-08-06,baccarat_bet02_101_all_pairs_incl_sentinel,round_win = game_pnl > 0 (decisive only),COMPATIBILITY_ONLY_NOT_PRODUCTION,446.5917,352.4840,168.1546,19,19,-0.37652869,,-0.37652869,-0.37652869,-168.1546,446.5917,THIN_EXPOSURE,0.0000,6.7262,4.0000,96.0000,AG03-UNRESOLVED,ALL5_LEVELS_bet23_to_bet27,6.7262,6.7262,6.7262,10.0893,10.0893,4.000000,4.000000,4.000000,6.000000,6.000000,96.000000,96.000000,96.000000,94.000000,94.000000,5.0,40.3571,36.6993,127.7975,131.4553,PENDING_AG03,FALSE,NOT_FOR_ENFORCEMENT,161.4284,338.3846,168.1546,161.4284,6.7262,0.37652869,0.36146754,6.7262,161.4284,0.36146754,6.7262,6.7262,6.7262,10.0893,10.0893,161.4284,0.36146754,40.3571,36.6993,127.7975,131.4553,0.28616181,0.29435233,0.01506115,23.5048,18.5518,8.8502,168.1546,12.0110,446.5917,19.0000,,23.5048,17.3301,21.0062,31.5093,31.5093,37.286,42.0124,21.0062,-12.1836,1.775,2.0,1.118947,13,12,1,2,0E-8,0.37652869,,0E-8,0.000000,0.789276,0.000000,,2026-05-12,2026-05-12,1,14,13,1,1.000000,,,0.000000,,,,,,,,GLOBAL_BASELINE_NO_ENTITY_RANKING,,,NOT_APPLICABLE_GLOBAL_BASELINE,HF9g-P5,,,,X 全窗基线 · 不参与实体赏罚,6873161,688,A168_HF9F_20260827_0900,2026-08-27 09:00:00
2026-05-12,149951704,1940,0,31.5092952421,-31.5092952421,-31.5092952421,0E-7,1,1,0.50665070000000000,0.506650700000,-1.013391052207602,-1.013391052207602,-1.013391052207602,0E-17,ELIGIBLE,R03b_20260811_FULL_v1,L1_ELIGIBILITY,v2026-08-11,2026-03-21..2026-08-06,baccarat_bet02_101_all_pairs_incl_sentinel,round_win = game_pnl > 0 (decisive only),COMPATIBILITY_ONLY_NOT_PRODUCTION,446.5917,352.4840,168.1546,19,19,-0.37652869,,-0.37652869,-0.37652869,-168.1546,446.5917,THIN_EXPOSURE,0.0000,6.7262,4.0000,96.0000,AG03-UNRESOLVED,ALL5_LEVELS_bet23_to_bet27,6.7262,6.7262,6.7262,10.0893,10.0893,4.000000,4.000000,4.000000,6.000000,6.000000,96.000000,96.000000,96.000000,94.000000,94.000000,5.0,40.3571,36.6993,127.7975,131.4553,PENDING_AG03,FALSE,NOT_FOR_ENFORCEMENT,161.4284,338.3846,168.1546,161.4284,6.7262,0.37652869,0.36146754,6.7262,161.4284,0.36146754,6.7262,6.7262,6.7262,10.0893,10.0893,161.4284,0.36146754,40.3571,36.6993,127.7975,131.4553,0.28616181,0.29435233,0.01506115,23.5048,18.5518,8.8502,168.1546,12.0110,446.5917,19.0000,,23.5048,17.3301,21.0062,31.5093,31.5093,37.286,42.0124,21.0062,-12.1836,1.775,2.0,1.118947,13,12,1,2,0E-8,0.37652869,,0E-8,0.000000,0.789276,0.000000,,2026-05-12,2026-05-12,1,14,13,1,1.000000,,,0.000000,,,,,,,,GLOBAL_BASELINE_NO_ENTITY_RANKING,,,NOT_APPLICABLE_GLOBAL_BASELINE,HF9g-P5,,,,X 全窗基线 · 不参与实体赏罚,6873162,688,A168_HF9F_20260827_0900,2026-08-27 09:00:00
2026-05-12,149951704,2209,0,31.5092952421,29.9338304800,29.9338304800,1.0000000,1,1,0.50665070000000000,0.506650700000,0.9867858985152569,0.9867858985152569,0.9867858985152569,0E-17,ELIGIBLE,R03b_20260811_FULL_v1,L1_ELIGIBILITY,v2026-08-11,2026-03-21..2026-08-06,baccarat_bet02_101_all_pairs_incl_sentinel,round_win = game_pnl > 0 (decisive only),COMPATIBILITY_ONLY_NOT_PRODUCTION,446.5917,352.4840,168.1546,19,19,-0.37652869,,-0.37652869,-0.37652869,-168.1546,446.5917,THIN_EXPOSURE,0.0000,6.7262,4.0000,96.0000,AG03-UNRESOLVED,ALL5_LEVELS_bet23_to_bet27,6.7262,6.7262,6.7262,10.0893,10.0893,4.000000,4.000000,4.000000,6.000000,6.000000,96.000000,96.000000,96.000000,94.000000,94.000000,5.0,40.3571,36.6993,127.7975,131.4553,PENDING_AG03,FALSE,NOT_FOR_ENFORCEMENT,161.4284,338.3846,168.1546,161.4284,6.7262,0.37652869,0.36146754,6.7262,161.4284,0.36146754,6.7262,6.7262,6.7262,10.0893,10.0893,161.4284,0.36146754,40.3571,36.6993,127.7975,131.4553,0.28616181,0.29435233,0.01506115,23.5048,18.5518,8.8502,168.1546,12.0110,446.5917,19.0000,,23.5048,17.3301,21.0062,31.5093,31.5093,37.286,42.0124,21.0062,-12.1836,1.775,2.0,1.118947,13,12,1,2,0E-8,0.37652869,,0E-8,0.000000,0.789276,0.000000,,2026-05-12,2026-05-12,1,14,13,1,1.000000,,,0.000000,,,,,,,,GLOBAL_BASELINE_NO_ENTITY_RANKING,,,NOT_APPLICABLE_GLOBAL_BASELINE,HF9g-P5,,,,X 全窗基线 · 不参与实体赏罚,6873163,688,A168_HF9F_20260827_0900,2026-08-27 09:00:00
2026-05-12,149951704,2216,0,12.1835941603,0E-10,0E-10,,1,1,0.50665070000000000,0.506650700000,,,,0E-17,NO_DECISIVE_ROUND,R03b_20260811_FULL_v1,L1_ELIGIBILITY,v2026-08-11,2026-03-21..2026-08-06,baccarat_bet02_101_all_pairs_incl_sentinel,round_win = game_pnl > 0 (decisive only),COMPATIBILITY_ONLY_NOT_PRODUCTION,446.5917,352.4840,168.1546,19,19,-0.37652869,,-0.37652869,-0.37652869,-168.1546,446.5917,THIN_EXPOSURE,0.0000,6.7262,4.0000,96.0000,AG03-UNRESOLVED,ALL5_LEVELS_bet23_to_bet27,6.7262,6.7262,6.7262,10.0893,10.0893,4.000000,4.000000,4.000000,6.000000,6.000000,96.000000,96.000000,96.000000,94.000000,94.000000,5.0,40.3571,36.6993,127.7975,131.4553,PENDING_AG03,FALSE,NOT_FOR_ENFORCEMENT,161.4284,338.3846,168.1546,161.4284,6.7262,0.37652869,0.36146754,6.7262,161.4284,0.36146754,6.7262,6.7262,6.7262,10.0893,10.0893,161.4284,0.36146754,40.3571,36.6993,127.7975,131.4553,0.28616181,0.29435233,0.01506115,23.5048,18.5518,8.8502,168.1546,12.0110,446.5917,19.0000,,23.5048,17.3301,21.0062,31.5093,31.5093,37.286,42.0124,21.0062,-12.1836,1.775,2.0,1.118947,13,12,1,2,0E-8,0.37652869,,0E-8,0.000000,0.789276,0.000000,,2026-05-12,2026-05-12,1,14,13,1,1.000000,,,0.000000,,,,,,,,GLOBAL_BASELINE_NO_ENTITY_RANKING,,,NOT_APPLICABLE_GLOBAL_BASELINE,HF9g-P5,,,,X 全窗基线 · 不参与实体赏罚,6873164,688,A168_HF9F_20260827_0900,2026-08-27 09:00:00
2026-05-12,149951704,2256,0,12.1835941603,-12.1835941603,-12.1835941603,0E-7,1,1,0.50665070000000000,0.506650700000,-1.013391052207602,-1.013391052207602,-1.013391052207602,0E-17,ELIGIBLE,R03b_20260811_FULL_v1,L1_ELIGIBILITY,v2026-08-11,2026-03-21..2026-08-06,baccarat_bet02_101_all_pairs_incl_sentinel,round_win = game_pnl > 0 (decisive only),COMPATIBILITY_ONLY_NOT_PRODUCTION,446.5917,352.4840,168.1546,19,19,-0.37652869,,-0.37652869,-0.37652869,-168.1546,446.5917,THIN_EXPOSURE,0.0000,6.7262,4.0000,96.0000,AG03-UNRESOLVED,ALL5_LEVELS_bet23_to_bet27,6.7262,6.7262,6.7262,10.0893,10.0893,4.000000,4.000000,4.000000,6.000000,6.000000,96.000000,96.000000,96.000000,94.000000,94.000000,5.0,40.3571,36.6993,127.7975,131.4553,PENDING_AG03,FALSE,NOT_FOR_ENFORCEMENT,161.4284,338.3846,168.1546,161.4284,6.7262,0.37652869,0.36146754,6.7262,161.4284,0.36146754,6.7262,6.7262,6.7262,10.0893,10.0893,161.4284,0.36146754,40.3571,36.6993,127.7975,131.4553,0.28616181,0.29435233,0.01506115,23.5048,18.5518,8.8502,168.1546,12.0110,446.5917,19.0000,,23.5048,17.3301,21.0062,31.5093,31.5093,37.286,42.0124,21.0062,-12.1836,1.775,2.0,1.118947,13,12,1,2,0E-8,0.37652869,,0E-8,0.000000,0.789276,0.000000,,2026-05-12,2026-05-12,1,14,13,1,1.000000,,,0.000000,,,,,,,,GLOBAL_BASELINE_NO_ENTITY_RANKING,,,NOT_APPLICABLE_GLOBAL_BASELINE,HF9g-P5,,,,X 全窗基线 · 不参与实体赏罚,6873165,688,A168_HF9F_20260827_0900,2026-08-27 09:00:00
2026-05-12,149951704,2258,0,31.5092952421,-31.5092952421,-31.5092952421,0E-7,1,1,0.50665070000000000,0.506650700000,-1.013391052207602,-1.013391052207602,-1.013391052207602,0E-17,ELIGIBLE,R03b_20260811_FULL_v1,L1_ELIGIBILITY,v2026-08-11,2026-03-21..2026-08-06,baccarat_bet02_101_all_pairs_incl_sentinel,round_win = game_pnl > 0 (decisive only),COMPATIBILITY_ONLY_NOT_PRODUCTION,446.5917,352.4840,168.1546,19,19,-0.37652869,,-0.37652869,-0.37652869,-168.1546,446.5917,THIN_EXPOSURE,0.0000,6.7262,4.0000,96.0000,AG03-UNRESOLVED,ALL5_LEVELS_bet23_to_bet27,6.7262,6.7262,6.7262,10.0893,10.0893,4.000000,4.000000,4.000000,6.000000,6.000000,96.000000,96.000000,96.000000,94.000000,94.000000,5.0,40.3571,36.6993,127.7975,131.4553,PENDING_AG03,FALSE,NOT_FOR_ENFORCEMENT,161.4284,338.3846,168.1546,161.4284,6.7262,0.37652869,0.36146754,6.7262,161.4284,0.36146754,6.7262,6.7262,6.7262,10.0893,10.0893,161.4284,0.36146754,40.3571,36.6993,127.7975,131.4553,0.28616181,0.29435233,0.01506115,23.5048,18.5518,8.8502,168.1546,12.0110,446.5917,19.0000,,23.5048,17.3301,21.0062,31.5093,31.5093,37.286,42.0124,21.0062,-12.1836,1.775,2.0,1.118947,13,12,1,2,0E-8,0.37652869,,0E-8,0.000000,0.789276,0.000000,,2026-05-12,2026-05-12,1,14,13,1,1.000000,,,0.000000,,,,,,,,GLOBAL_BASELINE_NO_ENTITY_RANKING,,,NOT_APPLICABLE_GLOBAL_BASELINE,HF9g-P5,,,,X 全窗基线 · 不参与实体赏罚,6873166,688,A168_HF9F_20260827_0900,2026-08-27 09:00:00
2026-05-12,149951704,583,0,31.5092952421,-31.5092952421,-31.5092952421,0E-7,1,1,0.50665070000000000,0.506650700000,-1.013391052207602,-1.013391052207602,-1.013391052207602,0E-17,ELIGIBLE,R03b_20260811_FULL_v1,L1_ELIGIBILITY,v2026-08-11,2026-03-21..2026-08-06,baccarat_bet02_101_all_pairs_incl_sentinel,round_win = game_pnl > 0 (decisive only),COMPATIBILITY_ONLY_NOT_PRODUCTION,446.5917,352.4840,168.1546,19,19,-0.37652869,,-0.37652869,-0.37652869,-168.1546,446.5917,THIN_EXPOSURE,0.0000,6.7262,4.0000,96.0000,AG03-UNRESOLVED,ALL5_LEVELS_bet23_to_bet27,6.7262,6.7262,6.7262,10.0893,10.0893,4.000000,4.000000,4.000000,6.000000,6.000000,96.000000,96.000000,96.000000,94.000000,94.000000,5.0,40.3571,36.6993,127.7975,131.4553,PENDING_AG03,FALSE,NOT_FOR_ENFORCEMENT,161.4284,338.3846,168.1546,161.4284,6.7262,0.37652869,0.36146754,6.7262,161.4284,0.36146754,6.7262,6.7262,6.7262,10.0893,10.0893,161.4284,0.36146754,40.3571,36.6993,127.7975,131.4553,0.28616181,0.29435233,0.01506115,23.5048,18.5518,8.8502,168.1546,12.0110,446.5917,19.0000,,23.5048,17.3301,21.0062,31.5093,31.5093,37.286,42.0124,21.0062,-12.1836,1.775,2.0,1.118947,13,12,1,2,0E-8,0.37652869,,0E-8,0.000000,0.789276,0.000000,,2026-05-12,2026-05-12,1,14,13,1,1.000000,,,0.000000,,,,,,,,GLOBAL_BASELINE_NO_ENTITY_RANKING,,,NOT_APPLICABLE_GLOBAL_BASELINE,HF9g-P5,,,,X 全窗基线 · 不参与实体赏罚,6873167,688,A168_HF9F_20260827_0900,2026-08-27 09:00:00
2026-05-12,149951704,752,0,14.7043377796,0E-10,0E-10,,1,1,0.49324550000000000,0.493245500000,,,,0E-17,NO_DECISIVE_ROUND,R03b_20260811_FULL_v1,L1_ELIGIBILITY,v2026-08-11,2026-03-21..2026-08-06,baccarat_bet02_101_all_pairs_incl_sentinel,round_win = game_pnl > 0 (decisive only),COMPATIBILITY_ONLY_NOT_PRODUCTION,446.5917,352.4840,168.1546,19,19,-0.37652869,,-0.37652869,-0.37652869,-168.1546,446.5917,THIN_EXPOSURE,0.0000,6.7262,4.0000,96.0000,AG03-UNRESOLVED,ALL5_LEVELS_bet23_to_bet27,6.7262,6.7262,6.7262,10.0893,10.0893,4.000000,4.000000,4.000000,6.000000,6.000000,96.000000,96.000000,96.000000,94.000000,94.000000,5.0,40.3571,36.6993,127.7975,131.4553,PENDING_AG03,FALSE,NOT_FOR_ENFORCEMENT,161.4284,338.3846,168.1546,161.4284,6.7262,0.37652869,0.36146754,6.7262,161.4284,0.36146754,6.7262,6.7262,6.7262,10.0893,10.0893,161.4284,0.36146754,40.3571,36.6993,127.7975,131.4553,0.28616181,0.29435233,0.01506115,23.5048,18.5518,8.8502,168.1546,12.0110,446.5917,19.0000,,23.5048,17.3301,21.0062,31.5093,31.5093,37.286,42.0124,21.0062,-12.1836,1.775,2.0,1.118947,13,12,1,2,0E-8,0.37652869,,0E-8,0.000000,0.789276,0.000000,,2026-05-12,2026-05-12,1,14,13,1,1.000000,,,0.000000,,,,,,,,GLOBAL_BASELINE_NO_ENTITY_RANKING,,,NOT_APPLICABLE_GLOBAL_BASELINE,HF9g-P5,,,,X 全窗基线 · 不参与实体赏罚,6873168,688,A168_HF9F_20260827_0900,2026-08-27 09:00:00
2026-05-12,149951704,772,0,21.0061968281,-21.0061968281,-21.0061968281,0E-7,1,1,0.49324550000000000,0.493245500000,-0.9865810262130424,-0.9865810262130424,-0.9865810262130424,0E-17,ELIGIBLE,R03b_20260811_FULL_v1,L1_ELIGIBILITY,v2026-08-11,2026-03-21..2026-08-06,baccarat_bet02_101_all_pairs_incl_sentinel,round_win = game_pnl > 0 (decisive only),COMPATIBILITY_ONLY_NOT_PRODUCTION,446.5917,352.4840,168.1546,19,19,-0.37652869,,-0.37652869,-0.37652869,-168.1546,446.5917,THIN_EXPOSURE,0.0000,6.7262,4.0000,96.0000,AG03-UNRESOLVED,ALL5_LEVELS_bet23_to_bet27,6.7262,6.7262,6.7262,10.0893,10.0893,4.000000,4.000000,4.000000,6.000000,6.000000,96.000000,96.000000,96.000000,94.000000,94.000000,5.0,40.3571,36.6993,127.7975,131.4553,PENDING_AG03,FALSE,NOT_FOR_ENFORCEMENT,161.4284,338.3846,168.1546,161.4284,6.7262,0.37652869,0.36146754,6.7262,161.4284,0.36146754,6.7262,6.7262,6.7262,10.0893,10.0893,161.4284,0.36146754,40.3571,36.6993,127.7975,131.4553,0.28616181,0.29435233,0.01506115,23.5048,18.5518,8.8502,168.1546,12.0110,446.5917,19.0000,,23.5048,17.3301,21.0062,31.5093,31.5093,37.286,42.0124,21.0062,-12.1836,1.775,2.0,1.118947,13,12,1,2,0E-8,0.37652869,,0E-8,0.000000,0.789276,0.000000,,2026-05-12,2026-05-12,1,14,13,1,1.000000,,,0.000000,,,,,,,,GLOBAL_BASELINE_NO_ENTITY_RANKING,,,NOT_APPLICABLE_GLOBAL_BASELINE,HF9g-P5,,,,X 全窗基线 · 不参与实体赏罚,6873169,688,A168_HF9F_20260827_0900,2026-08-27 09:00:00
2026-05-12,149951704,948,0,21.0061968281,-21.0061968281,-21.0061968281,0E-7,1,1,0.50665070000000000,0.506650700000,-1.013391052207602,-1.013391052207602,-1.013391052207602,0E-17,ELIGIBLE,R03b_20260811_FULL_v1,L1_ELIGIBILITY,v2026-08-11,2026-03-21..2026-08-06,baccarat_bet02_101_all_pairs_incl_sentinel,round_win = game_pnl > 0 (decisive only),COMPATIBILITY_ONLY_NOT_PRODUCTION,446.5917,352.4840,168.1546,19,19,-0.37652869,,-0.37652869,-0.37652869,-168.1546,446.5917,THIN_EXPOSURE,0.0000,6.7262,4.0000,96.0000,AG03-UNRESOLVED,ALL5_LEVELS_bet23_to_bet27,6.7262,6.7262,6.7262,10.0893,10.0893,4.000000,4.000000,4.000000,6.000000,6.000000,96.000000,96.000000,96.000000,94.000000,94.000000,5.0,40.3571,36.6993,127.7975,131.4553,PENDING_AG03,FALSE,NOT_FOR_ENFORCEMENT,161.4284,338.3846,168.1546,161.4284,6.7262,0.37652869,0.36146754,6.7262,161.4284,0.36146754,6.7262,6.7262,6.7262,10.0893,10.0893,161.4284,0.36146754,40.3571,36.6993,127.7975,131.4553,0.28616181,0.29435233,0.01506115,23.5048,18.5518,8.8502,168.1546,12.0110,446.5917,19.0000,,23.5048,17.3301,21.0062,31.5093,31.5093,37.286,42.0124,21.0062,-12.1836,1.775,2.0,1.118947,13,12,1,2,0E-8,0.37652869,,0E-8,0.000000,0.789276,0.000000,,2026-05-12,2026-05-12,1,14,13,1,1.000000,,,0.000000,,,,,,,,GLOBAL_BASELINE_NO_ENTITY_RANKING,,,NOT_APPLICABLE_GLOBAL_BASELINE,HF9g-P5,,,,X 全窗基线 · 不参与实体赏罚,6873170,688,A168_HF9F_20260827_0900,2026-08-27 09:00:00
2026-06-02,150883867,1210,0,39.6019235220,-39.6019235220,-39.6019235220,0E-7,1,1,0.49324550000000000,0.493245500000,-0.9865810262130424,-0.9865810262130424,-0.9865810262130424,0E-17,ELIGIBLE,R03b_20260811_FULL_v1,L1_ELIGIBILITY,v2026-08-11,2026-03-21..2026-08-06,baccarat_bet02_101_all_pairs_incl_sentinel,round_win = game_pnl > 0 (decisive only),COMPATIBILITY_ONLY_NOT_PRODUCTION,358.2174,358.2174,168.1667,9,8,-0.46945441,,-0.46945441,-0.46945441,-168.1667,358.2174,THIN_EXPOSURE,0.0000,6.7267,4.0000,96.0000,AG03-UNRESOLVED,ALL5_LEVELS_bet23_to_bet27,6.7267,6.7267,6.7267,8.4083,8.4083,4.000000,4.000000,4.000000,5.000000,5.000000,96.000000,96.000000,96.000000,95.000000,95.000000,5.0,36.9967,33.8899,131.1701,134.2768,PENDING_AG03,FALSE,NOT_FOR_ENFORCEMENT,161.4401,343.8887,168.1667,161.4401,6.7267,0.46945441,0.45067624,6.7267,161.4401,0.45067624,6.7267,6.7267,6.7267,8.4083,8.4083,161.4401,0.45067624,36.9967,33.8899,131.1701,134.2768,0.36617444,0.37484726,0.01877818,39.8019,44.7772,21.0208,84.0834,33.6333,179.1087,4.0000,,39.8019,18.4509,38.5733,64.2888,79.7181,90.0044,90.0044,38.5733,-25.7155,2.333333,2.333333,1.031852,4,5,1,3,0E-8,0.46945441,,0E-8,0.000000,1.000000,0.000000,,2026-06-02,2026-06-07,2,5,5,6,0.333333,,,0.000000,,,,,,,,GLOBAL_BASELINE_NO_ENTITY_RANKING,,,NOT_APPLICABLE_GLOBAL_BASELINE,HF9g-P5,,,,X 全窗基线 · 不参与实体赏罚,6873171,688,A168_HF9F_20260827_0900,2026-08-27 09:00:00
2026-06-02,150883867,1994,0,20.3152724561,19.2995088333,19.2995088333,1.0000000,1,1,0.50665070000000000,0.506650700000,0.9867858985152569,0.9867858985152569,0.9867858985152569,0E-17,ELIGIBLE,R03b_20260811_FULL_v1,L1_ELIGIBILITY,v2026-08-11,2026-03-21..2026-08-06,baccarat_bet02_101_all_pairs_incl_sentinel,round_win = game_pnl > 0 (decisive only),COMPATIBILITY_ONLY_NOT_PRODUCTION,358.2174,358.2174,168.1667,9,8,-0.46945441,,-0.46945441,-0.46945441,-168.1667,358.2174,THIN_EXPOSURE,0.0000,6.7267,4.0000,96.0000,AG03-UNRESOLVED,ALL5_LEVELS_bet23_to_bet27,6.7267,6.7267,6.7267,8.4083,8.4083,4.000000,4.000000,4.000000,5.000000,5.000000,96.000000,96.000000,96.000000,95.000000,95.000000,5.0,36.9967,33.8899,131.1701,134.2768,PENDING_AG03,FALSE,NOT_FOR_ENFORCEMENT,161.4401,343.8887,168.1667,161.4401,6.7267,0.46945441,0.45067624,6.7267,161.4401,0.45067624,6.7267,6.7267,6.7267,8.4083,8.4083,161.4401,0.45067624,36.9967,33.8899,131.1701,134.2768,0.36617444,0.37484726,0.01877818,39.8019,44.7772,21.0208,84.0834,33.6333,179.1087,4.0000,,39.8019,18.4509,38.5733,64.2888,79.7181,90.0044,90.0044,38.5733,-25.7155,2.333333,2.333333,1.031852,4,5,1,3,0E-8,0.46945441,,0E-8,0.000000,1.000000,0.000000,,2026-06-02,2026-06-07,2,5,5,6,0.333333,,,0.000000,,,,,,,,GLOBAL_BASELINE_NO_ENTITY_RANKING,,,NOT_APPLICABLE_GLOBAL_BASELINE,HF9g-P5,,,,X 全窗基线 · 不参与实体赏罚,6873172,688,A168_HF9F_20260827_0900,2026-08-27 09:00:00
2026-06-07,150883867,1318,0,218.5820454137,-93.2188134853,-93.2188134853,0.3333333,3,3,0.50218230000000000,0.502182300000,-0.5849155494134425,-0.5849155494134426,-0.5849155494134425,0E-17,ELIGIBLE,R03b_20260811_FULL_v1,L1_ELIGIBILITY,v2026-08-11,2026-03-21..2026-08-06,baccarat_bet02_101_all_pairs_incl_sentinel,round_win = game_pnl > 0 (decisive only),COMPATIBILITY_ONLY_NOT_PRODUCTION,358.2174,358.2174,168.1667,9,8,-0.46945441,,-0.46945441,-0.46945441,-168.1667,358.2174,THIN_EXPOSURE,0.0000,6.7267,4.0000,96.0000,AG03-UNRESOLVED,ALL5_LEVELS_bet23_to_bet27,6.7267,6.7267,6.7267,8.4083,8.4083,4.000000,4.000000,4.000000,5.000000,5.000000,96.000000,96.000000,96.000000,95.000000,95.000000,5.0,36.9967,33.8899,131.1701,134.2768,PENDING_AG03,FALSE,NOT_FOR_ENFORCEMENT,161.4401,343.8887,168.1667,161.4401,6.7267,0.46945441,0.45067624,6.7267,161.4401,0.45067624,6.7267,6.7267,6.7267,8.4083,8.4083,161.4401,0.45067624,36.9967,33.8899,131.1701,134.2768,0.36617444,0.37484726,0.01877818,39.8019,44.7772,21.0208,84.0834,33.6333,179.1087,4.0000,,39.8019,18.4509,38.5733,64.2888,79.7181,90.0044,90.0044,38.5733,-25.7155,2.333333,2.333333,1.031852,4,5,1,3,0E-8,0.46945441,,0E-8,0.000000,1.000000,0.000000,,2026-06-02,2026-06-07,2,5,5,6,0.333333,,,0.000000,,,,,,,,GLOBAL_BASELINE_NO_ENTITY_RANKING,,,NOT_APPLICABLE_GLOBAL_BASELINE,HF9g-P5,,,,X 全窗基线 · 不参与实体赏罚,6873173,688,A168_HF9F_20260827_0900,2026-08-27 09:00:00
2026-06-07,150883867,1331,0,41.1448556073,-41.1448556073,-41.1448556073,0E-7,2,1,0.46708554999955494,0.283965900000,-0.9362017914127247,-0.6297471965178028,-0.9362017914127247,0.18311964999955494,ELIGIBLE,R03b_20260811_FULL_v1,L1_ELIGIBILITY,v2026-08-11,2026-03-21..2026-08-06,baccarat_bet02_101_all_pairs_incl_sentinel,round_win = game_pnl > 0 (decisive only),COMPATIBILITY_ONLY_NOT_PRODUCTION,358.2174,358.2174,168.1667,9,8,-0.46945441,,-0.46945441,-0.46945441,-168.1667,358.2174,THIN_EXPOSURE,0.0000,6.7267,4.0000,96.0000,AG03-UNRESOLVED,ALL5_LEVELS_bet23_to_bet27,6.7267,6.7267,6.7267,8.4083,8.4083,4.000000,4.000000,4.000000,5.000000,5.000000,96.000000,96.000000,96.000000,95.000000,95.000000,5.0,36.9967,33.8899,131.1701,134.2768,PENDING_AG03,FALSE,NOT_FOR_ENFORCEMENT,161.4401,343.8887,168.1667,161.4401,6.7267,0.46945441,0.45067624,6.7267,161.4401,0.45067624,6.7267,6.7267,6.7267,8.4083,8.4083,161.4401,0.45067624,36.9967,33.8899,131.1701,134.2768,0.36617444,0.37484726,0.01877818,39.8019,44.7772,21.0208,84.0834,33.6333,179.1087,4.0000,,39.8019,18.4509,38.5733,64.2888,79.7181,90.0044,90.0044,38.5733,-25.7155,2.333333,2.333333,1.031852,4,5,1,3,0E-8,0.46945441,,0E-8,0.000000,1.000000,0.000000,,2026-06-02,2026-06-07,2,5,5,6,0.333333,,,0.000000,,,,,,,,GLOBAL_BASELINE_NO_ENTITY_RANKING,,,NOT_APPLICABLE_GLOBAL_BASELINE,HF9g-P5,,,,X 全窗基线 · 不参与实体赏罚,6873174,688,A168_HF9F_20260827_0900,2026-08-27 09:00:00
2026-06-07,150883867,1385,0,38.5733021318,-13.5006557461,-13.5006557461,0.5000000,2,2,0.49994810000000000,0.499948100000,0.00014679536856514622,0.00014679536856514622,0.00014679536856514622,0E-17,ELIGIBLE,R03b_20260811_FULL_v1,L1_ELIGIBILITY,v2026-08-11,2026-03-21..2026-08-06,baccarat_bet02_101_all_pairs_incl_sentinel,round_win = game_pnl > 0 (decisive only),COMPATIBILITY_ONLY_NOT_PRODUCTION,358.2174,358.2174,168.1667,9,8,-0.46945441,,-0.46945441,-0.46945441,-168.1667,358.2174,THIN_EXPOSURE,0.0000,6.7267,4.0000,96.0000,AG03-UNRESOLVED,ALL5_LEVELS_bet23_to_bet27,6.7267,6.7267,6.7267,8.4083,8.4083,4.000000,4.000000,4.000000,5.000000,5.000000,96.000000,96.000000,96.000000,95.000000,95.000000,5.0,36.9967,33.8899,131.1701,134.2768,PENDING_AG03,FALSE,NOT_FOR_ENFORCEMENT,161.4401,343.8887,168.1667,161.4401,6.7267,0.46945441,0.45067624,6.7267,161.4401,0.45067624,6.7267,6.7267,6.7267,8.4083,8.4083,161.4401,0.45067624,36.9967,33.8899,131.1701,134.2768,0.36617444,0.37484726,0.01877818,39.8019,44.7772,21.0208,84.0834,33.6333,179.1087,4.0000,,39.8019,18.4509,38.5733,64.2888,79.7181,90.0044,90.0044,38.5733,-25.7155,2.333333,2.333333,1.031852,4,5,1,3,0E-8,0.46945441,,0E-8,0.000000,1.000000,0.000000,,2026-06-02,2026-06-07,2,5,5,6,0.333333,,,0.000000,,,,,,,,GLOBAL_BASELINE_NO_ENTITY_RANKING,,,NOT_APPLICABLE_GLOBAL_BASELINE,HF9g-P5,,,,X 全窗基线 · 不参与实体赏罚,6873175,688,A168_HF9F_20260827_0900,2026-08-27 09:00:00
2026-06-01,150855333,2147,0,168.1725001898,-168.1725001898,-168.1725001898,0E-7,1,1,0.50665070000000000,0.506650700000,-1.013391052207602,-1.013391052207602,-1.013391052207602,0E-17,ELIGIBLE,R03b_20260811_FULL_v1,L1_ELIGIBILITY,v2026-08-11,2026-03-21..2026-08-06,baccarat_bet02_101_all_pairs_incl_sentinel,round_win = game_pnl > 0 (decisive only),COMPATIBILITY_ONLY_NOT_PRODUCTION,168.1725,168.1725,168.1725,1,1,-1.00000000,,-1.00000000,-1.00000000,-168.1725,168.1725,THIN_EXPOSURE,0.0000,6.7269,4.0000,96.0000,AG03-UNRESOLVED,ALL5_LEVELS_bet23_to_bet27,6.7269,6.7269,8.4086,10.0904,10.0904,4.000000,4.000000,5.000000,6.000000,6.000000,96.000000,96.000000,95.000000,94.000000,94.000000,5.0,42.0431,38.0727,126.1294,130.0998,PENDING_AG03,FALSE,NOT_FOR_ENFORCEMENT,161.4456,161.4456,168.1725,161.4456,6.7269,1.00000000,0.96000000,6.7269,161.4456,0.96000000,6.7269,6.7269,8.4086,10.0904,10.0904,161.4456,0.96000000,42.0431,38.0727,126.1294,130.0998,0.75000000,0.77360947,0.04000000,168.1725,168.1725,168.1725,168.1725,168.1725,168.1725,1.0000,,168.1725,168.1725,168.1725,168.1725,168.1725,168.1725,168.1725,168.1725,-168.1725,1.0,1.0,1.0,1,1,1,1,0E-8,1.00000000,,0E-8,0.000000,1.000000,0.000000,,2026-06-01,2026-06-01,1,1,1,1,1.000000,,,0.000000,,,,,,,,GLOBAL_BASELINE_NO_ENTITY_RANKING,,,NOT_APPLICABLE_GLOBAL_BASELINE,HF9g-P5,,,,X 全窗基线 · 不参与实体赏罚,6873176,688,A168_HF9F_20260827_0900,2026-08-27 09:00:00
2026-04-09,124111690,1942,0,189.7413193347,-63.2471064449,-63.2471064449,0.2000000,9,5,0.39701663333328847,0.354686590000,-0.9003904466211468,-0.7229860844408444,-0.9003904466211468,0.04233004333328847,ELIGIBLE,R03b_20260811_FULL_v1,L1_ELIGIBILITY,v2026-08-11,2026-03-21..2026-08-06,baccarat_bet02_101_all_pairs_incl_sentinel,round_win = game_pnl > 0 (decisive only),COMPATIBILITY_ONLY_NOT_PRODUCTION,357.1607,357.1607,168.1731,20,12,-0.47086103,,-0.47086103,-0.47086103,-168.1731,357.1607,THIN_EXPOSURE,0.0000,6.7269,4.0000,96.0000,AG03-UNRESOLVED,ALL5_LEVELS_bet23_to_bet27,6.7269,6.7269,8.4087,0.0000,0.0000,4.000000,4.000000,5.000000,0.000000,0.000000,96.000000,96.000000,95.000000,100.000000,100.000000,5.0,21.8625,20.9342,146.3106,147.2389,PENDING_AG03,FALSE,NOT_FOR_ENFORCEMENT,161.4461,342.8743,168.1731,161.4461,6.7269,0.47086103,0.45202659,6.7269,161.4461,0.45202659,6.7269,6.7269,8.4087,0.0000,0.0000,161.4461,0.45202659,21.8625,20.9342,146.3106,147.2389,0.40964910,0.41224825,0.01883444,17.8580,29.7634,14.0144,84.0865,42.0433,178.5804,6.0000,,17.8580,10.5031,10.5412,21.0443,36.8941,42.1647,42.1647,10.5412,-10.5412,4.0,4.0,1.69412,3,4,2,6,0E-8,0.47086103,,0E-8,0.000000,1.000000,0.000000,,2026-04-09,2026-05-02,2,4,4,24,0.083333,,,0.000000,,,,,,,,GLOBAL_BASELINE_NO_ENTITY_RANKING,,,NOT_APPLICABLE_GLOBAL_BASELINE,HF9g-P5,,,,X 全窗基线 · 不参与实体赏罚,6873177,688,A168_HF9F_20260827_0900,2026-08-27 09:00:00
2026-05-02,124111690,-1,1,31.5092952421,-31.5092952421,-31.5092952421,0E-7,2,1,0.35373380000044276,0.283977950000,-0.7398310570188782,-0.629765857060584,-0.7398310570188782,0.06975585000044276,SENTINEL_DEALER,R03b_20260811_FULL_v1,L1_ELIGIBILITY,v2026-08-11,2026-03-21..2026-08-06,baccarat_bet02_101_all_pairs_incl_sentinel,round_win = game_pnl > 0 (decisive only),COMPATIBILITY_ONLY_NOT_PRODUCTION,357.1607,357.1607,168.1731,20,12,-0.47086103,,-0.47086103,-0.47086103,-168.1731,357.1607,THIN_EXPOSURE,0.0000,6.7269,4.0000,96.0000,AG03-UNRESOLVED,ALL5_LEVELS_bet23_to_bet27,6.7269,6.7269,8.4087,0.0000,0.0000,4.000000,4.000000,5.000000,0.000000,0.000000,96.000000,96.000000,95.000000,100.000000,100.000000,5.0,21.8625,20.9342,146.3106,147.2389,PENDING_AG03,FALSE,NOT_FOR_ENFORCEMENT,161.4461,342.8743,168.1731,161.4461,6.7269,0.47086103,0.45202659,6.7269,161.4461,0.45202659,6.7269,6.7269,8.4087,0.0000,0.0000,161.4461,0.45202659,21.8625,20.9342,146.3106,147.2389,0.40964910,0.41224825,0.01883444,17.8580,29.7634,14.0144,84.0865,42.0433,178.5804,6.0000,,17.8580,10.5031,10.5412,21.0443,36.8941,42.1647,42.1647,10.5412,-10.5412,4.0,4.0,1.69412,3,4,2,6,0E-8,0.47086103,,0E-8,0.000000,1.000000,0.000000,,2026-04-09,2026-05-02,2,4,4,24,0.083333,,,0.000000,,,,,,,,GLOBAL_BASELINE_NO_ENTITY_RANKING,,,NOT_APPLICABLE_GLOBAL_BASELINE,HF9g-P5,,,,X 全窗基线 · 不参与实体赏罚,6873178,688,A168_HF9F_20260827_0900,2026-08-27 09:00:00
2026-05-02,124111690,1299,0,52.5154920701,-10.5030984141,-10.5030984141,0.5000000,4,3,0.42348563333333333,0.423485633333,0.21899468653973367,0.21899468654071055,0.21899468653973367,3.3333E-13,ELIGIBLE,R03b_20260811_FULL_v1,L1_ELIGIBILITY,v2026-08-11,2026-03-21..2026-08-06,baccarat_bet02_101_all_pairs_incl_sentinel,round_win = game_pnl > 0 (decisive only),COMPATIBILITY_ONLY_NOT_PRODUCTION,357.1607,357.1607,168.1731,20,12,-0.47086103,,-0.47086103,-0.47086103,-168.1731,357.1607,THIN_EXPOSURE,0.0000,6.7269,4.0000,96.0000,AG03-UNRESOLVED,ALL5_LEVELS_bet23_to_bet27,6.7269,6.7269,8.4087,0.0000,0.0000,4.000000,4.000000,5.000000,0.000000,0.000000,96.000000,96.000000,95.000000,100.000000,100.000000,5.0,21.8625,20.9342,146.3106,147.2389,PENDING_AG03,FALSE,NOT_FOR_ENFORCEMENT,161.4461,342.8743,168.1731,161.4461,6.7269,0.47086103,0.45202659,6.7269,161.4461,0.45202659,6.7269,6.7269,8.4087,0.0000,0.0000,161.4461,0.45202659,21.8625,20.9342,146.3106,147.2389,0.40964910,0.41224825,0.01883444,17.8580,29.7634,14.0144,84.0865,42.0433,178.5804,6.0000,,17.8580,10.5031,10.5412,21.0443,36.8941,42.1647,42.1647,10.5412,-10.5412,4.0,4.0,1.69412,3,4,2,6,0E-8,0.47086103,,0E-8,0.000000,1.000000,0.000000,,2026-04-09,2026-05-02,2,4,4,24,0.083333,,,0.000000,,,,,,,,GLOBAL_BASELINE_NO_ENTITY_RANKING,,,NOT_APPLICABLE_GLOBAL_BASELINE,HF9g-P5,,,,X 全窗基线 · 不参与实体赏罚,6873179,688,A168_HF9F_20260827_0900,2026-08-27 09:00:00
2026-05-02,124111690,2134,0,83.3946014074,-62.9135595001,-62.9135595001,0E-7,5,3,0.39478115016932454,0.360432383333,-1.3988869168099234,-1.3002572864996143,-1.3988869168099234,0.03434876683632454,ELIGIBLE,R03b_20260811_FULL_v1,L1_ELIGIBILITY,v2026-08-11,2026-03-21..2026-08-06,baccarat_bet02_101_all_pairs_incl_sentinel,round_win = game_pnl > 0 (decisive only),COMPATIBILITY_ONLY_NOT_PRODUCTION,357.1607,357.1607,168.1731,20,12,-0.47086103,,-0.47086103,-0.47086103,-168.1731,357.1607,THIN_EXPOSURE,0.0000,6.7269,4.0000,96.0000,AG03-UNRESOLVED,ALL5_LEVELS_bet23_to_bet27,6.7269,6.7269,8.4087,0.0000,0.0000,4.000000,4.000000,5.000000,0.000000,0.000000,96.000000,96.000000,95.000000,100.000000,100.000000,5.0,21.8625,20.9342,146.3106,147.2389,PENDING_AG03,FALSE,NOT_FOR_ENFORCEMENT,161.4461,342.8743,168.1731,161.4461,6.7269,0.47086103,0.45202659,6.7269,161.4461,0.45202659,6.7269,6.7269,8.4087,0.0000,0.0000,161.4461,0.45202659,21.8625,20.9342,146.3106,147.2389,0.40964910,0.41224825,0.01883444,17.8580,29.7634,14.0144,84.0865,42.0433,178.5804,6.0000,,17.8580,10.5031,10.5412,21.0443,36.8941,42.1647,42.1647,10.5412,-10.5412,4.0,4.0,1.69412,3,4,2,6,0E-8,0.47086103,,0E-8,0.000000,1.000000,0.000000,,2026-04-09,2026-05-02,2,4,4,24,0.083333,,,0.000000,,,,,,,,GLOBAL_BASELINE_NO_ENTITY_RANKING,,,NOT_APPLICABLE_GLOBAL_BASELINE,HF9g-P5,,,,X 全窗基线 · 不参与实体赏罚,6873180,688,A168_HF9F_20260827_0900,2026-08-27 09:00:00
2026-04-24,129341032,2234,0,26.1759547680,-26.1759547680,-26.1759547680,0E-7,1,1,0.49324550000000000,0.493245500000,-0.9865810262130424,-0.9865810262130424,-0.9865810262130424,0E-17,ELIGIBLE,R03b_20260811_FULL_v1,L1_ELIGIBILITY,v2026-08-11,2026-03-21..2026-08-06,baccarat_bet02_101_all_pairs_incl_sentinel,round_win = game_pnl > 0 (decisive only),COMPATIBILITY_ONLY_NOT_PRODUCTION,1872.1471,1872.1471,168.1737,7,4,-0.08982934,-0.07692308,-1.00000000,-0.08982934,-168.1737,1872.1471,THIN_EXPOSURE,0.0000,6.7269,4.0000,96.0000,AG03-UNRESOLVED,ALL5_LEVELS_bet23_to_bet27,6.7269,6.7269,6.7269,6.7269,6.7269,4.000000,4.000000,4.000000,4.000000,4.000000,96.000000,96.000000,96.000000,96.000000,96.000000,5.0,33.6347,31.0495,134.5390,137.1243,PENDING_AG03,FALSE,NOT_FOR_ENFORCEMENT,161.4468,1797.2612,168.1737,161.4468,6.7269,0.08982934,0.08623616,6.7269,161.4468,0.08623616,6.7269,6.7269,6.7269,6.7269,6.7269,161.4468,0.08623616,33.6347,31.0495,134.5390,137.1243,0.07186347,0.07324439,0.00359317,267.4496,468.0368,42.0434,84.0869,56.0579,936.0735,2.0000,307.6619,26.1760,12.9089,26.176,645.4445,774.5333,774.5333,774.5333,26.176,-12.9089,29.589497,29.589497,10.217376,2,3,3,4,0.98601822,0.08982934,0.07692308,0E-8,0.000000,1.000000,0.000000,0.92307692,2026-04-24,2026-07-14,2,3,3,82,0.024390,11.753606,1.150355,3.286727,,,,,,,,GLOBAL_BASELINE_NO_ENTITY_RANKING,,,NOT_APPLICABLE_GLOBAL_BASELINE,HF9g-P5,,,,X 全窗基线 · 不参与实体赏罚,6873181,688,A168_HF9F_20260827_0900,2026-08-27 09:00:00
2026-07-14,129341032,1331,0,774.5333436604,774.5333436604,774.5333436604,1.0000000,1,1,0.49324550000000000,0.493245500000,1.01360149184955,1.01360149184955,1.01360149184955,0E-17,ELIGIBLE,R03b_20260811_FULL_v1,L1_ELIGIBILITY,v2026-08-11,2026-03-21..2026-08-06,baccarat_bet02_101_all_pairs_incl_sentinel,round_win = game_pnl > 0 (decisive only),COMPATIBILITY_ONLY_NOT_PRODUCTION,1872.1471,1872.1471,168.1737,7,4,-0.08982934,-0.07692308,-1.00000000,-0.08982934,-168.1737,1872.1471,THIN_EXPOSURE,0.0000,6.7269,4.0000,96.0000,AG03-UNRESOLVED,ALL5_LEVELS_bet23_to_bet27,6.7269,6.7269,6.7269,6.7269,6.7269,4.000000,4.000000,4.000000,4.000000,4.000000,96.000000,96.000000,96.000000,96.000000,96.000000,5.0,33.6347,31.0495,134.5390,137.1243,PENDING_AG03,FALSE,NOT_FOR_ENFORCEMENT,161.4468,1797.2612,168.1737,161.4468,6.7269,0.08982934,0.08623616,6.7269,161.4468,0.08623616,6.7269,6.7269,6.7269,6.7269,6.7269,161.4468,0.08623616,33.6347,31.0495,134.5390,137.1243,0.07186347,0.07324439,0.00359317,267.4496,468.0368,42.0434,84.0869,56.0579,936.0735,2.0000,307.6619,26.1760,12.9089,26.176,645.4445,774.5333,774.5333,774.5333,26.176,-12.9089,29.589497,29.589497,10.217376,2,3,3,4,0.98601822,0.08982934,0.07692308,0E-8,0.000000,1.000000,0.000000,0.92307692,2026-04-24,2026-07-14,2,3,3,82,0.024390,11.753606,1.150355,3.286727,,,,,,,,GLOBAL_BASELINE_NO_ENTITY_RANKING,,,NOT_APPLICABLE_GLOBAL_BASELINE,HF9g-P5,,,,X 全窗基线 · 不参与实体赏罚,6873182,688,A168_HF9F_20260827_0900,2026-08-27 09:00:00
2026-07-14,129341032,2210,0,1071.4377920635,-916.5311233314,-916.5311233314,0E-7,5,2,0.48283673095238607,0.329307387500,-1.3664738096530575,-0.990955091133436,-1.3664738096530575,0.15352934345238607,ELIGIBLE,R03b_20260811_FULL_v1,L1_ELIGIBILITY,v2026-08-11,2026-03-21..2026-08-06,baccarat_bet02_101_all_pairs_incl_sentinel,round_win = game_pnl > 0 (decisive only),COMPATIBILITY_ONLY_NOT_PRODUCTION,1872.1471,1872.1471,168.1737,7,4,-0.08982934,-0.07692308,-1.00000000,-0.08982934,-168.1737,1872.1471,THIN_EXPOSURE,0.0000,6.7269,4.0000,96.0000,AG03-UNRESOLVED,ALL5_LEVELS_bet23_to_bet27,6.7269,6.7269,6.7269,6.7269,6.7269,4.000000,4.000000,4.000000,4.000000,4.000000,96.000000,96.000000,96.000000,96.000000,96.000000,5.0,33.6347,31.0495,134.5390,137.1243,PENDING_AG03,FALSE,NOT_FOR_ENFORCEMENT,161.4468,1797.2612,168.1737,161.4468,6.7269,0.08982934,0.08623616,6.7269,161.4468,0.08623616,6.7269,6.7269,6.7269,6.7269,6.7269,161.4468,0.08623616,33.6347,31.0495,134.5390,137.1243,0.07186347,0.07324439,0.00359317,267.4496,468.0368,42.0434,84.0869,56.0579,936.0735,2.0000,307.6619,26.1760,12.9089,26.176,645.4445,774.5333,774.5333,774.5333,26.176,-12.9089,29.589497,29.589497,10.217376,2,3,3,4,0.98601822,0.08982934,0.07692308,0E-8,0.000000,1.000000,0.000000,0.92307692,2026-04-24,2026-07-14,2,3,3,82,0.024390,11.753606,1.150355,3.286727,,,,,,,,GLOBAL_BASELINE_NO_ENTITY_RANKING,,,NOT_APPLICABLE_GLOBAL_BASELINE,HF9g-P5,,,,X 全窗基线 · 不参与实体赏罚,6873183,688,A168_HF9F_20260827_0900,2026-08-27 09:00:00
2026-04-28,149266938,2251,0,3.9263932152,-3.9263932152,-3.9263932152,0E-7,1,1,0.49324550000000000,0.493245500000,-0.9865810262130424,-0.9865810262130424,-0.9865810262130424,0E-17,ELIGIBLE,R03b_20260811_FULL_v1,L1_ELIGIBILITY,v2026-08-11,2026-03-21..2026-08-06,baccarat_bet02_101_all_pairs_incl_sentinel,round_win = game_pnl > 0 (decisive only),COMPATIBILITY_ONLY_NOT_PRODUCTION,1274.6342,1213.2227,168.1774,72,72,-0.13194173,,-0.13194173,-0.13194173,-168.1774,1274.6342,OK,0.0000,6.7271,4.0000,96.0000,AG03-UNRESOLVED,ALL5_LEVELS_bet23_to_bet27,6.7271,8.4089,8.4089,8.4089,8.4089,4.000000,5.000000,5.000000,5.000000,5.000000,96.000000,95.000000,95.000000,95.000000,95.000000,5.0,40.3626,36.6751,127.8148,131.5023,PENDING_AG03,FALSE,NOT_FOR_ENFORCEMENT,161.4503,1164.6938,168.1774,161.4503,6.7271,0.13194173,0.12666406,6.7271,161.4503,0.12666406,6.7271,8.4089,8.4089,8.4089,8.4089,161.4503,0.12666406,40.3626,36.6751,127.8148,131.5023,0.10027571,0.10316867,0.00527767,17.7033,16.8503,2.3358,15.2889,9.3432,115.8758,6.5455,,17.7033,7.2648,12.9729,25.9457,29.3187,38.6591,98.0748,12.9729,0.0,2.98,7.559998,1.364638,12,16,7,3,0E-8,0.13194173,,0E-8,0.000000,0.951820,0.000000,,2026-04-28,2026-06-04,11,18,18,38,0.289474,,,0.000000,,,,,,,,GLOBAL_BASELINE_NO_ENTITY_RANKING,,,NOT_APPLICABLE_GLOBAL_BASELINE,HF9g-P5,,,,X 全窗基线 · 不参与实体赏罚,6873184,688,A168_HF9F_20260827_0900,2026-08-27 09:00:00
2026-04-29,149266938,1623,0,60.2046959663,8.3763055257,8.3763055257,0.6666667,9,9,0.49324550000000000,0.493245500000,0.8496642703256836,0.8496642703256835,0.8496642703256836,0E-17,ELIGIBLE,R03b_20260811_FULL_v1,L1_ELIGIBILITY,v2026-08-11,2026-03-21..2026-08-06,baccarat_bet02_101_all_pairs_incl_sentinel,round_win = game_pnl > 0 (decisive only),COMPATIBILITY_ONLY_NOT_PRODUCTION,1274.6342,1213.2227,168.1774,72,72,-0.13194173,,-0.13194173,-0.13194173,-168.1774,1274.6342,OK,0.0000,6.7271,4.0000,96.0000,AG03-UNRESOLVED,ALL5_LEVELS_bet23_to_bet27,6.7271,8.4089,8.4089,8.4089,8.4089,4.000000,5.000000,5.000000,5.000000,5.000000,96.000000,95.000000,95.000000,95.000000,95.000000,5.0,40.3626,36.6751,127.8148,131.5023,PENDING_AG03,FALSE,NOT_FOR_ENFORCEMENT,161.4503,1164.6938,168.1774,161.4503,6.7271,0.13194173,0.12666406,6.7271,161.4503,0.12666406,6.7271,8.4089,8.4089,8.4089,8.4089,161.4503,0.12666406,40.3626,36.6751,127.8148,131.5023,0.10027571,0.10316867,0.00527767,17.7033,16.8503,2.3358,15.2889,9.3432,115.8758,6.5455,,17.7033,7.2648,12.9729,25.9457,29.3187,38.6591,98.0748,12.9729,0.0,2.98,7.559998,1.364638,12,16,7,3,0E-8,0.13194173,,0E-8,0.000000,0.951820,0.000000,,2026-04-28,2026-06-04,11,18,18,38,0.289474,,,0.000000,,,,,,,,GLOBAL_BASELINE_NO_ENTITY_RANKING,,,NOT_APPLICABLE_GLOBAL_BASELINE,HF9g-P5,,,,X 全窗基线 · 不参与实体赏罚,6873185,688,A168_HF9F_20260827_0900,2026-08-27 09:00:00
2026-05-04,149266938,1017,0,103.7828862021,-103.7828862021,-103.7828862021,0E-7,1,1,0.50665070000000000,0.506650700000,-1.013391052207602,-1.013391052207602,-1.013391052207602,0E-17,ELIGIBLE,R03b_20260811_FULL_v1,L1_ELIGIBILITY,v2026-08-11,2026-03-21..2026-08-06,baccarat_bet02_101_all_pairs_incl_sentinel,round_win = game_pnl > 0 (decisive only),COMPATIBILITY_ONLY_NOT_PRODUCTION,1274.6342,1213.2227,168.1774,72,72,-0.13194173,,-0.13194173,-0.13194173,-168.1774,1274.6342,OK,0.0000,6.7271,4.0000,96.0000,AG03-UNRESOLVED,ALL5_LEVELS_bet23_to_bet27,6.7271,8.4089,8.4089,8.4089,8.4089,4.000000,5.000000,5.000000,5.000000,5.000000,96.000000,95.000000,95.000000,95.000000,95.000000,5.0,40.3626,36.6751,127.8148,131.5023,PENDING_AG03,FALSE,NOT_FOR_ENFORCEMENT,161.4503,1164.6938,168.1774,161.4503,6.7271,0.13194173,0.12666406,6.7271,161.4503,0.12666406,6.7271,8.4089,8.4089,8.4089,8.4089,161.4503,0.12666406,40.3626,36.6751,127.8148,131.5023,0.10027571,0.10316867,0.00527767,17.7033,16.8503,2.3358,15.2889,9.3432,115.8758,6.5455,,17.7033,7.2648,12.9729,25.9457,29.3187,38.6591,98.0748,12.9729,0.0,2.98,7.559998,1.364638,12,16,7,3,0E-8,0.13194173,,0E-8,0.000000,0.951820,0.000000,,2026-04-28,2026-06-04,11,18,18,38,0.289474,,,0.000000,,,,,,,,GLOBAL_BASELINE_NO_ENTITY_RANKING,,,NOT_APPLICABLE_GLOBAL_BASELINE,HF9g-P5,,,,X 全窗基线 · 不参与实体赏罚,6873186,688,A168_HF9F_20260827_0900,2026-08-27 09:00:00
2026-05-04,149266938,2106,0,77.8371646515,-77.8371646515,-77.8371646515,0E-7,1,1,0.50665070000000000,0.506650700000,-1.013391052207602,-1.013391052207602,-1.013391052207602,0E-17,ELIGIBLE,R03b_20260811_FULL_v1,L1_ELIGIBILITY,v2026-08-11,2026-03-21..2026-08-06,baccarat_bet02_101_all_pairs_incl_sentinel,round_win = game_pnl > 0 (decisive only),COMPATIBILITY_ONLY_NOT_PRODUCTION,1274.6342,1213.2227,168.1774,72,72,-0.13194173,,-0.13194173,-0.13194173,-168.1774,1274.6342,OK,0.0000,6.7271,4.0000,96.0000,AG03-UNRESOLVED,ALL5_LEVELS_bet23_to_bet27,6.7271,8.4089,8.4089,8.4089,8.4089,4.000000,5.000000,5.000000,5.000000,5.000000,96.000000,95.000000,95.000000,95.000000,95.000000,5.0,40.3626,36.6751,127.8148,131.5023,PENDING_AG03,FALSE,NOT_FOR_ENFORCEMENT,161.4503,1164.6938,168.1774,161.4503,6.7271,0.13194173,0.12666406,6.7271,161.4503,0.12666406,6.7271,8.4089,8.4089,8.4089,8.4089,161.4503,0.12666406,40.3626,36.6751,127.8148,131.5023,0.10027571,0.10316867,0.00527767,17.7033,16.8503,2.3358,15.2889,9.3432,115.8758,6.5455,,17.7033,7.2648,12.9729,25.9457,29.3187,38.6591,98.0748,12.9729,0.0,2.98,7.559998,1.364638,12,16,7,3,0E-8,0.13194173,,0E-8,0.000000,0.951820,0.000000,,2026-04-28,2026-06-04,11,18,18,38,0.289474,,,0.000000,,,,,,,,GLOBAL_BASELINE_NO_ENTITY_RANKING,,,NOT_APPLICABLE_GLOBAL_BASELINE,HF9g-P5,,,,X 全窗基线 · 不参与实体赏罚,6873187,688,A168_HF9F_20260827_0900,2026-08-27 09:00:00
2026-05-06,149266938,-1,1,4.1513154481,-4.1513154481,-4.1513154481,0E-7,1,1,0.49324550000000000,0.493245500000,-0.9865810262130424,-0.9865810262130424,-0.9865810262130424,0E-17,SENTINEL_DEALER,R03b_20260811_FULL_v1,L1_ELIGIBILITY,v2026-08-11,2026-03-21..2026-08-06,baccarat_bet02_101_all_pairs_incl_sentinel,round_win = game_pnl > 0 (decisive only),COMPATIBILITY_ONLY_NOT_PRODUCTION,1274.6342,1213.2227,168.1774,72,72,-0.13194173,,-0.13194173,-0.13194173,-168.1774,1274.6342,OK,0.0000,6.7271,4.0000,96.0000,AG03-UNRESOLVED,ALL5_LEVELS_bet23_to_bet27,6.7271,8.4089,8.4089,8.4089,8.4089,4.000000,5.000000,5.000000,5.000000,5.000000,96.000000,95.000000,95.000000,95.000000,95.000000,5.0,40.3626,36.6751,127.8148,131.5023,PENDING_AG03,FALSE,NOT_FOR_ENFORCEMENT,161.4503,1164.6938,168.1774,161.4503,6.7271,0.13194173,0.12666406,6.7271,161.4503,0.12666406,6.7271,8.4089,8.4089,8.4089,8.4089,161.4503,0.12666406,40.3626,36.6751,127.8148,131.5023,0.10027571,0.10316867,0.00527767,17.7033,16.8503,2.3358,15.2889,9.3432,115.8758,6.5455,,17.7033,7.2648,12.9729,25.9457,29.3187,38.6591,98.0748,12.9729,0.0,2.98,7.559998,1.364638,12,16,7,3,0E-8,0.13194173,,0E-8,0.000000,0.951820,0.000000,,2026-04-28,2026-06-04,11,18,18,38,0.289474,,,0.000000,,,,,,,,GLOBAL_BASELINE_NO_ENTITY_RANKING,,,NOT_APPLICABLE_GLOBAL_BASELINE,HF9g-P5,,,,X 全窗基线 · 不参与实体赏罚,6873188,688,A168_HF9F_20260827_0900,2026-08-27 09:00:00
2026-05-07,149266938,2147,0,62.2697317212,-62.2697317212,-62.2697317212,0E-7,2,2,0.49994810000000000,0.499948100000,-1.4140667746232096,-1.4140667746232096,-1.4140667746232096,0E-17,ELIGIBLE,R03b_20260811_FULL_v1,L1_ELIGIBILITY,v2026-08-11,2026-03-21..2026-08-06,baccarat_bet02_101_all_pairs_incl_sentinel,round_win = game_pnl > 0 (decisive only),COMPATIBILITY_ONLY_NOT_PRODUCTION,1274.6342,1213.2227,168.1774,72,72,-0.13194173,,-0.13194173,-0.13194173,-168.1774,1274.6342,OK,0.0000,6.7271,4.0000,96.0000,AG03-UNRESOLVED,ALL5_LEVELS_bet23_to_bet27,6.7271,8.4089,8.4089,8.4089,8.4089,4.000000,5.000000,5.000000,5.000000,5.000000,96.000000,95.000000,95.000000,95.000000,95.000000,5.0,40.3626,36.6751,127.8148,131.5023,PENDING_AG03,FALSE,NOT_FOR_ENFORCEMENT,161.4503,1164.6938,168.1774,161.4503,6.7271,0.13194173,0.12666406,6.7271,161.4503,0.12666406,6.7271,8.4089,8.4089,8.4089,8.4089,161.4503,0.12666406,40.3626,36.6751,127.8148,131.5023,0.10027571,0.10316867,0.00527767,17.7033,16.8503,2.3358,15.2889,9.3432,115.8758,6.5455,,17.7033,7.2648,12.9729,25.9457,29.3187,38.6591,98.0748,12.9729,0.0,2.98,7.559998,1.364638,12,16,7,3,0E-8,0.13194173,,0E-8,0.000000,0.951820,0.000000,,2026-04-28,2026-06-04,11,18,18,38,0.289474,,,0.000000,,,,,,,,GLOBAL_BASELINE_NO_ENTITY_RANKING,,,NOT_APPLICABLE_GLOBAL_BASELINE,HF9g-P5,,,,X 全窗基线 · 不参与实体赏罚,6873189,688,A168_HF9F_20260827_0900,2026-08-27 09:00:00
2026-05-07,149266938,595,0,51.8914431010,-25.9457215505,-25.9457215505,0E-7,2,2,0.49324550000000000,0.493245500000,-0.9865810262130424,-0.9865810262130424,-0.9865810262130424,0E-17,ELIGIBLE,R03b_20260811_FULL_v1,L1_ELIGIBILITY,v2026-08-11,2026-03-21..2026-08-06,baccarat_bet02_101_all_pairs_incl_sentinel,round_win = game_pnl > 0 (decisive only),COMPATIBILITY_ONLY_NOT_PRODUCTION,1274.6342,1213.2227,168.1774,72,72,-0.13194173,,-0.13194173,-0.13194173,-168.1774,1274.6342,OK,0.0000,6.7271,4.0000,96.0000,AG03-UNRESOLVED,ALL5_LEVELS_bet23_to_bet27,6.7271,8.4089,8.4089,8.4089,8.4089,4.000000,5.000000,5.000000,5.000000,5.000000,96.000000,95.000000,95.000000,95.000000,95.000000,5.0,40.3626,36.6751,127.8148,131.5023,PENDING_AG03,FALSE,NOT_FOR_ENFORCEMENT,161.4503,1164.6938,168.1774,161.4503,6.7271,0.13194173,0.12666406,6.7271,161.4503,0.12666406,6.7271,8.4089,8.4089,8.4089,8.4089,161.4503,0.12666406,40.3626,36.6751,127.8148,131.5023,0.10027571,0.10316867,0.00527767,17.7033,16.8503,2.3358,15.2889,9.3432,115.8758,6.5455,,17.7033,7.2648,12.9729,25.9457,29.3187,38.6591,98.0748,12.9729,0.0,2.98,7.559998,1.364638,12,16,7,3,0E-8,0.13194173,,0E-8,0.000000,0.951820,0.000000,,2026-04-28,2026-06-04,11,18,18,38,0.289474,,,0.000000,,,,,,,,GLOBAL_BASELINE_NO_ENTITY_RANKING,,,NOT_APPLICABLE_GLOBAL_BASELINE,HF9g-P5,,,,X 全窗基线 · 不参与实体赏罚,6873190,688,A168_HF9F_20260827_0900,2026-08-27 09:00:00
2026-05-07,149266938,752,0,461.3149291684,110.3212080328,110.3212080328,0.6666667,23,23,0.50490219565217391,0.504902195652,1.4826671295655254,1.4826671295671143,1.4826671295655254,1.7391E-13,ELIGIBLE,R03b_20260811_FULL_v1,L1_ELIGIBILITY,v2026-08-11,2026-03-21..2026-08-06,baccarat_bet02_101_all_pairs_incl_sentinel,round_win = game_pnl > 0 (decisive only),COMPATIBILITY_ONLY_NOT_PRODUCTION,1274.6342,1213.2227,168.1774,72,72,-0.13194173,,-0.13194173,-0.13194173,-168.1774,1274.6342,OK,0.0000,6.7271,4.0000,96.0000,AG03-UNRESOLVED,ALL5_LEVELS_bet23_to_bet27,6.7271,8.4089,8.4089,8.4089,8.4089,4.000000,5.000000,5.000000,5.000000,5.000000,96.000000,95.000000,95.000000,95.000000,95.000000,5.0,40.3626,36.6751,127.8148,131.5023,PENDING_AG03,FALSE,NOT_FOR_ENFORCEMENT,161.4503,1164.6938,168.1774,161.4503,6.7271,0.13194173,0.12666406,6.7271,161.4503,0.12666406,6.7271,8.4089,8.4089,8.4089,8.4089,161.4503,0.12666406,40.3626,36.6751,127.8148,131.5023,0.10027571,0.10316867,0.00527767,17.7033,16.8503,2.3358,15.2889,9.3432,115.8758,6.5455,,17.7033,7.2648,12.9729,25.9457,29.3187,38.6591,98.0748,12.9729,0.0,2.98,7.559998,1.364638,12,16,7,3,0E-8,0.13194173,,0E-8,0.000000,0.951820,0.000000,,2026-04-28,2026-06-04,11,18,18,38,0.289474,,,0.000000,,,,,,,,GLOBAL_BASELINE_NO_ENTITY_RANKING,,,NOT_APPLICABLE_GLOBAL_BASELINE,HF9g-P5,,,,X 全窗基线 · 不参与实体赏罚,6873191,688,A168_HF9F_20260827_0900,2026-08-27 09:00:00
2026-05-07,149266938,772,0,77.8371646515,-25.9457215505,-25.9457215505,0.3333333,3,3,0.49324550000000000,0.493245500000,-0.5540025479526107,-0.5540025479526106,-0.5540025479526107,0E-17,ELIGIBLE,R03b_20260811_FULL_v1,L1_ELIGIBILITY,v2026-08-11,2026-03-21..2026-08-06,baccarat_bet02_101_all_pairs_incl_sentinel,round_win = game_pnl > 0 (decisive only),COMPATIBILITY_ONLY_NOT_PRODUCTION,1274.6342,1213.2227,168.1774,72,72,-0.13194173,,-0.13194173,-0.13194173,-168.1774,1274.6342,OK,0.0000,6.7271,4.0000,96.0000,AG03-UNRESOLVED,ALL5_LEVELS_bet23_to_bet27,6.7271,8.4089,8.4089,8.4089,8.4089,4.000000,5.000000,5.000000,5.000000,5.000000,96.000000,95.000000,95.000000,95.000000,95.000000,5.0,40.3626,36.6751,127.8148,131.5023,PENDING_AG03,FALSE,NOT_FOR_ENFORCEMENT,161.4503,1164.6938,168.1774,161.4503,6.7271,0.13194173,0.12666406,6.7271,161.4503,0.12666406,6.7271,8.4089,8.4089,8.4089,8.4089,161.4503,0.12666406,40.3626,36.6751,127.8148,131.5023,0.10027571,0.10316867,0.00527767,17.7033,16.8503,2.3358,15.2889,9.3432,115.8758,6.5455,,17.7033,7.2648,12.9729,25.9457,29.3187,38.6591,98.0748,12.9729,0.0,2.98,7.559998,1.364638,12,16,7,3,0E-8,0.13194173,,0E-8,0.000000,0.951820,0.000000,,2026-04-28,2026-06-04,11,18,18,38,0.289474,,,0.000000,,,,,,,,GLOBAL_BASELINE_NO_ENTITY_RANKING,,,NOT_APPLICABLE_GLOBAL_BASELINE,HF9g-P5,,,,X 全窗基线 · 不参与实体赏罚,6873192,688,A168_HF9F_20260827_0900,2026-08-27 09:00:00
2026-05-08,149266938,2222,0,8.5620881117,-2.8540293705,-2.8540293705,0.5000000,2,2,0.49324550000000000,0.493245500000,0.01910635448239258,0.01910635448239258,0.01910635448239258,0E-17,ELIGIBLE,R03b_20260811_FULL_v1,L1_ELIGIBILITY,v2026-08-11,2026-03-21..2026-08-06,baccarat_bet02_101_all_pairs_incl_sentinel,round_win = game_pnl > 0 (decisive only),COMPATIBILITY_ONLY_NOT_PRODUCTION,1274.6342,1213.2227,168.1774,72,72,-0.13194173,,-0.13194173,-0.13194173,-168.1774,1274.6342,OK,0.0000,6.7271,4.0000,96.0000,AG03-UNRESOLVED,ALL5_LEVELS_bet23_to_bet27,6.7271,8.4089,8.4089,8.4089,8.4089,4.000000,5.000000,5.000000,5.000000,5.000000,96.000000,95.000000,95.000000,95.000000,95.000000,5.0,40.3626,36.6751,127.8148,131.5023,PENDING_AG03,FALSE,NOT_FOR_ENFORCEMENT,161.4503,1164.6938,168.1774,161.4503,6.7271,0.13194173,0.12666406,6.7271,161.4503,0.12666406,6.7271,8.4089,8.4089,8.4089,8.4089,161.4503,0.12666406,40.3626,36.6751,127.8148,131.5023,0.10027571,0.10316867,0.00527767,17.7033,16.8503,2.3358,15.2889,9.3432,115.8758,6.5455,,17.7033,7.2648,12.9729,25.9457,29.3187,38.6591,98.0748,12.9729,0.0,2.98,7.559998,1.364638,12,16,7,3,0E-8,0.13194173,,0E-8,0.000000,0.951820,0.000000,,2026-04-28,2026-06-04,11,18,18,38,0.289474,,,0.000000,,,,,,,,GLOBAL_BASELINE_NO_ENTITY_RANKING,,,NOT_APPLICABLE_GLOBAL_BASELINE,HF9g-P5,,,,X 全窗基线 · 不参与实体赏罚,6873193,688,A168_HF9F_20260827_0900,2026-08-27 09:00:00
2026-05-09,149266938,-1,1,5.7080587411,5.7080587411,5.7080587411,1.0000000,1,1,0.49324550000000000,0.493245500000,1.01360149184955,1.01360149184955,1.01360149184955,0E-17,SENTINEL_DEALER,R03b_20260811_FULL_v1,L1_ELIGIBILITY,v2026-08-11,2026-03-21..2026-08-06,baccarat_bet02_101_all_pairs_incl_sentinel,round_win = game_pnl > 0 (decisive only),COMPATIBILITY_ONLY_NOT_PRODUCTION,1274.6342,1213.2227,168.1774,72,72,-0.13194173,,-0.13194173,-0.13194173,-168.1774,1274.6342,OK,0.0000,6.7271,4.0000,96.0000,AG03-UNRESOLVED,ALL5_LEVELS_bet23_to_bet27,6.7271,8.4089,8.4089,8.4089,8.4089,4.000000,5.000000,5.000000,5.000000,5.000000,96.000000,95.000000,95.000000,95.000000,95.000000,5.0,40.3626,36.6751,127.8148,131.5023,PENDING_AG03,FALSE,NOT_FOR_ENFORCEMENT,161.4503,1164.6938,168.1774,161.4503,6.7271,0.13194173,0.12666406,6.7271,161.4503,0.12666406,6.7271,8.4089,8.4089,8.4089,8.4089,161.4503,0.12666406,40.3626,36.6751,127.8148,131.5023,0.10027571,0.10316867,0.00527767,17.7033,16.8503,2.3358,15.2889,9.3432,115.8758,6.5455,,17.7033,7.2648,12.9729,25.9457,29.3187,38.6591,98.0748,12.9729,0.0,2.98,7.559998,1.364638,12,16,7,3,0E-8,0.13194173,,0E-8,0.000000,0.951820,0.000000,,2026-04-28,2026-06-04,11,18,18,38,0.289474,,,0.000000,,,,,,,,GLOBAL_BASELINE_NO_ENTITY_RANKING,,,NOT_APPLICABLE_GLOBAL_BASELINE,HF9g-P5,,,,X 全窗基线 · 不参与实体赏罚,6873194,688,A168_HF9F_20260827_0900,2026-08-27 09:00:00
2026-05-09,149266938,1318,0,8.3026308962,-4.1513154481,-4.1513154481,0E-7,2,2,0.50665070000000000,0.506650700000,-1.013391052207602,-1.013391052207602,-1.013391052207602,0E-17,ELIGIBLE,R03b_20260811_FULL_v1,L1_ELIGIBILITY,v2026-08-11,2026-03-21..2026-08-06,baccarat_bet02_101_all_pairs_incl_sentinel,round_win = game_pnl > 0 (decisive only),COMPATIBILITY_ONLY_NOT_PRODUCTION,1274.6342,1213.2227,168.1774,72,72,-0.13194173,,-0.13194173,-0.13194173,-168.1774,1274.6342,OK,0.0000,6.7271,4.0000,96.0000,AG03-UNRESOLVED,ALL5_LEVELS_bet23_to_bet27,6.7271,8.4089,8.4089,8.4089,8.4089,4.000000,5.000000,5.000000,5.000000,5.000000,96.000000,95.000000,95.000000,95.000000,95.000000,5.0,40.3626,36.6751,127.8148,131.5023,PENDING_AG03,FALSE,NOT_FOR_ENFORCEMENT,161.4503,1164.6938,168.1774,161.4503,6.7271,0.13194173,0.12666406,6.7271,161.4503,0.12666406,6.7271,8.4089,8.4089,8.4089,8.4089,161.4503,0.12666406,40.3626,36.6751,127.8148,131.5023,0.10027571,0.10316867,0.00527767,17.7033,16.8503,2.3358,15.2889,9.3432,115.8758,6.5455,,17.7033,7.2648,12.9729,25.9457,29.3187,38.6591,98.0748,12.9729,0.0,2.98,7.559998,1.364638,12,16,7,3,0E-8,0.13194173,,0E-8,0.000000,0.951820,0.000000,,2026-04-28,2026-06-04,11,18,18,38,0.289474,,,0.000000,,,,,,,,GLOBAL_BASELINE_NO_ENTITY_RANKING,,,NOT_APPLICABLE_GLOBAL_BASELINE,HF9g-P5,,,,X 全窗基线 · 不参与实体赏罚,6873195,688,A168_HF9F_20260827_0900,2026-08-27 09:00:00
2026-05-09,149266938,2244,0,25.9457215505,-25.9457215505,-25.9457215505,0E-7,1,1,0.49324550000000000,0.493245500000,-0.9865810262130424,-0.9865810262130424,-0.9865810262130424,0E-17,ELIGIBLE,R03b_20260811_FULL_v1,L1_ELIGIBILITY,v2026-08-11,2026-03-21..2026-08-06,baccarat_bet02_101_all_pairs_incl_sentinel,round_win = game_pnl > 0 (decisive only),COMPATIBILITY_ONLY_NOT_PRODUCTION,1274.6342,1213.2227,168.1774,72,72,-0.13194173,,-0.13194173,-0.13194173,-168.1774,1274.6342,OK,0.0000,6.7271,4.0000,96.0000,AG03-UNRESOLVED,ALL5_LEVELS_bet23_to_bet27,6.7271,8.4089,8.4089,8.4089,8.4089,4.000000,5.000000,5.000000,5.000000,5.000000,96.000000,95.000000,95.000000,95.000000,95.000000,5.0,40.3626,36.6751,127.8148,131.5023,PENDING_AG03,FALSE,NOT_FOR_ENFORCEMENT,161.4503,1164.6938,168.1774,161.4503,6.7271,0.13194173,0.12666406,6.7271,161.4503,0.12666406,6.7271,8.4089,8.4089,8.4089,8.4089,161.4503,0.12666406,40.3626,36.6751,127.8148,131.5023,0.10027571,0.10316867,0.00527767,17.7033,16.8503,2.3358,15.2889,9.3432,115.8758,6.5455,,17.7033,7.2648,12.9729,25.9457,29.3187,38.6591,98.0748,12.9729,0.0,2.98,7.559998,1.364638,12,16,7,3,0E-8,0.13194173,,0E-8,0.000000,0.951820,0.000000,,2026-04-28,2026-06-04,11,18,18,38,0.289474,,,0.000000,,,,,,,,GLOBAL_BASELINE_NO_ENTITY_RANKING,,,NOT_APPLICABLE_GLOBAL_BASELINE,HF9g-P5,,,,X 全窗基线 · 不参与实体赏罚,6873196,688,A168_HF9F_20260827_0900,2026-08-27 09:00:00
2026-05-18,149266938,2093,0,12.9728607753,-12.9728607753,-12.9728607753,0E-7,1,1,0.50665070000000000,0.506650700000,-1.013391052207602,-1.013391052207602,-1.013391052207602,0E-17,ELIGIBLE,R03b_20260811_FULL_v1,L1_ELIGIBILITY,v2026-08-11,2026-03-21..2026-08-06,baccarat_bet02_101_all_pairs_incl_sentinel,round_win = game_pnl > 0 (decisive only),COMPATIBILITY_ONLY_NOT_PRODUCTION,1274.6342,1213.2227,168.1774,72,72,-0.13194173,,-0.13194173,-0.13194173,-168.1774,1274.6342,OK,0.0000,6.7271,4.0000,96.0000,AG03-UNRESOLVED,ALL5_LEVELS_bet23_to_bet27,6.7271,8.4089,8.4089,8.4089,8.4089,4.000000,5.000000,5.000000,5.000000,5.000000,96.000000,95.000000,95.000000,95.000000,95.000000,5.0,40.3626,36.6751,127.8148,131.5023,PENDING_AG03,FALSE,NOT_FOR_ENFORCEMENT,161.4503,1164.6938,168.1774,161.4503,6.7271,0.13194173,0.12666406,6.7271,161.4503,0.12666406,6.7271,8.4089,8.4089,8.4089,8.4089,161.4503,0.12666406,40.3626,36.6751,127.8148,131.5023,0.10027571,0.10316867,0.00527767,17.7033,16.8503,2.3358,15.2889,9.3432,115.8758,6.5455,,17.7033,7.2648,12.9729,25.9457,29.3187,38.6591,98.0748,12.9729,0.0,2.98,7.559998,1.364638,12,16,7,3,0E-8,0.13194173,,0E-8,0.000000,0.951820,0.000000,,2026-04-28,2026-06-04,11,18,18,38,0.289474,,,0.000000,,,,,,,,GLOBAL_BASELINE_NO_ENTITY_RANKING,,,NOT_APPLICABLE_GLOBAL_BASELINE,HF9g-P5,,,,X 全窗基线 · 不参与实体赏罚,6873197,688,A168_HF9F_20260827_0900,2026-08-27 09:00:00
2026-05-19,149266938,-1,1,25.9457215505,-25.9457215505,-25.9457215505,0E-7,1,1,0.50665070000000000,0.506650700000,-1.013391052207602,-1.013391052207602,-1.013391052207602,0E-17,SENTINEL_DEALER,R03b_20260811_FULL_v1,L1_ELIGIBILITY,v2026-08-11,2026-03-21..2026-08-06,baccarat_bet02_101_all_pairs_incl_sentinel,round_win = game_pnl > 0 (decisive only),COMPATIBILITY_ONLY_NOT_PRODUCTION,1274.6342,1213.2227,168.1774,72,72,-0.13194173,,-0.13194173,-0.13194173,-168.1774,1274.6342,OK,0.0000,6.7271,4.0000,96.0000,AG03-UNRESOLVED,ALL5_LEVELS_bet23_to_bet27,6.7271,8.4089,8.4089,8.4089,8.4089,4.000000,5.000000,5.000000,5.000000,5.000000,96.000000,95.000000,95.000000,95.000000,95.000000,5.0,40.3626,36.6751,127.8148,131.5023,PENDING_AG03,FALSE,NOT_FOR_ENFORCEMENT,161.4503,1164.6938,168.1774,161.4503,6.7271,0.13194173,0.12666406,6.7271,161.4503,0.12666406,6.7271,8.4089,8.4089,8.4089,8.4089,161.4503,0.12666406,40.3626,36.6751,127.8148,131.5023,0.10027571,0.10316867,0.00527767,17.7033,16.8503,2.3358,15.2889,9.3432,115.8758,6.5455,,17.7033,7.2648,12.9729,25.9457,29.3187,38.6591,98.0748,12.9729,0.0,2.98,7.559998,1.364638,12,16,7,3,0E-8,0.13194173,,0E-8,0.000000,0.951820,0.000000,,2026-04-28,2026-06-04,11,18,18,38,0.289474,,,0.000000,,,,,,,,GLOBAL_BASELINE_NO_ENTITY_RANKING,,,NOT_APPLICABLE_GLOBAL_BASELINE,HF9g-P5,,,,X 全窗基线 · 不参与实体赏罚,6873198,688,A168_HF9F_20260827_0900,2026-08-27 09:00:00
2026-05-19,149266938,1505,0,95.9991697369,41.9023403041,41.9023403041,0.7500000,4,4,0.50329940000000000,0.503299400000,0.9868238854431842,0.9868238854431842,0.9868238854431842,0E-17,ELIGIBLE,R03b_20260811_FULL_v1,L1_ELIGIBILITY,v2026-08-11,2026-03-21..2026-08-06,baccarat_bet02_101_all_pairs_incl_sentinel,round_win = game_pnl > 0 (decisive only),COMPATIBILITY_ONLY_NOT_PRODUCTION,1274.6342,1213.2227,168.1774,72,72,-0.13194173,,-0.13194173,-0.13194173,-168.1774,1274.6342,OK,0.0000,6.7271,4.0000,96.0000,AG03-UNRESOLVED,ALL5_LEVELS_bet23_to_bet27,6.7271,8.4089,8.4089,8.4089,8.4089,4.000000,5.000000,5.000000,5.000000,5.000000,96.000000,95.000000,95.000000,95.000000,95.000000,5.0,40.3626,36.6751,127.8148,131.5023,PENDING_AG03,FALSE,NOT_FOR_ENFORCEMENT,161.4503,1164.6938,168.1774,161.4503,6.7271,0.13194173,0.12666406,6.7271,161.4503,0.12666406,6.7271,8.4089,8.4089,8.4089,8.4089,161.4503,0.12666406,40.3626,36.6751,127.8148,131.5023,0.10027571,0.10316867,0.00527767,17.7033,16.8503,2.3358,15.2889,9.3432,115.8758,6.5455,,17.7033,7.2648,12.9729,25.9457,29.3187,38.6591,98.0748,12.9729,0.0,2.98,7.559998,1.364638,12,16,7,3,0E-8,0.13194173,,0E-8,0.000000,0.951820,0.000000,,2026-04-28,2026-06-04,11,18,18,38,0.289474,,,0.000000,,,,,,,,GLOBAL_BASELINE_NO_ENTITY_RANKING,,,NOT_APPLICABLE_GLOBAL_BASELINE,HF9g-P5,,,,X 全窗基线 · 不参与实体赏罚,6873199,688,A168_HF9F_20260827_0900,2026-08-27 09:00:00
2026-05-19,149266938,2171,0,106.8963727884,53.4481863941,53.4481863941,0.7500000,8,8,0.49659680000000000,0.496596800000,1.4334981740325299,1.43349817403253,1.4334981740325299,0E-17,ELIGIBLE,R03b_20260811_FULL_v1,L1_ELIGIBILITY,v2026-08-11,2026-03-21..2026-08-06,baccarat_bet02_101_all_pairs_incl_sentinel,round_win = game_pnl > 0 (decisive only),COMPATIBILITY_ONLY_NOT_PRODUCTION,1274.6342,1213.2227,168.1774,72,72,-0.13194173,,-0.13194173,-0.13194173,-168.1774,1274.6342,OK,0.0000,6.7271,4.0000,96.0000,AG03-UNRESOLVED,ALL5_LEVELS_bet23_to_bet27,6.7271,8.4089,8.4089,8.4089,8.4089,4.000000,5.000000,5.000000,5.000000,5.000000,96.000000,95.000000,95.000000,95.000000,95.000000,5.0,40.3626,36.6751,127.8148,131.5023,PENDING_AG03,FALSE,NOT_FOR_ENFORCEMENT,161.4503,1164.6938,168.1774,161.4503,6.7271,0.13194173,0.12666406,6.7271,161.4503,0.12666406,6.7271,8.4089,8.4089,8.4089,8.4089,161.4503,0.12666406,40.3626,36.6751,127.8148,131.5023,0.10027571,0.10316867,0.00527767,17.7033,16.8503,2.3358,15.2889,9.3432,115.8758,6.5455,,17.7033,7.2648,12.9729,25.9457,29.3187,38.6591,98.0748,12.9729,0.0,2.98,7.559998,1.364638,12,16,7,3,0E-8,0.13194173,,0E-8,0.000000,0.951820,0.000000,,2026-04-28,2026-06-04,11,18,18,38,0.289474,,,0.000000,,,,,,,,GLOBAL_BASELINE_NO_ENTITY_RANKING,,,NOT_APPLICABLE_GLOBAL_BASELINE,HF9g-P5,,,,X 全窗基线 · 不参与实体赏罚,6873200,688,A168_HF9F_20260827_0900,2026-08-27 09:00:00
2026-05-19,149266938,2201,0,25.9457215505,-25.9457215505,-25.9457215505,0E-7,1,1,0.49324550000000000,0.493245500000,-0.9865810262130424,-0.9865810262130424,-0.9865810262130424,0E-17,ELIGIBLE,R03b_20260811_FULL_v1,L1_ELIGIBILITY,v2026-08-11,2026-03-21..2026-08-06,baccarat_bet02_101_all_pairs_incl_sentinel,round_win = game_pnl > 0 (decisive only),COMPATIBILITY_ONLY_NOT_PRODUCTION,1274.6342,1213.2227,168.1774,72,72,-0.13194173,,-0.13194173,-0.13194173,-168.1774,1274.6342,OK,0.0000,6.7271,4.0000,96.0000,AG03-UNRESOLVED,ALL5_LEVELS_bet23_to_bet27,6.7271,8.4089,8.4089,8.4089,8.4089,4.000000,5.000000,5.000000,5.000000,5.000000,96.000000,95.000000,95.000000,95.000000,95.000000,5.0,40.3626,36.6751,127.8148,131.5023,PENDING_AG03,FALSE,NOT_FOR_ENFORCEMENT,161.4503,1164.6938,168.1774,161.4503,6.7271,0.13194173,0.12666406,6.7271,161.4503,0.12666406,6.7271,8.4089,8.4089,8.4089,8.4089,161.4503,0.12666406,40.3626,36.6751,127.8148,131.5023,0.10027571,0.10316867,0.00527767,17.7033,16.8503,2.3358,15.2889,9.3432,115.8758,6.5455,,17.7033,7.2648,12.9729,25.9457,29.3187,38.6591,98.0748,12.9729,0.0,2.98,7.559998,1.364638,12,16,7,3,0E-8,0.13194173,,0E-8,0.000000,0.951820,0.000000,,2026-04-28,2026-06-04,11,18,18,38,0.289474,,,0.000000,,,,,,,,GLOBAL_BASELINE_NO_ENTITY_RANKING,,,NOT_APPLICABLE_GLOBAL_BASELINE,HF9g-P5,,,,X 全窗基线 · 不参与实体赏罚,6873201,688,A168_HF9F_20260827_0900,2026-08-27 09:00:00
2026-05-19,149266938,772,0,8.5620881117,-2.8540293705,-2.8540293705,0.5000000,2,2,0.49324550000000000,0.493245500000,0.01910635448239258,0.01910635448239258,0.01910635448239258,0E-17,ELIGIBLE,R03b_20260811_FULL_v1,L1_ELIGIBILITY,v2026-08-11,2026-03-21..2026-08-06,baccarat_bet02_101_all_pairs_incl_sentinel,round_win = game_pnl > 0 (decisive only),COMPATIBILITY_ONLY_NOT_PRODUCTION,1274.6342,1213.2227,168.1774,72,72,-0.13194173,,-0.13194173,-0.13194173,-168.1774,1274.6342,OK,0.0000,6.7271,4.0000,96.0000,AG03-UNRESOLVED,ALL5_LEVELS_bet23_to_bet27,6.7271,8.4089,8.4089,8.4089,8.4089,4.000000,5.000000,5.000000,5.000000,5.000000,96.000000,95.000000,95.000000,95.000000,95.000000,5.0,40.3626,36.6751,127.8148,131.5023,PENDING_AG03,FALSE,NOT_FOR_ENFORCEMENT,161.4503,1164.6938,168.1774,161.4503,6.7271,0.13194173,0.12666406,6.7271,161.4503,0.12666406,6.7271,8.4089,8.4089,8.4089,8.4089,161.4503,0.12666406,40.3626,36.6751,127.8148,131.5023,0.10027571,0.10316867,0.00527767,17.7033,16.8503,2.3358,15.2889,9.3432,115.8758,6.5455,,17.7033,7.2648,12.9729,25.9457,29.3187,38.6591,98.0748,12.9729,0.0,2.98,7.559998,1.364638,12,16,7,3,0E-8,0.13194173,,0E-8,0.000000,0.951820,0.000000,,2026-04-28,2026-06-04,11,18,18,38,0.289474,,,0.000000,,,,,,,,GLOBAL_BASELINE_NO_ENTITY_RANKING,,,NOT_APPLICABLE_GLOBAL_BASELINE,HF9g-P5,,,,X 全窗基线 · 不参与实体赏罚,6873202,688,A168_HF9F_20260827_0900,2026-08-27 09:00:00
2026-05-28,149266938,-1,1,32.6916091536,21.2236002283,21.2236002283,0.7500000,4,4,0.40028742500000000,0.400287425000,1.4275249038962121,1.4275249038962121,1.4275249038962121,0E-17,SENTINEL_DEALER,R03b_20260811_FULL_v1,L1_ELIGIBILITY,v2026-08-11,2026-03-21..2026-08-06,baccarat_bet02_101_all_pairs_incl_sentinel,round_win = game_pnl > 0 (decisive only),COMPATIBILITY_ONLY_NOT_PRODUCTION,1274.6342,1213.2227,168.1774,72,72,-0.13194173,,-0.13194173,-0.13194173,-168.1774,1274.6342,OK,0.0000,6.7271,4.0000,96.0000,AG03-UNRESOLVED,ALL5_LEVELS_bet23_to_bet27,6.7271,8.4089,8.4089,8.4089,8.4089,4.000000,5.000000,5.000000,5.000000,5.000000,96.000000,95.000000,95.000000,95.000000,95.000000,5.0,40.3626,36.6751,127.8148,131.5023,PENDING_AG03,FALSE,NOT_FOR_ENFORCEMENT,161.4503,1164.6938,168.1774,161.4503,6.7271,0.13194173,0.12666406,6.7271,161.4503,0.12666406,6.7271,8.4089,8.4089,8.4089,8.4089,161.4503,0.12666406,40.3626,36.6751,127.8148,131.5023,0.10027571,0.10316867,0.00527767,17.7033,16.8503,2.3358,15.2889,9.3432,115.8758,6.5455,,17.7033,7.2648,12.9729,25.9457,29.3187,38.6591,98.0748,12.9729,0.0,2.98,7.559998,1.364638,12,16,7,3,0E-8,0.13194173,,0E-8,0.000000,0.951820,0.000000,,2026-04-28,2026-06-04,11,18,18,38,0.289474,,,0.000000,,,,,,,,GLOBAL_BASELINE_NO_ENTITY_RANKING,,,NOT_APPLICABLE_GLOBAL_BASELINE,HF9g-P5,,,,X 全窗基线 · 不参与实体赏罚,6873203,688,A168_HF9F_20260827_0900,2026-08-27 09:00:00
2026-06-04,149266938,1017,0,13.8863887674,-4.6287962558,-4.6287962558,0.5000000,2,2,0.49324550000000000,0.493245500000,0.01910635448239258,0.01910635448239258,0.01910635448239258,0E-17,ELIGIBLE,R03b_20260811_FULL_v1,L1_ELIGIBILITY,v2026-08-11,2026-03-21..2026-08-06,baccarat_bet02_101_all_pairs_incl_sentinel,round_win = game_pnl > 0 (decisive only),COMPATIBILITY_ONLY_NOT_PRODUCTION,1274.6342,1213.2227,168.1774,72,72,-0.13194173,,-0.13194173,-0.13194173,-168.1774,1274.6342,OK,0.0000,6.7271,4.0000,96.0000,AG03-UNRESOLVED,ALL5_LEVELS_bet23_to_bet27,6.7271,8.4089,8.4089,8.4089,8.4089,4.000000,5.000000,5.000000,5.000000,5.000000,96.000000,95.000000,95.000000,95.000000,95.000000,5.0,40.3626,36.6751,127.8148,131.5023,PENDING_AG03,FALSE,NOT_FOR_ENFORCEMENT,161.4503,1164.6938,168.1774,161.4503,6.7271,0.13194173,0.12666406,6.7271,161.4503,0.12666406,6.7271,8.4089,8.4089,8.4089,8.4089,161.4503,0.12666406,40.3626,36.6751,127.8148,131.5023,0.10027571,0.10316867,0.00527767,17.7033,16.8503,2.3358,15.2889,9.3432,115.8758,6.5455,,17.7033,7.2648,12.9729,25.9457,29.3187,38.6591,98.0748,12.9729,0.0,2.98,7.559998,1.364638,12,16,7,3,0E-8,0.13194173,,0E-8,0.000000,0.951820,0.000000,,2026-04-28,2026-06-04,11,18,18,38,0.289474,,,0.000000,,,,,,,,GLOBAL_BASELINE_NO_ENTITY_RANKING,,,NOT_APPLICABLE_GLOBAL_BASELINE,HF9g-P5,,,,X 全窗基线 · 不参与实体赏罚,6873204,688,A168_HF9F_20260827_0900,2026-08-27 09:00:00
2026-06-28,152212788,2196,0,227.5824825777,-77.1466042636,-77.1466042636,0.3333333,3,3,0.49771390000000000,0.497713900000,-0.5694369385616226,-0.5694369385616226,-0.5694369385616226,0E-17,ELIGIBLE,R03b_20260811_FULL_v1,L1_ELIGIBILITY,v2026-08-11,2026-03-21..2026-08-06,baccarat_bet02_101_all_pairs_incl_sentinel,round_win = game_pnl > 0 (decisive only),COMPATIBILITY_ONLY_NOT_PRODUCTION,318.6155,318.6155,168.1796,4,4,-0.52784504,,-0.52784504,-0.52784504,-168.1796,318.6155,THIN_EXPOSURE,0.0000,6.7272,4.0000,96.0000,AG03-UNRESOLVED,ALL5_LEVELS_bet23_to_bet27,6.7272,6.7272,6.7272,8.4090,8.4090,4.000000,4.000000,4.000000,5.000000,5.000000,96.000000,96.000000,96.000000,95.000000,95.000000,5.0,36.9995,33.8925,131.1801,134.2871,PENDING_AG03,FALSE,NOT_FOR_ENFORCEMENT,161.4524,305.8709,168.1796,161.4524,6.7272,0.52784504,0.50673123,6.7272,161.4524,0.50673123,6.7272,6.7272,6.7272,8.4090,8.4090,161.4524,0.50673123,36.9995,33.8925,131.1801,134.2871,0.41171913,0.42147066,0.02111380,79.6539,79.6539,42.0449,168.1796,84.0898,318.6155,4.0000,,79.6539,45.0022,84.0898,114.3055,137.5781,137.5781,137.5781,84.0898,-51.9454,1.636086,1.636086,0.947248,2,2,2,2,0E-8,0.52784504,,0E-8,0.000000,1.000000,0.000000,,2026-06-28,2026-06-28,1,2,2,1,1.000000,,,0.000000,,,,,,,,GLOBAL_BASELINE_NO_ENTITY_RANKING,,,NOT_APPLICABLE_GLOBAL_BASELINE,HF9g-P5,,,,X 全窗基线 · 不参与实体赏罚,6873205,688,A168_HF9F_20260827_0900,2026-08-27 09:00:00
2026-06-28,152212788,462,0,91.0329930311,-91.0329930311,-91.0329930311,0E-7,1,1,0.50665070000000000,0.506650700000,-1.013391052207602,-1.013391052207602,-1.013391052207602,0E-17,ELIGIBLE,R03b_20260811_FULL_v1,L1_ELIGIBILITY,v2026-08-11,2026-03-21..2026-08-06,baccarat_bet02_101_all_pairs_incl_sentinel,round_win = game_pnl > 0 (decisive only),COMPATIBILITY_ONLY_NOT_PRODUCTION,318.6155,318.6155,168.1796,4,4,-0.52784504,,-0.52784504,-0.52784504,-168.1796,318.6155,THIN_EXPOSURE,0.0000,6.7272,4.0000,96.0000,AG03-UNRESOLVED,ALL5_LEVELS_bet23_to_bet27,6.7272,6.7272,6.7272,8.4090,8.4090,4.000000,4.000000,4.000000,5.000000,5.000000,96.000000,96.000000,96.000000,95.000000,95.000000,5.0,36.9995,33.8925,131.1801,134.2871,PENDING_AG03,FALSE,NOT_FOR_ENFORCEMENT,161.4524,305.8709,168.1796,161.4524,6.7272,0.52784504,0.50673123,6.7272,161.4524,0.50673123,6.7272,6.7272,6.7272,8.4090,8.4090,161.4524,0.50673123,36.9995,33.8925,131.1801,134.2871,0.41171913,0.42147066,0.02111380,79.6539,79.6539,42.0449,168.1796,84.0898,318.6155,4.0000,,79.6539,45.0022,84.0898,114.3055,137.5781,137.5781,137.5781,84.0898,-51.9454,1.636086,1.636086,0.947248,2,2,2,2,0E-8,0.52784504,,0E-8,0.000000,1.000000,0.000000,,2026-06-28,2026-06-28,1,2,2,1,1.000000,,,0.000000,,,,,,,,GLOBAL_BASELINE_NO_ENTITY_RANKING,,,NOT_APPLICABLE_GLOBAL_BASELINE,HF9g-P5,,,,X 全窗基线 · 不参与实体赏罚,6873206,688,A168_HF9F_20260827_0900,2026-08-27 09:00:00
2026-06-04,150977783,-1,1,51.4310695090,-51.4310695090,-51.4310695090,0E-7,2,2,0.50665070000000000,0.506650700000,-1.4331513700195317,-1.4331513700195317,-1.4331513700195317,0E-17,SENTINEL_DEALER,R03b_20260811_FULL_v1,L1_ELIGIBILITY,v2026-08-11,2026-03-21..2026-08-06,baccarat_bet02_101_all_pairs_incl_sentinel,round_win = game_pnl > 0 (decisive only),COMPATIBILITY_ONLY_NOT_PRODUCTION,168.1796,168.1796,168.1796,6,4,-1.00000000,,-1.00000000,-1.00000000,-168.1796,168.1796,THIN_EXPOSURE,0.0000,6.7272,4.0000,96.0000,AG03-UNRESOLVED,ALL5_LEVELS_bet23_to_bet27,6.7272,6.7272,8.4090,8.4090,8.4090,4.000000,4.000000,5.000000,5.000000,5.000000,96.000000,96.000000,95.000000,95.000000,95.000000,5.0,38.6813,35.2913,129.4983,132.8883,PENDING_AG03,FALSE,NOT_FOR_ENFORCEMENT,161.4524,161.4524,168.1796,161.4524,6.7272,1.00000000,0.96000000,6.7272,161.4524,0.96000000,6.7272,6.7272,8.4090,8.4090,8.4090,161.4524,0.96000000,38.6813,35.2913,129.4983,132.8883,0.77000000,0.7901568,0.04000000,28.0299,42.0449,42.0449,168.1796,42.0449,168.1796,4.0000,,28.0299,7.7147,25.7155,51.4311,51.4311,51.4311,51.4311,25.7155,-25.7155,2.0,2.0,1.09,4,3,2,4,0E-8,1.00000000,,0E-8,0.000000,1.000000,0.000000,,2026-06-04,2026-06-04,1,4,4,1,1.000000,,,0.000000,,,,,,,,GLOBAL_BASELINE_NO_ENTITY_RANKING,,,NOT_APPLICABLE_GLOBAL_BASELINE,HF9g-P5,,,,X 全窗基线 · 不参与实体赏罚,6873207,688,A168_HF9F_20260827_0900,2026-08-27 09:00:00
2026-06-04,150977783,2175,0,65.3174582766,-65.3174582766,-65.3174582766,0E-7,3,1,0.39979827795253873,0.197889300000,-0.816153487997519,-0.4966998184331015,-0.816153487997519,0.20190897795253873,ELIGIBLE,R03b_20260811_FULL_v1,L1_ELIGIBILITY,v2026-08-11,2026-03-21..2026-08-06,baccarat_bet02_101_all_pairs_incl_sentinel,round_win = game_pnl > 0 (decisive only),COMPATIBILITY_ONLY_NOT_PRODUCTION,168.1796,168.1796,168.1796,6,4,-1.00000000,,-1.00000000,-1.00000000,-168.1796,168.1796,THIN_EXPOSURE,0.0000,6.7272,4.0000,96.0000,AG03-UNRESOLVED,ALL5_LEVELS_bet23_to_bet27,6.7272,6.7272,8.4090,8.4090,8.4090,4.000000,4.000000,5.000000,5.000000,5.000000,96.000000,96.000000,95.000000,95.000000,95.000000,5.0,38.6813,35.2913,129.4983,132.8883,PENDING_AG03,FALSE,NOT_FOR_ENFORCEMENT,161.4524,161.4524,168.1796,161.4524,6.7272,1.00000000,0.96000000,6.7272,161.4524,0.96000000,6.7272,6.7272,8.4090,8.4090,8.4090,161.4524,0.96000000,38.6813,35.2913,129.4983,132.8883,0.77000000,0.7901568,0.04000000,28.0299,42.0449,42.0449,168.1796,42.0449,168.1796,4.0000,,28.0299,7.7147,25.7155,51.4311,51.4311,51.4311,51.4311,25.7155,-25.7155,2.0,2.0,1.09,4,3,2,4,0E-8,1.00000000,,0E-8,0.000000,1.000000,0.000000,,2026-06-04,2026-06-04,1,4,4,1,1.000000,,,0.000000,,,,,,,,GLOBAL_BASELINE_NO_ENTITY_RANKING,,,NOT_APPLICABLE_GLOBAL_BASELINE,HF9g-P5,,,,X 全窗基线 · 不参与实体赏罚,6873208,688,A168_HF9F_20260827_0900,2026-08-27 09:00:00
2026-06-04,150977783,2266,0,51.4310695091,-51.4310695091,-51.4310695091,0E-7,1,1,0.50665070000000000,0.506650700000,-1.013391052207602,-1.013391052207602,-1.013391052207602,0E-17,ELIGIBLE,R03b_20260811_FULL_v1,L1_ELIGIBILITY,v2026-08-11,2026-03-21..2026-08-06,baccarat_bet02_101_all_pairs_incl_sentinel,round_win = game_pnl > 0 (decisive only),COMPATIBILITY_ONLY_NOT_PRODUCTION,168.1796,168.1796,168.1796,6,4,-1.00000000,,-1.00000000,-1.00000000,-168.1796,168.1796,THIN_EXPOSURE,0.0000,6.7272,4.0000,96.0000,AG03-UNRESOLVED,ALL5_LEVELS_bet23_to_bet27,6.7272,6.7272,8.4090,8.4090,8.4090,4.000000,4.000000,5.000000,5.000000,5.000000,96.000000,96.000000,95.000000,95.000000,95.000000,5.0,38.6813,35.2913,129.4983,132.8883,PENDING_AG03,FALSE,NOT_FOR_ENFORCEMENT,161.4524,161.4524,168.1796,161.4524,6.7272,1.00000000,0.96000000,6.7272,161.4524,0.96000000,6.7272,6.7272,8.4090,8.4090,8.4090,161.4524,0.96000000,38.6813,35.2913,129.4983,132.8883,0.77000000,0.7901568,0.04000000,28.0299,42.0449,42.0449,168.1796,42.0449,168.1796,4.0000,,28.0299,7.7147,25.7155,51.4311,51.4311,51.4311,51.4311,25.7155,-25.7155,2.0,2.0,1.09,4,3,2,4,0E-8,1.00000000,,0E-8,0.000000,1.000000,0.000000,,2026-06-04,2026-06-04,1,4,4,1,1.000000,,,0.000000,,,,,,,,GLOBAL_BASELINE_NO_ENTITY_RANKING,,,NOT_APPLICABLE_GLOBAL_BASELINE,HF9g-P5,,,,X 全窗基线 · 不参与实体赏罚,6873209,688,A168_HF9F_20260827_0900,2026-08-27 09:00:00
2026-06-22,151919292,595,0,168.1795972948,-168.1795972948,-168.1795972948,0E-7,3,3,0.50665070000000000,0.506650700000,-1.7552447903592512,-1.7552447903592512,-1.7552447903592512,0E-17,ELIGIBLE,R03b_20260811_FULL_v1,L1_ELIGIBILITY,v2026-08-11,2026-03-21..2026-08-06,baccarat_bet02_101_all_pairs_incl_sentinel,round_win = game_pnl > 0 (decisive only),COMPATIBILITY_ONLY_NOT_PRODUCTION,168.1796,168.1796,168.1796,3,3,-1.00000000,,-1.00000000,-1.00000000,-168.1796,168.1796,THIN_EXPOSURE,0.0000,6.7272,4.0000,96.0000,AG03-UNRESOLVED,ALL5_LEVELS_bet23_to_bet27,6.7272,6.7272,6.7272,6.7272,6.7272,4.000000,4.000000,4.000000,4.000000,4.000000,96.000000,96.000000,96.000000,96.000000,96.000000,5.0,33.6359,31.0505,134.5437,137.1291,PENDING_AG03,FALSE,NOT_FOR_ENFORCEMENT,161.4524,161.4524,168.1796,161.4524,6.7272,1.00000000,0.96000000,6.7272,161.4524,0.96000000,6.7272,6.7272,6.7272,6.7272,6.7272,161.4524,0.96000000,33.6359,31.0505,134.5437,137.1291,0.80000000,0.8153727,0.04000000,56.0599,56.0599,56.0599,168.1796,168.1796,168.1796,3.0000,,56.0599,51.6882,52.4597,61.3315,64.2888,64.2888,64.2888,52.4597,-52.4597,1.22549,1.22549,1.068627,1,1,1,1,0E-8,1.00000000,,0E-8,0.000000,1.000000,0.000000,,2026-06-22,2026-06-22,1,1,1,1,1.000000,,,0.000000,,,,,,,,GLOBAL_BASELINE_NO_ENTITY_RANKING,,,NOT_APPLICABLE_GLOBAL_BASELINE,HF9g-P5,,,,X 全窗基线 · 不参与实体赏罚,6873210,688,A168_HF9F_20260827_0900,2026-08-27 09:00:00
2026-04-28,149294153,2088,0,73.7882908524,-42.1647376299,-42.1647376299,0E-7,7,3,0.37122040476186541,0.247330677778,-1.330844540759843,-0.9928817169163044,-1.330844540759843,0.12388972698386541,ELIGIBLE,R03b_20260811_FULL_v1,L1_ELIGIBILITY,v2026-08-11,2026-03-21..2026-08-06,baccarat_bet02_101_all_pairs_incl_sentinel,round_win = game_pnl > 0 (decisive only),COMPATIBILITY_ONLY_NOT_PRODUCTION,316.4099,295.3656,168.1914,23,16,-0.53156186,,-0.53156186,-0.53156186,-168.1914,316.4099,THIN_EXPOSURE,0.0000,6.7277,4.0000,96.0000,AG03-UNRESOLVED,ALL5_LEVELS_bet23_to_bet27,6.7277,6.7277,6.7277,10.0915,10.0915,4.000000,4.000000,4.000000,6.000000,6.000000,96.000000,96.000000,96.000000,94.000000,94.000000,5.0,40.3659,36.7073,127.8255,131.4841,PENDING_AG03,FALSE,NOT_FOR_ENFORCEMENT,161.4638,283.5510,168.1914,161.4638,6.7277,0.53156186,0.51029938,6.7277,161.4638,0.51029938,6.7277,6.7277,6.7277,10.0915,10.0915,161.4638,0.51029938,40.3659,36.7073,127.8255,131.4841,0.40398701,0.41554993,0.02126247,13.7570,18.4603,10.5120,56.0638,56.0638,105.4700,5.3333,,13.7570,7.9298,10.5412,21.0062,23.1266,32.5189,42.0124,10.5412,-2.1082,3.084942,3.985548,1.305067,3,3,3,5,0E-8,0.53156186,,0E-8,0.000000,0.933490,0.000000,,2026-04-28,2026-05-03,3,3,3,6,0.500000,,,0.000000,,,,,,,,GLOBAL_BASELINE_NO_ENTITY_RANKING,,,NOT_APPLICABLE_GLOBAL_BASELINE,HF9g-P5,,,,X 全窗基线 · 不参与实体赏罚,6873211,688,A168_HF9F_20260827_0900,2026-08-27 09:00:00
2026-05-01,149294153,2129,0,128.1378006512,-63.0080873858,-63.0080873858,0.3750000,9,8,0.49943168863638763,0.474486562500,-0.7038923813176429,-0.5635150859507346,-0.7038923813176429,0.02494512613638763,ELIGIBLE,R03b_20260811_FULL_v1,L1_ELIGIBILITY,v2026-08-11,2026-03-21..2026-08-06,baccarat_bet02_101_all_pairs_incl_sentinel,round_win = game_pnl > 0 (decisive only),COMPATIBILITY_ONLY_NOT_PRODUCTION,316.4099,295.3656,168.1914,23,16,-0.53156186,,-0.53156186,-0.53156186,-168.1914,316.4099,THIN_EXPOSURE,0.0000,6.7277,4.0000,96.0000,AG03-UNRESOLVED,ALL5_LEVELS_bet23_to_bet27,6.7277,6.7277,6.7277,10.0915,10.0915,4.000000,4.000000,4.000000,6.000000,6.000000,96.000000,96.000000,96.000000,94.000000,94.000000,5.0,40.3659,36.7073,127.8255,131.4841,PENDING_AG03,FALSE,NOT_FOR_ENFORCEMENT,161.4638,283.5510,168.1914,161.4638,6.7277,0.53156186,0.51029938,6.7277,161.4638,0.51029938,6.7277,6.7277,6.7277,10.0915,10.0915,161.4638,0.51029938,40.3659,36.7073,127.8255,131.4841,0.40398701,0.41554993,0.02126247,13.7570,18.4603,10.5120,56.0638,56.0638,105.4700,5.3333,,13.7570,7.9298,10.5412,21.0062,23.1266,32.5189,42.0124,10.5412,-2.1082,3.084942,3.985548,1.305067,3,3,3,5,0E-8,0.53156186,,0E-8,0.000000,0.933490,0.000000,,2026-04-28,2026-05-03,3,3,3,6,0.500000,,,0.000000,,,,,,,,GLOBAL_BASELINE_NO_ENTITY_RANKING,,,NOT_APPLICABLE_GLOBAL_BASELINE,HF9g-P5,,,,X 全窗基线 · 不参与实体赏罚,6873212,688,A168_HF9F_20260827_0900,2026-08-27 09:00:00
2026-05-03,149294153,970,0,114.4837727129,-63.0185904841,-63.0185904841,0.2000000,7,5,0.47883975515155354,0.406406500000,-1.2481275086747097,-0.9396875671230898,-1.2481275086747097,0.07243325515155354,ELIGIBLE,R03b_20260811_FULL_v1,L1_ELIGIBILITY,v2026-08-11,2026-03-21..2026-08-06,baccarat_bet02_101_all_pairs_incl_sentinel,round_win = game_pnl > 0 (decisive only),COMPATIBILITY_ONLY_NOT_PRODUCTION,316.4099,295.3656,168.1914,23,16,-0.53156186,,-0.53156186,-0.53156186,-168.1914,316.4099,THIN_EXPOSURE,0.0000,6.7277,4.0000,96.0000,AG03-UNRESOLVED,ALL5_LEVELS_bet23_to_bet27,6.7277,6.7277,6.7277,10.0915,10.0915,4.000000,4.000000,4.000000,6.000000,6.000000,96.000000,96.000000,96.000000,94.000000,94.000000,5.0,40.3659,36.7073,127.8255,131.4841,PENDING_AG03,FALSE,NOT_FOR_ENFORCEMENT,161.4638,283.5510,168.1914,161.4638,6.7277,0.53156186,0.51029938,6.7277,161.4638,0.51029938,6.7277,6.7277,6.7277,10.0915,10.0915,161.4638,0.51029938,40.3659,36.7073,127.8255,131.4841,0.40398701,0.41554993,0.02126247,13.7570,18.4603,10.5120,56.0638,56.0638,105.4700,5.3333,,13.7570,7.9298,10.5412,21.0062,23.1266,32.5189,42.0124,10.5412,-2.1082,3.084942,3.985548,1.305067,3,3,3,5,0E-8,0.53156186,,0E-8,0.000000,0.933490,0.000000,,2026-04-28,2026-05-03,3,3,3,6,0.500000,,,0.000000,,,,,,,,GLOBAL_BASELINE_NO_ENTITY_RANKING,,,NOT_APPLICABLE_GLOBAL_BASELINE,HF9g-P5,,,,X 全窗基线 · 不参与实体赏罚,6873213,688,A168_HF9F_20260827_0900,2026-08-27 09:00:00
2026-07-15,153055741,-1,1,550.2186976250,-59.0687977762,-59.0687977762,0.4545455,22,11,0.41235169488124257,0.296361459091,0.2842836818156013,1.148876144145574,0.2842836818156013,0.11599023579024257,SENTINEL_DEALER,R03b_20260811_FULL_v1,L1_ELIGIBILITY,v2026-08-11,2026-03-21..2026-08-06,baccarat_bet02_101_all_pairs_incl_sentinel,round_win = game_pnl > 0 (decisive only),COMPATIBILITY_ONLY_NOT_PRODUCTION,3125.9453,2849.4052,168.1928,124,62,-0.05380541,-0.05380541,,-0.05380541,-168.1928,3125.9453,OK,0.0000,6.7277,4.0000,96.0000,AG03-UNRESOLVED,ALL5_LEVELS_bet23_to_bet27,6.7277,6.7277,6.7277,10.0916,10.0916,4.000000,4.000000,4.000000,6.000000,6.000000,96.000000,96.000000,96.000000,94.000000,94.000000,5.0,40.3663,36.7076,127.8265,131.4852,PENDING_AG03,FALSE,NOT_FOR_ENFORCEMENT,161.4651,2735.4290,168.1928,161.4651,6.7277,0.05380541,0.05165320,6.7277,161.4651,0.05165320,6.7277,6.7277,6.7277,10.0916,10.0916,161.4651,0.05165320,40.3663,36.7076,127.8265,131.4852,0.04089211,0.04206253,0.00215222,25.2092,45.9581,2.7128,168.1928,6.4690,3125.9453,62.0000,25.2092,,10.2195,10.2195,40.8781,51.0976,51.0976,55.492,10.2195,-10.2195,5.0,5.430001,2.466774,22,19,1,3,1.00000000,0.05380541,0.05380541,0E-8,0.000000,0.911534,0.000000,,2026-07-15,2026-07-15,1,26,22,1,1.000000,,1.000000,3.333333,,,,,,,,GLOBAL_BASELINE_NO_ENTITY_RANKING,,,NOT_APPLICABLE_GLOBAL_BASELINE,HF9g-P5,,,,X 全窗基线 · 不参与实体赏罚,6873214,688,A168_HF9F_20260827_0900,2026-08-27 09:00:00
2026-07-15,153055741,1115,0,61.3170911172,-61.3170911172,-61.3170911172,0E-7,2,1,0.42680505000000000,0.293924150000,-0.8629062149761382,-0.6451964315166089,-0.8629062149761382,0.13288090000000000,ELIGIBLE,R03b_20260811_FULL_v1,L1_ELIGIBILITY,v2026-08-11,2026-03-21..2026-08-06,baccarat_bet02_101_all_pairs_incl_sentinel,round_win = game_pnl > 0 (decisive only),COMPATIBILITY_ONLY_NOT_PRODUCTION,3125.9453,2849.4052,168.1928,124,62,-0.05380541,-0.05380541,,-0.05380541,-168.1928,3125.9453,OK,0.0000,6.7277,4.0000,96.0000,AG03-UNRESOLVED,ALL5_LEVELS_bet23_to_bet27,6.7277,6.7277,6.7277,10.0916,10.0916,4.000000,4.000000,4.000000,6.000000,6.000000,96.000000,96.000000,96.000000,94.000000,94.000000,5.0,40.3663,36.7076,127.8265,131.4852,PENDING_AG03,FALSE,NOT_FOR_ENFORCEMENT,161.4651,2735.4290,168.1928,161.4651,6.7277,0.05380541,0.05165320,6.7277,161.4651,0.05165320,6.7277,6.7277,6.7277,10.0916,10.0916,161.4651,0.05165320,40.3663,36.7076,127.8265,131.4852,0.04089211,0.04206253,0.00215222,25.2092,45.9581,2.7128,168.1928,6.4690,3125.9453,62.0000,25.2092,,10.2195,10.2195,40.8781,51.0976,51.0976,55.492,10.2195,-10.2195,5.0,5.430001,2.466774,22,19,1,3,1.00000000,0.05380541,0.05380541,0E-8,0.000000,0.911534,0.000000,,2026-07-15,2026-07-15,1,26,22,1,1.000000,,1.000000,3.333333,,,,,,,,GLOBAL_BASELINE_NO_ENTITY_RANKING,,,NOT_APPLICABLE_GLOBAL_BASELINE,HF9g-P5,,,,X 全窗基线 · 不参与实体赏罚,6873215,688,A168_HF9F_20260827_0900,2026-08-27 09:00:00
2026-07-15,153055741,1210,0,91.9756366758,30.6585455586,30.6585455586,0.5000000,4,2,0.40355089250000000,0.293924150000,0.27802084466531723,0.6397330434626627,0.27802084466531723,0.10962674250000000,ELIGIBLE,R03b_20260811_FULL_v1,L1_ELIGIBILITY,v2026-08-11,2026-03-21..2026-08-06,baccarat_bet02_101_all_pairs_incl_sentinel,round_win = game_pnl > 0 (decisive only),COMPATIBILITY_ONLY_NOT_PRODUCTION,3125.9453,2849.4052,168.1928,124,62,-0.05380541,-0.05380541,,-0.05380541,-168.1928,3125.9453,OK,0.0000,6.7277,4.0000,96.0000,AG03-UNRESOLVED,ALL5_LEVELS_bet23_to_bet27,6.7277,6.7277,6.7277,10.0916,10.0916,4.000000,4.000000,4.000000,6.000000,6.000000,96.000000,96.000000,96.000000,94.000000,94.000000,5.0,40.3663,36.7076,127.8265,131.4852,PENDING_AG03,FALSE,NOT_FOR_ENFORCEMENT,161.4651,2735.4290,168.1928,161.4651,6.7277,0.05380541,0.05165320,6.7277,161.4651,0.05165320,6.7277,6.7277,6.7277,10.0916,10.0916,161.4651,0.05165320,40.3663,36.7076,127.8265,131.4852,0.04089211,0.04206253,0.00215222,25.2092,45.9581,2.7128,168.1928,6.4690,3125.9453,62.0000,25.2092,,10.2195,10.2195,40.8781,51.0976,51.0976,55.492,10.2195,-10.2195,5.0,5.430001,2.466774,22,19,1,3,1.00000000,0.05380541,0.05380541,0E-8,0.000000,0.911534,0.000000,,2026-07-15,2026-07-15,1,26,22,1,1.000000,,1.000000,3.333333,,,,,,,,GLOBAL_BASELINE_NO_ENTITY_RANKING,,,NOT_APPLICABLE_GLOBAL_BASELINE,HF9g-P5,,,,X 全窗基线 · 不参与实体赏罚,6873216,688,A168_HF9F_20260827_0900,2026-08-27 09:00:00
2026-07-15,153055741,1325,0,255.4878796550,204.3903037240,204.3903037240,0.8000000,12,6,0.38361875750000000,0.293924150000,1.914703516129834,2.484032657277659,1.914703516129834,0.08969460750000000,ELIGIBLE,R03b_20260811_FULL_v1,L1_ELIGIBILITY,v2026-08-11,2026-03-21..2026-08-06,baccarat_bet02_101_all_pairs_incl_sentinel,round_win = game_pnl > 0 (decisive only),COMPATIBILITY_ONLY_NOT_PRODUCTION,3125.9453,2849.4052,168.1928,124,62,-0.05380541,-0.05380541,,-0.05380541,-168.1928,3125.9453,OK,0.0000,6.7277,4.0000,96.0000,AG03-UNRESOLVED,ALL5_LEVELS_bet23_to_bet27,6.7277,6.7277,6.7277,10.0916,10.0916,4.000000,4.000000,4.000000,6.000000,6.000000,96.000000,96.000000,96.000000,94.000000,94.000000,5.0,40.3663,36.7076,127.8265,131.4852,PENDING_AG03,FALSE,NOT_FOR_ENFORCEMENT,161.4651,2735.4290,168.1928,161.4651,6.7277,0.05380541,0.05165320,6.7277,161.4651,0.05165320,6.7277,6.7277,6.7277,10.0916,10.0916,161.4651,0.05165320,40.3663,36.7076,127.8265,131.4852,0.04089211,0.04206253,0.00215222,25.2092,45.9581,2.7128,168.1928,6.4690,3125.9453,62.0000,25.2092,,10.2195,10.2195,40.8781,51.0976,51.0976,55.492,10.2195,-10.2195,5.0,5.430001,2.466774,22,19,1,3,1.00000000,0.05380541,0.05380541,0E-8,0.000000,0.911534,0.000000,,2026-07-15,2026-07-15,1,26,22,1,1.000000,,1.000000,3.333333,,,,,,,,GLOBAL_BASELINE_NO_ENTITY_RANKING,,,NOT_APPLICABLE_GLOBAL_BASELINE,HF9g-P5,,,,X 全窗基线 · 不参与实体赏罚,6873217,688,A168_HF9F_20260827_0900,2026-08-27 09:00:00
2026-07-15,153055741,1353,0,274.9049585088,-72.0475820627,-72.0475820627,0.3333333,12,6,0.40341157530612805,0.296158350000,-0.34990265222071154,0.19944673693937542,-0.34990265222071154,0.10725322530612805,ELIGIBLE,R03b_20260811_FULL_v1,L1_ELIGIBILITY,v2026-08-11,2026-03-21..2026-08-06,baccarat_bet02_101_all_pairs_incl_sentinel,round_win = game_pnl > 0 (decisive only),COMPATIBILITY_ONLY_NOT_PRODUCTION,3125.9453,2849.4052,168.1928,124,62,-0.05380541,-0.05380541,,-0.05380541,-168.1928,3125.9453,OK,0.0000,6.7277,4.0000,96.0000,AG03-UNRESOLVED,ALL5_LEVELS_bet23_to_bet27,6.7277,6.7277,6.7277,10.0916,10.0916,4.000000,4.000000,4.000000,6.000000,6.000000,96.000000,96.000000,96.000000,94.000000,94.000000,5.0,40.3663,36.7076,127.8265,131.4852,PENDING_AG03,FALSE,NOT_FOR_ENFORCEMENT,161.4651,2735.4290,168.1928,161.4651,6.7277,0.05380541,0.05165320,6.7277,161.4651,0.05165320,6.7277,6.7277,6.7277,10.0916,10.0916,161.4651,0.05165320,40.3663,36.7076,127.8265,131.4852,0.04089211,0.04206253,0.00215222,25.2092,45.9581,2.7128,168.1928,6.4690,3125.9453,62.0000,25.2092,,10.2195,10.2195,40.8781,51.0976,51.0976,55.492,10.2195,-10.2195,5.0,5.430001,2.466774,22,19,1,3,1.00000000,0.05380541,0.05380541,0E-8,0.000000,0.911534,0.000000,,2026-07-15,2026-07-15,1,26,22,1,1.000000,,1.000000,3.333333,,,,,,,,GLOBAL_BASELINE_NO_ENTITY_RANKING,,,NOT_APPLICABLE_GLOBAL_BASELINE,HF9g-P5,,,,X 全窗基线 · 不参与实体赏罚,6873218,688,A168_HF9F_20260827_0900,2026-08-27 09:00:00
2026-07-15,153055741,1383,0,132.8536974206,0E-10,0E-10,0.3333333,6,3,0.39579950666666667,0.293924150000,-0.22124698811878388,0.14983550927745232,-0.22124698811878388,0.10187535666666667,ELIGIBLE,R03b_20260811_FULL_v1,L1_ELIGIBILITY,v2026-08-11,2026-03-21..2026-08-06,baccarat_bet02_101_all_pairs_incl_sentinel,round_win = game_pnl > 0 (decisive only),COMPATIBILITY_ONLY_NOT_PRODUCTION,3125.9453,2849.4052,168.1928,124,62,-0.05380541,-0.05380541,,-0.05380541,-168.1928,3125.9453,OK,0.0000,6.7277,4.0000,96.0000,AG03-UNRESOLVED,ALL5_LEVELS_bet23_to_bet27,6.7277,6.7277,6.7277,10.0916,10.0916,4.000000,4.000000,4.000000,6.000000,6.000000,96.000000,96.000000,96.000000,94.000000,94.000000,5.0,40.3663,36.7076,127.8265,131.4852,PENDING_AG03,FALSE,NOT_FOR_ENFORCEMENT,161.4651,2735.4290,168.1928,161.4651,6.7277,0.05380541,0.05165320,6.7277,161.4651,0.05165320,6.7277,6.7277,6.7277,10.0916,10.0916,161.4651,0.05165320,40.3663,36.7076,127.8265,131.4852,0.04089211,0.04206253,0.00215222,25.2092,45.9581,2.7128,168.1928,6.4690,3125.9453,62.0000,25.2092,,10.2195,10.2195,40.8781,51.0976,51.0976,55.492,10.2195,-10.2195,5.0,5.430001,2.466774,22,19,1,3,1.00000000,0.05380541,0.05380541,0E-8,0.000000,0.911534,0.000000,,2026-07-15,2026-07-15,1,26,22,1,1.000000,,1.000000,3.333333,,,,,,,,GLOBAL_BASELINE_NO_ENTITY_RANKING,,,NOT_APPLICABLE_GLOBAL_BASELINE,HF9g-P5,,,,X 全窗基线 · 不参与实体赏罚,6873219,688,A168_HF9F_20260827_0900,2026-08-27 09:00:00
2026-07-15,153055741,1714,0,61.3170911172,40.8780607448,40.8780607448,1.0000000,2,1,0.42680505000000000,0.293924150000,1.158874490233742,1.549915577879723,1.158874490233742,0.13288090000000000,ELIGIBLE,R03b_20260811_FULL_v1,L1_ELIGIBILITY,v2026-08-11,2026-03-21..2026-08-06,baccarat_bet02_101_all_pairs_incl_sentinel,round_win = game_pnl > 0 (decisive only),COMPATIBILITY_ONLY_NOT_PRODUCTION,3125.9453,2849.4052,168.1928,124,62,-0.05380541,-0.05380541,,-0.05380541,-168.1928,3125.9453,OK,0.0000,6.7277,4.0000,96.0000,AG03-UNRESOLVED,ALL5_LEVELS_bet23_to_bet27,6.7277,6.7277,6.7277,10.0916,10.0916,4.000000,4.000000,4.000000,6.000000,6.000000,96.000000,96.000000,96.000000,94.000000,94.000000,5.0,40.3663,36.7076,127.8265,131.4852,PENDING_AG03,FALSE,NOT_FOR_ENFORCEMENT,161.4651,2735.4290,168.1928,161.4651,6.7277,0.05380541,0.05165320,6.7277,161.4651,0.05165320,6.7277,6.7277,6.7277,10.0916,10.0916,161.4651,0.05165320,40.3663,36.7076,127.8265,131.4852,0.04089211,0.04206253,0.00215222,25.2092,45.9581,2.7128,168.1928,6.4690,3125.9453,62.0000,25.2092,,10.2195,10.2195,40.8781,51.0976,51.0976,55.492,10.2195,-10.2195,5.0,5.430001,2.466774,22,19,1,3,1.00000000,0.05380541,0.05380541,0E-8,0.000000,0.911534,0.000000,,2026-07-15,2026-07-15,1,26,22,1,1.000000,,1.000000,3.333333,,,,,,,,GLOBAL_BASELINE_NO_ENTITY_RANKING,,,NOT_APPLICABLE_GLOBAL_BASELINE,HF9g-P5,,,,X 全窗基线 · 不参与实体赏罚,6873220,688,A168_HF9F_20260827_0900,2026-08-27 09:00:00
2026-07-15,153055741,1935,0,343.9888811675,29.8614233741,29.8614233741,0.6666667,12,6,0.43101835722804092,0.299509650000,1.1655822966127816,1.963455077320511,1.1655822966127816,0.13150870722804092,ELIGIBLE,R03b_20260811_FULL_v1,L1_ELIGIBILITY,v2026-08-11,2026-03-21..2026-08-06,baccarat_bet02_101_all_pairs_incl_sentinel,round_win = game_pnl > 0 (decisive only),COMPATIBILITY_ONLY_NOT_PRODUCTION,3125.9453,2849.4052,168.1928,124,62,-0.05380541,-0.05380541,,-0.05380541,-168.1928,3125.9453,OK,0.0000,6.7277,4.0000,96.0000,AG03-UNRESOLVED,ALL5_LEVELS_bet23_to_bet27,6.7277,6.7277,6.7277,10.0916,10.0916,4.000000,4.000000,4.000000,6.000000,6.000000,96.000000,96.000000,96.000000,94.000000,94.000000,5.0,40.3663,36.7076,127.8265,131.4852,PENDING_AG03,FALSE,NOT_FOR_ENFORCEMENT,161.4651,2735.4290,168.1928,161.4651,6.7277,0.05380541,0.05165320,6.7277,161.4651,0.05165320,6.7277,6.7277,6.7277,10.0916,10.0916,161.4651,0.05165320,40.3663,36.7076,127.8265,131.4852,0.04089211,0.04206253,0.00215222,25.2092,45.9581,2.7128,168.1928,6.4690,3125.9453,62.0000,25.2092,,10.2195,10.2195,40.8781,51.0976,51.0976,55.492,10.2195,-10.2195,5.0,5.430001,2.466774,22,19,1,3,1.00000000,0.05380541,0.05380541,0E-8,0.000000,0.911534,0.000000,,2026-07-15,2026-07-15,1,26,22,1,1.000000,,1.000000,3.333333,,,,,,,,GLOBAL_BASELINE_NO_ENTITY_RANKING,,,NOT_APPLICABLE_GLOBAL_BASELINE,HF9g-P5,,,,X 全窗基线 · 不参与实体赏罚,6873221,688,A168_HF9F_20260827_0900,2026-08-27 09:00:00
2026-07-15,153055741,2059,0,40.8780607448,-40.8780607448,-40.8780607448,0E-7,2,1,0.40363872500000000,0.300626750000,-0.8227003755306536,-0.655630731788307,-0.8227003755306536,0.10301197500000000,ELIGIBLE,R03b_20260811_FULL_v1,L1_ELIGIBILITY,v2026-08-11,2026-03-21..2026-08-06,baccarat_bet02_101_all_pairs_incl_sentinel,round_win = game_pnl > 0 (decisive only),COMPATIBILITY_ONLY_NOT_PRODUCTION,3125.9453,2849.4052,168.1928,124,62,-0.05380541,-0.05380541,,-0.05380541,-168.1928,3125.9453,OK,0.0000,6.7277,4.0000,96.0000,AG03-UNRESOLVED,ALL5_LEVELS_bet23_to_bet27,6.7277,6.7277,6.7277,10.0916,10.0916,4.000000,4.000000,4.000000,6.000000,6.000000,96.000000,96.000000,96.000000,94.000000,94.000000,5.0,40.3663,36.7076,127.8265,131.4852,PENDING_AG03,FALSE,NOT_FOR_ENFORCEMENT,161.4651,2735.4290,168.1928,161.4651,6.7277,0.05380541,0.05165320,6.7277,161.4651,0.05165320,6.7277,6.7277,6.7277,10.0916,10.0916,161.4651,0.05165320,40.3663,36.7076,127.8265,131.4852,0.04089211,0.04206253,0.00215222,25.2092,45.9581,2.7128,168.1928,6.4690,3125.9453,62.0000,25.2092,,10.2195,10.2195,40.8781,51.0976,51.0976,55.492,10.2195,-10.2195,5.0,5.430001,2.466774,22,19,1,3,1.00000000,0.05380541,0.05380541,0E-8,0.000000,0.911534,0.000000,,2026-07-15,2026-07-15,1,26,22,1,1.000000,,1.000000,3.333333,,,,,,,,GLOBAL_BASELINE_NO_ENTITY_RANKING,,,NOT_APPLICABLE_GLOBAL_BASELINE,HF9g-P5,,,,X 全窗基线 · 不参与实体赏罚,6873222,688,A168_HF9F_20260827_0900,2026-08-27 09:00:00
2026-07-15,153055741,2106,0,175.7756612027,-44.9658668193,-44.9658668193,0.5000000,8,4,0.40251584346593610,0.295599800000,0.3975661018743569,0.8958793141080399,0.3975661018743569,0.10691604346593610,ELIGIBLE,R03b_20260811_FULL_v1,L1_ELIGIBILITY,v2026-08-11,2026-03-21..2026-08-06,baccarat_bet02_101_all_pairs_incl_sentinel,round_win = game_pnl > 0 (decisive only),COMPATIBILITY_ONLY_NOT_PRODUCTION,3125.9453,2849.4052,168.1928,124,62,-0.05380541,-0.05380541,,-0.05380541,-168.1928,3125.9453,OK,0.0000,6.7277,4.0000,96.0000,AG03-UNRESOLVED,ALL5_LEVELS_bet23_to_bet27,6.7277,6.7277,6.7277,10.0916,10.0916,4.000000,4.000000,4.000000,6.000000,6.000000,96.000000,96.000000,96.000000,94.000000,94.000000,5.0,40.3663,36.7076,127.8265,131.4852,PENDING_AG03,FALSE,NOT_FOR_ENFORCEMENT,161.4651,2735.4290,168.1928,161.4651,6.7277,0.05380541,0.05165320,6.7277,161.4651,0.05165320,6.7277,6.7277,6.7277,10.0916,10.0916,161.4651,0.05165320,40.3663,36.7076,127.8265,131.4852,0.04089211,0.04206253,0.00215222,25.2092,45.9581,2.7128,168.1928,6.4690,3125.9453,62.0000,25.2092,,10.2195,10.2195,40.8781,51.0976,51.0976,55.492,10.2195,-10.2195,5.0,5.430001,2.466774,22,19,1,3,1.00000000,0.05380541,0.05380541,0E-8,0.000000,0.911534,0.000000,,2026-07-15,2026-07-15,1,26,22,1,1.000000,,1.000000,3.333333,,,,,,,,GLOBAL_BASELINE_NO_ENTITY_RANKING,,,NOT_APPLICABLE_GLOBAL_BASELINE,HF9g-P5,,,,X 全窗基线 · 不参与实体赏罚,6873223,688,A168_HF9F_20260827_0900,2026-08-27 09:00:00
2026-07-15,153055741,2134,0,81.7561214896,-81.7561214896,-81.7561214896,0E-7,4,2,0.39861177500000000,0.297275450000,-1.1513638760989202,-0.9198181129370825,-1.1513638760989202,0.10133632500000000,ELIGIBLE,R03b_20260811_FULL_v1,L1_ELIGIBILITY,v2026-08-11,2026-03-21..2026-08-06,baccarat_bet02_101_all_pairs_incl_sentinel,round_win = game_pnl > 0 (decisive only),COMPATIBILITY_ONLY_NOT_PRODUCTION,3125.9453,2849.4052,168.1928,124,62,-0.05380541,-0.05380541,,-0.05380541,-168.1928,3125.9453,OK,0.0000,6.7277,4.0000,96.0000,AG03-UNRESOLVED,ALL5_LEVELS_bet23_to_bet27,6.7277,6.7277,6.7277,10.0916,10.0916,4.000000,4.000000,4.000000,6.000000,6.000000,96.000000,96.000000,96.000000,94.000000,94.000000,5.0,40.3663,36.7076,127.8265,131.4852,PENDING_AG03,FALSE,NOT_FOR_ENFORCEMENT,161.4651,2735.4290,168.1928,161.4651,6.7277,0.05380541,0.05165320,6.7277,161.4651,0.05165320,6.7277,6.7277,6.7277,10.0916,10.0916,161.4651,0.05165320,40.3663,36.7076,127.8265,131.4852,0.04089211,0.04206253,0.00215222,25.2092,45.9581,2.7128,168.1928,6.4690,3125.9453,62.0000,25.2092,,10.2195,10.2195,40.8781,51.0976,51.0976,55.492,10.2195,-10.2195,5.0,5.430001,2.466774,22,19,1,3,1.00000000,0.05380541,0.05380541,0E-8,0.000000,0.911534,0.000000,,2026-07-15,2026-07-15,1,26,22,1,1.000000,,1.000000,3.333333,,,,,,,,GLOBAL_BASELINE_NO_ENTITY_RANKING,,,NOT_APPLICABLE_GLOBAL_BASELINE,HF9g-P5,,,,X 全窗基线 · 不参与实体赏罚,6873224,688,A168_HF9F_20260827_0900,2026-08-27 09:00:00
2026-07-15,153055741,2170,0,122.6341822344,-22.9939091690,-22.9939091690,0.5000000,4,2,0.43797605000000000,0.300626750000,0.17679575212256196,0.6149128471998733,0.17679575212256196,0.13734930000000000,ELIGIBLE,R03b_20260811_FULL_v1,L1_ELIGIBILITY,v2026-08-11,2026-03-21..2026-08-06,baccarat_bet02_101_all_pairs_incl_sentinel,round_win = game_pnl > 0 (decisive only),COMPATIBILITY_ONLY_NOT_PRODUCTION,3125.9453,2849.4052,168.1928,124,62,-0.05380541,-0.05380541,,-0.05380541,-168.1928,3125.9453,OK,0.0000,6.7277,4.0000,96.0000,AG03-UNRESOLVED,ALL5_LEVELS_bet23_to_bet27,6.7277,6.7277,6.7277,10.0916,10.0916,4.000000,4.000000,4.000000,6.000000,6.000000,96.000000,96.000000,96.000000,94.000000,94.000000,5.0,40.3663,36.7076,127.8265,131.4852,PENDING_AG03,FALSE,NOT_FOR_ENFORCEMENT,161.4651,2735.4290,168.1928,161.4651,6.7277,0.05380541,0.05165320,6.7277,161.4651,0.05165320,6.7277,6.7277,6.7277,10.0916,10.0916,161.4651,0.05165320,40.3663,36.7076,127.8265,131.4852,0.04089211,0.04206253,0.00215222,25.2092,45.9581,2.7128,168.1928,6.4690,3125.9453,62.0000,25.2092,,10.2195,10.2195,40.8781,51.0976,51.0976,55.492,10.2195,-10.2195,5.0,5.430001,2.466774,22,19,1,3,1.00000000,0.05380541,0.05380541,0E-8,0.000000,0.911534,0.000000,,2026-07-15,2026-07-15,1,26,22,1,1.000000,,1.000000,3.333333,,,,,,,,GLOBAL_BASELINE_NO_ENTITY_RANKING,,,NOT_APPLICABLE_GLOBAL_BASELINE,HF9g-P5,,,,X 全窗基线 · 不参与实体赏罚,6873225,688,A168_HF9F_20260827_0900,2026-08-27 09:00:00
2026-07-15,153055741,2171,0,153.2927277930,10.2195151862,10.2195151862,0.6666667,6,3,0.41130227833333333,0.293924150000,0.8988644928005175,1.417184018803805,0.8988644928005175,0.11737812833333333,ELIGIBLE,R03b_20260811_FULL_v1,L1_ELIGIBILITY,v2026-08-11,2026-03-21..2026-08-06,baccarat_bet02_101_all_pairs_incl_sentinel,round_win = game_pnl > 0 (decisive only),COMPATIBILITY_ONLY_NOT_PRODUCTION,3125.9453,2849.4052,168.1928,124,62,-0.05380541,-0.05380541,,-0.05380541,-168.1928,3125.9453,OK,0.0000,6.7277,4.0000,96.0000,AG03-UNRESOLVED,ALL5_LEVELS_bet23_to_bet27,6.7277,6.7277,6.7277,10.0916,10.0916,4.000000,4.000000,4.000000,6.000000,6.000000,96.000000,96.000000,96.000000,94.000000,94.000000,5.0,40.3663,36.7076,127.8265,131.4852,PENDING_AG03,FALSE,NOT_FOR_ENFORCEMENT,161.4651,2735.4290,168.1928,161.4651,6.7277,0.05380541,0.05165320,6.7277,161.4651,0.05165320,6.7277,6.7277,6.7277,10.0916,10.0916,161.4651,0.05165320,40.3663,36.7076,127.8265,131.4852,0.04089211,0.04206253,0.00215222,25.2092,45.9581,2.7128,168.1928,6.4690,3125.9453,62.0000,25.2092,,10.2195,10.2195,40.8781,51.0976,51.0976,55.492,10.2195,-10.2195,5.0,5.430001,2.466774,22,19,1,3,1.00000000,0.05380541,0.05380541,0E-8,0.000000,0.911534,0.000000,,2026-07-15,2026-07-15,1,26,22,1,1.000000,,1.000000,3.333333,,,,,,,,GLOBAL_BASELINE_NO_ENTITY_RANKING,,,NOT_APPLICABLE_GLOBAL_BASELINE,HF9g-P5,,,,X 全窗基线 · 不参与实体赏罚,6873226,688,A168_HF9F_20260827_0900,2026-08-27 09:00:00
2026-07-15,153055741,2175,0,62.1346523321,41.6956219597,41.6956219597,1.0000000,2,1,0.42767926644737264,0.293924150000,1.1568062902235468,1.549915577879723,1.1568062902235468,0.13375511644737264,ELIGIBLE,R03b_20260811_FULL_v1,L1_ELIGIBILITY,v2026-08-11,2026-03-21..2026-08-06,baccarat_bet02_101_all_pairs_incl_sentinel,round_win = game_pnl > 0 (decisive only),COMPATIBILITY_ONLY_NOT_PRODUCTION,3125.9453,2849.4052,168.1928,124,62,-0.05380541,-0.05380541,,-0.05380541,-168.1928,3125.9453,OK,0.0000,6.7277,4.0000,96.0000,AG03-UNRESOLVED,ALL5_LEVELS_bet23_to_bet27,6.7277,6.7277,6.7277,10.0916,10.0916,4.000000,4.000000,4.000000,6.000000,6.000000,96.000000,96.000000,96.000000,94.000000,94.000000,5.0,40.3663,36.7076,127.8265,131.4852,PENDING_AG03,FALSE,NOT_FOR_ENFORCEMENT,161.4651,2735.4290,168.1928,161.4651,6.7277,0.05380541,0.05165320,6.7277,161.4651,0.05165320,6.7277,6.7277,6.7277,10.0916,10.0916,161.4651,0.05165320,40.3663,36.7076,127.8265,131.4852,0.04089211,0.04206253,0.00215222,25.2092,45.9581,2.7128,168.1928,6.4690,3125.9453,62.0000,25.2092,,10.2195,10.2195,40.8781,51.0976,51.0976,55.492,10.2195,-10.2195,5.0,5.430001,2.466774,22,19,1,3,1.00000000,0.05380541,0.05380541,0E-8,0.000000,0.911534,0.000000,,2026-07-15,2026-07-15,1,26,22,1,1.000000,,1.000000,3.333333,,,,,,,,GLOBAL_BASELINE_NO_ENTITY_RANKING,,,NOT_APPLICABLE_GLOBAL_BASELINE,HF9g-P5,,,,X 全窗基线 · 不参与实体赏罚,6873227,688,A168_HF9F_20260827_0900,2026-08-27 09:00:00
2026-07-15,153055741,2196,0,173.7317581654,10.2195151862,10.2195151862,0.7500000,8,4,0.40124889875000000,0.295599800000,1.4230347121702296,1.9916210429664751,1.4230347121702296,0.10564909875000000,ELIGIBLE,R03b_20260811_FULL_v1,L1_ELIGIBILITY,v2026-08-11,2026-03-21..2026-08-06,baccarat_bet02_101_all_pairs_incl_sentinel,round_win = game_pnl > 0 (decisive only),COMPATIBILITY_ONLY_NOT_PRODUCTION,3125.9453,2849.4052,168.1928,124,62,-0.05380541,-0.05380541,,-0.05380541,-168.1928,3125.9453,OK,0.0000,6.7277,4.0000,96.0000,AG03-UNRESOLVED,ALL5_LEVELS_bet23_to_bet27,6.7277,6.7277,6.7277,10.0916,10.0916,4.000000,4.000000,4.000000,6.000000,6.000000,96.000000,96.000000,96.000000,94.000000,94.000000,5.0,40.3663,36.7076,127.8265,131.4852,PENDING_AG03,FALSE,NOT_FOR_ENFORCEMENT,161.4651,2735.4290,168.1928,161.4651,6.7277,0.05380541,0.05165320,6.7277,161.4651,0.05165320,6.7277,6.7277,6.7277,10.0916,10.0916,161.4651,0.05165320,40.3663,36.7076,127.8265,131.4852,0.04089211,0.04206253,0.00215222,25.2092,45.9581,2.7128,168.1928,6.4690,3125.9453,62.0000,25.2092,,10.2195,10.2195,40.8781,51.0976,51.0976,55.492,10.2195,-10.2195,5.0,5.430001,2.466774,22,19,1,3,1.00000000,0.05380541,0.05380541,0E-8,0.000000,0.911534,0.000000,,2026-07-15,2026-07-15,1,26,22,1,1.000000,,1.000000,3.333333,,,,,,,,GLOBAL_BASELINE_NO_ENTITY_RANKING,,,NOT_APPLICABLE_GLOBAL_BASELINE,HF9g-P5,,,,X 全窗基线 · 不参与实体赏罚,6873228,688,A168_HF9F_20260827_0900,2026-08-27 09:00:00
2026-07-15,153055741,2280,0,225.8512856151,-50.4844050198,-50.4844050198,0.5000000,8,4,0.43168273545708555,0.300626750000,0.2758561683967649,0.8696180881875154,0.2758561683967649,0.13105598545708555,ELIGIBLE,R03b_20260811_FULL_v1,L1_ELIGIBILITY,v2026-08-11,2026-03-21..2026-08-06,baccarat_bet02_101_all_pairs_incl_sentinel,round_win = game_pnl > 0 (decisive only),COMPATIBILITY_ONLY_NOT_PRODUCTION,3125.9453,2849.4052,168.1928,124,62,-0.05380541,-0.05380541,,-0.05380541,-168.1928,3125.9453,OK,0.0000,6.7277,4.0000,96.0000,AG03-UNRESOLVED,ALL5_LEVELS_bet23_to_bet27,6.7277,6.7277,6.7277,10.0916,10.0916,4.000000,4.000000,4.000000,6.000000,6.000000,96.000000,96.000000,96.000000,94.000000,94.000000,5.0,40.3663,36.7076,127.8265,131.4852,PENDING_AG03,FALSE,NOT_FOR_ENFORCEMENT,161.4651,2735.4290,168.1928,161.4651,6.7277,0.05380541,0.05165320,6.7277,161.4651,0.05165320,6.7277,6.7277,6.7277,10.0916,10.0916,161.4651,0.05165320,40.3663,36.7076,127.8265,131.4852,0.04089211,0.04206253,0.00215222,25.2092,45.9581,2.7128,168.1928,6.4690,3125.9453,62.0000,25.2092,,10.2195,10.2195,40.8781,51.0976,51.0976,55.492,10.2195,-10.2195,5.0,5.430001,2.466774,22,19,1,3,1.00000000,0.05380541,0.05380541,0E-8,0.000000,0.911534,0.000000,,2026-07-15,2026-07-15,1,26,22,1,1.000000,,1.000000,3.333333,,,,,,,,GLOBAL_BASELINE_NO_ENTITY_RANKING,,,NOT_APPLICABLE_GLOBAL_BASELINE,HF9g-P5,,,,X 全窗基线 · 不参与实体赏罚,6873229,688,A168_HF9F_20260827_0900,2026-08-27 09:00:00
2026-07-15,153055741,462,0,61.3170911172,-61.3170911172,-61.3170911172,0E-7,2,1,0.43797605000000000,0.300626750000,-0.8827704148093826,-0.655630731788307,-0.8827704148093826,0.13734930000000000,ELIGIBLE,R03b_20260811_FULL_v1,L1_ELIGIBILITY,v2026-08-11,2026-03-21..2026-08-06,baccarat_bet02_101_all_pairs_incl_sentinel,round_win = game_pnl > 0 (decisive only),COMPATIBILITY_ONLY_NOT_PRODUCTION,3125.9453,2849.4052,168.1928,124,62,-0.05380541,-0.05380541,,-0.05380541,-168.1928,3125.9453,OK,0.0000,6.7277,4.0000,96.0000,AG03-UNRESOLVED,ALL5_LEVELS_bet23_to_bet27,6.7277,6.7277,6.7277,10.0916,10.0916,4.000000,4.000000,4.000000,6.000000,6.000000,96.000000,96.000000,96.000000,94.000000,94.000000,5.0,40.3663,36.7076,127.8265,131.4852,PENDING_AG03,FALSE,NOT_FOR_ENFORCEMENT,161.4651,2735.4290,168.1928,161.4651,6.7277,0.05380541,0.05165320,6.7277,161.4651,0.05165320,6.7277,6.7277,6.7277,10.0916,10.0916,161.4651,0.05165320,40.3663,36.7076,127.8265,131.4852,0.04089211,0.04206253,0.00215222,25.2092,45.9581,2.7128,168.1928,6.4690,3125.9453,62.0000,25.2092,,10.2195,10.2195,40.8781,51.0976,51.0976,55.492,10.2195,-10.2195,5.0,5.430001,2.466774,22,19,1,3,1.00000000,0.05380541,0.05380541,0E-8,0.000000,0.911534,0.000000,,2026-07-15,2026-07-15,1,26,22,1,1.000000,,1.000000,3.333333,,,,,,,,GLOBAL_BASELINE_NO_ENTITY_RANKING,,,NOT_APPLICABLE_GLOBAL_BASELINE,HF9g-P5,,,,X 全窗基线 · 不参与实体赏罚,6873230,688,A168_HF9F_20260827_0900,2026-08-27 09:00:00
2026-07-15,153055741,526,0,195.1927400565,20.0302497649,20.0302497649,0.6666667,6,3,0.44175924733896074,0.300626750000,0.7844419600976348,1.3826770541014297,0.7844419600976348,0.14113249733896074,ELIGIBLE,R03b_20260811_FULL_v1,L1_ELIGIBILITY,v2026-08-11,2026-03-21..2026-08-06,baccarat_bet02_101_all_pairs_incl_sentinel,round_win = game_pnl > 0 (decisive only),COMPATIBILITY_ONLY_NOT_PRODUCTION,3125.9453,2849.4052,168.1928,124,62,-0.05380541,-0.05380541,,-0.05380541,-168.1928,3125.9453,OK,0.0000,6.7277,4.0000,96.0000,AG03-UNRESOLVED,ALL5_LEVELS_bet23_to_bet27,6.7277,6.7277,6.7277,10.0916,10.0916,4.000000,4.000000,4.000000,6.000000,6.000000,96.000000,96.000000,96.000000,94.000000,94.000000,5.0,40.3663,36.7076,127.8265,131.4852,PENDING_AG03,FALSE,NOT_FOR_ENFORCEMENT,161.4651,2735.4290,168.1928,161.4651,6.7277,0.05380541,0.05165320,6.7277,161.4651,0.05165320,6.7277,6.7277,6.7277,10.0916,10.0916,161.4651,0.05165320,40.3663,36.7076,127.8265,131.4852,0.04089211,0.04206253,0.00215222,25.2092,45.9581,2.7128,168.1928,6.4690,3125.9453,62.0000,25.2092,,10.2195,10.2195,40.8781,51.0976,51.0976,55.492,10.2195,-10.2195,5.0,5.430001,2.466774,22,19,1,3,1.00000000,0.05380541,0.05380541,0E-8,0.000000,0.911534,0.000000,,2026-07-15,2026-07-15,1,26,22,1,1.000000,,1.000000,3.333333,,,,,,,,GLOBAL_BASELINE_NO_ENTITY_RANKING,,,NOT_APPLICABLE_GLOBAL_BASELINE,HF9g-P5,,,,X 全窗基线 · 不参与实体赏罚,6873231,688,A168_HF9F_20260827_0900,2026-08-27 09:00:00
2026-07-15,153055741,627,0,61.3170911172,-61.3170911172,-61.3170911172,0E-7,2,1,0.43797605000000000,0.300626750000,-0.8827704148093826,-0.655630731788307,-0.8827704148093826,0.13734930000000000,ELIGIBLE,R03b_20260811_FULL_v1,L1_ELIGIBILITY,v2026-08-11,2026-03-21..2026-08-06,baccarat_bet02_101_all_pairs_incl_sentinel,round_win = game_pnl > 0 (decisive only),COMPATIBILITY_ONLY_NOT_PRODUCTION,3125.9453,2849.4052,168.1928,124,62,-0.05380541,-0.05380541,,-0.05380541,-168.1928,3125.9453,OK,0.0000,6.7277,4.0000,96.0000,AG03-UNRESOLVED,ALL5_LEVELS_bet23_to_bet27,6.7277,6.7277,6.7277,10.0916,10.0916,4.000000,4.000000,4.000000,6.000000,6.000000,96.000000,96.000000,96.000000,94.000000,94.000000,5.0,40.3663,36.7076,127.8265,131.4852,PENDING_AG03,FALSE,NOT_FOR_ENFORCEMENT,161.4651,2735.4290,168.1928,161.4651,6.7277,0.05380541,0.05165320,6.7277,161.4651,0.05165320,6.7277,6.7277,6.7277,10.0916,10.0916,161.4651,0.05165320,40.3663,36.7076,127.8265,131.4852,0.04089211,0.04206253,0.00215222,25.2092,45.9581,2.7128,168.1928,6.4690,3125.9453,62.0000,25.2092,,10.2195,10.2195,40.8781,51.0976,51.0976,55.492,10.2195,-10.2195,5.0,5.430001,2.466774,22,19,1,3,1.00000000,0.05380541,0.05380541,0E-8,0.000000,0.911534,0.000000,,2026-07-15,2026-07-15,1,26,22,1,1.000000,,1.000000,3.333333,,,,,,,,GLOBAL_BASELINE_NO_ENTITY_RANKING,,,NOT_APPLICABLE_GLOBAL_BASELINE,HF9g-P5,,,,X 全窗基线 · 不参与实体赏罚,6873232,688,A168_HF9F_20260827_0900,2026-08-27 09:00:00
2026-05-04,149563475,1210,0,123.9365612856,-123.9365612856,-123.9365612856,0E-7,2,2,0.49994810000000000,0.499948100000,-1.4140667746232096,-1.4140667746232096,-1.4140667746232096,0E-17,ELIGIBLE,R03b_20260811_FULL_v1,L1_ELIGIBILITY,v2026-08-11,2026-03-21..2026-08-06,baccarat_bet02_101_all_pairs_incl_sentinel,round_win = game_pnl > 0 (decisive only),COMPATIBILITY_ONLY_NOT_PRODUCTION,206.7010,206.7010,168.1966,4,4,-0.81371951,,-0.81371951,-0.81371951,-168.1966,206.7010,THIN_EXPOSURE,0.0000,6.7279,4.0000,96.0000,AG03-UNRESOLVED,ALL5_LEVELS_bet23_to_bet27,6.7279,6.7279,6.7279,10.0918,10.0918,4.000000,4.000000,4.000000,6.000000,6.000000,96.000000,96.000000,96.000000,94.000000,94.000000,5.0,40.3672,36.7085,127.8294,131.4882,PENDING_AG03,FALSE,NOT_FOR_ENFORCEMENT,161.4688,198.4329,168.1966,161.4688,6.7279,0.81371951,0.78117073,6.7279,161.4688,0.78117073,6.7279,6.7279,6.7279,10.0918,10.0918,161.4688,0.78117073,40.3672,36.7085,127.8294,131.4882,0.61842683,0.63612745,0.03254878,51.6752,51.6752,42.0492,168.1966,84.0983,206.7010,4.0000,,51.6752,36.1307,57.767,67.2198,71.4211,71.4211,71.4211,57.767,-57.767,1.236364,1.236364,0.894545,2,2,1,2,0E-8,0.81371951,,0E-8,0.000000,1.000000,0.000000,,2026-05-04,2026-05-04,1,2,2,1,1.000000,,,0.000000,,,,,,,,GLOBAL_BASELINE_NO_ENTITY_RANKING,,,NOT_APPLICABLE_GLOBAL_BASELINE,HF9g-P5,,,,X 全窗基线 · 不参与实体赏罚,6873233,688,A168_HF9F_20260827_0900,2026-08-27 09:00:00
2026-05-04,149563475,1382,0,82.7644155026,-44.2600567167,-44.2600567167,0.5000000,2,2,0.50665070000000000,0.506650700000,-0.018812684590367487,-0.018812684590367487,-0.018812684590367487,0E-17,ELIGIBLE,R03b_20260811_FULL_v1,L1_ELIGIBILITY,v2026-08-11,2026-03-21..2026-08-06,baccarat_bet02_101_all_pairs_incl_sentinel,round_win = game_pnl > 0 (decisive only),COMPATIBILITY_ONLY_NOT_PRODUCTION,206.7010,206.7010,168.1966,4,4,-0.81371951,,-0.81371951,-0.81371951,-168.1966,206.7010,THIN_EXPOSURE,0.0000,6.7279,4.0000,96.0000,AG03-UNRESOLVED,ALL5_LEVELS_bet23_to_bet27,6.7279,6.7279,6.7279,10.0918,10.0918,4.000000,4.000000,4.000000,6.000000,6.000000,96.000000,96.000000,96.000000,94.000000,94.000000,5.0,40.3672,36.7085,127.8294,131.4882,PENDING_AG03,FALSE,NOT_FOR_ENFORCEMENT,161.4688,198.4329,168.1966,161.4688,6.7279,0.81371951,0.78117073,6.7279,161.4688,0.78117073,6.7279,6.7279,6.7279,10.0918,10.0918,161.4688,0.78117073,40.3672,36.7085,127.8294,131.4882,0.61842683,0.63612745,0.03254878,51.6752,51.6752,42.0492,168.1966,84.0983,206.7010,4.0000,,51.6752,36.1307,57.767,67.2198,71.4211,71.4211,71.4211,57.767,-57.767,1.236364,1.236364,0.894545,2,2,1,2,0E-8,0.81371951,,0E-8,0.000000,1.000000,0.000000,,2026-05-04,2026-05-04,1,2,2,1,1.000000,,,0.000000,,,,,,,,GLOBAL_BASELINE_NO_ENTITY_RANKING,,,NOT_APPLICABLE_GLOBAL_BASELINE,HF9g-P5,,,,X 全窗基线 · 不参与实体赏罚,6873234,688,A168_HF9F_20260827_0900,2026-08-27 09:00:00
2026-03-30,142274982,1291,0,154.0628576459,-66.0269389911,-66.0269389911,0E-7,4,4,0.49324550000000000,0.493245500000,-1.3952362676504506,-1.3952362676504506,-1.3952362676504506,0E-17,ELIGIBLE,R03b_20260811_FULL_v1,L1_ELIGIBILITY,v2026-08-11,2026-03-21..2026-08-06,baccarat_bet02_101_all_pairs_incl_sentinel,round_win = game_pnl > 0 (decisive only),COMPATIBILITY_ONLY_NOT_PRODUCTION,1880.1762,1678.6006,168.1994,81,74,-0.08945938,-0.48950241,-0.02525141,-0.08945938,-168.1994,1880.1762,OK,0.0000,6.7280,4.0000,96.0000,AG03-UNRESOLVED,ALL5_LEVELS_bet23_to_bet27,6.7280,6.7280,6.7280,10.0920,10.0920,4.000000,4.000000,4.000000,6.000000,6.000000,96.000000,96.000000,96.000000,94.000000,94.000000,5.0,40.3679,36.7091,127.8315,131.4903,PENDING_AG03,FALSE,NOT_FOR_ENFORCEMENT,161.4714,1611.4565,168.1994,161.4714,6.7280,0.08945938,0.08588101,6.7280,161.4714,0.08588101,6.7280,6.7280,6.7280,10.0920,10.0920,161.4714,0.08588101,40.3679,36.7091,127.8315,131.4903,0.06798913,0.06993512,0.00357838,23.2121,22.6838,2.2730,21.0249,15.2909,235.0220,9.2500,23.6397,23.1448,10.5023,20.0282,28.3668,54.9556,68.5063,84.3295,16.5067,0.0,3.420496,4.210543,1.15897,7,12,8,5,0.13830443,0.08945938,0.48950241,0E-8,0.000000,0.892789,0.000000,-0.46425100,2026-03-30,2026-08-06,8,11,10,130,0.061539,1.021381,1.018424,0.461015,,,,,,,,GLOBAL_BASELINE_NO_ENTITY_RANKING,,,NOT_APPLICABLE_GLOBAL_BASELINE,HF9g-P5,,,,X 全窗基线 · 不参与实体赏罚,6873235,688,A168_HF9F_20260827_0900,2026-08-27 09:00:00
2026-03-30,142274982,1702,0,410.9076503212,17.1670041379,17.1670041379,0.5714286,20,16,0.48986069491643137,0.448466025000,0.6105236386432138,0.9250941983633274,0.6105236386432138,0.04139466991643137,ELIGIBLE,R03b_20260811_FULL_v1,L1_ELIGIBILITY,v2026-08-11,2026-03-21..2026-08-06,baccarat_bet02_101_all_pairs_incl_sentinel,round_win = game_pnl > 0 (decisive only),COMPATIBILITY_ONLY_NOT_PRODUCTION,1880.1762,1678.6006,168.1994,81,74,-0.08945938,-0.48950241,-0.02525141,-0.08945938,-168.1994,1880.1762,OK,0.0000,6.7280,4.0000,96.0000,AG03-UNRESOLVED,ALL5_LEVELS_bet23_to_bet27,6.7280,6.7280,6.7280,10.0920,10.0920,4.000000,4.000000,4.000000,6.000000,6.000000,96.000000,96.000000,96.000000,94.000000,94.000000,5.0,40.3679,36.7091,127.8315,131.4903,PENDING_AG03,FALSE,NOT_FOR_ENFORCEMENT,161.4714,1611.4565,168.1994,161.4714,6.7280,0.08945938,0.08588101,6.7280,161.4714,0.08588101,6.7280,6.7280,6.7280,10.0920,10.0920,161.4714,0.08588101,40.3679,36.7091,127.8315,131.4903,0.06798913,0.06993512,0.00357838,23.2121,22.6838,2.2730,21.0249,15.2909,235.0220,9.2500,23.6397,23.1448,10.5023,20.0282,28.3668,54.9556,68.5063,84.3295,16.5067,0.0,3.420496,4.210543,1.15897,7,12,8,5,0.13830443,0.08945938,0.48950241,0E-8,0.000000,0.892789,0.000000,-0.46425100,2026-03-30,2026-08-06,8,11,10,130,0.061539,1.021381,1.018424,0.461015,,,,,,,,GLOBAL_BASELINE_NO_ENTITY_RANKING,,,NOT_APPLICABLE_GLOBAL_BASELINE,HF9g-P5,,,,X 全窗基线 · 不参与实体赏罚,6873236,688,A168_HF9F_20260827_0900,2026-08-27 09:00:00
2026-03-30,142274982,2147,0,416.6299850340,-59.4242450920,-59.4242450920,0.5000000,14,14,0.49420301428571429,0.494203014286,0.04016539476196484,0.040165394759984985,0.04016539476196484,-2.8571E-13,ELIGIBLE,R03b_20260811_FULL_v1,L1_ELIGIBILITY,v2026-08-11,2026-03-21..2026-08-06,baccarat_bet02_101_all_pairs_incl_sentinel,round_win = game_pnl > 0 (decisive only),COMPATIBILITY_ONLY_NOT_PRODUCTION,1880.1762,1678.6006,168.1994,81,74,-0.08945938,-0.48950241,-0.02525141,-0.08945938,-168.1994,1880.1762,OK,0.0000,6.7280,4.0000,96.0000,AG03-UNRESOLVED,ALL5_LEVELS_bet23_to_bet27,6.7280,6.7280,6.7280,10.0920,10.0920,4.000000,4.000000,4.000000,6.000000,6.000000,96.000000,96.000000,96.000000,94.000000,94.000000,5.0,40.3679,36.7091,127.8315,131.4903,PENDING_AG03,FALSE,NOT_FOR_ENFORCEMENT,161.4714,1611.4565,168.1994,161.4714,6.7280,0.08945938,0.08588101,6.7280,161.4714,0.08588101,6.7280,6.7280,6.7280,10.0920,10.0920,161.4714,0.08588101,40.3679,36.7091,127.8315,131.4903,0.06798913,0.06993512,0.00357838,23.2121,22.6838,2.2730,21.0249,15.2909,235.0220,9.2500,23.6397,23.1448,10.5023,20.0282,28.3668,54.9556,68.5063,84.3295,16.5067,0.0,3.420496,4.210543,1.15897,7,12,8,5,0.13830443,0.08945938,0.48950241,0E-8,0.000000,0.892789,0.000000,-0.46425100,2026-03-30,2026-08-06,8,11,10,130,0.061539,1.021381,1.018424,0.461015,,,,,,,,GLOBAL_BASELINE_NO_ENTITY_RANKING,,,NOT_APPLICABLE_GLOBAL_BASELINE,HF9g-P5,,,,X 全窗基线 · 不参与实体赏罚,6873237,688,A168_HF9F_20260827_0900,2026-08-27 09:00:00
2026-04-05,142274982,1935,0,11.5953028482,-11.5953028482,-11.5953028482,0E-7,1,1,0.49324550000000000,0.493245500000,-0.9865810262130424,-0.9865810262130424,-0.9865810262130424,0E-17,ELIGIBLE,R03b_20260811_FULL_v1,L1_ELIGIBILITY,v2026-08-11,2026-03-21..2026-08-06,baccarat_bet02_101_all_pairs_incl_sentinel,round_win = game_pnl > 0 (decisive only),COMPATIBILITY_ONLY_NOT_PRODUCTION,1880.1762,1678.6006,168.1994,81,74,-0.08945938,-0.48950241,-0.02525141,-0.08945938,-168.1994,1880.1762,OK,0.0000,6.7280,4.0000,96.0000,AG03-UNRESOLVED,ALL5_LEVELS_bet23_to_bet27,6.7280,6.7280,6.7280,10.0920,10.0920,4.000000,4.000000,4.000000,6.000000,6.000000,96.000000,96.000000,96.000000,94.000000,94.000000,5.0,40.3679,36.7091,127.8315,131.4903,PENDING_AG03,FALSE,NOT_FOR_ENFORCEMENT,161.4714,1611.4565,168.1994,161.4714,6.7280,0.08945938,0.08588101,6.7280,161.4714,0.08588101,6.7280,6.7280,6.7280,10.0920,10.0920,161.4714,0.08588101,40.3679,36.7091,127.8315,131.4903,0.06798913,0.06993512,0.00357838,23.2121,22.6838,2.2730,21.0249,15.2909,235.0220,9.2500,23.6397,23.1448,10.5023,20.0282,28.3668,54.9556,68.5063,84.3295,16.5067,0.0,3.420496,4.210543,1.15897,7,12,8,5,0.13830443,0.08945938,0.48950241,0E-8,0.000000,0.892789,0.000000,-0.46425100,2026-03-30,2026-08-06,8,11,10,130,0.061539,1.021381,1.018424,0.461015,,,,,,,,GLOBAL_BASELINE_NO_ENTITY_RANKING,,,NOT_APPLICABLE_GLOBAL_BASELINE,HF9g-P5,,,,X 全窗基线 · 不参与实体赏罚,6873238,688,A168_HF9F_20260827_0900,2026-08-27 09:00:00
2026-04-12,142274982,1646,0,72.7341724116,-72.7341724116,-72.7341724116,0E-7,1,1,0.50665070000000000,0.506650700000,-1.013391052207602,-1.013391052207602,-1.013391052207602,0E-17,ELIGIBLE,R03b_20260811_FULL_v1,L1_ELIGIBILITY,v2026-08-11,2026-03-21..2026-08-06,baccarat_bet02_101_all_pairs_incl_sentinel,round_win = game_pnl > 0 (decisive only),COMPATIBILITY_ONLY_NOT_PRODUCTION,1880.1762,1678.6006,168.1994,81,74,-0.08945938,-0.48950241,-0.02525141,-0.08945938,-168.1994,1880.1762,OK,0.0000,6.7280,4.0000,96.0000,AG03-UNRESOLVED,ALL5_LEVELS_bet23_to_bet27,6.7280,6.7280,6.7280,10.0920,10.0920,4.000000,4.000000,4.000000,6.000000,6.000000,96.000000,96.000000,96.000000,94.000000,94.000000,5.0,40.3679,36.7091,127.8315,131.4903,PENDING_AG03,FALSE,NOT_FOR_ENFORCEMENT,161.4714,1611.4565,168.1994,161.4714,6.7280,0.08945938,0.08588101,6.7280,161.4714,0.08588101,6.7280,6.7280,6.7280,10.0920,10.0920,161.4714,0.08588101,40.3679,36.7091,127.8315,131.4903,0.06798913,0.06993512,0.00357838,23.2121,22.6838,2.2730,21.0249,15.2909,235.0220,9.2500,23.6397,23.1448,10.5023,20.0282,28.3668,54.9556,68.5063,84.3295,16.5067,0.0,3.420496,4.210543,1.15897,7,12,8,5,0.13830443,0.08945938,0.48950241,0E-8,0.000000,0.892789,0.000000,-0.46425100,2026-03-30,2026-08-06,8,11,10,130,0.061539,1.021381,1.018424,0.461015,,,,,,,,GLOBAL_BASELINE_NO_ENTITY_RANKING,,,NOT_APPLICABLE_GLOBAL_BASELINE,HF9g-P5,,,,X 全窗基线 · 不参与实体赏罚,6873239,688,A168_HF9F_20260827_0900,2026-08-27 09:00:00
2026-04-12,142274982,529,0,222.4189909978,178.6203697846,178.6203697846,0.7500000,6,4,0.42619563333333333,0.426195633333,1.3095626330765568,1.309562633078037,1.3095626330765568,3.3333E-13,ELIGIBLE,R03b_20260811_FULL_v1,L1_ELIGIBILITY,v2026-08-11,2026-03-21..2026-08-06,baccarat_bet02_101_all_pairs_incl_sentinel,round_win = game_pnl > 0 (decisive only),COMPATIBILITY_ONLY_NOT_PRODUCTION,1880.1762,1678.6006,168.1994,81,74,-0.08945938,-0.48950241,-0.02525141,-0.08945938,-168.1994,1880.1762,OK,0.0000,6.7280,4.0000,96.0000,AG03-UNRESOLVED,ALL5_LEVELS_bet23_to_bet27,6.7280,6.7280,6.7280,10.0920,10.0920,4.000000,4.000000,4.000000,6.000000,6.000000,96.000000,96.000000,96.000000,94.000000,94.000000,5.0,40.3679,36.7091,127.8315,131.4903,PENDING_AG03,FALSE,NOT_FOR_ENFORCEMENT,161.4714,1611.4565,168.1994,161.4714,6.7280,0.08945938,0.08588101,6.7280,161.4714,0.08588101,6.7280,6.7280,6.7280,10.0920,10.0920,161.4714,0.08588101,40.3679,36.7091,127.8315,131.4903,0.06798913,0.06993512,0.00357838,23.2121,22.6838,2.2730,21.0249,15.2909,235.0220,9.2500,23.6397,23.1448,10.5023,20.0282,28.3668,54.9556,68.5063,84.3295,16.5067,0.0,3.420496,4.210543,1.15897,7,12,8,5,0.13830443,0.08945938,0.48950241,0E-8,0.000000,0.892789,0.000000,-0.46425100,2026-03-30,2026-08-06,8,11,10,130,0.061539,1.021381,1.018424,0.461015,,,,,,,,GLOBAL_BASELINE_NO_ENTITY_RANKING,,,NOT_APPLICABLE_GLOBAL_BASELINE,HF9g-P5,,,,X 全窗基线 · 不参与实体赏罚,6873240,688,A168_HF9F_20260827_0900,2026-08-27 09:00:00
2026-05-02,142274982,2093,0,6.3018590484,-6.3018590484,-6.3018590484,0E-7,1,1,0.50665070000000000,0.506650700000,-1.013391052207602,-1.013391052207602,-1.013391052207602,0E-17,ELIGIBLE,R03b_20260811_FULL_v1,L1_ELIGIBILITY,v2026-08-11,2026-03-21..2026-08-06,baccarat_bet02_101_all_pairs_incl_sentinel,round_win = game_pnl > 0 (decisive only),COMPATIBILITY_ONLY_NOT_PRODUCTION,1880.1762,1678.6006,168.1994,81,74,-0.08945938,-0.48950241,-0.02525141,-0.08945938,-168.1994,1880.1762,OK,0.0000,6.7280,4.0000,96.0000,AG03-UNRESOLVED,ALL5_LEVELS_bet23_to_bet27,6.7280,6.7280,6.7280,10.0920,10.0920,4.000000,4.000000,4.000000,6.000000,6.000000,96.000000,96.000000,96.000000,94.000000,94.000000,5.0,40.3679,36.7091,127.8315,131.4903,PENDING_AG03,FALSE,NOT_FOR_ENFORCEMENT,161.4714,1611.4565,168.1994,161.4714,6.7280,0.08945938,0.08588101,6.7280,161.4714,0.08588101,6.7280,6.7280,6.7280,10.0920,10.0920,161.4714,0.08588101,40.3679,36.7091,127.8315,131.4903,0.06798913,0.06993512,0.00357838,23.2121,22.6838,2.2730,21.0249,15.2909,235.0220,9.2500,23.6397,23.1448,10.5023,20.0282,28.3668,54.9556,68.5063,84.3295,16.5067,0.0,3.420496,4.210543,1.15897,7,12,8,5,0.13830443,0.08945938,0.48950241,0E-8,0.000000,0.892789,0.000000,-0.46425100,2026-03-30,2026-08-06,8,11,10,130,0.061539,1.021381,1.018424,0.461015,,,,,,,,GLOBAL_BASELINE_NO_ENTITY_RANKING,,,NOT_APPLICABLE_GLOBAL_BASELINE,HF9g-P5,,,,X 全窗基线 · 不参与实体赏罚,6873241,688,A168_HF9F_20260827_0900,2026-08-27 09:00:00
2026-06-22,142274982,2209,0,310.9486322003,-26.6913154560,-26.6913154560,0.4444444,20,20,0.49793732000000000,0.497937320000,-0.45390596304335656,-0.45390596304335656,-0.45390596304335656,0E-17,ELIGIBLE,R03b_20260811_FULL_v1,L1_ELIGIBILITY,v2026-08-11,2026-03-21..2026-08-06,baccarat_bet02_101_all_pairs_incl_sentinel,round_win = game_pnl > 0 (decisive only),COMPATIBILITY_ONLY_NOT_PRODUCTION,1880.1762,1678.6006,168.1994,81,74,-0.08945938,-0.48950241,-0.02525141,-0.08945938,-168.1994,1880.1762,OK,0.0000,6.7280,4.0000,96.0000,AG03-UNRESOLVED,ALL5_LEVELS_bet23_to_bet27,6.7280,6.7280,6.7280,10.0920,10.0920,4.000000,4.000000,4.000000,6.000000,6.000000,96.000000,96.000000,96.000000,94.000000,94.000000,5.0,40.3679,36.7091,127.8315,131.4903,PENDING_AG03,FALSE,NOT_FOR_ENFORCEMENT,161.4714,1611.4565,168.1994,161.4714,6.7280,0.08945938,0.08588101,6.7280,161.4714,0.08588101,6.7280,6.7280,6.7280,10.0920,10.0920,161.4714,0.08588101,40.3679,36.7091,127.8315,131.4903,0.06798913,0.06993512,0.00357838,23.2121,22.6838,2.2730,21.0249,15.2909,235.0220,9.2500,23.6397,23.1448,10.5023,20.0282,28.3668,54.9556,68.5063,84.3295,16.5067,0.0,3.420496,4.210543,1.15897,7,12,8,5,0.13830443,0.08945938,0.48950241,0E-8,0.000000,0.892789,0.000000,-0.46425100,2026-03-30,2026-08-06,8,11,10,130,0.061539,1.021381,1.018424,0.461015,,,,,,,,GLOBAL_BASELINE_NO_ENTITY_RANKING,,,NOT_APPLICABLE_GLOBAL_BASELINE,HF9g-P5,,,,X 全窗基线 · 不参与实体赏罚,6873242,688,A168_HF9F_20260827_0900,2026-08-27 09:00:00
2026-06-22,142274982,2224,0,14.5400162018,6.0756496271,6.0756496271,0.6666667,3,3,0.49771390000000000,0.497713900000,0.5852756695216578,0.5852756695216578,0.5852756695216578,0E-17,ELIGIBLE,R03b_20260811_FULL_v1,L1_ELIGIBILITY,v2026-08-11,2026-03-21..2026-08-06,baccarat_bet02_101_all_pairs_incl_sentinel,round_win = game_pnl > 0 (decisive only),COMPATIBILITY_ONLY_NOT_PRODUCTION,1880.1762,1678.6006,168.1994,81,74,-0.08945938,-0.48950241,-0.02525141,-0.08945938,-168.1994,1880.1762,OK,0.0000,6.7280,4.0000,96.0000,AG03-UNRESOLVED,ALL5_LEVELS_bet23_to_bet27,6.7280,6.7280,6.7280,10.0920,10.0920,4.000000,4.000000,4.000000,6.000000,6.000000,96.000000,96.000000,96.000000,94.000000,94.000000,5.0,40.3679,36.7091,127.8315,131.4903,PENDING_AG03,FALSE,NOT_FOR_ENFORCEMENT,161.4714,1611.4565,168.1994,161.4714,6.7280,0.08945938,0.08588101,6.7280,161.4714,0.08588101,6.7280,6.7280,6.7280,10.0920,10.0920,161.4714,0.08588101,40.3679,36.7091,127.8315,131.4903,0.06798913,0.06993512,0.00357838,23.2121,22.6838,2.2730,21.0249,15.2909,235.0220,9.2500,23.6397,23.1448,10.5023,20.0282,28.3668,54.9556,68.5063,84.3295,16.5067,0.0,3.420496,4.210543,1.15897,7,12,8,5,0.13830443,0.08945938,0.48950241,0E-8,0.000000,0.892789,0.000000,-0.46425100,2026-03-30,2026-08-06,8,11,10,130,0.061539,1.021381,1.018424,0.461015,,,,,,,,GLOBAL_BASELINE_NO_ENTITY_RANKING,,,NOT_APPLICABLE_GLOBAL_BASELINE,HF9g-P5,,,,X 全窗基线 · 不参与实体赏罚,6873243,688,A168_HF9F_20260827_0900,2026-08-27 09:00:00
2026-07-22,142274982,2142,0,71.5366063034,-71.5366063034,-71.5366063034,0E-7,1,1,0.50665070000000000,0.506650700000,-1.013391052207602,-1.013391052207602,-1.013391052207602,0E-17,ELIGIBLE,R03b_20260811_FULL_v1,L1_ELIGIBILITY,v2026-08-11,2026-03-21..2026-08-06,baccarat_bet02_101_all_pairs_incl_sentinel,round_win = game_pnl > 0 (decisive only),COMPATIBILITY_ONLY_NOT_PRODUCTION,1880.1762,1678.6006,168.1994,81,74,-0.08945938,-0.48950241,-0.02525141,-0.08945938,-168.1994,1880.1762,OK,0.0000,6.7280,4.0000,96.0000,AG03-UNRESOLVED,ALL5_LEVELS_bet23_to_bet27,6.7280,6.7280,6.7280,10.0920,10.0920,4.000000,4.000000,4.000000,6.000000,6.000000,96.000000,96.000000,96.000000,94.000000,94.000000,5.0,40.3679,36.7091,127.8315,131.4903,PENDING_AG03,FALSE,NOT_FOR_ENFORCEMENT,161.4714,1611.4565,168.1994,161.4714,6.7280,0.08945938,0.08588101,6.7280,161.4714,0.08588101,6.7280,6.7280,6.7280,10.0920,10.0920,161.4714,0.08588101,40.3679,36.7091,127.8315,131.4903,0.06798913,0.06993512,0.00357838,23.2121,22.6838,2.2730,21.0249,15.2909,235.0220,9.2500,23.6397,23.1448,10.5023,20.0282,28.3668,54.9556,68.5063,84.3295,16.5067,0.0,3.420496,4.210543,1.15897,7,12,8,5,0.13830443,0.08945938,0.48950241,0E-8,0.000000,0.892789,0.000000,-0.46425100,2026-03-30,2026-08-06,8,11,10,130,0.061539,1.021381,1.018424,0.461015,,,,,,,,GLOBAL_BASELINE_NO_ENTITY_RANKING,,,NOT_APPLICABLE_GLOBAL_BASELINE,HF9g-P5,,,,X 全窗基线 · 不参与实体赏罚,6873244,688,A168_HF9F_20260827_0900,2026-08-27 09:00:00
2026-08-03,142274982,2174,0,50.5091320511,-50.5091320511,-50.5091320511,0E-7,1,1,0.50665070000000000,0.506650700000,-1.013391052207602,-1.013391052207602,-1.013391052207602,0E-17,ELIGIBLE,R03b_20260811_FULL_v1,L1_ELIGIBILITY,v2026-08-11,2026-03-21..2026-08-06,baccarat_bet02_101_all_pairs_incl_sentinel,round_win = game_pnl > 0 (decisive only),COMPATIBILITY_ONLY_NOT_PRODUCTION,1880.1762,1678.6006,168.1994,81,74,-0.08945938,-0.48950241,-0.02525141,-0.08945938,-168.1994,1880.1762,OK,0.0000,6.7280,4.0000,96.0000,AG03-UNRESOLVED,ALL5_LEVELS_bet23_to_bet27,6.7280,6.7280,6.7280,10.0920,10.0920,4.000000,4.000000,4.000000,6.000000,6.000000,96.000000,96.000000,96.000000,94.000000,94.000000,5.0,40.3679,36.7091,127.8315,131.4903,PENDING_AG03,FALSE,NOT_FOR_ENFORCEMENT,161.4714,1611.4565,168.1994,161.4714,6.7280,0.08945938,0.08588101,6.7280,161.4714,0.08588101,6.7280,6.7280,6.7280,10.0920,10.0920,161.4714,0.08588101,40.3679,36.7091,127.8315,131.4903,0.06798913,0.06993512,0.00357838,23.2121,22.6838,2.2730,21.0249,15.2909,235.0220,9.2500,23.6397,23.1448,10.5023,20.0282,28.3668,54.9556,68.5063,84.3295,16.5067,0.0,3.420496,4.210543,1.15897,7,12,8,5,0.13830443,0.08945938,0.48950241,0E-8,0.000000,0.892789,0.000000,-0.46425100,2026-03-30,2026-08-06,8,11,10,130,0.061539,1.021381,1.018424,0.461015,,,,,,,,GLOBAL_BASELINE_NO_ENTITY_RANKING,,,NOT_APPLICABLE_GLOBAL_BASELINE,HF9g-P5,,,,X 全窗基线 · 不参与实体赏罚,6873245,688,A168_HF9F_20260827_0900,2026-08-27 09:00:00
2026-08-06,142274982,2216,0,137.9909487634,-5.2428479068,-5.2428479068,0.6250000,9,8,0.49082524250021379,0.474627481250,0.7591348600349087,0.8517327595625885,0.7591348600349087,0.01619776125021379,ELIGIBLE,R03b_20260811_FULL_v1,L1_ELIGIBILITY,v2026-08-11,2026-03-21..2026-08-06,baccarat_bet02_101_all_pairs_incl_sentinel,round_win = game_pnl > 0 (decisive only),COMPATIBILITY_ONLY_NOT_PRODUCTION,1880.1762,1678.6006,168.1994,81,74,-0.08945938,-0.48950241,-0.02525141,-0.08945938,-168.1994,1880.1762,OK,0.0000,6.7280,4.0000,96.0000,AG03-UNRESOLVED,ALL5_LEVELS_bet23_to_bet27,6.7280,6.7280,6.7280,10.0920,10.0920,4.000000,4.000000,4.000000,6.000000,6.000000,96.000000,96.000000,96.000000,94.000000,94.000000,5.0,40.3679,36.7091,127.8315,131.4903,PENDING_AG03,FALSE,NOT_FOR_ENFORCEMENT,161.4714,1611.4565,168.1994,161.4714,6.7280,0.08945938,0.08588101,6.7280,161.4714,0.08588101,6.7280,6.7280,6.7280,10.0920,10.0920,161.4714,0.08588101,40.3679,36.7091,127.8315,131.4903,0.06798913,0.06993512,0.00357838,23.2121,22.6838,2.2730,21.0249,15.2909,235.0220,9.2500,23.6397,23.1448,10.5023,20.0282,28.3668,54.9556,68.5063,84.3295,16.5067,0.0,3.420496,4.210543,1.15897,7,12,8,5,0.13830443,0.08945938,0.48950241,0E-8,0.000000,0.892789,0.000000,-0.46425100,2026-03-30,2026-08-06,8,11,10,130,0.061539,1.021381,1.018424,0.461015,,,,,,,,GLOBAL_BASELINE_NO_ENTITY_RANKING,,,NOT_APPLICABLE_GLOBAL_BASELINE,HF9g-P5,,,,X 全窗基线 · 不参与实体赏罚,6873246,688,A168_HF9F_20260827_0900,2026-08-27 09:00:00
2026-06-10,151252707,-1,1,42.1660469851,-8.0904804436,-8.0904804436,0.4444444,9,9,0.50069283333333333,0.500692833333,-0.33749065733668826,-0.337490657334688,-0.33749065733668826,3.3333E-13,SENTINEL_DEALER,R03b_20260811_FULL_v1,L1_ELIGIBILITY,v2026-08-11,2026-03-21..2026-08-06,baccarat_bet02_101_all_pairs_incl_sentinel,round_win = game_pnl > 0 (decisive only),COMPATIBILITY_ONLY_NOT_PRODUCTION,697.2898,616.2396,166.4739,89,89,-0.23874422,-0.46571238,-0.06021820,-0.23874422,-166.4739,697.2898,OK,0.0000,4.9942,3.0000,97.0000,AG03-UNRESOLVED,ALL5_LEVELS_bet23_to_bet27,4.9942,4.9942,4.9942,0.0000,0.0000,3.000000,3.000000,3.000000,0.000000,0.000000,97.000000,97.000000,97.000000,100.000000,100.000000,5.0,14.9827,14.5377,151.4913,151.9362,PENDING_AG03,FALSE,NOT_FOR_ENFORCEMENT,161.4797,597.7525,166.4739,161.4797,4.9942,0.23874422,0.23158190,4.9942,161.4797,0.23158190,4.9942,4.9942,4.9942,0.0000,0.0000,161.4797,0.23158190,14.9827,14.5377,151.4913,151.9362,0.21725724,0.21789541,0.00716233,7.8347,6.9240,1.8705,83.2370,5.2023,348.6449,44.5000,14.6188,5.7396,4.1543,6.2314,10.2195,14.4469,20.439,29.0643,5.816,0.0,3.279987,4.664143,1.257289,22,23,3,2,0.44026778,0.23874422,0.46571238,0E-8,0.000000,0.883764,0.000000,-0.40549418,2026-06-10,2026-07-29,2,32,29,50,0.040000,2.546984,1.865897,1.467559,,,,,,,,GLOBAL_BASELINE_NO_ENTITY_RANKING,,,NOT_APPLICABLE_GLOBAL_BASELINE,HF9g-P5,,,,X 全窗基线 · 不参与实体赏罚,6873247,688,A168_HF9F_20260827_0900,2026-08-27 09:00:00
2026-06-10,151252707,1318,0,2.0771451717,0E-10,0E-10,,1,1,0.49324550000000000,0.493245500000,,,,0E-17,NO_DECISIVE_ROUND,R03b_20260811_FULL_v1,L1_ELIGIBILITY,v2026-08-11,2026-03-21..2026-08-06,baccarat_bet02_101_all_pairs_incl_sentinel,round_win = game_pnl > 0 (decisive only),COMPATIBILITY_ONLY_NOT_PRODUCTION,697.2898,616.2396,166.4739,89,89,-0.23874422,-0.46571238,-0.06021820,-0.23874422,-166.4739,697.2898,OK,0.0000,4.9942,3.0000,97.0000,AG03-UNRESOLVED,ALL5_LEVELS_bet23_to_bet27,4.9942,4.9942,4.9942,0.0000,0.0000,3.000000,3.000000,3.000000,0.000000,0.000000,97.000000,97.000000,97.000000,100.000000,100.000000,5.0,14.9827,14.5377,151.4913,151.9362,PENDING_AG03,FALSE,NOT_FOR_ENFORCEMENT,161.4797,597.7525,166.4739,161.4797,4.9942,0.23874422,0.23158190,4.9942,161.4797,0.23158190,4.9942,4.9942,4.9942,0.0000,0.0000,161.4797,0.23158190,14.9827,14.5377,151.4913,151.9362,0.21725724,0.21789541,0.00716233,7.8347,6.9240,1.8705,83.2370,5.2023,348.6449,44.5000,14.6188,5.7396,4.1543,6.2314,10.2195,14.4469,20.439,29.0643,5.816,0.0,3.279987,4.664143,1.257289,22,23,3,2,0.44026778,0.23874422,0.46571238,0E-8,0.000000,0.883764,0.000000,-0.40549418,2026-06-10,2026-07-29,2,32,29,50,0.040000,2.546984,1.865897,1.467559,,,,,,,,GLOBAL_BASELINE_NO_ENTITY_RANKING,,,NOT_APPLICABLE_GLOBAL_BASELINE,HF9g-P5,,,,X 全窗基线 · 不参与实体赏罚,6873248,688,A168_HF9F_20260827_0900,2026-08-27 09:00:00
2026-06-10,151252707,1325,0,3.1157177575,-3.1157177575,-3.1157177575,0E-7,1,1,0.50665070000000000,0.506650700000,-1.013391052207602,-1.013391052207602,-1.013391052207602,0E-17,ELIGIBLE,R03b_20260811_FULL_v1,L1_ELIGIBILITY,v2026-08-11,2026-03-21..2026-08-06,baccarat_bet02_101_all_pairs_incl_sentinel,round_win = game_pnl > 0 (decisive only),COMPATIBILITY_ONLY_NOT_PRODUCTION,697.2898,616.2396,166.4739,89,89,-0.23874422,-0.46571238,-0.06021820,-0.23874422,-166.4739,697.2898,OK,0.0000,4.9942,3.0000,97.0000,AG03-UNRESOLVED,ALL5_LEVELS_bet23_to_bet27,4.9942,4.9942,4.9942,0.0000,0.0000,3.000000,3.000000,3.000000,0.000000,0.000000,97.000000,97.000000,97.000000,100.000000,100.000000,5.0,14.9827,14.5377,151.4913,151.9362,PENDING_AG03,FALSE,NOT_FOR_ENFORCEMENT,161.4797,597.7525,166.4739,161.4797,4.9942,0.23874422,0.23158190,4.9942,161.4797,0.23158190,4.9942,4.9942,4.9942,0.0000,0.0000,161.4797,0.23158190,14.9827,14.5377,151.4913,151.9362,0.21725724,0.21789541,0.00716233,7.8347,6.9240,1.8705,83.2370,5.2023,348.6449,44.5000,14.6188,5.7396,4.1543,6.2314,10.2195,14.4469,20.439,29.0643,5.816,0.0,3.279987,4.664143,1.257289,22,23,3,2,0.44026778,0.23874422,0.46571238,0E-8,0.000000,0.883764,0.000000,-0.40549418,2026-06-10,2026-07-29,2,32,29,50,0.040000,2.546984,1.865897,1.467559,,,,,,,,GLOBAL_BASELINE_NO_ENTITY_RANKING,,,NOT_APPLICABLE_GLOBAL_BASELINE,HF9g-P5,,,,X 全窗基线 · 不参与实体赏罚,6873249,688,A168_HF9F_20260827_0900,2026-08-27 09:00:00
2026-06-10,151252707,1405,0,8.9317242382,-8.9317242382,-8.9317242382,0E-7,1,1,0.50665070000000000,0.506650700000,-1.013391052207602,-1.013391052207602,-1.013391052207602,0E-17,ELIGIBLE,R03b_20260811_FULL_v1,L1_ELIGIBILITY,v2026-08-11,2026-03-21..2026-08-06,baccarat_bet02_101_all_pairs_incl_sentinel,round_win = game_pnl > 0 (decisive only),COMPATIBILITY_ONLY_NOT_PRODUCTION,697.2898,616.2396,166.4739,89,89,-0.23874422,-0.46571238,-0.06021820,-0.23874422,-166.4739,697.2898,OK,0.0000,4.9942,3.0000,97.0000,AG03-UNRESOLVED,ALL5_LEVELS_bet23_to_bet27,4.9942,4.9942,4.9942,0.0000,0.0000,3.000000,3.000000,3.000000,0.000000,0.000000,97.000000,97.000000,97.000000,100.000000,100.000000,5.0,14.9827,14.5377,151.4913,151.9362,PENDING_AG03,FALSE,NOT_FOR_ENFORCEMENT,161.4797,597.7525,166.4739,161.4797,4.9942,0.23874422,0.23158190,4.9942,161.4797,0.23158190,4.9942,4.9942,4.9942,0.0000,0.0000,161.4797,0.23158190,14.9827,14.5377,151.4913,151.9362,0.21725724,0.21789541,0.00716233,7.8347,6.9240,1.8705,83.2370,5.2023,348.6449,44.5000,14.6188,5.7396,4.1543,6.2314,10.2195,14.4469,20.439,29.0643,5.816,0.0,3.279987,4.664143,1.257289,22,23,3,2,0.44026778,0.23874422,0.46571238,0E-8,0.000000,0.883764,0.000000,-0.40549418,2026-06-10,2026-07-29,2,32,29,50,0.040000,2.546984,1.865897,1.467559,,,,,,,,GLOBAL_BASELINE_NO_ENTITY_RANKING,,,NOT_APPLICABLE_GLOBAL_BASELINE,HF9g-P5,,,,X 全窗基线 · 不参与实体赏罚,6873250,688,A168_HF9F_20260827_0900,2026-08-27 09:00:00
2026-06-10,151252707,1507,0,2.0771451717,-2.0771451717,-2.0771451717,0E-7,1,1,0.50665070000000000,0.506650700000,-1.013391052207602,-1.013391052207602,-1.013391052207602,0E-17,ELIGIBLE,R03b_20260811_FULL_v1,L1_ELIGIBILITY,v2026-08-11,2026-03-21..2026-08-06,baccarat_bet02_101_all_pairs_incl_sentinel,round_win = game_pnl > 0 (decisive only),COMPATIBILITY_ONLY_NOT_PRODUCTION,697.2898,616.2396,166.4739,89,89,-0.23874422,-0.46571238,-0.06021820,-0.23874422,-166.4739,697.2898,OK,0.0000,4.9942,3.0000,97.0000,AG03-UNRESOLVED,ALL5_LEVELS_bet23_to_bet27,4.9942,4.9942,4.9942,0.0000,0.0000,3.000000,3.000000,3.000000,0.000000,0.000000,97.000000,97.000000,97.000000,100.000000,100.000000,5.0,14.9827,14.5377,151.4913,151.9362,PENDING_AG03,FALSE,NOT_FOR_ENFORCEMENT,161.4797,597.7525,166.4739,161.4797,4.9942,0.23874422,0.23158190,4.9942,161.4797,0.23158190,4.9942,4.9942,4.9942,0.0000,0.0000,161.4797,0.23158190,14.9827,14.5377,151.4913,151.9362,0.21725724,0.21789541,0.00716233,7.8347,6.9240,1.8705,83.2370,5.2023,348.6449,44.5000,14.6188,5.7396,4.1543,6.2314,10.2195,14.4469,20.439,29.0643,5.816,0.0,3.279987,4.664143,1.257289,22,23,3,2,0.44026778,0.23874422,0.46571238,0E-8,0.000000,0.883764,0.000000,-0.40549418,2026-06-10,2026-07-29,2,32,29,50,0.040000,2.546984,1.865897,1.467559,,,,,,,,GLOBAL_BASELINE_NO_ENTITY_RANKING,,,NOT_APPLICABLE_GLOBAL_BASELINE,HF9g-P5,,,,X 全窗基线 · 不参与实体赏罚,6873251,688,A168_HF9F_20260827_0900,2026-08-27 09:00:00
2026-06-10,151252707,2152,0,13.9168726503,2.0771451717,2.0771451717,0.7500000,4,4,0.50329940000000000,0.503299400000,0.9868238854431842,0.9868238854431842,0.9868238854431842,0E-17,ELIGIBLE,R03b_20260811_FULL_v1,L1_ELIGIBILITY,v2026-08-11,2026-03-21..2026-08-06,baccarat_bet02_101_all_pairs_incl_sentinel,round_win = game_pnl > 0 (decisive only),COMPATIBILITY_ONLY_NOT_PRODUCTION,697.2898,616.2396,166.4739,89,89,-0.23874422,-0.46571238,-0.06021820,-0.23874422,-166.4739,697.2898,OK,0.0000,4.9942,3.0000,97.0000,AG03-UNRESOLVED,ALL5_LEVELS_bet23_to_bet27,4.9942,4.9942,4.9942,0.0000,0.0000,3.000000,3.000000,3.000000,0.000000,0.000000,97.000000,97.000000,97.000000,100.000000,100.000000,5.0,14.9827,14.5377,151.4913,151.9362,PENDING_AG03,FALSE,NOT_FOR_ENFORCEMENT,161.4797,597.7525,166.4739,161.4797,4.9942,0.23874422,0.23158190,4.9942,161.4797,0.23158190,4.9942,4.9942,4.9942,0.0000,0.0000,161.4797,0.23158190,14.9827,14.5377,151.4913,151.9362,0.21725724,0.21789541,0.00716233,7.8347,6.9240,1.8705,83.2370,5.2023,348.6449,44.5000,14.6188,5.7396,4.1543,6.2314,10.2195,14.4469,20.439,29.0643,5.816,0.0,3.279987,4.664143,1.257289,22,23,3,2,0.44026778,0.23874422,0.46571238,0E-8,0.000000,0.883764,0.000000,-0.40549418,2026-06-10,2026-07-29,2,32,29,50,0.040000,2.546984,1.865897,1.467559,,,,,,,,GLOBAL_BASELINE_NO_ENTITY_RANKING,,,NOT_APPLICABLE_GLOBAL_BASELINE,HF9g-P5,,,,X 全窗基线 · 不参与实体赏罚,6873252,688,A168_HF9F_20260827_0900,2026-08-27 09:00:00
2026-06-10,151252707,2216,0,8.3085806868,-0.1038572586,-0.1038572586,0.5000000,3,3,0.49771390000000000,0.497713900000,0.006466134837551399,0.0064661348375514,0.006466134837551399,0E-17,ELIGIBLE,R03b_20260811_FULL_v1,L1_ELIGIBILITY,v2026-08-11,2026-03-21..2026-08-06,baccarat_bet02_101_all_pairs_incl_sentinel,round_win = game_pnl > 0 (decisive only),COMPATIBILITY_ONLY_NOT_PRODUCTION,697.2898,616.2396,166.4739,89,89,-0.23874422,-0.46571238,-0.06021820,-0.23874422,-166.4739,697.2898,OK,0.0000,4.9942,3.0000,97.0000,AG03-UNRESOLVED,ALL5_LEVELS_bet23_to_bet27,4.9942,4.9942,4.9942,0.0000,0.0000,3.000000,3.000000,3.000000,0.000000,0.000000,97.000000,97.000000,97.000000,100.000000,100.000000,5.0,14.9827,14.5377,151.4913,151.9362,PENDING_AG03,FALSE,NOT_FOR_ENFORCEMENT,161.4797,597.7525,166.4739,161.4797,4.9942,0.23874422,0.23158190,4.9942,161.4797,0.23158190,4.9942,4.9942,4.9942,0.0000,0.0000,161.4797,0.23158190,14.9827,14.5377,151.4913,151.9362,0.21725724,0.21789541,0.00716233,7.8347,6.9240,1.8705,83.2370,5.2023,348.6449,44.5000,14.6188,5.7396,4.1543,6.2314,10.2195,14.4469,20.439,29.0643,5.816,0.0,3.279987,4.664143,1.257289,22,23,3,2,0.44026778,0.23874422,0.46571238,0E-8,0.000000,0.883764,0.000000,-0.40549418,2026-06-10,2026-07-29,2,32,29,50,0.040000,2.546984,1.865897,1.467559,,,,,,,,GLOBAL_BASELINE_NO_ENTITY_RANKING,,,NOT_APPLICABLE_GLOBAL_BASELINE,HF9g-P5,,,,X 全窗基线 · 不参与实体赏罚,6873253,688,A168_HF9F_20260827_0900,2026-08-27 09:00:00
2026-06-10,151252707,2223,0,2.0771451717,2.0771451717,2.0771451717,1.0000000,1,1,0.49324550000000000,0.493245500000,1.01360149184955,1.01360149184955,1.01360149184955,0E-17,ELIGIBLE,R03b_20260811_FULL_v1,L1_ELIGIBILITY,v2026-08-11,2026-03-21..2026-08-06,baccarat_bet02_101_all_pairs_incl_sentinel,round_win = game_pnl > 0 (decisive only),COMPATIBILITY_ONLY_NOT_PRODUCTION,697.2898,616.2396,166.4739,89,89,-0.23874422,-0.46571238,-0.06021820,-0.23874422,-166.4739,697.2898,OK,0.0000,4.9942,3.0000,97.0000,AG03-UNRESOLVED,ALL5_LEVELS_bet23_to_bet27,4.9942,4.9942,4.9942,0.0000,0.0000,3.000000,3.000000,3.000000,0.000000,0.000000,97.000000,97.000000,97.000000,100.000000,100.000000,5.0,14.9827,14.5377,151.4913,151.9362,PENDING_AG03,FALSE,NOT_FOR_ENFORCEMENT,161.4797,597.7525,166.4739,161.4797,4.9942,0.23874422,0.23158190,4.9942,161.4797,0.23158190,4.9942,4.9942,4.9942,0.0000,0.0000,161.4797,0.23158190,14.9827,14.5377,151.4913,151.9362,0.21725724,0.21789541,0.00716233,7.8347,6.9240,1.8705,83.2370,5.2023,348.6449,44.5000,14.6188,5.7396,4.1543,6.2314,10.2195,14.4469,20.439,29.0643,5.816,0.0,3.279987,4.664143,1.257289,22,23,3,2,0.44026778,0.23874422,0.46571238,0E-8,0.000000,0.883764,0.000000,-0.40549418,2026-06-10,2026-07-29,2,32,29,50,0.040000,2.546984,1.865897,1.467559,,,,,,,,GLOBAL_BASELINE_NO_ENTITY_RANKING,,,NOT_APPLICABLE_GLOBAL_BASELINE,HF9g-P5,,,,X 全窗基线 · 不参与实体赏罚,6873254,688,A168_HF9F_20260827_0900,2026-08-27 09:00:00
2026-06-10,151252707,2229,0,14.5400162017,-2.0771451717,-2.0771451717,0.3333333,3,3,0.50218230000000000,0.502182300000,-0.5849155494134425,-0.5849155494134426,-0.5849155494134425,0E-17,ELIGIBLE,R03b_20260811_FULL_v1,L1_ELIGIBILITY,v2026-08-11,2026-03-21..2026-08-06,baccarat_bet02_101_all_pairs_incl_sentinel,round_win = game_pnl > 0 (decisive only),COMPATIBILITY_ONLY_NOT_PRODUCTION,697.2898,616.2396,166.4739,89,89,-0.23874422,-0.46571238,-0.06021820,-0.23874422,-166.4739,697.2898,OK,0.0000,4.9942,3.0000,97.0000,AG03-UNRESOLVED,ALL5_LEVELS_bet23_to_bet27,4.9942,4.9942,4.9942,0.0000,0.0000,3.000000,3.000000,3.000000,0.000000,0.000000,97.000000,97.000000,97.000000,100.000000,100.000000,5.0,14.9827,14.5377,151.4913,151.9362,PENDING_AG03,FALSE,NOT_FOR_ENFORCEMENT,161.4797,597.7525,166.4739,161.4797,4.9942,0.23874422,0.23158190,4.9942,161.4797,0.23158190,4.9942,4.9942,4.9942,0.0000,0.0000,161.4797,0.23158190,14.9827,14.5377,151.4913,151.9362,0.21725724,0.21789541,0.00716233,7.8347,6.9240,1.8705,83.2370,5.2023,348.6449,44.5000,14.6188,5.7396,4.1543,6.2314,10.2195,14.4469,20.439,29.0643,5.816,0.0,3.279987,4.664143,1.257289,22,23,3,2,0.44026778,0.23874422,0.46571238,0E-8,0.000000,0.883764,0.000000,-0.40549418,2026-06-10,2026-07-29,2,32,29,50,0.040000,2.546984,1.865897,1.467559,,,,,,,,GLOBAL_BASELINE_NO_ENTITY_RANKING,,,NOT_APPLICABLE_GLOBAL_BASELINE,HF9g-P5,,,,X 全窗基线 · 不参与实体赏罚,6873255,688,A168_HF9F_20260827_0900,2026-08-27 09:00:00
2026-06-10,151252707,2251,0,2.0771451717,1.9732879131,1.9732879131,1.0000000,1,1,0.50665070000000000,0.506650700000,0.9867858985152569,0.9867858985152569,0.9867858985152569,0E-17,ELIGIBLE,R03b_20260811_FULL_v1,L1_ELIGIBILITY,v2026-08-11,2026-03-21..2026-08-06,baccarat_bet02_101_all_pairs_incl_sentinel,round_win = game_pnl > 0 (decisive only),COMPATIBILITY_ONLY_NOT_PRODUCTION,697.2898,616.2396,166.4739,89,89,-0.23874422,-0.46571238,-0.06021820,-0.23874422,-166.4739,697.2898,OK,0.0000,4.9942,3.0000,97.0000,AG03-UNRESOLVED,ALL5_LEVELS_bet23_to_bet27,4.9942,4.9942,4.9942,0.0000,0.0000,3.000000,3.000000,3.000000,0.000000,0.000000,97.000000,97.000000,97.000000,100.000000,100.000000,5.0,14.9827,14.5377,151.4913,151.9362,PENDING_AG03,FALSE,NOT_FOR_ENFORCEMENT,161.4797,597.7525,166.4739,161.4797,4.9942,0.23874422,0.23158190,4.9942,161.4797,0.23158190,4.9942,4.9942,4.9942,0.0000,0.0000,161.4797,0.23158190,14.9827,14.5377,151.4913,151.9362,0.21725724,0.21789541,0.00716233,7.8347,6.9240,1.8705,83.2370,5.2023,348.6449,44.5000,14.6188,5.7396,4.1543,6.2314,10.2195,14.4469,20.439,29.0643,5.816,0.0,3.279987,4.664143,1.257289,22,23,3,2,0.44026778,0.23874422,0.46571238,0E-8,0.000000,0.883764,0.000000,-0.40549418,2026-06-10,2026-07-29,2,32,29,50,0.040000,2.546984,1.865897,1.467559,,,,,,,,GLOBAL_BASELINE_NO_ENTITY_RANKING,,,NOT_APPLICABLE_GLOBAL_BASELINE,HF9g-P5,,,,X 全窗基线 · 不参与实体赏罚,6873256,688,A168_HF9F_20260827_0900,2026-08-27 09:00:00
2026-06-10,151252707,2252,0,2.7002887232,-2.7002887232,-2.7002887232,0E-7,1,1,0.50665070000000000,0.506650700000,-1.013391052207602,-1.013391052207602,-1.013391052207602,0E-17,ELIGIBLE,R03b_20260811_FULL_v1,L1_ELIGIBILITY,v2026-08-11,2026-03-21..2026-08-06,baccarat_bet02_101_all_pairs_incl_sentinel,round_win = game_pnl > 0 (decisive only),COMPATIBILITY_ONLY_NOT_PRODUCTION,697.2898,616.2396,166.4739,89,89,-0.23874422,-0.46571238,-0.06021820,-0.23874422,-166.4739,697.2898,OK,0.0000,4.9942,3.0000,97.0000,AG03-UNRESOLVED,ALL5_LEVELS_bet23_to_bet27,4.9942,4.9942,4.9942,0.0000,0.0000,3.000000,3.000000,3.000000,0.000000,0.000000,97.000000,97.000000,97.000000,100.000000,100.000000,5.0,14.9827,14.5377,151.4913,151.9362,PENDING_AG03,FALSE,NOT_FOR_ENFORCEMENT,161.4797,597.7525,166.4739,161.4797,4.9942,0.23874422,0.23158190,4.9942,161.4797,0.23158190,4.9942,4.9942,4.9942,0.0000,0.0000,161.4797,0.23158190,14.9827,14.5377,151.4913,151.9362,0.21725724,0.21789541,0.00716233,7.8347,6.9240,1.8705,83.2370,5.2023,348.6449,44.5000,14.6188,5.7396,4.1543,6.2314,10.2195,14.4469,20.439,29.0643,5.816,0.0,3.279987,4.664143,1.257289,22,23,3,2,0.44026778,0.23874422,0.46571238,0E-8,0.000000,0.883764,0.000000,-0.40549418,2026-06-10,2026-07-29,2,32,29,50,0.040000,2.546984,1.865897,1.467559,,,,,,,,GLOBAL_BASELINE_NO_ENTITY_RANKING,,,NOT_APPLICABLE_GLOBAL_BASELINE,HF9g-P5,,,,X 全窗基线 · 不参与实体赏罚,6873257,688,A168_HF9F_20260827_0900,2026-08-27 09:00:00
2026-06-10,151252707,2267,0,126.4981409549,18.6943065452,18.6943065452,0.6428571,16,16,0.50078592500000000,0.500785925000,1.0631649568745412,1.0631649568745414,1.0631649568745412,0E-17,ELIGIBLE,R03b_20260811_FULL_v1,L1_ELIGIBILITY,v2026-08-11,2026-03-21..2026-08-06,baccarat_bet02_101_all_pairs_incl_sentinel,round_win = game_pnl > 0 (decisive only),COMPATIBILITY_ONLY_NOT_PRODUCTION,697.2898,616.2396,166.4739,89,89,-0.23874422,-0.46571238,-0.06021820,-0.23874422,-166.4739,697.2898,OK,0.0000,4.9942,3.0000,97.0000,AG03-UNRESOLVED,ALL5_LEVELS_bet23_to_bet27,4.9942,4.9942,4.9942,0.0000,0.0000,3.000000,3.000000,3.000000,0.000000,0.000000,97.000000,97.000000,97.000000,100.000000,100.000000,5.0,14.9827,14.5377,151.4913,151.9362,PENDING_AG03,FALSE,NOT_FOR_ENFORCEMENT,161.4797,597.7525,166.4739,161.4797,4.9942,0.23874422,0.23158190,4.9942,161.4797,0.23158190,4.9942,4.9942,4.9942,0.0000,0.0000,161.4797,0.23158190,14.9827,14.5377,151.4913,151.9362,0.21725724,0.21789541,0.00716233,7.8347,6.9240,1.8705,83.2370,5.2023,348.6449,44.5000,14.6188,5.7396,4.1543,6.2314,10.2195,14.4469,20.439,29.0643,5.816,0.0,3.279987,4.664143,1.257289,22,23,3,2,0.44026778,0.23874422,0.46571238,0E-8,0.000000,0.883764,0.000000,-0.40549418,2026-06-10,2026-07-29,2,32,29,50,0.040000,2.546984,1.865897,1.467559,,,,,,,,GLOBAL_BASELINE_NO_ENTITY_RANKING,,,NOT_APPLICABLE_GLOBAL_BASELINE,HF9g-P5,,,,X 全窗基线 · 不参与实体赏罚,6873258,688,A168_HF9F_20260827_0900,2026-08-27 09:00:00
2026-06-10,151252707,529,0,2.0771451717,-2.0771451717,-2.0771451717,0E-7,1,1,0.50665070000000000,0.506650700000,-1.013391052207602,-1.013391052207602,-1.013391052207602,0E-17,ELIGIBLE,R03b_20260811_FULL_v1,L1_ELIGIBILITY,v2026-08-11,2026-03-21..2026-08-06,baccarat_bet02_101_all_pairs_incl_sentinel,round_win = game_pnl > 0 (decisive only),COMPATIBILITY_ONLY_NOT_PRODUCTION,697.2898,616.2396,166.4739,89,89,-0.23874422,-0.46571238,-0.06021820,-0.23874422,-166.4739,697.2898,OK,0.0000,4.9942,3.0000,97.0000,AG03-UNRESOLVED,ALL5_LEVELS_bet23_to_bet27,4.9942,4.9942,4.9942,0.0000,0.0000,3.000000,3.000000,3.000000,0.000000,0.000000,97.000000,97.000000,97.000000,100.000000,100.000000,5.0,14.9827,14.5377,151.4913,151.9362,PENDING_AG03,FALSE,NOT_FOR_ENFORCEMENT,161.4797,597.7525,166.4739,161.4797,4.9942,0.23874422,0.23158190,4.9942,161.4797,0.23158190,4.9942,4.9942,4.9942,0.0000,0.0000,161.4797,0.23158190,14.9827,14.5377,151.4913,151.9362,0.21725724,0.21789541,0.00716233,7.8347,6.9240,1.8705,83.2370,5.2023,348.6449,44.5000,14.6188,5.7396,4.1543,6.2314,10.2195,14.4469,20.439,29.0643,5.816,0.0,3.279987,4.664143,1.257289,22,23,3,2,0.44026778,0.23874422,0.46571238,0E-8,0.000000,0.883764,0.000000,-0.40549418,2026-06-10,2026-07-29,2,32,29,50,0.040000,2.546984,1.865897,1.467559,,,,,,,,GLOBAL_BASELINE_NO_ENTITY_RANKING,,,NOT_APPLICABLE_GLOBAL_BASELINE,HF9g-P5,,,,X 全窗基线 · 不参与实体赏罚,6873259,688,A168_HF9F_20260827_0900,2026-08-27 09:00:00
2026-06-10,151252707,550,0,77.2698003865,-16.7625615354,-16.7625615354,0.3333333,13,13,0.50149485384615385,0.501494853846,-1.008973632367785,-1.0089736323668612,-1.008973632367785,1.5385E-13,ELIGIBLE,R03b_20260811_FULL_v1,L1_ELIGIBILITY,v2026-08-11,2026-03-21..2026-08-06,baccarat_bet02_101_all_pairs_incl_sentinel,round_win = game_pnl > 0 (decisive only),COMPATIBILITY_ONLY_NOT_PRODUCTION,697.2898,616.2396,166.4739,89,89,-0.23874422,-0.46571238,-0.06021820,-0.23874422,-166.4739,697.2898,OK,0.0000,4.9942,3.0000,97.0000,AG03-UNRESOLVED,ALL5_LEVELS_bet23_to_bet27,4.9942,4.9942,4.9942,0.0000,0.0000,3.000000,3.000000,3.000000,0.000000,0.000000,97.000000,97.000000,97.000000,100.000000,100.000000,5.0,14.9827,14.5377,151.4913,151.9362,PENDING_AG03,FALSE,NOT_FOR_ENFORCEMENT,161.4797,597.7525,166.4739,161.4797,4.9942,0.23874422,0.23158190,4.9942,161.4797,0.23158190,4.9942,4.9942,4.9942,0.0000,0.0000,161.4797,0.23158190,14.9827,14.5377,151.4913,151.9362,0.21725724,0.21789541,0.00716233,7.8347,6.9240,1.8705,83.2370,5.2023,348.6449,44.5000,14.6188,5.7396,4.1543,6.2314,10.2195,14.4469,20.439,29.0643,5.816,0.0,3.279987,4.664143,1.257289,22,23,3,2,0.44026778,0.23874422,0.46571238,0E-8,0.000000,0.883764,0.000000,-0.40549418,2026-06-10,2026-07-29,2,32,29,50,0.040000,2.546984,1.865897,1.467559,,,,,,,,GLOBAL_BASELINE_NO_ENTITY_RANKING,,,NOT_APPLICABLE_GLOBAL_BASELINE,HF9g-P5,,,,X 全窗基线 · 不参与实体赏罚,6873260,688,A168_HF9F_20260827_0900,2026-08-27 09:00:00
2026-06-10,151252707,772,0,55.0443470494,-1.3501443615,-1.3501443615,0.6000000,6,6,0.50218230000000000,0.502182300000,0.4374582199563857,0.4374582199563857,0.4374582199563857,0E-17,ELIGIBLE,R03b_20260811_FULL_v1,L1_ELIGIBILITY,v2026-08-11,2026-03-21..2026-08-06,baccarat_bet02_101_all_pairs_incl_sentinel,round_win = game_pnl > 0 (decisive only),COMPATIBILITY_ONLY_NOT_PRODUCTION,697.2898,616.2396,166.4739,89,89,-0.23874422,-0.46571238,-0.06021820,-0.23874422,-166.4739,697.2898,OK,0.0000,4.9942,3.0000,97.0000,AG03-UNRESOLVED,ALL5_LEVELS_bet23_to_bet27,4.9942,4.9942,4.9942,0.0000,0.0000,3.000000,3.000000,3.000000,0.000000,0.000000,97.000000,97.000000,97.000000,100.000000,100.000000,5.0,14.9827,14.5377,151.4913,151.9362,PENDING_AG03,FALSE,NOT_FOR_ENFORCEMENT,161.4797,597.7525,166.4739,161.4797,4.9942,0.23874422,0.23158190,4.9942,161.4797,0.23158190,4.9942,4.9942,4.9942,0.0000,0.0000,161.4797,0.23158190,14.9827,14.5377,151.4913,151.9362,0.21725724,0.21789541,0.00716233,7.8347,6.9240,1.8705,83.2370,5.2023,348.6449,44.5000,14.6188,5.7396,4.1543,6.2314,10.2195,14.4469,20.439,29.0643,5.816,0.0,3.279987,4.664143,1.257289,22,23,3,2,0.44026778,0.23874422,0.46571238,0E-8,0.000000,0.883764,0.000000,-0.40549418,2026-06-10,2026-07-29,2,32,29,50,0.040000,2.546984,1.865897,1.467559,,,,,,,,GLOBAL_BASELINE_NO_ENTITY_RANKING,,,NOT_APPLICABLE_GLOBAL_BASELINE,HF9g-P5,,,,X 全窗基线 · 不参与实体赏罚,6873261,688,A168_HF9F_20260827_0900,2026-08-27 09:00:00
2026-06-10,151252707,994,0,27.4183162662,-1.0385725857,-1.0385725857,0.5000000,6,6,0.50441650000000000,0.504416500000,-0.01766668920767576,-0.017666689207675765,-0.01766668920767576,0E-17,ELIGIBLE,R03b_20260811_FULL_v1,L1_ELIGIBILITY,v2026-08-11,2026-03-21..2026-08-06,baccarat_bet02_101_all_pairs_incl_sentinel,round_win = game_pnl > 0 (decisive only),COMPATIBILITY_ONLY_NOT_PRODUCTION,697.2898,616.2396,166.4739,89,89,-0.23874422,-0.46571238,-0.06021820,-0.23874422,-166.4739,697.2898,OK,0.0000,4.9942,3.0000,97.0000,AG03-UNRESOLVED,ALL5_LEVELS_bet23_to_bet27,4.9942,4.9942,4.9942,0.0000,0.0000,3.000000,3.000000,3.000000,0.000000,0.000000,97.000000,97.000000,97.000000,100.000000,100.000000,5.0,14.9827,14.5377,151.4913,151.9362,PENDING_AG03,FALSE,NOT_FOR_ENFORCEMENT,161.4797,597.7525,166.4739,161.4797,4.9942,0.23874422,0.23158190,4.9942,161.4797,0.23158190,4.9942,4.9942,4.9942,0.0000,0.0000,161.4797,0.23158190,14.9827,14.5377,151.4913,151.9362,0.21725724,0.21789541,0.00716233,7.8347,6.9240,1.8705,83.2370,5.2023,348.6449,44.5000,14.6188,5.7396,4.1543,6.2314,10.2195,14.4469,20.439,29.0643,5.816,0.0,3.279987,4.664143,1.257289,22,23,3,2,0.44026778,0.23874422,0.46571238,0E-8,0.000000,0.883764,0.000000,-0.40549418,2026-06-10,2026-07-29,2,32,29,50,0.040000,2.546984,1.865897,1.467559,,,,,,,,GLOBAL_BASELINE_NO_ENTITY_RANKING,,,NOT_APPLICABLE_GLOBAL_BASELINE,HF9g-P5,,,,X 全窗基线 · 不参与实体赏罚,6873262,688,A168_HF9F_20260827_0900,2026-08-27 09:00:00
2026-07-29,151252707,-1,1,106.2829579364,-61.3170911172,-61.3170911172,0.2500000,8,8,0.49659680000000000,0.496596800000,-1.3949944693763336,-1.3949944693763339,-1.3949944693763336,0E-17,SENTINEL_DEALER,R03b_20260811_FULL_v1,L1_ELIGIBILITY,v2026-08-11,2026-03-21..2026-08-06,baccarat_bet02_101_all_pairs_incl_sentinel,round_win = game_pnl > 0 (decisive only),COMPATIBILITY_ONLY_NOT_PRODUCTION,697.2898,616.2396,166.4739,89,89,-0.23874422,-0.46571238,-0.06021820,-0.23874422,-166.4739,697.2898,OK,0.0000,4.9942,3.0000,97.0000,AG03-UNRESOLVED,ALL5_LEVELS_bet23_to_bet27,4.9942,4.9942,4.9942,0.0000,0.0000,3.000000,3.000000,3.000000,0.000000,0.000000,97.000000,97.000000,97.000000,100.000000,100.000000,5.0,14.9827,14.5377,151.4913,151.9362,PENDING_AG03,FALSE,NOT_FOR_ENFORCEMENT,161.4797,597.7525,166.4739,161.4797,4.9942,0.23874422,0.23158190,4.9942,161.4797,0.23158190,4.9942,4.9942,4.9942,0.0000,0.0000,161.4797,0.23158190,14.9827,14.5377,151.4913,151.9362,0.21725724,0.21789541,0.00716233,7.8347,6.9240,1.8705,83.2370,5.2023,348.6449,44.5000,14.6188,5.7396,4.1543,6.2314,10.2195,14.4469,20.439,29.0643,5.816,0.0,3.279987,4.664143,1.257289,22,23,3,2,0.44026778,0.23874422,0.46571238,0E-8,0.000000,0.883764,0.000000,-0.40549418,2026-06-10,2026-07-29,2,32,29,50,0.040000,2.546984,1.865897,1.467559,,,,,,,,GLOBAL_BASELINE_NO_ENTITY_RANKING,,,NOT_APPLICABLE_GLOBAL_BASELINE,HF9g-P5,,,,X 全窗基线 · 不参与实体赏罚,6873263,688,A168_HF9F_20260827_0900,2026-08-27 09:00:00
2026-07-29,151252707,1966,0,10.2195151862,0E-10,0E-10,,1,1,0.49324550000000000,0.493245500000,,,,0E-17,NO_DECISIVE_ROUND,R03b_20260811_FULL_v1,L1_ELIGIBILITY,v2026-08-11,2026-03-21..2026-08-06,baccarat_bet02_101_all_pairs_incl_sentinel,round_win = game_pnl > 0 (decisive only),COMPATIBILITY_ONLY_NOT_PRODUCTION,697.2898,616.2396,166.4739,89,89,-0.23874422,-0.46571238,-0.06021820,-0.23874422,-166.4739,697.2898,OK,0.0000,4.9942,3.0000,97.0000,AG03-UNRESOLVED,ALL5_LEVELS_bet23_to_bet27,4.9942,4.9942,4.9942,0.0000,0.0000,3.000000,3.000000,3.000000,0.000000,0.000000,97.000000,97.000000,97.000000,100.000000,100.000000,5.0,14.9827,14.5377,151.4913,151.9362,PENDING_AG03,FALSE,NOT_FOR_ENFORCEMENT,161.4797,597.7525,166.4739,161.4797,4.9942,0.23874422,0.23158190,4.9942,161.4797,0.23158190,4.9942,4.9942,4.9942,0.0000,0.0000,161.4797,0.23158190,14.9827,14.5377,151.4913,151.9362,0.21725724,0.21789541,0.00716233,7.8347,6.9240,1.8705,83.2370,5.2023,348.6449,44.5000,14.6188,5.7396,4.1543,6.2314,10.2195,14.4469,20.439,29.0643,5.816,0.0,3.279987,4.664143,1.257289,22,23,3,2,0.44026778,0.23874422,0.46571238,0E-8,0.000000,0.883764,0.000000,-0.40549418,2026-06-10,2026-07-29,2,32,29,50,0.040000,2.546984,1.865897,1.467559,,,,,,,,GLOBAL_BASELINE_NO_ENTITY_RANKING,,,NOT_APPLICABLE_GLOBAL_BASELINE,HF9g-P5,,,,X 全窗基线 · 不参与实体赏罚,6873264,688,A168_HF9F_20260827_0900,2026-08-27 09:00:00
2026-07-29,151252707,2115,0,40.8780607448,-12.2634182234,-12.2634182234,0.5000000,2,2,0.49994810000000000,0.499948100000,0.00014679536856514622,0.00014679536856514622,0.00014679536856514622,0E-17,ELIGIBLE,R03b_20260811_FULL_v1,L1_ELIGIBILITY,v2026-08-11,2026-03-21..2026-08-06,baccarat_bet02_101_all_pairs_incl_sentinel,round_win = game_pnl > 0 (decisive only),COMPATIBILITY_ONLY_NOT_PRODUCTION,697.2898,616.2396,166.4739,89,89,-0.23874422,-0.46571238,-0.06021820,-0.23874422,-166.4739,697.2898,OK,0.0000,4.9942,3.0000,97.0000,AG03-UNRESOLVED,ALL5_LEVELS_bet23_to_bet27,4.9942,4.9942,4.9942,0.0000,0.0000,3.000000,3.000000,3.000000,0.000000,0.000000,97.000000,97.000000,97.000000,100.000000,100.000000,5.0,14.9827,14.5377,151.4913,151.9362,PENDING_AG03,FALSE,NOT_FOR_ENFORCEMENT,161.4797,597.7525,166.4739,161.4797,4.9942,0.23874422,0.23158190,4.9942,161.4797,0.23158190,4.9942,4.9942,4.9942,0.0000,0.0000,161.4797,0.23158190,14.9827,14.5377,151.4913,151.9362,0.21725724,0.21789541,0.00716233,7.8347,6.9240,1.8705,83.2370,5.2023,348.6449,44.5000,14.6188,5.7396,4.1543,6.2314,10.2195,14.4469,20.439,29.0643,5.816,0.0,3.279987,4.664143,1.257289,22,23,3,2,0.44026778,0.23874422,0.46571238,0E-8,0.000000,0.883764,0.000000,-0.40549418,2026-06-10,2026-07-29,2,32,29,50,0.040000,2.546984,1.865897,1.467559,,,,,,,,GLOBAL_BASELINE_NO_ENTITY_RANKING,,,NOT_APPLICABLE_GLOBAL_BASELINE,HF9g-P5,,,,X 全窗基线 · 不参与实体赏罚,6873265,688,A168_HF9F_20260827_0900,2026-08-27 09:00:00
2026-07-29,151252707,2188,0,17.7819564240,-17.7819564240,-17.7819564240,0E-7,1,1,0.50665070000000000,0.506650700000,-1.013391052207602,-1.013391052207602,-1.013391052207602,0E-17,ELIGIBLE,R03b_20260811_FULL_v1,L1_ELIGIBILITY,v2026-08-11,2026-03-21..2026-08-06,baccarat_bet02_101_all_pairs_incl_sentinel,round_win = game_pnl > 0 (decisive only),COMPATIBILITY_ONLY_NOT_PRODUCTION,697.2898,616.2396,166.4739,89,89,-0.23874422,-0.46571238,-0.06021820,-0.23874422,-166.4739,697.2898,OK,0.0000,4.9942,3.0000,97.0000,AG03-UNRESOLVED,ALL5_LEVELS_bet23_to_bet27,4.9942,4.9942,4.9942,0.0000,0.0000,3.000000,3.000000,3.000000,0.000000,0.000000,97.000000,97.000000,97.000000,100.000000,100.000000,5.0,14.9827,14.5377,151.4913,151.9362,PENDING_AG03,FALSE,NOT_FOR_ENFORCEMENT,161.4797,597.7525,166.4739,161.4797,4.9942,0.23874422,0.23158190,4.9942,161.4797,0.23158190,4.9942,4.9942,4.9942,0.0000,0.0000,161.4797,0.23158190,14.9827,14.5377,151.4913,151.9362,0.21725724,0.21789541,0.00716233,7.8347,6.9240,1.8705,83.2370,5.2023,348.6449,44.5000,14.6188,5.7396,4.1543,6.2314,10.2195,14.4469,20.439,29.0643,5.816,0.0,3.279987,4.664143,1.257289,22,23,3,2,0.44026778,0.23874422,0.46571238,0E-8,0.000000,0.883764,0.000000,-0.40549418,2026-06-10,2026-07-29,2,32,29,50,0.040000,2.546984,1.865897,1.467559,,,,,,,,GLOBAL_BASELINE_NO_ENTITY_RANKING,,,NOT_APPLICABLE_GLOBAL_BASELINE,HF9g-P5,,,,X 全窗基线 · 不参与实体赏罚,6873266,688,A168_HF9F_20260827_0900,2026-08-27 09:00:00
2026-07-29,151252707,2201,0,10.2195151862,-10.2195151862,-10.2195151862,0E-7,1,1,0.50665070000000000,0.506650700000,-1.013391052207602,-1.013391052207602,-1.013391052207602,0E-17,ELIGIBLE,R03b_20260811_FULL_v1,L1_ELIGIBILITY,v2026-08-11,2026-03-21..2026-08-06,baccarat_bet02_101_all_pairs_incl_sentinel,round_win = game_pnl > 0 (decisive only),COMPATIBILITY_ONLY_NOT_PRODUCTION,697.2898,616.2396,166.4739,89,89,-0.23874422,-0.46571238,-0.06021820,-0.23874422,-166.4739,697.2898,OK,0.0000,4.9942,3.0000,97.0000,AG03-UNRESOLVED,ALL5_LEVELS_bet23_to_bet27,4.9942,4.9942,4.9942,0.0000,0.0000,3.000000,3.000000,3.000000,0.000000,0.000000,97.000000,97.000000,97.000000,100.000000,100.000000,5.0,14.9827,14.5377,151.4913,151.9362,PENDING_AG03,FALSE,NOT_FOR_ENFORCEMENT,161.4797,597.7525,166.4739,161.4797,4.9942,0.23874422,0.23158190,4.9942,161.4797,0.23158190,4.9942,4.9942,4.9942,0.0000,0.0000,161.4797,0.23158190,14.9827,14.5377,151.4913,151.9362,0.21725724,0.21789541,0.00716233,7.8347,6.9240,1.8705,83.2370,5.2023,348.6449,44.5000,14.6188,5.7396,4.1543,6.2314,10.2195,14.4469,20.439,29.0643,5.816,0.0,3.279987,4.664143,1.257289,22,23,3,2,0.44026778,0.23874422,0.46571238,0E-8,0.000000,0.883764,0.000000,-0.40549418,2026-06-10,2026-07-29,2,32,29,50,0.040000,2.546984,1.865897,1.467559,,,,,,,,GLOBAL_BASELINE_NO_ENTITY_RANKING,,,NOT_APPLICABLE_GLOBAL_BASELINE,HF9g-P5,,,,X 全窗基线 · 不参与实体赏罚,6873267,688,A168_HF9F_20260827_0900,2026-08-27 09:00:00
2026-07-29,151252707,2242,0,18.3951273352,1.5329272779,1.5329272779,0.5000000,2,2,0.49994810000000000,0.499948100000,0.00014679536856514622,0.00014679536856514622,0.00014679536856514622,0E-17,ELIGIBLE,R03b_20260811_FULL_v1,L1_ELIGIBILITY,v2026-08-11,2026-03-21..2026-08-06,baccarat_bet02_101_all_pairs_incl_sentinel,round_win = game_pnl > 0 (decisive only),COMPATIBILITY_ONLY_NOT_PRODUCTION,697.2898,616.2396,166.4739,89,89,-0.23874422,-0.46571238,-0.06021820,-0.23874422,-166.4739,697.2898,OK,0.0000,4.9942,3.0000,97.0000,AG03-UNRESOLVED,ALL5_LEVELS_bet23_to_bet27,4.9942,4.9942,4.9942,0.0000,0.0000,3.000000,3.000000,3.000000,0.000000,0.000000,97.000000,97.000000,97.000000,100.000000,100.000000,5.0,14.9827,14.5377,151.4913,151.9362,PENDING_AG03,FALSE,NOT_FOR_ENFORCEMENT,161.4797,597.7525,166.4739,161.4797,4.9942,0.23874422,0.23158190,4.9942,161.4797,0.23158190,4.9942,4.9942,4.9942,0.0000,0.0000,161.4797,0.23158190,14.9827,14.5377,151.4913,151.9362,0.21725724,0.21789541,0.00716233,7.8347,6.9240,1.8705,83.2370,5.2023,348.6449,44.5000,14.6188,5.7396,4.1543,6.2314,10.2195,14.4469,20.439,29.0643,5.816,0.0,3.279987,4.664143,1.257289,22,23,3,2,0.44026778,0.23874422,0.46571238,0E-8,0.000000,0.883764,0.000000,-0.40549418,2026-06-10,2026-07-29,2,32,29,50,0.040000,2.546984,1.865897,1.467559,,,,,,,,GLOBAL_BASELINE_NO_ENTITY_RANKING,,,NOT_APPLICABLE_GLOBAL_BASELINE,HF9g-P5,,,,X 全窗基线 · 不参与实体赏罚,6873268,688,A168_HF9F_20260827_0900,2026-08-27 09:00:00
2026-07-29,151252707,2271,0,82.7780730082,-22.4829334096,-22.4829334096,0.4000000,5,5,0.49860758000000000,0.498607580000,-0.440988213962219,-0.440988213962219,-0.440988213962219,0E-17,ELIGIBLE,R03b_20260811_FULL_v1,L1_ELIGIBILITY,v2026-08-11,2026-03-21..2026-08-06,baccarat_bet02_101_all_pairs_incl_sentinel,round_win = game_pnl > 0 (decisive only),COMPATIBILITY_ONLY_NOT_PRODUCTION,697.2898,616.2396,166.4739,89,89,-0.23874422,-0.46571238,-0.06021820,-0.23874422,-166.4739,697.2898,OK,0.0000,4.9942,3.0000,97.0000,AG03-UNRESOLVED,ALL5_LEVELS_bet23_to_bet27,4.9942,4.9942,4.9942,0.0000,0.0000,3.000000,3.000000,3.000000,0.000000,0.000000,97.000000,97.000000,97.000000,100.000000,100.000000,5.0,14.9827,14.5377,151.4913,151.9362,PENDING_AG03,FALSE,NOT_FOR_ENFORCEMENT,161.4797,597.7525,166.4739,161.4797,4.9942,0.23874422,0.23158190,4.9942,161.4797,0.23158190,4.9942,4.9942,4.9942,0.0000,0.0000,161.4797,0.23158190,14.9827,14.5377,151.4913,151.9362,0.21725724,0.21789541,0.00716233,7.8347,6.9240,1.8705,83.2370,5.2023,348.6449,44.5000,14.6188,5.7396,4.1543,6.2314,10.2195,14.4469,20.439,29.0643,5.816,0.0,3.279987,4.664143,1.257289,22,23,3,2,0.44026778,0.23874422,0.46571238,0E-8,0.000000,0.883764,0.000000,-0.40549418,2026-06-10,2026-07-29,2,32,29,50,0.040000,2.546984,1.865897,1.467559,,,,,,,,GLOBAL_BASELINE_NO_ENTITY_RANKING,,,NOT_APPLICABLE_GLOBAL_BASELINE,HF9g-P5,,,,X 全窗基线 · 不参与实体赏罚,6873269,688,A168_HF9F_20260827_0900,2026-08-27 09:00:00
2026-07-29,151252707,526,0,20.4390303724,-20.4390303724,-20.4390303724,0E-7,1,1,0.49324550000000000,0.493245500000,-0.9865810262130424,-0.9865810262130424,-0.9865810262130424,0E-17,ELIGIBLE,R03b_20260811_FULL_v1,L1_ELIGIBILITY,v2026-08-11,2026-03-21..2026-08-06,baccarat_bet02_101_all_pairs_incl_sentinel,round_win = game_pnl > 0 (decisive only),COMPATIBILITY_ONLY_NOT_PRODUCTION,697.2898,616.2396,166.4739,89,89,-0.23874422,-0.46571238,-0.06021820,-0.23874422,-166.4739,697.2898,OK,0.0000,4.9942,3.0000,97.0000,AG03-UNRESOLVED,ALL5_LEVELS_bet23_to_bet27,4.9942,4.9942,4.9942,0.0000,0.0000,3.000000,3.000000,3.000000,0.000000,0.000000,97.000000,97.000000,97.000000,100.000000,100.000000,5.0,14.9827,14.5377,151.4913,151.9362,PENDING_AG03,FALSE,NOT_FOR_ENFORCEMENT,161.4797,597.7525,166.4739,161.4797,4.9942,0.23874422,0.23158190,4.9942,161.4797,0.23158190,4.9942,4.9942,4.9942,0.0000,0.0000,161.4797,0.23158190,14.9827,14.5377,151.4913,151.9362,0.21725724,0.21789541,0.00716233,7.8347,6.9240,1.8705,83.2370,5.2023,348.6449,44.5000,14.6188,5.7396,4.1543,6.2314,10.2195,14.4469,20.439,29.0643,5.816,0.0,3.279987,4.664143,1.257289,22,23,3,2,0.44026778,0.23874422,0.46571238,0E-8,0.000000,0.883764,0.000000,-0.40549418,2026-06-10,2026-07-29,2,32,29,50,0.040000,2.546984,1.865897,1.467559,,,,,,,,GLOBAL_BASELINE_NO_ENTITY_RANKING,,,NOT_APPLICABLE_GLOBAL_BASELINE,HF9g-P5,,,,X 全窗基线 · 不参与实体赏罚,6873270,688,A168_HF9F_20260827_0900,2026-08-27 09:00:00
2026-04-06,148219514,1402,0,377.9807868494,-141.6119152948,-141.6119152948,0.3333333,12,6,0.46551914055862891,0.358198183334,-0.6491209156202341,-0.12702795553897644,-0.6491209156202341,0.10732095722462891,ELIGIBLE,R03b_20260811_FULL_v1,L1_ELIGIBILITY,v2026-08-11,2026-03-21..2026-08-06,baccarat_bet02_101_all_pairs_incl_sentinel,round_win = game_pnl > 0 (decisive only),COMPATIBILITY_ONLY_NOT_PRODUCTION,555.9773,528.2308,166.4791,18,8,-0.29943503,,-0.29943503,-0.29943503,-166.4791,555.9773,THIN_EXPOSURE,0.0000,4.9944,3.0000,97.0000,AG03-UNRESOLVED,ALL5_LEVELS_bet23_to_bet27,4.9944,4.9944,4.9944,6.6592,6.6592,3.000000,3.000000,3.000000,4.000000,4.000000,97.000000,97.000000,97.000000,96.000000,96.000000,5.0,28.3014,26.4503,138.1776,140.0288,PENDING_AG03,FALSE,NOT_FOR_ENFORCEMENT,161.4847,512.3838,166.4791,161.4847,4.9944,0.29943503,0.29045198,4.9944,161.4847,0.29045198,4.9944,4.9944,4.9944,6.6592,6.6592,161.4847,0.29045198,28.3014,26.4503,138.1776,140.0288,0.24853107,0.25186062,0.00898305,30.8876,66.0288,20.8099,166.4791,83.2395,555.9773,8.0000,,30.8876,5.2352,5.2352,78.5279,78.5279,78.5279,78.5279,5.2352,-5.2352,15.0,15.0,5.9,2,2,1,4,0E-8,0.29943503,,0E-8,0.000000,0.950094,0.000000,,2026-04-06,2026-04-06,1,2,2,1,1.000000,,,0.000000,,,,,,,,GLOBAL_BASELINE_NO_ENTITY_RANKING,,,NOT_APPLICABLE_GLOBAL_BASELINE,HF9g-P5,,,,X 全窗基线 · 不参与实体赏罚,6873271,688,A168_HF9F_20260827_0900,2026-08-27 09:00:00
2026-04-06,148219514,1490,0,177.9964924222,-24.8671570296,-24.8671570296,0.5000000,6,2,0.44991871764700261,0.216448266667,0.14236721000099573,0.9737252013423441,0.14236721000099573,0.23347045098000261,ELIGIBLE,R03b_20260811_FULL_v1,L1_ELIGIBILITY,v2026-08-11,2026-03-21..2026-08-06,baccarat_bet02_101_all_pairs_incl_sentinel,round_win = game_pnl > 0 (decisive only),COMPATIBILITY_ONLY_NOT_PRODUCTION,555.9773,528.2308,166.4791,18,8,-0.29943503,,-0.29943503,-0.29943503,-166.4791,555.9773,THIN_EXPOSURE,0.0000,4.9944,3.0000,97.0000,AG03-UNRESOLVED,ALL5_LEVELS_bet23_to_bet27,4.9944,4.9944,4.9944,6.6592,6.6592,3.000000,3.000000,3.000000,4.000000,4.000000,97.000000,97.000000,97.000000,96.000000,96.000000,5.0,28.3014,26.4503,138.1776,140.0288,PENDING_AG03,FALSE,NOT_FOR_ENFORCEMENT,161.4847,512.3838,166.4791,161.4847,4.9944,0.29943503,0.29045198,4.9944,161.4847,0.29045198,4.9944,4.9944,4.9944,6.6592,6.6592,161.4847,0.29045198,28.3014,26.4503,138.1776,140.0288,0.24853107,0.25186062,0.00898305,30.8876,66.0288,20.8099,166.4791,83.2395,555.9773,8.0000,,30.8876,5.2352,5.2352,78.5279,78.5279,78.5279,78.5279,5.2352,-5.2352,15.0,15.0,5.9,2,2,1,4,0E-8,0.29943503,,0E-8,0.000000,0.950094,0.000000,,2026-04-06,2026-04-06,1,2,2,1,1.000000,,,0.000000,,,,,,,,GLOBAL_BASELINE_NO_ENTITY_RANKING,,,NOT_APPLICABLE_GLOBAL_BASELINE,HF9g-P5,,,,X 全窗基线 · 不参与实体赏罚,6873272,688,A168_HF9F_20260827_0900,2026-08-27 09:00:00
2026-06-15,151536977,-1,1,112.3735537876,31.6764638681,31.6764638681,0.7000000,12,12,0.49994810000000000,0.499948100000,1.2652393153045998,1.2652393153045998,1.2652393153045998,0E-17,SENTINEL_DEALER,R03b_20260811_FULL_v1,L1_ELIGIBILITY,v2026-08-11,2026-03-21..2026-08-06,baccarat_bet02_101_all_pairs_incl_sentinel,round_win = game_pnl > 0 (decisive only),COMPATIBILITY_ONLY_NOT_PRODUCTION,1602.4243,1428.5890,168.2204,171,171,-0.10497867,-0.25000000,-0.10348361,-0.10497867,-168.2204,1602.4243,OK,0.0000,6.7288,4.0000,96.0000,AG03-UNRESOLVED,ALL5_LEVELS_bet23_to_bet27,6.7288,6.7288,10.0932,13.4576,13.4576,4.000000,4.000000,6.000000,8.000000,8.000000,96.000000,96.000000,94.000000,92.000000,92.000000,5.0,50.4661,44.8745,117.7543,123.3459,PENDING_AG03,FALSE,NOT_FOR_ENFORCEMENT,161.4916,1371.4454,168.2204,161.4916,6.7288,0.10497867,0.10077953,6.7288,161.4916,0.10077953,6.7288,6.7288,10.0932,13.4576,13.4576,161.4916,0.10077953,50.4661,44.8745,117.7543,123.3459,0.07348507,0.07697453,0.00419915,9.3709,8.3543,0.9837,12.9400,1.5020,123.2634,13.1538,4.0878,9.4974,5.2232,8.3086,11.3724,16.6172,20.7548,31.1572,8.3086,0.0,2.498,3.75,1.127858,28,73,16,2,0.01020405,0.10497867,0.25000000,0E-8,0.000000,0.891517,0.812866,-0.14651639,2026-06-15,2026-07-09,13,112,89,25,0.520000,0.430411,0.436223,0.034014,,,,,,,,GLOBAL_BASELINE_NO_ENTITY_RANKING,,,NOT_APPLICABLE_GLOBAL_BASELINE,HF9g-P5,,,,X 全窗基线 · 不参与实体赏罚,6873273,688,A168_HF9F_20260827_0900,2026-08-27 09:00:00
2026-06-15,151536977,1148,0,87.2400972103,12.4836424818,12.4836424818,0.6000000,6,6,0.49771390000000000,0.497713900000,0.4574421269484404,0.45744212694844033,0.4574421269484404,0E-17,ELIGIBLE,R03b_20260811_FULL_v1,L1_ELIGIBILITY,v2026-08-11,2026-03-21..2026-08-06,baccarat_bet02_101_all_pairs_incl_sentinel,round_win = game_pnl > 0 (decisive only),COMPATIBILITY_ONLY_NOT_PRODUCTION,1602.4243,1428.5890,168.2204,171,171,-0.10497867,-0.25000000,-0.10348361,-0.10497867,-168.2204,1602.4243,OK,0.0000,6.7288,4.0000,96.0000,AG03-UNRESOLVED,ALL5_LEVELS_bet23_to_bet27,6.7288,6.7288,10.0932,13.4576,13.4576,4.000000,4.000000,6.000000,8.000000,8.000000,96.000000,96.000000,94.000000,92.000000,92.000000,5.0,50.4661,44.8745,117.7543,123.3459,PENDING_AG03,FALSE,NOT_FOR_ENFORCEMENT,161.4916,1371.4454,168.2204,161.4916,6.7288,0.10497867,0.10077953,6.7288,161.4916,0.10077953,6.7288,6.7288,10.0932,13.4576,13.4576,161.4916,0.10077953,50.4661,44.8745,117.7543,123.3459,0.07348507,0.07697453,0.00419915,9.3709,8.3543,0.9837,12.9400,1.5020,123.2634,13.1538,4.0878,9.4974,5.2232,8.3086,11.3724,16.6172,20.7548,31.1572,8.3086,0.0,2.498,3.75,1.127858,28,73,16,2,0.01020405,0.10497867,0.25000000,0E-8,0.000000,0.891517,0.812866,-0.14651639,2026-06-15,2026-07-09,13,112,89,25,0.520000,0.430411,0.436223,0.034014,,,,,,,,GLOBAL_BASELINE_NO_ENTITY_RANKING,,,NOT_APPLICABLE_GLOBAL_BASELINE,HF9g-P5,,,,X 全窗基线 · 不参与实体赏罚,6873274,688,A168_HF9F_20260827_0900,2026-08-27 09:00:00
2026-06-15,151536977,1210,0,8.3085806867,8.3085806867,8.3085806867,1.0000000,1,1,0.50665070000000000,0.506650700000,0.9867858985152569,0.9867858985152569,0.9867858985152569,0E-17,ELIGIBLE,R03b_20260811_FULL_v1,L1_ELIGIBILITY,v2026-08-11,2026-03-21..2026-08-06,baccarat_bet02_101_all_pairs_incl_sentinel,round_win = game_pnl > 0 (decisive only),COMPATIBILITY_ONLY_NOT_PRODUCTION,1602.4243,1428.5890,168.2204,171,171,-0.10497867,-0.25000000,-0.10348361,-0.10497867,-168.2204,1602.4243,OK,0.0000,6.7288,4.0000,96.0000,AG03-UNRESOLVED,ALL5_LEVELS_bet23_to_bet27,6.7288,6.7288,10.0932,13.4576,13.4576,4.000000,4.000000,6.000000,8.000000,8.000000,96.000000,96.000000,94.000000,92.000000,92.000000,5.0,50.4661,44.8745,117.7543,123.3459,PENDING_AG03,FALSE,NOT_FOR_ENFORCEMENT,161.4916,1371.4454,168.2204,161.4916,6.7288,0.10497867,0.10077953,6.7288,161.4916,0.10077953,6.7288,6.7288,10.0932,13.4576,13.4576,161.4916,0.10077953,50.4661,44.8745,117.7543,123.3459,0.07348507,0.07697453,0.00419915,9.3709,8.3543,0.9837,12.9400,1.5020,123.2634,13.1538,4.0878,9.4974,5.2232,8.3086,11.3724,16.6172,20.7548,31.1572,8.3086,0.0,2.498,3.75,1.127858,28,73,16,2,0.01020405,0.10497867,0.25000000,0E-8,0.000000,0.891517,0.812866,-0.14651639,2026-06-15,2026-07-09,13,112,89,25,0.520000,0.430411,0.436223,0.034014,,,,,,,,GLOBAL_BASELINE_NO_ENTITY_RANKING,,,NOT_APPLICABLE_GLOBAL_BASELINE,HF9g-P5,,,,X 全窗基线 · 不参与实体赏罚,6873275,688,A168_HF9F_20260827_0900,2026-08-27 09:00:00
2026-06-15,151536977,1318,0,8.3085806867,8.3085806867,8.3085806867,1.0000000,1,1,0.50665070000000000,0.506650700000,0.9867858985152569,0.9867858985152569,0.9867858985152569,0E-17,ELIGIBLE,R03b_20260811_FULL_v1,L1_ELIGIBILITY,v2026-08-11,2026-03-21..2026-08-06,baccarat_bet02_101_all_pairs_incl_sentinel,round_win = game_pnl > 0 (decisive only),COMPATIBILITY_ONLY_NOT_PRODUCTION,1602.4243,1428.5890,168.2204,171,171,-0.10497867,-0.25000000,-0.10348361,-0.10497867,-168.2204,1602.4243,OK,0.0000,6.7288,4.0000,96.0000,AG03-UNRESOLVED,ALL5_LEVELS_bet23_to_bet27,6.7288,6.7288,10.0932,13.4576,13.4576,4.000000,4.000000,6.000000,8.000000,8.000000,96.000000,96.000000,94.000000,92.000000,92.000000,5.0,50.4661,44.8745,117.7543,123.3459,PENDING_AG03,FALSE,NOT_FOR_ENFORCEMENT,161.4916,1371.4454,168.2204,161.4916,6.7288,0.10497867,0.10077953,6.7288,161.4916,0.10077953,6.7288,6.7288,10.0932,13.4576,13.4576,161.4916,0.10077953,50.4661,44.8745,117.7543,123.3459,0.07348507,0.07697453,0.00419915,9.3709,8.3543,0.9837,12.9400,1.5020,123.2634,13.1538,4.0878,9.4974,5.2232,8.3086,11.3724,16.6172,20.7548,31.1572,8.3086,0.0,2.498,3.75,1.127858,28,73,16,2,0.01020405,0.10497867,0.25000000,0E-8,0.000000,0.891517,0.812866,-0.14651639,2026-06-15,2026-07-09,13,112,89,25,0.520000,0.430411,0.436223,0.034014,,,,,,,,GLOBAL_BASELINE_NO_ENTITY_RANKING,,,NOT_APPLICABLE_GLOBAL_BASELINE,HF9g-P5,,,,X 全窗基线 · 不参与实体赏罚,6873276,688,A168_HF9F_20260827_0900,2026-08-27 09:00:00
2026-06-15,151536977,1331,0,7.8931516524,-7.8931516524,-7.8931516524,0E-7,1,1,0.49324550000000000,0.493245500000,-0.9865810262130424,-0.9865810262130424,-0.9865810262130424,0E-17,ELIGIBLE,R03b_20260811_FULL_v1,L1_ELIGIBILITY,v2026-08-11,2026-03-21..2026-08-06,baccarat_bet02_101_all_pairs_incl_sentinel,round_win = game_pnl > 0 (decisive only),COMPATIBILITY_ONLY_NOT_PRODUCTION,1602.4243,1428.5890,168.2204,171,171,-0.10497867,-0.25000000,-0.10348361,-0.10497867,-168.2204,1602.4243,OK,0.0000,6.7288,4.0000,96.0000,AG03-UNRESOLVED,ALL5_LEVELS_bet23_to_bet27,6.7288,6.7288,10.0932,13.4576,13.4576,4.000000,4.000000,6.000000,8.000000,8.000000,96.000000,96.000000,94.000000,92.000000,92.000000,5.0,50.4661,44.8745,117.7543,123.3459,PENDING_AG03,FALSE,NOT_FOR_ENFORCEMENT,161.4916,1371.4454,168.2204,161.4916,6.7288,0.10497867,0.10077953,6.7288,161.4916,0.10077953,6.7288,6.7288,10.0932,13.4576,13.4576,161.4916,0.10077953,50.4661,44.8745,117.7543,123.3459,0.07348507,0.07697453,0.00419915,9.3709,8.3543,0.9837,12.9400,1.5020,123.2634,13.1538,4.0878,9.4974,5.2232,8.3086,11.3724,16.6172,20.7548,31.1572,8.3086,0.0,2.498,3.75,1.127858,28,73,16,2,0.01020405,0.10497867,0.25000000,0E-8,0.000000,0.891517,0.812866,-0.14651639,2026-06-15,2026-07-09,13,112,89,25,0.520000,0.430411,0.436223,0.034014,,,,,,,,GLOBAL_BASELINE_NO_ENTITY_RANKING,,,NOT_APPLICABLE_GLOBAL_BASELINE,HF9g-P5,,,,X 全窗基线 · 不参与实体赏罚,6873277,688,A168_HF9F_20260827_0900,2026-08-27 09:00:00
2026-06-15,151536977,1490,0,36.9731840559,7.8931516524,7.8931516524,1.0000000,3,3,0.49771390000000000,0.497713900000,1.0045827004620043,1.0045827004620043,1.0045827004620043,0E-17,ELIGIBLE,R03b_20260811_FULL_v1,L1_ELIGIBILITY,v2026-08-11,2026-03-21..2026-08-06,baccarat_bet02_101_all_pairs_incl_sentinel,round_win = game_pnl > 0 (decisive only),COMPATIBILITY_ONLY_NOT_PRODUCTION,1602.4243,1428.5890,168.2204,171,171,-0.10497867,-0.25000000,-0.10348361,-0.10497867,-168.2204,1602.4243,OK,0.0000,6.7288,4.0000,96.0000,AG03-UNRESOLVED,ALL5_LEVELS_bet23_to_bet27,6.7288,6.7288,10.0932,13.4576,13.4576,4.000000,4.000000,6.000000,8.000000,8.000000,96.000000,96.000000,94.000000,92.000000,92.000000,5.0,50.4661,44.8745,117.7543,123.3459,PENDING_AG03,FALSE,NOT_FOR_ENFORCEMENT,161.4916,1371.4454,168.2204,161.4916,6.7288,0.10497867,0.10077953,6.7288,161.4916,0.10077953,6.7288,6.7288,10.0932,13.4576,13.4576,161.4916,0.10077953,50.4661,44.8745,117.7543,123.3459,0.07348507,0.07697453,0.00419915,9.3709,8.3543,0.9837,12.9400,1.5020,123.2634,13.1538,4.0878,9.4974,5.2232,8.3086,11.3724,16.6172,20.7548,31.1572,8.3086,0.0,2.498,3.75,1.127858,28,73,16,2,0.01020405,0.10497867,0.25000000,0E-8,0.000000,0.891517,0.812866,-0.14651639,2026-06-15,2026-07-09,13,112,89,25,0.520000,0.430411,0.436223,0.034014,,,,,,,,GLOBAL_BASELINE_NO_ENTITY_RANKING,,,NOT_APPLICABLE_GLOBAL_BASELINE,HF9g-P5,,,,X 全窗基线 · 不参与实体赏罚,6873278,688,A168_HF9F_20260827_0900,2026-08-27 09:00:00
2026-06-15,151536977,1505,0,6.2314355150,-6.2314355150,-6.2314355150,0E-7,1,1,0.49324550000000000,0.493245500000,-0.9865810262130424,-0.9865810262130424,-0.9865810262130424,0E-17,ELIGIBLE,R03b_20260811_FULL_v1,L1_ELIGIBILITY,v2026-08-11,2026-03-21..2026-08-06,baccarat_bet02_101_all_pairs_incl_sentinel,round_win = game_pnl > 0 (decisive only),COMPATIBILITY_ONLY_NOT_PRODUCTION,1602.4243,1428.5890,168.2204,171,171,-0.10497867,-0.25000000,-0.10348361,-0.10497867,-168.2204,1602.4243,OK,0.0000,6.7288,4.0000,96.0000,AG03-UNRESOLVED,ALL5_LEVELS_bet23_to_bet27,6.7288,6.7288,10.0932,13.4576,13.4576,4.000000,4.000000,6.000000,8.000000,8.000000,96.000000,96.000000,94.000000,92.000000,92.000000,5.0,50.4661,44.8745,117.7543,123.3459,PENDING_AG03,FALSE,NOT_FOR_ENFORCEMENT,161.4916,1371.4454,168.2204,161.4916,6.7288,0.10497867,0.10077953,6.7288,161.4916,0.10077953,6.7288,6.7288,10.0932,13.4576,13.4576,161.4916,0.10077953,50.4661,44.8745,117.7543,123.3459,0.07348507,0.07697453,0.00419915,9.3709,8.3543,0.9837,12.9400,1.5020,123.2634,13.1538,4.0878,9.4974,5.2232,8.3086,11.3724,16.6172,20.7548,31.1572,8.3086,0.0,2.498,3.75,1.127858,28,73,16,2,0.01020405,0.10497867,0.25000000,0E-8,0.000000,0.891517,0.812866,-0.14651639,2026-06-15,2026-07-09,13,112,89,25,0.520000,0.430411,0.436223,0.034014,,,,,,,,GLOBAL_BASELINE_NO_ENTITY_RANKING,,,NOT_APPLICABLE_GLOBAL_BASELINE,HF9g-P5,,,,X 全窗基线 · 不参与实体赏罚,6873279,688,A168_HF9F_20260827_0900,2026-08-27 09:00:00
2026-06-15,151536977,1645,0,13.5014436159,1.0385725859,1.0385725859,0.5000000,2,2,0.49324550000000000,0.493245500000,0.01910635448239258,0.01910635448239258,0.01910635448239258,0E-17,ELIGIBLE,R03b_20260811_FULL_v1,L1_ELIGIBILITY,v2026-08-11,2026-03-21..2026-08-06,baccarat_bet02_101_all_pairs_incl_sentinel,round_win = game_pnl > 0 (decisive only),COMPATIBILITY_ONLY_NOT_PRODUCTION,1602.4243,1428.5890,168.2204,171,171,-0.10497867,-0.25000000,-0.10348361,-0.10497867,-168.2204,1602.4243,OK,0.0000,6.7288,4.0000,96.0000,AG03-UNRESOLVED,ALL5_LEVELS_bet23_to_bet27,6.7288,6.7288,10.0932,13.4576,13.4576,4.000000,4.000000,6.000000,8.000000,8.000000,96.000000,96.000000,94.000000,92.000000,92.000000,5.0,50.4661,44.8745,117.7543,123.3459,PENDING_AG03,FALSE,NOT_FOR_ENFORCEMENT,161.4916,1371.4454,168.2204,161.4916,6.7288,0.10497867,0.10077953,6.7288,161.4916,0.10077953,6.7288,6.7288,10.0932,13.4576,13.4576,161.4916,0.10077953,50.4661,44.8745,117.7543,123.3459,0.07348507,0.07697453,0.00419915,9.3709,8.3543,0.9837,12.9400,1.5020,123.2634,13.1538,4.0878,9.4974,5.2232,8.3086,11.3724,16.6172,20.7548,31.1572,8.3086,0.0,2.498,3.75,1.127858,28,73,16,2,0.01020405,0.10497867,0.25000000,0E-8,0.000000,0.891517,0.812866,-0.14651639,2026-06-15,2026-07-09,13,112,89,25,0.520000,0.430411,0.436223,0.034014,,,,,,,,GLOBAL_BASELINE_NO_ENTITY_RANKING,,,NOT_APPLICABLE_GLOBAL_BASELINE,HF9g-P5,,,,X 全窗基线 · 不参与实体赏罚,6873280,688,A168_HF9F_20260827_0900,2026-08-27 09:00:00
2026-06-15,151536977,1942,0,29.2877469206,-12.6705855472,-12.6705855472,0.2500000,4,4,0.49994810000000000,0.499948100000,-0.9997924053861017,-0.9997924053861017,-0.9997924053861017,0E-17,ELIGIBLE,R03b_20260811_FULL_v1,L1_ELIGIBILITY,v2026-08-11,2026-03-21..2026-08-06,baccarat_bet02_101_all_pairs_incl_sentinel,round_win = game_pnl > 0 (decisive only),COMPATIBILITY_ONLY_NOT_PRODUCTION,1602.4243,1428.5890,168.2204,171,171,-0.10497867,-0.25000000,-0.10348361,-0.10497867,-168.2204,1602.4243,OK,0.0000,6.7288,4.0000,96.0000,AG03-UNRESOLVED,ALL5_LEVELS_bet23_to_bet27,6.7288,6.7288,10.0932,13.4576,13.4576,4.000000,4.000000,6.000000,8.000000,8.000000,96.000000,96.000000,94.000000,92.000000,92.000000,5.0,50.4661,44.8745,117.7543,123.3459,PENDING_AG03,FALSE,NOT_FOR_ENFORCEMENT,161.4916,1371.4454,168.2204,161.4916,6.7288,0.10497867,0.10077953,6.7288,161.4916,0.10077953,6.7288,6.7288,10.0932,13.4576,13.4576,161.4916,0.10077953,50.4661,44.8745,117.7543,123.3459,0.07348507,0.07697453,0.00419915,9.3709,8.3543,0.9837,12.9400,1.5020,123.2634,13.1538,4.0878,9.4974,5.2232,8.3086,11.3724,16.6172,20.7548,31.1572,8.3086,0.0,2.498,3.75,1.127858,28,73,16,2,0.01020405,0.10497867,0.25000000,0E-8,0.000000,0.891517,0.812866,-0.14651639,2026-06-15,2026-07-09,13,112,89,25,0.520000,0.430411,0.436223,0.034014,,,,,,,,GLOBAL_BASELINE_NO_ENTITY_RANKING,,,NOT_APPLICABLE_GLOBAL_BASELINE,HF9g-P5,,,,X 全窗基线 · 不参与实体赏罚,6873281,688,A168_HF9F_20260827_0900,2026-08-27 09:00:00
2026-06-15,151536977,1985,0,12.2551565129,-4.1542903433,-4.1542903433,0.5000000,2,2,0.50665070000000000,0.506650700000,-0.018812684590367487,-0.018812684590367487,-0.018812684590367487,0E-17,ELIGIBLE,R03b_20260811_FULL_v1,L1_ELIGIBILITY,v2026-08-11,2026-03-21..2026-08-06,baccarat_bet02_101_all_pairs_incl_sentinel,round_win = game_pnl > 0 (decisive only),COMPATIBILITY_ONLY_NOT_PRODUCTION,1602.4243,1428.5890,168.2204,171,171,-0.10497867,-0.25000000,-0.10348361,-0.10497867,-168.2204,1602.4243,OK,0.0000,6.7288,4.0000,96.0000,AG03-UNRESOLVED,ALL5_LEVELS_bet23_to_bet27,6.7288,6.7288,10.0932,13.4576,13.4576,4.000000,4.000000,6.000000,8.000000,8.000000,96.000000,96.000000,94.000000,92.000000,92.000000,5.0,50.4661,44.8745,117.7543,123.3459,PENDING_AG03,FALSE,NOT_FOR_ENFORCEMENT,161.4916,1371.4454,168.2204,161.4916,6.7288,0.10497867,0.10077953,6.7288,161.4916,0.10077953,6.7288,6.7288,10.0932,13.4576,13.4576,161.4916,0.10077953,50.4661,44.8745,117.7543,123.3459,0.07348507,0.07697453,0.00419915,9.3709,8.3543,0.9837,12.9400,1.5020,123.2634,13.1538,4.0878,9.4974,5.2232,8.3086,11.3724,16.6172,20.7548,31.1572,8.3086,0.0,2.498,3.75,1.127858,28,73,16,2,0.01020405,0.10497867,0.25000000,0E-8,0.000000,0.891517,0.812866,-0.14651639,2026-06-15,2026-07-09,13,112,89,25,0.520000,0.430411,0.436223,0.034014,,,,,,,,GLOBAL_BASELINE_NO_ENTITY_RANKING,,,NOT_APPLICABLE_GLOBAL_BASELINE,HF9g-P5,,,,X 全窗基线 · 不参与实体赏罚,6873282,688,A168_HF9F_20260827_0900,2026-08-27 09:00:00
2026-06-15,151536977,2084,0,20.7714517168,-20.7714517168,-20.7714517168,0E-7,1,1,0.49324550000000000,0.493245500000,-0.9865810262130424,-0.9865810262130424,-0.9865810262130424,0E-17,ELIGIBLE,R03b_20260811_FULL_v1,L1_ELIGIBILITY,v2026-08-11,2026-03-21..2026-08-06,baccarat_bet02_101_all_pairs_incl_sentinel,round_win = game_pnl > 0 (decisive only),COMPATIBILITY_ONLY_NOT_PRODUCTION,1602.4243,1428.5890,168.2204,171,171,-0.10497867,-0.25000000,-0.10348361,-0.10497867,-168.2204,1602.4243,OK,0.0000,6.7288,4.0000,96.0000,AG03-UNRESOLVED,ALL5_LEVELS_bet23_to_bet27,6.7288,6.7288,10.0932,13.4576,13.4576,4.000000,4.000000,6.000000,8.000000,8.000000,96.000000,96.000000,94.000000,92.000000,92.000000,5.0,50.4661,44.8745,117.7543,123.3459,PENDING_AG03,FALSE,NOT_FOR_ENFORCEMENT,161.4916,1371.4454,168.2204,161.4916,6.7288,0.10497867,0.10077953,6.7288,161.4916,0.10077953,6.7288,6.7288,10.0932,13.4576,13.4576,161.4916,0.10077953,50.4661,44.8745,117.7543,123.3459,0.07348507,0.07697453,0.00419915,9.3709,8.3543,0.9837,12.9400,1.5020,123.2634,13.1538,4.0878,9.4974,5.2232,8.3086,11.3724,16.6172,20.7548,31.1572,8.3086,0.0,2.498,3.75,1.127858,28,73,16,2,0.01020405,0.10497867,0.25000000,0E-8,0.000000,0.891517,0.812866,-0.14651639,2026-06-15,2026-07-09,13,112,89,25,0.520000,0.430411,0.436223,0.034014,,,,,,,,GLOBAL_BASELINE_NO_ENTITY_RANKING,,,NOT_APPLICABLE_GLOBAL_BASELINE,HF9g-P5,,,,X 全窗基线 · 不参与实体赏罚,6873283,688,A168_HF9F_20260827_0900,2026-08-27 09:00:00
2026-06-15,151536977,2088,0,35.3114679185,18.6943065451,18.6943065451,0.7500000,4,4,0.49994810000000000,0.499948100000,1.0002076053883384,1.0002076053883384,1.0002076053883384,0E-17,ELIGIBLE,R03b_20260811_FULL_v1,L1_ELIGIBILITY,v2026-08-11,2026-03-21..2026-08-06,baccarat_bet02_101_all_pairs_incl_sentinel,round_win = game_pnl > 0 (decisive only),COMPATIBILITY_ONLY_NOT_PRODUCTION,1602.4243,1428.5890,168.2204,171,171,-0.10497867,-0.25000000,-0.10348361,-0.10497867,-168.2204,1602.4243,OK,0.0000,6.7288,4.0000,96.0000,AG03-UNRESOLVED,ALL5_LEVELS_bet23_to_bet27,6.7288,6.7288,10.0932,13.4576,13.4576,4.000000,4.000000,6.000000,8.000000,8.000000,96.000000,96.000000,94.000000,92.000000,92.000000,5.0,50.4661,44.8745,117.7543,123.3459,PENDING_AG03,FALSE,NOT_FOR_ENFORCEMENT,161.4916,1371.4454,168.2204,161.4916,6.7288,0.10497867,0.10077953,6.7288,161.4916,0.10077953,6.7288,6.7288,10.0932,13.4576,13.4576,161.4916,0.10077953,50.4661,44.8745,117.7543,123.3459,0.07348507,0.07697453,0.00419915,9.3709,8.3543,0.9837,12.9400,1.5020,123.2634,13.1538,4.0878,9.4974,5.2232,8.3086,11.3724,16.6172,20.7548,31.1572,8.3086,0.0,2.498,3.75,1.127858,28,73,16,2,0.01020405,0.10497867,0.25000000,0E-8,0.000000,0.891517,0.812866,-0.14651639,2026-06-15,2026-07-09,13,112,89,25,0.520000,0.430411,0.436223,0.034014,,,,,,,,GLOBAL_BASELINE_NO_ENTITY_RANKING,,,NOT_APPLICABLE_GLOBAL_BASELINE,HF9g-P5,,,,X 全窗基线 · 不参与实体赏罚,6873284,688,A168_HF9F_20260827_0900,2026-08-27 09:00:00
2026-06-15,151536977,2103,0,23.0563114056,1.8694306545,1.8694306545,0.5000000,3,3,0.50218230000000000,0.502182300000,-0.00617253530718887,-0.00617253530718887,-0.00617253530718887,0E-17,ELIGIBLE,R03b_20260811_FULL_v1,L1_ELIGIBILITY,v2026-08-11,2026-03-21..2026-08-06,baccarat_bet02_101_all_pairs_incl_sentinel,round_win = game_pnl > 0 (decisive only),COMPATIBILITY_ONLY_NOT_PRODUCTION,1602.4243,1428.5890,168.2204,171,171,-0.10497867,-0.25000000,-0.10348361,-0.10497867,-168.2204,1602.4243,OK,0.0000,6.7288,4.0000,96.0000,AG03-UNRESOLVED,ALL5_LEVELS_bet23_to_bet27,6.7288,6.7288,10.0932,13.4576,13.4576,4.000000,4.000000,6.000000,8.000000,8.000000,96.000000,96.000000,94.000000,92.000000,92.000000,5.0,50.4661,44.8745,117.7543,123.3459,PENDING_AG03,FALSE,NOT_FOR_ENFORCEMENT,161.4916,1371.4454,168.2204,161.4916,6.7288,0.10497867,0.10077953,6.7288,161.4916,0.10077953,6.7288,6.7288,10.0932,13.4576,13.4576,161.4916,0.10077953,50.4661,44.8745,117.7543,123.3459,0.07348507,0.07697453,0.00419915,9.3709,8.3543,0.9837,12.9400,1.5020,123.2634,13.1538,4.0878,9.4974,5.2232,8.3086,11.3724,16.6172,20.7548,31.1572,8.3086,0.0,2.498,3.75,1.127858,28,73,16,2,0.01020405,0.10497867,0.25000000,0E-8,0.000000,0.891517,0.812866,-0.14651639,2026-06-15,2026-07-09,13,112,89,25,0.520000,0.430411,0.436223,0.034014,,,,,,,,GLOBAL_BASELINE_NO_ENTITY_RANKING,,,NOT_APPLICABLE_GLOBAL_BASELINE,HF9g-P5,,,,X 全窗基线 · 不参与实体赏罚,6873285,688,A168_HF9F_20260827_0900,2026-08-27 09:00:00
2026-06-15,151536977,2105,0,32.6111791954,-32.6111791954,-32.6111791954,0E-7,2,2,0.49994810000000000,0.499948100000,-1.4140667746232096,-1.4140667746232096,-1.4140667746232096,0E-17,ELIGIBLE,R03b_20260811_FULL_v1,L1_ELIGIBILITY,v2026-08-11,2026-03-21..2026-08-06,baccarat_bet02_101_all_pairs_incl_sentinel,round_win = game_pnl > 0 (decisive only),COMPATIBILITY_ONLY_NOT_PRODUCTION,1602.4243,1428.5890,168.2204,171,171,-0.10497867,-0.25000000,-0.10348361,-0.10497867,-168.2204,1602.4243,OK,0.0000,6.7288,4.0000,96.0000,AG03-UNRESOLVED,ALL5_LEVELS_bet23_to_bet27,6.7288,6.7288,10.0932,13.4576,13.4576,4.000000,4.000000,6.000000,8.000000,8.000000,96.000000,96.000000,94.000000,92.000000,92.000000,5.0,50.4661,44.8745,117.7543,123.3459,PENDING_AG03,FALSE,NOT_FOR_ENFORCEMENT,161.4916,1371.4454,168.2204,161.4916,6.7288,0.10497867,0.10077953,6.7288,161.4916,0.10077953,6.7288,6.7288,10.0932,13.4576,13.4576,161.4916,0.10077953,50.4661,44.8745,117.7543,123.3459,0.07348507,0.07697453,0.00419915,9.3709,8.3543,0.9837,12.9400,1.5020,123.2634,13.1538,4.0878,9.4974,5.2232,8.3086,11.3724,16.6172,20.7548,31.1572,8.3086,0.0,2.498,3.75,1.127858,28,73,16,2,0.01020405,0.10497867,0.25000000,0E-8,0.000000,0.891517,0.812866,-0.14651639,2026-06-15,2026-07-09,13,112,89,25,0.520000,0.430411,0.436223,0.034014,,,,,,,,GLOBAL_BASELINE_NO_ENTITY_RANKING,,,NOT_APPLICABLE_GLOBAL_BASELINE,HF9g-P5,,,,X 全窗基线 · 不参与实体赏罚,6873286,688,A168_HF9F_20260827_0900,2026-08-27 09:00:00
2026-06-15,151536977,2130,0,8.3085806867,-8.3085806867,-8.3085806867,0E-7,1,1,0.49324550000000000,0.493245500000,-0.9865810262130424,-0.9865810262130424,-0.9865810262130424,0E-17,ELIGIBLE,R03b_20260811_FULL_v1,L1_ELIGIBILITY,v2026-08-11,2026-03-21..2026-08-06,baccarat_bet02_101_all_pairs_incl_sentinel,round_win = game_pnl > 0 (decisive only),COMPATIBILITY_ONLY_NOT_PRODUCTION,1602.4243,1428.5890,168.2204,171,171,-0.10497867,-0.25000000,-0.10348361,-0.10497867,-168.2204,1602.4243,OK,0.0000,6.7288,4.0000,96.0000,AG03-UNRESOLVED,ALL5_LEVELS_bet23_to_bet27,6.7288,6.7288,10.0932,13.4576,13.4576,4.000000,4.000000,6.000000,8.000000,8.000000,96.000000,96.000000,94.000000,92.000000,92.000000,5.0,50.4661,44.8745,117.7543,123.3459,PENDING_AG03,FALSE,NOT_FOR_ENFORCEMENT,161.4916,1371.4454,168.2204,161.4916,6.7288,0.10497867,0.10077953,6.7288,161.4916,0.10077953,6.7288,6.7288,10.0932,13.4576,13.4576,161.4916,0.10077953,50.4661,44.8745,117.7543,123.3459,0.07348507,0.07697453,0.00419915,9.3709,8.3543,0.9837,12.9400,1.5020,123.2634,13.1538,4.0878,9.4974,5.2232,8.3086,11.3724,16.6172,20.7548,31.1572,8.3086,0.0,2.498,3.75,1.127858,28,73,16,2,0.01020405,0.10497867,0.25000000,0E-8,0.000000,0.891517,0.812866,-0.14651639,2026-06-15,2026-07-09,13,112,89,25,0.520000,0.430411,0.436223,0.034014,,,,,,,,GLOBAL_BASELINE_NO_ENTITY_RANKING,,,NOT_APPLICABLE_GLOBAL_BASELINE,HF9g-P5,,,,X 全窗基线 · 不参与实体赏罚,6873287,688,A168_HF9F_20260827_0900,2026-08-27 09:00:00
2026-06-15,151536977,2145,0,29.0800324035,28.2491743349,28.2491743349,1.0000000,3,3,0.50665070000000000,0.506650700000,1.7091633124209307,1.7091633124209307,1.7091633124209307,0E-17,ELIGIBLE,R03b_20260811_FULL_v1,L1_ELIGIBILITY,v2026-08-11,2026-03-21..2026-08-06,baccarat_bet02_101_all_pairs_incl_sentinel,round_win = game_pnl > 0 (decisive only),COMPATIBILITY_ONLY_NOT_PRODUCTION,1602.4243,1428.5890,168.2204,171,171,-0.10497867,-0.25000000,-0.10348361,-0.10497867,-168.2204,1602.4243,OK,0.0000,6.7288,4.0000,96.0000,AG03-UNRESOLVED,ALL5_LEVELS_bet23_to_bet27,6.7288,6.7288,10.0932,13.4576,13.4576,4.000000,4.000000,6.000000,8.000000,8.000000,96.000000,96.000000,94.000000,92.000000,92.000000,5.0,50.4661,44.8745,117.7543,123.3459,PENDING_AG03,FALSE,NOT_FOR_ENFORCEMENT,161.4916,1371.4454,168.2204,161.4916,6.7288,0.10497867,0.10077953,6.7288,161.4916,0.10077953,6.7288,6.7288,10.0932,13.4576,13.4576,161.4916,0.10077953,50.4661,44.8745,117.7543,123.3459,0.07348507,0.07697453,0.00419915,9.3709,8.3543,0.9837,12.9400,1.5020,123.2634,13.1538,4.0878,9.4974,5.2232,8.3086,11.3724,16.6172,20.7548,31.1572,8.3086,0.0,2.498,3.75,1.127858,28,73,16,2,0.01020405,0.10497867,0.25000000,0E-8,0.000000,0.891517,0.812866,-0.14651639,2026-06-15,2026-07-09,13,112,89,25,0.520000,0.430411,0.436223,0.034014,,,,,,,,GLOBAL_BASELINE_NO_ENTITY_RANKING,,,NOT_APPLICABLE_GLOBAL_BASELINE,HF9g-P5,,,,X 全窗基线 · 不参与实体赏罚,6873288,688,A168_HF9F_20260827_0900,2026-08-27 09:00:00
2026-06-15,151536977,2147,0,8.3085806867,7.8931516524,7.8931516524,1.0000000,1,1,0.50665070000000000,0.506650700000,0.9867858985152569,0.9867858985152569,0.9867858985152569,0E-17,ELIGIBLE,R03b_20260811_FULL_v1,L1_ELIGIBILITY,v2026-08-11,2026-03-21..2026-08-06,baccarat_bet02_101_all_pairs_incl_sentinel,round_win = game_pnl > 0 (decisive only),COMPATIBILITY_ONLY_NOT_PRODUCTION,1602.4243,1428.5890,168.2204,171,171,-0.10497867,-0.25000000,-0.10348361,-0.10497867,-168.2204,1602.4243,OK,0.0000,6.7288,4.0000,96.0000,AG03-UNRESOLVED,ALL5_LEVELS_bet23_to_bet27,6.7288,6.7288,10.0932,13.4576,13.4576,4.000000,4.000000,6.000000,8.000000,8.000000,96.000000,96.000000,94.000000,92.000000,92.000000,5.0,50.4661,44.8745,117.7543,123.3459,PENDING_AG03,FALSE,NOT_FOR_ENFORCEMENT,161.4916,1371.4454,168.2204,161.4916,6.7288,0.10497867,0.10077953,6.7288,161.4916,0.10077953,6.7288,6.7288,10.0932,13.4576,13.4576,161.4916,0.10077953,50.4661,44.8745,117.7543,123.3459,0.07348507,0.07697453,0.00419915,9.3709,8.3543,0.9837,12.9400,1.5020,123.2634,13.1538,4.0878,9.4974,5.2232,8.3086,11.3724,16.6172,20.7548,31.1572,8.3086,0.0,2.498,3.75,1.127858,28,73,16,2,0.01020405,0.10497867,0.25000000,0E-8,0.000000,0.891517,0.812866,-0.14651639,2026-06-15,2026-07-09,13,112,89,25,0.520000,0.430411,0.436223,0.034014,,,,,,,,GLOBAL_BASELINE_NO_ENTITY_RANKING,,,NOT_APPLICABLE_GLOBAL_BASELINE,HF9g-P5,,,,X 全窗基线 · 不参与实体赏罚,6873289,688,A168_HF9F_20260827_0900,2026-08-27 09:00:00
2026-06-15,151536977,2167,0,22.8485968885,12.4628710301,12.4628710301,1.0000000,2,2,0.50665070000000000,0.506650700000,0.9867858985152569,0.9867858985152569,0.9867858985152569,0E-17,ELIGIBLE,R03b_20260811_FULL_v1,L1_ELIGIBILITY,v2026-08-11,2026-03-21..2026-08-06,baccarat_bet02_101_all_pairs_incl_sentinel,round_win = game_pnl > 0 (decisive only),COMPATIBILITY_ONLY_NOT_PRODUCTION,1602.4243,1428.5890,168.2204,171,171,-0.10497867,-0.25000000,-0.10348361,-0.10497867,-168.2204,1602.4243,OK,0.0000,6.7288,4.0000,96.0000,AG03-UNRESOLVED,ALL5_LEVELS_bet23_to_bet27,6.7288,6.7288,10.0932,13.4576,13.4576,4.000000,4.000000,6.000000,8.000000,8.000000,96.000000,96.000000,94.000000,92.000000,92.000000,5.0,50.4661,44.8745,117.7543,123.3459,PENDING_AG03,FALSE,NOT_FOR_ENFORCEMENT,161.4916,1371.4454,168.2204,161.4916,6.7288,0.10497867,0.10077953,6.7288,161.4916,0.10077953,6.7288,6.7288,10.0932,13.4576,13.4576,161.4916,0.10077953,50.4661,44.8745,117.7543,123.3459,0.07348507,0.07697453,0.00419915,9.3709,8.3543,0.9837,12.9400,1.5020,123.2634,13.1538,4.0878,9.4974,5.2232,8.3086,11.3724,16.6172,20.7548,31.1572,8.3086,0.0,2.498,3.75,1.127858,28,73,16,2,0.01020405,0.10497867,0.25000000,0E-8,0.000000,0.891517,0.812866,-0.14651639,2026-06-15,2026-07-09,13,112,89,25,0.520000,0.430411,0.436223,0.034014,,,,,,,,GLOBAL_BASELINE_NO_ENTITY_RANKING,,,NOT_APPLICABLE_GLOBAL_BASELINE,HF9g-P5,,,,X 全窗基线 · 不参与实体赏罚,6873290,688,A168_HF9F_20260827_0900,2026-08-27 09:00:00
2026-06-15,151536977,2212,0,8.3085806867,-8.3085806867,-8.3085806867,0E-7,1,1,0.49324550000000000,0.493245500000,-0.9865810262130424,-0.9865810262130424,-0.9865810262130424,0E-17,ELIGIBLE,R03b_20260811_FULL_v1,L1_ELIGIBILITY,v2026-08-11,2026-03-21..2026-08-06,baccarat_bet02_101_all_pairs_incl_sentinel,round_win = game_pnl > 0 (decisive only),COMPATIBILITY_ONLY_NOT_PRODUCTION,1602.4243,1428.5890,168.2204,171,171,-0.10497867,-0.25000000,-0.10348361,-0.10497867,-168.2204,1602.4243,OK,0.0000,6.7288,4.0000,96.0000,AG03-UNRESOLVED,ALL5_LEVELS_bet23_to_bet27,6.7288,6.7288,10.0932,13.4576,13.4576,4.000000,4.000000,6.000000,8.000000,8.000000,96.000000,96.000000,94.000000,92.000000,92.000000,5.0,50.4661,44.8745,117.7543,123.3459,PENDING_AG03,FALSE,NOT_FOR_ENFORCEMENT,161.4916,1371.4454,168.2204,161.4916,6.7288,0.10497867,0.10077953,6.7288,161.4916,0.10077953,6.7288,6.7288,10.0932,13.4576,13.4576,161.4916,0.10077953,50.4661,44.8745,117.7543,123.3459,0.07348507,0.07697453,0.00419915,9.3709,8.3543,0.9837,12.9400,1.5020,123.2634,13.1538,4.0878,9.4974,5.2232,8.3086,11.3724,16.6172,20.7548,31.1572,8.3086,0.0,2.498,3.75,1.127858,28,73,16,2,0.01020405,0.10497867,0.25000000,0E-8,0.000000,0.891517,0.812866,-0.14651639,2026-06-15,2026-07-09,13,112,89,25,0.520000,0.430411,0.436223,0.034014,,,,,,,,GLOBAL_BASELINE_NO_ENTITY_RANKING,,,NOT_APPLICABLE_GLOBAL_BASELINE,HF9g-P5,,,,X 全窗基线 · 不参与实体赏罚,6873291,688,A168_HF9F_20260827_0900,2026-08-27 09:00:00
2026-06-15,151536977,2214,0,10.3857258584,-10.3857258584,-10.3857258584,0E-7,1,1,0.49324550000000000,0.493245500000,-0.9865810262130424,-0.9865810262130424,-0.9865810262130424,0E-17,ELIGIBLE,R03b_20260811_FULL_v1,L1_ELIGIBILITY,v2026-08-11,2026-03-21..2026-08-06,baccarat_bet02_101_all_pairs_incl_sentinel,round_win = game_pnl > 0 (decisive only),COMPATIBILITY_ONLY_NOT_PRODUCTION,1602.4243,1428.5890,168.2204,171,171,-0.10497867,-0.25000000,-0.10348361,-0.10497867,-168.2204,1602.4243,OK,0.0000,6.7288,4.0000,96.0000,AG03-UNRESOLVED,ALL5_LEVELS_bet23_to_bet27,6.7288,6.7288,10.0932,13.4576,13.4576,4.000000,4.000000,6.000000,8.000000,8.000000,96.000000,96.000000,94.000000,92.000000,92.000000,5.0,50.4661,44.8745,117.7543,123.3459,PENDING_AG03,FALSE,NOT_FOR_ENFORCEMENT,161.4916,1371.4454,168.2204,161.4916,6.7288,0.10497867,0.10077953,6.7288,161.4916,0.10077953,6.7288,6.7288,10.0932,13.4576,13.4576,161.4916,0.10077953,50.4661,44.8745,117.7543,123.3459,0.07348507,0.07697453,0.00419915,9.3709,8.3543,0.9837,12.9400,1.5020,123.2634,13.1538,4.0878,9.4974,5.2232,8.3086,11.3724,16.6172,20.7548,31.1572,8.3086,0.0,2.498,3.75,1.127858,28,73,16,2,0.01020405,0.10497867,0.25000000,0E-8,0.000000,0.891517,0.812866,-0.14651639,2026-06-15,2026-07-09,13,112,89,25,0.520000,0.430411,0.436223,0.034014,,,,,,,,GLOBAL_BASELINE_NO_ENTITY_RANKING,,,NOT_APPLICABLE_GLOBAL_BASELINE,HF9g-P5,,,,X 全窗基线 · 不参与实体赏罚,6873292,688,A168_HF9F_20260827_0900,2026-08-27 09:00:00
2026-06-15,151536977,2216,0,18.6943065451,-2.0771451717,-2.0771451717,0.5000000,2,2,0.49324550000000000,0.493245500000,0.01910635448239258,0.01910635448239258,0.01910635448239258,0E-17,ELIGIBLE,R03b_20260811_FULL_v1,L1_ELIGIBILITY,v2026-08-11,2026-03-21..2026-08-06,baccarat_bet02_101_all_pairs_incl_sentinel,round_win = game_pnl > 0 (decisive only),COMPATIBILITY_ONLY_NOT_PRODUCTION,1602.4243,1428.5890,168.2204,171,171,-0.10497867,-0.25000000,-0.10348361,-0.10497867,-168.2204,1602.4243,OK,0.0000,6.7288,4.0000,96.0000,AG03-UNRESOLVED,ALL5_LEVELS_bet23_to_bet27,6.7288,6.7288,10.0932,13.4576,13.4576,4.000000,4.000000,6.000000,8.000000,8.000000,96.000000,96.000000,94.000000,92.000000,92.000000,5.0,50.4661,44.8745,117.7543,123.3459,PENDING_AG03,FALSE,NOT_FOR_ENFORCEMENT,161.4916,1371.4454,168.2204,161.4916,6.7288,0.10497867,0.10077953,6.7288,161.4916,0.10077953,6.7288,6.7288,10.0932,13.4576,13.4576,161.4916,0.10077953,50.4661,44.8745,117.7543,123.3459,0.07348507,0.07697453,0.00419915,9.3709,8.3543,0.9837,12.9400,1.5020,123.2634,13.1538,4.0878,9.4974,5.2232,8.3086,11.3724,16.6172,20.7548,31.1572,8.3086,0.0,2.498,3.75,1.127858,28,73,16,2,0.01020405,0.10497867,0.25000000,0E-8,0.000000,0.891517,0.812866,-0.14651639,2026-06-15,2026-07-09,13,112,89,25,0.520000,0.430411,0.436223,0.034014,,,,,,,,GLOBAL_BASELINE_NO_ENTITY_RANKING,,,NOT_APPLICABLE_GLOBAL_BASELINE,HF9g-P5,,,,X 全窗基线 · 不参与实体赏罚,6873293,688,A168_HF9F_20260827_0900,2026-08-27 09:00:00
2026-06-15,151536977,2224,0,20.7714517168,-0.5192862929,-0.5192862929,0.5000000,2,2,0.49994810000000000,0.499948100000,0.00014679536856514622,0.00014679536856514622,0.00014679536856514622,0E-17,ELIGIBLE,R03b_20260811_FULL_v1,L1_ELIGIBILITY,v2026-08-11,2026-03-21..2026-08-06,baccarat_bet02_101_all_pairs_incl_sentinel,round_win = game_pnl > 0 (decisive only),COMPATIBILITY_ONLY_NOT_PRODUCTION,1602.4243,1428.5890,168.2204,171,171,-0.10497867,-0.25000000,-0.10348361,-0.10497867,-168.2204,1602.4243,OK,0.0000,6.7288,4.0000,96.0000,AG03-UNRESOLVED,ALL5_LEVELS_bet23_to_bet27,6.7288,6.7288,10.0932,13.4576,13.4576,4.000000,4.000000,6.000000,8.000000,8.000000,96.000000,96.000000,94.000000,92.000000,92.000000,5.0,50.4661,44.8745,117.7543,123.3459,PENDING_AG03,FALSE,NOT_FOR_ENFORCEMENT,161.4916,1371.4454,168.2204,161.4916,6.7288,0.10497867,0.10077953,6.7288,161.4916,0.10077953,6.7288,6.7288,10.0932,13.4576,13.4576,161.4916,0.10077953,50.4661,44.8745,117.7543,123.3459,0.07348507,0.07697453,0.00419915,9.3709,8.3543,0.9837,12.9400,1.5020,123.2634,13.1538,4.0878,9.4974,5.2232,8.3086,11.3724,16.6172,20.7548,31.1572,8.3086,0.0,2.498,3.75,1.127858,28,73,16,2,0.01020405,0.10497867,0.25000000,0E-8,0.000000,0.891517,0.812866,-0.14651639,2026-06-15,2026-07-09,13,112,89,25,0.520000,0.430411,0.436223,0.034014,,,,,,,,GLOBAL_BASELINE_NO_ENTITY_RANKING,,,NOT_APPLICABLE_GLOBAL_BASELINE,HF9g-P5,,,,X 全窗基线 · 不参与实体赏罚,6873294,688,A168_HF9F_20260827_0900,2026-08-27 09:00:00
2026-06-15,151536977,2256,0,6.0237209979,-6.0237209979,-6.0237209979,0E-7,1,1,0.49324550000000000,0.493245500000,-0.9865810262130424,-0.9865810262130424,-0.9865810262130424,0E-17,ELIGIBLE,R03b_20260811_FULL_v1,L1_ELIGIBILITY,v2026-08-11,2026-03-21..2026-08-06,baccarat_bet02_101_all_pairs_incl_sentinel,round_win = game_pnl > 0 (decisive only),COMPATIBILITY_ONLY_NOT_PRODUCTION,1602.4243,1428.5890,168.2204,171,171,-0.10497867,-0.25000000,-0.10348361,-0.10497867,-168.2204,1602.4243,OK,0.0000,6.7288,4.0000,96.0000,AG03-UNRESOLVED,ALL5_LEVELS_bet23_to_bet27,6.7288,6.7288,10.0932,13.4576,13.4576,4.000000,4.000000,6.000000,8.000000,8.000000,96.000000,96.000000,94.000000,92.000000,92.000000,5.0,50.4661,44.8745,117.7543,123.3459,PENDING_AG03,FALSE,NOT_FOR_ENFORCEMENT,161.4916,1371.4454,168.2204,161.4916,6.7288,0.10497867,0.10077953,6.7288,161.4916,0.10077953,6.7288,6.7288,10.0932,13.4576,13.4576,161.4916,0.10077953,50.4661,44.8745,117.7543,123.3459,0.07348507,0.07697453,0.00419915,9.3709,8.3543,0.9837,12.9400,1.5020,123.2634,13.1538,4.0878,9.4974,5.2232,8.3086,11.3724,16.6172,20.7548,31.1572,8.3086,0.0,2.498,3.75,1.127858,28,73,16,2,0.01020405,0.10497867,0.25000000,0E-8,0.000000,0.891517,0.812866,-0.14651639,2026-06-15,2026-07-09,13,112,89,25,0.520000,0.430411,0.436223,0.034014,,,,,,,,GLOBAL_BASELINE_NO_ENTITY_RANKING,,,NOT_APPLICABLE_GLOBAL_BASELINE,HF9g-P5,,,,X 全窗基线 · 不参与实体赏罚,6873295,688,A168_HF9F_20260827_0900,2026-08-27 09:00:00
2026-06-15,151536977,2271,0,18.2788775107,-2.0771451716,-2.0771451716,0.5000000,2,2,0.49994810000000000,0.499948100000,0.00014679536856514622,0.00014679536856514622,0.00014679536856514622,0E-17,ELIGIBLE,R03b_20260811_FULL_v1,L1_ELIGIBILITY,v2026-08-11,2026-03-21..2026-08-06,baccarat_bet02_101_all_pairs_incl_sentinel,round_win = game_pnl > 0 (decisive only),COMPATIBILITY_ONLY_NOT_PRODUCTION,1602.4243,1428.5890,168.2204,171,171,-0.10497867,-0.25000000,-0.10348361,-0.10497867,-168.2204,1602.4243,OK,0.0000,6.7288,4.0000,96.0000,AG03-UNRESOLVED,ALL5_LEVELS_bet23_to_bet27,6.7288,6.7288,10.0932,13.4576,13.4576,4.000000,4.000000,6.000000,8.000000,8.000000,96.000000,96.000000,94.000000,92.000000,92.000000,5.0,50.4661,44.8745,117.7543,123.3459,PENDING_AG03,FALSE,NOT_FOR_ENFORCEMENT,161.4916,1371.4454,168.2204,161.4916,6.7288,0.10497867,0.10077953,6.7288,161.4916,0.10077953,6.7288,6.7288,10.0932,13.4576,13.4576,161.4916,0.10077953,50.4661,44.8745,117.7543,123.3459,0.07348507,0.07697453,0.00419915,9.3709,8.3543,0.9837,12.9400,1.5020,123.2634,13.1538,4.0878,9.4974,5.2232,8.3086,11.3724,16.6172,20.7548,31.1572,8.3086,0.0,2.498,3.75,1.127858,28,73,16,2,0.01020405,0.10497867,0.25000000,0E-8,0.000000,0.891517,0.812866,-0.14651639,2026-06-15,2026-07-09,13,112,89,25,0.520000,0.430411,0.436223,0.034014,,,,,,,,GLOBAL_BASELINE_NO_ENTITY_RANKING,,,NOT_APPLICABLE_GLOBAL_BASELINE,HF9g-P5,,,,X 全窗基线 · 不参与实体赏罚,6873296,688,A168_HF9F_20260827_0900,2026-08-27 09:00:00
2026-06-15,151536977,2280,0,14.5400162017,-14.5400162017,-14.5400162017,0E-7,1,1,0.49324550000000000,0.493245500000,-0.9865810262130424,-0.9865810262130424,-0.9865810262130424,0E-17,ELIGIBLE,R03b_20260811_FULL_v1,L1_ELIGIBILITY,v2026-08-11,2026-03-21..2026-08-06,baccarat_bet02_101_all_pairs_incl_sentinel,round_win = game_pnl > 0 (decisive only),COMPATIBILITY_ONLY_NOT_PRODUCTION,1602.4243,1428.5890,168.2204,171,171,-0.10497867,-0.25000000,-0.10348361,-0.10497867,-168.2204,1602.4243,OK,0.0000,6.7288,4.0000,96.0000,AG03-UNRESOLVED,ALL5_LEVELS_bet23_to_bet27,6.7288,6.7288,10.0932,13.4576,13.4576,4.000000,4.000000,6.000000,8.000000,8.000000,96.000000,96.000000,94.000000,92.000000,92.000000,5.0,50.4661,44.8745,117.7543,123.3459,PENDING_AG03,FALSE,NOT_FOR_ENFORCEMENT,161.4916,1371.4454,168.2204,161.4916,6.7288,0.10497867,0.10077953,6.7288,161.4916,0.10077953,6.7288,6.7288,10.0932,13.4576,13.4576,161.4916,0.10077953,50.4661,44.8745,117.7543,123.3459,0.07348507,0.07697453,0.00419915,9.3709,8.3543,0.9837,12.9400,1.5020,123.2634,13.1538,4.0878,9.4974,5.2232,8.3086,11.3724,16.6172,20.7548,31.1572,8.3086,0.0,2.498,3.75,1.127858,28,73,16,2,0.01020405,0.10497867,0.25000000,0E-8,0.000000,0.891517,0.812866,-0.14651639,2026-06-15,2026-07-09,13,112,89,25,0.520000,0.430411,0.436223,0.034014,,,,,,,,GLOBAL_BASELINE_NO_ENTITY_RANKING,,,NOT_APPLICABLE_GLOBAL_BASELINE,HF9g-P5,,,,X 全窗基线 · 不参与实体赏罚,6873297,688,A168_HF9F_20260827_0900,2026-08-27 09:00:00
2026-06-15,151536977,2281,0,8.3085806867,8.3085806867,8.3085806867,1.0000000,1,1,0.49324550000000000,0.493245500000,1.01360149184955,1.01360149184955,1.01360149184955,0E-17,ELIGIBLE,R03b_20260811_FULL_v1,L1_ELIGIBILITY,v2026-08-11,2026-03-21..2026-08-06,baccarat_bet02_101_all_pairs_incl_sentinel,round_win = game_pnl > 0 (decisive only),COMPATIBILITY_ONLY_NOT_PRODUCTION,1602.4243,1428.5890,168.2204,171,171,-0.10497867,-0.25000000,-0.10348361,-0.10497867,-168.2204,1602.4243,OK,0.0000,6.7288,4.0000,96.0000,AG03-UNRESOLVED,ALL5_LEVELS_bet23_to_bet27,6.7288,6.7288,10.0932,13.4576,13.4576,4.000000,4.000000,6.000000,8.000000,8.000000,96.000000,96.000000,94.000000,92.000000,92.000000,5.0,50.4661,44.8745,117.7543,123.3459,PENDING_AG03,FALSE,NOT_FOR_ENFORCEMENT,161.4916,1371.4454,168.2204,161.4916,6.7288,0.10497867,0.10077953,6.7288,161.4916,0.10077953,6.7288,6.7288,10.0932,13.4576,13.4576,161.4916,0.10077953,50.4661,44.8745,117.7543,123.3459,0.07348507,0.07697453,0.00419915,9.3709,8.3543,0.9837,12.9400,1.5020,123.2634,13.1538,4.0878,9.4974,5.2232,8.3086,11.3724,16.6172,20.7548,31.1572,8.3086,0.0,2.498,3.75,1.127858,28,73,16,2,0.01020405,0.10497867,0.25000000,0E-8,0.000000,0.891517,0.812866,-0.14651639,2026-06-15,2026-07-09,13,112,89,25,0.520000,0.430411,0.436223,0.034014,,,,,,,,GLOBAL_BASELINE_NO_ENTITY_RANKING,,,NOT_APPLICABLE_GLOBAL_BASELINE,HF9g-P5,,,,X 全窗基线 · 不参与实体赏罚,6873298,688,A168_HF9F_20260827_0900,2026-08-27 09:00:00
2026-06-15,151536977,595,0,30.5340340237,9.7625823069,9.7625823069,0.6666667,3,3,0.50218230000000000,0.502182300000,0.5697959874915163,0.5697959874915164,0.5697959874915163,0E-17,ELIGIBLE,R03b_20260811_FULL_v1,L1_ELIGIBILITY,v2026-08-11,2026-03-21..2026-08-06,baccarat_bet02_101_all_pairs_incl_sentinel,round_win = game_pnl > 0 (decisive only),COMPATIBILITY_ONLY_NOT_PRODUCTION,1602.4243,1428.5890,168.2204,171,171,-0.10497867,-0.25000000,-0.10348361,-0.10497867,-168.2204,1602.4243,OK,0.0000,6.7288,4.0000,96.0000,AG03-UNRESOLVED,ALL5_LEVELS_bet23_to_bet27,6.7288,6.7288,10.0932,13.4576,13.4576,4.000000,4.000000,6.000000,8.000000,8.000000,96.000000,96.000000,94.000000,92.000000,92.000000,5.0,50.4661,44.8745,117.7543,123.3459,PENDING_AG03,FALSE,NOT_FOR_ENFORCEMENT,161.4916,1371.4454,168.2204,161.4916,6.7288,0.10497867,0.10077953,6.7288,161.4916,0.10077953,6.7288,6.7288,10.0932,13.4576,13.4576,161.4916,0.10077953,50.4661,44.8745,117.7543,123.3459,0.07348507,0.07697453,0.00419915,9.3709,8.3543,0.9837,12.9400,1.5020,123.2634,13.1538,4.0878,9.4974,5.2232,8.3086,11.3724,16.6172,20.7548,31.1572,8.3086,0.0,2.498,3.75,1.127858,28,73,16,2,0.01020405,0.10497867,0.25000000,0E-8,0.000000,0.891517,0.812866,-0.14651639,2026-06-15,2026-07-09,13,112,89,25,0.520000,0.430411,0.436223,0.034014,,,,,,,,GLOBAL_BASELINE_NO_ENTITY_RANKING,,,NOT_APPLICABLE_GLOBAL_BASELINE,HF9g-P5,,,,X 全窗基线 · 不参与实体赏罚,6873299,688,A168_HF9F_20260827_0900,2026-08-27 09:00:00
2026-06-15,151536977,948,0,39.0503292275,7.4777226181,7.4777226181,0.5000000,4,4,0.49994810000000000,0.499948100000,0.00020760000111838688,0.00020760000111838688,0.00020760000111838688,0E-17,ELIGIBLE,R03b_20260811_FULL_v1,L1_ELIGIBILITY,v2026-08-11,2026-03-21..2026-08-06,baccarat_bet02_101_all_pairs_incl_sentinel,round_win = game_pnl > 0 (decisive only),COMPATIBILITY_ONLY_NOT_PRODUCTION,1602.4243,1428.5890,168.2204,171,171,-0.10497867,-0.25000000,-0.10348361,-0.10497867,-168.2204,1602.4243,OK,0.0000,6.7288,4.0000,96.0000,AG03-UNRESOLVED,ALL5_LEVELS_bet23_to_bet27,6.7288,6.7288,10.0932,13.4576,13.4576,4.000000,4.000000,6.000000,8.000000,8.000000,96.000000,96.000000,94.000000,92.000000,92.000000,5.0,50.4661,44.8745,117.7543,123.3459,PENDING_AG03,FALSE,NOT_FOR_ENFORCEMENT,161.4916,1371.4454,168.2204,161.4916,6.7288,0.10497867,0.10077953,6.7288,161.4916,0.10077953,6.7288,6.7288,10.0932,13.4576,13.4576,161.4916,0.10077953,50.4661,44.8745,117.7543,123.3459,0.07348507,0.07697453,0.00419915,9.3709,8.3543,0.9837,12.9400,1.5020,123.2634,13.1538,4.0878,9.4974,5.2232,8.3086,11.3724,16.6172,20.7548,31.1572,8.3086,0.0,2.498,3.75,1.127858,28,73,16,2,0.01020405,0.10497867,0.25000000,0E-8,0.000000,0.891517,0.812866,-0.14651639,2026-06-15,2026-07-09,13,112,89,25,0.520000,0.430411,0.436223,0.034014,,,,,,,,GLOBAL_BASELINE_NO_ENTITY_RANKING,,,NOT_APPLICABLE_GLOBAL_BASELINE,HF9g-P5,,,,X 全窗基线 · 不参与实体赏罚,6873300,688,A168_HF9F_20260827_0900,2026-08-27 09:00:00
2026-06-15,151536977,986,0,31.1571775752,-6.2314355150,-6.2314355150,0.3333333,3,3,0.50218230000000000,0.502182300000,-0.5849155494134425,-0.5849155494134426,-0.5849155494134425,0E-17,ELIGIBLE,R03b_20260811_FULL_v1,L1_ELIGIBILITY,v2026-08-11,2026-03-21..2026-08-06,baccarat_bet02_101_all_pairs_incl_sentinel,round_win = game_pnl > 0 (decisive only),COMPATIBILITY_ONLY_NOT_PRODUCTION,1602.4243,1428.5890,168.2204,171,171,-0.10497867,-0.25000000,-0.10348361,-0.10497867,-168.2204,1602.4243,OK,0.0000,6.7288,4.0000,96.0000,AG03-UNRESOLVED,ALL5_LEVELS_bet23_to_bet27,6.7288,6.7288,10.0932,13.4576,13.4576,4.000000,4.000000,6.000000,8.000000,8.000000,96.000000,96.000000,94.000000,92.000000,92.000000,5.0,50.4661,44.8745,117.7543,123.3459,PENDING_AG03,FALSE,NOT_FOR_ENFORCEMENT,161.4916,1371.4454,168.2204,161.4916,6.7288,0.10497867,0.10077953,6.7288,161.4916,0.10077953,6.7288,6.7288,10.0932,13.4576,13.4576,161.4916,0.10077953,50.4661,44.8745,117.7543,123.3459,0.07348507,0.07697453,0.00419915,9.3709,8.3543,0.9837,12.9400,1.5020,123.2634,13.1538,4.0878,9.4974,5.2232,8.3086,11.3724,16.6172,20.7548,31.1572,8.3086,0.0,2.498,3.75,1.127858,28,73,16,2,0.01020405,0.10497867,0.25000000,0E-8,0.000000,0.891517,0.812866,-0.14651639,2026-06-15,2026-07-09,13,112,89,25,0.520000,0.430411,0.436223,0.034014,,,,,,,,GLOBAL_BASELINE_NO_ENTITY_RANKING,,,NOT_APPLICABLE_GLOBAL_BASELINE,HF9g-P5,,,,X 全窗基线 · 不参与实体赏罚,6873301,688,A168_HF9F_20260827_0900,2026-08-27 09:00:00
2026-06-17,151536977,-1,1,20.7714517168,20.7714517168,20.7714517168,1.0000000,1,1,0.49324550000000000,0.493245500000,1.01360149184955,1.01360149184955,1.01360149184955,0E-17,SENTINEL_DEALER,R03b_20260811_FULL_v1,L1_ELIGIBILITY,v2026-08-11,2026-03-21..2026-08-06,baccarat_bet02_101_all_pairs_incl_sentinel,round_win = game_pnl > 0 (decisive only),COMPATIBILITY_ONLY_NOT_PRODUCTION,1602.4243,1428.5890,168.2204,171,171,-0.10497867,-0.25000000,-0.10348361,-0.10497867,-168.2204,1602.4243,OK,0.0000,6.7288,4.0000,96.0000,AG03-UNRESOLVED,ALL5_LEVELS_bet23_to_bet27,6.7288,6.7288,10.0932,13.4576,13.4576,4.000000,4.000000,6.000000,8.000000,8.000000,96.000000,96.000000,94.000000,92.000000,92.000000,5.0,50.4661,44.8745,117.7543,123.3459,PENDING_AG03,FALSE,NOT_FOR_ENFORCEMENT,161.4916,1371.4454,168.2204,161.4916,6.7288,0.10497867,0.10077953,6.7288,161.4916,0.10077953,6.7288,6.7288,10.0932,13.4576,13.4576,161.4916,0.10077953,50.4661,44.8745,117.7543,123.3459,0.07348507,0.07697453,0.00419915,9.3709,8.3543,0.9837,12.9400,1.5020,123.2634,13.1538,4.0878,9.4974,5.2232,8.3086,11.3724,16.6172,20.7548,31.1572,8.3086,0.0,2.498,3.75,1.127858,28,73,16,2,0.01020405,0.10497867,0.25000000,0E-8,0.000000,0.891517,0.812866,-0.14651639,2026-06-15,2026-07-09,13,112,89,25,0.520000,0.430411,0.436223,0.034014,,,,,,,,GLOBAL_BASELINE_NO_ENTITY_RANKING,,,NOT_APPLICABLE_GLOBAL_BASELINE,HF9g-P5,,,,X 全窗基线 · 不参与实体赏罚,6873302,688,A168_HF9F_20260827_0900,2026-08-27 09:00:00
2026-06-17,151536977,1384,0,31.1571775751,-31.1571775751,-31.1571775751,0E-7,1,1,0.49324550000000000,0.493245500000,-0.9865810262130424,-0.9865810262130424,-0.9865810262130424,0E-17,ELIGIBLE,R03b_20260811_FULL_v1,L1_ELIGIBILITY,v2026-08-11,2026-03-21..2026-08-06,baccarat_bet02_101_all_pairs_incl_sentinel,round_win = game_pnl > 0 (decisive only),COMPATIBILITY_ONLY_NOT_PRODUCTION,1602.4243,1428.5890,168.2204,171,171,-0.10497867,-0.25000000,-0.10348361,-0.10497867,-168.2204,1602.4243,OK,0.0000,6.7288,4.0000,96.0000,AG03-UNRESOLVED,ALL5_LEVELS_bet23_to_bet27,6.7288,6.7288,10.0932,13.4576,13.4576,4.000000,4.000000,6.000000,8.000000,8.000000,96.000000,96.000000,94.000000,92.000000,92.000000,5.0,50.4661,44.8745,117.7543,123.3459,PENDING_AG03,FALSE,NOT_FOR_ENFORCEMENT,161.4916,1371.4454,168.2204,161.4916,6.7288,0.10497867,0.10077953,6.7288,161.4916,0.10077953,6.7288,6.7288,10.0932,13.4576,13.4576,161.4916,0.10077953,50.4661,44.8745,117.7543,123.3459,0.07348507,0.07697453,0.00419915,9.3709,8.3543,0.9837,12.9400,1.5020,123.2634,13.1538,4.0878,9.4974,5.2232,8.3086,11.3724,16.6172,20.7548,31.1572,8.3086,0.0,2.498,3.75,1.127858,28,73,16,2,0.01020405,0.10497867,0.25000000,0E-8,0.000000,0.891517,0.812866,-0.14651639,2026-06-15,2026-07-09,13,112,89,25,0.520000,0.430411,0.436223,0.034014,,,,,,,,GLOBAL_BASELINE_NO_ENTITY_RANKING,,,NOT_APPLICABLE_GLOBAL_BASELINE,HF9g-P5,,,,X 全窗基线 · 不参与实体赏罚,6873303,688,A168_HF9F_20260827_0900,2026-08-27 09:00:00
2026-06-17,151536977,1490,0,31.1571775751,-31.1571775751,-31.1571775751,0E-7,1,1,0.50665070000000000,0.506650700000,-1.013391052207602,-1.013391052207602,-1.013391052207602,0E-17,ELIGIBLE,R03b_20260811_FULL_v1,L1_ELIGIBILITY,v2026-08-11,2026-03-21..2026-08-06,baccarat_bet02_101_all_pairs_incl_sentinel,round_win = game_pnl > 0 (decisive only),COMPATIBILITY_ONLY_NOT_PRODUCTION,1602.4243,1428.5890,168.2204,171,171,-0.10497867,-0.25000000,-0.10348361,-0.10497867,-168.2204,1602.4243,OK,0.0000,6.7288,4.0000,96.0000,AG03-UNRESOLVED,ALL5_LEVELS_bet23_to_bet27,6.7288,6.7288,10.0932,13.4576,13.4576,4.000000,4.000000,6.000000,8.000000,8.000000,96.000000,96.000000,94.000000,92.000000,92.000000,5.0,50.4661,44.8745,117.7543,123.3459,PENDING_AG03,FALSE,NOT_FOR_ENFORCEMENT,161.4916,1371.4454,168.2204,161.4916,6.7288,0.10497867,0.10077953,6.7288,161.4916,0.10077953,6.7288,6.7288,10.0932,13.4576,13.4576,161.4916,0.10077953,50.4661,44.8745,117.7543,123.3459,0.07348507,0.07697453,0.00419915,9.3709,8.3543,0.9837,12.9400,1.5020,123.2634,13.1538,4.0878,9.4974,5.2232,8.3086,11.3724,16.6172,20.7548,31.1572,8.3086,0.0,2.498,3.75,1.127858,28,73,16,2,0.01020405,0.10497867,0.25000000,0E-8,0.000000,0.891517,0.812866,-0.14651639,2026-06-15,2026-07-09,13,112,89,25,0.520000,0.430411,0.436223,0.034014,,,,,,,,GLOBAL_BASELINE_NO_ENTITY_RANKING,,,NOT_APPLICABLE_GLOBAL_BASELINE,HF9g-P5,,,,X 全窗基线 · 不参与实体赏罚,6873304,688,A168_HF9F_20260827_0900,2026-08-27 09:00:00
2026-06-18,151536977,-1,1,19.7328791309,0E-10,0E-10,,1,1,0.49324550000000000,0.493245500000,,,,0E-17,SENTINEL_DEALER,R03b_20260811_FULL_v1,L1_ELIGIBILITY,v2026-08-11,2026-03-21..2026-08-06,baccarat_bet02_101_all_pairs_incl_sentinel,round_win = game_pnl > 0 (decisive only),COMPATIBILITY_ONLY_NOT_PRODUCTION,1602.4243,1428.5890,168.2204,171,171,-0.10497867,-0.25000000,-0.10348361,-0.10497867,-168.2204,1602.4243,OK,0.0000,6.7288,4.0000,96.0000,AG03-UNRESOLVED,ALL5_LEVELS_bet23_to_bet27,6.7288,6.7288,10.0932,13.4576,13.4576,4.000000,4.000000,6.000000,8.000000,8.000000,96.000000,96.000000,94.000000,92.000000,92.000000,5.0,50.4661,44.8745,117.7543,123.3459,PENDING_AG03,FALSE,NOT_FOR_ENFORCEMENT,161.4916,1371.4454,168.2204,161.4916,6.7288,0.10497867,0.10077953,6.7288,161.4916,0.10077953,6.7288,6.7288,10.0932,13.4576,13.4576,161.4916,0.10077953,50.4661,44.8745,117.7543,123.3459,0.07348507,0.07697453,0.00419915,9.3709,8.3543,0.9837,12.9400,1.5020,123.2634,13.1538,4.0878,9.4974,5.2232,8.3086,11.3724,16.6172,20.7548,31.1572,8.3086,0.0,2.498,3.75,1.127858,28,73,16,2,0.01020405,0.10497867,0.25000000,0E-8,0.000000,0.891517,0.812866,-0.14651639,2026-06-15,2026-07-09,13,112,89,25,0.520000,0.430411,0.436223,0.034014,,,,,,,,GLOBAL_BASELINE_NO_ENTITY_RANKING,,,NOT_APPLICABLE_GLOBAL_BASELINE,HF9g-P5,,,,X 全窗基线 · 不参与实体赏罚,6873305,688,A168_HF9F_20260827_0900,2026-08-27 09:00:00
2026-06-18,151536977,1302,0,43.4123340881,-10.1156969861,-10.1156969861,0.5000000,3,3,0.49771390000000000,0.497713900000,0.006466134837551399,0.0064661348375514,0.006466134837551399,0E-17,ELIGIBLE,R03b_20260811_FULL_v1,L1_ELIGIBILITY,v2026-08-11,2026-03-21..2026-08-06,baccarat_bet02_101_all_pairs_incl_sentinel,round_win = game_pnl > 0 (decisive only),COMPATIBILITY_ONLY_NOT_PRODUCTION,1602.4243,1428.5890,168.2204,171,171,-0.10497867,-0.25000000,-0.10348361,-0.10497867,-168.2204,1602.4243,OK,0.0000,6.7288,4.0000,96.0000,AG03-UNRESOLVED,ALL5_LEVELS_bet23_to_bet27,6.7288,6.7288,10.0932,13.4576,13.4576,4.000000,4.000000,6.000000,8.000000,8.000000,96.000000,96.000000,94.000000,92.000000,92.000000,5.0,50.4661,44.8745,117.7543,123.3459,PENDING_AG03,FALSE,NOT_FOR_ENFORCEMENT,161.4916,1371.4454,168.2204,161.4916,6.7288,0.10497867,0.10077953,6.7288,161.4916,0.10077953,6.7288,6.7288,10.0932,13.4576,13.4576,161.4916,0.10077953,50.4661,44.8745,117.7543,123.3459,0.07348507,0.07697453,0.00419915,9.3709,8.3543,0.9837,12.9400,1.5020,123.2634,13.1538,4.0878,9.4974,5.2232,8.3086,11.3724,16.6172,20.7548,31.1572,8.3086,0.0,2.498,3.75,1.127858,28,73,16,2,0.01020405,0.10497867,0.25000000,0E-8,0.000000,0.891517,0.812866,-0.14651639,2026-06-15,2026-07-09,13,112,89,25,0.520000,0.430411,0.436223,0.034014,,,,,,,,GLOBAL_BASELINE_NO_ENTITY_RANKING,,,NOT_APPLICABLE_GLOBAL_BASELINE,HF9g-P5,,,,X 全窗基线 · 不参与实体赏罚,6873306,688,A168_HF9F_20260827_0900,2026-08-27 09:00:00
2026-06-18,151536977,2103,0,11.4242984442,-11.4242984442,-11.4242984442,0E-7,1,1,0.49324550000000000,0.493245500000,-0.9865810262130424,-0.9865810262130424,-0.9865810262130424,0E-17,ELIGIBLE,R03b_20260811_FULL_v1,L1_ELIGIBILITY,v2026-08-11,2026-03-21..2026-08-06,baccarat_bet02_101_all_pairs_incl_sentinel,round_win = game_pnl > 0 (decisive only),COMPATIBILITY_ONLY_NOT_PRODUCTION,1602.4243,1428.5890,168.2204,171,171,-0.10497867,-0.25000000,-0.10348361,-0.10497867,-168.2204,1602.4243,OK,0.0000,6.7288,4.0000,96.0000,AG03-UNRESOLVED,ALL5_LEVELS_bet23_to_bet27,6.7288,6.7288,10.0932,13.4576,13.4576,4.000000,4.000000,6.000000,8.000000,8.000000,96.000000,96.000000,94.000000,92.000000,92.000000,5.0,50.4661,44.8745,117.7543,123.3459,PENDING_AG03,FALSE,NOT_FOR_ENFORCEMENT,161.4916,1371.4454,168.2204,161.4916,6.7288,0.10497867,0.10077953,6.7288,161.4916,0.10077953,6.7288,6.7288,10.0932,13.4576,13.4576,161.4916,0.10077953,50.4661,44.8745,117.7543,123.3459,0.07348507,0.07697453,0.00419915,9.3709,8.3543,0.9837,12.9400,1.5020,123.2634,13.1538,4.0878,9.4974,5.2232,8.3086,11.3724,16.6172,20.7548,31.1572,8.3086,0.0,2.498,3.75,1.127858,28,73,16,2,0.01020405,0.10497867,0.25000000,0E-8,0.000000,0.891517,0.812866,-0.14651639,2026-06-15,2026-07-09,13,112,89,25,0.520000,0.430411,0.436223,0.034014,,,,,,,,GLOBAL_BASELINE_NO_ENTITY_RANKING,,,NOT_APPLICABLE_GLOBAL_BASELINE,HF9g-P5,,,,X 全窗基线 · 不参与实体赏罚,6873307,688,A168_HF9F_20260827_0900,2026-08-27 09:00:00
2026-06-19,151536977,-1,1,20.3560226824,-20.3560226824,-20.3560226824,0E-7,2,2,0.50665070000000000,0.506650700000,-1.4331513700195317,-1.4331513700195317,-1.4331513700195317,0E-17,SENTINEL_DEALER,R03b_20260811_FULL_v1,L1_ELIGIBILITY,v2026-08-11,2026-03-21..2026-08-06,baccarat_bet02_101_all_pairs_incl_sentinel,round_win = game_pnl > 0 (decisive only),COMPATIBILITY_ONLY_NOT_PRODUCTION,1602.4243,1428.5890,168.2204,171,171,-0.10497867,-0.25000000,-0.10348361,-0.10497867,-168.2204,1602.4243,OK,0.0000,6.7288,4.0000,96.0000,AG03-UNRESOLVED,ALL5_LEVELS_bet23_to_bet27,6.7288,6.7288,10.0932,13.4576,13.4576,4.000000,4.000000,6.000000,8.000000,8.000000,96.000000,96.000000,94.000000,92.000000,92.000000,5.0,50.4661,44.8745,117.7543,123.3459,PENDING_AG03,FALSE,NOT_FOR_ENFORCEMENT,161.4916,1371.4454,168.2204,161.4916,6.7288,0.10497867,0.10077953,6.7288,161.4916,0.10077953,6.7288,6.7288,10.0932,13.4576,13.4576,161.4916,0.10077953,50.4661,44.8745,117.7543,123.3459,0.07348507,0.07697453,0.00419915,9.3709,8.3543,0.9837,12.9400,1.5020,123.2634,13.1538,4.0878,9.4974,5.2232,8.3086,11.3724,16.6172,20.7548,31.1572,8.3086,0.0,2.498,3.75,1.127858,28,73,16,2,0.01020405,0.10497867,0.25000000,0E-8,0.000000,0.891517,0.812866,-0.14651639,2026-06-15,2026-07-09,13,112,89,25,0.520000,0.430411,0.436223,0.034014,,,,,,,,GLOBAL_BASELINE_NO_ENTITY_RANKING,,,NOT_APPLICABLE_GLOBAL_BASELINE,HF9g-P5,,,,X 全窗基线 · 不参与实体赏罚,6873308,688,A168_HF9F_20260827_0900,2026-08-27 09:00:00
2026-06-19,151536977,1307,0,6.0237209979,6.0237209979,6.0237209979,1.0000000,1,1,0.50665070000000000,0.506650700000,0.9867858985152569,0.9867858985152569,0.9867858985152569,0E-17,ELIGIBLE,R03b_20260811_FULL_v1,L1_ELIGIBILITY,v2026-08-11,2026-03-21..2026-08-06,baccarat_bet02_101_all_pairs_incl_sentinel,round_win = game_pnl > 0 (decisive only),COMPATIBILITY_ONLY_NOT_PRODUCTION,1602.4243,1428.5890,168.2204,171,171,-0.10497867,-0.25000000,-0.10348361,-0.10497867,-168.2204,1602.4243,OK,0.0000,6.7288,4.0000,96.0000,AG03-UNRESOLVED,ALL5_LEVELS_bet23_to_bet27,6.7288,6.7288,10.0932,13.4576,13.4576,4.000000,4.000000,6.000000,8.000000,8.000000,96.000000,96.000000,94.000000,92.000000,92.000000,5.0,50.4661,44.8745,117.7543,123.3459,PENDING_AG03,FALSE,NOT_FOR_ENFORCEMENT,161.4916,1371.4454,168.2204,161.4916,6.7288,0.10497867,0.10077953,6.7288,161.4916,0.10077953,6.7288,6.7288,10.0932,13.4576,13.4576,161.4916,0.10077953,50.4661,44.8745,117.7543,123.3459,0.07348507,0.07697453,0.00419915,9.3709,8.3543,0.9837,12.9400,1.5020,123.2634,13.1538,4.0878,9.4974,5.2232,8.3086,11.3724,16.6172,20.7548,31.1572,8.3086,0.0,2.498,3.75,1.127858,28,73,16,2,0.01020405,0.10497867,0.25000000,0E-8,0.000000,0.891517,0.812866,-0.14651639,2026-06-15,2026-07-09,13,112,89,25,0.520000,0.430411,0.436223,0.034014,,,,,,,,GLOBAL_BASELINE_NO_ENTITY_RANKING,,,NOT_APPLICABLE_GLOBAL_BASELINE,HF9g-P5,,,,X 全窗基线 · 不参与实体赏罚,6873309,688,A168_HF9F_20260827_0900,2026-08-27 09:00:00
2026-06-19,151536977,1325,0,14.5400162018,-6.4391500322,-6.4391500322,0.5000000,2,2,0.49994810000000000,0.499948100000,0.00014679536856514622,0.00014679536856514622,0.00014679536856514622,0E-17,ELIGIBLE,R03b_20260811_FULL_v1,L1_ELIGIBILITY,v2026-08-11,2026-03-21..2026-08-06,baccarat_bet02_101_all_pairs_incl_sentinel,round_win = game_pnl > 0 (decisive only),COMPATIBILITY_ONLY_NOT_PRODUCTION,1602.4243,1428.5890,168.2204,171,171,-0.10497867,-0.25000000,-0.10348361,-0.10497867,-168.2204,1602.4243,OK,0.0000,6.7288,4.0000,96.0000,AG03-UNRESOLVED,ALL5_LEVELS_bet23_to_bet27,6.7288,6.7288,10.0932,13.4576,13.4576,4.000000,4.000000,6.000000,8.000000,8.000000,96.000000,96.000000,94.000000,92.000000,92.000000,5.0,50.4661,44.8745,117.7543,123.3459,PENDING_AG03,FALSE,NOT_FOR_ENFORCEMENT,161.4916,1371.4454,168.2204,161.4916,6.7288,0.10497867,0.10077953,6.7288,161.4916,0.10077953,6.7288,6.7288,10.0932,13.4576,13.4576,161.4916,0.10077953,50.4661,44.8745,117.7543,123.3459,0.07348507,0.07697453,0.00419915,9.3709,8.3543,0.9837,12.9400,1.5020,123.2634,13.1538,4.0878,9.4974,5.2232,8.3086,11.3724,16.6172,20.7548,31.1572,8.3086,0.0,2.498,3.75,1.127858,28,73,16,2,0.01020405,0.10497867,0.25000000,0E-8,0.000000,0.891517,0.812866,-0.14651639,2026-06-15,2026-07-09,13,112,89,25,0.520000,0.430411,0.436223,0.034014,,,,,,,,GLOBAL_BASELINE_NO_ENTITY_RANKING,,,NOT_APPLICABLE_GLOBAL_BASELINE,HF9g-P5,,,,X 全窗基线 · 不参与实体赏罚,6873310,688,A168_HF9F_20260827_0900,2026-08-27 09:00:00
2026-06-27,151536977,-1,1,2.0771451717,-2.0771451717,-2.0771451717,0E-7,1,1,0.49324550000000000,0.493245500000,-0.9865810262130424,-0.9865810262130424,-0.9865810262130424,0E-17,SENTINEL_DEALER,R03b_20260811_FULL_v1,L1_ELIGIBILITY,v2026-08-11,2026-03-21..2026-08-06,baccarat_bet02_101_all_pairs_incl_sentinel,round_win = game_pnl > 0 (decisive only),COMPATIBILITY_ONLY_NOT_PRODUCTION,1602.4243,1428.5890,168.2204,171,171,-0.10497867,-0.25000000,-0.10348361,-0.10497867,-168.2204,1602.4243,OK,0.0000,6.7288,4.0000,96.0000,AG03-UNRESOLVED,ALL5_LEVELS_bet23_to_bet27,6.7288,6.7288,10.0932,13.4576,13.4576,4.000000,4.000000,6.000000,8.000000,8.000000,96.000000,96.000000,94.000000,92.000000,92.000000,5.0,50.4661,44.8745,117.7543,123.3459,PENDING_AG03,FALSE,NOT_FOR_ENFORCEMENT,161.4916,1371.4454,168.2204,161.4916,6.7288,0.10497867,0.10077953,6.7288,161.4916,0.10077953,6.7288,6.7288,10.0932,13.4576,13.4576,161.4916,0.10077953,50.4661,44.8745,117.7543,123.3459,0.07348507,0.07697453,0.00419915,9.3709,8.3543,0.9837,12.9400,1.5020,123.2634,13.1538,4.0878,9.4974,5.2232,8.3086,11.3724,16.6172,20.7548,31.1572,8.3086,0.0,2.498,3.75,1.127858,28,73,16,2,0.01020405,0.10497867,0.25000000,0E-8,0.000000,0.891517,0.812866,-0.14651639,2026-06-15,2026-07-09,13,112,89,25,0.520000,0.430411,0.436223,0.034014,,,,,,,,GLOBAL_BASELINE_NO_ENTITY_RANKING,,,NOT_APPLICABLE_GLOBAL_BASELINE,HF9g-P5,,,,X 全窗基线 · 不参与实体赏罚,6873311,688,A168_HF9F_20260827_0900,2026-08-27 09:00:00
2026-06-27,151536977,1384,0,3.9465758262,3.9465758262,3.9465758262,1.0000000,1,1,0.50665070000000000,0.506650700000,0.9867858985152569,0.9867858985152569,0.9867858985152569,0E-17,ELIGIBLE,R03b_20260811_FULL_v1,L1_ELIGIBILITY,v2026-08-11,2026-03-21..2026-08-06,baccarat_bet02_101_all_pairs_incl_sentinel,round_win = game_pnl > 0 (decisive only),COMPATIBILITY_ONLY_NOT_PRODUCTION,1602.4243,1428.5890,168.2204,171,171,-0.10497867,-0.25000000,-0.10348361,-0.10497867,-168.2204,1602.4243,OK,0.0000,6.7288,4.0000,96.0000,AG03-UNRESOLVED,ALL5_LEVELS_bet23_to_bet27,6.7288,6.7288,10.0932,13.4576,13.4576,4.000000,4.000000,6.000000,8.000000,8.000000,96.000000,96.000000,94.000000,92.000000,92.000000,5.0,50.4661,44.8745,117.7543,123.3459,PENDING_AG03,FALSE,NOT_FOR_ENFORCEMENT,161.4916,1371.4454,168.2204,161.4916,6.7288,0.10497867,0.10077953,6.7288,161.4916,0.10077953,6.7288,6.7288,10.0932,13.4576,13.4576,161.4916,0.10077953,50.4661,44.8745,117.7543,123.3459,0.07348507,0.07697453,0.00419915,9.3709,8.3543,0.9837,12.9400,1.5020,123.2634,13.1538,4.0878,9.4974,5.2232,8.3086,11.3724,16.6172,20.7548,31.1572,8.3086,0.0,2.498,3.75,1.127858,28,73,16,2,0.01020405,0.10497867,0.25000000,0E-8,0.000000,0.891517,0.812866,-0.14651639,2026-06-15,2026-07-09,13,112,89,25,0.520000,0.430411,0.436223,0.034014,,,,,,,,GLOBAL_BASELINE_NO_ENTITY_RANKING,,,NOT_APPLICABLE_GLOBAL_BASELINE,HF9g-P5,,,,X 全窗基线 · 不参与实体赏罚,6873312,688,A168_HF9F_20260827_0900,2026-08-27 09:00:00
2026-06-27,151536977,1710,0,4.1542903434,-4.1542903434,-4.1542903434,0E-7,1,1,0.49324550000000000,0.493245500000,-0.9865810262130424,-0.9865810262130424,-0.9865810262130424,0E-17,ELIGIBLE,R03b_20260811_FULL_v1,L1_ELIGIBILITY,v2026-08-11,2026-03-21..2026-08-06,baccarat_bet02_101_all_pairs_incl_sentinel,round_win = game_pnl > 0 (decisive only),COMPATIBILITY_ONLY_NOT_PRODUCTION,1602.4243,1428.5890,168.2204,171,171,-0.10497867,-0.25000000,-0.10348361,-0.10497867,-168.2204,1602.4243,OK,0.0000,6.7288,4.0000,96.0000,AG03-UNRESOLVED,ALL5_LEVELS_bet23_to_bet27,6.7288,6.7288,10.0932,13.4576,13.4576,4.000000,4.000000,6.000000,8.000000,8.000000,96.000000,96.000000,94.000000,92.000000,92.000000,5.0,50.4661,44.8745,117.7543,123.3459,PENDING_AG03,FALSE,NOT_FOR_ENFORCEMENT,161.4916,1371.4454,168.2204,161.4916,6.7288,0.10497867,0.10077953,6.7288,161.4916,0.10077953,6.7288,6.7288,10.0932,13.4576,13.4576,161.4916,0.10077953,50.4661,44.8745,117.7543,123.3459,0.07348507,0.07697453,0.00419915,9.3709,8.3543,0.9837,12.9400,1.5020,123.2634,13.1538,4.0878,9.4974,5.2232,8.3086,11.3724,16.6172,20.7548,31.1572,8.3086,0.0,2.498,3.75,1.127858,28,73,16,2,0.01020405,0.10497867,0.25000000,0E-8,0.000000,0.891517,0.812866,-0.14651639,2026-06-15,2026-07-09,13,112,89,25,0.520000,0.430411,0.436223,0.034014,,,,,,,,GLOBAL_BASELINE_NO_ENTITY_RANKING,,,NOT_APPLICABLE_GLOBAL_BASELINE,HF9g-P5,,,,X 全窗基线 · 不参与实体赏罚,6873313,688,A168_HF9F_20260827_0900,2026-08-27 09:00:00
2026-06-27,151536977,2201,0,3.7388613090,0E-10,0E-10,,1,1,0.49324550000000000,0.493245500000,,,,0E-17,NO_DECISIVE_ROUND,R03b_20260811_FULL_v1,L1_ELIGIBILITY,v2026-08-11,2026-03-21..2026-08-06,baccarat_bet02_101_all_pairs_incl_sentinel,round_win = game_pnl > 0 (decisive only),COMPATIBILITY_ONLY_NOT_PRODUCTION,1602.4243,1428.5890,168.2204,171,171,-0.10497867,-0.25000000,-0.10348361,-0.10497867,-168.2204,1602.4243,OK,0.0000,6.7288,4.0000,96.0000,AG03-UNRESOLVED,ALL5_LEVELS_bet23_to_bet27,6.7288,6.7288,10.0932,13.4576,13.4576,4.000000,4.000000,6.000000,8.000000,8.000000,96.000000,96.000000,94.000000,92.000000,92.000000,5.0,50.4661,44.8745,117.7543,123.3459,PENDING_AG03,FALSE,NOT_FOR_ENFORCEMENT,161.4916,1371.4454,168.2204,161.4916,6.7288,0.10497867,0.10077953,6.7288,161.4916,0.10077953,6.7288,6.7288,10.0932,13.4576,13.4576,161.4916,0.10077953,50.4661,44.8745,117.7543,123.3459,0.07348507,0.07697453,0.00419915,9.3709,8.3543,0.9837,12.9400,1.5020,123.2634,13.1538,4.0878,9.4974,5.2232,8.3086,11.3724,16.6172,20.7548,31.1572,8.3086,0.0,2.498,3.75,1.127858,28,73,16,2,0.01020405,0.10497867,0.25000000,0E-8,0.000000,0.891517,0.812866,-0.14651639,2026-06-15,2026-07-09,13,112,89,25,0.520000,0.430411,0.436223,0.034014,,,,,,,,GLOBAL_BASELINE_NO_ENTITY_RANKING,,,NOT_APPLICABLE_GLOBAL_BASELINE,HF9g-P5,,,,X 全窗基线 · 不参与实体赏罚,6873314,688,A168_HF9F_20260827_0900,2026-08-27 09:00:00
2026-06-27,151536977,987,0,9.1394387554,-1.6617161374,-1.6617161374,0.5000000,2,2,0.49994810000000000,0.499948100000,0.00014679536856514622,0.00014679536856514622,0.00014679536856514622,0E-17,ELIGIBLE,R03b_20260811_FULL_v1,L1_ELIGIBILITY,v2026-08-11,2026-03-21..2026-08-06,baccarat_bet02_101_all_pairs_incl_sentinel,round_win = game_pnl > 0 (decisive only),COMPATIBILITY_ONLY_NOT_PRODUCTION,1602.4243,1428.5890,168.2204,171,171,-0.10497867,-0.25000000,-0.10348361,-0.10497867,-168.2204,1602.4243,OK,0.0000,6.7288,4.0000,96.0000,AG03-UNRESOLVED,ALL5_LEVELS_bet23_to_bet27,6.7288,6.7288,10.0932,13.4576,13.4576,4.000000,4.000000,6.000000,8.000000,8.000000,96.000000,96.000000,94.000000,92.000000,92.000000,5.0,50.4661,44.8745,117.7543,123.3459,PENDING_AG03,FALSE,NOT_FOR_ENFORCEMENT,161.4916,1371.4454,168.2204,161.4916,6.7288,0.10497867,0.10077953,6.7288,161.4916,0.10077953,6.7288,6.7288,10.0932,13.4576,13.4576,161.4916,0.10077953,50.4661,44.8745,117.7543,123.3459,0.07348507,0.07697453,0.00419915,9.3709,8.3543,0.9837,12.9400,1.5020,123.2634,13.1538,4.0878,9.4974,5.2232,8.3086,11.3724,16.6172,20.7548,31.1572,8.3086,0.0,2.498,3.75,1.127858,28,73,16,2,0.01020405,0.10497867,0.25000000,0E-8,0.000000,0.891517,0.812866,-0.14651639,2026-06-15,2026-07-09,13,112,89,25,0.520000,0.430411,0.436223,0.034014,,,,,,,,GLOBAL_BASELINE_NO_ENTITY_RANKING,,,NOT_APPLICABLE_GLOBAL_BASELINE,HF9g-P5,,,,X 全窗基线 · 不参与实体赏罚,6873315,688,A168_HF9F_20260827_0900,2026-08-27 09:00:00
2026-06-30,151536977,-1,1,33.2343227469,-20.7714517168,-20.7714517168,0.4000000,6,6,0.49547970000000000,0.495479700000,-0.42701565021644644,-0.42701565021644644,-0.42701565021644644,0E-17,SENTINEL_DEALER,R03b_20260811_FULL_v1,L1_ELIGIBILITY,v2026-08-11,2026-03-21..2026-08-06,baccarat_bet02_101_all_pairs_incl_sentinel,round_win = game_pnl > 0 (decisive only),COMPATIBILITY_ONLY_NOT_PRODUCTION,1602.4243,1428.5890,168.2204,171,171,-0.10497867,-0.25000000,-0.10348361,-0.10497867,-168.2204,1602.4243,OK,0.0000,6.7288,4.0000,96.0000,AG03-UNRESOLVED,ALL5_LEVELS_bet23_to_bet27,6.7288,6.7288,10.0932,13.4576,13.4576,4.000000,4.000000,6.000000,8.000000,8.000000,96.000000,96.000000,94.000000,92.000000,92.000000,5.0,50.4661,44.8745,117.7543,123.3459,PENDING_AG03,FALSE,NOT_FOR_ENFORCEMENT,161.4916,1371.4454,168.2204,161.4916,6.7288,0.10497867,0.10077953,6.7288,161.4916,0.10077953,6.7288,6.7288,10.0932,13.4576,13.4576,161.4916,0.10077953,50.4661,44.8745,117.7543,123.3459,0.07348507,0.07697453,0.00419915,9.3709,8.3543,0.9837,12.9400,1.5020,123.2634,13.1538,4.0878,9.4974,5.2232,8.3086,11.3724,16.6172,20.7548,31.1572,8.3086,0.0,2.498,3.75,1.127858,28,73,16,2,0.01020405,0.10497867,0.25000000,0E-8,0.000000,0.891517,0.812866,-0.14651639,2026-06-15,2026-07-09,13,112,89,25,0.520000,0.430411,0.436223,0.034014,,,,,,,,GLOBAL_BASELINE_NO_ENTITY_RANKING,,,NOT_APPLICABLE_GLOBAL_BASELINE,HF9g-P5,,,,X 全窗基线 · 不参与实体赏罚,6873316,688,A168_HF9F_20260827_0900,2026-08-27 09:00:00
2026-06-30,151536977,1702,0,13.5014436159,-3.1157177575,-3.1157177575,0.5000000,2,2,0.50665070000000000,0.506650700000,-0.018812684590367487,-0.018812684590367487,-0.018812684590367487,0E-17,ELIGIBLE,R03b_20260811_FULL_v1,L1_ELIGIBILITY,v2026-08-11,2026-03-21..2026-08-06,baccarat_bet02_101_all_pairs_incl_sentinel,round_win = game_pnl > 0 (decisive only),COMPATIBILITY_ONLY_NOT_PRODUCTION,1602.4243,1428.5890,168.2204,171,171,-0.10497867,-0.25000000,-0.10348361,-0.10497867,-168.2204,1602.4243,OK,0.0000,6.7288,4.0000,96.0000,AG03-UNRESOLVED,ALL5_LEVELS_bet23_to_bet27,6.7288,6.7288,10.0932,13.4576,13.4576,4.000000,4.000000,6.000000,8.000000,8.000000,96.000000,96.000000,94.000000,92.000000,92.000000,5.0,50.4661,44.8745,117.7543,123.3459,PENDING_AG03,FALSE,NOT_FOR_ENFORCEMENT,161.4916,1371.4454,168.2204,161.4916,6.7288,0.10497867,0.10077953,6.7288,161.4916,0.10077953,6.7288,6.7288,10.0932,13.4576,13.4576,161.4916,0.10077953,50.4661,44.8745,117.7543,123.3459,0.07348507,0.07697453,0.00419915,9.3709,8.3543,0.9837,12.9400,1.5020,123.2634,13.1538,4.0878,9.4974,5.2232,8.3086,11.3724,16.6172,20.7548,31.1572,8.3086,0.0,2.498,3.75,1.127858,28,73,16,2,0.01020405,0.10497867,0.25000000,0E-8,0.000000,0.891517,0.812866,-0.14651639,2026-06-15,2026-07-09,13,112,89,25,0.520000,0.430411,0.436223,0.034014,,,,,,,,GLOBAL_BASELINE_NO_ENTITY_RANKING,,,NOT_APPLICABLE_GLOBAL_BASELINE,HF9g-P5,,,,X 全窗基线 · 不参与实体赏罚,6873317,688,A168_HF9F_20260827_0900,2026-08-27 09:00:00
2026-06-30,151536977,1994,0,35.3114679185,-10.3857258584,-10.3857258584,0.5000000,2,2,0.49994810000000000,0.499948100000,0.00014679536856514622,0.00014679536856514622,0.00014679536856514622,0E-17,ELIGIBLE,R03b_20260811_FULL_v1,L1_ELIGIBILITY,v2026-08-11,2026-03-21..2026-08-06,baccarat_bet02_101_all_pairs_incl_sentinel,round_win = game_pnl > 0 (decisive only),COMPATIBILITY_ONLY_NOT_PRODUCTION,1602.4243,1428.5890,168.2204,171,171,-0.10497867,-0.25000000,-0.10348361,-0.10497867,-168.2204,1602.4243,OK,0.0000,6.7288,4.0000,96.0000,AG03-UNRESOLVED,ALL5_LEVELS_bet23_to_bet27,6.7288,6.7288,10.0932,13.4576,13.4576,4.000000,4.000000,6.000000,8.000000,8.000000,96.000000,96.000000,94.000000,92.000000,92.000000,5.0,50.4661,44.8745,117.7543,123.3459,PENDING_AG03,FALSE,NOT_FOR_ENFORCEMENT,161.4916,1371.4454,168.2204,161.4916,6.7288,0.10497867,0.10077953,6.7288,161.4916,0.10077953,6.7288,6.7288,10.0932,13.4576,13.4576,161.4916,0.10077953,50.4661,44.8745,117.7543,123.3459,0.07348507,0.07697453,0.00419915,9.3709,8.3543,0.9837,12.9400,1.5020,123.2634,13.1538,4.0878,9.4974,5.2232,8.3086,11.3724,16.6172,20.7548,31.1572,8.3086,0.0,2.498,3.75,1.127858,28,73,16,2,0.01020405,0.10497867,0.25000000,0E-8,0.000000,0.891517,0.812866,-0.14651639,2026-06-15,2026-07-09,13,112,89,25,0.520000,0.430411,0.436223,0.034014,,,,,,,,GLOBAL_BASELINE_NO_ENTITY_RANKING,,,NOT_APPLICABLE_GLOBAL_BASELINE,HF9g-P5,,,,X 全窗基线 · 不参与实体赏罚,6873318,688,A168_HF9F_20260827_0900,2026-08-27 09:00:00
2026-06-30,151536977,2093,0,8.7240097210,-8.7240097210,-8.7240097210,0E-7,1,1,0.49324550000000000,0.493245500000,-0.9865810262130424,-0.9865810262130424,-0.9865810262130424,0E-17,ELIGIBLE,R03b_20260811_FULL_v1,L1_ELIGIBILITY,v2026-08-11,2026-03-21..2026-08-06,baccarat_bet02_101_all_pairs_incl_sentinel,round_win = game_pnl > 0 (decisive only),COMPATIBILITY_ONLY_NOT_PRODUCTION,1602.4243,1428.5890,168.2204,171,171,-0.10497867,-0.25000000,-0.10348361,-0.10497867,-168.2204,1602.4243,OK,0.0000,6.7288,4.0000,96.0000,AG03-UNRESOLVED,ALL5_LEVELS_bet23_to_bet27,6.7288,6.7288,10.0932,13.4576,13.4576,4.000000,4.000000,6.000000,8.000000,8.000000,96.000000,96.000000,94.000000,92.000000,92.000000,5.0,50.4661,44.8745,117.7543,123.3459,PENDING_AG03,FALSE,NOT_FOR_ENFORCEMENT,161.4916,1371.4454,168.2204,161.4916,6.7288,0.10497867,0.10077953,6.7288,161.4916,0.10077953,6.7288,6.7288,10.0932,13.4576,13.4576,161.4916,0.10077953,50.4661,44.8745,117.7543,123.3459,0.07348507,0.07697453,0.00419915,9.3709,8.3543,0.9837,12.9400,1.5020,123.2634,13.1538,4.0878,9.4974,5.2232,8.3086,11.3724,16.6172,20.7548,31.1572,8.3086,0.0,2.498,3.75,1.127858,28,73,16,2,0.01020405,0.10497867,0.25000000,0E-8,0.000000,0.891517,0.812866,-0.14651639,2026-06-15,2026-07-09,13,112,89,25,0.520000,0.430411,0.436223,0.034014,,,,,,,,GLOBAL_BASELINE_NO_ENTITY_RANKING,,,NOT_APPLICABLE_GLOBAL_BASELINE,HF9g-P5,,,,X 全窗基线 · 不参与实体赏罚,6873319,688,A168_HF9F_20260827_0900,2026-08-27 09:00:00
2026-06-30,151536977,2117,0,2.0771451717,2.0771451717,2.0771451717,1.0000000,1,1,0.50665070000000000,0.506650700000,0.9867858985152569,0.9867858985152569,0.9867858985152569,0E-17,ELIGIBLE,R03b_20260811_FULL_v1,L1_ELIGIBILITY,v2026-08-11,2026-03-21..2026-08-06,baccarat_bet02_101_all_pairs_incl_sentinel,round_win = game_pnl > 0 (decisive only),COMPATIBILITY_ONLY_NOT_PRODUCTION,1602.4243,1428.5890,168.2204,171,171,-0.10497867,-0.25000000,-0.10348361,-0.10497867,-168.2204,1602.4243,OK,0.0000,6.7288,4.0000,96.0000,AG03-UNRESOLVED,ALL5_LEVELS_bet23_to_bet27,6.7288,6.7288,10.0932,13.4576,13.4576,4.000000,4.000000,6.000000,8.000000,8.000000,96.000000,96.000000,94.000000,92.000000,92.000000,5.0,50.4661,44.8745,117.7543,123.3459,PENDING_AG03,FALSE,NOT_FOR_ENFORCEMENT,161.4916,1371.4454,168.2204,161.4916,6.7288,0.10497867,0.10077953,6.7288,161.4916,0.10077953,6.7288,6.7288,10.0932,13.4576,13.4576,161.4916,0.10077953,50.4661,44.8745,117.7543,123.3459,0.07348507,0.07697453,0.00419915,9.3709,8.3543,0.9837,12.9400,1.5020,123.2634,13.1538,4.0878,9.4974,5.2232,8.3086,11.3724,16.6172,20.7548,31.1572,8.3086,0.0,2.498,3.75,1.127858,28,73,16,2,0.01020405,0.10497867,0.25000000,0E-8,0.000000,0.891517,0.812866,-0.14651639,2026-06-15,2026-07-09,13,112,89,25,0.520000,0.430411,0.436223,0.034014,,,,,,,,GLOBAL_BASELINE_NO_ENTITY_RANKING,,,NOT_APPLICABLE_GLOBAL_BASELINE,HF9g-P5,,,,X 全窗基线 · 不参与实体赏罚,6873320,688,A168_HF9F_20260827_0900,2026-08-27 09:00:00
2026-06-30,151536977,2134,0,3.1157177575,3.1157177575,3.1157177575,1.0000000,1,1,0.49324550000000000,0.493245500000,1.01360149184955,1.01360149184955,1.01360149184955,0E-17,ELIGIBLE,R03b_20260811_FULL_v1,L1_ELIGIBILITY,v2026-08-11,2026-03-21..2026-08-06,baccarat_bet02_101_all_pairs_incl_sentinel,round_win = game_pnl > 0 (decisive only),COMPATIBILITY_ONLY_NOT_PRODUCTION,1602.4243,1428.5890,168.2204,171,171,-0.10497867,-0.25000000,-0.10348361,-0.10497867,-168.2204,1602.4243,OK,0.0000,6.7288,4.0000,96.0000,AG03-UNRESOLVED,ALL5_LEVELS_bet23_to_bet27,6.7288,6.7288,10.0932,13.4576,13.4576,4.000000,4.000000,6.000000,8.000000,8.000000,96.000000,96.000000,94.000000,92.000000,92.000000,5.0,50.4661,44.8745,117.7543,123.3459,PENDING_AG03,FALSE,NOT_FOR_ENFORCEMENT,161.4916,1371.4454,168.2204,161.4916,6.7288,0.10497867,0.10077953,6.7288,161.4916,0.10077953,6.7288,6.7288,10.0932,13.4576,13.4576,161.4916,0.10077953,50.4661,44.8745,117.7543,123.3459,0.07348507,0.07697453,0.00419915,9.3709,8.3543,0.9837,12.9400,1.5020,123.2634,13.1538,4.0878,9.4974,5.2232,8.3086,11.3724,16.6172,20.7548,31.1572,8.3086,0.0,2.498,3.75,1.127858,28,73,16,2,0.01020405,0.10497867,0.25000000,0E-8,0.000000,0.891517,0.812866,-0.14651639,2026-06-15,2026-07-09,13,112,89,25,0.520000,0.430411,0.436223,0.034014,,,,,,,,GLOBAL_BASELINE_NO_ENTITY_RANKING,,,NOT_APPLICABLE_GLOBAL_BASELINE,HF9g-P5,,,,X 全窗基线 · 不参与实体赏罚,6873321,688,A168_HF9F_20260827_0900,2026-08-27 09:00:00
2026-06-30,151536977,2145,0,20.7714517168,-20.7714517168,-20.7714517168,0E-7,1,1,0.49324550000000000,0.493245500000,-0.9865810262130424,-0.9865810262130424,-0.9865810262130424,0E-17,ELIGIBLE,R03b_20260811_FULL_v1,L1_ELIGIBILITY,v2026-08-11,2026-03-21..2026-08-06,baccarat_bet02_101_all_pairs_incl_sentinel,round_win = game_pnl > 0 (decisive only),COMPATIBILITY_ONLY_NOT_PRODUCTION,1602.4243,1428.5890,168.2204,171,171,-0.10497867,-0.25000000,-0.10348361,-0.10497867,-168.2204,1602.4243,OK,0.0000,6.7288,4.0000,96.0000,AG03-UNRESOLVED,ALL5_LEVELS_bet23_to_bet27,6.7288,6.7288,10.0932,13.4576,13.4576,4.000000,4.000000,6.000000,8.000000,8.000000,96.000000,96.000000,94.000000,92.000000,92.000000,5.0,50.4661,44.8745,117.7543,123.3459,PENDING_AG03,FALSE,NOT_FOR_ENFORCEMENT,161.4916,1371.4454,168.2204,161.4916,6.7288,0.10497867,0.10077953,6.7288,161.4916,0.10077953,6.7288,6.7288,10.0932,13.4576,13.4576,161.4916,0.10077953,50.4661,44.8745,117.7543,123.3459,0.07348507,0.07697453,0.00419915,9.3709,8.3543,0.9837,12.9400,1.5020,123.2634,13.1538,4.0878,9.4974,5.2232,8.3086,11.3724,16.6172,20.7548,31.1572,8.3086,0.0,2.498,3.75,1.127858,28,73,16,2,0.01020405,0.10497867,0.25000000,0E-8,0.000000,0.891517,0.812866,-0.14651639,2026-06-15,2026-07-09,13,112,89,25,0.520000,0.430411,0.436223,0.034014,,,,,,,,GLOBAL_BASELINE_NO_ENTITY_RANKING,,,NOT_APPLICABLE_GLOBAL_BASELINE,HF9g-P5,,,,X 全窗基线 · 不参与实体赏罚,6873322,688,A168_HF9F_20260827_0900,2026-08-27 09:00:00
2026-06-30,151536977,2177,0,2.0771451717,-2.0771451717,-2.0771451717,0E-7,1,1,0.50665070000000000,0.506650700000,-1.013391052207602,-1.013391052207602,-1.013391052207602,0E-17,ELIGIBLE,R03b_20260811_FULL_v1,L1_ELIGIBILITY,v2026-08-11,2026-03-21..2026-08-06,baccarat_bet02_101_all_pairs_incl_sentinel,round_win = game_pnl > 0 (decisive only),COMPATIBILITY_ONLY_NOT_PRODUCTION,1602.4243,1428.5890,168.2204,171,171,-0.10497867,-0.25000000,-0.10348361,-0.10497867,-168.2204,1602.4243,OK,0.0000,6.7288,4.0000,96.0000,AG03-UNRESOLVED,ALL5_LEVELS_bet23_to_bet27,6.7288,6.7288,10.0932,13.4576,13.4576,4.000000,4.000000,6.000000,8.000000,8.000000,96.000000,96.000000,94.000000,92.000000,92.000000,5.0,50.4661,44.8745,117.7543,123.3459,PENDING_AG03,FALSE,NOT_FOR_ENFORCEMENT,161.4916,1371.4454,168.2204,161.4916,6.7288,0.10497867,0.10077953,6.7288,161.4916,0.10077953,6.7288,6.7288,10.0932,13.4576,13.4576,161.4916,0.10077953,50.4661,44.8745,117.7543,123.3459,0.07348507,0.07697453,0.00419915,9.3709,8.3543,0.9837,12.9400,1.5020,123.2634,13.1538,4.0878,9.4974,5.2232,8.3086,11.3724,16.6172,20.7548,31.1572,8.3086,0.0,2.498,3.75,1.127858,28,73,16,2,0.01020405,0.10497867,0.25000000,0E-8,0.000000,0.891517,0.812866,-0.14651639,2026-06-15,2026-07-09,13,112,89,25,0.520000,0.430411,0.436223,0.034014,,,,,,,,GLOBAL_BASELINE_NO_ENTITY_RANKING,,,NOT_APPLICABLE_GLOBAL_BASELINE,HF9g-P5,,,,X 全窗基线 · 不参与实体赏罚,6873323,688,A168_HF9F_20260827_0900,2026-08-27 09:00:00
2026-06-30,151536977,2188,0,16.6171613734,16.6171613734,16.6171613734,1.0000000,1,1,0.50665070000000000,0.506650700000,0.9867858985152569,0.9867858985152569,0.9867858985152569,0E-17,ELIGIBLE,R03b_20260811_FULL_v1,L1_ELIGIBILITY,v2026-08-11,2026-03-21..2026-08-06,baccarat_bet02_101_all_pairs_incl_sentinel,round_win = game_pnl > 0 (decisive only),COMPATIBILITY_ONLY_NOT_PRODUCTION,1602.4243,1428.5890,168.2204,171,171,-0.10497867,-0.25000000,-0.10348361,-0.10497867,-168.2204,1602.4243,OK,0.0000,6.7288,4.0000,96.0000,AG03-UNRESOLVED,ALL5_LEVELS_bet23_to_bet27,6.7288,6.7288,10.0932,13.4576,13.4576,4.000000,4.000000,6.000000,8.000000,8.000000,96.000000,96.000000,94.000000,92.000000,92.000000,5.0,50.4661,44.8745,117.7543,123.3459,PENDING_AG03,FALSE,NOT_FOR_ENFORCEMENT,161.4916,1371.4454,168.2204,161.4916,6.7288,0.10497867,0.10077953,6.7288,161.4916,0.10077953,6.7288,6.7288,10.0932,13.4576,13.4576,161.4916,0.10077953,50.4661,44.8745,117.7543,123.3459,0.07348507,0.07697453,0.00419915,9.3709,8.3543,0.9837,12.9400,1.5020,123.2634,13.1538,4.0878,9.4974,5.2232,8.3086,11.3724,16.6172,20.7548,31.1572,8.3086,0.0,2.498,3.75,1.127858,28,73,16,2,0.01020405,0.10497867,0.25000000,0E-8,0.000000,0.891517,0.812866,-0.14651639,2026-06-15,2026-07-09,13,112,89,25,0.520000,0.430411,0.436223,0.034014,,,,,,,,GLOBAL_BASELINE_NO_ENTITY_RANKING,,,NOT_APPLICABLE_GLOBAL_BASELINE,HF9g-P5,,,,X 全窗基线 · 不参与实体赏罚,6873324,688,A168_HF9F_20260827_0900,2026-08-27 09:00:00
2026-06-30,151536977,2235,0,2.0771451717,-2.0771451717,-2.0771451717,0E-7,1,1,0.49324550000000000,0.493245500000,-0.9865810262130424,-0.9865810262130424,-0.9865810262130424,0E-17,ELIGIBLE,R03b_20260811_FULL_v1,L1_ELIGIBILITY,v2026-08-11,2026-03-21..2026-08-06,baccarat_bet02_101_all_pairs_incl_sentinel,round_win = game_pnl > 0 (decisive only),COMPATIBILITY_ONLY_NOT_PRODUCTION,1602.4243,1428.5890,168.2204,171,171,-0.10497867,-0.25000000,-0.10348361,-0.10497867,-168.2204,1602.4243,OK,0.0000,6.7288,4.0000,96.0000,AG03-UNRESOLVED,ALL5_LEVELS_bet23_to_bet27,6.7288,6.7288,10.0932,13.4576,13.4576,4.000000,4.000000,6.000000,8.000000,8.000000,96.000000,96.000000,94.000000,92.000000,92.000000,5.0,50.4661,44.8745,117.7543,123.3459,PENDING_AG03,FALSE,NOT_FOR_ENFORCEMENT,161.4916,1371.4454,168.2204,161.4916,6.7288,0.10497867,0.10077953,6.7288,161.4916,0.10077953,6.7288,6.7288,10.0932,13.4576,13.4576,161.4916,0.10077953,50.4661,44.8745,117.7543,123.3459,0.07348507,0.07697453,0.00419915,9.3709,8.3543,0.9837,12.9400,1.5020,123.2634,13.1538,4.0878,9.4974,5.2232,8.3086,11.3724,16.6172,20.7548,31.1572,8.3086,0.0,2.498,3.75,1.127858,28,73,16,2,0.01020405,0.10497867,0.25000000,0E-8,0.000000,0.891517,0.812866,-0.14651639,2026-06-15,2026-07-09,13,112,89,25,0.520000,0.430411,0.436223,0.034014,,,,,,,,GLOBAL_BASELINE_NO_ENTITY_RANKING,,,NOT_APPLICABLE_GLOBAL_BASELINE,HF9g-P5,,,,X 全窗基线 · 不参与实体赏罚,6873325,688,A168_HF9F_20260827_0900,2026-08-27 09:00:00
2026-06-30,151536977,2256,0,2.0771451717,0E-10,0E-10,,1,1,0.49324550000000000,0.493245500000,,,,0E-17,NO_DECISIVE_ROUND,R03b_20260811_FULL_v1,L1_ELIGIBILITY,v2026-08-11,2026-03-21..2026-08-06,baccarat_bet02_101_all_pairs_incl_sentinel,round_win = game_pnl > 0 (decisive only),COMPATIBILITY_ONLY_NOT_PRODUCTION,1602.4243,1428.5890,168.2204,171,171,-0.10497867,-0.25000000,-0.10348361,-0.10497867,-168.2204,1602.4243,OK,0.0000,6.7288,4.0000,96.0000,AG03-UNRESOLVED,ALL5_LEVELS_bet23_to_bet27,6.7288,6.7288,10.0932,13.4576,13.4576,4.000000,4.000000,6.000000,8.000000,8.000000,96.000000,96.000000,94.000000,92.000000,92.000000,5.0,50.4661,44.8745,117.7543,123.3459,PENDING_AG03,FALSE,NOT_FOR_ENFORCEMENT,161.4916,1371.4454,168.2204,161.4916,6.7288,0.10497867,0.10077953,6.7288,161.4916,0.10077953,6.7288,6.7288,10.0932,13.4576,13.4576,161.4916,0.10077953,50.4661,44.8745,117.7543,123.3459,0.07348507,0.07697453,0.00419915,9.3709,8.3543,0.9837,12.9400,1.5020,123.2634,13.1538,4.0878,9.4974,5.2232,8.3086,11.3724,16.6172,20.7548,31.1572,8.3086,0.0,2.498,3.75,1.127858,28,73,16,2,0.01020405,0.10497867,0.25000000,0E-8,0.000000,0.891517,0.812866,-0.14651639,2026-06-15,2026-07-09,13,112,89,25,0.520000,0.430411,0.436223,0.034014,,,,,,,,GLOBAL_BASELINE_NO_ENTITY_RANKING,,,NOT_APPLICABLE_GLOBAL_BASELINE,HF9g-P5,,,,X 全窗基线 · 不参与实体赏罚,6873326,688,A168_HF9F_20260827_0900,2026-08-27 09:00:00
2026-06-30,151536977,2274,0,49.8514841202,-16.6171613734,-16.6171613734,0.5000000,2,2,0.49324550000000000,0.493245500000,0.01910635448239258,0.01910635448239258,0.01910635448239258,0E-17,ELIGIBLE,R03b_20260811_FULL_v1,L1_ELIGIBILITY,v2026-08-11,2026-03-21..2026-08-06,baccarat_bet02_101_all_pairs_incl_sentinel,round_win = game_pnl > 0 (decisive only),COMPATIBILITY_ONLY_NOT_PRODUCTION,1602.4243,1428.5890,168.2204,171,171,-0.10497867,-0.25000000,-0.10348361,-0.10497867,-168.2204,1602.4243,OK,0.0000,6.7288,4.0000,96.0000,AG03-UNRESOLVED,ALL5_LEVELS_bet23_to_bet27,6.7288,6.7288,10.0932,13.4576,13.4576,4.000000,4.000000,6.000000,8.000000,8.000000,96.000000,96.000000,94.000000,92.000000,92.000000,5.0,50.4661,44.8745,117.7543,123.3459,PENDING_AG03,FALSE,NOT_FOR_ENFORCEMENT,161.4916,1371.4454,168.2204,161.4916,6.7288,0.10497867,0.10077953,6.7288,161.4916,0.10077953,6.7288,6.7288,10.0932,13.4576,13.4576,161.4916,0.10077953,50.4661,44.8745,117.7543,123.3459,0.07348507,0.07697453,0.00419915,9.3709,8.3543,0.9837,12.9400,1.5020,123.2634,13.1538,4.0878,9.4974,5.2232,8.3086,11.3724,16.6172,20.7548,31.1572,8.3086,0.0,2.498,3.75,1.127858,28,73,16,2,0.01020405,0.10497867,0.25000000,0E-8,0.000000,0.891517,0.812866,-0.14651639,2026-06-15,2026-07-09,13,112,89,25,0.520000,0.430411,0.436223,0.034014,,,,,,,,GLOBAL_BASELINE_NO_ENTITY_RANKING,,,NOT_APPLICABLE_GLOBAL_BASELINE,HF9g-P5,,,,X 全窗基线 · 不参与实体赏罚,6873327,688,A168_HF9F_20260827_0900,2026-08-27 09:00:00
2026-06-30,151536977,994,0,4.3620048605,-4.3620048605,-4.3620048605,0E-7,1,1,0.49324550000000000,0.493245500000,-0.9865810262130424,-0.9865810262130424,-0.9865810262130424,0E-17,ELIGIBLE,R03b_20260811_FULL_v1,L1_ELIGIBILITY,v2026-08-11,2026-03-21..2026-08-06,baccarat_bet02_101_all_pairs_incl_sentinel,round_win = game_pnl > 0 (decisive only),COMPATIBILITY_ONLY_NOT_PRODUCTION,1602.4243,1428.5890,168.2204,171,171,-0.10497867,-0.25000000,-0.10348361,-0.10497867,-168.2204,1602.4243,OK,0.0000,6.7288,4.0000,96.0000,AG03-UNRESOLVED,ALL5_LEVELS_bet23_to_bet27,6.7288,6.7288,10.0932,13.4576,13.4576,4.000000,4.000000,6.000000,8.000000,8.000000,96.000000,96.000000,94.000000,92.000000,92.000000,5.0,50.4661,44.8745,117.7543,123.3459,PENDING_AG03,FALSE,NOT_FOR_ENFORCEMENT,161.4916,1371.4454,168.2204,161.4916,6.7288,0.10497867,0.10077953,6.7288,161.4916,0.10077953,6.7288,6.7288,10.0932,13.4576,13.4576,161.4916,0.10077953,50.4661,44.8745,117.7543,123.3459,0.07348507,0.07697453,0.00419915,9.3709,8.3543,0.9837,12.9400,1.5020,123.2634,13.1538,4.0878,9.4974,5.2232,8.3086,11.3724,16.6172,20.7548,31.1572,8.3086,0.0,2.498,3.75,1.127858,28,73,16,2,0.01020405,0.10497867,0.25000000,0E-8,0.000000,0.891517,0.812866,-0.14651639,2026-06-15,2026-07-09,13,112,89,25,0.520000,0.430411,0.436223,0.034014,,,,,,,,GLOBAL_BASELINE_NO_ENTITY_RANKING,,,NOT_APPLICABLE_GLOBAL_BASELINE,HF9g-P5,,,,X 全窗基线 · 不参与实体赏罚,6873328,688,A168_HF9F_20260827_0900,2026-08-27 09:00:00
2026-07-01,151536977,-1,1,7.7668315414,-2.0439030372,-2.0439030372,0E-7,3,3,0.49324550000000000,0.493245500000,-0.9865810262130424,-0.9865810262130424,-0.9865810262130424,0E-17,SENTINEL_DEALER,R03b_20260811_FULL_v1,L1_ELIGIBILITY,v2026-08-11,2026-03-21..2026-08-06,baccarat_bet02_101_all_pairs_incl_sentinel,round_win = game_pnl > 0 (decisive only),COMPATIBILITY_ONLY_NOT_PRODUCTION,1602.4243,1428.5890,168.2204,171,171,-0.10497867,-0.25000000,-0.10348361,-0.10497867,-168.2204,1602.4243,OK,0.0000,6.7288,4.0000,96.0000,AG03-UNRESOLVED,ALL5_LEVELS_bet23_to_bet27,6.7288,6.7288,10.0932,13.4576,13.4576,4.000000,4.000000,6.000000,8.000000,8.000000,96.000000,96.000000,94.000000,92.000000,92.000000,5.0,50.4661,44.8745,117.7543,123.3459,PENDING_AG03,FALSE,NOT_FOR_ENFORCEMENT,161.4916,1371.4454,168.2204,161.4916,6.7288,0.10497867,0.10077953,6.7288,161.4916,0.10077953,6.7288,6.7288,10.0932,13.4576,13.4576,161.4916,0.10077953,50.4661,44.8745,117.7543,123.3459,0.07348507,0.07697453,0.00419915,9.3709,8.3543,0.9837,12.9400,1.5020,123.2634,13.1538,4.0878,9.4974,5.2232,8.3086,11.3724,16.6172,20.7548,31.1572,8.3086,0.0,2.498,3.75,1.127858,28,73,16,2,0.01020405,0.10497867,0.25000000,0E-8,0.000000,0.891517,0.812866,-0.14651639,2026-06-15,2026-07-09,13,112,89,25,0.520000,0.430411,0.436223,0.034014,,,,,,,,GLOBAL_BASELINE_NO_ENTITY_RANKING,,,NOT_APPLICABLE_GLOBAL_BASELINE,HF9g-P5,,,,X 全窗基线 · 不参与实体赏罚,6873329,688,A168_HF9F_20260827_0900,2026-08-27 09:00:00
2026-07-01,151536977,1654,0,5.3141478968,-5.3141478968,-5.3141478968,0E-7,1,1,0.49324550000000000,0.493245500000,-0.9865810262130424,-0.9865810262130424,-0.9865810262130424,0E-17,ELIGIBLE,R03b_20260811_FULL_v1,L1_ELIGIBILITY,v2026-08-11,2026-03-21..2026-08-06,baccarat_bet02_101_all_pairs_incl_sentinel,round_win = game_pnl > 0 (decisive only),COMPATIBILITY_ONLY_NOT_PRODUCTION,1602.4243,1428.5890,168.2204,171,171,-0.10497867,-0.25000000,-0.10348361,-0.10497867,-168.2204,1602.4243,OK,0.0000,6.7288,4.0000,96.0000,AG03-UNRESOLVED,ALL5_LEVELS_bet23_to_bet27,6.7288,6.7288,10.0932,13.4576,13.4576,4.000000,4.000000,6.000000,8.000000,8.000000,96.000000,96.000000,94.000000,92.000000,92.000000,5.0,50.4661,44.8745,117.7543,123.3459,PENDING_AG03,FALSE,NOT_FOR_ENFORCEMENT,161.4916,1371.4454,168.2204,161.4916,6.7288,0.10497867,0.10077953,6.7288,161.4916,0.10077953,6.7288,6.7288,10.0932,13.4576,13.4576,161.4916,0.10077953,50.4661,44.8745,117.7543,123.3459,0.07348507,0.07697453,0.00419915,9.3709,8.3543,0.9837,12.9400,1.5020,123.2634,13.1538,4.0878,9.4974,5.2232,8.3086,11.3724,16.6172,20.7548,31.1572,8.3086,0.0,2.498,3.75,1.127858,28,73,16,2,0.01020405,0.10497867,0.25000000,0E-8,0.000000,0.891517,0.812866,-0.14651639,2026-06-15,2026-07-09,13,112,89,25,0.520000,0.430411,0.436223,0.034014,,,,,,,,GLOBAL_BASELINE_NO_ENTITY_RANKING,,,NOT_APPLICABLE_GLOBAL_BASELINE,HF9g-P5,,,,X 全窗基线 · 不参与实体赏罚,6873330,688,A168_HF9F_20260827_0900,2026-08-27 09:00:00
2026-07-01,151536977,1935,0,2.8614642521,2.8614642521,2.8614642521,1.0000000,1,1,0.49324550000000000,0.493245500000,1.01360149184955,1.01360149184955,1.01360149184955,0E-17,ELIGIBLE,R03b_20260811_FULL_v1,L1_ELIGIBILITY,v2026-08-11,2026-03-21..2026-08-06,baccarat_bet02_101_all_pairs_incl_sentinel,round_win = game_pnl > 0 (decisive only),COMPATIBILITY_ONLY_NOT_PRODUCTION,1602.4243,1428.5890,168.2204,171,171,-0.10497867,-0.25000000,-0.10348361,-0.10497867,-168.2204,1602.4243,OK,0.0000,6.7288,4.0000,96.0000,AG03-UNRESOLVED,ALL5_LEVELS_bet23_to_bet27,6.7288,6.7288,10.0932,13.4576,13.4576,4.000000,4.000000,6.000000,8.000000,8.000000,96.000000,96.000000,94.000000,92.000000,92.000000,5.0,50.4661,44.8745,117.7543,123.3459,PENDING_AG03,FALSE,NOT_FOR_ENFORCEMENT,161.4916,1371.4454,168.2204,161.4916,6.7288,0.10497867,0.10077953,6.7288,161.4916,0.10077953,6.7288,6.7288,10.0932,13.4576,13.4576,161.4916,0.10077953,50.4661,44.8745,117.7543,123.3459,0.07348507,0.07697453,0.00419915,9.3709,8.3543,0.9837,12.9400,1.5020,123.2634,13.1538,4.0878,9.4974,5.2232,8.3086,11.3724,16.6172,20.7548,31.1572,8.3086,0.0,2.498,3.75,1.127858,28,73,16,2,0.01020405,0.10497867,0.25000000,0E-8,0.000000,0.891517,0.812866,-0.14651639,2026-06-15,2026-07-09,13,112,89,25,0.520000,0.430411,0.436223,0.034014,,,,,,,,GLOBAL_BASELINE_NO_ENTITY_RANKING,,,NOT_APPLICABLE_GLOBAL_BASELINE,HF9g-P5,,,,X 全窗基线 · 不参与实体赏罚,6873331,688,A168_HF9F_20260827_0900,2026-08-27 09:00:00
2026-07-01,151536977,2117,0,9.8107345786,1.6351224298,1.6351224298,0.5000000,4,4,0.50329940000000000,0.503299400000,-0.01319788734859681,-0.01319788734859681,-0.01319788734859681,0E-17,ELIGIBLE,R03b_20260811_FULL_v1,L1_ELIGIBILITY,v2026-08-11,2026-03-21..2026-08-06,baccarat_bet02_101_all_pairs_incl_sentinel,round_win = game_pnl > 0 (decisive only),COMPATIBILITY_ONLY_NOT_PRODUCTION,1602.4243,1428.5890,168.2204,171,171,-0.10497867,-0.25000000,-0.10348361,-0.10497867,-168.2204,1602.4243,OK,0.0000,6.7288,4.0000,96.0000,AG03-UNRESOLVED,ALL5_LEVELS_bet23_to_bet27,6.7288,6.7288,10.0932,13.4576,13.4576,4.000000,4.000000,6.000000,8.000000,8.000000,96.000000,96.000000,94.000000,92.000000,92.000000,5.0,50.4661,44.8745,117.7543,123.3459,PENDING_AG03,FALSE,NOT_FOR_ENFORCEMENT,161.4916,1371.4454,168.2204,161.4916,6.7288,0.10497867,0.10077953,6.7288,161.4916,0.10077953,6.7288,6.7288,10.0932,13.4576,13.4576,161.4916,0.10077953,50.4661,44.8745,117.7543,123.3459,0.07348507,0.07697453,0.00419915,9.3709,8.3543,0.9837,12.9400,1.5020,123.2634,13.1538,4.0878,9.4974,5.2232,8.3086,11.3724,16.6172,20.7548,31.1572,8.3086,0.0,2.498,3.75,1.127858,28,73,16,2,0.01020405,0.10497867,0.25000000,0E-8,0.000000,0.891517,0.812866,-0.14651639,2026-06-15,2026-07-09,13,112,89,25,0.520000,0.430411,0.436223,0.034014,,,,,,,,GLOBAL_BASELINE_NO_ENTITY_RANKING,,,NOT_APPLICABLE_GLOBAL_BASELINE,HF9g-P5,,,,X 全窗基线 · 不参与实体赏罚,6873332,688,A168_HF9F_20260827_0900,2026-08-27 09:00:00
2026-07-01,151536977,2123,0,3.2702448596,0E-10,0E-10,,1,1,0.49324550000000000,0.493245500000,,,,0E-17,NO_DECISIVE_ROUND,R03b_20260811_FULL_v1,L1_ELIGIBILITY,v2026-08-11,2026-03-21..2026-08-06,baccarat_bet02_101_all_pairs_incl_sentinel,round_win = game_pnl > 0 (decisive only),COMPATIBILITY_ONLY_NOT_PRODUCTION,1602.4243,1428.5890,168.2204,171,171,-0.10497867,-0.25000000,-0.10348361,-0.10497867,-168.2204,1602.4243,OK,0.0000,6.7288,4.0000,96.0000,AG03-UNRESOLVED,ALL5_LEVELS_bet23_to_bet27,6.7288,6.7288,10.0932,13.4576,13.4576,4.000000,4.000000,6.000000,8.000000,8.000000,96.000000,96.000000,94.000000,92.000000,92.000000,5.0,50.4661,44.8745,117.7543,123.3459,PENDING_AG03,FALSE,NOT_FOR_ENFORCEMENT,161.4916,1371.4454,168.2204,161.4916,6.7288,0.10497867,0.10077953,6.7288,161.4916,0.10077953,6.7288,6.7288,10.0932,13.4576,13.4576,161.4916,0.10077953,50.4661,44.8745,117.7543,123.3459,0.07348507,0.07697453,0.00419915,9.3709,8.3543,0.9837,12.9400,1.5020,123.2634,13.1538,4.0878,9.4974,5.2232,8.3086,11.3724,16.6172,20.7548,31.1572,8.3086,0.0,2.498,3.75,1.127858,28,73,16,2,0.01020405,0.10497867,0.25000000,0E-8,0.000000,0.891517,0.812866,-0.14651639,2026-06-15,2026-07-09,13,112,89,25,0.520000,0.430411,0.436223,0.034014,,,,,,,,GLOBAL_BASELINE_NO_ENTITY_RANKING,,,NOT_APPLICABLE_GLOBAL_BASELINE,HF9g-P5,,,,X 全窗基线 · 不参与实体赏罚,6873333,688,A168_HF9F_20260827_0900,2026-08-27 09:00:00
2026-07-01,151536977,2209,0,2.0439030372,0E-10,0E-10,,1,1,0.50665070000000000,0.506650700000,,,,0E-17,NO_DECISIVE_ROUND,R03b_20260811_FULL_v1,L1_ELIGIBILITY,v2026-08-11,2026-03-21..2026-08-06,baccarat_bet02_101_all_pairs_incl_sentinel,round_win = game_pnl > 0 (decisive only),COMPATIBILITY_ONLY_NOT_PRODUCTION,1602.4243,1428.5890,168.2204,171,171,-0.10497867,-0.25000000,-0.10348361,-0.10497867,-168.2204,1602.4243,OK,0.0000,6.7288,4.0000,96.0000,AG03-UNRESOLVED,ALL5_LEVELS_bet23_to_bet27,6.7288,6.7288,10.0932,13.4576,13.4576,4.000000,4.000000,6.000000,8.000000,8.000000,96.000000,96.000000,94.000000,92.000000,92.000000,5.0,50.4661,44.8745,117.7543,123.3459,PENDING_AG03,FALSE,NOT_FOR_ENFORCEMENT,161.4916,1371.4454,168.2204,161.4916,6.7288,0.10497867,0.10077953,6.7288,161.4916,0.10077953,6.7288,6.7288,10.0932,13.4576,13.4576,161.4916,0.10077953,50.4661,44.8745,117.7543,123.3459,0.07348507,0.07697453,0.00419915,9.3709,8.3543,0.9837,12.9400,1.5020,123.2634,13.1538,4.0878,9.4974,5.2232,8.3086,11.3724,16.6172,20.7548,31.1572,8.3086,0.0,2.498,3.75,1.127858,28,73,16,2,0.01020405,0.10497867,0.25000000,0E-8,0.000000,0.891517,0.812866,-0.14651639,2026-06-15,2026-07-09,13,112,89,25,0.520000,0.430411,0.436223,0.034014,,,,,,,,GLOBAL_BASELINE_NO_ENTITY_RANKING,,,NOT_APPLICABLE_GLOBAL_BASELINE,HF9g-P5,,,,X 全窗基线 · 不参与实体赏罚,6873334,688,A168_HF9F_20260827_0900,2026-08-27 09:00:00
2026-07-02,151536977,-1,1,21.2565915873,0.8175612149,0.8175612149,0.5000000,2,2,0.49324550000000000,0.493245500000,0.01910635448239258,0.01910635448239258,0.01910635448239258,0E-17,SENTINEL_DEALER,R03b_20260811_FULL_v1,L1_ELIGIBILITY,v2026-08-11,2026-03-21..2026-08-06,baccarat_bet02_101_all_pairs_incl_sentinel,round_win = game_pnl > 0 (decisive only),COMPATIBILITY_ONLY_NOT_PRODUCTION,1602.4243,1428.5890,168.2204,171,171,-0.10497867,-0.25000000,-0.10348361,-0.10497867,-168.2204,1602.4243,OK,0.0000,6.7288,4.0000,96.0000,AG03-UNRESOLVED,ALL5_LEVELS_bet23_to_bet27,6.7288,6.7288,10.0932,13.4576,13.4576,4.000000,4.000000,6.000000,8.000000,8.000000,96.000000,96.000000,94.000000,92.000000,92.000000,5.0,50.4661,44.8745,117.7543,123.3459,PENDING_AG03,FALSE,NOT_FOR_ENFORCEMENT,161.4916,1371.4454,168.2204,161.4916,6.7288,0.10497867,0.10077953,6.7288,161.4916,0.10077953,6.7288,6.7288,10.0932,13.4576,13.4576,161.4916,0.10077953,50.4661,44.8745,117.7543,123.3459,0.07348507,0.07697453,0.00419915,9.3709,8.3543,0.9837,12.9400,1.5020,123.2634,13.1538,4.0878,9.4974,5.2232,8.3086,11.3724,16.6172,20.7548,31.1572,8.3086,0.0,2.498,3.75,1.127858,28,73,16,2,0.01020405,0.10497867,0.25000000,0E-8,0.000000,0.891517,0.812866,-0.14651639,2026-06-15,2026-07-09,13,112,89,25,0.520000,0.430411,0.436223,0.034014,,,,,,,,GLOBAL_BASELINE_NO_ENTITY_RANKING,,,NOT_APPLICABLE_GLOBAL_BASELINE,HF9g-P5,,,,X 全窗基线 · 不参与实体赏罚,6873335,688,A168_HF9F_20260827_0900,2026-08-27 09:00:00
2026-07-02,151536977,1507,0,13.8985406532,-1.6351224298,-1.6351224298,0.5000000,2,2,0.50665070000000000,0.506650700000,-0.018812684590367487,-0.018812684590367487,-0.018812684590367487,0E-17,ELIGIBLE,R03b_20260811_FULL_v1,L1_ELIGIBILITY,v2026-08-11,2026-03-21..2026-08-06,baccarat_bet02_101_all_pairs_incl_sentinel,round_win = game_pnl > 0 (decisive only),COMPATIBILITY_ONLY_NOT_PRODUCTION,1602.4243,1428.5890,168.2204,171,171,-0.10497867,-0.25000000,-0.10348361,-0.10497867,-168.2204,1602.4243,OK,0.0000,6.7288,4.0000,96.0000,AG03-UNRESOLVED,ALL5_LEVELS_bet23_to_bet27,6.7288,6.7288,10.0932,13.4576,13.4576,4.000000,4.000000,6.000000,8.000000,8.000000,96.000000,96.000000,94.000000,92.000000,92.000000,5.0,50.4661,44.8745,117.7543,123.3459,PENDING_AG03,FALSE,NOT_FOR_ENFORCEMENT,161.4916,1371.4454,168.2204,161.4916,6.7288,0.10497867,0.10077953,6.7288,161.4916,0.10077953,6.7288,6.7288,10.0932,13.4576,13.4576,161.4916,0.10077953,50.4661,44.8745,117.7543,123.3459,0.07348507,0.07697453,0.00419915,9.3709,8.3543,0.9837,12.9400,1.5020,123.2634,13.1538,4.0878,9.4974,5.2232,8.3086,11.3724,16.6172,20.7548,31.1572,8.3086,0.0,2.498,3.75,1.127858,28,73,16,2,0.01020405,0.10497867,0.25000000,0E-8,0.000000,0.891517,0.812866,-0.14651639,2026-06-15,2026-07-09,13,112,89,25,0.520000,0.430411,0.436223,0.034014,,,,,,,,GLOBAL_BASELINE_NO_ENTITY_RANKING,,,NOT_APPLICABLE_GLOBAL_BASELINE,HF9g-P5,,,,X 全窗基线 · 不参与实体赏罚,6873336,688,A168_HF9F_20260827_0900,2026-08-27 09:00:00
2026-07-03,151536977,-1,1,34.7463516332,16.3512242979,16.3512242979,0.8000000,5,5,0.50396966000000000,0.503969660000,1.3239296534401845,1.3239296534401845,1.3239296534401845,0E-17,SENTINEL_DEALER,R03b_20260811_FULL_v1,L1_ELIGIBILITY,v2026-08-11,2026-03-21..2026-08-06,baccarat_bet02_101_all_pairs_incl_sentinel,round_win = game_pnl > 0 (decisive only),COMPATIBILITY_ONLY_NOT_PRODUCTION,1602.4243,1428.5890,168.2204,171,171,-0.10497867,-0.25000000,-0.10348361,-0.10497867,-168.2204,1602.4243,OK,0.0000,6.7288,4.0000,96.0000,AG03-UNRESOLVED,ALL5_LEVELS_bet23_to_bet27,6.7288,6.7288,10.0932,13.4576,13.4576,4.000000,4.000000,6.000000,8.000000,8.000000,96.000000,96.000000,94.000000,92.000000,92.000000,5.0,50.4661,44.8745,117.7543,123.3459,PENDING_AG03,FALSE,NOT_FOR_ENFORCEMENT,161.4916,1371.4454,168.2204,161.4916,6.7288,0.10497867,0.10077953,6.7288,161.4916,0.10077953,6.7288,6.7288,10.0932,13.4576,13.4576,161.4916,0.10077953,50.4661,44.8745,117.7543,123.3459,0.07348507,0.07697453,0.00419915,9.3709,8.3543,0.9837,12.9400,1.5020,123.2634,13.1538,4.0878,9.4974,5.2232,8.3086,11.3724,16.6172,20.7548,31.1572,8.3086,0.0,2.498,3.75,1.127858,28,73,16,2,0.01020405,0.10497867,0.25000000,0E-8,0.000000,0.891517,0.812866,-0.14651639,2026-06-15,2026-07-09,13,112,89,25,0.520000,0.430411,0.436223,0.034014,,,,,,,,GLOBAL_BASELINE_NO_ENTITY_RANKING,,,NOT_APPLICABLE_GLOBAL_BASELINE,HF9g-P5,,,,X 全窗基线 · 不参与实体赏罚,6873337,688,A168_HF9F_20260827_0900,2026-08-27 09:00:00
2026-07-03,151536977,1151,0,14.3073212607,-14.3073212607,-14.3073212607,0E-7,2,2,0.49994810000000000,0.499948100000,-1.4140667746232096,-1.4140667746232096,-1.4140667746232096,0E-17,ELIGIBLE,R03b_20260811_FULL_v1,L1_ELIGIBILITY,v2026-08-11,2026-03-21..2026-08-06,baccarat_bet02_101_all_pairs_incl_sentinel,round_win = game_pnl > 0 (decisive only),COMPATIBILITY_ONLY_NOT_PRODUCTION,1602.4243,1428.5890,168.2204,171,171,-0.10497867,-0.25000000,-0.10348361,-0.10497867,-168.2204,1602.4243,OK,0.0000,6.7288,4.0000,96.0000,AG03-UNRESOLVED,ALL5_LEVELS_bet23_to_bet27,6.7288,6.7288,10.0932,13.4576,13.4576,4.000000,4.000000,6.000000,8.000000,8.000000,96.000000,96.000000,94.000000,92.000000,92.000000,5.0,50.4661,44.8745,117.7543,123.3459,PENDING_AG03,FALSE,NOT_FOR_ENFORCEMENT,161.4916,1371.4454,168.2204,161.4916,6.7288,0.10497867,0.10077953,6.7288,161.4916,0.10077953,6.7288,6.7288,10.0932,13.4576,13.4576,161.4916,0.10077953,50.4661,44.8745,117.7543,123.3459,0.07348507,0.07697453,0.00419915,9.3709,8.3543,0.9837,12.9400,1.5020,123.2634,13.1538,4.0878,9.4974,5.2232,8.3086,11.3724,16.6172,20.7548,31.1572,8.3086,0.0,2.498,3.75,1.127858,28,73,16,2,0.01020405,0.10497867,0.25000000,0E-8,0.000000,0.891517,0.812866,-0.14651639,2026-06-15,2026-07-09,13,112,89,25,0.520000,0.430411,0.436223,0.034014,,,,,,,,GLOBAL_BASELINE_NO_ENTITY_RANKING,,,NOT_APPLICABLE_GLOBAL_BASELINE,HF9g-P5,,,,X 全窗基线 · 不参与实体赏罚,6873338,688,A168_HF9F_20260827_0900,2026-08-27 09:00:00
2026-07-03,151536977,1185,0,4.0878060745,4.0878060745,4.0878060745,1.0000000,1,1,0.49324550000000000,0.493245500000,1.01360149184955,1.01360149184955,1.01360149184955,0E-17,ELIGIBLE,R03b_20260811_FULL_v1,L1_ELIGIBILITY,v2026-08-11,2026-03-21..2026-08-06,baccarat_bet02_101_all_pairs_incl_sentinel,round_win = game_pnl > 0 (decisive only),COMPATIBILITY_ONLY_NOT_PRODUCTION,1602.4243,1428.5890,168.2204,171,171,-0.10497867,-0.25000000,-0.10348361,-0.10497867,-168.2204,1602.4243,OK,0.0000,6.7288,4.0000,96.0000,AG03-UNRESOLVED,ALL5_LEVELS_bet23_to_bet27,6.7288,6.7288,10.0932,13.4576,13.4576,4.000000,4.000000,6.000000,8.000000,8.000000,96.000000,96.000000,94.000000,92.000000,92.000000,5.0,50.4661,44.8745,117.7543,123.3459,PENDING_AG03,FALSE,NOT_FOR_ENFORCEMENT,161.4916,1371.4454,168.2204,161.4916,6.7288,0.10497867,0.10077953,6.7288,161.4916,0.10077953,6.7288,6.7288,10.0932,13.4576,13.4576,161.4916,0.10077953,50.4661,44.8745,117.7543,123.3459,0.07348507,0.07697453,0.00419915,9.3709,8.3543,0.9837,12.9400,1.5020,123.2634,13.1538,4.0878,9.4974,5.2232,8.3086,11.3724,16.6172,20.7548,31.1572,8.3086,0.0,2.498,3.75,1.127858,28,73,16,2,0.01020405,0.10497867,0.25000000,0E-8,0.000000,0.891517,0.812866,-0.14651639,2026-06-15,2026-07-09,13,112,89,25,0.520000,0.430411,0.436223,0.034014,,,,,,,,GLOBAL_BASELINE_NO_ENTITY_RANKING,,,NOT_APPLICABLE_GLOBAL_BASELINE,HF9g-P5,,,,X 全窗基线 · 不参与实体赏罚,6873339,688,A168_HF9F_20260827_0900,2026-08-27 09:00:00
2026-07-03,151536977,1330,0,10.2195151862,10.2195151862,10.2195151862,1.0000000,1,1,0.50665070000000000,0.506650700000,0.9867858985152569,0.9867858985152569,0.9867858985152569,0E-17,ELIGIBLE,R03b_20260811_FULL_v1,L1_ELIGIBILITY,v2026-08-11,2026-03-21..2026-08-06,baccarat_bet02_101_all_pairs_incl_sentinel,round_win = game_pnl > 0 (decisive only),COMPATIBILITY_ONLY_NOT_PRODUCTION,1602.4243,1428.5890,168.2204,171,171,-0.10497867,-0.25000000,-0.10348361,-0.10497867,-168.2204,1602.4243,OK,0.0000,6.7288,4.0000,96.0000,AG03-UNRESOLVED,ALL5_LEVELS_bet23_to_bet27,6.7288,6.7288,10.0932,13.4576,13.4576,4.000000,4.000000,6.000000,8.000000,8.000000,96.000000,96.000000,94.000000,92.000000,92.000000,5.0,50.4661,44.8745,117.7543,123.3459,PENDING_AG03,FALSE,NOT_FOR_ENFORCEMENT,161.4916,1371.4454,168.2204,161.4916,6.7288,0.10497867,0.10077953,6.7288,161.4916,0.10077953,6.7288,6.7288,10.0932,13.4576,13.4576,161.4916,0.10077953,50.4661,44.8745,117.7543,123.3459,0.07348507,0.07697453,0.00419915,9.3709,8.3543,0.9837,12.9400,1.5020,123.2634,13.1538,4.0878,9.4974,5.2232,8.3086,11.3724,16.6172,20.7548,31.1572,8.3086,0.0,2.498,3.75,1.127858,28,73,16,2,0.01020405,0.10497867,0.25000000,0E-8,0.000000,0.891517,0.812866,-0.14651639,2026-06-15,2026-07-09,13,112,89,25,0.520000,0.430411,0.436223,0.034014,,,,,,,,GLOBAL_BASELINE_NO_ENTITY_RANKING,,,NOT_APPLICABLE_GLOBAL_BASELINE,HF9g-P5,,,,X 全窗基线 · 不参与实体赏罚,6873340,688,A168_HF9F_20260827_0900,2026-08-27 09:00:00
2026-07-03,151536977,1383,0,16.3512242979,-16.3512242979,-16.3512242979,0E-7,1,1,0.49324550000000000,0.493245500000,-0.9865810262130424,-0.9865810262130424,-0.9865810262130424,0E-17,ELIGIBLE,R03b_20260811_FULL_v1,L1_ELIGIBILITY,v2026-08-11,2026-03-21..2026-08-06,baccarat_bet02_101_all_pairs_incl_sentinel,round_win = game_pnl > 0 (decisive only),COMPATIBILITY_ONLY_NOT_PRODUCTION,1602.4243,1428.5890,168.2204,171,171,-0.10497867,-0.25000000,-0.10348361,-0.10497867,-168.2204,1602.4243,OK,0.0000,6.7288,4.0000,96.0000,AG03-UNRESOLVED,ALL5_LEVELS_bet23_to_bet27,6.7288,6.7288,10.0932,13.4576,13.4576,4.000000,4.000000,6.000000,8.000000,8.000000,96.000000,96.000000,94.000000,92.000000,92.000000,5.0,50.4661,44.8745,117.7543,123.3459,PENDING_AG03,FALSE,NOT_FOR_ENFORCEMENT,161.4916,1371.4454,168.2204,161.4916,6.7288,0.10497867,0.10077953,6.7288,161.4916,0.10077953,6.7288,6.7288,10.0932,13.4576,13.4576,161.4916,0.10077953,50.4661,44.8745,117.7543,123.3459,0.07348507,0.07697453,0.00419915,9.3709,8.3543,0.9837,12.9400,1.5020,123.2634,13.1538,4.0878,9.4974,5.2232,8.3086,11.3724,16.6172,20.7548,31.1572,8.3086,0.0,2.498,3.75,1.127858,28,73,16,2,0.01020405,0.10497867,0.25000000,0E-8,0.000000,0.891517,0.812866,-0.14651639,2026-06-15,2026-07-09,13,112,89,25,0.520000,0.430411,0.436223,0.034014,,,,,,,,GLOBAL_BASELINE_NO_ENTITY_RANKING,,,NOT_APPLICABLE_GLOBAL_BASELINE,HF9g-P5,,,,X 全窗基线 · 不参与实体赏罚,6873341,688,A168_HF9F_20260827_0900,2026-08-27 09:00:00
2026-07-03,151536977,1384,0,12.6721988309,-12.6721988309,-12.6721988309,0E-7,1,1,0.49324550000000000,0.493245500000,-0.9865810262130424,-0.9865810262130424,-0.9865810262130424,0E-17,ELIGIBLE,R03b_20260811_FULL_v1,L1_ELIGIBILITY,v2026-08-11,2026-03-21..2026-08-06,baccarat_bet02_101_all_pairs_incl_sentinel,round_win = game_pnl > 0 (decisive only),COMPATIBILITY_ONLY_NOT_PRODUCTION,1602.4243,1428.5890,168.2204,171,171,-0.10497867,-0.25000000,-0.10348361,-0.10497867,-168.2204,1602.4243,OK,0.0000,6.7288,4.0000,96.0000,AG03-UNRESOLVED,ALL5_LEVELS_bet23_to_bet27,6.7288,6.7288,10.0932,13.4576,13.4576,4.000000,4.000000,6.000000,8.000000,8.000000,96.000000,96.000000,94.000000,92.000000,92.000000,5.0,50.4661,44.8745,117.7543,123.3459,PENDING_AG03,FALSE,NOT_FOR_ENFORCEMENT,161.4916,1371.4454,168.2204,161.4916,6.7288,0.10497867,0.10077953,6.7288,161.4916,0.10077953,6.7288,6.7288,10.0932,13.4576,13.4576,161.4916,0.10077953,50.4661,44.8745,117.7543,123.3459,0.07348507,0.07697453,0.00419915,9.3709,8.3543,0.9837,12.9400,1.5020,123.2634,13.1538,4.0878,9.4974,5.2232,8.3086,11.3724,16.6172,20.7548,31.1572,8.3086,0.0,2.498,3.75,1.127858,28,73,16,2,0.01020405,0.10497867,0.25000000,0E-8,0.000000,0.891517,0.812866,-0.14651639,2026-06-15,2026-07-09,13,112,89,25,0.520000,0.430411,0.436223,0.034014,,,,,,,,GLOBAL_BASELINE_NO_ENTITY_RANKING,,,NOT_APPLICABLE_GLOBAL_BASELINE,HF9g-P5,,,,X 全窗基线 · 不参与实体赏罚,6873342,688,A168_HF9F_20260827_0900,2026-08-27 09:00:00
2026-07-03,151536977,1401,0,12.2634182235,-4.0878060745,-4.0878060745,0.5000000,2,2,0.49994810000000000,0.499948100000,0.00014679536856514622,0.00014679536856514622,0.00014679536856514622,0E-17,ELIGIBLE,R03b_20260811_FULL_v1,L1_ELIGIBILITY,v2026-08-11,2026-03-21..2026-08-06,baccarat_bet02_101_all_pairs_incl_sentinel,round_win = game_pnl > 0 (decisive only),COMPATIBILITY_ONLY_NOT_PRODUCTION,1602.4243,1428.5890,168.2204,171,171,-0.10497867,-0.25000000,-0.10348361,-0.10497867,-168.2204,1602.4243,OK,0.0000,6.7288,4.0000,96.0000,AG03-UNRESOLVED,ALL5_LEVELS_bet23_to_bet27,6.7288,6.7288,10.0932,13.4576,13.4576,4.000000,4.000000,6.000000,8.000000,8.000000,96.000000,96.000000,94.000000,92.000000,92.000000,5.0,50.4661,44.8745,117.7543,123.3459,PENDING_AG03,FALSE,NOT_FOR_ENFORCEMENT,161.4916,1371.4454,168.2204,161.4916,6.7288,0.10497867,0.10077953,6.7288,161.4916,0.10077953,6.7288,6.7288,10.0932,13.4576,13.4576,161.4916,0.10077953,50.4661,44.8745,117.7543,123.3459,0.07348507,0.07697453,0.00419915,9.3709,8.3543,0.9837,12.9400,1.5020,123.2634,13.1538,4.0878,9.4974,5.2232,8.3086,11.3724,16.6172,20.7548,31.1572,8.3086,0.0,2.498,3.75,1.127858,28,73,16,2,0.01020405,0.10497867,0.25000000,0E-8,0.000000,0.891517,0.812866,-0.14651639,2026-06-15,2026-07-09,13,112,89,25,0.520000,0.430411,0.436223,0.034014,,,,,,,,GLOBAL_BASELINE_NO_ENTITY_RANKING,,,NOT_APPLICABLE_GLOBAL_BASELINE,HF9g-P5,,,,X 全窗基线 · 不参与实体赏罚,6873343,688,A168_HF9F_20260827_0900,2026-08-27 09:00:00
2026-07-03,151536977,2088,0,4.9053672894,-4.9053672894,-4.9053672894,0E-7,1,1,0.50665070000000000,0.506650700000,-1.013391052207602,-1.013391052207602,-1.013391052207602,0E-17,ELIGIBLE,R03b_20260811_FULL_v1,L1_ELIGIBILITY,v2026-08-11,2026-03-21..2026-08-06,baccarat_bet02_101_all_pairs_incl_sentinel,round_win = game_pnl > 0 (decisive only),COMPATIBILITY_ONLY_NOT_PRODUCTION,1602.4243,1428.5890,168.2204,171,171,-0.10497867,-0.25000000,-0.10348361,-0.10497867,-168.2204,1602.4243,OK,0.0000,6.7288,4.0000,96.0000,AG03-UNRESOLVED,ALL5_LEVELS_bet23_to_bet27,6.7288,6.7288,10.0932,13.4576,13.4576,4.000000,4.000000,6.000000,8.000000,8.000000,96.000000,96.000000,94.000000,92.000000,92.000000,5.0,50.4661,44.8745,117.7543,123.3459,PENDING_AG03,FALSE,NOT_FOR_ENFORCEMENT,161.4916,1371.4454,168.2204,161.4916,6.7288,0.10497867,0.10077953,6.7288,161.4916,0.10077953,6.7288,6.7288,10.0932,13.4576,13.4576,161.4916,0.10077953,50.4661,44.8745,117.7543,123.3459,0.07348507,0.07697453,0.00419915,9.3709,8.3543,0.9837,12.9400,1.5020,123.2634,13.1538,4.0878,9.4974,5.2232,8.3086,11.3724,16.6172,20.7548,31.1572,8.3086,0.0,2.498,3.75,1.127858,28,73,16,2,0.01020405,0.10497867,0.25000000,0E-8,0.000000,0.891517,0.812866,-0.14651639,2026-06-15,2026-07-09,13,112,89,25,0.520000,0.430411,0.436223,0.034014,,,,,,,,GLOBAL_BASELINE_NO_ENTITY_RANKING,,,NOT_APPLICABLE_GLOBAL_BASELINE,HF9g-P5,,,,X 全窗基线 · 不参与实体赏罚,6873344,688,A168_HF9F_20260827_0900,2026-08-27 09:00:00
2026-07-03,151536977,2106,0,4.0878060745,3.8834157708,3.8834157708,1.0000000,1,1,0.50665070000000000,0.506650700000,0.9867858985152569,0.9867858985152569,0.9867858985152569,0E-17,ELIGIBLE,R03b_20260811_FULL_v1,L1_ELIGIBILITY,v2026-08-11,2026-03-21..2026-08-06,baccarat_bet02_101_all_pairs_incl_sentinel,round_win = game_pnl > 0 (decisive only),COMPATIBILITY_ONLY_NOT_PRODUCTION,1602.4243,1428.5890,168.2204,171,171,-0.10497867,-0.25000000,-0.10348361,-0.10497867,-168.2204,1602.4243,OK,0.0000,6.7288,4.0000,96.0000,AG03-UNRESOLVED,ALL5_LEVELS_bet23_to_bet27,6.7288,6.7288,10.0932,13.4576,13.4576,4.000000,4.000000,6.000000,8.000000,8.000000,96.000000,96.000000,94.000000,92.000000,92.000000,5.0,50.4661,44.8745,117.7543,123.3459,PENDING_AG03,FALSE,NOT_FOR_ENFORCEMENT,161.4916,1371.4454,168.2204,161.4916,6.7288,0.10497867,0.10077953,6.7288,161.4916,0.10077953,6.7288,6.7288,10.0932,13.4576,13.4576,161.4916,0.10077953,50.4661,44.8745,117.7543,123.3459,0.07348507,0.07697453,0.00419915,9.3709,8.3543,0.9837,12.9400,1.5020,123.2634,13.1538,4.0878,9.4974,5.2232,8.3086,11.3724,16.6172,20.7548,31.1572,8.3086,0.0,2.498,3.75,1.127858,28,73,16,2,0.01020405,0.10497867,0.25000000,0E-8,0.000000,0.891517,0.812866,-0.14651639,2026-06-15,2026-07-09,13,112,89,25,0.520000,0.430411,0.436223,0.034014,,,,,,,,GLOBAL_BASELINE_NO_ENTITY_RANKING,,,NOT_APPLICABLE_GLOBAL_BASELINE,HF9g-P5,,,,X 全窗基线 · 不参与实体赏罚,6873345,688,A168_HF9F_20260827_0900,2026-08-27 09:00:00
2026-07-03,151536977,2108,0,10.2195151862,0E-10,0E-10,,1,1,0.49324550000000000,0.493245500000,,,,0E-17,NO_DECISIVE_ROUND,R03b_20260811_FULL_v1,L1_ELIGIBILITY,v2026-08-11,2026-03-21..2026-08-06,baccarat_bet02_101_all_pairs_incl_sentinel,round_win = game_pnl > 0 (decisive only),COMPATIBILITY_ONLY_NOT_PRODUCTION,1602.4243,1428.5890,168.2204,171,171,-0.10497867,-0.25000000,-0.10348361,-0.10497867,-168.2204,1602.4243,OK,0.0000,6.7288,4.0000,96.0000,AG03-UNRESOLVED,ALL5_LEVELS_bet23_to_bet27,6.7288,6.7288,10.0932,13.4576,13.4576,4.000000,4.000000,6.000000,8.000000,8.000000,96.000000,96.000000,94.000000,92.000000,92.000000,5.0,50.4661,44.8745,117.7543,123.3459,PENDING_AG03,FALSE,NOT_FOR_ENFORCEMENT,161.4916,1371.4454,168.2204,161.4916,6.7288,0.10497867,0.10077953,6.7288,161.4916,0.10077953,6.7288,6.7288,10.0932,13.4576,13.4576,161.4916,0.10077953,50.4661,44.8745,117.7543,123.3459,0.07348507,0.07697453,0.00419915,9.3709,8.3543,0.9837,12.9400,1.5020,123.2634,13.1538,4.0878,9.4974,5.2232,8.3086,11.3724,16.6172,20.7548,31.1572,8.3086,0.0,2.498,3.75,1.127858,28,73,16,2,0.01020405,0.10497867,0.25000000,0E-8,0.000000,0.891517,0.812866,-0.14651639,2026-06-15,2026-07-09,13,112,89,25,0.520000,0.430411,0.436223,0.034014,,,,,,,,GLOBAL_BASELINE_NO_ENTITY_RANKING,,,NOT_APPLICABLE_GLOBAL_BASELINE,HF9g-P5,,,,X 全窗基线 · 不参与实体赏罚,6873346,688,A168_HF9F_20260827_0900,2026-08-27 09:00:00
2026-07-03,151536977,2117,0,2.0439030372,2.0439030372,2.0439030372,1.0000000,1,1,0.49324550000000000,0.493245500000,1.01360149184955,1.01360149184955,1.01360149184955,0E-17,ELIGIBLE,R03b_20260811_FULL_v1,L1_ELIGIBILITY,v2026-08-11,2026-03-21..2026-08-06,baccarat_bet02_101_all_pairs_incl_sentinel,round_win = game_pnl > 0 (decisive only),COMPATIBILITY_ONLY_NOT_PRODUCTION,1602.4243,1428.5890,168.2204,171,171,-0.10497867,-0.25000000,-0.10348361,-0.10497867,-168.2204,1602.4243,OK,0.0000,6.7288,4.0000,96.0000,AG03-UNRESOLVED,ALL5_LEVELS_bet23_to_bet27,6.7288,6.7288,10.0932,13.4576,13.4576,4.000000,4.000000,6.000000,8.000000,8.000000,96.000000,96.000000,94.000000,92.000000,92.000000,5.0,50.4661,44.8745,117.7543,123.3459,PENDING_AG03,FALSE,NOT_FOR_ENFORCEMENT,161.4916,1371.4454,168.2204,161.4916,6.7288,0.10497867,0.10077953,6.7288,161.4916,0.10077953,6.7288,6.7288,10.0932,13.4576,13.4576,161.4916,0.10077953,50.4661,44.8745,117.7543,123.3459,0.07348507,0.07697453,0.00419915,9.3709,8.3543,0.9837,12.9400,1.5020,123.2634,13.1538,4.0878,9.4974,5.2232,8.3086,11.3724,16.6172,20.7548,31.1572,8.3086,0.0,2.498,3.75,1.127858,28,73,16,2,0.01020405,0.10497867,0.25000000,0E-8,0.000000,0.891517,0.812866,-0.14651639,2026-06-15,2026-07-09,13,112,89,25,0.520000,0.430411,0.436223,0.034014,,,,,,,,GLOBAL_BASELINE_NO_ENTITY_RANKING,,,NOT_APPLICABLE_GLOBAL_BASELINE,HF9g-P5,,,,X 全窗基线 · 不参与实体赏罚,6873347,688,A168_HF9F_20260827_0900,2026-08-27 09:00:00
2026-07-03,151536977,2121,0,6.1317091117,6.1317091117,6.1317091117,1.0000000,1,1,0.50665070000000000,0.506650700000,0.9867858985152569,0.9867858985152569,0.9867858985152569,0E-17,ELIGIBLE,R03b_20260811_FULL_v1,L1_ELIGIBILITY,v2026-08-11,2026-03-21..2026-08-06,baccarat_bet02_101_all_pairs_incl_sentinel,round_win = game_pnl > 0 (decisive only),COMPATIBILITY_ONLY_NOT_PRODUCTION,1602.4243,1428.5890,168.2204,171,171,-0.10497867,-0.25000000,-0.10348361,-0.10497867,-168.2204,1602.4243,OK,0.0000,6.7288,4.0000,96.0000,AG03-UNRESOLVED,ALL5_LEVELS_bet23_to_bet27,6.7288,6.7288,10.0932,13.4576,13.4576,4.000000,4.000000,6.000000,8.000000,8.000000,96.000000,96.000000,94.000000,92.000000,92.000000,5.0,50.4661,44.8745,117.7543,123.3459,PENDING_AG03,FALSE,NOT_FOR_ENFORCEMENT,161.4916,1371.4454,168.2204,161.4916,6.7288,0.10497867,0.10077953,6.7288,161.4916,0.10077953,6.7288,6.7288,10.0932,13.4576,13.4576,161.4916,0.10077953,50.4661,44.8745,117.7543,123.3459,0.07348507,0.07697453,0.00419915,9.3709,8.3543,0.9837,12.9400,1.5020,123.2634,13.1538,4.0878,9.4974,5.2232,8.3086,11.3724,16.6172,20.7548,31.1572,8.3086,0.0,2.498,3.75,1.127858,28,73,16,2,0.01020405,0.10497867,0.25000000,0E-8,0.000000,0.891517,0.812866,-0.14651639,2026-06-15,2026-07-09,13,112,89,25,0.520000,0.430411,0.436223,0.034014,,,,,,,,GLOBAL_BASELINE_NO_ENTITY_RANKING,,,NOT_APPLICABLE_GLOBAL_BASELINE,HF9g-P5,,,,X 全窗基线 · 不参与实体赏罚,6873348,688,A168_HF9F_20260827_0900,2026-08-27 09:00:00
2026-07-03,151536977,2123,0,8.1756121490,-8.1756121490,-8.1756121490,0E-7,1,1,0.49324550000000000,0.493245500000,-0.9865810262130424,-0.9865810262130424,-0.9865810262130424,0E-17,ELIGIBLE,R03b_20260811_FULL_v1,L1_ELIGIBILITY,v2026-08-11,2026-03-21..2026-08-06,baccarat_bet02_101_all_pairs_incl_sentinel,round_win = game_pnl > 0 (decisive only),COMPATIBILITY_ONLY_NOT_PRODUCTION,1602.4243,1428.5890,168.2204,171,171,-0.10497867,-0.25000000,-0.10348361,-0.10497867,-168.2204,1602.4243,OK,0.0000,6.7288,4.0000,96.0000,AG03-UNRESOLVED,ALL5_LEVELS_bet23_to_bet27,6.7288,6.7288,10.0932,13.4576,13.4576,4.000000,4.000000,6.000000,8.000000,8.000000,96.000000,96.000000,94.000000,92.000000,92.000000,5.0,50.4661,44.8745,117.7543,123.3459,PENDING_AG03,FALSE,NOT_FOR_ENFORCEMENT,161.4916,1371.4454,168.2204,161.4916,6.7288,0.10497867,0.10077953,6.7288,161.4916,0.10077953,6.7288,6.7288,10.0932,13.4576,13.4576,161.4916,0.10077953,50.4661,44.8745,117.7543,123.3459,0.07348507,0.07697453,0.00419915,9.3709,8.3543,0.9837,12.9400,1.5020,123.2634,13.1538,4.0878,9.4974,5.2232,8.3086,11.3724,16.6172,20.7548,31.1572,8.3086,0.0,2.498,3.75,1.127858,28,73,16,2,0.01020405,0.10497867,0.25000000,0E-8,0.000000,0.891517,0.812866,-0.14651639,2026-06-15,2026-07-09,13,112,89,25,0.520000,0.430411,0.436223,0.034014,,,,,,,,GLOBAL_BASELINE_NO_ENTITY_RANKING,,,NOT_APPLICABLE_GLOBAL_BASELINE,HF9g-P5,,,,X 全窗基线 · 不参与实体赏罚,6873349,688,A168_HF9F_20260827_0900,2026-08-27 09:00:00
2026-07-03,151536977,2153,0,20.4390303724,20.4390303724,20.4390303724,1.0000000,1,1,0.50665070000000000,0.506650700000,0.9867858985152569,0.9867858985152569,0.9867858985152569,0E-17,ELIGIBLE,R03b_20260811_FULL_v1,L1_ELIGIBILITY,v2026-08-11,2026-03-21..2026-08-06,baccarat_bet02_101_all_pairs_incl_sentinel,round_win = game_pnl > 0 (decisive only),COMPATIBILITY_ONLY_NOT_PRODUCTION,1602.4243,1428.5890,168.2204,171,171,-0.10497867,-0.25000000,-0.10348361,-0.10497867,-168.2204,1602.4243,OK,0.0000,6.7288,4.0000,96.0000,AG03-UNRESOLVED,ALL5_LEVELS_bet23_to_bet27,6.7288,6.7288,10.0932,13.4576,13.4576,4.000000,4.000000,6.000000,8.000000,8.000000,96.000000,96.000000,94.000000,92.000000,92.000000,5.0,50.4661,44.8745,117.7543,123.3459,PENDING_AG03,FALSE,NOT_FOR_ENFORCEMENT,161.4916,1371.4454,168.2204,161.4916,6.7288,0.10497867,0.10077953,6.7288,161.4916,0.10077953,6.7288,6.7288,10.0932,13.4576,13.4576,161.4916,0.10077953,50.4661,44.8745,117.7543,123.3459,0.07348507,0.07697453,0.00419915,9.3709,8.3543,0.9837,12.9400,1.5020,123.2634,13.1538,4.0878,9.4974,5.2232,8.3086,11.3724,16.6172,20.7548,31.1572,8.3086,0.0,2.498,3.75,1.127858,28,73,16,2,0.01020405,0.10497867,0.25000000,0E-8,0.000000,0.891517,0.812866,-0.14651639,2026-06-15,2026-07-09,13,112,89,25,0.520000,0.430411,0.436223,0.034014,,,,,,,,GLOBAL_BASELINE_NO_ENTITY_RANKING,,,NOT_APPLICABLE_GLOBAL_BASELINE,HF9g-P5,,,,X 全窗基线 · 不参与实体赏罚,6873350,688,A168_HF9F_20260827_0900,2026-08-27 09:00:00
2026-07-03,151536977,2156,0,21.2565915873,-0.8175612149,-0.8175612149,0.5000000,2,2,0.49324550000000000,0.493245500000,0.01910635448239258,0.01910635448239258,0.01910635448239258,0E-17,ELIGIBLE,R03b_20260811_FULL_v1,L1_ELIGIBILITY,v2026-08-11,2026-03-21..2026-08-06,baccarat_bet02_101_all_pairs_incl_sentinel,round_win = game_pnl > 0 (decisive only),COMPATIBILITY_ONLY_NOT_PRODUCTION,1602.4243,1428.5890,168.2204,171,171,-0.10497867,-0.25000000,-0.10348361,-0.10497867,-168.2204,1602.4243,OK,0.0000,6.7288,4.0000,96.0000,AG03-UNRESOLVED,ALL5_LEVELS_bet23_to_bet27,6.7288,6.7288,10.0932,13.4576,13.4576,4.000000,4.000000,6.000000,8.000000,8.000000,96.000000,96.000000,94.000000,92.000000,92.000000,5.0,50.4661,44.8745,117.7543,123.3459,PENDING_AG03,FALSE,NOT_FOR_ENFORCEMENT,161.4916,1371.4454,168.2204,161.4916,6.7288,0.10497867,0.10077953,6.7288,161.4916,0.10077953,6.7288,6.7288,10.0932,13.4576,13.4576,161.4916,0.10077953,50.4661,44.8745,117.7543,123.3459,0.07348507,0.07697453,0.00419915,9.3709,8.3543,0.9837,12.9400,1.5020,123.2634,13.1538,4.0878,9.4974,5.2232,8.3086,11.3724,16.6172,20.7548,31.1572,8.3086,0.0,2.498,3.75,1.127858,28,73,16,2,0.01020405,0.10497867,0.25000000,0E-8,0.000000,0.891517,0.812866,-0.14651639,2026-06-15,2026-07-09,13,112,89,25,0.520000,0.430411,0.436223,0.034014,,,,,,,,GLOBAL_BASELINE_NO_ENTITY_RANKING,,,NOT_APPLICABLE_GLOBAL_BASELINE,HF9g-P5,,,,X 全窗基线 · 不参与实体赏罚,6873351,688,A168_HF9F_20260827_0900,2026-08-27 09:00:00
2026-07-03,151536977,2175,0,8.1756121490,8.1756121490,8.1756121490,1.0000000,1,1,0.49324550000000000,0.493245500000,1.01360149184955,1.01360149184955,1.01360149184955,0E-17,ELIGIBLE,R03b_20260811_FULL_v1,L1_ELIGIBILITY,v2026-08-11,2026-03-21..2026-08-06,baccarat_bet02_101_all_pairs_incl_sentinel,round_win = game_pnl > 0 (decisive only),COMPATIBILITY_ONLY_NOT_PRODUCTION,1602.4243,1428.5890,168.2204,171,171,-0.10497867,-0.25000000,-0.10348361,-0.10497867,-168.2204,1602.4243,OK,0.0000,6.7288,4.0000,96.0000,AG03-UNRESOLVED,ALL5_LEVELS_bet23_to_bet27,6.7288,6.7288,10.0932,13.4576,13.4576,4.000000,4.000000,6.000000,8.000000,8.000000,96.000000,96.000000,94.000000,92.000000,92.000000,5.0,50.4661,44.8745,117.7543,123.3459,PENDING_AG03,FALSE,NOT_FOR_ENFORCEMENT,161.4916,1371.4454,168.2204,161.4916,6.7288,0.10497867,0.10077953,6.7288,161.4916,0.10077953,6.7288,6.7288,10.0932,13.4576,13.4576,161.4916,0.10077953,50.4661,44.8745,117.7543,123.3459,0.07348507,0.07697453,0.00419915,9.3709,8.3543,0.9837,12.9400,1.5020,123.2634,13.1538,4.0878,9.4974,5.2232,8.3086,11.3724,16.6172,20.7548,31.1572,8.3086,0.0,2.498,3.75,1.127858,28,73,16,2,0.01020405,0.10497867,0.25000000,0E-8,0.000000,0.891517,0.812866,-0.14651639,2026-06-15,2026-07-09,13,112,89,25,0.520000,0.430411,0.436223,0.034014,,,,,,,,GLOBAL_BASELINE_NO_ENTITY_RANKING,,,NOT_APPLICABLE_GLOBAL_BASELINE,HF9g-P5,,,,X 全窗基线 · 不参与实体赏罚,6873352,688,A168_HF9F_20260827_0900,2026-08-27 09:00:00
2026-07-03,151536977,2177,0,10.2195151862,-10.2195151862,-10.2195151862,0E-7,1,1,0.50665070000000000,0.506650700000,-1.013391052207602,-1.013391052207602,-1.013391052207602,0E-17,ELIGIBLE,R03b_20260811_FULL_v1,L1_ELIGIBILITY,v2026-08-11,2026-03-21..2026-08-06,baccarat_bet02_101_all_pairs_incl_sentinel,round_win = game_pnl > 0 (decisive only),COMPATIBILITY_ONLY_NOT_PRODUCTION,1602.4243,1428.5890,168.2204,171,171,-0.10497867,-0.25000000,-0.10348361,-0.10497867,-168.2204,1602.4243,OK,0.0000,6.7288,4.0000,96.0000,AG03-UNRESOLVED,ALL5_LEVELS_bet23_to_bet27,6.7288,6.7288,10.0932,13.4576,13.4576,4.000000,4.000000,6.000000,8.000000,8.000000,96.000000,96.000000,94.000000,92.000000,92.000000,5.0,50.4661,44.8745,117.7543,123.3459,PENDING_AG03,FALSE,NOT_FOR_ENFORCEMENT,161.4916,1371.4454,168.2204,161.4916,6.7288,0.10497867,0.10077953,6.7288,161.4916,0.10077953,6.7288,6.7288,10.0932,13.4576,13.4576,161.4916,0.10077953,50.4661,44.8745,117.7543,123.3459,0.07348507,0.07697453,0.00419915,9.3709,8.3543,0.9837,12.9400,1.5020,123.2634,13.1538,4.0878,9.4974,5.2232,8.3086,11.3724,16.6172,20.7548,31.1572,8.3086,0.0,2.498,3.75,1.127858,28,73,16,2,0.01020405,0.10497867,0.25000000,0E-8,0.000000,0.891517,0.812866,-0.14651639,2026-06-15,2026-07-09,13,112,89,25,0.520000,0.430411,0.436223,0.034014,,,,,,,,GLOBAL_BASELINE_NO_ENTITY_RANKING,,,NOT_APPLICABLE_GLOBAL_BASELINE,HF9g-P5,,,,X 全窗基线 · 不参与实体赏罚,6873353,688,A168_HF9F_20260827_0900,2026-08-27 09:00:00
2026-07-05,151536977,-1,1,57.2292850427,-12.2634182235,-12.2634182235,0.6000000,5,5,0.49592654000000000,0.495926540000,0.46544610904919037,0.46544610904919037,0.46544610904919037,0E-17,SENTINEL_DEALER,R03b_20260811_FULL_v1,L1_ELIGIBILITY,v2026-08-11,2026-03-21..2026-08-06,baccarat_bet02_101_all_pairs_incl_sentinel,round_win = game_pnl > 0 (decisive only),COMPATIBILITY_ONLY_NOT_PRODUCTION,1602.4243,1428.5890,168.2204,171,171,-0.10497867,-0.25000000,-0.10348361,-0.10497867,-168.2204,1602.4243,OK,0.0000,6.7288,4.0000,96.0000,AG03-UNRESOLVED,ALL5_LEVELS_bet23_to_bet27,6.7288,6.7288,10.0932,13.4576,13.4576,4.000000,4.000000,6.000000,8.000000,8.000000,96.000000,96.000000,94.000000,92.000000,92.000000,5.0,50.4661,44.8745,117.7543,123.3459,PENDING_AG03,FALSE,NOT_FOR_ENFORCEMENT,161.4916,1371.4454,168.2204,161.4916,6.7288,0.10497867,0.10077953,6.7288,161.4916,0.10077953,6.7288,6.7288,10.0932,13.4576,13.4576,161.4916,0.10077953,50.4661,44.8745,117.7543,123.3459,0.07348507,0.07697453,0.00419915,9.3709,8.3543,0.9837,12.9400,1.5020,123.2634,13.1538,4.0878,9.4974,5.2232,8.3086,11.3724,16.6172,20.7548,31.1572,8.3086,0.0,2.498,3.75,1.127858,28,73,16,2,0.01020405,0.10497867,0.25000000,0E-8,0.000000,0.891517,0.812866,-0.14651639,2026-06-15,2026-07-09,13,112,89,25,0.520000,0.430411,0.436223,0.034014,,,,,,,,GLOBAL_BASELINE_NO_ENTITY_RANKING,,,NOT_APPLICABLE_GLOBAL_BASELINE,HF9g-P5,,,,X 全窗基线 · 不参与实体赏罚,6873354,688,A168_HF9F_20260827_0900,2026-08-27 09:00:00
2026-07-05,151536977,1299,0,10.2195151862,10.2195151862,10.2195151862,1.0000000,1,1,0.50665070000000000,0.506650700000,0.9867858985152569,0.9867858985152569,0.9867858985152569,0E-17,ELIGIBLE,R03b_20260811_FULL_v1,L1_ELIGIBILITY,v2026-08-11,2026-03-21..2026-08-06,baccarat_bet02_101_all_pairs_incl_sentinel,round_win = game_pnl > 0 (decisive only),COMPATIBILITY_ONLY_NOT_PRODUCTION,1602.4243,1428.5890,168.2204,171,171,-0.10497867,-0.25000000,-0.10348361,-0.10497867,-168.2204,1602.4243,OK,0.0000,6.7288,4.0000,96.0000,AG03-UNRESOLVED,ALL5_LEVELS_bet23_to_bet27,6.7288,6.7288,10.0932,13.4576,13.4576,4.000000,4.000000,6.000000,8.000000,8.000000,96.000000,96.000000,94.000000,92.000000,92.000000,5.0,50.4661,44.8745,117.7543,123.3459,PENDING_AG03,FALSE,NOT_FOR_ENFORCEMENT,161.4916,1371.4454,168.2204,161.4916,6.7288,0.10497867,0.10077953,6.7288,161.4916,0.10077953,6.7288,6.7288,10.0932,13.4576,13.4576,161.4916,0.10077953,50.4661,44.8745,117.7543,123.3459,0.07348507,0.07697453,0.00419915,9.3709,8.3543,0.9837,12.9400,1.5020,123.2634,13.1538,4.0878,9.4974,5.2232,8.3086,11.3724,16.6172,20.7548,31.1572,8.3086,0.0,2.498,3.75,1.127858,28,73,16,2,0.01020405,0.10497867,0.25000000,0E-8,0.000000,0.891517,0.812866,-0.14651639,2026-06-15,2026-07-09,13,112,89,25,0.520000,0.430411,0.436223,0.034014,,,,,,,,GLOBAL_BASELINE_NO_ENTITY_RANKING,,,NOT_APPLICABLE_GLOBAL_BASELINE,HF9g-P5,,,,X 全窗基线 · 不参与实体赏罚,6873355,688,A168_HF9F_20260827_0900,2026-08-27 09:00:00
2026-07-05,151536977,1360,0,8.1756121490,8.1756121490,8.1756121490,1.0000000,1,1,0.50665070000000000,0.506650700000,0.9867858985152569,0.9867858985152569,0.9867858985152569,0E-17,ELIGIBLE,R03b_20260811_FULL_v1,L1_ELIGIBILITY,v2026-08-11,2026-03-21..2026-08-06,baccarat_bet02_101_all_pairs_incl_sentinel,round_win = game_pnl > 0 (decisive only),COMPATIBILITY_ONLY_NOT_PRODUCTION,1602.4243,1428.5890,168.2204,171,171,-0.10497867,-0.25000000,-0.10348361,-0.10497867,-168.2204,1602.4243,OK,0.0000,6.7288,4.0000,96.0000,AG03-UNRESOLVED,ALL5_LEVELS_bet23_to_bet27,6.7288,6.7288,10.0932,13.4576,13.4576,4.000000,4.000000,6.000000,8.000000,8.000000,96.000000,96.000000,94.000000,92.000000,92.000000,5.0,50.4661,44.8745,117.7543,123.3459,PENDING_AG03,FALSE,NOT_FOR_ENFORCEMENT,161.4916,1371.4454,168.2204,161.4916,6.7288,0.10497867,0.10077953,6.7288,161.4916,0.10077953,6.7288,6.7288,10.0932,13.4576,13.4576,161.4916,0.10077953,50.4661,44.8745,117.7543,123.3459,0.07348507,0.07697453,0.00419915,9.3709,8.3543,0.9837,12.9400,1.5020,123.2634,13.1538,4.0878,9.4974,5.2232,8.3086,11.3724,16.6172,20.7548,31.1572,8.3086,0.0,2.498,3.75,1.127858,28,73,16,2,0.01020405,0.10497867,0.25000000,0E-8,0.000000,0.891517,0.812866,-0.14651639,2026-06-15,2026-07-09,13,112,89,25,0.520000,0.430411,0.436223,0.034014,,,,,,,,GLOBAL_BASELINE_NO_ENTITY_RANKING,,,NOT_APPLICABLE_GLOBAL_BASELINE,HF9g-P5,,,,X 全窗基线 · 不参与实体赏罚,6873356,688,A168_HF9F_20260827_0900,2026-08-27 09:00:00
2026-07-05,151536977,2123,0,11.0370764011,-11.0370764011,-11.0370764011,0E-7,2,2,0.50665070000000000,0.506650700000,-1.4331513700195317,-1.4331513700195317,-1.4331513700195317,0E-17,ELIGIBLE,R03b_20260811_FULL_v1,L1_ELIGIBILITY,v2026-08-11,2026-03-21..2026-08-06,baccarat_bet02_101_all_pairs_incl_sentinel,round_win = game_pnl > 0 (decisive only),COMPATIBILITY_ONLY_NOT_PRODUCTION,1602.4243,1428.5890,168.2204,171,171,-0.10497867,-0.25000000,-0.10348361,-0.10497867,-168.2204,1602.4243,OK,0.0000,6.7288,4.0000,96.0000,AG03-UNRESOLVED,ALL5_LEVELS_bet23_to_bet27,6.7288,6.7288,10.0932,13.4576,13.4576,4.000000,4.000000,6.000000,8.000000,8.000000,96.000000,96.000000,94.000000,92.000000,92.000000,5.0,50.4661,44.8745,117.7543,123.3459,PENDING_AG03,FALSE,NOT_FOR_ENFORCEMENT,161.4916,1371.4454,168.2204,161.4916,6.7288,0.10497867,0.10077953,6.7288,161.4916,0.10077953,6.7288,6.7288,10.0932,13.4576,13.4576,161.4916,0.10077953,50.4661,44.8745,117.7543,123.3459,0.07348507,0.07697453,0.00419915,9.3709,8.3543,0.9837,12.9400,1.5020,123.2634,13.1538,4.0878,9.4974,5.2232,8.3086,11.3724,16.6172,20.7548,31.1572,8.3086,0.0,2.498,3.75,1.127858,28,73,16,2,0.01020405,0.10497867,0.25000000,0E-8,0.000000,0.891517,0.812866,-0.14651639,2026-06-15,2026-07-09,13,112,89,25,0.520000,0.430411,0.436223,0.034014,,,,,,,,GLOBAL_BASELINE_NO_ENTITY_RANKING,,,NOT_APPLICABLE_GLOBAL_BASELINE,HF9g-P5,,,,X 全窗基线 · 不参与实体赏罚,6873357,688,A168_HF9F_20260827_0900,2026-08-27 09:00:00
2026-07-05,151536977,2196,0,16.3512242979,-4.0878060745,-4.0878060745,0.5000000,2,2,0.50665070000000000,0.506650700000,-0.018812684590367487,-0.018812684590367487,-0.018812684590367487,0E-17,ELIGIBLE,R03b_20260811_FULL_v1,L1_ELIGIBILITY,v2026-08-11,2026-03-21..2026-08-06,baccarat_bet02_101_all_pairs_incl_sentinel,round_win = game_pnl > 0 (decisive only),COMPATIBILITY_ONLY_NOT_PRODUCTION,1602.4243,1428.5890,168.2204,171,171,-0.10497867,-0.25000000,-0.10348361,-0.10497867,-168.2204,1602.4243,OK,0.0000,6.7288,4.0000,96.0000,AG03-UNRESOLVED,ALL5_LEVELS_bet23_to_bet27,6.7288,6.7288,10.0932,13.4576,13.4576,4.000000,4.000000,6.000000,8.000000,8.000000,96.000000,96.000000,94.000000,92.000000,92.000000,5.0,50.4661,44.8745,117.7543,123.3459,PENDING_AG03,FALSE,NOT_FOR_ENFORCEMENT,161.4916,1371.4454,168.2204,161.4916,6.7288,0.10497867,0.10077953,6.7288,161.4916,0.10077953,6.7288,6.7288,10.0932,13.4576,13.4576,161.4916,0.10077953,50.4661,44.8745,117.7543,123.3459,0.07348507,0.07697453,0.00419915,9.3709,8.3543,0.9837,12.9400,1.5020,123.2634,13.1538,4.0878,9.4974,5.2232,8.3086,11.3724,16.6172,20.7548,31.1572,8.3086,0.0,2.498,3.75,1.127858,28,73,16,2,0.01020405,0.10497867,0.25000000,0E-8,0.000000,0.891517,0.812866,-0.14651639,2026-06-15,2026-07-09,13,112,89,25,0.520000,0.430411,0.436223,0.034014,,,,,,,,GLOBAL_BASELINE_NO_ENTITY_RANKING,,,NOT_APPLICABLE_GLOBAL_BASELINE,HF9g-P5,,,,X 全窗基线 · 不参与实体赏罚,6873358,688,A168_HF9F_20260827_0900,2026-08-27 09:00:00
2026-07-05,151536977,2229,0,20.8478109799,4.4965866819,4.4965866819,0.5000000,2,2,0.49324550000000000,0.493245500000,0.01910635448239258,0.01910635448239258,0.01910635448239258,0E-17,ELIGIBLE,R03b_20260811_FULL_v1,L1_ELIGIBILITY,v2026-08-11,2026-03-21..2026-08-06,baccarat_bet02_101_all_pairs_incl_sentinel,round_win = game_pnl > 0 (decisive only),COMPATIBILITY_ONLY_NOT_PRODUCTION,1602.4243,1428.5890,168.2204,171,171,-0.10497867,-0.25000000,-0.10348361,-0.10497867,-168.2204,1602.4243,OK,0.0000,6.7288,4.0000,96.0000,AG03-UNRESOLVED,ALL5_LEVELS_bet23_to_bet27,6.7288,6.7288,10.0932,13.4576,13.4576,4.000000,4.000000,6.000000,8.000000,8.000000,96.000000,96.000000,94.000000,92.000000,92.000000,5.0,50.4661,44.8745,117.7543,123.3459,PENDING_AG03,FALSE,NOT_FOR_ENFORCEMENT,161.4916,1371.4454,168.2204,161.4916,6.7288,0.10497867,0.10077953,6.7288,161.4916,0.10077953,6.7288,6.7288,10.0932,13.4576,13.4576,161.4916,0.10077953,50.4661,44.8745,117.7543,123.3459,0.07348507,0.07697453,0.00419915,9.3709,8.3543,0.9837,12.9400,1.5020,123.2634,13.1538,4.0878,9.4974,5.2232,8.3086,11.3724,16.6172,20.7548,31.1572,8.3086,0.0,2.498,3.75,1.127858,28,73,16,2,0.01020405,0.10497867,0.25000000,0E-8,0.000000,0.891517,0.812866,-0.14651639,2026-06-15,2026-07-09,13,112,89,25,0.520000,0.430411,0.436223,0.034014,,,,,,,,GLOBAL_BASELINE_NO_ENTITY_RANKING,,,NOT_APPLICABLE_GLOBAL_BASELINE,HF9g-P5,,,,X 全窗基线 · 不参与实体赏罚,6873359,688,A168_HF9F_20260827_0900,2026-08-27 09:00:00
2026-07-05,151536977,752,0,16.3512242979,0E-10,0E-10,,1,1,0.50665070000000000,0.506650700000,,,,0E-17,NO_DECISIVE_ROUND,R03b_20260811_FULL_v1,L1_ELIGIBILITY,v2026-08-11,2026-03-21..2026-08-06,baccarat_bet02_101_all_pairs_incl_sentinel,round_win = game_pnl > 0 (decisive only),COMPATIBILITY_ONLY_NOT_PRODUCTION,1602.4243,1428.5890,168.2204,171,171,-0.10497867,-0.25000000,-0.10348361,-0.10497867,-168.2204,1602.4243,OK,0.0000,6.7288,4.0000,96.0000,AG03-UNRESOLVED,ALL5_LEVELS_bet23_to_bet27,6.7288,6.7288,10.0932,13.4576,13.4576,4.000000,4.000000,6.000000,8.000000,8.000000,96.000000,96.000000,94.000000,92.000000,92.000000,5.0,50.4661,44.8745,117.7543,123.3459,PENDING_AG03,FALSE,NOT_FOR_ENFORCEMENT,161.4916,1371.4454,168.2204,161.4916,6.7288,0.10497867,0.10077953,6.7288,161.4916,0.10077953,6.7288,6.7288,10.0932,13.4576,13.4576,161.4916,0.10077953,50.4661,44.8745,117.7543,123.3459,0.07348507,0.07697453,0.00419915,9.3709,8.3543,0.9837,12.9400,1.5020,123.2634,13.1538,4.0878,9.4974,5.2232,8.3086,11.3724,16.6172,20.7548,31.1572,8.3086,0.0,2.498,3.75,1.127858,28,73,16,2,0.01020405,0.10497867,0.25000000,0E-8,0.000000,0.891517,0.812866,-0.14651639,2026-06-15,2026-07-09,13,112,89,25,0.520000,0.430411,0.436223,0.034014,,,,,,,,GLOBAL_BASELINE_NO_ENTITY_RANKING,,,NOT_APPLICABLE_GLOBAL_BASELINE,HF9g-P5,,,,X 全窗基线 · 不参与实体赏罚,6873360,688,A168_HF9F_20260827_0900,2026-08-27 09:00:00
2026-07-06,151536977,2239,0,22.4829334096,-22.4829334096,-22.4829334096,0E-7,1,1,0.49324550000000000,0.493245500000,-0.9865810262130424,-0.9865810262130424,-0.9865810262130424,0E-17,ELIGIBLE,R03b_20260811_FULL_v1,L1_ELIGIBILITY,v2026-08-11,2026-03-21..2026-08-06,baccarat_bet02_101_all_pairs_incl_sentinel,round_win = game_pnl > 0 (decisive only),COMPATIBILITY_ONLY_NOT_PRODUCTION,1602.4243,1428.5890,168.2204,171,171,-0.10497867,-0.25000000,-0.10348361,-0.10497867,-168.2204,1602.4243,OK,0.0000,6.7288,4.0000,96.0000,AG03-UNRESOLVED,ALL5_LEVELS_bet23_to_bet27,6.7288,6.7288,10.0932,13.4576,13.4576,4.000000,4.000000,6.000000,8.000000,8.000000,96.000000,96.000000,94.000000,92.000000,92.000000,5.0,50.4661,44.8745,117.7543,123.3459,PENDING_AG03,FALSE,NOT_FOR_ENFORCEMENT,161.4916,1371.4454,168.2204,161.4916,6.7288,0.10497867,0.10077953,6.7288,161.4916,0.10077953,6.7288,6.7288,10.0932,13.4576,13.4576,161.4916,0.10077953,50.4661,44.8745,117.7543,123.3459,0.07348507,0.07697453,0.00419915,9.3709,8.3543,0.9837,12.9400,1.5020,123.2634,13.1538,4.0878,9.4974,5.2232,8.3086,11.3724,16.6172,20.7548,31.1572,8.3086,0.0,2.498,3.75,1.127858,28,73,16,2,0.01020405,0.10497867,0.25000000,0E-8,0.000000,0.891517,0.812866,-0.14651639,2026-06-15,2026-07-09,13,112,89,25,0.520000,0.430411,0.436223,0.034014,,,,,,,,GLOBAL_BASELINE_NO_ENTITY_RANKING,,,NOT_APPLICABLE_GLOBAL_BASELINE,HF9g-P5,,,,X 全窗基线 · 不参与实体赏罚,6873361,688,A168_HF9F_20260827_0900,2026-08-27 09:00:00
2026-07-06,151536977,2241,0,16.3512242979,-16.3512242979,-16.3512242979,0E-7,1,1,0.50665070000000000,0.506650700000,-1.013391052207602,-1.013391052207602,-1.013391052207602,0E-17,ELIGIBLE,R03b_20260811_FULL_v1,L1_ELIGIBILITY,v2026-08-11,2026-03-21..2026-08-06,baccarat_bet02_101_all_pairs_incl_sentinel,round_win = game_pnl > 0 (decisive only),COMPATIBILITY_ONLY_NOT_PRODUCTION,1602.4243,1428.5890,168.2204,171,171,-0.10497867,-0.25000000,-0.10348361,-0.10497867,-168.2204,1602.4243,OK,0.0000,6.7288,4.0000,96.0000,AG03-UNRESOLVED,ALL5_LEVELS_bet23_to_bet27,6.7288,6.7288,10.0932,13.4576,13.4576,4.000000,4.000000,6.000000,8.000000,8.000000,96.000000,96.000000,94.000000,92.000000,92.000000,5.0,50.4661,44.8745,117.7543,123.3459,PENDING_AG03,FALSE,NOT_FOR_ENFORCEMENT,161.4916,1371.4454,168.2204,161.4916,6.7288,0.10497867,0.10077953,6.7288,161.4916,0.10077953,6.7288,6.7288,10.0932,13.4576,13.4576,161.4916,0.10077953,50.4661,44.8745,117.7543,123.3459,0.07348507,0.07697453,0.00419915,9.3709,8.3543,0.9837,12.9400,1.5020,123.2634,13.1538,4.0878,9.4974,5.2232,8.3086,11.3724,16.6172,20.7548,31.1572,8.3086,0.0,2.498,3.75,1.127858,28,73,16,2,0.01020405,0.10497867,0.25000000,0E-8,0.000000,0.891517,0.812866,-0.14651639,2026-06-15,2026-07-09,13,112,89,25,0.520000,0.430411,0.436223,0.034014,,,,,,,,GLOBAL_BASELINE_NO_ENTITY_RANKING,,,NOT_APPLICABLE_GLOBAL_BASELINE,HF9g-P5,,,,X 全窗基线 · 不参与实体赏罚,6873362,688,A168_HF9F_20260827_0900,2026-08-27 09:00:00
2026-07-06,151536977,2251,0,16.3512242979,16.3512242979,16.3512242979,1.0000000,1,1,0.50665070000000000,0.506650700000,0.9867858985152569,0.9867858985152569,0.9867858985152569,0E-17,ELIGIBLE,R03b_20260811_FULL_v1,L1_ELIGIBILITY,v2026-08-11,2026-03-21..2026-08-06,baccarat_bet02_101_all_pairs_incl_sentinel,round_win = game_pnl > 0 (decisive only),COMPATIBILITY_ONLY_NOT_PRODUCTION,1602.4243,1428.5890,168.2204,171,171,-0.10497867,-0.25000000,-0.10348361,-0.10497867,-168.2204,1602.4243,OK,0.0000,6.7288,4.0000,96.0000,AG03-UNRESOLVED,ALL5_LEVELS_bet23_to_bet27,6.7288,6.7288,10.0932,13.4576,13.4576,4.000000,4.000000,6.000000,8.000000,8.000000,96.000000,96.000000,94.000000,92.000000,92.000000,5.0,50.4661,44.8745,117.7543,123.3459,PENDING_AG03,FALSE,NOT_FOR_ENFORCEMENT,161.4916,1371.4454,168.2204,161.4916,6.7288,0.10497867,0.10077953,6.7288,161.4916,0.10077953,6.7288,6.7288,10.0932,13.4576,13.4576,161.4916,0.10077953,50.4661,44.8745,117.7543,123.3459,0.07348507,0.07697453,0.00419915,9.3709,8.3543,0.9837,12.9400,1.5020,123.2634,13.1538,4.0878,9.4974,5.2232,8.3086,11.3724,16.6172,20.7548,31.1572,8.3086,0.0,2.498,3.75,1.127858,28,73,16,2,0.01020405,0.10497867,0.25000000,0E-8,0.000000,0.891517,0.812866,-0.14651639,2026-06-15,2026-07-09,13,112,89,25,0.520000,0.430411,0.436223,0.034014,,,,,,,,GLOBAL_BASELINE_NO_ENTITY_RANKING,,,NOT_APPLICABLE_GLOBAL_BASELINE,HF9g-P5,,,,X 全窗基线 · 不参与实体赏罚,6873363,688,A168_HF9F_20260827_0900,2026-08-27 09:00:00
2026-07-08,151536977,2174,0,2.0439030372,2.0439030372,2.0439030372,1.0000000,1,1,0.49324550000000000,0.493245500000,1.01360149184955,1.01360149184955,1.01360149184955,0E-17,ELIGIBLE,R03b_20260811_FULL_v1,L1_ELIGIBILITY,v2026-08-11,2026-03-21..2026-08-06,baccarat_bet02_101_all_pairs_incl_sentinel,round_win = game_pnl > 0 (decisive only),COMPATIBILITY_ONLY_NOT_PRODUCTION,1602.4243,1428.5890,168.2204,171,171,-0.10497867,-0.25000000,-0.10348361,-0.10497867,-168.2204,1602.4243,OK,0.0000,6.7288,4.0000,96.0000,AG03-UNRESOLVED,ALL5_LEVELS_bet23_to_bet27,6.7288,6.7288,10.0932,13.4576,13.4576,4.000000,4.000000,6.000000,8.000000,8.000000,96.000000,96.000000,94.000000,92.000000,92.000000,5.0,50.4661,44.8745,117.7543,123.3459,PENDING_AG03,FALSE,NOT_FOR_ENFORCEMENT,161.4916,1371.4454,168.2204,161.4916,6.7288,0.10497867,0.10077953,6.7288,161.4916,0.10077953,6.7288,6.7288,10.0932,13.4576,13.4576,161.4916,0.10077953,50.4661,44.8745,117.7543,123.3459,0.07348507,0.07697453,0.00419915,9.3709,8.3543,0.9837,12.9400,1.5020,123.2634,13.1538,4.0878,9.4974,5.2232,8.3086,11.3724,16.6172,20.7548,31.1572,8.3086,0.0,2.498,3.75,1.127858,28,73,16,2,0.01020405,0.10497867,0.25000000,0E-8,0.000000,0.891517,0.812866,-0.14651639,2026-06-15,2026-07-09,13,112,89,25,0.520000,0.430411,0.436223,0.034014,,,,,,,,GLOBAL_BASELINE_NO_ENTITY_RANKING,,,NOT_APPLICABLE_GLOBAL_BASELINE,HF9g-P5,,,,X 全窗基线 · 不参与实体赏罚,6873364,688,A168_HF9F_20260827_0900,2026-08-27 09:00:00
2026-07-08,151536977,2280,0,4.0878060745,4.0878060745,4.0878060745,1.0000000,1,1,0.49324550000000000,0.493245500000,1.01360149184955,1.01360149184955,1.01360149184955,0E-17,ELIGIBLE,R03b_20260811_FULL_v1,L1_ELIGIBILITY,v2026-08-11,2026-03-21..2026-08-06,baccarat_bet02_101_all_pairs_incl_sentinel,round_win = game_pnl > 0 (decisive only),COMPATIBILITY_ONLY_NOT_PRODUCTION,1602.4243,1428.5890,168.2204,171,171,-0.10497867,-0.25000000,-0.10348361,-0.10497867,-168.2204,1602.4243,OK,0.0000,6.7288,4.0000,96.0000,AG03-UNRESOLVED,ALL5_LEVELS_bet23_to_bet27,6.7288,6.7288,10.0932,13.4576,13.4576,4.000000,4.000000,6.000000,8.000000,8.000000,96.000000,96.000000,94.000000,92.000000,92.000000,5.0,50.4661,44.8745,117.7543,123.3459,PENDING_AG03,FALSE,NOT_FOR_ENFORCEMENT,161.4916,1371.4454,168.2204,161.4916,6.7288,0.10497867,0.10077953,6.7288,161.4916,0.10077953,6.7288,6.7288,10.0932,13.4576,13.4576,161.4916,0.10077953,50.4661,44.8745,117.7543,123.3459,0.07348507,0.07697453,0.00419915,9.3709,8.3543,0.9837,12.9400,1.5020,123.2634,13.1538,4.0878,9.4974,5.2232,8.3086,11.3724,16.6172,20.7548,31.1572,8.3086,0.0,2.498,3.75,1.127858,28,73,16,2,0.01020405,0.10497867,0.25000000,0E-8,0.000000,0.891517,0.812866,-0.14651639,2026-06-15,2026-07-09,13,112,89,25,0.520000,0.430411,0.436223,0.034014,,,,,,,,GLOBAL_BASELINE_NO_ENTITY_RANKING,,,NOT_APPLICABLE_GLOBAL_BASELINE,HF9g-P5,,,,X 全窗基线 · 不参与实体赏罚,6873365,688,A168_HF9F_20260827_0900,2026-08-27 09:00:00
2026-07-08,151536977,550,0,8.1756121490,-8.1756121490,-8.1756121490,0E-7,1,1,0.50665070000000000,0.506650700000,-1.013391052207602,-1.013391052207602,-1.013391052207602,0E-17,ELIGIBLE,R03b_20260811_FULL_v1,L1_ELIGIBILITY,v2026-08-11,2026-03-21..2026-08-06,baccarat_bet02_101_all_pairs_incl_sentinel,round_win = game_pnl > 0 (decisive only),COMPATIBILITY_ONLY_NOT_PRODUCTION,1602.4243,1428.5890,168.2204,171,171,-0.10497867,-0.25000000,-0.10348361,-0.10497867,-168.2204,1602.4243,OK,0.0000,6.7288,4.0000,96.0000,AG03-UNRESOLVED,ALL5_LEVELS_bet23_to_bet27,6.7288,6.7288,10.0932,13.4576,13.4576,4.000000,4.000000,6.000000,8.000000,8.000000,96.000000,96.000000,94.000000,92.000000,92.000000,5.0,50.4661,44.8745,117.7543,123.3459,PENDING_AG03,FALSE,NOT_FOR_ENFORCEMENT,161.4916,1371.4454,168.2204,161.4916,6.7288,0.10497867,0.10077953,6.7288,161.4916,0.10077953,6.7288,6.7288,10.0932,13.4576,13.4576,161.4916,0.10077953,50.4661,44.8745,117.7543,123.3459,0.07348507,0.07697453,0.00419915,9.3709,8.3543,0.9837,12.9400,1.5020,123.2634,13.1538,4.0878,9.4974,5.2232,8.3086,11.3724,16.6172,20.7548,31.1572,8.3086,0.0,2.498,3.75,1.127858,28,73,16,2,0.01020405,0.10497867,0.25000000,0E-8,0.000000,0.891517,0.812866,-0.14651639,2026-06-15,2026-07-09,13,112,89,25,0.520000,0.430411,0.436223,0.034014,,,,,,,,GLOBAL_BASELINE_NO_ENTITY_RANKING,,,NOT_APPLICABLE_GLOBAL_BASELINE,HF9g-P5,,,,X 全窗基线 · 不参与实体赏罚,6873366,688,A168_HF9F_20260827_0900,2026-08-27 09:00:00
2026-07-09,151536977,1157,0,2.0439030372,-2.0439030372,-2.0439030372,0E-7,1,1,0.50665070000000000,0.506650700000,-1.013391052207602,-1.013391052207602,-1.013391052207602,0E-17,ELIGIBLE,R03b_20260811_FULL_v1,L1_ELIGIBILITY,v2026-08-11,2026-03-21..2026-08-06,baccarat_bet02_101_all_pairs_incl_sentinel,round_win = game_pnl > 0 (decisive only),COMPATIBILITY_ONLY_NOT_PRODUCTION,1602.4243,1428.5890,168.2204,171,171,-0.10497867,-0.25000000,-0.10348361,-0.10497867,-168.2204,1602.4243,OK,0.0000,6.7288,4.0000,96.0000,AG03-UNRESOLVED,ALL5_LEVELS_bet23_to_bet27,6.7288,6.7288,10.0932,13.4576,13.4576,4.000000,4.000000,6.000000,8.000000,8.000000,96.000000,96.000000,94.000000,92.000000,92.000000,5.0,50.4661,44.8745,117.7543,123.3459,PENDING_AG03,FALSE,NOT_FOR_ENFORCEMENT,161.4916,1371.4454,168.2204,161.4916,6.7288,0.10497867,0.10077953,6.7288,161.4916,0.10077953,6.7288,6.7288,10.0932,13.4576,13.4576,161.4916,0.10077953,50.4661,44.8745,117.7543,123.3459,0.07348507,0.07697453,0.00419915,9.3709,8.3543,0.9837,12.9400,1.5020,123.2634,13.1538,4.0878,9.4974,5.2232,8.3086,11.3724,16.6172,20.7548,31.1572,8.3086,0.0,2.498,3.75,1.127858,28,73,16,2,0.01020405,0.10497867,0.25000000,0E-8,0.000000,0.891517,0.812866,-0.14651639,2026-06-15,2026-07-09,13,112,89,25,0.520000,0.430411,0.436223,0.034014,,,,,,,,GLOBAL_BASELINE_NO_ENTITY_RANKING,,,NOT_APPLICABLE_GLOBAL_BASELINE,HF9g-P5,,,,X 全窗基线 · 不参与实体赏罚,6873367,688,A168_HF9F_20260827_0900,2026-08-27 09:00:00
2026-06-24,151992256,-1,1,519.4538020409,34.2016612247,34.2016612247,0.5434783,101,101,0.49988173762376238,0.499881737624,0.8363263453499314,0.8363263453453732,0.8363263453499314,-2.3762E-13,SENTINEL_DEALER,R03b_20260811_FULL_v1,L1_ELIGIBILITY,v2026-08-11,2026-03-21..2026-08-06,baccarat_bet02_101_all_pairs_incl_sentinel,round_win = game_pnl > 0 (decisive only),COMPATIBILITY_ONLY_NOT_PRODUCTION,1871.9733,1753.6818,166.4999,289,289,-0.08894352,-0.14777778,-0.07548307,-0.08894352,-166.4999,1871.9733,OK,0.0000,4.9950,3.0000,97.0000,AG03-UNRESOLVED,ALL5_LEVELS_bet23_to_bet27,4.9950,4.9950,4.9950,6.6600,6.6600,3.000000,3.000000,3.000000,4.000000,4.000000,97.000000,97.000000,97.000000,96.000000,96.000000,5.0,28.3050,26.4536,138.1949,140.0463,PENDING_AG03,FALSE,NOT_FOR_ENFORCEMENT,161.5049,1701.0714,166.4999,161.5049,4.9950,0.08894352,0.08627522,4.9950,161.5049,0.08627522,4.9950,4.9950,4.9950,6.6600,6.6600,161.5049,0.08627522,28.3050,26.4536,138.1949,140.0463,0.07382312,0.07481212,0.00266831,6.4774,6.0681,0.5761,55.5000,3.6196,623.9911,96.3333,49.7914,5.4022,5.1431,5.1431,5.1431,5.1431,5.1431,51.5558,5.1431,0.0,1.0,10.024254,1.259436,29,32,3,2,0.18618856,0.08894352,0.14777778,0E-8,0.000000,0.936809,0.000000,-0.07229470,2026-06-24,2026-07-09,3,46,31,16,0.187500,9.216802,7.686928,0.620629,,,,,,,,GLOBAL_BASELINE_NO_ENTITY_RANKING,,,NOT_APPLICABLE_GLOBAL_BASELINE,HF9g-P5,,,,X 全窗基线 · 不参与实体赏罚,6873368,688,A168_HF9F_20260827_0900,2026-08-27 09:00:00
2026-06-24,151992256,1004,0,30.8586417054,-10.5433692493,-10.5433692493,0.3333333,6,6,0.49771390000000000,0.497713900000,-0.8053054414300617,-0.8053054414300617,-0.8053054414300617,0E-17,ELIGIBLE,R03b_20260811_FULL_v1,L1_ELIGIBILITY,v2026-08-11,2026-03-21..2026-08-06,baccarat_bet02_101_all_pairs_incl_sentinel,round_win = game_pnl > 0 (decisive only),COMPATIBILITY_ONLY_NOT_PRODUCTION,1871.9733,1753.6818,166.4999,289,289,-0.08894352,-0.14777778,-0.07548307,-0.08894352,-166.4999,1871.9733,OK,0.0000,4.9950,3.0000,97.0000,AG03-UNRESOLVED,ALL5_LEVELS_bet23_to_bet27,4.9950,4.9950,4.9950,6.6600,6.6600,3.000000,3.000000,3.000000,4.000000,4.000000,97.000000,97.000000,97.000000,96.000000,96.000000,5.0,28.3050,26.4536,138.1949,140.0463,PENDING_AG03,FALSE,NOT_FOR_ENFORCEMENT,161.5049,1701.0714,166.4999,161.5049,4.9950,0.08894352,0.08627522,4.9950,161.5049,0.08627522,4.9950,4.9950,4.9950,6.6600,6.6600,161.5049,0.08627522,28.3050,26.4536,138.1949,140.0463,0.07382312,0.07481212,0.00266831,6.4774,6.0681,0.5761,55.5000,3.6196,623.9911,96.3333,49.7914,5.4022,5.1431,5.1431,5.1431,5.1431,5.1431,51.5558,5.1431,0.0,1.0,10.024254,1.259436,29,32,3,2,0.18618856,0.08894352,0.14777778,0E-8,0.000000,0.936809,0.000000,-0.07229470,2026-06-24,2026-07-09,3,46,31,16,0.187500,9.216802,7.686928,0.620629,,,,,,,,GLOBAL_BASELINE_NO_ENTITY_RANKING,,,NOT_APPLICABLE_GLOBAL_BASELINE,HF9g-P5,,,,X 全窗基线 · 不参与实体赏罚,6873369,688,A168_HF9F_20260827_0900,2026-08-27 09:00:00
2026-06-24,151992256,1078,0,46.2879625581,-16.2007868952,-16.2007868952,0.3333333,9,9,0.50367176666666667,0.503671766667,-1.0220581588829403,-1.0220581588849451,-1.0220581588829403,-3.3333E-13,ELIGIBLE,R03b_20260811_FULL_v1,L1_ELIGIBILITY,v2026-08-11,2026-03-21..2026-08-06,baccarat_bet02_101_all_pairs_incl_sentinel,round_win = game_pnl > 0 (decisive only),COMPATIBILITY_ONLY_NOT_PRODUCTION,1871.9733,1753.6818,166.4999,289,289,-0.08894352,-0.14777778,-0.07548307,-0.08894352,-166.4999,1871.9733,OK,0.0000,4.9950,3.0000,97.0000,AG03-UNRESOLVED,ALL5_LEVELS_bet23_to_bet27,4.9950,4.9950,4.9950,6.6600,6.6600,3.000000,3.000000,3.000000,4.000000,4.000000,97.000000,97.000000,97.000000,96.000000,96.000000,5.0,28.3050,26.4536,138.1949,140.0463,PENDING_AG03,FALSE,NOT_FOR_ENFORCEMENT,161.5049,1701.0714,166.4999,161.5049,4.9950,0.08894352,0.08627522,4.9950,161.5049,0.08627522,4.9950,4.9950,4.9950,6.6600,6.6600,161.5049,0.08627522,28.3050,26.4536,138.1949,140.0463,0.07382312,0.07481212,0.00266831,6.4774,6.0681,0.5761,55.5000,3.6196,623.9911,96.3333,49.7914,5.4022,5.1431,5.1431,5.1431,5.1431,5.1431,51.5558,5.1431,0.0,1.0,10.024254,1.259436,29,32,3,2,0.18618856,0.08894352,0.14777778,0E-8,0.000000,0.936809,0.000000,-0.07229470,2026-06-24,2026-07-09,3,46,31,16,0.187500,9.216802,7.686928,0.620629,,,,,,,,GLOBAL_BASELINE_NO_ENTITY_RANKING,,,NOT_APPLICABLE_GLOBAL_BASELINE,HF9g-P5,,,,X 全窗基线 · 不参与实体赏罚,6873370,688,A168_HF9F_20260827_0900,2026-08-27 09:00:00
2026-06-24,151992256,1151,0,20.5724278036,-0.2571553475,-0.2571553475,0.5000000,4,4,0.49994810000000000,0.499948100000,0.00020760000111838688,0.00020760000111838688,0.00020760000111838688,0E-17,ELIGIBLE,R03b_20260811_FULL_v1,L1_ELIGIBILITY,v2026-08-11,2026-03-21..2026-08-06,baccarat_bet02_101_all_pairs_incl_sentinel,round_win = game_pnl > 0 (decisive only),COMPATIBILITY_ONLY_NOT_PRODUCTION,1871.9733,1753.6818,166.4999,289,289,-0.08894352,-0.14777778,-0.07548307,-0.08894352,-166.4999,1871.9733,OK,0.0000,4.9950,3.0000,97.0000,AG03-UNRESOLVED,ALL5_LEVELS_bet23_to_bet27,4.9950,4.9950,4.9950,6.6600,6.6600,3.000000,3.000000,3.000000,4.000000,4.000000,97.000000,97.000000,97.000000,96.000000,96.000000,5.0,28.3050,26.4536,138.1949,140.0463,PENDING_AG03,FALSE,NOT_FOR_ENFORCEMENT,161.5049,1701.0714,166.4999,161.5049,4.9950,0.08894352,0.08627522,4.9950,161.5049,0.08627522,4.9950,4.9950,4.9950,6.6600,6.6600,161.5049,0.08627522,28.3050,26.4536,138.1949,140.0463,0.07382312,0.07481212,0.00266831,6.4774,6.0681,0.5761,55.5000,3.6196,623.9911,96.3333,49.7914,5.4022,5.1431,5.1431,5.1431,5.1431,5.1431,51.5558,5.1431,0.0,1.0,10.024254,1.259436,29,32,3,2,0.18618856,0.08894352,0.14777778,0E-8,0.000000,0.936809,0.000000,-0.07229470,2026-06-24,2026-07-09,3,46,31,16,0.187500,9.216802,7.686928,0.620629,,,,,,,,GLOBAL_BASELINE_NO_ENTITY_RANKING,,,NOT_APPLICABLE_GLOBAL_BASELINE,HF9g-P5,,,,X 全窗基线 · 不参与实体赏罚,6873371,688,A168_HF9F_20260827_0900,2026-08-27 09:00:00
2026-06-24,151992256,1205,0,41.1448556072,-30.8586417054,-30.8586417054,0.1250000,8,8,0.50497505000000000,0.504975050000,-2.149569887462665,-2.149569887462665,-2.149569887462665,0E-17,ELIGIBLE,R03b_20260811_FULL_v1,L1_ELIGIBILITY,v2026-08-11,2026-03-21..2026-08-06,baccarat_bet02_101_all_pairs_incl_sentinel,round_win = game_pnl > 0 (decisive only),COMPATIBILITY_ONLY_NOT_PRODUCTION,1871.9733,1753.6818,166.4999,289,289,-0.08894352,-0.14777778,-0.07548307,-0.08894352,-166.4999,1871.9733,OK,0.0000,4.9950,3.0000,97.0000,AG03-UNRESOLVED,ALL5_LEVELS_bet23_to_bet27,4.9950,4.9950,4.9950,6.6600,6.6600,3.000000,3.000000,3.000000,4.000000,4.000000,97.000000,97.000000,97.000000,96.000000,96.000000,5.0,28.3050,26.4536,138.1949,140.0463,PENDING_AG03,FALSE,NOT_FOR_ENFORCEMENT,161.5049,1701.0714,166.4999,161.5049,4.9950,0.08894352,0.08627522,4.9950,161.5049,0.08627522,4.9950,4.9950,4.9950,6.6600,6.6600,161.5049,0.08627522,28.3050,26.4536,138.1949,140.0463,0.07382312,0.07481212,0.00266831,6.4774,6.0681,0.5761,55.5000,3.6196,623.9911,96.3333,49.7914,5.4022,5.1431,5.1431,5.1431,5.1431,5.1431,51.5558,5.1431,0.0,1.0,10.024254,1.259436,29,32,3,2,0.18618856,0.08894352,0.14777778,0E-8,0.000000,0.936809,0.000000,-0.07229470,2026-06-24,2026-07-09,3,46,31,16,0.187500,9.216802,7.686928,0.620629,,,,,,,,GLOBAL_BASELINE_NO_ENTITY_RANKING,,,NOT_APPLICABLE_GLOBAL_BASELINE,HF9g-P5,,,,X 全窗基线 · 不参与实体赏罚,6873372,688,A168_HF9F_20260827_0900,2026-08-27 09:00:00
2026-06-24,151992256,1221,0,20.5724278036,-10.5433692493,-10.5433692493,0.2500000,4,4,0.49659680000000000,0.496596800000,-0.9864100490137353,-0.9864100490137354,-0.9864100490137353,0E-17,ELIGIBLE,R03b_20260811_FULL_v1,L1_ELIGIBILITY,v2026-08-11,2026-03-21..2026-08-06,baccarat_bet02_101_all_pairs_incl_sentinel,round_win = game_pnl > 0 (decisive only),COMPATIBILITY_ONLY_NOT_PRODUCTION,1871.9733,1753.6818,166.4999,289,289,-0.08894352,-0.14777778,-0.07548307,-0.08894352,-166.4999,1871.9733,OK,0.0000,4.9950,3.0000,97.0000,AG03-UNRESOLVED,ALL5_LEVELS_bet23_to_bet27,4.9950,4.9950,4.9950,6.6600,6.6600,3.000000,3.000000,3.000000,4.000000,4.000000,97.000000,97.000000,97.000000,96.000000,96.000000,5.0,28.3050,26.4536,138.1949,140.0463,PENDING_AG03,FALSE,NOT_FOR_ENFORCEMENT,161.5049,1701.0714,166.4999,161.5049,4.9950,0.08894352,0.08627522,4.9950,161.5049,0.08627522,4.9950,4.9950,4.9950,6.6600,6.6600,161.5049,0.08627522,28.3050,26.4536,138.1949,140.0463,0.07382312,0.07481212,0.00266831,6.4774,6.0681,0.5761,55.5000,3.6196,623.9911,96.3333,49.7914,5.4022,5.1431,5.1431,5.1431,5.1431,5.1431,51.5558,5.1431,0.0,1.0,10.024254,1.259436,29,32,3,2,0.18618856,0.08894352,0.14777778,0E-8,0.000000,0.936809,0.000000,-0.07229470,2026-06-24,2026-07-09,3,46,31,16,0.187500,9.216802,7.686928,0.620629,,,,,,,,GLOBAL_BASELINE_NO_ENTITY_RANKING,,,NOT_APPLICABLE_GLOBAL_BASELINE,HF9g-P5,,,,X 全窗基线 · 不参与实体赏罚,6873373,688,A168_HF9F_20260827_0900,2026-08-27 09:00:00
2026-06-24,151992256,1283,0,10.2862139018,-10.2862139018,-10.2862139018,0E-7,2,2,0.49324550000000000,0.493245500000,-1.3952362676504506,-1.3952362676504506,-1.3952362676504506,0E-17,ELIGIBLE,R03b_20260811_FULL_v1,L1_ELIGIBILITY,v2026-08-11,2026-03-21..2026-08-06,baccarat_bet02_101_all_pairs_incl_sentinel,round_win = game_pnl > 0 (decisive only),COMPATIBILITY_ONLY_NOT_PRODUCTION,1871.9733,1753.6818,166.4999,289,289,-0.08894352,-0.14777778,-0.07548307,-0.08894352,-166.4999,1871.9733,OK,0.0000,4.9950,3.0000,97.0000,AG03-UNRESOLVED,ALL5_LEVELS_bet23_to_bet27,4.9950,4.9950,4.9950,6.6600,6.6600,3.000000,3.000000,3.000000,4.000000,4.000000,97.000000,97.000000,97.000000,96.000000,96.000000,5.0,28.3050,26.4536,138.1949,140.0463,PENDING_AG03,FALSE,NOT_FOR_ENFORCEMENT,161.5049,1701.0714,166.4999,161.5049,4.9950,0.08894352,0.08627522,4.9950,161.5049,0.08627522,4.9950,4.9950,4.9950,6.6600,6.6600,161.5049,0.08627522,28.3050,26.4536,138.1949,140.0463,0.07382312,0.07481212,0.00266831,6.4774,6.0681,0.5761,55.5000,3.6196,623.9911,96.3333,49.7914,5.4022,5.1431,5.1431,5.1431,5.1431,5.1431,51.5558,5.1431,0.0,1.0,10.024254,1.259436,29,32,3,2,0.18618856,0.08894352,0.14777778,0E-8,0.000000,0.936809,0.000000,-0.07229470,2026-06-24,2026-07-09,3,46,31,16,0.187500,9.216802,7.686928,0.620629,,,,,,,,GLOBAL_BASELINE_NO_ENTITY_RANKING,,,NOT_APPLICABLE_GLOBAL_BASELINE,HF9g-P5,,,,X 全窗基线 · 不参与实体赏罚,6873374,688,A168_HF9F_20260827_0900,2026-08-27 09:00:00
2026-06-24,151992256,1353,0,46.2879625581,0E-10,0E-10,0.5000000,9,9,0.49473496666666667,0.494734966667,0.029785177555720164,0.02978517755383425,0.029785177555720164,-3.3333E-13,ELIGIBLE,R03b_20260811_FULL_v1,L1_ELIGIBILITY,v2026-08-11,2026-03-21..2026-08-06,baccarat_bet02_101_all_pairs_incl_sentinel,round_win = game_pnl > 0 (decisive only),COMPATIBILITY_ONLY_NOT_PRODUCTION,1871.9733,1753.6818,166.4999,289,289,-0.08894352,-0.14777778,-0.07548307,-0.08894352,-166.4999,1871.9733,OK,0.0000,4.9950,3.0000,97.0000,AG03-UNRESOLVED,ALL5_LEVELS_bet23_to_bet27,4.9950,4.9950,4.9950,6.6600,6.6600,3.000000,3.000000,3.000000,4.000000,4.000000,97.000000,97.000000,97.000000,96.000000,96.000000,5.0,28.3050,26.4536,138.1949,140.0463,PENDING_AG03,FALSE,NOT_FOR_ENFORCEMENT,161.5049,1701.0714,166.4999,161.5049,4.9950,0.08894352,0.08627522,4.9950,161.5049,0.08627522,4.9950,4.9950,4.9950,6.6600,6.6600,161.5049,0.08627522,28.3050,26.4536,138.1949,140.0463,0.07382312,0.07481212,0.00266831,6.4774,6.0681,0.5761,55.5000,3.6196,623.9911,96.3333,49.7914,5.4022,5.1431,5.1431,5.1431,5.1431,5.1431,51.5558,5.1431,0.0,1.0,10.024254,1.259436,29,32,3,2,0.18618856,0.08894352,0.14777778,0E-8,0.000000,0.936809,0.000000,-0.07229470,2026-06-24,2026-07-09,3,46,31,16,0.187500,9.216802,7.686928,0.620629,,,,,,,,GLOBAL_BASELINE_NO_ENTITY_RANKING,,,NOT_APPLICABLE_GLOBAL_BASELINE,HF9g-P5,,,,X 全窗基线 · 不参与实体赏罚,6873375,688,A168_HF9F_20260827_0900,2026-08-27 09:00:00
2026-06-24,151992256,1399,0,46.2879625581,-20.8295831511,-20.8295831511,0.2500000,9,9,0.50367176666666667,0.503671766667,-1.4350229053520671,-1.4350229053539596,-1.4350229053520671,-3.3333E-13,ELIGIBLE,R03b_20260811_FULL_v1,L1_ELIGIBILITY,v2026-08-11,2026-03-21..2026-08-06,baccarat_bet02_101_all_pairs_incl_sentinel,round_win = game_pnl > 0 (decisive only),COMPATIBILITY_ONLY_NOT_PRODUCTION,1871.9733,1753.6818,166.4999,289,289,-0.08894352,-0.14777778,-0.07548307,-0.08894352,-166.4999,1871.9733,OK,0.0000,4.9950,3.0000,97.0000,AG03-UNRESOLVED,ALL5_LEVELS_bet23_to_bet27,4.9950,4.9950,4.9950,6.6600,6.6600,3.000000,3.000000,3.000000,4.000000,4.000000,97.000000,97.000000,97.000000,96.000000,96.000000,5.0,28.3050,26.4536,138.1949,140.0463,PENDING_AG03,FALSE,NOT_FOR_ENFORCEMENT,161.5049,1701.0714,166.4999,161.5049,4.9950,0.08894352,0.08627522,4.9950,161.5049,0.08627522,4.9950,4.9950,4.9950,6.6600,6.6600,161.5049,0.08627522,28.3050,26.4536,138.1949,140.0463,0.07382312,0.07481212,0.00266831,6.4774,6.0681,0.5761,55.5000,3.6196,623.9911,96.3333,49.7914,5.4022,5.1431,5.1431,5.1431,5.1431,5.1431,51.5558,5.1431,0.0,1.0,10.024254,1.259436,29,32,3,2,0.18618856,0.08894352,0.14777778,0E-8,0.000000,0.936809,0.000000,-0.07229470,2026-06-24,2026-07-09,3,46,31,16,0.187500,9.216802,7.686928,0.620629,,,,,,,,GLOBAL_BASELINE_NO_ENTITY_RANKING,,,NOT_APPLICABLE_GLOBAL_BASELINE,HF9g-P5,,,,X 全窗基线 · 不参与实体赏罚,6873376,688,A168_HF9F_20260827_0900,2026-08-27 09:00:00
2026-06-24,151992256,1405,0,10.2862139018,10.2862139018,10.2862139018,1.0000000,2,2,0.49324550000000000,0.493245500000,1.4334489766152358,1.4334489766152358,1.4334489766152358,0E-17,ELIGIBLE,R03b_20260811_FULL_v1,L1_ELIGIBILITY,v2026-08-11,2026-03-21..2026-08-06,baccarat_bet02_101_all_pairs_incl_sentinel,round_win = game_pnl > 0 (decisive only),COMPATIBILITY_ONLY_NOT_PRODUCTION,1871.9733,1753.6818,166.4999,289,289,-0.08894352,-0.14777778,-0.07548307,-0.08894352,-166.4999,1871.9733,OK,0.0000,4.9950,3.0000,97.0000,AG03-UNRESOLVED,ALL5_LEVELS_bet23_to_bet27,4.9950,4.9950,4.9950,6.6600,6.6600,3.000000,3.000000,3.000000,4.000000,4.000000,97.000000,97.000000,97.000000,96.000000,96.000000,5.0,28.3050,26.4536,138.1949,140.0463,PENDING_AG03,FALSE,NOT_FOR_ENFORCEMENT,161.5049,1701.0714,166.4999,161.5049,4.9950,0.08894352,0.08627522,4.9950,161.5049,0.08627522,4.9950,4.9950,4.9950,6.6600,6.6600,161.5049,0.08627522,28.3050,26.4536,138.1949,140.0463,0.07382312,0.07481212,0.00266831,6.4774,6.0681,0.5761,55.5000,3.6196,623.9911,96.3333,49.7914,5.4022,5.1431,5.1431,5.1431,5.1431,5.1431,51.5558,5.1431,0.0,1.0,10.024254,1.259436,29,32,3,2,0.18618856,0.08894352,0.14777778,0E-8,0.000000,0.936809,0.000000,-0.07229470,2026-06-24,2026-07-09,3,46,31,16,0.187500,9.216802,7.686928,0.620629,,,,,,,,GLOBAL_BASELINE_NO_ENTITY_RANKING,,,NOT_APPLICABLE_GLOBAL_BASELINE,HF9g-P5,,,,X 全窗基线 · 不参与实体赏罚,6873377,688,A168_HF9F_20260827_0900,2026-08-27 09:00:00
2026-06-24,151992256,1509,0,51.4310695090,4.6287962559,4.6287962559,0.5555556,10,10,0.50262914000000000,0.502629140000,0.3175628835925145,0.31756288359251456,0.3175628835925145,0E-17,ELIGIBLE,R03b_20260811_FULL_v1,L1_ELIGIBILITY,v2026-08-11,2026-03-21..2026-08-06,baccarat_bet02_101_all_pairs_incl_sentinel,round_win = game_pnl > 0 (decisive only),COMPATIBILITY_ONLY_NOT_PRODUCTION,1871.9733,1753.6818,166.4999,289,289,-0.08894352,-0.14777778,-0.07548307,-0.08894352,-166.4999,1871.9733,OK,0.0000,4.9950,3.0000,97.0000,AG03-UNRESOLVED,ALL5_LEVELS_bet23_to_bet27,4.9950,4.9950,4.9950,6.6600,6.6600,3.000000,3.000000,3.000000,4.000000,4.000000,97.000000,97.000000,97.000000,96.000000,96.000000,5.0,28.3050,26.4536,138.1949,140.0463,PENDING_AG03,FALSE,NOT_FOR_ENFORCEMENT,161.5049,1701.0714,166.4999,161.5049,4.9950,0.08894352,0.08627522,4.9950,161.5049,0.08627522,4.9950,4.9950,4.9950,6.6600,6.6600,161.5049,0.08627522,28.3050,26.4536,138.1949,140.0463,0.07382312,0.07481212,0.00266831,6.4774,6.0681,0.5761,55.5000,3.6196,623.9911,96.3333,49.7914,5.4022,5.1431,5.1431,5.1431,5.1431,5.1431,51.5558,5.1431,0.0,1.0,10.024254,1.259436,29,32,3,2,0.18618856,0.08894352,0.14777778,0E-8,0.000000,0.936809,0.000000,-0.07229470,2026-06-24,2026-07-09,3,46,31,16,0.187500,9.216802,7.686928,0.620629,,,,,,,,GLOBAL_BASELINE_NO_ENTITY_RANKING,,,NOT_APPLICABLE_GLOBAL_BASELINE,HF9g-P5,,,,X 全窗基线 · 不参与实体赏罚,6873378,688,A168_HF9F_20260827_0900,2026-08-27 09:00:00
2026-06-24,151992256,1704,0,20.5724278036,-5.1431069509,-5.1431069509,0.3333333,4,4,0.49659680000000000,0.496596800000,-0.5655743394288276,-0.5655743394288276,-0.5655743394288276,0E-17,ELIGIBLE,R03b_20260811_FULL_v1,L1_ELIGIBILITY,v2026-08-11,2026-03-21..2026-08-06,baccarat_bet02_101_all_pairs_incl_sentinel,round_win = game_pnl > 0 (decisive only),COMPATIBILITY_ONLY_NOT_PRODUCTION,1871.9733,1753.6818,166.4999,289,289,-0.08894352,-0.14777778,-0.07548307,-0.08894352,-166.4999,1871.9733,OK,0.0000,4.9950,3.0000,97.0000,AG03-UNRESOLVED,ALL5_LEVELS_bet23_to_bet27,4.9950,4.9950,4.9950,6.6600,6.6600,3.000000,3.000000,3.000000,4.000000,4.000000,97.000000,97.000000,97.000000,96.000000,96.000000,5.0,28.3050,26.4536,138.1949,140.0463,PENDING_AG03,FALSE,NOT_FOR_ENFORCEMENT,161.5049,1701.0714,166.4999,161.5049,4.9950,0.08894352,0.08627522,4.9950,161.5049,0.08627522,4.9950,4.9950,4.9950,6.6600,6.6600,161.5049,0.08627522,28.3050,26.4536,138.1949,140.0463,0.07382312,0.07481212,0.00266831,6.4774,6.0681,0.5761,55.5000,3.6196,623.9911,96.3333,49.7914,5.4022,5.1431,5.1431,5.1431,5.1431,5.1431,51.5558,5.1431,0.0,1.0,10.024254,1.259436,29,32,3,2,0.18618856,0.08894352,0.14777778,0E-8,0.000000,0.936809,0.000000,-0.07229470,2026-06-24,2026-07-09,3,46,31,16,0.187500,9.216802,7.686928,0.620629,,,,,,,,GLOBAL_BASELINE_NO_ENTITY_RANKING,,,NOT_APPLICABLE_GLOBAL_BASELINE,HF9g-P5,,,,X 全窗基线 · 不参与实体赏罚,6873379,688,A168_HF9F_20260827_0900,2026-08-27 09:00:00
2026-06-24,151992256,2091,0,15.4293208527,4.8859516034,4.8859516034,0.6666667,3,3,0.50218230000000000,0.502182300000,0.5697959874915163,0.5697959874915164,0.5697959874915163,0E-17,ELIGIBLE,R03b_20260811_FULL_v1,L1_ELIGIBILITY,v2026-08-11,2026-03-21..2026-08-06,baccarat_bet02_101_all_pairs_incl_sentinel,round_win = game_pnl > 0 (decisive only),COMPATIBILITY_ONLY_NOT_PRODUCTION,1871.9733,1753.6818,166.4999,289,289,-0.08894352,-0.14777778,-0.07548307,-0.08894352,-166.4999,1871.9733,OK,0.0000,4.9950,3.0000,97.0000,AG03-UNRESOLVED,ALL5_LEVELS_bet23_to_bet27,4.9950,4.9950,4.9950,6.6600,6.6600,3.000000,3.000000,3.000000,4.000000,4.000000,97.000000,97.000000,97.000000,96.000000,96.000000,5.0,28.3050,26.4536,138.1949,140.0463,PENDING_AG03,FALSE,NOT_FOR_ENFORCEMENT,161.5049,1701.0714,166.4999,161.5049,4.9950,0.08894352,0.08627522,4.9950,161.5049,0.08627522,4.9950,4.9950,4.9950,6.6600,6.6600,161.5049,0.08627522,28.3050,26.4536,138.1949,140.0463,0.07382312,0.07481212,0.00266831,6.4774,6.0681,0.5761,55.5000,3.6196,623.9911,96.3333,49.7914,5.4022,5.1431,5.1431,5.1431,5.1431,5.1431,51.5558,5.1431,0.0,1.0,10.024254,1.259436,29,32,3,2,0.18618856,0.08894352,0.14777778,0E-8,0.000000,0.936809,0.000000,-0.07229470,2026-06-24,2026-07-09,3,46,31,16,0.187500,9.216802,7.686928,0.620629,,,,,,,,GLOBAL_BASELINE_NO_ENTITY_RANKING,,,NOT_APPLICABLE_GLOBAL_BASELINE,HF9g-P5,,,,X 全窗基线 · 不参与实体赏罚,6873380,688,A168_HF9F_20260827_0900,2026-08-27 09:00:00
2026-06-24,151992256,2101,0,61.7172834109,-51.4310695091,-51.4310695091,0.3333333,3,3,0.49771390000000000,0.497713900000,-0.5694369385616226,-0.5694369385616226,-0.5694369385616226,0E-17,ELIGIBLE,R03b_20260811_FULL_v1,L1_ELIGIBILITY,v2026-08-11,2026-03-21..2026-08-06,baccarat_bet02_101_all_pairs_incl_sentinel,round_win = game_pnl > 0 (decisive only),COMPATIBILITY_ONLY_NOT_PRODUCTION,1871.9733,1753.6818,166.4999,289,289,-0.08894352,-0.14777778,-0.07548307,-0.08894352,-166.4999,1871.9733,OK,0.0000,4.9950,3.0000,97.0000,AG03-UNRESOLVED,ALL5_LEVELS_bet23_to_bet27,4.9950,4.9950,4.9950,6.6600,6.6600,3.000000,3.000000,3.000000,4.000000,4.000000,97.000000,97.000000,97.000000,96.000000,96.000000,5.0,28.3050,26.4536,138.1949,140.0463,PENDING_AG03,FALSE,NOT_FOR_ENFORCEMENT,161.5049,1701.0714,166.4999,161.5049,4.9950,0.08894352,0.08627522,4.9950,161.5049,0.08627522,4.9950,4.9950,4.9950,6.6600,6.6600,161.5049,0.08627522,28.3050,26.4536,138.1949,140.0463,0.07382312,0.07481212,0.00266831,6.4774,6.0681,0.5761,55.5000,3.6196,623.9911,96.3333,49.7914,5.4022,5.1431,5.1431,5.1431,5.1431,5.1431,51.5558,5.1431,0.0,1.0,10.024254,1.259436,29,32,3,2,0.18618856,0.08894352,0.14777778,0E-8,0.000000,0.936809,0.000000,-0.07229470,2026-06-24,2026-07-09,3,46,31,16,0.187500,9.216802,7.686928,0.620629,,,,,,,,GLOBAL_BASELINE_NO_ENTITY_RANKING,,,NOT_APPLICABLE_GLOBAL_BASELINE,HF9g-P5,,,,X 全窗基线 · 不参与实体赏罚,6873381,688,A168_HF9F_20260827_0900,2026-08-27 09:00:00
2026-06-24,151992256,2106,0,20.5724278036,-10.5433692493,-10.5433692493,0.2500000,4,4,0.50665070000000000,0.506650700000,-1.0266936290537745,-1.0266936290537745,-1.0266936290537745,0E-17,ELIGIBLE,R03b_20260811_FULL_v1,L1_ELIGIBILITY,v2026-08-11,2026-03-21..2026-08-06,baccarat_bet02_101_all_pairs_incl_sentinel,round_win = game_pnl > 0 (decisive only),COMPATIBILITY_ONLY_NOT_PRODUCTION,1871.9733,1753.6818,166.4999,289,289,-0.08894352,-0.14777778,-0.07548307,-0.08894352,-166.4999,1871.9733,OK,0.0000,4.9950,3.0000,97.0000,AG03-UNRESOLVED,ALL5_LEVELS_bet23_to_bet27,4.9950,4.9950,4.9950,6.6600,6.6600,3.000000,3.000000,3.000000,4.000000,4.000000,97.000000,97.000000,97.000000,96.000000,96.000000,5.0,28.3050,26.4536,138.1949,140.0463,PENDING_AG03,FALSE,NOT_FOR_ENFORCEMENT,161.5049,1701.0714,166.4999,161.5049,4.9950,0.08894352,0.08627522,4.9950,161.5049,0.08627522,4.9950,4.9950,4.9950,6.6600,6.6600,161.5049,0.08627522,28.3050,26.4536,138.1949,140.0463,0.07382312,0.07481212,0.00266831,6.4774,6.0681,0.5761,55.5000,3.6196,623.9911,96.3333,49.7914,5.4022,5.1431,5.1431,5.1431,5.1431,5.1431,51.5558,5.1431,0.0,1.0,10.024254,1.259436,29,32,3,2,0.18618856,0.08894352,0.14777778,0E-8,0.000000,0.936809,0.000000,-0.07229470,2026-06-24,2026-07-09,3,46,31,16,0.187500,9.216802,7.686928,0.620629,,,,,,,,GLOBAL_BASELINE_NO_ENTITY_RANKING,,,NOT_APPLICABLE_GLOBAL_BASELINE,HF9g-P5,,,,X 全窗基线 · 不参与实体赏罚,6873382,688,A168_HF9F_20260827_0900,2026-08-27 09:00:00
2026-06-24,151992256,2123,0,87.4328181653,29.8300203154,29.8300203154,0.5833333,13,13,0.49943251538461538,0.499432515385,0.5812822923260763,0.5812822923234111,0.5812822923260763,-3.8462E-13,ELIGIBLE,R03b_20260811_FULL_v1,L1_ELIGIBILITY,v2026-08-11,2026-03-21..2026-08-06,baccarat_bet02_101_all_pairs_incl_sentinel,round_win = game_pnl > 0 (decisive only),COMPATIBILITY_ONLY_NOT_PRODUCTION,1871.9733,1753.6818,166.4999,289,289,-0.08894352,-0.14777778,-0.07548307,-0.08894352,-166.4999,1871.9733,OK,0.0000,4.9950,3.0000,97.0000,AG03-UNRESOLVED,ALL5_LEVELS_bet23_to_bet27,4.9950,4.9950,4.9950,6.6600,6.6600,3.000000,3.000000,3.000000,4.000000,4.000000,97.000000,97.000000,97.000000,96.000000,96.000000,5.0,28.3050,26.4536,138.1949,140.0463,PENDING_AG03,FALSE,NOT_FOR_ENFORCEMENT,161.5049,1701.0714,166.4999,161.5049,4.9950,0.08894352,0.08627522,4.9950,161.5049,0.08627522,4.9950,4.9950,4.9950,6.6600,6.6600,161.5049,0.08627522,28.3050,26.4536,138.1949,140.0463,0.07382312,0.07481212,0.00266831,6.4774,6.0681,0.5761,55.5000,3.6196,623.9911,96.3333,49.7914,5.4022,5.1431,5.1431,5.1431,5.1431,5.1431,51.5558,5.1431,0.0,1.0,10.024254,1.259436,29,32,3,2,0.18618856,0.08894352,0.14777778,0E-8,0.000000,0.936809,0.000000,-0.07229470,2026-06-24,2026-07-09,3,46,31,16,0.187500,9.216802,7.686928,0.620629,,,,,,,,GLOBAL_BASELINE_NO_ENTITY_RANKING,,,NOT_APPLICABLE_GLOBAL_BASELINE,HF9g-P5,,,,X 全窗基线 · 不参与实体赏罚,6873383,688,A168_HF9F_20260827_0900,2026-08-27 09:00:00
2026-06-24,151992256,2129,0,25.7155347545,-10.5433692493,-10.5433692493,0.2500000,5,5,0.49592654000000000,0.495926540000,-0.983738807048034,-0.983738807048034,-0.983738807048034,0E-17,ELIGIBLE,R03b_20260811_FULL_v1,L1_ELIGIBILITY,v2026-08-11,2026-03-21..2026-08-06,baccarat_bet02_101_all_pairs_incl_sentinel,round_win = game_pnl > 0 (decisive only),COMPATIBILITY_ONLY_NOT_PRODUCTION,1871.9733,1753.6818,166.4999,289,289,-0.08894352,-0.14777778,-0.07548307,-0.08894352,-166.4999,1871.9733,OK,0.0000,4.9950,3.0000,97.0000,AG03-UNRESOLVED,ALL5_LEVELS_bet23_to_bet27,4.9950,4.9950,4.9950,6.6600,6.6600,3.000000,3.000000,3.000000,4.000000,4.000000,97.000000,97.000000,97.000000,96.000000,96.000000,5.0,28.3050,26.4536,138.1949,140.0463,PENDING_AG03,FALSE,NOT_FOR_ENFORCEMENT,161.5049,1701.0714,166.4999,161.5049,4.9950,0.08894352,0.08627522,4.9950,161.5049,0.08627522,4.9950,4.9950,4.9950,6.6600,6.6600,161.5049,0.08627522,28.3050,26.4536,138.1949,140.0463,0.07382312,0.07481212,0.00266831,6.4774,6.0681,0.5761,55.5000,3.6196,623.9911,96.3333,49.7914,5.4022,5.1431,5.1431,5.1431,5.1431,5.1431,51.5558,5.1431,0.0,1.0,10.024254,1.259436,29,32,3,2,0.18618856,0.08894352,0.14777778,0E-8,0.000000,0.936809,0.000000,-0.07229470,2026-06-24,2026-07-09,3,46,31,16,0.187500,9.216802,7.686928,0.620629,,,,,,,,GLOBAL_BASELINE_NO_ENTITY_RANKING,,,NOT_APPLICABLE_GLOBAL_BASELINE,HF9g-P5,,,,X 全窗基线 · 不参与实体赏罚,6873384,688,A168_HF9F_20260827_0900,2026-08-27 09:00:00
2026-06-24,151992256,2141,0,10.2862139018,-5.1431069509,-5.1431069509,0E-7,2,2,0.49324550000000000,0.493245500000,-0.9865810262130424,-0.9865810262130424,-0.9865810262130424,0E-17,ELIGIBLE,R03b_20260811_FULL_v1,L1_ELIGIBILITY,v2026-08-11,2026-03-21..2026-08-06,baccarat_bet02_101_all_pairs_incl_sentinel,round_win = game_pnl > 0 (decisive only),COMPATIBILITY_ONLY_NOT_PRODUCTION,1871.9733,1753.6818,166.4999,289,289,-0.08894352,-0.14777778,-0.07548307,-0.08894352,-166.4999,1871.9733,OK,0.0000,4.9950,3.0000,97.0000,AG03-UNRESOLVED,ALL5_LEVELS_bet23_to_bet27,4.9950,4.9950,4.9950,6.6600,6.6600,3.000000,3.000000,3.000000,4.000000,4.000000,97.000000,97.000000,97.000000,96.000000,96.000000,5.0,28.3050,26.4536,138.1949,140.0463,PENDING_AG03,FALSE,NOT_FOR_ENFORCEMENT,161.5049,1701.0714,166.4999,161.5049,4.9950,0.08894352,0.08627522,4.9950,161.5049,0.08627522,4.9950,4.9950,4.9950,6.6600,6.6600,161.5049,0.08627522,28.3050,26.4536,138.1949,140.0463,0.07382312,0.07481212,0.00266831,6.4774,6.0681,0.5761,55.5000,3.6196,623.9911,96.3333,49.7914,5.4022,5.1431,5.1431,5.1431,5.1431,5.1431,51.5558,5.1431,0.0,1.0,10.024254,1.259436,29,32,3,2,0.18618856,0.08894352,0.14777778,0E-8,0.000000,0.936809,0.000000,-0.07229470,2026-06-24,2026-07-09,3,46,31,16,0.187500,9.216802,7.686928,0.620629,,,,,,,,GLOBAL_BASELINE_NO_ENTITY_RANKING,,,NOT_APPLICABLE_GLOBAL_BASELINE,HF9g-P5,,,,X 全窗基线 · 不参与实体赏罚,6873385,688,A168_HF9F_20260827_0900,2026-08-27 09:00:00
2026-06-24,151992256,2175,0,51.4310695090,-15.6864762002,-15.6864762002,0.3333333,10,10,0.49994810000000000,0.499948100000,-0.9996886053855424,-0.9996886053855424,-0.9996886053855424,0E-17,ELIGIBLE,R03b_20260811_FULL_v1,L1_ELIGIBILITY,v2026-08-11,2026-03-21..2026-08-06,baccarat_bet02_101_all_pairs_incl_sentinel,round_win = game_pnl > 0 (decisive only),COMPATIBILITY_ONLY_NOT_PRODUCTION,1871.9733,1753.6818,166.4999,289,289,-0.08894352,-0.14777778,-0.07548307,-0.08894352,-166.4999,1871.9733,OK,0.0000,4.9950,3.0000,97.0000,AG03-UNRESOLVED,ALL5_LEVELS_bet23_to_bet27,4.9950,4.9950,4.9950,6.6600,6.6600,3.000000,3.000000,3.000000,4.000000,4.000000,97.000000,97.000000,97.000000,96.000000,96.000000,5.0,28.3050,26.4536,138.1949,140.0463,PENDING_AG03,FALSE,NOT_FOR_ENFORCEMENT,161.5049,1701.0714,166.4999,161.5049,4.9950,0.08894352,0.08627522,4.9950,161.5049,0.08627522,4.9950,4.9950,4.9950,6.6600,6.6600,161.5049,0.08627522,28.3050,26.4536,138.1949,140.0463,0.07382312,0.07481212,0.00266831,6.4774,6.0681,0.5761,55.5000,3.6196,623.9911,96.3333,49.7914,5.4022,5.1431,5.1431,5.1431,5.1431,5.1431,51.5558,5.1431,0.0,1.0,10.024254,1.259436,29,32,3,2,0.18618856,0.08894352,0.14777778,0E-8,0.000000,0.936809,0.000000,-0.07229470,2026-06-24,2026-07-09,3,46,31,16,0.187500,9.216802,7.686928,0.620629,,,,,,,,GLOBAL_BASELINE_NO_ENTITY_RANKING,,,NOT_APPLICABLE_GLOBAL_BASELINE,HF9g-P5,,,,X 全窗基线 · 不参与实体赏罚,6873386,688,A168_HF9F_20260827_0900,2026-08-27 09:00:00
2026-06-24,151992256,2177,0,51.4310695090,24.6869133645,24.6869133645,0.8571429,10,10,0.49860758000000000,0.498607580000,1.8971977158423143,1.8971977158423146,1.8971977158423143,0E-17,ELIGIBLE,R03b_20260811_FULL_v1,L1_ELIGIBILITY,v2026-08-11,2026-03-21..2026-08-06,baccarat_bet02_101_all_pairs_incl_sentinel,round_win = game_pnl > 0 (decisive only),COMPATIBILITY_ONLY_NOT_PRODUCTION,1871.9733,1753.6818,166.4999,289,289,-0.08894352,-0.14777778,-0.07548307,-0.08894352,-166.4999,1871.9733,OK,0.0000,4.9950,3.0000,97.0000,AG03-UNRESOLVED,ALL5_LEVELS_bet23_to_bet27,4.9950,4.9950,4.9950,6.6600,6.6600,3.000000,3.000000,3.000000,4.000000,4.000000,97.000000,97.000000,97.000000,96.000000,96.000000,5.0,28.3050,26.4536,138.1949,140.0463,PENDING_AG03,FALSE,NOT_FOR_ENFORCEMENT,161.5049,1701.0714,166.4999,161.5049,4.9950,0.08894352,0.08627522,4.9950,161.5049,0.08627522,4.9950,4.9950,4.9950,6.6600,6.6600,161.5049,0.08627522,28.3050,26.4536,138.1949,140.0463,0.07382312,0.07481212,0.00266831,6.4774,6.0681,0.5761,55.5000,3.6196,623.9911,96.3333,49.7914,5.4022,5.1431,5.1431,5.1431,5.1431,5.1431,51.5558,5.1431,0.0,1.0,10.024254,1.259436,29,32,3,2,0.18618856,0.08894352,0.14777778,0E-8,0.000000,0.936809,0.000000,-0.07229470,2026-06-24,2026-07-09,3,46,31,16,0.187500,9.216802,7.686928,0.620629,,,,,,,,GLOBAL_BASELINE_NO_ENTITY_RANKING,,,NOT_APPLICABLE_GLOBAL_BASELINE,HF9g-P5,,,,X 全窗基线 · 不参与实体赏罚,6873387,688,A168_HF9F_20260827_0900,2026-08-27 09:00:00
2026-06-24,151992256,2188,0,30.8586417054,-0.5143106950,-0.5143106950,0.5000000,6,6,0.49994810000000000,0.499948100000,0.00025425703667063243,0.00025425703667063243,0.00025425703667063243,0E-17,ELIGIBLE,R03b_20260811_FULL_v1,L1_ELIGIBILITY,v2026-08-11,2026-03-21..2026-08-06,baccarat_bet02_101_all_pairs_incl_sentinel,round_win = game_pnl > 0 (decisive only),COMPATIBILITY_ONLY_NOT_PRODUCTION,1871.9733,1753.6818,166.4999,289,289,-0.08894352,-0.14777778,-0.07548307,-0.08894352,-166.4999,1871.9733,OK,0.0000,4.9950,3.0000,97.0000,AG03-UNRESOLVED,ALL5_LEVELS_bet23_to_bet27,4.9950,4.9950,4.9950,6.6600,6.6600,3.000000,3.000000,3.000000,4.000000,4.000000,97.000000,97.000000,97.000000,96.000000,96.000000,5.0,28.3050,26.4536,138.1949,140.0463,PENDING_AG03,FALSE,NOT_FOR_ENFORCEMENT,161.5049,1701.0714,166.4999,161.5049,4.9950,0.08894352,0.08627522,4.9950,161.5049,0.08627522,4.9950,4.9950,4.9950,6.6600,6.6600,161.5049,0.08627522,28.3050,26.4536,138.1949,140.0463,0.07382312,0.07481212,0.00266831,6.4774,6.0681,0.5761,55.5000,3.6196,623.9911,96.3333,49.7914,5.4022,5.1431,5.1431,5.1431,5.1431,5.1431,51.5558,5.1431,0.0,1.0,10.024254,1.259436,29,32,3,2,0.18618856,0.08894352,0.14777778,0E-8,0.000000,0.936809,0.000000,-0.07229470,2026-06-24,2026-07-09,3,46,31,16,0.187500,9.216802,7.686928,0.620629,,,,,,,,GLOBAL_BASELINE_NO_ENTITY_RANKING,,,NOT_APPLICABLE_GLOBAL_BASELINE,HF9g-P5,,,,X 全窗基线 · 不参与实体赏罚,6873388,688,A168_HF9F_20260827_0900,2026-08-27 09:00:00
2026-06-24,151992256,2216,0,46.2879625581,-5.4002622984,-5.4002622984,0.4285714,9,9,0.49771390000000000,0.497713900000,-0.3658713931578504,-0.3658713931578504,-0.3658713931578504,0E-17,ELIGIBLE,R03b_20260811_FULL_v1,L1_ELIGIBILITY,v2026-08-11,2026-03-21..2026-08-06,baccarat_bet02_101_all_pairs_incl_sentinel,round_win = game_pnl > 0 (decisive only),COMPATIBILITY_ONLY_NOT_PRODUCTION,1871.9733,1753.6818,166.4999,289,289,-0.08894352,-0.14777778,-0.07548307,-0.08894352,-166.4999,1871.9733,OK,0.0000,4.9950,3.0000,97.0000,AG03-UNRESOLVED,ALL5_LEVELS_bet23_to_bet27,4.9950,4.9950,4.9950,6.6600,6.6600,3.000000,3.000000,3.000000,4.000000,4.000000,97.000000,97.000000,97.000000,96.000000,96.000000,5.0,28.3050,26.4536,138.1949,140.0463,PENDING_AG03,FALSE,NOT_FOR_ENFORCEMENT,161.5049,1701.0714,166.4999,161.5049,4.9950,0.08894352,0.08627522,4.9950,161.5049,0.08627522,4.9950,4.9950,4.9950,6.6600,6.6600,161.5049,0.08627522,28.3050,26.4536,138.1949,140.0463,0.07382312,0.07481212,0.00266831,6.4774,6.0681,0.5761,55.5000,3.6196,623.9911,96.3333,49.7914,5.4022,5.1431,5.1431,5.1431,5.1431,5.1431,51.5558,5.1431,0.0,1.0,10.024254,1.259436,29,32,3,2,0.18618856,0.08894352,0.14777778,0E-8,0.000000,0.936809,0.000000,-0.07229470,2026-06-24,2026-07-09,3,46,31,16,0.187500,9.216802,7.686928,0.620629,,,,,,,,GLOBAL_BASELINE_NO_ENTITY_RANKING,,,NOT_APPLICABLE_GLOBAL_BASELINE,HF9g-P5,,,,X 全窗基线 · 不参与实体赏罚,6873389,688,A168_HF9F_20260827_0900,2026-08-27 09:00:00
2026-06-24,151992256,2218,0,46.2879625581,15.1721655052,15.1721655052,0.6666667,9,9,0.49473496666666667,0.494734966667,1.0316473973057527,1.0316473973037454,1.0316473973057527,-3.3333E-13,ELIGIBLE,R03b_20260811_FULL_v1,L1_ELIGIBILITY,v2026-08-11,2026-03-21..2026-08-06,baccarat_bet02_101_all_pairs_incl_sentinel,round_win = game_pnl > 0 (decisive only),COMPATIBILITY_ONLY_NOT_PRODUCTION,1871.9733,1753.6818,166.4999,289,289,-0.08894352,-0.14777778,-0.07548307,-0.08894352,-166.4999,1871.9733,OK,0.0000,4.9950,3.0000,97.0000,AG03-UNRESOLVED,ALL5_LEVELS_bet23_to_bet27,4.9950,4.9950,4.9950,6.6600,6.6600,3.000000,3.000000,3.000000,4.000000,4.000000,97.000000,97.000000,97.000000,96.000000,96.000000,5.0,28.3050,26.4536,138.1949,140.0463,PENDING_AG03,FALSE,NOT_FOR_ENFORCEMENT,161.5049,1701.0714,166.4999,161.5049,4.9950,0.08894352,0.08627522,4.9950,161.5049,0.08627522,4.9950,4.9950,4.9950,6.6600,6.6600,161.5049,0.08627522,28.3050,26.4536,138.1949,140.0463,0.07382312,0.07481212,0.00266831,6.4774,6.0681,0.5761,55.5000,3.6196,623.9911,96.3333,49.7914,5.4022,5.1431,5.1431,5.1431,5.1431,5.1431,51.5558,5.1431,0.0,1.0,10.024254,1.259436,29,32,3,2,0.18618856,0.08894352,0.14777778,0E-8,0.000000,0.936809,0.000000,-0.07229470,2026-06-24,2026-07-09,3,46,31,16,0.187500,9.216802,7.686928,0.620629,,,,,,,,GLOBAL_BASELINE_NO_ENTITY_RANKING,,,NOT_APPLICABLE_GLOBAL_BASELINE,HF9g-P5,,,,X 全窗基线 · 不参与实体赏罚,6873390,688,A168_HF9F_20260827_0900,2026-08-27 09:00:00
2026-06-24,151992256,2235,0,51.4310695090,9.5147478593,9.5147478593,0.6000000,10,10,0.49994810000000000,0.499948100000,0.6327837798637467,0.6327837798637467,0.6327837798637467,0E-17,ELIGIBLE,R03b_20260811_FULL_v1,L1_ELIGIBILITY,v2026-08-11,2026-03-21..2026-08-06,baccarat_bet02_101_all_pairs_incl_sentinel,round_win = game_pnl > 0 (decisive only),COMPATIBILITY_ONLY_NOT_PRODUCTION,1871.9733,1753.6818,166.4999,289,289,-0.08894352,-0.14777778,-0.07548307,-0.08894352,-166.4999,1871.9733,OK,0.0000,4.9950,3.0000,97.0000,AG03-UNRESOLVED,ALL5_LEVELS_bet23_to_bet27,4.9950,4.9950,4.9950,6.6600,6.6600,3.000000,3.000000,3.000000,4.000000,4.000000,97.000000,97.000000,97.000000,96.000000,96.000000,5.0,28.3050,26.4536,138.1949,140.0463,PENDING_AG03,FALSE,NOT_FOR_ENFORCEMENT,161.5049,1701.0714,166.4999,161.5049,4.9950,0.08894352,0.08627522,4.9950,161.5049,0.08627522,4.9950,4.9950,4.9950,6.6600,6.6600,161.5049,0.08627522,28.3050,26.4536,138.1949,140.0463,0.07382312,0.07481212,0.00266831,6.4774,6.0681,0.5761,55.5000,3.6196,623.9911,96.3333,49.7914,5.4022,5.1431,5.1431,5.1431,5.1431,5.1431,51.5558,5.1431,0.0,1.0,10.024254,1.259436,29,32,3,2,0.18618856,0.08894352,0.14777778,0E-8,0.000000,0.936809,0.000000,-0.07229470,2026-06-24,2026-07-09,3,46,31,16,0.187500,9.216802,7.686928,0.620629,,,,,,,,GLOBAL_BASELINE_NO_ENTITY_RANKING,,,NOT_APPLICABLE_GLOBAL_BASELINE,HF9g-P5,,,,X 全窗基线 · 不参与实体赏罚,6873391,688,A168_HF9F_20260827_0900,2026-08-27 09:00:00
2026-06-24,151992256,2266,0,5.1431069509,-5.1431069509,-5.1431069509,0E-7,1,1,0.50665070000000000,0.506650700000,-1.013391052207602,-1.013391052207602,-1.013391052207602,0E-17,ELIGIBLE,R03b_20260811_FULL_v1,L1_ELIGIBILITY,v2026-08-11,2026-03-21..2026-08-06,baccarat_bet02_101_all_pairs_incl_sentinel,round_win = game_pnl > 0 (decisive only),COMPATIBILITY_ONLY_NOT_PRODUCTION,1871.9733,1753.6818,166.4999,289,289,-0.08894352,-0.14777778,-0.07548307,-0.08894352,-166.4999,1871.9733,OK,0.0000,4.9950,3.0000,97.0000,AG03-UNRESOLVED,ALL5_LEVELS_bet23_to_bet27,4.9950,4.9950,4.9950,6.6600,6.6600,3.000000,3.000000,3.000000,4.000000,4.000000,97.000000,97.000000,97.000000,96.000000,96.000000,5.0,28.3050,26.4536,138.1949,140.0463,PENDING_AG03,FALSE,NOT_FOR_ENFORCEMENT,161.5049,1701.0714,166.4999,161.5049,4.9950,0.08894352,0.08627522,4.9950,161.5049,0.08627522,4.9950,4.9950,4.9950,6.6600,6.6600,161.5049,0.08627522,28.3050,26.4536,138.1949,140.0463,0.07382312,0.07481212,0.00266831,6.4774,6.0681,0.5761,55.5000,3.6196,623.9911,96.3333,49.7914,5.4022,5.1431,5.1431,5.1431,5.1431,5.1431,51.5558,5.1431,0.0,1.0,10.024254,1.259436,29,32,3,2,0.18618856,0.08894352,0.14777778,0E-8,0.000000,0.936809,0.000000,-0.07229470,2026-06-24,2026-07-09,3,46,31,16,0.187500,9.216802,7.686928,0.620629,,,,,,,,GLOBAL_BASELINE_NO_ENTITY_RANKING,,,NOT_APPLICABLE_GLOBAL_BASELINE,HF9g-P5,,,,X 全窗基线 · 不参与实体赏罚,6873392,688,A168_HF9F_20260827_0900,2026-08-27 09:00:00
2026-06-24,151992256,2271,0,36.0017486563,-25.9726901020,-25.9726901020,0.1428571,7,7,0.49707555714285714,0.497075557143,-1.8743797290365218,-1.8743797290372748,-1.8743797290365218,-1.4286E-13,ELIGIBLE,R03b_20260811_FULL_v1,L1_ELIGIBILITY,v2026-08-11,2026-03-21..2026-08-06,baccarat_bet02_101_all_pairs_incl_sentinel,round_win = game_pnl > 0 (decisive only),COMPATIBILITY_ONLY_NOT_PRODUCTION,1871.9733,1753.6818,166.4999,289,289,-0.08894352,-0.14777778,-0.07548307,-0.08894352,-166.4999,1871.9733,OK,0.0000,4.9950,3.0000,97.0000,AG03-UNRESOLVED,ALL5_LEVELS_bet23_to_bet27,4.9950,4.9950,4.9950,6.6600,6.6600,3.000000,3.000000,3.000000,4.000000,4.000000,97.000000,97.000000,97.000000,96.000000,96.000000,5.0,28.3050,26.4536,138.1949,140.0463,PENDING_AG03,FALSE,NOT_FOR_ENFORCEMENT,161.5049,1701.0714,166.4999,161.5049,4.9950,0.08894352,0.08627522,4.9950,161.5049,0.08627522,4.9950,4.9950,4.9950,6.6600,6.6600,161.5049,0.08627522,28.3050,26.4536,138.1949,140.0463,0.07382312,0.07481212,0.00266831,6.4774,6.0681,0.5761,55.5000,3.6196,623.9911,96.3333,49.7914,5.4022,5.1431,5.1431,5.1431,5.1431,5.1431,51.5558,5.1431,0.0,1.0,10.024254,1.259436,29,32,3,2,0.18618856,0.08894352,0.14777778,0E-8,0.000000,0.936809,0.000000,-0.07229470,2026-06-24,2026-07-09,3,46,31,16,0.187500,9.216802,7.686928,0.620629,,,,,,,,GLOBAL_BASELINE_NO_ENTITY_RANKING,,,NOT_APPLICABLE_GLOBAL_BASELINE,HF9g-P5,,,,X 全窗基线 · 不参与实体赏罚,6873393,688,A168_HF9F_20260827_0900,2026-08-27 09:00:00
2026-06-24,151992256,2280,0,5.1431069509,-5.1431069509,-5.1431069509,0E-7,1,1,0.49324550000000000,0.493245500000,-0.9865810262130424,-0.9865810262130424,-0.9865810262130424,0E-17,ELIGIBLE,R03b_20260811_FULL_v1,L1_ELIGIBILITY,v2026-08-11,2026-03-21..2026-08-06,baccarat_bet02_101_all_pairs_incl_sentinel,round_win = game_pnl > 0 (decisive only),COMPATIBILITY_ONLY_NOT_PRODUCTION,1871.9733,1753.6818,166.4999,289,289,-0.08894352,-0.14777778,-0.07548307,-0.08894352,-166.4999,1871.9733,OK,0.0000,4.9950,3.0000,97.0000,AG03-UNRESOLVED,ALL5_LEVELS_bet23_to_bet27,4.9950,4.9950,4.9950,6.6600,6.6600,3.000000,3.000000,3.000000,4.000000,4.000000,97.000000,97.000000,97.000000,96.000000,96.000000,5.0,28.3050,26.4536,138.1949,140.0463,PENDING_AG03,FALSE,NOT_FOR_ENFORCEMENT,161.5049,1701.0714,166.4999,161.5049,4.9950,0.08894352,0.08627522,4.9950,161.5049,0.08627522,4.9950,4.9950,4.9950,6.6600,6.6600,161.5049,0.08627522,28.3050,26.4536,138.1949,140.0463,0.07382312,0.07481212,0.00266831,6.4774,6.0681,0.5761,55.5000,3.6196,623.9911,96.3333,49.7914,5.4022,5.1431,5.1431,5.1431,5.1431,5.1431,51.5558,5.1431,0.0,1.0,10.024254,1.259436,29,32,3,2,0.18618856,0.08894352,0.14777778,0E-8,0.000000,0.936809,0.000000,-0.07229470,2026-06-24,2026-07-09,3,46,31,16,0.187500,9.216802,7.686928,0.620629,,,,,,,,GLOBAL_BASELINE_NO_ENTITY_RANKING,,,NOT_APPLICABLE_GLOBAL_BASELINE,HF9g-P5,,,,X 全窗基线 · 不参与实体赏罚,6873394,688,A168_HF9F_20260827_0900,2026-08-27 09:00:00
2026-06-24,151992256,583,0,15.4293208527,4.8859516034,4.8859516034,0.6666667,3,3,0.50218230000000000,0.502182300000,0.5697959874915163,0.5697959874915164,0.5697959874915163,0E-17,ELIGIBLE,R03b_20260811_FULL_v1,L1_ELIGIBILITY,v2026-08-11,2026-03-21..2026-08-06,baccarat_bet02_101_all_pairs_incl_sentinel,round_win = game_pnl > 0 (decisive only),COMPATIBILITY_ONLY_NOT_PRODUCTION,1871.9733,1753.6818,166.4999,289,289,-0.08894352,-0.14777778,-0.07548307,-0.08894352,-166.4999,1871.9733,OK,0.0000,4.9950,3.0000,97.0000,AG03-UNRESOLVED,ALL5_LEVELS_bet23_to_bet27,4.9950,4.9950,4.9950,6.6600,6.6600,3.000000,3.000000,3.000000,4.000000,4.000000,97.000000,97.000000,97.000000,96.000000,96.000000,5.0,28.3050,26.4536,138.1949,140.0463,PENDING_AG03,FALSE,NOT_FOR_ENFORCEMENT,161.5049,1701.0714,166.4999,161.5049,4.9950,0.08894352,0.08627522,4.9950,161.5049,0.08627522,4.9950,4.9950,4.9950,6.6600,6.6600,161.5049,0.08627522,28.3050,26.4536,138.1949,140.0463,0.07382312,0.07481212,0.00266831,6.4774,6.0681,0.5761,55.5000,3.6196,623.9911,96.3333,49.7914,5.4022,5.1431,5.1431,5.1431,5.1431,5.1431,51.5558,5.1431,0.0,1.0,10.024254,1.259436,29,32,3,2,0.18618856,0.08894352,0.14777778,0E-8,0.000000,0.936809,0.000000,-0.07229470,2026-06-24,2026-07-09,3,46,31,16,0.187500,9.216802,7.686928,0.620629,,,,,,,,GLOBAL_BASELINE_NO_ENTITY_RANKING,,,NOT_APPLICABLE_GLOBAL_BASELINE,HF9g-P5,,,,X 全窗基线 · 不参与实体赏罚,6873395,688,A168_HF9F_20260827_0900,2026-08-27 09:00:00
2026-06-24,151992256,752,0,25.7155347545,9.5147478593,9.5147478593,0.7500000,5,5,0.50396966000000000,0.503969660000,0.9841523774297893,0.9841523774297894,0.9841523774297893,0E-17,ELIGIBLE,R03b_20260811_FULL_v1,L1_ELIGIBILITY,v2026-08-11,2026-03-21..2026-08-06,baccarat_bet02_101_all_pairs_incl_sentinel,round_win = game_pnl > 0 (decisive only),COMPATIBILITY_ONLY_NOT_PRODUCTION,1871.9733,1753.6818,166.4999,289,289,-0.08894352,-0.14777778,-0.07548307,-0.08894352,-166.4999,1871.9733,OK,0.0000,4.9950,3.0000,97.0000,AG03-UNRESOLVED,ALL5_LEVELS_bet23_to_bet27,4.9950,4.9950,4.9950,6.6600,6.6600,3.000000,3.000000,3.000000,4.000000,4.000000,97.000000,97.000000,97.000000,96.000000,96.000000,5.0,28.3050,26.4536,138.1949,140.0463,PENDING_AG03,FALSE,NOT_FOR_ENFORCEMENT,161.5049,1701.0714,166.4999,161.5049,4.9950,0.08894352,0.08627522,4.9950,161.5049,0.08627522,4.9950,4.9950,4.9950,6.6600,6.6600,161.5049,0.08627522,28.3050,26.4536,138.1949,140.0463,0.07382312,0.07481212,0.00266831,6.4774,6.0681,0.5761,55.5000,3.6196,623.9911,96.3333,49.7914,5.4022,5.1431,5.1431,5.1431,5.1431,5.1431,51.5558,5.1431,0.0,1.0,10.024254,1.259436,29,32,3,2,0.18618856,0.08894352,0.14777778,0E-8,0.000000,0.936809,0.000000,-0.07229470,2026-06-24,2026-07-09,3,46,31,16,0.187500,9.216802,7.686928,0.620629,,,,,,,,GLOBAL_BASELINE_NO_ENTITY_RANKING,,,NOT_APPLICABLE_GLOBAL_BASELINE,HF9g-P5,,,,X 全窗基线 · 不参与实体赏罚,6873396,688,A168_HF9F_20260827_0900,2026-08-27 09:00:00
2026-06-24,151992256,994,0,61.7172834108,-11.0576799443,-11.0576799443,0.4166667,12,12,0.50218230000000000,0.502182300000,-0.5924753303744056,-0.5924753303744057,-0.5924753303744056,0E-17,ELIGIBLE,R03b_20260811_FULL_v1,L1_ELIGIBILITY,v2026-08-11,2026-03-21..2026-08-06,baccarat_bet02_101_all_pairs_incl_sentinel,round_win = game_pnl > 0 (decisive only),COMPATIBILITY_ONLY_NOT_PRODUCTION,1871.9733,1753.6818,166.4999,289,289,-0.08894352,-0.14777778,-0.07548307,-0.08894352,-166.4999,1871.9733,OK,0.0000,4.9950,3.0000,97.0000,AG03-UNRESOLVED,ALL5_LEVELS_bet23_to_bet27,4.9950,4.9950,4.9950,6.6600,6.6600,3.000000,3.000000,3.000000,4.000000,4.000000,97.000000,97.000000,97.000000,96.000000,96.000000,5.0,28.3050,26.4536,138.1949,140.0463,PENDING_AG03,FALSE,NOT_FOR_ENFORCEMENT,161.5049,1701.0714,166.4999,161.5049,4.9950,0.08894352,0.08627522,4.9950,161.5049,0.08627522,4.9950,4.9950,4.9950,6.6600,6.6600,161.5049,0.08627522,28.3050,26.4536,138.1949,140.0463,0.07382312,0.07481212,0.00266831,6.4774,6.0681,0.5761,55.5000,3.6196,623.9911,96.3333,49.7914,5.4022,5.1431,5.1431,5.1431,5.1431,5.1431,51.5558,5.1431,0.0,1.0,10.024254,1.259436,29,32,3,2,0.18618856,0.08894352,0.14777778,0E-8,0.000000,0.936809,0.000000,-0.07229470,2026-06-24,2026-07-09,3,46,31,16,0.187500,9.216802,7.686928,0.620629,,,,,,,,GLOBAL_BASELINE_NO_ENTITY_RANKING,,,NOT_APPLICABLE_GLOBAL_BASELINE,HF9g-P5,,,,X 全窗基线 · 不参与实体赏罚,6873397,688,A168_HF9F_20260827_0900,2026-08-27 09:00:00
2026-07-01,151992256,1505,0,11.3598223737,-11.3598223737,-11.3598223737,0E-7,1,1,0.49324550000000000,0.493245500000,-0.9865810262130424,-0.9865810262130424,-0.9865810262130424,0E-17,ELIGIBLE,R03b_20260811_FULL_v1,L1_ELIGIBILITY,v2026-08-11,2026-03-21..2026-08-06,baccarat_bet02_101_all_pairs_incl_sentinel,round_win = game_pnl > 0 (decisive only),COMPATIBILITY_ONLY_NOT_PRODUCTION,1871.9733,1753.6818,166.4999,289,289,-0.08894352,-0.14777778,-0.07548307,-0.08894352,-166.4999,1871.9733,OK,0.0000,4.9950,3.0000,97.0000,AG03-UNRESOLVED,ALL5_LEVELS_bet23_to_bet27,4.9950,4.9950,4.9950,6.6600,6.6600,3.000000,3.000000,3.000000,4.000000,4.000000,97.000000,97.000000,97.000000,96.000000,96.000000,5.0,28.3050,26.4536,138.1949,140.0463,PENDING_AG03,FALSE,NOT_FOR_ENFORCEMENT,161.5049,1701.0714,166.4999,161.5049,4.9950,0.08894352,0.08627522,4.9950,161.5049,0.08627522,4.9950,4.9950,4.9950,6.6600,6.6600,161.5049,0.08627522,28.3050,26.4536,138.1949,140.0463,0.07382312,0.07481212,0.00266831,6.4774,6.0681,0.5761,55.5000,3.6196,623.9911,96.3333,49.7914,5.4022,5.1431,5.1431,5.1431,5.1431,5.1431,51.5558,5.1431,0.0,1.0,10.024254,1.259436,29,32,3,2,0.18618856,0.08894352,0.14777778,0E-8,0.000000,0.936809,0.000000,-0.07229470,2026-06-24,2026-07-09,3,46,31,16,0.187500,9.216802,7.686928,0.620629,,,,,,,,GLOBAL_BASELINE_NO_ENTITY_RANKING,,,NOT_APPLICABLE_GLOBAL_BASELINE,HF9g-P5,,,,X 全窗基线 · 不参与实体赏罚,6873398,688,A168_HF9F_20260827_0900,2026-08-27 09:00:00
2026-07-09,151992256,1306,0,348.5400046472,-51.5064673534,-51.5064673534,0.2857143,7,7,0.50473567142857143,0.504735671429,-1.159004222986255,-1.1590042229885325,-1.159004222986255,-4.2857E-13,ELIGIBLE,R03b_20260811_FULL_v1,L1_ELIGIBILITY,v2026-08-11,2026-03-21..2026-08-06,baccarat_bet02_101_all_pairs_incl_sentinel,round_win = game_pnl > 0 (decisive only),COMPATIBILITY_ONLY_NOT_PRODUCTION,1871.9733,1753.6818,166.4999,289,289,-0.08894352,-0.14777778,-0.07548307,-0.08894352,-166.4999,1871.9733,OK,0.0000,4.9950,3.0000,97.0000,AG03-UNRESOLVED,ALL5_LEVELS_bet23_to_bet27,4.9950,4.9950,4.9950,6.6600,6.6600,3.000000,3.000000,3.000000,4.000000,4.000000,97.000000,97.000000,97.000000,96.000000,96.000000,5.0,28.3050,26.4536,138.1949,140.0463,PENDING_AG03,FALSE,NOT_FOR_ENFORCEMENT,161.5049,1701.0714,166.4999,161.5049,4.9950,0.08894352,0.08627522,4.9950,161.5049,0.08627522,4.9950,4.9950,4.9950,6.6600,6.6600,161.5049,0.08627522,28.3050,26.4536,138.1949,140.0463,0.07382312,0.07481212,0.00266831,6.4774,6.0681,0.5761,55.5000,3.6196,623.9911,96.3333,49.7914,5.4022,5.1431,5.1431,5.1431,5.1431,5.1431,51.5558,5.1431,0.0,1.0,10.024254,1.259436,29,32,3,2,0.18618856,0.08894352,0.14777778,0E-8,0.000000,0.936809,0.000000,-0.07229470,2026-06-24,2026-07-09,3,46,31,16,0.187500,9.216802,7.686928,0.620629,,,,,,,,GLOBAL_BASELINE_NO_ENTITY_RANKING,,,NOT_APPLICABLE_GLOBAL_BASELINE,HF9g-P5,,,,X 全窗基线 · 不参与实体赏罚,6873399,688,A168_HF9F_20260827_0900,2026-08-27 09:00:00
2026-04-12,140111876,2174,0,1350.0000000000,-166.5000000000,-166.5000000000,0.5000000,9,7,0.48186815976190476,0.443897671429,0.08888597754255533,0.2765907948291033,0.08888597754255533,0.03797048833290476,ELIGIBLE,R03b_20260811_FULL_v1,L1_ELIGIBILITY,v2026-08-11,2026-03-21..2026-08-06,baccarat_bet02_101_all_pairs_incl_sentinel,round_win = game_pnl > 0 (decisive only),COMPATIBILITY_ONLY_NOT_PRODUCTION,1350.0000,1200.0000,166.5000,9,7,-0.12333333,,-0.12333333,-0.12333333,-166.5000,1350.0000,THIN_EXPOSURE,0.0000,4.9950,3.0000,97.0000,AG03-UNRESOLVED,ALL5_LEVELS_bet23_to_bet27,4.9950,4.9950,4.9950,4.9950,4.9950,3.000000,3.000000,3.000000,3.000000,3.000000,97.000000,97.000000,97.000000,97.000000,97.000000,5.0,24.9750,23.5208,141.5250,142.9792,PENDING_AG03,FALSE,NOT_FOR_ENFORCEMENT,161.5050,1164.0000,166.5000,161.5050,4.9950,0.12333333,0.11963333,4.9950,161.5050,0.11963333,4.9950,4.9950,4.9950,4.9950,4.9950,161.5050,0.11963333,24.9750,23.5208,141.5250,142.9792,0.10483333,0.10591053,0.00370000,150.0000,171.4286,23.7857,166.5000,166.5000,1350.0000,7.0000,,150.0000,110.0,150.0,212.5,250.0,250.0,250.0,150.0,-20.0,1.666667,1.666667,1.0,1,1,1,4,0E-8,0.12333333,,0E-8,0.000000,0.888889,0.000000,,2026-04-12,2026-04-12,1,1,1,1,1.000000,,,0.000000,,,,,,,,GLOBAL_BASELINE_NO_ENTITY_RANKING,,,NOT_APPLICABLE_GLOBAL_BASELINE,HF9g-P5,,,,X 全窗基线 · 不参与实体赏罚,6873400,688,A168_HF9F_20260827_0900,2026-08-27 09:00:00
2026-05-23,150457784,1151,0,50.0000000000,47.5000000000,47.5000000000,1.0000000,1,1,0.50665070000000000,0.506650700000,0.9867858985152569,0.9867858985152569,0.9867858985152569,0E-17,ELIGIBLE,R03b_20260811_FULL_v1,L1_ELIGIBILITY,v2026-08-11,2026-03-21..2026-08-06,baccarat_bet02_101_all_pairs_incl_sentinel,round_win = game_pnl > 0 (decisive only),COMPATIBILITY_ONLY_NOT_PRODUCTION,1150.0000,1060.0000,166.5000,21,21,-0.14478261,,-0.14478261,-0.14478261,-166.5000,1150.0000,THIN_EXPOSURE,0.0000,4.9950,3.0000,97.0000,AG03-UNRESOLVED,ALL5_LEVELS_bet23_to_bet27,4.9950,4.9950,4.9950,6.6600,6.6600,3.000000,3.000000,3.000000,4.000000,4.000000,97.000000,97.000000,97.000000,96.000000,96.000000,5.0,28.3050,26.4536,138.1950,140.0464,PENDING_AG03,FALSE,NOT_FOR_ENFORCEMENT,161.5050,1028.2000,166.5000,161.5050,4.9950,0.14478261,0.14043913,4.9950,161.5050,0.14043913,4.9950,4.9950,4.9950,6.6600,6.6600,161.5050,0.14043913,28.3050,26.4536,138.1950,140.0464,0.12016957,0.12177947,0.00434348,54.7619,50.4762,7.9286,33.3000,13.8750,230.0000,4.2000,,54.7619,30.0,40.0,65.0,108.0,155.9999,200.0,40.0,0.0,3.899998,5.0,1.369048,10,12,5,2,0E-8,0.14478261,,0E-8,0.000000,0.921739,0.428571,,2026-05-23,2026-07-01,5,12,12,40,0.125000,,,0.000000,,,,,,,,GLOBAL_BASELINE_NO_ENTITY_RANKING,,,NOT_APPLICABLE_GLOBAL_BASELINE,HF9g-P5,,,,X 全窗基线 · 不参与实体赏罚,6873401,688,A168_HF9F_20260827_0900,2026-08-27 09:00:00
2026-05-23,150457784,1490,0,180.0000000000,176.0000000000,176.0000000000,1.0000000,2,2,0.49994810000000000,0.499948100000,1.4143603653603398,1.4143603653603398,1.4143603653603398,0E-17,ELIGIBLE,R03b_20260811_FULL_v1,L1_ELIGIBILITY,v2026-08-11,2026-03-21..2026-08-06,baccarat_bet02_101_all_pairs_incl_sentinel,round_win = game_pnl > 0 (decisive only),COMPATIBILITY_ONLY_NOT_PRODUCTION,1150.0000,1060.0000,166.5000,21,21,-0.14478261,,-0.14478261,-0.14478261,-166.5000,1150.0000,THIN_EXPOSURE,0.0000,4.9950,3.0000,97.0000,AG03-UNRESOLVED,ALL5_LEVELS_bet23_to_bet27,4.9950,4.9950,4.9950,6.6600,6.6600,3.000000,3.000000,3.000000,4.000000,4.000000,97.000000,97.000000,97.000000,96.000000,96.000000,5.0,28.3050,26.4536,138.1950,140.0464,PENDING_AG03,FALSE,NOT_FOR_ENFORCEMENT,161.5050,1028.2000,166.5000,161.5050,4.9950,0.14478261,0.14043913,4.9950,161.5050,0.14043913,4.9950,4.9950,4.9950,6.6600,6.6600,161.5050,0.14043913,28.3050,26.4536,138.1950,140.0464,0.12016957,0.12177947,0.00434348,54.7619,50.4762,7.9286,33.3000,13.8750,230.0000,4.2000,,54.7619,30.0,40.0,65.0,108.0,155.9999,200.0,40.0,0.0,3.899998,5.0,1.369048,10,12,5,2,0E-8,0.14478261,,0E-8,0.000000,0.921739,0.428571,,2026-05-23,2026-07-01,5,12,12,40,0.125000,,,0.000000,,,,,,,,GLOBAL_BASELINE_NO_ENTITY_RANKING,,,NOT_APPLICABLE_GLOBAL_BASELINE,HF9g-P5,,,,X 全窗基线 · 不参与实体赏罚,6873402,688,A168_HF9F_20260827_0900,2026-08-27 09:00:00
2026-05-24,150457784,1490,0,20.0000000000,-20.0000000000,-20.0000000000,0E-7,1,1,0.50665070000000000,0.506650700000,-1.013391052207602,-1.013391052207602,-1.013391052207602,0E-17,ELIGIBLE,R03b_20260811_FULL_v1,L1_ELIGIBILITY,v2026-08-11,2026-03-21..2026-08-06,baccarat_bet02_101_all_pairs_incl_sentinel,round_win = game_pnl > 0 (decisive only),COMPATIBILITY_ONLY_NOT_PRODUCTION,1150.0000,1060.0000,166.5000,21,21,-0.14478261,,-0.14478261,-0.14478261,-166.5000,1150.0000,THIN_EXPOSURE,0.0000,4.9950,3.0000,97.0000,AG03-UNRESOLVED,ALL5_LEVELS_bet23_to_bet27,4.9950,4.9950,4.9950,6.6600,6.6600,3.000000,3.000000,3.000000,4.000000,4.000000,97.000000,97.000000,97.000000,96.000000,96.000000,5.0,28.3050,26.4536,138.1950,140.0464,PENDING_AG03,FALSE,NOT_FOR_ENFORCEMENT,161.5050,1028.2000,166.5000,161.5050,4.9950,0.14478261,0.14043913,4.9950,161.5050,0.14043913,4.9950,4.9950,4.9950,6.6600,6.6600,161.5050,0.14043913,28.3050,26.4536,138.1950,140.0464,0.12016957,0.12177947,0.00434348,54.7619,50.4762,7.9286,33.3000,13.8750,230.0000,4.2000,,54.7619,30.0,40.0,65.0,108.0,155.9999,200.0,40.0,0.0,3.899998,5.0,1.369048,10,12,5,2,0E-8,0.14478261,,0E-8,0.000000,0.921739,0.428571,,2026-05-23,2026-07-01,5,12,12,40,0.125000,,,0.000000,,,,,,,,GLOBAL_BASELINE_NO_ENTITY_RANKING,,,NOT_APPLICABLE_GLOBAL_BASELINE,HF9g-P5,,,,X 全窗基线 · 不参与实体赏罚,6873403,688,A168_HF9F_20260827_0900,2026-08-27 09:00:00
2026-05-24,150457784,2153,0,40.0000000000,-40.0000000000,-40.0000000000,0E-7,2,2,0.49994810000000000,0.499948100000,-1.4140667746232096,-1.4140667746232096,-1.4140667746232096,0E-17,ELIGIBLE,R03b_20260811_FULL_v1,L1_ELIGIBILITY,v2026-08-11,2026-03-21..2026-08-06,baccarat_bet02_101_all_pairs_incl_sentinel,round_win = game_pnl > 0 (decisive only),COMPATIBILITY_ONLY_NOT_PRODUCTION,1150.0000,1060.0000,166.5000,21,21,-0.14478261,,-0.14478261,-0.14478261,-166.5000,1150.0000,THIN_EXPOSURE,0.0000,4.9950,3.0000,97.0000,AG03-UNRESOLVED,ALL5_LEVELS_bet23_to_bet27,4.9950,4.9950,4.9950,6.6600,6.6600,3.000000,3.000000,3.000000,4.000000,4.000000,97.000000,97.000000,97.000000,96.000000,96.000000,5.0,28.3050,26.4536,138.1950,140.0464,PENDING_AG03,FALSE,NOT_FOR_ENFORCEMENT,161.5050,1028.2000,166.5000,161.5050,4.9950,0.14478261,0.14043913,4.9950,161.5050,0.14043913,4.9950,4.9950,4.9950,6.6600,6.6600,161.5050,0.14043913,28.3050,26.4536,138.1950,140.0464,0.12016957,0.12177947,0.00434348,54.7619,50.4762,7.9286,33.3000,13.8750,230.0000,4.2000,,54.7619,30.0,40.0,65.0,108.0,155.9999,200.0,40.0,0.0,3.899998,5.0,1.369048,10,12,5,2,0E-8,0.14478261,,0E-8,0.000000,0.921739,0.428571,,2026-05-23,2026-07-01,5,12,12,40,0.125000,,,0.000000,,,,,,,,GLOBAL_BASELINE_NO_ENTITY_RANKING,,,NOT_APPLICABLE_GLOBAL_BASELINE,HF9g-P5,,,,X 全窗基线 · 不参与实体赏罚,6873404,688,A168_HF9F_20260827_0900,2026-08-27 09:00:00
2026-05-24,150457784,2256,0,40.0000000000,-40.0000000000,-40.0000000000,0E-7,1,1,0.49324550000000000,0.493245500000,-0.9865810262130424,-0.9865810262130424,-0.9865810262130424,0E-17,ELIGIBLE,R03b_20260811_FULL_v1,L1_ELIGIBILITY,v2026-08-11,2026-03-21..2026-08-06,baccarat_bet02_101_all_pairs_incl_sentinel,round_win = game_pnl > 0 (decisive only),COMPATIBILITY_ONLY_NOT_PRODUCTION,1150.0000,1060.0000,166.5000,21,21,-0.14478261,,-0.14478261,-0.14478261,-166.5000,1150.0000,THIN_EXPOSURE,0.0000,4.9950,3.0000,97.0000,AG03-UNRESOLVED,ALL5_LEVELS_bet23_to_bet27,4.9950,4.9950,4.9950,6.6600,6.6600,3.000000,3.000000,3.000000,4.000000,4.000000,97.000000,97.000000,97.000000,96.000000,96.000000,5.0,28.3050,26.4536,138.1950,140.0464,PENDING_AG03,FALSE,NOT_FOR_ENFORCEMENT,161.5050,1028.2000,166.5000,161.5050,4.9950,0.14478261,0.14043913,4.9950,161.5050,0.14043913,4.9950,4.9950,4.9950,6.6600,6.6600,161.5050,0.14043913,28.3050,26.4536,138.1950,140.0464,0.12016957,0.12177947,0.00434348,54.7619,50.4762,7.9286,33.3000,13.8750,230.0000,4.2000,,54.7619,30.0,40.0,65.0,108.0,155.9999,200.0,40.0,0.0,3.899998,5.0,1.369048,10,12,5,2,0E-8,0.14478261,,0E-8,0.000000,0.921739,0.428571,,2026-05-23,2026-07-01,5,12,12,40,0.125000,,,0.000000,,,,,,,,GLOBAL_BASELINE_NO_ENTITY_RANKING,,,NOT_APPLICABLE_GLOBAL_BASELINE,HF9g-P5,,,,X 全窗基线 · 不参与实体赏罚,6873405,688,A168_HF9F_20260827_0900,2026-08-27 09:00:00
2026-05-24,150457784,2271,0,80.0000000000,-20.0000000000,-20.0000000000,0.5000000,2,2,0.49994810000000000,0.499948100000,0.00014679536856514622,0.00014679536856514622,0.00014679536856514622,0E-17,ELIGIBLE,R03b_20260811_FULL_v1,L1_ELIGIBILITY,v2026-08-11,2026-03-21..2026-08-06,baccarat_bet02_101_all_pairs_incl_sentinel,round_win = game_pnl > 0 (decisive only),COMPATIBILITY_ONLY_NOT_PRODUCTION,1150.0000,1060.0000,166.5000,21,21,-0.14478261,,-0.14478261,-0.14478261,-166.5000,1150.0000,THIN_EXPOSURE,0.0000,4.9950,3.0000,97.0000,AG03-UNRESOLVED,ALL5_LEVELS_bet23_to_bet27,4.9950,4.9950,4.9950,6.6600,6.6600,3.000000,3.000000,3.000000,4.000000,4.000000,97.000000,97.000000,97.000000,96.000000,96.000000,5.0,28.3050,26.4536,138.1950,140.0464,PENDING_AG03,FALSE,NOT_FOR_ENFORCEMENT,161.5050,1028.2000,166.5000,161.5050,4.9950,0.14478261,0.14043913,4.9950,161.5050,0.14043913,4.9950,4.9950,4.9950,6.6600,6.6600,161.5050,0.14043913,28.3050,26.4536,138.1950,140.0464,0.12016957,0.12177947,0.00434348,54.7619,50.4762,7.9286,33.3000,13.8750,230.0000,4.2000,,54.7619,30.0,40.0,65.0,108.0,155.9999,200.0,40.0,0.0,3.899998,5.0,1.369048,10,12,5,2,0E-8,0.14478261,,0E-8,0.000000,0.921739,0.428571,,2026-05-23,2026-07-01,5,12,12,40,0.125000,,,0.000000,,,,,,,,GLOBAL_BASELINE_NO_ENTITY_RANKING,,,NOT_APPLICABLE_GLOBAL_BASELINE,HF9g-P5,,,,X 全窗基线 · 不参与实体赏罚,6873406,688,A168_HF9F_20260827_0900,2026-08-27 09:00:00
2026-05-25,150457784,2141,0,30.0000000000,0E-10,0E-10,,1,1,0.49324550000000000,0.493245500000,,,,0E-17,NO_DECISIVE_ROUND,R03b_20260811_FULL_v1,L1_ELIGIBILITY,v2026-08-11,2026-03-21..2026-08-06,baccarat_bet02_101_all_pairs_incl_sentinel,round_win = game_pnl > 0 (decisive only),COMPATIBILITY_ONLY_NOT_PRODUCTION,1150.0000,1060.0000,166.5000,21,21,-0.14478261,,-0.14478261,-0.14478261,-166.5000,1150.0000,THIN_EXPOSURE,0.0000,4.9950,3.0000,97.0000,AG03-UNRESOLVED,ALL5_LEVELS_bet23_to_bet27,4.9950,4.9950,4.9950,6.6600,6.6600,3.000000,3.000000,3.000000,4.000000,4.000000,97.000000,97.000000,97.000000,96.000000,96.000000,5.0,28.3050,26.4536,138.1950,140.0464,PENDING_AG03,FALSE,NOT_FOR_ENFORCEMENT,161.5050,1028.2000,166.5000,161.5050,4.9950,0.14478261,0.14043913,4.9950,161.5050,0.14043913,4.9950,4.9950,4.9950,6.6600,6.6600,161.5050,0.14043913,28.3050,26.4536,138.1950,140.0464,0.12016957,0.12177947,0.00434348,54.7619,50.4762,7.9286,33.3000,13.8750,230.0000,4.2000,,54.7619,30.0,40.0,65.0,108.0,155.9999,200.0,40.0,0.0,3.899998,5.0,1.369048,10,12,5,2,0E-8,0.14478261,,0E-8,0.000000,0.921739,0.428571,,2026-05-23,2026-07-01,5,12,12,40,0.125000,,,0.000000,,,,,,,,GLOBAL_BASELINE_NO_ENTITY_RANKING,,,NOT_APPLICABLE_GLOBAL_BASELINE,HF9g-P5,,,,X 全窗基线 · 不参与实体赏罚,6873407,688,A168_HF9F_20260827_0900,2026-08-27 09:00:00
2026-05-25,150457784,2220,0,60.0000000000,-60.0000000000,-60.0000000000,0E-7,1,1,0.50665070000000000,0.506650700000,-1.013391052207602,-1.013391052207602,-1.013391052207602,0E-17,ELIGIBLE,R03b_20260811_FULL_v1,L1_ELIGIBILITY,v2026-08-11,2026-03-21..2026-08-06,baccarat_bet02_101_all_pairs_incl_sentinel,round_win = game_pnl > 0 (decisive only),COMPATIBILITY_ONLY_NOT_PRODUCTION,1150.0000,1060.0000,166.5000,21,21,-0.14478261,,-0.14478261,-0.14478261,-166.5000,1150.0000,THIN_EXPOSURE,0.0000,4.9950,3.0000,97.0000,AG03-UNRESOLVED,ALL5_LEVELS_bet23_to_bet27,4.9950,4.9950,4.9950,6.6600,6.6600,3.000000,3.000000,3.000000,4.000000,4.000000,97.000000,97.000000,97.000000,96.000000,96.000000,5.0,28.3050,26.4536,138.1950,140.0464,PENDING_AG03,FALSE,NOT_FOR_ENFORCEMENT,161.5050,1028.2000,166.5000,161.5050,4.9950,0.14478261,0.14043913,4.9950,161.5050,0.14043913,4.9950,4.9950,4.9950,6.6600,6.6600,161.5050,0.14043913,28.3050,26.4536,138.1950,140.0464,0.12016957,0.12177947,0.00434348,54.7619,50.4762,7.9286,33.3000,13.8750,230.0000,4.2000,,54.7619,30.0,40.0,65.0,108.0,155.9999,200.0,40.0,0.0,3.899998,5.0,1.369048,10,12,5,2,0E-8,0.14478261,,0E-8,0.000000,0.921739,0.428571,,2026-05-23,2026-07-01,5,12,12,40,0.125000,,,0.000000,,,,,,,,GLOBAL_BASELINE_NO_ENTITY_RANKING,,,NOT_APPLICABLE_GLOBAL_BASELINE,HF9g-P5,,,,X 全窗基线 · 不参与实体赏罚,6873408,688,A168_HF9F_20260827_0900,2026-08-27 09:00:00
2026-05-25,150457784,2252,0,230.0000000000,90.0000000000,90.0000000000,0.7500000,5,5,0.49860758000000000,0.498607580000,1.005573579286957,1.005573579286957,1.005573579286957,0E-17,ELIGIBLE,R03b_20260811_FULL_v1,L1_ELIGIBILITY,v2026-08-11,2026-03-21..2026-08-06,baccarat_bet02_101_all_pairs_incl_sentinel,round_win = game_pnl > 0 (decisive only),COMPATIBILITY_ONLY_NOT_PRODUCTION,1150.0000,1060.0000,166.5000,21,21,-0.14478261,,-0.14478261,-0.14478261,-166.5000,1150.0000,THIN_EXPOSURE,0.0000,4.9950,3.0000,97.0000,AG03-UNRESOLVED,ALL5_LEVELS_bet23_to_bet27,4.9950,4.9950,4.9950,6.6600,6.6600,3.000000,3.000000,3.000000,4.000000,4.000000,97.000000,97.000000,97.000000,96.000000,96.000000,5.0,28.3050,26.4536,138.1950,140.0464,PENDING_AG03,FALSE,NOT_FOR_ENFORCEMENT,161.5050,1028.2000,166.5000,161.5050,4.9950,0.14478261,0.14043913,4.9950,161.5050,0.14043913,4.9950,4.9950,4.9950,6.6600,6.6600,161.5050,0.14043913,28.3050,26.4536,138.1950,140.0464,0.12016957,0.12177947,0.00434348,54.7619,50.4762,7.9286,33.3000,13.8750,230.0000,4.2000,,54.7619,30.0,40.0,65.0,108.0,155.9999,200.0,40.0,0.0,3.899998,5.0,1.369048,10,12,5,2,0E-8,0.14478261,,0E-8,0.000000,0.921739,0.428571,,2026-05-23,2026-07-01,5,12,12,40,0.125000,,,0.000000,,,,,,,,GLOBAL_BASELINE_NO_ENTITY_RANKING,,,NOT_APPLICABLE_GLOBAL_BASELINE,HF9g-P5,,,,X 全窗基线 · 不参与实体赏罚,6873409,688,A168_HF9F_20260827_0900,2026-08-27 09:00:00
2026-05-25,150457784,2266,0,40.0000000000,40.0000000000,40.0000000000,1.0000000,1,1,0.49324550000000000,0.493245500000,1.01360149184955,1.01360149184955,1.01360149184955,0E-17,ELIGIBLE,R03b_20260811_FULL_v1,L1_ELIGIBILITY,v2026-08-11,2026-03-21..2026-08-06,baccarat_bet02_101_all_pairs_incl_sentinel,round_win = game_pnl > 0 (decisive only),COMPATIBILITY_ONLY_NOT_PRODUCTION,1150.0000,1060.0000,166.5000,21,21,-0.14478261,,-0.14478261,-0.14478261,-166.5000,1150.0000,THIN_EXPOSURE,0.0000,4.9950,3.0000,97.0000,AG03-UNRESOLVED,ALL5_LEVELS_bet23_to_bet27,4.9950,4.9950,4.9950,6.6600,6.6600,3.000000,3.000000,3.000000,4.000000,4.000000,97.000000,97.000000,97.000000,96.000000,96.000000,5.0,28.3050,26.4536,138.1950,140.0464,PENDING_AG03,FALSE,NOT_FOR_ENFORCEMENT,161.5050,1028.2000,166.5000,161.5050,4.9950,0.14478261,0.14043913,4.9950,161.5050,0.14043913,4.9950,4.9950,4.9950,6.6600,6.6600,161.5050,0.14043913,28.3050,26.4536,138.1950,140.0464,0.12016957,0.12177947,0.00434348,54.7619,50.4762,7.9286,33.3000,13.8750,230.0000,4.2000,,54.7619,30.0,40.0,65.0,108.0,155.9999,200.0,40.0,0.0,3.899998,5.0,1.369048,10,12,5,2,0E-8,0.14478261,,0E-8,0.000000,0.921739,0.428571,,2026-05-23,2026-07-01,5,12,12,40,0.125000,,,0.000000,,,,,,,,GLOBAL_BASELINE_NO_ENTITY_RANKING,,,NOT_APPLICABLE_GLOBAL_BASELINE,HF9g-P5,,,,X 全窗基线 · 不参与实体赏罚,6873410,688,A168_HF9F_20260827_0900,2026-08-27 09:00:00
2026-05-25,150457784,752,0,40.0000000000,-40.0000000000,-40.0000000000,0E-7,1,1,0.49324550000000000,0.493245500000,-0.9865810262130424,-0.9865810262130424,-0.9865810262130424,0E-17,ELIGIBLE,R03b_20260811_FULL_v1,L1_ELIGIBILITY,v2026-08-11,2026-03-21..2026-08-06,baccarat_bet02_101_all_pairs_incl_sentinel,round_win = game_pnl > 0 (decisive only),COMPATIBILITY_ONLY_NOT_PRODUCTION,1150.0000,1060.0000,166.5000,21,21,-0.14478261,,-0.14478261,-0.14478261,-166.5000,1150.0000,THIN_EXPOSURE,0.0000,4.9950,3.0000,97.0000,AG03-UNRESOLVED,ALL5_LEVELS_bet23_to_bet27,4.9950,4.9950,4.9950,6.6600,6.6600,3.000000,3.000000,3.000000,4.000000,4.000000,97.000000,97.000000,97.000000,96.000000,96.000000,5.0,28.3050,26.4536,138.1950,140.0464,PENDING_AG03,FALSE,NOT_FOR_ENFORCEMENT,161.5050,1028.2000,166.5000,161.5050,4.9950,0.14478261,0.14043913,4.9950,161.5050,0.14043913,4.9950,4.9950,4.9950,6.6600,6.6600,161.5050,0.14043913,28.3050,26.4536,138.1950,140.0464,0.12016957,0.12177947,0.00434348,54.7619,50.4762,7.9286,33.3000,13.8750,230.0000,4.2000,,54.7619,30.0,40.0,65.0,108.0,155.9999,200.0,40.0,0.0,3.899998,5.0,1.369048,10,12,5,2,0E-8,0.14478261,,0E-8,0.000000,0.921739,0.428571,,2026-05-23,2026-07-01,5,12,12,40,0.125000,,,0.000000,,,,,,,,GLOBAL_BASELINE_NO_ENTITY_RANKING,,,NOT_APPLICABLE_GLOBAL_BASELINE,HF9g-P5,,,,X 全窗基线 · 不参与实体赏罚,6873411,688,A168_HF9F_20260827_0900,2026-08-27 09:00:00
2026-06-11,150457784,-1,1,200.0000000000,-200.0000000000,-200.0000000000,0E-7,1,1,0.49324550000000000,0.493245500000,-0.9865810262130424,-0.9865810262130424,-0.9865810262130424,0E-17,SENTINEL_DEALER,R03b_20260811_FULL_v1,L1_ELIGIBILITY,v2026-08-11,2026-03-21..2026-08-06,baccarat_bet02_101_all_pairs_incl_sentinel,round_win = game_pnl > 0 (decisive only),COMPATIBILITY_ONLY_NOT_PRODUCTION,1150.0000,1060.0000,166.5000,21,21,-0.14478261,,-0.14478261,-0.14478261,-166.5000,1150.0000,THIN_EXPOSURE,0.0000,4.9950,3.0000,97.0000,AG03-UNRESOLVED,ALL5_LEVELS_bet23_to_bet27,4.9950,4.9950,4.9950,6.6600,6.6600,3.000000,3.000000,3.000000,4.000000,4.000000,97.000000,97.000000,97.000000,96.000000,96.000000,5.0,28.3050,26.4536,138.1950,140.0464,PENDING_AG03,FALSE,NOT_FOR_ENFORCEMENT,161.5050,1028.2000,166.5000,161.5050,4.9950,0.14478261,0.14043913,4.9950,161.5050,0.14043913,4.9950,4.9950,4.9950,6.6600,6.6600,161.5050,0.14043913,28.3050,26.4536,138.1950,140.0464,0.12016957,0.12177947,0.00434348,54.7619,50.4762,7.9286,33.3000,13.8750,230.0000,4.2000,,54.7619,30.0,40.0,65.0,108.0,155.9999,200.0,40.0,0.0,3.899998,5.0,1.369048,10,12,5,2,0E-8,0.14478261,,0E-8,0.000000,0.921739,0.428571,,2026-05-23,2026-07-01,5,12,12,40,0.125000,,,0.000000,,,,,,,,GLOBAL_BASELINE_NO_ENTITY_RANKING,,,NOT_APPLICABLE_GLOBAL_BASELINE,HF9g-P5,,,,X 全窗基线 · 不参与实体赏罚,6873412,688,A168_HF9F_20260827_0900,2026-08-27 09:00:00
2026-06-11,150457784,1384,0,120.0000000000,-120.0000000000,-120.0000000000,0E-7,1,1,0.50665070000000000,0.506650700000,-1.013391052207602,-1.013391052207602,-1.013391052207602,0E-17,ELIGIBLE,R03b_20260811_FULL_v1,L1_ELIGIBILITY,v2026-08-11,2026-03-21..2026-08-06,baccarat_bet02_101_all_pairs_incl_sentinel,round_win = game_pnl > 0 (decisive only),COMPATIBILITY_ONLY_NOT_PRODUCTION,1150.0000,1060.0000,166.5000,21,21,-0.14478261,,-0.14478261,-0.14478261,-166.5000,1150.0000,THIN_EXPOSURE,0.0000,4.9950,3.0000,97.0000,AG03-UNRESOLVED,ALL5_LEVELS_bet23_to_bet27,4.9950,4.9950,4.9950,6.6600,6.6600,3.000000,3.000000,3.000000,4.000000,4.000000,97.000000,97.000000,97.000000,96.000000,96.000000,5.0,28.3050,26.4536,138.1950,140.0464,PENDING_AG03,FALSE,NOT_FOR_ENFORCEMENT,161.5050,1028.2000,166.5000,161.5050,4.9950,0.14478261,0.14043913,4.9950,161.5050,0.14043913,4.9950,4.9950,4.9950,6.6600,6.6600,161.5050,0.14043913,28.3050,26.4536,138.1950,140.0464,0.12016957,0.12177947,0.00434348,54.7619,50.4762,7.9286,33.3000,13.8750,230.0000,4.2000,,54.7619,30.0,40.0,65.0,108.0,155.9999,200.0,40.0,0.0,3.899998,5.0,1.369048,10,12,5,2,0E-8,0.14478261,,0E-8,0.000000,0.921739,0.428571,,2026-05-23,2026-07-01,5,12,12,40,0.125000,,,0.000000,,,,,,,,GLOBAL_BASELINE_NO_ENTITY_RANKING,,,NOT_APPLICABLE_GLOBAL_BASELINE,HF9g-P5,,,,X 全窗基线 · 不参与实体赏罚,6873413,688,A168_HF9F_20260827_0900,2026-08-27 09:00:00
2026-07-01,150457784,-1,1,20.0000000000,20.0000000000,20.0000000000,1.0000000,1,1,0.49324550000000000,0.493245500000,1.01360149184955,1.01360149184955,1.01360149184955,0E-17,SENTINEL_DEALER,R03b_20260811_FULL_v1,L1_ELIGIBILITY,v2026-08-11,2026-03-21..2026-08-06,baccarat_bet02_101_all_pairs_incl_sentinel,round_win = game_pnl > 0 (decisive only),COMPATIBILITY_ONLY_NOT_PRODUCTION,1150.0000,1060.0000,166.5000,21,21,-0.14478261,,-0.14478261,-0.14478261,-166.5000,1150.0000,THIN_EXPOSURE,0.0000,4.9950,3.0000,97.0000,AG03-UNRESOLVED,ALL5_LEVELS_bet23_to_bet27,4.9950,4.9950,4.9950,6.6600,6.6600,3.000000,3.000000,3.000000,4.000000,4.000000,97.000000,97.000000,97.000000,96.000000,96.000000,5.0,28.3050,26.4536,138.1950,140.0464,PENDING_AG03,FALSE,NOT_FOR_ENFORCEMENT,161.5050,1028.2000,166.5000,161.5050,4.9950,0.14478261,0.14043913,4.9950,161.5050,0.14043913,4.9950,4.9950,4.9950,6.6600,6.6600,161.5050,0.14043913,28.3050,26.4536,138.1950,140.0464,0.12016957,0.12177947,0.00434348,54.7619,50.4762,7.9286,33.3000,13.8750,230.0000,4.2000,,54.7619,30.0,40.0,65.0,108.0,155.9999,200.0,40.0,0.0,3.899998,5.0,1.369048,10,12,5,2,0E-8,0.14478261,,0E-8,0.000000,0.921739,0.428571,,2026-05-23,2026-07-01,5,12,12,40,0.125000,,,0.000000,,,,,,,,GLOBAL_BASELINE_NO_ENTITY_RANKING,,,NOT_APPLICABLE_GLOBAL_BASELINE,HF9g-P5,,,,X 全窗基线 · 不参与实体赏罚,6873414,688,A168_HF9F_20260827_0900,2026-08-27 09:00:00
2026-04-06,144605130,1325,0,39.2639321519,32.3273041384,32.3273041384,0.6666667,3,3,0.50218230000000000,0.502182300000,0.5697959874915163,0.5697959874915164,0.5697959874915163,0E-17,ELIGIBLE,R03b_20260811_FULL_v1,L1_ELIGIBILITY,v2026-08-11,2026-03-21..2026-08-06,baccarat_bet02_101_all_pairs_incl_sentinel,round_win = game_pnl > 0 (decisive only),COMPATIBILITY_ONLY_NOT_PRODUCTION,341.7285,341.7285,168.2406,14,14,-0.49232225,,-0.49232225,-0.49232225,-168.2406,341.7285,THIN_EXPOSURE,0.0000,6.7296,4.0000,96.0000,AG03-UNRESOLVED,ALL5_LEVELS_bet23_to_bet27,6.7296,6.7296,8.4120,8.4120,8.4120,4.000000,4.000000,5.000000,5.000000,5.000000,96.000000,96.000000,95.000000,95.000000,95.000000,5.0,38.6953,35.3041,129.5452,132.9364,PENDING_AG03,FALSE,NOT_FOR_ENFORCEMENT,161.5109,328.0594,168.2406,161.5109,6.7296,0.49232225,0.47262936,6.7296,161.5109,0.47262936,6.7296,6.7296,8.4120,8.4120,8.4120,161.5109,0.47262936,38.6953,35.3041,129.5452,132.9364,0.37908814,0.38901178,0.01969289,24.4092,24.4092,12.0172,24.0344,16.8241,48.8184,2.0000,,24.4092,10.4704,25.8014,38.6591,51.0034,52.0523,52.3519,25.8014,-11.7792,2.017421,2.029035,0.946042,5,11,10,2,0E-8,0.49232225,,0E-8,0.000000,1.000000,0.000000,,2026-04-06,2026-05-24,7,10,10,49,0.142857,,,0.000000,,,,,,,,GLOBAL_BASELINE_NO_ENTITY_RANKING,,,NOT_APPLICABLE_GLOBAL_BASELINE,HF9g-P5,,,,X 全窗基线 · 不参与实体赏罚,6873415,688,A168_HF9F_20260827_0900,2026-08-27 09:00:00
2026-04-06,144605130,2223,0,13.0879773840,-13.0879773840,-13.0879773840,0E-7,2,2,0.49994810000000000,0.499948100000,-1.4140667746232096,-1.4140667746232096,-1.4140667746232096,0E-17,ELIGIBLE,R03b_20260811_FULL_v1,L1_ELIGIBILITY,v2026-08-11,2026-03-21..2026-08-06,baccarat_bet02_101_all_pairs_incl_sentinel,round_win = game_pnl > 0 (decisive only),COMPATIBILITY_ONLY_NOT_PRODUCTION,341.7285,341.7285,168.2406,14,14,-0.49232225,,-0.49232225,-0.49232225,-168.2406,341.7285,THIN_EXPOSURE,0.0000,6.7296,4.0000,96.0000,AG03-UNRESOLVED,ALL5_LEVELS_bet23_to_bet27,6.7296,6.7296,8.4120,8.4120,8.4120,4.000000,4.000000,5.000000,5.000000,5.000000,96.000000,96.000000,95.000000,95.000000,95.000000,5.0,38.6953,35.3041,129.5452,132.9364,PENDING_AG03,FALSE,NOT_FOR_ENFORCEMENT,161.5109,328.0594,168.2406,161.5109,6.7296,0.49232225,0.47262936,6.7296,161.5109,0.47262936,6.7296,6.7296,8.4120,8.4120,8.4120,161.5109,0.47262936,38.6953,35.3041,129.5452,132.9364,0.37908814,0.38901178,0.01969289,24.4092,24.4092,12.0172,24.0344,16.8241,48.8184,2.0000,,24.4092,10.4704,25.8014,38.6591,51.0034,52.0523,52.3519,25.8014,-11.7792,2.017421,2.029035,0.946042,5,11,10,2,0E-8,0.49232225,,0E-8,0.000000,1.000000,0.000000,,2026-04-06,2026-05-24,7,10,10,49,0.142857,,,0.000000,,,,,,,,GLOBAL_BASELINE_NO_ENTITY_RANKING,,,NOT_APPLICABLE_GLOBAL_BASELINE,HF9g-P5,,,,X 全窗基线 · 不参与实体赏罚,6873416,688,A168_HF9F_20260827_0900,2026-08-27 09:00:00
2026-04-06,144605130,986,0,52.3519095359,-52.3519095359,-52.3519095359,0E-7,1,1,0.50665070000000000,0.506650700000,-1.013391052207602,-1.013391052207602,-1.013391052207602,0E-17,ELIGIBLE,R03b_20260811_FULL_v1,L1_ELIGIBILITY,v2026-08-11,2026-03-21..2026-08-06,baccarat_bet02_101_all_pairs_incl_sentinel,round_win = game_pnl > 0 (decisive only),COMPATIBILITY_ONLY_NOT_PRODUCTION,341.7285,341.7285,168.2406,14,14,-0.49232225,,-0.49232225,-0.49232225,-168.2406,341.7285,THIN_EXPOSURE,0.0000,6.7296,4.0000,96.0000,AG03-UNRESOLVED,ALL5_LEVELS_bet23_to_bet27,6.7296,6.7296,8.4120,8.4120,8.4120,4.000000,4.000000,5.000000,5.000000,5.000000,96.000000,96.000000,95.000000,95.000000,95.000000,5.0,38.6953,35.3041,129.5452,132.9364,PENDING_AG03,FALSE,NOT_FOR_ENFORCEMENT,161.5109,328.0594,168.2406,161.5109,6.7296,0.49232225,0.47262936,6.7296,161.5109,0.47262936,6.7296,6.7296,8.4120,8.4120,8.4120,161.5109,0.47262936,38.6953,35.3041,129.5452,132.9364,0.37908814,0.38901178,0.01969289,24.4092,24.4092,12.0172,24.0344,16.8241,48.8184,2.0000,,24.4092,10.4704,25.8014,38.6591,51.0034,52.0523,52.3519,25.8014,-11.7792,2.017421,2.029035,0.946042,5,11,10,2,0E-8,0.49232225,,0E-8,0.000000,1.000000,0.000000,,2026-04-06,2026-05-24,7,10,10,49,0.142857,,,0.000000,,,,,,,,GLOBAL_BASELINE_NO_ENTITY_RANKING,,,NOT_APPLICABLE_GLOBAL_BASELINE,HF9g-P5,,,,X 全窗基线 · 不参与实体赏罚,6873417,688,A168_HF9F_20260827_0900,2026-08-27 09:00:00
2026-04-15,144605130,1990,0,26.1759547680,24.8671570296,24.8671570296,1.0000000,1,1,0.50665070000000000,0.506650700000,0.9867858985152569,0.9867858985152569,0.9867858985152569,0E-17,ELIGIBLE,R03b_20260811_FULL_v1,L1_ELIGIBILITY,v2026-08-11,2026-03-21..2026-08-06,baccarat_bet02_101_all_pairs_incl_sentinel,round_win = game_pnl > 0 (decisive only),COMPATIBILITY_ONLY_NOT_PRODUCTION,341.7285,341.7285,168.2406,14,14,-0.49232225,,-0.49232225,-0.49232225,-168.2406,341.7285,THIN_EXPOSURE,0.0000,6.7296,4.0000,96.0000,AG03-UNRESOLVED,ALL5_LEVELS_bet23_to_bet27,6.7296,6.7296,8.4120,8.4120,8.4120,4.000000,4.000000,5.000000,5.000000,5.000000,96.000000,96.000000,95.000000,95.000000,95.000000,5.0,38.6953,35.3041,129.5452,132.9364,PENDING_AG03,FALSE,NOT_FOR_ENFORCEMENT,161.5109,328.0594,168.2406,161.5109,6.7296,0.49232225,0.47262936,6.7296,161.5109,0.47262936,6.7296,6.7296,8.4120,8.4120,8.4120,161.5109,0.47262936,38.6953,35.3041,129.5452,132.9364,0.37908814,0.38901178,0.01969289,24.4092,24.4092,12.0172,24.0344,16.8241,48.8184,2.0000,,24.4092,10.4704,25.8014,38.6591,51.0034,52.0523,52.3519,25.8014,-11.7792,2.017421,2.029035,0.946042,5,11,10,2,0E-8,0.49232225,,0E-8,0.000000,1.000000,0.000000,,2026-04-06,2026-05-24,7,10,10,49,0.142857,,,0.000000,,,,,,,,GLOBAL_BASELINE_NO_ENTITY_RANKING,,,NOT_APPLICABLE_GLOBAL_BASELINE,HF9g-P5,,,,X 全窗基线 · 不参与实体赏罚,6873418,688,A168_HF9F_20260827_0900,2026-08-27 09:00:00
2026-04-15,144605130,2088,0,26.1759547680,-26.1759547680,-26.1759547680,0E-7,1,1,0.49324550000000000,0.493245500000,-0.9865810262130424,-0.9865810262130424,-0.9865810262130424,0E-17,ELIGIBLE,R03b_20260811_FULL_v1,L1_ELIGIBILITY,v2026-08-11,2026-03-21..2026-08-06,baccarat_bet02_101_all_pairs_incl_sentinel,round_win = game_pnl > 0 (decisive only),COMPATIBILITY_ONLY_NOT_PRODUCTION,341.7285,341.7285,168.2406,14,14,-0.49232225,,-0.49232225,-0.49232225,-168.2406,341.7285,THIN_EXPOSURE,0.0000,6.7296,4.0000,96.0000,AG03-UNRESOLVED,ALL5_LEVELS_bet23_to_bet27,6.7296,6.7296,8.4120,8.4120,8.4120,4.000000,4.000000,5.000000,5.000000,5.000000,96.000000,96.000000,95.000000,95.000000,95.000000,5.0,38.6953,35.3041,129.5452,132.9364,PENDING_AG03,FALSE,NOT_FOR_ENFORCEMENT,161.5109,328.0594,168.2406,161.5109,6.7296,0.49232225,0.47262936,6.7296,161.5109,0.47262936,6.7296,6.7296,8.4120,8.4120,8.4120,161.5109,0.47262936,38.6953,35.3041,129.5452,132.9364,0.37908814,0.38901178,0.01969289,24.4092,24.4092,12.0172,24.0344,16.8241,48.8184,2.0000,,24.4092,10.4704,25.8014,38.6591,51.0034,52.0523,52.3519,25.8014,-11.7792,2.017421,2.029035,0.946042,5,11,10,2,0E-8,0.49232225,,0E-8,0.000000,1.000000,0.000000,,2026-04-06,2026-05-24,7,10,10,49,0.142857,,,0.000000,,,,,,,,GLOBAL_BASELINE_NO_ENTITY_RANKING,,,NOT_APPLICABLE_GLOBAL_BASELINE,HF9g-P5,,,,X 全窗基线 · 不参与实体赏罚,6873419,688,A168_HF9F_20260827_0900,2026-08-27 09:00:00
2026-04-16,144605130,2251,0,13.0879773840,-13.0879773840,-13.0879773840,0E-7,1,1,0.50665070000000000,0.506650700000,-1.013391052207602,-1.013391052207602,-1.013391052207602,0E-17,ELIGIBLE,R03b_20260811_FULL_v1,L1_ELIGIBILITY,v2026-08-11,2026-03-21..2026-08-06,baccarat_bet02_101_all_pairs_incl_sentinel,round_win = game_pnl > 0 (decisive only),COMPATIBILITY_ONLY_NOT_PRODUCTION,341.7285,341.7285,168.2406,14,14,-0.49232225,,-0.49232225,-0.49232225,-168.2406,341.7285,THIN_EXPOSURE,0.0000,6.7296,4.0000,96.0000,AG03-UNRESOLVED,ALL5_LEVELS_bet23_to_bet27,6.7296,6.7296,8.4120,8.4120,8.4120,4.000000,4.000000,5.000000,5.000000,5.000000,96.000000,96.000000,95.000000,95.000000,95.000000,5.0,38.6953,35.3041,129.5452,132.9364,PENDING_AG03,FALSE,NOT_FOR_ENFORCEMENT,161.5109,328.0594,168.2406,161.5109,6.7296,0.49232225,0.47262936,6.7296,161.5109,0.47262936,6.7296,6.7296,8.4120,8.4120,8.4120,161.5109,0.47262936,38.6953,35.3041,129.5452,132.9364,0.37908814,0.38901178,0.01969289,24.4092,24.4092,12.0172,24.0344,16.8241,48.8184,2.0000,,24.4092,10.4704,25.8014,38.6591,51.0034,52.0523,52.3519,25.8014,-11.7792,2.017421,2.029035,0.946042,5,11,10,2,0E-8,0.49232225,,0E-8,0.000000,1.000000,0.000000,,2026-04-06,2026-05-24,7,10,10,49,0.142857,,,0.000000,,,,,,,,GLOBAL_BASELINE_NO_ENTITY_RANKING,,,NOT_APPLICABLE_GLOBAL_BASELINE,HF9g-P5,,,,X 全窗基线 · 不参与实体赏罚,6873420,688,A168_HF9F_20260827_0900,2026-08-27 09:00:00
2026-04-18,144605130,2103,0,39.0021726042,-39.0021726042,-39.0021726042,0E-7,1,1,0.49324550000000000,0.493245500000,-0.9865810262130424,-0.9865810262130424,-0.9865810262130424,0E-17,ELIGIBLE,R03b_20260811_FULL_v1,L1_ELIGIBILITY,v2026-08-11,2026-03-21..2026-08-06,baccarat_bet02_101_all_pairs_incl_sentinel,round_win = game_pnl > 0 (decisive only),COMPATIBILITY_ONLY_NOT_PRODUCTION,341.7285,341.7285,168.2406,14,14,-0.49232225,,-0.49232225,-0.49232225,-168.2406,341.7285,THIN_EXPOSURE,0.0000,6.7296,4.0000,96.0000,AG03-UNRESOLVED,ALL5_LEVELS_bet23_to_bet27,6.7296,6.7296,8.4120,8.4120,8.4120,4.000000,4.000000,5.000000,5.000000,5.000000,96.000000,96.000000,95.000000,95.000000,95.000000,5.0,38.6953,35.3041,129.5452,132.9364,PENDING_AG03,FALSE,NOT_FOR_ENFORCEMENT,161.5109,328.0594,168.2406,161.5109,6.7296,0.49232225,0.47262936,6.7296,161.5109,0.47262936,6.7296,6.7296,8.4120,8.4120,8.4120,161.5109,0.47262936,38.6953,35.3041,129.5452,132.9364,0.37908814,0.38901178,0.01969289,24.4092,24.4092,12.0172,24.0344,16.8241,48.8184,2.0000,,24.4092,10.4704,25.8014,38.6591,51.0034,52.0523,52.3519,25.8014,-11.7792,2.017421,2.029035,0.946042,5,11,10,2,0E-8,0.49232225,,0E-8,0.000000,1.000000,0.000000,,2026-04-06,2026-05-24,7,10,10,49,0.142857,,,0.000000,,,,,,,,GLOBAL_BASELINE_NO_ENTITY_RANKING,,,NOT_APPLICABLE_GLOBAL_BASELINE,HF9g-P5,,,,X 全窗基线 · 不参与实体赏罚,6873421,688,A168_HF9F_20260827_0900,2026-08-27 09:00:00
2026-05-07,144605130,1307,0,50.8536142390,-50.8536142390,-50.8536142390,0E-7,1,1,0.50665070000000000,0.506650700000,-1.013391052207602,-1.013391052207602,-1.013391052207602,0E-17,ELIGIBLE,R03b_20260811_FULL_v1,L1_ELIGIBILITY,v2026-08-11,2026-03-21..2026-08-06,baccarat_bet02_101_all_pairs_incl_sentinel,round_win = game_pnl > 0 (decisive only),COMPATIBILITY_ONLY_NOT_PRODUCTION,341.7285,341.7285,168.2406,14,14,-0.49232225,,-0.49232225,-0.49232225,-168.2406,341.7285,THIN_EXPOSURE,0.0000,6.7296,4.0000,96.0000,AG03-UNRESOLVED,ALL5_LEVELS_bet23_to_bet27,6.7296,6.7296,8.4120,8.4120,8.4120,4.000000,4.000000,5.000000,5.000000,5.000000,96.000000,96.000000,95.000000,95.000000,95.000000,5.0,38.6953,35.3041,129.5452,132.9364,PENDING_AG03,FALSE,NOT_FOR_ENFORCEMENT,161.5109,328.0594,168.2406,161.5109,6.7296,0.49232225,0.47262936,6.7296,161.5109,0.47262936,6.7296,6.7296,8.4120,8.4120,8.4120,161.5109,0.47262936,38.6953,35.3041,129.5452,132.9364,0.37908814,0.38901178,0.01969289,24.4092,24.4092,12.0172,24.0344,16.8241,48.8184,2.0000,,24.4092,10.4704,25.8014,38.6591,51.0034,52.0523,52.3519,25.8014,-11.7792,2.017421,2.029035,0.946042,5,11,10,2,0E-8,0.49232225,,0E-8,0.000000,1.000000,0.000000,,2026-04-06,2026-05-24,7,10,10,49,0.142857,,,0.000000,,,,,,,,GLOBAL_BASELINE_NO_ENTITY_RANKING,,,NOT_APPLICABLE_GLOBAL_BASELINE,HF9g-P5,,,,X 全窗基线 · 不参与实体赏罚,6873422,688,A168_HF9F_20260827_0900,2026-08-27 09:00:00
2026-05-07,144605130,2174,0,25.4268071195,25.4268071195,25.4268071195,1.0000000,1,1,0.49324550000000000,0.493245500000,1.01360149184955,1.01360149184955,1.01360149184955,0E-17,ELIGIBLE,R03b_20260811_FULL_v1,L1_ELIGIBILITY,v2026-08-11,2026-03-21..2026-08-06,baccarat_bet02_101_all_pairs_incl_sentinel,round_win = game_pnl > 0 (decisive only),COMPATIBILITY_ONLY_NOT_PRODUCTION,341.7285,341.7285,168.2406,14,14,-0.49232225,,-0.49232225,-0.49232225,-168.2406,341.7285,THIN_EXPOSURE,0.0000,6.7296,4.0000,96.0000,AG03-UNRESOLVED,ALL5_LEVELS_bet23_to_bet27,6.7296,6.7296,8.4120,8.4120,8.4120,4.000000,4.000000,5.000000,5.000000,5.000000,96.000000,96.000000,95.000000,95.000000,95.000000,5.0,38.6953,35.3041,129.5452,132.9364,PENDING_AG03,FALSE,NOT_FOR_ENFORCEMENT,161.5109,328.0594,168.2406,161.5109,6.7296,0.49232225,0.47262936,6.7296,161.5109,0.47262936,6.7296,6.7296,8.4120,8.4120,8.4120,161.5109,0.47262936,38.6953,35.3041,129.5452,132.9364,0.37908814,0.38901178,0.01969289,24.4092,24.4092,12.0172,24.0344,16.8241,48.8184,2.0000,,24.4092,10.4704,25.8014,38.6591,51.0034,52.0523,52.3519,25.8014,-11.7792,2.017421,2.029035,0.946042,5,11,10,2,0E-8,0.49232225,,0E-8,0.000000,1.000000,0.000000,,2026-04-06,2026-05-24,7,10,10,49,0.142857,,,0.000000,,,,,,,,GLOBAL_BASELINE_NO_ENTITY_RANKING,,,NOT_APPLICABLE_GLOBAL_BASELINE,HF9g-P5,,,,X 全窗基线 · 不参与实体赏罚,6873423,688,A168_HF9F_20260827_0900,2026-08-27 09:00:00
2026-05-12,144605130,2233,0,17.6430906544,-17.6430906544,-17.6430906544,0E-7,1,1,0.49324550000000000,0.493245500000,-0.9865810262130424,-0.9865810262130424,-0.9865810262130424,0E-17,ELIGIBLE,R03b_20260811_FULL_v1,L1_ELIGIBILITY,v2026-08-11,2026-03-21..2026-08-06,baccarat_bet02_101_all_pairs_incl_sentinel,round_win = game_pnl > 0 (decisive only),COMPATIBILITY_ONLY_NOT_PRODUCTION,341.7285,341.7285,168.2406,14,14,-0.49232225,,-0.49232225,-0.49232225,-168.2406,341.7285,THIN_EXPOSURE,0.0000,6.7296,4.0000,96.0000,AG03-UNRESOLVED,ALL5_LEVELS_bet23_to_bet27,6.7296,6.7296,8.4120,8.4120,8.4120,4.000000,4.000000,5.000000,5.000000,5.000000,96.000000,96.000000,95.000000,95.000000,95.000000,5.0,38.6953,35.3041,129.5452,132.9364,PENDING_AG03,FALSE,NOT_FOR_ENFORCEMENT,161.5109,328.0594,168.2406,161.5109,6.7296,0.49232225,0.47262936,6.7296,161.5109,0.47262936,6.7296,6.7296,8.4120,8.4120,8.4120,161.5109,0.47262936,38.6953,35.3041,129.5452,132.9364,0.37908814,0.38901178,0.01969289,24.4092,24.4092,12.0172,24.0344,16.8241,48.8184,2.0000,,24.4092,10.4704,25.8014,38.6591,51.0034,52.0523,52.3519,25.8014,-11.7792,2.017421,2.029035,0.946042,5,11,10,2,0E-8,0.49232225,,0E-8,0.000000,1.000000,0.000000,,2026-04-06,2026-05-24,7,10,10,49,0.142857,,,0.000000,,,,,,,,GLOBAL_BASELINE_NO_ENTITY_RANKING,,,NOT_APPLICABLE_GLOBAL_BASELINE,HF9g-P5,,,,X 全窗基线 · 不参与实体赏罚,6873424,688,A168_HF9F_20260827_0900,2026-08-27 09:00:00
2026-05-24,144605130,1396,0,38.6591251103,-38.6591251103,-38.6591251103,0E-7,1,1,0.50665070000000000,0.506650700000,-1.013391052207602,-1.013391052207602,-1.013391052207602,0E-17,ELIGIBLE,R03b_20260811_FULL_v1,L1_ELIGIBILITY,v2026-08-11,2026-03-21..2026-08-06,baccarat_bet02_101_all_pairs_incl_sentinel,round_win = game_pnl > 0 (decisive only),COMPATIBILITY_ONLY_NOT_PRODUCTION,341.7285,341.7285,168.2406,14,14,-0.49232225,,-0.49232225,-0.49232225,-168.2406,341.7285,THIN_EXPOSURE,0.0000,6.7296,4.0000,96.0000,AG03-UNRESOLVED,ALL5_LEVELS_bet23_to_bet27,6.7296,6.7296,8.4120,8.4120,8.4120,4.000000,4.000000,5.000000,5.000000,5.000000,96.000000,96.000000,95.000000,95.000000,95.000000,5.0,38.6953,35.3041,129.5452,132.9364,PENDING_AG03,FALSE,NOT_FOR_ENFORCEMENT,161.5109,328.0594,168.2406,161.5109,6.7296,0.49232225,0.47262936,6.7296,161.5109,0.47262936,6.7296,6.7296,8.4120,8.4120,8.4120,161.5109,0.47262936,38.6953,35.3041,129.5452,132.9364,0.37908814,0.38901178,0.01969289,24.4092,24.4092,12.0172,24.0344,16.8241,48.8184,2.0000,,24.4092,10.4704,25.8014,38.6591,51.0034,52.0523,52.3519,25.8014,-11.7792,2.017421,2.029035,0.946042,5,11,10,2,0E-8,0.49232225,,0E-8,0.000000,1.000000,0.000000,,2026-04-06,2026-05-24,7,10,10,49,0.142857,,,0.000000,,,,,,,,GLOBAL_BASELINE_NO_ENTITY_RANKING,,,NOT_APPLICABLE_GLOBAL_BASELINE,HF9g-P5,,,,X 全窗基线 · 不参与实体赏罚,6873425,688,A168_HF9F_20260827_0900,2026-08-27 09:00:00
2026-06-23,101612835,-1,1,122.5515651290,-18.6943065452,-18.6943065452,0.5000000,5,2,0.44559666323503763,0.343700000000,0.15479490162756313,0.46540710352590414,0.15479490162756313,0.10189666323503763,SENTINEL_DEALER,R03b_20260811_FULL_v1,L1_ELIGIBILITY,v2026-08-11,2026-03-21..2026-08-06,baccarat_bet02_101_all_pairs_incl_sentinel,round_win = game_pnl > 0 (decisive only),COMPATIBILITY_ONLY_NOT_PRODUCTION,272.1060,272.1060,168.2488,11,5,-0.61832061,,-0.61832061,-0.61832061,-168.2488,272.1060,THIN_EXPOSURE,0.0000,6.7300,4.0000,96.0000,AG03-UNRESOLVED,ALL5_LEVELS_bet23_to_bet27,6.7300,6.7300,6.7300,10.0949,0.0000,4.000000,4.000000,4.000000,6.000000,0.000000,96.000000,96.000000,96.000000,94.000000,100.000000,5.0,30.2848,28.3244,137.9640,139.9244,PENDING_AG03,FALSE,NOT_FOR_ENFORCEMENT,161.5188,261.2218,168.2488,161.5188,6.7300,0.61832061,0.59358779,6.7300,161.5188,0.59358779,6.7300,6.7300,6.7300,10.0949,0.0000,161.5188,0.59358779,30.2848,28.3244,137.9640,139.9244,0.50702290,0.51422747,0.02473282,24.7369,54.4212,33.6498,168.2488,56.0829,272.1060,5.0000,,24.7369,8.3086,10.3857,46.7358,56.0829,61.7951,62.3144,10.3857,-8.3086,5.95,6.0,2.381818,3,3,1,5,0E-8,0.61832061,,0E-8,0.000000,1.000000,0.000000,,2026-06-23,2026-06-23,1,3,3,1,1.000000,,,0.000000,,,,,,,,GLOBAL_BASELINE_NO_ENTITY_RANKING,,,NOT_APPLICABLE_GLOBAL_BASELINE,HF9g-P5,,,,X 全窗基线 · 不参与实体赏罚,6873426,688,A168_HF9F_20260827_0900,2026-08-27 09:00:00
2026-06-23,101612835,1942,0,87.2400972104,-87.2400972104,-87.2400972104,0E-7,4,1,0.37419932857149680,0.180749300000,-0.7732741451940296,-0.46971010292323057,-0.7732741451940296,0.19345002857149680,ELIGIBLE,R03b_20260811_FULL_v1,L1_ELIGIBILITY,v2026-08-11,2026-03-21..2026-08-06,baccarat_bet02_101_all_pairs_incl_sentinel,round_win = game_pnl > 0 (decisive only),COMPATIBILITY_ONLY_NOT_PRODUCTION,272.1060,272.1060,168.2488,11,5,-0.61832061,,-0.61832061,-0.61832061,-168.2488,272.1060,THIN_EXPOSURE,0.0000,6.7300,4.0000,96.0000,AG03-UNRESOLVED,ALL5_LEVELS_bet23_to_bet27,6.7300,6.7300,6.7300,10.0949,0.0000,4.000000,4.000000,4.000000,6.000000,0.000000,96.000000,96.000000,96.000000,94.000000,100.000000,5.0,30.2848,28.3244,137.9640,139.9244,PENDING_AG03,FALSE,NOT_FOR_ENFORCEMENT,161.5188,261.2218,168.2488,161.5188,6.7300,0.61832061,0.59358779,6.7300,161.5188,0.59358779,6.7300,6.7300,6.7300,10.0949,0.0000,161.5188,0.59358779,30.2848,28.3244,137.9640,139.9244,0.50702290,0.51422747,0.02473282,24.7369,54.4212,33.6498,168.2488,56.0829,272.1060,5.0000,,24.7369,8.3086,10.3857,46.7358,56.0829,61.7951,62.3144,10.3857,-8.3086,5.95,6.0,2.381818,3,3,1,5,0E-8,0.61832061,,0E-8,0.000000,1.000000,0.000000,,2026-06-23,2026-06-23,1,3,3,1,1.000000,,,0.000000,,,,,,,,GLOBAL_BASELINE_NO_ENTITY_RANKING,,,NOT_APPLICABLE_GLOBAL_BASELINE,HF9g-P5,,,,X 全窗基线 · 不参与实体赏罚,6873427,688,A168_HF9F_20260827_0900,2026-08-27 09:00:00
2026-06-23,101612835,2177,0,62.3143551502,-62.3143551502,-62.3143551502,0E-7,2,2,0.49994810000000000,0.499948100000,-1.4140667746232096,-1.4140667746232096,-1.4140667746232096,0E-17,ELIGIBLE,R03b_20260811_FULL_v1,L1_ELIGIBILITY,v2026-08-11,2026-03-21..2026-08-06,baccarat_bet02_101_all_pairs_incl_sentinel,round_win = game_pnl > 0 (decisive only),COMPATIBILITY_ONLY_NOT_PRODUCTION,272.1060,272.1060,168.2488,11,5,-0.61832061,,-0.61832061,-0.61832061,-168.2488,272.1060,THIN_EXPOSURE,0.0000,6.7300,4.0000,96.0000,AG03-UNRESOLVED,ALL5_LEVELS_bet23_to_bet27,6.7300,6.7300,6.7300,10.0949,0.0000,4.000000,4.000000,4.000000,6.000000,0.000000,96.000000,96.000000,96.000000,94.000000,100.000000,5.0,30.2848,28.3244,137.9640,139.9244,PENDING_AG03,FALSE,NOT_FOR_ENFORCEMENT,161.5188,261.2218,168.2488,161.5188,6.7300,0.61832061,0.59358779,6.7300,161.5188,0.59358779,6.7300,6.7300,6.7300,10.0949,0.0000,161.5188,0.59358779,30.2848,28.3244,137.9640,139.9244,0.50702290,0.51422747,0.02473282,24.7369,54.4212,33.6498,168.2488,56.0829,272.1060,5.0000,,24.7369,8.3086,10.3857,46.7358,56.0829,61.7951,62.3144,10.3857,-8.3086,5.95,6.0,2.381818,3,3,1,5,0E-8,0.61832061,,0E-8,0.000000,1.000000,0.000000,,2026-06-23,2026-06-23,1,3,3,1,1.000000,,,0.000000,,,,,,,,GLOBAL_BASELINE_NO_ENTITY_RANKING,,,NOT_APPLICABLE_GLOBAL_BASELINE,HF9g-P5,,,,X 全窗基线 · 不参与实体赏罚,6873428,688,A168_HF9F_20260827_0900,2026-08-27 09:00:00
2026-06-04,151002355,-1,1,249.2574206011,-168.2487589058,-168.2487589058,0.2000000,5,5,0.50396966000000000,0.503969660000,-1.3594364909357963,-1.3594364909357963,-1.3594364909357963,0E-17,SENTINEL_DEALER,R03b_20260811_FULL_v1,L1_ELIGIBILITY,v2026-08-11,2026-03-21..2026-08-06,baccarat_bet02_101_all_pairs_incl_sentinel,round_win = game_pnl > 0 (decisive only),COMPATIBILITY_ONLY_NOT_PRODUCTION,249.2574,249.2574,168.2488,5,5,-0.67500000,,-0.67500000,-0.67500000,-168.2488,249.2574,THIN_EXPOSURE,0.0000,6.7300,4.0000,96.0000,AG03-UNRESOLVED,ALL5_LEVELS_bet23_to_bet27,6.7300,6.7300,6.7300,6.7300,6.7300,4.000000,4.000000,4.000000,4.000000,4.000000,96.000000,96.000000,96.000000,96.000000,96.000000,5.0,33.6498,31.0633,134.5990,137.1854,PENDING_AG03,FALSE,NOT_FOR_ENFORCEMENT,161.5188,239.2871,168.2488,161.5188,6.7300,0.67500000,0.64800000,6.7300,161.5188,0.64800000,6.7300,6.7300,6.7300,6.7300,6.7300,161.5188,0.64800000,33.6498,31.0633,134.5990,137.1854,0.54000000,0.55037657,0.02700000,49.8515,49.8515,33.6498,168.2488,168.2488,249.2574,5.0000,,49.8515,41.5429,41.5429,62.3144,62.3144,62.3144,62.3144,41.5429,-41.5429,1.5,1.5,1.2,1,1,1,2,0E-8,0.67500000,,0E-8,0.000000,1.000000,0.000000,,2026-06-04,2026-06-04,1,1,1,1,1.000000,,,0.000000,,,,,,,,GLOBAL_BASELINE_NO_ENTITY_RANKING,,,NOT_APPLICABLE_GLOBAL_BASELINE,HF9g-P5,,,,X 全窗基线 · 不参与实体赏罚,6873429,688,A168_HF9F_20260827_0900,2026-08-27 09:00:00
2026-06-10,151253163,-1,1,20.7714517168,-20.7714517168,-20.7714517168,0E-7,1,1,0.50665070000000000,0.506650700000,-1.013391052207602,-1.013391052207602,-1.013391052207602,0E-17,SENTINEL_DEALER,R03b_20260811_FULL_v1,L1_ELIGIBILITY,v2026-08-11,2026-03-21..2026-08-06,baccarat_bet02_101_all_pairs_incl_sentinel,round_win = game_pnl > 0 (decisive only),COMPATIBILITY_ONLY_NOT_PRODUCTION,168.2488,168.2488,168.2488,5,5,-1.00000000,,-1.00000000,-1.00000000,-168.2488,168.2488,THIN_EXPOSURE,0.0000,6.7300,4.0000,96.0000,AG03-UNRESOLVED,ALL5_LEVELS_bet23_to_bet27,6.7300,6.7300,6.7300,6.7300,6.7300,4.000000,4.000000,4.000000,4.000000,4.000000,96.000000,96.000000,96.000000,96.000000,96.000000,5.0,33.6498,31.0633,134.5990,137.1854,PENDING_AG03,FALSE,NOT_FOR_ENFORCEMENT,161.5188,161.5188,168.2488,161.5188,6.7300,1.00000000,0.96000000,6.7300,161.5188,0.96000000,6.7300,6.7300,6.7300,6.7300,6.7300,161.5188,0.96000000,33.6498,31.0633,134.5990,137.1854,0.80000000,0.8153727,0.04000000,33.6498,33.6498,33.6498,168.2488,42.0622,168.2488,5.0000,,33.6498,20.7715,27.0029,48.8129,51.9286,51.9286,51.9286,27.0029,-27.0029,1.923077,1.923077,1.246154,4,3,1,2,0E-8,1.00000000,,0E-8,0.000000,1.000000,0.000000,,2026-06-10,2026-06-10,1,4,4,1,1.000000,,,0.000000,,,,,,,,GLOBAL_BASELINE_NO_ENTITY_RANKING,,,NOT_APPLICABLE_GLOBAL_BASELINE,HF9g-P5,,,,X 全窗基线 · 不参与实体赏罚,6873430,688,A168_HF9F_20260827_0900,2026-08-27 09:00:00
2026-06-10,151253163,2223,0,126.7058554722,-126.7058554722,-126.7058554722,0E-7,3,3,0.49771390000000000,0.497713900000,-1.724149546644903,-1.724149546644903,-1.724149546644903,0E-17,ELIGIBLE,R03b_20260811_FULL_v1,L1_ELIGIBILITY,v2026-08-11,2026-03-21..2026-08-06,baccarat_bet02_101_all_pairs_incl_sentinel,round_win = game_pnl > 0 (decisive only),COMPATIBILITY_ONLY_NOT_PRODUCTION,168.2488,168.2488,168.2488,5,5,-1.00000000,,-1.00000000,-1.00000000,-168.2488,168.2488,THIN_EXPOSURE,0.0000,6.7300,4.0000,96.0000,AG03-UNRESOLVED,ALL5_LEVELS_bet23_to_bet27,6.7300,6.7300,6.7300,6.7300,6.7300,4.000000,4.000000,4.000000,4.000000,4.000000,96.000000,96.000000,96.000000,96.000000,96.000000,5.0,33.6498,31.0633,134.5990,137.1854,PENDING_AG03,FALSE,NOT_FOR_ENFORCEMENT,161.5188,161.5188,168.2488,161.5188,6.7300,1.00000000,0.96000000,6.7300,161.5188,0.96000000,6.7300,6.7300,6.7300,6.7300,6.7300,161.5188,0.96000000,33.6498,31.0633,134.5990,137.1854,0.80000000,0.8153727,0.04000000,33.6498,33.6498,33.6498,168.2488,42.0622,168.2488,5.0000,,33.6498,20.7715,27.0029,48.8129,51.9286,51.9286,51.9286,27.0029,-27.0029,1.923077,1.923077,1.246154,4,3,1,2,0E-8,1.00000000,,0E-8,0.000000,1.000000,0.000000,,2026-06-10,2026-06-10,1,4,4,1,1.000000,,,0.000000,,,,,,,,GLOBAL_BASELINE_NO_ENTITY_RANKING,,,NOT_APPLICABLE_GLOBAL_BASELINE,HF9g-P5,,,,X 全窗基线 · 不参与实体赏罚,6873431,688,A168_HF9F_20260827_0900,2026-08-27 09:00:00
2026-06-10,151253163,2229,0,20.7714517168,-20.7714517168,-20.7714517168,0E-7,1,1,0.49324550000000000,0.493245500000,-0.9865810262130424,-0.9865810262130424,-0.9865810262130424,0E-17,ELIGIBLE,R03b_20260811_FULL_v1,L1_ELIGIBILITY,v2026-08-11,2026-03-21..2026-08-06,baccarat_bet02_101_all_pairs_incl_sentinel,round_win = game_pnl > 0 (decisive only),COMPATIBILITY_ONLY_NOT_PRODUCTION,168.2488,168.2488,168.2488,5,5,-1.00000000,,-1.00000000,-1.00000000,-168.2488,168.2488,THIN_EXPOSURE,0.0000,6.7300,4.0000,96.0000,AG03-UNRESOLVED,ALL5_LEVELS_bet23_to_bet27,6.7300,6.7300,6.7300,6.7300,6.7300,4.000000,4.000000,4.000000,4.000000,4.000000,96.000000,96.000000,96.000000,96.000000,96.000000,5.0,33.6498,31.0633,134.5990,137.1854,PENDING_AG03,FALSE,NOT_FOR_ENFORCEMENT,161.5188,161.5188,168.2488,161.5188,6.7300,1.00000000,0.96000000,6.7300,161.5188,0.96000000,6.7300,6.7300,6.7300,6.7300,6.7300,161.5188,0.96000000,33.6498,31.0633,134.5990,137.1854,0.80000000,0.8153727,0.04000000,33.6498,33.6498,33.6498,168.2488,42.0622,168.2488,5.0000,,33.6498,20.7715,27.0029,48.8129,51.9286,51.9286,51.9286,27.0029,-27.0029,1.923077,1.923077,1.246154,4,3,1,2,0E-8,1.00000000,,0E-8,0.000000,1.000000,0.000000,,2026-06-10,2026-06-10,1,4,4,1,1.000000,,,0.000000,,,,,,,,GLOBAL_BASELINE_NO_ENTITY_RANKING,,,NOT_APPLICABLE_GLOBAL_BASELINE,HF9g-P5,,,,X 全窗基线 · 不参与实体赏罚,6873432,688,A168_HF9F_20260827_0900,2026-08-27 09:00:00
2026-06-12,127615579,2196,0,31.1571775751,-31.1571775751,-31.1571775751,0E-7,1,1,0.50665070000000000,0.506650700000,-1.013391052207602,-1.013391052207602,-1.013391052207602,0E-17,ELIGIBLE,R03b_20260811_FULL_v1,L1_ELIGIBILITY,v2026-08-11,2026-03-21..2026-08-06,baccarat_bet02_101_all_pairs_incl_sentinel,round_win = game_pnl > 0 (decisive only),COMPATIBILITY_ONLY_NOT_PRODUCTION,168.2488,168.2488,168.2488,5,2,-1.00000000,,-1.00000000,-1.00000000,-168.2488,168.2488,THIN_EXPOSURE,0.0000,6.7300,4.0000,96.0000,AG03-UNRESOLVED,ALL5_LEVELS_bet23_to_bet27,6.7300,6.7300,6.7300,10.0949,10.0949,4.000000,4.000000,4.000000,6.000000,6.000000,96.000000,96.000000,96.000000,94.000000,94.000000,5.0,40.3797,36.7198,127.8691,131.5289,PENDING_AG03,FALSE,NOT_FOR_ENFORCEMENT,161.5188,161.5188,168.2488,161.5188,6.7300,1.00000000,0.96000000,6.7300,161.5188,0.96000000,6.7300,6.7300,6.7300,10.0949,10.0949,161.5188,0.96000000,40.3797,36.7198,127.8691,131.5289,0.76000000,0.78175273,0.04000000,33.6498,84.1244,84.1244,84.1244,84.1244,84.1244,1.0000,,33.6498,4.1543,4.1543,54.5251,124.6287,124.6287,124.6287,4.1543,-4.1543,30.0,30.0,8.1,1,2,2,4,0E-8,1.00000000,,0E-8,0.000000,1.000000,0.000000,,2026-06-12,2026-06-20,2,2,2,9,0.222222,,,0.000000,,,,,,,,GLOBAL_BASELINE_NO_ENTITY_RANKING,,,NOT_APPLICABLE_GLOBAL_BASELINE,HF9g-P5,,,,X 全窗基线 · 不参与实体赏罚,6873433,688,A168_HF9F_20260827_0900,2026-08-27 09:00:00
2026-06-20,127615579,1402,0,137.0915813308,-137.0915813308,-137.0915813308,0E-7,4,1,0.46798546969657484,0.187662550000,-0.9378954686147052,-0.48064072822218945,-0.9378954686147052,0.28032291969657484,ELIGIBLE,R03b_20260811_FULL_v1,L1_ELIGIBILITY,v2026-08-11,2026-03-21..2026-08-06,baccarat_bet02_101_all_pairs_incl_sentinel,round_win = game_pnl > 0 (decisive only),COMPATIBILITY_ONLY_NOT_PRODUCTION,168.2488,168.2488,168.2488,5,2,-1.00000000,,-1.00000000,-1.00000000,-168.2488,168.2488,THIN_EXPOSURE,0.0000,6.7300,4.0000,96.0000,AG03-UNRESOLVED,ALL5_LEVELS_bet23_to_bet27,6.7300,6.7300,6.7300,10.0949,10.0949,4.000000,4.000000,4.000000,6.000000,6.000000,96.000000,96.000000,96.000000,94.000000,94.000000,5.0,40.3797,36.7198,127.8691,131.5289,PENDING_AG03,FALSE,NOT_FOR_ENFORCEMENT,161.5188,161.5188,168.2488,161.5188,6.7300,1.00000000,0.96000000,6.7300,161.5188,0.96000000,6.7300,6.7300,6.7300,10.0949,10.0949,161.5188,0.96000000,40.3797,36.7198,127.8691,131.5289,0.76000000,0.78175273,0.04000000,33.6498,84.1244,84.1244,84.1244,84.1244,84.1244,1.0000,,33.6498,4.1543,4.1543,54.5251,124.6287,124.6287,124.6287,4.1543,-4.1543,30.0,30.0,8.1,1,2,2,4,0E-8,1.00000000,,0E-8,0.000000,1.000000,0.000000,,2026-06-12,2026-06-20,2,2,2,9,0.222222,,,0.000000,,,,,,,,GLOBAL_BASELINE_NO_ENTITY_RANKING,,,NOT_APPLICABLE_GLOBAL_BASELINE,HF9g-P5,,,,X 全窗基线 · 不参与实体赏罚,6873434,688,A168_HF9F_20260827_0900,2026-08-27 09:00:00
2026-06-23,151939768,1382,0,20.0000000000,20.0000000000,20.0000000000,1.0000000,1,1,0.49324550000000000,0.493245500000,1.01360149184955,1.01360149184955,1.01360149184955,0E-17,ELIGIBLE,R03b_20260811_FULL_v1,L1_ELIGIBILITY,v2026-08-11,2026-03-21..2026-08-06,baccarat_bet02_101_all_pairs_incl_sentinel,round_win = game_pnl > 0 (decisive only),COMPATIBILITY_ONLY_NOT_PRODUCTION,1851.0000,1388.0000,168.2500,11,11,-0.09089681,,-0.09089681,-0.09089681,-168.2500,1851.0000,THIN_EXPOSURE,0.0000,6.7300,4.0000,96.0000,AG03-UNRESOLVED,ALL5_LEVELS_bet23_to_bet27,6.7300,8.4125,8.4125,8.4125,8.4125,4.000000,5.000000,5.000000,5.000000,5.000000,96.000000,95.000000,95.000000,95.000000,95.000000,5.0,40.3800,36.691,127.8700,131.559,PENDING_AG03,FALSE,NOT_FOR_ENFORCEMENT,161.5200,1332.4800,168.2500,161.5200,6.7300,0.09089681,0.08726094,6.7300,161.5200,0.08726094,6.7300,8.4125,8.4125,8.4125,8.4125,161.5200,0.08726094,40.3800,36.691,127.8700,131.559,0.06908158,0.07107458,0.00363587,168.2727,126.1818,15.2955,168.2500,42.0625,1851.0000,11.0000,,168.2727,25.0,50.0,342.75,426.9999,487.5,493.0,20.0,0.0,9.75,9.86,3.365455,3,4,4,2,0E-8,0.09089681,,0E-8,0.000000,0.749865,0.000000,,2026-06-23,2026-06-23,1,4,3,1,1.000000,,,0.000000,,,,,,,,GLOBAL_BASELINE_NO_ENTITY_RANKING,,,NOT_APPLICABLE_GLOBAL_BASELINE,HF9g-P5,,,,X 全窗基线 · 不参与实体赏罚,6873435,688,A168_HF9F_20260827_0900,2026-08-27 09:00:00
2026-06-23,151939768,2123,0,222.0000000000,210.9000000000,210.9000000000,1.0000000,1,1,0.50665070000000000,0.506650700000,0.9867858985152569,0.9867858985152569,0.9867858985152569,0E-17,ELIGIBLE,R03b_20260811_FULL_v1,L1_ELIGIBILITY,v2026-08-11,2026-03-21..2026-08-06,baccarat_bet02_101_all_pairs_incl_sentinel,round_win = game_pnl > 0 (decisive only),COMPATIBILITY_ONLY_NOT_PRODUCTION,1851.0000,1388.0000,168.2500,11,11,-0.09089681,,-0.09089681,-0.09089681,-168.2500,1851.0000,THIN_EXPOSURE,0.0000,6.7300,4.0000,96.0000,AG03-UNRESOLVED,ALL5_LEVELS_bet23_to_bet27,6.7300,8.4125,8.4125,8.4125,8.4125,4.000000,5.000000,5.000000,5.000000,5.000000,96.000000,95.000000,95.000000,95.000000,95.000000,5.0,40.3800,36.691,127.8700,131.559,PENDING_AG03,FALSE,NOT_FOR_ENFORCEMENT,161.5200,1332.4800,168.2500,161.5200,6.7300,0.09089681,0.08726094,6.7300,161.5200,0.08726094,6.7300,8.4125,8.4125,8.4125,8.4125,161.5200,0.08726094,40.3800,36.691,127.8700,131.559,0.06908158,0.07107458,0.00363587,168.2727,126.1818,15.2955,168.2500,42.0625,1851.0000,11.0000,,168.2727,25.0,50.0,342.75,426.9999,487.5,493.0,20.0,0.0,9.75,9.86,3.365455,3,4,4,2,0E-8,0.09089681,,0E-8,0.000000,0.749865,0.000000,,2026-06-23,2026-06-23,1,4,3,1,1.000000,,,0.000000,,,,,,,,GLOBAL_BASELINE_NO_ENTITY_RANKING,,,NOT_APPLICABLE_GLOBAL_BASELINE,HF9g-P5,,,,X 全窗基线 · 不参与实体赏罚,6873436,688,A168_HF9F_20260827_0900,2026-08-27 09:00:00
2026-06-23,151939768,2251,0,816.0000000000,313.8500000000,313.8500000000,0.5000000,3,3,0.50218230000000000,0.502182300000,-0.00617253530718887,-0.00617253530718887,-0.00617253530718887,0E-17,ELIGIBLE,R03b_20260811_FULL_v1,L1_ELIGIBILITY,v2026-08-11,2026-03-21..2026-08-06,baccarat_bet02_101_all_pairs_incl_sentinel,round_win = game_pnl > 0 (decisive only),COMPATIBILITY_ONLY_NOT_PRODUCTION,1851.0000,1388.0000,168.2500,11,11,-0.09089681,,-0.09089681,-0.09089681,-168.2500,1851.0000,THIN_EXPOSURE,0.0000,6.7300,4.0000,96.0000,AG03-UNRESOLVED,ALL5_LEVELS_bet23_to_bet27,6.7300,8.4125,8.4125,8.4125,8.4125,4.000000,5.000000,5.000000,5.000000,5.000000,96.000000,95.000000,95.000000,95.000000,95.000000,5.0,40.3800,36.691,127.8700,131.559,PENDING_AG03,FALSE,NOT_FOR_ENFORCEMENT,161.5200,1332.4800,168.2500,161.5200,6.7300,0.09089681,0.08726094,6.7300,161.5200,0.08726094,6.7300,8.4125,8.4125,8.4125,8.4125,161.5200,0.08726094,40.3800,36.691,127.8700,131.559,0.06908158,0.07107458,0.00363587,168.2727,126.1818,15.2955,168.2500,42.0625,1851.0000,11.0000,,168.2727,25.0,50.0,342.75,426.9999,487.5,493.0,20.0,0.0,9.75,9.86,3.365455,3,4,4,2,0E-8,0.09089681,,0E-8,0.000000,0.749865,0.000000,,2026-06-23,2026-06-23,1,4,3,1,1.000000,,,0.000000,,,,,,,,GLOBAL_BASELINE_NO_ENTITY_RANKING,,,NOT_APPLICABLE_GLOBAL_BASELINE,HF9g-P5,,,,X 全窗基线 · 不参与实体赏罚,6873437,688,A168_HF9F_20260827_0900,2026-08-27 09:00:00
2026-06-23,151939768,970,0,793.0000000000,-713.0000000000,-713.0000000000,0E-7,6,6,0.49994810000000000,0.499948100000,-1.9997924107733216,-1.9997924107733216,-1.9997924107733216,0E-17,ELIGIBLE,R03b_20260811_FULL_v1,L1_ELIGIBILITY,v2026-08-11,2026-03-21..2026-08-06,baccarat_bet02_101_all_pairs_incl_sentinel,round_win = game_pnl > 0 (decisive only),COMPATIBILITY_ONLY_NOT_PRODUCTION,1851.0000,1388.0000,168.2500,11,11,-0.09089681,,-0.09089681,-0.09089681,-168.2500,1851.0000,THIN_EXPOSURE,0.0000,6.7300,4.0000,96.0000,AG03-UNRESOLVED,ALL5_LEVELS_bet23_to_bet27,6.7300,8.4125,8.4125,8.4125,8.4125,4.000000,5.000000,5.000000,5.000000,5.000000,96.000000,95.000000,95.000000,95.000000,95.000000,5.0,40.3800,36.691,127.8700,131.559,PENDING_AG03,FALSE,NOT_FOR_ENFORCEMENT,161.5200,1332.4800,168.2500,161.5200,6.7300,0.09089681,0.08726094,6.7300,161.5200,0.08726094,6.7300,8.4125,8.4125,8.4125,8.4125,161.5200,0.08726094,40.3800,36.691,127.8700,131.559,0.06908158,0.07107458,0.00363587,168.2727,126.1818,15.2955,168.2500,42.0625,1851.0000,11.0000,,168.2727,25.0,50.0,342.75,426.9999,487.5,493.0,20.0,0.0,9.75,9.86,3.365455,3,4,4,2,0E-8,0.09089681,,0E-8,0.000000,0.749865,0.000000,,2026-06-23,2026-06-23,1,4,3,1,1.000000,,,0.000000,,,,,,,,GLOBAL_BASELINE_NO_ENTITY_RANKING,,,NOT_APPLICABLE_GLOBAL_BASELINE,HF9g-P5,,,,X 全窗基线 · 不参与实体赏罚,6873438,688,A168_HF9F_20260827_0900,2026-08-27 09:00:00
2026-05-12,149914139,-1,1,23.1068165108,-12.6037180968,-12.6037180968,0E-7,2,2,0.49324550000000000,0.493245500000,-0.9865810262130424,-0.9865810262130424,-0.9865810262130424,0E-17,SENTINEL_DEALER,R03b_20260811_FULL_v1,L1_ELIGIBILITY,v2026-08-11,2026-03-21..2026-08-06,baccarat_bet02_101_all_pairs_incl_sentinel,round_win = game_pnl > 0 (decisive only),COMPATIBILITY_ONLY_NOT_PRODUCTION,8537.0261,7888.0755,168.2584,528,528,-0.01970926,,-0.01970926,-0.01970926,-168.2584,8537.0261,OK,0.0000,6.7303,4.0000,96.0000,AG03-UNRESOLVED,ALL5_LEVELS_bet23_to_bet27,6.7303,6.7303,6.7303,10.0955,10.0955,4.000000,4.000000,4.000000,6.000000,6.000000,96.000000,96.000000,96.000000,94.000000,94.000000,5.0,40.3820,36.7219,127.8764,131.5365,PENDING_AG03,FALSE,NOT_FOR_ENFORCEMENT,161.5281,7572.5524,168.2584,161.5281,6.7303,0.01970926,0.01892089,6.7303,161.5281,0.01892089,6.7303,6.7303,6.7303,10.0955,10.0955,161.5281,0.01892089,40.3820,36.7219,127.8764,131.5365,0.01497903,0.01540776,0.00078837,16.1686,14.9395,0.3187,12.9430,0.6232,656.6943,40.6154,,16.1686,10.5031,15.8597,21.0062,21.0062,21.0062,31.5093,10.5031,0.0,1.324503,1.986755,1.019479,29,109,15,1,0E-8,0.01970926,,0E-8,0.000000,0.923984,0.000000,,2026-05-12,2026-06-02,13,270,171,22,0.590909,,,0.000000,,,,,,,,GLOBAL_BASELINE_NO_ENTITY_RANKING,,,NOT_APPLICABLE_GLOBAL_BASELINE,HF9g-P5,,,,X 全窗基线 · 不参与实体赏罚,6873439,688,A168_HF9F_20260827_0900,2026-08-27 09:00:00
2026-05-12,149914139,772,0,8.4024787312,-8.4024787312,-8.4024787312,0E-7,1,1,0.49324550000000000,0.493245500000,-0.9865810262130424,-0.9865810262130424,-0.9865810262130424,0E-17,ELIGIBLE,R03b_20260811_FULL_v1,L1_ELIGIBILITY,v2026-08-11,2026-03-21..2026-08-06,baccarat_bet02_101_all_pairs_incl_sentinel,round_win = game_pnl > 0 (decisive only),COMPATIBILITY_ONLY_NOT_PRODUCTION,8537.0261,7888.0755,168.2584,528,528,-0.01970926,,-0.01970926,-0.01970926,-168.2584,8537.0261,OK,0.0000,6.7303,4.0000,96.0000,AG03-UNRESOLVED,ALL5_LEVELS_bet23_to_bet27,6.7303,6.7303,6.7303,10.0955,10.0955,4.000000,4.000000,4.000000,6.000000,6.000000,96.000000,96.000000,96.000000,94.000000,94.000000,5.0,40.3820,36.7219,127.8764,131.5365,PENDING_AG03,FALSE,NOT_FOR_ENFORCEMENT,161.5281,7572.5524,168.2584,161.5281,6.7303,0.01970926,0.01892089,6.7303,161.5281,0.01892089,6.7303,6.7303,6.7303,10.0955,10.0955,161.5281,0.01892089,40.3820,36.7219,127.8764,131.5365,0.01497903,0.01540776,0.00078837,16.1686,14.9395,0.3187,12.9430,0.6232,656.6943,40.6154,,16.1686,10.5031,15.8597,21.0062,21.0062,21.0062,31.5093,10.5031,0.0,1.324503,1.986755,1.019479,29,109,15,1,0E-8,0.01970926,,0E-8,0.000000,0.923984,0.000000,,2026-05-12,2026-06-02,13,270,171,22,0.590909,,,0.000000,,,,,,,,GLOBAL_BASELINE_NO_ENTITY_RANKING,,,NOT_APPLICABLE_GLOBAL_BASELINE,HF9g-P5,,,,X 全窗基线 · 不参与实体赏罚,6873440,688,A168_HF9F_20260827_0900,2026-08-27 09:00:00
2026-05-14,149914139,-1,1,420.1239365616,199.5588698668,199.5588698668,0.7619048,24,24,0.49324550000000000,0.493245500000,2.46252751502806,2.46252751502806,2.46252751502806,0E-17,SENTINEL_DEALER,R03b_20260811_FULL_v1,L1_ELIGIBILITY,v2026-08-11,2026-03-21..2026-08-06,baccarat_bet02_101_all_pairs_incl_sentinel,round_win = game_pnl > 0 (decisive only),COMPATIBILITY_ONLY_NOT_PRODUCTION,8537.0261,7888.0755,168.2584,528,528,-0.01970926,,-0.01970926,-0.01970926,-168.2584,8537.0261,OK,0.0000,6.7303,4.0000,96.0000,AG03-UNRESOLVED,ALL5_LEVELS_bet23_to_bet27,6.7303,6.7303,6.7303,10.0955,10.0955,4.000000,4.000000,4.000000,6.000000,6.000000,96.000000,96.000000,96.000000,94.000000,94.000000,5.0,40.3820,36.7219,127.8764,131.5365,PENDING_AG03,FALSE,NOT_FOR_ENFORCEMENT,161.5281,7572.5524,168.2584,161.5281,6.7303,0.01970926,0.01892089,6.7303,161.5281,0.01892089,6.7303,6.7303,6.7303,10.0955,10.0955,161.5281,0.01892089,40.3820,36.7219,127.8764,131.5365,0.01497903,0.01540776,0.00078837,16.1686,14.9395,0.3187,12.9430,0.6232,656.6943,40.6154,,16.1686,10.5031,15.8597,21.0062,21.0062,21.0062,31.5093,10.5031,0.0,1.324503,1.986755,1.019479,29,109,15,1,0E-8,0.01970926,,0E-8,0.000000,0.923984,0.000000,,2026-05-12,2026-06-02,13,270,171,22,0.590909,,,0.000000,,,,,,,,GLOBAL_BASELINE_NO_ENTITY_RANKING,,,NOT_APPLICABLE_GLOBAL_BASELINE,HF9g-P5,,,,X 全窗基线 · 不参与实体赏罚,6873441,688,A168_HF9F_20260827_0900,2026-08-27 09:00:00
2026-05-14,149914139,1210,0,31.5092952421,-31.5092952421,-31.5092952421,0E-7,1,1,0.49324550000000000,0.493245500000,-0.9865810262130424,-0.9865810262130424,-0.9865810262130424,0E-17,ELIGIBLE,R03b_20260811_FULL_v1,L1_ELIGIBILITY,v2026-08-11,2026-03-21..2026-08-06,baccarat_bet02_101_all_pairs_incl_sentinel,round_win = game_pnl > 0 (decisive only),COMPATIBILITY_ONLY_NOT_PRODUCTION,8537.0261,7888.0755,168.2584,528,528,-0.01970926,,-0.01970926,-0.01970926,-168.2584,8537.0261,OK,0.0000,6.7303,4.0000,96.0000,AG03-UNRESOLVED,ALL5_LEVELS_bet23_to_bet27,6.7303,6.7303,6.7303,10.0955,10.0955,4.000000,4.000000,4.000000,6.000000,6.000000,96.000000,96.000000,96.000000,94.000000,94.000000,5.0,40.3820,36.7219,127.8764,131.5365,PENDING_AG03,FALSE,NOT_FOR_ENFORCEMENT,161.5281,7572.5524,168.2584,161.5281,6.7303,0.01970926,0.01892089,6.7303,161.5281,0.01892089,6.7303,6.7303,6.7303,10.0955,10.0955,161.5281,0.01892089,40.3820,36.7219,127.8764,131.5365,0.01497903,0.01540776,0.00078837,16.1686,14.9395,0.3187,12.9430,0.6232,656.6943,40.6154,,16.1686,10.5031,15.8597,21.0062,21.0062,21.0062,31.5093,10.5031,0.0,1.324503,1.986755,1.019479,29,109,15,1,0E-8,0.01970926,,0E-8,0.000000,0.923984,0.000000,,2026-05-12,2026-06-02,13,270,171,22,0.590909,,,0.000000,,,,,,,,GLOBAL_BASELINE_NO_ENTITY_RANKING,,,NOT_APPLICABLE_GLOBAL_BASELINE,HF9g-P5,,,,X 全窗基线 · 不参与实体赏罚,6873442,688,A168_HF9F_20260827_0900,2026-08-27 09:00:00
2026-05-14,149914139,1299,0,10.5030984140,-10.5030984140,-10.5030984140,0E-7,1,1,0.49324550000000000,0.493245500000,-0.9865810262130424,-0.9865810262130424,-0.9865810262130424,0E-17,ELIGIBLE,R03b_20260811_FULL_v1,L1_ELIGIBILITY,v2026-08-11,2026-03-21..2026-08-06,baccarat_bet02_101_all_pairs_incl_sentinel,round_win = game_pnl > 0 (decisive only),COMPATIBILITY_ONLY_NOT_PRODUCTION,8537.0261,7888.0755,168.2584,528,528,-0.01970926,,-0.01970926,-0.01970926,-168.2584,8537.0261,OK,0.0000,6.7303,4.0000,96.0000,AG03-UNRESOLVED,ALL5_LEVELS_bet23_to_bet27,6.7303,6.7303,6.7303,10.0955,10.0955,4.000000,4.000000,4.000000,6.000000,6.000000,96.000000,96.000000,96.000000,94.000000,94.000000,5.0,40.3820,36.7219,127.8764,131.5365,PENDING_AG03,FALSE,NOT_FOR_ENFORCEMENT,161.5281,7572.5524,168.2584,161.5281,6.7303,0.01970926,0.01892089,6.7303,161.5281,0.01892089,6.7303,6.7303,6.7303,10.0955,10.0955,161.5281,0.01892089,40.3820,36.7219,127.8764,131.5365,0.01497903,0.01540776,0.00078837,16.1686,14.9395,0.3187,12.9430,0.6232,656.6943,40.6154,,16.1686,10.5031,15.8597,21.0062,21.0062,21.0062,31.5093,10.5031,0.0,1.324503,1.986755,1.019479,29,109,15,1,0E-8,0.01970926,,0E-8,0.000000,0.923984,0.000000,,2026-05-12,2026-06-02,13,270,171,22,0.590909,,,0.000000,,,,,,,,GLOBAL_BASELINE_NO_ENTITY_RANKING,,,NOT_APPLICABLE_GLOBAL_BASELINE,HF9g-P5,,,,X 全窗基线 · 不参与实体赏罚,6873443,688,A168_HF9F_20260827_0900,2026-08-27 09:00:00
2026-05-14,149914139,1304,0,31.5092952420,10.5030984140,10.5030984140,0.6666667,3,3,0.49324550000000000,0.493245500000,0.6008033672792107,0.6008033672792106,0.6008033672792107,0E-17,ELIGIBLE,R03b_20260811_FULL_v1,L1_ELIGIBILITY,v2026-08-11,2026-03-21..2026-08-06,baccarat_bet02_101_all_pairs_incl_sentinel,round_win = game_pnl > 0 (decisive only),COMPATIBILITY_ONLY_NOT_PRODUCTION,8537.0261,7888.0755,168.2584,528,528,-0.01970926,,-0.01970926,-0.01970926,-168.2584,8537.0261,OK,0.0000,6.7303,4.0000,96.0000,AG03-UNRESOLVED,ALL5_LEVELS_bet23_to_bet27,6.7303,6.7303,6.7303,10.0955,10.0955,4.000000,4.000000,4.000000,6.000000,6.000000,96.000000,96.000000,96.000000,94.000000,94.000000,5.0,40.3820,36.7219,127.8764,131.5365,PENDING_AG03,FALSE,NOT_FOR_ENFORCEMENT,161.5281,7572.5524,168.2584,161.5281,6.7303,0.01970926,0.01892089,6.7303,161.5281,0.01892089,6.7303,6.7303,6.7303,10.0955,10.0955,161.5281,0.01892089,40.3820,36.7219,127.8764,131.5365,0.01497903,0.01540776,0.00078837,16.1686,14.9395,0.3187,12.9430,0.6232,656.6943,40.6154,,16.1686,10.5031,15.8597,21.0062,21.0062,21.0062,31.5093,10.5031,0.0,1.324503,1.986755,1.019479,29,109,15,1,0E-8,0.01970926,,0E-8,0.000000,0.923984,0.000000,,2026-05-12,2026-06-02,13,270,171,22,0.590909,,,0.000000,,,,,,,,GLOBAL_BASELINE_NO_ENTITY_RANKING,,,NOT_APPLICABLE_GLOBAL_BASELINE,HF9g-P5,,,,X 全窗基线 · 不参与实体赏罚,6873444,688,A168_HF9F_20260827_0900,2026-08-27 09:00:00
2026-05-14,149914139,1307,0,119.7353219200,88.2260266779,88.2260266779,1.0000000,5,5,0.49324550000000000,0.493245500000,2.0272029836991,2.0272029836991,2.0272029836991,0E-17,ELIGIBLE,R03b_20260811_FULL_v1,L1_ELIGIBILITY,v2026-08-11,2026-03-21..2026-08-06,baccarat_bet02_101_all_pairs_incl_sentinel,round_win = game_pnl > 0 (decisive only),COMPATIBILITY_ONLY_NOT_PRODUCTION,8537.0261,7888.0755,168.2584,528,528,-0.01970926,,-0.01970926,-0.01970926,-168.2584,8537.0261,OK,0.0000,6.7303,4.0000,96.0000,AG03-UNRESOLVED,ALL5_LEVELS_bet23_to_bet27,6.7303,6.7303,6.7303,10.0955,10.0955,4.000000,4.000000,4.000000,6.000000,6.000000,96.000000,96.000000,96.000000,94.000000,94.000000,5.0,40.3820,36.7219,127.8764,131.5365,PENDING_AG03,FALSE,NOT_FOR_ENFORCEMENT,161.5281,7572.5524,168.2584,161.5281,6.7303,0.01970926,0.01892089,6.7303,161.5281,0.01892089,6.7303,6.7303,6.7303,10.0955,10.0955,161.5281,0.01892089,40.3820,36.7219,127.8764,131.5365,0.01497903,0.01540776,0.00078837,16.1686,14.9395,0.3187,12.9430,0.6232,656.6943,40.6154,,16.1686,10.5031,15.8597,21.0062,21.0062,21.0062,31.5093,10.5031,0.0,1.324503,1.986755,1.019479,29,109,15,1,0E-8,0.01970926,,0E-8,0.000000,0.923984,0.000000,,2026-05-12,2026-06-02,13,270,171,22,0.590909,,,0.000000,,,,,,,,GLOBAL_BASELINE_NO_ENTITY_RANKING,,,NOT_APPLICABLE_GLOBAL_BASELINE,HF9g-P5,,,,X 全窗基线 · 不参与实体赏罚,6873445,688,A168_HF9F_20260827_0900,2026-08-27 09:00:00
2026-05-14,149914139,1318,0,52.5154920702,10.5030984140,10.5030984140,0.6666667,3,3,0.49324550000000000,0.493245500000,0.6008033672792107,0.6008033672792106,0.6008033672792107,0E-17,ELIGIBLE,R03b_20260811_FULL_v1,L1_ELIGIBILITY,v2026-08-11,2026-03-21..2026-08-06,baccarat_bet02_101_all_pairs_incl_sentinel,round_win = game_pnl > 0 (decisive only),COMPATIBILITY_ONLY_NOT_PRODUCTION,8537.0261,7888.0755,168.2584,528,528,-0.01970926,,-0.01970926,-0.01970926,-168.2584,8537.0261,OK,0.0000,6.7303,4.0000,96.0000,AG03-UNRESOLVED,ALL5_LEVELS_bet23_to_bet27,6.7303,6.7303,6.7303,10.0955,10.0955,4.000000,4.000000,4.000000,6.000000,6.000000,96.000000,96.000000,96.000000,94.000000,94.000000,5.0,40.3820,36.7219,127.8764,131.5365,PENDING_AG03,FALSE,NOT_FOR_ENFORCEMENT,161.5281,7572.5524,168.2584,161.5281,6.7303,0.01970926,0.01892089,6.7303,161.5281,0.01892089,6.7303,6.7303,6.7303,10.0955,10.0955,161.5281,0.01892089,40.3820,36.7219,127.8764,131.5365,0.01497903,0.01540776,0.00078837,16.1686,14.9395,0.3187,12.9430,0.6232,656.6943,40.6154,,16.1686,10.5031,15.8597,21.0062,21.0062,21.0062,31.5093,10.5031,0.0,1.324503,1.986755,1.019479,29,109,15,1,0E-8,0.01970926,,0E-8,0.000000,0.923984,0.000000,,2026-05-12,2026-06-02,13,270,171,22,0.590909,,,0.000000,,,,,,,,GLOBAL_BASELINE_NO_ENTITY_RANKING,,,NOT_APPLICABLE_GLOBAL_BASELINE,HF9g-P5,,,,X 全窗基线 · 不参与实体赏罚,6873446,688,A168_HF9F_20260827_0900,2026-08-27 09:00:00
2026-05-14,149914139,1323,0,10.5030984140,-10.5030984140,-10.5030984140,0E-7,1,1,0.49324550000000000,0.493245500000,-0.9865810262130424,-0.9865810262130424,-0.9865810262130424,0E-17,ELIGIBLE,R03b_20260811_FULL_v1,L1_ELIGIBILITY,v2026-08-11,2026-03-21..2026-08-06,baccarat_bet02_101_all_pairs_incl_sentinel,round_win = game_pnl > 0 (decisive only),COMPATIBILITY_ONLY_NOT_PRODUCTION,8537.0261,7888.0755,168.2584,528,528,-0.01970926,,-0.01970926,-0.01970926,-168.2584,8537.0261,OK,0.0000,6.7303,4.0000,96.0000,AG03-UNRESOLVED,ALL5_LEVELS_bet23_to_bet27,6.7303,6.7303,6.7303,10.0955,10.0955,4.000000,4.000000,4.000000,6.000000,6.000000,96.000000,96.000000,96.000000,94.000000,94.000000,5.0,40.3820,36.7219,127.8764,131.5365,PENDING_AG03,FALSE,NOT_FOR_ENFORCEMENT,161.5281,7572.5524,168.2584,161.5281,6.7303,0.01970926,0.01892089,6.7303,161.5281,0.01892089,6.7303,6.7303,6.7303,10.0955,10.0955,161.5281,0.01892089,40.3820,36.7219,127.8764,131.5365,0.01497903,0.01540776,0.00078837,16.1686,14.9395,0.3187,12.9430,0.6232,656.6943,40.6154,,16.1686,10.5031,15.8597,21.0062,21.0062,21.0062,31.5093,10.5031,0.0,1.324503,1.986755,1.019479,29,109,15,1,0E-8,0.01970926,,0E-8,0.000000,0.923984,0.000000,,2026-05-12,2026-06-02,13,270,171,22,0.590909,,,0.000000,,,,,,,,GLOBAL_BASELINE_NO_ENTITY_RANKING,,,NOT_APPLICABLE_GLOBAL_BASELINE,HF9g-P5,,,,X 全窗基线 · 不参与实体赏罚,6873447,688,A168_HF9F_20260827_0900,2026-08-27 09:00:00
2026-05-14,149914139,1331,0,63.0185904842,-63.0185904842,-63.0185904842,0E-7,3,3,0.49324550000000000,0.493245500000,-1.708808463184432,-1.7088084631844318,-1.708808463184432,0E-17,ELIGIBLE,R03b_20260811_FULL_v1,L1_ELIGIBILITY,v2026-08-11,2026-03-21..2026-08-06,baccarat_bet02_101_all_pairs_incl_sentinel,round_win = game_pnl > 0 (decisive only),COMPATIBILITY_ONLY_NOT_PRODUCTION,8537.0261,7888.0755,168.2584,528,528,-0.01970926,,-0.01970926,-0.01970926,-168.2584,8537.0261,OK,0.0000,6.7303,4.0000,96.0000,AG03-UNRESOLVED,ALL5_LEVELS_bet23_to_bet27,6.7303,6.7303,6.7303,10.0955,10.0955,4.000000,4.000000,4.000000,6.000000,6.000000,96.000000,96.000000,96.000000,94.000000,94.000000,5.0,40.3820,36.7219,127.8764,131.5365,PENDING_AG03,FALSE,NOT_FOR_ENFORCEMENT,161.5281,7572.5524,168.2584,161.5281,6.7303,0.01970926,0.01892089,6.7303,161.5281,0.01892089,6.7303,6.7303,6.7303,10.0955,10.0955,161.5281,0.01892089,40.3820,36.7219,127.8764,131.5365,0.01497903,0.01540776,0.00078837,16.1686,14.9395,0.3187,12.9430,0.6232,656.6943,40.6154,,16.1686,10.5031,15.8597,21.0062,21.0062,21.0062,31.5093,10.5031,0.0,1.324503,1.986755,1.019479,29,109,15,1,0E-8,0.01970926,,0E-8,0.000000,0.923984,0.000000,,2026-05-12,2026-06-02,13,270,171,22,0.590909,,,0.000000,,,,,,,,GLOBAL_BASELINE_NO_ENTITY_RANKING,,,NOT_APPLICABLE_GLOBAL_BASELINE,HF9g-P5,,,,X 全窗基线 · 不参与实体赏罚,6873448,688,A168_HF9F_20260827_0900,2026-08-27 09:00:00
2026-05-14,149914139,1396,0,12.6037180968,-8.4024787312,-8.4024787312,0.5000000,2,2,0.49324550000000000,0.493245500000,0.01910635448239258,0.01910635448239258,0.01910635448239258,0E-17,ELIGIBLE,R03b_20260811_FULL_v1,L1_ELIGIBILITY,v2026-08-11,2026-03-21..2026-08-06,baccarat_bet02_101_all_pairs_incl_sentinel,round_win = game_pnl > 0 (decisive only),COMPATIBILITY_ONLY_NOT_PRODUCTION,8537.0261,7888.0755,168.2584,528,528,-0.01970926,,-0.01970926,-0.01970926,-168.2584,8537.0261,OK,0.0000,6.7303,4.0000,96.0000,AG03-UNRESOLVED,ALL5_LEVELS_bet23_to_bet27,6.7303,6.7303,6.7303,10.0955,10.0955,4.000000,4.000000,4.000000,6.000000,6.000000,96.000000,96.000000,96.000000,94.000000,94.000000,5.0,40.3820,36.7219,127.8764,131.5365,PENDING_AG03,FALSE,NOT_FOR_ENFORCEMENT,161.5281,7572.5524,168.2584,161.5281,6.7303,0.01970926,0.01892089,6.7303,161.5281,0.01892089,6.7303,6.7303,6.7303,10.0955,10.0955,161.5281,0.01892089,40.3820,36.7219,127.8764,131.5365,0.01497903,0.01540776,0.00078837,16.1686,14.9395,0.3187,12.9430,0.6232,656.6943,40.6154,,16.1686,10.5031,15.8597,21.0062,21.0062,21.0062,31.5093,10.5031,0.0,1.324503,1.986755,1.019479,29,109,15,1,0E-8,0.01970926,,0E-8,0.000000,0.923984,0.000000,,2026-05-12,2026-06-02,13,270,171,22,0.590909,,,0.000000,,,,,,,,GLOBAL_BASELINE_NO_ENTITY_RANKING,,,NOT_APPLICABLE_GLOBAL_BASELINE,HF9g-P5,,,,X 全窗基线 · 不参与实体赏罚,6873449,688,A168_HF9F_20260827_0900,2026-08-27 09:00:00
2026-05-14,149914139,1401,0,63.0185904842,-21.0061968282,-21.0061968282,0.5000000,4,4,0.49324550000000000,0.493245500000,0.027020465636507562,0.027020465636507562,0.027020465636507562,0E-17,ELIGIBLE,R03b_20260811_FULL_v1,L1_ELIGIBILITY,v2026-08-11,2026-03-21..2026-08-06,baccarat_bet02_101_all_pairs_incl_sentinel,round_win = game_pnl > 0 (decisive only),COMPATIBILITY_ONLY_NOT_PRODUCTION,8537.0261,7888.0755,168.2584,528,528,-0.01970926,,-0.01970926,-0.01970926,-168.2584,8537.0261,OK,0.0000,6.7303,4.0000,96.0000,AG03-UNRESOLVED,ALL5_LEVELS_bet23_to_bet27,6.7303,6.7303,6.7303,10.0955,10.0955,4.000000,4.000000,4.000000,6.000000,6.000000,96.000000,96.000000,96.000000,94.000000,94.000000,5.0,40.3820,36.7219,127.8764,131.5365,PENDING_AG03,FALSE,NOT_FOR_ENFORCEMENT,161.5281,7572.5524,168.2584,161.5281,6.7303,0.01970926,0.01892089,6.7303,161.5281,0.01892089,6.7303,6.7303,6.7303,10.0955,10.0955,161.5281,0.01892089,40.3820,36.7219,127.8764,131.5365,0.01497903,0.01540776,0.00078837,16.1686,14.9395,0.3187,12.9430,0.6232,656.6943,40.6154,,16.1686,10.5031,15.8597,21.0062,21.0062,21.0062,31.5093,10.5031,0.0,1.324503,1.986755,1.019479,29,109,15,1,0E-8,0.01970926,,0E-8,0.000000,0.923984,0.000000,,2026-05-12,2026-06-02,13,270,171,22,0.590909,,,0.000000,,,,,,,,GLOBAL_BASELINE_NO_ENTITY_RANKING,,,NOT_APPLICABLE_GLOBAL_BASELINE,HF9g-P5,,,,X 全窗基线 · 不参与实体赏罚,6873450,688,A168_HF9F_20260827_0900,2026-08-27 09:00:00
2026-05-14,149914139,1490,0,21.0061968281,-21.0061968281,-21.0061968281,0E-7,1,1,0.49324550000000000,0.493245500000,-0.9865810262130424,-0.9865810262130424,-0.9865810262130424,0E-17,ELIGIBLE,R03b_20260811_FULL_v1,L1_ELIGIBILITY,v2026-08-11,2026-03-21..2026-08-06,baccarat_bet02_101_all_pairs_incl_sentinel,round_win = game_pnl > 0 (decisive only),COMPATIBILITY_ONLY_NOT_PRODUCTION,8537.0261,7888.0755,168.2584,528,528,-0.01970926,,-0.01970926,-0.01970926,-168.2584,8537.0261,OK,0.0000,6.7303,4.0000,96.0000,AG03-UNRESOLVED,ALL5_LEVELS_bet23_to_bet27,6.7303,6.7303,6.7303,10.0955,10.0955,4.000000,4.000000,4.000000,6.000000,6.000000,96.000000,96.000000,96.000000,94.000000,94.000000,5.0,40.3820,36.7219,127.8764,131.5365,PENDING_AG03,FALSE,NOT_FOR_ENFORCEMENT,161.5281,7572.5524,168.2584,161.5281,6.7303,0.01970926,0.01892089,6.7303,161.5281,0.01892089,6.7303,6.7303,6.7303,10.0955,10.0955,161.5281,0.01892089,40.3820,36.7219,127.8764,131.5365,0.01497903,0.01540776,0.00078837,16.1686,14.9395,0.3187,12.9430,0.6232,656.6943,40.6154,,16.1686,10.5031,15.8597,21.0062,21.0062,21.0062,31.5093,10.5031,0.0,1.324503,1.986755,1.019479,29,109,15,1,0E-8,0.01970926,,0E-8,0.000000,0.923984,0.000000,,2026-05-12,2026-06-02,13,270,171,22,0.590909,,,0.000000,,,,,,,,GLOBAL_BASELINE_NO_ENTITY_RANKING,,,NOT_APPLICABLE_GLOBAL_BASELINE,HF9g-P5,,,,X 全窗基线 · 不参与实体赏罚,6873451,688,A168_HF9F_20260827_0900,2026-08-27 09:00:00
2026-05-14,149914139,1505,0,73.5216888983,-31.5092952421,-31.5092952421,0.3333333,3,3,0.49324550000000000,0.493245500000,-0.5540025479526107,-0.5540025479526106,-0.5540025479526107,0E-17,ELIGIBLE,R03b_20260811_FULL_v1,L1_ELIGIBILITY,v2026-08-11,2026-03-21..2026-08-06,baccarat_bet02_101_all_pairs_incl_sentinel,round_win = game_pnl > 0 (decisive only),COMPATIBILITY_ONLY_NOT_PRODUCTION,8537.0261,7888.0755,168.2584,528,528,-0.01970926,,-0.01970926,-0.01970926,-168.2584,8537.0261,OK,0.0000,6.7303,4.0000,96.0000,AG03-UNRESOLVED,ALL5_LEVELS_bet23_to_bet27,6.7303,6.7303,6.7303,10.0955,10.0955,4.000000,4.000000,4.000000,6.000000,6.000000,96.000000,96.000000,96.000000,94.000000,94.000000,5.0,40.3820,36.7219,127.8764,131.5365,PENDING_AG03,FALSE,NOT_FOR_ENFORCEMENT,161.5281,7572.5524,168.2584,161.5281,6.7303,0.01970926,0.01892089,6.7303,161.5281,0.01892089,6.7303,6.7303,6.7303,10.0955,10.0955,161.5281,0.01892089,40.3820,36.7219,127.8764,131.5365,0.01497903,0.01540776,0.00078837,16.1686,14.9395,0.3187,12.9430,0.6232,656.6943,40.6154,,16.1686,10.5031,15.8597,21.0062,21.0062,21.0062,31.5093,10.5031,0.0,1.324503,1.986755,1.019479,29,109,15,1,0E-8,0.01970926,,0E-8,0.000000,0.923984,0.000000,,2026-05-12,2026-06-02,13,270,171,22,0.590909,,,0.000000,,,,,,,,GLOBAL_BASELINE_NO_ENTITY_RANKING,,,NOT_APPLICABLE_GLOBAL_BASELINE,HF9g-P5,,,,X 全窗基线 · 不参与实体赏罚,6873452,688,A168_HF9F_20260827_0900,2026-08-27 09:00:00
2026-05-14,149914139,1507,0,199.5588698668,-52.5154920702,-52.5154920702,0.3333333,8,8,0.49324550000000000,0.493245500000,-0.783477916903833,-0.7834779169038328,-0.783477916903833,0E-17,ELIGIBLE,R03b_20260811_FULL_v1,L1_ELIGIBILITY,v2026-08-11,2026-03-21..2026-08-06,baccarat_bet02_101_all_pairs_incl_sentinel,round_win = game_pnl > 0 (decisive only),COMPATIBILITY_ONLY_NOT_PRODUCTION,8537.0261,7888.0755,168.2584,528,528,-0.01970926,,-0.01970926,-0.01970926,-168.2584,8537.0261,OK,0.0000,6.7303,4.0000,96.0000,AG03-UNRESOLVED,ALL5_LEVELS_bet23_to_bet27,6.7303,6.7303,6.7303,10.0955,10.0955,4.000000,4.000000,4.000000,6.000000,6.000000,96.000000,96.000000,96.000000,94.000000,94.000000,5.0,40.3820,36.7219,127.8764,131.5365,PENDING_AG03,FALSE,NOT_FOR_ENFORCEMENT,161.5281,7572.5524,168.2584,161.5281,6.7303,0.01970926,0.01892089,6.7303,161.5281,0.01892089,6.7303,6.7303,6.7303,10.0955,10.0955,161.5281,0.01892089,40.3820,36.7219,127.8764,131.5365,0.01497903,0.01540776,0.00078837,16.1686,14.9395,0.3187,12.9430,0.6232,656.6943,40.6154,,16.1686,10.5031,15.8597,21.0062,21.0062,21.0062,31.5093,10.5031,0.0,1.324503,1.986755,1.019479,29,109,15,1,0E-8,0.01970926,,0E-8,0.000000,0.923984,0.000000,,2026-05-12,2026-06-02,13,270,171,22,0.590909,,,0.000000,,,,,,,,GLOBAL_BASELINE_NO_ENTITY_RANKING,,,NOT_APPLICABLE_GLOBAL_BASELINE,HF9g-P5,,,,X 全窗基线 · 不参与实体赏罚,6873453,688,A168_HF9F_20260827_0900,2026-08-27 09:00:00
2026-05-14,149914139,1509,0,52.5154920700,21.0061968280,21.0061968280,0.7500000,5,5,0.49324550000000000,0.493245500000,1.0271117246678039,1.0271117246678039,1.0271117246678039,0E-17,ELIGIBLE,R03b_20260811_FULL_v1,L1_ELIGIBILITY,v2026-08-11,2026-03-21..2026-08-06,baccarat_bet02_101_all_pairs_incl_sentinel,round_win = game_pnl > 0 (decisive only),COMPATIBILITY_ONLY_NOT_PRODUCTION,8537.0261,7888.0755,168.2584,528,528,-0.01970926,,-0.01970926,-0.01970926,-168.2584,8537.0261,OK,0.0000,6.7303,4.0000,96.0000,AG03-UNRESOLVED,ALL5_LEVELS_bet23_to_bet27,6.7303,6.7303,6.7303,10.0955,10.0955,4.000000,4.000000,4.000000,6.000000,6.000000,96.000000,96.000000,96.000000,94.000000,94.000000,5.0,40.3820,36.7219,127.8764,131.5365,PENDING_AG03,FALSE,NOT_FOR_ENFORCEMENT,161.5281,7572.5524,168.2584,161.5281,6.7303,0.01970926,0.01892089,6.7303,161.5281,0.01892089,6.7303,6.7303,6.7303,10.0955,10.0955,161.5281,0.01892089,40.3820,36.7219,127.8764,131.5365,0.01497903,0.01540776,0.00078837,16.1686,14.9395,0.3187,12.9430,0.6232,656.6943,40.6154,,16.1686,10.5031,15.8597,21.0062,21.0062,21.0062,31.5093,10.5031,0.0,1.324503,1.986755,1.019479,29,109,15,1,0E-8,0.01970926,,0E-8,0.000000,0.923984,0.000000,,2026-05-12,2026-06-02,13,270,171,22,0.590909,,,0.000000,,,,,,,,GLOBAL_BASELINE_NO_ENTITY_RANKING,,,NOT_APPLICABLE_GLOBAL_BASELINE,HF9g-P5,,,,X 全窗基线 · 不参与实体赏罚,6873454,688,A168_HF9F_20260827_0900,2026-08-27 09:00:00
2026-05-14,149914139,1645,0,21.0061968281,21.0061968281,21.0061968281,1.0000000,1,1,0.49324550000000000,0.493245500000,1.01360149184955,1.01360149184955,1.01360149184955,0E-17,ELIGIBLE,R03b_20260811_FULL_v1,L1_ELIGIBILITY,v2026-08-11,2026-03-21..2026-08-06,baccarat_bet02_101_all_pairs_incl_sentinel,round_win = game_pnl > 0 (decisive only),COMPATIBILITY_ONLY_NOT_PRODUCTION,8537.0261,7888.0755,168.2584,528,528,-0.01970926,,-0.01970926,-0.01970926,-168.2584,8537.0261,OK,0.0000,6.7303,4.0000,96.0000,AG03-UNRESOLVED,ALL5_LEVELS_bet23_to_bet27,6.7303,6.7303,6.7303,10.0955,10.0955,4.000000,4.000000,4.000000,6.000000,6.000000,96.000000,96.000000,96.000000,94.000000,94.000000,5.0,40.3820,36.7219,127.8764,131.5365,PENDING_AG03,FALSE,NOT_FOR_ENFORCEMENT,161.5281,7572.5524,168.2584,161.5281,6.7303,0.01970926,0.01892089,6.7303,161.5281,0.01892089,6.7303,6.7303,6.7303,10.0955,10.0955,161.5281,0.01892089,40.3820,36.7219,127.8764,131.5365,0.01497903,0.01540776,0.00078837,16.1686,14.9395,0.3187,12.9430,0.6232,656.6943,40.6154,,16.1686,10.5031,15.8597,21.0062,21.0062,21.0062,31.5093,10.5031,0.0,1.324503,1.986755,1.019479,29,109,15,1,0E-8,0.01970926,,0E-8,0.000000,0.923984,0.000000,,2026-05-12,2026-06-02,13,270,171,22,0.590909,,,0.000000,,,,,,,,GLOBAL_BASELINE_NO_ENTITY_RANKING,,,NOT_APPLICABLE_GLOBAL_BASELINE,HF9g-P5,,,,X 全窗基线 · 不参与实体赏罚,6873455,688,A168_HF9F_20260827_0900,2026-08-27 09:00:00
2026-05-14,149914139,1654,0,8.4024787312,-8.4024787312,-8.4024787312,0E-7,1,1,0.49324550000000000,0.493245500000,-0.9865810262130424,-0.9865810262130424,-0.9865810262130424,0E-17,ELIGIBLE,R03b_20260811_FULL_v1,L1_ELIGIBILITY,v2026-08-11,2026-03-21..2026-08-06,baccarat_bet02_101_all_pairs_incl_sentinel,round_win = game_pnl > 0 (decisive only),COMPATIBILITY_ONLY_NOT_PRODUCTION,8537.0261,7888.0755,168.2584,528,528,-0.01970926,,-0.01970926,-0.01970926,-168.2584,8537.0261,OK,0.0000,6.7303,4.0000,96.0000,AG03-UNRESOLVED,ALL5_LEVELS_bet23_to_bet27,6.7303,6.7303,6.7303,10.0955,10.0955,4.000000,4.000000,4.000000,6.000000,6.000000,96.000000,96.000000,96.000000,94.000000,94.000000,5.0,40.3820,36.7219,127.8764,131.5365,PENDING_AG03,FALSE,NOT_FOR_ENFORCEMENT,161.5281,7572.5524,168.2584,161.5281,6.7303,0.01970926,0.01892089,6.7303,161.5281,0.01892089,6.7303,6.7303,6.7303,10.0955,10.0955,161.5281,0.01892089,40.3820,36.7219,127.8764,131.5365,0.01497903,0.01540776,0.00078837,16.1686,14.9395,0.3187,12.9430,0.6232,656.6943,40.6154,,16.1686,10.5031,15.8597,21.0062,21.0062,21.0062,31.5093,10.5031,0.0,1.324503,1.986755,1.019479,29,109,15,1,0E-8,0.01970926,,0E-8,0.000000,0.923984,0.000000,,2026-05-12,2026-06-02,13,270,171,22,0.590909,,,0.000000,,,,,,,,GLOBAL_BASELINE_NO_ENTITY_RANKING,,,NOT_APPLICABLE_GLOBAL_BASELINE,HF9g-P5,,,,X 全窗基线 · 不参与实体赏罚,6873456,688,A168_HF9F_20260827_0900,2026-08-27 09:00:00
2026-05-14,149914139,1710,0,21.0061968280,0E-10,0E-10,0.5000000,2,2,0.49324550000000000,0.493245500000,0.01910635448239258,0.01910635448239258,0.01910635448239258,0E-17,ELIGIBLE,R03b_20260811_FULL_v1,L1_ELIGIBILITY,v2026-08-11,2026-03-21..2026-08-06,baccarat_bet02_101_all_pairs_incl_sentinel,round_win = game_pnl > 0 (decisive only),COMPATIBILITY_ONLY_NOT_PRODUCTION,8537.0261,7888.0755,168.2584,528,528,-0.01970926,,-0.01970926,-0.01970926,-168.2584,8537.0261,OK,0.0000,6.7303,4.0000,96.0000,AG03-UNRESOLVED,ALL5_LEVELS_bet23_to_bet27,6.7303,6.7303,6.7303,10.0955,10.0955,4.000000,4.000000,4.000000,6.000000,6.000000,96.000000,96.000000,96.000000,94.000000,94.000000,5.0,40.3820,36.7219,127.8764,131.5365,PENDING_AG03,FALSE,NOT_FOR_ENFORCEMENT,161.5281,7572.5524,168.2584,161.5281,6.7303,0.01970926,0.01892089,6.7303,161.5281,0.01892089,6.7303,6.7303,6.7303,10.0955,10.0955,161.5281,0.01892089,40.3820,36.7219,127.8764,131.5365,0.01497903,0.01540776,0.00078837,16.1686,14.9395,0.3187,12.9430,0.6232,656.6943,40.6154,,16.1686,10.5031,15.8597,21.0062,21.0062,21.0062,31.5093,10.5031,0.0,1.324503,1.986755,1.019479,29,109,15,1,0E-8,0.01970926,,0E-8,0.000000,0.923984,0.000000,,2026-05-12,2026-06-02,13,270,171,22,0.590909,,,0.000000,,,,,,,,GLOBAL_BASELINE_NO_ENTITY_RANKING,,,NOT_APPLICABLE_GLOBAL_BASELINE,HF9g-P5,,,,X 全窗基线 · 不参与实体赏罚,6873457,688,A168_HF9F_20260827_0900,2026-08-27 09:00:00
2026-05-14,149914139,1947,0,10.5030984140,-10.5030984140,-10.5030984140,0E-7,1,1,0.49324550000000000,0.493245500000,-0.9865810262130424,-0.9865810262130424,-0.9865810262130424,0E-17,ELIGIBLE,R03b_20260811_FULL_v1,L1_ELIGIBILITY,v2026-08-11,2026-03-21..2026-08-06,baccarat_bet02_101_all_pairs_incl_sentinel,round_win = game_pnl > 0 (decisive only),COMPATIBILITY_ONLY_NOT_PRODUCTION,8537.0261,7888.0755,168.2584,528,528,-0.01970926,,-0.01970926,-0.01970926,-168.2584,8537.0261,OK,0.0000,6.7303,4.0000,96.0000,AG03-UNRESOLVED,ALL5_LEVELS_bet23_to_bet27,6.7303,6.7303,6.7303,10.0955,10.0955,4.000000,4.000000,4.000000,6.000000,6.000000,96.000000,96.000000,96.000000,94.000000,94.000000,5.0,40.3820,36.7219,127.8764,131.5365,PENDING_AG03,FALSE,NOT_FOR_ENFORCEMENT,161.5281,7572.5524,168.2584,161.5281,6.7303,0.01970926,0.01892089,6.7303,161.5281,0.01892089,6.7303,6.7303,6.7303,10.0955,10.0955,161.5281,0.01892089,40.3820,36.7219,127.8764,131.5365,0.01497903,0.01540776,0.00078837,16.1686,14.9395,0.3187,12.9430,0.6232,656.6943,40.6154,,16.1686,10.5031,15.8597,21.0062,21.0062,21.0062,31.5093,10.5031,0.0,1.324503,1.986755,1.019479,29,109,15,1,0E-8,0.01970926,,0E-8,0.000000,0.923984,0.000000,,2026-05-12,2026-06-02,13,270,171,22,0.590909,,,0.000000,,,,,,,,GLOBAL_BASELINE_NO_ENTITY_RANKING,,,NOT_APPLICABLE_GLOBAL_BASELINE,HF9g-P5,,,,X 全窗基线 · 不参与实体赏罚,6873458,688,A168_HF9F_20260827_0900,2026-08-27 09:00:00
2026-05-14,149914139,1951,0,21.0061968281,21.0061968281,21.0061968281,1.0000000,1,1,0.49324550000000000,0.493245500000,1.01360149184955,1.01360149184955,1.01360149184955,0E-17,ELIGIBLE,R03b_20260811_FULL_v1,L1_ELIGIBILITY,v2026-08-11,2026-03-21..2026-08-06,baccarat_bet02_101_all_pairs_incl_sentinel,round_win = game_pnl > 0 (decisive only),COMPATIBILITY_ONLY_NOT_PRODUCTION,8537.0261,7888.0755,168.2584,528,528,-0.01970926,,-0.01970926,-0.01970926,-168.2584,8537.0261,OK,0.0000,6.7303,4.0000,96.0000,AG03-UNRESOLVED,ALL5_LEVELS_bet23_to_bet27,6.7303,6.7303,6.7303,10.0955,10.0955,4.000000,4.000000,4.000000,6.000000,6.000000,96.000000,96.000000,96.000000,94.000000,94.000000,5.0,40.3820,36.7219,127.8764,131.5365,PENDING_AG03,FALSE,NOT_FOR_ENFORCEMENT,161.5281,7572.5524,168.2584,161.5281,6.7303,0.01970926,0.01892089,6.7303,161.5281,0.01892089,6.7303,6.7303,6.7303,10.0955,10.0955,161.5281,0.01892089,40.3820,36.7219,127.8764,131.5365,0.01497903,0.01540776,0.00078837,16.1686,14.9395,0.3187,12.9430,0.6232,656.6943,40.6154,,16.1686,10.5031,15.8597,21.0062,21.0062,21.0062,31.5093,10.5031,0.0,1.324503,1.986755,1.019479,29,109,15,1,0E-8,0.01970926,,0E-8,0.000000,0.923984,0.000000,,2026-05-12,2026-06-02,13,270,171,22,0.590909,,,0.000000,,,,,,,,GLOBAL_BASELINE_NO_ENTITY_RANKING,,,NOT_APPLICABLE_GLOBAL_BASELINE,HF9g-P5,,,,X 全窗基线 · 不参与实体赏罚,6873459,688,A168_HF9F_20260827_0900,2026-08-27 09:00:00
2026-05-14,149914139,2093,0,42.0123936562,0E-10,0E-10,0.5000000,2,2,0.49324550000000000,0.493245500000,0.01910635448239258,0.01910635448239258,0.01910635448239258,0E-17,ELIGIBLE,R03b_20260811_FULL_v1,L1_ELIGIBILITY,v2026-08-11,2026-03-21..2026-08-06,baccarat_bet02_101_all_pairs_incl_sentinel,round_win = game_pnl > 0 (decisive only),COMPATIBILITY_ONLY_NOT_PRODUCTION,8537.0261,7888.0755,168.2584,528,528,-0.01970926,,-0.01970926,-0.01970926,-168.2584,8537.0261,OK,0.0000,6.7303,4.0000,96.0000,AG03-UNRESOLVED,ALL5_LEVELS_bet23_to_bet27,6.7303,6.7303,6.7303,10.0955,10.0955,4.000000,4.000000,4.000000,6.000000,6.000000,96.000000,96.000000,96.000000,94.000000,94.000000,5.0,40.3820,36.7219,127.8764,131.5365,PENDING_AG03,FALSE,NOT_FOR_ENFORCEMENT,161.5281,7572.5524,168.2584,161.5281,6.7303,0.01970926,0.01892089,6.7303,161.5281,0.01892089,6.7303,6.7303,6.7303,10.0955,10.0955,161.5281,0.01892089,40.3820,36.7219,127.8764,131.5365,0.01497903,0.01540776,0.00078837,16.1686,14.9395,0.3187,12.9430,0.6232,656.6943,40.6154,,16.1686,10.5031,15.8597,21.0062,21.0062,21.0062,31.5093,10.5031,0.0,1.324503,1.986755,1.019479,29,109,15,1,0E-8,0.01970926,,0E-8,0.000000,0.923984,0.000000,,2026-05-12,2026-06-02,13,270,171,22,0.590909,,,0.000000,,,,,,,,GLOBAL_BASELINE_NO_ENTITY_RANKING,,,NOT_APPLICABLE_GLOBAL_BASELINE,HF9g-P5,,,,X 全窗基线 · 不参与实体赏罚,6873460,688,A168_HF9F_20260827_0900,2026-08-27 09:00:00
2026-05-14,149914139,2108,0,10.5030984140,-10.5030984140,-10.5030984140,0E-7,1,1,0.49324550000000000,0.493245500000,-0.9865810262130424,-0.9865810262130424,-0.9865810262130424,0E-17,ELIGIBLE,R03b_20260811_FULL_v1,L1_ELIGIBILITY,v2026-08-11,2026-03-21..2026-08-06,baccarat_bet02_101_all_pairs_incl_sentinel,round_win = game_pnl > 0 (decisive only),COMPATIBILITY_ONLY_NOT_PRODUCTION,8537.0261,7888.0755,168.2584,528,528,-0.01970926,,-0.01970926,-0.01970926,-168.2584,8537.0261,OK,0.0000,6.7303,4.0000,96.0000,AG03-UNRESOLVED,ALL5_LEVELS_bet23_to_bet27,6.7303,6.7303,6.7303,10.0955,10.0955,4.000000,4.000000,4.000000,6.000000,6.000000,96.000000,96.000000,96.000000,94.000000,94.000000,5.0,40.3820,36.7219,127.8764,131.5365,PENDING_AG03,FALSE,NOT_FOR_ENFORCEMENT,161.5281,7572.5524,168.2584,161.5281,6.7303,0.01970926,0.01892089,6.7303,161.5281,0.01892089,6.7303,6.7303,6.7303,10.0955,10.0955,161.5281,0.01892089,40.3820,36.7219,127.8764,131.5365,0.01497903,0.01540776,0.00078837,16.1686,14.9395,0.3187,12.9430,0.6232,656.6943,40.6154,,16.1686,10.5031,15.8597,21.0062,21.0062,21.0062,31.5093,10.5031,0.0,1.324503,1.986755,1.019479,29,109,15,1,0E-8,0.01970926,,0E-8,0.000000,0.923984,0.000000,,2026-05-12,2026-06-02,13,270,171,22,0.590909,,,0.000000,,,,,,,,GLOBAL_BASELINE_NO_ENTITY_RANKING,,,NOT_APPLICABLE_GLOBAL_BASELINE,HF9g-P5,,,,X 全窗基线 · 不参与实体赏罚,6873461,688,A168_HF9F_20260827_0900,2026-08-27 09:00:00
2026-05-14,149914139,2117,0,105.0309841404,21.0061968281,21.0061968281,0.7500000,5,5,0.49324550000000000,0.493245500000,1.0271117246678039,1.0271117246678039,1.0271117246678039,0E-17,ELIGIBLE,R03b_20260811_FULL_v1,L1_ELIGIBILITY,v2026-08-11,2026-03-21..2026-08-06,baccarat_bet02_101_all_pairs_incl_sentinel,round_win = game_pnl > 0 (decisive only),COMPATIBILITY_ONLY_NOT_PRODUCTION,8537.0261,7888.0755,168.2584,528,528,-0.01970926,,-0.01970926,-0.01970926,-168.2584,8537.0261,OK,0.0000,6.7303,4.0000,96.0000,AG03-UNRESOLVED,ALL5_LEVELS_bet23_to_bet27,6.7303,6.7303,6.7303,10.0955,10.0955,4.000000,4.000000,4.000000,6.000000,6.000000,96.000000,96.000000,96.000000,94.000000,94.000000,5.0,40.3820,36.7219,127.8764,131.5365,PENDING_AG03,FALSE,NOT_FOR_ENFORCEMENT,161.5281,7572.5524,168.2584,161.5281,6.7303,0.01970926,0.01892089,6.7303,161.5281,0.01892089,6.7303,6.7303,6.7303,10.0955,10.0955,161.5281,0.01892089,40.3820,36.7219,127.8764,131.5365,0.01497903,0.01540776,0.00078837,16.1686,14.9395,0.3187,12.9430,0.6232,656.6943,40.6154,,16.1686,10.5031,15.8597,21.0062,21.0062,21.0062,31.5093,10.5031,0.0,1.324503,1.986755,1.019479,29,109,15,1,0E-8,0.01970926,,0E-8,0.000000,0.923984,0.000000,,2026-05-12,2026-06-02,13,270,171,22,0.590909,,,0.000000,,,,,,,,GLOBAL_BASELINE_NO_ENTITY_RANKING,,,NOT_APPLICABLE_GLOBAL_BASELINE,HF9g-P5,,,,X 全窗基线 · 不参与实体赏罚,6873462,688,A168_HF9F_20260827_0900,2026-08-27 09:00:00
2026-05-14,149914139,2122,0,52.5154920702,-10.5030984140,-10.5030984140,0.3333333,3,3,0.49324550000000000,0.493245500000,-0.5540025479526107,-0.5540025479526106,-0.5540025479526107,0E-17,ELIGIBLE,R03b_20260811_FULL_v1,L1_ELIGIBILITY,v2026-08-11,2026-03-21..2026-08-06,baccarat_bet02_101_all_pairs_incl_sentinel,round_win = game_pnl > 0 (decisive only),COMPATIBILITY_ONLY_NOT_PRODUCTION,8537.0261,7888.0755,168.2584,528,528,-0.01970926,,-0.01970926,-0.01970926,-168.2584,8537.0261,OK,0.0000,6.7303,4.0000,96.0000,AG03-UNRESOLVED,ALL5_LEVELS_bet23_to_bet27,6.7303,6.7303,6.7303,10.0955,10.0955,4.000000,4.000000,4.000000,6.000000,6.000000,96.000000,96.000000,96.000000,94.000000,94.000000,5.0,40.3820,36.7219,127.8764,131.5365,PENDING_AG03,FALSE,NOT_FOR_ENFORCEMENT,161.5281,7572.5524,168.2584,161.5281,6.7303,0.01970926,0.01892089,6.7303,161.5281,0.01892089,6.7303,6.7303,6.7303,10.0955,10.0955,161.5281,0.01892089,40.3820,36.7219,127.8764,131.5365,0.01497903,0.01540776,0.00078837,16.1686,14.9395,0.3187,12.9430,0.6232,656.6943,40.6154,,16.1686,10.5031,15.8597,21.0062,21.0062,21.0062,31.5093,10.5031,0.0,1.324503,1.986755,1.019479,29,109,15,1,0E-8,0.01970926,,0E-8,0.000000,0.923984,0.000000,,2026-05-12,2026-06-02,13,270,171,22,0.590909,,,0.000000,,,,,,,,GLOBAL_BASELINE_NO_ENTITY_RANKING,,,NOT_APPLICABLE_GLOBAL_BASELINE,HF9g-P5,,,,X 全窗基线 · 不参与实体赏罚,6873463,688,A168_HF9F_20260827_0900,2026-08-27 09:00:00
2026-05-14,149914139,2127,0,42.0123936562,0E-10,0E-10,0.5000000,2,2,0.49324550000000000,0.493245500000,0.01910635448239258,0.01910635448239258,0.01910635448239258,0E-17,ELIGIBLE,R03b_20260811_FULL_v1,L1_ELIGIBILITY,v2026-08-11,2026-03-21..2026-08-06,baccarat_bet02_101_all_pairs_incl_sentinel,round_win = game_pnl > 0 (decisive only),COMPATIBILITY_ONLY_NOT_PRODUCTION,8537.0261,7888.0755,168.2584,528,528,-0.01970926,,-0.01970926,-0.01970926,-168.2584,8537.0261,OK,0.0000,6.7303,4.0000,96.0000,AG03-UNRESOLVED,ALL5_LEVELS_bet23_to_bet27,6.7303,6.7303,6.7303,10.0955,10.0955,4.000000,4.000000,4.000000,6.000000,6.000000,96.000000,96.000000,96.000000,94.000000,94.000000,5.0,40.3820,36.7219,127.8764,131.5365,PENDING_AG03,FALSE,NOT_FOR_ENFORCEMENT,161.5281,7572.5524,168.2584,161.5281,6.7303,0.01970926,0.01892089,6.7303,161.5281,0.01892089,6.7303,6.7303,6.7303,10.0955,10.0955,161.5281,0.01892089,40.3820,36.7219,127.8764,131.5365,0.01497903,0.01540776,0.00078837,16.1686,14.9395,0.3187,12.9430,0.6232,656.6943,40.6154,,16.1686,10.5031,15.8597,21.0062,21.0062,21.0062,31.5093,10.5031,0.0,1.324503,1.986755,1.019479,29,109,15,1,0E-8,0.01970926,,0E-8,0.000000,0.923984,0.000000,,2026-05-12,2026-06-02,13,270,171,22,0.590909,,,0.000000,,,,,,,,GLOBAL_BASELINE_NO_ENTITY_RANKING,,,NOT_APPLICABLE_GLOBAL_BASELINE,HF9g-P5,,,,X 全窗基线 · 不参与实体赏罚,6873464,688,A168_HF9F_20260827_0900,2026-08-27 09:00:00
2026-05-14,149914139,2155,0,21.0061968281,21.0061968281,21.0061968281,1.0000000,1,1,0.49324550000000000,0.493245500000,1.01360149184955,1.01360149184955,1.01360149184955,0E-17,ELIGIBLE,R03b_20260811_FULL_v1,L1_ELIGIBILITY,v2026-08-11,2026-03-21..2026-08-06,baccarat_bet02_101_all_pairs_incl_sentinel,round_win = game_pnl > 0 (decisive only),COMPATIBILITY_ONLY_NOT_PRODUCTION,8537.0261,7888.0755,168.2584,528,528,-0.01970926,,-0.01970926,-0.01970926,-168.2584,8537.0261,OK,0.0000,6.7303,4.0000,96.0000,AG03-UNRESOLVED,ALL5_LEVELS_bet23_to_bet27,6.7303,6.7303,6.7303,10.0955,10.0955,4.000000,4.000000,4.000000,6.000000,6.000000,96.000000,96.000000,96.000000,94.000000,94.000000,5.0,40.3820,36.7219,127.8764,131.5365,PENDING_AG03,FALSE,NOT_FOR_ENFORCEMENT,161.5281,7572.5524,168.2584,161.5281,6.7303,0.01970926,0.01892089,6.7303,161.5281,0.01892089,6.7303,6.7303,6.7303,10.0955,10.0955,161.5281,0.01892089,40.3820,36.7219,127.8764,131.5365,0.01497903,0.01540776,0.00078837,16.1686,14.9395,0.3187,12.9430,0.6232,656.6943,40.6154,,16.1686,10.5031,15.8597,21.0062,21.0062,21.0062,31.5093,10.5031,0.0,1.324503,1.986755,1.019479,29,109,15,1,0E-8,0.01970926,,0E-8,0.000000,0.923984,0.000000,,2026-05-12,2026-06-02,13,270,171,22,0.590909,,,0.000000,,,,,,,,GLOBAL_BASELINE_NO_ENTITY_RANKING,,,NOT_APPLICABLE_GLOBAL_BASELINE,HF9g-P5,,,,X 全窗基线 · 不参与实体赏罚,6873465,688,A168_HF9F_20260827_0900,2026-08-27 09:00:00
2026-05-14,149914139,2196,0,63.0185904843,63.0185904843,63.0185904843,1.0000000,3,3,0.49324550000000000,0.493245500000,1.755609282511032,1.7556092825110319,1.755609282511032,0E-17,ELIGIBLE,R03b_20260811_FULL_v1,L1_ELIGIBILITY,v2026-08-11,2026-03-21..2026-08-06,baccarat_bet02_101_all_pairs_incl_sentinel,round_win = game_pnl > 0 (decisive only),COMPATIBILITY_ONLY_NOT_PRODUCTION,8537.0261,7888.0755,168.2584,528,528,-0.01970926,,-0.01970926,-0.01970926,-168.2584,8537.0261,OK,0.0000,6.7303,4.0000,96.0000,AG03-UNRESOLVED,ALL5_LEVELS_bet23_to_bet27,6.7303,6.7303,6.7303,10.0955,10.0955,4.000000,4.000000,4.000000,6.000000,6.000000,96.000000,96.000000,96.000000,94.000000,94.000000,5.0,40.3820,36.7219,127.8764,131.5365,PENDING_AG03,FALSE,NOT_FOR_ENFORCEMENT,161.5281,7572.5524,168.2584,161.5281,6.7303,0.01970926,0.01892089,6.7303,161.5281,0.01892089,6.7303,6.7303,6.7303,10.0955,10.0955,161.5281,0.01892089,40.3820,36.7219,127.8764,131.5365,0.01497903,0.01540776,0.00078837,16.1686,14.9395,0.3187,12.9430,0.6232,656.6943,40.6154,,16.1686,10.5031,15.8597,21.0062,21.0062,21.0062,31.5093,10.5031,0.0,1.324503,1.986755,1.019479,29,109,15,1,0E-8,0.01970926,,0E-8,0.000000,0.923984,0.000000,,2026-05-12,2026-06-02,13,270,171,22,0.590909,,,0.000000,,,,,,,,GLOBAL_BASELINE_NO_ENTITY_RANKING,,,NOT_APPLICABLE_GLOBAL_BASELINE,HF9g-P5,,,,X 全窗基线 · 不参与实体赏罚,6873466,688,A168_HF9F_20260827_0900,2026-08-27 09:00:00
2026-05-14,149914139,2205,0,31.5092952421,-31.5092952421,-31.5092952421,0E-7,1,1,0.49324550000000000,0.493245500000,-0.9865810262130424,-0.9865810262130424,-0.9865810262130424,0E-17,ELIGIBLE,R03b_20260811_FULL_v1,L1_ELIGIBILITY,v2026-08-11,2026-03-21..2026-08-06,baccarat_bet02_101_all_pairs_incl_sentinel,round_win = game_pnl > 0 (decisive only),COMPATIBILITY_ONLY_NOT_PRODUCTION,8537.0261,7888.0755,168.2584,528,528,-0.01970926,,-0.01970926,-0.01970926,-168.2584,8537.0261,OK,0.0000,6.7303,4.0000,96.0000,AG03-UNRESOLVED,ALL5_LEVELS_bet23_to_bet27,6.7303,6.7303,6.7303,10.0955,10.0955,4.000000,4.000000,4.000000,6.000000,6.000000,96.000000,96.000000,96.000000,94.000000,94.000000,5.0,40.3820,36.7219,127.8764,131.5365,PENDING_AG03,FALSE,NOT_FOR_ENFORCEMENT,161.5281,7572.5524,168.2584,161.5281,6.7303,0.01970926,0.01892089,6.7303,161.5281,0.01892089,6.7303,6.7303,6.7303,10.0955,10.0955,161.5281,0.01892089,40.3820,36.7219,127.8764,131.5365,0.01497903,0.01540776,0.00078837,16.1686,14.9395,0.3187,12.9430,0.6232,656.6943,40.6154,,16.1686,10.5031,15.8597,21.0062,21.0062,21.0062,31.5093,10.5031,0.0,1.324503,1.986755,1.019479,29,109,15,1,0E-8,0.01970926,,0E-8,0.000000,0.923984,0.000000,,2026-05-12,2026-06-02,13,270,171,22,0.590909,,,0.000000,,,,,,,,GLOBAL_BASELINE_NO_ENTITY_RANKING,,,NOT_APPLICABLE_GLOBAL_BASELINE,HF9g-P5,,,,X 全窗基线 · 不参与实体赏罚,6873467,688,A168_HF9F_20260827_0900,2026-08-27 09:00:00
2026-05-14,149914139,2216,0,6.0917970801,-6.0917970801,-6.0917970801,0E-7,1,1,0.49324550000000000,0.493245500000,-0.9865810262130424,-0.9865810262130424,-0.9865810262130424,0E-17,ELIGIBLE,R03b_20260811_FULL_v1,L1_ELIGIBILITY,v2026-08-11,2026-03-21..2026-08-06,baccarat_bet02_101_all_pairs_incl_sentinel,round_win = game_pnl > 0 (decisive only),COMPATIBILITY_ONLY_NOT_PRODUCTION,8537.0261,7888.0755,168.2584,528,528,-0.01970926,,-0.01970926,-0.01970926,-168.2584,8537.0261,OK,0.0000,6.7303,4.0000,96.0000,AG03-UNRESOLVED,ALL5_LEVELS_bet23_to_bet27,6.7303,6.7303,6.7303,10.0955,10.0955,4.000000,4.000000,4.000000,6.000000,6.000000,96.000000,96.000000,96.000000,94.000000,94.000000,5.0,40.3820,36.7219,127.8764,131.5365,PENDING_AG03,FALSE,NOT_FOR_ENFORCEMENT,161.5281,7572.5524,168.2584,161.5281,6.7303,0.01970926,0.01892089,6.7303,161.5281,0.01892089,6.7303,6.7303,6.7303,10.0955,10.0955,161.5281,0.01892089,40.3820,36.7219,127.8764,131.5365,0.01497903,0.01540776,0.00078837,16.1686,14.9395,0.3187,12.9430,0.6232,656.6943,40.6154,,16.1686,10.5031,15.8597,21.0062,21.0062,21.0062,31.5093,10.5031,0.0,1.324503,1.986755,1.019479,29,109,15,1,0E-8,0.01970926,,0E-8,0.000000,0.923984,0.000000,,2026-05-12,2026-06-02,13,270,171,22,0.590909,,,0.000000,,,,,,,,GLOBAL_BASELINE_NO_ENTITY_RANKING,,,NOT_APPLICABLE_GLOBAL_BASELINE,HF9g-P5,,,,X 全窗基线 · 不参与实体赏罚,6873468,688,A168_HF9F_20260827_0900,2026-08-27 09:00:00
2026-05-14,149914139,2235,0,4.2012393656,-4.2012393656,-4.2012393656,0E-7,1,1,0.49324550000000000,0.493245500000,-0.9865810262130424,-0.9865810262130424,-0.9865810262130424,0E-17,ELIGIBLE,R03b_20260811_FULL_v1,L1_ELIGIBILITY,v2026-08-11,2026-03-21..2026-08-06,baccarat_bet02_101_all_pairs_incl_sentinel,round_win = game_pnl > 0 (decisive only),COMPATIBILITY_ONLY_NOT_PRODUCTION,8537.0261,7888.0755,168.2584,528,528,-0.01970926,,-0.01970926,-0.01970926,-168.2584,8537.0261,OK,0.0000,6.7303,4.0000,96.0000,AG03-UNRESOLVED,ALL5_LEVELS_bet23_to_bet27,6.7303,6.7303,6.7303,10.0955,10.0955,4.000000,4.000000,4.000000,6.000000,6.000000,96.000000,96.000000,96.000000,94.000000,94.000000,5.0,40.3820,36.7219,127.8764,131.5365,PENDING_AG03,FALSE,NOT_FOR_ENFORCEMENT,161.5281,7572.5524,168.2584,161.5281,6.7303,0.01970926,0.01892089,6.7303,161.5281,0.01892089,6.7303,6.7303,6.7303,10.0955,10.0955,161.5281,0.01892089,40.3820,36.7219,127.8764,131.5365,0.01497903,0.01540776,0.00078837,16.1686,14.9395,0.3187,12.9430,0.6232,656.6943,40.6154,,16.1686,10.5031,15.8597,21.0062,21.0062,21.0062,31.5093,10.5031,0.0,1.324503,1.986755,1.019479,29,109,15,1,0E-8,0.01970926,,0E-8,0.000000,0.923984,0.000000,,2026-05-12,2026-06-02,13,270,171,22,0.590909,,,0.000000,,,,,,,,GLOBAL_BASELINE_NO_ENTITY_RANKING,,,NOT_APPLICABLE_GLOBAL_BASELINE,HF9g-P5,,,,X 全窗基线 · 不参与实体赏罚,6873469,688,A168_HF9F_20260827_0900,2026-08-27 09:00:00
2026-05-14,149914139,2242,0,10.5030984140,-10.5030984140,-10.5030984140,0E-7,1,1,0.49324550000000000,0.493245500000,-0.9865810262130424,-0.9865810262130424,-0.9865810262130424,0E-17,ELIGIBLE,R03b_20260811_FULL_v1,L1_ELIGIBILITY,v2026-08-11,2026-03-21..2026-08-06,baccarat_bet02_101_all_pairs_incl_sentinel,round_win = game_pnl > 0 (decisive only),COMPATIBILITY_ONLY_NOT_PRODUCTION,8537.0261,7888.0755,168.2584,528,528,-0.01970926,,-0.01970926,-0.01970926,-168.2584,8537.0261,OK,0.0000,6.7303,4.0000,96.0000,AG03-UNRESOLVED,ALL5_LEVELS_bet23_to_bet27,6.7303,6.7303,6.7303,10.0955,10.0955,4.000000,4.000000,4.000000,6.000000,6.000000,96.000000,96.000000,96.000000,94.000000,94.000000,5.0,40.3820,36.7219,127.8764,131.5365,PENDING_AG03,FALSE,NOT_FOR_ENFORCEMENT,161.5281,7572.5524,168.2584,161.5281,6.7303,0.01970926,0.01892089,6.7303,161.5281,0.01892089,6.7303,6.7303,6.7303,10.0955,10.0955,161.5281,0.01892089,40.3820,36.7219,127.8764,131.5365,0.01497903,0.01540776,0.00078837,16.1686,14.9395,0.3187,12.9430,0.6232,656.6943,40.6154,,16.1686,10.5031,15.8597,21.0062,21.0062,21.0062,31.5093,10.5031,0.0,1.324503,1.986755,1.019479,29,109,15,1,0E-8,0.01970926,,0E-8,0.000000,0.923984,0.000000,,2026-05-12,2026-06-02,13,270,171,22,0.590909,,,0.000000,,,,,,,,GLOBAL_BASELINE_NO_ENTITY_RANKING,,,NOT_APPLICABLE_GLOBAL_BASELINE,HF9g-P5,,,,X 全窗基线 · 不参与实体赏罚,6873470,688,A168_HF9F_20260827_0900,2026-08-27 09:00:00
2026-05-14,149914139,2246,0,27.3080558765,21.0061968281,21.0061968281,1.0000000,2,2,0.49324550000000000,0.493245500000,1.01360149184955,1.01360149184955,1.01360149184955,0E-17,ELIGIBLE,R03b_20260811_FULL_v1,L1_ELIGIBILITY,v2026-08-11,2026-03-21..2026-08-06,baccarat_bet02_101_all_pairs_incl_sentinel,round_win = game_pnl > 0 (decisive only),COMPATIBILITY_ONLY_NOT_PRODUCTION,8537.0261,7888.0755,168.2584,528,528,-0.01970926,,-0.01970926,-0.01970926,-168.2584,8537.0261,OK,0.0000,6.7303,4.0000,96.0000,AG03-UNRESOLVED,ALL5_LEVELS_bet23_to_bet27,6.7303,6.7303,6.7303,10.0955,10.0955,4.000000,4.000000,4.000000,6.000000,6.000000,96.000000,96.000000,96.000000,94.000000,94.000000,5.0,40.3820,36.7219,127.8764,131.5365,PENDING_AG03,FALSE,NOT_FOR_ENFORCEMENT,161.5281,7572.5524,168.2584,161.5281,6.7303,0.01970926,0.01892089,6.7303,161.5281,0.01892089,6.7303,6.7303,6.7303,10.0955,10.0955,161.5281,0.01892089,40.3820,36.7219,127.8764,131.5365,0.01497903,0.01540776,0.00078837,16.1686,14.9395,0.3187,12.9430,0.6232,656.6943,40.6154,,16.1686,10.5031,15.8597,21.0062,21.0062,21.0062,31.5093,10.5031,0.0,1.324503,1.986755,1.019479,29,109,15,1,0E-8,0.01970926,,0E-8,0.000000,0.923984,0.000000,,2026-05-12,2026-06-02,13,270,171,22,0.590909,,,0.000000,,,,,,,,GLOBAL_BASELINE_NO_ENTITY_RANKING,,,NOT_APPLICABLE_GLOBAL_BASELINE,HF9g-P5,,,,X 全窗基线 · 不参与实体赏罚,6873471,688,A168_HF9F_20260827_0900,2026-08-27 09:00:00
2026-05-14,149914139,2250,0,10.5030984140,10.5030984140,10.5030984140,1.0000000,1,1,0.49324550000000000,0.493245500000,1.01360149184955,1.01360149184955,1.01360149184955,0E-17,ELIGIBLE,R03b_20260811_FULL_v1,L1_ELIGIBILITY,v2026-08-11,2026-03-21..2026-08-06,baccarat_bet02_101_all_pairs_incl_sentinel,round_win = game_pnl > 0 (decisive only),COMPATIBILITY_ONLY_NOT_PRODUCTION,8537.0261,7888.0755,168.2584,528,528,-0.01970926,,-0.01970926,-0.01970926,-168.2584,8537.0261,OK,0.0000,6.7303,4.0000,96.0000,AG03-UNRESOLVED,ALL5_LEVELS_bet23_to_bet27,6.7303,6.7303,6.7303,10.0955,10.0955,4.000000,4.000000,4.000000,6.000000,6.000000,96.000000,96.000000,96.000000,94.000000,94.000000,5.0,40.3820,36.7219,127.8764,131.5365,PENDING_AG03,FALSE,NOT_FOR_ENFORCEMENT,161.5281,7572.5524,168.2584,161.5281,6.7303,0.01970926,0.01892089,6.7303,161.5281,0.01892089,6.7303,6.7303,6.7303,10.0955,10.0955,161.5281,0.01892089,40.3820,36.7219,127.8764,131.5365,0.01497903,0.01540776,0.00078837,16.1686,14.9395,0.3187,12.9430,0.6232,656.6943,40.6154,,16.1686,10.5031,15.8597,21.0062,21.0062,21.0062,31.5093,10.5031,0.0,1.324503,1.986755,1.019479,29,109,15,1,0E-8,0.01970926,,0E-8,0.000000,0.923984,0.000000,,2026-05-12,2026-06-02,13,270,171,22,0.590909,,,0.000000,,,,,,,,GLOBAL_BASELINE_NO_ENTITY_RANKING,,,NOT_APPLICABLE_GLOBAL_BASELINE,HF9g-P5,,,,X 全窗基线 · 不参与实体赏罚,6873472,688,A168_HF9F_20260827_0900,2026-08-27 09:00:00
2026-05-14,149914139,2251,0,10.5030984140,10.5030984140,10.5030984140,1.0000000,1,1,0.49324550000000000,0.493245500000,1.01360149184955,1.01360149184955,1.01360149184955,0E-17,ELIGIBLE,R03b_20260811_FULL_v1,L1_ELIGIBILITY,v2026-08-11,2026-03-21..2026-08-06,baccarat_bet02_101_all_pairs_incl_sentinel,round_win = game_pnl > 0 (decisive only),COMPATIBILITY_ONLY_NOT_PRODUCTION,8537.0261,7888.0755,168.2584,528,528,-0.01970926,,-0.01970926,-0.01970926,-168.2584,8537.0261,OK,0.0000,6.7303,4.0000,96.0000,AG03-UNRESOLVED,ALL5_LEVELS_bet23_to_bet27,6.7303,6.7303,6.7303,10.0955,10.0955,4.000000,4.000000,4.000000,6.000000,6.000000,96.000000,96.000000,96.000000,94.000000,94.000000,5.0,40.3820,36.7219,127.8764,131.5365,PENDING_AG03,FALSE,NOT_FOR_ENFORCEMENT,161.5281,7572.5524,168.2584,161.5281,6.7303,0.01970926,0.01892089,6.7303,161.5281,0.01892089,6.7303,6.7303,6.7303,10.0955,10.0955,161.5281,0.01892089,40.3820,36.7219,127.8764,131.5365,0.01497903,0.01540776,0.00078837,16.1686,14.9395,0.3187,12.9430,0.6232,656.6943,40.6154,,16.1686,10.5031,15.8597,21.0062,21.0062,21.0062,31.5093,10.5031,0.0,1.324503,1.986755,1.019479,29,109,15,1,0E-8,0.01970926,,0E-8,0.000000,0.923984,0.000000,,2026-05-12,2026-06-02,13,270,171,22,0.590909,,,0.000000,,,,,,,,GLOBAL_BASELINE_NO_ENTITY_RANKING,,,NOT_APPLICABLE_GLOBAL_BASELINE,HF9g-P5,,,,X 全窗基线 · 不参与实体赏罚,6873473,688,A168_HF9F_20260827_0900,2026-08-27 09:00:00
2026-05-14,149914139,2258,0,63.0185904842,0E-10,0E-10,0.5000000,2,2,0.49324550000000000,0.493245500000,0.01910635448239258,0.01910635448239258,0.01910635448239258,0E-17,ELIGIBLE,R03b_20260811_FULL_v1,L1_ELIGIBILITY,v2026-08-11,2026-03-21..2026-08-06,baccarat_bet02_101_all_pairs_incl_sentinel,round_win = game_pnl > 0 (decisive only),COMPATIBILITY_ONLY_NOT_PRODUCTION,8537.0261,7888.0755,168.2584,528,528,-0.01970926,,-0.01970926,-0.01970926,-168.2584,8537.0261,OK,0.0000,6.7303,4.0000,96.0000,AG03-UNRESOLVED,ALL5_LEVELS_bet23_to_bet27,6.7303,6.7303,6.7303,10.0955,10.0955,4.000000,4.000000,4.000000,6.000000,6.000000,96.000000,96.000000,96.000000,94.000000,94.000000,5.0,40.3820,36.7219,127.8764,131.5365,PENDING_AG03,FALSE,NOT_FOR_ENFORCEMENT,161.5281,7572.5524,168.2584,161.5281,6.7303,0.01970926,0.01892089,6.7303,161.5281,0.01892089,6.7303,6.7303,6.7303,10.0955,10.0955,161.5281,0.01892089,40.3820,36.7219,127.8764,131.5365,0.01497903,0.01540776,0.00078837,16.1686,14.9395,0.3187,12.9430,0.6232,656.6943,40.6154,,16.1686,10.5031,15.8597,21.0062,21.0062,21.0062,31.5093,10.5031,0.0,1.324503,1.986755,1.019479,29,109,15,1,0E-8,0.01970926,,0E-8,0.000000,0.923984,0.000000,,2026-05-12,2026-06-02,13,270,171,22,0.590909,,,0.000000,,,,,,,,GLOBAL_BASELINE_NO_ENTITY_RANKING,,,NOT_APPLICABLE_GLOBAL_BASELINE,HF9g-P5,,,,X 全窗基线 · 不参与实体赏罚,6873474,688,A168_HF9F_20260827_0900,2026-08-27 09:00:00
2026-05-14,149914139,2267,0,115.5340825545,10.5030984141,10.5030984141,0.6666667,5,5,0.49324550000000000,0.493245500000,0.6008033672792107,0.6008033672792106,0.6008033672792107,0E-17,ELIGIBLE,R03b_20260811_FULL_v1,L1_ELIGIBILITY,v2026-08-11,2026-03-21..2026-08-06,baccarat_bet02_101_all_pairs_incl_sentinel,round_win = game_pnl > 0 (decisive only),COMPATIBILITY_ONLY_NOT_PRODUCTION,8537.0261,7888.0755,168.2584,528,528,-0.01970926,,-0.01970926,-0.01970926,-168.2584,8537.0261,OK,0.0000,6.7303,4.0000,96.0000,AG03-UNRESOLVED,ALL5_LEVELS_bet23_to_bet27,6.7303,6.7303,6.7303,10.0955,10.0955,4.000000,4.000000,4.000000,6.000000,6.000000,96.000000,96.000000,96.000000,94.000000,94.000000,5.0,40.3820,36.7219,127.8764,131.5365,PENDING_AG03,FALSE,NOT_FOR_ENFORCEMENT,161.5281,7572.5524,168.2584,161.5281,6.7303,0.01970926,0.01892089,6.7303,161.5281,0.01892089,6.7303,6.7303,6.7303,10.0955,10.0955,161.5281,0.01892089,40.3820,36.7219,127.8764,131.5365,0.01497903,0.01540776,0.00078837,16.1686,14.9395,0.3187,12.9430,0.6232,656.6943,40.6154,,16.1686,10.5031,15.8597,21.0062,21.0062,21.0062,31.5093,10.5031,0.0,1.324503,1.986755,1.019479,29,109,15,1,0E-8,0.01970926,,0E-8,0.000000,0.923984,0.000000,,2026-05-12,2026-06-02,13,270,171,22,0.590909,,,0.000000,,,,,,,,GLOBAL_BASELINE_NO_ENTITY_RANKING,,,NOT_APPLICABLE_GLOBAL_BASELINE,HF9g-P5,,,,X 全窗基线 · 不参与实体赏罚,6873475,688,A168_HF9F_20260827_0900,2026-08-27 09:00:00
2026-05-14,149914139,529,0,10.5030984140,-10.5030984140,-10.5030984140,0E-7,1,1,0.49324550000000000,0.493245500000,-0.9865810262130424,-0.9865810262130424,-0.9865810262130424,0E-17,ELIGIBLE,R03b_20260811_FULL_v1,L1_ELIGIBILITY,v2026-08-11,2026-03-21..2026-08-06,baccarat_bet02_101_all_pairs_incl_sentinel,round_win = game_pnl > 0 (decisive only),COMPATIBILITY_ONLY_NOT_PRODUCTION,8537.0261,7888.0755,168.2584,528,528,-0.01970926,,-0.01970926,-0.01970926,-168.2584,8537.0261,OK,0.0000,6.7303,4.0000,96.0000,AG03-UNRESOLVED,ALL5_LEVELS_bet23_to_bet27,6.7303,6.7303,6.7303,10.0955,10.0955,4.000000,4.000000,4.000000,6.000000,6.000000,96.000000,96.000000,96.000000,94.000000,94.000000,5.0,40.3820,36.7219,127.8764,131.5365,PENDING_AG03,FALSE,NOT_FOR_ENFORCEMENT,161.5281,7572.5524,168.2584,161.5281,6.7303,0.01970926,0.01892089,6.7303,161.5281,0.01892089,6.7303,6.7303,6.7303,10.0955,10.0955,161.5281,0.01892089,40.3820,36.7219,127.8764,131.5365,0.01497903,0.01540776,0.00078837,16.1686,14.9395,0.3187,12.9430,0.6232,656.6943,40.6154,,16.1686,10.5031,15.8597,21.0062,21.0062,21.0062,31.5093,10.5031,0.0,1.324503,1.986755,1.019479,29,109,15,1,0E-8,0.01970926,,0E-8,0.000000,0.923984,0.000000,,2026-05-12,2026-06-02,13,270,171,22,0.590909,,,0.000000,,,,,,,,GLOBAL_BASELINE_NO_ENTITY_RANKING,,,NOT_APPLICABLE_GLOBAL_BASELINE,HF9g-P5,,,,X 全窗基线 · 不参与实体赏罚,6873476,688,A168_HF9F_20260827_0900,2026-08-27 09:00:00
2026-05-14,149914139,583,0,84.0247873123,42.0123936561,42.0123936561,0.7500000,4,4,0.49324550000000000,0.493245500000,1.0271117246678039,1.0271117246678039,1.0271117246678039,0E-17,ELIGIBLE,R03b_20260811_FULL_v1,L1_ELIGIBILITY,v2026-08-11,2026-03-21..2026-08-06,baccarat_bet02_101_all_pairs_incl_sentinel,round_win = game_pnl > 0 (decisive only),COMPATIBILITY_ONLY_NOT_PRODUCTION,8537.0261,7888.0755,168.2584,528,528,-0.01970926,,-0.01970926,-0.01970926,-168.2584,8537.0261,OK,0.0000,6.7303,4.0000,96.0000,AG03-UNRESOLVED,ALL5_LEVELS_bet23_to_bet27,6.7303,6.7303,6.7303,10.0955,10.0955,4.000000,4.000000,4.000000,6.000000,6.000000,96.000000,96.000000,96.000000,94.000000,94.000000,5.0,40.3820,36.7219,127.8764,131.5365,PENDING_AG03,FALSE,NOT_FOR_ENFORCEMENT,161.5281,7572.5524,168.2584,161.5281,6.7303,0.01970926,0.01892089,6.7303,161.5281,0.01892089,6.7303,6.7303,6.7303,10.0955,10.0955,161.5281,0.01892089,40.3820,36.7219,127.8764,131.5365,0.01497903,0.01540776,0.00078837,16.1686,14.9395,0.3187,12.9430,0.6232,656.6943,40.6154,,16.1686,10.5031,15.8597,21.0062,21.0062,21.0062,31.5093,10.5031,0.0,1.324503,1.986755,1.019479,29,109,15,1,0E-8,0.01970926,,0E-8,0.000000,0.923984,0.000000,,2026-05-12,2026-06-02,13,270,171,22,0.590909,,,0.000000,,,,,,,,GLOBAL_BASELINE_NO_ENTITY_RANKING,,,NOT_APPLICABLE_GLOBAL_BASELINE,HF9g-P5,,,,X 全窗基线 · 不参与实体赏罚,6873477,688,A168_HF9F_20260827_0900,2026-08-27 09:00:00
2026-05-14,149914139,595,0,6.3018590484,6.3018590484,6.3018590484,1.0000000,1,1,0.49324550000000000,0.493245500000,1.01360149184955,1.01360149184955,1.01360149184955,0E-17,ELIGIBLE,R03b_20260811_FULL_v1,L1_ELIGIBILITY,v2026-08-11,2026-03-21..2026-08-06,baccarat_bet02_101_all_pairs_incl_sentinel,round_win = game_pnl > 0 (decisive only),COMPATIBILITY_ONLY_NOT_PRODUCTION,8537.0261,7888.0755,168.2584,528,528,-0.01970926,,-0.01970926,-0.01970926,-168.2584,8537.0261,OK,0.0000,6.7303,4.0000,96.0000,AG03-UNRESOLVED,ALL5_LEVELS_bet23_to_bet27,6.7303,6.7303,6.7303,10.0955,10.0955,4.000000,4.000000,4.000000,6.000000,6.000000,96.000000,96.000000,96.000000,94.000000,94.000000,5.0,40.3820,36.7219,127.8764,131.5365,PENDING_AG03,FALSE,NOT_FOR_ENFORCEMENT,161.5281,7572.5524,168.2584,161.5281,6.7303,0.01970926,0.01892089,6.7303,161.5281,0.01892089,6.7303,6.7303,6.7303,10.0955,10.0955,161.5281,0.01892089,40.3820,36.7219,127.8764,131.5365,0.01497903,0.01540776,0.00078837,16.1686,14.9395,0.3187,12.9430,0.6232,656.6943,40.6154,,16.1686,10.5031,15.8597,21.0062,21.0062,21.0062,31.5093,10.5031,0.0,1.324503,1.986755,1.019479,29,109,15,1,0E-8,0.01970926,,0E-8,0.000000,0.923984,0.000000,,2026-05-12,2026-06-02,13,270,171,22,0.590909,,,0.000000,,,,,,,,GLOBAL_BASELINE_NO_ENTITY_RANKING,,,NOT_APPLICABLE_GLOBAL_BASELINE,HF9g-P5,,,,X 全窗基线 · 不参与实体赏罚,6873478,688,A168_HF9F_20260827_0900,2026-08-27 09:00:00
2026-05-14,149914139,763,0,42.0123936562,-42.0123936562,-42.0123936562,0E-7,2,2,0.49324550000000000,0.493245500000,-1.3952362676504506,-1.3952362676504506,-1.3952362676504506,0E-17,ELIGIBLE,R03b_20260811_FULL_v1,L1_ELIGIBILITY,v2026-08-11,2026-03-21..2026-08-06,baccarat_bet02_101_all_pairs_incl_sentinel,round_win = game_pnl > 0 (decisive only),COMPATIBILITY_ONLY_NOT_PRODUCTION,8537.0261,7888.0755,168.2584,528,528,-0.01970926,,-0.01970926,-0.01970926,-168.2584,8537.0261,OK,0.0000,6.7303,4.0000,96.0000,AG03-UNRESOLVED,ALL5_LEVELS_bet23_to_bet27,6.7303,6.7303,6.7303,10.0955,10.0955,4.000000,4.000000,4.000000,6.000000,6.000000,96.000000,96.000000,96.000000,94.000000,94.000000,5.0,40.3820,36.7219,127.8764,131.5365,PENDING_AG03,FALSE,NOT_FOR_ENFORCEMENT,161.5281,7572.5524,168.2584,161.5281,6.7303,0.01970926,0.01892089,6.7303,161.5281,0.01892089,6.7303,6.7303,6.7303,10.0955,10.0955,161.5281,0.01892089,40.3820,36.7219,127.8764,131.5365,0.01497903,0.01540776,0.00078837,16.1686,14.9395,0.3187,12.9430,0.6232,656.6943,40.6154,,16.1686,10.5031,15.8597,21.0062,21.0062,21.0062,31.5093,10.5031,0.0,1.324503,1.986755,1.019479,29,109,15,1,0E-8,0.01970926,,0E-8,0.000000,0.923984,0.000000,,2026-05-12,2026-06-02,13,270,171,22,0.590909,,,0.000000,,,,,,,,GLOBAL_BASELINE_NO_ENTITY_RANKING,,,NOT_APPLICABLE_GLOBAL_BASELINE,HF9g-P5,,,,X 全窗基线 · 不参与实体赏罚,6873479,688,A168_HF9F_20260827_0900,2026-08-27 09:00:00
2026-05-14,149914139,772,0,10.5030984140,-10.5030984140,-10.5030984140,0E-7,1,1,0.49324550000000000,0.493245500000,-0.9865810262130424,-0.9865810262130424,-0.9865810262130424,0E-17,ELIGIBLE,R03b_20260811_FULL_v1,L1_ELIGIBILITY,v2026-08-11,2026-03-21..2026-08-06,baccarat_bet02_101_all_pairs_incl_sentinel,round_win = game_pnl > 0 (decisive only),COMPATIBILITY_ONLY_NOT_PRODUCTION,8537.0261,7888.0755,168.2584,528,528,-0.01970926,,-0.01970926,-0.01970926,-168.2584,8537.0261,OK,0.0000,6.7303,4.0000,96.0000,AG03-UNRESOLVED,ALL5_LEVELS_bet23_to_bet27,6.7303,6.7303,6.7303,10.0955,10.0955,4.000000,4.000000,4.000000,6.000000,6.000000,96.000000,96.000000,96.000000,94.000000,94.000000,5.0,40.3820,36.7219,127.8764,131.5365,PENDING_AG03,FALSE,NOT_FOR_ENFORCEMENT,161.5281,7572.5524,168.2584,161.5281,6.7303,0.01970926,0.01892089,6.7303,161.5281,0.01892089,6.7303,6.7303,6.7303,10.0955,10.0955,161.5281,0.01892089,40.3820,36.7219,127.8764,131.5365,0.01497903,0.01540776,0.00078837,16.1686,14.9395,0.3187,12.9430,0.6232,656.6943,40.6154,,16.1686,10.5031,15.8597,21.0062,21.0062,21.0062,31.5093,10.5031,0.0,1.324503,1.986755,1.019479,29,109,15,1,0E-8,0.01970926,,0E-8,0.000000,0.923984,0.000000,,2026-05-12,2026-06-02,13,270,171,22,0.590909,,,0.000000,,,,,,,,GLOBAL_BASELINE_NO_ENTITY_RANKING,,,NOT_APPLICABLE_GLOBAL_BASELINE,HF9g-P5,,,,X 全窗基线 · 不参与实体赏罚,6873480,688,A168_HF9F_20260827_0900,2026-08-27 09:00:00
2026-05-14,149914139,919,0,42.0123936561,1E-10,1E-10,0.3333333,3,3,0.49324550000000000,0.493245500000,-0.5540025479526107,-0.5540025479526106,-0.5540025479526107,0E-17,ELIGIBLE,R03b_20260811_FULL_v1,L1_ELIGIBILITY,v2026-08-11,2026-03-21..2026-08-06,baccarat_bet02_101_all_pairs_incl_sentinel,round_win = game_pnl > 0 (decisive only),COMPATIBILITY_ONLY_NOT_PRODUCTION,8537.0261,7888.0755,168.2584,528,528,-0.01970926,,-0.01970926,-0.01970926,-168.2584,8537.0261,OK,0.0000,6.7303,4.0000,96.0000,AG03-UNRESOLVED,ALL5_LEVELS_bet23_to_bet27,6.7303,6.7303,6.7303,10.0955,10.0955,4.000000,4.000000,4.000000,6.000000,6.000000,96.000000,96.000000,96.000000,94.000000,94.000000,5.0,40.3820,36.7219,127.8764,131.5365,PENDING_AG03,FALSE,NOT_FOR_ENFORCEMENT,161.5281,7572.5524,168.2584,161.5281,6.7303,0.01970926,0.01892089,6.7303,161.5281,0.01892089,6.7303,6.7303,6.7303,10.0955,10.0955,161.5281,0.01892089,40.3820,36.7219,127.8764,131.5365,0.01497903,0.01540776,0.00078837,16.1686,14.9395,0.3187,12.9430,0.6232,656.6943,40.6154,,16.1686,10.5031,15.8597,21.0062,21.0062,21.0062,31.5093,10.5031,0.0,1.324503,1.986755,1.019479,29,109,15,1,0E-8,0.01970926,,0E-8,0.000000,0.923984,0.000000,,2026-05-12,2026-06-02,13,270,171,22,0.590909,,,0.000000,,,,,,,,GLOBAL_BASELINE_NO_ENTITY_RANKING,,,NOT_APPLICABLE_GLOBAL_BASELINE,HF9g-P5,,,,X 全窗基线 · 不参与实体赏罚,6873481,688,A168_HF9F_20260827_0900,2026-08-27 09:00:00
2026-05-15,149914139,-1,1,21.0061968281,-21.0061968281,-21.0061968281,0E-7,1,1,0.49324550000000000,0.493245500000,-0.9865810262130424,-0.9865810262130424,-0.9865810262130424,0E-17,SENTINEL_DEALER,R03b_20260811_FULL_v1,L1_ELIGIBILITY,v2026-08-11,2026-03-21..2026-08-06,baccarat_bet02_101_all_pairs_incl_sentinel,round_win = game_pnl > 0 (decisive only),COMPATIBILITY_ONLY_NOT_PRODUCTION,8537.0261,7888.0755,168.2584,528,528,-0.01970926,,-0.01970926,-0.01970926,-168.2584,8537.0261,OK,0.0000,6.7303,4.0000,96.0000,AG03-UNRESOLVED,ALL5_LEVELS_bet23_to_bet27,6.7303,6.7303,6.7303,10.0955,10.0955,4.000000,4.000000,4.000000,6.000000,6.000000,96.000000,96.000000,96.000000,94.000000,94.000000,5.0,40.3820,36.7219,127.8764,131.5365,PENDING_AG03,FALSE,NOT_FOR_ENFORCEMENT,161.5281,7572.5524,168.2584,161.5281,6.7303,0.01970926,0.01892089,6.7303,161.5281,0.01892089,6.7303,6.7303,6.7303,10.0955,10.0955,161.5281,0.01892089,40.3820,36.7219,127.8764,131.5365,0.01497903,0.01540776,0.00078837,16.1686,14.9395,0.3187,12.9430,0.6232,656.6943,40.6154,,16.1686,10.5031,15.8597,21.0062,21.0062,21.0062,31.5093,10.5031,0.0,1.324503,1.986755,1.019479,29,109,15,1,0E-8,0.01970926,,0E-8,0.000000,0.923984,0.000000,,2026-05-12,2026-06-02,13,270,171,22,0.590909,,,0.000000,,,,,,,,GLOBAL_BASELINE_NO_ENTITY_RANKING,,,NOT_APPLICABLE_GLOBAL_BASELINE,HF9g-P5,,,,X 全窗基线 · 不参与实体赏罚,6873482,688,A168_HF9F_20260827_0900,2026-08-27 09:00:00
2026-05-15,149914139,1094,0,10.5030984140,10.5030984140,10.5030984140,1.0000000,1,1,0.49324550000000000,0.493245500000,1.01360149184955,1.01360149184955,1.01360149184955,0E-17,ELIGIBLE,R03b_20260811_FULL_v1,L1_ELIGIBILITY,v2026-08-11,2026-03-21..2026-08-06,baccarat_bet02_101_all_pairs_incl_sentinel,round_win = game_pnl > 0 (decisive only),COMPATIBILITY_ONLY_NOT_PRODUCTION,8537.0261,7888.0755,168.2584,528,528,-0.01970926,,-0.01970926,-0.01970926,-168.2584,8537.0261,OK,0.0000,6.7303,4.0000,96.0000,AG03-UNRESOLVED,ALL5_LEVELS_bet23_to_bet27,6.7303,6.7303,6.7303,10.0955,10.0955,4.000000,4.000000,4.000000,6.000000,6.000000,96.000000,96.000000,96.000000,94.000000,94.000000,5.0,40.3820,36.7219,127.8764,131.5365,PENDING_AG03,FALSE,NOT_FOR_ENFORCEMENT,161.5281,7572.5524,168.2584,161.5281,6.7303,0.01970926,0.01892089,6.7303,161.5281,0.01892089,6.7303,6.7303,6.7303,10.0955,10.0955,161.5281,0.01892089,40.3820,36.7219,127.8764,131.5365,0.01497903,0.01540776,0.00078837,16.1686,14.9395,0.3187,12.9430,0.6232,656.6943,40.6154,,16.1686,10.5031,15.8597,21.0062,21.0062,21.0062,31.5093,10.5031,0.0,1.324503,1.986755,1.019479,29,109,15,1,0E-8,0.01970926,,0E-8,0.000000,0.923984,0.000000,,2026-05-12,2026-06-02,13,270,171,22,0.590909,,,0.000000,,,,,,,,GLOBAL_BASELINE_NO_ENTITY_RANKING,,,NOT_APPLICABLE_GLOBAL_BASELINE,HF9g-P5,,,,X 全窗基线 · 不参与实体赏罚,6873483,688,A168_HF9F_20260827_0900,2026-08-27 09:00:00
2026-05-15,149914139,1399,0,31.5092952421,31.5092952421,31.5092952421,1.0000000,2,2,0.49324550000000000,0.493245500000,1.4334489766152358,1.4334489766152358,1.4334489766152358,0E-17,ELIGIBLE,R03b_20260811_FULL_v1,L1_ELIGIBILITY,v2026-08-11,2026-03-21..2026-08-06,baccarat_bet02_101_all_pairs_incl_sentinel,round_win = game_pnl > 0 (decisive only),COMPATIBILITY_ONLY_NOT_PRODUCTION,8537.0261,7888.0755,168.2584,528,528,-0.01970926,,-0.01970926,-0.01970926,-168.2584,8537.0261,OK,0.0000,6.7303,4.0000,96.0000,AG03-UNRESOLVED,ALL5_LEVELS_bet23_to_bet27,6.7303,6.7303,6.7303,10.0955,10.0955,4.000000,4.000000,4.000000,6.000000,6.000000,96.000000,96.000000,96.000000,94.000000,94.000000,5.0,40.3820,36.7219,127.8764,131.5365,PENDING_AG03,FALSE,NOT_FOR_ENFORCEMENT,161.5281,7572.5524,168.2584,161.5281,6.7303,0.01970926,0.01892089,6.7303,161.5281,0.01892089,6.7303,6.7303,6.7303,10.0955,10.0955,161.5281,0.01892089,40.3820,36.7219,127.8764,131.5365,0.01497903,0.01540776,0.00078837,16.1686,14.9395,0.3187,12.9430,0.6232,656.6943,40.6154,,16.1686,10.5031,15.8597,21.0062,21.0062,21.0062,31.5093,10.5031,0.0,1.324503,1.986755,1.019479,29,109,15,1,0E-8,0.01970926,,0E-8,0.000000,0.923984,0.000000,,2026-05-12,2026-06-02,13,270,171,22,0.590909,,,0.000000,,,,,,,,GLOBAL_BASELINE_NO_ENTITY_RANKING,,,NOT_APPLICABLE_GLOBAL_BASELINE,HF9g-P5,,,,X 全窗基线 · 不参与实体赏罚,6873484,688,A168_HF9F_20260827_0900,2026-08-27 09:00:00
2026-05-15,149914139,1401,0,10.5030984140,-10.5030984140,-10.5030984140,0E-7,1,1,0.49324550000000000,0.493245500000,-0.9865810262130424,-0.9865810262130424,-0.9865810262130424,0E-17,ELIGIBLE,R03b_20260811_FULL_v1,L1_ELIGIBILITY,v2026-08-11,2026-03-21..2026-08-06,baccarat_bet02_101_all_pairs_incl_sentinel,round_win = game_pnl > 0 (decisive only),COMPATIBILITY_ONLY_NOT_PRODUCTION,8537.0261,7888.0755,168.2584,528,528,-0.01970926,,-0.01970926,-0.01970926,-168.2584,8537.0261,OK,0.0000,6.7303,4.0000,96.0000,AG03-UNRESOLVED,ALL5_LEVELS_bet23_to_bet27,6.7303,6.7303,6.7303,10.0955,10.0955,4.000000,4.000000,4.000000,6.000000,6.000000,96.000000,96.000000,96.000000,94.000000,94.000000,5.0,40.3820,36.7219,127.8764,131.5365,PENDING_AG03,FALSE,NOT_FOR_ENFORCEMENT,161.5281,7572.5524,168.2584,161.5281,6.7303,0.01970926,0.01892089,6.7303,161.5281,0.01892089,6.7303,6.7303,6.7303,10.0955,10.0955,161.5281,0.01892089,40.3820,36.7219,127.8764,131.5365,0.01497903,0.01540776,0.00078837,16.1686,14.9395,0.3187,12.9430,0.6232,656.6943,40.6154,,16.1686,10.5031,15.8597,21.0062,21.0062,21.0062,31.5093,10.5031,0.0,1.324503,1.986755,1.019479,29,109,15,1,0E-8,0.01970926,,0E-8,0.000000,0.923984,0.000000,,2026-05-12,2026-06-02,13,270,171,22,0.590909,,,0.000000,,,,,,,,GLOBAL_BASELINE_NO_ENTITY_RANKING,,,NOT_APPLICABLE_GLOBAL_BASELINE,HF9g-P5,,,,X 全窗基线 · 不参与实体赏罚,6873485,688,A168_HF9F_20260827_0900,2026-08-27 09:00:00
2026-05-15,149914139,1710,0,52.5154920702,-52.5154920702,-52.5154920702,0E-7,3,3,0.49324550000000000,0.493245500000,-1.708808463184432,-1.7088084631844318,-1.708808463184432,0E-17,ELIGIBLE,R03b_20260811_FULL_v1,L1_ELIGIBILITY,v2026-08-11,2026-03-21..2026-08-06,baccarat_bet02_101_all_pairs_incl_sentinel,round_win = game_pnl > 0 (decisive only),COMPATIBILITY_ONLY_NOT_PRODUCTION,8537.0261,7888.0755,168.2584,528,528,-0.01970926,,-0.01970926,-0.01970926,-168.2584,8537.0261,OK,0.0000,6.7303,4.0000,96.0000,AG03-UNRESOLVED,ALL5_LEVELS_bet23_to_bet27,6.7303,6.7303,6.7303,10.0955,10.0955,4.000000,4.000000,4.000000,6.000000,6.000000,96.000000,96.000000,96.000000,94.000000,94.000000,5.0,40.3820,36.7219,127.8764,131.5365,PENDING_AG03,FALSE,NOT_FOR_ENFORCEMENT,161.5281,7572.5524,168.2584,161.5281,6.7303,0.01970926,0.01892089,6.7303,161.5281,0.01892089,6.7303,6.7303,6.7303,10.0955,10.0955,161.5281,0.01892089,40.3820,36.7219,127.8764,131.5365,0.01497903,0.01540776,0.00078837,16.1686,14.9395,0.3187,12.9430,0.6232,656.6943,40.6154,,16.1686,10.5031,15.8597,21.0062,21.0062,21.0062,31.5093,10.5031,0.0,1.324503,1.986755,1.019479,29,109,15,1,0E-8,0.01970926,,0E-8,0.000000,0.923984,0.000000,,2026-05-12,2026-06-02,13,270,171,22,0.590909,,,0.000000,,,,,,,,GLOBAL_BASELINE_NO_ENTITY_RANKING,,,NOT_APPLICABLE_GLOBAL_BASELINE,HF9g-P5,,,,X 全窗基线 · 不参与实体赏罚,6873486,688,A168_HF9F_20260827_0900,2026-08-27 09:00:00
2026-05-15,149914139,1935,0,21.0061968281,-21.0061968281,-21.0061968281,0E-7,1,1,0.49324550000000000,0.493245500000,-0.9865810262130424,-0.9865810262130424,-0.9865810262130424,0E-17,ELIGIBLE,R03b_20260811_FULL_v1,L1_ELIGIBILITY,v2026-08-11,2026-03-21..2026-08-06,baccarat_bet02_101_all_pairs_incl_sentinel,round_win = game_pnl > 0 (decisive only),COMPATIBILITY_ONLY_NOT_PRODUCTION,8537.0261,7888.0755,168.2584,528,528,-0.01970926,,-0.01970926,-0.01970926,-168.2584,8537.0261,OK,0.0000,6.7303,4.0000,96.0000,AG03-UNRESOLVED,ALL5_LEVELS_bet23_to_bet27,6.7303,6.7303,6.7303,10.0955,10.0955,4.000000,4.000000,4.000000,6.000000,6.000000,96.000000,96.000000,96.000000,94.000000,94.000000,5.0,40.3820,36.7219,127.8764,131.5365,PENDING_AG03,FALSE,NOT_FOR_ENFORCEMENT,161.5281,7572.5524,168.2584,161.5281,6.7303,0.01970926,0.01892089,6.7303,161.5281,0.01892089,6.7303,6.7303,6.7303,10.0955,10.0955,161.5281,0.01892089,40.3820,36.7219,127.8764,131.5365,0.01497903,0.01540776,0.00078837,16.1686,14.9395,0.3187,12.9430,0.6232,656.6943,40.6154,,16.1686,10.5031,15.8597,21.0062,21.0062,21.0062,31.5093,10.5031,0.0,1.324503,1.986755,1.019479,29,109,15,1,0E-8,0.01970926,,0E-8,0.000000,0.923984,0.000000,,2026-05-12,2026-06-02,13,270,171,22,0.590909,,,0.000000,,,,,,,,GLOBAL_BASELINE_NO_ENTITY_RANKING,,,NOT_APPLICABLE_GLOBAL_BASELINE,HF9g-P5,,,,X 全窗基线 · 不参与实体赏罚,6873487,688,A168_HF9F_20260827_0900,2026-08-27 09:00:00
2026-05-15,149914139,2142,0,42.0123936561,21.0061968281,21.0061968281,0.6666667,3,3,0.49324550000000000,0.493245500000,0.6008033672792107,0.6008033672792106,0.6008033672792107,0E-17,ELIGIBLE,R03b_20260811_FULL_v1,L1_ELIGIBILITY,v2026-08-11,2026-03-21..2026-08-06,baccarat_bet02_101_all_pairs_incl_sentinel,round_win = game_pnl > 0 (decisive only),COMPATIBILITY_ONLY_NOT_PRODUCTION,8537.0261,7888.0755,168.2584,528,528,-0.01970926,,-0.01970926,-0.01970926,-168.2584,8537.0261,OK,0.0000,6.7303,4.0000,96.0000,AG03-UNRESOLVED,ALL5_LEVELS_bet23_to_bet27,6.7303,6.7303,6.7303,10.0955,10.0955,4.000000,4.000000,4.000000,6.000000,6.000000,96.000000,96.000000,96.000000,94.000000,94.000000,5.0,40.3820,36.7219,127.8764,131.5365,PENDING_AG03,FALSE,NOT_FOR_ENFORCEMENT,161.5281,7572.5524,168.2584,161.5281,6.7303,0.01970926,0.01892089,6.7303,161.5281,0.01892089,6.7303,6.7303,6.7303,10.0955,10.0955,161.5281,0.01892089,40.3820,36.7219,127.8764,131.5365,0.01497903,0.01540776,0.00078837,16.1686,14.9395,0.3187,12.9430,0.6232,656.6943,40.6154,,16.1686,10.5031,15.8597,21.0062,21.0062,21.0062,31.5093,10.5031,0.0,1.324503,1.986755,1.019479,29,109,15,1,0E-8,0.01970926,,0E-8,0.000000,0.923984,0.000000,,2026-05-12,2026-06-02,13,270,171,22,0.590909,,,0.000000,,,,,,,,GLOBAL_BASELINE_NO_ENTITY_RANKING,,,NOT_APPLICABLE_GLOBAL_BASELINE,HF9g-P5,,,,X 全窗基线 · 不参与实体赏罚,6873488,688,A168_HF9F_20260827_0900,2026-08-27 09:00:00
2026-05-15,149914139,2241,0,10.5030984140,-10.5030984140,-10.5030984140,0E-7,1,1,0.49324550000000000,0.493245500000,-0.9865810262130424,-0.9865810262130424,-0.9865810262130424,0E-17,ELIGIBLE,R03b_20260811_FULL_v1,L1_ELIGIBILITY,v2026-08-11,2026-03-21..2026-08-06,baccarat_bet02_101_all_pairs_incl_sentinel,round_win = game_pnl > 0 (decisive only),COMPATIBILITY_ONLY_NOT_PRODUCTION,8537.0261,7888.0755,168.2584,528,528,-0.01970926,,-0.01970926,-0.01970926,-168.2584,8537.0261,OK,0.0000,6.7303,4.0000,96.0000,AG03-UNRESOLVED,ALL5_LEVELS_bet23_to_bet27,6.7303,6.7303,6.7303,10.0955,10.0955,4.000000,4.000000,4.000000,6.000000,6.000000,96.000000,96.000000,96.000000,94.000000,94.000000,5.0,40.3820,36.7219,127.8764,131.5365,PENDING_AG03,FALSE,NOT_FOR_ENFORCEMENT,161.5281,7572.5524,168.2584,161.5281,6.7303,0.01970926,0.01892089,6.7303,161.5281,0.01892089,6.7303,6.7303,6.7303,10.0955,10.0955,161.5281,0.01892089,40.3820,36.7219,127.8764,131.5365,0.01497903,0.01540776,0.00078837,16.1686,14.9395,0.3187,12.9430,0.6232,656.6943,40.6154,,16.1686,10.5031,15.8597,21.0062,21.0062,21.0062,31.5093,10.5031,0.0,1.324503,1.986755,1.019479,29,109,15,1,0E-8,0.01970926,,0E-8,0.000000,0.923984,0.000000,,2026-05-12,2026-06-02,13,270,171,22,0.590909,,,0.000000,,,,,,,,GLOBAL_BASELINE_NO_ENTITY_RANKING,,,NOT_APPLICABLE_GLOBAL_BASELINE,HF9g-P5,,,,X 全窗基线 · 不参与实体赏罚,6873489,688,A168_HF9F_20260827_0900,2026-08-27 09:00:00
2026-05-16,149914139,-1,1,273.0805587648,-84.0247873122,-84.0247873122,0.3333333,18,18,0.49324550000000000,0.493245500000,-1.3570235586856656,-1.3570235586856656,-1.3570235586856656,0E-17,SENTINEL_DEALER,R03b_20260811_FULL_v1,L1_ELIGIBILITY,v2026-08-11,2026-03-21..2026-08-06,baccarat_bet02_101_all_pairs_incl_sentinel,round_win = game_pnl > 0 (decisive only),COMPATIBILITY_ONLY_NOT_PRODUCTION,8537.0261,7888.0755,168.2584,528,528,-0.01970926,,-0.01970926,-0.01970926,-168.2584,8537.0261,OK,0.0000,6.7303,4.0000,96.0000,AG03-UNRESOLVED,ALL5_LEVELS_bet23_to_bet27,6.7303,6.7303,6.7303,10.0955,10.0955,4.000000,4.000000,4.000000,6.000000,6.000000,96.000000,96.000000,96.000000,94.000000,94.000000,5.0,40.3820,36.7219,127.8764,131.5365,PENDING_AG03,FALSE,NOT_FOR_ENFORCEMENT,161.5281,7572.5524,168.2584,161.5281,6.7303,0.01970926,0.01892089,6.7303,161.5281,0.01892089,6.7303,6.7303,6.7303,10.0955,10.0955,161.5281,0.01892089,40.3820,36.7219,127.8764,131.5365,0.01497903,0.01540776,0.00078837,16.1686,14.9395,0.3187,12.9430,0.6232,656.6943,40.6154,,16.1686,10.5031,15.8597,21.0062,21.0062,21.0062,31.5093,10.5031,0.0,1.324503,1.986755,1.019479,29,109,15,1,0E-8,0.01970926,,0E-8,0.000000,0.923984,0.000000,,2026-05-12,2026-06-02,13,270,171,22,0.590909,,,0.000000,,,,,,,,GLOBAL_BASELINE_NO_ENTITY_RANKING,,,NOT_APPLICABLE_GLOBAL_BASELINE,HF9g-P5,,,,X 全窗基线 · 不参与实体赏罚,6873490,688,A168_HF9F_20260827_0900,2026-08-27 09:00:00
2026-05-16,149914139,1109,0,10.5030984140,10.5030984140,10.5030984140,1.0000000,1,1,0.49324550000000000,0.493245500000,1.01360149184955,1.01360149184955,1.01360149184955,0E-17,ELIGIBLE,R03b_20260811_FULL_v1,L1_ELIGIBILITY,v2026-08-11,2026-03-21..2026-08-06,baccarat_bet02_101_all_pairs_incl_sentinel,round_win = game_pnl > 0 (decisive only),COMPATIBILITY_ONLY_NOT_PRODUCTION,8537.0261,7888.0755,168.2584,528,528,-0.01970926,,-0.01970926,-0.01970926,-168.2584,8537.0261,OK,0.0000,6.7303,4.0000,96.0000,AG03-UNRESOLVED,ALL5_LEVELS_bet23_to_bet27,6.7303,6.7303,6.7303,10.0955,10.0955,4.000000,4.000000,4.000000,6.000000,6.000000,96.000000,96.000000,96.000000,94.000000,94.000000,5.0,40.3820,36.7219,127.8764,131.5365,PENDING_AG03,FALSE,NOT_FOR_ENFORCEMENT,161.5281,7572.5524,168.2584,161.5281,6.7303,0.01970926,0.01892089,6.7303,161.5281,0.01892089,6.7303,6.7303,6.7303,10.0955,10.0955,161.5281,0.01892089,40.3820,36.7219,127.8764,131.5365,0.01497903,0.01540776,0.00078837,16.1686,14.9395,0.3187,12.9430,0.6232,656.6943,40.6154,,16.1686,10.5031,15.8597,21.0062,21.0062,21.0062,31.5093,10.5031,0.0,1.324503,1.986755,1.019479,29,109,15,1,0E-8,0.01970926,,0E-8,0.000000,0.923984,0.000000,,2026-05-12,2026-06-02,13,270,171,22,0.590909,,,0.000000,,,,,,,,GLOBAL_BASELINE_NO_ENTITY_RANKING,,,NOT_APPLICABLE_GLOBAL_BASELINE,HF9g-P5,,,,X 全窗基线 · 不参与实体赏罚,6873491,688,A168_HF9F_20260827_0900,2026-08-27 09:00:00
2026-05-16,149914139,1205,0,12.8137800651,-12.8137800651,-12.8137800651,0E-7,1,1,0.49324550000000000,0.493245500000,-0.9865810262130424,-0.9865810262130424,-0.9865810262130424,0E-17,ELIGIBLE,R03b_20260811_FULL_v1,L1_ELIGIBILITY,v2026-08-11,2026-03-21..2026-08-06,baccarat_bet02_101_all_pairs_incl_sentinel,round_win = game_pnl > 0 (decisive only),COMPATIBILITY_ONLY_NOT_PRODUCTION,8537.0261,7888.0755,168.2584,528,528,-0.01970926,,-0.01970926,-0.01970926,-168.2584,8537.0261,OK,0.0000,6.7303,4.0000,96.0000,AG03-UNRESOLVED,ALL5_LEVELS_bet23_to_bet27,6.7303,6.7303,6.7303,10.0955,10.0955,4.000000,4.000000,4.000000,6.000000,6.000000,96.000000,96.000000,96.000000,94.000000,94.000000,5.0,40.3820,36.7219,127.8764,131.5365,PENDING_AG03,FALSE,NOT_FOR_ENFORCEMENT,161.5281,7572.5524,168.2584,161.5281,6.7303,0.01970926,0.01892089,6.7303,161.5281,0.01892089,6.7303,6.7303,6.7303,10.0955,10.0955,161.5281,0.01892089,40.3820,36.7219,127.8764,131.5365,0.01497903,0.01540776,0.00078837,16.1686,14.9395,0.3187,12.9430,0.6232,656.6943,40.6154,,16.1686,10.5031,15.8597,21.0062,21.0062,21.0062,31.5093,10.5031,0.0,1.324503,1.986755,1.019479,29,109,15,1,0E-8,0.01970926,,0E-8,0.000000,0.923984,0.000000,,2026-05-12,2026-06-02,13,270,171,22,0.590909,,,0.000000,,,,,,,,GLOBAL_BASELINE_NO_ENTITY_RANKING,,,NOT_APPLICABLE_GLOBAL_BASELINE,HF9g-P5,,,,X 全窗基线 · 不参与实体赏罚,6873492,688,A168_HF9F_20260827_0900,2026-08-27 09:00:00
2026-05-16,149914139,1299,0,63.0185904841,-10.5030984141,-10.5030984141,0.5000000,5,5,0.49324550000000000,0.493245500000,0.027020465636507562,0.027020465636507562,0.027020465636507562,0E-17,ELIGIBLE,R03b_20260811_FULL_v1,L1_ELIGIBILITY,v2026-08-11,2026-03-21..2026-08-06,baccarat_bet02_101_all_pairs_incl_sentinel,round_win = game_pnl > 0 (decisive only),COMPATIBILITY_ONLY_NOT_PRODUCTION,8537.0261,7888.0755,168.2584,528,528,-0.01970926,,-0.01970926,-0.01970926,-168.2584,8537.0261,OK,0.0000,6.7303,4.0000,96.0000,AG03-UNRESOLVED,ALL5_LEVELS_bet23_to_bet27,6.7303,6.7303,6.7303,10.0955,10.0955,4.000000,4.000000,4.000000,6.000000,6.000000,96.000000,96.000000,96.000000,94.000000,94.000000,5.0,40.3820,36.7219,127.8764,131.5365,PENDING_AG03,FALSE,NOT_FOR_ENFORCEMENT,161.5281,7572.5524,168.2584,161.5281,6.7303,0.01970926,0.01892089,6.7303,161.5281,0.01892089,6.7303,6.7303,6.7303,10.0955,10.0955,161.5281,0.01892089,40.3820,36.7219,127.8764,131.5365,0.01497903,0.01540776,0.00078837,16.1686,14.9395,0.3187,12.9430,0.6232,656.6943,40.6154,,16.1686,10.5031,15.8597,21.0062,21.0062,21.0062,31.5093,10.5031,0.0,1.324503,1.986755,1.019479,29,109,15,1,0E-8,0.01970926,,0E-8,0.000000,0.923984,0.000000,,2026-05-12,2026-06-02,13,270,171,22,0.590909,,,0.000000,,,,,,,,GLOBAL_BASELINE_NO_ENTITY_RANKING,,,NOT_APPLICABLE_GLOBAL_BASELINE,HF9g-P5,,,,X 全窗基线 · 不参与实体赏罚,6873493,688,A168_HF9F_20260827_0900,2026-08-27 09:00:00
2026-05-16,149914139,1306,0,10.5030984140,10.5030984140,10.5030984140,1.0000000,1,1,0.49324550000000000,0.493245500000,1.01360149184955,1.01360149184955,1.01360149184955,0E-17,ELIGIBLE,R03b_20260811_FULL_v1,L1_ELIGIBILITY,v2026-08-11,2026-03-21..2026-08-06,baccarat_bet02_101_all_pairs_incl_sentinel,round_win = game_pnl > 0 (decisive only),COMPATIBILITY_ONLY_NOT_PRODUCTION,8537.0261,7888.0755,168.2584,528,528,-0.01970926,,-0.01970926,-0.01970926,-168.2584,8537.0261,OK,0.0000,6.7303,4.0000,96.0000,AG03-UNRESOLVED,ALL5_LEVELS_bet23_to_bet27,6.7303,6.7303,6.7303,10.0955,10.0955,4.000000,4.000000,4.000000,6.000000,6.000000,96.000000,96.000000,96.000000,94.000000,94.000000,5.0,40.3820,36.7219,127.8764,131.5365,PENDING_AG03,FALSE,NOT_FOR_ENFORCEMENT,161.5281,7572.5524,168.2584,161.5281,6.7303,0.01970926,0.01892089,6.7303,161.5281,0.01892089,6.7303,6.7303,6.7303,10.0955,10.0955,161.5281,0.01892089,40.3820,36.7219,127.8764,131.5365,0.01497903,0.01540776,0.00078837,16.1686,14.9395,0.3187,12.9430,0.6232,656.6943,40.6154,,16.1686,10.5031,15.8597,21.0062,21.0062,21.0062,31.5093,10.5031,0.0,1.324503,1.986755,1.019479,29,109,15,1,0E-8,0.01970926,,0E-8,0.000000,0.923984,0.000000,,2026-05-12,2026-06-02,13,270,171,22,0.590909,,,0.000000,,,,,,,,GLOBAL_BASELINE_NO_ENTITY_RANKING,,,NOT_APPLICABLE_GLOBAL_BASELINE,HF9g-P5,,,,X 全窗基线 · 不参与实体赏罚,6873494,688,A168_HF9F_20260827_0900,2026-08-27 09:00:00
2026-05-16,149914139,1331,0,21.0061968280,-21.0061968280,-21.0061968280,0E-7,2,2,0.49324550000000000,0.493245500000,-1.3952362676504506,-1.3952362676504506,-1.3952362676504506,0E-17,ELIGIBLE,R03b_20260811_FULL_v1,L1_ELIGIBILITY,v2026-08-11,2026-03-21..2026-08-06,baccarat_bet02_101_all_pairs_incl_sentinel,round_win = game_pnl > 0 (decisive only),COMPATIBILITY_ONLY_NOT_PRODUCTION,8537.0261,7888.0755,168.2584,528,528,-0.01970926,,-0.01970926,-0.01970926,-168.2584,8537.0261,OK,0.0000,6.7303,4.0000,96.0000,AG03-UNRESOLVED,ALL5_LEVELS_bet23_to_bet27,6.7303,6.7303,6.7303,10.0955,10.0955,4.000000,4.000000,4.000000,6.000000,6.000000,96.000000,96.000000,96.000000,94.000000,94.000000,5.0,40.3820,36.7219,127.8764,131.5365,PENDING_AG03,FALSE,NOT_FOR_ENFORCEMENT,161.5281,7572.5524,168.2584,161.5281,6.7303,0.01970926,0.01892089,6.7303,161.5281,0.01892089,6.7303,6.7303,6.7303,10.0955,10.0955,161.5281,0.01892089,40.3820,36.7219,127.8764,131.5365,0.01497903,0.01540776,0.00078837,16.1686,14.9395,0.3187,12.9430,0.6232,656.6943,40.6154,,16.1686,10.5031,15.8597,21.0062,21.0062,21.0062,31.5093,10.5031,0.0,1.324503,1.986755,1.019479,29,109,15,1,0E-8,0.01970926,,0E-8,0.000000,0.923984,0.000000,,2026-05-12,2026-06-02,13,270,171,22,0.590909,,,0.000000,,,,,,,,GLOBAL_BASELINE_NO_ENTITY_RANKING,,,NOT_APPLICABLE_GLOBAL_BASELINE,HF9g-P5,,,,X 全窗基线 · 不参与实体赏罚,6873495,688,A168_HF9F_20260827_0900,2026-08-27 09:00:00
2026-05-16,149914139,1353,0,35.9205965760,-35.9205965760,-35.9205965760,0E-7,2,2,0.49324550000000000,0.493245500000,-1.3952362676504506,-1.3952362676504506,-1.3952362676504506,0E-17,ELIGIBLE,R03b_20260811_FULL_v1,L1_ELIGIBILITY,v2026-08-11,2026-03-21..2026-08-06,baccarat_bet02_101_all_pairs_incl_sentinel,round_win = game_pnl > 0 (decisive only),COMPATIBILITY_ONLY_NOT_PRODUCTION,8537.0261,7888.0755,168.2584,528,528,-0.01970926,,-0.01970926,-0.01970926,-168.2584,8537.0261,OK,0.0000,6.7303,4.0000,96.0000,AG03-UNRESOLVED,ALL5_LEVELS_bet23_to_bet27,6.7303,6.7303,6.7303,10.0955,10.0955,4.000000,4.000000,4.000000,6.000000,6.000000,96.000000,96.000000,96.000000,94.000000,94.000000,5.0,40.3820,36.7219,127.8764,131.5365,PENDING_AG03,FALSE,NOT_FOR_ENFORCEMENT,161.5281,7572.5524,168.2584,161.5281,6.7303,0.01970926,0.01892089,6.7303,161.5281,0.01892089,6.7303,6.7303,6.7303,10.0955,10.0955,161.5281,0.01892089,40.3820,36.7219,127.8764,131.5365,0.01497903,0.01540776,0.00078837,16.1686,14.9395,0.3187,12.9430,0.6232,656.6943,40.6154,,16.1686,10.5031,15.8597,21.0062,21.0062,21.0062,31.5093,10.5031,0.0,1.324503,1.986755,1.019479,29,109,15,1,0E-8,0.01970926,,0E-8,0.000000,0.923984,0.000000,,2026-05-12,2026-06-02,13,270,171,22,0.590909,,,0.000000,,,,,,,,GLOBAL_BASELINE_NO_ENTITY_RANKING,,,NOT_APPLICABLE_GLOBAL_BASELINE,HF9g-P5,,,,X 全窗基线 · 不参与实体赏罚,6873496,688,A168_HF9F_20260827_0900,2026-08-27 09:00:00
2026-05-16,149914139,1363,0,42.0123936562,-42.0123936562,-42.0123936562,0E-7,2,2,0.49324550000000000,0.493245500000,-1.3952362676504506,-1.3952362676504506,-1.3952362676504506,0E-17,ELIGIBLE,R03b_20260811_FULL_v1,L1_ELIGIBILITY,v2026-08-11,2026-03-21..2026-08-06,baccarat_bet02_101_all_pairs_incl_sentinel,round_win = game_pnl > 0 (decisive only),COMPATIBILITY_ONLY_NOT_PRODUCTION,8537.0261,7888.0755,168.2584,528,528,-0.01970926,,-0.01970926,-0.01970926,-168.2584,8537.0261,OK,0.0000,6.7303,4.0000,96.0000,AG03-UNRESOLVED,ALL5_LEVELS_bet23_to_bet27,6.7303,6.7303,6.7303,10.0955,10.0955,4.000000,4.000000,4.000000,6.000000,6.000000,96.000000,96.000000,96.000000,94.000000,94.000000,5.0,40.3820,36.7219,127.8764,131.5365,PENDING_AG03,FALSE,NOT_FOR_ENFORCEMENT,161.5281,7572.5524,168.2584,161.5281,6.7303,0.01970926,0.01892089,6.7303,161.5281,0.01892089,6.7303,6.7303,6.7303,10.0955,10.0955,161.5281,0.01892089,40.3820,36.7219,127.8764,131.5365,0.01497903,0.01540776,0.00078837,16.1686,14.9395,0.3187,12.9430,0.6232,656.6943,40.6154,,16.1686,10.5031,15.8597,21.0062,21.0062,21.0062,31.5093,10.5031,0.0,1.324503,1.986755,1.019479,29,109,15,1,0E-8,0.01970926,,0E-8,0.000000,0.923984,0.000000,,2026-05-12,2026-06-02,13,270,171,22,0.590909,,,0.000000,,,,,,,,GLOBAL_BASELINE_NO_ENTITY_RANKING,,,NOT_APPLICABLE_GLOBAL_BASELINE,HF9g-P5,,,,X 全窗基线 · 不参与实体赏罚,6873497,688,A168_HF9F_20260827_0900,2026-08-27 09:00:00
2026-05-16,149914139,1385,0,10.5030984140,-10.5030984140,-10.5030984140,0E-7,1,1,0.49324550000000000,0.493245500000,-0.9865810262130424,-0.9865810262130424,-0.9865810262130424,0E-17,ELIGIBLE,R03b_20260811_FULL_v1,L1_ELIGIBILITY,v2026-08-11,2026-03-21..2026-08-06,baccarat_bet02_101_all_pairs_incl_sentinel,round_win = game_pnl > 0 (decisive only),COMPATIBILITY_ONLY_NOT_PRODUCTION,8537.0261,7888.0755,168.2584,528,528,-0.01970926,,-0.01970926,-0.01970926,-168.2584,8537.0261,OK,0.0000,6.7303,4.0000,96.0000,AG03-UNRESOLVED,ALL5_LEVELS_bet23_to_bet27,6.7303,6.7303,6.7303,10.0955,10.0955,4.000000,4.000000,4.000000,6.000000,6.000000,96.000000,96.000000,96.000000,94.000000,94.000000,5.0,40.3820,36.7219,127.8764,131.5365,PENDING_AG03,FALSE,NOT_FOR_ENFORCEMENT,161.5281,7572.5524,168.2584,161.5281,6.7303,0.01970926,0.01892089,6.7303,161.5281,0.01892089,6.7303,6.7303,6.7303,10.0955,10.0955,161.5281,0.01892089,40.3820,36.7219,127.8764,131.5365,0.01497903,0.01540776,0.00078837,16.1686,14.9395,0.3187,12.9430,0.6232,656.6943,40.6154,,16.1686,10.5031,15.8597,21.0062,21.0062,21.0062,31.5093,10.5031,0.0,1.324503,1.986755,1.019479,29,109,15,1,0E-8,0.01970926,,0E-8,0.000000,0.923984,0.000000,,2026-05-12,2026-06-02,13,270,171,22,0.590909,,,0.000000,,,,,,,,GLOBAL_BASELINE_NO_ENTITY_RANKING,,,NOT_APPLICABLE_GLOBAL_BASELINE,HF9g-P5,,,,X 全窗基线 · 不参与实体赏罚,6873498,688,A168_HF9F_20260827_0900,2026-08-27 09:00:00
2026-05-16,149914139,1400,0,84.0247873123,1E-10,1E-10,0.4000000,5,5,0.49324550000000000,0.493245500000,-0.4170446088060018,-0.4170446088060018,-0.4170446088060018,0E-17,ELIGIBLE,R03b_20260811_FULL_v1,L1_ELIGIBILITY,v2026-08-11,2026-03-21..2026-08-06,baccarat_bet02_101_all_pairs_incl_sentinel,round_win = game_pnl > 0 (decisive only),COMPATIBILITY_ONLY_NOT_PRODUCTION,8537.0261,7888.0755,168.2584,528,528,-0.01970926,,-0.01970926,-0.01970926,-168.2584,8537.0261,OK,0.0000,6.7303,4.0000,96.0000,AG03-UNRESOLVED,ALL5_LEVELS_bet23_to_bet27,6.7303,6.7303,6.7303,10.0955,10.0955,4.000000,4.000000,4.000000,6.000000,6.000000,96.000000,96.000000,96.000000,94.000000,94.000000,5.0,40.3820,36.7219,127.8764,131.5365,PENDING_AG03,FALSE,NOT_FOR_ENFORCEMENT,161.5281,7572.5524,168.2584,161.5281,6.7303,0.01970926,0.01892089,6.7303,161.5281,0.01892089,6.7303,6.7303,6.7303,10.0955,10.0955,161.5281,0.01892089,40.3820,36.7219,127.8764,131.5365,0.01497903,0.01540776,0.00078837,16.1686,14.9395,0.3187,12.9430,0.6232,656.6943,40.6154,,16.1686,10.5031,15.8597,21.0062,21.0062,21.0062,31.5093,10.5031,0.0,1.324503,1.986755,1.019479,29,109,15,1,0E-8,0.01970926,,0E-8,0.000000,0.923984,0.000000,,2026-05-12,2026-06-02,13,270,171,22,0.590909,,,0.000000,,,,,,,,GLOBAL_BASELINE_NO_ENTITY_RANKING,,,NOT_APPLICABLE_GLOBAL_BASELINE,HF9g-P5,,,,X 全窗基线 · 不参与实体赏罚,6873499,688,A168_HF9F_20260827_0900,2026-08-27 09:00:00
2026-05-16,149914139,1405,0,21.0061968281,-21.0061968281,-21.0061968281,0E-7,1,1,0.49324550000000000,0.493245500000,-0.9865810262130424,-0.9865810262130424,-0.9865810262130424,0E-17,ELIGIBLE,R03b_20260811_FULL_v1,L1_ELIGIBILITY,v2026-08-11,2026-03-21..2026-08-06,baccarat_bet02_101_all_pairs_incl_sentinel,round_win = game_pnl > 0 (decisive only),COMPATIBILITY_ONLY_NOT_PRODUCTION,8537.0261,7888.0755,168.2584,528,528,-0.01970926,,-0.01970926,-0.01970926,-168.2584,8537.0261,OK,0.0000,6.7303,4.0000,96.0000,AG03-UNRESOLVED,ALL5_LEVELS_bet23_to_bet27,6.7303,6.7303,6.7303,10.0955,10.0955,4.000000,4.000000,4.000000,6.000000,6.000000,96.000000,96.000000,96.000000,94.000000,94.000000,5.0,40.3820,36.7219,127.8764,131.5365,PENDING_AG03,FALSE,NOT_FOR_ENFORCEMENT,161.5281,7572.5524,168.2584,161.5281,6.7303,0.01970926,0.01892089,6.7303,161.5281,0.01892089,6.7303,6.7303,6.7303,10.0955,10.0955,161.5281,0.01892089,40.3820,36.7219,127.8764,131.5365,0.01497903,0.01540776,0.00078837,16.1686,14.9395,0.3187,12.9430,0.6232,656.6943,40.6154,,16.1686,10.5031,15.8597,21.0062,21.0062,21.0062,31.5093,10.5031,0.0,1.324503,1.986755,1.019479,29,109,15,1,0E-8,0.01970926,,0E-8,0.000000,0.923984,0.000000,,2026-05-12,2026-06-02,13,270,171,22,0.590909,,,0.000000,,,,,,,,GLOBAL_BASELINE_NO_ENTITY_RANKING,,,NOT_APPLICABLE_GLOBAL_BASELINE,HF9g-P5,,,,X 全窗基线 · 不参与实体赏罚,6873500,688,A168_HF9F_20260827_0900,2026-08-27 09:00:00
2026-05-16,149914139,1508,0,52.5154920701,31.5092952421,31.5092952421,0.7500000,4,4,0.49324550000000000,0.493245500000,1.0271117246678039,1.0271117246678039,1.0271117246678039,0E-17,ELIGIBLE,R03b_20260811_FULL_v1,L1_ELIGIBILITY,v2026-08-11,2026-03-21..2026-08-06,baccarat_bet02_101_all_pairs_incl_sentinel,round_win = game_pnl > 0 (decisive only),COMPATIBILITY_ONLY_NOT_PRODUCTION,8537.0261,7888.0755,168.2584,528,528,-0.01970926,,-0.01970926,-0.01970926,-168.2584,8537.0261,OK,0.0000,6.7303,4.0000,96.0000,AG03-UNRESOLVED,ALL5_LEVELS_bet23_to_bet27,6.7303,6.7303,6.7303,10.0955,10.0955,4.000000,4.000000,4.000000,6.000000,6.000000,96.000000,96.000000,96.000000,94.000000,94.000000,5.0,40.3820,36.7219,127.8764,131.5365,PENDING_AG03,FALSE,NOT_FOR_ENFORCEMENT,161.5281,7572.5524,168.2584,161.5281,6.7303,0.01970926,0.01892089,6.7303,161.5281,0.01892089,6.7303,6.7303,6.7303,10.0955,10.0955,161.5281,0.01892089,40.3820,36.7219,127.8764,131.5365,0.01497903,0.01540776,0.00078837,16.1686,14.9395,0.3187,12.9430,0.6232,656.6943,40.6154,,16.1686,10.5031,15.8597,21.0062,21.0062,21.0062,31.5093,10.5031,0.0,1.324503,1.986755,1.019479,29,109,15,1,0E-8,0.01970926,,0E-8,0.000000,0.923984,0.000000,,2026-05-12,2026-06-02,13,270,171,22,0.590909,,,0.000000,,,,,,,,GLOBAL_BASELINE_NO_ENTITY_RANKING,,,NOT_APPLICABLE_GLOBAL_BASELINE,HF9g-P5,,,,X 全窗基线 · 不参与实体赏罚,6873501,688,A168_HF9F_20260827_0900,2026-08-27 09:00:00
2026-05-16,149914139,1645,0,115.5340825544,31.5092952421,31.5092952421,0.6666667,7,7,0.49324550000000000,0.493245500000,0.8496642703256836,0.8496642703256835,0.8496642703256836,0E-17,ELIGIBLE,R03b_20260811_FULL_v1,L1_ELIGIBILITY,v2026-08-11,2026-03-21..2026-08-06,baccarat_bet02_101_all_pairs_incl_sentinel,round_win = game_pnl > 0 (decisive only),COMPATIBILITY_ONLY_NOT_PRODUCTION,8537.0261,7888.0755,168.2584,528,528,-0.01970926,,-0.01970926,-0.01970926,-168.2584,8537.0261,OK,0.0000,6.7303,4.0000,96.0000,AG03-UNRESOLVED,ALL5_LEVELS_bet23_to_bet27,6.7303,6.7303,6.7303,10.0955,10.0955,4.000000,4.000000,4.000000,6.000000,6.000000,96.000000,96.000000,96.000000,94.000000,94.000000,5.0,40.3820,36.7219,127.8764,131.5365,PENDING_AG03,FALSE,NOT_FOR_ENFORCEMENT,161.5281,7572.5524,168.2584,161.5281,6.7303,0.01970926,0.01892089,6.7303,161.5281,0.01892089,6.7303,6.7303,6.7303,10.0955,10.0955,161.5281,0.01892089,40.3820,36.7219,127.8764,131.5365,0.01497903,0.01540776,0.00078837,16.1686,14.9395,0.3187,12.9430,0.6232,656.6943,40.6154,,16.1686,10.5031,15.8597,21.0062,21.0062,21.0062,31.5093,10.5031,0.0,1.324503,1.986755,1.019479,29,109,15,1,0E-8,0.01970926,,0E-8,0.000000,0.923984,0.000000,,2026-05-12,2026-06-02,13,270,171,22,0.590909,,,0.000000,,,,,,,,GLOBAL_BASELINE_NO_ENTITY_RANKING,,,NOT_APPLICABLE_GLOBAL_BASELINE,HF9g-P5,,,,X 全窗基线 · 不参与实体赏罚,6873502,688,A168_HF9F_20260827_0900,2026-08-27 09:00:00
2026-05-16,149914139,1646,0,63.0185904843,63.0185904843,63.0185904843,1.0000000,3,3,0.49324550000000000,0.493245500000,1.755609282511032,1.7556092825110319,1.755609282511032,0E-17,ELIGIBLE,R03b_20260811_FULL_v1,L1_ELIGIBILITY,v2026-08-11,2026-03-21..2026-08-06,baccarat_bet02_101_all_pairs_incl_sentinel,round_win = game_pnl > 0 (decisive only),COMPATIBILITY_ONLY_NOT_PRODUCTION,8537.0261,7888.0755,168.2584,528,528,-0.01970926,,-0.01970926,-0.01970926,-168.2584,8537.0261,OK,0.0000,6.7303,4.0000,96.0000,AG03-UNRESOLVED,ALL5_LEVELS_bet23_to_bet27,6.7303,6.7303,6.7303,10.0955,10.0955,4.000000,4.000000,4.000000,6.000000,6.000000,96.000000,96.000000,96.000000,94.000000,94.000000,5.0,40.3820,36.7219,127.8764,131.5365,PENDING_AG03,FALSE,NOT_FOR_ENFORCEMENT,161.5281,7572.5524,168.2584,161.5281,6.7303,0.01970926,0.01892089,6.7303,161.5281,0.01892089,6.7303,6.7303,6.7303,10.0955,10.0955,161.5281,0.01892089,40.3820,36.7219,127.8764,131.5365,0.01497903,0.01540776,0.00078837,16.1686,14.9395,0.3187,12.9430,0.6232,656.6943,40.6154,,16.1686,10.5031,15.8597,21.0062,21.0062,21.0062,31.5093,10.5031,0.0,1.324503,1.986755,1.019479,29,109,15,1,0E-8,0.01970926,,0E-8,0.000000,0.923984,0.000000,,2026-05-12,2026-06-02,13,270,171,22,0.590909,,,0.000000,,,,,,,,GLOBAL_BASELINE_NO_ENTITY_RANKING,,,NOT_APPLICABLE_GLOBAL_BASELINE,HF9g-P5,,,,X 全窗基线 · 不参与实体赏罚,6873503,688,A168_HF9F_20260827_0900,2026-08-27 09:00:00
2026-05-16,149914139,1702,0,10.5030984140,10.5030984140,10.5030984140,1.0000000,1,1,0.49324550000000000,0.493245500000,1.01360149184955,1.01360149184955,1.01360149184955,0E-17,ELIGIBLE,R03b_20260811_FULL_v1,L1_ELIGIBILITY,v2026-08-11,2026-03-21..2026-08-06,baccarat_bet02_101_all_pairs_incl_sentinel,round_win = game_pnl > 0 (decisive only),COMPATIBILITY_ONLY_NOT_PRODUCTION,8537.0261,7888.0755,168.2584,528,528,-0.01970926,,-0.01970926,-0.01970926,-168.2584,8537.0261,OK,0.0000,6.7303,4.0000,96.0000,AG03-UNRESOLVED,ALL5_LEVELS_bet23_to_bet27,6.7303,6.7303,6.7303,10.0955,10.0955,4.000000,4.000000,4.000000,6.000000,6.000000,96.000000,96.000000,96.000000,94.000000,94.000000,5.0,40.3820,36.7219,127.8764,131.5365,PENDING_AG03,FALSE,NOT_FOR_ENFORCEMENT,161.5281,7572.5524,168.2584,161.5281,6.7303,0.01970926,0.01892089,6.7303,161.5281,0.01892089,6.7303,6.7303,6.7303,10.0955,10.0955,161.5281,0.01892089,40.3820,36.7219,127.8764,131.5365,0.01497903,0.01540776,0.00078837,16.1686,14.9395,0.3187,12.9430,0.6232,656.6943,40.6154,,16.1686,10.5031,15.8597,21.0062,21.0062,21.0062,31.5093,10.5031,0.0,1.324503,1.986755,1.019479,29,109,15,1,0E-8,0.01970926,,0E-8,0.000000,0.923984,0.000000,,2026-05-12,2026-06-02,13,270,171,22,0.590909,,,0.000000,,,,,,,,GLOBAL_BASELINE_NO_ENTITY_RANKING,,,NOT_APPLICABLE_GLOBAL_BASELINE,HF9g-P5,,,,X 全窗基线 · 不参与实体赏罚,6873504,688,A168_HF9F_20260827_0900,2026-08-27 09:00:00
2026-05-16,149914139,1935,0,10.5030984140,10.5030984140,10.5030984140,1.0000000,1,1,0.49324550000000000,0.493245500000,1.01360149184955,1.01360149184955,1.01360149184955,0E-17,ELIGIBLE,R03b_20260811_FULL_v1,L1_ELIGIBILITY,v2026-08-11,2026-03-21..2026-08-06,baccarat_bet02_101_all_pairs_incl_sentinel,round_win = game_pnl > 0 (decisive only),COMPATIBILITY_ONLY_NOT_PRODUCTION,8537.0261,7888.0755,168.2584,528,528,-0.01970926,,-0.01970926,-0.01970926,-168.2584,8537.0261,OK,0.0000,6.7303,4.0000,96.0000,AG03-UNRESOLVED,ALL5_LEVELS_bet23_to_bet27,6.7303,6.7303,6.7303,10.0955,10.0955,4.000000,4.000000,4.000000,6.000000,6.000000,96.000000,96.000000,96.000000,94.000000,94.000000,5.0,40.3820,36.7219,127.8764,131.5365,PENDING_AG03,FALSE,NOT_FOR_ENFORCEMENT,161.5281,7572.5524,168.2584,161.5281,6.7303,0.01970926,0.01892089,6.7303,161.5281,0.01892089,6.7303,6.7303,6.7303,10.0955,10.0955,161.5281,0.01892089,40.3820,36.7219,127.8764,131.5365,0.01497903,0.01540776,0.00078837,16.1686,14.9395,0.3187,12.9430,0.6232,656.6943,40.6154,,16.1686,10.5031,15.8597,21.0062,21.0062,21.0062,31.5093,10.5031,0.0,1.324503,1.986755,1.019479,29,109,15,1,0E-8,0.01970926,,0E-8,0.000000,0.923984,0.000000,,2026-05-12,2026-06-02,13,270,171,22,0.590909,,,0.000000,,,,,,,,GLOBAL_BASELINE_NO_ENTITY_RANKING,,,NOT_APPLICABLE_GLOBAL_BASELINE,HF9g-P5,,,,X 全窗基线 · 不参与实体赏罚,6873505,688,A168_HF9F_20260827_0900,2026-08-27 09:00:00
2026-05-16,149914139,1947,0,21.0061968281,21.0061968281,21.0061968281,1.0000000,1,1,0.49324550000000000,0.493245500000,1.01360149184955,1.01360149184955,1.01360149184955,0E-17,ELIGIBLE,R03b_20260811_FULL_v1,L1_ELIGIBILITY,v2026-08-11,2026-03-21..2026-08-06,baccarat_bet02_101_all_pairs_incl_sentinel,round_win = game_pnl > 0 (decisive only),COMPATIBILITY_ONLY_NOT_PRODUCTION,8537.0261,7888.0755,168.2584,528,528,-0.01970926,,-0.01970926,-0.01970926,-168.2584,8537.0261,OK,0.0000,6.7303,4.0000,96.0000,AG03-UNRESOLVED,ALL5_LEVELS_bet23_to_bet27,6.7303,6.7303,6.7303,10.0955,10.0955,4.000000,4.000000,4.000000,6.000000,6.000000,96.000000,96.000000,96.000000,94.000000,94.000000,5.0,40.3820,36.7219,127.8764,131.5365,PENDING_AG03,FALSE,NOT_FOR_ENFORCEMENT,161.5281,7572.5524,168.2584,161.5281,6.7303,0.01970926,0.01892089,6.7303,161.5281,0.01892089,6.7303,6.7303,6.7303,10.0955,10.0955,161.5281,0.01892089,40.3820,36.7219,127.8764,131.5365,0.01497903,0.01540776,0.00078837,16.1686,14.9395,0.3187,12.9430,0.6232,656.6943,40.6154,,16.1686,10.5031,15.8597,21.0062,21.0062,21.0062,31.5093,10.5031,0.0,1.324503,1.986755,1.019479,29,109,15,1,0E-8,0.01970926,,0E-8,0.000000,0.923984,0.000000,,2026-05-12,2026-06-02,13,270,171,22,0.590909,,,0.000000,,,,,,,,GLOBAL_BASELINE_NO_ENTITY_RANKING,,,NOT_APPLICABLE_GLOBAL_BASELINE,HF9g-P5,,,,X 全窗基线 · 不参与实体赏罚,6873506,688,A168_HF9F_20260827_0900,2026-08-27 09:00:00
2026-05-16,149914139,1963,0,42.0123936562,-42.0123936562,-42.0123936562,0E-7,2,2,0.49324550000000000,0.493245500000,-1.3952362676504506,-1.3952362676504506,-1.3952362676504506,0E-17,ELIGIBLE,R03b_20260811_FULL_v1,L1_ELIGIBILITY,v2026-08-11,2026-03-21..2026-08-06,baccarat_bet02_101_all_pairs_incl_sentinel,round_win = game_pnl > 0 (decisive only),COMPATIBILITY_ONLY_NOT_PRODUCTION,8537.0261,7888.0755,168.2584,528,528,-0.01970926,,-0.01970926,-0.01970926,-168.2584,8537.0261,OK,0.0000,6.7303,4.0000,96.0000,AG03-UNRESOLVED,ALL5_LEVELS_bet23_to_bet27,6.7303,6.7303,6.7303,10.0955,10.0955,4.000000,4.000000,4.000000,6.000000,6.000000,96.000000,96.000000,96.000000,94.000000,94.000000,5.0,40.3820,36.7219,127.8764,131.5365,PENDING_AG03,FALSE,NOT_FOR_ENFORCEMENT,161.5281,7572.5524,168.2584,161.5281,6.7303,0.01970926,0.01892089,6.7303,161.5281,0.01892089,6.7303,6.7303,6.7303,10.0955,10.0955,161.5281,0.01892089,40.3820,36.7219,127.8764,131.5365,0.01497903,0.01540776,0.00078837,16.1686,14.9395,0.3187,12.9430,0.6232,656.6943,40.6154,,16.1686,10.5031,15.8597,21.0062,21.0062,21.0062,31.5093,10.5031,0.0,1.324503,1.986755,1.019479,29,109,15,1,0E-8,0.01970926,,0E-8,0.000000,0.923984,0.000000,,2026-05-12,2026-06-02,13,270,171,22,0.590909,,,0.000000,,,,,,,,GLOBAL_BASELINE_NO_ENTITY_RANKING,,,NOT_APPLICABLE_GLOBAL_BASELINE,HF9g-P5,,,,X 全窗基线 · 不参与实体赏罚,6873507,688,A168_HF9F_20260827_0900,2026-08-27 09:00:00
2026-05-16,149914139,2063,0,10.5030984140,10.5030984140,10.5030984140,1.0000000,1,1,0.49324550000000000,0.493245500000,1.01360149184955,1.01360149184955,1.01360149184955,0E-17,ELIGIBLE,R03b_20260811_FULL_v1,L1_ELIGIBILITY,v2026-08-11,2026-03-21..2026-08-06,baccarat_bet02_101_all_pairs_incl_sentinel,round_win = game_pnl > 0 (decisive only),COMPATIBILITY_ONLY_NOT_PRODUCTION,8537.0261,7888.0755,168.2584,528,528,-0.01970926,,-0.01970926,-0.01970926,-168.2584,8537.0261,OK,0.0000,6.7303,4.0000,96.0000,AG03-UNRESOLVED,ALL5_LEVELS_bet23_to_bet27,6.7303,6.7303,6.7303,10.0955,10.0955,4.000000,4.000000,4.000000,6.000000,6.000000,96.000000,96.000000,96.000000,94.000000,94.000000,5.0,40.3820,36.7219,127.8764,131.5365,PENDING_AG03,FALSE,NOT_FOR_ENFORCEMENT,161.5281,7572.5524,168.2584,161.5281,6.7303,0.01970926,0.01892089,6.7303,161.5281,0.01892089,6.7303,6.7303,6.7303,10.0955,10.0955,161.5281,0.01892089,40.3820,36.7219,127.8764,131.5365,0.01497903,0.01540776,0.00078837,16.1686,14.9395,0.3187,12.9430,0.6232,656.6943,40.6154,,16.1686,10.5031,15.8597,21.0062,21.0062,21.0062,31.5093,10.5031,0.0,1.324503,1.986755,1.019479,29,109,15,1,0E-8,0.01970926,,0E-8,0.000000,0.923984,0.000000,,2026-05-12,2026-06-02,13,270,171,22,0.590909,,,0.000000,,,,,,,,GLOBAL_BASELINE_NO_ENTITY_RANKING,,,NOT_APPLICABLE_GLOBAL_BASELINE,HF9g-P5,,,,X 全窗基线 · 不参与实体赏罚,6873508,688,A168_HF9F_20260827_0900,2026-08-27 09:00:00
2026-05-16,149914139,2093,0,136.5402793824,-73.5216888982,-73.5216888982,0.2500000,8,8,0.49324550000000000,0.493245500000,-1.376129913168058,-1.376129913168058,-1.376129913168058,0E-17,ELIGIBLE,R03b_20260811_FULL_v1,L1_ELIGIBILITY,v2026-08-11,2026-03-21..2026-08-06,baccarat_bet02_101_all_pairs_incl_sentinel,round_win = game_pnl > 0 (decisive only),COMPATIBILITY_ONLY_NOT_PRODUCTION,8537.0261,7888.0755,168.2584,528,528,-0.01970926,,-0.01970926,-0.01970926,-168.2584,8537.0261,OK,0.0000,6.7303,4.0000,96.0000,AG03-UNRESOLVED,ALL5_LEVELS_bet23_to_bet27,6.7303,6.7303,6.7303,10.0955,10.0955,4.000000,4.000000,4.000000,6.000000,6.000000,96.000000,96.000000,96.000000,94.000000,94.000000,5.0,40.3820,36.7219,127.8764,131.5365,PENDING_AG03,FALSE,NOT_FOR_ENFORCEMENT,161.5281,7572.5524,168.2584,161.5281,6.7303,0.01970926,0.01892089,6.7303,161.5281,0.01892089,6.7303,6.7303,6.7303,10.0955,10.0955,161.5281,0.01892089,40.3820,36.7219,127.8764,131.5365,0.01497903,0.01540776,0.00078837,16.1686,14.9395,0.3187,12.9430,0.6232,656.6943,40.6154,,16.1686,10.5031,15.8597,21.0062,21.0062,21.0062,31.5093,10.5031,0.0,1.324503,1.986755,1.019479,29,109,15,1,0E-8,0.01970926,,0E-8,0.000000,0.923984,0.000000,,2026-05-12,2026-06-02,13,270,171,22,0.590909,,,0.000000,,,,,,,,GLOBAL_BASELINE_NO_ENTITY_RANKING,,,NOT_APPLICABLE_GLOBAL_BASELINE,HF9g-P5,,,,X 全窗基线 · 不参与实体赏罚,6873509,688,A168_HF9F_20260827_0900,2026-08-27 09:00:00
2026-05-16,149914139,2117,0,63.0185904843,21.0061968281,21.0061968281,0.6666667,3,3,0.49324550000000000,0.493245500000,0.6008033672792107,0.6008033672792106,0.6008033672792107,0E-17,ELIGIBLE,R03b_20260811_FULL_v1,L1_ELIGIBILITY,v2026-08-11,2026-03-21..2026-08-06,baccarat_bet02_101_all_pairs_incl_sentinel,round_win = game_pnl > 0 (decisive only),COMPATIBILITY_ONLY_NOT_PRODUCTION,8537.0261,7888.0755,168.2584,528,528,-0.01970926,,-0.01970926,-0.01970926,-168.2584,8537.0261,OK,0.0000,6.7303,4.0000,96.0000,AG03-UNRESOLVED,ALL5_LEVELS_bet23_to_bet27,6.7303,6.7303,6.7303,10.0955,10.0955,4.000000,4.000000,4.000000,6.000000,6.000000,96.000000,96.000000,96.000000,94.000000,94.000000,5.0,40.3820,36.7219,127.8764,131.5365,PENDING_AG03,FALSE,NOT_FOR_ENFORCEMENT,161.5281,7572.5524,168.2584,161.5281,6.7303,0.01970926,0.01892089,6.7303,161.5281,0.01892089,6.7303,6.7303,6.7303,10.0955,10.0955,161.5281,0.01892089,40.3820,36.7219,127.8764,131.5365,0.01497903,0.01540776,0.00078837,16.1686,14.9395,0.3187,12.9430,0.6232,656.6943,40.6154,,16.1686,10.5031,15.8597,21.0062,21.0062,21.0062,31.5093,10.5031,0.0,1.324503,1.986755,1.019479,29,109,15,1,0E-8,0.01970926,,0E-8,0.000000,0.923984,0.000000,,2026-05-12,2026-06-02,13,270,171,22,0.590909,,,0.000000,,,,,,,,GLOBAL_BASELINE_NO_ENTITY_RANKING,,,NOT_APPLICABLE_GLOBAL_BASELINE,HF9g-P5,,,,X 全窗基线 · 不参与实体赏罚,6873510,688,A168_HF9F_20260827_0900,2026-08-27 09:00:00
2026-05-16,149914139,2127,0,10.5030984140,-10.5030984140,-10.5030984140,0E-7,1,1,0.49324550000000000,0.493245500000,-0.9865810262130424,-0.9865810262130424,-0.9865810262130424,0E-17,ELIGIBLE,R03b_20260811_FULL_v1,L1_ELIGIBILITY,v2026-08-11,2026-03-21..2026-08-06,baccarat_bet02_101_all_pairs_incl_sentinel,round_win = game_pnl > 0 (decisive only),COMPATIBILITY_ONLY_NOT_PRODUCTION,8537.0261,7888.0755,168.2584,528,528,-0.01970926,,-0.01970926,-0.01970926,-168.2584,8537.0261,OK,0.0000,6.7303,4.0000,96.0000,AG03-UNRESOLVED,ALL5_LEVELS_bet23_to_bet27,6.7303,6.7303,6.7303,10.0955,10.0955,4.000000,4.000000,4.000000,6.000000,6.000000,96.000000,96.000000,96.000000,94.000000,94.000000,5.0,40.3820,36.7219,127.8764,131.5365,PENDING_AG03,FALSE,NOT_FOR_ENFORCEMENT,161.5281,7572.5524,168.2584,161.5281,6.7303,0.01970926,0.01892089,6.7303,161.5281,0.01892089,6.7303,6.7303,6.7303,10.0955,10.0955,161.5281,0.01892089,40.3820,36.7219,127.8764,131.5365,0.01497903,0.01540776,0.00078837,16.1686,14.9395,0.3187,12.9430,0.6232,656.6943,40.6154,,16.1686,10.5031,15.8597,21.0062,21.0062,21.0062,31.5093,10.5031,0.0,1.324503,1.986755,1.019479,29,109,15,1,0E-8,0.01970926,,0E-8,0.000000,0.923984,0.000000,,2026-05-12,2026-06-02,13,270,171,22,0.590909,,,0.000000,,,,,,,,GLOBAL_BASELINE_NO_ENTITY_RANKING,,,NOT_APPLICABLE_GLOBAL_BASELINE,HF9g-P5,,,,X 全窗基线 · 不参与实体赏罚,6873511,688,A168_HF9F_20260827_0900,2026-08-27 09:00:00
2026-05-16,149914139,2130,0,42.0123936561,21.0061968281,21.0061968281,0.6666667,3,3,0.49324550000000000,0.493245500000,0.6008033672792107,0.6008033672792106,0.6008033672792107,0E-17,ELIGIBLE,R03b_20260811_FULL_v1,L1_ELIGIBILITY,v2026-08-11,2026-03-21..2026-08-06,baccarat_bet02_101_all_pairs_incl_sentinel,round_win = game_pnl > 0 (decisive only),COMPATIBILITY_ONLY_NOT_PRODUCTION,8537.0261,7888.0755,168.2584,528,528,-0.01970926,,-0.01970926,-0.01970926,-168.2584,8537.0261,OK,0.0000,6.7303,4.0000,96.0000,AG03-UNRESOLVED,ALL5_LEVELS_bet23_to_bet27,6.7303,6.7303,6.7303,10.0955,10.0955,4.000000,4.000000,4.000000,6.000000,6.000000,96.000000,96.000000,96.000000,94.000000,94.000000,5.0,40.3820,36.7219,127.8764,131.5365,PENDING_AG03,FALSE,NOT_FOR_ENFORCEMENT,161.5281,7572.5524,168.2584,161.5281,6.7303,0.01970926,0.01892089,6.7303,161.5281,0.01892089,6.7303,6.7303,6.7303,10.0955,10.0955,161.5281,0.01892089,40.3820,36.7219,127.8764,131.5365,0.01497903,0.01540776,0.00078837,16.1686,14.9395,0.3187,12.9430,0.6232,656.6943,40.6154,,16.1686,10.5031,15.8597,21.0062,21.0062,21.0062,31.5093,10.5031,0.0,1.324503,1.986755,1.019479,29,109,15,1,0E-8,0.01970926,,0E-8,0.000000,0.923984,0.000000,,2026-05-12,2026-06-02,13,270,171,22,0.590909,,,0.000000,,,,,,,,GLOBAL_BASELINE_NO_ENTITY_RANKING,,,NOT_APPLICABLE_GLOBAL_BASELINE,HF9g-P5,,,,X 全窗基线 · 不参与实体赏罚,6873512,688,A168_HF9F_20260827_0900,2026-08-27 09:00:00
2026-05-16,149914139,2153,0,94.5278857261,-21.0061968281,-21.0061968281,0.4285714,8,8,0.49324550000000000,0.493245500000,-0.3422542494892156,-0.3422542494892157,-0.3422542494892156,0E-17,ELIGIBLE,R03b_20260811_FULL_v1,L1_ELIGIBILITY,v2026-08-11,2026-03-21..2026-08-06,baccarat_bet02_101_all_pairs_incl_sentinel,round_win = game_pnl > 0 (decisive only),COMPATIBILITY_ONLY_NOT_PRODUCTION,8537.0261,7888.0755,168.2584,528,528,-0.01970926,,-0.01970926,-0.01970926,-168.2584,8537.0261,OK,0.0000,6.7303,4.0000,96.0000,AG03-UNRESOLVED,ALL5_LEVELS_bet23_to_bet27,6.7303,6.7303,6.7303,10.0955,10.0955,4.000000,4.000000,4.000000,6.000000,6.000000,96.000000,96.000000,96.000000,94.000000,94.000000,5.0,40.3820,36.7219,127.8764,131.5365,PENDING_AG03,FALSE,NOT_FOR_ENFORCEMENT,161.5281,7572.5524,168.2584,161.5281,6.7303,0.01970926,0.01892089,6.7303,161.5281,0.01892089,6.7303,6.7303,6.7303,10.0955,10.0955,161.5281,0.01892089,40.3820,36.7219,127.8764,131.5365,0.01497903,0.01540776,0.00078837,16.1686,14.9395,0.3187,12.9430,0.6232,656.6943,40.6154,,16.1686,10.5031,15.8597,21.0062,21.0062,21.0062,31.5093,10.5031,0.0,1.324503,1.986755,1.019479,29,109,15,1,0E-8,0.01970926,,0E-8,0.000000,0.923984,0.000000,,2026-05-12,2026-06-02,13,270,171,22,0.590909,,,0.000000,,,,,,,,GLOBAL_BASELINE_NO_ENTITY_RANKING,,,NOT_APPLICABLE_GLOBAL_BASELINE,HF9g-P5,,,,X 全窗基线 · 不参与实体赏罚,6873513,688,A168_HF9F_20260827_0900,2026-08-27 09:00:00
2026-05-16,149914139,2169,0,42.0123936562,42.0123936562,42.0123936562,1.0000000,2,2,0.49324550000000000,0.493245500000,1.4334489766152358,1.4334489766152358,1.4334489766152358,0E-17,ELIGIBLE,R03b_20260811_FULL_v1,L1_ELIGIBILITY,v2026-08-11,2026-03-21..2026-08-06,baccarat_bet02_101_all_pairs_incl_sentinel,round_win = game_pnl > 0 (decisive only),COMPATIBILITY_ONLY_NOT_PRODUCTION,8537.0261,7888.0755,168.2584,528,528,-0.01970926,,-0.01970926,-0.01970926,-168.2584,8537.0261,OK,0.0000,6.7303,4.0000,96.0000,AG03-UNRESOLVED,ALL5_LEVELS_bet23_to_bet27,6.7303,6.7303,6.7303,10.0955,10.0955,4.000000,4.000000,4.000000,6.000000,6.000000,96.000000,96.000000,96.000000,94.000000,94.000000,5.0,40.3820,36.7219,127.8764,131.5365,PENDING_AG03,FALSE,NOT_FOR_ENFORCEMENT,161.5281,7572.5524,168.2584,161.5281,6.7303,0.01970926,0.01892089,6.7303,161.5281,0.01892089,6.7303,6.7303,6.7303,10.0955,10.0955,161.5281,0.01892089,40.3820,36.7219,127.8764,131.5365,0.01497903,0.01540776,0.00078837,16.1686,14.9395,0.3187,12.9430,0.6232,656.6943,40.6154,,16.1686,10.5031,15.8597,21.0062,21.0062,21.0062,31.5093,10.5031,0.0,1.324503,1.986755,1.019479,29,109,15,1,0E-8,0.01970926,,0E-8,0.000000,0.923984,0.000000,,2026-05-12,2026-06-02,13,270,171,22,0.590909,,,0.000000,,,,,,,,GLOBAL_BASELINE_NO_ENTITY_RANKING,,,NOT_APPLICABLE_GLOBAL_BASELINE,HF9g-P5,,,,X 全窗基线 · 不参与实体赏罚,6873514,688,A168_HF9F_20260827_0900,2026-08-27 09:00:00
2026-05-16,149914139,2174,0,262.5774603511,31.5092952421,31.5092952421,0.5454545,13,13,0.49324550000000000,0.493245500000,0.3463472332994882,0.3463472332994882,0.3463472332994882,0E-17,ELIGIBLE,R03b_20260811_FULL_v1,L1_ELIGIBILITY,v2026-08-11,2026-03-21..2026-08-06,baccarat_bet02_101_all_pairs_incl_sentinel,round_win = game_pnl > 0 (decisive only),COMPATIBILITY_ONLY_NOT_PRODUCTION,8537.0261,7888.0755,168.2584,528,528,-0.01970926,,-0.01970926,-0.01970926,-168.2584,8537.0261,OK,0.0000,6.7303,4.0000,96.0000,AG03-UNRESOLVED,ALL5_LEVELS_bet23_to_bet27,6.7303,6.7303,6.7303,10.0955,10.0955,4.000000,4.000000,4.000000,6.000000,6.000000,96.000000,96.000000,96.000000,94.000000,94.000000,5.0,40.3820,36.7219,127.8764,131.5365,PENDING_AG03,FALSE,NOT_FOR_ENFORCEMENT,161.5281,7572.5524,168.2584,161.5281,6.7303,0.01970926,0.01892089,6.7303,161.5281,0.01892089,6.7303,6.7303,6.7303,10.0955,10.0955,161.5281,0.01892089,40.3820,36.7219,127.8764,131.5365,0.01497903,0.01540776,0.00078837,16.1686,14.9395,0.3187,12.9430,0.6232,656.6943,40.6154,,16.1686,10.5031,15.8597,21.0062,21.0062,21.0062,31.5093,10.5031,0.0,1.324503,1.986755,1.019479,29,109,15,1,0E-8,0.01970926,,0E-8,0.000000,0.923984,0.000000,,2026-05-12,2026-06-02,13,270,171,22,0.590909,,,0.000000,,,,,,,,GLOBAL_BASELINE_NO_ENTITY_RANKING,,,NOT_APPLICABLE_GLOBAL_BASELINE,HF9g-P5,,,,X 全窗基线 · 不参与实体赏罚,6873515,688,A168_HF9F_20260827_0900,2026-08-27 09:00:00
2026-05-16,149914139,2218,0,63.0185904842,-42.0123936562,-42.0123936562,0.2500000,4,4,0.49324550000000000,0.493245500000,-0.9730707933947887,-0.9730707933947887,-0.9730707933947887,0E-17,ELIGIBLE,R03b_20260811_FULL_v1,L1_ELIGIBILITY,v2026-08-11,2026-03-21..2026-08-06,baccarat_bet02_101_all_pairs_incl_sentinel,round_win = game_pnl > 0 (decisive only),COMPATIBILITY_ONLY_NOT_PRODUCTION,8537.0261,7888.0755,168.2584,528,528,-0.01970926,,-0.01970926,-0.01970926,-168.2584,8537.0261,OK,0.0000,6.7303,4.0000,96.0000,AG03-UNRESOLVED,ALL5_LEVELS_bet23_to_bet27,6.7303,6.7303,6.7303,10.0955,10.0955,4.000000,4.000000,4.000000,6.000000,6.000000,96.000000,96.000000,96.000000,94.000000,94.000000,5.0,40.3820,36.7219,127.8764,131.5365,PENDING_AG03,FALSE,NOT_FOR_ENFORCEMENT,161.5281,7572.5524,168.2584,161.5281,6.7303,0.01970926,0.01892089,6.7303,161.5281,0.01892089,6.7303,6.7303,6.7303,10.0955,10.0955,161.5281,0.01892089,40.3820,36.7219,127.8764,131.5365,0.01497903,0.01540776,0.00078837,16.1686,14.9395,0.3187,12.9430,0.6232,656.6943,40.6154,,16.1686,10.5031,15.8597,21.0062,21.0062,21.0062,31.5093,10.5031,0.0,1.324503,1.986755,1.019479,29,109,15,1,0E-8,0.01970926,,0E-8,0.000000,0.923984,0.000000,,2026-05-12,2026-06-02,13,270,171,22,0.590909,,,0.000000,,,,,,,,GLOBAL_BASELINE_NO_ENTITY_RANKING,,,NOT_APPLICABLE_GLOBAL_BASELINE,HF9g-P5,,,,X 全窗基线 · 不参与实体赏罚,6873516,688,A168_HF9F_20260827_0900,2026-08-27 09:00:00
2026-05-16,149914139,2220,0,105.0309841405,0E-10,0E-10,0.5000000,5,5,0.49324550000000000,0.493245500000,0.027020465636507562,0.027020465636507562,0.027020465636507562,0E-17,ELIGIBLE,R03b_20260811_FULL_v1,L1_ELIGIBILITY,v2026-08-11,2026-03-21..2026-08-06,baccarat_bet02_101_all_pairs_incl_sentinel,round_win = game_pnl > 0 (decisive only),COMPATIBILITY_ONLY_NOT_PRODUCTION,8537.0261,7888.0755,168.2584,528,528,-0.01970926,,-0.01970926,-0.01970926,-168.2584,8537.0261,OK,0.0000,6.7303,4.0000,96.0000,AG03-UNRESOLVED,ALL5_LEVELS_bet23_to_bet27,6.7303,6.7303,6.7303,10.0955,10.0955,4.000000,4.000000,4.000000,6.000000,6.000000,96.000000,96.000000,96.000000,94.000000,94.000000,5.0,40.3820,36.7219,127.8764,131.5365,PENDING_AG03,FALSE,NOT_FOR_ENFORCEMENT,161.5281,7572.5524,168.2584,161.5281,6.7303,0.01970926,0.01892089,6.7303,161.5281,0.01892089,6.7303,6.7303,6.7303,10.0955,10.0955,161.5281,0.01892089,40.3820,36.7219,127.8764,131.5365,0.01497903,0.01540776,0.00078837,16.1686,14.9395,0.3187,12.9430,0.6232,656.6943,40.6154,,16.1686,10.5031,15.8597,21.0062,21.0062,21.0062,31.5093,10.5031,0.0,1.324503,1.986755,1.019479,29,109,15,1,0E-8,0.01970926,,0E-8,0.000000,0.923984,0.000000,,2026-05-12,2026-06-02,13,270,171,22,0.590909,,,0.000000,,,,,,,,GLOBAL_BASELINE_NO_ENTITY_RANKING,,,NOT_APPLICABLE_GLOBAL_BASELINE,HF9g-P5,,,,X 全窗基线 · 不参与实体赏罚,6873517,688,A168_HF9F_20260827_0900,2026-08-27 09:00:00
2026-05-16,149914139,2235,0,136.5402793825,-10.5030984139,-10.5030984139,0.5000000,6,6,0.49324550000000000,0.493245500000,0.03309317671092531,0.03309317671092531,0.03309317671092531,0E-17,ELIGIBLE,R03b_20260811_FULL_v1,L1_ELIGIBILITY,v2026-08-11,2026-03-21..2026-08-06,baccarat_bet02_101_all_pairs_incl_sentinel,round_win = game_pnl > 0 (decisive only),COMPATIBILITY_ONLY_NOT_PRODUCTION,8537.0261,7888.0755,168.2584,528,528,-0.01970926,,-0.01970926,-0.01970926,-168.2584,8537.0261,OK,0.0000,6.7303,4.0000,96.0000,AG03-UNRESOLVED,ALL5_LEVELS_bet23_to_bet27,6.7303,6.7303,6.7303,10.0955,10.0955,4.000000,4.000000,4.000000,6.000000,6.000000,96.000000,96.000000,96.000000,94.000000,94.000000,5.0,40.3820,36.7219,127.8764,131.5365,PENDING_AG03,FALSE,NOT_FOR_ENFORCEMENT,161.5281,7572.5524,168.2584,161.5281,6.7303,0.01970926,0.01892089,6.7303,161.5281,0.01892089,6.7303,6.7303,6.7303,10.0955,10.0955,161.5281,0.01892089,40.3820,36.7219,127.8764,131.5365,0.01497903,0.01540776,0.00078837,16.1686,14.9395,0.3187,12.9430,0.6232,656.6943,40.6154,,16.1686,10.5031,15.8597,21.0062,21.0062,21.0062,31.5093,10.5031,0.0,1.324503,1.986755,1.019479,29,109,15,1,0E-8,0.01970926,,0E-8,0.000000,0.923984,0.000000,,2026-05-12,2026-06-02,13,270,171,22,0.590909,,,0.000000,,,,,,,,GLOBAL_BASELINE_NO_ENTITY_RANKING,,,NOT_APPLICABLE_GLOBAL_BASELINE,HF9g-P5,,,,X 全窗基线 · 不参与实体赏罚,6873518,688,A168_HF9F_20260827_0900,2026-08-27 09:00:00
2026-05-16,149914139,2241,0,52.5154920701,21.0061968281,21.0061968281,0.6666667,4,4,0.49324550000000000,0.493245500000,0.6008033672792107,0.6008033672792106,0.6008033672792107,0E-17,ELIGIBLE,R03b_20260811_FULL_v1,L1_ELIGIBILITY,v2026-08-11,2026-03-21..2026-08-06,baccarat_bet02_101_all_pairs_incl_sentinel,round_win = game_pnl > 0 (decisive only),COMPATIBILITY_ONLY_NOT_PRODUCTION,8537.0261,7888.0755,168.2584,528,528,-0.01970926,,-0.01970926,-0.01970926,-168.2584,8537.0261,OK,0.0000,6.7303,4.0000,96.0000,AG03-UNRESOLVED,ALL5_LEVELS_bet23_to_bet27,6.7303,6.7303,6.7303,10.0955,10.0955,4.000000,4.000000,4.000000,6.000000,6.000000,96.000000,96.000000,96.000000,94.000000,94.000000,5.0,40.3820,36.7219,127.8764,131.5365,PENDING_AG03,FALSE,NOT_FOR_ENFORCEMENT,161.5281,7572.5524,168.2584,161.5281,6.7303,0.01970926,0.01892089,6.7303,161.5281,0.01892089,6.7303,6.7303,6.7303,10.0955,10.0955,161.5281,0.01892089,40.3820,36.7219,127.8764,131.5365,0.01497903,0.01540776,0.00078837,16.1686,14.9395,0.3187,12.9430,0.6232,656.6943,40.6154,,16.1686,10.5031,15.8597,21.0062,21.0062,21.0062,31.5093,10.5031,0.0,1.324503,1.986755,1.019479,29,109,15,1,0E-8,0.01970926,,0E-8,0.000000,0.923984,0.000000,,2026-05-12,2026-06-02,13,270,171,22,0.590909,,,0.000000,,,,,,,,GLOBAL_BASELINE_NO_ENTITY_RANKING,,,NOT_APPLICABLE_GLOBAL_BASELINE,HF9g-P5,,,,X 全窗基线 · 不参与实体赏罚,6873519,688,A168_HF9F_20260827_0900,2026-08-27 09:00:00
2026-05-16,149914139,2242,0,21.0061968280,0E-10,0E-10,0.5000000,2,2,0.49324550000000000,0.493245500000,0.01910635448239258,0.01910635448239258,0.01910635448239258,0E-17,ELIGIBLE,R03b_20260811_FULL_v1,L1_ELIGIBILITY,v2026-08-11,2026-03-21..2026-08-06,baccarat_bet02_101_all_pairs_incl_sentinel,round_win = game_pnl > 0 (decisive only),COMPATIBILITY_ONLY_NOT_PRODUCTION,8537.0261,7888.0755,168.2584,528,528,-0.01970926,,-0.01970926,-0.01970926,-168.2584,8537.0261,OK,0.0000,6.7303,4.0000,96.0000,AG03-UNRESOLVED,ALL5_LEVELS_bet23_to_bet27,6.7303,6.7303,6.7303,10.0955,10.0955,4.000000,4.000000,4.000000,6.000000,6.000000,96.000000,96.000000,96.000000,94.000000,94.000000,5.0,40.3820,36.7219,127.8764,131.5365,PENDING_AG03,FALSE,NOT_FOR_ENFORCEMENT,161.5281,7572.5524,168.2584,161.5281,6.7303,0.01970926,0.01892089,6.7303,161.5281,0.01892089,6.7303,6.7303,6.7303,10.0955,10.0955,161.5281,0.01892089,40.3820,36.7219,127.8764,131.5365,0.01497903,0.01540776,0.00078837,16.1686,14.9395,0.3187,12.9430,0.6232,656.6943,40.6154,,16.1686,10.5031,15.8597,21.0062,21.0062,21.0062,31.5093,10.5031,0.0,1.324503,1.986755,1.019479,29,109,15,1,0E-8,0.01970926,,0E-8,0.000000,0.923984,0.000000,,2026-05-12,2026-06-02,13,270,171,22,0.590909,,,0.000000,,,,,,,,GLOBAL_BASELINE_NO_ENTITY_RANKING,,,NOT_APPLICABLE_GLOBAL_BASELINE,HF9g-P5,,,,X 全窗基线 · 不参与实体赏罚,6873520,688,A168_HF9F_20260827_0900,2026-08-27 09:00:00
2026-05-16,149914139,2246,0,157.5464762105,-31.5092952421,-31.5092952421,0.4000000,10,10,0.49324550000000000,0.493245500000,-0.5897901418880297,-0.5897901418880297,-0.5897901418880297,0E-17,ELIGIBLE,R03b_20260811_FULL_v1,L1_ELIGIBILITY,v2026-08-11,2026-03-21..2026-08-06,baccarat_bet02_101_all_pairs_incl_sentinel,round_win = game_pnl > 0 (decisive only),COMPATIBILITY_ONLY_NOT_PRODUCTION,8537.0261,7888.0755,168.2584,528,528,-0.01970926,,-0.01970926,-0.01970926,-168.2584,8537.0261,OK,0.0000,6.7303,4.0000,96.0000,AG03-UNRESOLVED,ALL5_LEVELS_bet23_to_bet27,6.7303,6.7303,6.7303,10.0955,10.0955,4.000000,4.000000,4.000000,6.000000,6.000000,96.000000,96.000000,96.000000,94.000000,94.000000,5.0,40.3820,36.7219,127.8764,131.5365,PENDING_AG03,FALSE,NOT_FOR_ENFORCEMENT,161.5281,7572.5524,168.2584,161.5281,6.7303,0.01970926,0.01892089,6.7303,161.5281,0.01892089,6.7303,6.7303,6.7303,10.0955,10.0955,161.5281,0.01892089,40.3820,36.7219,127.8764,131.5365,0.01497903,0.01540776,0.00078837,16.1686,14.9395,0.3187,12.9430,0.6232,656.6943,40.6154,,16.1686,10.5031,15.8597,21.0062,21.0062,21.0062,31.5093,10.5031,0.0,1.324503,1.986755,1.019479,29,109,15,1,0E-8,0.01970926,,0E-8,0.000000,0.923984,0.000000,,2026-05-12,2026-06-02,13,270,171,22,0.590909,,,0.000000,,,,,,,,GLOBAL_BASELINE_NO_ENTITY_RANKING,,,NOT_APPLICABLE_GLOBAL_BASELINE,HF9g-P5,,,,X 全窗基线 · 不参与实体赏罚,6873521,688,A168_HF9F_20260827_0900,2026-08-27 09:00:00
2026-05-16,149914139,2248,0,21.0061968281,21.0061968281,21.0061968281,1.0000000,1,1,0.49324550000000000,0.493245500000,1.01360149184955,1.01360149184955,1.01360149184955,0E-17,ELIGIBLE,R03b_20260811_FULL_v1,L1_ELIGIBILITY,v2026-08-11,2026-03-21..2026-08-06,baccarat_bet02_101_all_pairs_incl_sentinel,round_win = game_pnl > 0 (decisive only),COMPATIBILITY_ONLY_NOT_PRODUCTION,8537.0261,7888.0755,168.2584,528,528,-0.01970926,,-0.01970926,-0.01970926,-168.2584,8537.0261,OK,0.0000,6.7303,4.0000,96.0000,AG03-UNRESOLVED,ALL5_LEVELS_bet23_to_bet27,6.7303,6.7303,6.7303,10.0955,10.0955,4.000000,4.000000,4.000000,6.000000,6.000000,96.000000,96.000000,96.000000,94.000000,94.000000,5.0,40.3820,36.7219,127.8764,131.5365,PENDING_AG03,FALSE,NOT_FOR_ENFORCEMENT,161.5281,7572.5524,168.2584,161.5281,6.7303,0.01970926,0.01892089,6.7303,161.5281,0.01892089,6.7303,6.7303,6.7303,10.0955,10.0955,161.5281,0.01892089,40.3820,36.7219,127.8764,131.5365,0.01497903,0.01540776,0.00078837,16.1686,14.9395,0.3187,12.9430,0.6232,656.6943,40.6154,,16.1686,10.5031,15.8597,21.0062,21.0062,21.0062,31.5093,10.5031,0.0,1.324503,1.986755,1.019479,29,109,15,1,0E-8,0.01970926,,0E-8,0.000000,0.923984,0.000000,,2026-05-12,2026-06-02,13,270,171,22,0.590909,,,0.000000,,,,,,,,GLOBAL_BASELINE_NO_ENTITY_RANKING,,,NOT_APPLICABLE_GLOBAL_BASELINE,HF9g-P5,,,,X 全窗基线 · 不参与实体赏罚,6873522,688,A168_HF9F_20260827_0900,2026-08-27 09:00:00
2026-05-16,149914139,2267,0,42.0123936561,-21.0061968281,-21.0061968281,0.3333333,3,3,0.49324550000000000,0.493245500000,-0.5540025479526107,-0.5540025479526106,-0.5540025479526107,0E-17,ELIGIBLE,R03b_20260811_FULL_v1,L1_ELIGIBILITY,v2026-08-11,2026-03-21..2026-08-06,baccarat_bet02_101_all_pairs_incl_sentinel,round_win = game_pnl > 0 (decisive only),COMPATIBILITY_ONLY_NOT_PRODUCTION,8537.0261,7888.0755,168.2584,528,528,-0.01970926,,-0.01970926,-0.01970926,-168.2584,8537.0261,OK,0.0000,6.7303,4.0000,96.0000,AG03-UNRESOLVED,ALL5_LEVELS_bet23_to_bet27,6.7303,6.7303,6.7303,10.0955,10.0955,4.000000,4.000000,4.000000,6.000000,6.000000,96.000000,96.000000,96.000000,94.000000,94.000000,5.0,40.3820,36.7219,127.8764,131.5365,PENDING_AG03,FALSE,NOT_FOR_ENFORCEMENT,161.5281,7572.5524,168.2584,161.5281,6.7303,0.01970926,0.01892089,6.7303,161.5281,0.01892089,6.7303,6.7303,6.7303,10.0955,10.0955,161.5281,0.01892089,40.3820,36.7219,127.8764,131.5365,0.01497903,0.01540776,0.00078837,16.1686,14.9395,0.3187,12.9430,0.6232,656.6943,40.6154,,16.1686,10.5031,15.8597,21.0062,21.0062,21.0062,31.5093,10.5031,0.0,1.324503,1.986755,1.019479,29,109,15,1,0E-8,0.01970926,,0E-8,0.000000,0.923984,0.000000,,2026-05-12,2026-06-02,13,270,171,22,0.590909,,,0.000000,,,,,,,,GLOBAL_BASELINE_NO_ENTITY_RANKING,,,NOT_APPLICABLE_GLOBAL_BASELINE,HF9g-P5,,,,X 全窗基线 · 不参与实体赏罚,6873523,688,A168_HF9F_20260827_0900,2026-08-27 09:00:00
2026-05-16,149914139,526,0,10.5030984140,0E-10,0E-10,,1,1,0.49324550000000000,0.493245500000,,,,0E-17,NO_DECISIVE_ROUND,R03b_20260811_FULL_v1,L1_ELIGIBILITY,v2026-08-11,2026-03-21..2026-08-06,baccarat_bet02_101_all_pairs_incl_sentinel,round_win = game_pnl > 0 (decisive only),COMPATIBILITY_ONLY_NOT_PRODUCTION,8537.0261,7888.0755,168.2584,528,528,-0.01970926,,-0.01970926,-0.01970926,-168.2584,8537.0261,OK,0.0000,6.7303,4.0000,96.0000,AG03-UNRESOLVED,ALL5_LEVELS_bet23_to_bet27,6.7303,6.7303,6.7303,10.0955,10.0955,4.000000,4.000000,4.000000,6.000000,6.000000,96.000000,96.000000,96.000000,94.000000,94.000000,5.0,40.3820,36.7219,127.8764,131.5365,PENDING_AG03,FALSE,NOT_FOR_ENFORCEMENT,161.5281,7572.5524,168.2584,161.5281,6.7303,0.01970926,0.01892089,6.7303,161.5281,0.01892089,6.7303,6.7303,6.7303,10.0955,10.0955,161.5281,0.01892089,40.3820,36.7219,127.8764,131.5365,0.01497903,0.01540776,0.00078837,16.1686,14.9395,0.3187,12.9430,0.6232,656.6943,40.6154,,16.1686,10.5031,15.8597,21.0062,21.0062,21.0062,31.5093,10.5031,0.0,1.324503,1.986755,1.019479,29,109,15,1,0E-8,0.01970926,,0E-8,0.000000,0.923984,0.000000,,2026-05-12,2026-06-02,13,270,171,22,0.590909,,,0.000000,,,,,,,,GLOBAL_BASELINE_NO_ENTITY_RANKING,,,NOT_APPLICABLE_GLOBAL_BASELINE,HF9g-P5,,,,X 全窗基线 · 不参与实体赏罚,6873524,688,A168_HF9F_20260827_0900,2026-08-27 09:00:00
2026-05-16,149914139,529,0,52.5154920701,31.5092952421,31.5092952421,0.7500000,4,4,0.49324550000000000,0.493245500000,1.0271117246678039,1.0271117246678039,1.0271117246678039,0E-17,ELIGIBLE,R03b_20260811_FULL_v1,L1_ELIGIBILITY,v2026-08-11,2026-03-21..2026-08-06,baccarat_bet02_101_all_pairs_incl_sentinel,round_win = game_pnl > 0 (decisive only),COMPATIBILITY_ONLY_NOT_PRODUCTION,8537.0261,7888.0755,168.2584,528,528,-0.01970926,,-0.01970926,-0.01970926,-168.2584,8537.0261,OK,0.0000,6.7303,4.0000,96.0000,AG03-UNRESOLVED,ALL5_LEVELS_bet23_to_bet27,6.7303,6.7303,6.7303,10.0955,10.0955,4.000000,4.000000,4.000000,6.000000,6.000000,96.000000,96.000000,96.000000,94.000000,94.000000,5.0,40.3820,36.7219,127.8764,131.5365,PENDING_AG03,FALSE,NOT_FOR_ENFORCEMENT,161.5281,7572.5524,168.2584,161.5281,6.7303,0.01970926,0.01892089,6.7303,161.5281,0.01892089,6.7303,6.7303,6.7303,10.0955,10.0955,161.5281,0.01892089,40.3820,36.7219,127.8764,131.5365,0.01497903,0.01540776,0.00078837,16.1686,14.9395,0.3187,12.9430,0.6232,656.6943,40.6154,,16.1686,10.5031,15.8597,21.0062,21.0062,21.0062,31.5093,10.5031,0.0,1.324503,1.986755,1.019479,29,109,15,1,0E-8,0.01970926,,0E-8,0.000000,0.923984,0.000000,,2026-05-12,2026-06-02,13,270,171,22,0.590909,,,0.000000,,,,,,,,GLOBAL_BASELINE_NO_ENTITY_RANKING,,,NOT_APPLICABLE_GLOBAL_BASELINE,HF9g-P5,,,,X 全窗基线 · 不参与实体赏罚,6873525,688,A168_HF9F_20260827_0900,2026-08-27 09:00:00
2026-05-16,149914139,763,0,31.5092952421,-10.5030984141,-10.5030984141,0.5000000,2,2,0.49324550000000000,0.493245500000,0.01910635448239258,0.01910635448239258,0.01910635448239258,0E-17,ELIGIBLE,R03b_20260811_FULL_v1,L1_ELIGIBILITY,v2026-08-11,2026-03-21..2026-08-06,baccarat_bet02_101_all_pairs_incl_sentinel,round_win = game_pnl > 0 (decisive only),COMPATIBILITY_ONLY_NOT_PRODUCTION,8537.0261,7888.0755,168.2584,528,528,-0.01970926,,-0.01970926,-0.01970926,-168.2584,8537.0261,OK,0.0000,6.7303,4.0000,96.0000,AG03-UNRESOLVED,ALL5_LEVELS_bet23_to_bet27,6.7303,6.7303,6.7303,10.0955,10.0955,4.000000,4.000000,4.000000,6.000000,6.000000,96.000000,96.000000,96.000000,94.000000,94.000000,5.0,40.3820,36.7219,127.8764,131.5365,PENDING_AG03,FALSE,NOT_FOR_ENFORCEMENT,161.5281,7572.5524,168.2584,161.5281,6.7303,0.01970926,0.01892089,6.7303,161.5281,0.01892089,6.7303,6.7303,6.7303,10.0955,10.0955,161.5281,0.01892089,40.3820,36.7219,127.8764,131.5365,0.01497903,0.01540776,0.00078837,16.1686,14.9395,0.3187,12.9430,0.6232,656.6943,40.6154,,16.1686,10.5031,15.8597,21.0062,21.0062,21.0062,31.5093,10.5031,0.0,1.324503,1.986755,1.019479,29,109,15,1,0E-8,0.01970926,,0E-8,0.000000,0.923984,0.000000,,2026-05-12,2026-06-02,13,270,171,22,0.590909,,,0.000000,,,,,,,,GLOBAL_BASELINE_NO_ENTITY_RANKING,,,NOT_APPLICABLE_GLOBAL_BASELINE,HF9g-P5,,,,X 全窗基线 · 不参与实体赏罚,6873526,688,A168_HF9F_20260827_0900,2026-08-27 09:00:00
2026-05-16,149914139,948,0,21.0061968280,21.0061968280,21.0061968280,1.0000000,2,2,0.49324550000000000,0.493245500000,1.4334489766152358,1.4334489766152358,1.4334489766152358,0E-17,ELIGIBLE,R03b_20260811_FULL_v1,L1_ELIGIBILITY,v2026-08-11,2026-03-21..2026-08-06,baccarat_bet02_101_all_pairs_incl_sentinel,round_win = game_pnl > 0 (decisive only),COMPATIBILITY_ONLY_NOT_PRODUCTION,8537.0261,7888.0755,168.2584,528,528,-0.01970926,,-0.01970926,-0.01970926,-168.2584,8537.0261,OK,0.0000,6.7303,4.0000,96.0000,AG03-UNRESOLVED,ALL5_LEVELS_bet23_to_bet27,6.7303,6.7303,6.7303,10.0955,10.0955,4.000000,4.000000,4.000000,6.000000,6.000000,96.000000,96.000000,96.000000,94.000000,94.000000,5.0,40.3820,36.7219,127.8764,131.5365,PENDING_AG03,FALSE,NOT_FOR_ENFORCEMENT,161.5281,7572.5524,168.2584,161.5281,6.7303,0.01970926,0.01892089,6.7303,161.5281,0.01892089,6.7303,6.7303,6.7303,10.0955,10.0955,161.5281,0.01892089,40.3820,36.7219,127.8764,131.5365,0.01497903,0.01540776,0.00078837,16.1686,14.9395,0.3187,12.9430,0.6232,656.6943,40.6154,,16.1686,10.5031,15.8597,21.0062,21.0062,21.0062,31.5093,10.5031,0.0,1.324503,1.986755,1.019479,29,109,15,1,0E-8,0.01970926,,0E-8,0.000000,0.923984,0.000000,,2026-05-12,2026-06-02,13,270,171,22,0.590909,,,0.000000,,,,,,,,GLOBAL_BASELINE_NO_ENTITY_RANKING,,,NOT_APPLICABLE_GLOBAL_BASELINE,HF9g-P5,,,,X 全窗基线 · 不参与实体赏罚,6873527,688,A168_HF9F_20260827_0900,2026-08-27 09:00:00
2026-05-16,149914139,970,0,10.5030984140,-10.5030984140,-10.5030984140,0E-7,1,1,0.49324550000000000,0.493245500000,-0.9865810262130424,-0.9865810262130424,-0.9865810262130424,0E-17,ELIGIBLE,R03b_20260811_FULL_v1,L1_ELIGIBILITY,v2026-08-11,2026-03-21..2026-08-06,baccarat_bet02_101_all_pairs_incl_sentinel,round_win = game_pnl > 0 (decisive only),COMPATIBILITY_ONLY_NOT_PRODUCTION,8537.0261,7888.0755,168.2584,528,528,-0.01970926,,-0.01970926,-0.01970926,-168.2584,8537.0261,OK,0.0000,6.7303,4.0000,96.0000,AG03-UNRESOLVED,ALL5_LEVELS_bet23_to_bet27,6.7303,6.7303,6.7303,10.0955,10.0955,4.000000,4.000000,4.000000,6.000000,6.000000,96.000000,96.000000,96.000000,94.000000,94.000000,5.0,40.3820,36.7219,127.8764,131.5365,PENDING_AG03,FALSE,NOT_FOR_ENFORCEMENT,161.5281,7572.5524,168.2584,161.5281,6.7303,0.01970926,0.01892089,6.7303,161.5281,0.01892089,6.7303,6.7303,6.7303,10.0955,10.0955,161.5281,0.01892089,40.3820,36.7219,127.8764,131.5365,0.01497903,0.01540776,0.00078837,16.1686,14.9395,0.3187,12.9430,0.6232,656.6943,40.6154,,16.1686,10.5031,15.8597,21.0062,21.0062,21.0062,31.5093,10.5031,0.0,1.324503,1.986755,1.019479,29,109,15,1,0E-8,0.01970926,,0E-8,0.000000,0.923984,0.000000,,2026-05-12,2026-06-02,13,270,171,22,0.590909,,,0.000000,,,,,,,,GLOBAL_BASELINE_NO_ENTITY_RANKING,,,NOT_APPLICABLE_GLOBAL_BASELINE,HF9g-P5,,,,X 全窗基线 · 不参与实体赏罚,6873528,688,A168_HF9F_20260827_0900,2026-08-27 09:00:00
2026-05-18,149914139,-1,1,15.1244617162,15.1244617162,15.1244617162,1.0000000,1,1,0.49324550000000000,0.493245500000,1.01360149184955,1.01360149184955,1.01360149184955,0E-17,SENTINEL_DEALER,R03b_20260811_FULL_v1,L1_ELIGIBILITY,v2026-08-11,2026-03-21..2026-08-06,baccarat_bet02_101_all_pairs_incl_sentinel,round_win = game_pnl > 0 (decisive only),COMPATIBILITY_ONLY_NOT_PRODUCTION,8537.0261,7888.0755,168.2584,528,528,-0.01970926,,-0.01970926,-0.01970926,-168.2584,8537.0261,OK,0.0000,6.7303,4.0000,96.0000,AG03-UNRESOLVED,ALL5_LEVELS_bet23_to_bet27,6.7303,6.7303,6.7303,10.0955,10.0955,4.000000,4.000000,4.000000,6.000000,6.000000,96.000000,96.000000,96.000000,94.000000,94.000000,5.0,40.3820,36.7219,127.8764,131.5365,PENDING_AG03,FALSE,NOT_FOR_ENFORCEMENT,161.5281,7572.5524,168.2584,161.5281,6.7303,0.01970926,0.01892089,6.7303,161.5281,0.01892089,6.7303,6.7303,6.7303,10.0955,10.0955,161.5281,0.01892089,40.3820,36.7219,127.8764,131.5365,0.01497903,0.01540776,0.00078837,16.1686,14.9395,0.3187,12.9430,0.6232,656.6943,40.6154,,16.1686,10.5031,15.8597,21.0062,21.0062,21.0062,31.5093,10.5031,0.0,1.324503,1.986755,1.019479,29,109,15,1,0E-8,0.01970926,,0E-8,0.000000,0.923984,0.000000,,2026-05-12,2026-06-02,13,270,171,22,0.590909,,,0.000000,,,,,,,,GLOBAL_BASELINE_NO_ENTITY_RANKING,,,NOT_APPLICABLE_GLOBAL_BASELINE,HF9g-P5,,,,X 全窗基线 · 不参与实体赏罚,6873529,688,A168_HF9F_20260827_0900,2026-08-27 09:00:00
2026-05-18,149914139,1299,0,18.0653292721,18.0653292721,18.0653292721,1.0000000,1,1,0.49324550000000000,0.493245500000,1.01360149184955,1.01360149184955,1.01360149184955,0E-17,ELIGIBLE,R03b_20260811_FULL_v1,L1_ELIGIBILITY,v2026-08-11,2026-03-21..2026-08-06,baccarat_bet02_101_all_pairs_incl_sentinel,round_win = game_pnl > 0 (decisive only),COMPATIBILITY_ONLY_NOT_PRODUCTION,8537.0261,7888.0755,168.2584,528,528,-0.01970926,,-0.01970926,-0.01970926,-168.2584,8537.0261,OK,0.0000,6.7303,4.0000,96.0000,AG03-UNRESOLVED,ALL5_LEVELS_bet23_to_bet27,6.7303,6.7303,6.7303,10.0955,10.0955,4.000000,4.000000,4.000000,6.000000,6.000000,96.000000,96.000000,96.000000,94.000000,94.000000,5.0,40.3820,36.7219,127.8764,131.5365,PENDING_AG03,FALSE,NOT_FOR_ENFORCEMENT,161.5281,7572.5524,168.2584,161.5281,6.7303,0.01970926,0.01892089,6.7303,161.5281,0.01892089,6.7303,6.7303,6.7303,10.0955,10.0955,161.5281,0.01892089,40.3820,36.7219,127.8764,131.5365,0.01497903,0.01540776,0.00078837,16.1686,14.9395,0.3187,12.9430,0.6232,656.6943,40.6154,,16.1686,10.5031,15.8597,21.0062,21.0062,21.0062,31.5093,10.5031,0.0,1.324503,1.986755,1.019479,29,109,15,1,0E-8,0.01970926,,0E-8,0.000000,0.923984,0.000000,,2026-05-12,2026-06-02,13,270,171,22,0.590909,,,0.000000,,,,,,,,GLOBAL_BASELINE_NO_ENTITY_RANKING,,,NOT_APPLICABLE_GLOBAL_BASELINE,HF9g-P5,,,,X 全窗基线 · 不参与实体赏罚,6873530,688,A168_HF9F_20260827_0900,2026-08-27 09:00:00
2026-05-18,149914139,1405,0,10.5030984140,-10.5030984140,-10.5030984140,0E-7,1,1,0.49324550000000000,0.493245500000,-0.9865810262130424,-0.9865810262130424,-0.9865810262130424,0E-17,ELIGIBLE,R03b_20260811_FULL_v1,L1_ELIGIBILITY,v2026-08-11,2026-03-21..2026-08-06,baccarat_bet02_101_all_pairs_incl_sentinel,round_win = game_pnl > 0 (decisive only),COMPATIBILITY_ONLY_NOT_PRODUCTION,8537.0261,7888.0755,168.2584,528,528,-0.01970926,,-0.01970926,-0.01970926,-168.2584,8537.0261,OK,0.0000,6.7303,4.0000,96.0000,AG03-UNRESOLVED,ALL5_LEVELS_bet23_to_bet27,6.7303,6.7303,6.7303,10.0955,10.0955,4.000000,4.000000,4.000000,6.000000,6.000000,96.000000,96.000000,96.000000,94.000000,94.000000,5.0,40.3820,36.7219,127.8764,131.5365,PENDING_AG03,FALSE,NOT_FOR_ENFORCEMENT,161.5281,7572.5524,168.2584,161.5281,6.7303,0.01970926,0.01892089,6.7303,161.5281,0.01892089,6.7303,6.7303,6.7303,10.0955,10.0955,161.5281,0.01892089,40.3820,36.7219,127.8764,131.5365,0.01497903,0.01540776,0.00078837,16.1686,14.9395,0.3187,12.9430,0.6232,656.6943,40.6154,,16.1686,10.5031,15.8597,21.0062,21.0062,21.0062,31.5093,10.5031,0.0,1.324503,1.986755,1.019479,29,109,15,1,0E-8,0.01970926,,0E-8,0.000000,0.923984,0.000000,,2026-05-12,2026-06-02,13,270,171,22,0.590909,,,0.000000,,,,,,,,GLOBAL_BASELINE_NO_ENTITY_RANKING,,,NOT_APPLICABLE_GLOBAL_BASELINE,HF9g-P5,,,,X 全窗基线 · 不参与实体赏罚,6873531,688,A168_HF9F_20260827_0900,2026-08-27 09:00:00
2026-05-18,149914139,1509,0,10.5030984140,-10.5030984140,-10.5030984140,0E-7,1,1,0.49324550000000000,0.493245500000,-0.9865810262130424,-0.9865810262130424,-0.9865810262130424,0E-17,ELIGIBLE,R03b_20260811_FULL_v1,L1_ELIGIBILITY,v2026-08-11,2026-03-21..2026-08-06,baccarat_bet02_101_all_pairs_incl_sentinel,round_win = game_pnl > 0 (decisive only),COMPATIBILITY_ONLY_NOT_PRODUCTION,8537.0261,7888.0755,168.2584,528,528,-0.01970926,,-0.01970926,-0.01970926,-168.2584,8537.0261,OK,0.0000,6.7303,4.0000,96.0000,AG03-UNRESOLVED,ALL5_LEVELS_bet23_to_bet27,6.7303,6.7303,6.7303,10.0955,10.0955,4.000000,4.000000,4.000000,6.000000,6.000000,96.000000,96.000000,96.000000,94.000000,94.000000,5.0,40.3820,36.7219,127.8764,131.5365,PENDING_AG03,FALSE,NOT_FOR_ENFORCEMENT,161.5281,7572.5524,168.2584,161.5281,6.7303,0.01970926,0.01892089,6.7303,161.5281,0.01892089,6.7303,6.7303,6.7303,10.0955,10.0955,161.5281,0.01892089,40.3820,36.7219,127.8764,131.5365,0.01497903,0.01540776,0.00078837,16.1686,14.9395,0.3187,12.9430,0.6232,656.6943,40.6154,,16.1686,10.5031,15.8597,21.0062,21.0062,21.0062,31.5093,10.5031,0.0,1.324503,1.986755,1.019479,29,109,15,1,0E-8,0.01970926,,0E-8,0.000000,0.923984,0.000000,,2026-05-12,2026-06-02,13,270,171,22,0.590909,,,0.000000,,,,,,,,GLOBAL_BASELINE_NO_ENTITY_RANKING,,,NOT_APPLICABLE_GLOBAL_BASELINE,HF9g-P5,,,,X 全窗基线 · 不参与实体赏罚,6873532,688,A168_HF9F_20260827_0900,2026-08-27 09:00:00
2026-05-18,149914139,1947,0,45.7935090852,3.7811154290,3.7811154290,0.6666667,3,3,0.49324550000000000,0.493245500000,0.6008033672792107,0.6008033672792106,0.6008033672792107,0E-17,ELIGIBLE,R03b_20260811_FULL_v1,L1_ELIGIBILITY,v2026-08-11,2026-03-21..2026-08-06,baccarat_bet02_101_all_pairs_incl_sentinel,round_win = game_pnl > 0 (decisive only),COMPATIBILITY_ONLY_NOT_PRODUCTION,8537.0261,7888.0755,168.2584,528,528,-0.01970926,,-0.01970926,-0.01970926,-168.2584,8537.0261,OK,0.0000,6.7303,4.0000,96.0000,AG03-UNRESOLVED,ALL5_LEVELS_bet23_to_bet27,6.7303,6.7303,6.7303,10.0955,10.0955,4.000000,4.000000,4.000000,6.000000,6.000000,96.000000,96.000000,96.000000,94.000000,94.000000,5.0,40.3820,36.7219,127.8764,131.5365,PENDING_AG03,FALSE,NOT_FOR_ENFORCEMENT,161.5281,7572.5524,168.2584,161.5281,6.7303,0.01970926,0.01892089,6.7303,161.5281,0.01892089,6.7303,6.7303,6.7303,10.0955,10.0955,161.5281,0.01892089,40.3820,36.7219,127.8764,131.5365,0.01497903,0.01540776,0.00078837,16.1686,14.9395,0.3187,12.9430,0.6232,656.6943,40.6154,,16.1686,10.5031,15.8597,21.0062,21.0062,21.0062,31.5093,10.5031,0.0,1.324503,1.986755,1.019479,29,109,15,1,0E-8,0.01970926,,0E-8,0.000000,0.923984,0.000000,,2026-05-12,2026-06-02,13,270,171,22,0.590909,,,0.000000,,,,,,,,GLOBAL_BASELINE_NO_ENTITY_RANKING,,,NOT_APPLICABLE_GLOBAL_BASELINE,HF9g-P5,,,,X 全窗基线 · 不参与实体赏罚,6873533,688,A168_HF9F_20260827_0900,2026-08-27 09:00:00
2026-05-18,149914139,1985,0,21.0061968281,-21.0061968281,-21.0061968281,0E-7,1,1,0.49324550000000000,0.493245500000,-0.9865810262130424,-0.9865810262130424,-0.9865810262130424,0E-17,ELIGIBLE,R03b_20260811_FULL_v1,L1_ELIGIBILITY,v2026-08-11,2026-03-21..2026-08-06,baccarat_bet02_101_all_pairs_incl_sentinel,round_win = game_pnl > 0 (decisive only),COMPATIBILITY_ONLY_NOT_PRODUCTION,8537.0261,7888.0755,168.2584,528,528,-0.01970926,,-0.01970926,-0.01970926,-168.2584,8537.0261,OK,0.0000,6.7303,4.0000,96.0000,AG03-UNRESOLVED,ALL5_LEVELS_bet23_to_bet27,6.7303,6.7303,6.7303,10.0955,10.0955,4.000000,4.000000,4.000000,6.000000,6.000000,96.000000,96.000000,96.000000,94.000000,94.000000,5.0,40.3820,36.7219,127.8764,131.5365,PENDING_AG03,FALSE,NOT_FOR_ENFORCEMENT,161.5281,7572.5524,168.2584,161.5281,6.7303,0.01970926,0.01892089,6.7303,161.5281,0.01892089,6.7303,6.7303,6.7303,10.0955,10.0955,161.5281,0.01892089,40.3820,36.7219,127.8764,131.5365,0.01497903,0.01540776,0.00078837,16.1686,14.9395,0.3187,12.9430,0.6232,656.6943,40.6154,,16.1686,10.5031,15.8597,21.0062,21.0062,21.0062,31.5093,10.5031,0.0,1.324503,1.986755,1.019479,29,109,15,1,0E-8,0.01970926,,0E-8,0.000000,0.923984,0.000000,,2026-05-12,2026-06-02,13,270,171,22,0.590909,,,0.000000,,,,,,,,GLOBAL_BASELINE_NO_ENTITY_RANKING,,,NOT_APPLICABLE_GLOBAL_BASELINE,HF9g-P5,,,,X 全窗基线 · 不参与实体赏罚,6873534,688,A168_HF9F_20260827_0900,2026-08-27 09:00:00
2026-05-18,149914139,2103,0,10.5030984140,-10.5030984140,-10.5030984140,0E-7,1,1,0.49324550000000000,0.493245500000,-0.9865810262130424,-0.9865810262130424,-0.9865810262130424,0E-17,ELIGIBLE,R03b_20260811_FULL_v1,L1_ELIGIBILITY,v2026-08-11,2026-03-21..2026-08-06,baccarat_bet02_101_all_pairs_incl_sentinel,round_win = game_pnl > 0 (decisive only),COMPATIBILITY_ONLY_NOT_PRODUCTION,8537.0261,7888.0755,168.2584,528,528,-0.01970926,,-0.01970926,-0.01970926,-168.2584,8537.0261,OK,0.0000,6.7303,4.0000,96.0000,AG03-UNRESOLVED,ALL5_LEVELS_bet23_to_bet27,6.7303,6.7303,6.7303,10.0955,10.0955,4.000000,4.000000,4.000000,6.000000,6.000000,96.000000,96.000000,96.000000,94.000000,94.000000,5.0,40.3820,36.7219,127.8764,131.5365,PENDING_AG03,FALSE,NOT_FOR_ENFORCEMENT,161.5281,7572.5524,168.2584,161.5281,6.7303,0.01970926,0.01892089,6.7303,161.5281,0.01892089,6.7303,6.7303,6.7303,10.0955,10.0955,161.5281,0.01892089,40.3820,36.7219,127.8764,131.5365,0.01497903,0.01540776,0.00078837,16.1686,14.9395,0.3187,12.9430,0.6232,656.6943,40.6154,,16.1686,10.5031,15.8597,21.0062,21.0062,21.0062,31.5093,10.5031,0.0,1.324503,1.986755,1.019479,29,109,15,1,0E-8,0.01970926,,0E-8,0.000000,0.923984,0.000000,,2026-05-12,2026-06-02,13,270,171,22,0.590909,,,0.000000,,,,,,,,GLOBAL_BASELINE_NO_ENTITY_RANKING,,,NOT_APPLICABLE_GLOBAL_BASELINE,HF9g-P5,,,,X 全窗基线 · 不参与实体赏罚,6873535,688,A168_HF9F_20260827_0900,2026-08-27 09:00:00
2026-05-18,149914139,2109,0,10.5030984140,-10.5030984140,-10.5030984140,0E-7,1,1,0.49324550000000000,0.493245500000,-0.9865810262130424,-0.9865810262130424,-0.9865810262130424,0E-17,ELIGIBLE,R03b_20260811_FULL_v1,L1_ELIGIBILITY,v2026-08-11,2026-03-21..2026-08-06,baccarat_bet02_101_all_pairs_incl_sentinel,round_win = game_pnl > 0 (decisive only),COMPATIBILITY_ONLY_NOT_PRODUCTION,8537.0261,7888.0755,168.2584,528,528,-0.01970926,,-0.01970926,-0.01970926,-168.2584,8537.0261,OK,0.0000,6.7303,4.0000,96.0000,AG03-UNRESOLVED,ALL5_LEVELS_bet23_to_bet27,6.7303,6.7303,6.7303,10.0955,10.0955,4.000000,4.000000,4.000000,6.000000,6.000000,96.000000,96.000000,96.000000,94.000000,94.000000,5.0,40.3820,36.7219,127.8764,131.5365,PENDING_AG03,FALSE,NOT_FOR_ENFORCEMENT,161.5281,7572.5524,168.2584,161.5281,6.7303,0.01970926,0.01892089,6.7303,161.5281,0.01892089,6.7303,6.7303,6.7303,10.0955,10.0955,161.5281,0.01892089,40.3820,36.7219,127.8764,131.5365,0.01497903,0.01540776,0.00078837,16.1686,14.9395,0.3187,12.9430,0.6232,656.6943,40.6154,,16.1686,10.5031,15.8597,21.0062,21.0062,21.0062,31.5093,10.5031,0.0,1.324503,1.986755,1.019479,29,109,15,1,0E-8,0.01970926,,0E-8,0.000000,0.923984,0.000000,,2026-05-12,2026-06-02,13,270,171,22,0.590909,,,0.000000,,,,,,,,GLOBAL_BASELINE_NO_ENTITY_RANKING,,,NOT_APPLICABLE_GLOBAL_BASELINE,HF9g-P5,,,,X 全窗基线 · 不参与实体赏罚,6873536,688,A168_HF9F_20260827_0900,2026-08-27 09:00:00
2026-05-18,149914139,2154,0,21.0061968280,21.0061968280,21.0061968280,1.0000000,2,2,0.49324550000000000,0.493245500000,1.4334489766152358,1.4334489766152358,1.4334489766152358,0E-17,ELIGIBLE,R03b_20260811_FULL_v1,L1_ELIGIBILITY,v2026-08-11,2026-03-21..2026-08-06,baccarat_bet02_101_all_pairs_incl_sentinel,round_win = game_pnl > 0 (decisive only),COMPATIBILITY_ONLY_NOT_PRODUCTION,8537.0261,7888.0755,168.2584,528,528,-0.01970926,,-0.01970926,-0.01970926,-168.2584,8537.0261,OK,0.0000,6.7303,4.0000,96.0000,AG03-UNRESOLVED,ALL5_LEVELS_bet23_to_bet27,6.7303,6.7303,6.7303,10.0955,10.0955,4.000000,4.000000,4.000000,6.000000,6.000000,96.000000,96.000000,96.000000,94.000000,94.000000,5.0,40.3820,36.7219,127.8764,131.5365,PENDING_AG03,FALSE,NOT_FOR_ENFORCEMENT,161.5281,7572.5524,168.2584,161.5281,6.7303,0.01970926,0.01892089,6.7303,161.5281,0.01892089,6.7303,6.7303,6.7303,10.0955,10.0955,161.5281,0.01892089,40.3820,36.7219,127.8764,131.5365,0.01497903,0.01540776,0.00078837,16.1686,14.9395,0.3187,12.9430,0.6232,656.6943,40.6154,,16.1686,10.5031,15.8597,21.0062,21.0062,21.0062,31.5093,10.5031,0.0,1.324503,1.986755,1.019479,29,109,15,1,0E-8,0.01970926,,0E-8,0.000000,0.923984,0.000000,,2026-05-12,2026-06-02,13,270,171,22,0.590909,,,0.000000,,,,,,,,GLOBAL_BASELINE_NO_ENTITY_RANKING,,,NOT_APPLICABLE_GLOBAL_BASELINE,HF9g-P5,,,,X 全窗基线 · 不参与实体赏罚,6873537,688,A168_HF9F_20260827_0900,2026-08-27 09:00:00
2026-05-18,149914139,2155,0,10.5030984140,-10.5030984140,-10.5030984140,0E-7,1,1,0.49324550000000000,0.493245500000,-0.9865810262130424,-0.9865810262130424,-0.9865810262130424,0E-17,ELIGIBLE,R03b_20260811_FULL_v1,L1_ELIGIBILITY,v2026-08-11,2026-03-21..2026-08-06,baccarat_bet02_101_all_pairs_incl_sentinel,round_win = game_pnl > 0 (decisive only),COMPATIBILITY_ONLY_NOT_PRODUCTION,8537.0261,7888.0755,168.2584,528,528,-0.01970926,,-0.01970926,-0.01970926,-168.2584,8537.0261,OK,0.0000,6.7303,4.0000,96.0000,AG03-UNRESOLVED,ALL5_LEVELS_bet23_to_bet27,6.7303,6.7303,6.7303,10.0955,10.0955,4.000000,4.000000,4.000000,6.000000,6.000000,96.000000,96.000000,96.000000,94.000000,94.000000,5.0,40.3820,36.7219,127.8764,131.5365,PENDING_AG03,FALSE,NOT_FOR_ENFORCEMENT,161.5281,7572.5524,168.2584,161.5281,6.7303,0.01970926,0.01892089,6.7303,161.5281,0.01892089,6.7303,6.7303,6.7303,10.0955,10.0955,161.5281,0.01892089,40.3820,36.7219,127.8764,131.5365,0.01497903,0.01540776,0.00078837,16.1686,14.9395,0.3187,12.9430,0.6232,656.6943,40.6154,,16.1686,10.5031,15.8597,21.0062,21.0062,21.0062,31.5093,10.5031,0.0,1.324503,1.986755,1.019479,29,109,15,1,0E-8,0.01970926,,0E-8,0.000000,0.923984,0.000000,,2026-05-12,2026-06-02,13,270,171,22,0.590909,,,0.000000,,,,,,,,GLOBAL_BASELINE_NO_ENTITY_RANKING,,,NOT_APPLICABLE_GLOBAL_BASELINE,HF9g-P5,,,,X 全窗基线 · 不参与实体赏罚,6873538,688,A168_HF9F_20260827_0900,2026-08-27 09:00:00
2026-05-18,149914139,2209,0,10.5030984140,-10.5030984140,-10.5030984140,0E-7,1,1,0.49324550000000000,0.493245500000,-0.9865810262130424,-0.9865810262130424,-0.9865810262130424,0E-17,ELIGIBLE,R03b_20260811_FULL_v1,L1_ELIGIBILITY,v2026-08-11,2026-03-21..2026-08-06,baccarat_bet02_101_all_pairs_incl_sentinel,round_win = game_pnl > 0 (decisive only),COMPATIBILITY_ONLY_NOT_PRODUCTION,8537.0261,7888.0755,168.2584,528,528,-0.01970926,,-0.01970926,-0.01970926,-168.2584,8537.0261,OK,0.0000,6.7303,4.0000,96.0000,AG03-UNRESOLVED,ALL5_LEVELS_bet23_to_bet27,6.7303,6.7303,6.7303,10.0955,10.0955,4.000000,4.000000,4.000000,6.000000,6.000000,96.000000,96.000000,96.000000,94.000000,94.000000,5.0,40.3820,36.7219,127.8764,131.5365,PENDING_AG03,FALSE,NOT_FOR_ENFORCEMENT,161.5281,7572.5524,168.2584,161.5281,6.7303,0.01970926,0.01892089,6.7303,161.5281,0.01892089,6.7303,6.7303,6.7303,10.0955,10.0955,161.5281,0.01892089,40.3820,36.7219,127.8764,131.5365,0.01497903,0.01540776,0.00078837,16.1686,14.9395,0.3187,12.9430,0.6232,656.6943,40.6154,,16.1686,10.5031,15.8597,21.0062,21.0062,21.0062,31.5093,10.5031,0.0,1.324503,1.986755,1.019479,29,109,15,1,0E-8,0.01970926,,0E-8,0.000000,0.923984,0.000000,,2026-05-12,2026-06-02,13,270,171,22,0.590909,,,0.000000,,,,,,,,GLOBAL_BASELINE_NO_ENTITY_RANKING,,,NOT_APPLICABLE_GLOBAL_BASELINE,HF9g-P5,,,,X 全窗基线 · 不参与实体赏罚,6873539,688,A168_HF9F_20260827_0900,2026-08-27 09:00:00
2026-05-18,149914139,2246,0,19.7458250183,-19.7458250183,-19.7458250183,0E-7,2,2,0.49324550000000000,0.493245500000,-1.3952362676504506,-1.3952362676504506,-1.3952362676504506,0E-17,ELIGIBLE,R03b_20260811_FULL_v1,L1_ELIGIBILITY,v2026-08-11,2026-03-21..2026-08-06,baccarat_bet02_101_all_pairs_incl_sentinel,round_win = game_pnl > 0 (decisive only),COMPATIBILITY_ONLY_NOT_PRODUCTION,8537.0261,7888.0755,168.2584,528,528,-0.01970926,,-0.01970926,-0.01970926,-168.2584,8537.0261,OK,0.0000,6.7303,4.0000,96.0000,AG03-UNRESOLVED,ALL5_LEVELS_bet23_to_bet27,6.7303,6.7303,6.7303,10.0955,10.0955,4.000000,4.000000,4.000000,6.000000,6.000000,96.000000,96.000000,96.000000,94.000000,94.000000,5.0,40.3820,36.7219,127.8764,131.5365,PENDING_AG03,FALSE,NOT_FOR_ENFORCEMENT,161.5281,7572.5524,168.2584,161.5281,6.7303,0.01970926,0.01892089,6.7303,161.5281,0.01892089,6.7303,6.7303,6.7303,10.0955,10.0955,161.5281,0.01892089,40.3820,36.7219,127.8764,131.5365,0.01497903,0.01540776,0.00078837,16.1686,14.9395,0.3187,12.9430,0.6232,656.6943,40.6154,,16.1686,10.5031,15.8597,21.0062,21.0062,21.0062,31.5093,10.5031,0.0,1.324503,1.986755,1.019479,29,109,15,1,0E-8,0.01970926,,0E-8,0.000000,0.923984,0.000000,,2026-05-12,2026-06-02,13,270,171,22,0.590909,,,0.000000,,,,,,,,GLOBAL_BASELINE_NO_ENTITY_RANKING,,,NOT_APPLICABLE_GLOBAL_BASELINE,HF9g-P5,,,,X 全窗基线 · 不参与实体赏罚,6873540,688,A168_HF9F_20260827_0900,2026-08-27 09:00:00
2026-05-18,149914139,2256,0,10.5030984140,-10.5030984140,-10.5030984140,0E-7,1,1,0.49324550000000000,0.493245500000,-0.9865810262130424,-0.9865810262130424,-0.9865810262130424,0E-17,ELIGIBLE,R03b_20260811_FULL_v1,L1_ELIGIBILITY,v2026-08-11,2026-03-21..2026-08-06,baccarat_bet02_101_all_pairs_incl_sentinel,round_win = game_pnl > 0 (decisive only),COMPATIBILITY_ONLY_NOT_PRODUCTION,8537.0261,7888.0755,168.2584,528,528,-0.01970926,,-0.01970926,-0.01970926,-168.2584,8537.0261,OK,0.0000,6.7303,4.0000,96.0000,AG03-UNRESOLVED,ALL5_LEVELS_bet23_to_bet27,6.7303,6.7303,6.7303,10.0955,10.0955,4.000000,4.000000,4.000000,6.000000,6.000000,96.000000,96.000000,96.000000,94.000000,94.000000,5.0,40.3820,36.7219,127.8764,131.5365,PENDING_AG03,FALSE,NOT_FOR_ENFORCEMENT,161.5281,7572.5524,168.2584,161.5281,6.7303,0.01970926,0.01892089,6.7303,161.5281,0.01892089,6.7303,6.7303,6.7303,10.0955,10.0955,161.5281,0.01892089,40.3820,36.7219,127.8764,131.5365,0.01497903,0.01540776,0.00078837,16.1686,14.9395,0.3187,12.9430,0.6232,656.6943,40.6154,,16.1686,10.5031,15.8597,21.0062,21.0062,21.0062,31.5093,10.5031,0.0,1.324503,1.986755,1.019479,29,109,15,1,0E-8,0.01970926,,0E-8,0.000000,0.923984,0.000000,,2026-05-12,2026-06-02,13,270,171,22,0.590909,,,0.000000,,,,,,,,GLOBAL_BASELINE_NO_ENTITY_RANKING,,,NOT_APPLICABLE_GLOBAL_BASELINE,HF9g-P5,,,,X 全窗基线 · 不参与实体赏罚,6873541,688,A168_HF9F_20260827_0900,2026-08-27 09:00:00
2026-05-18,149914139,970,0,33.3998529566,33.3998529566,33.3998529566,1.0000000,3,3,0.49324550000000000,0.493245500000,1.755609282511032,1.7556092825110319,1.755609282511032,0E-17,ELIGIBLE,R03b_20260811_FULL_v1,L1_ELIGIBILITY,v2026-08-11,2026-03-21..2026-08-06,baccarat_bet02_101_all_pairs_incl_sentinel,round_win = game_pnl > 0 (decisive only),COMPATIBILITY_ONLY_NOT_PRODUCTION,8537.0261,7888.0755,168.2584,528,528,-0.01970926,,-0.01970926,-0.01970926,-168.2584,8537.0261,OK,0.0000,6.7303,4.0000,96.0000,AG03-UNRESOLVED,ALL5_LEVELS_bet23_to_bet27,6.7303,6.7303,6.7303,10.0955,10.0955,4.000000,4.000000,4.000000,6.000000,6.000000,96.000000,96.000000,96.000000,94.000000,94.000000,5.0,40.3820,36.7219,127.8764,131.5365,PENDING_AG03,FALSE,NOT_FOR_ENFORCEMENT,161.5281,7572.5524,168.2584,161.5281,6.7303,0.01970926,0.01892089,6.7303,161.5281,0.01892089,6.7303,6.7303,6.7303,10.0955,10.0955,161.5281,0.01892089,40.3820,36.7219,127.8764,131.5365,0.01497903,0.01540776,0.00078837,16.1686,14.9395,0.3187,12.9430,0.6232,656.6943,40.6154,,16.1686,10.5031,15.8597,21.0062,21.0062,21.0062,31.5093,10.5031,0.0,1.324503,1.986755,1.019479,29,109,15,1,0E-8,0.01970926,,0E-8,0.000000,0.923984,0.000000,,2026-05-12,2026-06-02,13,270,171,22,0.590909,,,0.000000,,,,,,,,GLOBAL_BASELINE_NO_ENTITY_RANKING,,,NOT_APPLICABLE_GLOBAL_BASELINE,HF9g-P5,,,,X 全窗基线 · 不参与实体赏罚,6873542,688,A168_HF9F_20260827_0900,2026-08-27 09:00:00
2026-05-19,149914139,-1,1,178.5526730385,1E-10,1E-10,0.4545455,12,12,0.49324550000000000,0.493245500000,-0.256730487122501,-0.256730487122501,-0.256730487122501,0E-17,SENTINEL_DEALER,R03b_20260811_FULL_v1,L1_ELIGIBILITY,v2026-08-11,2026-03-21..2026-08-06,baccarat_bet02_101_all_pairs_incl_sentinel,round_win = game_pnl > 0 (decisive only),COMPATIBILITY_ONLY_NOT_PRODUCTION,8537.0261,7888.0755,168.2584,528,528,-0.01970926,,-0.01970926,-0.01970926,-168.2584,8537.0261,OK,0.0000,6.7303,4.0000,96.0000,AG03-UNRESOLVED,ALL5_LEVELS_bet23_to_bet27,6.7303,6.7303,6.7303,10.0955,10.0955,4.000000,4.000000,4.000000,6.000000,6.000000,96.000000,96.000000,96.000000,94.000000,94.000000,5.0,40.3820,36.7219,127.8764,131.5365,PENDING_AG03,FALSE,NOT_FOR_ENFORCEMENT,161.5281,7572.5524,168.2584,161.5281,6.7303,0.01970926,0.01892089,6.7303,161.5281,0.01892089,6.7303,6.7303,6.7303,10.0955,10.0955,161.5281,0.01892089,40.3820,36.7219,127.8764,131.5365,0.01497903,0.01540776,0.00078837,16.1686,14.9395,0.3187,12.9430,0.6232,656.6943,40.6154,,16.1686,10.5031,15.8597,21.0062,21.0062,21.0062,31.5093,10.5031,0.0,1.324503,1.986755,1.019479,29,109,15,1,0E-8,0.01970926,,0E-8,0.000000,0.923984,0.000000,,2026-05-12,2026-06-02,13,270,171,22,0.590909,,,0.000000,,,,,,,,GLOBAL_BASELINE_NO_ENTITY_RANKING,,,NOT_APPLICABLE_GLOBAL_BASELINE,HF9g-P5,,,,X 全窗基线 · 不参与实体赏罚,6873543,688,A168_HF9F_20260827_0900,2026-08-27 09:00:00
2026-05-19,149914139,1078,0,21.0061968281,21.0061968281,21.0061968281,1.0000000,1,1,0.49324550000000000,0.493245500000,1.01360149184955,1.01360149184955,1.01360149184955,0E-17,ELIGIBLE,R03b_20260811_FULL_v1,L1_ELIGIBILITY,v2026-08-11,2026-03-21..2026-08-06,baccarat_bet02_101_all_pairs_incl_sentinel,round_win = game_pnl > 0 (decisive only),COMPATIBILITY_ONLY_NOT_PRODUCTION,8537.0261,7888.0755,168.2584,528,528,-0.01970926,,-0.01970926,-0.01970926,-168.2584,8537.0261,OK,0.0000,6.7303,4.0000,96.0000,AG03-UNRESOLVED,ALL5_LEVELS_bet23_to_bet27,6.7303,6.7303,6.7303,10.0955,10.0955,4.000000,4.000000,4.000000,6.000000,6.000000,96.000000,96.000000,96.000000,94.000000,94.000000,5.0,40.3820,36.7219,127.8764,131.5365,PENDING_AG03,FALSE,NOT_FOR_ENFORCEMENT,161.5281,7572.5524,168.2584,161.5281,6.7303,0.01970926,0.01892089,6.7303,161.5281,0.01892089,6.7303,6.7303,6.7303,10.0955,10.0955,161.5281,0.01892089,40.3820,36.7219,127.8764,131.5365,0.01497903,0.01540776,0.00078837,16.1686,14.9395,0.3187,12.9430,0.6232,656.6943,40.6154,,16.1686,10.5031,15.8597,21.0062,21.0062,21.0062,31.5093,10.5031,0.0,1.324503,1.986755,1.019479,29,109,15,1,0E-8,0.01970926,,0E-8,0.000000,0.923984,0.000000,,2026-05-12,2026-06-02,13,270,171,22,0.590909,,,0.000000,,,,,,,,GLOBAL_BASELINE_NO_ENTITY_RANKING,,,NOT_APPLICABLE_GLOBAL_BASELINE,HF9g-P5,,,,X 全窗基线 · 不参与实体赏罚,6873544,688,A168_HF9F_20260827_0900,2026-08-27 09:00:00
2026-05-19,149914139,1306,0,42.0123936560,-21.0061968280,-21.0061968280,0E-7,4,4,0.49324550000000000,0.493245500000,-1.3952362676504506,-1.3952362676504506,-1.3952362676504506,0E-17,ELIGIBLE,R03b_20260811_FULL_v1,L1_ELIGIBILITY,v2026-08-11,2026-03-21..2026-08-06,baccarat_bet02_101_all_pairs_incl_sentinel,round_win = game_pnl > 0 (decisive only),COMPATIBILITY_ONLY_NOT_PRODUCTION,8537.0261,7888.0755,168.2584,528,528,-0.01970926,,-0.01970926,-0.01970926,-168.2584,8537.0261,OK,0.0000,6.7303,4.0000,96.0000,AG03-UNRESOLVED,ALL5_LEVELS_bet23_to_bet27,6.7303,6.7303,6.7303,10.0955,10.0955,4.000000,4.000000,4.000000,6.000000,6.000000,96.000000,96.000000,96.000000,94.000000,94.000000,5.0,40.3820,36.7219,127.8764,131.5365,PENDING_AG03,FALSE,NOT_FOR_ENFORCEMENT,161.5281,7572.5524,168.2584,161.5281,6.7303,0.01970926,0.01892089,6.7303,161.5281,0.01892089,6.7303,6.7303,6.7303,10.0955,10.0955,161.5281,0.01892089,40.3820,36.7219,127.8764,131.5365,0.01497903,0.01540776,0.00078837,16.1686,14.9395,0.3187,12.9430,0.6232,656.6943,40.6154,,16.1686,10.5031,15.8597,21.0062,21.0062,21.0062,31.5093,10.5031,0.0,1.324503,1.986755,1.019479,29,109,15,1,0E-8,0.01970926,,0E-8,0.000000,0.923984,0.000000,,2026-05-12,2026-06-02,13,270,171,22,0.590909,,,0.000000,,,,,,,,GLOBAL_BASELINE_NO_ENTITY_RANKING,,,NOT_APPLICABLE_GLOBAL_BASELINE,HF9g-P5,,,,X 全窗基线 · 不参与实体赏罚,6873545,688,A168_HF9F_20260827_0900,2026-08-27 09:00:00
2026-05-19,149914139,1353,0,10.5030984140,10.5030984140,10.5030984140,1.0000000,1,1,0.49324550000000000,0.493245500000,1.01360149184955,1.01360149184955,1.01360149184955,0E-17,ELIGIBLE,R03b_20260811_FULL_v1,L1_ELIGIBILITY,v2026-08-11,2026-03-21..2026-08-06,baccarat_bet02_101_all_pairs_incl_sentinel,round_win = game_pnl > 0 (decisive only),COMPATIBILITY_ONLY_NOT_PRODUCTION,8537.0261,7888.0755,168.2584,528,528,-0.01970926,,-0.01970926,-0.01970926,-168.2584,8537.0261,OK,0.0000,6.7303,4.0000,96.0000,AG03-UNRESOLVED,ALL5_LEVELS_bet23_to_bet27,6.7303,6.7303,6.7303,10.0955,10.0955,4.000000,4.000000,4.000000,6.000000,6.000000,96.000000,96.000000,96.000000,94.000000,94.000000,5.0,40.3820,36.7219,127.8764,131.5365,PENDING_AG03,FALSE,NOT_FOR_ENFORCEMENT,161.5281,7572.5524,168.2584,161.5281,6.7303,0.01970926,0.01892089,6.7303,161.5281,0.01892089,6.7303,6.7303,6.7303,10.0955,10.0955,161.5281,0.01892089,40.3820,36.7219,127.8764,131.5365,0.01497903,0.01540776,0.00078837,16.1686,14.9395,0.3187,12.9430,0.6232,656.6943,40.6154,,16.1686,10.5031,15.8597,21.0062,21.0062,21.0062,31.5093,10.5031,0.0,1.324503,1.986755,1.019479,29,109,15,1,0E-8,0.01970926,,0E-8,0.000000,0.923984,0.000000,,2026-05-12,2026-06-02,13,270,171,22,0.590909,,,0.000000,,,,,,,,GLOBAL_BASELINE_NO_ENTITY_RANKING,,,NOT_APPLICABLE_GLOBAL_BASELINE,HF9g-P5,,,,X 全窗基线 · 不参与实体赏罚,6873546,688,A168_HF9F_20260827_0900,2026-08-27 09:00:00
2026-05-19,149914139,1399,0,10.5030984140,-10.5030984140,-10.5030984140,0E-7,1,1,0.49324550000000000,0.493245500000,-0.9865810262130424,-0.9865810262130424,-0.9865810262130424,0E-17,ELIGIBLE,R03b_20260811_FULL_v1,L1_ELIGIBILITY,v2026-08-11,2026-03-21..2026-08-06,baccarat_bet02_101_all_pairs_incl_sentinel,round_win = game_pnl > 0 (decisive only),COMPATIBILITY_ONLY_NOT_PRODUCTION,8537.0261,7888.0755,168.2584,528,528,-0.01970926,,-0.01970926,-0.01970926,-168.2584,8537.0261,OK,0.0000,6.7303,4.0000,96.0000,AG03-UNRESOLVED,ALL5_LEVELS_bet23_to_bet27,6.7303,6.7303,6.7303,10.0955,10.0955,4.000000,4.000000,4.000000,6.000000,6.000000,96.000000,96.000000,96.000000,94.000000,94.000000,5.0,40.3820,36.7219,127.8764,131.5365,PENDING_AG03,FALSE,NOT_FOR_ENFORCEMENT,161.5281,7572.5524,168.2584,161.5281,6.7303,0.01970926,0.01892089,6.7303,161.5281,0.01892089,6.7303,6.7303,6.7303,10.0955,10.0955,161.5281,0.01892089,40.3820,36.7219,127.8764,131.5365,0.01497903,0.01540776,0.00078837,16.1686,14.9395,0.3187,12.9430,0.6232,656.6943,40.6154,,16.1686,10.5031,15.8597,21.0062,21.0062,21.0062,31.5093,10.5031,0.0,1.324503,1.986755,1.019479,29,109,15,1,0E-8,0.01970926,,0E-8,0.000000,0.923984,0.000000,,2026-05-12,2026-06-02,13,270,171,22,0.590909,,,0.000000,,,,,,,,GLOBAL_BASELINE_NO_ENTITY_RANKING,,,NOT_APPLICABLE_GLOBAL_BASELINE,HF9g-P5,,,,X 全窗基线 · 不参与实体赏罚,6873547,688,A168_HF9F_20260827_0900,2026-08-27 09:00:00
2026-05-19,149914139,1405,0,42.0123936561,-31.5092952421,-31.5092952421,0E-7,3,3,0.49324550000000000,0.493245500000,-1.3952362676504506,-1.3952362676504506,-1.3952362676504506,0E-17,ELIGIBLE,R03b_20260811_FULL_v1,L1_ELIGIBILITY,v2026-08-11,2026-03-21..2026-08-06,baccarat_bet02_101_all_pairs_incl_sentinel,round_win = game_pnl > 0 (decisive only),COMPATIBILITY_ONLY_NOT_PRODUCTION,8537.0261,7888.0755,168.2584,528,528,-0.01970926,,-0.01970926,-0.01970926,-168.2584,8537.0261,OK,0.0000,6.7303,4.0000,96.0000,AG03-UNRESOLVED,ALL5_LEVELS_bet23_to_bet27,6.7303,6.7303,6.7303,10.0955,10.0955,4.000000,4.000000,4.000000,6.000000,6.000000,96.000000,96.000000,96.000000,94.000000,94.000000,5.0,40.3820,36.7219,127.8764,131.5365,PENDING_AG03,FALSE,NOT_FOR_ENFORCEMENT,161.5281,7572.5524,168.2584,161.5281,6.7303,0.01970926,0.01892089,6.7303,161.5281,0.01892089,6.7303,6.7303,6.7303,10.0955,10.0955,161.5281,0.01892089,40.3820,36.7219,127.8764,131.5365,0.01497903,0.01540776,0.00078837,16.1686,14.9395,0.3187,12.9430,0.6232,656.6943,40.6154,,16.1686,10.5031,15.8597,21.0062,21.0062,21.0062,31.5093,10.5031,0.0,1.324503,1.986755,1.019479,29,109,15,1,0E-8,0.01970926,,0E-8,0.000000,0.923984,0.000000,,2026-05-12,2026-06-02,13,270,171,22,0.590909,,,0.000000,,,,,,,,GLOBAL_BASELINE_NO_ENTITY_RANKING,,,NOT_APPLICABLE_GLOBAL_BASELINE,HF9g-P5,,,,X 全窗基线 · 不参与实体赏罚,6873548,688,A168_HF9F_20260827_0900,2026-08-27 09:00:00
2026-05-19,149914139,1509,0,21.0061968280,0E-10,0E-10,0.5000000,2,2,0.49324550000000000,0.493245500000,0.01910635448239258,0.01910635448239258,0.01910635448239258,0E-17,ELIGIBLE,R03b_20260811_FULL_v1,L1_ELIGIBILITY,v2026-08-11,2026-03-21..2026-08-06,baccarat_bet02_101_all_pairs_incl_sentinel,round_win = game_pnl > 0 (decisive only),COMPATIBILITY_ONLY_NOT_PRODUCTION,8537.0261,7888.0755,168.2584,528,528,-0.01970926,,-0.01970926,-0.01970926,-168.2584,8537.0261,OK,0.0000,6.7303,4.0000,96.0000,AG03-UNRESOLVED,ALL5_LEVELS_bet23_to_bet27,6.7303,6.7303,6.7303,10.0955,10.0955,4.000000,4.000000,4.000000,6.000000,6.000000,96.000000,96.000000,96.000000,94.000000,94.000000,5.0,40.3820,36.7219,127.8764,131.5365,PENDING_AG03,FALSE,NOT_FOR_ENFORCEMENT,161.5281,7572.5524,168.2584,161.5281,6.7303,0.01970926,0.01892089,6.7303,161.5281,0.01892089,6.7303,6.7303,6.7303,10.0955,10.0955,161.5281,0.01892089,40.3820,36.7219,127.8764,131.5365,0.01497903,0.01540776,0.00078837,16.1686,14.9395,0.3187,12.9430,0.6232,656.6943,40.6154,,16.1686,10.5031,15.8597,21.0062,21.0062,21.0062,31.5093,10.5031,0.0,1.324503,1.986755,1.019479,29,109,15,1,0E-8,0.01970926,,0E-8,0.000000,0.923984,0.000000,,2026-05-12,2026-06-02,13,270,171,22,0.590909,,,0.000000,,,,,,,,GLOBAL_BASELINE_NO_ENTITY_RANKING,,,NOT_APPLICABLE_GLOBAL_BASELINE,HF9g-P5,,,,X 全窗基线 · 不参与实体赏罚,6873549,688,A168_HF9F_20260827_0900,2026-08-27 09:00:00
2026-05-19,149914139,1702,0,63.0185904843,0E-10,0E-10,0.5000000,3,3,0.49324550000000000,0.493245500000,0.01910635448239258,0.01910635448239258,0.01910635448239258,0E-17,ELIGIBLE,R03b_20260811_FULL_v1,L1_ELIGIBILITY,v2026-08-11,2026-03-21..2026-08-06,baccarat_bet02_101_all_pairs_incl_sentinel,round_win = game_pnl > 0 (decisive only),COMPATIBILITY_ONLY_NOT_PRODUCTION,8537.0261,7888.0755,168.2584,528,528,-0.01970926,,-0.01970926,-0.01970926,-168.2584,8537.0261,OK,0.0000,6.7303,4.0000,96.0000,AG03-UNRESOLVED,ALL5_LEVELS_bet23_to_bet27,6.7303,6.7303,6.7303,10.0955,10.0955,4.000000,4.000000,4.000000,6.000000,6.000000,96.000000,96.000000,96.000000,94.000000,94.000000,5.0,40.3820,36.7219,127.8764,131.5365,PENDING_AG03,FALSE,NOT_FOR_ENFORCEMENT,161.5281,7572.5524,168.2584,161.5281,6.7303,0.01970926,0.01892089,6.7303,161.5281,0.01892089,6.7303,6.7303,6.7303,10.0955,10.0955,161.5281,0.01892089,40.3820,36.7219,127.8764,131.5365,0.01497903,0.01540776,0.00078837,16.1686,14.9395,0.3187,12.9430,0.6232,656.6943,40.6154,,16.1686,10.5031,15.8597,21.0062,21.0062,21.0062,31.5093,10.5031,0.0,1.324503,1.986755,1.019479,29,109,15,1,0E-8,0.01970926,,0E-8,0.000000,0.923984,0.000000,,2026-05-12,2026-06-02,13,270,171,22,0.590909,,,0.000000,,,,,,,,GLOBAL_BASELINE_NO_ENTITY_RANKING,,,NOT_APPLICABLE_GLOBAL_BASELINE,HF9g-P5,,,,X 全窗基线 · 不参与实体赏罚,6873550,688,A168_HF9F_20260827_0900,2026-08-27 09:00:00
2026-05-19,149914139,1957,0,21.0061968281,21.0061968281,21.0061968281,1.0000000,1,1,0.49324550000000000,0.493245500000,1.01360149184955,1.01360149184955,1.01360149184955,0E-17,ELIGIBLE,R03b_20260811_FULL_v1,L1_ELIGIBILITY,v2026-08-11,2026-03-21..2026-08-06,baccarat_bet02_101_all_pairs_incl_sentinel,round_win = game_pnl > 0 (decisive only),COMPATIBILITY_ONLY_NOT_PRODUCTION,8537.0261,7888.0755,168.2584,528,528,-0.01970926,,-0.01970926,-0.01970926,-168.2584,8537.0261,OK,0.0000,6.7303,4.0000,96.0000,AG03-UNRESOLVED,ALL5_LEVELS_bet23_to_bet27,6.7303,6.7303,6.7303,10.0955,10.0955,4.000000,4.000000,4.000000,6.000000,6.000000,96.000000,96.000000,96.000000,94.000000,94.000000,5.0,40.3820,36.7219,127.8764,131.5365,PENDING_AG03,FALSE,NOT_FOR_ENFORCEMENT,161.5281,7572.5524,168.2584,161.5281,6.7303,0.01970926,0.01892089,6.7303,161.5281,0.01892089,6.7303,6.7303,6.7303,10.0955,10.0955,161.5281,0.01892089,40.3820,36.7219,127.8764,131.5365,0.01497903,0.01540776,0.00078837,16.1686,14.9395,0.3187,12.9430,0.6232,656.6943,40.6154,,16.1686,10.5031,15.8597,21.0062,21.0062,21.0062,31.5093,10.5031,0.0,1.324503,1.986755,1.019479,29,109,15,1,0E-8,0.01970926,,0E-8,0.000000,0.923984,0.000000,,2026-05-12,2026-06-02,13,270,171,22,0.590909,,,0.000000,,,,,,,,GLOBAL_BASELINE_NO_ENTITY_RANKING,,,NOT_APPLICABLE_GLOBAL_BASELINE,HF9g-P5,,,,X 全窗基线 · 不参与实体赏罚,6873551,688,A168_HF9F_20260827_0900,2026-08-27 09:00:00
2026-05-19,149914139,1985,0,21.0061968280,0E-10,0E-10,0.5000000,2,2,0.49324550000000000,0.493245500000,0.01910635448239258,0.01910635448239258,0.01910635448239258,0E-17,ELIGIBLE,R03b_20260811_FULL_v1,L1_ELIGIBILITY,v2026-08-11,2026-03-21..2026-08-06,baccarat_bet02_101_all_pairs_incl_sentinel,round_win = game_pnl > 0 (decisive only),COMPATIBILITY_ONLY_NOT_PRODUCTION,8537.0261,7888.0755,168.2584,528,528,-0.01970926,,-0.01970926,-0.01970926,-168.2584,8537.0261,OK,0.0000,6.7303,4.0000,96.0000,AG03-UNRESOLVED,ALL5_LEVELS_bet23_to_bet27,6.7303,6.7303,6.7303,10.0955,10.0955,4.000000,4.000000,4.000000,6.000000,6.000000,96.000000,96.000000,96.000000,94.000000,94.000000,5.0,40.3820,36.7219,127.8764,131.5365,PENDING_AG03,FALSE,NOT_FOR_ENFORCEMENT,161.5281,7572.5524,168.2584,161.5281,6.7303,0.01970926,0.01892089,6.7303,161.5281,0.01892089,6.7303,6.7303,6.7303,10.0955,10.0955,161.5281,0.01892089,40.3820,36.7219,127.8764,131.5365,0.01497903,0.01540776,0.00078837,16.1686,14.9395,0.3187,12.9430,0.6232,656.6943,40.6154,,16.1686,10.5031,15.8597,21.0062,21.0062,21.0062,31.5093,10.5031,0.0,1.324503,1.986755,1.019479,29,109,15,1,0E-8,0.01970926,,0E-8,0.000000,0.923984,0.000000,,2026-05-12,2026-06-02,13,270,171,22,0.590909,,,0.000000,,,,,,,,GLOBAL_BASELINE_NO_ENTITY_RANKING,,,NOT_APPLICABLE_GLOBAL_BASELINE,HF9g-P5,,,,X 全窗基线 · 不参与实体赏罚,6873552,688,A168_HF9F_20260827_0900,2026-08-27 09:00:00
2026-05-19,149914139,2103,0,21.0061968281,-21.0061968281,-21.0061968281,0E-7,1,1,0.49324550000000000,0.493245500000,-0.9865810262130424,-0.9865810262130424,-0.9865810262130424,0E-17,ELIGIBLE,R03b_20260811_FULL_v1,L1_ELIGIBILITY,v2026-08-11,2026-03-21..2026-08-06,baccarat_bet02_101_all_pairs_incl_sentinel,round_win = game_pnl > 0 (decisive only),COMPATIBILITY_ONLY_NOT_PRODUCTION,8537.0261,7888.0755,168.2584,528,528,-0.01970926,,-0.01970926,-0.01970926,-168.2584,8537.0261,OK,0.0000,6.7303,4.0000,96.0000,AG03-UNRESOLVED,ALL5_LEVELS_bet23_to_bet27,6.7303,6.7303,6.7303,10.0955,10.0955,4.000000,4.000000,4.000000,6.000000,6.000000,96.000000,96.000000,96.000000,94.000000,94.000000,5.0,40.3820,36.7219,127.8764,131.5365,PENDING_AG03,FALSE,NOT_FOR_ENFORCEMENT,161.5281,7572.5524,168.2584,161.5281,6.7303,0.01970926,0.01892089,6.7303,161.5281,0.01892089,6.7303,6.7303,6.7303,10.0955,10.0955,161.5281,0.01892089,40.3820,36.7219,127.8764,131.5365,0.01497903,0.01540776,0.00078837,16.1686,14.9395,0.3187,12.9430,0.6232,656.6943,40.6154,,16.1686,10.5031,15.8597,21.0062,21.0062,21.0062,31.5093,10.5031,0.0,1.324503,1.986755,1.019479,29,109,15,1,0E-8,0.01970926,,0E-8,0.000000,0.923984,0.000000,,2026-05-12,2026-06-02,13,270,171,22,0.590909,,,0.000000,,,,,,,,GLOBAL_BASELINE_NO_ENTITY_RANKING,,,NOT_APPLICABLE_GLOBAL_BASELINE,HF9g-P5,,,,X 全窗基线 · 不参与实体赏罚,6873553,688,A168_HF9F_20260827_0900,2026-08-27 09:00:00
2026-05-19,149914139,2115,0,31.5092952421,31.5092952421,31.5092952421,1.0000000,1,1,0.49324550000000000,0.493245500000,1.01360149184955,1.01360149184955,1.01360149184955,0E-17,ELIGIBLE,R03b_20260811_FULL_v1,L1_ELIGIBILITY,v2026-08-11,2026-03-21..2026-08-06,baccarat_bet02_101_all_pairs_incl_sentinel,round_win = game_pnl > 0 (decisive only),COMPATIBILITY_ONLY_NOT_PRODUCTION,8537.0261,7888.0755,168.2584,528,528,-0.01970926,,-0.01970926,-0.01970926,-168.2584,8537.0261,OK,0.0000,6.7303,4.0000,96.0000,AG03-UNRESOLVED,ALL5_LEVELS_bet23_to_bet27,6.7303,6.7303,6.7303,10.0955,10.0955,4.000000,4.000000,4.000000,6.000000,6.000000,96.000000,96.000000,96.000000,94.000000,94.000000,5.0,40.3820,36.7219,127.8764,131.5365,PENDING_AG03,FALSE,NOT_FOR_ENFORCEMENT,161.5281,7572.5524,168.2584,161.5281,6.7303,0.01970926,0.01892089,6.7303,161.5281,0.01892089,6.7303,6.7303,6.7303,10.0955,10.0955,161.5281,0.01892089,40.3820,36.7219,127.8764,131.5365,0.01497903,0.01540776,0.00078837,16.1686,14.9395,0.3187,12.9430,0.6232,656.6943,40.6154,,16.1686,10.5031,15.8597,21.0062,21.0062,21.0062,31.5093,10.5031,0.0,1.324503,1.986755,1.019479,29,109,15,1,0E-8,0.01970926,,0E-8,0.000000,0.923984,0.000000,,2026-05-12,2026-06-02,13,270,171,22,0.590909,,,0.000000,,,,,,,,GLOBAL_BASELINE_NO_ENTITY_RANKING,,,NOT_APPLICABLE_GLOBAL_BASELINE,HF9g-P5,,,,X 全窗基线 · 不参与实体赏罚,6873554,688,A168_HF9F_20260827_0900,2026-08-27 09:00:00
2026-05-19,149914139,2123,0,73.5216888983,31.5092952421,31.5092952421,0.7500000,4,4,0.49324550000000000,0.493245500000,1.0271117246678039,1.0271117246678039,1.0271117246678039,0E-17,ELIGIBLE,R03b_20260811_FULL_v1,L1_ELIGIBILITY,v2026-08-11,2026-03-21..2026-08-06,baccarat_bet02_101_all_pairs_incl_sentinel,round_win = game_pnl > 0 (decisive only),COMPATIBILITY_ONLY_NOT_PRODUCTION,8537.0261,7888.0755,168.2584,528,528,-0.01970926,,-0.01970926,-0.01970926,-168.2584,8537.0261,OK,0.0000,6.7303,4.0000,96.0000,AG03-UNRESOLVED,ALL5_LEVELS_bet23_to_bet27,6.7303,6.7303,6.7303,10.0955,10.0955,4.000000,4.000000,4.000000,6.000000,6.000000,96.000000,96.000000,96.000000,94.000000,94.000000,5.0,40.3820,36.7219,127.8764,131.5365,PENDING_AG03,FALSE,NOT_FOR_ENFORCEMENT,161.5281,7572.5524,168.2584,161.5281,6.7303,0.01970926,0.01892089,6.7303,161.5281,0.01892089,6.7303,6.7303,6.7303,10.0955,10.0955,161.5281,0.01892089,40.3820,36.7219,127.8764,131.5365,0.01497903,0.01540776,0.00078837,16.1686,14.9395,0.3187,12.9430,0.6232,656.6943,40.6154,,16.1686,10.5031,15.8597,21.0062,21.0062,21.0062,31.5093,10.5031,0.0,1.324503,1.986755,1.019479,29,109,15,1,0E-8,0.01970926,,0E-8,0.000000,0.923984,0.000000,,2026-05-12,2026-06-02,13,270,171,22,0.590909,,,0.000000,,,,,,,,GLOBAL_BASELINE_NO_ENTITY_RANKING,,,NOT_APPLICABLE_GLOBAL_BASELINE,HF9g-P5,,,,X 全窗基线 · 不参与实体赏罚,6873555,688,A168_HF9F_20260827_0900,2026-08-27 09:00:00
2026-05-19,149914139,2127,0,10.5030984140,10.5030984140,10.5030984140,1.0000000,1,1,0.49324550000000000,0.493245500000,1.01360149184955,1.01360149184955,1.01360149184955,0E-17,ELIGIBLE,R03b_20260811_FULL_v1,L1_ELIGIBILITY,v2026-08-11,2026-03-21..2026-08-06,baccarat_bet02_101_all_pairs_incl_sentinel,round_win = game_pnl > 0 (decisive only),COMPATIBILITY_ONLY_NOT_PRODUCTION,8537.0261,7888.0755,168.2584,528,528,-0.01970926,,-0.01970926,-0.01970926,-168.2584,8537.0261,OK,0.0000,6.7303,4.0000,96.0000,AG03-UNRESOLVED,ALL5_LEVELS_bet23_to_bet27,6.7303,6.7303,6.7303,10.0955,10.0955,4.000000,4.000000,4.000000,6.000000,6.000000,96.000000,96.000000,96.000000,94.000000,94.000000,5.0,40.3820,36.7219,127.8764,131.5365,PENDING_AG03,FALSE,NOT_FOR_ENFORCEMENT,161.5281,7572.5524,168.2584,161.5281,6.7303,0.01970926,0.01892089,6.7303,161.5281,0.01892089,6.7303,6.7303,6.7303,10.0955,10.0955,161.5281,0.01892089,40.3820,36.7219,127.8764,131.5365,0.01497903,0.01540776,0.00078837,16.1686,14.9395,0.3187,12.9430,0.6232,656.6943,40.6154,,16.1686,10.5031,15.8597,21.0062,21.0062,21.0062,31.5093,10.5031,0.0,1.324503,1.986755,1.019479,29,109,15,1,0E-8,0.01970926,,0E-8,0.000000,0.923984,0.000000,,2026-05-12,2026-06-02,13,270,171,22,0.590909,,,0.000000,,,,,,,,GLOBAL_BASELINE_NO_ENTITY_RANKING,,,NOT_APPLICABLE_GLOBAL_BASELINE,HF9g-P5,,,,X 全窗基线 · 不参与实体赏罚,6873556,688,A168_HF9F_20260827_0900,2026-08-27 09:00:00
2026-05-19,149914139,2205,0,52.5154920702,-10.5030984141,-10.5030984141,0.5000000,3,3,0.49324550000000000,0.493245500000,0.01910635448239258,0.01910635448239258,0.01910635448239258,0E-17,ELIGIBLE,R03b_20260811_FULL_v1,L1_ELIGIBILITY,v2026-08-11,2026-03-21..2026-08-06,baccarat_bet02_101_all_pairs_incl_sentinel,round_win = game_pnl > 0 (decisive only),COMPATIBILITY_ONLY_NOT_PRODUCTION,8537.0261,7888.0755,168.2584,528,528,-0.01970926,,-0.01970926,-0.01970926,-168.2584,8537.0261,OK,0.0000,6.7303,4.0000,96.0000,AG03-UNRESOLVED,ALL5_LEVELS_bet23_to_bet27,6.7303,6.7303,6.7303,10.0955,10.0955,4.000000,4.000000,4.000000,6.000000,6.000000,96.000000,96.000000,96.000000,94.000000,94.000000,5.0,40.3820,36.7219,127.8764,131.5365,PENDING_AG03,FALSE,NOT_FOR_ENFORCEMENT,161.5281,7572.5524,168.2584,161.5281,6.7303,0.01970926,0.01892089,6.7303,161.5281,0.01892089,6.7303,6.7303,6.7303,10.0955,10.0955,161.5281,0.01892089,40.3820,36.7219,127.8764,131.5365,0.01497903,0.01540776,0.00078837,16.1686,14.9395,0.3187,12.9430,0.6232,656.6943,40.6154,,16.1686,10.5031,15.8597,21.0062,21.0062,21.0062,31.5093,10.5031,0.0,1.324503,1.986755,1.019479,29,109,15,1,0E-8,0.01970926,,0E-8,0.000000,0.923984,0.000000,,2026-05-12,2026-06-02,13,270,171,22,0.590909,,,0.000000,,,,,,,,GLOBAL_BASELINE_NO_ENTITY_RANKING,,,NOT_APPLICABLE_GLOBAL_BASELINE,HF9g-P5,,,,X 全窗基线 · 不参与实体赏罚,6873557,688,A168_HF9F_20260827_0900,2026-08-27 09:00:00
2026-05-19,149914139,2256,0,10.5030984140,10.5030984140,10.5030984140,1.0000000,1,1,0.49324550000000000,0.493245500000,1.01360149184955,1.01360149184955,1.01360149184955,0E-17,ELIGIBLE,R03b_20260811_FULL_v1,L1_ELIGIBILITY,v2026-08-11,2026-03-21..2026-08-06,baccarat_bet02_101_all_pairs_incl_sentinel,round_win = game_pnl > 0 (decisive only),COMPATIBILITY_ONLY_NOT_PRODUCTION,8537.0261,7888.0755,168.2584,528,528,-0.01970926,,-0.01970926,-0.01970926,-168.2584,8537.0261,OK,0.0000,6.7303,4.0000,96.0000,AG03-UNRESOLVED,ALL5_LEVELS_bet23_to_bet27,6.7303,6.7303,6.7303,10.0955,10.0955,4.000000,4.000000,4.000000,6.000000,6.000000,96.000000,96.000000,96.000000,94.000000,94.000000,5.0,40.3820,36.7219,127.8764,131.5365,PENDING_AG03,FALSE,NOT_FOR_ENFORCEMENT,161.5281,7572.5524,168.2584,161.5281,6.7303,0.01970926,0.01892089,6.7303,161.5281,0.01892089,6.7303,6.7303,6.7303,10.0955,10.0955,161.5281,0.01892089,40.3820,36.7219,127.8764,131.5365,0.01497903,0.01540776,0.00078837,16.1686,14.9395,0.3187,12.9430,0.6232,656.6943,40.6154,,16.1686,10.5031,15.8597,21.0062,21.0062,21.0062,31.5093,10.5031,0.0,1.324503,1.986755,1.019479,29,109,15,1,0E-8,0.01970926,,0E-8,0.000000,0.923984,0.000000,,2026-05-12,2026-06-02,13,270,171,22,0.590909,,,0.000000,,,,,,,,GLOBAL_BASELINE_NO_ENTITY_RANKING,,,NOT_APPLICABLE_GLOBAL_BASELINE,HF9g-P5,,,,X 全窗基线 · 不参与实体赏罚,6873558,688,A168_HF9F_20260827_0900,2026-08-27 09:00:00
2026-05-19,149914139,752,0,21.0061968281,-21.0061968281,-21.0061968281,0E-7,1,1,0.49324550000000000,0.493245500000,-0.9865810262130424,-0.9865810262130424,-0.9865810262130424,0E-17,ELIGIBLE,R03b_20260811_FULL_v1,L1_ELIGIBILITY,v2026-08-11,2026-03-21..2026-08-06,baccarat_bet02_101_all_pairs_incl_sentinel,round_win = game_pnl > 0 (decisive only),COMPATIBILITY_ONLY_NOT_PRODUCTION,8537.0261,7888.0755,168.2584,528,528,-0.01970926,,-0.01970926,-0.01970926,-168.2584,8537.0261,OK,0.0000,6.7303,4.0000,96.0000,AG03-UNRESOLVED,ALL5_LEVELS_bet23_to_bet27,6.7303,6.7303,6.7303,10.0955,10.0955,4.000000,4.000000,4.000000,6.000000,6.000000,96.000000,96.000000,96.000000,94.000000,94.000000,5.0,40.3820,36.7219,127.8764,131.5365,PENDING_AG03,FALSE,NOT_FOR_ENFORCEMENT,161.5281,7572.5524,168.2584,161.5281,6.7303,0.01970926,0.01892089,6.7303,161.5281,0.01892089,6.7303,6.7303,6.7303,10.0955,10.0955,161.5281,0.01892089,40.3820,36.7219,127.8764,131.5365,0.01497903,0.01540776,0.00078837,16.1686,14.9395,0.3187,12.9430,0.6232,656.6943,40.6154,,16.1686,10.5031,15.8597,21.0062,21.0062,21.0062,31.5093,10.5031,0.0,1.324503,1.986755,1.019479,29,109,15,1,0E-8,0.01970926,,0E-8,0.000000,0.923984,0.000000,,2026-05-12,2026-06-02,13,270,171,22,0.590909,,,0.000000,,,,,,,,GLOBAL_BASELINE_NO_ENTITY_RANKING,,,NOT_APPLICABLE_GLOBAL_BASELINE,HF9g-P5,,,,X 全窗基线 · 不参与实体赏罚,6873559,688,A168_HF9F_20260827_0900,2026-08-27 09:00:00
2026-05-19,149914139,919,0,31.5092952421,-10.5030984141,-10.5030984141,0.5000000,2,2,0.49324550000000000,0.493245500000,0.01910635448239258,0.01910635448239258,0.01910635448239258,0E-17,ELIGIBLE,R03b_20260811_FULL_v1,L1_ELIGIBILITY,v2026-08-11,2026-03-21..2026-08-06,baccarat_bet02_101_all_pairs_incl_sentinel,round_win = game_pnl > 0 (decisive only),COMPATIBILITY_ONLY_NOT_PRODUCTION,8537.0261,7888.0755,168.2584,528,528,-0.01970926,,-0.01970926,-0.01970926,-168.2584,8537.0261,OK,0.0000,6.7303,4.0000,96.0000,AG03-UNRESOLVED,ALL5_LEVELS_bet23_to_bet27,6.7303,6.7303,6.7303,10.0955,10.0955,4.000000,4.000000,4.000000,6.000000,6.000000,96.000000,96.000000,96.000000,94.000000,94.000000,5.0,40.3820,36.7219,127.8764,131.5365,PENDING_AG03,FALSE,NOT_FOR_ENFORCEMENT,161.5281,7572.5524,168.2584,161.5281,6.7303,0.01970926,0.01892089,6.7303,161.5281,0.01892089,6.7303,6.7303,6.7303,10.0955,10.0955,161.5281,0.01892089,40.3820,36.7219,127.8764,131.5365,0.01497903,0.01540776,0.00078837,16.1686,14.9395,0.3187,12.9430,0.6232,656.6943,40.6154,,16.1686,10.5031,15.8597,21.0062,21.0062,21.0062,31.5093,10.5031,0.0,1.324503,1.986755,1.019479,29,109,15,1,0E-8,0.01970926,,0E-8,0.000000,0.923984,0.000000,,2026-05-12,2026-06-02,13,270,171,22,0.590909,,,0.000000,,,,,,,,GLOBAL_BASELINE_NO_ENTITY_RANKING,,,NOT_APPLICABLE_GLOBAL_BASELINE,HF9g-P5,,,,X 全窗基线 · 不参与实体赏罚,6873560,688,A168_HF9F_20260827_0900,2026-08-27 09:00:00
2026-05-19,149914139,948,0,31.5092952421,31.5092952421,31.5092952421,1.0000000,1,1,0.49324550000000000,0.493245500000,1.01360149184955,1.01360149184955,1.01360149184955,0E-17,ELIGIBLE,R03b_20260811_FULL_v1,L1_ELIGIBILITY,v2026-08-11,2026-03-21..2026-08-06,baccarat_bet02_101_all_pairs_incl_sentinel,round_win = game_pnl > 0 (decisive only),COMPATIBILITY_ONLY_NOT_PRODUCTION,8537.0261,7888.0755,168.2584,528,528,-0.01970926,,-0.01970926,-0.01970926,-168.2584,8537.0261,OK,0.0000,6.7303,4.0000,96.0000,AG03-UNRESOLVED,ALL5_LEVELS_bet23_to_bet27,6.7303,6.7303,6.7303,10.0955,10.0955,4.000000,4.000000,4.000000,6.000000,6.000000,96.000000,96.000000,96.000000,94.000000,94.000000,5.0,40.3820,36.7219,127.8764,131.5365,PENDING_AG03,FALSE,NOT_FOR_ENFORCEMENT,161.5281,7572.5524,168.2584,161.5281,6.7303,0.01970926,0.01892089,6.7303,161.5281,0.01892089,6.7303,6.7303,6.7303,10.0955,10.0955,161.5281,0.01892089,40.3820,36.7219,127.8764,131.5365,0.01497903,0.01540776,0.00078837,16.1686,14.9395,0.3187,12.9430,0.6232,656.6943,40.6154,,16.1686,10.5031,15.8597,21.0062,21.0062,21.0062,31.5093,10.5031,0.0,1.324503,1.986755,1.019479,29,109,15,1,0E-8,0.01970926,,0E-8,0.000000,0.923984,0.000000,,2026-05-12,2026-06-02,13,270,171,22,0.590909,,,0.000000,,,,,,,,GLOBAL_BASELINE_NO_ENTITY_RANKING,,,NOT_APPLICABLE_GLOBAL_BASELINE,HF9g-P5,,,,X 全窗基线 · 不参与实体赏罚,6873561,688,A168_HF9F_20260827_0900,2026-08-27 09:00:00
2026-05-19,149914139,970,0,52.5154920702,42.0123936562,42.0123936562,1.0000000,3,3,0.49324550000000000,0.493245500000,1.4334489766152358,1.4334489766152358,1.4334489766152358,0E-17,ELIGIBLE,R03b_20260811_FULL_v1,L1_ELIGIBILITY,v2026-08-11,2026-03-21..2026-08-06,baccarat_bet02_101_all_pairs_incl_sentinel,round_win = game_pnl > 0 (decisive only),COMPATIBILITY_ONLY_NOT_PRODUCTION,8537.0261,7888.0755,168.2584,528,528,-0.01970926,,-0.01970926,-0.01970926,-168.2584,8537.0261,OK,0.0000,6.7303,4.0000,96.0000,AG03-UNRESOLVED,ALL5_LEVELS_bet23_to_bet27,6.7303,6.7303,6.7303,10.0955,10.0955,4.000000,4.000000,4.000000,6.000000,6.000000,96.000000,96.000000,96.000000,94.000000,94.000000,5.0,40.3820,36.7219,127.8764,131.5365,PENDING_AG03,FALSE,NOT_FOR_ENFORCEMENT,161.5281,7572.5524,168.2584,161.5281,6.7303,0.01970926,0.01892089,6.7303,161.5281,0.01892089,6.7303,6.7303,6.7303,10.0955,10.0955,161.5281,0.01892089,40.3820,36.7219,127.8764,131.5365,0.01497903,0.01540776,0.00078837,16.1686,14.9395,0.3187,12.9430,0.6232,656.6943,40.6154,,16.1686,10.5031,15.8597,21.0062,21.0062,21.0062,31.5093,10.5031,0.0,1.324503,1.986755,1.019479,29,109,15,1,0E-8,0.01970926,,0E-8,0.000000,0.923984,0.000000,,2026-05-12,2026-06-02,13,270,171,22,0.590909,,,0.000000,,,,,,,,GLOBAL_BASELINE_NO_ENTITY_RANKING,,,NOT_APPLICABLE_GLOBAL_BASELINE,HF9g-P5,,,,X 全窗基线 · 不参与实体赏罚,6873562,688,A168_HF9F_20260827_0900,2026-08-27 09:00:00
2026-05-20,149914139,-1,1,213.4229597733,91.1668942339,91.1668942339,0.6666667,13,13,0.49324550000000000,0.493245500000,1.2016067345584214,1.2016067345584212,1.2016067345584214,0E-17,SENTINEL_DEALER,R03b_20260811_FULL_v1,L1_ELIGIBILITY,v2026-08-11,2026-03-21..2026-08-06,baccarat_bet02_101_all_pairs_incl_sentinel,round_win = game_pnl > 0 (decisive only),COMPATIBILITY_ONLY_NOT_PRODUCTION,8537.0261,7888.0755,168.2584,528,528,-0.01970926,,-0.01970926,-0.01970926,-168.2584,8537.0261,OK,0.0000,6.7303,4.0000,96.0000,AG03-UNRESOLVED,ALL5_LEVELS_bet23_to_bet27,6.7303,6.7303,6.7303,10.0955,10.0955,4.000000,4.000000,4.000000,6.000000,6.000000,96.000000,96.000000,96.000000,94.000000,94.000000,5.0,40.3820,36.7219,127.8764,131.5365,PENDING_AG03,FALSE,NOT_FOR_ENFORCEMENT,161.5281,7572.5524,168.2584,161.5281,6.7303,0.01970926,0.01892089,6.7303,161.5281,0.01892089,6.7303,6.7303,6.7303,10.0955,10.0955,161.5281,0.01892089,40.3820,36.7219,127.8764,131.5365,0.01497903,0.01540776,0.00078837,16.1686,14.9395,0.3187,12.9430,0.6232,656.6943,40.6154,,16.1686,10.5031,15.8597,21.0062,21.0062,21.0062,31.5093,10.5031,0.0,1.324503,1.986755,1.019479,29,109,15,1,0E-8,0.01970926,,0E-8,0.000000,0.923984,0.000000,,2026-05-12,2026-06-02,13,270,171,22,0.590909,,,0.000000,,,,,,,,GLOBAL_BASELINE_NO_ENTITY_RANKING,,,NOT_APPLICABLE_GLOBAL_BASELINE,HF9g-P5,,,,X 全窗基线 · 不参与实体赏罚,6873563,688,A168_HF9F_20260827_0900,2026-08-27 09:00:00
2026-05-20,149914139,1078,0,115.5340825543,42.0123936561,42.0123936561,0.7142857,8,8,0.49324550000000000,0.493245500000,1.169741613234378,1.1697416132343783,1.169741613234378,0E-17,ELIGIBLE,R03b_20260811_FULL_v1,L1_ELIGIBILITY,v2026-08-11,2026-03-21..2026-08-06,baccarat_bet02_101_all_pairs_incl_sentinel,round_win = game_pnl > 0 (decisive only),COMPATIBILITY_ONLY_NOT_PRODUCTION,8537.0261,7888.0755,168.2584,528,528,-0.01970926,,-0.01970926,-0.01970926,-168.2584,8537.0261,OK,0.0000,6.7303,4.0000,96.0000,AG03-UNRESOLVED,ALL5_LEVELS_bet23_to_bet27,6.7303,6.7303,6.7303,10.0955,10.0955,4.000000,4.000000,4.000000,6.000000,6.000000,96.000000,96.000000,96.000000,94.000000,94.000000,5.0,40.3820,36.7219,127.8764,131.5365,PENDING_AG03,FALSE,NOT_FOR_ENFORCEMENT,161.5281,7572.5524,168.2584,161.5281,6.7303,0.01970926,0.01892089,6.7303,161.5281,0.01892089,6.7303,6.7303,6.7303,10.0955,10.0955,161.5281,0.01892089,40.3820,36.7219,127.8764,131.5365,0.01497903,0.01540776,0.00078837,16.1686,14.9395,0.3187,12.9430,0.6232,656.6943,40.6154,,16.1686,10.5031,15.8597,21.0062,21.0062,21.0062,31.5093,10.5031,0.0,1.324503,1.986755,1.019479,29,109,15,1,0E-8,0.01970926,,0E-8,0.000000,0.923984,0.000000,,2026-05-12,2026-06-02,13,270,171,22,0.590909,,,0.000000,,,,,,,,GLOBAL_BASELINE_NO_ENTITY_RANKING,,,NOT_APPLICABLE_GLOBAL_BASELINE,HF9g-P5,,,,X 全窗基线 · 不参与实体赏罚,6873564,688,A168_HF9F_20260827_0900,2026-08-27 09:00:00
2026-05-20,149914139,1094,0,10.5030984140,-10.5030984140,-10.5030984140,0E-7,1,1,0.49324550000000000,0.493245500000,-0.9865810262130424,-0.9865810262130424,-0.9865810262130424,0E-17,ELIGIBLE,R03b_20260811_FULL_v1,L1_ELIGIBILITY,v2026-08-11,2026-03-21..2026-08-06,baccarat_bet02_101_all_pairs_incl_sentinel,round_win = game_pnl > 0 (decisive only),COMPATIBILITY_ONLY_NOT_PRODUCTION,8537.0261,7888.0755,168.2584,528,528,-0.01970926,,-0.01970926,-0.01970926,-168.2584,8537.0261,OK,0.0000,6.7303,4.0000,96.0000,AG03-UNRESOLVED,ALL5_LEVELS_bet23_to_bet27,6.7303,6.7303,6.7303,10.0955,10.0955,4.000000,4.000000,4.000000,6.000000,6.000000,96.000000,96.000000,96.000000,94.000000,94.000000,5.0,40.3820,36.7219,127.8764,131.5365,PENDING_AG03,FALSE,NOT_FOR_ENFORCEMENT,161.5281,7572.5524,168.2584,161.5281,6.7303,0.01970926,0.01892089,6.7303,161.5281,0.01892089,6.7303,6.7303,6.7303,10.0955,10.0955,161.5281,0.01892089,40.3820,36.7219,127.8764,131.5365,0.01497903,0.01540776,0.00078837,16.1686,14.9395,0.3187,12.9430,0.6232,656.6943,40.6154,,16.1686,10.5031,15.8597,21.0062,21.0062,21.0062,31.5093,10.5031,0.0,1.324503,1.986755,1.019479,29,109,15,1,0E-8,0.01970926,,0E-8,0.000000,0.923984,0.000000,,2026-05-12,2026-06-02,13,270,171,22,0.590909,,,0.000000,,,,,,,,GLOBAL_BASELINE_NO_ENTITY_RANKING,,,NOT_APPLICABLE_GLOBAL_BASELINE,HF9g-P5,,,,X 全窗基线 · 不参与实体赏罚,6873565,688,A168_HF9F_20260827_0900,2026-08-27 09:00:00
2026-05-20,149914139,1115,0,31.5092952421,21.0061968281,21.0061968281,1.0000000,2,2,0.49324550000000000,0.493245500000,1.01360149184955,1.01360149184955,1.01360149184955,0E-17,ELIGIBLE,R03b_20260811_FULL_v1,L1_ELIGIBILITY,v2026-08-11,2026-03-21..2026-08-06,baccarat_bet02_101_all_pairs_incl_sentinel,round_win = game_pnl > 0 (decisive only),COMPATIBILITY_ONLY_NOT_PRODUCTION,8537.0261,7888.0755,168.2584,528,528,-0.01970926,,-0.01970926,-0.01970926,-168.2584,8537.0261,OK,0.0000,6.7303,4.0000,96.0000,AG03-UNRESOLVED,ALL5_LEVELS_bet23_to_bet27,6.7303,6.7303,6.7303,10.0955,10.0955,4.000000,4.000000,4.000000,6.000000,6.000000,96.000000,96.000000,96.000000,94.000000,94.000000,5.0,40.3820,36.7219,127.8764,131.5365,PENDING_AG03,FALSE,NOT_FOR_ENFORCEMENT,161.5281,7572.5524,168.2584,161.5281,6.7303,0.01970926,0.01892089,6.7303,161.5281,0.01892089,6.7303,6.7303,6.7303,10.0955,10.0955,161.5281,0.01892089,40.3820,36.7219,127.8764,131.5365,0.01497903,0.01540776,0.00078837,16.1686,14.9395,0.3187,12.9430,0.6232,656.6943,40.6154,,16.1686,10.5031,15.8597,21.0062,21.0062,21.0062,31.5093,10.5031,0.0,1.324503,1.986755,1.019479,29,109,15,1,0E-8,0.01970926,,0E-8,0.000000,0.923984,0.000000,,2026-05-12,2026-06-02,13,270,171,22,0.590909,,,0.000000,,,,,,,,GLOBAL_BASELINE_NO_ENTITY_RANKING,,,NOT_APPLICABLE_GLOBAL_BASELINE,HF9g-P5,,,,X 全窗基线 · 不参与实体赏罚,6873566,688,A168_HF9F_20260827_0900,2026-08-27 09:00:00
2026-05-20,149914139,1299,0,31.5092952421,10.5030984141,10.5030984141,0.5000000,2,2,0.49324550000000000,0.493245500000,0.01910635448239258,0.01910635448239258,0.01910635448239258,0E-17,ELIGIBLE,R03b_20260811_FULL_v1,L1_ELIGIBILITY,v2026-08-11,2026-03-21..2026-08-06,baccarat_bet02_101_all_pairs_incl_sentinel,round_win = game_pnl > 0 (decisive only),COMPATIBILITY_ONLY_NOT_PRODUCTION,8537.0261,7888.0755,168.2584,528,528,-0.01970926,,-0.01970926,-0.01970926,-168.2584,8537.0261,OK,0.0000,6.7303,4.0000,96.0000,AG03-UNRESOLVED,ALL5_LEVELS_bet23_to_bet27,6.7303,6.7303,6.7303,10.0955,10.0955,4.000000,4.000000,4.000000,6.000000,6.000000,96.000000,96.000000,96.000000,94.000000,94.000000,5.0,40.3820,36.7219,127.8764,131.5365,PENDING_AG03,FALSE,NOT_FOR_ENFORCEMENT,161.5281,7572.5524,168.2584,161.5281,6.7303,0.01970926,0.01892089,6.7303,161.5281,0.01892089,6.7303,6.7303,6.7303,10.0955,10.0955,161.5281,0.01892089,40.3820,36.7219,127.8764,131.5365,0.01497903,0.01540776,0.00078837,16.1686,14.9395,0.3187,12.9430,0.6232,656.6943,40.6154,,16.1686,10.5031,15.8597,21.0062,21.0062,21.0062,31.5093,10.5031,0.0,1.324503,1.986755,1.019479,29,109,15,1,0E-8,0.01970926,,0E-8,0.000000,0.923984,0.000000,,2026-05-12,2026-06-02,13,270,171,22,0.590909,,,0.000000,,,,,,,,GLOBAL_BASELINE_NO_ENTITY_RANKING,,,NOT_APPLICABLE_GLOBAL_BASELINE,HF9g-P5,,,,X 全窗基线 · 不参与实体赏罚,6873567,688,A168_HF9F_20260827_0900,2026-08-27 09:00:00
2026-05-20,149914139,1307,0,42.0123936562,21.0061968281,21.0061968281,1.0000000,2,2,0.49324550000000000,0.493245500000,1.01360149184955,1.01360149184955,1.01360149184955,0E-17,ELIGIBLE,R03b_20260811_FULL_v1,L1_ELIGIBILITY,v2026-08-11,2026-03-21..2026-08-06,baccarat_bet02_101_all_pairs_incl_sentinel,round_win = game_pnl > 0 (decisive only),COMPATIBILITY_ONLY_NOT_PRODUCTION,8537.0261,7888.0755,168.2584,528,528,-0.01970926,,-0.01970926,-0.01970926,-168.2584,8537.0261,OK,0.0000,6.7303,4.0000,96.0000,AG03-UNRESOLVED,ALL5_LEVELS_bet23_to_bet27,6.7303,6.7303,6.7303,10.0955,10.0955,4.000000,4.000000,4.000000,6.000000,6.000000,96.000000,96.000000,96.000000,94.000000,94.000000,5.0,40.3820,36.7219,127.8764,131.5365,PENDING_AG03,FALSE,NOT_FOR_ENFORCEMENT,161.5281,7572.5524,168.2584,161.5281,6.7303,0.01970926,0.01892089,6.7303,161.5281,0.01892089,6.7303,6.7303,6.7303,10.0955,10.0955,161.5281,0.01892089,40.3820,36.7219,127.8764,131.5365,0.01497903,0.01540776,0.00078837,16.1686,14.9395,0.3187,12.9430,0.6232,656.6943,40.6154,,16.1686,10.5031,15.8597,21.0062,21.0062,21.0062,31.5093,10.5031,0.0,1.324503,1.986755,1.019479,29,109,15,1,0E-8,0.01970926,,0E-8,0.000000,0.923984,0.000000,,2026-05-12,2026-06-02,13,270,171,22,0.590909,,,0.000000,,,,,,,,GLOBAL_BASELINE_NO_ENTITY_RANKING,,,NOT_APPLICABLE_GLOBAL_BASELINE,HF9g-P5,,,,X 全窗基线 · 不参与实体赏罚,6873568,688,A168_HF9F_20260827_0900,2026-08-27 09:00:00
2026-05-20,149914139,1331,0,21.0061968281,-21.0061968281,-21.0061968281,0E-7,1,1,0.49324550000000000,0.493245500000,-0.9865810262130424,-0.9865810262130424,-0.9865810262130424,0E-17,ELIGIBLE,R03b_20260811_FULL_v1,L1_ELIGIBILITY,v2026-08-11,2026-03-21..2026-08-06,baccarat_bet02_101_all_pairs_incl_sentinel,round_win = game_pnl > 0 (decisive only),COMPATIBILITY_ONLY_NOT_PRODUCTION,8537.0261,7888.0755,168.2584,528,528,-0.01970926,,-0.01970926,-0.01970926,-168.2584,8537.0261,OK,0.0000,6.7303,4.0000,96.0000,AG03-UNRESOLVED,ALL5_LEVELS_bet23_to_bet27,6.7303,6.7303,6.7303,10.0955,10.0955,4.000000,4.000000,4.000000,6.000000,6.000000,96.000000,96.000000,96.000000,94.000000,94.000000,5.0,40.3820,36.7219,127.8764,131.5365,PENDING_AG03,FALSE,NOT_FOR_ENFORCEMENT,161.5281,7572.5524,168.2584,161.5281,6.7303,0.01970926,0.01892089,6.7303,161.5281,0.01892089,6.7303,6.7303,6.7303,10.0955,10.0955,161.5281,0.01892089,40.3820,36.7219,127.8764,131.5365,0.01497903,0.01540776,0.00078837,16.1686,14.9395,0.3187,12.9430,0.6232,656.6943,40.6154,,16.1686,10.5031,15.8597,21.0062,21.0062,21.0062,31.5093,10.5031,0.0,1.324503,1.986755,1.019479,29,109,15,1,0E-8,0.01970926,,0E-8,0.000000,0.923984,0.000000,,2026-05-12,2026-06-02,13,270,171,22,0.590909,,,0.000000,,,,,,,,GLOBAL_BASELINE_NO_ENTITY_RANKING,,,NOT_APPLICABLE_GLOBAL_BASELINE,HF9g-P5,,,,X 全窗基线 · 不参与实体赏罚,6873569,688,A168_HF9F_20260827_0900,2026-08-27 09:00:00
2026-05-20,149914139,1353,0,10.5030984140,-10.5030984140,-10.5030984140,0E-7,1,1,0.49324550000000000,0.493245500000,-0.9865810262130424,-0.9865810262130424,-0.9865810262130424,0E-17,ELIGIBLE,R03b_20260811_FULL_v1,L1_ELIGIBILITY,v2026-08-11,2026-03-21..2026-08-06,baccarat_bet02_101_all_pairs_incl_sentinel,round_win = game_pnl > 0 (decisive only),COMPATIBILITY_ONLY_NOT_PRODUCTION,8537.0261,7888.0755,168.2584,528,528,-0.01970926,,-0.01970926,-0.01970926,-168.2584,8537.0261,OK,0.0000,6.7303,4.0000,96.0000,AG03-UNRESOLVED,ALL5_LEVELS_bet23_to_bet27,6.7303,6.7303,6.7303,10.0955,10.0955,4.000000,4.000000,4.000000,6.000000,6.000000,96.000000,96.000000,96.000000,94.000000,94.000000,5.0,40.3820,36.7219,127.8764,131.5365,PENDING_AG03,FALSE,NOT_FOR_ENFORCEMENT,161.5281,7572.5524,168.2584,161.5281,6.7303,0.01970926,0.01892089,6.7303,161.5281,0.01892089,6.7303,6.7303,6.7303,10.0955,10.0955,161.5281,0.01892089,40.3820,36.7219,127.8764,131.5365,0.01497903,0.01540776,0.00078837,16.1686,14.9395,0.3187,12.9430,0.6232,656.6943,40.6154,,16.1686,10.5031,15.8597,21.0062,21.0062,21.0062,31.5093,10.5031,0.0,1.324503,1.986755,1.019479,29,109,15,1,0E-8,0.01970926,,0E-8,0.000000,0.923984,0.000000,,2026-05-12,2026-06-02,13,270,171,22,0.590909,,,0.000000,,,,,,,,GLOBAL_BASELINE_NO_ENTITY_RANKING,,,NOT_APPLICABLE_GLOBAL_BASELINE,HF9g-P5,,,,X 全窗基线 · 不参与实体赏罚,6873570,688,A168_HF9F_20260827_0900,2026-08-27 09:00:00
2026-05-20,149914139,1396,0,21.0061968281,21.0061968281,21.0061968281,1.0000000,1,1,0.49324550000000000,0.493245500000,1.01360149184955,1.01360149184955,1.01360149184955,0E-17,ELIGIBLE,R03b_20260811_FULL_v1,L1_ELIGIBILITY,v2026-08-11,2026-03-21..2026-08-06,baccarat_bet02_101_all_pairs_incl_sentinel,round_win = game_pnl > 0 (decisive only),COMPATIBILITY_ONLY_NOT_PRODUCTION,8537.0261,7888.0755,168.2584,528,528,-0.01970926,,-0.01970926,-0.01970926,-168.2584,8537.0261,OK,0.0000,6.7303,4.0000,96.0000,AG03-UNRESOLVED,ALL5_LEVELS_bet23_to_bet27,6.7303,6.7303,6.7303,10.0955,10.0955,4.000000,4.000000,4.000000,6.000000,6.000000,96.000000,96.000000,96.000000,94.000000,94.000000,5.0,40.3820,36.7219,127.8764,131.5365,PENDING_AG03,FALSE,NOT_FOR_ENFORCEMENT,161.5281,7572.5524,168.2584,161.5281,6.7303,0.01970926,0.01892089,6.7303,161.5281,0.01892089,6.7303,6.7303,6.7303,10.0955,10.0955,161.5281,0.01892089,40.3820,36.7219,127.8764,131.5365,0.01497903,0.01540776,0.00078837,16.1686,14.9395,0.3187,12.9430,0.6232,656.6943,40.6154,,16.1686,10.5031,15.8597,21.0062,21.0062,21.0062,31.5093,10.5031,0.0,1.324503,1.986755,1.019479,29,109,15,1,0E-8,0.01970926,,0E-8,0.000000,0.923984,0.000000,,2026-05-12,2026-06-02,13,270,171,22,0.590909,,,0.000000,,,,,,,,GLOBAL_BASELINE_NO_ENTITY_RANKING,,,NOT_APPLICABLE_GLOBAL_BASELINE,HF9g-P5,,,,X 全窗基线 · 不参与实体赏罚,6873571,688,A168_HF9F_20260827_0900,2026-08-27 09:00:00
2026-05-20,149914139,1399,0,31.5092952421,-31.5092952421,-31.5092952421,0E-7,2,2,0.49324550000000000,0.493245500000,-1.3952362676504506,-1.3952362676504506,-1.3952362676504506,0E-17,ELIGIBLE,R03b_20260811_FULL_v1,L1_ELIGIBILITY,v2026-08-11,2026-03-21..2026-08-06,baccarat_bet02_101_all_pairs_incl_sentinel,round_win = game_pnl > 0 (decisive only),COMPATIBILITY_ONLY_NOT_PRODUCTION,8537.0261,7888.0755,168.2584,528,528,-0.01970926,,-0.01970926,-0.01970926,-168.2584,8537.0261,OK,0.0000,6.7303,4.0000,96.0000,AG03-UNRESOLVED,ALL5_LEVELS_bet23_to_bet27,6.7303,6.7303,6.7303,10.0955,10.0955,4.000000,4.000000,4.000000,6.000000,6.000000,96.000000,96.000000,96.000000,94.000000,94.000000,5.0,40.3820,36.7219,127.8764,131.5365,PENDING_AG03,FALSE,NOT_FOR_ENFORCEMENT,161.5281,7572.5524,168.2584,161.5281,6.7303,0.01970926,0.01892089,6.7303,161.5281,0.01892089,6.7303,6.7303,6.7303,10.0955,10.0955,161.5281,0.01892089,40.3820,36.7219,127.8764,131.5365,0.01497903,0.01540776,0.00078837,16.1686,14.9395,0.3187,12.9430,0.6232,656.6943,40.6154,,16.1686,10.5031,15.8597,21.0062,21.0062,21.0062,31.5093,10.5031,0.0,1.324503,1.986755,1.019479,29,109,15,1,0E-8,0.01970926,,0E-8,0.000000,0.923984,0.000000,,2026-05-12,2026-06-02,13,270,171,22,0.590909,,,0.000000,,,,,,,,GLOBAL_BASELINE_NO_ENTITY_RANKING,,,NOT_APPLICABLE_GLOBAL_BASELINE,HF9g-P5,,,,X 全窗基线 · 不参与实体赏罚,6873572,688,A168_HF9F_20260827_0900,2026-08-27 09:00:00
2026-05-20,149914139,1400,0,73.5216888983,10.5030984141,10.5030984141,0.6666667,3,3,0.49324550000000000,0.493245500000,0.6008033672792107,0.6008033672792106,0.6008033672792107,0E-17,ELIGIBLE,R03b_20260811_FULL_v1,L1_ELIGIBILITY,v2026-08-11,2026-03-21..2026-08-06,baccarat_bet02_101_all_pairs_incl_sentinel,round_win = game_pnl > 0 (decisive only),COMPATIBILITY_ONLY_NOT_PRODUCTION,8537.0261,7888.0755,168.2584,528,528,-0.01970926,,-0.01970926,-0.01970926,-168.2584,8537.0261,OK,0.0000,6.7303,4.0000,96.0000,AG03-UNRESOLVED,ALL5_LEVELS_bet23_to_bet27,6.7303,6.7303,6.7303,10.0955,10.0955,4.000000,4.000000,4.000000,6.000000,6.000000,96.000000,96.000000,96.000000,94.000000,94.000000,5.0,40.3820,36.7219,127.8764,131.5365,PENDING_AG03,FALSE,NOT_FOR_ENFORCEMENT,161.5281,7572.5524,168.2584,161.5281,6.7303,0.01970926,0.01892089,6.7303,161.5281,0.01892089,6.7303,6.7303,6.7303,10.0955,10.0955,161.5281,0.01892089,40.3820,36.7219,127.8764,131.5365,0.01497903,0.01540776,0.00078837,16.1686,14.9395,0.3187,12.9430,0.6232,656.6943,40.6154,,16.1686,10.5031,15.8597,21.0062,21.0062,21.0062,31.5093,10.5031,0.0,1.324503,1.986755,1.019479,29,109,15,1,0E-8,0.01970926,,0E-8,0.000000,0.923984,0.000000,,2026-05-12,2026-06-02,13,270,171,22,0.590909,,,0.000000,,,,,,,,GLOBAL_BASELINE_NO_ENTITY_RANKING,,,NOT_APPLICABLE_GLOBAL_BASELINE,HF9g-P5,,,,X 全窗基线 · 不参与实体赏罚,6873573,688,A168_HF9F_20260827_0900,2026-08-27 09:00:00
2026-05-20,149914139,1405,0,21.0061968281,21.0061968281,21.0061968281,1.0000000,1,1,0.49324550000000000,0.493245500000,1.01360149184955,1.01360149184955,1.01360149184955,0E-17,ELIGIBLE,R03b_20260811_FULL_v1,L1_ELIGIBILITY,v2026-08-11,2026-03-21..2026-08-06,baccarat_bet02_101_all_pairs_incl_sentinel,round_win = game_pnl > 0 (decisive only),COMPATIBILITY_ONLY_NOT_PRODUCTION,8537.0261,7888.0755,168.2584,528,528,-0.01970926,,-0.01970926,-0.01970926,-168.2584,8537.0261,OK,0.0000,6.7303,4.0000,96.0000,AG03-UNRESOLVED,ALL5_LEVELS_bet23_to_bet27,6.7303,6.7303,6.7303,10.0955,10.0955,4.000000,4.000000,4.000000,6.000000,6.000000,96.000000,96.000000,96.000000,94.000000,94.000000,5.0,40.3820,36.7219,127.8764,131.5365,PENDING_AG03,FALSE,NOT_FOR_ENFORCEMENT,161.5281,7572.5524,168.2584,161.5281,6.7303,0.01970926,0.01892089,6.7303,161.5281,0.01892089,6.7303,6.7303,6.7303,10.0955,10.0955,161.5281,0.01892089,40.3820,36.7219,127.8764,131.5365,0.01497903,0.01540776,0.00078837,16.1686,14.9395,0.3187,12.9430,0.6232,656.6943,40.6154,,16.1686,10.5031,15.8597,21.0062,21.0062,21.0062,31.5093,10.5031,0.0,1.324503,1.986755,1.019479,29,109,15,1,0E-8,0.01970926,,0E-8,0.000000,0.923984,0.000000,,2026-05-12,2026-06-02,13,270,171,22,0.590909,,,0.000000,,,,,,,,GLOBAL_BASELINE_NO_ENTITY_RANKING,,,NOT_APPLICABLE_GLOBAL_BASELINE,HF9g-P5,,,,X 全窗基线 · 不参与实体赏罚,6873574,688,A168_HF9F_20260827_0900,2026-08-27 09:00:00
2026-05-20,149914139,1509,0,73.5216888983,-52.5154920702,-52.5154920702,0E-7,3,3,0.49324550000000000,0.493245500000,-1.3952362676504506,-1.3952362676504506,-1.3952362676504506,0E-17,ELIGIBLE,R03b_20260811_FULL_v1,L1_ELIGIBILITY,v2026-08-11,2026-03-21..2026-08-06,baccarat_bet02_101_all_pairs_incl_sentinel,round_win = game_pnl > 0 (decisive only),COMPATIBILITY_ONLY_NOT_PRODUCTION,8537.0261,7888.0755,168.2584,528,528,-0.01970926,,-0.01970926,-0.01970926,-168.2584,8537.0261,OK,0.0000,6.7303,4.0000,96.0000,AG03-UNRESOLVED,ALL5_LEVELS_bet23_to_bet27,6.7303,6.7303,6.7303,10.0955,10.0955,4.000000,4.000000,4.000000,6.000000,6.000000,96.000000,96.000000,96.000000,94.000000,94.000000,5.0,40.3820,36.7219,127.8764,131.5365,PENDING_AG03,FALSE,NOT_FOR_ENFORCEMENT,161.5281,7572.5524,168.2584,161.5281,6.7303,0.01970926,0.01892089,6.7303,161.5281,0.01892089,6.7303,6.7303,6.7303,10.0955,10.0955,161.5281,0.01892089,40.3820,36.7219,127.8764,131.5365,0.01497903,0.01540776,0.00078837,16.1686,14.9395,0.3187,12.9430,0.6232,656.6943,40.6154,,16.1686,10.5031,15.8597,21.0062,21.0062,21.0062,31.5093,10.5031,0.0,1.324503,1.986755,1.019479,29,109,15,1,0E-8,0.01970926,,0E-8,0.000000,0.923984,0.000000,,2026-05-12,2026-06-02,13,270,171,22,0.590909,,,0.000000,,,,,,,,GLOBAL_BASELINE_NO_ENTITY_RANKING,,,NOT_APPLICABLE_GLOBAL_BASELINE,HF9g-P5,,,,X 全窗基线 · 不参与实体赏罚,6873575,688,A168_HF9F_20260827_0900,2026-08-27 09:00:00
2026-05-20,149914139,1702,0,42.0123936562,42.0123936562,42.0123936562,1.0000000,2,2,0.49324550000000000,0.493245500000,1.4334489766152358,1.4334489766152358,1.4334489766152358,0E-17,ELIGIBLE,R03b_20260811_FULL_v1,L1_ELIGIBILITY,v2026-08-11,2026-03-21..2026-08-06,baccarat_bet02_101_all_pairs_incl_sentinel,round_win = game_pnl > 0 (decisive only),COMPATIBILITY_ONLY_NOT_PRODUCTION,8537.0261,7888.0755,168.2584,528,528,-0.01970926,,-0.01970926,-0.01970926,-168.2584,8537.0261,OK,0.0000,6.7303,4.0000,96.0000,AG03-UNRESOLVED,ALL5_LEVELS_bet23_to_bet27,6.7303,6.7303,6.7303,10.0955,10.0955,4.000000,4.000000,4.000000,6.000000,6.000000,96.000000,96.000000,96.000000,94.000000,94.000000,5.0,40.3820,36.7219,127.8764,131.5365,PENDING_AG03,FALSE,NOT_FOR_ENFORCEMENT,161.5281,7572.5524,168.2584,161.5281,6.7303,0.01970926,0.01892089,6.7303,161.5281,0.01892089,6.7303,6.7303,6.7303,10.0955,10.0955,161.5281,0.01892089,40.3820,36.7219,127.8764,131.5365,0.01497903,0.01540776,0.00078837,16.1686,14.9395,0.3187,12.9430,0.6232,656.6943,40.6154,,16.1686,10.5031,15.8597,21.0062,21.0062,21.0062,31.5093,10.5031,0.0,1.324503,1.986755,1.019479,29,109,15,1,0E-8,0.01970926,,0E-8,0.000000,0.923984,0.000000,,2026-05-12,2026-06-02,13,270,171,22,0.590909,,,0.000000,,,,,,,,GLOBAL_BASELINE_NO_ENTITY_RANKING,,,NOT_APPLICABLE_GLOBAL_BASELINE,HF9g-P5,,,,X 全窗基线 · 不参与实体赏罚,6873576,688,A168_HF9F_20260827_0900,2026-08-27 09:00:00
2026-05-20,149914139,1710,0,21.0061968281,-21.0061968281,-21.0061968281,0E-7,1,1,0.49324550000000000,0.493245500000,-0.9865810262130424,-0.9865810262130424,-0.9865810262130424,0E-17,ELIGIBLE,R03b_20260811_FULL_v1,L1_ELIGIBILITY,v2026-08-11,2026-03-21..2026-08-06,baccarat_bet02_101_all_pairs_incl_sentinel,round_win = game_pnl > 0 (decisive only),COMPATIBILITY_ONLY_NOT_PRODUCTION,8537.0261,7888.0755,168.2584,528,528,-0.01970926,,-0.01970926,-0.01970926,-168.2584,8537.0261,OK,0.0000,6.7303,4.0000,96.0000,AG03-UNRESOLVED,ALL5_LEVELS_bet23_to_bet27,6.7303,6.7303,6.7303,10.0955,10.0955,4.000000,4.000000,4.000000,6.000000,6.000000,96.000000,96.000000,96.000000,94.000000,94.000000,5.0,40.3820,36.7219,127.8764,131.5365,PENDING_AG03,FALSE,NOT_FOR_ENFORCEMENT,161.5281,7572.5524,168.2584,161.5281,6.7303,0.01970926,0.01892089,6.7303,161.5281,0.01892089,6.7303,6.7303,6.7303,10.0955,10.0955,161.5281,0.01892089,40.3820,36.7219,127.8764,131.5365,0.01497903,0.01540776,0.00078837,16.1686,14.9395,0.3187,12.9430,0.6232,656.6943,40.6154,,16.1686,10.5031,15.8597,21.0062,21.0062,21.0062,31.5093,10.5031,0.0,1.324503,1.986755,1.019479,29,109,15,1,0E-8,0.01970926,,0E-8,0.000000,0.923984,0.000000,,2026-05-12,2026-06-02,13,270,171,22,0.590909,,,0.000000,,,,,,,,GLOBAL_BASELINE_NO_ENTITY_RANKING,,,NOT_APPLICABLE_GLOBAL_BASELINE,HF9g-P5,,,,X 全窗基线 · 不参与实体赏罚,6873577,688,A168_HF9F_20260827_0900,2026-08-27 09:00:00
2026-05-20,149914139,1957,0,10.5030984140,-10.5030984140,-10.5030984140,0E-7,1,1,0.49324550000000000,0.493245500000,-0.9865810262130424,-0.9865810262130424,-0.9865810262130424,0E-17,ELIGIBLE,R03b_20260811_FULL_v1,L1_ELIGIBILITY,v2026-08-11,2026-03-21..2026-08-06,baccarat_bet02_101_all_pairs_incl_sentinel,round_win = game_pnl > 0 (decisive only),COMPATIBILITY_ONLY_NOT_PRODUCTION,8537.0261,7888.0755,168.2584,528,528,-0.01970926,,-0.01970926,-0.01970926,-168.2584,8537.0261,OK,0.0000,6.7303,4.0000,96.0000,AG03-UNRESOLVED,ALL5_LEVELS_bet23_to_bet27,6.7303,6.7303,6.7303,10.0955,10.0955,4.000000,4.000000,4.000000,6.000000,6.000000,96.000000,96.000000,96.000000,94.000000,94.000000,5.0,40.3820,36.7219,127.8764,131.5365,PENDING_AG03,FALSE,NOT_FOR_ENFORCEMENT,161.5281,7572.5524,168.2584,161.5281,6.7303,0.01970926,0.01892089,6.7303,161.5281,0.01892089,6.7303,6.7303,6.7303,10.0955,10.0955,161.5281,0.01892089,40.3820,36.7219,127.8764,131.5365,0.01497903,0.01540776,0.00078837,16.1686,14.9395,0.3187,12.9430,0.6232,656.6943,40.6154,,16.1686,10.5031,15.8597,21.0062,21.0062,21.0062,31.5093,10.5031,0.0,1.324503,1.986755,1.019479,29,109,15,1,0E-8,0.01970926,,0E-8,0.000000,0.923984,0.000000,,2026-05-12,2026-06-02,13,270,171,22,0.590909,,,0.000000,,,,,,,,GLOBAL_BASELINE_NO_ENTITY_RANKING,,,NOT_APPLICABLE_GLOBAL_BASELINE,HF9g-P5,,,,X 全窗基线 · 不参与实体赏罚,6873578,688,A168_HF9F_20260827_0900,2026-08-27 09:00:00
2026-05-20,149914139,1963,0,21.0061968281,21.0061968281,21.0061968281,1.0000000,1,1,0.49324550000000000,0.493245500000,1.01360149184955,1.01360149184955,1.01360149184955,0E-17,ELIGIBLE,R03b_20260811_FULL_v1,L1_ELIGIBILITY,v2026-08-11,2026-03-21..2026-08-06,baccarat_bet02_101_all_pairs_incl_sentinel,round_win = game_pnl > 0 (decisive only),COMPATIBILITY_ONLY_NOT_PRODUCTION,8537.0261,7888.0755,168.2584,528,528,-0.01970926,,-0.01970926,-0.01970926,-168.2584,8537.0261,OK,0.0000,6.7303,4.0000,96.0000,AG03-UNRESOLVED,ALL5_LEVELS_bet23_to_bet27,6.7303,6.7303,6.7303,10.0955,10.0955,4.000000,4.000000,4.000000,6.000000,6.000000,96.000000,96.000000,96.000000,94.000000,94.000000,5.0,40.3820,36.7219,127.8764,131.5365,PENDING_AG03,FALSE,NOT_FOR_ENFORCEMENT,161.5281,7572.5524,168.2584,161.5281,6.7303,0.01970926,0.01892089,6.7303,161.5281,0.01892089,6.7303,6.7303,6.7303,10.0955,10.0955,161.5281,0.01892089,40.3820,36.7219,127.8764,131.5365,0.01497903,0.01540776,0.00078837,16.1686,14.9395,0.3187,12.9430,0.6232,656.6943,40.6154,,16.1686,10.5031,15.8597,21.0062,21.0062,21.0062,31.5093,10.5031,0.0,1.324503,1.986755,1.019479,29,109,15,1,0E-8,0.01970926,,0E-8,0.000000,0.923984,0.000000,,2026-05-12,2026-06-02,13,270,171,22,0.590909,,,0.000000,,,,,,,,GLOBAL_BASELINE_NO_ENTITY_RANKING,,,NOT_APPLICABLE_GLOBAL_BASELINE,HF9g-P5,,,,X 全窗基线 · 不参与实体赏罚,6873579,688,A168_HF9F_20260827_0900,2026-08-27 09:00:00
2026-05-20,149914139,1966,0,10.5030984140,-10.5030984140,-10.5030984140,0E-7,1,1,0.49324550000000000,0.493245500000,-0.9865810262130424,-0.9865810262130424,-0.9865810262130424,0E-17,ELIGIBLE,R03b_20260811_FULL_v1,L1_ELIGIBILITY,v2026-08-11,2026-03-21..2026-08-06,baccarat_bet02_101_all_pairs_incl_sentinel,round_win = game_pnl > 0 (decisive only),COMPATIBILITY_ONLY_NOT_PRODUCTION,8537.0261,7888.0755,168.2584,528,528,-0.01970926,,-0.01970926,-0.01970926,-168.2584,8537.0261,OK,0.0000,6.7303,4.0000,96.0000,AG03-UNRESOLVED,ALL5_LEVELS_bet23_to_bet27,6.7303,6.7303,6.7303,10.0955,10.0955,4.000000,4.000000,4.000000,6.000000,6.000000,96.000000,96.000000,96.000000,94.000000,94.000000,5.0,40.3820,36.7219,127.8764,131.5365,PENDING_AG03,FALSE,NOT_FOR_ENFORCEMENT,161.5281,7572.5524,168.2584,161.5281,6.7303,0.01970926,0.01892089,6.7303,161.5281,0.01892089,6.7303,6.7303,6.7303,10.0955,10.0955,161.5281,0.01892089,40.3820,36.7219,127.8764,131.5365,0.01497903,0.01540776,0.00078837,16.1686,14.9395,0.3187,12.9430,0.6232,656.6943,40.6154,,16.1686,10.5031,15.8597,21.0062,21.0062,21.0062,31.5093,10.5031,0.0,1.324503,1.986755,1.019479,29,109,15,1,0E-8,0.01970926,,0E-8,0.000000,0.923984,0.000000,,2026-05-12,2026-06-02,13,270,171,22,0.590909,,,0.000000,,,,,,,,GLOBAL_BASELINE_NO_ENTITY_RANKING,,,NOT_APPLICABLE_GLOBAL_BASELINE,HF9g-P5,,,,X 全窗基线 · 不参与实体赏罚,6873580,688,A168_HF9F_20260827_0900,2026-08-27 09:00:00
2026-05-20,149914139,2101,0,42.0123936562,0E-10,0E-10,0.5000000,2,2,0.49324550000000000,0.493245500000,0.01910635448239258,0.01910635448239258,0.01910635448239258,0E-17,ELIGIBLE,R03b_20260811_FULL_v1,L1_ELIGIBILITY,v2026-08-11,2026-03-21..2026-08-06,baccarat_bet02_101_all_pairs_incl_sentinel,round_win = game_pnl > 0 (decisive only),COMPATIBILITY_ONLY_NOT_PRODUCTION,8537.0261,7888.0755,168.2584,528,528,-0.01970926,,-0.01970926,-0.01970926,-168.2584,8537.0261,OK,0.0000,6.7303,4.0000,96.0000,AG03-UNRESOLVED,ALL5_LEVELS_bet23_to_bet27,6.7303,6.7303,6.7303,10.0955,10.0955,4.000000,4.000000,4.000000,6.000000,6.000000,96.000000,96.000000,96.000000,94.000000,94.000000,5.0,40.3820,36.7219,127.8764,131.5365,PENDING_AG03,FALSE,NOT_FOR_ENFORCEMENT,161.5281,7572.5524,168.2584,161.5281,6.7303,0.01970926,0.01892089,6.7303,161.5281,0.01892089,6.7303,6.7303,6.7303,10.0955,10.0955,161.5281,0.01892089,40.3820,36.7219,127.8764,131.5365,0.01497903,0.01540776,0.00078837,16.1686,14.9395,0.3187,12.9430,0.6232,656.6943,40.6154,,16.1686,10.5031,15.8597,21.0062,21.0062,21.0062,31.5093,10.5031,0.0,1.324503,1.986755,1.019479,29,109,15,1,0E-8,0.01970926,,0E-8,0.000000,0.923984,0.000000,,2026-05-12,2026-06-02,13,270,171,22,0.590909,,,0.000000,,,,,,,,GLOBAL_BASELINE_NO_ENTITY_RANKING,,,NOT_APPLICABLE_GLOBAL_BASELINE,HF9g-P5,,,,X 全窗基线 · 不参与实体赏罚,6873581,688,A168_HF9F_20260827_0900,2026-08-27 09:00:00
2026-05-20,149914139,2108,0,21.0061968281,21.0061968281,21.0061968281,1.0000000,1,1,0.49324550000000000,0.493245500000,1.01360149184955,1.01360149184955,1.01360149184955,0E-17,ELIGIBLE,R03b_20260811_FULL_v1,L1_ELIGIBILITY,v2026-08-11,2026-03-21..2026-08-06,baccarat_bet02_101_all_pairs_incl_sentinel,round_win = game_pnl > 0 (decisive only),COMPATIBILITY_ONLY_NOT_PRODUCTION,8537.0261,7888.0755,168.2584,528,528,-0.01970926,,-0.01970926,-0.01970926,-168.2584,8537.0261,OK,0.0000,6.7303,4.0000,96.0000,AG03-UNRESOLVED,ALL5_LEVELS_bet23_to_bet27,6.7303,6.7303,6.7303,10.0955,10.0955,4.000000,4.000000,4.000000,6.000000,6.000000,96.000000,96.000000,96.000000,94.000000,94.000000,5.0,40.3820,36.7219,127.8764,131.5365,PENDING_AG03,FALSE,NOT_FOR_ENFORCEMENT,161.5281,7572.5524,168.2584,161.5281,6.7303,0.01970926,0.01892089,6.7303,161.5281,0.01892089,6.7303,6.7303,6.7303,10.0955,10.0955,161.5281,0.01892089,40.3820,36.7219,127.8764,131.5365,0.01497903,0.01540776,0.00078837,16.1686,14.9395,0.3187,12.9430,0.6232,656.6943,40.6154,,16.1686,10.5031,15.8597,21.0062,21.0062,21.0062,31.5093,10.5031,0.0,1.324503,1.986755,1.019479,29,109,15,1,0E-8,0.01970926,,0E-8,0.000000,0.923984,0.000000,,2026-05-12,2026-06-02,13,270,171,22,0.590909,,,0.000000,,,,,,,,GLOBAL_BASELINE_NO_ENTITY_RANKING,,,NOT_APPLICABLE_GLOBAL_BASELINE,HF9g-P5,,,,X 全窗基线 · 不参与实体赏罚,6873582,688,A168_HF9F_20260827_0900,2026-08-27 09:00:00
2026-05-20,149914139,2117,0,21.0061968281,-21.0061968281,-21.0061968281,0E-7,1,1,0.49324550000000000,0.493245500000,-0.9865810262130424,-0.9865810262130424,-0.9865810262130424,0E-17,ELIGIBLE,R03b_20260811_FULL_v1,L1_ELIGIBILITY,v2026-08-11,2026-03-21..2026-08-06,baccarat_bet02_101_all_pairs_incl_sentinel,round_win = game_pnl > 0 (decisive only),COMPATIBILITY_ONLY_NOT_PRODUCTION,8537.0261,7888.0755,168.2584,528,528,-0.01970926,,-0.01970926,-0.01970926,-168.2584,8537.0261,OK,0.0000,6.7303,4.0000,96.0000,AG03-UNRESOLVED,ALL5_LEVELS_bet23_to_bet27,6.7303,6.7303,6.7303,10.0955,10.0955,4.000000,4.000000,4.000000,6.000000,6.000000,96.000000,96.000000,96.000000,94.000000,94.000000,5.0,40.3820,36.7219,127.8764,131.5365,PENDING_AG03,FALSE,NOT_FOR_ENFORCEMENT,161.5281,7572.5524,168.2584,161.5281,6.7303,0.01970926,0.01892089,6.7303,161.5281,0.01892089,6.7303,6.7303,6.7303,10.0955,10.0955,161.5281,0.01892089,40.3820,36.7219,127.8764,131.5365,0.01497903,0.01540776,0.00078837,16.1686,14.9395,0.3187,12.9430,0.6232,656.6943,40.6154,,16.1686,10.5031,15.8597,21.0062,21.0062,21.0062,31.5093,10.5031,0.0,1.324503,1.986755,1.019479,29,109,15,1,0E-8,0.01970926,,0E-8,0.000000,0.923984,0.000000,,2026-05-12,2026-06-02,13,270,171,22,0.590909,,,0.000000,,,,,,,,GLOBAL_BASELINE_NO_ENTITY_RANKING,,,NOT_APPLICABLE_GLOBAL_BASELINE,HF9g-P5,,,,X 全窗基线 · 不参与实体赏罚,6873583,688,A168_HF9F_20260827_0900,2026-08-27 09:00:00
2026-05-20,149914139,2127,0,21.0061968281,-21.0061968281,-21.0061968281,0E-7,1,1,0.49324550000000000,0.493245500000,-0.9865810262130424,-0.9865810262130424,-0.9865810262130424,0E-17,ELIGIBLE,R03b_20260811_FULL_v1,L1_ELIGIBILITY,v2026-08-11,2026-03-21..2026-08-06,baccarat_bet02_101_all_pairs_incl_sentinel,round_win = game_pnl > 0 (decisive only),COMPATIBILITY_ONLY_NOT_PRODUCTION,8537.0261,7888.0755,168.2584,528,528,-0.01970926,,-0.01970926,-0.01970926,-168.2584,8537.0261,OK,0.0000,6.7303,4.0000,96.0000,AG03-UNRESOLVED,ALL5_LEVELS_bet23_to_bet27,6.7303,6.7303,6.7303,10.0955,10.0955,4.000000,4.000000,4.000000,6.000000,6.000000,96.000000,96.000000,96.000000,94.000000,94.000000,5.0,40.3820,36.7219,127.8764,131.5365,PENDING_AG03,FALSE,NOT_FOR_ENFORCEMENT,161.5281,7572.5524,168.2584,161.5281,6.7303,0.01970926,0.01892089,6.7303,161.5281,0.01892089,6.7303,6.7303,6.7303,10.0955,10.0955,161.5281,0.01892089,40.3820,36.7219,127.8764,131.5365,0.01497903,0.01540776,0.00078837,16.1686,14.9395,0.3187,12.9430,0.6232,656.6943,40.6154,,16.1686,10.5031,15.8597,21.0062,21.0062,21.0062,31.5093,10.5031,0.0,1.324503,1.986755,1.019479,29,109,15,1,0E-8,0.01970926,,0E-8,0.000000,0.923984,0.000000,,2026-05-12,2026-06-02,13,270,171,22,0.590909,,,0.000000,,,,,,,,GLOBAL_BASELINE_NO_ENTITY_RANKING,,,NOT_APPLICABLE_GLOBAL_BASELINE,HF9g-P5,,,,X 全窗基线 · 不参与实体赏罚,6873584,688,A168_HF9F_20260827_0900,2026-08-27 09:00:00
2026-05-20,149914139,2134,0,16.5948954942,-16.5948954942,-16.5948954942,0E-7,1,1,0.49324550000000000,0.493245500000,-0.9865810262130424,-0.9865810262130424,-0.9865810262130424,0E-17,ELIGIBLE,R03b_20260811_FULL_v1,L1_ELIGIBILITY,v2026-08-11,2026-03-21..2026-08-06,baccarat_bet02_101_all_pairs_incl_sentinel,round_win = game_pnl > 0 (decisive only),COMPATIBILITY_ONLY_NOT_PRODUCTION,8537.0261,7888.0755,168.2584,528,528,-0.01970926,,-0.01970926,-0.01970926,-168.2584,8537.0261,OK,0.0000,6.7303,4.0000,96.0000,AG03-UNRESOLVED,ALL5_LEVELS_bet23_to_bet27,6.7303,6.7303,6.7303,10.0955,10.0955,4.000000,4.000000,4.000000,6.000000,6.000000,96.000000,96.000000,96.000000,94.000000,94.000000,5.0,40.3820,36.7219,127.8764,131.5365,PENDING_AG03,FALSE,NOT_FOR_ENFORCEMENT,161.5281,7572.5524,168.2584,161.5281,6.7303,0.01970926,0.01892089,6.7303,161.5281,0.01892089,6.7303,6.7303,6.7303,10.0955,10.0955,161.5281,0.01892089,40.3820,36.7219,127.8764,131.5365,0.01497903,0.01540776,0.00078837,16.1686,14.9395,0.3187,12.9430,0.6232,656.6943,40.6154,,16.1686,10.5031,15.8597,21.0062,21.0062,21.0062,31.5093,10.5031,0.0,1.324503,1.986755,1.019479,29,109,15,1,0E-8,0.01970926,,0E-8,0.000000,0.923984,0.000000,,2026-05-12,2026-06-02,13,270,171,22,0.590909,,,0.000000,,,,,,,,GLOBAL_BASELINE_NO_ENTITY_RANKING,,,NOT_APPLICABLE_GLOBAL_BASELINE,HF9g-P5,,,,X 全窗基线 · 不参与实体赏罚,6873585,688,A168_HF9F_20260827_0900,2026-08-27 09:00:00
2026-05-20,149914139,2141,0,10.5030984140,-10.5030984140,-10.5030984140,0E-7,1,1,0.49324550000000000,0.493245500000,-0.9865810262130424,-0.9865810262130424,-0.9865810262130424,0E-17,ELIGIBLE,R03b_20260811_FULL_v1,L1_ELIGIBILITY,v2026-08-11,2026-03-21..2026-08-06,baccarat_bet02_101_all_pairs_incl_sentinel,round_win = game_pnl > 0 (decisive only),COMPATIBILITY_ONLY_NOT_PRODUCTION,8537.0261,7888.0755,168.2584,528,528,-0.01970926,,-0.01970926,-0.01970926,-168.2584,8537.0261,OK,0.0000,6.7303,4.0000,96.0000,AG03-UNRESOLVED,ALL5_LEVELS_bet23_to_bet27,6.7303,6.7303,6.7303,10.0955,10.0955,4.000000,4.000000,4.000000,6.000000,6.000000,96.000000,96.000000,96.000000,94.000000,94.000000,5.0,40.3820,36.7219,127.8764,131.5365,PENDING_AG03,FALSE,NOT_FOR_ENFORCEMENT,161.5281,7572.5524,168.2584,161.5281,6.7303,0.01970926,0.01892089,6.7303,161.5281,0.01892089,6.7303,6.7303,6.7303,10.0955,10.0955,161.5281,0.01892089,40.3820,36.7219,127.8764,131.5365,0.01497903,0.01540776,0.00078837,16.1686,14.9395,0.3187,12.9430,0.6232,656.6943,40.6154,,16.1686,10.5031,15.8597,21.0062,21.0062,21.0062,31.5093,10.5031,0.0,1.324503,1.986755,1.019479,29,109,15,1,0E-8,0.01970926,,0E-8,0.000000,0.923984,0.000000,,2026-05-12,2026-06-02,13,270,171,22,0.590909,,,0.000000,,,,,,,,GLOBAL_BASELINE_NO_ENTITY_RANKING,,,NOT_APPLICABLE_GLOBAL_BASELINE,HF9g-P5,,,,X 全窗基线 · 不参与实体赏罚,6873586,688,A168_HF9F_20260827_0900,2026-08-27 09:00:00
2026-05-20,149914139,2142,0,52.5154920702,-10.5030984140,-10.5030984140,0.3333333,3,3,0.49324550000000000,0.493245500000,-0.5540025479526107,-0.5540025479526106,-0.5540025479526107,0E-17,ELIGIBLE,R03b_20260811_FULL_v1,L1_ELIGIBILITY,v2026-08-11,2026-03-21..2026-08-06,baccarat_bet02_101_all_pairs_incl_sentinel,round_win = game_pnl > 0 (decisive only),COMPATIBILITY_ONLY_NOT_PRODUCTION,8537.0261,7888.0755,168.2584,528,528,-0.01970926,,-0.01970926,-0.01970926,-168.2584,8537.0261,OK,0.0000,6.7303,4.0000,96.0000,AG03-UNRESOLVED,ALL5_LEVELS_bet23_to_bet27,6.7303,6.7303,6.7303,10.0955,10.0955,4.000000,4.000000,4.000000,6.000000,6.000000,96.000000,96.000000,96.000000,94.000000,94.000000,5.0,40.3820,36.7219,127.8764,131.5365,PENDING_AG03,FALSE,NOT_FOR_ENFORCEMENT,161.5281,7572.5524,168.2584,161.5281,6.7303,0.01970926,0.01892089,6.7303,161.5281,0.01892089,6.7303,6.7303,6.7303,10.0955,10.0955,161.5281,0.01892089,40.3820,36.7219,127.8764,131.5365,0.01497903,0.01540776,0.00078837,16.1686,14.9395,0.3187,12.9430,0.6232,656.6943,40.6154,,16.1686,10.5031,15.8597,21.0062,21.0062,21.0062,31.5093,10.5031,0.0,1.324503,1.986755,1.019479,29,109,15,1,0E-8,0.01970926,,0E-8,0.000000,0.923984,0.000000,,2026-05-12,2026-06-02,13,270,171,22,0.590909,,,0.000000,,,,,,,,GLOBAL_BASELINE_NO_ENTITY_RANKING,,,NOT_APPLICABLE_GLOBAL_BASELINE,HF9g-P5,,,,X 全窗基线 · 不参与实体赏罚,6873587,688,A168_HF9F_20260827_0900,2026-08-27 09:00:00
2026-05-20,149914139,2145,0,31.5092952421,10.5030984141,10.5030984141,0.5000000,2,2,0.49324550000000000,0.493245500000,0.01910635448239258,0.01910635448239258,0.01910635448239258,0E-17,ELIGIBLE,R03b_20260811_FULL_v1,L1_ELIGIBILITY,v2026-08-11,2026-03-21..2026-08-06,baccarat_bet02_101_all_pairs_incl_sentinel,round_win = game_pnl > 0 (decisive only),COMPATIBILITY_ONLY_NOT_PRODUCTION,8537.0261,7888.0755,168.2584,528,528,-0.01970926,,-0.01970926,-0.01970926,-168.2584,8537.0261,OK,0.0000,6.7303,4.0000,96.0000,AG03-UNRESOLVED,ALL5_LEVELS_bet23_to_bet27,6.7303,6.7303,6.7303,10.0955,10.0955,4.000000,4.000000,4.000000,6.000000,6.000000,96.000000,96.000000,96.000000,94.000000,94.000000,5.0,40.3820,36.7219,127.8764,131.5365,PENDING_AG03,FALSE,NOT_FOR_ENFORCEMENT,161.5281,7572.5524,168.2584,161.5281,6.7303,0.01970926,0.01892089,6.7303,161.5281,0.01892089,6.7303,6.7303,6.7303,10.0955,10.0955,161.5281,0.01892089,40.3820,36.7219,127.8764,131.5365,0.01497903,0.01540776,0.00078837,16.1686,14.9395,0.3187,12.9430,0.6232,656.6943,40.6154,,16.1686,10.5031,15.8597,21.0062,21.0062,21.0062,31.5093,10.5031,0.0,1.324503,1.986755,1.019479,29,109,15,1,0E-8,0.01970926,,0E-8,0.000000,0.923984,0.000000,,2026-05-12,2026-06-02,13,270,171,22,0.590909,,,0.000000,,,,,,,,GLOBAL_BASELINE_NO_ENTITY_RANKING,,,NOT_APPLICABLE_GLOBAL_BASELINE,HF9g-P5,,,,X 全窗基线 · 不参与实体赏罚,6873588,688,A168_HF9F_20260827_0900,2026-08-27 09:00:00
2026-05-20,149914139,2169,0,10.5030984140,10.5030984140,10.5030984140,1.0000000,1,1,0.49324550000000000,0.493245500000,1.01360149184955,1.01360149184955,1.01360149184955,0E-17,ELIGIBLE,R03b_20260811_FULL_v1,L1_ELIGIBILITY,v2026-08-11,2026-03-21..2026-08-06,baccarat_bet02_101_all_pairs_incl_sentinel,round_win = game_pnl > 0 (decisive only),COMPATIBILITY_ONLY_NOT_PRODUCTION,8537.0261,7888.0755,168.2584,528,528,-0.01970926,,-0.01970926,-0.01970926,-168.2584,8537.0261,OK,0.0000,6.7303,4.0000,96.0000,AG03-UNRESOLVED,ALL5_LEVELS_bet23_to_bet27,6.7303,6.7303,6.7303,10.0955,10.0955,4.000000,4.000000,4.000000,6.000000,6.000000,96.000000,96.000000,96.000000,94.000000,94.000000,5.0,40.3820,36.7219,127.8764,131.5365,PENDING_AG03,FALSE,NOT_FOR_ENFORCEMENT,161.5281,7572.5524,168.2584,161.5281,6.7303,0.01970926,0.01892089,6.7303,161.5281,0.01892089,6.7303,6.7303,6.7303,10.0955,10.0955,161.5281,0.01892089,40.3820,36.7219,127.8764,131.5365,0.01497903,0.01540776,0.00078837,16.1686,14.9395,0.3187,12.9430,0.6232,656.6943,40.6154,,16.1686,10.5031,15.8597,21.0062,21.0062,21.0062,31.5093,10.5031,0.0,1.324503,1.986755,1.019479,29,109,15,1,0E-8,0.01970926,,0E-8,0.000000,0.923984,0.000000,,2026-05-12,2026-06-02,13,270,171,22,0.590909,,,0.000000,,,,,,,,GLOBAL_BASELINE_NO_ENTITY_RANKING,,,NOT_APPLICABLE_GLOBAL_BASELINE,HF9g-P5,,,,X 全窗基线 · 不参与实体赏罚,6873589,688,A168_HF9F_20260827_0900,2026-08-27 09:00:00
2026-05-20,149914139,2174,0,21.0061968281,-21.0061968281,-21.0061968281,0E-7,1,1,0.49324550000000000,0.493245500000,-0.9865810262130424,-0.9865810262130424,-0.9865810262130424,0E-17,ELIGIBLE,R03b_20260811_FULL_v1,L1_ELIGIBILITY,v2026-08-11,2026-03-21..2026-08-06,baccarat_bet02_101_all_pairs_incl_sentinel,round_win = game_pnl > 0 (decisive only),COMPATIBILITY_ONLY_NOT_PRODUCTION,8537.0261,7888.0755,168.2584,528,528,-0.01970926,,-0.01970926,-0.01970926,-168.2584,8537.0261,OK,0.0000,6.7303,4.0000,96.0000,AG03-UNRESOLVED,ALL5_LEVELS_bet23_to_bet27,6.7303,6.7303,6.7303,10.0955,10.0955,4.000000,4.000000,4.000000,6.000000,6.000000,96.000000,96.000000,96.000000,94.000000,94.000000,5.0,40.3820,36.7219,127.8764,131.5365,PENDING_AG03,FALSE,NOT_FOR_ENFORCEMENT,161.5281,7572.5524,168.2584,161.5281,6.7303,0.01970926,0.01892089,6.7303,161.5281,0.01892089,6.7303,6.7303,6.7303,10.0955,10.0955,161.5281,0.01892089,40.3820,36.7219,127.8764,131.5365,0.01497903,0.01540776,0.00078837,16.1686,14.9395,0.3187,12.9430,0.6232,656.6943,40.6154,,16.1686,10.5031,15.8597,21.0062,21.0062,21.0062,31.5093,10.5031,0.0,1.324503,1.986755,1.019479,29,109,15,1,0E-8,0.01970926,,0E-8,0.000000,0.923984,0.000000,,2026-05-12,2026-06-02,13,270,171,22,0.590909,,,0.000000,,,,,,,,GLOBAL_BASELINE_NO_ENTITY_RANKING,,,NOT_APPLICABLE_GLOBAL_BASELINE,HF9g-P5,,,,X 全窗基线 · 不参与实体赏罚,6873590,688,A168_HF9F_20260827_0900,2026-08-27 09:00:00
2026-05-20,149914139,2188,0,94.5278857264,10.5030984140,10.5030984140,0.6000000,5,5,0.49324550000000000,0.493245500000,0.47746420675292983,0.47746420675292983,0.47746420675292983,0E-17,ELIGIBLE,R03b_20260811_FULL_v1,L1_ELIGIBILITY,v2026-08-11,2026-03-21..2026-08-06,baccarat_bet02_101_all_pairs_incl_sentinel,round_win = game_pnl > 0 (decisive only),COMPATIBILITY_ONLY_NOT_PRODUCTION,8537.0261,7888.0755,168.2584,528,528,-0.01970926,,-0.01970926,-0.01970926,-168.2584,8537.0261,OK,0.0000,6.7303,4.0000,96.0000,AG03-UNRESOLVED,ALL5_LEVELS_bet23_to_bet27,6.7303,6.7303,6.7303,10.0955,10.0955,4.000000,4.000000,4.000000,6.000000,6.000000,96.000000,96.000000,96.000000,94.000000,94.000000,5.0,40.3820,36.7219,127.8764,131.5365,PENDING_AG03,FALSE,NOT_FOR_ENFORCEMENT,161.5281,7572.5524,168.2584,161.5281,6.7303,0.01970926,0.01892089,6.7303,161.5281,0.01892089,6.7303,6.7303,6.7303,10.0955,10.0955,161.5281,0.01892089,40.3820,36.7219,127.8764,131.5365,0.01497903,0.01540776,0.00078837,16.1686,14.9395,0.3187,12.9430,0.6232,656.6943,40.6154,,16.1686,10.5031,15.8597,21.0062,21.0062,21.0062,31.5093,10.5031,0.0,1.324503,1.986755,1.019479,29,109,15,1,0E-8,0.01970926,,0E-8,0.000000,0.923984,0.000000,,2026-05-12,2026-06-02,13,270,171,22,0.590909,,,0.000000,,,,,,,,GLOBAL_BASELINE_NO_ENTITY_RANKING,,,NOT_APPLICABLE_GLOBAL_BASELINE,HF9g-P5,,,,X 全窗基线 · 不参与实体赏罚,6873591,688,A168_HF9F_20260827_0900,2026-08-27 09:00:00
2026-05-20,149914139,2220,0,42.0123936562,42.0123936562,42.0123936562,1.0000000,2,2,0.49324550000000000,0.493245500000,1.4334489766152358,1.4334489766152358,1.4334489766152358,0E-17,ELIGIBLE,R03b_20260811_FULL_v1,L1_ELIGIBILITY,v2026-08-11,2026-03-21..2026-08-06,baccarat_bet02_101_all_pairs_incl_sentinel,round_win = game_pnl > 0 (decisive only),COMPATIBILITY_ONLY_NOT_PRODUCTION,8537.0261,7888.0755,168.2584,528,528,-0.01970926,,-0.01970926,-0.01970926,-168.2584,8537.0261,OK,0.0000,6.7303,4.0000,96.0000,AG03-UNRESOLVED,ALL5_LEVELS_bet23_to_bet27,6.7303,6.7303,6.7303,10.0955,10.0955,4.000000,4.000000,4.000000,6.000000,6.000000,96.000000,96.000000,96.000000,94.000000,94.000000,5.0,40.3820,36.7219,127.8764,131.5365,PENDING_AG03,FALSE,NOT_FOR_ENFORCEMENT,161.5281,7572.5524,168.2584,161.5281,6.7303,0.01970926,0.01892089,6.7303,161.5281,0.01892089,6.7303,6.7303,6.7303,10.0955,10.0955,161.5281,0.01892089,40.3820,36.7219,127.8764,131.5365,0.01497903,0.01540776,0.00078837,16.1686,14.9395,0.3187,12.9430,0.6232,656.6943,40.6154,,16.1686,10.5031,15.8597,21.0062,21.0062,21.0062,31.5093,10.5031,0.0,1.324503,1.986755,1.019479,29,109,15,1,0E-8,0.01970926,,0E-8,0.000000,0.923984,0.000000,,2026-05-12,2026-06-02,13,270,171,22,0.590909,,,0.000000,,,,,,,,GLOBAL_BASELINE_NO_ENTITY_RANKING,,,NOT_APPLICABLE_GLOBAL_BASELINE,HF9g-P5,,,,X 全窗基线 · 不参与实体赏罚,6873592,688,A168_HF9F_20260827_0900,2026-08-27 09:00:00
2026-05-20,149914139,2246,0,63.0185904843,-42.0123936562,-42.0123936562,0E-7,3,3,0.49324550000000000,0.493245500000,-1.3952362676504506,-1.3952362676504506,-1.3952362676504506,0E-17,ELIGIBLE,R03b_20260811_FULL_v1,L1_ELIGIBILITY,v2026-08-11,2026-03-21..2026-08-06,baccarat_bet02_101_all_pairs_incl_sentinel,round_win = game_pnl > 0 (decisive only),COMPATIBILITY_ONLY_NOT_PRODUCTION,8537.0261,7888.0755,168.2584,528,528,-0.01970926,,-0.01970926,-0.01970926,-168.2584,8537.0261,OK,0.0000,6.7303,4.0000,96.0000,AG03-UNRESOLVED,ALL5_LEVELS_bet23_to_bet27,6.7303,6.7303,6.7303,10.0955,10.0955,4.000000,4.000000,4.000000,6.000000,6.000000,96.000000,96.000000,96.000000,94.000000,94.000000,5.0,40.3820,36.7219,127.8764,131.5365,PENDING_AG03,FALSE,NOT_FOR_ENFORCEMENT,161.5281,7572.5524,168.2584,161.5281,6.7303,0.01970926,0.01892089,6.7303,161.5281,0.01892089,6.7303,6.7303,6.7303,10.0955,10.0955,161.5281,0.01892089,40.3820,36.7219,127.8764,131.5365,0.01497903,0.01540776,0.00078837,16.1686,14.9395,0.3187,12.9430,0.6232,656.6943,40.6154,,16.1686,10.5031,15.8597,21.0062,21.0062,21.0062,31.5093,10.5031,0.0,1.324503,1.986755,1.019479,29,109,15,1,0E-8,0.01970926,,0E-8,0.000000,0.923984,0.000000,,2026-05-12,2026-06-02,13,270,171,22,0.590909,,,0.000000,,,,,,,,GLOBAL_BASELINE_NO_ENTITY_RANKING,,,NOT_APPLICABLE_GLOBAL_BASELINE,HF9g-P5,,,,X 全窗基线 · 不参与实体赏罚,6873593,688,A168_HF9F_20260827_0900,2026-08-27 09:00:00
2026-05-20,149914139,2251,0,52.5154920702,10.5030984140,10.5030984140,0.6666667,3,3,0.49324550000000000,0.493245500000,0.6008033672792107,0.6008033672792106,0.6008033672792107,0E-17,ELIGIBLE,R03b_20260811_FULL_v1,L1_ELIGIBILITY,v2026-08-11,2026-03-21..2026-08-06,baccarat_bet02_101_all_pairs_incl_sentinel,round_win = game_pnl > 0 (decisive only),COMPATIBILITY_ONLY_NOT_PRODUCTION,8537.0261,7888.0755,168.2584,528,528,-0.01970926,,-0.01970926,-0.01970926,-168.2584,8537.0261,OK,0.0000,6.7303,4.0000,96.0000,AG03-UNRESOLVED,ALL5_LEVELS_bet23_to_bet27,6.7303,6.7303,6.7303,10.0955,10.0955,4.000000,4.000000,4.000000,6.000000,6.000000,96.000000,96.000000,96.000000,94.000000,94.000000,5.0,40.3820,36.7219,127.8764,131.5365,PENDING_AG03,FALSE,NOT_FOR_ENFORCEMENT,161.5281,7572.5524,168.2584,161.5281,6.7303,0.01970926,0.01892089,6.7303,161.5281,0.01892089,6.7303,6.7303,6.7303,10.0955,10.0955,161.5281,0.01892089,40.3820,36.7219,127.8764,131.5365,0.01497903,0.01540776,0.00078837,16.1686,14.9395,0.3187,12.9430,0.6232,656.6943,40.6154,,16.1686,10.5031,15.8597,21.0062,21.0062,21.0062,31.5093,10.5031,0.0,1.324503,1.986755,1.019479,29,109,15,1,0E-8,0.01970926,,0E-8,0.000000,0.923984,0.000000,,2026-05-12,2026-06-02,13,270,171,22,0.590909,,,0.000000,,,,,,,,GLOBAL_BASELINE_NO_ENTITY_RANKING,,,NOT_APPLICABLE_GLOBAL_BASELINE,HF9g-P5,,,,X 全窗基线 · 不参与实体赏罚,6873594,688,A168_HF9F_20260827_0900,2026-08-27 09:00:00
2026-05-20,149914139,2254,0,21.0061968281,-21.0061968281,-21.0061968281,0E-7,1,1,0.49324550000000000,0.493245500000,-0.9865810262130424,-0.9865810262130424,-0.9865810262130424,0E-17,ELIGIBLE,R03b_20260811_FULL_v1,L1_ELIGIBILITY,v2026-08-11,2026-03-21..2026-08-06,baccarat_bet02_101_all_pairs_incl_sentinel,round_win = game_pnl > 0 (decisive only),COMPATIBILITY_ONLY_NOT_PRODUCTION,8537.0261,7888.0755,168.2584,528,528,-0.01970926,,-0.01970926,-0.01970926,-168.2584,8537.0261,OK,0.0000,6.7303,4.0000,96.0000,AG03-UNRESOLVED,ALL5_LEVELS_bet23_to_bet27,6.7303,6.7303,6.7303,10.0955,10.0955,4.000000,4.000000,4.000000,6.000000,6.000000,96.000000,96.000000,96.000000,94.000000,94.000000,5.0,40.3820,36.7219,127.8764,131.5365,PENDING_AG03,FALSE,NOT_FOR_ENFORCEMENT,161.5281,7572.5524,168.2584,161.5281,6.7303,0.01970926,0.01892089,6.7303,161.5281,0.01892089,6.7303,6.7303,6.7303,10.0955,10.0955,161.5281,0.01892089,40.3820,36.7219,127.8764,131.5365,0.01497903,0.01540776,0.00078837,16.1686,14.9395,0.3187,12.9430,0.6232,656.6943,40.6154,,16.1686,10.5031,15.8597,21.0062,21.0062,21.0062,31.5093,10.5031,0.0,1.324503,1.986755,1.019479,29,109,15,1,0E-8,0.01970926,,0E-8,0.000000,0.923984,0.000000,,2026-05-12,2026-06-02,13,270,171,22,0.590909,,,0.000000,,,,,,,,GLOBAL_BASELINE_NO_ENTITY_RANKING,,,NOT_APPLICABLE_GLOBAL_BASELINE,HF9g-P5,,,,X 全窗基线 · 不参与实体赏罚,6873595,688,A168_HF9F_20260827_0900,2026-08-27 09:00:00
2026-05-20,149914139,752,0,31.5092952421,-10.5030984141,-10.5030984141,0.5000000,2,2,0.49324550000000000,0.493245500000,0.01910635448239258,0.01910635448239258,0.01910635448239258,0E-17,ELIGIBLE,R03b_20260811_FULL_v1,L1_ELIGIBILITY,v2026-08-11,2026-03-21..2026-08-06,baccarat_bet02_101_all_pairs_incl_sentinel,round_win = game_pnl > 0 (decisive only),COMPATIBILITY_ONLY_NOT_PRODUCTION,8537.0261,7888.0755,168.2584,528,528,-0.01970926,,-0.01970926,-0.01970926,-168.2584,8537.0261,OK,0.0000,6.7303,4.0000,96.0000,AG03-UNRESOLVED,ALL5_LEVELS_bet23_to_bet27,6.7303,6.7303,6.7303,10.0955,10.0955,4.000000,4.000000,4.000000,6.000000,6.000000,96.000000,96.000000,96.000000,94.000000,94.000000,5.0,40.3820,36.7219,127.8764,131.5365,PENDING_AG03,FALSE,NOT_FOR_ENFORCEMENT,161.5281,7572.5524,168.2584,161.5281,6.7303,0.01970926,0.01892089,6.7303,161.5281,0.01892089,6.7303,6.7303,6.7303,10.0955,10.0955,161.5281,0.01892089,40.3820,36.7219,127.8764,131.5365,0.01497903,0.01540776,0.00078837,16.1686,14.9395,0.3187,12.9430,0.6232,656.6943,40.6154,,16.1686,10.5031,15.8597,21.0062,21.0062,21.0062,31.5093,10.5031,0.0,1.324503,1.986755,1.019479,29,109,15,1,0E-8,0.01970926,,0E-8,0.000000,0.923984,0.000000,,2026-05-12,2026-06-02,13,270,171,22,0.590909,,,0.000000,,,,,,,,GLOBAL_BASELINE_NO_ENTITY_RANKING,,,NOT_APPLICABLE_GLOBAL_BASELINE,HF9g-P5,,,,X 全窗基线 · 不参与实体赏罚,6873596,688,A168_HF9F_20260827_0900,2026-08-27 09:00:00
2026-05-20,149914139,772,0,21.0061968280,-10.5030984140,-10.5030984140,0E-7,2,2,0.49324550000000000,0.493245500000,-0.9865810262130424,-0.9865810262130424,-0.9865810262130424,0E-17,ELIGIBLE,R03b_20260811_FULL_v1,L1_ELIGIBILITY,v2026-08-11,2026-03-21..2026-08-06,baccarat_bet02_101_all_pairs_incl_sentinel,round_win = game_pnl > 0 (decisive only),COMPATIBILITY_ONLY_NOT_PRODUCTION,8537.0261,7888.0755,168.2584,528,528,-0.01970926,,-0.01970926,-0.01970926,-168.2584,8537.0261,OK,0.0000,6.7303,4.0000,96.0000,AG03-UNRESOLVED,ALL5_LEVELS_bet23_to_bet27,6.7303,6.7303,6.7303,10.0955,10.0955,4.000000,4.000000,4.000000,6.000000,6.000000,96.000000,96.000000,96.000000,94.000000,94.000000,5.0,40.3820,36.7219,127.8764,131.5365,PENDING_AG03,FALSE,NOT_FOR_ENFORCEMENT,161.5281,7572.5524,168.2584,161.5281,6.7303,0.01970926,0.01892089,6.7303,161.5281,0.01892089,6.7303,6.7303,6.7303,10.0955,10.0955,161.5281,0.01892089,40.3820,36.7219,127.8764,131.5365,0.01497903,0.01540776,0.00078837,16.1686,14.9395,0.3187,12.9430,0.6232,656.6943,40.6154,,16.1686,10.5031,15.8597,21.0062,21.0062,21.0062,31.5093,10.5031,0.0,1.324503,1.986755,1.019479,29,109,15,1,0E-8,0.01970926,,0E-8,0.000000,0.923984,0.000000,,2026-05-12,2026-06-02,13,270,171,22,0.590909,,,0.000000,,,,,,,,GLOBAL_BASELINE_NO_ENTITY_RANKING,,,NOT_APPLICABLE_GLOBAL_BASELINE,HF9g-P5,,,,X 全窗基线 · 不参与实体赏罚,6873597,688,A168_HF9F_20260827_0900,2026-08-27 09:00:00
2026-05-20,149914139,915,0,21.0061968281,0E-10,0E-10,,1,1,0.49324550000000000,0.493245500000,,,,0E-17,NO_DECISIVE_ROUND,R03b_20260811_FULL_v1,L1_ELIGIBILITY,v2026-08-11,2026-03-21..2026-08-06,baccarat_bet02_101_all_pairs_incl_sentinel,round_win = game_pnl > 0 (decisive only),COMPATIBILITY_ONLY_NOT_PRODUCTION,8537.0261,7888.0755,168.2584,528,528,-0.01970926,,-0.01970926,-0.01970926,-168.2584,8537.0261,OK,0.0000,6.7303,4.0000,96.0000,AG03-UNRESOLVED,ALL5_LEVELS_bet23_to_bet27,6.7303,6.7303,6.7303,10.0955,10.0955,4.000000,4.000000,4.000000,6.000000,6.000000,96.000000,96.000000,96.000000,94.000000,94.000000,5.0,40.3820,36.7219,127.8764,131.5365,PENDING_AG03,FALSE,NOT_FOR_ENFORCEMENT,161.5281,7572.5524,168.2584,161.5281,6.7303,0.01970926,0.01892089,6.7303,161.5281,0.01892089,6.7303,6.7303,6.7303,10.0955,10.0955,161.5281,0.01892089,40.3820,36.7219,127.8764,131.5365,0.01497903,0.01540776,0.00078837,16.1686,14.9395,0.3187,12.9430,0.6232,656.6943,40.6154,,16.1686,10.5031,15.8597,21.0062,21.0062,21.0062,31.5093,10.5031,0.0,1.324503,1.986755,1.019479,29,109,15,1,0E-8,0.01970926,,0E-8,0.000000,0.923984,0.000000,,2026-05-12,2026-06-02,13,270,171,22,0.590909,,,0.000000,,,,,,,,GLOBAL_BASELINE_NO_ENTITY_RANKING,,,NOT_APPLICABLE_GLOBAL_BASELINE,HF9g-P5,,,,X 全窗基线 · 不参与实体赏罚,6873598,688,A168_HF9F_20260827_0900,2026-08-27 09:00:00
2026-05-20,149914139,987,0,21.0061968281,21.0061968281,21.0061968281,1.0000000,1,1,0.49324550000000000,0.493245500000,1.01360149184955,1.01360149184955,1.01360149184955,0E-17,ELIGIBLE,R03b_20260811_FULL_v1,L1_ELIGIBILITY,v2026-08-11,2026-03-21..2026-08-06,baccarat_bet02_101_all_pairs_incl_sentinel,round_win = game_pnl > 0 (decisive only),COMPATIBILITY_ONLY_NOT_PRODUCTION,8537.0261,7888.0755,168.2584,528,528,-0.01970926,,-0.01970926,-0.01970926,-168.2584,8537.0261,OK,0.0000,6.7303,4.0000,96.0000,AG03-UNRESOLVED,ALL5_LEVELS_bet23_to_bet27,6.7303,6.7303,6.7303,10.0955,10.0955,4.000000,4.000000,4.000000,6.000000,6.000000,96.000000,96.000000,96.000000,94.000000,94.000000,5.0,40.3820,36.7219,127.8764,131.5365,PENDING_AG03,FALSE,NOT_FOR_ENFORCEMENT,161.5281,7572.5524,168.2584,161.5281,6.7303,0.01970926,0.01892089,6.7303,161.5281,0.01892089,6.7303,6.7303,6.7303,10.0955,10.0955,161.5281,0.01892089,40.3820,36.7219,127.8764,131.5365,0.01497903,0.01540776,0.00078837,16.1686,14.9395,0.3187,12.9430,0.6232,656.6943,40.6154,,16.1686,10.5031,15.8597,21.0062,21.0062,21.0062,31.5093,10.5031,0.0,1.324503,1.986755,1.019479,29,109,15,1,0E-8,0.01970926,,0E-8,0.000000,0.923984,0.000000,,2026-05-12,2026-06-02,13,270,171,22,0.590909,,,0.000000,,,,,,,,GLOBAL_BASELINE_NO_ENTITY_RANKING,,,NOT_APPLICABLE_GLOBAL_BASELINE,HF9g-P5,,,,X 全窗基线 · 不参与实体赏罚,6873599,688,A168_HF9F_20260827_0900,2026-08-27 09:00:00
2026-05-21,149914139,-1,1,210.0619682808,-63.0185904842,-63.0185904842,0.3000000,12,12,0.49324550000000000,0.493245500000,-1.222303391200897,-1.222303391200897,-1.222303391200897,0E-17,SENTINEL_DEALER,R03b_20260811_FULL_v1,L1_ELIGIBILITY,v2026-08-11,2026-03-21..2026-08-06,baccarat_bet02_101_all_pairs_incl_sentinel,round_win = game_pnl > 0 (decisive only),COMPATIBILITY_ONLY_NOT_PRODUCTION,8537.0261,7888.0755,168.2584,528,528,-0.01970926,,-0.01970926,-0.01970926,-168.2584,8537.0261,OK,0.0000,6.7303,4.0000,96.0000,AG03-UNRESOLVED,ALL5_LEVELS_bet23_to_bet27,6.7303,6.7303,6.7303,10.0955,10.0955,4.000000,4.000000,4.000000,6.000000,6.000000,96.000000,96.000000,96.000000,94.000000,94.000000,5.0,40.3820,36.7219,127.8764,131.5365,PENDING_AG03,FALSE,NOT_FOR_ENFORCEMENT,161.5281,7572.5524,168.2584,161.5281,6.7303,0.01970926,0.01892089,6.7303,161.5281,0.01892089,6.7303,6.7303,6.7303,10.0955,10.0955,161.5281,0.01892089,40.3820,36.7219,127.8764,131.5365,0.01497903,0.01540776,0.00078837,16.1686,14.9395,0.3187,12.9430,0.6232,656.6943,40.6154,,16.1686,10.5031,15.8597,21.0062,21.0062,21.0062,31.5093,10.5031,0.0,1.324503,1.986755,1.019479,29,109,15,1,0E-8,0.01970926,,0E-8,0.000000,0.923984,0.000000,,2026-05-12,2026-06-02,13,270,171,22,0.590909,,,0.000000,,,,,,,,GLOBAL_BASELINE_NO_ENTITY_RANKING,,,NOT_APPLICABLE_GLOBAL_BASELINE,HF9g-P5,,,,X 全窗基线 · 不参与实体赏罚,6873600,688,A168_HF9F_20260827_0900,2026-08-27 09:00:00
2026-05-21,149914139,1353,0,52.5154920702,0E-10,0E-10,0.5000000,3,3,0.49324550000000000,0.493245500000,0.01910635448239258,0.01910635448239258,0.01910635448239258,0E-17,ELIGIBLE,R03b_20260811_FULL_v1,L1_ELIGIBILITY,v2026-08-11,2026-03-21..2026-08-06,baccarat_bet02_101_all_pairs_incl_sentinel,round_win = game_pnl > 0 (decisive only),COMPATIBILITY_ONLY_NOT_PRODUCTION,8537.0261,7888.0755,168.2584,528,528,-0.01970926,,-0.01970926,-0.01970926,-168.2584,8537.0261,OK,0.0000,6.7303,4.0000,96.0000,AG03-UNRESOLVED,ALL5_LEVELS_bet23_to_bet27,6.7303,6.7303,6.7303,10.0955,10.0955,4.000000,4.000000,4.000000,6.000000,6.000000,96.000000,96.000000,96.000000,94.000000,94.000000,5.0,40.3820,36.7219,127.8764,131.5365,PENDING_AG03,FALSE,NOT_FOR_ENFORCEMENT,161.5281,7572.5524,168.2584,161.5281,6.7303,0.01970926,0.01892089,6.7303,161.5281,0.01892089,6.7303,6.7303,6.7303,10.0955,10.0955,161.5281,0.01892089,40.3820,36.7219,127.8764,131.5365,0.01497903,0.01540776,0.00078837,16.1686,14.9395,0.3187,12.9430,0.6232,656.6943,40.6154,,16.1686,10.5031,15.8597,21.0062,21.0062,21.0062,31.5093,10.5031,0.0,1.324503,1.986755,1.019479,29,109,15,1,0E-8,0.01970926,,0E-8,0.000000,0.923984,0.000000,,2026-05-12,2026-06-02,13,270,171,22,0.590909,,,0.000000,,,,,,,,GLOBAL_BASELINE_NO_ENTITY_RANKING,,,NOT_APPLICABLE_GLOBAL_BASELINE,HF9g-P5,,,,X 全窗基线 · 不参与实体赏罚,6873601,688,A168_HF9F_20260827_0900,2026-08-27 09:00:00
2026-05-21,149914139,1374,0,31.5092952421,-31.5092952421,-31.5092952421,0E-7,2,2,0.49324550000000000,0.493245500000,-1.3952362676504506,-1.3952362676504506,-1.3952362676504506,0E-17,ELIGIBLE,R03b_20260811_FULL_v1,L1_ELIGIBILITY,v2026-08-11,2026-03-21..2026-08-06,baccarat_bet02_101_all_pairs_incl_sentinel,round_win = game_pnl > 0 (decisive only),COMPATIBILITY_ONLY_NOT_PRODUCTION,8537.0261,7888.0755,168.2584,528,528,-0.01970926,,-0.01970926,-0.01970926,-168.2584,8537.0261,OK,0.0000,6.7303,4.0000,96.0000,AG03-UNRESOLVED,ALL5_LEVELS_bet23_to_bet27,6.7303,6.7303,6.7303,10.0955,10.0955,4.000000,4.000000,4.000000,6.000000,6.000000,96.000000,96.000000,96.000000,94.000000,94.000000,5.0,40.3820,36.7219,127.8764,131.5365,PENDING_AG03,FALSE,NOT_FOR_ENFORCEMENT,161.5281,7572.5524,168.2584,161.5281,6.7303,0.01970926,0.01892089,6.7303,161.5281,0.01892089,6.7303,6.7303,6.7303,10.0955,10.0955,161.5281,0.01892089,40.3820,36.7219,127.8764,131.5365,0.01497903,0.01540776,0.00078837,16.1686,14.9395,0.3187,12.9430,0.6232,656.6943,40.6154,,16.1686,10.5031,15.8597,21.0062,21.0062,21.0062,31.5093,10.5031,0.0,1.324503,1.986755,1.019479,29,109,15,1,0E-8,0.01970926,,0E-8,0.000000,0.923984,0.000000,,2026-05-12,2026-06-02,13,270,171,22,0.590909,,,0.000000,,,,,,,,GLOBAL_BASELINE_NO_ENTITY_RANKING,,,NOT_APPLICABLE_GLOBAL_BASELINE,HF9g-P5,,,,X 全窗基线 · 不参与实体赏罚,6873602,688,A168_HF9F_20260827_0900,2026-08-27 09:00:00
2026-05-21,149914139,1384,0,42.0123936562,0E-10,0E-10,0.5000000,2,2,0.49324550000000000,0.493245500000,0.01910635448239258,0.01910635448239258,0.01910635448239258,0E-17,ELIGIBLE,R03b_20260811_FULL_v1,L1_ELIGIBILITY,v2026-08-11,2026-03-21..2026-08-06,baccarat_bet02_101_all_pairs_incl_sentinel,round_win = game_pnl > 0 (decisive only),COMPATIBILITY_ONLY_NOT_PRODUCTION,8537.0261,7888.0755,168.2584,528,528,-0.01970926,,-0.01970926,-0.01970926,-168.2584,8537.0261,OK,0.0000,6.7303,4.0000,96.0000,AG03-UNRESOLVED,ALL5_LEVELS_bet23_to_bet27,6.7303,6.7303,6.7303,10.0955,10.0955,4.000000,4.000000,4.000000,6.000000,6.000000,96.000000,96.000000,96.000000,94.000000,94.000000,5.0,40.3820,36.7219,127.8764,131.5365,PENDING_AG03,FALSE,NOT_FOR_ENFORCEMENT,161.5281,7572.5524,168.2584,161.5281,6.7303,0.01970926,0.01892089,6.7303,161.5281,0.01892089,6.7303,6.7303,6.7303,10.0955,10.0955,161.5281,0.01892089,40.3820,36.7219,127.8764,131.5365,0.01497903,0.01540776,0.00078837,16.1686,14.9395,0.3187,12.9430,0.6232,656.6943,40.6154,,16.1686,10.5031,15.8597,21.0062,21.0062,21.0062,31.5093,10.5031,0.0,1.324503,1.986755,1.019479,29,109,15,1,0E-8,0.01970926,,0E-8,0.000000,0.923984,0.000000,,2026-05-12,2026-06-02,13,270,171,22,0.590909,,,0.000000,,,,,,,,GLOBAL_BASELINE_NO_ENTITY_RANKING,,,NOT_APPLICABLE_GLOBAL_BASELINE,HF9g-P5,,,,X 全窗基线 · 不参与实体赏罚,6873603,688,A168_HF9F_20260827_0900,2026-08-27 09:00:00
2026-05-21,149914139,1941,0,84.0247873124,0E-10,0E-10,0.5000000,4,4,0.49324550000000000,0.493245500000,0.027020465636507562,0.027020465636507562,0.027020465636507562,0E-17,ELIGIBLE,R03b_20260811_FULL_v1,L1_ELIGIBILITY,v2026-08-11,2026-03-21..2026-08-06,baccarat_bet02_101_all_pairs_incl_sentinel,round_win = game_pnl > 0 (decisive only),COMPATIBILITY_ONLY_NOT_PRODUCTION,8537.0261,7888.0755,168.2584,528,528,-0.01970926,,-0.01970926,-0.01970926,-168.2584,8537.0261,OK,0.0000,6.7303,4.0000,96.0000,AG03-UNRESOLVED,ALL5_LEVELS_bet23_to_bet27,6.7303,6.7303,6.7303,10.0955,10.0955,4.000000,4.000000,4.000000,6.000000,6.000000,96.000000,96.000000,96.000000,94.000000,94.000000,5.0,40.3820,36.7219,127.8764,131.5365,PENDING_AG03,FALSE,NOT_FOR_ENFORCEMENT,161.5281,7572.5524,168.2584,161.5281,6.7303,0.01970926,0.01892089,6.7303,161.5281,0.01892089,6.7303,6.7303,6.7303,10.0955,10.0955,161.5281,0.01892089,40.3820,36.7219,127.8764,131.5365,0.01497903,0.01540776,0.00078837,16.1686,14.9395,0.3187,12.9430,0.6232,656.6943,40.6154,,16.1686,10.5031,15.8597,21.0062,21.0062,21.0062,31.5093,10.5031,0.0,1.324503,1.986755,1.019479,29,109,15,1,0E-8,0.01970926,,0E-8,0.000000,0.923984,0.000000,,2026-05-12,2026-06-02,13,270,171,22,0.590909,,,0.000000,,,,,,,,GLOBAL_BASELINE_NO_ENTITY_RANKING,,,NOT_APPLICABLE_GLOBAL_BASELINE,HF9g-P5,,,,X 全窗基线 · 不参与实体赏罚,6873604,688,A168_HF9F_20260827_0900,2026-08-27 09:00:00
2026-05-21,149914139,1957,0,10.5030984140,10.5030984140,10.5030984140,1.0000000,1,1,0.49324550000000000,0.493245500000,1.01360149184955,1.01360149184955,1.01360149184955,0E-17,ELIGIBLE,R03b_20260811_FULL_v1,L1_ELIGIBILITY,v2026-08-11,2026-03-21..2026-08-06,baccarat_bet02_101_all_pairs_incl_sentinel,round_win = game_pnl > 0 (decisive only),COMPATIBILITY_ONLY_NOT_PRODUCTION,8537.0261,7888.0755,168.2584,528,528,-0.01970926,,-0.01970926,-0.01970926,-168.2584,8537.0261,OK,0.0000,6.7303,4.0000,96.0000,AG03-UNRESOLVED,ALL5_LEVELS_bet23_to_bet27,6.7303,6.7303,6.7303,10.0955,10.0955,4.000000,4.000000,4.000000,6.000000,6.000000,96.000000,96.000000,96.000000,94.000000,94.000000,5.0,40.3820,36.7219,127.8764,131.5365,PENDING_AG03,FALSE,NOT_FOR_ENFORCEMENT,161.5281,7572.5524,168.2584,161.5281,6.7303,0.01970926,0.01892089,6.7303,161.5281,0.01892089,6.7303,6.7303,6.7303,10.0955,10.0955,161.5281,0.01892089,40.3820,36.7219,127.8764,131.5365,0.01497903,0.01540776,0.00078837,16.1686,14.9395,0.3187,12.9430,0.6232,656.6943,40.6154,,16.1686,10.5031,15.8597,21.0062,21.0062,21.0062,31.5093,10.5031,0.0,1.324503,1.986755,1.019479,29,109,15,1,0E-8,0.01970926,,0E-8,0.000000,0.923984,0.000000,,2026-05-12,2026-06-02,13,270,171,22,0.590909,,,0.000000,,,,,,,,GLOBAL_BASELINE_NO_ENTITY_RANKING,,,NOT_APPLICABLE_GLOBAL_BASELINE,HF9g-P5,,,,X 全窗基线 · 不参与实体赏罚,6873605,688,A168_HF9F_20260827_0900,2026-08-27 09:00:00
2026-05-21,149914139,2130,0,21.0061968280,-21.0061968280,-21.0061968280,0E-7,2,2,0.49324550000000000,0.493245500000,-1.3952362676504506,-1.3952362676504506,-1.3952362676504506,0E-17,ELIGIBLE,R03b_20260811_FULL_v1,L1_ELIGIBILITY,v2026-08-11,2026-03-21..2026-08-06,baccarat_bet02_101_all_pairs_incl_sentinel,round_win = game_pnl > 0 (decisive only),COMPATIBILITY_ONLY_NOT_PRODUCTION,8537.0261,7888.0755,168.2584,528,528,-0.01970926,,-0.01970926,-0.01970926,-168.2584,8537.0261,OK,0.0000,6.7303,4.0000,96.0000,AG03-UNRESOLVED,ALL5_LEVELS_bet23_to_bet27,6.7303,6.7303,6.7303,10.0955,10.0955,4.000000,4.000000,4.000000,6.000000,6.000000,96.000000,96.000000,96.000000,94.000000,94.000000,5.0,40.3820,36.7219,127.8764,131.5365,PENDING_AG03,FALSE,NOT_FOR_ENFORCEMENT,161.5281,7572.5524,168.2584,161.5281,6.7303,0.01970926,0.01892089,6.7303,161.5281,0.01892089,6.7303,6.7303,6.7303,10.0955,10.0955,161.5281,0.01892089,40.3820,36.7219,127.8764,131.5365,0.01497903,0.01540776,0.00078837,16.1686,14.9395,0.3187,12.9430,0.6232,656.6943,40.6154,,16.1686,10.5031,15.8597,21.0062,21.0062,21.0062,31.5093,10.5031,0.0,1.324503,1.986755,1.019479,29,109,15,1,0E-8,0.01970926,,0E-8,0.000000,0.923984,0.000000,,2026-05-12,2026-06-02,13,270,171,22,0.590909,,,0.000000,,,,,,,,GLOBAL_BASELINE_NO_ENTITY_RANKING,,,NOT_APPLICABLE_GLOBAL_BASELINE,HF9g-P5,,,,X 全窗基线 · 不参与实体赏罚,6873606,688,A168_HF9F_20260827_0900,2026-08-27 09:00:00
2026-05-21,149914139,2134,0,21.0061968281,-21.0061968281,-21.0061968281,0E-7,1,1,0.49324550000000000,0.493245500000,-0.9865810262130424,-0.9865810262130424,-0.9865810262130424,0E-17,ELIGIBLE,R03b_20260811_FULL_v1,L1_ELIGIBILITY,v2026-08-11,2026-03-21..2026-08-06,baccarat_bet02_101_all_pairs_incl_sentinel,round_win = game_pnl > 0 (decisive only),COMPATIBILITY_ONLY_NOT_PRODUCTION,8537.0261,7888.0755,168.2584,528,528,-0.01970926,,-0.01970926,-0.01970926,-168.2584,8537.0261,OK,0.0000,6.7303,4.0000,96.0000,AG03-UNRESOLVED,ALL5_LEVELS_bet23_to_bet27,6.7303,6.7303,6.7303,10.0955,10.0955,4.000000,4.000000,4.000000,6.000000,6.000000,96.000000,96.000000,96.000000,94.000000,94.000000,5.0,40.3820,36.7219,127.8764,131.5365,PENDING_AG03,FALSE,NOT_FOR_ENFORCEMENT,161.5281,7572.5524,168.2584,161.5281,6.7303,0.01970926,0.01892089,6.7303,161.5281,0.01892089,6.7303,6.7303,6.7303,10.0955,10.0955,161.5281,0.01892089,40.3820,36.7219,127.8764,131.5365,0.01497903,0.01540776,0.00078837,16.1686,14.9395,0.3187,12.9430,0.6232,656.6943,40.6154,,16.1686,10.5031,15.8597,21.0062,21.0062,21.0062,31.5093,10.5031,0.0,1.324503,1.986755,1.019479,29,109,15,1,0E-8,0.01970926,,0E-8,0.000000,0.923984,0.000000,,2026-05-12,2026-06-02,13,270,171,22,0.590909,,,0.000000,,,,,,,,GLOBAL_BASELINE_NO_ENTITY_RANKING,,,NOT_APPLICABLE_GLOBAL_BASELINE,HF9g-P5,,,,X 全窗基线 · 不参与实体赏罚,6873607,688,A168_HF9F_20260827_0900,2026-08-27 09:00:00
2026-05-21,149914139,2177,0,42.0123936562,0E-10,0E-10,0.5000000,2,2,0.49324550000000000,0.493245500000,0.01910635448239258,0.01910635448239258,0.01910635448239258,0E-17,ELIGIBLE,R03b_20260811_FULL_v1,L1_ELIGIBILITY,v2026-08-11,2026-03-21..2026-08-06,baccarat_bet02_101_all_pairs_incl_sentinel,round_win = game_pnl > 0 (decisive only),COMPATIBILITY_ONLY_NOT_PRODUCTION,8537.0261,7888.0755,168.2584,528,528,-0.01970926,,-0.01970926,-0.01970926,-168.2584,8537.0261,OK,0.0000,6.7303,4.0000,96.0000,AG03-UNRESOLVED,ALL5_LEVELS_bet23_to_bet27,6.7303,6.7303,6.7303,10.0955,10.0955,4.000000,4.000000,4.000000,6.000000,6.000000,96.000000,96.000000,96.000000,94.000000,94.000000,5.0,40.3820,36.7219,127.8764,131.5365,PENDING_AG03,FALSE,NOT_FOR_ENFORCEMENT,161.5281,7572.5524,168.2584,161.5281,6.7303,0.01970926,0.01892089,6.7303,161.5281,0.01892089,6.7303,6.7303,6.7303,10.0955,10.0955,161.5281,0.01892089,40.3820,36.7219,127.8764,131.5365,0.01497903,0.01540776,0.00078837,16.1686,14.9395,0.3187,12.9430,0.6232,656.6943,40.6154,,16.1686,10.5031,15.8597,21.0062,21.0062,21.0062,31.5093,10.5031,0.0,1.324503,1.986755,1.019479,29,109,15,1,0E-8,0.01970926,,0E-8,0.000000,0.923984,0.000000,,2026-05-12,2026-06-02,13,270,171,22,0.590909,,,0.000000,,,,,,,,GLOBAL_BASELINE_NO_ENTITY_RANKING,,,NOT_APPLICABLE_GLOBAL_BASELINE,HF9g-P5,,,,X 全窗基线 · 不参与实体赏罚,6873608,688,A168_HF9F_20260827_0900,2026-08-27 09:00:00
2026-05-21,149914139,2188,0,10.5030984140,10.5030984140,10.5030984140,1.0000000,1,1,0.49324550000000000,0.493245500000,1.01360149184955,1.01360149184955,1.01360149184955,0E-17,ELIGIBLE,R03b_20260811_FULL_v1,L1_ELIGIBILITY,v2026-08-11,2026-03-21..2026-08-06,baccarat_bet02_101_all_pairs_incl_sentinel,round_win = game_pnl > 0 (decisive only),COMPATIBILITY_ONLY_NOT_PRODUCTION,8537.0261,7888.0755,168.2584,528,528,-0.01970926,,-0.01970926,-0.01970926,-168.2584,8537.0261,OK,0.0000,6.7303,4.0000,96.0000,AG03-UNRESOLVED,ALL5_LEVELS_bet23_to_bet27,6.7303,6.7303,6.7303,10.0955,10.0955,4.000000,4.000000,4.000000,6.000000,6.000000,96.000000,96.000000,96.000000,94.000000,94.000000,5.0,40.3820,36.7219,127.8764,131.5365,PENDING_AG03,FALSE,NOT_FOR_ENFORCEMENT,161.5281,7572.5524,168.2584,161.5281,6.7303,0.01970926,0.01892089,6.7303,161.5281,0.01892089,6.7303,6.7303,6.7303,10.0955,10.0955,161.5281,0.01892089,40.3820,36.7219,127.8764,131.5365,0.01497903,0.01540776,0.00078837,16.1686,14.9395,0.3187,12.9430,0.6232,656.6943,40.6154,,16.1686,10.5031,15.8597,21.0062,21.0062,21.0062,31.5093,10.5031,0.0,1.324503,1.986755,1.019479,29,109,15,1,0E-8,0.01970926,,0E-8,0.000000,0.923984,0.000000,,2026-05-12,2026-06-02,13,270,171,22,0.590909,,,0.000000,,,,,,,,GLOBAL_BASELINE_NO_ENTITY_RANKING,,,NOT_APPLICABLE_GLOBAL_BASELINE,HF9g-P5,,,,X 全窗基线 · 不参与实体赏罚,6873609,688,A168_HF9F_20260827_0900,2026-08-27 09:00:00
2026-05-21,149914139,2205,0,52.5154920702,52.5154920702,52.5154920702,1.0000000,3,3,0.49324550000000000,0.493245500000,1.755609282511032,1.7556092825110319,1.755609282511032,0E-17,ELIGIBLE,R03b_20260811_FULL_v1,L1_ELIGIBILITY,v2026-08-11,2026-03-21..2026-08-06,baccarat_bet02_101_all_pairs_incl_sentinel,round_win = game_pnl > 0 (decisive only),COMPATIBILITY_ONLY_NOT_PRODUCTION,8537.0261,7888.0755,168.2584,528,528,-0.01970926,,-0.01970926,-0.01970926,-168.2584,8537.0261,OK,0.0000,6.7303,4.0000,96.0000,AG03-UNRESOLVED,ALL5_LEVELS_bet23_to_bet27,6.7303,6.7303,6.7303,10.0955,10.0955,4.000000,4.000000,4.000000,6.000000,6.000000,96.000000,96.000000,96.000000,94.000000,94.000000,5.0,40.3820,36.7219,127.8764,131.5365,PENDING_AG03,FALSE,NOT_FOR_ENFORCEMENT,161.5281,7572.5524,168.2584,161.5281,6.7303,0.01970926,0.01892089,6.7303,161.5281,0.01892089,6.7303,6.7303,6.7303,10.0955,10.0955,161.5281,0.01892089,40.3820,36.7219,127.8764,131.5365,0.01497903,0.01540776,0.00078837,16.1686,14.9395,0.3187,12.9430,0.6232,656.6943,40.6154,,16.1686,10.5031,15.8597,21.0062,21.0062,21.0062,31.5093,10.5031,0.0,1.324503,1.986755,1.019479,29,109,15,1,0E-8,0.01970926,,0E-8,0.000000,0.923984,0.000000,,2026-05-12,2026-06-02,13,270,171,22,0.590909,,,0.000000,,,,,,,,GLOBAL_BASELINE_NO_ENTITY_RANKING,,,NOT_APPLICABLE_GLOBAL_BASELINE,HF9g-P5,,,,X 全窗基线 · 不参与实体赏罚,6873610,688,A168_HF9F_20260827_0900,2026-08-27 09:00:00
2026-05-21,149914139,2239,0,42.0123936562,0E-10,0E-10,0.5000000,2,2,0.49324550000000000,0.493245500000,0.01910635448239258,0.01910635448239258,0.01910635448239258,0E-17,ELIGIBLE,R03b_20260811_FULL_v1,L1_ELIGIBILITY,v2026-08-11,2026-03-21..2026-08-06,baccarat_bet02_101_all_pairs_incl_sentinel,round_win = game_pnl > 0 (decisive only),COMPATIBILITY_ONLY_NOT_PRODUCTION,8537.0261,7888.0755,168.2584,528,528,-0.01970926,,-0.01970926,-0.01970926,-168.2584,8537.0261,OK,0.0000,6.7303,4.0000,96.0000,AG03-UNRESOLVED,ALL5_LEVELS_bet23_to_bet27,6.7303,6.7303,6.7303,10.0955,10.0955,4.000000,4.000000,4.000000,6.000000,6.000000,96.000000,96.000000,96.000000,94.000000,94.000000,5.0,40.3820,36.7219,127.8764,131.5365,PENDING_AG03,FALSE,NOT_FOR_ENFORCEMENT,161.5281,7572.5524,168.2584,161.5281,6.7303,0.01970926,0.01892089,6.7303,161.5281,0.01892089,6.7303,6.7303,6.7303,10.0955,10.0955,161.5281,0.01892089,40.3820,36.7219,127.8764,131.5365,0.01497903,0.01540776,0.00078837,16.1686,14.9395,0.3187,12.9430,0.6232,656.6943,40.6154,,16.1686,10.5031,15.8597,21.0062,21.0062,21.0062,31.5093,10.5031,0.0,1.324503,1.986755,1.019479,29,109,15,1,0E-8,0.01970926,,0E-8,0.000000,0.923984,0.000000,,2026-05-12,2026-06-02,13,270,171,22,0.590909,,,0.000000,,,,,,,,GLOBAL_BASELINE_NO_ENTITY_RANKING,,,NOT_APPLICABLE_GLOBAL_BASELINE,HF9g-P5,,,,X 全窗基线 · 不参与实体赏罚,6873611,688,A168_HF9F_20260827_0900,2026-08-27 09:00:00
2026-05-21,149914139,471,0,31.5092952421,-10.5030984141,-10.5030984141,0.5000000,2,2,0.49324550000000000,0.493245500000,0.01910635448239258,0.01910635448239258,0.01910635448239258,0E-17,ELIGIBLE,R03b_20260811_FULL_v1,L1_ELIGIBILITY,v2026-08-11,2026-03-21..2026-08-06,baccarat_bet02_101_all_pairs_incl_sentinel,round_win = game_pnl > 0 (decisive only),COMPATIBILITY_ONLY_NOT_PRODUCTION,8537.0261,7888.0755,168.2584,528,528,-0.01970926,,-0.01970926,-0.01970926,-168.2584,8537.0261,OK,0.0000,6.7303,4.0000,96.0000,AG03-UNRESOLVED,ALL5_LEVELS_bet23_to_bet27,6.7303,6.7303,6.7303,10.0955,10.0955,4.000000,4.000000,4.000000,6.000000,6.000000,96.000000,96.000000,96.000000,94.000000,94.000000,5.0,40.3820,36.7219,127.8764,131.5365,PENDING_AG03,FALSE,NOT_FOR_ENFORCEMENT,161.5281,7572.5524,168.2584,161.5281,6.7303,0.01970926,0.01892089,6.7303,161.5281,0.01892089,6.7303,6.7303,6.7303,10.0955,10.0955,161.5281,0.01892089,40.3820,36.7219,127.8764,131.5365,0.01497903,0.01540776,0.00078837,16.1686,14.9395,0.3187,12.9430,0.6232,656.6943,40.6154,,16.1686,10.5031,15.8597,21.0062,21.0062,21.0062,31.5093,10.5031,0.0,1.324503,1.986755,1.019479,29,109,15,1,0E-8,0.01970926,,0E-8,0.000000,0.923984,0.000000,,2026-05-12,2026-06-02,13,270,171,22,0.590909,,,0.000000,,,,,,,,GLOBAL_BASELINE_NO_ENTITY_RANKING,,,NOT_APPLICABLE_GLOBAL_BASELINE,HF9g-P5,,,,X 全窗基线 · 不参与实体赏罚,6873612,688,A168_HF9F_20260827_0900,2026-08-27 09:00:00
2026-05-21,149914139,772,0,42.0123936561,-21.0061968281,-21.0061968281,0.3333333,3,3,0.49324550000000000,0.493245500000,-0.5540025479526107,-0.5540025479526106,-0.5540025479526107,0E-17,ELIGIBLE,R03b_20260811_FULL_v1,L1_ELIGIBILITY,v2026-08-11,2026-03-21..2026-08-06,baccarat_bet02_101_all_pairs_incl_sentinel,round_win = game_pnl > 0 (decisive only),COMPATIBILITY_ONLY_NOT_PRODUCTION,8537.0261,7888.0755,168.2584,528,528,-0.01970926,,-0.01970926,-0.01970926,-168.2584,8537.0261,OK,0.0000,6.7303,4.0000,96.0000,AG03-UNRESOLVED,ALL5_LEVELS_bet23_to_bet27,6.7303,6.7303,6.7303,10.0955,10.0955,4.000000,4.000000,4.000000,6.000000,6.000000,96.000000,96.000000,96.000000,94.000000,94.000000,5.0,40.3820,36.7219,127.8764,131.5365,PENDING_AG03,FALSE,NOT_FOR_ENFORCEMENT,161.5281,7572.5524,168.2584,161.5281,6.7303,0.01970926,0.01892089,6.7303,161.5281,0.01892089,6.7303,6.7303,6.7303,10.0955,10.0955,161.5281,0.01892089,40.3820,36.7219,127.8764,131.5365,0.01497903,0.01540776,0.00078837,16.1686,14.9395,0.3187,12.9430,0.6232,656.6943,40.6154,,16.1686,10.5031,15.8597,21.0062,21.0062,21.0062,31.5093,10.5031,0.0,1.324503,1.986755,1.019479,29,109,15,1,0E-8,0.01970926,,0E-8,0.000000,0.923984,0.000000,,2026-05-12,2026-06-02,13,270,171,22,0.590909,,,0.000000,,,,,,,,GLOBAL_BASELINE_NO_ENTITY_RANKING,,,NOT_APPLICABLE_GLOBAL_BASELINE,HF9g-P5,,,,X 全窗基线 · 不参与实体赏罚,6873613,688,A168_HF9F_20260827_0900,2026-08-27 09:00:00
2026-05-22,149914139,-1,1,31.5092952420,10.5030984140,10.5030984140,0.6666667,3,3,0.49324550000000000,0.493245500000,0.6008033672792107,0.6008033672792106,0.6008033672792107,0E-17,SENTINEL_DEALER,R03b_20260811_FULL_v1,L1_ELIGIBILITY,v2026-08-11,2026-03-21..2026-08-06,baccarat_bet02_101_all_pairs_incl_sentinel,round_win = game_pnl > 0 (decisive only),COMPATIBILITY_ONLY_NOT_PRODUCTION,8537.0261,7888.0755,168.2584,528,528,-0.01970926,,-0.01970926,-0.01970926,-168.2584,8537.0261,OK,0.0000,6.7303,4.0000,96.0000,AG03-UNRESOLVED,ALL5_LEVELS_bet23_to_bet27,6.7303,6.7303,6.7303,10.0955,10.0955,4.000000,4.000000,4.000000,6.000000,6.000000,96.000000,96.000000,96.000000,94.000000,94.000000,5.0,40.3820,36.7219,127.8764,131.5365,PENDING_AG03,FALSE,NOT_FOR_ENFORCEMENT,161.5281,7572.5524,168.2584,161.5281,6.7303,0.01970926,0.01892089,6.7303,161.5281,0.01892089,6.7303,6.7303,6.7303,10.0955,10.0955,161.5281,0.01892089,40.3820,36.7219,127.8764,131.5365,0.01497903,0.01540776,0.00078837,16.1686,14.9395,0.3187,12.9430,0.6232,656.6943,40.6154,,16.1686,10.5031,15.8597,21.0062,21.0062,21.0062,31.5093,10.5031,0.0,1.324503,1.986755,1.019479,29,109,15,1,0E-8,0.01970926,,0E-8,0.000000,0.923984,0.000000,,2026-05-12,2026-06-02,13,270,171,22,0.590909,,,0.000000,,,,,,,,GLOBAL_BASELINE_NO_ENTITY_RANKING,,,NOT_APPLICABLE_GLOBAL_BASELINE,HF9g-P5,,,,X 全窗基线 · 不参与实体赏罚,6873614,688,A168_HF9F_20260827_0900,2026-08-27 09:00:00
2026-05-22,149914139,1115,0,10.5030984140,-10.5030984140,-10.5030984140,0E-7,1,1,0.49324550000000000,0.493245500000,-0.9865810262130424,-0.9865810262130424,-0.9865810262130424,0E-17,ELIGIBLE,R03b_20260811_FULL_v1,L1_ELIGIBILITY,v2026-08-11,2026-03-21..2026-08-06,baccarat_bet02_101_all_pairs_incl_sentinel,round_win = game_pnl > 0 (decisive only),COMPATIBILITY_ONLY_NOT_PRODUCTION,8537.0261,7888.0755,168.2584,528,528,-0.01970926,,-0.01970926,-0.01970926,-168.2584,8537.0261,OK,0.0000,6.7303,4.0000,96.0000,AG03-UNRESOLVED,ALL5_LEVELS_bet23_to_bet27,6.7303,6.7303,6.7303,10.0955,10.0955,4.000000,4.000000,4.000000,6.000000,6.000000,96.000000,96.000000,96.000000,94.000000,94.000000,5.0,40.3820,36.7219,127.8764,131.5365,PENDING_AG03,FALSE,NOT_FOR_ENFORCEMENT,161.5281,7572.5524,168.2584,161.5281,6.7303,0.01970926,0.01892089,6.7303,161.5281,0.01892089,6.7303,6.7303,6.7303,10.0955,10.0955,161.5281,0.01892089,40.3820,36.7219,127.8764,131.5365,0.01497903,0.01540776,0.00078837,16.1686,14.9395,0.3187,12.9430,0.6232,656.6943,40.6154,,16.1686,10.5031,15.8597,21.0062,21.0062,21.0062,31.5093,10.5031,0.0,1.324503,1.986755,1.019479,29,109,15,1,0E-8,0.01970926,,0E-8,0.000000,0.923984,0.000000,,2026-05-12,2026-06-02,13,270,171,22,0.590909,,,0.000000,,,,,,,,GLOBAL_BASELINE_NO_ENTITY_RANKING,,,NOT_APPLICABLE_GLOBAL_BASELINE,HF9g-P5,,,,X 全窗基线 · 不参与实体赏罚,6873615,688,A168_HF9F_20260827_0900,2026-08-27 09:00:00
2026-05-22,149914139,1331,0,11.7634702237,-11.7634702237,-11.7634702237,0E-7,1,1,0.49324550000000000,0.493245500000,-0.9865810262130424,-0.9865810262130424,-0.9865810262130424,0E-17,ELIGIBLE,R03b_20260811_FULL_v1,L1_ELIGIBILITY,v2026-08-11,2026-03-21..2026-08-06,baccarat_bet02_101_all_pairs_incl_sentinel,round_win = game_pnl > 0 (decisive only),COMPATIBILITY_ONLY_NOT_PRODUCTION,8537.0261,7888.0755,168.2584,528,528,-0.01970926,,-0.01970926,-0.01970926,-168.2584,8537.0261,OK,0.0000,6.7303,4.0000,96.0000,AG03-UNRESOLVED,ALL5_LEVELS_bet23_to_bet27,6.7303,6.7303,6.7303,10.0955,10.0955,4.000000,4.000000,4.000000,6.000000,6.000000,96.000000,96.000000,96.000000,94.000000,94.000000,5.0,40.3820,36.7219,127.8764,131.5365,PENDING_AG03,FALSE,NOT_FOR_ENFORCEMENT,161.5281,7572.5524,168.2584,161.5281,6.7303,0.01970926,0.01892089,6.7303,161.5281,0.01892089,6.7303,6.7303,6.7303,10.0955,10.0955,161.5281,0.01892089,40.3820,36.7219,127.8764,131.5365,0.01497903,0.01540776,0.00078837,16.1686,14.9395,0.3187,12.9430,0.6232,656.6943,40.6154,,16.1686,10.5031,15.8597,21.0062,21.0062,21.0062,31.5093,10.5031,0.0,1.324503,1.986755,1.019479,29,109,15,1,0E-8,0.01970926,,0E-8,0.000000,0.923984,0.000000,,2026-05-12,2026-06-02,13,270,171,22,0.590909,,,0.000000,,,,,,,,GLOBAL_BASELINE_NO_ENTITY_RANKING,,,NOT_APPLICABLE_GLOBAL_BASELINE,HF9g-P5,,,,X 全窗基线 · 不参与实体赏罚,6873616,688,A168_HF9F_20260827_0900,2026-08-27 09:00:00
2026-05-22,149914139,1384,0,50.4148723873,-21.0061968281,-21.0061968281,0.3333333,3,3,0.49324550000000000,0.493245500000,-0.5540025479526107,-0.5540025479526106,-0.5540025479526107,0E-17,ELIGIBLE,R03b_20260811_FULL_v1,L1_ELIGIBILITY,v2026-08-11,2026-03-21..2026-08-06,baccarat_bet02_101_all_pairs_incl_sentinel,round_win = game_pnl > 0 (decisive only),COMPATIBILITY_ONLY_NOT_PRODUCTION,8537.0261,7888.0755,168.2584,528,528,-0.01970926,,-0.01970926,-0.01970926,-168.2584,8537.0261,OK,0.0000,6.7303,4.0000,96.0000,AG03-UNRESOLVED,ALL5_LEVELS_bet23_to_bet27,6.7303,6.7303,6.7303,10.0955,10.0955,4.000000,4.000000,4.000000,6.000000,6.000000,96.000000,96.000000,96.000000,94.000000,94.000000,5.0,40.3820,36.7219,127.8764,131.5365,PENDING_AG03,FALSE,NOT_FOR_ENFORCEMENT,161.5281,7572.5524,168.2584,161.5281,6.7303,0.01970926,0.01892089,6.7303,161.5281,0.01892089,6.7303,6.7303,6.7303,10.0955,10.0955,161.5281,0.01892089,40.3820,36.7219,127.8764,131.5365,0.01497903,0.01540776,0.00078837,16.1686,14.9395,0.3187,12.9430,0.6232,656.6943,40.6154,,16.1686,10.5031,15.8597,21.0062,21.0062,21.0062,31.5093,10.5031,0.0,1.324503,1.986755,1.019479,29,109,15,1,0E-8,0.01970926,,0E-8,0.000000,0.923984,0.000000,,2026-05-12,2026-06-02,13,270,171,22,0.590909,,,0.000000,,,,,,,,GLOBAL_BASELINE_NO_ENTITY_RANKING,,,NOT_APPLICABLE_GLOBAL_BASELINE,HF9g-P5,,,,X 全窗基线 · 不参与实体赏罚,6873617,688,A168_HF9F_20260827_0900,2026-08-27 09:00:00
2026-05-22,149914139,1385,0,10.5030984140,-10.5030984140,-10.5030984140,0E-7,1,1,0.49324550000000000,0.493245500000,-0.9865810262130424,-0.9865810262130424,-0.9865810262130424,0E-17,ELIGIBLE,R03b_20260811_FULL_v1,L1_ELIGIBILITY,v2026-08-11,2026-03-21..2026-08-06,baccarat_bet02_101_all_pairs_incl_sentinel,round_win = game_pnl > 0 (decisive only),COMPATIBILITY_ONLY_NOT_PRODUCTION,8537.0261,7888.0755,168.2584,528,528,-0.01970926,,-0.01970926,-0.01970926,-168.2584,8537.0261,OK,0.0000,6.7303,4.0000,96.0000,AG03-UNRESOLVED,ALL5_LEVELS_bet23_to_bet27,6.7303,6.7303,6.7303,10.0955,10.0955,4.000000,4.000000,4.000000,6.000000,6.000000,96.000000,96.000000,96.000000,94.000000,94.000000,5.0,40.3820,36.7219,127.8764,131.5365,PENDING_AG03,FALSE,NOT_FOR_ENFORCEMENT,161.5281,7572.5524,168.2584,161.5281,6.7303,0.01970926,0.01892089,6.7303,161.5281,0.01892089,6.7303,6.7303,6.7303,10.0955,10.0955,161.5281,0.01892089,40.3820,36.7219,127.8764,131.5365,0.01497903,0.01540776,0.00078837,16.1686,14.9395,0.3187,12.9430,0.6232,656.6943,40.6154,,16.1686,10.5031,15.8597,21.0062,21.0062,21.0062,31.5093,10.5031,0.0,1.324503,1.986755,1.019479,29,109,15,1,0E-8,0.01970926,,0E-8,0.000000,0.923984,0.000000,,2026-05-12,2026-06-02,13,270,171,22,0.590909,,,0.000000,,,,,,,,GLOBAL_BASELINE_NO_ENTITY_RANKING,,,NOT_APPLICABLE_GLOBAL_BASELINE,HF9g-P5,,,,X 全窗基线 · 不参与实体赏罚,6873618,688,A168_HF9F_20260827_0900,2026-08-27 09:00:00
2026-05-22,149914139,1405,0,10.5030984140,-10.5030984140,-10.5030984140,0E-7,1,1,0.49324550000000000,0.493245500000,-0.9865810262130424,-0.9865810262130424,-0.9865810262130424,0E-17,ELIGIBLE,R03b_20260811_FULL_v1,L1_ELIGIBILITY,v2026-08-11,2026-03-21..2026-08-06,baccarat_bet02_101_all_pairs_incl_sentinel,round_win = game_pnl > 0 (decisive only),COMPATIBILITY_ONLY_NOT_PRODUCTION,8537.0261,7888.0755,168.2584,528,528,-0.01970926,,-0.01970926,-0.01970926,-168.2584,8537.0261,OK,0.0000,6.7303,4.0000,96.0000,AG03-UNRESOLVED,ALL5_LEVELS_bet23_to_bet27,6.7303,6.7303,6.7303,10.0955,10.0955,4.000000,4.000000,4.000000,6.000000,6.000000,96.000000,96.000000,96.000000,94.000000,94.000000,5.0,40.3820,36.7219,127.8764,131.5365,PENDING_AG03,FALSE,NOT_FOR_ENFORCEMENT,161.5281,7572.5524,168.2584,161.5281,6.7303,0.01970926,0.01892089,6.7303,161.5281,0.01892089,6.7303,6.7303,6.7303,10.0955,10.0955,161.5281,0.01892089,40.3820,36.7219,127.8764,131.5365,0.01497903,0.01540776,0.00078837,16.1686,14.9395,0.3187,12.9430,0.6232,656.6943,40.6154,,16.1686,10.5031,15.8597,21.0062,21.0062,21.0062,31.5093,10.5031,0.0,1.324503,1.986755,1.019479,29,109,15,1,0E-8,0.01970926,,0E-8,0.000000,0.923984,0.000000,,2026-05-12,2026-06-02,13,270,171,22,0.590909,,,0.000000,,,,,,,,GLOBAL_BASELINE_NO_ENTITY_RANKING,,,NOT_APPLICABLE_GLOBAL_BASELINE,HF9g-P5,,,,X 全窗基线 · 不参与实体赏罚,6873619,688,A168_HF9F_20260827_0900,2026-08-27 09:00:00
2026-05-22,149914139,1941,0,10.5030984140,10.5030984140,10.5030984140,1.0000000,1,1,0.49324550000000000,0.493245500000,1.01360149184955,1.01360149184955,1.01360149184955,0E-17,ELIGIBLE,R03b_20260811_FULL_v1,L1_ELIGIBILITY,v2026-08-11,2026-03-21..2026-08-06,baccarat_bet02_101_all_pairs_incl_sentinel,round_win = game_pnl > 0 (decisive only),COMPATIBILITY_ONLY_NOT_PRODUCTION,8537.0261,7888.0755,168.2584,528,528,-0.01970926,,-0.01970926,-0.01970926,-168.2584,8537.0261,OK,0.0000,6.7303,4.0000,96.0000,AG03-UNRESOLVED,ALL5_LEVELS_bet23_to_bet27,6.7303,6.7303,6.7303,10.0955,10.0955,4.000000,4.000000,4.000000,6.000000,6.000000,96.000000,96.000000,96.000000,94.000000,94.000000,5.0,40.3820,36.7219,127.8764,131.5365,PENDING_AG03,FALSE,NOT_FOR_ENFORCEMENT,161.5281,7572.5524,168.2584,161.5281,6.7303,0.01970926,0.01892089,6.7303,161.5281,0.01892089,6.7303,6.7303,6.7303,10.0955,10.0955,161.5281,0.01892089,40.3820,36.7219,127.8764,131.5365,0.01497903,0.01540776,0.00078837,16.1686,14.9395,0.3187,12.9430,0.6232,656.6943,40.6154,,16.1686,10.5031,15.8597,21.0062,21.0062,21.0062,31.5093,10.5031,0.0,1.324503,1.986755,1.019479,29,109,15,1,0E-8,0.01970926,,0E-8,0.000000,0.923984,0.000000,,2026-05-12,2026-06-02,13,270,171,22,0.590909,,,0.000000,,,,,,,,GLOBAL_BASELINE_NO_ENTITY_RANKING,,,NOT_APPLICABLE_GLOBAL_BASELINE,HF9g-P5,,,,X 全窗基线 · 不参与实体赏罚,6873620,688,A168_HF9F_20260827_0900,2026-08-27 09:00:00
2026-05-22,149914139,2101,0,10.5030984140,10.5030984140,10.5030984140,1.0000000,1,1,0.49324550000000000,0.493245500000,1.01360149184955,1.01360149184955,1.01360149184955,0E-17,ELIGIBLE,R03b_20260811_FULL_v1,L1_ELIGIBILITY,v2026-08-11,2026-03-21..2026-08-06,baccarat_bet02_101_all_pairs_incl_sentinel,round_win = game_pnl > 0 (decisive only),COMPATIBILITY_ONLY_NOT_PRODUCTION,8537.0261,7888.0755,168.2584,528,528,-0.01970926,,-0.01970926,-0.01970926,-168.2584,8537.0261,OK,0.0000,6.7303,4.0000,96.0000,AG03-UNRESOLVED,ALL5_LEVELS_bet23_to_bet27,6.7303,6.7303,6.7303,10.0955,10.0955,4.000000,4.000000,4.000000,6.000000,6.000000,96.000000,96.000000,96.000000,94.000000,94.000000,5.0,40.3820,36.7219,127.8764,131.5365,PENDING_AG03,FALSE,NOT_FOR_ENFORCEMENT,161.5281,7572.5524,168.2584,161.5281,6.7303,0.01970926,0.01892089,6.7303,161.5281,0.01892089,6.7303,6.7303,6.7303,10.0955,10.0955,161.5281,0.01892089,40.3820,36.7219,127.8764,131.5365,0.01497903,0.01540776,0.00078837,16.1686,14.9395,0.3187,12.9430,0.6232,656.6943,40.6154,,16.1686,10.5031,15.8597,21.0062,21.0062,21.0062,31.5093,10.5031,0.0,1.324503,1.986755,1.019479,29,109,15,1,0E-8,0.01970926,,0E-8,0.000000,0.923984,0.000000,,2026-05-12,2026-06-02,13,270,171,22,0.590909,,,0.000000,,,,,,,,GLOBAL_BASELINE_NO_ENTITY_RANKING,,,NOT_APPLICABLE_GLOBAL_BASELINE,HF9g-P5,,,,X 全窗基线 · 不参与实体赏罚,6873621,688,A168_HF9F_20260827_0900,2026-08-27 09:00:00
2026-05-22,149914139,2121,0,10.5030984140,-10.5030984140,-10.5030984140,0E-7,1,1,0.49324550000000000,0.493245500000,-0.9865810262130424,-0.9865810262130424,-0.9865810262130424,0E-17,ELIGIBLE,R03b_20260811_FULL_v1,L1_ELIGIBILITY,v2026-08-11,2026-03-21..2026-08-06,baccarat_bet02_101_all_pairs_incl_sentinel,round_win = game_pnl > 0 (decisive only),COMPATIBILITY_ONLY_NOT_PRODUCTION,8537.0261,7888.0755,168.2584,528,528,-0.01970926,,-0.01970926,-0.01970926,-168.2584,8537.0261,OK,0.0000,6.7303,4.0000,96.0000,AG03-UNRESOLVED,ALL5_LEVELS_bet23_to_bet27,6.7303,6.7303,6.7303,10.0955,10.0955,4.000000,4.000000,4.000000,6.000000,6.000000,96.000000,96.000000,96.000000,94.000000,94.000000,5.0,40.3820,36.7219,127.8764,131.5365,PENDING_AG03,FALSE,NOT_FOR_ENFORCEMENT,161.5281,7572.5524,168.2584,161.5281,6.7303,0.01970926,0.01892089,6.7303,161.5281,0.01892089,6.7303,6.7303,6.7303,10.0955,10.0955,161.5281,0.01892089,40.3820,36.7219,127.8764,131.5365,0.01497903,0.01540776,0.00078837,16.1686,14.9395,0.3187,12.9430,0.6232,656.6943,40.6154,,16.1686,10.5031,15.8597,21.0062,21.0062,21.0062,31.5093,10.5031,0.0,1.324503,1.986755,1.019479,29,109,15,1,0E-8,0.01970926,,0E-8,0.000000,0.923984,0.000000,,2026-05-12,2026-06-02,13,270,171,22,0.590909,,,0.000000,,,,,,,,GLOBAL_BASELINE_NO_ENTITY_RANKING,,,NOT_APPLICABLE_GLOBAL_BASELINE,HF9g-P5,,,,X 全窗基线 · 不参与实体赏罚,6873622,688,A168_HF9F_20260827_0900,2026-08-27 09:00:00
2026-05-22,149914139,2188,0,10.5030984140,-10.5030984140,-10.5030984140,0E-7,1,1,0.49324550000000000,0.493245500000,-0.9865810262130424,-0.9865810262130424,-0.9865810262130424,0E-17,ELIGIBLE,R03b_20260811_FULL_v1,L1_ELIGIBILITY,v2026-08-11,2026-03-21..2026-08-06,baccarat_bet02_101_all_pairs_incl_sentinel,round_win = game_pnl > 0 (decisive only),COMPATIBILITY_ONLY_NOT_PRODUCTION,8537.0261,7888.0755,168.2584,528,528,-0.01970926,,-0.01970926,-0.01970926,-168.2584,8537.0261,OK,0.0000,6.7303,4.0000,96.0000,AG03-UNRESOLVED,ALL5_LEVELS_bet23_to_bet27,6.7303,6.7303,6.7303,10.0955,10.0955,4.000000,4.000000,4.000000,6.000000,6.000000,96.000000,96.000000,96.000000,94.000000,94.000000,5.0,40.3820,36.7219,127.8764,131.5365,PENDING_AG03,FALSE,NOT_FOR_ENFORCEMENT,161.5281,7572.5524,168.2584,161.5281,6.7303,0.01970926,0.01892089,6.7303,161.5281,0.01892089,6.7303,6.7303,6.7303,10.0955,10.0955,161.5281,0.01892089,40.3820,36.7219,127.8764,131.5365,0.01497903,0.01540776,0.00078837,16.1686,14.9395,0.3187,12.9430,0.6232,656.6943,40.6154,,16.1686,10.5031,15.8597,21.0062,21.0062,21.0062,31.5093,10.5031,0.0,1.324503,1.986755,1.019479,29,109,15,1,0E-8,0.01970926,,0E-8,0.000000,0.923984,0.000000,,2026-05-12,2026-06-02,13,270,171,22,0.590909,,,0.000000,,,,,,,,GLOBAL_BASELINE_NO_ENTITY_RANKING,,,NOT_APPLICABLE_GLOBAL_BASELINE,HF9g-P5,,,,X 全窗基线 · 不参与实体赏罚,6873623,688,A168_HF9F_20260827_0900,2026-08-27 09:00:00
2026-05-22,149914139,2196,0,10.5030984140,-10.5030984140,-10.5030984140,0E-7,1,1,0.49324550000000000,0.493245500000,-0.9865810262130424,-0.9865810262130424,-0.9865810262130424,0E-17,ELIGIBLE,R03b_20260811_FULL_v1,L1_ELIGIBILITY,v2026-08-11,2026-03-21..2026-08-06,baccarat_bet02_101_all_pairs_incl_sentinel,round_win = game_pnl > 0 (decisive only),COMPATIBILITY_ONLY_NOT_PRODUCTION,8537.0261,7888.0755,168.2584,528,528,-0.01970926,,-0.01970926,-0.01970926,-168.2584,8537.0261,OK,0.0000,6.7303,4.0000,96.0000,AG03-UNRESOLVED,ALL5_LEVELS_bet23_to_bet27,6.7303,6.7303,6.7303,10.0955,10.0955,4.000000,4.000000,4.000000,6.000000,6.000000,96.000000,96.000000,96.000000,94.000000,94.000000,5.0,40.3820,36.7219,127.8764,131.5365,PENDING_AG03,FALSE,NOT_FOR_ENFORCEMENT,161.5281,7572.5524,168.2584,161.5281,6.7303,0.01970926,0.01892089,6.7303,161.5281,0.01892089,6.7303,6.7303,6.7303,10.0955,10.0955,161.5281,0.01892089,40.3820,36.7219,127.8764,131.5365,0.01497903,0.01540776,0.00078837,16.1686,14.9395,0.3187,12.9430,0.6232,656.6943,40.6154,,16.1686,10.5031,15.8597,21.0062,21.0062,21.0062,31.5093,10.5031,0.0,1.324503,1.986755,1.019479,29,109,15,1,0E-8,0.01970926,,0E-8,0.000000,0.923984,0.000000,,2026-05-12,2026-06-02,13,270,171,22,0.590909,,,0.000000,,,,,,,,GLOBAL_BASELINE_NO_ENTITY_RANKING,,,NOT_APPLICABLE_GLOBAL_BASELINE,HF9g-P5,,,,X 全窗基线 · 不参与实体赏罚,6873624,688,A168_HF9F_20260827_0900,2026-08-27 09:00:00
2026-05-22,149914139,2239,0,31.5092952421,-21.0061968281,-21.0061968281,0E-7,2,2,0.49324550000000000,0.493245500000,-0.9865810262130424,-0.9865810262130424,-0.9865810262130424,0E-17,ELIGIBLE,R03b_20260811_FULL_v1,L1_ELIGIBILITY,v2026-08-11,2026-03-21..2026-08-06,baccarat_bet02_101_all_pairs_incl_sentinel,round_win = game_pnl > 0 (decisive only),COMPATIBILITY_ONLY_NOT_PRODUCTION,8537.0261,7888.0755,168.2584,528,528,-0.01970926,,-0.01970926,-0.01970926,-168.2584,8537.0261,OK,0.0000,6.7303,4.0000,96.0000,AG03-UNRESOLVED,ALL5_LEVELS_bet23_to_bet27,6.7303,6.7303,6.7303,10.0955,10.0955,4.000000,4.000000,4.000000,6.000000,6.000000,96.000000,96.000000,96.000000,94.000000,94.000000,5.0,40.3820,36.7219,127.8764,131.5365,PENDING_AG03,FALSE,NOT_FOR_ENFORCEMENT,161.5281,7572.5524,168.2584,161.5281,6.7303,0.01970926,0.01892089,6.7303,161.5281,0.01892089,6.7303,6.7303,6.7303,10.0955,10.0955,161.5281,0.01892089,40.3820,36.7219,127.8764,131.5365,0.01497903,0.01540776,0.00078837,16.1686,14.9395,0.3187,12.9430,0.6232,656.6943,40.6154,,16.1686,10.5031,15.8597,21.0062,21.0062,21.0062,31.5093,10.5031,0.0,1.324503,1.986755,1.019479,29,109,15,1,0E-8,0.01970926,,0E-8,0.000000,0.923984,0.000000,,2026-05-12,2026-06-02,13,270,171,22,0.590909,,,0.000000,,,,,,,,GLOBAL_BASELINE_NO_ENTITY_RANKING,,,NOT_APPLICABLE_GLOBAL_BASELINE,HF9g-P5,,,,X 全窗基线 · 不参与实体赏罚,6873625,688,A168_HF9F_20260827_0900,2026-08-27 09:00:00
2026-05-22,149914139,2254,0,10.5030984140,10.5030984140,10.5030984140,1.0000000,1,1,0.49324550000000000,0.493245500000,1.01360149184955,1.01360149184955,1.01360149184955,0E-17,ELIGIBLE,R03b_20260811_FULL_v1,L1_ELIGIBILITY,v2026-08-11,2026-03-21..2026-08-06,baccarat_bet02_101_all_pairs_incl_sentinel,round_win = game_pnl > 0 (decisive only),COMPATIBILITY_ONLY_NOT_PRODUCTION,8537.0261,7888.0755,168.2584,528,528,-0.01970926,,-0.01970926,-0.01970926,-168.2584,8537.0261,OK,0.0000,6.7303,4.0000,96.0000,AG03-UNRESOLVED,ALL5_LEVELS_bet23_to_bet27,6.7303,6.7303,6.7303,10.0955,10.0955,4.000000,4.000000,4.000000,6.000000,6.000000,96.000000,96.000000,96.000000,94.000000,94.000000,5.0,40.3820,36.7219,127.8764,131.5365,PENDING_AG03,FALSE,NOT_FOR_ENFORCEMENT,161.5281,7572.5524,168.2584,161.5281,6.7303,0.01970926,0.01892089,6.7303,161.5281,0.01892089,6.7303,6.7303,6.7303,10.0955,10.0955,161.5281,0.01892089,40.3820,36.7219,127.8764,131.5365,0.01497903,0.01540776,0.00078837,16.1686,14.9395,0.3187,12.9430,0.6232,656.6943,40.6154,,16.1686,10.5031,15.8597,21.0062,21.0062,21.0062,31.5093,10.5031,0.0,1.324503,1.986755,1.019479,29,109,15,1,0E-8,0.01970926,,0E-8,0.000000,0.923984,0.000000,,2026-05-12,2026-06-02,13,270,171,22,0.590909,,,0.000000,,,,,,,,GLOBAL_BASELINE_NO_ENTITY_RANKING,,,NOT_APPLICABLE_GLOBAL_BASELINE,HF9g-P5,,,,X 全窗基线 · 不参与实体赏罚,6873626,688,A168_HF9F_20260827_0900,2026-08-27 09:00:00
2026-05-22,149914139,526,0,10.5030984140,-10.5030984140,-10.5030984140,0E-7,1,1,0.49324550000000000,0.493245500000,-0.9865810262130424,-0.9865810262130424,-0.9865810262130424,0E-17,ELIGIBLE,R03b_20260811_FULL_v1,L1_ELIGIBILITY,v2026-08-11,2026-03-21..2026-08-06,baccarat_bet02_101_all_pairs_incl_sentinel,round_win = game_pnl > 0 (decisive only),COMPATIBILITY_ONLY_NOT_PRODUCTION,8537.0261,7888.0755,168.2584,528,528,-0.01970926,,-0.01970926,-0.01970926,-168.2584,8537.0261,OK,0.0000,6.7303,4.0000,96.0000,AG03-UNRESOLVED,ALL5_LEVELS_bet23_to_bet27,6.7303,6.7303,6.7303,10.0955,10.0955,4.000000,4.000000,4.000000,6.000000,6.000000,96.000000,96.000000,96.000000,94.000000,94.000000,5.0,40.3820,36.7219,127.8764,131.5365,PENDING_AG03,FALSE,NOT_FOR_ENFORCEMENT,161.5281,7572.5524,168.2584,161.5281,6.7303,0.01970926,0.01892089,6.7303,161.5281,0.01892089,6.7303,6.7303,6.7303,10.0955,10.0955,161.5281,0.01892089,40.3820,36.7219,127.8764,131.5365,0.01497903,0.01540776,0.00078837,16.1686,14.9395,0.3187,12.9430,0.6232,656.6943,40.6154,,16.1686,10.5031,15.8597,21.0062,21.0062,21.0062,31.5093,10.5031,0.0,1.324503,1.986755,1.019479,29,109,15,1,0E-8,0.01970926,,0E-8,0.000000,0.923984,0.000000,,2026-05-12,2026-06-02,13,270,171,22,0.590909,,,0.000000,,,,,,,,GLOBAL_BASELINE_NO_ENTITY_RANKING,,,NOT_APPLICABLE_GLOBAL_BASELINE,HF9g-P5,,,,X 全窗基线 · 不参与实体赏罚,6873627,688,A168_HF9F_20260827_0900,2026-08-27 09:00:00
2026-05-22,149914139,752,0,11.1332843189,11.1332843189,11.1332843189,1.0000000,1,1,0.49324550000000000,0.493245500000,1.01360149184955,1.01360149184955,1.01360149184955,0E-17,ELIGIBLE,R03b_20260811_FULL_v1,L1_ELIGIBILITY,v2026-08-11,2026-03-21..2026-08-06,baccarat_bet02_101_all_pairs_incl_sentinel,round_win = game_pnl > 0 (decisive only),COMPATIBILITY_ONLY_NOT_PRODUCTION,8537.0261,7888.0755,168.2584,528,528,-0.01970926,,-0.01970926,-0.01970926,-168.2584,8537.0261,OK,0.0000,6.7303,4.0000,96.0000,AG03-UNRESOLVED,ALL5_LEVELS_bet23_to_bet27,6.7303,6.7303,6.7303,10.0955,10.0955,4.000000,4.000000,4.000000,6.000000,6.000000,96.000000,96.000000,96.000000,94.000000,94.000000,5.0,40.3820,36.7219,127.8764,131.5365,PENDING_AG03,FALSE,NOT_FOR_ENFORCEMENT,161.5281,7572.5524,168.2584,161.5281,6.7303,0.01970926,0.01892089,6.7303,161.5281,0.01892089,6.7303,6.7303,6.7303,10.0955,10.0955,161.5281,0.01892089,40.3820,36.7219,127.8764,131.5365,0.01497903,0.01540776,0.00078837,16.1686,14.9395,0.3187,12.9430,0.6232,656.6943,40.6154,,16.1686,10.5031,15.8597,21.0062,21.0062,21.0062,31.5093,10.5031,0.0,1.324503,1.986755,1.019479,29,109,15,1,0E-8,0.01970926,,0E-8,0.000000,0.923984,0.000000,,2026-05-12,2026-06-02,13,270,171,22,0.590909,,,0.000000,,,,,,,,GLOBAL_BASELINE_NO_ENTITY_RANKING,,,NOT_APPLICABLE_GLOBAL_BASELINE,HF9g-P5,,,,X 全窗基线 · 不参与实体赏罚,6873628,688,A168_HF9F_20260827_0900,2026-08-27 09:00:00
2026-05-23,149914139,-1,1,46.0035710534,-35.5004726394,-35.5004726394,0E-7,4,4,0.49324550000000000,0.493245500000,-1.708808463184432,-1.7088084631844318,-1.708808463184432,0E-17,SENTINEL_DEALER,R03b_20260811_FULL_v1,L1_ELIGIBILITY,v2026-08-11,2026-03-21..2026-08-06,baccarat_bet02_101_all_pairs_incl_sentinel,round_win = game_pnl > 0 (decisive only),COMPATIBILITY_ONLY_NOT_PRODUCTION,8537.0261,7888.0755,168.2584,528,528,-0.01970926,,-0.01970926,-0.01970926,-168.2584,8537.0261,OK,0.0000,6.7303,4.0000,96.0000,AG03-UNRESOLVED,ALL5_LEVELS_bet23_to_bet27,6.7303,6.7303,6.7303,10.0955,10.0955,4.000000,4.000000,4.000000,6.000000,6.000000,96.000000,96.000000,96.000000,94.000000,94.000000,5.0,40.3820,36.7219,127.8764,131.5365,PENDING_AG03,FALSE,NOT_FOR_ENFORCEMENT,161.5281,7572.5524,168.2584,161.5281,6.7303,0.01970926,0.01892089,6.7303,161.5281,0.01892089,6.7303,6.7303,6.7303,10.0955,10.0955,161.5281,0.01892089,40.3820,36.7219,127.8764,131.5365,0.01497903,0.01540776,0.00078837,16.1686,14.9395,0.3187,12.9430,0.6232,656.6943,40.6154,,16.1686,10.5031,15.8597,21.0062,21.0062,21.0062,31.5093,10.5031,0.0,1.324503,1.986755,1.019479,29,109,15,1,0E-8,0.01970926,,0E-8,0.000000,0.923984,0.000000,,2026-05-12,2026-06-02,13,270,171,22,0.590909,,,0.000000,,,,,,,,GLOBAL_BASELINE_NO_ENTITY_RANKING,,,NOT_APPLICABLE_GLOBAL_BASELINE,HF9g-P5,,,,X 全窗基线 · 不参与实体赏罚,6873629,688,A168_HF9F_20260827_0900,2026-08-27 09:00:00
2026-05-23,149914139,2246,0,4.2012393656,-4.2012393656,-4.2012393656,0E-7,1,1,0.49324550000000000,0.493245500000,-0.9865810262130424,-0.9865810262130424,-0.9865810262130424,0E-17,ELIGIBLE,R03b_20260811_FULL_v1,L1_ELIGIBILITY,v2026-08-11,2026-03-21..2026-08-06,baccarat_bet02_101_all_pairs_incl_sentinel,round_win = game_pnl > 0 (decisive only),COMPATIBILITY_ONLY_NOT_PRODUCTION,8537.0261,7888.0755,168.2584,528,528,-0.01970926,,-0.01970926,-0.01970926,-168.2584,8537.0261,OK,0.0000,6.7303,4.0000,96.0000,AG03-UNRESOLVED,ALL5_LEVELS_bet23_to_bet27,6.7303,6.7303,6.7303,10.0955,10.0955,4.000000,4.000000,4.000000,6.000000,6.000000,96.000000,96.000000,96.000000,94.000000,94.000000,5.0,40.3820,36.7219,127.8764,131.5365,PENDING_AG03,FALSE,NOT_FOR_ENFORCEMENT,161.5281,7572.5524,168.2584,161.5281,6.7303,0.01970926,0.01892089,6.7303,161.5281,0.01892089,6.7303,6.7303,6.7303,10.0955,10.0955,161.5281,0.01892089,40.3820,36.7219,127.8764,131.5365,0.01497903,0.01540776,0.00078837,16.1686,14.9395,0.3187,12.9430,0.6232,656.6943,40.6154,,16.1686,10.5031,15.8597,21.0062,21.0062,21.0062,31.5093,10.5031,0.0,1.324503,1.986755,1.019479,29,109,15,1,0E-8,0.01970926,,0E-8,0.000000,0.923984,0.000000,,2026-05-12,2026-06-02,13,270,171,22,0.590909,,,0.000000,,,,,,,,GLOBAL_BASELINE_NO_ENTITY_RANKING,,,NOT_APPLICABLE_GLOBAL_BASELINE,HF9g-P5,,,,X 全窗基线 · 不参与实体赏罚,6873630,688,A168_HF9F_20260827_0900,2026-08-27 09:00:00
2026-05-29,149914139,-1,1,73.5216888981,10.5030984141,10.5030984141,0.5000000,6,6,0.49324550000000000,0.493245500000,0.03309317671092531,0.03309317671092531,0.03309317671092531,0E-17,SENTINEL_DEALER,R03b_20260811_FULL_v1,L1_ELIGIBILITY,v2026-08-11,2026-03-21..2026-08-06,baccarat_bet02_101_all_pairs_incl_sentinel,round_win = game_pnl > 0 (decisive only),COMPATIBILITY_ONLY_NOT_PRODUCTION,8537.0261,7888.0755,168.2584,528,528,-0.01970926,,-0.01970926,-0.01970926,-168.2584,8537.0261,OK,0.0000,6.7303,4.0000,96.0000,AG03-UNRESOLVED,ALL5_LEVELS_bet23_to_bet27,6.7303,6.7303,6.7303,10.0955,10.0955,4.000000,4.000000,4.000000,6.000000,6.000000,96.000000,96.000000,96.000000,94.000000,94.000000,5.0,40.3820,36.7219,127.8764,131.5365,PENDING_AG03,FALSE,NOT_FOR_ENFORCEMENT,161.5281,7572.5524,168.2584,161.5281,6.7303,0.01970926,0.01892089,6.7303,161.5281,0.01892089,6.7303,6.7303,6.7303,10.0955,10.0955,161.5281,0.01892089,40.3820,36.7219,127.8764,131.5365,0.01497903,0.01540776,0.00078837,16.1686,14.9395,0.3187,12.9430,0.6232,656.6943,40.6154,,16.1686,10.5031,15.8597,21.0062,21.0062,21.0062,31.5093,10.5031,0.0,1.324503,1.986755,1.019479,29,109,15,1,0E-8,0.01970926,,0E-8,0.000000,0.923984,0.000000,,2026-05-12,2026-06-02,13,270,171,22,0.590909,,,0.000000,,,,,,,,GLOBAL_BASELINE_NO_ENTITY_RANKING,,,NOT_APPLICABLE_GLOBAL_BASELINE,HF9g-P5,,,,X 全窗基线 · 不参与实体赏罚,6873631,688,A168_HF9F_20260827_0900,2026-08-27 09:00:00
2026-05-29,149914139,1109,0,10.5030984140,-10.5030984140,-10.5030984140,0E-7,1,1,0.49324550000000000,0.493245500000,-0.9865810262130424,-0.9865810262130424,-0.9865810262130424,0E-17,ELIGIBLE,R03b_20260811_FULL_v1,L1_ELIGIBILITY,v2026-08-11,2026-03-21..2026-08-06,baccarat_bet02_101_all_pairs_incl_sentinel,round_win = game_pnl > 0 (decisive only),COMPATIBILITY_ONLY_NOT_PRODUCTION,8537.0261,7888.0755,168.2584,528,528,-0.01970926,,-0.01970926,-0.01970926,-168.2584,8537.0261,OK,0.0000,6.7303,4.0000,96.0000,AG03-UNRESOLVED,ALL5_LEVELS_bet23_to_bet27,6.7303,6.7303,6.7303,10.0955,10.0955,4.000000,4.000000,4.000000,6.000000,6.000000,96.000000,96.000000,96.000000,94.000000,94.000000,5.0,40.3820,36.7219,127.8764,131.5365,PENDING_AG03,FALSE,NOT_FOR_ENFORCEMENT,161.5281,7572.5524,168.2584,161.5281,6.7303,0.01970926,0.01892089,6.7303,161.5281,0.01892089,6.7303,6.7303,6.7303,10.0955,10.0955,161.5281,0.01892089,40.3820,36.7219,127.8764,131.5365,0.01497903,0.01540776,0.00078837,16.1686,14.9395,0.3187,12.9430,0.6232,656.6943,40.6154,,16.1686,10.5031,15.8597,21.0062,21.0062,21.0062,31.5093,10.5031,0.0,1.324503,1.986755,1.019479,29,109,15,1,0E-8,0.01970926,,0E-8,0.000000,0.923984,0.000000,,2026-05-12,2026-06-02,13,270,171,22,0.590909,,,0.000000,,,,,,,,GLOBAL_BASELINE_NO_ENTITY_RANKING,,,NOT_APPLICABLE_GLOBAL_BASELINE,HF9g-P5,,,,X 全窗基线 · 不参与实体赏罚,6873632,688,A168_HF9F_20260827_0900,2026-08-27 09:00:00
2026-05-29,149914139,1382,0,31.5092952420,10.5030984140,10.5030984140,1.0000000,3,3,0.49324550000000000,0.493245500000,1.01360149184955,1.01360149184955,1.01360149184955,0E-17,ELIGIBLE,R03b_20260811_FULL_v1,L1_ELIGIBILITY,v2026-08-11,2026-03-21..2026-08-06,baccarat_bet02_101_all_pairs_incl_sentinel,round_win = game_pnl > 0 (decisive only),COMPATIBILITY_ONLY_NOT_PRODUCTION,8537.0261,7888.0755,168.2584,528,528,-0.01970926,,-0.01970926,-0.01970926,-168.2584,8537.0261,OK,0.0000,6.7303,4.0000,96.0000,AG03-UNRESOLVED,ALL5_LEVELS_bet23_to_bet27,6.7303,6.7303,6.7303,10.0955,10.0955,4.000000,4.000000,4.000000,6.000000,6.000000,96.000000,96.000000,96.000000,94.000000,94.000000,5.0,40.3820,36.7219,127.8764,131.5365,PENDING_AG03,FALSE,NOT_FOR_ENFORCEMENT,161.5281,7572.5524,168.2584,161.5281,6.7303,0.01970926,0.01892089,6.7303,161.5281,0.01892089,6.7303,6.7303,6.7303,10.0955,10.0955,161.5281,0.01892089,40.3820,36.7219,127.8764,131.5365,0.01497903,0.01540776,0.00078837,16.1686,14.9395,0.3187,12.9430,0.6232,656.6943,40.6154,,16.1686,10.5031,15.8597,21.0062,21.0062,21.0062,31.5093,10.5031,0.0,1.324503,1.986755,1.019479,29,109,15,1,0E-8,0.01970926,,0E-8,0.000000,0.923984,0.000000,,2026-05-12,2026-06-02,13,270,171,22,0.590909,,,0.000000,,,,,,,,GLOBAL_BASELINE_NO_ENTITY_RANKING,,,NOT_APPLICABLE_GLOBAL_BASELINE,HF9g-P5,,,,X 全窗基线 · 不参与实体赏罚,6873633,688,A168_HF9F_20260827_0900,2026-08-27 09:00:00
2026-05-29,149914139,1485,0,10.5030984140,-10.5030984140,-10.5030984140,0E-7,1,1,0.49324550000000000,0.493245500000,-0.9865810262130424,-0.9865810262130424,-0.9865810262130424,0E-17,ELIGIBLE,R03b_20260811_FULL_v1,L1_ELIGIBILITY,v2026-08-11,2026-03-21..2026-08-06,baccarat_bet02_101_all_pairs_incl_sentinel,round_win = game_pnl > 0 (decisive only),COMPATIBILITY_ONLY_NOT_PRODUCTION,8537.0261,7888.0755,168.2584,528,528,-0.01970926,,-0.01970926,-0.01970926,-168.2584,8537.0261,OK,0.0000,6.7303,4.0000,96.0000,AG03-UNRESOLVED,ALL5_LEVELS_bet23_to_bet27,6.7303,6.7303,6.7303,10.0955,10.0955,4.000000,4.000000,4.000000,6.000000,6.000000,96.000000,96.000000,96.000000,94.000000,94.000000,5.0,40.3820,36.7219,127.8764,131.5365,PENDING_AG03,FALSE,NOT_FOR_ENFORCEMENT,161.5281,7572.5524,168.2584,161.5281,6.7303,0.01970926,0.01892089,6.7303,161.5281,0.01892089,6.7303,6.7303,6.7303,10.0955,10.0955,161.5281,0.01892089,40.3820,36.7219,127.8764,131.5365,0.01497903,0.01540776,0.00078837,16.1686,14.9395,0.3187,12.9430,0.6232,656.6943,40.6154,,16.1686,10.5031,15.8597,21.0062,21.0062,21.0062,31.5093,10.5031,0.0,1.324503,1.986755,1.019479,29,109,15,1,0E-8,0.01970926,,0E-8,0.000000,0.923984,0.000000,,2026-05-12,2026-06-02,13,270,171,22,0.590909,,,0.000000,,,,,,,,GLOBAL_BASELINE_NO_ENTITY_RANKING,,,NOT_APPLICABLE_GLOBAL_BASELINE,HF9g-P5,,,,X 全窗基线 · 不参与实体赏罚,6873634,688,A168_HF9F_20260827_0900,2026-08-27 09:00:00
2026-05-29,149914139,1994,0,10.5030984140,10.5030984140,10.5030984140,1.0000000,1,1,0.49324550000000000,0.493245500000,1.01360149184955,1.01360149184955,1.01360149184955,0E-17,ELIGIBLE,R03b_20260811_FULL_v1,L1_ELIGIBILITY,v2026-08-11,2026-03-21..2026-08-06,baccarat_bet02_101_all_pairs_incl_sentinel,round_win = game_pnl > 0 (decisive only),COMPATIBILITY_ONLY_NOT_PRODUCTION,8537.0261,7888.0755,168.2584,528,528,-0.01970926,,-0.01970926,-0.01970926,-168.2584,8537.0261,OK,0.0000,6.7303,4.0000,96.0000,AG03-UNRESOLVED,ALL5_LEVELS_bet23_to_bet27,6.7303,6.7303,6.7303,10.0955,10.0955,4.000000,4.000000,4.000000,6.000000,6.000000,96.000000,96.000000,96.000000,94.000000,94.000000,5.0,40.3820,36.7219,127.8764,131.5365,PENDING_AG03,FALSE,NOT_FOR_ENFORCEMENT,161.5281,7572.5524,168.2584,161.5281,6.7303,0.01970926,0.01892089,6.7303,161.5281,0.01892089,6.7303,6.7303,6.7303,10.0955,10.0955,161.5281,0.01892089,40.3820,36.7219,127.8764,131.5365,0.01497903,0.01540776,0.00078837,16.1686,14.9395,0.3187,12.9430,0.6232,656.6943,40.6154,,16.1686,10.5031,15.8597,21.0062,21.0062,21.0062,31.5093,10.5031,0.0,1.324503,1.986755,1.019479,29,109,15,1,0E-8,0.01970926,,0E-8,0.000000,0.923984,0.000000,,2026-05-12,2026-06-02,13,270,171,22,0.590909,,,0.000000,,,,,,,,GLOBAL_BASELINE_NO_ENTITY_RANKING,,,NOT_APPLICABLE_GLOBAL_BASELINE,HF9g-P5,,,,X 全窗基线 · 不参与实体赏罚,6873635,688,A168_HF9F_20260827_0900,2026-08-27 09:00:00
2026-05-29,149914139,2106,0,10.5030984140,-10.5030984140,-10.5030984140,0E-7,1,1,0.49324550000000000,0.493245500000,-0.9865810262130424,-0.9865810262130424,-0.9865810262130424,0E-17,ELIGIBLE,R03b_20260811_FULL_v1,L1_ELIGIBILITY,v2026-08-11,2026-03-21..2026-08-06,baccarat_bet02_101_all_pairs_incl_sentinel,round_win = game_pnl > 0 (decisive only),COMPATIBILITY_ONLY_NOT_PRODUCTION,8537.0261,7888.0755,168.2584,528,528,-0.01970926,,-0.01970926,-0.01970926,-168.2584,8537.0261,OK,0.0000,6.7303,4.0000,96.0000,AG03-UNRESOLVED,ALL5_LEVELS_bet23_to_bet27,6.7303,6.7303,6.7303,10.0955,10.0955,4.000000,4.000000,4.000000,6.000000,6.000000,96.000000,96.000000,96.000000,94.000000,94.000000,5.0,40.3820,36.7219,127.8764,131.5365,PENDING_AG03,FALSE,NOT_FOR_ENFORCEMENT,161.5281,7572.5524,168.2584,161.5281,6.7303,0.01970926,0.01892089,6.7303,161.5281,0.01892089,6.7303,6.7303,6.7303,10.0955,10.0955,161.5281,0.01892089,40.3820,36.7219,127.8764,131.5365,0.01497903,0.01540776,0.00078837,16.1686,14.9395,0.3187,12.9430,0.6232,656.6943,40.6154,,16.1686,10.5031,15.8597,21.0062,21.0062,21.0062,31.5093,10.5031,0.0,1.324503,1.986755,1.019479,29,109,15,1,0E-8,0.01970926,,0E-8,0.000000,0.923984,0.000000,,2026-05-12,2026-06-02,13,270,171,22,0.590909,,,0.000000,,,,,,,,GLOBAL_BASELINE_NO_ENTITY_RANKING,,,NOT_APPLICABLE_GLOBAL_BASELINE,HF9g-P5,,,,X 全窗基线 · 不参与实体赏罚,6873636,688,A168_HF9F_20260827_0900,2026-08-27 09:00:00
2026-05-29,149914139,2134,0,10.5030984140,-10.5030984140,-10.5030984140,0E-7,1,1,0.49324550000000000,0.493245500000,-0.9865810262130424,-0.9865810262130424,-0.9865810262130424,0E-17,ELIGIBLE,R03b_20260811_FULL_v1,L1_ELIGIBILITY,v2026-08-11,2026-03-21..2026-08-06,baccarat_bet02_101_all_pairs_incl_sentinel,round_win = game_pnl > 0 (decisive only),COMPATIBILITY_ONLY_NOT_PRODUCTION,8537.0261,7888.0755,168.2584,528,528,-0.01970926,,-0.01970926,-0.01970926,-168.2584,8537.0261,OK,0.0000,6.7303,4.0000,96.0000,AG03-UNRESOLVED,ALL5_LEVELS_bet23_to_bet27,6.7303,6.7303,6.7303,10.0955,10.0955,4.000000,4.000000,4.000000,6.000000,6.000000,96.000000,96.000000,96.000000,94.000000,94.000000,5.0,40.3820,36.7219,127.8764,131.5365,PENDING_AG03,FALSE,NOT_FOR_ENFORCEMENT,161.5281,7572.5524,168.2584,161.5281,6.7303,0.01970926,0.01892089,6.7303,161.5281,0.01892089,6.7303,6.7303,6.7303,10.0955,10.0955,161.5281,0.01892089,40.3820,36.7219,127.8764,131.5365,0.01497903,0.01540776,0.00078837,16.1686,14.9395,0.3187,12.9430,0.6232,656.6943,40.6154,,16.1686,10.5031,15.8597,21.0062,21.0062,21.0062,31.5093,10.5031,0.0,1.324503,1.986755,1.019479,29,109,15,1,0E-8,0.01970926,,0E-8,0.000000,0.923984,0.000000,,2026-05-12,2026-06-02,13,270,171,22,0.590909,,,0.000000,,,,,,,,GLOBAL_BASELINE_NO_ENTITY_RANKING,,,NOT_APPLICABLE_GLOBAL_BASELINE,HF9g-P5,,,,X 全窗基线 · 不参与实体赏罚,6873637,688,A168_HF9F_20260827_0900,2026-08-27 09:00:00
2026-05-29,149914139,2169,0,10.5030984140,10.5030984140,10.5030984140,1.0000000,1,1,0.49324550000000000,0.493245500000,1.01360149184955,1.01360149184955,1.01360149184955,0E-17,ELIGIBLE,R03b_20260811_FULL_v1,L1_ELIGIBILITY,v2026-08-11,2026-03-21..2026-08-06,baccarat_bet02_101_all_pairs_incl_sentinel,round_win = game_pnl > 0 (decisive only),COMPATIBILITY_ONLY_NOT_PRODUCTION,8537.0261,7888.0755,168.2584,528,528,-0.01970926,,-0.01970926,-0.01970926,-168.2584,8537.0261,OK,0.0000,6.7303,4.0000,96.0000,AG03-UNRESOLVED,ALL5_LEVELS_bet23_to_bet27,6.7303,6.7303,6.7303,10.0955,10.0955,4.000000,4.000000,4.000000,6.000000,6.000000,96.000000,96.000000,96.000000,94.000000,94.000000,5.0,40.3820,36.7219,127.8764,131.5365,PENDING_AG03,FALSE,NOT_FOR_ENFORCEMENT,161.5281,7572.5524,168.2584,161.5281,6.7303,0.01970926,0.01892089,6.7303,161.5281,0.01892089,6.7303,6.7303,6.7303,10.0955,10.0955,161.5281,0.01892089,40.3820,36.7219,127.8764,131.5365,0.01497903,0.01540776,0.00078837,16.1686,14.9395,0.3187,12.9430,0.6232,656.6943,40.6154,,16.1686,10.5031,15.8597,21.0062,21.0062,21.0062,31.5093,10.5031,0.0,1.324503,1.986755,1.019479,29,109,15,1,0E-8,0.01970926,,0E-8,0.000000,0.923984,0.000000,,2026-05-12,2026-06-02,13,270,171,22,0.590909,,,0.000000,,,,,,,,GLOBAL_BASELINE_NO_ENTITY_RANKING,,,NOT_APPLICABLE_GLOBAL_BASELINE,HF9g-P5,,,,X 全窗基线 · 不参与实体赏罚,6873638,688,A168_HF9F_20260827_0900,2026-08-27 09:00:00
2026-05-29,149914139,2177,0,42.0123936560,-21.0061968280,-21.0061968280,0.2500000,4,4,0.49324550000000000,0.493245500000,-0.9730707933947887,-0.9730707933947887,-0.9730707933947887,0E-17,ELIGIBLE,R03b_20260811_FULL_v1,L1_ELIGIBILITY,v2026-08-11,2026-03-21..2026-08-06,baccarat_bet02_101_all_pairs_incl_sentinel,round_win = game_pnl > 0 (decisive only),COMPATIBILITY_ONLY_NOT_PRODUCTION,8537.0261,7888.0755,168.2584,528,528,-0.01970926,,-0.01970926,-0.01970926,-168.2584,8537.0261,OK,0.0000,6.7303,4.0000,96.0000,AG03-UNRESOLVED,ALL5_LEVELS_bet23_to_bet27,6.7303,6.7303,6.7303,10.0955,10.0955,4.000000,4.000000,4.000000,6.000000,6.000000,96.000000,96.000000,96.000000,94.000000,94.000000,5.0,40.3820,36.7219,127.8764,131.5365,PENDING_AG03,FALSE,NOT_FOR_ENFORCEMENT,161.5281,7572.5524,168.2584,161.5281,6.7303,0.01970926,0.01892089,6.7303,161.5281,0.01892089,6.7303,6.7303,6.7303,10.0955,10.0955,161.5281,0.01892089,40.3820,36.7219,127.8764,131.5365,0.01497903,0.01540776,0.00078837,16.1686,14.9395,0.3187,12.9430,0.6232,656.6943,40.6154,,16.1686,10.5031,15.8597,21.0062,21.0062,21.0062,31.5093,10.5031,0.0,1.324503,1.986755,1.019479,29,109,15,1,0E-8,0.01970926,,0E-8,0.000000,0.923984,0.000000,,2026-05-12,2026-06-02,13,270,171,22,0.590909,,,0.000000,,,,,,,,GLOBAL_BASELINE_NO_ENTITY_RANKING,,,NOT_APPLICABLE_GLOBAL_BASELINE,HF9g-P5,,,,X 全窗基线 · 不参与实体赏罚,6873639,688,A168_HF9F_20260827_0900,2026-08-27 09:00:00
2026-05-30,149914139,-1,1,95.5781955678,-53.5658019116,-53.5658019116,0.2500000,4,4,0.49324550000000000,0.493245500000,-0.9730707933947887,-0.9730707933947887,-0.9730707933947887,0E-17,SENTINEL_DEALER,R03b_20260811_FULL_v1,L1_ELIGIBILITY,v2026-08-11,2026-03-21..2026-08-06,baccarat_bet02_101_all_pairs_incl_sentinel,round_win = game_pnl > 0 (decisive only),COMPATIBILITY_ONLY_NOT_PRODUCTION,8537.0261,7888.0755,168.2584,528,528,-0.01970926,,-0.01970926,-0.01970926,-168.2584,8537.0261,OK,0.0000,6.7303,4.0000,96.0000,AG03-UNRESOLVED,ALL5_LEVELS_bet23_to_bet27,6.7303,6.7303,6.7303,10.0955,10.0955,4.000000,4.000000,4.000000,6.000000,6.000000,96.000000,96.000000,96.000000,94.000000,94.000000,5.0,40.3820,36.7219,127.8764,131.5365,PENDING_AG03,FALSE,NOT_FOR_ENFORCEMENT,161.5281,7572.5524,168.2584,161.5281,6.7303,0.01970926,0.01892089,6.7303,161.5281,0.01892089,6.7303,6.7303,6.7303,10.0955,10.0955,161.5281,0.01892089,40.3820,36.7219,127.8764,131.5365,0.01497903,0.01540776,0.00078837,16.1686,14.9395,0.3187,12.9430,0.6232,656.6943,40.6154,,16.1686,10.5031,15.8597,21.0062,21.0062,21.0062,31.5093,10.5031,0.0,1.324503,1.986755,1.019479,29,109,15,1,0E-8,0.01970926,,0E-8,0.000000,0.923984,0.000000,,2026-05-12,2026-06-02,13,270,171,22,0.590909,,,0.000000,,,,,,,,GLOBAL_BASELINE_NO_ENTITY_RANKING,,,NOT_APPLICABLE_GLOBAL_BASELINE,HF9g-P5,,,,X 全窗基线 · 不参与实体赏罚,6873640,688,A168_HF9F_20260827_0900,2026-08-27 09:00:00
2026-05-30,149914139,1330,0,31.5092952421,-31.5092952421,-31.5092952421,0E-7,2,2,0.49324550000000000,0.493245500000,-1.3952362676504506,-1.3952362676504506,-1.3952362676504506,0E-17,ELIGIBLE,R03b_20260811_FULL_v1,L1_ELIGIBILITY,v2026-08-11,2026-03-21..2026-08-06,baccarat_bet02_101_all_pairs_incl_sentinel,round_win = game_pnl > 0 (decisive only),COMPATIBILITY_ONLY_NOT_PRODUCTION,8537.0261,7888.0755,168.2584,528,528,-0.01970926,,-0.01970926,-0.01970926,-168.2584,8537.0261,OK,0.0000,6.7303,4.0000,96.0000,AG03-UNRESOLVED,ALL5_LEVELS_bet23_to_bet27,6.7303,6.7303,6.7303,10.0955,10.0955,4.000000,4.000000,4.000000,6.000000,6.000000,96.000000,96.000000,96.000000,94.000000,94.000000,5.0,40.3820,36.7219,127.8764,131.5365,PENDING_AG03,FALSE,NOT_FOR_ENFORCEMENT,161.5281,7572.5524,168.2584,161.5281,6.7303,0.01970926,0.01892089,6.7303,161.5281,0.01892089,6.7303,6.7303,6.7303,10.0955,10.0955,161.5281,0.01892089,40.3820,36.7219,127.8764,131.5365,0.01497903,0.01540776,0.00078837,16.1686,14.9395,0.3187,12.9430,0.6232,656.6943,40.6154,,16.1686,10.5031,15.8597,21.0062,21.0062,21.0062,31.5093,10.5031,0.0,1.324503,1.986755,1.019479,29,109,15,1,0E-8,0.01970926,,0E-8,0.000000,0.923984,0.000000,,2026-05-12,2026-06-02,13,270,171,22,0.590909,,,0.000000,,,,,,,,GLOBAL_BASELINE_NO_ENTITY_RANKING,,,NOT_APPLICABLE_GLOBAL_BASELINE,HF9g-P5,,,,X 全窗基线 · 不参与实体赏罚,6873641,688,A168_HF9F_20260827_0900,2026-08-27 09:00:00
2026-05-30,149914139,2124,0,21.0061968280,21.0061968280,21.0061968280,1.0000000,2,2,0.49324550000000000,0.493245500000,1.4334489766152358,1.4334489766152358,1.4334489766152358,0E-17,ELIGIBLE,R03b_20260811_FULL_v1,L1_ELIGIBILITY,v2026-08-11,2026-03-21..2026-08-06,baccarat_bet02_101_all_pairs_incl_sentinel,round_win = game_pnl > 0 (decisive only),COMPATIBILITY_ONLY_NOT_PRODUCTION,8537.0261,7888.0755,168.2584,528,528,-0.01970926,,-0.01970926,-0.01970926,-168.2584,8537.0261,OK,0.0000,6.7303,4.0000,96.0000,AG03-UNRESOLVED,ALL5_LEVELS_bet23_to_bet27,6.7303,6.7303,6.7303,10.0955,10.0955,4.000000,4.000000,4.000000,6.000000,6.000000,96.000000,96.000000,96.000000,94.000000,94.000000,5.0,40.3820,36.7219,127.8764,131.5365,PENDING_AG03,FALSE,NOT_FOR_ENFORCEMENT,161.5281,7572.5524,168.2584,161.5281,6.7303,0.01970926,0.01892089,6.7303,161.5281,0.01892089,6.7303,6.7303,6.7303,10.0955,10.0955,161.5281,0.01892089,40.3820,36.7219,127.8764,131.5365,0.01497903,0.01540776,0.00078837,16.1686,14.9395,0.3187,12.9430,0.6232,656.6943,40.6154,,16.1686,10.5031,15.8597,21.0062,21.0062,21.0062,31.5093,10.5031,0.0,1.324503,1.986755,1.019479,29,109,15,1,0E-8,0.01970926,,0E-8,0.000000,0.923984,0.000000,,2026-05-12,2026-06-02,13,270,171,22,0.590909,,,0.000000,,,,,,,,GLOBAL_BASELINE_NO_ENTITY_RANKING,,,NOT_APPLICABLE_GLOBAL_BASELINE,HF9g-P5,,,,X 全窗基线 · 不参与实体赏罚,6873642,688,A168_HF9F_20260827_0900,2026-08-27 09:00:00
2026-05-30,149914139,2271,0,52.5154920702,10.5030984140,10.5030984140,0.6666667,3,3,0.49324550000000000,0.493245500000,0.6008033672792107,0.6008033672792106,0.6008033672792107,0E-17,ELIGIBLE,R03b_20260811_FULL_v1,L1_ELIGIBILITY,v2026-08-11,2026-03-21..2026-08-06,baccarat_bet02_101_all_pairs_incl_sentinel,round_win = game_pnl > 0 (decisive only),COMPATIBILITY_ONLY_NOT_PRODUCTION,8537.0261,7888.0755,168.2584,528,528,-0.01970926,,-0.01970926,-0.01970926,-168.2584,8537.0261,OK,0.0000,6.7303,4.0000,96.0000,AG03-UNRESOLVED,ALL5_LEVELS_bet23_to_bet27,6.7303,6.7303,6.7303,10.0955,10.0955,4.000000,4.000000,4.000000,6.000000,6.000000,96.000000,96.000000,96.000000,94.000000,94.000000,5.0,40.3820,36.7219,127.8764,131.5365,PENDING_AG03,FALSE,NOT_FOR_ENFORCEMENT,161.5281,7572.5524,168.2584,161.5281,6.7303,0.01970926,0.01892089,6.7303,161.5281,0.01892089,6.7303,6.7303,6.7303,10.0955,10.0955,161.5281,0.01892089,40.3820,36.7219,127.8764,131.5365,0.01497903,0.01540776,0.00078837,16.1686,14.9395,0.3187,12.9430,0.6232,656.6943,40.6154,,16.1686,10.5031,15.8597,21.0062,21.0062,21.0062,31.5093,10.5031,0.0,1.324503,1.986755,1.019479,29,109,15,1,0E-8,0.01970926,,0E-8,0.000000,0.923984,0.000000,,2026-05-12,2026-06-02,13,270,171,22,0.590909,,,0.000000,,,,,,,,GLOBAL_BASELINE_NO_ENTITY_RANKING,,,NOT_APPLICABLE_GLOBAL_BASELINE,HF9g-P5,,,,X 全窗基线 · 不参与实体赏罚,6873643,688,A168_HF9F_20260827_0900,2026-08-27 09:00:00
2026-06-02,149914139,-1,1,20.7714517168,4.1542903434,4.1542903434,0.5000000,2,2,0.49324550000000000,0.493245500000,0.01910635448239258,0.01910635448239258,0.01910635448239258,0E-17,SENTINEL_DEALER,R03b_20260811_FULL_v1,L1_ELIGIBILITY,v2026-08-11,2026-03-21..2026-08-06,baccarat_bet02_101_all_pairs_incl_sentinel,round_win = game_pnl > 0 (decisive only),COMPATIBILITY_ONLY_NOT_PRODUCTION,8537.0261,7888.0755,168.2584,528,528,-0.01970926,,-0.01970926,-0.01970926,-168.2584,8537.0261,OK,0.0000,6.7303,4.0000,96.0000,AG03-UNRESOLVED,ALL5_LEVELS_bet23_to_bet27,6.7303,6.7303,6.7303,10.0955,10.0955,4.000000,4.000000,4.000000,6.000000,6.000000,96.000000,96.000000,96.000000,94.000000,94.000000,5.0,40.3820,36.7219,127.8764,131.5365,PENDING_AG03,FALSE,NOT_FOR_ENFORCEMENT,161.5281,7572.5524,168.2584,161.5281,6.7303,0.01970926,0.01892089,6.7303,161.5281,0.01892089,6.7303,6.7303,6.7303,10.0955,10.0955,161.5281,0.01892089,40.3820,36.7219,127.8764,131.5365,0.01497903,0.01540776,0.00078837,16.1686,14.9395,0.3187,12.9430,0.6232,656.6943,40.6154,,16.1686,10.5031,15.8597,21.0062,21.0062,21.0062,31.5093,10.5031,0.0,1.324503,1.986755,1.019479,29,109,15,1,0E-8,0.01970926,,0E-8,0.000000,0.923984,0.000000,,2026-05-12,2026-06-02,13,270,171,22,0.590909,,,0.000000,,,,,,,,GLOBAL_BASELINE_NO_ENTITY_RANKING,,,NOT_APPLICABLE_GLOBAL_BASELINE,HF9g-P5,,,,X 全窗基线 · 不参与实体赏罚,6873644,688,A168_HF9F_20260827_0900,2026-08-27 09:00:00
2026-06-02,149914139,1485,0,16.6171613735,8.3085806867,8.3085806867,0.5000000,2,2,0.49324550000000000,0.493245500000,0.01910635448239258,0.01910635448239258,0.01910635448239258,0E-17,ELIGIBLE,R03b_20260811_FULL_v1,L1_ELIGIBILITY,v2026-08-11,2026-03-21..2026-08-06,baccarat_bet02_101_all_pairs_incl_sentinel,round_win = game_pnl > 0 (decisive only),COMPATIBILITY_ONLY_NOT_PRODUCTION,8537.0261,7888.0755,168.2584,528,528,-0.01970926,,-0.01970926,-0.01970926,-168.2584,8537.0261,OK,0.0000,6.7303,4.0000,96.0000,AG03-UNRESOLVED,ALL5_LEVELS_bet23_to_bet27,6.7303,6.7303,6.7303,10.0955,10.0955,4.000000,4.000000,4.000000,6.000000,6.000000,96.000000,96.000000,96.000000,94.000000,94.000000,5.0,40.3820,36.7219,127.8764,131.5365,PENDING_AG03,FALSE,NOT_FOR_ENFORCEMENT,161.5281,7572.5524,168.2584,161.5281,6.7303,0.01970926,0.01892089,6.7303,161.5281,0.01892089,6.7303,6.7303,6.7303,10.0955,10.0955,161.5281,0.01892089,40.3820,36.7219,127.8764,131.5365,0.01497903,0.01540776,0.00078837,16.1686,14.9395,0.3187,12.9430,0.6232,656.6943,40.6154,,16.1686,10.5031,15.8597,21.0062,21.0062,21.0062,31.5093,10.5031,0.0,1.324503,1.986755,1.019479,29,109,15,1,0E-8,0.01970926,,0E-8,0.000000,0.923984,0.000000,,2026-05-12,2026-06-02,13,270,171,22,0.590909,,,0.000000,,,,,,,,GLOBAL_BASELINE_NO_ENTITY_RANKING,,,NOT_APPLICABLE_GLOBAL_BASELINE,HF9g-P5,,,,X 全窗基线 · 不参与实体赏罚,6873645,688,A168_HF9F_20260827_0900,2026-08-27 09:00:00
2026-06-02,149914139,1951,0,8.3085806867,8.3085806867,8.3085806867,1.0000000,1,1,0.49324550000000000,0.493245500000,1.01360149184955,1.01360149184955,1.01360149184955,0E-17,ELIGIBLE,R03b_20260811_FULL_v1,L1_ELIGIBILITY,v2026-08-11,2026-03-21..2026-08-06,baccarat_bet02_101_all_pairs_incl_sentinel,round_win = game_pnl > 0 (decisive only),COMPATIBILITY_ONLY_NOT_PRODUCTION,8537.0261,7888.0755,168.2584,528,528,-0.01970926,,-0.01970926,-0.01970926,-168.2584,8537.0261,OK,0.0000,6.7303,4.0000,96.0000,AG03-UNRESOLVED,ALL5_LEVELS_bet23_to_bet27,6.7303,6.7303,6.7303,10.0955,10.0955,4.000000,4.000000,4.000000,6.000000,6.000000,96.000000,96.000000,96.000000,94.000000,94.000000,5.0,40.3820,36.7219,127.8764,131.5365,PENDING_AG03,FALSE,NOT_FOR_ENFORCEMENT,161.5281,7572.5524,168.2584,161.5281,6.7303,0.01970926,0.01892089,6.7303,161.5281,0.01892089,6.7303,6.7303,6.7303,10.0955,10.0955,161.5281,0.01892089,40.3820,36.7219,127.8764,131.5365,0.01497903,0.01540776,0.00078837,16.1686,14.9395,0.3187,12.9430,0.6232,656.6943,40.6154,,16.1686,10.5031,15.8597,21.0062,21.0062,21.0062,31.5093,10.5031,0.0,1.324503,1.986755,1.019479,29,109,15,1,0E-8,0.01970926,,0E-8,0.000000,0.923984,0.000000,,2026-05-12,2026-06-02,13,270,171,22,0.590909,,,0.000000,,,,,,,,GLOBAL_BASELINE_NO_ENTITY_RANKING,,,NOT_APPLICABLE_GLOBAL_BASELINE,HF9g-P5,,,,X 全窗基线 · 不参与实体赏罚,6873646,688,A168_HF9F_20260827_0900,2026-08-27 09:00:00
2026-06-02,149914139,1994,0,24.9257420602,12.4628710301,12.4628710301,1.0000000,2,2,0.49324550000000000,0.493245500000,1.01360149184955,1.01360149184955,1.01360149184955,0E-17,ELIGIBLE,R03b_20260811_FULL_v1,L1_ELIGIBILITY,v2026-08-11,2026-03-21..2026-08-06,baccarat_bet02_101_all_pairs_incl_sentinel,round_win = game_pnl > 0 (decisive only),COMPATIBILITY_ONLY_NOT_PRODUCTION,8537.0261,7888.0755,168.2584,528,528,-0.01970926,,-0.01970926,-0.01970926,-168.2584,8537.0261,OK,0.0000,6.7303,4.0000,96.0000,AG03-UNRESOLVED,ALL5_LEVELS_bet23_to_bet27,6.7303,6.7303,6.7303,10.0955,10.0955,4.000000,4.000000,4.000000,6.000000,6.000000,96.000000,96.000000,96.000000,94.000000,94.000000,5.0,40.3820,36.7219,127.8764,131.5365,PENDING_AG03,FALSE,NOT_FOR_ENFORCEMENT,161.5281,7572.5524,168.2584,161.5281,6.7303,0.01970926,0.01892089,6.7303,161.5281,0.01892089,6.7303,6.7303,6.7303,10.0955,10.0955,161.5281,0.01892089,40.3820,36.7219,127.8764,131.5365,0.01497903,0.01540776,0.00078837,16.1686,14.9395,0.3187,12.9430,0.6232,656.6943,40.6154,,16.1686,10.5031,15.8597,21.0062,21.0062,21.0062,31.5093,10.5031,0.0,1.324503,1.986755,1.019479,29,109,15,1,0E-8,0.01970926,,0E-8,0.000000,0.923984,0.000000,,2026-05-12,2026-06-02,13,270,171,22,0.590909,,,0.000000,,,,,,,,GLOBAL_BASELINE_NO_ENTITY_RANKING,,,NOT_APPLICABLE_GLOBAL_BASELINE,HF9g-P5,,,,X 全窗基线 · 不参与实体赏罚,6873647,688,A168_HF9F_20260827_0900,2026-08-27 09:00:00
2026-06-02,149914139,2189,0,20.7714517168,-20.7714517168,-20.7714517168,0E-7,2,2,0.49324550000000000,0.493245500000,-1.3952362676504506,-1.3952362676504506,-1.3952362676504506,0E-17,ELIGIBLE,R03b_20260811_FULL_v1,L1_ELIGIBILITY,v2026-08-11,2026-03-21..2026-08-06,baccarat_bet02_101_all_pairs_incl_sentinel,round_win = game_pnl > 0 (decisive only),COMPATIBILITY_ONLY_NOT_PRODUCTION,8537.0261,7888.0755,168.2584,528,528,-0.01970926,,-0.01970926,-0.01970926,-168.2584,8537.0261,OK,0.0000,6.7303,4.0000,96.0000,AG03-UNRESOLVED,ALL5_LEVELS_bet23_to_bet27,6.7303,6.7303,6.7303,10.0955,10.0955,4.000000,4.000000,4.000000,6.000000,6.000000,96.000000,96.000000,96.000000,94.000000,94.000000,5.0,40.3820,36.7219,127.8764,131.5365,PENDING_AG03,FALSE,NOT_FOR_ENFORCEMENT,161.5281,7572.5524,168.2584,161.5281,6.7303,0.01970926,0.01892089,6.7303,161.5281,0.01892089,6.7303,6.7303,6.7303,10.0955,10.0955,161.5281,0.01892089,40.3820,36.7219,127.8764,131.5365,0.01497903,0.01540776,0.00078837,16.1686,14.9395,0.3187,12.9430,0.6232,656.6943,40.6154,,16.1686,10.5031,15.8597,21.0062,21.0062,21.0062,31.5093,10.5031,0.0,1.324503,1.986755,1.019479,29,109,15,1,0E-8,0.01970926,,0E-8,0.000000,0.923984,0.000000,,2026-05-12,2026-06-02,13,270,171,22,0.590909,,,0.000000,,,,,,,,GLOBAL_BASELINE_NO_ENTITY_RANKING,,,NOT_APPLICABLE_GLOBAL_BASELINE,HF9g-P5,,,,X 全窗基线 · 不参与实体赏罚,6873648,688,A168_HF9F_20260827_0900,2026-08-27 09:00:00
2026-06-02,149914139,2210,0,12.4628710301,-12.4628710301,-12.4628710301,0E-7,1,1,0.49324550000000000,0.493245500000,-0.9865810262130424,-0.9865810262130424,-0.9865810262130424,0E-17,ELIGIBLE,R03b_20260811_FULL_v1,L1_ELIGIBILITY,v2026-08-11,2026-03-21..2026-08-06,baccarat_bet02_101_all_pairs_incl_sentinel,round_win = game_pnl > 0 (decisive only),COMPATIBILITY_ONLY_NOT_PRODUCTION,8537.0261,7888.0755,168.2584,528,528,-0.01970926,,-0.01970926,-0.01970926,-168.2584,8537.0261,OK,0.0000,6.7303,4.0000,96.0000,AG03-UNRESOLVED,ALL5_LEVELS_bet23_to_bet27,6.7303,6.7303,6.7303,10.0955,10.0955,4.000000,4.000000,4.000000,6.000000,6.000000,96.000000,96.000000,96.000000,94.000000,94.000000,5.0,40.3820,36.7219,127.8764,131.5365,PENDING_AG03,FALSE,NOT_FOR_ENFORCEMENT,161.5281,7572.5524,168.2584,161.5281,6.7303,0.01970926,0.01892089,6.7303,161.5281,0.01892089,6.7303,6.7303,6.7303,10.0955,10.0955,161.5281,0.01892089,40.3820,36.7219,127.8764,131.5365,0.01497903,0.01540776,0.00078837,16.1686,14.9395,0.3187,12.9430,0.6232,656.6943,40.6154,,16.1686,10.5031,15.8597,21.0062,21.0062,21.0062,31.5093,10.5031,0.0,1.324503,1.986755,1.019479,29,109,15,1,0E-8,0.01970926,,0E-8,0.000000,0.923984,0.000000,,2026-05-12,2026-06-02,13,270,171,22,0.590909,,,0.000000,,,,,,,,GLOBAL_BASELINE_NO_ENTITY_RANKING,,,NOT_APPLICABLE_GLOBAL_BASELINE,HF9g-P5,,,,X 全窗基线 · 不参与实体赏罚,6873649,688,A168_HF9F_20260827_0900,2026-08-27 09:00:00
2026-06-02,149914139,2224,0,8.3085806867,8.3085806867,8.3085806867,1.0000000,1,1,0.49324550000000000,0.493245500000,1.01360149184955,1.01360149184955,1.01360149184955,0E-17,ELIGIBLE,R03b_20260811_FULL_v1,L1_ELIGIBILITY,v2026-08-11,2026-03-21..2026-08-06,baccarat_bet02_101_all_pairs_incl_sentinel,round_win = game_pnl > 0 (decisive only),COMPATIBILITY_ONLY_NOT_PRODUCTION,8537.0261,7888.0755,168.2584,528,528,-0.01970926,,-0.01970926,-0.01970926,-168.2584,8537.0261,OK,0.0000,6.7303,4.0000,96.0000,AG03-UNRESOLVED,ALL5_LEVELS_bet23_to_bet27,6.7303,6.7303,6.7303,10.0955,10.0955,4.000000,4.000000,4.000000,6.000000,6.000000,96.000000,96.000000,96.000000,94.000000,94.000000,5.0,40.3820,36.7219,127.8764,131.5365,PENDING_AG03,FALSE,NOT_FOR_ENFORCEMENT,161.5281,7572.5524,168.2584,161.5281,6.7303,0.01970926,0.01892089,6.7303,161.5281,0.01892089,6.7303,6.7303,6.7303,10.0955,10.0955,161.5281,0.01892089,40.3820,36.7219,127.8764,131.5365,0.01497903,0.01540776,0.00078837,16.1686,14.9395,0.3187,12.9430,0.6232,656.6943,40.6154,,16.1686,10.5031,15.8597,21.0062,21.0062,21.0062,31.5093,10.5031,0.0,1.324503,1.986755,1.019479,29,109,15,1,0E-8,0.01970926,,0E-8,0.000000,0.923984,0.000000,,2026-05-12,2026-06-02,13,270,171,22,0.590909,,,0.000000,,,,,,,,GLOBAL_BASELINE_NO_ENTITY_RANKING,,,NOT_APPLICABLE_GLOBAL_BASELINE,HF9g-P5,,,,X 全窗基线 · 不参与实体赏罚,6873650,688,A168_HF9F_20260827_0900,2026-08-27 09:00:00
2026-06-02,149914139,2261,0,16.6171613734,-16.6171613734,-16.6171613734,0E-7,1,1,0.49324550000000000,0.493245500000,-0.9865810262130424,-0.9865810262130424,-0.9865810262130424,0E-17,ELIGIBLE,R03b_20260811_FULL_v1,L1_ELIGIBILITY,v2026-08-11,2026-03-21..2026-08-06,baccarat_bet02_101_all_pairs_incl_sentinel,round_win = game_pnl > 0 (decisive only),COMPATIBILITY_ONLY_NOT_PRODUCTION,8537.0261,7888.0755,168.2584,528,528,-0.01970926,,-0.01970926,-0.01970926,-168.2584,8537.0261,OK,0.0000,6.7303,4.0000,96.0000,AG03-UNRESOLVED,ALL5_LEVELS_bet23_to_bet27,6.7303,6.7303,6.7303,10.0955,10.0955,4.000000,4.000000,4.000000,6.000000,6.000000,96.000000,96.000000,96.000000,94.000000,94.000000,5.0,40.3820,36.7219,127.8764,131.5365,PENDING_AG03,FALSE,NOT_FOR_ENFORCEMENT,161.5281,7572.5524,168.2584,161.5281,6.7303,0.01970926,0.01892089,6.7303,161.5281,0.01892089,6.7303,6.7303,6.7303,10.0955,10.0955,161.5281,0.01892089,40.3820,36.7219,127.8764,131.5365,0.01497903,0.01540776,0.00078837,16.1686,14.9395,0.3187,12.9430,0.6232,656.6943,40.6154,,16.1686,10.5031,15.8597,21.0062,21.0062,21.0062,31.5093,10.5031,0.0,1.324503,1.986755,1.019479,29,109,15,1,0E-8,0.01970926,,0E-8,0.000000,0.923984,0.000000,,2026-05-12,2026-06-02,13,270,171,22,0.590909,,,0.000000,,,,,,,,GLOBAL_BASELINE_NO_ENTITY_RANKING,,,NOT_APPLICABLE_GLOBAL_BASELINE,HF9g-P5,,,,X 全窗基线 · 不参与实体赏罚,6873651,688,A168_HF9F_20260827_0900,2026-08-27 09:00:00
2026-06-02,149914139,550,0,10.3857258584,-10.3857258584,-10.3857258584,0E-7,1,1,0.49324550000000000,0.493245500000,-0.9865810262130424,-0.9865810262130424,-0.9865810262130424,0E-17,ELIGIBLE,R03b_20260811_FULL_v1,L1_ELIGIBILITY,v2026-08-11,2026-03-21..2026-08-06,baccarat_bet02_101_all_pairs_incl_sentinel,round_win = game_pnl > 0 (decisive only),COMPATIBILITY_ONLY_NOT_PRODUCTION,8537.0261,7888.0755,168.2584,528,528,-0.01970926,,-0.01970926,-0.01970926,-168.2584,8537.0261,OK,0.0000,6.7303,4.0000,96.0000,AG03-UNRESOLVED,ALL5_LEVELS_bet23_to_bet27,6.7303,6.7303,6.7303,10.0955,10.0955,4.000000,4.000000,4.000000,6.000000,6.000000,96.000000,96.000000,96.000000,94.000000,94.000000,5.0,40.3820,36.7219,127.8764,131.5365,PENDING_AG03,FALSE,NOT_FOR_ENFORCEMENT,161.5281,7572.5524,168.2584,161.5281,6.7303,0.01970926,0.01892089,6.7303,161.5281,0.01892089,6.7303,6.7303,6.7303,10.0955,10.0955,161.5281,0.01892089,40.3820,36.7219,127.8764,131.5365,0.01497903,0.01540776,0.00078837,16.1686,14.9395,0.3187,12.9430,0.6232,656.6943,40.6154,,16.1686,10.5031,15.8597,21.0062,21.0062,21.0062,31.5093,10.5031,0.0,1.324503,1.986755,1.019479,29,109,15,1,0E-8,0.01970926,,0E-8,0.000000,0.923984,0.000000,,2026-05-12,2026-06-02,13,270,171,22,0.590909,,,0.000000,,,,,,,,GLOBAL_BASELINE_NO_ENTITY_RANKING,,,NOT_APPLICABLE_GLOBAL_BASELINE,HF9g-P5,,,,X 全窗基线 · 不参与实体赏罚,6873652,688,A168_HF9F_20260827_0900,2026-08-27 09:00:00
2026-07-15,153059100,1205,0,103.2711124881,-103.2711124881,-103.2711124881,0E-7,1,1,0.49324550000000000,0.493245500000,-0.9865810262130424,-0.9865810262130424,-0.9865810262130424,0E-17,ELIGIBLE,R03b_20260811_FULL_v1,L1_ELIGIBILITY,v2026-08-11,2026-03-21..2026-08-06,baccarat_bet02_101_all_pairs_incl_sentinel,round_win = game_pnl > 0 (decisive only),COMPATIBILITY_ONLY_NOT_PRODUCTION,166.5247,166.5247,166.5247,2,2,-1.00000000,-1.00000000,,-1.00000000,-166.5247,166.5247,THIN_EXPOSURE,0.0000,4.9957,3.0000,97.0000,AG03-UNRESOLVED,ALL5_LEVELS_bet23_to_bet27,4.9957,4.9957,4.9957,6.6610,6.6610,3.000000,3.000000,3.000000,4.000000,4.000000,97.000000,97.000000,97.000000,96.000000,96.000000,5.0,28.3092,26.4575,138.2155,140.0671,PENDING_AG03,FALSE,NOT_FOR_ENFORCEMENT,161.5289,161.5289,166.5247,161.5289,4.9957,1.00000000,0.97000000,4.9957,161.5289,0.97000000,4.9957,4.9957,4.9957,6.6610,6.6610,161.5289,0.97000000,28.3092,26.4575,138.2155,140.0671,0.83000000,0.84111944,0.03000000,83.2623,83.2623,83.2623,166.5247,83.2623,166.5247,2.0000,83.2623,,63.2536,83.2623,103.2711,103.2711,103.2711,103.2711,83.2623,-83.2623,1.24031,1.24031,1.0,2,2,2,1,1.00000000,1.00000000,1.00000000,0E-8,0.000000,1.000000,0.000000,,2026-07-15,2026-07-15,1,2,2,1,1.000000,,1.000000,3.333333,,,,,,,,GLOBAL_BASELINE_NO_ENTITY_RANKING,,,NOT_APPLICABLE_GLOBAL_BASELINE,HF9g-P5,,,,X 全窗基线 · 不参与实体赏罚,6873653,688,A168_HF9F_20260827_0900,2026-08-27 09:00:00
2026-07-15,153059100,2288,0,63.2535563989,-63.2535563989,-63.2535563989,0E-7,1,1,0.49324550000000000,0.493245500000,-0.9865810262130424,-0.9865810262130424,-0.9865810262130424,0E-17,ELIGIBLE,R03b_20260811_FULL_v1,L1_ELIGIBILITY,v2026-08-11,2026-03-21..2026-08-06,baccarat_bet02_101_all_pairs_incl_sentinel,round_win = game_pnl > 0 (decisive only),COMPATIBILITY_ONLY_NOT_PRODUCTION,166.5247,166.5247,166.5247,2,2,-1.00000000,-1.00000000,,-1.00000000,-166.5247,166.5247,THIN_EXPOSURE,0.0000,4.9957,3.0000,97.0000,AG03-UNRESOLVED,ALL5_LEVELS_bet23_to_bet27,4.9957,4.9957,4.9957,6.6610,6.6610,3.000000,3.000000,3.000000,4.000000,4.000000,97.000000,97.000000,97.000000,96.000000,96.000000,5.0,28.3092,26.4575,138.2155,140.0671,PENDING_AG03,FALSE,NOT_FOR_ENFORCEMENT,161.5289,161.5289,166.5247,161.5289,4.9957,1.00000000,0.97000000,4.9957,161.5289,0.97000000,4.9957,4.9957,4.9957,6.6610,6.6610,161.5289,0.97000000,28.3092,26.4575,138.2155,140.0671,0.83000000,0.84111944,0.03000000,83.2623,83.2623,83.2623,166.5247,83.2623,166.5247,2.0000,83.2623,,63.2536,83.2623,103.2711,103.2711,103.2711,103.2711,83.2623,-83.2623,1.24031,1.24031,1.0,2,2,2,1,1.00000000,1.00000000,1.00000000,0E-8,0.000000,1.000000,0.000000,,2026-07-15,2026-07-15,1,2,2,1,1.000000,,1.000000,3.333333,,,,,,,,GLOBAL_BASELINE_NO_ENTITY_RANKING,,,NOT_APPLICABLE_GLOBAL_BASELINE,HF9g-P5,,,,X 全窗基线 · 不参与实体赏罚,6873654,688,A168_HF9F_20260827_0900,2026-08-27 09:00:00
2026-05-02,141619334,1704,0,1517.2775968910,-42.2224556244,-42.2224556244,0.5333333,15,15,0.49860758000000000,0.498607580000,0.26898557172748716,0.26898557172748716,0.26898557172748716,0E-17,ELIGIBLE,R03b_20260811_FULL_v1,L1_ELIGIBILITY,v2026-08-11,2026-03-21..2026-08-06,baccarat_bet02_101_all_pairs_incl_sentinel,round_win = game_pnl > 0 (decisive only),COMPATIBILITY_ONLY_NOT_PRODUCTION,1853.3767,1853.3767,168.2596,21,21,-0.09078545,,-0.09078545,-0.09078545,-168.2596,1853.3767,THIN_EXPOSURE,0.0000,6.7304,4.0000,96.0000,AG03-UNRESOLVED,ALL5_LEVELS_bet23_to_bet27,6.7304,6.7304,6.7304,10.0956,0.0000,4.000000,4.000000,4.000000,6.000000,0.000000,96.000000,96.000000,96.000000,94.000000,100.000000,5.0,30.2867,28.3262,137.9729,139.9334,PENDING_AG03,FALSE,NOT_FOR_ENFORCEMENT,161.5293,1779.2417,168.2596,161.5293,6.7304,0.09078545,0.08715403,6.7304,161.5293,0.08715403,6.7304,6.7304,6.7304,10.0956,0.0000,161.5293,0.08715403,30.2867,28.3262,137.9729,139.9334,0.07444407,0.07550188,0.00363142,88.2560,88.2560,8.0124,84.1298,84.1298,926.6884,10.5000,,88.2560,63.0186,84.4449,105.031,115.0299,163.9638,210.062,84.4449,-21.0062,1.941666,2.487562,1.045132,2,2,1,2,0E-8,0.09078545,,0E-8,0.000000,1.000000,0.904762,,2026-05-02,2026-05-03,2,2,2,2,1.000000,,,0.000000,,,,,,,,GLOBAL_BASELINE_NO_ENTITY_RANKING,,,NOT_APPLICABLE_GLOBAL_BASELINE,HF9g-P5,,,,X 全窗基线 · 不参与实体赏罚,6873655,688,A168_HF9F_20260827_0900,2026-08-27 09:00:00
2026-05-03,141619334,2171,0,336.0991492491,-126.0371809685,-126.0371809685,0.3333333,6,6,0.49994810000000000,0.499948100000,-0.8162423282897021,-0.8162423282897021,-0.8162423282897021,0E-17,ELIGIBLE,R03b_20260811_FULL_v1,L1_ELIGIBILITY,v2026-08-11,2026-03-21..2026-08-06,baccarat_bet02_101_all_pairs_incl_sentinel,round_win = game_pnl > 0 (decisive only),COMPATIBILITY_ONLY_NOT_PRODUCTION,1853.3767,1853.3767,168.2596,21,21,-0.09078545,,-0.09078545,-0.09078545,-168.2596,1853.3767,THIN_EXPOSURE,0.0000,6.7304,4.0000,96.0000,AG03-UNRESOLVED,ALL5_LEVELS_bet23_to_bet27,6.7304,6.7304,6.7304,10.0956,0.0000,4.000000,4.000000,4.000000,6.000000,0.000000,96.000000,96.000000,96.000000,94.000000,100.000000,5.0,30.2867,28.3262,137.9729,139.9334,PENDING_AG03,FALSE,NOT_FOR_ENFORCEMENT,161.5293,1779.2417,168.2596,161.5293,6.7304,0.09078545,0.08715403,6.7304,161.5293,0.08715403,6.7304,6.7304,6.7304,10.0956,0.0000,161.5293,0.08715403,30.2867,28.3262,137.9729,139.9334,0.07444407,0.07550188,0.00363142,88.2560,88.2560,8.0124,84.1298,84.1298,926.6884,10.5000,,88.2560,63.0186,84.4449,105.031,115.0299,163.9638,210.062,84.4449,-21.0062,1.941666,2.487562,1.045132,2,2,1,2,0E-8,0.09078545,,0E-8,0.000000,1.000000,0.904762,,2026-05-02,2026-05-03,2,2,2,2,1.000000,,,0.000000,,,,,,,,GLOBAL_BASELINE_NO_ENTITY_RANKING,,,NOT_APPLICABLE_GLOBAL_BASELINE,HF9g-P5,,,,X 全窗基线 · 不参与实体赏罚,6873656,688,A168_HF9F_20260827_0900,2026-08-27 09:00:00
2026-03-23,147669618,1017,0,94.7942175528,-31.5980725176,-31.5980725176,0.3333333,6,6,0.49771390000000000,0.497713900000,-0.8053054414300617,-0.8053054414300617,-0.8053054414300617,0E-17,ELIGIBLE,R03b_20260811_FULL_v1,L1_ELIGIBILITY,v2026-08-11,2026-03-21..2026-08-06,baccarat_bet02_101_all_pairs_incl_sentinel,round_win = game_pnl > 0 (decisive only),COMPATIBILITY_ONLY_NOT_PRODUCTION,1082.2340,1026.9374,168.2597,65,65,-0.15547445,,-0.15547445,-0.15547445,-168.2597,1082.2340,OK,0.0000,6.7304,4.0000,96.0000,AG03-UNRESOLVED,ALL5_LEVELS_bet23_to_bet27,6.7304,6.7304,6.7304,6.7304,6.7304,4.000000,4.000000,4.000000,4.000000,4.000000,96.000000,96.000000,96.000000,96.000000,96.000000,5.0,33.6519,31.0653,134.6078,137.1944,PENDING_AG03,FALSE,NOT_FOR_ENFORCEMENT,161.5293,985.8599,168.2597,161.5293,6.7304,0.15547445,0.14925547,6.7304,161.5293,0.14925547,6.7304,6.7304,6.7304,6.7304,6.7304,161.5293,0.14925547,33.6519,31.0653,134.6078,137.1944,0.12437956,0.12676962,0.00621898,16.6498,15.7990,2.5886,168.2597,42.0649,1082.2340,65.0000,,16.6498,15.799,15.799,15.799,15.799,23.6986,30.4131,15.799,-15.799,1.5,1.924999,1.053846,4,7,1,2,0E-8,0.15547445,,0E-8,0.000000,0.948905,0.000000,,2026-03-23,2026-03-23,1,4,4,1,1.000000,,,0.000000,,,,,,,,GLOBAL_BASELINE_NO_ENTITY_RANKING,,,NOT_APPLICABLE_GLOBAL_BASELINE,HF9g-P5,,,,X 全窗基线 · 不参与实体赏罚,6873657,688,A168_HF9F_20260827_0900,2026-08-27 09:00:00
2026-03-23,147669618,1105,0,78.9951812940,-16.5889880718,-16.5889880718,0.4000000,5,5,0.49592654000000000,0.495926540000,-0.42901076602576227,-0.42901076602576227,-0.42901076602576227,0E-17,ELIGIBLE,R03b_20260811_FULL_v1,L1_ELIGIBILITY,v2026-08-11,2026-03-21..2026-08-06,baccarat_bet02_101_all_pairs_incl_sentinel,round_win = game_pnl > 0 (decisive only),COMPATIBILITY_ONLY_NOT_PRODUCTION,1082.2340,1026.9374,168.2597,65,65,-0.15547445,,-0.15547445,-0.15547445,-168.2597,1082.2340,OK,0.0000,6.7304,4.0000,96.0000,AG03-UNRESOLVED,ALL5_LEVELS_bet23_to_bet27,6.7304,6.7304,6.7304,6.7304,6.7304,4.000000,4.000000,4.000000,4.000000,4.000000,96.000000,96.000000,96.000000,96.000000,96.000000,5.0,33.6519,31.0653,134.6078,137.1944,PENDING_AG03,FALSE,NOT_FOR_ENFORCEMENT,161.5293,985.8599,168.2597,161.5293,6.7304,0.15547445,0.14925547,6.7304,161.5293,0.14925547,6.7304,6.7304,6.7304,6.7304,6.7304,161.5293,0.14925547,33.6519,31.0653,134.6078,137.1944,0.12437956,0.12676962,0.00621898,16.6498,15.7990,2.5886,168.2597,42.0649,1082.2340,65.0000,,16.6498,15.799,15.799,15.799,15.799,23.6986,30.4131,15.799,-15.799,1.5,1.924999,1.053846,4,7,1,2,0E-8,0.15547445,,0E-8,0.000000,0.948905,0.000000,,2026-03-23,2026-03-23,1,4,4,1,1.000000,,,0.000000,,,,,,,,GLOBAL_BASELINE_NO_ENTITY_RANKING,,,NOT_APPLICABLE_GLOBAL_BASELINE,HF9g-P5,,,,X 全窗基线 · 不参与实体赏罚,6873658,688,A168_HF9F_20260827_0900,2026-08-27 09:00:00
2026-03-23,147669618,1323,0,252.7845801408,-65.5660004742,-65.5660004742,0.3750000,16,16,0.49994810000000000,0.499948100000,-0.9995848053849833,-0.9995848053849833,-0.9995848053849833,0E-17,ELIGIBLE,R03b_20260811_FULL_v1,L1_ELIGIBILITY,v2026-08-11,2026-03-21..2026-08-06,baccarat_bet02_101_all_pairs_incl_sentinel,round_win = game_pnl > 0 (decisive only),COMPATIBILITY_ONLY_NOT_PRODUCTION,1082.2340,1026.9374,168.2597,65,65,-0.15547445,,-0.15547445,-0.15547445,-168.2597,1082.2340,OK,0.0000,6.7304,4.0000,96.0000,AG03-UNRESOLVED,ALL5_LEVELS_bet23_to_bet27,6.7304,6.7304,6.7304,6.7304,6.7304,4.000000,4.000000,4.000000,4.000000,4.000000,96.000000,96.000000,96.000000,96.000000,96.000000,5.0,33.6519,31.0653,134.6078,137.1944,PENDING_AG03,FALSE,NOT_FOR_ENFORCEMENT,161.5293,985.8599,168.2597,161.5293,6.7304,0.15547445,0.14925547,6.7304,161.5293,0.14925547,6.7304,6.7304,6.7304,6.7304,6.7304,161.5293,0.14925547,33.6519,31.0653,134.6078,137.1944,0.12437956,0.12676962,0.00621898,16.6498,15.7990,2.5886,168.2597,42.0649,1082.2340,65.0000,,16.6498,15.799,15.799,15.799,15.799,23.6986,30.4131,15.799,-15.799,1.5,1.924999,1.053846,4,7,1,2,0E-8,0.15547445,,0E-8,0.000000,0.948905,0.000000,,2026-03-23,2026-03-23,1,4,4,1,1.000000,,,0.000000,,,,,,,,GLOBAL_BASELINE_NO_ENTITY_RANKING,,,NOT_APPLICABLE_GLOBAL_BASELINE,HF9g-P5,,,,X 全窗基线 · 不参与实体赏罚,6873659,688,A168_HF9F_20260827_0900,2026-08-27 09:00:00
2026-03-23,147669618,1645,0,315.9807251760,11.8492771938,11.8492771938,0.5263158,20,20,0.49994810000000000,0.499948100000,0.22986818881925178,0.2298681888192518,0.22986818881925178,0E-17,ELIGIBLE,R03b_20260811_FULL_v1,L1_ELIGIBILITY,v2026-08-11,2026-03-21..2026-08-06,baccarat_bet02_101_all_pairs_incl_sentinel,round_win = game_pnl > 0 (decisive only),COMPATIBILITY_ONLY_NOT_PRODUCTION,1082.2340,1026.9374,168.2597,65,65,-0.15547445,,-0.15547445,-0.15547445,-168.2597,1082.2340,OK,0.0000,6.7304,4.0000,96.0000,AG03-UNRESOLVED,ALL5_LEVELS_bet23_to_bet27,6.7304,6.7304,6.7304,6.7304,6.7304,4.000000,4.000000,4.000000,4.000000,4.000000,96.000000,96.000000,96.000000,96.000000,96.000000,5.0,33.6519,31.0653,134.6078,137.1944,PENDING_AG03,FALSE,NOT_FOR_ENFORCEMENT,161.5293,985.8599,168.2597,161.5293,6.7304,0.15547445,0.14925547,6.7304,161.5293,0.14925547,6.7304,6.7304,6.7304,6.7304,6.7304,161.5293,0.14925547,33.6519,31.0653,134.6078,137.1944,0.12437956,0.12676962,0.00621898,16.6498,15.7990,2.5886,168.2597,42.0649,1082.2340,65.0000,,16.6498,15.799,15.799,15.799,15.799,23.6986,30.4131,15.799,-15.799,1.5,1.924999,1.053846,4,7,1,2,0E-8,0.15547445,,0E-8,0.000000,0.948905,0.000000,,2026-03-23,2026-03-23,1,4,4,1,1.000000,,,0.000000,,,,,,,,GLOBAL_BASELINE_NO_ENTITY_RANKING,,,NOT_APPLICABLE_GLOBAL_BASELINE,HF9g-P5,,,,X 全窗基线 · 不参与实体赏罚,6873660,688,A168_HF9F_20260827_0900,2026-08-27 09:00:00
2026-03-23,147669618,1654,0,78.9951812940,30.0181688916,30.0181688916,0.7500000,5,5,0.49860758000000000,0.498607580000,1.005573579286957,1.005573579286957,1.005573579286957,0E-17,ELIGIBLE,R03b_20260811_FULL_v1,L1_ELIGIBILITY,v2026-08-11,2026-03-21..2026-08-06,baccarat_bet02_101_all_pairs_incl_sentinel,round_win = game_pnl > 0 (decisive only),COMPATIBILITY_ONLY_NOT_PRODUCTION,1082.2340,1026.9374,168.2597,65,65,-0.15547445,,-0.15547445,-0.15547445,-168.2597,1082.2340,OK,0.0000,6.7304,4.0000,96.0000,AG03-UNRESOLVED,ALL5_LEVELS_bet23_to_bet27,6.7304,6.7304,6.7304,6.7304,6.7304,4.000000,4.000000,4.000000,4.000000,4.000000,96.000000,96.000000,96.000000,96.000000,96.000000,5.0,33.6519,31.0653,134.6078,137.1944,PENDING_AG03,FALSE,NOT_FOR_ENFORCEMENT,161.5293,985.8599,168.2597,161.5293,6.7304,0.15547445,0.14925547,6.7304,161.5293,0.14925547,6.7304,6.7304,6.7304,6.7304,6.7304,161.5293,0.14925547,33.6519,31.0653,134.6078,137.1944,0.12437956,0.12676962,0.00621898,16.6498,15.7990,2.5886,168.2597,42.0649,1082.2340,65.0000,,16.6498,15.799,15.799,15.799,15.799,23.6986,30.4131,15.799,-15.799,1.5,1.924999,1.053846,4,7,1,2,0E-8,0.15547445,,0E-8,0.000000,0.948905,0.000000,,2026-03-23,2026-03-23,1,4,4,1,1.000000,,,0.000000,,,,,,,,GLOBAL_BASELINE_NO_ENTITY_RANKING,,,NOT_APPLICABLE_GLOBAL_BASELINE,HF9g-P5,,,,X 全窗基线 · 不参与实体赏罚,6873661,688,A168_HF9F_20260827_0900,2026-08-27 09:00:00
2026-03-23,147669618,529,0,31.5980725176,0E-10,0E-10,0.5000000,2,2,0.49994810000000000,0.499948100000,0.00014679536856514622,0.00014679536856514622,0.00014679536856514622,0E-17,ELIGIBLE,R03b_20260811_FULL_v1,L1_ELIGIBILITY,v2026-08-11,2026-03-21..2026-08-06,baccarat_bet02_101_all_pairs_incl_sentinel,round_win = game_pnl > 0 (decisive only),COMPATIBILITY_ONLY_NOT_PRODUCTION,1082.2340,1026.9374,168.2597,65,65,-0.15547445,,-0.15547445,-0.15547445,-168.2597,1082.2340,OK,0.0000,6.7304,4.0000,96.0000,AG03-UNRESOLVED,ALL5_LEVELS_bet23_to_bet27,6.7304,6.7304,6.7304,6.7304,6.7304,4.000000,4.000000,4.000000,4.000000,4.000000,96.000000,96.000000,96.000000,96.000000,96.000000,5.0,33.6519,31.0653,134.6078,137.1944,PENDING_AG03,FALSE,NOT_FOR_ENFORCEMENT,161.5293,985.8599,168.2597,161.5293,6.7304,0.15547445,0.14925547,6.7304,161.5293,0.14925547,6.7304,6.7304,6.7304,6.7304,6.7304,161.5293,0.14925547,33.6519,31.0653,134.6078,137.1944,0.12437956,0.12676962,0.00621898,16.6498,15.7990,2.5886,168.2597,42.0649,1082.2340,65.0000,,16.6498,15.799,15.799,15.799,15.799,23.6986,30.4131,15.799,-15.799,1.5,1.924999,1.053846,4,7,1,2,0E-8,0.15547445,,0E-8,0.000000,0.948905,0.000000,,2026-03-23,2026-03-23,1,4,4,1,1.000000,,,0.000000,,,,,,,,GLOBAL_BASELINE_NO_ENTITY_RANKING,,,NOT_APPLICABLE_GLOBAL_BASELINE,HF9g-P5,,,,X 全窗基线 · 不参与实体赏罚,6873662,688,A168_HF9F_20260827_0900,2026-08-27 09:00:00
2026-03-23,147669618,583,0,229.0860257526,-96.3741211788,-96.3741211788,0.3000000,11,11,0.49812011818181818,0.498120118182,-1.2530305038523217,-1.2530305038534701,-1.2530305038523217,-1.8182E-13,ELIGIBLE,R03b_20260811_FULL_v1,L1_ELIGIBILITY,v2026-08-11,2026-03-21..2026-08-06,baccarat_bet02_101_all_pairs_incl_sentinel,round_win = game_pnl > 0 (decisive only),COMPATIBILITY_ONLY_NOT_PRODUCTION,1082.2340,1026.9374,168.2597,65,65,-0.15547445,,-0.15547445,-0.15547445,-168.2597,1082.2340,OK,0.0000,6.7304,4.0000,96.0000,AG03-UNRESOLVED,ALL5_LEVELS_bet23_to_bet27,6.7304,6.7304,6.7304,6.7304,6.7304,4.000000,4.000000,4.000000,4.000000,4.000000,96.000000,96.000000,96.000000,96.000000,96.000000,5.0,33.6519,31.0653,134.6078,137.1944,PENDING_AG03,FALSE,NOT_FOR_ENFORCEMENT,161.5293,985.8599,168.2597,161.5293,6.7304,0.15547445,0.14925547,6.7304,161.5293,0.14925547,6.7304,6.7304,6.7304,6.7304,6.7304,161.5293,0.14925547,33.6519,31.0653,134.6078,137.1944,0.12437956,0.12676962,0.00621898,16.6498,15.7990,2.5886,168.2597,42.0649,1082.2340,65.0000,,16.6498,15.799,15.799,15.799,15.799,23.6986,30.4131,15.799,-15.799,1.5,1.924999,1.053846,4,7,1,2,0E-8,0.15547445,,0E-8,0.000000,0.948905,0.000000,,2026-03-23,2026-03-23,1,4,4,1,1.000000,,,0.000000,,,,,,,,GLOBAL_BASELINE_NO_ENTITY_RANKING,,,NOT_APPLICABLE_GLOBAL_BASELINE,HF9g-P5,,,,X 全窗基线 · 不参与实体赏罚,6873663,688,A168_HF9F_20260827_0900,2026-08-27 09:00:00
2026-05-07,149712598,-1,1,63.2286524525,-63.2286524525,-63.2286524525,0E-7,1,1,0.50665070000000000,0.506650700000,-1.013391052207602,-1.013391052207602,-1.013391052207602,0E-17,SENTINEL_DEALER,R03b_20260811_FULL_v1,L1_ELIGIBILITY,v2026-08-11,2026-03-21..2026-08-06,baccarat_bet02_101_all_pairs_incl_sentinel,round_win = game_pnl > 0 (decisive only),COMPATIBILITY_ONLY_NOT_PRODUCTION,313.2024,250.1838,168.2596,6,6,-0.53722334,,-0.53722334,-0.53722334,-168.2596,313.2024,THIN_EXPOSURE,0.0000,6.7304,4.0000,96.0000,AG03-UNRESOLVED,ALL5_LEVELS_bet23_to_bet27,6.7304,6.7304,6.7304,10.0956,10.0956,4.000000,4.000000,4.000000,6.000000,6.000000,96.000000,96.000000,96.000000,94.000000,94.000000,5.0,40.3823,36.7222,127.8773,131.5374,PENDING_AG03,FALSE,NOT_FOR_ENFORCEMENT,161.5293,240.1765,168.2596,161.5293,6.7304,0.53722334,0.51573441,6.7304,161.5293,0.51573441,6.7304,6.7304,6.7304,10.0956,10.0956,161.5293,0.51573441,40.3823,36.7222,127.8773,131.5374,0.40828974,0.41997581,0.02148893,52.2004,41.6973,28.0433,84.1298,56.0865,156.6012,3.0000,,52.2004,42.0124,52.5155,63.0186,63.2076,63.2287,63.2287,42.0124,-40.9621,1.204,1.204,0.994,3,2,2,2,0E-8,0.53722334,,0E-8,0.000000,0.798793,0.000000,,2026-05-07,2026-05-19,2,3,3,13,0.153846,,,0.000000,,,,,,,,GLOBAL_BASELINE_NO_ENTITY_RANKING,,,NOT_APPLICABLE_GLOBAL_BASELINE,HF9g-P5,,,,X 全窗基线 · 不参与实体赏罚,6873664,688,A168_HF9F_20260827_0900,2026-08-27 09:00:00
2026-05-07,149712598,1401,0,126.0371809684,-63.0185904842,-63.0185904842,0E-7,2,2,0.50665070000000000,0.506650700000,-1.013391052207602,-1.013391052207602,-1.013391052207602,0E-17,ELIGIBLE,R03b_20260811_FULL_v1,L1_ELIGIBILITY,v2026-08-11,2026-03-21..2026-08-06,baccarat_bet02_101_all_pairs_incl_sentinel,round_win = game_pnl > 0 (decisive only),COMPATIBILITY_ONLY_NOT_PRODUCTION,313.2024,250.1838,168.2596,6,6,-0.53722334,,-0.53722334,-0.53722334,-168.2596,313.2024,THIN_EXPOSURE,0.0000,6.7304,4.0000,96.0000,AG03-UNRESOLVED,ALL5_LEVELS_bet23_to_bet27,6.7304,6.7304,6.7304,10.0956,10.0956,4.000000,4.000000,4.000000,6.000000,6.000000,96.000000,96.000000,96.000000,94.000000,94.000000,5.0,40.3823,36.7222,127.8773,131.5374,PENDING_AG03,FALSE,NOT_FOR_ENFORCEMENT,161.5293,240.1765,168.2596,161.5293,6.7304,0.53722334,0.51573441,6.7304,161.5293,0.51573441,6.7304,6.7304,6.7304,10.0956,10.0956,161.5293,0.51573441,40.3823,36.7222,127.8773,131.5374,0.40828974,0.41997581,0.02148893,52.2004,41.6973,28.0433,84.1298,56.0865,156.6012,3.0000,,52.2004,42.0124,52.5155,63.0186,63.2076,63.2287,63.2287,42.0124,-40.9621,1.204,1.204,0.994,3,2,2,2,0E-8,0.53722334,,0E-8,0.000000,0.798793,0.000000,,2026-05-07,2026-05-19,2,3,3,13,0.153846,,,0.000000,,,,,,,,GLOBAL_BASELINE_NO_ENTITY_RANKING,,,NOT_APPLICABLE_GLOBAL_BASELINE,HF9g-P5,,,,X 全窗基线 · 不参与实体赏罚,6873665,688,A168_HF9F_20260827_0900,2026-08-27 09:00:00
2026-05-19,149712598,-1,1,123.9365612855,-42.0123936561,-42.0123936561,0.3333333,3,3,0.50218230000000000,0.502182300000,-0.5849155494134425,-0.5849155494134426,-0.5849155494134425,0E-17,SENTINEL_DEALER,R03b_20260811_FULL_v1,L1_ELIGIBILITY,v2026-08-11,2026-03-21..2026-08-06,baccarat_bet02_101_all_pairs_incl_sentinel,round_win = game_pnl > 0 (decisive only),COMPATIBILITY_ONLY_NOT_PRODUCTION,313.2024,250.1838,168.2596,6,6,-0.53722334,,-0.53722334,-0.53722334,-168.2596,313.2024,THIN_EXPOSURE,0.0000,6.7304,4.0000,96.0000,AG03-UNRESOLVED,ALL5_LEVELS_bet23_to_bet27,6.7304,6.7304,6.7304,10.0956,10.0956,4.000000,4.000000,4.000000,6.000000,6.000000,96.000000,96.000000,96.000000,94.000000,94.000000,5.0,40.3823,36.7222,127.8773,131.5374,PENDING_AG03,FALSE,NOT_FOR_ENFORCEMENT,161.5293,240.1765,168.2596,161.5293,6.7304,0.53722334,0.51573441,6.7304,161.5293,0.51573441,6.7304,6.7304,6.7304,10.0956,10.0956,161.5293,0.51573441,40.3823,36.7222,127.8773,131.5374,0.40828974,0.41997581,0.02148893,52.2004,41.6973,28.0433,84.1298,56.0865,156.6012,3.0000,,52.2004,42.0124,52.5155,63.0186,63.2076,63.2287,63.2287,42.0124,-40.9621,1.204,1.204,0.994,3,2,2,2,0E-8,0.53722334,,0E-8,0.000000,0.798793,0.000000,,2026-05-07,2026-05-19,2,3,3,13,0.153846,,,0.000000,,,,,,,,GLOBAL_BASELINE_NO_ENTITY_RANKING,,,NOT_APPLICABLE_GLOBAL_BASELINE,HF9g-P5,,,,X 全窗基线 · 不参与实体赏罚,6873666,688,A168_HF9F_20260827_0900,2026-08-27 09:00:00
2026-03-28,141176520,1949,0,160.0969007557,-160.0969007557,-160.0969007557,0E-7,1,1,0.49324550000000000,0.493245500000,-0.9865810262130424,-0.9865810262130424,-0.9865810262130424,0E-17,ELIGIBLE,R03b_20260811_FULL_v1,L1_ELIGIBILITY,v2026-08-11,2026-03-21..2026-08-06,baccarat_bet02_101_all_pairs_incl_sentinel,round_win = game_pnl > 0 (decisive only),COMPATIBILITY_ONLY_NOT_PRODUCTION,168.2597,168.2597,168.2597,2,2,-1.00000000,,-1.00000000,-1.00000000,-168.2597,168.2597,THIN_EXPOSURE,0.0000,6.7304,4.0000,96.0000,AG03-UNRESOLVED,ALL5_LEVELS_bet23_to_bet27,6.7304,6.7304,6.7304,8.4130,8.4130,4.000000,4.000000,4.000000,5.000000,5.000000,96.000000,96.000000,96.000000,95.000000,95.000000,5.0,37.0171,33.9087,131.2426,134.3511,PENDING_AG03,FALSE,NOT_FOR_ENFORCEMENT,161.5293,161.5293,168.2597,161.5293,6.7304,1.00000000,0.96000000,6.7304,161.5293,0.96000000,6.7304,6.7304,6.7304,8.4130,8.4130,161.5293,0.96000000,37.0171,33.9087,131.2426,134.3511,0.78000000,0.79847424,0.04000000,84.1299,84.1299,84.1299,84.1299,84.1299,84.1299,1.0000,,84.1299,8.1628,84.1299,160.0969,160.0969,160.0969,160.0969,84.1299,-84.1299,1.902973,1.902973,1.0,2,2,1,2,0E-8,1.00000000,,0E-8,0.000000,1.000000,0.000000,,2026-03-28,2026-03-29,2,2,2,2,1.000000,,,0.000000,,,,,,,,GLOBAL_BASELINE_NO_ENTITY_RANKING,,,NOT_APPLICABLE_GLOBAL_BASELINE,HF9g-P5,,,,X 全窗基线 · 不参与实体赏罚,6873667,688,A168_HF9F_20260827_0900,2026-08-27 09:00:00
2026-03-29,141176520,1654,0,8.1628354004,-8.1628354004,-8.1628354004,0E-7,1,1,0.09460280000000000,0.094602800000,-0.32324545095860213,-0.32324545095860213,-0.32324545095860213,0E-17,ELIGIBLE,R03b_20260811_FULL_v1,L1_ELIGIBILITY,v2026-08-11,2026-03-21..2026-08-06,baccarat_bet02_101_all_pairs_incl_sentinel,round_win = game_pnl > 0 (decisive only),COMPATIBILITY_ONLY_NOT_PRODUCTION,168.2597,168.2597,168.2597,2,2,-1.00000000,,-1.00000000,-1.00000000,-168.2597,168.2597,THIN_EXPOSURE,0.0000,6.7304,4.0000,96.0000,AG03-UNRESOLVED,ALL5_LEVELS_bet23_to_bet27,6.7304,6.7304,6.7304,8.4130,8.4130,4.000000,4.000000,4.000000,5.000000,5.000000,96.000000,96.000000,96.000000,95.000000,95.000000,5.0,37.0171,33.9087,131.2426,134.3511,PENDING_AG03,FALSE,NOT_FOR_ENFORCEMENT,161.5293,161.5293,168.2597,161.5293,6.7304,1.00000000,0.96000000,6.7304,161.5293,0.96000000,6.7304,6.7304,6.7304,8.4130,8.4130,161.5293,0.96000000,37.0171,33.9087,131.2426,134.3511,0.78000000,0.79847424,0.04000000,84.1299,84.1299,84.1299,84.1299,84.1299,84.1299,1.0000,,84.1299,8.1628,84.1299,160.0969,160.0969,160.0969,160.0969,84.1299,-84.1299,1.902973,1.902973,1.0,2,2,1,2,0E-8,1.00000000,,0E-8,0.000000,1.000000,0.000000,,2026-03-28,2026-03-29,2,2,2,2,1.000000,,,0.000000,,,,,,,,GLOBAL_BASELINE_NO_ENTITY_RANKING,,,NOT_APPLICABLE_GLOBAL_BASELINE,HF9g-P5,,,,X 全窗基线 · 不参与实体赏罚,6873668,688,A168_HF9F_20260827_0900,2026-08-27 09:00:00
2026-07-23,142222146,2223,0,168.2722100710,-168.2722100710,-168.2722100710,0E-7,2,2,0.49994810000000000,0.499948100000,-1.4140667746232096,-1.4140667746232096,-1.4140667746232096,0E-17,ELIGIBLE,R03b_20260811_FULL_v1,L1_ELIGIBILITY,v2026-08-11,2026-03-21..2026-08-06,baccarat_bet02_101_all_pairs_incl_sentinel,round_win = game_pnl > 0 (decisive only),COMPATIBILITY_ONLY_NOT_PRODUCTION,168.2722,168.2722,168.2722,2,2,-1.00000000,-1.00000000,,-1.00000000,-168.2722,168.2722,THIN_EXPOSURE,0.0000,6.7309,4.0000,96.0000,AG03-UNRESOLVED,ALL5_LEVELS_bet23_to_bet27,6.7309,6.7309,6.7309,6.7309,6.7309,4.000000,4.000000,4.000000,4.000000,4.000000,96.000000,96.000000,96.000000,96.000000,96.000000,5.0,33.6544,31.0676,134.6178,137.2046,PENDING_AG03,FALSE,NOT_FOR_ENFORCEMENT,161.5413,161.5413,168.2722,161.5413,6.7309,1.00000000,0.96000000,6.7309,161.5413,0.96000000,6.7309,6.7309,6.7309,6.7309,6.7309,161.5413,0.96000000,33.6544,31.0676,134.6178,137.2046,0.80000000,0.8153727,0.04000000,84.1361,84.1361,84.1361,168.2722,168.2722,168.2722,2.0000,84.1361,,22.652,84.1361,145.6202,145.6202,145.6202,145.6202,84.1361,-84.1361,1.730769,1.730769,1.0,1,1,1,2,1.00000000,1.00000000,1.00000000,0E-8,0.000000,1.000000,0.000000,,2026-07-23,2026-07-23,1,1,1,1,1.000000,,1.000000,3.333333,,,,,,,,GLOBAL_BASELINE_NO_ENTITY_RANKING,,,NOT_APPLICABLE_GLOBAL_BASELINE,HF9g-P5,,,,X 全窗基线 · 不参与实体赏罚,6873669,688,A168_HF9F_20260827_0900,2026-08-27 09:00:00
2026-04-07,141772655,2134,0,42.1647376299,0E-10,0E-10,,1,1,0.49324550000000000,0.493245500000,,,,0E-17,NO_DECISIVE_ROUND,R03b_20260811_FULL_v1,L1_ELIGIBILITY,v2026-08-11,2026-03-21..2026-08-06,baccarat_bet02_101_all_pairs_incl_sentinel,round_win = game_pnl > 0 (decisive only),COMPATIBILITY_ONLY_NOT_PRODUCTION,399.8033,252.6076,168.2781,6,6,-0.42090222,,-0.42090222,-0.42090222,-168.2781,399.8033,THIN_EXPOSURE,0.0000,6.7311,4.0000,96.0000,AG03-UNRESOLVED,ALL5_LEVELS_bet23_to_bet27,6.7311,6.7311,6.7311,10.0967,10.0967,4.000000,4.000000,4.000000,6.000000,6.000000,96.000000,96.000000,96.000000,94.000000,94.000000,5.0,40.3867,36.7262,127.8913,131.5519,PENDING_AG03,FALSE,NOT_FOR_ENFORCEMENT,161.5470,242.5033,168.2781,161.5470,6.7311,0.42090222,0.40406613,6.7311,161.5470,0.40406613,6.7311,6.7311,6.7311,10.0967,10.0967,161.5470,0.40406613,40.3867,36.7262,127.8913,131.5519,0.31988569,0.32904146,0.01683609,66.6339,42.1013,28.0463,84.1390,33.6556,199.9016,3.0000,,66.6339,42.1647,52.7059,105.031,105.031,105.031,105.031,42.1647,-21.0824,1.992774,1.992774,1.264258,3,5,2,2,0E-8,0.42090222,,0E-8,0.000000,0.631830,0.000000,,2026-04-07,2026-05-28,2,5,4,52,0.038462,,,0.000000,,,,,,,,GLOBAL_BASELINE_NO_ENTITY_RANKING,,,NOT_APPLICABLE_GLOBAL_BASELINE,HF9g-P5,,,,X 全窗基线 · 不参与实体赏罚,6873670,688,A168_HF9F_20260827_0900,2026-08-27 09:00:00
2026-04-07,141772655,2169,0,105.4118440748,-21.0823688150,-21.0823688150,0.5000000,2,2,0.49994810000000000,0.499948100000,0.00014679536856514622,0.00014679536856514622,0.00014679536856514622,0E-17,ELIGIBLE,R03b_20260811_FULL_v1,L1_ELIGIBILITY,v2026-08-11,2026-03-21..2026-08-06,baccarat_bet02_101_all_pairs_incl_sentinel,round_win = game_pnl > 0 (decisive only),COMPATIBILITY_ONLY_NOT_PRODUCTION,399.8033,252.6076,168.2781,6,6,-0.42090222,,-0.42090222,-0.42090222,-168.2781,399.8033,THIN_EXPOSURE,0.0000,6.7311,4.0000,96.0000,AG03-UNRESOLVED,ALL5_LEVELS_bet23_to_bet27,6.7311,6.7311,6.7311,10.0967,10.0967,4.000000,4.000000,4.000000,6.000000,6.000000,96.000000,96.000000,96.000000,94.000000,94.000000,5.0,40.3867,36.7262,127.8913,131.5519,PENDING_AG03,FALSE,NOT_FOR_ENFORCEMENT,161.5470,242.5033,168.2781,161.5470,6.7311,0.42090222,0.40406613,6.7311,161.5470,0.40406613,6.7311,6.7311,6.7311,10.0967,10.0967,161.5470,0.40406613,40.3867,36.7262,127.8913,131.5519,0.31988569,0.32904146,0.01683609,66.6339,42.1013,28.0463,84.1390,33.6556,199.9016,3.0000,,66.6339,42.1647,52.7059,105.031,105.031,105.031,105.031,42.1647,-21.0824,1.992774,1.992774,1.264258,3,5,2,2,0E-8,0.42090222,,0E-8,0.000000,0.631830,0.000000,,2026-04-07,2026-05-28,2,5,4,52,0.038462,,,0.000000,,,,,,,,GLOBAL_BASELINE_NO_ENTITY_RANKING,,,NOT_APPLICABLE_GLOBAL_BASELINE,HF9g-P5,,,,X 全窗基线 · 不参与实体赏罚,6873671,688,A168_HF9F_20260827_0900,2026-08-27 09:00:00
2026-04-07,141772655,2177,0,42.1647376299,-42.1647376299,-42.1647376299,0E-7,1,1,0.49324550000000000,0.493245500000,-0.9865810262130424,-0.9865810262130424,-0.9865810262130424,0E-17,ELIGIBLE,R03b_20260811_FULL_v1,L1_ELIGIBILITY,v2026-08-11,2026-03-21..2026-08-06,baccarat_bet02_101_all_pairs_incl_sentinel,round_win = game_pnl > 0 (decisive only),COMPATIBILITY_ONLY_NOT_PRODUCTION,399.8033,252.6076,168.2781,6,6,-0.42090222,,-0.42090222,-0.42090222,-168.2781,399.8033,THIN_EXPOSURE,0.0000,6.7311,4.0000,96.0000,AG03-UNRESOLVED,ALL5_LEVELS_bet23_to_bet27,6.7311,6.7311,6.7311,10.0967,10.0967,4.000000,4.000000,4.000000,6.000000,6.000000,96.000000,96.000000,96.000000,94.000000,94.000000,5.0,40.3867,36.7262,127.8913,131.5519,PENDING_AG03,FALSE,NOT_FOR_ENFORCEMENT,161.5470,242.5033,168.2781,161.5470,6.7311,0.42090222,0.40406613,6.7311,161.5470,0.40406613,6.7311,6.7311,6.7311,10.0967,10.0967,161.5470,0.40406613,40.3867,36.7262,127.8913,131.5519,0.31988569,0.32904146,0.01683609,66.6339,42.1013,28.0463,84.1390,33.6556,199.9016,3.0000,,66.6339,42.1647,52.7059,105.031,105.031,105.031,105.031,42.1647,-21.0824,1.992774,1.992774,1.264258,3,5,2,2,0E-8,0.42090222,,0E-8,0.000000,0.631830,0.000000,,2026-04-07,2026-05-28,2,5,4,52,0.038462,,,0.000000,,,,,,,,GLOBAL_BASELINE_NO_ENTITY_RANKING,,,NOT_APPLICABLE_GLOBAL_BASELINE,HF9g-P5,,,,X 全窗基线 · 不参与实体赏罚,6873672,688,A168_HF9F_20260827_0900,2026-08-27 09:00:00
2026-05-28,141772655,2141,0,105.0309841403,-105.0309841403,-105.0309841403,0E-7,1,1,0.49324550000000000,0.493245500000,-0.9865810262130424,-0.9865810262130424,-0.9865810262130424,0E-17,ELIGIBLE,R03b_20260811_FULL_v1,L1_ELIGIBILITY,v2026-08-11,2026-03-21..2026-08-06,baccarat_bet02_101_all_pairs_incl_sentinel,round_win = game_pnl > 0 (decisive only),COMPATIBILITY_ONLY_NOT_PRODUCTION,399.8033,252.6076,168.2781,6,6,-0.42090222,,-0.42090222,-0.42090222,-168.2781,399.8033,THIN_EXPOSURE,0.0000,6.7311,4.0000,96.0000,AG03-UNRESOLVED,ALL5_LEVELS_bet23_to_bet27,6.7311,6.7311,6.7311,10.0967,10.0967,4.000000,4.000000,4.000000,6.000000,6.000000,96.000000,96.000000,96.000000,94.000000,94.000000,5.0,40.3867,36.7262,127.8913,131.5519,PENDING_AG03,FALSE,NOT_FOR_ENFORCEMENT,161.5470,242.5033,168.2781,161.5470,6.7311,0.42090222,0.40406613,6.7311,161.5470,0.40406613,6.7311,6.7311,6.7311,10.0967,10.0967,161.5470,0.40406613,40.3867,36.7262,127.8913,131.5519,0.31988569,0.32904146,0.01683609,66.6339,42.1013,28.0463,84.1390,33.6556,199.9016,3.0000,,66.6339,42.1647,52.7059,105.031,105.031,105.031,105.031,42.1647,-21.0824,1.992774,1.992774,1.264258,3,5,2,2,0E-8,0.42090222,,0E-8,0.000000,0.631830,0.000000,,2026-04-07,2026-05-28,2,5,4,52,0.038462,,,0.000000,,,,,,,,GLOBAL_BASELINE_NO_ENTITY_RANKING,,,NOT_APPLICABLE_GLOBAL_BASELINE,HF9g-P5,,,,X 全窗基线 · 不参与实体赏罚,6873673,688,A168_HF9F_20260827_0900,2026-08-27 09:00:00
2026-05-28,141772655,970,0,105.0309841403,0E-10,0E-10,,1,1,0.50665070000000000,0.506650700000,,,,0E-17,NO_DECISIVE_ROUND,R03b_20260811_FULL_v1,L1_ELIGIBILITY,v2026-08-11,2026-03-21..2026-08-06,baccarat_bet02_101_all_pairs_incl_sentinel,round_win = game_pnl > 0 (decisive only),COMPATIBILITY_ONLY_NOT_PRODUCTION,399.8033,252.6076,168.2781,6,6,-0.42090222,,-0.42090222,-0.42090222,-168.2781,399.8033,THIN_EXPOSURE,0.0000,6.7311,4.0000,96.0000,AG03-UNRESOLVED,ALL5_LEVELS_bet23_to_bet27,6.7311,6.7311,6.7311,10.0967,10.0967,4.000000,4.000000,4.000000,6.000000,6.000000,96.000000,96.000000,96.000000,94.000000,94.000000,5.0,40.3867,36.7262,127.8913,131.5519,PENDING_AG03,FALSE,NOT_FOR_ENFORCEMENT,161.5470,242.5033,168.2781,161.5470,6.7311,0.42090222,0.40406613,6.7311,161.5470,0.40406613,6.7311,6.7311,6.7311,10.0967,10.0967,161.5470,0.40406613,40.3867,36.7262,127.8913,131.5519,0.31988569,0.32904146,0.01683609,66.6339,42.1013,28.0463,84.1390,33.6556,199.9016,3.0000,,66.6339,42.1647,52.7059,105.031,105.031,105.031,105.031,42.1647,-21.0824,1.992774,1.992774,1.264258,3,5,2,2,0E-8,0.42090222,,0E-8,0.000000,0.631830,0.000000,,2026-04-07,2026-05-28,2,5,4,52,0.038462,,,0.000000,,,,,,,,GLOBAL_BASELINE_NO_ENTITY_RANKING,,,NOT_APPLICABLE_GLOBAL_BASELINE,HF9g-P5,,,,X 全窗基线 · 不参与实体赏罚,6873674,688,A168_HF9F_20260827_0900,2026-08-27 09:00:00
2026-04-16,146062363,1307,0,232.9659974351,-207.4444415363,-207.4444415363,0.1250000,10,8,0.41747303333333333,0.417473033333,-1.6774847925837966,-1.6774847925820748,-1.6774847925837966,3.3333E-13,ELIGIBLE,R03b_20260811_FULL_v1,L1_ELIGIBILITY,v2026-08-11,2026-03-21..2026-08-06,baccarat_bet02_101_all_pairs_incl_sentinel,round_win = game_pnl > 0 (decisive only),COMPATIBILITY_ONLY_NOT_PRODUCTION,617.1911,583.4617,166.5463,79,71,-0.26984556,,-0.26984556,-0.26984556,-166.5463,617.1911,OK,0.0000,4.9964,3.0000,97.0000,AG03-UNRESOLVED,ALL5_LEVELS_bet23_to_bet27,4.9964,4.9964,4.9964,6.6619,6.6619,3.000000,3.000000,3.000000,4.000000,4.000000,97.000000,97.000000,97.000000,96.000000,96.000000,5.0,28.3129,26.461,138.2334,140.0853,PENDING_AG03,FALSE,NOT_FOR_ENFORCEMENT,161.5499,565.9578,166.5463,161.5499,4.9964,0.26984556,0.26175019,4.9964,161.5499,0.26175019,4.9964,4.9964,4.9964,6.6619,6.6619,161.5499,0.26175019,28.3129,26.461,138.2334,140.0853,0.22397181,0.22697234,0.00809537,7.8125,8.2178,2.3457,23.7923,6.9394,88.1702,10.1429,,7.8125,2.5946,2.5946,10.4704,26.176,26.176,44.7609,2.5946,-2.5946,10.088737,17.25173,3.011112,13,22,11,6,0E-8,0.26984556,,0E-8,0.000000,0.945350,0.000000,,2026-04-16,2026-05-19,7,24,19,34,0.205882,,,0.000000,,,,,,,,GLOBAL_BASELINE_NO_ENTITY_RANKING,,,NOT_APPLICABLE_GLOBAL_BASELINE,HF9g-P5,,,,X 全窗基线 · 不参与实体赏罚,6873675,688,A168_HF9F_20260827_0900,2026-08-27 09:00:00
2026-04-16,146062363,1323,0,13.0879773840,-13.0879773840,-13.0879773840,0E-7,1,1,0.49324550000000000,0.493245500000,-0.9865810262130424,-0.9865810262130424,-0.9865810262130424,0E-17,ELIGIBLE,R03b_20260811_FULL_v1,L1_ELIGIBILITY,v2026-08-11,2026-03-21..2026-08-06,baccarat_bet02_101_all_pairs_incl_sentinel,round_win = game_pnl > 0 (decisive only),COMPATIBILITY_ONLY_NOT_PRODUCTION,617.1911,583.4617,166.5463,79,71,-0.26984556,,-0.26984556,-0.26984556,-166.5463,617.1911,OK,0.0000,4.9964,3.0000,97.0000,AG03-UNRESOLVED,ALL5_LEVELS_bet23_to_bet27,4.9964,4.9964,4.9964,6.6619,6.6619,3.000000,3.000000,3.000000,4.000000,4.000000,97.000000,97.000000,97.000000,96.000000,96.000000,5.0,28.3129,26.461,138.2334,140.0853,PENDING_AG03,FALSE,NOT_FOR_ENFORCEMENT,161.5499,565.9578,166.5463,161.5499,4.9964,0.26984556,0.26175019,4.9964,161.5499,0.26175019,4.9964,4.9964,4.9964,6.6619,6.6619,161.5499,0.26175019,28.3129,26.461,138.2334,140.0853,0.22397181,0.22697234,0.00809537,7.8125,8.2178,2.3457,23.7923,6.9394,88.1702,10.1429,,7.8125,2.5946,2.5946,10.4704,26.176,26.176,44.7609,2.5946,-2.5946,10.088737,17.25173,3.011112,13,22,11,6,0E-8,0.26984556,,0E-8,0.000000,0.945350,0.000000,,2026-04-16,2026-05-19,7,24,19,34,0.205882,,,0.000000,,,,,,,,GLOBAL_BASELINE_NO_ENTITY_RANKING,,,NOT_APPLICABLE_GLOBAL_BASELINE,HF9g-P5,,,,X 全窗基线 · 不参与实体赏罚,6873676,688,A168_HF9F_20260827_0900,2026-08-27 09:00:00
2026-04-16,146062363,1374,0,26.1759547680,24.8671570296,24.8671570296,1.0000000,1,1,0.50665070000000000,0.506650700000,0.9867858985152569,0.9867858985152569,0.9867858985152569,0E-17,ELIGIBLE,R03b_20260811_FULL_v1,L1_ELIGIBILITY,v2026-08-11,2026-03-21..2026-08-06,baccarat_bet02_101_all_pairs_incl_sentinel,round_win = game_pnl > 0 (decisive only),COMPATIBILITY_ONLY_NOT_PRODUCTION,617.1911,583.4617,166.5463,79,71,-0.26984556,,-0.26984556,-0.26984556,-166.5463,617.1911,OK,0.0000,4.9964,3.0000,97.0000,AG03-UNRESOLVED,ALL5_LEVELS_bet23_to_bet27,4.9964,4.9964,4.9964,6.6619,6.6619,3.000000,3.000000,3.000000,4.000000,4.000000,97.000000,97.000000,97.000000,96.000000,96.000000,5.0,28.3129,26.461,138.2334,140.0853,PENDING_AG03,FALSE,NOT_FOR_ENFORCEMENT,161.5499,565.9578,166.5463,161.5499,4.9964,0.26984556,0.26175019,4.9964,161.5499,0.26175019,4.9964,4.9964,4.9964,6.6619,6.6619,161.5499,0.26175019,28.3129,26.461,138.2334,140.0853,0.22397181,0.22697234,0.00809537,7.8125,8.2178,2.3457,23.7923,6.9394,88.1702,10.1429,,7.8125,2.5946,2.5946,10.4704,26.176,26.176,44.7609,2.5946,-2.5946,10.088737,17.25173,3.011112,13,22,11,6,0E-8,0.26984556,,0E-8,0.000000,0.945350,0.000000,,2026-04-16,2026-05-19,7,24,19,34,0.205882,,,0.000000,,,,,,,,GLOBAL_BASELINE_NO_ENTITY_RANKING,,,NOT_APPLICABLE_GLOBAL_BASELINE,HF9g-P5,,,,X 全窗基线 · 不参与实体赏罚,6873677,688,A168_HF9F_20260827_0900,2026-08-27 09:00:00
2026-04-16,146062363,1507,0,26.1759547680,26.1759547680,26.1759547680,1.0000000,1,1,0.49324550000000000,0.493245500000,1.01360149184955,1.01360149184955,1.01360149184955,0E-17,ELIGIBLE,R03b_20260811_FULL_v1,L1_ELIGIBILITY,v2026-08-11,2026-03-21..2026-08-06,baccarat_bet02_101_all_pairs_incl_sentinel,round_win = game_pnl > 0 (decisive only),COMPATIBILITY_ONLY_NOT_PRODUCTION,617.1911,583.4617,166.5463,79,71,-0.26984556,,-0.26984556,-0.26984556,-166.5463,617.1911,OK,0.0000,4.9964,3.0000,97.0000,AG03-UNRESOLVED,ALL5_LEVELS_bet23_to_bet27,4.9964,4.9964,4.9964,6.6619,6.6619,3.000000,3.000000,3.000000,4.000000,4.000000,97.000000,97.000000,97.000000,96.000000,96.000000,5.0,28.3129,26.461,138.2334,140.0853,PENDING_AG03,FALSE,NOT_FOR_ENFORCEMENT,161.5499,565.9578,166.5463,161.5499,4.9964,0.26984556,0.26175019,4.9964,161.5499,0.26175019,4.9964,4.9964,4.9964,6.6619,6.6619,161.5499,0.26175019,28.3129,26.461,138.2334,140.0853,0.22397181,0.22697234,0.00809537,7.8125,8.2178,2.3457,23.7923,6.9394,88.1702,10.1429,,7.8125,2.5946,2.5946,10.4704,26.176,26.176,44.7609,2.5946,-2.5946,10.088737,17.25173,3.011112,13,22,11,6,0E-8,0.26984556,,0E-8,0.000000,0.945350,0.000000,,2026-04-16,2026-05-19,7,24,19,34,0.205882,,,0.000000,,,,,,,,GLOBAL_BASELINE_NO_ENTITY_RANKING,,,NOT_APPLICABLE_GLOBAL_BASELINE,HF9g-P5,,,,X 全窗基线 · 不参与实体赏罚,6873678,688,A168_HF9F_20260827_0900,2026-08-27 09:00:00
2026-04-16,146062363,1941,0,26.1759547680,26.1759547680,26.1759547680,1.0000000,1,1,0.49324550000000000,0.493245500000,1.01360149184955,1.01360149184955,1.01360149184955,0E-17,ELIGIBLE,R03b_20260811_FULL_v1,L1_ELIGIBILITY,v2026-08-11,2026-03-21..2026-08-06,baccarat_bet02_101_all_pairs_incl_sentinel,round_win = game_pnl > 0 (decisive only),COMPATIBILITY_ONLY_NOT_PRODUCTION,617.1911,583.4617,166.5463,79,71,-0.26984556,,-0.26984556,-0.26984556,-166.5463,617.1911,OK,0.0000,4.9964,3.0000,97.0000,AG03-UNRESOLVED,ALL5_LEVELS_bet23_to_bet27,4.9964,4.9964,4.9964,6.6619,6.6619,3.000000,3.000000,3.000000,4.000000,4.000000,97.000000,97.000000,97.000000,96.000000,96.000000,5.0,28.3129,26.461,138.2334,140.0853,PENDING_AG03,FALSE,NOT_FOR_ENFORCEMENT,161.5499,565.9578,166.5463,161.5499,4.9964,0.26984556,0.26175019,4.9964,161.5499,0.26175019,4.9964,4.9964,4.9964,6.6619,6.6619,161.5499,0.26175019,28.3129,26.461,138.2334,140.0853,0.22397181,0.22697234,0.00809537,7.8125,8.2178,2.3457,23.7923,6.9394,88.1702,10.1429,,7.8125,2.5946,2.5946,10.4704,26.176,26.176,44.7609,2.5946,-2.5946,10.088737,17.25173,3.011112,13,22,11,6,0E-8,0.26984556,,0E-8,0.000000,0.945350,0.000000,,2026-04-16,2026-05-19,7,24,19,34,0.205882,,,0.000000,,,,,,,,GLOBAL_BASELINE_NO_ENTITY_RANKING,,,NOT_APPLICABLE_GLOBAL_BASELINE,HF9g-P5,,,,X 全窗基线 · 不参与实体赏罚,6873679,688,A168_HF9F_20260827_0900,2026-08-27 09:00:00
2026-04-16,146062363,2145,0,26.1759547680,24.8671570296,24.8671570296,1.0000000,1,1,0.50665070000000000,0.506650700000,0.9867858985152569,0.9867858985152569,0.9867858985152569,0E-17,ELIGIBLE,R03b_20260811_FULL_v1,L1_ELIGIBILITY,v2026-08-11,2026-03-21..2026-08-06,baccarat_bet02_101_all_pairs_incl_sentinel,round_win = game_pnl > 0 (decisive only),COMPATIBILITY_ONLY_NOT_PRODUCTION,617.1911,583.4617,166.5463,79,71,-0.26984556,,-0.26984556,-0.26984556,-166.5463,617.1911,OK,0.0000,4.9964,3.0000,97.0000,AG03-UNRESOLVED,ALL5_LEVELS_bet23_to_bet27,4.9964,4.9964,4.9964,6.6619,6.6619,3.000000,3.000000,3.000000,4.000000,4.000000,97.000000,97.000000,97.000000,96.000000,96.000000,5.0,28.3129,26.461,138.2334,140.0853,PENDING_AG03,FALSE,NOT_FOR_ENFORCEMENT,161.5499,565.9578,166.5463,161.5499,4.9964,0.26984556,0.26175019,4.9964,161.5499,0.26175019,4.9964,4.9964,4.9964,6.6619,6.6619,161.5499,0.26175019,28.3129,26.461,138.2334,140.0853,0.22397181,0.22697234,0.00809537,7.8125,8.2178,2.3457,23.7923,6.9394,88.1702,10.1429,,7.8125,2.5946,2.5946,10.4704,26.176,26.176,44.7609,2.5946,-2.5946,10.088737,17.25173,3.011112,13,22,11,6,0E-8,0.26984556,,0E-8,0.000000,0.945350,0.000000,,2026-04-16,2026-05-19,7,24,19,34,0.205882,,,0.000000,,,,,,,,GLOBAL_BASELINE_NO_ENTITY_RANKING,,,NOT_APPLICABLE_GLOBAL_BASELINE,HF9g-P5,,,,X 全窗基线 · 不参与实体赏罚,6873680,688,A168_HF9F_20260827_0900,2026-08-27 09:00:00
2026-04-16,146062363,2251,0,13.0879773840,-13.0879773840,-13.0879773840,0E-7,1,1,0.49324550000000000,0.493245500000,-0.9865810262130424,-0.9865810262130424,-0.9865810262130424,0E-17,ELIGIBLE,R03b_20260811_FULL_v1,L1_ELIGIBILITY,v2026-08-11,2026-03-21..2026-08-06,baccarat_bet02_101_all_pairs_incl_sentinel,round_win = game_pnl > 0 (decisive only),COMPATIBILITY_ONLY_NOT_PRODUCTION,617.1911,583.4617,166.5463,79,71,-0.26984556,,-0.26984556,-0.26984556,-166.5463,617.1911,OK,0.0000,4.9964,3.0000,97.0000,AG03-UNRESOLVED,ALL5_LEVELS_bet23_to_bet27,4.9964,4.9964,4.9964,6.6619,6.6619,3.000000,3.000000,3.000000,4.000000,4.000000,97.000000,97.000000,97.000000,96.000000,96.000000,5.0,28.3129,26.461,138.2334,140.0853,PENDING_AG03,FALSE,NOT_FOR_ENFORCEMENT,161.5499,565.9578,166.5463,161.5499,4.9964,0.26984556,0.26175019,4.9964,161.5499,0.26175019,4.9964,4.9964,4.9964,6.6619,6.6619,161.5499,0.26175019,28.3129,26.461,138.2334,140.0853,0.22397181,0.22697234,0.00809537,7.8125,8.2178,2.3457,23.7923,6.9394,88.1702,10.1429,,7.8125,2.5946,2.5946,10.4704,26.176,26.176,44.7609,2.5946,-2.5946,10.088737,17.25173,3.011112,13,22,11,6,0E-8,0.26984556,,0E-8,0.000000,0.945350,0.000000,,2026-04-16,2026-05-19,7,24,19,34,0.205882,,,0.000000,,,,,,,,GLOBAL_BASELINE_NO_ENTITY_RANKING,,,NOT_APPLICABLE_GLOBAL_BASELINE,HF9g-P5,,,,X 全窗基线 · 不参与实体赏罚,6873681,688,A168_HF9F_20260827_0900,2026-08-27 09:00:00
2026-04-26,146062363,1941,0,13.0879773840,-13.0879773840,-13.0879773840,0E-7,2,1,0.39836338000000000,0.256040200000,-0.8137154704476076,-0.5866503638730671,-0.8137154704476076,0.14232318000000000,ELIGIBLE,R03b_20260811_FULL_v1,L1_ELIGIBILITY,v2026-08-11,2026-03-21..2026-08-06,baccarat_bet02_101_all_pairs_incl_sentinel,round_win = game_pnl > 0 (decisive only),COMPATIBILITY_ONLY_NOT_PRODUCTION,617.1911,583.4617,166.5463,79,71,-0.26984556,,-0.26984556,-0.26984556,-166.5463,617.1911,OK,0.0000,4.9964,3.0000,97.0000,AG03-UNRESOLVED,ALL5_LEVELS_bet23_to_bet27,4.9964,4.9964,4.9964,6.6619,6.6619,3.000000,3.000000,3.000000,4.000000,4.000000,97.000000,97.000000,97.000000,96.000000,96.000000,5.0,28.3129,26.461,138.2334,140.0853,PENDING_AG03,FALSE,NOT_FOR_ENFORCEMENT,161.5499,565.9578,166.5463,161.5499,4.9964,0.26984556,0.26175019,4.9964,161.5499,0.26175019,4.9964,4.9964,4.9964,6.6619,6.6619,161.5499,0.26175019,28.3129,26.461,138.2334,140.0853,0.22397181,0.22697234,0.00809537,7.8125,8.2178,2.3457,23.7923,6.9394,88.1702,10.1429,,7.8125,2.5946,2.5946,10.4704,26.176,26.176,44.7609,2.5946,-2.5946,10.088737,17.25173,3.011112,13,22,11,6,0E-8,0.26984556,,0E-8,0.000000,0.945350,0.000000,,2026-04-16,2026-05-19,7,24,19,34,0.205882,,,0.000000,,,,,,,,GLOBAL_BASELINE_NO_ENTITY_RANKING,,,NOT_APPLICABLE_GLOBAL_BASELINE,HF9g-P5,,,,X 全窗基线 · 不参与实体赏罚,6873682,688,A168_HF9F_20260827_0900,2026-08-27 09:00:00
2026-04-30,146062363,-1,1,12.9728607753,12.3242177365,12.3242177365,1.0000000,1,1,0.50665070000000000,0.506650700000,0.9867858985152569,0.9867858985152569,0.9867858985152569,0E-17,SENTINEL_DEALER,R03b_20260811_FULL_v1,L1_ELIGIBILITY,v2026-08-11,2026-03-21..2026-08-06,baccarat_bet02_101_all_pairs_incl_sentinel,round_win = game_pnl > 0 (decisive only),COMPATIBILITY_ONLY_NOT_PRODUCTION,617.1911,583.4617,166.5463,79,71,-0.26984556,,-0.26984556,-0.26984556,-166.5463,617.1911,OK,0.0000,4.9964,3.0000,97.0000,AG03-UNRESOLVED,ALL5_LEVELS_bet23_to_bet27,4.9964,4.9964,4.9964,6.6619,6.6619,3.000000,3.000000,3.000000,4.000000,4.000000,97.000000,97.000000,97.000000,96.000000,96.000000,5.0,28.3129,26.461,138.2334,140.0853,PENDING_AG03,FALSE,NOT_FOR_ENFORCEMENT,161.5499,565.9578,166.5463,161.5499,4.9964,0.26984556,0.26175019,4.9964,161.5499,0.26175019,4.9964,4.9964,4.9964,6.6619,6.6619,161.5499,0.26175019,28.3129,26.461,138.2334,140.0853,0.22397181,0.22697234,0.00809537,7.8125,8.2178,2.3457,23.7923,6.9394,88.1702,10.1429,,7.8125,2.5946,2.5946,10.4704,26.176,26.176,44.7609,2.5946,-2.5946,10.088737,17.25173,3.011112,13,22,11,6,0E-8,0.26984556,,0E-8,0.000000,0.945350,0.000000,,2026-04-16,2026-05-19,7,24,19,34,0.205882,,,0.000000,,,,,,,,GLOBAL_BASELINE_NO_ENTITY_RANKING,,,NOT_APPLICABLE_GLOBAL_BASELINE,HF9g-P5,,,,X 全窗基线 · 不参与实体赏罚,6873683,688,A168_HF9F_20260827_0900,2026-08-27 09:00:00
2026-05-09,146062363,1307,0,15.5674329303,5.1891443101,5.1891443101,1.0000000,3,3,0.49324550000000000,0.493245500000,1.01360149184955,1.01360149184955,1.01360149184955,0E-17,ELIGIBLE,R03b_20260811_FULL_v1,L1_ELIGIBILITY,v2026-08-11,2026-03-21..2026-08-06,baccarat_bet02_101_all_pairs_incl_sentinel,round_win = game_pnl > 0 (decisive only),COMPATIBILITY_ONLY_NOT_PRODUCTION,617.1911,583.4617,166.5463,79,71,-0.26984556,,-0.26984556,-0.26984556,-166.5463,617.1911,OK,0.0000,4.9964,3.0000,97.0000,AG03-UNRESOLVED,ALL5_LEVELS_bet23_to_bet27,4.9964,4.9964,4.9964,6.6619,6.6619,3.000000,3.000000,3.000000,4.000000,4.000000,97.000000,97.000000,97.000000,96.000000,96.000000,5.0,28.3129,26.461,138.2334,140.0853,PENDING_AG03,FALSE,NOT_FOR_ENFORCEMENT,161.5499,565.9578,166.5463,161.5499,4.9964,0.26984556,0.26175019,4.9964,161.5499,0.26175019,4.9964,4.9964,4.9964,6.6619,6.6619,161.5499,0.26175019,28.3129,26.461,138.2334,140.0853,0.22397181,0.22697234,0.00809537,7.8125,8.2178,2.3457,23.7923,6.9394,88.1702,10.1429,,7.8125,2.5946,2.5946,10.4704,26.176,26.176,44.7609,2.5946,-2.5946,10.088737,17.25173,3.011112,13,22,11,6,0E-8,0.26984556,,0E-8,0.000000,0.945350,0.000000,,2026-04-16,2026-05-19,7,24,19,34,0.205882,,,0.000000,,,,,,,,GLOBAL_BASELINE_NO_ENTITY_RANKING,,,NOT_APPLICABLE_GLOBAL_BASELINE,HF9g-P5,,,,X 全窗基线 · 不参与实体赏罚,6873684,688,A168_HF9F_20260827_0900,2026-08-27 09:00:00
2026-05-09,146062363,1318,0,6.7458876032,-6.7458876032,-6.7458876032,0E-7,2,2,0.29392415000000000,0.293924150000,-0.9124455438455121,-0.9124455438455121,-0.9124455438455121,0E-17,ELIGIBLE,R03b_20260811_FULL_v1,L1_ELIGIBILITY,v2026-08-11,2026-03-21..2026-08-06,baccarat_bet02_101_all_pairs_incl_sentinel,round_win = game_pnl > 0 (decisive only),COMPATIBILITY_ONLY_NOT_PRODUCTION,617.1911,583.4617,166.5463,79,71,-0.26984556,,-0.26984556,-0.26984556,-166.5463,617.1911,OK,0.0000,4.9964,3.0000,97.0000,AG03-UNRESOLVED,ALL5_LEVELS_bet23_to_bet27,4.9964,4.9964,4.9964,6.6619,6.6619,3.000000,3.000000,3.000000,4.000000,4.000000,97.000000,97.000000,97.000000,96.000000,96.000000,5.0,28.3129,26.461,138.2334,140.0853,PENDING_AG03,FALSE,NOT_FOR_ENFORCEMENT,161.5499,565.9578,166.5463,161.5499,4.9964,0.26984556,0.26175019,4.9964,161.5499,0.26175019,4.9964,4.9964,4.9964,6.6619,6.6619,161.5499,0.26175019,28.3129,26.461,138.2334,140.0853,0.22397181,0.22697234,0.00809537,7.8125,8.2178,2.3457,23.7923,6.9394,88.1702,10.1429,,7.8125,2.5946,2.5946,10.4704,26.176,26.176,44.7609,2.5946,-2.5946,10.088737,17.25173,3.011112,13,22,11,6,0E-8,0.26984556,,0E-8,0.000000,0.945350,0.000000,,2026-04-16,2026-05-19,7,24,19,34,0.205882,,,0.000000,,,,,,,,GLOBAL_BASELINE_NO_ENTITY_RANKING,,,NOT_APPLICABLE_GLOBAL_BASELINE,HF9g-P5,,,,X 全窗基线 · 不参与实体赏罚,6873685,688,A168_HF9F_20260827_0900,2026-08-27 09:00:00
2026-05-09,146062363,1325,0,2.5945721551,-2.5945721551,-2.5945721551,0E-7,1,1,0.50665070000000000,0.506650700000,-1.013391052207602,-1.013391052207602,-1.013391052207602,0E-17,ELIGIBLE,R03b_20260811_FULL_v1,L1_ELIGIBILITY,v2026-08-11,2026-03-21..2026-08-06,baccarat_bet02_101_all_pairs_incl_sentinel,round_win = game_pnl > 0 (decisive only),COMPATIBILITY_ONLY_NOT_PRODUCTION,617.1911,583.4617,166.5463,79,71,-0.26984556,,-0.26984556,-0.26984556,-166.5463,617.1911,OK,0.0000,4.9964,3.0000,97.0000,AG03-UNRESOLVED,ALL5_LEVELS_bet23_to_bet27,4.9964,4.9964,4.9964,6.6619,6.6619,3.000000,3.000000,3.000000,4.000000,4.000000,97.000000,97.000000,97.000000,96.000000,96.000000,5.0,28.3129,26.461,138.2334,140.0853,PENDING_AG03,FALSE,NOT_FOR_ENFORCEMENT,161.5499,565.9578,166.5463,161.5499,4.9964,0.26984556,0.26175019,4.9964,161.5499,0.26175019,4.9964,4.9964,4.9964,6.6619,6.6619,161.5499,0.26175019,28.3129,26.461,138.2334,140.0853,0.22397181,0.22697234,0.00809537,7.8125,8.2178,2.3457,23.7923,6.9394,88.1702,10.1429,,7.8125,2.5946,2.5946,10.4704,26.176,26.176,44.7609,2.5946,-2.5946,10.088737,17.25173,3.011112,13,22,11,6,0E-8,0.26984556,,0E-8,0.000000,0.945350,0.000000,,2026-04-16,2026-05-19,7,24,19,34,0.205882,,,0.000000,,,,,,,,GLOBAL_BASELINE_NO_ENTITY_RANKING,,,NOT_APPLICABLE_GLOBAL_BASELINE,HF9g-P5,,,,X 全窗基线 · 不参与实体赏罚,6873686,688,A168_HF9F_20260827_0900,2026-08-27 09:00:00
2026-05-09,146062363,1374,0,7.7837164652,-7.7837164652,-7.7837164652,0E-7,2,2,0.26274280000000000,0.262742800000,-0.8442496678850145,-0.8442496678850145,-0.8442496678850145,0E-17,ELIGIBLE,R03b_20260811_FULL_v1,L1_ELIGIBILITY,v2026-08-11,2026-03-21..2026-08-06,baccarat_bet02_101_all_pairs_incl_sentinel,round_win = game_pnl > 0 (decisive only),COMPATIBILITY_ONLY_NOT_PRODUCTION,617.1911,583.4617,166.5463,79,71,-0.26984556,,-0.26984556,-0.26984556,-166.5463,617.1911,OK,0.0000,4.9964,3.0000,97.0000,AG03-UNRESOLVED,ALL5_LEVELS_bet23_to_bet27,4.9964,4.9964,4.9964,6.6619,6.6619,3.000000,3.000000,3.000000,4.000000,4.000000,97.000000,97.000000,97.000000,96.000000,96.000000,5.0,28.3129,26.461,138.2334,140.0853,PENDING_AG03,FALSE,NOT_FOR_ENFORCEMENT,161.5499,565.9578,166.5463,161.5499,4.9964,0.26984556,0.26175019,4.9964,161.5499,0.26175019,4.9964,4.9964,4.9964,6.6619,6.6619,161.5499,0.26175019,28.3129,26.461,138.2334,140.0853,0.22397181,0.22697234,0.00809537,7.8125,8.2178,2.3457,23.7923,6.9394,88.1702,10.1429,,7.8125,2.5946,2.5946,10.4704,26.176,26.176,44.7609,2.5946,-2.5946,10.088737,17.25173,3.011112,13,22,11,6,0E-8,0.26984556,,0E-8,0.000000,0.945350,0.000000,,2026-04-16,2026-05-19,7,24,19,34,0.205882,,,0.000000,,,,,,,,GLOBAL_BASELINE_NO_ENTITY_RANKING,,,NOT_APPLICABLE_GLOBAL_BASELINE,HF9g-P5,,,,X 全窗基线 · 不参与实体赏罚,6873687,688,A168_HF9F_20260827_0900,2026-08-27 09:00:00
2026-05-09,146062363,2101,0,62.2697317218,-8.0431736809,-8.0431736809,0.4285714,12,10,0.45757179000000000,0.457571790000,-0.1540109769583001,-0.1540109769583001,-0.1540109769583001,0E-17,ELIGIBLE,R03b_20260811_FULL_v1,L1_ELIGIBILITY,v2026-08-11,2026-03-21..2026-08-06,baccarat_bet02_101_all_pairs_incl_sentinel,round_win = game_pnl > 0 (decisive only),COMPATIBILITY_ONLY_NOT_PRODUCTION,617.1911,583.4617,166.5463,79,71,-0.26984556,,-0.26984556,-0.26984556,-166.5463,617.1911,OK,0.0000,4.9964,3.0000,97.0000,AG03-UNRESOLVED,ALL5_LEVELS_bet23_to_bet27,4.9964,4.9964,4.9964,6.6619,6.6619,3.000000,3.000000,3.000000,4.000000,4.000000,97.000000,97.000000,97.000000,96.000000,96.000000,5.0,28.3129,26.461,138.2334,140.0853,PENDING_AG03,FALSE,NOT_FOR_ENFORCEMENT,161.5499,565.9578,166.5463,161.5499,4.9964,0.26984556,0.26175019,4.9964,161.5499,0.26175019,4.9964,4.9964,4.9964,6.6619,6.6619,161.5499,0.26175019,28.3129,26.461,138.2334,140.0853,0.22397181,0.22697234,0.00809537,7.8125,8.2178,2.3457,23.7923,6.9394,88.1702,10.1429,,7.8125,2.5946,2.5946,10.4704,26.176,26.176,44.7609,2.5946,-2.5946,10.088737,17.25173,3.011112,13,22,11,6,0E-8,0.26984556,,0E-8,0.000000,0.945350,0.000000,,2026-04-16,2026-05-19,7,24,19,34,0.205882,,,0.000000,,,,,,,,GLOBAL_BASELINE_NO_ENTITY_RANKING,,,NOT_APPLICABLE_GLOBAL_BASELINE,HF9g-P5,,,,X 全窗基线 · 不参与实体赏罚,6873688,688,A168_HF9F_20260827_0900,2026-08-27 09:00:00
2026-05-09,146062363,2106,0,7.7837164653,7.6539878575,7.6539878575,1.0000000,3,3,0.49771390000000000,0.497713900000,1.739988277604938,1.739988277604938,1.739988277604938,0E-17,ELIGIBLE,R03b_20260811_FULL_v1,L1_ELIGIBILITY,v2026-08-11,2026-03-21..2026-08-06,baccarat_bet02_101_all_pairs_incl_sentinel,round_win = game_pnl > 0 (decisive only),COMPATIBILITY_ONLY_NOT_PRODUCTION,617.1911,583.4617,166.5463,79,71,-0.26984556,,-0.26984556,-0.26984556,-166.5463,617.1911,OK,0.0000,4.9964,3.0000,97.0000,AG03-UNRESOLVED,ALL5_LEVELS_bet23_to_bet27,4.9964,4.9964,4.9964,6.6619,6.6619,3.000000,3.000000,3.000000,4.000000,4.000000,97.000000,97.000000,97.000000,96.000000,96.000000,5.0,28.3129,26.461,138.2334,140.0853,PENDING_AG03,FALSE,NOT_FOR_ENFORCEMENT,161.5499,565.9578,166.5463,161.5499,4.9964,0.26984556,0.26175019,4.9964,161.5499,0.26175019,4.9964,4.9964,4.9964,6.6619,6.6619,161.5499,0.26175019,28.3129,26.461,138.2334,140.0853,0.22397181,0.22697234,0.00809537,7.8125,8.2178,2.3457,23.7923,6.9394,88.1702,10.1429,,7.8125,2.5946,2.5946,10.4704,26.176,26.176,44.7609,2.5946,-2.5946,10.088737,17.25173,3.011112,13,22,11,6,0E-8,0.26984556,,0E-8,0.000000,0.945350,0.000000,,2026-04-16,2026-05-19,7,24,19,34,0.205882,,,0.000000,,,,,,,,GLOBAL_BASELINE_NO_ENTITY_RANKING,,,NOT_APPLICABLE_GLOBAL_BASELINE,HF9g-P5,,,,X 全窗基线 · 不参与实体赏罚,6873689,688,A168_HF9F_20260827_0900,2026-08-27 09:00:00
2026-05-09,146062363,2127,0,7.7837164653,-7.7837164653,-7.7837164653,0E-7,3,3,0.49771390000000000,0.497713900000,-1.724149546644903,-1.724149546644903,-1.724149546644903,0E-17,ELIGIBLE,R03b_20260811_FULL_v1,L1_ELIGIBILITY,v2026-08-11,2026-03-21..2026-08-06,baccarat_bet02_101_all_pairs_incl_sentinel,round_win = game_pnl > 0 (decisive only),COMPATIBILITY_ONLY_NOT_PRODUCTION,617.1911,583.4617,166.5463,79,71,-0.26984556,,-0.26984556,-0.26984556,-166.5463,617.1911,OK,0.0000,4.9964,3.0000,97.0000,AG03-UNRESOLVED,ALL5_LEVELS_bet23_to_bet27,4.9964,4.9964,4.9964,6.6619,6.6619,3.000000,3.000000,3.000000,4.000000,4.000000,97.000000,97.000000,97.000000,96.000000,96.000000,5.0,28.3129,26.461,138.2334,140.0853,PENDING_AG03,FALSE,NOT_FOR_ENFORCEMENT,161.5499,565.9578,166.5463,161.5499,4.9964,0.26984556,0.26175019,4.9964,161.5499,0.26175019,4.9964,4.9964,4.9964,6.6619,6.6619,161.5499,0.26175019,28.3129,26.461,138.2334,140.0853,0.22397181,0.22697234,0.00809537,7.8125,8.2178,2.3457,23.7923,6.9394,88.1702,10.1429,,7.8125,2.5946,2.5946,10.4704,26.176,26.176,44.7609,2.5946,-2.5946,10.088737,17.25173,3.011112,13,22,11,6,0E-8,0.26984556,,0E-8,0.000000,0.945350,0.000000,,2026-04-16,2026-05-19,7,24,19,34,0.205882,,,0.000000,,,,,,,,GLOBAL_BASELINE_NO_ENTITY_RANKING,,,NOT_APPLICABLE_GLOBAL_BASELINE,HF9g-P5,,,,X 全窗基线 · 不参与实体赏罚,6873690,688,A168_HF9F_20260827_0900,2026-08-27 09:00:00
2026-05-09,146062363,2130,0,20.7565772407,-0.2594572157,-0.2594572157,0.4285714,7,7,0.22598378571428571,0.225983785714,1.281587616313648,1.281587616316029,1.281587616313648,2.8571E-13,ELIGIBLE,R03b_20260811_FULL_v1,L1_ELIGIBILITY,v2026-08-11,2026-03-21..2026-08-06,baccarat_bet02_101_all_pairs_incl_sentinel,round_win = game_pnl > 0 (decisive only),COMPATIBILITY_ONLY_NOT_PRODUCTION,617.1911,583.4617,166.5463,79,71,-0.26984556,,-0.26984556,-0.26984556,-166.5463,617.1911,OK,0.0000,4.9964,3.0000,97.0000,AG03-UNRESOLVED,ALL5_LEVELS_bet23_to_bet27,4.9964,4.9964,4.9964,6.6619,6.6619,3.000000,3.000000,3.000000,4.000000,4.000000,97.000000,97.000000,97.000000,96.000000,96.000000,5.0,28.3129,26.461,138.2334,140.0853,PENDING_AG03,FALSE,NOT_FOR_ENFORCEMENT,161.5499,565.9578,166.5463,161.5499,4.9964,0.26984556,0.26175019,4.9964,161.5499,0.26175019,4.9964,4.9964,4.9964,6.6619,6.6619,161.5499,0.26175019,28.3129,26.461,138.2334,140.0853,0.22397181,0.22697234,0.00809537,7.8125,8.2178,2.3457,23.7923,6.9394,88.1702,10.1429,,7.8125,2.5946,2.5946,10.4704,26.176,26.176,44.7609,2.5946,-2.5946,10.088737,17.25173,3.011112,13,22,11,6,0E-8,0.26984556,,0E-8,0.000000,0.945350,0.000000,,2026-04-16,2026-05-19,7,24,19,34,0.205882,,,0.000000,,,,,,,,GLOBAL_BASELINE_NO_ENTITY_RANKING,,,NOT_APPLICABLE_GLOBAL_BASELINE,HF9g-P5,,,,X 全窗基线 · 不参与实体赏罚,6873691,688,A168_HF9F_20260827_0900,2026-08-27 09:00:00
2026-05-09,146062363,2167,0,5.1891443102,0E-10,0E-10,0.5000000,2,2,0.49324550000000000,0.493245500000,0.01910635448239258,0.01910635448239258,0.01910635448239258,0E-17,ELIGIBLE,R03b_20260811_FULL_v1,L1_ELIGIBILITY,v2026-08-11,2026-03-21..2026-08-06,baccarat_bet02_101_all_pairs_incl_sentinel,round_win = game_pnl > 0 (decisive only),COMPATIBILITY_ONLY_NOT_PRODUCTION,617.1911,583.4617,166.5463,79,71,-0.26984556,,-0.26984556,-0.26984556,-166.5463,617.1911,OK,0.0000,4.9964,3.0000,97.0000,AG03-UNRESOLVED,ALL5_LEVELS_bet23_to_bet27,4.9964,4.9964,4.9964,6.6619,6.6619,3.000000,3.000000,3.000000,4.000000,4.000000,97.000000,97.000000,97.000000,96.000000,96.000000,5.0,28.3129,26.461,138.2334,140.0853,PENDING_AG03,FALSE,NOT_FOR_ENFORCEMENT,161.5499,565.9578,166.5463,161.5499,4.9964,0.26984556,0.26175019,4.9964,161.5499,0.26175019,4.9964,4.9964,4.9964,6.6619,6.6619,161.5499,0.26175019,28.3129,26.461,138.2334,140.0853,0.22397181,0.22697234,0.00809537,7.8125,8.2178,2.3457,23.7923,6.9394,88.1702,10.1429,,7.8125,2.5946,2.5946,10.4704,26.176,26.176,44.7609,2.5946,-2.5946,10.088737,17.25173,3.011112,13,22,11,6,0E-8,0.26984556,,0E-8,0.000000,0.945350,0.000000,,2026-04-16,2026-05-19,7,24,19,34,0.205882,,,0.000000,,,,,,,,GLOBAL_BASELINE_NO_ENTITY_RANKING,,,NOT_APPLICABLE_GLOBAL_BASELINE,HF9g-P5,,,,X 全窗基线 · 不参与实体赏罚,6873692,688,A168_HF9F_20260827_0900,2026-08-27 09:00:00
2026-05-09,146062363,2246,0,49.2968709462,-18.4214623011,-18.4214623011,0.3750000,11,8,0.38724151333263741,0.349181312500,-0.07107951922523373,0.15318761358836627,-0.07107951922523373,0.03806020083263741,ELIGIBLE,R03b_20260811_FULL_v1,L1_ELIGIBILITY,v2026-08-11,2026-03-21..2026-08-06,baccarat_bet02_101_all_pairs_incl_sentinel,round_win = game_pnl > 0 (decisive only),COMPATIBILITY_ONLY_NOT_PRODUCTION,617.1911,583.4617,166.5463,79,71,-0.26984556,,-0.26984556,-0.26984556,-166.5463,617.1911,OK,0.0000,4.9964,3.0000,97.0000,AG03-UNRESOLVED,ALL5_LEVELS_bet23_to_bet27,4.9964,4.9964,4.9964,6.6619,6.6619,3.000000,3.000000,3.000000,4.000000,4.000000,97.000000,97.000000,97.000000,96.000000,96.000000,5.0,28.3129,26.461,138.2334,140.0853,PENDING_AG03,FALSE,NOT_FOR_ENFORCEMENT,161.5499,565.9578,166.5463,161.5499,4.9964,0.26984556,0.26175019,4.9964,161.5499,0.26175019,4.9964,4.9964,4.9964,6.6619,6.6619,161.5499,0.26175019,28.3129,26.461,138.2334,140.0853,0.22397181,0.22697234,0.00809537,7.8125,8.2178,2.3457,23.7923,6.9394,88.1702,10.1429,,7.8125,2.5946,2.5946,10.4704,26.176,26.176,44.7609,2.5946,-2.5946,10.088737,17.25173,3.011112,13,22,11,6,0E-8,0.26984556,,0E-8,0.000000,0.945350,0.000000,,2026-04-16,2026-05-19,7,24,19,34,0.205882,,,0.000000,,,,,,,,GLOBAL_BASELINE_NO_ENTITY_RANKING,,,NOT_APPLICABLE_GLOBAL_BASELINE,HF9g-P5,,,,X 全窗基线 · 不参与实体赏罚,6873693,688,A168_HF9F_20260827_0900,2026-08-27 09:00:00
2026-05-09,146062363,2266,0,7.7837164653,7.5242592497,7.5242592497,1.0000000,3,3,0.50218230000000000,0.502182300000,1.724507524396475,1.7245075243964754,1.724507524396475,0E-17,ELIGIBLE,R03b_20260811_FULL_v1,L1_ELIGIBILITY,v2026-08-11,2026-03-21..2026-08-06,baccarat_bet02_101_all_pairs_incl_sentinel,round_win = game_pnl > 0 (decisive only),COMPATIBILITY_ONLY_NOT_PRODUCTION,617.1911,583.4617,166.5463,79,71,-0.26984556,,-0.26984556,-0.26984556,-166.5463,617.1911,OK,0.0000,4.9964,3.0000,97.0000,AG03-UNRESOLVED,ALL5_LEVELS_bet23_to_bet27,4.9964,4.9964,4.9964,6.6619,6.6619,3.000000,3.000000,3.000000,4.000000,4.000000,97.000000,97.000000,97.000000,96.000000,96.000000,5.0,28.3129,26.461,138.2334,140.0853,PENDING_AG03,FALSE,NOT_FOR_ENFORCEMENT,161.5499,565.9578,166.5463,161.5499,4.9964,0.26984556,0.26175019,4.9964,161.5499,0.26175019,4.9964,4.9964,4.9964,6.6619,6.6619,161.5499,0.26175019,28.3129,26.461,138.2334,140.0853,0.22397181,0.22697234,0.00809537,7.8125,8.2178,2.3457,23.7923,6.9394,88.1702,10.1429,,7.8125,2.5946,2.5946,10.4704,26.176,26.176,44.7609,2.5946,-2.5946,10.088737,17.25173,3.011112,13,22,11,6,0E-8,0.26984556,,0E-8,0.000000,0.945350,0.000000,,2026-04-16,2026-05-19,7,24,19,34,0.205882,,,0.000000,,,,,,,,GLOBAL_BASELINE_NO_ENTITY_RANKING,,,NOT_APPLICABLE_GLOBAL_BASELINE,HF9g-P5,,,,X 全窗基线 · 不参与实体赏罚,6873694,688,A168_HF9F_20260827_0900,2026-08-27 09:00:00
2026-05-09,146062363,2267,0,10.3782886204,-5.3188729180,-5.3188729180,0.2500000,4,4,0.50665070000000000,0.506650700000,-1.0266936290537745,-1.0266936290537745,-1.0266936290537745,0E-17,ELIGIBLE,R03b_20260811_FULL_v1,L1_ELIGIBILITY,v2026-08-11,2026-03-21..2026-08-06,baccarat_bet02_101_all_pairs_incl_sentinel,round_win = game_pnl > 0 (decisive only),COMPATIBILITY_ONLY_NOT_PRODUCTION,617.1911,583.4617,166.5463,79,71,-0.26984556,,-0.26984556,-0.26984556,-166.5463,617.1911,OK,0.0000,4.9964,3.0000,97.0000,AG03-UNRESOLVED,ALL5_LEVELS_bet23_to_bet27,4.9964,4.9964,4.9964,6.6619,6.6619,3.000000,3.000000,3.000000,4.000000,4.000000,97.000000,97.000000,97.000000,96.000000,96.000000,5.0,28.3129,26.461,138.2334,140.0853,PENDING_AG03,FALSE,NOT_FOR_ENFORCEMENT,161.5499,565.9578,166.5463,161.5499,4.9964,0.26984556,0.26175019,4.9964,161.5499,0.26175019,4.9964,4.9964,4.9964,6.6619,6.6619,161.5499,0.26175019,28.3129,26.461,138.2334,140.0853,0.22397181,0.22697234,0.00809537,7.8125,8.2178,2.3457,23.7923,6.9394,88.1702,10.1429,,7.8125,2.5946,2.5946,10.4704,26.176,26.176,44.7609,2.5946,-2.5946,10.088737,17.25173,3.011112,13,22,11,6,0E-8,0.26984556,,0E-8,0.000000,0.945350,0.000000,,2026-04-16,2026-05-19,7,24,19,34,0.205882,,,0.000000,,,,,,,,GLOBAL_BASELINE_NO_ENTITY_RANKING,,,NOT_APPLICABLE_GLOBAL_BASELINE,HF9g-P5,,,,X 全窗基线 · 不参与实体赏罚,6873695,688,A168_HF9F_20260827_0900,2026-08-27 09:00:00
2026-05-09,146062363,925,0,10.3782886204,-5.1891443102,-5.1891443102,0.2500000,4,4,0.49659680000000000,0.496596800000,-0.9864100490137353,-0.9864100490137354,-0.9864100490137353,0E-17,ELIGIBLE,R03b_20260811_FULL_v1,L1_ELIGIBILITY,v2026-08-11,2026-03-21..2026-08-06,baccarat_bet02_101_all_pairs_incl_sentinel,round_win = game_pnl > 0 (decisive only),COMPATIBILITY_ONLY_NOT_PRODUCTION,617.1911,583.4617,166.5463,79,71,-0.26984556,,-0.26984556,-0.26984556,-166.5463,617.1911,OK,0.0000,4.9964,3.0000,97.0000,AG03-UNRESOLVED,ALL5_LEVELS_bet23_to_bet27,4.9964,4.9964,4.9964,6.6619,6.6619,3.000000,3.000000,3.000000,4.000000,4.000000,97.000000,97.000000,97.000000,96.000000,96.000000,5.0,28.3129,26.461,138.2334,140.0853,PENDING_AG03,FALSE,NOT_FOR_ENFORCEMENT,161.5499,565.9578,166.5463,161.5499,4.9964,0.26984556,0.26175019,4.9964,161.5499,0.26175019,4.9964,4.9964,4.9964,6.6619,6.6619,161.5499,0.26175019,28.3129,26.461,138.2334,140.0853,0.22397181,0.22697234,0.00809537,7.8125,8.2178,2.3457,23.7923,6.9394,88.1702,10.1429,,7.8125,2.5946,2.5946,10.4704,26.176,26.176,44.7609,2.5946,-2.5946,10.088737,17.25173,3.011112,13,22,11,6,0E-8,0.26984556,,0E-8,0.000000,0.945350,0.000000,,2026-04-16,2026-05-19,7,24,19,34,0.205882,,,0.000000,,,,,,,,GLOBAL_BASELINE_NO_ENTITY_RANKING,,,NOT_APPLICABLE_GLOBAL_BASELINE,HF9g-P5,,,,X 全窗基线 · 不参与实体赏罚,6873696,688,A168_HF9F_20260827_0900,2026-08-27 09:00:00
2026-05-11,146062363,1353,0,5.1891443101,4.9296870946,4.9296870946,1.0000000,1,1,0.50665070000000000,0.506650700000,0.9867858985152569,0.9867858985152569,0.9867858985152569,0E-17,ELIGIBLE,R03b_20260811_FULL_v1,L1_ELIGIBILITY,v2026-08-11,2026-03-21..2026-08-06,baccarat_bet02_101_all_pairs_incl_sentinel,round_win = game_pnl > 0 (decisive only),COMPATIBILITY_ONLY_NOT_PRODUCTION,617.1911,583.4617,166.5463,79,71,-0.26984556,,-0.26984556,-0.26984556,-166.5463,617.1911,OK,0.0000,4.9964,3.0000,97.0000,AG03-UNRESOLVED,ALL5_LEVELS_bet23_to_bet27,4.9964,4.9964,4.9964,6.6619,6.6619,3.000000,3.000000,3.000000,4.000000,4.000000,97.000000,97.000000,97.000000,96.000000,96.000000,5.0,28.3129,26.461,138.2334,140.0853,PENDING_AG03,FALSE,NOT_FOR_ENFORCEMENT,161.5499,565.9578,166.5463,161.5499,4.9964,0.26984556,0.26175019,4.9964,161.5499,0.26175019,4.9964,4.9964,4.9964,6.6619,6.6619,161.5499,0.26175019,28.3129,26.461,138.2334,140.0853,0.22397181,0.22697234,0.00809537,7.8125,8.2178,2.3457,23.7923,6.9394,88.1702,10.1429,,7.8125,2.5946,2.5946,10.4704,26.176,26.176,44.7609,2.5946,-2.5946,10.088737,17.25173,3.011112,13,22,11,6,0E-8,0.26984556,,0E-8,0.000000,0.945350,0.000000,,2026-04-16,2026-05-19,7,24,19,34,0.205882,,,0.000000,,,,,,,,GLOBAL_BASELINE_NO_ENTITY_RANKING,,,NOT_APPLICABLE_GLOBAL_BASELINE,HF9g-P5,,,,X 全窗基线 · 不参与实体赏罚,6873697,688,A168_HF9F_20260827_0900,2026-08-27 09:00:00
2026-05-13,146062363,2160,0,5.1891443101,0E-10,0E-10,,1,1,0.49324550000000000,0.493245500000,,,,0E-17,NO_DECISIVE_ROUND,R03b_20260811_FULL_v1,L1_ELIGIBILITY,v2026-08-11,2026-03-21..2026-08-06,baccarat_bet02_101_all_pairs_incl_sentinel,round_win = game_pnl > 0 (decisive only),COMPATIBILITY_ONLY_NOT_PRODUCTION,617.1911,583.4617,166.5463,79,71,-0.26984556,,-0.26984556,-0.26984556,-166.5463,617.1911,OK,0.0000,4.9964,3.0000,97.0000,AG03-UNRESOLVED,ALL5_LEVELS_bet23_to_bet27,4.9964,4.9964,4.9964,6.6619,6.6619,3.000000,3.000000,3.000000,4.000000,4.000000,97.000000,97.000000,97.000000,96.000000,96.000000,5.0,28.3129,26.461,138.2334,140.0853,PENDING_AG03,FALSE,NOT_FOR_ENFORCEMENT,161.5499,565.9578,166.5463,161.5499,4.9964,0.26984556,0.26175019,4.9964,161.5499,0.26175019,4.9964,4.9964,4.9964,6.6619,6.6619,161.5499,0.26175019,28.3129,26.461,138.2334,140.0853,0.22397181,0.22697234,0.00809537,7.8125,8.2178,2.3457,23.7923,6.9394,88.1702,10.1429,,7.8125,2.5946,2.5946,10.4704,26.176,26.176,44.7609,2.5946,-2.5946,10.088737,17.25173,3.011112,13,22,11,6,0E-8,0.26984556,,0E-8,0.000000,0.945350,0.000000,,2026-04-16,2026-05-19,7,24,19,34,0.205882,,,0.000000,,,,,,,,GLOBAL_BASELINE_NO_ENTITY_RANKING,,,NOT_APPLICABLE_GLOBAL_BASELINE,HF9g-P5,,,,X 全窗基线 · 不参与实体赏罚,6873698,688,A168_HF9F_20260827_0900,2026-08-27 09:00:00
2026-05-19,146062363,1966,0,2.5945721551,2.5945721551,2.5945721551,1.0000000,1,1,0.49324550000000000,0.493245500000,1.01360149184955,1.01360149184955,1.01360149184955,0E-17,ELIGIBLE,R03b_20260811_FULL_v1,L1_ELIGIBILITY,v2026-08-11,2026-03-21..2026-08-06,baccarat_bet02_101_all_pairs_incl_sentinel,round_win = game_pnl > 0 (decisive only),COMPATIBILITY_ONLY_NOT_PRODUCTION,617.1911,583.4617,166.5463,79,71,-0.26984556,,-0.26984556,-0.26984556,-166.5463,617.1911,OK,0.0000,4.9964,3.0000,97.0000,AG03-UNRESOLVED,ALL5_LEVELS_bet23_to_bet27,4.9964,4.9964,4.9964,6.6619,6.6619,3.000000,3.000000,3.000000,4.000000,4.000000,97.000000,97.000000,97.000000,96.000000,96.000000,5.0,28.3129,26.461,138.2334,140.0853,PENDING_AG03,FALSE,NOT_FOR_ENFORCEMENT,161.5499,565.9578,166.5463,161.5499,4.9964,0.26984556,0.26175019,4.9964,161.5499,0.26175019,4.9964,4.9964,4.9964,6.6619,6.6619,161.5499,0.26175019,28.3129,26.461,138.2334,140.0853,0.22397181,0.22697234,0.00809537,7.8125,8.2178,2.3457,23.7923,6.9394,88.1702,10.1429,,7.8125,2.5946,2.5946,10.4704,26.176,26.176,44.7609,2.5946,-2.5946,10.088737,17.25173,3.011112,13,22,11,6,0E-8,0.26984556,,0E-8,0.000000,0.945350,0.000000,,2026-04-16,2026-05-19,7,24,19,34,0.205882,,,0.000000,,,,,,,,GLOBAL_BASELINE_NO_ENTITY_RANKING,,,NOT_APPLICABLE_GLOBAL_BASELINE,HF9g-P5,,,,X 全窗基线 · 不参与实体赏罚,6873699,688,A168_HF9F_20260827_0900,2026-08-27 09:00:00
2026-07-10,152805564,1210,0,115.6849119082,-42.5131831749,-42.5131831749,0.2222222,22,10,0.25953392154755301,0.236394320000,-0.2553386955361996,-0.1000696316098579,-0.2553386955361996,0.02313960154755301,ELIGIBLE,R03b_20260811_FULL_v1,L1_ELIGIBILITY,v2026-08-11,2026-03-21..2026-08-06,baccarat_bet02_101_all_pairs_incl_sentinel,round_win = game_pnl > 0 (decisive only),COMPATIBILITY_ONLY_NOT_PRODUCTION,1079.6384,1016.8659,168.2974,172,84,-0.15588309,-0.15588309,,-0.15588309,-168.2974,1079.6384,OK,0.0000,6.7319,4.0000,96.0000,AG03-UNRESOLVED,ALL5_LEVELS_bet23_to_bet27,6.7319,6.7319,6.7319,10.0978,10.0978,4.000000,4.000000,4.000000,6.000000,6.000000,96.000000,96.000000,96.000000,94.000000,94.000000,5.0,40.3914,36.7304,127.9060,131.5669,PENDING_AG03,FALSE,NOT_FOR_ENFORCEMENT,161.5655,976.1912,168.2974,161.5655,6.7319,0.15588309,0.14964777,6.7319,161.5655,0.14964777,6.7319,6.7319,6.7319,10.0978,10.0978,161.5655,0.14964777,40.3914,36.7304,127.9060,131.5669,0.11847115,0.12186203,0.00623532,6.2770,12.1055,2.0035,24.0425,12.9460,154.2341,12.0000,6.2770,,4.0407,4.0878,8.0815,10.2195,12.1222,23.3554,4.0878,-4.0407,2.965452,5.713436,1.535535,8,13,7,8,1.00000000,0.15588309,0.15588309,0E-8,0.000000,0.941858,0.000000,,2026-07-10,2026-08-01,7,13,13,23,0.304348,,1.000000,3.333333,,,,,,,,GLOBAL_BASELINE_NO_ENTITY_RANKING,,,NOT_APPLICABLE_GLOBAL_BASELINE,HF9g-P5,,,,X 全窗基线 · 不参与实体赏罚,6873700,688,A168_HF9F_20260827_0900,2026-08-27 09:00:00
2026-07-10,152805564,1994,0,44.9658668194,7.7668315414,7.7668315414,0.3333333,8,6,0.22355888333333333,0.223558883333,0.6453965900001157,0.6453965900024181,0.6453965900001157,3.3333E-13,ELIGIBLE,R03b_20260811_FULL_v1,L1_ELIGIBILITY,v2026-08-11,2026-03-21..2026-08-06,baccarat_bet02_101_all_pairs_incl_sentinel,round_win = game_pnl > 0 (decisive only),COMPATIBILITY_ONLY_NOT_PRODUCTION,1079.6384,1016.8659,168.2974,172,84,-0.15588309,-0.15588309,,-0.15588309,-168.2974,1079.6384,OK,0.0000,6.7319,4.0000,96.0000,AG03-UNRESOLVED,ALL5_LEVELS_bet23_to_bet27,6.7319,6.7319,6.7319,10.0978,10.0978,4.000000,4.000000,4.000000,6.000000,6.000000,96.000000,96.000000,96.000000,94.000000,94.000000,5.0,40.3914,36.7304,127.9060,131.5669,PENDING_AG03,FALSE,NOT_FOR_ENFORCEMENT,161.5655,976.1912,168.2974,161.5655,6.7319,0.15588309,0.14964777,6.7319,161.5655,0.14964777,6.7319,6.7319,6.7319,10.0978,10.0978,161.5655,0.14964777,40.3914,36.7304,127.9060,131.5669,0.11847115,0.12186203,0.00623532,6.2770,12.1055,2.0035,24.0425,12.9460,154.2341,12.0000,6.2770,,4.0407,4.0878,8.0815,10.2195,12.1222,23.3554,4.0878,-4.0407,2.965452,5.713436,1.535535,8,13,7,8,1.00000000,0.15588309,0.15588309,0E-8,0.000000,0.941858,0.000000,,2026-07-10,2026-08-01,7,13,13,23,0.304348,,1.000000,3.333333,,,,,,,,GLOBAL_BASELINE_NO_ENTITY_RANKING,,,NOT_APPLICABLE_GLOBAL_BASELINE,HF9g-P5,,,,X 全窗基线 · 不参与实体赏罚,6873701,688,A168_HF9F_20260827_0900,2026-08-27 09:00:00
2026-07-10,152805564,2177,0,10.2195151862,-10.2195151862,-10.2195151862,0E-7,1,1,0.49324550000000000,0.493245500000,-0.9865810262130424,-0.9865810262130424,-0.9865810262130424,0E-17,ELIGIBLE,R03b_20260811_FULL_v1,L1_ELIGIBILITY,v2026-08-11,2026-03-21..2026-08-06,baccarat_bet02_101_all_pairs_incl_sentinel,round_win = game_pnl > 0 (decisive only),COMPATIBILITY_ONLY_NOT_PRODUCTION,1079.6384,1016.8659,168.2974,172,84,-0.15588309,-0.15588309,,-0.15588309,-168.2974,1079.6384,OK,0.0000,6.7319,4.0000,96.0000,AG03-UNRESOLVED,ALL5_LEVELS_bet23_to_bet27,6.7319,6.7319,6.7319,10.0978,10.0978,4.000000,4.000000,4.000000,6.000000,6.000000,96.000000,96.000000,96.000000,94.000000,94.000000,5.0,40.3914,36.7304,127.9060,131.5669,PENDING_AG03,FALSE,NOT_FOR_ENFORCEMENT,161.5655,976.1912,168.2974,161.5655,6.7319,0.15588309,0.14964777,6.7319,161.5655,0.14964777,6.7319,6.7319,6.7319,10.0978,10.0978,161.5655,0.14964777,40.3914,36.7304,127.9060,131.5669,0.11847115,0.12186203,0.00623532,6.2770,12.1055,2.0035,24.0425,12.9460,154.2341,12.0000,6.2770,,4.0407,4.0878,8.0815,10.2195,12.1222,23.3554,4.0878,-4.0407,2.965452,5.713436,1.535535,8,13,7,8,1.00000000,0.15588309,0.15588309,0E-8,0.000000,0.941858,0.000000,,2026-07-10,2026-08-01,7,13,13,23,0.304348,,1.000000,3.333333,,,,,,,,GLOBAL_BASELINE_NO_ENTITY_RANKING,,,NOT_APPLICABLE_GLOBAL_BASELINE,HF9g-P5,,,,X 全窗基线 · 不参与实体赏罚,6873702,688,A168_HF9F_20260827_0900,2026-08-27 09:00:00
2026-07-11,152805564,1935,0,4.0878060745,-4.0878060745,-4.0878060745,0E-7,1,1,0.50665070000000000,0.506650700000,-1.013391052207602,-1.013391052207602,-1.013391052207602,0E-17,ELIGIBLE,R03b_20260811_FULL_v1,L1_ELIGIBILITY,v2026-08-11,2026-03-21..2026-08-06,baccarat_bet02_101_all_pairs_incl_sentinel,round_win = game_pnl > 0 (decisive only),COMPATIBILITY_ONLY_NOT_PRODUCTION,1079.6384,1016.8659,168.2974,172,84,-0.15588309,-0.15588309,,-0.15588309,-168.2974,1079.6384,OK,0.0000,6.7319,4.0000,96.0000,AG03-UNRESOLVED,ALL5_LEVELS_bet23_to_bet27,6.7319,6.7319,6.7319,10.0978,10.0978,4.000000,4.000000,4.000000,6.000000,6.000000,96.000000,96.000000,96.000000,94.000000,94.000000,5.0,40.3914,36.7304,127.9060,131.5669,PENDING_AG03,FALSE,NOT_FOR_ENFORCEMENT,161.5655,976.1912,168.2974,161.5655,6.7319,0.15588309,0.14964777,6.7319,161.5655,0.14964777,6.7319,6.7319,6.7319,10.0978,10.0978,161.5655,0.14964777,40.3914,36.7304,127.9060,131.5669,0.11847115,0.12186203,0.00623532,6.2770,12.1055,2.0035,24.0425,12.9460,154.2341,12.0000,6.2770,,4.0407,4.0878,8.0815,10.2195,12.1222,23.3554,4.0878,-4.0407,2.965452,5.713436,1.535535,8,13,7,8,1.00000000,0.15588309,0.15588309,0E-8,0.000000,0.941858,0.000000,,2026-07-10,2026-08-01,7,13,13,23,0.304348,,1.000000,3.333333,,,,,,,,GLOBAL_BASELINE_NO_ENTITY_RANKING,,,NOT_APPLICABLE_GLOBAL_BASELINE,HF9g-P5,,,,X 全窗基线 · 不参与实体赏罚,6873703,688,A168_HF9F_20260827_0900,2026-08-27 09:00:00
2026-07-15,152805564,1094,0,4.0878060745,-4.0878060745,-4.0878060745,0E-7,1,1,0.07471040000000000,0.074710400000,-0.2841526367669771,-0.2841526367669771,-0.2841526367669771,0E-17,ELIGIBLE,R03b_20260811_FULL_v1,L1_ELIGIBILITY,v2026-08-11,2026-03-21..2026-08-06,baccarat_bet02_101_all_pairs_incl_sentinel,round_win = game_pnl > 0 (decisive only),COMPATIBILITY_ONLY_NOT_PRODUCTION,1079.6384,1016.8659,168.2974,172,84,-0.15588309,-0.15588309,,-0.15588309,-168.2974,1079.6384,OK,0.0000,6.7319,4.0000,96.0000,AG03-UNRESOLVED,ALL5_LEVELS_bet23_to_bet27,6.7319,6.7319,6.7319,10.0978,10.0978,4.000000,4.000000,4.000000,6.000000,6.000000,96.000000,96.000000,96.000000,94.000000,94.000000,5.0,40.3914,36.7304,127.9060,131.5669,PENDING_AG03,FALSE,NOT_FOR_ENFORCEMENT,161.5655,976.1912,168.2974,161.5655,6.7319,0.15588309,0.14964777,6.7319,161.5655,0.14964777,6.7319,6.7319,6.7319,10.0978,10.0978,161.5655,0.14964777,40.3914,36.7304,127.9060,131.5669,0.11847115,0.12186203,0.00623532,6.2770,12.1055,2.0035,24.0425,12.9460,154.2341,12.0000,6.2770,,4.0407,4.0878,8.0815,10.2195,12.1222,23.3554,4.0878,-4.0407,2.965452,5.713436,1.535535,8,13,7,8,1.00000000,0.15588309,0.15588309,0E-8,0.000000,0.941858,0.000000,,2026-07-10,2026-08-01,7,13,13,23,0.304348,,1.000000,3.333333,,,,,,,,GLOBAL_BASELINE_NO_ENTITY_RANKING,,,NOT_APPLICABLE_GLOBAL_BASELINE,HF9g-P5,,,,X 全窗基线 · 不参与实体赏罚,6873704,688,A168_HF9F_20260827_0900,2026-08-27 09:00:00
2026-07-15,152805564,1396,0,16.3512242980,-16.3512242980,-16.3512242980,0E-7,4,2,0.07611552500000000,0.076115525000,-0.40592218426111815,-0.4059221842611181,-0.40592218426111815,0E-17,ELIGIBLE,R03b_20260811_FULL_v1,L1_ELIGIBILITY,v2026-08-11,2026-03-21..2026-08-06,baccarat_bet02_101_all_pairs_incl_sentinel,round_win = game_pnl > 0 (decisive only),COMPATIBILITY_ONLY_NOT_PRODUCTION,1079.6384,1016.8659,168.2974,172,84,-0.15588309,-0.15588309,,-0.15588309,-168.2974,1079.6384,OK,0.0000,6.7319,4.0000,96.0000,AG03-UNRESOLVED,ALL5_LEVELS_bet23_to_bet27,6.7319,6.7319,6.7319,10.0978,10.0978,4.000000,4.000000,4.000000,6.000000,6.000000,96.000000,96.000000,96.000000,94.000000,94.000000,5.0,40.3914,36.7304,127.9060,131.5669,PENDING_AG03,FALSE,NOT_FOR_ENFORCEMENT,161.5655,976.1912,168.2974,161.5655,6.7319,0.15588309,0.14964777,6.7319,161.5655,0.14964777,6.7319,6.7319,6.7319,10.0978,10.0978,161.5655,0.14964777,40.3914,36.7304,127.9060,131.5669,0.11847115,0.12186203,0.00623532,6.2770,12.1055,2.0035,24.0425,12.9460,154.2341,12.0000,6.2770,,4.0407,4.0878,8.0815,10.2195,12.1222,23.3554,4.0878,-4.0407,2.965452,5.713436,1.535535,8,13,7,8,1.00000000,0.15588309,0.15588309,0E-8,0.000000,0.941858,0.000000,,2026-07-10,2026-08-01,7,13,13,23,0.304348,,1.000000,3.333333,,,,,,,,GLOBAL_BASELINE_NO_ENTITY_RANKING,,,NOT_APPLICABLE_GLOBAL_BASELINE,HF9g-P5,,,,X 全窗基线 · 不参与实体赏罚,6873705,688,A168_HF9F_20260827_0900,2026-08-27 09:00:00
2026-07-15,152805564,2288,0,75.6244123780,-38.8341577077,-38.8341577077,0.1250000,19,8,0.11770050089297209,0.101205881250,0.06406795788278787,0.22314215953476585,0.06406795788278787,0.01649461964297209,ELIGIBLE,R03b_20260811_FULL_v1,L1_ELIGIBILITY,v2026-08-11,2026-03-21..2026-08-06,baccarat_bet02_101_all_pairs_incl_sentinel,round_win = game_pnl > 0 (decisive only),COMPATIBILITY_ONLY_NOT_PRODUCTION,1079.6384,1016.8659,168.2974,172,84,-0.15588309,-0.15588309,,-0.15588309,-168.2974,1079.6384,OK,0.0000,6.7319,4.0000,96.0000,AG03-UNRESOLVED,ALL5_LEVELS_bet23_to_bet27,6.7319,6.7319,6.7319,10.0978,10.0978,4.000000,4.000000,4.000000,6.000000,6.000000,96.000000,96.000000,96.000000,94.000000,94.000000,5.0,40.3914,36.7304,127.9060,131.5669,PENDING_AG03,FALSE,NOT_FOR_ENFORCEMENT,161.5655,976.1912,168.2974,161.5655,6.7319,0.15588309,0.14964777,6.7319,161.5655,0.14964777,6.7319,6.7319,6.7319,10.0978,10.0978,161.5655,0.14964777,40.3914,36.7304,127.9060,131.5669,0.11847115,0.12186203,0.00623532,6.2770,12.1055,2.0035,24.0425,12.9460,154.2341,12.0000,6.2770,,4.0407,4.0878,8.0815,10.2195,12.1222,23.3554,4.0878,-4.0407,2.965452,5.713436,1.535535,8,13,7,8,1.00000000,0.15588309,0.15588309,0E-8,0.000000,0.941858,0.000000,,2026-07-10,2026-08-01,7,13,13,23,0.304348,,1.000000,3.333333,,,,,,,,GLOBAL_BASELINE_NO_ENTITY_RANKING,,,NOT_APPLICABLE_GLOBAL_BASELINE,HF9g-P5,,,,X 全窗基线 · 不参与实体赏罚,6873706,688,A168_HF9F_20260827_0900,2026-08-27 09:00:00
2026-07-17,152805564,1383,0,20.4390303724,-20.4390303724,-20.4390303724,0E-7,5,3,0.06106826666677490,0.055666366667,-0.44172442633674314,-0.4205274371489363,-0.44172442633674314,0.00540189999977490,ELIGIBLE,R03b_20260811_FULL_v1,L1_ELIGIBILITY,v2026-08-11,2026-03-21..2026-08-06,baccarat_bet02_101_all_pairs_incl_sentinel,round_win = game_pnl > 0 (decisive only),COMPATIBILITY_ONLY_NOT_PRODUCTION,1079.6384,1016.8659,168.2974,172,84,-0.15588309,-0.15588309,,-0.15588309,-168.2974,1079.6384,OK,0.0000,6.7319,4.0000,96.0000,AG03-UNRESOLVED,ALL5_LEVELS_bet23_to_bet27,6.7319,6.7319,6.7319,10.0978,10.0978,4.000000,4.000000,4.000000,6.000000,6.000000,96.000000,96.000000,96.000000,94.000000,94.000000,5.0,40.3914,36.7304,127.9060,131.5669,PENDING_AG03,FALSE,NOT_FOR_ENFORCEMENT,161.5655,976.1912,168.2974,161.5655,6.7319,0.15588309,0.14964777,6.7319,161.5655,0.14964777,6.7319,6.7319,6.7319,10.0978,10.0978,161.5655,0.14964777,40.3914,36.7304,127.9060,131.5669,0.11847115,0.12186203,0.00623532,6.2770,12.1055,2.0035,24.0425,12.9460,154.2341,12.0000,6.2770,,4.0407,4.0878,8.0815,10.2195,12.1222,23.3554,4.0878,-4.0407,2.965452,5.713436,1.535535,8,13,7,8,1.00000000,0.15588309,0.15588309,0E-8,0.000000,0.941858,0.000000,,2026-07-10,2026-08-01,7,13,13,23,0.304348,,1.000000,3.333333,,,,,,,,GLOBAL_BASELINE_NO_ENTITY_RANKING,,,NOT_APPLICABLE_GLOBAL_BASELINE,HF9g-P5,,,,X 全窗基线 · 不参与实体赏罚,6873707,688,A168_HF9F_20260827_0900,2026-08-27 09:00:00
2026-07-22,152805564,1485,0,20.4390303724,-20.4390303724,-20.4390303724,0E-7,2,2,0.08465660000000000,0.084656600000,-0.4300840945884267,-0.4300840945884267,-0.4300840945884267,0E-17,ELIGIBLE,R03b_20260811_FULL_v1,L1_ELIGIBILITY,v2026-08-11,2026-03-21..2026-08-06,baccarat_bet02_101_all_pairs_incl_sentinel,round_win = game_pnl > 0 (decisive only),COMPATIBILITY_ONLY_NOT_PRODUCTION,1079.6384,1016.8659,168.2974,172,84,-0.15588309,-0.15588309,,-0.15588309,-168.2974,1079.6384,OK,0.0000,6.7319,4.0000,96.0000,AG03-UNRESOLVED,ALL5_LEVELS_bet23_to_bet27,6.7319,6.7319,6.7319,10.0978,10.0978,4.000000,4.000000,4.000000,6.000000,6.000000,96.000000,96.000000,96.000000,94.000000,94.000000,5.0,40.3914,36.7304,127.9060,131.5669,PENDING_AG03,FALSE,NOT_FOR_ENFORCEMENT,161.5655,976.1912,168.2974,161.5655,6.7319,0.15588309,0.14964777,6.7319,161.5655,0.14964777,6.7319,6.7319,6.7319,10.0978,10.0978,161.5655,0.14964777,40.3914,36.7304,127.9060,131.5669,0.11847115,0.12186203,0.00623532,6.2770,12.1055,2.0035,24.0425,12.9460,154.2341,12.0000,6.2770,,4.0407,4.0878,8.0815,10.2195,12.1222,23.3554,4.0878,-4.0407,2.965452,5.713436,1.535535,8,13,7,8,1.00000000,0.15588309,0.15588309,0E-8,0.000000,0.941858,0.000000,,2026-07-10,2026-08-01,7,13,13,23,0.304348,,1.000000,3.333333,,,,,,,,GLOBAL_BASELINE_NO_ENTITY_RANKING,,,NOT_APPLICABLE_GLOBAL_BASELINE,HF9g-P5,,,,X 全窗基线 · 不参与实体赏罚,6873708,688,A168_HF9F_20260827_0900,2026-08-27 09:00:00
2026-07-31,152805564,1210,0,32.3258445126,3.6366575079,3.6366575079,0.6666667,8,3,0.33345408889044801,0.238954144445,1.224190361483269,1.737200302901999,1.224190361483269,0.09449994444544801,ELIGIBLE,R03b_20260811_FULL_v1,L1_ELIGIBILITY,v2026-08-11,2026-03-21..2026-08-06,baccarat_bet02_101_all_pairs_incl_sentinel,round_win = game_pnl > 0 (decisive only),COMPATIBILITY_ONLY_NOT_PRODUCTION,1079.6384,1016.8659,168.2974,172,84,-0.15588309,-0.15588309,,-0.15588309,-168.2974,1079.6384,OK,0.0000,6.7319,4.0000,96.0000,AG03-UNRESOLVED,ALL5_LEVELS_bet23_to_bet27,6.7319,6.7319,6.7319,10.0978,10.0978,4.000000,4.000000,4.000000,6.000000,6.000000,96.000000,96.000000,96.000000,94.000000,94.000000,5.0,40.3914,36.7304,127.9060,131.5669,PENDING_AG03,FALSE,NOT_FOR_ENFORCEMENT,161.5655,976.1912,168.2974,161.5655,6.7319,0.15588309,0.14964777,6.7319,161.5655,0.14964777,6.7319,6.7319,6.7319,10.0978,10.0978,161.5655,0.14964777,40.3914,36.7304,127.9060,131.5669,0.11847115,0.12186203,0.00623532,6.2770,12.1055,2.0035,24.0425,12.9460,154.2341,12.0000,6.2770,,4.0407,4.0878,8.0815,10.2195,12.1222,23.3554,4.0878,-4.0407,2.965452,5.713436,1.535535,8,13,7,8,1.00000000,0.15588309,0.15588309,0E-8,0.000000,0.941858,0.000000,,2026-07-10,2026-08-01,7,13,13,23,0.304348,,1.000000,3.333333,,,,,,,,GLOBAL_BASELINE_NO_ENTITY_RANKING,,,NOT_APPLICABLE_GLOBAL_BASELINE,HF9g-P5,,,,X 全窗基线 · 不参与实体赏罚,6873709,688,A168_HF9F_20260827_0900,2026-08-27 09:00:00
2026-07-31,152805564,2103,0,28.2851139485,44.4480362051,44.4480362051,0.3333333,6,3,0.15430505555559785,0.127632988889,0.8583913179484519,1.0677376562022909,0.8583913179484519,0.02667206666659785,ELIGIBLE,R03b_20260811_FULL_v1,L1_ELIGIBILITY,v2026-08-11,2026-03-21..2026-08-06,baccarat_bet02_101_all_pairs_incl_sentinel,round_win = game_pnl > 0 (decisive only),COMPATIBILITY_ONLY_NOT_PRODUCTION,1079.6384,1016.8659,168.2974,172,84,-0.15588309,-0.15588309,,-0.15588309,-168.2974,1079.6384,OK,0.0000,6.7319,4.0000,96.0000,AG03-UNRESOLVED,ALL5_LEVELS_bet23_to_bet27,6.7319,6.7319,6.7319,10.0978,10.0978,4.000000,4.000000,4.000000,6.000000,6.000000,96.000000,96.000000,96.000000,94.000000,94.000000,5.0,40.3914,36.7304,127.9060,131.5669,PENDING_AG03,FALSE,NOT_FOR_ENFORCEMENT,161.5655,976.1912,168.2974,161.5655,6.7319,0.15588309,0.14964777,6.7319,161.5655,0.14964777,6.7319,6.7319,6.7319,10.0978,10.0978,161.5655,0.14964777,40.3914,36.7304,127.9060,131.5669,0.11847115,0.12186203,0.00623532,6.2770,12.1055,2.0035,24.0425,12.9460,154.2341,12.0000,6.2770,,4.0407,4.0878,8.0815,10.2195,12.1222,23.3554,4.0878,-4.0407,2.965452,5.713436,1.535535,8,13,7,8,1.00000000,0.15588309,0.15588309,0E-8,0.000000,0.941858,0.000000,,2026-07-10,2026-08-01,7,13,13,23,0.304348,,1.000000,3.333333,,,,,,,,GLOBAL_BASELINE_NO_ENTITY_RANKING,,,NOT_APPLICABLE_GLOBAL_BASELINE,HF9g-P5,,,,X 全窗基线 · 不参与实体赏罚,6873710,688,A168_HF9F_20260827_0900,2026-08-27 09:00:00
2026-08-01,152805564,1325,0,238.4031032813,96.0683691610,96.0683691610,0.5625000,40,16,0.19339229631960061,0.147024272917,3.7381982768592517,4.692916114475682,3.7381982768592517,0.04636802340260061,ELIGIBLE,R03b_20260811_FULL_v1,L1_ELIGIBILITY,v2026-08-11,2026-03-21..2026-08-06,baccarat_bet02_101_all_pairs_incl_sentinel,round_win = game_pnl > 0 (decisive only),COMPATIBILITY_ONLY_NOT_PRODUCTION,1079.6384,1016.8659,168.2974,172,84,-0.15588309,-0.15588309,,-0.15588309,-168.2974,1079.6384,OK,0.0000,6.7319,4.0000,96.0000,AG03-UNRESOLVED,ALL5_LEVELS_bet23_to_bet27,6.7319,6.7319,6.7319,10.0978,10.0978,4.000000,4.000000,4.000000,6.000000,6.000000,96.000000,96.000000,96.000000,94.000000,94.000000,5.0,40.3914,36.7304,127.9060,131.5669,PENDING_AG03,FALSE,NOT_FOR_ENFORCEMENT,161.5655,976.1912,168.2974,161.5655,6.7319,0.15588309,0.14964777,6.7319,161.5655,0.14964777,6.7319,6.7319,6.7319,10.0978,10.0978,161.5655,0.14964777,40.3914,36.7304,127.9060,131.5669,0.11847115,0.12186203,0.00623532,6.2770,12.1055,2.0035,24.0425,12.9460,154.2341,12.0000,6.2770,,4.0407,4.0878,8.0815,10.2195,12.1222,23.3554,4.0878,-4.0407,2.965452,5.713436,1.535535,8,13,7,8,1.00000000,0.15588309,0.15588309,0E-8,0.000000,0.941858,0.000000,,2026-07-10,2026-08-01,7,13,13,23,0.304348,,1.000000,3.333333,,,,,,,,GLOBAL_BASELINE_NO_ENTITY_RANKING,,,NOT_APPLICABLE_GLOBAL_BASELINE,HF9g-P5,,,,X 全窗基线 · 不参与实体赏罚,6873711,688,A168_HF9F_20260827_0900,2026-08-27 09:00:00
2026-08-01,152805564,1384,0,84.8553418461,-16.7690318411,-16.7690318411,0.2500000,11,5,0.26511511633333333,0.235477493333,-0.06848801625565483,0.06845445869449407,-0.06848801625565483,0.02963762300033333,ELIGIBLE,R03b_20260811_FULL_v1,L1_ELIGIBILITY,v2026-08-11,2026-03-21..2026-08-06,baccarat_bet02_101_all_pairs_incl_sentinel,round_win = game_pnl > 0 (decisive only),COMPATIBILITY_ONLY_NOT_PRODUCTION,1079.6384,1016.8659,168.2974,172,84,-0.15588309,-0.15588309,,-0.15588309,-168.2974,1079.6384,OK,0.0000,6.7319,4.0000,96.0000,AG03-UNRESOLVED,ALL5_LEVELS_bet23_to_bet27,6.7319,6.7319,6.7319,10.0978,10.0978,4.000000,4.000000,4.000000,6.000000,6.000000,96.000000,96.000000,96.000000,94.000000,94.000000,5.0,40.3914,36.7304,127.9060,131.5669,PENDING_AG03,FALSE,NOT_FOR_ENFORCEMENT,161.5655,976.1912,168.2974,161.5655,6.7319,0.15588309,0.14964777,6.7319,161.5655,0.14964777,6.7319,6.7319,6.7319,10.0978,10.0978,161.5655,0.14964777,40.3914,36.7304,127.9060,131.5669,0.11847115,0.12186203,0.00623532,6.2770,12.1055,2.0035,24.0425,12.9460,154.2341,12.0000,6.2770,,4.0407,4.0878,8.0815,10.2195,12.1222,23.3554,4.0878,-4.0407,2.965452,5.713436,1.535535,8,13,7,8,1.00000000,0.15588309,0.15588309,0E-8,0.000000,0.941858,0.000000,,2026-07-10,2026-08-01,7,13,13,23,0.304348,,1.000000,3.333333,,,,,,,,GLOBAL_BASELINE_NO_ENTITY_RANKING,,,NOT_APPLICABLE_GLOBAL_BASELINE,HF9g-P5,,,,X 全窗基线 · 不参与实体赏罚,6873712,688,A168_HF9F_20260827_0900,2026-08-27 09:00:00
2026-08-01,152805564,2103,0,123.2422822044,-1.0101826408,-1.0101826408,0.5000000,14,6,0.29533359010612818,0.266654577778,1.0989400200948678,1.2925462616705758,1.0989400200948678,0.02867901232812818,ELIGIBLE,R03b_20260811_FULL_v1,L1_ELIGIBILITY,v2026-08-11,2026-03-21..2026-08-06,baccarat_bet02_101_all_pairs_incl_sentinel,round_win = game_pnl > 0 (decisive only),COMPATIBILITY_ONLY_NOT_PRODUCTION,1079.6384,1016.8659,168.2974,172,84,-0.15588309,-0.15588309,,-0.15588309,-168.2974,1079.6384,OK,0.0000,6.7319,4.0000,96.0000,AG03-UNRESOLVED,ALL5_LEVELS_bet23_to_bet27,6.7319,6.7319,6.7319,10.0978,10.0978,4.000000,4.000000,4.000000,6.000000,6.000000,96.000000,96.000000,96.000000,94.000000,94.000000,5.0,40.3914,36.7304,127.9060,131.5669,PENDING_AG03,FALSE,NOT_FOR_ENFORCEMENT,161.5655,976.1912,168.2974,161.5655,6.7319,0.15588309,0.14964777,6.7319,161.5655,0.14964777,6.7319,6.7319,6.7319,10.0978,10.0978,161.5655,0.14964777,40.3914,36.7304,127.9060,131.5669,0.11847115,0.12186203,0.00623532,6.2770,12.1055,2.0035,24.0425,12.9460,154.2341,12.0000,6.2770,,4.0407,4.0878,8.0815,10.2195,12.1222,23.3554,4.0878,-4.0407,2.965452,5.713436,1.535535,8,13,7,8,1.00000000,0.15588309,0.15588309,0E-8,0.000000,0.941858,0.000000,,2026-07-10,2026-08-01,7,13,13,23,0.304348,,1.000000,3.333333,,,,,,,,GLOBAL_BASELINE_NO_ENTITY_RANKING,,,NOT_APPLICABLE_GLOBAL_BASELINE,HF9g-P5,,,,X 全窗基线 · 不参与实体赏罚,6873713,688,A168_HF9F_20260827_0900,2026-08-27 09:00:00
2026-08-01,152805564,2169,0,119.2015516404,-4.0407305640,-4.0407305640,0.1428571,9,8,0.34974664464285463,0.349213812500,-1.1478083888541226,-1.145256223133355,-1.1478083888541226,0.00053283214285463,ELIGIBLE,R03b_20260811_FULL_v1,L1_ELIGIBILITY,v2026-08-11,2026-03-21..2026-08-06,baccarat_bet02_101_all_pairs_incl_sentinel,round_win = game_pnl > 0 (decisive only),COMPATIBILITY_ONLY_NOT_PRODUCTION,1079.6384,1016.8659,168.2974,172,84,-0.15588309,-0.15588309,,-0.15588309,-168.2974,1079.6384,OK,0.0000,6.7319,4.0000,96.0000,AG03-UNRESOLVED,ALL5_LEVELS_bet23_to_bet27,6.7319,6.7319,6.7319,10.0978,10.0978,4.000000,4.000000,4.000000,6.000000,6.000000,96.000000,96.000000,96.000000,94.000000,94.000000,5.0,40.3914,36.7304,127.9060,131.5669,PENDING_AG03,FALSE,NOT_FOR_ENFORCEMENT,161.5655,976.1912,168.2974,161.5655,6.7319,0.15588309,0.14964777,6.7319,161.5655,0.14964777,6.7319,6.7319,6.7319,10.0978,10.0978,161.5655,0.14964777,40.3914,36.7304,127.9060,131.5669,0.11847115,0.12186203,0.00623532,6.2770,12.1055,2.0035,24.0425,12.9460,154.2341,12.0000,6.2770,,4.0407,4.0878,8.0815,10.2195,12.1222,23.3554,4.0878,-4.0407,2.965452,5.713436,1.535535,8,13,7,8,1.00000000,0.15588309,0.15588309,0E-8,0.000000,0.941858,0.000000,,2026-07-10,2026-08-01,7,13,13,23,0.304348,,1.000000,3.333333,,,,,,,,GLOBAL_BASELINE_NO_ENTITY_RANKING,,,NOT_APPLICABLE_GLOBAL_BASELINE,HF9g-P5,,,,X 全窗基线 · 不参与实体赏罚,6873714,688,A168_HF9F_20260827_0900,2026-08-27 09:00:00
2026-08-01,152805564,2288,0,141.4255697433,-141.4255697433,-141.4255697433,0E-7,21,9,0.08554770475308371,0.083914042593,-0.9175820485805444,-0.9079678348105124,-0.9175820485805444,0.00163366216008371,ELIGIBLE,R03b_20260811_FULL_v1,L1_ELIGIBILITY,v2026-08-11,2026-03-21..2026-08-06,baccarat_bet02_101_all_pairs_incl_sentinel,round_win = game_pnl > 0 (decisive only),COMPATIBILITY_ONLY_NOT_PRODUCTION,1079.6384,1016.8659,168.2974,172,84,-0.15588309,-0.15588309,,-0.15588309,-168.2974,1079.6384,OK,0.0000,6.7319,4.0000,96.0000,AG03-UNRESOLVED,ALL5_LEVELS_bet23_to_bet27,6.7319,6.7319,6.7319,10.0978,10.0978,4.000000,4.000000,4.000000,6.000000,6.000000,96.000000,96.000000,96.000000,94.000000,94.000000,5.0,40.3914,36.7304,127.9060,131.5669,PENDING_AG03,FALSE,NOT_FOR_ENFORCEMENT,161.5655,976.1912,168.2974,161.5655,6.7319,0.15588309,0.14964777,6.7319,161.5655,0.14964777,6.7319,6.7319,6.7319,10.0978,10.0978,161.5655,0.14964777,40.3914,36.7304,127.9060,131.5669,0.11847115,0.12186203,0.00623532,6.2770,12.1055,2.0035,24.0425,12.9460,154.2341,12.0000,6.2770,,4.0407,4.0878,8.0815,10.2195,12.1222,23.3554,4.0878,-4.0407,2.965452,5.713436,1.535535,8,13,7,8,1.00000000,0.15588309,0.15588309,0E-8,0.000000,0.941858,0.000000,,2026-07-10,2026-08-01,7,13,13,23,0.304348,,1.000000,3.333333,,,,,,,,GLOBAL_BASELINE_NO_ENTITY_RANKING,,,NOT_APPLICABLE_GLOBAL_BASELINE,HF9g-P5,,,,X 全窗基线 · 不参与实体赏罚,6873715,688,A168_HF9F_20260827_0900,2026-08-27 09:00:00
2026-04-12,132349305,1115,0,232.7042378874,-55.7547836560,-55.7547836560,0.4166667,54,12,0.17717482566664251,0.150441250714,2.172834024115048,2.579645100338247,2.172834024115048,0.02673357495264251,ELIGIBLE,R03b_20260811_FULL_v1,L1_ELIGIBILITY,v2026-08-11,2026-03-21..2026-08-06,baccarat_bet02_101_all_pairs_incl_sentinel,round_win = game_pnl > 0 (decisive only),COMPATIBILITY_ONLY_NOT_PRODUCTION,715.5073,656.8732,168.2990,150,41,-0.23521632,,-0.23521632,-0.23521632,-168.2990,715.5073,OK,0.0000,6.7320,4.0000,96.0000,AG03-UNRESOLVED,ALL5_LEVELS_bet23_to_bet27,6.7320,6.7320,6.7320,8.4149,8.4149,4.000000,4.000000,4.000000,5.000000,5.000000,96.000000,96.000000,96.000000,95.000000,95.000000,5.0,37.0258,33.9166,131.2732,134.3824,PENDING_AG03,FALSE,NOT_FOR_ENFORCEMENT,161.5670,630.5983,168.2990,161.5670,6.7320,0.23521632,0.22580766,6.7320,161.5670,0.22580766,6.7320,6.7320,6.7320,8.4149,8.4149,161.5670,0.22580766,37.0258,33.9166,131.2732,134.3824,0.18346873,0.18781417,0.00940865,4.7700,16.0213,4.1049,56.0997,33.6598,238.5024,13.6667,,4.7700,2.6176,2.6176,2.6176,7.591,20.9408,45.5462,2.6176,-2.6176,8.0,17.4,1.822302,4,5,3,8,0E-8,0.23521632,,0E-8,0.000000,0.918052,0.000000,,2026-04-12,2026-07-02,3,5,5,82,0.036585,,,0.000000,,,,,,,,GLOBAL_BASELINE_NO_ENTITY_RANKING,,,NOT_APPLICABLE_GLOBAL_BASELINE,HF9g-P5,,,,X 全窗基线 · 不参与实体赏罚,6873716,688,A168_HF9F_20260827_0900,2026-08-27 09:00:00
2026-04-12,132349305,1405,0,188.4668743296,-24.7362772558,-24.7362772558,0.4000000,45,10,0.16071774993256743,0.101756770833,2.060271917419723,3.1195500550763606,2.060271917419723,0.05896097909956743,ELIGIBLE,R03b_20260811_FULL_v1,L1_ELIGIBILITY,v2026-08-11,2026-03-21..2026-08-06,baccarat_bet02_101_all_pairs_incl_sentinel,round_win = game_pnl > 0 (decisive only),COMPATIBILITY_ONLY_NOT_PRODUCTION,715.5073,656.8732,168.2990,150,41,-0.23521632,,-0.23521632,-0.23521632,-168.2990,715.5073,OK,0.0000,6.7320,4.0000,96.0000,AG03-UNRESOLVED,ALL5_LEVELS_bet23_to_bet27,6.7320,6.7320,6.7320,8.4149,8.4149,4.000000,4.000000,4.000000,5.000000,5.000000,96.000000,96.000000,96.000000,95.000000,95.000000,5.0,37.0258,33.9166,131.2732,134.3824,PENDING_AG03,FALSE,NOT_FOR_ENFORCEMENT,161.5670,630.5983,168.2990,161.5670,6.7320,0.23521632,0.22580766,6.7320,161.5670,0.22580766,6.7320,6.7320,6.7320,8.4149,8.4149,161.5670,0.22580766,37.0258,33.9166,131.2732,134.3824,0.18346873,0.18781417,0.00940865,4.7700,16.0213,4.1049,56.0997,33.6598,238.5024,13.6667,,4.7700,2.6176,2.6176,2.6176,7.591,20.9408,45.5462,2.6176,-2.6176,8.0,17.4,1.822302,4,5,3,8,0E-8,0.23521632,,0E-8,0.000000,0.918052,0.000000,,2026-04-12,2026-07-02,3,5,5,82,0.036585,,,0.000000,,,,,,,,GLOBAL_BASELINE_NO_ENTITY_RANKING,,,NOT_APPLICABLE_GLOBAL_BASELINE,HF9g-P5,,,,X 全窗基线 · 不参与实体赏罚,6873717,688,A168_HF9F_20260827_0900,2026-08-27 09:00:00
2026-04-12,132349305,2093,0,104.1802999764,-58.6341386802,-58.6341386802,0E-7,7,2,0.45687674910704099,0.320827950000,-1.2970757166853093,-0.9719886495069944,-1.2970757166853093,0.13604879910704099,ELIGIBLE,R03b_20260811_FULL_v1,L1_ELIGIBILITY,v2026-08-11,2026-03-21..2026-08-06,baccarat_bet02_101_all_pairs_incl_sentinel,round_win = game_pnl > 0 (decisive only),COMPATIBILITY_ONLY_NOT_PRODUCTION,715.5073,656.8732,168.2990,150,41,-0.23521632,,-0.23521632,-0.23521632,-168.2990,715.5073,OK,0.0000,6.7320,4.0000,96.0000,AG03-UNRESOLVED,ALL5_LEVELS_bet23_to_bet27,6.7320,6.7320,6.7320,8.4149,8.4149,4.000000,4.000000,4.000000,5.000000,5.000000,96.000000,96.000000,96.000000,95.000000,95.000000,5.0,37.0258,33.9166,131.2732,134.3824,PENDING_AG03,FALSE,NOT_FOR_ENFORCEMENT,161.5670,630.5983,168.2990,161.5670,6.7320,0.23521632,0.22580766,6.7320,161.5670,0.22580766,6.7320,6.7320,6.7320,8.4149,8.4149,161.5670,0.22580766,37.0258,33.9166,131.2732,134.3824,0.18346873,0.18781417,0.00940865,4.7700,16.0213,4.1049,56.0997,33.6598,238.5024,13.6667,,4.7700,2.6176,2.6176,2.6176,7.591,20.9408,45.5462,2.6176,-2.6176,8.0,17.4,1.822302,4,5,3,8,0E-8,0.23521632,,0E-8,0.000000,0.918052,0.000000,,2026-04-12,2026-07-02,3,5,5,82,0.036585,,,0.000000,,,,,,,,GLOBAL_BASELINE_NO_ENTITY_RANKING,,,NOT_APPLICABLE_GLOBAL_BASELINE,HF9g-P5,,,,X 全窗基线 · 不参与实体赏罚,6873718,688,A168_HF9F_20260827_0900,2026-08-27 09:00:00
2026-04-12,132349305,2130,0,162.2909195616,-16.3599717301,-16.3599717301,0.3333333,37,12,0.20217533468406594,0.173113634028,1.131273436172111,1.4669590243881205,1.131273436172111,0.02906170065606594,ELIGIBLE,R03b_20260811_FULL_v1,L1_ELIGIBILITY,v2026-08-11,2026-03-21..2026-08-06,baccarat_bet02_101_all_pairs_incl_sentinel,round_win = game_pnl > 0 (decisive only),COMPATIBILITY_ONLY_NOT_PRODUCTION,715.5073,656.8732,168.2990,150,41,-0.23521632,,-0.23521632,-0.23521632,-168.2990,715.5073,OK,0.0000,6.7320,4.0000,96.0000,AG03-UNRESOLVED,ALL5_LEVELS_bet23_to_bet27,6.7320,6.7320,6.7320,8.4149,8.4149,4.000000,4.000000,4.000000,5.000000,5.000000,96.000000,96.000000,96.000000,95.000000,95.000000,5.0,37.0258,33.9166,131.2732,134.3824,PENDING_AG03,FALSE,NOT_FOR_ENFORCEMENT,161.5670,630.5983,168.2990,161.5670,6.7320,0.23521632,0.22580766,6.7320,161.5670,0.22580766,6.7320,6.7320,6.7320,8.4149,8.4149,161.5670,0.22580766,37.0258,33.9166,131.2732,134.3824,0.18346873,0.18781417,0.00940865,4.7700,16.0213,4.1049,56.0997,33.6598,238.5024,13.6667,,4.7700,2.6176,2.6176,2.6176,7.591,20.9408,45.5462,2.6176,-2.6176,8.0,17.4,1.822302,4,5,3,8,0E-8,0.23521632,,0E-8,0.000000,0.918052,0.000000,,2026-04-12,2026-07-02,3,5,5,82,0.036585,,,0.000000,,,,,,,,GLOBAL_BASELINE_NO_ENTITY_RANKING,,,NOT_APPLICABLE_GLOBAL_BASELINE,HF9g-P5,,,,X 全窗基线 · 不参与实体赏罚,6873719,688,A168_HF9F_20260827_0900,2026-08-27 09:00:00
2026-04-25,132349305,2130,0,17.5378896945,-2.4867157029,-2.4867157029,0.6666667,3,3,0.49771390000000000,0.497713900000,0.5852756695216578,0.5852756695216578,0.5852756695216578,0E-17,ELIGIBLE,R03b_20260811_FULL_v1,L1_ELIGIBILITY,v2026-08-11,2026-03-21..2026-08-06,baccarat_bet02_101_all_pairs_incl_sentinel,round_win = game_pnl > 0 (decisive only),COMPATIBILITY_ONLY_NOT_PRODUCTION,715.5073,656.8732,168.2990,150,41,-0.23521632,,-0.23521632,-0.23521632,-168.2990,715.5073,OK,0.0000,6.7320,4.0000,96.0000,AG03-UNRESOLVED,ALL5_LEVELS_bet23_to_bet27,6.7320,6.7320,6.7320,8.4149,8.4149,4.000000,4.000000,4.000000,5.000000,5.000000,96.000000,96.000000,96.000000,95.000000,95.000000,5.0,37.0258,33.9166,131.2732,134.3824,PENDING_AG03,FALSE,NOT_FOR_ENFORCEMENT,161.5670,630.5983,168.2990,161.5670,6.7320,0.23521632,0.22580766,6.7320,161.5670,0.22580766,6.7320,6.7320,6.7320,8.4149,8.4149,161.5670,0.22580766,37.0258,33.9166,131.2732,134.3824,0.18346873,0.18781417,0.00940865,4.7700,16.0213,4.1049,56.0997,33.6598,238.5024,13.6667,,4.7700,2.6176,2.6176,2.6176,7.591,20.9408,45.5462,2.6176,-2.6176,8.0,17.4,1.822302,4,5,3,8,0E-8,0.23521632,,0E-8,0.000000,0.918052,0.000000,,2026-04-12,2026-07-02,3,5,5,82,0.036585,,,0.000000,,,,,,,,GLOBAL_BASELINE_NO_ENTITY_RANKING,,,NOT_APPLICABLE_GLOBAL_BASELINE,HF9g-P5,,,,X 全窗基线 · 不参与实体赏罚,6873720,688,A168_HF9F_20260827_0900,2026-08-27 09:00:00
2026-07-02,132349305,462,0,10.3271112488,-10.3271112488,-10.3271112488,0E-7,4,2,0.06744728333333334,0.067447283334,-0.380329955739639,-0.3803299557416546,-0.380329955739639,-6.6666E-13,ELIGIBLE,R03b_20260811_FULL_v1,L1_ELIGIBILITY,v2026-08-11,2026-03-21..2026-08-06,baccarat_bet02_101_all_pairs_incl_sentinel,round_win = game_pnl > 0 (decisive only),COMPATIBILITY_ONLY_NOT_PRODUCTION,715.5073,656.8732,168.2990,150,41,-0.23521632,,-0.23521632,-0.23521632,-168.2990,715.5073,OK,0.0000,6.7320,4.0000,96.0000,AG03-UNRESOLVED,ALL5_LEVELS_bet23_to_bet27,6.7320,6.7320,6.7320,8.4149,8.4149,4.000000,4.000000,4.000000,5.000000,5.000000,96.000000,96.000000,96.000000,95.000000,95.000000,5.0,37.0258,33.9166,131.2732,134.3824,PENDING_AG03,FALSE,NOT_FOR_ENFORCEMENT,161.5670,630.5983,168.2990,161.5670,6.7320,0.23521632,0.22580766,6.7320,161.5670,0.22580766,6.7320,6.7320,6.7320,8.4149,8.4149,161.5670,0.22580766,37.0258,33.9166,131.2732,134.3824,0.18346873,0.18781417,0.00940865,4.7700,16.0213,4.1049,56.0997,33.6598,238.5024,13.6667,,4.7700,2.6176,2.6176,2.6176,7.591,20.9408,45.5462,2.6176,-2.6176,8.0,17.4,1.822302,4,5,3,8,0E-8,0.23521632,,0E-8,0.000000,0.918052,0.000000,,2026-04-12,2026-07-02,3,5,5,82,0.036585,,,0.000000,,,,,,,,GLOBAL_BASELINE_NO_ENTITY_RANKING,,,NOT_APPLICABLE_GLOBAL_BASELINE,HF9g-P5,,,,X 全窗基线 · 不参与实体赏罚,6873721,688,A168_HF9F_20260827_0900,2026-08-27 09:00:00
2026-05-07,149682819,1505,0,165.2742462769,-139.9771677651,-139.9771677651,0.3333333,3,3,0.50665070000000000,0.506650700000,-0.6004420894325239,-0.6004420894325239,-0.6004420894325239,0E-17,ELIGIBLE,R03b_20260811_FULL_v1,L1_ELIGIBILITY,v2026-08-11,2026-03-21..2026-08-06,baccarat_bet02_101_all_pairs_incl_sentinel,round_win = game_pnl > 0 (decisive only),COMPATIBILITY_ONLY_NOT_PRODUCTION,243.1114,243.1114,166.5715,9,9,-0.68516542,,-0.68516542,-0.68516542,-166.5715,243.1114,THIN_EXPOSURE,0.0000,4.9971,3.0000,97.0000,AG03-UNRESOLVED,ALL5_LEVELS_bet23_to_bet27,4.9971,4.9971,4.9971,6.6629,6.6629,3.000000,3.000000,3.000000,4.000000,4.000000,97.000000,97.000000,97.000000,96.000000,96.000000,5.0,28.3172,26.465,138.2544,140.1066,PENDING_AG03,FALSE,NOT_FOR_ENFORCEMENT,161.5744,235.8181,166.5715,161.5744,4.9971,0.68516542,0.66461046,4.9971,161.5744,0.66461046,4.9971,4.9971,4.9971,6.6629,6.6629,161.5744,0.66461046,28.3172,26.465,138.2544,140.1066,0.56868730,0.57630595,0.02055496,27.0124,27.0124,18.5079,166.5715,55.5238,243.1114,9.0000,,27.0124,12.9729,12.9729,12.9729,88.7862,139.3285,139.3285,12.9729,-12.9729,10.74,10.74,2.082222,3,3,1,2,0E-8,0.68516542,,0E-8,0.000000,1.000000,0.000000,,2026-05-07,2026-05-07,1,3,3,1,1.000000,,,0.000000,,,,,,,,GLOBAL_BASELINE_NO_ENTITY_RANKING,,,NOT_APPLICABLE_GLOBAL_BASELINE,HF9g-P5,,,,X 全窗基线 · 不参与实体赏罚,6873722,688,A168_HF9F_20260827_0900,2026-08-27 09:00:00
2026-05-07,149682819,2123,0,12.9728607753,12.9728607753,12.9728607753,1.0000000,1,1,0.49324550000000000,0.493245500000,1.01360149184955,1.01360149184955,1.01360149184955,0E-17,ELIGIBLE,R03b_20260811_FULL_v1,L1_ELIGIBILITY,v2026-08-11,2026-03-21..2026-08-06,baccarat_bet02_101_all_pairs_incl_sentinel,round_win = game_pnl > 0 (decisive only),COMPATIBILITY_ONLY_NOT_PRODUCTION,243.1114,243.1114,166.5715,9,9,-0.68516542,,-0.68516542,-0.68516542,-166.5715,243.1114,THIN_EXPOSURE,0.0000,4.9971,3.0000,97.0000,AG03-UNRESOLVED,ALL5_LEVELS_bet23_to_bet27,4.9971,4.9971,4.9971,6.6629,6.6629,3.000000,3.000000,3.000000,4.000000,4.000000,97.000000,97.000000,97.000000,96.000000,96.000000,5.0,28.3172,26.465,138.2544,140.1066,PENDING_AG03,FALSE,NOT_FOR_ENFORCEMENT,161.5744,235.8181,166.5715,161.5744,4.9971,0.68516542,0.66461046,4.9971,161.5744,0.66461046,4.9971,4.9971,4.9971,6.6629,6.6629,161.5744,0.66461046,28.3172,26.465,138.2544,140.1066,0.56868730,0.57630595,0.02055496,27.0124,27.0124,18.5079,166.5715,55.5238,243.1114,9.0000,,27.0124,12.9729,12.9729,12.9729,88.7862,139.3285,139.3285,12.9729,-12.9729,10.74,10.74,2.082222,3,3,1,2,0E-8,0.68516542,,0E-8,0.000000,1.000000,0.000000,,2026-05-07,2026-05-07,1,3,3,1,1.000000,,,0.000000,,,,,,,,GLOBAL_BASELINE_NO_ENTITY_RANKING,,,NOT_APPLICABLE_GLOBAL_BASELINE,HF9g-P5,,,,X 全窗基线 · 不参与实体赏罚,6873723,688,A168_HF9F_20260827_0900,2026-08-27 09:00:00
2026-05-07,149682819,2201,0,64.8643038765,-39.5672253647,-39.5672253647,0.2000000,5,5,0.49860758000000000,0.498607580000,-1.3354188732730328,-1.3354188732730328,-1.3354188732730328,0E-17,ELIGIBLE,R03b_20260811_FULL_v1,L1_ELIGIBILITY,v2026-08-11,2026-03-21..2026-08-06,baccarat_bet02_101_all_pairs_incl_sentinel,round_win = game_pnl > 0 (decisive only),COMPATIBILITY_ONLY_NOT_PRODUCTION,243.1114,243.1114,166.5715,9,9,-0.68516542,,-0.68516542,-0.68516542,-166.5715,243.1114,THIN_EXPOSURE,0.0000,4.9971,3.0000,97.0000,AG03-UNRESOLVED,ALL5_LEVELS_bet23_to_bet27,4.9971,4.9971,4.9971,6.6629,6.6629,3.000000,3.000000,3.000000,4.000000,4.000000,97.000000,97.000000,97.000000,96.000000,96.000000,5.0,28.3172,26.465,138.2544,140.1066,PENDING_AG03,FALSE,NOT_FOR_ENFORCEMENT,161.5744,235.8181,166.5715,161.5744,4.9971,0.68516542,0.66461046,4.9971,161.5744,0.66461046,4.9971,4.9971,4.9971,6.6629,6.6629,161.5744,0.66461046,28.3172,26.465,138.2544,140.1066,0.56868730,0.57630595,0.02055496,27.0124,27.0124,18.5079,166.5715,55.5238,243.1114,9.0000,,27.0124,12.9729,12.9729,12.9729,88.7862,139.3285,139.3285,12.9729,-12.9729,10.74,10.74,2.082222,3,3,1,2,0E-8,0.68516542,,0E-8,0.000000,1.000000,0.000000,,2026-05-07,2026-05-07,1,3,3,1,1.000000,,,0.000000,,,,,,,,GLOBAL_BASELINE_NO_ENTITY_RANKING,,,NOT_APPLICABLE_GLOBAL_BASELINE,HF9g-P5,,,,X 全窗基线 · 不参与实体赏罚,6873724,688,A168_HF9F_20260827_0900,2026-08-27 09:00:00
2026-04-13,145275475,1325,0,149.6848185864,-73.7882908524,-73.7882908524,0.2500000,8,8,0.49827245000000000,0.498272450000,-1.404449446798726,-1.404449446798726,-1.404449446798726,0E-17,ELIGIBLE,R03b_20260811_FULL_v1,L1_ELIGIBILITY,v2026-08-11,2026-03-21..2026-08-06,baccarat_bet02_101_all_pairs_incl_sentinel,round_win = game_pnl > 0 (decisive only),COMPATIBILITY_ONLY_NOT_PRODUCTION,1231.3269,1131.8273,168.3113,173,173,-0.13669101,,-0.13669101,-0.13669101,-168.3113,1231.3269,OK,0.0000,6.7325,4.0000,96.0000,AG03-UNRESOLVED,ALL5_LEVELS_bet23_to_bet27,6.7325,6.7325,6.7325,6.7325,6.7325,4.000000,4.000000,4.000000,4.000000,4.000000,96.000000,96.000000,96.000000,96.000000,96.000000,5.0,33.6623,31.0749,134.6490,137.2364,PENDING_AG03,FALSE,NOT_FOR_ENFORCEMENT,161.5789,1086.5542,168.3113,161.5789,6.7325,0.13669101,0.13122337,6.7325,161.5789,0.13122337,6.7325,6.7325,6.7325,6.7325,6.7325,161.5789,0.13122337,33.6623,31.0749,134.6490,137.2364,0.10935280,0.11145411,0.00546764,7.1175,6.5424,0.9729,24.0445,8.8585,175.9038,24.7143,,7.1175,4.1543,6.2314,8.4329,12.981,15.1249,21.0824,6.1317,0.0,2.427191,3.383228,1.142192,8,19,9,2,0E-8,0.13669101,,0E-8,0.000000,0.919193,0.000000,,2026-04-13,2026-07-05,7,19,17,84,0.083333,,,0.000000,,,,,,,,GLOBAL_BASELINE_NO_ENTITY_RANKING,,,NOT_APPLICABLE_GLOBAL_BASELINE,HF9g-P5,,,,X 全窗基线 · 不参与实体赏罚,6873725,688,A168_HF9F_20260827_0900,2026-08-27 09:00:00
2026-04-13,145275475,1374,0,204.4989775054,31.6235532226,31.6235532226,0.5789474,21,21,0.49899058571428571,0.498990585714,0.6970484918097177,0.6970484918122093,0.6970484918097177,2.8571E-13,ELIGIBLE,R03b_20260811_FULL_v1,L1_ELIGIBILITY,v2026-08-11,2026-03-21..2026-08-06,baccarat_bet02_101_all_pairs_incl_sentinel,round_win = game_pnl > 0 (decisive only),COMPATIBILITY_ONLY_NOT_PRODUCTION,1231.3269,1131.8273,168.3113,173,173,-0.13669101,,-0.13669101,-0.13669101,-168.3113,1231.3269,OK,0.0000,6.7325,4.0000,96.0000,AG03-UNRESOLVED,ALL5_LEVELS_bet23_to_bet27,6.7325,6.7325,6.7325,6.7325,6.7325,4.000000,4.000000,4.000000,4.000000,4.000000,96.000000,96.000000,96.000000,96.000000,96.000000,5.0,33.6623,31.0749,134.6490,137.2364,PENDING_AG03,FALSE,NOT_FOR_ENFORCEMENT,161.5789,1086.5542,168.3113,161.5789,6.7325,0.13669101,0.13122337,6.7325,161.5789,0.13122337,6.7325,6.7325,6.7325,6.7325,6.7325,161.5789,0.13122337,33.6623,31.0749,134.6490,137.2364,0.10935280,0.11145411,0.00546764,7.1175,6.5424,0.9729,24.0445,8.8585,175.9038,24.7143,,7.1175,4.1543,6.2314,8.4329,12.981,15.1249,21.0824,6.1317,0.0,2.427191,3.383228,1.142192,8,19,9,2,0E-8,0.13669101,,0E-8,0.000000,0.919193,0.000000,,2026-04-13,2026-07-05,7,19,17,84,0.083333,,,0.000000,,,,,,,,GLOBAL_BASELINE_NO_ENTITY_RANKING,,,NOT_APPLICABLE_GLOBAL_BASELINE,HF9g-P5,,,,X 全窗基线 · 不参与实体赏罚,6873726,688,A168_HF9F_20260827_0900,2026-08-27 09:00:00
2026-04-14,145275475,1325,0,2.3190605696,-2.3190605696,-2.3190605696,0E-7,1,1,0.49324550000000000,0.493245500000,-0.9865810262130424,-0.9865810262130424,-0.9865810262130424,0E-17,ELIGIBLE,R03b_20260811_FULL_v1,L1_ELIGIBILITY,v2026-08-11,2026-03-21..2026-08-06,baccarat_bet02_101_all_pairs_incl_sentinel,round_win = game_pnl > 0 (decisive only),COMPATIBILITY_ONLY_NOT_PRODUCTION,1231.3269,1131.8273,168.3113,173,173,-0.13669101,,-0.13669101,-0.13669101,-168.3113,1231.3269,OK,0.0000,6.7325,4.0000,96.0000,AG03-UNRESOLVED,ALL5_LEVELS_bet23_to_bet27,6.7325,6.7325,6.7325,6.7325,6.7325,4.000000,4.000000,4.000000,4.000000,4.000000,96.000000,96.000000,96.000000,96.000000,96.000000,5.0,33.6623,31.0749,134.6490,137.2364,PENDING_AG03,FALSE,NOT_FOR_ENFORCEMENT,161.5789,1086.5542,168.3113,161.5789,6.7325,0.13669101,0.13122337,6.7325,161.5789,0.13122337,6.7325,6.7325,6.7325,6.7325,6.7325,161.5789,0.13122337,33.6623,31.0749,134.6490,137.2364,0.10935280,0.11145411,0.00546764,7.1175,6.5424,0.9729,24.0445,8.8585,175.9038,24.7143,,7.1175,4.1543,6.2314,8.4329,12.981,15.1249,21.0824,6.1317,0.0,2.427191,3.383228,1.142192,8,19,9,2,0E-8,0.13669101,,0E-8,0.000000,0.919193,0.000000,,2026-04-13,2026-07-05,7,19,17,84,0.083333,,,0.000000,,,,,,,,GLOBAL_BASELINE_NO_ENTITY_RANKING,,,NOT_APPLICABLE_GLOBAL_BASELINE,HF9g-P5,,,,X 全窗基线 · 不参与实体赏罚,6873727,688,A168_HF9F_20260827_0900,2026-08-27 09:00:00
2026-04-14,145275475,1384,0,2.7407079459,0.6324710645,0.6324710645,0.5000000,2,2,0.49994810000000000,0.499948100000,0.00014679536856514622,0.00014679536856514622,0.00014679536856514622,0E-17,ELIGIBLE,R03b_20260811_FULL_v1,L1_ELIGIBILITY,v2026-08-11,2026-03-21..2026-08-06,baccarat_bet02_101_all_pairs_incl_sentinel,round_win = game_pnl > 0 (decisive only),COMPATIBILITY_ONLY_NOT_PRODUCTION,1231.3269,1131.8273,168.3113,173,173,-0.13669101,,-0.13669101,-0.13669101,-168.3113,1231.3269,OK,0.0000,6.7325,4.0000,96.0000,AG03-UNRESOLVED,ALL5_LEVELS_bet23_to_bet27,6.7325,6.7325,6.7325,6.7325,6.7325,4.000000,4.000000,4.000000,4.000000,4.000000,96.000000,96.000000,96.000000,96.000000,96.000000,5.0,33.6623,31.0749,134.6490,137.2364,PENDING_AG03,FALSE,NOT_FOR_ENFORCEMENT,161.5789,1086.5542,168.3113,161.5789,6.7325,0.13669101,0.13122337,6.7325,161.5789,0.13122337,6.7325,6.7325,6.7325,6.7325,6.7325,161.5789,0.13122337,33.6623,31.0749,134.6490,137.2364,0.10935280,0.11145411,0.00546764,7.1175,6.5424,0.9729,24.0445,8.8585,175.9038,24.7143,,7.1175,4.1543,6.2314,8.4329,12.981,15.1249,21.0824,6.1317,0.0,2.427191,3.383228,1.142192,8,19,9,2,0E-8,0.13669101,,0E-8,0.000000,0.919193,0.000000,,2026-04-13,2026-07-05,7,19,17,84,0.083333,,,0.000000,,,,,,,,GLOBAL_BASELINE_NO_ENTITY_RANKING,,,NOT_APPLICABLE_GLOBAL_BASELINE,HF9g-P5,,,,X 全窗基线 · 不参与实体赏罚,6873728,688,A168_HF9F_20260827_0900,2026-08-27 09:00:00
2026-04-25,145275475,1994,0,35.6292032973,-8.2221238379,-8.2221238379,0.4285714,9,9,0.50218230000000000,0.502182300000,-0.3895158292854737,-0.3895158292854737,-0.3895158292854737,0E-17,ELIGIBLE,R03b_20260811_FULL_v1,L1_ELIGIBILITY,v2026-08-11,2026-03-21..2026-08-06,baccarat_bet02_101_all_pairs_incl_sentinel,round_win = game_pnl > 0 (decisive only),COMPATIBILITY_ONLY_NOT_PRODUCTION,1231.3269,1131.8273,168.3113,173,173,-0.13669101,,-0.13669101,-0.13669101,-168.3113,1231.3269,OK,0.0000,6.7325,4.0000,96.0000,AG03-UNRESOLVED,ALL5_LEVELS_bet23_to_bet27,6.7325,6.7325,6.7325,6.7325,6.7325,4.000000,4.000000,4.000000,4.000000,4.000000,96.000000,96.000000,96.000000,96.000000,96.000000,5.0,33.6623,31.0749,134.6490,137.2364,PENDING_AG03,FALSE,NOT_FOR_ENFORCEMENT,161.5789,1086.5542,168.3113,161.5789,6.7325,0.13669101,0.13122337,6.7325,161.5789,0.13122337,6.7325,6.7325,6.7325,6.7325,6.7325,161.5789,0.13122337,33.6623,31.0749,134.6490,137.2364,0.10935280,0.11145411,0.00546764,7.1175,6.5424,0.9729,24.0445,8.8585,175.9038,24.7143,,7.1175,4.1543,6.2314,8.4329,12.981,15.1249,21.0824,6.1317,0.0,2.427191,3.383228,1.142192,8,19,9,2,0E-8,0.13669101,,0E-8,0.000000,0.919193,0.000000,,2026-04-13,2026-07-05,7,19,17,84,0.083333,,,0.000000,,,,,,,,GLOBAL_BASELINE_NO_ENTITY_RANKING,,,NOT_APPLICABLE_GLOBAL_BASELINE,HF9g-P5,,,,X 全窗基线 · 不参与实体赏罚,6873729,688,A168_HF9F_20260827_0900,2026-08-27 09:00:00
2026-04-25,145275475,2088,0,31.6235532224,-10.6571374360,-10.6571374360,0.3333333,3,3,0.49771390000000000,0.497713900000,-0.5694369385616226,-0.5694369385616226,-0.5694369385616226,0E-17,ELIGIBLE,R03b_20260811_FULL_v1,L1_ELIGIBILITY,v2026-08-11,2026-03-21..2026-08-06,baccarat_bet02_101_all_pairs_incl_sentinel,round_win = game_pnl > 0 (decisive only),COMPATIBILITY_ONLY_NOT_PRODUCTION,1231.3269,1131.8273,168.3113,173,173,-0.13669101,,-0.13669101,-0.13669101,-168.3113,1231.3269,OK,0.0000,6.7325,4.0000,96.0000,AG03-UNRESOLVED,ALL5_LEVELS_bet23_to_bet27,6.7325,6.7325,6.7325,6.7325,6.7325,4.000000,4.000000,4.000000,4.000000,4.000000,96.000000,96.000000,96.000000,96.000000,96.000000,5.0,33.6623,31.0749,134.6490,137.2364,PENDING_AG03,FALSE,NOT_FOR_ENFORCEMENT,161.5789,1086.5542,168.3113,161.5789,6.7325,0.13669101,0.13122337,6.7325,161.5789,0.13122337,6.7325,6.7325,6.7325,6.7325,6.7325,161.5789,0.13122337,33.6623,31.0749,134.6490,137.2364,0.10935280,0.11145411,0.00546764,7.1175,6.5424,0.9729,24.0445,8.8585,175.9038,24.7143,,7.1175,4.1543,6.2314,8.4329,12.981,15.1249,21.0824,6.1317,0.0,2.427191,3.383228,1.142192,8,19,9,2,0E-8,0.13669101,,0E-8,0.000000,0.919193,0.000000,,2026-04-13,2026-07-05,7,19,17,84,0.083333,,,0.000000,,,,,,,,GLOBAL_BASELINE_NO_ENTITY_RANKING,,,NOT_APPLICABLE_GLOBAL_BASELINE,HF9g-P5,,,,X 全窗基线 · 不参与实体赏罚,6873730,688,A168_HF9F_20260827_0900,2026-08-27 09:00:00
2026-06-19,145275475,1307,0,31.3648920923,-16.8248758906,-16.8248758906,0E-7,3,3,0.50218230000000000,0.502182300000,-1.4203995680682369,-1.4203995680682369,-1.4203995680682369,0E-17,ELIGIBLE,R03b_20260811_FULL_v1,L1_ELIGIBILITY,v2026-08-11,2026-03-21..2026-08-06,baccarat_bet02_101_all_pairs_incl_sentinel,round_win = game_pnl > 0 (decisive only),COMPATIBILITY_ONLY_NOT_PRODUCTION,1231.3269,1131.8273,168.3113,173,173,-0.13669101,,-0.13669101,-0.13669101,-168.3113,1231.3269,OK,0.0000,6.7325,4.0000,96.0000,AG03-UNRESOLVED,ALL5_LEVELS_bet23_to_bet27,6.7325,6.7325,6.7325,6.7325,6.7325,4.000000,4.000000,4.000000,4.000000,4.000000,96.000000,96.000000,96.000000,96.000000,96.000000,5.0,33.6623,31.0749,134.6490,137.2364,PENDING_AG03,FALSE,NOT_FOR_ENFORCEMENT,161.5789,1086.5542,168.3113,161.5789,6.7325,0.13669101,0.13122337,6.7325,161.5789,0.13122337,6.7325,6.7325,6.7325,6.7325,6.7325,161.5789,0.13122337,33.6623,31.0749,134.6490,137.2364,0.10935280,0.11145411,0.00546764,7.1175,6.5424,0.9729,24.0445,8.8585,175.9038,24.7143,,7.1175,4.1543,6.2314,8.4329,12.981,15.1249,21.0824,6.1317,0.0,2.427191,3.383228,1.142192,8,19,9,2,0E-8,0.13669101,,0E-8,0.000000,0.919193,0.000000,,2026-04-13,2026-07-05,7,19,17,84,0.083333,,,0.000000,,,,,,,,GLOBAL_BASELINE_NO_ENTITY_RANKING,,,NOT_APPLICABLE_GLOBAL_BASELINE,HF9g-P5,,,,X 全窗基线 · 不参与实体赏罚,6873731,688,A168_HF9F_20260827_0900,2026-08-27 09:00:00
2026-06-19,145275475,1396,0,88.6940988308,-26.8990299734,-26.8990299734,0.4285714,14,14,0.49994810000000000,0.499948100000,-0.5341341026655996,-0.5341341026655996,-0.5341341026655996,0E-17,ELIGIBLE,R03b_20260811_FULL_v1,L1_ELIGIBILITY,v2026-08-11,2026-03-21..2026-08-06,baccarat_bet02_101_all_pairs_incl_sentinel,round_win = game_pnl > 0 (decisive only),COMPATIBILITY_ONLY_NOT_PRODUCTION,1231.3269,1131.8273,168.3113,173,173,-0.13669101,,-0.13669101,-0.13669101,-168.3113,1231.3269,OK,0.0000,6.7325,4.0000,96.0000,AG03-UNRESOLVED,ALL5_LEVELS_bet23_to_bet27,6.7325,6.7325,6.7325,6.7325,6.7325,4.000000,4.000000,4.000000,4.000000,4.000000,96.000000,96.000000,96.000000,96.000000,96.000000,5.0,33.6623,31.0749,134.6490,137.2364,PENDING_AG03,FALSE,NOT_FOR_ENFORCEMENT,161.5789,1086.5542,168.3113,161.5789,6.7325,0.13669101,0.13122337,6.7325,161.5789,0.13122337,6.7325,6.7325,6.7325,6.7325,6.7325,161.5789,0.13122337,33.6623,31.0749,134.6490,137.2364,0.10935280,0.11145411,0.00546764,7.1175,6.5424,0.9729,24.0445,8.8585,175.9038,24.7143,,7.1175,4.1543,6.2314,8.4329,12.981,15.1249,21.0824,6.1317,0.0,2.427191,3.383228,1.142192,8,19,9,2,0E-8,0.13669101,,0E-8,0.000000,0.919193,0.000000,,2026-04-13,2026-07-05,7,19,17,84,0.083333,,,0.000000,,,,,,,,GLOBAL_BASELINE_NO_ENTITY_RANKING,,,NOT_APPLICABLE_GLOBAL_BASELINE,HF9g-P5,,,,X 全窗基线 · 不参与实体赏罚,6873732,688,A168_HF9F_20260827_0900,2026-08-27 09:00:00
2026-06-19,145275475,1401,0,2.2848596888,-2.2848596888,-2.2848596888,0E-7,1,1,0.49324550000000000,0.493245500000,-0.9865810262130424,-0.9865810262130424,-0.9865810262130424,0E-17,ELIGIBLE,R03b_20260811_FULL_v1,L1_ELIGIBILITY,v2026-08-11,2026-03-21..2026-08-06,baccarat_bet02_101_all_pairs_incl_sentinel,round_win = game_pnl > 0 (decisive only),COMPATIBILITY_ONLY_NOT_PRODUCTION,1231.3269,1131.8273,168.3113,173,173,-0.13669101,,-0.13669101,-0.13669101,-168.3113,1231.3269,OK,0.0000,6.7325,4.0000,96.0000,AG03-UNRESOLVED,ALL5_LEVELS_bet23_to_bet27,6.7325,6.7325,6.7325,6.7325,6.7325,4.000000,4.000000,4.000000,4.000000,4.000000,96.000000,96.000000,96.000000,96.000000,96.000000,5.0,33.6623,31.0749,134.6490,137.2364,PENDING_AG03,FALSE,NOT_FOR_ENFORCEMENT,161.5789,1086.5542,168.3113,161.5789,6.7325,0.13669101,0.13122337,6.7325,161.5789,0.13122337,6.7325,6.7325,6.7325,6.7325,6.7325,161.5789,0.13122337,33.6623,31.0749,134.6490,137.2364,0.10935280,0.11145411,0.00546764,7.1175,6.5424,0.9729,24.0445,8.8585,175.9038,24.7143,,7.1175,4.1543,6.2314,8.4329,12.981,15.1249,21.0824,6.1317,0.0,2.427191,3.383228,1.142192,8,19,9,2,0E-8,0.13669101,,0E-8,0.000000,0.919193,0.000000,,2026-04-13,2026-07-05,7,19,17,84,0.083333,,,0.000000,,,,,,,,GLOBAL_BASELINE_NO_ENTITY_RANKING,,,NOT_APPLICABLE_GLOBAL_BASELINE,HF9g-P5,,,,X 全窗基线 · 不参与实体赏罚,6873733,688,A168_HF9F_20260827_0900,2026-08-27 09:00:00
2026-06-19,145275475,2103,0,39.4657582620,5.8160064806,5.8160064806,0.5000000,8,8,0.50329940000000000,0.503299400000,-0.018664631283057894,-0.018664631283057894,-0.018664631283057894,0E-17,ELIGIBLE,R03b_20260811_FULL_v1,L1_ELIGIBILITY,v2026-08-11,2026-03-21..2026-08-06,baccarat_bet02_101_all_pairs_incl_sentinel,round_win = game_pnl > 0 (decisive only),COMPATIBILITY_ONLY_NOT_PRODUCTION,1231.3269,1131.8273,168.3113,173,173,-0.13669101,,-0.13669101,-0.13669101,-168.3113,1231.3269,OK,0.0000,6.7325,4.0000,96.0000,AG03-UNRESOLVED,ALL5_LEVELS_bet23_to_bet27,6.7325,6.7325,6.7325,6.7325,6.7325,4.000000,4.000000,4.000000,4.000000,4.000000,96.000000,96.000000,96.000000,96.000000,96.000000,5.0,33.6623,31.0749,134.6490,137.2364,PENDING_AG03,FALSE,NOT_FOR_ENFORCEMENT,161.5789,1086.5542,168.3113,161.5789,6.7325,0.13669101,0.13122337,6.7325,161.5789,0.13122337,6.7325,6.7325,6.7325,6.7325,6.7325,161.5789,0.13122337,33.6623,31.0749,134.6490,137.2364,0.10935280,0.11145411,0.00546764,7.1175,6.5424,0.9729,24.0445,8.8585,175.9038,24.7143,,7.1175,4.1543,6.2314,8.4329,12.981,15.1249,21.0824,6.1317,0.0,2.427191,3.383228,1.142192,8,19,9,2,0E-8,0.13669101,,0E-8,0.000000,0.919193,0.000000,,2026-04-13,2026-07-05,7,19,17,84,0.083333,,,0.000000,,,,,,,,GLOBAL_BASELINE_NO_ENTITY_RANKING,,,NOT_APPLICABLE_GLOBAL_BASELINE,HF9g-P5,,,,X 全窗基线 · 不参与实体赏罚,6873734,688,A168_HF9F_20260827_0900,2026-08-27 09:00:00
2026-06-19,145275475,2233,0,58.1600648070,-16.8248758906,-16.8248758906,0.4285714,7,7,0.49516052857142857,0.495160528571,-0.3523729031294806,-0.3523729031272156,-0.3523729031294806,4.2857E-13,ELIGIBLE,R03b_20260811_FULL_v1,L1_ELIGIBILITY,v2026-08-11,2026-03-21..2026-08-06,baccarat_bet02_101_all_pairs_incl_sentinel,round_win = game_pnl > 0 (decisive only),COMPATIBILITY_ONLY_NOT_PRODUCTION,1231.3269,1131.8273,168.3113,173,173,-0.13669101,,-0.13669101,-0.13669101,-168.3113,1231.3269,OK,0.0000,6.7325,4.0000,96.0000,AG03-UNRESOLVED,ALL5_LEVELS_bet23_to_bet27,6.7325,6.7325,6.7325,6.7325,6.7325,4.000000,4.000000,4.000000,4.000000,4.000000,96.000000,96.000000,96.000000,96.000000,96.000000,5.0,33.6623,31.0749,134.6490,137.2364,PENDING_AG03,FALSE,NOT_FOR_ENFORCEMENT,161.5789,1086.5542,168.3113,161.5789,6.7325,0.13669101,0.13122337,6.7325,161.5789,0.13122337,6.7325,6.7325,6.7325,6.7325,6.7325,161.5789,0.13122337,33.6623,31.0749,134.6490,137.2364,0.10935280,0.11145411,0.00546764,7.1175,6.5424,0.9729,24.0445,8.8585,175.9038,24.7143,,7.1175,4.1543,6.2314,8.4329,12.981,15.1249,21.0824,6.1317,0.0,2.427191,3.383228,1.142192,8,19,9,2,0E-8,0.13669101,,0E-8,0.000000,0.919193,0.000000,,2026-04-13,2026-07-05,7,19,17,84,0.083333,,,0.000000,,,,,,,,GLOBAL_BASELINE_NO_ENTITY_RANKING,,,NOT_APPLICABLE_GLOBAL_BASELINE,HF9g-P5,,,,X 全窗基线 · 不参与实体赏罚,6873735,688,A168_HF9F_20260827_0900,2026-08-27 09:00:00
2026-06-28,145275475,-1,1,119.4358473717,6.2418212410,6.2418212410,0.5454545,24,24,0.49938955000000000,0.499389550000,0.43212828337702963,0.43212828337702974,0.43212828337702963,0E-17,SENTINEL_DEALER,R03b_20260811_FULL_v1,L1_ELIGIBILITY,v2026-08-11,2026-03-21..2026-08-06,baccarat_bet02_101_all_pairs_incl_sentinel,round_win = game_pnl > 0 (decisive only),COMPATIBILITY_ONLY_NOT_PRODUCTION,1231.3269,1131.8273,168.3113,173,173,-0.13669101,,-0.13669101,-0.13669101,-168.3113,1231.3269,OK,0.0000,6.7325,4.0000,96.0000,AG03-UNRESOLVED,ALL5_LEVELS_bet23_to_bet27,6.7325,6.7325,6.7325,6.7325,6.7325,4.000000,4.000000,4.000000,4.000000,4.000000,96.000000,96.000000,96.000000,96.000000,96.000000,5.0,33.6623,31.0749,134.6490,137.2364,PENDING_AG03,FALSE,NOT_FOR_ENFORCEMENT,161.5789,1086.5542,168.3113,161.5789,6.7325,0.13669101,0.13122337,6.7325,161.5789,0.13122337,6.7325,6.7325,6.7325,6.7325,6.7325,161.5789,0.13122337,33.6623,31.0749,134.6490,137.2364,0.10935280,0.11145411,0.00546764,7.1175,6.5424,0.9729,24.0445,8.8585,175.9038,24.7143,,7.1175,4.1543,6.2314,8.4329,12.981,15.1249,21.0824,6.1317,0.0,2.427191,3.383228,1.142192,8,19,9,2,0E-8,0.13669101,,0E-8,0.000000,0.919193,0.000000,,2026-04-13,2026-07-05,7,19,17,84,0.083333,,,0.000000,,,,,,,,GLOBAL_BASELINE_NO_ENTITY_RANKING,,,NOT_APPLICABLE_GLOBAL_BASELINE,HF9g-P5,,,,X 全窗基线 · 不参与实体赏罚,6873736,688,A168_HF9F_20260827_0900,2026-08-27 09:00:00
2026-06-28,145275475,970,0,14.5400162018,-14.5400162018,-14.5400162018,0E-7,3,3,0.49771390000000000,0.497713900000,-1.724149546644903,-1.724149546644903,-1.724149546644903,0E-17,ELIGIBLE,R03b_20260811_FULL_v1,L1_ELIGIBILITY,v2026-08-11,2026-03-21..2026-08-06,baccarat_bet02_101_all_pairs_incl_sentinel,round_win = game_pnl > 0 (decisive only),COMPATIBILITY_ONLY_NOT_PRODUCTION,1231.3269,1131.8273,168.3113,173,173,-0.13669101,,-0.13669101,-0.13669101,-168.3113,1231.3269,OK,0.0000,6.7325,4.0000,96.0000,AG03-UNRESOLVED,ALL5_LEVELS_bet23_to_bet27,6.7325,6.7325,6.7325,6.7325,6.7325,4.000000,4.000000,4.000000,4.000000,4.000000,96.000000,96.000000,96.000000,96.000000,96.000000,5.0,33.6623,31.0749,134.6490,137.2364,PENDING_AG03,FALSE,NOT_FOR_ENFORCEMENT,161.5789,1086.5542,168.3113,161.5789,6.7325,0.13669101,0.13122337,6.7325,161.5789,0.13122337,6.7325,6.7325,6.7325,6.7325,6.7325,161.5789,0.13122337,33.6623,31.0749,134.6490,137.2364,0.10935280,0.11145411,0.00546764,7.1175,6.5424,0.9729,24.0445,8.8585,175.9038,24.7143,,7.1175,4.1543,6.2314,8.4329,12.981,15.1249,21.0824,6.1317,0.0,2.427191,3.383228,1.142192,8,19,9,2,0E-8,0.13669101,,0E-8,0.000000,0.919193,0.000000,,2026-04-13,2026-07-05,7,19,17,84,0.083333,,,0.000000,,,,,,,,GLOBAL_BASELINE_NO_ENTITY_RANKING,,,NOT_APPLICABLE_GLOBAL_BASELINE,HF9g-P5,,,,X 全窗基线 · 不参与实体赏罚,6873737,688,A168_HF9F_20260827_0900,2026-08-27 09:00:00
2026-07-04,145275475,1505,0,40.2648898336,-20.2346400686,-20.2346400686,0.4000000,5,5,0.49592654000000000,0.495926540000,-0.42901076602576227,-0.42901076602576227,-0.42901076602576227,0E-17,ELIGIBLE,R03b_20260811_FULL_v1,L1_ELIGIBILITY,v2026-08-11,2026-03-21..2026-08-06,baccarat_bet02_101_all_pairs_incl_sentinel,round_win = game_pnl > 0 (decisive only),COMPATIBILITY_ONLY_NOT_PRODUCTION,1231.3269,1131.8273,168.3113,173,173,-0.13669101,,-0.13669101,-0.13669101,-168.3113,1231.3269,OK,0.0000,6.7325,4.0000,96.0000,AG03-UNRESOLVED,ALL5_LEVELS_bet23_to_bet27,6.7325,6.7325,6.7325,6.7325,6.7325,4.000000,4.000000,4.000000,4.000000,4.000000,96.000000,96.000000,96.000000,96.000000,96.000000,5.0,33.6623,31.0749,134.6490,137.2364,PENDING_AG03,FALSE,NOT_FOR_ENFORCEMENT,161.5789,1086.5542,168.3113,161.5789,6.7325,0.13669101,0.13122337,6.7325,161.5789,0.13122337,6.7325,6.7325,6.7325,6.7325,6.7325,161.5789,0.13122337,33.6623,31.0749,134.6490,137.2364,0.10935280,0.11145411,0.00546764,7.1175,6.5424,0.9729,24.0445,8.8585,175.9038,24.7143,,7.1175,4.1543,6.2314,8.4329,12.981,15.1249,21.0824,6.1317,0.0,2.427191,3.383228,1.142192,8,19,9,2,0E-8,0.13669101,,0E-8,0.000000,0.919193,0.000000,,2026-04-13,2026-07-05,7,19,17,84,0.083333,,,0.000000,,,,,,,,GLOBAL_BASELINE_NO_ENTITY_RANKING,,,NOT_APPLICABLE_GLOBAL_BASELINE,HF9g-P5,,,,X 全窗基线 · 不参与实体赏罚,6873738,688,A168_HF9F_20260827_0900,2026-08-27 09:00:00
2026-07-04,145275475,1963,0,81.3473408823,-25.5487879656,-25.5487879656,0.3750000,9,9,0.49771390000000000,0.497713900000,-0.694181902665499,-0.6941819026654991,-0.694181902665499,0E-17,ELIGIBLE,R03b_20260811_FULL_v1,L1_ELIGIBILITY,v2026-08-11,2026-03-21..2026-08-06,baccarat_bet02_101_all_pairs_incl_sentinel,round_win = game_pnl > 0 (decisive only),COMPATIBILITY_ONLY_NOT_PRODUCTION,1231.3269,1131.8273,168.3113,173,173,-0.13669101,,-0.13669101,-0.13669101,-168.3113,1231.3269,OK,0.0000,6.7325,4.0000,96.0000,AG03-UNRESOLVED,ALL5_LEVELS_bet23_to_bet27,6.7325,6.7325,6.7325,6.7325,6.7325,4.000000,4.000000,4.000000,4.000000,4.000000,96.000000,96.000000,96.000000,96.000000,96.000000,5.0,33.6623,31.0749,134.6490,137.2364,PENDING_AG03,FALSE,NOT_FOR_ENFORCEMENT,161.5789,1086.5542,168.3113,161.5789,6.7325,0.13669101,0.13122337,6.7325,161.5789,0.13122337,6.7325,6.7325,6.7325,6.7325,6.7325,161.5789,0.13122337,33.6623,31.0749,134.6490,137.2364,0.10935280,0.11145411,0.00546764,7.1175,6.5424,0.9729,24.0445,8.8585,175.9038,24.7143,,7.1175,4.1543,6.2314,8.4329,12.981,15.1249,21.0824,6.1317,0.0,2.427191,3.383228,1.142192,8,19,9,2,0E-8,0.13669101,,0E-8,0.000000,0.919193,0.000000,,2026-04-13,2026-07-05,7,19,17,84,0.083333,,,0.000000,,,,,,,,GLOBAL_BASELINE_NO_ENTITY_RANKING,,,NOT_APPLICABLE_GLOBAL_BASELINE,HF9g-P5,,,,X 全窗基线 · 不参与实体赏罚,6873739,688,A168_HF9F_20260827_0900,2026-08-27 09:00:00
2026-07-04,145275475,2088,0,52.5283080571,-4.8031721375,-4.8031721375,0.4285714,7,7,0.49899058571428571,0.498990585714,-0.3726239140161595,-0.3726239140146481,-0.3726239140161595,2.8571E-13,ELIGIBLE,R03b_20260811_FULL_v1,L1_ELIGIBILITY,v2026-08-11,2026-03-21..2026-08-06,baccarat_bet02_101_all_pairs_incl_sentinel,round_win = game_pnl > 0 (decisive only),COMPATIBILITY_ONLY_NOT_PRODUCTION,1231.3269,1131.8273,168.3113,173,173,-0.13669101,,-0.13669101,-0.13669101,-168.3113,1231.3269,OK,0.0000,6.7325,4.0000,96.0000,AG03-UNRESOLVED,ALL5_LEVELS_bet23_to_bet27,6.7325,6.7325,6.7325,6.7325,6.7325,4.000000,4.000000,4.000000,4.000000,4.000000,96.000000,96.000000,96.000000,96.000000,96.000000,5.0,33.6623,31.0749,134.6490,137.2364,PENDING_AG03,FALSE,NOT_FOR_ENFORCEMENT,161.5789,1086.5542,168.3113,161.5789,6.7325,0.13669101,0.13122337,6.7325,161.5789,0.13122337,6.7325,6.7325,6.7325,6.7325,6.7325,161.5789,0.13122337,33.6623,31.0749,134.6490,137.2364,0.10935280,0.11145411,0.00546764,7.1175,6.5424,0.9729,24.0445,8.8585,175.9038,24.7143,,7.1175,4.1543,6.2314,8.4329,12.981,15.1249,21.0824,6.1317,0.0,2.427191,3.383228,1.142192,8,19,9,2,0E-8,0.13669101,,0E-8,0.000000,0.919193,0.000000,,2026-04-13,2026-07-05,7,19,17,84,0.083333,,,0.000000,,,,,,,,GLOBAL_BASELINE_NO_ENTITY_RANKING,,,NOT_APPLICABLE_GLOBAL_BASELINE,HF9g-P5,,,,X 全窗基线 · 不参与实体赏罚,6873740,688,A168_HF9F_20260827_0900,2026-08-27 09:00:00
2026-07-04,145275475,2142,0,63.1566038507,-8.5843927564,-8.5843927564,0.5000000,9,9,0.49920336666666667,0.499203366667,0.004506444376759088,0.004506444374873482,0.004506444376759088,-3.3333E-13,ELIGIBLE,R03b_20260811_FULL_v1,L1_ELIGIBILITY,v2026-08-11,2026-03-21..2026-08-06,baccarat_bet02_101_all_pairs_incl_sentinel,round_win = game_pnl > 0 (decisive only),COMPATIBILITY_ONLY_NOT_PRODUCTION,1231.3269,1131.8273,168.3113,173,173,-0.13669101,,-0.13669101,-0.13669101,-168.3113,1231.3269,OK,0.0000,6.7325,4.0000,96.0000,AG03-UNRESOLVED,ALL5_LEVELS_bet23_to_bet27,6.7325,6.7325,6.7325,6.7325,6.7325,4.000000,4.000000,4.000000,4.000000,4.000000,96.000000,96.000000,96.000000,96.000000,96.000000,5.0,33.6623,31.0749,134.6490,137.2364,PENDING_AG03,FALSE,NOT_FOR_ENFORCEMENT,161.5789,1086.5542,168.3113,161.5789,6.7325,0.13669101,0.13122337,6.7325,161.5789,0.13122337,6.7325,6.7325,6.7325,6.7325,6.7325,161.5789,0.13122337,33.6623,31.0749,134.6490,137.2364,0.10935280,0.11145411,0.00546764,7.1175,6.5424,0.9729,24.0445,8.8585,175.9038,24.7143,,7.1175,4.1543,6.2314,8.4329,12.981,15.1249,21.0824,6.1317,0.0,2.427191,3.383228,1.142192,8,19,9,2,0E-8,0.13669101,,0E-8,0.000000,0.919193,0.000000,,2026-04-13,2026-07-05,7,19,17,84,0.083333,,,0.000000,,,,,,,,GLOBAL_BASELINE_NO_ENTITY_RANKING,,,NOT_APPLICABLE_GLOBAL_BASELINE,HF9g-P5,,,,X 全窗基线 · 不参与实体赏罚,6873741,688,A168_HF9F_20260827_0900,2026-08-27 09:00:00
2026-07-04,145275475,2170,0,155.5410211341,35.7683031517,35.7683031517,0.6666667,20,20,0.49592654000000000,0.495926540000,1.4488260984018384,1.4488260984018384,1.4488260984018384,0E-17,ELIGIBLE,R03b_20260811_FULL_v1,L1_ELIGIBILITY,v2026-08-11,2026-03-21..2026-08-06,baccarat_bet02_101_all_pairs_incl_sentinel,round_win = game_pnl > 0 (decisive only),COMPATIBILITY_ONLY_NOT_PRODUCTION,1231.3269,1131.8273,168.3113,173,173,-0.13669101,,-0.13669101,-0.13669101,-168.3113,1231.3269,OK,0.0000,6.7325,4.0000,96.0000,AG03-UNRESOLVED,ALL5_LEVELS_bet23_to_bet27,6.7325,6.7325,6.7325,6.7325,6.7325,4.000000,4.000000,4.000000,4.000000,4.000000,96.000000,96.000000,96.000000,96.000000,96.000000,5.0,33.6623,31.0749,134.6490,137.2364,PENDING_AG03,FALSE,NOT_FOR_ENFORCEMENT,161.5789,1086.5542,168.3113,161.5789,6.7325,0.13669101,0.13122337,6.7325,161.5789,0.13122337,6.7325,6.7325,6.7325,6.7325,6.7325,161.5789,0.13122337,33.6623,31.0749,134.6490,137.2364,0.10935280,0.11145411,0.00546764,7.1175,6.5424,0.9729,24.0445,8.8585,175.9038,24.7143,,7.1175,4.1543,6.2314,8.4329,12.981,15.1249,21.0824,6.1317,0.0,2.427191,3.383228,1.142192,8,19,9,2,0E-8,0.13669101,,0E-8,0.000000,0.919193,0.000000,,2026-04-13,2026-07-05,7,19,17,84,0.083333,,,0.000000,,,,,,,,GLOBAL_BASELINE_NO_ENTITY_RANKING,,,NOT_APPLICABLE_GLOBAL_BASELINE,HF9g-P5,,,,X 全窗基线 · 不参与实体赏罚,6873742,688,A168_HF9F_20260827_0900,2026-08-27 09:00:00
2026-07-04,145275475,2209,0,17.1687855128,-1.6351224298,-1.6351224298,0.5714286,7,7,0.49707555714285714,0.497075557143,0.39344589990031587,0.3934458998995593,0.39344589990031587,-1.4286E-13,ELIGIBLE,R03b_20260811_FULL_v1,L1_ELIGIBILITY,v2026-08-11,2026-03-21..2026-08-06,baccarat_bet02_101_all_pairs_incl_sentinel,round_win = game_pnl > 0 (decisive only),COMPATIBILITY_ONLY_NOT_PRODUCTION,1231.3269,1131.8273,168.3113,173,173,-0.13669101,,-0.13669101,-0.13669101,-168.3113,1231.3269,OK,0.0000,6.7325,4.0000,96.0000,AG03-UNRESOLVED,ALL5_LEVELS_bet23_to_bet27,6.7325,6.7325,6.7325,6.7325,6.7325,4.000000,4.000000,4.000000,4.000000,4.000000,96.000000,96.000000,96.000000,96.000000,96.000000,5.0,33.6623,31.0749,134.6490,137.2364,PENDING_AG03,FALSE,NOT_FOR_ENFORCEMENT,161.5789,1086.5542,168.3113,161.5789,6.7325,0.13669101,0.13122337,6.7325,161.5789,0.13122337,6.7325,6.7325,6.7325,6.7325,6.7325,161.5789,0.13122337,33.6623,31.0749,134.6490,137.2364,0.10935280,0.11145411,0.00546764,7.1175,6.5424,0.9729,24.0445,8.8585,175.9038,24.7143,,7.1175,4.1543,6.2314,8.4329,12.981,15.1249,21.0824,6.1317,0.0,2.427191,3.383228,1.142192,8,19,9,2,0E-8,0.13669101,,0E-8,0.000000,0.919193,0.000000,,2026-04-13,2026-07-05,7,19,17,84,0.083333,,,0.000000,,,,,,,,GLOBAL_BASELINE_NO_ENTITY_RANKING,,,NOT_APPLICABLE_GLOBAL_BASELINE,HF9g-P5,,,,X 全窗基线 · 不参与实体赏罚,6873743,688,A168_HF9F_20260827_0900,2026-08-27 09:00:00
2026-07-04,145275475,2229,0,32.7024485958,-12.3656133753,-12.3656133753,0.3333333,7,7,0.49899058571428571,0.498990585714,-0.8115531348621552,-0.8115531348607564,-0.8115531348621552,2.8571E-13,ELIGIBLE,R03b_20260811_FULL_v1,L1_ELIGIBILITY,v2026-08-11,2026-03-21..2026-08-06,baccarat_bet02_101_all_pairs_incl_sentinel,round_win = game_pnl > 0 (decisive only),COMPATIBILITY_ONLY_NOT_PRODUCTION,1231.3269,1131.8273,168.3113,173,173,-0.13669101,,-0.13669101,-0.13669101,-168.3113,1231.3269,OK,0.0000,6.7325,4.0000,96.0000,AG03-UNRESOLVED,ALL5_LEVELS_bet23_to_bet27,6.7325,6.7325,6.7325,6.7325,6.7325,4.000000,4.000000,4.000000,4.000000,4.000000,96.000000,96.000000,96.000000,96.000000,96.000000,5.0,33.6623,31.0749,134.6490,137.2364,PENDING_AG03,FALSE,NOT_FOR_ENFORCEMENT,161.5789,1086.5542,168.3113,161.5789,6.7325,0.13669101,0.13122337,6.7325,161.5789,0.13122337,6.7325,6.7325,6.7325,6.7325,6.7325,161.5789,0.13122337,33.6623,31.0749,134.6490,137.2364,0.10935280,0.11145411,0.00546764,7.1175,6.5424,0.9729,24.0445,8.8585,175.9038,24.7143,,7.1175,4.1543,6.2314,8.4329,12.981,15.1249,21.0824,6.1317,0.0,2.427191,3.383228,1.142192,8,19,9,2,0E-8,0.13669101,,0E-8,0.000000,0.919193,0.000000,,2026-04-13,2026-07-05,7,19,17,84,0.083333,,,0.000000,,,,,,,,GLOBAL_BASELINE_NO_ENTITY_RANKING,,,NOT_APPLICABLE_GLOBAL_BASELINE,HF9g-P5,,,,X 全窗基线 · 不参与实体赏罚,6873744,688,A168_HF9F_20260827_0900,2026-08-27 09:00:00
2026-07-05,145275475,1330,0,1.2263418223,-1.2263418223,-1.2263418223,0E-7,1,1,0.50665070000000000,0.506650700000,-1.013391052207602,-1.013391052207602,-1.013391052207602,0E-17,ELIGIBLE,R03b_20260811_FULL_v1,L1_ELIGIBILITY,v2026-08-11,2026-03-21..2026-08-06,baccarat_bet02_101_all_pairs_incl_sentinel,round_win = game_pnl > 0 (decisive only),COMPATIBILITY_ONLY_NOT_PRODUCTION,1231.3269,1131.8273,168.3113,173,173,-0.13669101,,-0.13669101,-0.13669101,-168.3113,1231.3269,OK,0.0000,6.7325,4.0000,96.0000,AG03-UNRESOLVED,ALL5_LEVELS_bet23_to_bet27,6.7325,6.7325,6.7325,6.7325,6.7325,4.000000,4.000000,4.000000,4.000000,4.000000,96.000000,96.000000,96.000000,96.000000,96.000000,5.0,33.6623,31.0749,134.6490,137.2364,PENDING_AG03,FALSE,NOT_FOR_ENFORCEMENT,161.5789,1086.5542,168.3113,161.5789,6.7325,0.13669101,0.13122337,6.7325,161.5789,0.13122337,6.7325,6.7325,6.7325,6.7325,6.7325,161.5789,0.13122337,33.6623,31.0749,134.6490,137.2364,0.10935280,0.11145411,0.00546764,7.1175,6.5424,0.9729,24.0445,8.8585,175.9038,24.7143,,7.1175,4.1543,6.2314,8.4329,12.981,15.1249,21.0824,6.1317,0.0,2.427191,3.383228,1.142192,8,19,9,2,0E-8,0.13669101,,0E-8,0.000000,0.919193,0.000000,,2026-04-13,2026-07-05,7,19,17,84,0.083333,,,0.000000,,,,,,,,GLOBAL_BASELINE_NO_ENTITY_RANKING,,,NOT_APPLICABLE_GLOBAL_BASELINE,HF9g-P5,,,,X 全窗基线 · 不参与实体赏罚,6873745,688,A168_HF9F_20260827_0900,2026-08-27 09:00:00
2026-07-05,145275475,1994,0,2.6570739484,2.6570739484,2.6570739484,1.0000000,2,2,0.49324550000000000,0.493245500000,1.4334489766152358,1.4334489766152358,1.4334489766152358,0E-17,ELIGIBLE,R03b_20260811_FULL_v1,L1_ELIGIBILITY,v2026-08-11,2026-03-21..2026-08-06,baccarat_bet02_101_all_pairs_incl_sentinel,round_win = game_pnl > 0 (decisive only),COMPATIBILITY_ONLY_NOT_PRODUCTION,1231.3269,1131.8273,168.3113,173,173,-0.13669101,,-0.13669101,-0.13669101,-168.3113,1231.3269,OK,0.0000,6.7325,4.0000,96.0000,AG03-UNRESOLVED,ALL5_LEVELS_bet23_to_bet27,6.7325,6.7325,6.7325,6.7325,6.7325,4.000000,4.000000,4.000000,4.000000,4.000000,96.000000,96.000000,96.000000,96.000000,96.000000,5.0,33.6623,31.0749,134.6490,137.2364,PENDING_AG03,FALSE,NOT_FOR_ENFORCEMENT,161.5789,1086.5542,168.3113,161.5789,6.7325,0.13669101,0.13122337,6.7325,161.5789,0.13122337,6.7325,6.7325,6.7325,6.7325,6.7325,161.5789,0.13122337,33.6623,31.0749,134.6490,137.2364,0.10935280,0.11145411,0.00546764,7.1175,6.5424,0.9729,24.0445,8.8585,175.9038,24.7143,,7.1175,4.1543,6.2314,8.4329,12.981,15.1249,21.0824,6.1317,0.0,2.427191,3.383228,1.142192,8,19,9,2,0E-8,0.13669101,,0E-8,0.000000,0.919193,0.000000,,2026-04-13,2026-07-05,7,19,17,84,0.083333,,,0.000000,,,,,,,,GLOBAL_BASELINE_NO_ENTITY_RANKING,,,NOT_APPLICABLE_GLOBAL_BASELINE,HF9g-P5,,,,X 全窗基线 · 不参与实体赏罚,6873746,688,A168_HF9F_20260827_0900,2026-08-27 09:00:00
2026-07-05,145275475,970,0,4.2921963782,-4.2921963782,-4.2921963782,0E-7,2,2,0.49994810000000000,0.499948100000,-1.4140667746232096,-1.4140667746232096,-1.4140667746232096,0E-17,ELIGIBLE,R03b_20260811_FULL_v1,L1_ELIGIBILITY,v2026-08-11,2026-03-21..2026-08-06,baccarat_bet02_101_all_pairs_incl_sentinel,round_win = game_pnl > 0 (decisive only),COMPATIBILITY_ONLY_NOT_PRODUCTION,1231.3269,1131.8273,168.3113,173,173,-0.13669101,,-0.13669101,-0.13669101,-168.3113,1231.3269,OK,0.0000,6.7325,4.0000,96.0000,AG03-UNRESOLVED,ALL5_LEVELS_bet23_to_bet27,6.7325,6.7325,6.7325,6.7325,6.7325,4.000000,4.000000,4.000000,4.000000,4.000000,96.000000,96.000000,96.000000,96.000000,96.000000,5.0,33.6623,31.0749,134.6490,137.2364,PENDING_AG03,FALSE,NOT_FOR_ENFORCEMENT,161.5789,1086.5542,168.3113,161.5789,6.7325,0.13669101,0.13122337,6.7325,161.5789,0.13122337,6.7325,6.7325,6.7325,6.7325,6.7325,161.5789,0.13122337,33.6623,31.0749,134.6490,137.2364,0.10935280,0.11145411,0.00546764,7.1175,6.5424,0.9729,24.0445,8.8585,175.9038,24.7143,,7.1175,4.1543,6.2314,8.4329,12.981,15.1249,21.0824,6.1317,0.0,2.427191,3.383228,1.142192,8,19,9,2,0E-8,0.13669101,,0E-8,0.000000,0.919193,0.000000,,2026-04-13,2026-07-05,7,19,17,84,0.083333,,,0.000000,,,,,,,,GLOBAL_BASELINE_NO_ENTITY_RANKING,,,NOT_APPLICABLE_GLOBAL_BASELINE,HF9g-P5,,,,X 全窗基线 · 不参与实体赏罚,6873747,688,A168_HF9F_20260827_0900,2026-08-27 09:00:00
2026-04-10,140316320,1374,0,39.2639321519,-39.2639321519,-39.2639321519,0E-7,1,1,0.50665070000000000,0.506650700000,-1.013391052207602,-1.013391052207602,-1.013391052207602,0E-17,ELIGIBLE,R03b_20260811_FULL_v1,L1_ELIGIBILITY,v2026-08-11,2026-03-21..2026-08-06,baccarat_bet02_101_all_pairs_incl_sentinel,round_win = game_pnl > 0 (decisive only),COMPATIBILITY_ONLY_NOT_PRODUCTION,360.9664,360.9664,168.3114,15,14,-0.46627991,,-0.46627991,-0.46627991,-168.3114,360.9664,THIN_EXPOSURE,0.0000,6.7325,4.0000,96.0000,AG03-UNRESOLVED,ALL5_LEVELS_bet23_to_bet27,6.7325,6.7325,6.7325,8.4156,8.4156,4.000000,4.000000,4.000000,5.000000,5.000000,96.000000,96.000000,96.000000,95.000000,95.000000,5.0,37.0285,33.9191,131.2829,134.3923,PENDING_AG03,FALSE,NOT_FOR_ENFORCEMENT,161.5789,346.5278,168.3114,161.5789,6.7325,0.46627991,0.44762872,6.7325,161.5789,0.44762872,6.7325,6.7325,6.7325,8.4156,8.4156,161.5789,0.44762872,37.0285,33.9191,131.2829,134.3923,0.36369833,0.3723125,0.01865120,24.0644,25.7833,12.0222,56.1038,28.0519,120.3221,4.6667,,24.0644,9.4888,13.088,39.2639,52.3519,62.1679,65.4399,13.088,-7.8528,4.75,5.0,1.838667,6,7,3,3,0E-8,0.46627991,,0E-8,0.000000,1.000000,0.000000,,2026-04-10,2026-04-15,3,6,6,6,0.500000,,,0.000000,,,,,,,,GLOBAL_BASELINE_NO_ENTITY_RANKING,,,NOT_APPLICABLE_GLOBAL_BASELINE,HF9g-P5,,,,X 全窗基线 · 不参与实体赏罚,6873748,688,A168_HF9F_20260827_0900,2026-08-27 09:00:00
2026-04-12,140316320,1331,0,13.3497369317,-13.3497369317,-13.3497369317,0E-7,1,1,0.49324550000000000,0.493245500000,-0.9865810262130424,-0.9865810262130424,-0.9865810262130424,0E-17,ELIGIBLE,R03b_20260811_FULL_v1,L1_ELIGIBILITY,v2026-08-11,2026-03-21..2026-08-06,baccarat_bet02_101_all_pairs_incl_sentinel,round_win = game_pnl > 0 (decisive only),COMPATIBILITY_ONLY_NOT_PRODUCTION,360.9664,360.9664,168.3114,15,14,-0.46627991,,-0.46627991,-0.46627991,-168.3114,360.9664,THIN_EXPOSURE,0.0000,6.7325,4.0000,96.0000,AG03-UNRESOLVED,ALL5_LEVELS_bet23_to_bet27,6.7325,6.7325,6.7325,8.4156,8.4156,4.000000,4.000000,4.000000,5.000000,5.000000,96.000000,96.000000,96.000000,95.000000,95.000000,5.0,37.0285,33.9191,131.2829,134.3923,PENDING_AG03,FALSE,NOT_FOR_ENFORCEMENT,161.5789,346.5278,168.3114,161.5789,6.7325,0.46627991,0.44762872,6.7325,161.5789,0.44762872,6.7325,6.7325,6.7325,8.4156,8.4156,161.5789,0.44762872,37.0285,33.9191,131.2829,134.3923,0.36369833,0.3723125,0.01865120,24.0644,25.7833,12.0222,56.1038,28.0519,120.3221,4.6667,,24.0644,9.4888,13.088,39.2639,52.3519,62.1679,65.4399,13.088,-7.8528,4.75,5.0,1.838667,6,7,3,3,0E-8,0.46627991,,0E-8,0.000000,1.000000,0.000000,,2026-04-10,2026-04-15,3,6,6,6,0.500000,,,0.000000,,,,,,,,GLOBAL_BASELINE_NO_ENTITY_RANKING,,,NOT_APPLICABLE_GLOBAL_BASELINE,HF9g-P5,,,,X 全窗基线 · 不参与实体赏罚,6873749,688,A168_HF9F_20260827_0900,2026-08-27 09:00:00
2026-04-12,140316320,1485,0,7.8527864304,-7.8527864304,-7.8527864304,0E-7,1,1,0.49324550000000000,0.493245500000,-0.9865810262130424,-0.9865810262130424,-0.9865810262130424,0E-17,ELIGIBLE,R03b_20260811_FULL_v1,L1_ELIGIBILITY,v2026-08-11,2026-03-21..2026-08-06,baccarat_bet02_101_all_pairs_incl_sentinel,round_win = game_pnl > 0 (decisive only),COMPATIBILITY_ONLY_NOT_PRODUCTION,360.9664,360.9664,168.3114,15,14,-0.46627991,,-0.46627991,-0.46627991,-168.3114,360.9664,THIN_EXPOSURE,0.0000,6.7325,4.0000,96.0000,AG03-UNRESOLVED,ALL5_LEVELS_bet23_to_bet27,6.7325,6.7325,6.7325,8.4156,8.4156,4.000000,4.000000,4.000000,5.000000,5.000000,96.000000,96.000000,96.000000,95.000000,95.000000,5.0,37.0285,33.9191,131.2829,134.3923,PENDING_AG03,FALSE,NOT_FOR_ENFORCEMENT,161.5789,346.5278,168.3114,161.5789,6.7325,0.46627991,0.44762872,6.7325,161.5789,0.44762872,6.7325,6.7325,6.7325,8.4156,8.4156,161.5789,0.44762872,37.0285,33.9191,131.2829,134.3923,0.36369833,0.3723125,0.01865120,24.0644,25.7833,12.0222,56.1038,28.0519,120.3221,4.6667,,24.0644,9.4888,13.088,39.2639,52.3519,62.1679,65.4399,13.088,-7.8528,4.75,5.0,1.838667,6,7,3,3,0E-8,0.46627991,,0E-8,0.000000,1.000000,0.000000,,2026-04-10,2026-04-15,3,6,6,6,0.500000,,,0.000000,,,,,,,,GLOBAL_BASELINE_NO_ENTITY_RANKING,,,NOT_APPLICABLE_GLOBAL_BASELINE,HF9g-P5,,,,X 全窗基线 · 不参与实体赏罚,6873750,688,A168_HF9F_20260827_0900,2026-08-27 09:00:00
2026-04-12,140316320,1963,0,5.2351909536,-5.2351909536,-5.2351909536,0E-7,1,1,0.50665070000000000,0.506650700000,-1.013391052207602,-1.013391052207602,-1.013391052207602,0E-17,ELIGIBLE,R03b_20260811_FULL_v1,L1_ELIGIBILITY,v2026-08-11,2026-03-21..2026-08-06,baccarat_bet02_101_all_pairs_incl_sentinel,round_win = game_pnl > 0 (decisive only),COMPATIBILITY_ONLY_NOT_PRODUCTION,360.9664,360.9664,168.3114,15,14,-0.46627991,,-0.46627991,-0.46627991,-168.3114,360.9664,THIN_EXPOSURE,0.0000,6.7325,4.0000,96.0000,AG03-UNRESOLVED,ALL5_LEVELS_bet23_to_bet27,6.7325,6.7325,6.7325,8.4156,8.4156,4.000000,4.000000,4.000000,5.000000,5.000000,96.000000,96.000000,96.000000,95.000000,95.000000,5.0,37.0285,33.9191,131.2829,134.3923,PENDING_AG03,FALSE,NOT_FOR_ENFORCEMENT,161.5789,346.5278,168.3114,161.5789,6.7325,0.46627991,0.44762872,6.7325,161.5789,0.44762872,6.7325,6.7325,6.7325,8.4156,8.4156,161.5789,0.44762872,37.0285,33.9191,131.2829,134.3923,0.36369833,0.3723125,0.01865120,24.0644,25.7833,12.0222,56.1038,28.0519,120.3221,4.6667,,24.0644,9.4888,13.088,39.2639,52.3519,62.1679,65.4399,13.088,-7.8528,4.75,5.0,1.838667,6,7,3,3,0E-8,0.46627991,,0E-8,0.000000,1.000000,0.000000,,2026-04-10,2026-04-15,3,6,6,6,0.500000,,,0.000000,,,,,,,,GLOBAL_BASELINE_NO_ENTITY_RANKING,,,NOT_APPLICABLE_GLOBAL_BASELINE,HF9g-P5,,,,X 全窗基线 · 不参与实体赏罚,6873751,688,A168_HF9F_20260827_0900,2026-08-27 09:00:00
2026-04-12,140316320,2101,0,59.6811768710,2.0940763814,2.0940763814,0.6000000,6,5,0.48219161000000000,0.454721750000,0.527189627356717,0.6523845248630946,0.527189627356717,0.02746986000000000,ELIGIBLE,R03b_20260811_FULL_v1,L1_ELIGIBILITY,v2026-08-11,2026-03-21..2026-08-06,baccarat_bet02_101_all_pairs_incl_sentinel,round_win = game_pnl > 0 (decisive only),COMPATIBILITY_ONLY_NOT_PRODUCTION,360.9664,360.9664,168.3114,15,14,-0.46627991,,-0.46627991,-0.46627991,-168.3114,360.9664,THIN_EXPOSURE,0.0000,6.7325,4.0000,96.0000,AG03-UNRESOLVED,ALL5_LEVELS_bet23_to_bet27,6.7325,6.7325,6.7325,8.4156,8.4156,4.000000,4.000000,4.000000,5.000000,5.000000,96.000000,96.000000,96.000000,95.000000,95.000000,5.0,37.0285,33.9191,131.2829,134.3923,PENDING_AG03,FALSE,NOT_FOR_ENFORCEMENT,161.5789,346.5278,168.3114,161.5789,6.7325,0.46627991,0.44762872,6.7325,161.5789,0.44762872,6.7325,6.7325,6.7325,8.4156,8.4156,161.5789,0.44762872,37.0285,33.9191,131.2829,134.3923,0.36369833,0.3723125,0.01865120,24.0644,25.7833,12.0222,56.1038,28.0519,120.3221,4.6667,,24.0644,9.4888,13.088,39.2639,52.3519,62.1679,65.4399,13.088,-7.8528,4.75,5.0,1.838667,6,7,3,3,0E-8,0.46627991,,0E-8,0.000000,1.000000,0.000000,,2026-04-10,2026-04-15,3,6,6,6,0.500000,,,0.000000,,,,,,,,GLOBAL_BASELINE_NO_ENTITY_RANKING,,,NOT_APPLICABLE_GLOBAL_BASELINE,HF9g-P5,,,,X 全窗基线 · 不参与实体赏罚,6873752,688,A168_HF9F_20260827_0900,2026-08-27 09:00:00
2026-04-15,140316320,2220,0,52.3519095359,-52.3519095359,-52.3519095359,0E-7,1,1,0.50665070000000000,0.506650700000,-1.013391052207602,-1.013391052207602,-1.013391052207602,0E-17,ELIGIBLE,R03b_20260811_FULL_v1,L1_ELIGIBILITY,v2026-08-11,2026-03-21..2026-08-06,baccarat_bet02_101_all_pairs_incl_sentinel,round_win = game_pnl > 0 (decisive only),COMPATIBILITY_ONLY_NOT_PRODUCTION,360.9664,360.9664,168.3114,15,14,-0.46627991,,-0.46627991,-0.46627991,-168.3114,360.9664,THIN_EXPOSURE,0.0000,6.7325,4.0000,96.0000,AG03-UNRESOLVED,ALL5_LEVELS_bet23_to_bet27,6.7325,6.7325,6.7325,8.4156,8.4156,4.000000,4.000000,4.000000,5.000000,5.000000,96.000000,96.000000,96.000000,95.000000,95.000000,5.0,37.0285,33.9191,131.2829,134.3923,PENDING_AG03,FALSE,NOT_FOR_ENFORCEMENT,161.5789,346.5278,168.3114,161.5789,6.7325,0.46627991,0.44762872,6.7325,161.5789,0.44762872,6.7325,6.7325,6.7325,8.4156,8.4156,161.5789,0.44762872,37.0285,33.9191,131.2829,134.3923,0.36369833,0.3723125,0.01865120,24.0644,25.7833,12.0222,56.1038,28.0519,120.3221,4.6667,,24.0644,9.4888,13.088,39.2639,52.3519,62.1679,65.4399,13.088,-7.8528,4.75,5.0,1.838667,6,7,3,3,0E-8,0.46627991,,0E-8,0.000000,1.000000,0.000000,,2026-04-10,2026-04-15,3,6,6,6,0.500000,,,0.000000,,,,,,,,GLOBAL_BASELINE_NO_ENTITY_RANKING,,,NOT_APPLICABLE_GLOBAL_BASELINE,HF9g-P5,,,,X 全窗基线 · 不参与实体赏罚,6873753,688,A168_HF9F_20260827_0900,2026-08-27 09:00:00
2026-04-15,140316320,752,0,183.2316833757,-52.3519095359,-52.3519095359,0.5000000,4,4,0.49324550000000000,0.493245500000,0.027020465636507562,0.027020465636507562,0.027020465636507562,0E-17,ELIGIBLE,R03b_20260811_FULL_v1,L1_ELIGIBILITY,v2026-08-11,2026-03-21..2026-08-06,baccarat_bet02_101_all_pairs_incl_sentinel,round_win = game_pnl > 0 (decisive only),COMPATIBILITY_ONLY_NOT_PRODUCTION,360.9664,360.9664,168.3114,15,14,-0.46627991,,-0.46627991,-0.46627991,-168.3114,360.9664,THIN_EXPOSURE,0.0000,6.7325,4.0000,96.0000,AG03-UNRESOLVED,ALL5_LEVELS_bet23_to_bet27,6.7325,6.7325,6.7325,8.4156,8.4156,4.000000,4.000000,4.000000,5.000000,5.000000,96.000000,96.000000,96.000000,95.000000,95.000000,5.0,37.0285,33.9191,131.2829,134.3923,PENDING_AG03,FALSE,NOT_FOR_ENFORCEMENT,161.5789,346.5278,168.3114,161.5789,6.7325,0.46627991,0.44762872,6.7325,161.5789,0.44762872,6.7325,6.7325,6.7325,8.4156,8.4156,161.5789,0.44762872,37.0285,33.9191,131.2829,134.3923,0.36369833,0.3723125,0.01865120,24.0644,25.7833,12.0222,56.1038,28.0519,120.3221,4.6667,,24.0644,9.4888,13.088,39.2639,52.3519,62.1679,65.4399,13.088,-7.8528,4.75,5.0,1.838667,6,7,3,3,0E-8,0.46627991,,0E-8,0.000000,1.000000,0.000000,,2026-04-10,2026-04-15,3,6,6,6,0.500000,,,0.000000,,,,,,,,GLOBAL_BASELINE_NO_ENTITY_RANKING,,,NOT_APPLICABLE_GLOBAL_BASELINE,HF9g-P5,,,,X 全窗基线 · 不参与实体赏罚,6873754,688,A168_HF9F_20260827_0900,2026-08-27 09:00:00
2026-04-03,148153686,2170,0,168.3113891579,-168.3113891579,-168.3113891579,0E-7,1,1,0.49324550000000000,0.493245500000,-0.9865810262130424,-0.9865810262130424,-0.9865810262130424,0E-17,ELIGIBLE,R03b_20260811_FULL_v1,L1_ELIGIBILITY,v2026-08-11,2026-03-21..2026-08-06,baccarat_bet02_101_all_pairs_incl_sentinel,round_win = game_pnl > 0 (decisive only),COMPATIBILITY_ONLY_NOT_PRODUCTION,168.3114,168.3114,168.3114,1,1,-1.00000000,,-1.00000000,-1.00000000,-168.3114,168.3114,THIN_EXPOSURE,0.0000,6.7325,4.0000,96.0000,AG03-UNRESOLVED,ALL5_LEVELS_bet23_to_bet27,6.7325,6.7325,6.7325,8.4156,8.4156,4.000000,4.000000,4.000000,5.000000,5.000000,96.000000,96.000000,96.000000,95.000000,95.000000,5.0,37.0285,33.9191,131.2829,134.3923,PENDING_AG03,FALSE,NOT_FOR_ENFORCEMENT,161.5789,161.5789,168.3114,161.5789,6.7325,1.00000000,0.96000000,6.7325,161.5789,0.96000000,6.7325,6.7325,6.7325,8.4156,8.4156,161.5789,0.96000000,37.0285,33.9191,131.2829,134.3923,0.78000000,0.79847424,0.04000000,168.3114,168.3114,168.3114,168.3114,168.3114,168.3114,1.0000,,168.3114,168.3114,168.3114,168.3114,168.3114,168.3114,168.3114,168.3114,-168.3114,1.0,1.0,1.0,1,1,1,1,0E-8,1.00000000,,0E-8,0.000000,1.000000,0.000000,,2026-04-03,2026-04-03,1,1,1,1,1.000000,,,0.000000,,,,,,,,GLOBAL_BASELINE_NO_ENTITY_RANKING,,,NOT_APPLICABLE_GLOBAL_BASELINE,HF9g-P5,,,,X 全窗基线 · 不参与实体赏罚,6873755,688,A168_HF9F_20260827_0900,2026-08-27 09:00:00
2026-04-02,146137948,-1,1,31.6235532225,31.0964940021,31.0964940021,1.0000000,3,3,0.49771390000000000,0.497713900000,1.739988277604938,1.739988277604938,1.739988277604938,0E-17,SENTINEL_DEALER,R03b_20260811_FULL_v1,L1_ELIGIBILITY,v2026-08-11,2026-03-21..2026-08-06,baccarat_bet02_101_all_pairs_incl_sentinel,round_win = game_pnl > 0 (decisive only),COMPATIBILITY_ONLY_NOT_PRODUCTION,3034.5940,2918.6790,168.3126,115,114,-0.05546462,0.11428571,-0.05790006,-0.05546462,-168.3126,3034.5940,OK,0.0000,6.7325,4.0000,96.0000,AG03-UNRESOLVED,ALL5_LEVELS_bet23_to_bet27,6.7325,6.7325,6.7325,10.0988,10.0988,4.000000,4.000000,4.000000,6.000000,6.000000,96.000000,96.000000,96.000000,94.000000,94.000000,5.0,40.3950,36.7338,127.9176,131.5788,PENDING_AG03,FALSE,NOT_FOR_ENFORCEMENT,161.5801,2801.9319,168.3126,161.5801,6.7325,0.05546462,0.05324604,6.7325,161.5801,0.05324604,6.7325,6.7325,6.7325,10.0988,10.0988,161.5801,0.05324604,40.3950,36.7338,127.9176,131.5788,0.04215311,0.04335962,0.00221858,26.3878,25.6024,1.4764,28.0521,14.0261,505.7657,19.0000,14.3073,26.7114,10.5412,10.5412,21.0824,42.1647,84.3295,187.9225,10.5412,0.0,8.0,17.827452,2.503303,9,13,6,3,0.01414422,0.05546462,-0.11428571,0E-8,0.000000,0.961802,0.000000,0.17218577,2026-04-02,2026-07-17,6,12,11,107,0.056075,0.535627,0.542195,0.047147,,,,,,,,GLOBAL_BASELINE_NO_ENTITY_RANKING,,,NOT_APPLICABLE_GLOBAL_BASELINE,HF9g-P5,,,,X 全窗基线 · 不参与实体赏罚,6873756,688,A168_HF9F_20260827_0900,2026-08-27 09:00:00
2026-04-02,146137948,1383,0,674.6358020791,132.8189235343,132.8189235343,0.6086957,25,25,0.49860758000000000,0.498607580000,1.0559317883044523,1.0559317883044526,1.0559317883044523,0E-17,ELIGIBLE,R03b_20260811_FULL_v1,L1_ELIGIBILITY,v2026-08-11,2026-03-21..2026-08-06,baccarat_bet02_101_all_pairs_incl_sentinel,round_win = game_pnl > 0 (decisive only),COMPATIBILITY_ONLY_NOT_PRODUCTION,3034.5940,2918.6790,168.3126,115,114,-0.05546462,0.11428571,-0.05790006,-0.05546462,-168.3126,3034.5940,OK,0.0000,6.7325,4.0000,96.0000,AG03-UNRESOLVED,ALL5_LEVELS_bet23_to_bet27,6.7325,6.7325,6.7325,10.0988,10.0988,4.000000,4.000000,4.000000,6.000000,6.000000,96.000000,96.000000,96.000000,94.000000,94.000000,5.0,40.3950,36.7338,127.9176,131.5788,PENDING_AG03,FALSE,NOT_FOR_ENFORCEMENT,161.5801,2801.9319,168.3126,161.5801,6.7325,0.05546462,0.05324604,6.7325,161.5801,0.05324604,6.7325,6.7325,6.7325,10.0988,10.0988,161.5801,0.05324604,40.3950,36.7338,127.9176,131.5788,0.04215311,0.04335962,0.00221858,26.3878,25.6024,1.4764,28.0521,14.0261,505.7657,19.0000,14.3073,26.7114,10.5412,10.5412,21.0824,42.1647,84.3295,187.9225,10.5412,0.0,8.0,17.827452,2.503303,9,13,6,3,0.01414422,0.05546462,-0.11428571,0E-8,0.000000,0.961802,0.000000,0.17218577,2026-04-02,2026-07-17,6,12,11,107,0.056075,0.535627,0.542195,0.047147,,,,,,,,GLOBAL_BASELINE_NO_ENTITY_RANKING,,,NOT_APPLICABLE_GLOBAL_BASELINE,HF9g-P5,,,,X 全窗基线 · 不参与实体赏罚,6873757,688,A168_HF9F_20260827_0900,2026-08-27 09:00:00
2026-04-02,146137948,595,0,432.1885607068,28.9882571205,28.9882571205,0.3333333,10,10,0.49994810000000000,0.499948100000,-0.9996886053855424,-0.9996886053855424,-0.9996886053855424,0E-17,ELIGIBLE,R03b_20260811_FULL_v1,L1_ELIGIBILITY,v2026-08-11,2026-03-21..2026-08-06,baccarat_bet02_101_all_pairs_incl_sentinel,round_win = game_pnl > 0 (decisive only),COMPATIBILITY_ONLY_NOT_PRODUCTION,3034.5940,2918.6790,168.3126,115,114,-0.05546462,0.11428571,-0.05790006,-0.05546462,-168.3126,3034.5940,OK,0.0000,6.7325,4.0000,96.0000,AG03-UNRESOLVED,ALL5_LEVELS_bet23_to_bet27,6.7325,6.7325,6.7325,10.0988,10.0988,4.000000,4.000000,4.000000,6.000000,6.000000,96.000000,96.000000,96.000000,94.000000,94.000000,5.0,40.3950,36.7338,127.9176,131.5788,PENDING_AG03,FALSE,NOT_FOR_ENFORCEMENT,161.5801,2801.9319,168.3126,161.5801,6.7325,0.05546462,0.05324604,6.7325,161.5801,0.05324604,6.7325,6.7325,6.7325,10.0988,10.0988,161.5801,0.05324604,40.3950,36.7338,127.9176,131.5788,0.04215311,0.04335962,0.00221858,26.3878,25.6024,1.4764,28.0521,14.0261,505.7657,19.0000,14.3073,26.7114,10.5412,10.5412,21.0824,42.1647,84.3295,187.9225,10.5412,0.0,8.0,17.827452,2.503303,9,13,6,3,0.01414422,0.05546462,-0.11428571,0E-8,0.000000,0.961802,0.000000,0.17218577,2026-04-02,2026-07-17,6,12,11,107,0.056075,0.535627,0.542195,0.047147,,,,,,,,GLOBAL_BASELINE_NO_ENTITY_RANKING,,,NOT_APPLICABLE_GLOBAL_BASELINE,HF9g-P5,,,,X 全窗基线 · 不参与实体赏罚,6873758,688,A168_HF9F_20260827_0900,2026-08-27 09:00:00
2026-04-03,146137948,-1,1,242.4472413723,59.0306326817,59.0306326817,0.6000000,13,13,0.50149485384615385,0.501494853846,0.6230040305087671,0.6230040305097396,0.6230040305087671,1.5385E-13,SENTINEL_DEALER,R03b_20260811_FULL_v1,L1_ELIGIBILITY,v2026-08-11,2026-03-21..2026-08-06,baccarat_bet02_101_all_pairs_incl_sentinel,round_win = game_pnl > 0 (decisive only),COMPATIBILITY_ONLY_NOT_PRODUCTION,3034.5940,2918.6790,168.3126,115,114,-0.05546462,0.11428571,-0.05790006,-0.05546462,-168.3126,3034.5940,OK,0.0000,6.7325,4.0000,96.0000,AG03-UNRESOLVED,ALL5_LEVELS_bet23_to_bet27,6.7325,6.7325,6.7325,10.0988,10.0988,4.000000,4.000000,4.000000,6.000000,6.000000,96.000000,96.000000,96.000000,94.000000,94.000000,5.0,40.3950,36.7338,127.9176,131.5788,PENDING_AG03,FALSE,NOT_FOR_ENFORCEMENT,161.5801,2801.9319,168.3126,161.5801,6.7325,0.05546462,0.05324604,6.7325,161.5801,0.05324604,6.7325,6.7325,6.7325,10.0988,10.0988,161.5801,0.05324604,40.3950,36.7338,127.9176,131.5788,0.04215311,0.04335962,0.00221858,26.3878,25.6024,1.4764,28.0521,14.0261,505.7657,19.0000,14.3073,26.7114,10.5412,10.5412,21.0824,42.1647,84.3295,187.9225,10.5412,0.0,8.0,17.827452,2.503303,9,13,6,3,0.01414422,0.05546462,-0.11428571,0E-8,0.000000,0.961802,0.000000,0.17218577,2026-04-02,2026-07-17,6,12,11,107,0.056075,0.535627,0.542195,0.047147,,,,,,,,GLOBAL_BASELINE_NO_ENTITY_RANKING,,,NOT_APPLICABLE_GLOBAL_BASELINE,HF9g-P5,,,,X 全窗基线 · 不参与实体赏罚,6873759,688,A168_HF9F_20260827_0900,2026-08-27 09:00:00
2026-04-03,146137948,1951,0,94.8706596674,72.7341724116,72.7341724116,0.8000000,5,5,0.50128862000000000,0.501288620000,1.335882339249048,1.335882339249048,1.335882339249048,0E-17,ELIGIBLE,R03b_20260811_FULL_v1,L1_ELIGIBILITY,v2026-08-11,2026-03-21..2026-08-06,baccarat_bet02_101_all_pairs_incl_sentinel,round_win = game_pnl > 0 (decisive only),COMPATIBILITY_ONLY_NOT_PRODUCTION,3034.5940,2918.6790,168.3126,115,114,-0.05546462,0.11428571,-0.05790006,-0.05546462,-168.3126,3034.5940,OK,0.0000,6.7325,4.0000,96.0000,AG03-UNRESOLVED,ALL5_LEVELS_bet23_to_bet27,6.7325,6.7325,6.7325,10.0988,10.0988,4.000000,4.000000,4.000000,6.000000,6.000000,96.000000,96.000000,96.000000,94.000000,94.000000,5.0,40.3950,36.7338,127.9176,131.5788,PENDING_AG03,FALSE,NOT_FOR_ENFORCEMENT,161.5801,2801.9319,168.3126,161.5801,6.7325,0.05546462,0.05324604,6.7325,161.5801,0.05324604,6.7325,6.7325,6.7325,10.0988,10.0988,161.5801,0.05324604,40.3950,36.7338,127.9176,131.5788,0.04215311,0.04335962,0.00221858,26.3878,25.6024,1.4764,28.0521,14.0261,505.7657,19.0000,14.3073,26.7114,10.5412,10.5412,21.0824,42.1647,84.3295,187.9225,10.5412,0.0,8.0,17.827452,2.503303,9,13,6,3,0.01414422,0.05546462,-0.11428571,0E-8,0.000000,0.961802,0.000000,0.17218577,2026-04-02,2026-07-17,6,12,11,107,0.056075,0.535627,0.542195,0.047147,,,,,,,,GLOBAL_BASELINE_NO_ENTITY_RANKING,,,NOT_APPLICABLE_GLOBAL_BASELINE,HF9g-P5,,,,X 全窗基线 · 不参与实体赏罚,6873760,688,A168_HF9F_20260827_0900,2026-08-27 09:00:00
2026-04-03,146137948,1990,0,632.4710644489,-296.2072818503,-296.2072818503,0.3750000,16,16,0.49911027500000000,0.499110275000,-0.9928837719558329,-0.9928837719558329,-0.9928837719558329,0E-17,ELIGIBLE,R03b_20260811_FULL_v1,L1_ELIGIBILITY,v2026-08-11,2026-03-21..2026-08-06,baccarat_bet02_101_all_pairs_incl_sentinel,round_win = game_pnl > 0 (decisive only),COMPATIBILITY_ONLY_NOT_PRODUCTION,3034.5940,2918.6790,168.3126,115,114,-0.05546462,0.11428571,-0.05790006,-0.05546462,-168.3126,3034.5940,OK,0.0000,6.7325,4.0000,96.0000,AG03-UNRESOLVED,ALL5_LEVELS_bet23_to_bet27,6.7325,6.7325,6.7325,10.0988,10.0988,4.000000,4.000000,4.000000,6.000000,6.000000,96.000000,96.000000,96.000000,94.000000,94.000000,5.0,40.3950,36.7338,127.9176,131.5788,PENDING_AG03,FALSE,NOT_FOR_ENFORCEMENT,161.5801,2801.9319,168.3126,161.5801,6.7325,0.05546462,0.05324604,6.7325,161.5801,0.05324604,6.7325,6.7325,6.7325,10.0988,10.0988,161.5801,0.05324604,40.3950,36.7338,127.9176,131.5788,0.04215311,0.04335962,0.00221858,26.3878,25.6024,1.4764,28.0521,14.0261,505.7657,19.0000,14.3073,26.7114,10.5412,10.5412,21.0824,42.1647,84.3295,187.9225,10.5412,0.0,8.0,17.827452,2.503303,9,13,6,3,0.01414422,0.05546462,-0.11428571,0E-8,0.000000,0.961802,0.000000,0.17218577,2026-04-02,2026-07-17,6,12,11,107,0.056075,0.535627,0.542195,0.047147,,,,,,,,GLOBAL_BASELINE_NO_ENTITY_RANKING,,,NOT_APPLICABLE_GLOBAL_BASELINE,HF9g-P5,,,,X 全窗基线 · 不参与实体赏罚,6873761,688,A168_HF9F_20260827_0900,2026-08-27 09:00:00
2026-04-03,146137948,2160,0,21.0823688150,-10.5411844075,-10.5411844075,0E-7,2,2,0.49324550000000000,0.493245500000,-0.9865810262130424,-0.9865810262130424,-0.9865810262130424,0E-17,ELIGIBLE,R03b_20260811_FULL_v1,L1_ELIGIBILITY,v2026-08-11,2026-03-21..2026-08-06,baccarat_bet02_101_all_pairs_incl_sentinel,round_win = game_pnl > 0 (decisive only),COMPATIBILITY_ONLY_NOT_PRODUCTION,3034.5940,2918.6790,168.3126,115,114,-0.05546462,0.11428571,-0.05790006,-0.05546462,-168.3126,3034.5940,OK,0.0000,6.7325,4.0000,96.0000,AG03-UNRESOLVED,ALL5_LEVELS_bet23_to_bet27,6.7325,6.7325,6.7325,10.0988,10.0988,4.000000,4.000000,4.000000,6.000000,6.000000,96.000000,96.000000,96.000000,94.000000,94.000000,5.0,40.3950,36.7338,127.9176,131.5788,PENDING_AG03,FALSE,NOT_FOR_ENFORCEMENT,161.5801,2801.9319,168.3126,161.5801,6.7325,0.05546462,0.05324604,6.7325,161.5801,0.05324604,6.7325,6.7325,6.7325,10.0988,10.0988,161.5801,0.05324604,40.3950,36.7338,127.9176,131.5788,0.04215311,0.04335962,0.00221858,26.3878,25.6024,1.4764,28.0521,14.0261,505.7657,19.0000,14.3073,26.7114,10.5412,10.5412,21.0824,42.1647,84.3295,187.9225,10.5412,0.0,8.0,17.827452,2.503303,9,13,6,3,0.01414422,0.05546462,-0.11428571,0E-8,0.000000,0.961802,0.000000,0.17218577,2026-04-02,2026-07-17,6,12,11,107,0.056075,0.535627,0.542195,0.047147,,,,,,,,GLOBAL_BASELINE_NO_ENTITY_RANKING,,,NOT_APPLICABLE_GLOBAL_BASELINE,HF9g-P5,,,,X 全窗基线 · 不参与实体赏罚,6873762,688,A168_HF9F_20260827_0900,2026-08-27 09:00:00
2026-04-24,146137948,1318,0,88.5459490230,11.3844791601,11.3844791601,0.3333333,6,6,0.50218230000000000,0.502182300000,-0.8271955028234007,-0.8271955028234007,-0.8271955028234007,0E-17,ELIGIBLE,R03b_20260811_FULL_v1,L1_ELIGIBILITY,v2026-08-11,2026-03-21..2026-08-06,baccarat_bet02_101_all_pairs_incl_sentinel,round_win = game_pnl > 0 (decisive only),COMPATIBILITY_ONLY_NOT_PRODUCTION,3034.5940,2918.6790,168.3126,115,114,-0.05546462,0.11428571,-0.05790006,-0.05546462,-168.3126,3034.5940,OK,0.0000,6.7325,4.0000,96.0000,AG03-UNRESOLVED,ALL5_LEVELS_bet23_to_bet27,6.7325,6.7325,6.7325,10.0988,10.0988,4.000000,4.000000,4.000000,6.000000,6.000000,96.000000,96.000000,96.000000,94.000000,94.000000,5.0,40.3950,36.7338,127.9176,131.5788,PENDING_AG03,FALSE,NOT_FOR_ENFORCEMENT,161.5801,2801.9319,168.3126,161.5801,6.7325,0.05546462,0.05324604,6.7325,161.5801,0.05324604,6.7325,6.7325,6.7325,10.0988,10.0988,161.5801,0.05324604,40.3950,36.7338,127.9176,131.5788,0.04215311,0.04335962,0.00221858,26.3878,25.6024,1.4764,28.0521,14.0261,505.7657,19.0000,14.3073,26.7114,10.5412,10.5412,21.0824,42.1647,84.3295,187.9225,10.5412,0.0,8.0,17.827452,2.503303,9,13,6,3,0.01414422,0.05546462,-0.11428571,0E-8,0.000000,0.961802,0.000000,0.17218577,2026-04-02,2026-07-17,6,12,11,107,0.056075,0.535627,0.542195,0.047147,,,,,,,,GLOBAL_BASELINE_NO_ENTITY_RANKING,,,NOT_APPLICABLE_GLOBAL_BASELINE,HF9g-P5,,,,X 全窗基线 · 不参与实体赏罚,6873763,688,A168_HF9F_20260827_0900,2026-08-27 09:00:00
2026-04-24,146137948,2093,0,189.7413193349,60.6118103429,60.6118103429,0.6000000,11,10,0.48599692999997794,0.479021345000,0.7213016526604222,0.7658105655844802,0.7213016526604222,0.00697558499997794,ELIGIBLE,R03b_20260811_FULL_v1,L1_ELIGIBILITY,v2026-08-11,2026-03-21..2026-08-06,baccarat_bet02_101_all_pairs_incl_sentinel,round_win = game_pnl > 0 (decisive only),COMPATIBILITY_ONLY_NOT_PRODUCTION,3034.5940,2918.6790,168.3126,115,114,-0.05546462,0.11428571,-0.05790006,-0.05546462,-168.3126,3034.5940,OK,0.0000,6.7325,4.0000,96.0000,AG03-UNRESOLVED,ALL5_LEVELS_bet23_to_bet27,6.7325,6.7325,6.7325,10.0988,10.0988,4.000000,4.000000,4.000000,6.000000,6.000000,96.000000,96.000000,96.000000,94.000000,94.000000,5.0,40.3950,36.7338,127.9176,131.5788,PENDING_AG03,FALSE,NOT_FOR_ENFORCEMENT,161.5801,2801.9319,168.3126,161.5801,6.7325,0.05546462,0.05324604,6.7325,161.5801,0.05324604,6.7325,6.7325,6.7325,10.0988,10.0988,161.5801,0.05324604,40.3950,36.7338,127.9176,131.5788,0.04215311,0.04335962,0.00221858,26.3878,25.6024,1.4764,28.0521,14.0261,505.7657,19.0000,14.3073,26.7114,10.5412,10.5412,21.0824,42.1647,84.3295,187.9225,10.5412,0.0,8.0,17.827452,2.503303,9,13,6,3,0.01414422,0.05546462,-0.11428571,0E-8,0.000000,0.961802,0.000000,0.17218577,2026-04-02,2026-07-17,6,12,11,107,0.056075,0.535627,0.542195,0.047147,,,,,,,,GLOBAL_BASELINE_NO_ENTITY_RANKING,,,NOT_APPLICABLE_GLOBAL_BASELINE,HF9g-P5,,,,X 全窗基线 · 不参与实体赏罚,6873764,688,A168_HF9F_20260827_0900,2026-08-27 09:00:00
2026-05-31,146137948,2174,0,199.5588698665,59.8676609601,59.8676609601,0.5454545,12,12,0.49994810000000000,0.499948100000,0.30185561185716514,0.30185561185716514,0.30185561185716514,0E-17,ELIGIBLE,R03b_20260811_FULL_v1,L1_ELIGIBILITY,v2026-08-11,2026-03-21..2026-08-06,baccarat_bet02_101_all_pairs_incl_sentinel,round_win = game_pnl > 0 (decisive only),COMPATIBILITY_ONLY_NOT_PRODUCTION,3034.5940,2918.6790,168.3126,115,114,-0.05546462,0.11428571,-0.05790006,-0.05546462,-168.3126,3034.5940,OK,0.0000,6.7325,4.0000,96.0000,AG03-UNRESOLVED,ALL5_LEVELS_bet23_to_bet27,6.7325,6.7325,6.7325,10.0988,10.0988,4.000000,4.000000,4.000000,6.000000,6.000000,96.000000,96.000000,96.000000,94.000000,94.000000,5.0,40.3950,36.7338,127.9176,131.5788,PENDING_AG03,FALSE,NOT_FOR_ENFORCEMENT,161.5801,2801.9319,168.3126,161.5801,6.7325,0.05546462,0.05324604,6.7325,161.5801,0.05324604,6.7325,6.7325,6.7325,10.0988,10.0988,161.5801,0.05324604,40.3950,36.7338,127.9176,131.5788,0.04215311,0.04335962,0.00221858,26.3878,25.6024,1.4764,28.0521,14.0261,505.7657,19.0000,14.3073,26.7114,10.5412,10.5412,21.0824,42.1647,84.3295,187.9225,10.5412,0.0,8.0,17.827452,2.503303,9,13,6,3,0.01414422,0.05546462,-0.11428571,0E-8,0.000000,0.961802,0.000000,0.17218577,2026-04-02,2026-07-17,6,12,11,107,0.056075,0.535627,0.542195,0.047147,,,,,,,,GLOBAL_BASELINE_NO_ENTITY_RANKING,,,NOT_APPLICABLE_GLOBAL_BASELINE,HF9g-P5,,,,X 全窗基线 · 不参与实体赏罚,6873765,688,A168_HF9F_20260827_0900,2026-08-27 09:00:00
2026-05-31,146137948,2244,0,21.0061968280,-0.5251549207,-0.5251549207,0.5000000,2,2,0.49994810000000000,0.499948100000,0.00014679536856514622,0.00014679536856514622,0.00014679536856514622,0E-17,ELIGIBLE,R03b_20260811_FULL_v1,L1_ELIGIBILITY,v2026-08-11,2026-03-21..2026-08-06,baccarat_bet02_101_all_pairs_incl_sentinel,round_win = game_pnl > 0 (decisive only),COMPATIBILITY_ONLY_NOT_PRODUCTION,3034.5940,2918.6790,168.3126,115,114,-0.05546462,0.11428571,-0.05790006,-0.05546462,-168.3126,3034.5940,OK,0.0000,6.7325,4.0000,96.0000,AG03-UNRESOLVED,ALL5_LEVELS_bet23_to_bet27,6.7325,6.7325,6.7325,10.0988,10.0988,4.000000,4.000000,4.000000,6.000000,6.000000,96.000000,96.000000,96.000000,94.000000,94.000000,5.0,40.3950,36.7338,127.9176,131.5788,PENDING_AG03,FALSE,NOT_FOR_ENFORCEMENT,161.5801,2801.9319,168.3126,161.5801,6.7325,0.05546462,0.05324604,6.7325,161.5801,0.05324604,6.7325,6.7325,6.7325,10.0988,10.0988,161.5801,0.05324604,40.3950,36.7338,127.9176,131.5788,0.04215311,0.04335962,0.00221858,26.3878,25.6024,1.4764,28.0521,14.0261,505.7657,19.0000,14.3073,26.7114,10.5412,10.5412,21.0824,42.1647,84.3295,187.9225,10.5412,0.0,8.0,17.827452,2.503303,9,13,6,3,0.01414422,0.05546462,-0.11428571,0E-8,0.000000,0.961802,0.000000,0.17218577,2026-04-02,2026-07-17,6,12,11,107,0.056075,0.535627,0.542195,0.047147,,,,,,,,GLOBAL_BASELINE_NO_ENTITY_RANKING,,,NOT_APPLICABLE_GLOBAL_BASELINE,HF9g-P5,,,,X 全窗基线 · 不参与实体赏罚,6873766,688,A168_HF9F_20260827_0900,2026-08-27 09:00:00
2026-06-03,146137948,2106,0,10.3857258584,10.3857258584,10.3857258584,1.0000000,1,1,0.49324550000000000,0.493245500000,1.01360149184955,1.01360149184955,1.01360149184955,0E-17,ELIGIBLE,R03b_20260811_FULL_v1,L1_ELIGIBILITY,v2026-08-11,2026-03-21..2026-08-06,baccarat_bet02_101_all_pairs_incl_sentinel,round_win = game_pnl > 0 (decisive only),COMPATIBILITY_ONLY_NOT_PRODUCTION,3034.5940,2918.6790,168.3126,115,114,-0.05546462,0.11428571,-0.05790006,-0.05546462,-168.3126,3034.5940,OK,0.0000,6.7325,4.0000,96.0000,AG03-UNRESOLVED,ALL5_LEVELS_bet23_to_bet27,6.7325,6.7325,6.7325,10.0988,10.0988,4.000000,4.000000,4.000000,6.000000,6.000000,96.000000,96.000000,96.000000,94.000000,94.000000,5.0,40.3950,36.7338,127.9176,131.5788,PENDING_AG03,FALSE,NOT_FOR_ENFORCEMENT,161.5801,2801.9319,168.3126,161.5801,6.7325,0.05546462,0.05324604,6.7325,161.5801,0.05324604,6.7325,6.7325,6.7325,10.0988,10.0988,161.5801,0.05324604,40.3950,36.7338,127.9176,131.5788,0.04215311,0.04335962,0.00221858,26.3878,25.6024,1.4764,28.0521,14.0261,505.7657,19.0000,14.3073,26.7114,10.5412,10.5412,21.0824,42.1647,84.3295,187.9225,10.5412,0.0,8.0,17.827452,2.503303,9,13,6,3,0.01414422,0.05546462,-0.11428571,0E-8,0.000000,0.961802,0.000000,0.17218577,2026-04-02,2026-07-17,6,12,11,107,0.056075,0.535627,0.542195,0.047147,,,,,,,,GLOBAL_BASELINE_NO_ENTITY_RANKING,,,NOT_APPLICABLE_GLOBAL_BASELINE,HF9g-P5,,,,X 全窗基线 · 不参与实体赏罚,6873767,688,A168_HF9F_20260827_0900,2026-08-27 09:00:00
2026-06-03,146137948,2130,0,353.1146791849,-332.8625137610,-332.8625137610,0.1666667,6,6,0.50218230000000000,0.502182300000,-1.6436998608832374,-1.6436998608832374,-1.6436998608832374,0E-17,ELIGIBLE,R03b_20260811_FULL_v1,L1_ELIGIBILITY,v2026-08-11,2026-03-21..2026-08-06,baccarat_bet02_101_all_pairs_incl_sentinel,round_win = game_pnl > 0 (decisive only),COMPATIBILITY_ONLY_NOT_PRODUCTION,3034.5940,2918.6790,168.3126,115,114,-0.05546462,0.11428571,-0.05790006,-0.05546462,-168.3126,3034.5940,OK,0.0000,6.7325,4.0000,96.0000,AG03-UNRESOLVED,ALL5_LEVELS_bet23_to_bet27,6.7325,6.7325,6.7325,10.0988,10.0988,4.000000,4.000000,4.000000,6.000000,6.000000,96.000000,96.000000,96.000000,94.000000,94.000000,5.0,40.3950,36.7338,127.9176,131.5788,PENDING_AG03,FALSE,NOT_FOR_ENFORCEMENT,161.5801,2801.9319,168.3126,161.5801,6.7325,0.05546462,0.05324604,6.7325,161.5801,0.05324604,6.7325,6.7325,6.7325,10.0988,10.0988,161.5801,0.05324604,40.3950,36.7338,127.9176,131.5788,0.04215311,0.04335962,0.00221858,26.3878,25.6024,1.4764,28.0521,14.0261,505.7657,19.0000,14.3073,26.7114,10.5412,10.5412,21.0824,42.1647,84.3295,187.9225,10.5412,0.0,8.0,17.827452,2.503303,9,13,6,3,0.01414422,0.05546462,-0.11428571,0E-8,0.000000,0.961802,0.000000,0.17218577,2026-04-02,2026-07-17,6,12,11,107,0.056075,0.535627,0.542195,0.047147,,,,,,,,GLOBAL_BASELINE_NO_ENTITY_RANKING,,,NOT_APPLICABLE_GLOBAL_BASELINE,HF9g-P5,,,,X 全窗基线 · 不参与实体赏罚,6873768,688,A168_HF9F_20260827_0900,2026-08-27 09:00:00
2026-07-17,146137948,752,0,42.9219637820,4.9053672894,4.9053672894,0.3333333,3,3,0.50218230000000000,0.502182300000,-0.5849155494134425,-0.5849155494134426,-0.5849155494134425,0E-17,ELIGIBLE,R03b_20260811_FULL_v1,L1_ELIGIBILITY,v2026-08-11,2026-03-21..2026-08-06,baccarat_bet02_101_all_pairs_incl_sentinel,round_win = game_pnl > 0 (decisive only),COMPATIBILITY_ONLY_NOT_PRODUCTION,3034.5940,2918.6790,168.3126,115,114,-0.05546462,0.11428571,-0.05790006,-0.05546462,-168.3126,3034.5940,OK,0.0000,6.7325,4.0000,96.0000,AG03-UNRESOLVED,ALL5_LEVELS_bet23_to_bet27,6.7325,6.7325,6.7325,10.0988,10.0988,4.000000,4.000000,4.000000,6.000000,6.000000,96.000000,96.000000,96.000000,94.000000,94.000000,5.0,40.3950,36.7338,127.9176,131.5788,PENDING_AG03,FALSE,NOT_FOR_ENFORCEMENT,161.5801,2801.9319,168.3126,161.5801,6.7325,0.05546462,0.05324604,6.7325,161.5801,0.05324604,6.7325,6.7325,6.7325,10.0988,10.0988,161.5801,0.05324604,40.3950,36.7338,127.9176,131.5788,0.04215311,0.04335962,0.00221858,26.3878,25.6024,1.4764,28.0521,14.0261,505.7657,19.0000,14.3073,26.7114,10.5412,10.5412,21.0824,42.1647,84.3295,187.9225,10.5412,0.0,8.0,17.827452,2.503303,9,13,6,3,0.01414422,0.05546462,-0.11428571,0E-8,0.000000,0.961802,0.000000,0.17218577,2026-04-02,2026-07-17,6,12,11,107,0.056075,0.535627,0.542195,0.047147,,,,,,,,GLOBAL_BASELINE_NO_ENTITY_RANKING,,,NOT_APPLICABLE_GLOBAL_BASELINE,HF9g-P5,,,,X 全窗基线 · 不参与实体赏罚,6873769,688,A168_HF9F_20260827_0900,2026-08-27 09:00:00
2026-06-27,152178044,1385,0,103.8572585838,-103.8572585838,-103.8572585838,0E-7,1,1,0.49324550000000000,0.493245500000,-0.9865810262130424,-0.9865810262130424,-0.9865810262130424,0E-17,ELIGIBLE,R03b_20260811_FULL_v1,L1_ELIGIBILITY,v2026-08-11,2026-03-21..2026-08-06,baccarat_bet02_101_all_pairs_incl_sentinel,round_win = game_pnl > 0 (decisive only),COMPATIBILITY_ONLY_NOT_PRODUCTION,166.5870,166.5870,166.5870,2,2,-1.00000000,,-1.00000000,-1.00000000,-166.5870,166.5870,THIN_EXPOSURE,0.0000,4.9976,3.0000,97.0000,AG03-UNRESOLVED,ALL5_LEVELS_bet23_to_bet27,4.9976,4.9976,4.9976,0.0000,0.0000,3.000000,3.000000,3.000000,0.000000,0.000000,97.000000,97.000000,97.000000,100.000000,100.000000,5.0,14.9928,14.5475,151.5942,152.0395,PENDING_AG03,FALSE,NOT_FOR_ENFORCEMENT,161.5894,161.5894,166.5870,161.5894,4.9976,1.00000000,0.97000000,4.9976,161.5894,0.97000000,4.9976,4.9976,4.9976,0.0000,0.0000,161.5894,0.97000000,14.9928,14.5475,151.5942,152.0395,0.91000000,0.912673,0.03000000,83.2935,83.2935,83.2935,166.5870,83.2935,166.5870,2.0000,,83.2935,62.7298,83.2935,103.8573,103.8573,103.8573,103.8573,83.2935,-83.2935,1.246883,1.246883,1.0,2,2,1,1,0E-8,1.00000000,,0E-8,0.000000,1.000000,0.000000,,2026-06-27,2026-06-27,1,2,2,1,1.000000,,,0.000000,,,,,,,,GLOBAL_BASELINE_NO_ENTITY_RANKING,,,NOT_APPLICABLE_GLOBAL_BASELINE,HF9g-P5,,,,X 全窗基线 · 不参与实体赏罚,6873770,688,A168_HF9F_20260827_0900,2026-08-27 09:00:00
2026-06-27,152178044,1509,0,62.7297841846,-62.7297841846,-62.7297841846,0E-7,1,1,0.49324550000000000,0.493245500000,-0.9865810262130424,-0.9865810262130424,-0.9865810262130424,0E-17,ELIGIBLE,R03b_20260811_FULL_v1,L1_ELIGIBILITY,v2026-08-11,2026-03-21..2026-08-06,baccarat_bet02_101_all_pairs_incl_sentinel,round_win = game_pnl > 0 (decisive only),COMPATIBILITY_ONLY_NOT_PRODUCTION,166.5870,166.5870,166.5870,2,2,-1.00000000,,-1.00000000,-1.00000000,-166.5870,166.5870,THIN_EXPOSURE,0.0000,4.9976,3.0000,97.0000,AG03-UNRESOLVED,ALL5_LEVELS_bet23_to_bet27,4.9976,4.9976,4.9976,0.0000,0.0000,3.000000,3.000000,3.000000,0.000000,0.000000,97.000000,97.000000,97.000000,100.000000,100.000000,5.0,14.9928,14.5475,151.5942,152.0395,PENDING_AG03,FALSE,NOT_FOR_ENFORCEMENT,161.5894,161.5894,166.5870,161.5894,4.9976,1.00000000,0.97000000,4.9976,161.5894,0.97000000,4.9976,4.9976,4.9976,0.0000,0.0000,161.5894,0.97000000,14.9928,14.5475,151.5942,152.0395,0.91000000,0.912673,0.03000000,83.2935,83.2935,83.2935,166.5870,83.2935,166.5870,2.0000,,83.2935,62.7298,83.2935,103.8573,103.8573,103.8573,103.8573,83.2935,-83.2935,1.246883,1.246883,1.0,2,2,1,1,0E-8,1.00000000,,0E-8,0.000000,1.000000,0.000000,,2026-06-27,2026-06-27,1,2,2,1,1.000000,,,0.000000,,,,,,,,GLOBAL_BASELINE_NO_ENTITY_RANKING,,,NOT_APPLICABLE_GLOBAL_BASELINE,HF9g-P5,,,,X 全窗基线 · 不参与实体赏罚,6873771,688,A168_HF9F_20260827_0900,2026-08-27 09:00:00
2026-06-26,151932965,1353,0,136.2913248154,16.0720901905,16.0720901905,0.5000000,4,4,0.49994810000000000,0.499948100000,0.00020760000111838688,0.00020760000111838688,0.00020760000111838688,0E-17,ELIGIBLE,R03b_20260811_FULL_v1,L1_ELIGIBILITY,v2026-08-11,2026-03-21..2026-08-06,baccarat_bet02_101_all_pairs_incl_sentinel,round_win = game_pnl > 0 (decisive only),COMPATIBILITY_ONLY_NOT_PRODUCTION,675.5982,598.4522,168.3239,16,16,-0.24914801,-1.00000000,-0.09684437,-0.24914801,-168.3239,675.5982,THIN_EXPOSURE,0.0000,6.7330,4.0000,96.0000,AG03-UNRESOLVED,ALL5_LEVELS_bet23_to_bet27,6.7330,6.7330,6.7330,6.7330,6.7330,4.000000,4.000000,4.000000,4.000000,4.000000,96.000000,96.000000,96.000000,96.000000,96.000000,5.0,33.6648,31.0772,134.6592,137.2468,PENDING_AG03,FALSE,NOT_FOR_ENFORCEMENT,161.5910,574.5141,168.3239,161.5910,6.7330,0.24914801,0.23918209,6.7330,161.5910,0.23918209,6.7330,6.7330,6.7330,6.7330,6.7330,161.5910,0.23918209,33.6648,31.0772,134.6592,137.2468,0.19931841,0.20314848,0.00996592,42.2249,37.4033,10.5202,42.0810,21.0405,168.8996,4.0000,56.9647,40.1192,25.7153,36.0015,59.1453,77.646,100.3624,109.8547,29.5726,-2.0374,2.78773,3.051393,1.172865,7,8,5,2,0.16863499,0.24914801,1.00000000,0E-8,0.000000,0.885811,0.000000,-0.90315563,2026-06-26,2026-07-18,4,8,8,23,0.173913,1.419888,1.349080,0.562117,,,,,,,,GLOBAL_BASELINE_NO_ENTITY_RANKING,,,NOT_APPLICABLE_GLOBAL_BASELINE,HF9g-P5,,,,X 全窗基线 · 不参与实体赏罚,6873772,688,A168_HF9F_20260827_0900,2026-08-27 09:00:00
2026-06-26,151932965,1990,0,51.4306886096,25.7153443048,25.7153443048,1.0000000,2,2,0.49324550000000000,0.493245500000,1.01360149184955,1.01360149184955,1.01360149184955,0E-17,ELIGIBLE,R03b_20260811_FULL_v1,L1_ELIGIBILITY,v2026-08-11,2026-03-21..2026-08-06,baccarat_bet02_101_all_pairs_incl_sentinel,round_win = game_pnl > 0 (decisive only),COMPATIBILITY_ONLY_NOT_PRODUCTION,675.5982,598.4522,168.3239,16,16,-0.24914801,-1.00000000,-0.09684437,-0.24914801,-168.3239,675.5982,THIN_EXPOSURE,0.0000,6.7330,4.0000,96.0000,AG03-UNRESOLVED,ALL5_LEVELS_bet23_to_bet27,6.7330,6.7330,6.7330,6.7330,6.7330,4.000000,4.000000,4.000000,4.000000,4.000000,96.000000,96.000000,96.000000,96.000000,96.000000,5.0,33.6648,31.0772,134.6592,137.2468,PENDING_AG03,FALSE,NOT_FOR_ENFORCEMENT,161.5910,574.5141,168.3239,161.5910,6.7330,0.24914801,0.23918209,6.7330,161.5910,0.23918209,6.7330,6.7330,6.7330,6.7330,6.7330,161.5910,0.23918209,33.6648,31.0772,134.6592,137.2468,0.19931841,0.20314848,0.00996592,42.2249,37.4033,10.5202,42.0810,21.0405,168.8996,4.0000,56.9647,40.1192,25.7153,36.0015,59.1453,77.646,100.3624,109.8547,29.5726,-2.0374,2.78773,3.051393,1.172865,7,8,5,2,0.16863499,0.24914801,1.00000000,0E-8,0.000000,0.885811,0.000000,-0.90315563,2026-06-26,2026-07-18,4,8,8,23,0.173913,1.419888,1.349080,0.562117,,,,,,,,GLOBAL_BASELINE_NO_ENTITY_RANKING,,,NOT_APPLICABLE_GLOBAL_BASELINE,HF9g-P5,,,,X 全窗基线 · 不参与实体赏罚,6873773,688,A168_HF9F_20260827_0900,2026-08-27 09:00:00
2026-06-26,151932965,2142,0,15.5577833044,15.5577833044,15.5577833044,1.0000000,1,1,0.49324550000000000,0.493245500000,1.01360149184955,1.01360149184955,1.01360149184955,0E-17,ELIGIBLE,R03b_20260811_FULL_v1,L1_ELIGIBILITY,v2026-08-11,2026-03-21..2026-08-06,baccarat_bet02_101_all_pairs_incl_sentinel,round_win = game_pnl > 0 (decisive only),COMPATIBILITY_ONLY_NOT_PRODUCTION,675.5982,598.4522,168.3239,16,16,-0.24914801,-1.00000000,-0.09684437,-0.24914801,-168.3239,675.5982,THIN_EXPOSURE,0.0000,6.7330,4.0000,96.0000,AG03-UNRESOLVED,ALL5_LEVELS_bet23_to_bet27,6.7330,6.7330,6.7330,6.7330,6.7330,4.000000,4.000000,4.000000,4.000000,4.000000,96.000000,96.000000,96.000000,96.000000,96.000000,5.0,33.6648,31.0772,134.6592,137.2468,PENDING_AG03,FALSE,NOT_FOR_ENFORCEMENT,161.5910,574.5141,168.3239,161.5910,6.7330,0.24914801,0.23918209,6.7330,161.5910,0.23918209,6.7330,6.7330,6.7330,6.7330,6.7330,161.5910,0.23918209,33.6648,31.0772,134.6592,137.2468,0.19931841,0.20314848,0.00996592,42.2249,37.4033,10.5202,42.0810,21.0405,168.8996,4.0000,56.9647,40.1192,25.7153,36.0015,59.1453,77.646,100.3624,109.8547,29.5726,-2.0374,2.78773,3.051393,1.172865,7,8,5,2,0.16863499,0.24914801,1.00000000,0E-8,0.000000,0.885811,0.000000,-0.90315563,2026-06-26,2026-07-18,4,8,8,23,0.173913,1.419888,1.349080,0.562117,,,,,,,,GLOBAL_BASELINE_NO_ENTITY_RANKING,,,NOT_APPLICABLE_GLOBAL_BASELINE,HF9g-P5,,,,X 全窗基线 · 不参与实体赏罚,6873774,688,A168_HF9F_20260827_0900,2026-08-27 09:00:00
2026-06-26,151932965,550,0,77.1460329144,24.4295770896,24.4295770896,1.0000000,2,2,0.50665070000000000,0.506650700000,0.9867858985152569,0.9867858985152569,0.9867858985152569,0E-17,ELIGIBLE,R03b_20260811_FULL_v1,L1_ELIGIBILITY,v2026-08-11,2026-03-21..2026-08-06,baccarat_bet02_101_all_pairs_incl_sentinel,round_win = game_pnl > 0 (decisive only),COMPATIBILITY_ONLY_NOT_PRODUCTION,675.5982,598.4522,168.3239,16,16,-0.24914801,-1.00000000,-0.09684437,-0.24914801,-168.3239,675.5982,THIN_EXPOSURE,0.0000,6.7330,4.0000,96.0000,AG03-UNRESOLVED,ALL5_LEVELS_bet23_to_bet27,6.7330,6.7330,6.7330,6.7330,6.7330,4.000000,4.000000,4.000000,4.000000,4.000000,96.000000,96.000000,96.000000,96.000000,96.000000,5.0,33.6648,31.0772,134.6592,137.2468,PENDING_AG03,FALSE,NOT_FOR_ENFORCEMENT,161.5910,574.5141,168.3239,161.5910,6.7330,0.24914801,0.23918209,6.7330,161.5910,0.23918209,6.7330,6.7330,6.7330,6.7330,6.7330,161.5910,0.23918209,33.6648,31.0772,134.6592,137.2468,0.19931841,0.20314848,0.00996592,42.2249,37.4033,10.5202,42.0810,21.0405,168.8996,4.0000,56.9647,40.1192,25.7153,36.0015,59.1453,77.646,100.3624,109.8547,29.5726,-2.0374,2.78773,3.051393,1.172865,7,8,5,2,0.16863499,0.24914801,1.00000000,0E-8,0.000000,0.885811,0.000000,-0.90315563,2026-06-26,2026-07-18,4,8,8,23,0.173913,1.419888,1.349080,0.562117,,,,,,,,GLOBAL_BASELINE_NO_ENTITY_RANKING,,,NOT_APPLICABLE_GLOBAL_BASELINE,HF9g-P5,,,,X 全窗基线 · 不参与实体赏罚,6873775,688,A168_HF9F_20260827_0900,2026-08-27 09:00:00
2026-06-26,151932965,772,0,269.0411324132,-123.9675032108,-123.9675032108,0.2500000,4,4,0.49659680000000000,0.496596800000,-0.9864100490137353,-0.9864100490137354,-0.9864100490137353,0E-17,ELIGIBLE,R03b_20260811_FULL_v1,L1_ELIGIBILITY,v2026-08-11,2026-03-21..2026-08-06,baccarat_bet02_101_all_pairs_incl_sentinel,round_win = game_pnl > 0 (decisive only),COMPATIBILITY_ONLY_NOT_PRODUCTION,675.5982,598.4522,168.3239,16,16,-0.24914801,-1.00000000,-0.09684437,-0.24914801,-168.3239,675.5982,THIN_EXPOSURE,0.0000,6.7330,4.0000,96.0000,AG03-UNRESOLVED,ALL5_LEVELS_bet23_to_bet27,6.7330,6.7330,6.7330,6.7330,6.7330,4.000000,4.000000,4.000000,4.000000,4.000000,96.000000,96.000000,96.000000,96.000000,96.000000,5.0,33.6648,31.0772,134.6592,137.2468,PENDING_AG03,FALSE,NOT_FOR_ENFORCEMENT,161.5910,574.5141,168.3239,161.5910,6.7330,0.24914801,0.23918209,6.7330,161.5910,0.23918209,6.7330,6.7330,6.7330,6.7330,6.7330,161.5910,0.23918209,33.6648,31.0772,134.6592,137.2468,0.19931841,0.20314848,0.00996592,42.2249,37.4033,10.5202,42.0810,21.0405,168.8996,4.0000,56.9647,40.1192,25.7153,36.0015,59.1453,77.646,100.3624,109.8547,29.5726,-2.0374,2.78773,3.051393,1.172865,7,8,5,2,0.16863499,0.24914801,1.00000000,0E-8,0.000000,0.885811,0.000000,-0.90315563,2026-06-26,2026-07-18,4,8,8,23,0.173913,1.419888,1.349080,0.562117,,,,,,,,GLOBAL_BASELINE_NO_ENTITY_RANKING,,,NOT_APPLICABLE_GLOBAL_BASELINE,HF9g-P5,,,,X 全窗基线 · 不参与实体赏罚,6873776,688,A168_HF9F_20260827_0900,2026-08-27 09:00:00
2026-07-02,151932965,1385,0,12.2017432685,-12.2017432685,-12.2017432685,0E-7,1,1,0.50665070000000000,0.506650700000,-1.013391052207602,-1.013391052207602,-1.013391052207602,0E-17,ELIGIBLE,R03b_20260811_FULL_v1,L1_ELIGIBILITY,v2026-08-11,2026-03-21..2026-08-06,baccarat_bet02_101_all_pairs_incl_sentinel,round_win = game_pnl > 0 (decisive only),COMPATIBILITY_ONLY_NOT_PRODUCTION,675.5982,598.4522,168.3239,16,16,-0.24914801,-1.00000000,-0.09684437,-0.24914801,-168.3239,675.5982,THIN_EXPOSURE,0.0000,6.7330,4.0000,96.0000,AG03-UNRESOLVED,ALL5_LEVELS_bet23_to_bet27,6.7330,6.7330,6.7330,6.7330,6.7330,4.000000,4.000000,4.000000,4.000000,4.000000,96.000000,96.000000,96.000000,96.000000,96.000000,5.0,33.6648,31.0772,134.6592,137.2468,PENDING_AG03,FALSE,NOT_FOR_ENFORCEMENT,161.5910,574.5141,168.3239,161.5910,6.7330,0.24914801,0.23918209,6.7330,161.5910,0.23918209,6.7330,6.7330,6.7330,6.7330,6.7330,161.5910,0.23918209,33.6648,31.0772,134.6592,137.2468,0.19931841,0.20314848,0.00996592,42.2249,37.4033,10.5202,42.0810,21.0405,168.8996,4.0000,56.9647,40.1192,25.7153,36.0015,59.1453,77.646,100.3624,109.8547,29.5726,-2.0374,2.78773,3.051393,1.172865,7,8,5,2,0.16863499,0.24914801,1.00000000,0E-8,0.000000,0.885811,0.000000,-0.90315563,2026-06-26,2026-07-18,4,8,8,23,0.173913,1.419888,1.349080,0.562117,,,,,,,,GLOBAL_BASELINE_NO_ENTITY_RANKING,,,NOT_APPLICABLE_GLOBAL_BASELINE,HF9g-P5,,,,X 全窗基线 · 不参与实体赏罚,6873777,688,A168_HF9F_20260827_0900,2026-08-27 09:00:00
2026-07-15,151932965,1318,0,4.0748209730,-4.0748209730,-4.0748209730,0E-7,1,1,0.49324550000000000,0.493245500000,-0.9865810262130424,-0.9865810262130424,-0.9865810262130424,0E-17,ELIGIBLE,R03b_20260811_FULL_v1,L1_ELIGIBILITY,v2026-08-11,2026-03-21..2026-08-06,baccarat_bet02_101_all_pairs_incl_sentinel,round_win = game_pnl > 0 (decisive only),COMPATIBILITY_ONLY_NOT_PRODUCTION,675.5982,598.4522,168.3239,16,16,-0.24914801,-1.00000000,-0.09684437,-0.24914801,-168.3239,675.5982,THIN_EXPOSURE,0.0000,6.7330,4.0000,96.0000,AG03-UNRESOLVED,ALL5_LEVELS_bet23_to_bet27,6.7330,6.7330,6.7330,6.7330,6.7330,4.000000,4.000000,4.000000,4.000000,4.000000,96.000000,96.000000,96.000000,96.000000,96.000000,5.0,33.6648,31.0772,134.6592,137.2468,PENDING_AG03,FALSE,NOT_FOR_ENFORCEMENT,161.5910,574.5141,168.3239,161.5910,6.7330,0.24914801,0.23918209,6.7330,161.5910,0.23918209,6.7330,6.7330,6.7330,6.7330,6.7330,161.5910,0.23918209,33.6648,31.0772,134.6592,137.2468,0.19931841,0.20314848,0.00996592,42.2249,37.4033,10.5202,42.0810,21.0405,168.8996,4.0000,56.9647,40.1192,25.7153,36.0015,59.1453,77.646,100.3624,109.8547,29.5726,-2.0374,2.78773,3.051393,1.172865,7,8,5,2,0.16863499,0.24914801,1.00000000,0E-8,0.000000,0.885811,0.000000,-0.90315563,2026-06-26,2026-07-18,4,8,8,23,0.173913,1.419888,1.349080,0.562117,,,,,,,,GLOBAL_BASELINE_NO_ENTITY_RANKING,,,NOT_APPLICABLE_GLOBAL_BASELINE,HF9g-P5,,,,X 全窗基线 · 不参与实体赏罚,6873778,688,A168_HF9F_20260827_0900,2026-08-27 09:00:00
2026-07-18,151932965,2093,0,109.8546742712,-109.8546742712,-109.8546742712,0E-7,1,1,0.49324550000000000,0.493245500000,-0.9865810262130424,-0.9865810262130424,-0.9865810262130424,0E-17,ELIGIBLE,R03b_20260811_FULL_v1,L1_ELIGIBILITY,v2026-08-11,2026-03-21..2026-08-06,baccarat_bet02_101_all_pairs_incl_sentinel,round_win = game_pnl > 0 (decisive only),COMPATIBILITY_ONLY_NOT_PRODUCTION,675.5982,598.4522,168.3239,16,16,-0.24914801,-1.00000000,-0.09684437,-0.24914801,-168.3239,675.5982,THIN_EXPOSURE,0.0000,6.7330,4.0000,96.0000,AG03-UNRESOLVED,ALL5_LEVELS_bet23_to_bet27,6.7330,6.7330,6.7330,6.7330,6.7330,4.000000,4.000000,4.000000,4.000000,4.000000,96.000000,96.000000,96.000000,96.000000,96.000000,5.0,33.6648,31.0772,134.6592,137.2468,PENDING_AG03,FALSE,NOT_FOR_ENFORCEMENT,161.5910,574.5141,168.3239,161.5910,6.7330,0.24914801,0.23918209,6.7330,161.5910,0.23918209,6.7330,6.7330,6.7330,6.7330,6.7330,161.5910,0.23918209,33.6648,31.0772,134.6592,137.2468,0.19931841,0.20314848,0.00996592,42.2249,37.4033,10.5202,42.0810,21.0405,168.8996,4.0000,56.9647,40.1192,25.7153,36.0015,59.1453,77.646,100.3624,109.8547,29.5726,-2.0374,2.78773,3.051393,1.172865,7,8,5,2,0.16863499,0.24914801,1.00000000,0E-8,0.000000,0.885811,0.000000,-0.90315563,2026-06-26,2026-07-18,4,8,8,23,0.173913,1.419888,1.349080,0.562117,,,,,,,,GLOBAL_BASELINE_NO_ENTITY_RANKING,,,NOT_APPLICABLE_GLOBAL_BASELINE,HF9g-P5,,,,X 全窗基线 · 不参与实体赏罚,6873779,688,A168_HF9F_20260827_0900,2026-08-27 09:00:00
2026-04-04,148203172,2224,0,264.3771431563,264.3771431563,264.3771431563,1.0000000,1,1,0.49324550000000000,0.493245500000,1.01360149184955,1.01360149184955,1.01360149184955,0E-17,ELIGIBLE,R03b_20260811_FULL_v1,L1_ELIGIBILITY,v2026-08-11,2026-03-21..2026-08-06,baccarat_bet02_101_all_pairs_incl_sentinel,round_win = game_pnl > 0 (decisive only),COMPATIBILITY_ONLY_NOT_PRODUCTION,22272.0729,20343.9520,168.3245,59,47,-0.00755765,,-0.00755765,-0.00755765,-168.3245,22272.0729,OK,0.0000,6.7330,4.0000,96.0000,AG03-UNRESOLVED,ALL5_LEVELS_bet23_to_bet27,6.7330,6.7330,8.4162,8.4162,8.4162,4.000000,4.000000,5.000000,5.000000,5.000000,96.000000,96.000000,95.000000,95.000000,95.000000,5.0,38.7146,35.3217,129.6098,133.0027,PENDING_AG03,FALSE,NOT_FOR_ENFORCEMENT,161.5915,19530.1940,168.3245,161.5915,6.7330,0.00755765,0.00725534,6.7330,161.5915,0.00725534,6.7330,6.7330,8.4162,8.4162,8.4162,161.5915,0.00725534,38.7146,35.3217,129.6098,133.0027,0.00581939,0.00597173,0.00030231,377.4928,432.8500,3.5814,24.0464,4.6757,3181.7247,6.7143,,377.4928,88.9982,392.6393,654.3989,785.2786,785.2786,785.2786,274.8475,-5.2352,2.0,2.0,0.961424,16,26,10,5,0E-8,0.00755765,,0E-8,0.000000,0.913429,0.000000,,2026-04-04,2026-04-28,7,36,28,25,0.280000,,,0.000000,,,,,,,,GLOBAL_BASELINE_NO_ENTITY_RANKING,,,NOT_APPLICABLE_GLOBAL_BASELINE,HF9g-P5,,,,X 全窗基线 · 不参与实体赏罚,6873780,688,A168_HF9F_20260827_0900,2026-08-27 09:00:00
2026-04-04,148203172,970,0,266.9947386331,-266.9947386331,-266.9947386331,0E-7,1,1,0.50665070000000000,0.506650700000,-1.013391052207602,-1.013391052207602,-1.013391052207602,0E-17,ELIGIBLE,R03b_20260811_FULL_v1,L1_ELIGIBILITY,v2026-08-11,2026-03-21..2026-08-06,baccarat_bet02_101_all_pairs_incl_sentinel,round_win = game_pnl > 0 (decisive only),COMPATIBILITY_ONLY_NOT_PRODUCTION,22272.0729,20343.9520,168.3245,59,47,-0.00755765,,-0.00755765,-0.00755765,-168.3245,22272.0729,OK,0.0000,6.7330,4.0000,96.0000,AG03-UNRESOLVED,ALL5_LEVELS_bet23_to_bet27,6.7330,6.7330,8.4162,8.4162,8.4162,4.000000,4.000000,5.000000,5.000000,5.000000,96.000000,96.000000,95.000000,95.000000,95.000000,5.0,38.7146,35.3217,129.6098,133.0027,PENDING_AG03,FALSE,NOT_FOR_ENFORCEMENT,161.5915,19530.1940,168.3245,161.5915,6.7330,0.00755765,0.00725534,6.7330,161.5915,0.00725534,6.7330,6.7330,8.4162,8.4162,8.4162,161.5915,0.00725534,38.7146,35.3217,129.6098,133.0027,0.00581939,0.00597173,0.00030231,377.4928,432.8500,3.5814,24.0464,4.6757,3181.7247,6.7143,,377.4928,88.9982,392.6393,654.3989,785.2786,785.2786,785.2786,274.8475,-5.2352,2.0,2.0,0.961424,16,26,10,5,0E-8,0.00755765,,0E-8,0.000000,0.913429,0.000000,,2026-04-04,2026-04-28,7,36,28,25,0.280000,,,0.000000,,,,,,,,GLOBAL_BASELINE_NO_ENTITY_RANKING,,,NOT_APPLICABLE_GLOBAL_BASELINE,HF9g-P5,,,,X 全窗基线 · 不参与实体赏罚,6873781,688,A168_HF9F_20260827_0900,2026-08-27 09:00:00
2026-04-09,148203172,1507,0,132.7120906735,-132.7120906735,-132.7120906735,0E-7,1,1,0.50665070000000000,0.506650700000,-1.013391052207602,-1.013391052207602,-1.013391052207602,0E-17,ELIGIBLE,R03b_20260811_FULL_v1,L1_ELIGIBILITY,v2026-08-11,2026-03-21..2026-08-06,baccarat_bet02_101_all_pairs_incl_sentinel,round_win = game_pnl > 0 (decisive only),COMPATIBILITY_ONLY_NOT_PRODUCTION,22272.0729,20343.9520,168.3245,59,47,-0.00755765,,-0.00755765,-0.00755765,-168.3245,22272.0729,OK,0.0000,6.7330,4.0000,96.0000,AG03-UNRESOLVED,ALL5_LEVELS_bet23_to_bet27,6.7330,6.7330,8.4162,8.4162,8.4162,4.000000,4.000000,5.000000,5.000000,5.000000,96.000000,96.000000,95.000000,95.000000,95.000000,5.0,38.7146,35.3217,129.6098,133.0027,PENDING_AG03,FALSE,NOT_FOR_ENFORCEMENT,161.5915,19530.1940,168.3245,161.5915,6.7330,0.00755765,0.00725534,6.7330,161.5915,0.00725534,6.7330,6.7330,8.4162,8.4162,8.4162,161.5915,0.00725534,38.7146,35.3217,129.6098,133.0027,0.00581939,0.00597173,0.00030231,377.4928,432.8500,3.5814,24.0464,4.6757,3181.7247,6.7143,,377.4928,88.9982,392.6393,654.3989,785.2786,785.2786,785.2786,274.8475,-5.2352,2.0,2.0,0.961424,16,26,10,5,0E-8,0.00755765,,0E-8,0.000000,0.913429,0.000000,,2026-04-04,2026-04-28,7,36,28,25,0.280000,,,0.000000,,,,,,,,GLOBAL_BASELINE_NO_ENTITY_RANKING,,,NOT_APPLICABLE_GLOBAL_BASELINE,HF9g-P5,,,,X 全窗基线 · 不参与实体赏罚,6873782,688,A168_HF9F_20260827_0900,2026-08-27 09:00:00
2026-04-09,148203172,2196,0,120.9329110279,114.8862654765,114.8862654765,1.0000000,1,1,0.50665070000000000,0.506650700000,0.9867858985152569,0.9867858985152569,0.9867858985152569,0E-17,ELIGIBLE,R03b_20260811_FULL_v1,L1_ELIGIBILITY,v2026-08-11,2026-03-21..2026-08-06,baccarat_bet02_101_all_pairs_incl_sentinel,round_win = game_pnl > 0 (decisive only),COMPATIBILITY_ONLY_NOT_PRODUCTION,22272.0729,20343.9520,168.3245,59,47,-0.00755765,,-0.00755765,-0.00755765,-168.3245,22272.0729,OK,0.0000,6.7330,4.0000,96.0000,AG03-UNRESOLVED,ALL5_LEVELS_bet23_to_bet27,6.7330,6.7330,8.4162,8.4162,8.4162,4.000000,4.000000,5.000000,5.000000,5.000000,96.000000,96.000000,95.000000,95.000000,95.000000,5.0,38.7146,35.3217,129.6098,133.0027,PENDING_AG03,FALSE,NOT_FOR_ENFORCEMENT,161.5915,19530.1940,168.3245,161.5915,6.7330,0.00755765,0.00725534,6.7330,161.5915,0.00725534,6.7330,6.7330,8.4162,8.4162,8.4162,161.5915,0.00725534,38.7146,35.3217,129.6098,133.0027,0.00581939,0.00597173,0.00030231,377.4928,432.8500,3.5814,24.0464,4.6757,3181.7247,6.7143,,377.4928,88.9982,392.6393,654.3989,785.2786,785.2786,785.2786,274.8475,-5.2352,2.0,2.0,0.961424,16,26,10,5,0E-8,0.00755765,,0E-8,0.000000,0.913429,0.000000,,2026-04-04,2026-04-28,7,36,28,25,0.280000,,,0.000000,,,,,,,,GLOBAL_BASELINE_NO_ENTITY_RANKING,,,NOT_APPLICABLE_GLOBAL_BASELINE,HF9g-P5,,,,X 全窗基线 · 不参与实体赏罚,6873783,688,A168_HF9F_20260827_0900,2026-08-27 09:00:00
2026-04-09,148203172,2233,0,102.0862235950,0E-10,0E-10,,1,1,0.49324550000000000,0.493245500000,,,,0E-17,NO_DECISIVE_ROUND,R03b_20260811_FULL_v1,L1_ELIGIBILITY,v2026-08-11,2026-03-21..2026-08-06,baccarat_bet02_101_all_pairs_incl_sentinel,round_win = game_pnl > 0 (decisive only),COMPATIBILITY_ONLY_NOT_PRODUCTION,22272.0729,20343.9520,168.3245,59,47,-0.00755765,,-0.00755765,-0.00755765,-168.3245,22272.0729,OK,0.0000,6.7330,4.0000,96.0000,AG03-UNRESOLVED,ALL5_LEVELS_bet23_to_bet27,6.7330,6.7330,8.4162,8.4162,8.4162,4.000000,4.000000,5.000000,5.000000,5.000000,96.000000,96.000000,95.000000,95.000000,95.000000,5.0,38.7146,35.3217,129.6098,133.0027,PENDING_AG03,FALSE,NOT_FOR_ENFORCEMENT,161.5915,19530.1940,168.3245,161.5915,6.7330,0.00755765,0.00725534,6.7330,161.5915,0.00725534,6.7330,6.7330,8.4162,8.4162,8.4162,161.5915,0.00725534,38.7146,35.3217,129.6098,133.0027,0.00581939,0.00597173,0.00030231,377.4928,432.8500,3.5814,24.0464,4.6757,3181.7247,6.7143,,377.4928,88.9982,392.6393,654.3989,785.2786,785.2786,785.2786,274.8475,-5.2352,2.0,2.0,0.961424,16,26,10,5,0E-8,0.00755765,,0E-8,0.000000,0.913429,0.000000,,2026-04-04,2026-04-28,7,36,28,25,0.280000,,,0.000000,,,,,,,,GLOBAL_BASELINE_NO_ENTITY_RANKING,,,NOT_APPLICABLE_GLOBAL_BASELINE,HF9g-P5,,,,X 全窗基线 · 不参与实体赏罚,6873784,688,A168_HF9F_20260827_0900,2026-08-27 09:00:00
2026-04-10,148203172,-1,1,62.8222914431,59.6811768709,59.6811768709,1.0000000,1,1,0.50665070000000000,0.506650700000,0.9867858985152569,0.9867858985152569,0.9867858985152569,0E-17,SENTINEL_DEALER,R03b_20260811_FULL_v1,L1_ELIGIBILITY,v2026-08-11,2026-03-21..2026-08-06,baccarat_bet02_101_all_pairs_incl_sentinel,round_win = game_pnl > 0 (decisive only),COMPATIBILITY_ONLY_NOT_PRODUCTION,22272.0729,20343.9520,168.3245,59,47,-0.00755765,,-0.00755765,-0.00755765,-168.3245,22272.0729,OK,0.0000,6.7330,4.0000,96.0000,AG03-UNRESOLVED,ALL5_LEVELS_bet23_to_bet27,6.7330,6.7330,8.4162,8.4162,8.4162,4.000000,4.000000,5.000000,5.000000,5.000000,96.000000,96.000000,95.000000,95.000000,95.000000,5.0,38.7146,35.3217,129.6098,133.0027,PENDING_AG03,FALSE,NOT_FOR_ENFORCEMENT,161.5915,19530.1940,168.3245,161.5915,6.7330,0.00755765,0.00725534,6.7330,161.5915,0.00725534,6.7330,6.7330,8.4162,8.4162,8.4162,161.5915,0.00725534,38.7146,35.3217,129.6098,133.0027,0.00581939,0.00597173,0.00030231,377.4928,432.8500,3.5814,24.0464,4.6757,3181.7247,6.7143,,377.4928,88.9982,392.6393,654.3989,785.2786,785.2786,785.2786,274.8475,-5.2352,2.0,2.0,0.961424,16,26,10,5,0E-8,0.00755765,,0E-8,0.000000,0.913429,0.000000,,2026-04-04,2026-04-28,7,36,28,25,0.280000,,,0.000000,,,,,,,,GLOBAL_BASELINE_NO_ENTITY_RANKING,,,NOT_APPLICABLE_GLOBAL_BASELINE,HF9g-P5,,,,X 全窗基线 · 不参与实体赏罚,6873785,688,A168_HF9F_20260827_0900,2026-08-27 09:00:00
2026-04-10,148203172,1221,0,65.4398869199,65.4398869199,65.4398869199,1.0000000,1,1,0.49324550000000000,0.493245500000,1.01360149184955,1.01360149184955,1.01360149184955,0E-17,ELIGIBLE,R03b_20260811_FULL_v1,L1_ELIGIBILITY,v2026-08-11,2026-03-21..2026-08-06,baccarat_bet02_101_all_pairs_incl_sentinel,round_win = game_pnl > 0 (decisive only),COMPATIBILITY_ONLY_NOT_PRODUCTION,22272.0729,20343.9520,168.3245,59,47,-0.00755765,,-0.00755765,-0.00755765,-168.3245,22272.0729,OK,0.0000,6.7330,4.0000,96.0000,AG03-UNRESOLVED,ALL5_LEVELS_bet23_to_bet27,6.7330,6.7330,8.4162,8.4162,8.4162,4.000000,4.000000,5.000000,5.000000,5.000000,96.000000,96.000000,95.000000,95.000000,95.000000,5.0,38.7146,35.3217,129.6098,133.0027,PENDING_AG03,FALSE,NOT_FOR_ENFORCEMENT,161.5915,19530.1940,168.3245,161.5915,6.7330,0.00755765,0.00725534,6.7330,161.5915,0.00725534,6.7330,6.7330,8.4162,8.4162,8.4162,161.5915,0.00725534,38.7146,35.3217,129.6098,133.0027,0.00581939,0.00597173,0.00030231,377.4928,432.8500,3.5814,24.0464,4.6757,3181.7247,6.7143,,377.4928,88.9982,392.6393,654.3989,785.2786,785.2786,785.2786,274.8475,-5.2352,2.0,2.0,0.961424,16,26,10,5,0E-8,0.00755765,,0E-8,0.000000,0.913429,0.000000,,2026-04-04,2026-04-28,7,36,28,25,0.280000,,,0.000000,,,,,,,,GLOBAL_BASELINE_NO_ENTITY_RANKING,,,NOT_APPLICABLE_GLOBAL_BASELINE,HF9g-P5,,,,X 全窗基线 · 不参与实体赏罚,6873786,688,A168_HF9F_20260827_0900,2026-08-27 09:00:00
2026-04-11,148203172,-1,1,287.9355024475,261.7595476795,261.7595476795,1.0000000,2,1,0.47422008181814878,0.283965900000,1.0529603715163083,1.587938788024013,1.0529603715163083,0.19025418181814878,SENTINEL_DEALER,R03b_20260811_FULL_v1,L1_ELIGIBILITY,v2026-08-11,2026-03-21..2026-08-06,baccarat_bet02_101_all_pairs_incl_sentinel,round_win = game_pnl > 0 (decisive only),COMPATIBILITY_ONLY_NOT_PRODUCTION,22272.0729,20343.9520,168.3245,59,47,-0.00755765,,-0.00755765,-0.00755765,-168.3245,22272.0729,OK,0.0000,6.7330,4.0000,96.0000,AG03-UNRESOLVED,ALL5_LEVELS_bet23_to_bet27,6.7330,6.7330,8.4162,8.4162,8.4162,4.000000,4.000000,5.000000,5.000000,5.000000,96.000000,96.000000,95.000000,95.000000,95.000000,5.0,38.7146,35.3217,129.6098,133.0027,PENDING_AG03,FALSE,NOT_FOR_ENFORCEMENT,161.5915,19530.1940,168.3245,161.5915,6.7330,0.00755765,0.00725534,6.7330,161.5915,0.00725534,6.7330,6.7330,8.4162,8.4162,8.4162,161.5915,0.00725534,38.7146,35.3217,129.6098,133.0027,0.00581939,0.00597173,0.00030231,377.4928,432.8500,3.5814,24.0464,4.6757,3181.7247,6.7143,,377.4928,88.9982,392.6393,654.3989,785.2786,785.2786,785.2786,274.8475,-5.2352,2.0,2.0,0.961424,16,26,10,5,0E-8,0.00755765,,0E-8,0.000000,0.913429,0.000000,,2026-04-04,2026-04-28,7,36,28,25,0.280000,,,0.000000,,,,,,,,GLOBAL_BASELINE_NO_ENTITY_RANKING,,,NOT_APPLICABLE_GLOBAL_BASELINE,HF9g-P5,,,,X 全窗基线 · 不参与实体赏罚,6873787,688,A168_HF9F_20260827_0900,2026-08-27 09:00:00
2026-04-11,148203172,1078,0,523.5190953590,497.3431405911,497.3431405911,1.0000000,1,1,0.50665070000000000,0.506650700000,0.9867858985152569,0.9867858985152569,0.9867858985152569,0E-17,ELIGIBLE,R03b_20260811_FULL_v1,L1_ELIGIBILITY,v2026-08-11,2026-03-21..2026-08-06,baccarat_bet02_101_all_pairs_incl_sentinel,round_win = game_pnl > 0 (decisive only),COMPATIBILITY_ONLY_NOT_PRODUCTION,22272.0729,20343.9520,168.3245,59,47,-0.00755765,,-0.00755765,-0.00755765,-168.3245,22272.0729,OK,0.0000,6.7330,4.0000,96.0000,AG03-UNRESOLVED,ALL5_LEVELS_bet23_to_bet27,6.7330,6.7330,8.4162,8.4162,8.4162,4.000000,4.000000,5.000000,5.000000,5.000000,96.000000,96.000000,95.000000,95.000000,95.000000,5.0,38.7146,35.3217,129.6098,133.0027,PENDING_AG03,FALSE,NOT_FOR_ENFORCEMENT,161.5915,19530.1940,168.3245,161.5915,6.7330,0.00755765,0.00725534,6.7330,161.5915,0.00725534,6.7330,6.7330,8.4162,8.4162,8.4162,161.5915,0.00725534,38.7146,35.3217,129.6098,133.0027,0.00581939,0.00597173,0.00030231,377.4928,432.8500,3.5814,24.0464,4.6757,3181.7247,6.7143,,377.4928,88.9982,392.6393,654.3989,785.2786,785.2786,785.2786,274.8475,-5.2352,2.0,2.0,0.961424,16,26,10,5,0E-8,0.00755765,,0E-8,0.000000,0.913429,0.000000,,2026-04-04,2026-04-28,7,36,28,25,0.280000,,,0.000000,,,,,,,,GLOBAL_BASELINE_NO_ENTITY_RANKING,,,NOT_APPLICABLE_GLOBAL_BASELINE,HF9g-P5,,,,X 全窗基线 · 不参与实体赏罚,6873788,688,A168_HF9F_20260827_0900,2026-08-27 09:00:00
2026-04-11,148203172,1109,0,117.7917964558,-117.7917964558,-117.7917964558,0E-7,1,1,0.50665070000000000,0.506650700000,-1.013391052207602,-1.013391052207602,-1.013391052207602,0E-17,ELIGIBLE,R03b_20260811_FULL_v1,L1_ELIGIBILITY,v2026-08-11,2026-03-21..2026-08-06,baccarat_bet02_101_all_pairs_incl_sentinel,round_win = game_pnl > 0 (decisive only),COMPATIBILITY_ONLY_NOT_PRODUCTION,22272.0729,20343.9520,168.3245,59,47,-0.00755765,,-0.00755765,-0.00755765,-168.3245,22272.0729,OK,0.0000,6.7330,4.0000,96.0000,AG03-UNRESOLVED,ALL5_LEVELS_bet23_to_bet27,6.7330,6.7330,8.4162,8.4162,8.4162,4.000000,4.000000,5.000000,5.000000,5.000000,96.000000,96.000000,95.000000,95.000000,95.000000,5.0,38.7146,35.3217,129.6098,133.0027,PENDING_AG03,FALSE,NOT_FOR_ENFORCEMENT,161.5915,19530.1940,168.3245,161.5915,6.7330,0.00755765,0.00725534,6.7330,161.5915,0.00725534,6.7330,6.7330,8.4162,8.4162,8.4162,161.5915,0.00725534,38.7146,35.3217,129.6098,133.0027,0.00581939,0.00597173,0.00030231,377.4928,432.8500,3.5814,24.0464,4.6757,3181.7247,6.7143,,377.4928,88.9982,392.6393,654.3989,785.2786,785.2786,785.2786,274.8475,-5.2352,2.0,2.0,0.961424,16,26,10,5,0E-8,0.00755765,,0E-8,0.000000,0.913429,0.000000,,2026-04-04,2026-04-28,7,36,28,25,0.280000,,,0.000000,,,,,,,,GLOBAL_BASELINE_NO_ENTITY_RANKING,,,NOT_APPLICABLE_GLOBAL_BASELINE,HF9g-P5,,,,X 全窗基线 · 不参与实体赏罚,6873789,688,A168_HF9F_20260827_0900,2026-08-27 09:00:00
2026-04-11,148203172,2069,0,588.9589822790,-588.9589822790,-588.9589822790,0E-7,3,2,0.49319714516127868,0.395308300000,-1.3951013165223203,-1.1434467924800245,-1.3951013165223203,0.09788884516127868,ELIGIBLE,R03b_20260811_FULL_v1,L1_ELIGIBILITY,v2026-08-11,2026-03-21..2026-08-06,baccarat_bet02_101_all_pairs_incl_sentinel,round_win = game_pnl > 0 (decisive only),COMPATIBILITY_ONLY_NOT_PRODUCTION,22272.0729,20343.9520,168.3245,59,47,-0.00755765,,-0.00755765,-0.00755765,-168.3245,22272.0729,OK,0.0000,6.7330,4.0000,96.0000,AG03-UNRESOLVED,ALL5_LEVELS_bet23_to_bet27,6.7330,6.7330,8.4162,8.4162,8.4162,4.000000,4.000000,5.000000,5.000000,5.000000,96.000000,96.000000,95.000000,95.000000,95.000000,5.0,38.7146,35.3217,129.6098,133.0027,PENDING_AG03,FALSE,NOT_FOR_ENFORCEMENT,161.5915,19530.1940,168.3245,161.5915,6.7330,0.00755765,0.00725534,6.7330,161.5915,0.00725534,6.7330,6.7330,8.4162,8.4162,8.4162,161.5915,0.00725534,38.7146,35.3217,129.6098,133.0027,0.00581939,0.00597173,0.00030231,377.4928,432.8500,3.5814,24.0464,4.6757,3181.7247,6.7143,,377.4928,88.9982,392.6393,654.3989,785.2786,785.2786,785.2786,274.8475,-5.2352,2.0,2.0,0.961424,16,26,10,5,0E-8,0.00755765,,0E-8,0.000000,0.913429,0.000000,,2026-04-04,2026-04-28,7,36,28,25,0.280000,,,0.000000,,,,,,,,GLOBAL_BASELINE_NO_ENTITY_RANKING,,,NOT_APPLICABLE_GLOBAL_BASELINE,HF9g-P5,,,,X 全窗基线 · 不参与实体赏罚,6873790,688,A168_HF9F_20260827_0900,2026-08-27 09:00:00
2026-04-11,148203172,2155,0,1439.6775122373,1367.6936366254,1367.6936366254,1.0000000,2,2,0.50665070000000000,0.506650700000,1.3955260008387969,1.3955260008387969,1.3955260008387969,0E-17,ELIGIBLE,R03b_20260811_FULL_v1,L1_ELIGIBILITY,v2026-08-11,2026-03-21..2026-08-06,baccarat_bet02_101_all_pairs_incl_sentinel,round_win = game_pnl > 0 (decisive only),COMPATIBILITY_ONLY_NOT_PRODUCTION,22272.0729,20343.9520,168.3245,59,47,-0.00755765,,-0.00755765,-0.00755765,-168.3245,22272.0729,OK,0.0000,6.7330,4.0000,96.0000,AG03-UNRESOLVED,ALL5_LEVELS_bet23_to_bet27,6.7330,6.7330,8.4162,8.4162,8.4162,4.000000,4.000000,5.000000,5.000000,5.000000,96.000000,96.000000,95.000000,95.000000,95.000000,5.0,38.7146,35.3217,129.6098,133.0027,PENDING_AG03,FALSE,NOT_FOR_ENFORCEMENT,161.5915,19530.1940,168.3245,161.5915,6.7330,0.00755765,0.00725534,6.7330,161.5915,0.00725534,6.7330,6.7330,8.4162,8.4162,8.4162,161.5915,0.00725534,38.7146,35.3217,129.6098,133.0027,0.00581939,0.00597173,0.00030231,377.4928,432.8500,3.5814,24.0464,4.6757,3181.7247,6.7143,,377.4928,88.9982,392.6393,654.3989,785.2786,785.2786,785.2786,274.8475,-5.2352,2.0,2.0,0.961424,16,26,10,5,0E-8,0.00755765,,0E-8,0.000000,0.913429,0.000000,,2026-04-04,2026-04-28,7,36,28,25,0.280000,,,0.000000,,,,,,,,GLOBAL_BASELINE_NO_ENTITY_RANKING,,,NOT_APPLICABLE_GLOBAL_BASELINE,HF9g-P5,,,,X 全窗基线 · 不参与实体赏罚,6873791,688,A168_HF9F_20260827_0900,2026-08-27 09:00:00
2026-04-11,148203172,2169,0,1586.2628589378,-49.8651938330,-49.8651938330,0.6666667,4,3,0.50315603737863430,0.434660650000,0.5664287190292643,0.8106438735773013,0.5664287190292643,0.06849538737863430,ELIGIBLE,R03b_20260811_FULL_v1,L1_ELIGIBILITY,v2026-08-11,2026-03-21..2026-08-06,baccarat_bet02_101_all_pairs_incl_sentinel,round_win = game_pnl > 0 (decisive only),COMPATIBILITY_ONLY_NOT_PRODUCTION,22272.0729,20343.9520,168.3245,59,47,-0.00755765,,-0.00755765,-0.00755765,-168.3245,22272.0729,OK,0.0000,6.7330,4.0000,96.0000,AG03-UNRESOLVED,ALL5_LEVELS_bet23_to_bet27,6.7330,6.7330,8.4162,8.4162,8.4162,4.000000,4.000000,5.000000,5.000000,5.000000,96.000000,96.000000,95.000000,95.000000,95.000000,5.0,38.7146,35.3217,129.6098,133.0027,PENDING_AG03,FALSE,NOT_FOR_ENFORCEMENT,161.5915,19530.1940,168.3245,161.5915,6.7330,0.00755765,0.00725534,6.7330,161.5915,0.00725534,6.7330,6.7330,8.4162,8.4162,8.4162,161.5915,0.00725534,38.7146,35.3217,129.6098,133.0027,0.00581939,0.00597173,0.00030231,377.4928,432.8500,3.5814,24.0464,4.6757,3181.7247,6.7143,,377.4928,88.9982,392.6393,654.3989,785.2786,785.2786,785.2786,274.8475,-5.2352,2.0,2.0,0.961424,16,26,10,5,0E-8,0.00755765,,0E-8,0.000000,0.913429,0.000000,,2026-04-04,2026-04-28,7,36,28,25,0.280000,,,0.000000,,,,,,,,GLOBAL_BASELINE_NO_ENTITY_RANKING,,,NOT_APPLICABLE_GLOBAL_BASELINE,HF9g-P5,,,,X 全窗基线 · 不参与实体赏罚,6873792,688,A168_HF9F_20260827_0900,2026-08-27 09:00:00
2026-04-11,148203172,2174,0,274.8475250635,-274.8475250635,-274.8475250635,0E-7,1,1,0.50665070000000000,0.506650700000,-1.013391052207602,-1.013391052207602,-1.013391052207602,0E-17,ELIGIBLE,R03b_20260811_FULL_v1,L1_ELIGIBILITY,v2026-08-11,2026-03-21..2026-08-06,baccarat_bet02_101_all_pairs_incl_sentinel,round_win = game_pnl > 0 (decisive only),COMPATIBILITY_ONLY_NOT_PRODUCTION,22272.0729,20343.9520,168.3245,59,47,-0.00755765,,-0.00755765,-0.00755765,-168.3245,22272.0729,OK,0.0000,6.7330,4.0000,96.0000,AG03-UNRESOLVED,ALL5_LEVELS_bet23_to_bet27,6.7330,6.7330,8.4162,8.4162,8.4162,4.000000,4.000000,5.000000,5.000000,5.000000,96.000000,96.000000,95.000000,95.000000,95.000000,5.0,38.7146,35.3217,129.6098,133.0027,PENDING_AG03,FALSE,NOT_FOR_ENFORCEMENT,161.5915,19530.1940,168.3245,161.5915,6.7330,0.00755765,0.00725534,6.7330,161.5915,0.00725534,6.7330,6.7330,8.4162,8.4162,8.4162,161.5915,0.00725534,38.7146,35.3217,129.6098,133.0027,0.00581939,0.00597173,0.00030231,377.4928,432.8500,3.5814,24.0464,4.6757,3181.7247,6.7143,,377.4928,88.9982,392.6393,654.3989,785.2786,785.2786,785.2786,274.8475,-5.2352,2.0,2.0,0.961424,16,26,10,5,0E-8,0.00755765,,0E-8,0.000000,0.913429,0.000000,,2026-04-04,2026-04-28,7,36,28,25,0.280000,,,0.000000,,,,,,,,GLOBAL_BASELINE_NO_ENTITY_RANKING,,,NOT_APPLICABLE_GLOBAL_BASELINE,HF9g-P5,,,,X 全窗基线 · 不参与实体赏罚,6873793,688,A168_HF9F_20260827_0900,2026-08-27 09:00:00
2026-04-11,148203172,2177,0,497.3431405911,-497.3431405911,-497.3431405911,0E-7,1,1,0.50665070000000000,0.506650700000,-1.013391052207602,-1.013391052207602,-1.013391052207602,0E-17,ELIGIBLE,R03b_20260811_FULL_v1,L1_ELIGIBILITY,v2026-08-11,2026-03-21..2026-08-06,baccarat_bet02_101_all_pairs_incl_sentinel,round_win = game_pnl > 0 (decisive only),COMPATIBILITY_ONLY_NOT_PRODUCTION,22272.0729,20343.9520,168.3245,59,47,-0.00755765,,-0.00755765,-0.00755765,-168.3245,22272.0729,OK,0.0000,6.7330,4.0000,96.0000,AG03-UNRESOLVED,ALL5_LEVELS_bet23_to_bet27,6.7330,6.7330,8.4162,8.4162,8.4162,4.000000,4.000000,5.000000,5.000000,5.000000,96.000000,96.000000,95.000000,95.000000,95.000000,5.0,38.7146,35.3217,129.6098,133.0027,PENDING_AG03,FALSE,NOT_FOR_ENFORCEMENT,161.5915,19530.1940,168.3245,161.5915,6.7330,0.00755765,0.00725534,6.7330,161.5915,0.00725534,6.7330,6.7330,8.4162,8.4162,8.4162,161.5915,0.00725534,38.7146,35.3217,129.6098,133.0027,0.00581939,0.00597173,0.00030231,377.4928,432.8500,3.5814,24.0464,4.6757,3181.7247,6.7143,,377.4928,88.9982,392.6393,654.3989,785.2786,785.2786,785.2786,274.8475,-5.2352,2.0,2.0,0.961424,16,26,10,5,0E-8,0.00755765,,0E-8,0.000000,0.913429,0.000000,,2026-04-04,2026-04-28,7,36,28,25,0.280000,,,0.000000,,,,,,,,GLOBAL_BASELINE_NO_ENTITY_RANKING,,,NOT_APPLICABLE_GLOBAL_BASELINE,HF9g-P5,,,,X 全窗基线 · 不参与实体赏罚,6873794,688,A168_HF9F_20260827_0900,2026-08-27 09:00:00
2026-04-11,148203172,2196,0,1858.4927885246,-130.8797738398,-130.8797738398,0.5000000,4,3,0.48992360158729554,0.423485633333,0.028506147853421638,0.21899468654071055,0.028506147853421638,0.06643796825429554,ELIGIBLE,R03b_20260811_FULL_v1,L1_ELIGIBILITY,v2026-08-11,2026-03-21..2026-08-06,baccarat_bet02_101_all_pairs_incl_sentinel,round_win = game_pnl > 0 (decisive only),COMPATIBILITY_ONLY_NOT_PRODUCTION,22272.0729,20343.9520,168.3245,59,47,-0.00755765,,-0.00755765,-0.00755765,-168.3245,22272.0729,OK,0.0000,6.7330,4.0000,96.0000,AG03-UNRESOLVED,ALL5_LEVELS_bet23_to_bet27,6.7330,6.7330,8.4162,8.4162,8.4162,4.000000,4.000000,5.000000,5.000000,5.000000,96.000000,96.000000,95.000000,95.000000,95.000000,5.0,38.7146,35.3217,129.6098,133.0027,PENDING_AG03,FALSE,NOT_FOR_ENFORCEMENT,161.5915,19530.1940,168.3245,161.5915,6.7330,0.00755765,0.00725534,6.7330,161.5915,0.00725534,6.7330,6.7330,8.4162,8.4162,8.4162,161.5915,0.00725534,38.7146,35.3217,129.6098,133.0027,0.00581939,0.00597173,0.00030231,377.4928,432.8500,3.5814,24.0464,4.6757,3181.7247,6.7143,,377.4928,88.9982,392.6393,654.3989,785.2786,785.2786,785.2786,274.8475,-5.2352,2.0,2.0,0.961424,16,26,10,5,0E-8,0.00755765,,0E-8,0.000000,0.913429,0.000000,,2026-04-04,2026-04-28,7,36,28,25,0.280000,,,0.000000,,,,,,,,GLOBAL_BASELINE_NO_ENTITY_RANKING,,,NOT_APPLICABLE_GLOBAL_BASELINE,HF9g-P5,,,,X 全窗基线 · 不参与实体赏罚,6873795,688,A168_HF9F_20260827_0900,2026-08-27 09:00:00
2026-04-11,148203172,2251,0,1589.4039735100,-1055.4144962438,-1055.4144962438,0E-7,6,3,0.49572922155214147,0.321660800000,-1.7173190444406121,-1.1927137851905056,-1.7173190444406121,0.17406842155214147,ELIGIBLE,R03b_20260811_FULL_v1,L1_ELIGIBILITY,v2026-08-11,2026-03-21..2026-08-06,baccarat_bet02_101_all_pairs_incl_sentinel,round_win = game_pnl > 0 (decisive only),COMPATIBILITY_ONLY_NOT_PRODUCTION,22272.0729,20343.9520,168.3245,59,47,-0.00755765,,-0.00755765,-0.00755765,-168.3245,22272.0729,OK,0.0000,6.7330,4.0000,96.0000,AG03-UNRESOLVED,ALL5_LEVELS_bet23_to_bet27,6.7330,6.7330,8.4162,8.4162,8.4162,4.000000,4.000000,5.000000,5.000000,5.000000,96.000000,96.000000,95.000000,95.000000,95.000000,5.0,38.7146,35.3217,129.6098,133.0027,PENDING_AG03,FALSE,NOT_FOR_ENFORCEMENT,161.5915,19530.1940,168.3245,161.5915,6.7330,0.00755765,0.00725534,6.7330,161.5915,0.00725534,6.7330,6.7330,8.4162,8.4162,8.4162,161.5915,0.00725534,38.7146,35.3217,129.6098,133.0027,0.00581939,0.00597173,0.00030231,377.4928,432.8500,3.5814,24.0464,4.6757,3181.7247,6.7143,,377.4928,88.9982,392.6393,654.3989,785.2786,785.2786,785.2786,274.8475,-5.2352,2.0,2.0,0.961424,16,26,10,5,0E-8,0.00755765,,0E-8,0.000000,0.913429,0.000000,,2026-04-04,2026-04-28,7,36,28,25,0.280000,,,0.000000,,,,,,,,GLOBAL_BASELINE_NO_ENTITY_RANKING,,,NOT_APPLICABLE_GLOBAL_BASELINE,HF9g-P5,,,,X 全窗基线 · 不参与实体赏罚,6873796,688,A168_HF9F_20260827_0900,2026-08-27 09:00:00
2026-04-11,148203172,772,0,392.6393215193,373.0073554433,373.0073554433,1.0000000,1,1,0.50665070000000000,0.506650700000,0.9867858985152569,0.9867858985152569,0.9867858985152569,0E-17,ELIGIBLE,R03b_20260811_FULL_v1,L1_ELIGIBILITY,v2026-08-11,2026-03-21..2026-08-06,baccarat_bet02_101_all_pairs_incl_sentinel,round_win = game_pnl > 0 (decisive only),COMPATIBILITY_ONLY_NOT_PRODUCTION,22272.0729,20343.9520,168.3245,59,47,-0.00755765,,-0.00755765,-0.00755765,-168.3245,22272.0729,OK,0.0000,6.7330,4.0000,96.0000,AG03-UNRESOLVED,ALL5_LEVELS_bet23_to_bet27,6.7330,6.7330,8.4162,8.4162,8.4162,4.000000,4.000000,5.000000,5.000000,5.000000,96.000000,96.000000,95.000000,95.000000,95.000000,5.0,38.7146,35.3217,129.6098,133.0027,PENDING_AG03,FALSE,NOT_FOR_ENFORCEMENT,161.5915,19530.1940,168.3245,161.5915,6.7330,0.00755765,0.00725534,6.7330,161.5915,0.00725534,6.7330,6.7330,8.4162,8.4162,8.4162,161.5915,0.00725534,38.7146,35.3217,129.6098,133.0027,0.00581939,0.00597173,0.00030231,377.4928,432.8500,3.5814,24.0464,4.6757,3181.7247,6.7143,,377.4928,88.9982,392.6393,654.3989,785.2786,785.2786,785.2786,274.8475,-5.2352,2.0,2.0,0.961424,16,26,10,5,0E-8,0.00755765,,0E-8,0.000000,0.913429,0.000000,,2026-04-04,2026-04-28,7,36,28,25,0.280000,,,0.000000,,,,,,,,GLOBAL_BASELINE_NO_ENTITY_RANKING,,,NOT_APPLICABLE_GLOBAL_BASELINE,HF9g-P5,,,,X 全窗基线 · 不参与实体赏罚,6873797,688,A168_HF9F_20260827_0900,2026-08-27 09:00:00
2026-04-12,148203172,-1,1,785.2786430385,-785.2786430385,-785.2786430385,0E-7,1,1,0.50665070000000000,0.506650700000,-1.013391052207602,-1.013391052207602,-1.013391052207602,0E-17,SENTINEL_DEALER,R03b_20260811_FULL_v1,L1_ELIGIBILITY,v2026-08-11,2026-03-21..2026-08-06,baccarat_bet02_101_all_pairs_incl_sentinel,round_win = game_pnl > 0 (decisive only),COMPATIBILITY_ONLY_NOT_PRODUCTION,22272.0729,20343.9520,168.3245,59,47,-0.00755765,,-0.00755765,-0.00755765,-168.3245,22272.0729,OK,0.0000,6.7330,4.0000,96.0000,AG03-UNRESOLVED,ALL5_LEVELS_bet23_to_bet27,6.7330,6.7330,8.4162,8.4162,8.4162,4.000000,4.000000,5.000000,5.000000,5.000000,96.000000,96.000000,95.000000,95.000000,95.000000,5.0,38.7146,35.3217,129.6098,133.0027,PENDING_AG03,FALSE,NOT_FOR_ENFORCEMENT,161.5915,19530.1940,168.3245,161.5915,6.7330,0.00755765,0.00725534,6.7330,161.5915,0.00725534,6.7330,6.7330,8.4162,8.4162,8.4162,161.5915,0.00725534,38.7146,35.3217,129.6098,133.0027,0.00581939,0.00597173,0.00030231,377.4928,432.8500,3.5814,24.0464,4.6757,3181.7247,6.7143,,377.4928,88.9982,392.6393,654.3989,785.2786,785.2786,785.2786,274.8475,-5.2352,2.0,2.0,0.961424,16,26,10,5,0E-8,0.00755765,,0E-8,0.000000,0.913429,0.000000,,2026-04-04,2026-04-28,7,36,28,25,0.280000,,,0.000000,,,,,,,,GLOBAL_BASELINE_NO_ENTITY_RANKING,,,NOT_APPLICABLE_GLOBAL_BASELINE,HF9g-P5,,,,X 全窗基线 · 不参与实体赏罚,6873798,688,A168_HF9F_20260827_0900,2026-08-27 09:00:00
2026-04-12,148203172,1004,0,785.2786430385,746.0147108866,746.0147108866,1.0000000,1,1,0.50665070000000000,0.506650700000,0.9867858985152569,0.9867858985152569,0.9867858985152569,0E-17,ELIGIBLE,R03b_20260811_FULL_v1,L1_ELIGIBILITY,v2026-08-11,2026-03-21..2026-08-06,baccarat_bet02_101_all_pairs_incl_sentinel,round_win = game_pnl > 0 (decisive only),COMPATIBILITY_ONLY_NOT_PRODUCTION,22272.0729,20343.9520,168.3245,59,47,-0.00755765,,-0.00755765,-0.00755765,-168.3245,22272.0729,OK,0.0000,6.7330,4.0000,96.0000,AG03-UNRESOLVED,ALL5_LEVELS_bet23_to_bet27,6.7330,6.7330,8.4162,8.4162,8.4162,4.000000,4.000000,5.000000,5.000000,5.000000,96.000000,96.000000,95.000000,95.000000,95.000000,5.0,38.7146,35.3217,129.6098,133.0027,PENDING_AG03,FALSE,NOT_FOR_ENFORCEMENT,161.5915,19530.1940,168.3245,161.5915,6.7330,0.00755765,0.00725534,6.7330,161.5915,0.00725534,6.7330,6.7330,8.4162,8.4162,8.4162,161.5915,0.00725534,38.7146,35.3217,129.6098,133.0027,0.00581939,0.00597173,0.00030231,377.4928,432.8500,3.5814,24.0464,4.6757,3181.7247,6.7143,,377.4928,88.9982,392.6393,654.3989,785.2786,785.2786,785.2786,274.8475,-5.2352,2.0,2.0,0.961424,16,26,10,5,0E-8,0.00755765,,0E-8,0.000000,0.913429,0.000000,,2026-04-04,2026-04-28,7,36,28,25,0.280000,,,0.000000,,,,,,,,GLOBAL_BASELINE_NO_ENTITY_RANKING,,,NOT_APPLICABLE_GLOBAL_BASELINE,HF9g-P5,,,,X 全窗基线 · 不参与实体赏罚,6873799,688,A168_HF9F_20260827_0900,2026-08-27 09:00:00
2026-04-12,148203172,1491,0,806.2194068529,725.0739470722,725.0739470722,1.0000000,3,1,0.49488722954543266,0.200065333333,1.0102783604946952,1.9995917583487666,1.0102783604946952,0.29482189621243266,ELIGIBLE,R03b_20260811_FULL_v1,L1_ELIGIBILITY,v2026-08-11,2026-03-21..2026-08-06,baccarat_bet02_101_all_pairs_incl_sentinel,round_win = game_pnl > 0 (decisive only),COMPATIBILITY_ONLY_NOT_PRODUCTION,22272.0729,20343.9520,168.3245,59,47,-0.00755765,,-0.00755765,-0.00755765,-168.3245,22272.0729,OK,0.0000,6.7330,4.0000,96.0000,AG03-UNRESOLVED,ALL5_LEVELS_bet23_to_bet27,6.7330,6.7330,8.4162,8.4162,8.4162,4.000000,4.000000,5.000000,5.000000,5.000000,96.000000,96.000000,95.000000,95.000000,95.000000,5.0,38.7146,35.3217,129.6098,133.0027,PENDING_AG03,FALSE,NOT_FOR_ENFORCEMENT,161.5915,19530.1940,168.3245,161.5915,6.7330,0.00755765,0.00725534,6.7330,161.5915,0.00725534,6.7330,6.7330,8.4162,8.4162,8.4162,161.5915,0.00725534,38.7146,35.3217,129.6098,133.0027,0.00581939,0.00597173,0.00030231,377.4928,432.8500,3.5814,24.0464,4.6757,3181.7247,6.7143,,377.4928,88.9982,392.6393,654.3989,785.2786,785.2786,785.2786,274.8475,-5.2352,2.0,2.0,0.961424,16,26,10,5,0E-8,0.00755765,,0E-8,0.000000,0.913429,0.000000,,2026-04-04,2026-04-28,7,36,28,25,0.280000,,,0.000000,,,,,,,,GLOBAL_BASELINE_NO_ENTITY_RANKING,,,NOT_APPLICABLE_GLOBAL_BASELINE,HF9g-P5,,,,X 全窗基线 · 不参与实体赏罚,6873800,688,A168_HF9F_20260827_0900,2026-08-27 09:00:00
2026-04-12,148203172,1623,0,1465.8534670052,1367.0392377562,1367.0392377562,1.0000000,3,2,0.50249742788460745,0.398665625000,1.4071673231278492,1.736875216052051,1.4071673231278492,0.10383180288460745,ELIGIBLE,R03b_20260811_FULL_v1,L1_ELIGIBILITY,v2026-08-11,2026-03-21..2026-08-06,baccarat_bet02_101_all_pairs_incl_sentinel,round_win = game_pnl > 0 (decisive only),COMPATIBILITY_ONLY_NOT_PRODUCTION,22272.0729,20343.9520,168.3245,59,47,-0.00755765,,-0.00755765,-0.00755765,-168.3245,22272.0729,OK,0.0000,6.7330,4.0000,96.0000,AG03-UNRESOLVED,ALL5_LEVELS_bet23_to_bet27,6.7330,6.7330,8.4162,8.4162,8.4162,4.000000,4.000000,5.000000,5.000000,5.000000,96.000000,96.000000,95.000000,95.000000,95.000000,5.0,38.7146,35.3217,129.6098,133.0027,PENDING_AG03,FALSE,NOT_FOR_ENFORCEMENT,161.5915,19530.1940,168.3245,161.5915,6.7330,0.00755765,0.00725534,6.7330,161.5915,0.00725534,6.7330,6.7330,8.4162,8.4162,8.4162,161.5915,0.00725534,38.7146,35.3217,129.6098,133.0027,0.00581939,0.00597173,0.00030231,377.4928,432.8500,3.5814,24.0464,4.6757,3181.7247,6.7143,,377.4928,88.9982,392.6393,654.3989,785.2786,785.2786,785.2786,274.8475,-5.2352,2.0,2.0,0.961424,16,26,10,5,0E-8,0.00755765,,0E-8,0.000000,0.913429,0.000000,,2026-04-04,2026-04-28,7,36,28,25,0.280000,,,0.000000,,,,,,,,GLOBAL_BASELINE_NO_ENTITY_RANKING,,,NOT_APPLICABLE_GLOBAL_BASELINE,HF9g-P5,,,,X 全窗基线 · 不参与实体赏罚,6873801,688,A168_HF9F_20260827_0900,2026-08-27 09:00:00
2026-04-12,148203172,2152,0,654.3988691988,621.6789257388,621.6789257388,1.0000000,1,1,0.50665070000000000,0.506650700000,0.9867858985152569,0.9867858985152569,0.9867858985152569,0E-17,ELIGIBLE,R03b_20260811_FULL_v1,L1_ELIGIBILITY,v2026-08-11,2026-03-21..2026-08-06,baccarat_bet02_101_all_pairs_incl_sentinel,round_win = game_pnl > 0 (decisive only),COMPATIBILITY_ONLY_NOT_PRODUCTION,22272.0729,20343.9520,168.3245,59,47,-0.00755765,,-0.00755765,-0.00755765,-168.3245,22272.0729,OK,0.0000,6.7330,4.0000,96.0000,AG03-UNRESOLVED,ALL5_LEVELS_bet23_to_bet27,6.7330,6.7330,8.4162,8.4162,8.4162,4.000000,4.000000,5.000000,5.000000,5.000000,96.000000,96.000000,95.000000,95.000000,95.000000,5.0,38.7146,35.3217,129.6098,133.0027,PENDING_AG03,FALSE,NOT_FOR_ENFORCEMENT,161.5915,19530.1940,168.3245,161.5915,6.7330,0.00755765,0.00725534,6.7330,161.5915,0.00725534,6.7330,6.7330,8.4162,8.4162,8.4162,161.5915,0.00725534,38.7146,35.3217,129.6098,133.0027,0.00581939,0.00597173,0.00030231,377.4928,432.8500,3.5814,24.0464,4.6757,3181.7247,6.7143,,377.4928,88.9982,392.6393,654.3989,785.2786,785.2786,785.2786,274.8475,-5.2352,2.0,2.0,0.961424,16,26,10,5,0E-8,0.00755765,,0E-8,0.000000,0.913429,0.000000,,2026-04-04,2026-04-28,7,36,28,25,0.280000,,,0.000000,,,,,,,,GLOBAL_BASELINE_NO_ENTITY_RANKING,,,NOT_APPLICABLE_GLOBAL_BASELINE,HF9g-P5,,,,X 全窗基线 · 不参与实体赏罚,6873802,688,A168_HF9F_20260827_0900,2026-08-27 09:00:00
2026-04-12,148203172,2156,0,1177.9179645578,-1177.9179645578,-1177.9179645578,0E-7,2,2,0.49994810000000000,0.499948100000,-1.4140667746232096,-1.4140667746232096,-1.4140667746232096,0E-17,ELIGIBLE,R03b_20260811_FULL_v1,L1_ELIGIBILITY,v2026-08-11,2026-03-21..2026-08-06,baccarat_bet02_101_all_pairs_incl_sentinel,round_win = game_pnl > 0 (decisive only),COMPATIBILITY_ONLY_NOT_PRODUCTION,22272.0729,20343.9520,168.3245,59,47,-0.00755765,,-0.00755765,-0.00755765,-168.3245,22272.0729,OK,0.0000,6.7330,4.0000,96.0000,AG03-UNRESOLVED,ALL5_LEVELS_bet23_to_bet27,6.7330,6.7330,8.4162,8.4162,8.4162,4.000000,4.000000,5.000000,5.000000,5.000000,96.000000,96.000000,95.000000,95.000000,95.000000,5.0,38.7146,35.3217,129.6098,133.0027,PENDING_AG03,FALSE,NOT_FOR_ENFORCEMENT,161.5915,19530.1940,168.3245,161.5915,6.7330,0.00755765,0.00725534,6.7330,161.5915,0.00725534,6.7330,6.7330,8.4162,8.4162,8.4162,161.5915,0.00725534,38.7146,35.3217,129.6098,133.0027,0.00581939,0.00597173,0.00030231,377.4928,432.8500,3.5814,24.0464,4.6757,3181.7247,6.7143,,377.4928,88.9982,392.6393,654.3989,785.2786,785.2786,785.2786,274.8475,-5.2352,2.0,2.0,0.961424,16,26,10,5,0E-8,0.00755765,,0E-8,0.000000,0.913429,0.000000,,2026-04-04,2026-04-28,7,36,28,25,0.280000,,,0.000000,,,,,,,,GLOBAL_BASELINE_NO_ENTITY_RANKING,,,NOT_APPLICABLE_GLOBAL_BASELINE,HF9g-P5,,,,X 全窗基线 · 不参与实体赏罚,6873803,688,A168_HF9F_20260827_0900,2026-08-27 09:00:00
2026-04-12,148203172,2174,0,2473.6277255713,-1107.2428866843,-1107.2428866843,0.2500000,4,4,0.50329940000000000,0.503299400000,-1.013219660140378,-1.013219660140378,-1.013219660140378,0E-17,ELIGIBLE,R03b_20260811_FULL_v1,L1_ELIGIBILITY,v2026-08-11,2026-03-21..2026-08-06,baccarat_bet02_101_all_pairs_incl_sentinel,round_win = game_pnl > 0 (decisive only),COMPATIBILITY_ONLY_NOT_PRODUCTION,22272.0729,20343.9520,168.3245,59,47,-0.00755765,,-0.00755765,-0.00755765,-168.3245,22272.0729,OK,0.0000,6.7330,4.0000,96.0000,AG03-UNRESOLVED,ALL5_LEVELS_bet23_to_bet27,6.7330,6.7330,8.4162,8.4162,8.4162,4.000000,4.000000,5.000000,5.000000,5.000000,96.000000,96.000000,95.000000,95.000000,95.000000,5.0,38.7146,35.3217,129.6098,133.0027,PENDING_AG03,FALSE,NOT_FOR_ENFORCEMENT,161.5915,19530.1940,168.3245,161.5915,6.7330,0.00755765,0.00725534,6.7330,161.5915,0.00725534,6.7330,6.7330,8.4162,8.4162,8.4162,161.5915,0.00725534,38.7146,35.3217,129.6098,133.0027,0.00581939,0.00597173,0.00030231,377.4928,432.8500,3.5814,24.0464,4.6757,3181.7247,6.7143,,377.4928,88.9982,392.6393,654.3989,785.2786,785.2786,785.2786,274.8475,-5.2352,2.0,2.0,0.961424,16,26,10,5,0E-8,0.00755765,,0E-8,0.000000,0.913429,0.000000,,2026-04-04,2026-04-28,7,36,28,25,0.280000,,,0.000000,,,,,,,,GLOBAL_BASELINE_NO_ENTITY_RANKING,,,NOT_APPLICABLE_GLOBAL_BASELINE,HF9g-P5,,,,X 全窗基线 · 不参与实体赏罚,6873804,688,A168_HF9F_20260827_0900,2026-08-27 09:00:00
2026-04-12,148203172,2212,0,785.2786430385,-785.2786430385,-785.2786430385,0E-7,1,1,0.49324550000000000,0.493245500000,-0.9865810262130424,-0.9865810262130424,-0.9865810262130424,0E-17,ELIGIBLE,R03b_20260811_FULL_v1,L1_ELIGIBILITY,v2026-08-11,2026-03-21..2026-08-06,baccarat_bet02_101_all_pairs_incl_sentinel,round_win = game_pnl > 0 (decisive only),COMPATIBILITY_ONLY_NOT_PRODUCTION,22272.0729,20343.9520,168.3245,59,47,-0.00755765,,-0.00755765,-0.00755765,-168.3245,22272.0729,OK,0.0000,6.7330,4.0000,96.0000,AG03-UNRESOLVED,ALL5_LEVELS_bet23_to_bet27,6.7330,6.7330,8.4162,8.4162,8.4162,4.000000,4.000000,5.000000,5.000000,5.000000,96.000000,96.000000,95.000000,95.000000,95.000000,5.0,38.7146,35.3217,129.6098,133.0027,PENDING_AG03,FALSE,NOT_FOR_ENFORCEMENT,161.5915,19530.1940,168.3245,161.5915,6.7330,0.00755765,0.00725534,6.7330,161.5915,0.00725534,6.7330,6.7330,8.4162,8.4162,8.4162,161.5915,0.00725534,38.7146,35.3217,129.6098,133.0027,0.00581939,0.00597173,0.00030231,377.4928,432.8500,3.5814,24.0464,4.6757,3181.7247,6.7143,,377.4928,88.9982,392.6393,654.3989,785.2786,785.2786,785.2786,274.8475,-5.2352,2.0,2.0,0.961424,16,26,10,5,0E-8,0.00755765,,0E-8,0.000000,0.913429,0.000000,,2026-04-04,2026-04-28,7,36,28,25,0.280000,,,0.000000,,,,,,,,GLOBAL_BASELINE_NO_ENTITY_RANKING,,,NOT_APPLICABLE_GLOBAL_BASELINE,HF9g-P5,,,,X 全窗基线 · 不参与实体赏罚,6873805,688,A168_HF9F_20260827_0900,2026-08-27 09:00:00
2026-04-12,148203172,925,0,392.6393215193,373.0073554433,373.0073554433,1.0000000,1,1,0.50665070000000000,0.506650700000,0.9867858985152569,0.9867858985152569,0.9867858985152569,0E-17,ELIGIBLE,R03b_20260811_FULL_v1,L1_ELIGIBILITY,v2026-08-11,2026-03-21..2026-08-06,baccarat_bet02_101_all_pairs_incl_sentinel,round_win = game_pnl > 0 (decisive only),COMPATIBILITY_ONLY_NOT_PRODUCTION,22272.0729,20343.9520,168.3245,59,47,-0.00755765,,-0.00755765,-0.00755765,-168.3245,22272.0729,OK,0.0000,6.7330,4.0000,96.0000,AG03-UNRESOLVED,ALL5_LEVELS_bet23_to_bet27,6.7330,6.7330,8.4162,8.4162,8.4162,4.000000,4.000000,5.000000,5.000000,5.000000,96.000000,96.000000,95.000000,95.000000,95.000000,5.0,38.7146,35.3217,129.6098,133.0027,PENDING_AG03,FALSE,NOT_FOR_ENFORCEMENT,161.5915,19530.1940,168.3245,161.5915,6.7330,0.00755765,0.00725534,6.7330,161.5915,0.00725534,6.7330,6.7330,8.4162,8.4162,8.4162,161.5915,0.00725534,38.7146,35.3217,129.6098,133.0027,0.00581939,0.00597173,0.00030231,377.4928,432.8500,3.5814,24.0464,4.6757,3181.7247,6.7143,,377.4928,88.9982,392.6393,654.3989,785.2786,785.2786,785.2786,274.8475,-5.2352,2.0,2.0,0.961424,16,26,10,5,0E-8,0.00755765,,0E-8,0.000000,0.913429,0.000000,,2026-04-04,2026-04-28,7,36,28,25,0.280000,,,0.000000,,,,,,,,GLOBAL_BASELINE_NO_ENTITY_RANKING,,,NOT_APPLICABLE_GLOBAL_BASELINE,HF9g-P5,,,,X 全窗基线 · 不参与实体赏罚,6873806,688,A168_HF9F_20260827_0900,2026-08-27 09:00:00
2026-04-12,148203172,970,0,523.5190953590,-523.5190953590,-523.5190953590,0E-7,1,1,0.50665070000000000,0.506650700000,-1.013391052207602,-1.013391052207602,-1.013391052207602,0E-17,ELIGIBLE,R03b_20260811_FULL_v1,L1_ELIGIBILITY,v2026-08-11,2026-03-21..2026-08-06,baccarat_bet02_101_all_pairs_incl_sentinel,round_win = game_pnl > 0 (decisive only),COMPATIBILITY_ONLY_NOT_PRODUCTION,22272.0729,20343.9520,168.3245,59,47,-0.00755765,,-0.00755765,-0.00755765,-168.3245,22272.0729,OK,0.0000,6.7330,4.0000,96.0000,AG03-UNRESOLVED,ALL5_LEVELS_bet23_to_bet27,6.7330,6.7330,8.4162,8.4162,8.4162,4.000000,4.000000,5.000000,5.000000,5.000000,96.000000,96.000000,95.000000,95.000000,95.000000,5.0,38.7146,35.3217,129.6098,133.0027,PENDING_AG03,FALSE,NOT_FOR_ENFORCEMENT,161.5915,19530.1940,168.3245,161.5915,6.7330,0.00755765,0.00725534,6.7330,161.5915,0.00725534,6.7330,6.7330,8.4162,8.4162,8.4162,161.5915,0.00725534,38.7146,35.3217,129.6098,133.0027,0.00581939,0.00597173,0.00030231,377.4928,432.8500,3.5814,24.0464,4.6757,3181.7247,6.7143,,377.4928,88.9982,392.6393,654.3989,785.2786,785.2786,785.2786,274.8475,-5.2352,2.0,2.0,0.961424,16,26,10,5,0E-8,0.00755765,,0E-8,0.000000,0.913429,0.000000,,2026-04-04,2026-04-28,7,36,28,25,0.280000,,,0.000000,,,,,,,,GLOBAL_BASELINE_NO_ENTITY_RANKING,,,NOT_APPLICABLE_GLOBAL_BASELINE,HF9g-P5,,,,X 全窗基线 · 不参与实体赏罚,6873807,688,A168_HF9F_20260827_0900,2026-08-27 09:00:00
2026-04-12,148203172,994,0,1889.9039342461,230.3484019579,230.3484019579,0.5000000,5,3,0.48846308301885931,0.394026633333,0.032640018884821834,0.30670592943252506,0.032640018884821834,0.09443644968585931,ELIGIBLE,R03b_20260811_FULL_v1,L1_ELIGIBILITY,v2026-08-11,2026-03-21..2026-08-06,baccarat_bet02_101_all_pairs_incl_sentinel,round_win = game_pnl > 0 (decisive only),COMPATIBILITY_ONLY_NOT_PRODUCTION,22272.0729,20343.9520,168.3245,59,47,-0.00755765,,-0.00755765,-0.00755765,-168.3245,22272.0729,OK,0.0000,6.7330,4.0000,96.0000,AG03-UNRESOLVED,ALL5_LEVELS_bet23_to_bet27,6.7330,6.7330,8.4162,8.4162,8.4162,4.000000,4.000000,5.000000,5.000000,5.000000,96.000000,96.000000,95.000000,95.000000,95.000000,5.0,38.7146,35.3217,129.6098,133.0027,PENDING_AG03,FALSE,NOT_FOR_ENFORCEMENT,161.5915,19530.1940,168.3245,161.5915,6.7330,0.00755765,0.00725534,6.7330,161.5915,0.00725534,6.7330,6.7330,8.4162,8.4162,8.4162,161.5915,0.00725534,38.7146,35.3217,129.6098,133.0027,0.00581939,0.00597173,0.00030231,377.4928,432.8500,3.5814,24.0464,4.6757,3181.7247,6.7143,,377.4928,88.9982,392.6393,654.3989,785.2786,785.2786,785.2786,274.8475,-5.2352,2.0,2.0,0.961424,16,26,10,5,0E-8,0.00755765,,0E-8,0.000000,0.913429,0.000000,,2026-04-04,2026-04-28,7,36,28,25,0.280000,,,0.000000,,,,,,,,GLOBAL_BASELINE_NO_ENTITY_RANKING,,,NOT_APPLICABLE_GLOBAL_BASELINE,HF9g-P5,,,,X 全窗基线 · 不参与实体赏罚,6873808,688,A168_HF9F_20260827_0900,2026-08-27 09:00:00
2026-04-18,148203172,1384,0,87.9512080203,0E-10,0E-10,,1,1,0.49324550000000000,0.493245500000,,,,0E-17,NO_DECISIVE_ROUND,R03b_20260811_FULL_v1,L1_ELIGIBILITY,v2026-08-11,2026-03-21..2026-08-06,baccarat_bet02_101_all_pairs_incl_sentinel,round_win = game_pnl > 0 (decisive only),COMPATIBILITY_ONLY_NOT_PRODUCTION,22272.0729,20343.9520,168.3245,59,47,-0.00755765,,-0.00755765,-0.00755765,-168.3245,22272.0729,OK,0.0000,6.7330,4.0000,96.0000,AG03-UNRESOLVED,ALL5_LEVELS_bet23_to_bet27,6.7330,6.7330,8.4162,8.4162,8.4162,4.000000,4.000000,5.000000,5.000000,5.000000,96.000000,96.000000,95.000000,95.000000,95.000000,5.0,38.7146,35.3217,129.6098,133.0027,PENDING_AG03,FALSE,NOT_FOR_ENFORCEMENT,161.5915,19530.1940,168.3245,161.5915,6.7330,0.00755765,0.00725534,6.7330,161.5915,0.00725534,6.7330,6.7330,8.4162,8.4162,8.4162,161.5915,0.00725534,38.7146,35.3217,129.6098,133.0027,0.00581939,0.00597173,0.00030231,377.4928,432.8500,3.5814,24.0464,4.6757,3181.7247,6.7143,,377.4928,88.9982,392.6393,654.3989,785.2786,785.2786,785.2786,274.8475,-5.2352,2.0,2.0,0.961424,16,26,10,5,0E-8,0.00755765,,0E-8,0.000000,0.913429,0.000000,,2026-04-04,2026-04-28,7,36,28,25,0.280000,,,0.000000,,,,,,,,GLOBAL_BASELINE_NO_ENTITY_RANKING,,,NOT_APPLICABLE_GLOBAL_BASELINE,HF9g-P5,,,,X 全窗基线 · 不参与实体赏罚,6873809,688,A168_HF9F_20260827_0900,2026-08-27 09:00:00
2026-04-28,148203172,1505,0,92.1393607832,87.5323927440,87.5323927440,1.0000000,1,1,0.50665070000000000,0.506650700000,0.9867858985152569,0.9867858985152569,0.9867858985152569,0E-17,ELIGIBLE,R03b_20260811_FULL_v1,L1_ELIGIBILITY,v2026-08-11,2026-03-21..2026-08-06,baccarat_bet02_101_all_pairs_incl_sentinel,round_win = game_pnl > 0 (decisive only),COMPATIBILITY_ONLY_NOT_PRODUCTION,22272.0729,20343.9520,168.3245,59,47,-0.00755765,,-0.00755765,-0.00755765,-168.3245,22272.0729,OK,0.0000,6.7330,4.0000,96.0000,AG03-UNRESOLVED,ALL5_LEVELS_bet23_to_bet27,6.7330,6.7330,8.4162,8.4162,8.4162,4.000000,4.000000,5.000000,5.000000,5.000000,96.000000,96.000000,95.000000,95.000000,95.000000,5.0,38.7146,35.3217,129.6098,133.0027,PENDING_AG03,FALSE,NOT_FOR_ENFORCEMENT,161.5915,19530.1940,168.3245,161.5915,6.7330,0.00755765,0.00725534,6.7330,161.5915,0.00725534,6.7330,6.7330,8.4162,8.4162,8.4162,161.5915,0.00725534,38.7146,35.3217,129.6098,133.0027,0.00581939,0.00597173,0.00030231,377.4928,432.8500,3.5814,24.0464,4.6757,3181.7247,6.7143,,377.4928,88.9982,392.6393,654.3989,785.2786,785.2786,785.2786,274.8475,-5.2352,2.0,2.0,0.961424,16,26,10,5,0E-8,0.00755765,,0E-8,0.000000,0.913429,0.000000,,2026-04-04,2026-04-28,7,36,28,25,0.280000,,,0.000000,,,,,,,,GLOBAL_BASELINE_NO_ENTITY_RANKING,,,NOT_APPLICABLE_GLOBAL_BASELINE,HF9g-P5,,,,X 全窗基线 · 不参与实体赏罚,6873810,688,A168_HF9F_20260827_0900,2026-08-27 09:00:00
2026-04-28,148203172,2212,0,179.8288092558,170.8373687930,170.8373687930,1.0000000,1,1,0.50665070000000000,0.506650700000,0.9867858985152569,0.9867858985152569,0.9867858985152569,0E-17,ELIGIBLE,R03b_20260811_FULL_v1,L1_ELIGIBILITY,v2026-08-11,2026-03-21..2026-08-06,baccarat_bet02_101_all_pairs_incl_sentinel,round_win = game_pnl > 0 (decisive only),COMPATIBILITY_ONLY_NOT_PRODUCTION,22272.0729,20343.9520,168.3245,59,47,-0.00755765,,-0.00755765,-0.00755765,-168.3245,22272.0729,OK,0.0000,6.7330,4.0000,96.0000,AG03-UNRESOLVED,ALL5_LEVELS_bet23_to_bet27,6.7330,6.7330,8.4162,8.4162,8.4162,4.000000,4.000000,5.000000,5.000000,5.000000,96.000000,96.000000,95.000000,95.000000,95.000000,5.0,38.7146,35.3217,129.6098,133.0027,PENDING_AG03,FALSE,NOT_FOR_ENFORCEMENT,161.5915,19530.1940,168.3245,161.5915,6.7330,0.00755765,0.00725534,6.7330,161.5915,0.00725534,6.7330,6.7330,8.4162,8.4162,8.4162,161.5915,0.00725534,38.7146,35.3217,129.6098,133.0027,0.00581939,0.00597173,0.00030231,377.4928,432.8500,3.5814,24.0464,4.6757,3181.7247,6.7143,,377.4928,88.9982,392.6393,654.3989,785.2786,785.2786,785.2786,274.8475,-5.2352,2.0,2.0,0.961424,16,26,10,5,0E-8,0.00755765,,0E-8,0.000000,0.913429,0.000000,,2026-04-04,2026-04-28,7,36,28,25,0.280000,,,0.000000,,,,,,,,GLOBAL_BASELINE_NO_ENTITY_RANKING,,,NOT_APPLICABLE_GLOBAL_BASELINE,HF9g-P5,,,,X 全窗基线 · 不参与实体赏罚,6873811,688,A168_HF9F_20260827_0900,2026-08-27 09:00:00
2026-06-19,123704916,1490,0,1126.2541445979,-168.3245058775,-168.3245058775,0.3181818,40,22,0.42630434598848337,0.356430406818,-1.0254792354992384,-0.3745774452783373,-1.0254792354992384,0.06987393917048337,ELIGIBLE,R03b_20260811_FULL_v1,L1_ELIGIBILITY,v2026-08-11,2026-03-21..2026-08-06,baccarat_bet02_101_all_pairs_incl_sentinel,round_win = game_pnl > 0 (decisive only),COMPATIBILITY_ONLY_NOT_PRODUCTION,1126.2541,1048.3142,168.3245,40,22,-0.14945517,,-0.14945517,-0.14945517,-168.3245,1126.2541,OK,0.0000,6.7330,4.0000,96.0000,AG03-UNRESOLVED,ALL5_LEVELS_bet23_to_bet27,6.7330,6.7330,6.7330,6.7330,6.7330,4.000000,4.000000,4.000000,4.000000,4.000000,96.000000,96.000000,96.000000,96.000000,96.000000,5.0,33.6649,31.0773,134.6596,137.2472,PENDING_AG03,FALSE,NOT_FOR_ENFORCEMENT,161.5915,1006.3816,168.3245,161.5915,6.7330,0.14945517,0.14347696,6.7330,161.5915,0.14347696,6.7330,6.7330,6.7330,6.7330,6.7330,161.5915,0.14347696,33.6649,31.0773,134.6596,137.2472,0.11956414,0.12186167,0.00597821,28.1564,47.6506,7.6511,168.3245,168.3245,1126.2541,22.0000,,28.1564,10.7652,21.5304,43.0608,64.5911,75.3563,86.1215,16.3631,-7.8586,3.5,4.0,1.30775,1,1,2,7,0E-8,0.14945517,,0E-8,0.000000,0.930797,0.000000,,2026-06-19,2026-06-19,1,1,1,1,1.000000,,,0.000000,,,,,,,,GLOBAL_BASELINE_NO_ENTITY_RANKING,,,NOT_APPLICABLE_GLOBAL_BASELINE,HF9g-P5,,,,X 全窗基线 · 不参与实体赏罚,6873812,688,A168_HF9F_20260827_0900,2026-08-27 09:00:00
2026-04-04,148217347,1330,0,41.8815276287,-41.8815276287,-41.8815276287,0E-7,2,2,0.49324550000000000,0.493245500000,-1.3952362676504506,-1.3952362676504506,-1.3952362676504506,0E-17,ELIGIBLE,R03b_20260811_FULL_v1,L1_ELIGIBILITY,v2026-08-11,2026-03-21..2026-08-06,baccarat_bet02_101_all_pairs_incl_sentinel,round_win = game_pnl > 0 (decisive only),COMPATIBILITY_ONLY_NOT_PRODUCTION,413.8418,413.8418,168.3245,10,10,-0.40673624,,-0.40673624,-0.40673624,-168.3245,413.8418,THIN_EXPOSURE,0.0000,6.7330,4.0000,96.0000,AG03-UNRESOLVED,ALL5_LEVELS_bet23_to_bet27,6.7330,6.7330,6.7330,8.4162,8.4162,4.000000,4.000000,4.000000,5.000000,5.000000,96.000000,96.000000,96.000000,95.000000,95.000000,5.0,37.0314,33.9217,131.2931,134.4028,PENDING_AG03,FALSE,NOT_FOR_ENFORCEMENT,161.5915,397.2882,168.3245,161.5915,6.7330,0.40673624,0.39046679,6.7330,161.5915,0.39046679,6.7330,6.7330,6.7330,8.4162,8.4162,161.5915,0.39046679,37.0314,33.9217,131.2931,134.4028,0.31725427,0.32476841,0.01626945,41.3842,41.3842,16.8324,168.3245,33.6649,413.8418,10.0000,,41.3842,20.9408,40.5727,52.3519,79.9675,86.3807,86.3807,40.5727,-20.9408,2.129032,2.129032,1.02,5,5,2,2,0E-8,0.40673624,,0E-8,0.000000,1.000000,0.000000,,2026-04-04,2026-04-04,1,5,5,1,1.000000,,,0.000000,,,,,,,,GLOBAL_BASELINE_NO_ENTITY_RANKING,,,NOT_APPLICABLE_GLOBAL_BASELINE,HF9g-P5,,,,X 全窗基线 · 不参与实体赏罚,6873813,688,A168_HF9F_20260827_0900,2026-08-27 09:00:00
2026-04-04,148217347,1963,0,159.6733240845,-159.6733240845,-159.6733240845,0E-7,3,3,0.49771390000000000,0.497713900000,-1.724149546644903,-1.724149546644903,-1.724149546644903,0E-17,ELIGIBLE,R03b_20260811_FULL_v1,L1_ELIGIBILITY,v2026-08-11,2026-03-21..2026-08-06,baccarat_bet02_101_all_pairs_incl_sentinel,round_win = game_pnl > 0 (decisive only),COMPATIBILITY_ONLY_NOT_PRODUCTION,413.8418,413.8418,168.3245,10,10,-0.40673624,,-0.40673624,-0.40673624,-168.3245,413.8418,THIN_EXPOSURE,0.0000,6.7330,4.0000,96.0000,AG03-UNRESOLVED,ALL5_LEVELS_bet23_to_bet27,6.7330,6.7330,6.7330,8.4162,8.4162,4.000000,4.000000,4.000000,5.000000,5.000000,96.000000,96.000000,96.000000,95.000000,95.000000,5.0,37.0314,33.9217,131.2931,134.4028,PENDING_AG03,FALSE,NOT_FOR_ENFORCEMENT,161.5915,397.2882,168.3245,161.5915,6.7330,0.40673624,0.39046679,6.7330,161.5915,0.39046679,6.7330,6.7330,6.7330,8.4162,8.4162,161.5915,0.39046679,37.0314,33.9217,131.2931,134.4028,0.31725427,0.32476841,0.01626945,41.3842,41.3842,16.8324,168.3245,33.6649,413.8418,10.0000,,41.3842,20.9408,40.5727,52.3519,79.9675,86.3807,86.3807,40.5727,-20.9408,2.129032,2.129032,1.02,5,5,2,2,0E-8,0.40673624,,0E-8,0.000000,1.000000,0.000000,,2026-04-04,2026-04-04,1,5,5,1,1.000000,,,0.000000,,,,,,,,GLOBAL_BASELINE_NO_ENTITY_RANKING,,,NOT_APPLICABLE_GLOBAL_BASELINE,HF9g-P5,,,,X 全窗基线 · 不参与实体赏罚,6873814,688,A168_HF9F_20260827_0900,2026-08-27 09:00:00
2026-04-04,148217347,2167,0,52.3519095359,-52.3519095359,-52.3519095359,0E-7,1,1,0.49324550000000000,0.493245500000,-0.9865810262130424,-0.9865810262130424,-0.9865810262130424,0E-17,ELIGIBLE,R03b_20260811_FULL_v1,L1_ELIGIBILITY,v2026-08-11,2026-03-21..2026-08-06,baccarat_bet02_101_all_pairs_incl_sentinel,round_win = game_pnl > 0 (decisive only),COMPATIBILITY_ONLY_NOT_PRODUCTION,413.8418,413.8418,168.3245,10,10,-0.40673624,,-0.40673624,-0.40673624,-168.3245,413.8418,THIN_EXPOSURE,0.0000,6.7330,4.0000,96.0000,AG03-UNRESOLVED,ALL5_LEVELS_bet23_to_bet27,6.7330,6.7330,6.7330,8.4162,8.4162,4.000000,4.000000,4.000000,5.000000,5.000000,96.000000,96.000000,96.000000,95.000000,95.000000,5.0,37.0314,33.9217,131.2931,134.4028,PENDING_AG03,FALSE,NOT_FOR_ENFORCEMENT,161.5915,397.2882,168.3245,161.5915,6.7330,0.40673624,0.39046679,6.7330,161.5915,0.39046679,6.7330,6.7330,6.7330,8.4162,8.4162,161.5915,0.39046679,37.0314,33.9217,131.2931,134.4028,0.31725427,0.32476841,0.01626945,41.3842,41.3842,16.8324,168.3245,33.6649,413.8418,10.0000,,41.3842,20.9408,40.5727,52.3519,79.9675,86.3807,86.3807,40.5727,-20.9408,2.129032,2.129032,1.02,5,5,2,2,0E-8,0.40673624,,0E-8,0.000000,1.000000,0.000000,,2026-04-04,2026-04-04,1,5,5,1,1.000000,,,0.000000,,,,,,,,GLOBAL_BASELINE_NO_ENTITY_RANKING,,,NOT_APPLICABLE_GLOBAL_BASELINE,HF9g-P5,,,,X 全窗基线 · 不参与实体赏罚,6873815,688,A168_HF9F_20260827_0900,2026-08-27 09:00:00
2026-04-04,148217347,2174,0,20.9407638144,-20.9407638144,-20.9407638144,0E-7,1,1,0.49324550000000000,0.493245500000,-0.9865810262130424,-0.9865810262130424,-0.9865810262130424,0E-17,ELIGIBLE,R03b_20260811_FULL_v1,L1_ELIGIBILITY,v2026-08-11,2026-03-21..2026-08-06,baccarat_bet02_101_all_pairs_incl_sentinel,round_win = game_pnl > 0 (decisive only),COMPATIBILITY_ONLY_NOT_PRODUCTION,413.8418,413.8418,168.3245,10,10,-0.40673624,,-0.40673624,-0.40673624,-168.3245,413.8418,THIN_EXPOSURE,0.0000,6.7330,4.0000,96.0000,AG03-UNRESOLVED,ALL5_LEVELS_bet23_to_bet27,6.7330,6.7330,6.7330,8.4162,8.4162,4.000000,4.000000,4.000000,5.000000,5.000000,96.000000,96.000000,96.000000,95.000000,95.000000,5.0,37.0314,33.9217,131.2931,134.4028,PENDING_AG03,FALSE,NOT_FOR_ENFORCEMENT,161.5915,397.2882,168.3245,161.5915,6.7330,0.40673624,0.39046679,6.7330,161.5915,0.39046679,6.7330,6.7330,6.7330,8.4162,8.4162,161.5915,0.39046679,37.0314,33.9217,131.2931,134.4028,0.31725427,0.32476841,0.01626945,41.3842,41.3842,16.8324,168.3245,33.6649,413.8418,10.0000,,41.3842,20.9408,40.5727,52.3519,79.9675,86.3807,86.3807,40.5727,-20.9408,2.129032,2.129032,1.02,5,5,2,2,0E-8,0.40673624,,0E-8,0.000000,1.000000,0.000000,,2026-04-04,2026-04-04,1,5,5,1,1.000000,,,0.000000,,,,,,,,GLOBAL_BASELINE_NO_ENTITY_RANKING,,,NOT_APPLICABLE_GLOBAL_BASELINE,HF9g-P5,,,,X 全窗基线 · 不参与实体赏罚,6873816,688,A168_HF9F_20260827_0900,2026-08-27 09:00:00
2026-04-04,148217347,925,0,138.9943198178,106.5230479281,106.5230479281,0.6666667,3,3,0.50665070000000000,0.506650700000,0.5543606114942035,0.5543606114942035,0.5543606114942035,0E-17,ELIGIBLE,R03b_20260811_FULL_v1,L1_ELIGIBILITY,v2026-08-11,2026-03-21..2026-08-06,baccarat_bet02_101_all_pairs_incl_sentinel,round_win = game_pnl > 0 (decisive only),COMPATIBILITY_ONLY_NOT_PRODUCTION,413.8418,413.8418,168.3245,10,10,-0.40673624,,-0.40673624,-0.40673624,-168.3245,413.8418,THIN_EXPOSURE,0.0000,6.7330,4.0000,96.0000,AG03-UNRESOLVED,ALL5_LEVELS_bet23_to_bet27,6.7330,6.7330,6.7330,8.4162,8.4162,4.000000,4.000000,4.000000,5.000000,5.000000,96.000000,96.000000,96.000000,95.000000,95.000000,5.0,37.0314,33.9217,131.2931,134.4028,PENDING_AG03,FALSE,NOT_FOR_ENFORCEMENT,161.5915,397.2882,168.3245,161.5915,6.7330,0.40673624,0.39046679,6.7330,161.5915,0.39046679,6.7330,6.7330,6.7330,8.4162,8.4162,161.5915,0.39046679,37.0314,33.9217,131.2931,134.4028,0.31725427,0.32476841,0.01626945,41.3842,41.3842,16.8324,168.3245,33.6649,413.8418,10.0000,,41.3842,20.9408,40.5727,52.3519,79.9675,86.3807,86.3807,40.5727,-20.9408,2.129032,2.129032,1.02,5,5,2,2,0E-8,0.40673624,,0E-8,0.000000,1.000000,0.000000,,2026-04-04,2026-04-04,1,5,5,1,1.000000,,,0.000000,,,,,,,,GLOBAL_BASELINE_NO_ENTITY_RANKING,,,NOT_APPLICABLE_GLOBAL_BASELINE,HF9g-P5,,,,X 全窗基线 · 不参与实体赏罚,6873817,688,A168_HF9F_20260827_0900,2026-08-27 09:00:00
2026-06-27,53692050,-1,1,215.3037936528,102.2693019851,102.2693019851,1.0000000,2,2,0.50665070000000000,0.506650700000,0.9867858985152569,0.9867858985152569,0.9867858985152569,0E-17,SENTINEL_DEALER,R03b_20260811_FULL_v1,L1_ELIGIBILITY,v2026-08-11,2026-03-21..2026-08-06,baccarat_bet02_101_all_pairs_incl_sentinel,round_win = game_pnl > 0 (decisive only),COMPATIBILITY_ONLY_NOT_PRODUCTION,12677.5319,11299.2406,168.3263,100,98,-0.01327753,-0.09277057,0.19090909,-0.01327753,-168.3263,12677.5319,OK,0.0000,6.7331,4.0000,96.0000,AG03-UNRESOLVED,ALL5_LEVELS_bet23_to_bet27,6.7331,6.7331,6.7331,0.0000,0.0000,4.000000,4.000000,4.000000,0.000000,0.000000,96.000000,96.000000,96.000000,100.000000,100.000000,5.0,20.1992,19.402,148.1271,148.9243,PENDING_AG03,FALSE,NOT_FOR_ENFORCEMENT,161.5932,10847.2710,168.3263,161.5932,6.7331,0.01327753,0.01274643,6.7331,161.5932,0.01274643,6.7331,6.7331,6.7331,0.0000,0.0000,161.5932,0.01274643,20.1992,19.402,148.1271,148.9243,0.01168423,0.01174711,0.00053110,126.7753,115.2984,1.7176,21.0408,5.1008,1584.6915,12.2500,136.1943,107.6519,106.7646,107.6519,144.4089,206.0705,209.2882,222.0852,107.6519,0.0,1.94412,2.062994,1.177641,18,23,7,2,0.71977885,0.01327753,0.09277057,0E-8,0.000000,0.891281,0.000000,-0.28367966,2026-06-27,2026-08-04,8,33,32,39,0.205128,1.265136,1.074297,2.399263,,,,,,,,GLOBAL_BASELINE_NO_ENTITY_RANKING,,,NOT_APPLICABLE_GLOBAL_BASELINE,HF9g-P5,,,,X 全窗基线 · 不参与实体赏罚,6873818,688,A168_HF9F_20260827_0900,2026-08-27 09:00:00
2026-06-27,53692050,1210,0,1291.8227619168,199.1560091289,199.1560091289,0.5833333,12,12,0.49994810000000000,0.499948100000,0.577709846049527,0.577709846049527,0.577709846049527,0E-17,ELIGIBLE,R03b_20260811_FULL_v1,L1_ELIGIBILITY,v2026-08-11,2026-03-21..2026-08-06,baccarat_bet02_101_all_pairs_incl_sentinel,round_win = game_pnl > 0 (decisive only),COMPATIBILITY_ONLY_NOT_PRODUCTION,12677.5319,11299.2406,168.3263,100,98,-0.01327753,-0.09277057,0.19090909,-0.01327753,-168.3263,12677.5319,OK,0.0000,6.7331,4.0000,96.0000,AG03-UNRESOLVED,ALL5_LEVELS_bet23_to_bet27,6.7331,6.7331,6.7331,0.0000,0.0000,4.000000,4.000000,4.000000,0.000000,0.000000,96.000000,96.000000,96.000000,100.000000,100.000000,5.0,20.1992,19.402,148.1271,148.9243,PENDING_AG03,FALSE,NOT_FOR_ENFORCEMENT,161.5932,10847.2710,168.3263,161.5932,6.7331,0.01327753,0.01274643,6.7331,161.5932,0.01274643,6.7331,6.7331,6.7331,0.0000,0.0000,161.5932,0.01274643,20.1992,19.402,148.1271,148.9243,0.01168423,0.01174711,0.00053110,126.7753,115.2984,1.7176,21.0408,5.1008,1584.6915,12.2500,136.1943,107.6519,106.7646,107.6519,144.4089,206.0705,209.2882,222.0852,107.6519,0.0,1.94412,2.062994,1.177641,18,23,7,2,0.71977885,0.01327753,0.09277057,0E-8,0.000000,0.891281,0.000000,-0.28367966,2026-06-27,2026-08-04,8,33,32,39,0.205128,1.265136,1.074297,2.399263,,,,,,,,GLOBAL_BASELINE_NO_ENTITY_RANKING,,,NOT_APPLICABLE_GLOBAL_BASELINE,HF9g-P5,,,,X 全窗基线 · 不参与实体赏罚,6873819,688,A168_HF9F_20260827_0900,2026-08-27 09:00:00
2026-06-27,53692050,1307,0,107.6518968264,-107.6518968264,-107.6518968264,0E-7,1,1,0.50665070000000000,0.506650700000,-1.013391052207602,-1.013391052207602,-1.013391052207602,0E-17,ELIGIBLE,R03b_20260811_FULL_v1,L1_ELIGIBILITY,v2026-08-11,2026-03-21..2026-08-06,baccarat_bet02_101_all_pairs_incl_sentinel,round_win = game_pnl > 0 (decisive only),COMPATIBILITY_ONLY_NOT_PRODUCTION,12677.5319,11299.2406,168.3263,100,98,-0.01327753,-0.09277057,0.19090909,-0.01327753,-168.3263,12677.5319,OK,0.0000,6.7331,4.0000,96.0000,AG03-UNRESOLVED,ALL5_LEVELS_bet23_to_bet27,6.7331,6.7331,6.7331,0.0000,0.0000,4.000000,4.000000,4.000000,0.000000,0.000000,96.000000,96.000000,96.000000,100.000000,100.000000,5.0,20.1992,19.402,148.1271,148.9243,PENDING_AG03,FALSE,NOT_FOR_ENFORCEMENT,161.5932,10847.2710,168.3263,161.5932,6.7331,0.01327753,0.01274643,6.7331,161.5932,0.01274643,6.7331,6.7331,6.7331,0.0000,0.0000,161.5932,0.01274643,20.1992,19.402,148.1271,148.9243,0.01168423,0.01174711,0.00053110,126.7753,115.2984,1.7176,21.0408,5.1008,1584.6915,12.2500,136.1943,107.6519,106.7646,107.6519,144.4089,206.0705,209.2882,222.0852,107.6519,0.0,1.94412,2.062994,1.177641,18,23,7,2,0.71977885,0.01327753,0.09277057,0E-8,0.000000,0.891281,0.000000,-0.28367966,2026-06-27,2026-08-04,8,33,32,39,0.205128,1.265136,1.074297,2.399263,,,,,,,,GLOBAL_BASELINE_NO_ENTITY_RANKING,,,NOT_APPLICABLE_GLOBAL_BASELINE,HF9g-P5,,,,X 全窗基线 · 不参与实体赏罚,6873820,688,A168_HF9F_20260827_0900,2026-08-27 09:00:00
2026-06-27,53692050,1396,0,1076.5189682640,602.8506222280,602.8506222280,0.8000000,10,10,0.50665070000000000,0.506650700000,1.855468024713057,1.855468024713057,1.855468024713057,0E-17,ELIGIBLE,R03b_20260811_FULL_v1,L1_ELIGIBILITY,v2026-08-11,2026-03-21..2026-08-06,baccarat_bet02_101_all_pairs_incl_sentinel,round_win = game_pnl > 0 (decisive only),COMPATIBILITY_ONLY_NOT_PRODUCTION,12677.5319,11299.2406,168.3263,100,98,-0.01327753,-0.09277057,0.19090909,-0.01327753,-168.3263,12677.5319,OK,0.0000,6.7331,4.0000,96.0000,AG03-UNRESOLVED,ALL5_LEVELS_bet23_to_bet27,6.7331,6.7331,6.7331,0.0000,0.0000,4.000000,4.000000,4.000000,0.000000,0.000000,96.000000,96.000000,96.000000,100.000000,100.000000,5.0,20.1992,19.402,148.1271,148.9243,PENDING_AG03,FALSE,NOT_FOR_ENFORCEMENT,161.5932,10847.2710,168.3263,161.5932,6.7331,0.01327753,0.01274643,6.7331,161.5932,0.01274643,6.7331,6.7331,6.7331,0.0000,0.0000,161.5932,0.01274643,20.1992,19.402,148.1271,148.9243,0.01168423,0.01174711,0.00053110,126.7753,115.2984,1.7176,21.0408,5.1008,1584.6915,12.2500,136.1943,107.6519,106.7646,107.6519,144.4089,206.0705,209.2882,222.0852,107.6519,0.0,1.94412,2.062994,1.177641,18,23,7,2,0.71977885,0.01327753,0.09277057,0E-8,0.000000,0.891281,0.000000,-0.28367966,2026-06-27,2026-08-04,8,33,32,39,0.205128,1.265136,1.074297,2.399263,,,,,,,,GLOBAL_BASELINE_NO_ENTITY_RANKING,,,NOT_APPLICABLE_GLOBAL_BASELINE,HF9g-P5,,,,X 全窗基线 · 不参与实体赏罚,6873821,688,A168_HF9F_20260827_0900,2026-08-27 09:00:00
2026-06-27,53692050,2103,0,215.3037936528,-5.3825948413,-5.3825948413,0.5000000,2,2,0.49994810000000000,0.499948100000,0.00014679536856514622,0.00014679536856514622,0.00014679536856514622,0E-17,ELIGIBLE,R03b_20260811_FULL_v1,L1_ELIGIBILITY,v2026-08-11,2026-03-21..2026-08-06,baccarat_bet02_101_all_pairs_incl_sentinel,round_win = game_pnl > 0 (decisive only),COMPATIBILITY_ONLY_NOT_PRODUCTION,12677.5319,11299.2406,168.3263,100,98,-0.01327753,-0.09277057,0.19090909,-0.01327753,-168.3263,12677.5319,OK,0.0000,6.7331,4.0000,96.0000,AG03-UNRESOLVED,ALL5_LEVELS_bet23_to_bet27,6.7331,6.7331,6.7331,0.0000,0.0000,4.000000,4.000000,4.000000,0.000000,0.000000,96.000000,96.000000,96.000000,100.000000,100.000000,5.0,20.1992,19.402,148.1271,148.9243,PENDING_AG03,FALSE,NOT_FOR_ENFORCEMENT,161.5932,10847.2710,168.3263,161.5932,6.7331,0.01327753,0.01274643,6.7331,161.5932,0.01274643,6.7331,6.7331,6.7331,0.0000,0.0000,161.5932,0.01274643,20.1992,19.402,148.1271,148.9243,0.01168423,0.01174711,0.00053110,126.7753,115.2984,1.7176,21.0408,5.1008,1584.6915,12.2500,136.1943,107.6519,106.7646,107.6519,144.4089,206.0705,209.2882,222.0852,107.6519,0.0,1.94412,2.062994,1.177641,18,23,7,2,0.71977885,0.01327753,0.09277057,0E-8,0.000000,0.891281,0.000000,-0.28367966,2026-06-27,2026-08-04,8,33,32,39,0.205128,1.265136,1.074297,2.399263,,,,,,,,GLOBAL_BASELINE_NO_ENTITY_RANKING,,,NOT_APPLICABLE_GLOBAL_BASELINE,HF9g-P5,,,,X 全窗基线 · 不参与实体赏罚,6873822,688,A168_HF9F_20260827_0900,2026-08-27 09:00:00
2026-06-27,53692050,2115,0,215.3037936528,-107.6518968264,-107.6518968264,0E-7,2,2,0.49324550000000000,0.493245500000,-0.9865810262130424,-0.9865810262130424,-0.9865810262130424,0E-17,ELIGIBLE,R03b_20260811_FULL_v1,L1_ELIGIBILITY,v2026-08-11,2026-03-21..2026-08-06,baccarat_bet02_101_all_pairs_incl_sentinel,round_win = game_pnl > 0 (decisive only),COMPATIBILITY_ONLY_NOT_PRODUCTION,12677.5319,11299.2406,168.3263,100,98,-0.01327753,-0.09277057,0.19090909,-0.01327753,-168.3263,12677.5319,OK,0.0000,6.7331,4.0000,96.0000,AG03-UNRESOLVED,ALL5_LEVELS_bet23_to_bet27,6.7331,6.7331,6.7331,0.0000,0.0000,4.000000,4.000000,4.000000,0.000000,0.000000,96.000000,96.000000,96.000000,100.000000,100.000000,5.0,20.1992,19.402,148.1271,148.9243,PENDING_AG03,FALSE,NOT_FOR_ENFORCEMENT,161.5932,10847.2710,168.3263,161.5932,6.7331,0.01327753,0.01274643,6.7331,161.5932,0.01274643,6.7331,6.7331,6.7331,0.0000,0.0000,161.5932,0.01274643,20.1992,19.402,148.1271,148.9243,0.01168423,0.01174711,0.00053110,126.7753,115.2984,1.7176,21.0408,5.1008,1584.6915,12.2500,136.1943,107.6519,106.7646,107.6519,144.4089,206.0705,209.2882,222.0852,107.6519,0.0,1.94412,2.062994,1.177641,18,23,7,2,0.71977885,0.01327753,0.09277057,0E-8,0.000000,0.891281,0.000000,-0.28367966,2026-06-27,2026-08-04,8,33,32,39,0.205128,1.265136,1.074297,2.399263,,,,,,,,GLOBAL_BASELINE_NO_ENTITY_RANKING,,,NOT_APPLICABLE_GLOBAL_BASELINE,HF9g-P5,,,,X 全窗基线 · 不参与实体赏罚,6873823,688,A168_HF9F_20260827_0900,2026-08-27 09:00:00
2026-06-27,53692050,772,0,107.6518968264,107.6518968264,107.6518968264,1.0000000,1,1,0.49324550000000000,0.493245500000,1.01360149184955,1.01360149184955,1.01360149184955,0E-17,ELIGIBLE,R03b_20260811_FULL_v1,L1_ELIGIBILITY,v2026-08-11,2026-03-21..2026-08-06,baccarat_bet02_101_all_pairs_incl_sentinel,round_win = game_pnl > 0 (decisive only),COMPATIBILITY_ONLY_NOT_PRODUCTION,12677.5319,11299.2406,168.3263,100,98,-0.01327753,-0.09277057,0.19090909,-0.01327753,-168.3263,12677.5319,OK,0.0000,6.7331,4.0000,96.0000,AG03-UNRESOLVED,ALL5_LEVELS_bet23_to_bet27,6.7331,6.7331,6.7331,0.0000,0.0000,4.000000,4.000000,4.000000,0.000000,0.000000,96.000000,96.000000,96.000000,100.000000,100.000000,5.0,20.1992,19.402,148.1271,148.9243,PENDING_AG03,FALSE,NOT_FOR_ENFORCEMENT,161.5932,10847.2710,168.3263,161.5932,6.7331,0.01327753,0.01274643,6.7331,161.5932,0.01274643,6.7331,6.7331,6.7331,0.0000,0.0000,161.5932,0.01274643,20.1992,19.402,148.1271,148.9243,0.01168423,0.01174711,0.00053110,126.7753,115.2984,1.7176,21.0408,5.1008,1584.6915,12.2500,136.1943,107.6519,106.7646,107.6519,144.4089,206.0705,209.2882,222.0852,107.6519,0.0,1.94412,2.062994,1.177641,18,23,7,2,0.71977885,0.01327753,0.09277057,0E-8,0.000000,0.891281,0.000000,-0.28367966,2026-06-27,2026-08-04,8,33,32,39,0.205128,1.265136,1.074297,2.399263,,,,,,,,GLOBAL_BASELINE_NO_ENTITY_RANKING,,,NOT_APPLICABLE_GLOBAL_BASELINE,HF9g-P5,,,,X 全窗基线 · 不参与实体赏罚,6873824,688,A168_HF9F_20260827_0900,2026-08-27 09:00:00
2026-06-28,53692050,-1,1,322.9556904792,-113.0344916677,-113.0344916677,0.3333333,3,3,0.49771390000000000,0.497713900000,-0.5694369385616226,-0.5694369385616226,-0.5694369385616226,0E-17,SENTINEL_DEALER,R03b_20260811_FULL_v1,L1_ELIGIBILITY,v2026-08-11,2026-03-21..2026-08-06,baccarat_bet02_101_all_pairs_incl_sentinel,round_win = game_pnl > 0 (decisive only),COMPATIBILITY_ONLY_NOT_PRODUCTION,12677.5319,11299.2406,168.3263,100,98,-0.01327753,-0.09277057,0.19090909,-0.01327753,-168.3263,12677.5319,OK,0.0000,6.7331,4.0000,96.0000,AG03-UNRESOLVED,ALL5_LEVELS_bet23_to_bet27,6.7331,6.7331,6.7331,0.0000,0.0000,4.000000,4.000000,4.000000,0.000000,0.000000,96.000000,96.000000,96.000000,100.000000,100.000000,5.0,20.1992,19.402,148.1271,148.9243,PENDING_AG03,FALSE,NOT_FOR_ENFORCEMENT,161.5932,10847.2710,168.3263,161.5932,6.7331,0.01327753,0.01274643,6.7331,161.5932,0.01274643,6.7331,6.7331,6.7331,0.0000,0.0000,161.5932,0.01274643,20.1992,19.402,148.1271,148.9243,0.01168423,0.01174711,0.00053110,126.7753,115.2984,1.7176,21.0408,5.1008,1584.6915,12.2500,136.1943,107.6519,106.7646,107.6519,144.4089,206.0705,209.2882,222.0852,107.6519,0.0,1.94412,2.062994,1.177641,18,23,7,2,0.71977885,0.01327753,0.09277057,0E-8,0.000000,0.891281,0.000000,-0.28367966,2026-06-27,2026-08-04,8,33,32,39,0.205128,1.265136,1.074297,2.399263,,,,,,,,GLOBAL_BASELINE_NO_ENTITY_RANKING,,,NOT_APPLICABLE_GLOBAL_BASELINE,HF9g-P5,,,,X 全窗基线 · 不参与实体赏罚,6873825,688,A168_HF9F_20260827_0900,2026-08-27 09:00:00
2026-07-12,53692050,-1,1,427.0584215920,-106.7646053980,-106.7646053980,0.3333333,4,4,0.49324550000000000,0.493245500000,-0.5540025479526107,-0.5540025479526106,-0.5540025479526107,0E-17,SENTINEL_DEALER,R03b_20260811_FULL_v1,L1_ELIGIBILITY,v2026-08-11,2026-03-21..2026-08-06,baccarat_bet02_101_all_pairs_incl_sentinel,round_win = game_pnl > 0 (decisive only),COMPATIBILITY_ONLY_NOT_PRODUCTION,12677.5319,11299.2406,168.3263,100,98,-0.01327753,-0.09277057,0.19090909,-0.01327753,-168.3263,12677.5319,OK,0.0000,6.7331,4.0000,96.0000,AG03-UNRESOLVED,ALL5_LEVELS_bet23_to_bet27,6.7331,6.7331,6.7331,0.0000,0.0000,4.000000,4.000000,4.000000,0.000000,0.000000,96.000000,96.000000,96.000000,100.000000,100.000000,5.0,20.1992,19.402,148.1271,148.9243,PENDING_AG03,FALSE,NOT_FOR_ENFORCEMENT,161.5932,10847.2710,168.3263,161.5932,6.7331,0.01327753,0.01274643,6.7331,161.5932,0.01274643,6.7331,6.7331,6.7331,0.0000,0.0000,161.5932,0.01274643,20.1992,19.402,148.1271,148.9243,0.01168423,0.01174711,0.00053110,126.7753,115.2984,1.7176,21.0408,5.1008,1584.6915,12.2500,136.1943,107.6519,106.7646,107.6519,144.4089,206.0705,209.2882,222.0852,107.6519,0.0,1.94412,2.062994,1.177641,18,23,7,2,0.71977885,0.01327753,0.09277057,0E-8,0.000000,0.891281,0.000000,-0.28367966,2026-06-27,2026-08-04,8,33,32,39,0.205128,1.265136,1.074297,2.399263,,,,,,,,GLOBAL_BASELINE_NO_ENTITY_RANKING,,,NOT_APPLICABLE_GLOBAL_BASELINE,HF9g-P5,,,,X 全窗基线 · 不参与实体赏罚,6873826,688,A168_HF9F_20260827_0900,2026-08-27 09:00:00
2026-07-12,53692050,1507,0,651.2640929278,90.7499145883,90.7499145883,0.3333333,5,4,0.49827245000000000,0.498272450000,-0.571369270876619,-0.571369270876619,-0.571369270876619,0E-17,ELIGIBLE,R03b_20260811_FULL_v1,L1_ELIGIBILITY,v2026-08-11,2026-03-21..2026-08-06,baccarat_bet02_101_all_pairs_incl_sentinel,round_win = game_pnl > 0 (decisive only),COMPATIBILITY_ONLY_NOT_PRODUCTION,12677.5319,11299.2406,168.3263,100,98,-0.01327753,-0.09277057,0.19090909,-0.01327753,-168.3263,12677.5319,OK,0.0000,6.7331,4.0000,96.0000,AG03-UNRESOLVED,ALL5_LEVELS_bet23_to_bet27,6.7331,6.7331,6.7331,0.0000,0.0000,4.000000,4.000000,4.000000,0.000000,0.000000,96.000000,96.000000,96.000000,100.000000,100.000000,5.0,20.1992,19.402,148.1271,148.9243,PENDING_AG03,FALSE,NOT_FOR_ENFORCEMENT,161.5932,10847.2710,168.3263,161.5932,6.7331,0.01327753,0.01274643,6.7331,161.5932,0.01274643,6.7331,6.7331,6.7331,0.0000,0.0000,161.5932,0.01274643,20.1992,19.402,148.1271,148.9243,0.01168423,0.01174711,0.00053110,126.7753,115.2984,1.7176,21.0408,5.1008,1584.6915,12.2500,136.1943,107.6519,106.7646,107.6519,144.4089,206.0705,209.2882,222.0852,107.6519,0.0,1.94412,2.062994,1.177641,18,23,7,2,0.71977885,0.01327753,0.09277057,0E-8,0.000000,0.891281,0.000000,-0.28367966,2026-06-27,2026-08-04,8,33,32,39,0.205128,1.265136,1.074297,2.399263,,,,,,,,GLOBAL_BASELINE_NO_ENTITY_RANKING,,,NOT_APPLICABLE_GLOBAL_BASELINE,HF9g-P5,,,,X 全窗基线 · 不参与实体赏罚,6873827,688,A168_HF9F_20260827_0900,2026-08-27 09:00:00
2026-07-12,53692050,1509,0,106.7646053980,101.4263751281,101.4263751281,1.0000000,1,1,0.50665070000000000,0.506650700000,0.9867858985152569,0.9867858985152569,0.9867858985152569,0E-17,ELIGIBLE,R03b_20260811_FULL_v1,L1_ELIGIBILITY,v2026-08-11,2026-03-21..2026-08-06,baccarat_bet02_101_all_pairs_incl_sentinel,round_win = game_pnl > 0 (decisive only),COMPATIBILITY_ONLY_NOT_PRODUCTION,12677.5319,11299.2406,168.3263,100,98,-0.01327753,-0.09277057,0.19090909,-0.01327753,-168.3263,12677.5319,OK,0.0000,6.7331,4.0000,96.0000,AG03-UNRESOLVED,ALL5_LEVELS_bet23_to_bet27,6.7331,6.7331,6.7331,0.0000,0.0000,4.000000,4.000000,4.000000,0.000000,0.000000,96.000000,96.000000,96.000000,100.000000,100.000000,5.0,20.1992,19.402,148.1271,148.9243,PENDING_AG03,FALSE,NOT_FOR_ENFORCEMENT,161.5932,10847.2710,168.3263,161.5932,6.7331,0.01327753,0.01274643,6.7331,161.5932,0.01274643,6.7331,6.7331,6.7331,0.0000,0.0000,161.5932,0.01274643,20.1992,19.402,148.1271,148.9243,0.01168423,0.01174711,0.00053110,126.7753,115.2984,1.7176,21.0408,5.1008,1584.6915,12.2500,136.1943,107.6519,106.7646,107.6519,144.4089,206.0705,209.2882,222.0852,107.6519,0.0,1.94412,2.062994,1.177641,18,23,7,2,0.71977885,0.01327753,0.09277057,0E-8,0.000000,0.891281,0.000000,-0.28367966,2026-06-27,2026-08-04,8,33,32,39,0.205128,1.265136,1.074297,2.399263,,,,,,,,GLOBAL_BASELINE_NO_ENTITY_RANKING,,,NOT_APPLICABLE_GLOBAL_BASELINE,HF9g-P5,,,,X 全窗基线 · 不参与实体赏罚,6873828,688,A168_HF9F_20260827_0900,2026-08-27 09:00:00
2026-07-12,53692050,1654,0,896.8226853432,19.2176289717,19.2176289717,0.5000000,6,6,0.50441650000000000,0.504416500000,-0.02163718700157003,-0.02163718700157003,-0.02163718700157003,0E-17,ELIGIBLE,R03b_20260811_FULL_v1,L1_ELIGIBILITY,v2026-08-11,2026-03-21..2026-08-06,baccarat_bet02_101_all_pairs_incl_sentinel,round_win = game_pnl > 0 (decisive only),COMPATIBILITY_ONLY_NOT_PRODUCTION,12677.5319,11299.2406,168.3263,100,98,-0.01327753,-0.09277057,0.19090909,-0.01327753,-168.3263,12677.5319,OK,0.0000,6.7331,4.0000,96.0000,AG03-UNRESOLVED,ALL5_LEVELS_bet23_to_bet27,6.7331,6.7331,6.7331,0.0000,0.0000,4.000000,4.000000,4.000000,0.000000,0.000000,96.000000,96.000000,96.000000,100.000000,100.000000,5.0,20.1992,19.402,148.1271,148.9243,PENDING_AG03,FALSE,NOT_FOR_ENFORCEMENT,161.5932,10847.2710,168.3263,161.5932,6.7331,0.01327753,0.01274643,6.7331,161.5932,0.01274643,6.7331,6.7331,6.7331,0.0000,0.0000,161.5932,0.01274643,20.1992,19.402,148.1271,148.9243,0.01168423,0.01174711,0.00053110,126.7753,115.2984,1.7176,21.0408,5.1008,1584.6915,12.2500,136.1943,107.6519,106.7646,107.6519,144.4089,206.0705,209.2882,222.0852,107.6519,0.0,1.94412,2.062994,1.177641,18,23,7,2,0.71977885,0.01327753,0.09277057,0E-8,0.000000,0.891281,0.000000,-0.28367966,2026-06-27,2026-08-04,8,33,32,39,0.205128,1.265136,1.074297,2.399263,,,,,,,,GLOBAL_BASELINE_NO_ENTITY_RANKING,,,NOT_APPLICABLE_GLOBAL_BASELINE,HF9g-P5,,,,X 全窗基线 · 不参与实体赏罚,6873829,688,A168_HF9F_20260827_0900,2026-08-27 09:00:00
2026-07-12,53692050,2103,0,469.7642637512,-219.9350871199,-219.9350871199,0.2500000,4,4,0.50329940000000000,0.503299400000,-1.013219660140378,-1.013219660140378,-1.013219660140378,0E-17,ELIGIBLE,R03b_20260811_FULL_v1,L1_ELIGIBILITY,v2026-08-11,2026-03-21..2026-08-06,baccarat_bet02_101_all_pairs_incl_sentinel,round_win = game_pnl > 0 (decisive only),COMPATIBILITY_ONLY_NOT_PRODUCTION,12677.5319,11299.2406,168.3263,100,98,-0.01327753,-0.09277057,0.19090909,-0.01327753,-168.3263,12677.5319,OK,0.0000,6.7331,4.0000,96.0000,AG03-UNRESOLVED,ALL5_LEVELS_bet23_to_bet27,6.7331,6.7331,6.7331,0.0000,0.0000,4.000000,4.000000,4.000000,0.000000,0.000000,96.000000,96.000000,96.000000,100.000000,100.000000,5.0,20.1992,19.402,148.1271,148.9243,PENDING_AG03,FALSE,NOT_FOR_ENFORCEMENT,161.5932,10847.2710,168.3263,161.5932,6.7331,0.01327753,0.01274643,6.7331,161.5932,0.01274643,6.7331,6.7331,6.7331,0.0000,0.0000,161.5932,0.01274643,20.1992,19.402,148.1271,148.9243,0.01168423,0.01174711,0.00053110,126.7753,115.2984,1.7176,21.0408,5.1008,1584.6915,12.2500,136.1943,107.6519,106.7646,107.6519,144.4089,206.0705,209.2882,222.0852,107.6519,0.0,1.94412,2.062994,1.177641,18,23,7,2,0.71977885,0.01327753,0.09277057,0E-8,0.000000,0.891281,0.000000,-0.28367966,2026-06-27,2026-08-04,8,33,32,39,0.205128,1.265136,1.074297,2.399263,,,,,,,,GLOBAL_BASELINE_NO_ENTITY_RANKING,,,NOT_APPLICABLE_GLOBAL_BASELINE,HF9g-P5,,,,X 全窗基线 · 不参与实体赏罚,6873830,688,A168_HF9F_20260827_0900,2026-08-27 09:00:00
2026-07-15,53692050,-1,1,416.3819610522,-96.0881448582,-96.0881448582,0.3333333,3,3,0.50218230000000000,0.502182300000,-0.5849155494134425,-0.5849155494134426,-0.5849155494134425,0E-17,SENTINEL_DEALER,R03b_20260811_FULL_v1,L1_ELIGIBILITY,v2026-08-11,2026-03-21..2026-08-06,baccarat_bet02_101_all_pairs_incl_sentinel,round_win = game_pnl > 0 (decisive only),COMPATIBILITY_ONLY_NOT_PRODUCTION,12677.5319,11299.2406,168.3263,100,98,-0.01327753,-0.09277057,0.19090909,-0.01327753,-168.3263,12677.5319,OK,0.0000,6.7331,4.0000,96.0000,AG03-UNRESOLVED,ALL5_LEVELS_bet23_to_bet27,6.7331,6.7331,6.7331,0.0000,0.0000,4.000000,4.000000,4.000000,0.000000,0.000000,96.000000,96.000000,96.000000,100.000000,100.000000,5.0,20.1992,19.402,148.1271,148.9243,PENDING_AG03,FALSE,NOT_FOR_ENFORCEMENT,161.5932,10847.2710,168.3263,161.5932,6.7331,0.01327753,0.01274643,6.7331,161.5932,0.01274643,6.7331,6.7331,6.7331,0.0000,0.0000,161.5932,0.01274643,20.1992,19.402,148.1271,148.9243,0.01168423,0.01174711,0.00053110,126.7753,115.2984,1.7176,21.0408,5.1008,1584.6915,12.2500,136.1943,107.6519,106.7646,107.6519,144.4089,206.0705,209.2882,222.0852,107.6519,0.0,1.94412,2.062994,1.177641,18,23,7,2,0.71977885,0.01327753,0.09277057,0E-8,0.000000,0.891281,0.000000,-0.28367966,2026-06-27,2026-08-04,8,33,32,39,0.205128,1.265136,1.074297,2.399263,,,,,,,,GLOBAL_BASELINE_NO_ENTITY_RANKING,,,NOT_APPLICABLE_GLOBAL_BASELINE,HF9g-P5,,,,X 全窗基线 · 不参与实体赏罚,6873831,688,A168_HF9F_20260827_0900,2026-08-27 09:00:00
2026-07-15,53692050,1710,0,875.4697642636,-164.4174923128,-164.4174923128,0.4000000,6,6,0.50441650000000000,0.504416500000,-0.466983001748531,-0.466983001748531,-0.466983001748531,0E-17,ELIGIBLE,R03b_20260811_FULL_v1,L1_ELIGIBILITY,v2026-08-11,2026-03-21..2026-08-06,baccarat_bet02_101_all_pairs_incl_sentinel,round_win = game_pnl > 0 (decisive only),COMPATIBILITY_ONLY_NOT_PRODUCTION,12677.5319,11299.2406,168.3263,100,98,-0.01327753,-0.09277057,0.19090909,-0.01327753,-168.3263,12677.5319,OK,0.0000,6.7331,4.0000,96.0000,AG03-UNRESOLVED,ALL5_LEVELS_bet23_to_bet27,6.7331,6.7331,6.7331,0.0000,0.0000,4.000000,4.000000,4.000000,0.000000,0.000000,96.000000,96.000000,96.000000,100.000000,100.000000,5.0,20.1992,19.402,148.1271,148.9243,PENDING_AG03,FALSE,NOT_FOR_ENFORCEMENT,161.5932,10847.2710,168.3263,161.5932,6.7331,0.01327753,0.01274643,6.7331,161.5932,0.01274643,6.7331,6.7331,6.7331,0.0000,0.0000,161.5932,0.01274643,20.1992,19.402,148.1271,148.9243,0.01168423,0.01174711,0.00053110,126.7753,115.2984,1.7176,21.0408,5.1008,1584.6915,12.2500,136.1943,107.6519,106.7646,107.6519,144.4089,206.0705,209.2882,222.0852,107.6519,0.0,1.94412,2.062994,1.177641,18,23,7,2,0.71977885,0.01327753,0.09277057,0E-8,0.000000,0.891281,0.000000,-0.28367966,2026-06-27,2026-08-04,8,33,32,39,0.205128,1.265136,1.074297,2.399263,,,,,,,,GLOBAL_BASELINE_NO_ENTITY_RANKING,,,NOT_APPLICABLE_GLOBAL_BASELINE,HF9g-P5,,,,X 全窗基线 · 不参与实体赏罚,6873832,688,A168_HF9F_20260827_0900,2026-08-27 09:00:00
2026-07-15,53692050,2224,0,234.8821318756,-106.7646053980,-106.7646053980,0E-7,2,2,0.50665070000000000,0.506650700000,-1.013391052207602,-1.013391052207602,-1.013391052207602,0E-17,ELIGIBLE,R03b_20260811_FULL_v1,L1_ELIGIBILITY,v2026-08-11,2026-03-21..2026-08-06,baccarat_bet02_101_all_pairs_incl_sentinel,round_win = game_pnl > 0 (decisive only),COMPATIBILITY_ONLY_NOT_PRODUCTION,12677.5319,11299.2406,168.3263,100,98,-0.01327753,-0.09277057,0.19090909,-0.01327753,-168.3263,12677.5319,OK,0.0000,6.7331,4.0000,96.0000,AG03-UNRESOLVED,ALL5_LEVELS_bet23_to_bet27,6.7331,6.7331,6.7331,0.0000,0.0000,4.000000,4.000000,4.000000,0.000000,0.000000,96.000000,96.000000,96.000000,100.000000,100.000000,5.0,20.1992,19.402,148.1271,148.9243,PENDING_AG03,FALSE,NOT_FOR_ENFORCEMENT,161.5932,10847.2710,168.3263,161.5932,6.7331,0.01327753,0.01274643,6.7331,161.5932,0.01274643,6.7331,6.7331,6.7331,0.0000,0.0000,161.5932,0.01274643,20.1992,19.402,148.1271,148.9243,0.01168423,0.01174711,0.00053110,126.7753,115.2984,1.7176,21.0408,5.1008,1584.6915,12.2500,136.1943,107.6519,106.7646,107.6519,144.4089,206.0705,209.2882,222.0852,107.6519,0.0,1.94412,2.062994,1.177641,18,23,7,2,0.71977885,0.01327753,0.09277057,0E-8,0.000000,0.891281,0.000000,-0.28367966,2026-06-27,2026-08-04,8,33,32,39,0.205128,1.265136,1.074297,2.399263,,,,,,,,GLOBAL_BASELINE_NO_ENTITY_RANKING,,,NOT_APPLICABLE_GLOBAL_BASELINE,HF9g-P5,,,,X 全窗基线 · 不参与实体赏罚,6873833,688,A168_HF9F_20260827_0900,2026-08-27 09:00:00
2026-07-15,53692050,2271,0,106.7646053980,-106.7646053980,-106.7646053980,0E-7,1,1,0.50665070000000000,0.506650700000,-1.013391052207602,-1.013391052207602,-1.013391052207602,0E-17,ELIGIBLE,R03b_20260811_FULL_v1,L1_ELIGIBILITY,v2026-08-11,2026-03-21..2026-08-06,baccarat_bet02_101_all_pairs_incl_sentinel,round_win = game_pnl > 0 (decisive only),COMPATIBILITY_ONLY_NOT_PRODUCTION,12677.5319,11299.2406,168.3263,100,98,-0.01327753,-0.09277057,0.19090909,-0.01327753,-168.3263,12677.5319,OK,0.0000,6.7331,4.0000,96.0000,AG03-UNRESOLVED,ALL5_LEVELS_bet23_to_bet27,6.7331,6.7331,6.7331,0.0000,0.0000,4.000000,4.000000,4.000000,0.000000,0.000000,96.000000,96.000000,96.000000,100.000000,100.000000,5.0,20.1992,19.402,148.1271,148.9243,PENDING_AG03,FALSE,NOT_FOR_ENFORCEMENT,161.5932,10847.2710,168.3263,161.5932,6.7331,0.01327753,0.01274643,6.7331,161.5932,0.01274643,6.7331,6.7331,6.7331,0.0000,0.0000,161.5932,0.01274643,20.1992,19.402,148.1271,148.9243,0.01168423,0.01174711,0.00053110,126.7753,115.2984,1.7176,21.0408,5.1008,1584.6915,12.2500,136.1943,107.6519,106.7646,107.6519,144.4089,206.0705,209.2882,222.0852,107.6519,0.0,1.94412,2.062994,1.177641,18,23,7,2,0.71977885,0.01327753,0.09277057,0E-8,0.000000,0.891281,0.000000,-0.28367966,2026-06-27,2026-08-04,8,33,32,39,0.205128,1.265136,1.074297,2.399263,,,,,,,,GLOBAL_BASELINE_NO_ENTITY_RANKING,,,NOT_APPLICABLE_GLOBAL_BASELINE,HF9g-P5,,,,X 全窗基线 · 不参与实体赏罚,6873834,688,A168_HF9F_20260827_0900,2026-08-27 09:00:00
2026-07-15,53692050,2278,0,106.7646053980,-106.7646053980,-106.7646053980,0E-7,1,1,0.49324550000000000,0.493245500000,-0.9865810262130424,-0.9865810262130424,-0.9865810262130424,0E-17,ELIGIBLE,R03b_20260811_FULL_v1,L1_ELIGIBILITY,v2026-08-11,2026-03-21..2026-08-06,baccarat_bet02_101_all_pairs_incl_sentinel,round_win = game_pnl > 0 (decisive only),COMPATIBILITY_ONLY_NOT_PRODUCTION,12677.5319,11299.2406,168.3263,100,98,-0.01327753,-0.09277057,0.19090909,-0.01327753,-168.3263,12677.5319,OK,0.0000,6.7331,4.0000,96.0000,AG03-UNRESOLVED,ALL5_LEVELS_bet23_to_bet27,6.7331,6.7331,6.7331,0.0000,0.0000,4.000000,4.000000,4.000000,0.000000,0.000000,96.000000,96.000000,96.000000,100.000000,100.000000,5.0,20.1992,19.402,148.1271,148.9243,PENDING_AG03,FALSE,NOT_FOR_ENFORCEMENT,161.5932,10847.2710,168.3263,161.5932,6.7331,0.01327753,0.01274643,6.7331,161.5932,0.01274643,6.7331,6.7331,6.7331,0.0000,0.0000,161.5932,0.01274643,20.1992,19.402,148.1271,148.9243,0.01168423,0.01174711,0.00053110,126.7753,115.2984,1.7176,21.0408,5.1008,1584.6915,12.2500,136.1943,107.6519,106.7646,107.6519,144.4089,206.0705,209.2882,222.0852,107.6519,0.0,1.94412,2.062994,1.177641,18,23,7,2,0.71977885,0.01327753,0.09277057,0E-8,0.000000,0.891281,0.000000,-0.28367966,2026-06-27,2026-08-04,8,33,32,39,0.205128,1.265136,1.074297,2.399263,,,,,,,,GLOBAL_BASELINE_NO_ENTITY_RANKING,,,NOT_APPLICABLE_GLOBAL_BASELINE,HF9g-P5,,,,X 全窗基线 · 不参与实体赏罚,6873835,688,A168_HF9F_20260827_0900,2026-08-27 09:00:00
2026-07-15,53692050,2289,0,768.7051588656,113.1704817220,113.1704817220,0.6000000,5,5,0.50128862000000000,0.501288620000,0.4414521777673877,0.4414521777673877,0.4414521777673877,0E-17,ELIGIBLE,R03b_20260811_FULL_v1,L1_ELIGIBILITY,v2026-08-11,2026-03-21..2026-08-06,baccarat_bet02_101_all_pairs_incl_sentinel,round_win = game_pnl > 0 (decisive only),COMPATIBILITY_ONLY_NOT_PRODUCTION,12677.5319,11299.2406,168.3263,100,98,-0.01327753,-0.09277057,0.19090909,-0.01327753,-168.3263,12677.5319,OK,0.0000,6.7331,4.0000,96.0000,AG03-UNRESOLVED,ALL5_LEVELS_bet23_to_bet27,6.7331,6.7331,6.7331,0.0000,0.0000,4.000000,4.000000,4.000000,0.000000,0.000000,96.000000,96.000000,96.000000,100.000000,100.000000,5.0,20.1992,19.402,148.1271,148.9243,PENDING_AG03,FALSE,NOT_FOR_ENFORCEMENT,161.5932,10847.2710,168.3263,161.5932,6.7331,0.01327753,0.01274643,6.7331,161.5932,0.01274643,6.7331,6.7331,6.7331,0.0000,0.0000,161.5932,0.01274643,20.1992,19.402,148.1271,148.9243,0.01168423,0.01174711,0.00053110,126.7753,115.2984,1.7176,21.0408,5.1008,1584.6915,12.2500,136.1943,107.6519,106.7646,107.6519,144.4089,206.0705,209.2882,222.0852,107.6519,0.0,1.94412,2.062994,1.177641,18,23,7,2,0.71977885,0.01327753,0.09277057,0E-8,0.000000,0.891281,0.000000,-0.28367966,2026-06-27,2026-08-04,8,33,32,39,0.205128,1.265136,1.074297,2.399263,,,,,,,,GLOBAL_BASELINE_NO_ENTITY_RANKING,,,NOT_APPLICABLE_GLOBAL_BASELINE,HF9g-P5,,,,X 全窗基线 · 不参与实体赏罚,6873836,688,A168_HF9F_20260827_0900,2026-08-27 09:00:00
2026-07-31,53692050,1210,0,209.2882107950,-5.2322052698,-5.2322052698,0.5000000,2,2,0.50665070000000000,0.506650700000,-0.018812684590367487,-0.018812684590367487,-0.018812684590367487,0E-17,ELIGIBLE,R03b_20260811_FULL_v1,L1_ELIGIBILITY,v2026-08-11,2026-03-21..2026-08-06,baccarat_bet02_101_all_pairs_incl_sentinel,round_win = game_pnl > 0 (decisive only),COMPATIBILITY_ONLY_NOT_PRODUCTION,12677.5319,11299.2406,168.3263,100,98,-0.01327753,-0.09277057,0.19090909,-0.01327753,-168.3263,12677.5319,OK,0.0000,6.7331,4.0000,96.0000,AG03-UNRESOLVED,ALL5_LEVELS_bet23_to_bet27,6.7331,6.7331,6.7331,0.0000,0.0000,4.000000,4.000000,4.000000,0.000000,0.000000,96.000000,96.000000,96.000000,100.000000,100.000000,5.0,20.1992,19.402,148.1271,148.9243,PENDING_AG03,FALSE,NOT_FOR_ENFORCEMENT,161.5932,10847.2710,168.3263,161.5932,6.7331,0.01327753,0.01274643,6.7331,161.5932,0.01274643,6.7331,6.7331,6.7331,0.0000,0.0000,161.5932,0.01274643,20.1992,19.402,148.1271,148.9243,0.01168423,0.01174711,0.00053110,126.7753,115.2984,1.7176,21.0408,5.1008,1584.6915,12.2500,136.1943,107.6519,106.7646,107.6519,144.4089,206.0705,209.2882,222.0852,107.6519,0.0,1.94412,2.062994,1.177641,18,23,7,2,0.71977885,0.01327753,0.09277057,0E-8,0.000000,0.891281,0.000000,-0.28367966,2026-06-27,2026-08-04,8,33,32,39,0.205128,1.265136,1.074297,2.399263,,,,,,,,GLOBAL_BASELINE_NO_ENTITY_RANKING,,,NOT_APPLICABLE_GLOBAL_BASELINE,HF9g-P5,,,,X 全窗基线 · 不参与实体赏罚,6873837,688,A168_HF9F_20260827_0900,2026-08-27 09:00:00
2026-07-31,53692050,1402,0,104.6441053975,104.6441053975,104.6441053975,1.0000000,1,1,0.49324550000000000,0.493245500000,1.01360149184955,1.01360149184955,1.01360149184955,0E-17,ELIGIBLE,R03b_20260811_FULL_v1,L1_ELIGIBILITY,v2026-08-11,2026-03-21..2026-08-06,baccarat_bet02_101_all_pairs_incl_sentinel,round_win = game_pnl > 0 (decisive only),COMPATIBILITY_ONLY_NOT_PRODUCTION,12677.5319,11299.2406,168.3263,100,98,-0.01327753,-0.09277057,0.19090909,-0.01327753,-168.3263,12677.5319,OK,0.0000,6.7331,4.0000,96.0000,AG03-UNRESOLVED,ALL5_LEVELS_bet23_to_bet27,6.7331,6.7331,6.7331,0.0000,0.0000,4.000000,4.000000,4.000000,0.000000,0.000000,96.000000,96.000000,96.000000,100.000000,100.000000,5.0,20.1992,19.402,148.1271,148.9243,PENDING_AG03,FALSE,NOT_FOR_ENFORCEMENT,161.5932,10847.2710,168.3263,161.5932,6.7331,0.01327753,0.01274643,6.7331,161.5932,0.01274643,6.7331,6.7331,6.7331,0.0000,0.0000,161.5932,0.01274643,20.1992,19.402,148.1271,148.9243,0.01168423,0.01174711,0.00053110,126.7753,115.2984,1.7176,21.0408,5.1008,1584.6915,12.2500,136.1943,107.6519,106.7646,107.6519,144.4089,206.0705,209.2882,222.0852,107.6519,0.0,1.94412,2.062994,1.177641,18,23,7,2,0.71977885,0.01327753,0.09277057,0E-8,0.000000,0.891281,0.000000,-0.28367966,2026-06-27,2026-08-04,8,33,32,39,0.205128,1.265136,1.074297,2.399263,,,,,,,,GLOBAL_BASELINE_NO_ENTITY_RANKING,,,NOT_APPLICABLE_GLOBAL_BASELINE,HF9g-P5,,,,X 全窗基线 · 不参与实体赏罚,6873838,688,A168_HF9F_20260827_0900,2026-08-27 09:00:00
2026-07-31,53692050,2103,0,104.6441053975,-104.6441053975,-104.6441053975,0E-7,1,1,0.49324550000000000,0.493245500000,-0.9865810262130424,-0.9865810262130424,-0.9865810262130424,0E-17,ELIGIBLE,R03b_20260811_FULL_v1,L1_ELIGIBILITY,v2026-08-11,2026-03-21..2026-08-06,baccarat_bet02_101_all_pairs_incl_sentinel,round_win = game_pnl > 0 (decisive only),COMPATIBILITY_ONLY_NOT_PRODUCTION,12677.5319,11299.2406,168.3263,100,98,-0.01327753,-0.09277057,0.19090909,-0.01327753,-168.3263,12677.5319,OK,0.0000,6.7331,4.0000,96.0000,AG03-UNRESOLVED,ALL5_LEVELS_bet23_to_bet27,6.7331,6.7331,6.7331,0.0000,0.0000,4.000000,4.000000,4.000000,0.000000,0.000000,96.000000,96.000000,96.000000,100.000000,100.000000,5.0,20.1992,19.402,148.1271,148.9243,PENDING_AG03,FALSE,NOT_FOR_ENFORCEMENT,161.5932,10847.2710,168.3263,161.5932,6.7331,0.01327753,0.01274643,6.7331,161.5932,0.01274643,6.7331,6.7331,6.7331,0.0000,0.0000,161.5932,0.01274643,20.1992,19.402,148.1271,148.9243,0.01168423,0.01174711,0.00053110,126.7753,115.2984,1.7176,21.0408,5.1008,1584.6915,12.2500,136.1943,107.6519,106.7646,107.6519,144.4089,206.0705,209.2882,222.0852,107.6519,0.0,1.94412,2.062994,1.177641,18,23,7,2,0.71977885,0.01327753,0.09277057,0E-8,0.000000,0.891281,0.000000,-0.28367966,2026-06-27,2026-08-04,8,33,32,39,0.205128,1.265136,1.074297,2.399263,,,,,,,,GLOBAL_BASELINE_NO_ENTITY_RANKING,,,NOT_APPLICABLE_GLOBAL_BASELINE,HF9g-P5,,,,X 全窗基线 · 不参与实体赏罚,6873839,688,A168_HF9F_20260827_0900,2026-08-27 09:00:00
2026-08-01,53692050,1325,0,104.6441053975,-104.6441053975,-104.6441053975,0E-7,1,1,0.50665070000000000,0.506650700000,-1.013391052207602,-1.013391052207602,-1.013391052207602,0E-17,ELIGIBLE,R03b_20260811_FULL_v1,L1_ELIGIBILITY,v2026-08-11,2026-03-21..2026-08-06,baccarat_bet02_101_all_pairs_incl_sentinel,round_win = game_pnl > 0 (decisive only),COMPATIBILITY_ONLY_NOT_PRODUCTION,12677.5319,11299.2406,168.3263,100,98,-0.01327753,-0.09277057,0.19090909,-0.01327753,-168.3263,12677.5319,OK,0.0000,6.7331,4.0000,96.0000,AG03-UNRESOLVED,ALL5_LEVELS_bet23_to_bet27,6.7331,6.7331,6.7331,0.0000,0.0000,4.000000,4.000000,4.000000,0.000000,0.000000,96.000000,96.000000,96.000000,100.000000,100.000000,5.0,20.1992,19.402,148.1271,148.9243,PENDING_AG03,FALSE,NOT_FOR_ENFORCEMENT,161.5932,10847.2710,168.3263,161.5932,6.7331,0.01327753,0.01274643,6.7331,161.5932,0.01274643,6.7331,6.7331,6.7331,0.0000,0.0000,161.5932,0.01274643,20.1992,19.402,148.1271,148.9243,0.01168423,0.01174711,0.00053110,126.7753,115.2984,1.7176,21.0408,5.1008,1584.6915,12.2500,136.1943,107.6519,106.7646,107.6519,144.4089,206.0705,209.2882,222.0852,107.6519,0.0,1.94412,2.062994,1.177641,18,23,7,2,0.71977885,0.01327753,0.09277057,0E-8,0.000000,0.891281,0.000000,-0.28367966,2026-06-27,2026-08-04,8,33,32,39,0.205128,1.265136,1.074297,2.399263,,,,,,,,GLOBAL_BASELINE_NO_ENTITY_RANKING,,,NOT_APPLICABLE_GLOBAL_BASELINE,HF9g-P5,,,,X 全窗基线 · 不参与实体赏罚,6873840,688,A168_HF9F_20260827_0900,2026-08-27 09:00:00
2026-08-01,53692050,1385,0,104.6441053975,-104.6441053975,-104.6441053975,0E-7,1,1,0.49324550000000000,0.493245500000,-0.9865810262130424,-0.9865810262130424,-0.9865810262130424,0E-17,ELIGIBLE,R03b_20260811_FULL_v1,L1_ELIGIBILITY,v2026-08-11,2026-03-21..2026-08-06,baccarat_bet02_101_all_pairs_incl_sentinel,round_win = game_pnl > 0 (decisive only),COMPATIBILITY_ONLY_NOT_PRODUCTION,12677.5319,11299.2406,168.3263,100,98,-0.01327753,-0.09277057,0.19090909,-0.01327753,-168.3263,12677.5319,OK,0.0000,6.7331,4.0000,96.0000,AG03-UNRESOLVED,ALL5_LEVELS_bet23_to_bet27,6.7331,6.7331,6.7331,0.0000,0.0000,4.000000,4.000000,4.000000,0.000000,0.000000,96.000000,96.000000,96.000000,100.000000,100.000000,5.0,20.1992,19.402,148.1271,148.9243,PENDING_AG03,FALSE,NOT_FOR_ENFORCEMENT,161.5932,10847.2710,168.3263,161.5932,6.7331,0.01327753,0.01274643,6.7331,161.5932,0.01274643,6.7331,6.7331,6.7331,0.0000,0.0000,161.5932,0.01274643,20.1992,19.402,148.1271,148.9243,0.01168423,0.01174711,0.00053110,126.7753,115.2984,1.7176,21.0408,5.1008,1584.6915,12.2500,136.1943,107.6519,106.7646,107.6519,144.4089,206.0705,209.2882,222.0852,107.6519,0.0,1.94412,2.062994,1.177641,18,23,7,2,0.71977885,0.01327753,0.09277057,0E-8,0.000000,0.891281,0.000000,-0.28367966,2026-06-27,2026-08-04,8,33,32,39,0.205128,1.265136,1.074297,2.399263,,,,,,,,GLOBAL_BASELINE_NO_ENTITY_RANKING,,,NOT_APPLICABLE_GLOBAL_BASELINE,HF9g-P5,,,,X 全窗基线 · 不参与实体赏罚,6873841,688,A168_HF9F_20260827_0900,2026-08-27 09:00:00
2026-08-01,53692050,2103,0,104.6441053975,-104.6441053975,-104.6441053975,0E-7,1,1,0.49324550000000000,0.493245500000,-0.9865810262130424,-0.9865810262130424,-0.9865810262130424,0E-17,ELIGIBLE,R03b_20260811_FULL_v1,L1_ELIGIBILITY,v2026-08-11,2026-03-21..2026-08-06,baccarat_bet02_101_all_pairs_incl_sentinel,round_win = game_pnl > 0 (decisive only),COMPATIBILITY_ONLY_NOT_PRODUCTION,12677.5319,11299.2406,168.3263,100,98,-0.01327753,-0.09277057,0.19090909,-0.01327753,-168.3263,12677.5319,OK,0.0000,6.7331,4.0000,96.0000,AG03-UNRESOLVED,ALL5_LEVELS_bet23_to_bet27,6.7331,6.7331,6.7331,0.0000,0.0000,4.000000,4.000000,4.000000,0.000000,0.000000,96.000000,96.000000,96.000000,100.000000,100.000000,5.0,20.1992,19.402,148.1271,148.9243,PENDING_AG03,FALSE,NOT_FOR_ENFORCEMENT,161.5932,10847.2710,168.3263,161.5932,6.7331,0.01327753,0.01274643,6.7331,161.5932,0.01274643,6.7331,6.7331,6.7331,0.0000,0.0000,161.5932,0.01274643,20.1992,19.402,148.1271,148.9243,0.01168423,0.01174711,0.00053110,126.7753,115.2984,1.7176,21.0408,5.1008,1584.6915,12.2500,136.1943,107.6519,106.7646,107.6519,144.4089,206.0705,209.2882,222.0852,107.6519,0.0,1.94412,2.062994,1.177641,18,23,7,2,0.71977885,0.01327753,0.09277057,0E-8,0.000000,0.891281,0.000000,-0.28367966,2026-06-27,2026-08-04,8,33,32,39,0.205128,1.265136,1.074297,2.399263,,,,,,,,GLOBAL_BASELINE_NO_ENTITY_RANKING,,,NOT_APPLICABLE_GLOBAL_BASELINE,HF9g-P5,,,,X 全窗基线 · 不参与实体赏罚,6873842,688,A168_HF9F_20260827_0900,2026-08-27 09:00:00
2026-08-01,53692050,2169,0,209.2882107950,198.8238002554,198.8238002554,1.0000000,2,2,0.50665070000000000,0.506650700000,1.3955260008387969,1.3955260008387969,1.3955260008387969,0E-17,ELIGIBLE,R03b_20260811_FULL_v1,L1_ELIGIBILITY,v2026-08-11,2026-03-21..2026-08-06,baccarat_bet02_101_all_pairs_incl_sentinel,round_win = game_pnl > 0 (decisive only),COMPATIBILITY_ONLY_NOT_PRODUCTION,12677.5319,11299.2406,168.3263,100,98,-0.01327753,-0.09277057,0.19090909,-0.01327753,-168.3263,12677.5319,OK,0.0000,6.7331,4.0000,96.0000,AG03-UNRESOLVED,ALL5_LEVELS_bet23_to_bet27,6.7331,6.7331,6.7331,0.0000,0.0000,4.000000,4.000000,4.000000,0.000000,0.000000,96.000000,96.000000,96.000000,100.000000,100.000000,5.0,20.1992,19.402,148.1271,148.9243,PENDING_AG03,FALSE,NOT_FOR_ENFORCEMENT,161.5932,10847.2710,168.3263,161.5932,6.7331,0.01327753,0.01274643,6.7331,161.5932,0.01274643,6.7331,6.7331,6.7331,0.0000,0.0000,161.5932,0.01274643,20.1992,19.402,148.1271,148.9243,0.01168423,0.01174711,0.00053110,126.7753,115.2984,1.7176,21.0408,5.1008,1584.6915,12.2500,136.1943,107.6519,106.7646,107.6519,144.4089,206.0705,209.2882,222.0852,107.6519,0.0,1.94412,2.062994,1.177641,18,23,7,2,0.71977885,0.01327753,0.09277057,0E-8,0.000000,0.891281,0.000000,-0.28367966,2026-06-27,2026-08-04,8,33,32,39,0.205128,1.265136,1.074297,2.399263,,,,,,,,GLOBAL_BASELINE_NO_ENTITY_RANKING,,,NOT_APPLICABLE_GLOBAL_BASELINE,HF9g-P5,,,,X 全窗基线 · 不参与实体赏罚,6873843,688,A168_HF9F_20260827_0900,2026-08-27 09:00:00
2026-08-02,53692050,1400,0,837.1528431804,-20.9288210796,-20.9288210796,0.5000000,4,4,0.50665070000000000,0.506650700000,-0.02660515369234503,-0.02660515369234503,-0.02660515369234503,0E-17,ELIGIBLE,R03b_20260811_FULL_v1,L1_ELIGIBILITY,v2026-08-11,2026-03-21..2026-08-06,baccarat_bet02_101_all_pairs_incl_sentinel,round_win = game_pnl > 0 (decisive only),COMPATIBILITY_ONLY_NOT_PRODUCTION,12677.5319,11299.2406,168.3263,100,98,-0.01327753,-0.09277057,0.19090909,-0.01327753,-168.3263,12677.5319,OK,0.0000,6.7331,4.0000,96.0000,AG03-UNRESOLVED,ALL5_LEVELS_bet23_to_bet27,6.7331,6.7331,6.7331,0.0000,0.0000,4.000000,4.000000,4.000000,0.000000,0.000000,96.000000,96.000000,96.000000,100.000000,100.000000,5.0,20.1992,19.402,148.1271,148.9243,PENDING_AG03,FALSE,NOT_FOR_ENFORCEMENT,161.5932,10847.2710,168.3263,161.5932,6.7331,0.01327753,0.01274643,6.7331,161.5932,0.01274643,6.7331,6.7331,6.7331,0.0000,0.0000,161.5932,0.01274643,20.1992,19.402,148.1271,148.9243,0.01168423,0.01174711,0.00053110,126.7753,115.2984,1.7176,21.0408,5.1008,1584.6915,12.2500,136.1943,107.6519,106.7646,107.6519,144.4089,206.0705,209.2882,222.0852,107.6519,0.0,1.94412,2.062994,1.177641,18,23,7,2,0.71977885,0.01327753,0.09277057,0E-8,0.000000,0.891281,0.000000,-0.28367966,2026-06-27,2026-08-04,8,33,32,39,0.205128,1.265136,1.074297,2.399263,,,,,,,,GLOBAL_BASELINE_NO_ENTITY_RANKING,,,NOT_APPLICABLE_GLOBAL_BASELINE,HF9g-P5,,,,X 全窗基线 · 不参与实体赏罚,6873844,688,A168_HF9F_20260827_0900,2026-08-27 09:00:00
2026-08-02,53692050,1505,0,209.2882107951,-209.2882107951,-209.2882107951,0E-7,1,1,0.50665070000000000,0.506650700000,-1.013391052207602,-1.013391052207602,-1.013391052207602,0E-17,ELIGIBLE,R03b_20260811_FULL_v1,L1_ELIGIBILITY,v2026-08-11,2026-03-21..2026-08-06,baccarat_bet02_101_all_pairs_incl_sentinel,round_win = game_pnl > 0 (decisive only),COMPATIBILITY_ONLY_NOT_PRODUCTION,12677.5319,11299.2406,168.3263,100,98,-0.01327753,-0.09277057,0.19090909,-0.01327753,-168.3263,12677.5319,OK,0.0000,6.7331,4.0000,96.0000,AG03-UNRESOLVED,ALL5_LEVELS_bet23_to_bet27,6.7331,6.7331,6.7331,0.0000,0.0000,4.000000,4.000000,4.000000,0.000000,0.000000,96.000000,96.000000,96.000000,100.000000,100.000000,5.0,20.1992,19.402,148.1271,148.9243,PENDING_AG03,FALSE,NOT_FOR_ENFORCEMENT,161.5932,10847.2710,168.3263,161.5932,6.7331,0.01327753,0.01274643,6.7331,161.5932,0.01274643,6.7331,6.7331,6.7331,0.0000,0.0000,161.5932,0.01274643,20.1992,19.402,148.1271,148.9243,0.01168423,0.01174711,0.00053110,126.7753,115.2984,1.7176,21.0408,5.1008,1584.6915,12.2500,136.1943,107.6519,106.7646,107.6519,144.4089,206.0705,209.2882,222.0852,107.6519,0.0,1.94412,2.062994,1.177641,18,23,7,2,0.71977885,0.01327753,0.09277057,0E-8,0.000000,0.891281,0.000000,-0.28367966,2026-06-27,2026-08-04,8,33,32,39,0.205128,1.265136,1.074297,2.399263,,,,,,,,GLOBAL_BASELINE_NO_ENTITY_RANKING,,,NOT_APPLICABLE_GLOBAL_BASELINE,HF9g-P5,,,,X 全窗基线 · 不参与实体赏罚,6873845,688,A168_HF9F_20260827_0900,2026-08-27 09:00:00
2026-08-02,53692050,2141,0,627.8646323853,596.4714007659,596.4714007659,1.0000000,3,3,0.50665070000000000,0.506650700000,1.7091633124209307,1.7091633124209307,1.7091633124209307,0E-17,ELIGIBLE,R03b_20260811_FULL_v1,L1_ELIGIBILITY,v2026-08-11,2026-03-21..2026-08-06,baccarat_bet02_101_all_pairs_incl_sentinel,round_win = game_pnl > 0 (decisive only),COMPATIBILITY_ONLY_NOT_PRODUCTION,12677.5319,11299.2406,168.3263,100,98,-0.01327753,-0.09277057,0.19090909,-0.01327753,-168.3263,12677.5319,OK,0.0000,6.7331,4.0000,96.0000,AG03-UNRESOLVED,ALL5_LEVELS_bet23_to_bet27,6.7331,6.7331,6.7331,0.0000,0.0000,4.000000,4.000000,4.000000,0.000000,0.000000,96.000000,96.000000,96.000000,100.000000,100.000000,5.0,20.1992,19.402,148.1271,148.9243,PENDING_AG03,FALSE,NOT_FOR_ENFORCEMENT,161.5932,10847.2710,168.3263,161.5932,6.7331,0.01327753,0.01274643,6.7331,161.5932,0.01274643,6.7331,6.7331,6.7331,0.0000,0.0000,161.5932,0.01274643,20.1992,19.402,148.1271,148.9243,0.01168423,0.01174711,0.00053110,126.7753,115.2984,1.7176,21.0408,5.1008,1584.6915,12.2500,136.1943,107.6519,106.7646,107.6519,144.4089,206.0705,209.2882,222.0852,107.6519,0.0,1.94412,2.062994,1.177641,18,23,7,2,0.71977885,0.01327753,0.09277057,0E-8,0.000000,0.891281,0.000000,-0.28367966,2026-06-27,2026-08-04,8,33,32,39,0.205128,1.265136,1.074297,2.399263,,,,,,,,GLOBAL_BASELINE_NO_ENTITY_RANKING,,,NOT_APPLICABLE_GLOBAL_BASELINE,HF9g-P5,,,,X 全窗基线 · 不参与实体赏罚,6873846,688,A168_HF9F_20260827_0900,2026-08-27 09:00:00
2026-08-02,53692050,763,0,209.2882107951,-209.2882107951,-209.2882107951,0E-7,1,1,0.50665070000000000,0.506650700000,-1.013391052207602,-1.013391052207602,-1.013391052207602,0E-17,ELIGIBLE,R03b_20260811_FULL_v1,L1_ELIGIBILITY,v2026-08-11,2026-03-21..2026-08-06,baccarat_bet02_101_all_pairs_incl_sentinel,round_win = game_pnl > 0 (decisive only),COMPATIBILITY_ONLY_NOT_PRODUCTION,12677.5319,11299.2406,168.3263,100,98,-0.01327753,-0.09277057,0.19090909,-0.01327753,-168.3263,12677.5319,OK,0.0000,6.7331,4.0000,96.0000,AG03-UNRESOLVED,ALL5_LEVELS_bet23_to_bet27,6.7331,6.7331,6.7331,0.0000,0.0000,4.000000,4.000000,4.000000,0.000000,0.000000,96.000000,96.000000,96.000000,100.000000,100.000000,5.0,20.1992,19.402,148.1271,148.9243,PENDING_AG03,FALSE,NOT_FOR_ENFORCEMENT,161.5932,10847.2710,168.3263,161.5932,6.7331,0.01327753,0.01274643,6.7331,161.5932,0.01274643,6.7331,6.7331,6.7331,0.0000,0.0000,161.5932,0.01274643,20.1992,19.402,148.1271,148.9243,0.01168423,0.01174711,0.00053110,126.7753,115.2984,1.7176,21.0408,5.1008,1584.6915,12.2500,136.1943,107.6519,106.7646,107.6519,144.4089,206.0705,209.2882,222.0852,107.6519,0.0,1.94412,2.062994,1.177641,18,23,7,2,0.71977885,0.01327753,0.09277057,0E-8,0.000000,0.891281,0.000000,-0.28367966,2026-06-27,2026-08-04,8,33,32,39,0.205128,1.265136,1.074297,2.399263,,,,,,,,GLOBAL_BASELINE_NO_ENTITY_RANKING,,,NOT_APPLICABLE_GLOBAL_BASELINE,HF9g-P5,,,,X 全窗基线 · 不参与实体赏罚,6873847,688,A168_HF9F_20260827_0900,2026-08-27 09:00:00
2026-08-04,53692050,-1,1,1238.9862079065,-300.2239383852,-300.2239383852,0.2500000,11,10,0.50195888000000000,0.501958880000,-1.4253055994635482,-1.4253055994635482,-1.4253055994635482,0E-17,SENTINEL_DEALER,R03b_20260811_FULL_v1,L1_ELIGIBILITY,v2026-08-11,2026-03-21..2026-08-06,baccarat_bet02_101_all_pairs_incl_sentinel,round_win = game_pnl > 0 (decisive only),COMPATIBILITY_ONLY_NOT_PRODUCTION,12677.5319,11299.2406,168.3263,100,98,-0.01327753,-0.09277057,0.19090909,-0.01327753,-168.3263,12677.5319,OK,0.0000,6.7331,4.0000,96.0000,AG03-UNRESOLVED,ALL5_LEVELS_bet23_to_bet27,6.7331,6.7331,6.7331,0.0000,0.0000,4.000000,4.000000,4.000000,0.000000,0.000000,96.000000,96.000000,96.000000,100.000000,100.000000,5.0,20.1992,19.402,148.1271,148.9243,PENDING_AG03,FALSE,NOT_FOR_ENFORCEMENT,161.5932,10847.2710,168.3263,161.5932,6.7331,0.01327753,0.01274643,6.7331,161.5932,0.01274643,6.7331,6.7331,6.7331,0.0000,0.0000,161.5932,0.01274643,20.1992,19.402,148.1271,148.9243,0.01168423,0.01174711,0.00053110,126.7753,115.2984,1.7176,21.0408,5.1008,1584.6915,12.2500,136.1943,107.6519,106.7646,107.6519,144.4089,206.0705,209.2882,222.0852,107.6519,0.0,1.94412,2.062994,1.177641,18,23,7,2,0.71977885,0.01327753,0.09277057,0E-8,0.000000,0.891281,0.000000,-0.28367966,2026-06-27,2026-08-04,8,33,32,39,0.205128,1.265136,1.074297,2.399263,,,,,,,,GLOBAL_BASELINE_NO_ENTITY_RANKING,,,NOT_APPLICABLE_GLOBAL_BASELINE,HF9g-P5,,,,X 全窗基线 · 不参与实体赏罚,6873848,688,A168_HF9F_20260827_0900,2026-08-27 09:00:00
2026-04-04,114605996,1325,0,39.7874512474,-25.1289165773,-25.1289165773,0E-7,3,3,0.49324550000000000,0.493245500000,-1.3952362676504506,-1.3952362676504506,-1.3952362676504506,0E-17,ELIGIBLE,R03b_20260811_FULL_v1,L1_ELIGIBILITY,v2026-08-11,2026-03-21..2026-08-06,baccarat_bet02_101_all_pairs_incl_sentinel,round_win = game_pnl > 0 (decisive only),COMPATIBILITY_ONLY_NOT_PRODUCTION,338.9962,313.8673,168.3290,22,22,-0.49655121,,-0.49655121,-0.49655121,-168.3290,338.9962,THIN_EXPOSURE,0.0000,6.7332,4.0000,96.0000,AG03-UNRESOLVED,ALL5_LEVELS_bet23_to_bet27,6.7332,6.7332,6.7332,8.4164,8.4164,4.000000,4.000000,4.000000,5.000000,5.000000,96.000000,96.000000,96.000000,95.000000,95.000000,5.0,37.0324,33.9226,131.2966,134.4063,PENDING_AG03,FALSE,NOT_FOR_ENFORCEMENT,161.5958,301.3126,168.3290,161.5958,6.7332,0.49655121,0.47668916,6.7332,161.5958,0.47668916,6.7332,6.7332,6.7332,8.4164,8.4164,161.5958,0.47668916,37.0324,33.9226,131.2966,134.4063,0.38730994,0.39648335,0.01986205,15.4089,14.2667,7.6513,84.1645,33.6658,169.4981,11.0000,,15.4089,10.4704,10.4704,10.4704,22.5659,54.1055,77.4038,10.4704,-10.4704,5.167479,7.39264,1.471667,4,6,2,2,0E-8,0.49655121,,0E-8,0.000000,0.925873,0.000000,,2026-04-04,2026-06-16,2,5,5,74,0.027027,,,0.000000,,,,,,,,GLOBAL_BASELINE_NO_ENTITY_RANKING,,,NOT_APPLICABLE_GLOBAL_BASELINE,HF9g-P5,,,,X 全窗基线 · 不参与实体赏罚,6873849,688,A168_HF9F_20260827_0900,2026-08-27 09:00:00
2026-04-04,114605996,1505,0,62.8222914432,20.9407638144,20.9407638144,0.6666667,6,6,0.49547970000000000,0.495479700000,0.83867571210634,0.83867571210634,0.83867571210634,0E-17,ELIGIBLE,R03b_20260811_FULL_v1,L1_ELIGIBILITY,v2026-08-11,2026-03-21..2026-08-06,baccarat_bet02_101_all_pairs_incl_sentinel,round_win = game_pnl > 0 (decisive only),COMPATIBILITY_ONLY_NOT_PRODUCTION,338.9962,313.8673,168.3290,22,22,-0.49655121,,-0.49655121,-0.49655121,-168.3290,338.9962,THIN_EXPOSURE,0.0000,6.7332,4.0000,96.0000,AG03-UNRESOLVED,ALL5_LEVELS_bet23_to_bet27,6.7332,6.7332,6.7332,8.4164,8.4164,4.000000,4.000000,4.000000,5.000000,5.000000,96.000000,96.000000,96.000000,95.000000,95.000000,5.0,37.0324,33.9226,131.2966,134.4063,PENDING_AG03,FALSE,NOT_FOR_ENFORCEMENT,161.5958,301.3126,168.3290,161.5958,6.7332,0.49655121,0.47668916,6.7332,161.5958,0.47668916,6.7332,6.7332,6.7332,8.4164,8.4164,161.5958,0.47668916,37.0324,33.9226,131.2966,134.4063,0.38730994,0.39648335,0.01986205,15.4089,14.2667,7.6513,84.1645,33.6658,169.4981,11.0000,,15.4089,10.4704,10.4704,10.4704,22.5659,54.1055,77.4038,10.4704,-10.4704,5.167479,7.39264,1.471667,4,6,2,2,0E-8,0.49655121,,0E-8,0.000000,0.925873,0.000000,,2026-04-04,2026-06-16,2,5,5,74,0.027027,,,0.000000,,,,,,,,GLOBAL_BASELINE_NO_ENTITY_RANKING,,,NOT_APPLICABLE_GLOBAL_BASELINE,HF9g-P5,,,,X 全窗基线 · 不参与实体赏罚,6873850,688,A168_HF9F_20260827_0900,2026-08-27 09:00:00
2026-04-04,114605996,2250,0,36.6463366752,-36.6463366752,-36.6463366752,0E-7,3,3,0.49324550000000000,0.493245500000,-1.708808463184432,-1.7088084631844318,-1.708808463184432,0E-17,ELIGIBLE,R03b_20260811_FULL_v1,L1_ELIGIBILITY,v2026-08-11,2026-03-21..2026-08-06,baccarat_bet02_101_all_pairs_incl_sentinel,round_win = game_pnl > 0 (decisive only),COMPATIBILITY_ONLY_NOT_PRODUCTION,338.9962,313.8673,168.3290,22,22,-0.49655121,,-0.49655121,-0.49655121,-168.3290,338.9962,THIN_EXPOSURE,0.0000,6.7332,4.0000,96.0000,AG03-UNRESOLVED,ALL5_LEVELS_bet23_to_bet27,6.7332,6.7332,6.7332,8.4164,8.4164,4.000000,4.000000,4.000000,5.000000,5.000000,96.000000,96.000000,96.000000,95.000000,95.000000,5.0,37.0324,33.9226,131.2966,134.4063,PENDING_AG03,FALSE,NOT_FOR_ENFORCEMENT,161.5958,301.3126,168.3290,161.5958,6.7332,0.49655121,0.47668916,6.7332,161.5958,0.47668916,6.7332,6.7332,6.7332,8.4164,8.4164,161.5958,0.47668916,37.0324,33.9226,131.2966,134.4063,0.38730994,0.39648335,0.01986205,15.4089,14.2667,7.6513,84.1645,33.6658,169.4981,11.0000,,15.4089,10.4704,10.4704,10.4704,22.5659,54.1055,77.4038,10.4704,-10.4704,5.167479,7.39264,1.471667,4,6,2,2,0E-8,0.49655121,,0E-8,0.000000,0.925873,0.000000,,2026-04-04,2026-06-16,2,5,5,74,0.027027,,,0.000000,,,,,,,,GLOBAL_BASELINE_NO_ENTITY_RANKING,,,NOT_APPLICABLE_GLOBAL_BASELINE,HF9g-P5,,,,X 全窗基线 · 不参与实体赏罚,6873851,688,A168_HF9F_20260827_0900,2026-08-27 09:00:00
2026-04-04,114605996,970,0,83.7630552576,-11.5174200980,-11.5174200980,0.4285714,8,8,0.50329940000000000,0.503299400000,-0.395431866228915,-0.39543186622891513,-0.395431866228915,0E-17,ELIGIBLE,R03b_20260811_FULL_v1,L1_ELIGIBILITY,v2026-08-11,2026-03-21..2026-08-06,baccarat_bet02_101_all_pairs_incl_sentinel,round_win = game_pnl > 0 (decisive only),COMPATIBILITY_ONLY_NOT_PRODUCTION,338.9962,313.8673,168.3290,22,22,-0.49655121,,-0.49655121,-0.49655121,-168.3290,338.9962,THIN_EXPOSURE,0.0000,6.7332,4.0000,96.0000,AG03-UNRESOLVED,ALL5_LEVELS_bet23_to_bet27,6.7332,6.7332,6.7332,8.4164,8.4164,4.000000,4.000000,4.000000,5.000000,5.000000,96.000000,96.000000,96.000000,95.000000,95.000000,5.0,37.0324,33.9226,131.2966,134.4063,PENDING_AG03,FALSE,NOT_FOR_ENFORCEMENT,161.5958,301.3126,168.3290,161.5958,6.7332,0.49655121,0.47668916,6.7332,161.5958,0.47668916,6.7332,6.7332,6.7332,8.4164,8.4164,161.5958,0.47668916,37.0324,33.9226,131.2966,134.4063,0.38730994,0.39648335,0.01986205,15.4089,14.2667,7.6513,84.1645,33.6658,169.4981,11.0000,,15.4089,10.4704,10.4704,10.4704,22.5659,54.1055,77.4038,10.4704,-10.4704,5.167479,7.39264,1.471667,4,6,2,2,0E-8,0.49655121,,0E-8,0.000000,0.925873,0.000000,,2026-04-04,2026-06-16,2,5,5,74,0.027027,,,0.000000,,,,,,,,GLOBAL_BASELINE_NO_ENTITY_RANKING,,,NOT_APPLICABLE_GLOBAL_BASELINE,HF9g-P5,,,,X 全窗基线 · 不参与实体赏罚,6873852,688,A168_HF9F_20260827_0900,2026-08-27 09:00:00
2026-06-16,114605996,1966,0,38.5733021318,-38.5733021318,-38.5733021318,0E-7,1,1,0.50665070000000000,0.506650700000,-1.013391052207602,-1.013391052207602,-1.013391052207602,0E-17,ELIGIBLE,R03b_20260811_FULL_v1,L1_ELIGIBILITY,v2026-08-11,2026-03-21..2026-08-06,baccarat_bet02_101_all_pairs_incl_sentinel,round_win = game_pnl > 0 (decisive only),COMPATIBILITY_ONLY_NOT_PRODUCTION,338.9962,313.8673,168.3290,22,22,-0.49655121,,-0.49655121,-0.49655121,-168.3290,338.9962,THIN_EXPOSURE,0.0000,6.7332,4.0000,96.0000,AG03-UNRESOLVED,ALL5_LEVELS_bet23_to_bet27,6.7332,6.7332,6.7332,8.4164,8.4164,4.000000,4.000000,4.000000,5.000000,5.000000,96.000000,96.000000,96.000000,95.000000,95.000000,5.0,37.0324,33.9226,131.2966,134.4063,PENDING_AG03,FALSE,NOT_FOR_ENFORCEMENT,161.5958,301.3126,168.3290,161.5958,6.7332,0.49655121,0.47668916,6.7332,161.5958,0.47668916,6.7332,6.7332,6.7332,8.4164,8.4164,161.5958,0.47668916,37.0324,33.9226,131.2966,134.4063,0.38730994,0.39648335,0.01986205,15.4089,14.2667,7.6513,84.1645,33.6658,169.4981,11.0000,,15.4089,10.4704,10.4704,10.4704,22.5659,54.1055,77.4038,10.4704,-10.4704,5.167479,7.39264,1.471667,4,6,2,2,0E-8,0.49655121,,0E-8,0.000000,0.925873,0.000000,,2026-04-04,2026-06-16,2,5,5,74,0.027027,,,0.000000,,,,,,,,GLOBAL_BASELINE_NO_ENTITY_RANKING,,,NOT_APPLICABLE_GLOBAL_BASELINE,HF9g-P5,,,,X 全窗基线 · 不参与实体赏罚,6873853,688,A168_HF9F_20260827_0900,2026-08-27 09:00:00
2026-06-16,114605996,919,0,77.4037596112,-77.4037596112,-77.4037596112,0E-7,1,1,0.49324550000000000,0.493245500000,-0.9865810262130424,-0.9865810262130424,-0.9865810262130424,0E-17,ELIGIBLE,R03b_20260811_FULL_v1,L1_ELIGIBILITY,v2026-08-11,2026-03-21..2026-08-06,baccarat_bet02_101_all_pairs_incl_sentinel,round_win = game_pnl > 0 (decisive only),COMPATIBILITY_ONLY_NOT_PRODUCTION,338.9962,313.8673,168.3290,22,22,-0.49655121,,-0.49655121,-0.49655121,-168.3290,338.9962,THIN_EXPOSURE,0.0000,6.7332,4.0000,96.0000,AG03-UNRESOLVED,ALL5_LEVELS_bet23_to_bet27,6.7332,6.7332,6.7332,8.4164,8.4164,4.000000,4.000000,4.000000,5.000000,5.000000,96.000000,96.000000,96.000000,95.000000,95.000000,5.0,37.0324,33.9226,131.2966,134.4063,PENDING_AG03,FALSE,NOT_FOR_ENFORCEMENT,161.5958,301.3126,168.3290,161.5958,6.7332,0.49655121,0.47668916,6.7332,161.5958,0.47668916,6.7332,6.7332,6.7332,8.4164,8.4164,161.5958,0.47668916,37.0324,33.9226,131.2966,134.4063,0.38730994,0.39648335,0.01986205,15.4089,14.2667,7.6513,84.1645,33.6658,169.4981,11.0000,,15.4089,10.4704,10.4704,10.4704,22.5659,54.1055,77.4038,10.4704,-10.4704,5.167479,7.39264,1.471667,4,6,2,2,0E-8,0.49655121,,0E-8,0.000000,0.925873,0.000000,,2026-04-04,2026-06-16,2,5,5,74,0.027027,,,0.000000,,,,,,,,GLOBAL_BASELINE_NO_ENTITY_RANKING,,,NOT_APPLICABLE_GLOBAL_BASELINE,HF9g-P5,,,,X 全窗基线 · 不参与实体赏罚,6873854,688,A168_HF9F_20260827_0900,2026-08-27 09:00:00
2026-04-20,58234144,1094,0,90.8946303997,90.8946303997,90.8946303997,1.0000000,2,2,0.49324550000000000,0.493245500000,1.4334489766152358,1.4334489766152358,1.4334489766152358,0E-17,ELIGIBLE,R03b_20260811_FULL_v1,L1_ELIGIBILITY,v2026-08-11,2026-03-21..2026-08-06,baccarat_bet02_101_all_pairs_incl_sentinel,round_win = game_pnl > 0 (decisive only),COMPATIBILITY_ONLY_NOT_PRODUCTION,4992.1079,4489.8755,168.3291,250,250,-0.03371904,,-0.03371904,-0.03371904,-168.3291,4992.1079,OK,0.0000,6.7332,4.0000,96.0000,AG03-UNRESOLVED,ALL5_LEVELS_bet23_to_bet27,6.7332,6.7332,6.7332,8.4165,8.4165,4.000000,4.000000,4.000000,5.000000,5.000000,96.000000,96.000000,96.000000,95.000000,95.000000,5.0,37.0324,33.9227,131.2967,134.4065,PENDING_AG03,FALSE,NOT_FOR_ENFORCEMENT,161.5959,4310.2804,168.3291,161.5959,6.7332,0.03371904,0.03237028,6.7332,161.5959,0.03237028,6.7332,6.7332,6.7332,8.4165,8.4165,161.5959,0.03237028,37.0324,33.9227,131.2967,134.4065,0.02630085,0.02692379,0.00134876,19.9684,17.9595,0.6733,15.3026,1.5732,453.8280,22.7273,,19.9684,11.0068,14.3088,22.2988,34.0855,45.4473,56.8091,11.0068,0.0,3.176173,3.970216,1.395532,18,84,10,3,0E-8,0.03371904,,0E-8,0.000000,0.899395,0.000000,,2026-04-20,2026-06-24,11,107,71,66,0.166667,,,0.000000,,,,,,,,GLOBAL_BASELINE_NO_ENTITY_RANKING,,,NOT_APPLICABLE_GLOBAL_BASELINE,HF9g-P5,,,,X 全窗基线 · 不参与实体赏罚,6873855,688,A168_HF9F_20260827_0900,2026-08-27 09:00:00
2026-04-20,58234144,1302,0,22.7236575999,22.7236575999,22.7236575999,1.0000000,1,1,0.49324550000000000,0.493245500000,1.01360149184955,1.01360149184955,1.01360149184955,0E-17,ELIGIBLE,R03b_20260811_FULL_v1,L1_ELIGIBILITY,v2026-08-11,2026-03-21..2026-08-06,baccarat_bet02_101_all_pairs_incl_sentinel,round_win = game_pnl > 0 (decisive only),COMPATIBILITY_ONLY_NOT_PRODUCTION,4992.1079,4489.8755,168.3291,250,250,-0.03371904,,-0.03371904,-0.03371904,-168.3291,4992.1079,OK,0.0000,6.7332,4.0000,96.0000,AG03-UNRESOLVED,ALL5_LEVELS_bet23_to_bet27,6.7332,6.7332,6.7332,8.4165,8.4165,4.000000,4.000000,4.000000,5.000000,5.000000,96.000000,96.000000,96.000000,95.000000,95.000000,5.0,37.0324,33.9227,131.2967,134.4065,PENDING_AG03,FALSE,NOT_FOR_ENFORCEMENT,161.5959,4310.2804,168.3291,161.5959,6.7332,0.03371904,0.03237028,6.7332,161.5959,0.03237028,6.7332,6.7332,6.7332,8.4165,8.4165,161.5959,0.03237028,37.0324,33.9227,131.2967,134.4065,0.02630085,0.02692379,0.00134876,19.9684,17.9595,0.6733,15.3026,1.5732,453.8280,22.7273,,19.9684,11.0068,14.3088,22.2988,34.0855,45.4473,56.8091,11.0068,0.0,3.176173,3.970216,1.395532,18,84,10,3,0E-8,0.03371904,,0E-8,0.000000,0.899395,0.000000,,2026-04-20,2026-06-24,11,107,71,66,0.166667,,,0.000000,,,,,,,,GLOBAL_BASELINE_NO_ENTITY_RANKING,,,NOT_APPLICABLE_GLOBAL_BASELINE,HF9g-P5,,,,X 全窗基线 · 不参与实体赏罚,6873856,688,A168_HF9F_20260827_0900,2026-08-27 09:00:00
2026-04-20,58234144,1505,0,45.4473151999,-45.4473151999,-45.4473151999,0E-7,1,1,0.49324550000000000,0.493245500000,-0.9865810262130424,-0.9865810262130424,-0.9865810262130424,0E-17,ELIGIBLE,R03b_20260811_FULL_v1,L1_ELIGIBILITY,v2026-08-11,2026-03-21..2026-08-06,baccarat_bet02_101_all_pairs_incl_sentinel,round_win = game_pnl > 0 (decisive only),COMPATIBILITY_ONLY_NOT_PRODUCTION,4992.1079,4489.8755,168.3291,250,250,-0.03371904,,-0.03371904,-0.03371904,-168.3291,4992.1079,OK,0.0000,6.7332,4.0000,96.0000,AG03-UNRESOLVED,ALL5_LEVELS_bet23_to_bet27,6.7332,6.7332,6.7332,8.4165,8.4165,4.000000,4.000000,4.000000,5.000000,5.000000,96.000000,96.000000,96.000000,95.000000,95.000000,5.0,37.0324,33.9227,131.2967,134.4065,PENDING_AG03,FALSE,NOT_FOR_ENFORCEMENT,161.5959,4310.2804,168.3291,161.5959,6.7332,0.03371904,0.03237028,6.7332,161.5959,0.03237028,6.7332,6.7332,6.7332,8.4165,8.4165,161.5959,0.03237028,37.0324,33.9227,131.2967,134.4065,0.02630085,0.02692379,0.00134876,19.9684,17.9595,0.6733,15.3026,1.5732,453.8280,22.7273,,19.9684,11.0068,14.3088,22.2988,34.0855,45.4473,56.8091,11.0068,0.0,3.176173,3.970216,1.395532,18,84,10,3,0E-8,0.03371904,,0E-8,0.000000,0.899395,0.000000,,2026-04-20,2026-06-24,11,107,71,66,0.166667,,,0.000000,,,,,,,,GLOBAL_BASELINE_NO_ENTITY_RANKING,,,NOT_APPLICABLE_GLOBAL_BASELINE,HF9g-P5,,,,X 全窗基线 · 不参与实体赏罚,6873857,688,A168_HF9F_20260827_0900,2026-08-27 09:00:00
2026-04-20,58234144,1957,0,261.3220623991,22.7236575999,22.7236575999,0.4000000,6,6,0.49547970000000000,0.495479700000,-0.42701565021644644,-0.42701565021644644,-0.42701565021644644,0E-17,ELIGIBLE,R03b_20260811_FULL_v1,L1_ELIGIBILITY,v2026-08-11,2026-03-21..2026-08-06,baccarat_bet02_101_all_pairs_incl_sentinel,round_win = game_pnl > 0 (decisive only),COMPATIBILITY_ONLY_NOT_PRODUCTION,4992.1079,4489.8755,168.3291,250,250,-0.03371904,,-0.03371904,-0.03371904,-168.3291,4992.1079,OK,0.0000,6.7332,4.0000,96.0000,AG03-UNRESOLVED,ALL5_LEVELS_bet23_to_bet27,6.7332,6.7332,6.7332,8.4165,8.4165,4.000000,4.000000,4.000000,5.000000,5.000000,96.000000,96.000000,96.000000,95.000000,95.000000,5.0,37.0324,33.9227,131.2967,134.4065,PENDING_AG03,FALSE,NOT_FOR_ENFORCEMENT,161.5959,4310.2804,168.3291,161.5959,6.7332,0.03371904,0.03237028,6.7332,161.5959,0.03237028,6.7332,6.7332,6.7332,8.4165,8.4165,161.5959,0.03237028,37.0324,33.9227,131.2967,134.4065,0.02630085,0.02692379,0.00134876,19.9684,17.9595,0.6733,15.3026,1.5732,453.8280,22.7273,,19.9684,11.0068,14.3088,22.2988,34.0855,45.4473,56.8091,11.0068,0.0,3.176173,3.970216,1.395532,18,84,10,3,0E-8,0.03371904,,0E-8,0.000000,0.899395,0.000000,,2026-04-20,2026-06-24,11,107,71,66,0.166667,,,0.000000,,,,,,,,GLOBAL_BASELINE_NO_ENTITY_RANKING,,,NOT_APPLICABLE_GLOBAL_BASELINE,HF9g-P5,,,,X 全窗基线 · 不参与实体赏罚,6873858,688,A168_HF9F_20260827_0900,2026-08-27 09:00:00
2026-04-20,58234144,2167,0,22.7236575999,22.7236575999,22.7236575999,1.0000000,1,1,0.49324550000000000,0.493245500000,1.01360149184955,1.01360149184955,1.01360149184955,0E-17,ELIGIBLE,R03b_20260811_FULL_v1,L1_ELIGIBILITY,v2026-08-11,2026-03-21..2026-08-06,baccarat_bet02_101_all_pairs_incl_sentinel,round_win = game_pnl > 0 (decisive only),COMPATIBILITY_ONLY_NOT_PRODUCTION,4992.1079,4489.8755,168.3291,250,250,-0.03371904,,-0.03371904,-0.03371904,-168.3291,4992.1079,OK,0.0000,6.7332,4.0000,96.0000,AG03-UNRESOLVED,ALL5_LEVELS_bet23_to_bet27,6.7332,6.7332,6.7332,8.4165,8.4165,4.000000,4.000000,4.000000,5.000000,5.000000,96.000000,96.000000,96.000000,95.000000,95.000000,5.0,37.0324,33.9227,131.2967,134.4065,PENDING_AG03,FALSE,NOT_FOR_ENFORCEMENT,161.5959,4310.2804,168.3291,161.5959,6.7332,0.03371904,0.03237028,6.7332,161.5959,0.03237028,6.7332,6.7332,6.7332,8.4165,8.4165,161.5959,0.03237028,37.0324,33.9227,131.2967,134.4065,0.02630085,0.02692379,0.00134876,19.9684,17.9595,0.6733,15.3026,1.5732,453.8280,22.7273,,19.9684,11.0068,14.3088,22.2988,34.0855,45.4473,56.8091,11.0068,0.0,3.176173,3.970216,1.395532,18,84,10,3,0E-8,0.03371904,,0E-8,0.000000,0.899395,0.000000,,2026-04-20,2026-06-24,11,107,71,66,0.166667,,,0.000000,,,,,,,,GLOBAL_BASELINE_NO_ENTITY_RANKING,,,NOT_APPLICABLE_GLOBAL_BASELINE,HF9g-P5,,,,X 全窗基线 · 不参与实体赏罚,6873859,688,A168_HF9F_20260827_0900,2026-08-27 09:00:00
2026-04-23,58234144,1115,0,102.2564591997,-34.0854863999,-34.0854863999,0.3333333,3,3,0.49324550000000000,0.493245500000,-0.5540025479526107,-0.5540025479526106,-0.5540025479526107,0E-17,ELIGIBLE,R03b_20260811_FULL_v1,L1_ELIGIBILITY,v2026-08-11,2026-03-21..2026-08-06,baccarat_bet02_101_all_pairs_incl_sentinel,round_win = game_pnl > 0 (decisive only),COMPATIBILITY_ONLY_NOT_PRODUCTION,4992.1079,4489.8755,168.3291,250,250,-0.03371904,,-0.03371904,-0.03371904,-168.3291,4992.1079,OK,0.0000,6.7332,4.0000,96.0000,AG03-UNRESOLVED,ALL5_LEVELS_bet23_to_bet27,6.7332,6.7332,6.7332,8.4165,8.4165,4.000000,4.000000,4.000000,5.000000,5.000000,96.000000,96.000000,96.000000,95.000000,95.000000,5.0,37.0324,33.9227,131.2967,134.4065,PENDING_AG03,FALSE,NOT_FOR_ENFORCEMENT,161.5959,4310.2804,168.3291,161.5959,6.7332,0.03371904,0.03237028,6.7332,161.5959,0.03237028,6.7332,6.7332,6.7332,8.4165,8.4165,161.5959,0.03237028,37.0324,33.9227,131.2967,134.4065,0.02630085,0.02692379,0.00134876,19.9684,17.9595,0.6733,15.3026,1.5732,453.8280,22.7273,,19.9684,11.0068,14.3088,22.2988,34.0855,45.4473,56.8091,11.0068,0.0,3.176173,3.970216,1.395532,18,84,10,3,0E-8,0.03371904,,0E-8,0.000000,0.899395,0.000000,,2026-04-20,2026-06-24,11,107,71,66,0.166667,,,0.000000,,,,,,,,GLOBAL_BASELINE_NO_ENTITY_RANKING,,,NOT_APPLICABLE_GLOBAL_BASELINE,HF9g-P5,,,,X 全窗基线 · 不参与实体赏罚,6873860,688,A168_HF9F_20260827_0900,2026-08-27 09:00:00
2026-04-23,58234144,1325,0,34.0854863999,0E-10,0E-10,,1,1,0.49324550000000000,0.493245500000,,,,0E-17,NO_DECISIVE_ROUND,R03b_20260811_FULL_v1,L1_ELIGIBILITY,v2026-08-11,2026-03-21..2026-08-06,baccarat_bet02_101_all_pairs_incl_sentinel,round_win = game_pnl > 0 (decisive only),COMPATIBILITY_ONLY_NOT_PRODUCTION,4992.1079,4489.8755,168.3291,250,250,-0.03371904,,-0.03371904,-0.03371904,-168.3291,4992.1079,OK,0.0000,6.7332,4.0000,96.0000,AG03-UNRESOLVED,ALL5_LEVELS_bet23_to_bet27,6.7332,6.7332,6.7332,8.4165,8.4165,4.000000,4.000000,4.000000,5.000000,5.000000,96.000000,96.000000,96.000000,95.000000,95.000000,5.0,37.0324,33.9227,131.2967,134.4065,PENDING_AG03,FALSE,NOT_FOR_ENFORCEMENT,161.5959,4310.2804,168.3291,161.5959,6.7332,0.03371904,0.03237028,6.7332,161.5959,0.03237028,6.7332,6.7332,6.7332,8.4165,8.4165,161.5959,0.03237028,37.0324,33.9227,131.2967,134.4065,0.02630085,0.02692379,0.00134876,19.9684,17.9595,0.6733,15.3026,1.5732,453.8280,22.7273,,19.9684,11.0068,14.3088,22.2988,34.0855,45.4473,56.8091,11.0068,0.0,3.176173,3.970216,1.395532,18,84,10,3,0E-8,0.03371904,,0E-8,0.000000,0.899395,0.000000,,2026-04-20,2026-06-24,11,107,71,66,0.166667,,,0.000000,,,,,,,,GLOBAL_BASELINE_NO_ENTITY_RANKING,,,NOT_APPLICABLE_GLOBAL_BASELINE,HF9g-P5,,,,X 全窗基线 · 不参与实体赏罚,6873861,688,A168_HF9F_20260827_0900,2026-08-27 09:00:00
2026-04-23,58234144,1750,0,193.1510895994,11.3618288000,11.3618288000,0.6666667,5,5,0.49324550000000000,0.493245500000,0.6008033672792107,0.6008033672792106,0.6008033672792107,0E-17,ELIGIBLE,R03b_20260811_FULL_v1,L1_ELIGIBILITY,v2026-08-11,2026-03-21..2026-08-06,baccarat_bet02_101_all_pairs_incl_sentinel,round_win = game_pnl > 0 (decisive only),COMPATIBILITY_ONLY_NOT_PRODUCTION,4992.1079,4489.8755,168.3291,250,250,-0.03371904,,-0.03371904,-0.03371904,-168.3291,4992.1079,OK,0.0000,6.7332,4.0000,96.0000,AG03-UNRESOLVED,ALL5_LEVELS_bet23_to_bet27,6.7332,6.7332,6.7332,8.4165,8.4165,4.000000,4.000000,4.000000,5.000000,5.000000,96.000000,96.000000,96.000000,95.000000,95.000000,5.0,37.0324,33.9227,131.2967,134.4065,PENDING_AG03,FALSE,NOT_FOR_ENFORCEMENT,161.5959,4310.2804,168.3291,161.5959,6.7332,0.03371904,0.03237028,6.7332,161.5959,0.03237028,6.7332,6.7332,6.7332,8.4165,8.4165,161.5959,0.03237028,37.0324,33.9227,131.2967,134.4065,0.02630085,0.02692379,0.00134876,19.9684,17.9595,0.6733,15.3026,1.5732,453.8280,22.7273,,19.9684,11.0068,14.3088,22.2988,34.0855,45.4473,56.8091,11.0068,0.0,3.176173,3.970216,1.395532,18,84,10,3,0E-8,0.03371904,,0E-8,0.000000,0.899395,0.000000,,2026-04-20,2026-06-24,11,107,71,66,0.166667,,,0.000000,,,,,,,,GLOBAL_BASELINE_NO_ENTITY_RANKING,,,NOT_APPLICABLE_GLOBAL_BASELINE,HF9g-P5,,,,X 全窗基线 · 不参与实体赏罚,6873862,688,A168_HF9F_20260827_0900,2026-08-27 09:00:00
2026-04-23,58234144,1940,0,102.2564591997,34.0854863999,34.0854863999,0.6666667,3,3,0.49324550000000000,0.493245500000,0.6008033672792107,0.6008033672792106,0.6008033672792107,0E-17,ELIGIBLE,R03b_20260811_FULL_v1,L1_ELIGIBILITY,v2026-08-11,2026-03-21..2026-08-06,baccarat_bet02_101_all_pairs_incl_sentinel,round_win = game_pnl > 0 (decisive only),COMPATIBILITY_ONLY_NOT_PRODUCTION,4992.1079,4489.8755,168.3291,250,250,-0.03371904,,-0.03371904,-0.03371904,-168.3291,4992.1079,OK,0.0000,6.7332,4.0000,96.0000,AG03-UNRESOLVED,ALL5_LEVELS_bet23_to_bet27,6.7332,6.7332,6.7332,8.4165,8.4165,4.000000,4.000000,4.000000,5.000000,5.000000,96.000000,96.000000,96.000000,95.000000,95.000000,5.0,37.0324,33.9227,131.2967,134.4065,PENDING_AG03,FALSE,NOT_FOR_ENFORCEMENT,161.5959,4310.2804,168.3291,161.5959,6.7332,0.03371904,0.03237028,6.7332,161.5959,0.03237028,6.7332,6.7332,6.7332,8.4165,8.4165,161.5959,0.03237028,37.0324,33.9227,131.2967,134.4065,0.02630085,0.02692379,0.00134876,19.9684,17.9595,0.6733,15.3026,1.5732,453.8280,22.7273,,19.9684,11.0068,14.3088,22.2988,34.0855,45.4473,56.8091,11.0068,0.0,3.176173,3.970216,1.395532,18,84,10,3,0E-8,0.03371904,,0E-8,0.000000,0.899395,0.000000,,2026-04-20,2026-06-24,11,107,71,66,0.166667,,,0.000000,,,,,,,,GLOBAL_BASELINE_NO_ENTITY_RANKING,,,NOT_APPLICABLE_GLOBAL_BASELINE,HF9g-P5,,,,X 全窗基线 · 不参与实体赏罚,6873863,688,A168_HF9F_20260827_0900,2026-08-27 09:00:00
2026-04-23,58234144,1994,0,90.8946303997,-22.7236575999,-22.7236575999,0.5000000,2,2,0.49324550000000000,0.493245500000,0.01910635448239258,0.01910635448239258,0.01910635448239258,0E-17,ELIGIBLE,R03b_20260811_FULL_v1,L1_ELIGIBILITY,v2026-08-11,2026-03-21..2026-08-06,baccarat_bet02_101_all_pairs_incl_sentinel,round_win = game_pnl > 0 (decisive only),COMPATIBILITY_ONLY_NOT_PRODUCTION,4992.1079,4489.8755,168.3291,250,250,-0.03371904,,-0.03371904,-0.03371904,-168.3291,4992.1079,OK,0.0000,6.7332,4.0000,96.0000,AG03-UNRESOLVED,ALL5_LEVELS_bet23_to_bet27,6.7332,6.7332,6.7332,8.4165,8.4165,4.000000,4.000000,4.000000,5.000000,5.000000,96.000000,96.000000,96.000000,95.000000,95.000000,5.0,37.0324,33.9227,131.2967,134.4065,PENDING_AG03,FALSE,NOT_FOR_ENFORCEMENT,161.5959,4310.2804,168.3291,161.5959,6.7332,0.03371904,0.03237028,6.7332,161.5959,0.03237028,6.7332,6.7332,6.7332,8.4165,8.4165,161.5959,0.03237028,37.0324,33.9227,131.2967,134.4065,0.02630085,0.02692379,0.00134876,19.9684,17.9595,0.6733,15.3026,1.5732,453.8280,22.7273,,19.9684,11.0068,14.3088,22.2988,34.0855,45.4473,56.8091,11.0068,0.0,3.176173,3.970216,1.395532,18,84,10,3,0E-8,0.03371904,,0E-8,0.000000,0.899395,0.000000,,2026-04-20,2026-06-24,11,107,71,66,0.166667,,,0.000000,,,,,,,,GLOBAL_BASELINE_NO_ENTITY_RANKING,,,NOT_APPLICABLE_GLOBAL_BASELINE,HF9g-P5,,,,X 全窗基线 · 不参与实体赏罚,6873864,688,A168_HF9F_20260827_0900,2026-08-27 09:00:00
2026-04-23,58234144,2127,0,124.9801167996,-124.9801167996,-124.9801167996,0E-7,3,3,0.50218230000000000,0.502182300000,-1.7396270863184011,-1.7396270863184016,-1.7396270863184011,0E-17,ELIGIBLE,R03b_20260811_FULL_v1,L1_ELIGIBILITY,v2026-08-11,2026-03-21..2026-08-06,baccarat_bet02_101_all_pairs_incl_sentinel,round_win = game_pnl > 0 (decisive only),COMPATIBILITY_ONLY_NOT_PRODUCTION,4992.1079,4489.8755,168.3291,250,250,-0.03371904,,-0.03371904,-0.03371904,-168.3291,4992.1079,OK,0.0000,6.7332,4.0000,96.0000,AG03-UNRESOLVED,ALL5_LEVELS_bet23_to_bet27,6.7332,6.7332,6.7332,8.4165,8.4165,4.000000,4.000000,4.000000,5.000000,5.000000,96.000000,96.000000,96.000000,95.000000,95.000000,5.0,37.0324,33.9227,131.2967,134.4065,PENDING_AG03,FALSE,NOT_FOR_ENFORCEMENT,161.5959,4310.2804,168.3291,161.5959,6.7332,0.03371904,0.03237028,6.7332,161.5959,0.03237028,6.7332,6.7332,6.7332,8.4165,8.4165,161.5959,0.03237028,37.0324,33.9227,131.2967,134.4065,0.02630085,0.02692379,0.00134876,19.9684,17.9595,0.6733,15.3026,1.5732,453.8280,22.7273,,19.9684,11.0068,14.3088,22.2988,34.0855,45.4473,56.8091,11.0068,0.0,3.176173,3.970216,1.395532,18,84,10,3,0E-8,0.03371904,,0E-8,0.000000,0.899395,0.000000,,2026-04-20,2026-06-24,11,107,71,66,0.166667,,,0.000000,,,,,,,,GLOBAL_BASELINE_NO_ENTITY_RANKING,,,NOT_APPLICABLE_GLOBAL_BASELINE,HF9g-P5,,,,X 全窗基线 · 不参与实体赏罚,6873865,688,A168_HF9F_20260827_0900,2026-08-27 09:00:00
2026-04-23,58234144,2212,0,147.7037743995,147.7037743995,147.7037743995,1.0000000,3,3,0.49324550000000000,0.493245500000,1.755609282511032,1.7556092825110319,1.755609282511032,0E-17,ELIGIBLE,R03b_20260811_FULL_v1,L1_ELIGIBILITY,v2026-08-11,2026-03-21..2026-08-06,baccarat_bet02_101_all_pairs_incl_sentinel,round_win = game_pnl > 0 (decisive only),COMPATIBILITY_ONLY_NOT_PRODUCTION,4992.1079,4489.8755,168.3291,250,250,-0.03371904,,-0.03371904,-0.03371904,-168.3291,4992.1079,OK,0.0000,6.7332,4.0000,96.0000,AG03-UNRESOLVED,ALL5_LEVELS_bet23_to_bet27,6.7332,6.7332,6.7332,8.4165,8.4165,4.000000,4.000000,4.000000,5.000000,5.000000,96.000000,96.000000,96.000000,95.000000,95.000000,5.0,37.0324,33.9227,131.2967,134.4065,PENDING_AG03,FALSE,NOT_FOR_ENFORCEMENT,161.5959,4310.2804,168.3291,161.5959,6.7332,0.03371904,0.03237028,6.7332,161.5959,0.03237028,6.7332,6.7332,6.7332,8.4165,8.4165,161.5959,0.03237028,37.0324,33.9227,131.2967,134.4065,0.02630085,0.02692379,0.00134876,19.9684,17.9595,0.6733,15.3026,1.5732,453.8280,22.7273,,19.9684,11.0068,14.3088,22.2988,34.0855,45.4473,56.8091,11.0068,0.0,3.176173,3.970216,1.395532,18,84,10,3,0E-8,0.03371904,,0E-8,0.000000,0.899395,0.000000,,2026-04-20,2026-06-24,11,107,71,66,0.166667,,,0.000000,,,,,,,,GLOBAL_BASELINE_NO_ENTITY_RANKING,,,NOT_APPLICABLE_GLOBAL_BASELINE,HF9g-P5,,,,X 全窗基线 · 不参与实体赏罚,6873866,688,A168_HF9F_20260827_0900,2026-08-27 09:00:00
2026-04-23,58234144,763,0,34.0854863999,-34.0854863999,-34.0854863999,0E-7,1,1,0.49324550000000000,0.493245500000,-0.9865810262130424,-0.9865810262130424,-0.9865810262130424,0E-17,ELIGIBLE,R03b_20260811_FULL_v1,L1_ELIGIBILITY,v2026-08-11,2026-03-21..2026-08-06,baccarat_bet02_101_all_pairs_incl_sentinel,round_win = game_pnl > 0 (decisive only),COMPATIBILITY_ONLY_NOT_PRODUCTION,4992.1079,4489.8755,168.3291,250,250,-0.03371904,,-0.03371904,-0.03371904,-168.3291,4992.1079,OK,0.0000,6.7332,4.0000,96.0000,AG03-UNRESOLVED,ALL5_LEVELS_bet23_to_bet27,6.7332,6.7332,6.7332,8.4165,8.4165,4.000000,4.000000,4.000000,5.000000,5.000000,96.000000,96.000000,96.000000,95.000000,95.000000,5.0,37.0324,33.9227,131.2967,134.4065,PENDING_AG03,FALSE,NOT_FOR_ENFORCEMENT,161.5959,4310.2804,168.3291,161.5959,6.7332,0.03371904,0.03237028,6.7332,161.5959,0.03237028,6.7332,6.7332,6.7332,8.4165,8.4165,161.5959,0.03237028,37.0324,33.9227,131.2967,134.4065,0.02630085,0.02692379,0.00134876,19.9684,17.9595,0.6733,15.3026,1.5732,453.8280,22.7273,,19.9684,11.0068,14.3088,22.2988,34.0855,45.4473,56.8091,11.0068,0.0,3.176173,3.970216,1.395532,18,84,10,3,0E-8,0.03371904,,0E-8,0.000000,0.899395,0.000000,,2026-04-20,2026-06-24,11,107,71,66,0.166667,,,0.000000,,,,,,,,GLOBAL_BASELINE_NO_ENTITY_RANKING,,,NOT_APPLICABLE_GLOBAL_BASELINE,HF9g-P5,,,,X 全窗基线 · 不参与实体赏罚,6873867,688,A168_HF9F_20260827_0900,2026-08-27 09:00:00
2026-04-23,58234144,789,0,56.8091439998,-56.8091439998,-56.8091439998,0E-7,1,1,0.49324550000000000,0.493245500000,-0.9865810262130424,-0.9865810262130424,-0.9865810262130424,0E-17,ELIGIBLE,R03b_20260811_FULL_v1,L1_ELIGIBILITY,v2026-08-11,2026-03-21..2026-08-06,baccarat_bet02_101_all_pairs_incl_sentinel,round_win = game_pnl > 0 (decisive only),COMPATIBILITY_ONLY_NOT_PRODUCTION,4992.1079,4489.8755,168.3291,250,250,-0.03371904,,-0.03371904,-0.03371904,-168.3291,4992.1079,OK,0.0000,6.7332,4.0000,96.0000,AG03-UNRESOLVED,ALL5_LEVELS_bet23_to_bet27,6.7332,6.7332,6.7332,8.4165,8.4165,4.000000,4.000000,4.000000,5.000000,5.000000,96.000000,96.000000,96.000000,95.000000,95.000000,5.0,37.0324,33.9227,131.2967,134.4065,PENDING_AG03,FALSE,NOT_FOR_ENFORCEMENT,161.5959,4310.2804,168.3291,161.5959,6.7332,0.03371904,0.03237028,6.7332,161.5959,0.03237028,6.7332,6.7332,6.7332,8.4165,8.4165,161.5959,0.03237028,37.0324,33.9227,131.2967,134.4065,0.02630085,0.02692379,0.00134876,19.9684,17.9595,0.6733,15.3026,1.5732,453.8280,22.7273,,19.9684,11.0068,14.3088,22.2988,34.0855,45.4473,56.8091,11.0068,0.0,3.176173,3.970216,1.395532,18,84,10,3,0E-8,0.03371904,,0E-8,0.000000,0.899395,0.000000,,2026-04-20,2026-06-24,11,107,71,66,0.166667,,,0.000000,,,,,,,,GLOBAL_BASELINE_NO_ENTITY_RANKING,,,NOT_APPLICABLE_GLOBAL_BASELINE,HF9g-P5,,,,X 全窗基线 · 不参与实体赏罚,6873868,688,A168_HF9F_20260827_0900,2026-08-27 09:00:00
2026-04-23,58234144,986,0,34.0854863999,-34.0854863999,-34.0854863999,0E-7,1,1,0.49324550000000000,0.493245500000,-0.9865810262130424,-0.9865810262130424,-0.9865810262130424,0E-17,ELIGIBLE,R03b_20260811_FULL_v1,L1_ELIGIBILITY,v2026-08-11,2026-03-21..2026-08-06,baccarat_bet02_101_all_pairs_incl_sentinel,round_win = game_pnl > 0 (decisive only),COMPATIBILITY_ONLY_NOT_PRODUCTION,4992.1079,4489.8755,168.3291,250,250,-0.03371904,,-0.03371904,-0.03371904,-168.3291,4992.1079,OK,0.0000,6.7332,4.0000,96.0000,AG03-UNRESOLVED,ALL5_LEVELS_bet23_to_bet27,6.7332,6.7332,6.7332,8.4165,8.4165,4.000000,4.000000,4.000000,5.000000,5.000000,96.000000,96.000000,96.000000,95.000000,95.000000,5.0,37.0324,33.9227,131.2967,134.4065,PENDING_AG03,FALSE,NOT_FOR_ENFORCEMENT,161.5959,4310.2804,168.3291,161.5959,6.7332,0.03371904,0.03237028,6.7332,161.5959,0.03237028,6.7332,6.7332,6.7332,8.4165,8.4165,161.5959,0.03237028,37.0324,33.9227,131.2967,134.4065,0.02630085,0.02692379,0.00134876,19.9684,17.9595,0.6733,15.3026,1.5732,453.8280,22.7273,,19.9684,11.0068,14.3088,22.2988,34.0855,45.4473,56.8091,11.0068,0.0,3.176173,3.970216,1.395532,18,84,10,3,0E-8,0.03371904,,0E-8,0.000000,0.899395,0.000000,,2026-04-20,2026-06-24,11,107,71,66,0.166667,,,0.000000,,,,,,,,GLOBAL_BASELINE_NO_ENTITY_RANKING,,,NOT_APPLICABLE_GLOBAL_BASELINE,HF9g-P5,,,,X 全窗基线 · 不参与实体赏罚,6873869,688,A168_HF9F_20260827_0900,2026-08-27 09:00:00
2026-04-29,58234144,1985,0,11.3618288000,11.3618288000,11.3618288000,1.0000000,1,1,0.49324550000000000,0.493245500000,1.01360149184955,1.01360149184955,1.01360149184955,0E-17,ELIGIBLE,R03b_20260811_FULL_v1,L1_ELIGIBILITY,v2026-08-11,2026-03-21..2026-08-06,baccarat_bet02_101_all_pairs_incl_sentinel,round_win = game_pnl > 0 (decisive only),COMPATIBILITY_ONLY_NOT_PRODUCTION,4992.1079,4489.8755,168.3291,250,250,-0.03371904,,-0.03371904,-0.03371904,-168.3291,4992.1079,OK,0.0000,6.7332,4.0000,96.0000,AG03-UNRESOLVED,ALL5_LEVELS_bet23_to_bet27,6.7332,6.7332,6.7332,8.4165,8.4165,4.000000,4.000000,4.000000,5.000000,5.000000,96.000000,96.000000,96.000000,95.000000,95.000000,5.0,37.0324,33.9227,131.2967,134.4065,PENDING_AG03,FALSE,NOT_FOR_ENFORCEMENT,161.5959,4310.2804,168.3291,161.5959,6.7332,0.03371904,0.03237028,6.7332,161.5959,0.03237028,6.7332,6.7332,6.7332,8.4165,8.4165,161.5959,0.03237028,37.0324,33.9227,131.2967,134.4065,0.02630085,0.02692379,0.00134876,19.9684,17.9595,0.6733,15.3026,1.5732,453.8280,22.7273,,19.9684,11.0068,14.3088,22.2988,34.0855,45.4473,56.8091,11.0068,0.0,3.176173,3.970216,1.395532,18,84,10,3,0E-8,0.03371904,,0E-8,0.000000,0.899395,0.000000,,2026-04-20,2026-06-24,11,107,71,66,0.166667,,,0.000000,,,,,,,,GLOBAL_BASELINE_NO_ENTITY_RANKING,,,NOT_APPLICABLE_GLOBAL_BASELINE,HF9g-P5,,,,X 全窗基线 · 不参与实体赏罚,6873870,688,A168_HF9F_20260827_0900,2026-08-27 09:00:00
2026-04-29,58234144,2147,0,113.6182879996,-22.7236576000,-22.7236576000,0.5000000,4,4,0.49324550000000000,0.493245500000,0.027020465636507562,0.027020465636507562,0.027020465636507562,0E-17,ELIGIBLE,R03b_20260811_FULL_v1,L1_ELIGIBILITY,v2026-08-11,2026-03-21..2026-08-06,baccarat_bet02_101_all_pairs_incl_sentinel,round_win = game_pnl > 0 (decisive only),COMPATIBILITY_ONLY_NOT_PRODUCTION,4992.1079,4489.8755,168.3291,250,250,-0.03371904,,-0.03371904,-0.03371904,-168.3291,4992.1079,OK,0.0000,6.7332,4.0000,96.0000,AG03-UNRESOLVED,ALL5_LEVELS_bet23_to_bet27,6.7332,6.7332,6.7332,8.4165,8.4165,4.000000,4.000000,4.000000,5.000000,5.000000,96.000000,96.000000,96.000000,95.000000,95.000000,5.0,37.0324,33.9227,131.2967,134.4065,PENDING_AG03,FALSE,NOT_FOR_ENFORCEMENT,161.5959,4310.2804,168.3291,161.5959,6.7332,0.03371904,0.03237028,6.7332,161.5959,0.03237028,6.7332,6.7332,6.7332,8.4165,8.4165,161.5959,0.03237028,37.0324,33.9227,131.2967,134.4065,0.02630085,0.02692379,0.00134876,19.9684,17.9595,0.6733,15.3026,1.5732,453.8280,22.7273,,19.9684,11.0068,14.3088,22.2988,34.0855,45.4473,56.8091,11.0068,0.0,3.176173,3.970216,1.395532,18,84,10,3,0E-8,0.03371904,,0E-8,0.000000,0.899395,0.000000,,2026-04-20,2026-06-24,11,107,71,66,0.166667,,,0.000000,,,,,,,,GLOBAL_BASELINE_NO_ENTITY_RANKING,,,NOT_APPLICABLE_GLOBAL_BASELINE,HF9g-P5,,,,X 全窗基线 · 不参与实体赏罚,6873871,688,A168_HF9F_20260827_0900,2026-08-27 09:00:00
2026-05-11,58234144,-1,1,11.1493906858,0E-10,0E-10,,1,1,0.49324550000000000,0.493245500000,,,,0E-17,SENTINEL_DEALER,R03b_20260811_FULL_v1,L1_ELIGIBILITY,v2026-08-11,2026-03-21..2026-08-06,baccarat_bet02_101_all_pairs_incl_sentinel,round_win = game_pnl > 0 (decisive only),COMPATIBILITY_ONLY_NOT_PRODUCTION,4992.1079,4489.8755,168.3291,250,250,-0.03371904,,-0.03371904,-0.03371904,-168.3291,4992.1079,OK,0.0000,6.7332,4.0000,96.0000,AG03-UNRESOLVED,ALL5_LEVELS_bet23_to_bet27,6.7332,6.7332,6.7332,8.4165,8.4165,4.000000,4.000000,4.000000,5.000000,5.000000,96.000000,96.000000,96.000000,95.000000,95.000000,5.0,37.0324,33.9227,131.2967,134.4065,PENDING_AG03,FALSE,NOT_FOR_ENFORCEMENT,161.5959,4310.2804,168.3291,161.5959,6.7332,0.03371904,0.03237028,6.7332,161.5959,0.03237028,6.7332,6.7332,6.7332,8.4165,8.4165,161.5959,0.03237028,37.0324,33.9227,131.2967,134.4065,0.02630085,0.02692379,0.00134876,19.9684,17.9595,0.6733,15.3026,1.5732,453.8280,22.7273,,19.9684,11.0068,14.3088,22.2988,34.0855,45.4473,56.8091,11.0068,0.0,3.176173,3.970216,1.395532,18,84,10,3,0E-8,0.03371904,,0E-8,0.000000,0.899395,0.000000,,2026-04-20,2026-06-24,11,107,71,66,0.166667,,,0.000000,,,,,,,,GLOBAL_BASELINE_NO_ENTITY_RANKING,,,NOT_APPLICABLE_GLOBAL_BASELINE,HF9g-P5,,,,X 全窗基线 · 不参与实体赏罚,6873872,688,A168_HF9F_20260827_0900,2026-08-27 09:00:00
2026-05-11,58234144,1396,0,11.3723784995,-11.3723784995,-11.3723784995,0E-7,1,1,0.49324550000000000,0.493245500000,-0.9865810262130424,-0.9865810262130424,-0.9865810262130424,0E-17,ELIGIBLE,R03b_20260811_FULL_v1,L1_ELIGIBILITY,v2026-08-11,2026-03-21..2026-08-06,baccarat_bet02_101_all_pairs_incl_sentinel,round_win = game_pnl > 0 (decisive only),COMPATIBILITY_ONLY_NOT_PRODUCTION,4992.1079,4489.8755,168.3291,250,250,-0.03371904,,-0.03371904,-0.03371904,-168.3291,4992.1079,OK,0.0000,6.7332,4.0000,96.0000,AG03-UNRESOLVED,ALL5_LEVELS_bet23_to_bet27,6.7332,6.7332,6.7332,8.4165,8.4165,4.000000,4.000000,4.000000,5.000000,5.000000,96.000000,96.000000,96.000000,95.000000,95.000000,5.0,37.0324,33.9227,131.2967,134.4065,PENDING_AG03,FALSE,NOT_FOR_ENFORCEMENT,161.5959,4310.2804,168.3291,161.5959,6.7332,0.03371904,0.03237028,6.7332,161.5959,0.03237028,6.7332,6.7332,6.7332,8.4165,8.4165,161.5959,0.03237028,37.0324,33.9227,131.2967,134.4065,0.02630085,0.02692379,0.00134876,19.9684,17.9595,0.6733,15.3026,1.5732,453.8280,22.7273,,19.9684,11.0068,14.3088,22.2988,34.0855,45.4473,56.8091,11.0068,0.0,3.176173,3.970216,1.395532,18,84,10,3,0E-8,0.03371904,,0E-8,0.000000,0.899395,0.000000,,2026-04-20,2026-06-24,11,107,71,66,0.166667,,,0.000000,,,,,,,,GLOBAL_BASELINE_NO_ENTITY_RANKING,,,NOT_APPLICABLE_GLOBAL_BASELINE,HF9g-P5,,,,X 全窗基线 · 不参与实体赏罚,6873873,688,A168_HF9F_20260827_0900,2026-08-27 09:00:00
2026-05-11,58234144,1399,0,78.0457348006,33.4481720574,33.4481720574,0.6666667,3,3,0.49324550000000000,0.493245500000,0.6008033672792107,0.6008033672792106,0.6008033672792107,0E-17,ELIGIBLE,R03b_20260811_FULL_v1,L1_ELIGIBILITY,v2026-08-11,2026-03-21..2026-08-06,baccarat_bet02_101_all_pairs_incl_sentinel,round_win = game_pnl > 0 (decisive only),COMPATIBILITY_ONLY_NOT_PRODUCTION,4992.1079,4489.8755,168.3291,250,250,-0.03371904,,-0.03371904,-0.03371904,-168.3291,4992.1079,OK,0.0000,6.7332,4.0000,96.0000,AG03-UNRESOLVED,ALL5_LEVELS_bet23_to_bet27,6.7332,6.7332,6.7332,8.4165,8.4165,4.000000,4.000000,4.000000,5.000000,5.000000,96.000000,96.000000,96.000000,95.000000,95.000000,5.0,37.0324,33.9227,131.2967,134.4065,PENDING_AG03,FALSE,NOT_FOR_ENFORCEMENT,161.5959,4310.2804,168.3291,161.5959,6.7332,0.03371904,0.03237028,6.7332,161.5959,0.03237028,6.7332,6.7332,6.7332,8.4165,8.4165,161.5959,0.03237028,37.0324,33.9227,131.2967,134.4065,0.02630085,0.02692379,0.00134876,19.9684,17.9595,0.6733,15.3026,1.5732,453.8280,22.7273,,19.9684,11.0068,14.3088,22.2988,34.0855,45.4473,56.8091,11.0068,0.0,3.176173,3.970216,1.395532,18,84,10,3,0E-8,0.03371904,,0E-8,0.000000,0.899395,0.000000,,2026-04-20,2026-06-24,11,107,71,66,0.166667,,,0.000000,,,,,,,,GLOBAL_BASELINE_NO_ENTITY_RANKING,,,NOT_APPLICABLE_GLOBAL_BASELINE,HF9g-P5,,,,X 全窗基线 · 不参与实体赏罚,6873874,688,A168_HF9F_20260827_0900,2026-08-27 09:00:00
2026-05-11,58234144,1405,0,55.7469534290,33.4481720574,33.4481720574,1.0000000,3,3,0.49324550000000000,0.493245500000,1.4334489766152358,1.4334489766152358,1.4334489766152358,0E-17,ELIGIBLE,R03b_20260811_FULL_v1,L1_ELIGIBILITY,v2026-08-11,2026-03-21..2026-08-06,baccarat_bet02_101_all_pairs_incl_sentinel,round_win = game_pnl > 0 (decisive only),COMPATIBILITY_ONLY_NOT_PRODUCTION,4992.1079,4489.8755,168.3291,250,250,-0.03371904,,-0.03371904,-0.03371904,-168.3291,4992.1079,OK,0.0000,6.7332,4.0000,96.0000,AG03-UNRESOLVED,ALL5_LEVELS_bet23_to_bet27,6.7332,6.7332,6.7332,8.4165,8.4165,4.000000,4.000000,4.000000,5.000000,5.000000,96.000000,96.000000,96.000000,95.000000,95.000000,5.0,37.0324,33.9227,131.2967,134.4065,PENDING_AG03,FALSE,NOT_FOR_ENFORCEMENT,161.5959,4310.2804,168.3291,161.5959,6.7332,0.03371904,0.03237028,6.7332,161.5959,0.03237028,6.7332,6.7332,6.7332,8.4165,8.4165,161.5959,0.03237028,37.0324,33.9227,131.2967,134.4065,0.02630085,0.02692379,0.00134876,19.9684,17.9595,0.6733,15.3026,1.5732,453.8280,22.7273,,19.9684,11.0068,14.3088,22.2988,34.0855,45.4473,56.8091,11.0068,0.0,3.176173,3.970216,1.395532,18,84,10,3,0E-8,0.03371904,,0E-8,0.000000,0.899395,0.000000,,2026-04-20,2026-06-24,11,107,71,66,0.166667,,,0.000000,,,,,,,,GLOBAL_BASELINE_NO_ENTITY_RANKING,,,NOT_APPLICABLE_GLOBAL_BASELINE,HF9g-P5,,,,X 全窗基线 · 不参与实体赏罚,6873875,688,A168_HF9F_20260827_0900,2026-08-27 09:00:00
2026-05-11,58234144,1509,0,66.8963441148,-66.8963441148,-66.8963441148,0E-7,2,2,0.49324550000000000,0.493245500000,-1.3952362676504506,-1.3952362676504506,-1.3952362676504506,0E-17,ELIGIBLE,R03b_20260811_FULL_v1,L1_ELIGIBILITY,v2026-08-11,2026-03-21..2026-08-06,baccarat_bet02_101_all_pairs_incl_sentinel,round_win = game_pnl > 0 (decisive only),COMPATIBILITY_ONLY_NOT_PRODUCTION,4992.1079,4489.8755,168.3291,250,250,-0.03371904,,-0.03371904,-0.03371904,-168.3291,4992.1079,OK,0.0000,6.7332,4.0000,96.0000,AG03-UNRESOLVED,ALL5_LEVELS_bet23_to_bet27,6.7332,6.7332,6.7332,8.4165,8.4165,4.000000,4.000000,4.000000,5.000000,5.000000,96.000000,96.000000,96.000000,95.000000,95.000000,5.0,37.0324,33.9227,131.2967,134.4065,PENDING_AG03,FALSE,NOT_FOR_ENFORCEMENT,161.5959,4310.2804,168.3291,161.5959,6.7332,0.03371904,0.03237028,6.7332,161.5959,0.03237028,6.7332,6.7332,6.7332,8.4165,8.4165,161.5959,0.03237028,37.0324,33.9227,131.2967,134.4065,0.02630085,0.02692379,0.00134876,19.9684,17.9595,0.6733,15.3026,1.5732,453.8280,22.7273,,19.9684,11.0068,14.3088,22.2988,34.0855,45.4473,56.8091,11.0068,0.0,3.176173,3.970216,1.395532,18,84,10,3,0E-8,0.03371904,,0E-8,0.000000,0.899395,0.000000,,2026-04-20,2026-06-24,11,107,71,66,0.166667,,,0.000000,,,,,,,,GLOBAL_BASELINE_NO_ENTITY_RANKING,,,NOT_APPLICABLE_GLOBAL_BASELINE,HF9g-P5,,,,X 全窗基线 · 不参与实体赏罚,6873876,688,A168_HF9F_20260827_0900,2026-08-27 09:00:00
2026-05-11,58234144,1966,0,65.7814050462,-22.2987813716,-22.2987813716,0.5000000,2,2,0.49994810000000000,0.499948100000,0.00014679536856514622,0.00014679536856514622,0.00014679536856514622,0E-17,ELIGIBLE,R03b_20260811_FULL_v1,L1_ELIGIBILITY,v2026-08-11,2026-03-21..2026-08-06,baccarat_bet02_101_all_pairs_incl_sentinel,round_win = game_pnl > 0 (decisive only),COMPATIBILITY_ONLY_NOT_PRODUCTION,4992.1079,4489.8755,168.3291,250,250,-0.03371904,,-0.03371904,-0.03371904,-168.3291,4992.1079,OK,0.0000,6.7332,4.0000,96.0000,AG03-UNRESOLVED,ALL5_LEVELS_bet23_to_bet27,6.7332,6.7332,6.7332,8.4165,8.4165,4.000000,4.000000,4.000000,5.000000,5.000000,96.000000,96.000000,96.000000,95.000000,95.000000,5.0,37.0324,33.9227,131.2967,134.4065,PENDING_AG03,FALSE,NOT_FOR_ENFORCEMENT,161.5959,4310.2804,168.3291,161.5959,6.7332,0.03371904,0.03237028,6.7332,161.5959,0.03237028,6.7332,6.7332,6.7332,8.4165,8.4165,161.5959,0.03237028,37.0324,33.9227,131.2967,134.4065,0.02630085,0.02692379,0.00134876,19.9684,17.9595,0.6733,15.3026,1.5732,453.8280,22.7273,,19.9684,11.0068,14.3088,22.2988,34.0855,45.4473,56.8091,11.0068,0.0,3.176173,3.970216,1.395532,18,84,10,3,0E-8,0.03371904,,0E-8,0.000000,0.899395,0.000000,,2026-04-20,2026-06-24,11,107,71,66,0.166667,,,0.000000,,,,,,,,GLOBAL_BASELINE_NO_ENTITY_RANKING,,,NOT_APPLICABLE_GLOBAL_BASELINE,HF9g-P5,,,,X 全窗基线 · 不参与实体赏罚,6873877,688,A168_HF9F_20260827_0900,2026-08-27 09:00:00
2026-05-11,58234144,2129,0,11.1493906858,11.1493906858,11.1493906858,1.0000000,1,1,0.49324550000000000,0.493245500000,1.01360149184955,1.01360149184955,1.01360149184955,0E-17,ELIGIBLE,R03b_20260811_FULL_v1,L1_ELIGIBILITY,v2026-08-11,2026-03-21..2026-08-06,baccarat_bet02_101_all_pairs_incl_sentinel,round_win = game_pnl > 0 (decisive only),COMPATIBILITY_ONLY_NOT_PRODUCTION,4992.1079,4489.8755,168.3291,250,250,-0.03371904,,-0.03371904,-0.03371904,-168.3291,4992.1079,OK,0.0000,6.7332,4.0000,96.0000,AG03-UNRESOLVED,ALL5_LEVELS_bet23_to_bet27,6.7332,6.7332,6.7332,8.4165,8.4165,4.000000,4.000000,4.000000,5.000000,5.000000,96.000000,96.000000,96.000000,95.000000,95.000000,5.0,37.0324,33.9227,131.2967,134.4065,PENDING_AG03,FALSE,NOT_FOR_ENFORCEMENT,161.5959,4310.2804,168.3291,161.5959,6.7332,0.03371904,0.03237028,6.7332,161.5959,0.03237028,6.7332,6.7332,6.7332,8.4165,8.4165,161.5959,0.03237028,37.0324,33.9227,131.2967,134.4065,0.02630085,0.02692379,0.00134876,19.9684,17.9595,0.6733,15.3026,1.5732,453.8280,22.7273,,19.9684,11.0068,14.3088,22.2988,34.0855,45.4473,56.8091,11.0068,0.0,3.176173,3.970216,1.395532,18,84,10,3,0E-8,0.03371904,,0E-8,0.000000,0.899395,0.000000,,2026-04-20,2026-06-24,11,107,71,66,0.166667,,,0.000000,,,,,,,,GLOBAL_BASELINE_NO_ENTITY_RANKING,,,NOT_APPLICABLE_GLOBAL_BASELINE,HF9g-P5,,,,X 全窗基线 · 不参与实体赏罚,6873878,688,A168_HF9F_20260827_0900,2026-08-27 09:00:00
2026-05-11,58234144,2134,0,33.4481720574,-33.4481720574,-33.4481720574,0E-7,1,1,0.49324550000000000,0.493245500000,-0.9865810262130424,-0.9865810262130424,-0.9865810262130424,0E-17,ELIGIBLE,R03b_20260811_FULL_v1,L1_ELIGIBILITY,v2026-08-11,2026-03-21..2026-08-06,baccarat_bet02_101_all_pairs_incl_sentinel,round_win = game_pnl > 0 (decisive only),COMPATIBILITY_ONLY_NOT_PRODUCTION,4992.1079,4489.8755,168.3291,250,250,-0.03371904,,-0.03371904,-0.03371904,-168.3291,4992.1079,OK,0.0000,6.7332,4.0000,96.0000,AG03-UNRESOLVED,ALL5_LEVELS_bet23_to_bet27,6.7332,6.7332,6.7332,8.4165,8.4165,4.000000,4.000000,4.000000,5.000000,5.000000,96.000000,96.000000,96.000000,95.000000,95.000000,5.0,37.0324,33.9227,131.2967,134.4065,PENDING_AG03,FALSE,NOT_FOR_ENFORCEMENT,161.5959,4310.2804,168.3291,161.5959,6.7332,0.03371904,0.03237028,6.7332,161.5959,0.03237028,6.7332,6.7332,6.7332,8.4165,8.4165,161.5959,0.03237028,37.0324,33.9227,131.2967,134.4065,0.02630085,0.02692379,0.00134876,19.9684,17.9595,0.6733,15.3026,1.5732,453.8280,22.7273,,19.9684,11.0068,14.3088,22.2988,34.0855,45.4473,56.8091,11.0068,0.0,3.176173,3.970216,1.395532,18,84,10,3,0E-8,0.03371904,,0E-8,0.000000,0.899395,0.000000,,2026-04-20,2026-06-24,11,107,71,66,0.166667,,,0.000000,,,,,,,,GLOBAL_BASELINE_NO_ENTITY_RANKING,,,NOT_APPLICABLE_GLOBAL_BASELINE,HF9g-P5,,,,X 全窗基线 · 不参与实体赏罚,6873879,688,A168_HF9F_20260827_0900,2026-08-27 09:00:00
2026-05-11,58234144,2241,0,33.4481720574,0E-10,0E-10,,1,1,0.49324550000000000,0.493245500000,,,,0E-17,NO_DECISIVE_ROUND,R03b_20260811_FULL_v1,L1_ELIGIBILITY,v2026-08-11,2026-03-21..2026-08-06,baccarat_bet02_101_all_pairs_incl_sentinel,round_win = game_pnl > 0 (decisive only),COMPATIBILITY_ONLY_NOT_PRODUCTION,4992.1079,4489.8755,168.3291,250,250,-0.03371904,,-0.03371904,-0.03371904,-168.3291,4992.1079,OK,0.0000,6.7332,4.0000,96.0000,AG03-UNRESOLVED,ALL5_LEVELS_bet23_to_bet27,6.7332,6.7332,6.7332,8.4165,8.4165,4.000000,4.000000,4.000000,5.000000,5.000000,96.000000,96.000000,96.000000,95.000000,95.000000,5.0,37.0324,33.9227,131.2967,134.4065,PENDING_AG03,FALSE,NOT_FOR_ENFORCEMENT,161.5959,4310.2804,168.3291,161.5959,6.7332,0.03371904,0.03237028,6.7332,161.5959,0.03237028,6.7332,6.7332,6.7332,8.4165,8.4165,161.5959,0.03237028,37.0324,33.9227,131.2967,134.4065,0.02630085,0.02692379,0.00134876,19.9684,17.9595,0.6733,15.3026,1.5732,453.8280,22.7273,,19.9684,11.0068,14.3088,22.2988,34.0855,45.4473,56.8091,11.0068,0.0,3.176173,3.970216,1.395532,18,84,10,3,0E-8,0.03371904,,0E-8,0.000000,0.899395,0.000000,,2026-04-20,2026-06-24,11,107,71,66,0.166667,,,0.000000,,,,,,,,GLOBAL_BASELINE_NO_ENTITY_RANKING,,,NOT_APPLICABLE_GLOBAL_BASELINE,HF9g-P5,,,,X 全窗基线 · 不参与实体赏罚,6873880,688,A168_HF9F_20260827_0900,2026-08-27 09:00:00
2026-05-11,58234144,2248,0,22.2987813716,-22.2987813716,-22.2987813716,0E-7,1,1,0.49324550000000000,0.493245500000,-0.9865810262130424,-0.9865810262130424,-0.9865810262130424,0E-17,ELIGIBLE,R03b_20260811_FULL_v1,L1_ELIGIBILITY,v2026-08-11,2026-03-21..2026-08-06,baccarat_bet02_101_all_pairs_incl_sentinel,round_win = game_pnl > 0 (decisive only),COMPATIBILITY_ONLY_NOT_PRODUCTION,4992.1079,4489.8755,168.3291,250,250,-0.03371904,,-0.03371904,-0.03371904,-168.3291,4992.1079,OK,0.0000,6.7332,4.0000,96.0000,AG03-UNRESOLVED,ALL5_LEVELS_bet23_to_bet27,6.7332,6.7332,6.7332,8.4165,8.4165,4.000000,4.000000,4.000000,5.000000,5.000000,96.000000,96.000000,96.000000,95.000000,95.000000,5.0,37.0324,33.9227,131.2967,134.4065,PENDING_AG03,FALSE,NOT_FOR_ENFORCEMENT,161.5959,4310.2804,168.3291,161.5959,6.7332,0.03371904,0.03237028,6.7332,161.5959,0.03237028,6.7332,6.7332,6.7332,8.4165,8.4165,161.5959,0.03237028,37.0324,33.9227,131.2967,134.4065,0.02630085,0.02692379,0.00134876,19.9684,17.9595,0.6733,15.3026,1.5732,453.8280,22.7273,,19.9684,11.0068,14.3088,22.2988,34.0855,45.4473,56.8091,11.0068,0.0,3.176173,3.970216,1.395532,18,84,10,3,0E-8,0.03371904,,0E-8,0.000000,0.899395,0.000000,,2026-04-20,2026-06-24,11,107,71,66,0.166667,,,0.000000,,,,,,,,GLOBAL_BASELINE_NO_ENTITY_RANKING,,,NOT_APPLICABLE_GLOBAL_BASELINE,HF9g-P5,,,,X 全窗基线 · 不参与实体赏罚,6873881,688,A168_HF9F_20260827_0900,2026-08-27 09:00:00
2026-06-03,58234144,2064,0,27.5169779754,27.5169779754,27.5169779754,1.0000000,1,1,0.49324550000000000,0.493245500000,1.01360149184955,1.01360149184955,1.01360149184955,0E-17,ELIGIBLE,R03b_20260811_FULL_v1,L1_ELIGIBILITY,v2026-08-11,2026-03-21..2026-08-06,baccarat_bet02_101_all_pairs_incl_sentinel,round_win = game_pnl > 0 (decisive only),COMPATIBILITY_ONLY_NOT_PRODUCTION,4992.1079,4489.8755,168.3291,250,250,-0.03371904,,-0.03371904,-0.03371904,-168.3291,4992.1079,OK,0.0000,6.7332,4.0000,96.0000,AG03-UNRESOLVED,ALL5_LEVELS_bet23_to_bet27,6.7332,6.7332,6.7332,8.4165,8.4165,4.000000,4.000000,4.000000,5.000000,5.000000,96.000000,96.000000,96.000000,95.000000,95.000000,5.0,37.0324,33.9227,131.2967,134.4065,PENDING_AG03,FALSE,NOT_FOR_ENFORCEMENT,161.5959,4310.2804,168.3291,161.5959,6.7332,0.03371904,0.03237028,6.7332,161.5959,0.03237028,6.7332,6.7332,6.7332,8.4165,8.4165,161.5959,0.03237028,37.0324,33.9227,131.2967,134.4065,0.02630085,0.02692379,0.00134876,19.9684,17.9595,0.6733,15.3026,1.5732,453.8280,22.7273,,19.9684,11.0068,14.3088,22.2988,34.0855,45.4473,56.8091,11.0068,0.0,3.176173,3.970216,1.395532,18,84,10,3,0E-8,0.03371904,,0E-8,0.000000,0.899395,0.000000,,2026-04-20,2026-06-24,11,107,71,66,0.166667,,,0.000000,,,,,,,,GLOBAL_BASELINE_NO_ENTITY_RANKING,,,NOT_APPLICABLE_GLOBAL_BASELINE,HF9g-P5,,,,X 全窗基线 · 不参与实体赏罚,6873882,688,A168_HF9F_20260827_0900,2026-08-27 09:00:00
2026-06-03,58234144,2101,0,22.0135823803,22.0135823803,22.0135823803,1.0000000,1,1,0.49324550000000000,0.493245500000,1.01360149184955,1.01360149184955,1.01360149184955,0E-17,ELIGIBLE,R03b_20260811_FULL_v1,L1_ELIGIBILITY,v2026-08-11,2026-03-21..2026-08-06,baccarat_bet02_101_all_pairs_incl_sentinel,round_win = game_pnl > 0 (decisive only),COMPATIBILITY_ONLY_NOT_PRODUCTION,4992.1079,4489.8755,168.3291,250,250,-0.03371904,,-0.03371904,-0.03371904,-168.3291,4992.1079,OK,0.0000,6.7332,4.0000,96.0000,AG03-UNRESOLVED,ALL5_LEVELS_bet23_to_bet27,6.7332,6.7332,6.7332,8.4165,8.4165,4.000000,4.000000,4.000000,5.000000,5.000000,96.000000,96.000000,96.000000,95.000000,95.000000,5.0,37.0324,33.9227,131.2967,134.4065,PENDING_AG03,FALSE,NOT_FOR_ENFORCEMENT,161.5959,4310.2804,168.3291,161.5959,6.7332,0.03371904,0.03237028,6.7332,161.5959,0.03237028,6.7332,6.7332,6.7332,8.4165,8.4165,161.5959,0.03237028,37.0324,33.9227,131.2967,134.4065,0.02630085,0.02692379,0.00134876,19.9684,17.9595,0.6733,15.3026,1.5732,453.8280,22.7273,,19.9684,11.0068,14.3088,22.2988,34.0855,45.4473,56.8091,11.0068,0.0,3.176173,3.970216,1.395532,18,84,10,3,0E-8,0.03371904,,0E-8,0.000000,0.899395,0.000000,,2026-04-20,2026-06-24,11,107,71,66,0.166667,,,0.000000,,,,,,,,GLOBAL_BASELINE_NO_ENTITY_RANKING,,,NOT_APPLICABLE_GLOBAL_BASELINE,HF9g-P5,,,,X 全窗基线 · 不参与实体赏罚,6873883,688,A168_HF9F_20260827_0900,2026-08-27 09:00:00
2026-06-03,58234144,2261,0,35.2217318086,8.8054329522,8.8054329522,0.6666667,3,3,0.49324550000000000,0.493245500000,0.6008033672792107,0.6008033672792106,0.6008033672792107,0E-17,ELIGIBLE,R03b_20260811_FULL_v1,L1_ELIGIBILITY,v2026-08-11,2026-03-21..2026-08-06,baccarat_bet02_101_all_pairs_incl_sentinel,round_win = game_pnl > 0 (decisive only),COMPATIBILITY_ONLY_NOT_PRODUCTION,4992.1079,4489.8755,168.3291,250,250,-0.03371904,,-0.03371904,-0.03371904,-168.3291,4992.1079,OK,0.0000,6.7332,4.0000,96.0000,AG03-UNRESOLVED,ALL5_LEVELS_bet23_to_bet27,6.7332,6.7332,6.7332,8.4165,8.4165,4.000000,4.000000,4.000000,5.000000,5.000000,96.000000,96.000000,96.000000,95.000000,95.000000,5.0,37.0324,33.9227,131.2967,134.4065,PENDING_AG03,FALSE,NOT_FOR_ENFORCEMENT,161.5959,4310.2804,168.3291,161.5959,6.7332,0.03371904,0.03237028,6.7332,161.5959,0.03237028,6.7332,6.7332,6.7332,8.4165,8.4165,161.5959,0.03237028,37.0324,33.9227,131.2967,134.4065,0.02630085,0.02692379,0.00134876,19.9684,17.9595,0.6733,15.3026,1.5732,453.8280,22.7273,,19.9684,11.0068,14.3088,22.2988,34.0855,45.4473,56.8091,11.0068,0.0,3.176173,3.970216,1.395532,18,84,10,3,0E-8,0.03371904,,0E-8,0.000000,0.899395,0.000000,,2026-04-20,2026-06-24,11,107,71,66,0.166667,,,0.000000,,,,,,,,GLOBAL_BASELINE_NO_ENTITY_RANKING,,,NOT_APPLICABLE_GLOBAL_BASELINE,HF9g-P5,,,,X 全窗基线 · 不参与实体赏罚,6873884,688,A168_HF9F_20260827_0900,2026-08-27 09:00:00
2026-06-03,58234144,471,0,56.1346350699,31.9196944515,31.9196944515,0.7500000,4,4,0.49324550000000000,0.493245500000,1.0271117246678039,1.0271117246678039,1.0271117246678039,0E-17,ELIGIBLE,R03b_20260811_FULL_v1,L1_ELIGIBILITY,v2026-08-11,2026-03-21..2026-08-06,baccarat_bet02_101_all_pairs_incl_sentinel,round_win = game_pnl > 0 (decisive only),COMPATIBILITY_ONLY_NOT_PRODUCTION,4992.1079,4489.8755,168.3291,250,250,-0.03371904,,-0.03371904,-0.03371904,-168.3291,4992.1079,OK,0.0000,6.7332,4.0000,96.0000,AG03-UNRESOLVED,ALL5_LEVELS_bet23_to_bet27,6.7332,6.7332,6.7332,8.4165,8.4165,4.000000,4.000000,4.000000,5.000000,5.000000,96.000000,96.000000,96.000000,95.000000,95.000000,5.0,37.0324,33.9227,131.2967,134.4065,PENDING_AG03,FALSE,NOT_FOR_ENFORCEMENT,161.5959,4310.2804,168.3291,161.5959,6.7332,0.03371904,0.03237028,6.7332,161.5959,0.03237028,6.7332,6.7332,6.7332,8.4165,8.4165,161.5959,0.03237028,37.0324,33.9227,131.2967,134.4065,0.02630085,0.02692379,0.00134876,19.9684,17.9595,0.6733,15.3026,1.5732,453.8280,22.7273,,19.9684,11.0068,14.3088,22.2988,34.0855,45.4473,56.8091,11.0068,0.0,3.176173,3.970216,1.395532,18,84,10,3,0E-8,0.03371904,,0E-8,0.000000,0.899395,0.000000,,2026-04-20,2026-06-24,11,107,71,66,0.166667,,,0.000000,,,,,,,,GLOBAL_BASELINE_NO_ENTITY_RANKING,,,NOT_APPLICABLE_GLOBAL_BASELINE,HF9g-P5,,,,X 全窗基线 · 不参与实体赏罚,6873885,688,A168_HF9F_20260827_0900,2026-08-27 09:00:00
2026-06-04,58234144,1078,0,22.0135823803,-22.0135823803,-22.0135823803,0E-7,1,1,0.49324550000000000,0.493245500000,-0.9865810262130424,-0.9865810262130424,-0.9865810262130424,0E-17,ELIGIBLE,R03b_20260811_FULL_v1,L1_ELIGIBILITY,v2026-08-11,2026-03-21..2026-08-06,baccarat_bet02_101_all_pairs_incl_sentinel,round_win = game_pnl > 0 (decisive only),COMPATIBILITY_ONLY_NOT_PRODUCTION,4992.1079,4489.8755,168.3291,250,250,-0.03371904,,-0.03371904,-0.03371904,-168.3291,4992.1079,OK,0.0000,6.7332,4.0000,96.0000,AG03-UNRESOLVED,ALL5_LEVELS_bet23_to_bet27,6.7332,6.7332,6.7332,8.4165,8.4165,4.000000,4.000000,4.000000,5.000000,5.000000,96.000000,96.000000,96.000000,95.000000,95.000000,5.0,37.0324,33.9227,131.2967,134.4065,PENDING_AG03,FALSE,NOT_FOR_ENFORCEMENT,161.5959,4310.2804,168.3291,161.5959,6.7332,0.03371904,0.03237028,6.7332,161.5959,0.03237028,6.7332,6.7332,6.7332,8.4165,8.4165,161.5959,0.03237028,37.0324,33.9227,131.2967,134.4065,0.02630085,0.02692379,0.00134876,19.9684,17.9595,0.6733,15.3026,1.5732,453.8280,22.7273,,19.9684,11.0068,14.3088,22.2988,34.0855,45.4473,56.8091,11.0068,0.0,3.176173,3.970216,1.395532,18,84,10,3,0E-8,0.03371904,,0E-8,0.000000,0.899395,0.000000,,2026-04-20,2026-06-24,11,107,71,66,0.166667,,,0.000000,,,,,,,,GLOBAL_BASELINE_NO_ENTITY_RANKING,,,NOT_APPLICABLE_GLOBAL_BASELINE,HF9g-P5,,,,X 全窗基线 · 不参与实体赏罚,6873886,688,A168_HF9F_20260827_0900,2026-08-27 09:00:00
2026-06-04,58234144,1185,0,11.0067911902,11.0067911902,11.0067911902,1.0000000,1,1,0.49324550000000000,0.493245500000,1.01360149184955,1.01360149184955,1.01360149184955,0E-17,ELIGIBLE,R03b_20260811_FULL_v1,L1_ELIGIBILITY,v2026-08-11,2026-03-21..2026-08-06,baccarat_bet02_101_all_pairs_incl_sentinel,round_win = game_pnl > 0 (decisive only),COMPATIBILITY_ONLY_NOT_PRODUCTION,4992.1079,4489.8755,168.3291,250,250,-0.03371904,,-0.03371904,-0.03371904,-168.3291,4992.1079,OK,0.0000,6.7332,4.0000,96.0000,AG03-UNRESOLVED,ALL5_LEVELS_bet23_to_bet27,6.7332,6.7332,6.7332,8.4165,8.4165,4.000000,4.000000,4.000000,5.000000,5.000000,96.000000,96.000000,96.000000,95.000000,95.000000,5.0,37.0324,33.9227,131.2967,134.4065,PENDING_AG03,FALSE,NOT_FOR_ENFORCEMENT,161.5959,4310.2804,168.3291,161.5959,6.7332,0.03371904,0.03237028,6.7332,161.5959,0.03237028,6.7332,6.7332,6.7332,8.4165,8.4165,161.5959,0.03237028,37.0324,33.9227,131.2967,134.4065,0.02630085,0.02692379,0.00134876,19.9684,17.9595,0.6733,15.3026,1.5732,453.8280,22.7273,,19.9684,11.0068,14.3088,22.2988,34.0855,45.4473,56.8091,11.0068,0.0,3.176173,3.970216,1.395532,18,84,10,3,0E-8,0.03371904,,0E-8,0.000000,0.899395,0.000000,,2026-04-20,2026-06-24,11,107,71,66,0.166667,,,0.000000,,,,,,,,GLOBAL_BASELINE_NO_ENTITY_RANKING,,,NOT_APPLICABLE_GLOBAL_BASELINE,HF9g-P5,,,,X 全窗基线 · 不参与实体赏罚,6873887,688,A168_HF9F_20260827_0900,2026-08-27 09:00:00
2026-06-04,58234144,1210,0,66.0407471410,22.0135823804,22.0135823804,0.7500000,4,4,0.49324550000000000,0.493245500000,1.0271117246678039,1.0271117246678039,1.0271117246678039,0E-17,ELIGIBLE,R03b_20260811_FULL_v1,L1_ELIGIBILITY,v2026-08-11,2026-03-21..2026-08-06,baccarat_bet02_101_all_pairs_incl_sentinel,round_win = game_pnl > 0 (decisive only),COMPATIBILITY_ONLY_NOT_PRODUCTION,4992.1079,4489.8755,168.3291,250,250,-0.03371904,,-0.03371904,-0.03371904,-168.3291,4992.1079,OK,0.0000,6.7332,4.0000,96.0000,AG03-UNRESOLVED,ALL5_LEVELS_bet23_to_bet27,6.7332,6.7332,6.7332,8.4165,8.4165,4.000000,4.000000,4.000000,5.000000,5.000000,96.000000,96.000000,96.000000,95.000000,95.000000,5.0,37.0324,33.9227,131.2967,134.4065,PENDING_AG03,FALSE,NOT_FOR_ENFORCEMENT,161.5959,4310.2804,168.3291,161.5959,6.7332,0.03371904,0.03237028,6.7332,161.5959,0.03237028,6.7332,6.7332,6.7332,8.4165,8.4165,161.5959,0.03237028,37.0324,33.9227,131.2967,134.4065,0.02630085,0.02692379,0.00134876,19.9684,17.9595,0.6733,15.3026,1.5732,453.8280,22.7273,,19.9684,11.0068,14.3088,22.2988,34.0855,45.4473,56.8091,11.0068,0.0,3.176173,3.970216,1.395532,18,84,10,3,0E-8,0.03371904,,0E-8,0.000000,0.899395,0.000000,,2026-04-20,2026-06-24,11,107,71,66,0.166667,,,0.000000,,,,,,,,GLOBAL_BASELINE_NO_ENTITY_RANKING,,,NOT_APPLICABLE_GLOBAL_BASELINE,HF9g-P5,,,,X 全窗基线 · 不参与实体赏罚,6873888,688,A168_HF9F_20260827_0900,2026-08-27 09:00:00
2026-06-04,58234144,1331,0,11.0067911902,-11.0067911902,-11.0067911902,0E-7,1,1,0.49324550000000000,0.493245500000,-0.9865810262130424,-0.9865810262130424,-0.9865810262130424,0E-17,ELIGIBLE,R03b_20260811_FULL_v1,L1_ELIGIBILITY,v2026-08-11,2026-03-21..2026-08-06,baccarat_bet02_101_all_pairs_incl_sentinel,round_win = game_pnl > 0 (decisive only),COMPATIBILITY_ONLY_NOT_PRODUCTION,4992.1079,4489.8755,168.3291,250,250,-0.03371904,,-0.03371904,-0.03371904,-168.3291,4992.1079,OK,0.0000,6.7332,4.0000,96.0000,AG03-UNRESOLVED,ALL5_LEVELS_bet23_to_bet27,6.7332,6.7332,6.7332,8.4165,8.4165,4.000000,4.000000,4.000000,5.000000,5.000000,96.000000,96.000000,96.000000,95.000000,95.000000,5.0,37.0324,33.9227,131.2967,134.4065,PENDING_AG03,FALSE,NOT_FOR_ENFORCEMENT,161.5959,4310.2804,168.3291,161.5959,6.7332,0.03371904,0.03237028,6.7332,161.5959,0.03237028,6.7332,6.7332,6.7332,8.4165,8.4165,161.5959,0.03237028,37.0324,33.9227,131.2967,134.4065,0.02630085,0.02692379,0.00134876,19.9684,17.9595,0.6733,15.3026,1.5732,453.8280,22.7273,,19.9684,11.0068,14.3088,22.2988,34.0855,45.4473,56.8091,11.0068,0.0,3.176173,3.970216,1.395532,18,84,10,3,0E-8,0.03371904,,0E-8,0.000000,0.899395,0.000000,,2026-04-20,2026-06-24,11,107,71,66,0.166667,,,0.000000,,,,,,,,GLOBAL_BASELINE_NO_ENTITY_RANKING,,,NOT_APPLICABLE_GLOBAL_BASELINE,HF9g-P5,,,,X 全窗基线 · 不参与实体赏罚,6873889,688,A168_HF9F_20260827_0900,2026-08-27 09:00:00
2026-06-04,58234144,1382,0,55.0339559508,-55.0339559508,-55.0339559508,0E-7,1,1,0.49324550000000000,0.493245500000,-0.9865810262130424,-0.9865810262130424,-0.9865810262130424,0E-17,ELIGIBLE,R03b_20260811_FULL_v1,L1_ELIGIBILITY,v2026-08-11,2026-03-21..2026-08-06,baccarat_bet02_101_all_pairs_incl_sentinel,round_win = game_pnl > 0 (decisive only),COMPATIBILITY_ONLY_NOT_PRODUCTION,4992.1079,4489.8755,168.3291,250,250,-0.03371904,,-0.03371904,-0.03371904,-168.3291,4992.1079,OK,0.0000,6.7332,4.0000,96.0000,AG03-UNRESOLVED,ALL5_LEVELS_bet23_to_bet27,6.7332,6.7332,6.7332,8.4165,8.4165,4.000000,4.000000,4.000000,5.000000,5.000000,96.000000,96.000000,96.000000,95.000000,95.000000,5.0,37.0324,33.9227,131.2967,134.4065,PENDING_AG03,FALSE,NOT_FOR_ENFORCEMENT,161.5959,4310.2804,168.3291,161.5959,6.7332,0.03371904,0.03237028,6.7332,161.5959,0.03237028,6.7332,6.7332,6.7332,8.4165,8.4165,161.5959,0.03237028,37.0324,33.9227,131.2967,134.4065,0.02630085,0.02692379,0.00134876,19.9684,17.9595,0.6733,15.3026,1.5732,453.8280,22.7273,,19.9684,11.0068,14.3088,22.2988,34.0855,45.4473,56.8091,11.0068,0.0,3.176173,3.970216,1.395532,18,84,10,3,0E-8,0.03371904,,0E-8,0.000000,0.899395,0.000000,,2026-04-20,2026-06-24,11,107,71,66,0.166667,,,0.000000,,,,,,,,GLOBAL_BASELINE_NO_ENTITY_RANKING,,,NOT_APPLICABLE_GLOBAL_BASELINE,HF9g-P5,,,,X 全窗基线 · 不参与实体赏罚,6873890,688,A168_HF9F_20260827_0900,2026-08-27 09:00:00
2026-06-04,58234144,1485,0,33.0203735705,-33.0203735705,-33.0203735705,0E-7,1,1,0.49324550000000000,0.493245500000,-0.9865810262130424,-0.9865810262130424,-0.9865810262130424,0E-17,ELIGIBLE,R03b_20260811_FULL_v1,L1_ELIGIBILITY,v2026-08-11,2026-03-21..2026-08-06,baccarat_bet02_101_all_pairs_incl_sentinel,round_win = game_pnl > 0 (decisive only),COMPATIBILITY_ONLY_NOT_PRODUCTION,4992.1079,4489.8755,168.3291,250,250,-0.03371904,,-0.03371904,-0.03371904,-168.3291,4992.1079,OK,0.0000,6.7332,4.0000,96.0000,AG03-UNRESOLVED,ALL5_LEVELS_bet23_to_bet27,6.7332,6.7332,6.7332,8.4165,8.4165,4.000000,4.000000,4.000000,5.000000,5.000000,96.000000,96.000000,96.000000,95.000000,95.000000,5.0,37.0324,33.9227,131.2967,134.4065,PENDING_AG03,FALSE,NOT_FOR_ENFORCEMENT,161.5959,4310.2804,168.3291,161.5959,6.7332,0.03371904,0.03237028,6.7332,161.5959,0.03237028,6.7332,6.7332,6.7332,8.4165,8.4165,161.5959,0.03237028,37.0324,33.9227,131.2967,134.4065,0.02630085,0.02692379,0.00134876,19.9684,17.9595,0.6733,15.3026,1.5732,453.8280,22.7273,,19.9684,11.0068,14.3088,22.2988,34.0855,45.4473,56.8091,11.0068,0.0,3.176173,3.970216,1.395532,18,84,10,3,0E-8,0.03371904,,0E-8,0.000000,0.899395,0.000000,,2026-04-20,2026-06-24,11,107,71,66,0.166667,,,0.000000,,,,,,,,GLOBAL_BASELINE_NO_ENTITY_RANKING,,,NOT_APPLICABLE_GLOBAL_BASELINE,HF9g-P5,,,,X 全窗基线 · 不参与实体赏罚,6873891,688,A168_HF9F_20260827_0900,2026-08-27 09:00:00
2026-06-04,58234144,1941,0,11.0067911902,11.0067911902,11.0067911902,1.0000000,1,1,0.49324550000000000,0.493245500000,1.01360149184955,1.01360149184955,1.01360149184955,0E-17,ELIGIBLE,R03b_20260811_FULL_v1,L1_ELIGIBILITY,v2026-08-11,2026-03-21..2026-08-06,baccarat_bet02_101_all_pairs_incl_sentinel,round_win = game_pnl > 0 (decisive only),COMPATIBILITY_ONLY_NOT_PRODUCTION,4992.1079,4489.8755,168.3291,250,250,-0.03371904,,-0.03371904,-0.03371904,-168.3291,4992.1079,OK,0.0000,6.7332,4.0000,96.0000,AG03-UNRESOLVED,ALL5_LEVELS_bet23_to_bet27,6.7332,6.7332,6.7332,8.4165,8.4165,4.000000,4.000000,4.000000,5.000000,5.000000,96.000000,96.000000,96.000000,95.000000,95.000000,5.0,37.0324,33.9227,131.2967,134.4065,PENDING_AG03,FALSE,NOT_FOR_ENFORCEMENT,161.5959,4310.2804,168.3291,161.5959,6.7332,0.03371904,0.03237028,6.7332,161.5959,0.03237028,6.7332,6.7332,6.7332,8.4165,8.4165,161.5959,0.03237028,37.0324,33.9227,131.2967,134.4065,0.02630085,0.02692379,0.00134876,19.9684,17.9595,0.6733,15.3026,1.5732,453.8280,22.7273,,19.9684,11.0068,14.3088,22.2988,34.0855,45.4473,56.8091,11.0068,0.0,3.176173,3.970216,1.395532,18,84,10,3,0E-8,0.03371904,,0E-8,0.000000,0.899395,0.000000,,2026-04-20,2026-06-24,11,107,71,66,0.166667,,,0.000000,,,,,,,,GLOBAL_BASELINE_NO_ENTITY_RANKING,,,NOT_APPLICABLE_GLOBAL_BASELINE,HF9g-P5,,,,X 全窗基线 · 不参与实体赏罚,6873892,688,A168_HF9F_20260827_0900,2026-08-27 09:00:00
2026-06-04,58234144,2064,0,60.5373515459,60.5373515459,60.5373515459,1.0000000,2,2,0.49324550000000000,0.493245500000,1.4334489766152358,1.4334489766152358,1.4334489766152358,0E-17,ELIGIBLE,R03b_20260811_FULL_v1,L1_ELIGIBILITY,v2026-08-11,2026-03-21..2026-08-06,baccarat_bet02_101_all_pairs_incl_sentinel,round_win = game_pnl > 0 (decisive only),COMPATIBILITY_ONLY_NOT_PRODUCTION,4992.1079,4489.8755,168.3291,250,250,-0.03371904,,-0.03371904,-0.03371904,-168.3291,4992.1079,OK,0.0000,6.7332,4.0000,96.0000,AG03-UNRESOLVED,ALL5_LEVELS_bet23_to_bet27,6.7332,6.7332,6.7332,8.4165,8.4165,4.000000,4.000000,4.000000,5.000000,5.000000,96.000000,96.000000,96.000000,95.000000,95.000000,5.0,37.0324,33.9227,131.2967,134.4065,PENDING_AG03,FALSE,NOT_FOR_ENFORCEMENT,161.5959,4310.2804,168.3291,161.5959,6.7332,0.03371904,0.03237028,6.7332,161.5959,0.03237028,6.7332,6.7332,6.7332,8.4165,8.4165,161.5959,0.03237028,37.0324,33.9227,131.2967,134.4065,0.02630085,0.02692379,0.00134876,19.9684,17.9595,0.6733,15.3026,1.5732,453.8280,22.7273,,19.9684,11.0068,14.3088,22.2988,34.0855,45.4473,56.8091,11.0068,0.0,3.176173,3.970216,1.395532,18,84,10,3,0E-8,0.03371904,,0E-8,0.000000,0.899395,0.000000,,2026-04-20,2026-06-24,11,107,71,66,0.166667,,,0.000000,,,,,,,,GLOBAL_BASELINE_NO_ENTITY_RANKING,,,NOT_APPLICABLE_GLOBAL_BASELINE,HF9g-P5,,,,X 全窗基线 · 不参与实体赏罚,6873893,688,A168_HF9F_20260827_0900,2026-08-27 09:00:00
2026-06-04,58234144,2142,0,22.0135823803,-22.0135823803,-22.0135823803,0E-7,1,1,0.49324550000000000,0.493245500000,-0.9865810262130424,-0.9865810262130424,-0.9865810262130424,0E-17,ELIGIBLE,R03b_20260811_FULL_v1,L1_ELIGIBILITY,v2026-08-11,2026-03-21..2026-08-06,baccarat_bet02_101_all_pairs_incl_sentinel,round_win = game_pnl > 0 (decisive only),COMPATIBILITY_ONLY_NOT_PRODUCTION,4992.1079,4489.8755,168.3291,250,250,-0.03371904,,-0.03371904,-0.03371904,-168.3291,4992.1079,OK,0.0000,6.7332,4.0000,96.0000,AG03-UNRESOLVED,ALL5_LEVELS_bet23_to_bet27,6.7332,6.7332,6.7332,8.4165,8.4165,4.000000,4.000000,4.000000,5.000000,5.000000,96.000000,96.000000,96.000000,95.000000,95.000000,5.0,37.0324,33.9227,131.2967,134.4065,PENDING_AG03,FALSE,NOT_FOR_ENFORCEMENT,161.5959,4310.2804,168.3291,161.5959,6.7332,0.03371904,0.03237028,6.7332,161.5959,0.03237028,6.7332,6.7332,6.7332,8.4165,8.4165,161.5959,0.03237028,37.0324,33.9227,131.2967,134.4065,0.02630085,0.02692379,0.00134876,19.9684,17.9595,0.6733,15.3026,1.5732,453.8280,22.7273,,19.9684,11.0068,14.3088,22.2988,34.0855,45.4473,56.8091,11.0068,0.0,3.176173,3.970216,1.395532,18,84,10,3,0E-8,0.03371904,,0E-8,0.000000,0.899395,0.000000,,2026-04-20,2026-06-24,11,107,71,66,0.166667,,,0.000000,,,,,,,,GLOBAL_BASELINE_NO_ENTITY_RANKING,,,NOT_APPLICABLE_GLOBAL_BASELINE,HF9g-P5,,,,X 全窗基线 · 不参与实体赏罚,6873894,688,A168_HF9F_20260827_0900,2026-08-27 09:00:00
2026-06-04,58234144,2155,0,33.0203735705,33.0203735705,33.0203735705,1.0000000,2,2,0.49324550000000000,0.493245500000,1.4334489766152358,1.4334489766152358,1.4334489766152358,0E-17,ELIGIBLE,R03b_20260811_FULL_v1,L1_ELIGIBILITY,v2026-08-11,2026-03-21..2026-08-06,baccarat_bet02_101_all_pairs_incl_sentinel,round_win = game_pnl > 0 (decisive only),COMPATIBILITY_ONLY_NOT_PRODUCTION,4992.1079,4489.8755,168.3291,250,250,-0.03371904,,-0.03371904,-0.03371904,-168.3291,4992.1079,OK,0.0000,6.7332,4.0000,96.0000,AG03-UNRESOLVED,ALL5_LEVELS_bet23_to_bet27,6.7332,6.7332,6.7332,8.4165,8.4165,4.000000,4.000000,4.000000,5.000000,5.000000,96.000000,96.000000,96.000000,95.000000,95.000000,5.0,37.0324,33.9227,131.2967,134.4065,PENDING_AG03,FALSE,NOT_FOR_ENFORCEMENT,161.5959,4310.2804,168.3291,161.5959,6.7332,0.03371904,0.03237028,6.7332,161.5959,0.03237028,6.7332,6.7332,6.7332,8.4165,8.4165,161.5959,0.03237028,37.0324,33.9227,131.2967,134.4065,0.02630085,0.02692379,0.00134876,19.9684,17.9595,0.6733,15.3026,1.5732,453.8280,22.7273,,19.9684,11.0068,14.3088,22.2988,34.0855,45.4473,56.8091,11.0068,0.0,3.176173,3.970216,1.395532,18,84,10,3,0E-8,0.03371904,,0E-8,0.000000,0.899395,0.000000,,2026-04-20,2026-06-24,11,107,71,66,0.166667,,,0.000000,,,,,,,,GLOBAL_BASELINE_NO_ENTITY_RANKING,,,NOT_APPLICABLE_GLOBAL_BASELINE,HF9g-P5,,,,X 全窗基线 · 不参与实体赏罚,6873895,688,A168_HF9F_20260827_0900,2026-08-27 09:00:00
2026-06-04,58234144,2170,0,88.0543295213,0E-10,0E-10,0.6666667,4,4,0.49324550000000000,0.493245500000,0.6008033672792107,0.6008033672792106,0.6008033672792107,0E-17,ELIGIBLE,R03b_20260811_FULL_v1,L1_ELIGIBILITY,v2026-08-11,2026-03-21..2026-08-06,baccarat_bet02_101_all_pairs_incl_sentinel,round_win = game_pnl > 0 (decisive only),COMPATIBILITY_ONLY_NOT_PRODUCTION,4992.1079,4489.8755,168.3291,250,250,-0.03371904,,-0.03371904,-0.03371904,-168.3291,4992.1079,OK,0.0000,6.7332,4.0000,96.0000,AG03-UNRESOLVED,ALL5_LEVELS_bet23_to_bet27,6.7332,6.7332,6.7332,8.4165,8.4165,4.000000,4.000000,4.000000,5.000000,5.000000,96.000000,96.000000,96.000000,95.000000,95.000000,5.0,37.0324,33.9227,131.2967,134.4065,PENDING_AG03,FALSE,NOT_FOR_ENFORCEMENT,161.5959,4310.2804,168.3291,161.5959,6.7332,0.03371904,0.03237028,6.7332,161.5959,0.03237028,6.7332,6.7332,6.7332,8.4165,8.4165,161.5959,0.03237028,37.0324,33.9227,131.2967,134.4065,0.02630085,0.02692379,0.00134876,19.9684,17.9595,0.6733,15.3026,1.5732,453.8280,22.7273,,19.9684,11.0068,14.3088,22.2988,34.0855,45.4473,56.8091,11.0068,0.0,3.176173,3.970216,1.395532,18,84,10,3,0E-8,0.03371904,,0E-8,0.000000,0.899395,0.000000,,2026-04-20,2026-06-24,11,107,71,66,0.166667,,,0.000000,,,,,,,,GLOBAL_BASELINE_NO_ENTITY_RANKING,,,NOT_APPLICABLE_GLOBAL_BASELINE,HF9g-P5,,,,X 全窗基线 · 不参与实体赏罚,6873896,688,A168_HF9F_20260827_0900,2026-08-27 09:00:00
2026-06-04,58234144,2177,0,66.0407471410,-55.0339559508,-55.0339559508,0E-7,4,4,0.49324550000000000,0.493245500000,-1.708808463184432,-1.7088084631844318,-1.708808463184432,0E-17,ELIGIBLE,R03b_20260811_FULL_v1,L1_ELIGIBILITY,v2026-08-11,2026-03-21..2026-08-06,baccarat_bet02_101_all_pairs_incl_sentinel,round_win = game_pnl > 0 (decisive only),COMPATIBILITY_ONLY_NOT_PRODUCTION,4992.1079,4489.8755,168.3291,250,250,-0.03371904,,-0.03371904,-0.03371904,-168.3291,4992.1079,OK,0.0000,6.7332,4.0000,96.0000,AG03-UNRESOLVED,ALL5_LEVELS_bet23_to_bet27,6.7332,6.7332,6.7332,8.4165,8.4165,4.000000,4.000000,4.000000,5.000000,5.000000,96.000000,96.000000,96.000000,95.000000,95.000000,5.0,37.0324,33.9227,131.2967,134.4065,PENDING_AG03,FALSE,NOT_FOR_ENFORCEMENT,161.5959,4310.2804,168.3291,161.5959,6.7332,0.03371904,0.03237028,6.7332,161.5959,0.03237028,6.7332,6.7332,6.7332,8.4165,8.4165,161.5959,0.03237028,37.0324,33.9227,131.2967,134.4065,0.02630085,0.02692379,0.00134876,19.9684,17.9595,0.6733,15.3026,1.5732,453.8280,22.7273,,19.9684,11.0068,14.3088,22.2988,34.0855,45.4473,56.8091,11.0068,0.0,3.176173,3.970216,1.395532,18,84,10,3,0E-8,0.03371904,,0E-8,0.000000,0.899395,0.000000,,2026-04-20,2026-06-24,11,107,71,66,0.166667,,,0.000000,,,,,,,,GLOBAL_BASELINE_NO_ENTITY_RANKING,,,NOT_APPLICABLE_GLOBAL_BASELINE,HF9g-P5,,,,X 全窗基线 · 不参与实体赏罚,6873897,688,A168_HF9F_20260827_0900,2026-08-27 09:00:00
2026-06-04,58234144,2234,0,22.0135823803,-22.0135823803,-22.0135823803,0E-7,1,1,0.49324550000000000,0.493245500000,-0.9865810262130424,-0.9865810262130424,-0.9865810262130424,0E-17,ELIGIBLE,R03b_20260811_FULL_v1,L1_ELIGIBILITY,v2026-08-11,2026-03-21..2026-08-06,baccarat_bet02_101_all_pairs_incl_sentinel,round_win = game_pnl > 0 (decisive only),COMPATIBILITY_ONLY_NOT_PRODUCTION,4992.1079,4489.8755,168.3291,250,250,-0.03371904,,-0.03371904,-0.03371904,-168.3291,4992.1079,OK,0.0000,6.7332,4.0000,96.0000,AG03-UNRESOLVED,ALL5_LEVELS_bet23_to_bet27,6.7332,6.7332,6.7332,8.4165,8.4165,4.000000,4.000000,4.000000,5.000000,5.000000,96.000000,96.000000,96.000000,95.000000,95.000000,5.0,37.0324,33.9227,131.2967,134.4065,PENDING_AG03,FALSE,NOT_FOR_ENFORCEMENT,161.5959,4310.2804,168.3291,161.5959,6.7332,0.03371904,0.03237028,6.7332,161.5959,0.03237028,6.7332,6.7332,6.7332,8.4165,8.4165,161.5959,0.03237028,37.0324,33.9227,131.2967,134.4065,0.02630085,0.02692379,0.00134876,19.9684,17.9595,0.6733,15.3026,1.5732,453.8280,22.7273,,19.9684,11.0068,14.3088,22.2988,34.0855,45.4473,56.8091,11.0068,0.0,3.176173,3.970216,1.395532,18,84,10,3,0E-8,0.03371904,,0E-8,0.000000,0.899395,0.000000,,2026-04-20,2026-06-24,11,107,71,66,0.166667,,,0.000000,,,,,,,,GLOBAL_BASELINE_NO_ENTITY_RANKING,,,NOT_APPLICABLE_GLOBAL_BASELINE,HF9g-P5,,,,X 全窗基线 · 不参与实体赏罚,6873898,688,A168_HF9F_20260827_0900,2026-08-27 09:00:00
2026-06-04,58234144,2261,0,22.0135823803,22.0135823803,22.0135823803,1.0000000,1,1,0.49324550000000000,0.493245500000,1.01360149184955,1.01360149184955,1.01360149184955,0E-17,ELIGIBLE,R03b_20260811_FULL_v1,L1_ELIGIBILITY,v2026-08-11,2026-03-21..2026-08-06,baccarat_bet02_101_all_pairs_incl_sentinel,round_win = game_pnl > 0 (decisive only),COMPATIBILITY_ONLY_NOT_PRODUCTION,4992.1079,4489.8755,168.3291,250,250,-0.03371904,,-0.03371904,-0.03371904,-168.3291,4992.1079,OK,0.0000,6.7332,4.0000,96.0000,AG03-UNRESOLVED,ALL5_LEVELS_bet23_to_bet27,6.7332,6.7332,6.7332,8.4165,8.4165,4.000000,4.000000,4.000000,5.000000,5.000000,96.000000,96.000000,96.000000,95.000000,95.000000,5.0,37.0324,33.9227,131.2967,134.4065,PENDING_AG03,FALSE,NOT_FOR_ENFORCEMENT,161.5959,4310.2804,168.3291,161.5959,6.7332,0.03371904,0.03237028,6.7332,161.5959,0.03237028,6.7332,6.7332,6.7332,8.4165,8.4165,161.5959,0.03237028,37.0324,33.9227,131.2967,134.4065,0.02630085,0.02692379,0.00134876,19.9684,17.9595,0.6733,15.3026,1.5732,453.8280,22.7273,,19.9684,11.0068,14.3088,22.2988,34.0855,45.4473,56.8091,11.0068,0.0,3.176173,3.970216,1.395532,18,84,10,3,0E-8,0.03371904,,0E-8,0.000000,0.899395,0.000000,,2026-04-20,2026-06-24,11,107,71,66,0.166667,,,0.000000,,,,,,,,GLOBAL_BASELINE_NO_ENTITY_RANKING,,,NOT_APPLICABLE_GLOBAL_BASELINE,HF9g-P5,,,,X 全窗基线 · 不参与实体赏罚,6873899,688,A168_HF9F_20260827_0900,2026-08-27 09:00:00
2026-06-04,58234144,2266,0,11.0067911902,-11.0067911902,-11.0067911902,0E-7,1,1,0.49324550000000000,0.493245500000,-0.9865810262130424,-0.9865810262130424,-0.9865810262130424,0E-17,ELIGIBLE,R03b_20260811_FULL_v1,L1_ELIGIBILITY,v2026-08-11,2026-03-21..2026-08-06,baccarat_bet02_101_all_pairs_incl_sentinel,round_win = game_pnl > 0 (decisive only),COMPATIBILITY_ONLY_NOT_PRODUCTION,4992.1079,4489.8755,168.3291,250,250,-0.03371904,,-0.03371904,-0.03371904,-168.3291,4992.1079,OK,0.0000,6.7332,4.0000,96.0000,AG03-UNRESOLVED,ALL5_LEVELS_bet23_to_bet27,6.7332,6.7332,6.7332,8.4165,8.4165,4.000000,4.000000,4.000000,5.000000,5.000000,96.000000,96.000000,96.000000,95.000000,95.000000,5.0,37.0324,33.9227,131.2967,134.4065,PENDING_AG03,FALSE,NOT_FOR_ENFORCEMENT,161.5959,4310.2804,168.3291,161.5959,6.7332,0.03371904,0.03237028,6.7332,161.5959,0.03237028,6.7332,6.7332,6.7332,8.4165,8.4165,161.5959,0.03237028,37.0324,33.9227,131.2967,134.4065,0.02630085,0.02692379,0.00134876,19.9684,17.9595,0.6733,15.3026,1.5732,453.8280,22.7273,,19.9684,11.0068,14.3088,22.2988,34.0855,45.4473,56.8091,11.0068,0.0,3.176173,3.970216,1.395532,18,84,10,3,0E-8,0.03371904,,0E-8,0.000000,0.899395,0.000000,,2026-04-20,2026-06-24,11,107,71,66,0.166667,,,0.000000,,,,,,,,GLOBAL_BASELINE_NO_ENTITY_RANKING,,,NOT_APPLICABLE_GLOBAL_BASELINE,HF9g-P5,,,,X 全窗基线 · 不参与实体赏罚,6873900,688,A168_HF9F_20260827_0900,2026-08-27 09:00:00
2026-06-04,58234144,789,0,55.0339559508,-33.0203735705,-33.0203735705,0E-7,2,2,0.49324550000000000,0.493245500000,-0.9865810262130424,-0.9865810262130424,-0.9865810262130424,0E-17,ELIGIBLE,R03b_20260811_FULL_v1,L1_ELIGIBILITY,v2026-08-11,2026-03-21..2026-08-06,baccarat_bet02_101_all_pairs_incl_sentinel,round_win = game_pnl > 0 (decisive only),COMPATIBILITY_ONLY_NOT_PRODUCTION,4992.1079,4489.8755,168.3291,250,250,-0.03371904,,-0.03371904,-0.03371904,-168.3291,4992.1079,OK,0.0000,6.7332,4.0000,96.0000,AG03-UNRESOLVED,ALL5_LEVELS_bet23_to_bet27,6.7332,6.7332,6.7332,8.4165,8.4165,4.000000,4.000000,4.000000,5.000000,5.000000,96.000000,96.000000,96.000000,95.000000,95.000000,5.0,37.0324,33.9227,131.2967,134.4065,PENDING_AG03,FALSE,NOT_FOR_ENFORCEMENT,161.5959,4310.2804,168.3291,161.5959,6.7332,0.03371904,0.03237028,6.7332,161.5959,0.03237028,6.7332,6.7332,6.7332,8.4165,8.4165,161.5959,0.03237028,37.0324,33.9227,131.2967,134.4065,0.02630085,0.02692379,0.00134876,19.9684,17.9595,0.6733,15.3026,1.5732,453.8280,22.7273,,19.9684,11.0068,14.3088,22.2988,34.0855,45.4473,56.8091,11.0068,0.0,3.176173,3.970216,1.395532,18,84,10,3,0E-8,0.03371904,,0E-8,0.000000,0.899395,0.000000,,2026-04-20,2026-06-24,11,107,71,66,0.166667,,,0.000000,,,,,,,,GLOBAL_BASELINE_NO_ENTITY_RANKING,,,NOT_APPLICABLE_GLOBAL_BASELINE,HF9g-P5,,,,X 全窗基线 · 不参与实体赏罚,6873901,688,A168_HF9F_20260827_0900,2026-08-27 09:00:00
2026-06-04,58234144,925,0,22.0135823804,-22.0135823804,-22.0135823804,0E-7,2,2,0.49324550000000000,0.493245500000,-1.3952362676504506,-1.3952362676504506,-1.3952362676504506,0E-17,ELIGIBLE,R03b_20260811_FULL_v1,L1_ELIGIBILITY,v2026-08-11,2026-03-21..2026-08-06,baccarat_bet02_101_all_pairs_incl_sentinel,round_win = game_pnl > 0 (decisive only),COMPATIBILITY_ONLY_NOT_PRODUCTION,4992.1079,4489.8755,168.3291,250,250,-0.03371904,,-0.03371904,-0.03371904,-168.3291,4992.1079,OK,0.0000,6.7332,4.0000,96.0000,AG03-UNRESOLVED,ALL5_LEVELS_bet23_to_bet27,6.7332,6.7332,6.7332,8.4165,8.4165,4.000000,4.000000,4.000000,5.000000,5.000000,96.000000,96.000000,96.000000,95.000000,95.000000,5.0,37.0324,33.9227,131.2967,134.4065,PENDING_AG03,FALSE,NOT_FOR_ENFORCEMENT,161.5959,4310.2804,168.3291,161.5959,6.7332,0.03371904,0.03237028,6.7332,161.5959,0.03237028,6.7332,6.7332,6.7332,8.4165,8.4165,161.5959,0.03237028,37.0324,33.9227,131.2967,134.4065,0.02630085,0.02692379,0.00134876,19.9684,17.9595,0.6733,15.3026,1.5732,453.8280,22.7273,,19.9684,11.0068,14.3088,22.2988,34.0855,45.4473,56.8091,11.0068,0.0,3.176173,3.970216,1.395532,18,84,10,3,0E-8,0.03371904,,0E-8,0.000000,0.899395,0.000000,,2026-04-20,2026-06-24,11,107,71,66,0.166667,,,0.000000,,,,,,,,GLOBAL_BASELINE_NO_ENTITY_RANKING,,,NOT_APPLICABLE_GLOBAL_BASELINE,HF9g-P5,,,,X 全窗基线 · 不参与实体赏罚,6873902,688,A168_HF9F_20260827_0900,2026-08-27 09:00:00
2026-06-06,58234144,1710,0,99.0611207115,-33.0203735703,-33.0203735703,0.5000000,6,6,0.49324550000000000,0.493245500000,0.03309317671092531,0.03309317671092531,0.03309317671092531,0E-17,ELIGIBLE,R03b_20260811_FULL_v1,L1_ELIGIBILITY,v2026-08-11,2026-03-21..2026-08-06,baccarat_bet02_101_all_pairs_incl_sentinel,round_win = game_pnl > 0 (decisive only),COMPATIBILITY_ONLY_NOT_PRODUCTION,4992.1079,4489.8755,168.3291,250,250,-0.03371904,,-0.03371904,-0.03371904,-168.3291,4992.1079,OK,0.0000,6.7332,4.0000,96.0000,AG03-UNRESOLVED,ALL5_LEVELS_bet23_to_bet27,6.7332,6.7332,6.7332,8.4165,8.4165,4.000000,4.000000,4.000000,5.000000,5.000000,96.000000,96.000000,96.000000,95.000000,95.000000,5.0,37.0324,33.9227,131.2967,134.4065,PENDING_AG03,FALSE,NOT_FOR_ENFORCEMENT,161.5959,4310.2804,168.3291,161.5959,6.7332,0.03371904,0.03237028,6.7332,161.5959,0.03237028,6.7332,6.7332,6.7332,8.4165,8.4165,161.5959,0.03237028,37.0324,33.9227,131.2967,134.4065,0.02630085,0.02692379,0.00134876,19.9684,17.9595,0.6733,15.3026,1.5732,453.8280,22.7273,,19.9684,11.0068,14.3088,22.2988,34.0855,45.4473,56.8091,11.0068,0.0,3.176173,3.970216,1.395532,18,84,10,3,0E-8,0.03371904,,0E-8,0.000000,0.899395,0.000000,,2026-04-20,2026-06-24,11,107,71,66,0.166667,,,0.000000,,,,,,,,GLOBAL_BASELINE_NO_ENTITY_RANKING,,,NOT_APPLICABLE_GLOBAL_BASELINE,HF9g-P5,,,,X 全窗基线 · 不参与实体赏罚,6873903,688,A168_HF9F_20260827_0900,2026-08-27 09:00:00
2026-06-06,58234144,1714,0,11.0067911902,-11.0067911902,-11.0067911902,0E-7,1,1,0.49324550000000000,0.493245500000,-0.9865810262130424,-0.9865810262130424,-0.9865810262130424,0E-17,ELIGIBLE,R03b_20260811_FULL_v1,L1_ELIGIBILITY,v2026-08-11,2026-03-21..2026-08-06,baccarat_bet02_101_all_pairs_incl_sentinel,round_win = game_pnl > 0 (decisive only),COMPATIBILITY_ONLY_NOT_PRODUCTION,4992.1079,4489.8755,168.3291,250,250,-0.03371904,,-0.03371904,-0.03371904,-168.3291,4992.1079,OK,0.0000,6.7332,4.0000,96.0000,AG03-UNRESOLVED,ALL5_LEVELS_bet23_to_bet27,6.7332,6.7332,6.7332,8.4165,8.4165,4.000000,4.000000,4.000000,5.000000,5.000000,96.000000,96.000000,96.000000,95.000000,95.000000,5.0,37.0324,33.9227,131.2967,134.4065,PENDING_AG03,FALSE,NOT_FOR_ENFORCEMENT,161.5959,4310.2804,168.3291,161.5959,6.7332,0.03371904,0.03237028,6.7332,161.5959,0.03237028,6.7332,6.7332,6.7332,8.4165,8.4165,161.5959,0.03237028,37.0324,33.9227,131.2967,134.4065,0.02630085,0.02692379,0.00134876,19.9684,17.9595,0.6733,15.3026,1.5732,453.8280,22.7273,,19.9684,11.0068,14.3088,22.2988,34.0855,45.4473,56.8091,11.0068,0.0,3.176173,3.970216,1.395532,18,84,10,3,0E-8,0.03371904,,0E-8,0.000000,0.899395,0.000000,,2026-04-20,2026-06-24,11,107,71,66,0.166667,,,0.000000,,,,,,,,GLOBAL_BASELINE_NO_ENTITY_RANKING,,,NOT_APPLICABLE_GLOBAL_BASELINE,HF9g-P5,,,,X 全窗基线 · 不参与实体赏罚,6873904,688,A168_HF9F_20260827_0900,2026-08-27 09:00:00
2026-06-06,58234144,1990,0,22.0135823804,22.0135823804,22.0135823804,1.0000000,2,2,0.49324550000000000,0.493245500000,1.4334489766152358,1.4334489766152358,1.4334489766152358,0E-17,ELIGIBLE,R03b_20260811_FULL_v1,L1_ELIGIBILITY,v2026-08-11,2026-03-21..2026-08-06,baccarat_bet02_101_all_pairs_incl_sentinel,round_win = game_pnl > 0 (decisive only),COMPATIBILITY_ONLY_NOT_PRODUCTION,4992.1079,4489.8755,168.3291,250,250,-0.03371904,,-0.03371904,-0.03371904,-168.3291,4992.1079,OK,0.0000,6.7332,4.0000,96.0000,AG03-UNRESOLVED,ALL5_LEVELS_bet23_to_bet27,6.7332,6.7332,6.7332,8.4165,8.4165,4.000000,4.000000,4.000000,5.000000,5.000000,96.000000,96.000000,96.000000,95.000000,95.000000,5.0,37.0324,33.9227,131.2967,134.4065,PENDING_AG03,FALSE,NOT_FOR_ENFORCEMENT,161.5959,4310.2804,168.3291,161.5959,6.7332,0.03371904,0.03237028,6.7332,161.5959,0.03237028,6.7332,6.7332,6.7332,8.4165,8.4165,161.5959,0.03237028,37.0324,33.9227,131.2967,134.4065,0.02630085,0.02692379,0.00134876,19.9684,17.9595,0.6733,15.3026,1.5732,453.8280,22.7273,,19.9684,11.0068,14.3088,22.2988,34.0855,45.4473,56.8091,11.0068,0.0,3.176173,3.970216,1.395532,18,84,10,3,0E-8,0.03371904,,0E-8,0.000000,0.899395,0.000000,,2026-04-20,2026-06-24,11,107,71,66,0.166667,,,0.000000,,,,,,,,GLOBAL_BASELINE_NO_ENTITY_RANKING,,,NOT_APPLICABLE_GLOBAL_BASELINE,HF9g-P5,,,,X 全窗基线 · 不参与实体赏罚,6873905,688,A168_HF9F_20260827_0900,2026-08-27 09:00:00
2026-06-06,58234144,2147,0,55.0339559508,11.0067911902,11.0067911902,0.6666667,3,3,0.49324550000000000,0.493245500000,0.6008033672792107,0.6008033672792106,0.6008033672792107,0E-17,ELIGIBLE,R03b_20260811_FULL_v1,L1_ELIGIBILITY,v2026-08-11,2026-03-21..2026-08-06,baccarat_bet02_101_all_pairs_incl_sentinel,round_win = game_pnl > 0 (decisive only),COMPATIBILITY_ONLY_NOT_PRODUCTION,4992.1079,4489.8755,168.3291,250,250,-0.03371904,,-0.03371904,-0.03371904,-168.3291,4992.1079,OK,0.0000,6.7332,4.0000,96.0000,AG03-UNRESOLVED,ALL5_LEVELS_bet23_to_bet27,6.7332,6.7332,6.7332,8.4165,8.4165,4.000000,4.000000,4.000000,5.000000,5.000000,96.000000,96.000000,96.000000,95.000000,95.000000,5.0,37.0324,33.9227,131.2967,134.4065,PENDING_AG03,FALSE,NOT_FOR_ENFORCEMENT,161.5959,4310.2804,168.3291,161.5959,6.7332,0.03371904,0.03237028,6.7332,161.5959,0.03237028,6.7332,6.7332,6.7332,8.4165,8.4165,161.5959,0.03237028,37.0324,33.9227,131.2967,134.4065,0.02630085,0.02692379,0.00134876,19.9684,17.9595,0.6733,15.3026,1.5732,453.8280,22.7273,,19.9684,11.0068,14.3088,22.2988,34.0855,45.4473,56.8091,11.0068,0.0,3.176173,3.970216,1.395532,18,84,10,3,0E-8,0.03371904,,0E-8,0.000000,0.899395,0.000000,,2026-04-20,2026-06-24,11,107,71,66,0.166667,,,0.000000,,,,,,,,GLOBAL_BASELINE_NO_ENTITY_RANKING,,,NOT_APPLICABLE_GLOBAL_BASELINE,HF9g-P5,,,,X 全窗基线 · 不参与实体赏罚,6873906,688,A168_HF9F_20260827_0900,2026-08-27 09:00:00
2026-06-06,58234144,2155,0,33.0203735705,-33.0203735705,-33.0203735705,0E-7,2,2,0.49324550000000000,0.493245500000,-1.3952362676504506,-1.3952362676504506,-1.3952362676504506,0E-17,ELIGIBLE,R03b_20260811_FULL_v1,L1_ELIGIBILITY,v2026-08-11,2026-03-21..2026-08-06,baccarat_bet02_101_all_pairs_incl_sentinel,round_win = game_pnl > 0 (decisive only),COMPATIBILITY_ONLY_NOT_PRODUCTION,4992.1079,4489.8755,168.3291,250,250,-0.03371904,,-0.03371904,-0.03371904,-168.3291,4992.1079,OK,0.0000,6.7332,4.0000,96.0000,AG03-UNRESOLVED,ALL5_LEVELS_bet23_to_bet27,6.7332,6.7332,6.7332,8.4165,8.4165,4.000000,4.000000,4.000000,5.000000,5.000000,96.000000,96.000000,96.000000,95.000000,95.000000,5.0,37.0324,33.9227,131.2967,134.4065,PENDING_AG03,FALSE,NOT_FOR_ENFORCEMENT,161.5959,4310.2804,168.3291,161.5959,6.7332,0.03371904,0.03237028,6.7332,161.5959,0.03237028,6.7332,6.7332,6.7332,8.4165,8.4165,161.5959,0.03237028,37.0324,33.9227,131.2967,134.4065,0.02630085,0.02692379,0.00134876,19.9684,17.9595,0.6733,15.3026,1.5732,453.8280,22.7273,,19.9684,11.0068,14.3088,22.2988,34.0855,45.4473,56.8091,11.0068,0.0,3.176173,3.970216,1.395532,18,84,10,3,0E-8,0.03371904,,0E-8,0.000000,0.899395,0.000000,,2026-04-20,2026-06-24,11,107,71,66,0.166667,,,0.000000,,,,,,,,GLOBAL_BASELINE_NO_ENTITY_RANKING,,,NOT_APPLICABLE_GLOBAL_BASELINE,HF9g-P5,,,,X 全窗基线 · 不参与实体赏罚,6873907,688,A168_HF9F_20260827_0900,2026-08-27 09:00:00
2026-06-08,58234144,1714,0,11.0067911902,-11.0067911902,-11.0067911902,0E-7,1,1,0.49324550000000000,0.493245500000,-0.9865810262130424,-0.9865810262130424,-0.9865810262130424,0E-17,ELIGIBLE,R03b_20260811_FULL_v1,L1_ELIGIBILITY,v2026-08-11,2026-03-21..2026-08-06,baccarat_bet02_101_all_pairs_incl_sentinel,round_win = game_pnl > 0 (decisive only),COMPATIBILITY_ONLY_NOT_PRODUCTION,4992.1079,4489.8755,168.3291,250,250,-0.03371904,,-0.03371904,-0.03371904,-168.3291,4992.1079,OK,0.0000,6.7332,4.0000,96.0000,AG03-UNRESOLVED,ALL5_LEVELS_bet23_to_bet27,6.7332,6.7332,6.7332,8.4165,8.4165,4.000000,4.000000,4.000000,5.000000,5.000000,96.000000,96.000000,96.000000,95.000000,95.000000,5.0,37.0324,33.9227,131.2967,134.4065,PENDING_AG03,FALSE,NOT_FOR_ENFORCEMENT,161.5959,4310.2804,168.3291,161.5959,6.7332,0.03371904,0.03237028,6.7332,161.5959,0.03237028,6.7332,6.7332,6.7332,8.4165,8.4165,161.5959,0.03237028,37.0324,33.9227,131.2967,134.4065,0.02630085,0.02692379,0.00134876,19.9684,17.9595,0.6733,15.3026,1.5732,453.8280,22.7273,,19.9684,11.0068,14.3088,22.2988,34.0855,45.4473,56.8091,11.0068,0.0,3.176173,3.970216,1.395532,18,84,10,3,0E-8,0.03371904,,0E-8,0.000000,0.899395,0.000000,,2026-04-20,2026-06-24,11,107,71,66,0.166667,,,0.000000,,,,,,,,GLOBAL_BASELINE_NO_ENTITY_RANKING,,,NOT_APPLICABLE_GLOBAL_BASELINE,HF9g-P5,,,,X 全窗基线 · 不参与实体赏罚,6873908,688,A168_HF9F_20260827_0900,2026-08-27 09:00:00
2026-06-08,58234144,2106,0,13.2081494282,-13.2081494282,-13.2081494282,0E-7,1,1,0.49324550000000000,0.493245500000,-0.9865810262130424,-0.9865810262130424,-0.9865810262130424,0E-17,ELIGIBLE,R03b_20260811_FULL_v1,L1_ELIGIBILITY,v2026-08-11,2026-03-21..2026-08-06,baccarat_bet02_101_all_pairs_incl_sentinel,round_win = game_pnl > 0 (decisive only),COMPATIBILITY_ONLY_NOT_PRODUCTION,4992.1079,4489.8755,168.3291,250,250,-0.03371904,,-0.03371904,-0.03371904,-168.3291,4992.1079,OK,0.0000,6.7332,4.0000,96.0000,AG03-UNRESOLVED,ALL5_LEVELS_bet23_to_bet27,6.7332,6.7332,6.7332,8.4165,8.4165,4.000000,4.000000,4.000000,5.000000,5.000000,96.000000,96.000000,96.000000,95.000000,95.000000,5.0,37.0324,33.9227,131.2967,134.4065,PENDING_AG03,FALSE,NOT_FOR_ENFORCEMENT,161.5959,4310.2804,168.3291,161.5959,6.7332,0.03371904,0.03237028,6.7332,161.5959,0.03237028,6.7332,6.7332,6.7332,8.4165,8.4165,161.5959,0.03237028,37.0324,33.9227,131.2967,134.4065,0.02630085,0.02692379,0.00134876,19.9684,17.9595,0.6733,15.3026,1.5732,453.8280,22.7273,,19.9684,11.0068,14.3088,22.2988,34.0855,45.4473,56.8091,11.0068,0.0,3.176173,3.970216,1.395532,18,84,10,3,0E-8,0.03371904,,0E-8,0.000000,0.899395,0.000000,,2026-04-20,2026-06-24,11,107,71,66,0.166667,,,0.000000,,,,,,,,GLOBAL_BASELINE_NO_ENTITY_RANKING,,,NOT_APPLICABLE_GLOBAL_BASELINE,HF9g-P5,,,,X 全窗基线 · 不参与实体赏罚,6873909,688,A168_HF9F_20260827_0900,2026-08-27 09:00:00
2026-06-08,58234144,2271,0,12.1074703092,12.1074703092,12.1074703092,1.0000000,1,1,0.49324550000000000,0.493245500000,1.01360149184955,1.01360149184955,1.01360149184955,0E-17,ELIGIBLE,R03b_20260811_FULL_v1,L1_ELIGIBILITY,v2026-08-11,2026-03-21..2026-08-06,baccarat_bet02_101_all_pairs_incl_sentinel,round_win = game_pnl > 0 (decisive only),COMPATIBILITY_ONLY_NOT_PRODUCTION,4992.1079,4489.8755,168.3291,250,250,-0.03371904,,-0.03371904,-0.03371904,-168.3291,4992.1079,OK,0.0000,6.7332,4.0000,96.0000,AG03-UNRESOLVED,ALL5_LEVELS_bet23_to_bet27,6.7332,6.7332,6.7332,8.4165,8.4165,4.000000,4.000000,4.000000,5.000000,5.000000,96.000000,96.000000,96.000000,95.000000,95.000000,5.0,37.0324,33.9227,131.2967,134.4065,PENDING_AG03,FALSE,NOT_FOR_ENFORCEMENT,161.5959,4310.2804,168.3291,161.5959,6.7332,0.03371904,0.03237028,6.7332,161.5959,0.03237028,6.7332,6.7332,6.7332,8.4165,8.4165,161.5959,0.03237028,37.0324,33.9227,131.2967,134.4065,0.02630085,0.02692379,0.00134876,19.9684,17.9595,0.6733,15.3026,1.5732,453.8280,22.7273,,19.9684,11.0068,14.3088,22.2988,34.0855,45.4473,56.8091,11.0068,0.0,3.176173,3.970216,1.395532,18,84,10,3,0E-8,0.03371904,,0E-8,0.000000,0.899395,0.000000,,2026-04-20,2026-06-24,11,107,71,66,0.166667,,,0.000000,,,,,,,,GLOBAL_BASELINE_NO_ENTITY_RANKING,,,NOT_APPLICABLE_GLOBAL_BASELINE,HF9g-P5,,,,X 全窗基线 · 不参与实体赏罚,6873910,688,A168_HF9F_20260827_0900,2026-08-27 09:00:00
2026-06-21,58234144,1004,0,22.0135823803,-22.0135823803,-22.0135823803,0E-7,1,1,0.49324550000000000,0.493245500000,-0.9865810262130424,-0.9865810262130424,-0.9865810262130424,0E-17,ELIGIBLE,R03b_20260811_FULL_v1,L1_ELIGIBILITY,v2026-08-11,2026-03-21..2026-08-06,baccarat_bet02_101_all_pairs_incl_sentinel,round_win = game_pnl > 0 (decisive only),COMPATIBILITY_ONLY_NOT_PRODUCTION,4992.1079,4489.8755,168.3291,250,250,-0.03371904,,-0.03371904,-0.03371904,-168.3291,4992.1079,OK,0.0000,6.7332,4.0000,96.0000,AG03-UNRESOLVED,ALL5_LEVELS_bet23_to_bet27,6.7332,6.7332,6.7332,8.4165,8.4165,4.000000,4.000000,4.000000,5.000000,5.000000,96.000000,96.000000,96.000000,95.000000,95.000000,5.0,37.0324,33.9227,131.2967,134.4065,PENDING_AG03,FALSE,NOT_FOR_ENFORCEMENT,161.5959,4310.2804,168.3291,161.5959,6.7332,0.03371904,0.03237028,6.7332,161.5959,0.03237028,6.7332,6.7332,6.7332,8.4165,8.4165,161.5959,0.03237028,37.0324,33.9227,131.2967,134.4065,0.02630085,0.02692379,0.00134876,19.9684,17.9595,0.6733,15.3026,1.5732,453.8280,22.7273,,19.9684,11.0068,14.3088,22.2988,34.0855,45.4473,56.8091,11.0068,0.0,3.176173,3.970216,1.395532,18,84,10,3,0E-8,0.03371904,,0E-8,0.000000,0.899395,0.000000,,2026-04-20,2026-06-24,11,107,71,66,0.166667,,,0.000000,,,,,,,,GLOBAL_BASELINE_NO_ENTITY_RANKING,,,NOT_APPLICABLE_GLOBAL_BASELINE,HF9g-P5,,,,X 全窗基线 · 不参与实体赏罚,6873911,688,A168_HF9F_20260827_0900,2026-08-27 09:00:00
2026-06-21,58234144,1094,0,77.0475383314,11.0067911902,11.0067911902,0.6000000,7,7,0.49324550000000000,0.493245500000,0.47746420675292983,0.47746420675292983,0.47746420675292983,0E-17,ELIGIBLE,R03b_20260811_FULL_v1,L1_ELIGIBILITY,v2026-08-11,2026-03-21..2026-08-06,baccarat_bet02_101_all_pairs_incl_sentinel,round_win = game_pnl > 0 (decisive only),COMPATIBILITY_ONLY_NOT_PRODUCTION,4992.1079,4489.8755,168.3291,250,250,-0.03371904,,-0.03371904,-0.03371904,-168.3291,4992.1079,OK,0.0000,6.7332,4.0000,96.0000,AG03-UNRESOLVED,ALL5_LEVELS_bet23_to_bet27,6.7332,6.7332,6.7332,8.4165,8.4165,4.000000,4.000000,4.000000,5.000000,5.000000,96.000000,96.000000,96.000000,95.000000,95.000000,5.0,37.0324,33.9227,131.2967,134.4065,PENDING_AG03,FALSE,NOT_FOR_ENFORCEMENT,161.5959,4310.2804,168.3291,161.5959,6.7332,0.03371904,0.03237028,6.7332,161.5959,0.03237028,6.7332,6.7332,6.7332,8.4165,8.4165,161.5959,0.03237028,37.0324,33.9227,131.2967,134.4065,0.02630085,0.02692379,0.00134876,19.9684,17.9595,0.6733,15.3026,1.5732,453.8280,22.7273,,19.9684,11.0068,14.3088,22.2988,34.0855,45.4473,56.8091,11.0068,0.0,3.176173,3.970216,1.395532,18,84,10,3,0E-8,0.03371904,,0E-8,0.000000,0.899395,0.000000,,2026-04-20,2026-06-24,11,107,71,66,0.166667,,,0.000000,,,,,,,,GLOBAL_BASELINE_NO_ENTITY_RANKING,,,NOT_APPLICABLE_GLOBAL_BASELINE,HF9g-P5,,,,X 全窗基线 · 不参与实体赏罚,6873912,688,A168_HF9F_20260827_0900,2026-08-27 09:00:00
2026-06-21,58234144,1115,0,22.0135823804,22.0135823804,22.0135823804,1.0000000,2,2,0.49324550000000000,0.493245500000,1.4334489766152358,1.4334489766152358,1.4334489766152358,0E-17,ELIGIBLE,R03b_20260811_FULL_v1,L1_ELIGIBILITY,v2026-08-11,2026-03-21..2026-08-06,baccarat_bet02_101_all_pairs_incl_sentinel,round_win = game_pnl > 0 (decisive only),COMPATIBILITY_ONLY_NOT_PRODUCTION,4992.1079,4489.8755,168.3291,250,250,-0.03371904,,-0.03371904,-0.03371904,-168.3291,4992.1079,OK,0.0000,6.7332,4.0000,96.0000,AG03-UNRESOLVED,ALL5_LEVELS_bet23_to_bet27,6.7332,6.7332,6.7332,8.4165,8.4165,4.000000,4.000000,4.000000,5.000000,5.000000,96.000000,96.000000,96.000000,95.000000,95.000000,5.0,37.0324,33.9227,131.2967,134.4065,PENDING_AG03,FALSE,NOT_FOR_ENFORCEMENT,161.5959,4310.2804,168.3291,161.5959,6.7332,0.03371904,0.03237028,6.7332,161.5959,0.03237028,6.7332,6.7332,6.7332,8.4165,8.4165,161.5959,0.03237028,37.0324,33.9227,131.2967,134.4065,0.02630085,0.02692379,0.00134876,19.9684,17.9595,0.6733,15.3026,1.5732,453.8280,22.7273,,19.9684,11.0068,14.3088,22.2988,34.0855,45.4473,56.8091,11.0068,0.0,3.176173,3.970216,1.395532,18,84,10,3,0E-8,0.03371904,,0E-8,0.000000,0.899395,0.000000,,2026-04-20,2026-06-24,11,107,71,66,0.166667,,,0.000000,,,,,,,,GLOBAL_BASELINE_NO_ENTITY_RANKING,,,NOT_APPLICABLE_GLOBAL_BASELINE,HF9g-P5,,,,X 全窗基线 · 不参与实体赏罚,6873913,688,A168_HF9F_20260827_0900,2026-08-27 09:00:00
2026-06-21,58234144,1205,0,22.0135823804,22.0135823804,22.0135823804,1.0000000,2,2,0.49324550000000000,0.493245500000,1.4334489766152358,1.4334489766152358,1.4334489766152358,0E-17,ELIGIBLE,R03b_20260811_FULL_v1,L1_ELIGIBILITY,v2026-08-11,2026-03-21..2026-08-06,baccarat_bet02_101_all_pairs_incl_sentinel,round_win = game_pnl > 0 (decisive only),COMPATIBILITY_ONLY_NOT_PRODUCTION,4992.1079,4489.8755,168.3291,250,250,-0.03371904,,-0.03371904,-0.03371904,-168.3291,4992.1079,OK,0.0000,6.7332,4.0000,96.0000,AG03-UNRESOLVED,ALL5_LEVELS_bet23_to_bet27,6.7332,6.7332,6.7332,8.4165,8.4165,4.000000,4.000000,4.000000,5.000000,5.000000,96.000000,96.000000,96.000000,95.000000,95.000000,5.0,37.0324,33.9227,131.2967,134.4065,PENDING_AG03,FALSE,NOT_FOR_ENFORCEMENT,161.5959,4310.2804,168.3291,161.5959,6.7332,0.03371904,0.03237028,6.7332,161.5959,0.03237028,6.7332,6.7332,6.7332,8.4165,8.4165,161.5959,0.03237028,37.0324,33.9227,131.2967,134.4065,0.02630085,0.02692379,0.00134876,19.9684,17.9595,0.6733,15.3026,1.5732,453.8280,22.7273,,19.9684,11.0068,14.3088,22.2988,34.0855,45.4473,56.8091,11.0068,0.0,3.176173,3.970216,1.395532,18,84,10,3,0E-8,0.03371904,,0E-8,0.000000,0.899395,0.000000,,2026-04-20,2026-06-24,11,107,71,66,0.166667,,,0.000000,,,,,,,,GLOBAL_BASELINE_NO_ENTITY_RANKING,,,NOT_APPLICABLE_GLOBAL_BASELINE,HF9g-P5,,,,X 全窗基线 · 不参与实体赏罚,6873914,688,A168_HF9F_20260827_0900,2026-08-27 09:00:00
2026-06-21,58234144,1299,0,11.0067911902,11.0067911902,11.0067911902,1.0000000,1,1,0.49324550000000000,0.493245500000,1.01360149184955,1.01360149184955,1.01360149184955,0E-17,ELIGIBLE,R03b_20260811_FULL_v1,L1_ELIGIBILITY,v2026-08-11,2026-03-21..2026-08-06,baccarat_bet02_101_all_pairs_incl_sentinel,round_win = game_pnl > 0 (decisive only),COMPATIBILITY_ONLY_NOT_PRODUCTION,4992.1079,4489.8755,168.3291,250,250,-0.03371904,,-0.03371904,-0.03371904,-168.3291,4992.1079,OK,0.0000,6.7332,4.0000,96.0000,AG03-UNRESOLVED,ALL5_LEVELS_bet23_to_bet27,6.7332,6.7332,6.7332,8.4165,8.4165,4.000000,4.000000,4.000000,5.000000,5.000000,96.000000,96.000000,96.000000,95.000000,95.000000,5.0,37.0324,33.9227,131.2967,134.4065,PENDING_AG03,FALSE,NOT_FOR_ENFORCEMENT,161.5959,4310.2804,168.3291,161.5959,6.7332,0.03371904,0.03237028,6.7332,161.5959,0.03237028,6.7332,6.7332,6.7332,8.4165,8.4165,161.5959,0.03237028,37.0324,33.9227,131.2967,134.4065,0.02630085,0.02692379,0.00134876,19.9684,17.9595,0.6733,15.3026,1.5732,453.8280,22.7273,,19.9684,11.0068,14.3088,22.2988,34.0855,45.4473,56.8091,11.0068,0.0,3.176173,3.970216,1.395532,18,84,10,3,0E-8,0.03371904,,0E-8,0.000000,0.899395,0.000000,,2026-04-20,2026-06-24,11,107,71,66,0.166667,,,0.000000,,,,,,,,GLOBAL_BASELINE_NO_ENTITY_RANKING,,,NOT_APPLICABLE_GLOBAL_BASELINE,HF9g-P5,,,,X 全窗基线 · 不参与实体赏罚,6873915,688,A168_HF9F_20260827_0900,2026-08-27 09:00:00
2026-06-21,58234144,1331,0,22.0135823803,-22.0135823803,-22.0135823803,0E-7,1,1,0.49324550000000000,0.493245500000,-0.9865810262130424,-0.9865810262130424,-0.9865810262130424,0E-17,ELIGIBLE,R03b_20260811_FULL_v1,L1_ELIGIBILITY,v2026-08-11,2026-03-21..2026-08-06,baccarat_bet02_101_all_pairs_incl_sentinel,round_win = game_pnl > 0 (decisive only),COMPATIBILITY_ONLY_NOT_PRODUCTION,4992.1079,4489.8755,168.3291,250,250,-0.03371904,,-0.03371904,-0.03371904,-168.3291,4992.1079,OK,0.0000,6.7332,4.0000,96.0000,AG03-UNRESOLVED,ALL5_LEVELS_bet23_to_bet27,6.7332,6.7332,6.7332,8.4165,8.4165,4.000000,4.000000,4.000000,5.000000,5.000000,96.000000,96.000000,96.000000,95.000000,95.000000,5.0,37.0324,33.9227,131.2967,134.4065,PENDING_AG03,FALSE,NOT_FOR_ENFORCEMENT,161.5959,4310.2804,168.3291,161.5959,6.7332,0.03371904,0.03237028,6.7332,161.5959,0.03237028,6.7332,6.7332,6.7332,8.4165,8.4165,161.5959,0.03237028,37.0324,33.9227,131.2967,134.4065,0.02630085,0.02692379,0.00134876,19.9684,17.9595,0.6733,15.3026,1.5732,453.8280,22.7273,,19.9684,11.0068,14.3088,22.2988,34.0855,45.4473,56.8091,11.0068,0.0,3.176173,3.970216,1.395532,18,84,10,3,0E-8,0.03371904,,0E-8,0.000000,0.899395,0.000000,,2026-04-20,2026-06-24,11,107,71,66,0.166667,,,0.000000,,,,,,,,GLOBAL_BASELINE_NO_ENTITY_RANKING,,,NOT_APPLICABLE_GLOBAL_BASELINE,HF9g-P5,,,,X 全窗基线 · 不参与实体赏罚,6873916,688,A168_HF9F_20260827_0900,2026-08-27 09:00:00
2026-06-21,58234144,1353,0,11.0067911902,-11.0067911902,-11.0067911902,0E-7,1,1,0.49324550000000000,0.493245500000,-0.9865810262130424,-0.9865810262130424,-0.9865810262130424,0E-17,ELIGIBLE,R03b_20260811_FULL_v1,L1_ELIGIBILITY,v2026-08-11,2026-03-21..2026-08-06,baccarat_bet02_101_all_pairs_incl_sentinel,round_win = game_pnl > 0 (decisive only),COMPATIBILITY_ONLY_NOT_PRODUCTION,4992.1079,4489.8755,168.3291,250,250,-0.03371904,,-0.03371904,-0.03371904,-168.3291,4992.1079,OK,0.0000,6.7332,4.0000,96.0000,AG03-UNRESOLVED,ALL5_LEVELS_bet23_to_bet27,6.7332,6.7332,6.7332,8.4165,8.4165,4.000000,4.000000,4.000000,5.000000,5.000000,96.000000,96.000000,96.000000,95.000000,95.000000,5.0,37.0324,33.9227,131.2967,134.4065,PENDING_AG03,FALSE,NOT_FOR_ENFORCEMENT,161.5959,4310.2804,168.3291,161.5959,6.7332,0.03371904,0.03237028,6.7332,161.5959,0.03237028,6.7332,6.7332,6.7332,8.4165,8.4165,161.5959,0.03237028,37.0324,33.9227,131.2967,134.4065,0.02630085,0.02692379,0.00134876,19.9684,17.9595,0.6733,15.3026,1.5732,453.8280,22.7273,,19.9684,11.0068,14.3088,22.2988,34.0855,45.4473,56.8091,11.0068,0.0,3.176173,3.970216,1.395532,18,84,10,3,0E-8,0.03371904,,0E-8,0.000000,0.899395,0.000000,,2026-04-20,2026-06-24,11,107,71,66,0.166667,,,0.000000,,,,,,,,GLOBAL_BASELINE_NO_ENTITY_RANKING,,,NOT_APPLICABLE_GLOBAL_BASELINE,HF9g-P5,,,,X 全窗基线 · 不参与实体赏罚,6873917,688,A168_HF9F_20260827_0900,2026-08-27 09:00:00
2026-06-21,58234144,1363,0,11.0067911902,-11.0067911902,-11.0067911902,0E-7,1,1,0.49324550000000000,0.493245500000,-0.9865810262130424,-0.9865810262130424,-0.9865810262130424,0E-17,ELIGIBLE,R03b_20260811_FULL_v1,L1_ELIGIBILITY,v2026-08-11,2026-03-21..2026-08-06,baccarat_bet02_101_all_pairs_incl_sentinel,round_win = game_pnl > 0 (decisive only),COMPATIBILITY_ONLY_NOT_PRODUCTION,4992.1079,4489.8755,168.3291,250,250,-0.03371904,,-0.03371904,-0.03371904,-168.3291,4992.1079,OK,0.0000,6.7332,4.0000,96.0000,AG03-UNRESOLVED,ALL5_LEVELS_bet23_to_bet27,6.7332,6.7332,6.7332,8.4165,8.4165,4.000000,4.000000,4.000000,5.000000,5.000000,96.000000,96.000000,96.000000,95.000000,95.000000,5.0,37.0324,33.9227,131.2967,134.4065,PENDING_AG03,FALSE,NOT_FOR_ENFORCEMENT,161.5959,4310.2804,168.3291,161.5959,6.7332,0.03371904,0.03237028,6.7332,161.5959,0.03237028,6.7332,6.7332,6.7332,8.4165,8.4165,161.5959,0.03237028,37.0324,33.9227,131.2967,134.4065,0.02630085,0.02692379,0.00134876,19.9684,17.9595,0.6733,15.3026,1.5732,453.8280,22.7273,,19.9684,11.0068,14.3088,22.2988,34.0855,45.4473,56.8091,11.0068,0.0,3.176173,3.970216,1.395532,18,84,10,3,0E-8,0.03371904,,0E-8,0.000000,0.899395,0.000000,,2026-04-20,2026-06-24,11,107,71,66,0.166667,,,0.000000,,,,,,,,GLOBAL_BASELINE_NO_ENTITY_RANKING,,,NOT_APPLICABLE_GLOBAL_BASELINE,HF9g-P5,,,,X 全窗基线 · 不参与实体赏罚,6873918,688,A168_HF9F_20260827_0900,2026-08-27 09:00:00
2026-06-21,58234144,1382,0,55.0339559509,33.0203735706,33.0203735706,1.0000000,4,4,0.49324550000000000,0.493245500000,1.755609282511032,1.7556092825110319,1.755609282511032,0E-17,ELIGIBLE,R03b_20260811_FULL_v1,L1_ELIGIBILITY,v2026-08-11,2026-03-21..2026-08-06,baccarat_bet02_101_all_pairs_incl_sentinel,round_win = game_pnl > 0 (decisive only),COMPATIBILITY_ONLY_NOT_PRODUCTION,4992.1079,4489.8755,168.3291,250,250,-0.03371904,,-0.03371904,-0.03371904,-168.3291,4992.1079,OK,0.0000,6.7332,4.0000,96.0000,AG03-UNRESOLVED,ALL5_LEVELS_bet23_to_bet27,6.7332,6.7332,6.7332,8.4165,8.4165,4.000000,4.000000,4.000000,5.000000,5.000000,96.000000,96.000000,96.000000,95.000000,95.000000,5.0,37.0324,33.9227,131.2967,134.4065,PENDING_AG03,FALSE,NOT_FOR_ENFORCEMENT,161.5959,4310.2804,168.3291,161.5959,6.7332,0.03371904,0.03237028,6.7332,161.5959,0.03237028,6.7332,6.7332,6.7332,8.4165,8.4165,161.5959,0.03237028,37.0324,33.9227,131.2967,134.4065,0.02630085,0.02692379,0.00134876,19.9684,17.9595,0.6733,15.3026,1.5732,453.8280,22.7273,,19.9684,11.0068,14.3088,22.2988,34.0855,45.4473,56.8091,11.0068,0.0,3.176173,3.970216,1.395532,18,84,10,3,0E-8,0.03371904,,0E-8,0.000000,0.899395,0.000000,,2026-04-20,2026-06-24,11,107,71,66,0.166667,,,0.000000,,,,,,,,GLOBAL_BASELINE_NO_ENTITY_RANKING,,,NOT_APPLICABLE_GLOBAL_BASELINE,HF9g-P5,,,,X 全窗基线 · 不参与实体赏罚,6873919,688,A168_HF9F_20260827_0900,2026-08-27 09:00:00
2026-06-21,58234144,1384,0,104.5645163066,0E-10,0E-10,0.4285714,8,8,0.44178825000000000,0.441788250000,-0.07041569577547518,-0.07041569577547518,-0.07041569577547518,0E-17,ELIGIBLE,R03b_20260811_FULL_v1,L1_ELIGIBILITY,v2026-08-11,2026-03-21..2026-08-06,baccarat_bet02_101_all_pairs_incl_sentinel,round_win = game_pnl > 0 (decisive only),COMPATIBILITY_ONLY_NOT_PRODUCTION,4992.1079,4489.8755,168.3291,250,250,-0.03371904,,-0.03371904,-0.03371904,-168.3291,4992.1079,OK,0.0000,6.7332,4.0000,96.0000,AG03-UNRESOLVED,ALL5_LEVELS_bet23_to_bet27,6.7332,6.7332,6.7332,8.4165,8.4165,4.000000,4.000000,4.000000,5.000000,5.000000,96.000000,96.000000,96.000000,95.000000,95.000000,5.0,37.0324,33.9227,131.2967,134.4065,PENDING_AG03,FALSE,NOT_FOR_ENFORCEMENT,161.5959,4310.2804,168.3291,161.5959,6.7332,0.03371904,0.03237028,6.7332,161.5959,0.03237028,6.7332,6.7332,6.7332,8.4165,8.4165,161.5959,0.03237028,37.0324,33.9227,131.2967,134.4065,0.02630085,0.02692379,0.00134876,19.9684,17.9595,0.6733,15.3026,1.5732,453.8280,22.7273,,19.9684,11.0068,14.3088,22.2988,34.0855,45.4473,56.8091,11.0068,0.0,3.176173,3.970216,1.395532,18,84,10,3,0E-8,0.03371904,,0E-8,0.000000,0.899395,0.000000,,2026-04-20,2026-06-24,11,107,71,66,0.166667,,,0.000000,,,,,,,,GLOBAL_BASELINE_NO_ENTITY_RANKING,,,NOT_APPLICABLE_GLOBAL_BASELINE,HF9g-P5,,,,X 全窗基线 · 不参与实体赏罚,6873920,688,A168_HF9F_20260827_0900,2026-08-27 09:00:00
2026-06-21,58234144,1401,0,27.5169779754,-27.5169779754,-27.5169779754,0E-7,2,2,0.49324550000000000,0.493245500000,-1.3952362676504506,-1.3952362676504506,-1.3952362676504506,0E-17,ELIGIBLE,R03b_20260811_FULL_v1,L1_ELIGIBILITY,v2026-08-11,2026-03-21..2026-08-06,baccarat_bet02_101_all_pairs_incl_sentinel,round_win = game_pnl > 0 (decisive only),COMPATIBILITY_ONLY_NOT_PRODUCTION,4992.1079,4489.8755,168.3291,250,250,-0.03371904,,-0.03371904,-0.03371904,-168.3291,4992.1079,OK,0.0000,6.7332,4.0000,96.0000,AG03-UNRESOLVED,ALL5_LEVELS_bet23_to_bet27,6.7332,6.7332,6.7332,8.4165,8.4165,4.000000,4.000000,4.000000,5.000000,5.000000,96.000000,96.000000,96.000000,95.000000,95.000000,5.0,37.0324,33.9227,131.2967,134.4065,PENDING_AG03,FALSE,NOT_FOR_ENFORCEMENT,161.5959,4310.2804,168.3291,161.5959,6.7332,0.03371904,0.03237028,6.7332,161.5959,0.03237028,6.7332,6.7332,6.7332,8.4165,8.4165,161.5959,0.03237028,37.0324,33.9227,131.2967,134.4065,0.02630085,0.02692379,0.00134876,19.9684,17.9595,0.6733,15.3026,1.5732,453.8280,22.7273,,19.9684,11.0068,14.3088,22.2988,34.0855,45.4473,56.8091,11.0068,0.0,3.176173,3.970216,1.395532,18,84,10,3,0E-8,0.03371904,,0E-8,0.000000,0.899395,0.000000,,2026-04-20,2026-06-24,11,107,71,66,0.166667,,,0.000000,,,,,,,,GLOBAL_BASELINE_NO_ENTITY_RANKING,,,NOT_APPLICABLE_GLOBAL_BASELINE,HF9g-P5,,,,X 全窗基线 · 不参与实体赏罚,6873921,688,A168_HF9F_20260827_0900,2026-08-27 09:00:00
2026-06-21,58234144,1402,0,33.0203735706,11.0067911902,11.0067911902,0.6666667,3,3,0.49324550000000000,0.493245500000,0.6008033672792107,0.6008033672792106,0.6008033672792107,0E-17,ELIGIBLE,R03b_20260811_FULL_v1,L1_ELIGIBILITY,v2026-08-11,2026-03-21..2026-08-06,baccarat_bet02_101_all_pairs_incl_sentinel,round_win = game_pnl > 0 (decisive only),COMPATIBILITY_ONLY_NOT_PRODUCTION,4992.1079,4489.8755,168.3291,250,250,-0.03371904,,-0.03371904,-0.03371904,-168.3291,4992.1079,OK,0.0000,6.7332,4.0000,96.0000,AG03-UNRESOLVED,ALL5_LEVELS_bet23_to_bet27,6.7332,6.7332,6.7332,8.4165,8.4165,4.000000,4.000000,4.000000,5.000000,5.000000,96.000000,96.000000,96.000000,95.000000,95.000000,5.0,37.0324,33.9227,131.2967,134.4065,PENDING_AG03,FALSE,NOT_FOR_ENFORCEMENT,161.5959,4310.2804,168.3291,161.5959,6.7332,0.03371904,0.03237028,6.7332,161.5959,0.03237028,6.7332,6.7332,6.7332,8.4165,8.4165,161.5959,0.03237028,37.0324,33.9227,131.2967,134.4065,0.02630085,0.02692379,0.00134876,19.9684,17.9595,0.6733,15.3026,1.5732,453.8280,22.7273,,19.9684,11.0068,14.3088,22.2988,34.0855,45.4473,56.8091,11.0068,0.0,3.176173,3.970216,1.395532,18,84,10,3,0E-8,0.03371904,,0E-8,0.000000,0.899395,0.000000,,2026-04-20,2026-06-24,11,107,71,66,0.166667,,,0.000000,,,,,,,,GLOBAL_BASELINE_NO_ENTITY_RANKING,,,NOT_APPLICABLE_GLOBAL_BASELINE,HF9g-P5,,,,X 全窗基线 · 不参与实体赏罚,6873922,688,A168_HF9F_20260827_0900,2026-08-27 09:00:00
2026-06-21,58234144,1405,0,22.0135823804,-22.0135823804,-22.0135823804,0E-7,2,2,0.49324550000000000,0.493245500000,-1.3952362676504506,-1.3952362676504506,-1.3952362676504506,0E-17,ELIGIBLE,R03b_20260811_FULL_v1,L1_ELIGIBILITY,v2026-08-11,2026-03-21..2026-08-06,baccarat_bet02_101_all_pairs_incl_sentinel,round_win = game_pnl > 0 (decisive only),COMPATIBILITY_ONLY_NOT_PRODUCTION,4992.1079,4489.8755,168.3291,250,250,-0.03371904,,-0.03371904,-0.03371904,-168.3291,4992.1079,OK,0.0000,6.7332,4.0000,96.0000,AG03-UNRESOLVED,ALL5_LEVELS_bet23_to_bet27,6.7332,6.7332,6.7332,8.4165,8.4165,4.000000,4.000000,4.000000,5.000000,5.000000,96.000000,96.000000,96.000000,95.000000,95.000000,5.0,37.0324,33.9227,131.2967,134.4065,PENDING_AG03,FALSE,NOT_FOR_ENFORCEMENT,161.5959,4310.2804,168.3291,161.5959,6.7332,0.03371904,0.03237028,6.7332,161.5959,0.03237028,6.7332,6.7332,6.7332,8.4165,8.4165,161.5959,0.03237028,37.0324,33.9227,131.2967,134.4065,0.02630085,0.02692379,0.00134876,19.9684,17.9595,0.6733,15.3026,1.5732,453.8280,22.7273,,19.9684,11.0068,14.3088,22.2988,34.0855,45.4473,56.8091,11.0068,0.0,3.176173,3.970216,1.395532,18,84,10,3,0E-8,0.03371904,,0E-8,0.000000,0.899395,0.000000,,2026-04-20,2026-06-24,11,107,71,66,0.166667,,,0.000000,,,,,,,,GLOBAL_BASELINE_NO_ENTITY_RANKING,,,NOT_APPLICABLE_GLOBAL_BASELINE,HF9g-P5,,,,X 全窗基线 · 不参与实体赏罚,6873923,688,A168_HF9F_20260827_0900,2026-08-27 09:00:00
2026-06-21,58234144,1485,0,77.0475383312,-11.0067911902,-11.0067911902,0.5000000,4,4,0.49324550000000000,0.493245500000,0.027020465636507562,0.027020465636507562,0.027020465636507562,0E-17,ELIGIBLE,R03b_20260811_FULL_v1,L1_ELIGIBILITY,v2026-08-11,2026-03-21..2026-08-06,baccarat_bet02_101_all_pairs_incl_sentinel,round_win = game_pnl > 0 (decisive only),COMPATIBILITY_ONLY_NOT_PRODUCTION,4992.1079,4489.8755,168.3291,250,250,-0.03371904,,-0.03371904,-0.03371904,-168.3291,4992.1079,OK,0.0000,6.7332,4.0000,96.0000,AG03-UNRESOLVED,ALL5_LEVELS_bet23_to_bet27,6.7332,6.7332,6.7332,8.4165,8.4165,4.000000,4.000000,4.000000,5.000000,5.000000,96.000000,96.000000,96.000000,95.000000,95.000000,5.0,37.0324,33.9227,131.2967,134.4065,PENDING_AG03,FALSE,NOT_FOR_ENFORCEMENT,161.5959,4310.2804,168.3291,161.5959,6.7332,0.03371904,0.03237028,6.7332,161.5959,0.03237028,6.7332,6.7332,6.7332,8.4165,8.4165,161.5959,0.03237028,37.0324,33.9227,131.2967,134.4065,0.02630085,0.02692379,0.00134876,19.9684,17.9595,0.6733,15.3026,1.5732,453.8280,22.7273,,19.9684,11.0068,14.3088,22.2988,34.0855,45.4473,56.8091,11.0068,0.0,3.176173,3.970216,1.395532,18,84,10,3,0E-8,0.03371904,,0E-8,0.000000,0.899395,0.000000,,2026-04-20,2026-06-24,11,107,71,66,0.166667,,,0.000000,,,,,,,,GLOBAL_BASELINE_NO_ENTITY_RANKING,,,NOT_APPLICABLE_GLOBAL_BASELINE,HF9g-P5,,,,X 全窗基线 · 不参与实体赏罚,6873924,688,A168_HF9F_20260827_0900,2026-08-27 09:00:00
2026-06-21,58234144,1490,0,22.0135823803,-22.0135823803,-22.0135823803,0E-7,1,1,0.49324550000000000,0.493245500000,-0.9865810262130424,-0.9865810262130424,-0.9865810262130424,0E-17,ELIGIBLE,R03b_20260811_FULL_v1,L1_ELIGIBILITY,v2026-08-11,2026-03-21..2026-08-06,baccarat_bet02_101_all_pairs_incl_sentinel,round_win = game_pnl > 0 (decisive only),COMPATIBILITY_ONLY_NOT_PRODUCTION,4992.1079,4489.8755,168.3291,250,250,-0.03371904,,-0.03371904,-0.03371904,-168.3291,4992.1079,OK,0.0000,6.7332,4.0000,96.0000,AG03-UNRESOLVED,ALL5_LEVELS_bet23_to_bet27,6.7332,6.7332,6.7332,8.4165,8.4165,4.000000,4.000000,4.000000,5.000000,5.000000,96.000000,96.000000,96.000000,95.000000,95.000000,5.0,37.0324,33.9227,131.2967,134.4065,PENDING_AG03,FALSE,NOT_FOR_ENFORCEMENT,161.5959,4310.2804,168.3291,161.5959,6.7332,0.03371904,0.03237028,6.7332,161.5959,0.03237028,6.7332,6.7332,6.7332,8.4165,8.4165,161.5959,0.03237028,37.0324,33.9227,131.2967,134.4065,0.02630085,0.02692379,0.00134876,19.9684,17.9595,0.6733,15.3026,1.5732,453.8280,22.7273,,19.9684,11.0068,14.3088,22.2988,34.0855,45.4473,56.8091,11.0068,0.0,3.176173,3.970216,1.395532,18,84,10,3,0E-8,0.03371904,,0E-8,0.000000,0.899395,0.000000,,2026-04-20,2026-06-24,11,107,71,66,0.166667,,,0.000000,,,,,,,,GLOBAL_BASELINE_NO_ENTITY_RANKING,,,NOT_APPLICABLE_GLOBAL_BASELINE,HF9g-P5,,,,X 全窗基线 · 不参与实体赏罚,6873925,688,A168_HF9F_20260827_0900,2026-08-27 09:00:00
2026-06-21,58234144,1646,0,11.0067911902,-11.0067911902,-11.0067911902,0E-7,1,1,0.49324550000000000,0.493245500000,-0.9865810262130424,-0.9865810262130424,-0.9865810262130424,0E-17,ELIGIBLE,R03b_20260811_FULL_v1,L1_ELIGIBILITY,v2026-08-11,2026-03-21..2026-08-06,baccarat_bet02_101_all_pairs_incl_sentinel,round_win = game_pnl > 0 (decisive only),COMPATIBILITY_ONLY_NOT_PRODUCTION,4992.1079,4489.8755,168.3291,250,250,-0.03371904,,-0.03371904,-0.03371904,-168.3291,4992.1079,OK,0.0000,6.7332,4.0000,96.0000,AG03-UNRESOLVED,ALL5_LEVELS_bet23_to_bet27,6.7332,6.7332,6.7332,8.4165,8.4165,4.000000,4.000000,4.000000,5.000000,5.000000,96.000000,96.000000,96.000000,95.000000,95.000000,5.0,37.0324,33.9227,131.2967,134.4065,PENDING_AG03,FALSE,NOT_FOR_ENFORCEMENT,161.5959,4310.2804,168.3291,161.5959,6.7332,0.03371904,0.03237028,6.7332,161.5959,0.03237028,6.7332,6.7332,6.7332,8.4165,8.4165,161.5959,0.03237028,37.0324,33.9227,131.2967,134.4065,0.02630085,0.02692379,0.00134876,19.9684,17.9595,0.6733,15.3026,1.5732,453.8280,22.7273,,19.9684,11.0068,14.3088,22.2988,34.0855,45.4473,56.8091,11.0068,0.0,3.176173,3.970216,1.395532,18,84,10,3,0E-8,0.03371904,,0E-8,0.000000,0.899395,0.000000,,2026-04-20,2026-06-24,11,107,71,66,0.166667,,,0.000000,,,,,,,,GLOBAL_BASELINE_NO_ENTITY_RANKING,,,NOT_APPLICABLE_GLOBAL_BASELINE,HF9g-P5,,,,X 全窗基线 · 不参与实体赏罚,6873926,688,A168_HF9F_20260827_0900,2026-08-27 09:00:00
2026-06-21,58234144,1704,0,55.0339559509,-55.0339559509,-55.0339559509,0E-7,4,4,0.49324550000000000,0.493245500000,-1.973162052426085,-1.973162052426085,-1.973162052426085,0E-17,ELIGIBLE,R03b_20260811_FULL_v1,L1_ELIGIBILITY,v2026-08-11,2026-03-21..2026-08-06,baccarat_bet02_101_all_pairs_incl_sentinel,round_win = game_pnl > 0 (decisive only),COMPATIBILITY_ONLY_NOT_PRODUCTION,4992.1079,4489.8755,168.3291,250,250,-0.03371904,,-0.03371904,-0.03371904,-168.3291,4992.1079,OK,0.0000,6.7332,4.0000,96.0000,AG03-UNRESOLVED,ALL5_LEVELS_bet23_to_bet27,6.7332,6.7332,6.7332,8.4165,8.4165,4.000000,4.000000,4.000000,5.000000,5.000000,96.000000,96.000000,96.000000,95.000000,95.000000,5.0,37.0324,33.9227,131.2967,134.4065,PENDING_AG03,FALSE,NOT_FOR_ENFORCEMENT,161.5959,4310.2804,168.3291,161.5959,6.7332,0.03371904,0.03237028,6.7332,161.5959,0.03237028,6.7332,6.7332,6.7332,8.4165,8.4165,161.5959,0.03237028,37.0324,33.9227,131.2967,134.4065,0.02630085,0.02692379,0.00134876,19.9684,17.9595,0.6733,15.3026,1.5732,453.8280,22.7273,,19.9684,11.0068,14.3088,22.2988,34.0855,45.4473,56.8091,11.0068,0.0,3.176173,3.970216,1.395532,18,84,10,3,0E-8,0.03371904,,0E-8,0.000000,0.899395,0.000000,,2026-04-20,2026-06-24,11,107,71,66,0.166667,,,0.000000,,,,,,,,GLOBAL_BASELINE_NO_ENTITY_RANKING,,,NOT_APPLICABLE_GLOBAL_BASELINE,HF9g-P5,,,,X 全窗基线 · 不参与实体赏罚,6873927,688,A168_HF9F_20260827_0900,2026-08-27 09:00:00
2026-06-21,58234144,2034,0,11.0067911902,-11.0067911902,-11.0067911902,0E-7,1,1,0.49324550000000000,0.493245500000,-0.9865810262130424,-0.9865810262130424,-0.9865810262130424,0E-17,ELIGIBLE,R03b_20260811_FULL_v1,L1_ELIGIBILITY,v2026-08-11,2026-03-21..2026-08-06,baccarat_bet02_101_all_pairs_incl_sentinel,round_win = game_pnl > 0 (decisive only),COMPATIBILITY_ONLY_NOT_PRODUCTION,4992.1079,4489.8755,168.3291,250,250,-0.03371904,,-0.03371904,-0.03371904,-168.3291,4992.1079,OK,0.0000,6.7332,4.0000,96.0000,AG03-UNRESOLVED,ALL5_LEVELS_bet23_to_bet27,6.7332,6.7332,6.7332,8.4165,8.4165,4.000000,4.000000,4.000000,5.000000,5.000000,96.000000,96.000000,96.000000,95.000000,95.000000,5.0,37.0324,33.9227,131.2967,134.4065,PENDING_AG03,FALSE,NOT_FOR_ENFORCEMENT,161.5959,4310.2804,168.3291,161.5959,6.7332,0.03371904,0.03237028,6.7332,161.5959,0.03237028,6.7332,6.7332,6.7332,8.4165,8.4165,161.5959,0.03237028,37.0324,33.9227,131.2967,134.4065,0.02630085,0.02692379,0.00134876,19.9684,17.9595,0.6733,15.3026,1.5732,453.8280,22.7273,,19.9684,11.0068,14.3088,22.2988,34.0855,45.4473,56.8091,11.0068,0.0,3.176173,3.970216,1.395532,18,84,10,3,0E-8,0.03371904,,0E-8,0.000000,0.899395,0.000000,,2026-04-20,2026-06-24,11,107,71,66,0.166667,,,0.000000,,,,,,,,GLOBAL_BASELINE_NO_ENTITY_RANKING,,,NOT_APPLICABLE_GLOBAL_BASELINE,HF9g-P5,,,,X 全窗基线 · 不参与实体赏罚,6873928,688,A168_HF9F_20260827_0900,2026-08-27 09:00:00
2026-06-21,58234144,2103,0,33.0203735705,-33.0203735705,-33.0203735705,0E-7,2,2,0.49324550000000000,0.493245500000,-1.3952362676504506,-1.3952362676504506,-1.3952362676504506,0E-17,ELIGIBLE,R03b_20260811_FULL_v1,L1_ELIGIBILITY,v2026-08-11,2026-03-21..2026-08-06,baccarat_bet02_101_all_pairs_incl_sentinel,round_win = game_pnl > 0 (decisive only),COMPATIBILITY_ONLY_NOT_PRODUCTION,4992.1079,4489.8755,168.3291,250,250,-0.03371904,,-0.03371904,-0.03371904,-168.3291,4992.1079,OK,0.0000,6.7332,4.0000,96.0000,AG03-UNRESOLVED,ALL5_LEVELS_bet23_to_bet27,6.7332,6.7332,6.7332,8.4165,8.4165,4.000000,4.000000,4.000000,5.000000,5.000000,96.000000,96.000000,96.000000,95.000000,95.000000,5.0,37.0324,33.9227,131.2967,134.4065,PENDING_AG03,FALSE,NOT_FOR_ENFORCEMENT,161.5959,4310.2804,168.3291,161.5959,6.7332,0.03371904,0.03237028,6.7332,161.5959,0.03237028,6.7332,6.7332,6.7332,8.4165,8.4165,161.5959,0.03237028,37.0324,33.9227,131.2967,134.4065,0.02630085,0.02692379,0.00134876,19.9684,17.9595,0.6733,15.3026,1.5732,453.8280,22.7273,,19.9684,11.0068,14.3088,22.2988,34.0855,45.4473,56.8091,11.0068,0.0,3.176173,3.970216,1.395532,18,84,10,3,0E-8,0.03371904,,0E-8,0.000000,0.899395,0.000000,,2026-04-20,2026-06-24,11,107,71,66,0.166667,,,0.000000,,,,,,,,GLOBAL_BASELINE_NO_ENTITY_RANKING,,,NOT_APPLICABLE_GLOBAL_BASELINE,HF9g-P5,,,,X 全窗基线 · 不参与实体赏罚,6873929,688,A168_HF9F_20260827_0900,2026-08-27 09:00:00
2026-06-21,58234144,2117,0,33.0203735705,33.0203735705,33.0203735705,1.0000000,1,1,0.49324550000000000,0.493245500000,1.01360149184955,1.01360149184955,1.01360149184955,0E-17,ELIGIBLE,R03b_20260811_FULL_v1,L1_ELIGIBILITY,v2026-08-11,2026-03-21..2026-08-06,baccarat_bet02_101_all_pairs_incl_sentinel,round_win = game_pnl > 0 (decisive only),COMPATIBILITY_ONLY_NOT_PRODUCTION,4992.1079,4489.8755,168.3291,250,250,-0.03371904,,-0.03371904,-0.03371904,-168.3291,4992.1079,OK,0.0000,6.7332,4.0000,96.0000,AG03-UNRESOLVED,ALL5_LEVELS_bet23_to_bet27,6.7332,6.7332,6.7332,8.4165,8.4165,4.000000,4.000000,4.000000,5.000000,5.000000,96.000000,96.000000,96.000000,95.000000,95.000000,5.0,37.0324,33.9227,131.2967,134.4065,PENDING_AG03,FALSE,NOT_FOR_ENFORCEMENT,161.5959,4310.2804,168.3291,161.5959,6.7332,0.03371904,0.03237028,6.7332,161.5959,0.03237028,6.7332,6.7332,6.7332,8.4165,8.4165,161.5959,0.03237028,37.0324,33.9227,131.2967,134.4065,0.02630085,0.02692379,0.00134876,19.9684,17.9595,0.6733,15.3026,1.5732,453.8280,22.7273,,19.9684,11.0068,14.3088,22.2988,34.0855,45.4473,56.8091,11.0068,0.0,3.176173,3.970216,1.395532,18,84,10,3,0E-8,0.03371904,,0E-8,0.000000,0.899395,0.000000,,2026-04-20,2026-06-24,11,107,71,66,0.166667,,,0.000000,,,,,,,,GLOBAL_BASELINE_NO_ENTITY_RANKING,,,NOT_APPLICABLE_GLOBAL_BASELINE,HF9g-P5,,,,X 全窗基线 · 不参与实体赏罚,6873930,688,A168_HF9F_20260827_0900,2026-08-27 09:00:00
2026-06-21,58234144,2118,0,198.1222414230,110.0679119016,110.0679119016,0.8000000,10,10,0.49324550000000000,0.493245500000,1.9402628553634393,1.9402628553634393,1.9402628553634393,0E-17,ELIGIBLE,R03b_20260811_FULL_v1,L1_ELIGIBILITY,v2026-08-11,2026-03-21..2026-08-06,baccarat_bet02_101_all_pairs_incl_sentinel,round_win = game_pnl > 0 (decisive only),COMPATIBILITY_ONLY_NOT_PRODUCTION,4992.1079,4489.8755,168.3291,250,250,-0.03371904,,-0.03371904,-0.03371904,-168.3291,4992.1079,OK,0.0000,6.7332,4.0000,96.0000,AG03-UNRESOLVED,ALL5_LEVELS_bet23_to_bet27,6.7332,6.7332,6.7332,8.4165,8.4165,4.000000,4.000000,4.000000,5.000000,5.000000,96.000000,96.000000,96.000000,95.000000,95.000000,5.0,37.0324,33.9227,131.2967,134.4065,PENDING_AG03,FALSE,NOT_FOR_ENFORCEMENT,161.5959,4310.2804,168.3291,161.5959,6.7332,0.03371904,0.03237028,6.7332,161.5959,0.03237028,6.7332,6.7332,6.7332,8.4165,8.4165,161.5959,0.03237028,37.0324,33.9227,131.2967,134.4065,0.02630085,0.02692379,0.00134876,19.9684,17.9595,0.6733,15.3026,1.5732,453.8280,22.7273,,19.9684,11.0068,14.3088,22.2988,34.0855,45.4473,56.8091,11.0068,0.0,3.176173,3.970216,1.395532,18,84,10,3,0E-8,0.03371904,,0E-8,0.000000,0.899395,0.000000,,2026-04-20,2026-06-24,11,107,71,66,0.166667,,,0.000000,,,,,,,,GLOBAL_BASELINE_NO_ENTITY_RANKING,,,NOT_APPLICABLE_GLOBAL_BASELINE,HF9g-P5,,,,X 全窗基线 · 不参与实体赏罚,6873931,688,A168_HF9F_20260827_0900,2026-08-27 09:00:00
2026-06-21,58234144,2127,0,22.0135823804,22.0135823804,22.0135823804,1.0000000,2,2,0.49324550000000000,0.493245500000,1.4334489766152358,1.4334489766152358,1.4334489766152358,0E-17,ELIGIBLE,R03b_20260811_FULL_v1,L1_ELIGIBILITY,v2026-08-11,2026-03-21..2026-08-06,baccarat_bet02_101_all_pairs_incl_sentinel,round_win = game_pnl > 0 (decisive only),COMPATIBILITY_ONLY_NOT_PRODUCTION,4992.1079,4489.8755,168.3291,250,250,-0.03371904,,-0.03371904,-0.03371904,-168.3291,4992.1079,OK,0.0000,6.7332,4.0000,96.0000,AG03-UNRESOLVED,ALL5_LEVELS_bet23_to_bet27,6.7332,6.7332,6.7332,8.4165,8.4165,4.000000,4.000000,4.000000,5.000000,5.000000,96.000000,96.000000,96.000000,95.000000,95.000000,5.0,37.0324,33.9227,131.2967,134.4065,PENDING_AG03,FALSE,NOT_FOR_ENFORCEMENT,161.5959,4310.2804,168.3291,161.5959,6.7332,0.03371904,0.03237028,6.7332,161.5959,0.03237028,6.7332,6.7332,6.7332,8.4165,8.4165,161.5959,0.03237028,37.0324,33.9227,131.2967,134.4065,0.02630085,0.02692379,0.00134876,19.9684,17.9595,0.6733,15.3026,1.5732,453.8280,22.7273,,19.9684,11.0068,14.3088,22.2988,34.0855,45.4473,56.8091,11.0068,0.0,3.176173,3.970216,1.395532,18,84,10,3,0E-8,0.03371904,,0E-8,0.000000,0.899395,0.000000,,2026-04-20,2026-06-24,11,107,71,66,0.166667,,,0.000000,,,,,,,,GLOBAL_BASELINE_NO_ENTITY_RANKING,,,NOT_APPLICABLE_GLOBAL_BASELINE,HF9g-P5,,,,X 全窗基线 · 不参与实体赏罚,6873932,688,A168_HF9F_20260827_0900,2026-08-27 09:00:00
2026-06-21,58234144,2141,0,11.0067911902,-11.0067911902,-11.0067911902,0E-7,1,1,0.49324550000000000,0.493245500000,-0.9865810262130424,-0.9865810262130424,-0.9865810262130424,0E-17,ELIGIBLE,R03b_20260811_FULL_v1,L1_ELIGIBILITY,v2026-08-11,2026-03-21..2026-08-06,baccarat_bet02_101_all_pairs_incl_sentinel,round_win = game_pnl > 0 (decisive only),COMPATIBILITY_ONLY_NOT_PRODUCTION,4992.1079,4489.8755,168.3291,250,250,-0.03371904,,-0.03371904,-0.03371904,-168.3291,4992.1079,OK,0.0000,6.7332,4.0000,96.0000,AG03-UNRESOLVED,ALL5_LEVELS_bet23_to_bet27,6.7332,6.7332,6.7332,8.4165,8.4165,4.000000,4.000000,4.000000,5.000000,5.000000,96.000000,96.000000,96.000000,95.000000,95.000000,5.0,37.0324,33.9227,131.2967,134.4065,PENDING_AG03,FALSE,NOT_FOR_ENFORCEMENT,161.5959,4310.2804,168.3291,161.5959,6.7332,0.03371904,0.03237028,6.7332,161.5959,0.03237028,6.7332,6.7332,6.7332,8.4165,8.4165,161.5959,0.03237028,37.0324,33.9227,131.2967,134.4065,0.02630085,0.02692379,0.00134876,19.9684,17.9595,0.6733,15.3026,1.5732,453.8280,22.7273,,19.9684,11.0068,14.3088,22.2988,34.0855,45.4473,56.8091,11.0068,0.0,3.176173,3.970216,1.395532,18,84,10,3,0E-8,0.03371904,,0E-8,0.000000,0.899395,0.000000,,2026-04-20,2026-06-24,11,107,71,66,0.166667,,,0.000000,,,,,,,,GLOBAL_BASELINE_NO_ENTITY_RANKING,,,NOT_APPLICABLE_GLOBAL_BASELINE,HF9g-P5,,,,X 全窗基线 · 不参与实体赏罚,6873933,688,A168_HF9F_20260827_0900,2026-08-27 09:00:00
2026-06-21,58234144,2147,0,88.0543295215,33.0203735705,33.0203735705,0.6000000,6,6,0.49324550000000000,0.493245500000,0.47746420675292983,0.47746420675292983,0.47746420675292983,0E-17,ELIGIBLE,R03b_20260811_FULL_v1,L1_ELIGIBILITY,v2026-08-11,2026-03-21..2026-08-06,baccarat_bet02_101_all_pairs_incl_sentinel,round_win = game_pnl > 0 (decisive only),COMPATIBILITY_ONLY_NOT_PRODUCTION,4992.1079,4489.8755,168.3291,250,250,-0.03371904,,-0.03371904,-0.03371904,-168.3291,4992.1079,OK,0.0000,6.7332,4.0000,96.0000,AG03-UNRESOLVED,ALL5_LEVELS_bet23_to_bet27,6.7332,6.7332,6.7332,8.4165,8.4165,4.000000,4.000000,4.000000,5.000000,5.000000,96.000000,96.000000,96.000000,95.000000,95.000000,5.0,37.0324,33.9227,131.2967,134.4065,PENDING_AG03,FALSE,NOT_FOR_ENFORCEMENT,161.5959,4310.2804,168.3291,161.5959,6.7332,0.03371904,0.03237028,6.7332,161.5959,0.03237028,6.7332,6.7332,6.7332,8.4165,8.4165,161.5959,0.03237028,37.0324,33.9227,131.2967,134.4065,0.02630085,0.02692379,0.00134876,19.9684,17.9595,0.6733,15.3026,1.5732,453.8280,22.7273,,19.9684,11.0068,14.3088,22.2988,34.0855,45.4473,56.8091,11.0068,0.0,3.176173,3.970216,1.395532,18,84,10,3,0E-8,0.03371904,,0E-8,0.000000,0.899395,0.000000,,2026-04-20,2026-06-24,11,107,71,66,0.166667,,,0.000000,,,,,,,,GLOBAL_BASELINE_NO_ENTITY_RANKING,,,NOT_APPLICABLE_GLOBAL_BASELINE,HF9g-P5,,,,X 全窗基线 · 不参与实体赏罚,6873934,688,A168_HF9F_20260827_0900,2026-08-27 09:00:00
2026-06-21,58234144,2153,0,44.0271647607,11.0067911902,11.0067911902,1.0000000,2,2,0.49324550000000000,0.493245500000,1.01360149184955,1.01360149184955,1.01360149184955,0E-17,ELIGIBLE,R03b_20260811_FULL_v1,L1_ELIGIBILITY,v2026-08-11,2026-03-21..2026-08-06,baccarat_bet02_101_all_pairs_incl_sentinel,round_win = game_pnl > 0 (decisive only),COMPATIBILITY_ONLY_NOT_PRODUCTION,4992.1079,4489.8755,168.3291,250,250,-0.03371904,,-0.03371904,-0.03371904,-168.3291,4992.1079,OK,0.0000,6.7332,4.0000,96.0000,AG03-UNRESOLVED,ALL5_LEVELS_bet23_to_bet27,6.7332,6.7332,6.7332,8.4165,8.4165,4.000000,4.000000,4.000000,5.000000,5.000000,96.000000,96.000000,96.000000,95.000000,95.000000,5.0,37.0324,33.9227,131.2967,134.4065,PENDING_AG03,FALSE,NOT_FOR_ENFORCEMENT,161.5959,4310.2804,168.3291,161.5959,6.7332,0.03371904,0.03237028,6.7332,161.5959,0.03237028,6.7332,6.7332,6.7332,8.4165,8.4165,161.5959,0.03237028,37.0324,33.9227,131.2967,134.4065,0.02630085,0.02692379,0.00134876,19.9684,17.9595,0.6733,15.3026,1.5732,453.8280,22.7273,,19.9684,11.0068,14.3088,22.2988,34.0855,45.4473,56.8091,11.0068,0.0,3.176173,3.970216,1.395532,18,84,10,3,0E-8,0.03371904,,0E-8,0.000000,0.899395,0.000000,,2026-04-20,2026-06-24,11,107,71,66,0.166667,,,0.000000,,,,,,,,GLOBAL_BASELINE_NO_ENTITY_RANKING,,,NOT_APPLICABLE_GLOBAL_BASELINE,HF9g-P5,,,,X 全窗基线 · 不参与实体赏罚,6873935,688,A168_HF9F_20260827_0900,2026-08-27 09:00:00
2026-06-21,58234144,2156,0,22.0135823804,-22.0135823804,-22.0135823804,0E-7,2,2,0.49324550000000000,0.493245500000,-1.3952362676504506,-1.3952362676504506,-1.3952362676504506,0E-17,ELIGIBLE,R03b_20260811_FULL_v1,L1_ELIGIBILITY,v2026-08-11,2026-03-21..2026-08-06,baccarat_bet02_101_all_pairs_incl_sentinel,round_win = game_pnl > 0 (decisive only),COMPATIBILITY_ONLY_NOT_PRODUCTION,4992.1079,4489.8755,168.3291,250,250,-0.03371904,,-0.03371904,-0.03371904,-168.3291,4992.1079,OK,0.0000,6.7332,4.0000,96.0000,AG03-UNRESOLVED,ALL5_LEVELS_bet23_to_bet27,6.7332,6.7332,6.7332,8.4165,8.4165,4.000000,4.000000,4.000000,5.000000,5.000000,96.000000,96.000000,96.000000,95.000000,95.000000,5.0,37.0324,33.9227,131.2967,134.4065,PENDING_AG03,FALSE,NOT_FOR_ENFORCEMENT,161.5959,4310.2804,168.3291,161.5959,6.7332,0.03371904,0.03237028,6.7332,161.5959,0.03237028,6.7332,6.7332,6.7332,8.4165,8.4165,161.5959,0.03237028,37.0324,33.9227,131.2967,134.4065,0.02630085,0.02692379,0.00134876,19.9684,17.9595,0.6733,15.3026,1.5732,453.8280,22.7273,,19.9684,11.0068,14.3088,22.2988,34.0855,45.4473,56.8091,11.0068,0.0,3.176173,3.970216,1.395532,18,84,10,3,0E-8,0.03371904,,0E-8,0.000000,0.899395,0.000000,,2026-04-20,2026-06-24,11,107,71,66,0.166667,,,0.000000,,,,,,,,GLOBAL_BASELINE_NO_ENTITY_RANKING,,,NOT_APPLICABLE_GLOBAL_BASELINE,HF9g-P5,,,,X 全窗基线 · 不参与实体赏罚,6873936,688,A168_HF9F_20260827_0900,2026-08-27 09:00:00
2026-06-21,58234144,2175,0,33.0203735706,-11.0067911902,-11.0067911902,0.3333333,3,3,0.49324550000000000,0.493245500000,-0.5540025479526107,-0.5540025479526106,-0.5540025479526107,0E-17,ELIGIBLE,R03b_20260811_FULL_v1,L1_ELIGIBILITY,v2026-08-11,2026-03-21..2026-08-06,baccarat_bet02_101_all_pairs_incl_sentinel,round_win = game_pnl > 0 (decisive only),COMPATIBILITY_ONLY_NOT_PRODUCTION,4992.1079,4489.8755,168.3291,250,250,-0.03371904,,-0.03371904,-0.03371904,-168.3291,4992.1079,OK,0.0000,6.7332,4.0000,96.0000,AG03-UNRESOLVED,ALL5_LEVELS_bet23_to_bet27,6.7332,6.7332,6.7332,8.4165,8.4165,4.000000,4.000000,4.000000,5.000000,5.000000,96.000000,96.000000,96.000000,95.000000,95.000000,5.0,37.0324,33.9227,131.2967,134.4065,PENDING_AG03,FALSE,NOT_FOR_ENFORCEMENT,161.5959,4310.2804,168.3291,161.5959,6.7332,0.03371904,0.03237028,6.7332,161.5959,0.03237028,6.7332,6.7332,6.7332,8.4165,8.4165,161.5959,0.03237028,37.0324,33.9227,131.2967,134.4065,0.02630085,0.02692379,0.00134876,19.9684,17.9595,0.6733,15.3026,1.5732,453.8280,22.7273,,19.9684,11.0068,14.3088,22.2988,34.0855,45.4473,56.8091,11.0068,0.0,3.176173,3.970216,1.395532,18,84,10,3,0E-8,0.03371904,,0E-8,0.000000,0.899395,0.000000,,2026-04-20,2026-06-24,11,107,71,66,0.166667,,,0.000000,,,,,,,,GLOBAL_BASELINE_NO_ENTITY_RANKING,,,NOT_APPLICABLE_GLOBAL_BASELINE,HF9g-P5,,,,X 全窗基线 · 不参与实体赏罚,6873937,688,A168_HF9F_20260827_0900,2026-08-27 09:00:00
2026-06-21,58234144,2216,0,44.0271647608,11.0067911902,11.0067911902,0.6666667,4,4,0.49324550000000000,0.493245500000,0.6008033672792107,0.6008033672792106,0.6008033672792107,0E-17,ELIGIBLE,R03b_20260811_FULL_v1,L1_ELIGIBILITY,v2026-08-11,2026-03-21..2026-08-06,baccarat_bet02_101_all_pairs_incl_sentinel,round_win = game_pnl > 0 (decisive only),COMPATIBILITY_ONLY_NOT_PRODUCTION,4992.1079,4489.8755,168.3291,250,250,-0.03371904,,-0.03371904,-0.03371904,-168.3291,4992.1079,OK,0.0000,6.7332,4.0000,96.0000,AG03-UNRESOLVED,ALL5_LEVELS_bet23_to_bet27,6.7332,6.7332,6.7332,8.4165,8.4165,4.000000,4.000000,4.000000,5.000000,5.000000,96.000000,96.000000,96.000000,95.000000,95.000000,5.0,37.0324,33.9227,131.2967,134.4065,PENDING_AG03,FALSE,NOT_FOR_ENFORCEMENT,161.5959,4310.2804,168.3291,161.5959,6.7332,0.03371904,0.03237028,6.7332,161.5959,0.03237028,6.7332,6.7332,6.7332,8.4165,8.4165,161.5959,0.03237028,37.0324,33.9227,131.2967,134.4065,0.02630085,0.02692379,0.00134876,19.9684,17.9595,0.6733,15.3026,1.5732,453.8280,22.7273,,19.9684,11.0068,14.3088,22.2988,34.0855,45.4473,56.8091,11.0068,0.0,3.176173,3.970216,1.395532,18,84,10,3,0E-8,0.03371904,,0E-8,0.000000,0.899395,0.000000,,2026-04-20,2026-06-24,11,107,71,66,0.166667,,,0.000000,,,,,,,,GLOBAL_BASELINE_NO_ENTITY_RANKING,,,NOT_APPLICABLE_GLOBAL_BASELINE,HF9g-P5,,,,X 全窗基线 · 不参与实体赏罚,6873938,688,A168_HF9F_20260827_0900,2026-08-27 09:00:00
2026-06-21,58234144,2223,0,22.0135823803,22.0135823803,22.0135823803,1.0000000,1,1,0.49324550000000000,0.493245500000,1.01360149184955,1.01360149184955,1.01360149184955,0E-17,ELIGIBLE,R03b_20260811_FULL_v1,L1_ELIGIBILITY,v2026-08-11,2026-03-21..2026-08-06,baccarat_bet02_101_all_pairs_incl_sentinel,round_win = game_pnl > 0 (decisive only),COMPATIBILITY_ONLY_NOT_PRODUCTION,4992.1079,4489.8755,168.3291,250,250,-0.03371904,,-0.03371904,-0.03371904,-168.3291,4992.1079,OK,0.0000,6.7332,4.0000,96.0000,AG03-UNRESOLVED,ALL5_LEVELS_bet23_to_bet27,6.7332,6.7332,6.7332,8.4165,8.4165,4.000000,4.000000,4.000000,5.000000,5.000000,96.000000,96.000000,96.000000,95.000000,95.000000,5.0,37.0324,33.9227,131.2967,134.4065,PENDING_AG03,FALSE,NOT_FOR_ENFORCEMENT,161.5959,4310.2804,168.3291,161.5959,6.7332,0.03371904,0.03237028,6.7332,161.5959,0.03237028,6.7332,6.7332,6.7332,8.4165,8.4165,161.5959,0.03237028,37.0324,33.9227,131.2967,134.4065,0.02630085,0.02692379,0.00134876,19.9684,17.9595,0.6733,15.3026,1.5732,453.8280,22.7273,,19.9684,11.0068,14.3088,22.2988,34.0855,45.4473,56.8091,11.0068,0.0,3.176173,3.970216,1.395532,18,84,10,3,0E-8,0.03371904,,0E-8,0.000000,0.899395,0.000000,,2026-04-20,2026-06-24,11,107,71,66,0.166667,,,0.000000,,,,,,,,GLOBAL_BASELINE_NO_ENTITY_RANKING,,,NOT_APPLICABLE_GLOBAL_BASELINE,HF9g-P5,,,,X 全窗基线 · 不参与实体赏罚,6873939,688,A168_HF9F_20260827_0900,2026-08-27 09:00:00
2026-06-21,58234144,2251,0,33.0203735705,11.0067911901,11.0067911901,0.5000000,2,2,0.49324550000000000,0.493245500000,0.01910635448239258,0.01910635448239258,0.01910635448239258,0E-17,ELIGIBLE,R03b_20260811_FULL_v1,L1_ELIGIBILITY,v2026-08-11,2026-03-21..2026-08-06,baccarat_bet02_101_all_pairs_incl_sentinel,round_win = game_pnl > 0 (decisive only),COMPATIBILITY_ONLY_NOT_PRODUCTION,4992.1079,4489.8755,168.3291,250,250,-0.03371904,,-0.03371904,-0.03371904,-168.3291,4992.1079,OK,0.0000,6.7332,4.0000,96.0000,AG03-UNRESOLVED,ALL5_LEVELS_bet23_to_bet27,6.7332,6.7332,6.7332,8.4165,8.4165,4.000000,4.000000,4.000000,5.000000,5.000000,96.000000,96.000000,96.000000,95.000000,95.000000,5.0,37.0324,33.9227,131.2967,134.4065,PENDING_AG03,FALSE,NOT_FOR_ENFORCEMENT,161.5959,4310.2804,168.3291,161.5959,6.7332,0.03371904,0.03237028,6.7332,161.5959,0.03237028,6.7332,6.7332,6.7332,8.4165,8.4165,161.5959,0.03237028,37.0324,33.9227,131.2967,134.4065,0.02630085,0.02692379,0.00134876,19.9684,17.9595,0.6733,15.3026,1.5732,453.8280,22.7273,,19.9684,11.0068,14.3088,22.2988,34.0855,45.4473,56.8091,11.0068,0.0,3.176173,3.970216,1.395532,18,84,10,3,0E-8,0.03371904,,0E-8,0.000000,0.899395,0.000000,,2026-04-20,2026-06-24,11,107,71,66,0.166667,,,0.000000,,,,,,,,GLOBAL_BASELINE_NO_ENTITY_RANKING,,,NOT_APPLICABLE_GLOBAL_BASELINE,HF9g-P5,,,,X 全窗基线 · 不参与实体赏罚,6873940,688,A168_HF9F_20260827_0900,2026-08-27 09:00:00
2026-06-21,58234144,2258,0,11.0067911902,11.0067911902,11.0067911902,1.0000000,1,1,0.49324550000000000,0.493245500000,1.01360149184955,1.01360149184955,1.01360149184955,0E-17,ELIGIBLE,R03b_20260811_FULL_v1,L1_ELIGIBILITY,v2026-08-11,2026-03-21..2026-08-06,baccarat_bet02_101_all_pairs_incl_sentinel,round_win = game_pnl > 0 (decisive only),COMPATIBILITY_ONLY_NOT_PRODUCTION,4992.1079,4489.8755,168.3291,250,250,-0.03371904,,-0.03371904,-0.03371904,-168.3291,4992.1079,OK,0.0000,6.7332,4.0000,96.0000,AG03-UNRESOLVED,ALL5_LEVELS_bet23_to_bet27,6.7332,6.7332,6.7332,8.4165,8.4165,4.000000,4.000000,4.000000,5.000000,5.000000,96.000000,96.000000,96.000000,95.000000,95.000000,5.0,37.0324,33.9227,131.2967,134.4065,PENDING_AG03,FALSE,NOT_FOR_ENFORCEMENT,161.5959,4310.2804,168.3291,161.5959,6.7332,0.03371904,0.03237028,6.7332,161.5959,0.03237028,6.7332,6.7332,6.7332,8.4165,8.4165,161.5959,0.03237028,37.0324,33.9227,131.2967,134.4065,0.02630085,0.02692379,0.00134876,19.9684,17.9595,0.6733,15.3026,1.5732,453.8280,22.7273,,19.9684,11.0068,14.3088,22.2988,34.0855,45.4473,56.8091,11.0068,0.0,3.176173,3.970216,1.395532,18,84,10,3,0E-8,0.03371904,,0E-8,0.000000,0.899395,0.000000,,2026-04-20,2026-06-24,11,107,71,66,0.166667,,,0.000000,,,,,,,,GLOBAL_BASELINE_NO_ENTITY_RANKING,,,NOT_APPLICABLE_GLOBAL_BASELINE,HF9g-P5,,,,X 全窗基线 · 不参与实体赏罚,6873941,688,A168_HF9F_20260827_0900,2026-08-27 09:00:00
2026-06-21,58234144,2267,0,55.0339559509,33.0203735705,33.0203735705,0.6666667,3,3,0.49324550000000000,0.493245500000,0.6008033672792107,0.6008033672792106,0.6008033672792107,0E-17,ELIGIBLE,R03b_20260811_FULL_v1,L1_ELIGIBILITY,v2026-08-11,2026-03-21..2026-08-06,baccarat_bet02_101_all_pairs_incl_sentinel,round_win = game_pnl > 0 (decisive only),COMPATIBILITY_ONLY_NOT_PRODUCTION,4992.1079,4489.8755,168.3291,250,250,-0.03371904,,-0.03371904,-0.03371904,-168.3291,4992.1079,OK,0.0000,6.7332,4.0000,96.0000,AG03-UNRESOLVED,ALL5_LEVELS_bet23_to_bet27,6.7332,6.7332,6.7332,8.4165,8.4165,4.000000,4.000000,4.000000,5.000000,5.000000,96.000000,96.000000,96.000000,95.000000,95.000000,5.0,37.0324,33.9227,131.2967,134.4065,PENDING_AG03,FALSE,NOT_FOR_ENFORCEMENT,161.5959,4310.2804,168.3291,161.5959,6.7332,0.03371904,0.03237028,6.7332,161.5959,0.03237028,6.7332,6.7332,6.7332,8.4165,8.4165,161.5959,0.03237028,37.0324,33.9227,131.2967,134.4065,0.02630085,0.02692379,0.00134876,19.9684,17.9595,0.6733,15.3026,1.5732,453.8280,22.7273,,19.9684,11.0068,14.3088,22.2988,34.0855,45.4473,56.8091,11.0068,0.0,3.176173,3.970216,1.395532,18,84,10,3,0E-8,0.03371904,,0E-8,0.000000,0.899395,0.000000,,2026-04-20,2026-06-24,11,107,71,66,0.166667,,,0.000000,,,,,,,,GLOBAL_BASELINE_NO_ENTITY_RANKING,,,NOT_APPLICABLE_GLOBAL_BASELINE,HF9g-P5,,,,X 全窗基线 · 不参与实体赏罚,6873942,688,A168_HF9F_20260827_0900,2026-08-27 09:00:00
2026-06-21,58234144,2287,0,11.0067911902,-11.0067911902,-11.0067911902,0E-7,1,1,0.49324550000000000,0.493245500000,-0.9865810262130424,-0.9865810262130424,-0.9865810262130424,0E-17,ELIGIBLE,R03b_20260811_FULL_v1,L1_ELIGIBILITY,v2026-08-11,2026-03-21..2026-08-06,baccarat_bet02_101_all_pairs_incl_sentinel,round_win = game_pnl > 0 (decisive only),COMPATIBILITY_ONLY_NOT_PRODUCTION,4992.1079,4489.8755,168.3291,250,250,-0.03371904,,-0.03371904,-0.03371904,-168.3291,4992.1079,OK,0.0000,6.7332,4.0000,96.0000,AG03-UNRESOLVED,ALL5_LEVELS_bet23_to_bet27,6.7332,6.7332,6.7332,8.4165,8.4165,4.000000,4.000000,4.000000,5.000000,5.000000,96.000000,96.000000,96.000000,95.000000,95.000000,5.0,37.0324,33.9227,131.2967,134.4065,PENDING_AG03,FALSE,NOT_FOR_ENFORCEMENT,161.5959,4310.2804,168.3291,161.5959,6.7332,0.03371904,0.03237028,6.7332,161.5959,0.03237028,6.7332,6.7332,6.7332,8.4165,8.4165,161.5959,0.03237028,37.0324,33.9227,131.2967,134.4065,0.02630085,0.02692379,0.00134876,19.9684,17.9595,0.6733,15.3026,1.5732,453.8280,22.7273,,19.9684,11.0068,14.3088,22.2988,34.0855,45.4473,56.8091,11.0068,0.0,3.176173,3.970216,1.395532,18,84,10,3,0E-8,0.03371904,,0E-8,0.000000,0.899395,0.000000,,2026-04-20,2026-06-24,11,107,71,66,0.166667,,,0.000000,,,,,,,,GLOBAL_BASELINE_NO_ENTITY_RANKING,,,NOT_APPLICABLE_GLOBAL_BASELINE,HF9g-P5,,,,X 全窗基线 · 不参与实体赏罚,6873943,688,A168_HF9F_20260827_0900,2026-08-27 09:00:00
2026-06-21,58234144,529,0,22.0135823804,0E-10,0E-10,0.5000000,2,2,0.49324550000000000,0.493245500000,0.01910635448239258,0.01910635448239258,0.01910635448239258,0E-17,ELIGIBLE,R03b_20260811_FULL_v1,L1_ELIGIBILITY,v2026-08-11,2026-03-21..2026-08-06,baccarat_bet02_101_all_pairs_incl_sentinel,round_win = game_pnl > 0 (decisive only),COMPATIBILITY_ONLY_NOT_PRODUCTION,4992.1079,4489.8755,168.3291,250,250,-0.03371904,,-0.03371904,-0.03371904,-168.3291,4992.1079,OK,0.0000,6.7332,4.0000,96.0000,AG03-UNRESOLVED,ALL5_LEVELS_bet23_to_bet27,6.7332,6.7332,6.7332,8.4165,8.4165,4.000000,4.000000,4.000000,5.000000,5.000000,96.000000,96.000000,96.000000,95.000000,95.000000,5.0,37.0324,33.9227,131.2967,134.4065,PENDING_AG03,FALSE,NOT_FOR_ENFORCEMENT,161.5959,4310.2804,168.3291,161.5959,6.7332,0.03371904,0.03237028,6.7332,161.5959,0.03237028,6.7332,6.7332,6.7332,8.4165,8.4165,161.5959,0.03237028,37.0324,33.9227,131.2967,134.4065,0.02630085,0.02692379,0.00134876,19.9684,17.9595,0.6733,15.3026,1.5732,453.8280,22.7273,,19.9684,11.0068,14.3088,22.2988,34.0855,45.4473,56.8091,11.0068,0.0,3.176173,3.970216,1.395532,18,84,10,3,0E-8,0.03371904,,0E-8,0.000000,0.899395,0.000000,,2026-04-20,2026-06-24,11,107,71,66,0.166667,,,0.000000,,,,,,,,GLOBAL_BASELINE_NO_ENTITY_RANKING,,,NOT_APPLICABLE_GLOBAL_BASELINE,HF9g-P5,,,,X 全窗基线 · 不参与实体赏罚,6873944,688,A168_HF9F_20260827_0900,2026-08-27 09:00:00
2026-06-21,58234144,919,0,112.8196096992,-52.2822581532,-52.2822581532,0.2000000,7,7,0.49324550000000000,0.493245500000,-1.3115534243649334,-1.3115534243649334,-1.3115534243649334,0E-17,ELIGIBLE,R03b_20260811_FULL_v1,L1_ELIGIBILITY,v2026-08-11,2026-03-21..2026-08-06,baccarat_bet02_101_all_pairs_incl_sentinel,round_win = game_pnl > 0 (decisive only),COMPATIBILITY_ONLY_NOT_PRODUCTION,4992.1079,4489.8755,168.3291,250,250,-0.03371904,,-0.03371904,-0.03371904,-168.3291,4992.1079,OK,0.0000,6.7332,4.0000,96.0000,AG03-UNRESOLVED,ALL5_LEVELS_bet23_to_bet27,6.7332,6.7332,6.7332,8.4165,8.4165,4.000000,4.000000,4.000000,5.000000,5.000000,96.000000,96.000000,96.000000,95.000000,95.000000,5.0,37.0324,33.9227,131.2967,134.4065,PENDING_AG03,FALSE,NOT_FOR_ENFORCEMENT,161.5959,4310.2804,168.3291,161.5959,6.7332,0.03371904,0.03237028,6.7332,161.5959,0.03237028,6.7332,6.7332,6.7332,8.4165,8.4165,161.5959,0.03237028,37.0324,33.9227,131.2967,134.4065,0.02630085,0.02692379,0.00134876,19.9684,17.9595,0.6733,15.3026,1.5732,453.8280,22.7273,,19.9684,11.0068,14.3088,22.2988,34.0855,45.4473,56.8091,11.0068,0.0,3.176173,3.970216,1.395532,18,84,10,3,0E-8,0.03371904,,0E-8,0.000000,0.899395,0.000000,,2026-04-20,2026-06-24,11,107,71,66,0.166667,,,0.000000,,,,,,,,GLOBAL_BASELINE_NO_ENTITY_RANKING,,,NOT_APPLICABLE_GLOBAL_BASELINE,HF9g-P5,,,,X 全窗基线 · 不参与实体赏罚,6873945,688,A168_HF9F_20260827_0900,2026-08-27 09:00:00
2026-06-21,58234144,986,0,11.0067911902,-11.0067911902,-11.0067911902,0E-7,1,1,0.49324550000000000,0.493245500000,-0.9865810262130424,-0.9865810262130424,-0.9865810262130424,0E-17,ELIGIBLE,R03b_20260811_FULL_v1,L1_ELIGIBILITY,v2026-08-11,2026-03-21..2026-08-06,baccarat_bet02_101_all_pairs_incl_sentinel,round_win = game_pnl > 0 (decisive only),COMPATIBILITY_ONLY_NOT_PRODUCTION,4992.1079,4489.8755,168.3291,250,250,-0.03371904,,-0.03371904,-0.03371904,-168.3291,4992.1079,OK,0.0000,6.7332,4.0000,96.0000,AG03-UNRESOLVED,ALL5_LEVELS_bet23_to_bet27,6.7332,6.7332,6.7332,8.4165,8.4165,4.000000,4.000000,4.000000,5.000000,5.000000,96.000000,96.000000,96.000000,95.000000,95.000000,5.0,37.0324,33.9227,131.2967,134.4065,PENDING_AG03,FALSE,NOT_FOR_ENFORCEMENT,161.5959,4310.2804,168.3291,161.5959,6.7332,0.03371904,0.03237028,6.7332,161.5959,0.03237028,6.7332,6.7332,6.7332,8.4165,8.4165,161.5959,0.03237028,37.0324,33.9227,131.2967,134.4065,0.02630085,0.02692379,0.00134876,19.9684,17.9595,0.6733,15.3026,1.5732,453.8280,22.7273,,19.9684,11.0068,14.3088,22.2988,34.0855,45.4473,56.8091,11.0068,0.0,3.176173,3.970216,1.395532,18,84,10,3,0E-8,0.03371904,,0E-8,0.000000,0.899395,0.000000,,2026-04-20,2026-06-24,11,107,71,66,0.166667,,,0.000000,,,,,,,,GLOBAL_BASELINE_NO_ENTITY_RANKING,,,NOT_APPLICABLE_GLOBAL_BASELINE,HF9g-P5,,,,X 全窗基线 · 不参与实体赏罚,6873946,688,A168_HF9F_20260827_0900,2026-08-27 09:00:00
2026-06-21,58234144,987,0,66.0407471410,66.0407471410,66.0407471410,1.0000000,3,3,0.49324550000000000,0.493245500000,1.755609282511032,1.7556092825110319,1.755609282511032,0E-17,ELIGIBLE,R03b_20260811_FULL_v1,L1_ELIGIBILITY,v2026-08-11,2026-03-21..2026-08-06,baccarat_bet02_101_all_pairs_incl_sentinel,round_win = game_pnl > 0 (decisive only),COMPATIBILITY_ONLY_NOT_PRODUCTION,4992.1079,4489.8755,168.3291,250,250,-0.03371904,,-0.03371904,-0.03371904,-168.3291,4992.1079,OK,0.0000,6.7332,4.0000,96.0000,AG03-UNRESOLVED,ALL5_LEVELS_bet23_to_bet27,6.7332,6.7332,6.7332,8.4165,8.4165,4.000000,4.000000,4.000000,5.000000,5.000000,96.000000,96.000000,96.000000,95.000000,95.000000,5.0,37.0324,33.9227,131.2967,134.4065,PENDING_AG03,FALSE,NOT_FOR_ENFORCEMENT,161.5959,4310.2804,168.3291,161.5959,6.7332,0.03371904,0.03237028,6.7332,161.5959,0.03237028,6.7332,6.7332,6.7332,8.4165,8.4165,161.5959,0.03237028,37.0324,33.9227,131.2967,134.4065,0.02630085,0.02692379,0.00134876,19.9684,17.9595,0.6733,15.3026,1.5732,453.8280,22.7273,,19.9684,11.0068,14.3088,22.2988,34.0855,45.4473,56.8091,11.0068,0.0,3.176173,3.970216,1.395532,18,84,10,3,0E-8,0.03371904,,0E-8,0.000000,0.899395,0.000000,,2026-04-20,2026-06-24,11,107,71,66,0.166667,,,0.000000,,,,,,,,GLOBAL_BASELINE_NO_ENTITY_RANKING,,,NOT_APPLICABLE_GLOBAL_BASELINE,HF9g-P5,,,,X 全窗基线 · 不参与实体赏罚,6873947,688,A168_HF9F_20260827_0900,2026-08-27 09:00:00
2026-06-22,58234144,1004,0,11.0067911902,11.0067911902,11.0067911902,1.0000000,1,1,0.49324550000000000,0.493245500000,1.01360149184955,1.01360149184955,1.01360149184955,0E-17,ELIGIBLE,R03b_20260811_FULL_v1,L1_ELIGIBILITY,v2026-08-11,2026-03-21..2026-08-06,baccarat_bet02_101_all_pairs_incl_sentinel,round_win = game_pnl > 0 (decisive only),COMPATIBILITY_ONLY_NOT_PRODUCTION,4992.1079,4489.8755,168.3291,250,250,-0.03371904,,-0.03371904,-0.03371904,-168.3291,4992.1079,OK,0.0000,6.7332,4.0000,96.0000,AG03-UNRESOLVED,ALL5_LEVELS_bet23_to_bet27,6.7332,6.7332,6.7332,8.4165,8.4165,4.000000,4.000000,4.000000,5.000000,5.000000,96.000000,96.000000,96.000000,95.000000,95.000000,5.0,37.0324,33.9227,131.2967,134.4065,PENDING_AG03,FALSE,NOT_FOR_ENFORCEMENT,161.5959,4310.2804,168.3291,161.5959,6.7332,0.03371904,0.03237028,6.7332,161.5959,0.03237028,6.7332,6.7332,6.7332,8.4165,8.4165,161.5959,0.03237028,37.0324,33.9227,131.2967,134.4065,0.02630085,0.02692379,0.00134876,19.9684,17.9595,0.6733,15.3026,1.5732,453.8280,22.7273,,19.9684,11.0068,14.3088,22.2988,34.0855,45.4473,56.8091,11.0068,0.0,3.176173,3.970216,1.395532,18,84,10,3,0E-8,0.03371904,,0E-8,0.000000,0.899395,0.000000,,2026-04-20,2026-06-24,11,107,71,66,0.166667,,,0.000000,,,,,,,,GLOBAL_BASELINE_NO_ENTITY_RANKING,,,NOT_APPLICABLE_GLOBAL_BASELINE,HF9g-P5,,,,X 全窗基线 · 不参与实体赏罚,6873948,688,A168_HF9F_20260827_0900,2026-08-27 09:00:00
2026-06-22,58234144,1221,0,11.0067911902,-11.0067911902,-11.0067911902,0E-7,1,1,0.49324550000000000,0.493245500000,-0.9865810262130424,-0.9865810262130424,-0.9865810262130424,0E-17,ELIGIBLE,R03b_20260811_FULL_v1,L1_ELIGIBILITY,v2026-08-11,2026-03-21..2026-08-06,baccarat_bet02_101_all_pairs_incl_sentinel,round_win = game_pnl > 0 (decisive only),COMPATIBILITY_ONLY_NOT_PRODUCTION,4992.1079,4489.8755,168.3291,250,250,-0.03371904,,-0.03371904,-0.03371904,-168.3291,4992.1079,OK,0.0000,6.7332,4.0000,96.0000,AG03-UNRESOLVED,ALL5_LEVELS_bet23_to_bet27,6.7332,6.7332,6.7332,8.4165,8.4165,4.000000,4.000000,4.000000,5.000000,5.000000,96.000000,96.000000,96.000000,95.000000,95.000000,5.0,37.0324,33.9227,131.2967,134.4065,PENDING_AG03,FALSE,NOT_FOR_ENFORCEMENT,161.5959,4310.2804,168.3291,161.5959,6.7332,0.03371904,0.03237028,6.7332,161.5959,0.03237028,6.7332,6.7332,6.7332,8.4165,8.4165,161.5959,0.03237028,37.0324,33.9227,131.2967,134.4065,0.02630085,0.02692379,0.00134876,19.9684,17.9595,0.6733,15.3026,1.5732,453.8280,22.7273,,19.9684,11.0068,14.3088,22.2988,34.0855,45.4473,56.8091,11.0068,0.0,3.176173,3.970216,1.395532,18,84,10,3,0E-8,0.03371904,,0E-8,0.000000,0.899395,0.000000,,2026-04-20,2026-06-24,11,107,71,66,0.166667,,,0.000000,,,,,,,,GLOBAL_BASELINE_NO_ENTITY_RANKING,,,NOT_APPLICABLE_GLOBAL_BASELINE,HF9g-P5,,,,X 全窗基线 · 不参与实体赏罚,6873949,688,A168_HF9F_20260827_0900,2026-08-27 09:00:00
2026-06-22,58234144,1353,0,11.0067911902,11.0067911902,11.0067911902,1.0000000,1,1,0.49324550000000000,0.493245500000,1.01360149184955,1.01360149184955,1.01360149184955,0E-17,ELIGIBLE,R03b_20260811_FULL_v1,L1_ELIGIBILITY,v2026-08-11,2026-03-21..2026-08-06,baccarat_bet02_101_all_pairs_incl_sentinel,round_win = game_pnl > 0 (decisive only),COMPATIBILITY_ONLY_NOT_PRODUCTION,4992.1079,4489.8755,168.3291,250,250,-0.03371904,,-0.03371904,-0.03371904,-168.3291,4992.1079,OK,0.0000,6.7332,4.0000,96.0000,AG03-UNRESOLVED,ALL5_LEVELS_bet23_to_bet27,6.7332,6.7332,6.7332,8.4165,8.4165,4.000000,4.000000,4.000000,5.000000,5.000000,96.000000,96.000000,96.000000,95.000000,95.000000,5.0,37.0324,33.9227,131.2967,134.4065,PENDING_AG03,FALSE,NOT_FOR_ENFORCEMENT,161.5959,4310.2804,168.3291,161.5959,6.7332,0.03371904,0.03237028,6.7332,161.5959,0.03237028,6.7332,6.7332,6.7332,8.4165,8.4165,161.5959,0.03237028,37.0324,33.9227,131.2967,134.4065,0.02630085,0.02692379,0.00134876,19.9684,17.9595,0.6733,15.3026,1.5732,453.8280,22.7273,,19.9684,11.0068,14.3088,22.2988,34.0855,45.4473,56.8091,11.0068,0.0,3.176173,3.970216,1.395532,18,84,10,3,0E-8,0.03371904,,0E-8,0.000000,0.899395,0.000000,,2026-04-20,2026-06-24,11,107,71,66,0.166667,,,0.000000,,,,,,,,GLOBAL_BASELINE_NO_ENTITY_RANKING,,,NOT_APPLICABLE_GLOBAL_BASELINE,HF9g-P5,,,,X 全窗基线 · 不参与实体赏罚,6873950,688,A168_HF9F_20260827_0900,2026-08-27 09:00:00
2026-06-22,58234144,1405,0,88.0543295213,0E-10,0E-10,0.6666667,4,4,0.49324550000000000,0.493245500000,0.6008033672792107,0.6008033672792106,0.6008033672792107,0E-17,ELIGIBLE,R03b_20260811_FULL_v1,L1_ELIGIBILITY,v2026-08-11,2026-03-21..2026-08-06,baccarat_bet02_101_all_pairs_incl_sentinel,round_win = game_pnl > 0 (decisive only),COMPATIBILITY_ONLY_NOT_PRODUCTION,4992.1079,4489.8755,168.3291,250,250,-0.03371904,,-0.03371904,-0.03371904,-168.3291,4992.1079,OK,0.0000,6.7332,4.0000,96.0000,AG03-UNRESOLVED,ALL5_LEVELS_bet23_to_bet27,6.7332,6.7332,6.7332,8.4165,8.4165,4.000000,4.000000,4.000000,5.000000,5.000000,96.000000,96.000000,96.000000,95.000000,95.000000,5.0,37.0324,33.9227,131.2967,134.4065,PENDING_AG03,FALSE,NOT_FOR_ENFORCEMENT,161.5959,4310.2804,168.3291,161.5959,6.7332,0.03371904,0.03237028,6.7332,161.5959,0.03237028,6.7332,6.7332,6.7332,8.4165,8.4165,161.5959,0.03237028,37.0324,33.9227,131.2967,134.4065,0.02630085,0.02692379,0.00134876,19.9684,17.9595,0.6733,15.3026,1.5732,453.8280,22.7273,,19.9684,11.0068,14.3088,22.2988,34.0855,45.4473,56.8091,11.0068,0.0,3.176173,3.970216,1.395532,18,84,10,3,0E-8,0.03371904,,0E-8,0.000000,0.899395,0.000000,,2026-04-20,2026-06-24,11,107,71,66,0.166667,,,0.000000,,,,,,,,GLOBAL_BASELINE_NO_ENTITY_RANKING,,,NOT_APPLICABLE_GLOBAL_BASELINE,HF9g-P5,,,,X 全窗基线 · 不参与实体赏罚,6873951,688,A168_HF9F_20260827_0900,2026-08-27 09:00:00
2026-06-22,58234144,1646,0,7.7047538331,-7.7047538331,-7.7047538331,0E-7,1,1,0.49324550000000000,0.493245500000,-0.9865810262130424,-0.9865810262130424,-0.9865810262130424,0E-17,ELIGIBLE,R03b_20260811_FULL_v1,L1_ELIGIBILITY,v2026-08-11,2026-03-21..2026-08-06,baccarat_bet02_101_all_pairs_incl_sentinel,round_win = game_pnl > 0 (decisive only),COMPATIBILITY_ONLY_NOT_PRODUCTION,4992.1079,4489.8755,168.3291,250,250,-0.03371904,,-0.03371904,-0.03371904,-168.3291,4992.1079,OK,0.0000,6.7332,4.0000,96.0000,AG03-UNRESOLVED,ALL5_LEVELS_bet23_to_bet27,6.7332,6.7332,6.7332,8.4165,8.4165,4.000000,4.000000,4.000000,5.000000,5.000000,96.000000,96.000000,96.000000,95.000000,95.000000,5.0,37.0324,33.9227,131.2967,134.4065,PENDING_AG03,FALSE,NOT_FOR_ENFORCEMENT,161.5959,4310.2804,168.3291,161.5959,6.7332,0.03371904,0.03237028,6.7332,161.5959,0.03237028,6.7332,6.7332,6.7332,8.4165,8.4165,161.5959,0.03237028,37.0324,33.9227,131.2967,134.4065,0.02630085,0.02692379,0.00134876,19.9684,17.9595,0.6733,15.3026,1.5732,453.8280,22.7273,,19.9684,11.0068,14.3088,22.2988,34.0855,45.4473,56.8091,11.0068,0.0,3.176173,3.970216,1.395532,18,84,10,3,0E-8,0.03371904,,0E-8,0.000000,0.899395,0.000000,,2026-04-20,2026-06-24,11,107,71,66,0.166667,,,0.000000,,,,,,,,GLOBAL_BASELINE_NO_ENTITY_RANKING,,,NOT_APPLICABLE_GLOBAL_BASELINE,HF9g-P5,,,,X 全窗基线 · 不参与实体赏罚,6873952,688,A168_HF9F_20260827_0900,2026-08-27 09:00:00
2026-06-22,58234144,1654,0,11.0067911902,-11.0067911902,-11.0067911902,0E-7,1,1,0.49324550000000000,0.493245500000,-0.9865810262130424,-0.9865810262130424,-0.9865810262130424,0E-17,ELIGIBLE,R03b_20260811_FULL_v1,L1_ELIGIBILITY,v2026-08-11,2026-03-21..2026-08-06,baccarat_bet02_101_all_pairs_incl_sentinel,round_win = game_pnl > 0 (decisive only),COMPATIBILITY_ONLY_NOT_PRODUCTION,4992.1079,4489.8755,168.3291,250,250,-0.03371904,,-0.03371904,-0.03371904,-168.3291,4992.1079,OK,0.0000,6.7332,4.0000,96.0000,AG03-UNRESOLVED,ALL5_LEVELS_bet23_to_bet27,6.7332,6.7332,6.7332,8.4165,8.4165,4.000000,4.000000,4.000000,5.000000,5.000000,96.000000,96.000000,96.000000,95.000000,95.000000,5.0,37.0324,33.9227,131.2967,134.4065,PENDING_AG03,FALSE,NOT_FOR_ENFORCEMENT,161.5959,4310.2804,168.3291,161.5959,6.7332,0.03371904,0.03237028,6.7332,161.5959,0.03237028,6.7332,6.7332,6.7332,8.4165,8.4165,161.5959,0.03237028,37.0324,33.9227,131.2967,134.4065,0.02630085,0.02692379,0.00134876,19.9684,17.9595,0.6733,15.3026,1.5732,453.8280,22.7273,,19.9684,11.0068,14.3088,22.2988,34.0855,45.4473,56.8091,11.0068,0.0,3.176173,3.970216,1.395532,18,84,10,3,0E-8,0.03371904,,0E-8,0.000000,0.899395,0.000000,,2026-04-20,2026-06-24,11,107,71,66,0.166667,,,0.000000,,,,,,,,GLOBAL_BASELINE_NO_ENTITY_RANKING,,,NOT_APPLICABLE_GLOBAL_BASELINE,HF9g-P5,,,,X 全窗基线 · 不参与实体赏罚,6873953,688,A168_HF9F_20260827_0900,2026-08-27 09:00:00
2026-06-22,58234144,919,0,33.0203735705,-33.0203735705,-33.0203735705,0E-7,2,2,0.49324550000000000,0.493245500000,-1.3952362676504506,-1.3952362676504506,-1.3952362676504506,0E-17,ELIGIBLE,R03b_20260811_FULL_v1,L1_ELIGIBILITY,v2026-08-11,2026-03-21..2026-08-06,baccarat_bet02_101_all_pairs_incl_sentinel,round_win = game_pnl > 0 (decisive only),COMPATIBILITY_ONLY_NOT_PRODUCTION,4992.1079,4489.8755,168.3291,250,250,-0.03371904,,-0.03371904,-0.03371904,-168.3291,4992.1079,OK,0.0000,6.7332,4.0000,96.0000,AG03-UNRESOLVED,ALL5_LEVELS_bet23_to_bet27,6.7332,6.7332,6.7332,8.4165,8.4165,4.000000,4.000000,4.000000,5.000000,5.000000,96.000000,96.000000,96.000000,95.000000,95.000000,5.0,37.0324,33.9227,131.2967,134.4065,PENDING_AG03,FALSE,NOT_FOR_ENFORCEMENT,161.5959,4310.2804,168.3291,161.5959,6.7332,0.03371904,0.03237028,6.7332,161.5959,0.03237028,6.7332,6.7332,6.7332,8.4165,8.4165,161.5959,0.03237028,37.0324,33.9227,131.2967,134.4065,0.02630085,0.02692379,0.00134876,19.9684,17.9595,0.6733,15.3026,1.5732,453.8280,22.7273,,19.9684,11.0068,14.3088,22.2988,34.0855,45.4473,56.8091,11.0068,0.0,3.176173,3.970216,1.395532,18,84,10,3,0E-8,0.03371904,,0E-8,0.000000,0.899395,0.000000,,2026-04-20,2026-06-24,11,107,71,66,0.166667,,,0.000000,,,,,,,,GLOBAL_BASELINE_NO_ENTITY_RANKING,,,NOT_APPLICABLE_GLOBAL_BASELINE,HF9g-P5,,,,X 全窗基线 · 不参与实体赏罚,6873954,688,A168_HF9F_20260827_0900,2026-08-27 09:00:00
2026-06-24,58234144,1017,0,11.0067911902,-11.0067911902,-11.0067911902,0E-7,1,1,0.49324550000000000,0.493245500000,-0.9865810262130424,-0.9865810262130424,-0.9865810262130424,0E-17,ELIGIBLE,R03b_20260811_FULL_v1,L1_ELIGIBILITY,v2026-08-11,2026-03-21..2026-08-06,baccarat_bet02_101_all_pairs_incl_sentinel,round_win = game_pnl > 0 (decisive only),COMPATIBILITY_ONLY_NOT_PRODUCTION,4992.1079,4489.8755,168.3291,250,250,-0.03371904,,-0.03371904,-0.03371904,-168.3291,4992.1079,OK,0.0000,6.7332,4.0000,96.0000,AG03-UNRESOLVED,ALL5_LEVELS_bet23_to_bet27,6.7332,6.7332,6.7332,8.4165,8.4165,4.000000,4.000000,4.000000,5.000000,5.000000,96.000000,96.000000,96.000000,95.000000,95.000000,5.0,37.0324,33.9227,131.2967,134.4065,PENDING_AG03,FALSE,NOT_FOR_ENFORCEMENT,161.5959,4310.2804,168.3291,161.5959,6.7332,0.03371904,0.03237028,6.7332,161.5959,0.03237028,6.7332,6.7332,6.7332,8.4165,8.4165,161.5959,0.03237028,37.0324,33.9227,131.2967,134.4065,0.02630085,0.02692379,0.00134876,19.9684,17.9595,0.6733,15.3026,1.5732,453.8280,22.7273,,19.9684,11.0068,14.3088,22.2988,34.0855,45.4473,56.8091,11.0068,0.0,3.176173,3.970216,1.395532,18,84,10,3,0E-8,0.03371904,,0E-8,0.000000,0.899395,0.000000,,2026-04-20,2026-06-24,11,107,71,66,0.166667,,,0.000000,,,,,,,,GLOBAL_BASELINE_NO_ENTITY_RANKING,,,NOT_APPLICABLE_GLOBAL_BASELINE,HF9g-P5,,,,X 全窗基线 · 不参与实体赏罚,6873955,688,A168_HF9F_20260827_0900,2026-08-27 09:00:00
2026-06-24,58234144,1363,0,11.0067911902,0E-10,0E-10,,1,1,0.49324550000000000,0.493245500000,,,,0E-17,NO_DECISIVE_ROUND,R03b_20260811_FULL_v1,L1_ELIGIBILITY,v2026-08-11,2026-03-21..2026-08-06,baccarat_bet02_101_all_pairs_incl_sentinel,round_win = game_pnl > 0 (decisive only),COMPATIBILITY_ONLY_NOT_PRODUCTION,4992.1079,4489.8755,168.3291,250,250,-0.03371904,,-0.03371904,-0.03371904,-168.3291,4992.1079,OK,0.0000,6.7332,4.0000,96.0000,AG03-UNRESOLVED,ALL5_LEVELS_bet23_to_bet27,6.7332,6.7332,6.7332,8.4165,8.4165,4.000000,4.000000,4.000000,5.000000,5.000000,96.000000,96.000000,96.000000,95.000000,95.000000,5.0,37.0324,33.9227,131.2967,134.4065,PENDING_AG03,FALSE,NOT_FOR_ENFORCEMENT,161.5959,4310.2804,168.3291,161.5959,6.7332,0.03371904,0.03237028,6.7332,161.5959,0.03237028,6.7332,6.7332,6.7332,8.4165,8.4165,161.5959,0.03237028,37.0324,33.9227,131.2967,134.4065,0.02630085,0.02692379,0.00134876,19.9684,17.9595,0.6733,15.3026,1.5732,453.8280,22.7273,,19.9684,11.0068,14.3088,22.2988,34.0855,45.4473,56.8091,11.0068,0.0,3.176173,3.970216,1.395532,18,84,10,3,0E-8,0.03371904,,0E-8,0.000000,0.899395,0.000000,,2026-04-20,2026-06-24,11,107,71,66,0.166667,,,0.000000,,,,,,,,GLOBAL_BASELINE_NO_ENTITY_RANKING,,,NOT_APPLICABLE_GLOBAL_BASELINE,HF9g-P5,,,,X 全窗基线 · 不参与实体赏罚,6873956,688,A168_HF9F_20260827_0900,2026-08-27 09:00:00
2026-06-24,58234144,1401,0,110.0679119018,-22.0135823802,-22.0135823802,0.5000000,8,8,0.49324550000000000,0.493245500000,0.03821270896478516,0.03821270896478516,0.03821270896478516,0E-17,ELIGIBLE,R03b_20260811_FULL_v1,L1_ELIGIBILITY,v2026-08-11,2026-03-21..2026-08-06,baccarat_bet02_101_all_pairs_incl_sentinel,round_win = game_pnl > 0 (decisive only),COMPATIBILITY_ONLY_NOT_PRODUCTION,4992.1079,4489.8755,168.3291,250,250,-0.03371904,,-0.03371904,-0.03371904,-168.3291,4992.1079,OK,0.0000,6.7332,4.0000,96.0000,AG03-UNRESOLVED,ALL5_LEVELS_bet23_to_bet27,6.7332,6.7332,6.7332,8.4165,8.4165,4.000000,4.000000,4.000000,5.000000,5.000000,96.000000,96.000000,96.000000,95.000000,95.000000,5.0,37.0324,33.9227,131.2967,134.4065,PENDING_AG03,FALSE,NOT_FOR_ENFORCEMENT,161.5959,4310.2804,168.3291,161.5959,6.7332,0.03371904,0.03237028,6.7332,161.5959,0.03237028,6.7332,6.7332,6.7332,8.4165,8.4165,161.5959,0.03237028,37.0324,33.9227,131.2967,134.4065,0.02630085,0.02692379,0.00134876,19.9684,17.9595,0.6733,15.3026,1.5732,453.8280,22.7273,,19.9684,11.0068,14.3088,22.2988,34.0855,45.4473,56.8091,11.0068,0.0,3.176173,3.970216,1.395532,18,84,10,3,0E-8,0.03371904,,0E-8,0.000000,0.899395,0.000000,,2026-04-20,2026-06-24,11,107,71,66,0.166667,,,0.000000,,,,,,,,GLOBAL_BASELINE_NO_ENTITY_RANKING,,,NOT_APPLICABLE_GLOBAL_BASELINE,HF9g-P5,,,,X 全窗基线 · 不参与实体赏罚,6873957,688,A168_HF9F_20260827_0900,2026-08-27 09:00:00
2026-06-24,58234144,1402,0,152.9943975432,29.7183362133,29.7183362133,0.5000000,9,9,0.49324550000000000,0.493245500000,0.03309317671092531,0.03309317671092531,0.03309317671092531,0E-17,ELIGIBLE,R03b_20260811_FULL_v1,L1_ELIGIBILITY,v2026-08-11,2026-03-21..2026-08-06,baccarat_bet02_101_all_pairs_incl_sentinel,round_win = game_pnl > 0 (decisive only),COMPATIBILITY_ONLY_NOT_PRODUCTION,4992.1079,4489.8755,168.3291,250,250,-0.03371904,,-0.03371904,-0.03371904,-168.3291,4992.1079,OK,0.0000,6.7332,4.0000,96.0000,AG03-UNRESOLVED,ALL5_LEVELS_bet23_to_bet27,6.7332,6.7332,6.7332,8.4165,8.4165,4.000000,4.000000,4.000000,5.000000,5.000000,96.000000,96.000000,96.000000,95.000000,95.000000,5.0,37.0324,33.9227,131.2967,134.4065,PENDING_AG03,FALSE,NOT_FOR_ENFORCEMENT,161.5959,4310.2804,168.3291,161.5959,6.7332,0.03371904,0.03237028,6.7332,161.5959,0.03237028,6.7332,6.7332,6.7332,8.4165,8.4165,161.5959,0.03237028,37.0324,33.9227,131.2967,134.4065,0.02630085,0.02692379,0.00134876,19.9684,17.9595,0.6733,15.3026,1.5732,453.8280,22.7273,,19.9684,11.0068,14.3088,22.2988,34.0855,45.4473,56.8091,11.0068,0.0,3.176173,3.970216,1.395532,18,84,10,3,0E-8,0.03371904,,0E-8,0.000000,0.899395,0.000000,,2026-04-20,2026-06-24,11,107,71,66,0.166667,,,0.000000,,,,,,,,GLOBAL_BASELINE_NO_ENTITY_RANKING,,,NOT_APPLICABLE_GLOBAL_BASELINE,HF9g-P5,,,,X 全窗基线 · 不参与实体赏罚,6873958,688,A168_HF9F_20260827_0900,2026-08-27 09:00:00
2026-06-24,58234144,1646,0,77.0475383310,-55.0339559506,-55.0339559506,0.2000000,5,5,0.49324550000000000,0.493245500000,-1.3115534243649334,-1.3115534243649334,-1.3115534243649334,0E-17,ELIGIBLE,R03b_20260811_FULL_v1,L1_ELIGIBILITY,v2026-08-11,2026-03-21..2026-08-06,baccarat_bet02_101_all_pairs_incl_sentinel,round_win = game_pnl > 0 (decisive only),COMPATIBILITY_ONLY_NOT_PRODUCTION,4992.1079,4489.8755,168.3291,250,250,-0.03371904,,-0.03371904,-0.03371904,-168.3291,4992.1079,OK,0.0000,6.7332,4.0000,96.0000,AG03-UNRESOLVED,ALL5_LEVELS_bet23_to_bet27,6.7332,6.7332,6.7332,8.4165,8.4165,4.000000,4.000000,4.000000,5.000000,5.000000,96.000000,96.000000,96.000000,95.000000,95.000000,5.0,37.0324,33.9227,131.2967,134.4065,PENDING_AG03,FALSE,NOT_FOR_ENFORCEMENT,161.5959,4310.2804,168.3291,161.5959,6.7332,0.03371904,0.03237028,6.7332,161.5959,0.03237028,6.7332,6.7332,6.7332,8.4165,8.4165,161.5959,0.03237028,37.0324,33.9227,131.2967,134.4065,0.02630085,0.02692379,0.00134876,19.9684,17.9595,0.6733,15.3026,1.5732,453.8280,22.7273,,19.9684,11.0068,14.3088,22.2988,34.0855,45.4473,56.8091,11.0068,0.0,3.176173,3.970216,1.395532,18,84,10,3,0E-8,0.03371904,,0E-8,0.000000,0.899395,0.000000,,2026-04-20,2026-06-24,11,107,71,66,0.166667,,,0.000000,,,,,,,,GLOBAL_BASELINE_NO_ENTITY_RANKING,,,NOT_APPLICABLE_GLOBAL_BASELINE,HF9g-P5,,,,X 全窗基线 · 不参与实体赏罚,6873959,688,A168_HF9F_20260827_0900,2026-08-27 09:00:00
2026-06-24,58234144,1957,0,22.0135823803,22.0135823803,22.0135823803,1.0000000,1,1,0.49324550000000000,0.493245500000,1.01360149184955,1.01360149184955,1.01360149184955,0E-17,ELIGIBLE,R03b_20260811_FULL_v1,L1_ELIGIBILITY,v2026-08-11,2026-03-21..2026-08-06,baccarat_bet02_101_all_pairs_incl_sentinel,round_win = game_pnl > 0 (decisive only),COMPATIBILITY_ONLY_NOT_PRODUCTION,4992.1079,4489.8755,168.3291,250,250,-0.03371904,,-0.03371904,-0.03371904,-168.3291,4992.1079,OK,0.0000,6.7332,4.0000,96.0000,AG03-UNRESOLVED,ALL5_LEVELS_bet23_to_bet27,6.7332,6.7332,6.7332,8.4165,8.4165,4.000000,4.000000,4.000000,5.000000,5.000000,96.000000,96.000000,96.000000,95.000000,95.000000,5.0,37.0324,33.9227,131.2967,134.4065,PENDING_AG03,FALSE,NOT_FOR_ENFORCEMENT,161.5959,4310.2804,168.3291,161.5959,6.7332,0.03371904,0.03237028,6.7332,161.5959,0.03237028,6.7332,6.7332,6.7332,8.4165,8.4165,161.5959,0.03237028,37.0324,33.9227,131.2967,134.4065,0.02630085,0.02692379,0.00134876,19.9684,17.9595,0.6733,15.3026,1.5732,453.8280,22.7273,,19.9684,11.0068,14.3088,22.2988,34.0855,45.4473,56.8091,11.0068,0.0,3.176173,3.970216,1.395532,18,84,10,3,0E-8,0.03371904,,0E-8,0.000000,0.899395,0.000000,,2026-04-20,2026-06-24,11,107,71,66,0.166667,,,0.000000,,,,,,,,GLOBAL_BASELINE_NO_ENTITY_RANKING,,,NOT_APPLICABLE_GLOBAL_BASELINE,HF9g-P5,,,,X 全窗基线 · 不参与实体赏罚,6873960,688,A168_HF9F_20260827_0900,2026-08-27 09:00:00
2026-06-24,58234144,2093,0,16.5101867852,16.5101867852,16.5101867852,1.0000000,1,1,0.49324550000000000,0.493245500000,1.01360149184955,1.01360149184955,1.01360149184955,0E-17,ELIGIBLE,R03b_20260811_FULL_v1,L1_ELIGIBILITY,v2026-08-11,2026-03-21..2026-08-06,baccarat_bet02_101_all_pairs_incl_sentinel,round_win = game_pnl > 0 (decisive only),COMPATIBILITY_ONLY_NOT_PRODUCTION,4992.1079,4489.8755,168.3291,250,250,-0.03371904,,-0.03371904,-0.03371904,-168.3291,4992.1079,OK,0.0000,6.7332,4.0000,96.0000,AG03-UNRESOLVED,ALL5_LEVELS_bet23_to_bet27,6.7332,6.7332,6.7332,8.4165,8.4165,4.000000,4.000000,4.000000,5.000000,5.000000,96.000000,96.000000,96.000000,95.000000,95.000000,5.0,37.0324,33.9227,131.2967,134.4065,PENDING_AG03,FALSE,NOT_FOR_ENFORCEMENT,161.5959,4310.2804,168.3291,161.5959,6.7332,0.03371904,0.03237028,6.7332,161.5959,0.03237028,6.7332,6.7332,6.7332,8.4165,8.4165,161.5959,0.03237028,37.0324,33.9227,131.2967,134.4065,0.02630085,0.02692379,0.00134876,19.9684,17.9595,0.6733,15.3026,1.5732,453.8280,22.7273,,19.9684,11.0068,14.3088,22.2988,34.0855,45.4473,56.8091,11.0068,0.0,3.176173,3.970216,1.395532,18,84,10,3,0E-8,0.03371904,,0E-8,0.000000,0.899395,0.000000,,2026-04-20,2026-06-24,11,107,71,66,0.166667,,,0.000000,,,,,,,,GLOBAL_BASELINE_NO_ENTITY_RANKING,,,NOT_APPLICABLE_GLOBAL_BASELINE,HF9g-P5,,,,X 全窗基线 · 不参与实体赏罚,6873961,688,A168_HF9F_20260827_0900,2026-08-27 09:00:00
2026-06-24,58234144,2145,0,11.0067911902,11.0067911902,11.0067911902,1.0000000,1,1,0.49324550000000000,0.493245500000,1.01360149184955,1.01360149184955,1.01360149184955,0E-17,ELIGIBLE,R03b_20260811_FULL_v1,L1_ELIGIBILITY,v2026-08-11,2026-03-21..2026-08-06,baccarat_bet02_101_all_pairs_incl_sentinel,round_win = game_pnl > 0 (decisive only),COMPATIBILITY_ONLY_NOT_PRODUCTION,4992.1079,4489.8755,168.3291,250,250,-0.03371904,,-0.03371904,-0.03371904,-168.3291,4992.1079,OK,0.0000,6.7332,4.0000,96.0000,AG03-UNRESOLVED,ALL5_LEVELS_bet23_to_bet27,6.7332,6.7332,6.7332,8.4165,8.4165,4.000000,4.000000,4.000000,5.000000,5.000000,96.000000,96.000000,96.000000,95.000000,95.000000,5.0,37.0324,33.9227,131.2967,134.4065,PENDING_AG03,FALSE,NOT_FOR_ENFORCEMENT,161.5959,4310.2804,168.3291,161.5959,6.7332,0.03371904,0.03237028,6.7332,161.5959,0.03237028,6.7332,6.7332,6.7332,8.4165,8.4165,161.5959,0.03237028,37.0324,33.9227,131.2967,134.4065,0.02630085,0.02692379,0.00134876,19.9684,17.9595,0.6733,15.3026,1.5732,453.8280,22.7273,,19.9684,11.0068,14.3088,22.2988,34.0855,45.4473,56.8091,11.0068,0.0,3.176173,3.970216,1.395532,18,84,10,3,0E-8,0.03371904,,0E-8,0.000000,0.899395,0.000000,,2026-04-20,2026-06-24,11,107,71,66,0.166667,,,0.000000,,,,,,,,GLOBAL_BASELINE_NO_ENTITY_RANKING,,,NOT_APPLICABLE_GLOBAL_BASELINE,HF9g-P5,,,,X 全窗基线 · 不参与实体赏罚,6873962,688,A168_HF9F_20260827_0900,2026-08-27 09:00:00
2026-06-24,58234144,752,0,33.0203735705,-33.0203735705,-33.0203735705,0E-7,1,1,0.49324550000000000,0.493245500000,-0.9865810262130424,-0.9865810262130424,-0.9865810262130424,0E-17,ELIGIBLE,R03b_20260811_FULL_v1,L1_ELIGIBILITY,v2026-08-11,2026-03-21..2026-08-06,baccarat_bet02_101_all_pairs_incl_sentinel,round_win = game_pnl > 0 (decisive only),COMPATIBILITY_ONLY_NOT_PRODUCTION,4992.1079,4489.8755,168.3291,250,250,-0.03371904,,-0.03371904,-0.03371904,-168.3291,4992.1079,OK,0.0000,6.7332,4.0000,96.0000,AG03-UNRESOLVED,ALL5_LEVELS_bet23_to_bet27,6.7332,6.7332,6.7332,8.4165,8.4165,4.000000,4.000000,4.000000,5.000000,5.000000,96.000000,96.000000,96.000000,95.000000,95.000000,5.0,37.0324,33.9227,131.2967,134.4065,PENDING_AG03,FALSE,NOT_FOR_ENFORCEMENT,161.5959,4310.2804,168.3291,161.5959,6.7332,0.03371904,0.03237028,6.7332,161.5959,0.03237028,6.7332,6.7332,6.7332,8.4165,8.4165,161.5959,0.03237028,37.0324,33.9227,131.2967,134.4065,0.02630085,0.02692379,0.00134876,19.9684,17.9595,0.6733,15.3026,1.5732,453.8280,22.7273,,19.9684,11.0068,14.3088,22.2988,34.0855,45.4473,56.8091,11.0068,0.0,3.176173,3.970216,1.395532,18,84,10,3,0E-8,0.03371904,,0E-8,0.000000,0.899395,0.000000,,2026-04-20,2026-06-24,11,107,71,66,0.166667,,,0.000000,,,,,,,,GLOBAL_BASELINE_NO_ENTITY_RANKING,,,NOT_APPLICABLE_GLOBAL_BASELINE,HF9g-P5,,,,X 全窗基线 · 不参与实体赏罚,6873963,688,A168_HF9F_20260827_0900,2026-08-27 09:00:00
2026-04-13,142095413,-1,1,30.3641075308,28.8459021543,28.8459021543,1.0000000,1,1,0.50665070000000000,0.506650700000,0.9867858985152569,0.9867858985152569,0.9867858985152569,0E-17,SENTINEL_DEALER,R03b_20260811_FULL_v1,L1_ELIGIBILITY,v2026-08-11,2026-03-21..2026-08-06,baccarat_bet02_101_all_pairs_incl_sentinel,round_win = game_pnl > 0 (decisive only),COMPATIBILITY_ONLY_NOT_PRODUCTION,283.8947,245.1680,168.3374,9,9,-0.59295712,-0.77774949,0.95000000,-0.59295712,-168.3374,283.8947,THIN_EXPOSURE,0.0000,6.7335,4.0000,96.0000,AG03-UNRESOLVED,ALL5_LEVELS_bet23_to_bet27,6.7335,6.7335,8.4169,8.4169,8.4169,4.000000,4.000000,5.000000,5.000000,5.000000,96.000000,96.000000,95.000000,95.000000,95.000000,5.0,38.7176,35.3245,129.6198,133.0129,PENDING_AG03,FALSE,NOT_FOR_ENFORCEMENT,161.6039,235.3613,168.3374,161.6039,6.7335,0.59295712,0.56923884,6.7335,161.6039,0.56923884,6.7335,6.7335,8.4169,8.4169,8.4169,161.6039,0.56923884,38.7176,35.3245,129.6198,133.0129,0.45657699,0.4685291,0.02371828,31.5439,27.2409,18.7042,33.6675,21.0422,56.7789,1.8000,31.6913,30.3641,26.915,30.9813,38.7267,46.472,51.6356,51.6356,30.3641,-30.2068,1.666667,1.666667,1.018157,8,7,3,1,0.89304447,0.59295712,0.77774949,0E-8,0.000000,0.863588,0.000000,-1.72774949,2026-04-13,2026-07-21,5,8,8,100,0.050000,1.043710,1.004675,2.976815,,,,,,,,GLOBAL_BASELINE_NO_ENTITY_RANKING,,,NOT_APPLICABLE_GLOBAL_BASELINE,HF9g-P5,,,,X 全窗基线 · 不参与实体赏罚,6873964,688,A168_HF9F_20260827_0900,2026-08-27 09:00:00
2026-07-11,142095413,1942,0,51.6355562440,-51.6355562440,-51.6355562440,0E-7,1,1,0.50665070000000000,0.506650700000,-1.013391052207602,-1.013391052207602,-1.013391052207602,0E-17,ELIGIBLE,R03b_20260811_FULL_v1,L1_ELIGIBILITY,v2026-08-11,2026-03-21..2026-08-06,baccarat_bet02_101_all_pairs_incl_sentinel,round_win = game_pnl > 0 (decisive only),COMPATIBILITY_ONLY_NOT_PRODUCTION,283.8947,245.1680,168.3374,9,9,-0.59295712,-0.77774949,0.95000000,-0.59295712,-168.3374,283.8947,THIN_EXPOSURE,0.0000,6.7335,4.0000,96.0000,AG03-UNRESOLVED,ALL5_LEVELS_bet23_to_bet27,6.7335,6.7335,8.4169,8.4169,8.4169,4.000000,4.000000,5.000000,5.000000,5.000000,96.000000,96.000000,95.000000,95.000000,95.000000,5.0,38.7176,35.3245,129.6198,133.0129,PENDING_AG03,FALSE,NOT_FOR_ENFORCEMENT,161.6039,235.3613,168.3374,161.6039,6.7335,0.59295712,0.56923884,6.7335,161.6039,0.56923884,6.7335,6.7335,8.4169,8.4169,8.4169,161.6039,0.56923884,38.7176,35.3245,129.6198,133.0129,0.45657699,0.4685291,0.02371828,31.5439,27.2409,18.7042,33.6675,21.0422,56.7789,1.8000,31.6913,30.3641,26.915,30.9813,38.7267,46.472,51.6356,51.6356,30.3641,-30.2068,1.666667,1.666667,1.018157,8,7,3,1,0.89304447,0.59295712,0.77774949,0E-8,0.000000,0.863588,0.000000,-1.72774949,2026-04-13,2026-07-21,5,8,8,100,0.050000,1.043710,1.004675,2.976815,,,,,,,,GLOBAL_BASELINE_NO_ENTITY_RANKING,,,NOT_APPLICABLE_GLOBAL_BASELINE,HF9g-P5,,,,X 全窗基线 · 不参与实体赏罚,6873965,688,A168_HF9F_20260827_0900,2026-08-27 09:00:00
2026-07-11,142095413,2201,0,30.2068004028,-30.2068004028,-30.2068004028,0E-7,1,1,0.50665070000000000,0.506650700000,-1.013391052207602,-1.013391052207602,-1.013391052207602,0E-17,ELIGIBLE,R03b_20260811_FULL_v1,L1_ELIGIBILITY,v2026-08-11,2026-03-21..2026-08-06,baccarat_bet02_101_all_pairs_incl_sentinel,round_win = game_pnl > 0 (decisive only),COMPATIBILITY_ONLY_NOT_PRODUCTION,283.8947,245.1680,168.3374,9,9,-0.59295712,-0.77774949,0.95000000,-0.59295712,-168.3374,283.8947,THIN_EXPOSURE,0.0000,6.7335,4.0000,96.0000,AG03-UNRESOLVED,ALL5_LEVELS_bet23_to_bet27,6.7335,6.7335,8.4169,8.4169,8.4169,4.000000,4.000000,5.000000,5.000000,5.000000,96.000000,96.000000,95.000000,95.000000,95.000000,5.0,38.7176,35.3245,129.6198,133.0129,PENDING_AG03,FALSE,NOT_FOR_ENFORCEMENT,161.6039,235.3613,168.3374,161.6039,6.7335,0.59295712,0.56923884,6.7335,161.6039,0.56923884,6.7335,6.7335,8.4169,8.4169,8.4169,161.6039,0.56923884,38.7176,35.3245,129.6198,133.0129,0.45657699,0.4685291,0.02371828,31.5439,27.2409,18.7042,33.6675,21.0422,56.7789,1.8000,31.6913,30.3641,26.915,30.9813,38.7267,46.472,51.6356,51.6356,30.3641,-30.2068,1.666667,1.666667,1.018157,8,7,3,1,0.89304447,0.59295712,0.77774949,0E-8,0.000000,0.863588,0.000000,-1.72774949,2026-04-13,2026-07-21,5,8,8,100,0.050000,1.043710,1.004675,2.976815,,,,,,,,GLOBAL_BASELINE_NO_ENTITY_RANKING,,,NOT_APPLICABLE_GLOBAL_BASELINE,HF9g-P5,,,,X 全窗基线 · 不参与实体赏罚,6873966,688,A168_HF9F_20260827_0900,2026-08-27 09:00:00
2026-07-12,142095413,529,0,9.0362223427,8.5844112256,8.5844112256,1.0000000,1,1,0.50665070000000000,0.506650700000,0.9867858985152569,0.9867858985152569,0.9867858985152569,0E-17,ELIGIBLE,R03b_20260811_FULL_v1,L1_ELIGIBILITY,v2026-08-11,2026-03-21..2026-08-06,baccarat_bet02_101_all_pairs_incl_sentinel,round_win = game_pnl > 0 (decisive only),COMPATIBILITY_ONLY_NOT_PRODUCTION,283.8947,245.1680,168.3374,9,9,-0.59295712,-0.77774949,0.95000000,-0.59295712,-168.3374,283.8947,THIN_EXPOSURE,0.0000,6.7335,4.0000,96.0000,AG03-UNRESOLVED,ALL5_LEVELS_bet23_to_bet27,6.7335,6.7335,8.4169,8.4169,8.4169,4.000000,4.000000,5.000000,5.000000,5.000000,96.000000,96.000000,95.000000,95.000000,95.000000,5.0,38.7176,35.3245,129.6198,133.0129,PENDING_AG03,FALSE,NOT_FOR_ENFORCEMENT,161.6039,235.3613,168.3374,161.6039,6.7335,0.59295712,0.56923884,6.7335,161.6039,0.56923884,6.7335,6.7335,8.4169,8.4169,8.4169,161.6039,0.56923884,38.7176,35.3245,129.6198,133.0129,0.45657699,0.4685291,0.02371828,31.5439,27.2409,18.7042,33.6675,21.0422,56.7789,1.8000,31.6913,30.3641,26.915,30.9813,38.7267,46.472,51.6356,51.6356,30.3641,-30.2068,1.666667,1.666667,1.018157,8,7,3,1,0.89304447,0.59295712,0.77774949,0E-8,0.000000,0.863588,0.000000,-1.72774949,2026-04-13,2026-07-21,5,8,8,100,0.050000,1.043710,1.004675,2.976815,,,,,,,,GLOBAL_BASELINE_NO_ENTITY_RANKING,,,NOT_APPLICABLE_GLOBAL_BASELINE,HF9g-P5,,,,X 全窗基线 · 不参与实体赏罚,6873967,688,A168_HF9F_20260827_0900,2026-08-27 09:00:00
2026-07-19,142095413,-1,1,75.9042676787,-37.1776004957,-37.1776004957,0E-7,2,2,0.50665070000000000,0.506650700000,-1.013391052207602,-1.013391052207602,-1.013391052207602,0E-17,SENTINEL_DEALER,R03b_20260811_FULL_v1,L1_ELIGIBILITY,v2026-08-11,2026-03-21..2026-08-06,baccarat_bet02_101_all_pairs_incl_sentinel,round_win = game_pnl > 0 (decisive only),COMPATIBILITY_ONLY_NOT_PRODUCTION,283.8947,245.1680,168.3374,9,9,-0.59295712,-0.77774949,0.95000000,-0.59295712,-168.3374,283.8947,THIN_EXPOSURE,0.0000,6.7335,4.0000,96.0000,AG03-UNRESOLVED,ALL5_LEVELS_bet23_to_bet27,6.7335,6.7335,8.4169,8.4169,8.4169,4.000000,4.000000,5.000000,5.000000,5.000000,96.000000,96.000000,95.000000,95.000000,95.000000,5.0,38.7176,35.3245,129.6198,133.0129,PENDING_AG03,FALSE,NOT_FOR_ENFORCEMENT,161.6039,235.3613,168.3374,161.6039,6.7335,0.59295712,0.56923884,6.7335,161.6039,0.56923884,6.7335,6.7335,8.4169,8.4169,8.4169,161.6039,0.56923884,38.7176,35.3245,129.6198,133.0129,0.45657699,0.4685291,0.02371828,31.5439,27.2409,18.7042,33.6675,21.0422,56.7789,1.8000,31.6913,30.3641,26.915,30.9813,38.7267,46.472,51.6356,51.6356,30.3641,-30.2068,1.666667,1.666667,1.018157,8,7,3,1,0.89304447,0.59295712,0.77774949,0E-8,0.000000,0.863588,0.000000,-1.72774949,2026-04-13,2026-07-21,5,8,8,100,0.050000,1.043710,1.004675,2.976815,,,,,,,,GLOBAL_BASELINE_NO_ENTITY_RANKING,,,NOT_APPLICABLE_GLOBAL_BASELINE,HF9g-P5,,,,X 全窗基线 · 不参与实体赏罚,6873968,688,A168_HF9F_20260827_0900,2026-08-27 09:00:00
2026-07-19,142095413,1363,0,38.7266671830,-38.7266671830,-38.7266671830,0E-7,1,1,0.50665070000000000,0.506650700000,-1.013391052207602,-1.013391052207602,-1.013391052207602,0E-17,ELIGIBLE,R03b_20260811_FULL_v1,L1_ELIGIBILITY,v2026-08-11,2026-03-21..2026-08-06,baccarat_bet02_101_all_pairs_incl_sentinel,round_win = game_pnl > 0 (decisive only),COMPATIBILITY_ONLY_NOT_PRODUCTION,283.8947,245.1680,168.3374,9,9,-0.59295712,-0.77774949,0.95000000,-0.59295712,-168.3374,283.8947,THIN_EXPOSURE,0.0000,6.7335,4.0000,96.0000,AG03-UNRESOLVED,ALL5_LEVELS_bet23_to_bet27,6.7335,6.7335,8.4169,8.4169,8.4169,4.000000,4.000000,5.000000,5.000000,5.000000,96.000000,96.000000,95.000000,95.000000,95.000000,5.0,38.7176,35.3245,129.6198,133.0129,PENDING_AG03,FALSE,NOT_FOR_ENFORCEMENT,161.6039,235.3613,168.3374,161.6039,6.7335,0.59295712,0.56923884,6.7335,161.6039,0.56923884,6.7335,6.7335,8.4169,8.4169,8.4169,161.6039,0.56923884,38.7176,35.3245,129.6198,133.0129,0.45657699,0.4685291,0.02371828,31.5439,27.2409,18.7042,33.6675,21.0422,56.7789,1.8000,31.6913,30.3641,26.915,30.9813,38.7267,46.472,51.6356,51.6356,30.3641,-30.2068,1.666667,1.666667,1.018157,8,7,3,1,0.89304447,0.59295712,0.77774949,0E-8,0.000000,0.863588,0.000000,-1.72774949,2026-04-13,2026-07-21,5,8,8,100,0.050000,1.043710,1.004675,2.976815,,,,,,,,GLOBAL_BASELINE_NO_ENTITY_RANKING,,,NOT_APPLICABLE_GLOBAL_BASELINE,HF9g-P5,,,,X 全窗基线 · 不参与实体赏罚,6873969,688,A168_HF9F_20260827_0900,2026-08-27 09:00:00
2026-07-21,142095413,2103,0,30.9813337464,-30.9813337464,-30.9813337464,0E-7,1,1,0.50665070000000000,0.506650700000,-1.013391052207602,-1.013391052207602,-1.013391052207602,0E-17,ELIGIBLE,R03b_20260811_FULL_v1,L1_ELIGIBILITY,v2026-08-11,2026-03-21..2026-08-06,baccarat_bet02_101_all_pairs_incl_sentinel,round_win = game_pnl > 0 (decisive only),COMPATIBILITY_ONLY_NOT_PRODUCTION,283.8947,245.1680,168.3374,9,9,-0.59295712,-0.77774949,0.95000000,-0.59295712,-168.3374,283.8947,THIN_EXPOSURE,0.0000,6.7335,4.0000,96.0000,AG03-UNRESOLVED,ALL5_LEVELS_bet23_to_bet27,6.7335,6.7335,8.4169,8.4169,8.4169,4.000000,4.000000,5.000000,5.000000,5.000000,96.000000,96.000000,95.000000,95.000000,95.000000,5.0,38.7176,35.3245,129.6198,133.0129,PENDING_AG03,FALSE,NOT_FOR_ENFORCEMENT,161.6039,235.3613,168.3374,161.6039,6.7335,0.59295712,0.56923884,6.7335,161.6039,0.56923884,6.7335,6.7335,8.4169,8.4169,8.4169,161.6039,0.56923884,38.7176,35.3245,129.6198,133.0129,0.45657699,0.4685291,0.02371828,31.5439,27.2409,18.7042,33.6675,21.0422,56.7789,1.8000,31.6913,30.3641,26.915,30.9813,38.7267,46.472,51.6356,51.6356,30.3641,-30.2068,1.666667,1.666667,1.018157,8,7,3,1,0.89304447,0.59295712,0.77774949,0E-8,0.000000,0.863588,0.000000,-1.72774949,2026-04-13,2026-07-21,5,8,8,100,0.050000,1.043710,1.004675,2.976815,,,,,,,,GLOBAL_BASELINE_NO_ENTITY_RANKING,,,NOT_APPLICABLE_GLOBAL_BASELINE,HF9g-P5,,,,X 全窗基线 · 不参与实体赏罚,6873970,688,A168_HF9F_20260827_0900,2026-08-27 09:00:00
2026-07-21,142095413,2169,0,17.0397335605,-17.0397335605,-17.0397335605,0E-7,1,1,0.50665070000000000,0.506650700000,-1.013391052207602,-1.013391052207602,-1.013391052207602,0E-17,ELIGIBLE,R03b_20260811_FULL_v1,L1_ELIGIBILITY,v2026-08-11,2026-03-21..2026-08-06,baccarat_bet02_101_all_pairs_incl_sentinel,round_win = game_pnl > 0 (decisive only),COMPATIBILITY_ONLY_NOT_PRODUCTION,283.8947,245.1680,168.3374,9,9,-0.59295712,-0.77774949,0.95000000,-0.59295712,-168.3374,283.8947,THIN_EXPOSURE,0.0000,6.7335,4.0000,96.0000,AG03-UNRESOLVED,ALL5_LEVELS_bet23_to_bet27,6.7335,6.7335,8.4169,8.4169,8.4169,4.000000,4.000000,5.000000,5.000000,5.000000,96.000000,96.000000,95.000000,95.000000,95.000000,5.0,38.7176,35.3245,129.6198,133.0129,PENDING_AG03,FALSE,NOT_FOR_ENFORCEMENT,161.6039,235.3613,168.3374,161.6039,6.7335,0.59295712,0.56923884,6.7335,161.6039,0.56923884,6.7335,6.7335,8.4169,8.4169,8.4169,161.6039,0.56923884,38.7176,35.3245,129.6198,133.0129,0.45657699,0.4685291,0.02371828,31.5439,27.2409,18.7042,33.6675,21.0422,56.7789,1.8000,31.6913,30.3641,26.915,30.9813,38.7267,46.472,51.6356,51.6356,30.3641,-30.2068,1.666667,1.666667,1.018157,8,7,3,1,0.89304447,0.59295712,0.77774949,0E-8,0.000000,0.863588,0.000000,-1.72774949,2026-04-13,2026-07-21,5,8,8,100,0.050000,1.043710,1.004675,2.976815,,,,,,,,GLOBAL_BASELINE_NO_ENTITY_RANKING,,,NOT_APPLICABLE_GLOBAL_BASELINE,HF9g-P5,,,,X 全窗基线 · 不参与实体赏罚,6873971,688,A168_HF9F_20260827_0900,2026-08-27 09:00:00
2026-03-23,146807810,1291,0,305.9248173260,-170.2394576994,-170.2394576994,0.1818182,37,11,0.17513088409090909,0.175130884091,0.058354333063040484,0.05835433306223526,0.058354333063040484,-9.091E-14,ELIGIBLE,R03b_20260811_FULL_v1,L1_ELIGIBILITY,v2026-08-11,2026-03-21..2026-08-06,baccarat_bet02_101_all_pairs_incl_sentinel,round_win = game_pnl > 0 (decisive only),COMPATIBILITY_ONLY_NOT_PRODUCTION,511.7260,498.5206,168.3378,110,43,-0.32896072,-0.33333333,-0.32885463,-0.32896072,-168.3378,511.7260,OK,0.0000,6.7335,4.0000,96.0000,AG03-UNRESOLVED,ALL5_LEVELS_bet23_to_bet27,6.7335,6.7335,6.7335,10.1003,10.1003,4.000000,4.000000,4.000000,6.000000,6.000000,96.000000,96.000000,96.000000,94.000000,94.000000,5.0,40.4011,36.7393,127.9367,131.5985,PENDING_AG03,FALSE,NOT_FOR_ENFORCEMENT,161.6043,478.5798,168.3378,161.6043,6.7335,0.32896072,0.31580229,6.7335,161.6043,0.31580229,6.7335,6.7335,6.7335,10.1003,10.1003,161.6043,0.31580229,40.4011,36.7393,127.9367,131.5985,0.25001015,0.25716594,0.01315843,4.6521,11.5935,3.9148,56.1126,33.6676,170.5753,14.3333,2.0204,4.8039,2.2009,4.4018,4.4018,11.0045,11.0045,11.0045,3.3013,-2.2009,2.5,2.5,1.056854,4,6,3,8,0.02368883,0.32896072,0.33333333,0E-8,0.000000,0.974194,0.000000,-0.00447871,2026-03-23,2026-07-31,3,5,5,131,0.022901,0.420569,0.434295,0.078963,,,,,,,,GLOBAL_BASELINE_NO_ENTITY_RANKING,,,NOT_APPLICABLE_GLOBAL_BASELINE,HF9g-P5,,,,X 全窗基线 · 不参与实体赏罚,6873972,688,A168_HF9F_20260827_0900,2026-08-27 09:00:00
2026-03-23,146807810,1951,0,72.6296328896,23.9897878338,23.9897878338,0.4000000,17,5,0.21458633761893395,0.210208258333,1.0098955881182659,1.0415524199195219,1.0098955881182659,0.00437807928593395,ELIGIBLE,R03b_20260811_FULL_v1,L1_ELIGIBILITY,v2026-08-11,2026-03-21..2026-08-06,baccarat_bet02_101_all_pairs_incl_sentinel,round_win = game_pnl > 0 (decisive only),COMPATIBILITY_ONLY_NOT_PRODUCTION,511.7260,498.5206,168.3378,110,43,-0.32896072,-0.33333333,-0.32885463,-0.32896072,-168.3378,511.7260,OK,0.0000,6.7335,4.0000,96.0000,AG03-UNRESOLVED,ALL5_LEVELS_bet23_to_bet27,6.7335,6.7335,6.7335,10.1003,10.1003,4.000000,4.000000,4.000000,6.000000,6.000000,96.000000,96.000000,96.000000,94.000000,94.000000,5.0,40.4011,36.7393,127.9367,131.5985,PENDING_AG03,FALSE,NOT_FOR_ENFORCEMENT,161.6043,478.5798,168.3378,161.6043,6.7335,0.32896072,0.31580229,6.7335,161.6043,0.31580229,6.7335,6.7335,6.7335,10.1003,10.1003,161.6043,0.31580229,40.4011,36.7393,127.9367,131.5985,0.25001015,0.25716594,0.01315843,4.6521,11.5935,3.9148,56.1126,33.6676,170.5753,14.3333,2.0204,4.8039,2.2009,4.4018,4.4018,11.0045,11.0045,11.0045,3.3013,-2.2009,2.5,2.5,1.056854,4,6,3,8,0.02368883,0.32896072,0.33333333,0E-8,0.000000,0.974194,0.000000,-0.00447871,2026-03-23,2026-07-31,3,5,5,131,0.022901,0.420569,0.434295,0.078963,,,,,,,,GLOBAL_BASELINE_NO_ENTITY_RANKING,,,NOT_APPLICABLE_GLOBAL_BASELINE,HF9g-P5,,,,X 全窗基线 · 不参与实体赏罚,6873973,688,A168_HF9F_20260827_0900,2026-08-27 09:00:00
2026-03-30,146807810,1323,0,63.8260410251,-26.4107755965,-26.4107755965,0.1000000,24,11,0.31117114242424242,0.311171142424,-1.4423785184960447,-1.442378518494697,-1.4423785184960447,2.4242E-13,ELIGIBLE,R03b_20260811_FULL_v1,L1_ELIGIBILITY,v2026-08-11,2026-03-21..2026-08-06,baccarat_bet02_101_all_pairs_incl_sentinel,round_win = game_pnl > 0 (decisive only),COMPATIBILITY_ONLY_NOT_PRODUCTION,511.7260,498.5206,168.3378,110,43,-0.32896072,-0.33333333,-0.32885463,-0.32896072,-168.3378,511.7260,OK,0.0000,6.7335,4.0000,96.0000,AG03-UNRESOLVED,ALL5_LEVELS_bet23_to_bet27,6.7335,6.7335,6.7335,10.1003,10.1003,4.000000,4.000000,4.000000,6.000000,6.000000,96.000000,96.000000,96.000000,94.000000,94.000000,5.0,40.4011,36.7393,127.9367,131.5985,PENDING_AG03,FALSE,NOT_FOR_ENFORCEMENT,161.6043,478.5798,168.3378,161.6043,6.7335,0.32896072,0.31580229,6.7335,161.6043,0.31580229,6.7335,6.7335,6.7335,10.1003,10.1003,161.6043,0.31580229,40.4011,36.7393,127.9367,131.5985,0.25001015,0.25716594,0.01315843,4.6521,11.5935,3.9148,56.1126,33.6676,170.5753,14.3333,2.0204,4.8039,2.2009,4.4018,4.4018,11.0045,11.0045,11.0045,3.3013,-2.2009,2.5,2.5,1.056854,4,6,3,8,0.02368883,0.32896072,0.33333333,0E-8,0.000000,0.974194,0.000000,-0.00447871,2026-03-23,2026-07-31,3,5,5,131,0.022901,0.420569,0.434295,0.078963,,,,,,,,GLOBAL_BASELINE_NO_ENTITY_RANKING,,,NOT_APPLICABLE_GLOBAL_BASELINE,HF9g-P5,,,,X 全窗基线 · 不参与实体赏罚,6873974,688,A168_HF9F_20260827_0900,2026-08-27 09:00:00
2026-03-30,146807810,471,0,37.4152654288,23.8797429351,23.8797429351,0.5000000,17,9,0.31890045277777778,0.318900452778,1.099080478872077,1.0990804788705246,1.099080478872077,-2.2222E-13,ELIGIBLE,R03b_20260811_FULL_v1,L1_ELIGIBILITY,v2026-08-11,2026-03-21..2026-08-06,baccarat_bet02_101_all_pairs_incl_sentinel,round_win = game_pnl > 0 (decisive only),COMPATIBILITY_ONLY_NOT_PRODUCTION,511.7260,498.5206,168.3378,110,43,-0.32896072,-0.33333333,-0.32885463,-0.32896072,-168.3378,511.7260,OK,0.0000,6.7335,4.0000,96.0000,AG03-UNRESOLVED,ALL5_LEVELS_bet23_to_bet27,6.7335,6.7335,6.7335,10.1003,10.1003,4.000000,4.000000,4.000000,6.000000,6.000000,96.000000,96.000000,96.000000,94.000000,94.000000,5.0,40.4011,36.7393,127.9367,131.5985,PENDING_AG03,FALSE,NOT_FOR_ENFORCEMENT,161.6043,478.5798,168.3378,161.6043,6.7335,0.32896072,0.31580229,6.7335,161.6043,0.31580229,6.7335,6.7335,6.7335,10.1003,10.1003,161.6043,0.31580229,40.4011,36.7393,127.9367,131.5985,0.25001015,0.25716594,0.01315843,4.6521,11.5935,3.9148,56.1126,33.6676,170.5753,14.3333,2.0204,4.8039,2.2009,4.4018,4.4018,11.0045,11.0045,11.0045,3.3013,-2.2009,2.5,2.5,1.056854,4,6,3,8,0.02368883,0.32896072,0.33333333,0E-8,0.000000,0.974194,0.000000,-0.00447871,2026-03-23,2026-07-31,3,5,5,131,0.022901,0.420569,0.434295,0.078963,,,,,,,,GLOBAL_BASELINE_NO_ENTITY_RANKING,,,NOT_APPLICABLE_GLOBAL_BASELINE,HF9g-P5,,,,X 全窗基线 · 不参与实体赏罚,6873975,688,A168_HF9F_20260827_0900,2026-08-27 09:00:00
2026-03-30,146807810,994,0,19.8080816976,-15.5163306631,-15.5163306631,0E-7,9,4,0.25115557916666667,0.251155579167,-1.1582588078425728,-1.1582588078435991,-1.1582588078425728,-3.3333E-13,ELIGIBLE,R03b_20260811_FULL_v1,L1_ELIGIBILITY,v2026-08-11,2026-03-21..2026-08-06,baccarat_bet02_101_all_pairs_incl_sentinel,round_win = game_pnl > 0 (decisive only),COMPATIBILITY_ONLY_NOT_PRODUCTION,511.7260,498.5206,168.3378,110,43,-0.32896072,-0.33333333,-0.32885463,-0.32896072,-168.3378,511.7260,OK,0.0000,6.7335,4.0000,96.0000,AG03-UNRESOLVED,ALL5_LEVELS_bet23_to_bet27,6.7335,6.7335,6.7335,10.1003,10.1003,4.000000,4.000000,4.000000,6.000000,6.000000,96.000000,96.000000,96.000000,94.000000,94.000000,5.0,40.4011,36.7393,127.9367,131.5985,PENDING_AG03,FALSE,NOT_FOR_ENFORCEMENT,161.6043,478.5798,168.3378,161.6043,6.7335,0.32896072,0.31580229,6.7335,161.6043,0.31580229,6.7335,6.7335,6.7335,10.1003,10.1003,161.6043,0.31580229,40.4011,36.7393,127.9367,131.5985,0.25001015,0.25716594,0.01315843,4.6521,11.5935,3.9148,56.1126,33.6676,170.5753,14.3333,2.0204,4.8039,2.2009,4.4018,4.4018,11.0045,11.0045,11.0045,3.3013,-2.2009,2.5,2.5,1.056854,4,6,3,8,0.02368883,0.32896072,0.33333333,0E-8,0.000000,0.974194,0.000000,-0.00447871,2026-03-23,2026-07-31,3,5,5,131,0.022901,0.420569,0.434295,0.078963,,,,,,,,GLOBAL_BASELINE_NO_ENTITY_RANKING,,,NOT_APPLICABLE_GLOBAL_BASELINE,HF9g-P5,,,,X 全窗基线 · 不参与实体赏罚,6873976,688,A168_HF9F_20260827_0900,2026-08-27 09:00:00
2026-07-31,146807810,1402,0,12.1221916920,-4.0407305640,-4.0407305640,0E-7,6,3,0.27695773333333333,0.276957733333,-0.6189063026634222,-0.618906302662907,-0.6189063026634222,3.3333E-13,ELIGIBLE,R03b_20260811_FULL_v1,L1_ELIGIBILITY,v2026-08-11,2026-03-21..2026-08-06,baccarat_bet02_101_all_pairs_incl_sentinel,round_win = game_pnl > 0 (decisive only),COMPATIBILITY_ONLY_NOT_PRODUCTION,511.7260,498.5206,168.3378,110,43,-0.32896072,-0.33333333,-0.32885463,-0.32896072,-168.3378,511.7260,OK,0.0000,6.7335,4.0000,96.0000,AG03-UNRESOLVED,ALL5_LEVELS_bet23_to_bet27,6.7335,6.7335,6.7335,10.1003,10.1003,4.000000,4.000000,4.000000,6.000000,6.000000,96.000000,96.000000,96.000000,94.000000,94.000000,5.0,40.4011,36.7393,127.9367,131.5985,PENDING_AG03,FALSE,NOT_FOR_ENFORCEMENT,161.6043,478.5798,168.3378,161.6043,6.7335,0.32896072,0.31580229,6.7335,161.6043,0.31580229,6.7335,6.7335,6.7335,10.1003,10.1003,161.6043,0.31580229,40.4011,36.7393,127.9367,131.5985,0.25001015,0.25716594,0.01315843,4.6521,11.5935,3.9148,56.1126,33.6676,170.5753,14.3333,2.0204,4.8039,2.2009,4.4018,4.4018,11.0045,11.0045,11.0045,3.3013,-2.2009,2.5,2.5,1.056854,4,6,3,8,0.02368883,0.32896072,0.33333333,0E-8,0.000000,0.974194,0.000000,-0.00447871,2026-03-23,2026-07-31,3,5,5,131,0.022901,0.420569,0.434295,0.078963,,,,,,,,GLOBAL_BASELINE_NO_ENTITY_RANKING,,,NOT_APPLICABLE_GLOBAL_BASELINE,HF9g-P5,,,,X 全窗基线 · 不参与实体赏罚,6873977,688,A168_HF9F_20260827_0900,2026-08-27 09:00:00
2026-04-07,148326433,1507,0,1012.3753504950,-35.3129677657,-35.3129677657,0.5000000,96,19,0.38242582071881019,0.242661210602,1.0264316611945434,2.546808118619975,1.0264316611945434,0.13976461011681019,ELIGIBLE,R03b_20260811_FULL_v1,L1_ELIGIBILITY,v2026-08-11,2026-03-21..2026-08-06,baccarat_bet02_101_all_pairs_incl_sentinel,round_win = game_pnl > 0 (decisive only),COMPATIBILITY_ONLY_NOT_PRODUCTION,1783.7792,1362.7643,168.3427,189,38,-0.09437419,,-0.09437419,-0.09437419,-168.3427,1783.7792,OK,0.0000,6.7337,4.0000,96.0000,AG03-UNRESOLVED,ALL5_LEVELS_bet23_to_bet27,6.7337,6.7337,6.7337,6.7337,6.7337,4.000000,4.000000,4.000000,4.000000,4.000000,96.000000,96.000000,96.000000,96.000000,96.000000,5.0,33.6685,31.0807,134.6742,137.2621,PENDING_AG03,FALSE,NOT_FOR_ENFORCEMENT,161.6090,1308.2537,168.3427,161.6090,6.7337,0.09437419,0.09059922,6.7337,161.6090,0.09059922,6.7337,6.7337,6.7337,6.7337,6.7337,161.6090,0.09059922,33.6685,31.0807,134.6742,137.2621,0.07549935,0.07695014,0.00377497,9.4380,35.8622,4.4301,168.3427,84.1714,1783.7792,38.0000,,9.4380,4.2165,4.2165,8.4329,27.4071,38.1275,48.4894,4.2165,-4.2165,9.042503,11.500001,2.23836,2,4,1,8,0E-8,0.09437419,,0E-8,0.000000,0.763976,0.000000,,2026-04-07,2026-04-07,1,2,2,1,1.000000,,,0.000000,,,,,,,,GLOBAL_BASELINE_NO_ENTITY_RANKING,,,NOT_APPLICABLE_GLOBAL_BASELINE,HF9g-P5,,,,X 全窗基线 · 不参与实体赏罚,6873978,688,A168_HF9F_20260827_0900,2026-08-27 09:00:00
2026-04-07,148326433,1963,0,33.7317901039,-33.7317901039,-33.7317901039,0E-7,4,1,0.41601193749977104,0.184311250000,-0.8440164509187089,-0.47535020548684115,-0.8440164509187089,0.23170068749977104,ELIGIBLE,R03b_20260811_FULL_v1,L1_ELIGIBILITY,v2026-08-11,2026-03-21..2026-08-06,baccarat_bet02_101_all_pairs_incl_sentinel,round_win = game_pnl > 0 (decisive only),COMPATIBILITY_ONLY_NOT_PRODUCTION,1783.7792,1362.7643,168.3427,189,38,-0.09437419,,-0.09437419,-0.09437419,-168.3427,1783.7792,OK,0.0000,6.7337,4.0000,96.0000,AG03-UNRESOLVED,ALL5_LEVELS_bet23_to_bet27,6.7337,6.7337,6.7337,6.7337,6.7337,4.000000,4.000000,4.000000,4.000000,4.000000,96.000000,96.000000,96.000000,96.000000,96.000000,5.0,33.6685,31.0807,134.6742,137.2621,PENDING_AG03,FALSE,NOT_FOR_ENFORCEMENT,161.6090,1308.2537,168.3427,161.6090,6.7337,0.09437419,0.09059922,6.7337,161.6090,0.09059922,6.7337,6.7337,6.7337,6.7337,6.7337,161.6090,0.09059922,33.6685,31.0807,134.6742,137.2621,0.07549935,0.07695014,0.00377497,9.4380,35.8622,4.4301,168.3427,84.1714,1783.7792,38.0000,,9.4380,4.2165,4.2165,8.4329,27.4071,38.1275,48.4894,4.2165,-4.2165,9.042503,11.500001,2.23836,2,4,1,8,0E-8,0.09437419,,0E-8,0.000000,0.763976,0.000000,,2026-04-07,2026-04-07,1,2,2,1,1.000000,,,0.000000,,,,,,,,GLOBAL_BASELINE_NO_ENTITY_RANKING,,,NOT_APPLICABLE_GLOBAL_BASELINE,HF9g-P5,,,,X 全窗基线 · 不参与实体赏罚,6873979,688,A168_HF9F_20260827_0900,2026-08-27 09:00:00
2026-04-07,148326433,2209,0,695.7181708945,-57.3440431775,-57.3440431775,0.4117647,88,17,0.34819229009402907,0.201924686064,0.5502041401732212,2.1552424500368295,0.5502041401732212,0.14626760403002907,ELIGIBLE,R03b_20260811_FULL_v1,L1_ELIGIBILITY,v2026-08-11,2026-03-21..2026-08-06,baccarat_bet02_101_all_pairs_incl_sentinel,round_win = game_pnl > 0 (decisive only),COMPATIBILITY_ONLY_NOT_PRODUCTION,1783.7792,1362.7643,168.3427,189,38,-0.09437419,,-0.09437419,-0.09437419,-168.3427,1783.7792,OK,0.0000,6.7337,4.0000,96.0000,AG03-UNRESOLVED,ALL5_LEVELS_bet23_to_bet27,6.7337,6.7337,6.7337,6.7337,6.7337,4.000000,4.000000,4.000000,4.000000,4.000000,96.000000,96.000000,96.000000,96.000000,96.000000,5.0,33.6685,31.0807,134.6742,137.2621,PENDING_AG03,FALSE,NOT_FOR_ENFORCEMENT,161.6090,1308.2537,168.3427,161.6090,6.7337,0.09437419,0.09059922,6.7337,161.6090,0.09059922,6.7337,6.7337,6.7337,6.7337,6.7337,161.6090,0.09059922,33.6685,31.0807,134.6742,137.2621,0.07549935,0.07695014,0.00377497,9.4380,35.8622,4.4301,168.3427,84.1714,1783.7792,38.0000,,9.4380,4.2165,4.2165,8.4329,27.4071,38.1275,48.4894,4.2165,-4.2165,9.042503,11.500001,2.23836,2,4,1,8,0E-8,0.09437419,,0E-8,0.000000,0.763976,0.000000,,2026-04-07,2026-04-07,1,2,2,1,1.000000,,,0.000000,,,,,,,,GLOBAL_BASELINE_NO_ENTITY_RANKING,,,NOT_APPLICABLE_GLOBAL_BASELINE,HF9g-P5,,,,X 全窗基线 · 不参与实体赏罚,6873980,688,A168_HF9F_20260827_0900,2026-08-27 09:00:00
2026-04-07,148326433,2223,0,41.9539139418,-41.9539139418,-41.9539139418,0E-7,1,1,0.49324550000000000,0.493245500000,-0.9865810262130424,-0.9865810262130424,-0.9865810262130424,0E-17,ELIGIBLE,R03b_20260811_FULL_v1,L1_ELIGIBILITY,v2026-08-11,2026-03-21..2026-08-06,baccarat_bet02_101_all_pairs_incl_sentinel,round_win = game_pnl > 0 (decisive only),COMPATIBILITY_ONLY_NOT_PRODUCTION,1783.7792,1362.7643,168.3427,189,38,-0.09437419,,-0.09437419,-0.09437419,-168.3427,1783.7792,OK,0.0000,6.7337,4.0000,96.0000,AG03-UNRESOLVED,ALL5_LEVELS_bet23_to_bet27,6.7337,6.7337,6.7337,6.7337,6.7337,4.000000,4.000000,4.000000,4.000000,4.000000,96.000000,96.000000,96.000000,96.000000,96.000000,5.0,33.6685,31.0807,134.6742,137.2621,PENDING_AG03,FALSE,NOT_FOR_ENFORCEMENT,161.6090,1308.2537,168.3427,161.6090,6.7337,0.09437419,0.09059922,6.7337,161.6090,0.09059922,6.7337,6.7337,6.7337,6.7337,6.7337,161.6090,0.09059922,33.6685,31.0807,134.6742,137.2621,0.07549935,0.07695014,0.00377497,9.4380,35.8622,4.4301,168.3427,84.1714,1783.7792,38.0000,,9.4380,4.2165,4.2165,8.4329,27.4071,38.1275,48.4894,4.2165,-4.2165,9.042503,11.500001,2.23836,2,4,1,8,0E-8,0.09437419,,0E-8,0.000000,0.763976,0.000000,,2026-04-07,2026-04-07,1,2,2,1,1.000000,,,0.000000,,,,,,,,GLOBAL_BASELINE_NO_ENTITY_RANKING,,,NOT_APPLICABLE_GLOBAL_BASELINE,HF9g-P5,,,,X 全窗基线 · 不参与实体赏罚,6873981,688,A168_HF9F_20260827_0900,2026-08-27 09:00:00
2026-07-07,151047331,2108,0,12.9088890610,-12.9088890610,-12.9088890610,0E-7,1,1,0.49324550000000000,0.493245500000,-0.9865810262130424,-0.9865810262130424,-0.9865810262130424,0E-17,ELIGIBLE,R03b_20260811_FULL_v1,L1_ELIGIBILITY,v2026-08-11,2026-03-21..2026-08-06,baccarat_bet02_101_all_pairs_incl_sentinel,round_win = game_pnl > 0 (decisive only),COMPATIBILITY_ONLY_NOT_PRODUCTION,471.4326,342.0856,168.3448,30,14,-0.35709200,-0.33899212,-1.00000000,-0.35709200,-168.3448,471.4326,OK,0.0000,6.7338,4.0000,96.0000,AG03-UNRESOLVED,ALL5_LEVELS_bet23_to_bet27,6.7338,6.7338,6.7338,8.4172,8.4172,4.000000,4.000000,4.000000,5.000000,5.000000,96.000000,96.000000,96.000000,95.000000,95.000000,5.0,37.0359,33.9258,131.3090,134.419,PENDING_AG03,FALSE,NOT_FOR_ENFORCEMENT,161.6110,328.4021,168.3448,161.6110,6.7338,0.35709200,0.34280832,6.7338,161.6110,0.34280832,6.7338,6.7338,6.7338,8.4172,8.4172,161.6110,0.34280832,37.0359,33.9258,131.3090,134.419,0.27853176,0.28512877,0.01428368,15.7144,24.4347,12.0246,56.1149,56.1149,157.1442,4.6667,15.8112,12.9089,2.5818,2.5818,20.6542,32.2722,103.5293,103.5293,2.5818,-2.5818,40.1,40.1,6.086667,3,3,3,6,0.97261774,0.35709200,0.33899212,0E-8,0.000000,0.725630,0.000000,0.66100788,2026-07-07,2026-07-09,3,3,3,3,1.000000,1.224828,1.006156,3.242059,,,,,,,,GLOBAL_BASELINE_NO_ENTITY_RANKING,,,NOT_APPLICABLE_GLOBAL_BASELINE,HF9g-P5,,,,X 全窗基线 · 不参与实体赏罚,6873982,688,A168_HF9F_20260827_0900,2026-08-27 09:00:00
2026-07-08,151047331,2134,0,251.4651589083,-51.9066429144,-51.9066429144,0.4545455,27,11,0.39845041030885781,0.283055375758,0.3800125860970199,1.2625739729633523,0.3800125860970199,0.11539503455085781,ELIGIBLE,R03b_20260811_FULL_v1,L1_ELIGIBILITY,v2026-08-11,2026-03-21..2026-08-06,baccarat_bet02_101_all_pairs_incl_sentinel,round_win = game_pnl > 0 (decisive only),COMPATIBILITY_ONLY_NOT_PRODUCTION,471.4326,342.0856,168.3448,30,14,-0.35709200,-0.33899212,-1.00000000,-0.35709200,-168.3448,471.4326,OK,0.0000,6.7338,4.0000,96.0000,AG03-UNRESOLVED,ALL5_LEVELS_bet23_to_bet27,6.7338,6.7338,6.7338,8.4172,8.4172,4.000000,4.000000,4.000000,5.000000,5.000000,96.000000,96.000000,96.000000,95.000000,95.000000,5.0,37.0359,33.9258,131.3090,134.419,PENDING_AG03,FALSE,NOT_FOR_ENFORCEMENT,161.6110,328.4021,168.3448,161.6110,6.7338,0.35709200,0.34280832,6.7338,161.6110,0.34280832,6.7338,6.7338,6.7338,8.4172,8.4172,161.6110,0.34280832,37.0359,33.9258,131.3090,134.419,0.27853176,0.28512877,0.01428368,15.7144,24.4347,12.0246,56.1149,56.1149,157.1442,4.6667,15.8112,12.9089,2.5818,2.5818,20.6542,32.2722,103.5293,103.5293,2.5818,-2.5818,40.1,40.1,6.086667,3,3,3,6,0.97261774,0.35709200,0.33899212,0E-8,0.000000,0.725630,0.000000,0.66100788,2026-07-07,2026-07-09,3,3,3,3,1.000000,1.224828,1.006156,3.242059,,,,,,,,GLOBAL_BASELINE_NO_ENTITY_RANKING,,,NOT_APPLICABLE_GLOBAL_BASELINE,HF9g-P5,,,,X 全窗基线 · 不参与实体赏罚,6873983,688,A168_HF9F_20260827_0900,2026-08-27 09:00:00
2026-07-09,151047331,1485,0,207.0585805386,-103.5292902693,-103.5292902693,0E-7,2,2,0.49994810000000000,0.499948100000,-0.9998962053866608,-0.9998962053866608,-0.9998962053866608,0E-17,ELIGIBLE,R03b_20260811_FULL_v1,L1_ELIGIBILITY,v2026-08-11,2026-03-21..2026-08-06,baccarat_bet02_101_all_pairs_incl_sentinel,round_win = game_pnl > 0 (decisive only),COMPATIBILITY_ONLY_NOT_PRODUCTION,471.4326,342.0856,168.3448,30,14,-0.35709200,-0.33899212,-1.00000000,-0.35709200,-168.3448,471.4326,OK,0.0000,6.7338,4.0000,96.0000,AG03-UNRESOLVED,ALL5_LEVELS_bet23_to_bet27,6.7338,6.7338,6.7338,8.4172,8.4172,4.000000,4.000000,4.000000,5.000000,5.000000,96.000000,96.000000,96.000000,95.000000,95.000000,5.0,37.0359,33.9258,131.3090,134.419,PENDING_AG03,FALSE,NOT_FOR_ENFORCEMENT,161.6110,328.4021,168.3448,161.6110,6.7338,0.35709200,0.34280832,6.7338,161.6110,0.34280832,6.7338,6.7338,6.7338,8.4172,8.4172,161.6110,0.34280832,37.0359,33.9258,131.3090,134.419,0.27853176,0.28512877,0.01428368,15.7144,24.4347,12.0246,56.1149,56.1149,157.1442,4.6667,15.8112,12.9089,2.5818,2.5818,20.6542,32.2722,103.5293,103.5293,2.5818,-2.5818,40.1,40.1,6.086667,3,3,3,6,0.97261774,0.35709200,0.33899212,0E-8,0.000000,0.725630,0.000000,0.66100788,2026-07-07,2026-07-09,3,3,3,3,1.000000,1.224828,1.006156,3.242059,,,,,,,,GLOBAL_BASELINE_NO_ENTITY_RANKING,,,NOT_APPLICABLE_GLOBAL_BASELINE,HF9g-P5,,,,X 全窗基线 · 不参与实体赏罚,6873984,688,A168_HF9F_20260827_0900,2026-08-27 09:00:00
2026-03-24,146708900,1384,0,105.8535429338,-52.9267714669,-52.9267714669,0E-7,2,2,0.50665070000000000,0.506650700000,-1.013391052207602,-1.013391052207602,-1.013391052207602,0E-17,ELIGIBLE,R03b_20260811_FULL_v1,L1_ELIGIBILITY,v2026-08-11,2026-03-21..2026-08-06,baccarat_bet02_101_all_pairs_incl_sentinel,round_win = game_pnl > 0 (decisive only),COMPATIBILITY_ONLY_NOT_PRODUCTION,274.7725,166.6145,166.6145,5,5,-0.60637242,,-0.60637242,-0.60637242,-166.6145,274.7725,THIN_EXPOSURE,0.0000,4.9984,3.0000,97.0000,AG03-UNRESOLVED,ALL5_LEVELS_bet23_to_bet27,4.9984,4.9984,4.9984,6.6646,6.6646,3.000000,3.000000,3.000000,4.000000,4.000000,97.000000,97.000000,97.000000,96.000000,96.000000,5.0,28.3245,26.4718,138.2900,140.1427,PENDING_AG03,FALSE,NOT_FOR_ENFORCEMENT,161.6160,161.6160,166.6145,161.6160,4.9984,0.60637242,0.58818125,4.9984,161.6160,0.58818125,4.9984,4.9984,4.9984,6.6646,6.6646,161.6160,0.58818125,28.3245,26.4718,138.2900,140.1427,0.50328911,0.51003163,0.01819117,54.9545,33.3229,33.3229,55.5382,55.5382,91.5908,1.6667,,54.9545,52.9268,55.2313,56.0376,58.4564,58.4564,58.4564,52.9268,-52.9268,1.058394,1.058394,0.994989,1,3,2,2,0E-8,0.60637242,,0E-8,0.000000,0.606372,0.000000,,2026-03-24,2026-04-03,3,3,3,11,0.272727,,,0.000000,,,,,,,,GLOBAL_BASELINE_NO_ENTITY_RANKING,,,NOT_APPLICABLE_GLOBAL_BASELINE,HF9g-P5,,,,X 全窗基线 · 不参与实体赏罚,6873985,688,A168_HF9F_20260827_0900,2026-08-27 09:00:00
2026-03-30,146708900,2169,0,58.4564341575,-58.4564341575,-58.4564341575,0E-7,1,1,0.49324550000000000,0.493245500000,-0.9865810262130424,-0.9865810262130424,-0.9865810262130424,0E-17,ELIGIBLE,R03b_20260811_FULL_v1,L1_ELIGIBILITY,v2026-08-11,2026-03-21..2026-08-06,baccarat_bet02_101_all_pairs_incl_sentinel,round_win = game_pnl > 0 (decisive only),COMPATIBILITY_ONLY_NOT_PRODUCTION,274.7725,166.6145,166.6145,5,5,-0.60637242,,-0.60637242,-0.60637242,-166.6145,274.7725,THIN_EXPOSURE,0.0000,4.9984,3.0000,97.0000,AG03-UNRESOLVED,ALL5_LEVELS_bet23_to_bet27,4.9984,4.9984,4.9984,6.6646,6.6646,3.000000,3.000000,3.000000,4.000000,4.000000,97.000000,97.000000,97.000000,96.000000,96.000000,5.0,28.3245,26.4718,138.2900,140.1427,PENDING_AG03,FALSE,NOT_FOR_ENFORCEMENT,161.6160,161.6160,166.6145,161.6160,4.9984,0.60637242,0.58818125,4.9984,161.6160,0.58818125,4.9984,4.9984,4.9984,6.6646,6.6646,161.6160,0.58818125,28.3245,26.4718,138.2900,140.1427,0.50328911,0.51003163,0.01819117,54.9545,33.3229,33.3229,55.5382,55.5382,91.5908,1.6667,,54.9545,52.9268,55.2313,56.0376,58.4564,58.4564,58.4564,52.9268,-52.9268,1.058394,1.058394,0.994989,1,3,2,2,0E-8,0.60637242,,0E-8,0.000000,0.606372,0.000000,,2026-03-24,2026-04-03,3,3,3,11,0.272727,,,0.000000,,,,,,,,GLOBAL_BASELINE_NO_ENTITY_RANKING,,,NOT_APPLICABLE_GLOBAL_BASELINE,HF9g-P5,,,,X 全窗基线 · 不参与实体赏罚,6873986,688,A168_HF9F_20260827_0900,2026-08-27 09:00:00
2026-04-03,146708900,2170,0,110.4625291208,-55.2312645604,-55.2312645604,0E-7,2,2,0.50665070000000000,0.506650700000,-1.013391052207602,-1.013391052207602,-1.013391052207602,0E-17,ELIGIBLE,R03b_20260811_FULL_v1,L1_ELIGIBILITY,v2026-08-11,2026-03-21..2026-08-06,baccarat_bet02_101_all_pairs_incl_sentinel,round_win = game_pnl > 0 (decisive only),COMPATIBILITY_ONLY_NOT_PRODUCTION,274.7725,166.6145,166.6145,5,5,-0.60637242,,-0.60637242,-0.60637242,-166.6145,274.7725,THIN_EXPOSURE,0.0000,4.9984,3.0000,97.0000,AG03-UNRESOLVED,ALL5_LEVELS_bet23_to_bet27,4.9984,4.9984,4.9984,6.6646,6.6646,3.000000,3.000000,3.000000,4.000000,4.000000,97.000000,97.000000,97.000000,96.000000,96.000000,5.0,28.3245,26.4718,138.2900,140.1427,PENDING_AG03,FALSE,NOT_FOR_ENFORCEMENT,161.6160,161.6160,166.6145,161.6160,4.9984,0.60637242,0.58818125,4.9984,161.6160,0.58818125,4.9984,4.9984,4.9984,6.6646,6.6646,161.6160,0.58818125,28.3245,26.4718,138.2900,140.1427,0.50328911,0.51003163,0.01819117,54.9545,33.3229,33.3229,55.5382,55.5382,91.5908,1.6667,,54.9545,52.9268,55.2313,56.0376,58.4564,58.4564,58.4564,52.9268,-52.9268,1.058394,1.058394,0.994989,1,3,2,2,0E-8,0.60637242,,0E-8,0.000000,0.606372,0.000000,,2026-03-24,2026-04-03,3,3,3,11,0.272727,,,0.000000,,,,,,,,GLOBAL_BASELINE_NO_ENTITY_RANKING,,,NOT_APPLICABLE_GLOBAL_BASELINE,HF9g-P5,,,,X 全窗基线 · 不参与实体赏罚,6873987,688,A168_HF9F_20260827_0900,2026-08-27 09:00:00
2026-03-29,142067009,1331,0,75.8353740422,-20.3017615926,-20.3017615926,0.6000000,5,5,0.49860758000000000,0.498607580000,0.4534424453485946,0.4534424453485946,0.4534424453485946,0E-17,ELIGIBLE,R03b_20260811_FULL_v1,L1_ELIGIBILITY,v2026-08-11,2026-03-21..2026-08-06,baccarat_bet02_101_all_pairs_incl_sentinel,round_win = game_pnl > 0 (decisive only),COMPATIBILITY_ONLY_NOT_PRODUCTION,1316.4500,1246.2916,168.3502,111,111,-0.12788192,0.62147576,-0.19747435,-0.12788192,-168.3502,1316.4500,OK,0.0000,6.7340,4.0000,96.0000,AG03-UNRESOLVED,ALL5_LEVELS_bet23_to_bet27,6.7340,6.7340,8.4175,8.4175,8.4175,4.000000,4.000000,5.000000,5.000000,5.000000,96.000000,96.000000,95.000000,95.000000,95.000000,5.0,38.7205,35.3271,129.6296,133.023,PENDING_AG03,FALSE,NOT_FOR_ENFORCEMENT,161.6162,1196.4399,168.3502,161.6162,6.7340,0.12788192,0.12276665,6.7340,161.6162,0.12276665,6.7340,6.7340,8.4175,8.4175,8.4175,161.6162,0.12276665,38.7205,35.3271,129.6296,133.023,0.09846908,0.10104677,0.00511528,11.8599,11.2279,1.5167,3.5819,2.0283,28.0096,2.3617,12.4299,11.8096,3.9322,6.227,12.474,25.7155,34.7783,112.978,5.793,0.0,5.585101,18.143324,1.904603,26,54,52,2,0.08497762,0.12788192,-0.62147576,0E-8,0.000000,0.946706,0.000000,0.81895011,2026-03-29,2026-08-06,47,83,83,131,0.358779,1.052520,1.048057,0.283259,,,,,,,,GLOBAL_BASELINE_NO_ENTITY_RANKING,,,NOT_APPLICABLE_GLOBAL_BASELINE,HF9g-P5,,,,X 全窗基线 · 不参与实体赏罚,6873988,688,A168_HF9F_20260827_0900,2026-08-27 09:00:00
2026-03-31,142067009,-1,1,11.5859599231,-3.8839297469,-3.8839297469,0.5000000,2,2,0.50665070000000000,0.506650700000,-0.018812684590367487,-0.018812684590367487,-0.018812684590367487,0E-17,SENTINEL_DEALER,R03b_20260811_FULL_v1,L1_ELIGIBILITY,v2026-08-11,2026-03-21..2026-08-06,baccarat_bet02_101_all_pairs_incl_sentinel,round_win = game_pnl > 0 (decisive only),COMPATIBILITY_ONLY_NOT_PRODUCTION,1316.4500,1246.2916,168.3502,111,111,-0.12788192,0.62147576,-0.19747435,-0.12788192,-168.3502,1316.4500,OK,0.0000,6.7340,4.0000,96.0000,AG03-UNRESOLVED,ALL5_LEVELS_bet23_to_bet27,6.7340,6.7340,8.4175,8.4175,8.4175,4.000000,4.000000,5.000000,5.000000,5.000000,96.000000,96.000000,95.000000,95.000000,95.000000,5.0,38.7205,35.3271,129.6296,133.023,PENDING_AG03,FALSE,NOT_FOR_ENFORCEMENT,161.6162,1196.4399,168.3502,161.6162,6.7340,0.12788192,0.12276665,6.7340,161.6162,0.12276665,6.7340,6.7340,8.4175,8.4175,8.4175,161.6162,0.12276665,38.7205,35.3271,129.6296,133.023,0.09846908,0.10104677,0.00511528,11.8599,11.2279,1.5167,3.5819,2.0283,28.0096,2.3617,12.4299,11.8096,3.9322,6.227,12.474,25.7155,34.7783,112.978,5.793,0.0,5.585101,18.143324,1.904603,26,54,52,2,0.08497762,0.12788192,-0.62147576,0E-8,0.000000,0.946706,0.000000,0.81895011,2026-03-29,2026-08-06,47,83,83,131,0.358779,1.052520,1.048057,0.283259,,,,,,,,GLOBAL_BASELINE_NO_ENTITY_RANKING,,,NOT_APPLICABLE_GLOBAL_BASELINE,HF9g-P5,,,,X 全窗基线 · 不参与实体赏罚,6873989,688,A168_HF9F_20260827_0900,2026-08-27 09:00:00
2026-03-31,142067009,970,0,45.0272533376,-5.8588092793,-5.8588092793,0.6666667,4,4,0.50329940000000000,0.503299400000,0.5659331339966515,0.5659331339966515,0.5659331339966515,0E-17,ELIGIBLE,R03b_20260811_FULL_v1,L1_ELIGIBILITY,v2026-08-11,2026-03-21..2026-08-06,baccarat_bet02_101_all_pairs_incl_sentinel,round_win = game_pnl > 0 (decisive only),COMPATIBILITY_ONLY_NOT_PRODUCTION,1316.4500,1246.2916,168.3502,111,111,-0.12788192,0.62147576,-0.19747435,-0.12788192,-168.3502,1316.4500,OK,0.0000,6.7340,4.0000,96.0000,AG03-UNRESOLVED,ALL5_LEVELS_bet23_to_bet27,6.7340,6.7340,8.4175,8.4175,8.4175,4.000000,4.000000,5.000000,5.000000,5.000000,96.000000,96.000000,95.000000,95.000000,95.000000,5.0,38.7205,35.3271,129.6296,133.023,PENDING_AG03,FALSE,NOT_FOR_ENFORCEMENT,161.6162,1196.4399,168.3502,161.6162,6.7340,0.12788192,0.12276665,6.7340,161.6162,0.12276665,6.7340,6.7340,8.4175,8.4175,8.4175,161.6162,0.12276665,38.7205,35.3271,129.6296,133.023,0.09846908,0.10104677,0.00511528,11.8599,11.2279,1.5167,3.5819,2.0283,28.0096,2.3617,12.4299,11.8096,3.9322,6.227,12.474,25.7155,34.7783,112.978,5.793,0.0,5.585101,18.143324,1.904603,26,54,52,2,0.08497762,0.12788192,-0.62147576,0E-8,0.000000,0.946706,0.000000,0.81895011,2026-03-29,2026-08-06,47,83,83,131,0.358779,1.052520,1.048057,0.283259,,,,,,,,GLOBAL_BASELINE_NO_ENTITY_RANKING,,,NOT_APPLICABLE_GLOBAL_BASELINE,HF9g-P5,,,,X 全窗基线 · 不参与实体赏罚,6873990,688,A168_HF9F_20260827_0900,2026-08-27 09:00:00
2026-04-01,142067009,-1,1,4.1881527629,-4.1881527629,-4.1881527629,0E-7,1,1,0.50665070000000000,0.506650700000,-1.013391052207602,-1.013391052207602,-1.013391052207602,0E-17,SENTINEL_DEALER,R03b_20260811_FULL_v1,L1_ELIGIBILITY,v2026-08-11,2026-03-21..2026-08-06,baccarat_bet02_101_all_pairs_incl_sentinel,round_win = game_pnl > 0 (decisive only),COMPATIBILITY_ONLY_NOT_PRODUCTION,1316.4500,1246.2916,168.3502,111,111,-0.12788192,0.62147576,-0.19747435,-0.12788192,-168.3502,1316.4500,OK,0.0000,6.7340,4.0000,96.0000,AG03-UNRESOLVED,ALL5_LEVELS_bet23_to_bet27,6.7340,6.7340,8.4175,8.4175,8.4175,4.000000,4.000000,5.000000,5.000000,5.000000,96.000000,96.000000,95.000000,95.000000,95.000000,5.0,38.7205,35.3271,129.6296,133.023,PENDING_AG03,FALSE,NOT_FOR_ENFORCEMENT,161.6162,1196.4399,168.3502,161.6162,6.7340,0.12788192,0.12276665,6.7340,161.6162,0.12276665,6.7340,6.7340,8.4175,8.4175,8.4175,161.6162,0.12276665,38.7205,35.3271,129.6296,133.023,0.09846908,0.10104677,0.00511528,11.8599,11.2279,1.5167,3.5819,2.0283,28.0096,2.3617,12.4299,11.8096,3.9322,6.227,12.474,25.7155,34.7783,112.978,5.793,0.0,5.585101,18.143324,1.904603,26,54,52,2,0.08497762,0.12788192,-0.62147576,0E-8,0.000000,0.946706,0.000000,0.81895011,2026-03-29,2026-08-06,47,83,83,131,0.358779,1.052520,1.048057,0.283259,,,,,,,,GLOBAL_BASELINE_NO_ENTITY_RANKING,,,NOT_APPLICABLE_GLOBAL_BASELINE,HF9g-P5,,,,X 全窗基线 · 不参与实体赏罚,6873991,688,A168_HF9F_20260827_0900,2026-08-27 09:00:00
2026-04-01,142067009,1385,0,26.9612334110,-9.0961442819,-9.0961442819,0.5000000,2,2,0.50665070000000000,0.506650700000,-0.018812684590367487,-0.018812684590367487,-0.018812684590367487,0E-17,ELIGIBLE,R03b_20260811_FULL_v1,L1_ELIGIBILITY,v2026-08-11,2026-03-21..2026-08-06,baccarat_bet02_101_all_pairs_incl_sentinel,round_win = game_pnl > 0 (decisive only),COMPATIBILITY_ONLY_NOT_PRODUCTION,1316.4500,1246.2916,168.3502,111,111,-0.12788192,0.62147576,-0.19747435,-0.12788192,-168.3502,1316.4500,OK,0.0000,6.7340,4.0000,96.0000,AG03-UNRESOLVED,ALL5_LEVELS_bet23_to_bet27,6.7340,6.7340,8.4175,8.4175,8.4175,4.000000,4.000000,5.000000,5.000000,5.000000,96.000000,96.000000,95.000000,95.000000,95.000000,5.0,38.7205,35.3271,129.6296,133.023,PENDING_AG03,FALSE,NOT_FOR_ENFORCEMENT,161.6162,1196.4399,168.3502,161.6162,6.7340,0.12788192,0.12276665,6.7340,161.6162,0.12276665,6.7340,6.7340,8.4175,8.4175,8.4175,161.6162,0.12276665,38.7205,35.3271,129.6296,133.023,0.09846908,0.10104677,0.00511528,11.8599,11.2279,1.5167,3.5819,2.0283,28.0096,2.3617,12.4299,11.8096,3.9322,6.227,12.474,25.7155,34.7783,112.978,5.793,0.0,5.585101,18.143324,1.904603,26,54,52,2,0.08497762,0.12788192,-0.62147576,0E-8,0.000000,0.946706,0.000000,0.81895011,2026-03-29,2026-08-06,47,83,83,131,0.358779,1.052520,1.048057,0.283259,,,,,,,,GLOBAL_BASELINE_NO_ENTITY_RANKING,,,NOT_APPLICABLE_GLOBAL_BASELINE,HF9g-P5,,,,X 全窗基线 · 不参与实体赏罚,6873992,688,A168_HF9F_20260827_0900,2026-08-27 09:00:00
2026-04-01,142067009,2106,0,10.2086223595,-10.2086223595,-10.2086223595,0E-7,1,1,0.49324550000000000,0.493245500000,-0.9865810262130424,-0.9865810262130424,-0.9865810262130424,0E-17,ELIGIBLE,R03b_20260811_FULL_v1,L1_ELIGIBILITY,v2026-08-11,2026-03-21..2026-08-06,baccarat_bet02_101_all_pairs_incl_sentinel,round_win = game_pnl > 0 (decisive only),COMPATIBILITY_ONLY_NOT_PRODUCTION,1316.4500,1246.2916,168.3502,111,111,-0.12788192,0.62147576,-0.19747435,-0.12788192,-168.3502,1316.4500,OK,0.0000,6.7340,4.0000,96.0000,AG03-UNRESOLVED,ALL5_LEVELS_bet23_to_bet27,6.7340,6.7340,8.4175,8.4175,8.4175,4.000000,4.000000,5.000000,5.000000,5.000000,96.000000,96.000000,95.000000,95.000000,95.000000,5.0,38.7205,35.3271,129.6296,133.023,PENDING_AG03,FALSE,NOT_FOR_ENFORCEMENT,161.6162,1196.4399,168.3502,161.6162,6.7340,0.12788192,0.12276665,6.7340,161.6162,0.12276665,6.7340,6.7340,8.4175,8.4175,8.4175,161.6162,0.12276665,38.7205,35.3271,129.6296,133.023,0.09846908,0.10104677,0.00511528,11.8599,11.2279,1.5167,3.5819,2.0283,28.0096,2.3617,12.4299,11.8096,3.9322,6.227,12.474,25.7155,34.7783,112.978,5.793,0.0,5.585101,18.143324,1.904603,26,54,52,2,0.08497762,0.12788192,-0.62147576,0E-8,0.000000,0.946706,0.000000,0.81895011,2026-03-29,2026-08-06,47,83,83,131,0.358779,1.052520,1.048057,0.283259,,,,,,,,GLOBAL_BASELINE_NO_ENTITY_RANKING,,,NOT_APPLICABLE_GLOBAL_BASELINE,HF9g-P5,,,,X 全窗基线 · 不参与实体赏罚,6873993,688,A168_HF9F_20260827_0900,2026-08-27 09:00:00
2026-04-01,142067009,2201,0,6.5439886920,-6.5439886920,-6.5439886920,0E-7,1,1,0.50665070000000000,0.506650700000,-1.013391052207602,-1.013391052207602,-1.013391052207602,0E-17,ELIGIBLE,R03b_20260811_FULL_v1,L1_ELIGIBILITY,v2026-08-11,2026-03-21..2026-08-06,baccarat_bet02_101_all_pairs_incl_sentinel,round_win = game_pnl > 0 (decisive only),COMPATIBILITY_ONLY_NOT_PRODUCTION,1316.4500,1246.2916,168.3502,111,111,-0.12788192,0.62147576,-0.19747435,-0.12788192,-168.3502,1316.4500,OK,0.0000,6.7340,4.0000,96.0000,AG03-UNRESOLVED,ALL5_LEVELS_bet23_to_bet27,6.7340,6.7340,8.4175,8.4175,8.4175,4.000000,4.000000,5.000000,5.000000,5.000000,96.000000,96.000000,95.000000,95.000000,95.000000,5.0,38.7205,35.3271,129.6296,133.023,PENDING_AG03,FALSE,NOT_FOR_ENFORCEMENT,161.6162,1196.4399,168.3502,161.6162,6.7340,0.12788192,0.12276665,6.7340,161.6162,0.12276665,6.7340,6.7340,8.4175,8.4175,8.4175,161.6162,0.12276665,38.7205,35.3271,129.6296,133.023,0.09846908,0.10104677,0.00511528,11.8599,11.2279,1.5167,3.5819,2.0283,28.0096,2.3617,12.4299,11.8096,3.9322,6.227,12.474,25.7155,34.7783,112.978,5.793,0.0,5.585101,18.143324,1.904603,26,54,52,2,0.08497762,0.12788192,-0.62147576,0E-8,0.000000,0.946706,0.000000,0.81895011,2026-03-29,2026-08-06,47,83,83,131,0.358779,1.052520,1.048057,0.283259,,,,,,,,GLOBAL_BASELINE_NO_ENTITY_RANKING,,,NOT_APPLICABLE_GLOBAL_BASELINE,HF9g-P5,,,,X 全窗基线 · 不参与实体赏罚,6873994,688,A168_HF9F_20260827_0900,2026-08-27 09:00:00
2026-04-03,142067009,-1,1,9.6851032641,-9.6851032641,-9.6851032641,0E-7,1,1,0.50665070000000000,0.506650700000,-1.013391052207602,-1.013391052207602,-1.013391052207602,0E-17,SENTINEL_DEALER,R03b_20260811_FULL_v1,L1_ELIGIBILITY,v2026-08-11,2026-03-21..2026-08-06,baccarat_bet02_101_all_pairs_incl_sentinel,round_win = game_pnl > 0 (decisive only),COMPATIBILITY_ONLY_NOT_PRODUCTION,1316.4500,1246.2916,168.3502,111,111,-0.12788192,0.62147576,-0.19747435,-0.12788192,-168.3502,1316.4500,OK,0.0000,6.7340,4.0000,96.0000,AG03-UNRESOLVED,ALL5_LEVELS_bet23_to_bet27,6.7340,6.7340,8.4175,8.4175,8.4175,4.000000,4.000000,5.000000,5.000000,5.000000,96.000000,96.000000,95.000000,95.000000,95.000000,5.0,38.7205,35.3271,129.6296,133.023,PENDING_AG03,FALSE,NOT_FOR_ENFORCEMENT,161.6162,1196.4399,168.3502,161.6162,6.7340,0.12788192,0.12276665,6.7340,161.6162,0.12276665,6.7340,6.7340,8.4175,8.4175,8.4175,161.6162,0.12276665,38.7205,35.3271,129.6296,133.023,0.09846908,0.10104677,0.00511528,11.8599,11.2279,1.5167,3.5819,2.0283,28.0096,2.3617,12.4299,11.8096,3.9322,6.227,12.474,25.7155,34.7783,112.978,5.793,0.0,5.585101,18.143324,1.904603,26,54,52,2,0.08497762,0.12788192,-0.62147576,0E-8,0.000000,0.946706,0.000000,0.81895011,2026-03-29,2026-08-06,47,83,83,131,0.358779,1.052520,1.048057,0.283259,,,,,,,,GLOBAL_BASELINE_NO_ENTITY_RANKING,,,NOT_APPLICABLE_GLOBAL_BASELINE,HF9g-P5,,,,X 全窗基线 · 不参与实体赏罚,6873995,688,A168_HF9F_20260827_0900,2026-08-27 09:00:00
2026-04-03,142067009,1205,0,3.4028741198,3.4028741198,3.4028741198,1.0000000,1,1,0.49324550000000000,0.493245500000,1.01360149184955,1.01360149184955,1.01360149184955,0E-17,ELIGIBLE,R03b_20260811_FULL_v1,L1_ELIGIBILITY,v2026-08-11,2026-03-21..2026-08-06,baccarat_bet02_101_all_pairs_incl_sentinel,round_win = game_pnl > 0 (decisive only),COMPATIBILITY_ONLY_NOT_PRODUCTION,1316.4500,1246.2916,168.3502,111,111,-0.12788192,0.62147576,-0.19747435,-0.12788192,-168.3502,1316.4500,OK,0.0000,6.7340,4.0000,96.0000,AG03-UNRESOLVED,ALL5_LEVELS_bet23_to_bet27,6.7340,6.7340,8.4175,8.4175,8.4175,4.000000,4.000000,5.000000,5.000000,5.000000,96.000000,96.000000,95.000000,95.000000,95.000000,5.0,38.7205,35.3271,129.6296,133.023,PENDING_AG03,FALSE,NOT_FOR_ENFORCEMENT,161.6162,1196.4399,168.3502,161.6162,6.7340,0.12788192,0.12276665,6.7340,161.6162,0.12276665,6.7340,6.7340,8.4175,8.4175,8.4175,161.6162,0.12276665,38.7205,35.3271,129.6296,133.023,0.09846908,0.10104677,0.00511528,11.8599,11.2279,1.5167,3.5819,2.0283,28.0096,2.3617,12.4299,11.8096,3.9322,6.227,12.474,25.7155,34.7783,112.978,5.793,0.0,5.585101,18.143324,1.904603,26,54,52,2,0.08497762,0.12788192,-0.62147576,0E-8,0.000000,0.946706,0.000000,0.81895011,2026-03-29,2026-08-06,47,83,83,131,0.358779,1.052520,1.048057,0.283259,,,,,,,,GLOBAL_BASELINE_NO_ENTITY_RANKING,,,NOT_APPLICABLE_GLOBAL_BASELINE,HF9g-P5,,,,X 全窗基线 · 不参与实体赏罚,6873996,688,A168_HF9F_20260827_0900,2026-08-27 09:00:00
2026-04-03,142067009,2171,0,6.8057482397,6.4654608277,6.4654608277,1.0000000,1,1,0.50665070000000000,0.506650700000,0.9867858985152569,0.9867858985152569,0.9867858985152569,0E-17,ELIGIBLE,R03b_20260811_FULL_v1,L1_ELIGIBILITY,v2026-08-11,2026-03-21..2026-08-06,baccarat_bet02_101_all_pairs_incl_sentinel,round_win = game_pnl > 0 (decisive only),COMPATIBILITY_ONLY_NOT_PRODUCTION,1316.4500,1246.2916,168.3502,111,111,-0.12788192,0.62147576,-0.19747435,-0.12788192,-168.3502,1316.4500,OK,0.0000,6.7340,4.0000,96.0000,AG03-UNRESOLVED,ALL5_LEVELS_bet23_to_bet27,6.7340,6.7340,8.4175,8.4175,8.4175,4.000000,4.000000,5.000000,5.000000,5.000000,96.000000,96.000000,95.000000,95.000000,95.000000,5.0,38.7205,35.3271,129.6296,133.023,PENDING_AG03,FALSE,NOT_FOR_ENFORCEMENT,161.6162,1196.4399,168.3502,161.6162,6.7340,0.12788192,0.12276665,6.7340,161.6162,0.12276665,6.7340,6.7340,8.4175,8.4175,8.4175,161.6162,0.12276665,38.7205,35.3271,129.6296,133.023,0.09846908,0.10104677,0.00511528,11.8599,11.2279,1.5167,3.5819,2.0283,28.0096,2.3617,12.4299,11.8096,3.9322,6.227,12.474,25.7155,34.7783,112.978,5.793,0.0,5.585101,18.143324,1.904603,26,54,52,2,0.08497762,0.12788192,-0.62147576,0E-8,0.000000,0.946706,0.000000,0.81895011,2026-03-29,2026-08-06,47,83,83,131,0.358779,1.052520,1.048057,0.283259,,,,,,,,GLOBAL_BASELINE_NO_ENTITY_RANKING,,,NOT_APPLICABLE_GLOBAL_BASELINE,HF9g-P5,,,,X 全窗基线 · 不参与实体赏罚,6873997,688,A168_HF9F_20260827_0900,2026-08-27 09:00:00
2026-04-04,142067009,1505,0,5.4969505013,5.2221029762,5.2221029762,1.0000000,1,1,0.50665070000000000,0.506650700000,0.9867858985152569,0.9867858985152569,0.9867858985152569,0E-17,ELIGIBLE,R03b_20260811_FULL_v1,L1_ELIGIBILITY,v2026-08-11,2026-03-21..2026-08-06,baccarat_bet02_101_all_pairs_incl_sentinel,round_win = game_pnl > 0 (decisive only),COMPATIBILITY_ONLY_NOT_PRODUCTION,1316.4500,1246.2916,168.3502,111,111,-0.12788192,0.62147576,-0.19747435,-0.12788192,-168.3502,1316.4500,OK,0.0000,6.7340,4.0000,96.0000,AG03-UNRESOLVED,ALL5_LEVELS_bet23_to_bet27,6.7340,6.7340,8.4175,8.4175,8.4175,4.000000,4.000000,5.000000,5.000000,5.000000,96.000000,96.000000,95.000000,95.000000,95.000000,5.0,38.7205,35.3271,129.6296,133.023,PENDING_AG03,FALSE,NOT_FOR_ENFORCEMENT,161.6162,1196.4399,168.3502,161.6162,6.7340,0.12788192,0.12276665,6.7340,161.6162,0.12276665,6.7340,6.7340,8.4175,8.4175,8.4175,161.6162,0.12276665,38.7205,35.3271,129.6296,133.023,0.09846908,0.10104677,0.00511528,11.8599,11.2279,1.5167,3.5819,2.0283,28.0096,2.3617,12.4299,11.8096,3.9322,6.227,12.474,25.7155,34.7783,112.978,5.793,0.0,5.585101,18.143324,1.904603,26,54,52,2,0.08497762,0.12788192,-0.62147576,0E-8,0.000000,0.946706,0.000000,0.81895011,2026-03-29,2026-08-06,47,83,83,131,0.358779,1.052520,1.048057,0.283259,,,,,,,,GLOBAL_BASELINE_NO_ENTITY_RANKING,,,NOT_APPLICABLE_GLOBAL_BASELINE,HF9g-P5,,,,X 全窗基线 · 不参与实体赏罚,6873998,688,A168_HF9F_20260827_0900,2026-08-27 09:00:00
2026-04-05,142067009,-1,1,2.6175954768,-2.6175954768,-2.6175954768,0E-7,1,1,0.50665070000000000,0.506650700000,-1.013391052207602,-1.013391052207602,-1.013391052207602,0E-17,SENTINEL_DEALER,R03b_20260811_FULL_v1,L1_ELIGIBILITY,v2026-08-11,2026-03-21..2026-08-06,baccarat_bet02_101_all_pairs_incl_sentinel,round_win = game_pnl > 0 (decisive only),COMPATIBILITY_ONLY_NOT_PRODUCTION,1316.4500,1246.2916,168.3502,111,111,-0.12788192,0.62147576,-0.19747435,-0.12788192,-168.3502,1316.4500,OK,0.0000,6.7340,4.0000,96.0000,AG03-UNRESOLVED,ALL5_LEVELS_bet23_to_bet27,6.7340,6.7340,8.4175,8.4175,8.4175,4.000000,4.000000,5.000000,5.000000,5.000000,96.000000,96.000000,95.000000,95.000000,95.000000,5.0,38.7205,35.3271,129.6296,133.023,PENDING_AG03,FALSE,NOT_FOR_ENFORCEMENT,161.6162,1196.4399,168.3502,161.6162,6.7340,0.12788192,0.12276665,6.7340,161.6162,0.12276665,6.7340,6.7340,8.4175,8.4175,8.4175,161.6162,0.12276665,38.7205,35.3271,129.6296,133.023,0.09846908,0.10104677,0.00511528,11.8599,11.2279,1.5167,3.5819,2.0283,28.0096,2.3617,12.4299,11.8096,3.9322,6.227,12.474,25.7155,34.7783,112.978,5.793,0.0,5.585101,18.143324,1.904603,26,54,52,2,0.08497762,0.12788192,-0.62147576,0E-8,0.000000,0.946706,0.000000,0.81895011,2026-03-29,2026-08-06,47,83,83,131,0.358779,1.052520,1.048057,0.283259,,,,,,,,GLOBAL_BASELINE_NO_ENTITY_RANKING,,,NOT_APPLICABLE_GLOBAL_BASELINE,HF9g-P5,,,,X 全窗基线 · 不参与实体赏罚,6873999,688,A168_HF9F_20260827_0900,2026-08-27 09:00:00
2026-04-07,142067009,2201,0,26.1759547680,-26.1759547680,-26.1759547680,0E-7,1,1,0.49324550000000000,0.493245500000,-0.9865810262130424,-0.9865810262130424,-0.9865810262130424,0E-17,ELIGIBLE,R03b_20260811_FULL_v1,L1_ELIGIBILITY,v2026-08-11,2026-03-21..2026-08-06,baccarat_bet02_101_all_pairs_incl_sentinel,round_win = game_pnl > 0 (decisive only),COMPATIBILITY_ONLY_NOT_PRODUCTION,1316.4500,1246.2916,168.3502,111,111,-0.12788192,0.62147576,-0.19747435,-0.12788192,-168.3502,1316.4500,OK,0.0000,6.7340,4.0000,96.0000,AG03-UNRESOLVED,ALL5_LEVELS_bet23_to_bet27,6.7340,6.7340,8.4175,8.4175,8.4175,4.000000,4.000000,5.000000,5.000000,5.000000,96.000000,96.000000,95.000000,95.000000,95.000000,5.0,38.7205,35.3271,129.6296,133.023,PENDING_AG03,FALSE,NOT_FOR_ENFORCEMENT,161.6162,1196.4399,168.3502,161.6162,6.7340,0.12788192,0.12276665,6.7340,161.6162,0.12276665,6.7340,6.7340,8.4175,8.4175,8.4175,161.6162,0.12276665,38.7205,35.3271,129.6296,133.023,0.09846908,0.10104677,0.00511528,11.8599,11.2279,1.5167,3.5819,2.0283,28.0096,2.3617,12.4299,11.8096,3.9322,6.227,12.474,25.7155,34.7783,112.978,5.793,0.0,5.585101,18.143324,1.904603,26,54,52,2,0.08497762,0.12788192,-0.62147576,0E-8,0.000000,0.946706,0.000000,0.81895011,2026-03-29,2026-08-06,47,83,83,131,0.358779,1.052520,1.048057,0.283259,,,,,,,,GLOBAL_BASELINE_NO_ENTITY_RANKING,,,NOT_APPLICABLE_GLOBAL_BASELINE,HF9g-P5,,,,X 全窗基线 · 不参与实体赏罚,6874000,688,A168_HF9F_20260827_0900,2026-08-27 09:00:00
2026-04-07,142067009,2224,0,52.3519095359,49.7343140591,49.7343140591,1.0000000,1,1,0.50665070000000000,0.506650700000,0.9867858985152569,0.9867858985152569,0.9867858985152569,0E-17,ELIGIBLE,R03b_20260811_FULL_v1,L1_ELIGIBILITY,v2026-08-11,2026-03-21..2026-08-06,baccarat_bet02_101_all_pairs_incl_sentinel,round_win = game_pnl > 0 (decisive only),COMPATIBILITY_ONLY_NOT_PRODUCTION,1316.4500,1246.2916,168.3502,111,111,-0.12788192,0.62147576,-0.19747435,-0.12788192,-168.3502,1316.4500,OK,0.0000,6.7340,4.0000,96.0000,AG03-UNRESOLVED,ALL5_LEVELS_bet23_to_bet27,6.7340,6.7340,8.4175,8.4175,8.4175,4.000000,4.000000,5.000000,5.000000,5.000000,96.000000,96.000000,95.000000,95.000000,95.000000,5.0,38.7205,35.3271,129.6296,133.023,PENDING_AG03,FALSE,NOT_FOR_ENFORCEMENT,161.6162,1196.4399,168.3502,161.6162,6.7340,0.12788192,0.12276665,6.7340,161.6162,0.12276665,6.7340,6.7340,8.4175,8.4175,8.4175,161.6162,0.12276665,38.7205,35.3271,129.6296,133.023,0.09846908,0.10104677,0.00511528,11.8599,11.2279,1.5167,3.5819,2.0283,28.0096,2.3617,12.4299,11.8096,3.9322,6.227,12.474,25.7155,34.7783,112.978,5.793,0.0,5.585101,18.143324,1.904603,26,54,52,2,0.08497762,0.12788192,-0.62147576,0E-8,0.000000,0.946706,0.000000,0.81895011,2026-03-29,2026-08-06,47,83,83,131,0.358779,1.052520,1.048057,0.283259,,,,,,,,GLOBAL_BASELINE_NO_ENTITY_RANKING,,,NOT_APPLICABLE_GLOBAL_BASELINE,HF9g-P5,,,,X 全窗基线 · 不参与实体赏罚,6874001,688,A168_HF9F_20260827_0900,2026-08-27 09:00:00
2026-04-08,142067009,-1,1,243.1746197942,-82.3888176321,-82.3888176321,0.5000000,2,2,0.50665070000000000,0.506650700000,-0.018812684590367487,-0.018812684590367487,-0.018812684590367487,0E-17,SENTINEL_DEALER,R03b_20260811_FULL_v1,L1_ELIGIBILITY,v2026-08-11,2026-03-21..2026-08-06,baccarat_bet02_101_all_pairs_incl_sentinel,round_win = game_pnl > 0 (decisive only),COMPATIBILITY_ONLY_NOT_PRODUCTION,1316.4500,1246.2916,168.3502,111,111,-0.12788192,0.62147576,-0.19747435,-0.12788192,-168.3502,1316.4500,OK,0.0000,6.7340,4.0000,96.0000,AG03-UNRESOLVED,ALL5_LEVELS_bet23_to_bet27,6.7340,6.7340,8.4175,8.4175,8.4175,4.000000,4.000000,5.000000,5.000000,5.000000,96.000000,96.000000,95.000000,95.000000,95.000000,5.0,38.7205,35.3271,129.6296,133.023,PENDING_AG03,FALSE,NOT_FOR_ENFORCEMENT,161.6162,1196.4399,168.3502,161.6162,6.7340,0.12788192,0.12276665,6.7340,161.6162,0.12276665,6.7340,6.7340,8.4175,8.4175,8.4175,161.6162,0.12276665,38.7205,35.3271,129.6296,133.023,0.09846908,0.10104677,0.00511528,11.8599,11.2279,1.5167,3.5819,2.0283,28.0096,2.3617,12.4299,11.8096,3.9322,6.227,12.474,25.7155,34.7783,112.978,5.793,0.0,5.585101,18.143324,1.904603,26,54,52,2,0.08497762,0.12788192,-0.62147576,0E-8,0.000000,0.946706,0.000000,0.81895011,2026-03-29,2026-08-06,47,83,83,131,0.358779,1.052520,1.048057,0.283259,,,,,,,,GLOBAL_BASELINE_NO_ENTITY_RANKING,,,NOT_APPLICABLE_GLOBAL_BASELINE,HF9g-P5,,,,X 全窗基线 · 不参与实体赏罚,6874002,688,A168_HF9F_20260827_0900,2026-08-27 09:00:00
2026-04-09,142067009,-1,1,2.8793550245,-2.8793550245,-2.8793550245,0E-7,1,1,0.50665070000000000,0.506650700000,-1.013391052207602,-1.013391052207602,-1.013391052207602,0E-17,SENTINEL_DEALER,R03b_20260811_FULL_v1,L1_ELIGIBILITY,v2026-08-11,2026-03-21..2026-08-06,baccarat_bet02_101_all_pairs_incl_sentinel,round_win = game_pnl > 0 (decisive only),COMPATIBILITY_ONLY_NOT_PRODUCTION,1316.4500,1246.2916,168.3502,111,111,-0.12788192,0.62147576,-0.19747435,-0.12788192,-168.3502,1316.4500,OK,0.0000,6.7340,4.0000,96.0000,AG03-UNRESOLVED,ALL5_LEVELS_bet23_to_bet27,6.7340,6.7340,8.4175,8.4175,8.4175,4.000000,4.000000,5.000000,5.000000,5.000000,96.000000,96.000000,95.000000,95.000000,95.000000,5.0,38.7205,35.3271,129.6296,133.023,PENDING_AG03,FALSE,NOT_FOR_ENFORCEMENT,161.6162,1196.4399,168.3502,161.6162,6.7340,0.12788192,0.12276665,6.7340,161.6162,0.12276665,6.7340,6.7340,8.4175,8.4175,8.4175,161.6162,0.12276665,38.7205,35.3271,129.6296,133.023,0.09846908,0.10104677,0.00511528,11.8599,11.2279,1.5167,3.5819,2.0283,28.0096,2.3617,12.4299,11.8096,3.9322,6.227,12.474,25.7155,34.7783,112.978,5.793,0.0,5.585101,18.143324,1.904603,26,54,52,2,0.08497762,0.12788192,-0.62147576,0E-8,0.000000,0.946706,0.000000,0.81895011,2026-03-29,2026-08-06,47,83,83,131,0.358779,1.052520,1.048057,0.283259,,,,,,,,GLOBAL_BASELINE_NO_ENTITY_RANKING,,,NOT_APPLICABLE_GLOBAL_BASELINE,HF9g-P5,,,,X 全窗基线 · 不参与实体赏罚,6874003,688,A168_HF9F_20260827_0900,2026-08-27 09:00:00
2026-04-09,142067009,1094,0,2.8793550245,-2.8793550245,-2.8793550245,0E-7,1,1,0.50665070000000000,0.506650700000,-1.013391052207602,-1.013391052207602,-1.013391052207602,0E-17,ELIGIBLE,R03b_20260811_FULL_v1,L1_ELIGIBILITY,v2026-08-11,2026-03-21..2026-08-06,baccarat_bet02_101_all_pairs_incl_sentinel,round_win = game_pnl > 0 (decisive only),COMPATIBILITY_ONLY_NOT_PRODUCTION,1316.4500,1246.2916,168.3502,111,111,-0.12788192,0.62147576,-0.19747435,-0.12788192,-168.3502,1316.4500,OK,0.0000,6.7340,4.0000,96.0000,AG03-UNRESOLVED,ALL5_LEVELS_bet23_to_bet27,6.7340,6.7340,8.4175,8.4175,8.4175,4.000000,4.000000,5.000000,5.000000,5.000000,96.000000,96.000000,95.000000,95.000000,95.000000,5.0,38.7205,35.3271,129.6296,133.023,PENDING_AG03,FALSE,NOT_FOR_ENFORCEMENT,161.6162,1196.4399,168.3502,161.6162,6.7340,0.12788192,0.12276665,6.7340,161.6162,0.12276665,6.7340,6.7340,8.4175,8.4175,8.4175,161.6162,0.12276665,38.7205,35.3271,129.6296,133.023,0.09846908,0.10104677,0.00511528,11.8599,11.2279,1.5167,3.5819,2.0283,28.0096,2.3617,12.4299,11.8096,3.9322,6.227,12.474,25.7155,34.7783,112.978,5.793,0.0,5.585101,18.143324,1.904603,26,54,52,2,0.08497762,0.12788192,-0.62147576,0E-8,0.000000,0.946706,0.000000,0.81895011,2026-03-29,2026-08-06,47,83,83,131,0.358779,1.052520,1.048057,0.283259,,,,,,,,GLOBAL_BASELINE_NO_ENTITY_RANKING,,,NOT_APPLICABLE_GLOBAL_BASELINE,HF9g-P5,,,,X 全窗基线 · 不参与实体赏罚,6874004,688,A168_HF9F_20260827_0900,2026-08-27 09:00:00
2026-04-09,142067009,1374,0,4.9734314059,0E-10,0E-10,,1,1,0.49324550000000000,0.493245500000,,,,0E-17,NO_DECISIVE_ROUND,R03b_20260811_FULL_v1,L1_ELIGIBILITY,v2026-08-11,2026-03-21..2026-08-06,baccarat_bet02_101_all_pairs_incl_sentinel,round_win = game_pnl > 0 (decisive only),COMPATIBILITY_ONLY_NOT_PRODUCTION,1316.4500,1246.2916,168.3502,111,111,-0.12788192,0.62147576,-0.19747435,-0.12788192,-168.3502,1316.4500,OK,0.0000,6.7340,4.0000,96.0000,AG03-UNRESOLVED,ALL5_LEVELS_bet23_to_bet27,6.7340,6.7340,8.4175,8.4175,8.4175,4.000000,4.000000,5.000000,5.000000,5.000000,96.000000,96.000000,95.000000,95.000000,95.000000,5.0,38.7205,35.3271,129.6296,133.023,PENDING_AG03,FALSE,NOT_FOR_ENFORCEMENT,161.6162,1196.4399,168.3502,161.6162,6.7340,0.12788192,0.12276665,6.7340,161.6162,0.12276665,6.7340,6.7340,8.4175,8.4175,8.4175,161.6162,0.12276665,38.7205,35.3271,129.6296,133.023,0.09846908,0.10104677,0.00511528,11.8599,11.2279,1.5167,3.5819,2.0283,28.0096,2.3617,12.4299,11.8096,3.9322,6.227,12.474,25.7155,34.7783,112.978,5.793,0.0,5.585101,18.143324,1.904603,26,54,52,2,0.08497762,0.12788192,-0.62147576,0E-8,0.000000,0.946706,0.000000,0.81895011,2026-03-29,2026-08-06,47,83,83,131,0.358779,1.052520,1.048057,0.283259,,,,,,,,GLOBAL_BASELINE_NO_ENTITY_RANKING,,,NOT_APPLICABLE_GLOBAL_BASELINE,HF9g-P5,,,,X 全窗基线 · 不参与实体赏罚,6874005,688,A168_HF9F_20260827_0900,2026-08-27 09:00:00
2026-04-09,142067009,2107,0,4.9734314059,-4.9734314059,-4.9734314059,0E-7,1,1,0.50665070000000000,0.506650700000,-1.013391052207602,-1.013391052207602,-1.013391052207602,0E-17,ELIGIBLE,R03b_20260811_FULL_v1,L1_ELIGIBILITY,v2026-08-11,2026-03-21..2026-08-06,baccarat_bet02_101_all_pairs_incl_sentinel,round_win = game_pnl > 0 (decisive only),COMPATIBILITY_ONLY_NOT_PRODUCTION,1316.4500,1246.2916,168.3502,111,111,-0.12788192,0.62147576,-0.19747435,-0.12788192,-168.3502,1316.4500,OK,0.0000,6.7340,4.0000,96.0000,AG03-UNRESOLVED,ALL5_LEVELS_bet23_to_bet27,6.7340,6.7340,8.4175,8.4175,8.4175,4.000000,4.000000,5.000000,5.000000,5.000000,96.000000,96.000000,95.000000,95.000000,95.000000,5.0,38.7205,35.3271,129.6296,133.023,PENDING_AG03,FALSE,NOT_FOR_ENFORCEMENT,161.6162,1196.4399,168.3502,161.6162,6.7340,0.12788192,0.12276665,6.7340,161.6162,0.12276665,6.7340,6.7340,8.4175,8.4175,8.4175,161.6162,0.12276665,38.7205,35.3271,129.6296,133.023,0.09846908,0.10104677,0.00511528,11.8599,11.2279,1.5167,3.5819,2.0283,28.0096,2.3617,12.4299,11.8096,3.9322,6.227,12.474,25.7155,34.7783,112.978,5.793,0.0,5.585101,18.143324,1.904603,26,54,52,2,0.08497762,0.12788192,-0.62147576,0E-8,0.000000,0.946706,0.000000,0.81895011,2026-03-29,2026-08-06,47,83,83,131,0.358779,1.052520,1.048057,0.283259,,,,,,,,GLOBAL_BASELINE_NO_ENTITY_RANKING,,,NOT_APPLICABLE_GLOBAL_BASELINE,HF9g-P5,,,,X 全窗基线 · 不参与实体赏罚,6874006,688,A168_HF9F_20260827_0900,2026-08-27 09:00:00
2026-04-09,142067009,2171,0,29.8405884354,-9.9468628118,-9.9468628118,0.5000000,2,2,0.49324550000000000,0.493245500000,0.01910635448239258,0.01910635448239258,0.01910635448239258,0E-17,ELIGIBLE,R03b_20260811_FULL_v1,L1_ELIGIBILITY,v2026-08-11,2026-03-21..2026-08-06,baccarat_bet02_101_all_pairs_incl_sentinel,round_win = game_pnl > 0 (decisive only),COMPATIBILITY_ONLY_NOT_PRODUCTION,1316.4500,1246.2916,168.3502,111,111,-0.12788192,0.62147576,-0.19747435,-0.12788192,-168.3502,1316.4500,OK,0.0000,6.7340,4.0000,96.0000,AG03-UNRESOLVED,ALL5_LEVELS_bet23_to_bet27,6.7340,6.7340,8.4175,8.4175,8.4175,4.000000,4.000000,5.000000,5.000000,5.000000,96.000000,96.000000,95.000000,95.000000,95.000000,5.0,38.7205,35.3271,129.6296,133.023,PENDING_AG03,FALSE,NOT_FOR_ENFORCEMENT,161.6162,1196.4399,168.3502,161.6162,6.7340,0.12788192,0.12276665,6.7340,161.6162,0.12276665,6.7340,6.7340,8.4175,8.4175,8.4175,161.6162,0.12276665,38.7205,35.3271,129.6296,133.023,0.09846908,0.10104677,0.00511528,11.8599,11.2279,1.5167,3.5819,2.0283,28.0096,2.3617,12.4299,11.8096,3.9322,6.227,12.474,25.7155,34.7783,112.978,5.793,0.0,5.585101,18.143324,1.904603,26,54,52,2,0.08497762,0.12788192,-0.62147576,0E-8,0.000000,0.946706,0.000000,0.81895011,2026-03-29,2026-08-06,47,83,83,131,0.358779,1.052520,1.048057,0.283259,,,,,,,,GLOBAL_BASELINE_NO_ENTITY_RANKING,,,NOT_APPLICABLE_GLOBAL_BASELINE,HF9g-P5,,,,X 全窗基线 · 不参与实体赏罚,6874007,688,A168_HF9F_20260827_0900,2026-08-27 09:00:00
2026-04-10,142067009,1383,0,5.4969505013,5.4969505013,5.4969505013,1.0000000,1,1,0.49324550000000000,0.493245500000,1.01360149184955,1.01360149184955,1.01360149184955,0E-17,ELIGIBLE,R03b_20260811_FULL_v1,L1_ELIGIBILITY,v2026-08-11,2026-03-21..2026-08-06,baccarat_bet02_101_all_pairs_incl_sentinel,round_win = game_pnl > 0 (decisive only),COMPATIBILITY_ONLY_NOT_PRODUCTION,1316.4500,1246.2916,168.3502,111,111,-0.12788192,0.62147576,-0.19747435,-0.12788192,-168.3502,1316.4500,OK,0.0000,6.7340,4.0000,96.0000,AG03-UNRESOLVED,ALL5_LEVELS_bet23_to_bet27,6.7340,6.7340,8.4175,8.4175,8.4175,4.000000,4.000000,5.000000,5.000000,5.000000,96.000000,96.000000,95.000000,95.000000,95.000000,5.0,38.7205,35.3271,129.6296,133.023,PENDING_AG03,FALSE,NOT_FOR_ENFORCEMENT,161.6162,1196.4399,168.3502,161.6162,6.7340,0.12788192,0.12276665,6.7340,161.6162,0.12276665,6.7340,6.7340,8.4175,8.4175,8.4175,161.6162,0.12276665,38.7205,35.3271,129.6296,133.023,0.09846908,0.10104677,0.00511528,11.8599,11.2279,1.5167,3.5819,2.0283,28.0096,2.3617,12.4299,11.8096,3.9322,6.227,12.474,25.7155,34.7783,112.978,5.793,0.0,5.585101,18.143324,1.904603,26,54,52,2,0.08497762,0.12788192,-0.62147576,0E-8,0.000000,0.946706,0.000000,0.81895011,2026-03-29,2026-08-06,47,83,83,131,0.358779,1.052520,1.048057,0.283259,,,,,,,,GLOBAL_BASELINE_NO_ENTITY_RANKING,,,NOT_APPLICABLE_GLOBAL_BASELINE,HF9g-P5,,,,X 全窗基线 · 不参与实体赏罚,6874008,688,A168_HF9F_20260827_0900,2026-08-27 09:00:00
2026-04-10,142067009,987,0,2.8793550245,-2.8793550245,-2.8793550245,0E-7,1,1,0.50665070000000000,0.506650700000,-1.013391052207602,-1.013391052207602,-1.013391052207602,0E-17,ELIGIBLE,R03b_20260811_FULL_v1,L1_ELIGIBILITY,v2026-08-11,2026-03-21..2026-08-06,baccarat_bet02_101_all_pairs_incl_sentinel,round_win = game_pnl > 0 (decisive only),COMPATIBILITY_ONLY_NOT_PRODUCTION,1316.4500,1246.2916,168.3502,111,111,-0.12788192,0.62147576,-0.19747435,-0.12788192,-168.3502,1316.4500,OK,0.0000,6.7340,4.0000,96.0000,AG03-UNRESOLVED,ALL5_LEVELS_bet23_to_bet27,6.7340,6.7340,8.4175,8.4175,8.4175,4.000000,4.000000,5.000000,5.000000,5.000000,96.000000,96.000000,95.000000,95.000000,95.000000,5.0,38.7205,35.3271,129.6296,133.023,PENDING_AG03,FALSE,NOT_FOR_ENFORCEMENT,161.6162,1196.4399,168.3502,161.6162,6.7340,0.12788192,0.12276665,6.7340,161.6162,0.12276665,6.7340,6.7340,8.4175,8.4175,8.4175,161.6162,0.12276665,38.7205,35.3271,129.6296,133.023,0.09846908,0.10104677,0.00511528,11.8599,11.2279,1.5167,3.5819,2.0283,28.0096,2.3617,12.4299,11.8096,3.9322,6.227,12.474,25.7155,34.7783,112.978,5.793,0.0,5.585101,18.143324,1.904603,26,54,52,2,0.08497762,0.12788192,-0.62147576,0E-8,0.000000,0.946706,0.000000,0.81895011,2026-03-29,2026-08-06,47,83,83,131,0.358779,1.052520,1.048057,0.283259,,,,,,,,GLOBAL_BASELINE_NO_ENTITY_RANKING,,,NOT_APPLICABLE_GLOBAL_BASELINE,HF9g-P5,,,,X 全窗基线 · 不参与实体赏罚,6874009,688,A168_HF9F_20260827_0900,2026-08-27 09:00:00
2026-04-11,142067009,-1,1,4.9734314059,4.7247598356,4.7247598356,1.0000000,1,1,0.50665070000000000,0.506650700000,0.9867858985152569,0.9867858985152569,0.9867858985152569,0E-17,SENTINEL_DEALER,R03b_20260811_FULL_v1,L1_ELIGIBILITY,v2026-08-11,2026-03-21..2026-08-06,baccarat_bet02_101_all_pairs_incl_sentinel,round_win = game_pnl > 0 (decisive only),COMPATIBILITY_ONLY_NOT_PRODUCTION,1316.4500,1246.2916,168.3502,111,111,-0.12788192,0.62147576,-0.19747435,-0.12788192,-168.3502,1316.4500,OK,0.0000,6.7340,4.0000,96.0000,AG03-UNRESOLVED,ALL5_LEVELS_bet23_to_bet27,6.7340,6.7340,8.4175,8.4175,8.4175,4.000000,4.000000,5.000000,5.000000,5.000000,96.000000,96.000000,95.000000,95.000000,95.000000,5.0,38.7205,35.3271,129.6296,133.023,PENDING_AG03,FALSE,NOT_FOR_ENFORCEMENT,161.6162,1196.4399,168.3502,161.6162,6.7340,0.12788192,0.12276665,6.7340,161.6162,0.12276665,6.7340,6.7340,8.4175,8.4175,8.4175,161.6162,0.12276665,38.7205,35.3271,129.6296,133.023,0.09846908,0.10104677,0.00511528,11.8599,11.2279,1.5167,3.5819,2.0283,28.0096,2.3617,12.4299,11.8096,3.9322,6.227,12.474,25.7155,34.7783,112.978,5.793,0.0,5.585101,18.143324,1.904603,26,54,52,2,0.08497762,0.12788192,-0.62147576,0E-8,0.000000,0.946706,0.000000,0.81895011,2026-03-29,2026-08-06,47,83,83,131,0.358779,1.052520,1.048057,0.283259,,,,,,,,GLOBAL_BASELINE_NO_ENTITY_RANKING,,,NOT_APPLICABLE_GLOBAL_BASELINE,HF9g-P5,,,,X 全窗基线 · 不参与实体赏罚,6874010,688,A168_HF9F_20260827_0900,2026-08-27 09:00:00
2026-04-12,142067009,-1,1,3.9263932152,-3.9263932152,-3.9263932152,0E-7,1,1,0.49324550000000000,0.493245500000,-0.9865810262130424,-0.9865810262130424,-0.9865810262130424,0E-17,SENTINEL_DEALER,R03b_20260811_FULL_v1,L1_ELIGIBILITY,v2026-08-11,2026-03-21..2026-08-06,baccarat_bet02_101_all_pairs_incl_sentinel,round_win = game_pnl > 0 (decisive only),COMPATIBILITY_ONLY_NOT_PRODUCTION,1316.4500,1246.2916,168.3502,111,111,-0.12788192,0.62147576,-0.19747435,-0.12788192,-168.3502,1316.4500,OK,0.0000,6.7340,4.0000,96.0000,AG03-UNRESOLVED,ALL5_LEVELS_bet23_to_bet27,6.7340,6.7340,8.4175,8.4175,8.4175,4.000000,4.000000,5.000000,5.000000,5.000000,96.000000,96.000000,95.000000,95.000000,95.000000,5.0,38.7205,35.3271,129.6296,133.023,PENDING_AG03,FALSE,NOT_FOR_ENFORCEMENT,161.6162,1196.4399,168.3502,161.6162,6.7340,0.12788192,0.12276665,6.7340,161.6162,0.12276665,6.7340,6.7340,8.4175,8.4175,8.4175,161.6162,0.12276665,38.7205,35.3271,129.6296,133.023,0.09846908,0.10104677,0.00511528,11.8599,11.2279,1.5167,3.5819,2.0283,28.0096,2.3617,12.4299,11.8096,3.9322,6.227,12.474,25.7155,34.7783,112.978,5.793,0.0,5.585101,18.143324,1.904603,26,54,52,2,0.08497762,0.12788192,-0.62147576,0E-8,0.000000,0.946706,0.000000,0.81895011,2026-03-29,2026-08-06,47,83,83,131,0.358779,1.052520,1.048057,0.283259,,,,,,,,GLOBAL_BASELINE_NO_ENTITY_RANKING,,,NOT_APPLICABLE_GLOBAL_BASELINE,HF9g-P5,,,,X 全窗基线 · 不参与实体赏罚,6874011,688,A168_HF9F_20260827_0900,2026-08-27 09:00:00
2026-04-12,142067009,1004,0,10.7321414549,-10.7321414549,-10.7321414549,0E-7,1,1,0.50665070000000000,0.506650700000,-1.013391052207602,-1.013391052207602,-1.013391052207602,0E-17,ELIGIBLE,R03b_20260811_FULL_v1,L1_ELIGIBILITY,v2026-08-11,2026-03-21..2026-08-06,baccarat_bet02_101_all_pairs_incl_sentinel,round_win = game_pnl > 0 (decisive only),COMPATIBILITY_ONLY_NOT_PRODUCTION,1316.4500,1246.2916,168.3502,111,111,-0.12788192,0.62147576,-0.19747435,-0.12788192,-168.3502,1316.4500,OK,0.0000,6.7340,4.0000,96.0000,AG03-UNRESOLVED,ALL5_LEVELS_bet23_to_bet27,6.7340,6.7340,8.4175,8.4175,8.4175,4.000000,4.000000,5.000000,5.000000,5.000000,96.000000,96.000000,95.000000,95.000000,95.000000,5.0,38.7205,35.3271,129.6296,133.023,PENDING_AG03,FALSE,NOT_FOR_ENFORCEMENT,161.6162,1196.4399,168.3502,161.6162,6.7340,0.12788192,0.12276665,6.7340,161.6162,0.12276665,6.7340,6.7340,8.4175,8.4175,8.4175,161.6162,0.12276665,38.7205,35.3271,129.6296,133.023,0.09846908,0.10104677,0.00511528,11.8599,11.2279,1.5167,3.5819,2.0283,28.0096,2.3617,12.4299,11.8096,3.9322,6.227,12.474,25.7155,34.7783,112.978,5.793,0.0,5.585101,18.143324,1.904603,26,54,52,2,0.08497762,0.12788192,-0.62147576,0E-8,0.000000,0.946706,0.000000,0.81895011,2026-03-29,2026-08-06,47,83,83,131,0.358779,1.052520,1.048057,0.283259,,,,,,,,GLOBAL_BASELINE_NO_ENTITY_RANKING,,,NOT_APPLICABLE_GLOBAL_BASELINE,HF9g-P5,,,,X 全窗基线 · 不参与实体赏罚,6874012,688,A168_HF9F_20260827_0900,2026-08-27 09:00:00
2026-04-12,142067009,2101,0,4.9734314059,4.7247598356,4.7247598356,1.0000000,1,1,0.50665070000000000,0.506650700000,0.9867858985152569,0.9867858985152569,0.9867858985152569,0E-17,ELIGIBLE,R03b_20260811_FULL_v1,L1_ELIGIBILITY,v2026-08-11,2026-03-21..2026-08-06,baccarat_bet02_101_all_pairs_incl_sentinel,round_win = game_pnl > 0 (decisive only),COMPATIBILITY_ONLY_NOT_PRODUCTION,1316.4500,1246.2916,168.3502,111,111,-0.12788192,0.62147576,-0.19747435,-0.12788192,-168.3502,1316.4500,OK,0.0000,6.7340,4.0000,96.0000,AG03-UNRESOLVED,ALL5_LEVELS_bet23_to_bet27,6.7340,6.7340,8.4175,8.4175,8.4175,4.000000,4.000000,5.000000,5.000000,5.000000,96.000000,96.000000,95.000000,95.000000,95.000000,5.0,38.7205,35.3271,129.6296,133.023,PENDING_AG03,FALSE,NOT_FOR_ENFORCEMENT,161.6162,1196.4399,168.3502,161.6162,6.7340,0.12788192,0.12276665,6.7340,161.6162,0.12276665,6.7340,6.7340,8.4175,8.4175,8.4175,161.6162,0.12276665,38.7205,35.3271,129.6296,133.023,0.09846908,0.10104677,0.00511528,11.8599,11.2279,1.5167,3.5819,2.0283,28.0096,2.3617,12.4299,11.8096,3.9322,6.227,12.474,25.7155,34.7783,112.978,5.793,0.0,5.585101,18.143324,1.904603,26,54,52,2,0.08497762,0.12788192,-0.62147576,0E-8,0.000000,0.946706,0.000000,0.81895011,2026-03-29,2026-08-06,47,83,83,131,0.358779,1.052520,1.048057,0.283259,,,,,,,,GLOBAL_BASELINE_NO_ENTITY_RANKING,,,NOT_APPLICABLE_GLOBAL_BASELINE,HF9g-P5,,,,X 全窗基线 · 不参与实体赏罚,6874013,688,A168_HF9F_20260827_0900,2026-08-27 09:00:00
2026-04-14,142067009,1399,0,4.4499123106,-4.4499123106,-4.4499123106,0E-7,1,1,0.50665070000000000,0.506650700000,-1.013391052207602,-1.013391052207602,-1.013391052207602,0E-17,ELIGIBLE,R03b_20260811_FULL_v1,L1_ELIGIBILITY,v2026-08-11,2026-03-21..2026-08-06,baccarat_bet02_101_all_pairs_incl_sentinel,round_win = game_pnl > 0 (decisive only),COMPATIBILITY_ONLY_NOT_PRODUCTION,1316.4500,1246.2916,168.3502,111,111,-0.12788192,0.62147576,-0.19747435,-0.12788192,-168.3502,1316.4500,OK,0.0000,6.7340,4.0000,96.0000,AG03-UNRESOLVED,ALL5_LEVELS_bet23_to_bet27,6.7340,6.7340,8.4175,8.4175,8.4175,4.000000,4.000000,5.000000,5.000000,5.000000,96.000000,96.000000,95.000000,95.000000,95.000000,5.0,38.7205,35.3271,129.6296,133.023,PENDING_AG03,FALSE,NOT_FOR_ENFORCEMENT,161.6162,1196.4399,168.3502,161.6162,6.7340,0.12788192,0.12276665,6.7340,161.6162,0.12276665,6.7340,6.7340,8.4175,8.4175,8.4175,161.6162,0.12276665,38.7205,35.3271,129.6296,133.023,0.09846908,0.10104677,0.00511528,11.8599,11.2279,1.5167,3.5819,2.0283,28.0096,2.3617,12.4299,11.8096,3.9322,6.227,12.474,25.7155,34.7783,112.978,5.793,0.0,5.585101,18.143324,1.904603,26,54,52,2,0.08497762,0.12788192,-0.62147576,0E-8,0.000000,0.946706,0.000000,0.81895011,2026-03-29,2026-08-06,47,83,83,131,0.358779,1.052520,1.048057,0.283259,,,,,,,,GLOBAL_BASELINE_NO_ENTITY_RANKING,,,NOT_APPLICABLE_GLOBAL_BASELINE,HF9g-P5,,,,X 全窗基线 · 不参与实体赏罚,6874014,688,A168_HF9F_20260827_0900,2026-08-27 09:00:00
2026-04-19,142067009,1291,0,4.1881527629,-4.1881527629,-4.1881527629,0E-7,1,1,0.49324550000000000,0.493245500000,-0.9865810262130424,-0.9865810262130424,-0.9865810262130424,0E-17,ELIGIBLE,R03b_20260811_FULL_v1,L1_ELIGIBILITY,v2026-08-11,2026-03-21..2026-08-06,baccarat_bet02_101_all_pairs_incl_sentinel,round_win = game_pnl > 0 (decisive only),COMPATIBILITY_ONLY_NOT_PRODUCTION,1316.4500,1246.2916,168.3502,111,111,-0.12788192,0.62147576,-0.19747435,-0.12788192,-168.3502,1316.4500,OK,0.0000,6.7340,4.0000,96.0000,AG03-UNRESOLVED,ALL5_LEVELS_bet23_to_bet27,6.7340,6.7340,8.4175,8.4175,8.4175,4.000000,4.000000,5.000000,5.000000,5.000000,96.000000,96.000000,95.000000,95.000000,95.000000,5.0,38.7205,35.3271,129.6296,133.023,PENDING_AG03,FALSE,NOT_FOR_ENFORCEMENT,161.6162,1196.4399,168.3502,161.6162,6.7340,0.12788192,0.12276665,6.7340,161.6162,0.12276665,6.7340,6.7340,8.4175,8.4175,8.4175,161.6162,0.12276665,38.7205,35.3271,129.6296,133.023,0.09846908,0.10104677,0.00511528,11.8599,11.2279,1.5167,3.5819,2.0283,28.0096,2.3617,12.4299,11.8096,3.9322,6.227,12.474,25.7155,34.7783,112.978,5.793,0.0,5.585101,18.143324,1.904603,26,54,52,2,0.08497762,0.12788192,-0.62147576,0E-8,0.000000,0.946706,0.000000,0.81895011,2026-03-29,2026-08-06,47,83,83,131,0.358779,1.052520,1.048057,0.283259,,,,,,,,GLOBAL_BASELINE_NO_ENTITY_RANKING,,,NOT_APPLICABLE_GLOBAL_BASELINE,HF9g-P5,,,,X 全窗基线 · 不参与实体赏罚,6874015,688,A168_HF9F_20260827_0900,2026-08-27 09:00:00
2026-04-29,142067009,1384,0,3.4028741198,-3.4028741198,-3.4028741198,0E-7,1,1,0.49324550000000000,0.493245500000,-0.9865810262130424,-0.9865810262130424,-0.9865810262130424,0E-17,ELIGIBLE,R03b_20260811_FULL_v1,L1_ELIGIBILITY,v2026-08-11,2026-03-21..2026-08-06,baccarat_bet02_101_all_pairs_incl_sentinel,round_win = game_pnl > 0 (decisive only),COMPATIBILITY_ONLY_NOT_PRODUCTION,1316.4500,1246.2916,168.3502,111,111,-0.12788192,0.62147576,-0.19747435,-0.12788192,-168.3502,1316.4500,OK,0.0000,6.7340,4.0000,96.0000,AG03-UNRESOLVED,ALL5_LEVELS_bet23_to_bet27,6.7340,6.7340,8.4175,8.4175,8.4175,4.000000,4.000000,5.000000,5.000000,5.000000,96.000000,96.000000,95.000000,95.000000,95.000000,5.0,38.7205,35.3271,129.6296,133.023,PENDING_AG03,FALSE,NOT_FOR_ENFORCEMENT,161.6162,1196.4399,168.3502,161.6162,6.7340,0.12788192,0.12276665,6.7340,161.6162,0.12276665,6.7340,6.7340,8.4175,8.4175,8.4175,161.6162,0.12276665,38.7205,35.3271,129.6296,133.023,0.09846908,0.10104677,0.00511528,11.8599,11.2279,1.5167,3.5819,2.0283,28.0096,2.3617,12.4299,11.8096,3.9322,6.227,12.474,25.7155,34.7783,112.978,5.793,0.0,5.585101,18.143324,1.904603,26,54,52,2,0.08497762,0.12788192,-0.62147576,0E-8,0.000000,0.946706,0.000000,0.81895011,2026-03-29,2026-08-06,47,83,83,131,0.358779,1.052520,1.048057,0.283259,,,,,,,,GLOBAL_BASELINE_NO_ENTITY_RANKING,,,NOT_APPLICABLE_GLOBAL_BASELINE,HF9g-P5,,,,X 全窗基线 · 不参与实体赏罚,6874016,688,A168_HF9F_20260827_0900,2026-08-27 09:00:00
2026-04-30,142067009,2142,0,9.4233437165,9.2662879878,9.2662879878,1.0000000,2,2,0.49994810000000000,0.499948100000,1.4143603653603398,1.4143603653603398,1.4143603653603398,0E-17,ELIGIBLE,R03b_20260811_FULL_v1,L1_ELIGIBILITY,v2026-08-11,2026-03-21..2026-08-06,baccarat_bet02_101_all_pairs_incl_sentinel,round_win = game_pnl > 0 (decisive only),COMPATIBILITY_ONLY_NOT_PRODUCTION,1316.4500,1246.2916,168.3502,111,111,-0.12788192,0.62147576,-0.19747435,-0.12788192,-168.3502,1316.4500,OK,0.0000,6.7340,4.0000,96.0000,AG03-UNRESOLVED,ALL5_LEVELS_bet23_to_bet27,6.7340,6.7340,8.4175,8.4175,8.4175,4.000000,4.000000,5.000000,5.000000,5.000000,96.000000,96.000000,95.000000,95.000000,95.000000,5.0,38.7205,35.3271,129.6296,133.023,PENDING_AG03,FALSE,NOT_FOR_ENFORCEMENT,161.6162,1196.4399,168.3502,161.6162,6.7340,0.12788192,0.12276665,6.7340,161.6162,0.12276665,6.7340,6.7340,8.4175,8.4175,8.4175,161.6162,0.12276665,38.7205,35.3271,129.6296,133.023,0.09846908,0.10104677,0.00511528,11.8599,11.2279,1.5167,3.5819,2.0283,28.0096,2.3617,12.4299,11.8096,3.9322,6.227,12.474,25.7155,34.7783,112.978,5.793,0.0,5.585101,18.143324,1.904603,26,54,52,2,0.08497762,0.12788192,-0.62147576,0E-8,0.000000,0.946706,0.000000,0.81895011,2026-03-29,2026-08-06,47,83,83,131,0.358779,1.052520,1.048057,0.283259,,,,,,,,GLOBAL_BASELINE_NO_ENTITY_RANKING,,,NOT_APPLICABLE_GLOBAL_BASELINE,HF9g-P5,,,,X 全窗基线 · 不参与实体赏罚,6874017,688,A168_HF9F_20260827_0900,2026-08-27 09:00:00
2026-04-30,142067009,948,0,2.5945721551,-2.5945721551,-2.5945721551,0E-7,1,1,0.50665070000000000,0.506650700000,-1.013391052207602,-1.013391052207602,-1.013391052207602,0E-17,ELIGIBLE,R03b_20260811_FULL_v1,L1_ELIGIBILITY,v2026-08-11,2026-03-21..2026-08-06,baccarat_bet02_101_all_pairs_incl_sentinel,round_win = game_pnl > 0 (decisive only),COMPATIBILITY_ONLY_NOT_PRODUCTION,1316.4500,1246.2916,168.3502,111,111,-0.12788192,0.62147576,-0.19747435,-0.12788192,-168.3502,1316.4500,OK,0.0000,6.7340,4.0000,96.0000,AG03-UNRESOLVED,ALL5_LEVELS_bet23_to_bet27,6.7340,6.7340,8.4175,8.4175,8.4175,4.000000,4.000000,5.000000,5.000000,5.000000,96.000000,96.000000,95.000000,95.000000,95.000000,5.0,38.7205,35.3271,129.6296,133.023,PENDING_AG03,FALSE,NOT_FOR_ENFORCEMENT,161.6162,1196.4399,168.3502,161.6162,6.7340,0.12788192,0.12276665,6.7340,161.6162,0.12276665,6.7340,6.7340,8.4175,8.4175,8.4175,161.6162,0.12276665,38.7205,35.3271,129.6296,133.023,0.09846908,0.10104677,0.00511528,11.8599,11.2279,1.5167,3.5819,2.0283,28.0096,2.3617,12.4299,11.8096,3.9322,6.227,12.474,25.7155,34.7783,112.978,5.793,0.0,5.585101,18.143324,1.904603,26,54,52,2,0.08497762,0.12788192,-0.62147576,0E-8,0.000000,0.946706,0.000000,0.81895011,2026-03-29,2026-08-06,47,83,83,131,0.358779,1.052520,1.048057,0.283259,,,,,,,,GLOBAL_BASELINE_NO_ENTITY_RANKING,,,NOT_APPLICABLE_GLOBAL_BASELINE,HF9g-P5,,,,X 全窗基线 · 不参与实体赏罚,6874018,688,A168_HF9F_20260827_0900,2026-08-27 09:00:00
2026-05-01,142067009,2188,0,5.1891443101,5.1891443101,5.1891443101,1.0000000,1,1,0.49324550000000000,0.493245500000,1.01360149184955,1.01360149184955,1.01360149184955,0E-17,ELIGIBLE,R03b_20260811_FULL_v1,L1_ELIGIBILITY,v2026-08-11,2026-03-21..2026-08-06,baccarat_bet02_101_all_pairs_incl_sentinel,round_win = game_pnl > 0 (decisive only),COMPATIBILITY_ONLY_NOT_PRODUCTION,1316.4500,1246.2916,168.3502,111,111,-0.12788192,0.62147576,-0.19747435,-0.12788192,-168.3502,1316.4500,OK,0.0000,6.7340,4.0000,96.0000,AG03-UNRESOLVED,ALL5_LEVELS_bet23_to_bet27,6.7340,6.7340,8.4175,8.4175,8.4175,4.000000,4.000000,5.000000,5.000000,5.000000,96.000000,96.000000,95.000000,95.000000,95.000000,5.0,38.7205,35.3271,129.6296,133.023,PENDING_AG03,FALSE,NOT_FOR_ENFORCEMENT,161.6162,1196.4399,168.3502,161.6162,6.7340,0.12788192,0.12276665,6.7340,161.6162,0.12276665,6.7340,6.7340,8.4175,8.4175,8.4175,161.6162,0.12276665,38.7205,35.3271,129.6296,133.023,0.09846908,0.10104677,0.00511528,11.8599,11.2279,1.5167,3.5819,2.0283,28.0096,2.3617,12.4299,11.8096,3.9322,6.227,12.474,25.7155,34.7783,112.978,5.793,0.0,5.585101,18.143324,1.904603,26,54,52,2,0.08497762,0.12788192,-0.62147576,0E-8,0.000000,0.946706,0.000000,0.81895011,2026-03-29,2026-08-06,47,83,83,131,0.358779,1.052520,1.048057,0.283259,,,,,,,,GLOBAL_BASELINE_NO_ENTITY_RANKING,,,NOT_APPLICABLE_GLOBAL_BASELINE,HF9g-P5,,,,X 全窗基线 · 不参与实体赏罚,6874019,688,A168_HF9F_20260827_0900,2026-08-27 09:00:00
2026-05-02,142067009,-1,1,9.8593741892,9.6907269991,9.6907269991,1.0000000,2,2,0.49994810000000000,0.499948100000,1.4143603653603398,1.4143603653603398,1.4143603653603398,0E-17,SENTINEL_DEALER,R03b_20260811_FULL_v1,L1_ELIGIBILITY,v2026-08-11,2026-03-21..2026-08-06,baccarat_bet02_101_all_pairs_incl_sentinel,round_win = game_pnl > 0 (decisive only),COMPATIBILITY_ONLY_NOT_PRODUCTION,1316.4500,1246.2916,168.3502,111,111,-0.12788192,0.62147576,-0.19747435,-0.12788192,-168.3502,1316.4500,OK,0.0000,6.7340,4.0000,96.0000,AG03-UNRESOLVED,ALL5_LEVELS_bet23_to_bet27,6.7340,6.7340,8.4175,8.4175,8.4175,4.000000,4.000000,5.000000,5.000000,5.000000,96.000000,96.000000,95.000000,95.000000,95.000000,5.0,38.7205,35.3271,129.6296,133.023,PENDING_AG03,FALSE,NOT_FOR_ENFORCEMENT,161.6162,1196.4399,168.3502,161.6162,6.7340,0.12788192,0.12276665,6.7340,161.6162,0.12276665,6.7340,6.7340,8.4175,8.4175,8.4175,161.6162,0.12276665,38.7205,35.3271,129.6296,133.023,0.09846908,0.10104677,0.00511528,11.8599,11.2279,1.5167,3.5819,2.0283,28.0096,2.3617,12.4299,11.8096,3.9322,6.227,12.474,25.7155,34.7783,112.978,5.793,0.0,5.585101,18.143324,1.904603,26,54,52,2,0.08497762,0.12788192,-0.62147576,0E-8,0.000000,0.946706,0.000000,0.81895011,2026-03-29,2026-08-06,47,83,83,131,0.358779,1.052520,1.048057,0.283259,,,,,,,,GLOBAL_BASELINE_NO_ENTITY_RANKING,,,NOT_APPLICABLE_GLOBAL_BASELINE,HF9g-P5,,,,X 全窗基线 · 不参与实体赏罚,6874020,688,A168_HF9F_20260827_0900,2026-08-27 09:00:00
2026-05-02,142067009,2216,0,17.9025478699,-2.5945721550,-2.5945721550,0.6666667,3,3,0.49771390000000000,0.497713900000,0.5852756695216578,0.5852756695216578,0.5852756695216578,0E-17,ELIGIBLE,R03b_20260811_FULL_v1,L1_ELIGIBILITY,v2026-08-11,2026-03-21..2026-08-06,baccarat_bet02_101_all_pairs_incl_sentinel,round_win = game_pnl > 0 (decisive only),COMPATIBILITY_ONLY_NOT_PRODUCTION,1316.4500,1246.2916,168.3502,111,111,-0.12788192,0.62147576,-0.19747435,-0.12788192,-168.3502,1316.4500,OK,0.0000,6.7340,4.0000,96.0000,AG03-UNRESOLVED,ALL5_LEVELS_bet23_to_bet27,6.7340,6.7340,8.4175,8.4175,8.4175,4.000000,4.000000,5.000000,5.000000,5.000000,96.000000,96.000000,95.000000,95.000000,95.000000,5.0,38.7205,35.3271,129.6296,133.023,PENDING_AG03,FALSE,NOT_FOR_ENFORCEMENT,161.6162,1196.4399,168.3502,161.6162,6.7340,0.12788192,0.12276665,6.7340,161.6162,0.12276665,6.7340,6.7340,8.4175,8.4175,8.4175,161.6162,0.12276665,38.7205,35.3271,129.6296,133.023,0.09846908,0.10104677,0.00511528,11.8599,11.2279,1.5167,3.5819,2.0283,28.0096,2.3617,12.4299,11.8096,3.9322,6.227,12.474,25.7155,34.7783,112.978,5.793,0.0,5.585101,18.143324,1.904603,26,54,52,2,0.08497762,0.12788192,-0.62147576,0E-8,0.000000,0.946706,0.000000,0.81895011,2026-03-29,2026-08-06,47,83,83,131,0.358779,1.052520,1.048057,0.283259,,,,,,,,GLOBAL_BASELINE_NO_ENTITY_RANKING,,,NOT_APPLICABLE_GLOBAL_BASELINE,HF9g-P5,,,,X 全窗基线 · 不参与实体赏罚,6874021,688,A168_HF9F_20260827_0900,2026-08-27 09:00:00
2026-05-03,142067009,-1,1,3.3729438016,-3.3729438016,-3.3729438016,0E-7,1,1,0.49324550000000000,0.493245500000,-0.9865810262130424,-0.9865810262130424,-0.9865810262130424,0E-17,SENTINEL_DEALER,R03b_20260811_FULL_v1,L1_ELIGIBILITY,v2026-08-11,2026-03-21..2026-08-06,baccarat_bet02_101_all_pairs_incl_sentinel,round_win = game_pnl > 0 (decisive only),COMPATIBILITY_ONLY_NOT_PRODUCTION,1316.4500,1246.2916,168.3502,111,111,-0.12788192,0.62147576,-0.19747435,-0.12788192,-168.3502,1316.4500,OK,0.0000,6.7340,4.0000,96.0000,AG03-UNRESOLVED,ALL5_LEVELS_bet23_to_bet27,6.7340,6.7340,8.4175,8.4175,8.4175,4.000000,4.000000,5.000000,5.000000,5.000000,96.000000,96.000000,95.000000,95.000000,95.000000,5.0,38.7205,35.3271,129.6296,133.023,PENDING_AG03,FALSE,NOT_FOR_ENFORCEMENT,161.6162,1196.4399,168.3502,161.6162,6.7340,0.12788192,0.12276665,6.7340,161.6162,0.12276665,6.7340,6.7340,8.4175,8.4175,8.4175,161.6162,0.12276665,38.7205,35.3271,129.6296,133.023,0.09846908,0.10104677,0.00511528,11.8599,11.2279,1.5167,3.5819,2.0283,28.0096,2.3617,12.4299,11.8096,3.9322,6.227,12.474,25.7155,34.7783,112.978,5.793,0.0,5.585101,18.143324,1.904603,26,54,52,2,0.08497762,0.12788192,-0.62147576,0E-8,0.000000,0.946706,0.000000,0.81895011,2026-03-29,2026-08-06,47,83,83,131,0.358779,1.052520,1.048057,0.283259,,,,,,,,GLOBAL_BASELINE_NO_ENTITY_RANKING,,,NOT_APPLICABLE_GLOBAL_BASELINE,HF9g-P5,,,,X 全窗基线 · 不参与实体赏罚,6874022,688,A168_HF9F_20260827_0900,2026-08-27 09:00:00
2026-05-03,142067009,1363,0,8.3026308962,2.7113279020,2.7113279020,1.0000000,2,2,0.50665070000000000,0.506650700000,0.9867858985152569,0.9867858985152569,0.9867858985152569,0E-17,ELIGIBLE,R03b_20260811_FULL_v1,L1_ELIGIBILITY,v2026-08-11,2026-03-21..2026-08-06,baccarat_bet02_101_all_pairs_incl_sentinel,round_win = game_pnl > 0 (decisive only),COMPATIBILITY_ONLY_NOT_PRODUCTION,1316.4500,1246.2916,168.3502,111,111,-0.12788192,0.62147576,-0.19747435,-0.12788192,-168.3502,1316.4500,OK,0.0000,6.7340,4.0000,96.0000,AG03-UNRESOLVED,ALL5_LEVELS_bet23_to_bet27,6.7340,6.7340,8.4175,8.4175,8.4175,4.000000,4.000000,5.000000,5.000000,5.000000,96.000000,96.000000,95.000000,95.000000,95.000000,5.0,38.7205,35.3271,129.6296,133.023,PENDING_AG03,FALSE,NOT_FOR_ENFORCEMENT,161.6162,1196.4399,168.3502,161.6162,6.7340,0.12788192,0.12276665,6.7340,161.6162,0.12276665,6.7340,6.7340,8.4175,8.4175,8.4175,161.6162,0.12276665,38.7205,35.3271,129.6296,133.023,0.09846908,0.10104677,0.00511528,11.8599,11.2279,1.5167,3.5819,2.0283,28.0096,2.3617,12.4299,11.8096,3.9322,6.227,12.474,25.7155,34.7783,112.978,5.793,0.0,5.585101,18.143324,1.904603,26,54,52,2,0.08497762,0.12788192,-0.62147576,0E-8,0.000000,0.946706,0.000000,0.81895011,2026-03-29,2026-08-06,47,83,83,131,0.358779,1.052520,1.048057,0.283259,,,,,,,,GLOBAL_BASELINE_NO_ENTITY_RANKING,,,NOT_APPLICABLE_GLOBAL_BASELINE,HF9g-P5,,,,X 全窗基线 · 不参与实体赏罚,6874023,688,A168_HF9F_20260827_0900,2026-08-27 09:00:00
2026-05-03,142067009,1646,0,16.0863473613,-5.4615743864,-5.4615743864,0.5000000,2,2,0.50665070000000000,0.506650700000,-0.018812684590367487,-0.018812684590367487,-0.018812684590367487,0E-17,ELIGIBLE,R03b_20260811_FULL_v1,L1_ELIGIBILITY,v2026-08-11,2026-03-21..2026-08-06,baccarat_bet02_101_all_pairs_incl_sentinel,round_win = game_pnl > 0 (decisive only),COMPATIBILITY_ONLY_NOT_PRODUCTION,1316.4500,1246.2916,168.3502,111,111,-0.12788192,0.62147576,-0.19747435,-0.12788192,-168.3502,1316.4500,OK,0.0000,6.7340,4.0000,96.0000,AG03-UNRESOLVED,ALL5_LEVELS_bet23_to_bet27,6.7340,6.7340,8.4175,8.4175,8.4175,4.000000,4.000000,5.000000,5.000000,5.000000,96.000000,96.000000,95.000000,95.000000,95.000000,5.0,38.7205,35.3271,129.6296,133.023,PENDING_AG03,FALSE,NOT_FOR_ENFORCEMENT,161.6162,1196.4399,168.3502,161.6162,6.7340,0.12788192,0.12276665,6.7340,161.6162,0.12276665,6.7340,6.7340,8.4175,8.4175,8.4175,161.6162,0.12276665,38.7205,35.3271,129.6296,133.023,0.09846908,0.10104677,0.00511528,11.8599,11.2279,1.5167,3.5819,2.0283,28.0096,2.3617,12.4299,11.8096,3.9322,6.227,12.474,25.7155,34.7783,112.978,5.793,0.0,5.585101,18.143324,1.904603,26,54,52,2,0.08497762,0.12788192,-0.62147576,0E-8,0.000000,0.946706,0.000000,0.81895011,2026-03-29,2026-08-06,47,83,83,131,0.358779,1.052520,1.048057,0.283259,,,,,,,,GLOBAL_BASELINE_NO_ENTITY_RANKING,,,NOT_APPLICABLE_GLOBAL_BASELINE,HF9g-P5,,,,X 全窗基线 · 不参与实体赏罚,6874024,688,A168_HF9F_20260827_0900,2026-08-27 09:00:00
2026-05-04,142067009,1401,0,10.8972030512,3.4507809662,3.4507809662,1.0000000,2,2,0.50665070000000000,0.506650700000,0.9867858985152569,0.9867858985152569,0.9867858985152569,0E-17,ELIGIBLE,R03b_20260811_FULL_v1,L1_ELIGIBILITY,v2026-08-11,2026-03-21..2026-08-06,baccarat_bet02_101_all_pairs_incl_sentinel,round_win = game_pnl > 0 (decisive only),COMPATIBILITY_ONLY_NOT_PRODUCTION,1316.4500,1246.2916,168.3502,111,111,-0.12788192,0.62147576,-0.19747435,-0.12788192,-168.3502,1316.4500,OK,0.0000,6.7340,4.0000,96.0000,AG03-UNRESOLVED,ALL5_LEVELS_bet23_to_bet27,6.7340,6.7340,8.4175,8.4175,8.4175,4.000000,4.000000,5.000000,5.000000,5.000000,96.000000,96.000000,95.000000,95.000000,95.000000,5.0,38.7205,35.3271,129.6296,133.023,PENDING_AG03,FALSE,NOT_FOR_ENFORCEMENT,161.6162,1196.4399,168.3502,161.6162,6.7340,0.12788192,0.12276665,6.7340,161.6162,0.12276665,6.7340,6.7340,8.4175,8.4175,8.4175,161.6162,0.12276665,38.7205,35.3271,129.6296,133.023,0.09846908,0.10104677,0.00511528,11.8599,11.2279,1.5167,3.5819,2.0283,28.0096,2.3617,12.4299,11.8096,3.9322,6.227,12.474,25.7155,34.7783,112.978,5.793,0.0,5.585101,18.143324,1.904603,26,54,52,2,0.08497762,0.12788192,-0.62147576,0E-8,0.000000,0.946706,0.000000,0.81895011,2026-03-29,2026-08-06,47,83,83,131,0.358779,1.052520,1.048057,0.283259,,,,,,,,GLOBAL_BASELINE_NO_ENTITY_RANKING,,,NOT_APPLICABLE_GLOBAL_BASELINE,HF9g-P5,,,,X 全窗基线 · 不参与实体赏罚,6874025,688,A168_HF9F_20260827_0900,2026-08-27 09:00:00
2026-05-04,142067009,2155,0,3.8918582326,0E-10,0E-10,,1,1,0.50665070000000000,0.506650700000,,,,0E-17,NO_DECISIVE_ROUND,R03b_20260811_FULL_v1,L1_ELIGIBILITY,v2026-08-11,2026-03-21..2026-08-06,baccarat_bet02_101_all_pairs_incl_sentinel,round_win = game_pnl > 0 (decisive only),COMPATIBILITY_ONLY_NOT_PRODUCTION,1316.4500,1246.2916,168.3502,111,111,-0.12788192,0.62147576,-0.19747435,-0.12788192,-168.3502,1316.4500,OK,0.0000,6.7340,4.0000,96.0000,AG03-UNRESOLVED,ALL5_LEVELS_bet23_to_bet27,6.7340,6.7340,8.4175,8.4175,8.4175,4.000000,4.000000,5.000000,5.000000,5.000000,96.000000,96.000000,95.000000,95.000000,95.000000,5.0,38.7205,35.3271,129.6296,133.023,PENDING_AG03,FALSE,NOT_FOR_ENFORCEMENT,161.6162,1196.4399,168.3502,161.6162,6.7340,0.12788192,0.12276665,6.7340,161.6162,0.12276665,6.7340,6.7340,8.4175,8.4175,8.4175,161.6162,0.12276665,38.7205,35.3271,129.6296,133.023,0.09846908,0.10104677,0.00511528,11.8599,11.2279,1.5167,3.5819,2.0283,28.0096,2.3617,12.4299,11.8096,3.9322,6.227,12.474,25.7155,34.7783,112.978,5.793,0.0,5.585101,18.143324,1.904603,26,54,52,2,0.08497762,0.12788192,-0.62147576,0E-8,0.000000,0.946706,0.000000,0.81895011,2026-03-29,2026-08-06,47,83,83,131,0.358779,1.052520,1.048057,0.283259,,,,,,,,GLOBAL_BASELINE_NO_ENTITY_RANKING,,,NOT_APPLICABLE_GLOBAL_BASELINE,HF9g-P5,,,,X 全窗基线 · 不参与实体赏罚,6874026,688,A168_HF9F_20260827_0900,2026-08-27 09:00:00
2026-05-04,142067009,2201,0,7.2648020341,7.2648020341,7.2648020341,1.0000000,1,1,0.49324550000000000,0.493245500000,1.01360149184955,1.01360149184955,1.01360149184955,0E-17,ELIGIBLE,R03b_20260811_FULL_v1,L1_ELIGIBILITY,v2026-08-11,2026-03-21..2026-08-06,baccarat_bet02_101_all_pairs_incl_sentinel,round_win = game_pnl > 0 (decisive only),COMPATIBILITY_ONLY_NOT_PRODUCTION,1316.4500,1246.2916,168.3502,111,111,-0.12788192,0.62147576,-0.19747435,-0.12788192,-168.3502,1316.4500,OK,0.0000,6.7340,4.0000,96.0000,AG03-UNRESOLVED,ALL5_LEVELS_bet23_to_bet27,6.7340,6.7340,8.4175,8.4175,8.4175,4.000000,4.000000,5.000000,5.000000,5.000000,96.000000,96.000000,95.000000,95.000000,95.000000,5.0,38.7205,35.3271,129.6296,133.023,PENDING_AG03,FALSE,NOT_FOR_ENFORCEMENT,161.6162,1196.4399,168.3502,161.6162,6.7340,0.12788192,0.12276665,6.7340,161.6162,0.12276665,6.7340,6.7340,8.4175,8.4175,8.4175,161.6162,0.12276665,38.7205,35.3271,129.6296,133.023,0.09846908,0.10104677,0.00511528,11.8599,11.2279,1.5167,3.5819,2.0283,28.0096,2.3617,12.4299,11.8096,3.9322,6.227,12.474,25.7155,34.7783,112.978,5.793,0.0,5.585101,18.143324,1.904603,26,54,52,2,0.08497762,0.12788192,-0.62147576,0E-8,0.000000,0.946706,0.000000,0.81895011,2026-03-29,2026-08-06,47,83,83,131,0.358779,1.052520,1.048057,0.283259,,,,,,,,GLOBAL_BASELINE_NO_ENTITY_RANKING,,,NOT_APPLICABLE_GLOBAL_BASELINE,HF9g-P5,,,,X 全窗基线 · 不参与实体赏罚,6874027,688,A168_HF9F_20260827_0900,2026-08-27 09:00:00
2026-05-04,142067009,2224,0,6.7458876031,-6.7458876031,-6.7458876031,0E-7,1,1,0.49324550000000000,0.493245500000,-0.9865810262130424,-0.9865810262130424,-0.9865810262130424,0E-17,ELIGIBLE,R03b_20260811_FULL_v1,L1_ELIGIBILITY,v2026-08-11,2026-03-21..2026-08-06,baccarat_bet02_101_all_pairs_incl_sentinel,round_win = game_pnl > 0 (decisive only),COMPATIBILITY_ONLY_NOT_PRODUCTION,1316.4500,1246.2916,168.3502,111,111,-0.12788192,0.62147576,-0.19747435,-0.12788192,-168.3502,1316.4500,OK,0.0000,6.7340,4.0000,96.0000,AG03-UNRESOLVED,ALL5_LEVELS_bet23_to_bet27,6.7340,6.7340,8.4175,8.4175,8.4175,4.000000,4.000000,5.000000,5.000000,5.000000,96.000000,96.000000,95.000000,95.000000,95.000000,5.0,38.7205,35.3271,129.6296,133.023,PENDING_AG03,FALSE,NOT_FOR_ENFORCEMENT,161.6162,1196.4399,168.3502,161.6162,6.7340,0.12788192,0.12276665,6.7340,161.6162,0.12276665,6.7340,6.7340,8.4175,8.4175,8.4175,161.6162,0.12276665,38.7205,35.3271,129.6296,133.023,0.09846908,0.10104677,0.00511528,11.8599,11.2279,1.5167,3.5819,2.0283,28.0096,2.3617,12.4299,11.8096,3.9322,6.227,12.474,25.7155,34.7783,112.978,5.793,0.0,5.585101,18.143324,1.904603,26,54,52,2,0.08497762,0.12788192,-0.62147576,0E-8,0.000000,0.946706,0.000000,0.81895011,2026-03-29,2026-08-06,47,83,83,131,0.358779,1.052520,1.048057,0.283259,,,,,,,,GLOBAL_BASELINE_NO_ENTITY_RANKING,,,NOT_APPLICABLE_GLOBAL_BASELINE,HF9g-P5,,,,X 全窗基线 · 不参与实体赏罚,6874028,688,A168_HF9F_20260827_0900,2026-08-27 09:00:00
2026-05-04,142067009,2252,0,14.2701468528,-14.2701468528,-14.2701468528,0E-7,1,1,0.50665070000000000,0.506650700000,-1.013391052207602,-1.013391052207602,-1.013391052207602,0E-17,ELIGIBLE,R03b_20260811_FULL_v1,L1_ELIGIBILITY,v2026-08-11,2026-03-21..2026-08-06,baccarat_bet02_101_all_pairs_incl_sentinel,round_win = game_pnl > 0 (decisive only),COMPATIBILITY_ONLY_NOT_PRODUCTION,1316.4500,1246.2916,168.3502,111,111,-0.12788192,0.62147576,-0.19747435,-0.12788192,-168.3502,1316.4500,OK,0.0000,6.7340,4.0000,96.0000,AG03-UNRESOLVED,ALL5_LEVELS_bet23_to_bet27,6.7340,6.7340,8.4175,8.4175,8.4175,4.000000,4.000000,5.000000,5.000000,5.000000,96.000000,96.000000,95.000000,95.000000,95.000000,5.0,38.7205,35.3271,129.6296,133.023,PENDING_AG03,FALSE,NOT_FOR_ENFORCEMENT,161.6162,1196.4399,168.3502,161.6162,6.7340,0.12788192,0.12276665,6.7340,161.6162,0.12276665,6.7340,6.7340,8.4175,8.4175,8.4175,161.6162,0.12276665,38.7205,35.3271,129.6296,133.023,0.09846908,0.10104677,0.00511528,11.8599,11.2279,1.5167,3.5819,2.0283,28.0096,2.3617,12.4299,11.8096,3.9322,6.227,12.474,25.7155,34.7783,112.978,5.793,0.0,5.585101,18.143324,1.904603,26,54,52,2,0.08497762,0.12788192,-0.62147576,0E-8,0.000000,0.946706,0.000000,0.81895011,2026-03-29,2026-08-06,47,83,83,131,0.358779,1.052520,1.048057,0.283259,,,,,,,,GLOBAL_BASELINE_NO_ENTITY_RANKING,,,NOT_APPLICABLE_GLOBAL_BASELINE,HF9g-P5,,,,X 全窗基线 · 不参与实体赏罚,6874029,688,A168_HF9F_20260827_0900,2026-08-27 09:00:00
2026-05-04,142067009,2256,0,3.3729438016,3.3729438016,3.3729438016,1.0000000,1,1,0.49324550000000000,0.493245500000,1.01360149184955,1.01360149184955,1.01360149184955,0E-17,ELIGIBLE,R03b_20260811_FULL_v1,L1_ELIGIBILITY,v2026-08-11,2026-03-21..2026-08-06,baccarat_bet02_101_all_pairs_incl_sentinel,round_win = game_pnl > 0 (decisive only),COMPATIBILITY_ONLY_NOT_PRODUCTION,1316.4500,1246.2916,168.3502,111,111,-0.12788192,0.62147576,-0.19747435,-0.12788192,-168.3502,1316.4500,OK,0.0000,6.7340,4.0000,96.0000,AG03-UNRESOLVED,ALL5_LEVELS_bet23_to_bet27,6.7340,6.7340,8.4175,8.4175,8.4175,4.000000,4.000000,5.000000,5.000000,5.000000,96.000000,96.000000,95.000000,95.000000,95.000000,5.0,38.7205,35.3271,129.6296,133.023,PENDING_AG03,FALSE,NOT_FOR_ENFORCEMENT,161.6162,1196.4399,168.3502,161.6162,6.7340,0.12788192,0.12276665,6.7340,161.6162,0.12276665,6.7340,6.7340,8.4175,8.4175,8.4175,161.6162,0.12276665,38.7205,35.3271,129.6296,133.023,0.09846908,0.10104677,0.00511528,11.8599,11.2279,1.5167,3.5819,2.0283,28.0096,2.3617,12.4299,11.8096,3.9322,6.227,12.474,25.7155,34.7783,112.978,5.793,0.0,5.585101,18.143324,1.904603,26,54,52,2,0.08497762,0.12788192,-0.62147576,0E-8,0.000000,0.946706,0.000000,0.81895011,2026-03-29,2026-08-06,47,83,83,131,0.358779,1.052520,1.048057,0.283259,,,,,,,,GLOBAL_BASELINE_NO_ENTITY_RANKING,,,NOT_APPLICABLE_GLOBAL_BASELINE,HF9g-P5,,,,X 全窗基线 · 不参与实体赏罚,6874030,688,A168_HF9F_20260827_0900,2026-08-27 09:00:00
2026-05-04,142067009,583,0,58.3778734887,-0.1945929116,-0.1945929116,0.5000000,4,4,0.50665070000000000,0.506650700000,-0.02660515369234503,-0.02660515369234503,-0.02660515369234503,0E-17,ELIGIBLE,R03b_20260811_FULL_v1,L1_ELIGIBILITY,v2026-08-11,2026-03-21..2026-08-06,baccarat_bet02_101_all_pairs_incl_sentinel,round_win = game_pnl > 0 (decisive only),COMPATIBILITY_ONLY_NOT_PRODUCTION,1316.4500,1246.2916,168.3502,111,111,-0.12788192,0.62147576,-0.19747435,-0.12788192,-168.3502,1316.4500,OK,0.0000,6.7340,4.0000,96.0000,AG03-UNRESOLVED,ALL5_LEVELS_bet23_to_bet27,6.7340,6.7340,8.4175,8.4175,8.4175,4.000000,4.000000,5.000000,5.000000,5.000000,96.000000,96.000000,95.000000,95.000000,95.000000,5.0,38.7205,35.3271,129.6296,133.023,PENDING_AG03,FALSE,NOT_FOR_ENFORCEMENT,161.6162,1196.4399,168.3502,161.6162,6.7340,0.12788192,0.12276665,6.7340,161.6162,0.12276665,6.7340,6.7340,8.4175,8.4175,8.4175,161.6162,0.12276665,38.7205,35.3271,129.6296,133.023,0.09846908,0.10104677,0.00511528,11.8599,11.2279,1.5167,3.5819,2.0283,28.0096,2.3617,12.4299,11.8096,3.9322,6.227,12.474,25.7155,34.7783,112.978,5.793,0.0,5.585101,18.143324,1.904603,26,54,52,2,0.08497762,0.12788192,-0.62147576,0E-8,0.000000,0.946706,0.000000,0.81895011,2026-03-29,2026-08-06,47,83,83,131,0.358779,1.052520,1.048057,0.283259,,,,,,,,GLOBAL_BASELINE_NO_ENTITY_RANKING,,,NOT_APPLICABLE_GLOBAL_BASELINE,HF9g-P5,,,,X 全窗基线 · 不参与实体赏罚,6874031,688,A168_HF9F_20260827_0900,2026-08-27 09:00:00
2026-05-04,142067009,986,0,3.8918582326,-3.8918582326,-3.8918582326,0E-7,1,1,0.50665070000000000,0.506650700000,-1.013391052207602,-1.013391052207602,-1.013391052207602,0E-17,ELIGIBLE,R03b_20260811_FULL_v1,L1_ELIGIBILITY,v2026-08-11,2026-03-21..2026-08-06,baccarat_bet02_101_all_pairs_incl_sentinel,round_win = game_pnl > 0 (decisive only),COMPATIBILITY_ONLY_NOT_PRODUCTION,1316.4500,1246.2916,168.3502,111,111,-0.12788192,0.62147576,-0.19747435,-0.12788192,-168.3502,1316.4500,OK,0.0000,6.7340,4.0000,96.0000,AG03-UNRESOLVED,ALL5_LEVELS_bet23_to_bet27,6.7340,6.7340,8.4175,8.4175,8.4175,4.000000,4.000000,5.000000,5.000000,5.000000,96.000000,96.000000,95.000000,95.000000,95.000000,5.0,38.7205,35.3271,129.6296,133.023,PENDING_AG03,FALSE,NOT_FOR_ENFORCEMENT,161.6162,1196.4399,168.3502,161.6162,6.7340,0.12788192,0.12276665,6.7340,161.6162,0.12276665,6.7340,6.7340,8.4175,8.4175,8.4175,161.6162,0.12276665,38.7205,35.3271,129.6296,133.023,0.09846908,0.10104677,0.00511528,11.8599,11.2279,1.5167,3.5819,2.0283,28.0096,2.3617,12.4299,11.8096,3.9322,6.227,12.474,25.7155,34.7783,112.978,5.793,0.0,5.585101,18.143324,1.904603,26,54,52,2,0.08497762,0.12788192,-0.62147576,0E-8,0.000000,0.946706,0.000000,0.81895011,2026-03-29,2026-08-06,47,83,83,131,0.358779,1.052520,1.048057,0.283259,,,,,,,,GLOBAL_BASELINE_NO_ENTITY_RANKING,,,NOT_APPLICABLE_GLOBAL_BASELINE,HF9g-P5,,,,X 全窗基线 · 不参与实体赏罚,6874032,688,A168_HF9F_20260827_0900,2026-08-27 09:00:00
2026-05-06,142067009,2256,0,8.3026308962,-8.3026308962,-8.3026308962,0E-7,1,1,0.50665070000000000,0.506650700000,-1.013391052207602,-1.013391052207602,-1.013391052207602,0E-17,ELIGIBLE,R03b_20260811_FULL_v1,L1_ELIGIBILITY,v2026-08-11,2026-03-21..2026-08-06,baccarat_bet02_101_all_pairs_incl_sentinel,round_win = game_pnl > 0 (decisive only),COMPATIBILITY_ONLY_NOT_PRODUCTION,1316.4500,1246.2916,168.3502,111,111,-0.12788192,0.62147576,-0.19747435,-0.12788192,-168.3502,1316.4500,OK,0.0000,6.7340,4.0000,96.0000,AG03-UNRESOLVED,ALL5_LEVELS_bet23_to_bet27,6.7340,6.7340,8.4175,8.4175,8.4175,4.000000,4.000000,5.000000,5.000000,5.000000,96.000000,96.000000,95.000000,95.000000,95.000000,5.0,38.7205,35.3271,129.6296,133.023,PENDING_AG03,FALSE,NOT_FOR_ENFORCEMENT,161.6162,1196.4399,168.3502,161.6162,6.7340,0.12788192,0.12276665,6.7340,161.6162,0.12276665,6.7340,6.7340,8.4175,8.4175,8.4175,161.6162,0.12276665,38.7205,35.3271,129.6296,133.023,0.09846908,0.10104677,0.00511528,11.8599,11.2279,1.5167,3.5819,2.0283,28.0096,2.3617,12.4299,11.8096,3.9322,6.227,12.474,25.7155,34.7783,112.978,5.793,0.0,5.585101,18.143324,1.904603,26,54,52,2,0.08497762,0.12788192,-0.62147576,0E-8,0.000000,0.946706,0.000000,0.81895011,2026-03-29,2026-08-06,47,83,83,131,0.358779,1.052520,1.048057,0.283259,,,,,,,,GLOBAL_BASELINE_NO_ENTITY_RANKING,,,NOT_APPLICABLE_GLOBAL_BASELINE,HF9g-P5,,,,X 全窗基线 · 不参与实体赏罚,6874033,688,A168_HF9F_20260827_0900,2026-08-27 09:00:00
2026-05-08,142067009,1405,0,5.9675159566,-5.9675159566,-5.9675159566,0E-7,1,1,0.50665070000000000,0.506650700000,-1.013391052207602,-1.013391052207602,-1.013391052207602,0E-17,ELIGIBLE,R03b_20260811_FULL_v1,L1_ELIGIBILITY,v2026-08-11,2026-03-21..2026-08-06,baccarat_bet02_101_all_pairs_incl_sentinel,round_win = game_pnl > 0 (decisive only),COMPATIBILITY_ONLY_NOT_PRODUCTION,1316.4500,1246.2916,168.3502,111,111,-0.12788192,0.62147576,-0.19747435,-0.12788192,-168.3502,1316.4500,OK,0.0000,6.7340,4.0000,96.0000,AG03-UNRESOLVED,ALL5_LEVELS_bet23_to_bet27,6.7340,6.7340,8.4175,8.4175,8.4175,4.000000,4.000000,5.000000,5.000000,5.000000,96.000000,96.000000,95.000000,95.000000,95.000000,5.0,38.7205,35.3271,129.6296,133.023,PENDING_AG03,FALSE,NOT_FOR_ENFORCEMENT,161.6162,1196.4399,168.3502,161.6162,6.7340,0.12788192,0.12276665,6.7340,161.6162,0.12276665,6.7340,6.7340,8.4175,8.4175,8.4175,161.6162,0.12276665,38.7205,35.3271,129.6296,133.023,0.09846908,0.10104677,0.00511528,11.8599,11.2279,1.5167,3.5819,2.0283,28.0096,2.3617,12.4299,11.8096,3.9322,6.227,12.474,25.7155,34.7783,112.978,5.793,0.0,5.585101,18.143324,1.904603,26,54,52,2,0.08497762,0.12788192,-0.62147576,0E-8,0.000000,0.946706,0.000000,0.81895011,2026-03-29,2026-08-06,47,83,83,131,0.358779,1.052520,1.048057,0.283259,,,,,,,,GLOBAL_BASELINE_NO_ENTITY_RANKING,,,NOT_APPLICABLE_GLOBAL_BASELINE,HF9g-P5,,,,X 全窗基线 · 不参与实体赏罚,6874034,688,A168_HF9F_20260827_0900,2026-08-27 09:00:00
2026-05-09,142067009,2169,0,4.4107726636,4.4107726636,4.4107726636,1.0000000,1,1,0.49324550000000000,0.493245500000,1.01360149184955,1.01360149184955,1.01360149184955,0E-17,ELIGIBLE,R03b_20260811_FULL_v1,L1_ELIGIBILITY,v2026-08-11,2026-03-21..2026-08-06,baccarat_bet02_101_all_pairs_incl_sentinel,round_win = game_pnl > 0 (decisive only),COMPATIBILITY_ONLY_NOT_PRODUCTION,1316.4500,1246.2916,168.3502,111,111,-0.12788192,0.62147576,-0.19747435,-0.12788192,-168.3502,1316.4500,OK,0.0000,6.7340,4.0000,96.0000,AG03-UNRESOLVED,ALL5_LEVELS_bet23_to_bet27,6.7340,6.7340,8.4175,8.4175,8.4175,4.000000,4.000000,5.000000,5.000000,5.000000,96.000000,96.000000,95.000000,95.000000,95.000000,5.0,38.7205,35.3271,129.6296,133.023,PENDING_AG03,FALSE,NOT_FOR_ENFORCEMENT,161.6162,1196.4399,168.3502,161.6162,6.7340,0.12788192,0.12276665,6.7340,161.6162,0.12276665,6.7340,6.7340,8.4175,8.4175,8.4175,161.6162,0.12276665,38.7205,35.3271,129.6296,133.023,0.09846908,0.10104677,0.00511528,11.8599,11.2279,1.5167,3.5819,2.0283,28.0096,2.3617,12.4299,11.8096,3.9322,6.227,12.474,25.7155,34.7783,112.978,5.793,0.0,5.585101,18.143324,1.904603,26,54,52,2,0.08497762,0.12788192,-0.62147576,0E-8,0.000000,0.946706,0.000000,0.81895011,2026-03-29,2026-08-06,47,83,83,131,0.358779,1.052520,1.048057,0.283259,,,,,,,,GLOBAL_BASELINE_NO_ENTITY_RANKING,,,NOT_APPLICABLE_GLOBAL_BASELINE,HF9g-P5,,,,X 全窗基线 · 不参与实体赏罚,6874035,688,A168_HF9F_20260827_0900,2026-08-27 09:00:00
2026-05-09,142067009,948,0,4.4107726636,0E-10,0E-10,,1,1,0.50665070000000000,0.506650700000,,,,0E-17,NO_DECISIVE_ROUND,R03b_20260811_FULL_v1,L1_ELIGIBILITY,v2026-08-11,2026-03-21..2026-08-06,baccarat_bet02_101_all_pairs_incl_sentinel,round_win = game_pnl > 0 (decisive only),COMPATIBILITY_ONLY_NOT_PRODUCTION,1316.4500,1246.2916,168.3502,111,111,-0.12788192,0.62147576,-0.19747435,-0.12788192,-168.3502,1316.4500,OK,0.0000,6.7340,4.0000,96.0000,AG03-UNRESOLVED,ALL5_LEVELS_bet23_to_bet27,6.7340,6.7340,8.4175,8.4175,8.4175,4.000000,4.000000,5.000000,5.000000,5.000000,96.000000,96.000000,95.000000,95.000000,95.000000,5.0,38.7205,35.3271,129.6296,133.023,PENDING_AG03,FALSE,NOT_FOR_ENFORCEMENT,161.6162,1196.4399,168.3502,161.6162,6.7340,0.12788192,0.12276665,6.7340,161.6162,0.12276665,6.7340,6.7340,8.4175,8.4175,8.4175,161.6162,0.12276665,38.7205,35.3271,129.6296,133.023,0.09846908,0.10104677,0.00511528,11.8599,11.2279,1.5167,3.5819,2.0283,28.0096,2.3617,12.4299,11.8096,3.9322,6.227,12.474,25.7155,34.7783,112.978,5.793,0.0,5.585101,18.143324,1.904603,26,54,52,2,0.08497762,0.12788192,-0.62147576,0E-8,0.000000,0.946706,0.000000,0.81895011,2026-03-29,2026-08-06,47,83,83,131,0.358779,1.052520,1.048057,0.283259,,,,,,,,GLOBAL_BASELINE_NO_ENTITY_RANKING,,,NOT_APPLICABLE_GLOBAL_BASELINE,HF9g-P5,,,,X 全窗基线 · 不参与实体赏罚,6874036,688,A168_HF9F_20260827_0900,2026-08-27 09:00:00
2026-05-10,142067009,-1,1,4.6702298791,-4.6702298791,-4.6702298791,0E-7,1,1,0.49324550000000000,0.493245500000,-0.9865810262130424,-0.9865810262130424,-0.9865810262130424,0E-17,SENTINEL_DEALER,R03b_20260811_FULL_v1,L1_ELIGIBILITY,v2026-08-11,2026-03-21..2026-08-06,baccarat_bet02_101_all_pairs_incl_sentinel,round_win = game_pnl > 0 (decisive only),COMPATIBILITY_ONLY_NOT_PRODUCTION,1316.4500,1246.2916,168.3502,111,111,-0.12788192,0.62147576,-0.19747435,-0.12788192,-168.3502,1316.4500,OK,0.0000,6.7340,4.0000,96.0000,AG03-UNRESOLVED,ALL5_LEVELS_bet23_to_bet27,6.7340,6.7340,8.4175,8.4175,8.4175,4.000000,4.000000,5.000000,5.000000,5.000000,96.000000,96.000000,95.000000,95.000000,95.000000,5.0,38.7205,35.3271,129.6296,133.023,PENDING_AG03,FALSE,NOT_FOR_ENFORCEMENT,161.6162,1196.4399,168.3502,161.6162,6.7340,0.12788192,0.12276665,6.7340,161.6162,0.12276665,6.7340,6.7340,8.4175,8.4175,8.4175,161.6162,0.12276665,38.7205,35.3271,129.6296,133.023,0.09846908,0.10104677,0.00511528,11.8599,11.2279,1.5167,3.5819,2.0283,28.0096,2.3617,12.4299,11.8096,3.9322,6.227,12.474,25.7155,34.7783,112.978,5.793,0.0,5.585101,18.143324,1.904603,26,54,52,2,0.08497762,0.12788192,-0.62147576,0E-8,0.000000,0.946706,0.000000,0.81895011,2026-03-29,2026-08-06,47,83,83,131,0.358779,1.052520,1.048057,0.283259,,,,,,,,GLOBAL_BASELINE_NO_ENTITY_RANKING,,,NOT_APPLICABLE_GLOBAL_BASELINE,HF9g-P5,,,,X 全窗基线 · 不参与实体赏罚,6874037,688,A168_HF9F_20260827_0900,2026-08-27 09:00:00
2026-05-12,142067009,1330,0,3.6324010171,-3.6324010171,-3.6324010171,0E-7,1,1,0.50665070000000000,0.506650700000,-1.013391052207602,-1.013391052207602,-1.013391052207602,0E-17,ELIGIBLE,R03b_20260811_FULL_v1,L1_ELIGIBILITY,v2026-08-11,2026-03-21..2026-08-06,baccarat_bet02_101_all_pairs_incl_sentinel,round_win = game_pnl > 0 (decisive only),COMPATIBILITY_ONLY_NOT_PRODUCTION,1316.4500,1246.2916,168.3502,111,111,-0.12788192,0.62147576,-0.19747435,-0.12788192,-168.3502,1316.4500,OK,0.0000,6.7340,4.0000,96.0000,AG03-UNRESOLVED,ALL5_LEVELS_bet23_to_bet27,6.7340,6.7340,8.4175,8.4175,8.4175,4.000000,4.000000,5.000000,5.000000,5.000000,96.000000,96.000000,95.000000,95.000000,95.000000,5.0,38.7205,35.3271,129.6296,133.023,PENDING_AG03,FALSE,NOT_FOR_ENFORCEMENT,161.6162,1196.4399,168.3502,161.6162,6.7340,0.12788192,0.12276665,6.7340,161.6162,0.12276665,6.7340,6.7340,8.4175,8.4175,8.4175,161.6162,0.12276665,38.7205,35.3271,129.6296,133.023,0.09846908,0.10104677,0.00511528,11.8599,11.2279,1.5167,3.5819,2.0283,28.0096,2.3617,12.4299,11.8096,3.9322,6.227,12.474,25.7155,34.7783,112.978,5.793,0.0,5.585101,18.143324,1.904603,26,54,52,2,0.08497762,0.12788192,-0.62147576,0E-8,0.000000,0.946706,0.000000,0.81895011,2026-03-29,2026-08-06,47,83,83,131,0.358779,1.052520,1.048057,0.283259,,,,,,,,GLOBAL_BASELINE_NO_ENTITY_RANKING,,,NOT_APPLICABLE_GLOBAL_BASELINE,HF9g-P5,,,,X 全窗基线 · 不参与实体赏罚,6874038,688,A168_HF9F_20260827_0900,2026-08-27 09:00:00
2026-05-17,142067009,1210,0,9.3404597582,-3.1134865860,-3.1134865860,0.5000000,2,2,0.49324550000000000,0.493245500000,0.01910635448239258,0.01910635448239258,0.01910635448239258,0E-17,ELIGIBLE,R03b_20260811_FULL_v1,L1_ELIGIBILITY,v2026-08-11,2026-03-21..2026-08-06,baccarat_bet02_101_all_pairs_incl_sentinel,round_win = game_pnl > 0 (decisive only),COMPATIBILITY_ONLY_NOT_PRODUCTION,1316.4500,1246.2916,168.3502,111,111,-0.12788192,0.62147576,-0.19747435,-0.12788192,-168.3502,1316.4500,OK,0.0000,6.7340,4.0000,96.0000,AG03-UNRESOLVED,ALL5_LEVELS_bet23_to_bet27,6.7340,6.7340,8.4175,8.4175,8.4175,4.000000,4.000000,5.000000,5.000000,5.000000,96.000000,96.000000,95.000000,95.000000,95.000000,5.0,38.7205,35.3271,129.6296,133.023,PENDING_AG03,FALSE,NOT_FOR_ENFORCEMENT,161.6162,1196.4399,168.3502,161.6162,6.7340,0.12788192,0.12276665,6.7340,161.6162,0.12276665,6.7340,6.7340,8.4175,8.4175,8.4175,161.6162,0.12276665,38.7205,35.3271,129.6296,133.023,0.09846908,0.10104677,0.00511528,11.8599,11.2279,1.5167,3.5819,2.0283,28.0096,2.3617,12.4299,11.8096,3.9322,6.227,12.474,25.7155,34.7783,112.978,5.793,0.0,5.585101,18.143324,1.904603,26,54,52,2,0.08497762,0.12788192,-0.62147576,0E-8,0.000000,0.946706,0.000000,0.81895011,2026-03-29,2026-08-06,47,83,83,131,0.358779,1.052520,1.048057,0.283259,,,,,,,,GLOBAL_BASELINE_NO_ENTITY_RANKING,,,NOT_APPLICABLE_GLOBAL_BASELINE,HF9g-P5,,,,X 全窗基线 · 不参与实体赏罚,6874039,688,A168_HF9F_20260827_0900,2026-08-27 09:00:00
2026-05-22,142067009,1151,0,3.3729438016,3.3729438016,3.3729438016,1.0000000,1,1,0.49324550000000000,0.493245500000,1.01360149184955,1.01360149184955,1.01360149184955,0E-17,ELIGIBLE,R03b_20260811_FULL_v1,L1_ELIGIBILITY,v2026-08-11,2026-03-21..2026-08-06,baccarat_bet02_101_all_pairs_incl_sentinel,round_win = game_pnl > 0 (decisive only),COMPATIBILITY_ONLY_NOT_PRODUCTION,1316.4500,1246.2916,168.3502,111,111,-0.12788192,0.62147576,-0.19747435,-0.12788192,-168.3502,1316.4500,OK,0.0000,6.7340,4.0000,96.0000,AG03-UNRESOLVED,ALL5_LEVELS_bet23_to_bet27,6.7340,6.7340,8.4175,8.4175,8.4175,4.000000,4.000000,5.000000,5.000000,5.000000,96.000000,96.000000,95.000000,95.000000,95.000000,5.0,38.7205,35.3271,129.6296,133.023,PENDING_AG03,FALSE,NOT_FOR_ENFORCEMENT,161.6162,1196.4399,168.3502,161.6162,6.7340,0.12788192,0.12276665,6.7340,161.6162,0.12276665,6.7340,6.7340,8.4175,8.4175,8.4175,161.6162,0.12276665,38.7205,35.3271,129.6296,133.023,0.09846908,0.10104677,0.00511528,11.8599,11.2279,1.5167,3.5819,2.0283,28.0096,2.3617,12.4299,11.8096,3.9322,6.227,12.474,25.7155,34.7783,112.978,5.793,0.0,5.585101,18.143324,1.904603,26,54,52,2,0.08497762,0.12788192,-0.62147576,0E-8,0.000000,0.946706,0.000000,0.81895011,2026-03-29,2026-08-06,47,83,83,131,0.358779,1.052520,1.048057,0.283259,,,,,,,,GLOBAL_BASELINE_NO_ENTITY_RANKING,,,NOT_APPLICABLE_GLOBAL_BASELINE,HF9g-P5,,,,X 全窗基线 · 不参与实体赏罚,6874040,688,A168_HF9F_20260827_0900,2026-08-27 09:00:00
2026-05-22,142067009,2171,0,6.7458876031,-6.7458876031,-6.7458876031,0E-7,1,1,0.50665070000000000,0.506650700000,-1.013391052207602,-1.013391052207602,-1.013391052207602,0E-17,ELIGIBLE,R03b_20260811_FULL_v1,L1_ELIGIBILITY,v2026-08-11,2026-03-21..2026-08-06,baccarat_bet02_101_all_pairs_incl_sentinel,round_win = game_pnl > 0 (decisive only),COMPATIBILITY_ONLY_NOT_PRODUCTION,1316.4500,1246.2916,168.3502,111,111,-0.12788192,0.62147576,-0.19747435,-0.12788192,-168.3502,1316.4500,OK,0.0000,6.7340,4.0000,96.0000,AG03-UNRESOLVED,ALL5_LEVELS_bet23_to_bet27,6.7340,6.7340,8.4175,8.4175,8.4175,4.000000,4.000000,5.000000,5.000000,5.000000,96.000000,96.000000,95.000000,95.000000,95.000000,5.0,38.7205,35.3271,129.6296,133.023,PENDING_AG03,FALSE,NOT_FOR_ENFORCEMENT,161.6162,1196.4399,168.3502,161.6162,6.7340,0.12788192,0.12276665,6.7340,161.6162,0.12276665,6.7340,6.7340,8.4175,8.4175,8.4175,161.6162,0.12276665,38.7205,35.3271,129.6296,133.023,0.09846908,0.10104677,0.00511528,11.8599,11.2279,1.5167,3.5819,2.0283,28.0096,2.3617,12.4299,11.8096,3.9322,6.227,12.474,25.7155,34.7783,112.978,5.793,0.0,5.585101,18.143324,1.904603,26,54,52,2,0.08497762,0.12788192,-0.62147576,0E-8,0.000000,0.946706,0.000000,0.81895011,2026-03-29,2026-08-06,47,83,83,131,0.358779,1.052520,1.048057,0.283259,,,,,,,,GLOBAL_BASELINE_NO_ENTITY_RANKING,,,NOT_APPLICABLE_GLOBAL_BASELINE,HF9g-P5,,,,X 全窗基线 · 不参与实体赏罚,6874041,688,A168_HF9F_20260827_0900,2026-08-27 09:00:00
2026-05-23,142067009,2169,0,7.5242592496,7.5242592496,7.5242592496,1.0000000,1,1,0.49324550000000000,0.493245500000,1.01360149184955,1.01360149184955,1.01360149184955,0E-17,ELIGIBLE,R03b_20260811_FULL_v1,L1_ELIGIBILITY,v2026-08-11,2026-03-21..2026-08-06,baccarat_bet02_101_all_pairs_incl_sentinel,round_win = game_pnl > 0 (decisive only),COMPATIBILITY_ONLY_NOT_PRODUCTION,1316.4500,1246.2916,168.3502,111,111,-0.12788192,0.62147576,-0.19747435,-0.12788192,-168.3502,1316.4500,OK,0.0000,6.7340,4.0000,96.0000,AG03-UNRESOLVED,ALL5_LEVELS_bet23_to_bet27,6.7340,6.7340,8.4175,8.4175,8.4175,4.000000,4.000000,5.000000,5.000000,5.000000,96.000000,96.000000,95.000000,95.000000,95.000000,5.0,38.7205,35.3271,129.6296,133.023,PENDING_AG03,FALSE,NOT_FOR_ENFORCEMENT,161.6162,1196.4399,168.3502,161.6162,6.7340,0.12788192,0.12276665,6.7340,161.6162,0.12276665,6.7340,6.7340,8.4175,8.4175,8.4175,161.6162,0.12276665,38.7205,35.3271,129.6296,133.023,0.09846908,0.10104677,0.00511528,11.8599,11.2279,1.5167,3.5819,2.0283,28.0096,2.3617,12.4299,11.8096,3.9322,6.227,12.474,25.7155,34.7783,112.978,5.793,0.0,5.585101,18.143324,1.904603,26,54,52,2,0.08497762,0.12788192,-0.62147576,0E-8,0.000000,0.946706,0.000000,0.81895011,2026-03-29,2026-08-06,47,83,83,131,0.358779,1.052520,1.048057,0.283259,,,,,,,,GLOBAL_BASELINE_NO_ENTITY_RANKING,,,NOT_APPLICABLE_GLOBAL_BASELINE,HF9g-P5,,,,X 全窗基线 · 不参与实体赏罚,6874042,688,A168_HF9F_20260827_0900,2026-08-27 09:00:00
2026-05-24,142067009,1221,0,8.3026308962,-8.3026308962,-8.3026308962,0E-7,1,1,0.49324550000000000,0.493245500000,-0.9865810262130424,-0.9865810262130424,-0.9865810262130424,0E-17,ELIGIBLE,R03b_20260811_FULL_v1,L1_ELIGIBILITY,v2026-08-11,2026-03-21..2026-08-06,baccarat_bet02_101_all_pairs_incl_sentinel,round_win = game_pnl > 0 (decisive only),COMPATIBILITY_ONLY_NOT_PRODUCTION,1316.4500,1246.2916,168.3502,111,111,-0.12788192,0.62147576,-0.19747435,-0.12788192,-168.3502,1316.4500,OK,0.0000,6.7340,4.0000,96.0000,AG03-UNRESOLVED,ALL5_LEVELS_bet23_to_bet27,6.7340,6.7340,8.4175,8.4175,8.4175,4.000000,4.000000,5.000000,5.000000,5.000000,96.000000,96.000000,95.000000,95.000000,95.000000,5.0,38.7205,35.3271,129.6296,133.023,PENDING_AG03,FALSE,NOT_FOR_ENFORCEMENT,161.6162,1196.4399,168.3502,161.6162,6.7340,0.12788192,0.12276665,6.7340,161.6162,0.12276665,6.7340,6.7340,8.4175,8.4175,8.4175,161.6162,0.12276665,38.7205,35.3271,129.6296,133.023,0.09846908,0.10104677,0.00511528,11.8599,11.2279,1.5167,3.5819,2.0283,28.0096,2.3617,12.4299,11.8096,3.9322,6.227,12.474,25.7155,34.7783,112.978,5.793,0.0,5.585101,18.143324,1.904603,26,54,52,2,0.08497762,0.12788192,-0.62147576,0E-8,0.000000,0.946706,0.000000,0.81895011,2026-03-29,2026-08-06,47,83,83,131,0.358779,1.052520,1.048057,0.283259,,,,,,,,GLOBAL_BASELINE_NO_ENTITY_RANKING,,,NOT_APPLICABLE_GLOBAL_BASELINE,HF9g-P5,,,,X 全窗基线 · 不参与实体赏罚,6874043,688,A168_HF9F_20260827_0900,2026-08-27 09:00:00
2026-05-29,142067009,1702,0,20.2376628094,-6.7458876032,-6.7458876032,0.5000000,2,2,0.49994810000000000,0.499948100000,0.00014679536856514622,0.00014679536856514622,0.00014679536856514622,0E-17,ELIGIBLE,R03b_20260811_FULL_v1,L1_ELIGIBILITY,v2026-08-11,2026-03-21..2026-08-06,baccarat_bet02_101_all_pairs_incl_sentinel,round_win = game_pnl > 0 (decisive only),COMPATIBILITY_ONLY_NOT_PRODUCTION,1316.4500,1246.2916,168.3502,111,111,-0.12788192,0.62147576,-0.19747435,-0.12788192,-168.3502,1316.4500,OK,0.0000,6.7340,4.0000,96.0000,AG03-UNRESOLVED,ALL5_LEVELS_bet23_to_bet27,6.7340,6.7340,8.4175,8.4175,8.4175,4.000000,4.000000,5.000000,5.000000,5.000000,96.000000,96.000000,95.000000,95.000000,95.000000,5.0,38.7205,35.3271,129.6296,133.023,PENDING_AG03,FALSE,NOT_FOR_ENFORCEMENT,161.6162,1196.4399,168.3502,161.6162,6.7340,0.12788192,0.12276665,6.7340,161.6162,0.12276665,6.7340,6.7340,8.4175,8.4175,8.4175,161.6162,0.12276665,38.7205,35.3271,129.6296,133.023,0.09846908,0.10104677,0.00511528,11.8599,11.2279,1.5167,3.5819,2.0283,28.0096,2.3617,12.4299,11.8096,3.9322,6.227,12.474,25.7155,34.7783,112.978,5.793,0.0,5.585101,18.143324,1.904603,26,54,52,2,0.08497762,0.12788192,-0.62147576,0E-8,0.000000,0.946706,0.000000,0.81895011,2026-03-29,2026-08-06,47,83,83,131,0.358779,1.052520,1.048057,0.283259,,,,,,,,GLOBAL_BASELINE_NO_ENTITY_RANKING,,,NOT_APPLICABLE_GLOBAL_BASELINE,HF9g-P5,,,,X 全窗基线 · 不参与实体赏罚,6874044,688,A168_HF9F_20260827_0900,2026-08-27 09:00:00
2026-05-29,142067009,2171,0,6.7458876031,0E-10,0E-10,,1,1,0.49324550000000000,0.493245500000,,,,0E-17,NO_DECISIVE_ROUND,R03b_20260811_FULL_v1,L1_ELIGIBILITY,v2026-08-11,2026-03-21..2026-08-06,baccarat_bet02_101_all_pairs_incl_sentinel,round_win = game_pnl > 0 (decisive only),COMPATIBILITY_ONLY_NOT_PRODUCTION,1316.4500,1246.2916,168.3502,111,111,-0.12788192,0.62147576,-0.19747435,-0.12788192,-168.3502,1316.4500,OK,0.0000,6.7340,4.0000,96.0000,AG03-UNRESOLVED,ALL5_LEVELS_bet23_to_bet27,6.7340,6.7340,8.4175,8.4175,8.4175,4.000000,4.000000,5.000000,5.000000,5.000000,96.000000,96.000000,95.000000,95.000000,95.000000,5.0,38.7205,35.3271,129.6296,133.023,PENDING_AG03,FALSE,NOT_FOR_ENFORCEMENT,161.6162,1196.4399,168.3502,161.6162,6.7340,0.12788192,0.12276665,6.7340,161.6162,0.12276665,6.7340,6.7340,8.4175,8.4175,8.4175,161.6162,0.12276665,38.7205,35.3271,129.6296,133.023,0.09846908,0.10104677,0.00511528,11.8599,11.2279,1.5167,3.5819,2.0283,28.0096,2.3617,12.4299,11.8096,3.9322,6.227,12.474,25.7155,34.7783,112.978,5.793,0.0,5.585101,18.143324,1.904603,26,54,52,2,0.08497762,0.12788192,-0.62147576,0E-8,0.000000,0.946706,0.000000,0.81895011,2026-03-29,2026-08-06,47,83,83,131,0.358779,1.052520,1.048057,0.283259,,,,,,,,GLOBAL_BASELINE_NO_ENTITY_RANKING,,,NOT_APPLICABLE_GLOBAL_BASELINE,HF9g-P5,,,,X 全窗基线 · 不参与实体赏罚,6874045,688,A168_HF9F_20260827_0900,2026-08-27 09:00:00
2026-06-03,142067009,1331,0,24.9440687119,-24.9440687119,-24.9440687119,0E-7,1,1,0.50665070000000000,0.506650700000,-1.013391052207602,-1.013391052207602,-1.013391052207602,0E-17,ELIGIBLE,R03b_20260811_FULL_v1,L1_ELIGIBILITY,v2026-08-11,2026-03-21..2026-08-06,baccarat_bet02_101_all_pairs_incl_sentinel,round_win = game_pnl > 0 (decisive only),COMPATIBILITY_ONLY_NOT_PRODUCTION,1316.4500,1246.2916,168.3502,111,111,-0.12788192,0.62147576,-0.19747435,-0.12788192,-168.3502,1316.4500,OK,0.0000,6.7340,4.0000,96.0000,AG03-UNRESOLVED,ALL5_LEVELS_bet23_to_bet27,6.7340,6.7340,8.4175,8.4175,8.4175,4.000000,4.000000,5.000000,5.000000,5.000000,96.000000,96.000000,95.000000,95.000000,95.000000,5.0,38.7205,35.3271,129.6296,133.023,PENDING_AG03,FALSE,NOT_FOR_ENFORCEMENT,161.6162,1196.4399,168.3502,161.6162,6.7340,0.12788192,0.12276665,6.7340,161.6162,0.12276665,6.7340,6.7340,8.4175,8.4175,8.4175,161.6162,0.12276665,38.7205,35.3271,129.6296,133.023,0.09846908,0.10104677,0.00511528,11.8599,11.2279,1.5167,3.5819,2.0283,28.0096,2.3617,12.4299,11.8096,3.9322,6.227,12.474,25.7155,34.7783,112.978,5.793,0.0,5.585101,18.143324,1.904603,26,54,52,2,0.08497762,0.12788192,-0.62147576,0E-8,0.000000,0.946706,0.000000,0.81895011,2026-03-29,2026-08-06,47,83,83,131,0.358779,1.052520,1.048057,0.283259,,,,,,,,GLOBAL_BASELINE_NO_ENTITY_RANKING,,,NOT_APPLICABLE_GLOBAL_BASELINE,HF9g-P5,,,,X 全窗基线 · 不参与实体赏罚,6874046,688,A168_HF9F_20260827_0900,2026-08-27 09:00:00
2026-06-03,142067009,1507,0,12.8577673773,12.2148790084,12.2148790084,1.0000000,1,1,0.50665070000000000,0.506650700000,0.9867858985152569,0.9867858985152569,0.9867858985152569,0E-17,ELIGIBLE,R03b_20260811_FULL_v1,L1_ELIGIBILITY,v2026-08-11,2026-03-21..2026-08-06,baccarat_bet02_101_all_pairs_incl_sentinel,round_win = game_pnl > 0 (decisive only),COMPATIBILITY_ONLY_NOT_PRODUCTION,1316.4500,1246.2916,168.3502,111,111,-0.12788192,0.62147576,-0.19747435,-0.12788192,-168.3502,1316.4500,OK,0.0000,6.7340,4.0000,96.0000,AG03-UNRESOLVED,ALL5_LEVELS_bet23_to_bet27,6.7340,6.7340,8.4175,8.4175,8.4175,4.000000,4.000000,5.000000,5.000000,5.000000,96.000000,96.000000,95.000000,95.000000,95.000000,5.0,38.7205,35.3271,129.6296,133.023,PENDING_AG03,FALSE,NOT_FOR_ENFORCEMENT,161.6162,1196.4399,168.3502,161.6162,6.7340,0.12788192,0.12276665,6.7340,161.6162,0.12276665,6.7340,6.7340,8.4175,8.4175,8.4175,161.6162,0.12276665,38.7205,35.3271,129.6296,133.023,0.09846908,0.10104677,0.00511528,11.8599,11.2279,1.5167,3.5819,2.0283,28.0096,2.3617,12.4299,11.8096,3.9322,6.227,12.474,25.7155,34.7783,112.978,5.793,0.0,5.585101,18.143324,1.904603,26,54,52,2,0.08497762,0.12788192,-0.62147576,0E-8,0.000000,0.946706,0.000000,0.81895011,2026-03-29,2026-08-06,47,83,83,131,0.358779,1.052520,1.048057,0.283259,,,,,,,,GLOBAL_BASELINE_NO_ENTITY_RANKING,,,NOT_APPLICABLE_GLOBAL_BASELINE,HF9g-P5,,,,X 全窗基线 · 不参与实体赏罚,6874047,688,A168_HF9F_20260827_0900,2026-08-27 09:00:00
2026-06-04,142067009,1935,0,7.9718157739,7.5732249852,7.5732249852,1.0000000,1,1,0.50665070000000000,0.506650700000,0.9867858985152569,0.9867858985152569,0.9867858985152569,0E-17,ELIGIBLE,R03b_20260811_FULL_v1,L1_ELIGIBILITY,v2026-08-11,2026-03-21..2026-08-06,baccarat_bet02_101_all_pairs_incl_sentinel,round_win = game_pnl > 0 (decisive only),COMPATIBILITY_ONLY_NOT_PRODUCTION,1316.4500,1246.2916,168.3502,111,111,-0.12788192,0.62147576,-0.19747435,-0.12788192,-168.3502,1316.4500,OK,0.0000,6.7340,4.0000,96.0000,AG03-UNRESOLVED,ALL5_LEVELS_bet23_to_bet27,6.7340,6.7340,8.4175,8.4175,8.4175,4.000000,4.000000,5.000000,5.000000,5.000000,96.000000,96.000000,95.000000,95.000000,95.000000,5.0,38.7205,35.3271,129.6296,133.023,PENDING_AG03,FALSE,NOT_FOR_ENFORCEMENT,161.6162,1196.4399,168.3502,161.6162,6.7340,0.12788192,0.12276665,6.7340,161.6162,0.12276665,6.7340,6.7340,8.4175,8.4175,8.4175,161.6162,0.12276665,38.7205,35.3271,129.6296,133.023,0.09846908,0.10104677,0.00511528,11.8599,11.2279,1.5167,3.5819,2.0283,28.0096,2.3617,12.4299,11.8096,3.9322,6.227,12.474,25.7155,34.7783,112.978,5.793,0.0,5.585101,18.143324,1.904603,26,54,52,2,0.08497762,0.12788192,-0.62147576,0E-8,0.000000,0.946706,0.000000,0.81895011,2026-03-29,2026-08-06,47,83,83,131,0.358779,1.052520,1.048057,0.283259,,,,,,,,GLOBAL_BASELINE_NO_ENTITY_RANKING,,,NOT_APPLICABLE_GLOBAL_BASELINE,HF9g-P5,,,,X 全窗基线 · 不参与实体赏罚,6874048,688,A168_HF9F_20260827_0900,2026-08-27 09:00:00
2026-06-15,142067009,-1,1,51.4310695090,-25.7155347545,-25.7155347545,0E-7,2,2,0.50665070000000000,0.506650700000,-1.013391052207602,-1.013391052207602,-1.013391052207602,0E-17,SENTINEL_DEALER,R03b_20260811_FULL_v1,L1_ELIGIBILITY,v2026-08-11,2026-03-21..2026-08-06,baccarat_bet02_101_all_pairs_incl_sentinel,round_win = game_pnl > 0 (decisive only),COMPATIBILITY_ONLY_NOT_PRODUCTION,1316.4500,1246.2916,168.3502,111,111,-0.12788192,0.62147576,-0.19747435,-0.12788192,-168.3502,1316.4500,OK,0.0000,6.7340,4.0000,96.0000,AG03-UNRESOLVED,ALL5_LEVELS_bet23_to_bet27,6.7340,6.7340,8.4175,8.4175,8.4175,4.000000,4.000000,5.000000,5.000000,5.000000,96.000000,96.000000,95.000000,95.000000,95.000000,5.0,38.7205,35.3271,129.6296,133.023,PENDING_AG03,FALSE,NOT_FOR_ENFORCEMENT,161.6162,1196.4399,168.3502,161.6162,6.7340,0.12788192,0.12276665,6.7340,161.6162,0.12276665,6.7340,6.7340,8.4175,8.4175,8.4175,161.6162,0.12276665,38.7205,35.3271,129.6296,133.023,0.09846908,0.10104677,0.00511528,11.8599,11.2279,1.5167,3.5819,2.0283,28.0096,2.3617,12.4299,11.8096,3.9322,6.227,12.474,25.7155,34.7783,112.978,5.793,0.0,5.585101,18.143324,1.904603,26,54,52,2,0.08497762,0.12788192,-0.62147576,0E-8,0.000000,0.946706,0.000000,0.81895011,2026-03-29,2026-08-06,47,83,83,131,0.358779,1.052520,1.048057,0.283259,,,,,,,,GLOBAL_BASELINE_NO_ENTITY_RANKING,,,NOT_APPLICABLE_GLOBAL_BASELINE,HF9g-P5,,,,X 全窗基线 · 不参与实体赏罚,6874049,688,A168_HF9F_20260827_0900,2026-08-27 09:00:00
2026-06-15,142067009,1645,0,29.3157096202,27.8499241392,27.8499241392,1.0000000,3,3,0.50665070000000000,0.506650700000,1.7091633124209307,1.7091633124209307,1.7091633124209307,0E-17,ELIGIBLE,R03b_20260811_FULL_v1,L1_ELIGIBILITY,v2026-08-11,2026-03-21..2026-08-06,baccarat_bet02_101_all_pairs_incl_sentinel,round_win = game_pnl > 0 (decisive only),COMPATIBILITY_ONLY_NOT_PRODUCTION,1316.4500,1246.2916,168.3502,111,111,-0.12788192,0.62147576,-0.19747435,-0.12788192,-168.3502,1316.4500,OK,0.0000,6.7340,4.0000,96.0000,AG03-UNRESOLVED,ALL5_LEVELS_bet23_to_bet27,6.7340,6.7340,8.4175,8.4175,8.4175,4.000000,4.000000,5.000000,5.000000,5.000000,96.000000,96.000000,95.000000,95.000000,95.000000,5.0,38.7205,35.3271,129.6296,133.023,PENDING_AG03,FALSE,NOT_FOR_ENFORCEMENT,161.6162,1196.4399,168.3502,161.6162,6.7340,0.12788192,0.12276665,6.7340,161.6162,0.12276665,6.7340,6.7340,8.4175,8.4175,8.4175,161.6162,0.12276665,38.7205,35.3271,129.6296,133.023,0.09846908,0.10104677,0.00511528,11.8599,11.2279,1.5167,3.5819,2.0283,28.0096,2.3617,12.4299,11.8096,3.9322,6.227,12.474,25.7155,34.7783,112.978,5.793,0.0,5.585101,18.143324,1.904603,26,54,52,2,0.08497762,0.12788192,-0.62147576,0E-8,0.000000,0.946706,0.000000,0.81895011,2026-03-29,2026-08-06,47,83,83,131,0.358779,1.052520,1.048057,0.283259,,,,,,,,GLOBAL_BASELINE_NO_ENTITY_RANKING,,,NOT_APPLICABLE_GLOBAL_BASELINE,HF9g-P5,,,,X 全窗基线 · 不参与实体赏罚,6874050,688,A168_HF9F_20260827_0900,2026-08-27 09:00:00
2026-06-15,142067009,1963,0,25.7155347545,24.4297580168,24.4297580168,1.0000000,1,1,0.50665070000000000,0.506650700000,0.9867858985152569,0.9867858985152569,0.9867858985152569,0E-17,ELIGIBLE,R03b_20260811_FULL_v1,L1_ELIGIBILITY,v2026-08-11,2026-03-21..2026-08-06,baccarat_bet02_101_all_pairs_incl_sentinel,round_win = game_pnl > 0 (decisive only),COMPATIBILITY_ONLY_NOT_PRODUCTION,1316.4500,1246.2916,168.3502,111,111,-0.12788192,0.62147576,-0.19747435,-0.12788192,-168.3502,1316.4500,OK,0.0000,6.7340,4.0000,96.0000,AG03-UNRESOLVED,ALL5_LEVELS_bet23_to_bet27,6.7340,6.7340,8.4175,8.4175,8.4175,4.000000,4.000000,5.000000,5.000000,5.000000,96.000000,96.000000,95.000000,95.000000,95.000000,5.0,38.7205,35.3271,129.6296,133.023,PENDING_AG03,FALSE,NOT_FOR_ENFORCEMENT,161.6162,1196.4399,168.3502,161.6162,6.7340,0.12788192,0.12276665,6.7340,161.6162,0.12276665,6.7340,6.7340,8.4175,8.4175,8.4175,161.6162,0.12276665,38.7205,35.3271,129.6296,133.023,0.09846908,0.10104677,0.00511528,11.8599,11.2279,1.5167,3.5819,2.0283,28.0096,2.3617,12.4299,11.8096,3.9322,6.227,12.474,25.7155,34.7783,112.978,5.793,0.0,5.585101,18.143324,1.904603,26,54,52,2,0.08497762,0.12788192,-0.62147576,0E-8,0.000000,0.946706,0.000000,0.81895011,2026-03-29,2026-08-06,47,83,83,131,0.358779,1.052520,1.048057,0.283259,,,,,,,,GLOBAL_BASELINE_NO_ENTITY_RANKING,,,NOT_APPLICABLE_GLOBAL_BASELINE,HF9g-P5,,,,X 全窗基线 · 不参与实体赏罚,6874051,688,A168_HF9F_20260827_0900,2026-08-27 09:00:00
2026-06-16,142067009,2261,0,5.9145729935,0E-10,0E-10,,1,1,0.49324550000000000,0.493245500000,,,,0E-17,NO_DECISIVE_ROUND,R03b_20260811_FULL_v1,L1_ELIGIBILITY,v2026-08-11,2026-03-21..2026-08-06,baccarat_bet02_101_all_pairs_incl_sentinel,round_win = game_pnl > 0 (decisive only),COMPATIBILITY_ONLY_NOT_PRODUCTION,1316.4500,1246.2916,168.3502,111,111,-0.12788192,0.62147576,-0.19747435,-0.12788192,-168.3502,1316.4500,OK,0.0000,6.7340,4.0000,96.0000,AG03-UNRESOLVED,ALL5_LEVELS_bet23_to_bet27,6.7340,6.7340,8.4175,8.4175,8.4175,4.000000,4.000000,5.000000,5.000000,5.000000,96.000000,96.000000,95.000000,95.000000,95.000000,5.0,38.7205,35.3271,129.6296,133.023,PENDING_AG03,FALSE,NOT_FOR_ENFORCEMENT,161.6162,1196.4399,168.3502,161.6162,6.7340,0.12788192,0.12276665,6.7340,161.6162,0.12276665,6.7340,6.7340,8.4175,8.4175,8.4175,161.6162,0.12276665,38.7205,35.3271,129.6296,133.023,0.09846908,0.10104677,0.00511528,11.8599,11.2279,1.5167,3.5819,2.0283,28.0096,2.3617,12.4299,11.8096,3.9322,6.227,12.474,25.7155,34.7783,112.978,5.793,0.0,5.585101,18.143324,1.904603,26,54,52,2,0.08497762,0.12788192,-0.62147576,0E-8,0.000000,0.946706,0.000000,0.81895011,2026-03-29,2026-08-06,47,83,83,131,0.358779,1.052520,1.048057,0.283259,,,,,,,,GLOBAL_BASELINE_NO_ENTITY_RANKING,,,NOT_APPLICABLE_GLOBAL_BASELINE,HF9g-P5,,,,X 全窗基线 · 不参与实体赏罚,6874052,688,A168_HF9F_20260827_0900,2026-08-27 09:00:00
2026-06-20,142067009,1384,0,4.6287962558,-4.6287962558,-4.6287962558,0E-7,1,1,0.50665070000000000,0.506650700000,-1.013391052207602,-1.013391052207602,-1.013391052207602,0E-17,ELIGIBLE,R03b_20260811_FULL_v1,L1_ELIGIBILITY,v2026-08-11,2026-03-21..2026-08-06,baccarat_bet02_101_all_pairs_incl_sentinel,round_win = game_pnl > 0 (decisive only),COMPATIBILITY_ONLY_NOT_PRODUCTION,1316.4500,1246.2916,168.3502,111,111,-0.12788192,0.62147576,-0.19747435,-0.12788192,-168.3502,1316.4500,OK,0.0000,6.7340,4.0000,96.0000,AG03-UNRESOLVED,ALL5_LEVELS_bet23_to_bet27,6.7340,6.7340,8.4175,8.4175,8.4175,4.000000,4.000000,5.000000,5.000000,5.000000,96.000000,96.000000,95.000000,95.000000,95.000000,5.0,38.7205,35.3271,129.6296,133.023,PENDING_AG03,FALSE,NOT_FOR_ENFORCEMENT,161.6162,1196.4399,168.3502,161.6162,6.7340,0.12788192,0.12276665,6.7340,161.6162,0.12276665,6.7340,6.7340,8.4175,8.4175,8.4175,161.6162,0.12276665,38.7205,35.3271,129.6296,133.023,0.09846908,0.10104677,0.00511528,11.8599,11.2279,1.5167,3.5819,2.0283,28.0096,2.3617,12.4299,11.8096,3.9322,6.227,12.474,25.7155,34.7783,112.978,5.793,0.0,5.585101,18.143324,1.904603,26,54,52,2,0.08497762,0.12788192,-0.62147576,0E-8,0.000000,0.946706,0.000000,0.81895011,2026-03-29,2026-08-06,47,83,83,131,0.358779,1.052520,1.048057,0.283259,,,,,,,,GLOBAL_BASELINE_NO_ENTITY_RANKING,,,NOT_APPLICABLE_GLOBAL_BASELINE,HF9g-P5,,,,X 全窗基线 · 不参与实体赏罚,6874053,688,A168_HF9F_20260827_0900,2026-08-27 09:00:00
2026-06-20,142067009,2153,0,3.8573302132,-3.8573302132,-3.8573302132,0E-7,1,1,0.50665070000000000,0.506650700000,-1.013391052207602,-1.013391052207602,-1.013391052207602,0E-17,ELIGIBLE,R03b_20260811_FULL_v1,L1_ELIGIBILITY,v2026-08-11,2026-03-21..2026-08-06,baccarat_bet02_101_all_pairs_incl_sentinel,round_win = game_pnl > 0 (decisive only),COMPATIBILITY_ONLY_NOT_PRODUCTION,1316.4500,1246.2916,168.3502,111,111,-0.12788192,0.62147576,-0.19747435,-0.12788192,-168.3502,1316.4500,OK,0.0000,6.7340,4.0000,96.0000,AG03-UNRESOLVED,ALL5_LEVELS_bet23_to_bet27,6.7340,6.7340,8.4175,8.4175,8.4175,4.000000,4.000000,5.000000,5.000000,5.000000,96.000000,96.000000,95.000000,95.000000,95.000000,5.0,38.7205,35.3271,129.6296,133.023,PENDING_AG03,FALSE,NOT_FOR_ENFORCEMENT,161.6162,1196.4399,168.3502,161.6162,6.7340,0.12788192,0.12276665,6.7340,161.6162,0.12276665,6.7340,6.7340,8.4175,8.4175,8.4175,161.6162,0.12276665,38.7205,35.3271,129.6296,133.023,0.09846908,0.10104677,0.00511528,11.8599,11.2279,1.5167,3.5819,2.0283,28.0096,2.3617,12.4299,11.8096,3.9322,6.227,12.474,25.7155,34.7783,112.978,5.793,0.0,5.585101,18.143324,1.904603,26,54,52,2,0.08497762,0.12788192,-0.62147576,0E-8,0.000000,0.946706,0.000000,0.81895011,2026-03-29,2026-08-06,47,83,83,131,0.358779,1.052520,1.048057,0.283259,,,,,,,,GLOBAL_BASELINE_NO_ENTITY_RANKING,,,NOT_APPLICABLE_GLOBAL_BASELINE,HF9g-P5,,,,X 全窗基线 · 不参与实体赏罚,6874054,688,A168_HF9F_20260827_0900,2026-08-27 09:00:00
2026-06-21,142067009,1401,0,4.6287962558,4.3973564430,4.3973564430,1.0000000,1,1,0.50665070000000000,0.506650700000,0.9867858985152569,0.9867858985152569,0.9867858985152569,0E-17,ELIGIBLE,R03b_20260811_FULL_v1,L1_ELIGIBILITY,v2026-08-11,2026-03-21..2026-08-06,baccarat_bet02_101_all_pairs_incl_sentinel,round_win = game_pnl > 0 (decisive only),COMPATIBILITY_ONLY_NOT_PRODUCTION,1316.4500,1246.2916,168.3502,111,111,-0.12788192,0.62147576,-0.19747435,-0.12788192,-168.3502,1316.4500,OK,0.0000,6.7340,4.0000,96.0000,AG03-UNRESOLVED,ALL5_LEVELS_bet23_to_bet27,6.7340,6.7340,8.4175,8.4175,8.4175,4.000000,4.000000,5.000000,5.000000,5.000000,96.000000,96.000000,95.000000,95.000000,95.000000,5.0,38.7205,35.3271,129.6296,133.023,PENDING_AG03,FALSE,NOT_FOR_ENFORCEMENT,161.6162,1196.4399,168.3502,161.6162,6.7340,0.12788192,0.12276665,6.7340,161.6162,0.12276665,6.7340,6.7340,8.4175,8.4175,8.4175,161.6162,0.12276665,38.7205,35.3271,129.6296,133.023,0.09846908,0.10104677,0.00511528,11.8599,11.2279,1.5167,3.5819,2.0283,28.0096,2.3617,12.4299,11.8096,3.9322,6.227,12.474,25.7155,34.7783,112.978,5.793,0.0,5.585101,18.143324,1.904603,26,54,52,2,0.08497762,0.12788192,-0.62147576,0E-8,0.000000,0.946706,0.000000,0.81895011,2026-03-29,2026-08-06,47,83,83,131,0.358779,1.052520,1.048057,0.283259,,,,,,,,GLOBAL_BASELINE_NO_ENTITY_RANKING,,,NOT_APPLICABLE_GLOBAL_BASELINE,HF9g-P5,,,,X 全窗基线 · 不参与实体赏罚,6874055,688,A168_HF9F_20260827_0900,2026-08-27 09:00:00
2026-06-21,142067009,2276,0,9.2575925116,-3.2401573791,-3.2401573791,0.5000000,2,2,0.50665070000000000,0.506650700000,-0.018812684590367487,-0.018812684590367487,-0.018812684590367487,0E-17,ELIGIBLE,R03b_20260811_FULL_v1,L1_ELIGIBILITY,v2026-08-11,2026-03-21..2026-08-06,baccarat_bet02_101_all_pairs_incl_sentinel,round_win = game_pnl > 0 (decisive only),COMPATIBILITY_ONLY_NOT_PRODUCTION,1316.4500,1246.2916,168.3502,111,111,-0.12788192,0.62147576,-0.19747435,-0.12788192,-168.3502,1316.4500,OK,0.0000,6.7340,4.0000,96.0000,AG03-UNRESOLVED,ALL5_LEVELS_bet23_to_bet27,6.7340,6.7340,8.4175,8.4175,8.4175,4.000000,4.000000,5.000000,5.000000,5.000000,96.000000,96.000000,95.000000,95.000000,95.000000,5.0,38.7205,35.3271,129.6296,133.023,PENDING_AG03,FALSE,NOT_FOR_ENFORCEMENT,161.6162,1196.4399,168.3502,161.6162,6.7340,0.12788192,0.12276665,6.7340,161.6162,0.12276665,6.7340,6.7340,8.4175,8.4175,8.4175,161.6162,0.12276665,38.7205,35.3271,129.6296,133.023,0.09846908,0.10104677,0.00511528,11.8599,11.2279,1.5167,3.5819,2.0283,28.0096,2.3617,12.4299,11.8096,3.9322,6.227,12.474,25.7155,34.7783,112.978,5.793,0.0,5.585101,18.143324,1.904603,26,54,52,2,0.08497762,0.12788192,-0.62147576,0E-8,0.000000,0.946706,0.000000,0.81895011,2026-03-29,2026-08-06,47,83,83,131,0.358779,1.052520,1.048057,0.283259,,,,,,,,GLOBAL_BASELINE_NO_ENTITY_RANKING,,,NOT_APPLICABLE_GLOBAL_BASELINE,HF9g-P5,,,,X 全窗基线 · 不参与实体赏罚,6874056,688,A168_HF9F_20260827_0900,2026-08-27 09:00:00
2026-06-22,142067009,2127,0,6.9431943837,6.5960346645,6.5960346645,1.0000000,1,1,0.50665070000000000,0.506650700000,0.9867858985152569,0.9867858985152569,0.9867858985152569,0E-17,ELIGIBLE,R03b_20260811_FULL_v1,L1_ELIGIBILITY,v2026-08-11,2026-03-21..2026-08-06,baccarat_bet02_101_all_pairs_incl_sentinel,round_win = game_pnl > 0 (decisive only),COMPATIBILITY_ONLY_NOT_PRODUCTION,1316.4500,1246.2916,168.3502,111,111,-0.12788192,0.62147576,-0.19747435,-0.12788192,-168.3502,1316.4500,OK,0.0000,6.7340,4.0000,96.0000,AG03-UNRESOLVED,ALL5_LEVELS_bet23_to_bet27,6.7340,6.7340,8.4175,8.4175,8.4175,4.000000,4.000000,5.000000,5.000000,5.000000,96.000000,96.000000,95.000000,95.000000,95.000000,5.0,38.7205,35.3271,129.6296,133.023,PENDING_AG03,FALSE,NOT_FOR_ENFORCEMENT,161.6162,1196.4399,168.3502,161.6162,6.7340,0.12788192,0.12276665,6.7340,161.6162,0.12276665,6.7340,6.7340,8.4175,8.4175,8.4175,161.6162,0.12276665,38.7205,35.3271,129.6296,133.023,0.09846908,0.10104677,0.00511528,11.8599,11.2279,1.5167,3.5819,2.0283,28.0096,2.3617,12.4299,11.8096,3.9322,6.227,12.474,25.7155,34.7783,112.978,5.793,0.0,5.585101,18.143324,1.904603,26,54,52,2,0.08497762,0.12788192,-0.62147576,0E-8,0.000000,0.946706,0.000000,0.81895011,2026-03-29,2026-08-06,47,83,83,131,0.358779,1.052520,1.048057,0.283259,,,,,,,,GLOBAL_BASELINE_NO_ENTITY_RANKING,,,NOT_APPLICABLE_GLOBAL_BASELINE,HF9g-P5,,,,X 全窗基线 · 不参与实体赏罚,6874057,688,A168_HF9F_20260827_0900,2026-08-27 09:00:00
2026-06-23,142067009,1401,0,29.3157096202,-9.7719032068,-9.7719032068,0.5000000,2,2,0.49324550000000000,0.493245500000,0.01910635448239258,0.01910635448239258,0.01910635448239258,0E-17,ELIGIBLE,R03b_20260811_FULL_v1,L1_ELIGIBILITY,v2026-08-11,2026-03-21..2026-08-06,baccarat_bet02_101_all_pairs_incl_sentinel,round_win = game_pnl > 0 (decisive only),COMPATIBILITY_ONLY_NOT_PRODUCTION,1316.4500,1246.2916,168.3502,111,111,-0.12788192,0.62147576,-0.19747435,-0.12788192,-168.3502,1316.4500,OK,0.0000,6.7340,4.0000,96.0000,AG03-UNRESOLVED,ALL5_LEVELS_bet23_to_bet27,6.7340,6.7340,8.4175,8.4175,8.4175,4.000000,4.000000,5.000000,5.000000,5.000000,96.000000,96.000000,95.000000,95.000000,95.000000,5.0,38.7205,35.3271,129.6296,133.023,PENDING_AG03,FALSE,NOT_FOR_ENFORCEMENT,161.6162,1196.4399,168.3502,161.6162,6.7340,0.12788192,0.12276665,6.7340,161.6162,0.12276665,6.7340,6.7340,8.4175,8.4175,8.4175,161.6162,0.12276665,38.7205,35.3271,129.6296,133.023,0.09846908,0.10104677,0.00511528,11.8599,11.2279,1.5167,3.5819,2.0283,28.0096,2.3617,12.4299,11.8096,3.9322,6.227,12.474,25.7155,34.7783,112.978,5.793,0.0,5.585101,18.143324,1.904603,26,54,52,2,0.08497762,0.12788192,-0.62147576,0E-8,0.000000,0.946706,0.000000,0.81895011,2026-03-29,2026-08-06,47,83,83,131,0.358779,1.052520,1.048057,0.283259,,,,,,,,GLOBAL_BASELINE_NO_ENTITY_RANKING,,,NOT_APPLICABLE_GLOBAL_BASELINE,HF9g-P5,,,,X 全窗基线 · 不参与实体赏罚,6874058,688,A168_HF9F_20260827_0900,2026-08-27 09:00:00
2026-06-28,142067009,-1,1,12.8577673773,12.2148790084,12.2148790084,1.0000000,1,1,0.50665070000000000,0.506650700000,0.9867858985152569,0.9867858985152569,0.9867858985152569,0E-17,SENTINEL_DEALER,R03b_20260811_FULL_v1,L1_ELIGIBILITY,v2026-08-11,2026-03-21..2026-08-06,baccarat_bet02_101_all_pairs_incl_sentinel,round_win = game_pnl > 0 (decisive only),COMPATIBILITY_ONLY_NOT_PRODUCTION,1316.4500,1246.2916,168.3502,111,111,-0.12788192,0.62147576,-0.19747435,-0.12788192,-168.3502,1316.4500,OK,0.0000,6.7340,4.0000,96.0000,AG03-UNRESOLVED,ALL5_LEVELS_bet23_to_bet27,6.7340,6.7340,8.4175,8.4175,8.4175,4.000000,4.000000,5.000000,5.000000,5.000000,96.000000,96.000000,95.000000,95.000000,95.000000,5.0,38.7205,35.3271,129.6296,133.023,PENDING_AG03,FALSE,NOT_FOR_ENFORCEMENT,161.6162,1196.4399,168.3502,161.6162,6.7340,0.12788192,0.12276665,6.7340,161.6162,0.12276665,6.7340,6.7340,8.4175,8.4175,8.4175,161.6162,0.12276665,38.7205,35.3271,129.6296,133.023,0.09846908,0.10104677,0.00511528,11.8599,11.2279,1.5167,3.5819,2.0283,28.0096,2.3617,12.4299,11.8096,3.9322,6.227,12.474,25.7155,34.7783,112.978,5.793,0.0,5.585101,18.143324,1.904603,26,54,52,2,0.08497762,0.12788192,-0.62147576,0E-8,0.000000,0.946706,0.000000,0.81895011,2026-03-29,2026-08-06,47,83,83,131,0.358779,1.052520,1.048057,0.283259,,,,,,,,GLOBAL_BASELINE_NO_ENTITY_RANKING,,,NOT_APPLICABLE_GLOBAL_BASELINE,HF9g-P5,,,,X 全窗基线 · 不参与实体赏罚,6874059,688,A168_HF9F_20260827_0900,2026-08-27 09:00:00
2026-06-28,142067009,1957,0,79.2038470440,-79.2038470440,-79.2038470440,0E-7,2,2,0.49324550000000000,0.493245500000,-1.3952362676504506,-1.3952362676504506,-1.3952362676504506,0E-17,ELIGIBLE,R03b_20260811_FULL_v1,L1_ELIGIBILITY,v2026-08-11,2026-03-21..2026-08-06,baccarat_bet02_101_all_pairs_incl_sentinel,round_win = game_pnl > 0 (decisive only),COMPATIBILITY_ONLY_NOT_PRODUCTION,1316.4500,1246.2916,168.3502,111,111,-0.12788192,0.62147576,-0.19747435,-0.12788192,-168.3502,1316.4500,OK,0.0000,6.7340,4.0000,96.0000,AG03-UNRESOLVED,ALL5_LEVELS_bet23_to_bet27,6.7340,6.7340,8.4175,8.4175,8.4175,4.000000,4.000000,5.000000,5.000000,5.000000,96.000000,96.000000,95.000000,95.000000,95.000000,5.0,38.7205,35.3271,129.6296,133.023,PENDING_AG03,FALSE,NOT_FOR_ENFORCEMENT,161.6162,1196.4399,168.3502,161.6162,6.7340,0.12788192,0.12276665,6.7340,161.6162,0.12276665,6.7340,6.7340,8.4175,8.4175,8.4175,161.6162,0.12276665,38.7205,35.3271,129.6296,133.023,0.09846908,0.10104677,0.00511528,11.8599,11.2279,1.5167,3.5819,2.0283,28.0096,2.3617,12.4299,11.8096,3.9322,6.227,12.474,25.7155,34.7783,112.978,5.793,0.0,5.585101,18.143324,1.904603,26,54,52,2,0.08497762,0.12788192,-0.62147576,0E-8,0.000000,0.946706,0.000000,0.81895011,2026-03-29,2026-08-06,47,83,83,131,0.358779,1.052520,1.048057,0.283259,,,,,,,,GLOBAL_BASELINE_NO_ENTITY_RANKING,,,NOT_APPLICABLE_GLOBAL_BASELINE,HF9g-P5,,,,X 全窗基线 · 不参与实体赏罚,6874060,688,A168_HF9F_20260827_0900,2026-08-27 09:00:00
2026-07-09,142067009,2278,0,2.5817778122,2.4526889216,2.4526889216,1.0000000,1,1,0.50665070000000000,0.506650700000,0.9867858985152569,0.9867858985152569,0.9867858985152569,0E-17,ELIGIBLE,R03b_20260811_FULL_v1,L1_ELIGIBILITY,v2026-08-11,2026-03-21..2026-08-06,baccarat_bet02_101_all_pairs_incl_sentinel,round_win = game_pnl > 0 (decisive only),COMPATIBILITY_ONLY_NOT_PRODUCTION,1316.4500,1246.2916,168.3502,111,111,-0.12788192,0.62147576,-0.19747435,-0.12788192,-168.3502,1316.4500,OK,0.0000,6.7340,4.0000,96.0000,AG03-UNRESOLVED,ALL5_LEVELS_bet23_to_bet27,6.7340,6.7340,8.4175,8.4175,8.4175,4.000000,4.000000,5.000000,5.000000,5.000000,96.000000,96.000000,95.000000,95.000000,95.000000,5.0,38.7205,35.3271,129.6296,133.023,PENDING_AG03,FALSE,NOT_FOR_ENFORCEMENT,161.6162,1196.4399,168.3502,161.6162,6.7340,0.12788192,0.12276665,6.7340,161.6162,0.12276665,6.7340,6.7340,8.4175,8.4175,8.4175,161.6162,0.12276665,38.7205,35.3271,129.6296,133.023,0.09846908,0.10104677,0.00511528,11.8599,11.2279,1.5167,3.5819,2.0283,28.0096,2.3617,12.4299,11.8096,3.9322,6.227,12.474,25.7155,34.7783,112.978,5.793,0.0,5.585101,18.143324,1.904603,26,54,52,2,0.08497762,0.12788192,-0.62147576,0E-8,0.000000,0.946706,0.000000,0.81895011,2026-03-29,2026-08-06,47,83,83,131,0.358779,1.052520,1.048057,0.283259,,,,,,,,GLOBAL_BASELINE_NO_ENTITY_RANKING,,,NOT_APPLICABLE_GLOBAL_BASELINE,HF9g-P5,,,,X 全窗基线 · 不参与实体赏罚,6874061,688,A168_HF9F_20260827_0900,2026-08-27 09:00:00
2026-07-15,142067009,2177,0,3.8726667183,-3.8726667183,-3.8726667183,0E-7,1,1,0.50665070000000000,0.506650700000,-1.013391052207602,-1.013391052207602,-1.013391052207602,0E-17,ELIGIBLE,R03b_20260811_FULL_v1,L1_ELIGIBILITY,v2026-08-11,2026-03-21..2026-08-06,baccarat_bet02_101_all_pairs_incl_sentinel,round_win = game_pnl > 0 (decisive only),COMPATIBILITY_ONLY_NOT_PRODUCTION,1316.4500,1246.2916,168.3502,111,111,-0.12788192,0.62147576,-0.19747435,-0.12788192,-168.3502,1316.4500,OK,0.0000,6.7340,4.0000,96.0000,AG03-UNRESOLVED,ALL5_LEVELS_bet23_to_bet27,6.7340,6.7340,8.4175,8.4175,8.4175,4.000000,4.000000,5.000000,5.000000,5.000000,96.000000,96.000000,95.000000,95.000000,95.000000,5.0,38.7205,35.3271,129.6296,133.023,PENDING_AG03,FALSE,NOT_FOR_ENFORCEMENT,161.6162,1196.4399,168.3502,161.6162,6.7340,0.12788192,0.12276665,6.7340,161.6162,0.12276665,6.7340,6.7340,8.4175,8.4175,8.4175,161.6162,0.12276665,38.7205,35.3271,129.6296,133.023,0.09846908,0.10104677,0.00511528,11.8599,11.2279,1.5167,3.5819,2.0283,28.0096,2.3617,12.4299,11.8096,3.9322,6.227,12.474,25.7155,34.7783,112.978,5.793,0.0,5.585101,18.143324,1.904603,26,54,52,2,0.08497762,0.12788192,-0.62147576,0E-8,0.000000,0.946706,0.000000,0.81895011,2026-03-29,2026-08-06,47,83,83,131,0.358779,1.052520,1.048057,0.283259,,,,,,,,GLOBAL_BASELINE_NO_ENTITY_RANKING,,,NOT_APPLICABLE_GLOBAL_BASELINE,HF9g-P5,,,,X 全窗基线 · 不参与实体赏罚,6874062,688,A168_HF9F_20260827_0900,2026-08-27 09:00:00
2026-07-17,142067009,925,0,3.8726667183,-3.8726667183,-3.8726667183,0E-7,1,1,0.49324550000000000,0.493245500000,-0.9865810262130424,-0.9865810262130424,-0.9865810262130424,0E-17,ELIGIBLE,R03b_20260811_FULL_v1,L1_ELIGIBILITY,v2026-08-11,2026-03-21..2026-08-06,baccarat_bet02_101_all_pairs_incl_sentinel,round_win = game_pnl > 0 (decisive only),COMPATIBILITY_ONLY_NOT_PRODUCTION,1316.4500,1246.2916,168.3502,111,111,-0.12788192,0.62147576,-0.19747435,-0.12788192,-168.3502,1316.4500,OK,0.0000,6.7340,4.0000,96.0000,AG03-UNRESOLVED,ALL5_LEVELS_bet23_to_bet27,6.7340,6.7340,8.4175,8.4175,8.4175,4.000000,4.000000,5.000000,5.000000,5.000000,96.000000,96.000000,95.000000,95.000000,95.000000,5.0,38.7205,35.3271,129.6296,133.023,PENDING_AG03,FALSE,NOT_FOR_ENFORCEMENT,161.6162,1196.4399,168.3502,161.6162,6.7340,0.12788192,0.12276665,6.7340,161.6162,0.12276665,6.7340,6.7340,8.4175,8.4175,8.4175,161.6162,0.12276665,38.7205,35.3271,129.6296,133.023,0.09846908,0.10104677,0.00511528,11.8599,11.2279,1.5167,3.5819,2.0283,28.0096,2.3617,12.4299,11.8096,3.9322,6.227,12.474,25.7155,34.7783,112.978,5.793,0.0,5.585101,18.143324,1.904603,26,54,52,2,0.08497762,0.12788192,-0.62147576,0E-8,0.000000,0.946706,0.000000,0.81895011,2026-03-29,2026-08-06,47,83,83,131,0.358779,1.052520,1.048057,0.283259,,,,,,,,GLOBAL_BASELINE_NO_ENTITY_RANKING,,,NOT_APPLICABLE_GLOBAL_BASELINE,HF9g-P5,,,,X 全窗基线 · 不参与实体赏罚,6874063,688,A168_HF9F_20260827_0900,2026-08-27 09:00:00
2026-07-18,142067009,2212,0,2.8399555934,-2.8399555934,-2.8399555934,0E-7,1,1,0.50665070000000000,0.506650700000,-1.013391052207602,-1.013391052207602,-1.013391052207602,0E-17,ELIGIBLE,R03b_20260811_FULL_v1,L1_ELIGIBILITY,v2026-08-11,2026-03-21..2026-08-06,baccarat_bet02_101_all_pairs_incl_sentinel,round_win = game_pnl > 0 (decisive only),COMPATIBILITY_ONLY_NOT_PRODUCTION,1316.4500,1246.2916,168.3502,111,111,-0.12788192,0.62147576,-0.19747435,-0.12788192,-168.3502,1316.4500,OK,0.0000,6.7340,4.0000,96.0000,AG03-UNRESOLVED,ALL5_LEVELS_bet23_to_bet27,6.7340,6.7340,8.4175,8.4175,8.4175,4.000000,4.000000,5.000000,5.000000,5.000000,96.000000,96.000000,95.000000,95.000000,95.000000,5.0,38.7205,35.3271,129.6296,133.023,PENDING_AG03,FALSE,NOT_FOR_ENFORCEMENT,161.6162,1196.4399,168.3502,161.6162,6.7340,0.12788192,0.12276665,6.7340,161.6162,0.12276665,6.7340,6.7340,8.4175,8.4175,8.4175,161.6162,0.12276665,38.7205,35.3271,129.6296,133.023,0.09846908,0.10104677,0.00511528,11.8599,11.2279,1.5167,3.5819,2.0283,28.0096,2.3617,12.4299,11.8096,3.9322,6.227,12.474,25.7155,34.7783,112.978,5.793,0.0,5.585101,18.143324,1.904603,26,54,52,2,0.08497762,0.12788192,-0.62147576,0E-8,0.000000,0.946706,0.000000,0.81895011,2026-03-29,2026-08-06,47,83,83,131,0.358779,1.052520,1.048057,0.283259,,,,,,,,GLOBAL_BASELINE_NO_ENTITY_RANKING,,,NOT_APPLICABLE_GLOBAL_BASELINE,HF9g-P5,,,,X 全窗基线 · 不参与实体赏罚,6874064,688,A168_HF9F_20260827_0900,2026-08-27 09:00:00
2026-07-20,142067009,-1,1,51.6355562440,49.0537784318,49.0537784318,1.0000000,1,1,0.50665070000000000,0.506650700000,0.9867858985152569,0.9867858985152569,0.9867858985152569,0E-17,SENTINEL_DEALER,R03b_20260811_FULL_v1,L1_ELIGIBILITY,v2026-08-11,2026-03-21..2026-08-06,baccarat_bet02_101_all_pairs_incl_sentinel,round_win = game_pnl > 0 (decisive only),COMPATIBILITY_ONLY_NOT_PRODUCTION,1316.4500,1246.2916,168.3502,111,111,-0.12788192,0.62147576,-0.19747435,-0.12788192,-168.3502,1316.4500,OK,0.0000,6.7340,4.0000,96.0000,AG03-UNRESOLVED,ALL5_LEVELS_bet23_to_bet27,6.7340,6.7340,8.4175,8.4175,8.4175,4.000000,4.000000,5.000000,5.000000,5.000000,96.000000,96.000000,95.000000,95.000000,95.000000,5.0,38.7205,35.3271,129.6296,133.023,PENDING_AG03,FALSE,NOT_FOR_ENFORCEMENT,161.6162,1196.4399,168.3502,161.6162,6.7340,0.12788192,0.12276665,6.7340,161.6162,0.12276665,6.7340,6.7340,8.4175,8.4175,8.4175,161.6162,0.12276665,38.7205,35.3271,129.6296,133.023,0.09846908,0.10104677,0.00511528,11.8599,11.2279,1.5167,3.5819,2.0283,28.0096,2.3617,12.4299,11.8096,3.9322,6.227,12.474,25.7155,34.7783,112.978,5.793,0.0,5.585101,18.143324,1.904603,26,54,52,2,0.08497762,0.12788192,-0.62147576,0E-8,0.000000,0.946706,0.000000,0.81895011,2026-03-29,2026-08-06,47,83,83,131,0.358779,1.052520,1.048057,0.283259,,,,,,,,GLOBAL_BASELINE_NO_ENTITY_RANKING,,,NOT_APPLICABLE_GLOBAL_BASELINE,HF9g-P5,,,,X 全窗基线 · 不参与实体赏罚,6874065,688,A168_HF9F_20260827_0900,2026-08-27 09:00:00
2026-07-21,142067009,789,0,5.6799111868,-5.6799111868,-5.6799111868,0E-7,1,1,0.50665070000000000,0.506650700000,-1.013391052207602,-1.013391052207602,-1.013391052207602,0E-17,ELIGIBLE,R03b_20260811_FULL_v1,L1_ELIGIBILITY,v2026-08-11,2026-03-21..2026-08-06,baccarat_bet02_101_all_pairs_incl_sentinel,round_win = game_pnl > 0 (decisive only),COMPATIBILITY_ONLY_NOT_PRODUCTION,1316.4500,1246.2916,168.3502,111,111,-0.12788192,0.62147576,-0.19747435,-0.12788192,-168.3502,1316.4500,OK,0.0000,6.7340,4.0000,96.0000,AG03-UNRESOLVED,ALL5_LEVELS_bet23_to_bet27,6.7340,6.7340,8.4175,8.4175,8.4175,4.000000,4.000000,5.000000,5.000000,5.000000,96.000000,96.000000,95.000000,95.000000,95.000000,5.0,38.7205,35.3271,129.6296,133.023,PENDING_AG03,FALSE,NOT_FOR_ENFORCEMENT,161.6162,1196.4399,168.3502,161.6162,6.7340,0.12788192,0.12276665,6.7340,161.6162,0.12276665,6.7340,6.7340,8.4175,8.4175,8.4175,161.6162,0.12276665,38.7205,35.3271,129.6296,133.023,0.09846908,0.10104677,0.00511528,11.8599,11.2279,1.5167,3.5819,2.0283,28.0096,2.3617,12.4299,11.8096,3.9322,6.227,12.474,25.7155,34.7783,112.978,5.793,0.0,5.585101,18.143324,1.904603,26,54,52,2,0.08497762,0.12788192,-0.62147576,0E-8,0.000000,0.946706,0.000000,0.81895011,2026-03-29,2026-08-06,47,83,83,131,0.358779,1.052520,1.048057,0.283259,,,,,,,,GLOBAL_BASELINE_NO_ENTITY_RANKING,,,NOT_APPLICABLE_GLOBAL_BASELINE,HF9g-P5,,,,X 全窗基线 · 不参与实体赏罚,6874066,688,A168_HF9F_20260827_0900,2026-08-27 09:00:00
2026-07-31,142067009,-1,1,2.5817778122,-2.5817778122,-2.5817778122,0E-7,1,1,0.50665070000000000,0.506650700000,-1.013391052207602,-1.013391052207602,-1.013391052207602,0E-17,SENTINEL_DEALER,R03b_20260811_FULL_v1,L1_ELIGIBILITY,v2026-08-11,2026-03-21..2026-08-06,baccarat_bet02_101_all_pairs_incl_sentinel,round_win = game_pnl > 0 (decisive only),COMPATIBILITY_ONLY_NOT_PRODUCTION,1316.4500,1246.2916,168.3502,111,111,-0.12788192,0.62147576,-0.19747435,-0.12788192,-168.3502,1316.4500,OK,0.0000,6.7340,4.0000,96.0000,AG03-UNRESOLVED,ALL5_LEVELS_bet23_to_bet27,6.7340,6.7340,8.4175,8.4175,8.4175,4.000000,4.000000,5.000000,5.000000,5.000000,96.000000,96.000000,95.000000,95.000000,95.000000,5.0,38.7205,35.3271,129.6296,133.023,PENDING_AG03,FALSE,NOT_FOR_ENFORCEMENT,161.6162,1196.4399,168.3502,161.6162,6.7340,0.12788192,0.12276665,6.7340,161.6162,0.12276665,6.7340,6.7340,8.4175,8.4175,8.4175,161.6162,0.12276665,38.7205,35.3271,129.6296,133.023,0.09846908,0.10104677,0.00511528,11.8599,11.2279,1.5167,3.5819,2.0283,28.0096,2.3617,12.4299,11.8096,3.9322,6.227,12.474,25.7155,34.7783,112.978,5.793,0.0,5.585101,18.143324,1.904603,26,54,52,2,0.08497762,0.12788192,-0.62147576,0E-8,0.000000,0.946706,0.000000,0.81895011,2026-03-29,2026-08-06,47,83,83,131,0.358779,1.052520,1.048057,0.283259,,,,,,,,GLOBAL_BASELINE_NO_ENTITY_RANKING,,,NOT_APPLICABLE_GLOBAL_BASELINE,HF9g-P5,,,,X 全窗基线 · 不参与实体赏罚,6874067,688,A168_HF9F_20260827_0900,2026-08-27 09:00:00
2026-07-31,142067009,1400,0,3.8726667183,3.6790333824,3.6790333824,1.0000000,1,1,0.50665070000000000,0.506650700000,0.9867858985152569,0.9867858985152569,0.9867858985152569,0E-17,ELIGIBLE,R03b_20260811_FULL_v1,L1_ELIGIBILITY,v2026-08-11,2026-03-21..2026-08-06,baccarat_bet02_101_all_pairs_incl_sentinel,round_win = game_pnl > 0 (decisive only),COMPATIBILITY_ONLY_NOT_PRODUCTION,1316.4500,1246.2916,168.3502,111,111,-0.12788192,0.62147576,-0.19747435,-0.12788192,-168.3502,1316.4500,OK,0.0000,6.7340,4.0000,96.0000,AG03-UNRESOLVED,ALL5_LEVELS_bet23_to_bet27,6.7340,6.7340,8.4175,8.4175,8.4175,4.000000,4.000000,5.000000,5.000000,5.000000,96.000000,96.000000,95.000000,95.000000,95.000000,5.0,38.7205,35.3271,129.6296,133.023,PENDING_AG03,FALSE,NOT_FOR_ENFORCEMENT,161.6162,1196.4399,168.3502,161.6162,6.7340,0.12788192,0.12276665,6.7340,161.6162,0.12276665,6.7340,6.7340,8.4175,8.4175,8.4175,161.6162,0.12276665,38.7205,35.3271,129.6296,133.023,0.09846908,0.10104677,0.00511528,11.8599,11.2279,1.5167,3.5819,2.0283,28.0096,2.3617,12.4299,11.8096,3.9322,6.227,12.474,25.7155,34.7783,112.978,5.793,0.0,5.585101,18.143324,1.904603,26,54,52,2,0.08497762,0.12788192,-0.62147576,0E-8,0.000000,0.946706,0.000000,0.81895011,2026-03-29,2026-08-06,47,83,83,131,0.358779,1.052520,1.048057,0.283259,,,,,,,,GLOBAL_BASELINE_NO_ENTITY_RANKING,,,NOT_APPLICABLE_GLOBAL_BASELINE,HF9g-P5,,,,X 全窗基线 · 不参与实体赏罚,6874068,688,A168_HF9F_20260827_0900,2026-08-27 09:00:00
2026-08-06,142067009,970,0,34.9318059230,33.1852156268,33.1852156268,1.0000000,1,1,0.50665070000000000,0.506650700000,0.9867858985152569,0.9867858985152569,0.9867858985152569,0E-17,ELIGIBLE,R03b_20260811_FULL_v1,L1_ELIGIBILITY,v2026-08-11,2026-03-21..2026-08-06,baccarat_bet02_101_all_pairs_incl_sentinel,round_win = game_pnl > 0 (decisive only),COMPATIBILITY_ONLY_NOT_PRODUCTION,1316.4500,1246.2916,168.3502,111,111,-0.12788192,0.62147576,-0.19747435,-0.12788192,-168.3502,1316.4500,OK,0.0000,6.7340,4.0000,96.0000,AG03-UNRESOLVED,ALL5_LEVELS_bet23_to_bet27,6.7340,6.7340,8.4175,8.4175,8.4175,4.000000,4.000000,5.000000,5.000000,5.000000,96.000000,96.000000,95.000000,95.000000,95.000000,5.0,38.7205,35.3271,129.6296,133.023,PENDING_AG03,FALSE,NOT_FOR_ENFORCEMENT,161.6162,1196.4399,168.3502,161.6162,6.7340,0.12788192,0.12276665,6.7340,161.6162,0.12276665,6.7340,6.7340,8.4175,8.4175,8.4175,161.6162,0.12276665,38.7205,35.3271,129.6296,133.023,0.09846908,0.10104677,0.00511528,11.8599,11.2279,1.5167,3.5819,2.0283,28.0096,2.3617,12.4299,11.8096,3.9322,6.227,12.474,25.7155,34.7783,112.978,5.793,0.0,5.585101,18.143324,1.904603,26,54,52,2,0.08497762,0.12788192,-0.62147576,0E-8,0.000000,0.946706,0.000000,0.81895011,2026-03-29,2026-08-06,47,83,83,131,0.358779,1.052520,1.048057,0.283259,,,,,,,,GLOBAL_BASELINE_NO_ENTITY_RANKING,,,NOT_APPLICABLE_GLOBAL_BASELINE,HF9g-P5,,,,X 全窗基线 · 不参与实体赏罚,6874069,688,A168_HF9F_20260827_0900,2026-08-27 09:00:00
2026-04-03,96757495,1318,0,100.5156663089,100.5156663089,100.5156663089,1.0000000,1,1,0.49324550000000000,0.493245500000,1.01360149184955,1.01360149184955,1.01360149184955,0E-17,ELIGIBLE,R03b_20260811_FULL_v1,L1_ELIGIBILITY,v2026-08-11,2026-03-21..2026-08-06,baccarat_bet02_101_all_pairs_incl_sentinel,round_win = game_pnl > 0 (decisive only),COMPATIBILITY_ONLY_NOT_PRODUCTION,369.3817,369.3817,168.3504,3,3,-0.45576267,,-0.45576267,-0.45576267,-168.3504,369.3817,THIN_EXPOSURE,0.0000,6.7340,4.0000,96.0000,AG03-UNRESOLVED,ALL5_LEVELS_bet23_to_bet27,6.7340,6.7340,6.7340,8.4175,8.4175,4.000000,4.000000,4.000000,5.000000,5.000000,96.000000,96.000000,96.000000,95.000000,95.000000,5.0,37.0371,33.9269,131.3133,134.4235,PENDING_AG03,FALSE,NOT_FOR_ENFORCEMENT,161.6164,354.6065,168.3504,161.6164,6.7340,0.45576267,0.43753217,6.7340,161.6164,0.43753217,6.7340,6.7340,6.7340,8.4175,8.4175,161.6164,0.43753217,37.0371,33.9269,131.3133,134.4235,0.35549489,0.36391475,0.01823051,123.1272,123.1272,56.1168,56.1168,56.1168,123.1272,1.0000,,123.1272,41.1368,100.5157,210.7706,247.5222,247.5222,247.5222,100.5157,-21.3439,2.462524,2.462524,1.224956,2,3,3,2,0E-8,0.45576267,,0E-8,0.000000,1.000000,0.000000,,2026-04-03,2026-06-16,3,3,3,75,0.040000,,,0.000000,,,,,,,,GLOBAL_BASELINE_NO_ENTITY_RANKING,,,NOT_APPLICABLE_GLOBAL_BASELINE,HF9g-P5,,,,X 全窗基线 · 不参与实体赏罚,6874070,688,A168_HF9F_20260827_0900,2026-08-27 09:00:00
2026-05-01,96757495,2145,0,247.5221835919,-247.5221835919,-247.5221835919,0E-7,1,1,0.50665070000000000,0.506650700000,-1.013391052207602,-1.013391052207602,-1.013391052207602,0E-17,ELIGIBLE,R03b_20260811_FULL_v1,L1_ELIGIBILITY,v2026-08-11,2026-03-21..2026-08-06,baccarat_bet02_101_all_pairs_incl_sentinel,round_win = game_pnl > 0 (decisive only),COMPATIBILITY_ONLY_NOT_PRODUCTION,369.3817,369.3817,168.3504,3,3,-0.45576267,,-0.45576267,-0.45576267,-168.3504,369.3817,THIN_EXPOSURE,0.0000,6.7340,4.0000,96.0000,AG03-UNRESOLVED,ALL5_LEVELS_bet23_to_bet27,6.7340,6.7340,6.7340,8.4175,8.4175,4.000000,4.000000,4.000000,5.000000,5.000000,96.000000,96.000000,96.000000,95.000000,95.000000,5.0,37.0371,33.9269,131.3133,134.4235,PENDING_AG03,FALSE,NOT_FOR_ENFORCEMENT,161.6164,354.6065,168.3504,161.6164,6.7340,0.45576267,0.43753217,6.7340,161.6164,0.43753217,6.7340,6.7340,6.7340,8.4175,8.4175,161.6164,0.43753217,37.0371,33.9269,131.3133,134.4235,0.35549489,0.36391475,0.01823051,123.1272,123.1272,56.1168,56.1168,56.1168,123.1272,1.0000,,123.1272,41.1368,100.5157,210.7706,247.5222,247.5222,247.5222,100.5157,-21.3439,2.462524,2.462524,1.224956,2,3,3,2,0E-8,0.45576267,,0E-8,0.000000,1.000000,0.000000,,2026-04-03,2026-06-16,3,3,3,75,0.040000,,,0.000000,,,,,,,,GLOBAL_BASELINE_NO_ENTITY_RANKING,,,NOT_APPLICABLE_GLOBAL_BASELINE,HF9g-P5,,,,X 全窗基线 · 不参与实体赏罚,6874071,688,A168_HF9F_20260827_0900,2026-08-27 09:00:00
2026-06-16,96757495,2235,0,21.3438938463,-21.3438938463,-21.3438938463,0E-7,1,1,0.49324550000000000,0.493245500000,-0.9865810262130424,-0.9865810262130424,-0.9865810262130424,0E-17,ELIGIBLE,R03b_20260811_FULL_v1,L1_ELIGIBILITY,v2026-08-11,2026-03-21..2026-08-06,baccarat_bet02_101_all_pairs_incl_sentinel,round_win = game_pnl > 0 (decisive only),COMPATIBILITY_ONLY_NOT_PRODUCTION,369.3817,369.3817,168.3504,3,3,-0.45576267,,-0.45576267,-0.45576267,-168.3504,369.3817,THIN_EXPOSURE,0.0000,6.7340,4.0000,96.0000,AG03-UNRESOLVED,ALL5_LEVELS_bet23_to_bet27,6.7340,6.7340,6.7340,8.4175,8.4175,4.000000,4.000000,4.000000,5.000000,5.000000,96.000000,96.000000,96.000000,95.000000,95.000000,5.0,37.0371,33.9269,131.3133,134.4235,PENDING_AG03,FALSE,NOT_FOR_ENFORCEMENT,161.6164,354.6065,168.3504,161.6164,6.7340,0.45576267,0.43753217,6.7340,161.6164,0.43753217,6.7340,6.7340,6.7340,8.4175,8.4175,161.6164,0.43753217,37.0371,33.9269,131.3133,134.4235,0.35549489,0.36391475,0.01823051,123.1272,123.1272,56.1168,56.1168,56.1168,123.1272,1.0000,,123.1272,41.1368,100.5157,210.7706,247.5222,247.5222,247.5222,100.5157,-21.3439,2.462524,2.462524,1.224956,2,3,3,2,0E-8,0.45576267,,0E-8,0.000000,1.000000,0.000000,,2026-04-03,2026-06-16,3,3,3,75,0.040000,,,0.000000,,,,,,,,GLOBAL_BASELINE_NO_ENTITY_RANKING,,,NOT_APPLICABLE_GLOBAL_BASELINE,HF9g-P5,,,,X 全窗基线 · 不参与实体赏罚,6874072,688,A168_HF9F_20260827_0900,2026-08-27 09:00:00
2026-03-31,79929936,2147,0,52.7059220374,-52.7059220374,-52.7059220374,0E-7,1,1,0.49324550000000000,0.493245500000,-0.9865810262130424,-0.9865810262130424,-0.9865810262130424,0E-17,ELIGIBLE,R03b_20260811_FULL_v1,L1_ELIGIBILITY,v2026-08-11,2026-03-21..2026-08-06,baccarat_bet02_101_all_pairs_incl_sentinel,round_win = game_pnl > 0 (decisive only),COMPATIBILITY_ONLY_NOT_PRODUCTION,337.0132,337.0132,168.3543,5,5,-0.49954796,,-0.49954796,-0.49954796,-168.3543,337.0132,THIN_EXPOSURE,0.0000,6.7342,4.0000,96.0000,AG03-UNRESOLVED,ALL5_LEVELS_bet23_to_bet27,6.7342,6.7342,6.7342,8.4177,10.1013,4.000000,4.000000,4.000000,5.000000,6.000000,96.000000,96.000000,96.000000,95.000000,94.000000,5.0,38.7215,35.3427,129.6328,133.0115,PENDING_AG03,FALSE,NOT_FOR_ENFORCEMENT,161.6201,323.5327,168.3543,161.6201,6.7342,0.49954796,0.47956604,6.7342,161.6201,0.47956604,6.7342,6.7342,6.7342,8.4177,10.1013,161.6201,0.47956604,38.7215,35.3427,129.6328,133.0115,0.38465193,0.39467748,0.01998192,67.4026,67.4026,33.6709,84.1771,33.6709,168.5066,2.5000,,67.4026,45.3061,60.918,92.2354,115.953,115.953,115.953,60.918,-52.7059,1.903429,1.903429,1.106449,4,5,2,2,0E-8,0.49954796,,0E-8,0.000000,1.000000,1.000000,,2026-03-31,2026-05-02,2,5,5,33,0.060606,,,0.000000,,,,,,,,GLOBAL_BASELINE_NO_ENTITY_RANKING,,,NOT_APPLICABLE_GLOBAL_BASELINE,HF9g-P5,,,,X 全窗基线 · 不参与实体赏罚,6874073,688,A168_HF9F_20260827_0900,2026-08-27 09:00:00
2026-03-31,79929936,2174,0,84.3294752598,84.3294752598,84.3294752598,1.0000000,1,1,0.50665070000000000,0.506650700000,0.9867858985152569,0.9867858985152569,0.9867858985152569,0E-17,ELIGIBLE,R03b_20260811_FULL_v1,L1_ELIGIBILITY,v2026-08-11,2026-03-21..2026-08-06,baccarat_bet02_101_all_pairs_incl_sentinel,round_win = game_pnl > 0 (decisive only),COMPATIBILITY_ONLY_NOT_PRODUCTION,337.0132,337.0132,168.3543,5,5,-0.49954796,,-0.49954796,-0.49954796,-168.3543,337.0132,THIN_EXPOSURE,0.0000,6.7342,4.0000,96.0000,AG03-UNRESOLVED,ALL5_LEVELS_bet23_to_bet27,6.7342,6.7342,6.7342,8.4177,10.1013,4.000000,4.000000,4.000000,5.000000,6.000000,96.000000,96.000000,96.000000,95.000000,94.000000,5.0,38.7215,35.3427,129.6328,133.0115,PENDING_AG03,FALSE,NOT_FOR_ENFORCEMENT,161.6201,323.5327,168.3543,161.6201,6.7342,0.49954796,0.47956604,6.7342,161.6201,0.47956604,6.7342,6.7342,6.7342,8.4177,10.1013,161.6201,0.47956604,38.7215,35.3427,129.6328,133.0115,0.38465193,0.39467748,0.01998192,67.4026,67.4026,33.6709,84.1771,33.6709,168.5066,2.5000,,67.4026,45.3061,60.918,92.2354,115.953,115.953,115.953,60.918,-52.7059,1.903429,1.903429,1.106449,4,5,2,2,0E-8,0.49954796,,0E-8,0.000000,1.000000,1.000000,,2026-03-31,2026-05-02,2,5,5,33,0.060606,,,0.000000,,,,,,,,GLOBAL_BASELINE_NO_ENTITY_RANKING,,,NOT_APPLICABLE_GLOBAL_BASELINE,HF9g-P5,,,,X 全窗基线 · 不参与实体赏罚,6874074,688,A168_HF9F_20260827_0900,2026-08-27 09:00:00
2026-03-31,79929936,2188,0,115.9530284823,-115.9530284823,-115.9530284823,0E-7,1,1,0.50665070000000000,0.506650700000,-1.013391052207602,-1.013391052207602,-1.013391052207602,0E-17,ELIGIBLE,R03b_20260811_FULL_v1,L1_ELIGIBILITY,v2026-08-11,2026-03-21..2026-08-06,baccarat_bet02_101_all_pairs_incl_sentinel,round_win = game_pnl > 0 (decisive only),COMPATIBILITY_ONLY_NOT_PRODUCTION,337.0132,337.0132,168.3543,5,5,-0.49954796,,-0.49954796,-0.49954796,-168.3543,337.0132,THIN_EXPOSURE,0.0000,6.7342,4.0000,96.0000,AG03-UNRESOLVED,ALL5_LEVELS_bet23_to_bet27,6.7342,6.7342,6.7342,8.4177,10.1013,4.000000,4.000000,4.000000,5.000000,6.000000,96.000000,96.000000,96.000000,95.000000,94.000000,5.0,38.7215,35.3427,129.6328,133.0115,PENDING_AG03,FALSE,NOT_FOR_ENFORCEMENT,161.6201,323.5327,168.3543,161.6201,6.7342,0.49954796,0.47956604,6.7342,161.6201,0.47956604,6.7342,6.7342,6.7342,8.4177,10.1013,161.6201,0.47956604,38.7215,35.3427,129.6328,133.0115,0.38465193,0.39467748,0.01998192,67.4026,67.4026,33.6709,84.1771,33.6709,168.5066,2.5000,,67.4026,45.3061,60.918,92.2354,115.953,115.953,115.953,60.918,-52.7059,1.903429,1.903429,1.106449,4,5,2,2,0E-8,0.49954796,,0E-8,0.000000,1.000000,1.000000,,2026-03-31,2026-05-02,2,5,5,33,0.060606,,,0.000000,,,,,,,,GLOBAL_BASELINE_NO_ENTITY_RANKING,,,NOT_APPLICABLE_GLOBAL_BASELINE,HF9g-P5,,,,X 全窗基线 · 不参与实体赏罚,6874075,688,A168_HF9F_20260827_0900,2026-08-27 09:00:00
2026-05-02,79929936,1402,0,60.9179708014,-60.9179708014,-60.9179708014,0E-7,1,1,0.50665070000000000,0.506650700000,-1.013391052207602,-1.013391052207602,-1.013391052207602,0E-17,ELIGIBLE,R03b_20260811_FULL_v1,L1_ELIGIBILITY,v2026-08-11,2026-03-21..2026-08-06,baccarat_bet02_101_all_pairs_incl_sentinel,round_win = game_pnl > 0 (decisive only),COMPATIBILITY_ONLY_NOT_PRODUCTION,337.0132,337.0132,168.3543,5,5,-0.49954796,,-0.49954796,-0.49954796,-168.3543,337.0132,THIN_EXPOSURE,0.0000,6.7342,4.0000,96.0000,AG03-UNRESOLVED,ALL5_LEVELS_bet23_to_bet27,6.7342,6.7342,6.7342,8.4177,10.1013,4.000000,4.000000,4.000000,5.000000,6.000000,96.000000,96.000000,96.000000,95.000000,94.000000,5.0,38.7215,35.3427,129.6328,133.0115,PENDING_AG03,FALSE,NOT_FOR_ENFORCEMENT,161.6201,323.5327,168.3543,161.6201,6.7342,0.49954796,0.47956604,6.7342,161.6201,0.47956604,6.7342,6.7342,6.7342,8.4177,10.1013,161.6201,0.47956604,38.7215,35.3427,129.6328,133.0115,0.38465193,0.39467748,0.01998192,67.4026,67.4026,33.6709,84.1771,33.6709,168.5066,2.5000,,67.4026,45.3061,60.918,92.2354,115.953,115.953,115.953,60.918,-52.7059,1.903429,1.903429,1.106449,4,5,2,2,0E-8,0.49954796,,0E-8,0.000000,1.000000,1.000000,,2026-03-31,2026-05-02,2,5,5,33,0.060606,,,0.000000,,,,,,,,GLOBAL_BASELINE_NO_ENTITY_RANKING,,,NOT_APPLICABLE_GLOBAL_BASELINE,HF9g-P5,,,,X 全窗基线 · 不参与实体赏罚,6874076,688,A168_HF9F_20260827_0900,2026-08-27 09:00:00
2026-05-02,79929936,2103,0,23.1068165109,-23.1068165109,-23.1068165109,0E-7,1,1,0.49324550000000000,0.493245500000,-0.9865810262130424,-0.9865810262130424,-0.9865810262130424,0E-17,ELIGIBLE,R03b_20260811_FULL_v1,L1_ELIGIBILITY,v2026-08-11,2026-03-21..2026-08-06,baccarat_bet02_101_all_pairs_incl_sentinel,round_win = game_pnl > 0 (decisive only),COMPATIBILITY_ONLY_NOT_PRODUCTION,337.0132,337.0132,168.3543,5,5,-0.49954796,,-0.49954796,-0.49954796,-168.3543,337.0132,THIN_EXPOSURE,0.0000,6.7342,4.0000,96.0000,AG03-UNRESOLVED,ALL5_LEVELS_bet23_to_bet27,6.7342,6.7342,6.7342,8.4177,10.1013,4.000000,4.000000,4.000000,5.000000,6.000000,96.000000,96.000000,96.000000,95.000000,94.000000,5.0,38.7215,35.3427,129.6328,133.0115,PENDING_AG03,FALSE,NOT_FOR_ENFORCEMENT,161.6201,323.5327,168.3543,161.6201,6.7342,0.49954796,0.47956604,6.7342,161.6201,0.47956604,6.7342,6.7342,6.7342,8.4177,10.1013,161.6201,0.47956604,38.7215,35.3427,129.6328,133.0115,0.38465193,0.39467748,0.01998192,67.4026,67.4026,33.6709,84.1771,33.6709,168.5066,2.5000,,67.4026,45.3061,60.918,92.2354,115.953,115.953,115.953,60.918,-52.7059,1.903429,1.903429,1.106449,4,5,2,2,0E-8,0.49954796,,0E-8,0.000000,1.000000,1.000000,,2026-03-31,2026-05-02,2,5,5,33,0.060606,,,0.000000,,,,,,,,GLOBAL_BASELINE_NO_ENTITY_RANKING,,,NOT_APPLICABLE_GLOBAL_BASELINE,HF9g-P5,,,,X 全窗基线 · 不参与实体赏罚,6874077,688,A168_HF9F_20260827_0900,2026-08-27 09:00:00
2026-05-19,110752626,1094,0,84.0247873123,-84.0247873123,-84.0247873123,0E-7,1,1,0.50665070000000000,0.506650700000,-1.013391052207602,-1.013391052207602,-1.013391052207602,0E-17,ELIGIBLE,R03b_20260811_FULL_v1,L1_ELIGIBILITY,v2026-08-11,2026-03-21..2026-08-06,baccarat_bet02_101_all_pairs_incl_sentinel,round_win = game_pnl > 0 (decisive only),COMPATIBILITY_ONLY_NOT_PRODUCTION,170.8495,170.8495,168.3569,4,4,-0.98541070,,-0.98541070,-0.98541070,-168.3569,170.8495,THIN_EXPOSURE,0.0000,6.7343,4.0000,96.0000,AG03-UNRESOLVED,ALL5_LEVELS_bet23_to_bet27,6.7343,6.7343,8.4178,0.0000,0.0000,4.000000,4.000000,5.000000,0.000000,0.000000,96.000000,96.000000,95.000000,100.000000,100.000000,5.0,21.8864,20.9571,146.4705,147.3998,PENDING_AG03,FALSE,NOT_FOR_ENFORCEMENT,161.6226,164.0155,168.3569,161.6226,6.7343,0.98541070,0.94599427,6.7343,161.6226,0.94599427,6.7343,6.7343,8.4178,0.0000,0.0000,161.6226,0.94599427,21.8864,20.9571,146.4705,147.3998,0.85730731,0.86274677,0.03941643,42.7124,42.7124,42.0892,56.1190,42.0892,56.9498,1.3333,,42.7124,1.8694,42.7892,83.5553,84.0248,84.0248,84.0248,42.7892,-42.7892,1.963692,1.963692,0.998204,4,4,3,2,0E-8,0.98541070,,0E-8,0.000000,1.000000,0.000000,,2026-05-19,2026-06-26,3,4,4,39,0.076923,,,0.000000,,,,,,,,GLOBAL_BASELINE_NO_ENTITY_RANKING,,,NOT_APPLICABLE_GLOBAL_BASELINE,HF9g-P5,,,,X 全窗基线 · 不参与实体赏罚,6874078,688,A168_HF9F_20260827_0900,2026-08-27 09:00:00
2026-06-16,110752626,2103,0,83.0858068670,-83.0858068670,-83.0858068670,0E-7,1,1,0.49324550000000000,0.493245500000,-0.9865810262130424,-0.9865810262130424,-0.9865810262130424,0E-17,ELIGIBLE,R03b_20260811_FULL_v1,L1_ELIGIBILITY,v2026-08-11,2026-03-21..2026-08-06,baccarat_bet02_101_all_pairs_incl_sentinel,round_win = game_pnl > 0 (decisive only),COMPATIBILITY_ONLY_NOT_PRODUCTION,170.8495,170.8495,168.3569,4,4,-0.98541070,,-0.98541070,-0.98541070,-168.3569,170.8495,THIN_EXPOSURE,0.0000,6.7343,4.0000,96.0000,AG03-UNRESOLVED,ALL5_LEVELS_bet23_to_bet27,6.7343,6.7343,8.4178,0.0000,0.0000,4.000000,4.000000,5.000000,0.000000,0.000000,96.000000,96.000000,95.000000,100.000000,100.000000,5.0,21.8864,20.9571,146.4705,147.3998,PENDING_AG03,FALSE,NOT_FOR_ENFORCEMENT,161.6226,164.0155,168.3569,161.6226,6.7343,0.98541070,0.94599427,6.7343,161.6226,0.94599427,6.7343,6.7343,8.4178,0.0000,0.0000,161.6226,0.94599427,21.8864,20.9571,146.4705,147.3998,0.85730731,0.86274677,0.03941643,42.7124,42.7124,42.0892,56.1190,42.0892,56.9498,1.3333,,42.7124,1.8694,42.7892,83.5553,84.0248,84.0248,84.0248,42.7892,-42.7892,1.963692,1.963692,0.998204,4,4,3,2,0E-8,0.98541070,,0E-8,0.000000,1.000000,0.000000,,2026-05-19,2026-06-26,3,4,4,39,0.076923,,,0.000000,,,,,,,,GLOBAL_BASELINE_NO_ENTITY_RANKING,,,NOT_APPLICABLE_GLOBAL_BASELINE,HF9g-P5,,,,X 全窗基线 · 不参与实体赏罚,6874079,688,A168_HF9F_20260827_0900,2026-08-27 09:00:00
2026-06-26,110752626,2280,0,2.4925742060,-2.4925742060,-2.4925742060,0E-7,1,1,0.49324550000000000,0.493245500000,-0.9865810262130424,-0.9865810262130424,-0.9865810262130424,0E-17,ELIGIBLE,R03b_20260811_FULL_v1,L1_ELIGIBILITY,v2026-08-11,2026-03-21..2026-08-06,baccarat_bet02_101_all_pairs_incl_sentinel,round_win = game_pnl > 0 (decisive only),COMPATIBILITY_ONLY_NOT_PRODUCTION,170.8495,170.8495,168.3569,4,4,-0.98541070,,-0.98541070,-0.98541070,-168.3569,170.8495,THIN_EXPOSURE,0.0000,6.7343,4.0000,96.0000,AG03-UNRESOLVED,ALL5_LEVELS_bet23_to_bet27,6.7343,6.7343,8.4178,0.0000,0.0000,4.000000,4.000000,5.000000,0.000000,0.000000,96.000000,96.000000,95.000000,100.000000,100.000000,5.0,21.8864,20.9571,146.4705,147.3998,PENDING_AG03,FALSE,NOT_FOR_ENFORCEMENT,161.6226,164.0155,168.3569,161.6226,6.7343,0.98541070,0.94599427,6.7343,161.6226,0.94599427,6.7343,6.7343,8.4178,0.0000,0.0000,161.6226,0.94599427,21.8864,20.9571,146.4705,147.3998,0.85730731,0.86274677,0.03941643,42.7124,42.7124,42.0892,56.1190,42.0892,56.9498,1.3333,,42.7124,1.8694,42.7892,83.5553,84.0248,84.0248,84.0248,42.7892,-42.7892,1.963692,1.963692,0.998204,4,4,3,2,0E-8,0.98541070,,0E-8,0.000000,1.000000,0.000000,,2026-05-19,2026-06-26,3,4,4,39,0.076923,,,0.000000,,,,,,,,GLOBAL_BASELINE_NO_ENTITY_RANKING,,,NOT_APPLICABLE_GLOBAL_BASELINE,HF9g-P5,,,,X 全窗基线 · 不参与实体赏罚,6874080,688,A168_HF9F_20260827_0900,2026-08-27 09:00:00
2026-06-26,110752626,919,0,1.2462871030,1.2462871030,1.2462871030,1.0000000,1,1,0.49324550000000000,0.493245500000,1.01360149184955,1.01360149184955,1.01360149184955,0E-17,ELIGIBLE,R03b_20260811_FULL_v1,L1_ELIGIBILITY,v2026-08-11,2026-03-21..2026-08-06,baccarat_bet02_101_all_pairs_incl_sentinel,round_win = game_pnl > 0 (decisive only),COMPATIBILITY_ONLY_NOT_PRODUCTION,170.8495,170.8495,168.3569,4,4,-0.98541070,,-0.98541070,-0.98541070,-168.3569,170.8495,THIN_EXPOSURE,0.0000,6.7343,4.0000,96.0000,AG03-UNRESOLVED,ALL5_LEVELS_bet23_to_bet27,6.7343,6.7343,8.4178,0.0000,0.0000,4.000000,4.000000,5.000000,0.000000,0.000000,96.000000,96.000000,95.000000,100.000000,100.000000,5.0,21.8864,20.9571,146.4705,147.3998,PENDING_AG03,FALSE,NOT_FOR_ENFORCEMENT,161.6226,164.0155,168.3569,161.6226,6.7343,0.98541070,0.94599427,6.7343,161.6226,0.94599427,6.7343,6.7343,8.4178,0.0000,0.0000,161.6226,0.94599427,21.8864,20.9571,146.4705,147.3998,0.85730731,0.86274677,0.03941643,42.7124,42.7124,42.0892,56.1190,42.0892,56.9498,1.3333,,42.7124,1.8694,42.7892,83.5553,84.0248,84.0248,84.0248,42.7892,-42.7892,1.963692,1.963692,0.998204,4,4,3,2,0E-8,0.98541070,,0E-8,0.000000,1.000000,0.000000,,2026-05-19,2026-06-26,3,4,4,39,0.076923,,,0.000000,,,,,,,,GLOBAL_BASELINE_NO_ENTITY_RANKING,,,NOT_APPLICABLE_GLOBAL_BASELINE,HF9g-P5,,,,X 全窗基线 · 不参与实体赏罚,6874081,688,A168_HF9F_20260827_0900,2026-08-27 09:00:00
2026-06-19,151766988,2252,0,141.9497518451,-141.9497518451,-141.9497518451,0E-7,1,1,0.49324550000000000,0.493245500000,-0.9865810262130424,-0.9865810262130424,-0.9865810262130424,0E-17,ELIGIBLE,R03b_20260811_FULL_v1,L1_ELIGIBILITY,v2026-08-11,2026-03-21..2026-08-06,baccarat_bet02_101_all_pairs_incl_sentinel,round_win = game_pnl > 0 (decisive only),COMPATIBILITY_ONLY_NOT_PRODUCTION,185.4090,185.4090,168.3596,4,4,-0.90804438,,-0.90804438,-0.90804438,-168.3596,185.4090,THIN_EXPOSURE,0.0000,6.7344,4.0000,96.0000,AG03-UNRESOLVED,ALL5_LEVELS_bet23_to_bet27,6.7344,6.7344,8.4180,0.0000,0.0000,4.000000,4.000000,5.000000,0.000000,0.000000,96.000000,96.000000,95.000000,100.000000,100.000000,5.0,21.8867,20.9574,146.4729,147.4022,PENDING_AG03,FALSE,NOT_FOR_ENFORCEMENT,161.6252,177.9926,168.3596,161.6252,6.7344,0.90804438,0.87172261,6.7344,161.6252,0.87172261,6.7344,6.7344,8.4180,0.0000,0.0000,161.6252,0.87172261,21.8867,20.9574,146.4729,147.4022,0.78999861,0.79501102,0.03632178,46.3523,46.3523,42.0899,56.1199,56.1199,61.8030,1.3333,,46.3523,12.9863,17.358,79.7182,141.9498,141.9498,141.9498,17.358,-17.358,8.177778,8.177778,2.67037,1,3,1,2,0E-8,0.90804438,,0E-8,0.000000,1.000000,0.000000,,2026-06-19,2026-06-25,3,3,3,7,0.428571,,,0.000000,,,,,,,,GLOBAL_BASELINE_NO_ENTITY_RANKING,,,NOT_APPLICABLE_GLOBAL_BASELINE,HF9g-P5,,,,X 全窗基线 · 不参与实体赏罚,6874082,688,A168_HF9F_20260827_0900,2026-08-27 09:00:00
2026-06-23,151766988,1384,0,17.4865636331,-17.4865636331,-17.4865636331,0E-7,1,1,0.49324550000000000,0.493245500000,-0.9865810262130424,-0.9865810262130424,-0.9865810262130424,0E-17,ELIGIBLE,R03b_20260811_FULL_v1,L1_ELIGIBILITY,v2026-08-11,2026-03-21..2026-08-06,baccarat_bet02_101_all_pairs_incl_sentinel,round_win = game_pnl > 0 (decisive only),COMPATIBILITY_ONLY_NOT_PRODUCTION,185.4090,185.4090,168.3596,4,4,-0.90804438,,-0.90804438,-0.90804438,-168.3596,185.4090,THIN_EXPOSURE,0.0000,6.7344,4.0000,96.0000,AG03-UNRESOLVED,ALL5_LEVELS_bet23_to_bet27,6.7344,6.7344,8.4180,0.0000,0.0000,4.000000,4.000000,5.000000,0.000000,0.000000,96.000000,96.000000,95.000000,100.000000,100.000000,5.0,21.8867,20.9574,146.4729,147.4022,PENDING_AG03,FALSE,NOT_FOR_ENFORCEMENT,161.6252,177.9926,168.3596,161.6252,6.7344,0.90804438,0.87172261,6.7344,161.6252,0.87172261,6.7344,6.7344,8.4180,0.0000,0.0000,161.6252,0.87172261,21.8867,20.9574,146.4729,147.4022,0.78999861,0.79501102,0.03632178,46.3523,46.3523,42.0899,56.1199,56.1199,61.8030,1.3333,,46.3523,12.9863,17.358,79.7182,141.9498,141.9498,141.9498,17.358,-17.358,8.177778,8.177778,2.67037,1,3,1,2,0E-8,0.90804438,,0E-8,0.000000,1.000000,0.000000,,2026-06-19,2026-06-25,3,3,3,7,0.428571,,,0.000000,,,,,,,,GLOBAL_BASELINE_NO_ENTITY_RANKING,,,NOT_APPLICABLE_GLOBAL_BASELINE,HF9g-P5,,,,X 全窗基线 · 不参与实体赏罚,6874083,688,A168_HF9F_20260827_0900,2026-08-27 09:00:00
2026-06-25,151766988,1402,0,25.9726901020,-8.9232905598,-8.9232905598,0.5000000,2,2,0.50665070000000000,0.506650700000,-0.018812684590367487,-0.018812684590367487,-0.018812684590367487,0E-17,ELIGIBLE,R03b_20260811_FULL_v1,L1_ELIGIBILITY,v2026-08-11,2026-03-21..2026-08-06,baccarat_bet02_101_all_pairs_incl_sentinel,round_win = game_pnl > 0 (decisive only),COMPATIBILITY_ONLY_NOT_PRODUCTION,185.4090,185.4090,168.3596,4,4,-0.90804438,,-0.90804438,-0.90804438,-168.3596,185.4090,THIN_EXPOSURE,0.0000,6.7344,4.0000,96.0000,AG03-UNRESOLVED,ALL5_LEVELS_bet23_to_bet27,6.7344,6.7344,8.4180,0.0000,0.0000,4.000000,4.000000,5.000000,0.000000,0.000000,96.000000,96.000000,95.000000,100.000000,100.000000,5.0,21.8867,20.9574,146.4729,147.4022,PENDING_AG03,FALSE,NOT_FOR_ENFORCEMENT,161.6252,177.9926,168.3596,161.6252,6.7344,0.90804438,0.87172261,6.7344,161.6252,0.87172261,6.7344,6.7344,8.4180,0.0000,0.0000,161.6252,0.87172261,21.8867,20.9574,146.4729,147.4022,0.78999861,0.79501102,0.03632178,46.3523,46.3523,42.0899,56.1199,56.1199,61.8030,1.3333,,46.3523,12.9863,17.358,79.7182,141.9498,141.9498,141.9498,17.358,-17.358,8.177778,8.177778,2.67037,1,3,1,2,0E-8,0.90804438,,0E-8,0.000000,1.000000,0.000000,,2026-06-19,2026-06-25,3,3,3,7,0.428571,,,0.000000,,,,,,,,GLOBAL_BASELINE_NO_ENTITY_RANKING,,,NOT_APPLICABLE_GLOBAL_BASELINE,HF9g-P5,,,,X 全窗基线 · 不参与实体赏罚,6874084,688,A168_HF9F_20260827_0900,2026-08-27 09:00:00
2026-04-01,130598501,-1,1,84.3294752600,-4.9543566716,-4.9543566716,0.4000000,16,10,0.42574650500000000,0.378344510000,-0.16466106275911957,0.14120478375639797,-0.16466106275911957,0.04740199500000000,SENTINEL_DEALER,R03b_20260811_FULL_v1,L1_ELIGIBILITY,v2026-08-11,2026-03-21..2026-08-06,baccarat_bet02_101_all_pairs_incl_sentinel,round_win = game_pnl > 0 (decisive only),COMPATIBILITY_ONLY_NOT_PRODUCTION,1068.4952,857.7249,168.3618,202,130,-0.15756903,,-0.15756903,-0.15756903,-168.3618,1068.4952,OK,0.0000,6.7345,4.0000,96.0000,AG03-UNRESOLVED,ALL5_LEVELS_bet23_to_bet27,6.7345,6.7345,7.5763,7.5763,7.5763,4.000000,4.000000,4.500000,4.500000,4.500000,96.000000,96.000000,95.500000,95.500000,95.500000,5.0,36.1978,33.218,132.1640,135.1438,PENDING_AG03,FALSE,NOT_FOR_ENFORCEMENT,161.6273,823.4159,168.3618,161.6273,6.7345,0.15756903,0.15126627,6.7345,161.6273,0.15126627,6.7345,6.7345,7.5763,7.5763,7.5763,161.6273,0.15126627,36.1978,33.218,132.1640,135.1438,0.12369169,0.12648046,0.00630276,5.2896,6.5979,1.2951,21.0452,11.2241,133.5619,16.2500,,5.2896,2.1082,4.2012,10.5412,10.5412,10.5412,21.0824,2.1082,-2.1082,2.509065,5.018131,1.259052,6,14,7,4,0E-8,0.15756903,,0E-8,0.000000,0.802741,0.000000,,2026-04-01,2026-05-12,8,15,14,42,0.190476,,,0.000000,,,,,,,,GLOBAL_BASELINE_NO_ENTITY_RANKING,,,NOT_APPLICABLE_GLOBAL_BASELINE,HF9g-P5,,,,X 全窗基线 · 不参与实体赏罚,6874085,688,A168_HF9F_20260827_0900,2026-08-27 09:00:00
2026-04-01,130598501,1396,0,69.5718170895,1.8974131933,1.8974131933,0.5555556,15,9,0.42974621851851852,0.382770488889,0.7624195248669976,1.0664362398982534,0.7624195248669976,0.04697572962951852,ELIGIBLE,R03b_20260811_FULL_v1,L1_ELIGIBILITY,v2026-08-11,2026-03-21..2026-08-06,baccarat_bet02_101_all_pairs_incl_sentinel,round_win = game_pnl > 0 (decisive only),COMPATIBILITY_ONLY_NOT_PRODUCTION,1068.4952,857.7249,168.3618,202,130,-0.15756903,,-0.15756903,-0.15756903,-168.3618,1068.4952,OK,0.0000,6.7345,4.0000,96.0000,AG03-UNRESOLVED,ALL5_LEVELS_bet23_to_bet27,6.7345,6.7345,7.5763,7.5763,7.5763,4.000000,4.000000,4.500000,4.500000,4.500000,96.000000,96.000000,95.500000,95.500000,95.500000,5.0,36.1978,33.218,132.1640,135.1438,PENDING_AG03,FALSE,NOT_FOR_ENFORCEMENT,161.6273,823.4159,168.3618,161.6273,6.7345,0.15756903,0.15126627,6.7345,161.6273,0.15126627,6.7345,6.7345,7.5763,7.5763,7.5763,161.6273,0.15126627,36.1978,33.218,132.1640,135.1438,0.12369169,0.12648046,0.00630276,5.2896,6.5979,1.2951,21.0452,11.2241,133.5619,16.2500,,5.2896,2.1082,4.2012,10.5412,10.5412,10.5412,21.0824,2.1082,-2.1082,2.509065,5.018131,1.259052,6,14,7,4,0E-8,0.15756903,,0E-8,0.000000,0.802741,0.000000,,2026-04-01,2026-05-12,8,15,14,42,0.190476,,,0.000000,,,,,,,,GLOBAL_BASELINE_NO_ENTITY_RANKING,,,NOT_APPLICABLE_GLOBAL_BASELINE,HF9g-P5,,,,X 全窗基线 · 不参与实体赏罚,6874086,688,A168_HF9F_20260827_0900,2026-08-27 09:00:00
2026-04-01,130598501,1401,0,92.7624227860,-32.1506124429,-32.1506124429,0.2500000,13,8,0.42590559431818182,0.372020956250,-1.0061814705901924,-0.714040983788233,-1.0061814705901924,0.05388463806818182,ELIGIBLE,R03b_20260811_FULL_v1,L1_ELIGIBILITY,v2026-08-11,2026-03-21..2026-08-06,baccarat_bet02_101_all_pairs_incl_sentinel,round_win = game_pnl > 0 (decisive only),COMPATIBILITY_ONLY_NOT_PRODUCTION,1068.4952,857.7249,168.3618,202,130,-0.15756903,,-0.15756903,-0.15756903,-168.3618,1068.4952,OK,0.0000,6.7345,4.0000,96.0000,AG03-UNRESOLVED,ALL5_LEVELS_bet23_to_bet27,6.7345,6.7345,7.5763,7.5763,7.5763,4.000000,4.000000,4.500000,4.500000,4.500000,96.000000,96.000000,95.500000,95.500000,95.500000,5.0,36.1978,33.218,132.1640,135.1438,PENDING_AG03,FALSE,NOT_FOR_ENFORCEMENT,161.6273,823.4159,168.3618,161.6273,6.7345,0.15756903,0.15126627,6.7345,161.6273,0.15126627,6.7345,6.7345,7.5763,7.5763,7.5763,161.6273,0.15126627,36.1978,33.218,132.1640,135.1438,0.12369169,0.12648046,0.00630276,5.2896,6.5979,1.2951,21.0452,11.2241,133.5619,16.2500,,5.2896,2.1082,4.2012,10.5412,10.5412,10.5412,21.0824,2.1082,-2.1082,2.509065,5.018131,1.259052,6,14,7,4,0E-8,0.15756903,,0E-8,0.000000,0.802741,0.000000,,2026-04-01,2026-05-12,8,15,14,42,0.190476,,,0.000000,,,,,,,,GLOBAL_BASELINE_NO_ENTITY_RANKING,,,NOT_APPLICABLE_GLOBAL_BASELINE,HF9g-P5,,,,X 全窗基线 · 不参与实体赏罚,6874087,688,A168_HF9F_20260827_0900,2026-08-27 09:00:00
2026-04-01,130598501,2130,0,10.5411844075,-10.5411844075,-10.5411844075,0E-7,1,1,0.50665070000000000,0.506650700000,-1.013391052207602,-1.013391052207602,-1.013391052207602,0E-17,ELIGIBLE,R03b_20260811_FULL_v1,L1_ELIGIBILITY,v2026-08-11,2026-03-21..2026-08-06,baccarat_bet02_101_all_pairs_incl_sentinel,round_win = game_pnl > 0 (decisive only),COMPATIBILITY_ONLY_NOT_PRODUCTION,1068.4952,857.7249,168.3618,202,130,-0.15756903,,-0.15756903,-0.15756903,-168.3618,1068.4952,OK,0.0000,6.7345,4.0000,96.0000,AG03-UNRESOLVED,ALL5_LEVELS_bet23_to_bet27,6.7345,6.7345,7.5763,7.5763,7.5763,4.000000,4.000000,4.500000,4.500000,4.500000,96.000000,96.000000,95.500000,95.500000,95.500000,5.0,36.1978,33.218,132.1640,135.1438,PENDING_AG03,FALSE,NOT_FOR_ENFORCEMENT,161.6273,823.4159,168.3618,161.6273,6.7345,0.15756903,0.15126627,6.7345,161.6273,0.15126627,6.7345,6.7345,7.5763,7.5763,7.5763,161.6273,0.15126627,36.1978,33.218,132.1640,135.1438,0.12369169,0.12648046,0.00630276,5.2896,6.5979,1.2951,21.0452,11.2241,133.5619,16.2500,,5.2896,2.1082,4.2012,10.5412,10.5412,10.5412,21.0824,2.1082,-2.1082,2.509065,5.018131,1.259052,6,14,7,4,0E-8,0.15756903,,0E-8,0.000000,0.802741,0.000000,,2026-04-01,2026-05-12,8,15,14,42,0.190476,,,0.000000,,,,,,,,GLOBAL_BASELINE_NO_ENTITY_RANKING,,,NOT_APPLICABLE_GLOBAL_BASELINE,HF9g-P5,,,,X 全窗基线 · 不参与实体赏罚,6874088,688,A168_HF9F_20260827_0900,2026-08-27 09:00:00
2026-04-06,130598501,1401,0,21.0823688150,-4.2164737630,-4.2164737630,0.5000000,6,4,0.42680505000000000,0.393584825000,0.29596827525760383,0.4356416118034344,0.29596827525760383,0.03322022500000000,ELIGIBLE,R03b_20260811_FULL_v1,L1_ELIGIBILITY,v2026-08-11,2026-03-21..2026-08-06,baccarat_bet02_101_all_pairs_incl_sentinel,round_win = game_pnl > 0 (decisive only),COMPATIBILITY_ONLY_NOT_PRODUCTION,1068.4952,857.7249,168.3618,202,130,-0.15756903,,-0.15756903,-0.15756903,-168.3618,1068.4952,OK,0.0000,6.7345,4.0000,96.0000,AG03-UNRESOLVED,ALL5_LEVELS_bet23_to_bet27,6.7345,6.7345,7.5763,7.5763,7.5763,4.000000,4.000000,4.500000,4.500000,4.500000,96.000000,96.000000,95.500000,95.500000,95.500000,5.0,36.1978,33.218,132.1640,135.1438,PENDING_AG03,FALSE,NOT_FOR_ENFORCEMENT,161.6273,823.4159,168.3618,161.6273,6.7345,0.15756903,0.15126627,6.7345,161.6273,0.15126627,6.7345,6.7345,7.5763,7.5763,7.5763,161.6273,0.15126627,36.1978,33.218,132.1640,135.1438,0.12369169,0.12648046,0.00630276,5.2896,6.5979,1.2951,21.0452,11.2241,133.5619,16.2500,,5.2896,2.1082,4.2012,10.5412,10.5412,10.5412,21.0824,2.1082,-2.1082,2.509065,5.018131,1.259052,6,14,7,4,0E-8,0.15756903,,0E-8,0.000000,0.802741,0.000000,,2026-04-01,2026-05-12,8,15,14,42,0.190476,,,0.000000,,,,,,,,GLOBAL_BASELINE_NO_ENTITY_RANKING,,,NOT_APPLICABLE_GLOBAL_BASELINE,HF9g-P5,,,,X 全窗基线 · 不参与实体赏罚,6874089,688,A168_HF9F_20260827_0900,2026-08-27 09:00:00
2026-04-15,130598501,2088,0,16.8658950520,-16.8658950520,-16.8658950520,0E-7,3,2,0.46561077500000000,0.396936125000,-1.3200721310443548,-1.1473440127882213,-1.3200721310443548,0.06867465000000000,ELIGIBLE,R03b_20260811_FULL_v1,L1_ELIGIBILITY,v2026-08-11,2026-03-21..2026-08-06,baccarat_bet02_101_all_pairs_incl_sentinel,round_win = game_pnl > 0 (decisive only),COMPATIBILITY_ONLY_NOT_PRODUCTION,1068.4952,857.7249,168.3618,202,130,-0.15756903,,-0.15756903,-0.15756903,-168.3618,1068.4952,OK,0.0000,6.7345,4.0000,96.0000,AG03-UNRESOLVED,ALL5_LEVELS_bet23_to_bet27,6.7345,6.7345,7.5763,7.5763,7.5763,4.000000,4.000000,4.500000,4.500000,4.500000,96.000000,96.000000,95.500000,95.500000,95.500000,5.0,36.1978,33.218,132.1640,135.1438,PENDING_AG03,FALSE,NOT_FOR_ENFORCEMENT,161.6273,823.4159,168.3618,161.6273,6.7345,0.15756903,0.15126627,6.7345,161.6273,0.15126627,6.7345,6.7345,7.5763,7.5763,7.5763,161.6273,0.15126627,36.1978,33.218,132.1640,135.1438,0.12369169,0.12648046,0.00630276,5.2896,6.5979,1.2951,21.0452,11.2241,133.5619,16.2500,,5.2896,2.1082,4.2012,10.5412,10.5412,10.5412,21.0824,2.1082,-2.1082,2.509065,5.018131,1.259052,6,14,7,4,0E-8,0.15756903,,0E-8,0.000000,0.802741,0.000000,,2026-04-01,2026-05-12,8,15,14,42,0.190476,,,0.000000,,,,,,,,GLOBAL_BASELINE_NO_ENTITY_RANKING,,,NOT_APPLICABLE_GLOBAL_BASELINE,HF9g-P5,,,,X 全窗基线 · 不参与实体赏罚,6874090,688,A168_HF9F_20260827_0900,2026-08-27 09:00:00
2026-04-15,130598501,2101,0,101.1953703120,-46.5920350812,-46.5920350812,0.2000000,17,11,0.44485473766233766,0.406910177273,-1.5581027086217138,-1.331902214037053,-1.5581027086217138,0.03794456038933766,ELIGIBLE,R03b_20260811_FULL_v1,L1_ELIGIBILITY,v2026-08-11,2026-03-21..2026-08-06,baccarat_bet02_101_all_pairs_incl_sentinel,round_win = game_pnl > 0 (decisive only),COMPATIBILITY_ONLY_NOT_PRODUCTION,1068.4952,857.7249,168.3618,202,130,-0.15756903,,-0.15756903,-0.15756903,-168.3618,1068.4952,OK,0.0000,6.7345,4.0000,96.0000,AG03-UNRESOLVED,ALL5_LEVELS_bet23_to_bet27,6.7345,6.7345,7.5763,7.5763,7.5763,4.000000,4.000000,4.500000,4.500000,4.500000,96.000000,96.000000,95.500000,95.500000,95.500000,5.0,36.1978,33.218,132.1640,135.1438,PENDING_AG03,FALSE,NOT_FOR_ENFORCEMENT,161.6273,823.4159,168.3618,161.6273,6.7345,0.15756903,0.15126627,6.7345,161.6273,0.15126627,6.7345,6.7345,7.5763,7.5763,7.5763,161.6273,0.15126627,36.1978,33.218,132.1640,135.1438,0.12369169,0.12648046,0.00630276,5.2896,6.5979,1.2951,21.0452,11.2241,133.5619,16.2500,,5.2896,2.1082,4.2012,10.5412,10.5412,10.5412,21.0824,2.1082,-2.1082,2.509065,5.018131,1.259052,6,14,7,4,0E-8,0.15756903,,0E-8,0.000000,0.802741,0.000000,,2026-04-01,2026-05-12,8,15,14,42,0.190476,,,0.000000,,,,,,,,GLOBAL_BASELINE_NO_ENTITY_RANKING,,,NOT_APPLICABLE_GLOBAL_BASELINE,HF9g-P5,,,,X 全窗基线 · 不参与实体赏罚,6874091,688,A168_HF9F_20260827_0900,2026-08-27 09:00:00
2026-04-15,130598501,2103,0,134.9271604160,-31.4127295345,-31.4127295345,0.3636364,25,13,0.45083492912087912,0.427851211538,-0.5812265595994252,-0.4304581416356505,-0.5812265595994252,0.02298371758287912,ELIGIBLE,R03b_20260811_FULL_v1,L1_ELIGIBILITY,v2026-08-11,2026-03-21..2026-08-06,baccarat_bet02_101_all_pairs_incl_sentinel,round_win = game_pnl > 0 (decisive only),COMPATIBILITY_ONLY_NOT_PRODUCTION,1068.4952,857.7249,168.3618,202,130,-0.15756903,,-0.15756903,-0.15756903,-168.3618,1068.4952,OK,0.0000,6.7345,4.0000,96.0000,AG03-UNRESOLVED,ALL5_LEVELS_bet23_to_bet27,6.7345,6.7345,7.5763,7.5763,7.5763,4.000000,4.000000,4.500000,4.500000,4.500000,96.000000,96.000000,95.500000,95.500000,95.500000,5.0,36.1978,33.218,132.1640,135.1438,PENDING_AG03,FALSE,NOT_FOR_ENFORCEMENT,161.6273,823.4159,168.3618,161.6273,6.7345,0.15756903,0.15126627,6.7345,161.6273,0.15126627,6.7345,6.7345,7.5763,7.5763,7.5763,161.6273,0.15126627,36.1978,33.218,132.1640,135.1438,0.12369169,0.12648046,0.00630276,5.2896,6.5979,1.2951,21.0452,11.2241,133.5619,16.2500,,5.2896,2.1082,4.2012,10.5412,10.5412,10.5412,21.0824,2.1082,-2.1082,2.509065,5.018131,1.259052,6,14,7,4,0E-8,0.15756903,,0E-8,0.000000,0.802741,0.000000,,2026-04-01,2026-05-12,8,15,14,42,0.190476,,,0.000000,,,,,,,,GLOBAL_BASELINE_NO_ENTITY_RANKING,,,NOT_APPLICABLE_GLOBAL_BASELINE,HF9g-P5,,,,X 全窗基线 · 不参与实体赏罚,6874092,688,A168_HF9F_20260827_0900,2026-08-27 09:00:00
2026-04-16,130598501,2145,0,137.0353972975,-41.6376784098,-41.6376784098,0.4285714,23,15,0.44869301000000000,0.430826610000,-0.15137519895359253,-0.017040092604103385,-0.15137519895359253,0.01786640000000000,ELIGIBLE,R03b_20260811_FULL_v1,L1_ELIGIBILITY,v2026-08-11,2026-03-21..2026-08-06,baccarat_bet02_101_all_pairs_incl_sentinel,round_win = game_pnl > 0 (decisive only),COMPATIBILITY_ONLY_NOT_PRODUCTION,1068.4952,857.7249,168.3618,202,130,-0.15756903,,-0.15756903,-0.15756903,-168.3618,1068.4952,OK,0.0000,6.7345,4.0000,96.0000,AG03-UNRESOLVED,ALL5_LEVELS_bet23_to_bet27,6.7345,6.7345,7.5763,7.5763,7.5763,4.000000,4.000000,4.500000,4.500000,4.500000,96.000000,96.000000,95.500000,95.500000,95.500000,5.0,36.1978,33.218,132.1640,135.1438,PENDING_AG03,FALSE,NOT_FOR_ENFORCEMENT,161.6273,823.4159,168.3618,161.6273,6.7345,0.15756903,0.15126627,6.7345,161.6273,0.15126627,6.7345,6.7345,7.5763,7.5763,7.5763,161.6273,0.15126627,36.1978,33.218,132.1640,135.1438,0.12369169,0.12648046,0.00630276,5.2896,6.5979,1.2951,21.0452,11.2241,133.5619,16.2500,,5.2896,2.1082,4.2012,10.5412,10.5412,10.5412,21.0824,2.1082,-2.1082,2.509065,5.018131,1.259052,6,14,7,4,0E-8,0.15756903,,0E-8,0.000000,0.802741,0.000000,,2026-04-01,2026-05-12,8,15,14,42,0.190476,,,0.000000,,,,,,,,GLOBAL_BASELINE_NO_ENTITY_RANKING,,,NOT_APPLICABLE_GLOBAL_BASELINE,HF9g-P5,,,,X 全窗基线 · 不参与实体赏罚,6874093,688,A168_HF9F_20260827_0900,2026-08-27 09:00:00
2026-04-17,130598501,1400,0,56.9223958005,-21.2931925032,-21.2931925032,0.2500000,9,6,0.49454878333333333,0.496596800000,-0.9782532741462677,-0.9864100490137354,-0.9782532741462677,-0.00204801666666667,ELIGIBLE,R03b_20260811_FULL_v1,L1_ELIGIBILITY,v2026-08-11,2026-03-21..2026-08-06,baccarat_bet02_101_all_pairs_incl_sentinel,round_win = game_pnl > 0 (decisive only),COMPATIBILITY_ONLY_NOT_PRODUCTION,1068.4952,857.7249,168.3618,202,130,-0.15756903,,-0.15756903,-0.15756903,-168.3618,1068.4952,OK,0.0000,6.7345,4.0000,96.0000,AG03-UNRESOLVED,ALL5_LEVELS_bet23_to_bet27,6.7345,6.7345,7.5763,7.5763,7.5763,4.000000,4.000000,4.500000,4.500000,4.500000,96.000000,96.000000,95.500000,95.500000,95.500000,5.0,36.1978,33.218,132.1640,135.1438,PENDING_AG03,FALSE,NOT_FOR_ENFORCEMENT,161.6273,823.4159,168.3618,161.6273,6.7345,0.15756903,0.15126627,6.7345,161.6273,0.15126627,6.7345,6.7345,7.5763,7.5763,7.5763,161.6273,0.15126627,36.1978,33.218,132.1640,135.1438,0.12369169,0.12648046,0.00630276,5.2896,6.5979,1.2951,21.0452,11.2241,133.5619,16.2500,,5.2896,2.1082,4.2012,10.5412,10.5412,10.5412,21.0824,2.1082,-2.1082,2.509065,5.018131,1.259052,6,14,7,4,0E-8,0.15756903,,0E-8,0.000000,0.802741,0.000000,,2026-04-01,2026-05-12,8,15,14,42,0.190476,,,0.000000,,,,,,,,GLOBAL_BASELINE_NO_ENTITY_RANKING,,,NOT_APPLICABLE_GLOBAL_BASELINE,HF9g-P5,,,,X 全窗基线 · 不参与实体赏罚,6874094,688,A168_HF9F_20260827_0900,2026-08-27 09:00:00
2026-04-17,130598501,1710,0,162.3342398755,45.8541521724,45.8541521724,0.6111111,28,20,0.45508615750000000,0.438140915000,1.3292895224596173,1.4790638451674563,1.3292895224596173,0.01694524250000000,ELIGIBLE,R03b_20260811_FULL_v1,L1_ELIGIBILITY,v2026-08-11,2026-03-21..2026-08-06,baccarat_bet02_101_all_pairs_incl_sentinel,round_win = game_pnl > 0 (decisive only),COMPATIBILITY_ONLY_NOT_PRODUCTION,1068.4952,857.7249,168.3618,202,130,-0.15756903,,-0.15756903,-0.15756903,-168.3618,1068.4952,OK,0.0000,6.7345,4.0000,96.0000,AG03-UNRESOLVED,ALL5_LEVELS_bet23_to_bet27,6.7345,6.7345,7.5763,7.5763,7.5763,4.000000,4.000000,4.500000,4.500000,4.500000,96.000000,96.000000,95.500000,95.500000,95.500000,5.0,36.1978,33.218,132.1640,135.1438,PENDING_AG03,FALSE,NOT_FOR_ENFORCEMENT,161.6273,823.4159,168.3618,161.6273,6.7345,0.15756903,0.15126627,6.7345,161.6273,0.15126627,6.7345,6.7345,7.5763,7.5763,7.5763,161.6273,0.15126627,36.1978,33.218,132.1640,135.1438,0.12369169,0.12648046,0.00630276,5.2896,6.5979,1.2951,21.0452,11.2241,133.5619,16.2500,,5.2896,2.1082,4.2012,10.5412,10.5412,10.5412,21.0824,2.1082,-2.1082,2.509065,5.018131,1.259052,6,14,7,4,0E-8,0.15756903,,0E-8,0.000000,0.802741,0.000000,,2026-04-01,2026-05-12,8,15,14,42,0.190476,,,0.000000,,,,,,,,GLOBAL_BASELINE_NO_ENTITY_RANKING,,,NOT_APPLICABLE_GLOBAL_BASELINE,HF9g-P5,,,,X 全窗基线 · 不参与实体赏罚,6874095,688,A168_HF9F_20260827_0900,2026-08-27 09:00:00
2026-04-17,130598501,2174,0,75.8965277340,-11.7007146924,-11.7007146924,0.4000000,12,6,0.45819389642857143,0.410988466667,-0.2611655219465279,-0.04993963692330271,-0.2611655219465279,0.04720542976157143,ELIGIBLE,R03b_20260811_FULL_v1,L1_ELIGIBILITY,v2026-08-11,2026-03-21..2026-08-06,baccarat_bet02_101_all_pairs_incl_sentinel,round_win = game_pnl > 0 (decisive only),COMPATIBILITY_ONLY_NOT_PRODUCTION,1068.4952,857.7249,168.3618,202,130,-0.15756903,,-0.15756903,-0.15756903,-168.3618,1068.4952,OK,0.0000,6.7345,4.0000,96.0000,AG03-UNRESOLVED,ALL5_LEVELS_bet23_to_bet27,6.7345,6.7345,7.5763,7.5763,7.5763,4.000000,4.000000,4.500000,4.500000,4.500000,96.000000,96.000000,95.500000,95.500000,95.500000,5.0,36.1978,33.218,132.1640,135.1438,PENDING_AG03,FALSE,NOT_FOR_ENFORCEMENT,161.6273,823.4159,168.3618,161.6273,6.7345,0.15756903,0.15126627,6.7345,161.6273,0.15126627,6.7345,6.7345,7.5763,7.5763,7.5763,161.6273,0.15126627,36.1978,33.218,132.1640,135.1438,0.12369169,0.12648046,0.00630276,5.2896,6.5979,1.2951,21.0452,11.2241,133.5619,16.2500,,5.2896,2.1082,4.2012,10.5412,10.5412,10.5412,21.0824,2.1082,-2.1082,2.509065,5.018131,1.259052,6,14,7,4,0E-8,0.15756903,,0E-8,0.000000,0.802741,0.000000,,2026-04-01,2026-05-12,8,15,14,42,0.190476,,,0.000000,,,,,,,,GLOBAL_BASELINE_NO_ENTITY_RANKING,,,NOT_APPLICABLE_GLOBAL_BASELINE,HF9g-P5,,,,X 全窗基线 · 不参与实体赏罚,6874096,688,A168_HF9F_20260827_0900,2026-08-27 09:00:00
2026-05-08,130598501,970,0,6.3018590484,-2.2056506669,-2.2056506669,0.5000000,2,2,0.49994810000000000,0.499948100000,0.00014679536856514622,0.00014679536856514622,0.00014679536856514622,0E-17,ELIGIBLE,R03b_20260811_FULL_v1,L1_ELIGIBILITY,v2026-08-11,2026-03-21..2026-08-06,baccarat_bet02_101_all_pairs_incl_sentinel,round_win = game_pnl > 0 (decisive only),COMPATIBILITY_ONLY_NOT_PRODUCTION,1068.4952,857.7249,168.3618,202,130,-0.15756903,,-0.15756903,-0.15756903,-168.3618,1068.4952,OK,0.0000,6.7345,4.0000,96.0000,AG03-UNRESOLVED,ALL5_LEVELS_bet23_to_bet27,6.7345,6.7345,7.5763,7.5763,7.5763,4.000000,4.000000,4.500000,4.500000,4.500000,96.000000,96.000000,95.500000,95.500000,95.500000,5.0,36.1978,33.218,132.1640,135.1438,PENDING_AG03,FALSE,NOT_FOR_ENFORCEMENT,161.6273,823.4159,168.3618,161.6273,6.7345,0.15756903,0.15126627,6.7345,161.6273,0.15126627,6.7345,6.7345,7.5763,7.5763,7.5763,161.6273,0.15126627,36.1978,33.218,132.1640,135.1438,0.12369169,0.12648046,0.00630276,5.2896,6.5979,1.2951,21.0452,11.2241,133.5619,16.2500,,5.2896,2.1082,4.2012,10.5412,10.5412,10.5412,21.0824,2.1082,-2.1082,2.509065,5.018131,1.259052,6,14,7,4,0E-8,0.15756903,,0E-8,0.000000,0.802741,0.000000,,2026-04-01,2026-05-12,8,15,14,42,0.190476,,,0.000000,,,,,,,,GLOBAL_BASELINE_NO_ENTITY_RANKING,,,NOT_APPLICABLE_GLOBAL_BASELINE,HF9g-P5,,,,X 全窗基线 · 不参与实体赏罚,6874097,688,A168_HF9F_20260827_0900,2026-08-27 09:00:00
2026-05-08,130598501,994,0,4.2012393656,0E-10,0E-10,,2,1,0.29392415000000000,0.293924150000,,,,0E-17,NO_DECISIVE_ROUND,R03b_20260811_FULL_v1,L1_ELIGIBILITY,v2026-08-11,2026-03-21..2026-08-06,baccarat_bet02_101_all_pairs_incl_sentinel,round_win = game_pnl > 0 (decisive only),COMPATIBILITY_ONLY_NOT_PRODUCTION,1068.4952,857.7249,168.3618,202,130,-0.15756903,,-0.15756903,-0.15756903,-168.3618,1068.4952,OK,0.0000,6.7345,4.0000,96.0000,AG03-UNRESOLVED,ALL5_LEVELS_bet23_to_bet27,6.7345,6.7345,7.5763,7.5763,7.5763,4.000000,4.000000,4.500000,4.500000,4.500000,96.000000,96.000000,95.500000,95.500000,95.500000,5.0,36.1978,33.218,132.1640,135.1438,PENDING_AG03,FALSE,NOT_FOR_ENFORCEMENT,161.6273,823.4159,168.3618,161.6273,6.7345,0.15756903,0.15126627,6.7345,161.6273,0.15126627,6.7345,6.7345,7.5763,7.5763,7.5763,161.6273,0.15126627,36.1978,33.218,132.1640,135.1438,0.12369169,0.12648046,0.00630276,5.2896,6.5979,1.2951,21.0452,11.2241,133.5619,16.2500,,5.2896,2.1082,4.2012,10.5412,10.5412,10.5412,21.0824,2.1082,-2.1082,2.509065,5.018131,1.259052,6,14,7,4,0E-8,0.15756903,,0E-8,0.000000,0.802741,0.000000,,2026-04-01,2026-05-12,8,15,14,42,0.190476,,,0.000000,,,,,,,,GLOBAL_BASELINE_NO_ENTITY_RANKING,,,NOT_APPLICABLE_GLOBAL_BASELINE,HF9g-P5,,,,X 全窗基线 · 不参与实体赏罚,6874098,688,A168_HF9F_20260827_0900,2026-08-27 09:00:00
2026-05-11,130598501,1331,0,27.3080558764,5.7767041277,5.7767041277,0.6666667,8,6,0.45070040555555556,0.426076558333,1.063194989509993,1.191742947462652,1.063194989509993,0.02462384722255556,ELIGIBLE,R03b_20260811_FULL_v1,L1_ELIGIBILITY,v2026-08-11,2026-03-21..2026-08-06,baccarat_bet02_101_all_pairs_incl_sentinel,round_win = game_pnl > 0 (decisive only),COMPATIBILITY_ONLY_NOT_PRODUCTION,1068.4952,857.7249,168.3618,202,130,-0.15756903,,-0.15756903,-0.15756903,-168.3618,1068.4952,OK,0.0000,6.7345,4.0000,96.0000,AG03-UNRESOLVED,ALL5_LEVELS_bet23_to_bet27,6.7345,6.7345,7.5763,7.5763,7.5763,4.000000,4.000000,4.500000,4.500000,4.500000,96.000000,96.000000,95.500000,95.500000,95.500000,5.0,36.1978,33.218,132.1640,135.1438,PENDING_AG03,FALSE,NOT_FOR_ENFORCEMENT,161.6273,823.4159,168.3618,161.6273,6.7345,0.15756903,0.15126627,6.7345,161.6273,0.15126627,6.7345,6.7345,7.5763,7.5763,7.5763,161.6273,0.15126627,36.1978,33.218,132.1640,135.1438,0.12369169,0.12648046,0.00630276,5.2896,6.5979,1.2951,21.0452,11.2241,133.5619,16.2500,,5.2896,2.1082,4.2012,10.5412,10.5412,10.5412,21.0824,2.1082,-2.1082,2.509065,5.018131,1.259052,6,14,7,4,0E-8,0.15756903,,0E-8,0.000000,0.802741,0.000000,,2026-04-01,2026-05-12,8,15,14,42,0.190476,,,0.000000,,,,,,,,GLOBAL_BASELINE_NO_ENTITY_RANKING,,,NOT_APPLICABLE_GLOBAL_BASELINE,HF9g-P5,,,,X 全窗基线 · 不参与实体赏罚,6874099,688,A168_HF9F_20260827_0900,2026-08-27 09:00:00
2026-05-11,130598501,2174,0,52.5154920700,-4.6213633021,-4.6213633021,0.4545455,20,14,0.43490905714285714,0.425098392857,0.13137107569656675,0.1975589984726204,0.13137107569656675,0.00981066428585714,ELIGIBLE,R03b_20260811_FULL_v1,L1_ELIGIBILITY,v2026-08-11,2026-03-21..2026-08-06,baccarat_bet02_101_all_pairs_incl_sentinel,round_win = game_pnl > 0 (decisive only),COMPATIBILITY_ONLY_NOT_PRODUCTION,1068.4952,857.7249,168.3618,202,130,-0.15756903,,-0.15756903,-0.15756903,-168.3618,1068.4952,OK,0.0000,6.7345,4.0000,96.0000,AG03-UNRESOLVED,ALL5_LEVELS_bet23_to_bet27,6.7345,6.7345,7.5763,7.5763,7.5763,4.000000,4.000000,4.500000,4.500000,4.500000,96.000000,96.000000,95.500000,95.500000,95.500000,5.0,36.1978,33.218,132.1640,135.1438,PENDING_AG03,FALSE,NOT_FOR_ENFORCEMENT,161.6273,823.4159,168.3618,161.6273,6.7345,0.15756903,0.15126627,6.7345,161.6273,0.15126627,6.7345,6.7345,7.5763,7.5763,7.5763,161.6273,0.15126627,36.1978,33.218,132.1640,135.1438,0.12369169,0.12648046,0.00630276,5.2896,6.5979,1.2951,21.0452,11.2241,133.5619,16.2500,,5.2896,2.1082,4.2012,10.5412,10.5412,10.5412,21.0824,2.1082,-2.1082,2.509065,5.018131,1.259052,6,14,7,4,0E-8,0.15756903,,0E-8,0.000000,0.802741,0.000000,,2026-04-01,2026-05-12,8,15,14,42,0.190476,,,0.000000,,,,,,,,GLOBAL_BASELINE_NO_ENTITY_RANKING,,,NOT_APPLICABLE_GLOBAL_BASELINE,HF9g-P5,,,,X 全窗基线 · 不参与实体赏罚,6874100,688,A168_HF9F_20260827_0900,2026-08-27 09:00:00
2026-05-12,130598501,1400,0,14.7043377796,6.3018590484,6.3018590484,0.5000000,2,2,0.49994810000000000,0.499948100000,0.00014679536856514622,0.00014679536856514622,0.00014679536856514622,0E-17,ELIGIBLE,R03b_20260811_FULL_v1,L1_ELIGIBILITY,v2026-08-11,2026-03-21..2026-08-06,baccarat_bet02_101_all_pairs_incl_sentinel,round_win = game_pnl > 0 (decisive only),COMPATIBILITY_ONLY_NOT_PRODUCTION,1068.4952,857.7249,168.3618,202,130,-0.15756903,,-0.15756903,-0.15756903,-168.3618,1068.4952,OK,0.0000,6.7345,4.0000,96.0000,AG03-UNRESOLVED,ALL5_LEVELS_bet23_to_bet27,6.7345,6.7345,7.5763,7.5763,7.5763,4.000000,4.000000,4.500000,4.500000,4.500000,96.000000,96.000000,95.500000,95.500000,95.500000,5.0,36.1978,33.218,132.1640,135.1438,PENDING_AG03,FALSE,NOT_FOR_ENFORCEMENT,161.6273,823.4159,168.3618,161.6273,6.7345,0.15756903,0.15126627,6.7345,161.6273,0.15126627,6.7345,6.7345,7.5763,7.5763,7.5763,161.6273,0.15126627,36.1978,33.218,132.1640,135.1438,0.12369169,0.12648046,0.00630276,5.2896,6.5979,1.2951,21.0452,11.2241,133.5619,16.2500,,5.2896,2.1082,4.2012,10.5412,10.5412,10.5412,21.0824,2.1082,-2.1082,2.509065,5.018131,1.259052,6,14,7,4,0E-8,0.15756903,,0E-8,0.000000,0.802741,0.000000,,2026-04-01,2026-05-12,8,15,14,42,0.190476,,,0.000000,,,,,,,,GLOBAL_BASELINE_NO_ENTITY_RANKING,,,NOT_APPLICABLE_GLOBAL_BASELINE,HF9g-P5,,,,X 全窗基线 · 不参与实体赏罚,6874101,688,A168_HF9F_20260827_0900,2026-08-27 09:00:00
2026-04-02,129458579,2142,0,36.3845771274,-12.3943145826,-12.3943145826,0.3333333,3,3,0.49771390000000000,0.497713900000,-0.5694369385616226,-0.5694369385616226,-0.5694369385616226,0E-17,ELIGIBLE,R03b_20260811_FULL_v1,L1_ELIGIBILITY,v2026-08-11,2026-03-21..2026-08-06,baccarat_bet02_101_all_pairs_incl_sentinel,round_win = game_pnl > 0 (decisive only),COMPATIBILITY_ONLY_NOT_PRODUCTION,811.0683,723.3177,168.3635,44,44,-0.20758245,-0.34103020,-0.17844506,-0.20758245,-168.3635,811.0683,OK,0.0000,6.7345,4.0000,96.0000,AG03-UNRESOLVED,ALL5_LEVELS_bet23_to_bet27,6.7345,6.7345,6.7345,6.7345,6.7345,4.000000,4.000000,4.000000,4.000000,4.000000,96.000000,96.000000,96.000000,96.000000,96.000000,5.0,33.6727,31.0845,134.6908,137.279,PENDING_AG03,FALSE,NOT_FOR_ENFORCEMENT,161.6290,694.3850,168.3635,161.6290,6.7345,0.20758245,0.19927915,6.7345,161.6290,0.19927915,6.7345,6.7345,6.7345,6.7345,6.7345,161.6290,0.19927915,33.6727,31.0845,134.6908,137.279,0.16606596,0.16925706,0.00830330,18.4334,16.4390,3.8264,21.0454,18.7071,101.3835,5.5000,20.7649,17.9923,13.0304,14.5296,25.7667,28.3377,33.173,38.7267,13.3857,-10.6401,2.283134,2.665363,1.268677,7,10,9,2,0.17921313,0.20758245,0.34103020,0E-8,0.000000,0.891809,0.000000,-0.16258514,2026-04-02,2026-07-26,8,9,9,116,0.068966,1.154099,1.126483,0.597377,,,,,,,,GLOBAL_BASELINE_NO_ENTITY_RANKING,,,NOT_APPLICABLE_GLOBAL_BASELINE,HF9g-P5,,,,X 全窗基线 · 不参与实体赏罚,6874102,688,A168_HF9F_20260827_0900,2026-08-27 09:00:00
2026-04-26,129458579,1654,0,160.9821218231,-71.3294767427,-71.3294767427,0.2857143,8,8,0.50329940000000000,0.503299400000,-1.1513772709309125,-1.1513772709309127,-1.1513772709309125,0E-17,ELIGIBLE,R03b_20260811_FULL_v1,L1_ELIGIBILITY,v2026-08-11,2026-03-21..2026-08-06,baccarat_bet02_101_all_pairs_incl_sentinel,round_win = game_pnl > 0 (decisive only),COMPATIBILITY_ONLY_NOT_PRODUCTION,811.0683,723.3177,168.3635,44,44,-0.20758245,-0.34103020,-0.17844506,-0.20758245,-168.3635,811.0683,OK,0.0000,6.7345,4.0000,96.0000,AG03-UNRESOLVED,ALL5_LEVELS_bet23_to_bet27,6.7345,6.7345,6.7345,6.7345,6.7345,4.000000,4.000000,4.000000,4.000000,4.000000,96.000000,96.000000,96.000000,96.000000,96.000000,5.0,33.6727,31.0845,134.6908,137.279,PENDING_AG03,FALSE,NOT_FOR_ENFORCEMENT,161.6290,694.3850,168.3635,161.6290,6.7345,0.20758245,0.19927915,6.7345,161.6290,0.19927915,6.7345,6.7345,6.7345,6.7345,6.7345,161.6290,0.19927915,33.6727,31.0845,134.6908,137.279,0.16606596,0.16925706,0.00830330,18.4334,16.4390,3.8264,21.0454,18.7071,101.3835,5.5000,20.7649,17.9923,13.0304,14.5296,25.7667,28.3377,33.173,38.7267,13.3857,-10.6401,2.283134,2.665363,1.268677,7,10,9,2,0.17921313,0.20758245,0.34103020,0E-8,0.000000,0.891809,0.000000,-0.16258514,2026-04-02,2026-07-26,8,9,9,116,0.068966,1.154099,1.126483,0.597377,,,,,,,,GLOBAL_BASELINE_NO_ENTITY_RANKING,,,NOT_APPLICABLE_GLOBAL_BASELINE,HF9g-P5,,,,X 全窗基线 · 不参与实体赏罚,6874103,688,A168_HF9F_20260827_0900,2026-08-27 09:00:00
2026-04-28,129458579,2188,0,138.7325602704,-21.5951626836,-21.5951626836,0.4000000,8,8,0.49994810000000000,0.499948100000,-0.4469814940518811,-0.4469814940518811,-0.4469814940518811,0E-17,ELIGIBLE,R03b_20260811_FULL_v1,L1_ELIGIBILITY,v2026-08-11,2026-03-21..2026-08-06,baccarat_bet02_101_all_pairs_incl_sentinel,round_win = game_pnl > 0 (decisive only),COMPATIBILITY_ONLY_NOT_PRODUCTION,811.0683,723.3177,168.3635,44,44,-0.20758245,-0.34103020,-0.17844506,-0.20758245,-168.3635,811.0683,OK,0.0000,6.7345,4.0000,96.0000,AG03-UNRESOLVED,ALL5_LEVELS_bet23_to_bet27,6.7345,6.7345,6.7345,6.7345,6.7345,4.000000,4.000000,4.000000,4.000000,4.000000,96.000000,96.000000,96.000000,96.000000,96.000000,5.0,33.6727,31.0845,134.6908,137.279,PENDING_AG03,FALSE,NOT_FOR_ENFORCEMENT,161.6290,694.3850,168.3635,161.6290,6.7345,0.20758245,0.19927915,6.7345,161.6290,0.19927915,6.7345,6.7345,6.7345,6.7345,6.7345,161.6290,0.19927915,33.6727,31.0845,134.6908,137.279,0.16606596,0.16925706,0.00830330,18.4334,16.4390,3.8264,21.0454,18.7071,101.3835,5.5000,20.7649,17.9923,13.0304,14.5296,25.7667,28.3377,33.173,38.7267,13.3857,-10.6401,2.283134,2.665363,1.268677,7,10,9,2,0.17921313,0.20758245,0.34103020,0E-8,0.000000,0.891809,0.000000,-0.16258514,2026-04-02,2026-07-26,8,9,9,116,0.068966,1.154099,1.126483,0.597377,,,,,,,,GLOBAL_BASELINE_NO_ENTITY_RANKING,,,NOT_APPLICABLE_GLOBAL_BASELINE,HF9g-P5,,,,X 全窗基线 · 不参与实体赏罚,6874104,688,A168_HF9F_20260827_0900,2026-08-27 09:00:00
2026-04-28,129458579,2229,0,18.0614087899,-18.0614087899,-18.0614087899,0E-7,1,1,0.50665070000000000,0.506650700000,-1.013391052207602,-1.013391052207602,-1.013391052207602,0E-17,ELIGIBLE,R03b_20260811_FULL_v1,L1_ELIGIBILITY,v2026-08-11,2026-03-21..2026-08-06,baccarat_bet02_101_all_pairs_incl_sentinel,round_win = game_pnl > 0 (decisive only),COMPATIBILITY_ONLY_NOT_PRODUCTION,811.0683,723.3177,168.3635,44,44,-0.20758245,-0.34103020,-0.17844506,-0.20758245,-168.3635,811.0683,OK,0.0000,6.7345,4.0000,96.0000,AG03-UNRESOLVED,ALL5_LEVELS_bet23_to_bet27,6.7345,6.7345,6.7345,6.7345,6.7345,4.000000,4.000000,4.000000,4.000000,4.000000,96.000000,96.000000,96.000000,96.000000,96.000000,5.0,33.6727,31.0845,134.6908,137.279,PENDING_AG03,FALSE,NOT_FOR_ENFORCEMENT,161.6290,694.3850,168.3635,161.6290,6.7345,0.20758245,0.19927915,6.7345,161.6290,0.19927915,6.7345,6.7345,6.7345,6.7345,6.7345,161.6290,0.19927915,33.6727,31.0845,134.6908,137.279,0.16606596,0.16925706,0.00830330,18.4334,16.4390,3.8264,21.0454,18.7071,101.3835,5.5000,20.7649,17.9923,13.0304,14.5296,25.7667,28.3377,33.173,38.7267,13.3857,-10.6401,2.283134,2.665363,1.268677,7,10,9,2,0.17921313,0.20758245,0.34103020,0E-8,0.000000,0.891809,0.000000,-0.16258514,2026-04-02,2026-07-26,8,9,9,116,0.068966,1.154099,1.126483,0.597377,,,,,,,,GLOBAL_BASELINE_NO_ENTITY_RANKING,,,NOT_APPLICABLE_GLOBAL_BASELINE,HF9g-P5,,,,X 全窗基线 · 不参与实体赏罚,6874105,688,A168_HF9F_20260827_0900,2026-08-27 09:00:00
2026-05-02,129458579,1318,0,79.6533651601,-22.1187276219,-22.1187276219,0.2500000,5,5,0.50665070000000000,0.506650700000,-1.0266936290537745,-1.0266936290537745,-1.0266936290537745,0E-17,ELIGIBLE,R03b_20260811_FULL_v1,L1_ELIGIBILITY,v2026-08-11,2026-03-21..2026-08-06,baccarat_bet02_101_all_pairs_incl_sentinel,round_win = game_pnl > 0 (decisive only),COMPATIBILITY_ONLY_NOT_PRODUCTION,811.0683,723.3177,168.3635,44,44,-0.20758245,-0.34103020,-0.17844506,-0.20758245,-168.3635,811.0683,OK,0.0000,6.7345,4.0000,96.0000,AG03-UNRESOLVED,ALL5_LEVELS_bet23_to_bet27,6.7345,6.7345,6.7345,6.7345,6.7345,4.000000,4.000000,4.000000,4.000000,4.000000,96.000000,96.000000,96.000000,96.000000,96.000000,5.0,33.6727,31.0845,134.6908,137.279,PENDING_AG03,FALSE,NOT_FOR_ENFORCEMENT,161.6290,694.3850,168.3635,161.6290,6.7345,0.20758245,0.19927915,6.7345,161.6290,0.19927915,6.7345,6.7345,6.7345,6.7345,6.7345,161.6290,0.19927915,33.6727,31.0845,134.6908,137.279,0.16606596,0.16925706,0.00830330,18.4334,16.4390,3.8264,21.0454,18.7071,101.3835,5.5000,20.7649,17.9923,13.0304,14.5296,25.7667,28.3377,33.173,38.7267,13.3857,-10.6401,2.283134,2.665363,1.268677,7,10,9,2,0.17921313,0.20758245,0.34103020,0E-8,0.000000,0.891809,0.000000,-0.16258514,2026-04-02,2026-07-26,8,9,9,116,0.068966,1.154099,1.126483,0.597377,,,,,,,,GLOBAL_BASELINE_NO_ENTITY_RANKING,,,NOT_APPLICABLE_GLOBAL_BASELINE,HF9g-P5,,,,X 全窗基线 · 不参与实体赏罚,6874106,688,A168_HF9F_20260827_0900,2026-08-27 09:00:00
2026-05-07,129458579,2123,0,51.8914431012,24.6484354730,24.6484354730,0.7500000,4,4,0.50329940000000000,0.503299400000,0.9868238854431842,0.9868238854431842,0.9868238854431842,0E-17,ELIGIBLE,R03b_20260811_FULL_v1,L1_ELIGIBILITY,v2026-08-11,2026-03-21..2026-08-06,baccarat_bet02_101_all_pairs_incl_sentinel,round_win = game_pnl > 0 (decisive only),COMPATIBILITY_ONLY_NOT_PRODUCTION,811.0683,723.3177,168.3635,44,44,-0.20758245,-0.34103020,-0.17844506,-0.20758245,-168.3635,811.0683,OK,0.0000,6.7345,4.0000,96.0000,AG03-UNRESOLVED,ALL5_LEVELS_bet23_to_bet27,6.7345,6.7345,6.7345,6.7345,6.7345,4.000000,4.000000,4.000000,4.000000,4.000000,96.000000,96.000000,96.000000,96.000000,96.000000,5.0,33.6727,31.0845,134.6908,137.279,PENDING_AG03,FALSE,NOT_FOR_ENFORCEMENT,161.6290,694.3850,168.3635,161.6290,6.7345,0.20758245,0.19927915,6.7345,161.6290,0.19927915,6.7345,6.7345,6.7345,6.7345,6.7345,161.6290,0.19927915,33.6727,31.0845,134.6908,137.279,0.16606596,0.16925706,0.00830330,18.4334,16.4390,3.8264,21.0454,18.7071,101.3835,5.5000,20.7649,17.9923,13.0304,14.5296,25.7667,28.3377,33.173,38.7267,13.3857,-10.6401,2.283134,2.665363,1.268677,7,10,9,2,0.17921313,0.20758245,0.34103020,0E-8,0.000000,0.891809,0.000000,-0.16258514,2026-04-02,2026-07-26,8,9,9,116,0.068966,1.154099,1.126483,0.597377,,,,,,,,GLOBAL_BASELINE_NO_ENTITY_RANKING,,,NOT_APPLICABLE_GLOBAL_BASELINE,HF9g-P5,,,,X 全窗基线 · 不参与实体赏罚,6874107,688,A168_HF9F_20260827_0900,2026-08-27 09:00:00
2026-06-21,129458579,1947,0,12.8577673773,12.2148790084,12.2148790084,1.0000000,1,1,0.50665070000000000,0.506650700000,0.9867858985152569,0.9867858985152569,0.9867858985152569,0E-17,ELIGIBLE,R03b_20260811_FULL_v1,L1_ELIGIBILITY,v2026-08-11,2026-03-21..2026-08-06,baccarat_bet02_101_all_pairs_incl_sentinel,round_win = game_pnl > 0 (decisive only),COMPATIBILITY_ONLY_NOT_PRODUCTION,811.0683,723.3177,168.3635,44,44,-0.20758245,-0.34103020,-0.17844506,-0.20758245,-168.3635,811.0683,OK,0.0000,6.7345,4.0000,96.0000,AG03-UNRESOLVED,ALL5_LEVELS_bet23_to_bet27,6.7345,6.7345,6.7345,6.7345,6.7345,4.000000,4.000000,4.000000,4.000000,4.000000,96.000000,96.000000,96.000000,96.000000,96.000000,5.0,33.6727,31.0845,134.6908,137.279,PENDING_AG03,FALSE,NOT_FOR_ENFORCEMENT,161.6290,694.3850,168.3635,161.6290,6.7345,0.20758245,0.19927915,6.7345,161.6290,0.19927915,6.7345,6.7345,6.7345,6.7345,6.7345,161.6290,0.19927915,33.6727,31.0845,134.6908,137.279,0.16606596,0.16925706,0.00830330,18.4334,16.4390,3.8264,21.0454,18.7071,101.3835,5.5000,20.7649,17.9923,13.0304,14.5296,25.7667,28.3377,33.173,38.7267,13.3857,-10.6401,2.283134,2.665363,1.268677,7,10,9,2,0.17921313,0.20758245,0.34103020,0E-8,0.000000,0.891809,0.000000,-0.16258514,2026-04-02,2026-07-26,8,9,9,116,0.068966,1.154099,1.126483,0.597377,,,,,,,,GLOBAL_BASELINE_NO_ENTITY_RANKING,,,NOT_APPLICABLE_GLOBAL_BASELINE,HF9g-P5,,,,X 全窗基线 · 不参与实体赏罚,6874108,688,A168_HF9F_20260827_0900,2026-08-27 09:00:00
2026-06-21,129458579,2261,0,167.1509759045,-10.1576362279,-10.1576362279,0.4285714,7,7,0.50282064285714286,0.502820642857,-0.39289616391791987,-0.3928961639171632,-0.39289616391791987,1.4286E-13,ELIGIBLE,R03b_20260811_FULL_v1,L1_ELIGIBILITY,v2026-08-11,2026-03-21..2026-08-06,baccarat_bet02_101_all_pairs_incl_sentinel,round_win = game_pnl > 0 (decisive only),COMPATIBILITY_ONLY_NOT_PRODUCTION,811.0683,723.3177,168.3635,44,44,-0.20758245,-0.34103020,-0.17844506,-0.20758245,-168.3635,811.0683,OK,0.0000,6.7345,4.0000,96.0000,AG03-UNRESOLVED,ALL5_LEVELS_bet23_to_bet27,6.7345,6.7345,6.7345,6.7345,6.7345,4.000000,4.000000,4.000000,4.000000,4.000000,96.000000,96.000000,96.000000,96.000000,96.000000,5.0,33.6727,31.0845,134.6908,137.279,PENDING_AG03,FALSE,NOT_FOR_ENFORCEMENT,161.6290,694.3850,168.3635,161.6290,6.7345,0.20758245,0.19927915,6.7345,161.6290,0.19927915,6.7345,6.7345,6.7345,6.7345,6.7345,161.6290,0.19927915,33.6727,31.0845,134.6908,137.279,0.16606596,0.16925706,0.00830330,18.4334,16.4390,3.8264,21.0454,18.7071,101.3835,5.5000,20.7649,17.9923,13.0304,14.5296,25.7667,28.3377,33.173,38.7267,13.3857,-10.6401,2.283134,2.665363,1.268677,7,10,9,2,0.17921313,0.20758245,0.34103020,0E-8,0.000000,0.891809,0.000000,-0.16258514,2026-04-02,2026-07-26,8,9,9,116,0.068966,1.154099,1.126483,0.597377,,,,,,,,GLOBAL_BASELINE_NO_ENTITY_RANKING,,,NOT_APPLICABLE_GLOBAL_BASELINE,HF9g-P5,,,,X 全窗基线 · 不参与实体赏罚,6874109,688,A168_HF9F_20260827_0900,2026-08-27 09:00:00
2026-07-18,129458579,1363,0,5.1635556244,0E-10,0E-10,,1,1,0.49324550000000000,0.493245500000,,,,0E-17,NO_DECISIVE_ROUND,R03b_20260811_FULL_v1,L1_ELIGIBILITY,v2026-08-11,2026-03-21..2026-08-06,baccarat_bet02_101_all_pairs_incl_sentinel,round_win = game_pnl > 0 (decisive only),COMPATIBILITY_ONLY_NOT_PRODUCTION,811.0683,723.3177,168.3635,44,44,-0.20758245,-0.34103020,-0.17844506,-0.20758245,-168.3635,811.0683,OK,0.0000,6.7345,4.0000,96.0000,AG03-UNRESOLVED,ALL5_LEVELS_bet23_to_bet27,6.7345,6.7345,6.7345,6.7345,6.7345,4.000000,4.000000,4.000000,4.000000,4.000000,96.000000,96.000000,96.000000,96.000000,96.000000,5.0,33.6727,31.0845,134.6908,137.279,PENDING_AG03,FALSE,NOT_FOR_ENFORCEMENT,161.6290,694.3850,168.3635,161.6290,6.7345,0.20758245,0.19927915,6.7345,161.6290,0.19927915,6.7345,6.7345,6.7345,6.7345,6.7345,161.6290,0.19927915,33.6727,31.0845,134.6908,137.279,0.16606596,0.16925706,0.00830330,18.4334,16.4390,3.8264,21.0454,18.7071,101.3835,5.5000,20.7649,17.9923,13.0304,14.5296,25.7667,28.3377,33.173,38.7267,13.3857,-10.6401,2.283134,2.665363,1.268677,7,10,9,2,0.17921313,0.20758245,0.34103020,0E-8,0.000000,0.891809,0.000000,-0.16258514,2026-04-02,2026-07-26,8,9,9,116,0.068966,1.154099,1.126483,0.597377,,,,,,,,GLOBAL_BASELINE_NO_ENTITY_RANKING,,,NOT_APPLICABLE_GLOBAL_BASELINE,HF9g-P5,,,,X 全窗基线 · 不参与实体赏罚,6874110,688,A168_HF9F_20260827_0900,2026-08-27 09:00:00
2026-07-26,129458579,1400,0,140.1905352025,-49.5701339943,-49.5701339943,0.3333333,6,6,0.49771390000000000,0.497713900000,-0.8053054414300617,-0.8053054414300617,-0.8053054414300617,0E-17,ELIGIBLE,R03b_20260811_FULL_v1,L1_ELIGIBILITY,v2026-08-11,2026-03-21..2026-08-06,baccarat_bet02_101_all_pairs_incl_sentinel,round_win = game_pnl > 0 (decisive only),COMPATIBILITY_ONLY_NOT_PRODUCTION,811.0683,723.3177,168.3635,44,44,-0.20758245,-0.34103020,-0.17844506,-0.20758245,-168.3635,811.0683,OK,0.0000,6.7345,4.0000,96.0000,AG03-UNRESOLVED,ALL5_LEVELS_bet23_to_bet27,6.7345,6.7345,6.7345,6.7345,6.7345,4.000000,4.000000,4.000000,4.000000,4.000000,96.000000,96.000000,96.000000,96.000000,96.000000,5.0,33.6727,31.0845,134.6908,137.279,PENDING_AG03,FALSE,NOT_FOR_ENFORCEMENT,161.6290,694.3850,168.3635,161.6290,6.7345,0.20758245,0.19927915,6.7345,161.6290,0.19927915,6.7345,6.7345,6.7345,6.7345,6.7345,161.6290,0.19927915,33.6727,31.0845,134.6908,137.279,0.16606596,0.16925706,0.00830330,18.4334,16.4390,3.8264,21.0454,18.7071,101.3835,5.5000,20.7649,17.9923,13.0304,14.5296,25.7667,28.3377,33.173,38.7267,13.3857,-10.6401,2.283134,2.665363,1.268677,7,10,9,2,0.17921313,0.20758245,0.34103020,0E-8,0.000000,0.891809,0.000000,-0.16258514,2026-04-02,2026-07-26,8,9,9,116,0.068966,1.154099,1.126483,0.597377,,,,,,,,GLOBAL_BASELINE_NO_ENTITY_RANKING,,,NOT_APPLICABLE_GLOBAL_BASELINE,HF9g-P5,,,,X 全窗基线 · 不参与实体赏罚,6874111,688,A168_HF9F_20260827_0900,2026-08-27 09:00:00
2026-03-23,147702567,1951,0,385.1571441148,-168.3686944273,-168.3686944273,0.2000000,6,6,0.49771390000000000,0.497713900000,-1.3314309533564708,-1.3314309533564703,-1.3314309533564708,0E-17,ELIGIBLE,R03b_20260811_FULL_v1,L1_ELIGIBILITY,v2026-08-11,2026-03-21..2026-08-06,baccarat_bet02_101_all_pairs_incl_sentinel,round_win = game_pnl > 0 (decisive only),COMPATIBILITY_ONLY_NOT_PRODUCTION,385.1571,297.1212,168.3687,6,6,-0.43714286,,-0.43714286,-0.43714286,-168.3687,385.1571,THIN_EXPOSURE,0.0000,6.7347,4.0000,96.0000,AG03-UNRESOLVED,ALL5_LEVELS_bet23_to_bet27,6.7347,6.7347,6.7347,10.1021,10.1021,4.000000,4.000000,4.000000,6.000000,6.000000,96.000000,96.000000,96.000000,94.000000,94.000000,5.0,40.4085,36.746,127.9602,131.6227,PENDING_AG03,FALSE,NOT_FOR_ENFORCEMENT,161.6339,285.2364,168.3687,161.6339,6.7347,0.43714286,0.41965714,6.7347,161.6339,0.41965714,6.7347,6.7347,6.7347,10.1021,10.1021,161.6339,0.41965714,40.4085,36.746,127.9602,131.6227,0.33222857,0.34173762,0.01748571,64.1929,49.5202,28.0614,168.3687,168.3687,385.1571,6.0000,,64.1929,44.018,66.0269,88.0359,88.0359,88.0359,88.0359,55.0224,-38.5157,1.333333,1.333333,0.972222,1,1,1,2,0E-8,0.43714286,,0E-8,0.000000,0.771429,0.000000,,2026-03-23,2026-03-23,1,1,1,1,1.000000,,,0.000000,,,,,,,,GLOBAL_BASELINE_NO_ENTITY_RANKING,,,NOT_APPLICABLE_GLOBAL_BASELINE,HF9g-P5,,,,X 全窗基线 · 不参与实体赏罚,6874112,688,A168_HF9F_20260827_0900,2026-08-27 09:00:00
2026-06-13,146517310,-1,1,128.5776737727,128.5776737727,128.5776737727,1.0000000,1,1,0.49324550000000000,0.493245500000,1.01360149184955,1.01360149184955,1.01360149184955,0E-17,SENTINEL_DEALER,R03b_20260811_FULL_v1,L1_ELIGIBILITY,v2026-08-11,2026-03-21..2026-08-06,baccarat_bet02_101_all_pairs_incl_sentinel,round_win = game_pnl > 0 (decisive only),COMPATIBILITY_ONLY_NOT_PRODUCTION,782.7809,679.9187,166.6367,5,5,-0.21287779,,-0.21287779,-0.21287779,-166.6367,782.7809,THIN_EXPOSURE,0.0000,4.9991,3.0000,97.0000,AG03-UNRESOLVED,ALL5_LEVELS_bet23_to_bet27,4.9991,4.9991,4.9991,6.6655,6.6655,3.000000,3.000000,3.000000,4.000000,4.000000,97.000000,97.000000,97.000000,96.000000,96.000000,5.0,28.3282,26.4753,138.3084,140.1613,PENDING_AG03,FALSE,NOT_FOR_ENFORCEMENT,161.6376,659.5212,166.6367,161.6376,4.9991,0.21287779,0.20649146,4.9991,161.6376,0.20649146,4.9991,4.9991,4.9991,6.6655,6.6655,161.6376,0.20649146,28.3282,26.4753,138.3084,140.1613,0.17668857,0.17905565,0.00638633,156.5562,135.9837,33.3273,166.6367,33.3273,782.7809,5.0000,,156.5562,121.7631,128.5777,189.3949,256.1267,256.1267,256.1267,128.5777,0.0,1.992,1.992,1.2176,5,5,1,2,0E-8,0.21287779,,0E-8,0.000000,0.868594,0.000000,,2026-06-13,2026-06-13,1,5,5,1,1.000000,,,0.000000,,,,,,,,GLOBAL_BASELINE_NO_ENTITY_RANKING,,,NOT_APPLICABLE_GLOBAL_BASELINE,HF9g-P5,,,,X 全窗基线 · 不参与实体赏罚,6874113,688,A168_HF9F_20260827_0900,2026-08-27 09:00:00
2026-06-13,146517310,1205,0,167.1509759045,-167.1509759045,-167.1509759045,0E-7,1,1,0.49324550000000000,0.493245500000,-0.9865810262130424,-0.9865810262130424,-0.9865810262130424,0E-17,ELIGIBLE,R03b_20260811_FULL_v1,L1_ELIGIBILITY,v2026-08-11,2026-03-21..2026-08-06,baccarat_bet02_101_all_pairs_incl_sentinel,round_win = game_pnl > 0 (decisive only),COMPATIBILITY_ONLY_NOT_PRODUCTION,782.7809,679.9187,166.6367,5,5,-0.21287779,,-0.21287779,-0.21287779,-166.6367,782.7809,THIN_EXPOSURE,0.0000,4.9991,3.0000,97.0000,AG03-UNRESOLVED,ALL5_LEVELS_bet23_to_bet27,4.9991,4.9991,4.9991,6.6655,6.6655,3.000000,3.000000,3.000000,4.000000,4.000000,97.000000,97.000000,97.000000,96.000000,96.000000,5.0,28.3282,26.4753,138.3084,140.1613,PENDING_AG03,FALSE,NOT_FOR_ENFORCEMENT,161.6376,659.5212,166.6367,161.6376,4.9991,0.21287779,0.20649146,4.9991,161.6376,0.20649146,4.9991,4.9991,4.9991,6.6655,6.6655,161.6376,0.20649146,28.3282,26.4753,138.3084,140.1613,0.17668857,0.17905565,0.00638633,156.5562,135.9837,33.3273,166.6367,33.3273,782.7809,5.0000,,156.5562,121.7631,128.5777,189.3949,256.1267,256.1267,256.1267,128.5777,0.0,1.992,1.992,1.2176,5,5,1,2,0E-8,0.21287779,,0E-8,0.000000,0.868594,0.000000,,2026-06-13,2026-06-13,1,5,5,1,1.000000,,,0.000000,,,,,,,,GLOBAL_BASELINE_NO_ENTITY_RANKING,,,NOT_APPLICABLE_GLOBAL_BASELINE,HF9g-P5,,,,X 全窗基线 · 不参与实体赏罚,6874114,688,A168_HF9F_20260827_0900,2026-08-27 09:00:00
2026-06-13,146517310,2188,0,128.0633630776,128.0633630776,128.0633630776,1.0000000,1,1,0.49324550000000000,0.493245500000,1.01360149184955,1.01360149184955,1.01360149184955,0E-17,ELIGIBLE,R03b_20260811_FULL_v1,L1_ELIGIBILITY,v2026-08-11,2026-03-21..2026-08-06,baccarat_bet02_101_all_pairs_incl_sentinel,round_win = game_pnl > 0 (decisive only),COMPATIBILITY_ONLY_NOT_PRODUCTION,782.7809,679.9187,166.6367,5,5,-0.21287779,,-0.21287779,-0.21287779,-166.6367,782.7809,THIN_EXPOSURE,0.0000,4.9991,3.0000,97.0000,AG03-UNRESOLVED,ALL5_LEVELS_bet23_to_bet27,4.9991,4.9991,4.9991,6.6655,6.6655,3.000000,3.000000,3.000000,4.000000,4.000000,97.000000,97.000000,97.000000,96.000000,96.000000,5.0,28.3282,26.4753,138.3084,140.1613,PENDING_AG03,FALSE,NOT_FOR_ENFORCEMENT,161.6376,659.5212,166.6367,161.6376,4.9991,0.21287779,0.20649146,4.9991,161.6376,0.20649146,4.9991,4.9991,4.9991,6.6655,6.6655,161.6376,0.20649146,28.3282,26.4753,138.3084,140.1613,0.17668857,0.17905565,0.00638633,156.5562,135.9837,33.3273,166.6367,33.3273,782.7809,5.0000,,156.5562,121.7631,128.5777,189.3949,256.1267,256.1267,256.1267,128.5777,0.0,1.992,1.992,1.2176,5,5,1,2,0E-8,0.21287779,,0E-8,0.000000,0.868594,0.000000,,2026-06-13,2026-06-13,1,5,5,1,1.000000,,,0.000000,,,,,,,,GLOBAL_BASELINE_NO_ENTITY_RANKING,,,NOT_APPLICABLE_GLOBAL_BASELINE,HF9g-P5,,,,X 全窗基线 · 不参与实体赏罚,6874115,688,A168_HF9F_20260827_0900,2026-08-27 09:00:00
2026-06-13,146517310,2223,0,256.1267261553,-256.1267261553,-256.1267261553,0E-7,1,1,0.49324550000000000,0.493245500000,-0.9865810262130424,-0.9865810262130424,-0.9865810262130424,0E-17,ELIGIBLE,R03b_20260811_FULL_v1,L1_ELIGIBILITY,v2026-08-11,2026-03-21..2026-08-06,baccarat_bet02_101_all_pairs_incl_sentinel,round_win = game_pnl > 0 (decisive only),COMPATIBILITY_ONLY_NOT_PRODUCTION,782.7809,679.9187,166.6367,5,5,-0.21287779,,-0.21287779,-0.21287779,-166.6367,782.7809,THIN_EXPOSURE,0.0000,4.9991,3.0000,97.0000,AG03-UNRESOLVED,ALL5_LEVELS_bet23_to_bet27,4.9991,4.9991,4.9991,6.6655,6.6655,3.000000,3.000000,3.000000,4.000000,4.000000,97.000000,97.000000,97.000000,96.000000,96.000000,5.0,28.3282,26.4753,138.3084,140.1613,PENDING_AG03,FALSE,NOT_FOR_ENFORCEMENT,161.6376,659.5212,166.6367,161.6376,4.9991,0.21287779,0.20649146,4.9991,161.6376,0.20649146,4.9991,4.9991,4.9991,6.6655,6.6655,161.6376,0.20649146,28.3282,26.4753,138.3084,140.1613,0.17668857,0.17905565,0.00638633,156.5562,135.9837,33.3273,166.6367,33.3273,782.7809,5.0000,,156.5562,121.7631,128.5777,189.3949,256.1267,256.1267,256.1267,128.5777,0.0,1.992,1.992,1.2176,5,5,1,2,0E-8,0.21287779,,0E-8,0.000000,0.868594,0.000000,,2026-06-13,2026-06-13,1,5,5,1,1.000000,,,0.000000,,,,,,,,GLOBAL_BASELINE_NO_ENTITY_RANKING,,,NOT_APPLICABLE_GLOBAL_BASELINE,HF9g-P5,,,,X 全窗基线 · 不参与实体赏罚,6874116,688,A168_HF9F_20260827_0900,2026-08-27 09:00:00
2026-06-13,146517310,2234,0,102.8621390182,0E-10,0E-10,,1,1,0.50665070000000000,0.506650700000,,,,0E-17,NO_DECISIVE_ROUND,R03b_20260811_FULL_v1,L1_ELIGIBILITY,v2026-08-11,2026-03-21..2026-08-06,baccarat_bet02_101_all_pairs_incl_sentinel,round_win = game_pnl > 0 (decisive only),COMPATIBILITY_ONLY_NOT_PRODUCTION,782.7809,679.9187,166.6367,5,5,-0.21287779,,-0.21287779,-0.21287779,-166.6367,782.7809,THIN_EXPOSURE,0.0000,4.9991,3.0000,97.0000,AG03-UNRESOLVED,ALL5_LEVELS_bet23_to_bet27,4.9991,4.9991,4.9991,6.6655,6.6655,3.000000,3.000000,3.000000,4.000000,4.000000,97.000000,97.000000,97.000000,96.000000,96.000000,5.0,28.3282,26.4753,138.3084,140.1613,PENDING_AG03,FALSE,NOT_FOR_ENFORCEMENT,161.6376,659.5212,166.6367,161.6376,4.9991,0.21287779,0.20649146,4.9991,161.6376,0.20649146,4.9991,4.9991,4.9991,6.6655,6.6655,161.6376,0.20649146,28.3282,26.4753,138.3084,140.1613,0.17668857,0.17905565,0.00638633,156.5562,135.9837,33.3273,166.6367,33.3273,782.7809,5.0000,,156.5562,121.7631,128.5777,189.3949,256.1267,256.1267,256.1267,128.5777,0.0,1.992,1.992,1.2176,5,5,1,2,0E-8,0.21287779,,0E-8,0.000000,0.868594,0.000000,,2026-06-13,2026-06-13,1,5,5,1,1.000000,,,0.000000,,,,,,,,GLOBAL_BASELINE_NO_ENTITY_RANKING,,,NOT_APPLICABLE_GLOBAL_BASELINE,HF9g-P5,,,,X 全窗基线 · 不参与实体赏罚,6874117,688,A168_HF9F_20260827_0900,2026-08-27 09:00:00
2026-05-10,98574530,529,0,186.9551517698,21.9514756853,21.9514756853,0.6250000,10,8,0.49059126269844598,0.448338887500,0.7604652880659751,1.004723508865193,0.7604652880659751,0.04225237519844598,ELIGIBLE,R03b_20260811_FULL_v1,L1_ELIGIBILITY,v2026-08-11,2026-03-21..2026-08-06,baccarat_bet02_101_all_pairs_incl_sentinel,round_win = game_pnl > 0 (decisive only),COMPATIBILITY_ONLY_NOT_PRODUCTION,902.6363,845.9195,168.3752,30,25,-0.18653712,,-0.18653712,-0.18653712,-168.3752,902.6363,OK,0.0000,6.7350,4.0000,96.0000,AG03-UNRESOLVED,ALL5_LEVELS_bet23_to_bet27,6.7350,6.7350,6.7350,6.7350,6.7350,4.000000,4.000000,4.000000,4.000000,4.000000,96.000000,96.000000,96.000000,96.000000,96.000000,5.0,33.6750,31.0867,134.7001,137.2885,PENDING_AG03,FALSE,NOT_FOR_ENFORCEMENT,161.6402,812.0828,168.3752,161.6402,6.7350,0.18653712,0.17907563,6.7350,161.6402,0.17907563,6.7350,6.7350,6.7350,6.7350,6.7350,161.6402,0.17907563,33.6750,31.0867,134.7001,137.2885,0.14922970,0.15209727,0.00746148,30.0879,33.8368,6.7350,84.1876,56.1251,451.3181,12.5000,,30.0879,14.7043,29.4087,42.0124,47.369,73.9418,95.3681,25.2074,-6.3019,2.514286,3.242857,1.023095,3,3,3,4,0E-8,0.18653712,,0E-8,0.000000,0.937165,0.000000,,2026-05-10,2026-05-13,2,3,3,4,0.500000,,,0.000000,,,,,,,,GLOBAL_BASELINE_NO_ENTITY_RANKING,,,NOT_APPLICABLE_GLOBAL_BASELINE,HF9g-P5,,,,X 全窗基线 · 不参与实体赏罚,6874118,688,A168_HF9F_20260827_0900,2026-08-27 09:00:00
2026-05-10,98574530,993,0,209.0116584392,-85.0750971537,-85.0750971537,0.2500000,6,5,0.48618564333338127,0.455979690000,-0.9451033625397939,-0.8271306029824014,-0.9451033625397939,0.03020595333338127,ELIGIBLE,R03b_20260811_FULL_v1,L1_ELIGIBILITY,v2026-08-11,2026-03-21..2026-08-06,baccarat_bet02_101_all_pairs_incl_sentinel,round_win = game_pnl > 0 (decisive only),COMPATIBILITY_ONLY_NOT_PRODUCTION,902.6363,845.9195,168.3752,30,25,-0.18653712,,-0.18653712,-0.18653712,-168.3752,902.6363,OK,0.0000,6.7350,4.0000,96.0000,AG03-UNRESOLVED,ALL5_LEVELS_bet23_to_bet27,6.7350,6.7350,6.7350,6.7350,6.7350,4.000000,4.000000,4.000000,4.000000,4.000000,96.000000,96.000000,96.000000,96.000000,96.000000,5.0,33.6750,31.0867,134.7001,137.2885,PENDING_AG03,FALSE,NOT_FOR_ENFORCEMENT,161.6402,812.0828,168.3752,161.6402,6.7350,0.18653712,0.17907563,6.7350,161.6402,0.17907563,6.7350,6.7350,6.7350,6.7350,6.7350,161.6402,0.17907563,33.6750,31.0867,134.7001,137.2885,0.14922970,0.15209727,0.00746148,30.0879,33.8368,6.7350,84.1876,56.1251,451.3181,12.5000,,30.0879,14.7043,29.4087,42.0124,47.369,73.9418,95.3681,25.2074,-6.3019,2.514286,3.242857,1.023095,3,3,3,4,0E-8,0.18653712,,0E-8,0.000000,0.937165,0.000000,,2026-05-10,2026-05-13,2,3,3,4,0.500000,,,0.000000,,,,,,,,GLOBAL_BASELINE_NO_ENTITY_RANKING,,,NOT_APPLICABLE_GLOBAL_BASELINE,HF9g-P5,,,,X 全窗基线 · 不参与实体赏罚,6874119,688,A168_HF9F_20260827_0900,2026-08-27 09:00:00
2026-05-13,98574530,1490,0,506.6694674928,-105.2515492068,-105.2515492068,0.4545455,14,12,0.49227807240979764,0.465643266667,-0.2503197256201783,-0.07378896249805918,-0.2503197256201783,0.02663480574279764,ELIGIBLE,R03b_20260811_FULL_v1,L1_ELIGIBILITY,v2026-08-11,2026-03-21..2026-08-06,baccarat_bet02_101_all_pairs_incl_sentinel,round_win = game_pnl > 0 (decisive only),COMPATIBILITY_ONLY_NOT_PRODUCTION,902.6363,845.9195,168.3752,30,25,-0.18653712,,-0.18653712,-0.18653712,-168.3752,902.6363,OK,0.0000,6.7350,4.0000,96.0000,AG03-UNRESOLVED,ALL5_LEVELS_bet23_to_bet27,6.7350,6.7350,6.7350,6.7350,6.7350,4.000000,4.000000,4.000000,4.000000,4.000000,96.000000,96.000000,96.000000,96.000000,96.000000,5.0,33.6750,31.0867,134.7001,137.2885,PENDING_AG03,FALSE,NOT_FOR_ENFORCEMENT,161.6402,812.0828,168.3752,161.6402,6.7350,0.18653712,0.17907563,6.7350,161.6402,0.17907563,6.7350,6.7350,6.7350,6.7350,6.7350,161.6402,0.17907563,33.6750,31.0867,134.7001,137.2885,0.14922970,0.15209727,0.00746148,30.0879,33.8368,6.7350,84.1876,56.1251,451.3181,12.5000,,30.0879,14.7043,29.4087,42.0124,47.369,73.9418,95.3681,25.2074,-6.3019,2.514286,3.242857,1.023095,3,3,3,4,0E-8,0.18653712,,0E-8,0.000000,0.937165,0.000000,,2026-05-10,2026-05-13,2,3,3,4,0.500000,,,0.000000,,,,,,,,GLOBAL_BASELINE_NO_ENTITY_RANKING,,,NOT_APPLICABLE_GLOBAL_BASELINE,HF9g-P5,,,,X 全窗基线 · 不参与实体赏罚,6874120,688,A168_HF9F_20260827_0900,2026-08-27 09:00:00
2026-04-02,146476210,526,0,2.1082368815,-2.1082368815,-2.1082368815,0E-7,1,1,0.49324550000000000,0.493245500000,-0.9865810262130424,-0.9865810262130424,-0.9865810262130424,0E-17,ELIGIBLE,R03b_20260811_FULL_v1,L1_ELIGIBILITY,v2026-08-11,2026-03-21..2026-08-06,baccarat_bet02_101_all_pairs_incl_sentinel,round_win = game_pnl > 0 (decisive only),COMPATIBILITY_ONLY_NOT_PRODUCTION,1095.7264,1050.3517,168.3761,242,133,-0.15366622,-0.07437453,-0.37714786,-0.15366622,-168.3761,1095.7264,OK,0.0000,6.7350,4.0000,96.0000,AG03-UNRESOLVED,ALL5_LEVELS_bet23_to_bet27,6.7350,6.7350,6.7350,6.7350,6.7350,4.000000,4.000000,4.000000,4.000000,4.000000,96.000000,96.000000,96.000000,96.000000,96.000000,5.0,33.6752,31.0868,134.7009,137.2893,PENDING_AG03,FALSE,NOT_FOR_ENFORCEMENT,161.6411,1008.3377,168.3761,161.6411,6.7350,0.15366622,0.14751958,6.7350,161.6411,0.14751958,6.7350,6.7350,6.7350,6.7350,6.7350,161.6411,0.14751958,33.6752,31.0868,134.7009,137.2893,0.12293298,0.12529524,0.00614665,4.5278,7.8974,1.2660,24.0537,5.2618,156.5323,19.0000,4.1264,6.2381,2.0439,2.1082,6.1317,8.5844,10.4556,19.2417,2.1082,-2.0439,4.959396,9.126907,2.147669,12,32,6,6,0.73811531,0.15366622,0.07437453,0E-8,0.000000,0.958589,0.000000,0.30277333,2026-04-02,2026-07-23,7,32,30,113,0.061947,0.661479,0.911346,2.460384,,,,,,,,GLOBAL_BASELINE_NO_ENTITY_RANKING,,,NOT_APPLICABLE_GLOBAL_BASELINE,HF9g-P5,,,,X 全窗基线 · 不参与实体赏罚,6874121,688,A168_HF9F_20260827_0900,2026-08-27 09:00:00
2026-04-14,146476210,1205,0,2.1082368815,-2.1082368815,-2.1082368815,0E-7,1,1,0.50665070000000000,0.506650700000,-1.013391052207602,-1.013391052207602,-1.013391052207602,0E-17,ELIGIBLE,R03b_20260811_FULL_v1,L1_ELIGIBILITY,v2026-08-11,2026-03-21..2026-08-06,baccarat_bet02_101_all_pairs_incl_sentinel,round_win = game_pnl > 0 (decisive only),COMPATIBILITY_ONLY_NOT_PRODUCTION,1095.7264,1050.3517,168.3761,242,133,-0.15366622,-0.07437453,-0.37714786,-0.15366622,-168.3761,1095.7264,OK,0.0000,6.7350,4.0000,96.0000,AG03-UNRESOLVED,ALL5_LEVELS_bet23_to_bet27,6.7350,6.7350,6.7350,6.7350,6.7350,4.000000,4.000000,4.000000,4.000000,4.000000,96.000000,96.000000,96.000000,96.000000,96.000000,5.0,33.6752,31.0868,134.7009,137.2893,PENDING_AG03,FALSE,NOT_FOR_ENFORCEMENT,161.6411,1008.3377,168.3761,161.6411,6.7350,0.15366622,0.14751958,6.7350,161.6411,0.14751958,6.7350,6.7350,6.7350,6.7350,6.7350,161.6411,0.14751958,33.6752,31.0868,134.7009,137.2893,0.12293298,0.12529524,0.00614665,4.5278,7.8974,1.2660,24.0537,5.2618,156.5323,19.0000,4.1264,6.2381,2.0439,2.1082,6.1317,8.5844,10.4556,19.2417,2.1082,-2.0439,4.959396,9.126907,2.147669,12,32,6,6,0.73811531,0.15366622,0.07437453,0E-8,0.000000,0.958589,0.000000,0.30277333,2026-04-02,2026-07-23,7,32,30,113,0.061947,0.661479,0.911346,2.460384,,,,,,,,GLOBAL_BASELINE_NO_ENTITY_RANKING,,,NOT_APPLICABLE_GLOBAL_BASELINE,HF9g-P5,,,,X 全窗基线 · 不参与实体赏罚,6874122,688,A168_HF9F_20260827_0900,2026-08-27 09:00:00
2026-04-14,146476210,1401,0,10.3303607193,-2.1082368815,-2.1082368815,0.3333333,3,3,0.50218230000000000,0.502182300000,-0.5849155494134425,-0.5849155494134426,-0.5849155494134425,0E-17,ELIGIBLE,R03b_20260811_FULL_v1,L1_ELIGIBILITY,v2026-08-11,2026-03-21..2026-08-06,baccarat_bet02_101_all_pairs_incl_sentinel,round_win = game_pnl > 0 (decisive only),COMPATIBILITY_ONLY_NOT_PRODUCTION,1095.7264,1050.3517,168.3761,242,133,-0.15366622,-0.07437453,-0.37714786,-0.15366622,-168.3761,1095.7264,OK,0.0000,6.7350,4.0000,96.0000,AG03-UNRESOLVED,ALL5_LEVELS_bet23_to_bet27,6.7350,6.7350,6.7350,6.7350,6.7350,4.000000,4.000000,4.000000,4.000000,4.000000,96.000000,96.000000,96.000000,96.000000,96.000000,5.0,33.6752,31.0868,134.7009,137.2893,PENDING_AG03,FALSE,NOT_FOR_ENFORCEMENT,161.6411,1008.3377,168.3761,161.6411,6.7350,0.15366622,0.14751958,6.7350,161.6411,0.14751958,6.7350,6.7350,6.7350,6.7350,6.7350,161.6411,0.14751958,33.6752,31.0868,134.7009,137.2893,0.12293298,0.12529524,0.00614665,4.5278,7.8974,1.2660,24.0537,5.2618,156.5323,19.0000,4.1264,6.2381,2.0439,2.1082,6.1317,8.5844,10.4556,19.2417,2.1082,-2.0439,4.959396,9.126907,2.147669,12,32,6,6,0.73811531,0.15366622,0.07437453,0E-8,0.000000,0.958589,0.000000,0.30277333,2026-04-02,2026-07-23,7,32,30,113,0.061947,0.661479,0.911346,2.460384,,,,,,,,GLOBAL_BASELINE_NO_ENTITY_RANKING,,,NOT_APPLICABLE_GLOBAL_BASELINE,HF9g-P5,,,,X 全窗基线 · 不参与实体赏罚,6874123,688,A168_HF9F_20260827_0900,2026-08-27 09:00:00
2026-04-14,146476210,1402,0,20.8715451267,-4.2164737629,-4.2164737629,0.3333333,7,6,0.48241519166713547,0.462648083333,-0.7308010701222726,-0.6352854444010535,-0.7308010701222726,0.01976710833413547,ELIGIBLE,R03b_20260811_FULL_v1,L1_ELIGIBILITY,v2026-08-11,2026-03-21..2026-08-06,baccarat_bet02_101_all_pairs_incl_sentinel,round_win = game_pnl > 0 (decisive only),COMPATIBILITY_ONLY_NOT_PRODUCTION,1095.7264,1050.3517,168.3761,242,133,-0.15366622,-0.07437453,-0.37714786,-0.15366622,-168.3761,1095.7264,OK,0.0000,6.7350,4.0000,96.0000,AG03-UNRESOLVED,ALL5_LEVELS_bet23_to_bet27,6.7350,6.7350,6.7350,6.7350,6.7350,4.000000,4.000000,4.000000,4.000000,4.000000,96.000000,96.000000,96.000000,96.000000,96.000000,5.0,33.6752,31.0868,134.7009,137.2893,PENDING_AG03,FALSE,NOT_FOR_ENFORCEMENT,161.6411,1008.3377,168.3761,161.6411,6.7350,0.15366622,0.14751958,6.7350,161.6411,0.14751958,6.7350,6.7350,6.7350,6.7350,6.7350,161.6411,0.14751958,33.6752,31.0868,134.7009,137.2893,0.12293298,0.12529524,0.00614665,4.5278,7.8974,1.2660,24.0537,5.2618,156.5323,19.0000,4.1264,6.2381,2.0439,2.1082,6.1317,8.5844,10.4556,19.2417,2.1082,-2.0439,4.959396,9.126907,2.147669,12,32,6,6,0.73811531,0.15366622,0.07437453,0E-8,0.000000,0.958589,0.000000,0.30277333,2026-04-02,2026-07-23,7,32,30,113,0.061947,0.661479,0.911346,2.460384,,,,,,,,GLOBAL_BASELINE_NO_ENTITY_RANKING,,,NOT_APPLICABLE_GLOBAL_BASELINE,HF9g-P5,,,,X 全窗基线 · 不参与实体赏罚,6874124,688,A168_HF9F_20260827_0900,2026-08-27 09:00:00
2026-04-14,146476210,1645,0,10.5411844075,-6.4301224886,-6.4301224886,0.2500000,5,4,0.44849085000000000,0.448490850000,-0.7982103091886313,-0.7982103091886313,-0.7982103091886313,0E-17,ELIGIBLE,R03b_20260811_FULL_v1,L1_ELIGIBILITY,v2026-08-11,2026-03-21..2026-08-06,baccarat_bet02_101_all_pairs_incl_sentinel,round_win = game_pnl > 0 (decisive only),COMPATIBILITY_ONLY_NOT_PRODUCTION,1095.7264,1050.3517,168.3761,242,133,-0.15366622,-0.07437453,-0.37714786,-0.15366622,-168.3761,1095.7264,OK,0.0000,6.7350,4.0000,96.0000,AG03-UNRESOLVED,ALL5_LEVELS_bet23_to_bet27,6.7350,6.7350,6.7350,6.7350,6.7350,4.000000,4.000000,4.000000,4.000000,4.000000,96.000000,96.000000,96.000000,96.000000,96.000000,5.0,33.6752,31.0868,134.7009,137.2893,PENDING_AG03,FALSE,NOT_FOR_ENFORCEMENT,161.6411,1008.3377,168.3761,161.6411,6.7350,0.15366622,0.14751958,6.7350,161.6411,0.14751958,6.7350,6.7350,6.7350,6.7350,6.7350,161.6411,0.14751958,33.6752,31.0868,134.7009,137.2893,0.12293298,0.12529524,0.00614665,4.5278,7.8974,1.2660,24.0537,5.2618,156.5323,19.0000,4.1264,6.2381,2.0439,2.1082,6.1317,8.5844,10.4556,19.2417,2.1082,-2.0439,4.959396,9.126907,2.147669,12,32,6,6,0.73811531,0.15366622,0.07437453,0E-8,0.000000,0.958589,0.000000,0.30277333,2026-04-02,2026-07-23,7,32,30,113,0.061947,0.661479,0.911346,2.460384,,,,,,,,GLOBAL_BASELINE_NO_ENTITY_RANKING,,,NOT_APPLICABLE_GLOBAL_BASELINE,HF9g-P5,,,,X 全窗基线 · 不参与实体赏罚,6874125,688,A168_HF9F_20260827_0900,2026-08-27 09:00:00
2026-04-14,146476210,1994,0,4.2164737629,-4.2164737629,-4.2164737629,0E-7,2,1,0.37464285000281284,0.256040200000,-0.7740066008624735,-0.5866503638730671,-0.7740066008624735,0.11860265000281284,ELIGIBLE,R03b_20260811_FULL_v1,L1_ELIGIBILITY,v2026-08-11,2026-03-21..2026-08-06,baccarat_bet02_101_all_pairs_incl_sentinel,round_win = game_pnl > 0 (decisive only),COMPATIBILITY_ONLY_NOT_PRODUCTION,1095.7264,1050.3517,168.3761,242,133,-0.15366622,-0.07437453,-0.37714786,-0.15366622,-168.3761,1095.7264,OK,0.0000,6.7350,4.0000,96.0000,AG03-UNRESOLVED,ALL5_LEVELS_bet23_to_bet27,6.7350,6.7350,6.7350,6.7350,6.7350,4.000000,4.000000,4.000000,4.000000,4.000000,96.000000,96.000000,96.000000,96.000000,96.000000,5.0,33.6752,31.0868,134.7009,137.2893,PENDING_AG03,FALSE,NOT_FOR_ENFORCEMENT,161.6411,1008.3377,168.3761,161.6411,6.7350,0.15366622,0.14751958,6.7350,161.6411,0.14751958,6.7350,6.7350,6.7350,6.7350,6.7350,161.6411,0.14751958,33.6752,31.0868,134.7009,137.2893,0.12293298,0.12529524,0.00614665,4.5278,7.8974,1.2660,24.0537,5.2618,156.5323,19.0000,4.1264,6.2381,2.0439,2.1082,6.1317,8.5844,10.4556,19.2417,2.1082,-2.0439,4.959396,9.126907,2.147669,12,32,6,6,0.73811531,0.15366622,0.07437453,0E-8,0.000000,0.958589,0.000000,0.30277333,2026-04-02,2026-07-23,7,32,30,113,0.061947,0.661479,0.911346,2.460384,,,,,,,,GLOBAL_BASELINE_NO_ENTITY_RANKING,,,NOT_APPLICABLE_GLOBAL_BASELINE,HF9g-P5,,,,X 全窗基线 · 不参与实体赏罚,6874126,688,A168_HF9F_20260827_0900,2026-08-27 09:00:00
2026-04-14,146476210,2235,0,6.3247106445,2.1082368815,2.1082368815,0.5000000,2,2,0.49324550000000000,0.493245500000,0.01910635448239258,0.01910635448239258,0.01910635448239258,0E-17,ELIGIBLE,R03b_20260811_FULL_v1,L1_ELIGIBILITY,v2026-08-11,2026-03-21..2026-08-06,baccarat_bet02_101_all_pairs_incl_sentinel,round_win = game_pnl > 0 (decisive only),COMPATIBILITY_ONLY_NOT_PRODUCTION,1095.7264,1050.3517,168.3761,242,133,-0.15366622,-0.07437453,-0.37714786,-0.15366622,-168.3761,1095.7264,OK,0.0000,6.7350,4.0000,96.0000,AG03-UNRESOLVED,ALL5_LEVELS_bet23_to_bet27,6.7350,6.7350,6.7350,6.7350,6.7350,4.000000,4.000000,4.000000,4.000000,4.000000,96.000000,96.000000,96.000000,96.000000,96.000000,5.0,33.6752,31.0868,134.7009,137.2893,PENDING_AG03,FALSE,NOT_FOR_ENFORCEMENT,161.6411,1008.3377,168.3761,161.6411,6.7350,0.15366622,0.14751958,6.7350,161.6411,0.14751958,6.7350,6.7350,6.7350,6.7350,6.7350,161.6411,0.14751958,33.6752,31.0868,134.7009,137.2893,0.12293298,0.12529524,0.00614665,4.5278,7.8974,1.2660,24.0537,5.2618,156.5323,19.0000,4.1264,6.2381,2.0439,2.1082,6.1317,8.5844,10.4556,19.2417,2.1082,-2.0439,4.959396,9.126907,2.147669,12,32,6,6,0.73811531,0.15366622,0.07437453,0E-8,0.000000,0.958589,0.000000,0.30277333,2026-04-02,2026-07-23,7,32,30,113,0.061947,0.661479,0.911346,2.460384,,,,,,,,GLOBAL_BASELINE_NO_ENTITY_RANKING,,,NOT_APPLICABLE_GLOBAL_BASELINE,HF9g-P5,,,,X 全窗基线 · 不参与实体赏罚,6874127,688,A168_HF9F_20260827_0900,2026-08-27 09:00:00
2026-04-14,146476210,2239,0,4.2164737630,-4.2164737630,-4.2164737630,0E-7,1,1,0.49324550000000000,0.493245500000,-0.9865810262130424,-0.9865810262130424,-0.9865810262130424,0E-17,ELIGIBLE,R03b_20260811_FULL_v1,L1_ELIGIBILITY,v2026-08-11,2026-03-21..2026-08-06,baccarat_bet02_101_all_pairs_incl_sentinel,round_win = game_pnl > 0 (decisive only),COMPATIBILITY_ONLY_NOT_PRODUCTION,1095.7264,1050.3517,168.3761,242,133,-0.15366622,-0.07437453,-0.37714786,-0.15366622,-168.3761,1095.7264,OK,0.0000,6.7350,4.0000,96.0000,AG03-UNRESOLVED,ALL5_LEVELS_bet23_to_bet27,6.7350,6.7350,6.7350,6.7350,6.7350,4.000000,4.000000,4.000000,4.000000,4.000000,96.000000,96.000000,96.000000,96.000000,96.000000,5.0,33.6752,31.0868,134.7009,137.2893,PENDING_AG03,FALSE,NOT_FOR_ENFORCEMENT,161.6411,1008.3377,168.3761,161.6411,6.7350,0.15366622,0.14751958,6.7350,161.6411,0.14751958,6.7350,6.7350,6.7350,6.7350,6.7350,161.6411,0.14751958,33.6752,31.0868,134.7009,137.2893,0.12293298,0.12529524,0.00614665,4.5278,7.8974,1.2660,24.0537,5.2618,156.5323,19.0000,4.1264,6.2381,2.0439,2.1082,6.1317,8.5844,10.4556,19.2417,2.1082,-2.0439,4.959396,9.126907,2.147669,12,32,6,6,0.73811531,0.15366622,0.07437453,0E-8,0.000000,0.958589,0.000000,0.30277333,2026-04-02,2026-07-23,7,32,30,113,0.061947,0.661479,0.911346,2.460384,,,,,,,,GLOBAL_BASELINE_NO_ENTITY_RANKING,,,NOT_APPLICABLE_GLOBAL_BASELINE,HF9g-P5,,,,X 全窗基线 · 不参与实体赏罚,6874128,688,A168_HF9F_20260827_0900,2026-08-27 09:00:00
2026-05-01,146476210,752,0,55.4563596260,-6.7219829850,-6.7219829850,0.5000000,6,6,0.49994810000000000,0.499948100000,0.00025425703667063243,0.00025425703667063243,0.00025425703667063243,0E-17,ELIGIBLE,R03b_20260811_FULL_v1,L1_ELIGIBILITY,v2026-08-11,2026-03-21..2026-08-06,baccarat_bet02_101_all_pairs_incl_sentinel,round_win = game_pnl > 0 (decisive only),COMPATIBILITY_ONLY_NOT_PRODUCTION,1095.7264,1050.3517,168.3761,242,133,-0.15366622,-0.07437453,-0.37714786,-0.15366622,-168.3761,1095.7264,OK,0.0000,6.7350,4.0000,96.0000,AG03-UNRESOLVED,ALL5_LEVELS_bet23_to_bet27,6.7350,6.7350,6.7350,6.7350,6.7350,4.000000,4.000000,4.000000,4.000000,4.000000,96.000000,96.000000,96.000000,96.000000,96.000000,5.0,33.6752,31.0868,134.7009,137.2893,PENDING_AG03,FALSE,NOT_FOR_ENFORCEMENT,161.6411,1008.3377,168.3761,161.6411,6.7350,0.15366622,0.14751958,6.7350,161.6411,0.14751958,6.7350,6.7350,6.7350,6.7350,6.7350,161.6411,0.14751958,33.6752,31.0868,134.7009,137.2893,0.12293298,0.12529524,0.00614665,4.5278,7.8974,1.2660,24.0537,5.2618,156.5323,19.0000,4.1264,6.2381,2.0439,2.1082,6.1317,8.5844,10.4556,19.2417,2.1082,-2.0439,4.959396,9.126907,2.147669,12,32,6,6,0.73811531,0.15366622,0.07437453,0E-8,0.000000,0.958589,0.000000,0.30277333,2026-04-02,2026-07-23,7,32,30,113,0.061947,0.661479,0.911346,2.460384,,,,,,,,GLOBAL_BASELINE_NO_ENTITY_RANKING,,,NOT_APPLICABLE_GLOBAL_BASELINE,HF9g-P5,,,,X 全窗基线 · 不参与实体赏罚,6874129,688,A168_HF9F_20260827_0900,2026-08-27 09:00:00
2026-05-02,146476210,1307,0,20.3760109232,4.2012393656,4.2012393656,0.5000000,2,2,0.50665070000000000,0.506650700000,-0.018812684590367487,-0.018812684590367487,-0.018812684590367487,0E-17,ELIGIBLE,R03b_20260811_FULL_v1,L1_ELIGIBILITY,v2026-08-11,2026-03-21..2026-08-06,baccarat_bet02_101_all_pairs_incl_sentinel,round_win = game_pnl > 0 (decisive only),COMPATIBILITY_ONLY_NOT_PRODUCTION,1095.7264,1050.3517,168.3761,242,133,-0.15366622,-0.07437453,-0.37714786,-0.15366622,-168.3761,1095.7264,OK,0.0000,6.7350,4.0000,96.0000,AG03-UNRESOLVED,ALL5_LEVELS_bet23_to_bet27,6.7350,6.7350,6.7350,6.7350,6.7350,4.000000,4.000000,4.000000,4.000000,4.000000,96.000000,96.000000,96.000000,96.000000,96.000000,5.0,33.6752,31.0868,134.7009,137.2893,PENDING_AG03,FALSE,NOT_FOR_ENFORCEMENT,161.6411,1008.3377,168.3761,161.6411,6.7350,0.15366622,0.14751958,6.7350,161.6411,0.14751958,6.7350,6.7350,6.7350,6.7350,6.7350,161.6411,0.14751958,33.6752,31.0868,134.7009,137.2893,0.12293298,0.12529524,0.00614665,4.5278,7.8974,1.2660,24.0537,5.2618,156.5323,19.0000,4.1264,6.2381,2.0439,2.1082,6.1317,8.5844,10.4556,19.2417,2.1082,-2.0439,4.959396,9.126907,2.147669,12,32,6,6,0.73811531,0.15366622,0.07437453,0E-8,0.000000,0.958589,0.000000,0.30277333,2026-04-02,2026-07-23,7,32,30,113,0.061947,0.661479,0.911346,2.460384,,,,,,,,GLOBAL_BASELINE_NO_ENTITY_RANKING,,,NOT_APPLICABLE_GLOBAL_BASELINE,HF9g-P5,,,,X 全窗基线 · 不参与实体赏罚,6874130,688,A168_HF9F_20260827_0900,2026-08-27 09:00:00
2026-05-02,146476210,1363,0,8.4024787312,-8.4024787312,-8.4024787312,0E-7,1,1,0.49324550000000000,0.493245500000,-0.9865810262130424,-0.9865810262130424,-0.9865810262130424,0E-17,ELIGIBLE,R03b_20260811_FULL_v1,L1_ELIGIBILITY,v2026-08-11,2026-03-21..2026-08-06,baccarat_bet02_101_all_pairs_incl_sentinel,round_win = game_pnl > 0 (decisive only),COMPATIBILITY_ONLY_NOT_PRODUCTION,1095.7264,1050.3517,168.3761,242,133,-0.15366622,-0.07437453,-0.37714786,-0.15366622,-168.3761,1095.7264,OK,0.0000,6.7350,4.0000,96.0000,AG03-UNRESOLVED,ALL5_LEVELS_bet23_to_bet27,6.7350,6.7350,6.7350,6.7350,6.7350,4.000000,4.000000,4.000000,4.000000,4.000000,96.000000,96.000000,96.000000,96.000000,96.000000,5.0,33.6752,31.0868,134.7009,137.2893,PENDING_AG03,FALSE,NOT_FOR_ENFORCEMENT,161.6411,1008.3377,168.3761,161.6411,6.7350,0.15366622,0.14751958,6.7350,161.6411,0.14751958,6.7350,6.7350,6.7350,6.7350,6.7350,161.6411,0.14751958,33.6752,31.0868,134.7009,137.2893,0.12293298,0.12529524,0.00614665,4.5278,7.8974,1.2660,24.0537,5.2618,156.5323,19.0000,4.1264,6.2381,2.0439,2.1082,6.1317,8.5844,10.4556,19.2417,2.1082,-2.0439,4.959396,9.126907,2.147669,12,32,6,6,0.73811531,0.15366622,0.07437453,0E-8,0.000000,0.958589,0.000000,0.30277333,2026-04-02,2026-07-23,7,32,30,113,0.061947,0.661479,0.911346,2.460384,,,,,,,,GLOBAL_BASELINE_NO_ENTITY_RANKING,,,NOT_APPLICABLE_GLOBAL_BASELINE,HF9g-P5,,,,X 全窗基线 · 不参与实体赏罚,6874131,688,A168_HF9F_20260827_0900,2026-08-27 09:00:00
2026-05-02,146476210,1400,0,23.1068165109,-23.1068165109,-23.1068165109,0E-7,1,1,0.49324550000000000,0.493245500000,-0.9865810262130424,-0.9865810262130424,-0.9865810262130424,0E-17,ELIGIBLE,R03b_20260811_FULL_v1,L1_ELIGIBILITY,v2026-08-11,2026-03-21..2026-08-06,baccarat_bet02_101_all_pairs_incl_sentinel,round_win = game_pnl > 0 (decisive only),COMPATIBILITY_ONLY_NOT_PRODUCTION,1095.7264,1050.3517,168.3761,242,133,-0.15366622,-0.07437453,-0.37714786,-0.15366622,-168.3761,1095.7264,OK,0.0000,6.7350,4.0000,96.0000,AG03-UNRESOLVED,ALL5_LEVELS_bet23_to_bet27,6.7350,6.7350,6.7350,6.7350,6.7350,4.000000,4.000000,4.000000,4.000000,4.000000,96.000000,96.000000,96.000000,96.000000,96.000000,5.0,33.6752,31.0868,134.7009,137.2893,PENDING_AG03,FALSE,NOT_FOR_ENFORCEMENT,161.6411,1008.3377,168.3761,161.6411,6.7350,0.15366622,0.14751958,6.7350,161.6411,0.14751958,6.7350,6.7350,6.7350,6.7350,6.7350,161.6411,0.14751958,33.6752,31.0868,134.7009,137.2893,0.12293298,0.12529524,0.00614665,4.5278,7.8974,1.2660,24.0537,5.2618,156.5323,19.0000,4.1264,6.2381,2.0439,2.1082,6.1317,8.5844,10.4556,19.2417,2.1082,-2.0439,4.959396,9.126907,2.147669,12,32,6,6,0.73811531,0.15366622,0.07437453,0E-8,0.000000,0.958589,0.000000,0.30277333,2026-04-02,2026-07-23,7,32,30,113,0.061947,0.661479,0.911346,2.460384,,,,,,,,GLOBAL_BASELINE_NO_ENTITY_RANKING,,,NOT_APPLICABLE_GLOBAL_BASELINE,HF9g-P5,,,,X 全窗基线 · 不参与实体赏罚,6874132,688,A168_HF9F_20260827_0900,2026-08-27 09:00:00
2026-05-02,146476210,1714,0,80.6637958199,-35.6055036237,-35.6055036237,0.2500000,9,4,0.43807885202050639,0.298527712500,-0.758151726340738,-0.21209099518045618,-0.758151726340738,0.13955113952050639,ELIGIBLE,R03b_20260811_FULL_v1,L1_ELIGIBILITY,v2026-08-11,2026-03-21..2026-08-06,baccarat_bet02_101_all_pairs_incl_sentinel,round_win = game_pnl > 0 (decisive only),COMPATIBILITY_ONLY_NOT_PRODUCTION,1095.7264,1050.3517,168.3761,242,133,-0.15366622,-0.07437453,-0.37714786,-0.15366622,-168.3761,1095.7264,OK,0.0000,6.7350,4.0000,96.0000,AG03-UNRESOLVED,ALL5_LEVELS_bet23_to_bet27,6.7350,6.7350,6.7350,6.7350,6.7350,4.000000,4.000000,4.000000,4.000000,4.000000,96.000000,96.000000,96.000000,96.000000,96.000000,5.0,33.6752,31.0868,134.7009,137.2893,PENDING_AG03,FALSE,NOT_FOR_ENFORCEMENT,161.6411,1008.3377,168.3761,161.6411,6.7350,0.15366622,0.14751958,6.7350,161.6411,0.14751958,6.7350,6.7350,6.7350,6.7350,6.7350,161.6411,0.14751958,33.6752,31.0868,134.7009,137.2893,0.12293298,0.12529524,0.00614665,4.5278,7.8974,1.2660,24.0537,5.2618,156.5323,19.0000,4.1264,6.2381,2.0439,2.1082,6.1317,8.5844,10.4556,19.2417,2.1082,-2.0439,4.959396,9.126907,2.147669,12,32,6,6,0.73811531,0.15366622,0.07437453,0E-8,0.000000,0.958589,0.000000,0.30277333,2026-04-02,2026-07-23,7,32,30,113,0.061947,0.661479,0.911346,2.460384,,,,,,,,GLOBAL_BASELINE_NO_ENTITY_RANKING,,,NOT_APPLICABLE_GLOBAL_BASELINE,HF9g-P5,,,,X 全窗基线 · 不参与实体赏罚,6874133,688,A168_HF9F_20260827_0900,2026-08-27 09:00:00
2026-05-02,146476210,2169,0,7.5622308581,-7.5622308581,-7.5622308581,0E-7,1,1,0.49324550000000000,0.493245500000,-0.9865810262130424,-0.9865810262130424,-0.9865810262130424,0E-17,ELIGIBLE,R03b_20260811_FULL_v1,L1_ELIGIBILITY,v2026-08-11,2026-03-21..2026-08-06,baccarat_bet02_101_all_pairs_incl_sentinel,round_win = game_pnl > 0 (decisive only),COMPATIBILITY_ONLY_NOT_PRODUCTION,1095.7264,1050.3517,168.3761,242,133,-0.15366622,-0.07437453,-0.37714786,-0.15366622,-168.3761,1095.7264,OK,0.0000,6.7350,4.0000,96.0000,AG03-UNRESOLVED,ALL5_LEVELS_bet23_to_bet27,6.7350,6.7350,6.7350,6.7350,6.7350,4.000000,4.000000,4.000000,4.000000,4.000000,96.000000,96.000000,96.000000,96.000000,96.000000,5.0,33.6752,31.0868,134.7009,137.2893,PENDING_AG03,FALSE,NOT_FOR_ENFORCEMENT,161.6411,1008.3377,168.3761,161.6411,6.7350,0.15366622,0.14751958,6.7350,161.6411,0.14751958,6.7350,6.7350,6.7350,6.7350,6.7350,161.6411,0.14751958,33.6752,31.0868,134.7009,137.2893,0.12293298,0.12529524,0.00614665,4.5278,7.8974,1.2660,24.0537,5.2618,156.5323,19.0000,4.1264,6.2381,2.0439,2.1082,6.1317,8.5844,10.4556,19.2417,2.1082,-2.0439,4.959396,9.126907,2.147669,12,32,6,6,0.73811531,0.15366622,0.07437453,0E-8,0.000000,0.958589,0.000000,0.30277333,2026-04-02,2026-07-23,7,32,30,113,0.061947,0.661479,0.911346,2.460384,,,,,,,,GLOBAL_BASELINE_NO_ENTITY_RANKING,,,NOT_APPLICABLE_GLOBAL_BASELINE,HF9g-P5,,,,X 全窗基线 · 不参与实体赏罚,6874134,688,A168_HF9F_20260827_0900,2026-08-27 09:00:00
2026-05-03,146476210,2145,0,7.5622308581,7.1841193152,7.1841193152,1.0000000,1,1,0.50665070000000000,0.506650700000,0.9867858985152569,0.9867858985152569,0.9867858985152569,0E-17,ELIGIBLE,R03b_20260811_FULL_v1,L1_ELIGIBILITY,v2026-08-11,2026-03-21..2026-08-06,baccarat_bet02_101_all_pairs_incl_sentinel,round_win = game_pnl > 0 (decisive only),COMPATIBILITY_ONLY_NOT_PRODUCTION,1095.7264,1050.3517,168.3761,242,133,-0.15366622,-0.07437453,-0.37714786,-0.15366622,-168.3761,1095.7264,OK,0.0000,6.7350,4.0000,96.0000,AG03-UNRESOLVED,ALL5_LEVELS_bet23_to_bet27,6.7350,6.7350,6.7350,6.7350,6.7350,4.000000,4.000000,4.000000,4.000000,4.000000,96.000000,96.000000,96.000000,96.000000,96.000000,5.0,33.6752,31.0868,134.7009,137.2893,PENDING_AG03,FALSE,NOT_FOR_ENFORCEMENT,161.6411,1008.3377,168.3761,161.6411,6.7350,0.15366622,0.14751958,6.7350,161.6411,0.14751958,6.7350,6.7350,6.7350,6.7350,6.7350,161.6411,0.14751958,33.6752,31.0868,134.7009,137.2893,0.12293298,0.12529524,0.00614665,4.5278,7.8974,1.2660,24.0537,5.2618,156.5323,19.0000,4.1264,6.2381,2.0439,2.1082,6.1317,8.5844,10.4556,19.2417,2.1082,-2.0439,4.959396,9.126907,2.147669,12,32,6,6,0.73811531,0.15366622,0.07437453,0E-8,0.000000,0.958589,0.000000,0.30277333,2026-04-02,2026-07-23,7,32,30,113,0.061947,0.661479,0.911346,2.460384,,,,,,,,GLOBAL_BASELINE_NO_ENTITY_RANKING,,,NOT_APPLICABLE_GLOBAL_BASELINE,HF9g-P5,,,,X 全窗基线 · 不参与实体赏罚,6874135,688,A168_HF9F_20260827_0900,2026-08-27 09:00:00
2026-05-03,146476210,2160,0,12.3936561285,-4.2012393656,-4.2012393656,0.5000000,2,2,0.49994810000000000,0.499948100000,0.00014679536856514622,0.00014679536856514622,0.00014679536856514622,0E-17,ELIGIBLE,R03b_20260811_FULL_v1,L1_ELIGIBILITY,v2026-08-11,2026-03-21..2026-08-06,baccarat_bet02_101_all_pairs_incl_sentinel,round_win = game_pnl > 0 (decisive only),COMPATIBILITY_ONLY_NOT_PRODUCTION,1095.7264,1050.3517,168.3761,242,133,-0.15366622,-0.07437453,-0.37714786,-0.15366622,-168.3761,1095.7264,OK,0.0000,6.7350,4.0000,96.0000,AG03-UNRESOLVED,ALL5_LEVELS_bet23_to_bet27,6.7350,6.7350,6.7350,6.7350,6.7350,4.000000,4.000000,4.000000,4.000000,4.000000,96.000000,96.000000,96.000000,96.000000,96.000000,5.0,33.6752,31.0868,134.7009,137.2893,PENDING_AG03,FALSE,NOT_FOR_ENFORCEMENT,161.6411,1008.3377,168.3761,161.6411,6.7350,0.15366622,0.14751958,6.7350,161.6411,0.14751958,6.7350,6.7350,6.7350,6.7350,6.7350,161.6411,0.14751958,33.6752,31.0868,134.7009,137.2893,0.12293298,0.12529524,0.00614665,4.5278,7.8974,1.2660,24.0537,5.2618,156.5323,19.0000,4.1264,6.2381,2.0439,2.1082,6.1317,8.5844,10.4556,19.2417,2.1082,-2.0439,4.959396,9.126907,2.147669,12,32,6,6,0.73811531,0.15366622,0.07437453,0E-8,0.000000,0.958589,0.000000,0.30277333,2026-04-02,2026-07-23,7,32,30,113,0.061947,0.661479,0.911346,2.460384,,,,,,,,GLOBAL_BASELINE_NO_ENTITY_RANKING,,,NOT_APPLICABLE_GLOBAL_BASELINE,HF9g-P5,,,,X 全窗基线 · 不参与实体赏罚,6874136,688,A168_HF9F_20260827_0900,2026-08-27 09:00:00
2026-05-03,146476210,2261,0,10.7131603823,-10.7131603823,-10.7131603823,0E-7,1,1,0.49324550000000000,0.493245500000,-0.9865810262130424,-0.9865810262130424,-0.9865810262130424,0E-17,ELIGIBLE,R03b_20260811_FULL_v1,L1_ELIGIBILITY,v2026-08-11,2026-03-21..2026-08-06,baccarat_bet02_101_all_pairs_incl_sentinel,round_win = game_pnl > 0 (decisive only),COMPATIBILITY_ONLY_NOT_PRODUCTION,1095.7264,1050.3517,168.3761,242,133,-0.15366622,-0.07437453,-0.37714786,-0.15366622,-168.3761,1095.7264,OK,0.0000,6.7350,4.0000,96.0000,AG03-UNRESOLVED,ALL5_LEVELS_bet23_to_bet27,6.7350,6.7350,6.7350,6.7350,6.7350,4.000000,4.000000,4.000000,4.000000,4.000000,96.000000,96.000000,96.000000,96.000000,96.000000,5.0,33.6752,31.0868,134.7009,137.2893,PENDING_AG03,FALSE,NOT_FOR_ENFORCEMENT,161.6411,1008.3377,168.3761,161.6411,6.7350,0.15366622,0.14751958,6.7350,161.6411,0.14751958,6.7350,6.7350,6.7350,6.7350,6.7350,161.6411,0.14751958,33.6752,31.0868,134.7009,137.2893,0.12293298,0.12529524,0.00614665,4.5278,7.8974,1.2660,24.0537,5.2618,156.5323,19.0000,4.1264,6.2381,2.0439,2.1082,6.1317,8.5844,10.4556,19.2417,2.1082,-2.0439,4.959396,9.126907,2.147669,12,32,6,6,0.73811531,0.15366622,0.07437453,0E-8,0.000000,0.958589,0.000000,0.30277333,2026-04-02,2026-07-23,7,32,30,113,0.061947,0.661479,0.911346,2.460384,,,,,,,,GLOBAL_BASELINE_NO_ENTITY_RANKING,,,NOT_APPLICABLE_GLOBAL_BASELINE,HF9g-P5,,,,X 全窗基线 · 不参与实体赏罚,6874137,688,A168_HF9F_20260827_0900,2026-08-27 09:00:00
2026-07-19,146476210,1398,0,11.8546376160,11.5991497363,11.5991497363,1.0000000,2,2,0.49994810000000000,0.499948100000,1.4143603653603398,1.4143603653603398,1.4143603653603398,0E-17,ELIGIBLE,R03b_20260811_FULL_v1,L1_ELIGIBILITY,v2026-08-11,2026-03-21..2026-08-06,baccarat_bet02_101_all_pairs_incl_sentinel,round_win = game_pnl > 0 (decisive only),COMPATIBILITY_ONLY_NOT_PRODUCTION,1095.7264,1050.3517,168.3761,242,133,-0.15366622,-0.07437453,-0.37714786,-0.15366622,-168.3761,1095.7264,OK,0.0000,6.7350,4.0000,96.0000,AG03-UNRESOLVED,ALL5_LEVELS_bet23_to_bet27,6.7350,6.7350,6.7350,6.7350,6.7350,4.000000,4.000000,4.000000,4.000000,4.000000,96.000000,96.000000,96.000000,96.000000,96.000000,5.0,33.6752,31.0868,134.7009,137.2893,PENDING_AG03,FALSE,NOT_FOR_ENFORCEMENT,161.6411,1008.3377,168.3761,161.6411,6.7350,0.15366622,0.14751958,6.7350,161.6411,0.14751958,6.7350,6.7350,6.7350,6.7350,6.7350,161.6411,0.14751958,33.6752,31.0868,134.7009,137.2893,0.12293298,0.12529524,0.00614665,4.5278,7.8974,1.2660,24.0537,5.2618,156.5323,19.0000,4.1264,6.2381,2.0439,2.1082,6.1317,8.5844,10.4556,19.2417,2.1082,-2.0439,4.959396,9.126907,2.147669,12,32,6,6,0.73811531,0.15366622,0.07437453,0E-8,0.000000,0.958589,0.000000,0.30277333,2026-04-02,2026-07-23,7,32,30,113,0.061947,0.661479,0.911346,2.460384,,,,,,,,GLOBAL_BASELINE_NO_ENTITY_RANKING,,,NOT_APPLICABLE_GLOBAL_BASELINE,HF9g-P5,,,,X 全窗基线 · 不参与实体赏罚,6874138,688,A168_HF9F_20260827_0900,2026-08-27 09:00:00
2026-07-19,146476210,1490,0,17.9863467276,-6.0295139598,-6.0295139598,0.5000000,5,2,0.35463046875195824,0.244785425000,0.42973045759229445,0.8394455117841088,0.42973045759229445,0.10984504375195824,ELIGIBLE,R03b_20260811_FULL_v1,L1_ELIGIBILITY,v2026-08-11,2026-03-21..2026-08-06,baccarat_bet02_101_all_pairs_incl_sentinel,round_win = game_pnl > 0 (decisive only),COMPATIBILITY_ONLY_NOT_PRODUCTION,1095.7264,1050.3517,168.3761,242,133,-0.15366622,-0.07437453,-0.37714786,-0.15366622,-168.3761,1095.7264,OK,0.0000,6.7350,4.0000,96.0000,AG03-UNRESOLVED,ALL5_LEVELS_bet23_to_bet27,6.7350,6.7350,6.7350,6.7350,6.7350,4.000000,4.000000,4.000000,4.000000,4.000000,96.000000,96.000000,96.000000,96.000000,96.000000,5.0,33.6752,31.0868,134.7009,137.2893,PENDING_AG03,FALSE,NOT_FOR_ENFORCEMENT,161.6411,1008.3377,168.3761,161.6411,6.7350,0.15366622,0.14751958,6.7350,161.6411,0.14751958,6.7350,6.7350,6.7350,6.7350,6.7350,161.6411,0.14751958,33.6752,31.0868,134.7009,137.2893,0.12293298,0.12529524,0.00614665,4.5278,7.8974,1.2660,24.0537,5.2618,156.5323,19.0000,4.1264,6.2381,2.0439,2.1082,6.1317,8.5844,10.4556,19.2417,2.1082,-2.0439,4.959396,9.126907,2.147669,12,32,6,6,0.73811531,0.15366622,0.07437453,0E-8,0.000000,0.958589,0.000000,0.30277333,2026-04-02,2026-07-23,7,32,30,113,0.061947,0.661479,0.911346,2.460384,,,,,,,,GLOBAL_BASELINE_NO_ENTITY_RANKING,,,NOT_APPLICABLE_GLOBAL_BASELINE,HF9g-P5,,,,X 全窗基线 · 不参与实体赏罚,6874139,688,A168_HF9F_20260827_0900,2026-08-27 09:00:00
2026-07-19,146476210,1645,0,50.4844050196,14.3073212609,14.3073212609,0.5000000,13,6,0.38027896631523378,0.290254266667,0.6040832759613924,1.1319521243855488,0.6040832759613924,0.09002469964823378,ELIGIBLE,R03b_20260811_FULL_v1,L1_ELIGIBILITY,v2026-08-11,2026-03-21..2026-08-06,baccarat_bet02_101_all_pairs_incl_sentinel,round_win = game_pnl > 0 (decisive only),COMPATIBILITY_ONLY_NOT_PRODUCTION,1095.7264,1050.3517,168.3761,242,133,-0.15366622,-0.07437453,-0.37714786,-0.15366622,-168.3761,1095.7264,OK,0.0000,6.7350,4.0000,96.0000,AG03-UNRESOLVED,ALL5_LEVELS_bet23_to_bet27,6.7350,6.7350,6.7350,6.7350,6.7350,4.000000,4.000000,4.000000,4.000000,4.000000,96.000000,96.000000,96.000000,96.000000,96.000000,5.0,33.6752,31.0868,134.7009,137.2893,PENDING_AG03,FALSE,NOT_FOR_ENFORCEMENT,161.6411,1008.3377,168.3761,161.6411,6.7350,0.15366622,0.14751958,6.7350,161.6411,0.14751958,6.7350,6.7350,6.7350,6.7350,6.7350,161.6411,0.14751958,33.6752,31.0868,134.7009,137.2893,0.12293298,0.12529524,0.00614665,4.5278,7.8974,1.2660,24.0537,5.2618,156.5323,19.0000,4.1264,6.2381,2.0439,2.1082,6.1317,8.5844,10.4556,19.2417,2.1082,-2.0439,4.959396,9.126907,2.147669,12,32,6,6,0.73811531,0.15366622,0.07437453,0E-8,0.000000,0.958589,0.000000,0.30277333,2026-04-02,2026-07-23,7,32,30,113,0.061947,0.661479,0.911346,2.460384,,,,,,,,GLOBAL_BASELINE_NO_ENTITY_RANKING,,,NOT_APPLICABLE_GLOBAL_BASELINE,HF9g-P5,,,,X 全窗基线 · 不参与实体赏罚,6874140,688,A168_HF9F_20260827_0900,2026-08-27 09:00:00
2026-07-19,146476210,1710,0,6.1317091118,-6.1317091118,-6.1317091118,0E-7,2,2,0.50665070000000000,0.506650700000,-1.4331513700195317,-1.4331513700195317,-1.4331513700195317,0E-17,ELIGIBLE,R03b_20260811_FULL_v1,L1_ELIGIBILITY,v2026-08-11,2026-03-21..2026-08-06,baccarat_bet02_101_all_pairs_incl_sentinel,round_win = game_pnl > 0 (decisive only),COMPATIBILITY_ONLY_NOT_PRODUCTION,1095.7264,1050.3517,168.3761,242,133,-0.15366622,-0.07437453,-0.37714786,-0.15366622,-168.3761,1095.7264,OK,0.0000,6.7350,4.0000,96.0000,AG03-UNRESOLVED,ALL5_LEVELS_bet23_to_bet27,6.7350,6.7350,6.7350,6.7350,6.7350,4.000000,4.000000,4.000000,4.000000,4.000000,96.000000,96.000000,96.000000,96.000000,96.000000,5.0,33.6752,31.0868,134.7009,137.2893,PENDING_AG03,FALSE,NOT_FOR_ENFORCEMENT,161.6411,1008.3377,168.3761,161.6411,6.7350,0.15366622,0.14751958,6.7350,161.6411,0.14751958,6.7350,6.7350,6.7350,6.7350,6.7350,161.6411,0.14751958,33.6752,31.0868,134.7009,137.2893,0.12293298,0.12529524,0.00614665,4.5278,7.8974,1.2660,24.0537,5.2618,156.5323,19.0000,4.1264,6.2381,2.0439,2.1082,6.1317,8.5844,10.4556,19.2417,2.1082,-2.0439,4.959396,9.126907,2.147669,12,32,6,6,0.73811531,0.15366622,0.07437453,0E-8,0.000000,0.958589,0.000000,0.30277333,2026-04-02,2026-07-23,7,32,30,113,0.061947,0.661479,0.911346,2.460384,,,,,,,,GLOBAL_BASELINE_NO_ENTITY_RANKING,,,NOT_APPLICABLE_GLOBAL_BASELINE,HF9g-P5,,,,X 全窗基线 · 不参与实体赏罚,6874141,688,A168_HF9F_20260827_0900,2026-08-27 09:00:00
2026-07-19,146476210,1941,0,103.8302742914,-30.6585455581,-30.6585455581,0.4444444,24,9,0.37328648514801210,0.255038777778,0.44135604171335197,1.3035997851892538,0.44135604171335197,0.11824770737001210,ELIGIBLE,R03b_20260811_FULL_v1,L1_ELIGIBILITY,v2026-08-11,2026-03-21..2026-08-06,baccarat_bet02_101_all_pairs_incl_sentinel,round_win = game_pnl > 0 (decisive only),COMPATIBILITY_ONLY_NOT_PRODUCTION,1095.7264,1050.3517,168.3761,242,133,-0.15366622,-0.07437453,-0.37714786,-0.15366622,-168.3761,1095.7264,OK,0.0000,6.7350,4.0000,96.0000,AG03-UNRESOLVED,ALL5_LEVELS_bet23_to_bet27,6.7350,6.7350,6.7350,6.7350,6.7350,4.000000,4.000000,4.000000,4.000000,4.000000,96.000000,96.000000,96.000000,96.000000,96.000000,5.0,33.6752,31.0868,134.7009,137.2893,PENDING_AG03,FALSE,NOT_FOR_ENFORCEMENT,161.6411,1008.3377,168.3761,161.6411,6.7350,0.15366622,0.14751958,6.7350,161.6411,0.14751958,6.7350,6.7350,6.7350,6.7350,6.7350,161.6411,0.14751958,33.6752,31.0868,134.7009,137.2893,0.12293298,0.12529524,0.00614665,4.5278,7.8974,1.2660,24.0537,5.2618,156.5323,19.0000,4.1264,6.2381,2.0439,2.1082,6.1317,8.5844,10.4556,19.2417,2.1082,-2.0439,4.959396,9.126907,2.147669,12,32,6,6,0.73811531,0.15366622,0.07437453,0E-8,0.000000,0.958589,0.000000,0.30277333,2026-04-02,2026-07-23,7,32,30,113,0.061947,0.661479,0.911346,2.460384,,,,,,,,GLOBAL_BASELINE_NO_ENTITY_RANKING,,,NOT_APPLICABLE_GLOBAL_BASELINE,HF9g-P5,,,,X 全窗基线 · 不参与实体赏罚,6874142,688,A168_HF9F_20260827_0900,2026-08-27 09:00:00
2026-07-19,146476210,1951,0,16.3512242979,-10.2195151861,-10.2195151861,0.3333333,5,3,0.40816512063628972,0.353589350000,-0.2637111680975061,-0.07338559734028686,-0.2637111680975061,0.05457577063628972,ELIGIBLE,R03b_20260811_FULL_v1,L1_ELIGIBILITY,v2026-08-11,2026-03-21..2026-08-06,baccarat_bet02_101_all_pairs_incl_sentinel,round_win = game_pnl > 0 (decisive only),COMPATIBILITY_ONLY_NOT_PRODUCTION,1095.7264,1050.3517,168.3761,242,133,-0.15366622,-0.07437453,-0.37714786,-0.15366622,-168.3761,1095.7264,OK,0.0000,6.7350,4.0000,96.0000,AG03-UNRESOLVED,ALL5_LEVELS_bet23_to_bet27,6.7350,6.7350,6.7350,6.7350,6.7350,4.000000,4.000000,4.000000,4.000000,4.000000,96.000000,96.000000,96.000000,96.000000,96.000000,5.0,33.6752,31.0868,134.7009,137.2893,PENDING_AG03,FALSE,NOT_FOR_ENFORCEMENT,161.6411,1008.3377,168.3761,161.6411,6.7350,0.15366622,0.14751958,6.7350,161.6411,0.14751958,6.7350,6.7350,6.7350,6.7350,6.7350,161.6411,0.14751958,33.6752,31.0868,134.7009,137.2893,0.12293298,0.12529524,0.00614665,4.5278,7.8974,1.2660,24.0537,5.2618,156.5323,19.0000,4.1264,6.2381,2.0439,2.1082,6.1317,8.5844,10.4556,19.2417,2.1082,-2.0439,4.959396,9.126907,2.147669,12,32,6,6,0.73811531,0.15366622,0.07437453,0E-8,0.000000,0.958589,0.000000,0.30277333,2026-04-02,2026-07-23,7,32,30,113,0.061947,0.661479,0.911346,2.460384,,,,,,,,GLOBAL_BASELINE_NO_ENTITY_RANKING,,,NOT_APPLICABLE_GLOBAL_BASELINE,HF9g-P5,,,,X 全窗基线 · 不参与实体赏罚,6874143,688,A168_HF9F_20260827_0900,2026-08-27 09:00:00
2026-07-19,146476210,2129,0,51.0975759309,3.8323181950,3.8323181950,0.6250000,12,8,0.43514552608930007,0.385495156250,1.0831292431310293,1.3918331513268438,1.0831292431310293,0.04965036983930007,ELIGIBLE,R03b_20260811_FULL_v1,L1_ELIGIBILITY,v2026-08-11,2026-03-21..2026-08-06,baccarat_bet02_101_all_pairs_incl_sentinel,round_win = game_pnl > 0 (decisive only),COMPATIBILITY_ONLY_NOT_PRODUCTION,1095.7264,1050.3517,168.3761,242,133,-0.15366622,-0.07437453,-0.37714786,-0.15366622,-168.3761,1095.7264,OK,0.0000,6.7350,4.0000,96.0000,AG03-UNRESOLVED,ALL5_LEVELS_bet23_to_bet27,6.7350,6.7350,6.7350,6.7350,6.7350,4.000000,4.000000,4.000000,4.000000,4.000000,96.000000,96.000000,96.000000,96.000000,96.000000,5.0,33.6752,31.0868,134.7009,137.2893,PENDING_AG03,FALSE,NOT_FOR_ENFORCEMENT,161.6411,1008.3377,168.3761,161.6411,6.7350,0.15366622,0.14751958,6.7350,161.6411,0.14751958,6.7350,6.7350,6.7350,6.7350,6.7350,161.6411,0.14751958,33.6752,31.0868,134.7009,137.2893,0.12293298,0.12529524,0.00614665,4.5278,7.8974,1.2660,24.0537,5.2618,156.5323,19.0000,4.1264,6.2381,2.0439,2.1082,6.1317,8.5844,10.4556,19.2417,2.1082,-2.0439,4.959396,9.126907,2.147669,12,32,6,6,0.73811531,0.15366622,0.07437453,0E-8,0.000000,0.958589,0.000000,0.30277333,2026-04-02,2026-07-23,7,32,30,113,0.061947,0.661479,0.911346,2.460384,,,,,,,,GLOBAL_BASELINE_NO_ENTITY_RANKING,,,NOT_APPLICABLE_GLOBAL_BASELINE,HF9g-P5,,,,X 全窗基线 · 不参与实体赏罚,6874144,688,A168_HF9F_20260827_0900,2026-08-27 09:00:00
2026-07-19,146476210,2141,0,5.1097575931,-5.1097575931,-5.1097575931,0E-7,1,1,0.49324550000000000,0.493245500000,-0.9865810262130424,-0.9865810262130424,-0.9865810262130424,0E-17,ELIGIBLE,R03b_20260811_FULL_v1,L1_ELIGIBILITY,v2026-08-11,2026-03-21..2026-08-06,baccarat_bet02_101_all_pairs_incl_sentinel,round_win = game_pnl > 0 (decisive only),COMPATIBILITY_ONLY_NOT_PRODUCTION,1095.7264,1050.3517,168.3761,242,133,-0.15366622,-0.07437453,-0.37714786,-0.15366622,-168.3761,1095.7264,OK,0.0000,6.7350,4.0000,96.0000,AG03-UNRESOLVED,ALL5_LEVELS_bet23_to_bet27,6.7350,6.7350,6.7350,6.7350,6.7350,4.000000,4.000000,4.000000,4.000000,4.000000,96.000000,96.000000,96.000000,96.000000,96.000000,5.0,33.6752,31.0868,134.7009,137.2893,PENDING_AG03,FALSE,NOT_FOR_ENFORCEMENT,161.6411,1008.3377,168.3761,161.6411,6.7350,0.15366622,0.14751958,6.7350,161.6411,0.14751958,6.7350,6.7350,6.7350,6.7350,6.7350,161.6411,0.14751958,33.6752,31.0868,134.7009,137.2893,0.12293298,0.12529524,0.00614665,4.5278,7.8974,1.2660,24.0537,5.2618,156.5323,19.0000,4.1264,6.2381,2.0439,2.1082,6.1317,8.5844,10.4556,19.2417,2.1082,-2.0439,4.959396,9.126907,2.147669,12,32,6,6,0.73811531,0.15366622,0.07437453,0E-8,0.000000,0.958589,0.000000,0.30277333,2026-04-02,2026-07-23,7,32,30,113,0.061947,0.661479,0.911346,2.460384,,,,,,,,GLOBAL_BASELINE_NO_ENTITY_RANKING,,,NOT_APPLICABLE_GLOBAL_BASELINE,HF9g-P5,,,,X 全窗基线 · 不参与实体赏罚,6874145,688,A168_HF9F_20260827_0900,2026-08-27 09:00:00
2026-07-19,146476210,2167,0,298.2054531318,20.4594694042,20.4594694042,0.5517241,72,29,0.36961668619505064,0.253782758908,2.0316485251160907,3.686940473014903,2.0316485251160907,0.11583392728705064,ELIGIBLE,R03b_20260811_FULL_v1,L1_ELIGIBILITY,v2026-08-11,2026-03-21..2026-08-06,baccarat_bet02_101_all_pairs_incl_sentinel,round_win = game_pnl > 0 (decisive only),COMPATIBILITY_ONLY_NOT_PRODUCTION,1095.7264,1050.3517,168.3761,242,133,-0.15366622,-0.07437453,-0.37714786,-0.15366622,-168.3761,1095.7264,OK,0.0000,6.7350,4.0000,96.0000,AG03-UNRESOLVED,ALL5_LEVELS_bet23_to_bet27,6.7350,6.7350,6.7350,6.7350,6.7350,4.000000,4.000000,4.000000,4.000000,4.000000,96.000000,96.000000,96.000000,96.000000,96.000000,5.0,33.6752,31.0868,134.7009,137.2893,PENDING_AG03,FALSE,NOT_FOR_ENFORCEMENT,161.6411,1008.3377,168.3761,161.6411,6.7350,0.15366622,0.14751958,6.7350,161.6411,0.14751958,6.7350,6.7350,6.7350,6.7350,6.7350,161.6411,0.14751958,33.6752,31.0868,134.7009,137.2893,0.12293298,0.12529524,0.00614665,4.5278,7.8974,1.2660,24.0537,5.2618,156.5323,19.0000,4.1264,6.2381,2.0439,2.1082,6.1317,8.5844,10.4556,19.2417,2.1082,-2.0439,4.959396,9.126907,2.147669,12,32,6,6,0.73811531,0.15366622,0.07437453,0E-8,0.000000,0.958589,0.000000,0.30277333,2026-04-02,2026-07-23,7,32,30,113,0.061947,0.661479,0.911346,2.460384,,,,,,,,GLOBAL_BASELINE_NO_ENTITY_RANKING,,,NOT_APPLICABLE_GLOBAL_BASELINE,HF9g-P5,,,,X 全窗基线 · 不参与实体赏罚,6874146,688,A168_HF9F_20260827_0900,2026-08-27 09:00:00
2026-07-19,146476210,2251,0,3.0658545559,-3.0658545559,-3.0658545559,0E-7,1,1,0.49324550000000000,0.493245500000,-0.9865810262130424,-0.9865810262130424,-0.9865810262130424,0E-17,ELIGIBLE,R03b_20260811_FULL_v1,L1_ELIGIBILITY,v2026-08-11,2026-03-21..2026-08-06,baccarat_bet02_101_all_pairs_incl_sentinel,round_win = game_pnl > 0 (decisive only),COMPATIBILITY_ONLY_NOT_PRODUCTION,1095.7264,1050.3517,168.3761,242,133,-0.15366622,-0.07437453,-0.37714786,-0.15366622,-168.3761,1095.7264,OK,0.0000,6.7350,4.0000,96.0000,AG03-UNRESOLVED,ALL5_LEVELS_bet23_to_bet27,6.7350,6.7350,6.7350,6.7350,6.7350,4.000000,4.000000,4.000000,4.000000,4.000000,96.000000,96.000000,96.000000,96.000000,96.000000,5.0,33.6752,31.0868,134.7009,137.2893,PENDING_AG03,FALSE,NOT_FOR_ENFORCEMENT,161.6411,1008.3377,168.3761,161.6411,6.7350,0.15366622,0.14751958,6.7350,161.6411,0.14751958,6.7350,6.7350,6.7350,6.7350,6.7350,161.6411,0.14751958,33.6752,31.0868,134.7009,137.2893,0.12293298,0.12529524,0.00614665,4.5278,7.8974,1.2660,24.0537,5.2618,156.5323,19.0000,4.1264,6.2381,2.0439,2.1082,6.1317,8.5844,10.4556,19.2417,2.1082,-2.0439,4.959396,9.126907,2.147669,12,32,6,6,0.73811531,0.15366622,0.07437453,0E-8,0.000000,0.958589,0.000000,0.30277333,2026-04-02,2026-07-23,7,32,30,113,0.061947,0.661479,0.911346,2.460384,,,,,,,,GLOBAL_BASELINE_NO_ENTITY_RANKING,,,NOT_APPLICABLE_GLOBAL_BASELINE,HF9g-P5,,,,X 全窗基线 · 不参与实体赏罚,6874147,688,A168_HF9F_20260827_0900,2026-08-27 09:00:00
2026-07-19,146476210,772,0,210.1132322273,-39.0181089798,-39.0181089798,0.5000000,46,21,0.40204833237926678,0.302329571429,0.8934179191587249,1.9248249072027634,0.8934179191587249,0.09971876095026678,ELIGIBLE,R03b_20260811_FULL_v1,L1_ELIGIBILITY,v2026-08-11,2026-03-21..2026-08-06,baccarat_bet02_101_all_pairs_incl_sentinel,round_win = game_pnl > 0 (decisive only),COMPATIBILITY_ONLY_NOT_PRODUCTION,1095.7264,1050.3517,168.3761,242,133,-0.15366622,-0.07437453,-0.37714786,-0.15366622,-168.3761,1095.7264,OK,0.0000,6.7350,4.0000,96.0000,AG03-UNRESOLVED,ALL5_LEVELS_bet23_to_bet27,6.7350,6.7350,6.7350,6.7350,6.7350,4.000000,4.000000,4.000000,4.000000,4.000000,96.000000,96.000000,96.000000,96.000000,96.000000,5.0,33.6752,31.0868,134.7009,137.2893,PENDING_AG03,FALSE,NOT_FOR_ENFORCEMENT,161.6411,1008.3377,168.3761,161.6411,6.7350,0.15366622,0.14751958,6.7350,161.6411,0.14751958,6.7350,6.7350,6.7350,6.7350,6.7350,161.6411,0.14751958,33.6752,31.0868,134.7009,137.2893,0.12293298,0.12529524,0.00614665,4.5278,7.8974,1.2660,24.0537,5.2618,156.5323,19.0000,4.1264,6.2381,2.0439,2.1082,6.1317,8.5844,10.4556,19.2417,2.1082,-2.0439,4.959396,9.126907,2.147669,12,32,6,6,0.73811531,0.15366622,0.07437453,0E-8,0.000000,0.958589,0.000000,0.30277333,2026-04-02,2026-07-23,7,32,30,113,0.061947,0.661479,0.911346,2.460384,,,,,,,,GLOBAL_BASELINE_NO_ENTITY_RANKING,,,NOT_APPLICABLE_GLOBAL_BASELINE,HF9g-P5,,,,X 全窗基线 · 不参与实体赏罚,6874148,688,A168_HF9F_20260827_0900,2026-08-27 09:00:00
2026-07-19,146476210,994,0,6.1317091117,-6.1317091117,-6.1317091117,0E-7,2,1,0.35562093333579643,0.280106050000,-0.7428873223086758,-0.6237735893609975,-0.7428873223086758,0.07551488333579643,ELIGIBLE,R03b_20260811_FULL_v1,L1_ELIGIBILITY,v2026-08-11,2026-03-21..2026-08-06,baccarat_bet02_101_all_pairs_incl_sentinel,round_win = game_pnl > 0 (decisive only),COMPATIBILITY_ONLY_NOT_PRODUCTION,1095.7264,1050.3517,168.3761,242,133,-0.15366622,-0.07437453,-0.37714786,-0.15366622,-168.3761,1095.7264,OK,0.0000,6.7350,4.0000,96.0000,AG03-UNRESOLVED,ALL5_LEVELS_bet23_to_bet27,6.7350,6.7350,6.7350,6.7350,6.7350,4.000000,4.000000,4.000000,4.000000,4.000000,96.000000,96.000000,96.000000,96.000000,96.000000,5.0,33.6752,31.0868,134.7009,137.2893,PENDING_AG03,FALSE,NOT_FOR_ENFORCEMENT,161.6411,1008.3377,168.3761,161.6411,6.7350,0.15366622,0.14751958,6.7350,161.6411,0.14751958,6.7350,6.7350,6.7350,6.7350,6.7350,161.6411,0.14751958,33.6752,31.0868,134.7009,137.2893,0.12293298,0.12529524,0.00614665,4.5278,7.8974,1.2660,24.0537,5.2618,156.5323,19.0000,4.1264,6.2381,2.0439,2.1082,6.1317,8.5844,10.4556,19.2417,2.1082,-2.0439,4.959396,9.126907,2.147669,12,32,6,6,0.73811531,0.15366622,0.07437453,0E-8,0.000000,0.958589,0.000000,0.30277333,2026-04-02,2026-07-23,7,32,30,113,0.061947,0.661479,0.911346,2.460384,,,,,,,,GLOBAL_BASELINE_NO_ENTITY_RANKING,,,NOT_APPLICABLE_GLOBAL_BASELINE,HF9g-P5,,,,X 全窗基线 · 不参与实体赏罚,6874149,688,A168_HF9F_20260827_0900,2026-08-27 09:00:00
2026-07-23,146476210,1304,0,9.1975636676,1.0219515186,1.0219515186,0.6666667,3,3,0.49771390000000000,0.497713900000,0.5852756695216578,0.5852756695216578,0.5852756695216578,0E-17,ELIGIBLE,R03b_20260811_FULL_v1,L1_ELIGIBILITY,v2026-08-11,2026-03-21..2026-08-06,baccarat_bet02_101_all_pairs_incl_sentinel,round_win = game_pnl > 0 (decisive only),COMPATIBILITY_ONLY_NOT_PRODUCTION,1095.7264,1050.3517,168.3761,242,133,-0.15366622,-0.07437453,-0.37714786,-0.15366622,-168.3761,1095.7264,OK,0.0000,6.7350,4.0000,96.0000,AG03-UNRESOLVED,ALL5_LEVELS_bet23_to_bet27,6.7350,6.7350,6.7350,6.7350,6.7350,4.000000,4.000000,4.000000,4.000000,4.000000,96.000000,96.000000,96.000000,96.000000,96.000000,5.0,33.6752,31.0868,134.7009,137.2893,PENDING_AG03,FALSE,NOT_FOR_ENFORCEMENT,161.6411,1008.3377,168.3761,161.6411,6.7350,0.15366622,0.14751958,6.7350,161.6411,0.14751958,6.7350,6.7350,6.7350,6.7350,6.7350,161.6411,0.14751958,33.6752,31.0868,134.7009,137.2893,0.12293298,0.12529524,0.00614665,4.5278,7.8974,1.2660,24.0537,5.2618,156.5323,19.0000,4.1264,6.2381,2.0439,2.1082,6.1317,8.5844,10.4556,19.2417,2.1082,-2.0439,4.959396,9.126907,2.147669,12,32,6,6,0.73811531,0.15366622,0.07437453,0E-8,0.000000,0.958589,0.000000,0.30277333,2026-04-02,2026-07-23,7,32,30,113,0.061947,0.661479,0.911346,2.460384,,,,,,,,GLOBAL_BASELINE_NO_ENTITY_RANKING,,,NOT_APPLICABLE_GLOBAL_BASELINE,HF9g-P5,,,,X 全窗基线 · 不参与实体赏罚,6874150,688,A168_HF9F_20260827_0900,2026-08-27 09:00:00
2026-07-23,146476210,1353,0,7.9712218452,-3.9856109226,-3.9856109226,0E-7,3,2,0.38667577500000000,0.386675775000,-1.1229060475488608,-1.122906047548861,-1.1229060475488608,0E-17,ELIGIBLE,R03b_20260811_FULL_v1,L1_ELIGIBILITY,v2026-08-11,2026-03-21..2026-08-06,baccarat_bet02_101_all_pairs_incl_sentinel,round_win = game_pnl > 0 (decisive only),COMPATIBILITY_ONLY_NOT_PRODUCTION,1095.7264,1050.3517,168.3761,242,133,-0.15366622,-0.07437453,-0.37714786,-0.15366622,-168.3761,1095.7264,OK,0.0000,6.7350,4.0000,96.0000,AG03-UNRESOLVED,ALL5_LEVELS_bet23_to_bet27,6.7350,6.7350,6.7350,6.7350,6.7350,4.000000,4.000000,4.000000,4.000000,4.000000,96.000000,96.000000,96.000000,96.000000,96.000000,5.0,33.6752,31.0868,134.7009,137.2893,PENDING_AG03,FALSE,NOT_FOR_ENFORCEMENT,161.6411,1008.3377,168.3761,161.6411,6.7350,0.15366622,0.14751958,6.7350,161.6411,0.14751958,6.7350,6.7350,6.7350,6.7350,6.7350,161.6411,0.14751958,33.6752,31.0868,134.7009,137.2893,0.12293298,0.12529524,0.00614665,4.5278,7.8974,1.2660,24.0537,5.2618,156.5323,19.0000,4.1264,6.2381,2.0439,2.1082,6.1317,8.5844,10.4556,19.2417,2.1082,-2.0439,4.959396,9.126907,2.147669,12,32,6,6,0.73811531,0.15366622,0.07437453,0E-8,0.000000,0.958589,0.000000,0.30277333,2026-04-02,2026-07-23,7,32,30,113,0.061947,0.661479,0.911346,2.460384,,,,,,,,GLOBAL_BASELINE_NO_ENTITY_RANKING,,,NOT_APPLICABLE_GLOBAL_BASELINE,HF9g-P5,,,,X 全窗基线 · 不参与实体赏罚,6874151,688,A168_HF9F_20260827_0900,2026-08-27 09:00:00
2026-07-23,146476210,1385,0,5.1097575931,-1.0219515187,-1.0219515187,0.5000000,2,2,0.49324550000000000,0.493245500000,0.01910635448239258,0.01910635448239258,0.01910635448239258,0E-17,ELIGIBLE,R03b_20260811_FULL_v1,L1_ELIGIBILITY,v2026-08-11,2026-03-21..2026-08-06,baccarat_bet02_101_all_pairs_incl_sentinel,round_win = game_pnl > 0 (decisive only),COMPATIBILITY_ONLY_NOT_PRODUCTION,1095.7264,1050.3517,168.3761,242,133,-0.15366622,-0.07437453,-0.37714786,-0.15366622,-168.3761,1095.7264,OK,0.0000,6.7350,4.0000,96.0000,AG03-UNRESOLVED,ALL5_LEVELS_bet23_to_bet27,6.7350,6.7350,6.7350,6.7350,6.7350,4.000000,4.000000,4.000000,4.000000,4.000000,96.000000,96.000000,96.000000,96.000000,96.000000,5.0,33.6752,31.0868,134.7009,137.2893,PENDING_AG03,FALSE,NOT_FOR_ENFORCEMENT,161.6411,1008.3377,168.3761,161.6411,6.7350,0.15366622,0.14751958,6.7350,161.6411,0.14751958,6.7350,6.7350,6.7350,6.7350,6.7350,161.6411,0.14751958,33.6752,31.0868,134.7009,137.2893,0.12293298,0.12529524,0.00614665,4.5278,7.8974,1.2660,24.0537,5.2618,156.5323,19.0000,4.1264,6.2381,2.0439,2.1082,6.1317,8.5844,10.4556,19.2417,2.1082,-2.0439,4.959396,9.126907,2.147669,12,32,6,6,0.73811531,0.15366622,0.07437453,0E-8,0.000000,0.958589,0.000000,0.30277333,2026-04-02,2026-07-23,7,32,30,113,0.061947,0.661479,0.911346,2.460384,,,,,,,,GLOBAL_BASELINE_NO_ENTITY_RANKING,,,NOT_APPLICABLE_GLOBAL_BASELINE,HF9g-P5,,,,X 全窗基线 · 不参与实体赏罚,6874152,688,A168_HF9F_20260827_0900,2026-08-27 09:00:00
2026-07-23,146476210,1654,0,2.0439030372,2.0439030372,2.0439030372,1.0000000,1,1,0.49324550000000000,0.493245500000,1.01360149184955,1.01360149184955,1.01360149184955,0E-17,ELIGIBLE,R03b_20260811_FULL_v1,L1_ELIGIBILITY,v2026-08-11,2026-03-21..2026-08-06,baccarat_bet02_101_all_pairs_incl_sentinel,round_win = game_pnl > 0 (decisive only),COMPATIBILITY_ONLY_NOT_PRODUCTION,1095.7264,1050.3517,168.3761,242,133,-0.15366622,-0.07437453,-0.37714786,-0.15366622,-168.3761,1095.7264,OK,0.0000,6.7350,4.0000,96.0000,AG03-UNRESOLVED,ALL5_LEVELS_bet23_to_bet27,6.7350,6.7350,6.7350,6.7350,6.7350,4.000000,4.000000,4.000000,4.000000,4.000000,96.000000,96.000000,96.000000,96.000000,96.000000,5.0,33.6752,31.0868,134.7009,137.2893,PENDING_AG03,FALSE,NOT_FOR_ENFORCEMENT,161.6411,1008.3377,168.3761,161.6411,6.7350,0.15366622,0.14751958,6.7350,161.6411,0.14751958,6.7350,6.7350,6.7350,6.7350,6.7350,161.6411,0.14751958,33.6752,31.0868,134.7009,137.2893,0.12293298,0.12529524,0.00614665,4.5278,7.8974,1.2660,24.0537,5.2618,156.5323,19.0000,4.1264,6.2381,2.0439,2.1082,6.1317,8.5844,10.4556,19.2417,2.1082,-2.0439,4.959396,9.126907,2.147669,12,32,6,6,0.73811531,0.15366622,0.07437453,0E-8,0.000000,0.958589,0.000000,0.30277333,2026-04-02,2026-07-23,7,32,30,113,0.061947,0.661479,0.911346,2.460384,,,,,,,,GLOBAL_BASELINE_NO_ENTITY_RANKING,,,NOT_APPLICABLE_GLOBAL_BASELINE,HF9g-P5,,,,X 全窗基线 · 不参与实体赏罚,6874153,688,A168_HF9F_20260827_0900,2026-08-27 09:00:00
2026-07-23,146476210,1710,0,4.0878060744,-2.0439030372,-2.0439030372,0E-7,2,2,0.50665070000000000,0.506650700000,-1.013391052207602,-1.013391052207602,-1.013391052207602,0E-17,ELIGIBLE,R03b_20260811_FULL_v1,L1_ELIGIBILITY,v2026-08-11,2026-03-21..2026-08-06,baccarat_bet02_101_all_pairs_incl_sentinel,round_win = game_pnl > 0 (decisive only),COMPATIBILITY_ONLY_NOT_PRODUCTION,1095.7264,1050.3517,168.3761,242,133,-0.15366622,-0.07437453,-0.37714786,-0.15366622,-168.3761,1095.7264,OK,0.0000,6.7350,4.0000,96.0000,AG03-UNRESOLVED,ALL5_LEVELS_bet23_to_bet27,6.7350,6.7350,6.7350,6.7350,6.7350,4.000000,4.000000,4.000000,4.000000,4.000000,96.000000,96.000000,96.000000,96.000000,96.000000,5.0,33.6752,31.0868,134.7009,137.2893,PENDING_AG03,FALSE,NOT_FOR_ENFORCEMENT,161.6411,1008.3377,168.3761,161.6411,6.7350,0.15366622,0.14751958,6.7350,161.6411,0.14751958,6.7350,6.7350,6.7350,6.7350,6.7350,161.6411,0.14751958,33.6752,31.0868,134.7009,137.2893,0.12293298,0.12529524,0.00614665,4.5278,7.8974,1.2660,24.0537,5.2618,156.5323,19.0000,4.1264,6.2381,2.0439,2.1082,6.1317,8.5844,10.4556,19.2417,2.1082,-2.0439,4.959396,9.126907,2.147669,12,32,6,6,0.73811531,0.15366622,0.07437453,0E-8,0.000000,0.958589,0.000000,0.30277333,2026-04-02,2026-07-23,7,32,30,113,0.061947,0.661479,0.911346,2.460384,,,,,,,,GLOBAL_BASELINE_NO_ENTITY_RANKING,,,NOT_APPLICABLE_GLOBAL_BASELINE,HF9g-P5,,,,X 全窗基线 · 不参与实体赏罚,6874154,688,A168_HF9F_20260827_0900,2026-08-27 09:00:00
2026-04-09,148403215,-1,1,274.8475250637,58.2414993587,58.2414993587,0.5000000,8,8,0.49994810000000000,0.499948100000,0.00029359073713029245,0.00029359073713029245,0.00029359073713029245,0E-17,SENTINEL_DEALER,R03b_20260811_FULL_v1,L1_ELIGIBILITY,v2026-08-11,2026-03-21..2026-08-06,baccarat_bet02_101_all_pairs_incl_sentinel,round_win = game_pnl > 0 (decisive only),COMPATIBILITY_ONLY_NOT_PRODUCTION,11018.6956,10181.2952,168.3762,207,207,-0.01528096,,-0.01528096,-0.01528096,-168.3762,11018.6956,OK,0.0000,6.7350,4.0000,96.0000,AG03-UNRESOLVED,ALL5_LEVELS_bet23_to_bet27,6.7350,6.7350,6.7350,8.4188,8.4188,4.000000,4.000000,4.000000,5.000000,5.000000,96.000000,96.000000,96.000000,95.000000,95.000000,5.0,37.0428,33.9321,131.3334,134.4441,PENDING_AG03,FALSE,NOT_FOR_ENFORCEMENT,161.6412,9774.0434,168.3762,161.6412,6.7350,0.01528096,0.01466972,6.7350,161.6412,0.01466972,6.7350,6.7350,6.7350,8.4188,8.4188,161.6412,0.01466972,37.0428,33.9321,131.3334,134.4441,0.01191915,0.01220145,0.00061124,53.2304,49.1850,0.8134,28.0627,1.7539,1836.4493,34.5000,,53.2304,26.176,26.176,52.3519,104.7038,157.0557,347.879,26.176,0.0,6.0,13.290022,2.033561,28,43,5,2,0E-8,0.01528096,,0E-8,0.000000,0.924002,0.000000,,2026-04-09,2026-05-04,6,96,71,26,0.230769,,,0.000000,,,,,,,,GLOBAL_BASELINE_NO_ENTITY_RANKING,,,NOT_APPLICABLE_GLOBAL_BASELINE,HF9g-P5,,,,X 全窗基线 · 不参与实体赏罚,6874155,688,A168_HF9F_20260827_0900,2026-08-27 09:00:00
2026-04-09,148403215,1385,0,52.3519095359,52.3519095359,52.3519095359,1.0000000,1,1,0.49324550000000000,0.493245500000,1.01360149184955,1.01360149184955,1.01360149184955,0E-17,ELIGIBLE,R03b_20260811_FULL_v1,L1_ELIGIBILITY,v2026-08-11,2026-03-21..2026-08-06,baccarat_bet02_101_all_pairs_incl_sentinel,round_win = game_pnl > 0 (decisive only),COMPATIBILITY_ONLY_NOT_PRODUCTION,11018.6956,10181.2952,168.3762,207,207,-0.01528096,,-0.01528096,-0.01528096,-168.3762,11018.6956,OK,0.0000,6.7350,4.0000,96.0000,AG03-UNRESOLVED,ALL5_LEVELS_bet23_to_bet27,6.7350,6.7350,6.7350,8.4188,8.4188,4.000000,4.000000,4.000000,5.000000,5.000000,96.000000,96.000000,96.000000,95.000000,95.000000,5.0,37.0428,33.9321,131.3334,134.4441,PENDING_AG03,FALSE,NOT_FOR_ENFORCEMENT,161.6412,9774.0434,168.3762,161.6412,6.7350,0.01528096,0.01466972,6.7350,161.6412,0.01466972,6.7350,6.7350,6.7350,8.4188,8.4188,161.6412,0.01466972,37.0428,33.9321,131.3334,134.4441,0.01191915,0.01220145,0.00061124,53.2304,49.1850,0.8134,28.0627,1.7539,1836.4493,34.5000,,53.2304,26.176,26.176,52.3519,104.7038,157.0557,347.879,26.176,0.0,6.0,13.290022,2.033561,28,43,5,2,0E-8,0.01528096,,0E-8,0.000000,0.924002,0.000000,,2026-04-09,2026-05-04,6,96,71,26,0.230769,,,0.000000,,,,,,,,GLOBAL_BASELINE_NO_ENTITY_RANKING,,,NOT_APPLICABLE_GLOBAL_BASELINE,HF9g-P5,,,,X 全窗基线 · 不参与实体赏罚,6874156,688,A168_HF9F_20260827_0900,2026-08-27 09:00:00
2026-04-09,148403215,1990,0,13.0879773840,12.4335785148,12.4335785148,1.0000000,1,1,0.50665070000000000,0.506650700000,0.9867858985152569,0.9867858985152569,0.9867858985152569,0E-17,ELIGIBLE,R03b_20260811_FULL_v1,L1_ELIGIBILITY,v2026-08-11,2026-03-21..2026-08-06,baccarat_bet02_101_all_pairs_incl_sentinel,round_win = game_pnl > 0 (decisive only),COMPATIBILITY_ONLY_NOT_PRODUCTION,11018.6956,10181.2952,168.3762,207,207,-0.01528096,,-0.01528096,-0.01528096,-168.3762,11018.6956,OK,0.0000,6.7350,4.0000,96.0000,AG03-UNRESOLVED,ALL5_LEVELS_bet23_to_bet27,6.7350,6.7350,6.7350,8.4188,8.4188,4.000000,4.000000,4.000000,5.000000,5.000000,96.000000,96.000000,96.000000,95.000000,95.000000,5.0,37.0428,33.9321,131.3334,134.4441,PENDING_AG03,FALSE,NOT_FOR_ENFORCEMENT,161.6412,9774.0434,168.3762,161.6412,6.7350,0.01528096,0.01466972,6.7350,161.6412,0.01466972,6.7350,6.7350,6.7350,8.4188,8.4188,161.6412,0.01466972,37.0428,33.9321,131.3334,134.4441,0.01191915,0.01220145,0.00061124,53.2304,49.1850,0.8134,28.0627,1.7539,1836.4493,34.5000,,53.2304,26.176,26.176,52.3519,104.7038,157.0557,347.879,26.176,0.0,6.0,13.290022,2.033561,28,43,5,2,0E-8,0.01528096,,0E-8,0.000000,0.924002,0.000000,,2026-04-09,2026-05-04,6,96,71,26,0.230769,,,0.000000,,,,,,,,GLOBAL_BASELINE_NO_ENTITY_RANKING,,,NOT_APPLICABLE_GLOBAL_BASELINE,HF9g-P5,,,,X 全窗基线 · 不参与实体赏罚,6874157,688,A168_HF9F_20260827_0900,2026-08-27 09:00:00
2026-04-09,148403215,2091,0,26.1759547680,24.8671570296,24.8671570296,1.0000000,1,1,0.50665070000000000,0.506650700000,0.9867858985152569,0.9867858985152569,0.9867858985152569,0E-17,ELIGIBLE,R03b_20260811_FULL_v1,L1_ELIGIBILITY,v2026-08-11,2026-03-21..2026-08-06,baccarat_bet02_101_all_pairs_incl_sentinel,round_win = game_pnl > 0 (decisive only),COMPATIBILITY_ONLY_NOT_PRODUCTION,11018.6956,10181.2952,168.3762,207,207,-0.01528096,,-0.01528096,-0.01528096,-168.3762,11018.6956,OK,0.0000,6.7350,4.0000,96.0000,AG03-UNRESOLVED,ALL5_LEVELS_bet23_to_bet27,6.7350,6.7350,6.7350,8.4188,8.4188,4.000000,4.000000,4.000000,5.000000,5.000000,96.000000,96.000000,96.000000,95.000000,95.000000,5.0,37.0428,33.9321,131.3334,134.4441,PENDING_AG03,FALSE,NOT_FOR_ENFORCEMENT,161.6412,9774.0434,168.3762,161.6412,6.7350,0.01528096,0.01466972,6.7350,161.6412,0.01466972,6.7350,6.7350,6.7350,8.4188,8.4188,161.6412,0.01466972,37.0428,33.9321,131.3334,134.4441,0.01191915,0.01220145,0.00061124,53.2304,49.1850,0.8134,28.0627,1.7539,1836.4493,34.5000,,53.2304,26.176,26.176,52.3519,104.7038,157.0557,347.879,26.176,0.0,6.0,13.290022,2.033561,28,43,5,2,0E-8,0.01528096,,0E-8,0.000000,0.924002,0.000000,,2026-04-09,2026-05-04,6,96,71,26,0.230769,,,0.000000,,,,,,,,GLOBAL_BASELINE_NO_ENTITY_RANKING,,,NOT_APPLICABLE_GLOBAL_BASELINE,HF9g-P5,,,,X 全窗基线 · 不参与实体赏罚,6874158,688,A168_HF9F_20260827_0900,2026-08-27 09:00:00
2026-04-09,148403215,2108,0,52.3519095360,26.1759547680,26.1759547680,1.0000000,2,2,0.49324550000000000,0.493245500000,1.01360149184955,1.01360149184955,1.01360149184955,0E-17,ELIGIBLE,R03b_20260811_FULL_v1,L1_ELIGIBILITY,v2026-08-11,2026-03-21..2026-08-06,baccarat_bet02_101_all_pairs_incl_sentinel,round_win = game_pnl > 0 (decisive only),COMPATIBILITY_ONLY_NOT_PRODUCTION,11018.6956,10181.2952,168.3762,207,207,-0.01528096,,-0.01528096,-0.01528096,-168.3762,11018.6956,OK,0.0000,6.7350,4.0000,96.0000,AG03-UNRESOLVED,ALL5_LEVELS_bet23_to_bet27,6.7350,6.7350,6.7350,8.4188,8.4188,4.000000,4.000000,4.000000,5.000000,5.000000,96.000000,96.000000,96.000000,95.000000,95.000000,5.0,37.0428,33.9321,131.3334,134.4441,PENDING_AG03,FALSE,NOT_FOR_ENFORCEMENT,161.6412,9774.0434,168.3762,161.6412,6.7350,0.01528096,0.01466972,6.7350,161.6412,0.01466972,6.7350,6.7350,6.7350,8.4188,8.4188,161.6412,0.01466972,37.0428,33.9321,131.3334,134.4441,0.01191915,0.01220145,0.00061124,53.2304,49.1850,0.8134,28.0627,1.7539,1836.4493,34.5000,,53.2304,26.176,26.176,52.3519,104.7038,157.0557,347.879,26.176,0.0,6.0,13.290022,2.033561,28,43,5,2,0E-8,0.01528096,,0E-8,0.000000,0.924002,0.000000,,2026-04-09,2026-05-04,6,96,71,26,0.230769,,,0.000000,,,,,,,,GLOBAL_BASELINE_NO_ENTITY_RANKING,,,NOT_APPLICABLE_GLOBAL_BASELINE,HF9g-P5,,,,X 全窗基线 · 不参与实体赏罚,6874159,688,A168_HF9F_20260827_0900,2026-08-27 09:00:00
2026-04-09,148403215,2115,0,26.1759547680,26.1759547680,26.1759547680,1.0000000,1,1,0.49324550000000000,0.493245500000,1.01360149184955,1.01360149184955,1.01360149184955,0E-17,ELIGIBLE,R03b_20260811_FULL_v1,L1_ELIGIBILITY,v2026-08-11,2026-03-21..2026-08-06,baccarat_bet02_101_all_pairs_incl_sentinel,round_win = game_pnl > 0 (decisive only),COMPATIBILITY_ONLY_NOT_PRODUCTION,11018.6956,10181.2952,168.3762,207,207,-0.01528096,,-0.01528096,-0.01528096,-168.3762,11018.6956,OK,0.0000,6.7350,4.0000,96.0000,AG03-UNRESOLVED,ALL5_LEVELS_bet23_to_bet27,6.7350,6.7350,6.7350,8.4188,8.4188,4.000000,4.000000,4.000000,5.000000,5.000000,96.000000,96.000000,96.000000,95.000000,95.000000,5.0,37.0428,33.9321,131.3334,134.4441,PENDING_AG03,FALSE,NOT_FOR_ENFORCEMENT,161.6412,9774.0434,168.3762,161.6412,6.7350,0.01528096,0.01466972,6.7350,161.6412,0.01466972,6.7350,6.7350,6.7350,8.4188,8.4188,161.6412,0.01466972,37.0428,33.9321,131.3334,134.4441,0.01191915,0.01220145,0.00061124,53.2304,49.1850,0.8134,28.0627,1.7539,1836.4493,34.5000,,53.2304,26.176,26.176,52.3519,104.7038,157.0557,347.879,26.176,0.0,6.0,13.290022,2.033561,28,43,5,2,0E-8,0.01528096,,0E-8,0.000000,0.924002,0.000000,,2026-04-09,2026-05-04,6,96,71,26,0.230769,,,0.000000,,,,,,,,GLOBAL_BASELINE_NO_ENTITY_RANKING,,,NOT_APPLICABLE_GLOBAL_BASELINE,HF9g-P5,,,,X 全窗基线 · 不参与实体赏罚,6874160,688,A168_HF9F_20260827_0900,2026-08-27 09:00:00
2026-04-09,148403215,2174,0,130.8797738398,0E-10,0E-10,0.3333333,3,3,0.50218230000000000,0.502182300000,-0.5849155494134425,-0.5849155494134426,-0.5849155494134425,0E-17,ELIGIBLE,R03b_20260811_FULL_v1,L1_ELIGIBILITY,v2026-08-11,2026-03-21..2026-08-06,baccarat_bet02_101_all_pairs_incl_sentinel,round_win = game_pnl > 0 (decisive only),COMPATIBILITY_ONLY_NOT_PRODUCTION,11018.6956,10181.2952,168.3762,207,207,-0.01528096,,-0.01528096,-0.01528096,-168.3762,11018.6956,OK,0.0000,6.7350,4.0000,96.0000,AG03-UNRESOLVED,ALL5_LEVELS_bet23_to_bet27,6.7350,6.7350,6.7350,8.4188,8.4188,4.000000,4.000000,4.000000,5.000000,5.000000,96.000000,96.000000,96.000000,95.000000,95.000000,5.0,37.0428,33.9321,131.3334,134.4441,PENDING_AG03,FALSE,NOT_FOR_ENFORCEMENT,161.6412,9774.0434,168.3762,161.6412,6.7350,0.01528096,0.01466972,6.7350,161.6412,0.01466972,6.7350,6.7350,6.7350,8.4188,8.4188,161.6412,0.01466972,37.0428,33.9321,131.3334,134.4441,0.01191915,0.01220145,0.00061124,53.2304,49.1850,0.8134,28.0627,1.7539,1836.4493,34.5000,,53.2304,26.176,26.176,52.3519,104.7038,157.0557,347.879,26.176,0.0,6.0,13.290022,2.033561,28,43,5,2,0E-8,0.01528096,,0E-8,0.000000,0.924002,0.000000,,2026-04-09,2026-05-04,6,96,71,26,0.230769,,,0.000000,,,,,,,,GLOBAL_BASELINE_NO_ENTITY_RANKING,,,NOT_APPLICABLE_GLOBAL_BASELINE,HF9g-P5,,,,X 全窗基线 · 不参与实体赏罚,6874161,688,A168_HF9F_20260827_0900,2026-08-27 09:00:00
2026-04-09,148403215,2175,0,26.1759547680,24.8671570296,24.8671570296,1.0000000,1,1,0.50665070000000000,0.506650700000,0.9867858985152569,0.9867858985152569,0.9867858985152569,0E-17,ELIGIBLE,R03b_20260811_FULL_v1,L1_ELIGIBILITY,v2026-08-11,2026-03-21..2026-08-06,baccarat_bet02_101_all_pairs_incl_sentinel,round_win = game_pnl > 0 (decisive only),COMPATIBILITY_ONLY_NOT_PRODUCTION,11018.6956,10181.2952,168.3762,207,207,-0.01528096,,-0.01528096,-0.01528096,-168.3762,11018.6956,OK,0.0000,6.7350,4.0000,96.0000,AG03-UNRESOLVED,ALL5_LEVELS_bet23_to_bet27,6.7350,6.7350,6.7350,8.4188,8.4188,4.000000,4.000000,4.000000,5.000000,5.000000,96.000000,96.000000,96.000000,95.000000,95.000000,5.0,37.0428,33.9321,131.3334,134.4441,PENDING_AG03,FALSE,NOT_FOR_ENFORCEMENT,161.6412,9774.0434,168.3762,161.6412,6.7350,0.01528096,0.01466972,6.7350,161.6412,0.01466972,6.7350,6.7350,6.7350,8.4188,8.4188,161.6412,0.01466972,37.0428,33.9321,131.3334,134.4441,0.01191915,0.01220145,0.00061124,53.2304,49.1850,0.8134,28.0627,1.7539,1836.4493,34.5000,,53.2304,26.176,26.176,52.3519,104.7038,157.0557,347.879,26.176,0.0,6.0,13.290022,2.033561,28,43,5,2,0E-8,0.01528096,,0E-8,0.000000,0.924002,0.000000,,2026-04-09,2026-05-04,6,96,71,26,0.230769,,,0.000000,,,,,,,,GLOBAL_BASELINE_NO_ENTITY_RANKING,,,NOT_APPLICABLE_GLOBAL_BASELINE,HF9g-P5,,,,X 全窗基线 · 不参与实体赏罚,6874162,688,A168_HF9F_20260827_0900,2026-08-27 09:00:00
2026-04-09,148403215,2233,0,26.1759547680,24.8671570296,24.8671570296,1.0000000,1,1,0.50665070000000000,0.506650700000,0.9867858985152569,0.9867858985152569,0.9867858985152569,0E-17,ELIGIBLE,R03b_20260811_FULL_v1,L1_ELIGIBILITY,v2026-08-11,2026-03-21..2026-08-06,baccarat_bet02_101_all_pairs_incl_sentinel,round_win = game_pnl > 0 (decisive only),COMPATIBILITY_ONLY_NOT_PRODUCTION,11018.6956,10181.2952,168.3762,207,207,-0.01528096,,-0.01528096,-0.01528096,-168.3762,11018.6956,OK,0.0000,6.7350,4.0000,96.0000,AG03-UNRESOLVED,ALL5_LEVELS_bet23_to_bet27,6.7350,6.7350,6.7350,8.4188,8.4188,4.000000,4.000000,4.000000,5.000000,5.000000,96.000000,96.000000,96.000000,95.000000,95.000000,5.0,37.0428,33.9321,131.3334,134.4441,PENDING_AG03,FALSE,NOT_FOR_ENFORCEMENT,161.6412,9774.0434,168.3762,161.6412,6.7350,0.01528096,0.01466972,6.7350,161.6412,0.01466972,6.7350,6.7350,6.7350,8.4188,8.4188,161.6412,0.01466972,37.0428,33.9321,131.3334,134.4441,0.01191915,0.01220145,0.00061124,53.2304,49.1850,0.8134,28.0627,1.7539,1836.4493,34.5000,,53.2304,26.176,26.176,52.3519,104.7038,157.0557,347.879,26.176,0.0,6.0,13.290022,2.033561,28,43,5,2,0E-8,0.01528096,,0E-8,0.000000,0.924002,0.000000,,2026-04-09,2026-05-04,6,96,71,26,0.230769,,,0.000000,,,,,,,,GLOBAL_BASELINE_NO_ENTITY_RANKING,,,NOT_APPLICABLE_GLOBAL_BASELINE,HF9g-P5,,,,X 全窗基线 · 不参与实体赏罚,6874163,688,A168_HF9F_20260827_0900,2026-08-27 09:00:00
2026-04-09,148403215,2246,0,26.1759547680,26.1759547680,26.1759547680,1.0000000,1,1,0.49324550000000000,0.493245500000,1.01360149184955,1.01360149184955,1.01360149184955,0E-17,ELIGIBLE,R03b_20260811_FULL_v1,L1_ELIGIBILITY,v2026-08-11,2026-03-21..2026-08-06,baccarat_bet02_101_all_pairs_incl_sentinel,round_win = game_pnl > 0 (decisive only),COMPATIBILITY_ONLY_NOT_PRODUCTION,11018.6956,10181.2952,168.3762,207,207,-0.01528096,,-0.01528096,-0.01528096,-168.3762,11018.6956,OK,0.0000,6.7350,4.0000,96.0000,AG03-UNRESOLVED,ALL5_LEVELS_bet23_to_bet27,6.7350,6.7350,6.7350,8.4188,8.4188,4.000000,4.000000,4.000000,5.000000,5.000000,96.000000,96.000000,96.000000,95.000000,95.000000,5.0,37.0428,33.9321,131.3334,134.4441,PENDING_AG03,FALSE,NOT_FOR_ENFORCEMENT,161.6412,9774.0434,168.3762,161.6412,6.7350,0.01528096,0.01466972,6.7350,161.6412,0.01466972,6.7350,6.7350,6.7350,8.4188,8.4188,161.6412,0.01466972,37.0428,33.9321,131.3334,134.4441,0.01191915,0.01220145,0.00061124,53.2304,49.1850,0.8134,28.0627,1.7539,1836.4493,34.5000,,53.2304,26.176,26.176,52.3519,104.7038,157.0557,347.879,26.176,0.0,6.0,13.290022,2.033561,28,43,5,2,0E-8,0.01528096,,0E-8,0.000000,0.924002,0.000000,,2026-04-09,2026-05-04,6,96,71,26,0.230769,,,0.000000,,,,,,,,GLOBAL_BASELINE_NO_ENTITY_RANKING,,,NOT_APPLICABLE_GLOBAL_BASELINE,HF9g-P5,,,,X 全窗基线 · 不参与实体赏罚,6874164,688,A168_HF9F_20260827_0900,2026-08-27 09:00:00
2026-04-10,148403215,-1,1,1321.8857157822,123.0269874093,123.0269874093,0.4800000,28,28,0.49899058571428571,0.498990585714,-0.18990624414072857,-0.18990624413787166,-0.18990624414072857,2.8571E-13,SENTINEL_DEALER,R03b_20260811_FULL_v1,L1_ELIGIBILITY,v2026-08-11,2026-03-21..2026-08-06,baccarat_bet02_101_all_pairs_incl_sentinel,round_win = game_pnl > 0 (decisive only),COMPATIBILITY_ONLY_NOT_PRODUCTION,11018.6956,10181.2952,168.3762,207,207,-0.01528096,,-0.01528096,-0.01528096,-168.3762,11018.6956,OK,0.0000,6.7350,4.0000,96.0000,AG03-UNRESOLVED,ALL5_LEVELS_bet23_to_bet27,6.7350,6.7350,6.7350,8.4188,8.4188,4.000000,4.000000,4.000000,5.000000,5.000000,96.000000,96.000000,96.000000,95.000000,95.000000,5.0,37.0428,33.9321,131.3334,134.4441,PENDING_AG03,FALSE,NOT_FOR_ENFORCEMENT,161.6412,9774.0434,168.3762,161.6412,6.7350,0.01528096,0.01466972,6.7350,161.6412,0.01466972,6.7350,6.7350,6.7350,8.4188,8.4188,161.6412,0.01466972,37.0428,33.9321,131.3334,134.4441,0.01191915,0.01220145,0.00061124,53.2304,49.1850,0.8134,28.0627,1.7539,1836.4493,34.5000,,53.2304,26.176,26.176,52.3519,104.7038,157.0557,347.879,26.176,0.0,6.0,13.290022,2.033561,28,43,5,2,0E-8,0.01528096,,0E-8,0.000000,0.924002,0.000000,,2026-04-09,2026-05-04,6,96,71,26,0.230769,,,0.000000,,,,,,,,GLOBAL_BASELINE_NO_ENTITY_RANKING,,,NOT_APPLICABLE_GLOBAL_BASELINE,HF9g-P5,,,,X 全窗基线 · 不参与实体赏罚,6874165,688,A168_HF9F_20260827_0900,2026-08-27 09:00:00
2026-04-10,148403215,1323,0,78.5278643039,-78.5278643039,-78.5278643039,0E-7,2,2,0.49994810000000000,0.499948100000,-1.4140667746232096,-1.4140667746232096,-1.4140667746232096,0E-17,ELIGIBLE,R03b_20260811_FULL_v1,L1_ELIGIBILITY,v2026-08-11,2026-03-21..2026-08-06,baccarat_bet02_101_all_pairs_incl_sentinel,round_win = game_pnl > 0 (decisive only),COMPATIBILITY_ONLY_NOT_PRODUCTION,11018.6956,10181.2952,168.3762,207,207,-0.01528096,,-0.01528096,-0.01528096,-168.3762,11018.6956,OK,0.0000,6.7350,4.0000,96.0000,AG03-UNRESOLVED,ALL5_LEVELS_bet23_to_bet27,6.7350,6.7350,6.7350,8.4188,8.4188,4.000000,4.000000,4.000000,5.000000,5.000000,96.000000,96.000000,96.000000,95.000000,95.000000,5.0,37.0428,33.9321,131.3334,134.4441,PENDING_AG03,FALSE,NOT_FOR_ENFORCEMENT,161.6412,9774.0434,168.3762,161.6412,6.7350,0.01528096,0.01466972,6.7350,161.6412,0.01466972,6.7350,6.7350,6.7350,8.4188,8.4188,161.6412,0.01466972,37.0428,33.9321,131.3334,134.4441,0.01191915,0.01220145,0.00061124,53.2304,49.1850,0.8134,28.0627,1.7539,1836.4493,34.5000,,53.2304,26.176,26.176,52.3519,104.7038,157.0557,347.879,26.176,0.0,6.0,13.290022,2.033561,28,43,5,2,0E-8,0.01528096,,0E-8,0.000000,0.924002,0.000000,,2026-04-09,2026-05-04,6,96,71,26,0.230769,,,0.000000,,,,,,,,GLOBAL_BASELINE_NO_ENTITY_RANKING,,,NOT_APPLICABLE_GLOBAL_BASELINE,HF9g-P5,,,,X 全窗基线 · 不参与实体赏罚,6874166,688,A168_HF9F_20260827_0900,2026-08-27 09:00:00
2026-04-10,148403215,1363,0,26.1759547680,26.1759547680,26.1759547680,1.0000000,1,1,0.49324550000000000,0.493245500000,1.01360149184955,1.01360149184955,1.01360149184955,0E-17,ELIGIBLE,R03b_20260811_FULL_v1,L1_ELIGIBILITY,v2026-08-11,2026-03-21..2026-08-06,baccarat_bet02_101_all_pairs_incl_sentinel,round_win = game_pnl > 0 (decisive only),COMPATIBILITY_ONLY_NOT_PRODUCTION,11018.6956,10181.2952,168.3762,207,207,-0.01528096,,-0.01528096,-0.01528096,-168.3762,11018.6956,OK,0.0000,6.7350,4.0000,96.0000,AG03-UNRESOLVED,ALL5_LEVELS_bet23_to_bet27,6.7350,6.7350,6.7350,8.4188,8.4188,4.000000,4.000000,4.000000,5.000000,5.000000,96.000000,96.000000,96.000000,95.000000,95.000000,5.0,37.0428,33.9321,131.3334,134.4441,PENDING_AG03,FALSE,NOT_FOR_ENFORCEMENT,161.6412,9774.0434,168.3762,161.6412,6.7350,0.01528096,0.01466972,6.7350,161.6412,0.01466972,6.7350,6.7350,6.7350,8.4188,8.4188,161.6412,0.01466972,37.0428,33.9321,131.3334,134.4441,0.01191915,0.01220145,0.00061124,53.2304,49.1850,0.8134,28.0627,1.7539,1836.4493,34.5000,,53.2304,26.176,26.176,52.3519,104.7038,157.0557,347.879,26.176,0.0,6.0,13.290022,2.033561,28,43,5,2,0E-8,0.01528096,,0E-8,0.000000,0.924002,0.000000,,2026-04-09,2026-05-04,6,96,71,26,0.230769,,,0.000000,,,,,,,,GLOBAL_BASELINE_NO_ENTITY_RANKING,,,NOT_APPLICABLE_GLOBAL_BASELINE,HF9g-P5,,,,X 全窗基线 · 不参与实体赏罚,6874167,688,A168_HF9F_20260827_0900,2026-08-27 09:00:00
2026-04-10,148403215,1509,0,39.2639321520,38.6095332828,38.6095332828,1.0000000,2,2,0.49994810000000000,0.499948100000,1.4143603653603398,1.4143603653603398,1.4143603653603398,0E-17,ELIGIBLE,R03b_20260811_FULL_v1,L1_ELIGIBILITY,v2026-08-11,2026-03-21..2026-08-06,baccarat_bet02_101_all_pairs_incl_sentinel,round_win = game_pnl > 0 (decisive only),COMPATIBILITY_ONLY_NOT_PRODUCTION,11018.6956,10181.2952,168.3762,207,207,-0.01528096,,-0.01528096,-0.01528096,-168.3762,11018.6956,OK,0.0000,6.7350,4.0000,96.0000,AG03-UNRESOLVED,ALL5_LEVELS_bet23_to_bet27,6.7350,6.7350,6.7350,8.4188,8.4188,4.000000,4.000000,4.000000,5.000000,5.000000,96.000000,96.000000,96.000000,95.000000,95.000000,5.0,37.0428,33.9321,131.3334,134.4441,PENDING_AG03,FALSE,NOT_FOR_ENFORCEMENT,161.6412,9774.0434,168.3762,161.6412,6.7350,0.01528096,0.01466972,6.7350,161.6412,0.01466972,6.7350,6.7350,6.7350,8.4188,8.4188,161.6412,0.01466972,37.0428,33.9321,131.3334,134.4441,0.01191915,0.01220145,0.00061124,53.2304,49.1850,0.8134,28.0627,1.7539,1836.4493,34.5000,,53.2304,26.176,26.176,52.3519,104.7038,157.0557,347.879,26.176,0.0,6.0,13.290022,2.033561,28,43,5,2,0E-8,0.01528096,,0E-8,0.000000,0.924002,0.000000,,2026-04-09,2026-05-04,6,96,71,26,0.230769,,,0.000000,,,,,,,,GLOBAL_BASELINE_NO_ENTITY_RANKING,,,NOT_APPLICABLE_GLOBAL_BASELINE,HF9g-P5,,,,X 全窗基线 · 不参与实体赏罚,6874168,688,A168_HF9F_20260827_0900,2026-08-27 09:00:00
2026-04-10,148403215,1710,0,248.6715702956,13.0879773839,13.0879773839,0.2500000,5,5,0.50128862000000000,0.501288620000,-1.0051578182180947,-1.0051578182180947,-1.0051578182180947,0E-17,ELIGIBLE,R03b_20260811_FULL_v1,L1_ELIGIBILITY,v2026-08-11,2026-03-21..2026-08-06,baccarat_bet02_101_all_pairs_incl_sentinel,round_win = game_pnl > 0 (decisive only),COMPATIBILITY_ONLY_NOT_PRODUCTION,11018.6956,10181.2952,168.3762,207,207,-0.01528096,,-0.01528096,-0.01528096,-168.3762,11018.6956,OK,0.0000,6.7350,4.0000,96.0000,AG03-UNRESOLVED,ALL5_LEVELS_bet23_to_bet27,6.7350,6.7350,6.7350,8.4188,8.4188,4.000000,4.000000,4.000000,5.000000,5.000000,96.000000,96.000000,96.000000,95.000000,95.000000,5.0,37.0428,33.9321,131.3334,134.4441,PENDING_AG03,FALSE,NOT_FOR_ENFORCEMENT,161.6412,9774.0434,168.3762,161.6412,6.7350,0.01528096,0.01466972,6.7350,161.6412,0.01466972,6.7350,6.7350,6.7350,8.4188,8.4188,161.6412,0.01466972,37.0428,33.9321,131.3334,134.4441,0.01191915,0.01220145,0.00061124,53.2304,49.1850,0.8134,28.0627,1.7539,1836.4493,34.5000,,53.2304,26.176,26.176,52.3519,104.7038,157.0557,347.879,26.176,0.0,6.0,13.290022,2.033561,28,43,5,2,0E-8,0.01528096,,0E-8,0.000000,0.924002,0.000000,,2026-04-09,2026-05-04,6,96,71,26,0.230769,,,0.000000,,,,,,,,GLOBAL_BASELINE_NO_ENTITY_RANKING,,,NOT_APPLICABLE_GLOBAL_BASELINE,HF9g-P5,,,,X 全窗基线 · 不参与实体赏罚,6874169,688,A168_HF9F_20260827_0900,2026-08-27 09:00:00
2026-04-10,148403215,2108,0,26.1759547680,26.1759547680,26.1759547680,1.0000000,1,1,0.49324550000000000,0.493245500000,1.01360149184955,1.01360149184955,1.01360149184955,0E-17,ELIGIBLE,R03b_20260811_FULL_v1,L1_ELIGIBILITY,v2026-08-11,2026-03-21..2026-08-06,baccarat_bet02_101_all_pairs_incl_sentinel,round_win = game_pnl > 0 (decisive only),COMPATIBILITY_ONLY_NOT_PRODUCTION,11018.6956,10181.2952,168.3762,207,207,-0.01528096,,-0.01528096,-0.01528096,-168.3762,11018.6956,OK,0.0000,6.7350,4.0000,96.0000,AG03-UNRESOLVED,ALL5_LEVELS_bet23_to_bet27,6.7350,6.7350,6.7350,8.4188,8.4188,4.000000,4.000000,4.000000,5.000000,5.000000,96.000000,96.000000,96.000000,95.000000,95.000000,5.0,37.0428,33.9321,131.3334,134.4441,PENDING_AG03,FALSE,NOT_FOR_ENFORCEMENT,161.6412,9774.0434,168.3762,161.6412,6.7350,0.01528096,0.01466972,6.7350,161.6412,0.01466972,6.7350,6.7350,6.7350,8.4188,8.4188,161.6412,0.01466972,37.0428,33.9321,131.3334,134.4441,0.01191915,0.01220145,0.00061124,53.2304,49.1850,0.8134,28.0627,1.7539,1836.4493,34.5000,,53.2304,26.176,26.176,52.3519,104.7038,157.0557,347.879,26.176,0.0,6.0,13.290022,2.033561,28,43,5,2,0E-8,0.01528096,,0E-8,0.000000,0.924002,0.000000,,2026-04-09,2026-05-04,6,96,71,26,0.230769,,,0.000000,,,,,,,,GLOBAL_BASELINE_NO_ENTITY_RANKING,,,NOT_APPLICABLE_GLOBAL_BASELINE,HF9g-P5,,,,X 全窗基线 · 不参与实体赏罚,6874170,688,A168_HF9F_20260827_0900,2026-08-27 09:00:00
2026-04-10,148403215,2145,0,26.1759547680,24.8671570296,24.8671570296,1.0000000,1,1,0.50665070000000000,0.506650700000,0.9867858985152569,0.9867858985152569,0.9867858985152569,0E-17,ELIGIBLE,R03b_20260811_FULL_v1,L1_ELIGIBILITY,v2026-08-11,2026-03-21..2026-08-06,baccarat_bet02_101_all_pairs_incl_sentinel,round_win = game_pnl > 0 (decisive only),COMPATIBILITY_ONLY_NOT_PRODUCTION,11018.6956,10181.2952,168.3762,207,207,-0.01528096,,-0.01528096,-0.01528096,-168.3762,11018.6956,OK,0.0000,6.7350,4.0000,96.0000,AG03-UNRESOLVED,ALL5_LEVELS_bet23_to_bet27,6.7350,6.7350,6.7350,8.4188,8.4188,4.000000,4.000000,4.000000,5.000000,5.000000,96.000000,96.000000,96.000000,95.000000,95.000000,5.0,37.0428,33.9321,131.3334,134.4441,PENDING_AG03,FALSE,NOT_FOR_ENFORCEMENT,161.6412,9774.0434,168.3762,161.6412,6.7350,0.01528096,0.01466972,6.7350,161.6412,0.01466972,6.7350,6.7350,6.7350,8.4188,8.4188,161.6412,0.01466972,37.0428,33.9321,131.3334,134.4441,0.01191915,0.01220145,0.00061124,53.2304,49.1850,0.8134,28.0627,1.7539,1836.4493,34.5000,,53.2304,26.176,26.176,52.3519,104.7038,157.0557,347.879,26.176,0.0,6.0,13.290022,2.033561,28,43,5,2,0E-8,0.01528096,,0E-8,0.000000,0.924002,0.000000,,2026-04-09,2026-05-04,6,96,71,26,0.230769,,,0.000000,,,,,,,,GLOBAL_BASELINE_NO_ENTITY_RANKING,,,NOT_APPLICABLE_GLOBAL_BASELINE,HF9g-P5,,,,X 全窗基线 · 不参与实体赏罚,6874171,688,A168_HF9F_20260827_0900,2026-08-27 09:00:00
2026-04-10,148403215,2169,0,13.0879773840,12.4335785148,12.4335785148,1.0000000,1,1,0.50665070000000000,0.506650700000,0.9867858985152569,0.9867858985152569,0.9867858985152569,0E-17,ELIGIBLE,R03b_20260811_FULL_v1,L1_ELIGIBILITY,v2026-08-11,2026-03-21..2026-08-06,baccarat_bet02_101_all_pairs_incl_sentinel,round_win = game_pnl > 0 (decisive only),COMPATIBILITY_ONLY_NOT_PRODUCTION,11018.6956,10181.2952,168.3762,207,207,-0.01528096,,-0.01528096,-0.01528096,-168.3762,11018.6956,OK,0.0000,6.7350,4.0000,96.0000,AG03-UNRESOLVED,ALL5_LEVELS_bet23_to_bet27,6.7350,6.7350,6.7350,8.4188,8.4188,4.000000,4.000000,4.000000,5.000000,5.000000,96.000000,96.000000,96.000000,95.000000,95.000000,5.0,37.0428,33.9321,131.3334,134.4441,PENDING_AG03,FALSE,NOT_FOR_ENFORCEMENT,161.6412,9774.0434,168.3762,161.6412,6.7350,0.01528096,0.01466972,6.7350,161.6412,0.01466972,6.7350,6.7350,6.7350,8.4188,8.4188,161.6412,0.01466972,37.0428,33.9321,131.3334,134.4441,0.01191915,0.01220145,0.00061124,53.2304,49.1850,0.8134,28.0627,1.7539,1836.4493,34.5000,,53.2304,26.176,26.176,52.3519,104.7038,157.0557,347.879,26.176,0.0,6.0,13.290022,2.033561,28,43,5,2,0E-8,0.01528096,,0E-8,0.000000,0.924002,0.000000,,2026-04-09,2026-05-04,6,96,71,26,0.230769,,,0.000000,,,,,,,,GLOBAL_BASELINE_NO_ENTITY_RANKING,,,NOT_APPLICABLE_GLOBAL_BASELINE,HF9g-P5,,,,X 全窗基线 · 不参与实体赏罚,6874172,688,A168_HF9F_20260827_0900,2026-08-27 09:00:00
2026-04-10,148403215,2188,0,26.1759547680,24.8671570296,24.8671570296,1.0000000,1,1,0.50665070000000000,0.506650700000,0.9867858985152569,0.9867858985152569,0.9867858985152569,0E-17,ELIGIBLE,R03b_20260811_FULL_v1,L1_ELIGIBILITY,v2026-08-11,2026-03-21..2026-08-06,baccarat_bet02_101_all_pairs_incl_sentinel,round_win = game_pnl > 0 (decisive only),COMPATIBILITY_ONLY_NOT_PRODUCTION,11018.6956,10181.2952,168.3762,207,207,-0.01528096,,-0.01528096,-0.01528096,-168.3762,11018.6956,OK,0.0000,6.7350,4.0000,96.0000,AG03-UNRESOLVED,ALL5_LEVELS_bet23_to_bet27,6.7350,6.7350,6.7350,8.4188,8.4188,4.000000,4.000000,4.000000,5.000000,5.000000,96.000000,96.000000,96.000000,95.000000,95.000000,5.0,37.0428,33.9321,131.3334,134.4441,PENDING_AG03,FALSE,NOT_FOR_ENFORCEMENT,161.6412,9774.0434,168.3762,161.6412,6.7350,0.01528096,0.01466972,6.7350,161.6412,0.01466972,6.7350,6.7350,6.7350,8.4188,8.4188,161.6412,0.01466972,37.0428,33.9321,131.3334,134.4441,0.01191915,0.01220145,0.00061124,53.2304,49.1850,0.8134,28.0627,1.7539,1836.4493,34.5000,,53.2304,26.176,26.176,52.3519,104.7038,157.0557,347.879,26.176,0.0,6.0,13.290022,2.033561,28,43,5,2,0E-8,0.01528096,,0E-8,0.000000,0.924002,0.000000,,2026-04-09,2026-05-04,6,96,71,26,0.230769,,,0.000000,,,,,,,,GLOBAL_BASELINE_NO_ENTITY_RANKING,,,NOT_APPLICABLE_GLOBAL_BASELINE,HF9g-P5,,,,X 全窗基线 · 不参与实体赏罚,6874173,688,A168_HF9F_20260827_0900,2026-08-27 09:00:00
2026-04-10,148403215,2216,0,52.3519095360,49.7343140592,49.7343140592,1.0000000,3,3,0.50665070000000000,0.506650700000,1.7091633124209307,1.7091633124209307,1.7091633124209307,0E-17,ELIGIBLE,R03b_20260811_FULL_v1,L1_ELIGIBILITY,v2026-08-11,2026-03-21..2026-08-06,baccarat_bet02_101_all_pairs_incl_sentinel,round_win = game_pnl > 0 (decisive only),COMPATIBILITY_ONLY_NOT_PRODUCTION,11018.6956,10181.2952,168.3762,207,207,-0.01528096,,-0.01528096,-0.01528096,-168.3762,11018.6956,OK,0.0000,6.7350,4.0000,96.0000,AG03-UNRESOLVED,ALL5_LEVELS_bet23_to_bet27,6.7350,6.7350,6.7350,8.4188,8.4188,4.000000,4.000000,4.000000,5.000000,5.000000,96.000000,96.000000,96.000000,95.000000,95.000000,5.0,37.0428,33.9321,131.3334,134.4441,PENDING_AG03,FALSE,NOT_FOR_ENFORCEMENT,161.6412,9774.0434,168.3762,161.6412,6.7350,0.01528096,0.01466972,6.7350,161.6412,0.01466972,6.7350,6.7350,6.7350,8.4188,8.4188,161.6412,0.01466972,37.0428,33.9321,131.3334,134.4441,0.01191915,0.01220145,0.00061124,53.2304,49.1850,0.8134,28.0627,1.7539,1836.4493,34.5000,,53.2304,26.176,26.176,52.3519,104.7038,157.0557,347.879,26.176,0.0,6.0,13.290022,2.033561,28,43,5,2,0E-8,0.01528096,,0E-8,0.000000,0.924002,0.000000,,2026-04-09,2026-05-04,6,96,71,26,0.230769,,,0.000000,,,,,,,,GLOBAL_BASELINE_NO_ENTITY_RANKING,,,NOT_APPLICABLE_GLOBAL_BASELINE,HF9g-P5,,,,X 全窗基线 · 不参与实体赏罚,6874174,688,A168_HF9F_20260827_0900,2026-08-27 09:00:00
2026-04-10,148403215,2246,0,26.1759547680,24.8671570296,24.8671570296,1.0000000,1,1,0.50665070000000000,0.506650700000,0.9867858985152569,0.9867858985152569,0.9867858985152569,0E-17,ELIGIBLE,R03b_20260811_FULL_v1,L1_ELIGIBILITY,v2026-08-11,2026-03-21..2026-08-06,baccarat_bet02_101_all_pairs_incl_sentinel,round_win = game_pnl > 0 (decisive only),COMPATIBILITY_ONLY_NOT_PRODUCTION,11018.6956,10181.2952,168.3762,207,207,-0.01528096,,-0.01528096,-0.01528096,-168.3762,11018.6956,OK,0.0000,6.7350,4.0000,96.0000,AG03-UNRESOLVED,ALL5_LEVELS_bet23_to_bet27,6.7350,6.7350,6.7350,8.4188,8.4188,4.000000,4.000000,4.000000,5.000000,5.000000,96.000000,96.000000,96.000000,95.000000,95.000000,5.0,37.0428,33.9321,131.3334,134.4441,PENDING_AG03,FALSE,NOT_FOR_ENFORCEMENT,161.6412,9774.0434,168.3762,161.6412,6.7350,0.01528096,0.01466972,6.7350,161.6412,0.01466972,6.7350,6.7350,6.7350,8.4188,8.4188,161.6412,0.01466972,37.0428,33.9321,131.3334,134.4441,0.01191915,0.01220145,0.00061124,53.2304,49.1850,0.8134,28.0627,1.7539,1836.4493,34.5000,,53.2304,26.176,26.176,52.3519,104.7038,157.0557,347.879,26.176,0.0,6.0,13.290022,2.033561,28,43,5,2,0E-8,0.01528096,,0E-8,0.000000,0.924002,0.000000,,2026-04-09,2026-05-04,6,96,71,26,0.230769,,,0.000000,,,,,,,,GLOBAL_BASELINE_NO_ENTITY_RANKING,,,NOT_APPLICABLE_GLOBAL_BASELINE,HF9g-P5,,,,X 全窗基线 · 不参与实体赏罚,6874175,688,A168_HF9F_20260827_0900,2026-08-27 09:00:00
2026-04-10,148403215,2248,0,39.2639321519,39.2639321519,39.2639321519,1.0000000,1,1,0.49324550000000000,0.493245500000,1.01360149184955,1.01360149184955,1.01360149184955,0E-17,ELIGIBLE,R03b_20260811_FULL_v1,L1_ELIGIBILITY,v2026-08-11,2026-03-21..2026-08-06,baccarat_bet02_101_all_pairs_incl_sentinel,round_win = game_pnl > 0 (decisive only),COMPATIBILITY_ONLY_NOT_PRODUCTION,11018.6956,10181.2952,168.3762,207,207,-0.01528096,,-0.01528096,-0.01528096,-168.3762,11018.6956,OK,0.0000,6.7350,4.0000,96.0000,AG03-UNRESOLVED,ALL5_LEVELS_bet23_to_bet27,6.7350,6.7350,6.7350,8.4188,8.4188,4.000000,4.000000,4.000000,5.000000,5.000000,96.000000,96.000000,96.000000,95.000000,95.000000,5.0,37.0428,33.9321,131.3334,134.4441,PENDING_AG03,FALSE,NOT_FOR_ENFORCEMENT,161.6412,9774.0434,168.3762,161.6412,6.7350,0.01528096,0.01466972,6.7350,161.6412,0.01466972,6.7350,6.7350,6.7350,8.4188,8.4188,161.6412,0.01466972,37.0428,33.9321,131.3334,134.4441,0.01191915,0.01220145,0.00061124,53.2304,49.1850,0.8134,28.0627,1.7539,1836.4493,34.5000,,53.2304,26.176,26.176,52.3519,104.7038,157.0557,347.879,26.176,0.0,6.0,13.290022,2.033561,28,43,5,2,0E-8,0.01528096,,0E-8,0.000000,0.924002,0.000000,,2026-04-09,2026-05-04,6,96,71,26,0.230769,,,0.000000,,,,,,,,GLOBAL_BASELINE_NO_ENTITY_RANKING,,,NOT_APPLICABLE_GLOBAL_BASELINE,HF9g-P5,,,,X 全窗基线 · 不参与实体赏罚,6874176,688,A168_HF9F_20260827_0900,2026-08-27 09:00:00
2026-04-10,148403215,471,0,26.1759547680,12.4335785148,12.4335785148,1.0000000,2,2,0.50665070000000000,0.506650700000,0.9867858985152569,0.9867858985152569,0.9867858985152569,0E-17,ELIGIBLE,R03b_20260811_FULL_v1,L1_ELIGIBILITY,v2026-08-11,2026-03-21..2026-08-06,baccarat_bet02_101_all_pairs_incl_sentinel,round_win = game_pnl > 0 (decisive only),COMPATIBILITY_ONLY_NOT_PRODUCTION,11018.6956,10181.2952,168.3762,207,207,-0.01528096,,-0.01528096,-0.01528096,-168.3762,11018.6956,OK,0.0000,6.7350,4.0000,96.0000,AG03-UNRESOLVED,ALL5_LEVELS_bet23_to_bet27,6.7350,6.7350,6.7350,8.4188,8.4188,4.000000,4.000000,4.000000,5.000000,5.000000,96.000000,96.000000,96.000000,95.000000,95.000000,5.0,37.0428,33.9321,131.3334,134.4441,PENDING_AG03,FALSE,NOT_FOR_ENFORCEMENT,161.6412,9774.0434,168.3762,161.6412,6.7350,0.01528096,0.01466972,6.7350,161.6412,0.01466972,6.7350,6.7350,6.7350,8.4188,8.4188,161.6412,0.01466972,37.0428,33.9321,131.3334,134.4441,0.01191915,0.01220145,0.00061124,53.2304,49.1850,0.8134,28.0627,1.7539,1836.4493,34.5000,,53.2304,26.176,26.176,52.3519,104.7038,157.0557,347.879,26.176,0.0,6.0,13.290022,2.033561,28,43,5,2,0E-8,0.01528096,,0E-8,0.000000,0.924002,0.000000,,2026-04-09,2026-05-04,6,96,71,26,0.230769,,,0.000000,,,,,,,,GLOBAL_BASELINE_NO_ENTITY_RANKING,,,NOT_APPLICABLE_GLOBAL_BASELINE,HF9g-P5,,,,X 全窗基线 · 不参与实体赏罚,6874177,688,A168_HF9F_20260827_0900,2026-08-27 09:00:00
2026-04-10,148403215,529,0,13.0879773840,13.0879773840,13.0879773840,1.0000000,1,1,0.49324550000000000,0.493245500000,1.01360149184955,1.01360149184955,1.01360149184955,0E-17,ELIGIBLE,R03b_20260811_FULL_v1,L1_ELIGIBILITY,v2026-08-11,2026-03-21..2026-08-06,baccarat_bet02_101_all_pairs_incl_sentinel,round_win = game_pnl > 0 (decisive only),COMPATIBILITY_ONLY_NOT_PRODUCTION,11018.6956,10181.2952,168.3762,207,207,-0.01528096,,-0.01528096,-0.01528096,-168.3762,11018.6956,OK,0.0000,6.7350,4.0000,96.0000,AG03-UNRESOLVED,ALL5_LEVELS_bet23_to_bet27,6.7350,6.7350,6.7350,8.4188,8.4188,4.000000,4.000000,4.000000,5.000000,5.000000,96.000000,96.000000,96.000000,95.000000,95.000000,5.0,37.0428,33.9321,131.3334,134.4441,PENDING_AG03,FALSE,NOT_FOR_ENFORCEMENT,161.6412,9774.0434,168.3762,161.6412,6.7350,0.01528096,0.01466972,6.7350,161.6412,0.01466972,6.7350,6.7350,6.7350,8.4188,8.4188,161.6412,0.01466972,37.0428,33.9321,131.3334,134.4441,0.01191915,0.01220145,0.00061124,53.2304,49.1850,0.8134,28.0627,1.7539,1836.4493,34.5000,,53.2304,26.176,26.176,52.3519,104.7038,157.0557,347.879,26.176,0.0,6.0,13.290022,2.033561,28,43,5,2,0E-8,0.01528096,,0E-8,0.000000,0.924002,0.000000,,2026-04-09,2026-05-04,6,96,71,26,0.230769,,,0.000000,,,,,,,,GLOBAL_BASELINE_NO_ENTITY_RANKING,,,NOT_APPLICABLE_GLOBAL_BASELINE,HF9g-P5,,,,X 全窗基线 · 不参与实体赏罚,6874178,688,A168_HF9F_20260827_0900,2026-08-27 09:00:00
2026-04-10,148403215,772,0,301.0234798315,5.2351909535,5.2351909535,0.2500000,4,4,0.49994810000000000,0.499948100000,-0.9997924053861017,-0.9997924053861017,-0.9997924053861017,0E-17,ELIGIBLE,R03b_20260811_FULL_v1,L1_ELIGIBILITY,v2026-08-11,2026-03-21..2026-08-06,baccarat_bet02_101_all_pairs_incl_sentinel,round_win = game_pnl > 0 (decisive only),COMPATIBILITY_ONLY_NOT_PRODUCTION,11018.6956,10181.2952,168.3762,207,207,-0.01528096,,-0.01528096,-0.01528096,-168.3762,11018.6956,OK,0.0000,6.7350,4.0000,96.0000,AG03-UNRESOLVED,ALL5_LEVELS_bet23_to_bet27,6.7350,6.7350,6.7350,8.4188,8.4188,4.000000,4.000000,4.000000,5.000000,5.000000,96.000000,96.000000,96.000000,95.000000,95.000000,5.0,37.0428,33.9321,131.3334,134.4441,PENDING_AG03,FALSE,NOT_FOR_ENFORCEMENT,161.6412,9774.0434,168.3762,161.6412,6.7350,0.01528096,0.01466972,6.7350,161.6412,0.01466972,6.7350,6.7350,6.7350,8.4188,8.4188,161.6412,0.01466972,37.0428,33.9321,131.3334,134.4441,0.01191915,0.01220145,0.00061124,53.2304,49.1850,0.8134,28.0627,1.7539,1836.4493,34.5000,,53.2304,26.176,26.176,52.3519,104.7038,157.0557,347.879,26.176,0.0,6.0,13.290022,2.033561,28,43,5,2,0E-8,0.01528096,,0E-8,0.000000,0.924002,0.000000,,2026-04-09,2026-05-04,6,96,71,26,0.230769,,,0.000000,,,,,,,,GLOBAL_BASELINE_NO_ENTITY_RANKING,,,NOT_APPLICABLE_GLOBAL_BASELINE,HF9g-P5,,,,X 全窗基线 · 不参与实体赏罚,6874179,688,A168_HF9F_20260827_0900,2026-08-27 09:00:00
2026-04-10,148403215,970,0,13.0879773840,12.4335785148,12.4335785148,1.0000000,1,1,0.50665070000000000,0.506650700000,0.9867858985152569,0.9867858985152569,0.9867858985152569,0E-17,ELIGIBLE,R03b_20260811_FULL_v1,L1_ELIGIBILITY,v2026-08-11,2026-03-21..2026-08-06,baccarat_bet02_101_all_pairs_incl_sentinel,round_win = game_pnl > 0 (decisive only),COMPATIBILITY_ONLY_NOT_PRODUCTION,11018.6956,10181.2952,168.3762,207,207,-0.01528096,,-0.01528096,-0.01528096,-168.3762,11018.6956,OK,0.0000,6.7350,4.0000,96.0000,AG03-UNRESOLVED,ALL5_LEVELS_bet23_to_bet27,6.7350,6.7350,6.7350,8.4188,8.4188,4.000000,4.000000,4.000000,5.000000,5.000000,96.000000,96.000000,96.000000,95.000000,95.000000,5.0,37.0428,33.9321,131.3334,134.4441,PENDING_AG03,FALSE,NOT_FOR_ENFORCEMENT,161.6412,9774.0434,168.3762,161.6412,6.7350,0.01528096,0.01466972,6.7350,161.6412,0.01466972,6.7350,6.7350,6.7350,8.4188,8.4188,161.6412,0.01466972,37.0428,33.9321,131.3334,134.4441,0.01191915,0.01220145,0.00061124,53.2304,49.1850,0.8134,28.0627,1.7539,1836.4493,34.5000,,53.2304,26.176,26.176,52.3519,104.7038,157.0557,347.879,26.176,0.0,6.0,13.290022,2.033561,28,43,5,2,0E-8,0.01528096,,0E-8,0.000000,0.924002,0.000000,,2026-04-09,2026-05-04,6,96,71,26,0.230769,,,0.000000,,,,,,,,GLOBAL_BASELINE_NO_ENTITY_RANKING,,,NOT_APPLICABLE_GLOBAL_BASELINE,HF9g-P5,,,,X 全窗基线 · 不参与实体赏罚,6874180,688,A168_HF9F_20260827_0900,2026-08-27 09:00:00
2026-04-10,148403215,986,0,26.1759547680,26.1759547680,26.1759547680,1.0000000,1,1,0.49324550000000000,0.493245500000,1.01360149184955,1.01360149184955,1.01360149184955,0E-17,ELIGIBLE,R03b_20260811_FULL_v1,L1_ELIGIBILITY,v2026-08-11,2026-03-21..2026-08-06,baccarat_bet02_101_all_pairs_incl_sentinel,round_win = game_pnl > 0 (decisive only),COMPATIBILITY_ONLY_NOT_PRODUCTION,11018.6956,10181.2952,168.3762,207,207,-0.01528096,,-0.01528096,-0.01528096,-168.3762,11018.6956,OK,0.0000,6.7350,4.0000,96.0000,AG03-UNRESOLVED,ALL5_LEVELS_bet23_to_bet27,6.7350,6.7350,6.7350,8.4188,8.4188,4.000000,4.000000,4.000000,5.000000,5.000000,96.000000,96.000000,96.000000,95.000000,95.000000,5.0,37.0428,33.9321,131.3334,134.4441,PENDING_AG03,FALSE,NOT_FOR_ENFORCEMENT,161.6412,9774.0434,168.3762,161.6412,6.7350,0.01528096,0.01466972,6.7350,161.6412,0.01466972,6.7350,6.7350,6.7350,8.4188,8.4188,161.6412,0.01466972,37.0428,33.9321,131.3334,134.4441,0.01191915,0.01220145,0.00061124,53.2304,49.1850,0.8134,28.0627,1.7539,1836.4493,34.5000,,53.2304,26.176,26.176,52.3519,104.7038,157.0557,347.879,26.176,0.0,6.0,13.290022,2.033561,28,43,5,2,0E-8,0.01528096,,0E-8,0.000000,0.924002,0.000000,,2026-04-09,2026-05-04,6,96,71,26,0.230769,,,0.000000,,,,,,,,GLOBAL_BASELINE_NO_ENTITY_RANKING,,,NOT_APPLICABLE_GLOBAL_BASELINE,HF9g-P5,,,,X 全窗基线 · 不参与实体赏罚,6874181,688,A168_HF9F_20260827_0900,2026-08-27 09:00:00
2026-04-11,148403215,-1,1,876.8944847269,59.5502970971,59.5502970971,0.5789474,20,20,0.49927784000000000,0.499277840000,0.6945435709640697,0.6945435709640697,0.6945435709640697,0E-17,SENTINEL_DEALER,R03b_20260811_FULL_v1,L1_ELIGIBILITY,v2026-08-11,2026-03-21..2026-08-06,baccarat_bet02_101_all_pairs_incl_sentinel,round_win = game_pnl > 0 (decisive only),COMPATIBILITY_ONLY_NOT_PRODUCTION,11018.6956,10181.2952,168.3762,207,207,-0.01528096,,-0.01528096,-0.01528096,-168.3762,11018.6956,OK,0.0000,6.7350,4.0000,96.0000,AG03-UNRESOLVED,ALL5_LEVELS_bet23_to_bet27,6.7350,6.7350,6.7350,8.4188,8.4188,4.000000,4.000000,4.000000,5.000000,5.000000,96.000000,96.000000,96.000000,95.000000,95.000000,5.0,37.0428,33.9321,131.3334,134.4441,PENDING_AG03,FALSE,NOT_FOR_ENFORCEMENT,161.6412,9774.0434,168.3762,161.6412,6.7350,0.01528096,0.01466972,6.7350,161.6412,0.01466972,6.7350,6.7350,6.7350,8.4188,8.4188,161.6412,0.01466972,37.0428,33.9321,131.3334,134.4441,0.01191915,0.01220145,0.00061124,53.2304,49.1850,0.8134,28.0627,1.7539,1836.4493,34.5000,,53.2304,26.176,26.176,52.3519,104.7038,157.0557,347.879,26.176,0.0,6.0,13.290022,2.033561,28,43,5,2,0E-8,0.01528096,,0E-8,0.000000,0.924002,0.000000,,2026-04-09,2026-05-04,6,96,71,26,0.230769,,,0.000000,,,,,,,,GLOBAL_BASELINE_NO_ENTITY_RANKING,,,NOT_APPLICABLE_GLOBAL_BASELINE,HF9g-P5,,,,X 全窗基线 · 不参与实体赏罚,6874182,688,A168_HF9F_20260827_0900,2026-08-27 09:00:00
2026-04-11,148403215,1115,0,26.1759547680,-26.1759547680,-26.1759547680,0E-7,1,1,0.49324550000000000,0.493245500000,-0.9865810262130424,-0.9865810262130424,-0.9865810262130424,0E-17,ELIGIBLE,R03b_20260811_FULL_v1,L1_ELIGIBILITY,v2026-08-11,2026-03-21..2026-08-06,baccarat_bet02_101_all_pairs_incl_sentinel,round_win = game_pnl > 0 (decisive only),COMPATIBILITY_ONLY_NOT_PRODUCTION,11018.6956,10181.2952,168.3762,207,207,-0.01528096,,-0.01528096,-0.01528096,-168.3762,11018.6956,OK,0.0000,6.7350,4.0000,96.0000,AG03-UNRESOLVED,ALL5_LEVELS_bet23_to_bet27,6.7350,6.7350,6.7350,8.4188,8.4188,4.000000,4.000000,4.000000,5.000000,5.000000,96.000000,96.000000,96.000000,95.000000,95.000000,5.0,37.0428,33.9321,131.3334,134.4441,PENDING_AG03,FALSE,NOT_FOR_ENFORCEMENT,161.6412,9774.0434,168.3762,161.6412,6.7350,0.01528096,0.01466972,6.7350,161.6412,0.01466972,6.7350,6.7350,6.7350,8.4188,8.4188,161.6412,0.01466972,37.0428,33.9321,131.3334,134.4441,0.01191915,0.01220145,0.00061124,53.2304,49.1850,0.8134,28.0627,1.7539,1836.4493,34.5000,,53.2304,26.176,26.176,52.3519,104.7038,157.0557,347.879,26.176,0.0,6.0,13.290022,2.033561,28,43,5,2,0E-8,0.01528096,,0E-8,0.000000,0.924002,0.000000,,2026-04-09,2026-05-04,6,96,71,26,0.230769,,,0.000000,,,,,,,,GLOBAL_BASELINE_NO_ENTITY_RANKING,,,NOT_APPLICABLE_GLOBAL_BASELINE,HF9g-P5,,,,X 全窗基线 · 不参与实体赏罚,6874183,688,A168_HF9F_20260827_0900,2026-08-27 09:00:00
2026-04-11,148403215,1323,0,91.6158416879,39.2639321519,39.2639321519,0.6666667,3,3,0.49324550000000000,0.493245500000,0.6008033672792107,0.6008033672792106,0.6008033672792107,0E-17,ELIGIBLE,R03b_20260811_FULL_v1,L1_ELIGIBILITY,v2026-08-11,2026-03-21..2026-08-06,baccarat_bet02_101_all_pairs_incl_sentinel,round_win = game_pnl > 0 (decisive only),COMPATIBILITY_ONLY_NOT_PRODUCTION,11018.6956,10181.2952,168.3762,207,207,-0.01528096,,-0.01528096,-0.01528096,-168.3762,11018.6956,OK,0.0000,6.7350,4.0000,96.0000,AG03-UNRESOLVED,ALL5_LEVELS_bet23_to_bet27,6.7350,6.7350,6.7350,8.4188,8.4188,4.000000,4.000000,4.000000,5.000000,5.000000,96.000000,96.000000,96.000000,95.000000,95.000000,5.0,37.0428,33.9321,131.3334,134.4441,PENDING_AG03,FALSE,NOT_FOR_ENFORCEMENT,161.6412,9774.0434,168.3762,161.6412,6.7350,0.01528096,0.01466972,6.7350,161.6412,0.01466972,6.7350,6.7350,6.7350,8.4188,8.4188,161.6412,0.01466972,37.0428,33.9321,131.3334,134.4441,0.01191915,0.01220145,0.00061124,53.2304,49.1850,0.8134,28.0627,1.7539,1836.4493,34.5000,,53.2304,26.176,26.176,52.3519,104.7038,157.0557,347.879,26.176,0.0,6.0,13.290022,2.033561,28,43,5,2,0E-8,0.01528096,,0E-8,0.000000,0.924002,0.000000,,2026-04-09,2026-05-04,6,96,71,26,0.230769,,,0.000000,,,,,,,,GLOBAL_BASELINE_NO_ENTITY_RANKING,,,NOT_APPLICABLE_GLOBAL_BASELINE,HF9g-P5,,,,X 全窗基线 · 不参与实体赏罚,6874184,688,A168_HF9F_20260827_0900,2026-08-27 09:00:00
2026-04-11,148403215,1330,0,26.1759547680,24.8671570296,24.8671570296,1.0000000,1,1,0.50665070000000000,0.506650700000,0.9867858985152569,0.9867858985152569,0.9867858985152569,0E-17,ELIGIBLE,R03b_20260811_FULL_v1,L1_ELIGIBILITY,v2026-08-11,2026-03-21..2026-08-06,baccarat_bet02_101_all_pairs_incl_sentinel,round_win = game_pnl > 0 (decisive only),COMPATIBILITY_ONLY_NOT_PRODUCTION,11018.6956,10181.2952,168.3762,207,207,-0.01528096,,-0.01528096,-0.01528096,-168.3762,11018.6956,OK,0.0000,6.7350,4.0000,96.0000,AG03-UNRESOLVED,ALL5_LEVELS_bet23_to_bet27,6.7350,6.7350,6.7350,8.4188,8.4188,4.000000,4.000000,4.000000,5.000000,5.000000,96.000000,96.000000,96.000000,95.000000,95.000000,5.0,37.0428,33.9321,131.3334,134.4441,PENDING_AG03,FALSE,NOT_FOR_ENFORCEMENT,161.6412,9774.0434,168.3762,161.6412,6.7350,0.01528096,0.01466972,6.7350,161.6412,0.01466972,6.7350,6.7350,6.7350,8.4188,8.4188,161.6412,0.01466972,37.0428,33.9321,131.3334,134.4441,0.01191915,0.01220145,0.00061124,53.2304,49.1850,0.8134,28.0627,1.7539,1836.4493,34.5000,,53.2304,26.176,26.176,52.3519,104.7038,157.0557,347.879,26.176,0.0,6.0,13.290022,2.033561,28,43,5,2,0E-8,0.01528096,,0E-8,0.000000,0.924002,0.000000,,2026-04-09,2026-05-04,6,96,71,26,0.230769,,,0.000000,,,,,,,,GLOBAL_BASELINE_NO_ENTITY_RANKING,,,NOT_APPLICABLE_GLOBAL_BASELINE,HF9g-P5,,,,X 全窗基线 · 不参与实体赏罚,6874185,688,A168_HF9F_20260827_0900,2026-08-27 09:00:00
2026-04-11,148403215,1405,0,26.1759547680,26.1759547680,26.1759547680,1.0000000,1,1,0.49324550000000000,0.493245500000,1.01360149184955,1.01360149184955,1.01360149184955,0E-17,ELIGIBLE,R03b_20260811_FULL_v1,L1_ELIGIBILITY,v2026-08-11,2026-03-21..2026-08-06,baccarat_bet02_101_all_pairs_incl_sentinel,round_win = game_pnl > 0 (decisive only),COMPATIBILITY_ONLY_NOT_PRODUCTION,11018.6956,10181.2952,168.3762,207,207,-0.01528096,,-0.01528096,-0.01528096,-168.3762,11018.6956,OK,0.0000,6.7350,4.0000,96.0000,AG03-UNRESOLVED,ALL5_LEVELS_bet23_to_bet27,6.7350,6.7350,6.7350,8.4188,8.4188,4.000000,4.000000,4.000000,5.000000,5.000000,96.000000,96.000000,96.000000,95.000000,95.000000,5.0,37.0428,33.9321,131.3334,134.4441,PENDING_AG03,FALSE,NOT_FOR_ENFORCEMENT,161.6412,9774.0434,168.3762,161.6412,6.7350,0.01528096,0.01466972,6.7350,161.6412,0.01466972,6.7350,6.7350,6.7350,8.4188,8.4188,161.6412,0.01466972,37.0428,33.9321,131.3334,134.4441,0.01191915,0.01220145,0.00061124,53.2304,49.1850,0.8134,28.0627,1.7539,1836.4493,34.5000,,53.2304,26.176,26.176,52.3519,104.7038,157.0557,347.879,26.176,0.0,6.0,13.290022,2.033561,28,43,5,2,0E-8,0.01528096,,0E-8,0.000000,0.924002,0.000000,,2026-04-09,2026-05-04,6,96,71,26,0.230769,,,0.000000,,,,,,,,GLOBAL_BASELINE_NO_ENTITY_RANKING,,,NOT_APPLICABLE_GLOBAL_BASELINE,HF9g-P5,,,,X 全窗基线 · 不参与实体赏罚,6874186,688,A168_HF9F_20260827_0900,2026-08-27 09:00:00
2026-04-11,148403215,1509,0,52.3519095359,52.3519095359,52.3519095359,1.0000000,1,1,0.49324550000000000,0.493245500000,1.01360149184955,1.01360149184955,1.01360149184955,0E-17,ELIGIBLE,R03b_20260811_FULL_v1,L1_ELIGIBILITY,v2026-08-11,2026-03-21..2026-08-06,baccarat_bet02_101_all_pairs_incl_sentinel,round_win = game_pnl > 0 (decisive only),COMPATIBILITY_ONLY_NOT_PRODUCTION,11018.6956,10181.2952,168.3762,207,207,-0.01528096,,-0.01528096,-0.01528096,-168.3762,11018.6956,OK,0.0000,6.7350,4.0000,96.0000,AG03-UNRESOLVED,ALL5_LEVELS_bet23_to_bet27,6.7350,6.7350,6.7350,8.4188,8.4188,4.000000,4.000000,4.000000,5.000000,5.000000,96.000000,96.000000,96.000000,95.000000,95.000000,5.0,37.0428,33.9321,131.3334,134.4441,PENDING_AG03,FALSE,NOT_FOR_ENFORCEMENT,161.6412,9774.0434,168.3762,161.6412,6.7350,0.01528096,0.01466972,6.7350,161.6412,0.01466972,6.7350,6.7350,6.7350,8.4188,8.4188,161.6412,0.01466972,37.0428,33.9321,131.3334,134.4441,0.01191915,0.01220145,0.00061124,53.2304,49.1850,0.8134,28.0627,1.7539,1836.4493,34.5000,,53.2304,26.176,26.176,52.3519,104.7038,157.0557,347.879,26.176,0.0,6.0,13.290022,2.033561,28,43,5,2,0E-8,0.01528096,,0E-8,0.000000,0.924002,0.000000,,2026-04-09,2026-05-04,6,96,71,26,0.230769,,,0.000000,,,,,,,,GLOBAL_BASELINE_NO_ENTITY_RANKING,,,NOT_APPLICABLE_GLOBAL_BASELINE,HF9g-P5,,,,X 全窗基线 · 不参与实体赏罚,6874187,688,A168_HF9F_20260827_0900,2026-08-27 09:00:00
2026-04-11,148403215,1935,0,314.1114572155,-1E-10,-1E-10,0.2500000,4,4,0.49994810000000000,0.499948100000,-0.9997924053861017,-0.9997924053861017,-0.9997924053861017,0E-17,ELIGIBLE,R03b_20260811_FULL_v1,L1_ELIGIBILITY,v2026-08-11,2026-03-21..2026-08-06,baccarat_bet02_101_all_pairs_incl_sentinel,round_win = game_pnl > 0 (decisive only),COMPATIBILITY_ONLY_NOT_PRODUCTION,11018.6956,10181.2952,168.3762,207,207,-0.01528096,,-0.01528096,-0.01528096,-168.3762,11018.6956,OK,0.0000,6.7350,4.0000,96.0000,AG03-UNRESOLVED,ALL5_LEVELS_bet23_to_bet27,6.7350,6.7350,6.7350,8.4188,8.4188,4.000000,4.000000,4.000000,5.000000,5.000000,96.000000,96.000000,96.000000,95.000000,95.000000,5.0,37.0428,33.9321,131.3334,134.4441,PENDING_AG03,FALSE,NOT_FOR_ENFORCEMENT,161.6412,9774.0434,168.3762,161.6412,6.7350,0.01528096,0.01466972,6.7350,161.6412,0.01466972,6.7350,6.7350,6.7350,8.4188,8.4188,161.6412,0.01466972,37.0428,33.9321,131.3334,134.4441,0.01191915,0.01220145,0.00061124,53.2304,49.1850,0.8134,28.0627,1.7539,1836.4493,34.5000,,53.2304,26.176,26.176,52.3519,104.7038,157.0557,347.879,26.176,0.0,6.0,13.290022,2.033561,28,43,5,2,0E-8,0.01528096,,0E-8,0.000000,0.924002,0.000000,,2026-04-09,2026-05-04,6,96,71,26,0.230769,,,0.000000,,,,,,,,GLOBAL_BASELINE_NO_ENTITY_RANKING,,,NOT_APPLICABLE_GLOBAL_BASELINE,HF9g-P5,,,,X 全窗基线 · 不参与实体赏罚,6874188,688,A168_HF9F_20260827_0900,2026-08-27 09:00:00
2026-04-11,148403215,1951,0,26.1759547680,24.8671570296,24.8671570296,1.0000000,1,1,0.50665070000000000,0.506650700000,0.9867858985152569,0.9867858985152569,0.9867858985152569,0E-17,ELIGIBLE,R03b_20260811_FULL_v1,L1_ELIGIBILITY,v2026-08-11,2026-03-21..2026-08-06,baccarat_bet02_101_all_pairs_incl_sentinel,round_win = game_pnl > 0 (decisive only),COMPATIBILITY_ONLY_NOT_PRODUCTION,11018.6956,10181.2952,168.3762,207,207,-0.01528096,,-0.01528096,-0.01528096,-168.3762,11018.6956,OK,0.0000,6.7350,4.0000,96.0000,AG03-UNRESOLVED,ALL5_LEVELS_bet23_to_bet27,6.7350,6.7350,6.7350,8.4188,8.4188,4.000000,4.000000,4.000000,5.000000,5.000000,96.000000,96.000000,96.000000,95.000000,95.000000,5.0,37.0428,33.9321,131.3334,134.4441,PENDING_AG03,FALSE,NOT_FOR_ENFORCEMENT,161.6412,9774.0434,168.3762,161.6412,6.7350,0.01528096,0.01466972,6.7350,161.6412,0.01466972,6.7350,6.7350,6.7350,8.4188,8.4188,161.6412,0.01466972,37.0428,33.9321,131.3334,134.4441,0.01191915,0.01220145,0.00061124,53.2304,49.1850,0.8134,28.0627,1.7539,1836.4493,34.5000,,53.2304,26.176,26.176,52.3519,104.7038,157.0557,347.879,26.176,0.0,6.0,13.290022,2.033561,28,43,5,2,0E-8,0.01528096,,0E-8,0.000000,0.924002,0.000000,,2026-04-09,2026-05-04,6,96,71,26,0.230769,,,0.000000,,,,,,,,GLOBAL_BASELINE_NO_ENTITY_RANKING,,,NOT_APPLICABLE_GLOBAL_BASELINE,HF9g-P5,,,,X 全窗基线 · 不参与实体赏罚,6874189,688,A168_HF9F_20260827_0900,2026-08-27 09:00:00
2026-04-11,148403215,2115,0,52.3519095359,52.3519095359,52.3519095359,1.0000000,1,1,0.49324550000000000,0.493245500000,1.01360149184955,1.01360149184955,1.01360149184955,0E-17,ELIGIBLE,R03b_20260811_FULL_v1,L1_ELIGIBILITY,v2026-08-11,2026-03-21..2026-08-06,baccarat_bet02_101_all_pairs_incl_sentinel,round_win = game_pnl > 0 (decisive only),COMPATIBILITY_ONLY_NOT_PRODUCTION,11018.6956,10181.2952,168.3762,207,207,-0.01528096,,-0.01528096,-0.01528096,-168.3762,11018.6956,OK,0.0000,6.7350,4.0000,96.0000,AG03-UNRESOLVED,ALL5_LEVELS_bet23_to_bet27,6.7350,6.7350,6.7350,8.4188,8.4188,4.000000,4.000000,4.000000,5.000000,5.000000,96.000000,96.000000,96.000000,95.000000,95.000000,5.0,37.0428,33.9321,131.3334,134.4441,PENDING_AG03,FALSE,NOT_FOR_ENFORCEMENT,161.6412,9774.0434,168.3762,161.6412,6.7350,0.01528096,0.01466972,6.7350,161.6412,0.01466972,6.7350,6.7350,6.7350,8.4188,8.4188,161.6412,0.01466972,37.0428,33.9321,131.3334,134.4441,0.01191915,0.01220145,0.00061124,53.2304,49.1850,0.8134,28.0627,1.7539,1836.4493,34.5000,,53.2304,26.176,26.176,52.3519,104.7038,157.0557,347.879,26.176,0.0,6.0,13.290022,2.033561,28,43,5,2,0E-8,0.01528096,,0E-8,0.000000,0.924002,0.000000,,2026-04-09,2026-05-04,6,96,71,26,0.230769,,,0.000000,,,,,,,,GLOBAL_BASELINE_NO_ENTITY_RANKING,,,NOT_APPLICABLE_GLOBAL_BASELINE,HF9g-P5,,,,X 全窗基线 · 不参与实体赏罚,6874190,688,A168_HF9F_20260827_0900,2026-08-27 09:00:00
2026-04-11,148403215,2123,0,26.1759547680,26.1759547680,26.1759547680,1.0000000,1,1,0.49324550000000000,0.493245500000,1.01360149184955,1.01360149184955,1.01360149184955,0E-17,ELIGIBLE,R03b_20260811_FULL_v1,L1_ELIGIBILITY,v2026-08-11,2026-03-21..2026-08-06,baccarat_bet02_101_all_pairs_incl_sentinel,round_win = game_pnl > 0 (decisive only),COMPATIBILITY_ONLY_NOT_PRODUCTION,11018.6956,10181.2952,168.3762,207,207,-0.01528096,,-0.01528096,-0.01528096,-168.3762,11018.6956,OK,0.0000,6.7350,4.0000,96.0000,AG03-UNRESOLVED,ALL5_LEVELS_bet23_to_bet27,6.7350,6.7350,6.7350,8.4188,8.4188,4.000000,4.000000,4.000000,5.000000,5.000000,96.000000,96.000000,96.000000,95.000000,95.000000,5.0,37.0428,33.9321,131.3334,134.4441,PENDING_AG03,FALSE,NOT_FOR_ENFORCEMENT,161.6412,9774.0434,168.3762,161.6412,6.7350,0.01528096,0.01466972,6.7350,161.6412,0.01466972,6.7350,6.7350,6.7350,8.4188,8.4188,161.6412,0.01466972,37.0428,33.9321,131.3334,134.4441,0.01191915,0.01220145,0.00061124,53.2304,49.1850,0.8134,28.0627,1.7539,1836.4493,34.5000,,53.2304,26.176,26.176,52.3519,104.7038,157.0557,347.879,26.176,0.0,6.0,13.290022,2.033561,28,43,5,2,0E-8,0.01528096,,0E-8,0.000000,0.924002,0.000000,,2026-04-09,2026-05-04,6,96,71,26,0.230769,,,0.000000,,,,,,,,GLOBAL_BASELINE_NO_ENTITY_RANKING,,,NOT_APPLICABLE_GLOBAL_BASELINE,HF9g-P5,,,,X 全窗基线 · 不参与实体赏罚,6874191,688,A168_HF9F_20260827_0900,2026-08-27 09:00:00
2026-04-11,148403215,2169,0,274.8475250636,83.7630552575,83.7630552575,0.5000000,5,5,0.50128862000000000,0.501288620000,-0.0051544971185412255,-0.0051544971185412255,-0.0051544971185412255,0E-17,ELIGIBLE,R03b_20260811_FULL_v1,L1_ELIGIBILITY,v2026-08-11,2026-03-21..2026-08-06,baccarat_bet02_101_all_pairs_incl_sentinel,round_win = game_pnl > 0 (decisive only),COMPATIBILITY_ONLY_NOT_PRODUCTION,11018.6956,10181.2952,168.3762,207,207,-0.01528096,,-0.01528096,-0.01528096,-168.3762,11018.6956,OK,0.0000,6.7350,4.0000,96.0000,AG03-UNRESOLVED,ALL5_LEVELS_bet23_to_bet27,6.7350,6.7350,6.7350,8.4188,8.4188,4.000000,4.000000,4.000000,5.000000,5.000000,96.000000,96.000000,96.000000,95.000000,95.000000,5.0,37.0428,33.9321,131.3334,134.4441,PENDING_AG03,FALSE,NOT_FOR_ENFORCEMENT,161.6412,9774.0434,168.3762,161.6412,6.7350,0.01528096,0.01466972,6.7350,161.6412,0.01466972,6.7350,6.7350,6.7350,8.4188,8.4188,161.6412,0.01466972,37.0428,33.9321,131.3334,134.4441,0.01191915,0.01220145,0.00061124,53.2304,49.1850,0.8134,28.0627,1.7539,1836.4493,34.5000,,53.2304,26.176,26.176,52.3519,104.7038,157.0557,347.879,26.176,0.0,6.0,13.290022,2.033561,28,43,5,2,0E-8,0.01528096,,0E-8,0.000000,0.924002,0.000000,,2026-04-09,2026-05-04,6,96,71,26,0.230769,,,0.000000,,,,,,,,GLOBAL_BASELINE_NO_ENTITY_RANKING,,,NOT_APPLICABLE_GLOBAL_BASELINE,HF9g-P5,,,,X 全窗基线 · 不参与实体赏罚,6874192,688,A168_HF9F_20260827_0900,2026-08-27 09:00:00
2026-04-11,148403215,2188,0,327.1994345994,-7.1983875613,-7.1983875613,0.2500000,5,5,0.50396966000000000,0.503969660000,-1.01591065835228,-1.0159106583522801,-1.01591065835228,0E-17,ELIGIBLE,R03b_20260811_FULL_v1,L1_ELIGIBILITY,v2026-08-11,2026-03-21..2026-08-06,baccarat_bet02_101_all_pairs_incl_sentinel,round_win = game_pnl > 0 (decisive only),COMPATIBILITY_ONLY_NOT_PRODUCTION,11018.6956,10181.2952,168.3762,207,207,-0.01528096,,-0.01528096,-0.01528096,-168.3762,11018.6956,OK,0.0000,6.7350,4.0000,96.0000,AG03-UNRESOLVED,ALL5_LEVELS_bet23_to_bet27,6.7350,6.7350,6.7350,8.4188,8.4188,4.000000,4.000000,4.000000,5.000000,5.000000,96.000000,96.000000,96.000000,95.000000,95.000000,5.0,37.0428,33.9321,131.3334,134.4441,PENDING_AG03,FALSE,NOT_FOR_ENFORCEMENT,161.6412,9774.0434,168.3762,161.6412,6.7350,0.01528096,0.01466972,6.7350,161.6412,0.01466972,6.7350,6.7350,6.7350,8.4188,8.4188,161.6412,0.01466972,37.0428,33.9321,131.3334,134.4441,0.01191915,0.01220145,0.00061124,53.2304,49.1850,0.8134,28.0627,1.7539,1836.4493,34.5000,,53.2304,26.176,26.176,52.3519,104.7038,157.0557,347.879,26.176,0.0,6.0,13.290022,2.033561,28,43,5,2,0E-8,0.01528096,,0E-8,0.000000,0.924002,0.000000,,2026-04-09,2026-05-04,6,96,71,26,0.230769,,,0.000000,,,,,,,,GLOBAL_BASELINE_NO_ENTITY_RANKING,,,NOT_APPLICABLE_GLOBAL_BASELINE,HF9g-P5,,,,X 全窗基线 · 不参与实体赏罚,6874193,688,A168_HF9F_20260827_0900,2026-08-27 09:00:00
2026-04-11,148403215,2246,0,1596.7332408451,-1243.3578514778,-1243.3578514778,0.1250000,9,9,0.50069283333333333,0.500692833333,-2.125241641055081,-2.125241641053193,-2.125241641055081,3.3333E-13,ELIGIBLE,R03b_20260811_FULL_v1,L1_ELIGIBILITY,v2026-08-11,2026-03-21..2026-08-06,baccarat_bet02_101_all_pairs_incl_sentinel,round_win = game_pnl > 0 (decisive only),COMPATIBILITY_ONLY_NOT_PRODUCTION,11018.6956,10181.2952,168.3762,207,207,-0.01528096,,-0.01528096,-0.01528096,-168.3762,11018.6956,OK,0.0000,6.7350,4.0000,96.0000,AG03-UNRESOLVED,ALL5_LEVELS_bet23_to_bet27,6.7350,6.7350,6.7350,8.4188,8.4188,4.000000,4.000000,4.000000,5.000000,5.000000,96.000000,96.000000,96.000000,95.000000,95.000000,5.0,37.0428,33.9321,131.3334,134.4441,PENDING_AG03,FALSE,NOT_FOR_ENFORCEMENT,161.6412,9774.0434,168.3762,161.6412,6.7350,0.01528096,0.01466972,6.7350,161.6412,0.01466972,6.7350,6.7350,6.7350,8.4188,8.4188,161.6412,0.01466972,37.0428,33.9321,131.3334,134.4441,0.01191915,0.01220145,0.00061124,53.2304,49.1850,0.8134,28.0627,1.7539,1836.4493,34.5000,,53.2304,26.176,26.176,52.3519,104.7038,157.0557,347.879,26.176,0.0,6.0,13.290022,2.033561,28,43,5,2,0E-8,0.01528096,,0E-8,0.000000,0.924002,0.000000,,2026-04-09,2026-05-04,6,96,71,26,0.230769,,,0.000000,,,,,,,,GLOBAL_BASELINE_NO_ENTITY_RANKING,,,NOT_APPLICABLE_GLOBAL_BASELINE,HF9g-P5,,,,X 全窗基线 · 不参与实体赏罚,6874194,688,A168_HF9F_20260827_0900,2026-08-27 09:00:00
2026-04-11,148403215,2250,0,143.9677512238,9.1615841688,9.1615841688,0.3333333,3,3,0.50665070000000000,0.506650700000,-0.6004420894325239,-0.6004420894325239,-0.6004420894325239,0E-17,ELIGIBLE,R03b_20260811_FULL_v1,L1_ELIGIBILITY,v2026-08-11,2026-03-21..2026-08-06,baccarat_bet02_101_all_pairs_incl_sentinel,round_win = game_pnl > 0 (decisive only),COMPATIBILITY_ONLY_NOT_PRODUCTION,11018.6956,10181.2952,168.3762,207,207,-0.01528096,,-0.01528096,-0.01528096,-168.3762,11018.6956,OK,0.0000,6.7350,4.0000,96.0000,AG03-UNRESOLVED,ALL5_LEVELS_bet23_to_bet27,6.7350,6.7350,6.7350,8.4188,8.4188,4.000000,4.000000,4.000000,5.000000,5.000000,96.000000,96.000000,96.000000,95.000000,95.000000,5.0,37.0428,33.9321,131.3334,134.4441,PENDING_AG03,FALSE,NOT_FOR_ENFORCEMENT,161.6412,9774.0434,168.3762,161.6412,6.7350,0.01528096,0.01466972,6.7350,161.6412,0.01466972,6.7350,6.7350,6.7350,8.4188,8.4188,161.6412,0.01466972,37.0428,33.9321,131.3334,134.4441,0.01191915,0.01220145,0.00061124,53.2304,49.1850,0.8134,28.0627,1.7539,1836.4493,34.5000,,53.2304,26.176,26.176,52.3519,104.7038,157.0557,347.879,26.176,0.0,6.0,13.290022,2.033561,28,43,5,2,0E-8,0.01528096,,0E-8,0.000000,0.924002,0.000000,,2026-04-09,2026-05-04,6,96,71,26,0.230769,,,0.000000,,,,,,,,GLOBAL_BASELINE_NO_ENTITY_RANKING,,,NOT_APPLICABLE_GLOBAL_BASELINE,HF9g-P5,,,,X 全窗基线 · 不参与实体赏罚,6874195,688,A168_HF9F_20260827_0900,2026-08-27 09:00:00
2026-04-11,148403215,2251,0,78.5278643039,23.5583592911,23.5583592911,0.5000000,2,2,0.49994810000000000,0.499948100000,0.00014679536856514622,0.00014679536856514622,0.00014679536856514622,0E-17,ELIGIBLE,R03b_20260811_FULL_v1,L1_ELIGIBILITY,v2026-08-11,2026-03-21..2026-08-06,baccarat_bet02_101_all_pairs_incl_sentinel,round_win = game_pnl > 0 (decisive only),COMPATIBILITY_ONLY_NOT_PRODUCTION,11018.6956,10181.2952,168.3762,207,207,-0.01528096,,-0.01528096,-0.01528096,-168.3762,11018.6956,OK,0.0000,6.7350,4.0000,96.0000,AG03-UNRESOLVED,ALL5_LEVELS_bet23_to_bet27,6.7350,6.7350,6.7350,8.4188,8.4188,4.000000,4.000000,4.000000,5.000000,5.000000,96.000000,96.000000,96.000000,95.000000,95.000000,5.0,37.0428,33.9321,131.3334,134.4441,PENDING_AG03,FALSE,NOT_FOR_ENFORCEMENT,161.6412,9774.0434,168.3762,161.6412,6.7350,0.01528096,0.01466972,6.7350,161.6412,0.01466972,6.7350,6.7350,6.7350,8.4188,8.4188,161.6412,0.01466972,37.0428,33.9321,131.3334,134.4441,0.01191915,0.01220145,0.00061124,53.2304,49.1850,0.8134,28.0627,1.7539,1836.4493,34.5000,,53.2304,26.176,26.176,52.3519,104.7038,157.0557,347.879,26.176,0.0,6.0,13.290022,2.033561,28,43,5,2,0E-8,0.01528096,,0E-8,0.000000,0.924002,0.000000,,2026-04-09,2026-05-04,6,96,71,26,0.230769,,,0.000000,,,,,,,,GLOBAL_BASELINE_NO_ENTITY_RANKING,,,NOT_APPLICABLE_GLOBAL_BASELINE,HF9g-P5,,,,X 全窗基线 · 不参与实体赏罚,6874196,688,A168_HF9F_20260827_0900,2026-08-27 09:00:00
2026-04-11,148403215,2254,0,157.0557286078,74.6014710887,74.6014710887,1.0000000,2,2,0.50665070000000000,0.506650700000,0.9867858985152569,0.9867858985152569,0.9867858985152569,0E-17,ELIGIBLE,R03b_20260811_FULL_v1,L1_ELIGIBILITY,v2026-08-11,2026-03-21..2026-08-06,baccarat_bet02_101_all_pairs_incl_sentinel,round_win = game_pnl > 0 (decisive only),COMPATIBILITY_ONLY_NOT_PRODUCTION,11018.6956,10181.2952,168.3762,207,207,-0.01528096,,-0.01528096,-0.01528096,-168.3762,11018.6956,OK,0.0000,6.7350,4.0000,96.0000,AG03-UNRESOLVED,ALL5_LEVELS_bet23_to_bet27,6.7350,6.7350,6.7350,8.4188,8.4188,4.000000,4.000000,4.000000,5.000000,5.000000,96.000000,96.000000,96.000000,95.000000,95.000000,5.0,37.0428,33.9321,131.3334,134.4441,PENDING_AG03,FALSE,NOT_FOR_ENFORCEMENT,161.6412,9774.0434,168.3762,161.6412,6.7350,0.01528096,0.01466972,6.7350,161.6412,0.01466972,6.7350,6.7350,6.7350,8.4188,8.4188,161.6412,0.01466972,37.0428,33.9321,131.3334,134.4441,0.01191915,0.01220145,0.00061124,53.2304,49.1850,0.8134,28.0627,1.7539,1836.4493,34.5000,,53.2304,26.176,26.176,52.3519,104.7038,157.0557,347.879,26.176,0.0,6.0,13.290022,2.033561,28,43,5,2,0E-8,0.01528096,,0E-8,0.000000,0.924002,0.000000,,2026-04-09,2026-05-04,6,96,71,26,0.230769,,,0.000000,,,,,,,,GLOBAL_BASELINE_NO_ENTITY_RANKING,,,NOT_APPLICABLE_GLOBAL_BASELINE,HF9g-P5,,,,X 全窗基线 · 不参与实体赏罚,6874197,688,A168_HF9F_20260827_0900,2026-08-27 09:00:00
2026-04-11,148403215,2256,0,130.8797738398,23.5583592911,23.5583592911,0.5000000,3,3,0.50665070000000000,0.506650700000,-0.018812684590367487,-0.018812684590367487,-0.018812684590367487,0E-17,ELIGIBLE,R03b_20260811_FULL_v1,L1_ELIGIBILITY,v2026-08-11,2026-03-21..2026-08-06,baccarat_bet02_101_all_pairs_incl_sentinel,round_win = game_pnl > 0 (decisive only),COMPATIBILITY_ONLY_NOT_PRODUCTION,11018.6956,10181.2952,168.3762,207,207,-0.01528096,,-0.01528096,-0.01528096,-168.3762,11018.6956,OK,0.0000,6.7350,4.0000,96.0000,AG03-UNRESOLVED,ALL5_LEVELS_bet23_to_bet27,6.7350,6.7350,6.7350,8.4188,8.4188,4.000000,4.000000,4.000000,5.000000,5.000000,96.000000,96.000000,96.000000,95.000000,95.000000,5.0,37.0428,33.9321,131.3334,134.4441,PENDING_AG03,FALSE,NOT_FOR_ENFORCEMENT,161.6412,9774.0434,168.3762,161.6412,6.7350,0.01528096,0.01466972,6.7350,161.6412,0.01466972,6.7350,6.7350,6.7350,8.4188,8.4188,161.6412,0.01466972,37.0428,33.9321,131.3334,134.4441,0.01191915,0.01220145,0.00061124,53.2304,49.1850,0.8134,28.0627,1.7539,1836.4493,34.5000,,53.2304,26.176,26.176,52.3519,104.7038,157.0557,347.879,26.176,0.0,6.0,13.290022,2.033561,28,43,5,2,0E-8,0.01528096,,0E-8,0.000000,0.924002,0.000000,,2026-04-09,2026-05-04,6,96,71,26,0.230769,,,0.000000,,,,,,,,GLOBAL_BASELINE_NO_ENTITY_RANKING,,,NOT_APPLICABLE_GLOBAL_BASELINE,HF9g-P5,,,,X 全窗基线 · 不参与实体赏罚,6874198,688,A168_HF9F_20260827_0900,2026-08-27 09:00:00
2026-04-12,148403215,-1,1,1007.7742585666,156.4013297384,156.4013297384,0.4000000,17,17,0.49718820588235294,0.497188205882,-0.7528285097590675,-0.7528285097563366,-0.7528285097590675,3.5294E-13,SENTINEL_DEALER,R03b_20260811_FULL_v1,L1_ELIGIBILITY,v2026-08-11,2026-03-21..2026-08-06,baccarat_bet02_101_all_pairs_incl_sentinel,round_win = game_pnl > 0 (decisive only),COMPATIBILITY_ONLY_NOT_PRODUCTION,11018.6956,10181.2952,168.3762,207,207,-0.01528096,,-0.01528096,-0.01528096,-168.3762,11018.6956,OK,0.0000,6.7350,4.0000,96.0000,AG03-UNRESOLVED,ALL5_LEVELS_bet23_to_bet27,6.7350,6.7350,6.7350,8.4188,8.4188,4.000000,4.000000,4.000000,5.000000,5.000000,96.000000,96.000000,96.000000,95.000000,95.000000,5.0,37.0428,33.9321,131.3334,134.4441,PENDING_AG03,FALSE,NOT_FOR_ENFORCEMENT,161.6412,9774.0434,168.3762,161.6412,6.7350,0.01528096,0.01466972,6.7350,161.6412,0.01466972,6.7350,6.7350,6.7350,8.4188,8.4188,161.6412,0.01466972,37.0428,33.9321,131.3334,134.4441,0.01191915,0.01220145,0.00061124,53.2304,49.1850,0.8134,28.0627,1.7539,1836.4493,34.5000,,53.2304,26.176,26.176,52.3519,104.7038,157.0557,347.879,26.176,0.0,6.0,13.290022,2.033561,28,43,5,2,0E-8,0.01528096,,0E-8,0.000000,0.924002,0.000000,,2026-04-09,2026-05-04,6,96,71,26,0.230769,,,0.000000,,,,,,,,GLOBAL_BASELINE_NO_ENTITY_RANKING,,,NOT_APPLICABLE_GLOBAL_BASELINE,HF9g-P5,,,,X 全窗基线 · 不参与实体赏罚,6874199,688,A168_HF9F_20260827_0900,2026-08-27 09:00:00
2026-04-12,148403215,1115,0,78.5278643039,74.6014710887,74.6014710887,1.0000000,2,2,0.50665070000000000,0.506650700000,1.3955260008387969,1.3955260008387969,1.3955260008387969,0E-17,ELIGIBLE,R03b_20260811_FULL_v1,L1_ELIGIBILITY,v2026-08-11,2026-03-21..2026-08-06,baccarat_bet02_101_all_pairs_incl_sentinel,round_win = game_pnl > 0 (decisive only),COMPATIBILITY_ONLY_NOT_PRODUCTION,11018.6956,10181.2952,168.3762,207,207,-0.01528096,,-0.01528096,-0.01528096,-168.3762,11018.6956,OK,0.0000,6.7350,4.0000,96.0000,AG03-UNRESOLVED,ALL5_LEVELS_bet23_to_bet27,6.7350,6.7350,6.7350,8.4188,8.4188,4.000000,4.000000,4.000000,5.000000,5.000000,96.000000,96.000000,96.000000,95.000000,95.000000,5.0,37.0428,33.9321,131.3334,134.4441,PENDING_AG03,FALSE,NOT_FOR_ENFORCEMENT,161.6412,9774.0434,168.3762,161.6412,6.7350,0.01528096,0.01466972,6.7350,161.6412,0.01466972,6.7350,6.7350,6.7350,8.4188,8.4188,161.6412,0.01466972,37.0428,33.9321,131.3334,134.4441,0.01191915,0.01220145,0.00061124,53.2304,49.1850,0.8134,28.0627,1.7539,1836.4493,34.5000,,53.2304,26.176,26.176,52.3519,104.7038,157.0557,347.879,26.176,0.0,6.0,13.290022,2.033561,28,43,5,2,0E-8,0.01528096,,0E-8,0.000000,0.924002,0.000000,,2026-04-09,2026-05-04,6,96,71,26,0.230769,,,0.000000,,,,,,,,GLOBAL_BASELINE_NO_ENTITY_RANKING,,,NOT_APPLICABLE_GLOBAL_BASELINE,HF9g-P5,,,,X 全窗基线 · 不参与实体赏罚,6874200,688,A168_HF9F_20260827_0900,2026-08-27 09:00:00
2026-04-12,148403215,1940,0,78.5278643039,26.1759547679,26.1759547679,0.5000000,2,2,0.49994810000000000,0.499948100000,0.00014679536856514622,0.00014679536856514622,0.00014679536856514622,0E-17,ELIGIBLE,R03b_20260811_FULL_v1,L1_ELIGIBILITY,v2026-08-11,2026-03-21..2026-08-06,baccarat_bet02_101_all_pairs_incl_sentinel,round_win = game_pnl > 0 (decisive only),COMPATIBILITY_ONLY_NOT_PRODUCTION,11018.6956,10181.2952,168.3762,207,207,-0.01528096,,-0.01528096,-0.01528096,-168.3762,11018.6956,OK,0.0000,6.7350,4.0000,96.0000,AG03-UNRESOLVED,ALL5_LEVELS_bet23_to_bet27,6.7350,6.7350,6.7350,8.4188,8.4188,4.000000,4.000000,4.000000,5.000000,5.000000,96.000000,96.000000,96.000000,95.000000,95.000000,5.0,37.0428,33.9321,131.3334,134.4441,PENDING_AG03,FALSE,NOT_FOR_ENFORCEMENT,161.6412,9774.0434,168.3762,161.6412,6.7350,0.01528096,0.01466972,6.7350,161.6412,0.01466972,6.7350,6.7350,6.7350,8.4188,8.4188,161.6412,0.01466972,37.0428,33.9321,131.3334,134.4441,0.01191915,0.01220145,0.00061124,53.2304,49.1850,0.8134,28.0627,1.7539,1836.4493,34.5000,,53.2304,26.176,26.176,52.3519,104.7038,157.0557,347.879,26.176,0.0,6.0,13.290022,2.033561,28,43,5,2,0E-8,0.01528096,,0E-8,0.000000,0.924002,0.000000,,2026-04-09,2026-05-04,6,96,71,26,0.230769,,,0.000000,,,,,,,,GLOBAL_BASELINE_NO_ENTITY_RANKING,,,NOT_APPLICABLE_GLOBAL_BASELINE,HF9g-P5,,,,X 全窗基线 · 不参与实体赏罚,6874201,688,A168_HF9F_20260827_0900,2026-08-27 09:00:00
2026-04-12,148403215,1947,0,183.2316833757,20.9407638143,20.9407638143,0.3333333,3,3,0.50218230000000000,0.502182300000,-0.5849155494134425,-0.5849155494134426,-0.5849155494134425,0E-17,ELIGIBLE,R03b_20260811_FULL_v1,L1_ELIGIBILITY,v2026-08-11,2026-03-21..2026-08-06,baccarat_bet02_101_all_pairs_incl_sentinel,round_win = game_pnl > 0 (decisive only),COMPATIBILITY_ONLY_NOT_PRODUCTION,11018.6956,10181.2952,168.3762,207,207,-0.01528096,,-0.01528096,-0.01528096,-168.3762,11018.6956,OK,0.0000,6.7350,4.0000,96.0000,AG03-UNRESOLVED,ALL5_LEVELS_bet23_to_bet27,6.7350,6.7350,6.7350,8.4188,8.4188,4.000000,4.000000,4.000000,5.000000,5.000000,96.000000,96.000000,96.000000,95.000000,95.000000,5.0,37.0428,33.9321,131.3334,134.4441,PENDING_AG03,FALSE,NOT_FOR_ENFORCEMENT,161.6412,9774.0434,168.3762,161.6412,6.7350,0.01528096,0.01466972,6.7350,161.6412,0.01466972,6.7350,6.7350,6.7350,8.4188,8.4188,161.6412,0.01466972,37.0428,33.9321,131.3334,134.4441,0.01191915,0.01220145,0.00061124,53.2304,49.1850,0.8134,28.0627,1.7539,1836.4493,34.5000,,53.2304,26.176,26.176,52.3519,104.7038,157.0557,347.879,26.176,0.0,6.0,13.290022,2.033561,28,43,5,2,0E-8,0.01528096,,0E-8,0.000000,0.924002,0.000000,,2026-04-09,2026-05-04,6,96,71,26,0.230769,,,0.000000,,,,,,,,GLOBAL_BASELINE_NO_ENTITY_RANKING,,,NOT_APPLICABLE_GLOBAL_BASELINE,HF9g-P5,,,,X 全窗基线 · 不参与实体赏罚,6874202,688,A168_HF9F_20260827_0900,2026-08-27 09:00:00
2026-04-12,148403215,2129,0,157.0557286078,0E-10,0E-10,0.3333333,3,3,0.49771390000000000,0.497713900000,-0.5694369385616226,-0.5694369385616226,-0.5694369385616226,0E-17,ELIGIBLE,R03b_20260811_FULL_v1,L1_ELIGIBILITY,v2026-08-11,2026-03-21..2026-08-06,baccarat_bet02_101_all_pairs_incl_sentinel,round_win = game_pnl > 0 (decisive only),COMPATIBILITY_ONLY_NOT_PRODUCTION,11018.6956,10181.2952,168.3762,207,207,-0.01528096,,-0.01528096,-0.01528096,-168.3762,11018.6956,OK,0.0000,6.7350,4.0000,96.0000,AG03-UNRESOLVED,ALL5_LEVELS_bet23_to_bet27,6.7350,6.7350,6.7350,8.4188,8.4188,4.000000,4.000000,4.000000,5.000000,5.000000,96.000000,96.000000,96.000000,95.000000,95.000000,5.0,37.0428,33.9321,131.3334,134.4441,PENDING_AG03,FALSE,NOT_FOR_ENFORCEMENT,161.6412,9774.0434,168.3762,161.6412,6.7350,0.01528096,0.01466972,6.7350,161.6412,0.01466972,6.7350,6.7350,6.7350,8.4188,8.4188,161.6412,0.01466972,37.0428,33.9321,131.3334,134.4441,0.01191915,0.01220145,0.00061124,53.2304,49.1850,0.8134,28.0627,1.7539,1836.4493,34.5000,,53.2304,26.176,26.176,52.3519,104.7038,157.0557,347.879,26.176,0.0,6.0,13.290022,2.033561,28,43,5,2,0E-8,0.01528096,,0E-8,0.000000,0.924002,0.000000,,2026-04-09,2026-05-04,6,96,71,26,0.230769,,,0.000000,,,,,,,,GLOBAL_BASELINE_NO_ENTITY_RANKING,,,NOT_APPLICABLE_GLOBAL_BASELINE,HF9g-P5,,,,X 全窗基线 · 不参与实体赏罚,6874203,688,A168_HF9F_20260827_0900,2026-08-27 09:00:00
2026-04-12,148403215,2130,0,929.2463942624,-674.0308352748,-674.0308352748,0.1666667,6,6,0.49994810000000000,0.499948100000,-1.6327389136160748,-1.6327389136160748,-1.6327389136160748,0E-17,ELIGIBLE,R03b_20260811_FULL_v1,L1_ELIGIBILITY,v2026-08-11,2026-03-21..2026-08-06,baccarat_bet02_101_all_pairs_incl_sentinel,round_win = game_pnl > 0 (decisive only),COMPATIBILITY_ONLY_NOT_PRODUCTION,11018.6956,10181.2952,168.3762,207,207,-0.01528096,,-0.01528096,-0.01528096,-168.3762,11018.6956,OK,0.0000,6.7350,4.0000,96.0000,AG03-UNRESOLVED,ALL5_LEVELS_bet23_to_bet27,6.7350,6.7350,6.7350,8.4188,8.4188,4.000000,4.000000,4.000000,5.000000,5.000000,96.000000,96.000000,96.000000,95.000000,95.000000,5.0,37.0428,33.9321,131.3334,134.4441,PENDING_AG03,FALSE,NOT_FOR_ENFORCEMENT,161.6412,9774.0434,168.3762,161.6412,6.7350,0.01528096,0.01466972,6.7350,161.6412,0.01466972,6.7350,6.7350,6.7350,8.4188,8.4188,161.6412,0.01466972,37.0428,33.9321,131.3334,134.4441,0.01191915,0.01220145,0.00061124,53.2304,49.1850,0.8134,28.0627,1.7539,1836.4493,34.5000,,53.2304,26.176,26.176,52.3519,104.7038,157.0557,347.879,26.176,0.0,6.0,13.290022,2.033561,28,43,5,2,0E-8,0.01528096,,0E-8,0.000000,0.924002,0.000000,,2026-04-09,2026-05-04,6,96,71,26,0.230769,,,0.000000,,,,,,,,GLOBAL_BASELINE_NO_ENTITY_RANKING,,,NOT_APPLICABLE_GLOBAL_BASELINE,HF9g-P5,,,,X 全窗基线 · 不参与实体赏罚,6874204,688,A168_HF9F_20260827_0900,2026-08-27 09:00:00
2026-04-12,148403215,2156,0,26.1759547680,26.1759547680,26.1759547680,1.0000000,1,1,0.49324550000000000,0.493245500000,1.01360149184955,1.01360149184955,1.01360149184955,0E-17,ELIGIBLE,R03b_20260811_FULL_v1,L1_ELIGIBILITY,v2026-08-11,2026-03-21..2026-08-06,baccarat_bet02_101_all_pairs_incl_sentinel,round_win = game_pnl > 0 (decisive only),COMPATIBILITY_ONLY_NOT_PRODUCTION,11018.6956,10181.2952,168.3762,207,207,-0.01528096,,-0.01528096,-0.01528096,-168.3762,11018.6956,OK,0.0000,6.7350,4.0000,96.0000,AG03-UNRESOLVED,ALL5_LEVELS_bet23_to_bet27,6.7350,6.7350,6.7350,8.4188,8.4188,4.000000,4.000000,4.000000,5.000000,5.000000,96.000000,96.000000,96.000000,95.000000,95.000000,5.0,37.0428,33.9321,131.3334,134.4441,PENDING_AG03,FALSE,NOT_FOR_ENFORCEMENT,161.6412,9774.0434,168.3762,161.6412,6.7350,0.01528096,0.01466972,6.7350,161.6412,0.01466972,6.7350,6.7350,6.7350,8.4188,8.4188,161.6412,0.01466972,37.0428,33.9321,131.3334,134.4441,0.01191915,0.01220145,0.00061124,53.2304,49.1850,0.8134,28.0627,1.7539,1836.4493,34.5000,,53.2304,26.176,26.176,52.3519,104.7038,157.0557,347.879,26.176,0.0,6.0,13.290022,2.033561,28,43,5,2,0E-8,0.01528096,,0E-8,0.000000,0.924002,0.000000,,2026-04-09,2026-05-04,6,96,71,26,0.230769,,,0.000000,,,,,,,,GLOBAL_BASELINE_NO_ENTITY_RANKING,,,NOT_APPLICABLE_GLOBAL_BASELINE,HF9g-P5,,,,X 全窗基线 · 不参与实体赏罚,6874205,688,A168_HF9F_20260827_0900,2026-08-27 09:00:00
2026-04-12,148403215,2174,0,78.5278643039,23.5583592911,23.5583592911,0.5000000,2,2,0.49994810000000000,0.499948100000,0.00014679536856514622,0.00014679536856514622,0.00014679536856514622,0E-17,ELIGIBLE,R03b_20260811_FULL_v1,L1_ELIGIBILITY,v2026-08-11,2026-03-21..2026-08-06,baccarat_bet02_101_all_pairs_incl_sentinel,round_win = game_pnl > 0 (decisive only),COMPATIBILITY_ONLY_NOT_PRODUCTION,11018.6956,10181.2952,168.3762,207,207,-0.01528096,,-0.01528096,-0.01528096,-168.3762,11018.6956,OK,0.0000,6.7350,4.0000,96.0000,AG03-UNRESOLVED,ALL5_LEVELS_bet23_to_bet27,6.7350,6.7350,6.7350,8.4188,8.4188,4.000000,4.000000,4.000000,5.000000,5.000000,96.000000,96.000000,96.000000,95.000000,95.000000,5.0,37.0428,33.9321,131.3334,134.4441,PENDING_AG03,FALSE,NOT_FOR_ENFORCEMENT,161.6412,9774.0434,168.3762,161.6412,6.7350,0.01528096,0.01466972,6.7350,161.6412,0.01466972,6.7350,6.7350,6.7350,8.4188,8.4188,161.6412,0.01466972,37.0428,33.9321,131.3334,134.4441,0.01191915,0.01220145,0.00061124,53.2304,49.1850,0.8134,28.0627,1.7539,1836.4493,34.5000,,53.2304,26.176,26.176,52.3519,104.7038,157.0557,347.879,26.176,0.0,6.0,13.290022,2.033561,28,43,5,2,0E-8,0.01528096,,0E-8,0.000000,0.924002,0.000000,,2026-04-09,2026-05-04,6,96,71,26,0.230769,,,0.000000,,,,,,,,GLOBAL_BASELINE_NO_ENTITY_RANKING,,,NOT_APPLICABLE_GLOBAL_BASELINE,HF9g-P5,,,,X 全窗基线 · 不参与实体赏罚,6874206,688,A168_HF9F_20260827_0900,2026-08-27 09:00:00
2026-04-12,148403215,2175,0,170.1437059917,13.0879773839,13.0879773839,0.3333333,3,3,0.50218230000000000,0.502182300000,-0.5849155494134425,-0.5849155494134426,-0.5849155494134425,0E-17,ELIGIBLE,R03b_20260811_FULL_v1,L1_ELIGIBILITY,v2026-08-11,2026-03-21..2026-08-06,baccarat_bet02_101_all_pairs_incl_sentinel,round_win = game_pnl > 0 (decisive only),COMPATIBILITY_ONLY_NOT_PRODUCTION,11018.6956,10181.2952,168.3762,207,207,-0.01528096,,-0.01528096,-0.01528096,-168.3762,11018.6956,OK,0.0000,6.7350,4.0000,96.0000,AG03-UNRESOLVED,ALL5_LEVELS_bet23_to_bet27,6.7350,6.7350,6.7350,8.4188,8.4188,4.000000,4.000000,4.000000,5.000000,5.000000,96.000000,96.000000,96.000000,95.000000,95.000000,5.0,37.0428,33.9321,131.3334,134.4441,PENDING_AG03,FALSE,NOT_FOR_ENFORCEMENT,161.6412,9774.0434,168.3762,161.6412,6.7350,0.01528096,0.01466972,6.7350,161.6412,0.01466972,6.7350,6.7350,6.7350,8.4188,8.4188,161.6412,0.01466972,37.0428,33.9321,131.3334,134.4441,0.01191915,0.01220145,0.00061124,53.2304,49.1850,0.8134,28.0627,1.7539,1836.4493,34.5000,,53.2304,26.176,26.176,52.3519,104.7038,157.0557,347.879,26.176,0.0,6.0,13.290022,2.033561,28,43,5,2,0E-8,0.01528096,,0E-8,0.000000,0.924002,0.000000,,2026-04-09,2026-05-04,6,96,71,26,0.230769,,,0.000000,,,,,,,,GLOBAL_BASELINE_NO_ENTITY_RANKING,,,NOT_APPLICABLE_GLOBAL_BASELINE,HF9g-P5,,,,X 全窗基线 · 不参与实体赏罚,6874207,688,A168_HF9F_20260827_0900,2026-08-27 09:00:00
2026-04-12,148403215,2188,0,26.1759547680,24.8671570296,24.8671570296,1.0000000,1,1,0.50665070000000000,0.506650700000,0.9867858985152569,0.9867858985152569,0.9867858985152569,0E-17,ELIGIBLE,R03b_20260811_FULL_v1,L1_ELIGIBILITY,v2026-08-11,2026-03-21..2026-08-06,baccarat_bet02_101_all_pairs_incl_sentinel,round_win = game_pnl > 0 (decisive only),COMPATIBILITY_ONLY_NOT_PRODUCTION,11018.6956,10181.2952,168.3762,207,207,-0.01528096,,-0.01528096,-0.01528096,-168.3762,11018.6956,OK,0.0000,6.7350,4.0000,96.0000,AG03-UNRESOLVED,ALL5_LEVELS_bet23_to_bet27,6.7350,6.7350,6.7350,8.4188,8.4188,4.000000,4.000000,4.000000,5.000000,5.000000,96.000000,96.000000,96.000000,95.000000,95.000000,5.0,37.0428,33.9321,131.3334,134.4441,PENDING_AG03,FALSE,NOT_FOR_ENFORCEMENT,161.6412,9774.0434,168.3762,161.6412,6.7350,0.01528096,0.01466972,6.7350,161.6412,0.01466972,6.7350,6.7350,6.7350,8.4188,8.4188,161.6412,0.01466972,37.0428,33.9321,131.3334,134.4441,0.01191915,0.01220145,0.00061124,53.2304,49.1850,0.8134,28.0627,1.7539,1836.4493,34.5000,,53.2304,26.176,26.176,52.3519,104.7038,157.0557,347.879,26.176,0.0,6.0,13.290022,2.033561,28,43,5,2,0E-8,0.01528096,,0E-8,0.000000,0.924002,0.000000,,2026-04-09,2026-05-04,6,96,71,26,0.230769,,,0.000000,,,,,,,,GLOBAL_BASELINE_NO_ENTITY_RANKING,,,NOT_APPLICABLE_GLOBAL_BASELINE,HF9g-P5,,,,X 全窗基线 · 不参与实体赏罚,6874208,688,A168_HF9F_20260827_0900,2026-08-27 09:00:00
2026-04-12,148403215,2248,0,78.5278643040,26.1759547680,26.1759547680,1.0000000,3,3,0.49324550000000000,0.493245500000,1.01360149184955,1.01360149184955,1.01360149184955,0E-17,ELIGIBLE,R03b_20260811_FULL_v1,L1_ELIGIBILITY,v2026-08-11,2026-03-21..2026-08-06,baccarat_bet02_101_all_pairs_incl_sentinel,round_win = game_pnl > 0 (decisive only),COMPATIBILITY_ONLY_NOT_PRODUCTION,11018.6956,10181.2952,168.3762,207,207,-0.01528096,,-0.01528096,-0.01528096,-168.3762,11018.6956,OK,0.0000,6.7350,4.0000,96.0000,AG03-UNRESOLVED,ALL5_LEVELS_bet23_to_bet27,6.7350,6.7350,6.7350,8.4188,8.4188,4.000000,4.000000,4.000000,5.000000,5.000000,96.000000,96.000000,96.000000,95.000000,95.000000,5.0,37.0428,33.9321,131.3334,134.4441,PENDING_AG03,FALSE,NOT_FOR_ENFORCEMENT,161.6412,9774.0434,168.3762,161.6412,6.7350,0.01528096,0.01466972,6.7350,161.6412,0.01466972,6.7350,6.7350,6.7350,8.4188,8.4188,161.6412,0.01466972,37.0428,33.9321,131.3334,134.4441,0.01191915,0.01220145,0.00061124,53.2304,49.1850,0.8134,28.0627,1.7539,1836.4493,34.5000,,53.2304,26.176,26.176,52.3519,104.7038,157.0557,347.879,26.176,0.0,6.0,13.290022,2.033561,28,43,5,2,0E-8,0.01528096,,0E-8,0.000000,0.924002,0.000000,,2026-04-09,2026-05-04,6,96,71,26,0.230769,,,0.000000,,,,,,,,GLOBAL_BASELINE_NO_ENTITY_RANKING,,,NOT_APPLICABLE_GLOBAL_BASELINE,HF9g-P5,,,,X 全窗基线 · 不参与实体赏罚,6874209,688,A168_HF9F_20260827_0900,2026-08-27 09:00:00
2026-04-12,148403215,2256,0,26.1759547680,26.1759547680,26.1759547680,1.0000000,1,1,0.49324550000000000,0.493245500000,1.01360149184955,1.01360149184955,1.01360149184955,0E-17,ELIGIBLE,R03b_20260811_FULL_v1,L1_ELIGIBILITY,v2026-08-11,2026-03-21..2026-08-06,baccarat_bet02_101_all_pairs_incl_sentinel,round_win = game_pnl > 0 (decisive only),COMPATIBILITY_ONLY_NOT_PRODUCTION,11018.6956,10181.2952,168.3762,207,207,-0.01528096,,-0.01528096,-0.01528096,-168.3762,11018.6956,OK,0.0000,6.7350,4.0000,96.0000,AG03-UNRESOLVED,ALL5_LEVELS_bet23_to_bet27,6.7350,6.7350,6.7350,8.4188,8.4188,4.000000,4.000000,4.000000,5.000000,5.000000,96.000000,96.000000,96.000000,95.000000,95.000000,5.0,37.0428,33.9321,131.3334,134.4441,PENDING_AG03,FALSE,NOT_FOR_ENFORCEMENT,161.6412,9774.0434,168.3762,161.6412,6.7350,0.01528096,0.01466972,6.7350,161.6412,0.01466972,6.7350,6.7350,6.7350,8.4188,8.4188,161.6412,0.01466972,37.0428,33.9321,131.3334,134.4441,0.01191915,0.01220145,0.00061124,53.2304,49.1850,0.8134,28.0627,1.7539,1836.4493,34.5000,,53.2304,26.176,26.176,52.3519,104.7038,157.0557,347.879,26.176,0.0,6.0,13.290022,2.033561,28,43,5,2,0E-8,0.01528096,,0E-8,0.000000,0.924002,0.000000,,2026-04-09,2026-05-04,6,96,71,26,0.230769,,,0.000000,,,,,,,,GLOBAL_BASELINE_NO_ENTITY_RANKING,,,NOT_APPLICABLE_GLOBAL_BASELINE,HF9g-P5,,,,X 全窗基线 · 不参与实体赏罚,6874210,688,A168_HF9F_20260827_0900,2026-08-27 09:00:00
2026-04-12,148403215,550,0,366.4633667514,47.1167185822,47.1167185822,0.4000000,6,6,0.49994810000000000,0.499948100000,-0.4469814940518811,-0.4469814940518811,-0.4469814940518811,0E-17,ELIGIBLE,R03b_20260811_FULL_v1,L1_ELIGIBILITY,v2026-08-11,2026-03-21..2026-08-06,baccarat_bet02_101_all_pairs_incl_sentinel,round_win = game_pnl > 0 (decisive only),COMPATIBILITY_ONLY_NOT_PRODUCTION,11018.6956,10181.2952,168.3762,207,207,-0.01528096,,-0.01528096,-0.01528096,-168.3762,11018.6956,OK,0.0000,6.7350,4.0000,96.0000,AG03-UNRESOLVED,ALL5_LEVELS_bet23_to_bet27,6.7350,6.7350,6.7350,8.4188,8.4188,4.000000,4.000000,4.000000,5.000000,5.000000,96.000000,96.000000,96.000000,95.000000,95.000000,5.0,37.0428,33.9321,131.3334,134.4441,PENDING_AG03,FALSE,NOT_FOR_ENFORCEMENT,161.6412,9774.0434,168.3762,161.6412,6.7350,0.01528096,0.01466972,6.7350,161.6412,0.01466972,6.7350,6.7350,6.7350,8.4188,8.4188,161.6412,0.01466972,37.0428,33.9321,131.3334,134.4441,0.01191915,0.01220145,0.00061124,53.2304,49.1850,0.8134,28.0627,1.7539,1836.4493,34.5000,,53.2304,26.176,26.176,52.3519,104.7038,157.0557,347.879,26.176,0.0,6.0,13.290022,2.033561,28,43,5,2,0E-8,0.01528096,,0E-8,0.000000,0.924002,0.000000,,2026-04-09,2026-05-04,6,96,71,26,0.230769,,,0.000000,,,,,,,,GLOBAL_BASELINE_NO_ENTITY_RANKING,,,NOT_APPLICABLE_GLOBAL_BASELINE,HF9g-P5,,,,X 全窗基线 · 不参与实体赏罚,6874211,688,A168_HF9F_20260827_0900,2026-08-27 09:00:00
2026-04-13,148403215,1507,0,52.3519095359,52.3519095359,52.3519095359,1.0000000,1,1,0.49324550000000000,0.493245500000,1.01360149184955,1.01360149184955,1.01360149184955,0E-17,ELIGIBLE,R03b_20260811_FULL_v1,L1_ELIGIBILITY,v2026-08-11,2026-03-21..2026-08-06,baccarat_bet02_101_all_pairs_incl_sentinel,round_win = game_pnl > 0 (decisive only),COMPATIBILITY_ONLY_NOT_PRODUCTION,11018.6956,10181.2952,168.3762,207,207,-0.01528096,,-0.01528096,-0.01528096,-168.3762,11018.6956,OK,0.0000,6.7350,4.0000,96.0000,AG03-UNRESOLVED,ALL5_LEVELS_bet23_to_bet27,6.7350,6.7350,6.7350,8.4188,8.4188,4.000000,4.000000,4.000000,5.000000,5.000000,96.000000,96.000000,96.000000,95.000000,95.000000,5.0,37.0428,33.9321,131.3334,134.4441,PENDING_AG03,FALSE,NOT_FOR_ENFORCEMENT,161.6412,9774.0434,168.3762,161.6412,6.7350,0.01528096,0.01466972,6.7350,161.6412,0.01466972,6.7350,6.7350,6.7350,8.4188,8.4188,161.6412,0.01466972,37.0428,33.9321,131.3334,134.4441,0.01191915,0.01220145,0.00061124,53.2304,49.1850,0.8134,28.0627,1.7539,1836.4493,34.5000,,53.2304,26.176,26.176,52.3519,104.7038,157.0557,347.879,26.176,0.0,6.0,13.290022,2.033561,28,43,5,2,0E-8,0.01528096,,0E-8,0.000000,0.924002,0.000000,,2026-04-09,2026-05-04,6,96,71,26,0.230769,,,0.000000,,,,,,,,GLOBAL_BASELINE_NO_ENTITY_RANKING,,,NOT_APPLICABLE_GLOBAL_BASELINE,HF9g-P5,,,,X 全窗基线 · 不参与实体赏罚,6874212,688,A168_HF9F_20260827_0900,2026-08-27 09:00:00
2026-04-13,148403215,2130,0,26.1759547680,26.1759547680,26.1759547680,1.0000000,1,1,0.49324550000000000,0.493245500000,1.01360149184955,1.01360149184955,1.01360149184955,0E-17,ELIGIBLE,R03b_20260811_FULL_v1,L1_ELIGIBILITY,v2026-08-11,2026-03-21..2026-08-06,baccarat_bet02_101_all_pairs_incl_sentinel,round_win = game_pnl > 0 (decisive only),COMPATIBILITY_ONLY_NOT_PRODUCTION,11018.6956,10181.2952,168.3762,207,207,-0.01528096,,-0.01528096,-0.01528096,-168.3762,11018.6956,OK,0.0000,6.7350,4.0000,96.0000,AG03-UNRESOLVED,ALL5_LEVELS_bet23_to_bet27,6.7350,6.7350,6.7350,8.4188,8.4188,4.000000,4.000000,4.000000,5.000000,5.000000,96.000000,96.000000,96.000000,95.000000,95.000000,5.0,37.0428,33.9321,131.3334,134.4441,PENDING_AG03,FALSE,NOT_FOR_ENFORCEMENT,161.6412,9774.0434,168.3762,161.6412,6.7350,0.01528096,0.01466972,6.7350,161.6412,0.01466972,6.7350,6.7350,6.7350,8.4188,8.4188,161.6412,0.01466972,37.0428,33.9321,131.3334,134.4441,0.01191915,0.01220145,0.00061124,53.2304,49.1850,0.8134,28.0627,1.7539,1836.4493,34.5000,,53.2304,26.176,26.176,52.3519,104.7038,157.0557,347.879,26.176,0.0,6.0,13.290022,2.033561,28,43,5,2,0E-8,0.01528096,,0E-8,0.000000,0.924002,0.000000,,2026-04-09,2026-05-04,6,96,71,26,0.230769,,,0.000000,,,,,,,,GLOBAL_BASELINE_NO_ENTITY_RANKING,,,NOT_APPLICABLE_GLOBAL_BASELINE,HF9g-P5,,,,X 全窗基线 · 不参与实体赏罚,6874213,688,A168_HF9F_20260827_0900,2026-08-27 09:00:00
2026-04-13,148403215,2167,0,392.6393215193,26.1759547679,26.1759547679,0.2500000,4,4,0.49659680000000000,0.496596800000,-0.9864100490137353,-0.9864100490137354,-0.9864100490137353,0E-17,ELIGIBLE,R03b_20260811_FULL_v1,L1_ELIGIBILITY,v2026-08-11,2026-03-21..2026-08-06,baccarat_bet02_101_all_pairs_incl_sentinel,round_win = game_pnl > 0 (decisive only),COMPATIBILITY_ONLY_NOT_PRODUCTION,11018.6956,10181.2952,168.3762,207,207,-0.01528096,,-0.01528096,-0.01528096,-168.3762,11018.6956,OK,0.0000,6.7350,4.0000,96.0000,AG03-UNRESOLVED,ALL5_LEVELS_bet23_to_bet27,6.7350,6.7350,6.7350,8.4188,8.4188,4.000000,4.000000,4.000000,5.000000,5.000000,96.000000,96.000000,96.000000,95.000000,95.000000,5.0,37.0428,33.9321,131.3334,134.4441,PENDING_AG03,FALSE,NOT_FOR_ENFORCEMENT,161.6412,9774.0434,168.3762,161.6412,6.7350,0.01528096,0.01466972,6.7350,161.6412,0.01466972,6.7350,6.7350,6.7350,8.4188,8.4188,161.6412,0.01466972,37.0428,33.9321,131.3334,134.4441,0.01191915,0.01220145,0.00061124,53.2304,49.1850,0.8134,28.0627,1.7539,1836.4493,34.5000,,53.2304,26.176,26.176,52.3519,104.7038,157.0557,347.879,26.176,0.0,6.0,13.290022,2.033561,28,43,5,2,0E-8,0.01528096,,0E-8,0.000000,0.924002,0.000000,,2026-04-09,2026-05-04,6,96,71,26,0.230769,,,0.000000,,,,,,,,GLOBAL_BASELINE_NO_ENTITY_RANKING,,,NOT_APPLICABLE_GLOBAL_BASELINE,HF9g-P5,,,,X 全窗基线 · 不参与实体赏罚,6874214,688,A168_HF9F_20260827_0900,2026-08-27 09:00:00
2026-05-04,148403215,1990,0,12.9728607753,-12.9728607753,-12.9728607753,0E-7,1,1,0.50665070000000000,0.506650700000,-1.013391052207602,-1.013391052207602,-1.013391052207602,0E-17,ELIGIBLE,R03b_20260811_FULL_v1,L1_ELIGIBILITY,v2026-08-11,2026-03-21..2026-08-06,baccarat_bet02_101_all_pairs_incl_sentinel,round_win = game_pnl > 0 (decisive only),COMPATIBILITY_ONLY_NOT_PRODUCTION,11018.6956,10181.2952,168.3762,207,207,-0.01528096,,-0.01528096,-0.01528096,-168.3762,11018.6956,OK,0.0000,6.7350,4.0000,96.0000,AG03-UNRESOLVED,ALL5_LEVELS_bet23_to_bet27,6.7350,6.7350,6.7350,8.4188,8.4188,4.000000,4.000000,4.000000,5.000000,5.000000,96.000000,96.000000,96.000000,95.000000,95.000000,5.0,37.0428,33.9321,131.3334,134.4441,PENDING_AG03,FALSE,NOT_FOR_ENFORCEMENT,161.6412,9774.0434,168.3762,161.6412,6.7350,0.01528096,0.01466972,6.7350,161.6412,0.01466972,6.7350,6.7350,6.7350,8.4188,8.4188,161.6412,0.01466972,37.0428,33.9321,131.3334,134.4441,0.01191915,0.01220145,0.00061124,53.2304,49.1850,0.8134,28.0627,1.7539,1836.4493,34.5000,,53.2304,26.176,26.176,52.3519,104.7038,157.0557,347.879,26.176,0.0,6.0,13.290022,2.033561,28,43,5,2,0E-8,0.01528096,,0E-8,0.000000,0.924002,0.000000,,2026-04-09,2026-05-04,6,96,71,26,0.230769,,,0.000000,,,,,,,,GLOBAL_BASELINE_NO_ENTITY_RANKING,,,NOT_APPLICABLE_GLOBAL_BASELINE,HF9g-P5,,,,X 全窗基线 · 不参与实体赏罚,6874215,688,A168_HF9F_20260827_0900,2026-08-27 09:00:00
2026-05-04,148403215,2271,0,142.7014685283,35.0267240931,35.0267240931,0.6666667,11,11,0.50421339090909091,0.504213390909,0.9747542641277034,0.9747542641282473,0.9747542641277034,9.091E-14,ELIGIBLE,R03b_20260811_FULL_v1,L1_ELIGIBILITY,v2026-08-11,2026-03-21..2026-08-06,baccarat_bet02_101_all_pairs_incl_sentinel,round_win = game_pnl > 0 (decisive only),COMPATIBILITY_ONLY_NOT_PRODUCTION,11018.6956,10181.2952,168.3762,207,207,-0.01528096,,-0.01528096,-0.01528096,-168.3762,11018.6956,OK,0.0000,6.7350,4.0000,96.0000,AG03-UNRESOLVED,ALL5_LEVELS_bet23_to_bet27,6.7350,6.7350,6.7350,8.4188,8.4188,4.000000,4.000000,4.000000,5.000000,5.000000,96.000000,96.000000,96.000000,95.000000,95.000000,5.0,37.0428,33.9321,131.3334,134.4441,PENDING_AG03,FALSE,NOT_FOR_ENFORCEMENT,161.6412,9774.0434,168.3762,161.6412,6.7350,0.01528096,0.01466972,6.7350,161.6412,0.01466972,6.7350,6.7350,6.7350,8.4188,8.4188,161.6412,0.01466972,37.0428,33.9321,131.3334,134.4441,0.01191915,0.01220145,0.00061124,53.2304,49.1850,0.8134,28.0627,1.7539,1836.4493,34.5000,,53.2304,26.176,26.176,52.3519,104.7038,157.0557,347.879,26.176,0.0,6.0,13.290022,2.033561,28,43,5,2,0E-8,0.01528096,,0E-8,0.000000,0.924002,0.000000,,2026-04-09,2026-05-04,6,96,71,26,0.230769,,,0.000000,,,,,,,,GLOBAL_BASELINE_NO_ENTITY_RANKING,,,NOT_APPLICABLE_GLOBAL_BASELINE,HF9g-P5,,,,X 全窗基线 · 不参与实体赏罚,6874216,688,A168_HF9F_20260827_0900,2026-08-27 09:00:00
2026-05-11,149409832,789,0,181.6200508536,-181.6200508536,-181.6200508536,0E-7,2,2,0.50665070000000000,0.506650700000,-1.4331513700195317,-1.4331513700195317,-1.4331513700195317,0E-17,ELIGIBLE,R03b_20260811_FULL_v1,L1_ELIGIBILITY,v2026-08-11,2026-03-21..2026-08-06,baccarat_bet02_101_all_pairs_incl_sentinel,round_win = game_pnl > 0 (decisive only),COMPATIBILITY_ONLY_NOT_PRODUCTION,1484.6262,1303.3317,168.3766,58,29,-0.11341343,,-0.11341343,-0.11341343,-168.3766,1484.6262,OK,0.0000,6.7351,4.0000,96.0000,AG03-UNRESOLVED,ALL5_LEVELS_bet23_to_bet27,6.7351,6.7351,6.7351,8.4188,8.4188,4.000000,4.000000,4.000000,5.000000,5.000000,96.000000,96.000000,96.000000,95.000000,95.000000,5.0,37.0428,33.9322,131.3337,134.4443,PENDING_AG03,FALSE,NOT_FOR_ENFORCEMENT,161.6415,1251.1984,168.3766,161.6415,6.7351,0.11341343,0.10887689,6.7351,161.6415,0.10887689,6.7351,6.7351,6.7351,8.4188,8.4188,161.6415,0.10887689,37.0428,33.9322,131.3337,134.4443,0.08846248,0.0905577,0.00453654,25.5970,44.9425,5.8061,84.1883,33.6753,742.3131,14.5000,,25.5970,5.1431,12.8578,33.4302,73.8036,93.4046,108.0052,5.1431,-5.1431,7.264446,8.4,1.990781,4,4,3,8,0E-8,0.11341343,,0E-8,0.000000,0.877885,0.000000,,2026-05-11,2026-06-10,2,5,4,31,0.064516,,,0.000000,,,,,,,,GLOBAL_BASELINE_NO_ENTITY_RANKING,,,NOT_APPLICABLE_GLOBAL_BASELINE,HF9g-P5,,,,X 全窗基线 · 不参与实体赏罚,6874217,688,A168_HF9F_20260827_0900,2026-08-27 09:00:00
2026-06-10,149409832,-1,1,628.7448247486,194.0237097231,194.0237097231,0.6363636,30,11,0.43874642542768858,0.265189527121,1.3207929818096915,2.7887408886700062,1.3207929818096915,0.17355689830668858,SENTINEL_DEALER,R03b_20260811_FULL_v1,L1_ELIGIBILITY,v2026-08-11,2026-03-21..2026-08-06,baccarat_bet02_101_all_pairs_incl_sentinel,round_win = game_pnl > 0 (decisive only),COMPATIBILITY_ONLY_NOT_PRODUCTION,1484.6262,1303.3317,168.3766,58,29,-0.11341343,,-0.11341343,-0.11341343,-168.3766,1484.6262,OK,0.0000,6.7351,4.0000,96.0000,AG03-UNRESOLVED,ALL5_LEVELS_bet23_to_bet27,6.7351,6.7351,6.7351,8.4188,8.4188,4.000000,4.000000,4.000000,5.000000,5.000000,96.000000,96.000000,96.000000,95.000000,95.000000,5.0,37.0428,33.9322,131.3337,134.4443,PENDING_AG03,FALSE,NOT_FOR_ENFORCEMENT,161.6415,1251.1984,168.3766,161.6415,6.7351,0.11341343,0.10887689,6.7351,161.6415,0.10887689,6.7351,6.7351,6.7351,8.4188,8.4188,161.6415,0.10887689,37.0428,33.9322,131.3337,134.4443,0.08846248,0.0905577,0.00453654,25.5970,44.9425,5.8061,84.1883,33.6753,742.3131,14.5000,,25.5970,5.1431,12.8578,33.4302,73.8036,93.4046,108.0052,5.1431,-5.1431,7.264446,8.4,1.990781,4,4,3,8,0E-8,0.11341343,,0E-8,0.000000,0.877885,0.000000,,2026-05-11,2026-06-10,2,5,4,31,0.064516,,,0.000000,,,,,,,,GLOBAL_BASELINE_NO_ENTITY_RANKING,,,NOT_APPLICABLE_GLOBAL_BASELINE,HF9g-P5,,,,X 全窗基线 · 不参与实体赏罚,6874218,688,A168_HF9F_20260827_0900,2026-08-27 09:00:00
2026-06-10,149409832,1299,0,612.0297271579,-230.1540360530,-230.1540360530,0.3846154,20,13,0.46537149238169065,0.392105634615,-0.5837422272722517,-0.05531620645245877,-0.5837422272722517,0.07326585776669065,ELIGIBLE,R03b_20260811_FULL_v1,L1_ELIGIBILITY,v2026-08-11,2026-03-21..2026-08-06,baccarat_bet02_101_all_pairs_incl_sentinel,round_win = game_pnl > 0 (decisive only),COMPATIBILITY_ONLY_NOT_PRODUCTION,1484.6262,1303.3317,168.3766,58,29,-0.11341343,,-0.11341343,-0.11341343,-168.3766,1484.6262,OK,0.0000,6.7351,4.0000,96.0000,AG03-UNRESOLVED,ALL5_LEVELS_bet23_to_bet27,6.7351,6.7351,6.7351,8.4188,8.4188,4.000000,4.000000,4.000000,5.000000,5.000000,96.000000,96.000000,96.000000,95.000000,95.000000,5.0,37.0428,33.9322,131.3337,134.4443,PENDING_AG03,FALSE,NOT_FOR_ENFORCEMENT,161.6415,1251.1984,168.3766,161.6415,6.7351,0.11341343,0.10887689,6.7351,161.6415,0.10887689,6.7351,6.7351,6.7351,8.4188,8.4188,161.6415,0.10887689,37.0428,33.9322,131.3337,134.4443,0.08846248,0.0905577,0.00453654,25.5970,44.9425,5.8061,84.1883,33.6753,742.3131,14.5000,,25.5970,5.1431,12.8578,33.4302,73.8036,93.4046,108.0052,5.1431,-5.1431,7.264446,8.4,1.990781,4,4,3,8,0E-8,0.11341343,,0E-8,0.000000,0.877885,0.000000,,2026-05-11,2026-06-10,2,5,4,31,0.064516,,,0.000000,,,,,,,,GLOBAL_BASELINE_NO_ENTITY_RANKING,,,NOT_APPLICABLE_GLOBAL_BASELINE,HF9g-P5,,,,X 全窗基线 · 不参与实体赏罚,6874219,688,A168_HF9F_20260827_0900,2026-08-27 09:00:00
2026-06-10,149409832,986,0,62.2315941061,49.3738267285,49.3738267285,0.6666667,6,3,0.45501004464232612,0.386186225000,0.7361863267330205,0.9978069058360333,0.7361863267330205,0.06882381964232612,ELIGIBLE,R03b_20260811_FULL_v1,L1_ELIGIBILITY,v2026-08-11,2026-03-21..2026-08-06,baccarat_bet02_101_all_pairs_incl_sentinel,round_win = game_pnl > 0 (decisive only),COMPATIBILITY_ONLY_NOT_PRODUCTION,1484.6262,1303.3317,168.3766,58,29,-0.11341343,,-0.11341343,-0.11341343,-168.3766,1484.6262,OK,0.0000,6.7351,4.0000,96.0000,AG03-UNRESOLVED,ALL5_LEVELS_bet23_to_bet27,6.7351,6.7351,6.7351,8.4188,8.4188,4.000000,4.000000,4.000000,5.000000,5.000000,96.000000,96.000000,96.000000,95.000000,95.000000,5.0,37.0428,33.9322,131.3337,134.4443,PENDING_AG03,FALSE,NOT_FOR_ENFORCEMENT,161.6415,1251.1984,168.3766,161.6415,6.7351,0.11341343,0.10887689,6.7351,161.6415,0.10887689,6.7351,6.7351,6.7351,8.4188,8.4188,161.6415,0.10887689,37.0428,33.9322,131.3337,134.4443,0.08846248,0.0905577,0.00453654,25.5970,44.9425,5.8061,84.1883,33.6753,742.3131,14.5000,,25.5970,5.1431,12.8578,33.4302,73.8036,93.4046,108.0052,5.1431,-5.1431,7.264446,8.4,1.990781,4,4,3,8,0E-8,0.11341343,,0E-8,0.000000,0.877885,0.000000,,2026-05-11,2026-06-10,2,5,4,31,0.064516,,,0.000000,,,,,,,,GLOBAL_BASELINE_NO_ENTITY_RANKING,,,NOT_APPLICABLE_GLOBAL_BASELINE,HF9g-P5,,,,X 全窗基线 · 不参与实体赏罚,6874220,688,A168_HF9F_20260827_0900,2026-08-27 09:00:00
2026-04-06,148302112,1963,0,400.5650074844,-61.1388695633,-61.1388695633,0.5454545,43,11,0.38742162478935093,0.213902586364,1.0758981214812655,2.6816478071841594,1.0758981214812655,0.17351903842535093,ELIGIBLE,R03b_20260811_FULL_v1,L1_ELIGIBILITY,v2026-08-11,2026-03-21..2026-08-06,baccarat_bet02_101_all_pairs_incl_sentinel,round_win = game_pnl > 0 (decisive only),COMPATIBILITY_ONLY_NOT_PRODUCTION,747.1272,653.4145,168.3824,79,27,-0.22537321,-0.22987165,-0.22399558,-0.22537321,-168.3824,747.1272,OK,0.0000,6.7353,4.0000,96.0000,AG03-UNRESOLVED,ALL5_LEVELS_bet23_to_bet27,6.7353,6.7353,6.7353,6.7353,6.7353,4.000000,4.000000,4.000000,4.000000,4.000000,96.000000,96.000000,96.000000,96.000000,96.000000,5.0,33.6765,31.088,134.7060,137.2944,PENDING_AG03,FALSE,NOT_FOR_ENFORCEMENT,161.6471,627.2779,168.3824,161.6471,6.7353,0.22537321,0.21635828,6.7353,161.6471,0.21635828,6.7353,6.7353,6.7353,6.7353,6.7353,161.6471,0.21635828,33.6765,31.088,134.7060,137.2944,0.18029857,0.18376316,0.00901493,9.4573,24.2005,6.2364,42.0956,33.6765,186.7818,6.7500,10.3037,9.2252,2.1082,4.2165,14.6451,25.2988,27.8709,29.5153,4.2165,-3.1624,6.609999,7.0,2.242942,5,5,4,6,0.23444803,0.22537321,0.22987165,0E-8,0.000000,0.874569,0.556962,-0.00587607,2026-04-06,2026-07-24,4,5,5,110,0.036364,1.116901,1.089494,0.781493,,,,,,,,GLOBAL_BASELINE_NO_ENTITY_RANKING,,,NOT_APPLICABLE_GLOBAL_BASELINE,HF9g-P5,,,,X 全窗基线 · 不参与实体赏罚,6874221,688,A168_HF9F_20260827_0900,2026-08-27 09:00:00
2026-04-06,148302112,2222,0,3.1623553222,-3.1623553222,-3.1623553222,0E-7,1,1,0.08158750000000000,0.081587500000,-0.29805260355172214,-0.2980526035517222,-0.29805260355172214,0E-17,ELIGIBLE,R03b_20260811_FULL_v1,L1_ELIGIBILITY,v2026-08-11,2026-03-21..2026-08-06,baccarat_bet02_101_all_pairs_incl_sentinel,round_win = game_pnl > 0 (decisive only),COMPATIBILITY_ONLY_NOT_PRODUCTION,747.1272,653.4145,168.3824,79,27,-0.22537321,-0.22987165,-0.22399558,-0.22537321,-168.3824,747.1272,OK,0.0000,6.7353,4.0000,96.0000,AG03-UNRESOLVED,ALL5_LEVELS_bet23_to_bet27,6.7353,6.7353,6.7353,6.7353,6.7353,4.000000,4.000000,4.000000,4.000000,4.000000,96.000000,96.000000,96.000000,96.000000,96.000000,5.0,33.6765,31.088,134.7060,137.2944,PENDING_AG03,FALSE,NOT_FOR_ENFORCEMENT,161.6471,627.2779,168.3824,161.6471,6.7353,0.22537321,0.21635828,6.7353,161.6471,0.21635828,6.7353,6.7353,6.7353,6.7353,6.7353,161.6471,0.21635828,33.6765,31.088,134.7060,137.2944,0.18029857,0.18376316,0.00901493,9.4573,24.2005,6.2364,42.0956,33.6765,186.7818,6.7500,10.3037,9.2252,2.1082,4.2165,14.6451,25.2988,27.8709,29.5153,4.2165,-3.1624,6.609999,7.0,2.242942,5,5,4,6,0.23444803,0.22537321,0.22987165,0E-8,0.000000,0.874569,0.556962,-0.00587607,2026-04-06,2026-07-24,4,5,5,110,0.036364,1.116901,1.089494,0.781493,,,,,,,,GLOBAL_BASELINE_NO_ENTITY_RANKING,,,NOT_APPLICABLE_GLOBAL_BASELINE,HF9g-P5,,,,X 全窗基线 · 不参与实体赏罚,6874222,688,A168_HF9F_20260827_0900,2026-08-27 09:00:00
2026-04-07,148302112,1402,0,168.2373031436,-63.8163304031,-63.8163304031,0.4285714,18,7,0.38823511078656907,0.271118528571,0.21898057475235383,0.9371122809608095,0.21898057475235383,0.11711658221556907,ELIGIBLE,R03b_20260811_FULL_v1,L1_ELIGIBILITY,v2026-08-11,2026-03-21..2026-08-06,baccarat_bet02_101_all_pairs_incl_sentinel,round_win = game_pnl > 0 (decisive only),COMPATIBILITY_ONLY_NOT_PRODUCTION,747.1272,653.4145,168.3824,79,27,-0.22537321,-0.22987165,-0.22399558,-0.22537321,-168.3824,747.1272,OK,0.0000,6.7353,4.0000,96.0000,AG03-UNRESOLVED,ALL5_LEVELS_bet23_to_bet27,6.7353,6.7353,6.7353,6.7353,6.7353,4.000000,4.000000,4.000000,4.000000,4.000000,96.000000,96.000000,96.000000,96.000000,96.000000,5.0,33.6765,31.088,134.7060,137.2944,PENDING_AG03,FALSE,NOT_FOR_ENFORCEMENT,161.6471,627.2779,168.3824,161.6471,6.7353,0.22537321,0.21635828,6.7353,161.6471,0.21635828,6.7353,6.7353,6.7353,6.7353,6.7353,161.6471,0.21635828,33.6765,31.088,134.7060,137.2944,0.18029857,0.18376316,0.00901493,9.4573,24.2005,6.2364,42.0956,33.6765,186.7818,6.7500,10.3037,9.2252,2.1082,4.2165,14.6451,25.2988,27.8709,29.5153,4.2165,-3.1624,6.609999,7.0,2.242942,5,5,4,6,0.23444803,0.22537321,0.22987165,0E-8,0.000000,0.874569,0.556962,-0.00587607,2026-04-06,2026-07-24,4,5,5,110,0.036364,1.116901,1.089494,0.781493,,,,,,,,GLOBAL_BASELINE_NO_ENTITY_RANKING,,,NOT_APPLICABLE_GLOBAL_BASELINE,HF9g-P5,,,,X 全窗基线 · 不参与实体赏罚,6874223,688,A168_HF9F_20260827_0900,2026-08-27 09:00:00
2026-07-22,148302112,550,0,154.5190696154,-19.6214691575,-19.6214691575,0.3333333,13,6,0.39488019717251874,0.270769325000,-0.3084098165483339,0.3448799880365269,-0.3084098165483339,0.12411087217251874,ELIGIBLE,R03b_20260811_FULL_v1,L1_ELIGIBILITY,v2026-08-11,2026-03-21..2026-08-06,baccarat_bet02_101_all_pairs_incl_sentinel,round_win = game_pnl > 0 (decisive only),COMPATIBILITY_ONLY_NOT_PRODUCTION,747.1272,653.4145,168.3824,79,27,-0.22537321,-0.22987165,-0.22399558,-0.22537321,-168.3824,747.1272,OK,0.0000,6.7353,4.0000,96.0000,AG03-UNRESOLVED,ALL5_LEVELS_bet23_to_bet27,6.7353,6.7353,6.7353,6.7353,6.7353,4.000000,4.000000,4.000000,4.000000,4.000000,96.000000,96.000000,96.000000,96.000000,96.000000,5.0,33.6765,31.088,134.7060,137.2944,PENDING_AG03,FALSE,NOT_FOR_ENFORCEMENT,161.6471,627.2779,168.3824,161.6471,6.7353,0.22537321,0.21635828,6.7353,161.6471,0.21635828,6.7353,6.7353,6.7353,6.7353,6.7353,161.6471,0.21635828,33.6765,31.088,134.7060,137.2944,0.18029857,0.18376316,0.00901493,9.4573,24.2005,6.2364,42.0956,33.6765,186.7818,6.7500,10.3037,9.2252,2.1082,4.2165,14.6451,25.2988,27.8709,29.5153,4.2165,-3.1624,6.609999,7.0,2.242942,5,5,4,6,0.23444803,0.22537321,0.22987165,0E-8,0.000000,0.874569,0.556962,-0.00587607,2026-04-06,2026-07-24,4,5,5,110,0.036364,1.116901,1.089494,0.781493,,,,,,,,GLOBAL_BASELINE_NO_ENTITY_RANKING,,,NOT_APPLICABLE_GLOBAL_BASELINE,HF9g-P5,,,,X 全窗基线 · 不参与实体赏罚,6874224,688,A168_HF9F_20260827_0900,2026-08-27 09:00:00
2026-07-24,148302112,2170,0,20.6434206761,-20.6434206761,-20.6434206761,0E-7,4,2,0.20323677777780317,0.131513100000,-0.7142520714262304,-0.5503232602226986,-0.7142520714262304,0.07172367777780317,ELIGIBLE,R03b_20260811_FULL_v1,L1_ELIGIBILITY,v2026-08-11,2026-03-21..2026-08-06,baccarat_bet02_101_all_pairs_incl_sentinel,round_win = game_pnl > 0 (decisive only),COMPATIBILITY_ONLY_NOT_PRODUCTION,747.1272,653.4145,168.3824,79,27,-0.22537321,-0.22987165,-0.22399558,-0.22537321,-168.3824,747.1272,OK,0.0000,6.7353,4.0000,96.0000,AG03-UNRESOLVED,ALL5_LEVELS_bet23_to_bet27,6.7353,6.7353,6.7353,6.7353,6.7353,4.000000,4.000000,4.000000,4.000000,4.000000,96.000000,96.000000,96.000000,96.000000,96.000000,5.0,33.6765,31.088,134.7060,137.2944,PENDING_AG03,FALSE,NOT_FOR_ENFORCEMENT,161.6471,627.2779,168.3824,161.6471,6.7353,0.22537321,0.21635828,6.7353,161.6471,0.21635828,6.7353,6.7353,6.7353,6.7353,6.7353,161.6471,0.21635828,33.6765,31.088,134.7060,137.2944,0.18029857,0.18376316,0.00901493,9.4573,24.2005,6.2364,42.0956,33.6765,186.7818,6.7500,10.3037,9.2252,2.1082,4.2165,14.6451,25.2988,27.8709,29.5153,4.2165,-3.1624,6.609999,7.0,2.242942,5,5,4,6,0.23444803,0.22537321,0.22987165,0E-8,0.000000,0.874569,0.556962,-0.00587607,2026-04-06,2026-07-24,4,5,5,110,0.036364,1.116901,1.089494,0.781493,,,,,,,,GLOBAL_BASELINE_NO_ENTITY_RANKING,,,NOT_APPLICABLE_GLOBAL_BASELINE,HF9g-P5,,,,X 全窗基线 · 不参与实体赏罚,6874225,688,A168_HF9F_20260827_0900,2026-08-27 09:00:00
2026-07-19,153004072,-1,1,169.3646244805,-169.3646244805,-169.3646244805,0E-7,2,2,0.50665070000000000,0.506650700000,-1.4331513700195317,-1.4331513700195317,-1.4331513700195317,0E-17,SENTINEL_DEALER,R03b_20260811_FULL_v1,L1_ELIGIBILITY,v2026-08-11,2026-03-21..2026-08-06,baccarat_bet02_101_all_pairs_incl_sentinel,round_win = game_pnl > 0 (decisive only),COMPATIBILITY_ONLY_NOT_PRODUCTION,451.2948,371.7760,168.3835,8,8,-0.37311213,-0.37311213,,-0.37311213,-168.3835,451.2948,THIN_EXPOSURE,0.0000,6.7353,4.0000,96.0000,AG03-UNRESOLVED,ALL5_LEVELS_bet23_to_bet27,6.7353,6.7353,6.7353,8.4192,8.4192,4.000000,4.000000,4.000000,5.000000,5.000000,96.000000,96.000000,96.000000,95.000000,95.000000,5.0,37.0444,33.9336,131.3392,134.4499,PENDING_AG03,FALSE,NOT_FOR_ENFORCEMENT,161.6482,356.9050,168.3835,161.6482,6.7353,0.37311213,0.35818764,6.7353,161.6482,0.35818764,6.7353,6.7353,6.7353,8.4192,8.4192,161.6482,0.35818764,37.0444,33.9336,131.3392,134.4499,0.29102746,0.29792042,0.01492449,56.4118,46.4720,21.0479,84.1918,56.1278,225.6474,4.0000,56.4118,,37.4358,52.1519,79.2606,87.1092,90.3622,90.3622,51.6356,-23.236,1.732673,1.732673,1.081683,3,3,3,1,1.00000000,0.37311213,0.37311213,0E-8,0.000000,0.823799,0.000000,,2026-07-19,2026-07-21,2,3,3,3,0.666667,,1.000000,3.333333,,,,,,,,GLOBAL_BASELINE_NO_ENTITY_RANKING,,,NOT_APPLICABLE_GLOBAL_BASELINE,HF9g-P5,,,,X 全窗基线 · 不参与实体赏罚,6874226,688,A168_HF9F_20260827_0900,2026-08-27 09:00:00
2026-07-21,153004072,1401,0,75.9042676787,26.7988536907,26.7988536907,0.5000000,2,2,0.50665070000000000,0.506650700000,-0.018812684590367487,-0.018812684590367487,-0.018812684590367487,0E-17,ELIGIBLE,R03b_20260811_FULL_v1,L1_ELIGIBILITY,v2026-08-11,2026-03-21..2026-08-06,baccarat_bet02_101_all_pairs_incl_sentinel,round_win = game_pnl > 0 (decisive only),COMPATIBILITY_ONLY_NOT_PRODUCTION,451.2948,371.7760,168.3835,8,8,-0.37311213,-0.37311213,,-0.37311213,-168.3835,451.2948,THIN_EXPOSURE,0.0000,6.7353,4.0000,96.0000,AG03-UNRESOLVED,ALL5_LEVELS_bet23_to_bet27,6.7353,6.7353,6.7353,8.4192,8.4192,4.000000,4.000000,4.000000,5.000000,5.000000,96.000000,96.000000,96.000000,95.000000,95.000000,5.0,37.0444,33.9336,131.3392,134.4499,PENDING_AG03,FALSE,NOT_FOR_ENFORCEMENT,161.6482,356.9050,168.3835,161.6482,6.7353,0.37311213,0.35818764,6.7353,161.6482,0.35818764,6.7353,6.7353,6.7353,8.4192,8.4192,161.6482,0.35818764,37.0444,33.9336,131.3392,134.4499,0.29102746,0.29792042,0.01492449,56.4118,46.4720,21.0479,84.1918,56.1278,225.6474,4.0000,56.4118,,37.4358,52.1519,79.2606,87.1092,90.3622,90.3622,51.6356,-23.236,1.732673,1.732673,1.081683,3,3,3,1,1.00000000,0.37311213,0.37311213,0E-8,0.000000,0.823799,0.000000,,2026-07-19,2026-07-21,2,3,3,3,0.666667,,1.000000,3.333333,,,,,,,,GLOBAL_BASELINE_NO_ENTITY_RANKING,,,NOT_APPLICABLE_GLOBAL_BASELINE,HF9g-P5,,,,X 全窗基线 · 不参与实体赏罚,6874227,688,A168_HF9F_20260827_0900,2026-08-27 09:00:00
2026-07-21,153004072,2134,0,206.0258694136,-25.8177781220,-25.8177781220,0.3333333,4,4,0.50665070000000000,0.506650700000,-0.6004420894325239,-0.6004420894325239,-0.6004420894325239,0E-17,ELIGIBLE,R03b_20260811_FULL_v1,L1_ELIGIBILITY,v2026-08-11,2026-03-21..2026-08-06,baccarat_bet02_101_all_pairs_incl_sentinel,round_win = game_pnl > 0 (decisive only),COMPATIBILITY_ONLY_NOT_PRODUCTION,451.2948,371.7760,168.3835,8,8,-0.37311213,-0.37311213,,-0.37311213,-168.3835,451.2948,THIN_EXPOSURE,0.0000,6.7353,4.0000,96.0000,AG03-UNRESOLVED,ALL5_LEVELS_bet23_to_bet27,6.7353,6.7353,6.7353,8.4192,8.4192,4.000000,4.000000,4.000000,5.000000,5.000000,96.000000,96.000000,96.000000,95.000000,95.000000,5.0,37.0444,33.9336,131.3392,134.4499,PENDING_AG03,FALSE,NOT_FOR_ENFORCEMENT,161.6482,356.9050,168.3835,161.6482,6.7353,0.37311213,0.35818764,6.7353,161.6482,0.35818764,6.7353,6.7353,6.7353,8.4192,8.4192,161.6482,0.35818764,37.0444,33.9336,131.3392,134.4499,0.29102746,0.29792042,0.01492449,56.4118,46.4720,21.0479,84.1918,56.1278,225.6474,4.0000,56.4118,,37.4358,52.1519,79.2606,87.1092,90.3622,90.3622,51.6356,-23.236,1.732673,1.732673,1.081683,3,3,3,1,1.00000000,0.37311213,0.37311213,0E-8,0.000000,0.823799,0.000000,,2026-07-19,2026-07-21,2,3,3,3,0.666667,,1.000000,3.333333,,,,,,,,GLOBAL_BASELINE_NO_ENTITY_RANKING,,,NOT_APPLICABLE_GLOBAL_BASELINE,HF9g-P5,,,,X 全窗基线 · 不参与实体赏罚,6874228,688,A168_HF9F_20260827_0900,2026-08-27 09:00:00
2026-07-12,152904621,-1,1,122.6341822344,-61.3170911172,-61.3170911172,0E-7,2,2,0.50665070000000000,0.506650700000,-1.013391052207602,-1.013391052207602,-1.013391052207602,0E-17,SENTINEL_DEALER,R03b_20260811_FULL_v1,L1_ELIGIBILITY,v2026-08-11,2026-03-21..2026-08-06,baccarat_bet02_101_all_pairs_incl_sentinel,round_win = game_pnl > 0 (decisive only),COMPATIBILITY_ONLY_NOT_PRODUCTION,365.0780,229.0074,168.3965,8,8,-0.46126155,-0.46126155,,-0.46126155,-168.3965,365.0780,THIN_EXPOSURE,0.0000,6.7359,4.0000,96.0000,AG03-UNRESOLVED,ALL5_LEVELS_bet23_to_bet27,6.7359,6.7359,6.7359,6.7359,6.7359,4.000000,4.000000,4.000000,4.000000,4.000000,96.000000,96.000000,96.000000,96.000000,96.000000,5.0,33.6793,31.0906,134.7172,137.3059,PENDING_AG03,FALSE,NOT_FOR_ENFORCEMENT,161.6606,219.8471,168.3965,161.6606,6.7359,0.46126155,0.44281109,6.7359,161.6606,0.44281109,6.7359,6.7359,6.7359,6.7359,6.7359,161.6606,0.44281109,33.6793,31.0906,134.7172,137.3059,0.36900924,0.37610007,0.01845046,45.6348,28.6259,21.0496,56.1322,42.0991,121.6927,2.6667,45.6348,,33.8411,37.3768,61.3171,74.9654,80.8146,80.8146,24.7495,-9.5967,2.162162,2.162162,1.220939,4,4,2,2,1.00000000,0.46126155,0.46126155,0E-8,0.000000,0.627283,0.000000,,2026-07-12,2026-08-02,3,4,4,22,0.136364,,1.000000,3.333333,,,,,,,,GLOBAL_BASELINE_NO_ENTITY_RANKING,,,NOT_APPLICABLE_GLOBAL_BASELINE,HF9g-P5,,,,X 全窗基线 · 不参与实体赏罚,6874229,688,A168_HF9F_20260827_0900,2026-08-27 09:00:00
2026-08-01,152904621,2196,0,30.3054792306,30.3054792306,30.3054792306,1.0000000,1,1,0.49324550000000000,0.493245500000,1.01360149184955,1.01360149184955,1.01360149184955,0E-17,ELIGIBLE,R03b_20260811_FULL_v1,L1_ELIGIBILITY,v2026-08-11,2026-03-21..2026-08-06,baccarat_bet02_101_all_pairs_incl_sentinel,round_win = game_pnl > 0 (decisive only),COMPATIBILITY_ONLY_NOT_PRODUCTION,365.0780,229.0074,168.3965,8,8,-0.46126155,-0.46126155,,-0.46126155,-168.3965,365.0780,THIN_EXPOSURE,0.0000,6.7359,4.0000,96.0000,AG03-UNRESOLVED,ALL5_LEVELS_bet23_to_bet27,6.7359,6.7359,6.7359,6.7359,6.7359,4.000000,4.000000,4.000000,4.000000,4.000000,96.000000,96.000000,96.000000,96.000000,96.000000,5.0,33.6793,31.0906,134.7172,137.3059,PENDING_AG03,FALSE,NOT_FOR_ENFORCEMENT,161.6606,219.8471,168.3965,161.6606,6.7359,0.46126155,0.44281109,6.7359,161.6606,0.44281109,6.7359,6.7359,6.7359,6.7359,6.7359,161.6606,0.44281109,33.6793,31.0906,134.7172,137.3059,0.36900924,0.37610007,0.01845046,45.6348,28.6259,21.0496,56.1322,42.0991,121.6927,2.6667,45.6348,,33.8411,37.3768,61.3171,74.9654,80.8146,80.8146,24.7495,-9.5967,2.162162,2.162162,1.220939,4,4,2,2,1.00000000,0.46126155,0.46126155,0E-8,0.000000,0.627283,0.000000,,2026-07-12,2026-08-02,3,4,4,22,0.136364,,1.000000,3.333333,,,,,,,,GLOBAL_BASELINE_NO_ENTITY_RANKING,,,NOT_APPLICABLE_GLOBAL_BASELINE,HF9g-P5,,,,X 全窗基线 · 不参与实体赏罚,6874230,688,A168_HF9F_20260827_0900,2026-08-27 09:00:00
2026-08-01,152904621,2281,0,118.1913689995,-80.8146112817,-80.8146112817,0E-7,2,2,0.50665070000000000,0.506650700000,-1.013391052207602,-1.013391052207602,-1.013391052207602,0E-17,ELIGIBLE,R03b_20260811_FULL_v1,L1_ELIGIBILITY,v2026-08-11,2026-03-21..2026-08-06,baccarat_bet02_101_all_pairs_incl_sentinel,round_win = game_pnl > 0 (decisive only),COMPATIBILITY_ONLY_NOT_PRODUCTION,365.0780,229.0074,168.3965,8,8,-0.46126155,-0.46126155,,-0.46126155,-168.3965,365.0780,THIN_EXPOSURE,0.0000,6.7359,4.0000,96.0000,AG03-UNRESOLVED,ALL5_LEVELS_bet23_to_bet27,6.7359,6.7359,6.7359,6.7359,6.7359,4.000000,4.000000,4.000000,4.000000,4.000000,96.000000,96.000000,96.000000,96.000000,96.000000,5.0,33.6793,31.0906,134.7172,137.3059,PENDING_AG03,FALSE,NOT_FOR_ENFORCEMENT,161.6606,219.8471,168.3965,161.6606,6.7359,0.46126155,0.44281109,6.7359,161.6606,0.44281109,6.7359,6.7359,6.7359,6.7359,6.7359,161.6606,0.44281109,33.6793,31.0906,134.7172,137.3059,0.36900924,0.37610007,0.01845046,45.6348,28.6259,21.0496,56.1322,42.0991,121.6927,2.6667,45.6348,,33.8411,37.3768,61.3171,74.9654,80.8146,80.8146,24.7495,-9.5967,2.162162,2.162162,1.220939,4,4,2,2,1.00000000,0.46126155,0.46126155,0E-8,0.000000,0.627283,0.000000,,2026-07-12,2026-08-02,3,4,4,22,0.136364,,1.000000,3.333333,,,,,,,,GLOBAL_BASELINE_NO_ENTITY_RANKING,,,NOT_APPLICABLE_GLOBAL_BASELINE,HF9g-P5,,,,X 全窗基线 · 不参与实体赏罚,6874231,688,A168_HF9F_20260827_0900,2026-08-27 09:00:00
2026-08-01,152904621,789,0,74.7535154356,-37.3767577178,-37.3767577178,0E-7,2,2,0.49324550000000000,0.493245500000,-0.9865810262130424,-0.9865810262130424,-0.9865810262130424,0E-17,ELIGIBLE,R03b_20260811_FULL_v1,L1_ELIGIBILITY,v2026-08-11,2026-03-21..2026-08-06,baccarat_bet02_101_all_pairs_incl_sentinel,round_win = game_pnl > 0 (decisive only),COMPATIBILITY_ONLY_NOT_PRODUCTION,365.0780,229.0074,168.3965,8,8,-0.46126155,-0.46126155,,-0.46126155,-168.3965,365.0780,THIN_EXPOSURE,0.0000,6.7359,4.0000,96.0000,AG03-UNRESOLVED,ALL5_LEVELS_bet23_to_bet27,6.7359,6.7359,6.7359,6.7359,6.7359,4.000000,4.000000,4.000000,4.000000,4.000000,96.000000,96.000000,96.000000,96.000000,96.000000,5.0,33.6793,31.0906,134.7172,137.3059,PENDING_AG03,FALSE,NOT_FOR_ENFORCEMENT,161.6606,219.8471,168.3965,161.6606,6.7359,0.46126155,0.44281109,6.7359,161.6606,0.44281109,6.7359,6.7359,6.7359,6.7359,6.7359,161.6606,0.44281109,33.6793,31.0906,134.7172,137.3059,0.36900924,0.37610007,0.01845046,45.6348,28.6259,21.0496,56.1322,42.0991,121.6927,2.6667,45.6348,,33.8411,37.3768,61.3171,74.9654,80.8146,80.8146,24.7495,-9.5967,2.162162,2.162162,1.220939,4,4,2,2,1.00000000,0.46126155,0.46126155,0E-8,0.000000,0.627283,0.000000,,2026-07-12,2026-08-02,3,4,4,22,0.136364,,1.000000,3.333333,,,,,,,,GLOBAL_BASELINE_NO_ENTITY_RANKING,,,NOT_APPLICABLE_GLOBAL_BASELINE,HF9g-P5,,,,X 全窗基线 · 不参与实体赏罚,6874232,688,A168_HF9F_20260827_0900,2026-08-27 09:00:00
2026-08-02,152904621,-1,1,19.1934701794,-19.1934701794,-19.1934701794,0E-7,1,1,0.49324550000000000,0.493245500000,-0.9865810262130424,-0.9865810262130424,-0.9865810262130424,0E-17,SENTINEL_DEALER,R03b_20260811_FULL_v1,L1_ELIGIBILITY,v2026-08-11,2026-03-21..2026-08-06,baccarat_bet02_101_all_pairs_incl_sentinel,round_win = game_pnl > 0 (decisive only),COMPATIBILITY_ONLY_NOT_PRODUCTION,365.0780,229.0074,168.3965,8,8,-0.46126155,-0.46126155,,-0.46126155,-168.3965,365.0780,THIN_EXPOSURE,0.0000,6.7359,4.0000,96.0000,AG03-UNRESOLVED,ALL5_LEVELS_bet23_to_bet27,6.7359,6.7359,6.7359,6.7359,6.7359,4.000000,4.000000,4.000000,4.000000,4.000000,96.000000,96.000000,96.000000,96.000000,96.000000,5.0,33.6793,31.0906,134.7172,137.3059,PENDING_AG03,FALSE,NOT_FOR_ENFORCEMENT,161.6606,219.8471,168.3965,161.6606,6.7359,0.46126155,0.44281109,6.7359,161.6606,0.44281109,6.7359,6.7359,6.7359,6.7359,6.7359,161.6606,0.44281109,33.6793,31.0906,134.7172,137.3059,0.36900924,0.37610007,0.01845046,45.6348,28.6259,21.0496,56.1322,42.0991,121.6927,2.6667,45.6348,,33.8411,37.3768,61.3171,74.9654,80.8146,80.8146,24.7495,-9.5967,2.162162,2.162162,1.220939,4,4,2,2,1.00000000,0.46126155,0.46126155,0E-8,0.000000,0.627283,0.000000,,2026-07-12,2026-08-02,3,4,4,22,0.136364,,1.000000,3.333333,,,,,,,,GLOBAL_BASELINE_NO_ENTITY_RANKING,,,NOT_APPLICABLE_GLOBAL_BASELINE,HF9g-P5,,,,X 全窗基线 · 不参与实体赏罚,6874233,688,A168_HF9F_20260827_0900,2026-08-27 09:00:00
2026-05-29,150742580,2251,0,51.8914431010,-51.8914431010,-51.8914431010,0E-7,1,1,0.49324550000000000,0.493245500000,-0.9865810262130424,-0.9865810262130424,-0.9865810262130424,0E-17,ELIGIBLE,R03b_20260811_FULL_v1,L1_ELIGIBILITY,v2026-08-11,2026-03-21..2026-08-06,baccarat_bet02_101_all_pairs_incl_sentinel,round_win = game_pnl > 0 (decisive only),COMPATIBILITY_ONLY_NOT_PRODUCTION,322.8546,322.8546,166.6613,7,7,-0.51621177,,-0.51621177,-0.51621177,-166.6613,322.8546,THIN_EXPOSURE,0.0000,4.9998,3.0000,97.0000,AG03-UNRESOLVED,ALL5_LEVELS_bet23_to_bet27,4.9998,4.9998,4.9998,6.6665,6.6665,3.000000,3.000000,3.000000,4.000000,4.000000,97.000000,97.000000,97.000000,96.000000,96.000000,5.0,28.3324,26.4792,138.3289,140.1821,PENDING_AG03,FALSE,NOT_FOR_ENFORCEMENT,161.6615,313.1689,166.6613,161.6615,4.9998,0.51621177,0.50072542,4.9998,161.6615,0.50072542,4.9998,4.9998,4.9998,6.6665,6.6665,161.6615,0.50072542,28.3324,26.4792,138.3289,140.1821,0.42845577,0.43419575,0.01548635,46.1221,46.1221,23.8088,55.5538,23.8088,107.6182,2.3333,,46.1221,32.3171,51.4311,52.086,72.1475,77.1466,77.1466,51.4311,-51.4311,1.5,1.5,0.896775,7,7,3,2,0E-8,0.51621177,,0E-8,0.000000,1.000000,0.000000,,2026-05-29,2026-06-13,3,7,7,16,0.187500,,,0.000000,,,,,,,,GLOBAL_BASELINE_NO_ENTITY_RANKING,,,NOT_APPLICABLE_GLOBAL_BASELINE,HF9g-P5,,,,X 全窗基线 · 不参与实体赏罚,6874234,688,A168_HF9F_20260827_0900,2026-08-27 09:00:00
2026-05-29,150742580,919,0,52.1509003165,52.1509003165,52.1509003165,1.0000000,1,1,0.49324550000000000,0.493245500000,1.01360149184955,1.01360149184955,1.01360149184955,0E-17,ELIGIBLE,R03b_20260811_FULL_v1,L1_ELIGIBILITY,v2026-08-11,2026-03-21..2026-08-06,baccarat_bet02_101_all_pairs_incl_sentinel,round_win = game_pnl > 0 (decisive only),COMPATIBILITY_ONLY_NOT_PRODUCTION,322.8546,322.8546,166.6613,7,7,-0.51621177,,-0.51621177,-0.51621177,-166.6613,322.8546,THIN_EXPOSURE,0.0000,4.9998,3.0000,97.0000,AG03-UNRESOLVED,ALL5_LEVELS_bet23_to_bet27,4.9998,4.9998,4.9998,6.6665,6.6665,3.000000,3.000000,3.000000,4.000000,4.000000,97.000000,97.000000,97.000000,96.000000,96.000000,5.0,28.3324,26.4792,138.3289,140.1821,PENDING_AG03,FALSE,NOT_FOR_ENFORCEMENT,161.6615,313.1689,166.6613,161.6615,4.9998,0.51621177,0.50072542,4.9998,161.6615,0.50072542,4.9998,4.9998,4.9998,6.6665,6.6665,161.6615,0.50072542,28.3324,26.4792,138.3289,140.1821,0.42845577,0.43419575,0.01548635,46.1221,46.1221,23.8088,55.5538,23.8088,107.6182,2.3333,,46.1221,32.3171,51.4311,52.086,72.1475,77.1466,77.1466,51.4311,-51.4311,1.5,1.5,0.896775,7,7,3,2,0E-8,0.51621177,,0E-8,0.000000,1.000000,0.000000,,2026-05-29,2026-06-13,3,7,7,16,0.187500,,,0.000000,,,,,,,,GLOBAL_BASELINE_NO_ENTITY_RANKING,,,NOT_APPLICABLE_GLOBAL_BASELINE,HF9g-P5,,,,X 全窗基线 · 不参与实体赏罚,6874235,688,A168_HF9F_20260827_0900,2026-08-27 09:00:00
2026-05-29,150742580,948,0,25.9457215505,25.9457215505,25.9457215505,1.0000000,1,1,0.49324550000000000,0.493245500000,1.01360149184955,1.01360149184955,1.01360149184955,0E-17,ELIGIBLE,R03b_20260811_FULL_v1,L1_ELIGIBILITY,v2026-08-11,2026-03-21..2026-08-06,baccarat_bet02_101_all_pairs_incl_sentinel,round_win = game_pnl > 0 (decisive only),COMPATIBILITY_ONLY_NOT_PRODUCTION,322.8546,322.8546,166.6613,7,7,-0.51621177,,-0.51621177,-0.51621177,-166.6613,322.8546,THIN_EXPOSURE,0.0000,4.9998,3.0000,97.0000,AG03-UNRESOLVED,ALL5_LEVELS_bet23_to_bet27,4.9998,4.9998,4.9998,6.6665,6.6665,3.000000,3.000000,3.000000,4.000000,4.000000,97.000000,97.000000,97.000000,96.000000,96.000000,5.0,28.3324,26.4792,138.3289,140.1821,PENDING_AG03,FALSE,NOT_FOR_ENFORCEMENT,161.6615,313.1689,166.6613,161.6615,4.9998,0.51621177,0.50072542,4.9998,161.6615,0.50072542,4.9998,4.9998,4.9998,6.6665,6.6665,161.6615,0.50072542,28.3324,26.4792,138.3289,140.1821,0.42845577,0.43419575,0.01548635,46.1221,46.1221,23.8088,55.5538,23.8088,107.6182,2.3333,,46.1221,32.3171,51.4311,52.086,72.1475,77.1466,77.1466,51.4311,-51.4311,1.5,1.5,0.896775,7,7,3,2,0E-8,0.51621177,,0E-8,0.000000,1.000000,0.000000,,2026-05-29,2026-06-13,3,7,7,16,0.187500,,,0.000000,,,,,,,,GLOBAL_BASELINE_NO_ENTITY_RANKING,,,NOT_APPLICABLE_GLOBAL_BASELINE,HF9g-P5,,,,X 全窗基线 · 不参与实体赏罚,6874236,688,A168_HF9F_20260827_0900,2026-08-27 09:00:00
2026-06-02,150742580,1405,0,12.8577673773,-12.8577673773,-12.8577673773,0E-7,1,1,0.49324550000000000,0.493245500000,-0.9865810262130424,-0.9865810262130424,-0.9865810262130424,0E-17,ELIGIBLE,R03b_20260811_FULL_v1,L1_ELIGIBILITY,v2026-08-11,2026-03-21..2026-08-06,baccarat_bet02_101_all_pairs_incl_sentinel,round_win = game_pnl > 0 (decisive only),COMPATIBILITY_ONLY_NOT_PRODUCTION,322.8546,322.8546,166.6613,7,7,-0.51621177,,-0.51621177,-0.51621177,-166.6613,322.8546,THIN_EXPOSURE,0.0000,4.9998,3.0000,97.0000,AG03-UNRESOLVED,ALL5_LEVELS_bet23_to_bet27,4.9998,4.9998,4.9998,6.6665,6.6665,3.000000,3.000000,3.000000,4.000000,4.000000,97.000000,97.000000,97.000000,96.000000,96.000000,5.0,28.3324,26.4792,138.3289,140.1821,PENDING_AG03,FALSE,NOT_FOR_ENFORCEMENT,161.6615,313.1689,166.6613,161.6615,4.9998,0.51621177,0.50072542,4.9998,161.6615,0.50072542,4.9998,4.9998,4.9998,6.6665,6.6665,161.6615,0.50072542,28.3324,26.4792,138.3289,140.1821,0.42845577,0.43419575,0.01548635,46.1221,46.1221,23.8088,55.5538,23.8088,107.6182,2.3333,,46.1221,32.3171,51.4311,52.086,72.1475,77.1466,77.1466,51.4311,-51.4311,1.5,1.5,0.896775,7,7,3,2,0E-8,0.51621177,,0E-8,0.000000,1.000000,0.000000,,2026-05-29,2026-06-13,3,7,7,16,0.187500,,,0.000000,,,,,,,,GLOBAL_BASELINE_NO_ENTITY_RANKING,,,NOT_APPLICABLE_GLOBAL_BASELINE,HF9g-P5,,,,X 全窗基线 · 不参与实体赏罚,6874237,688,A168_HF9F_20260827_0900,2026-08-27 09:00:00
2026-06-13,150742580,-1,1,51.4310695091,-51.4310695091,-51.4310695091,0E-7,1,1,0.50665070000000000,0.506650700000,-1.013391052207602,-1.013391052207602,-1.013391052207602,0E-17,SENTINEL_DEALER,R03b_20260811_FULL_v1,L1_ELIGIBILITY,v2026-08-11,2026-03-21..2026-08-06,baccarat_bet02_101_all_pairs_incl_sentinel,round_win = game_pnl > 0 (decisive only),COMPATIBILITY_ONLY_NOT_PRODUCTION,322.8546,322.8546,166.6613,7,7,-0.51621177,,-0.51621177,-0.51621177,-166.6613,322.8546,THIN_EXPOSURE,0.0000,4.9998,3.0000,97.0000,AG03-UNRESOLVED,ALL5_LEVELS_bet23_to_bet27,4.9998,4.9998,4.9998,6.6665,6.6665,3.000000,3.000000,3.000000,4.000000,4.000000,97.000000,97.000000,97.000000,96.000000,96.000000,5.0,28.3324,26.4792,138.3289,140.1821,PENDING_AG03,FALSE,NOT_FOR_ENFORCEMENT,161.6615,313.1689,166.6613,161.6615,4.9998,0.51621177,0.50072542,4.9998,161.6615,0.50072542,4.9998,4.9998,4.9998,6.6665,6.6665,161.6615,0.50072542,28.3324,26.4792,138.3289,140.1821,0.42845577,0.43419575,0.01548635,46.1221,46.1221,23.8088,55.5538,23.8088,107.6182,2.3333,,46.1221,32.3171,51.4311,52.086,72.1475,77.1466,77.1466,51.4311,-51.4311,1.5,1.5,0.896775,7,7,3,2,0E-8,0.51621177,,0E-8,0.000000,1.000000,0.000000,,2026-05-29,2026-06-13,3,7,7,16,0.187500,,,0.000000,,,,,,,,GLOBAL_BASELINE_NO_ENTITY_RANKING,,,NOT_APPLICABLE_GLOBAL_BASELINE,HF9g-P5,,,,X 全窗基线 · 不参与实体赏罚,6874238,688,A168_HF9F_20260827_0900,2026-08-27 09:00:00
2026-06-13,150742580,1151,0,77.1466042636,-77.1466042636,-77.1466042636,0E-7,1,1,0.49324550000000000,0.493245500000,-0.9865810262130424,-0.9865810262130424,-0.9865810262130424,0E-17,ELIGIBLE,R03b_20260811_FULL_v1,L1_ELIGIBILITY,v2026-08-11,2026-03-21..2026-08-06,baccarat_bet02_101_all_pairs_incl_sentinel,round_win = game_pnl > 0 (decisive only),COMPATIBILITY_ONLY_NOT_PRODUCTION,322.8546,322.8546,166.6613,7,7,-0.51621177,,-0.51621177,-0.51621177,-166.6613,322.8546,THIN_EXPOSURE,0.0000,4.9998,3.0000,97.0000,AG03-UNRESOLVED,ALL5_LEVELS_bet23_to_bet27,4.9998,4.9998,4.9998,6.6665,6.6665,3.000000,3.000000,3.000000,4.000000,4.000000,97.000000,97.000000,97.000000,96.000000,96.000000,5.0,28.3324,26.4792,138.3289,140.1821,PENDING_AG03,FALSE,NOT_FOR_ENFORCEMENT,161.6615,313.1689,166.6613,161.6615,4.9998,0.51621177,0.50072542,4.9998,161.6615,0.50072542,4.9998,4.9998,4.9998,6.6665,6.6665,161.6615,0.50072542,28.3324,26.4792,138.3289,140.1821,0.42845577,0.43419575,0.01548635,46.1221,46.1221,23.8088,55.5538,23.8088,107.6182,2.3333,,46.1221,32.3171,51.4311,52.086,72.1475,77.1466,77.1466,51.4311,-51.4311,1.5,1.5,0.896775,7,7,3,2,0E-8,0.51621177,,0E-8,0.000000,1.000000,0.000000,,2026-05-29,2026-06-13,3,7,7,16,0.187500,,,0.000000,,,,,,,,GLOBAL_BASELINE_NO_ENTITY_RANKING,,,NOT_APPLICABLE_GLOBAL_BASELINE,HF9g-P5,,,,X 全窗基线 · 不参与实体赏罚,6874239,688,A168_HF9F_20260827_0900,2026-08-27 09:00:00
2026-06-13,150742580,2210,0,51.4310695091,-51.4310695091,-51.4310695091,0E-7,1,1,0.49324550000000000,0.493245500000,-0.9865810262130424,-0.9865810262130424,-0.9865810262130424,0E-17,ELIGIBLE,R03b_20260811_FULL_v1,L1_ELIGIBILITY,v2026-08-11,2026-03-21..2026-08-06,baccarat_bet02_101_all_pairs_incl_sentinel,round_win = game_pnl > 0 (decisive only),COMPATIBILITY_ONLY_NOT_PRODUCTION,322.8546,322.8546,166.6613,7,7,-0.51621177,,-0.51621177,-0.51621177,-166.6613,322.8546,THIN_EXPOSURE,0.0000,4.9998,3.0000,97.0000,AG03-UNRESOLVED,ALL5_LEVELS_bet23_to_bet27,4.9998,4.9998,4.9998,6.6665,6.6665,3.000000,3.000000,3.000000,4.000000,4.000000,97.000000,97.000000,97.000000,96.000000,96.000000,5.0,28.3324,26.4792,138.3289,140.1821,PENDING_AG03,FALSE,NOT_FOR_ENFORCEMENT,161.6615,313.1689,166.6613,161.6615,4.9998,0.51621177,0.50072542,4.9998,161.6615,0.50072542,4.9998,4.9998,4.9998,6.6665,6.6665,161.6615,0.50072542,28.3324,26.4792,138.3289,140.1821,0.42845577,0.43419575,0.01548635,46.1221,46.1221,23.8088,55.5538,23.8088,107.6182,2.3333,,46.1221,32.3171,51.4311,52.086,72.1475,77.1466,77.1466,51.4311,-51.4311,1.5,1.5,0.896775,7,7,3,2,0E-8,0.51621177,,0E-8,0.000000,1.000000,0.000000,,2026-05-29,2026-06-13,3,7,7,16,0.187500,,,0.000000,,,,,,,,GLOBAL_BASELINE_NO_ENTITY_RANKING,,,NOT_APPLICABLE_GLOBAL_BASELINE,HF9g-P5,,,,X 全窗基线 · 不参与实体赏罚,6874240,688,A168_HF9F_20260827_0900,2026-08-27 09:00:00
2026-03-26,144442060,1941,0,13.1658635490,7.6362008584,7.6362008584,1.0000000,4,4,0.49994810000000000,0.499948100000,1.7322306037746105,1.7322306037746105,1.7322306037746105,0E-17,ELIGIBLE,R03b_20260811_FULL_v1,L1_ELIGIBILITY,v2026-08-11,2026-03-21..2026-08-06,baccarat_bet02_101_all_pairs_incl_sentinel,round_win = game_pnl > 0 (decisive only),COMPATIBILITY_ONLY_NOT_PRODUCTION,1525.0947,1386.4987,166.6752,164,138,-0.10928842,,-0.10928842,-0.10928842,-166.6752,1525.0947,OK,0.0000,5.0003,3.0000,97.0000,AG03-UNRESOLVED,ALL5_LEVELS_bet23_to_bet27,5.0003,5.0003,5.0003,6.6670,6.6670,3.000000,3.000000,3.000000,4.000000,4.000000,97.000000,97.000000,97.000000,96.000000,96.000000,5.0,28.3348,26.4814,138.3404,140.1937,PENDING_AG03,FALSE,NOT_FOR_ENFORCEMENT,161.6749,1344.9037,166.6752,161.6749,5.0003,0.10928842,0.10600977,5.0003,161.6749,0.10600977,5.0003,5.0003,5.0003,6.6670,6.6670,161.6749,0.10600977,28.3348,26.4814,138.3404,140.1937,0.09070939,0.09192462,0.00327865,9.2994,10.0471,1.2078,41.6688,6.4106,381.2737,34.5000,,9.2994,5.1431,7.7147,12.6006,16.5865,20.5724,30.4986,7.7147,-2.5716,2.666667,3.953334,1.205414,18,24,2,3,0E-8,0.10928842,,0E-8,0.000000,0.909123,0.000000,,2026-03-26,2026-06-13,4,26,21,80,0.050000,,,0.000000,,,,,,,,GLOBAL_BASELINE_NO_ENTITY_RANKING,,,NOT_APPLICABLE_GLOBAL_BASELINE,HF9g-P5,,,,X 全窗基线 · 不参与实体赏罚,6874241,688,A168_HF9F_20260827_0900,2026-08-27 09:00:00
2026-03-26,144442060,2202,0,5.2663454196,0E-10,0E-10,,1,1,0.49324550000000000,0.493245500000,,,,0E-17,NO_DECISIVE_ROUND,R03b_20260811_FULL_v1,L1_ELIGIBILITY,v2026-08-11,2026-03-21..2026-08-06,baccarat_bet02_101_all_pairs_incl_sentinel,round_win = game_pnl > 0 (decisive only),COMPATIBILITY_ONLY_NOT_PRODUCTION,1525.0947,1386.4987,166.6752,164,138,-0.10928842,,-0.10928842,-0.10928842,-166.6752,1525.0947,OK,0.0000,5.0003,3.0000,97.0000,AG03-UNRESOLVED,ALL5_LEVELS_bet23_to_bet27,5.0003,5.0003,5.0003,6.6670,6.6670,3.000000,3.000000,3.000000,4.000000,4.000000,97.000000,97.000000,97.000000,96.000000,96.000000,5.0,28.3348,26.4814,138.3404,140.1937,PENDING_AG03,FALSE,NOT_FOR_ENFORCEMENT,161.6749,1344.9037,166.6752,161.6749,5.0003,0.10928842,0.10600977,5.0003,161.6749,0.10600977,5.0003,5.0003,5.0003,6.6670,6.6670,161.6749,0.10600977,28.3348,26.4814,138.3404,140.1937,0.09070939,0.09192462,0.00327865,9.2994,10.0471,1.2078,41.6688,6.4106,381.2737,34.5000,,9.2994,5.1431,7.7147,12.6006,16.5865,20.5724,30.4986,7.7147,-2.5716,2.666667,3.953334,1.205414,18,24,2,3,0E-8,0.10928842,,0E-8,0.000000,0.909123,0.000000,,2026-03-26,2026-06-13,4,26,21,80,0.050000,,,0.000000,,,,,,,,GLOBAL_BASELINE_NO_ENTITY_RANKING,,,NOT_APPLICABLE_GLOBAL_BASELINE,HF9g-P5,,,,X 全窗基线 · 不参与实体赏罚,6874242,688,A168_HF9F_20260827_0900,2026-08-27 09:00:00
2026-03-26,144442060,2233,0,10.5326908392,5.0030281486,5.0030281486,0.6666667,3,3,0.49771390000000000,0.497713900000,0.5852756695216578,0.5852756695216578,0.5852756695216578,0E-17,ELIGIBLE,R03b_20260811_FULL_v1,L1_ELIGIBILITY,v2026-08-11,2026-03-21..2026-08-06,baccarat_bet02_101_all_pairs_incl_sentinel,round_win = game_pnl > 0 (decisive only),COMPATIBILITY_ONLY_NOT_PRODUCTION,1525.0947,1386.4987,166.6752,164,138,-0.10928842,,-0.10928842,-0.10928842,-166.6752,1525.0947,OK,0.0000,5.0003,3.0000,97.0000,AG03-UNRESOLVED,ALL5_LEVELS_bet23_to_bet27,5.0003,5.0003,5.0003,6.6670,6.6670,3.000000,3.000000,3.000000,4.000000,4.000000,97.000000,97.000000,97.000000,96.000000,96.000000,5.0,28.3348,26.4814,138.3404,140.1937,PENDING_AG03,FALSE,NOT_FOR_ENFORCEMENT,161.6749,1344.9037,166.6752,161.6749,5.0003,0.10928842,0.10600977,5.0003,161.6749,0.10600977,5.0003,5.0003,5.0003,6.6670,6.6670,161.6749,0.10600977,28.3348,26.4814,138.3404,140.1937,0.09070939,0.09192462,0.00327865,9.2994,10.0471,1.2078,41.6688,6.4106,381.2737,34.5000,,9.2994,5.1431,7.7147,12.6006,16.5865,20.5724,30.4986,7.7147,-2.5716,2.666667,3.953334,1.205414,18,24,2,3,0E-8,0.10928842,,0E-8,0.000000,0.909123,0.000000,,2026-03-26,2026-06-13,4,26,21,80,0.050000,,,0.000000,,,,,,,,GLOBAL_BASELINE_NO_ENTITY_RANKING,,,NOT_APPLICABLE_GLOBAL_BASELINE,HF9g-P5,,,,X 全窗基线 · 不参与实体赏罚,6874243,688,A168_HF9F_20260827_0900,2026-08-27 09:00:00
2026-06-09,144442060,-1,1,103.8907604084,19.8781083651,19.8781083651,0.5555556,11,11,0.50177608181818182,0.501776081818,0.3226788781901678,0.3226788781912583,0.3226788781901678,1.8182E-13,SENTINEL_DEALER,R03b_20260811_FULL_v1,L1_ELIGIBILITY,v2026-08-11,2026-03-21..2026-08-06,baccarat_bet02_101_all_pairs_incl_sentinel,round_win = game_pnl > 0 (decisive only),COMPATIBILITY_ONLY_NOT_PRODUCTION,1525.0947,1386.4987,166.6752,164,138,-0.10928842,,-0.10928842,-0.10928842,-166.6752,1525.0947,OK,0.0000,5.0003,3.0000,97.0000,AG03-UNRESOLVED,ALL5_LEVELS_bet23_to_bet27,5.0003,5.0003,5.0003,6.6670,6.6670,3.000000,3.000000,3.000000,4.000000,4.000000,97.000000,97.000000,97.000000,96.000000,96.000000,5.0,28.3348,26.4814,138.3404,140.1937,PENDING_AG03,FALSE,NOT_FOR_ENFORCEMENT,161.6749,1344.9037,166.6752,161.6749,5.0003,0.10928842,0.10600977,5.0003,161.6749,0.10600977,5.0003,5.0003,5.0003,6.6670,6.6670,161.6749,0.10600977,28.3348,26.4814,138.3404,140.1937,0.09070939,0.09192462,0.00327865,9.2994,10.0471,1.2078,41.6688,6.4106,381.2737,34.5000,,9.2994,5.1431,7.7147,12.6006,16.5865,20.5724,30.4986,7.7147,-2.5716,2.666667,3.953334,1.205414,18,24,2,3,0E-8,0.10928842,,0E-8,0.000000,0.909123,0.000000,,2026-03-26,2026-06-13,4,26,21,80,0.050000,,,0.000000,,,,,,,,GLOBAL_BASELINE_NO_ENTITY_RANKING,,,NOT_APPLICABLE_GLOBAL_BASELINE,HF9g-P5,,,,X 全窗基线 · 不参与实体赏罚,6874244,688,A168_HF9F_20260827_0900,2026-08-27 09:00:00
2026-06-09,144442060,1094,0,126.0061202973,28.9299765988,28.9299765988,0.6666667,11,10,0.48830638249989985,0.478005185000,1.0704544944151746,1.1330657115428446,1.0704544944151746,0.01030119749989985,ELIGIBLE,R03b_20260811_FULL_v1,L1_ELIGIBILITY,v2026-08-11,2026-03-21..2026-08-06,baccarat_bet02_101_all_pairs_incl_sentinel,round_win = game_pnl > 0 (decisive only),COMPATIBILITY_ONLY_NOT_PRODUCTION,1525.0947,1386.4987,166.6752,164,138,-0.10928842,,-0.10928842,-0.10928842,-166.6752,1525.0947,OK,0.0000,5.0003,3.0000,97.0000,AG03-UNRESOLVED,ALL5_LEVELS_bet23_to_bet27,5.0003,5.0003,5.0003,6.6670,6.6670,3.000000,3.000000,3.000000,4.000000,4.000000,97.000000,97.000000,97.000000,96.000000,96.000000,5.0,28.3348,26.4814,138.3404,140.1937,PENDING_AG03,FALSE,NOT_FOR_ENFORCEMENT,161.6749,1344.9037,166.6752,161.6749,5.0003,0.10928842,0.10600977,5.0003,161.6749,0.10600977,5.0003,5.0003,5.0003,6.6670,6.6670,161.6749,0.10600977,28.3348,26.4814,138.3404,140.1937,0.09070939,0.09192462,0.00327865,9.2994,10.0471,1.2078,41.6688,6.4106,381.2737,34.5000,,9.2994,5.1431,7.7147,12.6006,16.5865,20.5724,30.4986,7.7147,-2.5716,2.666667,3.953334,1.205414,18,24,2,3,0E-8,0.10928842,,0E-8,0.000000,0.909123,0.000000,,2026-03-26,2026-06-13,4,26,21,80,0.050000,,,0.000000,,,,,,,,GLOBAL_BASELINE_NO_ENTITY_RANKING,,,NOT_APPLICABLE_GLOBAL_BASELINE,HF9g-P5,,,,X 全窗基线 · 不参与实体赏罚,6874245,688,A168_HF9F_20260827_0900,2026-08-27 09:00:00
2026-06-09,144442060,1157,0,472.6515287887,-121.5059017154,-121.5059017154,0.4583333,40,25,0.44199377645359167,0.377942354000,0.16118265191451234,0.8122408768817723,0.16118265191451234,0.06405142245359167,ELIGIBLE,R03b_20260811_FULL_v1,L1_ELIGIBILITY,v2026-08-11,2026-03-21..2026-08-06,baccarat_bet02_101_all_pairs_incl_sentinel,round_win = game_pnl > 0 (decisive only),COMPATIBILITY_ONLY_NOT_PRODUCTION,1525.0947,1386.4987,166.6752,164,138,-0.10928842,,-0.10928842,-0.10928842,-166.6752,1525.0947,OK,0.0000,5.0003,3.0000,97.0000,AG03-UNRESOLVED,ALL5_LEVELS_bet23_to_bet27,5.0003,5.0003,5.0003,6.6670,6.6670,3.000000,3.000000,3.000000,4.000000,4.000000,97.000000,97.000000,97.000000,96.000000,96.000000,5.0,28.3348,26.4814,138.3404,140.1937,PENDING_AG03,FALSE,NOT_FOR_ENFORCEMENT,161.6749,1344.9037,166.6752,161.6749,5.0003,0.10928842,0.10600977,5.0003,161.6749,0.10600977,5.0003,5.0003,5.0003,6.6670,6.6670,161.6749,0.10600977,28.3348,26.4814,138.3404,140.1937,0.09070939,0.09192462,0.00327865,9.2994,10.0471,1.2078,41.6688,6.4106,381.2737,34.5000,,9.2994,5.1431,7.7147,12.6006,16.5865,20.5724,30.4986,7.7147,-2.5716,2.666667,3.953334,1.205414,18,24,2,3,0E-8,0.10928842,,0E-8,0.000000,0.909123,0.000000,,2026-03-26,2026-06-13,4,26,21,80,0.050000,,,0.000000,,,,,,,,GLOBAL_BASELINE_NO_ENTITY_RANKING,,,NOT_APPLICABLE_GLOBAL_BASELINE,HF9g-P5,,,,X 全窗基线 · 不参与实体赏罚,6874246,688,A168_HF9F_20260827_0900,2026-08-27 09:00:00
2026-06-09,144442060,1299,0,77.9180703063,-12.5877542623,-12.5877542623,0.6666667,4,3,0.46421632857153403,0.435741850000,0.7031114826810562,0.8066361439539496,0.7031114826810562,0.02847447857153403,ELIGIBLE,R03b_20260811_FULL_v1,L1_ELIGIBILITY,v2026-08-11,2026-03-21..2026-08-06,baccarat_bet02_101_all_pairs_incl_sentinel,round_win = game_pnl > 0 (decisive only),COMPATIBILITY_ONLY_NOT_PRODUCTION,1525.0947,1386.4987,166.6752,164,138,-0.10928842,,-0.10928842,-0.10928842,-166.6752,1525.0947,OK,0.0000,5.0003,3.0000,97.0000,AG03-UNRESOLVED,ALL5_LEVELS_bet23_to_bet27,5.0003,5.0003,5.0003,6.6670,6.6670,3.000000,3.000000,3.000000,4.000000,4.000000,97.000000,97.000000,97.000000,96.000000,96.000000,5.0,28.3348,26.4814,138.3404,140.1937,PENDING_AG03,FALSE,NOT_FOR_ENFORCEMENT,161.6749,1344.9037,166.6752,161.6749,5.0003,0.10928842,0.10600977,5.0003,161.6749,0.10600977,5.0003,5.0003,5.0003,6.6670,6.6670,161.6749,0.10600977,28.3348,26.4814,138.3404,140.1937,0.09070939,0.09192462,0.00327865,9.2994,10.0471,1.2078,41.6688,6.4106,381.2737,34.5000,,9.2994,5.1431,7.7147,12.6006,16.5865,20.5724,30.4986,7.7147,-2.5716,2.666667,3.953334,1.205414,18,24,2,3,0E-8,0.10928842,,0E-8,0.000000,0.909123,0.000000,,2026-03-26,2026-06-13,4,26,21,80,0.050000,,,0.000000,,,,,,,,GLOBAL_BASELINE_NO_ENTITY_RANKING,,,NOT_APPLICABLE_GLOBAL_BASELINE,HF9g-P5,,,,X 全窗基线 · 不参与实体赏罚,6874247,688,A168_HF9F_20260827_0900,2026-08-27 09:00:00
2026-06-09,144442060,1331,0,20.5724278037,-20.5724278037,-20.5724278037,0E-7,2,1,0.35213273749974964,0.300626750000,-0.7372421957745696,-0.655630731788307,-0.7372421957745696,0.05150598749974964,ELIGIBLE,R03b_20260811_FULL_v1,L1_ELIGIBILITY,v2026-08-11,2026-03-21..2026-08-06,baccarat_bet02_101_all_pairs_incl_sentinel,round_win = game_pnl > 0 (decisive only),COMPATIBILITY_ONLY_NOT_PRODUCTION,1525.0947,1386.4987,166.6752,164,138,-0.10928842,,-0.10928842,-0.10928842,-166.6752,1525.0947,OK,0.0000,5.0003,3.0000,97.0000,AG03-UNRESOLVED,ALL5_LEVELS_bet23_to_bet27,5.0003,5.0003,5.0003,6.6670,6.6670,3.000000,3.000000,3.000000,4.000000,4.000000,97.000000,97.000000,97.000000,96.000000,96.000000,5.0,28.3348,26.4814,138.3404,140.1937,PENDING_AG03,FALSE,NOT_FOR_ENFORCEMENT,161.6749,1344.9037,166.6752,161.6749,5.0003,0.10928842,0.10600977,5.0003,161.6749,0.10600977,5.0003,5.0003,5.0003,6.6670,6.6670,161.6749,0.10600977,28.3348,26.4814,138.3404,140.1937,0.09070939,0.09192462,0.00327865,9.2994,10.0471,1.2078,41.6688,6.4106,381.2737,34.5000,,9.2994,5.1431,7.7147,12.6006,16.5865,20.5724,30.4986,7.7147,-2.5716,2.666667,3.953334,1.205414,18,24,2,3,0E-8,0.10928842,,0E-8,0.000000,0.909123,0.000000,,2026-03-26,2026-06-13,4,26,21,80,0.050000,,,0.000000,,,,,,,,GLOBAL_BASELINE_NO_ENTITY_RANKING,,,NOT_APPLICABLE_GLOBAL_BASELINE,HF9g-P5,,,,X 全窗基线 · 不参与实体赏罚,6874248,688,A168_HF9F_20260827_0900,2026-08-27 09:00:00
2026-06-09,144442060,1485,0,18.0008743282,2.0572427803,2.0572427803,0.5000000,2,2,0.50665070000000000,0.506650700000,-0.018812684590367487,-0.018812684590367487,-0.018812684590367487,0E-17,ELIGIBLE,R03b_20260811_FULL_v1,L1_ELIGIBILITY,v2026-08-11,2026-03-21..2026-08-06,baccarat_bet02_101_all_pairs_incl_sentinel,round_win = game_pnl > 0 (decisive only),COMPATIBILITY_ONLY_NOT_PRODUCTION,1525.0947,1386.4987,166.6752,164,138,-0.10928842,,-0.10928842,-0.10928842,-166.6752,1525.0947,OK,0.0000,5.0003,3.0000,97.0000,AG03-UNRESOLVED,ALL5_LEVELS_bet23_to_bet27,5.0003,5.0003,5.0003,6.6670,6.6670,3.000000,3.000000,3.000000,4.000000,4.000000,97.000000,97.000000,97.000000,96.000000,96.000000,5.0,28.3348,26.4814,138.3404,140.1937,PENDING_AG03,FALSE,NOT_FOR_ENFORCEMENT,161.6749,1344.9037,166.6752,161.6749,5.0003,0.10928842,0.10600977,5.0003,161.6749,0.10600977,5.0003,5.0003,5.0003,6.6670,6.6670,161.6749,0.10600977,28.3348,26.4814,138.3404,140.1937,0.09070939,0.09192462,0.00327865,9.2994,10.0471,1.2078,41.6688,6.4106,381.2737,34.5000,,9.2994,5.1431,7.7147,12.6006,16.5865,20.5724,30.4986,7.7147,-2.5716,2.666667,3.953334,1.205414,18,24,2,3,0E-8,0.10928842,,0E-8,0.000000,0.909123,0.000000,,2026-03-26,2026-06-13,4,26,21,80,0.050000,,,0.000000,,,,,,,,GLOBAL_BASELINE_NO_ENTITY_RANKING,,,NOT_APPLICABLE_GLOBAL_BASELINE,HF9g-P5,,,,X 全窗基线 · 不参与实体赏罚,6874249,688,A168_HF9F_20260827_0900,2026-08-27 09:00:00
2026-06-09,144442060,1507,0,25.7155347545,4.6287962558,4.6287962558,0.6666667,3,3,0.50218230000000000,0.502182300000,0.5697959874915163,0.5697959874915164,0.5697959874915163,0E-17,ELIGIBLE,R03b_20260811_FULL_v1,L1_ELIGIBILITY,v2026-08-11,2026-03-21..2026-08-06,baccarat_bet02_101_all_pairs_incl_sentinel,round_win = game_pnl > 0 (decisive only),COMPATIBILITY_ONLY_NOT_PRODUCTION,1525.0947,1386.4987,166.6752,164,138,-0.10928842,,-0.10928842,-0.10928842,-166.6752,1525.0947,OK,0.0000,5.0003,3.0000,97.0000,AG03-UNRESOLVED,ALL5_LEVELS_bet23_to_bet27,5.0003,5.0003,5.0003,6.6670,6.6670,3.000000,3.000000,3.000000,4.000000,4.000000,97.000000,97.000000,97.000000,96.000000,96.000000,5.0,28.3348,26.4814,138.3404,140.1937,PENDING_AG03,FALSE,NOT_FOR_ENFORCEMENT,161.6749,1344.9037,166.6752,161.6749,5.0003,0.10928842,0.10600977,5.0003,161.6749,0.10600977,5.0003,5.0003,5.0003,6.6670,6.6670,161.6749,0.10600977,28.3348,26.4814,138.3404,140.1937,0.09070939,0.09192462,0.00327865,9.2994,10.0471,1.2078,41.6688,6.4106,381.2737,34.5000,,9.2994,5.1431,7.7147,12.6006,16.5865,20.5724,30.4986,7.7147,-2.5716,2.666667,3.953334,1.205414,18,24,2,3,0E-8,0.10928842,,0E-8,0.000000,0.909123,0.000000,,2026-03-26,2026-06-13,4,26,21,80,0.050000,,,0.000000,,,,,,,,GLOBAL_BASELINE_NO_ENTITY_RANKING,,,NOT_APPLICABLE_GLOBAL_BASELINE,HF9g-P5,,,,X 全窗基线 · 不参与实体赏罚,6874250,688,A168_HF9F_20260827_0900,2026-08-27 09:00:00
2026-06-09,144442060,1623,0,30.8586417055,19.6723840873,19.6723840873,0.7500000,4,4,0.49994810000000000,0.499948100000,1.0002076053883384,1.0002076053883384,1.0002076053883384,0E-17,ELIGIBLE,R03b_20260811_FULL_v1,L1_ELIGIBILITY,v2026-08-11,2026-03-21..2026-08-06,baccarat_bet02_101_all_pairs_incl_sentinel,round_win = game_pnl > 0 (decisive only),COMPATIBILITY_ONLY_NOT_PRODUCTION,1525.0947,1386.4987,166.6752,164,138,-0.10928842,,-0.10928842,-0.10928842,-166.6752,1525.0947,OK,0.0000,5.0003,3.0000,97.0000,AG03-UNRESOLVED,ALL5_LEVELS_bet23_to_bet27,5.0003,5.0003,5.0003,6.6670,6.6670,3.000000,3.000000,3.000000,4.000000,4.000000,97.000000,97.000000,97.000000,96.000000,96.000000,5.0,28.3348,26.4814,138.3404,140.1937,PENDING_AG03,FALSE,NOT_FOR_ENFORCEMENT,161.6749,1344.9037,166.6752,161.6749,5.0003,0.10928842,0.10600977,5.0003,161.6749,0.10600977,5.0003,5.0003,5.0003,6.6670,6.6670,161.6749,0.10600977,28.3348,26.4814,138.3404,140.1937,0.09070939,0.09192462,0.00327865,9.2994,10.0471,1.2078,41.6688,6.4106,381.2737,34.5000,,9.2994,5.1431,7.7147,12.6006,16.5865,20.5724,30.4986,7.7147,-2.5716,2.666667,3.953334,1.205414,18,24,2,3,0E-8,0.10928842,,0E-8,0.000000,0.909123,0.000000,,2026-03-26,2026-06-13,4,26,21,80,0.050000,,,0.000000,,,,,,,,GLOBAL_BASELINE_NO_ENTITY_RANKING,,,NOT_APPLICABLE_GLOBAL_BASELINE,HF9g-P5,,,,X 全窗基线 · 不参与实体赏罚,6874251,688,A168_HF9F_20260827_0900,2026-08-27 09:00:00
2026-06-09,144442060,1704,0,159.4363154784,6.4288836884,6.4288836884,0.5384615,18,14,0.47134044886345890,0.440605357143,0.48481413911096893,0.7106829594020442,0.48481413911096893,0.03073509172045890,ELIGIBLE,R03b_20260811_FULL_v1,L1_ELIGIBILITY,v2026-08-11,2026-03-21..2026-08-06,baccarat_bet02_101_all_pairs_incl_sentinel,round_win = game_pnl > 0 (decisive only),COMPATIBILITY_ONLY_NOT_PRODUCTION,1525.0947,1386.4987,166.6752,164,138,-0.10928842,,-0.10928842,-0.10928842,-166.6752,1525.0947,OK,0.0000,5.0003,3.0000,97.0000,AG03-UNRESOLVED,ALL5_LEVELS_bet23_to_bet27,5.0003,5.0003,5.0003,6.6670,6.6670,3.000000,3.000000,3.000000,4.000000,4.000000,97.000000,97.000000,97.000000,96.000000,96.000000,5.0,28.3348,26.4814,138.3404,140.1937,PENDING_AG03,FALSE,NOT_FOR_ENFORCEMENT,161.6749,1344.9037,166.6752,161.6749,5.0003,0.10928842,0.10600977,5.0003,161.6749,0.10600977,5.0003,5.0003,5.0003,6.6670,6.6670,161.6749,0.10600977,28.3348,26.4814,138.3404,140.1937,0.09070939,0.09192462,0.00327865,9.2994,10.0471,1.2078,41.6688,6.4106,381.2737,34.5000,,9.2994,5.1431,7.7147,12.6006,16.5865,20.5724,30.4986,7.7147,-2.5716,2.666667,3.953334,1.205414,18,24,2,3,0E-8,0.10928842,,0E-8,0.000000,0.909123,0.000000,,2026-03-26,2026-06-13,4,26,21,80,0.050000,,,0.000000,,,,,,,,GLOBAL_BASELINE_NO_ENTITY_RANKING,,,NOT_APPLICABLE_GLOBAL_BASELINE,HF9g-P5,,,,X 全窗基线 · 不参与实体赏罚,6874252,688,A168_HF9F_20260827_0900,2026-08-27 09:00:00
2026-06-09,144442060,1940,0,18.0008743282,-2.9572864968,-2.9572864968,0.5000000,2,2,0.50665070000000000,0.506650700000,-0.018812684590367487,-0.018812684590367487,-0.018812684590367487,0E-17,ELIGIBLE,R03b_20260811_FULL_v1,L1_ELIGIBILITY,v2026-08-11,2026-03-21..2026-08-06,baccarat_bet02_101_all_pairs_incl_sentinel,round_win = game_pnl > 0 (decisive only),COMPATIBILITY_ONLY_NOT_PRODUCTION,1525.0947,1386.4987,166.6752,164,138,-0.10928842,,-0.10928842,-0.10928842,-166.6752,1525.0947,OK,0.0000,5.0003,3.0000,97.0000,AG03-UNRESOLVED,ALL5_LEVELS_bet23_to_bet27,5.0003,5.0003,5.0003,6.6670,6.6670,3.000000,3.000000,3.000000,4.000000,4.000000,97.000000,97.000000,97.000000,96.000000,96.000000,5.0,28.3348,26.4814,138.3404,140.1937,PENDING_AG03,FALSE,NOT_FOR_ENFORCEMENT,161.6749,1344.9037,166.6752,161.6749,5.0003,0.10928842,0.10600977,5.0003,161.6749,0.10600977,5.0003,5.0003,5.0003,6.6670,6.6670,161.6749,0.10600977,28.3348,26.4814,138.3404,140.1937,0.09070939,0.09192462,0.00327865,9.2994,10.0471,1.2078,41.6688,6.4106,381.2737,34.5000,,9.2994,5.1431,7.7147,12.6006,16.5865,20.5724,30.4986,7.7147,-2.5716,2.666667,3.953334,1.205414,18,24,2,3,0E-8,0.10928842,,0E-8,0.000000,0.909123,0.000000,,2026-03-26,2026-06-13,4,26,21,80,0.050000,,,0.000000,,,,,,,,GLOBAL_BASELINE_NO_ENTITY_RANKING,,,NOT_APPLICABLE_GLOBAL_BASELINE,HF9g-P5,,,,X 全窗基线 · 不参与实体赏罚,6874253,688,A168_HF9F_20260827_0900,2026-08-27 09:00:00
2026-06-09,144442060,2117,0,23.1439812792,-15.4293208528,-15.4293208528,0E-7,3,3,0.50218230000000000,0.502182300000,-1.4203995680682369,-1.4203995680682369,-1.4203995680682369,0E-17,ELIGIBLE,R03b_20260811_FULL_v1,L1_ELIGIBILITY,v2026-08-11,2026-03-21..2026-08-06,baccarat_bet02_101_all_pairs_incl_sentinel,round_win = game_pnl > 0 (decisive only),COMPATIBILITY_ONLY_NOT_PRODUCTION,1525.0947,1386.4987,166.6752,164,138,-0.10928842,,-0.10928842,-0.10928842,-166.6752,1525.0947,OK,0.0000,5.0003,3.0000,97.0000,AG03-UNRESOLVED,ALL5_LEVELS_bet23_to_bet27,5.0003,5.0003,5.0003,6.6670,6.6670,3.000000,3.000000,3.000000,4.000000,4.000000,97.000000,97.000000,97.000000,96.000000,96.000000,5.0,28.3348,26.4814,138.3404,140.1937,PENDING_AG03,FALSE,NOT_FOR_ENFORCEMENT,161.6749,1344.9037,166.6752,161.6749,5.0003,0.10928842,0.10600977,5.0003,161.6749,0.10600977,5.0003,5.0003,5.0003,6.6670,6.6670,161.6749,0.10600977,28.3348,26.4814,138.3404,140.1937,0.09070939,0.09192462,0.00327865,9.2994,10.0471,1.2078,41.6688,6.4106,381.2737,34.5000,,9.2994,5.1431,7.7147,12.6006,16.5865,20.5724,30.4986,7.7147,-2.5716,2.666667,3.953334,1.205414,18,24,2,3,0E-8,0.10928842,,0E-8,0.000000,0.909123,0.000000,,2026-03-26,2026-06-13,4,26,21,80,0.050000,,,0.000000,,,,,,,,GLOBAL_BASELINE_NO_ENTITY_RANKING,,,NOT_APPLICABLE_GLOBAL_BASELINE,HF9g-P5,,,,X 全窗基线 · 不参与实体赏罚,6874254,688,A168_HF9F_20260827_0900,2026-08-27 09:00:00
2026-06-09,144442060,2162,0,15.4293208527,-15.4293208527,-15.4293208527,0E-7,1,1,0.50665070000000000,0.506650700000,-1.013391052207602,-1.013391052207602,-1.013391052207602,0E-17,ELIGIBLE,R03b_20260811_FULL_v1,L1_ELIGIBILITY,v2026-08-11,2026-03-21..2026-08-06,baccarat_bet02_101_all_pairs_incl_sentinel,round_win = game_pnl > 0 (decisive only),COMPATIBILITY_ONLY_NOT_PRODUCTION,1525.0947,1386.4987,166.6752,164,138,-0.10928842,,-0.10928842,-0.10928842,-166.6752,1525.0947,OK,0.0000,5.0003,3.0000,97.0000,AG03-UNRESOLVED,ALL5_LEVELS_bet23_to_bet27,5.0003,5.0003,5.0003,6.6670,6.6670,3.000000,3.000000,3.000000,4.000000,4.000000,97.000000,97.000000,97.000000,96.000000,96.000000,5.0,28.3348,26.4814,138.3404,140.1937,PENDING_AG03,FALSE,NOT_FOR_ENFORCEMENT,161.6749,1344.9037,166.6752,161.6749,5.0003,0.10928842,0.10600977,5.0003,161.6749,0.10600977,5.0003,5.0003,5.0003,6.6670,6.6670,161.6749,0.10600977,28.3348,26.4814,138.3404,140.1937,0.09070939,0.09192462,0.00327865,9.2994,10.0471,1.2078,41.6688,6.4106,381.2737,34.5000,,9.2994,5.1431,7.7147,12.6006,16.5865,20.5724,30.4986,7.7147,-2.5716,2.666667,3.953334,1.205414,18,24,2,3,0E-8,0.10928842,,0E-8,0.000000,0.909123,0.000000,,2026-03-26,2026-06-13,4,26,21,80,0.050000,,,0.000000,,,,,,,,GLOBAL_BASELINE_NO_ENTITY_RANKING,,,NOT_APPLICABLE_GLOBAL_BASELINE,HF9g-P5,,,,X 全窗基线 · 不参与实体赏罚,6874255,688,A168_HF9F_20260827_0900,2026-08-27 09:00:00
2026-06-09,144442060,2175,0,28.2870882300,22.3725152364,22.3725152364,1.0000000,3,2,0.46008382999937992,0.400287425000,1.532003226917878,1.731014086397502,1.532003226917878,0.05979640499937992,ELIGIBLE,R03b_20260811_FULL_v1,L1_ELIGIBILITY,v2026-08-11,2026-03-21..2026-08-06,baccarat_bet02_101_all_pairs_incl_sentinel,round_win = game_pnl > 0 (decisive only),COMPATIBILITY_ONLY_NOT_PRODUCTION,1525.0947,1386.4987,166.6752,164,138,-0.10928842,,-0.10928842,-0.10928842,-166.6752,1525.0947,OK,0.0000,5.0003,3.0000,97.0000,AG03-UNRESOLVED,ALL5_LEVELS_bet23_to_bet27,5.0003,5.0003,5.0003,6.6670,6.6670,3.000000,3.000000,3.000000,4.000000,4.000000,97.000000,97.000000,97.000000,96.000000,96.000000,5.0,28.3348,26.4814,138.3404,140.1937,PENDING_AG03,FALSE,NOT_FOR_ENFORCEMENT,161.6749,1344.9037,166.6752,161.6749,5.0003,0.10928842,0.10600977,5.0003,161.6749,0.10600977,5.0003,5.0003,5.0003,6.6670,6.6670,161.6749,0.10600977,28.3348,26.4814,138.3404,140.1937,0.09070939,0.09192462,0.00327865,9.2994,10.0471,1.2078,41.6688,6.4106,381.2737,34.5000,,9.2994,5.1431,7.7147,12.6006,16.5865,20.5724,30.4986,7.7147,-2.5716,2.666667,3.953334,1.205414,18,24,2,3,0E-8,0.10928842,,0E-8,0.000000,0.909123,0.000000,,2026-03-26,2026-06-13,4,26,21,80,0.050000,,,0.000000,,,,,,,,GLOBAL_BASELINE_NO_ENTITY_RANKING,,,NOT_APPLICABLE_GLOBAL_BASELINE,HF9g-P5,,,,X 全窗基线 · 不参与实体赏罚,6874256,688,A168_HF9F_20260827_0900,2026-08-27 09:00:00
2026-06-09,144442060,2224,0,25.7155347545,-15.4293208527,-15.4293208527,0E-7,2,2,0.50665070000000000,0.506650700000,-1.013391052207602,-1.013391052207602,-1.013391052207602,0E-17,ELIGIBLE,R03b_20260811_FULL_v1,L1_ELIGIBILITY,v2026-08-11,2026-03-21..2026-08-06,baccarat_bet02_101_all_pairs_incl_sentinel,round_win = game_pnl > 0 (decisive only),COMPATIBILITY_ONLY_NOT_PRODUCTION,1525.0947,1386.4987,166.6752,164,138,-0.10928842,,-0.10928842,-0.10928842,-166.6752,1525.0947,OK,0.0000,5.0003,3.0000,97.0000,AG03-UNRESOLVED,ALL5_LEVELS_bet23_to_bet27,5.0003,5.0003,5.0003,6.6670,6.6670,3.000000,3.000000,3.000000,4.000000,4.000000,97.000000,97.000000,97.000000,96.000000,96.000000,5.0,28.3348,26.4814,138.3404,140.1937,PENDING_AG03,FALSE,NOT_FOR_ENFORCEMENT,161.6749,1344.9037,166.6752,161.6749,5.0003,0.10928842,0.10600977,5.0003,161.6749,0.10600977,5.0003,5.0003,5.0003,6.6670,6.6670,161.6749,0.10600977,28.3348,26.4814,138.3404,140.1937,0.09070939,0.09192462,0.00327865,9.2994,10.0471,1.2078,41.6688,6.4106,381.2737,34.5000,,9.2994,5.1431,7.7147,12.6006,16.5865,20.5724,30.4986,7.7147,-2.5716,2.666667,3.953334,1.205414,18,24,2,3,0E-8,0.10928842,,0E-8,0.000000,0.909123,0.000000,,2026-03-26,2026-06-13,4,26,21,80,0.050000,,,0.000000,,,,,,,,GLOBAL_BASELINE_NO_ENTITY_RANKING,,,NOT_APPLICABLE_GLOBAL_BASELINE,HF9g-P5,,,,X 全窗基线 · 不参与实体赏罚,6874257,688,A168_HF9F_20260827_0900,2026-08-27 09:00:00
2026-06-09,144442060,2229,0,12.8577673773,-12.8577673773,-12.8577673773,0E-7,1,1,0.50665070000000000,0.506650700000,-1.013391052207602,-1.013391052207602,-1.013391052207602,0E-17,ELIGIBLE,R03b_20260811_FULL_v1,L1_ELIGIBILITY,v2026-08-11,2026-03-21..2026-08-06,baccarat_bet02_101_all_pairs_incl_sentinel,round_win = game_pnl > 0 (decisive only),COMPATIBILITY_ONLY_NOT_PRODUCTION,1525.0947,1386.4987,166.6752,164,138,-0.10928842,,-0.10928842,-0.10928842,-166.6752,1525.0947,OK,0.0000,5.0003,3.0000,97.0000,AG03-UNRESOLVED,ALL5_LEVELS_bet23_to_bet27,5.0003,5.0003,5.0003,6.6670,6.6670,3.000000,3.000000,3.000000,4.000000,4.000000,97.000000,97.000000,97.000000,96.000000,96.000000,5.0,28.3348,26.4814,138.3404,140.1937,PENDING_AG03,FALSE,NOT_FOR_ENFORCEMENT,161.6749,1344.9037,166.6752,161.6749,5.0003,0.10928842,0.10600977,5.0003,161.6749,0.10600977,5.0003,5.0003,5.0003,6.6670,6.6670,161.6749,0.10600977,28.3348,26.4814,138.3404,140.1937,0.09070939,0.09192462,0.00327865,9.2994,10.0471,1.2078,41.6688,6.4106,381.2737,34.5000,,9.2994,5.1431,7.7147,12.6006,16.5865,20.5724,30.4986,7.7147,-2.5716,2.666667,3.953334,1.205414,18,24,2,3,0E-8,0.10928842,,0E-8,0.000000,0.909123,0.000000,,2026-03-26,2026-06-13,4,26,21,80,0.050000,,,0.000000,,,,,,,,GLOBAL_BASELINE_NO_ENTITY_RANKING,,,NOT_APPLICABLE_GLOBAL_BASELINE,HF9g-P5,,,,X 全窗基线 · 不参与实体赏罚,6874258,688,A168_HF9F_20260827_0900,2026-08-27 09:00:00
2026-06-09,144442060,2267,0,54.0026229846,7.2003497312,7.2003497312,0.5000000,7,7,0.50090561428571429,0.500905614286,-0.00443659308478647,-0.004436593086186165,-0.00443659308478647,-2.8571E-13,ELIGIBLE,R03b_20260811_FULL_v1,L1_ELIGIBILITY,v2026-08-11,2026-03-21..2026-08-06,baccarat_bet02_101_all_pairs_incl_sentinel,round_win = game_pnl > 0 (decisive only),COMPATIBILITY_ONLY_NOT_PRODUCTION,1525.0947,1386.4987,166.6752,164,138,-0.10928842,,-0.10928842,-0.10928842,-166.6752,1525.0947,OK,0.0000,5.0003,3.0000,97.0000,AG03-UNRESOLVED,ALL5_LEVELS_bet23_to_bet27,5.0003,5.0003,5.0003,6.6670,6.6670,3.000000,3.000000,3.000000,4.000000,4.000000,97.000000,97.000000,97.000000,96.000000,96.000000,5.0,28.3348,26.4814,138.3404,140.1937,PENDING_AG03,FALSE,NOT_FOR_ENFORCEMENT,161.6749,1344.9037,166.6752,161.6749,5.0003,0.10928842,0.10600977,5.0003,161.6749,0.10600977,5.0003,5.0003,5.0003,6.6670,6.6670,161.6749,0.10600977,28.3348,26.4814,138.3404,140.1937,0.09070939,0.09192462,0.00327865,9.2994,10.0471,1.2078,41.6688,6.4106,381.2737,34.5000,,9.2994,5.1431,7.7147,12.6006,16.5865,20.5724,30.4986,7.7147,-2.5716,2.666667,3.953334,1.205414,18,24,2,3,0E-8,0.10928842,,0E-8,0.000000,0.909123,0.000000,,2026-03-26,2026-06-13,4,26,21,80,0.050000,,,0.000000,,,,,,,,GLOBAL_BASELINE_NO_ENTITY_RANKING,,,NOT_APPLICABLE_GLOBAL_BASELINE,HF9g-P5,,,,X 全窗基线 · 不参与实体赏罚,6874259,688,A168_HF9F_20260827_0900,2026-08-27 09:00:00
2026-06-09,144442060,2278,0,10.2862139018,-10.2862139018,-10.2862139018,0E-7,1,1,0.50665070000000000,0.506650700000,-1.013391052207602,-1.013391052207602,-1.013391052207602,0E-17,ELIGIBLE,R03b_20260811_FULL_v1,L1_ELIGIBILITY,v2026-08-11,2026-03-21..2026-08-06,baccarat_bet02_101_all_pairs_incl_sentinel,round_win = game_pnl > 0 (decisive only),COMPATIBILITY_ONLY_NOT_PRODUCTION,1525.0947,1386.4987,166.6752,164,138,-0.10928842,,-0.10928842,-0.10928842,-166.6752,1525.0947,OK,0.0000,5.0003,3.0000,97.0000,AG03-UNRESOLVED,ALL5_LEVELS_bet23_to_bet27,5.0003,5.0003,5.0003,6.6670,6.6670,3.000000,3.000000,3.000000,4.000000,4.000000,97.000000,97.000000,97.000000,96.000000,96.000000,5.0,28.3348,26.4814,138.3404,140.1937,PENDING_AG03,FALSE,NOT_FOR_ENFORCEMENT,161.6749,1344.9037,166.6752,161.6749,5.0003,0.10928842,0.10600977,5.0003,161.6749,0.10600977,5.0003,5.0003,5.0003,6.6670,6.6670,161.6749,0.10600977,28.3348,26.4814,138.3404,140.1937,0.09070939,0.09192462,0.00327865,9.2994,10.0471,1.2078,41.6688,6.4106,381.2737,34.5000,,9.2994,5.1431,7.7147,12.6006,16.5865,20.5724,30.4986,7.7147,-2.5716,2.666667,3.953334,1.205414,18,24,2,3,0E-8,0.10928842,,0E-8,0.000000,0.909123,0.000000,,2026-03-26,2026-06-13,4,26,21,80,0.050000,,,0.000000,,,,,,,,GLOBAL_BASELINE_NO_ENTITY_RANKING,,,NOT_APPLICABLE_GLOBAL_BASELINE,HF9g-P5,,,,X 全窗基线 · 不参与实体赏罚,6874260,688,A168_HF9F_20260827_0900,2026-08-27 09:00:00
2026-06-09,144442060,550,0,30.8586417054,-10.8005245969,-10.8005245969,0.3333333,3,3,0.50665070000000000,0.506650700000,-0.6004420894325239,-0.6004420894325239,-0.6004420894325239,0E-17,ELIGIBLE,R03b_20260811_FULL_v1,L1_ELIGIBILITY,v2026-08-11,2026-03-21..2026-08-06,baccarat_bet02_101_all_pairs_incl_sentinel,round_win = game_pnl > 0 (decisive only),COMPATIBILITY_ONLY_NOT_PRODUCTION,1525.0947,1386.4987,166.6752,164,138,-0.10928842,,-0.10928842,-0.10928842,-166.6752,1525.0947,OK,0.0000,5.0003,3.0000,97.0000,AG03-UNRESOLVED,ALL5_LEVELS_bet23_to_bet27,5.0003,5.0003,5.0003,6.6670,6.6670,3.000000,3.000000,3.000000,4.000000,4.000000,97.000000,97.000000,97.000000,96.000000,96.000000,5.0,28.3348,26.4814,138.3404,140.1937,PENDING_AG03,FALSE,NOT_FOR_ENFORCEMENT,161.6749,1344.9037,166.6752,161.6749,5.0003,0.10928842,0.10600977,5.0003,161.6749,0.10600977,5.0003,5.0003,5.0003,6.6670,6.6670,161.6749,0.10600977,28.3348,26.4814,138.3404,140.1937,0.09070939,0.09192462,0.00327865,9.2994,10.0471,1.2078,41.6688,6.4106,381.2737,34.5000,,9.2994,5.1431,7.7147,12.6006,16.5865,20.5724,30.4986,7.7147,-2.5716,2.666667,3.953334,1.205414,18,24,2,3,0E-8,0.10928842,,0E-8,0.000000,0.909123,0.000000,,2026-03-26,2026-06-13,4,26,21,80,0.050000,,,0.000000,,,,,,,,GLOBAL_BASELINE_NO_ENTITY_RANKING,,,NOT_APPLICABLE_GLOBAL_BASELINE,HF9g-P5,,,,X 全窗基线 · 不参与实体赏罚,6874261,688,A168_HF9F_20260827_0900,2026-08-27 09:00:00
2026-06-11,144442060,2108,0,77.1466042635,-25.7155347545,-25.7155347545,0.2000000,6,6,0.49547970000000000,0.495479700000,-1.3214793953192199,-1.3214793953192199,-1.3214793953192199,0E-17,ELIGIBLE,R03b_20260811_FULL_v1,L1_ELIGIBILITY,v2026-08-11,2026-03-21..2026-08-06,baccarat_bet02_101_all_pairs_incl_sentinel,round_win = game_pnl > 0 (decisive only),COMPATIBILITY_ONLY_NOT_PRODUCTION,1525.0947,1386.4987,166.6752,164,138,-0.10928842,,-0.10928842,-0.10928842,-166.6752,1525.0947,OK,0.0000,5.0003,3.0000,97.0000,AG03-UNRESOLVED,ALL5_LEVELS_bet23_to_bet27,5.0003,5.0003,5.0003,6.6670,6.6670,3.000000,3.000000,3.000000,4.000000,4.000000,97.000000,97.000000,97.000000,96.000000,96.000000,5.0,28.3348,26.4814,138.3404,140.1937,PENDING_AG03,FALSE,NOT_FOR_ENFORCEMENT,161.6749,1344.9037,166.6752,161.6749,5.0003,0.10928842,0.10600977,5.0003,161.6749,0.10600977,5.0003,5.0003,5.0003,6.6670,6.6670,161.6749,0.10600977,28.3348,26.4814,138.3404,140.1937,0.09070939,0.09192462,0.00327865,9.2994,10.0471,1.2078,41.6688,6.4106,381.2737,34.5000,,9.2994,5.1431,7.7147,12.6006,16.5865,20.5724,30.4986,7.7147,-2.5716,2.666667,3.953334,1.205414,18,24,2,3,0E-8,0.10928842,,0E-8,0.000000,0.909123,0.000000,,2026-03-26,2026-06-13,4,26,21,80,0.050000,,,0.000000,,,,,,,,GLOBAL_BASELINE_NO_ENTITY_RANKING,,,NOT_APPLICABLE_GLOBAL_BASELINE,HF9g-P5,,,,X 全窗基线 · 不参与实体赏罚,6874262,688,A168_HF9F_20260827_0900,2026-08-27 09:00:00
2026-06-13,144442060,1702,0,115.7199063957,-16.4579422431,-16.4579422431,0.3333333,20,17,0.45442754453758483,0.439352820588,-0.9419123047465311,-0.827331954811994,-0.9419123047465311,0.01507472394958483,ELIGIBLE,R03b_20260811_FULL_v1,L1_ELIGIBILITY,v2026-08-11,2026-03-21..2026-08-06,baccarat_bet02_101_all_pairs_incl_sentinel,round_win = game_pnl > 0 (decisive only),COMPATIBILITY_ONLY_NOT_PRODUCTION,1525.0947,1386.4987,166.6752,164,138,-0.10928842,,-0.10928842,-0.10928842,-166.6752,1525.0947,OK,0.0000,5.0003,3.0000,97.0000,AG03-UNRESOLVED,ALL5_LEVELS_bet23_to_bet27,5.0003,5.0003,5.0003,6.6670,6.6670,3.000000,3.000000,3.000000,4.000000,4.000000,97.000000,97.000000,97.000000,96.000000,96.000000,5.0,28.3348,26.4814,138.3404,140.1937,PENDING_AG03,FALSE,NOT_FOR_ENFORCEMENT,161.6749,1344.9037,166.6752,161.6749,5.0003,0.10928842,0.10600977,5.0003,161.6749,0.10600977,5.0003,5.0003,5.0003,6.6670,6.6670,161.6749,0.10600977,28.3348,26.4814,138.3404,140.1937,0.09070939,0.09192462,0.00327865,9.2994,10.0471,1.2078,41.6688,6.4106,381.2737,34.5000,,9.2994,5.1431,7.7147,12.6006,16.5865,20.5724,30.4986,7.7147,-2.5716,2.666667,3.953334,1.205414,18,24,2,3,0E-8,0.10928842,,0E-8,0.000000,0.909123,0.000000,,2026-03-26,2026-06-13,4,26,21,80,0.050000,,,0.000000,,,,,,,,GLOBAL_BASELINE_NO_ENTITY_RANKING,,,NOT_APPLICABLE_GLOBAL_BASELINE,HF9g-P5,,,,X 全窗基线 · 不参与实体赏罚,6874263,688,A168_HF9F_20260827_0900,2026-08-27 09:00:00
2026-06-13,144442060,2167,0,49.6309820766,-10.4533648779,-10.4533648779,0.3636364,12,12,0.50329940000000000,0.503299400000,-0.9264399481448031,-0.9264399481448032,-0.9264399481448031,0E-17,ELIGIBLE,R03b_20260811_FULL_v1,L1_ELIGIBILITY,v2026-08-11,2026-03-21..2026-08-06,baccarat_bet02_101_all_pairs_incl_sentinel,round_win = game_pnl > 0 (decisive only),COMPATIBILITY_ONLY_NOT_PRODUCTION,1525.0947,1386.4987,166.6752,164,138,-0.10928842,,-0.10928842,-0.10928842,-166.6752,1525.0947,OK,0.0000,5.0003,3.0000,97.0000,AG03-UNRESOLVED,ALL5_LEVELS_bet23_to_bet27,5.0003,5.0003,5.0003,6.6670,6.6670,3.000000,3.000000,3.000000,4.000000,4.000000,97.000000,97.000000,97.000000,96.000000,96.000000,5.0,28.3348,26.4814,138.3404,140.1937,PENDING_AG03,FALSE,NOT_FOR_ENFORCEMENT,161.6749,1344.9037,166.6752,161.6749,5.0003,0.10928842,0.10600977,5.0003,161.6749,0.10600977,5.0003,5.0003,5.0003,6.6670,6.6670,161.6749,0.10600977,28.3348,26.4814,138.3404,140.1937,0.09070939,0.09192462,0.00327865,9.2994,10.0471,1.2078,41.6688,6.4106,381.2737,34.5000,,9.2994,5.1431,7.7147,12.6006,16.5865,20.5724,30.4986,7.7147,-2.5716,2.666667,3.953334,1.205414,18,24,2,3,0E-8,0.10928842,,0E-8,0.000000,0.909123,0.000000,,2026-03-26,2026-06-13,4,26,21,80,0.050000,,,0.000000,,,,,,,,GLOBAL_BASELINE_NO_ENTITY_RANKING,,,NOT_APPLICABLE_GLOBAL_BASELINE,HF9g-P5,,,,X 全窗基线 · 不参与实体赏罚,6874264,688,A168_HF9F_20260827_0900,2026-08-27 09:00:00
2026-05-04,149303043,-1,1,46.8274408804,-24.5286595088,-24.5286595088,0E-7,4,4,0.49324550000000000,0.493245500000,-1.3952362676504506,-1.3952362676504506,-1.3952362676504506,0E-17,SENTINEL_DEALER,R03b_20260811_FULL_v1,L1_ELIGIBILITY,v2026-08-11,2026-03-21..2026-08-06,baccarat_bet02_101_all_pairs_incl_sentinel,round_win = game_pnl > 0 (decisive only),COMPATIBILITY_ONLY_NOT_PRODUCTION,378.2988,315.9737,168.4115,32,32,-0.44518126,,-0.44518126,-0.44518126,-168.4115,378.2988,OK,0.0000,6.7365,4.0000,96.0000,AG03-UNRESOLVED,ALL5_LEVELS_bet23_to_bet27,6.7365,6.7365,8.4206,8.4206,8.4206,4.000000,4.000000,5.000000,5.000000,5.000000,96.000000,96.000000,95.000000,95.000000,95.000000,5.0,38.7347,35.34,129.6769,133.0715,PENDING_AG03,FALSE,NOT_FOR_ENFORCEMENT,161.6751,303.3348,168.4115,161.6751,6.7365,0.44518126,0.42737401,6.7365,161.6751,0.42737401,6.7365,6.7365,8.4206,8.4206,8.4206,161.6751,0.42737401,38.7347,35.34,129.6769,133.0715,0.34278957,0.351763,0.01780725,11.8218,9.8742,5.2629,84.2058,24.0588,189.1494,16.0000,,11.8218,8.8638,11.1494,13.3793,17.6606,20.0466,27.8735,11.1494,-9.477,1.798,2.5,1.060313,7,8,4,2,0E-8,0.44518126,,0E-8,0.000000,0.835249,0.000000,,2026-05-04,2026-05-08,2,7,7,5,0.400000,,,0.000000,,,,,,,,GLOBAL_BASELINE_NO_ENTITY_RANKING,,,NOT_APPLICABLE_GLOBAL_BASELINE,HF9g-P5,,,,X 全窗基线 · 不参与实体赏罚,6874265,688,A168_HF9F_20260827_0900,2026-08-27 09:00:00
2026-05-04,149303043,2156,0,29.7688731311,-9.9229577103,-9.9229577103,0.5000000,2,2,0.49324550000000000,0.493245500000,0.01910635448239258,0.01910635448239258,0.01910635448239258,0E-17,ELIGIBLE,R03b_20260811_FULL_v1,L1_ELIGIBILITY,v2026-08-11,2026-03-21..2026-08-06,baccarat_bet02_101_all_pairs_incl_sentinel,round_win = game_pnl > 0 (decisive only),COMPATIBILITY_ONLY_NOT_PRODUCTION,378.2988,315.9737,168.4115,32,32,-0.44518126,,-0.44518126,-0.44518126,-168.4115,378.2988,OK,0.0000,6.7365,4.0000,96.0000,AG03-UNRESOLVED,ALL5_LEVELS_bet23_to_bet27,6.7365,6.7365,8.4206,8.4206,8.4206,4.000000,4.000000,5.000000,5.000000,5.000000,96.000000,96.000000,95.000000,95.000000,95.000000,5.0,38.7347,35.34,129.6769,133.0715,PENDING_AG03,FALSE,NOT_FOR_ENFORCEMENT,161.6751,303.3348,168.4115,161.6751,6.7365,0.44518126,0.42737401,6.7365,161.6751,0.42737401,6.7365,6.7365,8.4206,8.4206,8.4206,161.6751,0.42737401,38.7347,35.34,129.6769,133.0715,0.34278957,0.351763,0.01780725,11.8218,9.8742,5.2629,84.2058,24.0588,189.1494,16.0000,,11.8218,8.8638,11.1494,13.3793,17.6606,20.0466,27.8735,11.1494,-9.477,1.798,2.5,1.060313,7,8,4,2,0E-8,0.44518126,,0E-8,0.000000,0.835249,0.000000,,2026-05-04,2026-05-08,2,7,7,5,0.400000,,,0.000000,,,,,,,,GLOBAL_BASELINE_NO_ENTITY_RANKING,,,NOT_APPLICABLE_GLOBAL_BASELINE,HF9g-P5,,,,X 全窗基线 · 不参与实体赏罚,6874266,688,A168_HF9F_20260827_0900,2026-08-27 09:00:00
2026-05-08,149303043,1330,0,27.8734767145,-16.7240860287,-16.7240860287,0.3333333,3,3,0.49324550000000000,0.493245500000,-0.5540025479526107,-0.5540025479526106,-0.5540025479526107,0E-17,ELIGIBLE,R03b_20260811_FULL_v1,L1_ELIGIBILITY,v2026-08-11,2026-03-21..2026-08-06,baccarat_bet02_101_all_pairs_incl_sentinel,round_win = game_pnl > 0 (decisive only),COMPATIBILITY_ONLY_NOT_PRODUCTION,378.2988,315.9737,168.4115,32,32,-0.44518126,,-0.44518126,-0.44518126,-168.4115,378.2988,OK,0.0000,6.7365,4.0000,96.0000,AG03-UNRESOLVED,ALL5_LEVELS_bet23_to_bet27,6.7365,6.7365,8.4206,8.4206,8.4206,4.000000,4.000000,5.000000,5.000000,5.000000,96.000000,96.000000,95.000000,95.000000,95.000000,5.0,38.7347,35.34,129.6769,133.0715,PENDING_AG03,FALSE,NOT_FOR_ENFORCEMENT,161.6751,303.3348,168.4115,161.6751,6.7365,0.44518126,0.42737401,6.7365,161.6751,0.42737401,6.7365,6.7365,8.4206,8.4206,8.4206,161.6751,0.42737401,38.7347,35.34,129.6769,133.0715,0.34278957,0.351763,0.01780725,11.8218,9.8742,5.2629,84.2058,24.0588,189.1494,16.0000,,11.8218,8.8638,11.1494,13.3793,17.6606,20.0466,27.8735,11.1494,-9.477,1.798,2.5,1.060313,7,8,4,2,0E-8,0.44518126,,0E-8,0.000000,0.835249,0.000000,,2026-05-04,2026-05-08,2,7,7,5,0.400000,,,0.000000,,,,,,,,GLOBAL_BASELINE_NO_ENTITY_RANKING,,,NOT_APPLICABLE_GLOBAL_BASELINE,HF9g-P5,,,,X 全窗基线 · 不参与实体赏罚,6874267,688,A168_HF9F_20260827_0900,2026-08-27 09:00:00
2026-05-08,149303043,1401,0,16.7240860287,-16.7240860287,-16.7240860287,0E-7,2,2,0.49994810000000000,0.499948100000,-1.4140667746232096,-1.4140667746232096,-1.4140667746232096,0E-17,ELIGIBLE,R03b_20260811_FULL_v1,L1_ELIGIBILITY,v2026-08-11,2026-03-21..2026-08-06,baccarat_bet02_101_all_pairs_incl_sentinel,round_win = game_pnl > 0 (decisive only),COMPATIBILITY_ONLY_NOT_PRODUCTION,378.2988,315.9737,168.4115,32,32,-0.44518126,,-0.44518126,-0.44518126,-168.4115,378.2988,OK,0.0000,6.7365,4.0000,96.0000,AG03-UNRESOLVED,ALL5_LEVELS_bet23_to_bet27,6.7365,6.7365,8.4206,8.4206,8.4206,4.000000,4.000000,5.000000,5.000000,5.000000,96.000000,96.000000,95.000000,95.000000,95.000000,5.0,38.7347,35.34,129.6769,133.0715,PENDING_AG03,FALSE,NOT_FOR_ENFORCEMENT,161.6751,303.3348,168.4115,161.6751,6.7365,0.44518126,0.42737401,6.7365,161.6751,0.42737401,6.7365,6.7365,8.4206,8.4206,8.4206,161.6751,0.42737401,38.7347,35.34,129.6769,133.0715,0.34278957,0.351763,0.01780725,11.8218,9.8742,5.2629,84.2058,24.0588,189.1494,16.0000,,11.8218,8.8638,11.1494,13.3793,17.6606,20.0466,27.8735,11.1494,-9.477,1.798,2.5,1.060313,7,8,4,2,0E-8,0.44518126,,0E-8,0.000000,0.835249,0.000000,,2026-05-04,2026-05-08,2,7,7,5,0.400000,,,0.000000,,,,,,,,GLOBAL_BASELINE_NO_ENTITY_RANKING,,,NOT_APPLICABLE_GLOBAL_BASELINE,HF9g-P5,,,,X 全窗基线 · 不参与实体赏罚,6874268,688,A168_HF9F_20260827_0900,2026-08-27 09:00:00
2026-05-08,149303043,1710,0,26.7585376460,-26.7585376460,-26.7585376460,0E-7,2,2,0.49324550000000000,0.493245500000,-1.3952362676504506,-1.3952362676504506,-1.3952362676504506,0E-17,ELIGIBLE,R03b_20260811_FULL_v1,L1_ELIGIBILITY,v2026-08-11,2026-03-21..2026-08-06,baccarat_bet02_101_all_pairs_incl_sentinel,round_win = game_pnl > 0 (decisive only),COMPATIBILITY_ONLY_NOT_PRODUCTION,378.2988,315.9737,168.4115,32,32,-0.44518126,,-0.44518126,-0.44518126,-168.4115,378.2988,OK,0.0000,6.7365,4.0000,96.0000,AG03-UNRESOLVED,ALL5_LEVELS_bet23_to_bet27,6.7365,6.7365,8.4206,8.4206,8.4206,4.000000,4.000000,5.000000,5.000000,5.000000,96.000000,96.000000,95.000000,95.000000,95.000000,5.0,38.7347,35.34,129.6769,133.0715,PENDING_AG03,FALSE,NOT_FOR_ENFORCEMENT,161.6751,303.3348,168.4115,161.6751,6.7365,0.44518126,0.42737401,6.7365,161.6751,0.42737401,6.7365,6.7365,8.4206,8.4206,8.4206,161.6751,0.42737401,38.7347,35.34,129.6769,133.0715,0.34278957,0.351763,0.01780725,11.8218,9.8742,5.2629,84.2058,24.0588,189.1494,16.0000,,11.8218,8.8638,11.1494,13.3793,17.6606,20.0466,27.8735,11.1494,-9.477,1.798,2.5,1.060313,7,8,4,2,0E-8,0.44518126,,0E-8,0.000000,0.835249,0.000000,,2026-05-04,2026-05-08,2,7,7,5,0.400000,,,0.000000,,,,,,,,GLOBAL_BASELINE_NO_ENTITY_RANKING,,,NOT_APPLICABLE_GLOBAL_BASELINE,HF9g-P5,,,,X 全窗基线 · 不参与实体赏罚,6874269,688,A168_HF9F_20260827_0900,2026-08-27 09:00:00
2026-05-08,149303043,1942,0,76.4848201045,-56.7503985907,-56.7503985907,0.2000000,6,6,0.49547970000000000,0.495479700000,-1.3214793953192199,-1.3214793953192199,-1.3214793953192199,0E-17,ELIGIBLE,R03b_20260811_FULL_v1,L1_ELIGIBILITY,v2026-08-11,2026-03-21..2026-08-06,baccarat_bet02_101_all_pairs_incl_sentinel,round_win = game_pnl > 0 (decisive only),COMPATIBILITY_ONLY_NOT_PRODUCTION,378.2988,315.9737,168.4115,32,32,-0.44518126,,-0.44518126,-0.44518126,-168.4115,378.2988,OK,0.0000,6.7365,4.0000,96.0000,AG03-UNRESOLVED,ALL5_LEVELS_bet23_to_bet27,6.7365,6.7365,8.4206,8.4206,8.4206,4.000000,4.000000,5.000000,5.000000,5.000000,96.000000,96.000000,95.000000,95.000000,95.000000,5.0,38.7347,35.34,129.6769,133.0715,PENDING_AG03,FALSE,NOT_FOR_ENFORCEMENT,161.6751,303.3348,168.4115,161.6751,6.7365,0.44518126,0.42737401,6.7365,161.6751,0.42737401,6.7365,6.7365,8.4206,8.4206,8.4206,161.6751,0.42737401,38.7347,35.34,129.6769,133.0715,0.34278957,0.351763,0.01780725,11.8218,9.8742,5.2629,84.2058,24.0588,189.1494,16.0000,,11.8218,8.8638,11.1494,13.3793,17.6606,20.0466,27.8735,11.1494,-9.477,1.798,2.5,1.060313,7,8,4,2,0E-8,0.44518126,,0E-8,0.000000,0.835249,0.000000,,2026-05-04,2026-05-08,2,7,7,5,0.400000,,,0.000000,,,,,,,,GLOBAL_BASELINE_NO_ENTITY_RANKING,,,NOT_APPLICABLE_GLOBAL_BASELINE,HF9g-P5,,,,X 全窗基线 · 不参与实体赏罚,6874270,688,A168_HF9F_20260827_0900,2026-08-27 09:00:00
2026-05-08,149303043,583,0,71.3561003892,-5.8534301100,-5.8534301100,0.5000000,7,7,0.49707555714285714,0.497075557143,0.014327030625969732,0.014327030625269827,0.014327030625969732,-1.4286E-13,ELIGIBLE,R03b_20260811_FULL_v1,L1_ELIGIBILITY,v2026-08-11,2026-03-21..2026-08-06,baccarat_bet02_101_all_pairs_incl_sentinel,round_win = game_pnl > 0 (decisive only),COMPATIBILITY_ONLY_NOT_PRODUCTION,378.2988,315.9737,168.4115,32,32,-0.44518126,,-0.44518126,-0.44518126,-168.4115,378.2988,OK,0.0000,6.7365,4.0000,96.0000,AG03-UNRESOLVED,ALL5_LEVELS_bet23_to_bet27,6.7365,6.7365,8.4206,8.4206,8.4206,4.000000,4.000000,5.000000,5.000000,5.000000,96.000000,96.000000,95.000000,95.000000,95.000000,5.0,38.7347,35.34,129.6769,133.0715,PENDING_AG03,FALSE,NOT_FOR_ENFORCEMENT,161.6751,303.3348,168.4115,161.6751,6.7365,0.44518126,0.42737401,6.7365,161.6751,0.42737401,6.7365,6.7365,8.4206,8.4206,8.4206,161.6751,0.42737401,38.7347,35.34,129.6769,133.0715,0.34278957,0.351763,0.01780725,11.8218,9.8742,5.2629,84.2058,24.0588,189.1494,16.0000,,11.8218,8.8638,11.1494,13.3793,17.6606,20.0466,27.8735,11.1494,-9.477,1.798,2.5,1.060313,7,8,4,2,0E-8,0.44518126,,0E-8,0.000000,0.835249,0.000000,,2026-05-04,2026-05-08,2,7,7,5,0.400000,,,0.000000,,,,,,,,GLOBAL_BASELINE_NO_ENTITY_RANKING,,,NOT_APPLICABLE_GLOBAL_BASELINE,HF9g-P5,,,,X 全窗基线 · 不参与实体赏罚,6874271,688,A168_HF9F_20260827_0900,2026-08-27 09:00:00
2026-05-08,149303043,595,0,82.5054910749,-11.1493906858,-11.1493906858,0.5000000,6,6,0.50218230000000000,0.502182300000,-0.008729283145653279,-0.008729283145653279,-0.008729283145653279,0E-17,ELIGIBLE,R03b_20260811_FULL_v1,L1_ELIGIBILITY,v2026-08-11,2026-03-21..2026-08-06,baccarat_bet02_101_all_pairs_incl_sentinel,round_win = game_pnl > 0 (decisive only),COMPATIBILITY_ONLY_NOT_PRODUCTION,378.2988,315.9737,168.4115,32,32,-0.44518126,,-0.44518126,-0.44518126,-168.4115,378.2988,OK,0.0000,6.7365,4.0000,96.0000,AG03-UNRESOLVED,ALL5_LEVELS_bet23_to_bet27,6.7365,6.7365,8.4206,8.4206,8.4206,4.000000,4.000000,5.000000,5.000000,5.000000,96.000000,96.000000,95.000000,95.000000,95.000000,5.0,38.7347,35.34,129.6769,133.0715,PENDING_AG03,FALSE,NOT_FOR_ENFORCEMENT,161.6751,303.3348,168.4115,161.6751,6.7365,0.44518126,0.42737401,6.7365,161.6751,0.42737401,6.7365,6.7365,8.4206,8.4206,8.4206,161.6751,0.42737401,38.7347,35.34,129.6769,133.0715,0.34278957,0.351763,0.01780725,11.8218,9.8742,5.2629,84.2058,24.0588,189.1494,16.0000,,11.8218,8.8638,11.1494,13.3793,17.6606,20.0466,27.8735,11.1494,-9.477,1.798,2.5,1.060313,7,8,4,2,0E-8,0.44518126,,0E-8,0.000000,0.835249,0.000000,,2026-05-04,2026-05-08,2,7,7,5,0.400000,,,0.000000,,,,,,,,GLOBAL_BASELINE_NO_ENTITY_RANKING,,,NOT_APPLICABLE_GLOBAL_BASELINE,HF9g-P5,,,,X 全窗基线 · 不参与实体赏罚,6874272,688,A168_HF9F_20260827_0900,2026-08-27 09:00:00
2026-03-23,146450029,2239,0,26.3317270980,-26.3317270980,-26.3317270980,0E-7,1,1,0.49324550000000000,0.493245500000,-0.9865810262130424,-0.9865810262130424,-0.9865810262130424,0E-17,ELIGIBLE,R03b_20260811_FULL_v1,L1_ELIGIBILITY,v2026-08-11,2026-03-21..2026-08-06,baccarat_bet02_101_all_pairs_incl_sentinel,round_win = game_pnl > 0 (decisive only),COMPATIBILITY_ONLY_NOT_PRODUCTION,503.7868,503.7868,168.4139,10,10,-0.33429591,,-0.33429591,-0.33429591,-168.4139,503.7868,THIN_EXPOSURE,0.0000,6.7366,4.0000,96.0000,AG03-UNRESOLVED,ALL5_LEVELS_bet23_to_bet27,6.7366,6.7366,8.4207,8.4207,8.4207,4.000000,4.000000,5.000000,5.000000,5.000000,96.000000,96.000000,95.000000,95.000000,95.000000,5.0,38.7352,35.3405,129.6787,133.0734,PENDING_AG03,FALSE,NOT_FOR_ENFORCEMENT,161.6773,483.6353,168.4139,161.6773,6.7366,0.33429591,0.32092408,6.7366,161.6773,0.32092408,6.7366,6.7366,8.4207,8.4207,8.4207,161.6773,0.32092408,38.7352,35.3405,129.6787,133.0734,0.25740785,0.26414619,0.01337184,50.3787,50.3787,16.8414,56.1380,56.1380,167.9289,3.3333,,50.3787,25.8178,42.5124,82.6169,100.6893,103.2711,103.2711,42.5124,-26.0748,2.429198,2.429198,1.185034,3,3,3,2,0E-8,0.33429591,,0E-8,0.000000,1.000000,0.000000,,2026-03-23,2026-07-05,3,3,3,105,0.028571,,,0.000000,,,,,,,,GLOBAL_BASELINE_NO_ENTITY_RANKING,,,NOT_APPLICABLE_GLOBAL_BASELINE,HF9g-P5,,,,X 全窗基线 · 不参与实体赏罚,6874273,688,A168_HF9F_20260827_0900,2026-08-27 09:00:00
2026-06-15,146450029,2084,0,43.7164090827,-43.7164090827,-43.7164090827,0E-7,1,1,0.49324550000000000,0.493245500000,-0.9865810262130424,-0.9865810262130424,-0.9865810262130424,0E-17,ELIGIBLE,R03b_20260811_FULL_v1,L1_ELIGIBILITY,v2026-08-11,2026-03-21..2026-08-06,baccarat_bet02_101_all_pairs_incl_sentinel,round_win = game_pnl > 0 (decisive only),COMPATIBILITY_ONLY_NOT_PRODUCTION,503.7868,503.7868,168.4139,10,10,-0.33429591,,-0.33429591,-0.33429591,-168.4139,503.7868,THIN_EXPOSURE,0.0000,6.7366,4.0000,96.0000,AG03-UNRESOLVED,ALL5_LEVELS_bet23_to_bet27,6.7366,6.7366,8.4207,8.4207,8.4207,4.000000,4.000000,5.000000,5.000000,5.000000,96.000000,96.000000,95.000000,95.000000,95.000000,5.0,38.7352,35.3405,129.6787,133.0734,PENDING_AG03,FALSE,NOT_FOR_ENFORCEMENT,161.6773,483.6353,168.4139,161.6773,6.7366,0.33429591,0.32092408,6.7366,161.6773,0.32092408,6.7366,6.7366,8.4207,8.4207,8.4207,161.6773,0.32092408,38.7352,35.3405,129.6787,133.0734,0.25740785,0.26414619,0.01337184,50.3787,50.3787,16.8414,56.1380,56.1380,167.9289,3.3333,,50.3787,25.8178,42.5124,82.6169,100.6893,103.2711,103.2711,42.5124,-26.0748,2.429198,2.429198,1.185034,3,3,3,2,0E-8,0.33429591,,0E-8,0.000000,1.000000,0.000000,,2026-03-23,2026-07-05,3,3,3,105,0.028571,,,0.000000,,,,,,,,GLOBAL_BASELINE_NO_ENTITY_RANKING,,,NOT_APPLICABLE_GLOBAL_BASELINE,HF9g-P5,,,,X 全窗基线 · 不参与实体赏罚,6874274,688,A168_HF9F_20260827_0900,2026-08-27 09:00:00
2026-07-05,146450029,2209,0,433.7386724498,-98.3657346448,-98.3657346448,0.5000000,8,8,0.50162375000000000,0.501623750000,-0.009185365523350236,-0.009185365523350236,-0.009185365523350236,0E-17,ELIGIBLE,R03b_20260811_FULL_v1,L1_ELIGIBILITY,v2026-08-11,2026-03-21..2026-08-06,baccarat_bet02_101_all_pairs_incl_sentinel,round_win = game_pnl > 0 (decisive only),COMPATIBILITY_ONLY_NOT_PRODUCTION,503.7868,503.7868,168.4139,10,10,-0.33429591,,-0.33429591,-0.33429591,-168.4139,503.7868,THIN_EXPOSURE,0.0000,6.7366,4.0000,96.0000,AG03-UNRESOLVED,ALL5_LEVELS_bet23_to_bet27,6.7366,6.7366,8.4207,8.4207,8.4207,4.000000,4.000000,5.000000,5.000000,5.000000,96.000000,96.000000,95.000000,95.000000,95.000000,5.0,38.7352,35.3405,129.6787,133.0734,PENDING_AG03,FALSE,NOT_FOR_ENFORCEMENT,161.6773,483.6353,168.4139,161.6773,6.7366,0.33429591,0.32092408,6.7366,161.6773,0.32092408,6.7366,6.7366,8.4207,8.4207,8.4207,161.6773,0.32092408,38.7352,35.3405,129.6787,133.0734,0.25740785,0.26414619,0.01337184,50.3787,50.3787,16.8414,56.1380,56.1380,167.9289,3.3333,,50.3787,25.8178,42.5124,82.6169,100.6893,103.2711,103.2711,42.5124,-26.0748,2.429198,2.429198,1.185034,3,3,3,2,0E-8,0.33429591,,0E-8,0.000000,1.000000,0.000000,,2026-03-23,2026-07-05,3,3,3,105,0.028571,,,0.000000,,,,,,,,GLOBAL_BASELINE_NO_ENTITY_RANKING,,,NOT_APPLICABLE_GLOBAL_BASELINE,HF9g-P5,,,,X 全窗基线 · 不参与实体赏罚,6874275,688,A168_HF9F_20260827_0900,2026-08-27 09:00:00
2026-06-30,152220872,-1,1,22.4829334097,-4.2921963782,-4.2921963782,0.3333333,5,5,0.49592654000000000,0.495926540000,-0.5632580825033607,-0.5632580825033607,-0.5632580825033607,0E-17,SENTINEL_DEALER,R03b_20260811_FULL_v1,L1_ELIGIBILITY,v2026-08-11,2026-03-21..2026-08-06,baccarat_bet02_101_all_pairs_incl_sentinel,round_win = game_pnl > 0 (decisive only),COMPATIBILITY_ONLY_NOT_PRODUCTION,13461.8174,12030.9580,168.4253,1921,1920,-0.01251133,-0.01264445,-0.00681516,-0.01251133,-168.4253,13461.8174,OK,0.0000,6.7370,4.0000,96.0000,AG03-UNRESOLVED,ALL5_LEVELS_bet23_to_bet27,6.7370,6.7370,6.7370,10.1055,10.1055,4.000000,4.000000,4.000000,6.000000,6.000000,96.000000,96.000000,96.000000,94.000000,94.000000,5.0,40.4221,36.7584,128.0032,131.6669,PENDING_AG03,FALSE,NOT_FOR_ENFORCEMENT,161.6883,11549.7197,168.4253,161.6883,6.7370,0.01251133,0.01201088,6.7370,161.6883,0.01201088,6.7370,6.7370,6.7370,10.1055,10.1055,161.6883,0.01201088,40.4221,36.7584,128.0032,131.6669,0.00950861,0.00978077,0.00050045,7.0077,6.2661,0.0877,10.5266,0.1689,841.3636,120.0000,7.1725,3.5334,4.0407,6.0611,8.1756,12.1222,16.1629,20.2037,6.0611,0.0,2.666667,3.333333,1.156179,29,150,35,2,0.97716482,0.01251133,0.01264445,0E-8,0.000000,0.893710,0.075482,-0.00582929,2026-06-30,2026-08-06,16,997,296,38,0.421053,2.029941,1.023519,3.257216,,,,,,,,GLOBAL_BASELINE_NO_ENTITY_RANKING,,,NOT_APPLICABLE_GLOBAL_BASELINE,HF9g-P5,,,,X 全窗基线 · 不参与实体赏罚,6874276,688,A168_HF9F_20260827_0900,2026-08-27 09:00:00
2026-06-30,152220872,1110,0,10.2195151862,5.9273188081,5.9273188081,0.6666667,3,3,0.50218230000000000,0.502182300000,0.5697959874915163,0.5697959874915164,0.5697959874915163,0E-17,ELIGIBLE,R03b_20260811_FULL_v1,L1_ELIGIBILITY,v2026-08-11,2026-03-21..2026-08-06,baccarat_bet02_101_all_pairs_incl_sentinel,round_win = game_pnl > 0 (decisive only),COMPATIBILITY_ONLY_NOT_PRODUCTION,13461.8174,12030.9580,168.4253,1921,1920,-0.01251133,-0.01264445,-0.00681516,-0.01251133,-168.4253,13461.8174,OK,0.0000,6.7370,4.0000,96.0000,AG03-UNRESOLVED,ALL5_LEVELS_bet23_to_bet27,6.7370,6.7370,6.7370,10.1055,10.1055,4.000000,4.000000,4.000000,6.000000,6.000000,96.000000,96.000000,96.000000,94.000000,94.000000,5.0,40.4221,36.7584,128.0032,131.6669,PENDING_AG03,FALSE,NOT_FOR_ENFORCEMENT,161.6883,11549.7197,168.4253,161.6883,6.7370,0.01251133,0.01201088,6.7370,161.6883,0.01201088,6.7370,6.7370,6.7370,10.1055,10.1055,161.6883,0.01201088,40.4221,36.7584,128.0032,131.6669,0.00950861,0.00978077,0.00050045,7.0077,6.2661,0.0877,10.5266,0.1689,841.3636,120.0000,7.1725,3.5334,4.0407,6.0611,8.1756,12.1222,16.1629,20.2037,6.0611,0.0,2.666667,3.333333,1.156179,29,150,35,2,0.97716482,0.01251133,0.01264445,0E-8,0.000000,0.893710,0.075482,-0.00582929,2026-06-30,2026-08-06,16,997,296,38,0.421053,2.029941,1.023519,3.257216,,,,,,,,GLOBAL_BASELINE_NO_ENTITY_RANKING,,,NOT_APPLICABLE_GLOBAL_BASELINE,HF9g-P5,,,,X 全窗基线 · 不参与实体赏罚,6874277,688,A168_HF9F_20260827_0900,2026-08-27 09:00:00
2026-06-30,152220872,1385,0,4.0878060745,3.8834157708,3.8834157708,1.0000000,1,1,0.50665070000000000,0.506650700000,0.9867858985152569,0.9867858985152569,0.9867858985152569,0E-17,ELIGIBLE,R03b_20260811_FULL_v1,L1_ELIGIBILITY,v2026-08-11,2026-03-21..2026-08-06,baccarat_bet02_101_all_pairs_incl_sentinel,round_win = game_pnl > 0 (decisive only),COMPATIBILITY_ONLY_NOT_PRODUCTION,13461.8174,12030.9580,168.4253,1921,1920,-0.01251133,-0.01264445,-0.00681516,-0.01251133,-168.4253,13461.8174,OK,0.0000,6.7370,4.0000,96.0000,AG03-UNRESOLVED,ALL5_LEVELS_bet23_to_bet27,6.7370,6.7370,6.7370,10.1055,10.1055,4.000000,4.000000,4.000000,6.000000,6.000000,96.000000,96.000000,96.000000,94.000000,94.000000,5.0,40.4221,36.7584,128.0032,131.6669,PENDING_AG03,FALSE,NOT_FOR_ENFORCEMENT,161.6883,11549.7197,168.4253,161.6883,6.7370,0.01251133,0.01201088,6.7370,161.6883,0.01201088,6.7370,6.7370,6.7370,10.1055,10.1055,161.6883,0.01201088,40.4221,36.7584,128.0032,131.6669,0.00950861,0.00978077,0.00050045,7.0077,6.2661,0.0877,10.5266,0.1689,841.3636,120.0000,7.1725,3.5334,4.0407,6.0611,8.1756,12.1222,16.1629,20.2037,6.0611,0.0,2.666667,3.333333,1.156179,29,150,35,2,0.97716482,0.01251133,0.01264445,0E-8,0.000000,0.893710,0.075482,-0.00582929,2026-06-30,2026-08-06,16,997,296,38,0.421053,2.029941,1.023519,3.257216,,,,,,,,GLOBAL_BASELINE_NO_ENTITY_RANKING,,,NOT_APPLICABLE_GLOBAL_BASELINE,HF9g-P5,,,,X 全窗基线 · 不参与实体赏罚,6874278,688,A168_HF9F_20260827_0900,2026-08-27 09:00:00
2026-06-30,152220872,1990,0,4.0878060745,3.8834157708,3.8834157708,1.0000000,1,1,0.50665070000000000,0.506650700000,0.9867858985152569,0.9867858985152569,0.9867858985152569,0E-17,ELIGIBLE,R03b_20260811_FULL_v1,L1_ELIGIBILITY,v2026-08-11,2026-03-21..2026-08-06,baccarat_bet02_101_all_pairs_incl_sentinel,round_win = game_pnl > 0 (decisive only),COMPATIBILITY_ONLY_NOT_PRODUCTION,13461.8174,12030.9580,168.4253,1921,1920,-0.01251133,-0.01264445,-0.00681516,-0.01251133,-168.4253,13461.8174,OK,0.0000,6.7370,4.0000,96.0000,AG03-UNRESOLVED,ALL5_LEVELS_bet23_to_bet27,6.7370,6.7370,6.7370,10.1055,10.1055,4.000000,4.000000,4.000000,6.000000,6.000000,96.000000,96.000000,96.000000,94.000000,94.000000,5.0,40.4221,36.7584,128.0032,131.6669,PENDING_AG03,FALSE,NOT_FOR_ENFORCEMENT,161.6883,11549.7197,168.4253,161.6883,6.7370,0.01251133,0.01201088,6.7370,161.6883,0.01201088,6.7370,6.7370,6.7370,10.1055,10.1055,161.6883,0.01201088,40.4221,36.7584,128.0032,131.6669,0.00950861,0.00978077,0.00050045,7.0077,6.2661,0.0877,10.5266,0.1689,841.3636,120.0000,7.1725,3.5334,4.0407,6.0611,8.1756,12.1222,16.1629,20.2037,6.0611,0.0,2.666667,3.333333,1.156179,29,150,35,2,0.97716482,0.01251133,0.01264445,0E-8,0.000000,0.893710,0.075482,-0.00582929,2026-06-30,2026-08-06,16,997,296,38,0.421053,2.029941,1.023519,3.257216,,,,,,,,GLOBAL_BASELINE_NO_ENTITY_RANKING,,,NOT_APPLICABLE_GLOBAL_BASELINE,HF9g-P5,,,,X 全窗基线 · 不参与实体赏罚,6874279,688,A168_HF9F_20260827_0900,2026-08-27 09:00:00
2026-06-30,152220872,2222,0,4.0878060745,-4.0878060745,-4.0878060745,0E-7,1,1,0.49324550000000000,0.493245500000,-0.9865810262130424,-0.9865810262130424,-0.9865810262130424,0E-17,ELIGIBLE,R03b_20260811_FULL_v1,L1_ELIGIBILITY,v2026-08-11,2026-03-21..2026-08-06,baccarat_bet02_101_all_pairs_incl_sentinel,round_win = game_pnl > 0 (decisive only),COMPATIBILITY_ONLY_NOT_PRODUCTION,13461.8174,12030.9580,168.4253,1921,1920,-0.01251133,-0.01264445,-0.00681516,-0.01251133,-168.4253,13461.8174,OK,0.0000,6.7370,4.0000,96.0000,AG03-UNRESOLVED,ALL5_LEVELS_bet23_to_bet27,6.7370,6.7370,6.7370,10.1055,10.1055,4.000000,4.000000,4.000000,6.000000,6.000000,96.000000,96.000000,96.000000,94.000000,94.000000,5.0,40.4221,36.7584,128.0032,131.6669,PENDING_AG03,FALSE,NOT_FOR_ENFORCEMENT,161.6883,11549.7197,168.4253,161.6883,6.7370,0.01251133,0.01201088,6.7370,161.6883,0.01201088,6.7370,6.7370,6.7370,10.1055,10.1055,161.6883,0.01201088,40.4221,36.7584,128.0032,131.6669,0.00950861,0.00978077,0.00050045,7.0077,6.2661,0.0877,10.5266,0.1689,841.3636,120.0000,7.1725,3.5334,4.0407,6.0611,8.1756,12.1222,16.1629,20.2037,6.0611,0.0,2.666667,3.333333,1.156179,29,150,35,2,0.97716482,0.01251133,0.01264445,0E-8,0.000000,0.893710,0.075482,-0.00582929,2026-06-30,2026-08-06,16,997,296,38,0.421053,2.029941,1.023519,3.257216,,,,,,,,GLOBAL_BASELINE_NO_ENTITY_RANKING,,,NOT_APPLICABLE_GLOBAL_BASELINE,HF9g-P5,,,,X 全窗基线 · 不参与实体赏罚,6874280,688,A168_HF9F_20260827_0900,2026-08-27 09:00:00
2026-06-30,152220872,2224,0,8.1756121489,-8.1756121489,-8.1756121489,0E-7,2,2,0.49324550000000000,0.493245500000,-1.3952362676504506,-1.3952362676504506,-1.3952362676504506,0E-17,ELIGIBLE,R03b_20260811_FULL_v1,L1_ELIGIBILITY,v2026-08-11,2026-03-21..2026-08-06,baccarat_bet02_101_all_pairs_incl_sentinel,round_win = game_pnl > 0 (decisive only),COMPATIBILITY_ONLY_NOT_PRODUCTION,13461.8174,12030.9580,168.4253,1921,1920,-0.01251133,-0.01264445,-0.00681516,-0.01251133,-168.4253,13461.8174,OK,0.0000,6.7370,4.0000,96.0000,AG03-UNRESOLVED,ALL5_LEVELS_bet23_to_bet27,6.7370,6.7370,6.7370,10.1055,10.1055,4.000000,4.000000,4.000000,6.000000,6.000000,96.000000,96.000000,96.000000,94.000000,94.000000,5.0,40.4221,36.7584,128.0032,131.6669,PENDING_AG03,FALSE,NOT_FOR_ENFORCEMENT,161.6883,11549.7197,168.4253,161.6883,6.7370,0.01251133,0.01201088,6.7370,161.6883,0.01201088,6.7370,6.7370,6.7370,10.1055,10.1055,161.6883,0.01201088,40.4221,36.7584,128.0032,131.6669,0.00950861,0.00978077,0.00050045,7.0077,6.2661,0.0877,10.5266,0.1689,841.3636,120.0000,7.1725,3.5334,4.0407,6.0611,8.1756,12.1222,16.1629,20.2037,6.0611,0.0,2.666667,3.333333,1.156179,29,150,35,2,0.97716482,0.01251133,0.01264445,0E-8,0.000000,0.893710,0.075482,-0.00582929,2026-06-30,2026-08-06,16,997,296,38,0.421053,2.029941,1.023519,3.257216,,,,,,,,GLOBAL_BASELINE_NO_ENTITY_RANKING,,,NOT_APPLICABLE_GLOBAL_BASELINE,HF9g-P5,,,,X 全窗基线 · 不参与实体赏罚,6874281,688,A168_HF9F_20260827_0900,2026-08-27 09:00:00
2026-06-30,152220872,2246,0,2.0439030372,-2.0439030372,-2.0439030372,0E-7,1,1,0.50665070000000000,0.506650700000,-1.013391052207602,-1.013391052207602,-1.013391052207602,0E-17,ELIGIBLE,R03b_20260811_FULL_v1,L1_ELIGIBILITY,v2026-08-11,2026-03-21..2026-08-06,baccarat_bet02_101_all_pairs_incl_sentinel,round_win = game_pnl > 0 (decisive only),COMPATIBILITY_ONLY_NOT_PRODUCTION,13461.8174,12030.9580,168.4253,1921,1920,-0.01251133,-0.01264445,-0.00681516,-0.01251133,-168.4253,13461.8174,OK,0.0000,6.7370,4.0000,96.0000,AG03-UNRESOLVED,ALL5_LEVELS_bet23_to_bet27,6.7370,6.7370,6.7370,10.1055,10.1055,4.000000,4.000000,4.000000,6.000000,6.000000,96.000000,96.000000,96.000000,94.000000,94.000000,5.0,40.4221,36.7584,128.0032,131.6669,PENDING_AG03,FALSE,NOT_FOR_ENFORCEMENT,161.6883,11549.7197,168.4253,161.6883,6.7370,0.01251133,0.01201088,6.7370,161.6883,0.01201088,6.7370,6.7370,6.7370,10.1055,10.1055,161.6883,0.01201088,40.4221,36.7584,128.0032,131.6669,0.00950861,0.00978077,0.00050045,7.0077,6.2661,0.0877,10.5266,0.1689,841.3636,120.0000,7.1725,3.5334,4.0407,6.0611,8.1756,12.1222,16.1629,20.2037,6.0611,0.0,2.666667,3.333333,1.156179,29,150,35,2,0.97716482,0.01251133,0.01264445,0E-8,0.000000,0.893710,0.075482,-0.00582929,2026-06-30,2026-08-06,16,997,296,38,0.421053,2.029941,1.023519,3.257216,,,,,,,,GLOBAL_BASELINE_NO_ENTITY_RANKING,,,NOT_APPLICABLE_GLOBAL_BASELINE,HF9g-P5,,,,X 全窗基线 · 不参与实体赏罚,6874282,688,A168_HF9F_20260827_0900,2026-08-27 09:00:00
2026-06-30,152220872,2252,0,20.4390303724,-12.4678085271,-12.4678085271,0.3333333,3,3,0.50218230000000000,0.502182300000,-0.5849155494134425,-0.5849155494134426,-0.5849155494134425,0E-17,ELIGIBLE,R03b_20260811_FULL_v1,L1_ELIGIBILITY,v2026-08-11,2026-03-21..2026-08-06,baccarat_bet02_101_all_pairs_incl_sentinel,round_win = game_pnl > 0 (decisive only),COMPATIBILITY_ONLY_NOT_PRODUCTION,13461.8174,12030.9580,168.4253,1921,1920,-0.01251133,-0.01264445,-0.00681516,-0.01251133,-168.4253,13461.8174,OK,0.0000,6.7370,4.0000,96.0000,AG03-UNRESOLVED,ALL5_LEVELS_bet23_to_bet27,6.7370,6.7370,6.7370,10.1055,10.1055,4.000000,4.000000,4.000000,6.000000,6.000000,96.000000,96.000000,96.000000,94.000000,94.000000,5.0,40.4221,36.7584,128.0032,131.6669,PENDING_AG03,FALSE,NOT_FOR_ENFORCEMENT,161.6883,11549.7197,168.4253,161.6883,6.7370,0.01251133,0.01201088,6.7370,161.6883,0.01201088,6.7370,6.7370,6.7370,10.1055,10.1055,161.6883,0.01201088,40.4221,36.7584,128.0032,131.6669,0.00950861,0.00978077,0.00050045,7.0077,6.2661,0.0877,10.5266,0.1689,841.3636,120.0000,7.1725,3.5334,4.0407,6.0611,8.1756,12.1222,16.1629,20.2037,6.0611,0.0,2.666667,3.333333,1.156179,29,150,35,2,0.97716482,0.01251133,0.01264445,0E-8,0.000000,0.893710,0.075482,-0.00582929,2026-06-30,2026-08-06,16,997,296,38,0.421053,2.029941,1.023519,3.257216,,,,,,,,GLOBAL_BASELINE_NO_ENTITY_RANKING,,,NOT_APPLICABLE_GLOBAL_BASELINE,HF9g-P5,,,,X 全窗基线 · 不参与实体赏罚,6874283,688,A168_HF9F_20260827_0900,2026-08-27 09:00:00
2026-06-30,152220872,2267,0,10.2195151862,-6.2339042636,-6.2339042636,0.3333333,3,3,0.50665070000000000,0.506650700000,-0.6004420894325239,-0.6004420894325239,-0.6004420894325239,0E-17,ELIGIBLE,R03b_20260811_FULL_v1,L1_ELIGIBILITY,v2026-08-11,2026-03-21..2026-08-06,baccarat_bet02_101_all_pairs_incl_sentinel,round_win = game_pnl > 0 (decisive only),COMPATIBILITY_ONLY_NOT_PRODUCTION,13461.8174,12030.9580,168.4253,1921,1920,-0.01251133,-0.01264445,-0.00681516,-0.01251133,-168.4253,13461.8174,OK,0.0000,6.7370,4.0000,96.0000,AG03-UNRESOLVED,ALL5_LEVELS_bet23_to_bet27,6.7370,6.7370,6.7370,10.1055,10.1055,4.000000,4.000000,4.000000,6.000000,6.000000,96.000000,96.000000,96.000000,94.000000,94.000000,5.0,40.4221,36.7584,128.0032,131.6669,PENDING_AG03,FALSE,NOT_FOR_ENFORCEMENT,161.6883,11549.7197,168.4253,161.6883,6.7370,0.01251133,0.01201088,6.7370,161.6883,0.01201088,6.7370,6.7370,6.7370,10.1055,10.1055,161.6883,0.01201088,40.4221,36.7584,128.0032,131.6669,0.00950861,0.00978077,0.00050045,7.0077,6.2661,0.0877,10.5266,0.1689,841.3636,120.0000,7.1725,3.5334,4.0407,6.0611,8.1756,12.1222,16.1629,20.2037,6.0611,0.0,2.666667,3.333333,1.156179,29,150,35,2,0.97716482,0.01251133,0.01264445,0E-8,0.000000,0.893710,0.075482,-0.00582929,2026-06-30,2026-08-06,16,997,296,38,0.421053,2.029941,1.023519,3.257216,,,,,,,,GLOBAL_BASELINE_NO_ENTITY_RANKING,,,NOT_APPLICABLE_GLOBAL_BASELINE,HF9g-P5,,,,X 全窗基线 · 不参与实体赏罚,6874284,688,A168_HF9F_20260827_0900,2026-08-27 09:00:00
2026-06-30,152220872,2281,0,6.1317091117,-6.1317091117,-6.1317091117,0E-7,1,1,0.50665070000000000,0.506650700000,-1.013391052207602,-1.013391052207602,-1.013391052207602,0E-17,ELIGIBLE,R03b_20260811_FULL_v1,L1_ELIGIBILITY,v2026-08-11,2026-03-21..2026-08-06,baccarat_bet02_101_all_pairs_incl_sentinel,round_win = game_pnl > 0 (decisive only),COMPATIBILITY_ONLY_NOT_PRODUCTION,13461.8174,12030.9580,168.4253,1921,1920,-0.01251133,-0.01264445,-0.00681516,-0.01251133,-168.4253,13461.8174,OK,0.0000,6.7370,4.0000,96.0000,AG03-UNRESOLVED,ALL5_LEVELS_bet23_to_bet27,6.7370,6.7370,6.7370,10.1055,10.1055,4.000000,4.000000,4.000000,6.000000,6.000000,96.000000,96.000000,96.000000,94.000000,94.000000,5.0,40.4221,36.7584,128.0032,131.6669,PENDING_AG03,FALSE,NOT_FOR_ENFORCEMENT,161.6883,11549.7197,168.4253,161.6883,6.7370,0.01251133,0.01201088,6.7370,161.6883,0.01201088,6.7370,6.7370,6.7370,10.1055,10.1055,161.6883,0.01201088,40.4221,36.7584,128.0032,131.6669,0.00950861,0.00978077,0.00050045,7.0077,6.2661,0.0877,10.5266,0.1689,841.3636,120.0000,7.1725,3.5334,4.0407,6.0611,8.1756,12.1222,16.1629,20.2037,6.0611,0.0,2.666667,3.333333,1.156179,29,150,35,2,0.97716482,0.01251133,0.01264445,0E-8,0.000000,0.893710,0.075482,-0.00582929,2026-06-30,2026-08-06,16,997,296,38,0.421053,2.029941,1.023519,3.257216,,,,,,,,GLOBAL_BASELINE_NO_ENTITY_RANKING,,,NOT_APPLICABLE_GLOBAL_BASELINE,HF9g-P5,,,,X 全窗基线 · 不参与实体赏罚,6874285,688,A168_HF9F_20260827_0900,2026-08-27 09:00:00
2026-06-30,152220872,925,0,20.4390303725,19.8258594614,19.8258594614,1.0000000,5,5,0.50128862000000000,0.501288620000,2.2303125007307085,2.2303125007307085,2.2303125007307085,0E-17,ELIGIBLE,R03b_20260811_FULL_v1,L1_ELIGIBILITY,v2026-08-11,2026-03-21..2026-08-06,baccarat_bet02_101_all_pairs_incl_sentinel,round_win = game_pnl > 0 (decisive only),COMPATIBILITY_ONLY_NOT_PRODUCTION,13461.8174,12030.9580,168.4253,1921,1920,-0.01251133,-0.01264445,-0.00681516,-0.01251133,-168.4253,13461.8174,OK,0.0000,6.7370,4.0000,96.0000,AG03-UNRESOLVED,ALL5_LEVELS_bet23_to_bet27,6.7370,6.7370,6.7370,10.1055,10.1055,4.000000,4.000000,4.000000,6.000000,6.000000,96.000000,96.000000,96.000000,94.000000,94.000000,5.0,40.4221,36.7584,128.0032,131.6669,PENDING_AG03,FALSE,NOT_FOR_ENFORCEMENT,161.6883,11549.7197,168.4253,161.6883,6.7370,0.01251133,0.01201088,6.7370,161.6883,0.01201088,6.7370,6.7370,6.7370,10.1055,10.1055,161.6883,0.01201088,40.4221,36.7584,128.0032,131.6669,0.00950861,0.00978077,0.00050045,7.0077,6.2661,0.0877,10.5266,0.1689,841.3636,120.0000,7.1725,3.5334,4.0407,6.0611,8.1756,12.1222,16.1629,20.2037,6.0611,0.0,2.666667,3.333333,1.156179,29,150,35,2,0.97716482,0.01251133,0.01264445,0E-8,0.000000,0.893710,0.075482,-0.00582929,2026-06-30,2026-08-06,16,997,296,38,0.421053,2.029941,1.023519,3.257216,,,,,,,,GLOBAL_BASELINE_NO_ENTITY_RANKING,,,NOT_APPLICABLE_GLOBAL_BASELINE,HF9g-P5,,,,X 全窗基线 · 不参与实体赏罚,6874286,688,A168_HF9F_20260827_0900,2026-08-27 09:00:00
2026-06-30,152220872,989,0,8.1756121490,-8.1756121490,-8.1756121490,0E-7,2,2,0.49994810000000000,0.499948100000,-1.4140667746232096,-1.4140667746232096,-1.4140667746232096,0E-17,ELIGIBLE,R03b_20260811_FULL_v1,L1_ELIGIBILITY,v2026-08-11,2026-03-21..2026-08-06,baccarat_bet02_101_all_pairs_incl_sentinel,round_win = game_pnl > 0 (decisive only),COMPATIBILITY_ONLY_NOT_PRODUCTION,13461.8174,12030.9580,168.4253,1921,1920,-0.01251133,-0.01264445,-0.00681516,-0.01251133,-168.4253,13461.8174,OK,0.0000,6.7370,4.0000,96.0000,AG03-UNRESOLVED,ALL5_LEVELS_bet23_to_bet27,6.7370,6.7370,6.7370,10.1055,10.1055,4.000000,4.000000,4.000000,6.000000,6.000000,96.000000,96.000000,96.000000,94.000000,94.000000,5.0,40.4221,36.7584,128.0032,131.6669,PENDING_AG03,FALSE,NOT_FOR_ENFORCEMENT,161.6883,11549.7197,168.4253,161.6883,6.7370,0.01251133,0.01201088,6.7370,161.6883,0.01201088,6.7370,6.7370,6.7370,10.1055,10.1055,161.6883,0.01201088,40.4221,36.7584,128.0032,131.6669,0.00950861,0.00978077,0.00050045,7.0077,6.2661,0.0877,10.5266,0.1689,841.3636,120.0000,7.1725,3.5334,4.0407,6.0611,8.1756,12.1222,16.1629,20.2037,6.0611,0.0,2.666667,3.333333,1.156179,29,150,35,2,0.97716482,0.01251133,0.01264445,0E-8,0.000000,0.893710,0.075482,-0.00582929,2026-06-30,2026-08-06,16,997,296,38,0.421053,2.029941,1.023519,3.257216,,,,,,,,GLOBAL_BASELINE_NO_ENTITY_RANKING,,,NOT_APPLICABLE_GLOBAL_BASELINE,HF9g-P5,,,,X 全窗基线 · 不参与实体赏罚,6874287,688,A168_HF9F_20260827_0900,2026-08-27 09:00:00
2026-07-01,152220872,-1,1,38.8341577073,13.7963455016,13.7963455016,0.6363636,14,14,0.50186312857142857,0.501863128571,0.8921816309070881,0.8921816309099282,0.8921816309070881,4.2857E-13,SENTINEL_DEALER,R03b_20260811_FULL_v1,L1_ELIGIBILITY,v2026-08-11,2026-03-21..2026-08-06,baccarat_bet02_101_all_pairs_incl_sentinel,round_win = game_pnl > 0 (decisive only),COMPATIBILITY_ONLY_NOT_PRODUCTION,13461.8174,12030.9580,168.4253,1921,1920,-0.01251133,-0.01264445,-0.00681516,-0.01251133,-168.4253,13461.8174,OK,0.0000,6.7370,4.0000,96.0000,AG03-UNRESOLVED,ALL5_LEVELS_bet23_to_bet27,6.7370,6.7370,6.7370,10.1055,10.1055,4.000000,4.000000,4.000000,6.000000,6.000000,96.000000,96.000000,96.000000,94.000000,94.000000,5.0,40.4221,36.7584,128.0032,131.6669,PENDING_AG03,FALSE,NOT_FOR_ENFORCEMENT,161.6883,11549.7197,168.4253,161.6883,6.7370,0.01251133,0.01201088,6.7370,161.6883,0.01201088,6.7370,6.7370,6.7370,10.1055,10.1055,161.6883,0.01201088,40.4221,36.7584,128.0032,131.6669,0.00950861,0.00978077,0.00050045,7.0077,6.2661,0.0877,10.5266,0.1689,841.3636,120.0000,7.1725,3.5334,4.0407,6.0611,8.1756,12.1222,16.1629,20.2037,6.0611,0.0,2.666667,3.333333,1.156179,29,150,35,2,0.97716482,0.01251133,0.01264445,0E-8,0.000000,0.893710,0.075482,-0.00582929,2026-06-30,2026-08-06,16,997,296,38,0.421053,2.029941,1.023519,3.257216,,,,,,,,GLOBAL_BASELINE_NO_ENTITY_RANKING,,,NOT_APPLICABLE_GLOBAL_BASELINE,HF9g-P5,,,,X 全窗基线 · 不参与实体赏罚,6874288,688,A168_HF9F_20260827_0900,2026-08-27 09:00:00
2026-07-01,152220872,1382,0,4.0878060744,0E-10,0E-10,0.5000000,2,2,0.49324550000000000,0.493245500000,0.01910635448239258,0.01910635448239258,0.01910635448239258,0E-17,ELIGIBLE,R03b_20260811_FULL_v1,L1_ELIGIBILITY,v2026-08-11,2026-03-21..2026-08-06,baccarat_bet02_101_all_pairs_incl_sentinel,round_win = game_pnl > 0 (decisive only),COMPATIBILITY_ONLY_NOT_PRODUCTION,13461.8174,12030.9580,168.4253,1921,1920,-0.01251133,-0.01264445,-0.00681516,-0.01251133,-168.4253,13461.8174,OK,0.0000,6.7370,4.0000,96.0000,AG03-UNRESOLVED,ALL5_LEVELS_bet23_to_bet27,6.7370,6.7370,6.7370,10.1055,10.1055,4.000000,4.000000,4.000000,6.000000,6.000000,96.000000,96.000000,96.000000,94.000000,94.000000,5.0,40.4221,36.7584,128.0032,131.6669,PENDING_AG03,FALSE,NOT_FOR_ENFORCEMENT,161.6883,11549.7197,168.4253,161.6883,6.7370,0.01251133,0.01201088,6.7370,161.6883,0.01201088,6.7370,6.7370,6.7370,10.1055,10.1055,161.6883,0.01201088,40.4221,36.7584,128.0032,131.6669,0.00950861,0.00978077,0.00050045,7.0077,6.2661,0.0877,10.5266,0.1689,841.3636,120.0000,7.1725,3.5334,4.0407,6.0611,8.1756,12.1222,16.1629,20.2037,6.0611,0.0,2.666667,3.333333,1.156179,29,150,35,2,0.97716482,0.01251133,0.01264445,0E-8,0.000000,0.893710,0.075482,-0.00582929,2026-06-30,2026-08-06,16,997,296,38,0.421053,2.029941,1.023519,3.257216,,,,,,,,GLOBAL_BASELINE_NO_ENTITY_RANKING,,,NOT_APPLICABLE_GLOBAL_BASELINE,HF9g-P5,,,,X 全窗基线 · 不参与实体赏罚,6874289,688,A168_HF9F_20260827_0900,2026-08-27 09:00:00
2026-07-01,152220872,1654,0,4.0878060745,-4.0878060745,-4.0878060745,0E-7,1,1,0.50665070000000000,0.506650700000,-1.013391052207602,-1.013391052207602,-1.013391052207602,0E-17,ELIGIBLE,R03b_20260811_FULL_v1,L1_ELIGIBILITY,v2026-08-11,2026-03-21..2026-08-06,baccarat_bet02_101_all_pairs_incl_sentinel,round_win = game_pnl > 0 (decisive only),COMPATIBILITY_ONLY_NOT_PRODUCTION,13461.8174,12030.9580,168.4253,1921,1920,-0.01251133,-0.01264445,-0.00681516,-0.01251133,-168.4253,13461.8174,OK,0.0000,6.7370,4.0000,96.0000,AG03-UNRESOLVED,ALL5_LEVELS_bet23_to_bet27,6.7370,6.7370,6.7370,10.1055,10.1055,4.000000,4.000000,4.000000,6.000000,6.000000,96.000000,96.000000,96.000000,94.000000,94.000000,5.0,40.4221,36.7584,128.0032,131.6669,PENDING_AG03,FALSE,NOT_FOR_ENFORCEMENT,161.6883,11549.7197,168.4253,161.6883,6.7370,0.01251133,0.01201088,6.7370,161.6883,0.01201088,6.7370,6.7370,6.7370,10.1055,10.1055,161.6883,0.01201088,40.4221,36.7584,128.0032,131.6669,0.00950861,0.00978077,0.00050045,7.0077,6.2661,0.0877,10.5266,0.1689,841.3636,120.0000,7.1725,3.5334,4.0407,6.0611,8.1756,12.1222,16.1629,20.2037,6.0611,0.0,2.666667,3.333333,1.156179,29,150,35,2,0.97716482,0.01251133,0.01264445,0E-8,0.000000,0.893710,0.075482,-0.00582929,2026-06-30,2026-08-06,16,997,296,38,0.421053,2.029941,1.023519,3.257216,,,,,,,,GLOBAL_BASELINE_NO_ENTITY_RANKING,,,NOT_APPLICABLE_GLOBAL_BASELINE,HF9g-P5,,,,X 全窗基线 · 不参与实体赏罚,6874290,688,A168_HF9F_20260827_0900,2026-08-27 09:00:00
2026-07-01,152220872,1985,0,4.0878060745,-4.0878060745,-4.0878060745,0E-7,1,1,0.49324550000000000,0.493245500000,-0.9865810262130424,-0.9865810262130424,-0.9865810262130424,0E-17,ELIGIBLE,R03b_20260811_FULL_v1,L1_ELIGIBILITY,v2026-08-11,2026-03-21..2026-08-06,baccarat_bet02_101_all_pairs_incl_sentinel,round_win = game_pnl > 0 (decisive only),COMPATIBILITY_ONLY_NOT_PRODUCTION,13461.8174,12030.9580,168.4253,1921,1920,-0.01251133,-0.01264445,-0.00681516,-0.01251133,-168.4253,13461.8174,OK,0.0000,6.7370,4.0000,96.0000,AG03-UNRESOLVED,ALL5_LEVELS_bet23_to_bet27,6.7370,6.7370,6.7370,10.1055,10.1055,4.000000,4.000000,4.000000,6.000000,6.000000,96.000000,96.000000,96.000000,94.000000,94.000000,5.0,40.4221,36.7584,128.0032,131.6669,PENDING_AG03,FALSE,NOT_FOR_ENFORCEMENT,161.6883,11549.7197,168.4253,161.6883,6.7370,0.01251133,0.01201088,6.7370,161.6883,0.01201088,6.7370,6.7370,6.7370,10.1055,10.1055,161.6883,0.01201088,40.4221,36.7584,128.0032,131.6669,0.00950861,0.00978077,0.00050045,7.0077,6.2661,0.0877,10.5266,0.1689,841.3636,120.0000,7.1725,3.5334,4.0407,6.0611,8.1756,12.1222,16.1629,20.2037,6.0611,0.0,2.666667,3.333333,1.156179,29,150,35,2,0.97716482,0.01251133,0.01264445,0E-8,0.000000,0.893710,0.075482,-0.00582929,2026-06-30,2026-08-06,16,997,296,38,0.421053,2.029941,1.023519,3.257216,,,,,,,,GLOBAL_BASELINE_NO_ENTITY_RANKING,,,NOT_APPLICABLE_GLOBAL_BASELINE,HF9g-P5,,,,X 全窗基线 · 不参与实体赏罚,6874291,688,A168_HF9F_20260827_0900,2026-08-27 09:00:00
2026-07-01,152220872,2145,0,4.0878060745,4.0878060745,4.0878060745,1.0000000,1,1,0.49324550000000000,0.493245500000,1.01360149184955,1.01360149184955,1.01360149184955,0E-17,ELIGIBLE,R03b_20260811_FULL_v1,L1_ELIGIBILITY,v2026-08-11,2026-03-21..2026-08-06,baccarat_bet02_101_all_pairs_incl_sentinel,round_win = game_pnl > 0 (decisive only),COMPATIBILITY_ONLY_NOT_PRODUCTION,13461.8174,12030.9580,168.4253,1921,1920,-0.01251133,-0.01264445,-0.00681516,-0.01251133,-168.4253,13461.8174,OK,0.0000,6.7370,4.0000,96.0000,AG03-UNRESOLVED,ALL5_LEVELS_bet23_to_bet27,6.7370,6.7370,6.7370,10.1055,10.1055,4.000000,4.000000,4.000000,6.000000,6.000000,96.000000,96.000000,96.000000,94.000000,94.000000,5.0,40.4221,36.7584,128.0032,131.6669,PENDING_AG03,FALSE,NOT_FOR_ENFORCEMENT,161.6883,11549.7197,168.4253,161.6883,6.7370,0.01251133,0.01201088,6.7370,161.6883,0.01201088,6.7370,6.7370,6.7370,10.1055,10.1055,161.6883,0.01201088,40.4221,36.7584,128.0032,131.6669,0.00950861,0.00978077,0.00050045,7.0077,6.2661,0.0877,10.5266,0.1689,841.3636,120.0000,7.1725,3.5334,4.0407,6.0611,8.1756,12.1222,16.1629,20.2037,6.0611,0.0,2.666667,3.333333,1.156179,29,150,35,2,0.97716482,0.01251133,0.01264445,0E-8,0.000000,0.893710,0.075482,-0.00582929,2026-06-30,2026-08-06,16,997,296,38,0.421053,2.029941,1.023519,3.257216,,,,,,,,GLOBAL_BASELINE_NO_ENTITY_RANKING,,,NOT_APPLICABLE_GLOBAL_BASELINE,HF9g-P5,,,,X 全窗基线 · 不参与实体赏罚,6874292,688,A168_HF9F_20260827_0900,2026-08-27 09:00:00
2026-07-01,152220872,2156,0,8.1756121489,4.0878060745,4.0878060745,0.5000000,2,2,0.49324550000000000,0.493245500000,0.01910635448239258,0.01910635448239258,0.01910635448239258,0E-17,ELIGIBLE,R03b_20260811_FULL_v1,L1_ELIGIBILITY,v2026-08-11,2026-03-21..2026-08-06,baccarat_bet02_101_all_pairs_incl_sentinel,round_win = game_pnl > 0 (decisive only),COMPATIBILITY_ONLY_NOT_PRODUCTION,13461.8174,12030.9580,168.4253,1921,1920,-0.01251133,-0.01264445,-0.00681516,-0.01251133,-168.4253,13461.8174,OK,0.0000,6.7370,4.0000,96.0000,AG03-UNRESOLVED,ALL5_LEVELS_bet23_to_bet27,6.7370,6.7370,6.7370,10.1055,10.1055,4.000000,4.000000,4.000000,6.000000,6.000000,96.000000,96.000000,96.000000,94.000000,94.000000,5.0,40.4221,36.7584,128.0032,131.6669,PENDING_AG03,FALSE,NOT_FOR_ENFORCEMENT,161.6883,11549.7197,168.4253,161.6883,6.7370,0.01251133,0.01201088,6.7370,161.6883,0.01201088,6.7370,6.7370,6.7370,10.1055,10.1055,161.6883,0.01201088,40.4221,36.7584,128.0032,131.6669,0.00950861,0.00978077,0.00050045,7.0077,6.2661,0.0877,10.5266,0.1689,841.3636,120.0000,7.1725,3.5334,4.0407,6.0611,8.1756,12.1222,16.1629,20.2037,6.0611,0.0,2.666667,3.333333,1.156179,29,150,35,2,0.97716482,0.01251133,0.01264445,0E-8,0.000000,0.893710,0.075482,-0.00582929,2026-06-30,2026-08-06,16,997,296,38,0.421053,2.029941,1.023519,3.257216,,,,,,,,GLOBAL_BASELINE_NO_ENTITY_RANKING,,,NOT_APPLICABLE_GLOBAL_BASELINE,HF9g-P5,,,,X 全窗基线 · 不参与实体赏罚,6874293,688,A168_HF9F_20260827_0900,2026-08-27 09:00:00
2026-07-01,152220872,2177,0,8.1756121489,4.0878060745,4.0878060745,0.6666667,3,3,0.49324550000000000,0.493245500000,0.6008033672792107,0.6008033672792106,0.6008033672792107,0E-17,ELIGIBLE,R03b_20260811_FULL_v1,L1_ELIGIBILITY,v2026-08-11,2026-03-21..2026-08-06,baccarat_bet02_101_all_pairs_incl_sentinel,round_win = game_pnl > 0 (decisive only),COMPATIBILITY_ONLY_NOT_PRODUCTION,13461.8174,12030.9580,168.4253,1921,1920,-0.01251133,-0.01264445,-0.00681516,-0.01251133,-168.4253,13461.8174,OK,0.0000,6.7370,4.0000,96.0000,AG03-UNRESOLVED,ALL5_LEVELS_bet23_to_bet27,6.7370,6.7370,6.7370,10.1055,10.1055,4.000000,4.000000,4.000000,6.000000,6.000000,96.000000,96.000000,96.000000,94.000000,94.000000,5.0,40.4221,36.7584,128.0032,131.6669,PENDING_AG03,FALSE,NOT_FOR_ENFORCEMENT,161.6883,11549.7197,168.4253,161.6883,6.7370,0.01251133,0.01201088,6.7370,161.6883,0.01201088,6.7370,6.7370,6.7370,10.1055,10.1055,161.6883,0.01201088,40.4221,36.7584,128.0032,131.6669,0.00950861,0.00978077,0.00050045,7.0077,6.2661,0.0877,10.5266,0.1689,841.3636,120.0000,7.1725,3.5334,4.0407,6.0611,8.1756,12.1222,16.1629,20.2037,6.0611,0.0,2.666667,3.333333,1.156179,29,150,35,2,0.97716482,0.01251133,0.01264445,0E-8,0.000000,0.893710,0.075482,-0.00582929,2026-06-30,2026-08-06,16,997,296,38,0.421053,2.029941,1.023519,3.257216,,,,,,,,GLOBAL_BASELINE_NO_ENTITY_RANKING,,,NOT_APPLICABLE_GLOBAL_BASELINE,HF9g-P5,,,,X 全窗基线 · 不参与实体赏罚,6874294,688,A168_HF9F_20260827_0900,2026-08-27 09:00:00
2026-07-01,152220872,2212,0,2.0439030372,-2.0439030372,-2.0439030372,0E-7,1,1,0.50665070000000000,0.506650700000,-1.013391052207602,-1.013391052207602,-1.013391052207602,0E-17,ELIGIBLE,R03b_20260811_FULL_v1,L1_ELIGIBILITY,v2026-08-11,2026-03-21..2026-08-06,baccarat_bet02_101_all_pairs_incl_sentinel,round_win = game_pnl > 0 (decisive only),COMPATIBILITY_ONLY_NOT_PRODUCTION,13461.8174,12030.9580,168.4253,1921,1920,-0.01251133,-0.01264445,-0.00681516,-0.01251133,-168.4253,13461.8174,OK,0.0000,6.7370,4.0000,96.0000,AG03-UNRESOLVED,ALL5_LEVELS_bet23_to_bet27,6.7370,6.7370,6.7370,10.1055,10.1055,4.000000,4.000000,4.000000,6.000000,6.000000,96.000000,96.000000,96.000000,94.000000,94.000000,5.0,40.4221,36.7584,128.0032,131.6669,PENDING_AG03,FALSE,NOT_FOR_ENFORCEMENT,161.6883,11549.7197,168.4253,161.6883,6.7370,0.01251133,0.01201088,6.7370,161.6883,0.01201088,6.7370,6.7370,6.7370,10.1055,10.1055,161.6883,0.01201088,40.4221,36.7584,128.0032,131.6669,0.00950861,0.00978077,0.00050045,7.0077,6.2661,0.0877,10.5266,0.1689,841.3636,120.0000,7.1725,3.5334,4.0407,6.0611,8.1756,12.1222,16.1629,20.2037,6.0611,0.0,2.666667,3.333333,1.156179,29,150,35,2,0.97716482,0.01251133,0.01264445,0E-8,0.000000,0.893710,0.075482,-0.00582929,2026-06-30,2026-08-06,16,997,296,38,0.421053,2.029941,1.023519,3.257216,,,,,,,,GLOBAL_BASELINE_NO_ENTITY_RANKING,,,NOT_APPLICABLE_GLOBAL_BASELINE,HF9g-P5,,,,X 全窗基线 · 不参与实体赏罚,6874295,688,A168_HF9F_20260827_0900,2026-08-27 09:00:00
2026-07-01,152220872,2241,0,4.0878060744,-0.1021951518,-0.1021951518,0.5000000,2,2,0.49994810000000000,0.499948100000,0.00014679536856514622,0.00014679536856514622,0.00014679536856514622,0E-17,ELIGIBLE,R03b_20260811_FULL_v1,L1_ELIGIBILITY,v2026-08-11,2026-03-21..2026-08-06,baccarat_bet02_101_all_pairs_incl_sentinel,round_win = game_pnl > 0 (decisive only),COMPATIBILITY_ONLY_NOT_PRODUCTION,13461.8174,12030.9580,168.4253,1921,1920,-0.01251133,-0.01264445,-0.00681516,-0.01251133,-168.4253,13461.8174,OK,0.0000,6.7370,4.0000,96.0000,AG03-UNRESOLVED,ALL5_LEVELS_bet23_to_bet27,6.7370,6.7370,6.7370,10.1055,10.1055,4.000000,4.000000,4.000000,6.000000,6.000000,96.000000,96.000000,96.000000,94.000000,94.000000,5.0,40.4221,36.7584,128.0032,131.6669,PENDING_AG03,FALSE,NOT_FOR_ENFORCEMENT,161.6883,11549.7197,168.4253,161.6883,6.7370,0.01251133,0.01201088,6.7370,161.6883,0.01201088,6.7370,6.7370,6.7370,10.1055,10.1055,161.6883,0.01201088,40.4221,36.7584,128.0032,131.6669,0.00950861,0.00978077,0.00050045,7.0077,6.2661,0.0877,10.5266,0.1689,841.3636,120.0000,7.1725,3.5334,4.0407,6.0611,8.1756,12.1222,16.1629,20.2037,6.0611,0.0,2.666667,3.333333,1.156179,29,150,35,2,0.97716482,0.01251133,0.01264445,0E-8,0.000000,0.893710,0.075482,-0.00582929,2026-06-30,2026-08-06,16,997,296,38,0.421053,2.029941,1.023519,3.257216,,,,,,,,GLOBAL_BASELINE_NO_ENTITY_RANKING,,,NOT_APPLICABLE_GLOBAL_BASELINE,HF9g-P5,,,,X 全窗基线 · 不参与实体赏罚,6874296,688,A168_HF9F_20260827_0900,2026-08-27 09:00:00
2026-07-01,152220872,2246,0,4.0878060745,-4.0878060745,-4.0878060745,0E-7,1,1,0.49324550000000000,0.493245500000,-0.9865810262130424,-0.9865810262130424,-0.9865810262130424,0E-17,ELIGIBLE,R03b_20260811_FULL_v1,L1_ELIGIBILITY,v2026-08-11,2026-03-21..2026-08-06,baccarat_bet02_101_all_pairs_incl_sentinel,round_win = game_pnl > 0 (decisive only),COMPATIBILITY_ONLY_NOT_PRODUCTION,13461.8174,12030.9580,168.4253,1921,1920,-0.01251133,-0.01264445,-0.00681516,-0.01251133,-168.4253,13461.8174,OK,0.0000,6.7370,4.0000,96.0000,AG03-UNRESOLVED,ALL5_LEVELS_bet23_to_bet27,6.7370,6.7370,6.7370,10.1055,10.1055,4.000000,4.000000,4.000000,6.000000,6.000000,96.000000,96.000000,96.000000,94.000000,94.000000,5.0,40.4221,36.7584,128.0032,131.6669,PENDING_AG03,FALSE,NOT_FOR_ENFORCEMENT,161.6883,11549.7197,168.4253,161.6883,6.7370,0.01251133,0.01201088,6.7370,161.6883,0.01201088,6.7370,6.7370,6.7370,10.1055,10.1055,161.6883,0.01201088,40.4221,36.7584,128.0032,131.6669,0.00950861,0.00978077,0.00050045,7.0077,6.2661,0.0877,10.5266,0.1689,841.3636,120.0000,7.1725,3.5334,4.0407,6.0611,8.1756,12.1222,16.1629,20.2037,6.0611,0.0,2.666667,3.333333,1.156179,29,150,35,2,0.97716482,0.01251133,0.01264445,0E-8,0.000000,0.893710,0.075482,-0.00582929,2026-06-30,2026-08-06,16,997,296,38,0.421053,2.029941,1.023519,3.257216,,,,,,,,GLOBAL_BASELINE_NO_ENTITY_RANKING,,,NOT_APPLICABLE_GLOBAL_BASELINE,HF9g-P5,,,,X 全窗基线 · 不参与实体赏罚,6874297,688,A168_HF9F_20260827_0900,2026-08-27 09:00:00
2026-07-01,152220872,2278,0,2.0439030372,-2.0439030372,-2.0439030372,0E-7,1,1,0.49324550000000000,0.493245500000,-0.9865810262130424,-0.9865810262130424,-0.9865810262130424,0E-17,ELIGIBLE,R03b_20260811_FULL_v1,L1_ELIGIBILITY,v2026-08-11,2026-03-21..2026-08-06,baccarat_bet02_101_all_pairs_incl_sentinel,round_win = game_pnl > 0 (decisive only),COMPATIBILITY_ONLY_NOT_PRODUCTION,13461.8174,12030.9580,168.4253,1921,1920,-0.01251133,-0.01264445,-0.00681516,-0.01251133,-168.4253,13461.8174,OK,0.0000,6.7370,4.0000,96.0000,AG03-UNRESOLVED,ALL5_LEVELS_bet23_to_bet27,6.7370,6.7370,6.7370,10.1055,10.1055,4.000000,4.000000,4.000000,6.000000,6.000000,96.000000,96.000000,96.000000,94.000000,94.000000,5.0,40.4221,36.7584,128.0032,131.6669,PENDING_AG03,FALSE,NOT_FOR_ENFORCEMENT,161.6883,11549.7197,168.4253,161.6883,6.7370,0.01251133,0.01201088,6.7370,161.6883,0.01201088,6.7370,6.7370,6.7370,10.1055,10.1055,161.6883,0.01201088,40.4221,36.7584,128.0032,131.6669,0.00950861,0.00978077,0.00050045,7.0077,6.2661,0.0877,10.5266,0.1689,841.3636,120.0000,7.1725,3.5334,4.0407,6.0611,8.1756,12.1222,16.1629,20.2037,6.0611,0.0,2.666667,3.333333,1.156179,29,150,35,2,0.97716482,0.01251133,0.01264445,0E-8,0.000000,0.893710,0.075482,-0.00582929,2026-06-30,2026-08-06,16,997,296,38,0.421053,2.029941,1.023519,3.257216,,,,,,,,GLOBAL_BASELINE_NO_ENTITY_RANKING,,,NOT_APPLICABLE_GLOBAL_BASELINE,HF9g-P5,,,,X 全窗基线 · 不参与实体赏罚,6874298,688,A168_HF9F_20260827_0900,2026-08-27 09:00:00
2026-07-01,152220872,2280,0,4.0878060745,-4.0878060745,-4.0878060745,0E-7,1,1,0.49324550000000000,0.493245500000,-0.9865810262130424,-0.9865810262130424,-0.9865810262130424,0E-17,ELIGIBLE,R03b_20260811_FULL_v1,L1_ELIGIBILITY,v2026-08-11,2026-03-21..2026-08-06,baccarat_bet02_101_all_pairs_incl_sentinel,round_win = game_pnl > 0 (decisive only),COMPATIBILITY_ONLY_NOT_PRODUCTION,13461.8174,12030.9580,168.4253,1921,1920,-0.01251133,-0.01264445,-0.00681516,-0.01251133,-168.4253,13461.8174,OK,0.0000,6.7370,4.0000,96.0000,AG03-UNRESOLVED,ALL5_LEVELS_bet23_to_bet27,6.7370,6.7370,6.7370,10.1055,10.1055,4.000000,4.000000,4.000000,6.000000,6.000000,96.000000,96.000000,96.000000,94.000000,94.000000,5.0,40.4221,36.7584,128.0032,131.6669,PENDING_AG03,FALSE,NOT_FOR_ENFORCEMENT,161.6883,11549.7197,168.4253,161.6883,6.7370,0.01251133,0.01201088,6.7370,161.6883,0.01201088,6.7370,6.7370,6.7370,10.1055,10.1055,161.6883,0.01201088,40.4221,36.7584,128.0032,131.6669,0.00950861,0.00978077,0.00050045,7.0077,6.2661,0.0877,10.5266,0.1689,841.3636,120.0000,7.1725,3.5334,4.0407,6.0611,8.1756,12.1222,16.1629,20.2037,6.0611,0.0,2.666667,3.333333,1.156179,29,150,35,2,0.97716482,0.01251133,0.01264445,0E-8,0.000000,0.893710,0.075482,-0.00582929,2026-06-30,2026-08-06,16,997,296,38,0.421053,2.029941,1.023519,3.257216,,,,,,,,GLOBAL_BASELINE_NO_ENTITY_RANKING,,,NOT_APPLICABLE_GLOBAL_BASELINE,HF9g-P5,,,,X 全窗基线 · 不参与实体赏罚,6874299,688,A168_HF9F_20260827_0900,2026-08-27 09:00:00
2026-07-01,152220872,2287,0,2.0439030372,1.9417078854,1.9417078854,1.0000000,1,1,0.50665070000000000,0.506650700000,0.9867858985152569,0.9867858985152569,0.9867858985152569,0E-17,ELIGIBLE,R03b_20260811_FULL_v1,L1_ELIGIBILITY,v2026-08-11,2026-03-21..2026-08-06,baccarat_bet02_101_all_pairs_incl_sentinel,round_win = game_pnl > 0 (decisive only),COMPATIBILITY_ONLY_NOT_PRODUCTION,13461.8174,12030.9580,168.4253,1921,1920,-0.01251133,-0.01264445,-0.00681516,-0.01251133,-168.4253,13461.8174,OK,0.0000,6.7370,4.0000,96.0000,AG03-UNRESOLVED,ALL5_LEVELS_bet23_to_bet27,6.7370,6.7370,6.7370,10.1055,10.1055,4.000000,4.000000,4.000000,6.000000,6.000000,96.000000,96.000000,96.000000,94.000000,94.000000,5.0,40.4221,36.7584,128.0032,131.6669,PENDING_AG03,FALSE,NOT_FOR_ENFORCEMENT,161.6883,11549.7197,168.4253,161.6883,6.7370,0.01251133,0.01201088,6.7370,161.6883,0.01201088,6.7370,6.7370,6.7370,10.1055,10.1055,161.6883,0.01201088,40.4221,36.7584,128.0032,131.6669,0.00950861,0.00978077,0.00050045,7.0077,6.2661,0.0877,10.5266,0.1689,841.3636,120.0000,7.1725,3.5334,4.0407,6.0611,8.1756,12.1222,16.1629,20.2037,6.0611,0.0,2.666667,3.333333,1.156179,29,150,35,2,0.97716482,0.01251133,0.01264445,0E-8,0.000000,0.893710,0.075482,-0.00582929,2026-06-30,2026-08-06,16,997,296,38,0.421053,2.029941,1.023519,3.257216,,,,,,,,GLOBAL_BASELINE_NO_ENTITY_RANKING,,,NOT_APPLICABLE_GLOBAL_BASELINE,HF9g-P5,,,,X 全窗基线 · 不参与实体赏罚,6874300,688,A168_HF9F_20260827_0900,2026-08-27 09:00:00
2026-07-01,152220872,948,0,6.1317091117,6.0295139599,6.0295139599,1.0000000,2,2,0.49994810000000000,0.499948100000,1.4143603653603398,1.4143603653603398,1.4143603653603398,0E-17,ELIGIBLE,R03b_20260811_FULL_v1,L1_ELIGIBILITY,v2026-08-11,2026-03-21..2026-08-06,baccarat_bet02_101_all_pairs_incl_sentinel,round_win = game_pnl > 0 (decisive only),COMPATIBILITY_ONLY_NOT_PRODUCTION,13461.8174,12030.9580,168.4253,1921,1920,-0.01251133,-0.01264445,-0.00681516,-0.01251133,-168.4253,13461.8174,OK,0.0000,6.7370,4.0000,96.0000,AG03-UNRESOLVED,ALL5_LEVELS_bet23_to_bet27,6.7370,6.7370,6.7370,10.1055,10.1055,4.000000,4.000000,4.000000,6.000000,6.000000,96.000000,96.000000,96.000000,94.000000,94.000000,5.0,40.4221,36.7584,128.0032,131.6669,PENDING_AG03,FALSE,NOT_FOR_ENFORCEMENT,161.6883,11549.7197,168.4253,161.6883,6.7370,0.01251133,0.01201088,6.7370,161.6883,0.01201088,6.7370,6.7370,6.7370,10.1055,10.1055,161.6883,0.01201088,40.4221,36.7584,128.0032,131.6669,0.00950861,0.00978077,0.00050045,7.0077,6.2661,0.0877,10.5266,0.1689,841.3636,120.0000,7.1725,3.5334,4.0407,6.0611,8.1756,12.1222,16.1629,20.2037,6.0611,0.0,2.666667,3.333333,1.156179,29,150,35,2,0.97716482,0.01251133,0.01264445,0E-8,0.000000,0.893710,0.075482,-0.00582929,2026-06-30,2026-08-06,16,997,296,38,0.421053,2.029941,1.023519,3.257216,,,,,,,,GLOBAL_BASELINE_NO_ENTITY_RANKING,,,NOT_APPLICABLE_GLOBAL_BASELINE,HF9g-P5,,,,X 全窗基线 · 不参与实体赏罚,6874301,688,A168_HF9F_20260827_0900,2026-08-27 09:00:00
2026-07-02,152220872,-1,1,4.0878060745,0E-10,0E-10,,1,1,0.49324550000000000,0.493245500000,,,,0E-17,SENTINEL_DEALER,R03b_20260811_FULL_v1,L1_ELIGIBILITY,v2026-08-11,2026-03-21..2026-08-06,baccarat_bet02_101_all_pairs_incl_sentinel,round_win = game_pnl > 0 (decisive only),COMPATIBILITY_ONLY_NOT_PRODUCTION,13461.8174,12030.9580,168.4253,1921,1920,-0.01251133,-0.01264445,-0.00681516,-0.01251133,-168.4253,13461.8174,OK,0.0000,6.7370,4.0000,96.0000,AG03-UNRESOLVED,ALL5_LEVELS_bet23_to_bet27,6.7370,6.7370,6.7370,10.1055,10.1055,4.000000,4.000000,4.000000,6.000000,6.000000,96.000000,96.000000,96.000000,94.000000,94.000000,5.0,40.4221,36.7584,128.0032,131.6669,PENDING_AG03,FALSE,NOT_FOR_ENFORCEMENT,161.6883,11549.7197,168.4253,161.6883,6.7370,0.01251133,0.01201088,6.7370,161.6883,0.01201088,6.7370,6.7370,6.7370,10.1055,10.1055,161.6883,0.01201088,40.4221,36.7584,128.0032,131.6669,0.00950861,0.00978077,0.00050045,7.0077,6.2661,0.0877,10.5266,0.1689,841.3636,120.0000,7.1725,3.5334,4.0407,6.0611,8.1756,12.1222,16.1629,20.2037,6.0611,0.0,2.666667,3.333333,1.156179,29,150,35,2,0.97716482,0.01251133,0.01264445,0E-8,0.000000,0.893710,0.075482,-0.00582929,2026-06-30,2026-08-06,16,997,296,38,0.421053,2.029941,1.023519,3.257216,,,,,,,,GLOBAL_BASELINE_NO_ENTITY_RANKING,,,NOT_APPLICABLE_GLOBAL_BASELINE,HF9g-P5,,,,X 全窗基线 · 不参与实体赏罚,6874302,688,A168_HF9F_20260827_0900,2026-08-27 09:00:00
2026-07-02,152220872,2121,0,2.0439030372,-2.0439030372,-2.0439030372,0E-7,1,1,0.50665070000000000,0.506650700000,-1.013391052207602,-1.013391052207602,-1.013391052207602,0E-17,ELIGIBLE,R03b_20260811_FULL_v1,L1_ELIGIBILITY,v2026-08-11,2026-03-21..2026-08-06,baccarat_bet02_101_all_pairs_incl_sentinel,round_win = game_pnl > 0 (decisive only),COMPATIBILITY_ONLY_NOT_PRODUCTION,13461.8174,12030.9580,168.4253,1921,1920,-0.01251133,-0.01264445,-0.00681516,-0.01251133,-168.4253,13461.8174,OK,0.0000,6.7370,4.0000,96.0000,AG03-UNRESOLVED,ALL5_LEVELS_bet23_to_bet27,6.7370,6.7370,6.7370,10.1055,10.1055,4.000000,4.000000,4.000000,6.000000,6.000000,96.000000,96.000000,96.000000,94.000000,94.000000,5.0,40.4221,36.7584,128.0032,131.6669,PENDING_AG03,FALSE,NOT_FOR_ENFORCEMENT,161.6883,11549.7197,168.4253,161.6883,6.7370,0.01251133,0.01201088,6.7370,161.6883,0.01201088,6.7370,6.7370,6.7370,10.1055,10.1055,161.6883,0.01201088,40.4221,36.7584,128.0032,131.6669,0.00950861,0.00978077,0.00050045,7.0077,6.2661,0.0877,10.5266,0.1689,841.3636,120.0000,7.1725,3.5334,4.0407,6.0611,8.1756,12.1222,16.1629,20.2037,6.0611,0.0,2.666667,3.333333,1.156179,29,150,35,2,0.97716482,0.01251133,0.01264445,0E-8,0.000000,0.893710,0.075482,-0.00582929,2026-06-30,2026-08-06,16,997,296,38,0.421053,2.029941,1.023519,3.257216,,,,,,,,GLOBAL_BASELINE_NO_ENTITY_RANKING,,,NOT_APPLICABLE_GLOBAL_BASELINE,HF9g-P5,,,,X 全窗基线 · 不参与实体赏罚,6874303,688,A168_HF9F_20260827_0900,2026-08-27 09:00:00
2026-07-02,152220872,2123,0,10.2195151862,10.2195151862,10.2195151862,1.0000000,1,1,0.49324550000000000,0.493245500000,1.01360149184955,1.01360149184955,1.01360149184955,0E-17,ELIGIBLE,R03b_20260811_FULL_v1,L1_ELIGIBILITY,v2026-08-11,2026-03-21..2026-08-06,baccarat_bet02_101_all_pairs_incl_sentinel,round_win = game_pnl > 0 (decisive only),COMPATIBILITY_ONLY_NOT_PRODUCTION,13461.8174,12030.9580,168.4253,1921,1920,-0.01251133,-0.01264445,-0.00681516,-0.01251133,-168.4253,13461.8174,OK,0.0000,6.7370,4.0000,96.0000,AG03-UNRESOLVED,ALL5_LEVELS_bet23_to_bet27,6.7370,6.7370,6.7370,10.1055,10.1055,4.000000,4.000000,4.000000,6.000000,6.000000,96.000000,96.000000,96.000000,94.000000,94.000000,5.0,40.4221,36.7584,128.0032,131.6669,PENDING_AG03,FALSE,NOT_FOR_ENFORCEMENT,161.6883,11549.7197,168.4253,161.6883,6.7370,0.01251133,0.01201088,6.7370,161.6883,0.01201088,6.7370,6.7370,6.7370,10.1055,10.1055,161.6883,0.01201088,40.4221,36.7584,128.0032,131.6669,0.00950861,0.00978077,0.00050045,7.0077,6.2661,0.0877,10.5266,0.1689,841.3636,120.0000,7.1725,3.5334,4.0407,6.0611,8.1756,12.1222,16.1629,20.2037,6.0611,0.0,2.666667,3.333333,1.156179,29,150,35,2,0.97716482,0.01251133,0.01264445,0E-8,0.000000,0.893710,0.075482,-0.00582929,2026-06-30,2026-08-06,16,997,296,38,0.421053,2.029941,1.023519,3.257216,,,,,,,,GLOBAL_BASELINE_NO_ENTITY_RANKING,,,NOT_APPLICABLE_GLOBAL_BASELINE,HF9g-P5,,,,X 全窗基线 · 不参与实体赏罚,6874304,688,A168_HF9F_20260827_0900,2026-08-27 09:00:00
2026-07-02,152220872,2175,0,10.0151248824,-2.0439030372,-2.0439030372,0E-7,2,2,0.49324550000000000,0.493245500000,-0.9865810262130424,-0.9865810262130424,-0.9865810262130424,0E-17,ELIGIBLE,R03b_20260811_FULL_v1,L1_ELIGIBILITY,v2026-08-11,2026-03-21..2026-08-06,baccarat_bet02_101_all_pairs_incl_sentinel,round_win = game_pnl > 0 (decisive only),COMPATIBILITY_ONLY_NOT_PRODUCTION,13461.8174,12030.9580,168.4253,1921,1920,-0.01251133,-0.01264445,-0.00681516,-0.01251133,-168.4253,13461.8174,OK,0.0000,6.7370,4.0000,96.0000,AG03-UNRESOLVED,ALL5_LEVELS_bet23_to_bet27,6.7370,6.7370,6.7370,10.1055,10.1055,4.000000,4.000000,4.000000,6.000000,6.000000,96.000000,96.000000,96.000000,94.000000,94.000000,5.0,40.4221,36.7584,128.0032,131.6669,PENDING_AG03,FALSE,NOT_FOR_ENFORCEMENT,161.6883,11549.7197,168.4253,161.6883,6.7370,0.01251133,0.01201088,6.7370,161.6883,0.01201088,6.7370,6.7370,6.7370,10.1055,10.1055,161.6883,0.01201088,40.4221,36.7584,128.0032,131.6669,0.00950861,0.00978077,0.00050045,7.0077,6.2661,0.0877,10.5266,0.1689,841.3636,120.0000,7.1725,3.5334,4.0407,6.0611,8.1756,12.1222,16.1629,20.2037,6.0611,0.0,2.666667,3.333333,1.156179,29,150,35,2,0.97716482,0.01251133,0.01264445,0E-8,0.000000,0.893710,0.075482,-0.00582929,2026-06-30,2026-08-06,16,997,296,38,0.421053,2.029941,1.023519,3.257216,,,,,,,,GLOBAL_BASELINE_NO_ENTITY_RANKING,,,NOT_APPLICABLE_GLOBAL_BASELINE,HF9g-P5,,,,X 全窗基线 · 不参与实体赏罚,6874305,688,A168_HF9F_20260827_0900,2026-08-27 09:00:00
2026-07-02,152220872,2242,0,6.1317091117,-6.1317091117,-6.1317091117,0E-7,1,1,0.50665070000000000,0.506650700000,-1.013391052207602,-1.013391052207602,-1.013391052207602,0E-17,ELIGIBLE,R03b_20260811_FULL_v1,L1_ELIGIBILITY,v2026-08-11,2026-03-21..2026-08-06,baccarat_bet02_101_all_pairs_incl_sentinel,round_win = game_pnl > 0 (decisive only),COMPATIBILITY_ONLY_NOT_PRODUCTION,13461.8174,12030.9580,168.4253,1921,1920,-0.01251133,-0.01264445,-0.00681516,-0.01251133,-168.4253,13461.8174,OK,0.0000,6.7370,4.0000,96.0000,AG03-UNRESOLVED,ALL5_LEVELS_bet23_to_bet27,6.7370,6.7370,6.7370,10.1055,10.1055,4.000000,4.000000,4.000000,6.000000,6.000000,96.000000,96.000000,96.000000,94.000000,94.000000,5.0,40.4221,36.7584,128.0032,131.6669,PENDING_AG03,FALSE,NOT_FOR_ENFORCEMENT,161.6883,11549.7197,168.4253,161.6883,6.7370,0.01251133,0.01201088,6.7370,161.6883,0.01201088,6.7370,6.7370,6.7370,10.1055,10.1055,161.6883,0.01201088,40.4221,36.7584,128.0032,131.6669,0.00950861,0.00978077,0.00050045,7.0077,6.2661,0.0877,10.5266,0.1689,841.3636,120.0000,7.1725,3.5334,4.0407,6.0611,8.1756,12.1222,16.1629,20.2037,6.0611,0.0,2.666667,3.333333,1.156179,29,150,35,2,0.97716482,0.01251133,0.01264445,0E-8,0.000000,0.893710,0.075482,-0.00582929,2026-06-30,2026-08-06,16,997,296,38,0.421053,2.029941,1.023519,3.257216,,,,,,,,GLOBAL_BASELINE_NO_ENTITY_RANKING,,,NOT_APPLICABLE_GLOBAL_BASELINE,HF9g-P5,,,,X 全窗基线 · 不参与实体赏罚,6874306,688,A168_HF9F_20260827_0900,2026-08-27 09:00:00
2026-07-04,152220872,-1,1,33.7244001140,2.5037812208,2.5037812208,0.4000000,13,13,0.50046368461538462,0.500463684615,-0.6353884042562868,-0.6353884042538538,-0.6353884042562868,3.8462E-13,SENTINEL_DEALER,R03b_20260811_FULL_v1,L1_ELIGIBILITY,v2026-08-11,2026-03-21..2026-08-06,baccarat_bet02_101_all_pairs_incl_sentinel,round_win = game_pnl > 0 (decisive only),COMPATIBILITY_ONLY_NOT_PRODUCTION,13461.8174,12030.9580,168.4253,1921,1920,-0.01251133,-0.01264445,-0.00681516,-0.01251133,-168.4253,13461.8174,OK,0.0000,6.7370,4.0000,96.0000,AG03-UNRESOLVED,ALL5_LEVELS_bet23_to_bet27,6.7370,6.7370,6.7370,10.1055,10.1055,4.000000,4.000000,4.000000,6.000000,6.000000,96.000000,96.000000,96.000000,94.000000,94.000000,5.0,40.4221,36.7584,128.0032,131.6669,PENDING_AG03,FALSE,NOT_FOR_ENFORCEMENT,161.6883,11549.7197,168.4253,161.6883,6.7370,0.01251133,0.01201088,6.7370,161.6883,0.01201088,6.7370,6.7370,6.7370,10.1055,10.1055,161.6883,0.01201088,40.4221,36.7584,128.0032,131.6669,0.00950861,0.00978077,0.00050045,7.0077,6.2661,0.0877,10.5266,0.1689,841.3636,120.0000,7.1725,3.5334,4.0407,6.0611,8.1756,12.1222,16.1629,20.2037,6.0611,0.0,2.666667,3.333333,1.156179,29,150,35,2,0.97716482,0.01251133,0.01264445,0E-8,0.000000,0.893710,0.075482,-0.00582929,2026-06-30,2026-08-06,16,997,296,38,0.421053,2.029941,1.023519,3.257216,,,,,,,,GLOBAL_BASELINE_NO_ENTITY_RANKING,,,NOT_APPLICABLE_GLOBAL_BASELINE,HF9g-P5,,,,X 全窗基线 · 不参与实体赏罚,6874307,688,A168_HF9F_20260827_0900,2026-08-27 09:00:00
2026-07-04,152220872,2280,0,6.1317091117,-6.1317091117,-6.1317091117,0E-7,2,2,0.49994810000000000,0.499948100000,-1.4140667746232096,-1.4140667746232096,-1.4140667746232096,0E-17,ELIGIBLE,R03b_20260811_FULL_v1,L1_ELIGIBILITY,v2026-08-11,2026-03-21..2026-08-06,baccarat_bet02_101_all_pairs_incl_sentinel,round_win = game_pnl > 0 (decisive only),COMPATIBILITY_ONLY_NOT_PRODUCTION,13461.8174,12030.9580,168.4253,1921,1920,-0.01251133,-0.01264445,-0.00681516,-0.01251133,-168.4253,13461.8174,OK,0.0000,6.7370,4.0000,96.0000,AG03-UNRESOLVED,ALL5_LEVELS_bet23_to_bet27,6.7370,6.7370,6.7370,10.1055,10.1055,4.000000,4.000000,4.000000,6.000000,6.000000,96.000000,96.000000,96.000000,94.000000,94.000000,5.0,40.4221,36.7584,128.0032,131.6669,PENDING_AG03,FALSE,NOT_FOR_ENFORCEMENT,161.6883,11549.7197,168.4253,161.6883,6.7370,0.01251133,0.01201088,6.7370,161.6883,0.01201088,6.7370,6.7370,6.7370,10.1055,10.1055,161.6883,0.01201088,40.4221,36.7584,128.0032,131.6669,0.00950861,0.00978077,0.00050045,7.0077,6.2661,0.0877,10.5266,0.1689,841.3636,120.0000,7.1725,3.5334,4.0407,6.0611,8.1756,12.1222,16.1629,20.2037,6.0611,0.0,2.666667,3.333333,1.156179,29,150,35,2,0.97716482,0.01251133,0.01264445,0E-8,0.000000,0.893710,0.075482,-0.00582929,2026-06-30,2026-08-06,16,997,296,38,0.421053,2.029941,1.023519,3.257216,,,,,,,,GLOBAL_BASELINE_NO_ENTITY_RANKING,,,NOT_APPLICABLE_GLOBAL_BASELINE,HF9g-P5,,,,X 全窗基线 · 不参与实体赏罚,6874308,688,A168_HF9F_20260827_0900,2026-08-27 09:00:00
2026-07-06,152220872,-1,1,10.2195151862,2.0439030372,2.0439030372,0.5000000,2,2,0.49324550000000000,0.493245500000,0.01910635448239258,0.01910635448239258,0.01910635448239258,0E-17,SENTINEL_DEALER,R03b_20260811_FULL_v1,L1_ELIGIBILITY,v2026-08-11,2026-03-21..2026-08-06,baccarat_bet02_101_all_pairs_incl_sentinel,round_win = game_pnl > 0 (decisive only),COMPATIBILITY_ONLY_NOT_PRODUCTION,13461.8174,12030.9580,168.4253,1921,1920,-0.01251133,-0.01264445,-0.00681516,-0.01251133,-168.4253,13461.8174,OK,0.0000,6.7370,4.0000,96.0000,AG03-UNRESOLVED,ALL5_LEVELS_bet23_to_bet27,6.7370,6.7370,6.7370,10.1055,10.1055,4.000000,4.000000,4.000000,6.000000,6.000000,96.000000,96.000000,96.000000,94.000000,94.000000,5.0,40.4221,36.7584,128.0032,131.6669,PENDING_AG03,FALSE,NOT_FOR_ENFORCEMENT,161.6883,11549.7197,168.4253,161.6883,6.7370,0.01251133,0.01201088,6.7370,161.6883,0.01201088,6.7370,6.7370,6.7370,10.1055,10.1055,161.6883,0.01201088,40.4221,36.7584,128.0032,131.6669,0.00950861,0.00978077,0.00050045,7.0077,6.2661,0.0877,10.5266,0.1689,841.3636,120.0000,7.1725,3.5334,4.0407,6.0611,8.1756,12.1222,16.1629,20.2037,6.0611,0.0,2.666667,3.333333,1.156179,29,150,35,2,0.97716482,0.01251133,0.01264445,0E-8,0.000000,0.893710,0.075482,-0.00582929,2026-06-30,2026-08-06,16,997,296,38,0.421053,2.029941,1.023519,3.257216,,,,,,,,GLOBAL_BASELINE_NO_ENTITY_RANKING,,,NOT_APPLICABLE_GLOBAL_BASELINE,HF9g-P5,,,,X 全窗基线 · 不参与实体赏罚,6874309,688,A168_HF9F_20260827_0900,2026-08-27 09:00:00
2026-07-06,152220872,2093,0,4.0878060745,4.0878060745,4.0878060745,1.0000000,1,1,0.50665070000000000,0.506650700000,0.9867858985152569,0.9867858985152569,0.9867858985152569,0E-17,ELIGIBLE,R03b_20260811_FULL_v1,L1_ELIGIBILITY,v2026-08-11,2026-03-21..2026-08-06,baccarat_bet02_101_all_pairs_incl_sentinel,round_win = game_pnl > 0 (decisive only),COMPATIBILITY_ONLY_NOT_PRODUCTION,13461.8174,12030.9580,168.4253,1921,1920,-0.01251133,-0.01264445,-0.00681516,-0.01251133,-168.4253,13461.8174,OK,0.0000,6.7370,4.0000,96.0000,AG03-UNRESOLVED,ALL5_LEVELS_bet23_to_bet27,6.7370,6.7370,6.7370,10.1055,10.1055,4.000000,4.000000,4.000000,6.000000,6.000000,96.000000,96.000000,96.000000,94.000000,94.000000,5.0,40.4221,36.7584,128.0032,131.6669,PENDING_AG03,FALSE,NOT_FOR_ENFORCEMENT,161.6883,11549.7197,168.4253,161.6883,6.7370,0.01251133,0.01201088,6.7370,161.6883,0.01201088,6.7370,6.7370,6.7370,10.1055,10.1055,161.6883,0.01201088,40.4221,36.7584,128.0032,131.6669,0.00950861,0.00978077,0.00050045,7.0077,6.2661,0.0877,10.5266,0.1689,841.3636,120.0000,7.1725,3.5334,4.0407,6.0611,8.1756,12.1222,16.1629,20.2037,6.0611,0.0,2.666667,3.333333,1.156179,29,150,35,2,0.97716482,0.01251133,0.01264445,0E-8,0.000000,0.893710,0.075482,-0.00582929,2026-06-30,2026-08-06,16,997,296,38,0.421053,2.029941,1.023519,3.257216,,,,,,,,GLOBAL_BASELINE_NO_ENTITY_RANKING,,,NOT_APPLICABLE_GLOBAL_BASELINE,HF9g-P5,,,,X 全窗基线 · 不参与实体赏罚,6874310,688,A168_HF9F_20260827_0900,2026-08-27 09:00:00
2026-07-06,152220872,2177,0,2.0439030372,-2.0439030372,-2.0439030372,0E-7,1,1,0.49324550000000000,0.493245500000,-0.9865810262130424,-0.9865810262130424,-0.9865810262130424,0E-17,ELIGIBLE,R03b_20260811_FULL_v1,L1_ELIGIBILITY,v2026-08-11,2026-03-21..2026-08-06,baccarat_bet02_101_all_pairs_incl_sentinel,round_win = game_pnl > 0 (decisive only),COMPATIBILITY_ONLY_NOT_PRODUCTION,13461.8174,12030.9580,168.4253,1921,1920,-0.01251133,-0.01264445,-0.00681516,-0.01251133,-168.4253,13461.8174,OK,0.0000,6.7370,4.0000,96.0000,AG03-UNRESOLVED,ALL5_LEVELS_bet23_to_bet27,6.7370,6.7370,6.7370,10.1055,10.1055,4.000000,4.000000,4.000000,6.000000,6.000000,96.000000,96.000000,96.000000,94.000000,94.000000,5.0,40.4221,36.7584,128.0032,131.6669,PENDING_AG03,FALSE,NOT_FOR_ENFORCEMENT,161.6883,11549.7197,168.4253,161.6883,6.7370,0.01251133,0.01201088,6.7370,161.6883,0.01201088,6.7370,6.7370,6.7370,10.1055,10.1055,161.6883,0.01201088,40.4221,36.7584,128.0032,131.6669,0.00950861,0.00978077,0.00050045,7.0077,6.2661,0.0877,10.5266,0.1689,841.3636,120.0000,7.1725,3.5334,4.0407,6.0611,8.1756,12.1222,16.1629,20.2037,6.0611,0.0,2.666667,3.333333,1.156179,29,150,35,2,0.97716482,0.01251133,0.01264445,0E-8,0.000000,0.893710,0.075482,-0.00582929,2026-06-30,2026-08-06,16,997,296,38,0.421053,2.029941,1.023519,3.257216,,,,,,,,GLOBAL_BASELINE_NO_ENTITY_RANKING,,,NOT_APPLICABLE_GLOBAL_BASELINE,HF9g-P5,,,,X 全窗基线 · 不参与实体赏罚,6874311,688,A168_HF9F_20260827_0900,2026-08-27 09:00:00
2026-07-06,152220872,2212,0,2.0439030372,2.0439030372,2.0439030372,1.0000000,1,1,0.49324550000000000,0.493245500000,1.01360149184955,1.01360149184955,1.01360149184955,0E-17,ELIGIBLE,R03b_20260811_FULL_v1,L1_ELIGIBILITY,v2026-08-11,2026-03-21..2026-08-06,baccarat_bet02_101_all_pairs_incl_sentinel,round_win = game_pnl > 0 (decisive only),COMPATIBILITY_ONLY_NOT_PRODUCTION,13461.8174,12030.9580,168.4253,1921,1920,-0.01251133,-0.01264445,-0.00681516,-0.01251133,-168.4253,13461.8174,OK,0.0000,6.7370,4.0000,96.0000,AG03-UNRESOLVED,ALL5_LEVELS_bet23_to_bet27,6.7370,6.7370,6.7370,10.1055,10.1055,4.000000,4.000000,4.000000,6.000000,6.000000,96.000000,96.000000,96.000000,94.000000,94.000000,5.0,40.4221,36.7584,128.0032,131.6669,PENDING_AG03,FALSE,NOT_FOR_ENFORCEMENT,161.6883,11549.7197,168.4253,161.6883,6.7370,0.01251133,0.01201088,6.7370,161.6883,0.01201088,6.7370,6.7370,6.7370,10.1055,10.1055,161.6883,0.01201088,40.4221,36.7584,128.0032,131.6669,0.00950861,0.00978077,0.00050045,7.0077,6.2661,0.0877,10.5266,0.1689,841.3636,120.0000,7.1725,3.5334,4.0407,6.0611,8.1756,12.1222,16.1629,20.2037,6.0611,0.0,2.666667,3.333333,1.156179,29,150,35,2,0.97716482,0.01251133,0.01264445,0E-8,0.000000,0.893710,0.075482,-0.00582929,2026-06-30,2026-08-06,16,997,296,38,0.421053,2.029941,1.023519,3.257216,,,,,,,,GLOBAL_BASELINE_NO_ENTITY_RANKING,,,NOT_APPLICABLE_GLOBAL_BASELINE,HF9g-P5,,,,X 全窗基线 · 不参与实体赏罚,6874312,688,A168_HF9F_20260827_0900,2026-08-27 09:00:00
2026-07-27,152220872,-1,1,12.2634182235,7.7668315415,7.7668315415,1.0000000,2,2,0.50665070000000000,0.506650700000,0.9867858985152569,0.9867858985152569,0.9867858985152569,0E-17,SENTINEL_DEALER,R03b_20260811_FULL_v1,L1_ELIGIBILITY,v2026-08-11,2026-03-21..2026-08-06,baccarat_bet02_101_all_pairs_incl_sentinel,round_win = game_pnl > 0 (decisive only),COMPATIBILITY_ONLY_NOT_PRODUCTION,13461.8174,12030.9580,168.4253,1921,1920,-0.01251133,-0.01264445,-0.00681516,-0.01251133,-168.4253,13461.8174,OK,0.0000,6.7370,4.0000,96.0000,AG03-UNRESOLVED,ALL5_LEVELS_bet23_to_bet27,6.7370,6.7370,6.7370,10.1055,10.1055,4.000000,4.000000,4.000000,6.000000,6.000000,96.000000,96.000000,96.000000,94.000000,94.000000,5.0,40.4221,36.7584,128.0032,131.6669,PENDING_AG03,FALSE,NOT_FOR_ENFORCEMENT,161.6883,11549.7197,168.4253,161.6883,6.7370,0.01251133,0.01201088,6.7370,161.6883,0.01201088,6.7370,6.7370,6.7370,10.1055,10.1055,161.6883,0.01201088,40.4221,36.7584,128.0032,131.6669,0.00950861,0.00978077,0.00050045,7.0077,6.2661,0.0877,10.5266,0.1689,841.3636,120.0000,7.1725,3.5334,4.0407,6.0611,8.1756,12.1222,16.1629,20.2037,6.0611,0.0,2.666667,3.333333,1.156179,29,150,35,2,0.97716482,0.01251133,0.01264445,0E-8,0.000000,0.893710,0.075482,-0.00582929,2026-06-30,2026-08-06,16,997,296,38,0.421053,2.029941,1.023519,3.257216,,,,,,,,GLOBAL_BASELINE_NO_ENTITY_RANKING,,,NOT_APPLICABLE_GLOBAL_BASELINE,HF9g-P5,,,,X 全窗基线 · 不参与实体赏罚,6874313,688,A168_HF9F_20260827_0900,2026-08-27 09:00:00
2026-07-27,152220872,1963,0,12.2634182235,4.0878060745,4.0878060745,0.5000000,2,2,0.49324550000000000,0.493245500000,0.01910635448239258,0.01910635448239258,0.01910635448239258,0E-17,ELIGIBLE,R03b_20260811_FULL_v1,L1_ELIGIBILITY,v2026-08-11,2026-03-21..2026-08-06,baccarat_bet02_101_all_pairs_incl_sentinel,round_win = game_pnl > 0 (decisive only),COMPATIBILITY_ONLY_NOT_PRODUCTION,13461.8174,12030.9580,168.4253,1921,1920,-0.01251133,-0.01264445,-0.00681516,-0.01251133,-168.4253,13461.8174,OK,0.0000,6.7370,4.0000,96.0000,AG03-UNRESOLVED,ALL5_LEVELS_bet23_to_bet27,6.7370,6.7370,6.7370,10.1055,10.1055,4.000000,4.000000,4.000000,6.000000,6.000000,96.000000,96.000000,96.000000,94.000000,94.000000,5.0,40.4221,36.7584,128.0032,131.6669,PENDING_AG03,FALSE,NOT_FOR_ENFORCEMENT,161.6883,11549.7197,168.4253,161.6883,6.7370,0.01251133,0.01201088,6.7370,161.6883,0.01201088,6.7370,6.7370,6.7370,10.1055,10.1055,161.6883,0.01201088,40.4221,36.7584,128.0032,131.6669,0.00950861,0.00978077,0.00050045,7.0077,6.2661,0.0877,10.5266,0.1689,841.3636,120.0000,7.1725,3.5334,4.0407,6.0611,8.1756,12.1222,16.1629,20.2037,6.0611,0.0,2.666667,3.333333,1.156179,29,150,35,2,0.97716482,0.01251133,0.01264445,0E-8,0.000000,0.893710,0.075482,-0.00582929,2026-06-30,2026-08-06,16,997,296,38,0.421053,2.029941,1.023519,3.257216,,,,,,,,GLOBAL_BASELINE_NO_ENTITY_RANKING,,,NOT_APPLICABLE_GLOBAL_BASELINE,HF9g-P5,,,,X 全窗基线 · 不参与实体赏罚,6874314,688,A168_HF9F_20260827_0900,2026-08-27 09:00:00
2026-07-27,152220872,2281,0,18.3951273352,-10.2195151862,-10.2195151862,0E-7,3,3,0.49771390000000000,0.497713900000,-1.4077622098436522,-1.4077622098436524,-1.4077622098436522,0E-17,ELIGIBLE,R03b_20260811_FULL_v1,L1_ELIGIBILITY,v2026-08-11,2026-03-21..2026-08-06,baccarat_bet02_101_all_pairs_incl_sentinel,round_win = game_pnl > 0 (decisive only),COMPATIBILITY_ONLY_NOT_PRODUCTION,13461.8174,12030.9580,168.4253,1921,1920,-0.01251133,-0.01264445,-0.00681516,-0.01251133,-168.4253,13461.8174,OK,0.0000,6.7370,4.0000,96.0000,AG03-UNRESOLVED,ALL5_LEVELS_bet23_to_bet27,6.7370,6.7370,6.7370,10.1055,10.1055,4.000000,4.000000,4.000000,6.000000,6.000000,96.000000,96.000000,96.000000,94.000000,94.000000,5.0,40.4221,36.7584,128.0032,131.6669,PENDING_AG03,FALSE,NOT_FOR_ENFORCEMENT,161.6883,11549.7197,168.4253,161.6883,6.7370,0.01251133,0.01201088,6.7370,161.6883,0.01201088,6.7370,6.7370,6.7370,10.1055,10.1055,161.6883,0.01201088,40.4221,36.7584,128.0032,131.6669,0.00950861,0.00978077,0.00050045,7.0077,6.2661,0.0877,10.5266,0.1689,841.3636,120.0000,7.1725,3.5334,4.0407,6.0611,8.1756,12.1222,16.1629,20.2037,6.0611,0.0,2.666667,3.333333,1.156179,29,150,35,2,0.97716482,0.01251133,0.01264445,0E-8,0.000000,0.893710,0.075482,-0.00582929,2026-06-30,2026-08-06,16,997,296,38,0.421053,2.029941,1.023519,3.257216,,,,,,,,GLOBAL_BASELINE_NO_ENTITY_RANKING,,,NOT_APPLICABLE_GLOBAL_BASELINE,HF9g-P5,,,,X 全窗基线 · 不参与实体赏罚,6874315,688,A168_HF9F_20260827_0900,2026-08-27 09:00:00
2026-07-28,152220872,-1,1,416.9562195972,20.2346400690,20.2346400690,0.4912281,63,62,0.50021836612903259,0.500272419355,-0.13575050489362975,-0.13656669803079124,-0.13575050489362975,-0.00005405322596741,SENTINEL_DEALER,R03b_20260811_FULL_v1,L1_ELIGIBILITY,v2026-08-11,2026-03-21..2026-08-06,baccarat_bet02_101_all_pairs_incl_sentinel,round_win = game_pnl > 0 (decisive only),COMPATIBILITY_ONLY_NOT_PRODUCTION,13461.8174,12030.9580,168.4253,1921,1920,-0.01251133,-0.01264445,-0.00681516,-0.01251133,-168.4253,13461.8174,OK,0.0000,6.7370,4.0000,96.0000,AG03-UNRESOLVED,ALL5_LEVELS_bet23_to_bet27,6.7370,6.7370,6.7370,10.1055,10.1055,4.000000,4.000000,4.000000,6.000000,6.000000,96.000000,96.000000,96.000000,94.000000,94.000000,5.0,40.4221,36.7584,128.0032,131.6669,PENDING_AG03,FALSE,NOT_FOR_ENFORCEMENT,161.6883,11549.7197,168.4253,161.6883,6.7370,0.01251133,0.01201088,6.7370,161.6883,0.01201088,6.7370,6.7370,6.7370,10.1055,10.1055,161.6883,0.01201088,40.4221,36.7584,128.0032,131.6669,0.00950861,0.00978077,0.00050045,7.0077,6.2661,0.0877,10.5266,0.1689,841.3636,120.0000,7.1725,3.5334,4.0407,6.0611,8.1756,12.1222,16.1629,20.2037,6.0611,0.0,2.666667,3.333333,1.156179,29,150,35,2,0.97716482,0.01251133,0.01264445,0E-8,0.000000,0.893710,0.075482,-0.00582929,2026-06-30,2026-08-06,16,997,296,38,0.421053,2.029941,1.023519,3.257216,,,,,,,,GLOBAL_BASELINE_NO_ENTITY_RANKING,,,NOT_APPLICABLE_GLOBAL_BASELINE,HF9g-P5,,,,X 全窗基线 · 不参与实体赏罚,6874316,688,A168_HF9F_20260827_0900,2026-08-27 09:00:00
2026-07-28,152220872,1157,0,20.4390303725,-20.4390303725,-20.4390303725,0E-7,3,3,0.50218230000000000,0.502182300000,-1.7396270863184011,-1.7396270863184016,-1.7396270863184011,0E-17,ELIGIBLE,R03b_20260811_FULL_v1,L1_ELIGIBILITY,v2026-08-11,2026-03-21..2026-08-06,baccarat_bet02_101_all_pairs_incl_sentinel,round_win = game_pnl > 0 (decisive only),COMPATIBILITY_ONLY_NOT_PRODUCTION,13461.8174,12030.9580,168.4253,1921,1920,-0.01251133,-0.01264445,-0.00681516,-0.01251133,-168.4253,13461.8174,OK,0.0000,6.7370,4.0000,96.0000,AG03-UNRESOLVED,ALL5_LEVELS_bet23_to_bet27,6.7370,6.7370,6.7370,10.1055,10.1055,4.000000,4.000000,4.000000,6.000000,6.000000,96.000000,96.000000,96.000000,94.000000,94.000000,5.0,40.4221,36.7584,128.0032,131.6669,PENDING_AG03,FALSE,NOT_FOR_ENFORCEMENT,161.6883,11549.7197,168.4253,161.6883,6.7370,0.01251133,0.01201088,6.7370,161.6883,0.01201088,6.7370,6.7370,6.7370,10.1055,10.1055,161.6883,0.01201088,40.4221,36.7584,128.0032,131.6669,0.00950861,0.00978077,0.00050045,7.0077,6.2661,0.0877,10.5266,0.1689,841.3636,120.0000,7.1725,3.5334,4.0407,6.0611,8.1756,12.1222,16.1629,20.2037,6.0611,0.0,2.666667,3.333333,1.156179,29,150,35,2,0.97716482,0.01251133,0.01264445,0E-8,0.000000,0.893710,0.075482,-0.00582929,2026-06-30,2026-08-06,16,997,296,38,0.421053,2.029941,1.023519,3.257216,,,,,,,,GLOBAL_BASELINE_NO_ENTITY_RANKING,,,NOT_APPLICABLE_GLOBAL_BASELINE,HF9g-P5,,,,X 全窗基线 · 不参与实体赏罚,6874317,688,A168_HF9F_20260827_0900,2026-08-27 09:00:00
2026-07-28,152220872,1202,0,4.0878060745,-4.0878060745,-4.0878060745,0E-7,1,1,0.50665070000000000,0.506650700000,-1.013391052207602,-1.013391052207602,-1.013391052207602,0E-17,ELIGIBLE,R03b_20260811_FULL_v1,L1_ELIGIBILITY,v2026-08-11,2026-03-21..2026-08-06,baccarat_bet02_101_all_pairs_incl_sentinel,round_win = game_pnl > 0 (decisive only),COMPATIBILITY_ONLY_NOT_PRODUCTION,13461.8174,12030.9580,168.4253,1921,1920,-0.01251133,-0.01264445,-0.00681516,-0.01251133,-168.4253,13461.8174,OK,0.0000,6.7370,4.0000,96.0000,AG03-UNRESOLVED,ALL5_LEVELS_bet23_to_bet27,6.7370,6.7370,6.7370,10.1055,10.1055,4.000000,4.000000,4.000000,6.000000,6.000000,96.000000,96.000000,96.000000,94.000000,94.000000,5.0,40.4221,36.7584,128.0032,131.6669,PENDING_AG03,FALSE,NOT_FOR_ENFORCEMENT,161.6883,11549.7197,168.4253,161.6883,6.7370,0.01251133,0.01201088,6.7370,161.6883,0.01201088,6.7370,6.7370,6.7370,10.1055,10.1055,161.6883,0.01201088,40.4221,36.7584,128.0032,131.6669,0.00950861,0.00978077,0.00050045,7.0077,6.2661,0.0877,10.5266,0.1689,841.3636,120.0000,7.1725,3.5334,4.0407,6.0611,8.1756,12.1222,16.1629,20.2037,6.0611,0.0,2.666667,3.333333,1.156179,29,150,35,2,0.97716482,0.01251133,0.01264445,0E-8,0.000000,0.893710,0.075482,-0.00582929,2026-06-30,2026-08-06,16,997,296,38,0.421053,2.029941,1.023519,3.257216,,,,,,,,GLOBAL_BASELINE_NO_ENTITY_RANKING,,,NOT_APPLICABLE_GLOBAL_BASELINE,HF9g-P5,,,,X 全窗基线 · 不参与实体赏罚,6874318,688,A168_HF9F_20260827_0900,2026-08-27 09:00:00
2026-07-28,152220872,1323,0,20.4390303725,-4.0878060745,-4.0878060745,0E-7,3,3,0.49324550000000000,0.493245500000,-0.9865810262130424,-0.9865810262130424,-0.9865810262130424,0E-17,ELIGIBLE,R03b_20260811_FULL_v1,L1_ELIGIBILITY,v2026-08-11,2026-03-21..2026-08-06,baccarat_bet02_101_all_pairs_incl_sentinel,round_win = game_pnl > 0 (decisive only),COMPATIBILITY_ONLY_NOT_PRODUCTION,13461.8174,12030.9580,168.4253,1921,1920,-0.01251133,-0.01264445,-0.00681516,-0.01251133,-168.4253,13461.8174,OK,0.0000,6.7370,4.0000,96.0000,AG03-UNRESOLVED,ALL5_LEVELS_bet23_to_bet27,6.7370,6.7370,6.7370,10.1055,10.1055,4.000000,4.000000,4.000000,6.000000,6.000000,96.000000,96.000000,96.000000,94.000000,94.000000,5.0,40.4221,36.7584,128.0032,131.6669,PENDING_AG03,FALSE,NOT_FOR_ENFORCEMENT,161.6883,11549.7197,168.4253,161.6883,6.7370,0.01251133,0.01201088,6.7370,161.6883,0.01201088,6.7370,6.7370,6.7370,10.1055,10.1055,161.6883,0.01201088,40.4221,36.7584,128.0032,131.6669,0.00950861,0.00978077,0.00050045,7.0077,6.2661,0.0877,10.5266,0.1689,841.3636,120.0000,7.1725,3.5334,4.0407,6.0611,8.1756,12.1222,16.1629,20.2037,6.0611,0.0,2.666667,3.333333,1.156179,29,150,35,2,0.97716482,0.01251133,0.01264445,0E-8,0.000000,0.893710,0.075482,-0.00582929,2026-06-30,2026-08-06,16,997,296,38,0.421053,2.029941,1.023519,3.257216,,,,,,,,GLOBAL_BASELINE_NO_ENTITY_RANKING,,,NOT_APPLICABLE_GLOBAL_BASELINE,HF9g-P5,,,,X 全窗基线 · 不参与实体赏罚,6874319,688,A168_HF9F_20260827_0900,2026-08-27 09:00:00
2026-07-28,152220872,1374,0,42.9219637821,-22.7895188653,-22.7895188653,0.2500000,5,5,0.49860758000000000,0.498607580000,-0.9944341760919779,-0.9944341760919779,-0.9944341760919779,0E-17,ELIGIBLE,R03b_20260811_FULL_v1,L1_ELIGIBILITY,v2026-08-11,2026-03-21..2026-08-06,baccarat_bet02_101_all_pairs_incl_sentinel,round_win = game_pnl > 0 (decisive only),COMPATIBILITY_ONLY_NOT_PRODUCTION,13461.8174,12030.9580,168.4253,1921,1920,-0.01251133,-0.01264445,-0.00681516,-0.01251133,-168.4253,13461.8174,OK,0.0000,6.7370,4.0000,96.0000,AG03-UNRESOLVED,ALL5_LEVELS_bet23_to_bet27,6.7370,6.7370,6.7370,10.1055,10.1055,4.000000,4.000000,4.000000,6.000000,6.000000,96.000000,96.000000,96.000000,94.000000,94.000000,5.0,40.4221,36.7584,128.0032,131.6669,PENDING_AG03,FALSE,NOT_FOR_ENFORCEMENT,161.6883,11549.7197,168.4253,161.6883,6.7370,0.01251133,0.01201088,6.7370,161.6883,0.01201088,6.7370,6.7370,6.7370,10.1055,10.1055,161.6883,0.01201088,40.4221,36.7584,128.0032,131.6669,0.00950861,0.00978077,0.00050045,7.0077,6.2661,0.0877,10.5266,0.1689,841.3636,120.0000,7.1725,3.5334,4.0407,6.0611,8.1756,12.1222,16.1629,20.2037,6.0611,0.0,2.666667,3.333333,1.156179,29,150,35,2,0.97716482,0.01251133,0.01264445,0E-8,0.000000,0.893710,0.075482,-0.00582929,2026-06-30,2026-08-06,16,997,296,38,0.421053,2.029941,1.023519,3.257216,,,,,,,,GLOBAL_BASELINE_NO_ENTITY_RANKING,,,NOT_APPLICABLE_GLOBAL_BASELINE,HF9g-P5,,,,X 全窗基线 · 不参与实体赏罚,6874320,688,A168_HF9F_20260827_0900,2026-08-27 09:00:00
2026-07-28,152220872,1396,0,14.3073212607,-14.3073212607,-14.3073212607,0E-7,2,2,0.49324550000000000,0.493245500000,-1.3952362676504506,-1.3952362676504506,-1.3952362676504506,0E-17,ELIGIBLE,R03b_20260811_FULL_v1,L1_ELIGIBILITY,v2026-08-11,2026-03-21..2026-08-06,baccarat_bet02_101_all_pairs_incl_sentinel,round_win = game_pnl > 0 (decisive only),COMPATIBILITY_ONLY_NOT_PRODUCTION,13461.8174,12030.9580,168.4253,1921,1920,-0.01251133,-0.01264445,-0.00681516,-0.01251133,-168.4253,13461.8174,OK,0.0000,6.7370,4.0000,96.0000,AG03-UNRESOLVED,ALL5_LEVELS_bet23_to_bet27,6.7370,6.7370,6.7370,10.1055,10.1055,4.000000,4.000000,4.000000,6.000000,6.000000,96.000000,96.000000,96.000000,94.000000,94.000000,5.0,40.4221,36.7584,128.0032,131.6669,PENDING_AG03,FALSE,NOT_FOR_ENFORCEMENT,161.6883,11549.7197,168.4253,161.6883,6.7370,0.01251133,0.01201088,6.7370,161.6883,0.01201088,6.7370,6.7370,6.7370,10.1055,10.1055,161.6883,0.01201088,40.4221,36.7584,128.0032,131.6669,0.00950861,0.00978077,0.00050045,7.0077,6.2661,0.0877,10.5266,0.1689,841.3636,120.0000,7.1725,3.5334,4.0407,6.0611,8.1756,12.1222,16.1629,20.2037,6.0611,0.0,2.666667,3.333333,1.156179,29,150,35,2,0.97716482,0.01251133,0.01264445,0E-8,0.000000,0.893710,0.075482,-0.00582929,2026-06-30,2026-08-06,16,997,296,38,0.421053,2.029941,1.023519,3.257216,,,,,,,,GLOBAL_BASELINE_NO_ENTITY_RANKING,,,NOT_APPLICABLE_GLOBAL_BASELINE,HF9g-P5,,,,X 全窗基线 · 不参与实体赏罚,6874321,688,A168_HF9F_20260827_0900,2026-08-27 09:00:00
2026-07-28,152220872,1490,0,47.0097698565,18.3951273351,18.3951273351,0.5714286,7,7,0.49516052857142857,0.495160528571,0.40359145382014583,0.40359145382241707,0.40359145382014583,4.2857E-13,ELIGIBLE,R03b_20260811_FULL_v1,L1_ELIGIBILITY,v2026-08-11,2026-03-21..2026-08-06,baccarat_bet02_101_all_pairs_incl_sentinel,round_win = game_pnl > 0 (decisive only),COMPATIBILITY_ONLY_NOT_PRODUCTION,13461.8174,12030.9580,168.4253,1921,1920,-0.01251133,-0.01264445,-0.00681516,-0.01251133,-168.4253,13461.8174,OK,0.0000,6.7370,4.0000,96.0000,AG03-UNRESOLVED,ALL5_LEVELS_bet23_to_bet27,6.7370,6.7370,6.7370,10.1055,10.1055,4.000000,4.000000,4.000000,6.000000,6.000000,96.000000,96.000000,96.000000,94.000000,94.000000,5.0,40.4221,36.7584,128.0032,131.6669,PENDING_AG03,FALSE,NOT_FOR_ENFORCEMENT,161.6883,11549.7197,168.4253,161.6883,6.7370,0.01251133,0.01201088,6.7370,161.6883,0.01201088,6.7370,6.7370,6.7370,10.1055,10.1055,161.6883,0.01201088,40.4221,36.7584,128.0032,131.6669,0.00950861,0.00978077,0.00050045,7.0077,6.2661,0.0877,10.5266,0.1689,841.3636,120.0000,7.1725,3.5334,4.0407,6.0611,8.1756,12.1222,16.1629,20.2037,6.0611,0.0,2.666667,3.333333,1.156179,29,150,35,2,0.97716482,0.01251133,0.01264445,0E-8,0.000000,0.893710,0.075482,-0.00582929,2026-06-30,2026-08-06,16,997,296,38,0.421053,2.029941,1.023519,3.257216,,,,,,,,GLOBAL_BASELINE_NO_ENTITY_RANKING,,,NOT_APPLICABLE_GLOBAL_BASELINE,HF9g-P5,,,,X 全窗基线 · 不参与实体赏罚,6874322,688,A168_HF9F_20260827_0900,2026-08-27 09:00:00
2026-07-28,152220872,1505,0,34.7463516331,6.1317091117,6.1317091117,0.5000000,6,6,0.49547970000000000,0.495479700000,0.022145762000773162,0.022145762000773162,0.022145762000773162,0E-17,ELIGIBLE,R03b_20260811_FULL_v1,L1_ELIGIBILITY,v2026-08-11,2026-03-21..2026-08-06,baccarat_bet02_101_all_pairs_incl_sentinel,round_win = game_pnl > 0 (decisive only),COMPATIBILITY_ONLY_NOT_PRODUCTION,13461.8174,12030.9580,168.4253,1921,1920,-0.01251133,-0.01264445,-0.00681516,-0.01251133,-168.4253,13461.8174,OK,0.0000,6.7370,4.0000,96.0000,AG03-UNRESOLVED,ALL5_LEVELS_bet23_to_bet27,6.7370,6.7370,6.7370,10.1055,10.1055,4.000000,4.000000,4.000000,6.000000,6.000000,96.000000,96.000000,96.000000,94.000000,94.000000,5.0,40.4221,36.7584,128.0032,131.6669,PENDING_AG03,FALSE,NOT_FOR_ENFORCEMENT,161.6883,11549.7197,168.4253,161.6883,6.7370,0.01251133,0.01201088,6.7370,161.6883,0.01201088,6.7370,6.7370,6.7370,10.1055,10.1055,161.6883,0.01201088,40.4221,36.7584,128.0032,131.6669,0.00950861,0.00978077,0.00050045,7.0077,6.2661,0.0877,10.5266,0.1689,841.3636,120.0000,7.1725,3.5334,4.0407,6.0611,8.1756,12.1222,16.1629,20.2037,6.0611,0.0,2.666667,3.333333,1.156179,29,150,35,2,0.97716482,0.01251133,0.01264445,0E-8,0.000000,0.893710,0.075482,-0.00582929,2026-06-30,2026-08-06,16,997,296,38,0.421053,2.029941,1.023519,3.257216,,,,,,,,GLOBAL_BASELINE_NO_ENTITY_RANKING,,,NOT_APPLICABLE_GLOBAL_BASELINE,HF9g-P5,,,,X 全窗基线 · 不参与实体赏罚,6874323,688,A168_HF9F_20260827_0900,2026-08-27 09:00:00
2026-07-28,152220872,1646,0,28.6146425215,23.9136655359,23.9136655359,1.0000000,6,6,0.49994810000000000,0.499948100000,2.236300093403295,2.236300093403295,2.236300093403295,0E-17,ELIGIBLE,R03b_20260811_FULL_v1,L1_ELIGIBILITY,v2026-08-11,2026-03-21..2026-08-06,baccarat_bet02_101_all_pairs_incl_sentinel,round_win = game_pnl > 0 (decisive only),COMPATIBILITY_ONLY_NOT_PRODUCTION,13461.8174,12030.9580,168.4253,1921,1920,-0.01251133,-0.01264445,-0.00681516,-0.01251133,-168.4253,13461.8174,OK,0.0000,6.7370,4.0000,96.0000,AG03-UNRESOLVED,ALL5_LEVELS_bet23_to_bet27,6.7370,6.7370,6.7370,10.1055,10.1055,4.000000,4.000000,4.000000,6.000000,6.000000,96.000000,96.000000,96.000000,94.000000,94.000000,5.0,40.4221,36.7584,128.0032,131.6669,PENDING_AG03,FALSE,NOT_FOR_ENFORCEMENT,161.6883,11549.7197,168.4253,161.6883,6.7370,0.01251133,0.01201088,6.7370,161.6883,0.01201088,6.7370,6.7370,6.7370,10.1055,10.1055,161.6883,0.01201088,40.4221,36.7584,128.0032,131.6669,0.00950861,0.00978077,0.00050045,7.0077,6.2661,0.0877,10.5266,0.1689,841.3636,120.0000,7.1725,3.5334,4.0407,6.0611,8.1756,12.1222,16.1629,20.2037,6.0611,0.0,2.666667,3.333333,1.156179,29,150,35,2,0.97716482,0.01251133,0.01264445,0E-8,0.000000,0.893710,0.075482,-0.00582929,2026-06-30,2026-08-06,16,997,296,38,0.421053,2.029941,1.023519,3.257216,,,,,,,,GLOBAL_BASELINE_NO_ENTITY_RANKING,,,NOT_APPLICABLE_GLOBAL_BASELINE,HF9g-P5,,,,X 全窗基线 · 不参与实体赏罚,6874324,688,A168_HF9F_20260827_0900,2026-08-27 09:00:00
2026-07-28,152220872,1710,0,12.2634182235,4.0878060745,4.0878060745,0.5000000,2,2,0.49994810000000000,0.499948100000,0.00014679536856514622,0.00014679536856514622,0.00014679536856514622,0E-17,ELIGIBLE,R03b_20260811_FULL_v1,L1_ELIGIBILITY,v2026-08-11,2026-03-21..2026-08-06,baccarat_bet02_101_all_pairs_incl_sentinel,round_win = game_pnl > 0 (decisive only),COMPATIBILITY_ONLY_NOT_PRODUCTION,13461.8174,12030.9580,168.4253,1921,1920,-0.01251133,-0.01264445,-0.00681516,-0.01251133,-168.4253,13461.8174,OK,0.0000,6.7370,4.0000,96.0000,AG03-UNRESOLVED,ALL5_LEVELS_bet23_to_bet27,6.7370,6.7370,6.7370,10.1055,10.1055,4.000000,4.000000,4.000000,6.000000,6.000000,96.000000,96.000000,96.000000,94.000000,94.000000,5.0,40.4221,36.7584,128.0032,131.6669,PENDING_AG03,FALSE,NOT_FOR_ENFORCEMENT,161.6883,11549.7197,168.4253,161.6883,6.7370,0.01251133,0.01201088,6.7370,161.6883,0.01201088,6.7370,6.7370,6.7370,10.1055,10.1055,161.6883,0.01201088,40.4221,36.7584,128.0032,131.6669,0.00950861,0.00978077,0.00050045,7.0077,6.2661,0.0877,10.5266,0.1689,841.3636,120.0000,7.1725,3.5334,4.0407,6.0611,8.1756,12.1222,16.1629,20.2037,6.0611,0.0,2.666667,3.333333,1.156179,29,150,35,2,0.97716482,0.01251133,0.01264445,0E-8,0.000000,0.893710,0.075482,-0.00582929,2026-06-30,2026-08-06,16,997,296,38,0.421053,2.029941,1.023519,3.257216,,,,,,,,GLOBAL_BASELINE_NO_ENTITY_RANKING,,,NOT_APPLICABLE_GLOBAL_BASELINE,HF9g-P5,,,,X 全窗基线 · 不参与实体赏罚,6874325,688,A168_HF9F_20260827_0900,2026-08-27 09:00:00
2026-07-28,152220872,1951,0,24.5268364469,16.3512242979,16.3512242979,0.7500000,4,4,0.49324550000000000,0.493245500000,1.0271117246678039,1.0271117246678039,1.0271117246678039,0E-17,ELIGIBLE,R03b_20260811_FULL_v1,L1_ELIGIBILITY,v2026-08-11,2026-03-21..2026-08-06,baccarat_bet02_101_all_pairs_incl_sentinel,round_win = game_pnl > 0 (decisive only),COMPATIBILITY_ONLY_NOT_PRODUCTION,13461.8174,12030.9580,168.4253,1921,1920,-0.01251133,-0.01264445,-0.00681516,-0.01251133,-168.4253,13461.8174,OK,0.0000,6.7370,4.0000,96.0000,AG03-UNRESOLVED,ALL5_LEVELS_bet23_to_bet27,6.7370,6.7370,6.7370,10.1055,10.1055,4.000000,4.000000,4.000000,6.000000,6.000000,96.000000,96.000000,96.000000,94.000000,94.000000,5.0,40.4221,36.7584,128.0032,131.6669,PENDING_AG03,FALSE,NOT_FOR_ENFORCEMENT,161.6883,11549.7197,168.4253,161.6883,6.7370,0.01251133,0.01201088,6.7370,161.6883,0.01201088,6.7370,6.7370,6.7370,10.1055,10.1055,161.6883,0.01201088,40.4221,36.7584,128.0032,131.6669,0.00950861,0.00978077,0.00050045,7.0077,6.2661,0.0877,10.5266,0.1689,841.3636,120.0000,7.1725,3.5334,4.0407,6.0611,8.1756,12.1222,16.1629,20.2037,6.0611,0.0,2.666667,3.333333,1.156179,29,150,35,2,0.97716482,0.01251133,0.01264445,0E-8,0.000000,0.893710,0.075482,-0.00582929,2026-06-30,2026-08-06,16,997,296,38,0.421053,2.029941,1.023519,3.257216,,,,,,,,GLOBAL_BASELINE_NO_ENTITY_RANKING,,,NOT_APPLICABLE_GLOBAL_BASELINE,HF9g-P5,,,,X 全窗基线 · 不参与实体赏罚,6874326,688,A168_HF9F_20260827_0900,2026-08-27 09:00:00
2026-07-28,152220872,1966,0,14.3073212607,2.0439030373,2.0439030373,0.5000000,2,2,0.49324550000000000,0.493245500000,0.01910635448239258,0.01910635448239258,0.01910635448239258,0E-17,ELIGIBLE,R03b_20260811_FULL_v1,L1_ELIGIBILITY,v2026-08-11,2026-03-21..2026-08-06,baccarat_bet02_101_all_pairs_incl_sentinel,round_win = game_pnl > 0 (decisive only),COMPATIBILITY_ONLY_NOT_PRODUCTION,13461.8174,12030.9580,168.4253,1921,1920,-0.01251133,-0.01264445,-0.00681516,-0.01251133,-168.4253,13461.8174,OK,0.0000,6.7370,4.0000,96.0000,AG03-UNRESOLVED,ALL5_LEVELS_bet23_to_bet27,6.7370,6.7370,6.7370,10.1055,10.1055,4.000000,4.000000,4.000000,6.000000,6.000000,96.000000,96.000000,96.000000,94.000000,94.000000,5.0,40.4221,36.7584,128.0032,131.6669,PENDING_AG03,FALSE,NOT_FOR_ENFORCEMENT,161.6883,11549.7197,168.4253,161.6883,6.7370,0.01251133,0.01201088,6.7370,161.6883,0.01201088,6.7370,6.7370,6.7370,10.1055,10.1055,161.6883,0.01201088,40.4221,36.7584,128.0032,131.6669,0.00950861,0.00978077,0.00050045,7.0077,6.2661,0.0877,10.5266,0.1689,841.3636,120.0000,7.1725,3.5334,4.0407,6.0611,8.1756,12.1222,16.1629,20.2037,6.0611,0.0,2.666667,3.333333,1.156179,29,150,35,2,0.97716482,0.01251133,0.01264445,0E-8,0.000000,0.893710,0.075482,-0.00582929,2026-06-30,2026-08-06,16,997,296,38,0.421053,2.029941,1.023519,3.257216,,,,,,,,GLOBAL_BASELINE_NO_ENTITY_RANKING,,,NOT_APPLICABLE_GLOBAL_BASELINE,HF9g-P5,,,,X 全窗基线 · 不参与实体赏罚,6874327,688,A168_HF9F_20260827_0900,2026-08-27 09:00:00
2026-07-28,152220872,1990,0,24.5268364468,24.5268364468,24.5268364468,1.0000000,3,3,0.49324550000000000,0.493245500000,1.755609282511032,1.7556092825110319,1.755609282511032,0E-17,ELIGIBLE,R03b_20260811_FULL_v1,L1_ELIGIBILITY,v2026-08-11,2026-03-21..2026-08-06,baccarat_bet02_101_all_pairs_incl_sentinel,round_win = game_pnl > 0 (decisive only),COMPATIBILITY_ONLY_NOT_PRODUCTION,13461.8174,12030.9580,168.4253,1921,1920,-0.01251133,-0.01264445,-0.00681516,-0.01251133,-168.4253,13461.8174,OK,0.0000,6.7370,4.0000,96.0000,AG03-UNRESOLVED,ALL5_LEVELS_bet23_to_bet27,6.7370,6.7370,6.7370,10.1055,10.1055,4.000000,4.000000,4.000000,6.000000,6.000000,96.000000,96.000000,96.000000,94.000000,94.000000,5.0,40.4221,36.7584,128.0032,131.6669,PENDING_AG03,FALSE,NOT_FOR_ENFORCEMENT,161.6883,11549.7197,168.4253,161.6883,6.7370,0.01251133,0.01201088,6.7370,161.6883,0.01201088,6.7370,6.7370,6.7370,10.1055,10.1055,161.6883,0.01201088,40.4221,36.7584,128.0032,131.6669,0.00950861,0.00978077,0.00050045,7.0077,6.2661,0.0877,10.5266,0.1689,841.3636,120.0000,7.1725,3.5334,4.0407,6.0611,8.1756,12.1222,16.1629,20.2037,6.0611,0.0,2.666667,3.333333,1.156179,29,150,35,2,0.97716482,0.01251133,0.01264445,0E-8,0.000000,0.893710,0.075482,-0.00582929,2026-06-30,2026-08-06,16,997,296,38,0.421053,2.029941,1.023519,3.257216,,,,,,,,GLOBAL_BASELINE_NO_ENTITY_RANKING,,,NOT_APPLICABLE_GLOBAL_BASELINE,HF9g-P5,,,,X 全窗基线 · 不参与实体赏罚,6874328,688,A168_HF9F_20260827_0900,2026-08-27 09:00:00
2026-07-28,152220872,2088,0,38.8341577077,1.1241466704,1.1241466704,0.4000000,6,6,0.50441650000000000,0.504416500000,-0.466983001748531,-0.466983001748531,-0.466983001748531,0E-17,ELIGIBLE,R03b_20260811_FULL_v1,L1_ELIGIBILITY,v2026-08-11,2026-03-21..2026-08-06,baccarat_bet02_101_all_pairs_incl_sentinel,round_win = game_pnl > 0 (decisive only),COMPATIBILITY_ONLY_NOT_PRODUCTION,13461.8174,12030.9580,168.4253,1921,1920,-0.01251133,-0.01264445,-0.00681516,-0.01251133,-168.4253,13461.8174,OK,0.0000,6.7370,4.0000,96.0000,AG03-UNRESOLVED,ALL5_LEVELS_bet23_to_bet27,6.7370,6.7370,6.7370,10.1055,10.1055,4.000000,4.000000,4.000000,6.000000,6.000000,96.000000,96.000000,96.000000,94.000000,94.000000,5.0,40.4221,36.7584,128.0032,131.6669,PENDING_AG03,FALSE,NOT_FOR_ENFORCEMENT,161.6883,11549.7197,168.4253,161.6883,6.7370,0.01251133,0.01201088,6.7370,161.6883,0.01201088,6.7370,6.7370,6.7370,10.1055,10.1055,161.6883,0.01201088,40.4221,36.7584,128.0032,131.6669,0.00950861,0.00978077,0.00050045,7.0077,6.2661,0.0877,10.5266,0.1689,841.3636,120.0000,7.1725,3.5334,4.0407,6.0611,8.1756,12.1222,16.1629,20.2037,6.0611,0.0,2.666667,3.333333,1.156179,29,150,35,2,0.97716482,0.01251133,0.01264445,0E-8,0.000000,0.893710,0.075482,-0.00582929,2026-06-30,2026-08-06,16,997,296,38,0.421053,2.029941,1.023519,3.257216,,,,,,,,GLOBAL_BASELINE_NO_ENTITY_RANKING,,,NOT_APPLICABLE_GLOBAL_BASELINE,HF9g-P5,,,,X 全窗基线 · 不参与实体赏罚,6874329,688,A168_HF9F_20260827_0900,2026-08-27 09:00:00
2026-07-28,152220872,2108,0,4.0878060745,-4.0878060745,-4.0878060745,0E-7,1,1,0.49324550000000000,0.493245500000,-0.9865810262130424,-0.9865810262130424,-0.9865810262130424,0E-17,ELIGIBLE,R03b_20260811_FULL_v1,L1_ELIGIBILITY,v2026-08-11,2026-03-21..2026-08-06,baccarat_bet02_101_all_pairs_incl_sentinel,round_win = game_pnl > 0 (decisive only),COMPATIBILITY_ONLY_NOT_PRODUCTION,13461.8174,12030.9580,168.4253,1921,1920,-0.01251133,-0.01264445,-0.00681516,-0.01251133,-168.4253,13461.8174,OK,0.0000,6.7370,4.0000,96.0000,AG03-UNRESOLVED,ALL5_LEVELS_bet23_to_bet27,6.7370,6.7370,6.7370,10.1055,10.1055,4.000000,4.000000,4.000000,6.000000,6.000000,96.000000,96.000000,96.000000,94.000000,94.000000,5.0,40.4221,36.7584,128.0032,131.6669,PENDING_AG03,FALSE,NOT_FOR_ENFORCEMENT,161.6883,11549.7197,168.4253,161.6883,6.7370,0.01251133,0.01201088,6.7370,161.6883,0.01201088,6.7370,6.7370,6.7370,10.1055,10.1055,161.6883,0.01201088,40.4221,36.7584,128.0032,131.6669,0.00950861,0.00978077,0.00050045,7.0077,6.2661,0.0877,10.5266,0.1689,841.3636,120.0000,7.1725,3.5334,4.0407,6.0611,8.1756,12.1222,16.1629,20.2037,6.0611,0.0,2.666667,3.333333,1.156179,29,150,35,2,0.97716482,0.01251133,0.01264445,0E-8,0.000000,0.893710,0.075482,-0.00582929,2026-06-30,2026-08-06,16,997,296,38,0.421053,2.029941,1.023519,3.257216,,,,,,,,GLOBAL_BASELINE_NO_ENTITY_RANKING,,,NOT_APPLICABLE_GLOBAL_BASELINE,HF9g-P5,,,,X 全窗基线 · 不参与实体赏罚,6874330,688,A168_HF9F_20260827_0900,2026-08-27 09:00:00
2026-07-28,152220872,2115,0,36.7902546705,0E-10,0E-10,0.5000000,7,7,0.49324550000000000,0.493245500000,0.03309317671092531,0.03309317671092531,0.03309317671092531,0E-17,ELIGIBLE,R03b_20260811_FULL_v1,L1_ELIGIBILITY,v2026-08-11,2026-03-21..2026-08-06,baccarat_bet02_101_all_pairs_incl_sentinel,round_win = game_pnl > 0 (decisive only),COMPATIBILITY_ONLY_NOT_PRODUCTION,13461.8174,12030.9580,168.4253,1921,1920,-0.01251133,-0.01264445,-0.00681516,-0.01251133,-168.4253,13461.8174,OK,0.0000,6.7370,4.0000,96.0000,AG03-UNRESOLVED,ALL5_LEVELS_bet23_to_bet27,6.7370,6.7370,6.7370,10.1055,10.1055,4.000000,4.000000,4.000000,6.000000,6.000000,96.000000,96.000000,96.000000,94.000000,94.000000,5.0,40.4221,36.7584,128.0032,131.6669,PENDING_AG03,FALSE,NOT_FOR_ENFORCEMENT,161.6883,11549.7197,168.4253,161.6883,6.7370,0.01251133,0.01201088,6.7370,161.6883,0.01201088,6.7370,6.7370,6.7370,10.1055,10.1055,161.6883,0.01201088,40.4221,36.7584,128.0032,131.6669,0.00950861,0.00978077,0.00050045,7.0077,6.2661,0.0877,10.5266,0.1689,841.3636,120.0000,7.1725,3.5334,4.0407,6.0611,8.1756,12.1222,16.1629,20.2037,6.0611,0.0,2.666667,3.333333,1.156179,29,150,35,2,0.97716482,0.01251133,0.01264445,0E-8,0.000000,0.893710,0.075482,-0.00582929,2026-06-30,2026-08-06,16,997,296,38,0.421053,2.029941,1.023519,3.257216,,,,,,,,GLOBAL_BASELINE_NO_ENTITY_RANKING,,,NOT_APPLICABLE_GLOBAL_BASELINE,HF9g-P5,,,,X 全窗基线 · 不参与实体赏罚,6874331,688,A168_HF9F_20260827_0900,2026-08-27 09:00:00
2026-07-28,152220872,2153,0,24.5268364468,0E-10,0E-10,0.5000000,2,2,0.49994810000000000,0.499948100000,0.00014679536856514622,0.00014679536856514622,0.00014679536856514622,0E-17,ELIGIBLE,R03b_20260811_FULL_v1,L1_ELIGIBILITY,v2026-08-11,2026-03-21..2026-08-06,baccarat_bet02_101_all_pairs_incl_sentinel,round_win = game_pnl > 0 (decisive only),COMPATIBILITY_ONLY_NOT_PRODUCTION,13461.8174,12030.9580,168.4253,1921,1920,-0.01251133,-0.01264445,-0.00681516,-0.01251133,-168.4253,13461.8174,OK,0.0000,6.7370,4.0000,96.0000,AG03-UNRESOLVED,ALL5_LEVELS_bet23_to_bet27,6.7370,6.7370,6.7370,10.1055,10.1055,4.000000,4.000000,4.000000,6.000000,6.000000,96.000000,96.000000,96.000000,94.000000,94.000000,5.0,40.4221,36.7584,128.0032,131.6669,PENDING_AG03,FALSE,NOT_FOR_ENFORCEMENT,161.6883,11549.7197,168.4253,161.6883,6.7370,0.01251133,0.01201088,6.7370,161.6883,0.01201088,6.7370,6.7370,6.7370,10.1055,10.1055,161.6883,0.01201088,40.4221,36.7584,128.0032,131.6669,0.00950861,0.00978077,0.00050045,7.0077,6.2661,0.0877,10.5266,0.1689,841.3636,120.0000,7.1725,3.5334,4.0407,6.0611,8.1756,12.1222,16.1629,20.2037,6.0611,0.0,2.666667,3.333333,1.156179,29,150,35,2,0.97716482,0.01251133,0.01264445,0E-8,0.000000,0.893710,0.075482,-0.00582929,2026-06-30,2026-08-06,16,997,296,38,0.421053,2.029941,1.023519,3.257216,,,,,,,,GLOBAL_BASELINE_NO_ENTITY_RANKING,,,NOT_APPLICABLE_GLOBAL_BASELINE,HF9g-P5,,,,X 全窗基线 · 不参与实体赏罚,6874332,688,A168_HF9F_20260827_0900,2026-08-27 09:00:00
2026-07-28,152220872,2171,0,4.0878060745,0E-10,0E-10,,1,1,0.49324550000000000,0.493245500000,,,,0E-17,NO_DECISIVE_ROUND,R03b_20260811_FULL_v1,L1_ELIGIBILITY,v2026-08-11,2026-03-21..2026-08-06,baccarat_bet02_101_all_pairs_incl_sentinel,round_win = game_pnl > 0 (decisive only),COMPATIBILITY_ONLY_NOT_PRODUCTION,13461.8174,12030.9580,168.4253,1921,1920,-0.01251133,-0.01264445,-0.00681516,-0.01251133,-168.4253,13461.8174,OK,0.0000,6.7370,4.0000,96.0000,AG03-UNRESOLVED,ALL5_LEVELS_bet23_to_bet27,6.7370,6.7370,6.7370,10.1055,10.1055,4.000000,4.000000,4.000000,6.000000,6.000000,96.000000,96.000000,96.000000,94.000000,94.000000,5.0,40.4221,36.7584,128.0032,131.6669,PENDING_AG03,FALSE,NOT_FOR_ENFORCEMENT,161.6883,11549.7197,168.4253,161.6883,6.7370,0.01251133,0.01201088,6.7370,161.6883,0.01201088,6.7370,6.7370,6.7370,10.1055,10.1055,161.6883,0.01201088,40.4221,36.7584,128.0032,131.6669,0.00950861,0.00978077,0.00050045,7.0077,6.2661,0.0877,10.5266,0.1689,841.3636,120.0000,7.1725,3.5334,4.0407,6.0611,8.1756,12.1222,16.1629,20.2037,6.0611,0.0,2.666667,3.333333,1.156179,29,150,35,2,0.97716482,0.01251133,0.01264445,0E-8,0.000000,0.893710,0.075482,-0.00582929,2026-06-30,2026-08-06,16,997,296,38,0.421053,2.029941,1.023519,3.257216,,,,,,,,GLOBAL_BASELINE_NO_ENTITY_RANKING,,,NOT_APPLICABLE_GLOBAL_BASELINE,HF9g-P5,,,,X 全窗基线 · 不参与实体赏罚,6874333,688,A168_HF9F_20260827_0900,2026-08-27 09:00:00
2026-07-28,152220872,2174,0,40.8780607450,15.3292727793,15.3292727793,0.8000000,6,6,0.50218230000000000,0.502182300000,1.3318939303776811,1.3318939303776811,1.3318939303776811,0E-17,ELIGIBLE,R03b_20260811_FULL_v1,L1_ELIGIBILITY,v2026-08-11,2026-03-21..2026-08-06,baccarat_bet02_101_all_pairs_incl_sentinel,round_win = game_pnl > 0 (decisive only),COMPATIBILITY_ONLY_NOT_PRODUCTION,13461.8174,12030.9580,168.4253,1921,1920,-0.01251133,-0.01264445,-0.00681516,-0.01251133,-168.4253,13461.8174,OK,0.0000,6.7370,4.0000,96.0000,AG03-UNRESOLVED,ALL5_LEVELS_bet23_to_bet27,6.7370,6.7370,6.7370,10.1055,10.1055,4.000000,4.000000,4.000000,6.000000,6.000000,96.000000,96.000000,96.000000,94.000000,94.000000,5.0,40.4221,36.7584,128.0032,131.6669,PENDING_AG03,FALSE,NOT_FOR_ENFORCEMENT,161.6883,11549.7197,168.4253,161.6883,6.7370,0.01251133,0.01201088,6.7370,161.6883,0.01201088,6.7370,6.7370,6.7370,10.1055,10.1055,161.6883,0.01201088,40.4221,36.7584,128.0032,131.6669,0.00950861,0.00978077,0.00050045,7.0077,6.2661,0.0877,10.5266,0.1689,841.3636,120.0000,7.1725,3.5334,4.0407,6.0611,8.1756,12.1222,16.1629,20.2037,6.0611,0.0,2.666667,3.333333,1.156179,29,150,35,2,0.97716482,0.01251133,0.01264445,0E-8,0.000000,0.893710,0.075482,-0.00582929,2026-06-30,2026-08-06,16,997,296,38,0.421053,2.029941,1.023519,3.257216,,,,,,,,GLOBAL_BASELINE_NO_ENTITY_RANKING,,,NOT_APPLICABLE_GLOBAL_BASELINE,HF9g-P5,,,,X 全窗基线 · 不参与实体赏罚,6874334,688,A168_HF9F_20260827_0900,2026-08-27 09:00:00
2026-07-28,152220872,2188,0,26.5707394841,5.8251236561,5.8251236561,0.6666667,4,4,0.50329940000000000,0.503299400000,0.5659331339966515,0.5659331339966515,0.5659331339966515,0E-17,ELIGIBLE,R03b_20260811_FULL_v1,L1_ELIGIBILITY,v2026-08-11,2026-03-21..2026-08-06,baccarat_bet02_101_all_pairs_incl_sentinel,round_win = game_pnl > 0 (decisive only),COMPATIBILITY_ONLY_NOT_PRODUCTION,13461.8174,12030.9580,168.4253,1921,1920,-0.01251133,-0.01264445,-0.00681516,-0.01251133,-168.4253,13461.8174,OK,0.0000,6.7370,4.0000,96.0000,AG03-UNRESOLVED,ALL5_LEVELS_bet23_to_bet27,6.7370,6.7370,6.7370,10.1055,10.1055,4.000000,4.000000,4.000000,6.000000,6.000000,96.000000,96.000000,96.000000,94.000000,94.000000,5.0,40.4221,36.7584,128.0032,131.6669,PENDING_AG03,FALSE,NOT_FOR_ENFORCEMENT,161.6883,11549.7197,168.4253,161.6883,6.7370,0.01251133,0.01201088,6.7370,161.6883,0.01201088,6.7370,6.7370,6.7370,10.1055,10.1055,161.6883,0.01201088,40.4221,36.7584,128.0032,131.6669,0.00950861,0.00978077,0.00050045,7.0077,6.2661,0.0877,10.5266,0.1689,841.3636,120.0000,7.1725,3.5334,4.0407,6.0611,8.1756,12.1222,16.1629,20.2037,6.0611,0.0,2.666667,3.333333,1.156179,29,150,35,2,0.97716482,0.01251133,0.01264445,0E-8,0.000000,0.893710,0.075482,-0.00582929,2026-06-30,2026-08-06,16,997,296,38,0.421053,2.029941,1.023519,3.257216,,,,,,,,GLOBAL_BASELINE_NO_ENTITY_RANKING,,,NOT_APPLICABLE_GLOBAL_BASELINE,HF9g-P5,,,,X 全窗基线 · 不参与实体赏罚,6874335,688,A168_HF9F_20260827_0900,2026-08-27 09:00:00
2026-07-28,152220872,2201,0,14.3073212607,14.0007358051,14.0007358051,1.0000000,2,2,0.49994810000000000,0.499948100000,1.4143603653603398,1.4143603653603398,1.4143603653603398,0E-17,ELIGIBLE,R03b_20260811_FULL_v1,L1_ELIGIBILITY,v2026-08-11,2026-03-21..2026-08-06,baccarat_bet02_101_all_pairs_incl_sentinel,round_win = game_pnl > 0 (decisive only),COMPATIBILITY_ONLY_NOT_PRODUCTION,13461.8174,12030.9580,168.4253,1921,1920,-0.01251133,-0.01264445,-0.00681516,-0.01251133,-168.4253,13461.8174,OK,0.0000,6.7370,4.0000,96.0000,AG03-UNRESOLVED,ALL5_LEVELS_bet23_to_bet27,6.7370,6.7370,6.7370,10.1055,10.1055,4.000000,4.000000,4.000000,6.000000,6.000000,96.000000,96.000000,96.000000,94.000000,94.000000,5.0,40.4221,36.7584,128.0032,131.6669,PENDING_AG03,FALSE,NOT_FOR_ENFORCEMENT,161.6883,11549.7197,168.4253,161.6883,6.7370,0.01251133,0.01201088,6.7370,161.6883,0.01201088,6.7370,6.7370,6.7370,10.1055,10.1055,161.6883,0.01201088,40.4221,36.7584,128.0032,131.6669,0.00950861,0.00978077,0.00050045,7.0077,6.2661,0.0877,10.5266,0.1689,841.3636,120.0000,7.1725,3.5334,4.0407,6.0611,8.1756,12.1222,16.1629,20.2037,6.0611,0.0,2.666667,3.333333,1.156179,29,150,35,2,0.97716482,0.01251133,0.01264445,0E-8,0.000000,0.893710,0.075482,-0.00582929,2026-06-30,2026-08-06,16,997,296,38,0.421053,2.029941,1.023519,3.257216,,,,,,,,GLOBAL_BASELINE_NO_ENTITY_RANKING,,,NOT_APPLICABLE_GLOBAL_BASELINE,HF9g-P5,,,,X 全窗基线 · 不参与实体赏罚,6874336,688,A168_HF9F_20260827_0900,2026-08-27 09:00:00
2026-07-28,152220872,2205,0,22.4829334097,5.7229285042,5.7229285042,0.6666667,3,3,0.50218230000000000,0.502182300000,0.5697959874915163,0.5697959874915164,0.5697959874915163,0E-17,ELIGIBLE,R03b_20260811_FULL_v1,L1_ELIGIBILITY,v2026-08-11,2026-03-21..2026-08-06,baccarat_bet02_101_all_pairs_incl_sentinel,round_win = game_pnl > 0 (decisive only),COMPATIBILITY_ONLY_NOT_PRODUCTION,13461.8174,12030.9580,168.4253,1921,1920,-0.01251133,-0.01264445,-0.00681516,-0.01251133,-168.4253,13461.8174,OK,0.0000,6.7370,4.0000,96.0000,AG03-UNRESOLVED,ALL5_LEVELS_bet23_to_bet27,6.7370,6.7370,6.7370,10.1055,10.1055,4.000000,4.000000,4.000000,6.000000,6.000000,96.000000,96.000000,96.000000,94.000000,94.000000,5.0,40.4221,36.7584,128.0032,131.6669,PENDING_AG03,FALSE,NOT_FOR_ENFORCEMENT,161.6883,11549.7197,168.4253,161.6883,6.7370,0.01251133,0.01201088,6.7370,161.6883,0.01201088,6.7370,6.7370,6.7370,10.1055,10.1055,161.6883,0.01201088,40.4221,36.7584,128.0032,131.6669,0.00950861,0.00978077,0.00050045,7.0077,6.2661,0.0877,10.5266,0.1689,841.3636,120.0000,7.1725,3.5334,4.0407,6.0611,8.1756,12.1222,16.1629,20.2037,6.0611,0.0,2.666667,3.333333,1.156179,29,150,35,2,0.97716482,0.01251133,0.01264445,0E-8,0.000000,0.893710,0.075482,-0.00582929,2026-06-30,2026-08-06,16,997,296,38,0.421053,2.029941,1.023519,3.257216,,,,,,,,GLOBAL_BASELINE_NO_ENTITY_RANKING,,,NOT_APPLICABLE_GLOBAL_BASELINE,HF9g-P5,,,,X 全窗基线 · 不参与实体赏罚,6874337,688,A168_HF9F_20260827_0900,2026-08-27 09:00:00
2026-07-28,152220872,2212,0,53.1414789682,34.5419613293,34.5419613293,0.8750000,8,8,0.50497505000000000,0.504975050000,2.0932808354913788,2.0932808354913788,2.0932808354913788,0E-17,ELIGIBLE,R03b_20260811_FULL_v1,L1_ELIGIBILITY,v2026-08-11,2026-03-21..2026-08-06,baccarat_bet02_101_all_pairs_incl_sentinel,round_win = game_pnl > 0 (decisive only),COMPATIBILITY_ONLY_NOT_PRODUCTION,13461.8174,12030.9580,168.4253,1921,1920,-0.01251133,-0.01264445,-0.00681516,-0.01251133,-168.4253,13461.8174,OK,0.0000,6.7370,4.0000,96.0000,AG03-UNRESOLVED,ALL5_LEVELS_bet23_to_bet27,6.7370,6.7370,6.7370,10.1055,10.1055,4.000000,4.000000,4.000000,6.000000,6.000000,96.000000,96.000000,96.000000,94.000000,94.000000,5.0,40.4221,36.7584,128.0032,131.6669,PENDING_AG03,FALSE,NOT_FOR_ENFORCEMENT,161.6883,11549.7197,168.4253,161.6883,6.7370,0.01251133,0.01201088,6.7370,161.6883,0.01201088,6.7370,6.7370,6.7370,10.1055,10.1055,161.6883,0.01201088,40.4221,36.7584,128.0032,131.6669,0.00950861,0.00978077,0.00050045,7.0077,6.2661,0.0877,10.5266,0.1689,841.3636,120.0000,7.1725,3.5334,4.0407,6.0611,8.1756,12.1222,16.1629,20.2037,6.0611,0.0,2.666667,3.333333,1.156179,29,150,35,2,0.97716482,0.01251133,0.01264445,0E-8,0.000000,0.893710,0.075482,-0.00582929,2026-06-30,2026-08-06,16,997,296,38,0.421053,2.029941,1.023519,3.257216,,,,,,,,GLOBAL_BASELINE_NO_ENTITY_RANKING,,,NOT_APPLICABLE_GLOBAL_BASELINE,HF9g-P5,,,,X 全窗基线 · 不参与实体赏罚,6874338,688,A168_HF9F_20260827_0900,2026-08-27 09:00:00
2026-07-28,152220872,2234,0,18.3951273351,17.4753709683,17.4753709683,1.0000000,3,3,0.50665070000000000,0.506650700000,1.7091633124209307,1.7091633124209307,1.7091633124209307,0E-17,ELIGIBLE,R03b_20260811_FULL_v1,L1_ELIGIBILITY,v2026-08-11,2026-03-21..2026-08-06,baccarat_bet02_101_all_pairs_incl_sentinel,round_win = game_pnl > 0 (decisive only),COMPATIBILITY_ONLY_NOT_PRODUCTION,13461.8174,12030.9580,168.4253,1921,1920,-0.01251133,-0.01264445,-0.00681516,-0.01251133,-168.4253,13461.8174,OK,0.0000,6.7370,4.0000,96.0000,AG03-UNRESOLVED,ALL5_LEVELS_bet23_to_bet27,6.7370,6.7370,6.7370,10.1055,10.1055,4.000000,4.000000,4.000000,6.000000,6.000000,96.000000,96.000000,96.000000,94.000000,94.000000,5.0,40.4221,36.7584,128.0032,131.6669,PENDING_AG03,FALSE,NOT_FOR_ENFORCEMENT,161.6883,11549.7197,168.4253,161.6883,6.7370,0.01251133,0.01201088,6.7370,161.6883,0.01201088,6.7370,6.7370,6.7370,10.1055,10.1055,161.6883,0.01201088,40.4221,36.7584,128.0032,131.6669,0.00950861,0.00978077,0.00050045,7.0077,6.2661,0.0877,10.5266,0.1689,841.3636,120.0000,7.1725,3.5334,4.0407,6.0611,8.1756,12.1222,16.1629,20.2037,6.0611,0.0,2.666667,3.333333,1.156179,29,150,35,2,0.97716482,0.01251133,0.01264445,0E-8,0.000000,0.893710,0.075482,-0.00582929,2026-06-30,2026-08-06,16,997,296,38,0.421053,2.029941,1.023519,3.257216,,,,,,,,GLOBAL_BASELINE_NO_ENTITY_RANKING,,,NOT_APPLICABLE_GLOBAL_BASELINE,HF9g-P5,,,,X 全窗基线 · 不参与实体赏罚,6874339,688,A168_HF9F_20260827_0900,2026-08-27 09:00:00
2026-07-28,152220872,2242,0,8.1756121490,-8.1756121490,-8.1756121490,0E-7,1,1,0.49324550000000000,0.493245500000,-0.9865810262130424,-0.9865810262130424,-0.9865810262130424,0E-17,ELIGIBLE,R03b_20260811_FULL_v1,L1_ELIGIBILITY,v2026-08-11,2026-03-21..2026-08-06,baccarat_bet02_101_all_pairs_incl_sentinel,round_win = game_pnl > 0 (decisive only),COMPATIBILITY_ONLY_NOT_PRODUCTION,13461.8174,12030.9580,168.4253,1921,1920,-0.01251133,-0.01264445,-0.00681516,-0.01251133,-168.4253,13461.8174,OK,0.0000,6.7370,4.0000,96.0000,AG03-UNRESOLVED,ALL5_LEVELS_bet23_to_bet27,6.7370,6.7370,6.7370,10.1055,10.1055,4.000000,4.000000,4.000000,6.000000,6.000000,96.000000,96.000000,96.000000,94.000000,94.000000,5.0,40.4221,36.7584,128.0032,131.6669,PENDING_AG03,FALSE,NOT_FOR_ENFORCEMENT,161.6883,11549.7197,168.4253,161.6883,6.7370,0.01251133,0.01201088,6.7370,161.6883,0.01201088,6.7370,6.7370,6.7370,10.1055,10.1055,161.6883,0.01201088,40.4221,36.7584,128.0032,131.6669,0.00950861,0.00978077,0.00050045,7.0077,6.2661,0.0877,10.5266,0.1689,841.3636,120.0000,7.1725,3.5334,4.0407,6.0611,8.1756,12.1222,16.1629,20.2037,6.0611,0.0,2.666667,3.333333,1.156179,29,150,35,2,0.97716482,0.01251133,0.01264445,0E-8,0.000000,0.893710,0.075482,-0.00582929,2026-06-30,2026-08-06,16,997,296,38,0.421053,2.029941,1.023519,3.257216,,,,,,,,GLOBAL_BASELINE_NO_ENTITY_RANKING,,,NOT_APPLICABLE_GLOBAL_BASELINE,HF9g-P5,,,,X 全窗基线 · 不参与实体赏罚,6874340,688,A168_HF9F_20260827_0900,2026-08-27 09:00:00
2026-07-28,152220872,2250,0,22.4829334096,-6.1317091117,-6.1317091117,0.5000000,3,3,0.49771390000000000,0.497713900000,0.006466134837551399,0.0064661348375514,0.006466134837551399,0E-17,ELIGIBLE,R03b_20260811_FULL_v1,L1_ELIGIBILITY,v2026-08-11,2026-03-21..2026-08-06,baccarat_bet02_101_all_pairs_incl_sentinel,round_win = game_pnl > 0 (decisive only),COMPATIBILITY_ONLY_NOT_PRODUCTION,13461.8174,12030.9580,168.4253,1921,1920,-0.01251133,-0.01264445,-0.00681516,-0.01251133,-168.4253,13461.8174,OK,0.0000,6.7370,4.0000,96.0000,AG03-UNRESOLVED,ALL5_LEVELS_bet23_to_bet27,6.7370,6.7370,6.7370,10.1055,10.1055,4.000000,4.000000,4.000000,6.000000,6.000000,96.000000,96.000000,96.000000,94.000000,94.000000,5.0,40.4221,36.7584,128.0032,131.6669,PENDING_AG03,FALSE,NOT_FOR_ENFORCEMENT,161.6883,11549.7197,168.4253,161.6883,6.7370,0.01251133,0.01201088,6.7370,161.6883,0.01201088,6.7370,6.7370,6.7370,10.1055,10.1055,161.6883,0.01201088,40.4221,36.7584,128.0032,131.6669,0.00950861,0.00978077,0.00050045,7.0077,6.2661,0.0877,10.5266,0.1689,841.3636,120.0000,7.1725,3.5334,4.0407,6.0611,8.1756,12.1222,16.1629,20.2037,6.0611,0.0,2.666667,3.333333,1.156179,29,150,35,2,0.97716482,0.01251133,0.01264445,0E-8,0.000000,0.893710,0.075482,-0.00582929,2026-06-30,2026-08-06,16,997,296,38,0.421053,2.029941,1.023519,3.257216,,,,,,,,GLOBAL_BASELINE_NO_ENTITY_RANKING,,,NOT_APPLICABLE_GLOBAL_BASELINE,HF9g-P5,,,,X 全窗基线 · 不参与实体赏罚,6874341,688,A168_HF9F_20260827_0900,2026-08-27 09:00:00
2026-07-28,152220872,2252,0,75.6244123778,11.1392715529,11.1392715529,0.5000000,10,10,0.50128862000000000,0.501288620000,-0.00728955973225404,-0.00728955973225404,-0.00728955973225404,0E-17,ELIGIBLE,R03b_20260811_FULL_v1,L1_ELIGIBILITY,v2026-08-11,2026-03-21..2026-08-06,baccarat_bet02_101_all_pairs_incl_sentinel,round_win = game_pnl > 0 (decisive only),COMPATIBILITY_ONLY_NOT_PRODUCTION,13461.8174,12030.9580,168.4253,1921,1920,-0.01251133,-0.01264445,-0.00681516,-0.01251133,-168.4253,13461.8174,OK,0.0000,6.7370,4.0000,96.0000,AG03-UNRESOLVED,ALL5_LEVELS_bet23_to_bet27,6.7370,6.7370,6.7370,10.1055,10.1055,4.000000,4.000000,4.000000,6.000000,6.000000,96.000000,96.000000,96.000000,94.000000,94.000000,5.0,40.4221,36.7584,128.0032,131.6669,PENDING_AG03,FALSE,NOT_FOR_ENFORCEMENT,161.6883,11549.7197,168.4253,161.6883,6.7370,0.01251133,0.01201088,6.7370,161.6883,0.01201088,6.7370,6.7370,6.7370,10.1055,10.1055,161.6883,0.01201088,40.4221,36.7584,128.0032,131.6669,0.00950861,0.00978077,0.00050045,7.0077,6.2661,0.0877,10.5266,0.1689,841.3636,120.0000,7.1725,3.5334,4.0407,6.0611,8.1756,12.1222,16.1629,20.2037,6.0611,0.0,2.666667,3.333333,1.156179,29,150,35,2,0.97716482,0.01251133,0.01264445,0E-8,0.000000,0.893710,0.075482,-0.00582929,2026-06-30,2026-08-06,16,997,296,38,0.421053,2.029941,1.023519,3.257216,,,,,,,,GLOBAL_BASELINE_NO_ENTITY_RANKING,,,NOT_APPLICABLE_GLOBAL_BASELINE,HF9g-P5,,,,X 全窗基线 · 不参与实体赏罚,6874342,688,A168_HF9F_20260827_0900,2026-08-27 09:00:00
2026-07-28,152220872,2258,0,8.1756121490,8.1756121490,8.1756121490,1.0000000,1,1,0.49324550000000000,0.493245500000,1.01360149184955,1.01360149184955,1.01360149184955,0E-17,ELIGIBLE,R03b_20260811_FULL_v1,L1_ELIGIBILITY,v2026-08-11,2026-03-21..2026-08-06,baccarat_bet02_101_all_pairs_incl_sentinel,round_win = game_pnl > 0 (decisive only),COMPATIBILITY_ONLY_NOT_PRODUCTION,13461.8174,12030.9580,168.4253,1921,1920,-0.01251133,-0.01264445,-0.00681516,-0.01251133,-168.4253,13461.8174,OK,0.0000,6.7370,4.0000,96.0000,AG03-UNRESOLVED,ALL5_LEVELS_bet23_to_bet27,6.7370,6.7370,6.7370,10.1055,10.1055,4.000000,4.000000,4.000000,6.000000,6.000000,96.000000,96.000000,96.000000,94.000000,94.000000,5.0,40.4221,36.7584,128.0032,131.6669,PENDING_AG03,FALSE,NOT_FOR_ENFORCEMENT,161.6883,11549.7197,168.4253,161.6883,6.7370,0.01251133,0.01201088,6.7370,161.6883,0.01201088,6.7370,6.7370,6.7370,10.1055,10.1055,161.6883,0.01201088,40.4221,36.7584,128.0032,131.6669,0.00950861,0.00978077,0.00050045,7.0077,6.2661,0.0877,10.5266,0.1689,841.3636,120.0000,7.1725,3.5334,4.0407,6.0611,8.1756,12.1222,16.1629,20.2037,6.0611,0.0,2.666667,3.333333,1.156179,29,150,35,2,0.97716482,0.01251133,0.01264445,0E-8,0.000000,0.893710,0.075482,-0.00582929,2026-06-30,2026-08-06,16,997,296,38,0.421053,2.029941,1.023519,3.257216,,,,,,,,GLOBAL_BASELINE_NO_ENTITY_RANKING,,,NOT_APPLICABLE_GLOBAL_BASELINE,HF9g-P5,,,,X 全窗基线 · 不参与实体赏罚,6874343,688,A168_HF9F_20260827_0900,2026-08-27 09:00:00
2026-07-28,152220872,2280,0,49.0536728937,-26.9795200915,-26.9795200915,0.1666667,7,7,0.50090561428571429,0.500905614286,-1.6374324335038204,-1.6374324335052217,-1.6374324335038204,-2.8571E-13,ELIGIBLE,R03b_20260811_FULL_v1,L1_ELIGIBILITY,v2026-08-11,2026-03-21..2026-08-06,baccarat_bet02_101_all_pairs_incl_sentinel,round_win = game_pnl > 0 (decisive only),COMPATIBILITY_ONLY_NOT_PRODUCTION,13461.8174,12030.9580,168.4253,1921,1920,-0.01251133,-0.01264445,-0.00681516,-0.01251133,-168.4253,13461.8174,OK,0.0000,6.7370,4.0000,96.0000,AG03-UNRESOLVED,ALL5_LEVELS_bet23_to_bet27,6.7370,6.7370,6.7370,10.1055,10.1055,4.000000,4.000000,4.000000,6.000000,6.000000,96.000000,96.000000,96.000000,94.000000,94.000000,5.0,40.4221,36.7584,128.0032,131.6669,PENDING_AG03,FALSE,NOT_FOR_ENFORCEMENT,161.6883,11549.7197,168.4253,161.6883,6.7370,0.01251133,0.01201088,6.7370,161.6883,0.01201088,6.7370,6.7370,6.7370,10.1055,10.1055,161.6883,0.01201088,40.4221,36.7584,128.0032,131.6669,0.00950861,0.00978077,0.00050045,7.0077,6.2661,0.0877,10.5266,0.1689,841.3636,120.0000,7.1725,3.5334,4.0407,6.0611,8.1756,12.1222,16.1629,20.2037,6.0611,0.0,2.666667,3.333333,1.156179,29,150,35,2,0.97716482,0.01251133,0.01264445,0E-8,0.000000,0.893710,0.075482,-0.00582929,2026-06-30,2026-08-06,16,997,296,38,0.421053,2.029941,1.023519,3.257216,,,,,,,,GLOBAL_BASELINE_NO_ENTITY_RANKING,,,NOT_APPLICABLE_GLOBAL_BASELINE,HF9g-P5,,,,X 全窗基线 · 不参与实体赏罚,6874344,688,A168_HF9F_20260827_0900,2026-08-27 09:00:00
2026-07-28,152220872,526,0,24.5268364470,-0.2043903037,-0.2043903037,0.5000000,6,6,0.49994810000000000,0.499948100000,0.00025425703667063243,0.00025425703667063243,0.00025425703667063243,0E-17,ELIGIBLE,R03b_20260811_FULL_v1,L1_ELIGIBILITY,v2026-08-11,2026-03-21..2026-08-06,baccarat_bet02_101_all_pairs_incl_sentinel,round_win = game_pnl > 0 (decisive only),COMPATIBILITY_ONLY_NOT_PRODUCTION,13461.8174,12030.9580,168.4253,1921,1920,-0.01251133,-0.01264445,-0.00681516,-0.01251133,-168.4253,13461.8174,OK,0.0000,6.7370,4.0000,96.0000,AG03-UNRESOLVED,ALL5_LEVELS_bet23_to_bet27,6.7370,6.7370,6.7370,10.1055,10.1055,4.000000,4.000000,4.000000,6.000000,6.000000,96.000000,96.000000,96.000000,94.000000,94.000000,5.0,40.4221,36.7584,128.0032,131.6669,PENDING_AG03,FALSE,NOT_FOR_ENFORCEMENT,161.6883,11549.7197,168.4253,161.6883,6.7370,0.01251133,0.01201088,6.7370,161.6883,0.01201088,6.7370,6.7370,6.7370,10.1055,10.1055,161.6883,0.01201088,40.4221,36.7584,128.0032,131.6669,0.00950861,0.00978077,0.00050045,7.0077,6.2661,0.0877,10.5266,0.1689,841.3636,120.0000,7.1725,3.5334,4.0407,6.0611,8.1756,12.1222,16.1629,20.2037,6.0611,0.0,2.666667,3.333333,1.156179,29,150,35,2,0.97716482,0.01251133,0.01264445,0E-8,0.000000,0.893710,0.075482,-0.00582929,2026-06-30,2026-08-06,16,997,296,38,0.421053,2.029941,1.023519,3.257216,,,,,,,,GLOBAL_BASELINE_NO_ENTITY_RANKING,,,NOT_APPLICABLE_GLOBAL_BASELINE,HF9g-P5,,,,X 全窗基线 · 不参与实体赏罚,6874345,688,A168_HF9F_20260827_0900,2026-08-27 09:00:00
2026-07-28,152220872,529,0,36.7902546704,13.5919551976,13.5919551976,0.7500000,5,5,0.50396966000000000,0.503969660000,0.9841523774297893,0.9841523774297894,0.9841523774297893,0E-17,ELIGIBLE,R03b_20260811_FULL_v1,L1_ELIGIBILITY,v2026-08-11,2026-03-21..2026-08-06,baccarat_bet02_101_all_pairs_incl_sentinel,round_win = game_pnl > 0 (decisive only),COMPATIBILITY_ONLY_NOT_PRODUCTION,13461.8174,12030.9580,168.4253,1921,1920,-0.01251133,-0.01264445,-0.00681516,-0.01251133,-168.4253,13461.8174,OK,0.0000,6.7370,4.0000,96.0000,AG03-UNRESOLVED,ALL5_LEVELS_bet23_to_bet27,6.7370,6.7370,6.7370,10.1055,10.1055,4.000000,4.000000,4.000000,6.000000,6.000000,96.000000,96.000000,96.000000,94.000000,94.000000,5.0,40.4221,36.7584,128.0032,131.6669,PENDING_AG03,FALSE,NOT_FOR_ENFORCEMENT,161.6883,11549.7197,168.4253,161.6883,6.7370,0.01251133,0.01201088,6.7370,161.6883,0.01201088,6.7370,6.7370,6.7370,10.1055,10.1055,161.6883,0.01201088,40.4221,36.7584,128.0032,131.6669,0.00950861,0.00978077,0.00050045,7.0077,6.2661,0.0877,10.5266,0.1689,841.3636,120.0000,7.1725,3.5334,4.0407,6.0611,8.1756,12.1222,16.1629,20.2037,6.0611,0.0,2.666667,3.333333,1.156179,29,150,35,2,0.97716482,0.01251133,0.01264445,0E-8,0.000000,0.893710,0.075482,-0.00582929,2026-06-30,2026-08-06,16,997,296,38,0.421053,2.029941,1.023519,3.257216,,,,,,,,GLOBAL_BASELINE_NO_ENTITY_RANKING,,,NOT_APPLICABLE_GLOBAL_BASELINE,HF9g-P5,,,,X 全窗基线 · 不参与实体赏罚,6874346,688,A168_HF9F_20260827_0900,2026-08-27 09:00:00
2026-07-28,152220872,550,0,8.1756121490,7.7668315415,7.7668315415,1.0000000,1,1,0.50665070000000000,0.506650700000,0.9867858985152569,0.9867858985152569,0.9867858985152569,0E-17,ELIGIBLE,R03b_20260811_FULL_v1,L1_ELIGIBILITY,v2026-08-11,2026-03-21..2026-08-06,baccarat_bet02_101_all_pairs_incl_sentinel,round_win = game_pnl > 0 (decisive only),COMPATIBILITY_ONLY_NOT_PRODUCTION,13461.8174,12030.9580,168.4253,1921,1920,-0.01251133,-0.01264445,-0.00681516,-0.01251133,-168.4253,13461.8174,OK,0.0000,6.7370,4.0000,96.0000,AG03-UNRESOLVED,ALL5_LEVELS_bet23_to_bet27,6.7370,6.7370,6.7370,10.1055,10.1055,4.000000,4.000000,4.000000,6.000000,6.000000,96.000000,96.000000,96.000000,94.000000,94.000000,5.0,40.4221,36.7584,128.0032,131.6669,PENDING_AG03,FALSE,NOT_FOR_ENFORCEMENT,161.6883,11549.7197,168.4253,161.6883,6.7370,0.01251133,0.01201088,6.7370,161.6883,0.01201088,6.7370,6.7370,6.7370,10.1055,10.1055,161.6883,0.01201088,40.4221,36.7584,128.0032,131.6669,0.00950861,0.00978077,0.00050045,7.0077,6.2661,0.0877,10.5266,0.1689,841.3636,120.0000,7.1725,3.5334,4.0407,6.0611,8.1756,12.1222,16.1629,20.2037,6.0611,0.0,2.666667,3.333333,1.156179,29,150,35,2,0.97716482,0.01251133,0.01264445,0E-8,0.000000,0.893710,0.075482,-0.00582929,2026-06-30,2026-08-06,16,997,296,38,0.421053,2.029941,1.023519,3.257216,,,,,,,,GLOBAL_BASELINE_NO_ENTITY_RANKING,,,NOT_APPLICABLE_GLOBAL_BASELINE,HF9g-P5,,,,X 全窗基线 · 不参与实体赏罚,6874347,688,A168_HF9F_20260827_0900,2026-08-27 09:00:00
2026-07-28,152220872,595,0,8.1756121490,-8.1756121490,-8.1756121490,0E-7,1,1,0.50665070000000000,0.506650700000,-1.013391052207602,-1.013391052207602,-1.013391052207602,0E-17,ELIGIBLE,R03b_20260811_FULL_v1,L1_ELIGIBILITY,v2026-08-11,2026-03-21..2026-08-06,baccarat_bet02_101_all_pairs_incl_sentinel,round_win = game_pnl > 0 (decisive only),COMPATIBILITY_ONLY_NOT_PRODUCTION,13461.8174,12030.9580,168.4253,1921,1920,-0.01251133,-0.01264445,-0.00681516,-0.01251133,-168.4253,13461.8174,OK,0.0000,6.7370,4.0000,96.0000,AG03-UNRESOLVED,ALL5_LEVELS_bet23_to_bet27,6.7370,6.7370,6.7370,10.1055,10.1055,4.000000,4.000000,4.000000,6.000000,6.000000,96.000000,96.000000,96.000000,94.000000,94.000000,5.0,40.4221,36.7584,128.0032,131.6669,PENDING_AG03,FALSE,NOT_FOR_ENFORCEMENT,161.6883,11549.7197,168.4253,161.6883,6.7370,0.01251133,0.01201088,6.7370,161.6883,0.01201088,6.7370,6.7370,6.7370,10.1055,10.1055,161.6883,0.01201088,40.4221,36.7584,128.0032,131.6669,0.00950861,0.00978077,0.00050045,7.0077,6.2661,0.0877,10.5266,0.1689,841.3636,120.0000,7.1725,3.5334,4.0407,6.0611,8.1756,12.1222,16.1629,20.2037,6.0611,0.0,2.666667,3.333333,1.156179,29,150,35,2,0.97716482,0.01251133,0.01264445,0E-8,0.000000,0.893710,0.075482,-0.00582929,2026-06-30,2026-08-06,16,997,296,38,0.421053,2.029941,1.023519,3.257216,,,,,,,,GLOBAL_BASELINE_NO_ENTITY_RANKING,,,NOT_APPLICABLE_GLOBAL_BASELINE,HF9g-P5,,,,X 全窗基线 · 不参与实体赏罚,6874348,688,A168_HF9F_20260827_0900,2026-08-27 09:00:00
2026-07-29,152220872,-1,1,627.4782324327,-43.3307443896,-43.3307443896,0.4561404,66,66,0.49933877272727273,0.499338772727,-0.6522824360502365,-0.652282436046119,-0.6522824360502365,2.7273E-13,SENTINEL_DEALER,R03b_20260811_FULL_v1,L1_ELIGIBILITY,v2026-08-11,2026-03-21..2026-08-06,baccarat_bet02_101_all_pairs_incl_sentinel,round_win = game_pnl > 0 (decisive only),COMPATIBILITY_ONLY_NOT_PRODUCTION,13461.8174,12030.9580,168.4253,1921,1920,-0.01251133,-0.01264445,-0.00681516,-0.01251133,-168.4253,13461.8174,OK,0.0000,6.7370,4.0000,96.0000,AG03-UNRESOLVED,ALL5_LEVELS_bet23_to_bet27,6.7370,6.7370,6.7370,10.1055,10.1055,4.000000,4.000000,4.000000,6.000000,6.000000,96.000000,96.000000,96.000000,94.000000,94.000000,5.0,40.4221,36.7584,128.0032,131.6669,PENDING_AG03,FALSE,NOT_FOR_ENFORCEMENT,161.6883,11549.7197,168.4253,161.6883,6.7370,0.01251133,0.01201088,6.7370,161.6883,0.01201088,6.7370,6.7370,6.7370,10.1055,10.1055,161.6883,0.01201088,40.4221,36.7584,128.0032,131.6669,0.00950861,0.00978077,0.00050045,7.0077,6.2661,0.0877,10.5266,0.1689,841.3636,120.0000,7.1725,3.5334,4.0407,6.0611,8.1756,12.1222,16.1629,20.2037,6.0611,0.0,2.666667,3.333333,1.156179,29,150,35,2,0.97716482,0.01251133,0.01264445,0E-8,0.000000,0.893710,0.075482,-0.00582929,2026-06-30,2026-08-06,16,997,296,38,0.421053,2.029941,1.023519,3.257216,,,,,,,,GLOBAL_BASELINE_NO_ENTITY_RANKING,,,NOT_APPLICABLE_GLOBAL_BASELINE,HF9g-P5,,,,X 全窗基线 · 不参与实体赏罚,6874349,688,A168_HF9F_20260827_0900,2026-08-27 09:00:00
2026-07-29,152220872,1017,0,30.6585455586,-30.6585455586,-30.6585455586,0E-7,2,2,0.50665070000000000,0.506650700000,-1.4331513700195317,-1.4331513700195317,-1.4331513700195317,0E-17,ELIGIBLE,R03b_20260811_FULL_v1,L1_ELIGIBILITY,v2026-08-11,2026-03-21..2026-08-06,baccarat_bet02_101_all_pairs_incl_sentinel,round_win = game_pnl > 0 (decisive only),COMPATIBILITY_ONLY_NOT_PRODUCTION,13461.8174,12030.9580,168.4253,1921,1920,-0.01251133,-0.01264445,-0.00681516,-0.01251133,-168.4253,13461.8174,OK,0.0000,6.7370,4.0000,96.0000,AG03-UNRESOLVED,ALL5_LEVELS_bet23_to_bet27,6.7370,6.7370,6.7370,10.1055,10.1055,4.000000,4.000000,4.000000,6.000000,6.000000,96.000000,96.000000,96.000000,94.000000,94.000000,5.0,40.4221,36.7584,128.0032,131.6669,PENDING_AG03,FALSE,NOT_FOR_ENFORCEMENT,161.6883,11549.7197,168.4253,161.6883,6.7370,0.01251133,0.01201088,6.7370,161.6883,0.01201088,6.7370,6.7370,6.7370,10.1055,10.1055,161.6883,0.01201088,40.4221,36.7584,128.0032,131.6669,0.00950861,0.00978077,0.00050045,7.0077,6.2661,0.0877,10.5266,0.1689,841.3636,120.0000,7.1725,3.5334,4.0407,6.0611,8.1756,12.1222,16.1629,20.2037,6.0611,0.0,2.666667,3.333333,1.156179,29,150,35,2,0.97716482,0.01251133,0.01264445,0E-8,0.000000,0.893710,0.075482,-0.00582929,2026-06-30,2026-08-06,16,997,296,38,0.421053,2.029941,1.023519,3.257216,,,,,,,,GLOBAL_BASELINE_NO_ENTITY_RANKING,,,NOT_APPLICABLE_GLOBAL_BASELINE,HF9g-P5,,,,X 全窗基线 · 不参与实体赏罚,6874350,688,A168_HF9F_20260827_0900,2026-08-27 09:00:00
2026-07-29,152220872,1129,0,22.4829334096,16.3512242979,16.3512242979,1.0000000,2,2,0.49324550000000000,0.493245500000,1.01360149184955,1.01360149184955,1.01360149184955,0E-17,ELIGIBLE,R03b_20260811_FULL_v1,L1_ELIGIBILITY,v2026-08-11,2026-03-21..2026-08-06,baccarat_bet02_101_all_pairs_incl_sentinel,round_win = game_pnl > 0 (decisive only),COMPATIBILITY_ONLY_NOT_PRODUCTION,13461.8174,12030.9580,168.4253,1921,1920,-0.01251133,-0.01264445,-0.00681516,-0.01251133,-168.4253,13461.8174,OK,0.0000,6.7370,4.0000,96.0000,AG03-UNRESOLVED,ALL5_LEVELS_bet23_to_bet27,6.7370,6.7370,6.7370,10.1055,10.1055,4.000000,4.000000,4.000000,6.000000,6.000000,96.000000,96.000000,96.000000,94.000000,94.000000,5.0,40.4221,36.7584,128.0032,131.6669,PENDING_AG03,FALSE,NOT_FOR_ENFORCEMENT,161.6883,11549.7197,168.4253,161.6883,6.7370,0.01251133,0.01201088,6.7370,161.6883,0.01201088,6.7370,6.7370,6.7370,10.1055,10.1055,161.6883,0.01201088,40.4221,36.7584,128.0032,131.6669,0.00950861,0.00978077,0.00050045,7.0077,6.2661,0.0877,10.5266,0.1689,841.3636,120.0000,7.1725,3.5334,4.0407,6.0611,8.1756,12.1222,16.1629,20.2037,6.0611,0.0,2.666667,3.333333,1.156179,29,150,35,2,0.97716482,0.01251133,0.01264445,0E-8,0.000000,0.893710,0.075482,-0.00582929,2026-06-30,2026-08-06,16,997,296,38,0.421053,2.029941,1.023519,3.257216,,,,,,,,GLOBAL_BASELINE_NO_ENTITY_RANKING,,,NOT_APPLICABLE_GLOBAL_BASELINE,HF9g-P5,,,,X 全窗基线 · 不参与实体赏罚,6874351,688,A168_HF9F_20260827_0900,2026-08-27 09:00:00
2026-07-29,152220872,1150,0,14.3073212607,2.0439030373,2.0439030373,0.5000000,2,2,0.49994810000000000,0.499948100000,0.00014679536856514622,0.00014679536856514622,0.00014679536856514622,0E-17,ELIGIBLE,R03b_20260811_FULL_v1,L1_ELIGIBILITY,v2026-08-11,2026-03-21..2026-08-06,baccarat_bet02_101_all_pairs_incl_sentinel,round_win = game_pnl > 0 (decisive only),COMPATIBILITY_ONLY_NOT_PRODUCTION,13461.8174,12030.9580,168.4253,1921,1920,-0.01251133,-0.01264445,-0.00681516,-0.01251133,-168.4253,13461.8174,OK,0.0000,6.7370,4.0000,96.0000,AG03-UNRESOLVED,ALL5_LEVELS_bet23_to_bet27,6.7370,6.7370,6.7370,10.1055,10.1055,4.000000,4.000000,4.000000,6.000000,6.000000,96.000000,96.000000,96.000000,94.000000,94.000000,5.0,40.4221,36.7584,128.0032,131.6669,PENDING_AG03,FALSE,NOT_FOR_ENFORCEMENT,161.6883,11549.7197,168.4253,161.6883,6.7370,0.01251133,0.01201088,6.7370,161.6883,0.01201088,6.7370,6.7370,6.7370,10.1055,10.1055,161.6883,0.01201088,40.4221,36.7584,128.0032,131.6669,0.00950861,0.00978077,0.00050045,7.0077,6.2661,0.0877,10.5266,0.1689,841.3636,120.0000,7.1725,3.5334,4.0407,6.0611,8.1756,12.1222,16.1629,20.2037,6.0611,0.0,2.666667,3.333333,1.156179,29,150,35,2,0.97716482,0.01251133,0.01264445,0E-8,0.000000,0.893710,0.075482,-0.00582929,2026-06-30,2026-08-06,16,997,296,38,0.421053,2.029941,1.023519,3.257216,,,,,,,,GLOBAL_BASELINE_NO_ENTITY_RANKING,,,NOT_APPLICABLE_GLOBAL_BASELINE,HF9g-P5,,,,X 全窗基线 · 不参与实体赏罚,6874352,688,A168_HF9F_20260827_0900,2026-08-27 09:00:00
2026-07-29,152220872,1151,0,6.1317091117,6.1317091117,6.1317091117,1.0000000,1,1,0.49324550000000000,0.493245500000,1.01360149184955,1.01360149184955,1.01360149184955,0E-17,ELIGIBLE,R03b_20260811_FULL_v1,L1_ELIGIBILITY,v2026-08-11,2026-03-21..2026-08-06,baccarat_bet02_101_all_pairs_incl_sentinel,round_win = game_pnl > 0 (decisive only),COMPATIBILITY_ONLY_NOT_PRODUCTION,13461.8174,12030.9580,168.4253,1921,1920,-0.01251133,-0.01264445,-0.00681516,-0.01251133,-168.4253,13461.8174,OK,0.0000,6.7370,4.0000,96.0000,AG03-UNRESOLVED,ALL5_LEVELS_bet23_to_bet27,6.7370,6.7370,6.7370,10.1055,10.1055,4.000000,4.000000,4.000000,6.000000,6.000000,96.000000,96.000000,96.000000,94.000000,94.000000,5.0,40.4221,36.7584,128.0032,131.6669,PENDING_AG03,FALSE,NOT_FOR_ENFORCEMENT,161.6883,11549.7197,168.4253,161.6883,6.7370,0.01251133,0.01201088,6.7370,161.6883,0.01201088,6.7370,6.7370,6.7370,10.1055,10.1055,161.6883,0.01201088,40.4221,36.7584,128.0032,131.6669,0.00950861,0.00978077,0.00050045,7.0077,6.2661,0.0877,10.5266,0.1689,841.3636,120.0000,7.1725,3.5334,4.0407,6.0611,8.1756,12.1222,16.1629,20.2037,6.0611,0.0,2.666667,3.333333,1.156179,29,150,35,2,0.97716482,0.01251133,0.01264445,0E-8,0.000000,0.893710,0.075482,-0.00582929,2026-06-30,2026-08-06,16,997,296,38,0.421053,2.029941,1.023519,3.257216,,,,,,,,GLOBAL_BASELINE_NO_ENTITY_RANKING,,,NOT_APPLICABLE_GLOBAL_BASELINE,HF9g-P5,,,,X 全窗基线 · 不参与实体赏罚,6874353,688,A168_HF9F_20260827_0900,2026-08-27 09:00:00
2026-07-29,152220872,1157,0,6.1317091117,-6.1317091117,-6.1317091117,0E-7,1,1,0.50665070000000000,0.506650700000,-1.013391052207602,-1.013391052207602,-1.013391052207602,0E-17,ELIGIBLE,R03b_20260811_FULL_v1,L1_ELIGIBILITY,v2026-08-11,2026-03-21..2026-08-06,baccarat_bet02_101_all_pairs_incl_sentinel,round_win = game_pnl > 0 (decisive only),COMPATIBILITY_ONLY_NOT_PRODUCTION,13461.8174,12030.9580,168.4253,1921,1920,-0.01251133,-0.01264445,-0.00681516,-0.01251133,-168.4253,13461.8174,OK,0.0000,6.7370,4.0000,96.0000,AG03-UNRESOLVED,ALL5_LEVELS_bet23_to_bet27,6.7370,6.7370,6.7370,10.1055,10.1055,4.000000,4.000000,4.000000,6.000000,6.000000,96.000000,96.000000,96.000000,94.000000,94.000000,5.0,40.4221,36.7584,128.0032,131.6669,PENDING_AG03,FALSE,NOT_FOR_ENFORCEMENT,161.6883,11549.7197,168.4253,161.6883,6.7370,0.01251133,0.01201088,6.7370,161.6883,0.01201088,6.7370,6.7370,6.7370,10.1055,10.1055,161.6883,0.01201088,40.4221,36.7584,128.0032,131.6669,0.00950861,0.00978077,0.00050045,7.0077,6.2661,0.0877,10.5266,0.1689,841.3636,120.0000,7.1725,3.5334,4.0407,6.0611,8.1756,12.1222,16.1629,20.2037,6.0611,0.0,2.666667,3.333333,1.156179,29,150,35,2,0.97716482,0.01251133,0.01264445,0E-8,0.000000,0.893710,0.075482,-0.00582929,2026-06-30,2026-08-06,16,997,296,38,0.421053,2.029941,1.023519,3.257216,,,,,,,,GLOBAL_BASELINE_NO_ENTITY_RANKING,,,NOT_APPLICABLE_GLOBAL_BASELINE,HF9g-P5,,,,X 全窗基线 · 不参与实体赏罚,6874354,688,A168_HF9F_20260827_0900,2026-08-27 09:00:00
2026-07-29,152220872,1205,0,16.3512242980,-16.3512242980,-16.3512242980,0E-7,2,2,0.49994810000000000,0.499948100000,-1.4140667746232096,-1.4140667746232096,-1.4140667746232096,0E-17,ELIGIBLE,R03b_20260811_FULL_v1,L1_ELIGIBILITY,v2026-08-11,2026-03-21..2026-08-06,baccarat_bet02_101_all_pairs_incl_sentinel,round_win = game_pnl > 0 (decisive only),COMPATIBILITY_ONLY_NOT_PRODUCTION,13461.8174,12030.9580,168.4253,1921,1920,-0.01251133,-0.01264445,-0.00681516,-0.01251133,-168.4253,13461.8174,OK,0.0000,6.7370,4.0000,96.0000,AG03-UNRESOLVED,ALL5_LEVELS_bet23_to_bet27,6.7370,6.7370,6.7370,10.1055,10.1055,4.000000,4.000000,4.000000,6.000000,6.000000,96.000000,96.000000,96.000000,94.000000,94.000000,5.0,40.4221,36.7584,128.0032,131.6669,PENDING_AG03,FALSE,NOT_FOR_ENFORCEMENT,161.6883,11549.7197,168.4253,161.6883,6.7370,0.01251133,0.01201088,6.7370,161.6883,0.01201088,6.7370,6.7370,6.7370,10.1055,10.1055,161.6883,0.01201088,40.4221,36.7584,128.0032,131.6669,0.00950861,0.00978077,0.00050045,7.0077,6.2661,0.0877,10.5266,0.1689,841.3636,120.0000,7.1725,3.5334,4.0407,6.0611,8.1756,12.1222,16.1629,20.2037,6.0611,0.0,2.666667,3.333333,1.156179,29,150,35,2,0.97716482,0.01251133,0.01264445,0E-8,0.000000,0.893710,0.075482,-0.00582929,2026-06-30,2026-08-06,16,997,296,38,0.421053,2.029941,1.023519,3.257216,,,,,,,,GLOBAL_BASELINE_NO_ENTITY_RANKING,,,NOT_APPLICABLE_GLOBAL_BASELINE,HF9g-P5,,,,X 全窗基线 · 不参与实体赏罚,6874355,688,A168_HF9F_20260827_0900,2026-08-27 09:00:00
2026-07-29,152220872,1299,0,14.3073212607,1.6351224298,1.6351224298,0.5000000,2,2,0.49994810000000000,0.499948100000,0.00014679536856514622,0.00014679536856514622,0.00014679536856514622,0E-17,ELIGIBLE,R03b_20260811_FULL_v1,L1_ELIGIBILITY,v2026-08-11,2026-03-21..2026-08-06,baccarat_bet02_101_all_pairs_incl_sentinel,round_win = game_pnl > 0 (decisive only),COMPATIBILITY_ONLY_NOT_PRODUCTION,13461.8174,12030.9580,168.4253,1921,1920,-0.01251133,-0.01264445,-0.00681516,-0.01251133,-168.4253,13461.8174,OK,0.0000,6.7370,4.0000,96.0000,AG03-UNRESOLVED,ALL5_LEVELS_bet23_to_bet27,6.7370,6.7370,6.7370,10.1055,10.1055,4.000000,4.000000,4.000000,6.000000,6.000000,96.000000,96.000000,96.000000,94.000000,94.000000,5.0,40.4221,36.7584,128.0032,131.6669,PENDING_AG03,FALSE,NOT_FOR_ENFORCEMENT,161.6883,11549.7197,168.4253,161.6883,6.7370,0.01251133,0.01201088,6.7370,161.6883,0.01201088,6.7370,6.7370,6.7370,10.1055,10.1055,161.6883,0.01201088,40.4221,36.7584,128.0032,131.6669,0.00950861,0.00978077,0.00050045,7.0077,6.2661,0.0877,10.5266,0.1689,841.3636,120.0000,7.1725,3.5334,4.0407,6.0611,8.1756,12.1222,16.1629,20.2037,6.0611,0.0,2.666667,3.333333,1.156179,29,150,35,2,0.97716482,0.01251133,0.01264445,0E-8,0.000000,0.893710,0.075482,-0.00582929,2026-06-30,2026-08-06,16,997,296,38,0.421053,2.029941,1.023519,3.257216,,,,,,,,GLOBAL_BASELINE_NO_ENTITY_RANKING,,,NOT_APPLICABLE_GLOBAL_BASELINE,HF9g-P5,,,,X 全窗基线 · 不参与实体赏罚,6874356,688,A168_HF9F_20260827_0900,2026-08-27 09:00:00
2026-07-29,152220872,1302,0,22.4829334097,9.4019539713,9.4019539713,0.6666667,3,3,0.50665070000000000,0.506650700000,0.5543606114942035,0.5543606114942035,0.5543606114942035,0E-17,ELIGIBLE,R03b_20260811_FULL_v1,L1_ELIGIBILITY,v2026-08-11,2026-03-21..2026-08-06,baccarat_bet02_101_all_pairs_incl_sentinel,round_win = game_pnl > 0 (decisive only),COMPATIBILITY_ONLY_NOT_PRODUCTION,13461.8174,12030.9580,168.4253,1921,1920,-0.01251133,-0.01264445,-0.00681516,-0.01251133,-168.4253,13461.8174,OK,0.0000,6.7370,4.0000,96.0000,AG03-UNRESOLVED,ALL5_LEVELS_bet23_to_bet27,6.7370,6.7370,6.7370,10.1055,10.1055,4.000000,4.000000,4.000000,6.000000,6.000000,96.000000,96.000000,96.000000,94.000000,94.000000,5.0,40.4221,36.7584,128.0032,131.6669,PENDING_AG03,FALSE,NOT_FOR_ENFORCEMENT,161.6883,11549.7197,168.4253,161.6883,6.7370,0.01251133,0.01201088,6.7370,161.6883,0.01201088,6.7370,6.7370,6.7370,10.1055,10.1055,161.6883,0.01201088,40.4221,36.7584,128.0032,131.6669,0.00950861,0.00978077,0.00050045,7.0077,6.2661,0.0877,10.5266,0.1689,841.3636,120.0000,7.1725,3.5334,4.0407,6.0611,8.1756,12.1222,16.1629,20.2037,6.0611,0.0,2.666667,3.333333,1.156179,29,150,35,2,0.97716482,0.01251133,0.01264445,0E-8,0.000000,0.893710,0.075482,-0.00582929,2026-06-30,2026-08-06,16,997,296,38,0.421053,2.029941,1.023519,3.257216,,,,,,,,GLOBAL_BASELINE_NO_ENTITY_RANKING,,,NOT_APPLICABLE_GLOBAL_BASELINE,HF9g-P5,,,,X 全窗基线 · 不参与实体赏罚,6874357,688,A168_HF9F_20260827_0900,2026-08-27 09:00:00
2026-07-29,152220872,1306,0,4.0878060745,-4.0878060745,-4.0878060745,0E-7,1,1,0.50665070000000000,0.506650700000,-1.013391052207602,-1.013391052207602,-1.013391052207602,0E-17,ELIGIBLE,R03b_20260811_FULL_v1,L1_ELIGIBILITY,v2026-08-11,2026-03-21..2026-08-06,baccarat_bet02_101_all_pairs_incl_sentinel,round_win = game_pnl > 0 (decisive only),COMPATIBILITY_ONLY_NOT_PRODUCTION,13461.8174,12030.9580,168.4253,1921,1920,-0.01251133,-0.01264445,-0.00681516,-0.01251133,-168.4253,13461.8174,OK,0.0000,6.7370,4.0000,96.0000,AG03-UNRESOLVED,ALL5_LEVELS_bet23_to_bet27,6.7370,6.7370,6.7370,10.1055,10.1055,4.000000,4.000000,4.000000,6.000000,6.000000,96.000000,96.000000,96.000000,94.000000,94.000000,5.0,40.4221,36.7584,128.0032,131.6669,PENDING_AG03,FALSE,NOT_FOR_ENFORCEMENT,161.6883,11549.7197,168.4253,161.6883,6.7370,0.01251133,0.01201088,6.7370,161.6883,0.01201088,6.7370,6.7370,6.7370,10.1055,10.1055,161.6883,0.01201088,40.4221,36.7584,128.0032,131.6669,0.00950861,0.00978077,0.00050045,7.0077,6.2661,0.0877,10.5266,0.1689,841.3636,120.0000,7.1725,3.5334,4.0407,6.0611,8.1756,12.1222,16.1629,20.2037,6.0611,0.0,2.666667,3.333333,1.156179,29,150,35,2,0.97716482,0.01251133,0.01264445,0E-8,0.000000,0.893710,0.075482,-0.00582929,2026-06-30,2026-08-06,16,997,296,38,0.421053,2.029941,1.023519,3.257216,,,,,,,,GLOBAL_BASELINE_NO_ENTITY_RANKING,,,NOT_APPLICABLE_GLOBAL_BASELINE,HF9g-P5,,,,X 全窗基线 · 不参与实体赏罚,6874358,688,A168_HF9F_20260827_0900,2026-08-27 09:00:00
2026-07-29,152220872,1307,0,36.7902546703,29.1256182806,29.1256182806,1.0000000,6,6,0.50665070000000000,0.506650700000,2.2065203483183233,2.2065203483183233,2.2065203483183233,0E-17,ELIGIBLE,R03b_20260811_FULL_v1,L1_ELIGIBILITY,v2026-08-11,2026-03-21..2026-08-06,baccarat_bet02_101_all_pairs_incl_sentinel,round_win = game_pnl > 0 (decisive only),COMPATIBILITY_ONLY_NOT_PRODUCTION,13461.8174,12030.9580,168.4253,1921,1920,-0.01251133,-0.01264445,-0.00681516,-0.01251133,-168.4253,13461.8174,OK,0.0000,6.7370,4.0000,96.0000,AG03-UNRESOLVED,ALL5_LEVELS_bet23_to_bet27,6.7370,6.7370,6.7370,10.1055,10.1055,4.000000,4.000000,4.000000,6.000000,6.000000,96.000000,96.000000,96.000000,94.000000,94.000000,5.0,40.4221,36.7584,128.0032,131.6669,PENDING_AG03,FALSE,NOT_FOR_ENFORCEMENT,161.6883,11549.7197,168.4253,161.6883,6.7370,0.01251133,0.01201088,6.7370,161.6883,0.01201088,6.7370,6.7370,6.7370,10.1055,10.1055,161.6883,0.01201088,40.4221,36.7584,128.0032,131.6669,0.00950861,0.00978077,0.00050045,7.0077,6.2661,0.0877,10.5266,0.1689,841.3636,120.0000,7.1725,3.5334,4.0407,6.0611,8.1756,12.1222,16.1629,20.2037,6.0611,0.0,2.666667,3.333333,1.156179,29,150,35,2,0.97716482,0.01251133,0.01264445,0E-8,0.000000,0.893710,0.075482,-0.00582929,2026-06-30,2026-08-06,16,997,296,38,0.421053,2.029941,1.023519,3.257216,,,,,,,,GLOBAL_BASELINE_NO_ENTITY_RANKING,,,NOT_APPLICABLE_GLOBAL_BASELINE,HF9g-P5,,,,X 全窗基线 · 不参与实体赏罚,6874359,688,A168_HF9F_20260827_0900,2026-08-27 09:00:00
2026-07-29,152220872,1353,0,10.2195151862,-2.0439030372,-2.0439030372,0.5000000,2,2,0.49324550000000000,0.493245500000,0.01910635448239258,0.01910635448239258,0.01910635448239258,0E-17,ELIGIBLE,R03b_20260811_FULL_v1,L1_ELIGIBILITY,v2026-08-11,2026-03-21..2026-08-06,baccarat_bet02_101_all_pairs_incl_sentinel,round_win = game_pnl > 0 (decisive only),COMPATIBILITY_ONLY_NOT_PRODUCTION,13461.8174,12030.9580,168.4253,1921,1920,-0.01251133,-0.01264445,-0.00681516,-0.01251133,-168.4253,13461.8174,OK,0.0000,6.7370,4.0000,96.0000,AG03-UNRESOLVED,ALL5_LEVELS_bet23_to_bet27,6.7370,6.7370,6.7370,10.1055,10.1055,4.000000,4.000000,4.000000,6.000000,6.000000,96.000000,96.000000,96.000000,94.000000,94.000000,5.0,40.4221,36.7584,128.0032,131.6669,PENDING_AG03,FALSE,NOT_FOR_ENFORCEMENT,161.6883,11549.7197,168.4253,161.6883,6.7370,0.01251133,0.01201088,6.7370,161.6883,0.01201088,6.7370,6.7370,6.7370,10.1055,10.1055,161.6883,0.01201088,40.4221,36.7584,128.0032,131.6669,0.00950861,0.00978077,0.00050045,7.0077,6.2661,0.0877,10.5266,0.1689,841.3636,120.0000,7.1725,3.5334,4.0407,6.0611,8.1756,12.1222,16.1629,20.2037,6.0611,0.0,2.666667,3.333333,1.156179,29,150,35,2,0.97716482,0.01251133,0.01264445,0E-8,0.000000,0.893710,0.075482,-0.00582929,2026-06-30,2026-08-06,16,997,296,38,0.421053,2.029941,1.023519,3.257216,,,,,,,,GLOBAL_BASELINE_NO_ENTITY_RANKING,,,NOT_APPLICABLE_GLOBAL_BASELINE,HF9g-P5,,,,X 全窗基线 · 不参与实体赏罚,6874360,688,A168_HF9F_20260827_0900,2026-08-27 09:00:00
2026-07-29,152220872,1363,0,8.1756121490,-0.2043903037,-0.2043903037,0.5000000,2,2,0.50665070000000000,0.506650700000,-0.018812684590367487,-0.018812684590367487,-0.018812684590367487,0E-17,ELIGIBLE,R03b_20260811_FULL_v1,L1_ELIGIBILITY,v2026-08-11,2026-03-21..2026-08-06,baccarat_bet02_101_all_pairs_incl_sentinel,round_win = game_pnl > 0 (decisive only),COMPATIBILITY_ONLY_NOT_PRODUCTION,13461.8174,12030.9580,168.4253,1921,1920,-0.01251133,-0.01264445,-0.00681516,-0.01251133,-168.4253,13461.8174,OK,0.0000,6.7370,4.0000,96.0000,AG03-UNRESOLVED,ALL5_LEVELS_bet23_to_bet27,6.7370,6.7370,6.7370,10.1055,10.1055,4.000000,4.000000,4.000000,6.000000,6.000000,96.000000,96.000000,96.000000,94.000000,94.000000,5.0,40.4221,36.7584,128.0032,131.6669,PENDING_AG03,FALSE,NOT_FOR_ENFORCEMENT,161.6883,11549.7197,168.4253,161.6883,6.7370,0.01251133,0.01201088,6.7370,161.6883,0.01201088,6.7370,6.7370,6.7370,10.1055,10.1055,161.6883,0.01201088,40.4221,36.7584,128.0032,131.6669,0.00950861,0.00978077,0.00050045,7.0077,6.2661,0.0877,10.5266,0.1689,841.3636,120.0000,7.1725,3.5334,4.0407,6.0611,8.1756,12.1222,16.1629,20.2037,6.0611,0.0,2.666667,3.333333,1.156179,29,150,35,2,0.97716482,0.01251133,0.01264445,0E-8,0.000000,0.893710,0.075482,-0.00582929,2026-06-30,2026-08-06,16,997,296,38,0.421053,2.029941,1.023519,3.257216,,,,,,,,GLOBAL_BASELINE_NO_ENTITY_RANKING,,,NOT_APPLICABLE_GLOBAL_BASELINE,HF9g-P5,,,,X 全窗基线 · 不参与实体赏罚,6874361,688,A168_HF9F_20260827_0900,2026-08-27 09:00:00
2026-07-29,152220872,1383,0,38.8341577076,-2.7592691003,-2.7592691003,0.5000000,4,4,0.49994810000000000,0.499948100000,0.00020760000111838688,0.00020760000111838688,0.00020760000111838688,0E-17,ELIGIBLE,R03b_20260811_FULL_v1,L1_ELIGIBILITY,v2026-08-11,2026-03-21..2026-08-06,baccarat_bet02_101_all_pairs_incl_sentinel,round_win = game_pnl > 0 (decisive only),COMPATIBILITY_ONLY_NOT_PRODUCTION,13461.8174,12030.9580,168.4253,1921,1920,-0.01251133,-0.01264445,-0.00681516,-0.01251133,-168.4253,13461.8174,OK,0.0000,6.7370,4.0000,96.0000,AG03-UNRESOLVED,ALL5_LEVELS_bet23_to_bet27,6.7370,6.7370,6.7370,10.1055,10.1055,4.000000,4.000000,4.000000,6.000000,6.000000,96.000000,96.000000,96.000000,94.000000,94.000000,5.0,40.4221,36.7584,128.0032,131.6669,PENDING_AG03,FALSE,NOT_FOR_ENFORCEMENT,161.6883,11549.7197,168.4253,161.6883,6.7370,0.01251133,0.01201088,6.7370,161.6883,0.01201088,6.7370,6.7370,6.7370,10.1055,10.1055,161.6883,0.01201088,40.4221,36.7584,128.0032,131.6669,0.00950861,0.00978077,0.00050045,7.0077,6.2661,0.0877,10.5266,0.1689,841.3636,120.0000,7.1725,3.5334,4.0407,6.0611,8.1756,12.1222,16.1629,20.2037,6.0611,0.0,2.666667,3.333333,1.156179,29,150,35,2,0.97716482,0.01251133,0.01264445,0E-8,0.000000,0.893710,0.075482,-0.00582929,2026-06-30,2026-08-06,16,997,296,38,0.421053,2.029941,1.023519,3.257216,,,,,,,,GLOBAL_BASELINE_NO_ENTITY_RANKING,,,NOT_APPLICABLE_GLOBAL_BASELINE,HF9g-P5,,,,X 全窗基线 · 不参与实体赏罚,6874362,688,A168_HF9F_20260827_0900,2026-08-27 09:00:00
2026-07-29,152220872,1400,0,8.1756121490,7.7668315415,7.7668315415,1.0000000,1,1,0.50665070000000000,0.506650700000,0.9867858985152569,0.9867858985152569,0.9867858985152569,0E-17,ELIGIBLE,R03b_20260811_FULL_v1,L1_ELIGIBILITY,v2026-08-11,2026-03-21..2026-08-06,baccarat_bet02_101_all_pairs_incl_sentinel,round_win = game_pnl > 0 (decisive only),COMPATIBILITY_ONLY_NOT_PRODUCTION,13461.8174,12030.9580,168.4253,1921,1920,-0.01251133,-0.01264445,-0.00681516,-0.01251133,-168.4253,13461.8174,OK,0.0000,6.7370,4.0000,96.0000,AG03-UNRESOLVED,ALL5_LEVELS_bet23_to_bet27,6.7370,6.7370,6.7370,10.1055,10.1055,4.000000,4.000000,4.000000,6.000000,6.000000,96.000000,96.000000,96.000000,94.000000,94.000000,5.0,40.4221,36.7584,128.0032,131.6669,PENDING_AG03,FALSE,NOT_FOR_ENFORCEMENT,161.6883,11549.7197,168.4253,161.6883,6.7370,0.01251133,0.01201088,6.7370,161.6883,0.01201088,6.7370,6.7370,6.7370,10.1055,10.1055,161.6883,0.01201088,40.4221,36.7584,128.0032,131.6669,0.00950861,0.00978077,0.00050045,7.0077,6.2661,0.0877,10.5266,0.1689,841.3636,120.0000,7.1725,3.5334,4.0407,6.0611,8.1756,12.1222,16.1629,20.2037,6.0611,0.0,2.666667,3.333333,1.156179,29,150,35,2,0.97716482,0.01251133,0.01264445,0E-8,0.000000,0.893710,0.075482,-0.00582929,2026-06-30,2026-08-06,16,997,296,38,0.421053,2.029941,1.023519,3.257216,,,,,,,,GLOBAL_BASELINE_NO_ENTITY_RANKING,,,NOT_APPLICABLE_GLOBAL_BASELINE,HF9g-P5,,,,X 全窗基线 · 不参与实体赏罚,6874363,688,A168_HF9F_20260827_0900,2026-08-27 09:00:00
2026-07-29,152220872,1401,0,81.7561214896,-11.4458570086,-11.4458570086,0.3750000,10,10,0.50128862000000000,0.501288620000,-0.7143986892908166,-0.7143986892908166,-0.7143986892908166,0E-17,ELIGIBLE,R03b_20260811_FULL_v1,L1_ELIGIBILITY,v2026-08-11,2026-03-21..2026-08-06,baccarat_bet02_101_all_pairs_incl_sentinel,round_win = game_pnl > 0 (decisive only),COMPATIBILITY_ONLY_NOT_PRODUCTION,13461.8174,12030.9580,168.4253,1921,1920,-0.01251133,-0.01264445,-0.00681516,-0.01251133,-168.4253,13461.8174,OK,0.0000,6.7370,4.0000,96.0000,AG03-UNRESOLVED,ALL5_LEVELS_bet23_to_bet27,6.7370,6.7370,6.7370,10.1055,10.1055,4.000000,4.000000,4.000000,6.000000,6.000000,96.000000,96.000000,96.000000,94.000000,94.000000,5.0,40.4221,36.7584,128.0032,131.6669,PENDING_AG03,FALSE,NOT_FOR_ENFORCEMENT,161.6883,11549.7197,168.4253,161.6883,6.7370,0.01251133,0.01201088,6.7370,161.6883,0.01201088,6.7370,6.7370,6.7370,10.1055,10.1055,161.6883,0.01201088,40.4221,36.7584,128.0032,131.6669,0.00950861,0.00978077,0.00050045,7.0077,6.2661,0.0877,10.5266,0.1689,841.3636,120.0000,7.1725,3.5334,4.0407,6.0611,8.1756,12.1222,16.1629,20.2037,6.0611,0.0,2.666667,3.333333,1.156179,29,150,35,2,0.97716482,0.01251133,0.01264445,0E-8,0.000000,0.893710,0.075482,-0.00582929,2026-06-30,2026-08-06,16,997,296,38,0.421053,2.029941,1.023519,3.257216,,,,,,,,GLOBAL_BASELINE_NO_ENTITY_RANKING,,,NOT_APPLICABLE_GLOBAL_BASELINE,HF9g-P5,,,,X 全窗基线 · 不参与实体赏罚,6874364,688,A168_HF9F_20260827_0900,2026-08-27 09:00:00
2026-07-29,152220872,1485,0,6.1317091117,0E-10,0E-10,,1,1,0.49324550000000000,0.493245500000,,,,0E-17,NO_DECISIVE_ROUND,R03b_20260811_FULL_v1,L1_ELIGIBILITY,v2026-08-11,2026-03-21..2026-08-06,baccarat_bet02_101_all_pairs_incl_sentinel,round_win = game_pnl > 0 (decisive only),COMPATIBILITY_ONLY_NOT_PRODUCTION,13461.8174,12030.9580,168.4253,1921,1920,-0.01251133,-0.01264445,-0.00681516,-0.01251133,-168.4253,13461.8174,OK,0.0000,6.7370,4.0000,96.0000,AG03-UNRESOLVED,ALL5_LEVELS_bet23_to_bet27,6.7370,6.7370,6.7370,10.1055,10.1055,4.000000,4.000000,4.000000,6.000000,6.000000,96.000000,96.000000,96.000000,94.000000,94.000000,5.0,40.4221,36.7584,128.0032,131.6669,PENDING_AG03,FALSE,NOT_FOR_ENFORCEMENT,161.6883,11549.7197,168.4253,161.6883,6.7370,0.01251133,0.01201088,6.7370,161.6883,0.01201088,6.7370,6.7370,6.7370,10.1055,10.1055,161.6883,0.01201088,40.4221,36.7584,128.0032,131.6669,0.00950861,0.00978077,0.00050045,7.0077,6.2661,0.0877,10.5266,0.1689,841.3636,120.0000,7.1725,3.5334,4.0407,6.0611,8.1756,12.1222,16.1629,20.2037,6.0611,0.0,2.666667,3.333333,1.156179,29,150,35,2,0.97716482,0.01251133,0.01264445,0E-8,0.000000,0.893710,0.075482,-0.00582929,2026-06-30,2026-08-06,16,997,296,38,0.421053,2.029941,1.023519,3.257216,,,,,,,,GLOBAL_BASELINE_NO_ENTITY_RANKING,,,NOT_APPLICABLE_GLOBAL_BASELINE,HF9g-P5,,,,X 全窗基线 · 不参与实体赏罚,6874365,688,A168_HF9F_20260827_0900,2026-08-27 09:00:00
2026-07-29,152220872,1509,0,6.1317091117,-6.1317091117,-6.1317091117,0E-7,1,1,0.50665070000000000,0.506650700000,-1.013391052207602,-1.013391052207602,-1.013391052207602,0E-17,ELIGIBLE,R03b_20260811_FULL_v1,L1_ELIGIBILITY,v2026-08-11,2026-03-21..2026-08-06,baccarat_bet02_101_all_pairs_incl_sentinel,round_win = game_pnl > 0 (decisive only),COMPATIBILITY_ONLY_NOT_PRODUCTION,13461.8174,12030.9580,168.4253,1921,1920,-0.01251133,-0.01264445,-0.00681516,-0.01251133,-168.4253,13461.8174,OK,0.0000,6.7370,4.0000,96.0000,AG03-UNRESOLVED,ALL5_LEVELS_bet23_to_bet27,6.7370,6.7370,6.7370,10.1055,10.1055,4.000000,4.000000,4.000000,6.000000,6.000000,96.000000,96.000000,96.000000,94.000000,94.000000,5.0,40.4221,36.7584,128.0032,131.6669,PENDING_AG03,FALSE,NOT_FOR_ENFORCEMENT,161.6883,11549.7197,168.4253,161.6883,6.7370,0.01251133,0.01201088,6.7370,161.6883,0.01201088,6.7370,6.7370,6.7370,10.1055,10.1055,161.6883,0.01201088,40.4221,36.7584,128.0032,131.6669,0.00950861,0.00978077,0.00050045,7.0077,6.2661,0.0877,10.5266,0.1689,841.3636,120.0000,7.1725,3.5334,4.0407,6.0611,8.1756,12.1222,16.1629,20.2037,6.0611,0.0,2.666667,3.333333,1.156179,29,150,35,2,0.97716482,0.01251133,0.01264445,0E-8,0.000000,0.893710,0.075482,-0.00582929,2026-06-30,2026-08-06,16,997,296,38,0.421053,2.029941,1.023519,3.257216,,,,,,,,GLOBAL_BASELINE_NO_ENTITY_RANKING,,,NOT_APPLICABLE_GLOBAL_BASELINE,HF9g-P5,,,,X 全窗基线 · 不参与实体赏罚,6874366,688,A168_HF9F_20260827_0900,2026-08-27 09:00:00
2026-07-29,152220872,1623,0,12.2634182234,12.2634182234,12.2634182234,1.0000000,1,1,0.49324550000000000,0.493245500000,1.01360149184955,1.01360149184955,1.01360149184955,0E-17,ELIGIBLE,R03b_20260811_FULL_v1,L1_ELIGIBILITY,v2026-08-11,2026-03-21..2026-08-06,baccarat_bet02_101_all_pairs_incl_sentinel,round_win = game_pnl > 0 (decisive only),COMPATIBILITY_ONLY_NOT_PRODUCTION,13461.8174,12030.9580,168.4253,1921,1920,-0.01251133,-0.01264445,-0.00681516,-0.01251133,-168.4253,13461.8174,OK,0.0000,6.7370,4.0000,96.0000,AG03-UNRESOLVED,ALL5_LEVELS_bet23_to_bet27,6.7370,6.7370,6.7370,10.1055,10.1055,4.000000,4.000000,4.000000,6.000000,6.000000,96.000000,96.000000,96.000000,94.000000,94.000000,5.0,40.4221,36.7584,128.0032,131.6669,PENDING_AG03,FALSE,NOT_FOR_ENFORCEMENT,161.6883,11549.7197,168.4253,161.6883,6.7370,0.01251133,0.01201088,6.7370,161.6883,0.01201088,6.7370,6.7370,6.7370,10.1055,10.1055,161.6883,0.01201088,40.4221,36.7584,128.0032,131.6669,0.00950861,0.00978077,0.00050045,7.0077,6.2661,0.0877,10.5266,0.1689,841.3636,120.0000,7.1725,3.5334,4.0407,6.0611,8.1756,12.1222,16.1629,20.2037,6.0611,0.0,2.666667,3.333333,1.156179,29,150,35,2,0.97716482,0.01251133,0.01264445,0E-8,0.000000,0.893710,0.075482,-0.00582929,2026-06-30,2026-08-06,16,997,296,38,0.421053,2.029941,1.023519,3.257216,,,,,,,,GLOBAL_BASELINE_NO_ENTITY_RANKING,,,NOT_APPLICABLE_GLOBAL_BASELINE,HF9g-P5,,,,X 全窗基线 · 不参与实体赏罚,6874367,688,A168_HF9F_20260827_0900,2026-08-27 09:00:00
2026-07-29,152220872,1646,0,16.3512242980,-16.3512242980,-16.3512242980,0E-7,2,2,0.49324550000000000,0.493245500000,-1.3952362676504506,-1.3952362676504506,-1.3952362676504506,0E-17,ELIGIBLE,R03b_20260811_FULL_v1,L1_ELIGIBILITY,v2026-08-11,2026-03-21..2026-08-06,baccarat_bet02_101_all_pairs_incl_sentinel,round_win = game_pnl > 0 (decisive only),COMPATIBILITY_ONLY_NOT_PRODUCTION,13461.8174,12030.9580,168.4253,1921,1920,-0.01251133,-0.01264445,-0.00681516,-0.01251133,-168.4253,13461.8174,OK,0.0000,6.7370,4.0000,96.0000,AG03-UNRESOLVED,ALL5_LEVELS_bet23_to_bet27,6.7370,6.7370,6.7370,10.1055,10.1055,4.000000,4.000000,4.000000,6.000000,6.000000,96.000000,96.000000,96.000000,94.000000,94.000000,5.0,40.4221,36.7584,128.0032,131.6669,PENDING_AG03,FALSE,NOT_FOR_ENFORCEMENT,161.6883,11549.7197,168.4253,161.6883,6.7370,0.01251133,0.01201088,6.7370,161.6883,0.01201088,6.7370,6.7370,6.7370,10.1055,10.1055,161.6883,0.01201088,40.4221,36.7584,128.0032,131.6669,0.00950861,0.00978077,0.00050045,7.0077,6.2661,0.0877,10.5266,0.1689,841.3636,120.0000,7.1725,3.5334,4.0407,6.0611,8.1756,12.1222,16.1629,20.2037,6.0611,0.0,2.666667,3.333333,1.156179,29,150,35,2,0.97716482,0.01251133,0.01264445,0E-8,0.000000,0.893710,0.075482,-0.00582929,2026-06-30,2026-08-06,16,997,296,38,0.421053,2.029941,1.023519,3.257216,,,,,,,,GLOBAL_BASELINE_NO_ENTITY_RANKING,,,NOT_APPLICABLE_GLOBAL_BASELINE,HF9g-P5,,,,X 全窗基线 · 不参与实体赏罚,6874368,688,A168_HF9F_20260827_0900,2026-08-27 09:00:00
2026-07-29,152220872,1654,0,6.1317091117,0E-10,0E-10,,1,1,0.50665070000000000,0.506650700000,,,,0E-17,NO_DECISIVE_ROUND,R03b_20260811_FULL_v1,L1_ELIGIBILITY,v2026-08-11,2026-03-21..2026-08-06,baccarat_bet02_101_all_pairs_incl_sentinel,round_win = game_pnl > 0 (decisive only),COMPATIBILITY_ONLY_NOT_PRODUCTION,13461.8174,12030.9580,168.4253,1921,1920,-0.01251133,-0.01264445,-0.00681516,-0.01251133,-168.4253,13461.8174,OK,0.0000,6.7370,4.0000,96.0000,AG03-UNRESOLVED,ALL5_LEVELS_bet23_to_bet27,6.7370,6.7370,6.7370,10.1055,10.1055,4.000000,4.000000,4.000000,6.000000,6.000000,96.000000,96.000000,96.000000,94.000000,94.000000,5.0,40.4221,36.7584,128.0032,131.6669,PENDING_AG03,FALSE,NOT_FOR_ENFORCEMENT,161.6883,11549.7197,168.4253,161.6883,6.7370,0.01251133,0.01201088,6.7370,161.6883,0.01201088,6.7370,6.7370,6.7370,10.1055,10.1055,161.6883,0.01201088,40.4221,36.7584,128.0032,131.6669,0.00950861,0.00978077,0.00050045,7.0077,6.2661,0.0877,10.5266,0.1689,841.3636,120.0000,7.1725,3.5334,4.0407,6.0611,8.1756,12.1222,16.1629,20.2037,6.0611,0.0,2.666667,3.333333,1.156179,29,150,35,2,0.97716482,0.01251133,0.01264445,0E-8,0.000000,0.893710,0.075482,-0.00582929,2026-06-30,2026-08-06,16,997,296,38,0.421053,2.029941,1.023519,3.257216,,,,,,,,GLOBAL_BASELINE_NO_ENTITY_RANKING,,,NOT_APPLICABLE_GLOBAL_BASELINE,HF9g-P5,,,,X 全窗基线 · 不参与实体赏罚,6874369,688,A168_HF9F_20260827_0900,2026-08-27 09:00:00
2026-07-29,152220872,1704,0,26.5707394842,17.9863467277,17.9863467277,0.6666667,3,3,0.49771390000000000,0.497713900000,0.5852756695216578,0.5852756695216578,0.5852756695216578,0E-17,ELIGIBLE,R03b_20260811_FULL_v1,L1_ELIGIBILITY,v2026-08-11,2026-03-21..2026-08-06,baccarat_bet02_101_all_pairs_incl_sentinel,round_win = game_pnl > 0 (decisive only),COMPATIBILITY_ONLY_NOT_PRODUCTION,13461.8174,12030.9580,168.4253,1921,1920,-0.01251133,-0.01264445,-0.00681516,-0.01251133,-168.4253,13461.8174,OK,0.0000,6.7370,4.0000,96.0000,AG03-UNRESOLVED,ALL5_LEVELS_bet23_to_bet27,6.7370,6.7370,6.7370,10.1055,10.1055,4.000000,4.000000,4.000000,6.000000,6.000000,96.000000,96.000000,96.000000,94.000000,94.000000,5.0,40.4221,36.7584,128.0032,131.6669,PENDING_AG03,FALSE,NOT_FOR_ENFORCEMENT,161.6883,11549.7197,168.4253,161.6883,6.7370,0.01251133,0.01201088,6.7370,161.6883,0.01201088,6.7370,6.7370,6.7370,10.1055,10.1055,161.6883,0.01201088,40.4221,36.7584,128.0032,131.6669,0.00950861,0.00978077,0.00050045,7.0077,6.2661,0.0877,10.5266,0.1689,841.3636,120.0000,7.1725,3.5334,4.0407,6.0611,8.1756,12.1222,16.1629,20.2037,6.0611,0.0,2.666667,3.333333,1.156179,29,150,35,2,0.97716482,0.01251133,0.01264445,0E-8,0.000000,0.893710,0.075482,-0.00582929,2026-06-30,2026-08-06,16,997,296,38,0.421053,2.029941,1.023519,3.257216,,,,,,,,GLOBAL_BASELINE_NO_ENTITY_RANKING,,,NOT_APPLICABLE_GLOBAL_BASELINE,HF9g-P5,,,,X 全窗基线 · 不参与实体赏罚,6874370,688,A168_HF9F_20260827_0900,2026-08-27 09:00:00
2026-07-29,152220872,1935,0,28.6146425214,28.6146425214,28.6146425214,1.0000000,3,3,0.49324550000000000,0.493245500000,1.755609282511032,1.7556092825110319,1.755609282511032,0E-17,ELIGIBLE,R03b_20260811_FULL_v1,L1_ELIGIBILITY,v2026-08-11,2026-03-21..2026-08-06,baccarat_bet02_101_all_pairs_incl_sentinel,round_win = game_pnl > 0 (decisive only),COMPATIBILITY_ONLY_NOT_PRODUCTION,13461.8174,12030.9580,168.4253,1921,1920,-0.01251133,-0.01264445,-0.00681516,-0.01251133,-168.4253,13461.8174,OK,0.0000,6.7370,4.0000,96.0000,AG03-UNRESOLVED,ALL5_LEVELS_bet23_to_bet27,6.7370,6.7370,6.7370,10.1055,10.1055,4.000000,4.000000,4.000000,6.000000,6.000000,96.000000,96.000000,96.000000,94.000000,94.000000,5.0,40.4221,36.7584,128.0032,131.6669,PENDING_AG03,FALSE,NOT_FOR_ENFORCEMENT,161.6883,11549.7197,168.4253,161.6883,6.7370,0.01251133,0.01201088,6.7370,161.6883,0.01201088,6.7370,6.7370,6.7370,10.1055,10.1055,161.6883,0.01201088,40.4221,36.7584,128.0032,131.6669,0.00950861,0.00978077,0.00050045,7.0077,6.2661,0.0877,10.5266,0.1689,841.3636,120.0000,7.1725,3.5334,4.0407,6.0611,8.1756,12.1222,16.1629,20.2037,6.0611,0.0,2.666667,3.333333,1.156179,29,150,35,2,0.97716482,0.01251133,0.01264445,0E-8,0.000000,0.893710,0.075482,-0.00582929,2026-06-30,2026-08-06,16,997,296,38,0.421053,2.029941,1.023519,3.257216,,,,,,,,GLOBAL_BASELINE_NO_ENTITY_RANKING,,,NOT_APPLICABLE_GLOBAL_BASELINE,HF9g-P5,,,,X 全窗基线 · 不参与实体赏罚,6874371,688,A168_HF9F_20260827_0900,2026-08-27 09:00:00
2026-07-29,152220872,1942,0,10.2195151862,-2.0439030372,-2.0439030372,0.5000000,2,2,0.49324550000000000,0.493245500000,0.01910635448239258,0.01910635448239258,0.01910635448239258,0E-17,ELIGIBLE,R03b_20260811_FULL_v1,L1_ELIGIBILITY,v2026-08-11,2026-03-21..2026-08-06,baccarat_bet02_101_all_pairs_incl_sentinel,round_win = game_pnl > 0 (decisive only),COMPATIBILITY_ONLY_NOT_PRODUCTION,13461.8174,12030.9580,168.4253,1921,1920,-0.01251133,-0.01264445,-0.00681516,-0.01251133,-168.4253,13461.8174,OK,0.0000,6.7370,4.0000,96.0000,AG03-UNRESOLVED,ALL5_LEVELS_bet23_to_bet27,6.7370,6.7370,6.7370,10.1055,10.1055,4.000000,4.000000,4.000000,6.000000,6.000000,96.000000,96.000000,96.000000,94.000000,94.000000,5.0,40.4221,36.7584,128.0032,131.6669,PENDING_AG03,FALSE,NOT_FOR_ENFORCEMENT,161.6883,11549.7197,168.4253,161.6883,6.7370,0.01251133,0.01201088,6.7370,161.6883,0.01201088,6.7370,6.7370,6.7370,10.1055,10.1055,161.6883,0.01201088,40.4221,36.7584,128.0032,131.6669,0.00950861,0.00978077,0.00050045,7.0077,6.2661,0.0877,10.5266,0.1689,841.3636,120.0000,7.1725,3.5334,4.0407,6.0611,8.1756,12.1222,16.1629,20.2037,6.0611,0.0,2.666667,3.333333,1.156179,29,150,35,2,0.97716482,0.01251133,0.01264445,0E-8,0.000000,0.893710,0.075482,-0.00582929,2026-06-30,2026-08-06,16,997,296,38,0.421053,2.029941,1.023519,3.257216,,,,,,,,GLOBAL_BASELINE_NO_ENTITY_RANKING,,,NOT_APPLICABLE_GLOBAL_BASELINE,HF9g-P5,,,,X 全窗基线 · 不参与实体赏罚,6874372,688,A168_HF9F_20260827_0900,2026-08-27 09:00:00
2026-07-29,152220872,1947,0,16.3512242980,-8.3800024527,-8.3800024527,0.3333333,3,3,0.50218230000000000,0.502182300000,-0.5849155494134425,-0.5849155494134426,-0.5849155494134425,0E-17,ELIGIBLE,R03b_20260811_FULL_v1,L1_ELIGIBILITY,v2026-08-11,2026-03-21..2026-08-06,baccarat_bet02_101_all_pairs_incl_sentinel,round_win = game_pnl > 0 (decisive only),COMPATIBILITY_ONLY_NOT_PRODUCTION,13461.8174,12030.9580,168.4253,1921,1920,-0.01251133,-0.01264445,-0.00681516,-0.01251133,-168.4253,13461.8174,OK,0.0000,6.7370,4.0000,96.0000,AG03-UNRESOLVED,ALL5_LEVELS_bet23_to_bet27,6.7370,6.7370,6.7370,10.1055,10.1055,4.000000,4.000000,4.000000,6.000000,6.000000,96.000000,96.000000,96.000000,94.000000,94.000000,5.0,40.4221,36.7584,128.0032,131.6669,PENDING_AG03,FALSE,NOT_FOR_ENFORCEMENT,161.6883,11549.7197,168.4253,161.6883,6.7370,0.01251133,0.01201088,6.7370,161.6883,0.01201088,6.7370,6.7370,6.7370,10.1055,10.1055,161.6883,0.01201088,40.4221,36.7584,128.0032,131.6669,0.00950861,0.00978077,0.00050045,7.0077,6.2661,0.0877,10.5266,0.1689,841.3636,120.0000,7.1725,3.5334,4.0407,6.0611,8.1756,12.1222,16.1629,20.2037,6.0611,0.0,2.666667,3.333333,1.156179,29,150,35,2,0.97716482,0.01251133,0.01264445,0E-8,0.000000,0.893710,0.075482,-0.00582929,2026-06-30,2026-08-06,16,997,296,38,0.421053,2.029941,1.023519,3.257216,,,,,,,,GLOBAL_BASELINE_NO_ENTITY_RANKING,,,NOT_APPLICABLE_GLOBAL_BASELINE,HF9g-P5,,,,X 全窗基线 · 不参与实体赏罚,6874373,688,A168_HF9F_20260827_0900,2026-08-27 09:00:00
2026-07-29,152220872,1951,0,30.6585455586,-10.4239054899,-10.4239054899,0.5000000,3,3,0.50665070000000000,0.506650700000,-0.018812684590367487,-0.018812684590367487,-0.018812684590367487,0E-17,ELIGIBLE,R03b_20260811_FULL_v1,L1_ELIGIBILITY,v2026-08-11,2026-03-21..2026-08-06,baccarat_bet02_101_all_pairs_incl_sentinel,round_win = game_pnl > 0 (decisive only),COMPATIBILITY_ONLY_NOT_PRODUCTION,13461.8174,12030.9580,168.4253,1921,1920,-0.01251133,-0.01264445,-0.00681516,-0.01251133,-168.4253,13461.8174,OK,0.0000,6.7370,4.0000,96.0000,AG03-UNRESOLVED,ALL5_LEVELS_bet23_to_bet27,6.7370,6.7370,6.7370,10.1055,10.1055,4.000000,4.000000,4.000000,6.000000,6.000000,96.000000,96.000000,96.000000,94.000000,94.000000,5.0,40.4221,36.7584,128.0032,131.6669,PENDING_AG03,FALSE,NOT_FOR_ENFORCEMENT,161.6883,11549.7197,168.4253,161.6883,6.7370,0.01251133,0.01201088,6.7370,161.6883,0.01201088,6.7370,6.7370,6.7370,10.1055,10.1055,161.6883,0.01201088,40.4221,36.7584,128.0032,131.6669,0.00950861,0.00978077,0.00050045,7.0077,6.2661,0.0877,10.5266,0.1689,841.3636,120.0000,7.1725,3.5334,4.0407,6.0611,8.1756,12.1222,16.1629,20.2037,6.0611,0.0,2.666667,3.333333,1.156179,29,150,35,2,0.97716482,0.01251133,0.01264445,0E-8,0.000000,0.893710,0.075482,-0.00582929,2026-06-30,2026-08-06,16,997,296,38,0.421053,2.029941,1.023519,3.257216,,,,,,,,GLOBAL_BASELINE_NO_ENTITY_RANKING,,,NOT_APPLICABLE_GLOBAL_BASELINE,HF9g-P5,,,,X 全窗基线 · 不参与实体赏罚,6874374,688,A168_HF9F_20260827_0900,2026-08-27 09:00:00
2026-07-29,152220872,1957,0,34.7463516331,-34.7463516331,-34.7463516331,0E-7,1,1,0.49324550000000000,0.493245500000,-0.9865810262130424,-0.9865810262130424,-0.9865810262130424,0E-17,ELIGIBLE,R03b_20260811_FULL_v1,L1_ELIGIBILITY,v2026-08-11,2026-03-21..2026-08-06,baccarat_bet02_101_all_pairs_incl_sentinel,round_win = game_pnl > 0 (decisive only),COMPATIBILITY_ONLY_NOT_PRODUCTION,13461.8174,12030.9580,168.4253,1921,1920,-0.01251133,-0.01264445,-0.00681516,-0.01251133,-168.4253,13461.8174,OK,0.0000,6.7370,4.0000,96.0000,AG03-UNRESOLVED,ALL5_LEVELS_bet23_to_bet27,6.7370,6.7370,6.7370,10.1055,10.1055,4.000000,4.000000,4.000000,6.000000,6.000000,96.000000,96.000000,96.000000,94.000000,94.000000,5.0,40.4221,36.7584,128.0032,131.6669,PENDING_AG03,FALSE,NOT_FOR_ENFORCEMENT,161.6883,11549.7197,168.4253,161.6883,6.7370,0.01251133,0.01201088,6.7370,161.6883,0.01201088,6.7370,6.7370,6.7370,10.1055,10.1055,161.6883,0.01201088,40.4221,36.7584,128.0032,131.6669,0.00950861,0.00978077,0.00050045,7.0077,6.2661,0.0877,10.5266,0.1689,841.3636,120.0000,7.1725,3.5334,4.0407,6.0611,8.1756,12.1222,16.1629,20.2037,6.0611,0.0,2.666667,3.333333,1.156179,29,150,35,2,0.97716482,0.01251133,0.01264445,0E-8,0.000000,0.893710,0.075482,-0.00582929,2026-06-30,2026-08-06,16,997,296,38,0.421053,2.029941,1.023519,3.257216,,,,,,,,GLOBAL_BASELINE_NO_ENTITY_RANKING,,,NOT_APPLICABLE_GLOBAL_BASELINE,HF9g-P5,,,,X 全窗基线 · 不参与实体赏罚,6874375,688,A168_HF9F_20260827_0900,2026-08-27 09:00:00
2026-07-29,152220872,1963,0,83.8000245269,6.1317091118,6.1317091118,0.4444444,10,10,0.49726706000000000,0.497267060000,-0.3169404278001119,-0.3169404278001119,-0.3169404278001119,0E-17,ELIGIBLE,R03b_20260811_FULL_v1,L1_ELIGIBILITY,v2026-08-11,2026-03-21..2026-08-06,baccarat_bet02_101_all_pairs_incl_sentinel,round_win = game_pnl > 0 (decisive only),COMPATIBILITY_ONLY_NOT_PRODUCTION,13461.8174,12030.9580,168.4253,1921,1920,-0.01251133,-0.01264445,-0.00681516,-0.01251133,-168.4253,13461.8174,OK,0.0000,6.7370,4.0000,96.0000,AG03-UNRESOLVED,ALL5_LEVELS_bet23_to_bet27,6.7370,6.7370,6.7370,10.1055,10.1055,4.000000,4.000000,4.000000,6.000000,6.000000,96.000000,96.000000,96.000000,94.000000,94.000000,5.0,40.4221,36.7584,128.0032,131.6669,PENDING_AG03,FALSE,NOT_FOR_ENFORCEMENT,161.6883,11549.7197,168.4253,161.6883,6.7370,0.01251133,0.01201088,6.7370,161.6883,0.01201088,6.7370,6.7370,6.7370,10.1055,10.1055,161.6883,0.01201088,40.4221,36.7584,128.0032,131.6669,0.00950861,0.00978077,0.00050045,7.0077,6.2661,0.0877,10.5266,0.1689,841.3636,120.0000,7.1725,3.5334,4.0407,6.0611,8.1756,12.1222,16.1629,20.2037,6.0611,0.0,2.666667,3.333333,1.156179,29,150,35,2,0.97716482,0.01251133,0.01264445,0E-8,0.000000,0.893710,0.075482,-0.00582929,2026-06-30,2026-08-06,16,997,296,38,0.421053,2.029941,1.023519,3.257216,,,,,,,,GLOBAL_BASELINE_NO_ENTITY_RANKING,,,NOT_APPLICABLE_GLOBAL_BASELINE,HF9g-P5,,,,X 全窗基线 · 不参与实体赏罚,6874376,688,A168_HF9F_20260827_0900,2026-08-27 09:00:00
2026-07-29,152220872,1966,0,26.5707394842,6.1317091117,6.1317091117,0.6666667,4,4,0.49659680000000000,0.496596800000,0.5891529468324541,0.589152946832454,0.5891529468324541,0E-17,ELIGIBLE,R03b_20260811_FULL_v1,L1_ELIGIBILITY,v2026-08-11,2026-03-21..2026-08-06,baccarat_bet02_101_all_pairs_incl_sentinel,round_win = game_pnl > 0 (decisive only),COMPATIBILITY_ONLY_NOT_PRODUCTION,13461.8174,12030.9580,168.4253,1921,1920,-0.01251133,-0.01264445,-0.00681516,-0.01251133,-168.4253,13461.8174,OK,0.0000,6.7370,4.0000,96.0000,AG03-UNRESOLVED,ALL5_LEVELS_bet23_to_bet27,6.7370,6.7370,6.7370,10.1055,10.1055,4.000000,4.000000,4.000000,6.000000,6.000000,96.000000,96.000000,96.000000,94.000000,94.000000,5.0,40.4221,36.7584,128.0032,131.6669,PENDING_AG03,FALSE,NOT_FOR_ENFORCEMENT,161.6883,11549.7197,168.4253,161.6883,6.7370,0.01251133,0.01201088,6.7370,161.6883,0.01201088,6.7370,6.7370,6.7370,10.1055,10.1055,161.6883,0.01201088,40.4221,36.7584,128.0032,131.6669,0.00950861,0.00978077,0.00050045,7.0077,6.2661,0.0877,10.5266,0.1689,841.3636,120.0000,7.1725,3.5334,4.0407,6.0611,8.1756,12.1222,16.1629,20.2037,6.0611,0.0,2.666667,3.333333,1.156179,29,150,35,2,0.97716482,0.01251133,0.01264445,0E-8,0.000000,0.893710,0.075482,-0.00582929,2026-06-30,2026-08-06,16,997,296,38,0.421053,2.029941,1.023519,3.257216,,,,,,,,GLOBAL_BASELINE_NO_ENTITY_RANKING,,,NOT_APPLICABLE_GLOBAL_BASELINE,HF9g-P5,,,,X 全窗基线 · 不参与实体赏罚,6874377,688,A168_HF9F_20260827_0900,2026-08-27 09:00:00
2026-07-29,152220872,1994,0,61.3170911173,21.2565915873,21.2565915873,0.7500000,5,5,0.50396966000000000,0.503969660000,0.9841523774297893,0.9841523774297894,0.9841523774297893,0E-17,ELIGIBLE,R03b_20260811_FULL_v1,L1_ELIGIBILITY,v2026-08-11,2026-03-21..2026-08-06,baccarat_bet02_101_all_pairs_incl_sentinel,round_win = game_pnl > 0 (decisive only),COMPATIBILITY_ONLY_NOT_PRODUCTION,13461.8174,12030.9580,168.4253,1921,1920,-0.01251133,-0.01264445,-0.00681516,-0.01251133,-168.4253,13461.8174,OK,0.0000,6.7370,4.0000,96.0000,AG03-UNRESOLVED,ALL5_LEVELS_bet23_to_bet27,6.7370,6.7370,6.7370,10.1055,10.1055,4.000000,4.000000,4.000000,6.000000,6.000000,96.000000,96.000000,96.000000,94.000000,94.000000,5.0,40.4221,36.7584,128.0032,131.6669,PENDING_AG03,FALSE,NOT_FOR_ENFORCEMENT,161.6883,11549.7197,168.4253,161.6883,6.7370,0.01251133,0.01201088,6.7370,161.6883,0.01201088,6.7370,6.7370,6.7370,10.1055,10.1055,161.6883,0.01201088,40.4221,36.7584,128.0032,131.6669,0.00950861,0.00978077,0.00050045,7.0077,6.2661,0.0877,10.5266,0.1689,841.3636,120.0000,7.1725,3.5334,4.0407,6.0611,8.1756,12.1222,16.1629,20.2037,6.0611,0.0,2.666667,3.333333,1.156179,29,150,35,2,0.97716482,0.01251133,0.01264445,0E-8,0.000000,0.893710,0.075482,-0.00582929,2026-06-30,2026-08-06,16,997,296,38,0.421053,2.029941,1.023519,3.257216,,,,,,,,GLOBAL_BASELINE_NO_ENTITY_RANKING,,,NOT_APPLICABLE_GLOBAL_BASELINE,HF9g-P5,,,,X 全窗基线 · 不参与实体赏罚,6874378,688,A168_HF9F_20260827_0900,2026-08-27 09:00:00
2026-07-29,152220872,2101,0,22.4829334097,2.0439030373,2.0439030373,0.5000000,4,4,0.49994810000000000,0.499948100000,0.00020760000111838688,0.00020760000111838688,0.00020760000111838688,0E-17,ELIGIBLE,R03b_20260811_FULL_v1,L1_ELIGIBILITY,v2026-08-11,2026-03-21..2026-08-06,baccarat_bet02_101_all_pairs_incl_sentinel,round_win = game_pnl > 0 (decisive only),COMPATIBILITY_ONLY_NOT_PRODUCTION,13461.8174,12030.9580,168.4253,1921,1920,-0.01251133,-0.01264445,-0.00681516,-0.01251133,-168.4253,13461.8174,OK,0.0000,6.7370,4.0000,96.0000,AG03-UNRESOLVED,ALL5_LEVELS_bet23_to_bet27,6.7370,6.7370,6.7370,10.1055,10.1055,4.000000,4.000000,4.000000,6.000000,6.000000,96.000000,96.000000,96.000000,94.000000,94.000000,5.0,40.4221,36.7584,128.0032,131.6669,PENDING_AG03,FALSE,NOT_FOR_ENFORCEMENT,161.6883,11549.7197,168.4253,161.6883,6.7370,0.01251133,0.01201088,6.7370,161.6883,0.01201088,6.7370,6.7370,6.7370,10.1055,10.1055,161.6883,0.01201088,40.4221,36.7584,128.0032,131.6669,0.00950861,0.00978077,0.00050045,7.0077,6.2661,0.0877,10.5266,0.1689,841.3636,120.0000,7.1725,3.5334,4.0407,6.0611,8.1756,12.1222,16.1629,20.2037,6.0611,0.0,2.666667,3.333333,1.156179,29,150,35,2,0.97716482,0.01251133,0.01264445,0E-8,0.000000,0.893710,0.075482,-0.00582929,2026-06-30,2026-08-06,16,997,296,38,0.421053,2.029941,1.023519,3.257216,,,,,,,,GLOBAL_BASELINE_NO_ENTITY_RANKING,,,NOT_APPLICABLE_GLOBAL_BASELINE,HF9g-P5,,,,X 全窗基线 · 不参与实体赏罚,6874379,688,A168_HF9F_20260827_0900,2026-08-27 09:00:00
2026-07-29,152220872,2106,0,4.0878060745,-4.0878060745,-4.0878060745,0E-7,1,1,0.49324550000000000,0.493245500000,-0.9865810262130424,-0.9865810262130424,-0.9865810262130424,0E-17,ELIGIBLE,R03b_20260811_FULL_v1,L1_ELIGIBILITY,v2026-08-11,2026-03-21..2026-08-06,baccarat_bet02_101_all_pairs_incl_sentinel,round_win = game_pnl > 0 (decisive only),COMPATIBILITY_ONLY_NOT_PRODUCTION,13461.8174,12030.9580,168.4253,1921,1920,-0.01251133,-0.01264445,-0.00681516,-0.01251133,-168.4253,13461.8174,OK,0.0000,6.7370,4.0000,96.0000,AG03-UNRESOLVED,ALL5_LEVELS_bet23_to_bet27,6.7370,6.7370,6.7370,10.1055,10.1055,4.000000,4.000000,4.000000,6.000000,6.000000,96.000000,96.000000,96.000000,94.000000,94.000000,5.0,40.4221,36.7584,128.0032,131.6669,PENDING_AG03,FALSE,NOT_FOR_ENFORCEMENT,161.6883,11549.7197,168.4253,161.6883,6.7370,0.01251133,0.01201088,6.7370,161.6883,0.01201088,6.7370,6.7370,6.7370,10.1055,10.1055,161.6883,0.01201088,40.4221,36.7584,128.0032,131.6669,0.00950861,0.00978077,0.00050045,7.0077,6.2661,0.0877,10.5266,0.1689,841.3636,120.0000,7.1725,3.5334,4.0407,6.0611,8.1756,12.1222,16.1629,20.2037,6.0611,0.0,2.666667,3.333333,1.156179,29,150,35,2,0.97716482,0.01251133,0.01264445,0E-8,0.000000,0.893710,0.075482,-0.00582929,2026-06-30,2026-08-06,16,997,296,38,0.421053,2.029941,1.023519,3.257216,,,,,,,,GLOBAL_BASELINE_NO_ENTITY_RANKING,,,NOT_APPLICABLE_GLOBAL_BASELINE,HF9g-P5,,,,X 全窗基线 · 不参与实体赏罚,6874380,688,A168_HF9F_20260827_0900,2026-08-27 09:00:00
2026-07-29,152220872,2108,0,20.4390303724,-20.4390303724,-20.4390303724,0E-7,1,1,0.49324550000000000,0.493245500000,-0.9865810262130424,-0.9865810262130424,-0.9865810262130424,0E-17,ELIGIBLE,R03b_20260811_FULL_v1,L1_ELIGIBILITY,v2026-08-11,2026-03-21..2026-08-06,baccarat_bet02_101_all_pairs_incl_sentinel,round_win = game_pnl > 0 (decisive only),COMPATIBILITY_ONLY_NOT_PRODUCTION,13461.8174,12030.9580,168.4253,1921,1920,-0.01251133,-0.01264445,-0.00681516,-0.01251133,-168.4253,13461.8174,OK,0.0000,6.7370,4.0000,96.0000,AG03-UNRESOLVED,ALL5_LEVELS_bet23_to_bet27,6.7370,6.7370,6.7370,10.1055,10.1055,4.000000,4.000000,4.000000,6.000000,6.000000,96.000000,96.000000,96.000000,94.000000,94.000000,5.0,40.4221,36.7584,128.0032,131.6669,PENDING_AG03,FALSE,NOT_FOR_ENFORCEMENT,161.6883,11549.7197,168.4253,161.6883,6.7370,0.01251133,0.01201088,6.7370,161.6883,0.01201088,6.7370,6.7370,6.7370,10.1055,10.1055,161.6883,0.01201088,40.4221,36.7584,128.0032,131.6669,0.00950861,0.00978077,0.00050045,7.0077,6.2661,0.0877,10.5266,0.1689,841.3636,120.0000,7.1725,3.5334,4.0407,6.0611,8.1756,12.1222,16.1629,20.2037,6.0611,0.0,2.666667,3.333333,1.156179,29,150,35,2,0.97716482,0.01251133,0.01264445,0E-8,0.000000,0.893710,0.075482,-0.00582929,2026-06-30,2026-08-06,16,997,296,38,0.421053,2.029941,1.023519,3.257216,,,,,,,,GLOBAL_BASELINE_NO_ENTITY_RANKING,,,NOT_APPLICABLE_GLOBAL_BASELINE,HF9g-P5,,,,X 全窗基线 · 不参与实体赏罚,6874381,688,A168_HF9F_20260827_0900,2026-08-27 09:00:00
2026-07-29,152220872,2127,0,8.1756121490,-8.1756121490,-8.1756121490,0E-7,1,1,0.49324550000000000,0.493245500000,-0.9865810262130424,-0.9865810262130424,-0.9865810262130424,0E-17,ELIGIBLE,R03b_20260811_FULL_v1,L1_ELIGIBILITY,v2026-08-11,2026-03-21..2026-08-06,baccarat_bet02_101_all_pairs_incl_sentinel,round_win = game_pnl > 0 (decisive only),COMPATIBILITY_ONLY_NOT_PRODUCTION,13461.8174,12030.9580,168.4253,1921,1920,-0.01251133,-0.01264445,-0.00681516,-0.01251133,-168.4253,13461.8174,OK,0.0000,6.7370,4.0000,96.0000,AG03-UNRESOLVED,ALL5_LEVELS_bet23_to_bet27,6.7370,6.7370,6.7370,10.1055,10.1055,4.000000,4.000000,4.000000,6.000000,6.000000,96.000000,96.000000,96.000000,94.000000,94.000000,5.0,40.4221,36.7584,128.0032,131.6669,PENDING_AG03,FALSE,NOT_FOR_ENFORCEMENT,161.6883,11549.7197,168.4253,161.6883,6.7370,0.01251133,0.01201088,6.7370,161.6883,0.01201088,6.7370,6.7370,6.7370,10.1055,10.1055,161.6883,0.01201088,40.4221,36.7584,128.0032,131.6669,0.00950861,0.00978077,0.00050045,7.0077,6.2661,0.0877,10.5266,0.1689,841.3636,120.0000,7.1725,3.5334,4.0407,6.0611,8.1756,12.1222,16.1629,20.2037,6.0611,0.0,2.666667,3.333333,1.156179,29,150,35,2,0.97716482,0.01251133,0.01264445,0E-8,0.000000,0.893710,0.075482,-0.00582929,2026-06-30,2026-08-06,16,997,296,38,0.421053,2.029941,1.023519,3.257216,,,,,,,,GLOBAL_BASELINE_NO_ENTITY_RANKING,,,NOT_APPLICABLE_GLOBAL_BASELINE,HF9g-P5,,,,X 全窗基线 · 不参与实体赏罚,6874382,688,A168_HF9F_20260827_0900,2026-08-27 09:00:00
2026-07-29,152220872,2147,0,49.0536728937,19.4170788538,19.4170788538,1.0000000,3,3,0.50218230000000000,0.502182300000,0.99564488342984,0.99564488342984,0.99564488342984,0E-17,ELIGIBLE,R03b_20260811_FULL_v1,L1_ELIGIBILITY,v2026-08-11,2026-03-21..2026-08-06,baccarat_bet02_101_all_pairs_incl_sentinel,round_win = game_pnl > 0 (decisive only),COMPATIBILITY_ONLY_NOT_PRODUCTION,13461.8174,12030.9580,168.4253,1921,1920,-0.01251133,-0.01264445,-0.00681516,-0.01251133,-168.4253,13461.8174,OK,0.0000,6.7370,4.0000,96.0000,AG03-UNRESOLVED,ALL5_LEVELS_bet23_to_bet27,6.7370,6.7370,6.7370,10.1055,10.1055,4.000000,4.000000,4.000000,6.000000,6.000000,96.000000,96.000000,96.000000,94.000000,94.000000,5.0,40.4221,36.7584,128.0032,131.6669,PENDING_AG03,FALSE,NOT_FOR_ENFORCEMENT,161.6883,11549.7197,168.4253,161.6883,6.7370,0.01251133,0.01201088,6.7370,161.6883,0.01201088,6.7370,6.7370,6.7370,10.1055,10.1055,161.6883,0.01201088,40.4221,36.7584,128.0032,131.6669,0.00950861,0.00978077,0.00050045,7.0077,6.2661,0.0877,10.5266,0.1689,841.3636,120.0000,7.1725,3.5334,4.0407,6.0611,8.1756,12.1222,16.1629,20.2037,6.0611,0.0,2.666667,3.333333,1.156179,29,150,35,2,0.97716482,0.01251133,0.01264445,0E-8,0.000000,0.893710,0.075482,-0.00582929,2026-06-30,2026-08-06,16,997,296,38,0.421053,2.029941,1.023519,3.257216,,,,,,,,GLOBAL_BASELINE_NO_ENTITY_RANKING,,,NOT_APPLICABLE_GLOBAL_BASELINE,HF9g-P5,,,,X 全窗基线 · 不参与实体赏罚,6874383,688,A168_HF9F_20260827_0900,2026-08-27 09:00:00
2026-07-29,152220872,2156,0,20.4390303724,-12.4678085271,-12.4678085271,0.3333333,3,3,0.50665070000000000,0.506650700000,-0.6004420894325239,-0.6004420894325239,-0.6004420894325239,0E-17,ELIGIBLE,R03b_20260811_FULL_v1,L1_ELIGIBILITY,v2026-08-11,2026-03-21..2026-08-06,baccarat_bet02_101_all_pairs_incl_sentinel,round_win = game_pnl > 0 (decisive only),COMPATIBILITY_ONLY_NOT_PRODUCTION,13461.8174,12030.9580,168.4253,1921,1920,-0.01251133,-0.01264445,-0.00681516,-0.01251133,-168.4253,13461.8174,OK,0.0000,6.7370,4.0000,96.0000,AG03-UNRESOLVED,ALL5_LEVELS_bet23_to_bet27,6.7370,6.7370,6.7370,10.1055,10.1055,4.000000,4.000000,4.000000,6.000000,6.000000,96.000000,96.000000,96.000000,94.000000,94.000000,5.0,40.4221,36.7584,128.0032,131.6669,PENDING_AG03,FALSE,NOT_FOR_ENFORCEMENT,161.6883,11549.7197,168.4253,161.6883,6.7370,0.01251133,0.01201088,6.7370,161.6883,0.01201088,6.7370,6.7370,6.7370,10.1055,10.1055,161.6883,0.01201088,40.4221,36.7584,128.0032,131.6669,0.00950861,0.00978077,0.00050045,7.0077,6.2661,0.0877,10.5266,0.1689,841.3636,120.0000,7.1725,3.5334,4.0407,6.0611,8.1756,12.1222,16.1629,20.2037,6.0611,0.0,2.666667,3.333333,1.156179,29,150,35,2,0.97716482,0.01251133,0.01264445,0E-8,0.000000,0.893710,0.075482,-0.00582929,2026-06-30,2026-08-06,16,997,296,38,0.421053,2.029941,1.023519,3.257216,,,,,,,,GLOBAL_BASELINE_NO_ENTITY_RANKING,,,NOT_APPLICABLE_GLOBAL_BASELINE,HF9g-P5,,,,X 全窗基线 · 不参与实体赏罚,6874384,688,A168_HF9F_20260827_0900,2026-08-27 09:00:00
2026-07-29,152220872,2160,0,12.2634182234,-0.3065854556,-0.3065854556,0.5000000,2,2,0.49994810000000000,0.499948100000,0.00014679536856514622,0.00014679536856514622,0.00014679536856514622,0E-17,ELIGIBLE,R03b_20260811_FULL_v1,L1_ELIGIBILITY,v2026-08-11,2026-03-21..2026-08-06,baccarat_bet02_101_all_pairs_incl_sentinel,round_win = game_pnl > 0 (decisive only),COMPATIBILITY_ONLY_NOT_PRODUCTION,13461.8174,12030.9580,168.4253,1921,1920,-0.01251133,-0.01264445,-0.00681516,-0.01251133,-168.4253,13461.8174,OK,0.0000,6.7370,4.0000,96.0000,AG03-UNRESOLVED,ALL5_LEVELS_bet23_to_bet27,6.7370,6.7370,6.7370,10.1055,10.1055,4.000000,4.000000,4.000000,6.000000,6.000000,96.000000,96.000000,96.000000,94.000000,94.000000,5.0,40.4221,36.7584,128.0032,131.6669,PENDING_AG03,FALSE,NOT_FOR_ENFORCEMENT,161.6883,11549.7197,168.4253,161.6883,6.7370,0.01251133,0.01201088,6.7370,161.6883,0.01201088,6.7370,6.7370,6.7370,10.1055,10.1055,161.6883,0.01201088,40.4221,36.7584,128.0032,131.6669,0.00950861,0.00978077,0.00050045,7.0077,6.2661,0.0877,10.5266,0.1689,841.3636,120.0000,7.1725,3.5334,4.0407,6.0611,8.1756,12.1222,16.1629,20.2037,6.0611,0.0,2.666667,3.333333,1.156179,29,150,35,2,0.97716482,0.01251133,0.01264445,0E-8,0.000000,0.893710,0.075482,-0.00582929,2026-06-30,2026-08-06,16,997,296,38,0.421053,2.029941,1.023519,3.257216,,,,,,,,GLOBAL_BASELINE_NO_ENTITY_RANKING,,,NOT_APPLICABLE_GLOBAL_BASELINE,HF9g-P5,,,,X 全窗基线 · 不参与实体赏罚,6874385,688,A168_HF9F_20260827_0900,2026-08-27 09:00:00
2026-07-29,152220872,2167,0,14.3073212607,5.8251236561,5.8251236561,1.0000000,2,2,0.49994810000000000,0.499948100000,1.0001038053877793,1.0001038053877793,1.0001038053877793,0E-17,ELIGIBLE,R03b_20260811_FULL_v1,L1_ELIGIBILITY,v2026-08-11,2026-03-21..2026-08-06,baccarat_bet02_101_all_pairs_incl_sentinel,round_win = game_pnl > 0 (decisive only),COMPATIBILITY_ONLY_NOT_PRODUCTION,13461.8174,12030.9580,168.4253,1921,1920,-0.01251133,-0.01264445,-0.00681516,-0.01251133,-168.4253,13461.8174,OK,0.0000,6.7370,4.0000,96.0000,AG03-UNRESOLVED,ALL5_LEVELS_bet23_to_bet27,6.7370,6.7370,6.7370,10.1055,10.1055,4.000000,4.000000,4.000000,6.000000,6.000000,96.000000,96.000000,96.000000,94.000000,94.000000,5.0,40.4221,36.7584,128.0032,131.6669,PENDING_AG03,FALSE,NOT_FOR_ENFORCEMENT,161.6883,11549.7197,168.4253,161.6883,6.7370,0.01251133,0.01201088,6.7370,161.6883,0.01201088,6.7370,6.7370,6.7370,10.1055,10.1055,161.6883,0.01201088,40.4221,36.7584,128.0032,131.6669,0.00950861,0.00978077,0.00050045,7.0077,6.2661,0.0877,10.5266,0.1689,841.3636,120.0000,7.1725,3.5334,4.0407,6.0611,8.1756,12.1222,16.1629,20.2037,6.0611,0.0,2.666667,3.333333,1.156179,29,150,35,2,0.97716482,0.01251133,0.01264445,0E-8,0.000000,0.893710,0.075482,-0.00582929,2026-06-30,2026-08-06,16,997,296,38,0.421053,2.029941,1.023519,3.257216,,,,,,,,GLOBAL_BASELINE_NO_ENTITY_RANKING,,,NOT_APPLICABLE_GLOBAL_BASELINE,HF9g-P5,,,,X 全窗基线 · 不参与实体赏罚,6874386,688,A168_HF9F_20260827_0900,2026-08-27 09:00:00
2026-07-29,152220872,2173,0,4.0878060745,-4.0878060745,-4.0878060745,0E-7,1,1,0.49324550000000000,0.493245500000,-0.9865810262130424,-0.9865810262130424,-0.9865810262130424,0E-17,ELIGIBLE,R03b_20260811_FULL_v1,L1_ELIGIBILITY,v2026-08-11,2026-03-21..2026-08-06,baccarat_bet02_101_all_pairs_incl_sentinel,round_win = game_pnl > 0 (decisive only),COMPATIBILITY_ONLY_NOT_PRODUCTION,13461.8174,12030.9580,168.4253,1921,1920,-0.01251133,-0.01264445,-0.00681516,-0.01251133,-168.4253,13461.8174,OK,0.0000,6.7370,4.0000,96.0000,AG03-UNRESOLVED,ALL5_LEVELS_bet23_to_bet27,6.7370,6.7370,6.7370,10.1055,10.1055,4.000000,4.000000,4.000000,6.000000,6.000000,96.000000,96.000000,96.000000,94.000000,94.000000,5.0,40.4221,36.7584,128.0032,131.6669,PENDING_AG03,FALSE,NOT_FOR_ENFORCEMENT,161.6883,11549.7197,168.4253,161.6883,6.7370,0.01251133,0.01201088,6.7370,161.6883,0.01201088,6.7370,6.7370,6.7370,10.1055,10.1055,161.6883,0.01201088,40.4221,36.7584,128.0032,131.6669,0.00950861,0.00978077,0.00050045,7.0077,6.2661,0.0877,10.5266,0.1689,841.3636,120.0000,7.1725,3.5334,4.0407,6.0611,8.1756,12.1222,16.1629,20.2037,6.0611,0.0,2.666667,3.333333,1.156179,29,150,35,2,0.97716482,0.01251133,0.01264445,0E-8,0.000000,0.893710,0.075482,-0.00582929,2026-06-30,2026-08-06,16,997,296,38,0.421053,2.029941,1.023519,3.257216,,,,,,,,GLOBAL_BASELINE_NO_ENTITY_RANKING,,,NOT_APPLICABLE_GLOBAL_BASELINE,HF9g-P5,,,,X 全窗基线 · 不参与实体赏罚,6874387,688,A168_HF9F_20260827_0900,2026-08-27 09:00:00
2026-07-29,152220872,2196,0,14.3073212607,-6.1317091117,-6.1317091117,0E-7,2,2,0.49324550000000000,0.493245500000,-0.9865810262130424,-0.9865810262130424,-0.9865810262130424,0E-17,ELIGIBLE,R03b_20260811_FULL_v1,L1_ELIGIBILITY,v2026-08-11,2026-03-21..2026-08-06,baccarat_bet02_101_all_pairs_incl_sentinel,round_win = game_pnl > 0 (decisive only),COMPATIBILITY_ONLY_NOT_PRODUCTION,13461.8174,12030.9580,168.4253,1921,1920,-0.01251133,-0.01264445,-0.00681516,-0.01251133,-168.4253,13461.8174,OK,0.0000,6.7370,4.0000,96.0000,AG03-UNRESOLVED,ALL5_LEVELS_bet23_to_bet27,6.7370,6.7370,6.7370,10.1055,10.1055,4.000000,4.000000,4.000000,6.000000,6.000000,96.000000,96.000000,96.000000,94.000000,94.000000,5.0,40.4221,36.7584,128.0032,131.6669,PENDING_AG03,FALSE,NOT_FOR_ENFORCEMENT,161.6883,11549.7197,168.4253,161.6883,6.7370,0.01251133,0.01201088,6.7370,161.6883,0.01201088,6.7370,6.7370,6.7370,10.1055,10.1055,161.6883,0.01201088,40.4221,36.7584,128.0032,131.6669,0.00950861,0.00978077,0.00050045,7.0077,6.2661,0.0877,10.5266,0.1689,841.3636,120.0000,7.1725,3.5334,4.0407,6.0611,8.1756,12.1222,16.1629,20.2037,6.0611,0.0,2.666667,3.333333,1.156179,29,150,35,2,0.97716482,0.01251133,0.01264445,0E-8,0.000000,0.893710,0.075482,-0.00582929,2026-06-30,2026-08-06,16,997,296,38,0.421053,2.029941,1.023519,3.257216,,,,,,,,GLOBAL_BASELINE_NO_ENTITY_RANKING,,,NOT_APPLICABLE_GLOBAL_BASELINE,HF9g-P5,,,,X 全窗基线 · 不参与实体赏罚,6874388,688,A168_HF9F_20260827_0900,2026-08-27 09:00:00
2026-07-29,152220872,2201,0,44.9658668192,19.8258594613,19.8258594613,0.6000000,5,5,0.49860758000000000,0.498607580000,0.4534424453485946,0.4534424453485946,0.4534424453485946,0E-17,ELIGIBLE,R03b_20260811_FULL_v1,L1_ELIGIBILITY,v2026-08-11,2026-03-21..2026-08-06,baccarat_bet02_101_all_pairs_incl_sentinel,round_win = game_pnl > 0 (decisive only),COMPATIBILITY_ONLY_NOT_PRODUCTION,13461.8174,12030.9580,168.4253,1921,1920,-0.01251133,-0.01264445,-0.00681516,-0.01251133,-168.4253,13461.8174,OK,0.0000,6.7370,4.0000,96.0000,AG03-UNRESOLVED,ALL5_LEVELS_bet23_to_bet27,6.7370,6.7370,6.7370,10.1055,10.1055,4.000000,4.000000,4.000000,6.000000,6.000000,96.000000,96.000000,96.000000,94.000000,94.000000,5.0,40.4221,36.7584,128.0032,131.6669,PENDING_AG03,FALSE,NOT_FOR_ENFORCEMENT,161.6883,11549.7197,168.4253,161.6883,6.7370,0.01251133,0.01201088,6.7370,161.6883,0.01201088,6.7370,6.7370,6.7370,10.1055,10.1055,161.6883,0.01201088,40.4221,36.7584,128.0032,131.6669,0.00950861,0.00978077,0.00050045,7.0077,6.2661,0.0877,10.5266,0.1689,841.3636,120.0000,7.1725,3.5334,4.0407,6.0611,8.1756,12.1222,16.1629,20.2037,6.0611,0.0,2.666667,3.333333,1.156179,29,150,35,2,0.97716482,0.01251133,0.01264445,0E-8,0.000000,0.893710,0.075482,-0.00582929,2026-06-30,2026-08-06,16,997,296,38,0.421053,2.029941,1.023519,3.257216,,,,,,,,GLOBAL_BASELINE_NO_ENTITY_RANKING,,,NOT_APPLICABLE_GLOBAL_BASELINE,HF9g-P5,,,,X 全窗基线 · 不参与实体赏罚,6874389,688,A168_HF9F_20260827_0900,2026-08-27 09:00:00
2026-07-29,152220872,2209,0,34.7463516331,21.1543964354,21.1543964354,0.7500000,5,5,0.50665070000000000,0.506650700000,0.9734833216690844,0.9734833216690844,0.9734833216690844,0E-17,ELIGIBLE,R03b_20260811_FULL_v1,L1_ELIGIBILITY,v2026-08-11,2026-03-21..2026-08-06,baccarat_bet02_101_all_pairs_incl_sentinel,round_win = game_pnl > 0 (decisive only),COMPATIBILITY_ONLY_NOT_PRODUCTION,13461.8174,12030.9580,168.4253,1921,1920,-0.01251133,-0.01264445,-0.00681516,-0.01251133,-168.4253,13461.8174,OK,0.0000,6.7370,4.0000,96.0000,AG03-UNRESOLVED,ALL5_LEVELS_bet23_to_bet27,6.7370,6.7370,6.7370,10.1055,10.1055,4.000000,4.000000,4.000000,6.000000,6.000000,96.000000,96.000000,96.000000,94.000000,94.000000,5.0,40.4221,36.7584,128.0032,131.6669,PENDING_AG03,FALSE,NOT_FOR_ENFORCEMENT,161.6883,11549.7197,168.4253,161.6883,6.7370,0.01251133,0.01201088,6.7370,161.6883,0.01201088,6.7370,6.7370,6.7370,10.1055,10.1055,161.6883,0.01201088,40.4221,36.7584,128.0032,131.6669,0.00950861,0.00978077,0.00050045,7.0077,6.2661,0.0877,10.5266,0.1689,841.3636,120.0000,7.1725,3.5334,4.0407,6.0611,8.1756,12.1222,16.1629,20.2037,6.0611,0.0,2.666667,3.333333,1.156179,29,150,35,2,0.97716482,0.01251133,0.01264445,0E-8,0.000000,0.893710,0.075482,-0.00582929,2026-06-30,2026-08-06,16,997,296,38,0.421053,2.029941,1.023519,3.257216,,,,,,,,GLOBAL_BASELINE_NO_ENTITY_RANKING,,,NOT_APPLICABLE_GLOBAL_BASELINE,HF9g-P5,,,,X 全窗基线 · 不参与实体赏罚,6874390,688,A168_HF9F_20260827_0900,2026-08-27 09:00:00
2026-07-29,152220872,2216,0,6.1317091117,-6.1317091117,-6.1317091117,0E-7,1,1,0.50665070000000000,0.506650700000,-1.013391052207602,-1.013391052207602,-1.013391052207602,0E-17,ELIGIBLE,R03b_20260811_FULL_v1,L1_ELIGIBILITY,v2026-08-11,2026-03-21..2026-08-06,baccarat_bet02_101_all_pairs_incl_sentinel,round_win = game_pnl > 0 (decisive only),COMPATIBILITY_ONLY_NOT_PRODUCTION,13461.8174,12030.9580,168.4253,1921,1920,-0.01251133,-0.01264445,-0.00681516,-0.01251133,-168.4253,13461.8174,OK,0.0000,6.7370,4.0000,96.0000,AG03-UNRESOLVED,ALL5_LEVELS_bet23_to_bet27,6.7370,6.7370,6.7370,10.1055,10.1055,4.000000,4.000000,4.000000,6.000000,6.000000,96.000000,96.000000,96.000000,94.000000,94.000000,5.0,40.4221,36.7584,128.0032,131.6669,PENDING_AG03,FALSE,NOT_FOR_ENFORCEMENT,161.6883,11549.7197,168.4253,161.6883,6.7370,0.01251133,0.01201088,6.7370,161.6883,0.01201088,6.7370,6.7370,6.7370,10.1055,10.1055,161.6883,0.01201088,40.4221,36.7584,128.0032,131.6669,0.00950861,0.00978077,0.00050045,7.0077,6.2661,0.0877,10.5266,0.1689,841.3636,120.0000,7.1725,3.5334,4.0407,6.0611,8.1756,12.1222,16.1629,20.2037,6.0611,0.0,2.666667,3.333333,1.156179,29,150,35,2,0.97716482,0.01251133,0.01264445,0E-8,0.000000,0.893710,0.075482,-0.00582929,2026-06-30,2026-08-06,16,997,296,38,0.421053,2.029941,1.023519,3.257216,,,,,,,,GLOBAL_BASELINE_NO_ENTITY_RANKING,,,NOT_APPLICABLE_GLOBAL_BASELINE,HF9g-P5,,,,X 全窗基线 · 不参与实体赏罚,6874391,688,A168_HF9F_20260827_0900,2026-08-27 09:00:00
2026-07-29,152220872,2220,0,30.6585455587,-14.7161018682,-14.7161018682,0.3333333,3,3,0.50665070000000000,0.506650700000,-0.6004420894325239,-0.6004420894325239,-0.6004420894325239,0E-17,ELIGIBLE,R03b_20260811_FULL_v1,L1_ELIGIBILITY,v2026-08-11,2026-03-21..2026-08-06,baccarat_bet02_101_all_pairs_incl_sentinel,round_win = game_pnl > 0 (decisive only),COMPATIBILITY_ONLY_NOT_PRODUCTION,13461.8174,12030.9580,168.4253,1921,1920,-0.01251133,-0.01264445,-0.00681516,-0.01251133,-168.4253,13461.8174,OK,0.0000,6.7370,4.0000,96.0000,AG03-UNRESOLVED,ALL5_LEVELS_bet23_to_bet27,6.7370,6.7370,6.7370,10.1055,10.1055,4.000000,4.000000,4.000000,6.000000,6.000000,96.000000,96.000000,96.000000,94.000000,94.000000,5.0,40.4221,36.7584,128.0032,131.6669,PENDING_AG03,FALSE,NOT_FOR_ENFORCEMENT,161.6883,11549.7197,168.4253,161.6883,6.7370,0.01251133,0.01201088,6.7370,161.6883,0.01201088,6.7370,6.7370,6.7370,10.1055,10.1055,161.6883,0.01201088,40.4221,36.7584,128.0032,131.6669,0.00950861,0.00978077,0.00050045,7.0077,6.2661,0.0877,10.5266,0.1689,841.3636,120.0000,7.1725,3.5334,4.0407,6.0611,8.1756,12.1222,16.1629,20.2037,6.0611,0.0,2.666667,3.333333,1.156179,29,150,35,2,0.97716482,0.01251133,0.01264445,0E-8,0.000000,0.893710,0.075482,-0.00582929,2026-06-30,2026-08-06,16,997,296,38,0.421053,2.029941,1.023519,3.257216,,,,,,,,GLOBAL_BASELINE_NO_ENTITY_RANKING,,,NOT_APPLICABLE_GLOBAL_BASELINE,HF9g-P5,,,,X 全窗基线 · 不参与实体赏罚,6874392,688,A168_HF9F_20260827_0900,2026-08-27 09:00:00
2026-07-29,152220872,2223,0,20.4390303724,-4.4965866819,-4.4965866819,0.5000000,2,2,0.50665070000000000,0.506650700000,-0.018812684590367487,-0.018812684590367487,-0.018812684590367487,0E-17,ELIGIBLE,R03b_20260811_FULL_v1,L1_ELIGIBILITY,v2026-08-11,2026-03-21..2026-08-06,baccarat_bet02_101_all_pairs_incl_sentinel,round_win = game_pnl > 0 (decisive only),COMPATIBILITY_ONLY_NOT_PRODUCTION,13461.8174,12030.9580,168.4253,1921,1920,-0.01251133,-0.01264445,-0.00681516,-0.01251133,-168.4253,13461.8174,OK,0.0000,6.7370,4.0000,96.0000,AG03-UNRESOLVED,ALL5_LEVELS_bet23_to_bet27,6.7370,6.7370,6.7370,10.1055,10.1055,4.000000,4.000000,4.000000,6.000000,6.000000,96.000000,96.000000,96.000000,94.000000,94.000000,5.0,40.4221,36.7584,128.0032,131.6669,PENDING_AG03,FALSE,NOT_FOR_ENFORCEMENT,161.6883,11549.7197,168.4253,161.6883,6.7370,0.01251133,0.01201088,6.7370,161.6883,0.01201088,6.7370,6.7370,6.7370,10.1055,10.1055,161.6883,0.01201088,40.4221,36.7584,128.0032,131.6669,0.00950861,0.00978077,0.00050045,7.0077,6.2661,0.0877,10.5266,0.1689,841.3636,120.0000,7.1725,3.5334,4.0407,6.0611,8.1756,12.1222,16.1629,20.2037,6.0611,0.0,2.666667,3.333333,1.156179,29,150,35,2,0.97716482,0.01251133,0.01264445,0E-8,0.000000,0.893710,0.075482,-0.00582929,2026-06-30,2026-08-06,16,997,296,38,0.421053,2.029941,1.023519,3.257216,,,,,,,,GLOBAL_BASELINE_NO_ENTITY_RANKING,,,NOT_APPLICABLE_GLOBAL_BASELINE,HF9g-P5,,,,X 全窗基线 · 不参与实体赏罚,6874393,688,A168_HF9F_20260827_0900,2026-08-27 09:00:00
2026-07-29,152220872,2234,0,44.9658668192,6.8470751749,6.8470751749,0.6000000,5,5,0.50665070000000000,0.506650700000,0.4175076967804994,0.4175076967804994,0.4175076967804994,0E-17,ELIGIBLE,R03b_20260811_FULL_v1,L1_ELIGIBILITY,v2026-08-11,2026-03-21..2026-08-06,baccarat_bet02_101_all_pairs_incl_sentinel,round_win = game_pnl > 0 (decisive only),COMPATIBILITY_ONLY_NOT_PRODUCTION,13461.8174,12030.9580,168.4253,1921,1920,-0.01251133,-0.01264445,-0.00681516,-0.01251133,-168.4253,13461.8174,OK,0.0000,6.7370,4.0000,96.0000,AG03-UNRESOLVED,ALL5_LEVELS_bet23_to_bet27,6.7370,6.7370,6.7370,10.1055,10.1055,4.000000,4.000000,4.000000,6.000000,6.000000,96.000000,96.000000,96.000000,94.000000,94.000000,5.0,40.4221,36.7584,128.0032,131.6669,PENDING_AG03,FALSE,NOT_FOR_ENFORCEMENT,161.6883,11549.7197,168.4253,161.6883,6.7370,0.01251133,0.01201088,6.7370,161.6883,0.01201088,6.7370,6.7370,6.7370,10.1055,10.1055,161.6883,0.01201088,40.4221,36.7584,128.0032,131.6669,0.00950861,0.00978077,0.00050045,7.0077,6.2661,0.0877,10.5266,0.1689,841.3636,120.0000,7.1725,3.5334,4.0407,6.0611,8.1756,12.1222,16.1629,20.2037,6.0611,0.0,2.666667,3.333333,1.156179,29,150,35,2,0.97716482,0.01251133,0.01264445,0E-8,0.000000,0.893710,0.075482,-0.00582929,2026-06-30,2026-08-06,16,997,296,38,0.421053,2.029941,1.023519,3.257216,,,,,,,,GLOBAL_BASELINE_NO_ENTITY_RANKING,,,NOT_APPLICABLE_GLOBAL_BASELINE,HF9g-P5,,,,X 全窗基线 · 不参与实体赏罚,6874394,688,A168_HF9F_20260827_0900,2026-08-27 09:00:00
2026-07-29,152220872,2239,0,20.4390303724,-20.4390303724,-20.4390303724,0E-7,3,3,0.49771390000000000,0.497713900000,-1.724149546644903,-1.724149546644903,-1.724149546644903,0E-17,ELIGIBLE,R03b_20260811_FULL_v1,L1_ELIGIBILITY,v2026-08-11,2026-03-21..2026-08-06,baccarat_bet02_101_all_pairs_incl_sentinel,round_win = game_pnl > 0 (decisive only),COMPATIBILITY_ONLY_NOT_PRODUCTION,13461.8174,12030.9580,168.4253,1921,1920,-0.01251133,-0.01264445,-0.00681516,-0.01251133,-168.4253,13461.8174,OK,0.0000,6.7370,4.0000,96.0000,AG03-UNRESOLVED,ALL5_LEVELS_bet23_to_bet27,6.7370,6.7370,6.7370,10.1055,10.1055,4.000000,4.000000,4.000000,6.000000,6.000000,96.000000,96.000000,96.000000,94.000000,94.000000,5.0,40.4221,36.7584,128.0032,131.6669,PENDING_AG03,FALSE,NOT_FOR_ENFORCEMENT,161.6883,11549.7197,168.4253,161.6883,6.7370,0.01251133,0.01201088,6.7370,161.6883,0.01201088,6.7370,6.7370,6.7370,10.1055,10.1055,161.6883,0.01201088,40.4221,36.7584,128.0032,131.6669,0.00950861,0.00978077,0.00050045,7.0077,6.2661,0.0877,10.5266,0.1689,841.3636,120.0000,7.1725,3.5334,4.0407,6.0611,8.1756,12.1222,16.1629,20.2037,6.0611,0.0,2.666667,3.333333,1.156179,29,150,35,2,0.97716482,0.01251133,0.01264445,0E-8,0.000000,0.893710,0.075482,-0.00582929,2026-06-30,2026-08-06,16,997,296,38,0.421053,2.029941,1.023519,3.257216,,,,,,,,GLOBAL_BASELINE_NO_ENTITY_RANKING,,,NOT_APPLICABLE_GLOBAL_BASELINE,HF9g-P5,,,,X 全窗基线 · 不参与实体赏罚,6874395,688,A168_HF9F_20260827_0900,2026-08-27 09:00:00
2026-07-29,152220872,2246,0,31.0673261660,-0.7153660631,-0.7153660631,0.5000000,5,5,0.50128862000000000,0.501288620000,-0.0051544971185412255,-0.0051544971185412255,-0.0051544971185412255,0E-17,ELIGIBLE,R03b_20260811_FULL_v1,L1_ELIGIBILITY,v2026-08-11,2026-03-21..2026-08-06,baccarat_bet02_101_all_pairs_incl_sentinel,round_win = game_pnl > 0 (decisive only),COMPATIBILITY_ONLY_NOT_PRODUCTION,13461.8174,12030.9580,168.4253,1921,1920,-0.01251133,-0.01264445,-0.00681516,-0.01251133,-168.4253,13461.8174,OK,0.0000,6.7370,4.0000,96.0000,AG03-UNRESOLVED,ALL5_LEVELS_bet23_to_bet27,6.7370,6.7370,6.7370,10.1055,10.1055,4.000000,4.000000,4.000000,6.000000,6.000000,96.000000,96.000000,96.000000,94.000000,94.000000,5.0,40.4221,36.7584,128.0032,131.6669,PENDING_AG03,FALSE,NOT_FOR_ENFORCEMENT,161.6883,11549.7197,168.4253,161.6883,6.7370,0.01251133,0.01201088,6.7370,161.6883,0.01201088,6.7370,6.7370,6.7370,10.1055,10.1055,161.6883,0.01201088,40.4221,36.7584,128.0032,131.6669,0.00950861,0.00978077,0.00050045,7.0077,6.2661,0.0877,10.5266,0.1689,841.3636,120.0000,7.1725,3.5334,4.0407,6.0611,8.1756,12.1222,16.1629,20.2037,6.0611,0.0,2.666667,3.333333,1.156179,29,150,35,2,0.97716482,0.01251133,0.01264445,0E-8,0.000000,0.893710,0.075482,-0.00582929,2026-06-30,2026-08-06,16,997,296,38,0.421053,2.029941,1.023519,3.257216,,,,,,,,GLOBAL_BASELINE_NO_ENTITY_RANKING,,,NOT_APPLICABLE_GLOBAL_BASELINE,HF9g-P5,,,,X 全窗基线 · 不参与实体赏罚,6874396,688,A168_HF9F_20260827_0900,2026-08-27 09:00:00
2026-07-29,152220872,2254,0,61.3170911172,30.3519601030,30.3519601030,0.7142857,8,8,0.49659680000000000,0.496596800000,1.151928143794541,1.151928143794541,1.151928143794541,0E-17,ELIGIBLE,R03b_20260811_FULL_v1,L1_ELIGIBILITY,v2026-08-11,2026-03-21..2026-08-06,baccarat_bet02_101_all_pairs_incl_sentinel,round_win = game_pnl > 0 (decisive only),COMPATIBILITY_ONLY_NOT_PRODUCTION,13461.8174,12030.9580,168.4253,1921,1920,-0.01251133,-0.01264445,-0.00681516,-0.01251133,-168.4253,13461.8174,OK,0.0000,6.7370,4.0000,96.0000,AG03-UNRESOLVED,ALL5_LEVELS_bet23_to_bet27,6.7370,6.7370,6.7370,10.1055,10.1055,4.000000,4.000000,4.000000,6.000000,6.000000,96.000000,96.000000,96.000000,94.000000,94.000000,5.0,40.4221,36.7584,128.0032,131.6669,PENDING_AG03,FALSE,NOT_FOR_ENFORCEMENT,161.6883,11549.7197,168.4253,161.6883,6.7370,0.01251133,0.01201088,6.7370,161.6883,0.01201088,6.7370,6.7370,6.7370,10.1055,10.1055,161.6883,0.01201088,40.4221,36.7584,128.0032,131.6669,0.00950861,0.00978077,0.00050045,7.0077,6.2661,0.0877,10.5266,0.1689,841.3636,120.0000,7.1725,3.5334,4.0407,6.0611,8.1756,12.1222,16.1629,20.2037,6.0611,0.0,2.666667,3.333333,1.156179,29,150,35,2,0.97716482,0.01251133,0.01264445,0E-8,0.000000,0.893710,0.075482,-0.00582929,2026-06-30,2026-08-06,16,997,296,38,0.421053,2.029941,1.023519,3.257216,,,,,,,,GLOBAL_BASELINE_NO_ENTITY_RANKING,,,NOT_APPLICABLE_GLOBAL_BASELINE,HF9g-P5,,,,X 全窗基线 · 不参与实体赏罚,6874397,688,A168_HF9F_20260827_0900,2026-08-27 09:00:00
2026-07-29,152220872,2258,0,14.3073212607,-14.3073212607,-14.3073212607,0E-7,2,2,0.49994810000000000,0.499948100000,-1.4140667746232096,-1.4140667746232096,-1.4140667746232096,0E-17,ELIGIBLE,R03b_20260811_FULL_v1,L1_ELIGIBILITY,v2026-08-11,2026-03-21..2026-08-06,baccarat_bet02_101_all_pairs_incl_sentinel,round_win = game_pnl > 0 (decisive only),COMPATIBILITY_ONLY_NOT_PRODUCTION,13461.8174,12030.9580,168.4253,1921,1920,-0.01251133,-0.01264445,-0.00681516,-0.01251133,-168.4253,13461.8174,OK,0.0000,6.7370,4.0000,96.0000,AG03-UNRESOLVED,ALL5_LEVELS_bet23_to_bet27,6.7370,6.7370,6.7370,10.1055,10.1055,4.000000,4.000000,4.000000,6.000000,6.000000,96.000000,96.000000,96.000000,94.000000,94.000000,5.0,40.4221,36.7584,128.0032,131.6669,PENDING_AG03,FALSE,NOT_FOR_ENFORCEMENT,161.6883,11549.7197,168.4253,161.6883,6.7370,0.01251133,0.01201088,6.7370,161.6883,0.01201088,6.7370,6.7370,6.7370,10.1055,10.1055,161.6883,0.01201088,40.4221,36.7584,128.0032,131.6669,0.00950861,0.00978077,0.00050045,7.0077,6.2661,0.0877,10.5266,0.1689,841.3636,120.0000,7.1725,3.5334,4.0407,6.0611,8.1756,12.1222,16.1629,20.2037,6.0611,0.0,2.666667,3.333333,1.156179,29,150,35,2,0.97716482,0.01251133,0.01264445,0E-8,0.000000,0.893710,0.075482,-0.00582929,2026-06-30,2026-08-06,16,997,296,38,0.421053,2.029941,1.023519,3.257216,,,,,,,,GLOBAL_BASELINE_NO_ENTITY_RANKING,,,NOT_APPLICABLE_GLOBAL_BASELINE,HF9g-P5,,,,X 全窗基线 · 不参与实体赏罚,6874398,688,A168_HF9F_20260827_0900,2026-08-27 09:00:00
2026-07-29,152220872,2266,0,63.3609941545,18.0885418795,18.0885418795,0.5714286,8,8,0.49659680000000000,0.496596800000,0.3959816871769319,0.3959816871769319,0.3959816871769319,0E-17,ELIGIBLE,R03b_20260811_FULL_v1,L1_ELIGIBILITY,v2026-08-11,2026-03-21..2026-08-06,baccarat_bet02_101_all_pairs_incl_sentinel,round_win = game_pnl > 0 (decisive only),COMPATIBILITY_ONLY_NOT_PRODUCTION,13461.8174,12030.9580,168.4253,1921,1920,-0.01251133,-0.01264445,-0.00681516,-0.01251133,-168.4253,13461.8174,OK,0.0000,6.7370,4.0000,96.0000,AG03-UNRESOLVED,ALL5_LEVELS_bet23_to_bet27,6.7370,6.7370,6.7370,10.1055,10.1055,4.000000,4.000000,4.000000,6.000000,6.000000,96.000000,96.000000,96.000000,94.000000,94.000000,5.0,40.4221,36.7584,128.0032,131.6669,PENDING_AG03,FALSE,NOT_FOR_ENFORCEMENT,161.6883,11549.7197,168.4253,161.6883,6.7370,0.01251133,0.01201088,6.7370,161.6883,0.01201088,6.7370,6.7370,6.7370,10.1055,10.1055,161.6883,0.01201088,40.4221,36.7584,128.0032,131.6669,0.00950861,0.00978077,0.00050045,7.0077,6.2661,0.0877,10.5266,0.1689,841.3636,120.0000,7.1725,3.5334,4.0407,6.0611,8.1756,12.1222,16.1629,20.2037,6.0611,0.0,2.666667,3.333333,1.156179,29,150,35,2,0.97716482,0.01251133,0.01264445,0E-8,0.000000,0.893710,0.075482,-0.00582929,2026-06-30,2026-08-06,16,997,296,38,0.421053,2.029941,1.023519,3.257216,,,,,,,,GLOBAL_BASELINE_NO_ENTITY_RANKING,,,NOT_APPLICABLE_GLOBAL_BASELINE,HF9g-P5,,,,X 全窗基线 · 不参与实体赏罚,6874399,688,A168_HF9F_20260827_0900,2026-08-27 09:00:00
2026-07-29,152220872,2271,0,6.1317091117,-6.1317091117,-6.1317091117,0E-7,1,1,0.50665070000000000,0.506650700000,-1.013391052207602,-1.013391052207602,-1.013391052207602,0E-17,ELIGIBLE,R03b_20260811_FULL_v1,L1_ELIGIBILITY,v2026-08-11,2026-03-21..2026-08-06,baccarat_bet02_101_all_pairs_incl_sentinel,round_win = game_pnl > 0 (decisive only),COMPATIBILITY_ONLY_NOT_PRODUCTION,13461.8174,12030.9580,168.4253,1921,1920,-0.01251133,-0.01264445,-0.00681516,-0.01251133,-168.4253,13461.8174,OK,0.0000,6.7370,4.0000,96.0000,AG03-UNRESOLVED,ALL5_LEVELS_bet23_to_bet27,6.7370,6.7370,6.7370,10.1055,10.1055,4.000000,4.000000,4.000000,6.000000,6.000000,96.000000,96.000000,96.000000,94.000000,94.000000,5.0,40.4221,36.7584,128.0032,131.6669,PENDING_AG03,FALSE,NOT_FOR_ENFORCEMENT,161.6883,11549.7197,168.4253,161.6883,6.7370,0.01251133,0.01201088,6.7370,161.6883,0.01201088,6.7370,6.7370,6.7370,10.1055,10.1055,161.6883,0.01201088,40.4221,36.7584,128.0032,131.6669,0.00950861,0.00978077,0.00050045,7.0077,6.2661,0.0877,10.5266,0.1689,841.3636,120.0000,7.1725,3.5334,4.0407,6.0611,8.1756,12.1222,16.1629,20.2037,6.0611,0.0,2.666667,3.333333,1.156179,29,150,35,2,0.97716482,0.01251133,0.01264445,0E-8,0.000000,0.893710,0.075482,-0.00582929,2026-06-30,2026-08-06,16,997,296,38,0.421053,2.029941,1.023519,3.257216,,,,,,,,GLOBAL_BASELINE_NO_ENTITY_RANKING,,,NOT_APPLICABLE_GLOBAL_BASELINE,HF9g-P5,,,,X 全窗基线 · 不参与实体赏罚,6874400,688,A168_HF9F_20260827_0900,2026-08-27 09:00:00
2026-07-29,152220872,2280,0,30.6585455586,-2.0439030372,-2.0439030372,0.5000000,2,2,0.49324550000000000,0.493245500000,0.01910635448239258,0.01910635448239258,0.01910635448239258,0E-17,ELIGIBLE,R03b_20260811_FULL_v1,L1_ELIGIBILITY,v2026-08-11,2026-03-21..2026-08-06,baccarat_bet02_101_all_pairs_incl_sentinel,round_win = game_pnl > 0 (decisive only),COMPATIBILITY_ONLY_NOT_PRODUCTION,13461.8174,12030.9580,168.4253,1921,1920,-0.01251133,-0.01264445,-0.00681516,-0.01251133,-168.4253,13461.8174,OK,0.0000,6.7370,4.0000,96.0000,AG03-UNRESOLVED,ALL5_LEVELS_bet23_to_bet27,6.7370,6.7370,6.7370,10.1055,10.1055,4.000000,4.000000,4.000000,6.000000,6.000000,96.000000,96.000000,96.000000,94.000000,94.000000,5.0,40.4221,36.7584,128.0032,131.6669,PENDING_AG03,FALSE,NOT_FOR_ENFORCEMENT,161.6883,11549.7197,168.4253,161.6883,6.7370,0.01251133,0.01201088,6.7370,161.6883,0.01201088,6.7370,6.7370,6.7370,10.1055,10.1055,161.6883,0.01201088,40.4221,36.7584,128.0032,131.6669,0.00950861,0.00978077,0.00050045,7.0077,6.2661,0.0877,10.5266,0.1689,841.3636,120.0000,7.1725,3.5334,4.0407,6.0611,8.1756,12.1222,16.1629,20.2037,6.0611,0.0,2.666667,3.333333,1.156179,29,150,35,2,0.97716482,0.01251133,0.01264445,0E-8,0.000000,0.893710,0.075482,-0.00582929,2026-06-30,2026-08-06,16,997,296,38,0.421053,2.029941,1.023519,3.257216,,,,,,,,GLOBAL_BASELINE_NO_ENTITY_RANKING,,,NOT_APPLICABLE_GLOBAL_BASELINE,HF9g-P5,,,,X 全窗基线 · 不参与实体赏罚,6874401,688,A168_HF9F_20260827_0900,2026-08-27 09:00:00
2026-07-29,152220872,2287,0,38.8341577076,-10.9348812492,-10.9348812492,0.5000000,4,4,0.50329940000000000,0.503299400000,-0.01319788734859681,-0.01319788734859681,-0.01319788734859681,0E-17,ELIGIBLE,R03b_20260811_FULL_v1,L1_ELIGIBILITY,v2026-08-11,2026-03-21..2026-08-06,baccarat_bet02_101_all_pairs_incl_sentinel,round_win = game_pnl > 0 (decisive only),COMPATIBILITY_ONLY_NOT_PRODUCTION,13461.8174,12030.9580,168.4253,1921,1920,-0.01251133,-0.01264445,-0.00681516,-0.01251133,-168.4253,13461.8174,OK,0.0000,6.7370,4.0000,96.0000,AG03-UNRESOLVED,ALL5_LEVELS_bet23_to_bet27,6.7370,6.7370,6.7370,10.1055,10.1055,4.000000,4.000000,4.000000,6.000000,6.000000,96.000000,96.000000,96.000000,94.000000,94.000000,5.0,40.4221,36.7584,128.0032,131.6669,PENDING_AG03,FALSE,NOT_FOR_ENFORCEMENT,161.6883,11549.7197,168.4253,161.6883,6.7370,0.01251133,0.01201088,6.7370,161.6883,0.01201088,6.7370,6.7370,6.7370,10.1055,10.1055,161.6883,0.01201088,40.4221,36.7584,128.0032,131.6669,0.00950861,0.00978077,0.00050045,7.0077,6.2661,0.0877,10.5266,0.1689,841.3636,120.0000,7.1725,3.5334,4.0407,6.0611,8.1756,12.1222,16.1629,20.2037,6.0611,0.0,2.666667,3.333333,1.156179,29,150,35,2,0.97716482,0.01251133,0.01264445,0E-8,0.000000,0.893710,0.075482,-0.00582929,2026-06-30,2026-08-06,16,997,296,38,0.421053,2.029941,1.023519,3.257216,,,,,,,,GLOBAL_BASELINE_NO_ENTITY_RANKING,,,NOT_APPLICABLE_GLOBAL_BASELINE,HF9g-P5,,,,X 全窗基线 · 不参与实体赏罚,6874402,688,A168_HF9F_20260827_0900,2026-08-27 09:00:00
2026-07-29,152220872,2288,0,12.2634182235,7.7668315415,7.7668315415,1.0000000,2,2,0.49994810000000000,0.499948100000,1.0001038053877793,1.0001038053877793,1.0001038053877793,0E-17,ELIGIBLE,R03b_20260811_FULL_v1,L1_ELIGIBILITY,v2026-08-11,2026-03-21..2026-08-06,baccarat_bet02_101_all_pairs_incl_sentinel,round_win = game_pnl > 0 (decisive only),COMPATIBILITY_ONLY_NOT_PRODUCTION,13461.8174,12030.9580,168.4253,1921,1920,-0.01251133,-0.01264445,-0.00681516,-0.01251133,-168.4253,13461.8174,OK,0.0000,6.7370,4.0000,96.0000,AG03-UNRESOLVED,ALL5_LEVELS_bet23_to_bet27,6.7370,6.7370,6.7370,10.1055,10.1055,4.000000,4.000000,4.000000,6.000000,6.000000,96.000000,96.000000,96.000000,94.000000,94.000000,5.0,40.4221,36.7584,128.0032,131.6669,PENDING_AG03,FALSE,NOT_FOR_ENFORCEMENT,161.6883,11549.7197,168.4253,161.6883,6.7370,0.01251133,0.01201088,6.7370,161.6883,0.01201088,6.7370,6.7370,6.7370,10.1055,10.1055,161.6883,0.01201088,40.4221,36.7584,128.0032,131.6669,0.00950861,0.00978077,0.00050045,7.0077,6.2661,0.0877,10.5266,0.1689,841.3636,120.0000,7.1725,3.5334,4.0407,6.0611,8.1756,12.1222,16.1629,20.2037,6.0611,0.0,2.666667,3.333333,1.156179,29,150,35,2,0.97716482,0.01251133,0.01264445,0E-8,0.000000,0.893710,0.075482,-0.00582929,2026-06-30,2026-08-06,16,997,296,38,0.421053,2.029941,1.023519,3.257216,,,,,,,,GLOBAL_BASELINE_NO_ENTITY_RANKING,,,NOT_APPLICABLE_GLOBAL_BASELINE,HF9g-P5,,,,X 全窗基线 · 不参与实体赏罚,6874403,688,A168_HF9F_20260827_0900,2026-08-27 09:00:00
2026-07-29,152220872,2289,0,12.2634182235,4.0878060745,4.0878060745,0.5000000,2,2,0.49994810000000000,0.499948100000,0.00014679536856514622,0.00014679536856514622,0.00014679536856514622,0E-17,ELIGIBLE,R03b_20260811_FULL_v1,L1_ELIGIBILITY,v2026-08-11,2026-03-21..2026-08-06,baccarat_bet02_101_all_pairs_incl_sentinel,round_win = game_pnl > 0 (decisive only),COMPATIBILITY_ONLY_NOT_PRODUCTION,13461.8174,12030.9580,168.4253,1921,1920,-0.01251133,-0.01264445,-0.00681516,-0.01251133,-168.4253,13461.8174,OK,0.0000,6.7370,4.0000,96.0000,AG03-UNRESOLVED,ALL5_LEVELS_bet23_to_bet27,6.7370,6.7370,6.7370,10.1055,10.1055,4.000000,4.000000,4.000000,6.000000,6.000000,96.000000,96.000000,96.000000,94.000000,94.000000,5.0,40.4221,36.7584,128.0032,131.6669,PENDING_AG03,FALSE,NOT_FOR_ENFORCEMENT,161.6883,11549.7197,168.4253,161.6883,6.7370,0.01251133,0.01201088,6.7370,161.6883,0.01201088,6.7370,6.7370,6.7370,10.1055,10.1055,161.6883,0.01201088,40.4221,36.7584,128.0032,131.6669,0.00950861,0.00978077,0.00050045,7.0077,6.2661,0.0877,10.5266,0.1689,841.3636,120.0000,7.1725,3.5334,4.0407,6.0611,8.1756,12.1222,16.1629,20.2037,6.0611,0.0,2.666667,3.333333,1.156179,29,150,35,2,0.97716482,0.01251133,0.01264445,0E-8,0.000000,0.893710,0.075482,-0.00582929,2026-06-30,2026-08-06,16,997,296,38,0.421053,2.029941,1.023519,3.257216,,,,,,,,GLOBAL_BASELINE_NO_ENTITY_RANKING,,,NOT_APPLICABLE_GLOBAL_BASELINE,HF9g-P5,,,,X 全窗基线 · 不参与实体赏罚,6874404,688,A168_HF9F_20260827_0900,2026-08-27 09:00:00
2026-07-29,152220872,583,0,38.8341577076,16.3512242979,16.3512242979,0.7500000,6,6,0.49547970000000000,0.495479700000,1.0181228076850934,1.0181228076850934,1.0181228076850934,0E-17,ELIGIBLE,R03b_20260811_FULL_v1,L1_ELIGIBILITY,v2026-08-11,2026-03-21..2026-08-06,baccarat_bet02_101_all_pairs_incl_sentinel,round_win = game_pnl > 0 (decisive only),COMPATIBILITY_ONLY_NOT_PRODUCTION,13461.8174,12030.9580,168.4253,1921,1920,-0.01251133,-0.01264445,-0.00681516,-0.01251133,-168.4253,13461.8174,OK,0.0000,6.7370,4.0000,96.0000,AG03-UNRESOLVED,ALL5_LEVELS_bet23_to_bet27,6.7370,6.7370,6.7370,10.1055,10.1055,4.000000,4.000000,4.000000,6.000000,6.000000,96.000000,96.000000,96.000000,94.000000,94.000000,5.0,40.4221,36.7584,128.0032,131.6669,PENDING_AG03,FALSE,NOT_FOR_ENFORCEMENT,161.6883,11549.7197,168.4253,161.6883,6.7370,0.01251133,0.01201088,6.7370,161.6883,0.01201088,6.7370,6.7370,6.7370,10.1055,10.1055,161.6883,0.01201088,40.4221,36.7584,128.0032,131.6669,0.00950861,0.00978077,0.00050045,7.0077,6.2661,0.0877,10.5266,0.1689,841.3636,120.0000,7.1725,3.5334,4.0407,6.0611,8.1756,12.1222,16.1629,20.2037,6.0611,0.0,2.666667,3.333333,1.156179,29,150,35,2,0.97716482,0.01251133,0.01264445,0E-8,0.000000,0.893710,0.075482,-0.00582929,2026-06-30,2026-08-06,16,997,296,38,0.421053,2.029941,1.023519,3.257216,,,,,,,,GLOBAL_BASELINE_NO_ENTITY_RANKING,,,NOT_APPLICABLE_GLOBAL_BASELINE,HF9g-P5,,,,X 全窗基线 · 不参与实体赏罚,6874405,688,A168_HF9F_20260827_0900,2026-08-27 09:00:00
2026-07-29,152220872,763,0,24.5268364469,17.6797612721,17.6797612721,1.0000000,3,3,0.50218230000000000,0.502182300000,1.4080544974538591,1.4080544974538591,1.4080544974538591,0E-17,ELIGIBLE,R03b_20260811_FULL_v1,L1_ELIGIBILITY,v2026-08-11,2026-03-21..2026-08-06,baccarat_bet02_101_all_pairs_incl_sentinel,round_win = game_pnl > 0 (decisive only),COMPATIBILITY_ONLY_NOT_PRODUCTION,13461.8174,12030.9580,168.4253,1921,1920,-0.01251133,-0.01264445,-0.00681516,-0.01251133,-168.4253,13461.8174,OK,0.0000,6.7370,4.0000,96.0000,AG03-UNRESOLVED,ALL5_LEVELS_bet23_to_bet27,6.7370,6.7370,6.7370,10.1055,10.1055,4.000000,4.000000,4.000000,6.000000,6.000000,96.000000,96.000000,96.000000,94.000000,94.000000,5.0,40.4221,36.7584,128.0032,131.6669,PENDING_AG03,FALSE,NOT_FOR_ENFORCEMENT,161.6883,11549.7197,168.4253,161.6883,6.7370,0.01251133,0.01201088,6.7370,161.6883,0.01201088,6.7370,6.7370,6.7370,10.1055,10.1055,161.6883,0.01201088,40.4221,36.7584,128.0032,131.6669,0.00950861,0.00978077,0.00050045,7.0077,6.2661,0.0877,10.5266,0.1689,841.3636,120.0000,7.1725,3.5334,4.0407,6.0611,8.1756,12.1222,16.1629,20.2037,6.0611,0.0,2.666667,3.333333,1.156179,29,150,35,2,0.97716482,0.01251133,0.01264445,0E-8,0.000000,0.893710,0.075482,-0.00582929,2026-06-30,2026-08-06,16,997,296,38,0.421053,2.029941,1.023519,3.257216,,,,,,,,GLOBAL_BASELINE_NO_ENTITY_RANKING,,,NOT_APPLICABLE_GLOBAL_BASELINE,HF9g-P5,,,,X 全窗基线 · 不参与实体赏罚,6874406,688,A168_HF9F_20260827_0900,2026-08-27 09:00:00
2026-07-29,152220872,796,0,4.0878060745,-4.0878060745,-4.0878060745,0E-7,1,1,0.49324550000000000,0.493245500000,-0.9865810262130424,-0.9865810262130424,-0.9865810262130424,0E-17,ELIGIBLE,R03b_20260811_FULL_v1,L1_ELIGIBILITY,v2026-08-11,2026-03-21..2026-08-06,baccarat_bet02_101_all_pairs_incl_sentinel,round_win = game_pnl > 0 (decisive only),COMPATIBILITY_ONLY_NOT_PRODUCTION,13461.8174,12030.9580,168.4253,1921,1920,-0.01251133,-0.01264445,-0.00681516,-0.01251133,-168.4253,13461.8174,OK,0.0000,6.7370,4.0000,96.0000,AG03-UNRESOLVED,ALL5_LEVELS_bet23_to_bet27,6.7370,6.7370,6.7370,10.1055,10.1055,4.000000,4.000000,4.000000,6.000000,6.000000,96.000000,96.000000,96.000000,94.000000,94.000000,5.0,40.4221,36.7584,128.0032,131.6669,PENDING_AG03,FALSE,NOT_FOR_ENFORCEMENT,161.6883,11549.7197,168.4253,161.6883,6.7370,0.01251133,0.01201088,6.7370,161.6883,0.01201088,6.7370,6.7370,6.7370,10.1055,10.1055,161.6883,0.01201088,40.4221,36.7584,128.0032,131.6669,0.00950861,0.00978077,0.00050045,7.0077,6.2661,0.0877,10.5266,0.1689,841.3636,120.0000,7.1725,3.5334,4.0407,6.0611,8.1756,12.1222,16.1629,20.2037,6.0611,0.0,2.666667,3.333333,1.156179,29,150,35,2,0.97716482,0.01251133,0.01264445,0E-8,0.000000,0.893710,0.075482,-0.00582929,2026-06-30,2026-08-06,16,997,296,38,0.421053,2.029941,1.023519,3.257216,,,,,,,,GLOBAL_BASELINE_NO_ENTITY_RANKING,,,NOT_APPLICABLE_GLOBAL_BASELINE,HF9g-P5,,,,X 全窗基线 · 不参与实体赏罚,6874407,688,A168_HF9F_20260827_0900,2026-08-27 09:00:00
2026-07-29,152220872,919,0,83.8000245270,13.6941503494,13.6941503494,0.6363636,13,13,0.49633900769230769,0.496339007692,0.928843208076642,0.9288432080786875,0.928843208076642,3.0769E-13,ELIGIBLE,R03b_20260811_FULL_v1,L1_ELIGIBILITY,v2026-08-11,2026-03-21..2026-08-06,baccarat_bet02_101_all_pairs_incl_sentinel,round_win = game_pnl > 0 (decisive only),COMPATIBILITY_ONLY_NOT_PRODUCTION,13461.8174,12030.9580,168.4253,1921,1920,-0.01251133,-0.01264445,-0.00681516,-0.01251133,-168.4253,13461.8174,OK,0.0000,6.7370,4.0000,96.0000,AG03-UNRESOLVED,ALL5_LEVELS_bet23_to_bet27,6.7370,6.7370,6.7370,10.1055,10.1055,4.000000,4.000000,4.000000,6.000000,6.000000,96.000000,96.000000,96.000000,94.000000,94.000000,5.0,40.4221,36.7584,128.0032,131.6669,PENDING_AG03,FALSE,NOT_FOR_ENFORCEMENT,161.6883,11549.7197,168.4253,161.6883,6.7370,0.01251133,0.01201088,6.7370,161.6883,0.01201088,6.7370,6.7370,6.7370,10.1055,10.1055,161.6883,0.01201088,40.4221,36.7584,128.0032,131.6669,0.00950861,0.00978077,0.00050045,7.0077,6.2661,0.0877,10.5266,0.1689,841.3636,120.0000,7.1725,3.5334,4.0407,6.0611,8.1756,12.1222,16.1629,20.2037,6.0611,0.0,2.666667,3.333333,1.156179,29,150,35,2,0.97716482,0.01251133,0.01264445,0E-8,0.000000,0.893710,0.075482,-0.00582929,2026-06-30,2026-08-06,16,997,296,38,0.421053,2.029941,1.023519,3.257216,,,,,,,,GLOBAL_BASELINE_NO_ENTITY_RANKING,,,NOT_APPLICABLE_GLOBAL_BASELINE,HF9g-P5,,,,X 全窗基线 · 不参与实体赏罚,6874408,688,A168_HF9F_20260827_0900,2026-08-27 09:00:00
2026-07-29,152220872,925,0,30.6585455586,-16.3512242979,-16.3512242979,0E-7,3,3,0.49324550000000000,0.493245500000,-1.3952362676504506,-1.3952362676504506,-1.3952362676504506,0E-17,ELIGIBLE,R03b_20260811_FULL_v1,L1_ELIGIBILITY,v2026-08-11,2026-03-21..2026-08-06,baccarat_bet02_101_all_pairs_incl_sentinel,round_win = game_pnl > 0 (decisive only),COMPATIBILITY_ONLY_NOT_PRODUCTION,13461.8174,12030.9580,168.4253,1921,1920,-0.01251133,-0.01264445,-0.00681516,-0.01251133,-168.4253,13461.8174,OK,0.0000,6.7370,4.0000,96.0000,AG03-UNRESOLVED,ALL5_LEVELS_bet23_to_bet27,6.7370,6.7370,6.7370,10.1055,10.1055,4.000000,4.000000,4.000000,6.000000,6.000000,96.000000,96.000000,96.000000,94.000000,94.000000,5.0,40.4221,36.7584,128.0032,131.6669,PENDING_AG03,FALSE,NOT_FOR_ENFORCEMENT,161.6883,11549.7197,168.4253,161.6883,6.7370,0.01251133,0.01201088,6.7370,161.6883,0.01201088,6.7370,6.7370,6.7370,10.1055,10.1055,161.6883,0.01201088,40.4221,36.7584,128.0032,131.6669,0.00950861,0.00978077,0.00050045,7.0077,6.2661,0.0877,10.5266,0.1689,841.3636,120.0000,7.1725,3.5334,4.0407,6.0611,8.1756,12.1222,16.1629,20.2037,6.0611,0.0,2.666667,3.333333,1.156179,29,150,35,2,0.97716482,0.01251133,0.01264445,0E-8,0.000000,0.893710,0.075482,-0.00582929,2026-06-30,2026-08-06,16,997,296,38,0.421053,2.029941,1.023519,3.257216,,,,,,,,GLOBAL_BASELINE_NO_ENTITY_RANKING,,,NOT_APPLICABLE_GLOBAL_BASELINE,HF9g-P5,,,,X 全窗基线 · 不参与实体赏罚,6874409,688,A168_HF9F_20260827_0900,2026-08-27 09:00:00
2026-07-29,152220872,994,0,14.3073212607,2.0439030373,2.0439030373,0.6666667,3,3,0.49771390000000000,0.497713900000,0.5852756695216578,0.5852756695216578,0.5852756695216578,0E-17,ELIGIBLE,R03b_20260811_FULL_v1,L1_ELIGIBILITY,v2026-08-11,2026-03-21..2026-08-06,baccarat_bet02_101_all_pairs_incl_sentinel,round_win = game_pnl > 0 (decisive only),COMPATIBILITY_ONLY_NOT_PRODUCTION,13461.8174,12030.9580,168.4253,1921,1920,-0.01251133,-0.01264445,-0.00681516,-0.01251133,-168.4253,13461.8174,OK,0.0000,6.7370,4.0000,96.0000,AG03-UNRESOLVED,ALL5_LEVELS_bet23_to_bet27,6.7370,6.7370,6.7370,10.1055,10.1055,4.000000,4.000000,4.000000,6.000000,6.000000,96.000000,96.000000,96.000000,94.000000,94.000000,5.0,40.4221,36.7584,128.0032,131.6669,PENDING_AG03,FALSE,NOT_FOR_ENFORCEMENT,161.6883,11549.7197,168.4253,161.6883,6.7370,0.01251133,0.01201088,6.7370,161.6883,0.01201088,6.7370,6.7370,6.7370,10.1055,10.1055,161.6883,0.01201088,40.4221,36.7584,128.0032,131.6669,0.00950861,0.00978077,0.00050045,7.0077,6.2661,0.0877,10.5266,0.1689,841.3636,120.0000,7.1725,3.5334,4.0407,6.0611,8.1756,12.1222,16.1629,20.2037,6.0611,0.0,2.666667,3.333333,1.156179,29,150,35,2,0.97716482,0.01251133,0.01264445,0E-8,0.000000,0.893710,0.075482,-0.00582929,2026-06-30,2026-08-06,16,997,296,38,0.421053,2.029941,1.023519,3.257216,,,,,,,,GLOBAL_BASELINE_NO_ENTITY_RANKING,,,NOT_APPLICABLE_GLOBAL_BASELINE,HF9g-P5,,,,X 全窗基线 · 不参与实体赏罚,6874410,688,A168_HF9F_20260827_0900,2026-08-27 09:00:00
2026-07-30,152220872,-1,1,259.5756857297,2.7592691003,2.7592691003,0.5365854,46,46,0.50023951739130435,0.500239517391,0.4654540198435992,0.4654540198474966,0.4654540198435992,3.0435E-13,SENTINEL_DEALER,R03b_20260811_FULL_v1,L1_ELIGIBILITY,v2026-08-11,2026-03-21..2026-08-06,baccarat_bet02_101_all_pairs_incl_sentinel,round_win = game_pnl > 0 (decisive only),COMPATIBILITY_ONLY_NOT_PRODUCTION,13461.8174,12030.9580,168.4253,1921,1920,-0.01251133,-0.01264445,-0.00681516,-0.01251133,-168.4253,13461.8174,OK,0.0000,6.7370,4.0000,96.0000,AG03-UNRESOLVED,ALL5_LEVELS_bet23_to_bet27,6.7370,6.7370,6.7370,10.1055,10.1055,4.000000,4.000000,4.000000,6.000000,6.000000,96.000000,96.000000,96.000000,94.000000,94.000000,5.0,40.4221,36.7584,128.0032,131.6669,PENDING_AG03,FALSE,NOT_FOR_ENFORCEMENT,161.6883,11549.7197,168.4253,161.6883,6.7370,0.01251133,0.01201088,6.7370,161.6883,0.01201088,6.7370,6.7370,6.7370,10.1055,10.1055,161.6883,0.01201088,40.4221,36.7584,128.0032,131.6669,0.00950861,0.00978077,0.00050045,7.0077,6.2661,0.0877,10.5266,0.1689,841.3636,120.0000,7.1725,3.5334,4.0407,6.0611,8.1756,12.1222,16.1629,20.2037,6.0611,0.0,2.666667,3.333333,1.156179,29,150,35,2,0.97716482,0.01251133,0.01264445,0E-8,0.000000,0.893710,0.075482,-0.00582929,2026-06-30,2026-08-06,16,997,296,38,0.421053,2.029941,1.023519,3.257216,,,,,,,,GLOBAL_BASELINE_NO_ENTITY_RANKING,,,NOT_APPLICABLE_GLOBAL_BASELINE,HF9g-P5,,,,X 全窗基线 · 不参与实体赏罚,6874411,688,A168_HF9F_20260827_0900,2026-08-27 09:00:00
2026-07-30,152220872,1017,0,8.1756121490,0E-10,0E-10,,1,1,0.49324550000000000,0.493245500000,,,,0E-17,NO_DECISIVE_ROUND,R03b_20260811_FULL_v1,L1_ELIGIBILITY,v2026-08-11,2026-03-21..2026-08-06,baccarat_bet02_101_all_pairs_incl_sentinel,round_win = game_pnl > 0 (decisive only),COMPATIBILITY_ONLY_NOT_PRODUCTION,13461.8174,12030.9580,168.4253,1921,1920,-0.01251133,-0.01264445,-0.00681516,-0.01251133,-168.4253,13461.8174,OK,0.0000,6.7370,4.0000,96.0000,AG03-UNRESOLVED,ALL5_LEVELS_bet23_to_bet27,6.7370,6.7370,6.7370,10.1055,10.1055,4.000000,4.000000,4.000000,6.000000,6.000000,96.000000,96.000000,96.000000,94.000000,94.000000,5.0,40.4221,36.7584,128.0032,131.6669,PENDING_AG03,FALSE,NOT_FOR_ENFORCEMENT,161.6883,11549.7197,168.4253,161.6883,6.7370,0.01251133,0.01201088,6.7370,161.6883,0.01201088,6.7370,6.7370,6.7370,10.1055,10.1055,161.6883,0.01201088,40.4221,36.7584,128.0032,131.6669,0.00950861,0.00978077,0.00050045,7.0077,6.2661,0.0877,10.5266,0.1689,841.3636,120.0000,7.1725,3.5334,4.0407,6.0611,8.1756,12.1222,16.1629,20.2037,6.0611,0.0,2.666667,3.333333,1.156179,29,150,35,2,0.97716482,0.01251133,0.01264445,0E-8,0.000000,0.893710,0.075482,-0.00582929,2026-06-30,2026-08-06,16,997,296,38,0.421053,2.029941,1.023519,3.257216,,,,,,,,GLOBAL_BASELINE_NO_ENTITY_RANKING,,,NOT_APPLICABLE_GLOBAL_BASELINE,HF9g-P5,,,,X 全窗基线 · 不参与实体赏罚,6874412,688,A168_HF9F_20260827_0900,2026-08-27 09:00:00
2026-07-30,152220872,1151,0,6.1317091117,0E-10,0E-10,,1,1,0.50665070000000000,0.506650700000,,,,0E-17,NO_DECISIVE_ROUND,R03b_20260811_FULL_v1,L1_ELIGIBILITY,v2026-08-11,2026-03-21..2026-08-06,baccarat_bet02_101_all_pairs_incl_sentinel,round_win = game_pnl > 0 (decisive only),COMPATIBILITY_ONLY_NOT_PRODUCTION,13461.8174,12030.9580,168.4253,1921,1920,-0.01251133,-0.01264445,-0.00681516,-0.01251133,-168.4253,13461.8174,OK,0.0000,6.7370,4.0000,96.0000,AG03-UNRESOLVED,ALL5_LEVELS_bet23_to_bet27,6.7370,6.7370,6.7370,10.1055,10.1055,4.000000,4.000000,4.000000,6.000000,6.000000,96.000000,96.000000,96.000000,94.000000,94.000000,5.0,40.4221,36.7584,128.0032,131.6669,PENDING_AG03,FALSE,NOT_FOR_ENFORCEMENT,161.6883,11549.7197,168.4253,161.6883,6.7370,0.01251133,0.01201088,6.7370,161.6883,0.01201088,6.7370,6.7370,6.7370,10.1055,10.1055,161.6883,0.01201088,40.4221,36.7584,128.0032,131.6669,0.00950861,0.00978077,0.00050045,7.0077,6.2661,0.0877,10.5266,0.1689,841.3636,120.0000,7.1725,3.5334,4.0407,6.0611,8.1756,12.1222,16.1629,20.2037,6.0611,0.0,2.666667,3.333333,1.156179,29,150,35,2,0.97716482,0.01251133,0.01264445,0E-8,0.000000,0.893710,0.075482,-0.00582929,2026-06-30,2026-08-06,16,997,296,38,0.421053,2.029941,1.023519,3.257216,,,,,,,,GLOBAL_BASELINE_NO_ENTITY_RANKING,,,NOT_APPLICABLE_GLOBAL_BASELINE,HF9g-P5,,,,X 全窗基线 · 不参与实体赏罚,6874413,688,A168_HF9F_20260827_0900,2026-08-27 09:00:00
2026-07-30,152220872,1157,0,25.5487879655,5.4163430487,5.4163430487,0.6666667,4,4,0.50665070000000000,0.506650700000,0.5543606114942035,0.5543606114942035,0.5543606114942035,0E-17,ELIGIBLE,R03b_20260811_FULL_v1,L1_ELIGIBILITY,v2026-08-11,2026-03-21..2026-08-06,baccarat_bet02_101_all_pairs_incl_sentinel,round_win = game_pnl > 0 (decisive only),COMPATIBILITY_ONLY_NOT_PRODUCTION,13461.8174,12030.9580,168.4253,1921,1920,-0.01251133,-0.01264445,-0.00681516,-0.01251133,-168.4253,13461.8174,OK,0.0000,6.7370,4.0000,96.0000,AG03-UNRESOLVED,ALL5_LEVELS_bet23_to_bet27,6.7370,6.7370,6.7370,10.1055,10.1055,4.000000,4.000000,4.000000,6.000000,6.000000,96.000000,96.000000,96.000000,94.000000,94.000000,5.0,40.4221,36.7584,128.0032,131.6669,PENDING_AG03,FALSE,NOT_FOR_ENFORCEMENT,161.6883,11549.7197,168.4253,161.6883,6.7370,0.01251133,0.01201088,6.7370,161.6883,0.01201088,6.7370,6.7370,6.7370,10.1055,10.1055,161.6883,0.01201088,40.4221,36.7584,128.0032,131.6669,0.00950861,0.00978077,0.00050045,7.0077,6.2661,0.0877,10.5266,0.1689,841.3636,120.0000,7.1725,3.5334,4.0407,6.0611,8.1756,12.1222,16.1629,20.2037,6.0611,0.0,2.666667,3.333333,1.156179,29,150,35,2,0.97716482,0.01251133,0.01264445,0E-8,0.000000,0.893710,0.075482,-0.00582929,2026-06-30,2026-08-06,16,997,296,38,0.421053,2.029941,1.023519,3.257216,,,,,,,,GLOBAL_BASELINE_NO_ENTITY_RANKING,,,NOT_APPLICABLE_GLOBAL_BASELINE,HF9g-P5,,,,X 全窗基线 · 不参与实体赏罚,6874414,688,A168_HF9F_20260827_0900,2026-08-27 09:00:00
2026-07-30,152220872,1210,0,10.2195151862,1.8395127335,1.8395127335,0.6666667,3,3,0.50218230000000000,0.502182300000,0.5697959874915163,0.5697959874915164,0.5697959874915163,0E-17,ELIGIBLE,R03b_20260811_FULL_v1,L1_ELIGIBILITY,v2026-08-11,2026-03-21..2026-08-06,baccarat_bet02_101_all_pairs_incl_sentinel,round_win = game_pnl > 0 (decisive only),COMPATIBILITY_ONLY_NOT_PRODUCTION,13461.8174,12030.9580,168.4253,1921,1920,-0.01251133,-0.01264445,-0.00681516,-0.01251133,-168.4253,13461.8174,OK,0.0000,6.7370,4.0000,96.0000,AG03-UNRESOLVED,ALL5_LEVELS_bet23_to_bet27,6.7370,6.7370,6.7370,10.1055,10.1055,4.000000,4.000000,4.000000,6.000000,6.000000,96.000000,96.000000,96.000000,94.000000,94.000000,5.0,40.4221,36.7584,128.0032,131.6669,PENDING_AG03,FALSE,NOT_FOR_ENFORCEMENT,161.6883,11549.7197,168.4253,161.6883,6.7370,0.01251133,0.01201088,6.7370,161.6883,0.01201088,6.7370,6.7370,6.7370,10.1055,10.1055,161.6883,0.01201088,40.4221,36.7584,128.0032,131.6669,0.00950861,0.00978077,0.00050045,7.0077,6.2661,0.0877,10.5266,0.1689,841.3636,120.0000,7.1725,3.5334,4.0407,6.0611,8.1756,12.1222,16.1629,20.2037,6.0611,0.0,2.666667,3.333333,1.156179,29,150,35,2,0.97716482,0.01251133,0.01264445,0E-8,0.000000,0.893710,0.075482,-0.00582929,2026-06-30,2026-08-06,16,997,296,38,0.421053,2.029941,1.023519,3.257216,,,,,,,,GLOBAL_BASELINE_NO_ENTITY_RANKING,,,NOT_APPLICABLE_GLOBAL_BASELINE,HF9g-P5,,,,X 全窗基线 · 不参与实体赏罚,6874415,688,A168_HF9F_20260827_0900,2026-08-27 09:00:00
2026-07-30,152220872,1299,0,4.0878060745,3.8834157708,3.8834157708,1.0000000,1,1,0.50665070000000000,0.506650700000,0.9867858985152569,0.9867858985152569,0.9867858985152569,0E-17,ELIGIBLE,R03b_20260811_FULL_v1,L1_ELIGIBILITY,v2026-08-11,2026-03-21..2026-08-06,baccarat_bet02_101_all_pairs_incl_sentinel,round_win = game_pnl > 0 (decisive only),COMPATIBILITY_ONLY_NOT_PRODUCTION,13461.8174,12030.9580,168.4253,1921,1920,-0.01251133,-0.01264445,-0.00681516,-0.01251133,-168.4253,13461.8174,OK,0.0000,6.7370,4.0000,96.0000,AG03-UNRESOLVED,ALL5_LEVELS_bet23_to_bet27,6.7370,6.7370,6.7370,10.1055,10.1055,4.000000,4.000000,4.000000,6.000000,6.000000,96.000000,96.000000,96.000000,94.000000,94.000000,5.0,40.4221,36.7584,128.0032,131.6669,PENDING_AG03,FALSE,NOT_FOR_ENFORCEMENT,161.6883,11549.7197,168.4253,161.6883,6.7370,0.01251133,0.01201088,6.7370,161.6883,0.01201088,6.7370,6.7370,6.7370,10.1055,10.1055,161.6883,0.01201088,40.4221,36.7584,128.0032,131.6669,0.00950861,0.00978077,0.00050045,7.0077,6.2661,0.0877,10.5266,0.1689,841.3636,120.0000,7.1725,3.5334,4.0407,6.0611,8.1756,12.1222,16.1629,20.2037,6.0611,0.0,2.666667,3.333333,1.156179,29,150,35,2,0.97716482,0.01251133,0.01264445,0E-8,0.000000,0.893710,0.075482,-0.00582929,2026-06-30,2026-08-06,16,997,296,38,0.421053,2.029941,1.023519,3.257216,,,,,,,,GLOBAL_BASELINE_NO_ENTITY_RANKING,,,NOT_APPLICABLE_GLOBAL_BASELINE,HF9g-P5,,,,X 全窗基线 · 不参与实体赏罚,6874416,688,A168_HF9F_20260827_0900,2026-08-27 09:00:00
2026-07-30,152220872,1302,0,34.7463516331,-10.4239054899,-10.4239054899,0.3333333,5,5,0.50396966000000000,0.503969660000,-0.5911202050821986,-0.5911202050821988,-0.5911202050821986,0E-17,ELIGIBLE,R03b_20260811_FULL_v1,L1_ELIGIBILITY,v2026-08-11,2026-03-21..2026-08-06,baccarat_bet02_101_all_pairs_incl_sentinel,round_win = game_pnl > 0 (decisive only),COMPATIBILITY_ONLY_NOT_PRODUCTION,13461.8174,12030.9580,168.4253,1921,1920,-0.01251133,-0.01264445,-0.00681516,-0.01251133,-168.4253,13461.8174,OK,0.0000,6.7370,4.0000,96.0000,AG03-UNRESOLVED,ALL5_LEVELS_bet23_to_bet27,6.7370,6.7370,6.7370,10.1055,10.1055,4.000000,4.000000,4.000000,6.000000,6.000000,96.000000,96.000000,96.000000,94.000000,94.000000,5.0,40.4221,36.7584,128.0032,131.6669,PENDING_AG03,FALSE,NOT_FOR_ENFORCEMENT,161.6883,11549.7197,168.4253,161.6883,6.7370,0.01251133,0.01201088,6.7370,161.6883,0.01201088,6.7370,6.7370,6.7370,10.1055,10.1055,161.6883,0.01201088,40.4221,36.7584,128.0032,131.6669,0.00950861,0.00978077,0.00050045,7.0077,6.2661,0.0877,10.5266,0.1689,841.3636,120.0000,7.1725,3.5334,4.0407,6.0611,8.1756,12.1222,16.1629,20.2037,6.0611,0.0,2.666667,3.333333,1.156179,29,150,35,2,0.97716482,0.01251133,0.01264445,0E-8,0.000000,0.893710,0.075482,-0.00582929,2026-06-30,2026-08-06,16,997,296,38,0.421053,2.029941,1.023519,3.257216,,,,,,,,GLOBAL_BASELINE_NO_ENTITY_RANKING,,,NOT_APPLICABLE_GLOBAL_BASELINE,HF9g-P5,,,,X 全窗基线 · 不参与实体赏罚,6874417,688,A168_HF9F_20260827_0900,2026-08-27 09:00:00
2026-07-30,152220872,1307,0,32.7024485959,-12.2634182234,-12.2634182234,0.3333333,4,4,0.49659680000000000,0.496596800000,-0.5655743394288276,-0.5655743394288276,-0.5655743394288276,0E-17,ELIGIBLE,R03b_20260811_FULL_v1,L1_ELIGIBILITY,v2026-08-11,2026-03-21..2026-08-06,baccarat_bet02_101_all_pairs_incl_sentinel,round_win = game_pnl > 0 (decisive only),COMPATIBILITY_ONLY_NOT_PRODUCTION,13461.8174,12030.9580,168.4253,1921,1920,-0.01251133,-0.01264445,-0.00681516,-0.01251133,-168.4253,13461.8174,OK,0.0000,6.7370,4.0000,96.0000,AG03-UNRESOLVED,ALL5_LEVELS_bet23_to_bet27,6.7370,6.7370,6.7370,10.1055,10.1055,4.000000,4.000000,4.000000,6.000000,6.000000,96.000000,96.000000,96.000000,94.000000,94.000000,5.0,40.4221,36.7584,128.0032,131.6669,PENDING_AG03,FALSE,NOT_FOR_ENFORCEMENT,161.6883,11549.7197,168.4253,161.6883,6.7370,0.01251133,0.01201088,6.7370,161.6883,0.01201088,6.7370,6.7370,6.7370,10.1055,10.1055,161.6883,0.01201088,40.4221,36.7584,128.0032,131.6669,0.00950861,0.00978077,0.00050045,7.0077,6.2661,0.0877,10.5266,0.1689,841.3636,120.0000,7.1725,3.5334,4.0407,6.0611,8.1756,12.1222,16.1629,20.2037,6.0611,0.0,2.666667,3.333333,1.156179,29,150,35,2,0.97716482,0.01251133,0.01264445,0E-8,0.000000,0.893710,0.075482,-0.00582929,2026-06-30,2026-08-06,16,997,296,38,0.421053,2.029941,1.023519,3.257216,,,,,,,,GLOBAL_BASELINE_NO_ENTITY_RANKING,,,NOT_APPLICABLE_GLOBAL_BASELINE,HF9g-P5,,,,X 全窗基线 · 不参与实体赏罚,6874418,688,A168_HF9F_20260827_0900,2026-08-27 09:00:00
2026-07-30,152220872,1325,0,14.3073212606,-10.2195151862,-10.2195151862,0.2000000,5,5,0.50128862000000000,0.501288620000,-1.347408145195933,-1.347408145195933,-1.347408145195933,0E-17,ELIGIBLE,R03b_20260811_FULL_v1,L1_ELIGIBILITY,v2026-08-11,2026-03-21..2026-08-06,baccarat_bet02_101_all_pairs_incl_sentinel,round_win = game_pnl > 0 (decisive only),COMPATIBILITY_ONLY_NOT_PRODUCTION,13461.8174,12030.9580,168.4253,1921,1920,-0.01251133,-0.01264445,-0.00681516,-0.01251133,-168.4253,13461.8174,OK,0.0000,6.7370,4.0000,96.0000,AG03-UNRESOLVED,ALL5_LEVELS_bet23_to_bet27,6.7370,6.7370,6.7370,10.1055,10.1055,4.000000,4.000000,4.000000,6.000000,6.000000,96.000000,96.000000,96.000000,94.000000,94.000000,5.0,40.4221,36.7584,128.0032,131.6669,PENDING_AG03,FALSE,NOT_FOR_ENFORCEMENT,161.6883,11549.7197,168.4253,161.6883,6.7370,0.01251133,0.01201088,6.7370,161.6883,0.01201088,6.7370,6.7370,6.7370,10.1055,10.1055,161.6883,0.01201088,40.4221,36.7584,128.0032,131.6669,0.00950861,0.00978077,0.00050045,7.0077,6.2661,0.0877,10.5266,0.1689,841.3636,120.0000,7.1725,3.5334,4.0407,6.0611,8.1756,12.1222,16.1629,20.2037,6.0611,0.0,2.666667,3.333333,1.156179,29,150,35,2,0.97716482,0.01251133,0.01264445,0E-8,0.000000,0.893710,0.075482,-0.00582929,2026-06-30,2026-08-06,16,997,296,38,0.421053,2.029941,1.023519,3.257216,,,,,,,,GLOBAL_BASELINE_NO_ENTITY_RANKING,,,NOT_APPLICABLE_GLOBAL_BASELINE,HF9g-P5,,,,X 全窗基线 · 不参与实体赏罚,6874419,688,A168_HF9F_20260827_0900,2026-08-27 09:00:00
2026-07-30,152220872,1330,0,4.0878060745,-4.0878060745,-4.0878060745,0E-7,1,1,0.49324550000000000,0.493245500000,-0.9865810262130424,-0.9865810262130424,-0.9865810262130424,0E-17,ELIGIBLE,R03b_20260811_FULL_v1,L1_ELIGIBILITY,v2026-08-11,2026-03-21..2026-08-06,baccarat_bet02_101_all_pairs_incl_sentinel,round_win = game_pnl > 0 (decisive only),COMPATIBILITY_ONLY_NOT_PRODUCTION,13461.8174,12030.9580,168.4253,1921,1920,-0.01251133,-0.01264445,-0.00681516,-0.01251133,-168.4253,13461.8174,OK,0.0000,6.7370,4.0000,96.0000,AG03-UNRESOLVED,ALL5_LEVELS_bet23_to_bet27,6.7370,6.7370,6.7370,10.1055,10.1055,4.000000,4.000000,4.000000,6.000000,6.000000,96.000000,96.000000,96.000000,94.000000,94.000000,5.0,40.4221,36.7584,128.0032,131.6669,PENDING_AG03,FALSE,NOT_FOR_ENFORCEMENT,161.6883,11549.7197,168.4253,161.6883,6.7370,0.01251133,0.01201088,6.7370,161.6883,0.01201088,6.7370,6.7370,6.7370,10.1055,10.1055,161.6883,0.01201088,40.4221,36.7584,128.0032,131.6669,0.00950861,0.00978077,0.00050045,7.0077,6.2661,0.0877,10.5266,0.1689,841.3636,120.0000,7.1725,3.5334,4.0407,6.0611,8.1756,12.1222,16.1629,20.2037,6.0611,0.0,2.666667,3.333333,1.156179,29,150,35,2,0.97716482,0.01251133,0.01264445,0E-8,0.000000,0.893710,0.075482,-0.00582929,2026-06-30,2026-08-06,16,997,296,38,0.421053,2.029941,1.023519,3.257216,,,,,,,,GLOBAL_BASELINE_NO_ENTITY_RANKING,,,NOT_APPLICABLE_GLOBAL_BASELINE,HF9g-P5,,,,X 全窗基线 · 不参与实体赏罚,6874420,688,A168_HF9F_20260827_0900,2026-08-27 09:00:00
2026-07-30,152220872,1331,0,28.6146425214,-16.6578097536,-16.6578097536,0.2500000,4,4,0.50329940000000000,0.503299400000,-1.013219660140378,-1.013219660140378,-1.013219660140378,0E-17,ELIGIBLE,R03b_20260811_FULL_v1,L1_ELIGIBILITY,v2026-08-11,2026-03-21..2026-08-06,baccarat_bet02_101_all_pairs_incl_sentinel,round_win = game_pnl > 0 (decisive only),COMPATIBILITY_ONLY_NOT_PRODUCTION,13461.8174,12030.9580,168.4253,1921,1920,-0.01251133,-0.01264445,-0.00681516,-0.01251133,-168.4253,13461.8174,OK,0.0000,6.7370,4.0000,96.0000,AG03-UNRESOLVED,ALL5_LEVELS_bet23_to_bet27,6.7370,6.7370,6.7370,10.1055,10.1055,4.000000,4.000000,4.000000,6.000000,6.000000,96.000000,96.000000,96.000000,94.000000,94.000000,5.0,40.4221,36.7584,128.0032,131.6669,PENDING_AG03,FALSE,NOT_FOR_ENFORCEMENT,161.6883,11549.7197,168.4253,161.6883,6.7370,0.01251133,0.01201088,6.7370,161.6883,0.01201088,6.7370,6.7370,6.7370,10.1055,10.1055,161.6883,0.01201088,40.4221,36.7584,128.0032,131.6669,0.00950861,0.00978077,0.00050045,7.0077,6.2661,0.0877,10.5266,0.1689,841.3636,120.0000,7.1725,3.5334,4.0407,6.0611,8.1756,12.1222,16.1629,20.2037,6.0611,0.0,2.666667,3.333333,1.156179,29,150,35,2,0.97716482,0.01251133,0.01264445,0E-8,0.000000,0.893710,0.075482,-0.00582929,2026-06-30,2026-08-06,16,997,296,38,0.421053,2.029941,1.023519,3.257216,,,,,,,,GLOBAL_BASELINE_NO_ENTITY_RANKING,,,NOT_APPLICABLE_GLOBAL_BASELINE,HF9g-P5,,,,X 全窗基线 · 不参与实体赏罚,6874421,688,A168_HF9F_20260827_0900,2026-08-27 09:00:00
2026-07-30,152220872,1353,0,6.1317091117,-6.1317091117,-6.1317091117,0E-7,1,1,0.49324550000000000,0.493245500000,-0.9865810262130424,-0.9865810262130424,-0.9865810262130424,0E-17,ELIGIBLE,R03b_20260811_FULL_v1,L1_ELIGIBILITY,v2026-08-11,2026-03-21..2026-08-06,baccarat_bet02_101_all_pairs_incl_sentinel,round_win = game_pnl > 0 (decisive only),COMPATIBILITY_ONLY_NOT_PRODUCTION,13461.8174,12030.9580,168.4253,1921,1920,-0.01251133,-0.01264445,-0.00681516,-0.01251133,-168.4253,13461.8174,OK,0.0000,6.7370,4.0000,96.0000,AG03-UNRESOLVED,ALL5_LEVELS_bet23_to_bet27,6.7370,6.7370,6.7370,10.1055,10.1055,4.000000,4.000000,4.000000,6.000000,6.000000,96.000000,96.000000,96.000000,94.000000,94.000000,5.0,40.4221,36.7584,128.0032,131.6669,PENDING_AG03,FALSE,NOT_FOR_ENFORCEMENT,161.6883,11549.7197,168.4253,161.6883,6.7370,0.01251133,0.01201088,6.7370,161.6883,0.01201088,6.7370,6.7370,6.7370,10.1055,10.1055,161.6883,0.01201088,40.4221,36.7584,128.0032,131.6669,0.00950861,0.00978077,0.00050045,7.0077,6.2661,0.0877,10.5266,0.1689,841.3636,120.0000,7.1725,3.5334,4.0407,6.0611,8.1756,12.1222,16.1629,20.2037,6.0611,0.0,2.666667,3.333333,1.156179,29,150,35,2,0.97716482,0.01251133,0.01264445,0E-8,0.000000,0.893710,0.075482,-0.00582929,2026-06-30,2026-08-06,16,997,296,38,0.421053,2.029941,1.023519,3.257216,,,,,,,,GLOBAL_BASELINE_NO_ENTITY_RANKING,,,NOT_APPLICABLE_GLOBAL_BASELINE,HF9g-P5,,,,X 全窗基线 · 不参与实体赏罚,6874422,688,A168_HF9F_20260827_0900,2026-08-27 09:00:00
2026-07-30,152220872,1382,0,22.4829334097,21.3587867391,21.3587867391,1.0000000,2,2,0.50665070000000000,0.506650700000,1.3955260008387969,1.3955260008387969,1.3955260008387969,0E-17,ELIGIBLE,R03b_20260811_FULL_v1,L1_ELIGIBILITY,v2026-08-11,2026-03-21..2026-08-06,baccarat_bet02_101_all_pairs_incl_sentinel,round_win = game_pnl > 0 (decisive only),COMPATIBILITY_ONLY_NOT_PRODUCTION,13461.8174,12030.9580,168.4253,1921,1920,-0.01251133,-0.01264445,-0.00681516,-0.01251133,-168.4253,13461.8174,OK,0.0000,6.7370,4.0000,96.0000,AG03-UNRESOLVED,ALL5_LEVELS_bet23_to_bet27,6.7370,6.7370,6.7370,10.1055,10.1055,4.000000,4.000000,4.000000,6.000000,6.000000,96.000000,96.000000,96.000000,94.000000,94.000000,5.0,40.4221,36.7584,128.0032,131.6669,PENDING_AG03,FALSE,NOT_FOR_ENFORCEMENT,161.6883,11549.7197,168.4253,161.6883,6.7370,0.01251133,0.01201088,6.7370,161.6883,0.01201088,6.7370,6.7370,6.7370,10.1055,10.1055,161.6883,0.01201088,40.4221,36.7584,128.0032,131.6669,0.00950861,0.00978077,0.00050045,7.0077,6.2661,0.0877,10.5266,0.1689,841.3636,120.0000,7.1725,3.5334,4.0407,6.0611,8.1756,12.1222,16.1629,20.2037,6.0611,0.0,2.666667,3.333333,1.156179,29,150,35,2,0.97716482,0.01251133,0.01264445,0E-8,0.000000,0.893710,0.075482,-0.00582929,2026-06-30,2026-08-06,16,997,296,38,0.421053,2.029941,1.023519,3.257216,,,,,,,,GLOBAL_BASELINE_NO_ENTITY_RANKING,,,NOT_APPLICABLE_GLOBAL_BASELINE,HF9g-P5,,,,X 全窗基线 · 不参与实体赏罚,6874423,688,A168_HF9F_20260827_0900,2026-08-27 09:00:00
2026-07-30,152220872,1383,0,8.1756121490,8.1756121490,8.1756121490,1.0000000,1,1,0.49324550000000000,0.493245500000,1.01360149184955,1.01360149184955,1.01360149184955,0E-17,ELIGIBLE,R03b_20260811_FULL_v1,L1_ELIGIBILITY,v2026-08-11,2026-03-21..2026-08-06,baccarat_bet02_101_all_pairs_incl_sentinel,round_win = game_pnl > 0 (decisive only),COMPATIBILITY_ONLY_NOT_PRODUCTION,13461.8174,12030.9580,168.4253,1921,1920,-0.01251133,-0.01264445,-0.00681516,-0.01251133,-168.4253,13461.8174,OK,0.0000,6.7370,4.0000,96.0000,AG03-UNRESOLVED,ALL5_LEVELS_bet23_to_bet27,6.7370,6.7370,6.7370,10.1055,10.1055,4.000000,4.000000,4.000000,6.000000,6.000000,96.000000,96.000000,96.000000,94.000000,94.000000,5.0,40.4221,36.7584,128.0032,131.6669,PENDING_AG03,FALSE,NOT_FOR_ENFORCEMENT,161.6883,11549.7197,168.4253,161.6883,6.7370,0.01251133,0.01201088,6.7370,161.6883,0.01201088,6.7370,6.7370,6.7370,10.1055,10.1055,161.6883,0.01201088,40.4221,36.7584,128.0032,131.6669,0.00950861,0.00978077,0.00050045,7.0077,6.2661,0.0877,10.5266,0.1689,841.3636,120.0000,7.1725,3.5334,4.0407,6.0611,8.1756,12.1222,16.1629,20.2037,6.0611,0.0,2.666667,3.333333,1.156179,29,150,35,2,0.97716482,0.01251133,0.01264445,0E-8,0.000000,0.893710,0.075482,-0.00582929,2026-06-30,2026-08-06,16,997,296,38,0.421053,2.029941,1.023519,3.257216,,,,,,,,GLOBAL_BASELINE_NO_ENTITY_RANKING,,,NOT_APPLICABLE_GLOBAL_BASELINE,HF9g-P5,,,,X 全窗基线 · 不参与实体赏罚,6874424,688,A168_HF9F_20260827_0900,2026-08-27 09:00:00
2026-07-30,152220872,1384,0,14.3073212607,10.2195151863,10.2195151863,0.6666667,3,3,0.49771390000000000,0.497713900000,0.5852756695216578,0.5852756695216578,0.5852756695216578,0E-17,ELIGIBLE,R03b_20260811_FULL_v1,L1_ELIGIBILITY,v2026-08-11,2026-03-21..2026-08-06,baccarat_bet02_101_all_pairs_incl_sentinel,round_win = game_pnl > 0 (decisive only),COMPATIBILITY_ONLY_NOT_PRODUCTION,13461.8174,12030.9580,168.4253,1921,1920,-0.01251133,-0.01264445,-0.00681516,-0.01251133,-168.4253,13461.8174,OK,0.0000,6.7370,4.0000,96.0000,AG03-UNRESOLVED,ALL5_LEVELS_bet23_to_bet27,6.7370,6.7370,6.7370,10.1055,10.1055,4.000000,4.000000,4.000000,6.000000,6.000000,96.000000,96.000000,96.000000,94.000000,94.000000,5.0,40.4221,36.7584,128.0032,131.6669,PENDING_AG03,FALSE,NOT_FOR_ENFORCEMENT,161.6883,11549.7197,168.4253,161.6883,6.7370,0.01251133,0.01201088,6.7370,161.6883,0.01201088,6.7370,6.7370,6.7370,10.1055,10.1055,161.6883,0.01201088,40.4221,36.7584,128.0032,131.6669,0.00950861,0.00978077,0.00050045,7.0077,6.2661,0.0877,10.5266,0.1689,841.3636,120.0000,7.1725,3.5334,4.0407,6.0611,8.1756,12.1222,16.1629,20.2037,6.0611,0.0,2.666667,3.333333,1.156179,29,150,35,2,0.97716482,0.01251133,0.01264445,0E-8,0.000000,0.893710,0.075482,-0.00582929,2026-06-30,2026-08-06,16,997,296,38,0.421053,2.029941,1.023519,3.257216,,,,,,,,GLOBAL_BASELINE_NO_ENTITY_RANKING,,,NOT_APPLICABLE_GLOBAL_BASELINE,HF9g-P5,,,,X 全窗基线 · 不参与实体赏罚,6874425,688,A168_HF9F_20260827_0900,2026-08-27 09:00:00
2026-07-30,152220872,1385,0,6.1317091117,1.8395127336,1.8395127336,0.5000000,2,2,0.50665070000000000,0.506650700000,-0.018812684590367487,-0.018812684590367487,-0.018812684590367487,0E-17,ELIGIBLE,R03b_20260811_FULL_v1,L1_ELIGIBILITY,v2026-08-11,2026-03-21..2026-08-06,baccarat_bet02_101_all_pairs_incl_sentinel,round_win = game_pnl > 0 (decisive only),COMPATIBILITY_ONLY_NOT_PRODUCTION,13461.8174,12030.9580,168.4253,1921,1920,-0.01251133,-0.01264445,-0.00681516,-0.01251133,-168.4253,13461.8174,OK,0.0000,6.7370,4.0000,96.0000,AG03-UNRESOLVED,ALL5_LEVELS_bet23_to_bet27,6.7370,6.7370,6.7370,10.1055,10.1055,4.000000,4.000000,4.000000,6.000000,6.000000,96.000000,96.000000,96.000000,94.000000,94.000000,5.0,40.4221,36.7584,128.0032,131.6669,PENDING_AG03,FALSE,NOT_FOR_ENFORCEMENT,161.6883,11549.7197,168.4253,161.6883,6.7370,0.01251133,0.01201088,6.7370,161.6883,0.01201088,6.7370,6.7370,6.7370,10.1055,10.1055,161.6883,0.01201088,40.4221,36.7584,128.0032,131.6669,0.00950861,0.00978077,0.00050045,7.0077,6.2661,0.0877,10.5266,0.1689,841.3636,120.0000,7.1725,3.5334,4.0407,6.0611,8.1756,12.1222,16.1629,20.2037,6.0611,0.0,2.666667,3.333333,1.156179,29,150,35,2,0.97716482,0.01251133,0.01264445,0E-8,0.000000,0.893710,0.075482,-0.00582929,2026-06-30,2026-08-06,16,997,296,38,0.421053,2.029941,1.023519,3.257216,,,,,,,,GLOBAL_BASELINE_NO_ENTITY_RANKING,,,NOT_APPLICABLE_GLOBAL_BASELINE,HF9g-P5,,,,X 全窗基线 · 不参与实体赏罚,6874426,688,A168_HF9F_20260827_0900,2026-08-27 09:00:00
2026-07-30,152220872,1400,0,4.0878060745,4.0878060745,4.0878060745,1.0000000,1,1,0.49324550000000000,0.493245500000,1.01360149184955,1.01360149184955,1.01360149184955,0E-17,ELIGIBLE,R03b_20260811_FULL_v1,L1_ELIGIBILITY,v2026-08-11,2026-03-21..2026-08-06,baccarat_bet02_101_all_pairs_incl_sentinel,round_win = game_pnl > 0 (decisive only),COMPATIBILITY_ONLY_NOT_PRODUCTION,13461.8174,12030.9580,168.4253,1921,1920,-0.01251133,-0.01264445,-0.00681516,-0.01251133,-168.4253,13461.8174,OK,0.0000,6.7370,4.0000,96.0000,AG03-UNRESOLVED,ALL5_LEVELS_bet23_to_bet27,6.7370,6.7370,6.7370,10.1055,10.1055,4.000000,4.000000,4.000000,6.000000,6.000000,96.000000,96.000000,96.000000,94.000000,94.000000,5.0,40.4221,36.7584,128.0032,131.6669,PENDING_AG03,FALSE,NOT_FOR_ENFORCEMENT,161.6883,11549.7197,168.4253,161.6883,6.7370,0.01251133,0.01201088,6.7370,161.6883,0.01201088,6.7370,6.7370,6.7370,10.1055,10.1055,161.6883,0.01201088,40.4221,36.7584,128.0032,131.6669,0.00950861,0.00978077,0.00050045,7.0077,6.2661,0.0877,10.5266,0.1689,841.3636,120.0000,7.1725,3.5334,4.0407,6.0611,8.1756,12.1222,16.1629,20.2037,6.0611,0.0,2.666667,3.333333,1.156179,29,150,35,2,0.97716482,0.01251133,0.01264445,0E-8,0.000000,0.893710,0.075482,-0.00582929,2026-06-30,2026-08-06,16,997,296,38,0.421053,2.029941,1.023519,3.257216,,,,,,,,GLOBAL_BASELINE_NO_ENTITY_RANKING,,,NOT_APPLICABLE_GLOBAL_BASELINE,HF9g-P5,,,,X 全窗基线 · 不参与实体赏罚,6874427,688,A168_HF9F_20260827_0900,2026-08-27 09:00:00
2026-07-30,152220872,1485,0,16.3512242980,-0.2043903037,-0.2043903037,0.5000000,4,4,0.49994810000000000,0.499948100000,0.00020760000111838688,0.00020760000111838688,0.00020760000111838688,0E-17,ELIGIBLE,R03b_20260811_FULL_v1,L1_ELIGIBILITY,v2026-08-11,2026-03-21..2026-08-06,baccarat_bet02_101_all_pairs_incl_sentinel,round_win = game_pnl > 0 (decisive only),COMPATIBILITY_ONLY_NOT_PRODUCTION,13461.8174,12030.9580,168.4253,1921,1920,-0.01251133,-0.01264445,-0.00681516,-0.01251133,-168.4253,13461.8174,OK,0.0000,6.7370,4.0000,96.0000,AG03-UNRESOLVED,ALL5_LEVELS_bet23_to_bet27,6.7370,6.7370,6.7370,10.1055,10.1055,4.000000,4.000000,4.000000,6.000000,6.000000,96.000000,96.000000,96.000000,94.000000,94.000000,5.0,40.4221,36.7584,128.0032,131.6669,PENDING_AG03,FALSE,NOT_FOR_ENFORCEMENT,161.6883,11549.7197,168.4253,161.6883,6.7370,0.01251133,0.01201088,6.7370,161.6883,0.01201088,6.7370,6.7370,6.7370,10.1055,10.1055,161.6883,0.01201088,40.4221,36.7584,128.0032,131.6669,0.00950861,0.00978077,0.00050045,7.0077,6.2661,0.0877,10.5266,0.1689,841.3636,120.0000,7.1725,3.5334,4.0407,6.0611,8.1756,12.1222,16.1629,20.2037,6.0611,0.0,2.666667,3.333333,1.156179,29,150,35,2,0.97716482,0.01251133,0.01264445,0E-8,0.000000,0.893710,0.075482,-0.00582929,2026-06-30,2026-08-06,16,997,296,38,0.421053,2.029941,1.023519,3.257216,,,,,,,,GLOBAL_BASELINE_NO_ENTITY_RANKING,,,NOT_APPLICABLE_GLOBAL_BASELINE,HF9g-P5,,,,X 全窗基线 · 不参与实体赏罚,6874428,688,A168_HF9F_20260827_0900,2026-08-27 09:00:00
2026-07-30,152220872,1490,0,6.1317091117,5.8251236561,5.8251236561,1.0000000,1,1,0.50665070000000000,0.506650700000,0.9867858985152569,0.9867858985152569,0.9867858985152569,0E-17,ELIGIBLE,R03b_20260811_FULL_v1,L1_ELIGIBILITY,v2026-08-11,2026-03-21..2026-08-06,baccarat_bet02_101_all_pairs_incl_sentinel,round_win = game_pnl > 0 (decisive only),COMPATIBILITY_ONLY_NOT_PRODUCTION,13461.8174,12030.9580,168.4253,1921,1920,-0.01251133,-0.01264445,-0.00681516,-0.01251133,-168.4253,13461.8174,OK,0.0000,6.7370,4.0000,96.0000,AG03-UNRESOLVED,ALL5_LEVELS_bet23_to_bet27,6.7370,6.7370,6.7370,10.1055,10.1055,4.000000,4.000000,4.000000,6.000000,6.000000,96.000000,96.000000,96.000000,94.000000,94.000000,5.0,40.4221,36.7584,128.0032,131.6669,PENDING_AG03,FALSE,NOT_FOR_ENFORCEMENT,161.6883,11549.7197,168.4253,161.6883,6.7370,0.01251133,0.01201088,6.7370,161.6883,0.01201088,6.7370,6.7370,6.7370,10.1055,10.1055,161.6883,0.01201088,40.4221,36.7584,128.0032,131.6669,0.00950861,0.00978077,0.00050045,7.0077,6.2661,0.0877,10.5266,0.1689,841.3636,120.0000,7.1725,3.5334,4.0407,6.0611,8.1756,12.1222,16.1629,20.2037,6.0611,0.0,2.666667,3.333333,1.156179,29,150,35,2,0.97716482,0.01251133,0.01264445,0E-8,0.000000,0.893710,0.075482,-0.00582929,2026-06-30,2026-08-06,16,997,296,38,0.421053,2.029941,1.023519,3.257216,,,,,,,,GLOBAL_BASELINE_NO_ENTITY_RANKING,,,NOT_APPLICABLE_GLOBAL_BASELINE,HF9g-P5,,,,X 全窗基线 · 不参与实体赏罚,6874429,688,A168_HF9F_20260827_0900,2026-08-27 09:00:00
2026-07-30,152220872,1507,0,6.1317091117,6.1317091117,6.1317091117,1.0000000,1,1,0.49324550000000000,0.493245500000,1.01360149184955,1.01360149184955,1.01360149184955,0E-17,ELIGIBLE,R03b_20260811_FULL_v1,L1_ELIGIBILITY,v2026-08-11,2026-03-21..2026-08-06,baccarat_bet02_101_all_pairs_incl_sentinel,round_win = game_pnl > 0 (decisive only),COMPATIBILITY_ONLY_NOT_PRODUCTION,13461.8174,12030.9580,168.4253,1921,1920,-0.01251133,-0.01264445,-0.00681516,-0.01251133,-168.4253,13461.8174,OK,0.0000,6.7370,4.0000,96.0000,AG03-UNRESOLVED,ALL5_LEVELS_bet23_to_bet27,6.7370,6.7370,6.7370,10.1055,10.1055,4.000000,4.000000,4.000000,6.000000,6.000000,96.000000,96.000000,96.000000,94.000000,94.000000,5.0,40.4221,36.7584,128.0032,131.6669,PENDING_AG03,FALSE,NOT_FOR_ENFORCEMENT,161.6883,11549.7197,168.4253,161.6883,6.7370,0.01251133,0.01201088,6.7370,161.6883,0.01201088,6.7370,6.7370,6.7370,10.1055,10.1055,161.6883,0.01201088,40.4221,36.7584,128.0032,131.6669,0.00950861,0.00978077,0.00050045,7.0077,6.2661,0.0877,10.5266,0.1689,841.3636,120.0000,7.1725,3.5334,4.0407,6.0611,8.1756,12.1222,16.1629,20.2037,6.0611,0.0,2.666667,3.333333,1.156179,29,150,35,2,0.97716482,0.01251133,0.01264445,0E-8,0.000000,0.893710,0.075482,-0.00582929,2026-06-30,2026-08-06,16,997,296,38,0.421053,2.029941,1.023519,3.257216,,,,,,,,GLOBAL_BASELINE_NO_ENTITY_RANKING,,,NOT_APPLICABLE_GLOBAL_BASELINE,HF9g-P5,,,,X 全窗基线 · 不参与实体赏罚,6874430,688,A168_HF9F_20260827_0900,2026-08-27 09:00:00
2026-07-30,152220872,1509,0,4.0878060745,-4.0878060745,-4.0878060745,0E-7,1,1,0.50665070000000000,0.506650700000,-1.013391052207602,-1.013391052207602,-1.013391052207602,0E-17,ELIGIBLE,R03b_20260811_FULL_v1,L1_ELIGIBILITY,v2026-08-11,2026-03-21..2026-08-06,baccarat_bet02_101_all_pairs_incl_sentinel,round_win = game_pnl > 0 (decisive only),COMPATIBILITY_ONLY_NOT_PRODUCTION,13461.8174,12030.9580,168.4253,1921,1920,-0.01251133,-0.01264445,-0.00681516,-0.01251133,-168.4253,13461.8174,OK,0.0000,6.7370,4.0000,96.0000,AG03-UNRESOLVED,ALL5_LEVELS_bet23_to_bet27,6.7370,6.7370,6.7370,10.1055,10.1055,4.000000,4.000000,4.000000,6.000000,6.000000,96.000000,96.000000,96.000000,94.000000,94.000000,5.0,40.4221,36.7584,128.0032,131.6669,PENDING_AG03,FALSE,NOT_FOR_ENFORCEMENT,161.6883,11549.7197,168.4253,161.6883,6.7370,0.01251133,0.01201088,6.7370,161.6883,0.01201088,6.7370,6.7370,6.7370,10.1055,10.1055,161.6883,0.01201088,40.4221,36.7584,128.0032,131.6669,0.00950861,0.00978077,0.00050045,7.0077,6.2661,0.0877,10.5266,0.1689,841.3636,120.0000,7.1725,3.5334,4.0407,6.0611,8.1756,12.1222,16.1629,20.2037,6.0611,0.0,2.666667,3.333333,1.156179,29,150,35,2,0.97716482,0.01251133,0.01264445,0E-8,0.000000,0.893710,0.075482,-0.00582929,2026-06-30,2026-08-06,16,997,296,38,0.421053,2.029941,1.023519,3.257216,,,,,,,,GLOBAL_BASELINE_NO_ENTITY_RANKING,,,NOT_APPLICABLE_GLOBAL_BASELINE,HF9g-P5,,,,X 全窗基线 · 不参与实体赏罚,6874431,688,A168_HF9F_20260827_0900,2026-08-27 09:00:00
2026-07-30,152220872,1654,0,28.6146425214,28.6146425214,28.6146425214,1.0000000,3,3,0.49324550000000000,0.493245500000,1.755609282511032,1.7556092825110319,1.755609282511032,0E-17,ELIGIBLE,R03b_20260811_FULL_v1,L1_ELIGIBILITY,v2026-08-11,2026-03-21..2026-08-06,baccarat_bet02_101_all_pairs_incl_sentinel,round_win = game_pnl > 0 (decisive only),COMPATIBILITY_ONLY_NOT_PRODUCTION,13461.8174,12030.9580,168.4253,1921,1920,-0.01251133,-0.01264445,-0.00681516,-0.01251133,-168.4253,13461.8174,OK,0.0000,6.7370,4.0000,96.0000,AG03-UNRESOLVED,ALL5_LEVELS_bet23_to_bet27,6.7370,6.7370,6.7370,10.1055,10.1055,4.000000,4.000000,4.000000,6.000000,6.000000,96.000000,96.000000,96.000000,94.000000,94.000000,5.0,40.4221,36.7584,128.0032,131.6669,PENDING_AG03,FALSE,NOT_FOR_ENFORCEMENT,161.6883,11549.7197,168.4253,161.6883,6.7370,0.01251133,0.01201088,6.7370,161.6883,0.01201088,6.7370,6.7370,6.7370,10.1055,10.1055,161.6883,0.01201088,40.4221,36.7584,128.0032,131.6669,0.00950861,0.00978077,0.00050045,7.0077,6.2661,0.0877,10.5266,0.1689,841.3636,120.0000,7.1725,3.5334,4.0407,6.0611,8.1756,12.1222,16.1629,20.2037,6.0611,0.0,2.666667,3.333333,1.156179,29,150,35,2,0.97716482,0.01251133,0.01264445,0E-8,0.000000,0.893710,0.075482,-0.00582929,2026-06-30,2026-08-06,16,997,296,38,0.421053,2.029941,1.023519,3.257216,,,,,,,,GLOBAL_BASELINE_NO_ENTITY_RANKING,,,NOT_APPLICABLE_GLOBAL_BASELINE,HF9g-P5,,,,X 全窗基线 · 不参与实体赏罚,6874432,688,A168_HF9F_20260827_0900,2026-08-27 09:00:00
2026-07-30,152220872,1935,0,4.0878060745,-4.0878060745,-4.0878060745,0E-7,1,1,0.49324550000000000,0.493245500000,-0.9865810262130424,-0.9865810262130424,-0.9865810262130424,0E-17,ELIGIBLE,R03b_20260811_FULL_v1,L1_ELIGIBILITY,v2026-08-11,2026-03-21..2026-08-06,baccarat_bet02_101_all_pairs_incl_sentinel,round_win = game_pnl > 0 (decisive only),COMPATIBILITY_ONLY_NOT_PRODUCTION,13461.8174,12030.9580,168.4253,1921,1920,-0.01251133,-0.01264445,-0.00681516,-0.01251133,-168.4253,13461.8174,OK,0.0000,6.7370,4.0000,96.0000,AG03-UNRESOLVED,ALL5_LEVELS_bet23_to_bet27,6.7370,6.7370,6.7370,10.1055,10.1055,4.000000,4.000000,4.000000,6.000000,6.000000,96.000000,96.000000,96.000000,94.000000,94.000000,5.0,40.4221,36.7584,128.0032,131.6669,PENDING_AG03,FALSE,NOT_FOR_ENFORCEMENT,161.6883,11549.7197,168.4253,161.6883,6.7370,0.01251133,0.01201088,6.7370,161.6883,0.01201088,6.7370,6.7370,6.7370,10.1055,10.1055,161.6883,0.01201088,40.4221,36.7584,128.0032,131.6669,0.00950861,0.00978077,0.00050045,7.0077,6.2661,0.0877,10.5266,0.1689,841.3636,120.0000,7.1725,3.5334,4.0407,6.0611,8.1756,12.1222,16.1629,20.2037,6.0611,0.0,2.666667,3.333333,1.156179,29,150,35,2,0.97716482,0.01251133,0.01264445,0E-8,0.000000,0.893710,0.075482,-0.00582929,2026-06-30,2026-08-06,16,997,296,38,0.421053,2.029941,1.023519,3.257216,,,,,,,,GLOBAL_BASELINE_NO_ENTITY_RANKING,,,NOT_APPLICABLE_GLOBAL_BASELINE,HF9g-P5,,,,X 全窗基线 · 不参与实体赏罚,6874433,688,A168_HF9F_20260827_0900,2026-08-27 09:00:00
2026-07-30,152220872,1942,0,2.0439030372,-2.0439030372,-2.0439030372,0E-7,1,1,0.50665070000000000,0.506650700000,-1.013391052207602,-1.013391052207602,-1.013391052207602,0E-17,ELIGIBLE,R03b_20260811_FULL_v1,L1_ELIGIBILITY,v2026-08-11,2026-03-21..2026-08-06,baccarat_bet02_101_all_pairs_incl_sentinel,round_win = game_pnl > 0 (decisive only),COMPATIBILITY_ONLY_NOT_PRODUCTION,13461.8174,12030.9580,168.4253,1921,1920,-0.01251133,-0.01264445,-0.00681516,-0.01251133,-168.4253,13461.8174,OK,0.0000,6.7370,4.0000,96.0000,AG03-UNRESOLVED,ALL5_LEVELS_bet23_to_bet27,6.7370,6.7370,6.7370,10.1055,10.1055,4.000000,4.000000,4.000000,6.000000,6.000000,96.000000,96.000000,96.000000,94.000000,94.000000,5.0,40.4221,36.7584,128.0032,131.6669,PENDING_AG03,FALSE,NOT_FOR_ENFORCEMENT,161.6883,11549.7197,168.4253,161.6883,6.7370,0.01251133,0.01201088,6.7370,161.6883,0.01201088,6.7370,6.7370,6.7370,10.1055,10.1055,161.6883,0.01201088,40.4221,36.7584,128.0032,131.6669,0.00950861,0.00978077,0.00050045,7.0077,6.2661,0.0877,10.5266,0.1689,841.3636,120.0000,7.1725,3.5334,4.0407,6.0611,8.1756,12.1222,16.1629,20.2037,6.0611,0.0,2.666667,3.333333,1.156179,29,150,35,2,0.97716482,0.01251133,0.01264445,0E-8,0.000000,0.893710,0.075482,-0.00582929,2026-06-30,2026-08-06,16,997,296,38,0.421053,2.029941,1.023519,3.257216,,,,,,,,GLOBAL_BASELINE_NO_ENTITY_RANKING,,,NOT_APPLICABLE_GLOBAL_BASELINE,HF9g-P5,,,,X 全窗基线 · 不参与实体赏罚,6874434,688,A168_HF9F_20260827_0900,2026-08-27 09:00:00
2026-07-30,152220872,1951,0,14.3073212605,9.6063442752,9.6063442752,0.8333333,6,6,0.50665070000000000,0.506650700000,1.6005531159783741,1.6005531159783741,1.6005531159783741,0E-17,ELIGIBLE,R03b_20260811_FULL_v1,L1_ELIGIBILITY,v2026-08-11,2026-03-21..2026-08-06,baccarat_bet02_101_all_pairs_incl_sentinel,round_win = game_pnl > 0 (decisive only),COMPATIBILITY_ONLY_NOT_PRODUCTION,13461.8174,12030.9580,168.4253,1921,1920,-0.01251133,-0.01264445,-0.00681516,-0.01251133,-168.4253,13461.8174,OK,0.0000,6.7370,4.0000,96.0000,AG03-UNRESOLVED,ALL5_LEVELS_bet23_to_bet27,6.7370,6.7370,6.7370,10.1055,10.1055,4.000000,4.000000,4.000000,6.000000,6.000000,96.000000,96.000000,96.000000,94.000000,94.000000,5.0,40.4221,36.7584,128.0032,131.6669,PENDING_AG03,FALSE,NOT_FOR_ENFORCEMENT,161.6883,11549.7197,168.4253,161.6883,6.7370,0.01251133,0.01201088,6.7370,161.6883,0.01201088,6.7370,6.7370,6.7370,10.1055,10.1055,161.6883,0.01201088,40.4221,36.7584,128.0032,131.6669,0.00950861,0.00978077,0.00050045,7.0077,6.2661,0.0877,10.5266,0.1689,841.3636,120.0000,7.1725,3.5334,4.0407,6.0611,8.1756,12.1222,16.1629,20.2037,6.0611,0.0,2.666667,3.333333,1.156179,29,150,35,2,0.97716482,0.01251133,0.01264445,0E-8,0.000000,0.893710,0.075482,-0.00582929,2026-06-30,2026-08-06,16,997,296,38,0.421053,2.029941,1.023519,3.257216,,,,,,,,GLOBAL_BASELINE_NO_ENTITY_RANKING,,,NOT_APPLICABLE_GLOBAL_BASELINE,HF9g-P5,,,,X 全窗基线 · 不参与实体赏罚,6874435,688,A168_HF9F_20260827_0900,2026-08-27 09:00:00
2026-07-30,152220872,1957,0,10.2195151862,-10.2195151862,-10.2195151862,0E-7,1,1,0.50665070000000000,0.506650700000,-1.013391052207602,-1.013391052207602,-1.013391052207602,0E-17,ELIGIBLE,R03b_20260811_FULL_v1,L1_ELIGIBILITY,v2026-08-11,2026-03-21..2026-08-06,baccarat_bet02_101_all_pairs_incl_sentinel,round_win = game_pnl > 0 (decisive only),COMPATIBILITY_ONLY_NOT_PRODUCTION,13461.8174,12030.9580,168.4253,1921,1920,-0.01251133,-0.01264445,-0.00681516,-0.01251133,-168.4253,13461.8174,OK,0.0000,6.7370,4.0000,96.0000,AG03-UNRESOLVED,ALL5_LEVELS_bet23_to_bet27,6.7370,6.7370,6.7370,10.1055,10.1055,4.000000,4.000000,4.000000,6.000000,6.000000,96.000000,96.000000,96.000000,94.000000,94.000000,5.0,40.4221,36.7584,128.0032,131.6669,PENDING_AG03,FALSE,NOT_FOR_ENFORCEMENT,161.6883,11549.7197,168.4253,161.6883,6.7370,0.01251133,0.01201088,6.7370,161.6883,0.01201088,6.7370,6.7370,6.7370,10.1055,10.1055,161.6883,0.01201088,40.4221,36.7584,128.0032,131.6669,0.00950861,0.00978077,0.00050045,7.0077,6.2661,0.0877,10.5266,0.1689,841.3636,120.0000,7.1725,3.5334,4.0407,6.0611,8.1756,12.1222,16.1629,20.2037,6.0611,0.0,2.666667,3.333333,1.156179,29,150,35,2,0.97716482,0.01251133,0.01264445,0E-8,0.000000,0.893710,0.075482,-0.00582929,2026-06-30,2026-08-06,16,997,296,38,0.421053,2.029941,1.023519,3.257216,,,,,,,,GLOBAL_BASELINE_NO_ENTITY_RANKING,,,NOT_APPLICABLE_GLOBAL_BASELINE,HF9g-P5,,,,X 全窗基线 · 不参与实体赏罚,6874436,688,A168_HF9F_20260827_0900,2026-08-27 09:00:00
2026-07-30,152220872,1963,0,24.5268364469,24.5268364469,24.5268364469,1.0000000,4,4,0.49324550000000000,0.493245500000,2.0272029836991,2.0272029836991,2.0272029836991,0E-17,ELIGIBLE,R03b_20260811_FULL_v1,L1_ELIGIBILITY,v2026-08-11,2026-03-21..2026-08-06,baccarat_bet02_101_all_pairs_incl_sentinel,round_win = game_pnl > 0 (decisive only),COMPATIBILITY_ONLY_NOT_PRODUCTION,13461.8174,12030.9580,168.4253,1921,1920,-0.01251133,-0.01264445,-0.00681516,-0.01251133,-168.4253,13461.8174,OK,0.0000,6.7370,4.0000,96.0000,AG03-UNRESOLVED,ALL5_LEVELS_bet23_to_bet27,6.7370,6.7370,6.7370,10.1055,10.1055,4.000000,4.000000,4.000000,6.000000,6.000000,96.000000,96.000000,96.000000,94.000000,94.000000,5.0,40.4221,36.7584,128.0032,131.6669,PENDING_AG03,FALSE,NOT_FOR_ENFORCEMENT,161.6883,11549.7197,168.4253,161.6883,6.7370,0.01251133,0.01201088,6.7370,161.6883,0.01201088,6.7370,6.7370,6.7370,10.1055,10.1055,161.6883,0.01201088,40.4221,36.7584,128.0032,131.6669,0.00950861,0.00978077,0.00050045,7.0077,6.2661,0.0877,10.5266,0.1689,841.3636,120.0000,7.1725,3.5334,4.0407,6.0611,8.1756,12.1222,16.1629,20.2037,6.0611,0.0,2.666667,3.333333,1.156179,29,150,35,2,0.97716482,0.01251133,0.01264445,0E-8,0.000000,0.893710,0.075482,-0.00582929,2026-06-30,2026-08-06,16,997,296,38,0.421053,2.029941,1.023519,3.257216,,,,,,,,GLOBAL_BASELINE_NO_ENTITY_RANKING,,,NOT_APPLICABLE_GLOBAL_BASELINE,HF9g-P5,,,,X 全窗基线 · 不参与实体赏罚,6874437,688,A168_HF9F_20260827_0900,2026-08-27 09:00:00
2026-07-30,152220872,1966,0,6.1317091117,-6.1317091117,-6.1317091117,0E-7,1,1,0.49324550000000000,0.493245500000,-0.9865810262130424,-0.9865810262130424,-0.9865810262130424,0E-17,ELIGIBLE,R03b_20260811_FULL_v1,L1_ELIGIBILITY,v2026-08-11,2026-03-21..2026-08-06,baccarat_bet02_101_all_pairs_incl_sentinel,round_win = game_pnl > 0 (decisive only),COMPATIBILITY_ONLY_NOT_PRODUCTION,13461.8174,12030.9580,168.4253,1921,1920,-0.01251133,-0.01264445,-0.00681516,-0.01251133,-168.4253,13461.8174,OK,0.0000,6.7370,4.0000,96.0000,AG03-UNRESOLVED,ALL5_LEVELS_bet23_to_bet27,6.7370,6.7370,6.7370,10.1055,10.1055,4.000000,4.000000,4.000000,6.000000,6.000000,96.000000,96.000000,96.000000,94.000000,94.000000,5.0,40.4221,36.7584,128.0032,131.6669,PENDING_AG03,FALSE,NOT_FOR_ENFORCEMENT,161.6883,11549.7197,168.4253,161.6883,6.7370,0.01251133,0.01201088,6.7370,161.6883,0.01201088,6.7370,6.7370,6.7370,10.1055,10.1055,161.6883,0.01201088,40.4221,36.7584,128.0032,131.6669,0.00950861,0.00978077,0.00050045,7.0077,6.2661,0.0877,10.5266,0.1689,841.3636,120.0000,7.1725,3.5334,4.0407,6.0611,8.1756,12.1222,16.1629,20.2037,6.0611,0.0,2.666667,3.333333,1.156179,29,150,35,2,0.97716482,0.01251133,0.01264445,0E-8,0.000000,0.893710,0.075482,-0.00582929,2026-06-30,2026-08-06,16,997,296,38,0.421053,2.029941,1.023519,3.257216,,,,,,,,GLOBAL_BASELINE_NO_ENTITY_RANKING,,,NOT_APPLICABLE_GLOBAL_BASELINE,HF9g-P5,,,,X 全窗基线 · 不参与实体赏罚,6874438,688,A168_HF9F_20260827_0900,2026-08-27 09:00:00
2026-07-30,152220872,2101,0,10.2195151862,9.7085394269,9.7085394269,1.0000000,1,1,0.50665070000000000,0.506650700000,0.9867858985152569,0.9867858985152569,0.9867858985152569,0E-17,ELIGIBLE,R03b_20260811_FULL_v1,L1_ELIGIBILITY,v2026-08-11,2026-03-21..2026-08-06,baccarat_bet02_101_all_pairs_incl_sentinel,round_win = game_pnl > 0 (decisive only),COMPATIBILITY_ONLY_NOT_PRODUCTION,13461.8174,12030.9580,168.4253,1921,1920,-0.01251133,-0.01264445,-0.00681516,-0.01251133,-168.4253,13461.8174,OK,0.0000,6.7370,4.0000,96.0000,AG03-UNRESOLVED,ALL5_LEVELS_bet23_to_bet27,6.7370,6.7370,6.7370,10.1055,10.1055,4.000000,4.000000,4.000000,6.000000,6.000000,96.000000,96.000000,96.000000,94.000000,94.000000,5.0,40.4221,36.7584,128.0032,131.6669,PENDING_AG03,FALSE,NOT_FOR_ENFORCEMENT,161.6883,11549.7197,168.4253,161.6883,6.7370,0.01251133,0.01201088,6.7370,161.6883,0.01201088,6.7370,6.7370,6.7370,10.1055,10.1055,161.6883,0.01201088,40.4221,36.7584,128.0032,131.6669,0.00950861,0.00978077,0.00050045,7.0077,6.2661,0.0877,10.5266,0.1689,841.3636,120.0000,7.1725,3.5334,4.0407,6.0611,8.1756,12.1222,16.1629,20.2037,6.0611,0.0,2.666667,3.333333,1.156179,29,150,35,2,0.97716482,0.01251133,0.01264445,0E-8,0.000000,0.893710,0.075482,-0.00582929,2026-06-30,2026-08-06,16,997,296,38,0.421053,2.029941,1.023519,3.257216,,,,,,,,GLOBAL_BASELINE_NO_ENTITY_RANKING,,,NOT_APPLICABLE_GLOBAL_BASELINE,HF9g-P5,,,,X 全窗基线 · 不参与实体赏罚,6874439,688,A168_HF9F_20260827_0900,2026-08-27 09:00:00
2026-07-30,152220872,2106,0,6.1317091117,6.1317091117,6.1317091117,1.0000000,1,1,0.49324550000000000,0.493245500000,1.01360149184955,1.01360149184955,1.01360149184955,0E-17,ELIGIBLE,R03b_20260811_FULL_v1,L1_ELIGIBILITY,v2026-08-11,2026-03-21..2026-08-06,baccarat_bet02_101_all_pairs_incl_sentinel,round_win = game_pnl > 0 (decisive only),COMPATIBILITY_ONLY_NOT_PRODUCTION,13461.8174,12030.9580,168.4253,1921,1920,-0.01251133,-0.01264445,-0.00681516,-0.01251133,-168.4253,13461.8174,OK,0.0000,6.7370,4.0000,96.0000,AG03-UNRESOLVED,ALL5_LEVELS_bet23_to_bet27,6.7370,6.7370,6.7370,10.1055,10.1055,4.000000,4.000000,4.000000,6.000000,6.000000,96.000000,96.000000,96.000000,94.000000,94.000000,5.0,40.4221,36.7584,128.0032,131.6669,PENDING_AG03,FALSE,NOT_FOR_ENFORCEMENT,161.6883,11549.7197,168.4253,161.6883,6.7370,0.01251133,0.01201088,6.7370,161.6883,0.01201088,6.7370,6.7370,6.7370,10.1055,10.1055,161.6883,0.01201088,40.4221,36.7584,128.0032,131.6669,0.00950861,0.00978077,0.00050045,7.0077,6.2661,0.0877,10.5266,0.1689,841.3636,120.0000,7.1725,3.5334,4.0407,6.0611,8.1756,12.1222,16.1629,20.2037,6.0611,0.0,2.666667,3.333333,1.156179,29,150,35,2,0.97716482,0.01251133,0.01264445,0E-8,0.000000,0.893710,0.075482,-0.00582929,2026-06-30,2026-08-06,16,997,296,38,0.421053,2.029941,1.023519,3.257216,,,,,,,,GLOBAL_BASELINE_NO_ENTITY_RANKING,,,NOT_APPLICABLE_GLOBAL_BASELINE,HF9g-P5,,,,X 全窗基线 · 不参与实体赏罚,6874440,688,A168_HF9F_20260827_0900,2026-08-27 09:00:00
2026-07-30,152220872,2108,0,10.2195151862,-10.2195151862,-10.2195151862,0E-7,1,1,0.50665070000000000,0.506650700000,-1.013391052207602,-1.013391052207602,-1.013391052207602,0E-17,ELIGIBLE,R03b_20260811_FULL_v1,L1_ELIGIBILITY,v2026-08-11,2026-03-21..2026-08-06,baccarat_bet02_101_all_pairs_incl_sentinel,round_win = game_pnl > 0 (decisive only),COMPATIBILITY_ONLY_NOT_PRODUCTION,13461.8174,12030.9580,168.4253,1921,1920,-0.01251133,-0.01264445,-0.00681516,-0.01251133,-168.4253,13461.8174,OK,0.0000,6.7370,4.0000,96.0000,AG03-UNRESOLVED,ALL5_LEVELS_bet23_to_bet27,6.7370,6.7370,6.7370,10.1055,10.1055,4.000000,4.000000,4.000000,6.000000,6.000000,96.000000,96.000000,96.000000,94.000000,94.000000,5.0,40.4221,36.7584,128.0032,131.6669,PENDING_AG03,FALSE,NOT_FOR_ENFORCEMENT,161.6883,11549.7197,168.4253,161.6883,6.7370,0.01251133,0.01201088,6.7370,161.6883,0.01201088,6.7370,6.7370,6.7370,10.1055,10.1055,161.6883,0.01201088,40.4221,36.7584,128.0032,131.6669,0.00950861,0.00978077,0.00050045,7.0077,6.2661,0.0877,10.5266,0.1689,841.3636,120.0000,7.1725,3.5334,4.0407,6.0611,8.1756,12.1222,16.1629,20.2037,6.0611,0.0,2.666667,3.333333,1.156179,29,150,35,2,0.97716482,0.01251133,0.01264445,0E-8,0.000000,0.893710,0.075482,-0.00582929,2026-06-30,2026-08-06,16,997,296,38,0.421053,2.029941,1.023519,3.257216,,,,,,,,GLOBAL_BASELINE_NO_ENTITY_RANKING,,,NOT_APPLICABLE_GLOBAL_BASELINE,HF9g-P5,,,,X 全窗基线 · 不参与实体赏罚,6874441,688,A168_HF9F_20260827_0900,2026-08-27 09:00:00
2026-07-30,152220872,2127,0,4.0878060745,-4.0878060745,-4.0878060745,0E-7,1,1,0.50665070000000000,0.506650700000,-1.013391052207602,-1.013391052207602,-1.013391052207602,0E-17,ELIGIBLE,R03b_20260811_FULL_v1,L1_ELIGIBILITY,v2026-08-11,2026-03-21..2026-08-06,baccarat_bet02_101_all_pairs_incl_sentinel,round_win = game_pnl > 0 (decisive only),COMPATIBILITY_ONLY_NOT_PRODUCTION,13461.8174,12030.9580,168.4253,1921,1920,-0.01251133,-0.01264445,-0.00681516,-0.01251133,-168.4253,13461.8174,OK,0.0000,6.7370,4.0000,96.0000,AG03-UNRESOLVED,ALL5_LEVELS_bet23_to_bet27,6.7370,6.7370,6.7370,10.1055,10.1055,4.000000,4.000000,4.000000,6.000000,6.000000,96.000000,96.000000,96.000000,94.000000,94.000000,5.0,40.4221,36.7584,128.0032,131.6669,PENDING_AG03,FALSE,NOT_FOR_ENFORCEMENT,161.6883,11549.7197,168.4253,161.6883,6.7370,0.01251133,0.01201088,6.7370,161.6883,0.01201088,6.7370,6.7370,6.7370,10.1055,10.1055,161.6883,0.01201088,40.4221,36.7584,128.0032,131.6669,0.00950861,0.00978077,0.00050045,7.0077,6.2661,0.0877,10.5266,0.1689,841.3636,120.0000,7.1725,3.5334,4.0407,6.0611,8.1756,12.1222,16.1629,20.2037,6.0611,0.0,2.666667,3.333333,1.156179,29,150,35,2,0.97716482,0.01251133,0.01264445,0E-8,0.000000,0.893710,0.075482,-0.00582929,2026-06-30,2026-08-06,16,997,296,38,0.421053,2.029941,1.023519,3.257216,,,,,,,,GLOBAL_BASELINE_NO_ENTITY_RANKING,,,NOT_APPLICABLE_GLOBAL_BASELINE,HF9g-P5,,,,X 全窗基线 · 不参与实体赏罚,6874442,688,A168_HF9F_20260827_0900,2026-08-27 09:00:00
2026-07-30,152220872,2145,0,6.1317091117,-6.1317091117,-6.1317091117,0E-7,1,1,0.49324550000000000,0.493245500000,-0.9865810262130424,-0.9865810262130424,-0.9865810262130424,0E-17,ELIGIBLE,R03b_20260811_FULL_v1,L1_ELIGIBILITY,v2026-08-11,2026-03-21..2026-08-06,baccarat_bet02_101_all_pairs_incl_sentinel,round_win = game_pnl > 0 (decisive only),COMPATIBILITY_ONLY_NOT_PRODUCTION,13461.8174,12030.9580,168.4253,1921,1920,-0.01251133,-0.01264445,-0.00681516,-0.01251133,-168.4253,13461.8174,OK,0.0000,6.7370,4.0000,96.0000,AG03-UNRESOLVED,ALL5_LEVELS_bet23_to_bet27,6.7370,6.7370,6.7370,10.1055,10.1055,4.000000,4.000000,4.000000,6.000000,6.000000,96.000000,96.000000,96.000000,94.000000,94.000000,5.0,40.4221,36.7584,128.0032,131.6669,PENDING_AG03,FALSE,NOT_FOR_ENFORCEMENT,161.6883,11549.7197,168.4253,161.6883,6.7370,0.01251133,0.01201088,6.7370,161.6883,0.01201088,6.7370,6.7370,6.7370,10.1055,10.1055,161.6883,0.01201088,40.4221,36.7584,128.0032,131.6669,0.00950861,0.00978077,0.00050045,7.0077,6.2661,0.0877,10.5266,0.1689,841.3636,120.0000,7.1725,3.5334,4.0407,6.0611,8.1756,12.1222,16.1629,20.2037,6.0611,0.0,2.666667,3.333333,1.156179,29,150,35,2,0.97716482,0.01251133,0.01264445,0E-8,0.000000,0.893710,0.075482,-0.00582929,2026-06-30,2026-08-06,16,997,296,38,0.421053,2.029941,1.023519,3.257216,,,,,,,,GLOBAL_BASELINE_NO_ENTITY_RANKING,,,NOT_APPLICABLE_GLOBAL_BASELINE,HF9g-P5,,,,X 全窗基线 · 不参与实体赏罚,6874443,688,A168_HF9F_20260827_0900,2026-08-27 09:00:00
2026-07-30,152220872,2152,0,16.3512242979,15.5336630830,15.5336630830,1.0000000,1,1,0.50665070000000000,0.506650700000,0.9867858985152569,0.9867858985152569,0.9867858985152569,0E-17,ELIGIBLE,R03b_20260811_FULL_v1,L1_ELIGIBILITY,v2026-08-11,2026-03-21..2026-08-06,baccarat_bet02_101_all_pairs_incl_sentinel,round_win = game_pnl > 0 (decisive only),COMPATIBILITY_ONLY_NOT_PRODUCTION,13461.8174,12030.9580,168.4253,1921,1920,-0.01251133,-0.01264445,-0.00681516,-0.01251133,-168.4253,13461.8174,OK,0.0000,6.7370,4.0000,96.0000,AG03-UNRESOLVED,ALL5_LEVELS_bet23_to_bet27,6.7370,6.7370,6.7370,10.1055,10.1055,4.000000,4.000000,4.000000,6.000000,6.000000,96.000000,96.000000,96.000000,94.000000,94.000000,5.0,40.4221,36.7584,128.0032,131.6669,PENDING_AG03,FALSE,NOT_FOR_ENFORCEMENT,161.6883,11549.7197,168.4253,161.6883,6.7370,0.01251133,0.01201088,6.7370,161.6883,0.01201088,6.7370,6.7370,6.7370,10.1055,10.1055,161.6883,0.01201088,40.4221,36.7584,128.0032,131.6669,0.00950861,0.00978077,0.00050045,7.0077,6.2661,0.0877,10.5266,0.1689,841.3636,120.0000,7.1725,3.5334,4.0407,6.0611,8.1756,12.1222,16.1629,20.2037,6.0611,0.0,2.666667,3.333333,1.156179,29,150,35,2,0.97716482,0.01251133,0.01264445,0E-8,0.000000,0.893710,0.075482,-0.00582929,2026-06-30,2026-08-06,16,997,296,38,0.421053,2.029941,1.023519,3.257216,,,,,,,,GLOBAL_BASELINE_NO_ENTITY_RANKING,,,NOT_APPLICABLE_GLOBAL_BASELINE,HF9g-P5,,,,X 全窗基线 · 不参与实体赏罚,6874444,688,A168_HF9F_20260827_0900,2026-08-27 09:00:00
2026-07-30,152220872,2155,0,18.3951273351,6.1317091117,6.1317091117,0.7500000,4,4,0.49659680000000000,0.496596800000,1.0136362796769356,1.0136362796769358,1.0136362796769356,0E-17,ELIGIBLE,R03b_20260811_FULL_v1,L1_ELIGIBILITY,v2026-08-11,2026-03-21..2026-08-06,baccarat_bet02_101_all_pairs_incl_sentinel,round_win = game_pnl > 0 (decisive only),COMPATIBILITY_ONLY_NOT_PRODUCTION,13461.8174,12030.9580,168.4253,1921,1920,-0.01251133,-0.01264445,-0.00681516,-0.01251133,-168.4253,13461.8174,OK,0.0000,6.7370,4.0000,96.0000,AG03-UNRESOLVED,ALL5_LEVELS_bet23_to_bet27,6.7370,6.7370,6.7370,10.1055,10.1055,4.000000,4.000000,4.000000,6.000000,6.000000,96.000000,96.000000,96.000000,94.000000,94.000000,5.0,40.4221,36.7584,128.0032,131.6669,PENDING_AG03,FALSE,NOT_FOR_ENFORCEMENT,161.6883,11549.7197,168.4253,161.6883,6.7370,0.01251133,0.01201088,6.7370,161.6883,0.01201088,6.7370,6.7370,6.7370,10.1055,10.1055,161.6883,0.01201088,40.4221,36.7584,128.0032,131.6669,0.00950861,0.00978077,0.00050045,7.0077,6.2661,0.0877,10.5266,0.1689,841.3636,120.0000,7.1725,3.5334,4.0407,6.0611,8.1756,12.1222,16.1629,20.2037,6.0611,0.0,2.666667,3.333333,1.156179,29,150,35,2,0.97716482,0.01251133,0.01264445,0E-8,0.000000,0.893710,0.075482,-0.00582929,2026-06-30,2026-08-06,16,997,296,38,0.421053,2.029941,1.023519,3.257216,,,,,,,,GLOBAL_BASELINE_NO_ENTITY_RANKING,,,NOT_APPLICABLE_GLOBAL_BASELINE,HF9g-P5,,,,X 全窗基线 · 不参与实体赏罚,6874445,688,A168_HF9F_20260827_0900,2026-08-27 09:00:00
2026-07-30,152220872,2160,0,16.3512242979,16.0446388423,16.0446388423,1.0000000,3,3,0.49771390000000000,0.497713900000,1.739988277604938,1.739988277604938,1.739988277604938,0E-17,ELIGIBLE,R03b_20260811_FULL_v1,L1_ELIGIBILITY,v2026-08-11,2026-03-21..2026-08-06,baccarat_bet02_101_all_pairs_incl_sentinel,round_win = game_pnl > 0 (decisive only),COMPATIBILITY_ONLY_NOT_PRODUCTION,13461.8174,12030.9580,168.4253,1921,1920,-0.01251133,-0.01264445,-0.00681516,-0.01251133,-168.4253,13461.8174,OK,0.0000,6.7370,4.0000,96.0000,AG03-UNRESOLVED,ALL5_LEVELS_bet23_to_bet27,6.7370,6.7370,6.7370,10.1055,10.1055,4.000000,4.000000,4.000000,6.000000,6.000000,96.000000,96.000000,96.000000,94.000000,94.000000,5.0,40.4221,36.7584,128.0032,131.6669,PENDING_AG03,FALSE,NOT_FOR_ENFORCEMENT,161.6883,11549.7197,168.4253,161.6883,6.7370,0.01251133,0.01201088,6.7370,161.6883,0.01201088,6.7370,6.7370,6.7370,10.1055,10.1055,161.6883,0.01201088,40.4221,36.7584,128.0032,131.6669,0.00950861,0.00978077,0.00050045,7.0077,6.2661,0.0877,10.5266,0.1689,841.3636,120.0000,7.1725,3.5334,4.0407,6.0611,8.1756,12.1222,16.1629,20.2037,6.0611,0.0,2.666667,3.333333,1.156179,29,150,35,2,0.97716482,0.01251133,0.01264445,0E-8,0.000000,0.893710,0.075482,-0.00582929,2026-06-30,2026-08-06,16,997,296,38,0.421053,2.029941,1.023519,3.257216,,,,,,,,GLOBAL_BASELINE_NO_ENTITY_RANKING,,,NOT_APPLICABLE_GLOBAL_BASELINE,HF9g-P5,,,,X 全窗基线 · 不参与实体赏罚,6874446,688,A168_HF9F_20260827_0900,2026-08-27 09:00:00
2026-07-30,152220872,2171,0,14.3073212607,5.8251236561,5.8251236561,0.6666667,3,3,0.50218230000000000,0.502182300000,0.5697959874915163,0.5697959874915164,0.5697959874915163,0E-17,ELIGIBLE,R03b_20260811_FULL_v1,L1_ELIGIBILITY,v2026-08-11,2026-03-21..2026-08-06,baccarat_bet02_101_all_pairs_incl_sentinel,round_win = game_pnl > 0 (decisive only),COMPATIBILITY_ONLY_NOT_PRODUCTION,13461.8174,12030.9580,168.4253,1921,1920,-0.01251133,-0.01264445,-0.00681516,-0.01251133,-168.4253,13461.8174,OK,0.0000,6.7370,4.0000,96.0000,AG03-UNRESOLVED,ALL5_LEVELS_bet23_to_bet27,6.7370,6.7370,6.7370,10.1055,10.1055,4.000000,4.000000,4.000000,6.000000,6.000000,96.000000,96.000000,96.000000,94.000000,94.000000,5.0,40.4221,36.7584,128.0032,131.6669,PENDING_AG03,FALSE,NOT_FOR_ENFORCEMENT,161.6883,11549.7197,168.4253,161.6883,6.7370,0.01251133,0.01201088,6.7370,161.6883,0.01201088,6.7370,6.7370,6.7370,10.1055,10.1055,161.6883,0.01201088,40.4221,36.7584,128.0032,131.6669,0.00950861,0.00978077,0.00050045,7.0077,6.2661,0.0877,10.5266,0.1689,841.3636,120.0000,7.1725,3.5334,4.0407,6.0611,8.1756,12.1222,16.1629,20.2037,6.0611,0.0,2.666667,3.333333,1.156179,29,150,35,2,0.97716482,0.01251133,0.01264445,0E-8,0.000000,0.893710,0.075482,-0.00582929,2026-06-30,2026-08-06,16,997,296,38,0.421053,2.029941,1.023519,3.257216,,,,,,,,GLOBAL_BASELINE_NO_ENTITY_RANKING,,,NOT_APPLICABLE_GLOBAL_BASELINE,HF9g-P5,,,,X 全窗基线 · 不参与实体赏罚,6874447,688,A168_HF9F_20260827_0900,2026-08-27 09:00:00
2026-07-30,152220872,2173,0,49.0536728939,-4.7009769857,-4.7009769857,0.4000000,6,6,0.49771390000000000,0.497713900000,-0.4369944132040151,-0.436994413204015,-0.4369944132040151,0E-17,ELIGIBLE,R03b_20260811_FULL_v1,L1_ELIGIBILITY,v2026-08-11,2026-03-21..2026-08-06,baccarat_bet02_101_all_pairs_incl_sentinel,round_win = game_pnl > 0 (decisive only),COMPATIBILITY_ONLY_NOT_PRODUCTION,13461.8174,12030.9580,168.4253,1921,1920,-0.01251133,-0.01264445,-0.00681516,-0.01251133,-168.4253,13461.8174,OK,0.0000,6.7370,4.0000,96.0000,AG03-UNRESOLVED,ALL5_LEVELS_bet23_to_bet27,6.7370,6.7370,6.7370,10.1055,10.1055,4.000000,4.000000,4.000000,6.000000,6.000000,96.000000,96.000000,96.000000,94.000000,94.000000,5.0,40.4221,36.7584,128.0032,131.6669,PENDING_AG03,FALSE,NOT_FOR_ENFORCEMENT,161.6883,11549.7197,168.4253,161.6883,6.7370,0.01251133,0.01201088,6.7370,161.6883,0.01201088,6.7370,6.7370,6.7370,10.1055,10.1055,161.6883,0.01201088,40.4221,36.7584,128.0032,131.6669,0.00950861,0.00978077,0.00050045,7.0077,6.2661,0.0877,10.5266,0.1689,841.3636,120.0000,7.1725,3.5334,4.0407,6.0611,8.1756,12.1222,16.1629,20.2037,6.0611,0.0,2.666667,3.333333,1.156179,29,150,35,2,0.97716482,0.01251133,0.01264445,0E-8,0.000000,0.893710,0.075482,-0.00582929,2026-06-30,2026-08-06,16,997,296,38,0.421053,2.029941,1.023519,3.257216,,,,,,,,GLOBAL_BASELINE_NO_ENTITY_RANKING,,,NOT_APPLICABLE_GLOBAL_BASELINE,HF9g-P5,,,,X 全窗基线 · 不参与实体赏罚,6874448,688,A168_HF9F_20260827_0900,2026-08-27 09:00:00
2026-07-30,152220872,2174,0,10.2195151862,-10.2195151862,-10.2195151862,0E-7,2,2,0.49994810000000000,0.499948100000,-1.4140667746232096,-1.4140667746232096,-1.4140667746232096,0E-17,ELIGIBLE,R03b_20260811_FULL_v1,L1_ELIGIBILITY,v2026-08-11,2026-03-21..2026-08-06,baccarat_bet02_101_all_pairs_incl_sentinel,round_win = game_pnl > 0 (decisive only),COMPATIBILITY_ONLY_NOT_PRODUCTION,13461.8174,12030.9580,168.4253,1921,1920,-0.01251133,-0.01264445,-0.00681516,-0.01251133,-168.4253,13461.8174,OK,0.0000,6.7370,4.0000,96.0000,AG03-UNRESOLVED,ALL5_LEVELS_bet23_to_bet27,6.7370,6.7370,6.7370,10.1055,10.1055,4.000000,4.000000,4.000000,6.000000,6.000000,96.000000,96.000000,96.000000,94.000000,94.000000,5.0,40.4221,36.7584,128.0032,131.6669,PENDING_AG03,FALSE,NOT_FOR_ENFORCEMENT,161.6883,11549.7197,168.4253,161.6883,6.7370,0.01251133,0.01201088,6.7370,161.6883,0.01201088,6.7370,6.7370,6.7370,10.1055,10.1055,161.6883,0.01201088,40.4221,36.7584,128.0032,131.6669,0.00950861,0.00978077,0.00050045,7.0077,6.2661,0.0877,10.5266,0.1689,841.3636,120.0000,7.1725,3.5334,4.0407,6.0611,8.1756,12.1222,16.1629,20.2037,6.0611,0.0,2.666667,3.333333,1.156179,29,150,35,2,0.97716482,0.01251133,0.01264445,0E-8,0.000000,0.893710,0.075482,-0.00582929,2026-06-30,2026-08-06,16,997,296,38,0.421053,2.029941,1.023519,3.257216,,,,,,,,GLOBAL_BASELINE_NO_ENTITY_RANKING,,,NOT_APPLICABLE_GLOBAL_BASELINE,HF9g-P5,,,,X 全窗基线 · 不参与实体赏罚,6874449,688,A168_HF9F_20260827_0900,2026-08-27 09:00:00
2026-07-30,152220872,2188,0,6.1317091117,1.8395127336,1.8395127336,0.5000000,2,2,0.50665070000000000,0.506650700000,-0.018812684590367487,-0.018812684590367487,-0.018812684590367487,0E-17,ELIGIBLE,R03b_20260811_FULL_v1,L1_ELIGIBILITY,v2026-08-11,2026-03-21..2026-08-06,baccarat_bet02_101_all_pairs_incl_sentinel,round_win = game_pnl > 0 (decisive only),COMPATIBILITY_ONLY_NOT_PRODUCTION,13461.8174,12030.9580,168.4253,1921,1920,-0.01251133,-0.01264445,-0.00681516,-0.01251133,-168.4253,13461.8174,OK,0.0000,6.7370,4.0000,96.0000,AG03-UNRESOLVED,ALL5_LEVELS_bet23_to_bet27,6.7370,6.7370,6.7370,10.1055,10.1055,4.000000,4.000000,4.000000,6.000000,6.000000,96.000000,96.000000,96.000000,94.000000,94.000000,5.0,40.4221,36.7584,128.0032,131.6669,PENDING_AG03,FALSE,NOT_FOR_ENFORCEMENT,161.6883,11549.7197,168.4253,161.6883,6.7370,0.01251133,0.01201088,6.7370,161.6883,0.01201088,6.7370,6.7370,6.7370,10.1055,10.1055,161.6883,0.01201088,40.4221,36.7584,128.0032,131.6669,0.00950861,0.00978077,0.00050045,7.0077,6.2661,0.0877,10.5266,0.1689,841.3636,120.0000,7.1725,3.5334,4.0407,6.0611,8.1756,12.1222,16.1629,20.2037,6.0611,0.0,2.666667,3.333333,1.156179,29,150,35,2,0.97716482,0.01251133,0.01264445,0E-8,0.000000,0.893710,0.075482,-0.00582929,2026-06-30,2026-08-06,16,997,296,38,0.421053,2.029941,1.023519,3.257216,,,,,,,,GLOBAL_BASELINE_NO_ENTITY_RANKING,,,NOT_APPLICABLE_GLOBAL_BASELINE,HF9g-P5,,,,X 全窗基线 · 不参与实体赏罚,6874450,688,A168_HF9F_20260827_0900,2026-08-27 09:00:00
2026-07-30,152220872,2196,0,22.4829334096,-22.4829334096,-22.4829334096,0E-7,3,3,0.49771390000000000,0.497713900000,-1.724149546644903,-1.724149546644903,-1.724149546644903,0E-17,ELIGIBLE,R03b_20260811_FULL_v1,L1_ELIGIBILITY,v2026-08-11,2026-03-21..2026-08-06,baccarat_bet02_101_all_pairs_incl_sentinel,round_win = game_pnl > 0 (decisive only),COMPATIBILITY_ONLY_NOT_PRODUCTION,13461.8174,12030.9580,168.4253,1921,1920,-0.01251133,-0.01264445,-0.00681516,-0.01251133,-168.4253,13461.8174,OK,0.0000,6.7370,4.0000,96.0000,AG03-UNRESOLVED,ALL5_LEVELS_bet23_to_bet27,6.7370,6.7370,6.7370,10.1055,10.1055,4.000000,4.000000,4.000000,6.000000,6.000000,96.000000,96.000000,96.000000,94.000000,94.000000,5.0,40.4221,36.7584,128.0032,131.6669,PENDING_AG03,FALSE,NOT_FOR_ENFORCEMENT,161.6883,11549.7197,168.4253,161.6883,6.7370,0.01251133,0.01201088,6.7370,161.6883,0.01201088,6.7370,6.7370,6.7370,10.1055,10.1055,161.6883,0.01201088,40.4221,36.7584,128.0032,131.6669,0.00950861,0.00978077,0.00050045,7.0077,6.2661,0.0877,10.5266,0.1689,841.3636,120.0000,7.1725,3.5334,4.0407,6.0611,8.1756,12.1222,16.1629,20.2037,6.0611,0.0,2.666667,3.333333,1.156179,29,150,35,2,0.97716482,0.01251133,0.01264445,0E-8,0.000000,0.893710,0.075482,-0.00582929,2026-06-30,2026-08-06,16,997,296,38,0.421053,2.029941,1.023519,3.257216,,,,,,,,GLOBAL_BASELINE_NO_ENTITY_RANKING,,,NOT_APPLICABLE_GLOBAL_BASELINE,HF9g-P5,,,,X 全窗基线 · 不参与实体赏罚,6874451,688,A168_HF9F_20260827_0900,2026-08-27 09:00:00
2026-07-30,152220872,2209,0,18.3951273352,-18.3951273352,-18.3951273352,0E-7,2,2,0.50665070000000000,0.506650700000,-1.4331513700195317,-1.4331513700195317,-1.4331513700195317,0E-17,ELIGIBLE,R03b_20260811_FULL_v1,L1_ELIGIBILITY,v2026-08-11,2026-03-21..2026-08-06,baccarat_bet02_101_all_pairs_incl_sentinel,round_win = game_pnl > 0 (decisive only),COMPATIBILITY_ONLY_NOT_PRODUCTION,13461.8174,12030.9580,168.4253,1921,1920,-0.01251133,-0.01264445,-0.00681516,-0.01251133,-168.4253,13461.8174,OK,0.0000,6.7370,4.0000,96.0000,AG03-UNRESOLVED,ALL5_LEVELS_bet23_to_bet27,6.7370,6.7370,6.7370,10.1055,10.1055,4.000000,4.000000,4.000000,6.000000,6.000000,96.000000,96.000000,96.000000,94.000000,94.000000,5.0,40.4221,36.7584,128.0032,131.6669,PENDING_AG03,FALSE,NOT_FOR_ENFORCEMENT,161.6883,11549.7197,168.4253,161.6883,6.7370,0.01251133,0.01201088,6.7370,161.6883,0.01201088,6.7370,6.7370,6.7370,10.1055,10.1055,161.6883,0.01201088,40.4221,36.7584,128.0032,131.6669,0.00950861,0.00978077,0.00050045,7.0077,6.2661,0.0877,10.5266,0.1689,841.3636,120.0000,7.1725,3.5334,4.0407,6.0611,8.1756,12.1222,16.1629,20.2037,6.0611,0.0,2.666667,3.333333,1.156179,29,150,35,2,0.97716482,0.01251133,0.01264445,0E-8,0.000000,0.893710,0.075482,-0.00582929,2026-06-30,2026-08-06,16,997,296,38,0.421053,2.029941,1.023519,3.257216,,,,,,,,GLOBAL_BASELINE_NO_ENTITY_RANKING,,,NOT_APPLICABLE_GLOBAL_BASELINE,HF9g-P5,,,,X 全窗基线 · 不参与实体赏罚,6874452,688,A168_HF9F_20260827_0900,2026-08-27 09:00:00
2026-07-30,152220872,2212,0,10.2195151862,2.0439030372,2.0439030372,0.6666667,3,3,0.49324550000000000,0.493245500000,0.6008033672792107,0.6008033672792106,0.6008033672792107,0E-17,ELIGIBLE,R03b_20260811_FULL_v1,L1_ELIGIBILITY,v2026-08-11,2026-03-21..2026-08-06,baccarat_bet02_101_all_pairs_incl_sentinel,round_win = game_pnl > 0 (decisive only),COMPATIBILITY_ONLY_NOT_PRODUCTION,13461.8174,12030.9580,168.4253,1921,1920,-0.01251133,-0.01264445,-0.00681516,-0.01251133,-168.4253,13461.8174,OK,0.0000,6.7370,4.0000,96.0000,AG03-UNRESOLVED,ALL5_LEVELS_bet23_to_bet27,6.7370,6.7370,6.7370,10.1055,10.1055,4.000000,4.000000,4.000000,6.000000,6.000000,96.000000,96.000000,96.000000,94.000000,94.000000,5.0,40.4221,36.7584,128.0032,131.6669,PENDING_AG03,FALSE,NOT_FOR_ENFORCEMENT,161.6883,11549.7197,168.4253,161.6883,6.7370,0.01251133,0.01201088,6.7370,161.6883,0.01201088,6.7370,6.7370,6.7370,10.1055,10.1055,161.6883,0.01201088,40.4221,36.7584,128.0032,131.6669,0.00950861,0.00978077,0.00050045,7.0077,6.2661,0.0877,10.5266,0.1689,841.3636,120.0000,7.1725,3.5334,4.0407,6.0611,8.1756,12.1222,16.1629,20.2037,6.0611,0.0,2.666667,3.333333,1.156179,29,150,35,2,0.97716482,0.01251133,0.01264445,0E-8,0.000000,0.893710,0.075482,-0.00582929,2026-06-30,2026-08-06,16,997,296,38,0.421053,2.029941,1.023519,3.257216,,,,,,,,GLOBAL_BASELINE_NO_ENTITY_RANKING,,,NOT_APPLICABLE_GLOBAL_BASELINE,HF9g-P5,,,,X 全窗基线 · 不参与实体赏罚,6874453,688,A168_HF9F_20260827_0900,2026-08-27 09:00:00
2026-07-30,152220872,2220,0,18.3951273351,-18.3951273351,-18.3951273351,0E-7,2,2,0.50665070000000000,0.506650700000,-1.4331513700195317,-1.4331513700195317,-1.4331513700195317,0E-17,ELIGIBLE,R03b_20260811_FULL_v1,L1_ELIGIBILITY,v2026-08-11,2026-03-21..2026-08-06,baccarat_bet02_101_all_pairs_incl_sentinel,round_win = game_pnl > 0 (decisive only),COMPATIBILITY_ONLY_NOT_PRODUCTION,13461.8174,12030.9580,168.4253,1921,1920,-0.01251133,-0.01264445,-0.00681516,-0.01251133,-168.4253,13461.8174,OK,0.0000,6.7370,4.0000,96.0000,AG03-UNRESOLVED,ALL5_LEVELS_bet23_to_bet27,6.7370,6.7370,6.7370,10.1055,10.1055,4.000000,4.000000,4.000000,6.000000,6.000000,96.000000,96.000000,96.000000,94.000000,94.000000,5.0,40.4221,36.7584,128.0032,131.6669,PENDING_AG03,FALSE,NOT_FOR_ENFORCEMENT,161.6883,11549.7197,168.4253,161.6883,6.7370,0.01251133,0.01201088,6.7370,161.6883,0.01201088,6.7370,6.7370,6.7370,10.1055,10.1055,161.6883,0.01201088,40.4221,36.7584,128.0032,131.6669,0.00950861,0.00978077,0.00050045,7.0077,6.2661,0.0877,10.5266,0.1689,841.3636,120.0000,7.1725,3.5334,4.0407,6.0611,8.1756,12.1222,16.1629,20.2037,6.0611,0.0,2.666667,3.333333,1.156179,29,150,35,2,0.97716482,0.01251133,0.01264445,0E-8,0.000000,0.893710,0.075482,-0.00582929,2026-06-30,2026-08-06,16,997,296,38,0.421053,2.029941,1.023519,3.257216,,,,,,,,GLOBAL_BASELINE_NO_ENTITY_RANKING,,,NOT_APPLICABLE_GLOBAL_BASELINE,HF9g-P5,,,,X 全窗基线 · 不参与实体赏罚,6874454,688,A168_HF9F_20260827_0900,2026-08-27 09:00:00
2026-07-30,152220872,2223,0,22.4829334097,-8.3800024527,-8.3800024527,0.3333333,4,4,0.49994810000000000,0.499948100000,-0.5771704854251445,-0.5771704854251445,-0.5771704854251445,0E-17,ELIGIBLE,R03b_20260811_FULL_v1,L1_ELIGIBILITY,v2026-08-11,2026-03-21..2026-08-06,baccarat_bet02_101_all_pairs_incl_sentinel,round_win = game_pnl > 0 (decisive only),COMPATIBILITY_ONLY_NOT_PRODUCTION,13461.8174,12030.9580,168.4253,1921,1920,-0.01251133,-0.01264445,-0.00681516,-0.01251133,-168.4253,13461.8174,OK,0.0000,6.7370,4.0000,96.0000,AG03-UNRESOLVED,ALL5_LEVELS_bet23_to_bet27,6.7370,6.7370,6.7370,10.1055,10.1055,4.000000,4.000000,4.000000,6.000000,6.000000,96.000000,96.000000,96.000000,94.000000,94.000000,5.0,40.4221,36.7584,128.0032,131.6669,PENDING_AG03,FALSE,NOT_FOR_ENFORCEMENT,161.6883,11549.7197,168.4253,161.6883,6.7370,0.01251133,0.01201088,6.7370,161.6883,0.01201088,6.7370,6.7370,6.7370,10.1055,10.1055,161.6883,0.01201088,40.4221,36.7584,128.0032,131.6669,0.00950861,0.00978077,0.00050045,7.0077,6.2661,0.0877,10.5266,0.1689,841.3636,120.0000,7.1725,3.5334,4.0407,6.0611,8.1756,12.1222,16.1629,20.2037,6.0611,0.0,2.666667,3.333333,1.156179,29,150,35,2,0.97716482,0.01251133,0.01264445,0E-8,0.000000,0.893710,0.075482,-0.00582929,2026-06-30,2026-08-06,16,997,296,38,0.421053,2.029941,1.023519,3.257216,,,,,,,,GLOBAL_BASELINE_NO_ENTITY_RANKING,,,NOT_APPLICABLE_GLOBAL_BASELINE,HF9g-P5,,,,X 全窗基线 · 不参与实体赏罚,6874455,688,A168_HF9F_20260827_0900,2026-08-27 09:00:00
2026-07-30,152220872,2224,0,8.1756121489,-0.2043903037,-0.2043903037,0.6666667,3,3,0.50665070000000000,0.506650700000,0.5543606114942035,0.5543606114942035,0.5543606114942035,0E-17,ELIGIBLE,R03b_20260811_FULL_v1,L1_ELIGIBILITY,v2026-08-11,2026-03-21..2026-08-06,baccarat_bet02_101_all_pairs_incl_sentinel,round_win = game_pnl > 0 (decisive only),COMPATIBILITY_ONLY_NOT_PRODUCTION,13461.8174,12030.9580,168.4253,1921,1920,-0.01251133,-0.01264445,-0.00681516,-0.01251133,-168.4253,13461.8174,OK,0.0000,6.7370,4.0000,96.0000,AG03-UNRESOLVED,ALL5_LEVELS_bet23_to_bet27,6.7370,6.7370,6.7370,10.1055,10.1055,4.000000,4.000000,4.000000,6.000000,6.000000,96.000000,96.000000,96.000000,94.000000,94.000000,5.0,40.4221,36.7584,128.0032,131.6669,PENDING_AG03,FALSE,NOT_FOR_ENFORCEMENT,161.6883,11549.7197,168.4253,161.6883,6.7370,0.01251133,0.01201088,6.7370,161.6883,0.01201088,6.7370,6.7370,6.7370,10.1055,10.1055,161.6883,0.01201088,40.4221,36.7584,128.0032,131.6669,0.00950861,0.00978077,0.00050045,7.0077,6.2661,0.0877,10.5266,0.1689,841.3636,120.0000,7.1725,3.5334,4.0407,6.0611,8.1756,12.1222,16.1629,20.2037,6.0611,0.0,2.666667,3.333333,1.156179,29,150,35,2,0.97716482,0.01251133,0.01264445,0E-8,0.000000,0.893710,0.075482,-0.00582929,2026-06-30,2026-08-06,16,997,296,38,0.421053,2.029941,1.023519,3.257216,,,,,,,,GLOBAL_BASELINE_NO_ENTITY_RANKING,,,NOT_APPLICABLE_GLOBAL_BASELINE,HF9g-P5,,,,X 全窗基线 · 不参与实体赏罚,6874456,688,A168_HF9F_20260827_0900,2026-08-27 09:00:00
2026-07-30,152220872,2234,0,6.1317091117,-6.1317091117,-6.1317091117,0E-7,1,1,0.49324550000000000,0.493245500000,-0.9865810262130424,-0.9865810262130424,-0.9865810262130424,0E-17,ELIGIBLE,R03b_20260811_FULL_v1,L1_ELIGIBILITY,v2026-08-11,2026-03-21..2026-08-06,baccarat_bet02_101_all_pairs_incl_sentinel,round_win = game_pnl > 0 (decisive only),COMPATIBILITY_ONLY_NOT_PRODUCTION,13461.8174,12030.9580,168.4253,1921,1920,-0.01251133,-0.01264445,-0.00681516,-0.01251133,-168.4253,13461.8174,OK,0.0000,6.7370,4.0000,96.0000,AG03-UNRESOLVED,ALL5_LEVELS_bet23_to_bet27,6.7370,6.7370,6.7370,10.1055,10.1055,4.000000,4.000000,4.000000,6.000000,6.000000,96.000000,96.000000,96.000000,94.000000,94.000000,5.0,40.4221,36.7584,128.0032,131.6669,PENDING_AG03,FALSE,NOT_FOR_ENFORCEMENT,161.6883,11549.7197,168.4253,161.6883,6.7370,0.01251133,0.01201088,6.7370,161.6883,0.01201088,6.7370,6.7370,6.7370,10.1055,10.1055,161.6883,0.01201088,40.4221,36.7584,128.0032,131.6669,0.00950861,0.00978077,0.00050045,7.0077,6.2661,0.0877,10.5266,0.1689,841.3636,120.0000,7.1725,3.5334,4.0407,6.0611,8.1756,12.1222,16.1629,20.2037,6.0611,0.0,2.666667,3.333333,1.156179,29,150,35,2,0.97716482,0.01251133,0.01264445,0E-8,0.000000,0.893710,0.075482,-0.00582929,2026-06-30,2026-08-06,16,997,296,38,0.421053,2.029941,1.023519,3.257216,,,,,,,,GLOBAL_BASELINE_NO_ENTITY_RANKING,,,NOT_APPLICABLE_GLOBAL_BASELINE,HF9g-P5,,,,X 全窗基线 · 不参与实体赏罚,6874457,688,A168_HF9F_20260827_0900,2026-08-27 09:00:00
2026-07-30,152220872,2242,0,26.5707394841,9.8107345789,9.8107345789,0.6000000,7,7,0.49899058571428571,0.498990585714,0.4517287539699235,0.45172875397120177,0.4517287539699235,2.8571E-13,ELIGIBLE,R03b_20260811_FULL_v1,L1_ELIGIBILITY,v2026-08-11,2026-03-21..2026-08-06,baccarat_bet02_101_all_pairs_incl_sentinel,round_win = game_pnl > 0 (decisive only),COMPATIBILITY_ONLY_NOT_PRODUCTION,13461.8174,12030.9580,168.4253,1921,1920,-0.01251133,-0.01264445,-0.00681516,-0.01251133,-168.4253,13461.8174,OK,0.0000,6.7370,4.0000,96.0000,AG03-UNRESOLVED,ALL5_LEVELS_bet23_to_bet27,6.7370,6.7370,6.7370,10.1055,10.1055,4.000000,4.000000,4.000000,6.000000,6.000000,96.000000,96.000000,96.000000,94.000000,94.000000,5.0,40.4221,36.7584,128.0032,131.6669,PENDING_AG03,FALSE,NOT_FOR_ENFORCEMENT,161.6883,11549.7197,168.4253,161.6883,6.7370,0.01251133,0.01201088,6.7370,161.6883,0.01201088,6.7370,6.7370,6.7370,10.1055,10.1055,161.6883,0.01201088,40.4221,36.7584,128.0032,131.6669,0.00950861,0.00978077,0.00050045,7.0077,6.2661,0.0877,10.5266,0.1689,841.3636,120.0000,7.1725,3.5334,4.0407,6.0611,8.1756,12.1222,16.1629,20.2037,6.0611,0.0,2.666667,3.333333,1.156179,29,150,35,2,0.97716482,0.01251133,0.01264445,0E-8,0.000000,0.893710,0.075482,-0.00582929,2026-06-30,2026-08-06,16,997,296,38,0.421053,2.029941,1.023519,3.257216,,,,,,,,GLOBAL_BASELINE_NO_ENTITY_RANKING,,,NOT_APPLICABLE_GLOBAL_BASELINE,HF9g-P5,,,,X 全窗基线 · 不参与实体赏罚,6874458,688,A168_HF9F_20260827_0900,2026-08-27 09:00:00
2026-07-30,152220872,2261,0,12.2634182234,4.0878060745,4.0878060745,0.5000000,3,3,0.50218230000000000,0.502182300000,-0.00617253530718887,-0.00617253530718887,-0.00617253530718887,0E-17,ELIGIBLE,R03b_20260811_FULL_v1,L1_ELIGIBILITY,v2026-08-11,2026-03-21..2026-08-06,baccarat_bet02_101_all_pairs_incl_sentinel,round_win = game_pnl > 0 (decisive only),COMPATIBILITY_ONLY_NOT_PRODUCTION,13461.8174,12030.9580,168.4253,1921,1920,-0.01251133,-0.01264445,-0.00681516,-0.01251133,-168.4253,13461.8174,OK,0.0000,6.7370,4.0000,96.0000,AG03-UNRESOLVED,ALL5_LEVELS_bet23_to_bet27,6.7370,6.7370,6.7370,10.1055,10.1055,4.000000,4.000000,4.000000,6.000000,6.000000,96.000000,96.000000,96.000000,94.000000,94.000000,5.0,40.4221,36.7584,128.0032,131.6669,PENDING_AG03,FALSE,NOT_FOR_ENFORCEMENT,161.6883,11549.7197,168.4253,161.6883,6.7370,0.01251133,0.01201088,6.7370,161.6883,0.01201088,6.7370,6.7370,6.7370,10.1055,10.1055,161.6883,0.01201088,40.4221,36.7584,128.0032,131.6669,0.00950861,0.00978077,0.00050045,7.0077,6.2661,0.0877,10.5266,0.1689,841.3636,120.0000,7.1725,3.5334,4.0407,6.0611,8.1756,12.1222,16.1629,20.2037,6.0611,0.0,2.666667,3.333333,1.156179,29,150,35,2,0.97716482,0.01251133,0.01264445,0E-8,0.000000,0.893710,0.075482,-0.00582929,2026-06-30,2026-08-06,16,997,296,38,0.421053,2.029941,1.023519,3.257216,,,,,,,,GLOBAL_BASELINE_NO_ENTITY_RANKING,,,NOT_APPLICABLE_GLOBAL_BASELINE,HF9g-P5,,,,X 全窗基线 · 不参与实体赏罚,6874459,688,A168_HF9F_20260827_0900,2026-08-27 09:00:00
2026-07-30,152220872,2266,0,8.1756121490,7.7668315415,7.7668315415,1.0000000,1,1,0.50665070000000000,0.506650700000,0.9867858985152569,0.9867858985152569,0.9867858985152569,0E-17,ELIGIBLE,R03b_20260811_FULL_v1,L1_ELIGIBILITY,v2026-08-11,2026-03-21..2026-08-06,baccarat_bet02_101_all_pairs_incl_sentinel,round_win = game_pnl > 0 (decisive only),COMPATIBILITY_ONLY_NOT_PRODUCTION,13461.8174,12030.9580,168.4253,1921,1920,-0.01251133,-0.01264445,-0.00681516,-0.01251133,-168.4253,13461.8174,OK,0.0000,6.7370,4.0000,96.0000,AG03-UNRESOLVED,ALL5_LEVELS_bet23_to_bet27,6.7370,6.7370,6.7370,10.1055,10.1055,4.000000,4.000000,4.000000,6.000000,6.000000,96.000000,96.000000,96.000000,94.000000,94.000000,5.0,40.4221,36.7584,128.0032,131.6669,PENDING_AG03,FALSE,NOT_FOR_ENFORCEMENT,161.6883,11549.7197,168.4253,161.6883,6.7370,0.01251133,0.01201088,6.7370,161.6883,0.01201088,6.7370,6.7370,6.7370,10.1055,10.1055,161.6883,0.01201088,40.4221,36.7584,128.0032,131.6669,0.00950861,0.00978077,0.00050045,7.0077,6.2661,0.0877,10.5266,0.1689,841.3636,120.0000,7.1725,3.5334,4.0407,6.0611,8.1756,12.1222,16.1629,20.2037,6.0611,0.0,2.666667,3.333333,1.156179,29,150,35,2,0.97716482,0.01251133,0.01264445,0E-8,0.000000,0.893710,0.075482,-0.00582929,2026-06-30,2026-08-06,16,997,296,38,0.421053,2.029941,1.023519,3.257216,,,,,,,,GLOBAL_BASELINE_NO_ENTITY_RANKING,,,NOT_APPLICABLE_GLOBAL_BASELINE,HF9g-P5,,,,X 全窗基线 · 不参与实体赏罚,6874460,688,A168_HF9F_20260827_0900,2026-08-27 09:00:00
2026-07-30,152220872,2271,0,8.5843927564,0.1839512733,0.1839512733,0.5000000,2,2,0.49994810000000000,0.499948100000,0.00014679536856514622,0.00014679536856514622,0.00014679536856514622,0E-17,ELIGIBLE,R03b_20260811_FULL_v1,L1_ELIGIBILITY,v2026-08-11,2026-03-21..2026-08-06,baccarat_bet02_101_all_pairs_incl_sentinel,round_win = game_pnl > 0 (decisive only),COMPATIBILITY_ONLY_NOT_PRODUCTION,13461.8174,12030.9580,168.4253,1921,1920,-0.01251133,-0.01264445,-0.00681516,-0.01251133,-168.4253,13461.8174,OK,0.0000,6.7370,4.0000,96.0000,AG03-UNRESOLVED,ALL5_LEVELS_bet23_to_bet27,6.7370,6.7370,6.7370,10.1055,10.1055,4.000000,4.000000,4.000000,6.000000,6.000000,96.000000,96.000000,96.000000,94.000000,94.000000,5.0,40.4221,36.7584,128.0032,131.6669,PENDING_AG03,FALSE,NOT_FOR_ENFORCEMENT,161.6883,11549.7197,168.4253,161.6883,6.7370,0.01251133,0.01201088,6.7370,161.6883,0.01201088,6.7370,6.7370,6.7370,10.1055,10.1055,161.6883,0.01201088,40.4221,36.7584,128.0032,131.6669,0.00950861,0.00978077,0.00050045,7.0077,6.2661,0.0877,10.5266,0.1689,841.3636,120.0000,7.1725,3.5334,4.0407,6.0611,8.1756,12.1222,16.1629,20.2037,6.0611,0.0,2.666667,3.333333,1.156179,29,150,35,2,0.97716482,0.01251133,0.01264445,0E-8,0.000000,0.893710,0.075482,-0.00582929,2026-06-30,2026-08-06,16,997,296,38,0.421053,2.029941,1.023519,3.257216,,,,,,,,GLOBAL_BASELINE_NO_ENTITY_RANKING,,,NOT_APPLICABLE_GLOBAL_BASELINE,HF9g-P5,,,,X 全窗基线 · 不参与实体赏罚,6874461,688,A168_HF9F_20260827_0900,2026-08-27 09:00:00
2026-07-30,152220872,2287,0,20.4390303724,8.1756121490,8.1756121490,0.6666667,3,3,0.49771390000000000,0.497713900000,0.5852756695216578,0.5852756695216578,0.5852756695216578,0E-17,ELIGIBLE,R03b_20260811_FULL_v1,L1_ELIGIBILITY,v2026-08-11,2026-03-21..2026-08-06,baccarat_bet02_101_all_pairs_incl_sentinel,round_win = game_pnl > 0 (decisive only),COMPATIBILITY_ONLY_NOT_PRODUCTION,13461.8174,12030.9580,168.4253,1921,1920,-0.01251133,-0.01264445,-0.00681516,-0.01251133,-168.4253,13461.8174,OK,0.0000,6.7370,4.0000,96.0000,AG03-UNRESOLVED,ALL5_LEVELS_bet23_to_bet27,6.7370,6.7370,6.7370,10.1055,10.1055,4.000000,4.000000,4.000000,6.000000,6.000000,96.000000,96.000000,96.000000,94.000000,94.000000,5.0,40.4221,36.7584,128.0032,131.6669,PENDING_AG03,FALSE,NOT_FOR_ENFORCEMENT,161.6883,11549.7197,168.4253,161.6883,6.7370,0.01251133,0.01201088,6.7370,161.6883,0.01201088,6.7370,6.7370,6.7370,10.1055,10.1055,161.6883,0.01201088,40.4221,36.7584,128.0032,131.6669,0.00950861,0.00978077,0.00050045,7.0077,6.2661,0.0877,10.5266,0.1689,841.3636,120.0000,7.1725,3.5334,4.0407,6.0611,8.1756,12.1222,16.1629,20.2037,6.0611,0.0,2.666667,3.333333,1.156179,29,150,35,2,0.97716482,0.01251133,0.01264445,0E-8,0.000000,0.893710,0.075482,-0.00582929,2026-06-30,2026-08-06,16,997,296,38,0.421053,2.029941,1.023519,3.257216,,,,,,,,GLOBAL_BASELINE_NO_ENTITY_RANKING,,,NOT_APPLICABLE_GLOBAL_BASELINE,HF9g-P5,,,,X 全窗基线 · 不参与实体赏罚,6874462,688,A168_HF9F_20260827_0900,2026-08-27 09:00:00
2026-07-30,152220872,2288,0,2.0439030372,-2.0439030372,-2.0439030372,0E-7,1,1,0.50665070000000000,0.506650700000,-1.013391052207602,-1.013391052207602,-1.013391052207602,0E-17,ELIGIBLE,R03b_20260811_FULL_v1,L1_ELIGIBILITY,v2026-08-11,2026-03-21..2026-08-06,baccarat_bet02_101_all_pairs_incl_sentinel,round_win = game_pnl > 0 (decisive only),COMPATIBILITY_ONLY_NOT_PRODUCTION,13461.8174,12030.9580,168.4253,1921,1920,-0.01251133,-0.01264445,-0.00681516,-0.01251133,-168.4253,13461.8174,OK,0.0000,6.7370,4.0000,96.0000,AG03-UNRESOLVED,ALL5_LEVELS_bet23_to_bet27,6.7370,6.7370,6.7370,10.1055,10.1055,4.000000,4.000000,4.000000,6.000000,6.000000,96.000000,96.000000,96.000000,94.000000,94.000000,5.0,40.4221,36.7584,128.0032,131.6669,PENDING_AG03,FALSE,NOT_FOR_ENFORCEMENT,161.6883,11549.7197,168.4253,161.6883,6.7370,0.01251133,0.01201088,6.7370,161.6883,0.01201088,6.7370,6.7370,6.7370,10.1055,10.1055,161.6883,0.01201088,40.4221,36.7584,128.0032,131.6669,0.00950861,0.00978077,0.00050045,7.0077,6.2661,0.0877,10.5266,0.1689,841.3636,120.0000,7.1725,3.5334,4.0407,6.0611,8.1756,12.1222,16.1629,20.2037,6.0611,0.0,2.666667,3.333333,1.156179,29,150,35,2,0.97716482,0.01251133,0.01264445,0E-8,0.000000,0.893710,0.075482,-0.00582929,2026-06-30,2026-08-06,16,997,296,38,0.421053,2.029941,1.023519,3.257216,,,,,,,,GLOBAL_BASELINE_NO_ENTITY_RANKING,,,NOT_APPLICABLE_GLOBAL_BASELINE,HF9g-P5,,,,X 全窗基线 · 不参与实体赏罚,6874463,688,A168_HF9F_20260827_0900,2026-08-27 09:00:00
2026-07-30,152220872,2289,0,2.0439030372,-2.0439030372,-2.0439030372,0E-7,1,1,0.50665070000000000,0.506650700000,-1.013391052207602,-1.013391052207602,-1.013391052207602,0E-17,ELIGIBLE,R03b_20260811_FULL_v1,L1_ELIGIBILITY,v2026-08-11,2026-03-21..2026-08-06,baccarat_bet02_101_all_pairs_incl_sentinel,round_win = game_pnl > 0 (decisive only),COMPATIBILITY_ONLY_NOT_PRODUCTION,13461.8174,12030.9580,168.4253,1921,1920,-0.01251133,-0.01264445,-0.00681516,-0.01251133,-168.4253,13461.8174,OK,0.0000,6.7370,4.0000,96.0000,AG03-UNRESOLVED,ALL5_LEVELS_bet23_to_bet27,6.7370,6.7370,6.7370,10.1055,10.1055,4.000000,4.000000,4.000000,6.000000,6.000000,96.000000,96.000000,96.000000,94.000000,94.000000,5.0,40.4221,36.7584,128.0032,131.6669,PENDING_AG03,FALSE,NOT_FOR_ENFORCEMENT,161.6883,11549.7197,168.4253,161.6883,6.7370,0.01251133,0.01201088,6.7370,161.6883,0.01201088,6.7370,6.7370,6.7370,10.1055,10.1055,161.6883,0.01201088,40.4221,36.7584,128.0032,131.6669,0.00950861,0.00978077,0.00050045,7.0077,6.2661,0.0877,10.5266,0.1689,841.3636,120.0000,7.1725,3.5334,4.0407,6.0611,8.1756,12.1222,16.1629,20.2037,6.0611,0.0,2.666667,3.333333,1.156179,29,150,35,2,0.97716482,0.01251133,0.01264445,0E-8,0.000000,0.893710,0.075482,-0.00582929,2026-06-30,2026-08-06,16,997,296,38,0.421053,2.029941,1.023519,3.257216,,,,,,,,GLOBAL_BASELINE_NO_ENTITY_RANKING,,,NOT_APPLICABLE_GLOBAL_BASELINE,HF9g-P5,,,,X 全窗基线 · 不参与实体赏罚,6874464,688,A168_HF9F_20260827_0900,2026-08-27 09:00:00
2026-07-30,152220872,462,0,22.4829334097,-2.3504884929,-2.3504884929,0.5000000,4,4,0.49994810000000000,0.499948100000,0.00014679536856514622,0.00014679536856514622,0.00014679536856514622,0E-17,ELIGIBLE,R03b_20260811_FULL_v1,L1_ELIGIBILITY,v2026-08-11,2026-03-21..2026-08-06,baccarat_bet02_101_all_pairs_incl_sentinel,round_win = game_pnl > 0 (decisive only),COMPATIBILITY_ONLY_NOT_PRODUCTION,13461.8174,12030.9580,168.4253,1921,1920,-0.01251133,-0.01264445,-0.00681516,-0.01251133,-168.4253,13461.8174,OK,0.0000,6.7370,4.0000,96.0000,AG03-UNRESOLVED,ALL5_LEVELS_bet23_to_bet27,6.7370,6.7370,6.7370,10.1055,10.1055,4.000000,4.000000,4.000000,6.000000,6.000000,96.000000,96.000000,96.000000,94.000000,94.000000,5.0,40.4221,36.7584,128.0032,131.6669,PENDING_AG03,FALSE,NOT_FOR_ENFORCEMENT,161.6883,11549.7197,168.4253,161.6883,6.7370,0.01251133,0.01201088,6.7370,161.6883,0.01201088,6.7370,6.7370,6.7370,10.1055,10.1055,161.6883,0.01201088,40.4221,36.7584,128.0032,131.6669,0.00950861,0.00978077,0.00050045,7.0077,6.2661,0.0877,10.5266,0.1689,841.3636,120.0000,7.1725,3.5334,4.0407,6.0611,8.1756,12.1222,16.1629,20.2037,6.0611,0.0,2.666667,3.333333,1.156179,29,150,35,2,0.97716482,0.01251133,0.01264445,0E-8,0.000000,0.893710,0.075482,-0.00582929,2026-06-30,2026-08-06,16,997,296,38,0.421053,2.029941,1.023519,3.257216,,,,,,,,GLOBAL_BASELINE_NO_ENTITY_RANKING,,,NOT_APPLICABLE_GLOBAL_BASELINE,HF9g-P5,,,,X 全窗基线 · 不参与实体赏罚,6874465,688,A168_HF9F_20260827_0900,2026-08-27 09:00:00
2026-07-30,152220872,471,0,8.1756121490,7.7668315415,7.7668315415,1.0000000,1,1,0.50665070000000000,0.506650700000,0.9867858985152569,0.9867858985152569,0.9867858985152569,0E-17,ELIGIBLE,R03b_20260811_FULL_v1,L1_ELIGIBILITY,v2026-08-11,2026-03-21..2026-08-06,baccarat_bet02_101_all_pairs_incl_sentinel,round_win = game_pnl > 0 (decisive only),COMPATIBILITY_ONLY_NOT_PRODUCTION,13461.8174,12030.9580,168.4253,1921,1920,-0.01251133,-0.01264445,-0.00681516,-0.01251133,-168.4253,13461.8174,OK,0.0000,6.7370,4.0000,96.0000,AG03-UNRESOLVED,ALL5_LEVELS_bet23_to_bet27,6.7370,6.7370,6.7370,10.1055,10.1055,4.000000,4.000000,4.000000,6.000000,6.000000,96.000000,96.000000,96.000000,94.000000,94.000000,5.0,40.4221,36.7584,128.0032,131.6669,PENDING_AG03,FALSE,NOT_FOR_ENFORCEMENT,161.6883,11549.7197,168.4253,161.6883,6.7370,0.01251133,0.01201088,6.7370,161.6883,0.01201088,6.7370,6.7370,6.7370,10.1055,10.1055,161.6883,0.01201088,40.4221,36.7584,128.0032,131.6669,0.00950861,0.00978077,0.00050045,7.0077,6.2661,0.0877,10.5266,0.1689,841.3636,120.0000,7.1725,3.5334,4.0407,6.0611,8.1756,12.1222,16.1629,20.2037,6.0611,0.0,2.666667,3.333333,1.156179,29,150,35,2,0.97716482,0.01251133,0.01264445,0E-8,0.000000,0.893710,0.075482,-0.00582929,2026-06-30,2026-08-06,16,997,296,38,0.421053,2.029941,1.023519,3.257216,,,,,,,,GLOBAL_BASELINE_NO_ENTITY_RANKING,,,NOT_APPLICABLE_GLOBAL_BASELINE,HF9g-P5,,,,X 全窗基线 · 不参与实体赏罚,6874466,688,A168_HF9F_20260827_0900,2026-08-27 09:00:00
2026-07-30,152220872,529,0,2.0439030372,1.9417078854,1.9417078854,1.0000000,1,1,0.50665070000000000,0.506650700000,0.9867858985152569,0.9867858985152569,0.9867858985152569,0E-17,ELIGIBLE,R03b_20260811_FULL_v1,L1_ELIGIBILITY,v2026-08-11,2026-03-21..2026-08-06,baccarat_bet02_101_all_pairs_incl_sentinel,round_win = game_pnl > 0 (decisive only),COMPATIBILITY_ONLY_NOT_PRODUCTION,13461.8174,12030.9580,168.4253,1921,1920,-0.01251133,-0.01264445,-0.00681516,-0.01251133,-168.4253,13461.8174,OK,0.0000,6.7370,4.0000,96.0000,AG03-UNRESOLVED,ALL5_LEVELS_bet23_to_bet27,6.7370,6.7370,6.7370,10.1055,10.1055,4.000000,4.000000,4.000000,6.000000,6.000000,96.000000,96.000000,96.000000,94.000000,94.000000,5.0,40.4221,36.7584,128.0032,131.6669,PENDING_AG03,FALSE,NOT_FOR_ENFORCEMENT,161.6883,11549.7197,168.4253,161.6883,6.7370,0.01251133,0.01201088,6.7370,161.6883,0.01201088,6.7370,6.7370,6.7370,10.1055,10.1055,161.6883,0.01201088,40.4221,36.7584,128.0032,131.6669,0.00950861,0.00978077,0.00050045,7.0077,6.2661,0.0877,10.5266,0.1689,841.3636,120.0000,7.1725,3.5334,4.0407,6.0611,8.1756,12.1222,16.1629,20.2037,6.0611,0.0,2.666667,3.333333,1.156179,29,150,35,2,0.97716482,0.01251133,0.01264445,0E-8,0.000000,0.893710,0.075482,-0.00582929,2026-06-30,2026-08-06,16,997,296,38,0.421053,2.029941,1.023519,3.257216,,,,,,,,GLOBAL_BASELINE_NO_ENTITY_RANKING,,,NOT_APPLICABLE_GLOBAL_BASELINE,HF9g-P5,,,,X 全窗基线 · 不参与实体赏罚,6874467,688,A168_HF9F_20260827_0900,2026-08-27 09:00:00
2026-07-30,152220872,550,0,4.0878060745,0E-10,0E-10,,1,1,0.50665070000000000,0.506650700000,,,,0E-17,NO_DECISIVE_ROUND,R03b_20260811_FULL_v1,L1_ELIGIBILITY,v2026-08-11,2026-03-21..2026-08-06,baccarat_bet02_101_all_pairs_incl_sentinel,round_win = game_pnl > 0 (decisive only),COMPATIBILITY_ONLY_NOT_PRODUCTION,13461.8174,12030.9580,168.4253,1921,1920,-0.01251133,-0.01264445,-0.00681516,-0.01251133,-168.4253,13461.8174,OK,0.0000,6.7370,4.0000,96.0000,AG03-UNRESOLVED,ALL5_LEVELS_bet23_to_bet27,6.7370,6.7370,6.7370,10.1055,10.1055,4.000000,4.000000,4.000000,6.000000,6.000000,96.000000,96.000000,96.000000,94.000000,94.000000,5.0,40.4221,36.7584,128.0032,131.6669,PENDING_AG03,FALSE,NOT_FOR_ENFORCEMENT,161.6883,11549.7197,168.4253,161.6883,6.7370,0.01251133,0.01201088,6.7370,161.6883,0.01201088,6.7370,6.7370,6.7370,10.1055,10.1055,161.6883,0.01201088,40.4221,36.7584,128.0032,131.6669,0.00950861,0.00978077,0.00050045,7.0077,6.2661,0.0877,10.5266,0.1689,841.3636,120.0000,7.1725,3.5334,4.0407,6.0611,8.1756,12.1222,16.1629,20.2037,6.0611,0.0,2.666667,3.333333,1.156179,29,150,35,2,0.97716482,0.01251133,0.01264445,0E-8,0.000000,0.893710,0.075482,-0.00582929,2026-06-30,2026-08-06,16,997,296,38,0.421053,2.029941,1.023519,3.257216,,,,,,,,GLOBAL_BASELINE_NO_ENTITY_RANKING,,,NOT_APPLICABLE_GLOBAL_BASELINE,HF9g-P5,,,,X 全窗基线 · 不参与实体赏罚,6874468,688,A168_HF9F_20260827_0900,2026-08-27 09:00:00
2026-07-30,152220872,752,0,12.2634182235,-12.2634182235,-12.2634182235,0E-7,2,2,0.49994810000000000,0.499948100000,-1.4140667746232096,-1.4140667746232096,-1.4140667746232096,0E-17,ELIGIBLE,R03b_20260811_FULL_v1,L1_ELIGIBILITY,v2026-08-11,2026-03-21..2026-08-06,baccarat_bet02_101_all_pairs_incl_sentinel,round_win = game_pnl > 0 (decisive only),COMPATIBILITY_ONLY_NOT_PRODUCTION,13461.8174,12030.9580,168.4253,1921,1920,-0.01251133,-0.01264445,-0.00681516,-0.01251133,-168.4253,13461.8174,OK,0.0000,6.7370,4.0000,96.0000,AG03-UNRESOLVED,ALL5_LEVELS_bet23_to_bet27,6.7370,6.7370,6.7370,10.1055,10.1055,4.000000,4.000000,4.000000,6.000000,6.000000,96.000000,96.000000,96.000000,94.000000,94.000000,5.0,40.4221,36.7584,128.0032,131.6669,PENDING_AG03,FALSE,NOT_FOR_ENFORCEMENT,161.6883,11549.7197,168.4253,161.6883,6.7370,0.01251133,0.01201088,6.7370,161.6883,0.01201088,6.7370,6.7370,6.7370,10.1055,10.1055,161.6883,0.01201088,40.4221,36.7584,128.0032,131.6669,0.00950861,0.00978077,0.00050045,7.0077,6.2661,0.0877,10.5266,0.1689,841.3636,120.0000,7.1725,3.5334,4.0407,6.0611,8.1756,12.1222,16.1629,20.2037,6.0611,0.0,2.666667,3.333333,1.156179,29,150,35,2,0.97716482,0.01251133,0.01264445,0E-8,0.000000,0.893710,0.075482,-0.00582929,2026-06-30,2026-08-06,16,997,296,38,0.421053,2.029941,1.023519,3.257216,,,,,,,,GLOBAL_BASELINE_NO_ENTITY_RANKING,,,NOT_APPLICABLE_GLOBAL_BASELINE,HF9g-P5,,,,X 全窗基线 · 不参与实体赏罚,6874469,688,A168_HF9F_20260827_0900,2026-08-27 09:00:00
2026-07-30,152220872,986,0,2.0439030372,-2.0439030372,-2.0439030372,0E-7,1,1,0.49324550000000000,0.493245500000,-0.9865810262130424,-0.9865810262130424,-0.9865810262130424,0E-17,ELIGIBLE,R03b_20260811_FULL_v1,L1_ELIGIBILITY,v2026-08-11,2026-03-21..2026-08-06,baccarat_bet02_101_all_pairs_incl_sentinel,round_win = game_pnl > 0 (decisive only),COMPATIBILITY_ONLY_NOT_PRODUCTION,13461.8174,12030.9580,168.4253,1921,1920,-0.01251133,-0.01264445,-0.00681516,-0.01251133,-168.4253,13461.8174,OK,0.0000,6.7370,4.0000,96.0000,AG03-UNRESOLVED,ALL5_LEVELS_bet23_to_bet27,6.7370,6.7370,6.7370,10.1055,10.1055,4.000000,4.000000,4.000000,6.000000,6.000000,96.000000,96.000000,96.000000,94.000000,94.000000,5.0,40.4221,36.7584,128.0032,131.6669,PENDING_AG03,FALSE,NOT_FOR_ENFORCEMENT,161.6883,11549.7197,168.4253,161.6883,6.7370,0.01251133,0.01201088,6.7370,161.6883,0.01201088,6.7370,6.7370,6.7370,10.1055,10.1055,161.6883,0.01201088,40.4221,36.7584,128.0032,131.6669,0.00950861,0.00978077,0.00050045,7.0077,6.2661,0.0877,10.5266,0.1689,841.3636,120.0000,7.1725,3.5334,4.0407,6.0611,8.1756,12.1222,16.1629,20.2037,6.0611,0.0,2.666667,3.333333,1.156179,29,150,35,2,0.97716482,0.01251133,0.01264445,0E-8,0.000000,0.893710,0.075482,-0.00582929,2026-06-30,2026-08-06,16,997,296,38,0.421053,2.029941,1.023519,3.257216,,,,,,,,GLOBAL_BASELINE_NO_ENTITY_RANKING,,,NOT_APPLICABLE_GLOBAL_BASELINE,HF9g-P5,,,,X 全窗基线 · 不参与实体赏罚,6874470,688,A168_HF9F_20260827_0900,2026-08-27 09:00:00
2026-07-30,152220872,993,0,38.8341577076,-22.4829334096,-22.4829334096,0.2000000,5,5,0.49592654000000000,0.495926540000,-1.323467641100715,-1.323467641100715,-1.323467641100715,0E-17,ELIGIBLE,R03b_20260811_FULL_v1,L1_ELIGIBILITY,v2026-08-11,2026-03-21..2026-08-06,baccarat_bet02_101_all_pairs_incl_sentinel,round_win = game_pnl > 0 (decisive only),COMPATIBILITY_ONLY_NOT_PRODUCTION,13461.8174,12030.9580,168.4253,1921,1920,-0.01251133,-0.01264445,-0.00681516,-0.01251133,-168.4253,13461.8174,OK,0.0000,6.7370,4.0000,96.0000,AG03-UNRESOLVED,ALL5_LEVELS_bet23_to_bet27,6.7370,6.7370,6.7370,10.1055,10.1055,4.000000,4.000000,4.000000,6.000000,6.000000,96.000000,96.000000,96.000000,94.000000,94.000000,5.0,40.4221,36.7584,128.0032,131.6669,PENDING_AG03,FALSE,NOT_FOR_ENFORCEMENT,161.6883,11549.7197,168.4253,161.6883,6.7370,0.01251133,0.01201088,6.7370,161.6883,0.01201088,6.7370,6.7370,6.7370,10.1055,10.1055,161.6883,0.01201088,40.4221,36.7584,128.0032,131.6669,0.00950861,0.00978077,0.00050045,7.0077,6.2661,0.0877,10.5266,0.1689,841.3636,120.0000,7.1725,3.5334,4.0407,6.0611,8.1756,12.1222,16.1629,20.2037,6.0611,0.0,2.666667,3.333333,1.156179,29,150,35,2,0.97716482,0.01251133,0.01264445,0E-8,0.000000,0.893710,0.075482,-0.00582929,2026-06-30,2026-08-06,16,997,296,38,0.421053,2.029941,1.023519,3.257216,,,,,,,,GLOBAL_BASELINE_NO_ENTITY_RANKING,,,NOT_APPLICABLE_GLOBAL_BASELINE,HF9g-P5,,,,X 全窗基线 · 不参与实体赏罚,6874471,688,A168_HF9F_20260827_0900,2026-08-27 09:00:00
2026-07-30,152220872,994,0,44.9658668193,26.9795200916,26.9795200916,0.8000000,10,10,0.50531018000000000,0.505310180000,1.8638871877195078,1.8638871877195078,1.8638871877195078,0E-17,ELIGIBLE,R03b_20260811_FULL_v1,L1_ELIGIBILITY,v2026-08-11,2026-03-21..2026-08-06,baccarat_bet02_101_all_pairs_incl_sentinel,round_win = game_pnl > 0 (decisive only),COMPATIBILITY_ONLY_NOT_PRODUCTION,13461.8174,12030.9580,168.4253,1921,1920,-0.01251133,-0.01264445,-0.00681516,-0.01251133,-168.4253,13461.8174,OK,0.0000,6.7370,4.0000,96.0000,AG03-UNRESOLVED,ALL5_LEVELS_bet23_to_bet27,6.7370,6.7370,6.7370,10.1055,10.1055,4.000000,4.000000,4.000000,6.000000,6.000000,96.000000,96.000000,96.000000,94.000000,94.000000,5.0,40.4221,36.7584,128.0032,131.6669,PENDING_AG03,FALSE,NOT_FOR_ENFORCEMENT,161.6883,11549.7197,168.4253,161.6883,6.7370,0.01251133,0.01201088,6.7370,161.6883,0.01201088,6.7370,6.7370,6.7370,10.1055,10.1055,161.6883,0.01201088,40.4221,36.7584,128.0032,131.6669,0.00950861,0.00978077,0.00050045,7.0077,6.2661,0.0877,10.5266,0.1689,841.3636,120.0000,7.1725,3.5334,4.0407,6.0611,8.1756,12.1222,16.1629,20.2037,6.0611,0.0,2.666667,3.333333,1.156179,29,150,35,2,0.97716482,0.01251133,0.01264445,0E-8,0.000000,0.893710,0.075482,-0.00582929,2026-06-30,2026-08-06,16,997,296,38,0.421053,2.029941,1.023519,3.257216,,,,,,,,GLOBAL_BASELINE_NO_ENTITY_RANKING,,,NOT_APPLICABLE_GLOBAL_BASELINE,HF9g-P5,,,,X 全窗基线 · 不参与实体赏罚,6874472,688,A168_HF9F_20260827_0900,2026-08-27 09:00:00
2026-07-31,152220872,-1,1,158.2946246551,25.2165050625,25.2165050625,0.6521739,25,25,0.49860758000000000,0.498607580000,1.4729622335268961,1.4729622335268964,1.4729622335268961,0E-17,SENTINEL_DEALER,R03b_20260811_FULL_v1,L1_ELIGIBILITY,v2026-08-11,2026-03-21..2026-08-06,baccarat_bet02_101_all_pairs_incl_sentinel,round_win = game_pnl > 0 (decisive only),COMPATIBILITY_ONLY_NOT_PRODUCTION,13461.8174,12030.9580,168.4253,1921,1920,-0.01251133,-0.01264445,-0.00681516,-0.01251133,-168.4253,13461.8174,OK,0.0000,6.7370,4.0000,96.0000,AG03-UNRESOLVED,ALL5_LEVELS_bet23_to_bet27,6.7370,6.7370,6.7370,10.1055,10.1055,4.000000,4.000000,4.000000,6.000000,6.000000,96.000000,96.000000,96.000000,94.000000,94.000000,5.0,40.4221,36.7584,128.0032,131.6669,PENDING_AG03,FALSE,NOT_FOR_ENFORCEMENT,161.6883,11549.7197,168.4253,161.6883,6.7370,0.01251133,0.01201088,6.7370,161.6883,0.01201088,6.7370,6.7370,6.7370,10.1055,10.1055,161.6883,0.01201088,40.4221,36.7584,128.0032,131.6669,0.00950861,0.00978077,0.00050045,7.0077,6.2661,0.0877,10.5266,0.1689,841.3636,120.0000,7.1725,3.5334,4.0407,6.0611,8.1756,12.1222,16.1629,20.2037,6.0611,0.0,2.666667,3.333333,1.156179,29,150,35,2,0.97716482,0.01251133,0.01264445,0E-8,0.000000,0.893710,0.075482,-0.00582929,2026-06-30,2026-08-06,16,997,296,38,0.421053,2.029941,1.023519,3.257216,,,,,,,,GLOBAL_BASELINE_NO_ENTITY_RANKING,,,NOT_APPLICABLE_GLOBAL_BASELINE,HF9g-P5,,,,X 全窗基线 · 不参与实体赏罚,6874473,688,A168_HF9F_20260827_0900,2026-08-27 09:00:00
2026-07-31,152220872,1017,0,16.1629222563,-6.0610958461,-6.0610958461,0E-7,2,2,0.49994810000000000,0.499948100000,-0.9998962053866608,-0.9998962053866608,-0.9998962053866608,0E-17,ELIGIBLE,R03b_20260811_FULL_v1,L1_ELIGIBILITY,v2026-08-11,2026-03-21..2026-08-06,baccarat_bet02_101_all_pairs_incl_sentinel,round_win = game_pnl > 0 (decisive only),COMPATIBILITY_ONLY_NOT_PRODUCTION,13461.8174,12030.9580,168.4253,1921,1920,-0.01251133,-0.01264445,-0.00681516,-0.01251133,-168.4253,13461.8174,OK,0.0000,6.7370,4.0000,96.0000,AG03-UNRESOLVED,ALL5_LEVELS_bet23_to_bet27,6.7370,6.7370,6.7370,10.1055,10.1055,4.000000,4.000000,4.000000,6.000000,6.000000,96.000000,96.000000,96.000000,94.000000,94.000000,5.0,40.4221,36.7584,128.0032,131.6669,PENDING_AG03,FALSE,NOT_FOR_ENFORCEMENT,161.6883,11549.7197,168.4253,161.6883,6.7370,0.01251133,0.01201088,6.7370,161.6883,0.01201088,6.7370,6.7370,6.7370,10.1055,10.1055,161.6883,0.01201088,40.4221,36.7584,128.0032,131.6669,0.00950861,0.00978077,0.00050045,7.0077,6.2661,0.0877,10.5266,0.1689,841.3636,120.0000,7.1725,3.5334,4.0407,6.0611,8.1756,12.1222,16.1629,20.2037,6.0611,0.0,2.666667,3.333333,1.156179,29,150,35,2,0.97716482,0.01251133,0.01264445,0E-8,0.000000,0.893710,0.075482,-0.00582929,2026-06-30,2026-08-06,16,997,296,38,0.421053,2.029941,1.023519,3.257216,,,,,,,,GLOBAL_BASELINE_NO_ENTITY_RANKING,,,NOT_APPLICABLE_GLOBAL_BASELINE,HF9g-P5,,,,X 全窗基线 · 不参与实体赏罚,6874474,688,A168_HF9F_20260827_0900,2026-08-27 09:00:00
2026-07-31,152220872,1094,0,14.1425569743,6.0610958461,6.0610958461,0.5000000,2,2,0.49994810000000000,0.499948100000,0.00014679536856514622,0.00014679536856514622,0.00014679536856514622,0E-17,ELIGIBLE,R03b_20260811_FULL_v1,L1_ELIGIBILITY,v2026-08-11,2026-03-21..2026-08-06,baccarat_bet02_101_all_pairs_incl_sentinel,round_win = game_pnl > 0 (decisive only),COMPATIBILITY_ONLY_NOT_PRODUCTION,13461.8174,12030.9580,168.4253,1921,1920,-0.01251133,-0.01264445,-0.00681516,-0.01251133,-168.4253,13461.8174,OK,0.0000,6.7370,4.0000,96.0000,AG03-UNRESOLVED,ALL5_LEVELS_bet23_to_bet27,6.7370,6.7370,6.7370,10.1055,10.1055,4.000000,4.000000,4.000000,6.000000,6.000000,96.000000,96.000000,96.000000,94.000000,94.000000,5.0,40.4221,36.7584,128.0032,131.6669,PENDING_AG03,FALSE,NOT_FOR_ENFORCEMENT,161.6883,11549.7197,168.4253,161.6883,6.7370,0.01251133,0.01201088,6.7370,161.6883,0.01201088,6.7370,6.7370,6.7370,10.1055,10.1055,161.6883,0.01201088,40.4221,36.7584,128.0032,131.6669,0.00950861,0.00978077,0.00050045,7.0077,6.2661,0.0877,10.5266,0.1689,841.3636,120.0000,7.1725,3.5334,4.0407,6.0611,8.1756,12.1222,16.1629,20.2037,6.0611,0.0,2.666667,3.333333,1.156179,29,150,35,2,0.97716482,0.01251133,0.01264445,0E-8,0.000000,0.893710,0.075482,-0.00582929,2026-06-30,2026-08-06,16,997,296,38,0.421053,2.029941,1.023519,3.257216,,,,,,,,GLOBAL_BASELINE_NO_ENTITY_RANKING,,,NOT_APPLICABLE_GLOBAL_BASELINE,HF9g-P5,,,,X 全窗基线 · 不参与实体赏罚,6874475,688,A168_HF9F_20260827_0900,2026-08-27 09:00:00
2026-07-31,152220872,1151,0,8.0814611282,-8.0814611282,-8.0814611282,0E-7,2,2,0.49994810000000000,0.499948100000,-1.4140667746232096,-1.4140667746232096,-1.4140667746232096,0E-17,ELIGIBLE,R03b_20260811_FULL_v1,L1_ELIGIBILITY,v2026-08-11,2026-03-21..2026-08-06,baccarat_bet02_101_all_pairs_incl_sentinel,round_win = game_pnl > 0 (decisive only),COMPATIBILITY_ONLY_NOT_PRODUCTION,13461.8174,12030.9580,168.4253,1921,1920,-0.01251133,-0.01264445,-0.00681516,-0.01251133,-168.4253,13461.8174,OK,0.0000,6.7370,4.0000,96.0000,AG03-UNRESOLVED,ALL5_LEVELS_bet23_to_bet27,6.7370,6.7370,6.7370,10.1055,10.1055,4.000000,4.000000,4.000000,6.000000,6.000000,96.000000,96.000000,96.000000,94.000000,94.000000,5.0,40.4221,36.7584,128.0032,131.6669,PENDING_AG03,FALSE,NOT_FOR_ENFORCEMENT,161.6883,11549.7197,168.4253,161.6883,6.7370,0.01251133,0.01201088,6.7370,161.6883,0.01201088,6.7370,6.7370,6.7370,10.1055,10.1055,161.6883,0.01201088,40.4221,36.7584,128.0032,131.6669,0.00950861,0.00978077,0.00050045,7.0077,6.2661,0.0877,10.5266,0.1689,841.3636,120.0000,7.1725,3.5334,4.0407,6.0611,8.1756,12.1222,16.1629,20.2037,6.0611,0.0,2.666667,3.333333,1.156179,29,150,35,2,0.97716482,0.01251133,0.01264445,0E-8,0.000000,0.893710,0.075482,-0.00582929,2026-06-30,2026-08-06,16,997,296,38,0.421053,2.029941,1.023519,3.257216,,,,,,,,GLOBAL_BASELINE_NO_ENTITY_RANKING,,,NOT_APPLICABLE_GLOBAL_BASELINE,HF9g-P5,,,,X 全窗基线 · 不参与实体赏罚,6874476,688,A168_HF9F_20260827_0900,2026-08-27 09:00:00
2026-07-31,152220872,1210,0,38.3869403588,-10.3038629384,-10.3038629384,0.5000000,6,6,0.49771390000000000,0.497713900000,0.011199674067230152,0.011199674067230152,0.011199674067230152,0E-17,ELIGIBLE,R03b_20260811_FULL_v1,L1_ELIGIBILITY,v2026-08-11,2026-03-21..2026-08-06,baccarat_bet02_101_all_pairs_incl_sentinel,round_win = game_pnl > 0 (decisive only),COMPATIBILITY_ONLY_NOT_PRODUCTION,13461.8174,12030.9580,168.4253,1921,1920,-0.01251133,-0.01264445,-0.00681516,-0.01251133,-168.4253,13461.8174,OK,0.0000,6.7370,4.0000,96.0000,AG03-UNRESOLVED,ALL5_LEVELS_bet23_to_bet27,6.7370,6.7370,6.7370,10.1055,10.1055,4.000000,4.000000,4.000000,6.000000,6.000000,96.000000,96.000000,96.000000,94.000000,94.000000,5.0,40.4221,36.7584,128.0032,131.6669,PENDING_AG03,FALSE,NOT_FOR_ENFORCEMENT,161.6883,11549.7197,168.4253,161.6883,6.7370,0.01251133,0.01201088,6.7370,161.6883,0.01201088,6.7370,6.7370,6.7370,10.1055,10.1055,161.6883,0.01201088,40.4221,36.7584,128.0032,131.6669,0.00950861,0.00978077,0.00050045,7.0077,6.2661,0.0877,10.5266,0.1689,841.3636,120.0000,7.1725,3.5334,4.0407,6.0611,8.1756,12.1222,16.1629,20.2037,6.0611,0.0,2.666667,3.333333,1.156179,29,150,35,2,0.97716482,0.01251133,0.01264445,0E-8,0.000000,0.893710,0.075482,-0.00582929,2026-06-30,2026-08-06,16,997,296,38,0.421053,2.029941,1.023519,3.257216,,,,,,,,GLOBAL_BASELINE_NO_ENTITY_RANKING,,,NOT_APPLICABLE_GLOBAL_BASELINE,HF9g-P5,,,,X 全窗基线 · 不参与实体赏罚,6874477,688,A168_HF9F_20260827_0900,2026-08-27 09:00:00
2026-07-31,152220872,1304,0,16.1629222564,7.4753515436,7.4753515436,0.6666667,3,3,0.50665070000000000,0.506650700000,0.5543606114942035,0.5543606114942035,0.5543606114942035,0E-17,ELIGIBLE,R03b_20260811_FULL_v1,L1_ELIGIBILITY,v2026-08-11,2026-03-21..2026-08-06,baccarat_bet02_101_all_pairs_incl_sentinel,round_win = game_pnl > 0 (decisive only),COMPATIBILITY_ONLY_NOT_PRODUCTION,13461.8174,12030.9580,168.4253,1921,1920,-0.01251133,-0.01264445,-0.00681516,-0.01251133,-168.4253,13461.8174,OK,0.0000,6.7370,4.0000,96.0000,AG03-UNRESOLVED,ALL5_LEVELS_bet23_to_bet27,6.7370,6.7370,6.7370,10.1055,10.1055,4.000000,4.000000,4.000000,6.000000,6.000000,96.000000,96.000000,96.000000,94.000000,94.000000,5.0,40.4221,36.7584,128.0032,131.6669,PENDING_AG03,FALSE,NOT_FOR_ENFORCEMENT,161.6883,11549.7197,168.4253,161.6883,6.7370,0.01251133,0.01201088,6.7370,161.6883,0.01201088,6.7370,6.7370,6.7370,10.1055,10.1055,161.6883,0.01201088,40.4221,36.7584,128.0032,131.6669,0.00950861,0.00978077,0.00050045,7.0077,6.2661,0.0877,10.5266,0.1689,841.3636,120.0000,7.1725,3.5334,4.0407,6.0611,8.1756,12.1222,16.1629,20.2037,6.0611,0.0,2.666667,3.333333,1.156179,29,150,35,2,0.97716482,0.01251133,0.01264445,0E-8,0.000000,0.893710,0.075482,-0.00582929,2026-06-30,2026-08-06,16,997,296,38,0.421053,2.029941,1.023519,3.257216,,,,,,,,GLOBAL_BASELINE_NO_ENTITY_RANKING,,,NOT_APPLICABLE_GLOBAL_BASELINE,HF9g-P5,,,,X 全窗基线 · 不参与实体赏罚,6874478,688,A168_HF9F_20260827_0900,2026-08-27 09:00:00
2026-07-31,152220872,1325,0,20.2036528204,0E-10,0E-10,0.5000000,2,2,0.49324550000000000,0.493245500000,0.01910635448239258,0.01910635448239258,0.01910635448239258,0E-17,ELIGIBLE,R03b_20260811_FULL_v1,L1_ELIGIBILITY,v2026-08-11,2026-03-21..2026-08-06,baccarat_bet02_101_all_pairs_incl_sentinel,round_win = game_pnl > 0 (decisive only),COMPATIBILITY_ONLY_NOT_PRODUCTION,13461.8174,12030.9580,168.4253,1921,1920,-0.01251133,-0.01264445,-0.00681516,-0.01251133,-168.4253,13461.8174,OK,0.0000,6.7370,4.0000,96.0000,AG03-UNRESOLVED,ALL5_LEVELS_bet23_to_bet27,6.7370,6.7370,6.7370,10.1055,10.1055,4.000000,4.000000,4.000000,6.000000,6.000000,96.000000,96.000000,96.000000,94.000000,94.000000,5.0,40.4221,36.7584,128.0032,131.6669,PENDING_AG03,FALSE,NOT_FOR_ENFORCEMENT,161.6883,11549.7197,168.4253,161.6883,6.7370,0.01251133,0.01201088,6.7370,161.6883,0.01201088,6.7370,6.7370,6.7370,10.1055,10.1055,161.6883,0.01201088,40.4221,36.7584,128.0032,131.6669,0.00950861,0.00978077,0.00050045,7.0077,6.2661,0.0877,10.5266,0.1689,841.3636,120.0000,7.1725,3.5334,4.0407,6.0611,8.1756,12.1222,16.1629,20.2037,6.0611,0.0,2.666667,3.333333,1.156179,29,150,35,2,0.97716482,0.01251133,0.01264445,0E-8,0.000000,0.893710,0.075482,-0.00582929,2026-06-30,2026-08-06,16,997,296,38,0.421053,2.029941,1.023519,3.257216,,,,,,,,GLOBAL_BASELINE_NO_ENTITY_RANKING,,,NOT_APPLICABLE_GLOBAL_BASELINE,HF9g-P5,,,,X 全窗基线 · 不参与实体赏罚,6874479,688,A168_HF9F_20260827_0900,2026-08-27 09:00:00
2026-07-31,152220872,1353,0,44.7069515121,-30.6040205551,-30.6040205551,0.2000000,6,6,0.50441650000000000,0.504416500000,-1.3614450872398682,-1.3614450872398682,-1.3614450872398682,0E-17,ELIGIBLE,R03b_20260811_FULL_v1,L1_ELIGIBILITY,v2026-08-11,2026-03-21..2026-08-06,baccarat_bet02_101_all_pairs_incl_sentinel,round_win = game_pnl > 0 (decisive only),COMPATIBILITY_ONLY_NOT_PRODUCTION,13461.8174,12030.9580,168.4253,1921,1920,-0.01251133,-0.01264445,-0.00681516,-0.01251133,-168.4253,13461.8174,OK,0.0000,6.7370,4.0000,96.0000,AG03-UNRESOLVED,ALL5_LEVELS_bet23_to_bet27,6.7370,6.7370,6.7370,10.1055,10.1055,4.000000,4.000000,4.000000,6.000000,6.000000,96.000000,96.000000,96.000000,94.000000,94.000000,5.0,40.4221,36.7584,128.0032,131.6669,PENDING_AG03,FALSE,NOT_FOR_ENFORCEMENT,161.6883,11549.7197,168.4253,161.6883,6.7370,0.01251133,0.01201088,6.7370,161.6883,0.01201088,6.7370,6.7370,6.7370,10.1055,10.1055,161.6883,0.01201088,40.4221,36.7584,128.0032,131.6669,0.00950861,0.00978077,0.00050045,7.0077,6.2661,0.0877,10.5266,0.1689,841.3636,120.0000,7.1725,3.5334,4.0407,6.0611,8.1756,12.1222,16.1629,20.2037,6.0611,0.0,2.666667,3.333333,1.156179,29,150,35,2,0.97716482,0.01251133,0.01264445,0E-8,0.000000,0.893710,0.075482,-0.00582929,2026-06-30,2026-08-06,16,997,296,38,0.421053,2.029941,1.023519,3.257216,,,,,,,,GLOBAL_BASELINE_NO_ENTITY_RANKING,,,NOT_APPLICABLE_GLOBAL_BASELINE,HF9g-P5,,,,X 全窗基线 · 不参与实体赏罚,6874480,688,A168_HF9F_20260827_0900,2026-08-27 09:00:00
2026-07-31,152220872,1382,0,6.0610958460,2.0203652820,2.0203652820,0.6666667,3,3,0.49324550000000000,0.493245500000,0.6008033672792107,0.6008033672792106,0.6008033672792107,0E-17,ELIGIBLE,R03b_20260811_FULL_v1,L1_ELIGIBILITY,v2026-08-11,2026-03-21..2026-08-06,baccarat_bet02_101_all_pairs_incl_sentinel,round_win = game_pnl > 0 (decisive only),COMPATIBILITY_ONLY_NOT_PRODUCTION,13461.8174,12030.9580,168.4253,1921,1920,-0.01251133,-0.01264445,-0.00681516,-0.01251133,-168.4253,13461.8174,OK,0.0000,6.7370,4.0000,96.0000,AG03-UNRESOLVED,ALL5_LEVELS_bet23_to_bet27,6.7370,6.7370,6.7370,10.1055,10.1055,4.000000,4.000000,4.000000,6.000000,6.000000,96.000000,96.000000,96.000000,94.000000,94.000000,5.0,40.4221,36.7584,128.0032,131.6669,PENDING_AG03,FALSE,NOT_FOR_ENFORCEMENT,161.6883,11549.7197,168.4253,161.6883,6.7370,0.01251133,0.01201088,6.7370,161.6883,0.01201088,6.7370,6.7370,6.7370,10.1055,10.1055,161.6883,0.01201088,40.4221,36.7584,128.0032,131.6669,0.00950861,0.00978077,0.00050045,7.0077,6.2661,0.0877,10.5266,0.1689,841.3636,120.0000,7.1725,3.5334,4.0407,6.0611,8.1756,12.1222,16.1629,20.2037,6.0611,0.0,2.666667,3.333333,1.156179,29,150,35,2,0.97716482,0.01251133,0.01264445,0E-8,0.000000,0.893710,0.075482,-0.00582929,2026-06-30,2026-08-06,16,997,296,38,0.421053,2.029941,1.023519,3.257216,,,,,,,,GLOBAL_BASELINE_NO_ENTITY_RANKING,,,NOT_APPLICABLE_GLOBAL_BASELINE,HF9g-P5,,,,X 全窗基线 · 不参与实体赏罚,6874481,688,A168_HF9F_20260827_0900,2026-08-27 09:00:00
2026-07-31,152220872,1383,0,10.1018264102,-10.1018264102,-10.1018264102,0E-7,1,1,0.50665070000000000,0.506650700000,-1.013391052207602,-1.013391052207602,-1.013391052207602,0E-17,ELIGIBLE,R03b_20260811_FULL_v1,L1_ELIGIBILITY,v2026-08-11,2026-03-21..2026-08-06,baccarat_bet02_101_all_pairs_incl_sentinel,round_win = game_pnl > 0 (decisive only),COMPATIBILITY_ONLY_NOT_PRODUCTION,13461.8174,12030.9580,168.4253,1921,1920,-0.01251133,-0.01264445,-0.00681516,-0.01251133,-168.4253,13461.8174,OK,0.0000,6.7370,4.0000,96.0000,AG03-UNRESOLVED,ALL5_LEVELS_bet23_to_bet27,6.7370,6.7370,6.7370,10.1055,10.1055,4.000000,4.000000,4.000000,6.000000,6.000000,96.000000,96.000000,96.000000,94.000000,94.000000,5.0,40.4221,36.7584,128.0032,131.6669,PENDING_AG03,FALSE,NOT_FOR_ENFORCEMENT,161.6883,11549.7197,168.4253,161.6883,6.7370,0.01251133,0.01201088,6.7370,161.6883,0.01201088,6.7370,6.7370,6.7370,10.1055,10.1055,161.6883,0.01201088,40.4221,36.7584,128.0032,131.6669,0.00950861,0.00978077,0.00050045,7.0077,6.2661,0.0877,10.5266,0.1689,841.3636,120.0000,7.1725,3.5334,4.0407,6.0611,8.1756,12.1222,16.1629,20.2037,6.0611,0.0,2.666667,3.333333,1.156179,29,150,35,2,0.97716482,0.01251133,0.01264445,0E-8,0.000000,0.893710,0.075482,-0.00582929,2026-06-30,2026-08-06,16,997,296,38,0.421053,2.029941,1.023519,3.257216,,,,,,,,GLOBAL_BASELINE_NO_ENTITY_RANKING,,,NOT_APPLICABLE_GLOBAL_BASELINE,HF9g-P5,,,,X 全窗基线 · 不参与实体赏罚,6874482,688,A168_HF9F_20260827_0900,2026-08-27 09:00:00
2026-07-31,152220872,1384,0,50.5091320511,-2.8285113949,-2.8285113949,0.4000000,5,5,0.49860758000000000,0.498607580000,-0.440988213962219,-0.440988213962219,-0.440988213962219,0E-17,ELIGIBLE,R03b_20260811_FULL_v1,L1_ELIGIBILITY,v2026-08-11,2026-03-21..2026-08-06,baccarat_bet02_101_all_pairs_incl_sentinel,round_win = game_pnl > 0 (decisive only),COMPATIBILITY_ONLY_NOT_PRODUCTION,13461.8174,12030.9580,168.4253,1921,1920,-0.01251133,-0.01264445,-0.00681516,-0.01251133,-168.4253,13461.8174,OK,0.0000,6.7370,4.0000,96.0000,AG03-UNRESOLVED,ALL5_LEVELS_bet23_to_bet27,6.7370,6.7370,6.7370,10.1055,10.1055,4.000000,4.000000,4.000000,6.000000,6.000000,96.000000,96.000000,96.000000,94.000000,94.000000,5.0,40.4221,36.7584,128.0032,131.6669,PENDING_AG03,FALSE,NOT_FOR_ENFORCEMENT,161.6883,11549.7197,168.4253,161.6883,6.7370,0.01251133,0.01201088,6.7370,161.6883,0.01201088,6.7370,6.7370,6.7370,10.1055,10.1055,161.6883,0.01201088,40.4221,36.7584,128.0032,131.6669,0.00950861,0.00978077,0.00050045,7.0077,6.2661,0.0877,10.5266,0.1689,841.3636,120.0000,7.1725,3.5334,4.0407,6.0611,8.1756,12.1222,16.1629,20.2037,6.0611,0.0,2.666667,3.333333,1.156179,29,150,35,2,0.97716482,0.01251133,0.01264445,0E-8,0.000000,0.893710,0.075482,-0.00582929,2026-06-30,2026-08-06,16,997,296,38,0.421053,2.029941,1.023519,3.257216,,,,,,,,GLOBAL_BASELINE_NO_ENTITY_RANKING,,,NOT_APPLICABLE_GLOBAL_BASELINE,HF9g-P5,,,,X 全窗基线 · 不参与实体赏罚,6874483,688,A168_HF9F_20260827_0900,2026-08-27 09:00:00
2026-07-31,152220872,1385,0,46.4684014869,17.0720866332,17.0720866332,0.7142857,7,7,0.50282064285714286,0.502820642857,1.1189857854549734,1.1189857854557275,1.1189857854549734,1.4286E-13,ELIGIBLE,R03b_20260811_FULL_v1,L1_ELIGIBILITY,v2026-08-11,2026-03-21..2026-08-06,baccarat_bet02_101_all_pairs_incl_sentinel,round_win = game_pnl > 0 (decisive only),COMPATIBILITY_ONLY_NOT_PRODUCTION,13461.8174,12030.9580,168.4253,1921,1920,-0.01251133,-0.01264445,-0.00681516,-0.01251133,-168.4253,13461.8174,OK,0.0000,6.7370,4.0000,96.0000,AG03-UNRESOLVED,ALL5_LEVELS_bet23_to_bet27,6.7370,6.7370,6.7370,10.1055,10.1055,4.000000,4.000000,4.000000,6.000000,6.000000,96.000000,96.000000,96.000000,94.000000,94.000000,5.0,40.4221,36.7584,128.0032,131.6669,PENDING_AG03,FALSE,NOT_FOR_ENFORCEMENT,161.6883,11549.7197,168.4253,161.6883,6.7370,0.01251133,0.01201088,6.7370,161.6883,0.01201088,6.7370,6.7370,6.7370,10.1055,10.1055,161.6883,0.01201088,40.4221,36.7584,128.0032,131.6669,0.00950861,0.00978077,0.00050045,7.0077,6.2661,0.0877,10.5266,0.1689,841.3636,120.0000,7.1725,3.5334,4.0407,6.0611,8.1756,12.1222,16.1629,20.2037,6.0611,0.0,2.666667,3.333333,1.156179,29,150,35,2,0.97716482,0.01251133,0.01264445,0E-8,0.000000,0.893710,0.075482,-0.00582929,2026-06-30,2026-08-06,16,997,296,38,0.421053,2.029941,1.023519,3.257216,,,,,,,,GLOBAL_BASELINE_NO_ENTITY_RANKING,,,NOT_APPLICABLE_GLOBAL_BASELINE,HF9g-P5,,,,X 全窗基线 · 不参与实体赏罚,6874484,688,A168_HF9F_20260827_0900,2026-08-27 09:00:00
2026-07-31,152220872,1399,0,10.1018264102,10.1018264102,10.1018264102,1.0000000,1,1,0.49324550000000000,0.493245500000,1.01360149184955,1.01360149184955,1.01360149184955,0E-17,ELIGIBLE,R03b_20260811_FULL_v1,L1_ELIGIBILITY,v2026-08-11,2026-03-21..2026-08-06,baccarat_bet02_101_all_pairs_incl_sentinel,round_win = game_pnl > 0 (decisive only),COMPATIBILITY_ONLY_NOT_PRODUCTION,13461.8174,12030.9580,168.4253,1921,1920,-0.01251133,-0.01264445,-0.00681516,-0.01251133,-168.4253,13461.8174,OK,0.0000,6.7370,4.0000,96.0000,AG03-UNRESOLVED,ALL5_LEVELS_bet23_to_bet27,6.7370,6.7370,6.7370,10.1055,10.1055,4.000000,4.000000,4.000000,6.000000,6.000000,96.000000,96.000000,96.000000,94.000000,94.000000,5.0,40.4221,36.7584,128.0032,131.6669,PENDING_AG03,FALSE,NOT_FOR_ENFORCEMENT,161.6883,11549.7197,168.4253,161.6883,6.7370,0.01251133,0.01201088,6.7370,161.6883,0.01201088,6.7370,6.7370,6.7370,10.1055,10.1055,161.6883,0.01201088,40.4221,36.7584,128.0032,131.6669,0.00950861,0.00978077,0.00050045,7.0077,6.2661,0.0877,10.5266,0.1689,841.3636,120.0000,7.1725,3.5334,4.0407,6.0611,8.1756,12.1222,16.1629,20.2037,6.0611,0.0,2.666667,3.333333,1.156179,29,150,35,2,0.97716482,0.01251133,0.01264445,0E-8,0.000000,0.893710,0.075482,-0.00582929,2026-06-30,2026-08-06,16,997,296,38,0.421053,2.029941,1.023519,3.257216,,,,,,,,GLOBAL_BASELINE_NO_ENTITY_RANKING,,,NOT_APPLICABLE_GLOBAL_BASELINE,HF9g-P5,,,,X 全窗基线 · 不参与实体赏罚,6874485,688,A168_HF9F_20260827_0900,2026-08-27 09:00:00
2026-07-31,152220872,1400,0,2.0439030372,-2.0439030372,-2.0439030372,0E-7,1,1,0.49324550000000000,0.493245500000,-0.9865810262130424,-0.9865810262130424,-0.9865810262130424,0E-17,ELIGIBLE,R03b_20260811_FULL_v1,L1_ELIGIBILITY,v2026-08-11,2026-03-21..2026-08-06,baccarat_bet02_101_all_pairs_incl_sentinel,round_win = game_pnl > 0 (decisive only),COMPATIBILITY_ONLY_NOT_PRODUCTION,13461.8174,12030.9580,168.4253,1921,1920,-0.01251133,-0.01264445,-0.00681516,-0.01251133,-168.4253,13461.8174,OK,0.0000,6.7370,4.0000,96.0000,AG03-UNRESOLVED,ALL5_LEVELS_bet23_to_bet27,6.7370,6.7370,6.7370,10.1055,10.1055,4.000000,4.000000,4.000000,6.000000,6.000000,96.000000,96.000000,96.000000,94.000000,94.000000,5.0,40.4221,36.7584,128.0032,131.6669,PENDING_AG03,FALSE,NOT_FOR_ENFORCEMENT,161.6883,11549.7197,168.4253,161.6883,6.7370,0.01251133,0.01201088,6.7370,161.6883,0.01201088,6.7370,6.7370,6.7370,10.1055,10.1055,161.6883,0.01201088,40.4221,36.7584,128.0032,131.6669,0.00950861,0.00978077,0.00050045,7.0077,6.2661,0.0877,10.5266,0.1689,841.3636,120.0000,7.1725,3.5334,4.0407,6.0611,8.1756,12.1222,16.1629,20.2037,6.0611,0.0,2.666667,3.333333,1.156179,29,150,35,2,0.97716482,0.01251133,0.01264445,0E-8,0.000000,0.893710,0.075482,-0.00582929,2026-06-30,2026-08-06,16,997,296,38,0.421053,2.029941,1.023519,3.257216,,,,,,,,GLOBAL_BASELINE_NO_ENTITY_RANKING,,,NOT_APPLICABLE_GLOBAL_BASELINE,HF9g-P5,,,,X 全窗基线 · 不参与实体赏罚,6874486,688,A168_HF9F_20260827_0900,2026-08-27 09:00:00
2026-07-31,152220872,1402,0,32.3258445127,-12.6272830128,-12.6272830128,0.3333333,3,3,0.49771390000000000,0.497713900000,-0.5694369385616226,-0.5694369385616226,-0.5694369385616226,0E-17,ELIGIBLE,R03b_20260811_FULL_v1,L1_ELIGIBILITY,v2026-08-11,2026-03-21..2026-08-06,baccarat_bet02_101_all_pairs_incl_sentinel,round_win = game_pnl > 0 (decisive only),COMPATIBILITY_ONLY_NOT_PRODUCTION,13461.8174,12030.9580,168.4253,1921,1920,-0.01251133,-0.01264445,-0.00681516,-0.01251133,-168.4253,13461.8174,OK,0.0000,6.7370,4.0000,96.0000,AG03-UNRESOLVED,ALL5_LEVELS_bet23_to_bet27,6.7370,6.7370,6.7370,10.1055,10.1055,4.000000,4.000000,4.000000,6.000000,6.000000,96.000000,96.000000,96.000000,94.000000,94.000000,5.0,40.4221,36.7584,128.0032,131.6669,PENDING_AG03,FALSE,NOT_FOR_ENFORCEMENT,161.6883,11549.7197,168.4253,161.6883,6.7370,0.01251133,0.01201088,6.7370,161.6883,0.01201088,6.7370,6.7370,6.7370,10.1055,10.1055,161.6883,0.01201088,40.4221,36.7584,128.0032,131.6669,0.00950861,0.00978077,0.00050045,7.0077,6.2661,0.0877,10.5266,0.1689,841.3636,120.0000,7.1725,3.5334,4.0407,6.0611,8.1756,12.1222,16.1629,20.2037,6.0611,0.0,2.666667,3.333333,1.156179,29,150,35,2,0.97716482,0.01251133,0.01264445,0E-8,0.000000,0.893710,0.075482,-0.00582929,2026-06-30,2026-08-06,16,997,296,38,0.421053,2.029941,1.023519,3.257216,,,,,,,,GLOBAL_BASELINE_NO_ENTITY_RANKING,,,NOT_APPLICABLE_GLOBAL_BASELINE,HF9g-P5,,,,X 全窗基线 · 不参与实体赏罚,6874487,688,A168_HF9F_20260827_0900,2026-08-27 09:00:00
2026-07-31,152220872,1405,0,4.0878060745,0E-10,0E-10,,1,1,0.49324550000000000,0.493245500000,,,,0E-17,NO_DECISIVE_ROUND,R03b_20260811_FULL_v1,L1_ELIGIBILITY,v2026-08-11,2026-03-21..2026-08-06,baccarat_bet02_101_all_pairs_incl_sentinel,round_win = game_pnl > 0 (decisive only),COMPATIBILITY_ONLY_NOT_PRODUCTION,13461.8174,12030.9580,168.4253,1921,1920,-0.01251133,-0.01264445,-0.00681516,-0.01251133,-168.4253,13461.8174,OK,0.0000,6.7370,4.0000,96.0000,AG03-UNRESOLVED,ALL5_LEVELS_bet23_to_bet27,6.7370,6.7370,6.7370,10.1055,10.1055,4.000000,4.000000,4.000000,6.000000,6.000000,96.000000,96.000000,96.000000,94.000000,94.000000,5.0,40.4221,36.7584,128.0032,131.6669,PENDING_AG03,FALSE,NOT_FOR_ENFORCEMENT,161.6883,11549.7197,168.4253,161.6883,6.7370,0.01251133,0.01201088,6.7370,161.6883,0.01201088,6.7370,6.7370,6.7370,10.1055,10.1055,161.6883,0.01201088,40.4221,36.7584,128.0032,131.6669,0.00950861,0.00978077,0.00050045,7.0077,6.2661,0.0877,10.5266,0.1689,841.3636,120.0000,7.1725,3.5334,4.0407,6.0611,8.1756,12.1222,16.1629,20.2037,6.0611,0.0,2.666667,3.333333,1.156179,29,150,35,2,0.97716482,0.01251133,0.01264445,0E-8,0.000000,0.893710,0.075482,-0.00582929,2026-06-30,2026-08-06,16,997,296,38,0.421053,2.029941,1.023519,3.257216,,,,,,,,GLOBAL_BASELINE_NO_ENTITY_RANKING,,,NOT_APPLICABLE_GLOBAL_BASELINE,HF9g-P5,,,,X 全窗基线 · 不参与实体赏罚,6874488,688,A168_HF9F_20260827_0900,2026-08-27 09:00:00
2026-07-31,152220872,1485,0,12.1221916923,7.6773880718,7.6773880718,1.0000000,2,2,0.50665070000000000,0.506650700000,0.9867858985152569,0.9867858985152569,0.9867858985152569,0E-17,ELIGIBLE,R03b_20260811_FULL_v1,L1_ELIGIBILITY,v2026-08-11,2026-03-21..2026-08-06,baccarat_bet02_101_all_pairs_incl_sentinel,round_win = game_pnl > 0 (decisive only),COMPATIBILITY_ONLY_NOT_PRODUCTION,13461.8174,12030.9580,168.4253,1921,1920,-0.01251133,-0.01264445,-0.00681516,-0.01251133,-168.4253,13461.8174,OK,0.0000,6.7370,4.0000,96.0000,AG03-UNRESOLVED,ALL5_LEVELS_bet23_to_bet27,6.7370,6.7370,6.7370,10.1055,10.1055,4.000000,4.000000,4.000000,6.000000,6.000000,96.000000,96.000000,96.000000,94.000000,94.000000,5.0,40.4221,36.7584,128.0032,131.6669,PENDING_AG03,FALSE,NOT_FOR_ENFORCEMENT,161.6883,11549.7197,168.4253,161.6883,6.7370,0.01251133,0.01201088,6.7370,161.6883,0.01201088,6.7370,6.7370,6.7370,10.1055,10.1055,161.6883,0.01201088,40.4221,36.7584,128.0032,131.6669,0.00950861,0.00978077,0.00050045,7.0077,6.2661,0.0877,10.5266,0.1689,841.3636,120.0000,7.1725,3.5334,4.0407,6.0611,8.1756,12.1222,16.1629,20.2037,6.0611,0.0,2.666667,3.333333,1.156179,29,150,35,2,0.97716482,0.01251133,0.01264445,0E-8,0.000000,0.893710,0.075482,-0.00582929,2026-06-30,2026-08-06,16,997,296,38,0.421053,2.029941,1.023519,3.257216,,,,,,,,GLOBAL_BASELINE_NO_ENTITY_RANKING,,,NOT_APPLICABLE_GLOBAL_BASELINE,HF9g-P5,,,,X 全窗基线 · 不参与实体赏罚,6874489,688,A168_HF9F_20260827_0900,2026-08-27 09:00:00
2026-07-31,152220872,1935,0,16.1864600115,11.3915260884,11.3915260884,0.5000000,2,2,0.50665070000000000,0.506650700000,-0.018812684590367487,-0.018812684590367487,-0.018812684590367487,0E-17,ELIGIBLE,R03b_20260811_FULL_v1,L1_ELIGIBILITY,v2026-08-11,2026-03-21..2026-08-06,baccarat_bet02_101_all_pairs_incl_sentinel,round_win = game_pnl > 0 (decisive only),COMPATIBILITY_ONLY_NOT_PRODUCTION,13461.8174,12030.9580,168.4253,1921,1920,-0.01251133,-0.01264445,-0.00681516,-0.01251133,-168.4253,13461.8174,OK,0.0000,6.7370,4.0000,96.0000,AG03-UNRESOLVED,ALL5_LEVELS_bet23_to_bet27,6.7370,6.7370,6.7370,10.1055,10.1055,4.000000,4.000000,4.000000,6.000000,6.000000,96.000000,96.000000,96.000000,94.000000,94.000000,5.0,40.4221,36.7584,128.0032,131.6669,PENDING_AG03,FALSE,NOT_FOR_ENFORCEMENT,161.6883,11549.7197,168.4253,161.6883,6.7370,0.01251133,0.01201088,6.7370,161.6883,0.01201088,6.7370,6.7370,6.7370,10.1055,10.1055,161.6883,0.01201088,40.4221,36.7584,128.0032,131.6669,0.00950861,0.00978077,0.00050045,7.0077,6.2661,0.0877,10.5266,0.1689,841.3636,120.0000,7.1725,3.5334,4.0407,6.0611,8.1756,12.1222,16.1629,20.2037,6.0611,0.0,2.666667,3.333333,1.156179,29,150,35,2,0.97716482,0.01251133,0.01264445,0E-8,0.000000,0.893710,0.075482,-0.00582929,2026-06-30,2026-08-06,16,997,296,38,0.421053,2.029941,1.023519,3.257216,,,,,,,,GLOBAL_BASELINE_NO_ENTITY_RANKING,,,NOT_APPLICABLE_GLOBAL_BASELINE,HF9g-P5,,,,X 全窗基线 · 不参与实体赏罚,6874490,688,A168_HF9F_20260827_0900,2026-08-27 09:00:00
2026-07-31,152220872,1940,0,14.1425569743,-14.1425569743,-14.1425569743,0E-7,2,2,0.49994810000000000,0.499948100000,-1.4140667746232096,-1.4140667746232096,-1.4140667746232096,0E-17,ELIGIBLE,R03b_20260811_FULL_v1,L1_ELIGIBILITY,v2026-08-11,2026-03-21..2026-08-06,baccarat_bet02_101_all_pairs_incl_sentinel,round_win = game_pnl > 0 (decisive only),COMPATIBILITY_ONLY_NOT_PRODUCTION,13461.8174,12030.9580,168.4253,1921,1920,-0.01251133,-0.01264445,-0.00681516,-0.01251133,-168.4253,13461.8174,OK,0.0000,6.7370,4.0000,96.0000,AG03-UNRESOLVED,ALL5_LEVELS_bet23_to_bet27,6.7370,6.7370,6.7370,10.1055,10.1055,4.000000,4.000000,4.000000,6.000000,6.000000,96.000000,96.000000,96.000000,94.000000,94.000000,5.0,40.4221,36.7584,128.0032,131.6669,PENDING_AG03,FALSE,NOT_FOR_ENFORCEMENT,161.6883,11549.7197,168.4253,161.6883,6.7370,0.01251133,0.01201088,6.7370,161.6883,0.01201088,6.7370,6.7370,6.7370,10.1055,10.1055,161.6883,0.01201088,40.4221,36.7584,128.0032,131.6669,0.00950861,0.00978077,0.00050045,7.0077,6.2661,0.0877,10.5266,0.1689,841.3636,120.0000,7.1725,3.5334,4.0407,6.0611,8.1756,12.1222,16.1629,20.2037,6.0611,0.0,2.666667,3.333333,1.156179,29,150,35,2,0.97716482,0.01251133,0.01264445,0E-8,0.000000,0.893710,0.075482,-0.00582929,2026-06-30,2026-08-06,16,997,296,38,0.421053,2.029941,1.023519,3.257216,,,,,,,,GLOBAL_BASELINE_NO_ENTITY_RANKING,,,NOT_APPLICABLE_GLOBAL_BASELINE,HF9g-P5,,,,X 全窗基线 · 不参与实体赏罚,6874491,688,A168_HF9F_20260827_0900,2026-08-27 09:00:00
2026-07-31,152220872,1947,0,6.1317091117,1.8395127336,1.8395127336,0.5000000,2,2,0.50665070000000000,0.506650700000,-0.018812684590367487,-0.018812684590367487,-0.018812684590367487,0E-17,ELIGIBLE,R03b_20260811_FULL_v1,L1_ELIGIBILITY,v2026-08-11,2026-03-21..2026-08-06,baccarat_bet02_101_all_pairs_incl_sentinel,round_win = game_pnl > 0 (decisive only),COMPATIBILITY_ONLY_NOT_PRODUCTION,13461.8174,12030.9580,168.4253,1921,1920,-0.01251133,-0.01264445,-0.00681516,-0.01251133,-168.4253,13461.8174,OK,0.0000,6.7370,4.0000,96.0000,AG03-UNRESOLVED,ALL5_LEVELS_bet23_to_bet27,6.7370,6.7370,6.7370,10.1055,10.1055,4.000000,4.000000,4.000000,6.000000,6.000000,96.000000,96.000000,96.000000,94.000000,94.000000,5.0,40.4221,36.7584,128.0032,131.6669,PENDING_AG03,FALSE,NOT_FOR_ENFORCEMENT,161.6883,11549.7197,168.4253,161.6883,6.7370,0.01251133,0.01201088,6.7370,161.6883,0.01201088,6.7370,6.7370,6.7370,10.1055,10.1055,161.6883,0.01201088,40.4221,36.7584,128.0032,131.6669,0.00950861,0.00978077,0.00050045,7.0077,6.2661,0.0877,10.5266,0.1689,841.3636,120.0000,7.1725,3.5334,4.0407,6.0611,8.1756,12.1222,16.1629,20.2037,6.0611,0.0,2.666667,3.333333,1.156179,29,150,35,2,0.97716482,0.01251133,0.01264445,0E-8,0.000000,0.893710,0.075482,-0.00582929,2026-06-30,2026-08-06,16,997,296,38,0.421053,2.029941,1.023519,3.257216,,,,,,,,GLOBAL_BASELINE_NO_ENTITY_RANKING,,,NOT_APPLICABLE_GLOBAL_BASELINE,HF9g-P5,,,,X 全窗基线 · 不参与实体赏罚,6874492,688,A168_HF9F_20260827_0900,2026-08-27 09:00:00
2026-07-31,152220872,1957,0,20.4390303724,-8.1756121490,-8.1756121490,0.3333333,3,3,0.50218230000000000,0.502182300000,-0.5849155494134425,-0.5849155494134426,-0.5849155494134425,0E-17,ELIGIBLE,R03b_20260811_FULL_v1,L1_ELIGIBILITY,v2026-08-11,2026-03-21..2026-08-06,baccarat_bet02_101_all_pairs_incl_sentinel,round_win = game_pnl > 0 (decisive only),COMPATIBILITY_ONLY_NOT_PRODUCTION,13461.8174,12030.9580,168.4253,1921,1920,-0.01251133,-0.01264445,-0.00681516,-0.01251133,-168.4253,13461.8174,OK,0.0000,6.7370,4.0000,96.0000,AG03-UNRESOLVED,ALL5_LEVELS_bet23_to_bet27,6.7370,6.7370,6.7370,10.1055,10.1055,4.000000,4.000000,4.000000,6.000000,6.000000,96.000000,96.000000,96.000000,94.000000,94.000000,5.0,40.4221,36.7584,128.0032,131.6669,PENDING_AG03,FALSE,NOT_FOR_ENFORCEMENT,161.6883,11549.7197,168.4253,161.6883,6.7370,0.01251133,0.01201088,6.7370,161.6883,0.01201088,6.7370,6.7370,6.7370,10.1055,10.1055,161.6883,0.01201088,40.4221,36.7584,128.0032,131.6669,0.00950861,0.00978077,0.00050045,7.0077,6.2661,0.0877,10.5266,0.1689,841.3636,120.0000,7.1725,3.5334,4.0407,6.0611,8.1756,12.1222,16.1629,20.2037,6.0611,0.0,2.666667,3.333333,1.156179,29,150,35,2,0.97716482,0.01251133,0.01264445,0E-8,0.000000,0.893710,0.075482,-0.00582929,2026-06-30,2026-08-06,16,997,296,38,0.421053,2.029941,1.023519,3.257216,,,,,,,,GLOBAL_BASELINE_NO_ENTITY_RANKING,,,NOT_APPLICABLE_GLOBAL_BASELINE,HF9g-P5,,,,X 全窗基线 · 不参与实体赏罚,6874493,688,A168_HF9F_20260827_0900,2026-08-27 09:00:00
2026-07-31,152220872,2103,0,22.2240181025,-8.0814611282,-8.0814611282,0E-7,2,2,0.49994810000000000,0.499948100000,-0.9998962053866608,-0.9998962053866608,-0.9998962053866608,0E-17,ELIGIBLE,R03b_20260811_FULL_v1,L1_ELIGIBILITY,v2026-08-11,2026-03-21..2026-08-06,baccarat_bet02_101_all_pairs_incl_sentinel,round_win = game_pnl > 0 (decisive only),COMPATIBILITY_ONLY_NOT_PRODUCTION,13461.8174,12030.9580,168.4253,1921,1920,-0.01251133,-0.01264445,-0.00681516,-0.01251133,-168.4253,13461.8174,OK,0.0000,6.7370,4.0000,96.0000,AG03-UNRESOLVED,ALL5_LEVELS_bet23_to_bet27,6.7370,6.7370,6.7370,10.1055,10.1055,4.000000,4.000000,4.000000,6.000000,6.000000,96.000000,96.000000,96.000000,94.000000,94.000000,5.0,40.4221,36.7584,128.0032,131.6669,PENDING_AG03,FALSE,NOT_FOR_ENFORCEMENT,161.6883,11549.7197,168.4253,161.6883,6.7370,0.01251133,0.01201088,6.7370,161.6883,0.01201088,6.7370,6.7370,6.7370,10.1055,10.1055,161.6883,0.01201088,40.4221,36.7584,128.0032,131.6669,0.00950861,0.00978077,0.00050045,7.0077,6.2661,0.0877,10.5266,0.1689,841.3636,120.0000,7.1725,3.5334,4.0407,6.0611,8.1756,12.1222,16.1629,20.2037,6.0611,0.0,2.666667,3.333333,1.156179,29,150,35,2,0.97716482,0.01251133,0.01264445,0E-8,0.000000,0.893710,0.075482,-0.00582929,2026-06-30,2026-08-06,16,997,296,38,0.421053,2.029941,1.023519,3.257216,,,,,,,,GLOBAL_BASELINE_NO_ENTITY_RANKING,,,NOT_APPLICABLE_GLOBAL_BASELINE,HF9g-P5,,,,X 全窗基线 · 不参与实体赏罚,6874494,688,A168_HF9F_20260827_0900,2026-08-27 09:00:00
2026-07-31,152220872,2130,0,22.4829334096,18.3951273352,18.3951273352,0.5000000,2,2,0.49324550000000000,0.493245500000,0.01910635448239258,0.01910635448239258,0.01910635448239258,0E-17,ELIGIBLE,R03b_20260811_FULL_v1,L1_ELIGIBILITY,v2026-08-11,2026-03-21..2026-08-06,baccarat_bet02_101_all_pairs_incl_sentinel,round_win = game_pnl > 0 (decisive only),COMPATIBILITY_ONLY_NOT_PRODUCTION,13461.8174,12030.9580,168.4253,1921,1920,-0.01251133,-0.01264445,-0.00681516,-0.01251133,-168.4253,13461.8174,OK,0.0000,6.7370,4.0000,96.0000,AG03-UNRESOLVED,ALL5_LEVELS_bet23_to_bet27,6.7370,6.7370,6.7370,10.1055,10.1055,4.000000,4.000000,4.000000,6.000000,6.000000,96.000000,96.000000,96.000000,94.000000,94.000000,5.0,40.4221,36.7584,128.0032,131.6669,PENDING_AG03,FALSE,NOT_FOR_ENFORCEMENT,161.6883,11549.7197,168.4253,161.6883,6.7370,0.01251133,0.01201088,6.7370,161.6883,0.01201088,6.7370,6.7370,6.7370,10.1055,10.1055,161.6883,0.01201088,40.4221,36.7584,128.0032,131.6669,0.00950861,0.00978077,0.00050045,7.0077,6.2661,0.0877,10.5266,0.1689,841.3636,120.0000,7.1725,3.5334,4.0407,6.0611,8.1756,12.1222,16.1629,20.2037,6.0611,0.0,2.666667,3.333333,1.156179,29,150,35,2,0.97716482,0.01251133,0.01264445,0E-8,0.000000,0.893710,0.075482,-0.00582929,2026-06-30,2026-08-06,16,997,296,38,0.421053,2.029941,1.023519,3.257216,,,,,,,,GLOBAL_BASELINE_NO_ENTITY_RANKING,,,NOT_APPLICABLE_GLOBAL_BASELINE,HF9g-P5,,,,X 全窗基线 · 不参与实体赏罚,6874495,688,A168_HF9F_20260827_0900,2026-08-27 09:00:00
2026-07-31,152220872,2145,0,4.0878060745,0E-10,0E-10,,1,1,0.50665070000000000,0.506650700000,,,,0E-17,NO_DECISIVE_ROUND,R03b_20260811_FULL_v1,L1_ELIGIBILITY,v2026-08-11,2026-03-21..2026-08-06,baccarat_bet02_101_all_pairs_incl_sentinel,round_win = game_pnl > 0 (decisive only),COMPATIBILITY_ONLY_NOT_PRODUCTION,13461.8174,12030.9580,168.4253,1921,1920,-0.01251133,-0.01264445,-0.00681516,-0.01251133,-168.4253,13461.8174,OK,0.0000,6.7370,4.0000,96.0000,AG03-UNRESOLVED,ALL5_LEVELS_bet23_to_bet27,6.7370,6.7370,6.7370,10.1055,10.1055,4.000000,4.000000,4.000000,6.000000,6.000000,96.000000,96.000000,96.000000,94.000000,94.000000,5.0,40.4221,36.7584,128.0032,131.6669,PENDING_AG03,FALSE,NOT_FOR_ENFORCEMENT,161.6883,11549.7197,168.4253,161.6883,6.7370,0.01251133,0.01201088,6.7370,161.6883,0.01201088,6.7370,6.7370,6.7370,10.1055,10.1055,161.6883,0.01201088,40.4221,36.7584,128.0032,131.6669,0.00950861,0.00978077,0.00050045,7.0077,6.2661,0.0877,10.5266,0.1689,841.3636,120.0000,7.1725,3.5334,4.0407,6.0611,8.1756,12.1222,16.1629,20.2037,6.0611,0.0,2.666667,3.333333,1.156179,29,150,35,2,0.97716482,0.01251133,0.01264445,0E-8,0.000000,0.893710,0.075482,-0.00582929,2026-06-30,2026-08-06,16,997,296,38,0.421053,2.029941,1.023519,3.257216,,,,,,,,GLOBAL_BASELINE_NO_ENTITY_RANKING,,,NOT_APPLICABLE_GLOBAL_BASELINE,HF9g-P5,,,,X 全窗基线 · 不参与实体赏罚,6874496,688,A168_HF9F_20260827_0900,2026-08-27 09:00:00
2026-07-31,152220872,2152,0,30.6585455586,21.1543964354,21.1543964354,0.8000000,5,5,0.50665070000000000,0.506650700000,1.3120140225494112,1.3120140225494112,1.3120140225494112,0E-17,ELIGIBLE,R03b_20260811_FULL_v1,L1_ELIGIBILITY,v2026-08-11,2026-03-21..2026-08-06,baccarat_bet02_101_all_pairs_incl_sentinel,round_win = game_pnl > 0 (decisive only),COMPATIBILITY_ONLY_NOT_PRODUCTION,13461.8174,12030.9580,168.4253,1921,1920,-0.01251133,-0.01264445,-0.00681516,-0.01251133,-168.4253,13461.8174,OK,0.0000,6.7370,4.0000,96.0000,AG03-UNRESOLVED,ALL5_LEVELS_bet23_to_bet27,6.7370,6.7370,6.7370,10.1055,10.1055,4.000000,4.000000,4.000000,6.000000,6.000000,96.000000,96.000000,96.000000,94.000000,94.000000,5.0,40.4221,36.7584,128.0032,131.6669,PENDING_AG03,FALSE,NOT_FOR_ENFORCEMENT,161.6883,11549.7197,168.4253,161.6883,6.7370,0.01251133,0.01201088,6.7370,161.6883,0.01201088,6.7370,6.7370,6.7370,10.1055,10.1055,161.6883,0.01201088,40.4221,36.7584,128.0032,131.6669,0.00950861,0.00978077,0.00050045,7.0077,6.2661,0.0877,10.5266,0.1689,841.3636,120.0000,7.1725,3.5334,4.0407,6.0611,8.1756,12.1222,16.1629,20.2037,6.0611,0.0,2.666667,3.333333,1.156179,29,150,35,2,0.97716482,0.01251133,0.01264445,0E-8,0.000000,0.893710,0.075482,-0.00582929,2026-06-30,2026-08-06,16,997,296,38,0.421053,2.029941,1.023519,3.257216,,,,,,,,GLOBAL_BASELINE_NO_ENTITY_RANKING,,,NOT_APPLICABLE_GLOBAL_BASELINE,HF9g-P5,,,,X 全窗基线 · 不参与实体赏罚,6874497,688,A168_HF9F_20260827_0900,2026-08-27 09:00:00
2026-07-31,152220872,2153,0,42.6630484747,-4.5281685681,-4.5281685681,0.4000000,7,7,0.50282064285714286,0.502820642857,-0.45983521081771717,-0.4598352108170775,-0.45983521081771717,1.4286E-13,ELIGIBLE,R03b_20260811_FULL_v1,L1_ELIGIBILITY,v2026-08-11,2026-03-21..2026-08-06,baccarat_bet02_101_all_pairs_incl_sentinel,round_win = game_pnl > 0 (decisive only),COMPATIBILITY_ONLY_NOT_PRODUCTION,13461.8174,12030.9580,168.4253,1921,1920,-0.01251133,-0.01264445,-0.00681516,-0.01251133,-168.4253,13461.8174,OK,0.0000,6.7370,4.0000,96.0000,AG03-UNRESOLVED,ALL5_LEVELS_bet23_to_bet27,6.7370,6.7370,6.7370,10.1055,10.1055,4.000000,4.000000,4.000000,6.000000,6.000000,96.000000,96.000000,96.000000,94.000000,94.000000,5.0,40.4221,36.7584,128.0032,131.6669,PENDING_AG03,FALSE,NOT_FOR_ENFORCEMENT,161.6883,11549.7197,168.4253,161.6883,6.7370,0.01251133,0.01201088,6.7370,161.6883,0.01201088,6.7370,6.7370,6.7370,10.1055,10.1055,161.6883,0.01201088,40.4221,36.7584,128.0032,131.6669,0.00950861,0.00978077,0.00050045,7.0077,6.2661,0.0877,10.5266,0.1689,841.3636,120.0000,7.1725,3.5334,4.0407,6.0611,8.1756,12.1222,16.1629,20.2037,6.0611,0.0,2.666667,3.333333,1.156179,29,150,35,2,0.97716482,0.01251133,0.01264445,0E-8,0.000000,0.893710,0.075482,-0.00582929,2026-06-30,2026-08-06,16,997,296,38,0.421053,2.029941,1.023519,3.257216,,,,,,,,GLOBAL_BASELINE_NO_ENTITY_RANKING,,,NOT_APPLICABLE_GLOBAL_BASELINE,HF9g-P5,,,,X 全窗基线 · 不参与实体赏罚,6874498,688,A168_HF9F_20260827_0900,2026-08-27 09:00:00
2026-07-31,152220872,2156,0,10.1253641654,-6.1397532428,-6.1397532428,0.5000000,2,2,0.49994810000000000,0.499948100000,0.00014679536856514622,0.00014679536856514622,0.00014679536856514622,0E-17,ELIGIBLE,R03b_20260811_FULL_v1,L1_ELIGIBILITY,v2026-08-11,2026-03-21..2026-08-06,baccarat_bet02_101_all_pairs_incl_sentinel,round_win = game_pnl > 0 (decisive only),COMPATIBILITY_ONLY_NOT_PRODUCTION,13461.8174,12030.9580,168.4253,1921,1920,-0.01251133,-0.01264445,-0.00681516,-0.01251133,-168.4253,13461.8174,OK,0.0000,6.7370,4.0000,96.0000,AG03-UNRESOLVED,ALL5_LEVELS_bet23_to_bet27,6.7370,6.7370,6.7370,10.1055,10.1055,4.000000,4.000000,4.000000,6.000000,6.000000,96.000000,96.000000,96.000000,94.000000,94.000000,5.0,40.4221,36.7584,128.0032,131.6669,PENDING_AG03,FALSE,NOT_FOR_ENFORCEMENT,161.6883,11549.7197,168.4253,161.6883,6.7370,0.01251133,0.01201088,6.7370,161.6883,0.01201088,6.7370,6.7370,6.7370,10.1055,10.1055,161.6883,0.01201088,40.4221,36.7584,128.0032,131.6669,0.00950861,0.00978077,0.00050045,7.0077,6.2661,0.0877,10.5266,0.1689,841.3636,120.0000,7.1725,3.5334,4.0407,6.0611,8.1756,12.1222,16.1629,20.2037,6.0611,0.0,2.666667,3.333333,1.156179,29,150,35,2,0.97716482,0.01251133,0.01264445,0E-8,0.000000,0.893710,0.075482,-0.00582929,2026-06-30,2026-08-06,16,997,296,38,0.421053,2.029941,1.023519,3.257216,,,,,,,,GLOBAL_BASELINE_NO_ENTITY_RANKING,,,NOT_APPLICABLE_GLOBAL_BASELINE,HF9g-P5,,,,X 全窗基线 · 不参与实体赏罚,6874499,688,A168_HF9F_20260827_0900,2026-08-27 09:00:00
2026-07-31,152220872,2169,0,12.1221916923,12.1221916923,12.1221916923,1.0000000,1,1,0.49324550000000000,0.493245500000,1.01360149184955,1.01360149184955,1.01360149184955,0E-17,ELIGIBLE,R03b_20260811_FULL_v1,L1_ELIGIBILITY,v2026-08-11,2026-03-21..2026-08-06,baccarat_bet02_101_all_pairs_incl_sentinel,round_win = game_pnl > 0 (decisive only),COMPATIBILITY_ONLY_NOT_PRODUCTION,13461.8174,12030.9580,168.4253,1921,1920,-0.01251133,-0.01264445,-0.00681516,-0.01251133,-168.4253,13461.8174,OK,0.0000,6.7370,4.0000,96.0000,AG03-UNRESOLVED,ALL5_LEVELS_bet23_to_bet27,6.7370,6.7370,6.7370,10.1055,10.1055,4.000000,4.000000,4.000000,6.000000,6.000000,96.000000,96.000000,96.000000,94.000000,94.000000,5.0,40.4221,36.7584,128.0032,131.6669,PENDING_AG03,FALSE,NOT_FOR_ENFORCEMENT,161.6883,11549.7197,168.4253,161.6883,6.7370,0.01251133,0.01201088,6.7370,161.6883,0.01201088,6.7370,6.7370,6.7370,10.1055,10.1055,161.6883,0.01201088,40.4221,36.7584,128.0032,131.6669,0.00950861,0.00978077,0.00050045,7.0077,6.2661,0.0877,10.5266,0.1689,841.3636,120.0000,7.1725,3.5334,4.0407,6.0611,8.1756,12.1222,16.1629,20.2037,6.0611,0.0,2.666667,3.333333,1.156179,29,150,35,2,0.97716482,0.01251133,0.01264445,0E-8,0.000000,0.893710,0.075482,-0.00582929,2026-06-30,2026-08-06,16,997,296,38,0.421053,2.029941,1.023519,3.257216,,,,,,,,GLOBAL_BASELINE_NO_ENTITY_RANKING,,,NOT_APPLICABLE_GLOBAL_BASELINE,HF9g-P5,,,,X 全窗基线 · 不参与实体赏罚,6874500,688,A168_HF9F_20260827_0900,2026-08-27 09:00:00
2026-07-31,152220872,2170,0,4.0878060745,4.0878060745,4.0878060745,1.0000000,1,1,0.49324550000000000,0.493245500000,1.01360149184955,1.01360149184955,1.01360149184955,0E-17,ELIGIBLE,R03b_20260811_FULL_v1,L1_ELIGIBILITY,v2026-08-11,2026-03-21..2026-08-06,baccarat_bet02_101_all_pairs_incl_sentinel,round_win = game_pnl > 0 (decisive only),COMPATIBILITY_ONLY_NOT_PRODUCTION,13461.8174,12030.9580,168.4253,1921,1920,-0.01251133,-0.01264445,-0.00681516,-0.01251133,-168.4253,13461.8174,OK,0.0000,6.7370,4.0000,96.0000,AG03-UNRESOLVED,ALL5_LEVELS_bet23_to_bet27,6.7370,6.7370,6.7370,10.1055,10.1055,4.000000,4.000000,4.000000,6.000000,6.000000,96.000000,96.000000,96.000000,94.000000,94.000000,5.0,40.4221,36.7584,128.0032,131.6669,PENDING_AG03,FALSE,NOT_FOR_ENFORCEMENT,161.6883,11549.7197,168.4253,161.6883,6.7370,0.01251133,0.01201088,6.7370,161.6883,0.01201088,6.7370,6.7370,6.7370,10.1055,10.1055,161.6883,0.01201088,40.4221,36.7584,128.0032,131.6669,0.00950861,0.00978077,0.00050045,7.0077,6.2661,0.0877,10.5266,0.1689,841.3636,120.0000,7.1725,3.5334,4.0407,6.0611,8.1756,12.1222,16.1629,20.2037,6.0611,0.0,2.666667,3.333333,1.156179,29,150,35,2,0.97716482,0.01251133,0.01264445,0E-8,0.000000,0.893710,0.075482,-0.00582929,2026-06-30,2026-08-06,16,997,296,38,0.421053,2.029941,1.023519,3.257216,,,,,,,,GLOBAL_BASELINE_NO_ENTITY_RANKING,,,NOT_APPLICABLE_GLOBAL_BASELINE,HF9g-P5,,,,X 全窗基线 · 不参与实体赏罚,6874501,688,A168_HF9F_20260827_0900,2026-08-27 09:00:00
2026-07-31,152220872,2216,0,10.1018264102,-10.1018264102,-10.1018264102,0E-7,1,1,0.50665070000000000,0.506650700000,-1.013391052207602,-1.013391052207602,-1.013391052207602,0E-17,ELIGIBLE,R03b_20260811_FULL_v1,L1_ELIGIBILITY,v2026-08-11,2026-03-21..2026-08-06,baccarat_bet02_101_all_pairs_incl_sentinel,round_win = game_pnl > 0 (decisive only),COMPATIBILITY_ONLY_NOT_PRODUCTION,13461.8174,12030.9580,168.4253,1921,1920,-0.01251133,-0.01264445,-0.00681516,-0.01251133,-168.4253,13461.8174,OK,0.0000,6.7370,4.0000,96.0000,AG03-UNRESOLVED,ALL5_LEVELS_bet23_to_bet27,6.7370,6.7370,6.7370,10.1055,10.1055,4.000000,4.000000,4.000000,6.000000,6.000000,96.000000,96.000000,96.000000,94.000000,94.000000,5.0,40.4221,36.7584,128.0032,131.6669,PENDING_AG03,FALSE,NOT_FOR_ENFORCEMENT,161.6883,11549.7197,168.4253,161.6883,6.7370,0.01251133,0.01201088,6.7370,161.6883,0.01201088,6.7370,6.7370,6.7370,10.1055,10.1055,161.6883,0.01201088,40.4221,36.7584,128.0032,131.6669,0.00950861,0.00978077,0.00050045,7.0077,6.2661,0.0877,10.5266,0.1689,841.3636,120.0000,7.1725,3.5334,4.0407,6.0611,8.1756,12.1222,16.1629,20.2037,6.0611,0.0,2.666667,3.333333,1.156179,29,150,35,2,0.97716482,0.01251133,0.01264445,0E-8,0.000000,0.893710,0.075482,-0.00582929,2026-06-30,2026-08-06,16,997,296,38,0.421053,2.029941,1.023519,3.257216,,,,,,,,GLOBAL_BASELINE_NO_ENTITY_RANKING,,,NOT_APPLICABLE_GLOBAL_BASELINE,HF9g-P5,,,,X 全窗基线 · 不参与实体赏罚,6874502,688,A168_HF9F_20260827_0900,2026-08-27 09:00:00
2026-07-31,152220872,2229,0,26.2647486665,25.4566025537,25.4566025537,1.0000000,2,2,0.49994810000000000,0.499948100000,1.4143603653603398,1.4143603653603398,1.4143603653603398,0E-17,ELIGIBLE,R03b_20260811_FULL_v1,L1_ELIGIBILITY,v2026-08-11,2026-03-21..2026-08-06,baccarat_bet02_101_all_pairs_incl_sentinel,round_win = game_pnl > 0 (decisive only),COMPATIBILITY_ONLY_NOT_PRODUCTION,13461.8174,12030.9580,168.4253,1921,1920,-0.01251133,-0.01264445,-0.00681516,-0.01251133,-168.4253,13461.8174,OK,0.0000,6.7370,4.0000,96.0000,AG03-UNRESOLVED,ALL5_LEVELS_bet23_to_bet27,6.7370,6.7370,6.7370,10.1055,10.1055,4.000000,4.000000,4.000000,6.000000,6.000000,96.000000,96.000000,96.000000,94.000000,94.000000,5.0,40.4221,36.7584,128.0032,131.6669,PENDING_AG03,FALSE,NOT_FOR_ENFORCEMENT,161.6883,11549.7197,168.4253,161.6883,6.7370,0.01251133,0.01201088,6.7370,161.6883,0.01201088,6.7370,6.7370,6.7370,10.1055,10.1055,161.6883,0.01201088,40.4221,36.7584,128.0032,131.6669,0.00950861,0.00978077,0.00050045,7.0077,6.2661,0.0877,10.5266,0.1689,841.3636,120.0000,7.1725,3.5334,4.0407,6.0611,8.1756,12.1222,16.1629,20.2037,6.0611,0.0,2.666667,3.333333,1.156179,29,150,35,2,0.97716482,0.01251133,0.01264445,0E-8,0.000000,0.893710,0.075482,-0.00582929,2026-06-30,2026-08-06,16,997,296,38,0.421053,2.029941,1.023519,3.257216,,,,,,,,GLOBAL_BASELINE_NO_ENTITY_RANKING,,,NOT_APPLICABLE_GLOBAL_BASELINE,HF9g-P5,,,,X 全窗基线 · 不参与实体赏罚,6874503,688,A168_HF9F_20260827_0900,2026-08-27 09:00:00
2026-07-31,152220872,2266,0,8.1756121490,-8.1756121490,-8.1756121490,0E-7,1,1,0.50665070000000000,0.506650700000,-1.013391052207602,-1.013391052207602,-1.013391052207602,0E-17,ELIGIBLE,R03b_20260811_FULL_v1,L1_ELIGIBILITY,v2026-08-11,2026-03-21..2026-08-06,baccarat_bet02_101_all_pairs_incl_sentinel,round_win = game_pnl > 0 (decisive only),COMPATIBILITY_ONLY_NOT_PRODUCTION,13461.8174,12030.9580,168.4253,1921,1920,-0.01251133,-0.01264445,-0.00681516,-0.01251133,-168.4253,13461.8174,OK,0.0000,6.7370,4.0000,96.0000,AG03-UNRESOLVED,ALL5_LEVELS_bet23_to_bet27,6.7370,6.7370,6.7370,10.1055,10.1055,4.000000,4.000000,4.000000,6.000000,6.000000,96.000000,96.000000,96.000000,94.000000,94.000000,5.0,40.4221,36.7584,128.0032,131.6669,PENDING_AG03,FALSE,NOT_FOR_ENFORCEMENT,161.6883,11549.7197,168.4253,161.6883,6.7370,0.01251133,0.01201088,6.7370,161.6883,0.01201088,6.7370,6.7370,6.7370,10.1055,10.1055,161.6883,0.01201088,40.4221,36.7584,128.0032,131.6669,0.00950861,0.00978077,0.00050045,7.0077,6.2661,0.0877,10.5266,0.1689,841.3636,120.0000,7.1725,3.5334,4.0407,6.0611,8.1756,12.1222,16.1629,20.2037,6.0611,0.0,2.666667,3.333333,1.156179,29,150,35,2,0.97716482,0.01251133,0.01264445,0E-8,0.000000,0.893710,0.075482,-0.00582929,2026-06-30,2026-08-06,16,997,296,38,0.421053,2.029941,1.023519,3.257216,,,,,,,,GLOBAL_BASELINE_NO_ENTITY_RANKING,,,NOT_APPLICABLE_GLOBAL_BASELINE,HF9g-P5,,,,X 全窗基线 · 不参与实体赏罚,6874504,688,A168_HF9F_20260827_0900,2026-08-27 09:00:00
2026-07-31,152220872,2267,0,18.3951273351,6.1317091117,6.1317091117,0.6666667,3,3,0.49324550000000000,0.493245500000,0.6008033672792107,0.6008033672792106,0.6008033672792107,0E-17,ELIGIBLE,R03b_20260811_FULL_v1,L1_ELIGIBILITY,v2026-08-11,2026-03-21..2026-08-06,baccarat_bet02_101_all_pairs_incl_sentinel,round_win = game_pnl > 0 (decisive only),COMPATIBILITY_ONLY_NOT_PRODUCTION,13461.8174,12030.9580,168.4253,1921,1920,-0.01251133,-0.01264445,-0.00681516,-0.01251133,-168.4253,13461.8174,OK,0.0000,6.7370,4.0000,96.0000,AG03-UNRESOLVED,ALL5_LEVELS_bet23_to_bet27,6.7370,6.7370,6.7370,10.1055,10.1055,4.000000,4.000000,4.000000,6.000000,6.000000,96.000000,96.000000,96.000000,94.000000,94.000000,5.0,40.4221,36.7584,128.0032,131.6669,PENDING_AG03,FALSE,NOT_FOR_ENFORCEMENT,161.6883,11549.7197,168.4253,161.6883,6.7370,0.01251133,0.01201088,6.7370,161.6883,0.01201088,6.7370,6.7370,6.7370,10.1055,10.1055,161.6883,0.01201088,40.4221,36.7584,128.0032,131.6669,0.00950861,0.00978077,0.00050045,7.0077,6.2661,0.0877,10.5266,0.1689,841.3636,120.0000,7.1725,3.5334,4.0407,6.0611,8.1756,12.1222,16.1629,20.2037,6.0611,0.0,2.666667,3.333333,1.156179,29,150,35,2,0.97716482,0.01251133,0.01264445,0E-8,0.000000,0.893710,0.075482,-0.00582929,2026-06-30,2026-08-06,16,997,296,38,0.421053,2.029941,1.023519,3.257216,,,,,,,,GLOBAL_BASELINE_NO_ENTITY_RANKING,,,NOT_APPLICABLE_GLOBAL_BASELINE,HF9g-P5,,,,X 全窗基线 · 不参与实体赏罚,6874505,688,A168_HF9F_20260827_0900,2026-08-27 09:00:00
2026-07-31,152220872,2276,0,10.1018264102,9.5967350897,9.5967350897,1.0000000,1,1,0.50665070000000000,0.506650700000,0.9867858985152569,0.9867858985152569,0.9867858985152569,0E-17,ELIGIBLE,R03b_20260811_FULL_v1,L1_ELIGIBILITY,v2026-08-11,2026-03-21..2026-08-06,baccarat_bet02_101_all_pairs_incl_sentinel,round_win = game_pnl > 0 (decisive only),COMPATIBILITY_ONLY_NOT_PRODUCTION,13461.8174,12030.9580,168.4253,1921,1920,-0.01251133,-0.01264445,-0.00681516,-0.01251133,-168.4253,13461.8174,OK,0.0000,6.7370,4.0000,96.0000,AG03-UNRESOLVED,ALL5_LEVELS_bet23_to_bet27,6.7370,6.7370,6.7370,10.1055,10.1055,4.000000,4.000000,4.000000,6.000000,6.000000,96.000000,96.000000,96.000000,94.000000,94.000000,5.0,40.4221,36.7584,128.0032,131.6669,PENDING_AG03,FALSE,NOT_FOR_ENFORCEMENT,161.6883,11549.7197,168.4253,161.6883,6.7370,0.01251133,0.01201088,6.7370,161.6883,0.01201088,6.7370,6.7370,6.7370,10.1055,10.1055,161.6883,0.01201088,40.4221,36.7584,128.0032,131.6669,0.00950861,0.00978077,0.00050045,7.0077,6.2661,0.0877,10.5266,0.1689,841.3636,120.0000,7.1725,3.5334,4.0407,6.0611,8.1756,12.1222,16.1629,20.2037,6.0611,0.0,2.666667,3.333333,1.156179,29,150,35,2,0.97716482,0.01251133,0.01264445,0E-8,0.000000,0.893710,0.075482,-0.00582929,2026-06-30,2026-08-06,16,997,296,38,0.421053,2.029941,1.023519,3.257216,,,,,,,,GLOBAL_BASELINE_NO_ENTITY_RANKING,,,NOT_APPLICABLE_GLOBAL_BASELINE,HF9g-P5,,,,X 全窗基线 · 不参与实体赏罚,6874506,688,A168_HF9F_20260827_0900,2026-08-27 09:00:00
2026-07-31,152220872,2287,0,24.2443833845,24.2443833845,24.2443833845,1.0000000,2,2,0.49324550000000000,0.493245500000,1.4334489766152358,1.4334489766152358,1.4334489766152358,0E-17,ELIGIBLE,R03b_20260811_FULL_v1,L1_ELIGIBILITY,v2026-08-11,2026-03-21..2026-08-06,baccarat_bet02_101_all_pairs_incl_sentinel,round_win = game_pnl > 0 (decisive only),COMPATIBILITY_ONLY_NOT_PRODUCTION,13461.8174,12030.9580,168.4253,1921,1920,-0.01251133,-0.01264445,-0.00681516,-0.01251133,-168.4253,13461.8174,OK,0.0000,6.7370,4.0000,96.0000,AG03-UNRESOLVED,ALL5_LEVELS_bet23_to_bet27,6.7370,6.7370,6.7370,10.1055,10.1055,4.000000,4.000000,4.000000,6.000000,6.000000,96.000000,96.000000,96.000000,94.000000,94.000000,5.0,40.4221,36.7584,128.0032,131.6669,PENDING_AG03,FALSE,NOT_FOR_ENFORCEMENT,161.6883,11549.7197,168.4253,161.6883,6.7370,0.01251133,0.01201088,6.7370,161.6883,0.01201088,6.7370,6.7370,6.7370,10.1055,10.1055,161.6883,0.01201088,40.4221,36.7584,128.0032,131.6669,0.00950861,0.00978077,0.00050045,7.0077,6.2661,0.0877,10.5266,0.1689,841.3636,120.0000,7.1725,3.5334,4.0407,6.0611,8.1756,12.1222,16.1629,20.2037,6.0611,0.0,2.666667,3.333333,1.156179,29,150,35,2,0.97716482,0.01251133,0.01264445,0E-8,0.000000,0.893710,0.075482,-0.00582929,2026-06-30,2026-08-06,16,997,296,38,0.421053,2.029941,1.023519,3.257216,,,,,,,,GLOBAL_BASELINE_NO_ENTITY_RANKING,,,NOT_APPLICABLE_GLOBAL_BASELINE,HF9g-P5,,,,X 全窗基线 · 不参与实体赏罚,6874507,688,A168_HF9F_20260827_0900,2026-08-27 09:00:00
2026-07-31,152220872,789,0,16.1629222563,-12.1221916923,-12.1221916923,0.3333333,3,3,0.50665070000000000,0.506650700000,-0.6004420894325239,-0.6004420894325239,-0.6004420894325239,0E-17,ELIGIBLE,R03b_20260811_FULL_v1,L1_ELIGIBILITY,v2026-08-11,2026-03-21..2026-08-06,baccarat_bet02_101_all_pairs_incl_sentinel,round_win = game_pnl > 0 (decisive only),COMPATIBILITY_ONLY_NOT_PRODUCTION,13461.8174,12030.9580,168.4253,1921,1920,-0.01251133,-0.01264445,-0.00681516,-0.01251133,-168.4253,13461.8174,OK,0.0000,6.7370,4.0000,96.0000,AG03-UNRESOLVED,ALL5_LEVELS_bet23_to_bet27,6.7370,6.7370,6.7370,10.1055,10.1055,4.000000,4.000000,4.000000,6.000000,6.000000,96.000000,96.000000,96.000000,94.000000,94.000000,5.0,40.4221,36.7584,128.0032,131.6669,PENDING_AG03,FALSE,NOT_FOR_ENFORCEMENT,161.6883,11549.7197,168.4253,161.6883,6.7370,0.01251133,0.01201088,6.7370,161.6883,0.01201088,6.7370,6.7370,6.7370,10.1055,10.1055,161.6883,0.01201088,40.4221,36.7584,128.0032,131.6669,0.00950861,0.00978077,0.00050045,7.0077,6.2661,0.0877,10.5266,0.1689,841.3636,120.0000,7.1725,3.5334,4.0407,6.0611,8.1756,12.1222,16.1629,20.2037,6.0611,0.0,2.666667,3.333333,1.156179,29,150,35,2,0.97716482,0.01251133,0.01264445,0E-8,0.000000,0.893710,0.075482,-0.00582929,2026-06-30,2026-08-06,16,997,296,38,0.421053,2.029941,1.023519,3.257216,,,,,,,,GLOBAL_BASELINE_NO_ENTITY_RANKING,,,NOT_APPLICABLE_GLOBAL_BASELINE,HF9g-P5,,,,X 全窗基线 · 不参与实体赏罚,6874508,688,A168_HF9F_20260827_0900,2026-08-27 09:00:00
2026-08-01,152220872,-1,1,1167.7711330201,-83.0370130918,-83.0370130918,0.4573643,142,142,0.50042011408450704,0.500420114085,-0.9780394997208423,-0.9780394997320409,-0.9780394997208423,-4.9296E-13,SENTINEL_DEALER,R03b_20260811_FULL_v1,L1_ELIGIBILITY,v2026-08-11,2026-03-21..2026-08-06,baccarat_bet02_101_all_pairs_incl_sentinel,round_win = game_pnl > 0 (decisive only),COMPATIBILITY_ONLY_NOT_PRODUCTION,13461.8174,12030.9580,168.4253,1921,1920,-0.01251133,-0.01264445,-0.00681516,-0.01251133,-168.4253,13461.8174,OK,0.0000,6.7370,4.0000,96.0000,AG03-UNRESOLVED,ALL5_LEVELS_bet23_to_bet27,6.7370,6.7370,6.7370,10.1055,10.1055,4.000000,4.000000,4.000000,6.000000,6.000000,96.000000,96.000000,96.000000,94.000000,94.000000,5.0,40.4221,36.7584,128.0032,131.6669,PENDING_AG03,FALSE,NOT_FOR_ENFORCEMENT,161.6883,11549.7197,168.4253,161.6883,6.7370,0.01251133,0.01201088,6.7370,161.6883,0.01201088,6.7370,6.7370,6.7370,10.1055,10.1055,161.6883,0.01201088,40.4221,36.7584,128.0032,131.6669,0.00950861,0.00978077,0.00050045,7.0077,6.2661,0.0877,10.5266,0.1689,841.3636,120.0000,7.1725,3.5334,4.0407,6.0611,8.1756,12.1222,16.1629,20.2037,6.0611,0.0,2.666667,3.333333,1.156179,29,150,35,2,0.97716482,0.01251133,0.01264445,0E-8,0.000000,0.893710,0.075482,-0.00582929,2026-06-30,2026-08-06,16,997,296,38,0.421053,2.029941,1.023519,3.257216,,,,,,,,GLOBAL_BASELINE_NO_ENTITY_RANKING,,,NOT_APPLICABLE_GLOBAL_BASELINE,HF9g-P5,,,,X 全窗基线 · 不参与实体赏罚,6874509,688,A168_HF9F_20260827_0900,2026-08-27 09:00:00
2026-08-01,152220872,1004,0,4.0407305641,-4.0407305641,-4.0407305641,0E-7,1,1,0.50665070000000000,0.506650700000,-1.013391052207602,-1.013391052207602,-1.013391052207602,0E-17,ELIGIBLE,R03b_20260811_FULL_v1,L1_ELIGIBILITY,v2026-08-11,2026-03-21..2026-08-06,baccarat_bet02_101_all_pairs_incl_sentinel,round_win = game_pnl > 0 (decisive only),COMPATIBILITY_ONLY_NOT_PRODUCTION,13461.8174,12030.9580,168.4253,1921,1920,-0.01251133,-0.01264445,-0.00681516,-0.01251133,-168.4253,13461.8174,OK,0.0000,6.7370,4.0000,96.0000,AG03-UNRESOLVED,ALL5_LEVELS_bet23_to_bet27,6.7370,6.7370,6.7370,10.1055,10.1055,4.000000,4.000000,4.000000,6.000000,6.000000,96.000000,96.000000,96.000000,94.000000,94.000000,5.0,40.4221,36.7584,128.0032,131.6669,PENDING_AG03,FALSE,NOT_FOR_ENFORCEMENT,161.6883,11549.7197,168.4253,161.6883,6.7370,0.01251133,0.01201088,6.7370,161.6883,0.01201088,6.7370,6.7370,6.7370,10.1055,10.1055,161.6883,0.01201088,40.4221,36.7584,128.0032,131.6669,0.00950861,0.00978077,0.00050045,7.0077,6.2661,0.0877,10.5266,0.1689,841.3636,120.0000,7.1725,3.5334,4.0407,6.0611,8.1756,12.1222,16.1629,20.2037,6.0611,0.0,2.666667,3.333333,1.156179,29,150,35,2,0.97716482,0.01251133,0.01264445,0E-8,0.000000,0.893710,0.075482,-0.00582929,2026-06-30,2026-08-06,16,997,296,38,0.421053,2.029941,1.023519,3.257216,,,,,,,,GLOBAL_BASELINE_NO_ENTITY_RANKING,,,NOT_APPLICABLE_GLOBAL_BASELINE,HF9g-P5,,,,X 全窗基线 · 不参与实体赏罚,6874510,688,A168_HF9F_20260827_0900,2026-08-27 09:00:00
2026-08-01,152220872,1017,0,14.1425569743,6.0610958461,6.0610958461,0.5000000,2,2,0.49324550000000000,0.493245500000,0.01910635448239258,0.01910635448239258,0.01910635448239258,0E-17,ELIGIBLE,R03b_20260811_FULL_v1,L1_ELIGIBILITY,v2026-08-11,2026-03-21..2026-08-06,baccarat_bet02_101_all_pairs_incl_sentinel,round_win = game_pnl > 0 (decisive only),COMPATIBILITY_ONLY_NOT_PRODUCTION,13461.8174,12030.9580,168.4253,1921,1920,-0.01251133,-0.01264445,-0.00681516,-0.01251133,-168.4253,13461.8174,OK,0.0000,6.7370,4.0000,96.0000,AG03-UNRESOLVED,ALL5_LEVELS_bet23_to_bet27,6.7370,6.7370,6.7370,10.1055,10.1055,4.000000,4.000000,4.000000,6.000000,6.000000,96.000000,96.000000,96.000000,94.000000,94.000000,5.0,40.4221,36.7584,128.0032,131.6669,PENDING_AG03,FALSE,NOT_FOR_ENFORCEMENT,161.6883,11549.7197,168.4253,161.6883,6.7370,0.01251133,0.01201088,6.7370,161.6883,0.01201088,6.7370,6.7370,6.7370,10.1055,10.1055,161.6883,0.01201088,40.4221,36.7584,128.0032,131.6669,0.00950861,0.00978077,0.00050045,7.0077,6.2661,0.0877,10.5266,0.1689,841.3636,120.0000,7.1725,3.5334,4.0407,6.0611,8.1756,12.1222,16.1629,20.2037,6.0611,0.0,2.666667,3.333333,1.156179,29,150,35,2,0.97716482,0.01251133,0.01264445,0E-8,0.000000,0.893710,0.075482,-0.00582929,2026-06-30,2026-08-06,16,997,296,38,0.421053,2.029941,1.023519,3.257216,,,,,,,,GLOBAL_BASELINE_NO_ENTITY_RANKING,,,NOT_APPLICABLE_GLOBAL_BASELINE,HF9g-P5,,,,X 全窗基线 · 不参与实体赏罚,6874511,688,A168_HF9F_20260827_0900,2026-08-27 09:00:00
2026-08-01,152220872,1094,0,18.1832875384,17.2741231615,17.2741231615,1.0000000,1,1,0.50665070000000000,0.506650700000,0.9867858985152569,0.9867858985152569,0.9867858985152569,0E-17,ELIGIBLE,R03b_20260811_FULL_v1,L1_ELIGIBILITY,v2026-08-11,2026-03-21..2026-08-06,baccarat_bet02_101_all_pairs_incl_sentinel,round_win = game_pnl > 0 (decisive only),COMPATIBILITY_ONLY_NOT_PRODUCTION,13461.8174,12030.9580,168.4253,1921,1920,-0.01251133,-0.01264445,-0.00681516,-0.01251133,-168.4253,13461.8174,OK,0.0000,6.7370,4.0000,96.0000,AG03-UNRESOLVED,ALL5_LEVELS_bet23_to_bet27,6.7370,6.7370,6.7370,10.1055,10.1055,4.000000,4.000000,4.000000,6.000000,6.000000,96.000000,96.000000,96.000000,94.000000,94.000000,5.0,40.4221,36.7584,128.0032,131.6669,PENDING_AG03,FALSE,NOT_FOR_ENFORCEMENT,161.6883,11549.7197,168.4253,161.6883,6.7370,0.01251133,0.01201088,6.7370,161.6883,0.01201088,6.7370,6.7370,6.7370,10.1055,10.1055,161.6883,0.01201088,40.4221,36.7584,128.0032,131.6669,0.00950861,0.00978077,0.00050045,7.0077,6.2661,0.0877,10.5266,0.1689,841.3636,120.0000,7.1725,3.5334,4.0407,6.0611,8.1756,12.1222,16.1629,20.2037,6.0611,0.0,2.666667,3.333333,1.156179,29,150,35,2,0.97716482,0.01251133,0.01264445,0E-8,0.000000,0.893710,0.075482,-0.00582929,2026-06-30,2026-08-06,16,997,296,38,0.421053,2.029941,1.023519,3.257216,,,,,,,,GLOBAL_BASELINE_NO_ENTITY_RANKING,,,NOT_APPLICABLE_GLOBAL_BASELINE,HF9g-P5,,,,X 全窗基线 · 不参与实体赏罚,6874512,688,A168_HF9F_20260827_0900,2026-08-27 09:00:00
2026-08-01,152220872,1151,0,20.2036528205,-20.2036528205,-20.2036528205,0E-7,2,2,0.49994810000000000,0.499948100000,-1.4140667746232096,-1.4140667746232096,-1.4140667746232096,0E-17,ELIGIBLE,R03b_20260811_FULL_v1,L1_ELIGIBILITY,v2026-08-11,2026-03-21..2026-08-06,baccarat_bet02_101_all_pairs_incl_sentinel,round_win = game_pnl > 0 (decisive only),COMPATIBILITY_ONLY_NOT_PRODUCTION,13461.8174,12030.9580,168.4253,1921,1920,-0.01251133,-0.01264445,-0.00681516,-0.01251133,-168.4253,13461.8174,OK,0.0000,6.7370,4.0000,96.0000,AG03-UNRESOLVED,ALL5_LEVELS_bet23_to_bet27,6.7370,6.7370,6.7370,10.1055,10.1055,4.000000,4.000000,4.000000,6.000000,6.000000,96.000000,96.000000,96.000000,94.000000,94.000000,5.0,40.4221,36.7584,128.0032,131.6669,PENDING_AG03,FALSE,NOT_FOR_ENFORCEMENT,161.6883,11549.7197,168.4253,161.6883,6.7370,0.01251133,0.01201088,6.7370,161.6883,0.01201088,6.7370,6.7370,6.7370,10.1055,10.1055,161.6883,0.01201088,40.4221,36.7584,128.0032,131.6669,0.00950861,0.00978077,0.00050045,7.0077,6.2661,0.0877,10.5266,0.1689,841.3636,120.0000,7.1725,3.5334,4.0407,6.0611,8.1756,12.1222,16.1629,20.2037,6.0611,0.0,2.666667,3.333333,1.156179,29,150,35,2,0.97716482,0.01251133,0.01264445,0E-8,0.000000,0.893710,0.075482,-0.00582929,2026-06-30,2026-08-06,16,997,296,38,0.421053,2.029941,1.023519,3.257216,,,,,,,,GLOBAL_BASELINE_NO_ENTITY_RANKING,,,NOT_APPLICABLE_GLOBAL_BASELINE,HF9g-P5,,,,X 全窗基线 · 不参与实体赏罚,6874513,688,A168_HF9F_20260827_0900,2026-08-27 09:00:00
2026-08-01,152220872,1157,0,20.2036528204,-0.5050913205,-0.5050913205,0.5000000,2,2,0.49994810000000000,0.499948100000,0.00014679536856514622,0.00014679536856514622,0.00014679536856514622,0E-17,ELIGIBLE,R03b_20260811_FULL_v1,L1_ELIGIBILITY,v2026-08-11,2026-03-21..2026-08-06,baccarat_bet02_101_all_pairs_incl_sentinel,round_win = game_pnl > 0 (decisive only),COMPATIBILITY_ONLY_NOT_PRODUCTION,13461.8174,12030.9580,168.4253,1921,1920,-0.01251133,-0.01264445,-0.00681516,-0.01251133,-168.4253,13461.8174,OK,0.0000,6.7370,4.0000,96.0000,AG03-UNRESOLVED,ALL5_LEVELS_bet23_to_bet27,6.7370,6.7370,6.7370,10.1055,10.1055,4.000000,4.000000,4.000000,6.000000,6.000000,96.000000,96.000000,96.000000,94.000000,94.000000,5.0,40.4221,36.7584,128.0032,131.6669,PENDING_AG03,FALSE,NOT_FOR_ENFORCEMENT,161.6883,11549.7197,168.4253,161.6883,6.7370,0.01251133,0.01201088,6.7370,161.6883,0.01201088,6.7370,6.7370,6.7370,10.1055,10.1055,161.6883,0.01201088,40.4221,36.7584,128.0032,131.6669,0.00950861,0.00978077,0.00050045,7.0077,6.2661,0.0877,10.5266,0.1689,841.3636,120.0000,7.1725,3.5334,4.0407,6.0611,8.1756,12.1222,16.1629,20.2037,6.0611,0.0,2.666667,3.333333,1.156179,29,150,35,2,0.97716482,0.01251133,0.01264445,0E-8,0.000000,0.893710,0.075482,-0.00582929,2026-06-30,2026-08-06,16,997,296,38,0.421053,2.029941,1.023519,3.257216,,,,,,,,GLOBAL_BASELINE_NO_ENTITY_RANKING,,,NOT_APPLICABLE_GLOBAL_BASELINE,HF9g-P5,,,,X 全窗基线 · 不参与实体赏罚,6874514,688,A168_HF9F_20260827_0900,2026-08-27 09:00:00
2026-08-01,152220872,1210,0,74.7535154356,5.4549862615,5.4549862615,0.4000000,10,10,0.49860758000000000,0.498607580000,-0.6236515130320585,-0.6236515130320585,-0.6236515130320585,0E-17,ELIGIBLE,R03b_20260811_FULL_v1,L1_ELIGIBILITY,v2026-08-11,2026-03-21..2026-08-06,baccarat_bet02_101_all_pairs_incl_sentinel,round_win = game_pnl > 0 (decisive only),COMPATIBILITY_ONLY_NOT_PRODUCTION,13461.8174,12030.9580,168.4253,1921,1920,-0.01251133,-0.01264445,-0.00681516,-0.01251133,-168.4253,13461.8174,OK,0.0000,6.7370,4.0000,96.0000,AG03-UNRESOLVED,ALL5_LEVELS_bet23_to_bet27,6.7370,6.7370,6.7370,10.1055,10.1055,4.000000,4.000000,4.000000,6.000000,6.000000,96.000000,96.000000,96.000000,94.000000,94.000000,5.0,40.4221,36.7584,128.0032,131.6669,PENDING_AG03,FALSE,NOT_FOR_ENFORCEMENT,161.6883,11549.7197,168.4253,161.6883,6.7370,0.01251133,0.01201088,6.7370,161.6883,0.01201088,6.7370,6.7370,6.7370,10.1055,10.1055,161.6883,0.01201088,40.4221,36.7584,128.0032,131.6669,0.00950861,0.00978077,0.00050045,7.0077,6.2661,0.0877,10.5266,0.1689,841.3636,120.0000,7.1725,3.5334,4.0407,6.0611,8.1756,12.1222,16.1629,20.2037,6.0611,0.0,2.666667,3.333333,1.156179,29,150,35,2,0.97716482,0.01251133,0.01264445,0E-8,0.000000,0.893710,0.075482,-0.00582929,2026-06-30,2026-08-06,16,997,296,38,0.421053,2.029941,1.023519,3.257216,,,,,,,,GLOBAL_BASELINE_NO_ENTITY_RANKING,,,NOT_APPLICABLE_GLOBAL_BASELINE,HF9g-P5,,,,X 全窗基线 · 不参与实体赏罚,6874515,688,A168_HF9F_20260827_0900,2026-08-27 09:00:00
2026-08-01,152220872,1299,0,50.5091320510,-10.6069177307,-10.6069177307,0.5000000,6,6,0.50218230000000000,0.502182300000,-0.01069114476356389,-0.01069114476356389,-0.01069114476356389,0E-17,ELIGIBLE,R03b_20260811_FULL_v1,L1_ELIGIBILITY,v2026-08-11,2026-03-21..2026-08-06,baccarat_bet02_101_all_pairs_incl_sentinel,round_win = game_pnl > 0 (decisive only),COMPATIBILITY_ONLY_NOT_PRODUCTION,13461.8174,12030.9580,168.4253,1921,1920,-0.01251133,-0.01264445,-0.00681516,-0.01251133,-168.4253,13461.8174,OK,0.0000,6.7370,4.0000,96.0000,AG03-UNRESOLVED,ALL5_LEVELS_bet23_to_bet27,6.7370,6.7370,6.7370,10.1055,10.1055,4.000000,4.000000,4.000000,6.000000,6.000000,96.000000,96.000000,96.000000,94.000000,94.000000,5.0,40.4221,36.7584,128.0032,131.6669,PENDING_AG03,FALSE,NOT_FOR_ENFORCEMENT,161.6883,11549.7197,168.4253,161.6883,6.7370,0.01251133,0.01201088,6.7370,161.6883,0.01201088,6.7370,6.7370,6.7370,10.1055,10.1055,161.6883,0.01201088,40.4221,36.7584,128.0032,131.6669,0.00950861,0.00978077,0.00050045,7.0077,6.2661,0.0877,10.5266,0.1689,841.3636,120.0000,7.1725,3.5334,4.0407,6.0611,8.1756,12.1222,16.1629,20.2037,6.0611,0.0,2.666667,3.333333,1.156179,29,150,35,2,0.97716482,0.01251133,0.01264445,0E-8,0.000000,0.893710,0.075482,-0.00582929,2026-06-30,2026-08-06,16,997,296,38,0.421053,2.029941,1.023519,3.257216,,,,,,,,GLOBAL_BASELINE_NO_ENTITY_RANKING,,,NOT_APPLICABLE_GLOBAL_BASELINE,HF9g-P5,,,,X 全窗基线 · 不参与实体赏罚,6874516,688,A168_HF9F_20260827_0900,2026-08-27 09:00:00
2026-08-01,152220872,1302,0,70.7127848714,-18.4863423307,-18.4863423307,0.4000000,10,10,0.50128862000000000,0.501288620000,-0.6406076080251435,-0.6406076080251435,-0.6406076080251435,0E-17,ELIGIBLE,R03b_20260811_FULL_v1,L1_ELIGIBILITY,v2026-08-11,2026-03-21..2026-08-06,baccarat_bet02_101_all_pairs_incl_sentinel,round_win = game_pnl > 0 (decisive only),COMPATIBILITY_ONLY_NOT_PRODUCTION,13461.8174,12030.9580,168.4253,1921,1920,-0.01251133,-0.01264445,-0.00681516,-0.01251133,-168.4253,13461.8174,OK,0.0000,6.7370,4.0000,96.0000,AG03-UNRESOLVED,ALL5_LEVELS_bet23_to_bet27,6.7370,6.7370,6.7370,10.1055,10.1055,4.000000,4.000000,4.000000,6.000000,6.000000,96.000000,96.000000,96.000000,94.000000,94.000000,5.0,40.4221,36.7584,128.0032,131.6669,PENDING_AG03,FALSE,NOT_FOR_ENFORCEMENT,161.6883,11549.7197,168.4253,161.6883,6.7370,0.01251133,0.01201088,6.7370,161.6883,0.01201088,6.7370,6.7370,6.7370,10.1055,10.1055,161.6883,0.01201088,40.4221,36.7584,128.0032,131.6669,0.00950861,0.00978077,0.00050045,7.0077,6.2661,0.0877,10.5266,0.1689,841.3636,120.0000,7.1725,3.5334,4.0407,6.0611,8.1756,12.1222,16.1629,20.2037,6.0611,0.0,2.666667,3.333333,1.156179,29,150,35,2,0.97716482,0.01251133,0.01264445,0E-8,0.000000,0.893710,0.075482,-0.00582929,2026-06-30,2026-08-06,16,997,296,38,0.421053,2.029941,1.023519,3.257216,,,,,,,,GLOBAL_BASELINE_NO_ENTITY_RANKING,,,NOT_APPLICABLE_GLOBAL_BASELINE,HF9g-P5,,,,X 全窗基线 · 不参与实体赏罚,6874517,688,A168_HF9F_20260827_0900,2026-08-27 09:00:00
2026-08-01,152220872,1304,0,20.2036528204,-18.1832875384,-18.1832875384,0E-7,4,4,0.50329940000000000,0.503299400000,-1.743518224870635,-1.743518224870635,-1.743518224870635,0E-17,ELIGIBLE,R03b_20260811_FULL_v1,L1_ELIGIBILITY,v2026-08-11,2026-03-21..2026-08-06,baccarat_bet02_101_all_pairs_incl_sentinel,round_win = game_pnl > 0 (decisive only),COMPATIBILITY_ONLY_NOT_PRODUCTION,13461.8174,12030.9580,168.4253,1921,1920,-0.01251133,-0.01264445,-0.00681516,-0.01251133,-168.4253,13461.8174,OK,0.0000,6.7370,4.0000,96.0000,AG03-UNRESOLVED,ALL5_LEVELS_bet23_to_bet27,6.7370,6.7370,6.7370,10.1055,10.1055,4.000000,4.000000,4.000000,6.000000,6.000000,96.000000,96.000000,96.000000,94.000000,94.000000,5.0,40.4221,36.7584,128.0032,131.6669,PENDING_AG03,FALSE,NOT_FOR_ENFORCEMENT,161.6883,11549.7197,168.4253,161.6883,6.7370,0.01251133,0.01201088,6.7370,161.6883,0.01201088,6.7370,6.7370,6.7370,10.1055,10.1055,161.6883,0.01201088,40.4221,36.7584,128.0032,131.6669,0.00950861,0.00978077,0.00050045,7.0077,6.2661,0.0877,10.5266,0.1689,841.3636,120.0000,7.1725,3.5334,4.0407,6.0611,8.1756,12.1222,16.1629,20.2037,6.0611,0.0,2.666667,3.333333,1.156179,29,150,35,2,0.97716482,0.01251133,0.01264445,0E-8,0.000000,0.893710,0.075482,-0.00582929,2026-06-30,2026-08-06,16,997,296,38,0.421053,2.029941,1.023519,3.257216,,,,,,,,GLOBAL_BASELINE_NO_ENTITY_RANKING,,,NOT_APPLICABLE_GLOBAL_BASELINE,HF9g-P5,,,,X 全窗基线 · 不参与实体赏罚,6874518,688,A168_HF9F_20260827_0900,2026-08-27 09:00:00
2026-08-01,152220872,1307,0,125.2626474868,-29.5983513819,-29.5983513819,0.4000000,16,16,0.50078592500000000,0.500785925000,-0.7806853825393515,-0.7806853825393516,-0.7806853825393515,0E-17,ELIGIBLE,R03b_20260811_FULL_v1,L1_ELIGIBILITY,v2026-08-11,2026-03-21..2026-08-06,baccarat_bet02_101_all_pairs_incl_sentinel,round_win = game_pnl > 0 (decisive only),COMPATIBILITY_ONLY_NOT_PRODUCTION,13461.8174,12030.9580,168.4253,1921,1920,-0.01251133,-0.01264445,-0.00681516,-0.01251133,-168.4253,13461.8174,OK,0.0000,6.7370,4.0000,96.0000,AG03-UNRESOLVED,ALL5_LEVELS_bet23_to_bet27,6.7370,6.7370,6.7370,10.1055,10.1055,4.000000,4.000000,4.000000,6.000000,6.000000,96.000000,96.000000,96.000000,94.000000,94.000000,5.0,40.4221,36.7584,128.0032,131.6669,PENDING_AG03,FALSE,NOT_FOR_ENFORCEMENT,161.6883,11549.7197,168.4253,161.6883,6.7370,0.01251133,0.01201088,6.7370,161.6883,0.01201088,6.7370,6.7370,6.7370,10.1055,10.1055,161.6883,0.01201088,40.4221,36.7584,128.0032,131.6669,0.00950861,0.00978077,0.00050045,7.0077,6.2661,0.0877,10.5266,0.1689,841.3636,120.0000,7.1725,3.5334,4.0407,6.0611,8.1756,12.1222,16.1629,20.2037,6.0611,0.0,2.666667,3.333333,1.156179,29,150,35,2,0.97716482,0.01251133,0.01264445,0E-8,0.000000,0.893710,0.075482,-0.00582929,2026-06-30,2026-08-06,16,997,296,38,0.421053,2.029941,1.023519,3.257216,,,,,,,,GLOBAL_BASELINE_NO_ENTITY_RANKING,,,NOT_APPLICABLE_GLOBAL_BASELINE,HF9g-P5,,,,X 全窗基线 · 不参与实体赏罚,6874519,688,A168_HF9F_20260827_0900,2026-08-27 09:00:00
2026-08-01,152220872,1318,0,34.3462097947,-18.1832875383,-18.1832875383,0.3333333,3,3,0.49771390000000000,0.497713900000,-0.5694369385616226,-0.5694369385616226,-0.5694369385616226,0E-17,ELIGIBLE,R03b_20260811_FULL_v1,L1_ELIGIBILITY,v2026-08-11,2026-03-21..2026-08-06,baccarat_bet02_101_all_pairs_incl_sentinel,round_win = game_pnl > 0 (decisive only),COMPATIBILITY_ONLY_NOT_PRODUCTION,13461.8174,12030.9580,168.4253,1921,1920,-0.01251133,-0.01264445,-0.00681516,-0.01251133,-168.4253,13461.8174,OK,0.0000,6.7370,4.0000,96.0000,AG03-UNRESOLVED,ALL5_LEVELS_bet23_to_bet27,6.7370,6.7370,6.7370,10.1055,10.1055,4.000000,4.000000,4.000000,6.000000,6.000000,96.000000,96.000000,96.000000,94.000000,94.000000,5.0,40.4221,36.7584,128.0032,131.6669,PENDING_AG03,FALSE,NOT_FOR_ENFORCEMENT,161.6883,11549.7197,168.4253,161.6883,6.7370,0.01251133,0.01201088,6.7370,161.6883,0.01201088,6.7370,6.7370,6.7370,10.1055,10.1055,161.6883,0.01201088,40.4221,36.7584,128.0032,131.6669,0.00950861,0.00978077,0.00050045,7.0077,6.2661,0.0877,10.5266,0.1689,841.3636,120.0000,7.1725,3.5334,4.0407,6.0611,8.1756,12.1222,16.1629,20.2037,6.0611,0.0,2.666667,3.333333,1.156179,29,150,35,2,0.97716482,0.01251133,0.01264445,0E-8,0.000000,0.893710,0.075482,-0.00582929,2026-06-30,2026-08-06,16,997,296,38,0.421053,2.029941,1.023519,3.257216,,,,,,,,GLOBAL_BASELINE_NO_ENTITY_RANKING,,,NOT_APPLICABLE_GLOBAL_BASELINE,HF9g-P5,,,,X 全窗基线 · 不参与实体赏罚,6874520,688,A168_HF9F_20260827_0900,2026-08-27 09:00:00
2026-08-01,152220872,1323,0,90.9164376919,53.1356069178,53.1356069178,0.6000000,6,6,0.49547970000000000,0.495479700000,0.4674480948863271,0.4674480948863271,0.4674480948863271,0E-17,ELIGIBLE,R03b_20260811_FULL_v1,L1_ELIGIBILITY,v2026-08-11,2026-03-21..2026-08-06,baccarat_bet02_101_all_pairs_incl_sentinel,round_win = game_pnl > 0 (decisive only),COMPATIBILITY_ONLY_NOT_PRODUCTION,13461.8174,12030.9580,168.4253,1921,1920,-0.01251133,-0.01264445,-0.00681516,-0.01251133,-168.4253,13461.8174,OK,0.0000,6.7370,4.0000,96.0000,AG03-UNRESOLVED,ALL5_LEVELS_bet23_to_bet27,6.7370,6.7370,6.7370,10.1055,10.1055,4.000000,4.000000,4.000000,6.000000,6.000000,96.000000,96.000000,96.000000,94.000000,94.000000,5.0,40.4221,36.7584,128.0032,131.6669,PENDING_AG03,FALSE,NOT_FOR_ENFORCEMENT,161.6883,11549.7197,168.4253,161.6883,6.7370,0.01251133,0.01201088,6.7370,161.6883,0.01201088,6.7370,6.7370,6.7370,10.1055,10.1055,161.6883,0.01201088,40.4221,36.7584,128.0032,131.6669,0.00950861,0.00978077,0.00050045,7.0077,6.2661,0.0877,10.5266,0.1689,841.3636,120.0000,7.1725,3.5334,4.0407,6.0611,8.1756,12.1222,16.1629,20.2037,6.0611,0.0,2.666667,3.333333,1.156179,29,150,35,2,0.97716482,0.01251133,0.01264445,0E-8,0.000000,0.893710,0.075482,-0.00582929,2026-06-30,2026-08-06,16,997,296,38,0.421053,2.029941,1.023519,3.257216,,,,,,,,GLOBAL_BASELINE_NO_ENTITY_RANKING,,,NOT_APPLICABLE_GLOBAL_BASELINE,HF9g-P5,,,,X 全窗基线 · 不参与实体赏罚,6874521,688,A168_HF9F_20260827_0900,2026-08-27 09:00:00
2026-08-01,152220872,1325,0,36.3665750767,-4.0407305640,-4.0407305640,0.4000000,6,6,0.49994810000000000,0.499948100000,-0.4469814940518811,-0.4469814940518811,-0.4469814940518811,0E-17,ELIGIBLE,R03b_20260811_FULL_v1,L1_ELIGIBILITY,v2026-08-11,2026-03-21..2026-08-06,baccarat_bet02_101_all_pairs_incl_sentinel,round_win = game_pnl > 0 (decisive only),COMPATIBILITY_ONLY_NOT_PRODUCTION,13461.8174,12030.9580,168.4253,1921,1920,-0.01251133,-0.01264445,-0.00681516,-0.01251133,-168.4253,13461.8174,OK,0.0000,6.7370,4.0000,96.0000,AG03-UNRESOLVED,ALL5_LEVELS_bet23_to_bet27,6.7370,6.7370,6.7370,10.1055,10.1055,4.000000,4.000000,4.000000,6.000000,6.000000,96.000000,96.000000,96.000000,94.000000,94.000000,5.0,40.4221,36.7584,128.0032,131.6669,PENDING_AG03,FALSE,NOT_FOR_ENFORCEMENT,161.6883,11549.7197,168.4253,161.6883,6.7370,0.01251133,0.01201088,6.7370,161.6883,0.01201088,6.7370,6.7370,6.7370,10.1055,10.1055,161.6883,0.01201088,40.4221,36.7584,128.0032,131.6669,0.00950861,0.00978077,0.00050045,7.0077,6.2661,0.0877,10.5266,0.1689,841.3636,120.0000,7.1725,3.5334,4.0407,6.0611,8.1756,12.1222,16.1629,20.2037,6.0611,0.0,2.666667,3.333333,1.156179,29,150,35,2,0.97716482,0.01251133,0.01264445,0E-8,0.000000,0.893710,0.075482,-0.00582929,2026-06-30,2026-08-06,16,997,296,38,0.421053,2.029941,1.023519,3.257216,,,,,,,,GLOBAL_BASELINE_NO_ENTITY_RANKING,,,NOT_APPLICABLE_GLOBAL_BASELINE,HF9g-P5,,,,X 全窗基线 · 不参与实体赏罚,6874522,688,A168_HF9F_20260827_0900,2026-08-27 09:00:00
2026-08-01,152220872,1353,0,18.1832875384,-4.0407305641,-4.0407305641,0E-7,3,3,0.49771390000000000,0.497713900000,-0.9954382048786059,-0.995438204878606,-0.9954382048786059,0E-17,ELIGIBLE,R03b_20260811_FULL_v1,L1_ELIGIBILITY,v2026-08-11,2026-03-21..2026-08-06,baccarat_bet02_101_all_pairs_incl_sentinel,round_win = game_pnl > 0 (decisive only),COMPATIBILITY_ONLY_NOT_PRODUCTION,13461.8174,12030.9580,168.4253,1921,1920,-0.01251133,-0.01264445,-0.00681516,-0.01251133,-168.4253,13461.8174,OK,0.0000,6.7370,4.0000,96.0000,AG03-UNRESOLVED,ALL5_LEVELS_bet23_to_bet27,6.7370,6.7370,6.7370,10.1055,10.1055,4.000000,4.000000,4.000000,6.000000,6.000000,96.000000,96.000000,96.000000,94.000000,94.000000,5.0,40.4221,36.7584,128.0032,131.6669,PENDING_AG03,FALSE,NOT_FOR_ENFORCEMENT,161.6883,11549.7197,168.4253,161.6883,6.7370,0.01251133,0.01201088,6.7370,161.6883,0.01201088,6.7370,6.7370,6.7370,10.1055,10.1055,161.6883,0.01201088,40.4221,36.7584,128.0032,131.6669,0.00950861,0.00978077,0.00050045,7.0077,6.2661,0.0877,10.5266,0.1689,841.3636,120.0000,7.1725,3.5334,4.0407,6.0611,8.1756,12.1222,16.1629,20.2037,6.0611,0.0,2.666667,3.333333,1.156179,29,150,35,2,0.97716482,0.01251133,0.01264445,0E-8,0.000000,0.893710,0.075482,-0.00582929,2026-06-30,2026-08-06,16,997,296,38,0.421053,2.029941,1.023519,3.257216,,,,,,,,GLOBAL_BASELINE_NO_ENTITY_RANKING,,,NOT_APPLICABLE_GLOBAL_BASELINE,HF9g-P5,,,,X 全窗基线 · 不参与实体赏罚,6874523,688,A168_HF9F_20260827_0900,2026-08-27 09:00:00
2026-08-01,152220872,1382,0,24.2443833845,-24.2443833845,-24.2443833845,0E-7,2,2,0.49324550000000000,0.493245500000,-1.3952362676504506,-1.3952362676504506,-1.3952362676504506,0E-17,ELIGIBLE,R03b_20260811_FULL_v1,L1_ELIGIBILITY,v2026-08-11,2026-03-21..2026-08-06,baccarat_bet02_101_all_pairs_incl_sentinel,round_win = game_pnl > 0 (decisive only),COMPATIBILITY_ONLY_NOT_PRODUCTION,13461.8174,12030.9580,168.4253,1921,1920,-0.01251133,-0.01264445,-0.00681516,-0.01251133,-168.4253,13461.8174,OK,0.0000,6.7370,4.0000,96.0000,AG03-UNRESOLVED,ALL5_LEVELS_bet23_to_bet27,6.7370,6.7370,6.7370,10.1055,10.1055,4.000000,4.000000,4.000000,6.000000,6.000000,96.000000,96.000000,96.000000,94.000000,94.000000,5.0,40.4221,36.7584,128.0032,131.6669,PENDING_AG03,FALSE,NOT_FOR_ENFORCEMENT,161.6883,11549.7197,168.4253,161.6883,6.7370,0.01251133,0.01201088,6.7370,161.6883,0.01201088,6.7370,6.7370,6.7370,10.1055,10.1055,161.6883,0.01201088,40.4221,36.7584,128.0032,131.6669,0.00950861,0.00978077,0.00050045,7.0077,6.2661,0.0877,10.5266,0.1689,841.3636,120.0000,7.1725,3.5334,4.0407,6.0611,8.1756,12.1222,16.1629,20.2037,6.0611,0.0,2.666667,3.333333,1.156179,29,150,35,2,0.97716482,0.01251133,0.01264445,0E-8,0.000000,0.893710,0.075482,-0.00582929,2026-06-30,2026-08-06,16,997,296,38,0.421053,2.029941,1.023519,3.257216,,,,,,,,GLOBAL_BASELINE_NO_ENTITY_RANKING,,,NOT_APPLICABLE_GLOBAL_BASELINE,HF9g-P5,,,,X 全窗基线 · 不参与实体赏罚,6874524,688,A168_HF9F_20260827_0900,2026-08-27 09:00:00
2026-08-01,152220872,1383,0,58.5905931793,9.0916437691,9.0916437691,0.5555556,9,9,0.50069283333333333,0.500692833333,0.32917664935493707,0.32917664935693675,0.32917664935493707,3.3333E-13,ELIGIBLE,R03b_20260811_FULL_v1,L1_ELIGIBILITY,v2026-08-11,2026-03-21..2026-08-06,baccarat_bet02_101_all_pairs_incl_sentinel,round_win = game_pnl > 0 (decisive only),COMPATIBILITY_ONLY_NOT_PRODUCTION,13461.8174,12030.9580,168.4253,1921,1920,-0.01251133,-0.01264445,-0.00681516,-0.01251133,-168.4253,13461.8174,OK,0.0000,6.7370,4.0000,96.0000,AG03-UNRESOLVED,ALL5_LEVELS_bet23_to_bet27,6.7370,6.7370,6.7370,10.1055,10.1055,4.000000,4.000000,4.000000,6.000000,6.000000,96.000000,96.000000,96.000000,94.000000,94.000000,5.0,40.4221,36.7584,128.0032,131.6669,PENDING_AG03,FALSE,NOT_FOR_ENFORCEMENT,161.6883,11549.7197,168.4253,161.6883,6.7370,0.01251133,0.01201088,6.7370,161.6883,0.01201088,6.7370,6.7370,6.7370,10.1055,10.1055,161.6883,0.01201088,40.4221,36.7584,128.0032,131.6669,0.00950861,0.00978077,0.00050045,7.0077,6.2661,0.0877,10.5266,0.1689,841.3636,120.0000,7.1725,3.5334,4.0407,6.0611,8.1756,12.1222,16.1629,20.2037,6.0611,0.0,2.666667,3.333333,1.156179,29,150,35,2,0.97716482,0.01251133,0.01264445,0E-8,0.000000,0.893710,0.075482,-0.00582929,2026-06-30,2026-08-06,16,997,296,38,0.421053,2.029941,1.023519,3.257216,,,,,,,,GLOBAL_BASELINE_NO_ENTITY_RANKING,,,NOT_APPLICABLE_GLOBAL_BASELINE,HF9g-P5,,,,X 全窗基线 · 不参与实体赏罚,6874525,688,A168_HF9F_20260827_0900,2026-08-27 09:00:00
2026-08-01,152220872,1384,0,46.4684014870,0.8081461128,0.8081461128,0.4000000,5,5,0.50665070000000000,0.506650700000,-0.4769986289884125,-0.4769986289884125,-0.4769986289884125,0E-17,ELIGIBLE,R03b_20260811_FULL_v1,L1_ELIGIBILITY,v2026-08-11,2026-03-21..2026-08-06,baccarat_bet02_101_all_pairs_incl_sentinel,round_win = game_pnl > 0 (decisive only),COMPATIBILITY_ONLY_NOT_PRODUCTION,13461.8174,12030.9580,168.4253,1921,1920,-0.01251133,-0.01264445,-0.00681516,-0.01251133,-168.4253,13461.8174,OK,0.0000,6.7370,4.0000,96.0000,AG03-UNRESOLVED,ALL5_LEVELS_bet23_to_bet27,6.7370,6.7370,6.7370,10.1055,10.1055,4.000000,4.000000,4.000000,6.000000,6.000000,96.000000,96.000000,96.000000,94.000000,94.000000,5.0,40.4221,36.7584,128.0032,131.6669,PENDING_AG03,FALSE,NOT_FOR_ENFORCEMENT,161.6883,11549.7197,168.4253,161.6883,6.7370,0.01251133,0.01201088,6.7370,161.6883,0.01201088,6.7370,6.7370,6.7370,10.1055,10.1055,161.6883,0.01201088,40.4221,36.7584,128.0032,131.6669,0.00950861,0.00978077,0.00050045,7.0077,6.2661,0.0877,10.5266,0.1689,841.3636,120.0000,7.1725,3.5334,4.0407,6.0611,8.1756,12.1222,16.1629,20.2037,6.0611,0.0,2.666667,3.333333,1.156179,29,150,35,2,0.97716482,0.01251133,0.01264445,0E-8,0.000000,0.893710,0.075482,-0.00582929,2026-06-30,2026-08-06,16,997,296,38,0.421053,2.029941,1.023519,3.257216,,,,,,,,GLOBAL_BASELINE_NO_ENTITY_RANKING,,,NOT_APPLICABLE_GLOBAL_BASELINE,HF9g-P5,,,,X 全窗基线 · 不参与实体赏罚,6874526,688,A168_HF9F_20260827_0900,2026-08-27 09:00:00
2026-08-01,152220872,1385,0,14.1425569743,0E-10,0E-10,,1,1,0.50665070000000000,0.506650700000,,,,0E-17,NO_DECISIVE_ROUND,R03b_20260811_FULL_v1,L1_ELIGIBILITY,v2026-08-11,2026-03-21..2026-08-06,baccarat_bet02_101_all_pairs_incl_sentinel,round_win = game_pnl > 0 (decisive only),COMPATIBILITY_ONLY_NOT_PRODUCTION,13461.8174,12030.9580,168.4253,1921,1920,-0.01251133,-0.01264445,-0.00681516,-0.01251133,-168.4253,13461.8174,OK,0.0000,6.7370,4.0000,96.0000,AG03-UNRESOLVED,ALL5_LEVELS_bet23_to_bet27,6.7370,6.7370,6.7370,10.1055,10.1055,4.000000,4.000000,4.000000,6.000000,6.000000,96.000000,96.000000,96.000000,94.000000,94.000000,5.0,40.4221,36.7584,128.0032,131.6669,PENDING_AG03,FALSE,NOT_FOR_ENFORCEMENT,161.6883,11549.7197,168.4253,161.6883,6.7370,0.01251133,0.01201088,6.7370,161.6883,0.01201088,6.7370,6.7370,6.7370,10.1055,10.1055,161.6883,0.01201088,40.4221,36.7584,128.0032,131.6669,0.00950861,0.00978077,0.00050045,7.0077,6.2661,0.0877,10.5266,0.1689,841.3636,120.0000,7.1725,3.5334,4.0407,6.0611,8.1756,12.1222,16.1629,20.2037,6.0611,0.0,2.666667,3.333333,1.156179,29,150,35,2,0.97716482,0.01251133,0.01264445,0E-8,0.000000,0.893710,0.075482,-0.00582929,2026-06-30,2026-08-06,16,997,296,38,0.421053,2.029941,1.023519,3.257216,,,,,,,,GLOBAL_BASELINE_NO_ENTITY_RANKING,,,NOT_APPLICABLE_GLOBAL_BASELINE,HF9g-P5,,,,X 全窗基线 · 不参与实体赏罚,6874527,688,A168_HF9F_20260827_0900,2026-08-27 09:00:00
2026-08-01,152220872,1396,0,163.2455147891,-67.5812186845,-67.5812186845,0.5000000,12,12,0.49771390000000000,0.497713900000,0.01445871704844449,0.014458717048444487,0.01445871704844449,0E-17,ELIGIBLE,R03b_20260811_FULL_v1,L1_ELIGIBILITY,v2026-08-11,2026-03-21..2026-08-06,baccarat_bet02_101_all_pairs_incl_sentinel,round_win = game_pnl > 0 (decisive only),COMPATIBILITY_ONLY_NOT_PRODUCTION,13461.8174,12030.9580,168.4253,1921,1920,-0.01251133,-0.01264445,-0.00681516,-0.01251133,-168.4253,13461.8174,OK,0.0000,6.7370,4.0000,96.0000,AG03-UNRESOLVED,ALL5_LEVELS_bet23_to_bet27,6.7370,6.7370,6.7370,10.1055,10.1055,4.000000,4.000000,4.000000,6.000000,6.000000,96.000000,96.000000,96.000000,94.000000,94.000000,5.0,40.4221,36.7584,128.0032,131.6669,PENDING_AG03,FALSE,NOT_FOR_ENFORCEMENT,161.6883,11549.7197,168.4253,161.6883,6.7370,0.01251133,0.01201088,6.7370,161.6883,0.01201088,6.7370,6.7370,6.7370,10.1055,10.1055,161.6883,0.01201088,40.4221,36.7584,128.0032,131.6669,0.00950861,0.00978077,0.00050045,7.0077,6.2661,0.0877,10.5266,0.1689,841.3636,120.0000,7.1725,3.5334,4.0407,6.0611,8.1756,12.1222,16.1629,20.2037,6.0611,0.0,2.666667,3.333333,1.156179,29,150,35,2,0.97716482,0.01251133,0.01264445,0E-8,0.000000,0.893710,0.075482,-0.00582929,2026-06-30,2026-08-06,16,997,296,38,0.421053,2.029941,1.023519,3.257216,,,,,,,,GLOBAL_BASELINE_NO_ENTITY_RANKING,,,NOT_APPLICABLE_GLOBAL_BASELINE,HF9g-P5,,,,X 全窗基线 · 不参与实体赏罚,6874528,688,A168_HF9F_20260827_0900,2026-08-27 09:00:00
2026-08-01,152220872,1399,0,14.1425569742,1.6162922256,1.6162922256,0.6666667,3,3,0.50218230000000000,0.502182300000,0.5697959874915163,0.5697959874915164,0.5697959874915163,0E-17,ELIGIBLE,R03b_20260811_FULL_v1,L1_ELIGIBILITY,v2026-08-11,2026-03-21..2026-08-06,baccarat_bet02_101_all_pairs_incl_sentinel,round_win = game_pnl > 0 (decisive only),COMPATIBILITY_ONLY_NOT_PRODUCTION,13461.8174,12030.9580,168.4253,1921,1920,-0.01251133,-0.01264445,-0.00681516,-0.01251133,-168.4253,13461.8174,OK,0.0000,6.7370,4.0000,96.0000,AG03-UNRESOLVED,ALL5_LEVELS_bet23_to_bet27,6.7370,6.7370,6.7370,10.1055,10.1055,4.000000,4.000000,4.000000,6.000000,6.000000,96.000000,96.000000,96.000000,94.000000,94.000000,5.0,40.4221,36.7584,128.0032,131.6669,PENDING_AG03,FALSE,NOT_FOR_ENFORCEMENT,161.6883,11549.7197,168.4253,161.6883,6.7370,0.01251133,0.01201088,6.7370,161.6883,0.01201088,6.7370,6.7370,6.7370,10.1055,10.1055,161.6883,0.01201088,40.4221,36.7584,128.0032,131.6669,0.00950861,0.00978077,0.00050045,7.0077,6.2661,0.0877,10.5266,0.1689,841.3636,120.0000,7.1725,3.5334,4.0407,6.0611,8.1756,12.1222,16.1629,20.2037,6.0611,0.0,2.666667,3.333333,1.156179,29,150,35,2,0.97716482,0.01251133,0.01264445,0E-8,0.000000,0.893710,0.075482,-0.00582929,2026-06-30,2026-08-06,16,997,296,38,0.421053,2.029941,1.023519,3.257216,,,,,,,,GLOBAL_BASELINE_NO_ENTITY_RANKING,,,NOT_APPLICABLE_GLOBAL_BASELINE,HF9g-P5,,,,X 全窗基线 · 不参与实体赏罚,6874529,688,A168_HF9F_20260827_0900,2026-08-27 09:00:00
2026-08-01,152220872,1400,0,52.5294973331,33.8411184742,33.8411184742,0.8333333,7,7,0.49707555714285714,0.497075557143,1.647348125108566,1.6473481251078634,1.647348125108566,-1.4286E-13,ELIGIBLE,R03b_20260811_FULL_v1,L1_ELIGIBILITY,v2026-08-11,2026-03-21..2026-08-06,baccarat_bet02_101_all_pairs_incl_sentinel,round_win = game_pnl > 0 (decisive only),COMPATIBILITY_ONLY_NOT_PRODUCTION,13461.8174,12030.9580,168.4253,1921,1920,-0.01251133,-0.01264445,-0.00681516,-0.01251133,-168.4253,13461.8174,OK,0.0000,6.7370,4.0000,96.0000,AG03-UNRESOLVED,ALL5_LEVELS_bet23_to_bet27,6.7370,6.7370,6.7370,10.1055,10.1055,4.000000,4.000000,4.000000,6.000000,6.000000,96.000000,96.000000,96.000000,94.000000,94.000000,5.0,40.4221,36.7584,128.0032,131.6669,PENDING_AG03,FALSE,NOT_FOR_ENFORCEMENT,161.6883,11549.7197,168.4253,161.6883,6.7370,0.01251133,0.01201088,6.7370,161.6883,0.01201088,6.7370,6.7370,6.7370,10.1055,10.1055,161.6883,0.01201088,40.4221,36.7584,128.0032,131.6669,0.00950861,0.00978077,0.00050045,7.0077,6.2661,0.0877,10.5266,0.1689,841.3636,120.0000,7.1725,3.5334,4.0407,6.0611,8.1756,12.1222,16.1629,20.2037,6.0611,0.0,2.666667,3.333333,1.156179,29,150,35,2,0.97716482,0.01251133,0.01264445,0E-8,0.000000,0.893710,0.075482,-0.00582929,2026-06-30,2026-08-06,16,997,296,38,0.421053,2.029941,1.023519,3.257216,,,,,,,,GLOBAL_BASELINE_NO_ENTITY_RANKING,,,NOT_APPLICABLE_GLOBAL_BASELINE,HF9g-P5,,,,X 全窗基线 · 不参与实体赏罚,6874530,688,A168_HF9F_20260827_0900,2026-08-27 09:00:00
2026-08-01,152220872,1401,0,44.0439631485,-20.2036528204,-20.2036528204,0.3333333,7,7,0.50090561428571429,0.500905614286,-0.8209345132943034,-0.820934513295704,-0.8209345132943034,-2.8571E-13,ELIGIBLE,R03b_20260811_FULL_v1,L1_ELIGIBILITY,v2026-08-11,2026-03-21..2026-08-06,baccarat_bet02_101_all_pairs_incl_sentinel,round_win = game_pnl > 0 (decisive only),COMPATIBILITY_ONLY_NOT_PRODUCTION,13461.8174,12030.9580,168.4253,1921,1920,-0.01251133,-0.01264445,-0.00681516,-0.01251133,-168.4253,13461.8174,OK,0.0000,6.7370,4.0000,96.0000,AG03-UNRESOLVED,ALL5_LEVELS_bet23_to_bet27,6.7370,6.7370,6.7370,10.1055,10.1055,4.000000,4.000000,4.000000,6.000000,6.000000,96.000000,96.000000,96.000000,94.000000,94.000000,5.0,40.4221,36.7584,128.0032,131.6669,PENDING_AG03,FALSE,NOT_FOR_ENFORCEMENT,161.6883,11549.7197,168.4253,161.6883,6.7370,0.01251133,0.01201088,6.7370,161.6883,0.01201088,6.7370,6.7370,6.7370,10.1055,10.1055,161.6883,0.01201088,40.4221,36.7584,128.0032,131.6669,0.00950861,0.00978077,0.00050045,7.0077,6.2661,0.0877,10.5266,0.1689,841.3636,120.0000,7.1725,3.5334,4.0407,6.0611,8.1756,12.1222,16.1629,20.2037,6.0611,0.0,2.666667,3.333333,1.156179,29,150,35,2,0.97716482,0.01251133,0.01264445,0E-8,0.000000,0.893710,0.075482,-0.00582929,2026-06-30,2026-08-06,16,997,296,38,0.421053,2.029941,1.023519,3.257216,,,,,,,,GLOBAL_BASELINE_NO_ENTITY_RANKING,,,NOT_APPLICABLE_GLOBAL_BASELINE,HF9g-P5,,,,X 全窗基线 · 不参与实体赏罚,6874531,688,A168_HF9F_20260827_0900,2026-08-27 09:00:00
2026-08-01,152220872,1485,0,26.2647486666,-14.1425569744,-14.1425569744,0.3333333,3,3,0.49771390000000000,0.497713900000,-0.5694369385616226,-0.5694369385616226,-0.5694369385616226,0E-17,ELIGIBLE,R03b_20260811_FULL_v1,L1_ELIGIBILITY,v2026-08-11,2026-03-21..2026-08-06,baccarat_bet02_101_all_pairs_incl_sentinel,round_win = game_pnl > 0 (decisive only),COMPATIBILITY_ONLY_NOT_PRODUCTION,13461.8174,12030.9580,168.4253,1921,1920,-0.01251133,-0.01264445,-0.00681516,-0.01251133,-168.4253,13461.8174,OK,0.0000,6.7370,4.0000,96.0000,AG03-UNRESOLVED,ALL5_LEVELS_bet23_to_bet27,6.7370,6.7370,6.7370,10.1055,10.1055,4.000000,4.000000,4.000000,6.000000,6.000000,96.000000,96.000000,96.000000,94.000000,94.000000,5.0,40.4221,36.7584,128.0032,131.6669,PENDING_AG03,FALSE,NOT_FOR_ENFORCEMENT,161.6883,11549.7197,168.4253,161.6883,6.7370,0.01251133,0.01201088,6.7370,161.6883,0.01201088,6.7370,6.7370,6.7370,10.1055,10.1055,161.6883,0.01201088,40.4221,36.7584,128.0032,131.6669,0.00950861,0.00978077,0.00050045,7.0077,6.2661,0.0877,10.5266,0.1689,841.3636,120.0000,7.1725,3.5334,4.0407,6.0611,8.1756,12.1222,16.1629,20.2037,6.0611,0.0,2.666667,3.333333,1.156179,29,150,35,2,0.97716482,0.01251133,0.01264445,0E-8,0.000000,0.893710,0.075482,-0.00582929,2026-06-30,2026-08-06,16,997,296,38,0.421053,2.029941,1.023519,3.257216,,,,,,,,GLOBAL_BASELINE_NO_ENTITY_RANKING,,,NOT_APPLICABLE_GLOBAL_BASELINE,HF9g-P5,,,,X 全窗基线 · 不参与实体赏罚,6874532,688,A168_HF9F_20260827_0900,2026-08-27 09:00:00
2026-08-01,152220872,1490,0,94.9571682559,-10.1018264101,-10.1018264101,0.4285714,8,8,0.49994810000000000,0.499948100000,-0.377689846057837,-0.377689846057837,-0.377689846057837,0E-17,ELIGIBLE,R03b_20260811_FULL_v1,L1_ELIGIBILITY,v2026-08-11,2026-03-21..2026-08-06,baccarat_bet02_101_all_pairs_incl_sentinel,round_win = game_pnl > 0 (decisive only),COMPATIBILITY_ONLY_NOT_PRODUCTION,13461.8174,12030.9580,168.4253,1921,1920,-0.01251133,-0.01264445,-0.00681516,-0.01251133,-168.4253,13461.8174,OK,0.0000,6.7370,4.0000,96.0000,AG03-UNRESOLVED,ALL5_LEVELS_bet23_to_bet27,6.7370,6.7370,6.7370,10.1055,10.1055,4.000000,4.000000,4.000000,6.000000,6.000000,96.000000,96.000000,96.000000,94.000000,94.000000,5.0,40.4221,36.7584,128.0032,131.6669,PENDING_AG03,FALSE,NOT_FOR_ENFORCEMENT,161.6883,11549.7197,168.4253,161.6883,6.7370,0.01251133,0.01201088,6.7370,161.6883,0.01201088,6.7370,6.7370,6.7370,10.1055,10.1055,161.6883,0.01201088,40.4221,36.7584,128.0032,131.6669,0.00950861,0.00978077,0.00050045,7.0077,6.2661,0.0877,10.5266,0.1689,841.3636,120.0000,7.1725,3.5334,4.0407,6.0611,8.1756,12.1222,16.1629,20.2037,6.0611,0.0,2.666667,3.333333,1.156179,29,150,35,2,0.97716482,0.01251133,0.01264445,0E-8,0.000000,0.893710,0.075482,-0.00582929,2026-06-30,2026-08-06,16,997,296,38,0.421053,2.029941,1.023519,3.257216,,,,,,,,GLOBAL_BASELINE_NO_ENTITY_RANKING,,,NOT_APPLICABLE_GLOBAL_BASELINE,HF9g-P5,,,,X 全窗基线 · 不参与实体赏罚,6874533,688,A168_HF9F_20260827_0900,2026-08-27 09:00:00
2026-08-01,152220872,1505,0,74.3494423791,-50.6101503151,-50.6101503151,0.1250000,9,9,0.50218230000000000,0.502182300000,-2.13368561975595,-2.13368561975595,-2.13368561975595,0E-17,ELIGIBLE,R03b_20260811_FULL_v1,L1_ELIGIBILITY,v2026-08-11,2026-03-21..2026-08-06,baccarat_bet02_101_all_pairs_incl_sentinel,round_win = game_pnl > 0 (decisive only),COMPATIBILITY_ONLY_NOT_PRODUCTION,13461.8174,12030.9580,168.4253,1921,1920,-0.01251133,-0.01264445,-0.00681516,-0.01251133,-168.4253,13461.8174,OK,0.0000,6.7370,4.0000,96.0000,AG03-UNRESOLVED,ALL5_LEVELS_bet23_to_bet27,6.7370,6.7370,6.7370,10.1055,10.1055,4.000000,4.000000,4.000000,6.000000,6.000000,96.000000,96.000000,96.000000,94.000000,94.000000,5.0,40.4221,36.7584,128.0032,131.6669,PENDING_AG03,FALSE,NOT_FOR_ENFORCEMENT,161.6883,11549.7197,168.4253,161.6883,6.7370,0.01251133,0.01201088,6.7370,161.6883,0.01201088,6.7370,6.7370,6.7370,10.1055,10.1055,161.6883,0.01201088,40.4221,36.7584,128.0032,131.6669,0.00950861,0.00978077,0.00050045,7.0077,6.2661,0.0877,10.5266,0.1689,841.3636,120.0000,7.1725,3.5334,4.0407,6.0611,8.1756,12.1222,16.1629,20.2037,6.0611,0.0,2.666667,3.333333,1.156179,29,150,35,2,0.97716482,0.01251133,0.01264445,0E-8,0.000000,0.893710,0.075482,-0.00582929,2026-06-30,2026-08-06,16,997,296,38,0.421053,2.029941,1.023519,3.257216,,,,,,,,GLOBAL_BASELINE_NO_ENTITY_RANKING,,,NOT_APPLICABLE_GLOBAL_BASELINE,HF9g-P5,,,,X 全窗基线 · 不参与实体赏罚,6874534,688,A168_HF9F_20260827_0900,2026-08-27 09:00:00
2026-08-01,152220872,1507,0,10.1018264102,-4.0407305641,-4.0407305641,0E-7,2,2,0.49324550000000000,0.493245500000,-0.9865810262130424,-0.9865810262130424,-0.9865810262130424,0E-17,ELIGIBLE,R03b_20260811_FULL_v1,L1_ELIGIBILITY,v2026-08-11,2026-03-21..2026-08-06,baccarat_bet02_101_all_pairs_incl_sentinel,round_win = game_pnl > 0 (decisive only),COMPATIBILITY_ONLY_NOT_PRODUCTION,13461.8174,12030.9580,168.4253,1921,1920,-0.01251133,-0.01264445,-0.00681516,-0.01251133,-168.4253,13461.8174,OK,0.0000,6.7370,4.0000,96.0000,AG03-UNRESOLVED,ALL5_LEVELS_bet23_to_bet27,6.7370,6.7370,6.7370,10.1055,10.1055,4.000000,4.000000,4.000000,6.000000,6.000000,96.000000,96.000000,96.000000,94.000000,94.000000,5.0,40.4221,36.7584,128.0032,131.6669,PENDING_AG03,FALSE,NOT_FOR_ENFORCEMENT,161.6883,11549.7197,168.4253,161.6883,6.7370,0.01251133,0.01201088,6.7370,161.6883,0.01201088,6.7370,6.7370,6.7370,10.1055,10.1055,161.6883,0.01201088,40.4221,36.7584,128.0032,131.6669,0.00950861,0.00978077,0.00050045,7.0077,6.2661,0.0877,10.5266,0.1689,841.3636,120.0000,7.1725,3.5334,4.0407,6.0611,8.1756,12.1222,16.1629,20.2037,6.0611,0.0,2.666667,3.333333,1.156179,29,150,35,2,0.97716482,0.01251133,0.01264445,0E-8,0.000000,0.893710,0.075482,-0.00582929,2026-06-30,2026-08-06,16,997,296,38,0.421053,2.029941,1.023519,3.257216,,,,,,,,GLOBAL_BASELINE_NO_ENTITY_RANKING,,,NOT_APPLICABLE_GLOBAL_BASELINE,HF9g-P5,,,,X 全窗基线 · 不参与实体赏罚,6874535,688,A168_HF9F_20260827_0900,2026-08-27 09:00:00
2026-08-01,152220872,1509,0,8.0814611282,0E-10,0E-10,,1,1,0.50665070000000000,0.506650700000,,,,0E-17,NO_DECISIVE_ROUND,R03b_20260811_FULL_v1,L1_ELIGIBILITY,v2026-08-11,2026-03-21..2026-08-06,baccarat_bet02_101_all_pairs_incl_sentinel,round_win = game_pnl > 0 (decisive only),COMPATIBILITY_ONLY_NOT_PRODUCTION,13461.8174,12030.9580,168.4253,1921,1920,-0.01251133,-0.01264445,-0.00681516,-0.01251133,-168.4253,13461.8174,OK,0.0000,6.7370,4.0000,96.0000,AG03-UNRESOLVED,ALL5_LEVELS_bet23_to_bet27,6.7370,6.7370,6.7370,10.1055,10.1055,4.000000,4.000000,4.000000,6.000000,6.000000,96.000000,96.000000,96.000000,94.000000,94.000000,5.0,40.4221,36.7584,128.0032,131.6669,PENDING_AG03,FALSE,NOT_FOR_ENFORCEMENT,161.6883,11549.7197,168.4253,161.6883,6.7370,0.01251133,0.01201088,6.7370,161.6883,0.01201088,6.7370,6.7370,6.7370,10.1055,10.1055,161.6883,0.01201088,40.4221,36.7584,128.0032,131.6669,0.00950861,0.00978077,0.00050045,7.0077,6.2661,0.0877,10.5266,0.1689,841.3636,120.0000,7.1725,3.5334,4.0407,6.0611,8.1756,12.1222,16.1629,20.2037,6.0611,0.0,2.666667,3.333333,1.156179,29,150,35,2,0.97716482,0.01251133,0.01264445,0E-8,0.000000,0.893710,0.075482,-0.00582929,2026-06-30,2026-08-06,16,997,296,38,0.421053,2.029941,1.023519,3.257216,,,,,,,,GLOBAL_BASELINE_NO_ENTITY_RANKING,,,NOT_APPLICABLE_GLOBAL_BASELINE,HF9g-P5,,,,X 全窗基线 · 不参与实体赏罚,6874536,688,A168_HF9F_20260827_0900,2026-08-27 09:00:00
2026-08-01,152220872,1623,0,105.0589946662,25.6586390820,25.6586390820,0.6666667,16,16,0.50078592500000000,0.500785925000,1.2849082871834832,1.2849082871834834,1.2849082871834832,0E-17,ELIGIBLE,R03b_20260811_FULL_v1,L1_ELIGIBILITY,v2026-08-11,2026-03-21..2026-08-06,baccarat_bet02_101_all_pairs_incl_sentinel,round_win = game_pnl > 0 (decisive only),COMPATIBILITY_ONLY_NOT_PRODUCTION,13461.8174,12030.9580,168.4253,1921,1920,-0.01251133,-0.01264445,-0.00681516,-0.01251133,-168.4253,13461.8174,OK,0.0000,6.7370,4.0000,96.0000,AG03-UNRESOLVED,ALL5_LEVELS_bet23_to_bet27,6.7370,6.7370,6.7370,10.1055,10.1055,4.000000,4.000000,4.000000,6.000000,6.000000,96.000000,96.000000,96.000000,94.000000,94.000000,5.0,40.4221,36.7584,128.0032,131.6669,PENDING_AG03,FALSE,NOT_FOR_ENFORCEMENT,161.6883,11549.7197,168.4253,161.6883,6.7370,0.01251133,0.01201088,6.7370,161.6883,0.01201088,6.7370,6.7370,6.7370,10.1055,10.1055,161.6883,0.01201088,40.4221,36.7584,128.0032,131.6669,0.00950861,0.00978077,0.00050045,7.0077,6.2661,0.0877,10.5266,0.1689,841.3636,120.0000,7.1725,3.5334,4.0407,6.0611,8.1756,12.1222,16.1629,20.2037,6.0611,0.0,2.666667,3.333333,1.156179,29,150,35,2,0.97716482,0.01251133,0.01264445,0E-8,0.000000,0.893710,0.075482,-0.00582929,2026-06-30,2026-08-06,16,997,296,38,0.421053,2.029941,1.023519,3.257216,,,,,,,,GLOBAL_BASELINE_NO_ENTITY_RANKING,,,NOT_APPLICABLE_GLOBAL_BASELINE,HF9g-P5,,,,X 全窗基线 · 不参与实体赏罚,6874537,688,A168_HF9F_20260827_0900,2026-08-27 09:00:00
2026-08-01,152220872,1645,0,42.4276709229,-10.1018264103,-10.1018264103,0.4000000,5,5,0.50396966000000000,0.503969660000,-0.4649811094771361,-0.4649811094771361,-0.4649811094771361,0E-17,ELIGIBLE,R03b_20260811_FULL_v1,L1_ELIGIBILITY,v2026-08-11,2026-03-21..2026-08-06,baccarat_bet02_101_all_pairs_incl_sentinel,round_win = game_pnl > 0 (decisive only),COMPATIBILITY_ONLY_NOT_PRODUCTION,13461.8174,12030.9580,168.4253,1921,1920,-0.01251133,-0.01264445,-0.00681516,-0.01251133,-168.4253,13461.8174,OK,0.0000,6.7370,4.0000,96.0000,AG03-UNRESOLVED,ALL5_LEVELS_bet23_to_bet27,6.7370,6.7370,6.7370,10.1055,10.1055,4.000000,4.000000,4.000000,6.000000,6.000000,96.000000,96.000000,96.000000,94.000000,94.000000,5.0,40.4221,36.7584,128.0032,131.6669,PENDING_AG03,FALSE,NOT_FOR_ENFORCEMENT,161.6883,11549.7197,168.4253,161.6883,6.7370,0.01251133,0.01201088,6.7370,161.6883,0.01201088,6.7370,6.7370,6.7370,10.1055,10.1055,161.6883,0.01201088,40.4221,36.7584,128.0032,131.6669,0.00950861,0.00978077,0.00050045,7.0077,6.2661,0.0877,10.5266,0.1689,841.3636,120.0000,7.1725,3.5334,4.0407,6.0611,8.1756,12.1222,16.1629,20.2037,6.0611,0.0,2.666667,3.333333,1.156179,29,150,35,2,0.97716482,0.01251133,0.01264445,0E-8,0.000000,0.893710,0.075482,-0.00582929,2026-06-30,2026-08-06,16,997,296,38,0.421053,2.029941,1.023519,3.257216,,,,,,,,GLOBAL_BASELINE_NO_ENTITY_RANKING,,,NOT_APPLICABLE_GLOBAL_BASELINE,HF9g-P5,,,,X 全窗基线 · 不参与实体赏罚,6874538,688,A168_HF9F_20260827_0900,2026-08-27 09:00:00
2026-08-01,152220872,1646,0,84.8553418457,38.3869403587,38.3869403587,0.6666667,12,12,0.50218230000000000,0.502182300000,1.1395919749830326,1.1395919749830328,1.1395919749830326,0E-17,ELIGIBLE,R03b_20260811_FULL_v1,L1_ELIGIBILITY,v2026-08-11,2026-03-21..2026-08-06,baccarat_bet02_101_all_pairs_incl_sentinel,round_win = game_pnl > 0 (decisive only),COMPATIBILITY_ONLY_NOT_PRODUCTION,13461.8174,12030.9580,168.4253,1921,1920,-0.01251133,-0.01264445,-0.00681516,-0.01251133,-168.4253,13461.8174,OK,0.0000,6.7370,4.0000,96.0000,AG03-UNRESOLVED,ALL5_LEVELS_bet23_to_bet27,6.7370,6.7370,6.7370,10.1055,10.1055,4.000000,4.000000,4.000000,6.000000,6.000000,96.000000,96.000000,96.000000,94.000000,94.000000,5.0,40.4221,36.7584,128.0032,131.6669,PENDING_AG03,FALSE,NOT_FOR_ENFORCEMENT,161.6883,11549.7197,168.4253,161.6883,6.7370,0.01251133,0.01201088,6.7370,161.6883,0.01201088,6.7370,6.7370,6.7370,10.1055,10.1055,161.6883,0.01201088,40.4221,36.7584,128.0032,131.6669,0.00950861,0.00978077,0.00050045,7.0077,6.2661,0.0877,10.5266,0.1689,841.3636,120.0000,7.1725,3.5334,4.0407,6.0611,8.1756,12.1222,16.1629,20.2037,6.0611,0.0,2.666667,3.333333,1.156179,29,150,35,2,0.97716482,0.01251133,0.01264445,0E-8,0.000000,0.893710,0.075482,-0.00582929,2026-06-30,2026-08-06,16,997,296,38,0.421053,2.029941,1.023519,3.257216,,,,,,,,GLOBAL_BASELINE_NO_ENTITY_RANKING,,,NOT_APPLICABLE_GLOBAL_BASELINE,HF9g-P5,,,,X 全窗基线 · 不参与实体赏罚,6874539,688,A168_HF9F_20260827_0900,2026-08-27 09:00:00
2026-08-01,152220872,1654,0,24.2443833845,0E-10,0E-10,0.3333333,4,4,0.49659680000000000,0.496596800000,-0.5655743394288276,-0.5655743394288276,-0.5655743394288276,0E-17,ELIGIBLE,R03b_20260811_FULL_v1,L1_ELIGIBILITY,v2026-08-11,2026-03-21..2026-08-06,baccarat_bet02_101_all_pairs_incl_sentinel,round_win = game_pnl > 0 (decisive only),COMPATIBILITY_ONLY_NOT_PRODUCTION,13461.8174,12030.9580,168.4253,1921,1920,-0.01251133,-0.01264445,-0.00681516,-0.01251133,-168.4253,13461.8174,OK,0.0000,6.7370,4.0000,96.0000,AG03-UNRESOLVED,ALL5_LEVELS_bet23_to_bet27,6.7370,6.7370,6.7370,10.1055,10.1055,4.000000,4.000000,4.000000,6.000000,6.000000,96.000000,96.000000,96.000000,94.000000,94.000000,5.0,40.4221,36.7584,128.0032,131.6669,PENDING_AG03,FALSE,NOT_FOR_ENFORCEMENT,161.6883,11549.7197,168.4253,161.6883,6.7370,0.01251133,0.01201088,6.7370,161.6883,0.01201088,6.7370,6.7370,6.7370,10.1055,10.1055,161.6883,0.01201088,40.4221,36.7584,128.0032,131.6669,0.00950861,0.00978077,0.00050045,7.0077,6.2661,0.0877,10.5266,0.1689,841.3636,120.0000,7.1725,3.5334,4.0407,6.0611,8.1756,12.1222,16.1629,20.2037,6.0611,0.0,2.666667,3.333333,1.156179,29,150,35,2,0.97716482,0.01251133,0.01264445,0E-8,0.000000,0.893710,0.075482,-0.00582929,2026-06-30,2026-08-06,16,997,296,38,0.421053,2.029941,1.023519,3.257216,,,,,,,,GLOBAL_BASELINE_NO_ENTITY_RANKING,,,NOT_APPLICABLE_GLOBAL_BASELINE,HF9g-P5,,,,X 全窗基线 · 不参与实体赏罚,6874540,688,A168_HF9F_20260827_0900,2026-08-27 09:00:00
2026-08-01,152220872,1704,0,16.1629222564,-0.4040730564,-0.4040730564,0.5000000,2,2,0.50665070000000000,0.506650700000,-0.018812684590367487,-0.018812684590367487,-0.018812684590367487,0E-17,ELIGIBLE,R03b_20260811_FULL_v1,L1_ELIGIBILITY,v2026-08-11,2026-03-21..2026-08-06,baccarat_bet02_101_all_pairs_incl_sentinel,round_win = game_pnl > 0 (decisive only),COMPATIBILITY_ONLY_NOT_PRODUCTION,13461.8174,12030.9580,168.4253,1921,1920,-0.01251133,-0.01264445,-0.00681516,-0.01251133,-168.4253,13461.8174,OK,0.0000,6.7370,4.0000,96.0000,AG03-UNRESOLVED,ALL5_LEVELS_bet23_to_bet27,6.7370,6.7370,6.7370,10.1055,10.1055,4.000000,4.000000,4.000000,6.000000,6.000000,96.000000,96.000000,96.000000,94.000000,94.000000,5.0,40.4221,36.7584,128.0032,131.6669,PENDING_AG03,FALSE,NOT_FOR_ENFORCEMENT,161.6883,11549.7197,168.4253,161.6883,6.7370,0.01251133,0.01201088,6.7370,161.6883,0.01201088,6.7370,6.7370,6.7370,10.1055,10.1055,161.6883,0.01201088,40.4221,36.7584,128.0032,131.6669,0.00950861,0.00978077,0.00050045,7.0077,6.2661,0.0877,10.5266,0.1689,841.3636,120.0000,7.1725,3.5334,4.0407,6.0611,8.1756,12.1222,16.1629,20.2037,6.0611,0.0,2.666667,3.333333,1.156179,29,150,35,2,0.97716482,0.01251133,0.01264445,0E-8,0.000000,0.893710,0.075482,-0.00582929,2026-06-30,2026-08-06,16,997,296,38,0.421053,2.029941,1.023519,3.257216,,,,,,,,GLOBAL_BASELINE_NO_ENTITY_RANKING,,,NOT_APPLICABLE_GLOBAL_BASELINE,HF9g-P5,,,,X 全窗基线 · 不参与实体赏罚,6874541,688,A168_HF9F_20260827_0900,2026-08-27 09:00:00
2026-08-01,152220872,1935,0,18.1832875384,17.9812510102,17.9812510102,1.0000000,3,3,0.49771390000000000,0.497713900000,1.739988277604938,1.739988277604938,1.739988277604938,0E-17,ELIGIBLE,R03b_20260811_FULL_v1,L1_ELIGIBILITY,v2026-08-11,2026-03-21..2026-08-06,baccarat_bet02_101_all_pairs_incl_sentinel,round_win = game_pnl > 0 (decisive only),COMPATIBILITY_ONLY_NOT_PRODUCTION,13461.8174,12030.9580,168.4253,1921,1920,-0.01251133,-0.01264445,-0.00681516,-0.01251133,-168.4253,13461.8174,OK,0.0000,6.7370,4.0000,96.0000,AG03-UNRESOLVED,ALL5_LEVELS_bet23_to_bet27,6.7370,6.7370,6.7370,10.1055,10.1055,4.000000,4.000000,4.000000,6.000000,6.000000,96.000000,96.000000,96.000000,94.000000,94.000000,5.0,40.4221,36.7584,128.0032,131.6669,PENDING_AG03,FALSE,NOT_FOR_ENFORCEMENT,161.6883,11549.7197,168.4253,161.6883,6.7370,0.01251133,0.01201088,6.7370,161.6883,0.01201088,6.7370,6.7370,6.7370,10.1055,10.1055,161.6883,0.01201088,40.4221,36.7584,128.0032,131.6669,0.00950861,0.00978077,0.00050045,7.0077,6.2661,0.0877,10.5266,0.1689,841.3636,120.0000,7.1725,3.5334,4.0407,6.0611,8.1756,12.1222,16.1629,20.2037,6.0611,0.0,2.666667,3.333333,1.156179,29,150,35,2,0.97716482,0.01251133,0.01264445,0E-8,0.000000,0.893710,0.075482,-0.00582929,2026-06-30,2026-08-06,16,997,296,38,0.421053,2.029941,1.023519,3.257216,,,,,,,,GLOBAL_BASELINE_NO_ENTITY_RANKING,,,NOT_APPLICABLE_GLOBAL_BASELINE,HF9g-P5,,,,X 全窗基线 · 不参与实体赏罚,6874542,688,A168_HF9F_20260827_0900,2026-08-27 09:00:00
2026-08-01,152220872,1940,0,22.2240181024,-10.1018264102,-10.1018264102,0.3333333,3,3,0.50218230000000000,0.502182300000,-0.5849155494134425,-0.5849155494134426,-0.5849155494134425,0E-17,ELIGIBLE,R03b_20260811_FULL_v1,L1_ELIGIBILITY,v2026-08-11,2026-03-21..2026-08-06,baccarat_bet02_101_all_pairs_incl_sentinel,round_win = game_pnl > 0 (decisive only),COMPATIBILITY_ONLY_NOT_PRODUCTION,13461.8174,12030.9580,168.4253,1921,1920,-0.01251133,-0.01264445,-0.00681516,-0.01251133,-168.4253,13461.8174,OK,0.0000,6.7370,4.0000,96.0000,AG03-UNRESOLVED,ALL5_LEVELS_bet23_to_bet27,6.7370,6.7370,6.7370,10.1055,10.1055,4.000000,4.000000,4.000000,6.000000,6.000000,96.000000,96.000000,96.000000,94.000000,94.000000,5.0,40.4221,36.7584,128.0032,131.6669,PENDING_AG03,FALSE,NOT_FOR_ENFORCEMENT,161.6883,11549.7197,168.4253,161.6883,6.7370,0.01251133,0.01201088,6.7370,161.6883,0.01201088,6.7370,6.7370,6.7370,10.1055,10.1055,161.6883,0.01201088,40.4221,36.7584,128.0032,131.6669,0.00950861,0.00978077,0.00050045,7.0077,6.2661,0.0877,10.5266,0.1689,841.3636,120.0000,7.1725,3.5334,4.0407,6.0611,8.1756,12.1222,16.1629,20.2037,6.0611,0.0,2.666667,3.333333,1.156179,29,150,35,2,0.97716482,0.01251133,0.01264445,0E-8,0.000000,0.893710,0.075482,-0.00582929,2026-06-30,2026-08-06,16,997,296,38,0.421053,2.029941,1.023519,3.257216,,,,,,,,GLOBAL_BASELINE_NO_ENTITY_RANKING,,,NOT_APPLICABLE_GLOBAL_BASELINE,HF9g-P5,,,,X 全窗基线 · 不参与实体赏罚,6874543,688,A168_HF9F_20260827_0900,2026-08-27 09:00:00
2026-08-01,152220872,1941,0,16.1629222563,-16.1629222563,-16.1629222563,0E-7,1,1,0.49324550000000000,0.493245500000,-0.9865810262130424,-0.9865810262130424,-0.9865810262130424,0E-17,ELIGIBLE,R03b_20260811_FULL_v1,L1_ELIGIBILITY,v2026-08-11,2026-03-21..2026-08-06,baccarat_bet02_101_all_pairs_incl_sentinel,round_win = game_pnl > 0 (decisive only),COMPATIBILITY_ONLY_NOT_PRODUCTION,13461.8174,12030.9580,168.4253,1921,1920,-0.01251133,-0.01264445,-0.00681516,-0.01251133,-168.4253,13461.8174,OK,0.0000,6.7370,4.0000,96.0000,AG03-UNRESOLVED,ALL5_LEVELS_bet23_to_bet27,6.7370,6.7370,6.7370,10.1055,10.1055,4.000000,4.000000,4.000000,6.000000,6.000000,96.000000,96.000000,96.000000,94.000000,94.000000,5.0,40.4221,36.7584,128.0032,131.6669,PENDING_AG03,FALSE,NOT_FOR_ENFORCEMENT,161.6883,11549.7197,168.4253,161.6883,6.7370,0.01251133,0.01201088,6.7370,161.6883,0.01201088,6.7370,6.7370,6.7370,10.1055,10.1055,161.6883,0.01201088,40.4221,36.7584,128.0032,131.6669,0.00950861,0.00978077,0.00050045,7.0077,6.2661,0.0877,10.5266,0.1689,841.3636,120.0000,7.1725,3.5334,4.0407,6.0611,8.1756,12.1222,16.1629,20.2037,6.0611,0.0,2.666667,3.333333,1.156179,29,150,35,2,0.97716482,0.01251133,0.01264445,0E-8,0.000000,0.893710,0.075482,-0.00582929,2026-06-30,2026-08-06,16,997,296,38,0.421053,2.029941,1.023519,3.257216,,,,,,,,GLOBAL_BASELINE_NO_ENTITY_RANKING,,,NOT_APPLICABLE_GLOBAL_BASELINE,HF9g-P5,,,,X 全窗基线 · 不参与实体赏罚,6874544,688,A168_HF9F_20260827_0900,2026-08-27 09:00:00
2026-08-01,152220872,1942,0,18.1832875382,9.5967350897,9.5967350897,0.7500000,6,6,0.50218230000000000,0.502182300000,0.9912802418570135,0.9912802418570135,0.9912802418570135,0E-17,ELIGIBLE,R03b_20260811_FULL_v1,L1_ELIGIBILITY,v2026-08-11,2026-03-21..2026-08-06,baccarat_bet02_101_all_pairs_incl_sentinel,round_win = game_pnl > 0 (decisive only),COMPATIBILITY_ONLY_NOT_PRODUCTION,13461.8174,12030.9580,168.4253,1921,1920,-0.01251133,-0.01264445,-0.00681516,-0.01251133,-168.4253,13461.8174,OK,0.0000,6.7370,4.0000,96.0000,AG03-UNRESOLVED,ALL5_LEVELS_bet23_to_bet27,6.7370,6.7370,6.7370,10.1055,10.1055,4.000000,4.000000,4.000000,6.000000,6.000000,96.000000,96.000000,96.000000,94.000000,94.000000,5.0,40.4221,36.7584,128.0032,131.6669,PENDING_AG03,FALSE,NOT_FOR_ENFORCEMENT,161.6883,11549.7197,168.4253,161.6883,6.7370,0.01251133,0.01201088,6.7370,161.6883,0.01201088,6.7370,6.7370,6.7370,10.1055,10.1055,161.6883,0.01201088,40.4221,36.7584,128.0032,131.6669,0.00950861,0.00978077,0.00050045,7.0077,6.2661,0.0877,10.5266,0.1689,841.3636,120.0000,7.1725,3.5334,4.0407,6.0611,8.1756,12.1222,16.1629,20.2037,6.0611,0.0,2.666667,3.333333,1.156179,29,150,35,2,0.97716482,0.01251133,0.01264445,0E-8,0.000000,0.893710,0.075482,-0.00582929,2026-06-30,2026-08-06,16,997,296,38,0.421053,2.029941,1.023519,3.257216,,,,,,,,GLOBAL_BASELINE_NO_ENTITY_RANKING,,,NOT_APPLICABLE_GLOBAL_BASELINE,HF9g-P5,,,,X 全窗基线 · 不参与实体赏罚,6874545,688,A168_HF9F_20260827_0900,2026-08-27 09:00:00
2026-08-01,152220872,1947,0,8.0814611282,-8.0814611282,-8.0814611282,0E-7,1,1,0.50665070000000000,0.506650700000,-1.013391052207602,-1.013391052207602,-1.013391052207602,0E-17,ELIGIBLE,R03b_20260811_FULL_v1,L1_ELIGIBILITY,v2026-08-11,2026-03-21..2026-08-06,baccarat_bet02_101_all_pairs_incl_sentinel,round_win = game_pnl > 0 (decisive only),COMPATIBILITY_ONLY_NOT_PRODUCTION,13461.8174,12030.9580,168.4253,1921,1920,-0.01251133,-0.01264445,-0.00681516,-0.01251133,-168.4253,13461.8174,OK,0.0000,6.7370,4.0000,96.0000,AG03-UNRESOLVED,ALL5_LEVELS_bet23_to_bet27,6.7370,6.7370,6.7370,10.1055,10.1055,4.000000,4.000000,4.000000,6.000000,6.000000,96.000000,96.000000,96.000000,94.000000,94.000000,5.0,40.4221,36.7584,128.0032,131.6669,PENDING_AG03,FALSE,NOT_FOR_ENFORCEMENT,161.6883,11549.7197,168.4253,161.6883,6.7370,0.01251133,0.01201088,6.7370,161.6883,0.01201088,6.7370,6.7370,6.7370,10.1055,10.1055,161.6883,0.01201088,40.4221,36.7584,128.0032,131.6669,0.00950861,0.00978077,0.00050045,7.0077,6.2661,0.0877,10.5266,0.1689,841.3636,120.0000,7.1725,3.5334,4.0407,6.0611,8.1756,12.1222,16.1629,20.2037,6.0611,0.0,2.666667,3.333333,1.156179,29,150,35,2,0.97716482,0.01251133,0.01264445,0E-8,0.000000,0.893710,0.075482,-0.00582929,2026-06-30,2026-08-06,16,997,296,38,0.421053,2.029941,1.023519,3.257216,,,,,,,,GLOBAL_BASELINE_NO_ENTITY_RANKING,,,NOT_APPLICABLE_GLOBAL_BASELINE,HF9g-P5,,,,X 全窗基线 · 不参与实体赏罚,6874546,688,A168_HF9F_20260827_0900,2026-08-27 09:00:00
2026-08-01,152220872,1951,0,48.4887667690,27.3759495717,27.3759495717,0.7500000,8,8,0.49994810000000000,0.499948100000,1.414507160728905,1.414507160728905,1.414507160728905,0E-17,ELIGIBLE,R03b_20260811_FULL_v1,L1_ELIGIBILITY,v2026-08-11,2026-03-21..2026-08-06,baccarat_bet02_101_all_pairs_incl_sentinel,round_win = game_pnl > 0 (decisive only),COMPATIBILITY_ONLY_NOT_PRODUCTION,13461.8174,12030.9580,168.4253,1921,1920,-0.01251133,-0.01264445,-0.00681516,-0.01251133,-168.4253,13461.8174,OK,0.0000,6.7370,4.0000,96.0000,AG03-UNRESOLVED,ALL5_LEVELS_bet23_to_bet27,6.7370,6.7370,6.7370,10.1055,10.1055,4.000000,4.000000,4.000000,6.000000,6.000000,96.000000,96.000000,96.000000,94.000000,94.000000,5.0,40.4221,36.7584,128.0032,131.6669,PENDING_AG03,FALSE,NOT_FOR_ENFORCEMENT,161.6883,11549.7197,168.4253,161.6883,6.7370,0.01251133,0.01201088,6.7370,161.6883,0.01201088,6.7370,6.7370,6.7370,10.1055,10.1055,161.6883,0.01201088,40.4221,36.7584,128.0032,131.6669,0.00950861,0.00978077,0.00050045,7.0077,6.2661,0.0877,10.5266,0.1689,841.3636,120.0000,7.1725,3.5334,4.0407,6.0611,8.1756,12.1222,16.1629,20.2037,6.0611,0.0,2.666667,3.333333,1.156179,29,150,35,2,0.97716482,0.01251133,0.01264445,0E-8,0.000000,0.893710,0.075482,-0.00582929,2026-06-30,2026-08-06,16,997,296,38,0.421053,2.029941,1.023519,3.257216,,,,,,,,GLOBAL_BASELINE_NO_ENTITY_RANKING,,,NOT_APPLICABLE_GLOBAL_BASELINE,HF9g-P5,,,,X 全窗基线 · 不参与实体赏罚,6874547,688,A168_HF9F_20260827_0900,2026-08-27 09:00:00
2026-08-01,152220872,1957,0,12.1221916923,4.0407305641,4.0407305641,0.5000000,2,2,0.49324550000000000,0.493245500000,0.01910635448239258,0.01910635448239258,0.01910635448239258,0E-17,ELIGIBLE,R03b_20260811_FULL_v1,L1_ELIGIBILITY,v2026-08-11,2026-03-21..2026-08-06,baccarat_bet02_101_all_pairs_incl_sentinel,round_win = game_pnl > 0 (decisive only),COMPATIBILITY_ONLY_NOT_PRODUCTION,13461.8174,12030.9580,168.4253,1921,1920,-0.01251133,-0.01264445,-0.00681516,-0.01251133,-168.4253,13461.8174,OK,0.0000,6.7370,4.0000,96.0000,AG03-UNRESOLVED,ALL5_LEVELS_bet23_to_bet27,6.7370,6.7370,6.7370,10.1055,10.1055,4.000000,4.000000,4.000000,6.000000,6.000000,96.000000,96.000000,96.000000,94.000000,94.000000,5.0,40.4221,36.7584,128.0032,131.6669,PENDING_AG03,FALSE,NOT_FOR_ENFORCEMENT,161.6883,11549.7197,168.4253,161.6883,6.7370,0.01251133,0.01201088,6.7370,161.6883,0.01201088,6.7370,6.7370,6.7370,10.1055,10.1055,161.6883,0.01201088,40.4221,36.7584,128.0032,131.6669,0.00950861,0.00978077,0.00050045,7.0077,6.2661,0.0877,10.5266,0.1689,841.3636,120.0000,7.1725,3.5334,4.0407,6.0611,8.1756,12.1222,16.1629,20.2037,6.0611,0.0,2.666667,3.333333,1.156179,29,150,35,2,0.97716482,0.01251133,0.01264445,0E-8,0.000000,0.893710,0.075482,-0.00582929,2026-06-30,2026-08-06,16,997,296,38,0.421053,2.029941,1.023519,3.257216,,,,,,,,GLOBAL_BASELINE_NO_ENTITY_RANKING,,,NOT_APPLICABLE_GLOBAL_BASELINE,HF9g-P5,,,,X 全窗基线 · 不参与实体赏罚,6874548,688,A168_HF9F_20260827_0900,2026-08-27 09:00:00
2026-08-01,152220872,1963,0,26.2647486666,-8.0814611282,-8.0814611282,0E-7,3,3,0.50218230000000000,0.502182300000,-1.0043741665754933,-1.0043741665754933,-1.0043741665754933,0E-17,ELIGIBLE,R03b_20260811_FULL_v1,L1_ELIGIBILITY,v2026-08-11,2026-03-21..2026-08-06,baccarat_bet02_101_all_pairs_incl_sentinel,round_win = game_pnl > 0 (decisive only),COMPATIBILITY_ONLY_NOT_PRODUCTION,13461.8174,12030.9580,168.4253,1921,1920,-0.01251133,-0.01264445,-0.00681516,-0.01251133,-168.4253,13461.8174,OK,0.0000,6.7370,4.0000,96.0000,AG03-UNRESOLVED,ALL5_LEVELS_bet23_to_bet27,6.7370,6.7370,6.7370,10.1055,10.1055,4.000000,4.000000,4.000000,6.000000,6.000000,96.000000,96.000000,96.000000,94.000000,94.000000,5.0,40.4221,36.7584,128.0032,131.6669,PENDING_AG03,FALSE,NOT_FOR_ENFORCEMENT,161.6883,11549.7197,168.4253,161.6883,6.7370,0.01251133,0.01201088,6.7370,161.6883,0.01201088,6.7370,6.7370,6.7370,10.1055,10.1055,161.6883,0.01201088,40.4221,36.7584,128.0032,131.6669,0.00950861,0.00978077,0.00050045,7.0077,6.2661,0.0877,10.5266,0.1689,841.3636,120.0000,7.1725,3.5334,4.0407,6.0611,8.1756,12.1222,16.1629,20.2037,6.0611,0.0,2.666667,3.333333,1.156179,29,150,35,2,0.97716482,0.01251133,0.01264445,0E-8,0.000000,0.893710,0.075482,-0.00582929,2026-06-30,2026-08-06,16,997,296,38,0.421053,2.029941,1.023519,3.257216,,,,,,,,GLOBAL_BASELINE_NO_ENTITY_RANKING,,,NOT_APPLICABLE_GLOBAL_BASELINE,HF9g-P5,,,,X 全窗基线 · 不参与实体赏罚,6874549,688,A168_HF9F_20260827_0900,2026-08-27 09:00:00
2026-08-01,152220872,1966,0,46.4684014869,-16.1629222563,-16.1629222563,0.4000000,6,6,0.49771390000000000,0.497713900000,-0.4369944132040151,-0.436994413204015,-0.4369944132040151,0E-17,ELIGIBLE,R03b_20260811_FULL_v1,L1_ELIGIBILITY,v2026-08-11,2026-03-21..2026-08-06,baccarat_bet02_101_all_pairs_incl_sentinel,round_win = game_pnl > 0 (decisive only),COMPATIBILITY_ONLY_NOT_PRODUCTION,13461.8174,12030.9580,168.4253,1921,1920,-0.01251133,-0.01264445,-0.00681516,-0.01251133,-168.4253,13461.8174,OK,0.0000,6.7370,4.0000,96.0000,AG03-UNRESOLVED,ALL5_LEVELS_bet23_to_bet27,6.7370,6.7370,6.7370,10.1055,10.1055,4.000000,4.000000,4.000000,6.000000,6.000000,96.000000,96.000000,96.000000,94.000000,94.000000,5.0,40.4221,36.7584,128.0032,131.6669,PENDING_AG03,FALSE,NOT_FOR_ENFORCEMENT,161.6883,11549.7197,168.4253,161.6883,6.7370,0.01251133,0.01201088,6.7370,161.6883,0.01201088,6.7370,6.7370,6.7370,10.1055,10.1055,161.6883,0.01201088,40.4221,36.7584,128.0032,131.6669,0.00950861,0.00978077,0.00050045,7.0077,6.2661,0.0877,10.5266,0.1689,841.3636,120.0000,7.1725,3.5334,4.0407,6.0611,8.1756,12.1222,16.1629,20.2037,6.0611,0.0,2.666667,3.333333,1.156179,29,150,35,2,0.97716482,0.01251133,0.01264445,0E-8,0.000000,0.893710,0.075482,-0.00582929,2026-06-30,2026-08-06,16,997,296,38,0.421053,2.029941,1.023519,3.257216,,,,,,,,GLOBAL_BASELINE_NO_ENTITY_RANKING,,,NOT_APPLICABLE_GLOBAL_BASELINE,HF9g-P5,,,,X 全窗基线 · 不参与实体赏罚,6874550,688,A168_HF9F_20260827_0900,2026-08-27 09:00:00
2026-08-01,152220872,1985,0,24.2443833845,0E-10,0E-10,0.5000000,5,5,0.49324550000000000,0.493245500000,0.027020465636507562,0.027020465636507562,0.027020465636507562,0E-17,ELIGIBLE,R03b_20260811_FULL_v1,L1_ELIGIBILITY,v2026-08-11,2026-03-21..2026-08-06,baccarat_bet02_101_all_pairs_incl_sentinel,round_win = game_pnl > 0 (decisive only),COMPATIBILITY_ONLY_NOT_PRODUCTION,13461.8174,12030.9580,168.4253,1921,1920,-0.01251133,-0.01264445,-0.00681516,-0.01251133,-168.4253,13461.8174,OK,0.0000,6.7370,4.0000,96.0000,AG03-UNRESOLVED,ALL5_LEVELS_bet23_to_bet27,6.7370,6.7370,6.7370,10.1055,10.1055,4.000000,4.000000,4.000000,6.000000,6.000000,96.000000,96.000000,96.000000,94.000000,94.000000,5.0,40.4221,36.7584,128.0032,131.6669,PENDING_AG03,FALSE,NOT_FOR_ENFORCEMENT,161.6883,11549.7197,168.4253,161.6883,6.7370,0.01251133,0.01201088,6.7370,161.6883,0.01201088,6.7370,6.7370,6.7370,10.1055,10.1055,161.6883,0.01201088,40.4221,36.7584,128.0032,131.6669,0.00950861,0.00978077,0.00050045,7.0077,6.2661,0.0877,10.5266,0.1689,841.3636,120.0000,7.1725,3.5334,4.0407,6.0611,8.1756,12.1222,16.1629,20.2037,6.0611,0.0,2.666667,3.333333,1.156179,29,150,35,2,0.97716482,0.01251133,0.01264445,0E-8,0.000000,0.893710,0.075482,-0.00582929,2026-06-30,2026-08-06,16,997,296,38,0.421053,2.029941,1.023519,3.257216,,,,,,,,GLOBAL_BASELINE_NO_ENTITY_RANKING,,,NOT_APPLICABLE_GLOBAL_BASELINE,HF9g-P5,,,,X 全窗基线 · 不参与实体赏罚,6874551,688,A168_HF9F_20260827_0900,2026-08-27 09:00:00
2026-08-01,152220872,1990,0,40.4073056408,19.1934701794,19.1934701794,0.6666667,3,3,0.50218230000000000,0.502182300000,0.5697959874915163,0.5697959874915164,0.5697959874915163,0E-17,ELIGIBLE,R03b_20260811_FULL_v1,L1_ELIGIBILITY,v2026-08-11,2026-03-21..2026-08-06,baccarat_bet02_101_all_pairs_incl_sentinel,round_win = game_pnl > 0 (decisive only),COMPATIBILITY_ONLY_NOT_PRODUCTION,13461.8174,12030.9580,168.4253,1921,1920,-0.01251133,-0.01264445,-0.00681516,-0.01251133,-168.4253,13461.8174,OK,0.0000,6.7370,4.0000,96.0000,AG03-UNRESOLVED,ALL5_LEVELS_bet23_to_bet27,6.7370,6.7370,6.7370,10.1055,10.1055,4.000000,4.000000,4.000000,6.000000,6.000000,96.000000,96.000000,96.000000,94.000000,94.000000,5.0,40.4221,36.7584,128.0032,131.6669,PENDING_AG03,FALSE,NOT_FOR_ENFORCEMENT,161.6883,11549.7197,168.4253,161.6883,6.7370,0.01251133,0.01201088,6.7370,161.6883,0.01201088,6.7370,6.7370,6.7370,10.1055,10.1055,161.6883,0.01201088,40.4221,36.7584,128.0032,131.6669,0.00950861,0.00978077,0.00050045,7.0077,6.2661,0.0877,10.5266,0.1689,841.3636,120.0000,7.1725,3.5334,4.0407,6.0611,8.1756,12.1222,16.1629,20.2037,6.0611,0.0,2.666667,3.333333,1.156179,29,150,35,2,0.97716482,0.01251133,0.01264445,0E-8,0.000000,0.893710,0.075482,-0.00582929,2026-06-30,2026-08-06,16,997,296,38,0.421053,2.029941,1.023519,3.257216,,,,,,,,GLOBAL_BASELINE_NO_ENTITY_RANKING,,,NOT_APPLICABLE_GLOBAL_BASELINE,HF9g-P5,,,,X 全窗基线 · 不参与实体赏罚,6874552,688,A168_HF9F_20260827_0900,2026-08-27 09:00:00
2026-08-01,152220872,1994,0,30.3054792306,-18.4863423307,-18.4863423307,0.2000000,5,5,0.50128862000000000,0.501288620000,-1.347408145195933,-1.347408145195933,-1.347408145195933,0E-17,ELIGIBLE,R03b_20260811_FULL_v1,L1_ELIGIBILITY,v2026-08-11,2026-03-21..2026-08-06,baccarat_bet02_101_all_pairs_incl_sentinel,round_win = game_pnl > 0 (decisive only),COMPATIBILITY_ONLY_NOT_PRODUCTION,13461.8174,12030.9580,168.4253,1921,1920,-0.01251133,-0.01264445,-0.00681516,-0.01251133,-168.4253,13461.8174,OK,0.0000,6.7370,4.0000,96.0000,AG03-UNRESOLVED,ALL5_LEVELS_bet23_to_bet27,6.7370,6.7370,6.7370,10.1055,10.1055,4.000000,4.000000,4.000000,6.000000,6.000000,96.000000,96.000000,96.000000,94.000000,94.000000,5.0,40.4221,36.7584,128.0032,131.6669,PENDING_AG03,FALSE,NOT_FOR_ENFORCEMENT,161.6883,11549.7197,168.4253,161.6883,6.7370,0.01251133,0.01201088,6.7370,161.6883,0.01201088,6.7370,6.7370,6.7370,10.1055,10.1055,161.6883,0.01201088,40.4221,36.7584,128.0032,131.6669,0.00950861,0.00978077,0.00050045,7.0077,6.2661,0.0877,10.5266,0.1689,841.3636,120.0000,7.1725,3.5334,4.0407,6.0611,8.1756,12.1222,16.1629,20.2037,6.0611,0.0,2.666667,3.333333,1.156179,29,150,35,2,0.97716482,0.01251133,0.01264445,0E-8,0.000000,0.893710,0.075482,-0.00582929,2026-06-30,2026-08-06,16,997,296,38,0.421053,2.029941,1.023519,3.257216,,,,,,,,GLOBAL_BASELINE_NO_ENTITY_RANKING,,,NOT_APPLICABLE_GLOBAL_BASELINE,HF9g-P5,,,,X 全窗基线 · 不参与实体赏罚,6874553,688,A168_HF9F_20260827_0900,2026-08-27 09:00:00
2026-08-01,152220872,2064,0,36.3665750767,3.0305479231,3.0305479231,0.3333333,3,3,0.49771390000000000,0.497713900000,-0.5694369385616226,-0.5694369385616226,-0.5694369385616226,0E-17,ELIGIBLE,R03b_20260811_FULL_v1,L1_ELIGIBILITY,v2026-08-11,2026-03-21..2026-08-06,baccarat_bet02_101_all_pairs_incl_sentinel,round_win = game_pnl > 0 (decisive only),COMPATIBILITY_ONLY_NOT_PRODUCTION,13461.8174,12030.9580,168.4253,1921,1920,-0.01251133,-0.01264445,-0.00681516,-0.01251133,-168.4253,13461.8174,OK,0.0000,6.7370,4.0000,96.0000,AG03-UNRESOLVED,ALL5_LEVELS_bet23_to_bet27,6.7370,6.7370,6.7370,10.1055,10.1055,4.000000,4.000000,4.000000,6.000000,6.000000,96.000000,96.000000,96.000000,94.000000,94.000000,5.0,40.4221,36.7584,128.0032,131.6669,PENDING_AG03,FALSE,NOT_FOR_ENFORCEMENT,161.6883,11549.7197,168.4253,161.6883,6.7370,0.01251133,0.01201088,6.7370,161.6883,0.01201088,6.7370,6.7370,6.7370,10.1055,10.1055,161.6883,0.01201088,40.4221,36.7584,128.0032,131.6669,0.00950861,0.00978077,0.00050045,7.0077,6.2661,0.0877,10.5266,0.1689,841.3636,120.0000,7.1725,3.5334,4.0407,6.0611,8.1756,12.1222,16.1629,20.2037,6.0611,0.0,2.666667,3.333333,1.156179,29,150,35,2,0.97716482,0.01251133,0.01264445,0E-8,0.000000,0.893710,0.075482,-0.00582929,2026-06-30,2026-08-06,16,997,296,38,0.421053,2.029941,1.023519,3.257216,,,,,,,,GLOBAL_BASELINE_NO_ENTITY_RANKING,,,NOT_APPLICABLE_GLOBAL_BASELINE,HF9g-P5,,,,X 全窗基线 · 不参与实体赏罚,6874554,688,A168_HF9F_20260827_0900,2026-08-27 09:00:00
2026-08-01,152220872,2069,0,14.1425569743,-14.1425569743,-14.1425569743,0E-7,1,1,0.50665070000000000,0.506650700000,-1.013391052207602,-1.013391052207602,-1.013391052207602,0E-17,ELIGIBLE,R03b_20260811_FULL_v1,L1_ELIGIBILITY,v2026-08-11,2026-03-21..2026-08-06,baccarat_bet02_101_all_pairs_incl_sentinel,round_win = game_pnl > 0 (decisive only),COMPATIBILITY_ONLY_NOT_PRODUCTION,13461.8174,12030.9580,168.4253,1921,1920,-0.01251133,-0.01264445,-0.00681516,-0.01251133,-168.4253,13461.8174,OK,0.0000,6.7370,4.0000,96.0000,AG03-UNRESOLVED,ALL5_LEVELS_bet23_to_bet27,6.7370,6.7370,6.7370,10.1055,10.1055,4.000000,4.000000,4.000000,6.000000,6.000000,96.000000,96.000000,96.000000,94.000000,94.000000,5.0,40.4221,36.7584,128.0032,131.6669,PENDING_AG03,FALSE,NOT_FOR_ENFORCEMENT,161.6883,11549.7197,168.4253,161.6883,6.7370,0.01251133,0.01201088,6.7370,161.6883,0.01201088,6.7370,6.7370,6.7370,10.1055,10.1055,161.6883,0.01201088,40.4221,36.7584,128.0032,131.6669,0.00950861,0.00978077,0.00050045,7.0077,6.2661,0.0877,10.5266,0.1689,841.3636,120.0000,7.1725,3.5334,4.0407,6.0611,8.1756,12.1222,16.1629,20.2037,6.0611,0.0,2.666667,3.333333,1.156179,29,150,35,2,0.97716482,0.01251133,0.01264445,0E-8,0.000000,0.893710,0.075482,-0.00582929,2026-06-30,2026-08-06,16,997,296,38,0.421053,2.029941,1.023519,3.257216,,,,,,,,GLOBAL_BASELINE_NO_ENTITY_RANKING,,,NOT_APPLICABLE_GLOBAL_BASELINE,HF9g-P5,,,,X 全窗基线 · 不参与实体赏罚,6874555,688,A168_HF9F_20260827_0900,2026-08-27 09:00:00
2026-08-01,152220872,2093,0,101.0182641020,-34.6492645869,-34.6492645869,0.4000000,11,11,0.49812011818181818,0.498120118182,-0.6205705016316515,-0.6205705016328007,-0.6205705016316515,-1.8182E-13,ELIGIBLE,R03b_20260811_FULL_v1,L1_ELIGIBILITY,v2026-08-11,2026-03-21..2026-08-06,baccarat_bet02_101_all_pairs_incl_sentinel,round_win = game_pnl > 0 (decisive only),COMPATIBILITY_ONLY_NOT_PRODUCTION,13461.8174,12030.9580,168.4253,1921,1920,-0.01251133,-0.01264445,-0.00681516,-0.01251133,-168.4253,13461.8174,OK,0.0000,6.7370,4.0000,96.0000,AG03-UNRESOLVED,ALL5_LEVELS_bet23_to_bet27,6.7370,6.7370,6.7370,10.1055,10.1055,4.000000,4.000000,4.000000,6.000000,6.000000,96.000000,96.000000,96.000000,94.000000,94.000000,5.0,40.4221,36.7584,128.0032,131.6669,PENDING_AG03,FALSE,NOT_FOR_ENFORCEMENT,161.6883,11549.7197,168.4253,161.6883,6.7370,0.01251133,0.01201088,6.7370,161.6883,0.01201088,6.7370,6.7370,6.7370,10.1055,10.1055,161.6883,0.01201088,40.4221,36.7584,128.0032,131.6669,0.00950861,0.00978077,0.00050045,7.0077,6.2661,0.0877,10.5266,0.1689,841.3636,120.0000,7.1725,3.5334,4.0407,6.0611,8.1756,12.1222,16.1629,20.2037,6.0611,0.0,2.666667,3.333333,1.156179,29,150,35,2,0.97716482,0.01251133,0.01264445,0E-8,0.000000,0.893710,0.075482,-0.00582929,2026-06-30,2026-08-06,16,997,296,38,0.421053,2.029941,1.023519,3.257216,,,,,,,,GLOBAL_BASELINE_NO_ENTITY_RANKING,,,NOT_APPLICABLE_GLOBAL_BASELINE,HF9g-P5,,,,X 全窗基线 · 不参与实体赏罚,6874556,688,A168_HF9F_20260827_0900,2026-08-27 09:00:00
2026-08-01,152220872,2101,0,28.2851139487,-4.6468401487,-4.6468401487,0.6000000,5,5,0.50665070000000000,0.506650700000,0.4175076967804994,0.4175076967804994,0.4175076967804994,0E-17,ELIGIBLE,R03b_20260811_FULL_v1,L1_ELIGIBILITY,v2026-08-11,2026-03-21..2026-08-06,baccarat_bet02_101_all_pairs_incl_sentinel,round_win = game_pnl > 0 (decisive only),COMPATIBILITY_ONLY_NOT_PRODUCTION,13461.8174,12030.9580,168.4253,1921,1920,-0.01251133,-0.01264445,-0.00681516,-0.01251133,-168.4253,13461.8174,OK,0.0000,6.7370,4.0000,96.0000,AG03-UNRESOLVED,ALL5_LEVELS_bet23_to_bet27,6.7370,6.7370,6.7370,10.1055,10.1055,4.000000,4.000000,4.000000,6.000000,6.000000,96.000000,96.000000,96.000000,94.000000,94.000000,5.0,40.4221,36.7584,128.0032,131.6669,PENDING_AG03,FALSE,NOT_FOR_ENFORCEMENT,161.6883,11549.7197,168.4253,161.6883,6.7370,0.01251133,0.01201088,6.7370,161.6883,0.01201088,6.7370,6.7370,6.7370,10.1055,10.1055,161.6883,0.01201088,40.4221,36.7584,128.0032,131.6669,0.00950861,0.00978077,0.00050045,7.0077,6.2661,0.0877,10.5266,0.1689,841.3636,120.0000,7.1725,3.5334,4.0407,6.0611,8.1756,12.1222,16.1629,20.2037,6.0611,0.0,2.666667,3.333333,1.156179,29,150,35,2,0.97716482,0.01251133,0.01264445,0E-8,0.000000,0.893710,0.075482,-0.00582929,2026-06-30,2026-08-06,16,997,296,38,0.421053,2.029941,1.023519,3.257216,,,,,,,,GLOBAL_BASELINE_NO_ENTITY_RANKING,,,NOT_APPLICABLE_GLOBAL_BASELINE,HF9g-P5,,,,X 全窗基线 · 不参与实体赏罚,6874557,688,A168_HF9F_20260827_0900,2026-08-27 09:00:00
2026-08-01,152220872,2103,0,18.1832875383,14.1425569743,14.1425569743,0.6666667,3,3,0.49771390000000000,0.497713900000,0.5852756695216578,0.5852756695216578,0.5852756695216578,0E-17,ELIGIBLE,R03b_20260811_FULL_v1,L1_ELIGIBILITY,v2026-08-11,2026-03-21..2026-08-06,baccarat_bet02_101_all_pairs_incl_sentinel,round_win = game_pnl > 0 (decisive only),COMPATIBILITY_ONLY_NOT_PRODUCTION,13461.8174,12030.9580,168.4253,1921,1920,-0.01251133,-0.01264445,-0.00681516,-0.01251133,-168.4253,13461.8174,OK,0.0000,6.7370,4.0000,96.0000,AG03-UNRESOLVED,ALL5_LEVELS_bet23_to_bet27,6.7370,6.7370,6.7370,10.1055,10.1055,4.000000,4.000000,4.000000,6.000000,6.000000,96.000000,96.000000,96.000000,94.000000,94.000000,5.0,40.4221,36.7584,128.0032,131.6669,PENDING_AG03,FALSE,NOT_FOR_ENFORCEMENT,161.6883,11549.7197,168.4253,161.6883,6.7370,0.01251133,0.01201088,6.7370,161.6883,0.01201088,6.7370,6.7370,6.7370,10.1055,10.1055,161.6883,0.01201088,40.4221,36.7584,128.0032,131.6669,0.00950861,0.00978077,0.00050045,7.0077,6.2661,0.0877,10.5266,0.1689,841.3636,120.0000,7.1725,3.5334,4.0407,6.0611,8.1756,12.1222,16.1629,20.2037,6.0611,0.0,2.666667,3.333333,1.156179,29,150,35,2,0.97716482,0.01251133,0.01264445,0E-8,0.000000,0.893710,0.075482,-0.00582929,2026-06-30,2026-08-06,16,997,296,38,0.421053,2.029941,1.023519,3.257216,,,,,,,,GLOBAL_BASELINE_NO_ENTITY_RANKING,,,NOT_APPLICABLE_GLOBAL_BASELINE,HF9g-P5,,,,X 全窗基线 · 不参与实体赏罚,6874558,688,A168_HF9F_20260827_0900,2026-08-27 09:00:00
2026-08-01,152220872,2108,0,30.3054792306,-10.1018264102,-10.1018264102,0.2500000,4,4,0.49659680000000000,0.496596800000,-0.9864100490137353,-0.9864100490137354,-0.9864100490137353,0E-17,ELIGIBLE,R03b_20260811_FULL_v1,L1_ELIGIBILITY,v2026-08-11,2026-03-21..2026-08-06,baccarat_bet02_101_all_pairs_incl_sentinel,round_win = game_pnl > 0 (decisive only),COMPATIBILITY_ONLY_NOT_PRODUCTION,13461.8174,12030.9580,168.4253,1921,1920,-0.01251133,-0.01264445,-0.00681516,-0.01251133,-168.4253,13461.8174,OK,0.0000,6.7370,4.0000,96.0000,AG03-UNRESOLVED,ALL5_LEVELS_bet23_to_bet27,6.7370,6.7370,6.7370,10.1055,10.1055,4.000000,4.000000,4.000000,6.000000,6.000000,96.000000,96.000000,96.000000,94.000000,94.000000,5.0,40.4221,36.7584,128.0032,131.6669,PENDING_AG03,FALSE,NOT_FOR_ENFORCEMENT,161.6883,11549.7197,168.4253,161.6883,6.7370,0.01251133,0.01201088,6.7370,161.6883,0.01201088,6.7370,6.7370,6.7370,10.1055,10.1055,161.6883,0.01201088,40.4221,36.7584,128.0032,131.6669,0.00950861,0.00978077,0.00050045,7.0077,6.2661,0.0877,10.5266,0.1689,841.3636,120.0000,7.1725,3.5334,4.0407,6.0611,8.1756,12.1222,16.1629,20.2037,6.0611,0.0,2.666667,3.333333,1.156179,29,150,35,2,0.97716482,0.01251133,0.01264445,0E-8,0.000000,0.893710,0.075482,-0.00582929,2026-06-30,2026-08-06,16,997,296,38,0.421053,2.029941,1.023519,3.257216,,,,,,,,GLOBAL_BASELINE_NO_ENTITY_RANKING,,,NOT_APPLICABLE_GLOBAL_BASELINE,HF9g-P5,,,,X 全窗基线 · 不参与实体赏罚,6874559,688,A168_HF9F_20260827_0900,2026-08-27 09:00:00
2026-08-01,152220872,2115,0,12.1221916923,8.0814611282,8.0814611282,1.0000000,2,2,0.49324550000000000,0.493245500000,1.01360149184955,1.01360149184955,1.01360149184955,0E-17,ELIGIBLE,R03b_20260811_FULL_v1,L1_ELIGIBILITY,v2026-08-11,2026-03-21..2026-08-06,baccarat_bet02_101_all_pairs_incl_sentinel,round_win = game_pnl > 0 (decisive only),COMPATIBILITY_ONLY_NOT_PRODUCTION,13461.8174,12030.9580,168.4253,1921,1920,-0.01251133,-0.01264445,-0.00681516,-0.01251133,-168.4253,13461.8174,OK,0.0000,6.7370,4.0000,96.0000,AG03-UNRESOLVED,ALL5_LEVELS_bet23_to_bet27,6.7370,6.7370,6.7370,10.1055,10.1055,4.000000,4.000000,4.000000,6.000000,6.000000,96.000000,96.000000,96.000000,94.000000,94.000000,5.0,40.4221,36.7584,128.0032,131.6669,PENDING_AG03,FALSE,NOT_FOR_ENFORCEMENT,161.6883,11549.7197,168.4253,161.6883,6.7370,0.01251133,0.01201088,6.7370,161.6883,0.01201088,6.7370,6.7370,6.7370,10.1055,10.1055,161.6883,0.01201088,40.4221,36.7584,128.0032,131.6669,0.00950861,0.00978077,0.00050045,7.0077,6.2661,0.0877,10.5266,0.1689,841.3636,120.0000,7.1725,3.5334,4.0407,6.0611,8.1756,12.1222,16.1629,20.2037,6.0611,0.0,2.666667,3.333333,1.156179,29,150,35,2,0.97716482,0.01251133,0.01264445,0E-8,0.000000,0.893710,0.075482,-0.00582929,2026-06-30,2026-08-06,16,997,296,38,0.421053,2.029941,1.023519,3.257216,,,,,,,,GLOBAL_BASELINE_NO_ENTITY_RANKING,,,NOT_APPLICABLE_GLOBAL_BASELINE,HF9g-P5,,,,X 全窗基线 · 不参与实体赏罚,6874560,688,A168_HF9F_20260827_0900,2026-08-27 09:00:00
2026-08-01,152220872,2121,0,46.4684014869,-8.5865524487,-8.5865524487,0.2857143,8,8,0.49827245000000000,0.498272450000,-1.1247587972184092,-1.1247587972184092,-1.1247587972184092,0E-17,ELIGIBLE,R03b_20260811_FULL_v1,L1_ELIGIBILITY,v2026-08-11,2026-03-21..2026-08-06,baccarat_bet02_101_all_pairs_incl_sentinel,round_win = game_pnl > 0 (decisive only),COMPATIBILITY_ONLY_NOT_PRODUCTION,13461.8174,12030.9580,168.4253,1921,1920,-0.01251133,-0.01264445,-0.00681516,-0.01251133,-168.4253,13461.8174,OK,0.0000,6.7370,4.0000,96.0000,AG03-UNRESOLVED,ALL5_LEVELS_bet23_to_bet27,6.7370,6.7370,6.7370,10.1055,10.1055,4.000000,4.000000,4.000000,6.000000,6.000000,96.000000,96.000000,96.000000,94.000000,94.000000,5.0,40.4221,36.7584,128.0032,131.6669,PENDING_AG03,FALSE,NOT_FOR_ENFORCEMENT,161.6883,11549.7197,168.4253,161.6883,6.7370,0.01251133,0.01201088,6.7370,161.6883,0.01201088,6.7370,6.7370,6.7370,10.1055,10.1055,161.6883,0.01201088,40.4221,36.7584,128.0032,131.6669,0.00950861,0.00978077,0.00050045,7.0077,6.2661,0.0877,10.5266,0.1689,841.3636,120.0000,7.1725,3.5334,4.0407,6.0611,8.1756,12.1222,16.1629,20.2037,6.0611,0.0,2.666667,3.333333,1.156179,29,150,35,2,0.97716482,0.01251133,0.01264445,0E-8,0.000000,0.893710,0.075482,-0.00582929,2026-06-30,2026-08-06,16,997,296,38,0.421053,2.029941,1.023519,3.257216,,,,,,,,GLOBAL_BASELINE_NO_ENTITY_RANKING,,,NOT_APPLICABLE_GLOBAL_BASELINE,HF9g-P5,,,,X 全窗基线 · 不参与实体赏罚,6874561,688,A168_HF9F_20260827_0900,2026-08-27 09:00:00
2026-08-01,152220872,2123,0,81.2186843382,8.2228866979,8.2228866979,0.6250000,11,11,0.50177608181818182,0.501776081818,0.6970641429509408,0.6970641429519685,0.6970641429509408,1.8182E-13,ELIGIBLE,R03b_20260811_FULL_v1,L1_ELIGIBILITY,v2026-08-11,2026-03-21..2026-08-06,baccarat_bet02_101_all_pairs_incl_sentinel,round_win = game_pnl > 0 (decisive only),COMPATIBILITY_ONLY_NOT_PRODUCTION,13461.8174,12030.9580,168.4253,1921,1920,-0.01251133,-0.01264445,-0.00681516,-0.01251133,-168.4253,13461.8174,OK,0.0000,6.7370,4.0000,96.0000,AG03-UNRESOLVED,ALL5_LEVELS_bet23_to_bet27,6.7370,6.7370,6.7370,10.1055,10.1055,4.000000,4.000000,4.000000,6.000000,6.000000,96.000000,96.000000,96.000000,94.000000,94.000000,5.0,40.4221,36.7584,128.0032,131.6669,PENDING_AG03,FALSE,NOT_FOR_ENFORCEMENT,161.6883,11549.7197,168.4253,161.6883,6.7370,0.01251133,0.01201088,6.7370,161.6883,0.01201088,6.7370,6.7370,6.7370,10.1055,10.1055,161.6883,0.01201088,40.4221,36.7584,128.0032,131.6669,0.00950861,0.00978077,0.00050045,7.0077,6.2661,0.0877,10.5266,0.1689,841.3636,120.0000,7.1725,3.5334,4.0407,6.0611,8.1756,12.1222,16.1629,20.2037,6.0611,0.0,2.666667,3.333333,1.156179,29,150,35,2,0.97716482,0.01251133,0.01264445,0E-8,0.000000,0.893710,0.075482,-0.00582929,2026-06-30,2026-08-06,16,997,296,38,0.421053,2.029941,1.023519,3.257216,,,,,,,,GLOBAL_BASELINE_NO_ENTITY_RANKING,,,NOT_APPLICABLE_GLOBAL_BASELINE,HF9g-P5,,,,X 全窗基线 · 不参与实体赏罚,6874562,688,A168_HF9F_20260827_0900,2026-08-27 09:00:00
2026-08-01,152220872,2127,0,18.1832875384,-8.0814611282,-8.0814611282,0E-7,2,2,0.49994810000000000,0.499948100000,-0.9998962053866608,-0.9998962053866608,-0.9998962053866608,0E-17,ELIGIBLE,R03b_20260811_FULL_v1,L1_ELIGIBILITY,v2026-08-11,2026-03-21..2026-08-06,baccarat_bet02_101_all_pairs_incl_sentinel,round_win = game_pnl > 0 (decisive only),COMPATIBILITY_ONLY_NOT_PRODUCTION,13461.8174,12030.9580,168.4253,1921,1920,-0.01251133,-0.01264445,-0.00681516,-0.01251133,-168.4253,13461.8174,OK,0.0000,6.7370,4.0000,96.0000,AG03-UNRESOLVED,ALL5_LEVELS_bet23_to_bet27,6.7370,6.7370,6.7370,10.1055,10.1055,4.000000,4.000000,4.000000,6.000000,6.000000,96.000000,96.000000,96.000000,94.000000,94.000000,5.0,40.4221,36.7584,128.0032,131.6669,PENDING_AG03,FALSE,NOT_FOR_ENFORCEMENT,161.6883,11549.7197,168.4253,161.6883,6.7370,0.01251133,0.01201088,6.7370,161.6883,0.01201088,6.7370,6.7370,6.7370,10.1055,10.1055,161.6883,0.01201088,40.4221,36.7584,128.0032,131.6669,0.00950861,0.00978077,0.00050045,7.0077,6.2661,0.0877,10.5266,0.1689,841.3636,120.0000,7.1725,3.5334,4.0407,6.0611,8.1756,12.1222,16.1629,20.2037,6.0611,0.0,2.666667,3.333333,1.156179,29,150,35,2,0.97716482,0.01251133,0.01264445,0E-8,0.000000,0.893710,0.075482,-0.00582929,2026-06-30,2026-08-06,16,997,296,38,0.421053,2.029941,1.023519,3.257216,,,,,,,,GLOBAL_BASELINE_NO_ENTITY_RANKING,,,NOT_APPLICABLE_GLOBAL_BASELINE,HF9g-P5,,,,X 全窗基线 · 不参与实体赏罚,6874563,688,A168_HF9F_20260827_0900,2026-08-27 09:00:00
2026-08-01,152220872,2130,0,20.2036528205,3.4346209794,3.4346209794,0.3333333,3,3,0.50218230000000000,0.502182300000,-0.5849155494134425,-0.5849155494134426,-0.5849155494134425,0E-17,ELIGIBLE,R03b_20260811_FULL_v1,L1_ELIGIBILITY,v2026-08-11,2026-03-21..2026-08-06,baccarat_bet02_101_all_pairs_incl_sentinel,round_win = game_pnl > 0 (decisive only),COMPATIBILITY_ONLY_NOT_PRODUCTION,13461.8174,12030.9580,168.4253,1921,1920,-0.01251133,-0.01264445,-0.00681516,-0.01251133,-168.4253,13461.8174,OK,0.0000,6.7370,4.0000,96.0000,AG03-UNRESOLVED,ALL5_LEVELS_bet23_to_bet27,6.7370,6.7370,6.7370,10.1055,10.1055,4.000000,4.000000,4.000000,6.000000,6.000000,96.000000,96.000000,96.000000,94.000000,94.000000,5.0,40.4221,36.7584,128.0032,131.6669,PENDING_AG03,FALSE,NOT_FOR_ENFORCEMENT,161.6883,11549.7197,168.4253,161.6883,6.7370,0.01251133,0.01201088,6.7370,161.6883,0.01201088,6.7370,6.7370,6.7370,10.1055,10.1055,161.6883,0.01201088,40.4221,36.7584,128.0032,131.6669,0.00950861,0.00978077,0.00050045,7.0077,6.2661,0.0877,10.5266,0.1689,841.3636,120.0000,7.1725,3.5334,4.0407,6.0611,8.1756,12.1222,16.1629,20.2037,6.0611,0.0,2.666667,3.333333,1.156179,29,150,35,2,0.97716482,0.01251133,0.01264445,0E-8,0.000000,0.893710,0.075482,-0.00582929,2026-06-30,2026-08-06,16,997,296,38,0.421053,2.029941,1.023519,3.257216,,,,,,,,GLOBAL_BASELINE_NO_ENTITY_RANKING,,,NOT_APPLICABLE_GLOBAL_BASELINE,HF9g-P5,,,,X 全窗基线 · 不参与实体赏罚,6874564,688,A168_HF9F_20260827_0900,2026-08-27 09:00:00
2026-08-01,152220872,2141,0,42.4276709228,12.7283012768,12.7283012768,0.5000000,6,6,0.50441650000000000,0.504416500000,-0.02163718700157003,-0.02163718700157003,-0.02163718700157003,0E-17,ELIGIBLE,R03b_20260811_FULL_v1,L1_ELIGIBILITY,v2026-08-11,2026-03-21..2026-08-06,baccarat_bet02_101_all_pairs_incl_sentinel,round_win = game_pnl > 0 (decisive only),COMPATIBILITY_ONLY_NOT_PRODUCTION,13461.8174,12030.9580,168.4253,1921,1920,-0.01251133,-0.01264445,-0.00681516,-0.01251133,-168.4253,13461.8174,OK,0.0000,6.7370,4.0000,96.0000,AG03-UNRESOLVED,ALL5_LEVELS_bet23_to_bet27,6.7370,6.7370,6.7370,10.1055,10.1055,4.000000,4.000000,4.000000,6.000000,6.000000,96.000000,96.000000,96.000000,94.000000,94.000000,5.0,40.4221,36.7584,128.0032,131.6669,PENDING_AG03,FALSE,NOT_FOR_ENFORCEMENT,161.6883,11549.7197,168.4253,161.6883,6.7370,0.01251133,0.01201088,6.7370,161.6883,0.01201088,6.7370,6.7370,6.7370,10.1055,10.1055,161.6883,0.01201088,40.4221,36.7584,128.0032,131.6669,0.00950861,0.00978077,0.00050045,7.0077,6.2661,0.0877,10.5266,0.1689,841.3636,120.0000,7.1725,3.5334,4.0407,6.0611,8.1756,12.1222,16.1629,20.2037,6.0611,0.0,2.666667,3.333333,1.156179,29,150,35,2,0.97716482,0.01251133,0.01264445,0E-8,0.000000,0.893710,0.075482,-0.00582929,2026-06-30,2026-08-06,16,997,296,38,0.421053,2.029941,1.023519,3.257216,,,,,,,,GLOBAL_BASELINE_NO_ENTITY_RANKING,,,NOT_APPLICABLE_GLOBAL_BASELINE,HF9g-P5,,,,X 全窗基线 · 不参与实体赏罚,6874565,688,A168_HF9F_20260827_0900,2026-08-27 09:00:00
2026-08-01,152220872,2147,0,4.0407305641,0E-10,0E-10,,1,1,0.49324550000000000,0.493245500000,,,,0E-17,NO_DECISIVE_ROUND,R03b_20260811_FULL_v1,L1_ELIGIBILITY,v2026-08-11,2026-03-21..2026-08-06,baccarat_bet02_101_all_pairs_incl_sentinel,round_win = game_pnl > 0 (decisive only),COMPATIBILITY_ONLY_NOT_PRODUCTION,13461.8174,12030.9580,168.4253,1921,1920,-0.01251133,-0.01264445,-0.00681516,-0.01251133,-168.4253,13461.8174,OK,0.0000,6.7370,4.0000,96.0000,AG03-UNRESOLVED,ALL5_LEVELS_bet23_to_bet27,6.7370,6.7370,6.7370,10.1055,10.1055,4.000000,4.000000,4.000000,6.000000,6.000000,96.000000,96.000000,96.000000,94.000000,94.000000,5.0,40.4221,36.7584,128.0032,131.6669,PENDING_AG03,FALSE,NOT_FOR_ENFORCEMENT,161.6883,11549.7197,168.4253,161.6883,6.7370,0.01251133,0.01201088,6.7370,161.6883,0.01201088,6.7370,6.7370,6.7370,10.1055,10.1055,161.6883,0.01201088,40.4221,36.7584,128.0032,131.6669,0.00950861,0.00978077,0.00050045,7.0077,6.2661,0.0877,10.5266,0.1689,841.3636,120.0000,7.1725,3.5334,4.0407,6.0611,8.1756,12.1222,16.1629,20.2037,6.0611,0.0,2.666667,3.333333,1.156179,29,150,35,2,0.97716482,0.01251133,0.01264445,0E-8,0.000000,0.893710,0.075482,-0.00582929,2026-06-30,2026-08-06,16,997,296,38,0.421053,2.029941,1.023519,3.257216,,,,,,,,GLOBAL_BASELINE_NO_ENTITY_RANKING,,,NOT_APPLICABLE_GLOBAL_BASELINE,HF9g-P5,,,,X 全窗基线 · 不参与实体赏罚,6874566,688,A168_HF9F_20260827_0900,2026-08-27 09:00:00
2026-08-01,152220872,2152,0,41.6195248101,8.1218684337,8.1218684337,0.7142857,7,7,0.50473567142857143,0.504735671429,1.1088843393366314,1.1088843393343726,1.1088843393366314,-4.2857E-13,ELIGIBLE,R03b_20260811_FULL_v1,L1_ELIGIBILITY,v2026-08-11,2026-03-21..2026-08-06,baccarat_bet02_101_all_pairs_incl_sentinel,round_win = game_pnl > 0 (decisive only),COMPATIBILITY_ONLY_NOT_PRODUCTION,13461.8174,12030.9580,168.4253,1921,1920,-0.01251133,-0.01264445,-0.00681516,-0.01251133,-168.4253,13461.8174,OK,0.0000,6.7370,4.0000,96.0000,AG03-UNRESOLVED,ALL5_LEVELS_bet23_to_bet27,6.7370,6.7370,6.7370,10.1055,10.1055,4.000000,4.000000,4.000000,6.000000,6.000000,96.000000,96.000000,96.000000,94.000000,94.000000,5.0,40.4221,36.7584,128.0032,131.6669,PENDING_AG03,FALSE,NOT_FOR_ENFORCEMENT,161.6883,11549.7197,168.4253,161.6883,6.7370,0.01251133,0.01201088,6.7370,161.6883,0.01201088,6.7370,6.7370,6.7370,10.1055,10.1055,161.6883,0.01201088,40.4221,36.7584,128.0032,131.6669,0.00950861,0.00978077,0.00050045,7.0077,6.2661,0.0877,10.5266,0.1689,841.3636,120.0000,7.1725,3.5334,4.0407,6.0611,8.1756,12.1222,16.1629,20.2037,6.0611,0.0,2.666667,3.333333,1.156179,29,150,35,2,0.97716482,0.01251133,0.01264445,0E-8,0.000000,0.893710,0.075482,-0.00582929,2026-06-30,2026-08-06,16,997,296,38,0.421053,2.029941,1.023519,3.257216,,,,,,,,GLOBAL_BASELINE_NO_ENTITY_RANKING,,,NOT_APPLICABLE_GLOBAL_BASELINE,HF9g-P5,,,,X 全窗基线 · 不参与实体赏罚,6874567,688,A168_HF9F_20260827_0900,2026-08-27 09:00:00
2026-08-01,152220872,2156,0,22.2240181024,17.5771779538,17.5771779538,0.8333333,6,6,0.50441650000000000,0.504416500000,1.6114196831874958,1.6114196831874958,1.6114196831874958,0E-17,ELIGIBLE,R03b_20260811_FULL_v1,L1_ELIGIBILITY,v2026-08-11,2026-03-21..2026-08-06,baccarat_bet02_101_all_pairs_incl_sentinel,round_win = game_pnl > 0 (decisive only),COMPATIBILITY_ONLY_NOT_PRODUCTION,13461.8174,12030.9580,168.4253,1921,1920,-0.01251133,-0.01264445,-0.00681516,-0.01251133,-168.4253,13461.8174,OK,0.0000,6.7370,4.0000,96.0000,AG03-UNRESOLVED,ALL5_LEVELS_bet23_to_bet27,6.7370,6.7370,6.7370,10.1055,10.1055,4.000000,4.000000,4.000000,6.000000,6.000000,96.000000,96.000000,96.000000,94.000000,94.000000,5.0,40.4221,36.7584,128.0032,131.6669,PENDING_AG03,FALSE,NOT_FOR_ENFORCEMENT,161.6883,11549.7197,168.4253,161.6883,6.7370,0.01251133,0.01201088,6.7370,161.6883,0.01201088,6.7370,6.7370,6.7370,10.1055,10.1055,161.6883,0.01201088,40.4221,36.7584,128.0032,131.6669,0.00950861,0.00978077,0.00050045,7.0077,6.2661,0.0877,10.5266,0.1689,841.3636,120.0000,7.1725,3.5334,4.0407,6.0611,8.1756,12.1222,16.1629,20.2037,6.0611,0.0,2.666667,3.333333,1.156179,29,150,35,2,0.97716482,0.01251133,0.01264445,0E-8,0.000000,0.893710,0.075482,-0.00582929,2026-06-30,2026-08-06,16,997,296,38,0.421053,2.029941,1.023519,3.257216,,,,,,,,GLOBAL_BASELINE_NO_ENTITY_RANKING,,,NOT_APPLICABLE_GLOBAL_BASELINE,HF9g-P5,,,,X 全窗基线 · 不参与实体赏罚,6874568,688,A168_HF9F_20260827_0900,2026-08-27 09:00:00
2026-08-01,152220872,2160,0,50.5091320511,-4.0407305642,-4.0407305642,0.3333333,5,5,0.49860758000000000,0.498607580000,-0.5725290048997589,-0.5725290048997589,-0.5725290048997589,0E-17,ELIGIBLE,R03b_20260811_FULL_v1,L1_ELIGIBILITY,v2026-08-11,2026-03-21..2026-08-06,baccarat_bet02_101_all_pairs_incl_sentinel,round_win = game_pnl > 0 (decisive only),COMPATIBILITY_ONLY_NOT_PRODUCTION,13461.8174,12030.9580,168.4253,1921,1920,-0.01251133,-0.01264445,-0.00681516,-0.01251133,-168.4253,13461.8174,OK,0.0000,6.7370,4.0000,96.0000,AG03-UNRESOLVED,ALL5_LEVELS_bet23_to_bet27,6.7370,6.7370,6.7370,10.1055,10.1055,4.000000,4.000000,4.000000,6.000000,6.000000,96.000000,96.000000,96.000000,94.000000,94.000000,5.0,40.4221,36.7584,128.0032,131.6669,PENDING_AG03,FALSE,NOT_FOR_ENFORCEMENT,161.6883,11549.7197,168.4253,161.6883,6.7370,0.01251133,0.01201088,6.7370,161.6883,0.01201088,6.7370,6.7370,6.7370,10.1055,10.1055,161.6883,0.01201088,40.4221,36.7584,128.0032,131.6669,0.00950861,0.00978077,0.00050045,7.0077,6.2661,0.0877,10.5266,0.1689,841.3636,120.0000,7.1725,3.5334,4.0407,6.0611,8.1756,12.1222,16.1629,20.2037,6.0611,0.0,2.666667,3.333333,1.156179,29,150,35,2,0.97716482,0.01251133,0.01264445,0E-8,0.000000,0.893710,0.075482,-0.00582929,2026-06-30,2026-08-06,16,997,296,38,0.421053,2.029941,1.023519,3.257216,,,,,,,,GLOBAL_BASELINE_NO_ENTITY_RANKING,,,NOT_APPLICABLE_GLOBAL_BASELINE,HF9g-P5,,,,X 全窗基线 · 不参与实体赏罚,6874569,688,A168_HF9F_20260827_0900,2026-08-27 09:00:00
2026-08-01,152220872,2167,0,20.2036528204,-0.5050913205,-0.5050913205,0.6666667,3,3,0.50665070000000000,0.506650700000,0.5543606114942035,0.5543606114942035,0.5543606114942035,0E-17,ELIGIBLE,R03b_20260811_FULL_v1,L1_ELIGIBILITY,v2026-08-11,2026-03-21..2026-08-06,baccarat_bet02_101_all_pairs_incl_sentinel,round_win = game_pnl > 0 (decisive only),COMPATIBILITY_ONLY_NOT_PRODUCTION,13461.8174,12030.9580,168.4253,1921,1920,-0.01251133,-0.01264445,-0.00681516,-0.01251133,-168.4253,13461.8174,OK,0.0000,6.7370,4.0000,96.0000,AG03-UNRESOLVED,ALL5_LEVELS_bet23_to_bet27,6.7370,6.7370,6.7370,10.1055,10.1055,4.000000,4.000000,4.000000,6.000000,6.000000,96.000000,96.000000,96.000000,94.000000,94.000000,5.0,40.4221,36.7584,128.0032,131.6669,PENDING_AG03,FALSE,NOT_FOR_ENFORCEMENT,161.6883,11549.7197,168.4253,161.6883,6.7370,0.01251133,0.01201088,6.7370,161.6883,0.01201088,6.7370,6.7370,6.7370,10.1055,10.1055,161.6883,0.01201088,40.4221,36.7584,128.0032,131.6669,0.00950861,0.00978077,0.00050045,7.0077,6.2661,0.0877,10.5266,0.1689,841.3636,120.0000,7.1725,3.5334,4.0407,6.0611,8.1756,12.1222,16.1629,20.2037,6.0611,0.0,2.666667,3.333333,1.156179,29,150,35,2,0.97716482,0.01251133,0.01264445,0E-8,0.000000,0.893710,0.075482,-0.00582929,2026-06-30,2026-08-06,16,997,296,38,0.421053,2.029941,1.023519,3.257216,,,,,,,,GLOBAL_BASELINE_NO_ENTITY_RANKING,,,NOT_APPLICABLE_GLOBAL_BASELINE,HF9g-P5,,,,X 全窗基线 · 不参与实体赏罚,6874570,688,A168_HF9F_20260827_0900,2026-08-27 09:00:00
2026-08-01,152220872,2169,0,139.4052044611,27.4769678357,27.4769678357,0.6875000,17,17,0.50349653529411765,0.503496535294,1.4720637122796694,1.472063712280608,1.4720637122796694,1.1765E-13,ELIGIBLE,R03b_20260811_FULL_v1,L1_ELIGIBILITY,v2026-08-11,2026-03-21..2026-08-06,baccarat_bet02_101_all_pairs_incl_sentinel,round_win = game_pnl > 0 (decisive only),COMPATIBILITY_ONLY_NOT_PRODUCTION,13461.8174,12030.9580,168.4253,1921,1920,-0.01251133,-0.01264445,-0.00681516,-0.01251133,-168.4253,13461.8174,OK,0.0000,6.7370,4.0000,96.0000,AG03-UNRESOLVED,ALL5_LEVELS_bet23_to_bet27,6.7370,6.7370,6.7370,10.1055,10.1055,4.000000,4.000000,4.000000,6.000000,6.000000,96.000000,96.000000,96.000000,94.000000,94.000000,5.0,40.4221,36.7584,128.0032,131.6669,PENDING_AG03,FALSE,NOT_FOR_ENFORCEMENT,161.6883,11549.7197,168.4253,161.6883,6.7370,0.01251133,0.01201088,6.7370,161.6883,0.01201088,6.7370,6.7370,6.7370,10.1055,10.1055,161.6883,0.01201088,40.4221,36.7584,128.0032,131.6669,0.00950861,0.00978077,0.00050045,7.0077,6.2661,0.0877,10.5266,0.1689,841.3636,120.0000,7.1725,3.5334,4.0407,6.0611,8.1756,12.1222,16.1629,20.2037,6.0611,0.0,2.666667,3.333333,1.156179,29,150,35,2,0.97716482,0.01251133,0.01264445,0E-8,0.000000,0.893710,0.075482,-0.00582929,2026-06-30,2026-08-06,16,997,296,38,0.421053,2.029941,1.023519,3.257216,,,,,,,,GLOBAL_BASELINE_NO_ENTITY_RANKING,,,NOT_APPLICABLE_GLOBAL_BASELINE,HF9g-P5,,,,X 全窗基线 · 不参与实体赏罚,6874571,688,A168_HF9F_20260827_0900,2026-08-27 09:00:00
2026-08-01,152220872,2188,0,42.4276709229,14.1425569743,14.1425569743,0.6000000,5,5,0.50128862000000000,0.501288620000,0.4414521777673877,0.4414521777673877,0.4414521777673877,0E-17,ELIGIBLE,R03b_20260811_FULL_v1,L1_ELIGIBILITY,v2026-08-11,2026-03-21..2026-08-06,baccarat_bet02_101_all_pairs_incl_sentinel,round_win = game_pnl > 0 (decisive only),COMPATIBILITY_ONLY_NOT_PRODUCTION,13461.8174,12030.9580,168.4253,1921,1920,-0.01251133,-0.01264445,-0.00681516,-0.01251133,-168.4253,13461.8174,OK,0.0000,6.7370,4.0000,96.0000,AG03-UNRESOLVED,ALL5_LEVELS_bet23_to_bet27,6.7370,6.7370,6.7370,10.1055,10.1055,4.000000,4.000000,4.000000,6.000000,6.000000,96.000000,96.000000,96.000000,94.000000,94.000000,5.0,40.4221,36.7584,128.0032,131.6669,PENDING_AG03,FALSE,NOT_FOR_ENFORCEMENT,161.6883,11549.7197,168.4253,161.6883,6.7370,0.01251133,0.01201088,6.7370,161.6883,0.01201088,6.7370,6.7370,6.7370,10.1055,10.1055,161.6883,0.01201088,40.4221,36.7584,128.0032,131.6669,0.00950861,0.00978077,0.00050045,7.0077,6.2661,0.0877,10.5266,0.1689,841.3636,120.0000,7.1725,3.5334,4.0407,6.0611,8.1756,12.1222,16.1629,20.2037,6.0611,0.0,2.666667,3.333333,1.156179,29,150,35,2,0.97716482,0.01251133,0.01264445,0E-8,0.000000,0.893710,0.075482,-0.00582929,2026-06-30,2026-08-06,16,997,296,38,0.421053,2.029941,1.023519,3.257216,,,,,,,,GLOBAL_BASELINE_NO_ENTITY_RANKING,,,NOT_APPLICABLE_GLOBAL_BASELINE,HF9g-P5,,,,X 全窗基线 · 不参与实体赏罚,6874572,688,A168_HF9F_20260827_0900,2026-08-27 09:00:00
2026-08-01,152220872,2196,0,30.3054792307,2.0203652821,2.0203652821,0.5000000,4,4,0.49659680000000000,0.496596800000,0.013613115331600182,0.013613115331600183,0.013613115331600182,0E-17,ELIGIBLE,R03b_20260811_FULL_v1,L1_ELIGIBILITY,v2026-08-11,2026-03-21..2026-08-06,baccarat_bet02_101_all_pairs_incl_sentinel,round_win = game_pnl > 0 (decisive only),COMPATIBILITY_ONLY_NOT_PRODUCTION,13461.8174,12030.9580,168.4253,1921,1920,-0.01251133,-0.01264445,-0.00681516,-0.01251133,-168.4253,13461.8174,OK,0.0000,6.7370,4.0000,96.0000,AG03-UNRESOLVED,ALL5_LEVELS_bet23_to_bet27,6.7370,6.7370,6.7370,10.1055,10.1055,4.000000,4.000000,4.000000,6.000000,6.000000,96.000000,96.000000,96.000000,94.000000,94.000000,5.0,40.4221,36.7584,128.0032,131.6669,PENDING_AG03,FALSE,NOT_FOR_ENFORCEMENT,161.6883,11549.7197,168.4253,161.6883,6.7370,0.01251133,0.01201088,6.7370,161.6883,0.01201088,6.7370,6.7370,6.7370,10.1055,10.1055,161.6883,0.01201088,40.4221,36.7584,128.0032,131.6669,0.00950861,0.00978077,0.00050045,7.0077,6.2661,0.0877,10.5266,0.1689,841.3636,120.0000,7.1725,3.5334,4.0407,6.0611,8.1756,12.1222,16.1629,20.2037,6.0611,0.0,2.666667,3.333333,1.156179,29,150,35,2,0.97716482,0.01251133,0.01264445,0E-8,0.000000,0.893710,0.075482,-0.00582929,2026-06-30,2026-08-06,16,997,296,38,0.421053,2.029941,1.023519,3.257216,,,,,,,,GLOBAL_BASELINE_NO_ENTITY_RANKING,,,NOT_APPLICABLE_GLOBAL_BASELINE,HF9g-P5,,,,X 全窗基线 · 不参与实体赏罚,6874573,688,A168_HF9F_20260827_0900,2026-08-27 09:00:00
2026-08-01,152220872,2201,0,26.2647486666,-14.4456117667,-14.4456117667,0.2500000,4,4,0.49994810000000000,0.499948100000,-0.9997924053861017,-0.9997924053861017,-0.9997924053861017,0E-17,ELIGIBLE,R03b_20260811_FULL_v1,L1_ELIGIBILITY,v2026-08-11,2026-03-21..2026-08-06,baccarat_bet02_101_all_pairs_incl_sentinel,round_win = game_pnl > 0 (decisive only),COMPATIBILITY_ONLY_NOT_PRODUCTION,13461.8174,12030.9580,168.4253,1921,1920,-0.01251133,-0.01264445,-0.00681516,-0.01251133,-168.4253,13461.8174,OK,0.0000,6.7370,4.0000,96.0000,AG03-UNRESOLVED,ALL5_LEVELS_bet23_to_bet27,6.7370,6.7370,6.7370,10.1055,10.1055,4.000000,4.000000,4.000000,6.000000,6.000000,96.000000,96.000000,96.000000,94.000000,94.000000,5.0,40.4221,36.7584,128.0032,131.6669,PENDING_AG03,FALSE,NOT_FOR_ENFORCEMENT,161.6883,11549.7197,168.4253,161.6883,6.7370,0.01251133,0.01201088,6.7370,161.6883,0.01201088,6.7370,6.7370,6.7370,10.1055,10.1055,161.6883,0.01201088,40.4221,36.7584,128.0032,131.6669,0.00950861,0.00978077,0.00050045,7.0077,6.2661,0.0877,10.5266,0.1689,841.3636,120.0000,7.1725,3.5334,4.0407,6.0611,8.1756,12.1222,16.1629,20.2037,6.0611,0.0,2.666667,3.333333,1.156179,29,150,35,2,0.97716482,0.01251133,0.01264445,0E-8,0.000000,0.893710,0.075482,-0.00582929,2026-06-30,2026-08-06,16,997,296,38,0.421053,2.029941,1.023519,3.257216,,,,,,,,GLOBAL_BASELINE_NO_ENTITY_RANKING,,,NOT_APPLICABLE_GLOBAL_BASELINE,HF9g-P5,,,,X 全窗基线 · 不参与实体赏罚,6874574,688,A168_HF9F_20260827_0900,2026-08-27 09:00:00
2026-08-01,152220872,2209,0,28.2851139487,3.2325844512,3.2325844512,0.6666667,3,3,0.50218230000000000,0.502182300000,0.5697959874915163,0.5697959874915164,0.5697959874915163,0E-17,ELIGIBLE,R03b_20260811_FULL_v1,L1_ELIGIBILITY,v2026-08-11,2026-03-21..2026-08-06,baccarat_bet02_101_all_pairs_incl_sentinel,round_win = game_pnl > 0 (decisive only),COMPATIBILITY_ONLY_NOT_PRODUCTION,13461.8174,12030.9580,168.4253,1921,1920,-0.01251133,-0.01264445,-0.00681516,-0.01251133,-168.4253,13461.8174,OK,0.0000,6.7370,4.0000,96.0000,AG03-UNRESOLVED,ALL5_LEVELS_bet23_to_bet27,6.7370,6.7370,6.7370,10.1055,10.1055,4.000000,4.000000,4.000000,6.000000,6.000000,96.000000,96.000000,96.000000,94.000000,94.000000,5.0,40.4221,36.7584,128.0032,131.6669,PENDING_AG03,FALSE,NOT_FOR_ENFORCEMENT,161.6883,11549.7197,168.4253,161.6883,6.7370,0.01251133,0.01201088,6.7370,161.6883,0.01201088,6.7370,6.7370,6.7370,10.1055,10.1055,161.6883,0.01201088,40.4221,36.7584,128.0032,131.6669,0.00950861,0.00978077,0.00050045,7.0077,6.2661,0.0877,10.5266,0.1689,841.3636,120.0000,7.1725,3.5334,4.0407,6.0611,8.1756,12.1222,16.1629,20.2037,6.0611,0.0,2.666667,3.333333,1.156179,29,150,35,2,0.97716482,0.01251133,0.01264445,0E-8,0.000000,0.893710,0.075482,-0.00582929,2026-06-30,2026-08-06,16,997,296,38,0.421053,2.029941,1.023519,3.257216,,,,,,,,GLOBAL_BASELINE_NO_ENTITY_RANKING,,,NOT_APPLICABLE_GLOBAL_BASELINE,HF9g-P5,,,,X 全窗基线 · 不参与实体赏罚,6874575,688,A168_HF9F_20260827_0900,2026-08-27 09:00:00
2026-08-01,152220872,2212,0,18.1832875384,9.3946985615,9.3946985615,0.6666667,3,3,0.50665070000000000,0.506650700000,0.5543606114942035,0.5543606114942035,0.5543606114942035,0E-17,ELIGIBLE,R03b_20260811_FULL_v1,L1_ELIGIBILITY,v2026-08-11,2026-03-21..2026-08-06,baccarat_bet02_101_all_pairs_incl_sentinel,round_win = game_pnl > 0 (decisive only),COMPATIBILITY_ONLY_NOT_PRODUCTION,13461.8174,12030.9580,168.4253,1921,1920,-0.01251133,-0.01264445,-0.00681516,-0.01251133,-168.4253,13461.8174,OK,0.0000,6.7370,4.0000,96.0000,AG03-UNRESOLVED,ALL5_LEVELS_bet23_to_bet27,6.7370,6.7370,6.7370,10.1055,10.1055,4.000000,4.000000,4.000000,6.000000,6.000000,96.000000,96.000000,96.000000,94.000000,94.000000,5.0,40.4221,36.7584,128.0032,131.6669,PENDING_AG03,FALSE,NOT_FOR_ENFORCEMENT,161.6883,11549.7197,168.4253,161.6883,6.7370,0.01251133,0.01201088,6.7370,161.6883,0.01201088,6.7370,6.7370,6.7370,10.1055,10.1055,161.6883,0.01201088,40.4221,36.7584,128.0032,131.6669,0.00950861,0.00978077,0.00050045,7.0077,6.2661,0.0877,10.5266,0.1689,841.3636,120.0000,7.1725,3.5334,4.0407,6.0611,8.1756,12.1222,16.1629,20.2037,6.0611,0.0,2.666667,3.333333,1.156179,29,150,35,2,0.97716482,0.01251133,0.01264445,0E-8,0.000000,0.893710,0.075482,-0.00582929,2026-06-30,2026-08-06,16,997,296,38,0.421053,2.029941,1.023519,3.257216,,,,,,,,GLOBAL_BASELINE_NO_ENTITY_RANKING,,,NOT_APPLICABLE_GLOBAL_BASELINE,HF9g-P5,,,,X 全窗基线 · 不参与实体赏罚,6874576,688,A168_HF9F_20260827_0900,2026-08-27 09:00:00
2026-08-01,152220872,2216,0,50.5091320512,33.0329723614,33.0329723614,1.0000000,6,6,0.50218230000000000,0.502182300000,1.99128976685968,1.99128976685968,1.99128976685968,0E-17,ELIGIBLE,R03b_20260811_FULL_v1,L1_ELIGIBILITY,v2026-08-11,2026-03-21..2026-08-06,baccarat_bet02_101_all_pairs_incl_sentinel,round_win = game_pnl > 0 (decisive only),COMPATIBILITY_ONLY_NOT_PRODUCTION,13461.8174,12030.9580,168.4253,1921,1920,-0.01251133,-0.01264445,-0.00681516,-0.01251133,-168.4253,13461.8174,OK,0.0000,6.7370,4.0000,96.0000,AG03-UNRESOLVED,ALL5_LEVELS_bet23_to_bet27,6.7370,6.7370,6.7370,10.1055,10.1055,4.000000,4.000000,4.000000,6.000000,6.000000,96.000000,96.000000,96.000000,94.000000,94.000000,5.0,40.4221,36.7584,128.0032,131.6669,PENDING_AG03,FALSE,NOT_FOR_ENFORCEMENT,161.6883,11549.7197,168.4253,161.6883,6.7370,0.01251133,0.01201088,6.7370,161.6883,0.01201088,6.7370,6.7370,6.7370,10.1055,10.1055,161.6883,0.01201088,40.4221,36.7584,128.0032,131.6669,0.00950861,0.00978077,0.00050045,7.0077,6.2661,0.0877,10.5266,0.1689,841.3636,120.0000,7.1725,3.5334,4.0407,6.0611,8.1756,12.1222,16.1629,20.2037,6.0611,0.0,2.666667,3.333333,1.156179,29,150,35,2,0.97716482,0.01251133,0.01264445,0E-8,0.000000,0.893710,0.075482,-0.00582929,2026-06-30,2026-08-06,16,997,296,38,0.421053,2.029941,1.023519,3.257216,,,,,,,,GLOBAL_BASELINE_NO_ENTITY_RANKING,,,NOT_APPLICABLE_GLOBAL_BASELINE,HF9g-P5,,,,X 全窗基线 · 不参与实体赏罚,6874577,688,A168_HF9F_20260827_0900,2026-08-27 09:00:00
2026-08-01,152220872,2220,0,88.8960724099,-5.9600775820,-5.9600775820,0.4444444,9,9,0.50218230000000000,0.502182300000,-0.34643043305270216,-0.34643043305270216,-0.34643043305270216,0E-17,ELIGIBLE,R03b_20260811_FULL_v1,L1_ELIGIBILITY,v2026-08-11,2026-03-21..2026-08-06,baccarat_bet02_101_all_pairs_incl_sentinel,round_win = game_pnl > 0 (decisive only),COMPATIBILITY_ONLY_NOT_PRODUCTION,13461.8174,12030.9580,168.4253,1921,1920,-0.01251133,-0.01264445,-0.00681516,-0.01251133,-168.4253,13461.8174,OK,0.0000,6.7370,4.0000,96.0000,AG03-UNRESOLVED,ALL5_LEVELS_bet23_to_bet27,6.7370,6.7370,6.7370,10.1055,10.1055,4.000000,4.000000,4.000000,6.000000,6.000000,96.000000,96.000000,96.000000,94.000000,94.000000,5.0,40.4221,36.7584,128.0032,131.6669,PENDING_AG03,FALSE,NOT_FOR_ENFORCEMENT,161.6883,11549.7197,168.4253,161.6883,6.7370,0.01251133,0.01201088,6.7370,161.6883,0.01201088,6.7370,6.7370,6.7370,10.1055,10.1055,161.6883,0.01201088,40.4221,36.7584,128.0032,131.6669,0.00950861,0.00978077,0.00050045,7.0077,6.2661,0.0877,10.5266,0.1689,841.3636,120.0000,7.1725,3.5334,4.0407,6.0611,8.1756,12.1222,16.1629,20.2037,6.0611,0.0,2.666667,3.333333,1.156179,29,150,35,2,0.97716482,0.01251133,0.01264445,0E-8,0.000000,0.893710,0.075482,-0.00582929,2026-06-30,2026-08-06,16,997,296,38,0.421053,2.029941,1.023519,3.257216,,,,,,,,GLOBAL_BASELINE_NO_ENTITY_RANKING,,,NOT_APPLICABLE_GLOBAL_BASELINE,HF9g-P5,,,,X 全窗基线 · 不参与实体赏罚,6874578,688,A168_HF9F_20260827_0900,2026-08-27 09:00:00
2026-08-01,152220872,2223,0,96.9775335379,2.5254566026,2.5254566026,0.4545455,11,11,0.49690146363636364,0.496901463636,-0.2809633746126877,-0.2809633746102768,-0.2809633746126877,3.6364E-13,ELIGIBLE,R03b_20260811_FULL_v1,L1_ELIGIBILITY,v2026-08-11,2026-03-21..2026-08-06,baccarat_bet02_101_all_pairs_incl_sentinel,round_win = game_pnl > 0 (decisive only),COMPATIBILITY_ONLY_NOT_PRODUCTION,13461.8174,12030.9580,168.4253,1921,1920,-0.01251133,-0.01264445,-0.00681516,-0.01251133,-168.4253,13461.8174,OK,0.0000,6.7370,4.0000,96.0000,AG03-UNRESOLVED,ALL5_LEVELS_bet23_to_bet27,6.7370,6.7370,6.7370,10.1055,10.1055,4.000000,4.000000,4.000000,6.000000,6.000000,96.000000,96.000000,96.000000,94.000000,94.000000,5.0,40.4221,36.7584,128.0032,131.6669,PENDING_AG03,FALSE,NOT_FOR_ENFORCEMENT,161.6883,11549.7197,168.4253,161.6883,6.7370,0.01251133,0.01201088,6.7370,161.6883,0.01201088,6.7370,6.7370,6.7370,10.1055,10.1055,161.6883,0.01201088,40.4221,36.7584,128.0032,131.6669,0.00950861,0.00978077,0.00050045,7.0077,6.2661,0.0877,10.5266,0.1689,841.3636,120.0000,7.1725,3.5334,4.0407,6.0611,8.1756,12.1222,16.1629,20.2037,6.0611,0.0,2.666667,3.333333,1.156179,29,150,35,2,0.97716482,0.01251133,0.01264445,0E-8,0.000000,0.893710,0.075482,-0.00582929,2026-06-30,2026-08-06,16,997,296,38,0.421053,2.029941,1.023519,3.257216,,,,,,,,GLOBAL_BASELINE_NO_ENTITY_RANKING,,,NOT_APPLICABLE_GLOBAL_BASELINE,HF9g-P5,,,,X 全窗基线 · 不参与实体赏罚,6874579,688,A168_HF9F_20260827_0900,2026-08-27 09:00:00
2026-08-01,152220872,2224,0,50.5091320510,-2.6264748666,-2.6264748666,0.5000000,6,6,0.50218230000000000,0.502182300000,-0.01069114476356389,-0.01069114476356389,-0.01069114476356389,0E-17,ELIGIBLE,R03b_20260811_FULL_v1,L1_ELIGIBILITY,v2026-08-11,2026-03-21..2026-08-06,baccarat_bet02_101_all_pairs_incl_sentinel,round_win = game_pnl > 0 (decisive only),COMPATIBILITY_ONLY_NOT_PRODUCTION,13461.8174,12030.9580,168.4253,1921,1920,-0.01251133,-0.01264445,-0.00681516,-0.01251133,-168.4253,13461.8174,OK,0.0000,6.7370,4.0000,96.0000,AG03-UNRESOLVED,ALL5_LEVELS_bet23_to_bet27,6.7370,6.7370,6.7370,10.1055,10.1055,4.000000,4.000000,4.000000,6.000000,6.000000,96.000000,96.000000,96.000000,94.000000,94.000000,5.0,40.4221,36.7584,128.0032,131.6669,PENDING_AG03,FALSE,NOT_FOR_ENFORCEMENT,161.6883,11549.7197,168.4253,161.6883,6.7370,0.01251133,0.01201088,6.7370,161.6883,0.01201088,6.7370,6.7370,6.7370,10.1055,10.1055,161.6883,0.01201088,40.4221,36.7584,128.0032,131.6669,0.00950861,0.00978077,0.00050045,7.0077,6.2661,0.0877,10.5266,0.1689,841.3636,120.0000,7.1725,3.5334,4.0407,6.0611,8.1756,12.1222,16.1629,20.2037,6.0611,0.0,2.666667,3.333333,1.156179,29,150,35,2,0.97716482,0.01251133,0.01264445,0E-8,0.000000,0.893710,0.075482,-0.00582929,2026-06-30,2026-08-06,16,997,296,38,0.421053,2.029941,1.023519,3.257216,,,,,,,,GLOBAL_BASELINE_NO_ENTITY_RANKING,,,NOT_APPLICABLE_GLOBAL_BASELINE,HF9g-P5,,,,X 全窗基线 · 不参与实体赏罚,6874580,688,A168_HF9F_20260827_0900,2026-08-27 09:00:00
2026-08-01,152220872,2229,0,68.6924195894,-1.5152739615,-1.5152739615,0.5000000,7,7,0.50090561428571429,0.500905614286,-0.00443659308478647,-0.004436593086186165,-0.00443659308478647,-2.8571E-13,ELIGIBLE,R03b_20260811_FULL_v1,L1_ELIGIBILITY,v2026-08-11,2026-03-21..2026-08-06,baccarat_bet02_101_all_pairs_incl_sentinel,round_win = game_pnl > 0 (decisive only),COMPATIBILITY_ONLY_NOT_PRODUCTION,13461.8174,12030.9580,168.4253,1921,1920,-0.01251133,-0.01264445,-0.00681516,-0.01251133,-168.4253,13461.8174,OK,0.0000,6.7370,4.0000,96.0000,AG03-UNRESOLVED,ALL5_LEVELS_bet23_to_bet27,6.7370,6.7370,6.7370,10.1055,10.1055,4.000000,4.000000,4.000000,6.000000,6.000000,96.000000,96.000000,96.000000,94.000000,94.000000,5.0,40.4221,36.7584,128.0032,131.6669,PENDING_AG03,FALSE,NOT_FOR_ENFORCEMENT,161.6883,11549.7197,168.4253,161.6883,6.7370,0.01251133,0.01201088,6.7370,161.6883,0.01201088,6.7370,6.7370,6.7370,10.1055,10.1055,161.6883,0.01201088,40.4221,36.7584,128.0032,131.6669,0.00950861,0.00978077,0.00050045,7.0077,6.2661,0.0877,10.5266,0.1689,841.3636,120.0000,7.1725,3.5334,4.0407,6.0611,8.1756,12.1222,16.1629,20.2037,6.0611,0.0,2.666667,3.333333,1.156179,29,150,35,2,0.97716482,0.01251133,0.01264445,0E-8,0.000000,0.893710,0.075482,-0.00582929,2026-06-30,2026-08-06,16,997,296,38,0.421053,2.029941,1.023519,3.257216,,,,,,,,GLOBAL_BASELINE_NO_ENTITY_RANKING,,,NOT_APPLICABLE_GLOBAL_BASELINE,HF9g-P5,,,,X 全窗基线 · 不参与实体赏罚,6874581,688,A168_HF9F_20260827_0900,2026-08-27 09:00:00
2026-08-01,152220872,2233,0,46.4684014871,19.1934701794,19.1934701794,0.8000000,6,6,0.49994810000000000,0.499948100000,1.3418728975849028,1.3418728975849028,1.3418728975849028,0E-17,ELIGIBLE,R03b_20260811_FULL_v1,L1_ELIGIBILITY,v2026-08-11,2026-03-21..2026-08-06,baccarat_bet02_101_all_pairs_incl_sentinel,round_win = game_pnl > 0 (decisive only),COMPATIBILITY_ONLY_NOT_PRODUCTION,13461.8174,12030.9580,168.4253,1921,1920,-0.01251133,-0.01264445,-0.00681516,-0.01251133,-168.4253,13461.8174,OK,0.0000,6.7370,4.0000,96.0000,AG03-UNRESOLVED,ALL5_LEVELS_bet23_to_bet27,6.7370,6.7370,6.7370,10.1055,10.1055,4.000000,4.000000,4.000000,6.000000,6.000000,96.000000,96.000000,96.000000,94.000000,94.000000,5.0,40.4221,36.7584,128.0032,131.6669,PENDING_AG03,FALSE,NOT_FOR_ENFORCEMENT,161.6883,11549.7197,168.4253,161.6883,6.7370,0.01251133,0.01201088,6.7370,161.6883,0.01201088,6.7370,6.7370,6.7370,10.1055,10.1055,161.6883,0.01201088,40.4221,36.7584,128.0032,131.6669,0.00950861,0.00978077,0.00050045,7.0077,6.2661,0.0877,10.5266,0.1689,841.3636,120.0000,7.1725,3.5334,4.0407,6.0611,8.1756,12.1222,16.1629,20.2037,6.0611,0.0,2.666667,3.333333,1.156179,29,150,35,2,0.97716482,0.01251133,0.01264445,0E-8,0.000000,0.893710,0.075482,-0.00582929,2026-06-30,2026-08-06,16,997,296,38,0.421053,2.029941,1.023519,3.257216,,,,,,,,GLOBAL_BASELINE_NO_ENTITY_RANKING,,,NOT_APPLICABLE_GLOBAL_BASELINE,HF9g-P5,,,,X 全窗基线 · 不参与实体赏罚,6874582,688,A168_HF9F_20260827_0900,2026-08-27 09:00:00
2026-08-01,152220872,2234,0,16.1629222564,7.6773880718,7.6773880718,0.6666667,3,3,0.49771390000000000,0.497713900000,0.5852756695216578,0.5852756695216578,0.5852756695216578,0E-17,ELIGIBLE,R03b_20260811_FULL_v1,L1_ELIGIBILITY,v2026-08-11,2026-03-21..2026-08-06,baccarat_bet02_101_all_pairs_incl_sentinel,round_win = game_pnl > 0 (decisive only),COMPATIBILITY_ONLY_NOT_PRODUCTION,13461.8174,12030.9580,168.4253,1921,1920,-0.01251133,-0.01264445,-0.00681516,-0.01251133,-168.4253,13461.8174,OK,0.0000,6.7370,4.0000,96.0000,AG03-UNRESOLVED,ALL5_LEVELS_bet23_to_bet27,6.7370,6.7370,6.7370,10.1055,10.1055,4.000000,4.000000,4.000000,6.000000,6.000000,96.000000,96.000000,96.000000,94.000000,94.000000,5.0,40.4221,36.7584,128.0032,131.6669,PENDING_AG03,FALSE,NOT_FOR_ENFORCEMENT,161.6883,11549.7197,168.4253,161.6883,6.7370,0.01251133,0.01201088,6.7370,161.6883,0.01201088,6.7370,6.7370,6.7370,10.1055,10.1055,161.6883,0.01201088,40.4221,36.7584,128.0032,131.6669,0.00950861,0.00978077,0.00050045,7.0077,6.2661,0.0877,10.5266,0.1689,841.3636,120.0000,7.1725,3.5334,4.0407,6.0611,8.1756,12.1222,16.1629,20.2037,6.0611,0.0,2.666667,3.333333,1.156179,29,150,35,2,0.97716482,0.01251133,0.01264445,0E-8,0.000000,0.893710,0.075482,-0.00582929,2026-06-30,2026-08-06,16,997,296,38,0.421053,2.029941,1.023519,3.257216,,,,,,,,GLOBAL_BASELINE_NO_ENTITY_RANKING,,,NOT_APPLICABLE_GLOBAL_BASELINE,HF9g-P5,,,,X 全窗基线 · 不参与实体赏罚,6874583,688,A168_HF9F_20260827_0900,2026-08-27 09:00:00
2026-08-01,152220872,2242,0,68.6924195895,-12.9303378051,-12.9303378051,0.3333333,7,7,0.50090561428571429,0.500905614286,-0.8209345132943034,-0.820934513295704,-0.8209345132943034,-2.8571E-13,ELIGIBLE,R03b_20260811_FULL_v1,L1_ELIGIBILITY,v2026-08-11,2026-03-21..2026-08-06,baccarat_bet02_101_all_pairs_incl_sentinel,round_win = game_pnl > 0 (decisive only),COMPATIBILITY_ONLY_NOT_PRODUCTION,13461.8174,12030.9580,168.4253,1921,1920,-0.01251133,-0.01264445,-0.00681516,-0.01251133,-168.4253,13461.8174,OK,0.0000,6.7370,4.0000,96.0000,AG03-UNRESOLVED,ALL5_LEVELS_bet23_to_bet27,6.7370,6.7370,6.7370,10.1055,10.1055,4.000000,4.000000,4.000000,6.000000,6.000000,96.000000,96.000000,96.000000,94.000000,94.000000,5.0,40.4221,36.7584,128.0032,131.6669,PENDING_AG03,FALSE,NOT_FOR_ENFORCEMENT,161.6883,11549.7197,168.4253,161.6883,6.7370,0.01251133,0.01201088,6.7370,161.6883,0.01201088,6.7370,6.7370,6.7370,10.1055,10.1055,161.6883,0.01201088,40.4221,36.7584,128.0032,131.6669,0.00950861,0.00978077,0.00050045,7.0077,6.2661,0.0877,10.5266,0.1689,841.3636,120.0000,7.1725,3.5334,4.0407,6.0611,8.1756,12.1222,16.1629,20.2037,6.0611,0.0,2.666667,3.333333,1.156179,29,150,35,2,0.97716482,0.01251133,0.01264445,0E-8,0.000000,0.893710,0.075482,-0.00582929,2026-06-30,2026-08-06,16,997,296,38,0.421053,2.029941,1.023519,3.257216,,,,,,,,GLOBAL_BASELINE_NO_ENTITY_RANKING,,,NOT_APPLICABLE_GLOBAL_BASELINE,HF9g-P5,,,,X 全窗基线 · 不参与实体赏罚,6874584,688,A168_HF9F_20260827_0900,2026-08-27 09:00:00
2026-08-01,152220872,2250,0,10.1018264102,-10.1018264102,-10.1018264102,0E-7,1,1,0.50665070000000000,0.506650700000,-1.013391052207602,-1.013391052207602,-1.013391052207602,0E-17,ELIGIBLE,R03b_20260811_FULL_v1,L1_ELIGIBILITY,v2026-08-11,2026-03-21..2026-08-06,baccarat_bet02_101_all_pairs_incl_sentinel,round_win = game_pnl > 0 (decisive only),COMPATIBILITY_ONLY_NOT_PRODUCTION,13461.8174,12030.9580,168.4253,1921,1920,-0.01251133,-0.01264445,-0.00681516,-0.01251133,-168.4253,13461.8174,OK,0.0000,6.7370,4.0000,96.0000,AG03-UNRESOLVED,ALL5_LEVELS_bet23_to_bet27,6.7370,6.7370,6.7370,10.1055,10.1055,4.000000,4.000000,4.000000,6.000000,6.000000,96.000000,96.000000,96.000000,94.000000,94.000000,5.0,40.4221,36.7584,128.0032,131.6669,PENDING_AG03,FALSE,NOT_FOR_ENFORCEMENT,161.6883,11549.7197,168.4253,161.6883,6.7370,0.01251133,0.01201088,6.7370,161.6883,0.01201088,6.7370,6.7370,6.7370,10.1055,10.1055,161.6883,0.01201088,40.4221,36.7584,128.0032,131.6669,0.00950861,0.00978077,0.00050045,7.0077,6.2661,0.0877,10.5266,0.1689,841.3636,120.0000,7.1725,3.5334,4.0407,6.0611,8.1756,12.1222,16.1629,20.2037,6.0611,0.0,2.666667,3.333333,1.156179,29,150,35,2,0.97716482,0.01251133,0.01264445,0E-8,0.000000,0.893710,0.075482,-0.00582929,2026-06-30,2026-08-06,16,997,296,38,0.421053,2.029941,1.023519,3.257216,,,,,,,,GLOBAL_BASELINE_NO_ENTITY_RANKING,,,NOT_APPLICABLE_GLOBAL_BASELINE,HF9g-P5,,,,X 全窗基线 · 不参与实体赏罚,6874585,688,A168_HF9F_20260827_0900,2026-08-27 09:00:00
2026-08-01,152220872,2252,0,56.5702278973,-28.8912235332,-28.8912235332,0.2857143,8,8,0.50162375000000000,0.501623750000,-1.1424915209304196,-1.1424915209304196,-1.1424915209304196,0E-17,ELIGIBLE,R03b_20260811_FULL_v1,L1_ELIGIBILITY,v2026-08-11,2026-03-21..2026-08-06,baccarat_bet02_101_all_pairs_incl_sentinel,round_win = game_pnl > 0 (decisive only),COMPATIBILITY_ONLY_NOT_PRODUCTION,13461.8174,12030.9580,168.4253,1921,1920,-0.01251133,-0.01264445,-0.00681516,-0.01251133,-168.4253,13461.8174,OK,0.0000,6.7370,4.0000,96.0000,AG03-UNRESOLVED,ALL5_LEVELS_bet23_to_bet27,6.7370,6.7370,6.7370,10.1055,10.1055,4.000000,4.000000,4.000000,6.000000,6.000000,96.000000,96.000000,96.000000,94.000000,94.000000,5.0,40.4221,36.7584,128.0032,131.6669,PENDING_AG03,FALSE,NOT_FOR_ENFORCEMENT,161.6883,11549.7197,168.4253,161.6883,6.7370,0.01251133,0.01201088,6.7370,161.6883,0.01201088,6.7370,6.7370,6.7370,10.1055,10.1055,161.6883,0.01201088,40.4221,36.7584,128.0032,131.6669,0.00950861,0.00978077,0.00050045,7.0077,6.2661,0.0877,10.5266,0.1689,841.3636,120.0000,7.1725,3.5334,4.0407,6.0611,8.1756,12.1222,16.1629,20.2037,6.0611,0.0,2.666667,3.333333,1.156179,29,150,35,2,0.97716482,0.01251133,0.01264445,0E-8,0.000000,0.893710,0.075482,-0.00582929,2026-06-30,2026-08-06,16,997,296,38,0.421053,2.029941,1.023519,3.257216,,,,,,,,GLOBAL_BASELINE_NO_ENTITY_RANKING,,,NOT_APPLICABLE_GLOBAL_BASELINE,HF9g-P5,,,,X 全窗基线 · 不参与实体赏罚,6874586,688,A168_HF9F_20260827_0900,2026-08-27 09:00:00
2026-08-01,152220872,2254,0,16.1629222563,1.7173104897,1.7173104897,0.5000000,3,3,0.50665070000000000,0.506650700000,-0.018812684590367487,-0.018812684590367487,-0.018812684590367487,0E-17,ELIGIBLE,R03b_20260811_FULL_v1,L1_ELIGIBILITY,v2026-08-11,2026-03-21..2026-08-06,baccarat_bet02_101_all_pairs_incl_sentinel,round_win = game_pnl > 0 (decisive only),COMPATIBILITY_ONLY_NOT_PRODUCTION,13461.8174,12030.9580,168.4253,1921,1920,-0.01251133,-0.01264445,-0.00681516,-0.01251133,-168.4253,13461.8174,OK,0.0000,6.7370,4.0000,96.0000,AG03-UNRESOLVED,ALL5_LEVELS_bet23_to_bet27,6.7370,6.7370,6.7370,10.1055,10.1055,4.000000,4.000000,4.000000,6.000000,6.000000,96.000000,96.000000,96.000000,94.000000,94.000000,5.0,40.4221,36.7584,128.0032,131.6669,PENDING_AG03,FALSE,NOT_FOR_ENFORCEMENT,161.6883,11549.7197,168.4253,161.6883,6.7370,0.01251133,0.01201088,6.7370,161.6883,0.01201088,6.7370,6.7370,6.7370,10.1055,10.1055,161.6883,0.01201088,40.4221,36.7584,128.0032,131.6669,0.00950861,0.00978077,0.00050045,7.0077,6.2661,0.0877,10.5266,0.1689,841.3636,120.0000,7.1725,3.5334,4.0407,6.0611,8.1756,12.1222,16.1629,20.2037,6.0611,0.0,2.666667,3.333333,1.156179,29,150,35,2,0.97716482,0.01251133,0.01264445,0E-8,0.000000,0.893710,0.075482,-0.00582929,2026-06-30,2026-08-06,16,997,296,38,0.421053,2.029941,1.023519,3.257216,,,,,,,,GLOBAL_BASELINE_NO_ENTITY_RANKING,,,NOT_APPLICABLE_GLOBAL_BASELINE,HF9g-P5,,,,X 全窗基线 · 不参与实体赏罚,6874587,688,A168_HF9F_20260827_0900,2026-08-27 09:00:00
2026-08-01,152220872,2256,0,103.0386293840,6.4651689024,6.4651689024,0.5833333,14,14,0.49707555714285714,0.497075557143,0.5976216258844418,0.597621625883451,0.5976216258844418,-1.4286E-13,ELIGIBLE,R03b_20260811_FULL_v1,L1_ELIGIBILITY,v2026-08-11,2026-03-21..2026-08-06,baccarat_bet02_101_all_pairs_incl_sentinel,round_win = game_pnl > 0 (decisive only),COMPATIBILITY_ONLY_NOT_PRODUCTION,13461.8174,12030.9580,168.4253,1921,1920,-0.01251133,-0.01264445,-0.00681516,-0.01251133,-168.4253,13461.8174,OK,0.0000,6.7370,4.0000,96.0000,AG03-UNRESOLVED,ALL5_LEVELS_bet23_to_bet27,6.7370,6.7370,6.7370,10.1055,10.1055,4.000000,4.000000,4.000000,6.000000,6.000000,96.000000,96.000000,96.000000,94.000000,94.000000,5.0,40.4221,36.7584,128.0032,131.6669,PENDING_AG03,FALSE,NOT_FOR_ENFORCEMENT,161.6883,11549.7197,168.4253,161.6883,6.7370,0.01251133,0.01201088,6.7370,161.6883,0.01201088,6.7370,6.7370,6.7370,10.1055,10.1055,161.6883,0.01201088,40.4221,36.7584,128.0032,131.6669,0.00950861,0.00978077,0.00050045,7.0077,6.2661,0.0877,10.5266,0.1689,841.3636,120.0000,7.1725,3.5334,4.0407,6.0611,8.1756,12.1222,16.1629,20.2037,6.0611,0.0,2.666667,3.333333,1.156179,29,150,35,2,0.97716482,0.01251133,0.01264445,0E-8,0.000000,0.893710,0.075482,-0.00582929,2026-06-30,2026-08-06,16,997,296,38,0.421053,2.029941,1.023519,3.257216,,,,,,,,GLOBAL_BASELINE_NO_ENTITY_RANKING,,,NOT_APPLICABLE_GLOBAL_BASELINE,HF9g-P5,,,,X 全窗基线 · 不参与实体赏罚,6874588,688,A168_HF9F_20260827_0900,2026-08-27 09:00:00
2026-08-01,152220872,2258,0,14.1425569743,-10.1018264102,-10.1018264102,0E-7,2,2,0.49994810000000000,0.499948100000,-0.9998962053866608,-0.9998962053866608,-0.9998962053866608,0E-17,ELIGIBLE,R03b_20260811_FULL_v1,L1_ELIGIBILITY,v2026-08-11,2026-03-21..2026-08-06,baccarat_bet02_101_all_pairs_incl_sentinel,round_win = game_pnl > 0 (decisive only),COMPATIBILITY_ONLY_NOT_PRODUCTION,13461.8174,12030.9580,168.4253,1921,1920,-0.01251133,-0.01264445,-0.00681516,-0.01251133,-168.4253,13461.8174,OK,0.0000,6.7370,4.0000,96.0000,AG03-UNRESOLVED,ALL5_LEVELS_bet23_to_bet27,6.7370,6.7370,6.7370,10.1055,10.1055,4.000000,4.000000,4.000000,6.000000,6.000000,96.000000,96.000000,96.000000,94.000000,94.000000,5.0,40.4221,36.7584,128.0032,131.6669,PENDING_AG03,FALSE,NOT_FOR_ENFORCEMENT,161.6883,11549.7197,168.4253,161.6883,6.7370,0.01251133,0.01201088,6.7370,161.6883,0.01201088,6.7370,6.7370,6.7370,10.1055,10.1055,161.6883,0.01201088,40.4221,36.7584,128.0032,131.6669,0.00950861,0.00978077,0.00050045,7.0077,6.2661,0.0877,10.5266,0.1689,841.3636,120.0000,7.1725,3.5334,4.0407,6.0611,8.1756,12.1222,16.1629,20.2037,6.0611,0.0,2.666667,3.333333,1.156179,29,150,35,2,0.97716482,0.01251133,0.01264445,0E-8,0.000000,0.893710,0.075482,-0.00582929,2026-06-30,2026-08-06,16,997,296,38,0.421053,2.029941,1.023519,3.257216,,,,,,,,GLOBAL_BASELINE_NO_ENTITY_RANKING,,,NOT_APPLICABLE_GLOBAL_BASELINE,HF9g-P5,,,,X 全窗基线 · 不参与实体赏罚,6874589,688,A168_HF9F_20260827_0900,2026-08-27 09:00:00
2026-08-01,152220872,2266,0,60.6109584611,2.9295296590,2.9295296590,0.4444444,9,9,0.50069283333333333,0.500692833333,-0.33749065733668826,-0.337490657334688,-0.33749065733668826,3.3333E-13,ELIGIBLE,R03b_20260811_FULL_v1,L1_ELIGIBILITY,v2026-08-11,2026-03-21..2026-08-06,baccarat_bet02_101_all_pairs_incl_sentinel,round_win = game_pnl > 0 (decisive only),COMPATIBILITY_ONLY_NOT_PRODUCTION,13461.8174,12030.9580,168.4253,1921,1920,-0.01251133,-0.01264445,-0.00681516,-0.01251133,-168.4253,13461.8174,OK,0.0000,6.7370,4.0000,96.0000,AG03-UNRESOLVED,ALL5_LEVELS_bet23_to_bet27,6.7370,6.7370,6.7370,10.1055,10.1055,4.000000,4.000000,4.000000,6.000000,6.000000,96.000000,96.000000,96.000000,94.000000,94.000000,5.0,40.4221,36.7584,128.0032,131.6669,PENDING_AG03,FALSE,NOT_FOR_ENFORCEMENT,161.6883,11549.7197,168.4253,161.6883,6.7370,0.01251133,0.01201088,6.7370,161.6883,0.01201088,6.7370,6.7370,6.7370,10.1055,10.1055,161.6883,0.01201088,40.4221,36.7584,128.0032,131.6669,0.00950861,0.00978077,0.00050045,7.0077,6.2661,0.0877,10.5266,0.1689,841.3636,120.0000,7.1725,3.5334,4.0407,6.0611,8.1756,12.1222,16.1629,20.2037,6.0611,0.0,2.666667,3.333333,1.156179,29,150,35,2,0.97716482,0.01251133,0.01264445,0E-8,0.000000,0.893710,0.075482,-0.00582929,2026-06-30,2026-08-06,16,997,296,38,0.421053,2.029941,1.023519,3.257216,,,,,,,,GLOBAL_BASELINE_NO_ENTITY_RANKING,,,NOT_APPLICABLE_GLOBAL_BASELINE,HF9g-P5,,,,X 全窗基线 · 不参与实体赏罚,6874590,688,A168_HF9F_20260827_0900,2026-08-27 09:00:00
2026-08-01,152220872,2271,0,16.1629222564,0E-10,0E-10,0.5000000,2,2,0.50665070000000000,0.506650700000,-0.018812684590367487,-0.018812684590367487,-0.018812684590367487,0E-17,ELIGIBLE,R03b_20260811_FULL_v1,L1_ELIGIBILITY,v2026-08-11,2026-03-21..2026-08-06,baccarat_bet02_101_all_pairs_incl_sentinel,round_win = game_pnl > 0 (decisive only),COMPATIBILITY_ONLY_NOT_PRODUCTION,13461.8174,12030.9580,168.4253,1921,1920,-0.01251133,-0.01264445,-0.00681516,-0.01251133,-168.4253,13461.8174,OK,0.0000,6.7370,4.0000,96.0000,AG03-UNRESOLVED,ALL5_LEVELS_bet23_to_bet27,6.7370,6.7370,6.7370,10.1055,10.1055,4.000000,4.000000,4.000000,6.000000,6.000000,96.000000,96.000000,96.000000,94.000000,94.000000,5.0,40.4221,36.7584,128.0032,131.6669,PENDING_AG03,FALSE,NOT_FOR_ENFORCEMENT,161.6883,11549.7197,168.4253,161.6883,6.7370,0.01251133,0.01201088,6.7370,161.6883,0.01201088,6.7370,6.7370,6.7370,10.1055,10.1055,161.6883,0.01201088,40.4221,36.7584,128.0032,131.6669,0.00950861,0.00978077,0.00050045,7.0077,6.2661,0.0877,10.5266,0.1689,841.3636,120.0000,7.1725,3.5334,4.0407,6.0611,8.1756,12.1222,16.1629,20.2037,6.0611,0.0,2.666667,3.333333,1.156179,29,150,35,2,0.97716482,0.01251133,0.01264445,0E-8,0.000000,0.893710,0.075482,-0.00582929,2026-06-30,2026-08-06,16,997,296,38,0.421053,2.029941,1.023519,3.257216,,,,,,,,GLOBAL_BASELINE_NO_ENTITY_RANKING,,,NOT_APPLICABLE_GLOBAL_BASELINE,HF9g-P5,,,,X 全窗基线 · 不参与实体赏罚,6874591,688,A168_HF9F_20260827_0900,2026-08-27 09:00:00
2026-08-01,152220872,2276,0,54.5498626152,-22.8301276872,-22.8301276872,0.3750000,8,8,0.50162375000000000,0.501623750000,-0.7162958754040458,-0.7162958754040458,-0.7162958754040458,0E-17,ELIGIBLE,R03b_20260811_FULL_v1,L1_ELIGIBILITY,v2026-08-11,2026-03-21..2026-08-06,baccarat_bet02_101_all_pairs_incl_sentinel,round_win = game_pnl > 0 (decisive only),COMPATIBILITY_ONLY_NOT_PRODUCTION,13461.8174,12030.9580,168.4253,1921,1920,-0.01251133,-0.01264445,-0.00681516,-0.01251133,-168.4253,13461.8174,OK,0.0000,6.7370,4.0000,96.0000,AG03-UNRESOLVED,ALL5_LEVELS_bet23_to_bet27,6.7370,6.7370,6.7370,10.1055,10.1055,4.000000,4.000000,4.000000,6.000000,6.000000,96.000000,96.000000,96.000000,94.000000,94.000000,5.0,40.4221,36.7584,128.0032,131.6669,PENDING_AG03,FALSE,NOT_FOR_ENFORCEMENT,161.6883,11549.7197,168.4253,161.6883,6.7370,0.01251133,0.01201088,6.7370,161.6883,0.01201088,6.7370,6.7370,6.7370,10.1055,10.1055,161.6883,0.01201088,40.4221,36.7584,128.0032,131.6669,0.00950861,0.00978077,0.00050045,7.0077,6.2661,0.0877,10.5266,0.1689,841.3636,120.0000,7.1725,3.5334,4.0407,6.0611,8.1756,12.1222,16.1629,20.2037,6.0611,0.0,2.666667,3.333333,1.156179,29,150,35,2,0.97716482,0.01251133,0.01264445,0E-8,0.000000,0.893710,0.075482,-0.00582929,2026-06-30,2026-08-06,16,997,296,38,0.421053,2.029941,1.023519,3.257216,,,,,,,,GLOBAL_BASELINE_NO_ENTITY_RANKING,,,NOT_APPLICABLE_GLOBAL_BASELINE,HF9g-P5,,,,X 全窗基线 · 不参与实体赏罚,6874592,688,A168_HF9F_20260827_0900,2026-08-27 09:00:00
2026-08-01,152220872,2280,0,64.2476159690,10.5058994667,10.5058994667,0.5000000,8,8,0.49659680000000000,0.496596800000,0.016672593186039534,0.016672593186039534,0.016672593186039534,0E-17,ELIGIBLE,R03b_20260811_FULL_v1,L1_ELIGIBILITY,v2026-08-11,2026-03-21..2026-08-06,baccarat_bet02_101_all_pairs_incl_sentinel,round_win = game_pnl > 0 (decisive only),COMPATIBILITY_ONLY_NOT_PRODUCTION,13461.8174,12030.9580,168.4253,1921,1920,-0.01251133,-0.01264445,-0.00681516,-0.01251133,-168.4253,13461.8174,OK,0.0000,6.7370,4.0000,96.0000,AG03-UNRESOLVED,ALL5_LEVELS_bet23_to_bet27,6.7370,6.7370,6.7370,10.1055,10.1055,4.000000,4.000000,4.000000,6.000000,6.000000,96.000000,96.000000,96.000000,94.000000,94.000000,5.0,40.4221,36.7584,128.0032,131.6669,PENDING_AG03,FALSE,NOT_FOR_ENFORCEMENT,161.6883,11549.7197,168.4253,161.6883,6.7370,0.01251133,0.01201088,6.7370,161.6883,0.01201088,6.7370,6.7370,6.7370,10.1055,10.1055,161.6883,0.01201088,40.4221,36.7584,128.0032,131.6669,0.00950861,0.00978077,0.00050045,7.0077,6.2661,0.0877,10.5266,0.1689,841.3636,120.0000,7.1725,3.5334,4.0407,6.0611,8.1756,12.1222,16.1629,20.2037,6.0611,0.0,2.666667,3.333333,1.156179,29,150,35,2,0.97716482,0.01251133,0.01264445,0E-8,0.000000,0.893710,0.075482,-0.00582929,2026-06-30,2026-08-06,16,997,296,38,0.421053,2.029941,1.023519,3.257216,,,,,,,,GLOBAL_BASELINE_NO_ENTITY_RANKING,,,NOT_APPLICABLE_GLOBAL_BASELINE,HF9g-P5,,,,X 全窗基线 · 不参与实体赏罚,6874593,688,A168_HF9F_20260827_0900,2026-08-27 09:00:00
2026-08-01,152220872,2281,0,50.5091320510,1.0101826410,1.0101826410,0.4285714,7,7,0.50473567142857143,0.504735671429,-0.403041368878626,-0.40304136888089725,-0.403041368878626,-4.2857E-13,ELIGIBLE,R03b_20260811_FULL_v1,L1_ELIGIBILITY,v2026-08-11,2026-03-21..2026-08-06,baccarat_bet02_101_all_pairs_incl_sentinel,round_win = game_pnl > 0 (decisive only),COMPATIBILITY_ONLY_NOT_PRODUCTION,13461.8174,12030.9580,168.4253,1921,1920,-0.01251133,-0.01264445,-0.00681516,-0.01251133,-168.4253,13461.8174,OK,0.0000,6.7370,4.0000,96.0000,AG03-UNRESOLVED,ALL5_LEVELS_bet23_to_bet27,6.7370,6.7370,6.7370,10.1055,10.1055,4.000000,4.000000,4.000000,6.000000,6.000000,96.000000,96.000000,96.000000,94.000000,94.000000,5.0,40.4221,36.7584,128.0032,131.6669,PENDING_AG03,FALSE,NOT_FOR_ENFORCEMENT,161.6883,11549.7197,168.4253,161.6883,6.7370,0.01251133,0.01201088,6.7370,161.6883,0.01201088,6.7370,6.7370,6.7370,10.1055,10.1055,161.6883,0.01201088,40.4221,36.7584,128.0032,131.6669,0.00950861,0.00978077,0.00050045,7.0077,6.2661,0.0877,10.5266,0.1689,841.3636,120.0000,7.1725,3.5334,4.0407,6.0611,8.1756,12.1222,16.1629,20.2037,6.0611,0.0,2.666667,3.333333,1.156179,29,150,35,2,0.97716482,0.01251133,0.01264445,0E-8,0.000000,0.893710,0.075482,-0.00582929,2026-06-30,2026-08-06,16,997,296,38,0.421053,2.029941,1.023519,3.257216,,,,,,,,GLOBAL_BASELINE_NO_ENTITY_RANKING,,,NOT_APPLICABLE_GLOBAL_BASELINE,HF9g-P5,,,,X 全窗基线 · 不参与实体赏罚,6874594,688,A168_HF9F_20260827_0900,2026-08-27 09:00:00
2026-08-01,152220872,2287,0,109.0997252303,-12.6272830128,-12.6272830128,0.3076923,13,13,0.49943251538461538,0.499432515385,-1.3826591913455295,-1.3826591913483017,-1.3826591913455295,-3.8462E-13,ELIGIBLE,R03b_20260811_FULL_v1,L1_ELIGIBILITY,v2026-08-11,2026-03-21..2026-08-06,baccarat_bet02_101_all_pairs_incl_sentinel,round_win = game_pnl > 0 (decisive only),COMPATIBILITY_ONLY_NOT_PRODUCTION,13461.8174,12030.9580,168.4253,1921,1920,-0.01251133,-0.01264445,-0.00681516,-0.01251133,-168.4253,13461.8174,OK,0.0000,6.7370,4.0000,96.0000,AG03-UNRESOLVED,ALL5_LEVELS_bet23_to_bet27,6.7370,6.7370,6.7370,10.1055,10.1055,4.000000,4.000000,4.000000,6.000000,6.000000,96.000000,96.000000,96.000000,94.000000,94.000000,5.0,40.4221,36.7584,128.0032,131.6669,PENDING_AG03,FALSE,NOT_FOR_ENFORCEMENT,161.6883,11549.7197,168.4253,161.6883,6.7370,0.01251133,0.01201088,6.7370,161.6883,0.01201088,6.7370,6.7370,6.7370,10.1055,10.1055,161.6883,0.01201088,40.4221,36.7584,128.0032,131.6669,0.00950861,0.00978077,0.00050045,7.0077,6.2661,0.0877,10.5266,0.1689,841.3636,120.0000,7.1725,3.5334,4.0407,6.0611,8.1756,12.1222,16.1629,20.2037,6.0611,0.0,2.666667,3.333333,1.156179,29,150,35,2,0.97716482,0.01251133,0.01264445,0E-8,0.000000,0.893710,0.075482,-0.00582929,2026-06-30,2026-08-06,16,997,296,38,0.421053,2.029941,1.023519,3.257216,,,,,,,,GLOBAL_BASELINE_NO_ENTITY_RANKING,,,NOT_APPLICABLE_GLOBAL_BASELINE,HF9g-P5,,,,X 全窗基线 · 不参与实体赏罚,6874595,688,A168_HF9F_20260827_0900,2026-08-27 09:00:00
2026-08-01,152220872,2289,0,40.4073056408,-4.6468401487,-4.6468401487,0.5000000,4,4,0.50665070000000000,0.506650700000,-0.02660515369234503,-0.02660515369234503,-0.02660515369234503,0E-17,ELIGIBLE,R03b_20260811_FULL_v1,L1_ELIGIBILITY,v2026-08-11,2026-03-21..2026-08-06,baccarat_bet02_101_all_pairs_incl_sentinel,round_win = game_pnl > 0 (decisive only),COMPATIBILITY_ONLY_NOT_PRODUCTION,13461.8174,12030.9580,168.4253,1921,1920,-0.01251133,-0.01264445,-0.00681516,-0.01251133,-168.4253,13461.8174,OK,0.0000,6.7370,4.0000,96.0000,AG03-UNRESOLVED,ALL5_LEVELS_bet23_to_bet27,6.7370,6.7370,6.7370,10.1055,10.1055,4.000000,4.000000,4.000000,6.000000,6.000000,96.000000,96.000000,96.000000,94.000000,94.000000,5.0,40.4221,36.7584,128.0032,131.6669,PENDING_AG03,FALSE,NOT_FOR_ENFORCEMENT,161.6883,11549.7197,168.4253,161.6883,6.7370,0.01251133,0.01201088,6.7370,161.6883,0.01201088,6.7370,6.7370,6.7370,10.1055,10.1055,161.6883,0.01201088,40.4221,36.7584,128.0032,131.6669,0.00950861,0.00978077,0.00050045,7.0077,6.2661,0.0877,10.5266,0.1689,841.3636,120.0000,7.1725,3.5334,4.0407,6.0611,8.1756,12.1222,16.1629,20.2037,6.0611,0.0,2.666667,3.333333,1.156179,29,150,35,2,0.97716482,0.01251133,0.01264445,0E-8,0.000000,0.893710,0.075482,-0.00582929,2026-06-30,2026-08-06,16,997,296,38,0.421053,2.029941,1.023519,3.257216,,,,,,,,GLOBAL_BASELINE_NO_ENTITY_RANKING,,,NOT_APPLICABLE_GLOBAL_BASELINE,HF9g-P5,,,,X 全窗基线 · 不参与实体赏罚,6874596,688,A168_HF9F_20260827_0900,2026-08-27 09:00:00
2026-08-01,152220872,462,0,18.1832875383,-8.2834976563,-8.2834976563,0.2500000,5,5,0.50128862000000000,0.501288620000,-1.0051578182180947,-1.0051578182180947,-1.0051578182180947,0E-17,ELIGIBLE,R03b_20260811_FULL_v1,L1_ELIGIBILITY,v2026-08-11,2026-03-21..2026-08-06,baccarat_bet02_101_all_pairs_incl_sentinel,round_win = game_pnl > 0 (decisive only),COMPATIBILITY_ONLY_NOT_PRODUCTION,13461.8174,12030.9580,168.4253,1921,1920,-0.01251133,-0.01264445,-0.00681516,-0.01251133,-168.4253,13461.8174,OK,0.0000,6.7370,4.0000,96.0000,AG03-UNRESOLVED,ALL5_LEVELS_bet23_to_bet27,6.7370,6.7370,6.7370,10.1055,10.1055,4.000000,4.000000,4.000000,6.000000,6.000000,96.000000,96.000000,96.000000,94.000000,94.000000,5.0,40.4221,36.7584,128.0032,131.6669,PENDING_AG03,FALSE,NOT_FOR_ENFORCEMENT,161.6883,11549.7197,168.4253,161.6883,6.7370,0.01251133,0.01201088,6.7370,161.6883,0.01201088,6.7370,6.7370,6.7370,10.1055,10.1055,161.6883,0.01201088,40.4221,36.7584,128.0032,131.6669,0.00950861,0.00978077,0.00050045,7.0077,6.2661,0.0877,10.5266,0.1689,841.3636,120.0000,7.1725,3.5334,4.0407,6.0611,8.1756,12.1222,16.1629,20.2037,6.0611,0.0,2.666667,3.333333,1.156179,29,150,35,2,0.97716482,0.01251133,0.01264445,0E-8,0.000000,0.893710,0.075482,-0.00582929,2026-06-30,2026-08-06,16,997,296,38,0.421053,2.029941,1.023519,3.257216,,,,,,,,GLOBAL_BASELINE_NO_ENTITY_RANKING,,,NOT_APPLICABLE_GLOBAL_BASELINE,HF9g-P5,,,,X 全窗基线 · 不参与实体赏罚,6874597,688,A168_HF9F_20260827_0900,2026-08-27 09:00:00
2026-08-01,152220872,471,0,12.1221916923,-12.1221916923,-12.1221916923,0E-7,2,2,0.50665070000000000,0.506650700000,-1.4331513700195317,-1.4331513700195317,-1.4331513700195317,0E-17,ELIGIBLE,R03b_20260811_FULL_v1,L1_ELIGIBILITY,v2026-08-11,2026-03-21..2026-08-06,baccarat_bet02_101_all_pairs_incl_sentinel,round_win = game_pnl > 0 (decisive only),COMPATIBILITY_ONLY_NOT_PRODUCTION,13461.8174,12030.9580,168.4253,1921,1920,-0.01251133,-0.01264445,-0.00681516,-0.01251133,-168.4253,13461.8174,OK,0.0000,6.7370,4.0000,96.0000,AG03-UNRESOLVED,ALL5_LEVELS_bet23_to_bet27,6.7370,6.7370,6.7370,10.1055,10.1055,4.000000,4.000000,4.000000,6.000000,6.000000,96.000000,96.000000,96.000000,94.000000,94.000000,5.0,40.4221,36.7584,128.0032,131.6669,PENDING_AG03,FALSE,NOT_FOR_ENFORCEMENT,161.6883,11549.7197,168.4253,161.6883,6.7370,0.01251133,0.01201088,6.7370,161.6883,0.01201088,6.7370,6.7370,6.7370,10.1055,10.1055,161.6883,0.01201088,40.4221,36.7584,128.0032,131.6669,0.00950861,0.00978077,0.00050045,7.0077,6.2661,0.0877,10.5266,0.1689,841.3636,120.0000,7.1725,3.5334,4.0407,6.0611,8.1756,12.1222,16.1629,20.2037,6.0611,0.0,2.666667,3.333333,1.156179,29,150,35,2,0.97716482,0.01251133,0.01264445,0E-8,0.000000,0.893710,0.075482,-0.00582929,2026-06-30,2026-08-06,16,997,296,38,0.421053,2.029941,1.023519,3.257216,,,,,,,,GLOBAL_BASELINE_NO_ENTITY_RANKING,,,NOT_APPLICABLE_GLOBAL_BASELINE,HF9g-P5,,,,X 全窗基线 · 不参与实体赏罚,6874598,688,A168_HF9F_20260827_0900,2026-08-27 09:00:00
2026-08-01,152220872,526,0,14.1425569743,1.6162922257,1.6162922257,0.5000000,2,2,0.50665070000000000,0.506650700000,-0.018812684590367487,-0.018812684590367487,-0.018812684590367487,0E-17,ELIGIBLE,R03b_20260811_FULL_v1,L1_ELIGIBILITY,v2026-08-11,2026-03-21..2026-08-06,baccarat_bet02_101_all_pairs_incl_sentinel,round_win = game_pnl > 0 (decisive only),COMPATIBILITY_ONLY_NOT_PRODUCTION,13461.8174,12030.9580,168.4253,1921,1920,-0.01251133,-0.01264445,-0.00681516,-0.01251133,-168.4253,13461.8174,OK,0.0000,6.7370,4.0000,96.0000,AG03-UNRESOLVED,ALL5_LEVELS_bet23_to_bet27,6.7370,6.7370,6.7370,10.1055,10.1055,4.000000,4.000000,4.000000,6.000000,6.000000,96.000000,96.000000,96.000000,94.000000,94.000000,5.0,40.4221,36.7584,128.0032,131.6669,PENDING_AG03,FALSE,NOT_FOR_ENFORCEMENT,161.6883,11549.7197,168.4253,161.6883,6.7370,0.01251133,0.01201088,6.7370,161.6883,0.01201088,6.7370,6.7370,6.7370,10.1055,10.1055,161.6883,0.01201088,40.4221,36.7584,128.0032,131.6669,0.00950861,0.00978077,0.00050045,7.0077,6.2661,0.0877,10.5266,0.1689,841.3636,120.0000,7.1725,3.5334,4.0407,6.0611,8.1756,12.1222,16.1629,20.2037,6.0611,0.0,2.666667,3.333333,1.156179,29,150,35,2,0.97716482,0.01251133,0.01264445,0E-8,0.000000,0.893710,0.075482,-0.00582929,2026-06-30,2026-08-06,16,997,296,38,0.421053,2.029941,1.023519,3.257216,,,,,,,,GLOBAL_BASELINE_NO_ENTITY_RANKING,,,NOT_APPLICABLE_GLOBAL_BASELINE,HF9g-P5,,,,X 全窗基线 · 不参与实体赏罚,6874599,688,A168_HF9F_20260827_0900,2026-08-27 09:00:00
2026-08-01,152220872,529,0,44.4480362049,10.7079359949,10.7079359949,0.6666667,3,3,0.50218230000000000,0.502182300000,0.5697959874915163,0.5697959874915164,0.5697959874915163,0E-17,ELIGIBLE,R03b_20260811_FULL_v1,L1_ELIGIBILITY,v2026-08-11,2026-03-21..2026-08-06,baccarat_bet02_101_all_pairs_incl_sentinel,round_win = game_pnl > 0 (decisive only),COMPATIBILITY_ONLY_NOT_PRODUCTION,13461.8174,12030.9580,168.4253,1921,1920,-0.01251133,-0.01264445,-0.00681516,-0.01251133,-168.4253,13461.8174,OK,0.0000,6.7370,4.0000,96.0000,AG03-UNRESOLVED,ALL5_LEVELS_bet23_to_bet27,6.7370,6.7370,6.7370,10.1055,10.1055,4.000000,4.000000,4.000000,6.000000,6.000000,96.000000,96.000000,96.000000,94.000000,94.000000,5.0,40.4221,36.7584,128.0032,131.6669,PENDING_AG03,FALSE,NOT_FOR_ENFORCEMENT,161.6883,11549.7197,168.4253,161.6883,6.7370,0.01251133,0.01201088,6.7370,161.6883,0.01201088,6.7370,6.7370,6.7370,10.1055,10.1055,161.6883,0.01201088,40.4221,36.7584,128.0032,131.6669,0.00950861,0.00978077,0.00050045,7.0077,6.2661,0.0877,10.5266,0.1689,841.3636,120.0000,7.1725,3.5334,4.0407,6.0611,8.1756,12.1222,16.1629,20.2037,6.0611,0.0,2.666667,3.333333,1.156179,29,150,35,2,0.97716482,0.01251133,0.01264445,0E-8,0.000000,0.893710,0.075482,-0.00582929,2026-06-30,2026-08-06,16,997,296,38,0.421053,2.029941,1.023519,3.257216,,,,,,,,GLOBAL_BASELINE_NO_ENTITY_RANKING,,,NOT_APPLICABLE_GLOBAL_BASELINE,HF9g-P5,,,,X 全窗基线 · 不参与实体赏罚,6874600,688,A168_HF9F_20260827_0900,2026-08-27 09:00:00
2026-08-01,152220872,550,0,18.1832875384,-18.1832875384,-18.1832875384,0E-7,1,1,0.49324550000000000,0.493245500000,-0.9865810262130424,-0.9865810262130424,-0.9865810262130424,0E-17,ELIGIBLE,R03b_20260811_FULL_v1,L1_ELIGIBILITY,v2026-08-11,2026-03-21..2026-08-06,baccarat_bet02_101_all_pairs_incl_sentinel,round_win = game_pnl > 0 (decisive only),COMPATIBILITY_ONLY_NOT_PRODUCTION,13461.8174,12030.9580,168.4253,1921,1920,-0.01251133,-0.01264445,-0.00681516,-0.01251133,-168.4253,13461.8174,OK,0.0000,6.7370,4.0000,96.0000,AG03-UNRESOLVED,ALL5_LEVELS_bet23_to_bet27,6.7370,6.7370,6.7370,10.1055,10.1055,4.000000,4.000000,4.000000,6.000000,6.000000,96.000000,96.000000,96.000000,94.000000,94.000000,5.0,40.4221,36.7584,128.0032,131.6669,PENDING_AG03,FALSE,NOT_FOR_ENFORCEMENT,161.6883,11549.7197,168.4253,161.6883,6.7370,0.01251133,0.01201088,6.7370,161.6883,0.01201088,6.7370,6.7370,6.7370,10.1055,10.1055,161.6883,0.01201088,40.4221,36.7584,128.0032,131.6669,0.00950861,0.00978077,0.00050045,7.0077,6.2661,0.0877,10.5266,0.1689,841.3636,120.0000,7.1725,3.5334,4.0407,6.0611,8.1756,12.1222,16.1629,20.2037,6.0611,0.0,2.666667,3.333333,1.156179,29,150,35,2,0.97716482,0.01251133,0.01264445,0E-8,0.000000,0.893710,0.075482,-0.00582929,2026-06-30,2026-08-06,16,997,296,38,0.421053,2.029941,1.023519,3.257216,,,,,,,,GLOBAL_BASELINE_NO_ENTITY_RANKING,,,NOT_APPLICABLE_GLOBAL_BASELINE,HF9g-P5,,,,X 全窗基线 · 不参与实体赏罚,6874601,688,A168_HF9F_20260827_0900,2026-08-27 09:00:00
2026-08-01,152220872,583,0,20.2036528204,3.7376757717,3.7376757717,0.5000000,4,4,0.49994810000000000,0.499948100000,0.00020760000111838688,0.00020760000111838688,0.00020760000111838688,0E-17,ELIGIBLE,R03b_20260811_FULL_v1,L1_ELIGIBILITY,v2026-08-11,2026-03-21..2026-08-06,baccarat_bet02_101_all_pairs_incl_sentinel,round_win = game_pnl > 0 (decisive only),COMPATIBILITY_ONLY_NOT_PRODUCTION,13461.8174,12030.9580,168.4253,1921,1920,-0.01251133,-0.01264445,-0.00681516,-0.01251133,-168.4253,13461.8174,OK,0.0000,6.7370,4.0000,96.0000,AG03-UNRESOLVED,ALL5_LEVELS_bet23_to_bet27,6.7370,6.7370,6.7370,10.1055,10.1055,4.000000,4.000000,4.000000,6.000000,6.000000,96.000000,96.000000,96.000000,94.000000,94.000000,5.0,40.4221,36.7584,128.0032,131.6669,PENDING_AG03,FALSE,NOT_FOR_ENFORCEMENT,161.6883,11549.7197,168.4253,161.6883,6.7370,0.01251133,0.01201088,6.7370,161.6883,0.01201088,6.7370,6.7370,6.7370,10.1055,10.1055,161.6883,0.01201088,40.4221,36.7584,128.0032,131.6669,0.00950861,0.00978077,0.00050045,7.0077,6.2661,0.0877,10.5266,0.1689,841.3636,120.0000,7.1725,3.5334,4.0407,6.0611,8.1756,12.1222,16.1629,20.2037,6.0611,0.0,2.666667,3.333333,1.156179,29,150,35,2,0.97716482,0.01251133,0.01264445,0E-8,0.000000,0.893710,0.075482,-0.00582929,2026-06-30,2026-08-06,16,997,296,38,0.421053,2.029941,1.023519,3.257216,,,,,,,,GLOBAL_BASELINE_NO_ENTITY_RANKING,,,NOT_APPLICABLE_GLOBAL_BASELINE,HF9g-P5,,,,X 全窗基线 · 不参与实体赏罚,6874602,688,A168_HF9F_20260827_0900,2026-08-27 09:00:00
2026-08-01,152220872,752,0,58.5905931793,-2.0203652819,-2.0203652819,0.5000000,10,10,0.49592654000000000,0.495926540000,0.025763678126724022,0.025763678126724022,0.025763678126724022,0E-17,ELIGIBLE,R03b_20260811_FULL_v1,L1_ELIGIBILITY,v2026-08-11,2026-03-21..2026-08-06,baccarat_bet02_101_all_pairs_incl_sentinel,round_win = game_pnl > 0 (decisive only),COMPATIBILITY_ONLY_NOT_PRODUCTION,13461.8174,12030.9580,168.4253,1921,1920,-0.01251133,-0.01264445,-0.00681516,-0.01251133,-168.4253,13461.8174,OK,0.0000,6.7370,4.0000,96.0000,AG03-UNRESOLVED,ALL5_LEVELS_bet23_to_bet27,6.7370,6.7370,6.7370,10.1055,10.1055,4.000000,4.000000,4.000000,6.000000,6.000000,96.000000,96.000000,96.000000,94.000000,94.000000,5.0,40.4221,36.7584,128.0032,131.6669,PENDING_AG03,FALSE,NOT_FOR_ENFORCEMENT,161.6883,11549.7197,168.4253,161.6883,6.7370,0.01251133,0.01201088,6.7370,161.6883,0.01201088,6.7370,6.7370,6.7370,10.1055,10.1055,161.6883,0.01201088,40.4221,36.7584,128.0032,131.6669,0.00950861,0.00978077,0.00050045,7.0077,6.2661,0.0877,10.5266,0.1689,841.3636,120.0000,7.1725,3.5334,4.0407,6.0611,8.1756,12.1222,16.1629,20.2037,6.0611,0.0,2.666667,3.333333,1.156179,29,150,35,2,0.97716482,0.01251133,0.01264445,0E-8,0.000000,0.893710,0.075482,-0.00582929,2026-06-30,2026-08-06,16,997,296,38,0.421053,2.029941,1.023519,3.257216,,,,,,,,GLOBAL_BASELINE_NO_ENTITY_RANKING,,,NOT_APPLICABLE_GLOBAL_BASELINE,HF9g-P5,,,,X 全窗基线 · 不参与实体赏罚,6874603,688,A168_HF9F_20260827_0900,2026-08-27 09:00:00
2026-08-01,152220872,763,0,58.5905931792,33.8411184742,33.8411184742,0.7142857,8,8,0.49827245000000000,0.498272450000,1.14304157705577,1.14304157705577,1.14304157705577,0E-17,ELIGIBLE,R03b_20260811_FULL_v1,L1_ELIGIBILITY,v2026-08-11,2026-03-21..2026-08-06,baccarat_bet02_101_all_pairs_incl_sentinel,round_win = game_pnl > 0 (decisive only),COMPATIBILITY_ONLY_NOT_PRODUCTION,13461.8174,12030.9580,168.4253,1921,1920,-0.01251133,-0.01264445,-0.00681516,-0.01251133,-168.4253,13461.8174,OK,0.0000,6.7370,4.0000,96.0000,AG03-UNRESOLVED,ALL5_LEVELS_bet23_to_bet27,6.7370,6.7370,6.7370,10.1055,10.1055,4.000000,4.000000,4.000000,6.000000,6.000000,96.000000,96.000000,96.000000,94.000000,94.000000,5.0,40.4221,36.7584,128.0032,131.6669,PENDING_AG03,FALSE,NOT_FOR_ENFORCEMENT,161.6883,11549.7197,168.4253,161.6883,6.7370,0.01251133,0.01201088,6.7370,161.6883,0.01201088,6.7370,6.7370,6.7370,10.1055,10.1055,161.6883,0.01201088,40.4221,36.7584,128.0032,131.6669,0.00950861,0.00978077,0.00050045,7.0077,6.2661,0.0877,10.5266,0.1689,841.3636,120.0000,7.1725,3.5334,4.0407,6.0611,8.1756,12.1222,16.1629,20.2037,6.0611,0.0,2.666667,3.333333,1.156179,29,150,35,2,0.97716482,0.01251133,0.01264445,0E-8,0.000000,0.893710,0.075482,-0.00582929,2026-06-30,2026-08-06,16,997,296,38,0.421053,2.029941,1.023519,3.257216,,,,,,,,GLOBAL_BASELINE_NO_ENTITY_RANKING,,,NOT_APPLICABLE_GLOBAL_BASELINE,HF9g-P5,,,,X 全窗基线 · 不参与实体赏罚,6874604,688,A168_HF9F_20260827_0900,2026-08-27 09:00:00
2026-08-01,152220872,789,0,29.6993696460,17.4054469048,17.4054469048,0.6666667,3,3,0.49771390000000000,0.497713900000,0.5852756695216578,0.5852756695216578,0.5852756695216578,0E-17,ELIGIBLE,R03b_20260811_FULL_v1,L1_ELIGIBILITY,v2026-08-11,2026-03-21..2026-08-06,baccarat_bet02_101_all_pairs_incl_sentinel,round_win = game_pnl > 0 (decisive only),COMPATIBILITY_ONLY_NOT_PRODUCTION,13461.8174,12030.9580,168.4253,1921,1920,-0.01251133,-0.01264445,-0.00681516,-0.01251133,-168.4253,13461.8174,OK,0.0000,6.7370,4.0000,96.0000,AG03-UNRESOLVED,ALL5_LEVELS_bet23_to_bet27,6.7370,6.7370,6.7370,10.1055,10.1055,4.000000,4.000000,4.000000,6.000000,6.000000,96.000000,96.000000,96.000000,94.000000,94.000000,5.0,40.4221,36.7584,128.0032,131.6669,PENDING_AG03,FALSE,NOT_FOR_ENFORCEMENT,161.6883,11549.7197,168.4253,161.6883,6.7370,0.01251133,0.01201088,6.7370,161.6883,0.01201088,6.7370,6.7370,6.7370,10.1055,10.1055,161.6883,0.01201088,40.4221,36.7584,128.0032,131.6669,0.00950861,0.00978077,0.00050045,7.0077,6.2661,0.0877,10.5266,0.1689,841.3636,120.0000,7.1725,3.5334,4.0407,6.0611,8.1756,12.1222,16.1629,20.2037,6.0611,0.0,2.666667,3.333333,1.156179,29,150,35,2,0.97716482,0.01251133,0.01264445,0E-8,0.000000,0.893710,0.075482,-0.00582929,2026-06-30,2026-08-06,16,997,296,38,0.421053,2.029941,1.023519,3.257216,,,,,,,,GLOBAL_BASELINE_NO_ENTITY_RANKING,,,NOT_APPLICABLE_GLOBAL_BASELINE,HF9g-P5,,,,X 全窗基线 · 不参与实体赏罚,6874605,688,A168_HF9F_20260827_0900,2026-08-27 09:00:00
2026-08-01,152220872,919,0,60.6109584612,19.9005980281,19.9005980281,0.6250000,8,8,0.49827245000000000,0.498272450000,0.7168835587341966,0.7168835587341966,0.7168835587341966,0E-17,ELIGIBLE,R03b_20260811_FULL_v1,L1_ELIGIBILITY,v2026-08-11,2026-03-21..2026-08-06,baccarat_bet02_101_all_pairs_incl_sentinel,round_win = game_pnl > 0 (decisive only),COMPATIBILITY_ONLY_NOT_PRODUCTION,13461.8174,12030.9580,168.4253,1921,1920,-0.01251133,-0.01264445,-0.00681516,-0.01251133,-168.4253,13461.8174,OK,0.0000,6.7370,4.0000,96.0000,AG03-UNRESOLVED,ALL5_LEVELS_bet23_to_bet27,6.7370,6.7370,6.7370,10.1055,10.1055,4.000000,4.000000,4.000000,6.000000,6.000000,96.000000,96.000000,96.000000,94.000000,94.000000,5.0,40.4221,36.7584,128.0032,131.6669,PENDING_AG03,FALSE,NOT_FOR_ENFORCEMENT,161.6883,11549.7197,168.4253,161.6883,6.7370,0.01251133,0.01201088,6.7370,161.6883,0.01201088,6.7370,6.7370,6.7370,10.1055,10.1055,161.6883,0.01201088,40.4221,36.7584,128.0032,131.6669,0.00950861,0.00978077,0.00050045,7.0077,6.2661,0.0877,10.5266,0.1689,841.3636,120.0000,7.1725,3.5334,4.0407,6.0611,8.1756,12.1222,16.1629,20.2037,6.0611,0.0,2.666667,3.333333,1.156179,29,150,35,2,0.97716482,0.01251133,0.01264445,0E-8,0.000000,0.893710,0.075482,-0.00582929,2026-06-30,2026-08-06,16,997,296,38,0.421053,2.029941,1.023519,3.257216,,,,,,,,GLOBAL_BASELINE_NO_ENTITY_RANKING,,,NOT_APPLICABLE_GLOBAL_BASELINE,HF9g-P5,,,,X 全窗基线 · 不参与实体赏罚,6874606,688,A168_HF9F_20260827_0900,2026-08-27 09:00:00
2026-08-01,152220872,948,0,64.6516890255,-16.6680135770,-16.6680135770,0.4444444,9,9,0.49771390000000000,0.497713900000,-0.3196200741816709,-0.3196200741816709,-0.3196200741816709,0E-17,ELIGIBLE,R03b_20260811_FULL_v1,L1_ELIGIBILITY,v2026-08-11,2026-03-21..2026-08-06,baccarat_bet02_101_all_pairs_incl_sentinel,round_win = game_pnl > 0 (decisive only),COMPATIBILITY_ONLY_NOT_PRODUCTION,13461.8174,12030.9580,168.4253,1921,1920,-0.01251133,-0.01264445,-0.00681516,-0.01251133,-168.4253,13461.8174,OK,0.0000,6.7370,4.0000,96.0000,AG03-UNRESOLVED,ALL5_LEVELS_bet23_to_bet27,6.7370,6.7370,6.7370,10.1055,10.1055,4.000000,4.000000,4.000000,6.000000,6.000000,96.000000,96.000000,96.000000,94.000000,94.000000,5.0,40.4221,36.7584,128.0032,131.6669,PENDING_AG03,FALSE,NOT_FOR_ENFORCEMENT,161.6883,11549.7197,168.4253,161.6883,6.7370,0.01251133,0.01201088,6.7370,161.6883,0.01201088,6.7370,6.7370,6.7370,10.1055,10.1055,161.6883,0.01201088,40.4221,36.7584,128.0032,131.6669,0.00950861,0.00978077,0.00050045,7.0077,6.2661,0.0877,10.5266,0.1689,841.3636,120.0000,7.1725,3.5334,4.0407,6.0611,8.1756,12.1222,16.1629,20.2037,6.0611,0.0,2.666667,3.333333,1.156179,29,150,35,2,0.97716482,0.01251133,0.01264445,0E-8,0.000000,0.893710,0.075482,-0.00582929,2026-06-30,2026-08-06,16,997,296,38,0.421053,2.029941,1.023519,3.257216,,,,,,,,GLOBAL_BASELINE_NO_ENTITY_RANKING,,,NOT_APPLICABLE_GLOBAL_BASELINE,HF9g-P5,,,,X 全窗基线 · 不参与实体赏罚,6874607,688,A168_HF9F_20260827_0900,2026-08-27 09:00:00
2026-08-01,152220872,987,0,103.0386293841,32.2248262485,32.2248262485,0.5555556,10,10,0.50396966000000000,0.503969660000,0.3095251286051437,0.30952512860514364,0.3095251286051437,0E-17,ELIGIBLE,R03b_20260811_FULL_v1,L1_ELIGIBILITY,v2026-08-11,2026-03-21..2026-08-06,baccarat_bet02_101_all_pairs_incl_sentinel,round_win = game_pnl > 0 (decisive only),COMPATIBILITY_ONLY_NOT_PRODUCTION,13461.8174,12030.9580,168.4253,1921,1920,-0.01251133,-0.01264445,-0.00681516,-0.01251133,-168.4253,13461.8174,OK,0.0000,6.7370,4.0000,96.0000,AG03-UNRESOLVED,ALL5_LEVELS_bet23_to_bet27,6.7370,6.7370,6.7370,10.1055,10.1055,4.000000,4.000000,4.000000,6.000000,6.000000,96.000000,96.000000,96.000000,94.000000,94.000000,5.0,40.4221,36.7584,128.0032,131.6669,PENDING_AG03,FALSE,NOT_FOR_ENFORCEMENT,161.6883,11549.7197,168.4253,161.6883,6.7370,0.01251133,0.01201088,6.7370,161.6883,0.01201088,6.7370,6.7370,6.7370,10.1055,10.1055,161.6883,0.01201088,40.4221,36.7584,128.0032,131.6669,0.00950861,0.00978077,0.00050045,7.0077,6.2661,0.0877,10.5266,0.1689,841.3636,120.0000,7.1725,3.5334,4.0407,6.0611,8.1756,12.1222,16.1629,20.2037,6.0611,0.0,2.666667,3.333333,1.156179,29,150,35,2,0.97716482,0.01251133,0.01264445,0E-8,0.000000,0.893710,0.075482,-0.00582929,2026-06-30,2026-08-06,16,997,296,38,0.421053,2.029941,1.023519,3.257216,,,,,,,,GLOBAL_BASELINE_NO_ENTITY_RANKING,,,NOT_APPLICABLE_GLOBAL_BASELINE,HF9g-P5,,,,X 全窗基线 · 不参与实体赏罚,6874608,688,A168_HF9F_20260827_0900,2026-08-27 09:00:00
2026-08-02,152220872,-1,1,161.6292225638,-45.3572005819,-45.3572005819,0.3478261,27,27,0.50019634444444444,0.500196344444,-1.4614842808354884,-1.461484280831225,-1.4614842808354884,4.4444E-13,SENTINEL_DEALER,R03b_20260811_FULL_v1,L1_ELIGIBILITY,v2026-08-11,2026-03-21..2026-08-06,baccarat_bet02_101_all_pairs_incl_sentinel,round_win = game_pnl > 0 (decisive only),COMPATIBILITY_ONLY_NOT_PRODUCTION,13461.8174,12030.9580,168.4253,1921,1920,-0.01251133,-0.01264445,-0.00681516,-0.01251133,-168.4253,13461.8174,OK,0.0000,6.7370,4.0000,96.0000,AG03-UNRESOLVED,ALL5_LEVELS_bet23_to_bet27,6.7370,6.7370,6.7370,10.1055,10.1055,4.000000,4.000000,4.000000,6.000000,6.000000,96.000000,96.000000,96.000000,94.000000,94.000000,5.0,40.4221,36.7584,128.0032,131.6669,PENDING_AG03,FALSE,NOT_FOR_ENFORCEMENT,161.6883,11549.7197,168.4253,161.6883,6.7370,0.01251133,0.01201088,6.7370,161.6883,0.01201088,6.7370,6.7370,6.7370,10.1055,10.1055,161.6883,0.01201088,40.4221,36.7584,128.0032,131.6669,0.00950861,0.00978077,0.00050045,7.0077,6.2661,0.0877,10.5266,0.1689,841.3636,120.0000,7.1725,3.5334,4.0407,6.0611,8.1756,12.1222,16.1629,20.2037,6.0611,0.0,2.666667,3.333333,1.156179,29,150,35,2,0.97716482,0.01251133,0.01264445,0E-8,0.000000,0.893710,0.075482,-0.00582929,2026-06-30,2026-08-06,16,997,296,38,0.421053,2.029941,1.023519,3.257216,,,,,,,,GLOBAL_BASELINE_NO_ENTITY_RANKING,,,NOT_APPLICABLE_GLOBAL_BASELINE,HF9g-P5,,,,X 全窗基线 · 不参与实体赏罚,6874609,688,A168_HF9F_20260827_0900,2026-08-27 09:00:00
2026-08-02,152220872,1157,0,8.0814611282,-4.0407305641,-4.0407305641,0E-7,2,2,0.49994810000000000,0.499948100000,-0.9998962053866608,-0.9998962053866608,-0.9998962053866608,0E-17,ELIGIBLE,R03b_20260811_FULL_v1,L1_ELIGIBILITY,v2026-08-11,2026-03-21..2026-08-06,baccarat_bet02_101_all_pairs_incl_sentinel,round_win = game_pnl > 0 (decisive only),COMPATIBILITY_ONLY_NOT_PRODUCTION,13461.8174,12030.9580,168.4253,1921,1920,-0.01251133,-0.01264445,-0.00681516,-0.01251133,-168.4253,13461.8174,OK,0.0000,6.7370,4.0000,96.0000,AG03-UNRESOLVED,ALL5_LEVELS_bet23_to_bet27,6.7370,6.7370,6.7370,10.1055,10.1055,4.000000,4.000000,4.000000,6.000000,6.000000,96.000000,96.000000,96.000000,94.000000,94.000000,5.0,40.4221,36.7584,128.0032,131.6669,PENDING_AG03,FALSE,NOT_FOR_ENFORCEMENT,161.6883,11549.7197,168.4253,161.6883,6.7370,0.01251133,0.01201088,6.7370,161.6883,0.01201088,6.7370,6.7370,6.7370,10.1055,10.1055,161.6883,0.01201088,40.4221,36.7584,128.0032,131.6669,0.00950861,0.00978077,0.00050045,7.0077,6.2661,0.0877,10.5266,0.1689,841.3636,120.0000,7.1725,3.5334,4.0407,6.0611,8.1756,12.1222,16.1629,20.2037,6.0611,0.0,2.666667,3.333333,1.156179,29,150,35,2,0.97716482,0.01251133,0.01264445,0E-8,0.000000,0.893710,0.075482,-0.00582929,2026-06-30,2026-08-06,16,997,296,38,0.421053,2.029941,1.023519,3.257216,,,,,,,,GLOBAL_BASELINE_NO_ENTITY_RANKING,,,NOT_APPLICABLE_GLOBAL_BASELINE,HF9g-P5,,,,X 全窗基线 · 不参与实体赏罚,6874610,688,A168_HF9F_20260827_0900,2026-08-27 09:00:00
2026-08-02,152220872,1205,0,2.0203652820,-2.0203652820,-2.0203652820,0E-7,1,1,0.50665070000000000,0.506650700000,-1.013391052207602,-1.013391052207602,-1.013391052207602,0E-17,ELIGIBLE,R03b_20260811_FULL_v1,L1_ELIGIBILITY,v2026-08-11,2026-03-21..2026-08-06,baccarat_bet02_101_all_pairs_incl_sentinel,round_win = game_pnl > 0 (decisive only),COMPATIBILITY_ONLY_NOT_PRODUCTION,13461.8174,12030.9580,168.4253,1921,1920,-0.01251133,-0.01264445,-0.00681516,-0.01251133,-168.4253,13461.8174,OK,0.0000,6.7370,4.0000,96.0000,AG03-UNRESOLVED,ALL5_LEVELS_bet23_to_bet27,6.7370,6.7370,6.7370,10.1055,10.1055,4.000000,4.000000,4.000000,6.000000,6.000000,96.000000,96.000000,96.000000,94.000000,94.000000,5.0,40.4221,36.7584,128.0032,131.6669,PENDING_AG03,FALSE,NOT_FOR_ENFORCEMENT,161.6883,11549.7197,168.4253,161.6883,6.7370,0.01251133,0.01201088,6.7370,161.6883,0.01201088,6.7370,6.7370,6.7370,10.1055,10.1055,161.6883,0.01201088,40.4221,36.7584,128.0032,131.6669,0.00950861,0.00978077,0.00050045,7.0077,6.2661,0.0877,10.5266,0.1689,841.3636,120.0000,7.1725,3.5334,4.0407,6.0611,8.1756,12.1222,16.1629,20.2037,6.0611,0.0,2.666667,3.333333,1.156179,29,150,35,2,0.97716482,0.01251133,0.01264445,0E-8,0.000000,0.893710,0.075482,-0.00582929,2026-06-30,2026-08-06,16,997,296,38,0.421053,2.029941,1.023519,3.257216,,,,,,,,GLOBAL_BASELINE_NO_ENTITY_RANKING,,,NOT_APPLICABLE_GLOBAL_BASELINE,HF9g-P5,,,,X 全窗基线 · 不参与实体赏罚,6874611,688,A168_HF9F_20260827_0900,2026-08-27 09:00:00
2026-08-02,152220872,1210,0,20.2036528204,-10.1018264102,-10.1018264102,0E-7,2,2,0.49324550000000000,0.493245500000,-0.9865810262130424,-0.9865810262130424,-0.9865810262130424,0E-17,ELIGIBLE,R03b_20260811_FULL_v1,L1_ELIGIBILITY,v2026-08-11,2026-03-21..2026-08-06,baccarat_bet02_101_all_pairs_incl_sentinel,round_win = game_pnl > 0 (decisive only),COMPATIBILITY_ONLY_NOT_PRODUCTION,13461.8174,12030.9580,168.4253,1921,1920,-0.01251133,-0.01264445,-0.00681516,-0.01251133,-168.4253,13461.8174,OK,0.0000,6.7370,4.0000,96.0000,AG03-UNRESOLVED,ALL5_LEVELS_bet23_to_bet27,6.7370,6.7370,6.7370,10.1055,10.1055,4.000000,4.000000,4.000000,6.000000,6.000000,96.000000,96.000000,96.000000,94.000000,94.000000,5.0,40.4221,36.7584,128.0032,131.6669,PENDING_AG03,FALSE,NOT_FOR_ENFORCEMENT,161.6883,11549.7197,168.4253,161.6883,6.7370,0.01251133,0.01201088,6.7370,161.6883,0.01201088,6.7370,6.7370,6.7370,10.1055,10.1055,161.6883,0.01201088,40.4221,36.7584,128.0032,131.6669,0.00950861,0.00978077,0.00050045,7.0077,6.2661,0.0877,10.5266,0.1689,841.3636,120.0000,7.1725,3.5334,4.0407,6.0611,8.1756,12.1222,16.1629,20.2037,6.0611,0.0,2.666667,3.333333,1.156179,29,150,35,2,0.97716482,0.01251133,0.01264445,0E-8,0.000000,0.893710,0.075482,-0.00582929,2026-06-30,2026-08-06,16,997,296,38,0.421053,2.029941,1.023519,3.257216,,,,,,,,GLOBAL_BASELINE_NO_ENTITY_RANKING,,,NOT_APPLICABLE_GLOBAL_BASELINE,HF9g-P5,,,,X 全窗基线 · 不参与实体赏罚,6874612,688,A168_HF9F_20260827_0900,2026-08-27 09:00:00
2026-08-02,152220872,1507,0,28.2851139486,12.1221916922,12.1221916922,0.5000000,2,2,0.49994810000000000,0.499948100000,0.00014679536856514622,0.00014679536856514622,0.00014679536856514622,0E-17,ELIGIBLE,R03b_20260811_FULL_v1,L1_ELIGIBILITY,v2026-08-11,2026-03-21..2026-08-06,baccarat_bet02_101_all_pairs_incl_sentinel,round_win = game_pnl > 0 (decisive only),COMPATIBILITY_ONLY_NOT_PRODUCTION,13461.8174,12030.9580,168.4253,1921,1920,-0.01251133,-0.01264445,-0.00681516,-0.01251133,-168.4253,13461.8174,OK,0.0000,6.7370,4.0000,96.0000,AG03-UNRESOLVED,ALL5_LEVELS_bet23_to_bet27,6.7370,6.7370,6.7370,10.1055,10.1055,4.000000,4.000000,4.000000,6.000000,6.000000,96.000000,96.000000,96.000000,94.000000,94.000000,5.0,40.4221,36.7584,128.0032,131.6669,PENDING_AG03,FALSE,NOT_FOR_ENFORCEMENT,161.6883,11549.7197,168.4253,161.6883,6.7370,0.01251133,0.01201088,6.7370,161.6883,0.01201088,6.7370,6.7370,6.7370,10.1055,10.1055,161.6883,0.01201088,40.4221,36.7584,128.0032,131.6669,0.00950861,0.00978077,0.00050045,7.0077,6.2661,0.0877,10.5266,0.1689,841.3636,120.0000,7.1725,3.5334,4.0407,6.0611,8.1756,12.1222,16.1629,20.2037,6.0611,0.0,2.666667,3.333333,1.156179,29,150,35,2,0.97716482,0.01251133,0.01264445,0E-8,0.000000,0.893710,0.075482,-0.00582929,2026-06-30,2026-08-06,16,997,296,38,0.421053,2.029941,1.023519,3.257216,,,,,,,,GLOBAL_BASELINE_NO_ENTITY_RANKING,,,NOT_APPLICABLE_GLOBAL_BASELINE,HF9g-P5,,,,X 全窗基线 · 不参与实体赏罚,6874613,688,A168_HF9F_20260827_0900,2026-08-27 09:00:00
2026-08-02,152220872,1508,0,10.1018264101,-6.1621141102,-6.1621141102,0.3333333,3,3,0.50218230000000000,0.502182300000,-0.5849155494134425,-0.5849155494134426,-0.5849155494134425,0E-17,ELIGIBLE,R03b_20260811_FULL_v1,L1_ELIGIBILITY,v2026-08-11,2026-03-21..2026-08-06,baccarat_bet02_101_all_pairs_incl_sentinel,round_win = game_pnl > 0 (decisive only),COMPATIBILITY_ONLY_NOT_PRODUCTION,13461.8174,12030.9580,168.4253,1921,1920,-0.01251133,-0.01264445,-0.00681516,-0.01251133,-168.4253,13461.8174,OK,0.0000,6.7370,4.0000,96.0000,AG03-UNRESOLVED,ALL5_LEVELS_bet23_to_bet27,6.7370,6.7370,6.7370,10.1055,10.1055,4.000000,4.000000,4.000000,6.000000,6.000000,96.000000,96.000000,96.000000,94.000000,94.000000,5.0,40.4221,36.7584,128.0032,131.6669,PENDING_AG03,FALSE,NOT_FOR_ENFORCEMENT,161.6883,11549.7197,168.4253,161.6883,6.7370,0.01251133,0.01201088,6.7370,161.6883,0.01201088,6.7370,6.7370,6.7370,10.1055,10.1055,161.6883,0.01201088,40.4221,36.7584,128.0032,131.6669,0.00950861,0.00978077,0.00050045,7.0077,6.2661,0.0877,10.5266,0.1689,841.3636,120.0000,7.1725,3.5334,4.0407,6.0611,8.1756,12.1222,16.1629,20.2037,6.0611,0.0,2.666667,3.333333,1.156179,29,150,35,2,0.97716482,0.01251133,0.01264445,0E-8,0.000000,0.893710,0.075482,-0.00582929,2026-06-30,2026-08-06,16,997,296,38,0.421053,2.029941,1.023519,3.257216,,,,,,,,GLOBAL_BASELINE_NO_ENTITY_RANKING,,,NOT_APPLICABLE_GLOBAL_BASELINE,HF9g-P5,,,,X 全窗基线 · 不参与实体赏罚,6874614,688,A168_HF9F_20260827_0900,2026-08-27 09:00:00
2026-08-02,152220872,1935,0,20.2036528204,4.0407305641,4.0407305641,0.5000000,2,2,0.50665070000000000,0.506650700000,-0.018812684590367487,-0.018812684590367487,-0.018812684590367487,0E-17,ELIGIBLE,R03b_20260811_FULL_v1,L1_ELIGIBILITY,v2026-08-11,2026-03-21..2026-08-06,baccarat_bet02_101_all_pairs_incl_sentinel,round_win = game_pnl > 0 (decisive only),COMPATIBILITY_ONLY_NOT_PRODUCTION,13461.8174,12030.9580,168.4253,1921,1920,-0.01251133,-0.01264445,-0.00681516,-0.01251133,-168.4253,13461.8174,OK,0.0000,6.7370,4.0000,96.0000,AG03-UNRESOLVED,ALL5_LEVELS_bet23_to_bet27,6.7370,6.7370,6.7370,10.1055,10.1055,4.000000,4.000000,4.000000,6.000000,6.000000,96.000000,96.000000,96.000000,94.000000,94.000000,5.0,40.4221,36.7584,128.0032,131.6669,PENDING_AG03,FALSE,NOT_FOR_ENFORCEMENT,161.6883,11549.7197,168.4253,161.6883,6.7370,0.01251133,0.01201088,6.7370,161.6883,0.01201088,6.7370,6.7370,6.7370,10.1055,10.1055,161.6883,0.01201088,40.4221,36.7584,128.0032,131.6669,0.00950861,0.00978077,0.00050045,7.0077,6.2661,0.0877,10.5266,0.1689,841.3636,120.0000,7.1725,3.5334,4.0407,6.0611,8.1756,12.1222,16.1629,20.2037,6.0611,0.0,2.666667,3.333333,1.156179,29,150,35,2,0.97716482,0.01251133,0.01264445,0E-8,0.000000,0.893710,0.075482,-0.00582929,2026-06-30,2026-08-06,16,997,296,38,0.421053,2.029941,1.023519,3.257216,,,,,,,,GLOBAL_BASELINE_NO_ENTITY_RANKING,,,NOT_APPLICABLE_GLOBAL_BASELINE,HF9g-P5,,,,X 全窗基线 · 不参与实体赏罚,6874615,688,A168_HF9F_20260827_0900,2026-08-27 09:00:00
2026-08-02,152220872,1951,0,4.0407305640,0E-10,0E-10,0.5000000,2,2,0.49324550000000000,0.493245500000,0.01910635448239258,0.01910635448239258,0.01910635448239258,0E-17,ELIGIBLE,R03b_20260811_FULL_v1,L1_ELIGIBILITY,v2026-08-11,2026-03-21..2026-08-06,baccarat_bet02_101_all_pairs_incl_sentinel,round_win = game_pnl > 0 (decisive only),COMPATIBILITY_ONLY_NOT_PRODUCTION,13461.8174,12030.9580,168.4253,1921,1920,-0.01251133,-0.01264445,-0.00681516,-0.01251133,-168.4253,13461.8174,OK,0.0000,6.7370,4.0000,96.0000,AG03-UNRESOLVED,ALL5_LEVELS_bet23_to_bet27,6.7370,6.7370,6.7370,10.1055,10.1055,4.000000,4.000000,4.000000,6.000000,6.000000,96.000000,96.000000,96.000000,94.000000,94.000000,5.0,40.4221,36.7584,128.0032,131.6669,PENDING_AG03,FALSE,NOT_FOR_ENFORCEMENT,161.6883,11549.7197,168.4253,161.6883,6.7370,0.01251133,0.01201088,6.7370,161.6883,0.01201088,6.7370,6.7370,6.7370,10.1055,10.1055,161.6883,0.01201088,40.4221,36.7584,128.0032,131.6669,0.00950861,0.00978077,0.00050045,7.0077,6.2661,0.0877,10.5266,0.1689,841.3636,120.0000,7.1725,3.5334,4.0407,6.0611,8.1756,12.1222,16.1629,20.2037,6.0611,0.0,2.666667,3.333333,1.156179,29,150,35,2,0.97716482,0.01251133,0.01264445,0E-8,0.000000,0.893710,0.075482,-0.00582929,2026-06-30,2026-08-06,16,997,296,38,0.421053,2.029941,1.023519,3.257216,,,,,,,,GLOBAL_BASELINE_NO_ENTITY_RANKING,,,NOT_APPLICABLE_GLOBAL_BASELINE,HF9g-P5,,,,X 全窗基线 · 不参与实体赏罚,6874616,688,A168_HF9F_20260827_0900,2026-08-27 09:00:00
2026-08-02,152220872,1963,0,8.0814611282,7.8794246000,7.8794246000,1.0000000,2,2,0.49994810000000000,0.499948100000,1.4143603653603398,1.4143603653603398,1.4143603653603398,0E-17,ELIGIBLE,R03b_20260811_FULL_v1,L1_ELIGIBILITY,v2026-08-11,2026-03-21..2026-08-06,baccarat_bet02_101_all_pairs_incl_sentinel,round_win = game_pnl > 0 (decisive only),COMPATIBILITY_ONLY_NOT_PRODUCTION,13461.8174,12030.9580,168.4253,1921,1920,-0.01251133,-0.01264445,-0.00681516,-0.01251133,-168.4253,13461.8174,OK,0.0000,6.7370,4.0000,96.0000,AG03-UNRESOLVED,ALL5_LEVELS_bet23_to_bet27,6.7370,6.7370,6.7370,10.1055,10.1055,4.000000,4.000000,4.000000,6.000000,6.000000,96.000000,96.000000,96.000000,94.000000,94.000000,5.0,40.4221,36.7584,128.0032,131.6669,PENDING_AG03,FALSE,NOT_FOR_ENFORCEMENT,161.6883,11549.7197,168.4253,161.6883,6.7370,0.01251133,0.01201088,6.7370,161.6883,0.01201088,6.7370,6.7370,6.7370,10.1055,10.1055,161.6883,0.01201088,40.4221,36.7584,128.0032,131.6669,0.00950861,0.00978077,0.00050045,7.0077,6.2661,0.0877,10.5266,0.1689,841.3636,120.0000,7.1725,3.5334,4.0407,6.0611,8.1756,12.1222,16.1629,20.2037,6.0611,0.0,2.666667,3.333333,1.156179,29,150,35,2,0.97716482,0.01251133,0.01264445,0E-8,0.000000,0.893710,0.075482,-0.00582929,2026-06-30,2026-08-06,16,997,296,38,0.421053,2.029941,1.023519,3.257216,,,,,,,,GLOBAL_BASELINE_NO_ENTITY_RANKING,,,NOT_APPLICABLE_GLOBAL_BASELINE,HF9g-P5,,,,X 全窗基线 · 不参与实体赏罚,6874617,688,A168_HF9F_20260827_0900,2026-08-27 09:00:00
2026-08-02,152220872,1966,0,2.0203652820,-2.0203652820,-2.0203652820,0E-7,1,1,0.49324550000000000,0.493245500000,-0.9865810262130424,-0.9865810262130424,-0.9865810262130424,0E-17,ELIGIBLE,R03b_20260811_FULL_v1,L1_ELIGIBILITY,v2026-08-11,2026-03-21..2026-08-06,baccarat_bet02_101_all_pairs_incl_sentinel,round_win = game_pnl > 0 (decisive only),COMPATIBILITY_ONLY_NOT_PRODUCTION,13461.8174,12030.9580,168.4253,1921,1920,-0.01251133,-0.01264445,-0.00681516,-0.01251133,-168.4253,13461.8174,OK,0.0000,6.7370,4.0000,96.0000,AG03-UNRESOLVED,ALL5_LEVELS_bet23_to_bet27,6.7370,6.7370,6.7370,10.1055,10.1055,4.000000,4.000000,4.000000,6.000000,6.000000,96.000000,96.000000,96.000000,94.000000,94.000000,5.0,40.4221,36.7584,128.0032,131.6669,PENDING_AG03,FALSE,NOT_FOR_ENFORCEMENT,161.6883,11549.7197,168.4253,161.6883,6.7370,0.01251133,0.01201088,6.7370,161.6883,0.01201088,6.7370,6.7370,6.7370,10.1055,10.1055,161.6883,0.01201088,40.4221,36.7584,128.0032,131.6669,0.00950861,0.00978077,0.00050045,7.0077,6.2661,0.0877,10.5266,0.1689,841.3636,120.0000,7.1725,3.5334,4.0407,6.0611,8.1756,12.1222,16.1629,20.2037,6.0611,0.0,2.666667,3.333333,1.156179,29,150,35,2,0.97716482,0.01251133,0.01264445,0E-8,0.000000,0.893710,0.075482,-0.00582929,2026-06-30,2026-08-06,16,997,296,38,0.421053,2.029941,1.023519,3.257216,,,,,,,,GLOBAL_BASELINE_NO_ENTITY_RANKING,,,NOT_APPLICABLE_GLOBAL_BASELINE,HF9g-P5,,,,X 全窗基线 · 不参与实体赏罚,6874618,688,A168_HF9F_20260827_0900,2026-08-27 09:00:00
2026-08-02,152220872,2093,0,14.1425569743,9.8997898821,9.8997898821,0.6666667,3,3,0.50218230000000000,0.502182300000,0.5697959874915163,0.5697959874915164,0.5697959874915163,0E-17,ELIGIBLE,R03b_20260811_FULL_v1,L1_ELIGIBILITY,v2026-08-11,2026-03-21..2026-08-06,baccarat_bet02_101_all_pairs_incl_sentinel,round_win = game_pnl > 0 (decisive only),COMPATIBILITY_ONLY_NOT_PRODUCTION,13461.8174,12030.9580,168.4253,1921,1920,-0.01251133,-0.01264445,-0.00681516,-0.01251133,-168.4253,13461.8174,OK,0.0000,6.7370,4.0000,96.0000,AG03-UNRESOLVED,ALL5_LEVELS_bet23_to_bet27,6.7370,6.7370,6.7370,10.1055,10.1055,4.000000,4.000000,4.000000,6.000000,6.000000,96.000000,96.000000,96.000000,94.000000,94.000000,5.0,40.4221,36.7584,128.0032,131.6669,PENDING_AG03,FALSE,NOT_FOR_ENFORCEMENT,161.6883,11549.7197,168.4253,161.6883,6.7370,0.01251133,0.01201088,6.7370,161.6883,0.01201088,6.7370,6.7370,6.7370,10.1055,10.1055,161.6883,0.01201088,40.4221,36.7584,128.0032,131.6669,0.00950861,0.00978077,0.00050045,7.0077,6.2661,0.0877,10.5266,0.1689,841.3636,120.0000,7.1725,3.5334,4.0407,6.0611,8.1756,12.1222,16.1629,20.2037,6.0611,0.0,2.666667,3.333333,1.156179,29,150,35,2,0.97716482,0.01251133,0.01264445,0E-8,0.000000,0.893710,0.075482,-0.00582929,2026-06-30,2026-08-06,16,997,296,38,0.421053,2.029941,1.023519,3.257216,,,,,,,,GLOBAL_BASELINE_NO_ENTITY_RANKING,,,NOT_APPLICABLE_GLOBAL_BASELINE,HF9g-P5,,,,X 全窗基线 · 不参与实体赏罚,6874619,688,A168_HF9F_20260827_0900,2026-08-27 09:00:00
2026-08-02,152220872,2130,0,16.1629222564,4.0407305641,4.0407305641,1.0000000,2,2,0.49324550000000000,0.493245500000,1.01360149184955,1.01360149184955,1.01360149184955,0E-17,ELIGIBLE,R03b_20260811_FULL_v1,L1_ELIGIBILITY,v2026-08-11,2026-03-21..2026-08-06,baccarat_bet02_101_all_pairs_incl_sentinel,round_win = game_pnl > 0 (decisive only),COMPATIBILITY_ONLY_NOT_PRODUCTION,13461.8174,12030.9580,168.4253,1921,1920,-0.01251133,-0.01264445,-0.00681516,-0.01251133,-168.4253,13461.8174,OK,0.0000,6.7370,4.0000,96.0000,AG03-UNRESOLVED,ALL5_LEVELS_bet23_to_bet27,6.7370,6.7370,6.7370,10.1055,10.1055,4.000000,4.000000,4.000000,6.000000,6.000000,96.000000,96.000000,96.000000,94.000000,94.000000,5.0,40.4221,36.7584,128.0032,131.6669,PENDING_AG03,FALSE,NOT_FOR_ENFORCEMENT,161.6883,11549.7197,168.4253,161.6883,6.7370,0.01251133,0.01201088,6.7370,161.6883,0.01201088,6.7370,6.7370,6.7370,10.1055,10.1055,161.6883,0.01201088,40.4221,36.7584,128.0032,131.6669,0.00950861,0.00978077,0.00050045,7.0077,6.2661,0.0877,10.5266,0.1689,841.3636,120.0000,7.1725,3.5334,4.0407,6.0611,8.1756,12.1222,16.1629,20.2037,6.0611,0.0,2.666667,3.333333,1.156179,29,150,35,2,0.97716482,0.01251133,0.01264445,0E-8,0.000000,0.893710,0.075482,-0.00582929,2026-06-30,2026-08-06,16,997,296,38,0.421053,2.029941,1.023519,3.257216,,,,,,,,GLOBAL_BASELINE_NO_ENTITY_RANKING,,,NOT_APPLICABLE_GLOBAL_BASELINE,HF9g-P5,,,,X 全窗基线 · 不参与实体赏罚,6874620,688,A168_HF9F_20260827_0900,2026-08-27 09:00:00
2026-08-02,152220872,2141,0,20.2036528204,3.4346209794,3.4346209794,0.8000000,5,5,0.50396966000000000,0.503969660000,1.3239296534401845,1.3239296534401845,1.3239296534401845,0E-17,ELIGIBLE,R03b_20260811_FULL_v1,L1_ELIGIBILITY,v2026-08-11,2026-03-21..2026-08-06,baccarat_bet02_101_all_pairs_incl_sentinel,round_win = game_pnl > 0 (decisive only),COMPATIBILITY_ONLY_NOT_PRODUCTION,13461.8174,12030.9580,168.4253,1921,1920,-0.01251133,-0.01264445,-0.00681516,-0.01251133,-168.4253,13461.8174,OK,0.0000,6.7370,4.0000,96.0000,AG03-UNRESOLVED,ALL5_LEVELS_bet23_to_bet27,6.7370,6.7370,6.7370,10.1055,10.1055,4.000000,4.000000,4.000000,6.000000,6.000000,96.000000,96.000000,96.000000,94.000000,94.000000,5.0,40.4221,36.7584,128.0032,131.6669,PENDING_AG03,FALSE,NOT_FOR_ENFORCEMENT,161.6883,11549.7197,168.4253,161.6883,6.7370,0.01251133,0.01201088,6.7370,161.6883,0.01201088,6.7370,6.7370,6.7370,10.1055,10.1055,161.6883,0.01201088,40.4221,36.7584,128.0032,131.6669,0.00950861,0.00978077,0.00050045,7.0077,6.2661,0.0877,10.5266,0.1689,841.3636,120.0000,7.1725,3.5334,4.0407,6.0611,8.1756,12.1222,16.1629,20.2037,6.0611,0.0,2.666667,3.333333,1.156179,29,150,35,2,0.97716482,0.01251133,0.01264445,0E-8,0.000000,0.893710,0.075482,-0.00582929,2026-06-30,2026-08-06,16,997,296,38,0.421053,2.029941,1.023519,3.257216,,,,,,,,GLOBAL_BASELINE_NO_ENTITY_RANKING,,,NOT_APPLICABLE_GLOBAL_BASELINE,HF9g-P5,,,,X 全窗基线 · 不参与实体赏罚,6874621,688,A168_HF9F_20260827_0900,2026-08-27 09:00:00
2026-08-02,152220872,2147,0,8.0814611282,8.0814611282,8.0814611282,1.0000000,2,2,0.49324550000000000,0.493245500000,1.4334489766152358,1.4334489766152358,1.4334489766152358,0E-17,ELIGIBLE,R03b_20260811_FULL_v1,L1_ELIGIBILITY,v2026-08-11,2026-03-21..2026-08-06,baccarat_bet02_101_all_pairs_incl_sentinel,round_win = game_pnl > 0 (decisive only),COMPATIBILITY_ONLY_NOT_PRODUCTION,13461.8174,12030.9580,168.4253,1921,1920,-0.01251133,-0.01264445,-0.00681516,-0.01251133,-168.4253,13461.8174,OK,0.0000,6.7370,4.0000,96.0000,AG03-UNRESOLVED,ALL5_LEVELS_bet23_to_bet27,6.7370,6.7370,6.7370,10.1055,10.1055,4.000000,4.000000,4.000000,6.000000,6.000000,96.000000,96.000000,96.000000,94.000000,94.000000,5.0,40.4221,36.7584,128.0032,131.6669,PENDING_AG03,FALSE,NOT_FOR_ENFORCEMENT,161.6883,11549.7197,168.4253,161.6883,6.7370,0.01251133,0.01201088,6.7370,161.6883,0.01201088,6.7370,6.7370,6.7370,10.1055,10.1055,161.6883,0.01201088,40.4221,36.7584,128.0032,131.6669,0.00950861,0.00978077,0.00050045,7.0077,6.2661,0.0877,10.5266,0.1689,841.3636,120.0000,7.1725,3.5334,4.0407,6.0611,8.1756,12.1222,16.1629,20.2037,6.0611,0.0,2.666667,3.333333,1.156179,29,150,35,2,0.97716482,0.01251133,0.01264445,0E-8,0.000000,0.893710,0.075482,-0.00582929,2026-06-30,2026-08-06,16,997,296,38,0.421053,2.029941,1.023519,3.257216,,,,,,,,GLOBAL_BASELINE_NO_ENTITY_RANKING,,,NOT_APPLICABLE_GLOBAL_BASELINE,HF9g-P5,,,,X 全窗基线 · 不参与实体赏罚,6874622,688,A168_HF9F_20260827_0900,2026-08-27 09:00:00
2026-08-02,152220872,2152,0,10.1018264102,2.0203652820,2.0203652820,0.6666667,3,3,0.49324550000000000,0.493245500000,0.6008033672792107,0.6008033672792106,0.6008033672792107,0E-17,ELIGIBLE,R03b_20260811_FULL_v1,L1_ELIGIBILITY,v2026-08-11,2026-03-21..2026-08-06,baccarat_bet02_101_all_pairs_incl_sentinel,round_win = game_pnl > 0 (decisive only),COMPATIBILITY_ONLY_NOT_PRODUCTION,13461.8174,12030.9580,168.4253,1921,1920,-0.01251133,-0.01264445,-0.00681516,-0.01251133,-168.4253,13461.8174,OK,0.0000,6.7370,4.0000,96.0000,AG03-UNRESOLVED,ALL5_LEVELS_bet23_to_bet27,6.7370,6.7370,6.7370,10.1055,10.1055,4.000000,4.000000,4.000000,6.000000,6.000000,96.000000,96.000000,96.000000,94.000000,94.000000,5.0,40.4221,36.7584,128.0032,131.6669,PENDING_AG03,FALSE,NOT_FOR_ENFORCEMENT,161.6883,11549.7197,168.4253,161.6883,6.7370,0.01251133,0.01201088,6.7370,161.6883,0.01201088,6.7370,6.7370,6.7370,10.1055,10.1055,161.6883,0.01201088,40.4221,36.7584,128.0032,131.6669,0.00950861,0.00978077,0.00050045,7.0077,6.2661,0.0877,10.5266,0.1689,841.3636,120.0000,7.1725,3.5334,4.0407,6.0611,8.1756,12.1222,16.1629,20.2037,6.0611,0.0,2.666667,3.333333,1.156179,29,150,35,2,0.97716482,0.01251133,0.01264445,0E-8,0.000000,0.893710,0.075482,-0.00582929,2026-06-30,2026-08-06,16,997,296,38,0.421053,2.029941,1.023519,3.257216,,,,,,,,GLOBAL_BASELINE_NO_ENTITY_RANKING,,,NOT_APPLICABLE_GLOBAL_BASELINE,HF9g-P5,,,,X 全窗基线 · 不参与实体赏罚,6874623,688,A168_HF9F_20260827_0900,2026-08-27 09:00:00
2026-08-02,152220872,2153,0,2.4244383385,-2.4244383385,-2.4244383385,0E-7,1,1,0.49324550000000000,0.493245500000,-0.9865810262130424,-0.9865810262130424,-0.9865810262130424,0E-17,ELIGIBLE,R03b_20260811_FULL_v1,L1_ELIGIBILITY,v2026-08-11,2026-03-21..2026-08-06,baccarat_bet02_101_all_pairs_incl_sentinel,round_win = game_pnl > 0 (decisive only),COMPATIBILITY_ONLY_NOT_PRODUCTION,13461.8174,12030.9580,168.4253,1921,1920,-0.01251133,-0.01264445,-0.00681516,-0.01251133,-168.4253,13461.8174,OK,0.0000,6.7370,4.0000,96.0000,AG03-UNRESOLVED,ALL5_LEVELS_bet23_to_bet27,6.7370,6.7370,6.7370,10.1055,10.1055,4.000000,4.000000,4.000000,6.000000,6.000000,96.000000,96.000000,96.000000,94.000000,94.000000,5.0,40.4221,36.7584,128.0032,131.6669,PENDING_AG03,FALSE,NOT_FOR_ENFORCEMENT,161.6883,11549.7197,168.4253,161.6883,6.7370,0.01251133,0.01201088,6.7370,161.6883,0.01201088,6.7370,6.7370,6.7370,10.1055,10.1055,161.6883,0.01201088,40.4221,36.7584,128.0032,131.6669,0.00950861,0.00978077,0.00050045,7.0077,6.2661,0.0877,10.5266,0.1689,841.3636,120.0000,7.1725,3.5334,4.0407,6.0611,8.1756,12.1222,16.1629,20.2037,6.0611,0.0,2.666667,3.333333,1.156179,29,150,35,2,0.97716482,0.01251133,0.01264445,0E-8,0.000000,0.893710,0.075482,-0.00582929,2026-06-30,2026-08-06,16,997,296,38,0.421053,2.029941,1.023519,3.257216,,,,,,,,GLOBAL_BASELINE_NO_ENTITY_RANKING,,,NOT_APPLICABLE_GLOBAL_BASELINE,HF9g-P5,,,,X 全窗基线 · 不参与实体赏罚,6874624,688,A168_HF9F_20260827_0900,2026-08-27 09:00:00
2026-08-02,152220872,2160,0,16.1629222564,0E-10,0E-10,0.5000000,2,2,0.49324550000000000,0.493245500000,0.01910635448239258,0.01910635448239258,0.01910635448239258,0E-17,ELIGIBLE,R03b_20260811_FULL_v1,L1_ELIGIBILITY,v2026-08-11,2026-03-21..2026-08-06,baccarat_bet02_101_all_pairs_incl_sentinel,round_win = game_pnl > 0 (decisive only),COMPATIBILITY_ONLY_NOT_PRODUCTION,13461.8174,12030.9580,168.4253,1921,1920,-0.01251133,-0.01264445,-0.00681516,-0.01251133,-168.4253,13461.8174,OK,0.0000,6.7370,4.0000,96.0000,AG03-UNRESOLVED,ALL5_LEVELS_bet23_to_bet27,6.7370,6.7370,6.7370,10.1055,10.1055,4.000000,4.000000,4.000000,6.000000,6.000000,96.000000,96.000000,96.000000,94.000000,94.000000,5.0,40.4221,36.7584,128.0032,131.6669,PENDING_AG03,FALSE,NOT_FOR_ENFORCEMENT,161.6883,11549.7197,168.4253,161.6883,6.7370,0.01251133,0.01201088,6.7370,161.6883,0.01201088,6.7370,6.7370,6.7370,10.1055,10.1055,161.6883,0.01201088,40.4221,36.7584,128.0032,131.6669,0.00950861,0.00978077,0.00050045,7.0077,6.2661,0.0877,10.5266,0.1689,841.3636,120.0000,7.1725,3.5334,4.0407,6.0611,8.1756,12.1222,16.1629,20.2037,6.0611,0.0,2.666667,3.333333,1.156179,29,150,35,2,0.97716482,0.01251133,0.01264445,0E-8,0.000000,0.893710,0.075482,-0.00582929,2026-06-30,2026-08-06,16,997,296,38,0.421053,2.029941,1.023519,3.257216,,,,,,,,GLOBAL_BASELINE_NO_ENTITY_RANKING,,,NOT_APPLICABLE_GLOBAL_BASELINE,HF9g-P5,,,,X 全窗基线 · 不参与实体赏罚,6874625,688,A168_HF9F_20260827_0900,2026-08-27 09:00:00
2026-08-02,152220872,2196,0,6.0610958461,-6.0610958461,-6.0610958461,0E-7,1,1,0.49324550000000000,0.493245500000,-0.9865810262130424,-0.9865810262130424,-0.9865810262130424,0E-17,ELIGIBLE,R03b_20260811_FULL_v1,L1_ELIGIBILITY,v2026-08-11,2026-03-21..2026-08-06,baccarat_bet02_101_all_pairs_incl_sentinel,round_win = game_pnl > 0 (decisive only),COMPATIBILITY_ONLY_NOT_PRODUCTION,13461.8174,12030.9580,168.4253,1921,1920,-0.01251133,-0.01264445,-0.00681516,-0.01251133,-168.4253,13461.8174,OK,0.0000,6.7370,4.0000,96.0000,AG03-UNRESOLVED,ALL5_LEVELS_bet23_to_bet27,6.7370,6.7370,6.7370,10.1055,10.1055,4.000000,4.000000,4.000000,6.000000,6.000000,96.000000,96.000000,96.000000,94.000000,94.000000,5.0,40.4221,36.7584,128.0032,131.6669,PENDING_AG03,FALSE,NOT_FOR_ENFORCEMENT,161.6883,11549.7197,168.4253,161.6883,6.7370,0.01251133,0.01201088,6.7370,161.6883,0.01201088,6.7370,6.7370,6.7370,10.1055,10.1055,161.6883,0.01201088,40.4221,36.7584,128.0032,131.6669,0.00950861,0.00978077,0.00050045,7.0077,6.2661,0.0877,10.5266,0.1689,841.3636,120.0000,7.1725,3.5334,4.0407,6.0611,8.1756,12.1222,16.1629,20.2037,6.0611,0.0,2.666667,3.333333,1.156179,29,150,35,2,0.97716482,0.01251133,0.01264445,0E-8,0.000000,0.893710,0.075482,-0.00582929,2026-06-30,2026-08-06,16,997,296,38,0.421053,2.029941,1.023519,3.257216,,,,,,,,GLOBAL_BASELINE_NO_ENTITY_RANKING,,,NOT_APPLICABLE_GLOBAL_BASELINE,HF9g-P5,,,,X 全窗基线 · 不参与实体赏罚,6874626,688,A168_HF9F_20260827_0900,2026-08-27 09:00:00
2026-08-02,152220872,2209,0,40.4073056408,-20.7087441409,-20.7087441409,0.3333333,3,3,0.50218230000000000,0.502182300000,-0.5849155494134425,-0.5849155494134426,-0.5849155494134425,0E-17,ELIGIBLE,R03b_20260811_FULL_v1,L1_ELIGIBILITY,v2026-08-11,2026-03-21..2026-08-06,baccarat_bet02_101_all_pairs_incl_sentinel,round_win = game_pnl > 0 (decisive only),COMPATIBILITY_ONLY_NOT_PRODUCTION,13461.8174,12030.9580,168.4253,1921,1920,-0.01251133,-0.01264445,-0.00681516,-0.01251133,-168.4253,13461.8174,OK,0.0000,6.7370,4.0000,96.0000,AG03-UNRESOLVED,ALL5_LEVELS_bet23_to_bet27,6.7370,6.7370,6.7370,10.1055,10.1055,4.000000,4.000000,4.000000,6.000000,6.000000,96.000000,96.000000,96.000000,94.000000,94.000000,5.0,40.4221,36.7584,128.0032,131.6669,PENDING_AG03,FALSE,NOT_FOR_ENFORCEMENT,161.6883,11549.7197,168.4253,161.6883,6.7370,0.01251133,0.01201088,6.7370,161.6883,0.01201088,6.7370,6.7370,6.7370,10.1055,10.1055,161.6883,0.01201088,40.4221,36.7584,128.0032,131.6669,0.00950861,0.00978077,0.00050045,7.0077,6.2661,0.0877,10.5266,0.1689,841.3636,120.0000,7.1725,3.5334,4.0407,6.0611,8.1756,12.1222,16.1629,20.2037,6.0611,0.0,2.666667,3.333333,1.156179,29,150,35,2,0.97716482,0.01251133,0.01264445,0E-8,0.000000,0.893710,0.075482,-0.00582929,2026-06-30,2026-08-06,16,997,296,38,0.421053,2.029941,1.023519,3.257216,,,,,,,,GLOBAL_BASELINE_NO_ENTITY_RANKING,,,NOT_APPLICABLE_GLOBAL_BASELINE,HF9g-P5,,,,X 全窗基线 · 不参与实体赏罚,6874627,688,A168_HF9F_20260827_0900,2026-08-27 09:00:00
2026-08-02,152220872,2229,0,4.0407305641,-4.0407305641,-4.0407305641,0E-7,1,1,0.50665070000000000,0.506650700000,-1.013391052207602,-1.013391052207602,-1.013391052207602,0E-17,ELIGIBLE,R03b_20260811_FULL_v1,L1_ELIGIBILITY,v2026-08-11,2026-03-21..2026-08-06,baccarat_bet02_101_all_pairs_incl_sentinel,round_win = game_pnl > 0 (decisive only),COMPATIBILITY_ONLY_NOT_PRODUCTION,13461.8174,12030.9580,168.4253,1921,1920,-0.01251133,-0.01264445,-0.00681516,-0.01251133,-168.4253,13461.8174,OK,0.0000,6.7370,4.0000,96.0000,AG03-UNRESOLVED,ALL5_LEVELS_bet23_to_bet27,6.7370,6.7370,6.7370,10.1055,10.1055,4.000000,4.000000,4.000000,6.000000,6.000000,96.000000,96.000000,96.000000,94.000000,94.000000,5.0,40.4221,36.7584,128.0032,131.6669,PENDING_AG03,FALSE,NOT_FOR_ENFORCEMENT,161.6883,11549.7197,168.4253,161.6883,6.7370,0.01251133,0.01201088,6.7370,161.6883,0.01201088,6.7370,6.7370,6.7370,10.1055,10.1055,161.6883,0.01201088,40.4221,36.7584,128.0032,131.6669,0.00950861,0.00978077,0.00050045,7.0077,6.2661,0.0877,10.5266,0.1689,841.3636,120.0000,7.1725,3.5334,4.0407,6.0611,8.1756,12.1222,16.1629,20.2037,6.0611,0.0,2.666667,3.333333,1.156179,29,150,35,2,0.97716482,0.01251133,0.01264445,0E-8,0.000000,0.893710,0.075482,-0.00582929,2026-06-30,2026-08-06,16,997,296,38,0.421053,2.029941,1.023519,3.257216,,,,,,,,GLOBAL_BASELINE_NO_ENTITY_RANKING,,,NOT_APPLICABLE_GLOBAL_BASELINE,HF9g-P5,,,,X 全窗基线 · 不参与实体赏罚,6874628,688,A168_HF9F_20260827_0900,2026-08-27 09:00:00
2026-08-02,152220872,2233,0,10.1018264102,0E-10,0E-10,,1,1,0.50665070000000000,0.506650700000,,,,0E-17,NO_DECISIVE_ROUND,R03b_20260811_FULL_v1,L1_ELIGIBILITY,v2026-08-11,2026-03-21..2026-08-06,baccarat_bet02_101_all_pairs_incl_sentinel,round_win = game_pnl > 0 (decisive only),COMPATIBILITY_ONLY_NOT_PRODUCTION,13461.8174,12030.9580,168.4253,1921,1920,-0.01251133,-0.01264445,-0.00681516,-0.01251133,-168.4253,13461.8174,OK,0.0000,6.7370,4.0000,96.0000,AG03-UNRESOLVED,ALL5_LEVELS_bet23_to_bet27,6.7370,6.7370,6.7370,10.1055,10.1055,4.000000,4.000000,4.000000,6.000000,6.000000,96.000000,96.000000,96.000000,94.000000,94.000000,5.0,40.4221,36.7584,128.0032,131.6669,PENDING_AG03,FALSE,NOT_FOR_ENFORCEMENT,161.6883,11549.7197,168.4253,161.6883,6.7370,0.01251133,0.01201088,6.7370,161.6883,0.01201088,6.7370,6.7370,6.7370,10.1055,10.1055,161.6883,0.01201088,40.4221,36.7584,128.0032,131.6669,0.00950861,0.00978077,0.00050045,7.0077,6.2661,0.0877,10.5266,0.1689,841.3636,120.0000,7.1725,3.5334,4.0407,6.0611,8.1756,12.1222,16.1629,20.2037,6.0611,0.0,2.666667,3.333333,1.156179,29,150,35,2,0.97716482,0.01251133,0.01264445,0E-8,0.000000,0.893710,0.075482,-0.00582929,2026-06-30,2026-08-06,16,997,296,38,0.421053,2.029941,1.023519,3.257216,,,,,,,,GLOBAL_BASELINE_NO_ENTITY_RANKING,,,NOT_APPLICABLE_GLOBAL_BASELINE,HF9g-P5,,,,X 全窗基线 · 不参与实体赏罚,6874629,688,A168_HF9F_20260827_0900,2026-08-27 09:00:00
2026-08-02,152220872,2234,0,20.2036528204,-2.2224018102,-2.2224018102,0.3333333,5,5,0.50128862000000000,0.501288620000,-0.5818161120757372,-0.5818161120757372,-0.5818161120757372,0E-17,ELIGIBLE,R03b_20260811_FULL_v1,L1_ELIGIBILITY,v2026-08-11,2026-03-21..2026-08-06,baccarat_bet02_101_all_pairs_incl_sentinel,round_win = game_pnl > 0 (decisive only),COMPATIBILITY_ONLY_NOT_PRODUCTION,13461.8174,12030.9580,168.4253,1921,1920,-0.01251133,-0.01264445,-0.00681516,-0.01251133,-168.4253,13461.8174,OK,0.0000,6.7370,4.0000,96.0000,AG03-UNRESOLVED,ALL5_LEVELS_bet23_to_bet27,6.7370,6.7370,6.7370,10.1055,10.1055,4.000000,4.000000,4.000000,6.000000,6.000000,96.000000,96.000000,96.000000,94.000000,94.000000,5.0,40.4221,36.7584,128.0032,131.6669,PENDING_AG03,FALSE,NOT_FOR_ENFORCEMENT,161.6883,11549.7197,168.4253,161.6883,6.7370,0.01251133,0.01201088,6.7370,161.6883,0.01201088,6.7370,6.7370,6.7370,10.1055,10.1055,161.6883,0.01201088,40.4221,36.7584,128.0032,131.6669,0.00950861,0.00978077,0.00050045,7.0077,6.2661,0.0877,10.5266,0.1689,841.3636,120.0000,7.1725,3.5334,4.0407,6.0611,8.1756,12.1222,16.1629,20.2037,6.0611,0.0,2.666667,3.333333,1.156179,29,150,35,2,0.97716482,0.01251133,0.01264445,0E-8,0.000000,0.893710,0.075482,-0.00582929,2026-06-30,2026-08-06,16,997,296,38,0.421053,2.029941,1.023519,3.257216,,,,,,,,GLOBAL_BASELINE_NO_ENTITY_RANKING,,,NOT_APPLICABLE_GLOBAL_BASELINE,HF9g-P5,,,,X 全窗基线 · 不参与实体赏罚,6874630,688,A168_HF9F_20260827_0900,2026-08-27 09:00:00
2026-08-02,152220872,2239,0,4.0407305641,-4.0407305641,-4.0407305641,0E-7,1,1,0.49324550000000000,0.493245500000,-0.9865810262130424,-0.9865810262130424,-0.9865810262130424,0E-17,ELIGIBLE,R03b_20260811_FULL_v1,L1_ELIGIBILITY,v2026-08-11,2026-03-21..2026-08-06,baccarat_bet02_101_all_pairs_incl_sentinel,round_win = game_pnl > 0 (decisive only),COMPATIBILITY_ONLY_NOT_PRODUCTION,13461.8174,12030.9580,168.4253,1921,1920,-0.01251133,-0.01264445,-0.00681516,-0.01251133,-168.4253,13461.8174,OK,0.0000,6.7370,4.0000,96.0000,AG03-UNRESOLVED,ALL5_LEVELS_bet23_to_bet27,6.7370,6.7370,6.7370,10.1055,10.1055,4.000000,4.000000,4.000000,6.000000,6.000000,96.000000,96.000000,96.000000,94.000000,94.000000,5.0,40.4221,36.7584,128.0032,131.6669,PENDING_AG03,FALSE,NOT_FOR_ENFORCEMENT,161.6883,11549.7197,168.4253,161.6883,6.7370,0.01251133,0.01201088,6.7370,161.6883,0.01201088,6.7370,6.7370,6.7370,10.1055,10.1055,161.6883,0.01201088,40.4221,36.7584,128.0032,131.6669,0.00950861,0.00978077,0.00050045,7.0077,6.2661,0.0877,10.5266,0.1689,841.3636,120.0000,7.1725,3.5334,4.0407,6.0611,8.1756,12.1222,16.1629,20.2037,6.0611,0.0,2.666667,3.333333,1.156179,29,150,35,2,0.97716482,0.01251133,0.01264445,0E-8,0.000000,0.893710,0.075482,-0.00582929,2026-06-30,2026-08-06,16,997,296,38,0.421053,2.029941,1.023519,3.257216,,,,,,,,GLOBAL_BASELINE_NO_ENTITY_RANKING,,,NOT_APPLICABLE_GLOBAL_BASELINE,HF9g-P5,,,,X 全窗基线 · 不参与实体赏罚,6874631,688,A168_HF9F_20260827_0900,2026-08-27 09:00:00
2026-08-02,152220872,2242,0,6.0610958461,5.7580410538,5.7580410538,1.0000000,2,2,0.50665070000000000,0.506650700000,1.3955260008387969,1.3955260008387969,1.3955260008387969,0E-17,ELIGIBLE,R03b_20260811_FULL_v1,L1_ELIGIBILITY,v2026-08-11,2026-03-21..2026-08-06,baccarat_bet02_101_all_pairs_incl_sentinel,round_win = game_pnl > 0 (decisive only),COMPATIBILITY_ONLY_NOT_PRODUCTION,13461.8174,12030.9580,168.4253,1921,1920,-0.01251133,-0.01264445,-0.00681516,-0.01251133,-168.4253,13461.8174,OK,0.0000,6.7370,4.0000,96.0000,AG03-UNRESOLVED,ALL5_LEVELS_bet23_to_bet27,6.7370,6.7370,6.7370,10.1055,10.1055,4.000000,4.000000,4.000000,6.000000,6.000000,96.000000,96.000000,96.000000,94.000000,94.000000,5.0,40.4221,36.7584,128.0032,131.6669,PENDING_AG03,FALSE,NOT_FOR_ENFORCEMENT,161.6883,11549.7197,168.4253,161.6883,6.7370,0.01251133,0.01201088,6.7370,161.6883,0.01201088,6.7370,6.7370,6.7370,10.1055,10.1055,161.6883,0.01201088,40.4221,36.7584,128.0032,131.6669,0.00950861,0.00978077,0.00050045,7.0077,6.2661,0.0877,10.5266,0.1689,841.3636,120.0000,7.1725,3.5334,4.0407,6.0611,8.1756,12.1222,16.1629,20.2037,6.0611,0.0,2.666667,3.333333,1.156179,29,150,35,2,0.97716482,0.01251133,0.01264445,0E-8,0.000000,0.893710,0.075482,-0.00582929,2026-06-30,2026-08-06,16,997,296,38,0.421053,2.029941,1.023519,3.257216,,,,,,,,GLOBAL_BASELINE_NO_ENTITY_RANKING,,,NOT_APPLICABLE_GLOBAL_BASELINE,HF9g-P5,,,,X 全窗基线 · 不参与实体赏罚,6874632,688,A168_HF9F_20260827_0900,2026-08-27 09:00:00
2026-08-02,152220872,2250,0,2.0203652820,1.9193470179,1.9193470179,1.0000000,1,1,0.50665070000000000,0.506650700000,0.9867858985152569,0.9867858985152569,0.9867858985152569,0E-17,ELIGIBLE,R03b_20260811_FULL_v1,L1_ELIGIBILITY,v2026-08-11,2026-03-21..2026-08-06,baccarat_bet02_101_all_pairs_incl_sentinel,round_win = game_pnl > 0 (decisive only),COMPATIBILITY_ONLY_NOT_PRODUCTION,13461.8174,12030.9580,168.4253,1921,1920,-0.01251133,-0.01264445,-0.00681516,-0.01251133,-168.4253,13461.8174,OK,0.0000,6.7370,4.0000,96.0000,AG03-UNRESOLVED,ALL5_LEVELS_bet23_to_bet27,6.7370,6.7370,6.7370,10.1055,10.1055,4.000000,4.000000,4.000000,6.000000,6.000000,96.000000,96.000000,96.000000,94.000000,94.000000,5.0,40.4221,36.7584,128.0032,131.6669,PENDING_AG03,FALSE,NOT_FOR_ENFORCEMENT,161.6883,11549.7197,168.4253,161.6883,6.7370,0.01251133,0.01201088,6.7370,161.6883,0.01201088,6.7370,6.7370,6.7370,10.1055,10.1055,161.6883,0.01201088,40.4221,36.7584,128.0032,131.6669,0.00950861,0.00978077,0.00050045,7.0077,6.2661,0.0877,10.5266,0.1689,841.3636,120.0000,7.1725,3.5334,4.0407,6.0611,8.1756,12.1222,16.1629,20.2037,6.0611,0.0,2.666667,3.333333,1.156179,29,150,35,2,0.97716482,0.01251133,0.01264445,0E-8,0.000000,0.893710,0.075482,-0.00582929,2026-06-30,2026-08-06,16,997,296,38,0.421053,2.029941,1.023519,3.257216,,,,,,,,GLOBAL_BASELINE_NO_ENTITY_RANKING,,,NOT_APPLICABLE_GLOBAL_BASELINE,HF9g-P5,,,,X 全窗基线 · 不参与实体赏罚,6874633,688,A168_HF9F_20260827_0900,2026-08-27 09:00:00
2026-08-02,152220872,2251,0,6.0610958461,-6.0610958461,-6.0610958461,0E-7,2,2,0.49994810000000000,0.499948100000,-1.4140667746232096,-1.4140667746232096,-1.4140667746232096,0E-17,ELIGIBLE,R03b_20260811_FULL_v1,L1_ELIGIBILITY,v2026-08-11,2026-03-21..2026-08-06,baccarat_bet02_101_all_pairs_incl_sentinel,round_win = game_pnl > 0 (decisive only),COMPATIBILITY_ONLY_NOT_PRODUCTION,13461.8174,12030.9580,168.4253,1921,1920,-0.01251133,-0.01264445,-0.00681516,-0.01251133,-168.4253,13461.8174,OK,0.0000,6.7370,4.0000,96.0000,AG03-UNRESOLVED,ALL5_LEVELS_bet23_to_bet27,6.7370,6.7370,6.7370,10.1055,10.1055,4.000000,4.000000,4.000000,6.000000,6.000000,96.000000,96.000000,96.000000,94.000000,94.000000,5.0,40.4221,36.7584,128.0032,131.6669,PENDING_AG03,FALSE,NOT_FOR_ENFORCEMENT,161.6883,11549.7197,168.4253,161.6883,6.7370,0.01251133,0.01201088,6.7370,161.6883,0.01201088,6.7370,6.7370,6.7370,10.1055,10.1055,161.6883,0.01201088,40.4221,36.7584,128.0032,131.6669,0.00950861,0.00978077,0.00050045,7.0077,6.2661,0.0877,10.5266,0.1689,841.3636,120.0000,7.1725,3.5334,4.0407,6.0611,8.1756,12.1222,16.1629,20.2037,6.0611,0.0,2.666667,3.333333,1.156179,29,150,35,2,0.97716482,0.01251133,0.01264445,0E-8,0.000000,0.893710,0.075482,-0.00582929,2026-06-30,2026-08-06,16,997,296,38,0.421053,2.029941,1.023519,3.257216,,,,,,,,GLOBAL_BASELINE_NO_ENTITY_RANKING,,,NOT_APPLICABLE_GLOBAL_BASELINE,HF9g-P5,,,,X 全窗基线 · 不参与实体赏罚,6874634,688,A168_HF9F_20260827_0900,2026-08-27 09:00:00
2026-08-02,152220872,2254,0,6.0610958461,-6.0610958461,-6.0610958461,0E-7,1,1,0.50665070000000000,0.506650700000,-1.013391052207602,-1.013391052207602,-1.013391052207602,0E-17,ELIGIBLE,R03b_20260811_FULL_v1,L1_ELIGIBILITY,v2026-08-11,2026-03-21..2026-08-06,baccarat_bet02_101_all_pairs_incl_sentinel,round_win = game_pnl > 0 (decisive only),COMPATIBILITY_ONLY_NOT_PRODUCTION,13461.8174,12030.9580,168.4253,1921,1920,-0.01251133,-0.01264445,-0.00681516,-0.01251133,-168.4253,13461.8174,OK,0.0000,6.7370,4.0000,96.0000,AG03-UNRESOLVED,ALL5_LEVELS_bet23_to_bet27,6.7370,6.7370,6.7370,10.1055,10.1055,4.000000,4.000000,4.000000,6.000000,6.000000,96.000000,96.000000,96.000000,94.000000,94.000000,5.0,40.4221,36.7584,128.0032,131.6669,PENDING_AG03,FALSE,NOT_FOR_ENFORCEMENT,161.6883,11549.7197,168.4253,161.6883,6.7370,0.01251133,0.01201088,6.7370,161.6883,0.01201088,6.7370,6.7370,6.7370,10.1055,10.1055,161.6883,0.01201088,40.4221,36.7584,128.0032,131.6669,0.00950861,0.00978077,0.00050045,7.0077,6.2661,0.0877,10.5266,0.1689,841.3636,120.0000,7.1725,3.5334,4.0407,6.0611,8.1756,12.1222,16.1629,20.2037,6.0611,0.0,2.666667,3.333333,1.156179,29,150,35,2,0.97716482,0.01251133,0.01264445,0E-8,0.000000,0.893710,0.075482,-0.00582929,2026-06-30,2026-08-06,16,997,296,38,0.421053,2.029941,1.023519,3.257216,,,,,,,,GLOBAL_BASELINE_NO_ENTITY_RANKING,,,NOT_APPLICABLE_GLOBAL_BASELINE,HF9g-P5,,,,X 全窗基线 · 不参与实体赏罚,6874635,688,A168_HF9F_20260827_0900,2026-08-27 09:00:00
2026-08-02,152220872,2261,0,10.1018264102,6.0610958461,6.0610958461,1.0000000,3,3,0.49324550000000000,0.493245500000,1.4334489766152358,1.4334489766152358,1.4334489766152358,0E-17,ELIGIBLE,R03b_20260811_FULL_v1,L1_ELIGIBILITY,v2026-08-11,2026-03-21..2026-08-06,baccarat_bet02_101_all_pairs_incl_sentinel,round_win = game_pnl > 0 (decisive only),COMPATIBILITY_ONLY_NOT_PRODUCTION,13461.8174,12030.9580,168.4253,1921,1920,-0.01251133,-0.01264445,-0.00681516,-0.01251133,-168.4253,13461.8174,OK,0.0000,6.7370,4.0000,96.0000,AG03-UNRESOLVED,ALL5_LEVELS_bet23_to_bet27,6.7370,6.7370,6.7370,10.1055,10.1055,4.000000,4.000000,4.000000,6.000000,6.000000,96.000000,96.000000,96.000000,94.000000,94.000000,5.0,40.4221,36.7584,128.0032,131.6669,PENDING_AG03,FALSE,NOT_FOR_ENFORCEMENT,161.6883,11549.7197,168.4253,161.6883,6.7370,0.01251133,0.01201088,6.7370,161.6883,0.01201088,6.7370,6.7370,6.7370,10.1055,10.1055,161.6883,0.01201088,40.4221,36.7584,128.0032,131.6669,0.00950861,0.00978077,0.00050045,7.0077,6.2661,0.0877,10.5266,0.1689,841.3636,120.0000,7.1725,3.5334,4.0407,6.0611,8.1756,12.1222,16.1629,20.2037,6.0611,0.0,2.666667,3.333333,1.156179,29,150,35,2,0.97716482,0.01251133,0.01264445,0E-8,0.000000,0.893710,0.075482,-0.00582929,2026-06-30,2026-08-06,16,997,296,38,0.421053,2.029941,1.023519,3.257216,,,,,,,,GLOBAL_BASELINE_NO_ENTITY_RANKING,,,NOT_APPLICABLE_GLOBAL_BASELINE,HF9g-P5,,,,X 全窗基线 · 不参与实体赏罚,6874636,688,A168_HF9F_20260827_0900,2026-08-27 09:00:00
2026-08-02,152220872,2276,0,20.2036528205,4.0407305641,4.0407305641,0.5000000,2,2,0.50665070000000000,0.506650700000,-0.018812684590367487,-0.018812684590367487,-0.018812684590367487,0E-17,ELIGIBLE,R03b_20260811_FULL_v1,L1_ELIGIBILITY,v2026-08-11,2026-03-21..2026-08-06,baccarat_bet02_101_all_pairs_incl_sentinel,round_win = game_pnl > 0 (decisive only),COMPATIBILITY_ONLY_NOT_PRODUCTION,13461.8174,12030.9580,168.4253,1921,1920,-0.01251133,-0.01264445,-0.00681516,-0.01251133,-168.4253,13461.8174,OK,0.0000,6.7370,4.0000,96.0000,AG03-UNRESOLVED,ALL5_LEVELS_bet23_to_bet27,6.7370,6.7370,6.7370,10.1055,10.1055,4.000000,4.000000,4.000000,6.000000,6.000000,96.000000,96.000000,96.000000,94.000000,94.000000,5.0,40.4221,36.7584,128.0032,131.6669,PENDING_AG03,FALSE,NOT_FOR_ENFORCEMENT,161.6883,11549.7197,168.4253,161.6883,6.7370,0.01251133,0.01201088,6.7370,161.6883,0.01201088,6.7370,6.7370,6.7370,10.1055,10.1055,161.6883,0.01201088,40.4221,36.7584,128.0032,131.6669,0.00950861,0.00978077,0.00050045,7.0077,6.2661,0.0877,10.5266,0.1689,841.3636,120.0000,7.1725,3.5334,4.0407,6.0611,8.1756,12.1222,16.1629,20.2037,6.0611,0.0,2.666667,3.333333,1.156179,29,150,35,2,0.97716482,0.01251133,0.01264445,0E-8,0.000000,0.893710,0.075482,-0.00582929,2026-06-30,2026-08-06,16,997,296,38,0.421053,2.029941,1.023519,3.257216,,,,,,,,GLOBAL_BASELINE_NO_ENTITY_RANKING,,,NOT_APPLICABLE_GLOBAL_BASELINE,HF9g-P5,,,,X 全窗基线 · 不参与实体赏罚,6874637,688,A168_HF9F_20260827_0900,2026-08-27 09:00:00
2026-08-02,152220872,2280,0,40.4073056408,-40.4073056408,-40.4073056408,0E-7,3,3,0.49771390000000000,0.497713900000,-1.724149546644903,-1.724149546644903,-1.724149546644903,0E-17,ELIGIBLE,R03b_20260811_FULL_v1,L1_ELIGIBILITY,v2026-08-11,2026-03-21..2026-08-06,baccarat_bet02_101_all_pairs_incl_sentinel,round_win = game_pnl > 0 (decisive only),COMPATIBILITY_ONLY_NOT_PRODUCTION,13461.8174,12030.9580,168.4253,1921,1920,-0.01251133,-0.01264445,-0.00681516,-0.01251133,-168.4253,13461.8174,OK,0.0000,6.7370,4.0000,96.0000,AG03-UNRESOLVED,ALL5_LEVELS_bet23_to_bet27,6.7370,6.7370,6.7370,10.1055,10.1055,4.000000,4.000000,4.000000,6.000000,6.000000,96.000000,96.000000,96.000000,94.000000,94.000000,5.0,40.4221,36.7584,128.0032,131.6669,PENDING_AG03,FALSE,NOT_FOR_ENFORCEMENT,161.6883,11549.7197,168.4253,161.6883,6.7370,0.01251133,0.01201088,6.7370,161.6883,0.01201088,6.7370,6.7370,6.7370,10.1055,10.1055,161.6883,0.01201088,40.4221,36.7584,128.0032,131.6669,0.00950861,0.00978077,0.00050045,7.0077,6.2661,0.0877,10.5266,0.1689,841.3636,120.0000,7.1725,3.5334,4.0407,6.0611,8.1756,12.1222,16.1629,20.2037,6.0611,0.0,2.666667,3.333333,1.156179,29,150,35,2,0.97716482,0.01251133,0.01264445,0E-8,0.000000,0.893710,0.075482,-0.00582929,2026-06-30,2026-08-06,16,997,296,38,0.421053,2.029941,1.023519,3.257216,,,,,,,,GLOBAL_BASELINE_NO_ENTITY_RANKING,,,NOT_APPLICABLE_GLOBAL_BASELINE,HF9g-P5,,,,X 全窗基线 · 不参与实体赏罚,6874638,688,A168_HF9F_20260827_0900,2026-08-27 09:00:00
2026-08-02,152220872,2281,0,2.0203652820,-2.0203652820,-2.0203652820,0E-7,1,1,0.50665070000000000,0.506650700000,-1.013391052207602,-1.013391052207602,-1.013391052207602,0E-17,ELIGIBLE,R03b_20260811_FULL_v1,L1_ELIGIBILITY,v2026-08-11,2026-03-21..2026-08-06,baccarat_bet02_101_all_pairs_incl_sentinel,round_win = game_pnl > 0 (decisive only),COMPATIBILITY_ONLY_NOT_PRODUCTION,13461.8174,12030.9580,168.4253,1921,1920,-0.01251133,-0.01264445,-0.00681516,-0.01251133,-168.4253,13461.8174,OK,0.0000,6.7370,4.0000,96.0000,AG03-UNRESOLVED,ALL5_LEVELS_bet23_to_bet27,6.7370,6.7370,6.7370,10.1055,10.1055,4.000000,4.000000,4.000000,6.000000,6.000000,96.000000,96.000000,96.000000,94.000000,94.000000,5.0,40.4221,36.7584,128.0032,131.6669,PENDING_AG03,FALSE,NOT_FOR_ENFORCEMENT,161.6883,11549.7197,168.4253,161.6883,6.7370,0.01251133,0.01201088,6.7370,161.6883,0.01201088,6.7370,6.7370,6.7370,10.1055,10.1055,161.6883,0.01201088,40.4221,36.7584,128.0032,131.6669,0.00950861,0.00978077,0.00050045,7.0077,6.2661,0.0877,10.5266,0.1689,841.3636,120.0000,7.1725,3.5334,4.0407,6.0611,8.1756,12.1222,16.1629,20.2037,6.0611,0.0,2.666667,3.333333,1.156179,29,150,35,2,0.97716482,0.01251133,0.01264445,0E-8,0.000000,0.893710,0.075482,-0.00582929,2026-06-30,2026-08-06,16,997,296,38,0.421053,2.029941,1.023519,3.257216,,,,,,,,GLOBAL_BASELINE_NO_ENTITY_RANKING,,,NOT_APPLICABLE_GLOBAL_BASELINE,HF9g-P5,,,,X 全窗基线 · 不参与实体赏罚,6874639,688,A168_HF9F_20260827_0900,2026-08-27 09:00:00
2026-08-02,152220872,2287,0,16.1629222564,-12.1221916923,-12.1221916923,0E-7,2,2,0.50665070000000000,0.506650700000,-1.013391052207602,-1.013391052207602,-1.013391052207602,0E-17,ELIGIBLE,R03b_20260811_FULL_v1,L1_ELIGIBILITY,v2026-08-11,2026-03-21..2026-08-06,baccarat_bet02_101_all_pairs_incl_sentinel,round_win = game_pnl > 0 (decisive only),COMPATIBILITY_ONLY_NOT_PRODUCTION,13461.8174,12030.9580,168.4253,1921,1920,-0.01251133,-0.01264445,-0.00681516,-0.01251133,-168.4253,13461.8174,OK,0.0000,6.7370,4.0000,96.0000,AG03-UNRESOLVED,ALL5_LEVELS_bet23_to_bet27,6.7370,6.7370,6.7370,10.1055,10.1055,4.000000,4.000000,4.000000,6.000000,6.000000,96.000000,96.000000,96.000000,94.000000,94.000000,5.0,40.4221,36.7584,128.0032,131.6669,PENDING_AG03,FALSE,NOT_FOR_ENFORCEMENT,161.6883,11549.7197,168.4253,161.6883,6.7370,0.01251133,0.01201088,6.7370,161.6883,0.01201088,6.7370,6.7370,6.7370,10.1055,10.1055,161.6883,0.01201088,40.4221,36.7584,128.0032,131.6669,0.00950861,0.00978077,0.00050045,7.0077,6.2661,0.0877,10.5266,0.1689,841.3636,120.0000,7.1725,3.5334,4.0407,6.0611,8.1756,12.1222,16.1629,20.2037,6.0611,0.0,2.666667,3.333333,1.156179,29,150,35,2,0.97716482,0.01251133,0.01264445,0E-8,0.000000,0.893710,0.075482,-0.00582929,2026-06-30,2026-08-06,16,997,296,38,0.421053,2.029941,1.023519,3.257216,,,,,,,,GLOBAL_BASELINE_NO_ENTITY_RANKING,,,NOT_APPLICABLE_GLOBAL_BASELINE,HF9g-P5,,,,X 全窗基线 · 不参与实体赏罚,6874640,688,A168_HF9F_20260827_0900,2026-08-27 09:00:00
2026-08-02,152220872,2288,0,24.2443833846,-8.0814611282,-8.0814611282,0E-7,3,3,0.49771390000000000,0.497713900000,-0.9954382048786059,-0.995438204878606,-0.9954382048786059,0E-17,ELIGIBLE,R03b_20260811_FULL_v1,L1_ELIGIBILITY,v2026-08-11,2026-03-21..2026-08-06,baccarat_bet02_101_all_pairs_incl_sentinel,round_win = game_pnl > 0 (decisive only),COMPATIBILITY_ONLY_NOT_PRODUCTION,13461.8174,12030.9580,168.4253,1921,1920,-0.01251133,-0.01264445,-0.00681516,-0.01251133,-168.4253,13461.8174,OK,0.0000,6.7370,4.0000,96.0000,AG03-UNRESOLVED,ALL5_LEVELS_bet23_to_bet27,6.7370,6.7370,6.7370,10.1055,10.1055,4.000000,4.000000,4.000000,6.000000,6.000000,96.000000,96.000000,96.000000,94.000000,94.000000,5.0,40.4221,36.7584,128.0032,131.6669,PENDING_AG03,FALSE,NOT_FOR_ENFORCEMENT,161.6883,11549.7197,168.4253,161.6883,6.7370,0.01251133,0.01201088,6.7370,161.6883,0.01201088,6.7370,6.7370,6.7370,10.1055,10.1055,161.6883,0.01201088,40.4221,36.7584,128.0032,131.6669,0.00950861,0.00978077,0.00050045,7.0077,6.2661,0.0877,10.5266,0.1689,841.3636,120.0000,7.1725,3.5334,4.0407,6.0611,8.1756,12.1222,16.1629,20.2037,6.0611,0.0,2.666667,3.333333,1.156179,29,150,35,2,0.97716482,0.01251133,0.01264445,0E-8,0.000000,0.893710,0.075482,-0.00582929,2026-06-30,2026-08-06,16,997,296,38,0.421053,2.029941,1.023519,3.257216,,,,,,,,GLOBAL_BASELINE_NO_ENTITY_RANKING,,,NOT_APPLICABLE_GLOBAL_BASELINE,HF9g-P5,,,,X 全窗基线 · 不参与实体赏罚,6874641,688,A168_HF9F_20260827_0900,2026-08-27 09:00:00
2026-08-02,152220872,529,0,2.0203652820,1.9193470179,1.9193470179,1.0000000,1,1,0.50665070000000000,0.506650700000,0.9867858985152569,0.9867858985152569,0.9867858985152569,0E-17,ELIGIBLE,R03b_20260811_FULL_v1,L1_ELIGIBILITY,v2026-08-11,2026-03-21..2026-08-06,baccarat_bet02_101_all_pairs_incl_sentinel,round_win = game_pnl > 0 (decisive only),COMPATIBILITY_ONLY_NOT_PRODUCTION,13461.8174,12030.9580,168.4253,1921,1920,-0.01251133,-0.01264445,-0.00681516,-0.01251133,-168.4253,13461.8174,OK,0.0000,6.7370,4.0000,96.0000,AG03-UNRESOLVED,ALL5_LEVELS_bet23_to_bet27,6.7370,6.7370,6.7370,10.1055,10.1055,4.000000,4.000000,4.000000,6.000000,6.000000,96.000000,96.000000,96.000000,94.000000,94.000000,5.0,40.4221,36.7584,128.0032,131.6669,PENDING_AG03,FALSE,NOT_FOR_ENFORCEMENT,161.6883,11549.7197,168.4253,161.6883,6.7370,0.01251133,0.01201088,6.7370,161.6883,0.01201088,6.7370,6.7370,6.7370,10.1055,10.1055,161.6883,0.01201088,40.4221,36.7584,128.0032,131.6669,0.00950861,0.00978077,0.00050045,7.0077,6.2661,0.0877,10.5266,0.1689,841.3636,120.0000,7.1725,3.5334,4.0407,6.0611,8.1756,12.1222,16.1629,20.2037,6.0611,0.0,2.666667,3.333333,1.156179,29,150,35,2,0.97716482,0.01251133,0.01264445,0E-8,0.000000,0.893710,0.075482,-0.00582929,2026-06-30,2026-08-06,16,997,296,38,0.421053,2.029941,1.023519,3.257216,,,,,,,,GLOBAL_BASELINE_NO_ENTITY_RANKING,,,NOT_APPLICABLE_GLOBAL_BASELINE,HF9g-P5,,,,X 全窗基线 · 不参与实体赏罚,6874642,688,A168_HF9F_20260827_0900,2026-08-27 09:00:00
2026-08-02,152220872,763,0,14.1425569743,1.6162922257,1.6162922257,0.5000000,2,2,0.50665070000000000,0.506650700000,-0.018812684590367487,-0.018812684590367487,-0.018812684590367487,0E-17,ELIGIBLE,R03b_20260811_FULL_v1,L1_ELIGIBILITY,v2026-08-11,2026-03-21..2026-08-06,baccarat_bet02_101_all_pairs_incl_sentinel,round_win = game_pnl > 0 (decisive only),COMPATIBILITY_ONLY_NOT_PRODUCTION,13461.8174,12030.9580,168.4253,1921,1920,-0.01251133,-0.01264445,-0.00681516,-0.01251133,-168.4253,13461.8174,OK,0.0000,6.7370,4.0000,96.0000,AG03-UNRESOLVED,ALL5_LEVELS_bet23_to_bet27,6.7370,6.7370,6.7370,10.1055,10.1055,4.000000,4.000000,4.000000,6.000000,6.000000,96.000000,96.000000,96.000000,94.000000,94.000000,5.0,40.4221,36.7584,128.0032,131.6669,PENDING_AG03,FALSE,NOT_FOR_ENFORCEMENT,161.6883,11549.7197,168.4253,161.6883,6.7370,0.01251133,0.01201088,6.7370,161.6883,0.01201088,6.7370,6.7370,6.7370,10.1055,10.1055,161.6883,0.01201088,40.4221,36.7584,128.0032,131.6669,0.00950861,0.00978077,0.00050045,7.0077,6.2661,0.0877,10.5266,0.1689,841.3636,120.0000,7.1725,3.5334,4.0407,6.0611,8.1756,12.1222,16.1629,20.2037,6.0611,0.0,2.666667,3.333333,1.156179,29,150,35,2,0.97716482,0.01251133,0.01264445,0E-8,0.000000,0.893710,0.075482,-0.00582929,2026-06-30,2026-08-06,16,997,296,38,0.421053,2.029941,1.023519,3.257216,,,,,,,,GLOBAL_BASELINE_NO_ENTITY_RANKING,,,NOT_APPLICABLE_GLOBAL_BASELINE,HF9g-P5,,,,X 全窗基线 · 不参与实体赏罚,6874643,688,A168_HF9F_20260827_0900,2026-08-27 09:00:00
2026-08-02,152220872,970,0,20.2036528205,-4.4448036205,-4.4448036205,0.5000000,4,4,0.50329940000000000,0.503299400000,-0.01319788734859681,-0.01319788734859681,-0.01319788734859681,0E-17,ELIGIBLE,R03b_20260811_FULL_v1,L1_ELIGIBILITY,v2026-08-11,2026-03-21..2026-08-06,baccarat_bet02_101_all_pairs_incl_sentinel,round_win = game_pnl > 0 (decisive only),COMPATIBILITY_ONLY_NOT_PRODUCTION,13461.8174,12030.9580,168.4253,1921,1920,-0.01251133,-0.01264445,-0.00681516,-0.01251133,-168.4253,13461.8174,OK,0.0000,6.7370,4.0000,96.0000,AG03-UNRESOLVED,ALL5_LEVELS_bet23_to_bet27,6.7370,6.7370,6.7370,10.1055,10.1055,4.000000,4.000000,4.000000,6.000000,6.000000,96.000000,96.000000,96.000000,94.000000,94.000000,5.0,40.4221,36.7584,128.0032,131.6669,PENDING_AG03,FALSE,NOT_FOR_ENFORCEMENT,161.6883,11549.7197,168.4253,161.6883,6.7370,0.01251133,0.01201088,6.7370,161.6883,0.01201088,6.7370,6.7370,6.7370,10.1055,10.1055,161.6883,0.01201088,40.4221,36.7584,128.0032,131.6669,0.00950861,0.00978077,0.00050045,7.0077,6.2661,0.0877,10.5266,0.1689,841.3636,120.0000,7.1725,3.5334,4.0407,6.0611,8.1756,12.1222,16.1629,20.2037,6.0611,0.0,2.666667,3.333333,1.156179,29,150,35,2,0.97716482,0.01251133,0.01264445,0E-8,0.000000,0.893710,0.075482,-0.00582929,2026-06-30,2026-08-06,16,997,296,38,0.421053,2.029941,1.023519,3.257216,,,,,,,,GLOBAL_BASELINE_NO_ENTITY_RANKING,,,NOT_APPLICABLE_GLOBAL_BASELINE,HF9g-P5,,,,X 全窗基线 · 不参与实体赏罚,6874644,688,A168_HF9F_20260827_0900,2026-08-27 09:00:00
2026-08-02,152220872,994,0,10.1018264102,5.8590593180,5.8590593180,0.6666667,3,3,0.50218230000000000,0.502182300000,0.5697959874915163,0.5697959874915164,0.5697959874915163,0E-17,ELIGIBLE,R03b_20260811_FULL_v1,L1_ELIGIBILITY,v2026-08-11,2026-03-21..2026-08-06,baccarat_bet02_101_all_pairs_incl_sentinel,round_win = game_pnl > 0 (decisive only),COMPATIBILITY_ONLY_NOT_PRODUCTION,13461.8174,12030.9580,168.4253,1921,1920,-0.01251133,-0.01264445,-0.00681516,-0.01251133,-168.4253,13461.8174,OK,0.0000,6.7370,4.0000,96.0000,AG03-UNRESOLVED,ALL5_LEVELS_bet23_to_bet27,6.7370,6.7370,6.7370,10.1055,10.1055,4.000000,4.000000,4.000000,6.000000,6.000000,96.000000,96.000000,96.000000,94.000000,94.000000,5.0,40.4221,36.7584,128.0032,131.6669,PENDING_AG03,FALSE,NOT_FOR_ENFORCEMENT,161.6883,11549.7197,168.4253,161.6883,6.7370,0.01251133,0.01201088,6.7370,161.6883,0.01201088,6.7370,6.7370,6.7370,10.1055,10.1055,161.6883,0.01201088,40.4221,36.7584,128.0032,131.6669,0.00950861,0.00978077,0.00050045,7.0077,6.2661,0.0877,10.5266,0.1689,841.3636,120.0000,7.1725,3.5334,4.0407,6.0611,8.1756,12.1222,16.1629,20.2037,6.0611,0.0,2.666667,3.333333,1.156179,29,150,35,2,0.97716482,0.01251133,0.01264445,0E-8,0.000000,0.893710,0.075482,-0.00582929,2026-06-30,2026-08-06,16,997,296,38,0.421053,2.029941,1.023519,3.257216,,,,,,,,GLOBAL_BASELINE_NO_ENTITY_RANKING,,,NOT_APPLICABLE_GLOBAL_BASELINE,HF9g-P5,,,,X 全窗基线 · 不参与实体赏罚,6874645,688,A168_HF9F_20260827_0900,2026-08-27 09:00:00
2026-08-03,152220872,-1,1,56.1661548409,6.0610958461,6.0610958461,0.5555556,10,10,0.49726706000000000,0.497267060000,0.3497361977044266,0.3497361977044266,0.3497361977044266,0E-17,SENTINEL_DEALER,R03b_20260811_FULL_v1,L1_ELIGIBILITY,v2026-08-11,2026-03-21..2026-08-06,baccarat_bet02_101_all_pairs_incl_sentinel,round_win = game_pnl > 0 (decisive only),COMPATIBILITY_ONLY_NOT_PRODUCTION,13461.8174,12030.9580,168.4253,1921,1920,-0.01251133,-0.01264445,-0.00681516,-0.01251133,-168.4253,13461.8174,OK,0.0000,6.7370,4.0000,96.0000,AG03-UNRESOLVED,ALL5_LEVELS_bet23_to_bet27,6.7370,6.7370,6.7370,10.1055,10.1055,4.000000,4.000000,4.000000,6.000000,6.000000,96.000000,96.000000,96.000000,94.000000,94.000000,5.0,40.4221,36.7584,128.0032,131.6669,PENDING_AG03,FALSE,NOT_FOR_ENFORCEMENT,161.6883,11549.7197,168.4253,161.6883,6.7370,0.01251133,0.01201088,6.7370,161.6883,0.01201088,6.7370,6.7370,6.7370,10.1055,10.1055,161.6883,0.01201088,40.4221,36.7584,128.0032,131.6669,0.00950861,0.00978077,0.00050045,7.0077,6.2661,0.0877,10.5266,0.1689,841.3636,120.0000,7.1725,3.5334,4.0407,6.0611,8.1756,12.1222,16.1629,20.2037,6.0611,0.0,2.666667,3.333333,1.156179,29,150,35,2,0.97716482,0.01251133,0.01264445,0E-8,0.000000,0.893710,0.075482,-0.00582929,2026-06-30,2026-08-06,16,997,296,38,0.421053,2.029941,1.023519,3.257216,,,,,,,,GLOBAL_BASELINE_NO_ENTITY_RANKING,,,NOT_APPLICABLE_GLOBAL_BASELINE,HF9g-P5,,,,X 全窗基线 · 不参与实体赏罚,6874646,688,A168_HF9F_20260827_0900,2026-08-27 09:00:00
2026-08-03,152220872,1094,0,8.0814611282,7.6773880718,7.6773880718,1.0000000,1,1,0.50665070000000000,0.506650700000,0.9867858985152569,0.9867858985152569,0.9867858985152569,0E-17,ELIGIBLE,R03b_20260811_FULL_v1,L1_ELIGIBILITY,v2026-08-11,2026-03-21..2026-08-06,baccarat_bet02_101_all_pairs_incl_sentinel,round_win = game_pnl > 0 (decisive only),COMPATIBILITY_ONLY_NOT_PRODUCTION,13461.8174,12030.9580,168.4253,1921,1920,-0.01251133,-0.01264445,-0.00681516,-0.01251133,-168.4253,13461.8174,OK,0.0000,6.7370,4.0000,96.0000,AG03-UNRESOLVED,ALL5_LEVELS_bet23_to_bet27,6.7370,6.7370,6.7370,10.1055,10.1055,4.000000,4.000000,4.000000,6.000000,6.000000,96.000000,96.000000,96.000000,94.000000,94.000000,5.0,40.4221,36.7584,128.0032,131.6669,PENDING_AG03,FALSE,NOT_FOR_ENFORCEMENT,161.6883,11549.7197,168.4253,161.6883,6.7370,0.01251133,0.01201088,6.7370,161.6883,0.01201088,6.7370,6.7370,6.7370,10.1055,10.1055,161.6883,0.01201088,40.4221,36.7584,128.0032,131.6669,0.00950861,0.00978077,0.00050045,7.0077,6.2661,0.0877,10.5266,0.1689,841.3636,120.0000,7.1725,3.5334,4.0407,6.0611,8.1756,12.1222,16.1629,20.2037,6.0611,0.0,2.666667,3.333333,1.156179,29,150,35,2,0.97716482,0.01251133,0.01264445,0E-8,0.000000,0.893710,0.075482,-0.00582929,2026-06-30,2026-08-06,16,997,296,38,0.421053,2.029941,1.023519,3.257216,,,,,,,,GLOBAL_BASELINE_NO_ENTITY_RANKING,,,NOT_APPLICABLE_GLOBAL_BASELINE,HF9g-P5,,,,X 全窗基线 · 不参与实体赏罚,6874647,688,A168_HF9F_20260827_0900,2026-08-27 09:00:00
2026-08-03,152220872,1150,0,8.0814611282,8.0814611282,8.0814611282,1.0000000,1,1,0.49324550000000000,0.493245500000,1.01360149184955,1.01360149184955,1.01360149184955,0E-17,ELIGIBLE,R03b_20260811_FULL_v1,L1_ELIGIBILITY,v2026-08-11,2026-03-21..2026-08-06,baccarat_bet02_101_all_pairs_incl_sentinel,round_win = game_pnl > 0 (decisive only),COMPATIBILITY_ONLY_NOT_PRODUCTION,13461.8174,12030.9580,168.4253,1921,1920,-0.01251133,-0.01264445,-0.00681516,-0.01251133,-168.4253,13461.8174,OK,0.0000,6.7370,4.0000,96.0000,AG03-UNRESOLVED,ALL5_LEVELS_bet23_to_bet27,6.7370,6.7370,6.7370,10.1055,10.1055,4.000000,4.000000,4.000000,6.000000,6.000000,96.000000,96.000000,96.000000,94.000000,94.000000,5.0,40.4221,36.7584,128.0032,131.6669,PENDING_AG03,FALSE,NOT_FOR_ENFORCEMENT,161.6883,11549.7197,168.4253,161.6883,6.7370,0.01251133,0.01201088,6.7370,161.6883,0.01201088,6.7370,6.7370,6.7370,10.1055,10.1055,161.6883,0.01201088,40.4221,36.7584,128.0032,131.6669,0.00950861,0.00978077,0.00050045,7.0077,6.2661,0.0877,10.5266,0.1689,841.3636,120.0000,7.1725,3.5334,4.0407,6.0611,8.1756,12.1222,16.1629,20.2037,6.0611,0.0,2.666667,3.333333,1.156179,29,150,35,2,0.97716482,0.01251133,0.01264445,0E-8,0.000000,0.893710,0.075482,-0.00582929,2026-06-30,2026-08-06,16,997,296,38,0.421053,2.029941,1.023519,3.257216,,,,,,,,GLOBAL_BASELINE_NO_ENTITY_RANKING,,,NOT_APPLICABLE_GLOBAL_BASELINE,HF9g-P5,,,,X 全窗基线 · 不参与实体赏罚,6874648,688,A168_HF9F_20260827_0900,2026-08-27 09:00:00
2026-08-03,152220872,1205,0,8.0814611282,-8.0814611282,-8.0814611282,0E-7,1,1,0.50665070000000000,0.506650700000,-1.013391052207602,-1.013391052207602,-1.013391052207602,0E-17,ELIGIBLE,R03b_20260811_FULL_v1,L1_ELIGIBILITY,v2026-08-11,2026-03-21..2026-08-06,baccarat_bet02_101_all_pairs_incl_sentinel,round_win = game_pnl > 0 (decisive only),COMPATIBILITY_ONLY_NOT_PRODUCTION,13461.8174,12030.9580,168.4253,1921,1920,-0.01251133,-0.01264445,-0.00681516,-0.01251133,-168.4253,13461.8174,OK,0.0000,6.7370,4.0000,96.0000,AG03-UNRESOLVED,ALL5_LEVELS_bet23_to_bet27,6.7370,6.7370,6.7370,10.1055,10.1055,4.000000,4.000000,4.000000,6.000000,6.000000,96.000000,96.000000,96.000000,94.000000,94.000000,5.0,40.4221,36.7584,128.0032,131.6669,PENDING_AG03,FALSE,NOT_FOR_ENFORCEMENT,161.6883,11549.7197,168.4253,161.6883,6.7370,0.01251133,0.01201088,6.7370,161.6883,0.01201088,6.7370,6.7370,6.7370,10.1055,10.1055,161.6883,0.01201088,40.4221,36.7584,128.0032,131.6669,0.00950861,0.00978077,0.00050045,7.0077,6.2661,0.0877,10.5266,0.1689,841.3636,120.0000,7.1725,3.5334,4.0407,6.0611,8.1756,12.1222,16.1629,20.2037,6.0611,0.0,2.666667,3.333333,1.156179,29,150,35,2,0.97716482,0.01251133,0.01264445,0E-8,0.000000,0.893710,0.075482,-0.00582929,2026-06-30,2026-08-06,16,997,296,38,0.421053,2.029941,1.023519,3.257216,,,,,,,,GLOBAL_BASELINE_NO_ENTITY_RANKING,,,NOT_APPLICABLE_GLOBAL_BASELINE,HF9g-P5,,,,X 全窗基线 · 不参与实体赏罚,6874649,688,A168_HF9F_20260827_0900,2026-08-27 09:00:00
2026-08-03,152220872,1323,0,20.2036528205,-4.2427670923,-4.2427670923,0.5000000,4,4,0.50329940000000000,0.503299400000,-0.01319788734859681,-0.01319788734859681,-0.01319788734859681,0E-17,ELIGIBLE,R03b_20260811_FULL_v1,L1_ELIGIBILITY,v2026-08-11,2026-03-21..2026-08-06,baccarat_bet02_101_all_pairs_incl_sentinel,round_win = game_pnl > 0 (decisive only),COMPATIBILITY_ONLY_NOT_PRODUCTION,13461.8174,12030.9580,168.4253,1921,1920,-0.01251133,-0.01264445,-0.00681516,-0.01251133,-168.4253,13461.8174,OK,0.0000,6.7370,4.0000,96.0000,AG03-UNRESOLVED,ALL5_LEVELS_bet23_to_bet27,6.7370,6.7370,6.7370,10.1055,10.1055,4.000000,4.000000,4.000000,6.000000,6.000000,96.000000,96.000000,96.000000,94.000000,94.000000,5.0,40.4221,36.7584,128.0032,131.6669,PENDING_AG03,FALSE,NOT_FOR_ENFORCEMENT,161.6883,11549.7197,168.4253,161.6883,6.7370,0.01251133,0.01201088,6.7370,161.6883,0.01201088,6.7370,6.7370,6.7370,10.1055,10.1055,161.6883,0.01201088,40.4221,36.7584,128.0032,131.6669,0.00950861,0.00978077,0.00050045,7.0077,6.2661,0.0877,10.5266,0.1689,841.3636,120.0000,7.1725,3.5334,4.0407,6.0611,8.1756,12.1222,16.1629,20.2037,6.0611,0.0,2.666667,3.333333,1.156179,29,150,35,2,0.97716482,0.01251133,0.01264445,0E-8,0.000000,0.893710,0.075482,-0.00582929,2026-06-30,2026-08-06,16,997,296,38,0.421053,2.029941,1.023519,3.257216,,,,,,,,GLOBAL_BASELINE_NO_ENTITY_RANKING,,,NOT_APPLICABLE_GLOBAL_BASELINE,HF9g-P5,,,,X 全窗基线 · 不参与实体赏罚,6874650,688,A168_HF9F_20260827_0900,2026-08-27 09:00:00
2026-08-03,152220872,1384,0,4.0407305641,-4.0407305641,-4.0407305641,0E-7,1,1,0.49324550000000000,0.493245500000,-0.9865810262130424,-0.9865810262130424,-0.9865810262130424,0E-17,ELIGIBLE,R03b_20260811_FULL_v1,L1_ELIGIBILITY,v2026-08-11,2026-03-21..2026-08-06,baccarat_bet02_101_all_pairs_incl_sentinel,round_win = game_pnl > 0 (decisive only),COMPATIBILITY_ONLY_NOT_PRODUCTION,13461.8174,12030.9580,168.4253,1921,1920,-0.01251133,-0.01264445,-0.00681516,-0.01251133,-168.4253,13461.8174,OK,0.0000,6.7370,4.0000,96.0000,AG03-UNRESOLVED,ALL5_LEVELS_bet23_to_bet27,6.7370,6.7370,6.7370,10.1055,10.1055,4.000000,4.000000,4.000000,6.000000,6.000000,96.000000,96.000000,96.000000,94.000000,94.000000,5.0,40.4221,36.7584,128.0032,131.6669,PENDING_AG03,FALSE,NOT_FOR_ENFORCEMENT,161.6883,11549.7197,168.4253,161.6883,6.7370,0.01251133,0.01201088,6.7370,161.6883,0.01201088,6.7370,6.7370,6.7370,10.1055,10.1055,161.6883,0.01201088,40.4221,36.7584,128.0032,131.6669,0.00950861,0.00978077,0.00050045,7.0077,6.2661,0.0877,10.5266,0.1689,841.3636,120.0000,7.1725,3.5334,4.0407,6.0611,8.1756,12.1222,16.1629,20.2037,6.0611,0.0,2.666667,3.333333,1.156179,29,150,35,2,0.97716482,0.01251133,0.01264445,0E-8,0.000000,0.893710,0.075482,-0.00582929,2026-06-30,2026-08-06,16,997,296,38,0.421053,2.029941,1.023519,3.257216,,,,,,,,GLOBAL_BASELINE_NO_ENTITY_RANKING,,,NOT_APPLICABLE_GLOBAL_BASELINE,HF9g-P5,,,,X 全窗基线 · 不参与实体赏罚,6874651,688,A168_HF9F_20260827_0900,2026-08-27 09:00:00
2026-08-03,152220872,1402,0,8.0814611282,-8.0814611282,-8.0814611282,0E-7,2,2,0.49994810000000000,0.499948100000,-1.4140667746232096,-1.4140667746232096,-1.4140667746232096,0E-17,ELIGIBLE,R03b_20260811_FULL_v1,L1_ELIGIBILITY,v2026-08-11,2026-03-21..2026-08-06,baccarat_bet02_101_all_pairs_incl_sentinel,round_win = game_pnl > 0 (decisive only),COMPATIBILITY_ONLY_NOT_PRODUCTION,13461.8174,12030.9580,168.4253,1921,1920,-0.01251133,-0.01264445,-0.00681516,-0.01251133,-168.4253,13461.8174,OK,0.0000,6.7370,4.0000,96.0000,AG03-UNRESOLVED,ALL5_LEVELS_bet23_to_bet27,6.7370,6.7370,6.7370,10.1055,10.1055,4.000000,4.000000,4.000000,6.000000,6.000000,96.000000,96.000000,96.000000,94.000000,94.000000,5.0,40.4221,36.7584,128.0032,131.6669,PENDING_AG03,FALSE,NOT_FOR_ENFORCEMENT,161.6883,11549.7197,168.4253,161.6883,6.7370,0.01251133,0.01201088,6.7370,161.6883,0.01201088,6.7370,6.7370,6.7370,10.1055,10.1055,161.6883,0.01201088,40.4221,36.7584,128.0032,131.6669,0.00950861,0.00978077,0.00050045,7.0077,6.2661,0.0877,10.5266,0.1689,841.3636,120.0000,7.1725,3.5334,4.0407,6.0611,8.1756,12.1222,16.1629,20.2037,6.0611,0.0,2.666667,3.333333,1.156179,29,150,35,2,0.97716482,0.01251133,0.01264445,0E-8,0.000000,0.893710,0.075482,-0.00582929,2026-06-30,2026-08-06,16,997,296,38,0.421053,2.029941,1.023519,3.257216,,,,,,,,GLOBAL_BASELINE_NO_ENTITY_RANKING,,,NOT_APPLICABLE_GLOBAL_BASELINE,HF9g-P5,,,,X 全窗基线 · 不参与实体赏罚,6874652,688,A168_HF9F_20260827_0900,2026-08-27 09:00:00
2026-08-03,152220872,1485,0,12.1221916923,12.1221916923,12.1221916923,1.0000000,1,1,0.49324550000000000,0.493245500000,1.01360149184955,1.01360149184955,1.01360149184955,0E-17,ELIGIBLE,R03b_20260811_FULL_v1,L1_ELIGIBILITY,v2026-08-11,2026-03-21..2026-08-06,baccarat_bet02_101_all_pairs_incl_sentinel,round_win = game_pnl > 0 (decisive only),COMPATIBILITY_ONLY_NOT_PRODUCTION,13461.8174,12030.9580,168.4253,1921,1920,-0.01251133,-0.01264445,-0.00681516,-0.01251133,-168.4253,13461.8174,OK,0.0000,6.7370,4.0000,96.0000,AG03-UNRESOLVED,ALL5_LEVELS_bet23_to_bet27,6.7370,6.7370,6.7370,10.1055,10.1055,4.000000,4.000000,4.000000,6.000000,6.000000,96.000000,96.000000,96.000000,94.000000,94.000000,5.0,40.4221,36.7584,128.0032,131.6669,PENDING_AG03,FALSE,NOT_FOR_ENFORCEMENT,161.6883,11549.7197,168.4253,161.6883,6.7370,0.01251133,0.01201088,6.7370,161.6883,0.01201088,6.7370,6.7370,6.7370,10.1055,10.1055,161.6883,0.01201088,40.4221,36.7584,128.0032,131.6669,0.00950861,0.00978077,0.00050045,7.0077,6.2661,0.0877,10.5266,0.1689,841.3636,120.0000,7.1725,3.5334,4.0407,6.0611,8.1756,12.1222,16.1629,20.2037,6.0611,0.0,2.666667,3.333333,1.156179,29,150,35,2,0.97716482,0.01251133,0.01264445,0E-8,0.000000,0.893710,0.075482,-0.00582929,2026-06-30,2026-08-06,16,997,296,38,0.421053,2.029941,1.023519,3.257216,,,,,,,,GLOBAL_BASELINE_NO_ENTITY_RANKING,,,NOT_APPLICABLE_GLOBAL_BASELINE,HF9g-P5,,,,X 全窗基线 · 不参与实体赏罚,6874653,688,A168_HF9F_20260827_0900,2026-08-27 09:00:00
2026-08-03,152220872,1942,0,8.0814611282,0E-10,0E-10,,1,1,0.49324550000000000,0.493245500000,,,,0E-17,NO_DECISIVE_ROUND,R03b_20260811_FULL_v1,L1_ELIGIBILITY,v2026-08-11,2026-03-21..2026-08-06,baccarat_bet02_101_all_pairs_incl_sentinel,round_win = game_pnl > 0 (decisive only),COMPATIBILITY_ONLY_NOT_PRODUCTION,13461.8174,12030.9580,168.4253,1921,1920,-0.01251133,-0.01264445,-0.00681516,-0.01251133,-168.4253,13461.8174,OK,0.0000,6.7370,4.0000,96.0000,AG03-UNRESOLVED,ALL5_LEVELS_bet23_to_bet27,6.7370,6.7370,6.7370,10.1055,10.1055,4.000000,4.000000,4.000000,6.000000,6.000000,96.000000,96.000000,96.000000,94.000000,94.000000,5.0,40.4221,36.7584,128.0032,131.6669,PENDING_AG03,FALSE,NOT_FOR_ENFORCEMENT,161.6883,11549.7197,168.4253,161.6883,6.7370,0.01251133,0.01201088,6.7370,161.6883,0.01201088,6.7370,6.7370,6.7370,10.1055,10.1055,161.6883,0.01201088,40.4221,36.7584,128.0032,131.6669,0.00950861,0.00978077,0.00050045,7.0077,6.2661,0.0877,10.5266,0.1689,841.3636,120.0000,7.1725,3.5334,4.0407,6.0611,8.1756,12.1222,16.1629,20.2037,6.0611,0.0,2.666667,3.333333,1.156179,29,150,35,2,0.97716482,0.01251133,0.01264445,0E-8,0.000000,0.893710,0.075482,-0.00582929,2026-06-30,2026-08-06,16,997,296,38,0.421053,2.029941,1.023519,3.257216,,,,,,,,GLOBAL_BASELINE_NO_ENTITY_RANKING,,,NOT_APPLICABLE_GLOBAL_BASELINE,HF9g-P5,,,,X 全窗基线 · 不参与实体赏罚,6874654,688,A168_HF9F_20260827_0900,2026-08-27 09:00:00
2026-08-03,152220872,1947,0,10.1018264102,-10.1018264102,-10.1018264102,0E-7,2,2,0.49994810000000000,0.499948100000,-1.4140667746232096,-1.4140667746232096,-1.4140667746232096,0E-17,ELIGIBLE,R03b_20260811_FULL_v1,L1_ELIGIBILITY,v2026-08-11,2026-03-21..2026-08-06,baccarat_bet02_101_all_pairs_incl_sentinel,round_win = game_pnl > 0 (decisive only),COMPATIBILITY_ONLY_NOT_PRODUCTION,13461.8174,12030.9580,168.4253,1921,1920,-0.01251133,-0.01264445,-0.00681516,-0.01251133,-168.4253,13461.8174,OK,0.0000,6.7370,4.0000,96.0000,AG03-UNRESOLVED,ALL5_LEVELS_bet23_to_bet27,6.7370,6.7370,6.7370,10.1055,10.1055,4.000000,4.000000,4.000000,6.000000,6.000000,96.000000,96.000000,96.000000,94.000000,94.000000,5.0,40.4221,36.7584,128.0032,131.6669,PENDING_AG03,FALSE,NOT_FOR_ENFORCEMENT,161.6883,11549.7197,168.4253,161.6883,6.7370,0.01251133,0.01201088,6.7370,161.6883,0.01201088,6.7370,6.7370,6.7370,10.1055,10.1055,161.6883,0.01201088,40.4221,36.7584,128.0032,131.6669,0.00950861,0.00978077,0.00050045,7.0077,6.2661,0.0877,10.5266,0.1689,841.3636,120.0000,7.1725,3.5334,4.0407,6.0611,8.1756,12.1222,16.1629,20.2037,6.0611,0.0,2.666667,3.333333,1.156179,29,150,35,2,0.97716482,0.01251133,0.01264445,0E-8,0.000000,0.893710,0.075482,-0.00582929,2026-06-30,2026-08-06,16,997,296,38,0.421053,2.029941,1.023519,3.257216,,,,,,,,GLOBAL_BASELINE_NO_ENTITY_RANKING,,,NOT_APPLICABLE_GLOBAL_BASELINE,HF9g-P5,,,,X 全窗基线 · 不参与实体赏罚,6874655,688,A168_HF9F_20260827_0900,2026-08-27 09:00:00
2026-08-03,152220872,2068,0,14.1425569743,-14.1425569743,-14.1425569743,0E-7,2,2,0.50665070000000000,0.506650700000,-1.4331513700195317,-1.4331513700195317,-1.4331513700195317,0E-17,ELIGIBLE,R03b_20260811_FULL_v1,L1_ELIGIBILITY,v2026-08-11,2026-03-21..2026-08-06,baccarat_bet02_101_all_pairs_incl_sentinel,round_win = game_pnl > 0 (decisive only),COMPATIBILITY_ONLY_NOT_PRODUCTION,13461.8174,12030.9580,168.4253,1921,1920,-0.01251133,-0.01264445,-0.00681516,-0.01251133,-168.4253,13461.8174,OK,0.0000,6.7370,4.0000,96.0000,AG03-UNRESOLVED,ALL5_LEVELS_bet23_to_bet27,6.7370,6.7370,6.7370,10.1055,10.1055,4.000000,4.000000,4.000000,6.000000,6.000000,96.000000,96.000000,96.000000,94.000000,94.000000,5.0,40.4221,36.7584,128.0032,131.6669,PENDING_AG03,FALSE,NOT_FOR_ENFORCEMENT,161.6883,11549.7197,168.4253,161.6883,6.7370,0.01251133,0.01201088,6.7370,161.6883,0.01201088,6.7370,6.7370,6.7370,10.1055,10.1055,161.6883,0.01201088,40.4221,36.7584,128.0032,131.6669,0.00950861,0.00978077,0.00050045,7.0077,6.2661,0.0877,10.5266,0.1689,841.3636,120.0000,7.1725,3.5334,4.0407,6.0611,8.1756,12.1222,16.1629,20.2037,6.0611,0.0,2.666667,3.333333,1.156179,29,150,35,2,0.97716482,0.01251133,0.01264445,0E-8,0.000000,0.893710,0.075482,-0.00582929,2026-06-30,2026-08-06,16,997,296,38,0.421053,2.029941,1.023519,3.257216,,,,,,,,GLOBAL_BASELINE_NO_ENTITY_RANKING,,,NOT_APPLICABLE_GLOBAL_BASELINE,HF9g-P5,,,,X 全窗基线 · 不参与实体赏罚,6874656,688,A168_HF9F_20260827_0900,2026-08-27 09:00:00
2026-08-03,152220872,2101,0,18.1832875383,-1E-10,-1E-10,0.6000000,6,6,0.49771390000000000,0.497713900000,0.4574421269484404,0.45744212694844033,0.4574421269484404,0E-17,ELIGIBLE,R03b_20260811_FULL_v1,L1_ELIGIBILITY,v2026-08-11,2026-03-21..2026-08-06,baccarat_bet02_101_all_pairs_incl_sentinel,round_win = game_pnl > 0 (decisive only),COMPATIBILITY_ONLY_NOT_PRODUCTION,13461.8174,12030.9580,168.4253,1921,1920,-0.01251133,-0.01264445,-0.00681516,-0.01251133,-168.4253,13461.8174,OK,0.0000,6.7370,4.0000,96.0000,AG03-UNRESOLVED,ALL5_LEVELS_bet23_to_bet27,6.7370,6.7370,6.7370,10.1055,10.1055,4.000000,4.000000,4.000000,6.000000,6.000000,96.000000,96.000000,96.000000,94.000000,94.000000,5.0,40.4221,36.7584,128.0032,131.6669,PENDING_AG03,FALSE,NOT_FOR_ENFORCEMENT,161.6883,11549.7197,168.4253,161.6883,6.7370,0.01251133,0.01201088,6.7370,161.6883,0.01201088,6.7370,6.7370,6.7370,10.1055,10.1055,161.6883,0.01201088,40.4221,36.7584,128.0032,131.6669,0.00950861,0.00978077,0.00050045,7.0077,6.2661,0.0877,10.5266,0.1689,841.3636,120.0000,7.1725,3.5334,4.0407,6.0611,8.1756,12.1222,16.1629,20.2037,6.0611,0.0,2.666667,3.333333,1.156179,29,150,35,2,0.97716482,0.01251133,0.01264445,0E-8,0.000000,0.893710,0.075482,-0.00582929,2026-06-30,2026-08-06,16,997,296,38,0.421053,2.029941,1.023519,3.257216,,,,,,,,GLOBAL_BASELINE_NO_ENTITY_RANKING,,,NOT_APPLICABLE_GLOBAL_BASELINE,HF9g-P5,,,,X 全窗基线 · 不参与实体赏罚,6874657,688,A168_HF9F_20260827_0900,2026-08-27 09:00:00
2026-08-03,152220872,2106,0,24.2443833845,-8.0814611281,-8.0814611281,0.2500000,4,4,0.49994810000000000,0.499948100000,-0.9997924053861017,-0.9997924053861017,-0.9997924053861017,0E-17,ELIGIBLE,R03b_20260811_FULL_v1,L1_ELIGIBILITY,v2026-08-11,2026-03-21..2026-08-06,baccarat_bet02_101_all_pairs_incl_sentinel,round_win = game_pnl > 0 (decisive only),COMPATIBILITY_ONLY_NOT_PRODUCTION,13461.8174,12030.9580,168.4253,1921,1920,-0.01251133,-0.01264445,-0.00681516,-0.01251133,-168.4253,13461.8174,OK,0.0000,6.7370,4.0000,96.0000,AG03-UNRESOLVED,ALL5_LEVELS_bet23_to_bet27,6.7370,6.7370,6.7370,10.1055,10.1055,4.000000,4.000000,4.000000,6.000000,6.000000,96.000000,96.000000,96.000000,94.000000,94.000000,5.0,40.4221,36.7584,128.0032,131.6669,PENDING_AG03,FALSE,NOT_FOR_ENFORCEMENT,161.6883,11549.7197,168.4253,161.6883,6.7370,0.01251133,0.01201088,6.7370,161.6883,0.01201088,6.7370,6.7370,6.7370,10.1055,10.1055,161.6883,0.01201088,40.4221,36.7584,128.0032,131.6669,0.00950861,0.00978077,0.00050045,7.0077,6.2661,0.0877,10.5266,0.1689,841.3636,120.0000,7.1725,3.5334,4.0407,6.0611,8.1756,12.1222,16.1629,20.2037,6.0611,0.0,2.666667,3.333333,1.156179,29,150,35,2,0.97716482,0.01251133,0.01264445,0E-8,0.000000,0.893710,0.075482,-0.00582929,2026-06-30,2026-08-06,16,997,296,38,0.421053,2.029941,1.023519,3.257216,,,,,,,,GLOBAL_BASELINE_NO_ENTITY_RANKING,,,NOT_APPLICABLE_GLOBAL_BASELINE,HF9g-P5,,,,X 全窗基线 · 不参与实体赏罚,6874658,688,A168_HF9F_20260827_0900,2026-08-27 09:00:00
2026-08-03,152220872,2115,0,12.1221916923,-12.1221916923,-12.1221916923,0E-7,1,1,0.50665070000000000,0.506650700000,-1.013391052207602,-1.013391052207602,-1.013391052207602,0E-17,ELIGIBLE,R03b_20260811_FULL_v1,L1_ELIGIBILITY,v2026-08-11,2026-03-21..2026-08-06,baccarat_bet02_101_all_pairs_incl_sentinel,round_win = game_pnl > 0 (decisive only),COMPATIBILITY_ONLY_NOT_PRODUCTION,13461.8174,12030.9580,168.4253,1921,1920,-0.01251133,-0.01264445,-0.00681516,-0.01251133,-168.4253,13461.8174,OK,0.0000,6.7370,4.0000,96.0000,AG03-UNRESOLVED,ALL5_LEVELS_bet23_to_bet27,6.7370,6.7370,6.7370,10.1055,10.1055,4.000000,4.000000,4.000000,6.000000,6.000000,96.000000,96.000000,96.000000,94.000000,94.000000,5.0,40.4221,36.7584,128.0032,131.6669,PENDING_AG03,FALSE,NOT_FOR_ENFORCEMENT,161.6883,11549.7197,168.4253,161.6883,6.7370,0.01251133,0.01201088,6.7370,161.6883,0.01201088,6.7370,6.7370,6.7370,10.1055,10.1055,161.6883,0.01201088,40.4221,36.7584,128.0032,131.6669,0.00950861,0.00978077,0.00050045,7.0077,6.2661,0.0877,10.5266,0.1689,841.3636,120.0000,7.1725,3.5334,4.0407,6.0611,8.1756,12.1222,16.1629,20.2037,6.0611,0.0,2.666667,3.333333,1.156179,29,150,35,2,0.97716482,0.01251133,0.01264445,0E-8,0.000000,0.893710,0.075482,-0.00582929,2026-06-30,2026-08-06,16,997,296,38,0.421053,2.029941,1.023519,3.257216,,,,,,,,GLOBAL_BASELINE_NO_ENTITY_RANKING,,,NOT_APPLICABLE_GLOBAL_BASELINE,HF9g-P5,,,,X 全窗基线 · 不参与实体赏罚,6874659,688,A168_HF9F_20260827_0900,2026-08-27 09:00:00
2026-08-03,152220872,2117,0,4.0407305641,-4.0407305641,-4.0407305641,0E-7,1,1,0.50665070000000000,0.506650700000,-1.013391052207602,-1.013391052207602,-1.013391052207602,0E-17,ELIGIBLE,R03b_20260811_FULL_v1,L1_ELIGIBILITY,v2026-08-11,2026-03-21..2026-08-06,baccarat_bet02_101_all_pairs_incl_sentinel,round_win = game_pnl > 0 (decisive only),COMPATIBILITY_ONLY_NOT_PRODUCTION,13461.8174,12030.9580,168.4253,1921,1920,-0.01251133,-0.01264445,-0.00681516,-0.01251133,-168.4253,13461.8174,OK,0.0000,6.7370,4.0000,96.0000,AG03-UNRESOLVED,ALL5_LEVELS_bet23_to_bet27,6.7370,6.7370,6.7370,10.1055,10.1055,4.000000,4.000000,4.000000,6.000000,6.000000,96.000000,96.000000,96.000000,94.000000,94.000000,5.0,40.4221,36.7584,128.0032,131.6669,PENDING_AG03,FALSE,NOT_FOR_ENFORCEMENT,161.6883,11549.7197,168.4253,161.6883,6.7370,0.01251133,0.01201088,6.7370,161.6883,0.01201088,6.7370,6.7370,6.7370,10.1055,10.1055,161.6883,0.01201088,40.4221,36.7584,128.0032,131.6669,0.00950861,0.00978077,0.00050045,7.0077,6.2661,0.0877,10.5266,0.1689,841.3636,120.0000,7.1725,3.5334,4.0407,6.0611,8.1756,12.1222,16.1629,20.2037,6.0611,0.0,2.666667,3.333333,1.156179,29,150,35,2,0.97716482,0.01251133,0.01264445,0E-8,0.000000,0.893710,0.075482,-0.00582929,2026-06-30,2026-08-06,16,997,296,38,0.421053,2.029941,1.023519,3.257216,,,,,,,,GLOBAL_BASELINE_NO_ENTITY_RANKING,,,NOT_APPLICABLE_GLOBAL_BASELINE,HF9g-P5,,,,X 全窗基线 · 不参与实体赏罚,6874660,688,A168_HF9F_20260827_0900,2026-08-27 09:00:00
2026-08-03,152220872,2121,0,8.0814611282,4.0407305641,4.0407305641,1.0000000,2,2,0.49324550000000000,0.493245500000,1.01360149184955,1.01360149184955,1.01360149184955,0E-17,ELIGIBLE,R03b_20260811_FULL_v1,L1_ELIGIBILITY,v2026-08-11,2026-03-21..2026-08-06,baccarat_bet02_101_all_pairs_incl_sentinel,round_win = game_pnl > 0 (decisive only),COMPATIBILITY_ONLY_NOT_PRODUCTION,13461.8174,12030.9580,168.4253,1921,1920,-0.01251133,-0.01264445,-0.00681516,-0.01251133,-168.4253,13461.8174,OK,0.0000,6.7370,4.0000,96.0000,AG03-UNRESOLVED,ALL5_LEVELS_bet23_to_bet27,6.7370,6.7370,6.7370,10.1055,10.1055,4.000000,4.000000,4.000000,6.000000,6.000000,96.000000,96.000000,96.000000,94.000000,94.000000,5.0,40.4221,36.7584,128.0032,131.6669,PENDING_AG03,FALSE,NOT_FOR_ENFORCEMENT,161.6883,11549.7197,168.4253,161.6883,6.7370,0.01251133,0.01201088,6.7370,161.6883,0.01201088,6.7370,6.7370,6.7370,10.1055,10.1055,161.6883,0.01201088,40.4221,36.7584,128.0032,131.6669,0.00950861,0.00978077,0.00050045,7.0077,6.2661,0.0877,10.5266,0.1689,841.3636,120.0000,7.1725,3.5334,4.0407,6.0611,8.1756,12.1222,16.1629,20.2037,6.0611,0.0,2.666667,3.333333,1.156179,29,150,35,2,0.97716482,0.01251133,0.01264445,0E-8,0.000000,0.893710,0.075482,-0.00582929,2026-06-30,2026-08-06,16,997,296,38,0.421053,2.029941,1.023519,3.257216,,,,,,,,GLOBAL_BASELINE_NO_ENTITY_RANKING,,,NOT_APPLICABLE_GLOBAL_BASELINE,HF9g-P5,,,,X 全窗基线 · 不参与实体赏罚,6874661,688,A168_HF9F_20260827_0900,2026-08-27 09:00:00
2026-08-03,152220872,2127,0,14.1425569743,-14.1425569743,-14.1425569743,0E-7,2,2,0.50665070000000000,0.506650700000,-1.4331513700195317,-1.4331513700195317,-1.4331513700195317,0E-17,ELIGIBLE,R03b_20260811_FULL_v1,L1_ELIGIBILITY,v2026-08-11,2026-03-21..2026-08-06,baccarat_bet02_101_all_pairs_incl_sentinel,round_win = game_pnl > 0 (decisive only),COMPATIBILITY_ONLY_NOT_PRODUCTION,13461.8174,12030.9580,168.4253,1921,1920,-0.01251133,-0.01264445,-0.00681516,-0.01251133,-168.4253,13461.8174,OK,0.0000,6.7370,4.0000,96.0000,AG03-UNRESOLVED,ALL5_LEVELS_bet23_to_bet27,6.7370,6.7370,6.7370,10.1055,10.1055,4.000000,4.000000,4.000000,6.000000,6.000000,96.000000,96.000000,96.000000,94.000000,94.000000,5.0,40.4221,36.7584,128.0032,131.6669,PENDING_AG03,FALSE,NOT_FOR_ENFORCEMENT,161.6883,11549.7197,168.4253,161.6883,6.7370,0.01251133,0.01201088,6.7370,161.6883,0.01201088,6.7370,6.7370,6.7370,10.1055,10.1055,161.6883,0.01201088,40.4221,36.7584,128.0032,131.6669,0.00950861,0.00978077,0.00050045,7.0077,6.2661,0.0877,10.5266,0.1689,841.3636,120.0000,7.1725,3.5334,4.0407,6.0611,8.1756,12.1222,16.1629,20.2037,6.0611,0.0,2.666667,3.333333,1.156179,29,150,35,2,0.97716482,0.01251133,0.01264445,0E-8,0.000000,0.893710,0.075482,-0.00582929,2026-06-30,2026-08-06,16,997,296,38,0.421053,2.029941,1.023519,3.257216,,,,,,,,GLOBAL_BASELINE_NO_ENTITY_RANKING,,,NOT_APPLICABLE_GLOBAL_BASELINE,HF9g-P5,,,,X 全窗基线 · 不参与实体赏罚,6874662,688,A168_HF9F_20260827_0900,2026-08-27 09:00:00
2026-08-03,152220872,2160,0,2.0203652820,2.0203652820,2.0203652820,1.0000000,1,1,0.49324550000000000,0.493245500000,1.01360149184955,1.01360149184955,1.01360149184955,0E-17,ELIGIBLE,R03b_20260811_FULL_v1,L1_ELIGIBILITY,v2026-08-11,2026-03-21..2026-08-06,baccarat_bet02_101_all_pairs_incl_sentinel,round_win = game_pnl > 0 (decisive only),COMPATIBILITY_ONLY_NOT_PRODUCTION,13461.8174,12030.9580,168.4253,1921,1920,-0.01251133,-0.01264445,-0.00681516,-0.01251133,-168.4253,13461.8174,OK,0.0000,6.7370,4.0000,96.0000,AG03-UNRESOLVED,ALL5_LEVELS_bet23_to_bet27,6.7370,6.7370,6.7370,10.1055,10.1055,4.000000,4.000000,4.000000,6.000000,6.000000,96.000000,96.000000,96.000000,94.000000,94.000000,5.0,40.4221,36.7584,128.0032,131.6669,PENDING_AG03,FALSE,NOT_FOR_ENFORCEMENT,161.6883,11549.7197,168.4253,161.6883,6.7370,0.01251133,0.01201088,6.7370,161.6883,0.01201088,6.7370,6.7370,6.7370,10.1055,10.1055,161.6883,0.01201088,40.4221,36.7584,128.0032,131.6669,0.00950861,0.00978077,0.00050045,7.0077,6.2661,0.0877,10.5266,0.1689,841.3636,120.0000,7.1725,3.5334,4.0407,6.0611,8.1756,12.1222,16.1629,20.2037,6.0611,0.0,2.666667,3.333333,1.156179,29,150,35,2,0.97716482,0.01251133,0.01264445,0E-8,0.000000,0.893710,0.075482,-0.00582929,2026-06-30,2026-08-06,16,997,296,38,0.421053,2.029941,1.023519,3.257216,,,,,,,,GLOBAL_BASELINE_NO_ENTITY_RANKING,,,NOT_APPLICABLE_GLOBAL_BASELINE,HF9g-P5,,,,X 全窗基线 · 不参与实体赏罚,6874663,688,A168_HF9F_20260827_0900,2026-08-27 09:00:00
2026-08-03,152220872,2174,0,32.3258445127,-16.5669953127,-16.5669953127,0.2500000,4,4,0.50329940000000000,0.503299400000,-1.013219660140378,-1.013219660140378,-1.013219660140378,0E-17,ELIGIBLE,R03b_20260811_FULL_v1,L1_ELIGIBILITY,v2026-08-11,2026-03-21..2026-08-06,baccarat_bet02_101_all_pairs_incl_sentinel,round_win = game_pnl > 0 (decisive only),COMPATIBILITY_ONLY_NOT_PRODUCTION,13461.8174,12030.9580,168.4253,1921,1920,-0.01251133,-0.01264445,-0.00681516,-0.01251133,-168.4253,13461.8174,OK,0.0000,6.7370,4.0000,96.0000,AG03-UNRESOLVED,ALL5_LEVELS_bet23_to_bet27,6.7370,6.7370,6.7370,10.1055,10.1055,4.000000,4.000000,4.000000,6.000000,6.000000,96.000000,96.000000,96.000000,94.000000,94.000000,5.0,40.4221,36.7584,128.0032,131.6669,PENDING_AG03,FALSE,NOT_FOR_ENFORCEMENT,161.6883,11549.7197,168.4253,161.6883,6.7370,0.01251133,0.01201088,6.7370,161.6883,0.01201088,6.7370,6.7370,6.7370,10.1055,10.1055,161.6883,0.01201088,40.4221,36.7584,128.0032,131.6669,0.00950861,0.00978077,0.00050045,7.0077,6.2661,0.0877,10.5266,0.1689,841.3636,120.0000,7.1725,3.5334,4.0407,6.0611,8.1756,12.1222,16.1629,20.2037,6.0611,0.0,2.666667,3.333333,1.156179,29,150,35,2,0.97716482,0.01251133,0.01264445,0E-8,0.000000,0.893710,0.075482,-0.00582929,2026-06-30,2026-08-06,16,997,296,38,0.421053,2.029941,1.023519,3.257216,,,,,,,,GLOBAL_BASELINE_NO_ENTITY_RANKING,,,NOT_APPLICABLE_GLOBAL_BASELINE,HF9g-P5,,,,X 全窗基线 · 不参与实体赏罚,6874664,688,A168_HF9F_20260827_0900,2026-08-27 09:00:00
2026-08-03,152220872,2234,0,2.0203652820,2.0203652820,2.0203652820,1.0000000,1,1,0.49324550000000000,0.493245500000,1.01360149184955,1.01360149184955,1.01360149184955,0E-17,ELIGIBLE,R03b_20260811_FULL_v1,L1_ELIGIBILITY,v2026-08-11,2026-03-21..2026-08-06,baccarat_bet02_101_all_pairs_incl_sentinel,round_win = game_pnl > 0 (decisive only),COMPATIBILITY_ONLY_NOT_PRODUCTION,13461.8174,12030.9580,168.4253,1921,1920,-0.01251133,-0.01264445,-0.00681516,-0.01251133,-168.4253,13461.8174,OK,0.0000,6.7370,4.0000,96.0000,AG03-UNRESOLVED,ALL5_LEVELS_bet23_to_bet27,6.7370,6.7370,6.7370,10.1055,10.1055,4.000000,4.000000,4.000000,6.000000,6.000000,96.000000,96.000000,96.000000,94.000000,94.000000,5.0,40.4221,36.7584,128.0032,131.6669,PENDING_AG03,FALSE,NOT_FOR_ENFORCEMENT,161.6883,11549.7197,168.4253,161.6883,6.7370,0.01251133,0.01201088,6.7370,161.6883,0.01201088,6.7370,6.7370,6.7370,10.1055,10.1055,161.6883,0.01201088,40.4221,36.7584,128.0032,131.6669,0.00950861,0.00978077,0.00050045,7.0077,6.2661,0.0877,10.5266,0.1689,841.3636,120.0000,7.1725,3.5334,4.0407,6.0611,8.1756,12.1222,16.1629,20.2037,6.0611,0.0,2.666667,3.333333,1.156179,29,150,35,2,0.97716482,0.01251133,0.01264445,0E-8,0.000000,0.893710,0.075482,-0.00582929,2026-06-30,2026-08-06,16,997,296,38,0.421053,2.029941,1.023519,3.257216,,,,,,,,GLOBAL_BASELINE_NO_ENTITY_RANKING,,,NOT_APPLICABLE_GLOBAL_BASELINE,HF9g-P5,,,,X 全窗基线 · 不参与实体赏罚,6874665,688,A168_HF9F_20260827_0900,2026-08-27 09:00:00
2026-08-03,152220872,2241,0,8.0814611282,-8.0814611282,-8.0814611282,0E-7,2,2,0.49324550000000000,0.493245500000,-1.3952362676504506,-1.3952362676504506,-1.3952362676504506,0E-17,ELIGIBLE,R03b_20260811_FULL_v1,L1_ELIGIBILITY,v2026-08-11,2026-03-21..2026-08-06,baccarat_bet02_101_all_pairs_incl_sentinel,round_win = game_pnl > 0 (decisive only),COMPATIBILITY_ONLY_NOT_PRODUCTION,13461.8174,12030.9580,168.4253,1921,1920,-0.01251133,-0.01264445,-0.00681516,-0.01251133,-168.4253,13461.8174,OK,0.0000,6.7370,4.0000,96.0000,AG03-UNRESOLVED,ALL5_LEVELS_bet23_to_bet27,6.7370,6.7370,6.7370,10.1055,10.1055,4.000000,4.000000,4.000000,6.000000,6.000000,96.000000,96.000000,96.000000,94.000000,94.000000,5.0,40.4221,36.7584,128.0032,131.6669,PENDING_AG03,FALSE,NOT_FOR_ENFORCEMENT,161.6883,11549.7197,168.4253,161.6883,6.7370,0.01251133,0.01201088,6.7370,161.6883,0.01201088,6.7370,6.7370,6.7370,10.1055,10.1055,161.6883,0.01201088,40.4221,36.7584,128.0032,131.6669,0.00950861,0.00978077,0.00050045,7.0077,6.2661,0.0877,10.5266,0.1689,841.3636,120.0000,7.1725,3.5334,4.0407,6.0611,8.1756,12.1222,16.1629,20.2037,6.0611,0.0,2.666667,3.333333,1.156179,29,150,35,2,0.97716482,0.01251133,0.01264445,0E-8,0.000000,0.893710,0.075482,-0.00582929,2026-06-30,2026-08-06,16,997,296,38,0.421053,2.029941,1.023519,3.257216,,,,,,,,GLOBAL_BASELINE_NO_ENTITY_RANKING,,,NOT_APPLICABLE_GLOBAL_BASELINE,HF9g-P5,,,,X 全窗基线 · 不参与实体赏罚,6874666,688,A168_HF9F_20260827_0900,2026-08-27 09:00:00
2026-08-03,152220872,2281,0,4.0407305641,-4.0407305641,-4.0407305641,0E-7,1,1,0.49324550000000000,0.493245500000,-0.9865810262130424,-0.9865810262130424,-0.9865810262130424,0E-17,ELIGIBLE,R03b_20260811_FULL_v1,L1_ELIGIBILITY,v2026-08-11,2026-03-21..2026-08-06,baccarat_bet02_101_all_pairs_incl_sentinel,round_win = game_pnl > 0 (decisive only),COMPATIBILITY_ONLY_NOT_PRODUCTION,13461.8174,12030.9580,168.4253,1921,1920,-0.01251133,-0.01264445,-0.00681516,-0.01251133,-168.4253,13461.8174,OK,0.0000,6.7370,4.0000,96.0000,AG03-UNRESOLVED,ALL5_LEVELS_bet23_to_bet27,6.7370,6.7370,6.7370,10.1055,10.1055,4.000000,4.000000,4.000000,6.000000,6.000000,96.000000,96.000000,96.000000,94.000000,94.000000,5.0,40.4221,36.7584,128.0032,131.6669,PENDING_AG03,FALSE,NOT_FOR_ENFORCEMENT,161.6883,11549.7197,168.4253,161.6883,6.7370,0.01251133,0.01201088,6.7370,161.6883,0.01201088,6.7370,6.7370,6.7370,10.1055,10.1055,161.6883,0.01201088,40.4221,36.7584,128.0032,131.6669,0.00950861,0.00978077,0.00050045,7.0077,6.2661,0.0877,10.5266,0.1689,841.3636,120.0000,7.1725,3.5334,4.0407,6.0611,8.1756,12.1222,16.1629,20.2037,6.0611,0.0,2.666667,3.333333,1.156179,29,150,35,2,0.97716482,0.01251133,0.01264445,0E-8,0.000000,0.893710,0.075482,-0.00582929,2026-06-30,2026-08-06,16,997,296,38,0.421053,2.029941,1.023519,3.257216,,,,,,,,GLOBAL_BASELINE_NO_ENTITY_RANKING,,,NOT_APPLICABLE_GLOBAL_BASELINE,HF9g-P5,,,,X 全窗基线 · 不参与实体赏罚,6874667,688,A168_HF9F_20260827_0900,2026-08-27 09:00:00
2026-08-04,152220872,-1,1,75.7636980769,-11.5160821077,-11.5160821077,0.4285714,15,15,0.49860758000000000,0.498607580000,-0.5241045989748678,-0.5241045989748678,-0.5241045989748678,0E-17,SENTINEL_DEALER,R03b_20260811_FULL_v1,L1_ELIGIBILITY,v2026-08-11,2026-03-21..2026-08-06,baccarat_bet02_101_all_pairs_incl_sentinel,round_win = game_pnl > 0 (decisive only),COMPATIBILITY_ONLY_NOT_PRODUCTION,13461.8174,12030.9580,168.4253,1921,1920,-0.01251133,-0.01264445,-0.00681516,-0.01251133,-168.4253,13461.8174,OK,0.0000,6.7370,4.0000,96.0000,AG03-UNRESOLVED,ALL5_LEVELS_bet23_to_bet27,6.7370,6.7370,6.7370,10.1055,10.1055,4.000000,4.000000,4.000000,6.000000,6.000000,96.000000,96.000000,96.000000,94.000000,94.000000,5.0,40.4221,36.7584,128.0032,131.6669,PENDING_AG03,FALSE,NOT_FOR_ENFORCEMENT,161.6883,11549.7197,168.4253,161.6883,6.7370,0.01251133,0.01201088,6.7370,161.6883,0.01201088,6.7370,6.7370,6.7370,10.1055,10.1055,161.6883,0.01201088,40.4221,36.7584,128.0032,131.6669,0.00950861,0.00978077,0.00050045,7.0077,6.2661,0.0877,10.5266,0.1689,841.3636,120.0000,7.1725,3.5334,4.0407,6.0611,8.1756,12.1222,16.1629,20.2037,6.0611,0.0,2.666667,3.333333,1.156179,29,150,35,2,0.97716482,0.01251133,0.01264445,0E-8,0.000000,0.893710,0.075482,-0.00582929,2026-06-30,2026-08-06,16,997,296,38,0.421053,2.029941,1.023519,3.257216,,,,,,,,GLOBAL_BASELINE_NO_ENTITY_RANKING,,,NOT_APPLICABLE_GLOBAL_BASELINE,HF9g-P5,,,,X 全窗基线 · 不参与实体赏罚,6874668,688,A168_HF9F_20260827_0900,2026-08-27 09:00:00
2026-08-04,152220872,1094,0,4.0407305641,-4.0407305641,-4.0407305641,0E-7,1,1,0.49324550000000000,0.493245500000,-0.9865810262130424,-0.9865810262130424,-0.9865810262130424,0E-17,ELIGIBLE,R03b_20260811_FULL_v1,L1_ELIGIBILITY,v2026-08-11,2026-03-21..2026-08-06,baccarat_bet02_101_all_pairs_incl_sentinel,round_win = game_pnl > 0 (decisive only),COMPATIBILITY_ONLY_NOT_PRODUCTION,13461.8174,12030.9580,168.4253,1921,1920,-0.01251133,-0.01264445,-0.00681516,-0.01251133,-168.4253,13461.8174,OK,0.0000,6.7370,4.0000,96.0000,AG03-UNRESOLVED,ALL5_LEVELS_bet23_to_bet27,6.7370,6.7370,6.7370,10.1055,10.1055,4.000000,4.000000,4.000000,6.000000,6.000000,96.000000,96.000000,96.000000,94.000000,94.000000,5.0,40.4221,36.7584,128.0032,131.6669,PENDING_AG03,FALSE,NOT_FOR_ENFORCEMENT,161.6883,11549.7197,168.4253,161.6883,6.7370,0.01251133,0.01201088,6.7370,161.6883,0.01201088,6.7370,6.7370,6.7370,10.1055,10.1055,161.6883,0.01201088,40.4221,36.7584,128.0032,131.6669,0.00950861,0.00978077,0.00050045,7.0077,6.2661,0.0877,10.5266,0.1689,841.3636,120.0000,7.1725,3.5334,4.0407,6.0611,8.1756,12.1222,16.1629,20.2037,6.0611,0.0,2.666667,3.333333,1.156179,29,150,35,2,0.97716482,0.01251133,0.01264445,0E-8,0.000000,0.893710,0.075482,-0.00582929,2026-06-30,2026-08-06,16,997,296,38,0.421053,2.029941,1.023519,3.257216,,,,,,,,GLOBAL_BASELINE_NO_ENTITY_RANKING,,,NOT_APPLICABLE_GLOBAL_BASELINE,HF9g-P5,,,,X 全窗基线 · 不参与实体赏罚,6874669,688,A168_HF9F_20260827_0900,2026-08-27 09:00:00
2026-08-04,152220872,1150,0,3.0305479231,-3.0305479231,-3.0305479231,0E-7,1,1,0.50665070000000000,0.506650700000,-1.013391052207602,-1.013391052207602,-1.013391052207602,0E-17,ELIGIBLE,R03b_20260811_FULL_v1,L1_ELIGIBILITY,v2026-08-11,2026-03-21..2026-08-06,baccarat_bet02_101_all_pairs_incl_sentinel,round_win = game_pnl > 0 (decisive only),COMPATIBILITY_ONLY_NOT_PRODUCTION,13461.8174,12030.9580,168.4253,1921,1920,-0.01251133,-0.01264445,-0.00681516,-0.01251133,-168.4253,13461.8174,OK,0.0000,6.7370,4.0000,96.0000,AG03-UNRESOLVED,ALL5_LEVELS_bet23_to_bet27,6.7370,6.7370,6.7370,10.1055,10.1055,4.000000,4.000000,4.000000,6.000000,6.000000,96.000000,96.000000,96.000000,94.000000,94.000000,5.0,40.4221,36.7584,128.0032,131.6669,PENDING_AG03,FALSE,NOT_FOR_ENFORCEMENT,161.6883,11549.7197,168.4253,161.6883,6.7370,0.01251133,0.01201088,6.7370,161.6883,0.01201088,6.7370,6.7370,6.7370,10.1055,10.1055,161.6883,0.01201088,40.4221,36.7584,128.0032,131.6669,0.00950861,0.00978077,0.00050045,7.0077,6.2661,0.0877,10.5266,0.1689,841.3636,120.0000,7.1725,3.5334,4.0407,6.0611,8.1756,12.1222,16.1629,20.2037,6.0611,0.0,2.666667,3.333333,1.156179,29,150,35,2,0.97716482,0.01251133,0.01264445,0E-8,0.000000,0.893710,0.075482,-0.00582929,2026-06-30,2026-08-06,16,997,296,38,0.421053,2.029941,1.023519,3.257216,,,,,,,,GLOBAL_BASELINE_NO_ENTITY_RANKING,,,NOT_APPLICABLE_GLOBAL_BASELINE,HF9g-P5,,,,X 全窗基线 · 不参与实体赏罚,6874670,688,A168_HF9F_20260827_0900,2026-08-27 09:00:00
2026-08-04,152220872,1205,0,4.0407305641,4.0407305641,4.0407305641,1.0000000,1,1,0.49324550000000000,0.493245500000,1.01360149184955,1.01360149184955,1.01360149184955,0E-17,ELIGIBLE,R03b_20260811_FULL_v1,L1_ELIGIBILITY,v2026-08-11,2026-03-21..2026-08-06,baccarat_bet02_101_all_pairs_incl_sentinel,round_win = game_pnl > 0 (decisive only),COMPATIBILITY_ONLY_NOT_PRODUCTION,13461.8174,12030.9580,168.4253,1921,1920,-0.01251133,-0.01264445,-0.00681516,-0.01251133,-168.4253,13461.8174,OK,0.0000,6.7370,4.0000,96.0000,AG03-UNRESOLVED,ALL5_LEVELS_bet23_to_bet27,6.7370,6.7370,6.7370,10.1055,10.1055,4.000000,4.000000,4.000000,6.000000,6.000000,96.000000,96.000000,96.000000,94.000000,94.000000,5.0,40.4221,36.7584,128.0032,131.6669,PENDING_AG03,FALSE,NOT_FOR_ENFORCEMENT,161.6883,11549.7197,168.4253,161.6883,6.7370,0.01251133,0.01201088,6.7370,161.6883,0.01201088,6.7370,6.7370,6.7370,10.1055,10.1055,161.6883,0.01201088,40.4221,36.7584,128.0032,131.6669,0.00950861,0.00978077,0.00050045,7.0077,6.2661,0.0877,10.5266,0.1689,841.3636,120.0000,7.1725,3.5334,4.0407,6.0611,8.1756,12.1222,16.1629,20.2037,6.0611,0.0,2.666667,3.333333,1.156179,29,150,35,2,0.97716482,0.01251133,0.01264445,0E-8,0.000000,0.893710,0.075482,-0.00582929,2026-06-30,2026-08-06,16,997,296,38,0.421053,2.029941,1.023519,3.257216,,,,,,,,GLOBAL_BASELINE_NO_ENTITY_RANKING,,,NOT_APPLICABLE_GLOBAL_BASELINE,HF9g-P5,,,,X 全窗基线 · 不参与实体赏罚,6874671,688,A168_HF9F_20260827_0900,2026-08-27 09:00:00
2026-08-04,152220872,1210,0,4.0407305641,-4.0407305641,-4.0407305641,0E-7,1,1,0.50665070000000000,0.506650700000,-1.013391052207602,-1.013391052207602,-1.013391052207602,0E-17,ELIGIBLE,R03b_20260811_FULL_v1,L1_ELIGIBILITY,v2026-08-11,2026-03-21..2026-08-06,baccarat_bet02_101_all_pairs_incl_sentinel,round_win = game_pnl > 0 (decisive only),COMPATIBILITY_ONLY_NOT_PRODUCTION,13461.8174,12030.9580,168.4253,1921,1920,-0.01251133,-0.01264445,-0.00681516,-0.01251133,-168.4253,13461.8174,OK,0.0000,6.7370,4.0000,96.0000,AG03-UNRESOLVED,ALL5_LEVELS_bet23_to_bet27,6.7370,6.7370,6.7370,10.1055,10.1055,4.000000,4.000000,4.000000,6.000000,6.000000,96.000000,96.000000,96.000000,94.000000,94.000000,5.0,40.4221,36.7584,128.0032,131.6669,PENDING_AG03,FALSE,NOT_FOR_ENFORCEMENT,161.6883,11549.7197,168.4253,161.6883,6.7370,0.01251133,0.01201088,6.7370,161.6883,0.01201088,6.7370,6.7370,6.7370,10.1055,10.1055,161.6883,0.01201088,40.4221,36.7584,128.0032,131.6669,0.00950861,0.00978077,0.00050045,7.0077,6.2661,0.0877,10.5266,0.1689,841.3636,120.0000,7.1725,3.5334,4.0407,6.0611,8.1756,12.1222,16.1629,20.2037,6.0611,0.0,2.666667,3.333333,1.156179,29,150,35,2,0.97716482,0.01251133,0.01264445,0E-8,0.000000,0.893710,0.075482,-0.00582929,2026-06-30,2026-08-06,16,997,296,38,0.421053,2.029941,1.023519,3.257216,,,,,,,,GLOBAL_BASELINE_NO_ENTITY_RANKING,,,NOT_APPLICABLE_GLOBAL_BASELINE,HF9g-P5,,,,X 全窗基线 · 不参与实体赏罚,6874672,688,A168_HF9F_20260827_0900,2026-08-27 09:00:00
2026-08-04,152220872,1384,0,8.0814611282,0E-10,0E-10,0.5000000,2,2,0.49324550000000000,0.493245500000,0.01910635448239258,0.01910635448239258,0.01910635448239258,0E-17,ELIGIBLE,R03b_20260811_FULL_v1,L1_ELIGIBILITY,v2026-08-11,2026-03-21..2026-08-06,baccarat_bet02_101_all_pairs_incl_sentinel,round_win = game_pnl > 0 (decisive only),COMPATIBILITY_ONLY_NOT_PRODUCTION,13461.8174,12030.9580,168.4253,1921,1920,-0.01251133,-0.01264445,-0.00681516,-0.01251133,-168.4253,13461.8174,OK,0.0000,6.7370,4.0000,96.0000,AG03-UNRESOLVED,ALL5_LEVELS_bet23_to_bet27,6.7370,6.7370,6.7370,10.1055,10.1055,4.000000,4.000000,4.000000,6.000000,6.000000,96.000000,96.000000,96.000000,94.000000,94.000000,5.0,40.4221,36.7584,128.0032,131.6669,PENDING_AG03,FALSE,NOT_FOR_ENFORCEMENT,161.6883,11549.7197,168.4253,161.6883,6.7370,0.01251133,0.01201088,6.7370,161.6883,0.01201088,6.7370,6.7370,6.7370,10.1055,10.1055,161.6883,0.01201088,40.4221,36.7584,128.0032,131.6669,0.00950861,0.00978077,0.00050045,7.0077,6.2661,0.0877,10.5266,0.1689,841.3636,120.0000,7.1725,3.5334,4.0407,6.0611,8.1756,12.1222,16.1629,20.2037,6.0611,0.0,2.666667,3.333333,1.156179,29,150,35,2,0.97716482,0.01251133,0.01264445,0E-8,0.000000,0.893710,0.075482,-0.00582929,2026-06-30,2026-08-06,16,997,296,38,0.421053,2.029941,1.023519,3.257216,,,,,,,,GLOBAL_BASELINE_NO_ENTITY_RANKING,,,NOT_APPLICABLE_GLOBAL_BASELINE,HF9g-P5,,,,X 全窗基线 · 不参与实体赏罚,6874673,688,A168_HF9F_20260827_0900,2026-08-27 09:00:00
2026-08-04,152220872,1710,0,8.0814611282,-8.0814611282,-8.0814611282,0E-7,1,1,0.50665070000000000,0.506650700000,-1.013391052207602,-1.013391052207602,-1.013391052207602,0E-17,ELIGIBLE,R03b_20260811_FULL_v1,L1_ELIGIBILITY,v2026-08-11,2026-03-21..2026-08-06,baccarat_bet02_101_all_pairs_incl_sentinel,round_win = game_pnl > 0 (decisive only),COMPATIBILITY_ONLY_NOT_PRODUCTION,13461.8174,12030.9580,168.4253,1921,1920,-0.01251133,-0.01264445,-0.00681516,-0.01251133,-168.4253,13461.8174,OK,0.0000,6.7370,4.0000,96.0000,AG03-UNRESOLVED,ALL5_LEVELS_bet23_to_bet27,6.7370,6.7370,6.7370,10.1055,10.1055,4.000000,4.000000,4.000000,6.000000,6.000000,96.000000,96.000000,96.000000,94.000000,94.000000,5.0,40.4221,36.7584,128.0032,131.6669,PENDING_AG03,FALSE,NOT_FOR_ENFORCEMENT,161.6883,11549.7197,168.4253,161.6883,6.7370,0.01251133,0.01201088,6.7370,161.6883,0.01201088,6.7370,6.7370,6.7370,10.1055,10.1055,161.6883,0.01201088,40.4221,36.7584,128.0032,131.6669,0.00950861,0.00978077,0.00050045,7.0077,6.2661,0.0877,10.5266,0.1689,841.3636,120.0000,7.1725,3.5334,4.0407,6.0611,8.1756,12.1222,16.1629,20.2037,6.0611,0.0,2.666667,3.333333,1.156179,29,150,35,2,0.97716482,0.01251133,0.01264445,0E-8,0.000000,0.893710,0.075482,-0.00582929,2026-06-30,2026-08-06,16,997,296,38,0.421053,2.029941,1.023519,3.257216,,,,,,,,GLOBAL_BASELINE_NO_ENTITY_RANKING,,,NOT_APPLICABLE_GLOBAL_BASELINE,HF9g-P5,,,,X 全窗基线 · 不参与实体赏罚,6874674,688,A168_HF9F_20260827_0900,2026-08-27 09:00:00
2026-08-04,152220872,1935,0,8.0814611282,8.0814611282,8.0814611282,1.0000000,1,1,0.49324550000000000,0.493245500000,1.01360149184955,1.01360149184955,1.01360149184955,0E-17,ELIGIBLE,R03b_20260811_FULL_v1,L1_ELIGIBILITY,v2026-08-11,2026-03-21..2026-08-06,baccarat_bet02_101_all_pairs_incl_sentinel,round_win = game_pnl > 0 (decisive only),COMPATIBILITY_ONLY_NOT_PRODUCTION,13461.8174,12030.9580,168.4253,1921,1920,-0.01251133,-0.01264445,-0.00681516,-0.01251133,-168.4253,13461.8174,OK,0.0000,6.7370,4.0000,96.0000,AG03-UNRESOLVED,ALL5_LEVELS_bet23_to_bet27,6.7370,6.7370,6.7370,10.1055,10.1055,4.000000,4.000000,4.000000,6.000000,6.000000,96.000000,96.000000,96.000000,94.000000,94.000000,5.0,40.4221,36.7584,128.0032,131.6669,PENDING_AG03,FALSE,NOT_FOR_ENFORCEMENT,161.6883,11549.7197,168.4253,161.6883,6.7370,0.01251133,0.01201088,6.7370,161.6883,0.01201088,6.7370,6.7370,6.7370,10.1055,10.1055,161.6883,0.01201088,40.4221,36.7584,128.0032,131.6669,0.00950861,0.00978077,0.00050045,7.0077,6.2661,0.0877,10.5266,0.1689,841.3636,120.0000,7.1725,3.5334,4.0407,6.0611,8.1756,12.1222,16.1629,20.2037,6.0611,0.0,2.666667,3.333333,1.156179,29,150,35,2,0.97716482,0.01251133,0.01264445,0E-8,0.000000,0.893710,0.075482,-0.00582929,2026-06-30,2026-08-06,16,997,296,38,0.421053,2.029941,1.023519,3.257216,,,,,,,,GLOBAL_BASELINE_NO_ENTITY_RANKING,,,NOT_APPLICABLE_GLOBAL_BASELINE,HF9g-P5,,,,X 全窗基线 · 不参与实体赏罚,6874675,688,A168_HF9F_20260827_0900,2026-08-27 09:00:00
2026-08-04,152220872,2068,0,8.0814611282,-8.0814611282,-8.0814611282,0E-7,1,1,0.50665070000000000,0.506650700000,-1.013391052207602,-1.013391052207602,-1.013391052207602,0E-17,ELIGIBLE,R03b_20260811_FULL_v1,L1_ELIGIBILITY,v2026-08-11,2026-03-21..2026-08-06,baccarat_bet02_101_all_pairs_incl_sentinel,round_win = game_pnl > 0 (decisive only),COMPATIBILITY_ONLY_NOT_PRODUCTION,13461.8174,12030.9580,168.4253,1921,1920,-0.01251133,-0.01264445,-0.00681516,-0.01251133,-168.4253,13461.8174,OK,0.0000,6.7370,4.0000,96.0000,AG03-UNRESOLVED,ALL5_LEVELS_bet23_to_bet27,6.7370,6.7370,6.7370,10.1055,10.1055,4.000000,4.000000,4.000000,6.000000,6.000000,96.000000,96.000000,96.000000,94.000000,94.000000,5.0,40.4221,36.7584,128.0032,131.6669,PENDING_AG03,FALSE,NOT_FOR_ENFORCEMENT,161.6883,11549.7197,168.4253,161.6883,6.7370,0.01251133,0.01201088,6.7370,161.6883,0.01201088,6.7370,6.7370,6.7370,10.1055,10.1055,161.6883,0.01201088,40.4221,36.7584,128.0032,131.6669,0.00950861,0.00978077,0.00050045,7.0077,6.2661,0.0877,10.5266,0.1689,841.3636,120.0000,7.1725,3.5334,4.0407,6.0611,8.1756,12.1222,16.1629,20.2037,6.0611,0.0,2.666667,3.333333,1.156179,29,150,35,2,0.97716482,0.01251133,0.01264445,0E-8,0.000000,0.893710,0.075482,-0.00582929,2026-06-30,2026-08-06,16,997,296,38,0.421053,2.029941,1.023519,3.257216,,,,,,,,GLOBAL_BASELINE_NO_ENTITY_RANKING,,,NOT_APPLICABLE_GLOBAL_BASELINE,HF9g-P5,,,,X 全窗基线 · 不参与实体赏罚,6874676,688,A168_HF9F_20260827_0900,2026-08-27 09:00:00
2026-08-04,152220872,2103,0,4.0407305641,0E-10,0E-10,,1,1,0.50665070000000000,0.506650700000,,,,0E-17,NO_DECISIVE_ROUND,R03b_20260811_FULL_v1,L1_ELIGIBILITY,v2026-08-11,2026-03-21..2026-08-06,baccarat_bet02_101_all_pairs_incl_sentinel,round_win = game_pnl > 0 (decisive only),COMPATIBILITY_ONLY_NOT_PRODUCTION,13461.8174,12030.9580,168.4253,1921,1920,-0.01251133,-0.01264445,-0.00681516,-0.01251133,-168.4253,13461.8174,OK,0.0000,6.7370,4.0000,96.0000,AG03-UNRESOLVED,ALL5_LEVELS_bet23_to_bet27,6.7370,6.7370,6.7370,10.1055,10.1055,4.000000,4.000000,4.000000,6.000000,6.000000,96.000000,96.000000,96.000000,94.000000,94.000000,5.0,40.4221,36.7584,128.0032,131.6669,PENDING_AG03,FALSE,NOT_FOR_ENFORCEMENT,161.6883,11549.7197,168.4253,161.6883,6.7370,0.01251133,0.01201088,6.7370,161.6883,0.01201088,6.7370,6.7370,6.7370,10.1055,10.1055,161.6883,0.01201088,40.4221,36.7584,128.0032,131.6669,0.00950861,0.00978077,0.00050045,7.0077,6.2661,0.0877,10.5266,0.1689,841.3636,120.0000,7.1725,3.5334,4.0407,6.0611,8.1756,12.1222,16.1629,20.2037,6.0611,0.0,2.666667,3.333333,1.156179,29,150,35,2,0.97716482,0.01251133,0.01264445,0E-8,0.000000,0.893710,0.075482,-0.00582929,2026-06-30,2026-08-06,16,997,296,38,0.421053,2.029941,1.023519,3.257216,,,,,,,,GLOBAL_BASELINE_NO_ENTITY_RANKING,,,NOT_APPLICABLE_GLOBAL_BASELINE,HF9g-P5,,,,X 全窗基线 · 不参与实体赏罚,6874677,688,A168_HF9F_20260827_0900,2026-08-27 09:00:00
2026-08-04,152220872,2115,0,8.0814611282,0E-10,0E-10,,1,1,0.50665070000000000,0.506650700000,,,,0E-17,NO_DECISIVE_ROUND,R03b_20260811_FULL_v1,L1_ELIGIBILITY,v2026-08-11,2026-03-21..2026-08-06,baccarat_bet02_101_all_pairs_incl_sentinel,round_win = game_pnl > 0 (decisive only),COMPATIBILITY_ONLY_NOT_PRODUCTION,13461.8174,12030.9580,168.4253,1921,1920,-0.01251133,-0.01264445,-0.00681516,-0.01251133,-168.4253,13461.8174,OK,0.0000,6.7370,4.0000,96.0000,AG03-UNRESOLVED,ALL5_LEVELS_bet23_to_bet27,6.7370,6.7370,6.7370,10.1055,10.1055,4.000000,4.000000,4.000000,6.000000,6.000000,96.000000,96.000000,96.000000,94.000000,94.000000,5.0,40.4221,36.7584,128.0032,131.6669,PENDING_AG03,FALSE,NOT_FOR_ENFORCEMENT,161.6883,11549.7197,168.4253,161.6883,6.7370,0.01251133,0.01201088,6.7370,161.6883,0.01201088,6.7370,6.7370,6.7370,10.1055,10.1055,161.6883,0.01201088,40.4221,36.7584,128.0032,131.6669,0.00950861,0.00978077,0.00050045,7.0077,6.2661,0.0877,10.5266,0.1689,841.3636,120.0000,7.1725,3.5334,4.0407,6.0611,8.1756,12.1222,16.1629,20.2037,6.0611,0.0,2.666667,3.333333,1.156179,29,150,35,2,0.97716482,0.01251133,0.01264445,0E-8,0.000000,0.893710,0.075482,-0.00582929,2026-06-30,2026-08-06,16,997,296,38,0.421053,2.029941,1.023519,3.257216,,,,,,,,GLOBAL_BASELINE_NO_ENTITY_RANKING,,,NOT_APPLICABLE_GLOBAL_BASELINE,HF9g-P5,,,,X 全窗基线 · 不参与实体赏罚,6874678,688,A168_HF9F_20260827_0900,2026-08-27 09:00:00
2026-08-04,152220872,2117,0,20.0016162923,11.3241474059,11.3241474059,0.7500000,4,4,0.50329940000000000,0.503299400000,0.9868238854431842,0.9868238854431842,0.9868238854431842,0E-17,ELIGIBLE,R03b_20260811_FULL_v1,L1_ELIGIBILITY,v2026-08-11,2026-03-21..2026-08-06,baccarat_bet02_101_all_pairs_incl_sentinel,round_win = game_pnl > 0 (decisive only),COMPATIBILITY_ONLY_NOT_PRODUCTION,13461.8174,12030.9580,168.4253,1921,1920,-0.01251133,-0.01264445,-0.00681516,-0.01251133,-168.4253,13461.8174,OK,0.0000,6.7370,4.0000,96.0000,AG03-UNRESOLVED,ALL5_LEVELS_bet23_to_bet27,6.7370,6.7370,6.7370,10.1055,10.1055,4.000000,4.000000,4.000000,6.000000,6.000000,96.000000,96.000000,96.000000,94.000000,94.000000,5.0,40.4221,36.7584,128.0032,131.6669,PENDING_AG03,FALSE,NOT_FOR_ENFORCEMENT,161.6883,11549.7197,168.4253,161.6883,6.7370,0.01251133,0.01201088,6.7370,161.6883,0.01201088,6.7370,6.7370,6.7370,10.1055,10.1055,161.6883,0.01201088,40.4221,36.7584,128.0032,131.6669,0.00950861,0.00978077,0.00050045,7.0077,6.2661,0.0877,10.5266,0.1689,841.3636,120.0000,7.1725,3.5334,4.0407,6.0611,8.1756,12.1222,16.1629,20.2037,6.0611,0.0,2.666667,3.333333,1.156179,29,150,35,2,0.97716482,0.01251133,0.01264445,0E-8,0.000000,0.893710,0.075482,-0.00582929,2026-06-30,2026-08-06,16,997,296,38,0.421053,2.029941,1.023519,3.257216,,,,,,,,GLOBAL_BASELINE_NO_ENTITY_RANKING,,,NOT_APPLICABLE_GLOBAL_BASELINE,HF9g-P5,,,,X 全窗基线 · 不参与实体赏罚,6874679,688,A168_HF9F_20260827_0900,2026-08-27 09:00:00
2026-08-04,152220872,2127,0,4.0407305641,3.8386940359,3.8386940359,1.0000000,1,1,0.50665070000000000,0.506650700000,0.9867858985152569,0.9867858985152569,0.9867858985152569,0E-17,ELIGIBLE,R03b_20260811_FULL_v1,L1_ELIGIBILITY,v2026-08-11,2026-03-21..2026-08-06,baccarat_bet02_101_all_pairs_incl_sentinel,round_win = game_pnl > 0 (decisive only),COMPATIBILITY_ONLY_NOT_PRODUCTION,13461.8174,12030.9580,168.4253,1921,1920,-0.01251133,-0.01264445,-0.00681516,-0.01251133,-168.4253,13461.8174,OK,0.0000,6.7370,4.0000,96.0000,AG03-UNRESOLVED,ALL5_LEVELS_bet23_to_bet27,6.7370,6.7370,6.7370,10.1055,10.1055,4.000000,4.000000,4.000000,6.000000,6.000000,96.000000,96.000000,96.000000,94.000000,94.000000,5.0,40.4221,36.7584,128.0032,131.6669,PENDING_AG03,FALSE,NOT_FOR_ENFORCEMENT,161.6883,11549.7197,168.4253,161.6883,6.7370,0.01251133,0.01201088,6.7370,161.6883,0.01201088,6.7370,6.7370,6.7370,10.1055,10.1055,161.6883,0.01201088,40.4221,36.7584,128.0032,131.6669,0.00950861,0.00978077,0.00050045,7.0077,6.2661,0.0877,10.5266,0.1689,841.3636,120.0000,7.1725,3.5334,4.0407,6.0611,8.1756,12.1222,16.1629,20.2037,6.0611,0.0,2.666667,3.333333,1.156179,29,150,35,2,0.97716482,0.01251133,0.01264445,0E-8,0.000000,0.893710,0.075482,-0.00582929,2026-06-30,2026-08-06,16,997,296,38,0.421053,2.029941,1.023519,3.257216,,,,,,,,GLOBAL_BASELINE_NO_ENTITY_RANKING,,,NOT_APPLICABLE_GLOBAL_BASELINE,HF9g-P5,,,,X 全窗基线 · 不参与实体赏罚,6874680,688,A168_HF9F_20260827_0900,2026-08-27 09:00:00
2026-08-04,152220872,2152,0,8.0814611282,7.6773880718,7.6773880718,1.0000000,1,1,0.50665070000000000,0.506650700000,0.9867858985152569,0.9867858985152569,0.9867858985152569,0E-17,ELIGIBLE,R03b_20260811_FULL_v1,L1_ELIGIBILITY,v2026-08-11,2026-03-21..2026-08-06,baccarat_bet02_101_all_pairs_incl_sentinel,round_win = game_pnl > 0 (decisive only),COMPATIBILITY_ONLY_NOT_PRODUCTION,13461.8174,12030.9580,168.4253,1921,1920,-0.01251133,-0.01264445,-0.00681516,-0.01251133,-168.4253,13461.8174,OK,0.0000,6.7370,4.0000,96.0000,AG03-UNRESOLVED,ALL5_LEVELS_bet23_to_bet27,6.7370,6.7370,6.7370,10.1055,10.1055,4.000000,4.000000,4.000000,6.000000,6.000000,96.000000,96.000000,96.000000,94.000000,94.000000,5.0,40.4221,36.7584,128.0032,131.6669,PENDING_AG03,FALSE,NOT_FOR_ENFORCEMENT,161.6883,11549.7197,168.4253,161.6883,6.7370,0.01251133,0.01201088,6.7370,161.6883,0.01201088,6.7370,6.7370,6.7370,10.1055,10.1055,161.6883,0.01201088,40.4221,36.7584,128.0032,131.6669,0.00950861,0.00978077,0.00050045,7.0077,6.2661,0.0877,10.5266,0.1689,841.3636,120.0000,7.1725,3.5334,4.0407,6.0611,8.1756,12.1222,16.1629,20.2037,6.0611,0.0,2.666667,3.333333,1.156179,29,150,35,2,0.97716482,0.01251133,0.01264445,0E-8,0.000000,0.893710,0.075482,-0.00582929,2026-06-30,2026-08-06,16,997,296,38,0.421053,2.029941,1.023519,3.257216,,,,,,,,GLOBAL_BASELINE_NO_ENTITY_RANKING,,,NOT_APPLICABLE_GLOBAL_BASELINE,HF9g-P5,,,,X 全窗基线 · 不参与实体赏罚,6874681,688,A168_HF9F_20260827_0900,2026-08-27 09:00:00
2026-08-04,152220872,2160,0,4.0407305641,-4.0407305641,-4.0407305641,0E-7,1,1,0.49324550000000000,0.493245500000,-0.9865810262130424,-0.9865810262130424,-0.9865810262130424,0E-17,ELIGIBLE,R03b_20260811_FULL_v1,L1_ELIGIBILITY,v2026-08-11,2026-03-21..2026-08-06,baccarat_bet02_101_all_pairs_incl_sentinel,round_win = game_pnl > 0 (decisive only),COMPATIBILITY_ONLY_NOT_PRODUCTION,13461.8174,12030.9580,168.4253,1921,1920,-0.01251133,-0.01264445,-0.00681516,-0.01251133,-168.4253,13461.8174,OK,0.0000,6.7370,4.0000,96.0000,AG03-UNRESOLVED,ALL5_LEVELS_bet23_to_bet27,6.7370,6.7370,6.7370,10.1055,10.1055,4.000000,4.000000,4.000000,6.000000,6.000000,96.000000,96.000000,96.000000,94.000000,94.000000,5.0,40.4221,36.7584,128.0032,131.6669,PENDING_AG03,FALSE,NOT_FOR_ENFORCEMENT,161.6883,11549.7197,168.4253,161.6883,6.7370,0.01251133,0.01201088,6.7370,161.6883,0.01201088,6.7370,6.7370,6.7370,10.1055,10.1055,161.6883,0.01201088,40.4221,36.7584,128.0032,131.6669,0.00950861,0.00978077,0.00050045,7.0077,6.2661,0.0877,10.5266,0.1689,841.3636,120.0000,7.1725,3.5334,4.0407,6.0611,8.1756,12.1222,16.1629,20.2037,6.0611,0.0,2.666667,3.333333,1.156179,29,150,35,2,0.97716482,0.01251133,0.01264445,0E-8,0.000000,0.893710,0.075482,-0.00582929,2026-06-30,2026-08-06,16,997,296,38,0.421053,2.029941,1.023519,3.257216,,,,,,,,GLOBAL_BASELINE_NO_ENTITY_RANKING,,,NOT_APPLICABLE_GLOBAL_BASELINE,HF9g-P5,,,,X 全窗基线 · 不参与实体赏罚,6874682,688,A168_HF9F_20260827_0900,2026-08-27 09:00:00
2026-08-04,152220872,2170,0,4.0407305641,4.0407305641,4.0407305641,1.0000000,1,1,0.49324550000000000,0.493245500000,1.01360149184955,1.01360149184955,1.01360149184955,0E-17,ELIGIBLE,R03b_20260811_FULL_v1,L1_ELIGIBILITY,v2026-08-11,2026-03-21..2026-08-06,baccarat_bet02_101_all_pairs_incl_sentinel,round_win = game_pnl > 0 (decisive only),COMPATIBILITY_ONLY_NOT_PRODUCTION,13461.8174,12030.9580,168.4253,1921,1920,-0.01251133,-0.01264445,-0.00681516,-0.01251133,-168.4253,13461.8174,OK,0.0000,6.7370,4.0000,96.0000,AG03-UNRESOLVED,ALL5_LEVELS_bet23_to_bet27,6.7370,6.7370,6.7370,10.1055,10.1055,4.000000,4.000000,4.000000,6.000000,6.000000,96.000000,96.000000,96.000000,94.000000,94.000000,5.0,40.4221,36.7584,128.0032,131.6669,PENDING_AG03,FALSE,NOT_FOR_ENFORCEMENT,161.6883,11549.7197,168.4253,161.6883,6.7370,0.01251133,0.01201088,6.7370,161.6883,0.01201088,6.7370,6.7370,6.7370,10.1055,10.1055,161.6883,0.01201088,40.4221,36.7584,128.0032,131.6669,0.00950861,0.00978077,0.00050045,7.0077,6.2661,0.0877,10.5266,0.1689,841.3636,120.0000,7.1725,3.5334,4.0407,6.0611,8.1756,12.1222,16.1629,20.2037,6.0611,0.0,2.666667,3.333333,1.156179,29,150,35,2,0.97716482,0.01251133,0.01264445,0E-8,0.000000,0.893710,0.075482,-0.00582929,2026-06-30,2026-08-06,16,997,296,38,0.421053,2.029941,1.023519,3.257216,,,,,,,,GLOBAL_BASELINE_NO_ENTITY_RANKING,,,NOT_APPLICABLE_GLOBAL_BASELINE,HF9g-P5,,,,X 全窗基线 · 不参与实体赏罚,6874683,688,A168_HF9F_20260827_0900,2026-08-27 09:00:00
2026-08-04,152220872,2174,0,8.0814611282,-8.0814611282,-8.0814611282,0E-7,2,2,0.50665070000000000,0.506650700000,-1.4331513700195317,-1.4331513700195317,-1.4331513700195317,0E-17,ELIGIBLE,R03b_20260811_FULL_v1,L1_ELIGIBILITY,v2026-08-11,2026-03-21..2026-08-06,baccarat_bet02_101_all_pairs_incl_sentinel,round_win = game_pnl > 0 (decisive only),COMPATIBILITY_ONLY_NOT_PRODUCTION,13461.8174,12030.9580,168.4253,1921,1920,-0.01251133,-0.01264445,-0.00681516,-0.01251133,-168.4253,13461.8174,OK,0.0000,6.7370,4.0000,96.0000,AG03-UNRESOLVED,ALL5_LEVELS_bet23_to_bet27,6.7370,6.7370,6.7370,10.1055,10.1055,4.000000,4.000000,4.000000,6.000000,6.000000,96.000000,96.000000,96.000000,94.000000,94.000000,5.0,40.4221,36.7584,128.0032,131.6669,PENDING_AG03,FALSE,NOT_FOR_ENFORCEMENT,161.6883,11549.7197,168.4253,161.6883,6.7370,0.01251133,0.01201088,6.7370,161.6883,0.01201088,6.7370,6.7370,6.7370,10.1055,10.1055,161.6883,0.01201088,40.4221,36.7584,128.0032,131.6669,0.00950861,0.00978077,0.00050045,7.0077,6.2661,0.0877,10.5266,0.1689,841.3636,120.0000,7.1725,3.5334,4.0407,6.0611,8.1756,12.1222,16.1629,20.2037,6.0611,0.0,2.666667,3.333333,1.156179,29,150,35,2,0.97716482,0.01251133,0.01264445,0E-8,0.000000,0.893710,0.075482,-0.00582929,2026-06-30,2026-08-06,16,997,296,38,0.421053,2.029941,1.023519,3.257216,,,,,,,,GLOBAL_BASELINE_NO_ENTITY_RANKING,,,NOT_APPLICABLE_GLOBAL_BASELINE,HF9g-P5,,,,X 全窗基线 · 不参与实体赏罚,6874684,688,A168_HF9F_20260827_0900,2026-08-27 09:00:00
2026-08-04,152220872,2223,0,16.1629222564,0E-10,0E-10,0.5000000,2,2,0.49994810000000000,0.499948100000,0.00014679536856514622,0.00014679536856514622,0.00014679536856514622,0E-17,ELIGIBLE,R03b_20260811_FULL_v1,L1_ELIGIBILITY,v2026-08-11,2026-03-21..2026-08-06,baccarat_bet02_101_all_pairs_incl_sentinel,round_win = game_pnl > 0 (decisive only),COMPATIBILITY_ONLY_NOT_PRODUCTION,13461.8174,12030.9580,168.4253,1921,1920,-0.01251133,-0.01264445,-0.00681516,-0.01251133,-168.4253,13461.8174,OK,0.0000,6.7370,4.0000,96.0000,AG03-UNRESOLVED,ALL5_LEVELS_bet23_to_bet27,6.7370,6.7370,6.7370,10.1055,10.1055,4.000000,4.000000,4.000000,6.000000,6.000000,96.000000,96.000000,96.000000,94.000000,94.000000,5.0,40.4221,36.7584,128.0032,131.6669,PENDING_AG03,FALSE,NOT_FOR_ENFORCEMENT,161.6883,11549.7197,168.4253,161.6883,6.7370,0.01251133,0.01201088,6.7370,161.6883,0.01201088,6.7370,6.7370,6.7370,10.1055,10.1055,161.6883,0.01201088,40.4221,36.7584,128.0032,131.6669,0.00950861,0.00978077,0.00050045,7.0077,6.2661,0.0877,10.5266,0.1689,841.3636,120.0000,7.1725,3.5334,4.0407,6.0611,8.1756,12.1222,16.1629,20.2037,6.0611,0.0,2.666667,3.333333,1.156179,29,150,35,2,0.97716482,0.01251133,0.01264445,0E-8,0.000000,0.893710,0.075482,-0.00582929,2026-06-30,2026-08-06,16,997,296,38,0.421053,2.029941,1.023519,3.257216,,,,,,,,GLOBAL_BASELINE_NO_ENTITY_RANKING,,,NOT_APPLICABLE_GLOBAL_BASELINE,HF9g-P5,,,,X 全窗基线 · 不参与实体赏罚,6874685,688,A168_HF9F_20260827_0900,2026-08-27 09:00:00
2026-08-04,152220872,2252,0,8.0814611282,8.0814611282,8.0814611282,1.0000000,1,1,0.49324550000000000,0.493245500000,1.01360149184955,1.01360149184955,1.01360149184955,0E-17,ELIGIBLE,R03b_20260811_FULL_v1,L1_ELIGIBILITY,v2026-08-11,2026-03-21..2026-08-06,baccarat_bet02_101_all_pairs_incl_sentinel,round_win = game_pnl > 0 (decisive only),COMPATIBILITY_ONLY_NOT_PRODUCTION,13461.8174,12030.9580,168.4253,1921,1920,-0.01251133,-0.01264445,-0.00681516,-0.01251133,-168.4253,13461.8174,OK,0.0000,6.7370,4.0000,96.0000,AG03-UNRESOLVED,ALL5_LEVELS_bet23_to_bet27,6.7370,6.7370,6.7370,10.1055,10.1055,4.000000,4.000000,4.000000,6.000000,6.000000,96.000000,96.000000,96.000000,94.000000,94.000000,5.0,40.4221,36.7584,128.0032,131.6669,PENDING_AG03,FALSE,NOT_FOR_ENFORCEMENT,161.6883,11549.7197,168.4253,161.6883,6.7370,0.01251133,0.01201088,6.7370,161.6883,0.01201088,6.7370,6.7370,6.7370,10.1055,10.1055,161.6883,0.01201088,40.4221,36.7584,128.0032,131.6669,0.00950861,0.00978077,0.00050045,7.0077,6.2661,0.0877,10.5266,0.1689,841.3636,120.0000,7.1725,3.5334,4.0407,6.0611,8.1756,12.1222,16.1629,20.2037,6.0611,0.0,2.666667,3.333333,1.156179,29,150,35,2,0.97716482,0.01251133,0.01264445,0E-8,0.000000,0.893710,0.075482,-0.00582929,2026-06-30,2026-08-06,16,997,296,38,0.421053,2.029941,1.023519,3.257216,,,,,,,,GLOBAL_BASELINE_NO_ENTITY_RANKING,,,NOT_APPLICABLE_GLOBAL_BASELINE,HF9g-P5,,,,X 全窗基线 · 不参与实体赏罚,6874686,688,A168_HF9F_20260827_0900,2026-08-27 09:00:00
2026-08-04,152220872,763,0,4.0407305641,-4.0407305641,-4.0407305641,0E-7,1,1,0.50665070000000000,0.506650700000,-1.013391052207602,-1.013391052207602,-1.013391052207602,0E-17,ELIGIBLE,R03b_20260811_FULL_v1,L1_ELIGIBILITY,v2026-08-11,2026-03-21..2026-08-06,baccarat_bet02_101_all_pairs_incl_sentinel,round_win = game_pnl > 0 (decisive only),COMPATIBILITY_ONLY_NOT_PRODUCTION,13461.8174,12030.9580,168.4253,1921,1920,-0.01251133,-0.01264445,-0.00681516,-0.01251133,-168.4253,13461.8174,OK,0.0000,6.7370,4.0000,96.0000,AG03-UNRESOLVED,ALL5_LEVELS_bet23_to_bet27,6.7370,6.7370,6.7370,10.1055,10.1055,4.000000,4.000000,4.000000,6.000000,6.000000,96.000000,96.000000,96.000000,94.000000,94.000000,5.0,40.4221,36.7584,128.0032,131.6669,PENDING_AG03,FALSE,NOT_FOR_ENFORCEMENT,161.6883,11549.7197,168.4253,161.6883,6.7370,0.01251133,0.01201088,6.7370,161.6883,0.01201088,6.7370,6.7370,6.7370,10.1055,10.1055,161.6883,0.01201088,40.4221,36.7584,128.0032,131.6669,0.00950861,0.00978077,0.00050045,7.0077,6.2661,0.0877,10.5266,0.1689,841.3636,120.0000,7.1725,3.5334,4.0407,6.0611,8.1756,12.1222,16.1629,20.2037,6.0611,0.0,2.666667,3.333333,1.156179,29,150,35,2,0.97716482,0.01251133,0.01264445,0E-8,0.000000,0.893710,0.075482,-0.00582929,2026-06-30,2026-08-06,16,997,296,38,0.421053,2.029941,1.023519,3.257216,,,,,,,,GLOBAL_BASELINE_NO_ENTITY_RANKING,,,NOT_APPLICABLE_GLOBAL_BASELINE,HF9g-P5,,,,X 全窗基线 · 不参与实体赏罚,6874687,688,A168_HF9F_20260827_0900,2026-08-27 09:00:00
2026-08-04,152220872,994,0,8.0814611282,7.6773880718,7.6773880718,1.0000000,1,1,0.50665070000000000,0.506650700000,0.9867858985152569,0.9867858985152569,0.9867858985152569,0E-17,ELIGIBLE,R03b_20260811_FULL_v1,L1_ELIGIBILITY,v2026-08-11,2026-03-21..2026-08-06,baccarat_bet02_101_all_pairs_incl_sentinel,round_win = game_pnl > 0 (decisive only),COMPATIBILITY_ONLY_NOT_PRODUCTION,13461.8174,12030.9580,168.4253,1921,1920,-0.01251133,-0.01264445,-0.00681516,-0.01251133,-168.4253,13461.8174,OK,0.0000,6.7370,4.0000,96.0000,AG03-UNRESOLVED,ALL5_LEVELS_bet23_to_bet27,6.7370,6.7370,6.7370,10.1055,10.1055,4.000000,4.000000,4.000000,6.000000,6.000000,96.000000,96.000000,96.000000,94.000000,94.000000,5.0,40.4221,36.7584,128.0032,131.6669,PENDING_AG03,FALSE,NOT_FOR_ENFORCEMENT,161.6883,11549.7197,168.4253,161.6883,6.7370,0.01251133,0.01201088,6.7370,161.6883,0.01201088,6.7370,6.7370,6.7370,10.1055,10.1055,161.6883,0.01201088,40.4221,36.7584,128.0032,131.6669,0.00950861,0.00978077,0.00050045,7.0077,6.2661,0.0877,10.5266,0.1689,841.3636,120.0000,7.1725,3.5334,4.0407,6.0611,8.1756,12.1222,16.1629,20.2037,6.0611,0.0,2.666667,3.333333,1.156179,29,150,35,2,0.97716482,0.01251133,0.01264445,0E-8,0.000000,0.893710,0.075482,-0.00582929,2026-06-30,2026-08-06,16,997,296,38,0.421053,2.029941,1.023519,3.257216,,,,,,,,GLOBAL_BASELINE_NO_ENTITY_RANKING,,,NOT_APPLICABLE_GLOBAL_BASELINE,HF9g-P5,,,,X 全窗基线 · 不参与实体赏罚,6874688,688,A168_HF9F_20260827_0900,2026-08-27 09:00:00
2026-08-05,152220872,-1,1,14.1425569743,-6.0610958462,-6.0610958462,0.3333333,4,4,0.49659680000000000,0.496596800000,-0.5655743394288276,-0.5655743394288276,-0.5655743394288276,0E-17,SENTINEL_DEALER,R03b_20260811_FULL_v1,L1_ELIGIBILITY,v2026-08-11,2026-03-21..2026-08-06,baccarat_bet02_101_all_pairs_incl_sentinel,round_win = game_pnl > 0 (decisive only),COMPATIBILITY_ONLY_NOT_PRODUCTION,13461.8174,12030.9580,168.4253,1921,1920,-0.01251133,-0.01264445,-0.00681516,-0.01251133,-168.4253,13461.8174,OK,0.0000,6.7370,4.0000,96.0000,AG03-UNRESOLVED,ALL5_LEVELS_bet23_to_bet27,6.7370,6.7370,6.7370,10.1055,10.1055,4.000000,4.000000,4.000000,6.000000,6.000000,96.000000,96.000000,96.000000,94.000000,94.000000,5.0,40.4221,36.7584,128.0032,131.6669,PENDING_AG03,FALSE,NOT_FOR_ENFORCEMENT,161.6883,11549.7197,168.4253,161.6883,6.7370,0.01251133,0.01201088,6.7370,161.6883,0.01201088,6.7370,6.7370,6.7370,10.1055,10.1055,161.6883,0.01201088,40.4221,36.7584,128.0032,131.6669,0.00950861,0.00978077,0.00050045,7.0077,6.2661,0.0877,10.5266,0.1689,841.3636,120.0000,7.1725,3.5334,4.0407,6.0611,8.1756,12.1222,16.1629,20.2037,6.0611,0.0,2.666667,3.333333,1.156179,29,150,35,2,0.97716482,0.01251133,0.01264445,0E-8,0.000000,0.893710,0.075482,-0.00582929,2026-06-30,2026-08-06,16,997,296,38,0.421053,2.029941,1.023519,3.257216,,,,,,,,GLOBAL_BASELINE_NO_ENTITY_RANKING,,,NOT_APPLICABLE_GLOBAL_BASELINE,HF9g-P5,,,,X 全窗基线 · 不参与实体赏罚,6874689,688,A168_HF9F_20260827_0900,2026-08-27 09:00:00
2026-08-05,152220872,1151,0,8.0814611282,-8.0814611282,-8.0814611282,0E-7,1,1,0.50665070000000000,0.506650700000,-1.013391052207602,-1.013391052207602,-1.013391052207602,0E-17,ELIGIBLE,R03b_20260811_FULL_v1,L1_ELIGIBILITY,v2026-08-11,2026-03-21..2026-08-06,baccarat_bet02_101_all_pairs_incl_sentinel,round_win = game_pnl > 0 (decisive only),COMPATIBILITY_ONLY_NOT_PRODUCTION,13461.8174,12030.9580,168.4253,1921,1920,-0.01251133,-0.01264445,-0.00681516,-0.01251133,-168.4253,13461.8174,OK,0.0000,6.7370,4.0000,96.0000,AG03-UNRESOLVED,ALL5_LEVELS_bet23_to_bet27,6.7370,6.7370,6.7370,10.1055,10.1055,4.000000,4.000000,4.000000,6.000000,6.000000,96.000000,96.000000,96.000000,94.000000,94.000000,5.0,40.4221,36.7584,128.0032,131.6669,PENDING_AG03,FALSE,NOT_FOR_ENFORCEMENT,161.6883,11549.7197,168.4253,161.6883,6.7370,0.01251133,0.01201088,6.7370,161.6883,0.01201088,6.7370,6.7370,6.7370,10.1055,10.1055,161.6883,0.01201088,40.4221,36.7584,128.0032,131.6669,0.00950861,0.00978077,0.00050045,7.0077,6.2661,0.0877,10.5266,0.1689,841.3636,120.0000,7.1725,3.5334,4.0407,6.0611,8.1756,12.1222,16.1629,20.2037,6.0611,0.0,2.666667,3.333333,1.156179,29,150,35,2,0.97716482,0.01251133,0.01264445,0E-8,0.000000,0.893710,0.075482,-0.00582929,2026-06-30,2026-08-06,16,997,296,38,0.421053,2.029941,1.023519,3.257216,,,,,,,,GLOBAL_BASELINE_NO_ENTITY_RANKING,,,NOT_APPLICABLE_GLOBAL_BASELINE,HF9g-P5,,,,X 全窗基线 · 不参与实体赏罚,6874690,688,A168_HF9F_20260827_0900,2026-08-27 09:00:00
2026-08-05,152220872,1325,0,2.0203652820,2.0203652820,2.0203652820,1.0000000,1,1,0.49324550000000000,0.493245500000,1.01360149184955,1.01360149184955,1.01360149184955,0E-17,ELIGIBLE,R03b_20260811_FULL_v1,L1_ELIGIBILITY,v2026-08-11,2026-03-21..2026-08-06,baccarat_bet02_101_all_pairs_incl_sentinel,round_win = game_pnl > 0 (decisive only),COMPATIBILITY_ONLY_NOT_PRODUCTION,13461.8174,12030.9580,168.4253,1921,1920,-0.01251133,-0.01264445,-0.00681516,-0.01251133,-168.4253,13461.8174,OK,0.0000,6.7370,4.0000,96.0000,AG03-UNRESOLVED,ALL5_LEVELS_bet23_to_bet27,6.7370,6.7370,6.7370,10.1055,10.1055,4.000000,4.000000,4.000000,6.000000,6.000000,96.000000,96.000000,96.000000,94.000000,94.000000,5.0,40.4221,36.7584,128.0032,131.6669,PENDING_AG03,FALSE,NOT_FOR_ENFORCEMENT,161.6883,11549.7197,168.4253,161.6883,6.7370,0.01251133,0.01201088,6.7370,161.6883,0.01201088,6.7370,6.7370,6.7370,10.1055,10.1055,161.6883,0.01201088,40.4221,36.7584,128.0032,131.6669,0.00950861,0.00978077,0.00050045,7.0077,6.2661,0.0877,10.5266,0.1689,841.3636,120.0000,7.1725,3.5334,4.0407,6.0611,8.1756,12.1222,16.1629,20.2037,6.0611,0.0,2.666667,3.333333,1.156179,29,150,35,2,0.97716482,0.01251133,0.01264445,0E-8,0.000000,0.893710,0.075482,-0.00582929,2026-06-30,2026-08-06,16,997,296,38,0.421053,2.029941,1.023519,3.257216,,,,,,,,GLOBAL_BASELINE_NO_ENTITY_RANKING,,,NOT_APPLICABLE_GLOBAL_BASELINE,HF9g-P5,,,,X 全窗基线 · 不参与实体赏罚,6874691,688,A168_HF9F_20260827_0900,2026-08-27 09:00:00
2026-08-05,152220872,1374,0,6.0610958461,-6.0610958461,-6.0610958461,0E-7,2,2,0.49994810000000000,0.499948100000,-1.4140667746232096,-1.4140667746232096,-1.4140667746232096,0E-17,ELIGIBLE,R03b_20260811_FULL_v1,L1_ELIGIBILITY,v2026-08-11,2026-03-21..2026-08-06,baccarat_bet02_101_all_pairs_incl_sentinel,round_win = game_pnl > 0 (decisive only),COMPATIBILITY_ONLY_NOT_PRODUCTION,13461.8174,12030.9580,168.4253,1921,1920,-0.01251133,-0.01264445,-0.00681516,-0.01251133,-168.4253,13461.8174,OK,0.0000,6.7370,4.0000,96.0000,AG03-UNRESOLVED,ALL5_LEVELS_bet23_to_bet27,6.7370,6.7370,6.7370,10.1055,10.1055,4.000000,4.000000,4.000000,6.000000,6.000000,96.000000,96.000000,96.000000,94.000000,94.000000,5.0,40.4221,36.7584,128.0032,131.6669,PENDING_AG03,FALSE,NOT_FOR_ENFORCEMENT,161.6883,11549.7197,168.4253,161.6883,6.7370,0.01251133,0.01201088,6.7370,161.6883,0.01201088,6.7370,6.7370,6.7370,10.1055,10.1055,161.6883,0.01201088,40.4221,36.7584,128.0032,131.6669,0.00950861,0.00978077,0.00050045,7.0077,6.2661,0.0877,10.5266,0.1689,841.3636,120.0000,7.1725,3.5334,4.0407,6.0611,8.1756,12.1222,16.1629,20.2037,6.0611,0.0,2.666667,3.333333,1.156179,29,150,35,2,0.97716482,0.01251133,0.01264445,0E-8,0.000000,0.893710,0.075482,-0.00582929,2026-06-30,2026-08-06,16,997,296,38,0.421053,2.029941,1.023519,3.257216,,,,,,,,GLOBAL_BASELINE_NO_ENTITY_RANKING,,,NOT_APPLICABLE_GLOBAL_BASELINE,HF9g-P5,,,,X 全窗基线 · 不参与实体赏罚,6874692,688,A168_HF9F_20260827_0900,2026-08-27 09:00:00
2026-08-05,152220872,2117,0,4.0407305641,-4.0407305641,-4.0407305641,0E-7,1,1,0.50665070000000000,0.506650700000,-1.013391052207602,-1.013391052207602,-1.013391052207602,0E-17,ELIGIBLE,R03b_20260811_FULL_v1,L1_ELIGIBILITY,v2026-08-11,2026-03-21..2026-08-06,baccarat_bet02_101_all_pairs_incl_sentinel,round_win = game_pnl > 0 (decisive only),COMPATIBILITY_ONLY_NOT_PRODUCTION,13461.8174,12030.9580,168.4253,1921,1920,-0.01251133,-0.01264445,-0.00681516,-0.01251133,-168.4253,13461.8174,OK,0.0000,6.7370,4.0000,96.0000,AG03-UNRESOLVED,ALL5_LEVELS_bet23_to_bet27,6.7370,6.7370,6.7370,10.1055,10.1055,4.000000,4.000000,4.000000,6.000000,6.000000,96.000000,96.000000,96.000000,94.000000,94.000000,5.0,40.4221,36.7584,128.0032,131.6669,PENDING_AG03,FALSE,NOT_FOR_ENFORCEMENT,161.6883,11549.7197,168.4253,161.6883,6.7370,0.01251133,0.01201088,6.7370,161.6883,0.01201088,6.7370,6.7370,6.7370,10.1055,10.1055,161.6883,0.01201088,40.4221,36.7584,128.0032,131.6669,0.00950861,0.00978077,0.00050045,7.0077,6.2661,0.0877,10.5266,0.1689,841.3636,120.0000,7.1725,3.5334,4.0407,6.0611,8.1756,12.1222,16.1629,20.2037,6.0611,0.0,2.666667,3.333333,1.156179,29,150,35,2,0.97716482,0.01251133,0.01264445,0E-8,0.000000,0.893710,0.075482,-0.00582929,2026-06-30,2026-08-06,16,997,296,38,0.421053,2.029941,1.023519,3.257216,,,,,,,,GLOBAL_BASELINE_NO_ENTITY_RANKING,,,NOT_APPLICABLE_GLOBAL_BASELINE,HF9g-P5,,,,X 全窗基线 · 不参与实体赏罚,6874693,688,A168_HF9F_20260827_0900,2026-08-27 09:00:00
2026-08-05,152220872,2153,0,6.0610958461,-6.0610958461,-6.0610958461,0E-7,1,1,0.50665070000000000,0.506650700000,-1.013391052207602,-1.013391052207602,-1.013391052207602,0E-17,ELIGIBLE,R03b_20260811_FULL_v1,L1_ELIGIBILITY,v2026-08-11,2026-03-21..2026-08-06,baccarat_bet02_101_all_pairs_incl_sentinel,round_win = game_pnl > 0 (decisive only),COMPATIBILITY_ONLY_NOT_PRODUCTION,13461.8174,12030.9580,168.4253,1921,1920,-0.01251133,-0.01264445,-0.00681516,-0.01251133,-168.4253,13461.8174,OK,0.0000,6.7370,4.0000,96.0000,AG03-UNRESOLVED,ALL5_LEVELS_bet23_to_bet27,6.7370,6.7370,6.7370,10.1055,10.1055,4.000000,4.000000,4.000000,6.000000,6.000000,96.000000,96.000000,96.000000,94.000000,94.000000,5.0,40.4221,36.7584,128.0032,131.6669,PENDING_AG03,FALSE,NOT_FOR_ENFORCEMENT,161.6883,11549.7197,168.4253,161.6883,6.7370,0.01251133,0.01201088,6.7370,161.6883,0.01201088,6.7370,6.7370,6.7370,10.1055,10.1055,161.6883,0.01201088,40.4221,36.7584,128.0032,131.6669,0.00950861,0.00978077,0.00050045,7.0077,6.2661,0.0877,10.5266,0.1689,841.3636,120.0000,7.1725,3.5334,4.0407,6.0611,8.1756,12.1222,16.1629,20.2037,6.0611,0.0,2.666667,3.333333,1.156179,29,150,35,2,0.97716482,0.01251133,0.01264445,0E-8,0.000000,0.893710,0.075482,-0.00582929,2026-06-30,2026-08-06,16,997,296,38,0.421053,2.029941,1.023519,3.257216,,,,,,,,GLOBAL_BASELINE_NO_ENTITY_RANKING,,,NOT_APPLICABLE_GLOBAL_BASELINE,HF9g-P5,,,,X 全窗基线 · 不参与实体赏罚,6874694,688,A168_HF9F_20260827_0900,2026-08-27 09:00:00
2026-08-05,152220872,2154,0,6.0610958461,5.7580410538,5.7580410538,1.0000000,1,1,0.50665070000000000,0.506650700000,0.9867858985152569,0.9867858985152569,0.9867858985152569,0E-17,ELIGIBLE,R03b_20260811_FULL_v1,L1_ELIGIBILITY,v2026-08-11,2026-03-21..2026-08-06,baccarat_bet02_101_all_pairs_incl_sentinel,round_win = game_pnl > 0 (decisive only),COMPATIBILITY_ONLY_NOT_PRODUCTION,13461.8174,12030.9580,168.4253,1921,1920,-0.01251133,-0.01264445,-0.00681516,-0.01251133,-168.4253,13461.8174,OK,0.0000,6.7370,4.0000,96.0000,AG03-UNRESOLVED,ALL5_LEVELS_bet23_to_bet27,6.7370,6.7370,6.7370,10.1055,10.1055,4.000000,4.000000,4.000000,6.000000,6.000000,96.000000,96.000000,96.000000,94.000000,94.000000,5.0,40.4221,36.7584,128.0032,131.6669,PENDING_AG03,FALSE,NOT_FOR_ENFORCEMENT,161.6883,11549.7197,168.4253,161.6883,6.7370,0.01251133,0.01201088,6.7370,161.6883,0.01201088,6.7370,6.7370,6.7370,10.1055,10.1055,161.6883,0.01201088,40.4221,36.7584,128.0032,131.6669,0.00950861,0.00978077,0.00050045,7.0077,6.2661,0.0877,10.5266,0.1689,841.3636,120.0000,7.1725,3.5334,4.0407,6.0611,8.1756,12.1222,16.1629,20.2037,6.0611,0.0,2.666667,3.333333,1.156179,29,150,35,2,0.97716482,0.01251133,0.01264445,0E-8,0.000000,0.893710,0.075482,-0.00582929,2026-06-30,2026-08-06,16,997,296,38,0.421053,2.029941,1.023519,3.257216,,,,,,,,GLOBAL_BASELINE_NO_ENTITY_RANKING,,,NOT_APPLICABLE_GLOBAL_BASELINE,HF9g-P5,,,,X 全窗基线 · 不参与实体赏罚,6874695,688,A168_HF9F_20260827_0900,2026-08-27 09:00:00
2026-08-05,152220872,2155,0,4.0407305641,-4.0407305641,-4.0407305641,0E-7,1,1,0.50665070000000000,0.506650700000,-1.013391052207602,-1.013391052207602,-1.013391052207602,0E-17,ELIGIBLE,R03b_20260811_FULL_v1,L1_ELIGIBILITY,v2026-08-11,2026-03-21..2026-08-06,baccarat_bet02_101_all_pairs_incl_sentinel,round_win = game_pnl > 0 (decisive only),COMPATIBILITY_ONLY_NOT_PRODUCTION,13461.8174,12030.9580,168.4253,1921,1920,-0.01251133,-0.01264445,-0.00681516,-0.01251133,-168.4253,13461.8174,OK,0.0000,6.7370,4.0000,96.0000,AG03-UNRESOLVED,ALL5_LEVELS_bet23_to_bet27,6.7370,6.7370,6.7370,10.1055,10.1055,4.000000,4.000000,4.000000,6.000000,6.000000,96.000000,96.000000,96.000000,94.000000,94.000000,5.0,40.4221,36.7584,128.0032,131.6669,PENDING_AG03,FALSE,NOT_FOR_ENFORCEMENT,161.6883,11549.7197,168.4253,161.6883,6.7370,0.01251133,0.01201088,6.7370,161.6883,0.01201088,6.7370,6.7370,6.7370,10.1055,10.1055,161.6883,0.01201088,40.4221,36.7584,128.0032,131.6669,0.00950861,0.00978077,0.00050045,7.0077,6.2661,0.0877,10.5266,0.1689,841.3636,120.0000,7.1725,3.5334,4.0407,6.0611,8.1756,12.1222,16.1629,20.2037,6.0611,0.0,2.666667,3.333333,1.156179,29,150,35,2,0.97716482,0.01251133,0.01264445,0E-8,0.000000,0.893710,0.075482,-0.00582929,2026-06-30,2026-08-06,16,997,296,38,0.421053,2.029941,1.023519,3.257216,,,,,,,,GLOBAL_BASELINE_NO_ENTITY_RANKING,,,NOT_APPLICABLE_GLOBAL_BASELINE,HF9g-P5,,,,X 全窗基线 · 不参与实体赏罚,6874696,688,A168_HF9F_20260827_0900,2026-08-27 09:00:00
2026-08-05,152220872,2175,0,6.0610958461,-2.0203652821,-2.0203652821,0.5000000,2,2,0.49994810000000000,0.499948100000,0.00014679536856514622,0.00014679536856514622,0.00014679536856514622,0E-17,ELIGIBLE,R03b_20260811_FULL_v1,L1_ELIGIBILITY,v2026-08-11,2026-03-21..2026-08-06,baccarat_bet02_101_all_pairs_incl_sentinel,round_win = game_pnl > 0 (decisive only),COMPATIBILITY_ONLY_NOT_PRODUCTION,13461.8174,12030.9580,168.4253,1921,1920,-0.01251133,-0.01264445,-0.00681516,-0.01251133,-168.4253,13461.8174,OK,0.0000,6.7370,4.0000,96.0000,AG03-UNRESOLVED,ALL5_LEVELS_bet23_to_bet27,6.7370,6.7370,6.7370,10.1055,10.1055,4.000000,4.000000,4.000000,6.000000,6.000000,96.000000,96.000000,96.000000,94.000000,94.000000,5.0,40.4221,36.7584,128.0032,131.6669,PENDING_AG03,FALSE,NOT_FOR_ENFORCEMENT,161.6883,11549.7197,168.4253,161.6883,6.7370,0.01251133,0.01201088,6.7370,161.6883,0.01201088,6.7370,6.7370,6.7370,10.1055,10.1055,161.6883,0.01201088,40.4221,36.7584,128.0032,131.6669,0.00950861,0.00978077,0.00050045,7.0077,6.2661,0.0877,10.5266,0.1689,841.3636,120.0000,7.1725,3.5334,4.0407,6.0611,8.1756,12.1222,16.1629,20.2037,6.0611,0.0,2.666667,3.333333,1.156179,29,150,35,2,0.97716482,0.01251133,0.01264445,0E-8,0.000000,0.893710,0.075482,-0.00582929,2026-06-30,2026-08-06,16,997,296,38,0.421053,2.029941,1.023519,3.257216,,,,,,,,GLOBAL_BASELINE_NO_ENTITY_RANKING,,,NOT_APPLICABLE_GLOBAL_BASELINE,HF9g-P5,,,,X 全窗基线 · 不参与实体赏罚,6874697,688,A168_HF9F_20260827_0900,2026-08-27 09:00:00
2026-08-06,152220872,-1,1,311.1362534343,1.1112009053,1.1112009053,0.4761905,47,47,0.49894984042553191,0.498949840426,-0.2949957268000478,-0.2949957268061144,-0.2949957268000478,-4.6809E-13,SENTINEL_DEALER,R03b_20260811_FULL_v1,L1_ELIGIBILITY,v2026-08-11,2026-03-21..2026-08-06,baccarat_bet02_101_all_pairs_incl_sentinel,round_win = game_pnl > 0 (decisive only),COMPATIBILITY_ONLY_NOT_PRODUCTION,13461.8174,12030.9580,168.4253,1921,1920,-0.01251133,-0.01264445,-0.00681516,-0.01251133,-168.4253,13461.8174,OK,0.0000,6.7370,4.0000,96.0000,AG03-UNRESOLVED,ALL5_LEVELS_bet23_to_bet27,6.7370,6.7370,6.7370,10.1055,10.1055,4.000000,4.000000,4.000000,6.000000,6.000000,96.000000,96.000000,96.000000,94.000000,94.000000,5.0,40.4221,36.7584,128.0032,131.6669,PENDING_AG03,FALSE,NOT_FOR_ENFORCEMENT,161.6883,11549.7197,168.4253,161.6883,6.7370,0.01251133,0.01201088,6.7370,161.6883,0.01201088,6.7370,6.7370,6.7370,10.1055,10.1055,161.6883,0.01201088,40.4221,36.7584,128.0032,131.6669,0.00950861,0.00978077,0.00050045,7.0077,6.2661,0.0877,10.5266,0.1689,841.3636,120.0000,7.1725,3.5334,4.0407,6.0611,8.1756,12.1222,16.1629,20.2037,6.0611,0.0,2.666667,3.333333,1.156179,29,150,35,2,0.97716482,0.01251133,0.01264445,0E-8,0.000000,0.893710,0.075482,-0.00582929,2026-06-30,2026-08-06,16,997,296,38,0.421053,2.029941,1.023519,3.257216,,,,,,,,GLOBAL_BASELINE_NO_ENTITY_RANKING,,,NOT_APPLICABLE_GLOBAL_BASELINE,HF9g-P5,,,,X 全窗基线 · 不参与实体赏罚,6874698,688,A168_HF9F_20260827_0900,2026-08-27 09:00:00
2026-08-06,152220872,1094,0,6.0610958461,0E-10,0E-10,,1,1,0.50665070000000000,0.506650700000,,,,0E-17,NO_DECISIVE_ROUND,R03b_20260811_FULL_v1,L1_ELIGIBILITY,v2026-08-11,2026-03-21..2026-08-06,baccarat_bet02_101_all_pairs_incl_sentinel,round_win = game_pnl > 0 (decisive only),COMPATIBILITY_ONLY_NOT_PRODUCTION,13461.8174,12030.9580,168.4253,1921,1920,-0.01251133,-0.01264445,-0.00681516,-0.01251133,-168.4253,13461.8174,OK,0.0000,6.7370,4.0000,96.0000,AG03-UNRESOLVED,ALL5_LEVELS_bet23_to_bet27,6.7370,6.7370,6.7370,10.1055,10.1055,4.000000,4.000000,4.000000,6.000000,6.000000,96.000000,96.000000,96.000000,94.000000,94.000000,5.0,40.4221,36.7584,128.0032,131.6669,PENDING_AG03,FALSE,NOT_FOR_ENFORCEMENT,161.6883,11549.7197,168.4253,161.6883,6.7370,0.01251133,0.01201088,6.7370,161.6883,0.01201088,6.7370,6.7370,6.7370,10.1055,10.1055,161.6883,0.01201088,40.4221,36.7584,128.0032,131.6669,0.00950861,0.00978077,0.00050045,7.0077,6.2661,0.0877,10.5266,0.1689,841.3636,120.0000,7.1725,3.5334,4.0407,6.0611,8.1756,12.1222,16.1629,20.2037,6.0611,0.0,2.666667,3.333333,1.156179,29,150,35,2,0.97716482,0.01251133,0.01264445,0E-8,0.000000,0.893710,0.075482,-0.00582929,2026-06-30,2026-08-06,16,997,296,38,0.421053,2.029941,1.023519,3.257216,,,,,,,,GLOBAL_BASELINE_NO_ENTITY_RANKING,,,NOT_APPLICABLE_GLOBAL_BASELINE,HF9g-P5,,,,X 全窗基线 · 不参与实体赏罚,6874699,688,A168_HF9F_20260827_0900,2026-08-27 09:00:00
2026-08-06,152220872,1115,0,12.1221916923,0E-10,0E-10,,1,1,0.50665070000000000,0.506650700000,,,,0E-17,NO_DECISIVE_ROUND,R03b_20260811_FULL_v1,L1_ELIGIBILITY,v2026-08-11,2026-03-21..2026-08-06,baccarat_bet02_101_all_pairs_incl_sentinel,round_win = game_pnl > 0 (decisive only),COMPATIBILITY_ONLY_NOT_PRODUCTION,13461.8174,12030.9580,168.4253,1921,1920,-0.01251133,-0.01264445,-0.00681516,-0.01251133,-168.4253,13461.8174,OK,0.0000,6.7370,4.0000,96.0000,AG03-UNRESOLVED,ALL5_LEVELS_bet23_to_bet27,6.7370,6.7370,6.7370,10.1055,10.1055,4.000000,4.000000,4.000000,6.000000,6.000000,96.000000,96.000000,96.000000,94.000000,94.000000,5.0,40.4221,36.7584,128.0032,131.6669,PENDING_AG03,FALSE,NOT_FOR_ENFORCEMENT,161.6883,11549.7197,168.4253,161.6883,6.7370,0.01251133,0.01201088,6.7370,161.6883,0.01201088,6.7370,6.7370,6.7370,10.1055,10.1055,161.6883,0.01201088,40.4221,36.7584,128.0032,131.6669,0.00950861,0.00978077,0.00050045,7.0077,6.2661,0.0877,10.5266,0.1689,841.3636,120.0000,7.1725,3.5334,4.0407,6.0611,8.1756,12.1222,16.1629,20.2037,6.0611,0.0,2.666667,3.333333,1.156179,29,150,35,2,0.97716482,0.01251133,0.01264445,0E-8,0.000000,0.893710,0.075482,-0.00582929,2026-06-30,2026-08-06,16,997,296,38,0.421053,2.029941,1.023519,3.257216,,,,,,,,GLOBAL_BASELINE_NO_ENTITY_RANKING,,,NOT_APPLICABLE_GLOBAL_BASELINE,HF9g-P5,,,,X 全窗基线 · 不参与实体赏罚,6874700,688,A168_HF9F_20260827_0900,2026-08-27 09:00:00
2026-08-06,152220872,1157,0,6.0610958461,-6.0610958461,-6.0610958461,0E-7,1,1,0.49324550000000000,0.493245500000,-0.9865810262130424,-0.9865810262130424,-0.9865810262130424,0E-17,ELIGIBLE,R03b_20260811_FULL_v1,L1_ELIGIBILITY,v2026-08-11,2026-03-21..2026-08-06,baccarat_bet02_101_all_pairs_incl_sentinel,round_win = game_pnl > 0 (decisive only),COMPATIBILITY_ONLY_NOT_PRODUCTION,13461.8174,12030.9580,168.4253,1921,1920,-0.01251133,-0.01264445,-0.00681516,-0.01251133,-168.4253,13461.8174,OK,0.0000,6.7370,4.0000,96.0000,AG03-UNRESOLVED,ALL5_LEVELS_bet23_to_bet27,6.7370,6.7370,6.7370,10.1055,10.1055,4.000000,4.000000,4.000000,6.000000,6.000000,96.000000,96.000000,96.000000,94.000000,94.000000,5.0,40.4221,36.7584,128.0032,131.6669,PENDING_AG03,FALSE,NOT_FOR_ENFORCEMENT,161.6883,11549.7197,168.4253,161.6883,6.7370,0.01251133,0.01201088,6.7370,161.6883,0.01201088,6.7370,6.7370,6.7370,10.1055,10.1055,161.6883,0.01201088,40.4221,36.7584,128.0032,131.6669,0.00950861,0.00978077,0.00050045,7.0077,6.2661,0.0877,10.5266,0.1689,841.3636,120.0000,7.1725,3.5334,4.0407,6.0611,8.1756,12.1222,16.1629,20.2037,6.0611,0.0,2.666667,3.333333,1.156179,29,150,35,2,0.97716482,0.01251133,0.01264445,0E-8,0.000000,0.893710,0.075482,-0.00582929,2026-06-30,2026-08-06,16,997,296,38,0.421053,2.029941,1.023519,3.257216,,,,,,,,GLOBAL_BASELINE_NO_ENTITY_RANKING,,,NOT_APPLICABLE_GLOBAL_BASELINE,HF9g-P5,,,,X 全窗基线 · 不参与实体赏罚,6874701,688,A168_HF9F_20260827_0900,2026-08-27 09:00:00
2026-08-06,152220872,1205,0,6.0610958461,-6.0610958461,-6.0610958461,0E-7,1,1,0.49324550000000000,0.493245500000,-0.9865810262130424,-0.9865810262130424,-0.9865810262130424,0E-17,ELIGIBLE,R03b_20260811_FULL_v1,L1_ELIGIBILITY,v2026-08-11,2026-03-21..2026-08-06,baccarat_bet02_101_all_pairs_incl_sentinel,round_win = game_pnl > 0 (decisive only),COMPATIBILITY_ONLY_NOT_PRODUCTION,13461.8174,12030.9580,168.4253,1921,1920,-0.01251133,-0.01264445,-0.00681516,-0.01251133,-168.4253,13461.8174,OK,0.0000,6.7370,4.0000,96.0000,AG03-UNRESOLVED,ALL5_LEVELS_bet23_to_bet27,6.7370,6.7370,6.7370,10.1055,10.1055,4.000000,4.000000,4.000000,6.000000,6.000000,96.000000,96.000000,96.000000,94.000000,94.000000,5.0,40.4221,36.7584,128.0032,131.6669,PENDING_AG03,FALSE,NOT_FOR_ENFORCEMENT,161.6883,11549.7197,168.4253,161.6883,6.7370,0.01251133,0.01201088,6.7370,161.6883,0.01201088,6.7370,6.7370,6.7370,10.1055,10.1055,161.6883,0.01201088,40.4221,36.7584,128.0032,131.6669,0.00950861,0.00978077,0.00050045,7.0077,6.2661,0.0877,10.5266,0.1689,841.3636,120.0000,7.1725,3.5334,4.0407,6.0611,8.1756,12.1222,16.1629,20.2037,6.0611,0.0,2.666667,3.333333,1.156179,29,150,35,2,0.97716482,0.01251133,0.01264445,0E-8,0.000000,0.893710,0.075482,-0.00582929,2026-06-30,2026-08-06,16,997,296,38,0.421053,2.029941,1.023519,3.257216,,,,,,,,GLOBAL_BASELINE_NO_ENTITY_RANKING,,,NOT_APPLICABLE_GLOBAL_BASELINE,HF9g-P5,,,,X 全窗基线 · 不参与实体赏罚,6874702,688,A168_HF9F_20260827_0900,2026-08-27 09:00:00
2026-08-06,152220872,1306,0,6.0610958461,5.7580410538,5.7580410538,1.0000000,1,1,0.50665070000000000,0.506650700000,0.9867858985152569,0.9867858985152569,0.9867858985152569,0E-17,ELIGIBLE,R03b_20260811_FULL_v1,L1_ELIGIBILITY,v2026-08-11,2026-03-21..2026-08-06,baccarat_bet02_101_all_pairs_incl_sentinel,round_win = game_pnl > 0 (decisive only),COMPATIBILITY_ONLY_NOT_PRODUCTION,13461.8174,12030.9580,168.4253,1921,1920,-0.01251133,-0.01264445,-0.00681516,-0.01251133,-168.4253,13461.8174,OK,0.0000,6.7370,4.0000,96.0000,AG03-UNRESOLVED,ALL5_LEVELS_bet23_to_bet27,6.7370,6.7370,6.7370,10.1055,10.1055,4.000000,4.000000,4.000000,6.000000,6.000000,96.000000,96.000000,96.000000,94.000000,94.000000,5.0,40.4221,36.7584,128.0032,131.6669,PENDING_AG03,FALSE,NOT_FOR_ENFORCEMENT,161.6883,11549.7197,168.4253,161.6883,6.7370,0.01251133,0.01201088,6.7370,161.6883,0.01201088,6.7370,6.7370,6.7370,10.1055,10.1055,161.6883,0.01201088,40.4221,36.7584,128.0032,131.6669,0.00950861,0.00978077,0.00050045,7.0077,6.2661,0.0877,10.5266,0.1689,841.3636,120.0000,7.1725,3.5334,4.0407,6.0611,8.1756,12.1222,16.1629,20.2037,6.0611,0.0,2.666667,3.333333,1.156179,29,150,35,2,0.97716482,0.01251133,0.01264445,0E-8,0.000000,0.893710,0.075482,-0.00582929,2026-06-30,2026-08-06,16,997,296,38,0.421053,2.029941,1.023519,3.257216,,,,,,,,GLOBAL_BASELINE_NO_ENTITY_RANKING,,,NOT_APPLICABLE_GLOBAL_BASELINE,HF9g-P5,,,,X 全窗基线 · 不参与实体赏罚,6874703,688,A168_HF9F_20260827_0900,2026-08-27 09:00:00
2026-08-06,152220872,1325,0,78.7942459995,-58.5905931791,-58.5905931791,0.1428571,14,14,0.49611804285714286,0.496118042857,-2.643642190302046,-2.643642190300983,-2.643642190302046,1.4286E-13,ELIGIBLE,R03b_20260811_FULL_v1,L1_ELIGIBILITY,v2026-08-11,2026-03-21..2026-08-06,baccarat_bet02_101_all_pairs_incl_sentinel,round_win = game_pnl > 0 (decisive only),COMPATIBILITY_ONLY_NOT_PRODUCTION,13461.8174,12030.9580,168.4253,1921,1920,-0.01251133,-0.01264445,-0.00681516,-0.01251133,-168.4253,13461.8174,OK,0.0000,6.7370,4.0000,96.0000,AG03-UNRESOLVED,ALL5_LEVELS_bet23_to_bet27,6.7370,6.7370,6.7370,10.1055,10.1055,4.000000,4.000000,4.000000,6.000000,6.000000,96.000000,96.000000,96.000000,94.000000,94.000000,5.0,40.4221,36.7584,128.0032,131.6669,PENDING_AG03,FALSE,NOT_FOR_ENFORCEMENT,161.6883,11549.7197,168.4253,161.6883,6.7370,0.01251133,0.01201088,6.7370,161.6883,0.01201088,6.7370,6.7370,6.7370,10.1055,10.1055,161.6883,0.01201088,40.4221,36.7584,128.0032,131.6669,0.00950861,0.00978077,0.00050045,7.0077,6.2661,0.0877,10.5266,0.1689,841.3636,120.0000,7.1725,3.5334,4.0407,6.0611,8.1756,12.1222,16.1629,20.2037,6.0611,0.0,2.666667,3.333333,1.156179,29,150,35,2,0.97716482,0.01251133,0.01264445,0E-8,0.000000,0.893710,0.075482,-0.00582929,2026-06-30,2026-08-06,16,997,296,38,0.421053,2.029941,1.023519,3.257216,,,,,,,,GLOBAL_BASELINE_NO_ENTITY_RANKING,,,NOT_APPLICABLE_GLOBAL_BASELINE,HF9g-P5,,,,X 全窗基线 · 不参与实体赏罚,6874704,688,A168_HF9F_20260827_0900,2026-08-27 09:00:00
2026-08-06,152220872,1330,0,47.0745110714,18.2843058025,18.2843058025,0.6666667,9,9,0.49920336666666667,0.499203366667,1.0047810753185216,1.0047810753165205,1.0047810753185216,-3.3333E-13,ELIGIBLE,R03b_20260811_FULL_v1,L1_ELIGIBILITY,v2026-08-11,2026-03-21..2026-08-06,baccarat_bet02_101_all_pairs_incl_sentinel,round_win = game_pnl > 0 (decisive only),COMPATIBILITY_ONLY_NOT_PRODUCTION,13461.8174,12030.9580,168.4253,1921,1920,-0.01251133,-0.01264445,-0.00681516,-0.01251133,-168.4253,13461.8174,OK,0.0000,6.7370,4.0000,96.0000,AG03-UNRESOLVED,ALL5_LEVELS_bet23_to_bet27,6.7370,6.7370,6.7370,10.1055,10.1055,4.000000,4.000000,4.000000,6.000000,6.000000,96.000000,96.000000,96.000000,94.000000,94.000000,5.0,40.4221,36.7584,128.0032,131.6669,PENDING_AG03,FALSE,NOT_FOR_ENFORCEMENT,161.6883,11549.7197,168.4253,161.6883,6.7370,0.01251133,0.01201088,6.7370,161.6883,0.01201088,6.7370,6.7370,6.7370,10.1055,10.1055,161.6883,0.01201088,40.4221,36.7584,128.0032,131.6669,0.00950861,0.00978077,0.00050045,7.0077,6.2661,0.0877,10.5266,0.1689,841.3636,120.0000,7.1725,3.5334,4.0407,6.0611,8.1756,12.1222,16.1629,20.2037,6.0611,0.0,2.666667,3.333333,1.156179,29,150,35,2,0.97716482,0.01251133,0.01264445,0E-8,0.000000,0.893710,0.075482,-0.00582929,2026-06-30,2026-08-06,16,997,296,38,0.421053,2.029941,1.023519,3.257216,,,,,,,,GLOBAL_BASELINE_NO_ENTITY_RANKING,,,NOT_APPLICABLE_GLOBAL_BASELINE,HF9g-P5,,,,X 全窗基线 · 不参与实体赏罚,6874705,688,A168_HF9F_20260827_0900,2026-08-27 09:00:00
2026-08-06,152220872,1374,0,34.3462097947,-2.0203652820,-2.0203652820,0.5000000,5,5,0.49592654000000000,0.495926540000,0.016294380756781617,0.016294380756781617,0.016294380756781617,0E-17,ELIGIBLE,R03b_20260811_FULL_v1,L1_ELIGIBILITY,v2026-08-11,2026-03-21..2026-08-06,baccarat_bet02_101_all_pairs_incl_sentinel,round_win = game_pnl > 0 (decisive only),COMPATIBILITY_ONLY_NOT_PRODUCTION,13461.8174,12030.9580,168.4253,1921,1920,-0.01251133,-0.01264445,-0.00681516,-0.01251133,-168.4253,13461.8174,OK,0.0000,6.7370,4.0000,96.0000,AG03-UNRESOLVED,ALL5_LEVELS_bet23_to_bet27,6.7370,6.7370,6.7370,10.1055,10.1055,4.000000,4.000000,4.000000,6.000000,6.000000,96.000000,96.000000,96.000000,94.000000,94.000000,5.0,40.4221,36.7584,128.0032,131.6669,PENDING_AG03,FALSE,NOT_FOR_ENFORCEMENT,161.6883,11549.7197,168.4253,161.6883,6.7370,0.01251133,0.01201088,6.7370,161.6883,0.01201088,6.7370,6.7370,6.7370,10.1055,10.1055,161.6883,0.01201088,40.4221,36.7584,128.0032,131.6669,0.00950861,0.00978077,0.00050045,7.0077,6.2661,0.0877,10.5266,0.1689,841.3636,120.0000,7.1725,3.5334,4.0407,6.0611,8.1756,12.1222,16.1629,20.2037,6.0611,0.0,2.666667,3.333333,1.156179,29,150,35,2,0.97716482,0.01251133,0.01264445,0E-8,0.000000,0.893710,0.075482,-0.00582929,2026-06-30,2026-08-06,16,997,296,38,0.421053,2.029941,1.023519,3.257216,,,,,,,,GLOBAL_BASELINE_NO_ENTITY_RANKING,,,NOT_APPLICABLE_GLOBAL_BASELINE,HF9g-P5,,,,X 全窗基线 · 不参与实体赏罚,6874706,688,A168_HF9F_20260827_0900,2026-08-27 09:00:00
2026-08-06,152220872,1383,0,16.1629222563,15.8598674640,15.8598674640,1.0000000,2,2,0.49994810000000000,0.499948100000,1.4143603653603398,1.4143603653603398,1.4143603653603398,0E-17,ELIGIBLE,R03b_20260811_FULL_v1,L1_ELIGIBILITY,v2026-08-11,2026-03-21..2026-08-06,baccarat_bet02_101_all_pairs_incl_sentinel,round_win = game_pnl > 0 (decisive only),COMPATIBILITY_ONLY_NOT_PRODUCTION,13461.8174,12030.9580,168.4253,1921,1920,-0.01251133,-0.01264445,-0.00681516,-0.01251133,-168.4253,13461.8174,OK,0.0000,6.7370,4.0000,96.0000,AG03-UNRESOLVED,ALL5_LEVELS_bet23_to_bet27,6.7370,6.7370,6.7370,10.1055,10.1055,4.000000,4.000000,4.000000,6.000000,6.000000,96.000000,96.000000,96.000000,94.000000,94.000000,5.0,40.4221,36.7584,128.0032,131.6669,PENDING_AG03,FALSE,NOT_FOR_ENFORCEMENT,161.6883,11549.7197,168.4253,161.6883,6.7370,0.01251133,0.01201088,6.7370,161.6883,0.01201088,6.7370,6.7370,6.7370,10.1055,10.1055,161.6883,0.01201088,40.4221,36.7584,128.0032,131.6669,0.00950861,0.00978077,0.00050045,7.0077,6.2661,0.0877,10.5266,0.1689,841.3636,120.0000,7.1725,3.5334,4.0407,6.0611,8.1756,12.1222,16.1629,20.2037,6.0611,0.0,2.666667,3.333333,1.156179,29,150,35,2,0.97716482,0.01251133,0.01264445,0E-8,0.000000,0.893710,0.075482,-0.00582929,2026-06-30,2026-08-06,16,997,296,38,0.421053,2.029941,1.023519,3.257216,,,,,,,,GLOBAL_BASELINE_NO_ENTITY_RANKING,,,NOT_APPLICABLE_GLOBAL_BASELINE,HF9g-P5,,,,X 全窗基线 · 不参与实体赏罚,6874707,688,A168_HF9F_20260827_0900,2026-08-27 09:00:00
2026-08-06,152220872,1396,0,6.0610958461,-6.0610958461,-6.0610958461,0E-7,1,1,0.49324550000000000,0.493245500000,-0.9865810262130424,-0.9865810262130424,-0.9865810262130424,0E-17,ELIGIBLE,R03b_20260811_FULL_v1,L1_ELIGIBILITY,v2026-08-11,2026-03-21..2026-08-06,baccarat_bet02_101_all_pairs_incl_sentinel,round_win = game_pnl > 0 (decisive only),COMPATIBILITY_ONLY_NOT_PRODUCTION,13461.8174,12030.9580,168.4253,1921,1920,-0.01251133,-0.01264445,-0.00681516,-0.01251133,-168.4253,13461.8174,OK,0.0000,6.7370,4.0000,96.0000,AG03-UNRESOLVED,ALL5_LEVELS_bet23_to_bet27,6.7370,6.7370,6.7370,10.1055,10.1055,4.000000,4.000000,4.000000,6.000000,6.000000,96.000000,96.000000,96.000000,94.000000,94.000000,5.0,40.4221,36.7584,128.0032,131.6669,PENDING_AG03,FALSE,NOT_FOR_ENFORCEMENT,161.6883,11549.7197,168.4253,161.6883,6.7370,0.01251133,0.01201088,6.7370,161.6883,0.01201088,6.7370,6.7370,6.7370,10.1055,10.1055,161.6883,0.01201088,40.4221,36.7584,128.0032,131.6669,0.00950861,0.00978077,0.00050045,7.0077,6.2661,0.0877,10.5266,0.1689,841.3636,120.0000,7.1725,3.5334,4.0407,6.0611,8.1756,12.1222,16.1629,20.2037,6.0611,0.0,2.666667,3.333333,1.156179,29,150,35,2,0.97716482,0.01251133,0.01264445,0E-8,0.000000,0.893710,0.075482,-0.00582929,2026-06-30,2026-08-06,16,997,296,38,0.421053,2.029941,1.023519,3.257216,,,,,,,,GLOBAL_BASELINE_NO_ENTITY_RANKING,,,NOT_APPLICABLE_GLOBAL_BASELINE,HF9g-P5,,,,X 全窗基线 · 不参与实体赏罚,6874708,688,A168_HF9F_20260827_0900,2026-08-27 09:00:00
2026-08-06,152220872,1399,0,26.2647486665,24.9515112332,24.9515112332,1.0000000,2,2,0.50665070000000000,0.506650700000,1.3955260008387969,1.3955260008387969,1.3955260008387969,0E-17,ELIGIBLE,R03b_20260811_FULL_v1,L1_ELIGIBILITY,v2026-08-11,2026-03-21..2026-08-06,baccarat_bet02_101_all_pairs_incl_sentinel,round_win = game_pnl > 0 (decisive only),COMPATIBILITY_ONLY_NOT_PRODUCTION,13461.8174,12030.9580,168.4253,1921,1920,-0.01251133,-0.01264445,-0.00681516,-0.01251133,-168.4253,13461.8174,OK,0.0000,6.7370,4.0000,96.0000,AG03-UNRESOLVED,ALL5_LEVELS_bet23_to_bet27,6.7370,6.7370,6.7370,10.1055,10.1055,4.000000,4.000000,4.000000,6.000000,6.000000,96.000000,96.000000,96.000000,94.000000,94.000000,5.0,40.4221,36.7584,128.0032,131.6669,PENDING_AG03,FALSE,NOT_FOR_ENFORCEMENT,161.6883,11549.7197,168.4253,161.6883,6.7370,0.01251133,0.01201088,6.7370,161.6883,0.01201088,6.7370,6.7370,6.7370,10.1055,10.1055,161.6883,0.01201088,40.4221,36.7584,128.0032,131.6669,0.00950861,0.00978077,0.00050045,7.0077,6.2661,0.0877,10.5266,0.1689,841.3636,120.0000,7.1725,3.5334,4.0407,6.0611,8.1756,12.1222,16.1629,20.2037,6.0611,0.0,2.666667,3.333333,1.156179,29,150,35,2,0.97716482,0.01251133,0.01264445,0E-8,0.000000,0.893710,0.075482,-0.00582929,2026-06-30,2026-08-06,16,997,296,38,0.421053,2.029941,1.023519,3.257216,,,,,,,,GLOBAL_BASELINE_NO_ENTITY_RANKING,,,NOT_APPLICABLE_GLOBAL_BASELINE,HF9g-P5,,,,X 全窗基线 · 不参与实体赏罚,6874709,688,A168_HF9F_20260827_0900,2026-08-27 09:00:00
2026-08-06,152220872,1507,0,16.1629222563,9.5967350897,9.5967350897,1.0000000,3,3,0.50665070000000000,0.506650700000,1.3955260008387969,1.3955260008387969,1.3955260008387969,0E-17,ELIGIBLE,R03b_20260811_FULL_v1,L1_ELIGIBILITY,v2026-08-11,2026-03-21..2026-08-06,baccarat_bet02_101_all_pairs_incl_sentinel,round_win = game_pnl > 0 (decisive only),COMPATIBILITY_ONLY_NOT_PRODUCTION,13461.8174,12030.9580,168.4253,1921,1920,-0.01251133,-0.01264445,-0.00681516,-0.01251133,-168.4253,13461.8174,OK,0.0000,6.7370,4.0000,96.0000,AG03-UNRESOLVED,ALL5_LEVELS_bet23_to_bet27,6.7370,6.7370,6.7370,10.1055,10.1055,4.000000,4.000000,4.000000,6.000000,6.000000,96.000000,96.000000,96.000000,94.000000,94.000000,5.0,40.4221,36.7584,128.0032,131.6669,PENDING_AG03,FALSE,NOT_FOR_ENFORCEMENT,161.6883,11549.7197,168.4253,161.6883,6.7370,0.01251133,0.01201088,6.7370,161.6883,0.01201088,6.7370,6.7370,6.7370,10.1055,10.1055,161.6883,0.01201088,40.4221,36.7584,128.0032,131.6669,0.00950861,0.00978077,0.00050045,7.0077,6.2661,0.0877,10.5266,0.1689,841.3636,120.0000,7.1725,3.5334,4.0407,6.0611,8.1756,12.1222,16.1629,20.2037,6.0611,0.0,2.666667,3.333333,1.156179,29,150,35,2,0.97716482,0.01251133,0.01264445,0E-8,0.000000,0.893710,0.075482,-0.00582929,2026-06-30,2026-08-06,16,997,296,38,0.421053,2.029941,1.023519,3.257216,,,,,,,,GLOBAL_BASELINE_NO_ENTITY_RANKING,,,NOT_APPLICABLE_GLOBAL_BASELINE,HF9g-P5,,,,X 全窗基线 · 不参与实体赏罚,6874710,688,A168_HF9F_20260827_0900,2026-08-27 09:00:00
2026-08-06,152220872,1646,0,16.1629222564,-0.4040730564,-0.4040730564,0.6666667,3,3,0.50218230000000000,0.502182300000,0.5697959874915163,0.5697959874915164,0.5697959874915163,0E-17,ELIGIBLE,R03b_20260811_FULL_v1,L1_ELIGIBILITY,v2026-08-11,2026-03-21..2026-08-06,baccarat_bet02_101_all_pairs_incl_sentinel,round_win = game_pnl > 0 (decisive only),COMPATIBILITY_ONLY_NOT_PRODUCTION,13461.8174,12030.9580,168.4253,1921,1920,-0.01251133,-0.01264445,-0.00681516,-0.01251133,-168.4253,13461.8174,OK,0.0000,6.7370,4.0000,96.0000,AG03-UNRESOLVED,ALL5_LEVELS_bet23_to_bet27,6.7370,6.7370,6.7370,10.1055,10.1055,4.000000,4.000000,4.000000,6.000000,6.000000,96.000000,96.000000,96.000000,94.000000,94.000000,5.0,40.4221,36.7584,128.0032,131.6669,PENDING_AG03,FALSE,NOT_FOR_ENFORCEMENT,161.6883,11549.7197,168.4253,161.6883,6.7370,0.01251133,0.01201088,6.7370,161.6883,0.01201088,6.7370,6.7370,6.7370,10.1055,10.1055,161.6883,0.01201088,40.4221,36.7584,128.0032,131.6669,0.00950861,0.00978077,0.00050045,7.0077,6.2661,0.0877,10.5266,0.1689,841.3636,120.0000,7.1725,3.5334,4.0407,6.0611,8.1756,12.1222,16.1629,20.2037,6.0611,0.0,2.666667,3.333333,1.156179,29,150,35,2,0.97716482,0.01251133,0.01264445,0E-8,0.000000,0.893710,0.075482,-0.00582929,2026-06-30,2026-08-06,16,997,296,38,0.421053,2.029941,1.023519,3.257216,,,,,,,,GLOBAL_BASELINE_NO_ENTITY_RANKING,,,NOT_APPLICABLE_GLOBAL_BASELINE,HF9g-P5,,,,X 全窗基线 · 不参与实体赏罚,6874711,688,A168_HF9F_20260827_0900,2026-08-27 09:00:00
2026-08-06,152220872,1710,0,24.2443833845,-12.1221916923,-12.1221916923,0.3333333,3,3,0.49771390000000000,0.497713900000,-0.5694369385616226,-0.5694369385616226,-0.5694369385616226,0E-17,ELIGIBLE,R03b_20260811_FULL_v1,L1_ELIGIBILITY,v2026-08-11,2026-03-21..2026-08-06,baccarat_bet02_101_all_pairs_incl_sentinel,round_win = game_pnl > 0 (decisive only),COMPATIBILITY_ONLY_NOT_PRODUCTION,13461.8174,12030.9580,168.4253,1921,1920,-0.01251133,-0.01264445,-0.00681516,-0.01251133,-168.4253,13461.8174,OK,0.0000,6.7370,4.0000,96.0000,AG03-UNRESOLVED,ALL5_LEVELS_bet23_to_bet27,6.7370,6.7370,6.7370,10.1055,10.1055,4.000000,4.000000,4.000000,6.000000,6.000000,96.000000,96.000000,96.000000,94.000000,94.000000,5.0,40.4221,36.7584,128.0032,131.6669,PENDING_AG03,FALSE,NOT_FOR_ENFORCEMENT,161.6883,11549.7197,168.4253,161.6883,6.7370,0.01251133,0.01201088,6.7370,161.6883,0.01201088,6.7370,6.7370,6.7370,10.1055,10.1055,161.6883,0.01201088,40.4221,36.7584,128.0032,131.6669,0.00950861,0.00978077,0.00050045,7.0077,6.2661,0.0877,10.5266,0.1689,841.3636,120.0000,7.1725,3.5334,4.0407,6.0611,8.1756,12.1222,16.1629,20.2037,6.0611,0.0,2.666667,3.333333,1.156179,29,150,35,2,0.97716482,0.01251133,0.01264445,0E-8,0.000000,0.893710,0.075482,-0.00582929,2026-06-30,2026-08-06,16,997,296,38,0.421053,2.029941,1.023519,3.257216,,,,,,,,GLOBAL_BASELINE_NO_ENTITY_RANKING,,,NOT_APPLICABLE_GLOBAL_BASELINE,HF9g-P5,,,,X 全窗基线 · 不参与实体赏罚,6874712,688,A168_HF9F_20260827_0900,2026-08-27 09:00:00
2026-08-06,152220872,1714,0,18.1832875384,-10.1018264102,-10.1018264102,0E-7,3,3,0.50218230000000000,0.502182300000,-1.4203995680682369,-1.4203995680682369,-1.4203995680682369,0E-17,ELIGIBLE,R03b_20260811_FULL_v1,L1_ELIGIBILITY,v2026-08-11,2026-03-21..2026-08-06,baccarat_bet02_101_all_pairs_incl_sentinel,round_win = game_pnl > 0 (decisive only),COMPATIBILITY_ONLY_NOT_PRODUCTION,13461.8174,12030.9580,168.4253,1921,1920,-0.01251133,-0.01264445,-0.00681516,-0.01251133,-168.4253,13461.8174,OK,0.0000,6.7370,4.0000,96.0000,AG03-UNRESOLVED,ALL5_LEVELS_bet23_to_bet27,6.7370,6.7370,6.7370,10.1055,10.1055,4.000000,4.000000,4.000000,6.000000,6.000000,96.000000,96.000000,96.000000,94.000000,94.000000,5.0,40.4221,36.7584,128.0032,131.6669,PENDING_AG03,FALSE,NOT_FOR_ENFORCEMENT,161.6883,11549.7197,168.4253,161.6883,6.7370,0.01251133,0.01201088,6.7370,161.6883,0.01201088,6.7370,6.7370,6.7370,10.1055,10.1055,161.6883,0.01201088,40.4221,36.7584,128.0032,131.6669,0.00950861,0.00978077,0.00050045,7.0077,6.2661,0.0877,10.5266,0.1689,841.3636,120.0000,7.1725,3.5334,4.0407,6.0611,8.1756,12.1222,16.1629,20.2037,6.0611,0.0,2.666667,3.333333,1.156179,29,150,35,2,0.97716482,0.01251133,0.01264445,0E-8,0.000000,0.893710,0.075482,-0.00582929,2026-06-30,2026-08-06,16,997,296,38,0.421053,2.029941,1.023519,3.257216,,,,,,,,GLOBAL_BASELINE_NO_ENTITY_RANKING,,,NOT_APPLICABLE_GLOBAL_BASELINE,HF9g-P5,,,,X 全窗基线 · 不参与实体赏罚,6874713,688,A168_HF9F_20260827_0900,2026-08-27 09:00:00
2026-08-06,152220872,1935,0,12.1221916923,8.0814611282,8.0814611282,1.0000000,2,2,0.49324550000000000,0.493245500000,1.01360149184955,1.01360149184955,1.01360149184955,0E-17,ELIGIBLE,R03b_20260811_FULL_v1,L1_ELIGIBILITY,v2026-08-11,2026-03-21..2026-08-06,baccarat_bet02_101_all_pairs_incl_sentinel,round_win = game_pnl > 0 (decisive only),COMPATIBILITY_ONLY_NOT_PRODUCTION,13461.8174,12030.9580,168.4253,1921,1920,-0.01251133,-0.01264445,-0.00681516,-0.01251133,-168.4253,13461.8174,OK,0.0000,6.7370,4.0000,96.0000,AG03-UNRESOLVED,ALL5_LEVELS_bet23_to_bet27,6.7370,6.7370,6.7370,10.1055,10.1055,4.000000,4.000000,4.000000,6.000000,6.000000,96.000000,96.000000,96.000000,94.000000,94.000000,5.0,40.4221,36.7584,128.0032,131.6669,PENDING_AG03,FALSE,NOT_FOR_ENFORCEMENT,161.6883,11549.7197,168.4253,161.6883,6.7370,0.01251133,0.01201088,6.7370,161.6883,0.01201088,6.7370,6.7370,6.7370,10.1055,10.1055,161.6883,0.01201088,40.4221,36.7584,128.0032,131.6669,0.00950861,0.00978077,0.00050045,7.0077,6.2661,0.0877,10.5266,0.1689,841.3636,120.0000,7.1725,3.5334,4.0407,6.0611,8.1756,12.1222,16.1629,20.2037,6.0611,0.0,2.666667,3.333333,1.156179,29,150,35,2,0.97716482,0.01251133,0.01264445,0E-8,0.000000,0.893710,0.075482,-0.00582929,2026-06-30,2026-08-06,16,997,296,38,0.421053,2.029941,1.023519,3.257216,,,,,,,,GLOBAL_BASELINE_NO_ENTITY_RANKING,,,NOT_APPLICABLE_GLOBAL_BASELINE,HF9g-P5,,,,X 全窗基线 · 不参与实体赏罚,6874714,688,A168_HF9F_20260827_0900,2026-08-27 09:00:00
2026-08-06,152220872,1963,0,38.3869403587,1.0101826411,1.0101826411,0.5000000,6,6,0.50218230000000000,0.502182300000,-0.01069114476356389,-0.01069114476356389,-0.01069114476356389,0E-17,ELIGIBLE,R03b_20260811_FULL_v1,L1_ELIGIBILITY,v2026-08-11,2026-03-21..2026-08-06,baccarat_bet02_101_all_pairs_incl_sentinel,round_win = game_pnl > 0 (decisive only),COMPATIBILITY_ONLY_NOT_PRODUCTION,13461.8174,12030.9580,168.4253,1921,1920,-0.01251133,-0.01264445,-0.00681516,-0.01251133,-168.4253,13461.8174,OK,0.0000,6.7370,4.0000,96.0000,AG03-UNRESOLVED,ALL5_LEVELS_bet23_to_bet27,6.7370,6.7370,6.7370,10.1055,10.1055,4.000000,4.000000,4.000000,6.000000,6.000000,96.000000,96.000000,96.000000,94.000000,94.000000,5.0,40.4221,36.7584,128.0032,131.6669,PENDING_AG03,FALSE,NOT_FOR_ENFORCEMENT,161.6883,11549.7197,168.4253,161.6883,6.7370,0.01251133,0.01201088,6.7370,161.6883,0.01201088,6.7370,6.7370,6.7370,10.1055,10.1055,161.6883,0.01201088,40.4221,36.7584,128.0032,131.6669,0.00950861,0.00978077,0.00050045,7.0077,6.2661,0.0877,10.5266,0.1689,841.3636,120.0000,7.1725,3.5334,4.0407,6.0611,8.1756,12.1222,16.1629,20.2037,6.0611,0.0,2.666667,3.333333,1.156179,29,150,35,2,0.97716482,0.01251133,0.01264445,0E-8,0.000000,0.893710,0.075482,-0.00582929,2026-06-30,2026-08-06,16,997,296,38,0.421053,2.029941,1.023519,3.257216,,,,,,,,GLOBAL_BASELINE_NO_ENTITY_RANKING,,,NOT_APPLICABLE_GLOBAL_BASELINE,HF9g-P5,,,,X 全窗基线 · 不参与实体赏罚,6874715,688,A168_HF9F_20260827_0900,2026-08-27 09:00:00
2026-08-06,152220872,1966,0,12.1221916923,-8.0814611282,-8.0814611282,0E-7,2,2,0.50665070000000000,0.506650700000,-1.013391052207602,-1.013391052207602,-1.013391052207602,0E-17,ELIGIBLE,R03b_20260811_FULL_v1,L1_ELIGIBILITY,v2026-08-11,2026-03-21..2026-08-06,baccarat_bet02_101_all_pairs_incl_sentinel,round_win = game_pnl > 0 (decisive only),COMPATIBILITY_ONLY_NOT_PRODUCTION,13461.8174,12030.9580,168.4253,1921,1920,-0.01251133,-0.01264445,-0.00681516,-0.01251133,-168.4253,13461.8174,OK,0.0000,6.7370,4.0000,96.0000,AG03-UNRESOLVED,ALL5_LEVELS_bet23_to_bet27,6.7370,6.7370,6.7370,10.1055,10.1055,4.000000,4.000000,4.000000,6.000000,6.000000,96.000000,96.000000,96.000000,94.000000,94.000000,5.0,40.4221,36.7584,128.0032,131.6669,PENDING_AG03,FALSE,NOT_FOR_ENFORCEMENT,161.6883,11549.7197,168.4253,161.6883,6.7370,0.01251133,0.01201088,6.7370,161.6883,0.01201088,6.7370,6.7370,6.7370,10.1055,10.1055,161.6883,0.01201088,40.4221,36.7584,128.0032,131.6669,0.00950861,0.00978077,0.00050045,7.0077,6.2661,0.0877,10.5266,0.1689,841.3636,120.0000,7.1725,3.5334,4.0407,6.0611,8.1756,12.1222,16.1629,20.2037,6.0611,0.0,2.666667,3.333333,1.156179,29,150,35,2,0.97716482,0.01251133,0.01264445,0E-8,0.000000,0.893710,0.075482,-0.00582929,2026-06-30,2026-08-06,16,997,296,38,0.421053,2.029941,1.023519,3.257216,,,,,,,,GLOBAL_BASELINE_NO_ENTITY_RANKING,,,NOT_APPLICABLE_GLOBAL_BASELINE,HF9g-P5,,,,X 全窗基线 · 不参与实体赏罚,6874716,688,A168_HF9F_20260827_0900,2026-08-27 09:00:00
2026-08-06,152220872,2101,0,14.1425569743,-14.1425569743,-14.1425569743,0E-7,2,2,0.50665070000000000,0.506650700000,-1.4331513700195317,-1.4331513700195317,-1.4331513700195317,0E-17,ELIGIBLE,R03b_20260811_FULL_v1,L1_ELIGIBILITY,v2026-08-11,2026-03-21..2026-08-06,baccarat_bet02_101_all_pairs_incl_sentinel,round_win = game_pnl > 0 (decisive only),COMPATIBILITY_ONLY_NOT_PRODUCTION,13461.8174,12030.9580,168.4253,1921,1920,-0.01251133,-0.01264445,-0.00681516,-0.01251133,-168.4253,13461.8174,OK,0.0000,6.7370,4.0000,96.0000,AG03-UNRESOLVED,ALL5_LEVELS_bet23_to_bet27,6.7370,6.7370,6.7370,10.1055,10.1055,4.000000,4.000000,4.000000,6.000000,6.000000,96.000000,96.000000,96.000000,94.000000,94.000000,5.0,40.4221,36.7584,128.0032,131.6669,PENDING_AG03,FALSE,NOT_FOR_ENFORCEMENT,161.6883,11549.7197,168.4253,161.6883,6.7370,0.01251133,0.01201088,6.7370,161.6883,0.01201088,6.7370,6.7370,6.7370,10.1055,10.1055,161.6883,0.01201088,40.4221,36.7584,128.0032,131.6669,0.00950861,0.00978077,0.00050045,7.0077,6.2661,0.0877,10.5266,0.1689,841.3636,120.0000,7.1725,3.5334,4.0407,6.0611,8.1756,12.1222,16.1629,20.2037,6.0611,0.0,2.666667,3.333333,1.156179,29,150,35,2,0.97716482,0.01251133,0.01264445,0E-8,0.000000,0.893710,0.075482,-0.00582929,2026-06-30,2026-08-06,16,997,296,38,0.421053,2.029941,1.023519,3.257216,,,,,,,,GLOBAL_BASELINE_NO_ENTITY_RANKING,,,NOT_APPLICABLE_GLOBAL_BASELINE,HF9g-P5,,,,X 全窗基线 · 不参与实体赏罚,6874717,688,A168_HF9F_20260827_0900,2026-08-27 09:00:00
2026-08-06,152220872,2107,0,20.2036528204,-6.0610958461,-6.0610958461,0.5000000,3,3,0.49324550000000000,0.493245500000,0.01910635448239258,0.01910635448239258,0.01910635448239258,0E-17,ELIGIBLE,R03b_20260811_FULL_v1,L1_ELIGIBILITY,v2026-08-11,2026-03-21..2026-08-06,baccarat_bet02_101_all_pairs_incl_sentinel,round_win = game_pnl > 0 (decisive only),COMPATIBILITY_ONLY_NOT_PRODUCTION,13461.8174,12030.9580,168.4253,1921,1920,-0.01251133,-0.01264445,-0.00681516,-0.01251133,-168.4253,13461.8174,OK,0.0000,6.7370,4.0000,96.0000,AG03-UNRESOLVED,ALL5_LEVELS_bet23_to_bet27,6.7370,6.7370,6.7370,10.1055,10.1055,4.000000,4.000000,4.000000,6.000000,6.000000,96.000000,96.000000,96.000000,94.000000,94.000000,5.0,40.4221,36.7584,128.0032,131.6669,PENDING_AG03,FALSE,NOT_FOR_ENFORCEMENT,161.6883,11549.7197,168.4253,161.6883,6.7370,0.01251133,0.01201088,6.7370,161.6883,0.01201088,6.7370,6.7370,6.7370,10.1055,10.1055,161.6883,0.01201088,40.4221,36.7584,128.0032,131.6669,0.00950861,0.00978077,0.00050045,7.0077,6.2661,0.0877,10.5266,0.1689,841.3636,120.0000,7.1725,3.5334,4.0407,6.0611,8.1756,12.1222,16.1629,20.2037,6.0611,0.0,2.666667,3.333333,1.156179,29,150,35,2,0.97716482,0.01251133,0.01264445,0E-8,0.000000,0.893710,0.075482,-0.00582929,2026-06-30,2026-08-06,16,997,296,38,0.421053,2.029941,1.023519,3.257216,,,,,,,,GLOBAL_BASELINE_NO_ENTITY_RANKING,,,NOT_APPLICABLE_GLOBAL_BASELINE,HF9g-P5,,,,X 全窗基线 · 不参与实体赏罚,6874718,688,A168_HF9F_20260827_0900,2026-08-27 09:00:00
2026-08-06,152220872,2117,0,32.3258445127,-2.3234200744,-2.3234200744,0.5000000,7,7,0.50473567142857143,0.504735671429,-0.01894353541091367,-0.01894353541262818,-0.01894353541091367,-4.2857E-13,ELIGIBLE,R03b_20260811_FULL_v1,L1_ELIGIBILITY,v2026-08-11,2026-03-21..2026-08-06,baccarat_bet02_101_all_pairs_incl_sentinel,round_win = game_pnl > 0 (decisive only),COMPATIBILITY_ONLY_NOT_PRODUCTION,13461.8174,12030.9580,168.4253,1921,1920,-0.01251133,-0.01264445,-0.00681516,-0.01251133,-168.4253,13461.8174,OK,0.0000,6.7370,4.0000,96.0000,AG03-UNRESOLVED,ALL5_LEVELS_bet23_to_bet27,6.7370,6.7370,6.7370,10.1055,10.1055,4.000000,4.000000,4.000000,6.000000,6.000000,96.000000,96.000000,96.000000,94.000000,94.000000,5.0,40.4221,36.7584,128.0032,131.6669,PENDING_AG03,FALSE,NOT_FOR_ENFORCEMENT,161.6883,11549.7197,168.4253,161.6883,6.7370,0.01251133,0.01201088,6.7370,161.6883,0.01201088,6.7370,6.7370,6.7370,10.1055,10.1055,161.6883,0.01201088,40.4221,36.7584,128.0032,131.6669,0.00950861,0.00978077,0.00050045,7.0077,6.2661,0.0877,10.5266,0.1689,841.3636,120.0000,7.1725,3.5334,4.0407,6.0611,8.1756,12.1222,16.1629,20.2037,6.0611,0.0,2.666667,3.333333,1.156179,29,150,35,2,0.97716482,0.01251133,0.01264445,0E-8,0.000000,0.893710,0.075482,-0.00582929,2026-06-30,2026-08-06,16,997,296,38,0.421053,2.029941,1.023519,3.257216,,,,,,,,GLOBAL_BASELINE_NO_ENTITY_RANKING,,,NOT_APPLICABLE_GLOBAL_BASELINE,HF9g-P5,,,,X 全窗基线 · 不参与实体赏罚,6874719,688,A168_HF9F_20260827_0900,2026-08-27 09:00:00
2026-08-06,152220872,2121,0,24.2443833845,15.1527396153,15.1527396153,0.6666667,3,3,0.50665070000000000,0.506650700000,0.5543606114942035,0.5543606114942035,0.5543606114942035,0E-17,ELIGIBLE,R03b_20260811_FULL_v1,L1_ELIGIBILITY,v2026-08-11,2026-03-21..2026-08-06,baccarat_bet02_101_all_pairs_incl_sentinel,round_win = game_pnl > 0 (decisive only),COMPATIBILITY_ONLY_NOT_PRODUCTION,13461.8174,12030.9580,168.4253,1921,1920,-0.01251133,-0.01264445,-0.00681516,-0.01251133,-168.4253,13461.8174,OK,0.0000,6.7370,4.0000,96.0000,AG03-UNRESOLVED,ALL5_LEVELS_bet23_to_bet27,6.7370,6.7370,6.7370,10.1055,10.1055,4.000000,4.000000,4.000000,6.000000,6.000000,96.000000,96.000000,96.000000,94.000000,94.000000,5.0,40.4221,36.7584,128.0032,131.6669,PENDING_AG03,FALSE,NOT_FOR_ENFORCEMENT,161.6883,11549.7197,168.4253,161.6883,6.7370,0.01251133,0.01201088,6.7370,161.6883,0.01201088,6.7370,6.7370,6.7370,10.1055,10.1055,161.6883,0.01201088,40.4221,36.7584,128.0032,131.6669,0.00950861,0.00978077,0.00050045,7.0077,6.2661,0.0877,10.5266,0.1689,841.3636,120.0000,7.1725,3.5334,4.0407,6.0611,8.1756,12.1222,16.1629,20.2037,6.0611,0.0,2.666667,3.333333,1.156179,29,150,35,2,0.97716482,0.01251133,0.01264445,0E-8,0.000000,0.893710,0.075482,-0.00582929,2026-06-30,2026-08-06,16,997,296,38,0.421053,2.029941,1.023519,3.257216,,,,,,,,GLOBAL_BASELINE_NO_ENTITY_RANKING,,,NOT_APPLICABLE_GLOBAL_BASELINE,HF9g-P5,,,,X 全窗基线 · 不参与实体赏罚,6874720,688,A168_HF9F_20260827_0900,2026-08-27 09:00:00
2026-08-06,152220872,2123,0,4.0407305641,-4.0407305641,-4.0407305641,0E-7,1,1,0.50665070000000000,0.506650700000,-1.013391052207602,-1.013391052207602,-1.013391052207602,0E-17,ELIGIBLE,R03b_20260811_FULL_v1,L1_ELIGIBILITY,v2026-08-11,2026-03-21..2026-08-06,baccarat_bet02_101_all_pairs_incl_sentinel,round_win = game_pnl > 0 (decisive only),COMPATIBILITY_ONLY_NOT_PRODUCTION,13461.8174,12030.9580,168.4253,1921,1920,-0.01251133,-0.01264445,-0.00681516,-0.01251133,-168.4253,13461.8174,OK,0.0000,6.7370,4.0000,96.0000,AG03-UNRESOLVED,ALL5_LEVELS_bet23_to_bet27,6.7370,6.7370,6.7370,10.1055,10.1055,4.000000,4.000000,4.000000,6.000000,6.000000,96.000000,96.000000,96.000000,94.000000,94.000000,5.0,40.4221,36.7584,128.0032,131.6669,PENDING_AG03,FALSE,NOT_FOR_ENFORCEMENT,161.6883,11549.7197,168.4253,161.6883,6.7370,0.01251133,0.01201088,6.7370,161.6883,0.01201088,6.7370,6.7370,6.7370,10.1055,10.1055,161.6883,0.01201088,40.4221,36.7584,128.0032,131.6669,0.00950861,0.00978077,0.00050045,7.0077,6.2661,0.0877,10.5266,0.1689,841.3636,120.0000,7.1725,3.5334,4.0407,6.0611,8.1756,12.1222,16.1629,20.2037,6.0611,0.0,2.666667,3.333333,1.156179,29,150,35,2,0.97716482,0.01251133,0.01264445,0E-8,0.000000,0.893710,0.075482,-0.00582929,2026-06-30,2026-08-06,16,997,296,38,0.421053,2.029941,1.023519,3.257216,,,,,,,,GLOBAL_BASELINE_NO_ENTITY_RANKING,,,NOT_APPLICABLE_GLOBAL_BASELINE,HF9g-P5,,,,X 全窗基线 · 不参与实体赏罚,6874721,688,A168_HF9F_20260827_0900,2026-08-27 09:00:00
2026-08-06,152220872,2142,0,16.1629222563,-4.3437853564,-4.3437853564,0.5000000,2,2,0.50665070000000000,0.506650700000,-0.018812684590367487,-0.018812684590367487,-0.018812684590367487,0E-17,ELIGIBLE,R03b_20260811_FULL_v1,L1_ELIGIBILITY,v2026-08-11,2026-03-21..2026-08-06,baccarat_bet02_101_all_pairs_incl_sentinel,round_win = game_pnl > 0 (decisive only),COMPATIBILITY_ONLY_NOT_PRODUCTION,13461.8174,12030.9580,168.4253,1921,1920,-0.01251133,-0.01264445,-0.00681516,-0.01251133,-168.4253,13461.8174,OK,0.0000,6.7370,4.0000,96.0000,AG03-UNRESOLVED,ALL5_LEVELS_bet23_to_bet27,6.7370,6.7370,6.7370,10.1055,10.1055,4.000000,4.000000,4.000000,6.000000,6.000000,96.000000,96.000000,96.000000,94.000000,94.000000,5.0,40.4221,36.7584,128.0032,131.6669,PENDING_AG03,FALSE,NOT_FOR_ENFORCEMENT,161.6883,11549.7197,168.4253,161.6883,6.7370,0.01251133,0.01201088,6.7370,161.6883,0.01201088,6.7370,6.7370,6.7370,10.1055,10.1055,161.6883,0.01201088,40.4221,36.7584,128.0032,131.6669,0.00950861,0.00978077,0.00050045,7.0077,6.2661,0.0877,10.5266,0.1689,841.3636,120.0000,7.1725,3.5334,4.0407,6.0611,8.1756,12.1222,16.1629,20.2037,6.0611,0.0,2.666667,3.333333,1.156179,29,150,35,2,0.97716482,0.01251133,0.01264445,0E-8,0.000000,0.893710,0.075482,-0.00582929,2026-06-30,2026-08-06,16,997,296,38,0.421053,2.029941,1.023519,3.257216,,,,,,,,GLOBAL_BASELINE_NO_ENTITY_RANKING,,,NOT_APPLICABLE_GLOBAL_BASELINE,HF9g-P5,,,,X 全窗基线 · 不参与实体赏罚,6874722,688,A168_HF9F_20260827_0900,2026-08-27 09:00:00
2026-08-06,152220872,2152,0,52.5294973332,-0.4040730564,-0.4040730564,0.5000000,6,6,0.49547970000000000,0.495479700000,0.022145762000773162,0.022145762000773162,0.022145762000773162,0E-17,ELIGIBLE,R03b_20260811_FULL_v1,L1_ELIGIBILITY,v2026-08-11,2026-03-21..2026-08-06,baccarat_bet02_101_all_pairs_incl_sentinel,round_win = game_pnl > 0 (decisive only),COMPATIBILITY_ONLY_NOT_PRODUCTION,13461.8174,12030.9580,168.4253,1921,1920,-0.01251133,-0.01264445,-0.00681516,-0.01251133,-168.4253,13461.8174,OK,0.0000,6.7370,4.0000,96.0000,AG03-UNRESOLVED,ALL5_LEVELS_bet23_to_bet27,6.7370,6.7370,6.7370,10.1055,10.1055,4.000000,4.000000,4.000000,6.000000,6.000000,96.000000,96.000000,96.000000,94.000000,94.000000,5.0,40.4221,36.7584,128.0032,131.6669,PENDING_AG03,FALSE,NOT_FOR_ENFORCEMENT,161.6883,11549.7197,168.4253,161.6883,6.7370,0.01251133,0.01201088,6.7370,161.6883,0.01201088,6.7370,6.7370,6.7370,10.1055,10.1055,161.6883,0.01201088,40.4221,36.7584,128.0032,131.6669,0.00950861,0.00978077,0.00050045,7.0077,6.2661,0.0877,10.5266,0.1689,841.3636,120.0000,7.1725,3.5334,4.0407,6.0611,8.1756,12.1222,16.1629,20.2037,6.0611,0.0,2.666667,3.333333,1.156179,29,150,35,2,0.97716482,0.01251133,0.01264445,0E-8,0.000000,0.893710,0.075482,-0.00582929,2026-06-30,2026-08-06,16,997,296,38,0.421053,2.029941,1.023519,3.257216,,,,,,,,GLOBAL_BASELINE_NO_ENTITY_RANKING,,,NOT_APPLICABLE_GLOBAL_BASELINE,HF9g-P5,,,,X 全窗基线 · 不参与实体赏罚,6874723,688,A168_HF9F_20260827_0900,2026-08-27 09:00:00
2026-08-06,152220872,2153,0,28.2851139486,7.5763698077,7.5763698077,0.6000000,5,5,0.50128862000000000,0.501288620000,0.4414521777673877,0.4414521777673877,0.4414521777673877,0E-17,ELIGIBLE,R03b_20260811_FULL_v1,L1_ELIGIBILITY,v2026-08-11,2026-03-21..2026-08-06,baccarat_bet02_101_all_pairs_incl_sentinel,round_win = game_pnl > 0 (decisive only),COMPATIBILITY_ONLY_NOT_PRODUCTION,13461.8174,12030.9580,168.4253,1921,1920,-0.01251133,-0.01264445,-0.00681516,-0.01251133,-168.4253,13461.8174,OK,0.0000,6.7370,4.0000,96.0000,AG03-UNRESOLVED,ALL5_LEVELS_bet23_to_bet27,6.7370,6.7370,6.7370,10.1055,10.1055,4.000000,4.000000,4.000000,6.000000,6.000000,96.000000,96.000000,96.000000,94.000000,94.000000,5.0,40.4221,36.7584,128.0032,131.6669,PENDING_AG03,FALSE,NOT_FOR_ENFORCEMENT,161.6883,11549.7197,168.4253,161.6883,6.7370,0.01251133,0.01201088,6.7370,161.6883,0.01201088,6.7370,6.7370,6.7370,10.1055,10.1055,161.6883,0.01201088,40.4221,36.7584,128.0032,131.6669,0.00950861,0.00978077,0.00050045,7.0077,6.2661,0.0877,10.5266,0.1689,841.3636,120.0000,7.1725,3.5334,4.0407,6.0611,8.1756,12.1222,16.1629,20.2037,6.0611,0.0,2.666667,3.333333,1.156179,29,150,35,2,0.97716482,0.01251133,0.01264445,0E-8,0.000000,0.893710,0.075482,-0.00582929,2026-06-30,2026-08-06,16,997,296,38,0.421053,2.029941,1.023519,3.257216,,,,,,,,GLOBAL_BASELINE_NO_ENTITY_RANKING,,,NOT_APPLICABLE_GLOBAL_BASELINE,HF9g-P5,,,,X 全窗基线 · 不参与实体赏罚,6874724,688,A168_HF9F_20260827_0900,2026-08-27 09:00:00
2026-08-06,152220872,2155,0,32.3258445127,5.8590593179,5.8590593179,0.7500000,5,5,0.49592654000000000,0.495926540000,1.0163275685615971,1.0163275685615971,1.0163275685615971,0E-17,ELIGIBLE,R03b_20260811_FULL_v1,L1_ELIGIBILITY,v2026-08-11,2026-03-21..2026-08-06,baccarat_bet02_101_all_pairs_incl_sentinel,round_win = game_pnl > 0 (decisive only),COMPATIBILITY_ONLY_NOT_PRODUCTION,13461.8174,12030.9580,168.4253,1921,1920,-0.01251133,-0.01264445,-0.00681516,-0.01251133,-168.4253,13461.8174,OK,0.0000,6.7370,4.0000,96.0000,AG03-UNRESOLVED,ALL5_LEVELS_bet23_to_bet27,6.7370,6.7370,6.7370,10.1055,10.1055,4.000000,4.000000,4.000000,6.000000,6.000000,96.000000,96.000000,96.000000,94.000000,94.000000,5.0,40.4221,36.7584,128.0032,131.6669,PENDING_AG03,FALSE,NOT_FOR_ENFORCEMENT,161.6883,11549.7197,168.4253,161.6883,6.7370,0.01251133,0.01201088,6.7370,161.6883,0.01201088,6.7370,6.7370,6.7370,10.1055,10.1055,161.6883,0.01201088,40.4221,36.7584,128.0032,131.6669,0.00950861,0.00978077,0.00050045,7.0077,6.2661,0.0877,10.5266,0.1689,841.3636,120.0000,7.1725,3.5334,4.0407,6.0611,8.1756,12.1222,16.1629,20.2037,6.0611,0.0,2.666667,3.333333,1.156179,29,150,35,2,0.97716482,0.01251133,0.01264445,0E-8,0.000000,0.893710,0.075482,-0.00582929,2026-06-30,2026-08-06,16,997,296,38,0.421053,2.029941,1.023519,3.257216,,,,,,,,GLOBAL_BASELINE_NO_ENTITY_RANKING,,,NOT_APPLICABLE_GLOBAL_BASELINE,HF9g-P5,,,,X 全窗基线 · 不参与实体赏罚,6874725,688,A168_HF9F_20260827_0900,2026-08-27 09:00:00
2026-08-06,152220872,2156,0,6.0610958461,5.7580410538,5.7580410538,1.0000000,1,1,0.50665070000000000,0.506650700000,0.9867858985152569,0.9867858985152569,0.9867858985152569,0E-17,ELIGIBLE,R03b_20260811_FULL_v1,L1_ELIGIBILITY,v2026-08-11,2026-03-21..2026-08-06,baccarat_bet02_101_all_pairs_incl_sentinel,round_win = game_pnl > 0 (decisive only),COMPATIBILITY_ONLY_NOT_PRODUCTION,13461.8174,12030.9580,168.4253,1921,1920,-0.01251133,-0.01264445,-0.00681516,-0.01251133,-168.4253,13461.8174,OK,0.0000,6.7370,4.0000,96.0000,AG03-UNRESOLVED,ALL5_LEVELS_bet23_to_bet27,6.7370,6.7370,6.7370,10.1055,10.1055,4.000000,4.000000,4.000000,6.000000,6.000000,96.000000,96.000000,96.000000,94.000000,94.000000,5.0,40.4221,36.7584,128.0032,131.6669,PENDING_AG03,FALSE,NOT_FOR_ENFORCEMENT,161.6883,11549.7197,168.4253,161.6883,6.7370,0.01251133,0.01201088,6.7370,161.6883,0.01201088,6.7370,6.7370,6.7370,10.1055,10.1055,161.6883,0.01201088,40.4221,36.7584,128.0032,131.6669,0.00950861,0.00978077,0.00050045,7.0077,6.2661,0.0877,10.5266,0.1689,841.3636,120.0000,7.1725,3.5334,4.0407,6.0611,8.1756,12.1222,16.1629,20.2037,6.0611,0.0,2.666667,3.333333,1.156179,29,150,35,2,0.97716482,0.01251133,0.01264445,0E-8,0.000000,0.893710,0.075482,-0.00582929,2026-06-30,2026-08-06,16,997,296,38,0.421053,2.029941,1.023519,3.257216,,,,,,,,GLOBAL_BASELINE_NO_ENTITY_RANKING,,,NOT_APPLICABLE_GLOBAL_BASELINE,HF9g-P5,,,,X 全窗基线 · 不参与实体赏罚,6874726,688,A168_HF9F_20260827_0900,2026-08-27 09:00:00
2026-08-06,152220872,2169,0,40.4073056407,22.8301276871,22.8301276871,0.7500000,8,8,0.50497505000000000,0.504975050000,1.3861390483323712,1.3861390483323712,1.3861390483323712,0E-17,ELIGIBLE,R03b_20260811_FULL_v1,L1_ELIGIBILITY,v2026-08-11,2026-03-21..2026-08-06,baccarat_bet02_101_all_pairs_incl_sentinel,round_win = game_pnl > 0 (decisive only),COMPATIBILITY_ONLY_NOT_PRODUCTION,13461.8174,12030.9580,168.4253,1921,1920,-0.01251133,-0.01264445,-0.00681516,-0.01251133,-168.4253,13461.8174,OK,0.0000,6.7370,4.0000,96.0000,AG03-UNRESOLVED,ALL5_LEVELS_bet23_to_bet27,6.7370,6.7370,6.7370,10.1055,10.1055,4.000000,4.000000,4.000000,6.000000,6.000000,96.000000,96.000000,96.000000,94.000000,94.000000,5.0,40.4221,36.7584,128.0032,131.6669,PENDING_AG03,FALSE,NOT_FOR_ENFORCEMENT,161.6883,11549.7197,168.4253,161.6883,6.7370,0.01251133,0.01201088,6.7370,161.6883,0.01201088,6.7370,6.7370,6.7370,10.1055,10.1055,161.6883,0.01201088,40.4221,36.7584,128.0032,131.6669,0.00950861,0.00978077,0.00050045,7.0077,6.2661,0.0877,10.5266,0.1689,841.3636,120.0000,7.1725,3.5334,4.0407,6.0611,8.1756,12.1222,16.1629,20.2037,6.0611,0.0,2.666667,3.333333,1.156179,29,150,35,2,0.97716482,0.01251133,0.01264445,0E-8,0.000000,0.893710,0.075482,-0.00582929,2026-06-30,2026-08-06,16,997,296,38,0.421053,2.029941,1.023519,3.257216,,,,,,,,GLOBAL_BASELINE_NO_ENTITY_RANKING,,,NOT_APPLICABLE_GLOBAL_BASELINE,HF9g-P5,,,,X 全窗基线 · 不参与实体赏罚,6874727,688,A168_HF9F_20260827_0900,2026-08-27 09:00:00
2026-08-06,152220872,2171,0,8.0814611282,8.0814611282,8.0814611282,1.0000000,1,1,0.49324550000000000,0.493245500000,1.01360149184955,1.01360149184955,1.01360149184955,0E-17,ELIGIBLE,R03b_20260811_FULL_v1,L1_ELIGIBILITY,v2026-08-11,2026-03-21..2026-08-06,baccarat_bet02_101_all_pairs_incl_sentinel,round_win = game_pnl > 0 (decisive only),COMPATIBILITY_ONLY_NOT_PRODUCTION,13461.8174,12030.9580,168.4253,1921,1920,-0.01251133,-0.01264445,-0.00681516,-0.01251133,-168.4253,13461.8174,OK,0.0000,6.7370,4.0000,96.0000,AG03-UNRESOLVED,ALL5_LEVELS_bet23_to_bet27,6.7370,6.7370,6.7370,10.1055,10.1055,4.000000,4.000000,4.000000,6.000000,6.000000,96.000000,96.000000,96.000000,94.000000,94.000000,5.0,40.4221,36.7584,128.0032,131.6669,PENDING_AG03,FALSE,NOT_FOR_ENFORCEMENT,161.6883,11549.7197,168.4253,161.6883,6.7370,0.01251133,0.01201088,6.7370,161.6883,0.01201088,6.7370,6.7370,6.7370,10.1055,10.1055,161.6883,0.01201088,40.4221,36.7584,128.0032,131.6669,0.00950861,0.00978077,0.00050045,7.0077,6.2661,0.0877,10.5266,0.1689,841.3636,120.0000,7.1725,3.5334,4.0407,6.0611,8.1756,12.1222,16.1629,20.2037,6.0611,0.0,2.666667,3.333333,1.156179,29,150,35,2,0.97716482,0.01251133,0.01264445,0E-8,0.000000,0.893710,0.075482,-0.00582929,2026-06-30,2026-08-06,16,997,296,38,0.421053,2.029941,1.023519,3.257216,,,,,,,,GLOBAL_BASELINE_NO_ENTITY_RANKING,,,NOT_APPLICABLE_GLOBAL_BASELINE,HF9g-P5,,,,X 全窗基线 · 不参与实体赏罚,6874728,688,A168_HF9F_20260827_0900,2026-08-27 09:00:00
2026-08-06,152220872,2175,0,12.1221916922,5.7580410538,5.7580410538,1.0000000,2,2,0.50665070000000000,0.506650700000,0.9867858985152569,0.9867858985152569,0.9867858985152569,0E-17,ELIGIBLE,R03b_20260811_FULL_v1,L1_ELIGIBILITY,v2026-08-11,2026-03-21..2026-08-06,baccarat_bet02_101_all_pairs_incl_sentinel,round_win = game_pnl > 0 (decisive only),COMPATIBILITY_ONLY_NOT_PRODUCTION,13461.8174,12030.9580,168.4253,1921,1920,-0.01251133,-0.01264445,-0.00681516,-0.01251133,-168.4253,13461.8174,OK,0.0000,6.7370,4.0000,96.0000,AG03-UNRESOLVED,ALL5_LEVELS_bet23_to_bet27,6.7370,6.7370,6.7370,10.1055,10.1055,4.000000,4.000000,4.000000,6.000000,6.000000,96.000000,96.000000,96.000000,94.000000,94.000000,5.0,40.4221,36.7584,128.0032,131.6669,PENDING_AG03,FALSE,NOT_FOR_ENFORCEMENT,161.6883,11549.7197,168.4253,161.6883,6.7370,0.01251133,0.01201088,6.7370,161.6883,0.01201088,6.7370,6.7370,6.7370,10.1055,10.1055,161.6883,0.01201088,40.4221,36.7584,128.0032,131.6669,0.00950861,0.00978077,0.00050045,7.0077,6.2661,0.0877,10.5266,0.1689,841.3636,120.0000,7.1725,3.5334,4.0407,6.0611,8.1756,12.1222,16.1629,20.2037,6.0611,0.0,2.666667,3.333333,1.156179,29,150,35,2,0.97716482,0.01251133,0.01264445,0E-8,0.000000,0.893710,0.075482,-0.00582929,2026-06-30,2026-08-06,16,997,296,38,0.421053,2.029941,1.023519,3.257216,,,,,,,,GLOBAL_BASELINE_NO_ENTITY_RANKING,,,NOT_APPLICABLE_GLOBAL_BASELINE,HF9g-P5,,,,X 全窗基线 · 不参与实体赏罚,6874729,688,A168_HF9F_20260827_0900,2026-08-27 09:00:00
2026-08-06,152220872,2188,0,12.1221916922,-0.3030547923,-0.3030547923,0.5000000,2,2,0.50665070000000000,0.506650700000,-0.018812684590367487,-0.018812684590367487,-0.018812684590367487,0E-17,ELIGIBLE,R03b_20260811_FULL_v1,L1_ELIGIBILITY,v2026-08-11,2026-03-21..2026-08-06,baccarat_bet02_101_all_pairs_incl_sentinel,round_win = game_pnl > 0 (decisive only),COMPATIBILITY_ONLY_NOT_PRODUCTION,13461.8174,12030.9580,168.4253,1921,1920,-0.01251133,-0.01264445,-0.00681516,-0.01251133,-168.4253,13461.8174,OK,0.0000,6.7370,4.0000,96.0000,AG03-UNRESOLVED,ALL5_LEVELS_bet23_to_bet27,6.7370,6.7370,6.7370,10.1055,10.1055,4.000000,4.000000,4.000000,6.000000,6.000000,96.000000,96.000000,96.000000,94.000000,94.000000,5.0,40.4221,36.7584,128.0032,131.6669,PENDING_AG03,FALSE,NOT_FOR_ENFORCEMENT,161.6883,11549.7197,168.4253,161.6883,6.7370,0.01251133,0.01201088,6.7370,161.6883,0.01201088,6.7370,6.7370,6.7370,10.1055,10.1055,161.6883,0.01201088,40.4221,36.7584,128.0032,131.6669,0.00950861,0.00978077,0.00050045,7.0077,6.2661,0.0877,10.5266,0.1689,841.3636,120.0000,7.1725,3.5334,4.0407,6.0611,8.1756,12.1222,16.1629,20.2037,6.0611,0.0,2.666667,3.333333,1.156179,29,150,35,2,0.97716482,0.01251133,0.01264445,0E-8,0.000000,0.893710,0.075482,-0.00582929,2026-06-30,2026-08-06,16,997,296,38,0.421053,2.029941,1.023519,3.257216,,,,,,,,GLOBAL_BASELINE_NO_ENTITY_RANKING,,,NOT_APPLICABLE_GLOBAL_BASELINE,HF9g-P5,,,,X 全窗基线 · 不参与实体赏罚,6874730,688,A168_HF9F_20260827_0900,2026-08-27 09:00:00
2026-08-06,152220872,2196,0,34.3462097947,11.9201551641,11.9201551641,0.7500000,5,5,0.49860758000000000,0.498607580000,1.005573579286957,1.005573579286957,1.005573579286957,0E-17,ELIGIBLE,R03b_20260811_FULL_v1,L1_ELIGIBILITY,v2026-08-11,2026-03-21..2026-08-06,baccarat_bet02_101_all_pairs_incl_sentinel,round_win = game_pnl > 0 (decisive only),COMPATIBILITY_ONLY_NOT_PRODUCTION,13461.8174,12030.9580,168.4253,1921,1920,-0.01251133,-0.01264445,-0.00681516,-0.01251133,-168.4253,13461.8174,OK,0.0000,6.7370,4.0000,96.0000,AG03-UNRESOLVED,ALL5_LEVELS_bet23_to_bet27,6.7370,6.7370,6.7370,10.1055,10.1055,4.000000,4.000000,4.000000,6.000000,6.000000,96.000000,96.000000,96.000000,94.000000,94.000000,5.0,40.4221,36.7584,128.0032,131.6669,PENDING_AG03,FALSE,NOT_FOR_ENFORCEMENT,161.6883,11549.7197,168.4253,161.6883,6.7370,0.01251133,0.01201088,6.7370,161.6883,0.01201088,6.7370,6.7370,6.7370,10.1055,10.1055,161.6883,0.01201088,40.4221,36.7584,128.0032,131.6669,0.00950861,0.00978077,0.00050045,7.0077,6.2661,0.0877,10.5266,0.1689,841.3636,120.0000,7.1725,3.5334,4.0407,6.0611,8.1756,12.1222,16.1629,20.2037,6.0611,0.0,2.666667,3.333333,1.156179,29,150,35,2,0.97716482,0.01251133,0.01264445,0E-8,0.000000,0.893710,0.075482,-0.00582929,2026-06-30,2026-08-06,16,997,296,38,0.421053,2.029941,1.023519,3.257216,,,,,,,,GLOBAL_BASELINE_NO_ENTITY_RANKING,,,NOT_APPLICABLE_GLOBAL_BASELINE,HF9g-P5,,,,X 全窗基线 · 不参与实体赏罚,6874731,688,A168_HF9F_20260827_0900,2026-08-27 09:00:00
2026-08-06,152220872,2212,0,2.0203652820,-2.0203652820,-2.0203652820,0E-7,1,1,0.50665070000000000,0.506650700000,-1.013391052207602,-1.013391052207602,-1.013391052207602,0E-17,ELIGIBLE,R03b_20260811_FULL_v1,L1_ELIGIBILITY,v2026-08-11,2026-03-21..2026-08-06,baccarat_bet02_101_all_pairs_incl_sentinel,round_win = game_pnl > 0 (decisive only),COMPATIBILITY_ONLY_NOT_PRODUCTION,13461.8174,12030.9580,168.4253,1921,1920,-0.01251133,-0.01264445,-0.00681516,-0.01251133,-168.4253,13461.8174,OK,0.0000,6.7370,4.0000,96.0000,AG03-UNRESOLVED,ALL5_LEVELS_bet23_to_bet27,6.7370,6.7370,6.7370,10.1055,10.1055,4.000000,4.000000,4.000000,6.000000,6.000000,96.000000,96.000000,96.000000,94.000000,94.000000,5.0,40.4221,36.7584,128.0032,131.6669,PENDING_AG03,FALSE,NOT_FOR_ENFORCEMENT,161.6883,11549.7197,168.4253,161.6883,6.7370,0.01251133,0.01201088,6.7370,161.6883,0.01201088,6.7370,6.7370,6.7370,10.1055,10.1055,161.6883,0.01201088,40.4221,36.7584,128.0032,131.6669,0.00950861,0.00978077,0.00050045,7.0077,6.2661,0.0877,10.5266,0.1689,841.3636,120.0000,7.1725,3.5334,4.0407,6.0611,8.1756,12.1222,16.1629,20.2037,6.0611,0.0,2.666667,3.333333,1.156179,29,150,35,2,0.97716482,0.01251133,0.01264445,0E-8,0.000000,0.893710,0.075482,-0.00582929,2026-06-30,2026-08-06,16,997,296,38,0.421053,2.029941,1.023519,3.257216,,,,,,,,GLOBAL_BASELINE_NO_ENTITY_RANKING,,,NOT_APPLICABLE_GLOBAL_BASELINE,HF9g-P5,,,,X 全窗基线 · 不参与实体赏罚,6874732,688,A168_HF9F_20260827_0900,2026-08-27 09:00:00
2026-08-06,152220872,2229,0,20.2036528204,-4.4448036204,-4.4448036204,0.5000000,4,4,0.50329940000000000,0.503299400000,-0.01319788734859681,-0.01319788734859681,-0.01319788734859681,0E-17,ELIGIBLE,R03b_20260811_FULL_v1,L1_ELIGIBILITY,v2026-08-11,2026-03-21..2026-08-06,baccarat_bet02_101_all_pairs_incl_sentinel,round_win = game_pnl > 0 (decisive only),COMPATIBILITY_ONLY_NOT_PRODUCTION,13461.8174,12030.9580,168.4253,1921,1920,-0.01251133,-0.01264445,-0.00681516,-0.01251133,-168.4253,13461.8174,OK,0.0000,6.7370,4.0000,96.0000,AG03-UNRESOLVED,ALL5_LEVELS_bet23_to_bet27,6.7370,6.7370,6.7370,10.1055,10.1055,4.000000,4.000000,4.000000,6.000000,6.000000,96.000000,96.000000,96.000000,94.000000,94.000000,5.0,40.4221,36.7584,128.0032,131.6669,PENDING_AG03,FALSE,NOT_FOR_ENFORCEMENT,161.6883,11549.7197,168.4253,161.6883,6.7370,0.01251133,0.01201088,6.7370,161.6883,0.01201088,6.7370,6.7370,6.7370,10.1055,10.1055,161.6883,0.01201088,40.4221,36.7584,128.0032,131.6669,0.00950861,0.00978077,0.00050045,7.0077,6.2661,0.0877,10.5266,0.1689,841.3636,120.0000,7.1725,3.5334,4.0407,6.0611,8.1756,12.1222,16.1629,20.2037,6.0611,0.0,2.666667,3.333333,1.156179,29,150,35,2,0.97716482,0.01251133,0.01264445,0E-8,0.000000,0.893710,0.075482,-0.00582929,2026-06-30,2026-08-06,16,997,296,38,0.421053,2.029941,1.023519,3.257216,,,,,,,,GLOBAL_BASELINE_NO_ENTITY_RANKING,,,NOT_APPLICABLE_GLOBAL_BASELINE,HF9g-P5,,,,X 全窗基线 · 不参与实体赏罚,6874733,688,A168_HF9F_20260827_0900,2026-08-27 09:00:00
2026-08-06,152220872,2234,0,20.2036528203,-0.5050913206,-0.5050913206,0.7500000,4,4,0.50329940000000000,0.503299400000,0.9868238854431842,0.9868238854431842,0.9868238854431842,0E-17,ELIGIBLE,R03b_20260811_FULL_v1,L1_ELIGIBILITY,v2026-08-11,2026-03-21..2026-08-06,baccarat_bet02_101_all_pairs_incl_sentinel,round_win = game_pnl > 0 (decisive only),COMPATIBILITY_ONLY_NOT_PRODUCTION,13461.8174,12030.9580,168.4253,1921,1920,-0.01251133,-0.01264445,-0.00681516,-0.01251133,-168.4253,13461.8174,OK,0.0000,6.7370,4.0000,96.0000,AG03-UNRESOLVED,ALL5_LEVELS_bet23_to_bet27,6.7370,6.7370,6.7370,10.1055,10.1055,4.000000,4.000000,4.000000,6.000000,6.000000,96.000000,96.000000,96.000000,94.000000,94.000000,5.0,40.4221,36.7584,128.0032,131.6669,PENDING_AG03,FALSE,NOT_FOR_ENFORCEMENT,161.6883,11549.7197,168.4253,161.6883,6.7370,0.01251133,0.01201088,6.7370,161.6883,0.01201088,6.7370,6.7370,6.7370,10.1055,10.1055,161.6883,0.01201088,40.4221,36.7584,128.0032,131.6669,0.00950861,0.00978077,0.00050045,7.0077,6.2661,0.0877,10.5266,0.1689,841.3636,120.0000,7.1725,3.5334,4.0407,6.0611,8.1756,12.1222,16.1629,20.2037,6.0611,0.0,2.666667,3.333333,1.156179,29,150,35,2,0.97716482,0.01251133,0.01264445,0E-8,0.000000,0.893710,0.075482,-0.00582929,2026-06-30,2026-08-06,16,997,296,38,0.421053,2.029941,1.023519,3.257216,,,,,,,,GLOBAL_BASELINE_NO_ENTITY_RANKING,,,NOT_APPLICABLE_GLOBAL_BASELINE,HF9g-P5,,,,X 全窗基线 · 不参与实体赏罚,6874734,688,A168_HF9F_20260827_0900,2026-08-27 09:00:00
2026-08-06,152220872,2241,0,8.0814611282,8.0814611282,8.0814611282,1.0000000,1,1,0.49324550000000000,0.493245500000,1.01360149184955,1.01360149184955,1.01360149184955,0E-17,ELIGIBLE,R03b_20260811_FULL_v1,L1_ELIGIBILITY,v2026-08-11,2026-03-21..2026-08-06,baccarat_bet02_101_all_pairs_incl_sentinel,round_win = game_pnl > 0 (decisive only),COMPATIBILITY_ONLY_NOT_PRODUCTION,13461.8174,12030.9580,168.4253,1921,1920,-0.01251133,-0.01264445,-0.00681516,-0.01251133,-168.4253,13461.8174,OK,0.0000,6.7370,4.0000,96.0000,AG03-UNRESOLVED,ALL5_LEVELS_bet23_to_bet27,6.7370,6.7370,6.7370,10.1055,10.1055,4.000000,4.000000,4.000000,6.000000,6.000000,96.000000,96.000000,96.000000,94.000000,94.000000,5.0,40.4221,36.7584,128.0032,131.6669,PENDING_AG03,FALSE,NOT_FOR_ENFORCEMENT,161.6883,11549.7197,168.4253,161.6883,6.7370,0.01251133,0.01201088,6.7370,161.6883,0.01201088,6.7370,6.7370,6.7370,10.1055,10.1055,161.6883,0.01201088,40.4221,36.7584,128.0032,131.6669,0.00950861,0.00978077,0.00050045,7.0077,6.2661,0.0877,10.5266,0.1689,841.3636,120.0000,7.1725,3.5334,4.0407,6.0611,8.1756,12.1222,16.1629,20.2037,6.0611,0.0,2.666667,3.333333,1.156179,29,150,35,2,0.97716482,0.01251133,0.01264445,0E-8,0.000000,0.893710,0.075482,-0.00582929,2026-06-30,2026-08-06,16,997,296,38,0.421053,2.029941,1.023519,3.257216,,,,,,,,GLOBAL_BASELINE_NO_ENTITY_RANKING,,,NOT_APPLICABLE_GLOBAL_BASELINE,HF9g-P5,,,,X 全窗基线 · 不参与实体赏罚,6874735,688,A168_HF9F_20260827_0900,2026-08-27 09:00:00
2026-08-06,152220872,2251,0,12.1221916923,-12.1221916923,-12.1221916923,0E-7,1,1,0.50665070000000000,0.506650700000,-1.013391052207602,-1.013391052207602,-1.013391052207602,0E-17,ELIGIBLE,R03b_20260811_FULL_v1,L1_ELIGIBILITY,v2026-08-11,2026-03-21..2026-08-06,baccarat_bet02_101_all_pairs_incl_sentinel,round_win = game_pnl > 0 (decisive only),COMPATIBILITY_ONLY_NOT_PRODUCTION,13461.8174,12030.9580,168.4253,1921,1920,-0.01251133,-0.01264445,-0.00681516,-0.01251133,-168.4253,13461.8174,OK,0.0000,6.7370,4.0000,96.0000,AG03-UNRESOLVED,ALL5_LEVELS_bet23_to_bet27,6.7370,6.7370,6.7370,10.1055,10.1055,4.000000,4.000000,4.000000,6.000000,6.000000,96.000000,96.000000,96.000000,94.000000,94.000000,5.0,40.4221,36.7584,128.0032,131.6669,PENDING_AG03,FALSE,NOT_FOR_ENFORCEMENT,161.6883,11549.7197,168.4253,161.6883,6.7370,0.01251133,0.01201088,6.7370,161.6883,0.01201088,6.7370,6.7370,6.7370,10.1055,10.1055,161.6883,0.01201088,40.4221,36.7584,128.0032,131.6669,0.00950861,0.00978077,0.00050045,7.0077,6.2661,0.0877,10.5266,0.1689,841.3636,120.0000,7.1725,3.5334,4.0407,6.0611,8.1756,12.1222,16.1629,20.2037,6.0611,0.0,2.666667,3.333333,1.156179,29,150,35,2,0.97716482,0.01251133,0.01264445,0E-8,0.000000,0.893710,0.075482,-0.00582929,2026-06-30,2026-08-06,16,997,296,38,0.421053,2.029941,1.023519,3.257216,,,,,,,,GLOBAL_BASELINE_NO_ENTITY_RANKING,,,NOT_APPLICABLE_GLOBAL_BASELINE,HF9g-P5,,,,X 全窗基线 · 不参与实体赏罚,6874736,688,A168_HF9F_20260827_0900,2026-08-27 09:00:00
2026-08-06,152220872,2266,0,18.1832875384,-18.1832875384,-18.1832875384,0E-7,1,1,0.49324550000000000,0.493245500000,-0.9865810262130424,-0.9865810262130424,-0.9865810262130424,0E-17,ELIGIBLE,R03b_20260811_FULL_v1,L1_ELIGIBILITY,v2026-08-11,2026-03-21..2026-08-06,baccarat_bet02_101_all_pairs_incl_sentinel,round_win = game_pnl > 0 (decisive only),COMPATIBILITY_ONLY_NOT_PRODUCTION,13461.8174,12030.9580,168.4253,1921,1920,-0.01251133,-0.01264445,-0.00681516,-0.01251133,-168.4253,13461.8174,OK,0.0000,6.7370,4.0000,96.0000,AG03-UNRESOLVED,ALL5_LEVELS_bet23_to_bet27,6.7370,6.7370,6.7370,10.1055,10.1055,4.000000,4.000000,4.000000,6.000000,6.000000,96.000000,96.000000,96.000000,94.000000,94.000000,5.0,40.4221,36.7584,128.0032,131.6669,PENDING_AG03,FALSE,NOT_FOR_ENFORCEMENT,161.6883,11549.7197,168.4253,161.6883,6.7370,0.01251133,0.01201088,6.7370,161.6883,0.01201088,6.7370,6.7370,6.7370,10.1055,10.1055,161.6883,0.01201088,40.4221,36.7584,128.0032,131.6669,0.00950861,0.00978077,0.00050045,7.0077,6.2661,0.0877,10.5266,0.1689,841.3636,120.0000,7.1725,3.5334,4.0407,6.0611,8.1756,12.1222,16.1629,20.2037,6.0611,0.0,2.666667,3.333333,1.156179,29,150,35,2,0.97716482,0.01251133,0.01264445,0E-8,0.000000,0.893710,0.075482,-0.00582929,2026-06-30,2026-08-06,16,997,296,38,0.421053,2.029941,1.023519,3.257216,,,,,,,,GLOBAL_BASELINE_NO_ENTITY_RANKING,,,NOT_APPLICABLE_GLOBAL_BASELINE,HF9g-P5,,,,X 全窗基线 · 不参与实体赏罚,6874737,688,A168_HF9F_20260827_0900,2026-08-27 09:00:00
2026-08-06,152220872,2281,0,14.1425569743,-14.1425569743,-14.1425569743,0E-7,2,2,0.49994810000000000,0.499948100000,-1.4140667746232096,-1.4140667746232096,-1.4140667746232096,0E-17,ELIGIBLE,R03b_20260811_FULL_v1,L1_ELIGIBILITY,v2026-08-11,2026-03-21..2026-08-06,baccarat_bet02_101_all_pairs_incl_sentinel,round_win = game_pnl > 0 (decisive only),COMPATIBILITY_ONLY_NOT_PRODUCTION,13461.8174,12030.9580,168.4253,1921,1920,-0.01251133,-0.01264445,-0.00681516,-0.01251133,-168.4253,13461.8174,OK,0.0000,6.7370,4.0000,96.0000,AG03-UNRESOLVED,ALL5_LEVELS_bet23_to_bet27,6.7370,6.7370,6.7370,10.1055,10.1055,4.000000,4.000000,4.000000,6.000000,6.000000,96.000000,96.000000,96.000000,94.000000,94.000000,5.0,40.4221,36.7584,128.0032,131.6669,PENDING_AG03,FALSE,NOT_FOR_ENFORCEMENT,161.6883,11549.7197,168.4253,161.6883,6.7370,0.01251133,0.01201088,6.7370,161.6883,0.01201088,6.7370,6.7370,6.7370,10.1055,10.1055,161.6883,0.01201088,40.4221,36.7584,128.0032,131.6669,0.00950861,0.00978077,0.00050045,7.0077,6.2661,0.0877,10.5266,0.1689,841.3636,120.0000,7.1725,3.5334,4.0407,6.0611,8.1756,12.1222,16.1629,20.2037,6.0611,0.0,2.666667,3.333333,1.156179,29,150,35,2,0.97716482,0.01251133,0.01264445,0E-8,0.000000,0.893710,0.075482,-0.00582929,2026-06-30,2026-08-06,16,997,296,38,0.421053,2.029941,1.023519,3.257216,,,,,,,,GLOBAL_BASELINE_NO_ENTITY_RANKING,,,NOT_APPLICABLE_GLOBAL_BASELINE,HF9g-P5,,,,X 全窗基线 · 不参与实体赏罚,6874738,688,A168_HF9F_20260827_0900,2026-08-27 09:00:00
2026-08-06,152220872,2288,0,6.0610958461,-6.0610958461,-6.0610958461,0E-7,1,1,0.49324550000000000,0.493245500000,-0.9865810262130424,-0.9865810262130424,-0.9865810262130424,0E-17,ELIGIBLE,R03b_20260811_FULL_v1,L1_ELIGIBILITY,v2026-08-11,2026-03-21..2026-08-06,baccarat_bet02_101_all_pairs_incl_sentinel,round_win = game_pnl > 0 (decisive only),COMPATIBILITY_ONLY_NOT_PRODUCTION,13461.8174,12030.9580,168.4253,1921,1920,-0.01251133,-0.01264445,-0.00681516,-0.01251133,-168.4253,13461.8174,OK,0.0000,6.7370,4.0000,96.0000,AG03-UNRESOLVED,ALL5_LEVELS_bet23_to_bet27,6.7370,6.7370,6.7370,10.1055,10.1055,4.000000,4.000000,4.000000,6.000000,6.000000,96.000000,96.000000,96.000000,94.000000,94.000000,5.0,40.4221,36.7584,128.0032,131.6669,PENDING_AG03,FALSE,NOT_FOR_ENFORCEMENT,161.6883,11549.7197,168.4253,161.6883,6.7370,0.01251133,0.01201088,6.7370,161.6883,0.01201088,6.7370,6.7370,6.7370,10.1055,10.1055,161.6883,0.01201088,40.4221,36.7584,128.0032,131.6669,0.00950861,0.00978077,0.00050045,7.0077,6.2661,0.0877,10.5266,0.1689,841.3636,120.0000,7.1725,3.5334,4.0407,6.0611,8.1756,12.1222,16.1629,20.2037,6.0611,0.0,2.666667,3.333333,1.156179,29,150,35,2,0.97716482,0.01251133,0.01264445,0E-8,0.000000,0.893710,0.075482,-0.00582929,2026-06-30,2026-08-06,16,997,296,38,0.421053,2.029941,1.023519,3.257216,,,,,,,,GLOBAL_BASELINE_NO_ENTITY_RANKING,,,NOT_APPLICABLE_GLOBAL_BASELINE,HF9g-P5,,,,X 全窗基线 · 不参与实体赏罚,6874739,688,A168_HF9F_20260827_0900,2026-08-27 09:00:00
2026-08-06,152220872,526,0,20.2036528205,-8.0814611282,-8.0814611282,0E-7,2,2,0.50665070000000000,0.506650700000,-1.013391052207602,-1.013391052207602,-1.013391052207602,0E-17,ELIGIBLE,R03b_20260811_FULL_v1,L1_ELIGIBILITY,v2026-08-11,2026-03-21..2026-08-06,baccarat_bet02_101_all_pairs_incl_sentinel,round_win = game_pnl > 0 (decisive only),COMPATIBILITY_ONLY_NOT_PRODUCTION,13461.8174,12030.9580,168.4253,1921,1920,-0.01251133,-0.01264445,-0.00681516,-0.01251133,-168.4253,13461.8174,OK,0.0000,6.7370,4.0000,96.0000,AG03-UNRESOLVED,ALL5_LEVELS_bet23_to_bet27,6.7370,6.7370,6.7370,10.1055,10.1055,4.000000,4.000000,4.000000,6.000000,6.000000,96.000000,96.000000,96.000000,94.000000,94.000000,5.0,40.4221,36.7584,128.0032,131.6669,PENDING_AG03,FALSE,NOT_FOR_ENFORCEMENT,161.6883,11549.7197,168.4253,161.6883,6.7370,0.01251133,0.01201088,6.7370,161.6883,0.01201088,6.7370,6.7370,6.7370,10.1055,10.1055,161.6883,0.01201088,40.4221,36.7584,128.0032,131.6669,0.00950861,0.00978077,0.00050045,7.0077,6.2661,0.0877,10.5266,0.1689,841.3636,120.0000,7.1725,3.5334,4.0407,6.0611,8.1756,12.1222,16.1629,20.2037,6.0611,0.0,2.666667,3.333333,1.156179,29,150,35,2,0.97716482,0.01251133,0.01264445,0E-8,0.000000,0.893710,0.075482,-0.00582929,2026-06-30,2026-08-06,16,997,296,38,0.421053,2.029941,1.023519,3.257216,,,,,,,,GLOBAL_BASELINE_NO_ENTITY_RANKING,,,NOT_APPLICABLE_GLOBAL_BASELINE,HF9g-P5,,,,X 全窗基线 · 不参与实体赏罚,6874740,688,A168_HF9F_20260827_0900,2026-08-27 09:00:00
2026-08-06,152220872,595,0,8.0814611282,0E-10,0E-10,,1,1,0.50665070000000000,0.506650700000,,,,0E-17,NO_DECISIVE_ROUND,R03b_20260811_FULL_v1,L1_ELIGIBILITY,v2026-08-11,2026-03-21..2026-08-06,baccarat_bet02_101_all_pairs_incl_sentinel,round_win = game_pnl > 0 (decisive only),COMPATIBILITY_ONLY_NOT_PRODUCTION,13461.8174,12030.9580,168.4253,1921,1920,-0.01251133,-0.01264445,-0.00681516,-0.01251133,-168.4253,13461.8174,OK,0.0000,6.7370,4.0000,96.0000,AG03-UNRESOLVED,ALL5_LEVELS_bet23_to_bet27,6.7370,6.7370,6.7370,10.1055,10.1055,4.000000,4.000000,4.000000,6.000000,6.000000,96.000000,96.000000,96.000000,94.000000,94.000000,5.0,40.4221,36.7584,128.0032,131.6669,PENDING_AG03,FALSE,NOT_FOR_ENFORCEMENT,161.6883,11549.7197,168.4253,161.6883,6.7370,0.01251133,0.01201088,6.7370,161.6883,0.01201088,6.7370,6.7370,6.7370,10.1055,10.1055,161.6883,0.01201088,40.4221,36.7584,128.0032,131.6669,0.00950861,0.00978077,0.00050045,7.0077,6.2661,0.0877,10.5266,0.1689,841.3636,120.0000,7.1725,3.5334,4.0407,6.0611,8.1756,12.1222,16.1629,20.2037,6.0611,0.0,2.666667,3.333333,1.156179,29,150,35,2,0.97716482,0.01251133,0.01264445,0E-8,0.000000,0.893710,0.075482,-0.00582929,2026-06-30,2026-08-06,16,997,296,38,0.421053,2.029941,1.023519,3.257216,,,,,,,,GLOBAL_BASELINE_NO_ENTITY_RANKING,,,NOT_APPLICABLE_GLOBAL_BASELINE,HF9g-P5,,,,X 全窗基线 · 不参与实体赏罚,6874741,688,A168_HF9F_20260827_0900,2026-08-27 09:00:00
2026-08-06,152220872,970,0,34.3462097947,23.0321642153,23.0321642153,1.0000000,4,4,0.50329940000000000,0.503299400000,1.4049120381089935,1.4049120381089935,1.4049120381089935,0E-17,ELIGIBLE,R03b_20260811_FULL_v1,L1_ELIGIBILITY,v2026-08-11,2026-03-21..2026-08-06,baccarat_bet02_101_all_pairs_incl_sentinel,round_win = game_pnl > 0 (decisive only),COMPATIBILITY_ONLY_NOT_PRODUCTION,13461.8174,12030.9580,168.4253,1921,1920,-0.01251133,-0.01264445,-0.00681516,-0.01251133,-168.4253,13461.8174,OK,0.0000,6.7370,4.0000,96.0000,AG03-UNRESOLVED,ALL5_LEVELS_bet23_to_bet27,6.7370,6.7370,6.7370,10.1055,10.1055,4.000000,4.000000,4.000000,6.000000,6.000000,96.000000,96.000000,96.000000,94.000000,94.000000,5.0,40.4221,36.7584,128.0032,131.6669,PENDING_AG03,FALSE,NOT_FOR_ENFORCEMENT,161.6883,11549.7197,168.4253,161.6883,6.7370,0.01251133,0.01201088,6.7370,161.6883,0.01201088,6.7370,6.7370,6.7370,10.1055,10.1055,161.6883,0.01201088,40.4221,36.7584,128.0032,131.6669,0.00950861,0.00978077,0.00050045,7.0077,6.2661,0.0877,10.5266,0.1689,841.3636,120.0000,7.1725,3.5334,4.0407,6.0611,8.1756,12.1222,16.1629,20.2037,6.0611,0.0,2.666667,3.333333,1.156179,29,150,35,2,0.97716482,0.01251133,0.01264445,0E-8,0.000000,0.893710,0.075482,-0.00582929,2026-06-30,2026-08-06,16,997,296,38,0.421053,2.029941,1.023519,3.257216,,,,,,,,GLOBAL_BASELINE_NO_ENTITY_RANKING,,,NOT_APPLICABLE_GLOBAL_BASELINE,HF9g-P5,,,,X 全窗基线 · 不参与实体赏罚,6874742,688,A168_HF9F_20260827_0900,2026-08-27 09:00:00
2026-08-06,152220872,987,0,6.0610958461,-6.0610958461,-6.0610958461,0E-7,1,1,0.49324550000000000,0.493245500000,-0.9865810262130424,-0.9865810262130424,-0.9865810262130424,0E-17,ELIGIBLE,R03b_20260811_FULL_v1,L1_ELIGIBILITY,v2026-08-11,2026-03-21..2026-08-06,baccarat_bet02_101_all_pairs_incl_sentinel,round_win = game_pnl > 0 (decisive only),COMPATIBILITY_ONLY_NOT_PRODUCTION,13461.8174,12030.9580,168.4253,1921,1920,-0.01251133,-0.01264445,-0.00681516,-0.01251133,-168.4253,13461.8174,OK,0.0000,6.7370,4.0000,96.0000,AG03-UNRESOLVED,ALL5_LEVELS_bet23_to_bet27,6.7370,6.7370,6.7370,10.1055,10.1055,4.000000,4.000000,4.000000,6.000000,6.000000,96.000000,96.000000,96.000000,94.000000,94.000000,5.0,40.4221,36.7584,128.0032,131.6669,PENDING_AG03,FALSE,NOT_FOR_ENFORCEMENT,161.6883,11549.7197,168.4253,161.6883,6.7370,0.01251133,0.01201088,6.7370,161.6883,0.01201088,6.7370,6.7370,6.7370,10.1055,10.1055,161.6883,0.01201088,40.4221,36.7584,128.0032,131.6669,0.00950861,0.00978077,0.00050045,7.0077,6.2661,0.0877,10.5266,0.1689,841.3636,120.0000,7.1725,3.5334,4.0407,6.0611,8.1756,12.1222,16.1629,20.2037,6.0611,0.0,2.666667,3.333333,1.156179,29,150,35,2,0.97716482,0.01251133,0.01264445,0E-8,0.000000,0.893710,0.075482,-0.00582929,2026-06-30,2026-08-06,16,997,296,38,0.421053,2.029941,1.023519,3.257216,,,,,,,,GLOBAL_BASELINE_NO_ENTITY_RANKING,,,NOT_APPLICABLE_GLOBAL_BASELINE,HF9g-P5,,,,X 全窗基线 · 不参与实体赏罚,6874743,688,A168_HF9F_20260827_0900,2026-08-27 09:00:00
2026-04-22,149031552,-1,1,15.4438133131,-15.4438133131,-15.4438133131,0E-7,1,1,0.49324550000000000,0.493245500000,-0.9865810262130424,-0.9865810262130424,-0.9865810262130424,0E-17,SENTINEL_DEALER,R03b_20260811_FULL_v1,L1_ELIGIBILITY,v2026-08-11,2026-03-21..2026-08-06,baccarat_bet02_101_all_pairs_incl_sentinel,round_win = game_pnl > 0 (decisive only),COMPATIBILITY_ONLY_NOT_PRODUCTION,1611.1057,1531.9712,168.4328,30,27,-0.10454482,,-0.10454482,-0.10454482,-168.4328,1611.1057,OK,0.0000,6.7373,4.0000,96.0000,AG03-UNRESOLVED,ALL5_LEVELS_bet23_to_bet27,6.7373,6.7373,6.7373,10.1060,10.1060,4.000000,4.000000,4.000000,6.000000,6.000000,96.000000,96.000000,96.000000,94.000000,94.000000,5.0,40.4239,36.76,128.0089,131.6728,PENDING_AG03,FALSE,NOT_FOR_ENFORCEMENT,161.6955,1470.6924,168.4328,161.6955,6.7373,0.10454482,0.10036303,6.7373,161.6955,0.10036303,6.7373,6.7373,6.7373,10.1060,10.1060,161.6955,0.10036303,40.4239,36.76,128.0089,131.6728,0.07945407,0.0817282,0.00418179,53.7035,56.7397,6.2383,42.1082,33.6866,402.7764,6.7500,,53.7035,16.8647,48.6482,79.1345,103.264,134.9178,141.6636,42.1618,5.5459,2.773333,2.912,1.103915,5,4,3,5,0E-8,0.10454482,,0E-8,0.000000,0.950882,0.000000,,2026-04-22,2026-05-21,4,5,5,30,0.133333,,,0.000000,,,,,,,,GLOBAL_BASELINE_NO_ENTITY_RANKING,,,NOT_APPLICABLE_GLOBAL_BASELINE,HF9g-P5,,,,X 全窗基线 · 不参与实体赏罚,6874744,688,A168_HF9F_20260827_0900,2026-08-27 09:00:00
2026-05-01,149031552,1396,0,1222.0434850294,109.6206735509,109.6206735509,0.6470588,21,18,0.47454009558514676,0.467480139815,1.424473781016239,1.4839858411782003,1.424473781016239,0.00705995577014676,ELIGIBLE,R03b_20260811_FULL_v1,L1_ELIGIBILITY,v2026-08-11,2026-03-21..2026-08-06,baccarat_bet02_101_all_pairs_incl_sentinel,round_win = game_pnl > 0 (decisive only),COMPATIBILITY_ONLY_NOT_PRODUCTION,1611.1057,1531.9712,168.4328,30,27,-0.10454482,,-0.10454482,-0.10454482,-168.4328,1611.1057,OK,0.0000,6.7373,4.0000,96.0000,AG03-UNRESOLVED,ALL5_LEVELS_bet23_to_bet27,6.7373,6.7373,6.7373,10.1060,10.1060,4.000000,4.000000,4.000000,6.000000,6.000000,96.000000,96.000000,96.000000,94.000000,94.000000,5.0,40.4239,36.76,128.0089,131.6728,PENDING_AG03,FALSE,NOT_FOR_ENFORCEMENT,161.6955,1470.6924,168.4328,161.6955,6.7373,0.10454482,0.10036303,6.7373,161.6955,0.10036303,6.7373,6.7373,6.7373,10.1060,10.1060,161.6955,0.10036303,40.4239,36.76,128.0089,131.6728,0.07945407,0.0817282,0.00418179,53.7035,56.7397,6.2383,42.1082,33.6866,402.7764,6.7500,,53.7035,16.8647,48.6482,79.1345,103.264,134.9178,141.6636,42.1618,5.5459,2.773333,2.912,1.103915,5,4,3,5,0E-8,0.10454482,,0E-8,0.000000,0.950882,0.000000,,2026-04-22,2026-05-21,4,5,5,30,0.133333,,,0.000000,,,,,,,,GLOBAL_BASELINE_NO_ENTITY_RANKING,,,NOT_APPLICABLE_GLOBAL_BASELINE,HF9g-P5,,,,X 全窗基线 · 不参与实体赏罚,6874745,688,A168_HF9F_20260827_0900,2026-08-27 09:00:00
2026-05-01,149031552,2170,0,141.6636396658,-141.6636396658,-141.6636396658,0E-7,1,1,0.50665070000000000,0.506650700000,-1.013391052207602,-1.013391052207602,-1.013391052207602,0E-17,ELIGIBLE,R03b_20260811_FULL_v1,L1_ELIGIBILITY,v2026-08-11,2026-03-21..2026-08-06,baccarat_bet02_101_all_pairs_incl_sentinel,round_win = game_pnl > 0 (decisive only),COMPATIBILITY_ONLY_NOT_PRODUCTION,1611.1057,1531.9712,168.4328,30,27,-0.10454482,,-0.10454482,-0.10454482,-168.4328,1611.1057,OK,0.0000,6.7373,4.0000,96.0000,AG03-UNRESOLVED,ALL5_LEVELS_bet23_to_bet27,6.7373,6.7373,6.7373,10.1060,10.1060,4.000000,4.000000,4.000000,6.000000,6.000000,96.000000,96.000000,96.000000,94.000000,94.000000,5.0,40.4239,36.76,128.0089,131.6728,PENDING_AG03,FALSE,NOT_FOR_ENFORCEMENT,161.6955,1470.6924,168.4328,161.6955,6.7373,0.10454482,0.10036303,6.7373,161.6955,0.10036303,6.7373,6.7373,6.7373,10.1060,10.1060,161.6955,0.10036303,40.4239,36.76,128.0089,131.6728,0.07945407,0.0817282,0.00418179,53.7035,56.7397,6.2383,42.1082,33.6866,402.7764,6.7500,,53.7035,16.8647,48.6482,79.1345,103.264,134.9178,141.6636,42.1618,5.5459,2.773333,2.912,1.103915,5,4,3,5,0E-8,0.10454482,,0E-8,0.000000,0.950882,0.000000,,2026-04-22,2026-05-21,4,5,5,30,0.133333,,,0.000000,,,,,,,,GLOBAL_BASELINE_NO_ENTITY_RANKING,,,NOT_APPLICABLE_GLOBAL_BASELINE,HF9g-P5,,,,X 全窗基线 · 不参与实体赏罚,6874746,688,A168_HF9F_20260827_0900,2026-08-27 09:00:00
2026-05-19,149031552,-1,1,158.5283586736,-158.5283586736,-158.5283586736,0E-7,2,2,0.49324550000000000,0.493245500000,-1.3952362676504506,-1.3952362676504506,-1.3952362676504506,0E-17,SENTINEL_DEALER,R03b_20260811_FULL_v1,L1_ELIGIBILITY,v2026-08-11,2026-03-21..2026-08-06,baccarat_bet02_101_all_pairs_incl_sentinel,round_win = game_pnl > 0 (decisive only),COMPATIBILITY_ONLY_NOT_PRODUCTION,1611.1057,1531.9712,168.4328,30,27,-0.10454482,,-0.10454482,-0.10454482,-168.4328,1611.1057,OK,0.0000,6.7373,4.0000,96.0000,AG03-UNRESOLVED,ALL5_LEVELS_bet23_to_bet27,6.7373,6.7373,6.7373,10.1060,10.1060,4.000000,4.000000,4.000000,6.000000,6.000000,96.000000,96.000000,96.000000,94.000000,94.000000,5.0,40.4239,36.76,128.0089,131.6728,PENDING_AG03,FALSE,NOT_FOR_ENFORCEMENT,161.6955,1470.6924,168.4328,161.6955,6.7373,0.10454482,0.10036303,6.7373,161.6955,0.10036303,6.7373,6.7373,6.7373,10.1060,10.1060,161.6955,0.10036303,40.4239,36.76,128.0089,131.6728,0.07945407,0.0817282,0.00418179,53.7035,56.7397,6.2383,42.1082,33.6866,402.7764,6.7500,,53.7035,16.8647,48.6482,79.1345,103.264,134.9178,141.6636,42.1618,5.5459,2.773333,2.912,1.103915,5,4,3,5,0E-8,0.10454482,,0E-8,0.000000,0.950882,0.000000,,2026-04-22,2026-05-21,4,5,5,30,0.133333,,,0.000000,,,,,,,,GLOBAL_BASELINE_NO_ENTITY_RANKING,,,NOT_APPLICABLE_GLOBAL_BASELINE,HF9g-P5,,,,X 全窗基线 · 不参与实体赏罚,6874747,688,A168_HF9F_20260827_0900,2026-08-27 09:00:00
2026-05-21,149031552,-1,1,56.5616729801,54.4470966737,54.4470966737,1.0000000,4,4,0.50329940000000000,0.503299400000,1.9868456582349654,1.9868456582349654,1.9868456582349654,0E-17,SENTINEL_DEALER,R03b_20260811_FULL_v1,L1_ELIGIBILITY,v2026-08-11,2026-03-21..2026-08-06,baccarat_bet02_101_all_pairs_incl_sentinel,round_win = game_pnl > 0 (decisive only),COMPATIBILITY_ONLY_NOT_PRODUCTION,1611.1057,1531.9712,168.4328,30,27,-0.10454482,,-0.10454482,-0.10454482,-168.4328,1611.1057,OK,0.0000,6.7373,4.0000,96.0000,AG03-UNRESOLVED,ALL5_LEVELS_bet23_to_bet27,6.7373,6.7373,6.7373,10.1060,10.1060,4.000000,4.000000,4.000000,6.000000,6.000000,96.000000,96.000000,96.000000,94.000000,94.000000,5.0,40.4239,36.76,128.0089,131.6728,PENDING_AG03,FALSE,NOT_FOR_ENFORCEMENT,161.6955,1470.6924,168.4328,161.6955,6.7373,0.10454482,0.10036303,6.7373,161.6955,0.10036303,6.7373,6.7373,6.7373,10.1060,10.1060,161.6955,0.10036303,40.4239,36.76,128.0089,131.6728,0.07945407,0.0817282,0.00418179,53.7035,56.7397,6.2383,42.1082,33.6866,402.7764,6.7500,,53.7035,16.8647,48.6482,79.1345,103.264,134.9178,141.6636,42.1618,5.5459,2.773333,2.912,1.103915,5,4,3,5,0E-8,0.10454482,,0E-8,0.000000,0.950882,0.000000,,2026-04-22,2026-05-21,4,5,5,30,0.133333,,,0.000000,,,,,,,,GLOBAL_BASELINE_NO_ENTITY_RANKING,,,NOT_APPLICABLE_GLOBAL_BASELINE,HF9g-P5,,,,X 全窗基线 · 不参与实体赏罚,6874748,688,A168_HF9F_20260827_0900,2026-08-27 09:00:00
2026-05-21,149031552,2201,0,16.8647190078,-16.8647190078,-16.8647190078,0E-7,1,1,0.50665070000000000,0.506650700000,-1.013391052207602,-1.013391052207602,-1.013391052207602,0E-17,ELIGIBLE,R03b_20260811_FULL_v1,L1_ELIGIBILITY,v2026-08-11,2026-03-21..2026-08-06,baccarat_bet02_101_all_pairs_incl_sentinel,round_win = game_pnl > 0 (decisive only),COMPATIBILITY_ONLY_NOT_PRODUCTION,1611.1057,1531.9712,168.4328,30,27,-0.10454482,,-0.10454482,-0.10454482,-168.4328,1611.1057,OK,0.0000,6.7373,4.0000,96.0000,AG03-UNRESOLVED,ALL5_LEVELS_bet23_to_bet27,6.7373,6.7373,6.7373,10.1060,10.1060,4.000000,4.000000,4.000000,6.000000,6.000000,96.000000,96.000000,96.000000,94.000000,94.000000,5.0,40.4239,36.76,128.0089,131.6728,PENDING_AG03,FALSE,NOT_FOR_ENFORCEMENT,161.6955,1470.6924,168.4328,161.6955,6.7373,0.10454482,0.10036303,6.7373,161.6955,0.10036303,6.7373,6.7373,6.7373,10.1060,10.1060,161.6955,0.10036303,40.4239,36.76,128.0089,131.6728,0.07945407,0.0817282,0.00418179,53.7035,56.7397,6.2383,42.1082,33.6866,402.7764,6.7500,,53.7035,16.8647,48.6482,79.1345,103.264,134.9178,141.6636,42.1618,5.5459,2.773333,2.912,1.103915,5,4,3,5,0E-8,0.10454482,,0E-8,0.000000,0.950882,0.000000,,2026-04-22,2026-05-21,4,5,5,30,0.133333,,,0.000000,,,,,,,,GLOBAL_BASELINE_NO_ENTITY_RANKING,,,NOT_APPLICABLE_GLOBAL_BASELINE,HF9g-P5,,,,X 全窗基线 · 不参与实体赏罚,6874749,688,A168_HF9F_20260827_0900,2026-08-27 09:00:00
2026-07-02,152371871,-1,1,293.2899594660,-38.2103116206,-38.2103116206,0.6363636,12,12,0.50106520000000000,0.501065200000,0.8974703329135217,0.8974703329135217,0.8974703329135217,0E-17,SENTINEL_DEALER,R03b_20260811_FULL_v1,L1_ELIGIBILITY,v2026-08-11,2026-03-21..2026-08-06,baccarat_bet02_101_all_pairs_incl_sentinel,round_win = game_pnl > 0 (decisive only),COMPATIBILITY_ONLY_NOT_PRODUCTION,936.9272,892.2624,168.4352,32,28,-0.17977404,,-0.17977404,-0.17977404,-168.4352,936.9272,OK,0.0000,6.7374,4.0000,96.0000,AG03-UNRESOLVED,ALL5_LEVELS_bet23_to_bet27,6.7374,6.7374,6.7374,8.4218,8.4218,4.000000,4.000000,4.000000,5.000000,5.000000,96.000000,96.000000,96.000000,95.000000,95.000000,5.0,37.0557,33.944,131.3794,134.4912,PENDING_AG03,FALSE,NOT_FOR_ENFORCEMENT,161.6978,856.5719,168.4352,161.6978,6.7374,0.17977404,0.17258308,6.7374,161.6978,0.17258308,6.7374,6.7374,6.7374,8.4218,8.4218,161.6978,0.17258308,37.0557,33.944,131.3794,134.4912,0.14022375,0.14354494,0.00719096,29.2790,31.8665,6.0155,84.2176,33.6870,468.4636,14.0000,,29.2790,14.1998,25.8178,39.5012,51.6356,51.6356,103.2711,25.8178,-1.2909,2.0,4.0,1.134063,4,4,3,4,0E-8,0.17977404,,0E-8,0.000000,0.952328,0.000000,,2026-07-02,2026-07-05,2,5,5,4,0.500000,,,0.000000,,,,,,,,GLOBAL_BASELINE_NO_ENTITY_RANKING,,,NOT_APPLICABLE_GLOBAL_BASELINE,HF9g-P5,,,,X 全窗基线 · 不参与实体赏罚,6874750,688,A168_HF9F_20260827_0900,2026-08-27 09:00:00
2026-07-02,152371871,2175,0,40.0175560891,-40.0175560891,-40.0175560891,0E-7,1,1,0.50665070000000000,0.506650700000,-1.013391052207602,-1.013391052207602,-1.013391052207602,0E-17,ELIGIBLE,R03b_20260811_FULL_v1,L1_ELIGIBILITY,v2026-08-11,2026-03-21..2026-08-06,baccarat_bet02_101_all_pairs_incl_sentinel,round_win = game_pnl > 0 (decisive only),COMPATIBILITY_ONLY_NOT_PRODUCTION,936.9272,892.2624,168.4352,32,28,-0.17977404,,-0.17977404,-0.17977404,-168.4352,936.9272,OK,0.0000,6.7374,4.0000,96.0000,AG03-UNRESOLVED,ALL5_LEVELS_bet23_to_bet27,6.7374,6.7374,6.7374,8.4218,8.4218,4.000000,4.000000,4.000000,5.000000,5.000000,96.000000,96.000000,96.000000,95.000000,95.000000,5.0,37.0557,33.944,131.3794,134.4912,PENDING_AG03,FALSE,NOT_FOR_ENFORCEMENT,161.6978,856.5719,168.4352,161.6978,6.7374,0.17977404,0.17258308,6.7374,161.6978,0.17258308,6.7374,6.7374,6.7374,8.4218,8.4218,161.6978,0.17258308,37.0557,33.944,131.3794,134.4912,0.14022375,0.14354494,0.00719096,29.2790,31.8665,6.0155,84.2176,33.6870,468.4636,14.0000,,29.2790,14.1998,25.8178,39.5012,51.6356,51.6356,103.2711,25.8178,-1.2909,2.0,4.0,1.134063,4,4,3,4,0E-8,0.17977404,,0E-8,0.000000,0.952328,0.000000,,2026-07-02,2026-07-05,2,5,5,4,0.500000,,,0.000000,,,,,,,,GLOBAL_BASELINE_NO_ENTITY_RANKING,,,NOT_APPLICABLE_GLOBAL_BASELINE,HF9g-P5,,,,X 全窗基线 · 不参与实体赏罚,6874751,688,A168_HF9F_20260827_0900,2026-08-27 09:00:00
2026-07-05,152371871,-1,1,103.2711124880,-42.8575116825,-42.8575116825,0.3333333,3,3,0.50218230000000000,0.502182300000,-0.5849155494134425,-0.5849155494134426,-0.5849155494134425,0E-17,SENTINEL_DEALER,R03b_20260811_FULL_v1,L1_ELIGIBILITY,v2026-08-11,2026-03-21..2026-08-06,baccarat_bet02_101_all_pairs_incl_sentinel,round_win = game_pnl > 0 (decisive only),COMPATIBILITY_ONLY_NOT_PRODUCTION,936.9272,892.2624,168.4352,32,28,-0.17977404,,-0.17977404,-0.17977404,-168.4352,936.9272,OK,0.0000,6.7374,4.0000,96.0000,AG03-UNRESOLVED,ALL5_LEVELS_bet23_to_bet27,6.7374,6.7374,6.7374,8.4218,8.4218,4.000000,4.000000,4.000000,5.000000,5.000000,96.000000,96.000000,96.000000,95.000000,95.000000,5.0,37.0557,33.944,131.3794,134.4912,PENDING_AG03,FALSE,NOT_FOR_ENFORCEMENT,161.6978,856.5719,168.4352,161.6978,6.7374,0.17977404,0.17258308,6.7374,161.6978,0.17258308,6.7374,6.7374,6.7374,8.4218,8.4218,161.6978,0.17258308,37.0557,33.944,131.3794,134.4912,0.14022375,0.14354494,0.00719096,29.2790,31.8665,6.0155,84.2176,33.6870,468.4636,14.0000,,29.2790,14.1998,25.8178,39.5012,51.6356,51.6356,103.2711,25.8178,-1.2909,2.0,4.0,1.134063,4,4,3,4,0E-8,0.17977404,,0E-8,0.000000,0.952328,0.000000,,2026-07-02,2026-07-05,2,5,5,4,0.500000,,,0.000000,,,,,,,,GLOBAL_BASELINE_NO_ENTITY_RANKING,,,NOT_APPLICABLE_GLOBAL_BASELINE,HF9g-P5,,,,X 全窗基线 · 不参与实体赏罚,6874752,688,A168_HF9F_20260827_0900,2026-08-27 09:00:00
2026-07-05,152371871,1299,0,237.5235587225,-237.5235587225,-237.5235587225,0E-7,7,4,0.40809018333333333,0.345526700000,-1.6606583681441844,-1.4531981456446257,-1.6606583681441844,0.06256348333333333,ELIGIBLE,R03b_20260811_FULL_v1,L1_ELIGIBILITY,v2026-08-11,2026-03-21..2026-08-06,baccarat_bet02_101_all_pairs_incl_sentinel,round_win = game_pnl > 0 (decisive only),COMPATIBILITY_ONLY_NOT_PRODUCTION,936.9272,892.2624,168.4352,32,28,-0.17977404,,-0.17977404,-0.17977404,-168.4352,936.9272,OK,0.0000,6.7374,4.0000,96.0000,AG03-UNRESOLVED,ALL5_LEVELS_bet23_to_bet27,6.7374,6.7374,6.7374,8.4218,8.4218,4.000000,4.000000,4.000000,5.000000,5.000000,96.000000,96.000000,96.000000,95.000000,95.000000,5.0,37.0557,33.944,131.3794,134.4912,PENDING_AG03,FALSE,NOT_FOR_ENFORCEMENT,161.6978,856.5719,168.4352,161.6978,6.7374,0.17977404,0.17258308,6.7374,161.6978,0.17258308,6.7374,6.7374,6.7374,8.4218,8.4218,161.6978,0.17258308,37.0557,33.944,131.3794,134.4912,0.14022375,0.14354494,0.00719096,29.2790,31.8665,6.0155,84.2176,33.6870,468.4636,14.0000,,29.2790,14.1998,25.8178,39.5012,51.6356,51.6356,103.2711,25.8178,-1.2909,2.0,4.0,1.134063,4,4,3,4,0E-8,0.17977404,,0E-8,0.000000,0.952328,0.000000,,2026-07-02,2026-07-05,2,5,5,4,0.500000,,,0.000000,,,,,,,,GLOBAL_BASELINE_NO_ENTITY_RANKING,,,NOT_APPLICABLE_GLOBAL_BASELINE,HF9g-P5,,,,X 全窗基线 · 不参与实体赏罚,6874753,688,A168_HF9F_20260827_0900,2026-08-27 09:00:00
2026-07-05,152371871,2271,0,262.8249812820,190.1737536467,190.1737536467,0.7500000,9,8,0.48614698333333333,0.477570775000,1.493151258175853,1.5426453183120759,1.493151258175853,0.00857620833333333,ELIGIBLE,R03b_20260811_FULL_v1,L1_ELIGIBILITY,v2026-08-11,2026-03-21..2026-08-06,baccarat_bet02_101_all_pairs_incl_sentinel,round_win = game_pnl > 0 (decisive only),COMPATIBILITY_ONLY_NOT_PRODUCTION,936.9272,892.2624,168.4352,32,28,-0.17977404,,-0.17977404,-0.17977404,-168.4352,936.9272,OK,0.0000,6.7374,4.0000,96.0000,AG03-UNRESOLVED,ALL5_LEVELS_bet23_to_bet27,6.7374,6.7374,6.7374,8.4218,8.4218,4.000000,4.000000,4.000000,5.000000,5.000000,96.000000,96.000000,96.000000,95.000000,95.000000,5.0,37.0557,33.944,131.3794,134.4912,PENDING_AG03,FALSE,NOT_FOR_ENFORCEMENT,161.6978,856.5719,168.4352,161.6978,6.7374,0.17977404,0.17258308,6.7374,161.6978,0.17258308,6.7374,6.7374,6.7374,8.4218,8.4218,161.6978,0.17258308,37.0557,33.944,131.3794,134.4912,0.14022375,0.14354494,0.00719096,29.2790,31.8665,6.0155,84.2176,33.6870,468.4636,14.0000,,29.2790,14.1998,25.8178,39.5012,51.6356,51.6356,103.2711,25.8178,-1.2909,2.0,4.0,1.134063,4,4,3,4,0E-8,0.17977404,,0E-8,0.000000,0.952328,0.000000,,2026-07-02,2026-07-05,2,5,5,4,0.500000,,,0.000000,,,,,,,,GLOBAL_BASELINE_NO_ENTITY_RANKING,,,NOT_APPLICABLE_GLOBAL_BASELINE,HF9g-P5,,,,X 全窗基线 · 不参与实体赏罚,6874754,688,A168_HF9F_20260827_0900,2026-08-27 09:00:00
2026-06-19,151755664,2209,0,318.8726309563,-168.4367526422,-168.4367526422,0.2500000,5,4,0.48945750263158968,0.450117762500,-0.9580429961431272,-0.804484559023245,-0.9580429961431272,0.03933974013158968,ELIGIBLE,R03b_20260811_FULL_v1,L1_ELIGIBILITY,v2026-08-11,2026-03-21..2026-08-06,baccarat_bet02_101_all_pairs_incl_sentinel,round_win = game_pnl > 0 (decisive only),COMPATIBILITY_ONLY_NOT_PRODUCTION,318.8726,318.8726,168.4368,5,4,-0.52822581,,-0.52822581,-0.52822581,-168.4368,318.8726,THIN_EXPOSURE,0.0000,6.7375,4.0000,96.0000,AG03-UNRESOLVED,ALL5_LEVELS_bet23_to_bet27,6.7375,6.7375,6.7375,8.4218,8.4218,4.000000,4.000000,4.000000,5.000000,5.000000,96.000000,96.000000,96.000000,95.000000,95.000000,5.0,37.0561,33.9443,131.3807,134.4924,PENDING_AG03,FALSE,NOT_FOR_ENFORCEMENT,161.6993,306.1177,168.4368,161.6993,6.7375,0.52822581,0.50709677,6.7375,161.6993,0.50709677,6.7375,6.7375,6.7375,8.4218,8.4218,161.6993,0.50709677,37.0561,33.9443,131.3807,134.4924,0.41201613,0.4217747,0.02112903,63.7745,79.7182,42.1092,168.4368,168.4368,318.8726,4.0000,,63.7745,34.0731,77.1466,86.7899,115.7199,115.7199,115.7199,77.1466,-43.7164,1.5,1.5,0.826667,1,1,1,3,0E-8,0.52822581,,0E-8,0.000000,1.000000,0.000000,,2026-06-19,2026-06-19,1,1,1,1,1.000000,,,0.000000,,,,,,,,GLOBAL_BASELINE_NO_ENTITY_RANKING,,,NOT_APPLICABLE_GLOBAL_BASELINE,HF9g-P5,,,,X 全窗基线 · 不参与实体赏罚,6874755,688,A168_HF9F_20260827_0900,2026-08-27 09:00:00
2026-03-22,145691532,2101,0,2.2008979664,-2.2008979664,-2.2008979664,0E-7,1,1,0.49324550000000000,0.493245500000,-0.9865810262130424,-0.9865810262130424,-0.9865810262130424,0E-17,ELIGIBLE,R03b_20260811_FULL_v1,L1_ELIGIBILITY,v2026-08-11,2026-03-21..2026-08-06,baccarat_bet02_101_all_pairs_incl_sentinel,round_win = game_pnl > 0 (decisive only),COMPATIBILITY_ONLY_NOT_PRODUCTION,1787.0221,1593.0967,168.4435,98,98,-0.09425935,-0.85687196,-0.02560697,-0.09425935,-168.4435,1787.0221,OK,0.0000,6.7377,4.0000,96.0000,AG03-UNRESOLVED,ALL5_LEVELS_bet23_to_bet27,6.7377,6.7377,6.7377,10.1066,10.1066,4.000000,4.000000,4.000000,6.000000,6.000000,96.000000,96.000000,96.000000,94.000000,94.000000,5.0,40.4264,36.7623,128.0171,131.6812,PENDING_AG03,FALSE,NOT_FOR_ENFORCEMENT,161.7058,1529.3728,168.4435,161.7058,6.7377,0.09425935,0.09048897,6.7377,161.7058,0.09048897,6.7377,6.7377,6.7377,10.1066,10.1066,161.7058,0.09048897,40.4264,36.7623,128.0171,131.6812,0.07163710,0.0736875,0.00377037,18.2349,16.2561,1.7188,6.7377,4.3191,71.4809,3.9200,36.8966,17.4408,4.4113,8.2047,21.0824,51.9048,77.5831,108.3339,7.8932,0.0,9.455906,13.203847,2.222491,9,32,23,2,0.08258784,0.09425935,0.85687196,0E-8,0.000000,0.891481,0.010204,-0.83126499,2026-03-22,2026-08-06,25,39,38,138,0.181159,2.115531,2.023402,0.275293,,,,,,,,GLOBAL_BASELINE_NO_ENTITY_RANKING,,,NOT_APPLICABLE_GLOBAL_BASELINE,HF9g-P5,,,,X 全窗基线 · 不参与实体赏罚,6874756,688,A168_HF9F_20260827_0900,2026-08-27 09:00:00
2026-03-30,145691532,1158,0,44.8983185140,-3.9616163395,-3.9616163395,0.6000000,6,6,0.49547970000000000,0.495479700000,0.4674480948863271,0.4674480948863271,0.4674480948863271,0E-17,ELIGIBLE,R03b_20260811_FULL_v1,L1_ELIGIBILITY,v2026-08-11,2026-03-21..2026-08-06,baccarat_bet02_101_all_pairs_incl_sentinel,round_win = game_pnl > 0 (decisive only),COMPATIBILITY_ONLY_NOT_PRODUCTION,1787.0221,1593.0967,168.4435,98,98,-0.09425935,-0.85687196,-0.02560697,-0.09425935,-168.4435,1787.0221,OK,0.0000,6.7377,4.0000,96.0000,AG03-UNRESOLVED,ALL5_LEVELS_bet23_to_bet27,6.7377,6.7377,6.7377,10.1066,10.1066,4.000000,4.000000,4.000000,6.000000,6.000000,96.000000,96.000000,96.000000,94.000000,94.000000,5.0,40.4264,36.7623,128.0171,131.6812,PENDING_AG03,FALSE,NOT_FOR_ENFORCEMENT,161.7058,1529.3728,168.4435,161.7058,6.7377,0.09425935,0.09048897,6.7377,161.7058,0.09048897,6.7377,6.7377,6.7377,10.1066,10.1066,161.7058,0.09048897,40.4264,36.7623,128.0171,131.6812,0.07163710,0.0736875,0.00377037,18.2349,16.2561,1.7188,6.7377,4.3191,71.4809,3.9200,36.8966,17.4408,4.4113,8.2047,21.0824,51.9048,77.5831,108.3339,7.8932,0.0,9.455906,13.203847,2.222491,9,32,23,2,0.08258784,0.09425935,0.85687196,0E-8,0.000000,0.891481,0.010204,-0.83126499,2026-03-22,2026-08-06,25,39,38,138,0.181159,2.115531,2.023402,0.275293,,,,,,,,GLOBAL_BASELINE_NO_ENTITY_RANKING,,,NOT_APPLICABLE_GLOBAL_BASELINE,HF9g-P5,,,,X 全窗基线 · 不参与实体赏罚,6874757,688,A168_HF9F_20260827_0900,2026-08-27 09:00:00
2026-04-06,145691532,1703,0,5.6922395800,5.6922395800,5.6922395800,1.0000000,1,1,0.49324550000000000,0.493245500000,1.01360149184955,1.01360149184955,1.01360149184955,0E-17,ELIGIBLE,R03b_20260811_FULL_v1,L1_ELIGIBILITY,v2026-08-11,2026-03-21..2026-08-06,baccarat_bet02_101_all_pairs_incl_sentinel,round_win = game_pnl > 0 (decisive only),COMPATIBILITY_ONLY_NOT_PRODUCTION,1787.0221,1593.0967,168.4435,98,98,-0.09425935,-0.85687196,-0.02560697,-0.09425935,-168.4435,1787.0221,OK,0.0000,6.7377,4.0000,96.0000,AG03-UNRESOLVED,ALL5_LEVELS_bet23_to_bet27,6.7377,6.7377,6.7377,10.1066,10.1066,4.000000,4.000000,4.000000,6.000000,6.000000,96.000000,96.000000,96.000000,94.000000,94.000000,5.0,40.4264,36.7623,128.0171,131.6812,PENDING_AG03,FALSE,NOT_FOR_ENFORCEMENT,161.7058,1529.3728,168.4435,161.7058,6.7377,0.09425935,0.09048897,6.7377,161.7058,0.09048897,6.7377,6.7377,6.7377,10.1066,10.1066,161.7058,0.09048897,40.4264,36.7623,128.0171,131.6812,0.07163710,0.0736875,0.00377037,18.2349,16.2561,1.7188,6.7377,4.3191,71.4809,3.9200,36.8966,17.4408,4.4113,8.2047,21.0824,51.9048,77.5831,108.3339,7.8932,0.0,9.455906,13.203847,2.222491,9,32,23,2,0.08258784,0.09425935,0.85687196,0E-8,0.000000,0.891481,0.010204,-0.83126499,2026-03-22,2026-08-06,25,39,38,138,0.181159,2.115531,2.023402,0.275293,,,,,,,,GLOBAL_BASELINE_NO_ENTITY_RANKING,,,NOT_APPLICABLE_GLOBAL_BASELINE,HF9g-P5,,,,X 全窗基线 · 不参与实体赏罚,6874758,688,A168_HF9F_20260827_0900,2026-08-27 09:00:00
2026-04-08,145691532,2266,0,3.7948263867,-3.7948263867,-3.7948263867,0E-7,1,1,0.49324550000000000,0.493245500000,-0.9865810262130424,-0.9865810262130424,-0.9865810262130424,0E-17,ELIGIBLE,R03b_20260811_FULL_v1,L1_ELIGIBILITY,v2026-08-11,2026-03-21..2026-08-06,baccarat_bet02_101_all_pairs_incl_sentinel,round_win = game_pnl > 0 (decisive only),COMPATIBILITY_ONLY_NOT_PRODUCTION,1787.0221,1593.0967,168.4435,98,98,-0.09425935,-0.85687196,-0.02560697,-0.09425935,-168.4435,1787.0221,OK,0.0000,6.7377,4.0000,96.0000,AG03-UNRESOLVED,ALL5_LEVELS_bet23_to_bet27,6.7377,6.7377,6.7377,10.1066,10.1066,4.000000,4.000000,4.000000,6.000000,6.000000,96.000000,96.000000,96.000000,94.000000,94.000000,5.0,40.4264,36.7623,128.0171,131.6812,PENDING_AG03,FALSE,NOT_FOR_ENFORCEMENT,161.7058,1529.3728,168.4435,161.7058,6.7377,0.09425935,0.09048897,6.7377,161.7058,0.09048897,6.7377,6.7377,6.7377,10.1066,10.1066,161.7058,0.09048897,40.4264,36.7623,128.0171,131.6812,0.07163710,0.0736875,0.00377037,18.2349,16.2561,1.7188,6.7377,4.3191,71.4809,3.9200,36.8966,17.4408,4.4113,8.2047,21.0824,51.9048,77.5831,108.3339,7.8932,0.0,9.455906,13.203847,2.222491,9,32,23,2,0.08258784,0.09425935,0.85687196,0E-8,0.000000,0.891481,0.010204,-0.83126499,2026-03-22,2026-08-06,25,39,38,138,0.181159,2.115531,2.023402,0.275293,,,,,,,,GLOBAL_BASELINE_NO_ENTITY_RANKING,,,NOT_APPLICABLE_GLOBAL_BASELINE,HF9g-P5,,,,X 全窗基线 · 不参与实体赏罚,6874759,688,A168_HF9F_20260827_0900,2026-08-27 09:00:00
2026-04-14,145691532,1994,0,4.0056500748,-4.0056500748,-4.0056500748,0E-7,1,1,0.49324550000000000,0.493245500000,-0.9865810262130424,-0.9865810262130424,-0.9865810262130424,0E-17,ELIGIBLE,R03b_20260811_FULL_v1,L1_ELIGIBILITY,v2026-08-11,2026-03-21..2026-08-06,baccarat_bet02_101_all_pairs_incl_sentinel,round_win = game_pnl > 0 (decisive only),COMPATIBILITY_ONLY_NOT_PRODUCTION,1787.0221,1593.0967,168.4435,98,98,-0.09425935,-0.85687196,-0.02560697,-0.09425935,-168.4435,1787.0221,OK,0.0000,6.7377,4.0000,96.0000,AG03-UNRESOLVED,ALL5_LEVELS_bet23_to_bet27,6.7377,6.7377,6.7377,10.1066,10.1066,4.000000,4.000000,4.000000,6.000000,6.000000,96.000000,96.000000,96.000000,94.000000,94.000000,5.0,40.4264,36.7623,128.0171,131.6812,PENDING_AG03,FALSE,NOT_FOR_ENFORCEMENT,161.7058,1529.3728,168.4435,161.7058,6.7377,0.09425935,0.09048897,6.7377,161.7058,0.09048897,6.7377,6.7377,6.7377,10.1066,10.1066,161.7058,0.09048897,40.4264,36.7623,128.0171,131.6812,0.07163710,0.0736875,0.00377037,18.2349,16.2561,1.7188,6.7377,4.3191,71.4809,3.9200,36.8966,17.4408,4.4113,8.2047,21.0824,51.9048,77.5831,108.3339,7.8932,0.0,9.455906,13.203847,2.222491,9,32,23,2,0.08258784,0.09425935,0.85687196,0E-8,0.000000,0.891481,0.010204,-0.83126499,2026-03-22,2026-08-06,25,39,38,138,0.181159,2.115531,2.023402,0.275293,,,,,,,,GLOBAL_BASELINE_NO_ENTITY_RANKING,,,NOT_APPLICABLE_GLOBAL_BASELINE,HF9g-P5,,,,X 全窗基线 · 不参与实体赏罚,6874760,688,A168_HF9F_20260827_0900,2026-08-27 09:00:00
2026-04-16,145691532,1963,0,94.8706596674,23.9284886049,23.9284886049,0.6000000,6,6,0.50218230000000000,0.502182300000,0.4374582199563857,0.4374582199563857,0.4374582199563857,0E-17,ELIGIBLE,R03b_20260811_FULL_v1,L1_ELIGIBILITY,v2026-08-11,2026-03-21..2026-08-06,baccarat_bet02_101_all_pairs_incl_sentinel,round_win = game_pnl > 0 (decisive only),COMPATIBILITY_ONLY_NOT_PRODUCTION,1787.0221,1593.0967,168.4435,98,98,-0.09425935,-0.85687196,-0.02560697,-0.09425935,-168.4435,1787.0221,OK,0.0000,6.7377,4.0000,96.0000,AG03-UNRESOLVED,ALL5_LEVELS_bet23_to_bet27,6.7377,6.7377,6.7377,10.1066,10.1066,4.000000,4.000000,4.000000,6.000000,6.000000,96.000000,96.000000,96.000000,94.000000,94.000000,5.0,40.4264,36.7623,128.0171,131.6812,PENDING_AG03,FALSE,NOT_FOR_ENFORCEMENT,161.7058,1529.3728,168.4435,161.7058,6.7377,0.09425935,0.09048897,6.7377,161.7058,0.09048897,6.7377,6.7377,6.7377,10.1066,10.1066,161.7058,0.09048897,40.4264,36.7623,128.0171,131.6812,0.07163710,0.0736875,0.00377037,18.2349,16.2561,1.7188,6.7377,4.3191,71.4809,3.9200,36.8966,17.4408,4.4113,8.2047,21.0824,51.9048,77.5831,108.3339,7.8932,0.0,9.455906,13.203847,2.222491,9,32,23,2,0.08258784,0.09425935,0.85687196,0E-8,0.000000,0.891481,0.010204,-0.83126499,2026-03-22,2026-08-06,25,39,38,138,0.181159,2.115531,2.023402,0.275293,,,,,,,,GLOBAL_BASELINE_NO_ENTITY_RANKING,,,NOT_APPLICABLE_GLOBAL_BASELINE,HF9g-P5,,,,X 全窗基线 · 不参与实体赏罚,6874761,688,A168_HF9F_20260827_0900,2026-08-27 09:00:00
2026-04-16,145691532,2152,0,307.8025846984,162.5450635633,162.5450635633,0.8000000,6,6,0.50665070000000000,0.506650700000,1.3120140225494112,1.3120140225494112,1.3120140225494112,0E-17,ELIGIBLE,R03b_20260811_FULL_v1,L1_ELIGIBILITY,v2026-08-11,2026-03-21..2026-08-06,baccarat_bet02_101_all_pairs_incl_sentinel,round_win = game_pnl > 0 (decisive only),COMPATIBILITY_ONLY_NOT_PRODUCTION,1787.0221,1593.0967,168.4435,98,98,-0.09425935,-0.85687196,-0.02560697,-0.09425935,-168.4435,1787.0221,OK,0.0000,6.7377,4.0000,96.0000,AG03-UNRESOLVED,ALL5_LEVELS_bet23_to_bet27,6.7377,6.7377,6.7377,10.1066,10.1066,4.000000,4.000000,4.000000,6.000000,6.000000,96.000000,96.000000,96.000000,94.000000,94.000000,5.0,40.4264,36.7623,128.0171,131.6812,PENDING_AG03,FALSE,NOT_FOR_ENFORCEMENT,161.7058,1529.3728,168.4435,161.7058,6.7377,0.09425935,0.09048897,6.7377,161.7058,0.09048897,6.7377,6.7377,6.7377,10.1066,10.1066,161.7058,0.09048897,40.4264,36.7623,128.0171,131.6812,0.07163710,0.0736875,0.00377037,18.2349,16.2561,1.7188,6.7377,4.3191,71.4809,3.9200,36.8966,17.4408,4.4113,8.2047,21.0824,51.9048,77.5831,108.3339,7.8932,0.0,9.455906,13.203847,2.222491,9,32,23,2,0.08258784,0.09425935,0.85687196,0E-8,0.000000,0.891481,0.010204,-0.83126499,2026-03-22,2026-08-06,25,39,38,138,0.181159,2.115531,2.023402,0.275293,,,,,,,,GLOBAL_BASELINE_NO_ENTITY_RANKING,,,NOT_APPLICABLE_GLOBAL_BASELINE,HF9g-P5,,,,X 全窗基线 · 不参与实体赏罚,6874762,688,A168_HF9F_20260827_0900,2026-08-27 09:00:00
2026-04-16,145691532,2254,0,235.2792359750,-158.1177661122,-158.1177661122,0E-7,6,6,0.49547970000000000,0.495479700000,-1.9819997985031756,-1.9819997985031756,-1.9819997985031756,0E-17,ELIGIBLE,R03b_20260811_FULL_v1,L1_ELIGIBILITY,v2026-08-11,2026-03-21..2026-08-06,baccarat_bet02_101_all_pairs_incl_sentinel,round_win = game_pnl > 0 (decisive only),COMPATIBILITY_ONLY_NOT_PRODUCTION,1787.0221,1593.0967,168.4435,98,98,-0.09425935,-0.85687196,-0.02560697,-0.09425935,-168.4435,1787.0221,OK,0.0000,6.7377,4.0000,96.0000,AG03-UNRESOLVED,ALL5_LEVELS_bet23_to_bet27,6.7377,6.7377,6.7377,10.1066,10.1066,4.000000,4.000000,4.000000,6.000000,6.000000,96.000000,96.000000,96.000000,94.000000,94.000000,5.0,40.4264,36.7623,128.0171,131.6812,PENDING_AG03,FALSE,NOT_FOR_ENFORCEMENT,161.7058,1529.3728,168.4435,161.7058,6.7377,0.09425935,0.09048897,6.7377,161.7058,0.09048897,6.7377,6.7377,6.7377,10.1066,10.1066,161.7058,0.09048897,40.4264,36.7623,128.0171,131.6812,0.07163710,0.0736875,0.00377037,18.2349,16.2561,1.7188,6.7377,4.3191,71.4809,3.9200,36.8966,17.4408,4.4113,8.2047,21.0824,51.9048,77.5831,108.3339,7.8932,0.0,9.455906,13.203847,2.222491,9,32,23,2,0.08258784,0.09425935,0.85687196,0E-8,0.000000,0.891481,0.010204,-0.83126499,2026-03-22,2026-08-06,25,39,38,138,0.181159,2.115531,2.023402,0.275293,,,,,,,,GLOBAL_BASELINE_NO_ENTITY_RANKING,,,NOT_APPLICABLE_GLOBAL_BASELINE,HF9g-P5,,,,X 全窗基线 · 不参与实体赏罚,6874763,688,A168_HF9F_20260827_0900,2026-08-27 09:00:00
2026-04-16,145691532,2258,0,165.2857715093,-55.9315244661,-55.9315244661,0.5000000,2,2,0.49994810000000000,0.499948100000,0.00014679536856514622,0.00014679536856514622,0.00014679536856514622,0E-17,ELIGIBLE,R03b_20260811_FULL_v1,L1_ELIGIBILITY,v2026-08-11,2026-03-21..2026-08-06,baccarat_bet02_101_all_pairs_incl_sentinel,round_win = game_pnl > 0 (decisive only),COMPATIBILITY_ONLY_NOT_PRODUCTION,1787.0221,1593.0967,168.4435,98,98,-0.09425935,-0.85687196,-0.02560697,-0.09425935,-168.4435,1787.0221,OK,0.0000,6.7377,4.0000,96.0000,AG03-UNRESOLVED,ALL5_LEVELS_bet23_to_bet27,6.7377,6.7377,6.7377,10.1066,10.1066,4.000000,4.000000,4.000000,6.000000,6.000000,96.000000,96.000000,96.000000,94.000000,94.000000,5.0,40.4264,36.7623,128.0171,131.6812,PENDING_AG03,FALSE,NOT_FOR_ENFORCEMENT,161.7058,1529.3728,168.4435,161.7058,6.7377,0.09425935,0.09048897,6.7377,161.7058,0.09048897,6.7377,6.7377,6.7377,10.1066,10.1066,161.7058,0.09048897,40.4264,36.7623,128.0171,131.6812,0.07163710,0.0736875,0.00377037,18.2349,16.2561,1.7188,6.7377,4.3191,71.4809,3.9200,36.8966,17.4408,4.4113,8.2047,21.0824,51.9048,77.5831,108.3339,7.8932,0.0,9.455906,13.203847,2.222491,9,32,23,2,0.08258784,0.09425935,0.85687196,0E-8,0.000000,0.891481,0.010204,-0.83126499,2026-03-22,2026-08-06,25,39,38,138,0.181159,2.115531,2.023402,0.275293,,,,,,,,GLOBAL_BASELINE_NO_ENTITY_RANKING,,,NOT_APPLICABLE_GLOBAL_BASELINE,HF9g-P5,,,,X 全窗基线 · 不参与实体赏罚,6874764,688,A168_HF9F_20260827_0900,2026-08-27 09:00:00
2026-04-17,145691532,1384,0,30.1477874054,-30.1477874054,-30.1477874054,0E-7,1,1,0.49324550000000000,0.493245500000,-0.9865810262130424,-0.9865810262130424,-0.9865810262130424,0E-17,ELIGIBLE,R03b_20260811_FULL_v1,L1_ELIGIBILITY,v2026-08-11,2026-03-21..2026-08-06,baccarat_bet02_101_all_pairs_incl_sentinel,round_win = game_pnl > 0 (decisive only),COMPATIBILITY_ONLY_NOT_PRODUCTION,1787.0221,1593.0967,168.4435,98,98,-0.09425935,-0.85687196,-0.02560697,-0.09425935,-168.4435,1787.0221,OK,0.0000,6.7377,4.0000,96.0000,AG03-UNRESOLVED,ALL5_LEVELS_bet23_to_bet27,6.7377,6.7377,6.7377,10.1066,10.1066,4.000000,4.000000,4.000000,6.000000,6.000000,96.000000,96.000000,96.000000,94.000000,94.000000,5.0,40.4264,36.7623,128.0171,131.6812,PENDING_AG03,FALSE,NOT_FOR_ENFORCEMENT,161.7058,1529.3728,168.4435,161.7058,6.7377,0.09425935,0.09048897,6.7377,161.7058,0.09048897,6.7377,6.7377,6.7377,10.1066,10.1066,161.7058,0.09048897,40.4264,36.7623,128.0171,131.6812,0.07163710,0.0736875,0.00377037,18.2349,16.2561,1.7188,6.7377,4.3191,71.4809,3.9200,36.8966,17.4408,4.4113,8.2047,21.0824,51.9048,77.5831,108.3339,7.8932,0.0,9.455906,13.203847,2.222491,9,32,23,2,0.08258784,0.09425935,0.85687196,0E-8,0.000000,0.891481,0.010204,-0.83126499,2026-03-22,2026-08-06,25,39,38,138,0.181159,2.115531,2.023402,0.275293,,,,,,,,GLOBAL_BASELINE_NO_ENTITY_RANKING,,,NOT_APPLICABLE_GLOBAL_BASELINE,HF9g-P5,,,,X 全窗基线 · 不参与实体赏罚,6874765,688,A168_HF9F_20260827_0900,2026-08-27 09:00:00
2026-04-19,145691532,1384,0,21.0823688150,-21.0823688150,-21.0823688150,0E-7,1,1,0.50665070000000000,0.506650700000,-1.013391052207602,-1.013391052207602,-1.013391052207602,0E-17,ELIGIBLE,R03b_20260811_FULL_v1,L1_ELIGIBILITY,v2026-08-11,2026-03-21..2026-08-06,baccarat_bet02_101_all_pairs_incl_sentinel,round_win = game_pnl > 0 (decisive only),COMPATIBILITY_ONLY_NOT_PRODUCTION,1787.0221,1593.0967,168.4435,98,98,-0.09425935,-0.85687196,-0.02560697,-0.09425935,-168.4435,1787.0221,OK,0.0000,6.7377,4.0000,96.0000,AG03-UNRESOLVED,ALL5_LEVELS_bet23_to_bet27,6.7377,6.7377,6.7377,10.1066,10.1066,4.000000,4.000000,4.000000,6.000000,6.000000,96.000000,96.000000,96.000000,94.000000,94.000000,5.0,40.4264,36.7623,128.0171,131.6812,PENDING_AG03,FALSE,NOT_FOR_ENFORCEMENT,161.7058,1529.3728,168.4435,161.7058,6.7377,0.09425935,0.09048897,6.7377,161.7058,0.09048897,6.7377,6.7377,6.7377,10.1066,10.1066,161.7058,0.09048897,40.4264,36.7623,128.0171,131.6812,0.07163710,0.0736875,0.00377037,18.2349,16.2561,1.7188,6.7377,4.3191,71.4809,3.9200,36.8966,17.4408,4.4113,8.2047,21.0824,51.9048,77.5831,108.3339,7.8932,0.0,9.455906,13.203847,2.222491,9,32,23,2,0.08258784,0.09425935,0.85687196,0E-8,0.000000,0.891481,0.010204,-0.83126499,2026-03-22,2026-08-06,25,39,38,138,0.181159,2.115531,2.023402,0.275293,,,,,,,,GLOBAL_BASELINE_NO_ENTITY_RANKING,,,NOT_APPLICABLE_GLOBAL_BASELINE,HF9g-P5,,,,X 全窗基线 · 不参与实体赏罚,6874766,688,A168_HF9F_20260827_0900,2026-08-27 09:00:00
2026-04-23,145691532,1325,0,10.5411844074,-5.2705922037,-5.2705922037,0E-7,2,2,0.50665070000000000,0.506650700000,-1.013391052207602,-1.013391052207602,-1.013391052207602,0E-17,ELIGIBLE,R03b_20260811_FULL_v1,L1_ELIGIBILITY,v2026-08-11,2026-03-21..2026-08-06,baccarat_bet02_101_all_pairs_incl_sentinel,round_win = game_pnl > 0 (decisive only),COMPATIBILITY_ONLY_NOT_PRODUCTION,1787.0221,1593.0967,168.4435,98,98,-0.09425935,-0.85687196,-0.02560697,-0.09425935,-168.4435,1787.0221,OK,0.0000,6.7377,4.0000,96.0000,AG03-UNRESOLVED,ALL5_LEVELS_bet23_to_bet27,6.7377,6.7377,6.7377,10.1066,10.1066,4.000000,4.000000,4.000000,6.000000,6.000000,96.000000,96.000000,96.000000,94.000000,94.000000,5.0,40.4264,36.7623,128.0171,131.6812,PENDING_AG03,FALSE,NOT_FOR_ENFORCEMENT,161.7058,1529.3728,168.4435,161.7058,6.7377,0.09425935,0.09048897,6.7377,161.7058,0.09048897,6.7377,6.7377,6.7377,10.1066,10.1066,161.7058,0.09048897,40.4264,36.7623,128.0171,131.6812,0.07163710,0.0736875,0.00377037,18.2349,16.2561,1.7188,6.7377,4.3191,71.4809,3.9200,36.8966,17.4408,4.4113,8.2047,21.0824,51.9048,77.5831,108.3339,7.8932,0.0,9.455906,13.203847,2.222491,9,32,23,2,0.08258784,0.09425935,0.85687196,0E-8,0.000000,0.891481,0.010204,-0.83126499,2026-03-22,2026-08-06,25,39,38,138,0.181159,2.115531,2.023402,0.275293,,,,,,,,GLOBAL_BASELINE_NO_ENTITY_RANKING,,,NOT_APPLICABLE_GLOBAL_BASELINE,HF9g-P5,,,,X 全窗基线 · 不参与实体赏罚,6874767,688,A168_HF9F_20260827_0900,2026-08-27 09:00:00
2026-04-23,145691532,2109,0,59.4522800583,-19.8174266861,-19.8174266861,0.2000000,5,5,0.50396966000000000,0.503969660000,-1.3594364909357963,-1.3594364909357963,-1.3594364909357963,0E-17,ELIGIBLE,R03b_20260811_FULL_v1,L1_ELIGIBILITY,v2026-08-11,2026-03-21..2026-08-06,baccarat_bet02_101_all_pairs_incl_sentinel,round_win = game_pnl > 0 (decisive only),COMPATIBILITY_ONLY_NOT_PRODUCTION,1787.0221,1593.0967,168.4435,98,98,-0.09425935,-0.85687196,-0.02560697,-0.09425935,-168.4435,1787.0221,OK,0.0000,6.7377,4.0000,96.0000,AG03-UNRESOLVED,ALL5_LEVELS_bet23_to_bet27,6.7377,6.7377,6.7377,10.1066,10.1066,4.000000,4.000000,4.000000,6.000000,6.000000,96.000000,96.000000,96.000000,94.000000,94.000000,5.0,40.4264,36.7623,128.0171,131.6812,PENDING_AG03,FALSE,NOT_FOR_ENFORCEMENT,161.7058,1529.3728,168.4435,161.7058,6.7377,0.09425935,0.09048897,6.7377,161.7058,0.09048897,6.7377,6.7377,6.7377,10.1066,10.1066,161.7058,0.09048897,40.4264,36.7623,128.0171,131.6812,0.07163710,0.0736875,0.00377037,18.2349,16.2561,1.7188,6.7377,4.3191,71.4809,3.9200,36.8966,17.4408,4.4113,8.2047,21.0824,51.9048,77.5831,108.3339,7.8932,0.0,9.455906,13.203847,2.222491,9,32,23,2,0.08258784,0.09425935,0.85687196,0E-8,0.000000,0.891481,0.010204,-0.83126499,2026-03-22,2026-08-06,25,39,38,138,0.181159,2.115531,2.023402,0.275293,,,,,,,,GLOBAL_BASELINE_NO_ENTITY_RANKING,,,NOT_APPLICABLE_GLOBAL_BASELINE,HF9g-P5,,,,X 全窗基线 · 不参与实体赏罚,6874768,688,A168_HF9F_20260827_0900,2026-08-27 09:00:00
2026-05-15,145691532,2169,0,2.7308055876,-2.7308055876,-2.7308055876,0E-7,1,1,0.50665070000000000,0.506650700000,-1.013391052207602,-1.013391052207602,-1.013391052207602,0E-17,ELIGIBLE,R03b_20260811_FULL_v1,L1_ELIGIBILITY,v2026-08-11,2026-03-21..2026-08-06,baccarat_bet02_101_all_pairs_incl_sentinel,round_win = game_pnl > 0 (decisive only),COMPATIBILITY_ONLY_NOT_PRODUCTION,1787.0221,1593.0967,168.4435,98,98,-0.09425935,-0.85687196,-0.02560697,-0.09425935,-168.4435,1787.0221,OK,0.0000,6.7377,4.0000,96.0000,AG03-UNRESOLVED,ALL5_LEVELS_bet23_to_bet27,6.7377,6.7377,6.7377,10.1066,10.1066,4.000000,4.000000,4.000000,6.000000,6.000000,96.000000,96.000000,96.000000,94.000000,94.000000,5.0,40.4264,36.7623,128.0171,131.6812,PENDING_AG03,FALSE,NOT_FOR_ENFORCEMENT,161.7058,1529.3728,168.4435,161.7058,6.7377,0.09425935,0.09048897,6.7377,161.7058,0.09048897,6.7377,6.7377,6.7377,10.1066,10.1066,161.7058,0.09048897,40.4264,36.7623,128.0171,131.6812,0.07163710,0.0736875,0.00377037,18.2349,16.2561,1.7188,6.7377,4.3191,71.4809,3.9200,36.8966,17.4408,4.4113,8.2047,21.0824,51.9048,77.5831,108.3339,7.8932,0.0,9.455906,13.203847,2.222491,9,32,23,2,0.08258784,0.09425935,0.85687196,0E-8,0.000000,0.891481,0.010204,-0.83126499,2026-03-22,2026-08-06,25,39,38,138,0.181159,2.115531,2.023402,0.275293,,,,,,,,GLOBAL_BASELINE_NO_ENTITY_RANKING,,,NOT_APPLICABLE_GLOBAL_BASELINE,HF9g-P5,,,,X 全窗基线 · 不参与实体赏罚,6874769,688,A168_HF9F_20260827_0900,2026-08-27 09:00:00
2026-05-17,145691532,2142,0,44.7431992438,-4.6003571052,-4.6003571052,0.6000000,5,5,0.50665070000000000,0.506650700000,0.4175076967804994,0.4175076967804994,0.4175076967804994,0E-17,ELIGIBLE,R03b_20260811_FULL_v1,L1_ELIGIBILITY,v2026-08-11,2026-03-21..2026-08-06,baccarat_bet02_101_all_pairs_incl_sentinel,round_win = game_pnl > 0 (decisive only),COMPATIBILITY_ONLY_NOT_PRODUCTION,1787.0221,1593.0967,168.4435,98,98,-0.09425935,-0.85687196,-0.02560697,-0.09425935,-168.4435,1787.0221,OK,0.0000,6.7377,4.0000,96.0000,AG03-UNRESOLVED,ALL5_LEVELS_bet23_to_bet27,6.7377,6.7377,6.7377,10.1066,10.1066,4.000000,4.000000,4.000000,6.000000,6.000000,96.000000,96.000000,96.000000,94.000000,94.000000,5.0,40.4264,36.7623,128.0171,131.6812,PENDING_AG03,FALSE,NOT_FOR_ENFORCEMENT,161.7058,1529.3728,168.4435,161.7058,6.7377,0.09425935,0.09048897,6.7377,161.7058,0.09048897,6.7377,6.7377,6.7377,10.1066,10.1066,161.7058,0.09048897,40.4264,36.7623,128.0171,131.6812,0.07163710,0.0736875,0.00377037,18.2349,16.2561,1.7188,6.7377,4.3191,71.4809,3.9200,36.8966,17.4408,4.4113,8.2047,21.0824,51.9048,77.5831,108.3339,7.8932,0.0,9.455906,13.203847,2.222491,9,32,23,2,0.08258784,0.09425935,0.85687196,0E-8,0.000000,0.891481,0.010204,-0.83126499,2026-03-22,2026-08-06,25,39,38,138,0.181159,2.115531,2.023402,0.275293,,,,,,,,GLOBAL_BASELINE_NO_ENTITY_RANKING,,,NOT_APPLICABLE_GLOBAL_BASELINE,HF9g-P5,,,,X 全窗基线 · 不参与实体赏罚,6874770,688,A168_HF9F_20260827_0900,2026-08-27 09:00:00
2026-05-17,145691532,2216,0,42.8526415292,-21.4263207646,-21.4263207646,0E-7,2,2,0.50665070000000000,0.506650700000,-1.013391052207602,-1.013391052207602,-1.013391052207602,0E-17,ELIGIBLE,R03b_20260811_FULL_v1,L1_ELIGIBILITY,v2026-08-11,2026-03-21..2026-08-06,baccarat_bet02_101_all_pairs_incl_sentinel,round_win = game_pnl > 0 (decisive only),COMPATIBILITY_ONLY_NOT_PRODUCTION,1787.0221,1593.0967,168.4435,98,98,-0.09425935,-0.85687196,-0.02560697,-0.09425935,-168.4435,1787.0221,OK,0.0000,6.7377,4.0000,96.0000,AG03-UNRESOLVED,ALL5_LEVELS_bet23_to_bet27,6.7377,6.7377,6.7377,10.1066,10.1066,4.000000,4.000000,4.000000,6.000000,6.000000,96.000000,96.000000,96.000000,94.000000,94.000000,5.0,40.4264,36.7623,128.0171,131.6812,PENDING_AG03,FALSE,NOT_FOR_ENFORCEMENT,161.7058,1529.3728,168.4435,161.7058,6.7377,0.09425935,0.09048897,6.7377,161.7058,0.09048897,6.7377,6.7377,6.7377,10.1066,10.1066,161.7058,0.09048897,40.4264,36.7623,128.0171,131.6812,0.07163710,0.0736875,0.00377037,18.2349,16.2561,1.7188,6.7377,4.3191,71.4809,3.9200,36.8966,17.4408,4.4113,8.2047,21.0824,51.9048,77.5831,108.3339,7.8932,0.0,9.455906,13.203847,2.222491,9,32,23,2,0.08258784,0.09425935,0.85687196,0E-8,0.000000,0.891481,0.010204,-0.83126499,2026-03-22,2026-08-06,25,39,38,138,0.181159,2.115531,2.023402,0.275293,,,,,,,,GLOBAL_BASELINE_NO_ENTITY_RANKING,,,NOT_APPLICABLE_GLOBAL_BASELINE,HF9g-P5,,,,X 全窗基线 · 不参与实体赏罚,6874771,688,A168_HF9F_20260827_0900,2026-08-27 09:00:00
2026-05-17,145691532,994,0,14.7043377796,-2.1006196828,-2.1006196828,0.6666667,3,3,0.49324550000000000,0.493245500000,0.6008033672792107,0.6008033672792106,0.6008033672792107,0E-17,ELIGIBLE,R03b_20260811_FULL_v1,L1_ELIGIBILITY,v2026-08-11,2026-03-21..2026-08-06,baccarat_bet02_101_all_pairs_incl_sentinel,round_win = game_pnl > 0 (decisive only),COMPATIBILITY_ONLY_NOT_PRODUCTION,1787.0221,1593.0967,168.4435,98,98,-0.09425935,-0.85687196,-0.02560697,-0.09425935,-168.4435,1787.0221,OK,0.0000,6.7377,4.0000,96.0000,AG03-UNRESOLVED,ALL5_LEVELS_bet23_to_bet27,6.7377,6.7377,6.7377,10.1066,10.1066,4.000000,4.000000,4.000000,6.000000,6.000000,96.000000,96.000000,96.000000,94.000000,94.000000,5.0,40.4264,36.7623,128.0171,131.6812,PENDING_AG03,FALSE,NOT_FOR_ENFORCEMENT,161.7058,1529.3728,168.4435,161.7058,6.7377,0.09425935,0.09048897,6.7377,161.7058,0.09048897,6.7377,6.7377,6.7377,10.1066,10.1066,161.7058,0.09048897,40.4264,36.7623,128.0171,131.6812,0.07163710,0.0736875,0.00377037,18.2349,16.2561,1.7188,6.7377,4.3191,71.4809,3.9200,36.8966,17.4408,4.4113,8.2047,21.0824,51.9048,77.5831,108.3339,7.8932,0.0,9.455906,13.203847,2.222491,9,32,23,2,0.08258784,0.09425935,0.85687196,0E-8,0.000000,0.891481,0.010204,-0.83126499,2026-03-22,2026-08-06,25,39,38,138,0.181159,2.115531,2.023402,0.275293,,,,,,,,GLOBAL_BASELINE_NO_ENTITY_RANKING,,,NOT_APPLICABLE_GLOBAL_BASELINE,HF9g-P5,,,,X 全窗基线 · 不参与实体赏罚,6874772,688,A168_HF9F_20260827_0900,2026-08-27 09:00:00
2026-05-18,145691532,2258,0,13.6540279382,13.6540279382,13.6540279382,1.0000000,1,1,0.49324550000000000,0.493245500000,1.01360149184955,1.01360149184955,1.01360149184955,0E-17,ELIGIBLE,R03b_20260811_FULL_v1,L1_ELIGIBILITY,v2026-08-11,2026-03-21..2026-08-06,baccarat_bet02_101_all_pairs_incl_sentinel,round_win = game_pnl > 0 (decisive only),COMPATIBILITY_ONLY_NOT_PRODUCTION,1787.0221,1593.0967,168.4435,98,98,-0.09425935,-0.85687196,-0.02560697,-0.09425935,-168.4435,1787.0221,OK,0.0000,6.7377,4.0000,96.0000,AG03-UNRESOLVED,ALL5_LEVELS_bet23_to_bet27,6.7377,6.7377,6.7377,10.1066,10.1066,4.000000,4.000000,4.000000,6.000000,6.000000,96.000000,96.000000,96.000000,94.000000,94.000000,5.0,40.4264,36.7623,128.0171,131.6812,PENDING_AG03,FALSE,NOT_FOR_ENFORCEMENT,161.7058,1529.3728,168.4435,161.7058,6.7377,0.09425935,0.09048897,6.7377,161.7058,0.09048897,6.7377,6.7377,6.7377,10.1066,10.1066,161.7058,0.09048897,40.4264,36.7623,128.0171,131.6812,0.07163710,0.0736875,0.00377037,18.2349,16.2561,1.7188,6.7377,4.3191,71.4809,3.9200,36.8966,17.4408,4.4113,8.2047,21.0824,51.9048,77.5831,108.3339,7.8932,0.0,9.455906,13.203847,2.222491,9,32,23,2,0.08258784,0.09425935,0.85687196,0E-8,0.000000,0.891481,0.010204,-0.83126499,2026-03-22,2026-08-06,25,39,38,138,0.181159,2.115531,2.023402,0.275293,,,,,,,,GLOBAL_BASELINE_NO_ENTITY_RANKING,,,NOT_APPLICABLE_GLOBAL_BASELINE,HF9g-P5,,,,X 全窗基线 · 不参与实体赏罚,6874773,688,A168_HF9F_20260827_0900,2026-08-27 09:00:00
2026-05-22,145691532,1505,0,7.5622308581,-7.5622308581,-7.5622308581,0E-7,1,1,0.50665070000000000,0.506650700000,-1.013391052207602,-1.013391052207602,-1.013391052207602,0E-17,ELIGIBLE,R03b_20260811_FULL_v1,L1_ELIGIBILITY,v2026-08-11,2026-03-21..2026-08-06,baccarat_bet02_101_all_pairs_incl_sentinel,round_win = game_pnl > 0 (decisive only),COMPATIBILITY_ONLY_NOT_PRODUCTION,1787.0221,1593.0967,168.4435,98,98,-0.09425935,-0.85687196,-0.02560697,-0.09425935,-168.4435,1787.0221,OK,0.0000,6.7377,4.0000,96.0000,AG03-UNRESOLVED,ALL5_LEVELS_bet23_to_bet27,6.7377,6.7377,6.7377,10.1066,10.1066,4.000000,4.000000,4.000000,6.000000,6.000000,96.000000,96.000000,96.000000,94.000000,94.000000,5.0,40.4264,36.7623,128.0171,131.6812,PENDING_AG03,FALSE,NOT_FOR_ENFORCEMENT,161.7058,1529.3728,168.4435,161.7058,6.7377,0.09425935,0.09048897,6.7377,161.7058,0.09048897,6.7377,6.7377,6.7377,10.1066,10.1066,161.7058,0.09048897,40.4264,36.7623,128.0171,131.6812,0.07163710,0.0736875,0.00377037,18.2349,16.2561,1.7188,6.7377,4.3191,71.4809,3.9200,36.8966,17.4408,4.4113,8.2047,21.0824,51.9048,77.5831,108.3339,7.8932,0.0,9.455906,13.203847,2.222491,9,32,23,2,0.08258784,0.09425935,0.85687196,0E-8,0.000000,0.891481,0.010204,-0.83126499,2026-03-22,2026-08-06,25,39,38,138,0.181159,2.115531,2.023402,0.275293,,,,,,,,GLOBAL_BASELINE_NO_ENTITY_RANKING,,,NOT_APPLICABLE_GLOBAL_BASELINE,HF9g-P5,,,,X 全窗基线 · 不参与实体赏罚,6874774,688,A168_HF9F_20260827_0900,2026-08-27 09:00:00
2026-05-23,145691532,2103,0,10.0829744775,5.8817351119,5.8817351119,0.6666667,3,3,0.49324550000000000,0.493245500000,0.6008033672792107,0.6008033672792106,0.6008033672792107,0E-17,ELIGIBLE,R03b_20260811_FULL_v1,L1_ELIGIBILITY,v2026-08-11,2026-03-21..2026-08-06,baccarat_bet02_101_all_pairs_incl_sentinel,round_win = game_pnl > 0 (decisive only),COMPATIBILITY_ONLY_NOT_PRODUCTION,1787.0221,1593.0967,168.4435,98,98,-0.09425935,-0.85687196,-0.02560697,-0.09425935,-168.4435,1787.0221,OK,0.0000,6.7377,4.0000,96.0000,AG03-UNRESOLVED,ALL5_LEVELS_bet23_to_bet27,6.7377,6.7377,6.7377,10.1066,10.1066,4.000000,4.000000,4.000000,6.000000,6.000000,96.000000,96.000000,96.000000,94.000000,94.000000,5.0,40.4264,36.7623,128.0171,131.6812,PENDING_AG03,FALSE,NOT_FOR_ENFORCEMENT,161.7058,1529.3728,168.4435,161.7058,6.7377,0.09425935,0.09048897,6.7377,161.7058,0.09048897,6.7377,6.7377,6.7377,10.1066,10.1066,161.7058,0.09048897,40.4264,36.7623,128.0171,131.6812,0.07163710,0.0736875,0.00377037,18.2349,16.2561,1.7188,6.7377,4.3191,71.4809,3.9200,36.8966,17.4408,4.4113,8.2047,21.0824,51.9048,77.5831,108.3339,7.8932,0.0,9.455906,13.203847,2.222491,9,32,23,2,0.08258784,0.09425935,0.85687196,0E-8,0.000000,0.891481,0.010204,-0.83126499,2026-03-22,2026-08-06,25,39,38,138,0.181159,2.115531,2.023402,0.275293,,,,,,,,GLOBAL_BASELINE_NO_ENTITY_RANKING,,,NOT_APPLICABLE_GLOBAL_BASELINE,HF9g-P5,,,,X 全窗基线 · 不参与实体赏罚,6874775,688,A168_HF9F_20260827_0900,2026-08-27 09:00:00
2026-05-23,145691532,2154,0,10.5030984140,2.1006196828,2.1006196828,0.5000000,2,2,0.49994810000000000,0.499948100000,0.00014679536856514622,0.00014679536856514622,0.00014679536856514622,0E-17,ELIGIBLE,R03b_20260811_FULL_v1,L1_ELIGIBILITY,v2026-08-11,2026-03-21..2026-08-06,baccarat_bet02_101_all_pairs_incl_sentinel,round_win = game_pnl > 0 (decisive only),COMPATIBILITY_ONLY_NOT_PRODUCTION,1787.0221,1593.0967,168.4435,98,98,-0.09425935,-0.85687196,-0.02560697,-0.09425935,-168.4435,1787.0221,OK,0.0000,6.7377,4.0000,96.0000,AG03-UNRESOLVED,ALL5_LEVELS_bet23_to_bet27,6.7377,6.7377,6.7377,10.1066,10.1066,4.000000,4.000000,4.000000,6.000000,6.000000,96.000000,96.000000,96.000000,94.000000,94.000000,5.0,40.4264,36.7623,128.0171,131.6812,PENDING_AG03,FALSE,NOT_FOR_ENFORCEMENT,161.7058,1529.3728,168.4435,161.7058,6.7377,0.09425935,0.09048897,6.7377,161.7058,0.09048897,6.7377,6.7377,6.7377,10.1066,10.1066,161.7058,0.09048897,40.4264,36.7623,128.0171,131.6812,0.07163710,0.0736875,0.00377037,18.2349,16.2561,1.7188,6.7377,4.3191,71.4809,3.9200,36.8966,17.4408,4.4113,8.2047,21.0824,51.9048,77.5831,108.3339,7.8932,0.0,9.455906,13.203847,2.222491,9,32,23,2,0.08258784,0.09425935,0.85687196,0E-8,0.000000,0.891481,0.010204,-0.83126499,2026-03-22,2026-08-06,25,39,38,138,0.181159,2.115531,2.023402,0.275293,,,,,,,,GLOBAL_BASELINE_NO_ENTITY_RANKING,,,NOT_APPLICABLE_GLOBAL_BASELINE,HF9g-P5,,,,X 全窗基线 · 不参与实体赏罚,6874776,688,A168_HF9F_20260827_0900,2026-08-27 09:00:00
2026-05-23,145691532,2252,0,23.5269404474,14.1686797605,14.1686797605,0.8000000,7,7,0.49707555714285714,0.497075557143,1.354742465254691,1.3547424652540503,1.354742465254691,-1.4286E-13,ELIGIBLE,R03b_20260811_FULL_v1,L1_ELIGIBILITY,v2026-08-11,2026-03-21..2026-08-06,baccarat_bet02_101_all_pairs_incl_sentinel,round_win = game_pnl > 0 (decisive only),COMPATIBILITY_ONLY_NOT_PRODUCTION,1787.0221,1593.0967,168.4435,98,98,-0.09425935,-0.85687196,-0.02560697,-0.09425935,-168.4435,1787.0221,OK,0.0000,6.7377,4.0000,96.0000,AG03-UNRESOLVED,ALL5_LEVELS_bet23_to_bet27,6.7377,6.7377,6.7377,10.1066,10.1066,4.000000,4.000000,4.000000,6.000000,6.000000,96.000000,96.000000,96.000000,94.000000,94.000000,5.0,40.4264,36.7623,128.0171,131.6812,PENDING_AG03,FALSE,NOT_FOR_ENFORCEMENT,161.7058,1529.3728,168.4435,161.7058,6.7377,0.09425935,0.09048897,6.7377,161.7058,0.09048897,6.7377,6.7377,6.7377,10.1066,10.1066,161.7058,0.09048897,40.4264,36.7623,128.0171,131.6812,0.07163710,0.0736875,0.00377037,18.2349,16.2561,1.7188,6.7377,4.3191,71.4809,3.9200,36.8966,17.4408,4.4113,8.2047,21.0824,51.9048,77.5831,108.3339,7.8932,0.0,9.455906,13.203847,2.222491,9,32,23,2,0.08258784,0.09425935,0.85687196,0E-8,0.000000,0.891481,0.010204,-0.83126499,2026-03-22,2026-08-06,25,39,38,138,0.181159,2.115531,2.023402,0.275293,,,,,,,,GLOBAL_BASELINE_NO_ENTITY_RANKING,,,NOT_APPLICABLE_GLOBAL_BASELINE,HF9g-P5,,,,X 全窗基线 · 不参与实体赏罚,6874777,688,A168_HF9F_20260827_0900,2026-08-27 09:00:00
2026-05-23,145691532,994,0,4.2012393656,4.2012393656,4.2012393656,1.0000000,1,1,0.49324550000000000,0.493245500000,1.01360149184955,1.01360149184955,1.01360149184955,0E-17,ELIGIBLE,R03b_20260811_FULL_v1,L1_ELIGIBILITY,v2026-08-11,2026-03-21..2026-08-06,baccarat_bet02_101_all_pairs_incl_sentinel,round_win = game_pnl > 0 (decisive only),COMPATIBILITY_ONLY_NOT_PRODUCTION,1787.0221,1593.0967,168.4435,98,98,-0.09425935,-0.85687196,-0.02560697,-0.09425935,-168.4435,1787.0221,OK,0.0000,6.7377,4.0000,96.0000,AG03-UNRESOLVED,ALL5_LEVELS_bet23_to_bet27,6.7377,6.7377,6.7377,10.1066,10.1066,4.000000,4.000000,4.000000,6.000000,6.000000,96.000000,96.000000,96.000000,94.000000,94.000000,5.0,40.4264,36.7623,128.0171,131.6812,PENDING_AG03,FALSE,NOT_FOR_ENFORCEMENT,161.7058,1529.3728,168.4435,161.7058,6.7377,0.09425935,0.09048897,6.7377,161.7058,0.09048897,6.7377,6.7377,6.7377,10.1066,10.1066,161.7058,0.09048897,40.4264,36.7623,128.0171,131.6812,0.07163710,0.0736875,0.00377037,18.2349,16.2561,1.7188,6.7377,4.3191,71.4809,3.9200,36.8966,17.4408,4.4113,8.2047,21.0824,51.9048,77.5831,108.3339,7.8932,0.0,9.455906,13.203847,2.222491,9,32,23,2,0.08258784,0.09425935,0.85687196,0E-8,0.000000,0.891481,0.010204,-0.83126499,2026-03-22,2026-08-06,25,39,38,138,0.181159,2.115531,2.023402,0.275293,,,,,,,,GLOBAL_BASELINE_NO_ENTITY_RANKING,,,NOT_APPLICABLE_GLOBAL_BASELINE,HF9g-P5,,,,X 全窗基线 · 不参与实体赏罚,6874778,688,A168_HF9F_20260827_0900,2026-08-27 09:00:00
2026-06-01,145691532,1396,0,12.2551565129,-4.1542903433,-4.1542903433,0.5000000,2,2,0.49994810000000000,0.499948100000,0.00014679536856514622,0.00014679536856514622,0.00014679536856514622,0E-17,ELIGIBLE,R03b_20260811_FULL_v1,L1_ELIGIBILITY,v2026-08-11,2026-03-21..2026-08-06,baccarat_bet02_101_all_pairs_incl_sentinel,round_win = game_pnl > 0 (decisive only),COMPATIBILITY_ONLY_NOT_PRODUCTION,1787.0221,1593.0967,168.4435,98,98,-0.09425935,-0.85687196,-0.02560697,-0.09425935,-168.4435,1787.0221,OK,0.0000,6.7377,4.0000,96.0000,AG03-UNRESOLVED,ALL5_LEVELS_bet23_to_bet27,6.7377,6.7377,6.7377,10.1066,10.1066,4.000000,4.000000,4.000000,6.000000,6.000000,96.000000,96.000000,96.000000,94.000000,94.000000,5.0,40.4264,36.7623,128.0171,131.6812,PENDING_AG03,FALSE,NOT_FOR_ENFORCEMENT,161.7058,1529.3728,168.4435,161.7058,6.7377,0.09425935,0.09048897,6.7377,161.7058,0.09048897,6.7377,6.7377,6.7377,10.1066,10.1066,161.7058,0.09048897,40.4264,36.7623,128.0171,131.6812,0.07163710,0.0736875,0.00377037,18.2349,16.2561,1.7188,6.7377,4.3191,71.4809,3.9200,36.8966,17.4408,4.4113,8.2047,21.0824,51.9048,77.5831,108.3339,7.8932,0.0,9.455906,13.203847,2.222491,9,32,23,2,0.08258784,0.09425935,0.85687196,0E-8,0.000000,0.891481,0.010204,-0.83126499,2026-03-22,2026-08-06,25,39,38,138,0.181159,2.115531,2.023402,0.275293,,,,,,,,GLOBAL_BASELINE_NO_ENTITY_RANKING,,,NOT_APPLICABLE_GLOBAL_BASELINE,HF9g-P5,,,,X 全窗基线 · 不参与实体赏罚,6874779,688,A168_HF9F_20260827_0900,2026-08-27 09:00:00
2026-06-02,145691532,1384,0,35.1037534013,-35.1037534013,-35.1037534013,0E-7,1,1,0.49324550000000000,0.493245500000,-0.9865810262130424,-0.9865810262130424,-0.9865810262130424,0E-17,ELIGIBLE,R03b_20260811_FULL_v1,L1_ELIGIBILITY,v2026-08-11,2026-03-21..2026-08-06,baccarat_bet02_101_all_pairs_incl_sentinel,round_win = game_pnl > 0 (decisive only),COMPATIBILITY_ONLY_NOT_PRODUCTION,1787.0221,1593.0967,168.4435,98,98,-0.09425935,-0.85687196,-0.02560697,-0.09425935,-168.4435,1787.0221,OK,0.0000,6.7377,4.0000,96.0000,AG03-UNRESOLVED,ALL5_LEVELS_bet23_to_bet27,6.7377,6.7377,6.7377,10.1066,10.1066,4.000000,4.000000,4.000000,6.000000,6.000000,96.000000,96.000000,96.000000,94.000000,94.000000,5.0,40.4264,36.7623,128.0171,131.6812,PENDING_AG03,FALSE,NOT_FOR_ENFORCEMENT,161.7058,1529.3728,168.4435,161.7058,6.7377,0.09425935,0.09048897,6.7377,161.7058,0.09048897,6.7377,6.7377,6.7377,10.1066,10.1066,161.7058,0.09048897,40.4264,36.7623,128.0171,131.6812,0.07163710,0.0736875,0.00377037,18.2349,16.2561,1.7188,6.7377,4.3191,71.4809,3.9200,36.8966,17.4408,4.4113,8.2047,21.0824,51.9048,77.5831,108.3339,7.8932,0.0,9.455906,13.203847,2.222491,9,32,23,2,0.08258784,0.09425935,0.85687196,0E-8,0.000000,0.891481,0.010204,-0.83126499,2026-03-22,2026-08-06,25,39,38,138,0.181159,2.115531,2.023402,0.275293,,,,,,,,GLOBAL_BASELINE_NO_ENTITY_RANKING,,,NOT_APPLICABLE_GLOBAL_BASELINE,HF9g-P5,,,,X 全窗基线 · 不参与实体赏罚,6874780,688,A168_HF9F_20260827_0900,2026-08-27 09:00:00
2026-06-02,145691532,2088,0,20.7714517168,-20.7714517168,-20.7714517168,0E-7,1,1,0.49324550000000000,0.493245500000,-0.9865810262130424,-0.9865810262130424,-0.9865810262130424,0E-17,ELIGIBLE,R03b_20260811_FULL_v1,L1_ELIGIBILITY,v2026-08-11,2026-03-21..2026-08-06,baccarat_bet02_101_all_pairs_incl_sentinel,round_win = game_pnl > 0 (decisive only),COMPATIBILITY_ONLY_NOT_PRODUCTION,1787.0221,1593.0967,168.4435,98,98,-0.09425935,-0.85687196,-0.02560697,-0.09425935,-168.4435,1787.0221,OK,0.0000,6.7377,4.0000,96.0000,AG03-UNRESOLVED,ALL5_LEVELS_bet23_to_bet27,6.7377,6.7377,6.7377,10.1066,10.1066,4.000000,4.000000,4.000000,6.000000,6.000000,96.000000,96.000000,96.000000,94.000000,94.000000,5.0,40.4264,36.7623,128.0171,131.6812,PENDING_AG03,FALSE,NOT_FOR_ENFORCEMENT,161.7058,1529.3728,168.4435,161.7058,6.7377,0.09425935,0.09048897,6.7377,161.7058,0.09048897,6.7377,6.7377,6.7377,10.1066,10.1066,161.7058,0.09048897,40.4264,36.7623,128.0171,131.6812,0.07163710,0.0736875,0.00377037,18.2349,16.2561,1.7188,6.7377,4.3191,71.4809,3.9200,36.8966,17.4408,4.4113,8.2047,21.0824,51.9048,77.5831,108.3339,7.8932,0.0,9.455906,13.203847,2.222491,9,32,23,2,0.08258784,0.09425935,0.85687196,0E-8,0.000000,0.891481,0.010204,-0.83126499,2026-03-22,2026-08-06,25,39,38,138,0.181159,2.115531,2.023402,0.275293,,,,,,,,GLOBAL_BASELINE_NO_ENTITY_RANKING,,,NOT_APPLICABLE_GLOBAL_BASELINE,HF9g-P5,,,,X 全窗基线 · 不参与实体赏罚,6874781,688,A168_HF9F_20260827_0900,2026-08-27 09:00:00
2026-06-03,145691532,2093,0,6.6468645494,-6.6468645494,-6.6468645494,0E-7,1,1,0.50665070000000000,0.506650700000,-1.013391052207602,-1.013391052207602,-1.013391052207602,0E-17,ELIGIBLE,R03b_20260811_FULL_v1,L1_ELIGIBILITY,v2026-08-11,2026-03-21..2026-08-06,baccarat_bet02_101_all_pairs_incl_sentinel,round_win = game_pnl > 0 (decisive only),COMPATIBILITY_ONLY_NOT_PRODUCTION,1787.0221,1593.0967,168.4435,98,98,-0.09425935,-0.85687196,-0.02560697,-0.09425935,-168.4435,1787.0221,OK,0.0000,6.7377,4.0000,96.0000,AG03-UNRESOLVED,ALL5_LEVELS_bet23_to_bet27,6.7377,6.7377,6.7377,10.1066,10.1066,4.000000,4.000000,4.000000,6.000000,6.000000,96.000000,96.000000,96.000000,94.000000,94.000000,5.0,40.4264,36.7623,128.0171,131.6812,PENDING_AG03,FALSE,NOT_FOR_ENFORCEMENT,161.7058,1529.3728,168.4435,161.7058,6.7377,0.09425935,0.09048897,6.7377,161.7058,0.09048897,6.7377,6.7377,6.7377,10.1066,10.1066,161.7058,0.09048897,40.4264,36.7623,128.0171,131.6812,0.07163710,0.0736875,0.00377037,18.2349,16.2561,1.7188,6.7377,4.3191,71.4809,3.9200,36.8966,17.4408,4.4113,8.2047,21.0824,51.9048,77.5831,108.3339,7.8932,0.0,9.455906,13.203847,2.222491,9,32,23,2,0.08258784,0.09425935,0.85687196,0E-8,0.000000,0.891481,0.010204,-0.83126499,2026-03-22,2026-08-06,25,39,38,138,0.181159,2.115531,2.023402,0.275293,,,,,,,,GLOBAL_BASELINE_NO_ENTITY_RANKING,,,NOT_APPLICABLE_GLOBAL_BASELINE,HF9g-P5,,,,X 全窗基线 · 不参与实体赏罚,6874782,688,A168_HF9F_20260827_0900,2026-08-27 09:00:00
2026-06-05,145691532,2145,0,45.9049082941,30.1186049893,30.1186049893,0.6666667,3,3,0.49324550000000000,0.493245500000,0.6008033672792107,0.6008033672792106,0.6008033672792107,0E-17,ELIGIBLE,R03b_20260811_FULL_v1,L1_ELIGIBILITY,v2026-08-11,2026-03-21..2026-08-06,baccarat_bet02_101_all_pairs_incl_sentinel,round_win = game_pnl > 0 (decisive only),COMPATIBILITY_ONLY_NOT_PRODUCTION,1787.0221,1593.0967,168.4435,98,98,-0.09425935,-0.85687196,-0.02560697,-0.09425935,-168.4435,1787.0221,OK,0.0000,6.7377,4.0000,96.0000,AG03-UNRESOLVED,ALL5_LEVELS_bet23_to_bet27,6.7377,6.7377,6.7377,10.1066,10.1066,4.000000,4.000000,4.000000,6.000000,6.000000,96.000000,96.000000,96.000000,94.000000,94.000000,5.0,40.4264,36.7623,128.0171,131.6812,PENDING_AG03,FALSE,NOT_FOR_ENFORCEMENT,161.7058,1529.3728,168.4435,161.7058,6.7377,0.09425935,0.09048897,6.7377,161.7058,0.09048897,6.7377,6.7377,6.7377,10.1066,10.1066,161.7058,0.09048897,40.4264,36.7623,128.0171,131.6812,0.07163710,0.0736875,0.00377037,18.2349,16.2561,1.7188,6.7377,4.3191,71.4809,3.9200,36.8966,17.4408,4.4113,8.2047,21.0824,51.9048,77.5831,108.3339,7.8932,0.0,9.455906,13.203847,2.222491,9,32,23,2,0.08258784,0.09425935,0.85687196,0E-8,0.000000,0.891481,0.010204,-0.83126499,2026-03-22,2026-08-06,25,39,38,138,0.181159,2.115531,2.023402,0.275293,,,,,,,,GLOBAL_BASELINE_NO_ENTITY_RANKING,,,NOT_APPLICABLE_GLOBAL_BASELINE,HF9g-P5,,,,X 全窗基线 · 不参与实体赏罚,6874783,688,A168_HF9F_20260827_0900,2026-08-27 09:00:00
2026-06-05,145691532,801,0,200.8599381011,130.0604449246,130.0604449246,0.6666667,3,3,0.50665070000000000,0.506650700000,0.5543606114942035,0.5543606114942035,0.5543606114942035,0E-17,ELIGIBLE,R03b_20260811_FULL_v1,L1_ELIGIBILITY,v2026-08-11,2026-03-21..2026-08-06,baccarat_bet02_101_all_pairs_incl_sentinel,round_win = game_pnl > 0 (decisive only),COMPATIBILITY_ONLY_NOT_PRODUCTION,1787.0221,1593.0967,168.4435,98,98,-0.09425935,-0.85687196,-0.02560697,-0.09425935,-168.4435,1787.0221,OK,0.0000,6.7377,4.0000,96.0000,AG03-UNRESOLVED,ALL5_LEVELS_bet23_to_bet27,6.7377,6.7377,6.7377,10.1066,10.1066,4.000000,4.000000,4.000000,6.000000,6.000000,96.000000,96.000000,96.000000,94.000000,94.000000,5.0,40.4264,36.7623,128.0171,131.6812,PENDING_AG03,FALSE,NOT_FOR_ENFORCEMENT,161.7058,1529.3728,168.4435,161.7058,6.7377,0.09425935,0.09048897,6.7377,161.7058,0.09048897,6.7377,6.7377,6.7377,10.1066,10.1066,161.7058,0.09048897,40.4264,36.7623,128.0171,131.6812,0.07163710,0.0736875,0.00377037,18.2349,16.2561,1.7188,6.7377,4.3191,71.4809,3.9200,36.8966,17.4408,4.4113,8.2047,21.0824,51.9048,77.5831,108.3339,7.8932,0.0,9.455906,13.203847,2.222491,9,32,23,2,0.08258784,0.09425935,0.85687196,0E-8,0.000000,0.891481,0.010204,-0.83126499,2026-03-22,2026-08-06,25,39,38,138,0.181159,2.115531,2.023402,0.275293,,,,,,,,GLOBAL_BASELINE_NO_ENTITY_RANKING,,,NOT_APPLICABLE_GLOBAL_BASELINE,HF9g-P5,,,,X 全窗基线 · 不参与实体赏罚,6874784,688,A168_HF9F_20260827_0900,2026-08-27 09:00:00
2026-06-06,145691532,1400,0,4.1542903434,4.1542903434,4.1542903434,1.0000000,1,1,0.49324550000000000,0.493245500000,1.01360149184955,1.01360149184955,1.01360149184955,0E-17,ELIGIBLE,R03b_20260811_FULL_v1,L1_ELIGIBILITY,v2026-08-11,2026-03-21..2026-08-06,baccarat_bet02_101_all_pairs_incl_sentinel,round_win = game_pnl > 0 (decisive only),COMPATIBILITY_ONLY_NOT_PRODUCTION,1787.0221,1593.0967,168.4435,98,98,-0.09425935,-0.85687196,-0.02560697,-0.09425935,-168.4435,1787.0221,OK,0.0000,6.7377,4.0000,96.0000,AG03-UNRESOLVED,ALL5_LEVELS_bet23_to_bet27,6.7377,6.7377,6.7377,10.1066,10.1066,4.000000,4.000000,4.000000,6.000000,6.000000,96.000000,96.000000,96.000000,94.000000,94.000000,5.0,40.4264,36.7623,128.0171,131.6812,PENDING_AG03,FALSE,NOT_FOR_ENFORCEMENT,161.7058,1529.3728,168.4435,161.7058,6.7377,0.09425935,0.09048897,6.7377,161.7058,0.09048897,6.7377,6.7377,6.7377,10.1066,10.1066,161.7058,0.09048897,40.4264,36.7623,128.0171,131.6812,0.07163710,0.0736875,0.00377037,18.2349,16.2561,1.7188,6.7377,4.3191,71.4809,3.9200,36.8966,17.4408,4.4113,8.2047,21.0824,51.9048,77.5831,108.3339,7.8932,0.0,9.455906,13.203847,2.222491,9,32,23,2,0.08258784,0.09425935,0.85687196,0E-8,0.000000,0.891481,0.010204,-0.83126499,2026-03-22,2026-08-06,25,39,38,138,0.181159,2.115531,2.023402,0.275293,,,,,,,,GLOBAL_BASELINE_NO_ENTITY_RANKING,,,NOT_APPLICABLE_GLOBAL_BASELINE,HF9g-P5,,,,X 全窗基线 · 不参与实体赏罚,6874785,688,A168_HF9F_20260827_0900,2026-08-27 09:00:00
2026-06-06,145691532,2101,0,7.8931516524,7.4984940698,7.4984940698,1.0000000,1,1,0.50665070000000000,0.506650700000,0.9867858985152569,0.9867858985152569,0.9867858985152569,0E-17,ELIGIBLE,R03b_20260811_FULL_v1,L1_ELIGIBILITY,v2026-08-11,2026-03-21..2026-08-06,baccarat_bet02_101_all_pairs_incl_sentinel,round_win = game_pnl > 0 (decisive only),COMPATIBILITY_ONLY_NOT_PRODUCTION,1787.0221,1593.0967,168.4435,98,98,-0.09425935,-0.85687196,-0.02560697,-0.09425935,-168.4435,1787.0221,OK,0.0000,6.7377,4.0000,96.0000,AG03-UNRESOLVED,ALL5_LEVELS_bet23_to_bet27,6.7377,6.7377,6.7377,10.1066,10.1066,4.000000,4.000000,4.000000,6.000000,6.000000,96.000000,96.000000,96.000000,94.000000,94.000000,5.0,40.4264,36.7623,128.0171,131.6812,PENDING_AG03,FALSE,NOT_FOR_ENFORCEMENT,161.7058,1529.3728,168.4435,161.7058,6.7377,0.09425935,0.09048897,6.7377,161.7058,0.09048897,6.7377,6.7377,6.7377,10.1066,10.1066,161.7058,0.09048897,40.4264,36.7623,128.0171,131.6812,0.07163710,0.0736875,0.00377037,18.2349,16.2561,1.7188,6.7377,4.3191,71.4809,3.9200,36.8966,17.4408,4.4113,8.2047,21.0824,51.9048,77.5831,108.3339,7.8932,0.0,9.455906,13.203847,2.222491,9,32,23,2,0.08258784,0.09425935,0.85687196,0E-8,0.000000,0.891481,0.010204,-0.83126499,2026-03-22,2026-08-06,25,39,38,138,0.181159,2.115531,2.023402,0.275293,,,,,,,,GLOBAL_BASELINE_NO_ENTITY_RANKING,,,NOT_APPLICABLE_GLOBAL_BASELINE,HF9g-P5,,,,X 全窗基线 · 不参与实体赏罚,6874786,688,A168_HF9F_20260827_0900,2026-08-27 09:00:00
2026-06-06,145691532,2117,0,57.5369212554,13.4495149867,13.4495149867,0.6666667,7,7,0.50665070000000000,0.506650700000,0.7839842952205449,0.7839842952205449,0.7839842952205449,0E-17,ELIGIBLE,R03b_20260811_FULL_v1,L1_ELIGIBILITY,v2026-08-11,2026-03-21..2026-08-06,baccarat_bet02_101_all_pairs_incl_sentinel,round_win = game_pnl > 0 (decisive only),COMPATIBILITY_ONLY_NOT_PRODUCTION,1787.0221,1593.0967,168.4435,98,98,-0.09425935,-0.85687196,-0.02560697,-0.09425935,-168.4435,1787.0221,OK,0.0000,6.7377,4.0000,96.0000,AG03-UNRESOLVED,ALL5_LEVELS_bet23_to_bet27,6.7377,6.7377,6.7377,10.1066,10.1066,4.000000,4.000000,4.000000,6.000000,6.000000,96.000000,96.000000,96.000000,94.000000,94.000000,5.0,40.4264,36.7623,128.0171,131.6812,PENDING_AG03,FALSE,NOT_FOR_ENFORCEMENT,161.7058,1529.3728,168.4435,161.7058,6.7377,0.09425935,0.09048897,6.7377,161.7058,0.09048897,6.7377,6.7377,6.7377,10.1066,10.1066,161.7058,0.09048897,40.4264,36.7623,128.0171,131.6812,0.07163710,0.0736875,0.00377037,18.2349,16.2561,1.7188,6.7377,4.3191,71.4809,3.9200,36.8966,17.4408,4.4113,8.2047,21.0824,51.9048,77.5831,108.3339,7.8932,0.0,9.455906,13.203847,2.222491,9,32,23,2,0.08258784,0.09425935,0.85687196,0E-8,0.000000,0.891481,0.010204,-0.83126499,2026-03-22,2026-08-06,25,39,38,138,0.181159,2.115531,2.023402,0.275293,,,,,,,,GLOBAL_BASELINE_NO_ENTITY_RANKING,,,NOT_APPLICABLE_GLOBAL_BASELINE,HF9g-P5,,,,X 全窗基线 · 不参与实体赏罚,6874787,688,A168_HF9F_20260827_0900,2026-08-27 09:00:00
2026-06-06,145691532,2242,0,49.2283405688,-33.0266082297,-33.0266082297,0.3333333,3,3,0.50665070000000000,0.506650700000,-0.6004420894325239,-0.6004420894325239,-0.6004420894325239,0E-17,ELIGIBLE,R03b_20260811_FULL_v1,L1_ELIGIBILITY,v2026-08-11,2026-03-21..2026-08-06,baccarat_bet02_101_all_pairs_incl_sentinel,round_win = game_pnl > 0 (decisive only),COMPATIBILITY_ONLY_NOT_PRODUCTION,1787.0221,1593.0967,168.4435,98,98,-0.09425935,-0.85687196,-0.02560697,-0.09425935,-168.4435,1787.0221,OK,0.0000,6.7377,4.0000,96.0000,AG03-UNRESOLVED,ALL5_LEVELS_bet23_to_bet27,6.7377,6.7377,6.7377,10.1066,10.1066,4.000000,4.000000,4.000000,6.000000,6.000000,96.000000,96.000000,96.000000,94.000000,94.000000,5.0,40.4264,36.7623,128.0171,131.6812,PENDING_AG03,FALSE,NOT_FOR_ENFORCEMENT,161.7058,1529.3728,168.4435,161.7058,6.7377,0.09425935,0.09048897,6.7377,161.7058,0.09048897,6.7377,6.7377,6.7377,10.1066,10.1066,161.7058,0.09048897,40.4264,36.7623,128.0171,131.6812,0.07163710,0.0736875,0.00377037,18.2349,16.2561,1.7188,6.7377,4.3191,71.4809,3.9200,36.8966,17.4408,4.4113,8.2047,21.0824,51.9048,77.5831,108.3339,7.8932,0.0,9.455906,13.203847,2.222491,9,32,23,2,0.08258784,0.09425935,0.85687196,0E-8,0.000000,0.891481,0.010204,-0.83126499,2026-03-22,2026-08-06,25,39,38,138,0.181159,2.115531,2.023402,0.275293,,,,,,,,GLOBAL_BASELINE_NO_ENTITY_RANKING,,,NOT_APPLICABLE_GLOBAL_BASELINE,HF9g-P5,,,,X 全窗基线 · 不参与实体赏罚,6874788,688,A168_HF9F_20260827_0900,2026-08-27 09:00:00
2026-06-12,145691532,2235,0,5.6082919635,-5.6082919635,-5.6082919635,0E-7,1,1,0.49324550000000000,0.493245500000,-0.9865810262130424,-0.9865810262130424,-0.9865810262130424,0E-17,ELIGIBLE,R03b_20260811_FULL_v1,L1_ELIGIBILITY,v2026-08-11,2026-03-21..2026-08-06,baccarat_bet02_101_all_pairs_incl_sentinel,round_win = game_pnl > 0 (decisive only),COMPATIBILITY_ONLY_NOT_PRODUCTION,1787.0221,1593.0967,168.4435,98,98,-0.09425935,-0.85687196,-0.02560697,-0.09425935,-168.4435,1787.0221,OK,0.0000,6.7377,4.0000,96.0000,AG03-UNRESOLVED,ALL5_LEVELS_bet23_to_bet27,6.7377,6.7377,6.7377,10.1066,10.1066,4.000000,4.000000,4.000000,6.000000,6.000000,96.000000,96.000000,96.000000,94.000000,94.000000,5.0,40.4264,36.7623,128.0171,131.6812,PENDING_AG03,FALSE,NOT_FOR_ENFORCEMENT,161.7058,1529.3728,168.4435,161.7058,6.7377,0.09425935,0.09048897,6.7377,161.7058,0.09048897,6.7377,6.7377,6.7377,10.1066,10.1066,161.7058,0.09048897,40.4264,36.7623,128.0171,131.6812,0.07163710,0.0736875,0.00377037,18.2349,16.2561,1.7188,6.7377,4.3191,71.4809,3.9200,36.8966,17.4408,4.4113,8.2047,21.0824,51.9048,77.5831,108.3339,7.8932,0.0,9.455906,13.203847,2.222491,9,32,23,2,0.08258784,0.09425935,0.85687196,0E-8,0.000000,0.891481,0.010204,-0.83126499,2026-03-22,2026-08-06,25,39,38,138,0.181159,2.115531,2.023402,0.275293,,,,,,,,GLOBAL_BASELINE_NO_ENTITY_RANKING,,,NOT_APPLICABLE_GLOBAL_BASELINE,HF9g-P5,,,,X 全窗基线 · 不参与实体赏罚,6874789,688,A168_HF9F_20260827_0900,2026-08-27 09:00:00
2026-06-23,145691532,576,0,8.3085806867,-8.3085806867,-8.3085806867,0E-7,1,1,0.49324550000000000,0.493245500000,-0.9865810262130424,-0.9865810262130424,-0.9865810262130424,0E-17,ELIGIBLE,R03b_20260811_FULL_v1,L1_ELIGIBILITY,v2026-08-11,2026-03-21..2026-08-06,baccarat_bet02_101_all_pairs_incl_sentinel,round_win = game_pnl > 0 (decisive only),COMPATIBILITY_ONLY_NOT_PRODUCTION,1787.0221,1593.0967,168.4435,98,98,-0.09425935,-0.85687196,-0.02560697,-0.09425935,-168.4435,1787.0221,OK,0.0000,6.7377,4.0000,96.0000,AG03-UNRESOLVED,ALL5_LEVELS_bet23_to_bet27,6.7377,6.7377,6.7377,10.1066,10.1066,4.000000,4.000000,4.000000,6.000000,6.000000,96.000000,96.000000,96.000000,94.000000,94.000000,5.0,40.4264,36.7623,128.0171,131.6812,PENDING_AG03,FALSE,NOT_FOR_ENFORCEMENT,161.7058,1529.3728,168.4435,161.7058,6.7377,0.09425935,0.09048897,6.7377,161.7058,0.09048897,6.7377,6.7377,6.7377,10.1066,10.1066,161.7058,0.09048897,40.4264,36.7623,128.0171,131.6812,0.07163710,0.0736875,0.00377037,18.2349,16.2561,1.7188,6.7377,4.3191,71.4809,3.9200,36.8966,17.4408,4.4113,8.2047,21.0824,51.9048,77.5831,108.3339,7.8932,0.0,9.455906,13.203847,2.222491,9,32,23,2,0.08258784,0.09425935,0.85687196,0E-8,0.000000,0.891481,0.010204,-0.83126499,2026-03-22,2026-08-06,25,39,38,138,0.181159,2.115531,2.023402,0.275293,,,,,,,,GLOBAL_BASELINE_NO_ENTITY_RANKING,,,NOT_APPLICABLE_GLOBAL_BASELINE,HF9g-P5,,,,X 全窗基线 · 不参与实体赏罚,6874790,688,A168_HF9F_20260827_0900,2026-08-27 09:00:00
2026-06-23,145691532,986,0,4.1542903434,4.1542903434,4.1542903434,1.0000000,1,1,0.49324550000000000,0.493245500000,1.01360149184955,1.01360149184955,1.01360149184955,0E-17,ELIGIBLE,R03b_20260811_FULL_v1,L1_ELIGIBILITY,v2026-08-11,2026-03-21..2026-08-06,baccarat_bet02_101_all_pairs_incl_sentinel,round_win = game_pnl > 0 (decisive only),COMPATIBILITY_ONLY_NOT_PRODUCTION,1787.0221,1593.0967,168.4435,98,98,-0.09425935,-0.85687196,-0.02560697,-0.09425935,-168.4435,1787.0221,OK,0.0000,6.7377,4.0000,96.0000,AG03-UNRESOLVED,ALL5_LEVELS_bet23_to_bet27,6.7377,6.7377,6.7377,10.1066,10.1066,4.000000,4.000000,4.000000,6.000000,6.000000,96.000000,96.000000,96.000000,94.000000,94.000000,5.0,40.4264,36.7623,128.0171,131.6812,PENDING_AG03,FALSE,NOT_FOR_ENFORCEMENT,161.7058,1529.3728,168.4435,161.7058,6.7377,0.09425935,0.09048897,6.7377,161.7058,0.09048897,6.7377,6.7377,6.7377,10.1066,10.1066,161.7058,0.09048897,40.4264,36.7623,128.0171,131.6812,0.07163710,0.0736875,0.00377037,18.2349,16.2561,1.7188,6.7377,4.3191,71.4809,3.9200,36.8966,17.4408,4.4113,8.2047,21.0824,51.9048,77.5831,108.3339,7.8932,0.0,9.455906,13.203847,2.222491,9,32,23,2,0.08258784,0.09425935,0.85687196,0E-8,0.000000,0.891481,0.010204,-0.83126499,2026-03-22,2026-08-06,25,39,38,138,0.181159,2.115531,2.023402,0.275293,,,,,,,,GLOBAL_BASELINE_NO_ENTITY_RANKING,,,NOT_APPLICABLE_GLOBAL_BASELINE,HF9g-P5,,,,X 全窗基线 · 不参与实体赏罚,6874791,688,A168_HF9F_20260827_0900,2026-08-27 09:00:00
2026-06-26,145691532,2117,0,6.8545790665,-6.8545790665,-6.8545790665,0E-7,1,1,0.50665070000000000,0.506650700000,-1.013391052207602,-1.013391052207602,-1.013391052207602,0E-17,ELIGIBLE,R03b_20260811_FULL_v1,L1_ELIGIBILITY,v2026-08-11,2026-03-21..2026-08-06,baccarat_bet02_101_all_pairs_incl_sentinel,round_win = game_pnl > 0 (decisive only),COMPATIBILITY_ONLY_NOT_PRODUCTION,1787.0221,1593.0967,168.4435,98,98,-0.09425935,-0.85687196,-0.02560697,-0.09425935,-168.4435,1787.0221,OK,0.0000,6.7377,4.0000,96.0000,AG03-UNRESOLVED,ALL5_LEVELS_bet23_to_bet27,6.7377,6.7377,6.7377,10.1066,10.1066,4.000000,4.000000,4.000000,6.000000,6.000000,96.000000,96.000000,96.000000,94.000000,94.000000,5.0,40.4264,36.7623,128.0171,131.6812,PENDING_AG03,FALSE,NOT_FOR_ENFORCEMENT,161.7058,1529.3728,168.4435,161.7058,6.7377,0.09425935,0.09048897,6.7377,161.7058,0.09048897,6.7377,6.7377,6.7377,10.1066,10.1066,161.7058,0.09048897,40.4264,36.7623,128.0171,131.6812,0.07163710,0.0736875,0.00377037,18.2349,16.2561,1.7188,6.7377,4.3191,71.4809,3.9200,36.8966,17.4408,4.4113,8.2047,21.0824,51.9048,77.5831,108.3339,7.8932,0.0,9.455906,13.203847,2.222491,9,32,23,2,0.08258784,0.09425935,0.85687196,0E-8,0.000000,0.891481,0.010204,-0.83126499,2026-03-22,2026-08-06,25,39,38,138,0.181159,2.115531,2.023402,0.275293,,,,,,,,GLOBAL_BASELINE_NO_ENTITY_RANKING,,,NOT_APPLICABLE_GLOBAL_BASELINE,HF9g-P5,,,,X 全窗基线 · 不参与实体赏罚,6874792,688,A168_HF9F_20260827_0900,2026-08-27 09:00:00
2026-06-26,145691532,2169,0,14.5400162018,-0.3635004051,-0.3635004051,0.5000000,2,2,0.50665070000000000,0.506650700000,-0.018812684590367487,-0.018812684590367487,-0.018812684590367487,0E-17,ELIGIBLE,R03b_20260811_FULL_v1,L1_ELIGIBILITY,v2026-08-11,2026-03-21..2026-08-06,baccarat_bet02_101_all_pairs_incl_sentinel,round_win = game_pnl > 0 (decisive only),COMPATIBILITY_ONLY_NOT_PRODUCTION,1787.0221,1593.0967,168.4435,98,98,-0.09425935,-0.85687196,-0.02560697,-0.09425935,-168.4435,1787.0221,OK,0.0000,6.7377,4.0000,96.0000,AG03-UNRESOLVED,ALL5_LEVELS_bet23_to_bet27,6.7377,6.7377,6.7377,10.1066,10.1066,4.000000,4.000000,4.000000,6.000000,6.000000,96.000000,96.000000,96.000000,94.000000,94.000000,5.0,40.4264,36.7623,128.0171,131.6812,PENDING_AG03,FALSE,NOT_FOR_ENFORCEMENT,161.7058,1529.3728,168.4435,161.7058,6.7377,0.09425935,0.09048897,6.7377,161.7058,0.09048897,6.7377,6.7377,6.7377,10.1066,10.1066,161.7058,0.09048897,40.4264,36.7623,128.0171,131.6812,0.07163710,0.0736875,0.00377037,18.2349,16.2561,1.7188,6.7377,4.3191,71.4809,3.9200,36.8966,17.4408,4.4113,8.2047,21.0824,51.9048,77.5831,108.3339,7.8932,0.0,9.455906,13.203847,2.222491,9,32,23,2,0.08258784,0.09425935,0.85687196,0E-8,0.000000,0.891481,0.010204,-0.83126499,2026-03-22,2026-08-06,25,39,38,138,0.181159,2.115531,2.023402,0.275293,,,,,,,,GLOBAL_BASELINE_NO_ENTITY_RANKING,,,NOT_APPLICABLE_GLOBAL_BASELINE,HF9g-P5,,,,X 全窗基线 · 不参与实体赏罚,6874793,688,A168_HF9F_20260827_0900,2026-08-27 09:00:00
2026-07-10,145691532,1401,0,11.8546376160,-11.8546376160,-11.8546376160,0E-7,1,1,0.50665070000000000,0.506650700000,-1.013391052207602,-1.013391052207602,-1.013391052207602,0E-17,ELIGIBLE,R03b_20260811_FULL_v1,L1_ELIGIBILITY,v2026-08-11,2026-03-21..2026-08-06,baccarat_bet02_101_all_pairs_incl_sentinel,round_win = game_pnl > 0 (decisive only),COMPATIBILITY_ONLY_NOT_PRODUCTION,1787.0221,1593.0967,168.4435,98,98,-0.09425935,-0.85687196,-0.02560697,-0.09425935,-168.4435,1787.0221,OK,0.0000,6.7377,4.0000,96.0000,AG03-UNRESOLVED,ALL5_LEVELS_bet23_to_bet27,6.7377,6.7377,6.7377,10.1066,10.1066,4.000000,4.000000,4.000000,6.000000,6.000000,96.000000,96.000000,96.000000,94.000000,94.000000,5.0,40.4264,36.7623,128.0171,131.6812,PENDING_AG03,FALSE,NOT_FOR_ENFORCEMENT,161.7058,1529.3728,168.4435,161.7058,6.7377,0.09425935,0.09048897,6.7377,161.7058,0.09048897,6.7377,6.7377,6.7377,10.1066,10.1066,161.7058,0.09048897,40.4264,36.7623,128.0171,131.6812,0.07163710,0.0736875,0.00377037,18.2349,16.2561,1.7188,6.7377,4.3191,71.4809,3.9200,36.8966,17.4408,4.4113,8.2047,21.0824,51.9048,77.5831,108.3339,7.8932,0.0,9.455906,13.203847,2.222491,9,32,23,2,0.08258784,0.09425935,0.85687196,0E-8,0.000000,0.891481,0.010204,-0.83126499,2026-03-22,2026-08-06,25,39,38,138,0.181159,2.115531,2.023402,0.275293,,,,,,,,GLOBAL_BASELINE_NO_ENTITY_RANKING,,,NOT_APPLICABLE_GLOBAL_BASELINE,HF9g-P5,,,,X 全窗基线 · 不参与实体赏罚,6874794,688,A168_HF9F_20260827_0900,2026-08-27 09:00:00
2026-07-29,145691532,1396,0,21.0522012836,-21.0522012836,-21.0522012836,0E-7,1,1,0.49324550000000000,0.493245500000,-0.9865810262130424,-0.9865810262130424,-0.9865810262130424,0E-17,ELIGIBLE,R03b_20260811_FULL_v1,L1_ELIGIBILITY,v2026-08-11,2026-03-21..2026-08-06,baccarat_bet02_101_all_pairs_incl_sentinel,round_win = game_pnl > 0 (decisive only),COMPATIBILITY_ONLY_NOT_PRODUCTION,1787.0221,1593.0967,168.4435,98,98,-0.09425935,-0.85687196,-0.02560697,-0.09425935,-168.4435,1787.0221,OK,0.0000,6.7377,4.0000,96.0000,AG03-UNRESOLVED,ALL5_LEVELS_bet23_to_bet27,6.7377,6.7377,6.7377,10.1066,10.1066,4.000000,4.000000,4.000000,6.000000,6.000000,96.000000,96.000000,96.000000,94.000000,94.000000,5.0,40.4264,36.7623,128.0171,131.6812,PENDING_AG03,FALSE,NOT_FOR_ENFORCEMENT,161.7058,1529.3728,168.4435,161.7058,6.7377,0.09425935,0.09048897,6.7377,161.7058,0.09048897,6.7377,6.7377,6.7377,10.1066,10.1066,161.7058,0.09048897,40.4264,36.7623,128.0171,131.6812,0.07163710,0.0736875,0.00377037,18.2349,16.2561,1.7188,6.7377,4.3191,71.4809,3.9200,36.8966,17.4408,4.4113,8.2047,21.0824,51.9048,77.5831,108.3339,7.8932,0.0,9.455906,13.203847,2.222491,9,32,23,2,0.08258784,0.09425935,0.85687196,0E-8,0.000000,0.891481,0.010204,-0.83126499,2026-03-22,2026-08-06,25,39,38,138,0.181159,2.115531,2.023402,0.275293,,,,,,,,GLOBAL_BASELINE_NO_ENTITY_RANKING,,,NOT_APPLICABLE_GLOBAL_BASELINE,HF9g-P5,,,,X 全窗基线 · 不参与实体赏罚,6874795,688,A168_HF9F_20260827_0900,2026-08-27 09:00:00
2026-07-29,145691532,986,0,10.8326860974,10.2910517925,10.2910517925,1.0000000,1,1,0.50665070000000000,0.506650700000,0.9867858985152569,0.9867858985152569,0.9867858985152569,0E-17,ELIGIBLE,R03b_20260811_FULL_v1,L1_ELIGIBILITY,v2026-08-11,2026-03-21..2026-08-06,baccarat_bet02_101_all_pairs_incl_sentinel,round_win = game_pnl > 0 (decisive only),COMPATIBILITY_ONLY_NOT_PRODUCTION,1787.0221,1593.0967,168.4435,98,98,-0.09425935,-0.85687196,-0.02560697,-0.09425935,-168.4435,1787.0221,OK,0.0000,6.7377,4.0000,96.0000,AG03-UNRESOLVED,ALL5_LEVELS_bet23_to_bet27,6.7377,6.7377,6.7377,10.1066,10.1066,4.000000,4.000000,4.000000,6.000000,6.000000,96.000000,96.000000,96.000000,94.000000,94.000000,5.0,40.4264,36.7623,128.0171,131.6812,PENDING_AG03,FALSE,NOT_FOR_ENFORCEMENT,161.7058,1529.3728,168.4435,161.7058,6.7377,0.09425935,0.09048897,6.7377,161.7058,0.09048897,6.7377,6.7377,6.7377,10.1066,10.1066,161.7058,0.09048897,40.4264,36.7623,128.0171,131.6812,0.07163710,0.0736875,0.00377037,18.2349,16.2561,1.7188,6.7377,4.3191,71.4809,3.9200,36.8966,17.4408,4.4113,8.2047,21.0824,51.9048,77.5831,108.3339,7.8932,0.0,9.455906,13.203847,2.222491,9,32,23,2,0.08258784,0.09425935,0.85687196,0E-8,0.000000,0.891481,0.010204,-0.83126499,2026-03-22,2026-08-06,25,39,38,138,0.181159,2.115531,2.023402,0.275293,,,,,,,,GLOBAL_BASELINE_NO_ENTITY_RANKING,,,NOT_APPLICABLE_GLOBAL_BASELINE,HF9g-P5,,,,X 全窗基线 · 不参与实体赏罚,6874796,688,A168_HF9F_20260827_0900,2026-08-27 09:00:00
2026-08-06,145691532,1396,0,103.8467754970,-103.8467754970,-103.8467754970,0E-7,1,1,0.50665070000000000,0.506650700000,-1.013391052207602,-1.013391052207602,-1.013391052207602,0E-17,ELIGIBLE,R03b_20260811_FULL_v1,L1_ELIGIBILITY,v2026-08-11,2026-03-21..2026-08-06,baccarat_bet02_101_all_pairs_incl_sentinel,round_win = game_pnl > 0 (decisive only),COMPATIBILITY_ONLY_NOT_PRODUCTION,1787.0221,1593.0967,168.4435,98,98,-0.09425935,-0.85687196,-0.02560697,-0.09425935,-168.4435,1787.0221,OK,0.0000,6.7377,4.0000,96.0000,AG03-UNRESOLVED,ALL5_LEVELS_bet23_to_bet27,6.7377,6.7377,6.7377,10.1066,10.1066,4.000000,4.000000,4.000000,6.000000,6.000000,96.000000,96.000000,96.000000,94.000000,94.000000,5.0,40.4264,36.7623,128.0171,131.6812,PENDING_AG03,FALSE,NOT_FOR_ENFORCEMENT,161.7058,1529.3728,168.4435,161.7058,6.7377,0.09425935,0.09048897,6.7377,161.7058,0.09048897,6.7377,6.7377,6.7377,10.1066,10.1066,161.7058,0.09048897,40.4264,36.7623,128.0171,131.6812,0.07163710,0.0736875,0.00377037,18.2349,16.2561,1.7188,6.7377,4.3191,71.4809,3.9200,36.8966,17.4408,4.4113,8.2047,21.0824,51.9048,77.5831,108.3339,7.8932,0.0,9.455906,13.203847,2.222491,9,32,23,2,0.08258784,0.09425935,0.85687196,0E-8,0.000000,0.891481,0.010204,-0.83126499,2026-03-22,2026-08-06,25,39,38,138,0.181159,2.115531,2.023402,0.275293,,,,,,,,GLOBAL_BASELINE_NO_ENTITY_RANKING,,,NOT_APPLICABLE_GLOBAL_BASELINE,HF9g-P5,,,,X 全窗基线 · 不参与实体赏罚,6874797,688,A168_HF9F_20260827_0900,2026-08-27 09:00:00
2026-04-16,148762156,1710,0,366.8332173803,-126.3360951237,-126.3360951237,0.2857143,7,7,0.50282064285714286,0.502820642857,-1.1488371386043665,-1.1488371386036085,-1.1488371386043665,1.4286E-13,ELIGIBLE,R03b_20260811_FULL_v1,L1_ELIGIBILITY,v2026-08-11,2026-03-21..2026-08-06,baccarat_bet02_101_all_pairs_incl_sentinel,round_win = game_pnl > 0 (decisive only),COMPATIBILITY_ONLY_NOT_PRODUCTION,4101.7857,3817.1737,168.4481,146,87,-0.04106702,,-0.04106702,-0.04106702,-168.4481,4101.7857,OK,0.0000,6.7379,4.0000,96.0000,AG03-UNRESOLVED,ALL5_LEVELS_bet23_to_bet27,6.7379,6.7379,6.7379,6.7379,6.7379,4.000000,4.000000,4.000000,4.000000,4.000000,96.000000,96.000000,96.000000,96.000000,96.000000,5.0,33.6896,31.1001,134.7585,137.348,PENDING_AG03,FALSE,NOT_FOR_ENFORCEMENT,161.7102,3664.4867,168.4481,161.7102,6.7379,0.04106702,0.03942434,6.7379,161.7102,0.03942434,6.7379,6.7379,6.7379,6.7379,6.7379,161.7102,0.03942434,33.6896,31.1001,134.7585,137.348,0.03285362,0.03348493,0.00164268,28.0944,43.8756,1.9362,84.2241,15.3135,2050.8928,43.5000,,28.0944,4.2165,21.0824,42.1647,72.7341,105.4118,105.4118,21.0824,-4.2165,5.0,5.0,1.332603,8,13,4,8,0E-8,0.04106702,,0E-8,0.000000,0.930613,0.000000,,2026-04-16,2026-04-17,2,11,8,2,1.000000,,,0.000000,,,,,,,,GLOBAL_BASELINE_NO_ENTITY_RANKING,,,NOT_APPLICABLE_GLOBAL_BASELINE,HF9g-P5,,,,X 全窗基线 · 不参与实体赏罚,6874798,688,A168_HF9F_20260827_0900,2026-08-27 09:00:00
2026-04-16,148762156,1994,0,115.9530284823,115.9530284823,115.9530284823,1.0000000,2,2,0.49324550000000000,0.493245500000,1.4334489766152358,1.4334489766152358,1.4334489766152358,0E-17,ELIGIBLE,R03b_20260811_FULL_v1,L1_ELIGIBILITY,v2026-08-11,2026-03-21..2026-08-06,baccarat_bet02_101_all_pairs_incl_sentinel,round_win = game_pnl > 0 (decisive only),COMPATIBILITY_ONLY_NOT_PRODUCTION,4101.7857,3817.1737,168.4481,146,87,-0.04106702,,-0.04106702,-0.04106702,-168.4481,4101.7857,OK,0.0000,6.7379,4.0000,96.0000,AG03-UNRESOLVED,ALL5_LEVELS_bet23_to_bet27,6.7379,6.7379,6.7379,6.7379,6.7379,4.000000,4.000000,4.000000,4.000000,4.000000,96.000000,96.000000,96.000000,96.000000,96.000000,5.0,33.6896,31.1001,134.7585,137.348,PENDING_AG03,FALSE,NOT_FOR_ENFORCEMENT,161.7102,3664.4867,168.4481,161.7102,6.7379,0.04106702,0.03942434,6.7379,161.7102,0.03942434,6.7379,6.7379,6.7379,6.7379,6.7379,161.7102,0.03942434,33.6896,31.1001,134.7585,137.348,0.03285362,0.03348493,0.00164268,28.0944,43.8756,1.9362,84.2241,15.3135,2050.8928,43.5000,,28.0944,4.2165,21.0824,42.1647,72.7341,105.4118,105.4118,21.0824,-4.2165,5.0,5.0,1.332603,8,13,4,8,0E-8,0.04106702,,0E-8,0.000000,0.930613,0.000000,,2026-04-16,2026-04-17,2,11,8,2,1.000000,,,0.000000,,,,,,,,GLOBAL_BASELINE_NO_ENTITY_RANKING,,,NOT_APPLICABLE_GLOBAL_BASELINE,HF9g-P5,,,,X 全窗基线 · 不参与实体赏罚,6874799,688,A168_HF9F_20260827_0900,2026-08-27 09:00:00
2026-04-16,148762156,2088,0,917.0830434509,179.2001349271,179.2001349271,0.5000000,11,11,0.49568280909090909,0.495682809091,0.027305330592975484,0.027305330592400454,0.027305330592975484,-9.091E-14,ELIGIBLE,R03b_20260811_FULL_v1,L1_ELIGIBILITY,v2026-08-11,2026-03-21..2026-08-06,baccarat_bet02_101_all_pairs_incl_sentinel,round_win = game_pnl > 0 (decisive only),COMPATIBILITY_ONLY_NOT_PRODUCTION,4101.7857,3817.1737,168.4481,146,87,-0.04106702,,-0.04106702,-0.04106702,-168.4481,4101.7857,OK,0.0000,6.7379,4.0000,96.0000,AG03-UNRESOLVED,ALL5_LEVELS_bet23_to_bet27,6.7379,6.7379,6.7379,6.7379,6.7379,4.000000,4.000000,4.000000,4.000000,4.000000,96.000000,96.000000,96.000000,96.000000,96.000000,5.0,33.6896,31.1001,134.7585,137.348,PENDING_AG03,FALSE,NOT_FOR_ENFORCEMENT,161.7102,3664.4867,168.4481,161.7102,6.7379,0.04106702,0.03942434,6.7379,161.7102,0.03942434,6.7379,6.7379,6.7379,6.7379,6.7379,161.7102,0.03942434,33.6896,31.1001,134.7585,137.348,0.03285362,0.03348493,0.00164268,28.0944,43.8756,1.9362,84.2241,15.3135,2050.8928,43.5000,,28.0944,4.2165,21.0824,42.1647,72.7341,105.4118,105.4118,21.0824,-4.2165,5.0,5.0,1.332603,8,13,4,8,0E-8,0.04106702,,0E-8,0.000000,0.930613,0.000000,,2026-04-16,2026-04-17,2,11,8,2,1.000000,,,0.000000,,,,,,,,GLOBAL_BASELINE_NO_ENTITY_RANKING,,,NOT_APPLICABLE_GLOBAL_BASELINE,HF9g-P5,,,,X 全窗基线 · 不参与实体赏罚,6874800,688,A168_HF9F_20260827_0900,2026-08-27 09:00:00
2026-04-16,148762156,2178,0,189.7413193347,-105.4118440748,-105.4118440748,0.3333333,4,4,0.49324550000000000,0.493245500000,-0.5540025479526107,-0.5540025479526106,-0.5540025479526107,0E-17,ELIGIBLE,R03b_20260811_FULL_v1,L1_ELIGIBILITY,v2026-08-11,2026-03-21..2026-08-06,baccarat_bet02_101_all_pairs_incl_sentinel,round_win = game_pnl > 0 (decisive only),COMPATIBILITY_ONLY_NOT_PRODUCTION,4101.7857,3817.1737,168.4481,146,87,-0.04106702,,-0.04106702,-0.04106702,-168.4481,4101.7857,OK,0.0000,6.7379,4.0000,96.0000,AG03-UNRESOLVED,ALL5_LEVELS_bet23_to_bet27,6.7379,6.7379,6.7379,6.7379,6.7379,4.000000,4.000000,4.000000,4.000000,4.000000,96.000000,96.000000,96.000000,96.000000,96.000000,5.0,33.6896,31.1001,134.7585,137.348,PENDING_AG03,FALSE,NOT_FOR_ENFORCEMENT,161.7102,3664.4867,168.4481,161.7102,6.7379,0.04106702,0.03942434,6.7379,161.7102,0.03942434,6.7379,6.7379,6.7379,6.7379,6.7379,161.7102,0.03942434,33.6896,31.1001,134.7585,137.348,0.03285362,0.03348493,0.00164268,28.0944,43.8756,1.9362,84.2241,15.3135,2050.8928,43.5000,,28.0944,4.2165,21.0824,42.1647,72.7341,105.4118,105.4118,21.0824,-4.2165,5.0,5.0,1.332603,8,13,4,8,0E-8,0.04106702,,0E-8,0.000000,0.930613,0.000000,,2026-04-16,2026-04-17,2,11,8,2,1.000000,,,0.000000,,,,,,,,GLOBAL_BASELINE_NO_ENTITY_RANKING,,,NOT_APPLICABLE_GLOBAL_BASELINE,HF9g-P5,,,,X 全窗基线 · 不参与实体赏罚,6874801,688,A168_HF9F_20260827_0900,2026-08-27 09:00:00
2026-04-17,148762156,-1,1,651.4451963822,-87.4918305821,-87.4918305821,0.5000000,12,8,0.48548866578944595,0.454385890000,0.08212309665075561,0.2591128696677218,0.08212309665075561,0.03110277578944595,SENTINEL_DEALER,R03b_20260811_FULL_v1,L1_ELIGIBILITY,v2026-08-11,2026-03-21..2026-08-06,baccarat_bet02_101_all_pairs_incl_sentinel,round_win = game_pnl > 0 (decisive only),COMPATIBILITY_ONLY_NOT_PRODUCTION,4101.7857,3817.1737,168.4481,146,87,-0.04106702,,-0.04106702,-0.04106702,-168.4481,4101.7857,OK,0.0000,6.7379,4.0000,96.0000,AG03-UNRESOLVED,ALL5_LEVELS_bet23_to_bet27,6.7379,6.7379,6.7379,6.7379,6.7379,4.000000,4.000000,4.000000,4.000000,4.000000,96.000000,96.000000,96.000000,96.000000,96.000000,5.0,33.6896,31.1001,134.7585,137.348,PENDING_AG03,FALSE,NOT_FOR_ENFORCEMENT,161.7102,3664.4867,168.4481,161.7102,6.7379,0.04106702,0.03942434,6.7379,161.7102,0.03942434,6.7379,6.7379,6.7379,6.7379,6.7379,161.7102,0.03942434,33.6896,31.1001,134.7585,137.348,0.03285362,0.03348493,0.00164268,28.0944,43.8756,1.9362,84.2241,15.3135,2050.8928,43.5000,,28.0944,4.2165,21.0824,42.1647,72.7341,105.4118,105.4118,21.0824,-4.2165,5.0,5.0,1.332603,8,13,4,8,0E-8,0.04106702,,0E-8,0.000000,0.930613,0.000000,,2026-04-16,2026-04-17,2,11,8,2,1.000000,,,0.000000,,,,,,,,GLOBAL_BASELINE_NO_ENTITY_RANKING,,,NOT_APPLICABLE_GLOBAL_BASELINE,HF9g-P5,,,,X 全窗基线 · 不参与实体赏罚,6874802,688,A168_HF9F_20260827_0900,2026-08-27 09:00:00
2026-04-17,148762156,1210,0,314.1272953431,-96.4518373286,-96.4518373286,0.4285714,16,9,0.41134872499994301,0.356922801852,0.09260111681689055,0.3956746150665474,0.09260111681689055,0.05442592314794301,ELIGIBLE,R03b_20260811_FULL_v1,L1_ELIGIBILITY,v2026-08-11,2026-03-21..2026-08-06,baccarat_bet02_101_all_pairs_incl_sentinel,round_win = game_pnl > 0 (decisive only),COMPATIBILITY_ONLY_NOT_PRODUCTION,4101.7857,3817.1737,168.4481,146,87,-0.04106702,,-0.04106702,-0.04106702,-168.4481,4101.7857,OK,0.0000,6.7379,4.0000,96.0000,AG03-UNRESOLVED,ALL5_LEVELS_bet23_to_bet27,6.7379,6.7379,6.7379,6.7379,6.7379,4.000000,4.000000,4.000000,4.000000,4.000000,96.000000,96.000000,96.000000,96.000000,96.000000,5.0,33.6896,31.1001,134.7585,137.348,PENDING_AG03,FALSE,NOT_FOR_ENFORCEMENT,161.7102,3664.4867,168.4481,161.7102,6.7379,0.04106702,0.03942434,6.7379,161.7102,0.03942434,6.7379,6.7379,6.7379,6.7379,6.7379,161.7102,0.03942434,33.6896,31.1001,134.7585,137.348,0.03285362,0.03348493,0.00164268,28.0944,43.8756,1.9362,84.2241,15.3135,2050.8928,43.5000,,28.0944,4.2165,21.0824,42.1647,72.7341,105.4118,105.4118,21.0824,-4.2165,5.0,5.0,1.332603,8,13,4,8,0E-8,0.04106702,,0E-8,0.000000,0.930613,0.000000,,2026-04-16,2026-04-17,2,11,8,2,1.000000,,,0.000000,,,,,,,,GLOBAL_BASELINE_NO_ENTITY_RANKING,,,NOT_APPLICABLE_GLOBAL_BASELINE,HF9g-P5,,,,X 全窗基线 · 不参与实体赏罚,6874803,688,A168_HF9F_20260827_0900,2026-08-27 09:00:00
2026-04-17,148762156,1331,0,199.2283853014,95.9247781080,95.9247781080,0.7500000,11,4,0.42581377491387249,0.304024750000,1.3112584958332036,1.9390516857896887,1.3112584958332036,0.12178902491387249,ELIGIBLE,R03b_20260811_FULL_v1,L1_ELIGIBILITY,v2026-08-11,2026-03-21..2026-08-06,baccarat_bet02_101_all_pairs_incl_sentinel,round_win = game_pnl > 0 (decisive only),COMPATIBILITY_ONLY_NOT_PRODUCTION,4101.7857,3817.1737,168.4481,146,87,-0.04106702,,-0.04106702,-0.04106702,-168.4481,4101.7857,OK,0.0000,6.7379,4.0000,96.0000,AG03-UNRESOLVED,ALL5_LEVELS_bet23_to_bet27,6.7379,6.7379,6.7379,6.7379,6.7379,4.000000,4.000000,4.000000,4.000000,4.000000,96.000000,96.000000,96.000000,96.000000,96.000000,5.0,33.6896,31.1001,134.7585,137.348,PENDING_AG03,FALSE,NOT_FOR_ENFORCEMENT,161.7102,3664.4867,168.4481,161.7102,6.7379,0.04106702,0.03942434,6.7379,161.7102,0.03942434,6.7379,6.7379,6.7379,6.7379,6.7379,161.7102,0.03942434,33.6896,31.1001,134.7585,137.348,0.03285362,0.03348493,0.00164268,28.0944,43.8756,1.9362,84.2241,15.3135,2050.8928,43.5000,,28.0944,4.2165,21.0824,42.1647,72.7341,105.4118,105.4118,21.0824,-4.2165,5.0,5.0,1.332603,8,13,4,8,0E-8,0.04106702,,0E-8,0.000000,0.930613,0.000000,,2026-04-16,2026-04-17,2,11,8,2,1.000000,,,0.000000,,,,,,,,GLOBAL_BASELINE_NO_ENTITY_RANKING,,,NOT_APPLICABLE_GLOBAL_BASELINE,HF9g-P5,,,,X 全窗基线 · 不参与实体赏罚,6874804,688,A168_HF9F_20260827_0900,2026-08-27 09:00:00
2026-04-17,148762156,1374,0,468.0285876927,-8.9600067466,-8.9600067466,0.3846154,27,16,0.42481867927078709,0.380925875000,-0.29324399807415413,0.02739357789758435,-0.29324399807415413,0.04389280427078709,ELIGIBLE,R03b_20260811_FULL_v1,L1_ELIGIBILITY,v2026-08-11,2026-03-21..2026-08-06,baccarat_bet02_101_all_pairs_incl_sentinel,round_win = game_pnl > 0 (decisive only),COMPATIBILITY_ONLY_NOT_PRODUCTION,4101.7857,3817.1737,168.4481,146,87,-0.04106702,,-0.04106702,-0.04106702,-168.4481,4101.7857,OK,0.0000,6.7379,4.0000,96.0000,AG03-UNRESOLVED,ALL5_LEVELS_bet23_to_bet27,6.7379,6.7379,6.7379,6.7379,6.7379,4.000000,4.000000,4.000000,4.000000,4.000000,96.000000,96.000000,96.000000,96.000000,96.000000,5.0,33.6896,31.1001,134.7585,137.348,PENDING_AG03,FALSE,NOT_FOR_ENFORCEMENT,161.7102,3664.4867,168.4481,161.7102,6.7379,0.04106702,0.03942434,6.7379,161.7102,0.03942434,6.7379,6.7379,6.7379,6.7379,6.7379,161.7102,0.03942434,33.6896,31.1001,134.7585,137.348,0.03285362,0.03348493,0.00164268,28.0944,43.8756,1.9362,84.2241,15.3135,2050.8928,43.5000,,28.0944,4.2165,21.0824,42.1647,72.7341,105.4118,105.4118,21.0824,-4.2165,5.0,5.0,1.332603,8,13,4,8,0E-8,0.04106702,,0E-8,0.000000,0.930613,0.000000,,2026-04-16,2026-04-17,2,11,8,2,1.000000,,,0.000000,,,,,,,,GLOBAL_BASELINE_NO_ENTITY_RANKING,,,NOT_APPLICABLE_GLOBAL_BASELINE,HF9g-P5,,,,X 全窗基线 · 不参与实体赏罚,6874805,688,A168_HF9F_20260827_0900,2026-08-27 09:00:00
2026-04-17,148762156,1985,0,50.8085088441,-50.8085088441,-50.8085088441,0E-7,1,1,0.50665070000000000,0.506650700000,-1.013391052207602,-1.013391052207602,-1.013391052207602,0E-17,ELIGIBLE,R03b_20260811_FULL_v1,L1_ELIGIBILITY,v2026-08-11,2026-03-21..2026-08-06,baccarat_bet02_101_all_pairs_incl_sentinel,round_win = game_pnl > 0 (decisive only),COMPATIBILITY_ONLY_NOT_PRODUCTION,4101.7857,3817.1737,168.4481,146,87,-0.04106702,,-0.04106702,-0.04106702,-168.4481,4101.7857,OK,0.0000,6.7379,4.0000,96.0000,AG03-UNRESOLVED,ALL5_LEVELS_bet23_to_bet27,6.7379,6.7379,6.7379,6.7379,6.7379,4.000000,4.000000,4.000000,4.000000,4.000000,96.000000,96.000000,96.000000,96.000000,96.000000,5.0,33.6896,31.1001,134.7585,137.348,PENDING_AG03,FALSE,NOT_FOR_ENFORCEMENT,161.7102,3664.4867,168.4481,161.7102,6.7379,0.04106702,0.03942434,6.7379,161.7102,0.03942434,6.7379,6.7379,6.7379,6.7379,6.7379,161.7102,0.03942434,33.6896,31.1001,134.7585,137.348,0.03285362,0.03348493,0.00164268,28.0944,43.8756,1.9362,84.2241,15.3135,2050.8928,43.5000,,28.0944,4.2165,21.0824,42.1647,72.7341,105.4118,105.4118,21.0824,-4.2165,5.0,5.0,1.332603,8,13,4,8,0E-8,0.04106702,,0E-8,0.000000,0.930613,0.000000,,2026-04-16,2026-04-17,2,11,8,2,1.000000,,,0.000000,,,,,,,,GLOBAL_BASELINE_NO_ENTITY_RANKING,,,NOT_APPLICABLE_GLOBAL_BASELINE,HF9g-P5,,,,X 全窗基线 · 不参与实体赏罚,6874806,688,A168_HF9F_20260827_0900,2026-08-27 09:00:00
2026-04-17,148762156,1994,0,342.5884932430,91.7083043450,91.7083043450,0.6666667,37,9,0.39922750761809750,0.231232116481,1.638253122045986,3.098292726675591,1.638253122045986,0.16799539113709750,ELIGIBLE,R03b_20260811_FULL_v1,L1_ELIGIBILITY,v2026-08-11,2026-03-21..2026-08-06,baccarat_bet02_101_all_pairs_incl_sentinel,round_win = game_pnl > 0 (decisive only),COMPATIBILITY_ONLY_NOT_PRODUCTION,4101.7857,3817.1737,168.4481,146,87,-0.04106702,,-0.04106702,-0.04106702,-168.4481,4101.7857,OK,0.0000,6.7379,4.0000,96.0000,AG03-UNRESOLVED,ALL5_LEVELS_bet23_to_bet27,6.7379,6.7379,6.7379,6.7379,6.7379,4.000000,4.000000,4.000000,4.000000,4.000000,96.000000,96.000000,96.000000,96.000000,96.000000,5.0,33.6896,31.1001,134.7585,137.348,PENDING_AG03,FALSE,NOT_FOR_ENFORCEMENT,161.7102,3664.4867,168.4481,161.7102,6.7379,0.04106702,0.03942434,6.7379,161.7102,0.03942434,6.7379,6.7379,6.7379,6.7379,6.7379,161.7102,0.03942434,33.6896,31.1001,134.7585,137.348,0.03285362,0.03348493,0.00164268,28.0944,43.8756,1.9362,84.2241,15.3135,2050.8928,43.5000,,28.0944,4.2165,21.0824,42.1647,72.7341,105.4118,105.4118,21.0824,-4.2165,5.0,5.0,1.332603,8,13,4,8,0E-8,0.04106702,,0E-8,0.000000,0.930613,0.000000,,2026-04-16,2026-04-17,2,11,8,2,1.000000,,,0.000000,,,,,,,,GLOBAL_BASELINE_NO_ENTITY_RANKING,,,NOT_APPLICABLE_GLOBAL_BASELINE,HF9g-P5,,,,X 全窗基线 · 不参与实体赏罚,6874807,688,A168_HF9F_20260827_0900,2026-08-27 09:00:00
2026-04-17,148762156,2152,0,152.8471739085,-80.9035903274,-80.9035903274,0.2500000,4,4,0.50329940000000000,0.503299400000,-1.013219660140378,-1.013219660140378,-1.013219660140378,0E-17,ELIGIBLE,R03b_20260811_FULL_v1,L1_ELIGIBILITY,v2026-08-11,2026-03-21..2026-08-06,baccarat_bet02_101_all_pairs_incl_sentinel,round_win = game_pnl > 0 (decisive only),COMPATIBILITY_ONLY_NOT_PRODUCTION,4101.7857,3817.1737,168.4481,146,87,-0.04106702,,-0.04106702,-0.04106702,-168.4481,4101.7857,OK,0.0000,6.7379,4.0000,96.0000,AG03-UNRESOLVED,ALL5_LEVELS_bet23_to_bet27,6.7379,6.7379,6.7379,6.7379,6.7379,4.000000,4.000000,4.000000,4.000000,4.000000,96.000000,96.000000,96.000000,96.000000,96.000000,5.0,33.6896,31.1001,134.7585,137.348,PENDING_AG03,FALSE,NOT_FOR_ENFORCEMENT,161.7102,3664.4867,168.4481,161.7102,6.7379,0.04106702,0.03942434,6.7379,161.7102,0.03942434,6.7379,6.7379,6.7379,6.7379,6.7379,161.7102,0.03942434,33.6896,31.1001,134.7585,137.348,0.03285362,0.03348493,0.00164268,28.0944,43.8756,1.9362,84.2241,15.3135,2050.8928,43.5000,,28.0944,4.2165,21.0824,42.1647,72.7341,105.4118,105.4118,21.0824,-4.2165,5.0,5.0,1.332603,8,13,4,8,0E-8,0.04106702,,0E-8,0.000000,0.930613,0.000000,,2026-04-16,2026-04-17,2,11,8,2,1.000000,,,0.000000,,,,,,,,GLOBAL_BASELINE_NO_ENTITY_RANKING,,,NOT_APPLICABLE_GLOBAL_BASELINE,HF9g-P5,,,,X 全窗基线 · 不参与实体赏罚,6874808,688,A168_HF9F_20260827_0900,2026-08-27 09:00:00
2026-04-17,148762156,2212,0,231.9060569646,-25.2988425780,-25.2988425780,0.6666667,8,6,0.45672739916657147,0.431204633333,1.0323616630839614,1.1645999868260162,1.0323616630839614,0.02552276583357147,ELIGIBLE,R03b_20260811_FULL_v1,L1_ELIGIBILITY,v2026-08-11,2026-03-21..2026-08-06,baccarat_bet02_101_all_pairs_incl_sentinel,round_win = game_pnl > 0 (decisive only),COMPATIBILITY_ONLY_NOT_PRODUCTION,4101.7857,3817.1737,168.4481,146,87,-0.04106702,,-0.04106702,-0.04106702,-168.4481,4101.7857,OK,0.0000,6.7379,4.0000,96.0000,AG03-UNRESOLVED,ALL5_LEVELS_bet23_to_bet27,6.7379,6.7379,6.7379,6.7379,6.7379,4.000000,4.000000,4.000000,4.000000,4.000000,96.000000,96.000000,96.000000,96.000000,96.000000,5.0,33.6896,31.1001,134.7585,137.348,PENDING_AG03,FALSE,NOT_FOR_ENFORCEMENT,161.7102,3664.4867,168.4481,161.7102,6.7379,0.04106702,0.03942434,6.7379,161.7102,0.03942434,6.7379,6.7379,6.7379,6.7379,6.7379,161.7102,0.03942434,33.6896,31.1001,134.7585,137.348,0.03285362,0.03348493,0.00164268,28.0944,43.8756,1.9362,84.2241,15.3135,2050.8928,43.5000,,28.0944,4.2165,21.0824,42.1647,72.7341,105.4118,105.4118,21.0824,-4.2165,5.0,5.0,1.332603,8,13,4,8,0E-8,0.04106702,,0E-8,0.000000,0.930613,0.000000,,2026-04-16,2026-04-17,2,11,8,2,1.000000,,,0.000000,,,,,,,,GLOBAL_BASELINE_NO_ENTITY_RANKING,,,NOT_APPLICABLE_GLOBAL_BASELINE,HF9g-P5,,,,X 全窗基线 · 不参与实体赏罚,6874809,688,A168_HF9F_20260827_0900,2026-08-27 09:00:00
2026-04-17,148762156,2235,0,27.4070794594,-27.4070794594,-27.4070794594,0E-7,1,1,0.50665070000000000,0.506650700000,-1.013391052207602,-1.013391052207602,-1.013391052207602,0E-17,ELIGIBLE,R03b_20260811_FULL_v1,L1_ELIGIBILITY,v2026-08-11,2026-03-21..2026-08-06,baccarat_bet02_101_all_pairs_incl_sentinel,round_win = game_pnl > 0 (decisive only),COMPATIBILITY_ONLY_NOT_PRODUCTION,4101.7857,3817.1737,168.4481,146,87,-0.04106702,,-0.04106702,-0.04106702,-168.4481,4101.7857,OK,0.0000,6.7379,4.0000,96.0000,AG03-UNRESOLVED,ALL5_LEVELS_bet23_to_bet27,6.7379,6.7379,6.7379,6.7379,6.7379,4.000000,4.000000,4.000000,4.000000,4.000000,96.000000,96.000000,96.000000,96.000000,96.000000,5.0,33.6896,31.1001,134.7585,137.348,PENDING_AG03,FALSE,NOT_FOR_ENFORCEMENT,161.7102,3664.4867,168.4481,161.7102,6.7379,0.04106702,0.03942434,6.7379,161.7102,0.03942434,6.7379,6.7379,6.7379,6.7379,6.7379,161.7102,0.03942434,33.6896,31.1001,134.7585,137.348,0.03285362,0.03348493,0.00164268,28.0944,43.8756,1.9362,84.2241,15.3135,2050.8928,43.5000,,28.0944,4.2165,21.0824,42.1647,72.7341,105.4118,105.4118,21.0824,-4.2165,5.0,5.0,1.332603,8,13,4,8,0E-8,0.04106702,,0E-8,0.000000,0.930613,0.000000,,2026-04-16,2026-04-17,2,11,8,2,1.000000,,,0.000000,,,,,,,,GLOBAL_BASELINE_NO_ENTITY_RANKING,,,NOT_APPLICABLE_GLOBAL_BASELINE,HF9g-P5,,,,X 全窗基线 · 不参与实体赏罚,6874810,688,A168_HF9F_20260827_0900,2026-08-27 09:00:00
2026-04-17,148762156,2256,0,73.7882908525,-42.1647376300,-42.1647376300,0.2500000,5,5,0.49324550000000000,0.493245500000,-0.9730707933947887,-0.9730707933947887,-0.9730707933947887,0E-17,ELIGIBLE,R03b_20260811_FULL_v1,L1_ELIGIBILITY,v2026-08-11,2026-03-21..2026-08-06,baccarat_bet02_101_all_pairs_incl_sentinel,round_win = game_pnl > 0 (decisive only),COMPATIBILITY_ONLY_NOT_PRODUCTION,4101.7857,3817.1737,168.4481,146,87,-0.04106702,,-0.04106702,-0.04106702,-168.4481,4101.7857,OK,0.0000,6.7379,4.0000,96.0000,AG03-UNRESOLVED,ALL5_LEVELS_bet23_to_bet27,6.7379,6.7379,6.7379,6.7379,6.7379,4.000000,4.000000,4.000000,4.000000,4.000000,96.000000,96.000000,96.000000,96.000000,96.000000,5.0,33.6896,31.1001,134.7585,137.348,PENDING_AG03,FALSE,NOT_FOR_ENFORCEMENT,161.7102,3664.4867,168.4481,161.7102,6.7379,0.04106702,0.03942434,6.7379,161.7102,0.03942434,6.7379,6.7379,6.7379,6.7379,6.7379,161.7102,0.03942434,33.6896,31.1001,134.7585,137.348,0.03285362,0.03348493,0.00164268,28.0944,43.8756,1.9362,84.2241,15.3135,2050.8928,43.5000,,28.0944,4.2165,21.0824,42.1647,72.7341,105.4118,105.4118,21.0824,-4.2165,5.0,5.0,1.332603,8,13,4,8,0E-8,0.04106702,,0E-8,0.000000,0.930613,0.000000,,2026-04-16,2026-04-17,2,11,8,2,1.000000,,,0.000000,,,,,,,,GLOBAL_BASELINE_NO_ENTITY_RANKING,,,NOT_APPLICABLE_GLOBAL_BASELINE,HF9g-P5,,,,X 全窗基线 · 不参与实体赏罚,6874811,688,A168_HF9F_20260827_0900,2026-08-27 09:00:00
2026-04-02,121569565,1205,0,99.0871334304,132.8189235342,132.8189235342,0.5000000,5,2,0.22896704642848780,0.146690408334,0.9122505516955585,1.4122651855664414,0.9122505516955585,0.08227663809448780,ELIGIBLE,R03b_20260811_FULL_v1,L1_ELIGIBILITY,v2026-08-11,2026-03-21..2026-08-06,baccarat_bet02_101_all_pairs_incl_sentinel,round_win = game_pnl > 0 (decisive only),COMPATIBILITY_ONLY_NOT_PRODUCTION,526.8484,526.8484,168.4481,19,7,-0.31972789,,-0.31972789,-0.31972789,-168.4481,526.8484,THIN_EXPOSURE,0.0000,6.7379,4.0000,96.0000,AG03-UNRESOLVED,ALL5_LEVELS_bet23_to_bet27,6.7379,6.7379,6.7379,10.1069,10.1069,4.000000,4.000000,4.000000,6.000000,6.000000,96.000000,96.000000,96.000000,94.000000,94.000000,5.0,40.4276,36.7633,128.0206,131.6848,PENDING_AG03,FALSE,NOT_FOR_ENFORCEMENT,161.7102,505.7745,168.4481,161.7102,6.7379,0.31972789,0.30693878,6.7379,161.7102,0.30693878,6.7379,6.7379,6.7379,10.1069,10.1069,161.7102,0.30693878,40.4276,36.7633,128.0206,131.6848,0.24299320,0.24994815,0.01278912,27.7289,75.2641,24.0640,168.4481,33.6896,526.8484,7.0000,,27.7289,11.0682,18.9741,18.9741,63.2471,99.0765,128.3916,18.9741,-14.7577,5.221664,6.766667,1.461403,5,5,1,5,0E-8,0.31972789,,0E-8,0.000000,1.000000,1.000000,,2026-04-02,2026-04-02,1,5,5,1,1.000000,,,0.000000,,,,,,,,GLOBAL_BASELINE_NO_ENTITY_RANKING,,,NOT_APPLICABLE_GLOBAL_BASELINE,HF9g-P5,,,,X 全窗基线 · 不参与实体赏罚,6874812,688,A168_HF9F_20260827_0900,2026-08-27 09:00:00
2026-04-02,121569565,1957,0,149.4739948981,-149.4739948981,-149.4739948981,0E-7,3,1,0.44572653215786707,0.218682466667,-0.8967516783977799,-0.5290457096990526,-0.8967516783977799,0.22704406549086707,ELIGIBLE,R03b_20260811_FULL_v1,L1_ELIGIBILITY,v2026-08-11,2026-03-21..2026-08-06,baccarat_bet02_101_all_pairs_incl_sentinel,round_win = game_pnl > 0 (decisive only),COMPATIBILITY_ONLY_NOT_PRODUCTION,526.8484,526.8484,168.4481,19,7,-0.31972789,,-0.31972789,-0.31972789,-168.4481,526.8484,THIN_EXPOSURE,0.0000,6.7379,4.0000,96.0000,AG03-UNRESOLVED,ALL5_LEVELS_bet23_to_bet27,6.7379,6.7379,6.7379,10.1069,10.1069,4.000000,4.000000,4.000000,6.000000,6.000000,96.000000,96.000000,96.000000,94.000000,94.000000,5.0,40.4276,36.7633,128.0206,131.6848,PENDING_AG03,FALSE,NOT_FOR_ENFORCEMENT,161.7102,505.7745,168.4481,161.7102,6.7379,0.31972789,0.30693878,6.7379,161.7102,0.30693878,6.7379,6.7379,6.7379,10.1069,10.1069,161.7102,0.30693878,40.4276,36.7633,128.0206,131.6848,0.24299320,0.24994815,0.01278912,27.7289,75.2641,24.0640,168.4481,33.6896,526.8484,7.0000,,27.7289,11.0682,18.9741,18.9741,63.2471,99.0765,128.3916,18.9741,-14.7577,5.221664,6.766667,1.461403,5,5,1,5,0E-8,0.31972789,,0E-8,0.000000,1.000000,1.000000,,2026-04-02,2026-04-02,1,5,5,1,1.000000,,,0.000000,,,,,,,,GLOBAL_BASELINE_NO_ENTITY_RANKING,,,NOT_APPLICABLE_GLOBAL_BASELINE,HF9g-P5,,,,X 全窗基线 · 不参与实体赏罚,6874813,688,A168_HF9F_20260827_0900,2026-08-27 09:00:00
2026-04-02,121569565,2129,0,29.5153163410,-29.5153163410,-29.5153163410,0E-7,2,1,0.07469835000000000,0.074698350000,-0.2841278703448948,-0.28412787034489473,-0.2841278703448948,0E-17,ELIGIBLE,R03b_20260811_FULL_v1,L1_ELIGIBILITY,v2026-08-11,2026-03-21..2026-08-06,baccarat_bet02_101_all_pairs_incl_sentinel,round_win = game_pnl > 0 (decisive only),COMPATIBILITY_ONLY_NOT_PRODUCTION,526.8484,526.8484,168.4481,19,7,-0.31972789,,-0.31972789,-0.31972789,-168.4481,526.8484,THIN_EXPOSURE,0.0000,6.7379,4.0000,96.0000,AG03-UNRESOLVED,ALL5_LEVELS_bet23_to_bet27,6.7379,6.7379,6.7379,10.1069,10.1069,4.000000,4.000000,4.000000,6.000000,6.000000,96.000000,96.000000,96.000000,94.000000,94.000000,5.0,40.4276,36.7633,128.0206,131.6848,PENDING_AG03,FALSE,NOT_FOR_ENFORCEMENT,161.7102,505.7745,168.4481,161.7102,6.7379,0.31972789,0.30693878,6.7379,161.7102,0.30693878,6.7379,6.7379,6.7379,10.1069,10.1069,161.7102,0.30693878,40.4276,36.7633,128.0206,131.6848,0.24299320,0.24994815,0.01278912,27.7289,75.2641,24.0640,168.4481,33.6896,526.8484,7.0000,,27.7289,11.0682,18.9741,18.9741,63.2471,99.0765,128.3916,18.9741,-14.7577,5.221664,6.766667,1.461403,5,5,1,5,0E-8,0.31972789,,0E-8,0.000000,1.000000,1.000000,,2026-04-02,2026-04-02,1,5,5,1,1.000000,,,0.000000,,,,,,,,GLOBAL_BASELINE_NO_ENTITY_RANKING,,,NOT_APPLICABLE_GLOBAL_BASELINE,HF9g-P5,,,,X 全窗基线 · 不参与实体赏罚,6874814,688,A168_HF9F_20260827_0900,2026-08-27 09:00:00
2026-04-02,121569565,2205,0,139.1436341789,-12.6494212891,-12.6494212891,0.5000000,5,2,0.20968345937491997,0.146690408334,1.0085656106889267,1.4122651855664414,1.0085656106889267,0.06299305104091997,ELIGIBLE,R03b_20260811_FULL_v1,L1_ELIGIBILITY,v2026-08-11,2026-03-21..2026-08-06,baccarat_bet02_101_all_pairs_incl_sentinel,round_win = game_pnl > 0 (decisive only),COMPATIBILITY_ONLY_NOT_PRODUCTION,526.8484,526.8484,168.4481,19,7,-0.31972789,,-0.31972789,-0.31972789,-168.4481,526.8484,THIN_EXPOSURE,0.0000,6.7379,4.0000,96.0000,AG03-UNRESOLVED,ALL5_LEVELS_bet23_to_bet27,6.7379,6.7379,6.7379,10.1069,10.1069,4.000000,4.000000,4.000000,6.000000,6.000000,96.000000,96.000000,96.000000,94.000000,94.000000,5.0,40.4276,36.7633,128.0206,131.6848,PENDING_AG03,FALSE,NOT_FOR_ENFORCEMENT,161.7102,505.7745,168.4481,161.7102,6.7379,0.31972789,0.30693878,6.7379,161.7102,0.30693878,6.7379,6.7379,6.7379,10.1069,10.1069,161.7102,0.30693878,40.4276,36.7633,128.0206,131.6848,0.24299320,0.24994815,0.01278912,27.7289,75.2641,24.0640,168.4481,33.6896,526.8484,7.0000,,27.7289,11.0682,18.9741,18.9741,63.2471,99.0765,128.3916,18.9741,-14.7577,5.221664,6.766667,1.461403,5,5,1,5,0E-8,0.31972789,,0E-8,0.000000,1.000000,1.000000,,2026-04-02,2026-04-02,1,5,5,1,1.000000,,,0.000000,,,,,,,,GLOBAL_BASELINE_NO_ENTITY_RANKING,,,NOT_APPLICABLE_GLOBAL_BASELINE,HF9g-P5,,,,X 全窗基线 · 不参与实体赏罚,6874815,688,A168_HF9F_20260827_0900,2026-08-27 09:00:00
2026-04-02,121569565,2232,0,109.6283178379,-109.6283178379,-109.6283178379,0E-7,4,1,0.31769897115368603,0.184311250000,-0.6823699466498875,-0.47535020548684115,-0.6823699466498875,0.13338772115368603,ELIGIBLE,R03b_20260811_FULL_v1,L1_ELIGIBILITY,v2026-08-11,2026-03-21..2026-08-06,baccarat_bet02_101_all_pairs_incl_sentinel,round_win = game_pnl > 0 (decisive only),COMPATIBILITY_ONLY_NOT_PRODUCTION,526.8484,526.8484,168.4481,19,7,-0.31972789,,-0.31972789,-0.31972789,-168.4481,526.8484,THIN_EXPOSURE,0.0000,6.7379,4.0000,96.0000,AG03-UNRESOLVED,ALL5_LEVELS_bet23_to_bet27,6.7379,6.7379,6.7379,10.1069,10.1069,4.000000,4.000000,4.000000,6.000000,6.000000,96.000000,96.000000,96.000000,94.000000,94.000000,5.0,40.4276,36.7633,128.0206,131.6848,PENDING_AG03,FALSE,NOT_FOR_ENFORCEMENT,161.7102,505.7745,168.4481,161.7102,6.7379,0.31972789,0.30693878,6.7379,161.7102,0.30693878,6.7379,6.7379,6.7379,10.1069,10.1069,161.7102,0.30693878,40.4276,36.7633,128.0206,131.6848,0.24299320,0.24994815,0.01278912,27.7289,75.2641,24.0640,168.4481,33.6896,526.8484,7.0000,,27.7289,11.0682,18.9741,18.9741,63.2471,99.0765,128.3916,18.9741,-14.7577,5.221664,6.766667,1.461403,5,5,1,5,0E-8,0.31972789,,0E-8,0.000000,1.000000,1.000000,,2026-04-02,2026-04-02,1,5,5,1,1.000000,,,0.000000,,,,,,,,GLOBAL_BASELINE_NO_ENTITY_RANKING,,,NOT_APPLICABLE_GLOBAL_BASELINE,HF9g-P5,,,,X 全窗基线 · 不参与实体赏罚,6874816,688,A168_HF9F_20260827_0900,2026-08-27 09:00:00
2026-04-09,148429907,2250,0,855.6149732624,-168.4491978611,-168.4491978611,0E-7,11,6,0.48091760416666667,0.475194716667,-1.6671620453247975,-1.6481522580481802,-1.6671620453247975,0.00572288749966667,ELIGIBLE,R03b_20260811_FULL_v1,L1_ELIGIBILITY,v2026-08-11,2026-03-21..2026-08-06,baccarat_bet02_101_all_pairs_incl_sentinel,round_win = game_pnl > 0 (decisive only),COMPATIBILITY_ONLY_NOT_PRODUCTION,855.6150,160.4278,168.4492,11,6,-0.19687500,,-0.19687500,-0.19687500,-168.4492,855.6150,THIN_EXPOSURE,0.0000,6.7380,4.0000,96.0000,AG03-UNRESOLVED,ALL5_LEVELS_bet23_to_bet27,6.7380,6.7380,6.7380,0.0000,0.0000,4.000000,4.000000,4.000000,0.000000,0.000000,96.000000,96.000000,96.000000,100.000000,100.000000,5.0,20.2139,19.4161,148.2353,149.0331,PENDING_AG03,FALSE,NOT_FOR_ENFORCEMENT,161.7112,154.0107,168.4492,161.7112,6.7380,0.19687500,0.18900000,6.7380,161.7112,0.18900000,6.7380,6.7380,6.7380,0.0000,0.0000,161.7112,0.18900000,20.2139,19.4161,148.2353,149.0331,0.17325000,0.1741824,0.00787500,77.7832,26.7380,28.0749,168.4492,168.4492,855.6150,6.0000,,77.7832,53.4759,53.4759,106.9519,106.9519,106.9519,106.9519,0.0,0.0,2.0,2.0,1.454545,1,1,1,3,0E-8,0.19687500,,0E-8,0.000000,0.187500,0.000000,,2026-04-09,2026-04-09,1,1,1,1,1.000000,,,0.000000,,,,,,,,GLOBAL_BASELINE_NO_ENTITY_RANKING,,,NOT_APPLICABLE_GLOBAL_BASELINE,HF9g-P5,,,,X 全窗基线 · 不参与实体赏罚,6874817,688,A168_HF9F_20260827_0900,2026-08-27 09:00:00
2026-04-18,143515514,-1,1,481.2834224601,-219.2513368985,-219.2513368985,0.1666667,7,7,0.31961151428571429,0.319611514286,-0.8033795826592885,-0.803379582660599,-0.8033795826592885,-2.8571E-13,SENTINEL_DEALER,R03b_20260811_FULL_v1,L1_ELIGIBILITY,v2026-08-11,2026-03-21..2026-08-06,baccarat_bet02_101_all_pairs_incl_sentinel,round_win = game_pnl > 0 (decisive only),COMPATIBILITY_ONLY_NOT_PRODUCTION,534.7594,481.2834,168.4492,8,8,-0.31500000,,-0.31500000,-0.31500000,-168.4492,534.7594,THIN_EXPOSURE,0.0000,6.7380,4.0000,96.0000,AG03-UNRESOLVED,ALL5_LEVELS_bet23_to_bet27,6.7380,6.7380,6.7380,0.0000,0.0000,4.000000,4.000000,4.000000,0.000000,0.000000,96.000000,96.000000,96.000000,100.000000,100.000000,5.0,20.2139,19.4161,148.2353,149.0331,PENDING_AG03,FALSE,NOT_FOR_ENFORCEMENT,161.7112,462.0321,168.4492,161.7112,6.7380,0.31500000,0.30240000,6.7380,161.7112,0.30240000,6.7380,6.7380,6.7380,0.0000,0.0000,161.7112,0.30240000,20.2139,19.4161,148.2353,149.0331,0.27720000,0.27869184,0.01260000,66.8449,60.1604,21.0561,168.4492,33.6898,534.7594,8.0000,,66.8449,53.4759,53.4759,80.2139,106.9519,106.9519,106.9519,53.4759,-53.4759,2.0,2.0,1.25,5,2,2,4,0E-8,0.31500000,,0E-8,0.000000,0.900000,0.000000,,2026-04-18,2026-04-18,1,5,5,1,1.000000,,,0.000000,,,,,,,,GLOBAL_BASELINE_NO_ENTITY_RANKING,,,NOT_APPLICABLE_GLOBAL_BASELINE,HF9g-P5,,,,X 全窗基线 · 不参与实体赏罚,6874818,688,A168_HF9F_20260827_0900,2026-08-27 09:00:00
2026-04-18,143515514,2175,0,53.4759358289,50.8021390374,50.8021390374,1.0000000,1,1,0.50665070000000000,0.506650700000,0.9867858985152569,0.9867858985152569,0.9867858985152569,0E-17,ELIGIBLE,R03b_20260811_FULL_v1,L1_ELIGIBILITY,v2026-08-11,2026-03-21..2026-08-06,baccarat_bet02_101_all_pairs_incl_sentinel,round_win = game_pnl > 0 (decisive only),COMPATIBILITY_ONLY_NOT_PRODUCTION,534.7594,481.2834,168.4492,8,8,-0.31500000,,-0.31500000,-0.31500000,-168.4492,534.7594,THIN_EXPOSURE,0.0000,6.7380,4.0000,96.0000,AG03-UNRESOLVED,ALL5_LEVELS_bet23_to_bet27,6.7380,6.7380,6.7380,0.0000,0.0000,4.000000,4.000000,4.000000,0.000000,0.000000,96.000000,96.000000,96.000000,100.000000,100.000000,5.0,20.2139,19.4161,148.2353,149.0331,PENDING_AG03,FALSE,NOT_FOR_ENFORCEMENT,161.7112,462.0321,168.4492,161.7112,6.7380,0.31500000,0.30240000,6.7380,161.7112,0.30240000,6.7380,6.7380,6.7380,0.0000,0.0000,161.7112,0.30240000,20.2139,19.4161,148.2353,149.0331,0.27720000,0.27869184,0.01260000,66.8449,60.1604,21.0561,168.4492,33.6898,534.7594,8.0000,,66.8449,53.4759,53.4759,80.2139,106.9519,106.9519,106.9519,53.4759,-53.4759,2.0,2.0,1.25,5,2,2,4,0E-8,0.31500000,,0E-8,0.000000,0.900000,0.000000,,2026-04-18,2026-04-18,1,5,5,1,1.000000,,,0.000000,,,,,,,,GLOBAL_BASELINE_NO_ENTITY_RANKING,,,NOT_APPLICABLE_GLOBAL_BASELINE,HF9g-P5,,,,X 全窗基线 · 不参与实体赏罚,6874819,688,A168_HF9F_20260827_0900,2026-08-27 09:00:00
2026-06-10,151242170,1115,0,123.4345668219,3.8573302129,3.8573302129,0.6666667,11,4,0.43101557211461041,0.280209550000,0.8242015327233204,1.490450064647006,0.8242015327233204,0.15080602211461041,ELIGIBLE,R03b_20260811_FULL_v1,L1_ELIGIBILITY,v2026-08-11,2026-03-21..2026-08-06,baccarat_bet02_101_all_pairs_incl_sentinel,round_win = game_pnl > 0 (decisive only),COMPATIBILITY_ONLY_NOT_PRODUCTION,1337.2078,1157.1991,168.4496,87,45,-0.12597115,,-0.12597115,-0.12597115,-168.4496,1337.2078,OK,0.0000,6.7380,4.0000,96.0000,AG03-UNRESOLVED,ALL5_LEVELS_bet23_to_bet27,6.7380,6.7380,6.7380,8.4225,8.4225,4.000000,4.000000,4.000000,5.000000,5.000000,96.000000,96.000000,96.000000,95.000000,95.000000,5.0,37.0589,33.9469,131.3907,134.5027,PENDING_AG03,FALSE,NOT_FOR_ENFORCEMENT,161.7116,1110.9111,168.4496,161.7116,6.7380,0.12597115,0.12093231,6.7380,161.7116,0.12093231,6.7380,6.7380,6.7380,8.4225,8.4225,161.7116,0.12093231,37.0589,33.9469,131.3907,134.5027,0.09825750,0.10058472,0.00503885,15.3702,25.7155,3.7433,168.4496,21.0562,1337.2078,45.0000,,15.3702,2.5716,15.6865,25.7155,25.7155,26.4099,51.4311,5.1431,-2.5716,1.683607,3.278689,0.979838,8,9,1,8,0E-8,0.12597115,,0E-8,0.000000,0.865385,0.000000,,2026-06-10,2026-06-10,1,8,8,1,1.000000,,,0.000000,,,,,,,,GLOBAL_BASELINE_NO_ENTITY_RANKING,,,NOT_APPLICABLE_GLOBAL_BASELINE,HF9g-P5,,,,X 全窗基线 · 不参与实体赏罚,6874820,688,A168_HF9F_20260827_0900,2026-08-27 09:00:00
2026-06-10,151242170,1306,0,148.8929462287,18.2451719085,18.2451719085,0.6000000,6,6,0.49771390000000000,0.497713900000,0.4574421269484404,0.45744212694844033,0.4574421269484404,0E-17,ELIGIBLE,R03b_20260811_FULL_v1,L1_ELIGIBILITY,v2026-08-11,2026-03-21..2026-08-06,baccarat_bet02_101_all_pairs_incl_sentinel,round_win = game_pnl > 0 (decisive only),COMPATIBILITY_ONLY_NOT_PRODUCTION,1337.2078,1157.1991,168.4496,87,45,-0.12597115,,-0.12597115,-0.12597115,-168.4496,1337.2078,OK,0.0000,6.7380,4.0000,96.0000,AG03-UNRESOLVED,ALL5_LEVELS_bet23_to_bet27,6.7380,6.7380,6.7380,8.4225,8.4225,4.000000,4.000000,4.000000,5.000000,5.000000,96.000000,96.000000,96.000000,95.000000,95.000000,5.0,37.0589,33.9469,131.3907,134.5027,PENDING_AG03,FALSE,NOT_FOR_ENFORCEMENT,161.7116,1110.9111,168.4496,161.7116,6.7380,0.12597115,0.12093231,6.7380,161.7116,0.12093231,6.7380,6.7380,6.7380,8.4225,8.4225,161.7116,0.12093231,37.0589,33.9469,131.3907,134.5027,0.09825750,0.10058472,0.00503885,15.3702,25.7155,3.7433,168.4496,21.0562,1337.2078,45.0000,,15.3702,2.5716,15.6865,25.7155,25.7155,26.4099,51.4311,5.1431,-2.5716,1.683607,3.278689,0.979838,8,9,1,8,0E-8,0.12597115,,0E-8,0.000000,0.865385,0.000000,,2026-06-10,2026-06-10,1,8,8,1,1.000000,,,0.000000,,,,,,,,GLOBAL_BASELINE_NO_ENTITY_RANKING,,,NOT_APPLICABLE_GLOBAL_BASELINE,HF9g-P5,,,,X 全窗基线 · 不参与实体赏罚,6874821,688,A168_HF9F_20260827_0900,2026-08-27 09:00:00
2026-06-10,151242170,2175,0,51.4310695090,-1.2857767377,-1.2857767377,0.5000000,2,2,0.49994810000000000,0.499948100000,0.00014679536856514622,0.00014679536856514622,0.00014679536856514622,0E-17,ELIGIBLE,R03b_20260811_FULL_v1,L1_ELIGIBILITY,v2026-08-11,2026-03-21..2026-08-06,baccarat_bet02_101_all_pairs_incl_sentinel,round_win = game_pnl > 0 (decisive only),COMPATIBILITY_ONLY_NOT_PRODUCTION,1337.2078,1157.1991,168.4496,87,45,-0.12597115,,-0.12597115,-0.12597115,-168.4496,1337.2078,OK,0.0000,6.7380,4.0000,96.0000,AG03-UNRESOLVED,ALL5_LEVELS_bet23_to_bet27,6.7380,6.7380,6.7380,8.4225,8.4225,4.000000,4.000000,4.000000,5.000000,5.000000,96.000000,96.000000,96.000000,95.000000,95.000000,5.0,37.0589,33.9469,131.3907,134.5027,PENDING_AG03,FALSE,NOT_FOR_ENFORCEMENT,161.7116,1110.9111,168.4496,161.7116,6.7380,0.12597115,0.12093231,6.7380,161.7116,0.12093231,6.7380,6.7380,6.7380,8.4225,8.4225,161.7116,0.12093231,37.0589,33.9469,131.3907,134.5027,0.09825750,0.10058472,0.00503885,15.3702,25.7155,3.7433,168.4496,21.0562,1337.2078,45.0000,,15.3702,2.5716,15.6865,25.7155,25.7155,26.4099,51.4311,5.1431,-2.5716,1.683607,3.278689,0.979838,8,9,1,8,0E-8,0.12597115,,0E-8,0.000000,0.865385,0.000000,,2026-06-10,2026-06-10,1,8,8,1,1.000000,,,0.000000,,,,,,,,GLOBAL_BASELINE_NO_ENTITY_RANKING,,,NOT_APPLICABLE_GLOBAL_BASELINE,HF9g-P5,,,,X 全窗基线 · 不参与实体赏罚,6874822,688,A168_HF9F_20260827_0900,2026-08-27 09:00:00
2026-06-10,151242170,2202,0,156.8647620031,-79.7181577396,-79.7181577396,0.2500000,17,5,0.39163448261434066,0.244589060000,-0.5803316268540094,0.02517633825410668,-0.5803316268540094,0.14704542261434066,ELIGIBLE,R03b_20260811_FULL_v1,L1_ELIGIBILITY,v2026-08-11,2026-03-21..2026-08-06,baccarat_bet02_101_all_pairs_incl_sentinel,round_win = game_pnl > 0 (decisive only),COMPATIBILITY_ONLY_NOT_PRODUCTION,1337.2078,1157.1991,168.4496,87,45,-0.12597115,,-0.12597115,-0.12597115,-168.4496,1337.2078,OK,0.0000,6.7380,4.0000,96.0000,AG03-UNRESOLVED,ALL5_LEVELS_bet23_to_bet27,6.7380,6.7380,6.7380,8.4225,8.4225,4.000000,4.000000,4.000000,5.000000,5.000000,96.000000,96.000000,96.000000,95.000000,95.000000,5.0,37.0589,33.9469,131.3907,134.5027,PENDING_AG03,FALSE,NOT_FOR_ENFORCEMENT,161.7116,1110.9111,168.4496,161.7116,6.7380,0.12597115,0.12093231,6.7380,161.7116,0.12093231,6.7380,6.7380,6.7380,8.4225,8.4225,161.7116,0.12093231,37.0589,33.9469,131.3907,134.5027,0.09825750,0.10058472,0.00503885,15.3702,25.7155,3.7433,168.4496,21.0562,1337.2078,45.0000,,15.3702,2.5716,15.6865,25.7155,25.7155,26.4099,51.4311,5.1431,-2.5716,1.683607,3.278689,0.979838,8,9,1,8,0E-8,0.12597115,,0E-8,0.000000,0.865385,0.000000,,2026-06-10,2026-06-10,1,8,8,1,1.000000,,,0.000000,,,,,,,,GLOBAL_BASELINE_NO_ENTITY_RANKING,,,NOT_APPLICABLE_GLOBAL_BASELINE,HF9g-P5,,,,X 全窗基线 · 不参与实体赏罚,6874823,688,A168_HF9F_20260827_0900,2026-08-27 09:00:00
2026-06-10,151242170,2252,0,365.1605935148,54.0026229839,54.0026229839,0.5454545,30,11,0.44682867524702941,0.376509654545,0.6579408371577578,1.1564809421730864,0.6579408371577578,0.07031902070202941,ELIGIBLE,R03b_20260811_FULL_v1,L1_ELIGIBILITY,v2026-08-11,2026-03-21..2026-08-06,baccarat_bet02_101_all_pairs_incl_sentinel,round_win = game_pnl > 0 (decisive only),COMPATIBILITY_ONLY_NOT_PRODUCTION,1337.2078,1157.1991,168.4496,87,45,-0.12597115,,-0.12597115,-0.12597115,-168.4496,1337.2078,OK,0.0000,6.7380,4.0000,96.0000,AG03-UNRESOLVED,ALL5_LEVELS_bet23_to_bet27,6.7380,6.7380,6.7380,8.4225,8.4225,4.000000,4.000000,4.000000,5.000000,5.000000,96.000000,96.000000,96.000000,95.000000,95.000000,5.0,37.0589,33.9469,131.3907,134.5027,PENDING_AG03,FALSE,NOT_FOR_ENFORCEMENT,161.7116,1110.9111,168.4496,161.7116,6.7380,0.12597115,0.12093231,6.7380,161.7116,0.12093231,6.7380,6.7380,6.7380,8.4225,8.4225,161.7116,0.12093231,37.0589,33.9469,131.3907,134.5027,0.09825750,0.10058472,0.00503885,15.3702,25.7155,3.7433,168.4496,21.0562,1337.2078,45.0000,,15.3702,2.5716,15.6865,25.7155,25.7155,26.4099,51.4311,5.1431,-2.5716,1.683607,3.278689,0.979838,8,9,1,8,0E-8,0.12597115,,0E-8,0.000000,0.865385,0.000000,,2026-06-10,2026-06-10,1,8,8,1,1.000000,,,0.000000,,,,,,,,GLOBAL_BASELINE_NO_ENTITY_RANKING,,,NOT_APPLICABLE_GLOBAL_BASELINE,HF9g-P5,,,,X 全窗基线 · 不参与实体赏罚,6874824,688,A168_HF9F_20260827_0900,2026-08-27 09:00:00
2026-06-10,151242170,2281,0,241.7260266924,-93.8617018539,-93.8617018539,0.2500000,12,9,0.48867239285704487,0.466343400000,-1.3504815574792104,-1.2266051516513905,-1.3504815574792104,0.02232899285704487,ELIGIBLE,R03b_20260811_FULL_v1,L1_ELIGIBILITY,v2026-08-11,2026-03-21..2026-08-06,baccarat_bet02_101_all_pairs_incl_sentinel,round_win = game_pnl > 0 (decisive only),COMPATIBILITY_ONLY_NOT_PRODUCTION,1337.2078,1157.1991,168.4496,87,45,-0.12597115,,-0.12597115,-0.12597115,-168.4496,1337.2078,OK,0.0000,6.7380,4.0000,96.0000,AG03-UNRESOLVED,ALL5_LEVELS_bet23_to_bet27,6.7380,6.7380,6.7380,8.4225,8.4225,4.000000,4.000000,4.000000,5.000000,5.000000,96.000000,96.000000,96.000000,95.000000,95.000000,5.0,37.0589,33.9469,131.3907,134.5027,PENDING_AG03,FALSE,NOT_FOR_ENFORCEMENT,161.7116,1110.9111,168.4496,161.7116,6.7380,0.12597115,0.12093231,6.7380,161.7116,0.12093231,6.7380,6.7380,6.7380,8.4225,8.4225,161.7116,0.12093231,37.0589,33.9469,131.3907,134.5027,0.09825750,0.10058472,0.00503885,15.3702,25.7155,3.7433,168.4496,21.0562,1337.2078,45.0000,,15.3702,2.5716,15.6865,25.7155,25.7155,26.4099,51.4311,5.1431,-2.5716,1.683607,3.278689,0.979838,8,9,1,8,0E-8,0.12597115,,0E-8,0.000000,0.865385,0.000000,,2026-06-10,2026-06-10,1,8,8,1,1.000000,,,0.000000,,,,,,,,GLOBAL_BASELINE_NO_ENTITY_RANKING,,,NOT_APPLICABLE_GLOBAL_BASELINE,HF9g-P5,,,,X 全窗基线 · 不参与实体赏罚,6874825,688,A168_HF9F_20260827_0900,2026-08-27 09:00:00
2026-06-10,151242170,550,0,33.6873505285,-33.6873505285,-33.6873505285,0E-7,1,1,0.49324550000000000,0.493245500000,-0.9865810262130424,-0.9865810262130424,-0.9865810262130424,0E-17,ELIGIBLE,R03b_20260811_FULL_v1,L1_ELIGIBILITY,v2026-08-11,2026-03-21..2026-08-06,baccarat_bet02_101_all_pairs_incl_sentinel,round_win = game_pnl > 0 (decisive only),COMPATIBILITY_ONLY_NOT_PRODUCTION,1337.2078,1157.1991,168.4496,87,45,-0.12597115,,-0.12597115,-0.12597115,-168.4496,1337.2078,OK,0.0000,6.7380,4.0000,96.0000,AG03-UNRESOLVED,ALL5_LEVELS_bet23_to_bet27,6.7380,6.7380,6.7380,8.4225,8.4225,4.000000,4.000000,4.000000,5.000000,5.000000,96.000000,96.000000,96.000000,95.000000,95.000000,5.0,37.0589,33.9469,131.3907,134.5027,PENDING_AG03,FALSE,NOT_FOR_ENFORCEMENT,161.7116,1110.9111,168.4496,161.7116,6.7380,0.12597115,0.12093231,6.7380,161.7116,0.12093231,6.7380,6.7380,6.7380,8.4225,8.4225,161.7116,0.12093231,37.0589,33.9469,131.3907,134.5027,0.09825750,0.10058472,0.00503885,15.3702,25.7155,3.7433,168.4496,21.0562,1337.2078,45.0000,,15.3702,2.5716,15.6865,25.7155,25.7155,26.4099,51.4311,5.1431,-2.5716,1.683607,3.278689,0.979838,8,9,1,8,0E-8,0.12597115,,0E-8,0.000000,0.865385,0.000000,,2026-06-10,2026-06-10,1,8,8,1,1.000000,,,0.000000,,,,,,,,GLOBAL_BASELINE_NO_ENTITY_RANKING,,,NOT_APPLICABLE_GLOBAL_BASELINE,HF9g-P5,,,,X 全窗基线 · 不参与实体赏罚,6874826,688,A168_HF9F_20260827_0900,2026-08-27 09:00:00
2026-06-10,151242170,763,0,61.7172834109,-61.7172834109,-61.7172834109,0E-7,2,1,0.42680505000010765,0.293924150000,-0.862906214976328,-0.6451964315166089,-0.862906214976328,0.13288090000010765,ELIGIBLE,R03b_20260811_FULL_v1,L1_ELIGIBILITY,v2026-08-11,2026-03-21..2026-08-06,baccarat_bet02_101_all_pairs_incl_sentinel,round_win = game_pnl > 0 (decisive only),COMPATIBILITY_ONLY_NOT_PRODUCTION,1337.2078,1157.1991,168.4496,87,45,-0.12597115,,-0.12597115,-0.12597115,-168.4496,1337.2078,OK,0.0000,6.7380,4.0000,96.0000,AG03-UNRESOLVED,ALL5_LEVELS_bet23_to_bet27,6.7380,6.7380,6.7380,8.4225,8.4225,4.000000,4.000000,4.000000,5.000000,5.000000,96.000000,96.000000,96.000000,95.000000,95.000000,5.0,37.0589,33.9469,131.3907,134.5027,PENDING_AG03,FALSE,NOT_FOR_ENFORCEMENT,161.7116,1110.9111,168.4496,161.7116,6.7380,0.12597115,0.12093231,6.7380,161.7116,0.12093231,6.7380,6.7380,6.7380,8.4225,8.4225,161.7116,0.12093231,37.0589,33.9469,131.3907,134.5027,0.09825750,0.10058472,0.00503885,15.3702,25.7155,3.7433,168.4496,21.0562,1337.2078,45.0000,,15.3702,2.5716,15.6865,25.7155,25.7155,26.4099,51.4311,5.1431,-2.5716,1.683607,3.278689,0.979838,8,9,1,8,0E-8,0.12597115,,0E-8,0.000000,0.865385,0.000000,,2026-06-10,2026-06-10,1,8,8,1,1.000000,,,0.000000,,,,,,,,GLOBAL_BASELINE_NO_ENTITY_RANKING,,,NOT_APPLICABLE_GLOBAL_BASELINE,HF9g-P5,,,,X 全窗基线 · 不参与实体赏罚,6874827,688,A168_HF9F_20260827_0900,2026-08-27 09:00:00
2026-06-10,151242170,986,0,154.2932085270,25.7155347545,25.7155347545,0.6000000,6,6,0.49547970000000000,0.495479700000,0.4674480948863271,0.4674480948863271,0.4674480948863271,0E-17,ELIGIBLE,R03b_20260811_FULL_v1,L1_ELIGIBILITY,v2026-08-11,2026-03-21..2026-08-06,baccarat_bet02_101_all_pairs_incl_sentinel,round_win = game_pnl > 0 (decisive only),COMPATIBILITY_ONLY_NOT_PRODUCTION,1337.2078,1157.1991,168.4496,87,45,-0.12597115,,-0.12597115,-0.12597115,-168.4496,1337.2078,OK,0.0000,6.7380,4.0000,96.0000,AG03-UNRESOLVED,ALL5_LEVELS_bet23_to_bet27,6.7380,6.7380,6.7380,8.4225,8.4225,4.000000,4.000000,4.000000,5.000000,5.000000,96.000000,96.000000,96.000000,95.000000,95.000000,5.0,37.0589,33.9469,131.3907,134.5027,PENDING_AG03,FALSE,NOT_FOR_ENFORCEMENT,161.7116,1110.9111,168.4496,161.7116,6.7380,0.12597115,0.12093231,6.7380,161.7116,0.12093231,6.7380,6.7380,6.7380,8.4225,8.4225,161.7116,0.12093231,37.0589,33.9469,131.3907,134.5027,0.09825750,0.10058472,0.00503885,15.3702,25.7155,3.7433,168.4496,21.0562,1337.2078,45.0000,,15.3702,2.5716,15.6865,25.7155,25.7155,26.4099,51.4311,5.1431,-2.5716,1.683607,3.278689,0.979838,8,9,1,8,0E-8,0.12597115,,0E-8,0.000000,0.865385,0.000000,,2026-06-10,2026-06-10,1,8,8,1,1.000000,,,0.000000,,,,,,,,GLOBAL_BASELINE_NO_ENTITY_RANKING,,,NOT_APPLICABLE_GLOBAL_BASELINE,HF9g-P5,,,,X 全窗基线 · 不参与实体赏罚,6874828,688,A168_HF9F_20260827_0900,2026-08-27 09:00:00
2026-07-16,153086925,2065,0,25.8177781220,24.5268892159,24.5268892159,1.0000000,1,1,0.50665070000000000,0.506650700000,0.9867858985152569,0.9867858985152569,0.9867858985152569,0E-17,ELIGIBLE,R03b_20260811_FULL_v1,L1_ELIGIBILITY,v2026-08-11,2026-03-21..2026-08-06,baccarat_bet02_101_all_pairs_incl_sentinel,round_win = game_pnl > 0 (decisive only),COMPATIBILITY_ONLY_NOT_PRODUCTION,903.6222,903.6222,168.4610,15,15,-0.18642857,-0.18642857,,-0.18642857,-168.4610,903.6222,THIN_EXPOSURE,0.0000,6.7384,4.0000,96.0000,AG03-UNRESOLVED,ALL5_LEVELS_bet23_to_bet27,6.7384,6.7384,6.7384,6.7384,6.7384,4.000000,4.000000,4.000000,4.000000,4.000000,96.000000,96.000000,96.000000,96.000000,96.000000,5.0,33.6922,31.1025,134.7688,137.3585,PENDING_AG03,FALSE,NOT_FOR_ENFORCEMENT,161.7226,867.4773,168.4610,161.7226,6.7384,0.18642857,0.17897143,6.7384,161.7226,0.17897143,6.7384,6.7384,6.7384,6.7384,6.7384,161.7226,0.17897143,33.6922,31.1025,134.7688,137.3585,0.14914286,0.15200877,0.00745714,60.2415,60.2415,11.2307,84.2305,24.0659,451.8111,7.5000,60.2415,,25.8178,51.6356,109.7256,129.0889,148.4522,154.9067,51.6356,12.2634,2.875,3.0,1.166667,5,6,2,2,1.00000000,0.18642857,0.18642857,0E-8,0.000000,1.000000,0.000000,,2026-07-16,2026-07-17,2,7,7,2,1.000000,,1.000000,3.333333,,,,,,,,GLOBAL_BASELINE_NO_ENTITY_RANKING,,,NOT_APPLICABLE_GLOBAL_BASELINE,HF9g-P5,,,,X 全窗基线 · 不参与实体赏罚,6874829,688,A168_HF9F_20260827_0900,2026-08-27 09:00:00
2026-07-16,153086925,2103,0,12.9088890610,12.2634446080,12.2634446080,1.0000000,1,1,0.50665070000000000,0.506650700000,0.9867858985152569,0.9867858985152569,0.9867858985152569,0E-17,ELIGIBLE,R03b_20260811_FULL_v1,L1_ELIGIBILITY,v2026-08-11,2026-03-21..2026-08-06,baccarat_bet02_101_all_pairs_incl_sentinel,round_win = game_pnl > 0 (decisive only),COMPATIBILITY_ONLY_NOT_PRODUCTION,903.6222,903.6222,168.4610,15,15,-0.18642857,-0.18642857,,-0.18642857,-168.4610,903.6222,THIN_EXPOSURE,0.0000,6.7384,4.0000,96.0000,AG03-UNRESOLVED,ALL5_LEVELS_bet23_to_bet27,6.7384,6.7384,6.7384,6.7384,6.7384,4.000000,4.000000,4.000000,4.000000,4.000000,96.000000,96.000000,96.000000,96.000000,96.000000,5.0,33.6922,31.1025,134.7688,137.3585,PENDING_AG03,FALSE,NOT_FOR_ENFORCEMENT,161.7226,867.4773,168.4610,161.7226,6.7384,0.18642857,0.17897143,6.7384,161.7226,0.17897143,6.7384,6.7384,6.7384,6.7384,6.7384,161.7226,0.17897143,33.6922,31.1025,134.7688,137.3585,0.14914286,0.15200877,0.00745714,60.2415,60.2415,11.2307,84.2305,24.0659,451.8111,7.5000,60.2415,,25.8178,51.6356,109.7256,129.0889,148.4522,154.9067,51.6356,12.2634,2.875,3.0,1.166667,5,6,2,2,1.00000000,0.18642857,0.18642857,0E-8,0.000000,1.000000,0.000000,,2026-07-16,2026-07-17,2,7,7,2,1.000000,,1.000000,3.333333,,,,,,,,GLOBAL_BASELINE_NO_ENTITY_RANKING,,,NOT_APPLICABLE_GLOBAL_BASELINE,HF9g-P5,,,,X 全窗基线 · 不参与实体赏罚,6874830,688,A168_HF9F_20260827_0900,2026-08-27 09:00:00
2026-07-16,153086925,2145,0,38.7266671830,11.6180001549,11.6180001549,0.5000000,2,2,0.50665070000000000,0.506650700000,-0.018812684590367487,-0.018812684590367487,-0.018812684590367487,0E-17,ELIGIBLE,R03b_20260811_FULL_v1,L1_ELIGIBILITY,v2026-08-11,2026-03-21..2026-08-06,baccarat_bet02_101_all_pairs_incl_sentinel,round_win = game_pnl > 0 (decisive only),COMPATIBILITY_ONLY_NOT_PRODUCTION,903.6222,903.6222,168.4610,15,15,-0.18642857,-0.18642857,,-0.18642857,-168.4610,903.6222,THIN_EXPOSURE,0.0000,6.7384,4.0000,96.0000,AG03-UNRESOLVED,ALL5_LEVELS_bet23_to_bet27,6.7384,6.7384,6.7384,6.7384,6.7384,4.000000,4.000000,4.000000,4.000000,4.000000,96.000000,96.000000,96.000000,96.000000,96.000000,5.0,33.6922,31.1025,134.7688,137.3585,PENDING_AG03,FALSE,NOT_FOR_ENFORCEMENT,161.7226,867.4773,168.4610,161.7226,6.7384,0.18642857,0.17897143,6.7384,161.7226,0.17897143,6.7384,6.7384,6.7384,6.7384,6.7384,161.7226,0.17897143,33.6922,31.1025,134.7688,137.3585,0.14914286,0.15200877,0.00745714,60.2415,60.2415,11.2307,84.2305,24.0659,451.8111,7.5000,60.2415,,25.8178,51.6356,109.7256,129.0889,148.4522,154.9067,51.6356,12.2634,2.875,3.0,1.166667,5,6,2,2,1.00000000,0.18642857,0.18642857,0E-8,0.000000,1.000000,0.000000,,2026-07-16,2026-07-17,2,7,7,2,1.000000,,1.000000,3.333333,,,,,,,,GLOBAL_BASELINE_NO_ENTITY_RANKING,,,NOT_APPLICABLE_GLOBAL_BASELINE,HF9g-P5,,,,X 全窗基线 · 不参与实体赏罚,6874831,688,A168_HF9F_20260827_0900,2026-08-27 09:00:00
2026-07-17,153086925,2155,0,25.8177781220,24.5268892159,24.5268892159,1.0000000,1,1,0.50665070000000000,0.506650700000,0.9867858985152569,0.9867858985152569,0.9867858985152569,0E-17,ELIGIBLE,R03b_20260811_FULL_v1,L1_ELIGIBILITY,v2026-08-11,2026-03-21..2026-08-06,baccarat_bet02_101_all_pairs_incl_sentinel,round_win = game_pnl > 0 (decisive only),COMPATIBILITY_ONLY_NOT_PRODUCTION,903.6222,903.6222,168.4610,15,15,-0.18642857,-0.18642857,,-0.18642857,-168.4610,903.6222,THIN_EXPOSURE,0.0000,6.7384,4.0000,96.0000,AG03-UNRESOLVED,ALL5_LEVELS_bet23_to_bet27,6.7384,6.7384,6.7384,6.7384,6.7384,4.000000,4.000000,4.000000,4.000000,4.000000,96.000000,96.000000,96.000000,96.000000,96.000000,5.0,33.6922,31.1025,134.7688,137.3585,PENDING_AG03,FALSE,NOT_FOR_ENFORCEMENT,161.7226,867.4773,168.4610,161.7226,6.7384,0.18642857,0.17897143,6.7384,161.7226,0.17897143,6.7384,6.7384,6.7384,6.7384,6.7384,161.7226,0.17897143,33.6922,31.1025,134.7688,137.3585,0.14914286,0.15200877,0.00745714,60.2415,60.2415,11.2307,84.2305,24.0659,451.8111,7.5000,60.2415,,25.8178,51.6356,109.7256,129.0889,148.4522,154.9067,51.6356,12.2634,2.875,3.0,1.166667,5,6,2,2,1.00000000,0.18642857,0.18642857,0E-8,0.000000,1.000000,0.000000,,2026-07-16,2026-07-17,2,7,7,2,1.000000,,1.000000,3.333333,,,,,,,,GLOBAL_BASELINE_NO_ENTITY_RANKING,,,NOT_APPLICABLE_GLOBAL_BASELINE,HF9g-P5,,,,X 全窗基线 · 不参与实体赏罚,6874832,688,A168_HF9F_20260827_0900,2026-08-27 09:00:00
2026-07-17,153086925,2174,0,77.4533343660,23.2360003098,23.2360003098,0.5000000,2,2,0.50665070000000000,0.506650700000,-0.018812684590367487,-0.018812684590367487,-0.018812684590367487,0E-17,ELIGIBLE,R03b_20260811_FULL_v1,L1_ELIGIBILITY,v2026-08-11,2026-03-21..2026-08-06,baccarat_bet02_101_all_pairs_incl_sentinel,round_win = game_pnl > 0 (decisive only),COMPATIBILITY_ONLY_NOT_PRODUCTION,903.6222,903.6222,168.4610,15,15,-0.18642857,-0.18642857,,-0.18642857,-168.4610,903.6222,THIN_EXPOSURE,0.0000,6.7384,4.0000,96.0000,AG03-UNRESOLVED,ALL5_LEVELS_bet23_to_bet27,6.7384,6.7384,6.7384,6.7384,6.7384,4.000000,4.000000,4.000000,4.000000,4.000000,96.000000,96.000000,96.000000,96.000000,96.000000,5.0,33.6922,31.1025,134.7688,137.3585,PENDING_AG03,FALSE,NOT_FOR_ENFORCEMENT,161.7226,867.4773,168.4610,161.7226,6.7384,0.18642857,0.17897143,6.7384,161.7226,0.17897143,6.7384,6.7384,6.7384,6.7384,6.7384,161.7226,0.17897143,33.6922,31.1025,134.7688,137.3585,0.14914286,0.15200877,0.00745714,60.2415,60.2415,11.2307,84.2305,24.0659,451.8111,7.5000,60.2415,,25.8178,51.6356,109.7256,129.0889,148.4522,154.9067,51.6356,12.2634,2.875,3.0,1.166667,5,6,2,2,1.00000000,0.18642857,0.18642857,0E-8,0.000000,1.000000,0.000000,,2026-07-16,2026-07-17,2,7,7,2,1.000000,,1.000000,3.333333,,,,,,,,GLOBAL_BASELINE_NO_ENTITY_RANKING,,,NOT_APPLICABLE_GLOBAL_BASELINE,HF9g-P5,,,,X 全窗基线 · 不参与实体赏罚,6874833,688,A168_HF9F_20260827_0900,2026-08-27 09:00:00
2026-07-17,153086925,2233,0,722.8977874164,-264.6322257507,-264.6322257507,0.3750000,8,8,0.49994810000000000,0.499948100000,-0.7068131942587571,-0.7068131942587571,-0.7068131942587571,0E-17,ELIGIBLE,R03b_20260811_FULL_v1,L1_ELIGIBILITY,v2026-08-11,2026-03-21..2026-08-06,baccarat_bet02_101_all_pairs_incl_sentinel,round_win = game_pnl > 0 (decisive only),COMPATIBILITY_ONLY_NOT_PRODUCTION,903.6222,903.6222,168.4610,15,15,-0.18642857,-0.18642857,,-0.18642857,-168.4610,903.6222,THIN_EXPOSURE,0.0000,6.7384,4.0000,96.0000,AG03-UNRESOLVED,ALL5_LEVELS_bet23_to_bet27,6.7384,6.7384,6.7384,6.7384,6.7384,4.000000,4.000000,4.000000,4.000000,4.000000,96.000000,96.000000,96.000000,96.000000,96.000000,5.0,33.6922,31.1025,134.7688,137.3585,PENDING_AG03,FALSE,NOT_FOR_ENFORCEMENT,161.7226,867.4773,168.4610,161.7226,6.7384,0.18642857,0.17897143,6.7384,161.7226,0.17897143,6.7384,6.7384,6.7384,6.7384,6.7384,161.7226,0.17897143,33.6922,31.1025,134.7688,137.3585,0.14914286,0.15200877,0.00745714,60.2415,60.2415,11.2307,84.2305,24.0659,451.8111,7.5000,60.2415,,25.8178,51.6356,109.7256,129.0889,148.4522,154.9067,51.6356,12.2634,2.875,3.0,1.166667,5,6,2,2,1.00000000,0.18642857,0.18642857,0E-8,0.000000,1.000000,0.000000,,2026-07-16,2026-07-17,2,7,7,2,1.000000,,1.000000,3.333333,,,,,,,,GLOBAL_BASELINE_NO_ENTITY_RANKING,,,NOT_APPLICABLE_GLOBAL_BASELINE,HF9g-P5,,,,X 全窗基线 · 不参与实体赏罚,6874834,688,A168_HF9F_20260827_0900,2026-08-27 09:00:00
2026-06-11,151305094,1157,0,36.0017486564,22.6296705840,22.6296705840,1.0000000,3,3,0.49771390000000000,0.497713900000,1.4206944795187548,1.420694479518755,1.4206944795187548,0E-17,ELIGIBLE,R03b_20260811_FULL_v1,L1_ELIGIBILITY,v2026-08-11,2026-03-21..2026-08-06,baccarat_bet02_101_all_pairs_incl_sentinel,round_win = game_pnl > 0 (decisive only),COMPATIBILITY_ONLY_NOT_PRODUCTION,1499.2157,1401.4966,166.7267,131,131,-0.11120926,,-0.11120926,-0.11120926,-166.7267,1499.2157,OK,0.0000,5.0018,3.0000,97.0000,AG03-UNRESOLVED,ALL5_LEVELS_bet23_to_bet27,5.0018,5.0018,5.0018,6.6691,6.6691,3.000000,3.000000,3.000000,4.000000,4.000000,97.000000,97.000000,97.000000,96.000000,96.000000,5.0,28.3435,26.4896,138.3831,140.237,PENDING_AG03,FALSE,NOT_FOR_ENFORCEMENT,161.7249,1359.4517,166.7267,161.7249,5.0018,0.11120926,0.10787298,5.0018,161.7249,0.10787298,5.0018,5.0018,5.0018,6.6691,6.6691,161.7249,0.10787298,28.3435,26.4896,138.3831,140.237,0.09230369,0.09354027,0.00333628,11.4444,10.6984,1.2727,41.6817,8.3363,374.8039,32.7500,,11.4444,7.7147,12.8578,12.8578,13.8864,18.0009,26.2041,12.8578,0.0,1.4,2.038001,0.890076,7,22,2,2,0E-8,0.11120926,,0E-8,0.000000,0.934820,0.000000,,2026-06-11,2026-06-18,4,20,15,8,0.500000,,,0.000000,,,,,,,,GLOBAL_BASELINE_NO_ENTITY_RANKING,,,NOT_APPLICABLE_GLOBAL_BASELINE,HF9g-P5,,,,X 全窗基线 · 不参与实体赏罚,6874835,688,A168_HF9F_20260827_0900,2026-08-27 09:00:00
2026-06-11,151305094,1645,0,18.0008743282,2.0572427803,2.0572427803,0.5000000,2,2,0.49994810000000000,0.499948100000,0.00014679536856514622,0.00014679536856514622,0.00014679536856514622,0E-17,ELIGIBLE,R03b_20260811_FULL_v1,L1_ELIGIBILITY,v2026-08-11,2026-03-21..2026-08-06,baccarat_bet02_101_all_pairs_incl_sentinel,round_win = game_pnl > 0 (decisive only),COMPATIBILITY_ONLY_NOT_PRODUCTION,1499.2157,1401.4966,166.7267,131,131,-0.11120926,,-0.11120926,-0.11120926,-166.7267,1499.2157,OK,0.0000,5.0018,3.0000,97.0000,AG03-UNRESOLVED,ALL5_LEVELS_bet23_to_bet27,5.0018,5.0018,5.0018,6.6691,6.6691,3.000000,3.000000,3.000000,4.000000,4.000000,97.000000,97.000000,97.000000,96.000000,96.000000,5.0,28.3435,26.4896,138.3831,140.237,PENDING_AG03,FALSE,NOT_FOR_ENFORCEMENT,161.7249,1359.4517,166.7267,161.7249,5.0018,0.11120926,0.10787298,5.0018,161.7249,0.10787298,5.0018,5.0018,5.0018,6.6691,6.6691,161.7249,0.10787298,28.3435,26.4896,138.3831,140.237,0.09230369,0.09354027,0.00333628,11.4444,10.6984,1.2727,41.6817,8.3363,374.8039,32.7500,,11.4444,7.7147,12.8578,12.8578,13.8864,18.0009,26.2041,12.8578,0.0,1.4,2.038001,0.890076,7,22,2,2,0E-8,0.11120926,,0E-8,0.000000,0.934820,0.000000,,2026-06-11,2026-06-18,4,20,15,8,0.500000,,,0.000000,,,,,,,,GLOBAL_BASELINE_NO_ENTITY_RANKING,,,NOT_APPLICABLE_GLOBAL_BASELINE,HF9g-P5,,,,X 全窗基线 · 不参与实体赏罚,6874836,688,A168_HF9F_20260827_0900,2026-08-27 09:00:00
2026-06-11,151305094,1646,0,38.5733021319,11.5719906395,11.5719906395,0.6666667,3,3,0.50665070000000000,0.506650700000,0.5543606114942035,0.5543606114942035,0.5543606114942035,0E-17,ELIGIBLE,R03b_20260811_FULL_v1,L1_ELIGIBILITY,v2026-08-11,2026-03-21..2026-08-06,baccarat_bet02_101_all_pairs_incl_sentinel,round_win = game_pnl > 0 (decisive only),COMPATIBILITY_ONLY_NOT_PRODUCTION,1499.2157,1401.4966,166.7267,131,131,-0.11120926,,-0.11120926,-0.11120926,-166.7267,1499.2157,OK,0.0000,5.0018,3.0000,97.0000,AG03-UNRESOLVED,ALL5_LEVELS_bet23_to_bet27,5.0018,5.0018,5.0018,6.6691,6.6691,3.000000,3.000000,3.000000,4.000000,4.000000,97.000000,97.000000,97.000000,96.000000,96.000000,5.0,28.3435,26.4896,138.3831,140.237,PENDING_AG03,FALSE,NOT_FOR_ENFORCEMENT,161.7249,1359.4517,166.7267,161.7249,5.0018,0.11120926,0.10787298,5.0018,161.7249,0.10787298,5.0018,5.0018,5.0018,6.6691,6.6691,161.7249,0.10787298,28.3435,26.4896,138.3831,140.237,0.09230369,0.09354027,0.00333628,11.4444,10.6984,1.2727,41.6817,8.3363,374.8039,32.7500,,11.4444,7.7147,12.8578,12.8578,13.8864,18.0009,26.2041,12.8578,0.0,1.4,2.038001,0.890076,7,22,2,2,0E-8,0.11120926,,0E-8,0.000000,0.934820,0.000000,,2026-06-11,2026-06-18,4,20,15,8,0.500000,,,0.000000,,,,,,,,GLOBAL_BASELINE_NO_ENTITY_RANKING,,,NOT_APPLICABLE_GLOBAL_BASELINE,HF9g-P5,,,,X 全窗基线 · 不参与实体赏罚,6874837,688,A168_HF9F_20260827_0900,2026-08-27 09:00:00
2026-06-11,151305094,2171,0,167.1509759047,-90.0043716409,-90.0043716409,0.2727273,11,11,0.49690146363636364,0.496901463636,-1.4870319118994983,-1.487031911897093,-1.4870319118994983,3.6364E-13,ELIGIBLE,R03b_20260811_FULL_v1,L1_ELIGIBILITY,v2026-08-11,2026-03-21..2026-08-06,baccarat_bet02_101_all_pairs_incl_sentinel,round_win = game_pnl > 0 (decisive only),COMPATIBILITY_ONLY_NOT_PRODUCTION,1499.2157,1401.4966,166.7267,131,131,-0.11120926,,-0.11120926,-0.11120926,-166.7267,1499.2157,OK,0.0000,5.0018,3.0000,97.0000,AG03-UNRESOLVED,ALL5_LEVELS_bet23_to_bet27,5.0018,5.0018,5.0018,6.6691,6.6691,3.000000,3.000000,3.000000,4.000000,4.000000,97.000000,97.000000,97.000000,96.000000,96.000000,5.0,28.3435,26.4896,138.3831,140.237,PENDING_AG03,FALSE,NOT_FOR_ENFORCEMENT,161.7249,1359.4517,166.7267,161.7249,5.0018,0.11120926,0.10787298,5.0018,161.7249,0.10787298,5.0018,5.0018,5.0018,6.6691,6.6691,161.7249,0.10787298,28.3435,26.4896,138.3831,140.237,0.09230369,0.09354027,0.00333628,11.4444,10.6984,1.2727,41.6817,8.3363,374.8039,32.7500,,11.4444,7.7147,12.8578,12.8578,13.8864,18.0009,26.2041,12.8578,0.0,1.4,2.038001,0.890076,7,22,2,2,0E-8,0.11120926,,0E-8,0.000000,0.934820,0.000000,,2026-06-11,2026-06-18,4,20,15,8,0.500000,,,0.000000,,,,,,,,GLOBAL_BASELINE_NO_ENTITY_RANKING,,,NOT_APPLICABLE_GLOBAL_BASELINE,HF9g-P5,,,,X 全窗基线 · 不参与实体赏罚,6874838,688,A168_HF9F_20260827_0900,2026-08-27 09:00:00
2026-06-11,151305094,2176,0,97.7190320675,67.2461233829,67.2461233829,0.8888889,11,11,0.50299473636363636,0.502994736364,2.315406446718843,2.315406446716671,2.315406446718843,-3.6364E-13,ELIGIBLE,R03b_20260811_FULL_v1,L1_ELIGIBILITY,v2026-08-11,2026-03-21..2026-08-06,baccarat_bet02_101_all_pairs_incl_sentinel,round_win = game_pnl > 0 (decisive only),COMPATIBILITY_ONLY_NOT_PRODUCTION,1499.2157,1401.4966,166.7267,131,131,-0.11120926,,-0.11120926,-0.11120926,-166.7267,1499.2157,OK,0.0000,5.0018,3.0000,97.0000,AG03-UNRESOLVED,ALL5_LEVELS_bet23_to_bet27,5.0018,5.0018,5.0018,6.6691,6.6691,3.000000,3.000000,3.000000,4.000000,4.000000,97.000000,97.000000,97.000000,96.000000,96.000000,5.0,28.3435,26.4896,138.3831,140.237,PENDING_AG03,FALSE,NOT_FOR_ENFORCEMENT,161.7249,1359.4517,166.7267,161.7249,5.0018,0.11120926,0.10787298,5.0018,161.7249,0.10787298,5.0018,5.0018,5.0018,6.6691,6.6691,161.7249,0.10787298,28.3435,26.4896,138.3831,140.237,0.09230369,0.09354027,0.00333628,11.4444,10.6984,1.2727,41.6817,8.3363,374.8039,32.7500,,11.4444,7.7147,12.8578,12.8578,13.8864,18.0009,26.2041,12.8578,0.0,1.4,2.038001,0.890076,7,22,2,2,0E-8,0.11120926,,0E-8,0.000000,0.934820,0.000000,,2026-06-11,2026-06-18,4,20,15,8,0.500000,,,0.000000,,,,,,,,GLOBAL_BASELINE_NO_ENTITY_RANKING,,,NOT_APPLICABLE_GLOBAL_BASELINE,HF9g-P5,,,,X 全窗基线 · 不参与实体赏罚,6874839,688,A168_HF9F_20260827_0900,2026-08-27 09:00:00
2026-06-16,151305094,1004,0,8.4861264690,-8.4861264690,-8.4861264690,0E-7,2,2,0.49324550000000000,0.493245500000,-1.3952362676504506,-1.3952362676504506,-1.3952362676504506,0E-17,ELIGIBLE,R03b_20260811_FULL_v1,L1_ELIGIBILITY,v2026-08-11,2026-03-21..2026-08-06,baccarat_bet02_101_all_pairs_incl_sentinel,round_win = game_pnl > 0 (decisive only),COMPATIBILITY_ONLY_NOT_PRODUCTION,1499.2157,1401.4966,166.7267,131,131,-0.11120926,,-0.11120926,-0.11120926,-166.7267,1499.2157,OK,0.0000,5.0018,3.0000,97.0000,AG03-UNRESOLVED,ALL5_LEVELS_bet23_to_bet27,5.0018,5.0018,5.0018,6.6691,6.6691,3.000000,3.000000,3.000000,4.000000,4.000000,97.000000,97.000000,97.000000,96.000000,96.000000,5.0,28.3435,26.4896,138.3831,140.237,PENDING_AG03,FALSE,NOT_FOR_ENFORCEMENT,161.7249,1359.4517,166.7267,161.7249,5.0018,0.11120926,0.10787298,5.0018,161.7249,0.10787298,5.0018,5.0018,5.0018,6.6691,6.6691,161.7249,0.10787298,28.3435,26.4896,138.3831,140.237,0.09230369,0.09354027,0.00333628,11.4444,10.6984,1.2727,41.6817,8.3363,374.8039,32.7500,,11.4444,7.7147,12.8578,12.8578,13.8864,18.0009,26.2041,12.8578,0.0,1.4,2.038001,0.890076,7,22,2,2,0E-8,0.11120926,,0E-8,0.000000,0.934820,0.000000,,2026-06-11,2026-06-18,4,20,15,8,0.500000,,,0.000000,,,,,,,,GLOBAL_BASELINE_NO_ENTITY_RANKING,,,NOT_APPLICABLE_GLOBAL_BASELINE,HF9g-P5,,,,X 全窗基线 · 不参与实体赏罚,6874840,688,A168_HF9F_20260827_0900,2026-08-27 09:00:00
2026-06-16,151305094,2251,0,4.3716409083,4.1530588629,4.1530588629,1.0000000,1,1,0.50665070000000000,0.506650700000,0.9867858985152569,0.9867858985152569,0.9867858985152569,0E-17,ELIGIBLE,R03b_20260811_FULL_v1,L1_ELIGIBILITY,v2026-08-11,2026-03-21..2026-08-06,baccarat_bet02_101_all_pairs_incl_sentinel,round_win = game_pnl > 0 (decisive only),COMPATIBILITY_ONLY_NOT_PRODUCTION,1499.2157,1401.4966,166.7267,131,131,-0.11120926,,-0.11120926,-0.11120926,-166.7267,1499.2157,OK,0.0000,5.0018,3.0000,97.0000,AG03-UNRESOLVED,ALL5_LEVELS_bet23_to_bet27,5.0018,5.0018,5.0018,6.6691,6.6691,3.000000,3.000000,3.000000,4.000000,4.000000,97.000000,97.000000,97.000000,96.000000,96.000000,5.0,28.3435,26.4896,138.3831,140.237,PENDING_AG03,FALSE,NOT_FOR_ENFORCEMENT,161.7249,1359.4517,166.7267,161.7249,5.0018,0.11120926,0.10787298,5.0018,161.7249,0.10787298,5.0018,5.0018,5.0018,6.6691,6.6691,161.7249,0.10787298,28.3435,26.4896,138.3831,140.237,0.09230369,0.09354027,0.00333628,11.4444,10.6984,1.2727,41.6817,8.3363,374.8039,32.7500,,11.4444,7.7147,12.8578,12.8578,13.8864,18.0009,26.2041,12.8578,0.0,1.4,2.038001,0.890076,7,22,2,2,0E-8,0.11120926,,0E-8,0.000000,0.934820,0.000000,,2026-06-11,2026-06-18,4,20,15,8,0.500000,,,0.000000,,,,,,,,GLOBAL_BASELINE_NO_ENTITY_RANKING,,,NOT_APPLICABLE_GLOBAL_BASELINE,HF9g-P5,,,,X 全窗基线 · 不参与实体赏罚,6874841,688,A168_HF9F_20260827_0900,2026-08-27 09:00:00
2026-06-17,151305094,1323,0,77.1466042638,-25.7155347546,-25.7155347546,0.2857143,7,7,0.49516052857142857,0.495160528571,-1.108337260079107,-1.1083372600768482,-1.108337260079107,4.2857E-13,ELIGIBLE,R03b_20260811_FULL_v1,L1_ELIGIBILITY,v2026-08-11,2026-03-21..2026-08-06,baccarat_bet02_101_all_pairs_incl_sentinel,round_win = game_pnl > 0 (decisive only),COMPATIBILITY_ONLY_NOT_PRODUCTION,1499.2157,1401.4966,166.7267,131,131,-0.11120926,,-0.11120926,-0.11120926,-166.7267,1499.2157,OK,0.0000,5.0018,3.0000,97.0000,AG03-UNRESOLVED,ALL5_LEVELS_bet23_to_bet27,5.0018,5.0018,5.0018,6.6691,6.6691,3.000000,3.000000,3.000000,4.000000,4.000000,97.000000,97.000000,97.000000,96.000000,96.000000,5.0,28.3435,26.4896,138.3831,140.237,PENDING_AG03,FALSE,NOT_FOR_ENFORCEMENT,161.7249,1359.4517,166.7267,161.7249,5.0018,0.11120926,0.10787298,5.0018,161.7249,0.10787298,5.0018,5.0018,5.0018,6.6691,6.6691,161.7249,0.10787298,28.3435,26.4896,138.3831,140.237,0.09230369,0.09354027,0.00333628,11.4444,10.6984,1.2727,41.6817,8.3363,374.8039,32.7500,,11.4444,7.7147,12.8578,12.8578,13.8864,18.0009,26.2041,12.8578,0.0,1.4,2.038001,0.890076,7,22,2,2,0E-8,0.11120926,,0E-8,0.000000,0.934820,0.000000,,2026-06-11,2026-06-18,4,20,15,8,0.500000,,,0.000000,,,,,,,,GLOBAL_BASELINE_NO_ENTITY_RANKING,,,NOT_APPLICABLE_GLOBAL_BASELINE,HF9g-P5,,,,X 全窗基线 · 不参与实体赏罚,6874842,688,A168_HF9F_20260827_0900,2026-08-27 09:00:00
2026-06-17,151305094,1331,0,41.1448556073,-41.1448556073,-41.1448556073,0E-7,2,2,0.49994810000000000,0.499948100000,-1.4140667746232096,-1.4140667746232096,-1.4140667746232096,0E-17,ELIGIBLE,R03b_20260811_FULL_v1,L1_ELIGIBILITY,v2026-08-11,2026-03-21..2026-08-06,baccarat_bet02_101_all_pairs_incl_sentinel,round_win = game_pnl > 0 (decisive only),COMPATIBILITY_ONLY_NOT_PRODUCTION,1499.2157,1401.4966,166.7267,131,131,-0.11120926,,-0.11120926,-0.11120926,-166.7267,1499.2157,OK,0.0000,5.0018,3.0000,97.0000,AG03-UNRESOLVED,ALL5_LEVELS_bet23_to_bet27,5.0018,5.0018,5.0018,6.6691,6.6691,3.000000,3.000000,3.000000,4.000000,4.000000,97.000000,97.000000,97.000000,96.000000,96.000000,5.0,28.3435,26.4896,138.3831,140.237,PENDING_AG03,FALSE,NOT_FOR_ENFORCEMENT,161.7249,1359.4517,166.7267,161.7249,5.0018,0.11120926,0.10787298,5.0018,161.7249,0.10787298,5.0018,5.0018,5.0018,6.6691,6.6691,161.7249,0.10787298,28.3435,26.4896,138.3831,140.237,0.09230369,0.09354027,0.00333628,11.4444,10.6984,1.2727,41.6817,8.3363,374.8039,32.7500,,11.4444,7.7147,12.8578,12.8578,13.8864,18.0009,26.2041,12.8578,0.0,1.4,2.038001,0.890076,7,22,2,2,0E-8,0.11120926,,0E-8,0.000000,0.934820,0.000000,,2026-06-11,2026-06-18,4,20,15,8,0.500000,,,0.000000,,,,,,,,GLOBAL_BASELINE_NO_ENTITY_RANKING,,,NOT_APPLICABLE_GLOBAL_BASELINE,HF9g-P5,,,,X 全窗基线 · 不参与实体赏罚,6874843,688,A168_HF9F_20260827_0900,2026-08-27 09:00:00
2026-06-17,151305094,1402,0,128.5776737729,-8.8718594903,-8.8718594903,0.5555556,12,12,0.49771390000000000,0.497713900000,0.34705356093186585,0.34705356093186585,0.34705356093186585,0E-17,ELIGIBLE,R03b_20260811_FULL_v1,L1_ELIGIBILITY,v2026-08-11,2026-03-21..2026-08-06,baccarat_bet02_101_all_pairs_incl_sentinel,round_win = game_pnl > 0 (decisive only),COMPATIBILITY_ONLY_NOT_PRODUCTION,1499.2157,1401.4966,166.7267,131,131,-0.11120926,,-0.11120926,-0.11120926,-166.7267,1499.2157,OK,0.0000,5.0018,3.0000,97.0000,AG03-UNRESOLVED,ALL5_LEVELS_bet23_to_bet27,5.0018,5.0018,5.0018,6.6691,6.6691,3.000000,3.000000,3.000000,4.000000,4.000000,97.000000,97.000000,97.000000,96.000000,96.000000,5.0,28.3435,26.4896,138.3831,140.237,PENDING_AG03,FALSE,NOT_FOR_ENFORCEMENT,161.7249,1359.4517,166.7267,161.7249,5.0018,0.11120926,0.10787298,5.0018,161.7249,0.10787298,5.0018,5.0018,5.0018,6.6691,6.6691,161.7249,0.10787298,28.3435,26.4896,138.3831,140.237,0.09230369,0.09354027,0.00333628,11.4444,10.6984,1.2727,41.6817,8.3363,374.8039,32.7500,,11.4444,7.7147,12.8578,12.8578,13.8864,18.0009,26.2041,12.8578,0.0,1.4,2.038001,0.890076,7,22,2,2,0E-8,0.11120926,,0E-8,0.000000,0.934820,0.000000,,2026-06-11,2026-06-18,4,20,15,8,0.500000,,,0.000000,,,,,,,,GLOBAL_BASELINE_NO_ENTITY_RANKING,,,NOT_APPLICABLE_GLOBAL_BASELINE,HF9g-P5,,,,X 全窗基线 · 不参与实体赏罚,6874844,688,A168_HF9F_20260827_0900,2026-08-27 09:00:00
2026-06-17,151305094,2115,0,12.8577673773,12.8577673773,12.8577673773,1.0000000,1,1,0.49324550000000000,0.493245500000,1.01360149184955,1.01360149184955,1.01360149184955,0E-17,ELIGIBLE,R03b_20260811_FULL_v1,L1_ELIGIBILITY,v2026-08-11,2026-03-21..2026-08-06,baccarat_bet02_101_all_pairs_incl_sentinel,round_win = game_pnl > 0 (decisive only),COMPATIBILITY_ONLY_NOT_PRODUCTION,1499.2157,1401.4966,166.7267,131,131,-0.11120926,,-0.11120926,-0.11120926,-166.7267,1499.2157,OK,0.0000,5.0018,3.0000,97.0000,AG03-UNRESOLVED,ALL5_LEVELS_bet23_to_bet27,5.0018,5.0018,5.0018,6.6691,6.6691,3.000000,3.000000,3.000000,4.000000,4.000000,97.000000,97.000000,97.000000,96.000000,96.000000,5.0,28.3435,26.4896,138.3831,140.237,PENDING_AG03,FALSE,NOT_FOR_ENFORCEMENT,161.7249,1359.4517,166.7267,161.7249,5.0018,0.11120926,0.10787298,5.0018,161.7249,0.10787298,5.0018,5.0018,5.0018,6.6691,6.6691,161.7249,0.10787298,28.3435,26.4896,138.3831,140.237,0.09230369,0.09354027,0.00333628,11.4444,10.6984,1.2727,41.6817,8.3363,374.8039,32.7500,,11.4444,7.7147,12.8578,12.8578,13.8864,18.0009,26.2041,12.8578,0.0,1.4,2.038001,0.890076,7,22,2,2,0E-8,0.11120926,,0E-8,0.000000,0.934820,0.000000,,2026-06-11,2026-06-18,4,20,15,8,0.500000,,,0.000000,,,,,,,,GLOBAL_BASELINE_NO_ENTITY_RANKING,,,NOT_APPLICABLE_GLOBAL_BASELINE,HF9g-P5,,,,X 全窗基线 · 不参与实体赏罚,6874845,688,A168_HF9F_20260827_0900,2026-08-27 09:00:00
2026-06-17,151305094,2145,0,154.2932085276,-13.6292334200,-13.6292334200,0.4615385,14,14,0.50090561428571429,0.500905614286,-0.2838810412416918,-0.28388104124375235,-0.2838810412416918,-2.8571E-13,ELIGIBLE,R03b_20260811_FULL_v1,L1_ELIGIBILITY,v2026-08-11,2026-03-21..2026-08-06,baccarat_bet02_101_all_pairs_incl_sentinel,round_win = game_pnl > 0 (decisive only),COMPATIBILITY_ONLY_NOT_PRODUCTION,1499.2157,1401.4966,166.7267,131,131,-0.11120926,,-0.11120926,-0.11120926,-166.7267,1499.2157,OK,0.0000,5.0018,3.0000,97.0000,AG03-UNRESOLVED,ALL5_LEVELS_bet23_to_bet27,5.0018,5.0018,5.0018,6.6691,6.6691,3.000000,3.000000,3.000000,4.000000,4.000000,97.000000,97.000000,97.000000,96.000000,96.000000,5.0,28.3435,26.4896,138.3831,140.237,PENDING_AG03,FALSE,NOT_FOR_ENFORCEMENT,161.7249,1359.4517,166.7267,161.7249,5.0018,0.11120926,0.10787298,5.0018,161.7249,0.10787298,5.0018,5.0018,5.0018,6.6691,6.6691,161.7249,0.10787298,28.3435,26.4896,138.3831,140.237,0.09230369,0.09354027,0.00333628,11.4444,10.6984,1.2727,41.6817,8.3363,374.8039,32.7500,,11.4444,7.7147,12.8578,12.8578,13.8864,18.0009,26.2041,12.8578,0.0,1.4,2.038001,0.890076,7,22,2,2,0E-8,0.11120926,,0E-8,0.000000,0.934820,0.000000,,2026-06-11,2026-06-18,4,20,15,8,0.500000,,,0.000000,,,,,,,,GLOBAL_BASELINE_NO_ENTITY_RANKING,,,NOT_APPLICABLE_GLOBAL_BASELINE,HF9g-P5,,,,X 全窗基线 · 不参与实体赏罚,6874846,688,A168_HF9F_20260827_0900,2026-08-27 09:00:00
2026-06-17,151305094,2246,0,38.5733021318,10.0290585543,10.0290585543,0.5000000,5,5,0.49860758000000000,0.498607580000,0.005569701597489473,0.005569701597489473,0.005569701597489473,0E-17,ELIGIBLE,R03b_20260811_FULL_v1,L1_ELIGIBILITY,v2026-08-11,2026-03-21..2026-08-06,baccarat_bet02_101_all_pairs_incl_sentinel,round_win = game_pnl > 0 (decisive only),COMPATIBILITY_ONLY_NOT_PRODUCTION,1499.2157,1401.4966,166.7267,131,131,-0.11120926,,-0.11120926,-0.11120926,-166.7267,1499.2157,OK,0.0000,5.0018,3.0000,97.0000,AG03-UNRESOLVED,ALL5_LEVELS_bet23_to_bet27,5.0018,5.0018,5.0018,6.6691,6.6691,3.000000,3.000000,3.000000,4.000000,4.000000,97.000000,97.000000,97.000000,96.000000,96.000000,5.0,28.3435,26.4896,138.3831,140.237,PENDING_AG03,FALSE,NOT_FOR_ENFORCEMENT,161.7249,1359.4517,166.7267,161.7249,5.0018,0.11120926,0.10787298,5.0018,161.7249,0.10787298,5.0018,5.0018,5.0018,6.6691,6.6691,161.7249,0.10787298,28.3435,26.4896,138.3831,140.237,0.09230369,0.09354027,0.00333628,11.4444,10.6984,1.2727,41.6817,8.3363,374.8039,32.7500,,11.4444,7.7147,12.8578,12.8578,13.8864,18.0009,26.2041,12.8578,0.0,1.4,2.038001,0.890076,7,22,2,2,0E-8,0.11120926,,0E-8,0.000000,0.934820,0.000000,,2026-06-11,2026-06-18,4,20,15,8,0.500000,,,0.000000,,,,,,,,GLOBAL_BASELINE_NO_ENTITY_RANKING,,,NOT_APPLICABLE_GLOBAL_BASELINE,HF9g-P5,,,,X 全窗基线 · 不参与实体赏罚,6874847,688,A168_HF9F_20260827_0900,2026-08-27 09:00:00
2026-06-17,151305094,772,0,12.8577673773,-12.8577673773,-12.8577673773,0E-7,1,1,0.49324550000000000,0.493245500000,-0.9865810262130424,-0.9865810262130424,-0.9865810262130424,0E-17,ELIGIBLE,R03b_20260811_FULL_v1,L1_ELIGIBILITY,v2026-08-11,2026-03-21..2026-08-06,baccarat_bet02_101_all_pairs_incl_sentinel,round_win = game_pnl > 0 (decisive only),COMPATIBILITY_ONLY_NOT_PRODUCTION,1499.2157,1401.4966,166.7267,131,131,-0.11120926,,-0.11120926,-0.11120926,-166.7267,1499.2157,OK,0.0000,5.0018,3.0000,97.0000,AG03-UNRESOLVED,ALL5_LEVELS_bet23_to_bet27,5.0018,5.0018,5.0018,6.6691,6.6691,3.000000,3.000000,3.000000,4.000000,4.000000,97.000000,97.000000,97.000000,96.000000,96.000000,5.0,28.3435,26.4896,138.3831,140.237,PENDING_AG03,FALSE,NOT_FOR_ENFORCEMENT,161.7249,1359.4517,166.7267,161.7249,5.0018,0.11120926,0.10787298,5.0018,161.7249,0.10787298,5.0018,5.0018,5.0018,6.6691,6.6691,161.7249,0.10787298,28.3435,26.4896,138.3831,140.237,0.09230369,0.09354027,0.00333628,11.4444,10.6984,1.2727,41.6817,8.3363,374.8039,32.7500,,11.4444,7.7147,12.8578,12.8578,13.8864,18.0009,26.2041,12.8578,0.0,1.4,2.038001,0.890076,7,22,2,2,0E-8,0.11120926,,0E-8,0.000000,0.934820,0.000000,,2026-06-11,2026-06-18,4,20,15,8,0.500000,,,0.000000,,,,,,,,GLOBAL_BASELINE_NO_ENTITY_RANKING,,,NOT_APPLICABLE_GLOBAL_BASELINE,HF9g-P5,,,,X 全窗基线 · 不参与实体赏罚,6874848,688,A168_HF9F_20260827_0900,2026-08-27 09:00:00
2026-06-18,151305094,1210,0,18.0008743282,17.1008306117,17.1008306117,1.0000000,2,2,0.50665070000000000,0.506650700000,1.3955260008387969,1.3955260008387969,1.3955260008387969,0E-17,ELIGIBLE,R03b_20260811_FULL_v1,L1_ELIGIBILITY,v2026-08-11,2026-03-21..2026-08-06,baccarat_bet02_101_all_pairs_incl_sentinel,round_win = game_pnl > 0 (decisive only),COMPATIBILITY_ONLY_NOT_PRODUCTION,1499.2157,1401.4966,166.7267,131,131,-0.11120926,,-0.11120926,-0.11120926,-166.7267,1499.2157,OK,0.0000,5.0018,3.0000,97.0000,AG03-UNRESOLVED,ALL5_LEVELS_bet23_to_bet27,5.0018,5.0018,5.0018,6.6691,6.6691,3.000000,3.000000,3.000000,4.000000,4.000000,97.000000,97.000000,97.000000,96.000000,96.000000,5.0,28.3435,26.4896,138.3831,140.237,PENDING_AG03,FALSE,NOT_FOR_ENFORCEMENT,161.7249,1359.4517,166.7267,161.7249,5.0018,0.11120926,0.10787298,5.0018,161.7249,0.10787298,5.0018,5.0018,5.0018,6.6691,6.6691,161.7249,0.10787298,28.3435,26.4896,138.3831,140.237,0.09230369,0.09354027,0.00333628,11.4444,10.6984,1.2727,41.6817,8.3363,374.8039,32.7500,,11.4444,7.7147,12.8578,12.8578,13.8864,18.0009,26.2041,12.8578,0.0,1.4,2.038001,0.890076,7,22,2,2,0E-8,0.11120926,,0E-8,0.000000,0.934820,0.000000,,2026-06-11,2026-06-18,4,20,15,8,0.500000,,,0.000000,,,,,,,,GLOBAL_BASELINE_NO_ENTITY_RANKING,,,NOT_APPLICABLE_GLOBAL_BASELINE,HF9g-P5,,,,X 全窗基线 · 不参与实体赏罚,6874849,688,A168_HF9F_20260827_0900,2026-08-27 09:00:00
2026-06-18,151305094,1306,0,61.7172834110,-36.6446370253,-36.6446370253,0.2000000,5,5,0.50396966000000000,0.503969660000,-1.3594364909357963,-1.3594364909357963,-1.3594364909357963,0E-17,ELIGIBLE,R03b_20260811_FULL_v1,L1_ELIGIBILITY,v2026-08-11,2026-03-21..2026-08-06,baccarat_bet02_101_all_pairs_incl_sentinel,round_win = game_pnl > 0 (decisive only),COMPATIBILITY_ONLY_NOT_PRODUCTION,1499.2157,1401.4966,166.7267,131,131,-0.11120926,,-0.11120926,-0.11120926,-166.7267,1499.2157,OK,0.0000,5.0018,3.0000,97.0000,AG03-UNRESOLVED,ALL5_LEVELS_bet23_to_bet27,5.0018,5.0018,5.0018,6.6691,6.6691,3.000000,3.000000,3.000000,4.000000,4.000000,97.000000,97.000000,97.000000,96.000000,96.000000,5.0,28.3435,26.4896,138.3831,140.237,PENDING_AG03,FALSE,NOT_FOR_ENFORCEMENT,161.7249,1359.4517,166.7267,161.7249,5.0018,0.11120926,0.10787298,5.0018,161.7249,0.10787298,5.0018,5.0018,5.0018,6.6691,6.6691,161.7249,0.10787298,28.3435,26.4896,138.3831,140.237,0.09230369,0.09354027,0.00333628,11.4444,10.6984,1.2727,41.6817,8.3363,374.8039,32.7500,,11.4444,7.7147,12.8578,12.8578,13.8864,18.0009,26.2041,12.8578,0.0,1.4,2.038001,0.890076,7,22,2,2,0E-8,0.11120926,,0E-8,0.000000,0.934820,0.000000,,2026-06-11,2026-06-18,4,20,15,8,0.500000,,,0.000000,,,,,,,,GLOBAL_BASELINE_NO_ENTITY_RANKING,,,NOT_APPLICABLE_GLOBAL_BASELINE,HF9g-P5,,,,X 全窗基线 · 不参与实体赏罚,6874850,688,A168_HF9F_20260827_0900,2026-08-27 09:00:00
2026-06-18,151305094,1325,0,95.1474785919,5.6574176460,5.6574176460,0.6000000,10,10,0.49994810000000000,0.499948100000,0.6327837798637467,0.6327837798637467,0.6327837798637467,0E-17,ELIGIBLE,R03b_20260811_FULL_v1,L1_ELIGIBILITY,v2026-08-11,2026-03-21..2026-08-06,baccarat_bet02_101_all_pairs_incl_sentinel,round_win = game_pnl > 0 (decisive only),COMPATIBILITY_ONLY_NOT_PRODUCTION,1499.2157,1401.4966,166.7267,131,131,-0.11120926,,-0.11120926,-0.11120926,-166.7267,1499.2157,OK,0.0000,5.0018,3.0000,97.0000,AG03-UNRESOLVED,ALL5_LEVELS_bet23_to_bet27,5.0018,5.0018,5.0018,6.6691,6.6691,3.000000,3.000000,3.000000,4.000000,4.000000,97.000000,97.000000,97.000000,96.000000,96.000000,5.0,28.3435,26.4896,138.3831,140.237,PENDING_AG03,FALSE,NOT_FOR_ENFORCEMENT,161.7249,1359.4517,166.7267,161.7249,5.0018,0.11120926,0.10787298,5.0018,161.7249,0.10787298,5.0018,5.0018,5.0018,6.6691,6.6691,161.7249,0.10787298,28.3435,26.4896,138.3831,140.237,0.09230369,0.09354027,0.00333628,11.4444,10.6984,1.2727,41.6817,8.3363,374.8039,32.7500,,11.4444,7.7147,12.8578,12.8578,13.8864,18.0009,26.2041,12.8578,0.0,1.4,2.038001,0.890076,7,22,2,2,0E-8,0.11120926,,0E-8,0.000000,0.934820,0.000000,,2026-06-11,2026-06-18,4,20,15,8,0.500000,,,0.000000,,,,,,,,GLOBAL_BASELINE_NO_ENTITY_RANKING,,,NOT_APPLICABLE_GLOBAL_BASELINE,HF9g-P5,,,,X 全窗基线 · 不参与实体赏罚,6874851,688,A168_HF9F_20260827_0900,2026-08-27 09:00:00
2026-06-18,151305094,1353,0,141.4354411501,-90.6472600098,-90.6472600098,0.2222222,9,9,0.49622443333333333,0.496224433333,-1.6440601391726113,-1.6440601391706195,-1.6440601391726113,3.3333E-13,ELIGIBLE,R03b_20260811_FULL_v1,L1_ELIGIBILITY,v2026-08-11,2026-03-21..2026-08-06,baccarat_bet02_101_all_pairs_incl_sentinel,round_win = game_pnl > 0 (decisive only),COMPATIBILITY_ONLY_NOT_PRODUCTION,1499.2157,1401.4966,166.7267,131,131,-0.11120926,,-0.11120926,-0.11120926,-166.7267,1499.2157,OK,0.0000,5.0018,3.0000,97.0000,AG03-UNRESOLVED,ALL5_LEVELS_bet23_to_bet27,5.0018,5.0018,5.0018,6.6691,6.6691,3.000000,3.000000,3.000000,4.000000,4.000000,97.000000,97.000000,97.000000,96.000000,96.000000,5.0,28.3435,26.4896,138.3831,140.237,PENDING_AG03,FALSE,NOT_FOR_ENFORCEMENT,161.7249,1359.4517,166.7267,161.7249,5.0018,0.11120926,0.10787298,5.0018,161.7249,0.10787298,5.0018,5.0018,5.0018,6.6691,6.6691,161.7249,0.10787298,28.3435,26.4896,138.3831,140.237,0.09230369,0.09354027,0.00333628,11.4444,10.6984,1.2727,41.6817,8.3363,374.8039,32.7500,,11.4444,7.7147,12.8578,12.8578,13.8864,18.0009,26.2041,12.8578,0.0,1.4,2.038001,0.890076,7,22,2,2,0E-8,0.11120926,,0E-8,0.000000,0.934820,0.000000,,2026-06-11,2026-06-18,4,20,15,8,0.500000,,,0.000000,,,,,,,,GLOBAL_BASELINE_NO_ENTITY_RANKING,,,NOT_APPLICABLE_GLOBAL_BASELINE,HF9g-P5,,,,X 全窗基线 · 不参与实体赏罚,6874852,688,A168_HF9F_20260827_0900,2026-08-27 09:00:00
2026-06-18,151305094,1940,0,69.4319438374,-0.6428883689,-0.6428883689,0.5000000,7,7,0.50090561428571429,0.500905614286,-0.00443659308478647,-0.004436593086186165,-0.00443659308478647,-2.8571E-13,ELIGIBLE,R03b_20260811_FULL_v1,L1_ELIGIBILITY,v2026-08-11,2026-03-21..2026-08-06,baccarat_bet02_101_all_pairs_incl_sentinel,round_win = game_pnl > 0 (decisive only),COMPATIBILITY_ONLY_NOT_PRODUCTION,1499.2157,1401.4966,166.7267,131,131,-0.11120926,,-0.11120926,-0.11120926,-166.7267,1499.2157,OK,0.0000,5.0018,3.0000,97.0000,AG03-UNRESOLVED,ALL5_LEVELS_bet23_to_bet27,5.0018,5.0018,5.0018,6.6691,6.6691,3.000000,3.000000,3.000000,4.000000,4.000000,97.000000,97.000000,97.000000,96.000000,96.000000,5.0,28.3435,26.4896,138.3831,140.237,PENDING_AG03,FALSE,NOT_FOR_ENFORCEMENT,161.7249,1359.4517,166.7267,161.7249,5.0018,0.11120926,0.10787298,5.0018,161.7249,0.10787298,5.0018,5.0018,5.0018,6.6691,6.6691,161.7249,0.10787298,28.3435,26.4896,138.3831,140.237,0.09230369,0.09354027,0.00333628,11.4444,10.6984,1.2727,41.6817,8.3363,374.8039,32.7500,,11.4444,7.7147,12.8578,12.8578,13.8864,18.0009,26.2041,12.8578,0.0,1.4,2.038001,0.890076,7,22,2,2,0E-8,0.11120926,,0E-8,0.000000,0.934820,0.000000,,2026-06-11,2026-06-18,4,20,15,8,0.500000,,,0.000000,,,,,,,,GLOBAL_BASELINE_NO_ENTITY_RANKING,,,NOT_APPLICABLE_GLOBAL_BASELINE,HF9g-P5,,,,X 全窗基线 · 不参与实体赏罚,6874853,688,A168_HF9F_20260827_0900,2026-08-27 09:00:00
2026-06-18,151305094,2088,0,77.1466042637,10.2862139017,10.2862139017,0.4000000,6,6,0.49771390000000000,0.497713900000,-0.4369944132040151,-0.436994413204015,-0.4369944132040151,0E-17,ELIGIBLE,R03b_20260811_FULL_v1,L1_ELIGIBILITY,v2026-08-11,2026-03-21..2026-08-06,baccarat_bet02_101_all_pairs_incl_sentinel,round_win = game_pnl > 0 (decisive only),COMPATIBILITY_ONLY_NOT_PRODUCTION,1499.2157,1401.4966,166.7267,131,131,-0.11120926,,-0.11120926,-0.11120926,-166.7267,1499.2157,OK,0.0000,5.0018,3.0000,97.0000,AG03-UNRESOLVED,ALL5_LEVELS_bet23_to_bet27,5.0018,5.0018,5.0018,6.6691,6.6691,3.000000,3.000000,3.000000,4.000000,4.000000,97.000000,97.000000,97.000000,96.000000,96.000000,5.0,28.3435,26.4896,138.3831,140.237,PENDING_AG03,FALSE,NOT_FOR_ENFORCEMENT,161.7249,1359.4517,166.7267,161.7249,5.0018,0.11120926,0.10787298,5.0018,161.7249,0.10787298,5.0018,5.0018,5.0018,6.6691,6.6691,161.7249,0.10787298,28.3435,26.4896,138.3831,140.237,0.09230369,0.09354027,0.00333628,11.4444,10.6984,1.2727,41.6817,8.3363,374.8039,32.7500,,11.4444,7.7147,12.8578,12.8578,13.8864,18.0009,26.2041,12.8578,0.0,1.4,2.038001,0.890076,7,22,2,2,0E-8,0.11120926,,0E-8,0.000000,0.934820,0.000000,,2026-06-11,2026-06-18,4,20,15,8,0.500000,,,0.000000,,,,,,,,GLOBAL_BASELINE_NO_ENTITY_RANKING,,,NOT_APPLICABLE_GLOBAL_BASELINE,HF9g-P5,,,,X 全窗基线 · 不参与实体赏罚,6874854,688,A168_HF9F_20260827_0900,2026-08-27 09:00:00
2026-06-18,151305094,2223,0,12.8577673773,2.1858204541,2.1858204541,0.5000000,2,2,0.49994810000000000,0.499948100000,0.00014679536856514622,0.00014679536856514622,0.00014679536856514622,0E-17,ELIGIBLE,R03b_20260811_FULL_v1,L1_ELIGIBILITY,v2026-08-11,2026-03-21..2026-08-06,baccarat_bet02_101_all_pairs_incl_sentinel,round_win = game_pnl > 0 (decisive only),COMPATIBILITY_ONLY_NOT_PRODUCTION,1499.2157,1401.4966,166.7267,131,131,-0.11120926,,-0.11120926,-0.11120926,-166.7267,1499.2157,OK,0.0000,5.0018,3.0000,97.0000,AG03-UNRESOLVED,ALL5_LEVELS_bet23_to_bet27,5.0018,5.0018,5.0018,6.6691,6.6691,3.000000,3.000000,3.000000,4.000000,4.000000,97.000000,97.000000,97.000000,96.000000,96.000000,5.0,28.3435,26.4896,138.3831,140.237,PENDING_AG03,FALSE,NOT_FOR_ENFORCEMENT,161.7249,1359.4517,166.7267,161.7249,5.0018,0.11120926,0.10787298,5.0018,161.7249,0.10787298,5.0018,5.0018,5.0018,6.6691,6.6691,161.7249,0.10787298,28.3435,26.4896,138.3831,140.237,0.09230369,0.09354027,0.00333628,11.4444,10.6984,1.2727,41.6817,8.3363,374.8039,32.7500,,11.4444,7.7147,12.8578,12.8578,13.8864,18.0009,26.2041,12.8578,0.0,1.4,2.038001,0.890076,7,22,2,2,0E-8,0.11120926,,0E-8,0.000000,0.934820,0.000000,,2026-06-11,2026-06-18,4,20,15,8,0.500000,,,0.000000,,,,,,,,GLOBAL_BASELINE_NO_ENTITY_RANKING,,,NOT_APPLICABLE_GLOBAL_BASELINE,HF9g-P5,,,,X 全窗基线 · 不参与实体赏罚,6874855,688,A168_HF9F_20260827_0900,2026-08-27 09:00:00
2026-06-18,151305094,2235,0,51.4310695092,0E-10,0E-10,0.5000000,4,4,0.49324550000000000,0.493245500000,0.027020465636507562,0.027020465636507562,0.027020465636507562,0E-17,ELIGIBLE,R03b_20260811_FULL_v1,L1_ELIGIBILITY,v2026-08-11,2026-03-21..2026-08-06,baccarat_bet02_101_all_pairs_incl_sentinel,round_win = game_pnl > 0 (decisive only),COMPATIBILITY_ONLY_NOT_PRODUCTION,1499.2157,1401.4966,166.7267,131,131,-0.11120926,,-0.11120926,-0.11120926,-166.7267,1499.2157,OK,0.0000,5.0018,3.0000,97.0000,AG03-UNRESOLVED,ALL5_LEVELS_bet23_to_bet27,5.0018,5.0018,5.0018,6.6691,6.6691,3.000000,3.000000,3.000000,4.000000,4.000000,97.000000,97.000000,97.000000,96.000000,96.000000,5.0,28.3435,26.4896,138.3831,140.237,PENDING_AG03,FALSE,NOT_FOR_ENFORCEMENT,161.7249,1359.4517,166.7267,161.7249,5.0018,0.11120926,0.10787298,5.0018,161.7249,0.10787298,5.0018,5.0018,5.0018,6.6691,6.6691,161.7249,0.10787298,28.3435,26.4896,138.3831,140.237,0.09230369,0.09354027,0.00333628,11.4444,10.6984,1.2727,41.6817,8.3363,374.8039,32.7500,,11.4444,7.7147,12.8578,12.8578,13.8864,18.0009,26.2041,12.8578,0.0,1.4,2.038001,0.890076,7,22,2,2,0E-8,0.11120926,,0E-8,0.000000,0.934820,0.000000,,2026-06-11,2026-06-18,4,20,15,8,0.500000,,,0.000000,,,,,,,,GLOBAL_BASELINE_NO_ENTITY_RANKING,,,NOT_APPLICABLE_GLOBAL_BASELINE,HF9g-P5,,,,X 全窗基线 · 不参与实体赏罚,6874856,688,A168_HF9F_20260827_0900,2026-08-27 09:00:00
2026-06-18,151305094,2246,0,100.2905855429,7.0717720574,7.0717720574,0.5000000,8,8,0.49994810000000000,0.499948100000,0.00029359073713029245,0.00029359073713029245,0.00029359073713029245,0E-17,ELIGIBLE,R03b_20260811_FULL_v1,L1_ELIGIBILITY,v2026-08-11,2026-03-21..2026-08-06,baccarat_bet02_101_all_pairs_incl_sentinel,round_win = game_pnl > 0 (decisive only),COMPATIBILITY_ONLY_NOT_PRODUCTION,1499.2157,1401.4966,166.7267,131,131,-0.11120926,,-0.11120926,-0.11120926,-166.7267,1499.2157,OK,0.0000,5.0018,3.0000,97.0000,AG03-UNRESOLVED,ALL5_LEVELS_bet23_to_bet27,5.0018,5.0018,5.0018,6.6691,6.6691,3.000000,3.000000,3.000000,4.000000,4.000000,97.000000,97.000000,97.000000,96.000000,96.000000,5.0,28.3435,26.4896,138.3831,140.237,PENDING_AG03,FALSE,NOT_FOR_ENFORCEMENT,161.7249,1359.4517,166.7267,161.7249,5.0018,0.11120926,0.10787298,5.0018,161.7249,0.10787298,5.0018,5.0018,5.0018,6.6691,6.6691,161.7249,0.10787298,28.3435,26.4896,138.3831,140.237,0.09230369,0.09354027,0.00333628,11.4444,10.6984,1.2727,41.6817,8.3363,374.8039,32.7500,,11.4444,7.7147,12.8578,12.8578,13.8864,18.0009,26.2041,12.8578,0.0,1.4,2.038001,0.890076,7,22,2,2,0E-8,0.11120926,,0E-8,0.000000,0.934820,0.000000,,2026-06-11,2026-06-18,4,20,15,8,0.500000,,,0.000000,,,,,,,,GLOBAL_BASELINE_NO_ENTITY_RANKING,,,NOT_APPLICABLE_GLOBAL_BASELINE,HF9g-P5,,,,X 全窗基线 · 不参与实体赏罚,6874857,688,A168_HF9F_20260827_0900,2026-08-27 09:00:00
2026-06-18,151305094,2251,0,36.0017486564,-10.9291022707,-10.9291022707,0.3333333,3,3,0.50665070000000000,0.506650700000,-0.6004420894325239,-0.6004420894325239,-0.6004420894325239,0E-17,ELIGIBLE,R03b_20260811_FULL_v1,L1_ELIGIBILITY,v2026-08-11,2026-03-21..2026-08-06,baccarat_bet02_101_all_pairs_incl_sentinel,round_win = game_pnl > 0 (decisive only),COMPATIBILITY_ONLY_NOT_PRODUCTION,1499.2157,1401.4966,166.7267,131,131,-0.11120926,,-0.11120926,-0.11120926,-166.7267,1499.2157,OK,0.0000,5.0018,3.0000,97.0000,AG03-UNRESOLVED,ALL5_LEVELS_bet23_to_bet27,5.0018,5.0018,5.0018,6.6691,6.6691,3.000000,3.000000,3.000000,4.000000,4.000000,97.000000,97.000000,97.000000,96.000000,96.000000,5.0,28.3435,26.4896,138.3831,140.237,PENDING_AG03,FALSE,NOT_FOR_ENFORCEMENT,161.7249,1359.4517,166.7267,161.7249,5.0018,0.11120926,0.10787298,5.0018,161.7249,0.10787298,5.0018,5.0018,5.0018,6.6691,6.6691,161.7249,0.10787298,28.3435,26.4896,138.3831,140.237,0.09230369,0.09354027,0.00333628,11.4444,10.6984,1.2727,41.6817,8.3363,374.8039,32.7500,,11.4444,7.7147,12.8578,12.8578,13.8864,18.0009,26.2041,12.8578,0.0,1.4,2.038001,0.890076,7,22,2,2,0E-8,0.11120926,,0E-8,0.000000,0.934820,0.000000,,2026-06-11,2026-06-18,4,20,15,8,0.500000,,,0.000000,,,,,,,,GLOBAL_BASELINE_NO_ENTITY_RANKING,,,NOT_APPLICABLE_GLOBAL_BASELINE,HF9g-P5,,,,X 全窗基线 · 不参与实体赏罚,6874858,688,A168_HF9F_20260827_0900,2026-08-27 09:00:00
2026-03-25,101880056,2155,0,26.3317270980,-26.3317270980,-26.3317270980,0E-7,1,1,0.49324550000000000,0.493245500000,-0.9865810262130424,-0.9865810262130424,-0.9865810262130424,0E-17,ELIGIBLE,R03b_20260811_FULL_v1,L1_ELIGIBILITY,v2026-08-11,2026-03-21..2026-08-06,baccarat_bet02_101_all_pairs_incl_sentinel,round_win = game_pnl > 0 (decisive only),COMPATIBILITY_ONLY_NOT_PRODUCTION,1505.2732,1358.6878,168.4672,62,62,-0.11191800,,-0.11191800,-0.11191800,-168.4672,1505.2732,OK,0.0000,6.7387,4.0000,96.0000,AG03-UNRESOLVED,ALL5_LEVELS_bet23_to_bet27,6.7387,6.7387,6.7387,8.4234,8.4234,4.000000,4.000000,4.000000,5.000000,5.000000,96.000000,96.000000,96.000000,95.000000,95.000000,5.0,37.0628,33.9505,131.4044,134.5167,PENDING_AG03,FALSE,NOT_FOR_ENFORCEMENT,161.7285,1304.3403,168.4672,161.7285,6.7387,0.11191800,0.10744128,6.7387,161.7285,0.10744128,6.7387,6.7387,6.7387,8.4234,8.4234,161.7285,0.10744128,37.0628,33.9505,131.4044,134.5167,0.08729604,0.08936364,0.00447672,24.2786,21.9143,2.7172,56.1557,14.0389,501.7577,20.6667,,24.2786,26.176,26.176,26.176,26.176,26.176,49.2295,26.176,0.0,1.0,1.880715,0.927515,4,10,4,2,0E-8,0.11191800,,0E-8,0.000000,0.902619,0.000000,,2026-03-25,2026-04-24,3,12,6,31,0.096774,,,0.000000,,,,,,,,GLOBAL_BASELINE_NO_ENTITY_RANKING,,,NOT_APPLICABLE_GLOBAL_BASELINE,HF9g-P5,,,,X 全窗基线 · 不参与实体赏罚,6874859,688,A168_HF9F_20260827_0900,2026-08-27 09:00:00
2026-04-09,101880056,1941,0,47.1167185824,-0.3926393215,-0.3926393215,0.5000000,6,6,0.50218230000000000,0.502182300000,-0.008729283145653279,-0.008729283145653279,-0.008729283145653279,0E-17,ELIGIBLE,R03b_20260811_FULL_v1,L1_ELIGIBILITY,v2026-08-11,2026-03-21..2026-08-06,baccarat_bet02_101_all_pairs_incl_sentinel,round_win = game_pnl > 0 (decisive only),COMPATIBILITY_ONLY_NOT_PRODUCTION,1505.2732,1358.6878,168.4672,62,62,-0.11191800,,-0.11191800,-0.11191800,-168.4672,1505.2732,OK,0.0000,6.7387,4.0000,96.0000,AG03-UNRESOLVED,ALL5_LEVELS_bet23_to_bet27,6.7387,6.7387,6.7387,8.4234,8.4234,4.000000,4.000000,4.000000,5.000000,5.000000,96.000000,96.000000,96.000000,95.000000,95.000000,5.0,37.0628,33.9505,131.4044,134.5167,PENDING_AG03,FALSE,NOT_FOR_ENFORCEMENT,161.7285,1304.3403,168.4672,161.7285,6.7387,0.11191800,0.10744128,6.7387,161.7285,0.10744128,6.7387,6.7387,6.7387,8.4234,8.4234,161.7285,0.10744128,37.0628,33.9505,131.4044,134.5167,0.08729604,0.08936364,0.00447672,24.2786,21.9143,2.7172,56.1557,14.0389,501.7577,20.6667,,24.2786,26.176,26.176,26.176,26.176,26.176,49.2295,26.176,0.0,1.0,1.880715,0.927515,4,10,4,2,0E-8,0.11191800,,0E-8,0.000000,0.902619,0.000000,,2026-03-25,2026-04-24,3,12,6,31,0.096774,,,0.000000,,,,,,,,GLOBAL_BASELINE_NO_ENTITY_RANKING,,,NOT_APPLICABLE_GLOBAL_BASELINE,HF9g-P5,,,,X 全窗基线 · 不参与实体赏罚,6874860,688,A168_HF9F_20260827_0900,2026-08-27 09:00:00
2026-04-09,101880056,583,0,10.4703819072,-10.4703819072,-10.4703819072,0E-7,1,1,0.50665070000000000,0.506650700000,-1.013391052207602,-1.013391052207602,-1.013391052207602,0E-17,ELIGIBLE,R03b_20260811_FULL_v1,L1_ELIGIBILITY,v2026-08-11,2026-03-21..2026-08-06,baccarat_bet02_101_all_pairs_incl_sentinel,round_win = game_pnl > 0 (decisive only),COMPATIBILITY_ONLY_NOT_PRODUCTION,1505.2732,1358.6878,168.4672,62,62,-0.11191800,,-0.11191800,-0.11191800,-168.4672,1505.2732,OK,0.0000,6.7387,4.0000,96.0000,AG03-UNRESOLVED,ALL5_LEVELS_bet23_to_bet27,6.7387,6.7387,6.7387,8.4234,8.4234,4.000000,4.000000,4.000000,5.000000,5.000000,96.000000,96.000000,96.000000,95.000000,95.000000,5.0,37.0628,33.9505,131.4044,134.5167,PENDING_AG03,FALSE,NOT_FOR_ENFORCEMENT,161.7285,1304.3403,168.4672,161.7285,6.7387,0.11191800,0.10744128,6.7387,161.7285,0.10744128,6.7387,6.7387,6.7387,8.4234,8.4234,161.7285,0.10744128,37.0628,33.9505,131.4044,134.5167,0.08729604,0.08936364,0.00447672,24.2786,21.9143,2.7172,56.1557,14.0389,501.7577,20.6667,,24.2786,26.176,26.176,26.176,26.176,26.176,49.2295,26.176,0.0,1.0,1.880715,0.927515,4,10,4,2,0E-8,0.11191800,,0E-8,0.000000,0.902619,0.000000,,2026-03-25,2026-04-24,3,12,6,31,0.096774,,,0.000000,,,,,,,,GLOBAL_BASELINE_NO_ENTITY_RANKING,,,NOT_APPLICABLE_GLOBAL_BASELINE,HF9g-P5,,,,X 全窗基线 · 不参与实体赏罚,6874861,688,A168_HF9F_20260827_0900,2026-08-27 09:00:00
2026-04-24,101880056,1017,0,183.2316833760,129.5709761016,129.5709761016,0.8571429,7,7,0.49707555714285714,0.497075557143,1.9053296525248744,1.9053296525241152,1.9053296525248744,-1.4286E-13,ELIGIBLE,R03b_20260811_FULL_v1,L1_ELIGIBILITY,v2026-08-11,2026-03-21..2026-08-06,baccarat_bet02_101_all_pairs_incl_sentinel,round_win = game_pnl > 0 (decisive only),COMPATIBILITY_ONLY_NOT_PRODUCTION,1505.2732,1358.6878,168.4672,62,62,-0.11191800,,-0.11191800,-0.11191800,-168.4672,1505.2732,OK,0.0000,6.7387,4.0000,96.0000,AG03-UNRESOLVED,ALL5_LEVELS_bet23_to_bet27,6.7387,6.7387,6.7387,8.4234,8.4234,4.000000,4.000000,4.000000,5.000000,5.000000,96.000000,96.000000,96.000000,95.000000,95.000000,5.0,37.0628,33.9505,131.4044,134.5167,PENDING_AG03,FALSE,NOT_FOR_ENFORCEMENT,161.7285,1304.3403,168.4672,161.7285,6.7387,0.11191800,0.10744128,6.7387,161.7285,0.10744128,6.7387,6.7387,6.7387,8.4234,8.4234,161.7285,0.10744128,37.0628,33.9505,131.4044,134.5167,0.08729604,0.08936364,0.00447672,24.2786,21.9143,2.7172,56.1557,14.0389,501.7577,20.6667,,24.2786,26.176,26.176,26.176,26.176,26.176,49.2295,26.176,0.0,1.0,1.880715,0.927515,4,10,4,2,0E-8,0.11191800,,0E-8,0.000000,0.902619,0.000000,,2026-03-25,2026-04-24,3,12,6,31,0.096774,,,0.000000,,,,,,,,GLOBAL_BASELINE_NO_ENTITY_RANKING,,,NOT_APPLICABLE_GLOBAL_BASELINE,HF9g-P5,,,,X 全窗基线 · 不参与实体赏罚,6874862,688,A168_HF9F_20260827_0900,2026-08-27 09:00:00
2026-04-24,101880056,1109,0,549.6950501279,-134.8061670551,-134.8061670551,0.3888889,20,20,0.49726706000000000,0.497267060000,-0.9196330142120724,-0.9196330142120724,-0.9196330142120724,0E-17,ELIGIBLE,R03b_20260811_FULL_v1,L1_ELIGIBILITY,v2026-08-11,2026-03-21..2026-08-06,baccarat_bet02_101_all_pairs_incl_sentinel,round_win = game_pnl > 0 (decisive only),COMPATIBILITY_ONLY_NOT_PRODUCTION,1505.2732,1358.6878,168.4672,62,62,-0.11191800,,-0.11191800,-0.11191800,-168.4672,1505.2732,OK,0.0000,6.7387,4.0000,96.0000,AG03-UNRESOLVED,ALL5_LEVELS_bet23_to_bet27,6.7387,6.7387,6.7387,8.4234,8.4234,4.000000,4.000000,4.000000,5.000000,5.000000,96.000000,96.000000,96.000000,95.000000,95.000000,5.0,37.0628,33.9505,131.4044,134.5167,PENDING_AG03,FALSE,NOT_FOR_ENFORCEMENT,161.7285,1304.3403,168.4672,161.7285,6.7387,0.11191800,0.10744128,6.7387,161.7285,0.10744128,6.7387,6.7387,6.7387,8.4234,8.4234,161.7285,0.10744128,37.0628,33.9505,131.4044,134.5167,0.08729604,0.08936364,0.00447672,24.2786,21.9143,2.7172,56.1557,14.0389,501.7577,20.6667,,24.2786,26.176,26.176,26.176,26.176,26.176,49.2295,26.176,0.0,1.0,1.880715,0.927515,4,10,4,2,0E-8,0.11191800,,0E-8,0.000000,0.902619,0.000000,,2026-03-25,2026-04-24,3,12,6,31,0.096774,,,0.000000,,,,,,,,GLOBAL_BASELINE_NO_ENTITY_RANKING,,,NOT_APPLICABLE_GLOBAL_BASELINE,HF9g-P5,,,,X 全窗基线 · 不参与实体赏罚,6874863,688,A168_HF9F_20260827_0900,2026-08-27 09:00:00
2026-04-24,101880056,1299,0,78.5278643040,-27.4847525064,-27.4847525064,0.3333333,3,3,0.49771390000000000,0.497713900000,-0.5694369385616226,-0.5694369385616226,-0.5694369385616226,0E-17,ELIGIBLE,R03b_20260811_FULL_v1,L1_ELIGIBILITY,v2026-08-11,2026-03-21..2026-08-06,baccarat_bet02_101_all_pairs_incl_sentinel,round_win = game_pnl > 0 (decisive only),COMPATIBILITY_ONLY_NOT_PRODUCTION,1505.2732,1358.6878,168.4672,62,62,-0.11191800,,-0.11191800,-0.11191800,-168.4672,1505.2732,OK,0.0000,6.7387,4.0000,96.0000,AG03-UNRESOLVED,ALL5_LEVELS_bet23_to_bet27,6.7387,6.7387,6.7387,8.4234,8.4234,4.000000,4.000000,4.000000,5.000000,5.000000,96.000000,96.000000,96.000000,95.000000,95.000000,5.0,37.0628,33.9505,131.4044,134.5167,PENDING_AG03,FALSE,NOT_FOR_ENFORCEMENT,161.7285,1304.3403,168.4672,161.7285,6.7387,0.11191800,0.10744128,6.7387,161.7285,0.10744128,6.7387,6.7387,6.7387,8.4234,8.4234,161.7285,0.10744128,37.0628,33.9505,131.4044,134.5167,0.08729604,0.08936364,0.00447672,24.2786,21.9143,2.7172,56.1557,14.0389,501.7577,20.6667,,24.2786,26.176,26.176,26.176,26.176,26.176,49.2295,26.176,0.0,1.0,1.880715,0.927515,4,10,4,2,0E-8,0.11191800,,0E-8,0.000000,0.902619,0.000000,,2026-03-25,2026-04-24,3,12,6,31,0.096774,,,0.000000,,,,,,,,GLOBAL_BASELINE_NO_ENTITY_RANKING,,,NOT_APPLICABLE_GLOBAL_BASELINE,HF9g-P5,,,,X 全窗基线 · 不参与实体赏罚,6874864,688,A168_HF9F_20260827_0900,2026-08-27 09:00:00
2026-04-24,101880056,1383,0,78.5278643040,0E-10,0E-10,0.5000000,3,3,0.49324550000000000,0.493245500000,0.01910635448239258,0.01910635448239258,0.01910635448239258,0E-17,ELIGIBLE,R03b_20260811_FULL_v1,L1_ELIGIBILITY,v2026-08-11,2026-03-21..2026-08-06,baccarat_bet02_101_all_pairs_incl_sentinel,round_win = game_pnl > 0 (decisive only),COMPATIBILITY_ONLY_NOT_PRODUCTION,1505.2732,1358.6878,168.4672,62,62,-0.11191800,,-0.11191800,-0.11191800,-168.4672,1505.2732,OK,0.0000,6.7387,4.0000,96.0000,AG03-UNRESOLVED,ALL5_LEVELS_bet23_to_bet27,6.7387,6.7387,6.7387,8.4234,8.4234,4.000000,4.000000,4.000000,5.000000,5.000000,96.000000,96.000000,96.000000,95.000000,95.000000,5.0,37.0628,33.9505,131.4044,134.5167,PENDING_AG03,FALSE,NOT_FOR_ENFORCEMENT,161.7285,1304.3403,168.4672,161.7285,6.7387,0.11191800,0.10744128,6.7387,161.7285,0.10744128,6.7387,6.7387,6.7387,8.4234,8.4234,161.7285,0.10744128,37.0628,33.9505,131.4044,134.5167,0.08729604,0.08936364,0.00447672,24.2786,21.9143,2.7172,56.1557,14.0389,501.7577,20.6667,,24.2786,26.176,26.176,26.176,26.176,26.176,49.2295,26.176,0.0,1.0,1.880715,0.927515,4,10,4,2,0E-8,0.11191800,,0E-8,0.000000,0.902619,0.000000,,2026-03-25,2026-04-24,3,12,6,31,0.096774,,,0.000000,,,,,,,,GLOBAL_BASELINE_NO_ENTITY_RANKING,,,NOT_APPLICABLE_GLOBAL_BASELINE,HF9g-P5,,,,X 全窗基线 · 不参与实体赏罚,6874865,688,A168_HF9F_20260827_0900,2026-08-27 09:00:00
2026-04-24,101880056,1485,0,295.7882888784,58.5032589065,58.5032589065,0.6363636,12,12,0.49659680000000000,0.496596800000,0.9271297845633921,0.9271297845633921,0.9271297845633921,0E-17,ELIGIBLE,R03b_20260811_FULL_v1,L1_ELIGIBILITY,v2026-08-11,2026-03-21..2026-08-06,baccarat_bet02_101_all_pairs_incl_sentinel,round_win = game_pnl > 0 (decisive only),COMPATIBILITY_ONLY_NOT_PRODUCTION,1505.2732,1358.6878,168.4672,62,62,-0.11191800,,-0.11191800,-0.11191800,-168.4672,1505.2732,OK,0.0000,6.7387,4.0000,96.0000,AG03-UNRESOLVED,ALL5_LEVELS_bet23_to_bet27,6.7387,6.7387,6.7387,8.4234,8.4234,4.000000,4.000000,4.000000,5.000000,5.000000,96.000000,96.000000,96.000000,95.000000,95.000000,5.0,37.0628,33.9505,131.4044,134.5167,PENDING_AG03,FALSE,NOT_FOR_ENFORCEMENT,161.7285,1304.3403,168.4672,161.7285,6.7387,0.11191800,0.10744128,6.7387,161.7285,0.10744128,6.7387,6.7387,6.7387,8.4234,8.4234,161.7285,0.10744128,37.0628,33.9505,131.4044,134.5167,0.08729604,0.08936364,0.00447672,24.2786,21.9143,2.7172,56.1557,14.0389,501.7577,20.6667,,24.2786,26.176,26.176,26.176,26.176,26.176,49.2295,26.176,0.0,1.0,1.880715,0.927515,4,10,4,2,0E-8,0.11191800,,0E-8,0.000000,0.902619,0.000000,,2026-03-25,2026-04-24,3,12,6,31,0.096774,,,0.000000,,,,,,,,GLOBAL_BASELINE_NO_ENTITY_RANKING,,,NOT_APPLICABLE_GLOBAL_BASELINE,HF9g-P5,,,,X 全窗基线 · 不参与实体赏罚,6874866,688,A168_HF9F_20260827_0900,2026-08-27 09:00:00
2026-04-24,101880056,1702,0,52.3519095360,-52.3519095360,-52.3519095360,0E-7,2,2,0.50665070000000000,0.506650700000,-1.4331513700195317,-1.4331513700195317,-1.4331513700195317,0E-17,ELIGIBLE,R03b_20260811_FULL_v1,L1_ELIGIBILITY,v2026-08-11,2026-03-21..2026-08-06,baccarat_bet02_101_all_pairs_incl_sentinel,round_win = game_pnl > 0 (decisive only),COMPATIBILITY_ONLY_NOT_PRODUCTION,1505.2732,1358.6878,168.4672,62,62,-0.11191800,,-0.11191800,-0.11191800,-168.4672,1505.2732,OK,0.0000,6.7387,4.0000,96.0000,AG03-UNRESOLVED,ALL5_LEVELS_bet23_to_bet27,6.7387,6.7387,6.7387,8.4234,8.4234,4.000000,4.000000,4.000000,5.000000,5.000000,96.000000,96.000000,96.000000,95.000000,95.000000,5.0,37.0628,33.9505,131.4044,134.5167,PENDING_AG03,FALSE,NOT_FOR_ENFORCEMENT,161.7285,1304.3403,168.4672,161.7285,6.7387,0.11191800,0.10744128,6.7387,161.7285,0.10744128,6.7387,6.7387,6.7387,8.4234,8.4234,161.7285,0.10744128,37.0628,33.9505,131.4044,134.5167,0.08729604,0.08936364,0.00447672,24.2786,21.9143,2.7172,56.1557,14.0389,501.7577,20.6667,,24.2786,26.176,26.176,26.176,26.176,26.176,49.2295,26.176,0.0,1.0,1.880715,0.927515,4,10,4,2,0E-8,0.11191800,,0E-8,0.000000,0.902619,0.000000,,2026-03-25,2026-04-24,3,12,6,31,0.096774,,,0.000000,,,,,,,,GLOBAL_BASELINE_NO_ENTITY_RANKING,,,NOT_APPLICABLE_GLOBAL_BASELINE,HF9g-P5,,,,X 全窗基线 · 不参与实体赏罚,6874867,688,A168_HF9F_20260827_0900,2026-08-27 09:00:00
2026-04-24,101880056,2145,0,26.1759547680,-26.1759547680,-26.1759547680,0E-7,1,1,0.49324550000000000,0.493245500000,-0.9865810262130424,-0.9865810262130424,-0.9865810262130424,0E-17,ELIGIBLE,R03b_20260811_FULL_v1,L1_ELIGIBILITY,v2026-08-11,2026-03-21..2026-08-06,baccarat_bet02_101_all_pairs_incl_sentinel,round_win = game_pnl > 0 (decisive only),COMPATIBILITY_ONLY_NOT_PRODUCTION,1505.2732,1358.6878,168.4672,62,62,-0.11191800,,-0.11191800,-0.11191800,-168.4672,1505.2732,OK,0.0000,6.7387,4.0000,96.0000,AG03-UNRESOLVED,ALL5_LEVELS_bet23_to_bet27,6.7387,6.7387,6.7387,8.4234,8.4234,4.000000,4.000000,4.000000,5.000000,5.000000,96.000000,96.000000,96.000000,95.000000,95.000000,5.0,37.0628,33.9505,131.4044,134.5167,PENDING_AG03,FALSE,NOT_FOR_ENFORCEMENT,161.7285,1304.3403,168.4672,161.7285,6.7387,0.11191800,0.10744128,6.7387,161.7285,0.10744128,6.7387,6.7387,6.7387,8.4234,8.4234,161.7285,0.10744128,37.0628,33.9505,131.4044,134.5167,0.08729604,0.08936364,0.00447672,24.2786,21.9143,2.7172,56.1557,14.0389,501.7577,20.6667,,24.2786,26.176,26.176,26.176,26.176,26.176,49.2295,26.176,0.0,1.0,1.880715,0.927515,4,10,4,2,0E-8,0.11191800,,0E-8,0.000000,0.902619,0.000000,,2026-03-25,2026-04-24,3,12,6,31,0.096774,,,0.000000,,,,,,,,GLOBAL_BASELINE_NO_ENTITY_RANKING,,,NOT_APPLICABLE_GLOBAL_BASELINE,HF9g-P5,,,,X 全窗基线 · 不参与实体赏罚,6874868,688,A168_HF9F_20260827_0900,2026-08-27 09:00:00
2026-04-24,101880056,583,0,157.0557286080,-78.5278643040,-78.5278643040,0.2000000,6,6,0.49994810000000000,0.499948100000,-1.341408689870273,-1.341408689870273,-1.341408689870273,0E-17,ELIGIBLE,R03b_20260811_FULL_v1,L1_ELIGIBILITY,v2026-08-11,2026-03-21..2026-08-06,baccarat_bet02_101_all_pairs_incl_sentinel,round_win = game_pnl > 0 (decisive only),COMPATIBILITY_ONLY_NOT_PRODUCTION,1505.2732,1358.6878,168.4672,62,62,-0.11191800,,-0.11191800,-0.11191800,-168.4672,1505.2732,OK,0.0000,6.7387,4.0000,96.0000,AG03-UNRESOLVED,ALL5_LEVELS_bet23_to_bet27,6.7387,6.7387,6.7387,8.4234,8.4234,4.000000,4.000000,4.000000,5.000000,5.000000,96.000000,96.000000,96.000000,95.000000,95.000000,5.0,37.0628,33.9505,131.4044,134.5167,PENDING_AG03,FALSE,NOT_FOR_ENFORCEMENT,161.7285,1304.3403,168.4672,161.7285,6.7387,0.11191800,0.10744128,6.7387,161.7285,0.10744128,6.7387,6.7387,6.7387,8.4234,8.4234,161.7285,0.10744128,37.0628,33.9505,131.4044,134.5167,0.08729604,0.08936364,0.00447672,24.2786,21.9143,2.7172,56.1557,14.0389,501.7577,20.6667,,24.2786,26.176,26.176,26.176,26.176,26.176,49.2295,26.176,0.0,1.0,1.880715,0.927515,4,10,4,2,0E-8,0.11191800,,0E-8,0.000000,0.902619,0.000000,,2026-03-25,2026-04-24,3,12,6,31,0.096774,,,0.000000,,,,,,,,GLOBAL_BASELINE_NO_ENTITY_RANKING,,,NOT_APPLICABLE_GLOBAL_BASELINE,HF9g-P5,,,,X 全窗基线 · 不参与实体赏罚,6874869,688,A168_HF9F_20260827_0900,2026-08-27 09:00:00
2026-04-04,148197939,1151,0,29.5153163410,-12.6494212890,-12.6494212890,0.4285714,7,7,0.50282064285714286,0.502820642857,-0.39289616391791987,-0.3928961639171632,-0.39289616391791987,1.4286E-13,ELIGIBLE,R03b_20260811_FULL_v1,L1_ELIGIBILITY,v2026-08-11,2026-03-21..2026-08-06,baccarat_bet02_101_all_pairs_incl_sentinel,round_win = game_pnl > 0 (decisive only),COMPATIBILITY_ONLY_NOT_PRODUCTION,1093.4321,1035.0804,168.4681,177,138,-0.15407278,-0.45174984,-0.06287912,-0.15407278,-168.4681,1093.4321,OK,0.0000,6.7387,4.0000,96.0000,AG03-UNRESOLVED,ALL5_LEVELS_bet23_to_bet27,6.7387,6.7387,6.7387,6.7387,6.7387,4.000000,4.000000,4.000000,4.000000,4.000000,96.000000,96.000000,96.000000,96.000000,96.000000,5.0,33.6936,31.1038,134.7745,137.3643,PENDING_AG03,FALSE,NOT_FOR_ENFORCEMENT,161.7294,993.6772,168.4681,161.7294,6.7387,0.15407278,0.14790987,6.7387,161.7294,0.14790987,6.7387,6.7387,6.7387,6.7387,6.7387,161.7294,0.14790987,33.6936,31.1038,134.7745,137.3643,0.12325823,0.12562674,0.00616291,6.1776,7.5006,1.2208,16.8468,7.3247,109.3432,13.8000,10.6842,5.4707,1.584,2.4244,10.3857,12.6494,20.6551,36.01,2.1082,-1.0102,8.519541,14.852937,2.548047,16,21,10,7,0.23450895,0.15407278,0.45174984,0E-8,0.000000,0.946634,0.932203,-0.38887073,2026-04-04,2026-08-03,10,23,23,122,0.081967,1.952988,1.729504,0.781697,,,,,,,,GLOBAL_BASELINE_NO_ENTITY_RANKING,,,NOT_APPLICABLE_GLOBAL_BASELINE,HF9g-P5,,,,X 全窗基线 · 不参与实体赏罚,6874870,688,A168_HF9F_20260827_0900,2026-08-27 09:00:00
2026-04-09,148197939,1966,0,3.1623553222,-1.0541184408,-1.0541184408,0.5000000,2,2,0.50665070000000000,0.506650700000,-0.018812684590367487,-0.018812684590367487,-0.018812684590367487,0E-17,ELIGIBLE,R03b_20260811_FULL_v1,L1_ELIGIBILITY,v2026-08-11,2026-03-21..2026-08-06,baccarat_bet02_101_all_pairs_incl_sentinel,round_win = game_pnl > 0 (decisive only),COMPATIBILITY_ONLY_NOT_PRODUCTION,1093.4321,1035.0804,168.4681,177,138,-0.15407278,-0.45174984,-0.06287912,-0.15407278,-168.4681,1093.4321,OK,0.0000,6.7387,4.0000,96.0000,AG03-UNRESOLVED,ALL5_LEVELS_bet23_to_bet27,6.7387,6.7387,6.7387,6.7387,6.7387,4.000000,4.000000,4.000000,4.000000,4.000000,96.000000,96.000000,96.000000,96.000000,96.000000,5.0,33.6936,31.1038,134.7745,137.3643,PENDING_AG03,FALSE,NOT_FOR_ENFORCEMENT,161.7294,993.6772,168.4681,161.7294,6.7387,0.15407278,0.14790987,6.7387,161.7294,0.14790987,6.7387,6.7387,6.7387,6.7387,6.7387,161.7294,0.14790987,33.6936,31.1038,134.7745,137.3643,0.12325823,0.12562674,0.00616291,6.1776,7.5006,1.2208,16.8468,7.3247,109.3432,13.8000,10.6842,5.4707,1.584,2.4244,10.3857,12.6494,20.6551,36.01,2.1082,-1.0102,8.519541,14.852937,2.548047,16,21,10,7,0.23450895,0.15407278,0.45174984,0E-8,0.000000,0.946634,0.932203,-0.38887073,2026-04-04,2026-08-03,10,23,23,122,0.081967,1.952988,1.729504,0.781697,,,,,,,,GLOBAL_BASELINE_NO_ENTITY_RANKING,,,NOT_APPLICABLE_GLOBAL_BASELINE,HF9g-P5,,,,X 全窗基线 · 不参与实体赏罚,6874871,688,A168_HF9F_20260827_0900,2026-08-27 09:00:00
2026-04-09,148197939,2127,0,52.7059220375,-10.5411844075,-10.5411844075,0.4000000,5,5,0.49860758000000000,0.498607580000,-0.440988213962219,-0.440988213962219,-0.440988213962219,0E-17,ELIGIBLE,R03b_20260811_FULL_v1,L1_ELIGIBILITY,v2026-08-11,2026-03-21..2026-08-06,baccarat_bet02_101_all_pairs_incl_sentinel,round_win = game_pnl > 0 (decisive only),COMPATIBILITY_ONLY_NOT_PRODUCTION,1093.4321,1035.0804,168.4681,177,138,-0.15407278,-0.45174984,-0.06287912,-0.15407278,-168.4681,1093.4321,OK,0.0000,6.7387,4.0000,96.0000,AG03-UNRESOLVED,ALL5_LEVELS_bet23_to_bet27,6.7387,6.7387,6.7387,6.7387,6.7387,4.000000,4.000000,4.000000,4.000000,4.000000,96.000000,96.000000,96.000000,96.000000,96.000000,5.0,33.6936,31.1038,134.7745,137.3643,PENDING_AG03,FALSE,NOT_FOR_ENFORCEMENT,161.7294,993.6772,168.4681,161.7294,6.7387,0.15407278,0.14790987,6.7387,161.7294,0.14790987,6.7387,6.7387,6.7387,6.7387,6.7387,161.7294,0.14790987,33.6936,31.1038,134.7745,137.3643,0.12325823,0.12562674,0.00616291,6.1776,7.5006,1.2208,16.8468,7.3247,109.3432,13.8000,10.6842,5.4707,1.584,2.4244,10.3857,12.6494,20.6551,36.01,2.1082,-1.0102,8.519541,14.852937,2.548047,16,21,10,7,0.23450895,0.15407278,0.45174984,0E-8,0.000000,0.946634,0.932203,-0.38887073,2026-04-04,2026-08-03,10,23,23,122,0.081967,1.952988,1.729504,0.781697,,,,,,,,GLOBAL_BASELINE_NO_ENTITY_RANKING,,,NOT_APPLICABLE_GLOBAL_BASELINE,HF9g-P5,,,,X 全窗基线 · 不参与实体赏罚,6874872,688,A168_HF9F_20260827_0900,2026-08-27 09:00:00
2026-04-09,148197939,2130,0,103.3036071933,41.1106191891,41.1106191891,0.7500000,15,13,0.48269016666666667,0.461579500000,1.8530876662562228,2.0041614246183084,1.8530876662562228,0.02111066666666667,ELIGIBLE,R03b_20260811_FULL_v1,L1_ELIGIBILITY,v2026-08-11,2026-03-21..2026-08-06,baccarat_bet02_101_all_pairs_incl_sentinel,round_win = game_pnl > 0 (decisive only),COMPATIBILITY_ONLY_NOT_PRODUCTION,1093.4321,1035.0804,168.4681,177,138,-0.15407278,-0.45174984,-0.06287912,-0.15407278,-168.4681,1093.4321,OK,0.0000,6.7387,4.0000,96.0000,AG03-UNRESOLVED,ALL5_LEVELS_bet23_to_bet27,6.7387,6.7387,6.7387,6.7387,6.7387,4.000000,4.000000,4.000000,4.000000,4.000000,96.000000,96.000000,96.000000,96.000000,96.000000,5.0,33.6936,31.1038,134.7745,137.3643,PENDING_AG03,FALSE,NOT_FOR_ENFORCEMENT,161.7294,993.6772,168.4681,161.7294,6.7387,0.15407278,0.14790987,6.7387,161.7294,0.14790987,6.7387,6.7387,6.7387,6.7387,6.7387,161.7294,0.14790987,33.6936,31.1038,134.7745,137.3643,0.12325823,0.12562674,0.00616291,6.1776,7.5006,1.2208,16.8468,7.3247,109.3432,13.8000,10.6842,5.4707,1.584,2.4244,10.3857,12.6494,20.6551,36.01,2.1082,-1.0102,8.519541,14.852937,2.548047,16,21,10,7,0.23450895,0.15407278,0.45174984,0E-8,0.000000,0.946634,0.932203,-0.38887073,2026-04-04,2026-08-03,10,23,23,122,0.081967,1.952988,1.729504,0.781697,,,,,,,,GLOBAL_BASELINE_NO_ENTITY_RANKING,,,NOT_APPLICABLE_GLOBAL_BASELINE,HF9g-P5,,,,X 全窗基线 · 不参与实体赏罚,6874873,688,A168_HF9F_20260827_0900,2026-08-27 09:00:00
2026-04-09,148197939,2152,0,32.6776716631,-11.5953028482,-11.5953028482,0.2857143,12,7,0.30124169166666667,0.285059930952,-0.08954202179132648,0.0038349471277374634,-0.08954202179132648,0.01618176071466667,ELIGIBLE,R03b_20260811_FULL_v1,L1_ELIGIBILITY,v2026-08-11,2026-03-21..2026-08-06,baccarat_bet02_101_all_pairs_incl_sentinel,round_win = game_pnl > 0 (decisive only),COMPATIBILITY_ONLY_NOT_PRODUCTION,1093.4321,1035.0804,168.4681,177,138,-0.15407278,-0.45174984,-0.06287912,-0.15407278,-168.4681,1093.4321,OK,0.0000,6.7387,4.0000,96.0000,AG03-UNRESOLVED,ALL5_LEVELS_bet23_to_bet27,6.7387,6.7387,6.7387,6.7387,6.7387,4.000000,4.000000,4.000000,4.000000,4.000000,96.000000,96.000000,96.000000,96.000000,96.000000,5.0,33.6936,31.1038,134.7745,137.3643,PENDING_AG03,FALSE,NOT_FOR_ENFORCEMENT,161.7294,993.6772,168.4681,161.7294,6.7387,0.15407278,0.14790987,6.7387,161.7294,0.14790987,6.7387,6.7387,6.7387,6.7387,6.7387,161.7294,0.14790987,33.6936,31.1038,134.7745,137.3643,0.12325823,0.12562674,0.00616291,6.1776,7.5006,1.2208,16.8468,7.3247,109.3432,13.8000,10.6842,5.4707,1.584,2.4244,10.3857,12.6494,20.6551,36.01,2.1082,-1.0102,8.519541,14.852937,2.548047,16,21,10,7,0.23450895,0.15407278,0.45174984,0E-8,0.000000,0.946634,0.932203,-0.38887073,2026-04-04,2026-08-03,10,23,23,122,0.081967,1.952988,1.729504,0.781697,,,,,,,,GLOBAL_BASELINE_NO_ENTITY_RANKING,,,NOT_APPLICABLE_GLOBAL_BASELINE,HF9g-P5,,,,X 全窗基线 · 不参与实体赏罚,6874874,688,A168_HF9F_20260827_0900,2026-08-27 09:00:00
2026-04-09,148197939,2177,0,29.5153163410,-29.5153163410,-29.5153163410,0E-7,3,3,0.50218230000000000,0.502182300000,-1.7396270863184011,-1.7396270863184016,-1.7396270863184011,0E-17,ELIGIBLE,R03b_20260811_FULL_v1,L1_ELIGIBILITY,v2026-08-11,2026-03-21..2026-08-06,baccarat_bet02_101_all_pairs_incl_sentinel,round_win = game_pnl > 0 (decisive only),COMPATIBILITY_ONLY_NOT_PRODUCTION,1093.4321,1035.0804,168.4681,177,138,-0.15407278,-0.45174984,-0.06287912,-0.15407278,-168.4681,1093.4321,OK,0.0000,6.7387,4.0000,96.0000,AG03-UNRESOLVED,ALL5_LEVELS_bet23_to_bet27,6.7387,6.7387,6.7387,6.7387,6.7387,4.000000,4.000000,4.000000,4.000000,4.000000,96.000000,96.000000,96.000000,96.000000,96.000000,5.0,33.6936,31.1038,134.7745,137.3643,PENDING_AG03,FALSE,NOT_FOR_ENFORCEMENT,161.7294,993.6772,168.4681,161.7294,6.7387,0.15407278,0.14790987,6.7387,161.7294,0.14790987,6.7387,6.7387,6.7387,6.7387,6.7387,161.7294,0.14790987,33.6936,31.1038,134.7745,137.3643,0.12325823,0.12562674,0.00616291,6.1776,7.5006,1.2208,16.8468,7.3247,109.3432,13.8000,10.6842,5.4707,1.584,2.4244,10.3857,12.6494,20.6551,36.01,2.1082,-1.0102,8.519541,14.852937,2.548047,16,21,10,7,0.23450895,0.15407278,0.45174984,0E-8,0.000000,0.946634,0.932203,-0.38887073,2026-04-04,2026-08-03,10,23,23,122,0.081967,1.952988,1.729504,0.781697,,,,,,,,GLOBAL_BASELINE_NO_ENTITY_RANKING,,,NOT_APPLICABLE_GLOBAL_BASELINE,HF9g-P5,,,,X 全窗基线 · 不参与实体赏罚,6874875,688,A168_HF9F_20260827_0900,2026-08-27 09:00:00
2026-04-09,148197939,987,0,9.4870659667,9.4870659667,9.4870659667,1.0000000,3,3,0.50665070000000000,0.506650700000,1.7091633124209307,1.7091633124209307,1.7091633124209307,0E-17,ELIGIBLE,R03b_20260811_FULL_v1,L1_ELIGIBILITY,v2026-08-11,2026-03-21..2026-08-06,baccarat_bet02_101_all_pairs_incl_sentinel,round_win = game_pnl > 0 (decisive only),COMPATIBILITY_ONLY_NOT_PRODUCTION,1093.4321,1035.0804,168.4681,177,138,-0.15407278,-0.45174984,-0.06287912,-0.15407278,-168.4681,1093.4321,OK,0.0000,6.7387,4.0000,96.0000,AG03-UNRESOLVED,ALL5_LEVELS_bet23_to_bet27,6.7387,6.7387,6.7387,6.7387,6.7387,4.000000,4.000000,4.000000,4.000000,4.000000,96.000000,96.000000,96.000000,96.000000,96.000000,5.0,33.6936,31.1038,134.7745,137.3643,PENDING_AG03,FALSE,NOT_FOR_ENFORCEMENT,161.7294,993.6772,168.4681,161.7294,6.7387,0.15407278,0.14790987,6.7387,161.7294,0.14790987,6.7387,6.7387,6.7387,6.7387,6.7387,161.7294,0.14790987,33.6936,31.1038,134.7745,137.3643,0.12325823,0.12562674,0.00616291,6.1776,7.5006,1.2208,16.8468,7.3247,109.3432,13.8000,10.6842,5.4707,1.584,2.4244,10.3857,12.6494,20.6551,36.01,2.1082,-1.0102,8.519541,14.852937,2.548047,16,21,10,7,0.23450895,0.15407278,0.45174984,0E-8,0.000000,0.946634,0.932203,-0.38887073,2026-04-04,2026-08-03,10,23,23,122,0.081967,1.952988,1.729504,0.781697,,,,,,,,GLOBAL_BASELINE_NO_ENTITY_RANKING,,,NOT_APPLICABLE_GLOBAL_BASELINE,HF9g-P5,,,,X 全窗基线 · 不参与实体赏罚,6874876,688,A168_HF9F_20260827_0900,2026-08-27 09:00:00
2026-06-21,148197939,-1,1,5.1928629292,-3.1157177575,-3.1157177575,0E-7,3,3,0.50218230000000000,0.502182300000,-1.4203995680682369,-1.4203995680682369,-1.4203995680682369,0E-17,SENTINEL_DEALER,R03b_20260811_FULL_v1,L1_ELIGIBILITY,v2026-08-11,2026-03-21..2026-08-06,baccarat_bet02_101_all_pairs_incl_sentinel,round_win = game_pnl > 0 (decisive only),COMPATIBILITY_ONLY_NOT_PRODUCTION,1093.4321,1035.0804,168.4681,177,138,-0.15407278,-0.45174984,-0.06287912,-0.15407278,-168.4681,1093.4321,OK,0.0000,6.7387,4.0000,96.0000,AG03-UNRESOLVED,ALL5_LEVELS_bet23_to_bet27,6.7387,6.7387,6.7387,6.7387,6.7387,4.000000,4.000000,4.000000,4.000000,4.000000,96.000000,96.000000,96.000000,96.000000,96.000000,5.0,33.6936,31.1038,134.7745,137.3643,PENDING_AG03,FALSE,NOT_FOR_ENFORCEMENT,161.7294,993.6772,168.4681,161.7294,6.7387,0.15407278,0.14790987,6.7387,161.7294,0.14790987,6.7387,6.7387,6.7387,6.7387,6.7387,161.7294,0.14790987,33.6936,31.1038,134.7745,137.3643,0.12325823,0.12562674,0.00616291,6.1776,7.5006,1.2208,16.8468,7.3247,109.3432,13.8000,10.6842,5.4707,1.584,2.4244,10.3857,12.6494,20.6551,36.01,2.1082,-1.0102,8.519541,14.852937,2.548047,16,21,10,7,0.23450895,0.15407278,0.45174984,0E-8,0.000000,0.946634,0.932203,-0.38887073,2026-04-04,2026-08-03,10,23,23,122,0.081967,1.952988,1.729504,0.781697,,,,,,,,GLOBAL_BASELINE_NO_ENTITY_RANKING,,,NOT_APPLICABLE_GLOBAL_BASELINE,HF9g-P5,,,,X 全窗基线 · 不参与实体赏罚,6874877,688,A168_HF9F_20260827_0900,2026-08-27 09:00:00
2026-06-27,148197939,-1,1,281.4531707627,-18.6943065455,-18.6943065455,0.4500000,34,21,0.43205924382151694,0.390833286508,0.1619692508860087,0.5422862462206709,0.1619692508860087,0.04122595731351694,SENTINEL_DEALER,R03b_20260811_FULL_v1,L1_ELIGIBILITY,v2026-08-11,2026-03-21..2026-08-06,baccarat_bet02_101_all_pairs_incl_sentinel,round_win = game_pnl > 0 (decisive only),COMPATIBILITY_ONLY_NOT_PRODUCTION,1093.4321,1035.0804,168.4681,177,138,-0.15407278,-0.45174984,-0.06287912,-0.15407278,-168.4681,1093.4321,OK,0.0000,6.7387,4.0000,96.0000,AG03-UNRESOLVED,ALL5_LEVELS_bet23_to_bet27,6.7387,6.7387,6.7387,6.7387,6.7387,4.000000,4.000000,4.000000,4.000000,4.000000,96.000000,96.000000,96.000000,96.000000,96.000000,5.0,33.6936,31.1038,134.7745,137.3643,PENDING_AG03,FALSE,NOT_FOR_ENFORCEMENT,161.7294,993.6772,168.4681,161.7294,6.7387,0.15407278,0.14790987,6.7387,161.7294,0.14790987,6.7387,6.7387,6.7387,6.7387,6.7387,161.7294,0.14790987,33.6936,31.1038,134.7745,137.3643,0.12325823,0.12562674,0.00616291,6.1776,7.5006,1.2208,16.8468,7.3247,109.3432,13.8000,10.6842,5.4707,1.584,2.4244,10.3857,12.6494,20.6551,36.01,2.1082,-1.0102,8.519541,14.852937,2.548047,16,21,10,7,0.23450895,0.15407278,0.45174984,0E-8,0.000000,0.946634,0.932203,-0.38887073,2026-04-04,2026-08-03,10,23,23,122,0.081967,1.952988,1.729504,0.781697,,,,,,,,GLOBAL_BASELINE_NO_ENTITY_RANKING,,,NOT_APPLICABLE_GLOBAL_BASELINE,HF9g-P5,,,,X 全窗基线 · 不参与实体赏罚,6874878,688,A168_HF9F_20260827_0900,2026-08-27 09:00:00
2026-06-27,148197939,1750,0,49.8514841203,29.0800324035,29.0800324035,0.8000000,5,5,0.49860758000000000,0.498607580000,1.3478731046594083,1.3478731046594083,1.3478731046594083,0E-17,ELIGIBLE,R03b_20260811_FULL_v1,L1_ELIGIBILITY,v2026-08-11,2026-03-21..2026-08-06,baccarat_bet02_101_all_pairs_incl_sentinel,round_win = game_pnl > 0 (decisive only),COMPATIBILITY_ONLY_NOT_PRODUCTION,1093.4321,1035.0804,168.4681,177,138,-0.15407278,-0.45174984,-0.06287912,-0.15407278,-168.4681,1093.4321,OK,0.0000,6.7387,4.0000,96.0000,AG03-UNRESOLVED,ALL5_LEVELS_bet23_to_bet27,6.7387,6.7387,6.7387,6.7387,6.7387,4.000000,4.000000,4.000000,4.000000,4.000000,96.000000,96.000000,96.000000,96.000000,96.000000,5.0,33.6936,31.1038,134.7745,137.3643,PENDING_AG03,FALSE,NOT_FOR_ENFORCEMENT,161.7294,993.6772,168.4681,161.7294,6.7387,0.15407278,0.14790987,6.7387,161.7294,0.14790987,6.7387,6.7387,6.7387,6.7387,6.7387,161.7294,0.14790987,33.6936,31.1038,134.7745,137.3643,0.12325823,0.12562674,0.00616291,6.1776,7.5006,1.2208,16.8468,7.3247,109.3432,13.8000,10.6842,5.4707,1.584,2.4244,10.3857,12.6494,20.6551,36.01,2.1082,-1.0102,8.519541,14.852937,2.548047,16,21,10,7,0.23450895,0.15407278,0.45174984,0E-8,0.000000,0.946634,0.932203,-0.38887073,2026-04-04,2026-08-03,10,23,23,122,0.081967,1.952988,1.729504,0.781697,,,,,,,,GLOBAL_BASELINE_NO_ENTITY_RANKING,,,NOT_APPLICABLE_GLOBAL_BASELINE,HF9g-P5,,,,X 全窗基线 · 不参与实体赏罚,6874879,688,A168_HF9F_20260827_0900,2026-08-27 09:00:00
2026-06-27,148197939,2229,0,62.3143551504,0E-10,0E-10,0.6000000,5,5,0.49592654000000000,0.495926540000,0.46544610904919037,0.46544610904919037,0.46544610904919037,0E-17,ELIGIBLE,R03b_20260811_FULL_v1,L1_ELIGIBILITY,v2026-08-11,2026-03-21..2026-08-06,baccarat_bet02_101_all_pairs_incl_sentinel,round_win = game_pnl > 0 (decisive only),COMPATIBILITY_ONLY_NOT_PRODUCTION,1093.4321,1035.0804,168.4681,177,138,-0.15407278,-0.45174984,-0.06287912,-0.15407278,-168.4681,1093.4321,OK,0.0000,6.7387,4.0000,96.0000,AG03-UNRESOLVED,ALL5_LEVELS_bet23_to_bet27,6.7387,6.7387,6.7387,6.7387,6.7387,4.000000,4.000000,4.000000,4.000000,4.000000,96.000000,96.000000,96.000000,96.000000,96.000000,5.0,33.6936,31.1038,134.7745,137.3643,PENDING_AG03,FALSE,NOT_FOR_ENFORCEMENT,161.7294,993.6772,168.4681,161.7294,6.7387,0.15407278,0.14790987,6.7387,161.7294,0.14790987,6.7387,6.7387,6.7387,6.7387,6.7387,161.7294,0.14790987,33.6936,31.1038,134.7745,137.3643,0.12325823,0.12562674,0.00616291,6.1776,7.5006,1.2208,16.8468,7.3247,109.3432,13.8000,10.6842,5.4707,1.584,2.4244,10.3857,12.6494,20.6551,36.01,2.1082,-1.0102,8.519541,14.852937,2.548047,16,21,10,7,0.23450895,0.15407278,0.45174984,0E-8,0.000000,0.946634,0.932203,-0.38887073,2026-04-04,2026-08-03,10,23,23,122,0.081967,1.952988,1.729504,0.781697,,,,,,,,GLOBAL_BASELINE_NO_ENTITY_RANKING,,,NOT_APPLICABLE_GLOBAL_BASELINE,HF9g-P5,,,,X 全窗基线 · 不参与实体赏罚,6874880,688,A168_HF9F_20260827_0900,2026-08-27 09:00:00
2026-06-27,148197939,2267,0,51.9286292920,10.3857258584,10.3857258584,0.7500000,4,4,0.49994810000000000,0.499948100000,1.0002076053883384,1.0002076053883384,1.0002076053883384,0E-17,ELIGIBLE,R03b_20260811_FULL_v1,L1_ELIGIBILITY,v2026-08-11,2026-03-21..2026-08-06,baccarat_bet02_101_all_pairs_incl_sentinel,round_win = game_pnl > 0 (decisive only),COMPATIBILITY_ONLY_NOT_PRODUCTION,1093.4321,1035.0804,168.4681,177,138,-0.15407278,-0.45174984,-0.06287912,-0.15407278,-168.4681,1093.4321,OK,0.0000,6.7387,4.0000,96.0000,AG03-UNRESOLVED,ALL5_LEVELS_bet23_to_bet27,6.7387,6.7387,6.7387,6.7387,6.7387,4.000000,4.000000,4.000000,4.000000,4.000000,96.000000,96.000000,96.000000,96.000000,96.000000,5.0,33.6936,31.1038,134.7745,137.3643,PENDING_AG03,FALSE,NOT_FOR_ENFORCEMENT,161.7294,993.6772,168.4681,161.7294,6.7387,0.15407278,0.14790987,6.7387,161.7294,0.14790987,6.7387,6.7387,6.7387,6.7387,6.7387,161.7294,0.14790987,33.6936,31.1038,134.7745,137.3643,0.12325823,0.12562674,0.00616291,6.1776,7.5006,1.2208,16.8468,7.3247,109.3432,13.8000,10.6842,5.4707,1.584,2.4244,10.3857,12.6494,20.6551,36.01,2.1082,-1.0102,8.519541,14.852937,2.548047,16,21,10,7,0.23450895,0.15407278,0.45174984,0E-8,0.000000,0.946634,0.932203,-0.38887073,2026-04-04,2026-08-03,10,23,23,122,0.081967,1.952988,1.729504,0.781697,,,,,,,,GLOBAL_BASELINE_NO_ENTITY_RANKING,,,NOT_APPLICABLE_GLOBAL_BASELINE,HF9g-P5,,,,X 全窗基线 · 不参与实体赏罚,6874881,688,A168_HF9F_20260827_0900,2026-08-27 09:00:00
2026-06-27,148197939,2276,0,3.1157177575,-3.1157177575,-3.1157177575,0E-7,2,1,0.35602616667107077,0.287416500000,-0.7435442999410645,-0.6350939377956173,-0.7435442999410645,0.06860966667107077,ELIGIBLE,R03b_20260811_FULL_v1,L1_ELIGIBILITY,v2026-08-11,2026-03-21..2026-08-06,baccarat_bet02_101_all_pairs_incl_sentinel,round_win = game_pnl > 0 (decisive only),COMPATIBILITY_ONLY_NOT_PRODUCTION,1093.4321,1035.0804,168.4681,177,138,-0.15407278,-0.45174984,-0.06287912,-0.15407278,-168.4681,1093.4321,OK,0.0000,6.7387,4.0000,96.0000,AG03-UNRESOLVED,ALL5_LEVELS_bet23_to_bet27,6.7387,6.7387,6.7387,6.7387,6.7387,4.000000,4.000000,4.000000,4.000000,4.000000,96.000000,96.000000,96.000000,96.000000,96.000000,5.0,33.6936,31.1038,134.7745,137.3643,PENDING_AG03,FALSE,NOT_FOR_ENFORCEMENT,161.7294,993.6772,168.4681,161.7294,6.7387,0.15407278,0.14790987,6.7387,161.7294,0.14790987,6.7387,6.7387,6.7387,6.7387,6.7387,161.7294,0.14790987,33.6936,31.1038,134.7745,137.3643,0.12325823,0.12562674,0.00616291,6.1776,7.5006,1.2208,16.8468,7.3247,109.3432,13.8000,10.6842,5.4707,1.584,2.4244,10.3857,12.6494,20.6551,36.01,2.1082,-1.0102,8.519541,14.852937,2.548047,16,21,10,7,0.23450895,0.15407278,0.45174984,0E-8,0.000000,0.946634,0.932203,-0.38887073,2026-04-04,2026-08-03,10,23,23,122,0.081967,1.952988,1.729504,0.781697,,,,,,,,GLOBAL_BASELINE_NO_ENTITY_RANKING,,,NOT_APPLICABLE_GLOBAL_BASELINE,HF9g-P5,,,,X 全窗基线 · 不参与实体赏罚,6874882,688,A168_HF9F_20260827_0900,2026-08-27 09:00:00
2026-06-27,148197939,2278,0,52.7594873605,-16.7210186320,-16.7210186320,0.5384615,16,13,0.45233252156133597,0.432125850000,0.6239270049254197,0.7739618429487988,0.6239270049254197,0.02020667156133597,ELIGIBLE,R03b_20260811_FULL_v1,L1_ELIGIBILITY,v2026-08-11,2026-03-21..2026-08-06,baccarat_bet02_101_all_pairs_incl_sentinel,round_win = game_pnl > 0 (decisive only),COMPATIBILITY_ONLY_NOT_PRODUCTION,1093.4321,1035.0804,168.4681,177,138,-0.15407278,-0.45174984,-0.06287912,-0.15407278,-168.4681,1093.4321,OK,0.0000,6.7387,4.0000,96.0000,AG03-UNRESOLVED,ALL5_LEVELS_bet23_to_bet27,6.7387,6.7387,6.7387,6.7387,6.7387,4.000000,4.000000,4.000000,4.000000,4.000000,96.000000,96.000000,96.000000,96.000000,96.000000,5.0,33.6936,31.1038,134.7745,137.3643,PENDING_AG03,FALSE,NOT_FOR_ENFORCEMENT,161.7294,993.6772,168.4681,161.7294,6.7387,0.15407278,0.14790987,6.7387,161.7294,0.14790987,6.7387,6.7387,6.7387,6.7387,6.7387,161.7294,0.14790987,33.6936,31.1038,134.7745,137.3643,0.12325823,0.12562674,0.00616291,6.1776,7.5006,1.2208,16.8468,7.3247,109.3432,13.8000,10.6842,5.4707,1.584,2.4244,10.3857,12.6494,20.6551,36.01,2.1082,-1.0102,8.519541,14.852937,2.548047,16,21,10,7,0.23450895,0.15407278,0.45174984,0E-8,0.000000,0.946634,0.932203,-0.38887073,2026-04-04,2026-08-03,10,23,23,122,0.081967,1.952988,1.729504,0.781697,,,,,,,,GLOBAL_BASELINE_NO_ENTITY_RANKING,,,NOT_APPLICABLE_GLOBAL_BASELINE,HF9g-P5,,,,X 全窗基线 · 不参与实体赏罚,6874883,688,A168_HF9F_20260827_0900,2026-08-27 09:00:00
2026-06-27,148197939,2287,0,20.7714517168,-20.7714517168,-20.7714517168,0E-7,2,2,0.49324550000000000,0.493245500000,-1.3952362676504506,-1.3952362676504506,-1.3952362676504506,0E-17,ELIGIBLE,R03b_20260811_FULL_v1,L1_ELIGIBILITY,v2026-08-11,2026-03-21..2026-08-06,baccarat_bet02_101_all_pairs_incl_sentinel,round_win = game_pnl > 0 (decisive only),COMPATIBILITY_ONLY_NOT_PRODUCTION,1093.4321,1035.0804,168.4681,177,138,-0.15407278,-0.45174984,-0.06287912,-0.15407278,-168.4681,1093.4321,OK,0.0000,6.7387,4.0000,96.0000,AG03-UNRESOLVED,ALL5_LEVELS_bet23_to_bet27,6.7387,6.7387,6.7387,6.7387,6.7387,4.000000,4.000000,4.000000,4.000000,4.000000,96.000000,96.000000,96.000000,96.000000,96.000000,5.0,33.6936,31.1038,134.7745,137.3643,PENDING_AG03,FALSE,NOT_FOR_ENFORCEMENT,161.7294,993.6772,168.4681,161.7294,6.7387,0.15407278,0.14790987,6.7387,161.7294,0.14790987,6.7387,6.7387,6.7387,6.7387,6.7387,161.7294,0.14790987,33.6936,31.1038,134.7745,137.3643,0.12325823,0.12562674,0.00616291,6.1776,7.5006,1.2208,16.8468,7.3247,109.3432,13.8000,10.6842,5.4707,1.584,2.4244,10.3857,12.6494,20.6551,36.01,2.1082,-1.0102,8.519541,14.852937,2.548047,16,21,10,7,0.23450895,0.15407278,0.45174984,0E-8,0.000000,0.946634,0.932203,-0.38887073,2026-04-04,2026-08-03,10,23,23,122,0.081967,1.952988,1.729504,0.781697,,,,,,,,GLOBAL_BASELINE_NO_ENTITY_RANKING,,,NOT_APPLICABLE_GLOBAL_BASELINE,HF9g-P5,,,,X 全窗基线 · 不参与实体赏罚,6874884,688,A168_HF9F_20260827_0900,2026-08-27 09:00:00
2026-07-02,148197939,-1,1,8.5843927563,-8.5843927563,-8.5843927563,0E-7,5,3,0.36312586000000000,0.363432044444,-1.307863468210394,-1.308729372399119,-1.307863468210394,-0.00030618444400000,SENTINEL_DEALER,R03b_20260811_FULL_v1,L1_ELIGIBILITY,v2026-08-11,2026-03-21..2026-08-06,baccarat_bet02_101_all_pairs_incl_sentinel,round_win = game_pnl > 0 (decisive only),COMPATIBILITY_ONLY_NOT_PRODUCTION,1093.4321,1035.0804,168.4681,177,138,-0.15407278,-0.45174984,-0.06287912,-0.15407278,-168.4681,1093.4321,OK,0.0000,6.7387,4.0000,96.0000,AG03-UNRESOLVED,ALL5_LEVELS_bet23_to_bet27,6.7387,6.7387,6.7387,6.7387,6.7387,4.000000,4.000000,4.000000,4.000000,4.000000,96.000000,96.000000,96.000000,96.000000,96.000000,5.0,33.6936,31.1038,134.7745,137.3643,PENDING_AG03,FALSE,NOT_FOR_ENFORCEMENT,161.7294,993.6772,168.4681,161.7294,6.7387,0.15407278,0.14790987,6.7387,161.7294,0.14790987,6.7387,6.7387,6.7387,6.7387,6.7387,161.7294,0.14790987,33.6936,31.1038,134.7745,137.3643,0.12325823,0.12562674,0.00616291,6.1776,7.5006,1.2208,16.8468,7.3247,109.3432,13.8000,10.6842,5.4707,1.584,2.4244,10.3857,12.6494,20.6551,36.01,2.1082,-1.0102,8.519541,14.852937,2.548047,16,21,10,7,0.23450895,0.15407278,0.45174984,0E-8,0.000000,0.946634,0.932203,-0.38887073,2026-04-04,2026-08-03,10,23,23,122,0.081967,1.952988,1.729504,0.781697,,,,,,,,GLOBAL_BASELINE_NO_ENTITY_RANKING,,,NOT_APPLICABLE_GLOBAL_BASELINE,HF9g-P5,,,,X 全窗基线 · 不参与实体赏罚,6874885,688,A168_HF9F_20260827_0900,2026-08-27 09:00:00
2026-07-03,148197939,627,0,26.7751297877,-1.8395127336,-1.8395127336,0.4545455,23,13,0.42693016762301357,0.362785546154,0.18516704977094328,0.6329676534264406,0.18516704977094328,0.06414462146901357,ELIGIBLE,R03b_20260811_FULL_v1,L1_ELIGIBILITY,v2026-08-11,2026-03-21..2026-08-06,baccarat_bet02_101_all_pairs_incl_sentinel,round_win = game_pnl > 0 (decisive only),COMPATIBILITY_ONLY_NOT_PRODUCTION,1093.4321,1035.0804,168.4681,177,138,-0.15407278,-0.45174984,-0.06287912,-0.15407278,-168.4681,1093.4321,OK,0.0000,6.7387,4.0000,96.0000,AG03-UNRESOLVED,ALL5_LEVELS_bet23_to_bet27,6.7387,6.7387,6.7387,6.7387,6.7387,4.000000,4.000000,4.000000,4.000000,4.000000,96.000000,96.000000,96.000000,96.000000,96.000000,5.0,33.6936,31.1038,134.7745,137.3643,PENDING_AG03,FALSE,NOT_FOR_ENFORCEMENT,161.7294,993.6772,168.4681,161.7294,6.7387,0.15407278,0.14790987,6.7387,161.7294,0.14790987,6.7387,6.7387,6.7387,6.7387,6.7387,161.7294,0.14790987,33.6936,31.1038,134.7745,137.3643,0.12325823,0.12562674,0.00616291,6.1776,7.5006,1.2208,16.8468,7.3247,109.3432,13.8000,10.6842,5.4707,1.584,2.4244,10.3857,12.6494,20.6551,36.01,2.1082,-1.0102,8.519541,14.852937,2.548047,16,21,10,7,0.23450895,0.15407278,0.45174984,0E-8,0.000000,0.946634,0.932203,-0.38887073,2026-04-04,2026-08-03,10,23,23,122,0.081967,1.952988,1.729504,0.781697,,,,,,,,GLOBAL_BASELINE_NO_ENTITY_RANKING,,,NOT_APPLICABLE_GLOBAL_BASELINE,HF9g-P5,,,,X 全窗基线 · 不参与实体赏罚,6874886,688,A168_HF9F_20260827_0900,2026-08-27 09:00:00
2026-07-06,148197939,-1,1,6.9492703266,-4.9053672894,-4.9053672894,0.3333333,3,3,0.49324550000000000,0.493245500000,-0.5540025479526107,-0.5540025479526106,-0.5540025479526107,0E-17,SENTINEL_DEALER,R03b_20260811_FULL_v1,L1_ELIGIBILITY,v2026-08-11,2026-03-21..2026-08-06,baccarat_bet02_101_all_pairs_incl_sentinel,round_win = game_pnl > 0 (decisive only),COMPATIBILITY_ONLY_NOT_PRODUCTION,1093.4321,1035.0804,168.4681,177,138,-0.15407278,-0.45174984,-0.06287912,-0.15407278,-168.4681,1093.4321,OK,0.0000,6.7387,4.0000,96.0000,AG03-UNRESOLVED,ALL5_LEVELS_bet23_to_bet27,6.7387,6.7387,6.7387,6.7387,6.7387,4.000000,4.000000,4.000000,4.000000,4.000000,96.000000,96.000000,96.000000,96.000000,96.000000,5.0,33.6936,31.1038,134.7745,137.3643,PENDING_AG03,FALSE,NOT_FOR_ENFORCEMENT,161.7294,993.6772,168.4681,161.7294,6.7387,0.15407278,0.14790987,6.7387,161.7294,0.14790987,6.7387,6.7387,6.7387,6.7387,6.7387,161.7294,0.14790987,33.6936,31.1038,134.7745,137.3643,0.12325823,0.12562674,0.00616291,6.1776,7.5006,1.2208,16.8468,7.3247,109.3432,13.8000,10.6842,5.4707,1.584,2.4244,10.3857,12.6494,20.6551,36.01,2.1082,-1.0102,8.519541,14.852937,2.548047,16,21,10,7,0.23450895,0.15407278,0.45174984,0E-8,0.000000,0.946634,0.932203,-0.38887073,2026-04-04,2026-08-03,10,23,23,122,0.081967,1.952988,1.729504,0.781697,,,,,,,,GLOBAL_BASELINE_NO_ENTITY_RANKING,,,NOT_APPLICABLE_GLOBAL_BASELINE,HF9g-P5,,,,X 全窗基线 · 不参与实体赏罚,6874887,688,A168_HF9F_20260827_0900,2026-08-27 09:00:00
2026-07-06,148197939,1094,0,2.0439030372,-2.0439030372,-2.0439030372,0E-7,2,2,0.49994810000000000,0.499948100000,-1.4140667746232096,-1.4140667746232096,-1.4140667746232096,0E-17,ELIGIBLE,R03b_20260811_FULL_v1,L1_ELIGIBILITY,v2026-08-11,2026-03-21..2026-08-06,baccarat_bet02_101_all_pairs_incl_sentinel,round_win = game_pnl > 0 (decisive only),COMPATIBILITY_ONLY_NOT_PRODUCTION,1093.4321,1035.0804,168.4681,177,138,-0.15407278,-0.45174984,-0.06287912,-0.15407278,-168.4681,1093.4321,OK,0.0000,6.7387,4.0000,96.0000,AG03-UNRESOLVED,ALL5_LEVELS_bet23_to_bet27,6.7387,6.7387,6.7387,6.7387,6.7387,4.000000,4.000000,4.000000,4.000000,4.000000,96.000000,96.000000,96.000000,96.000000,96.000000,5.0,33.6936,31.1038,134.7745,137.3643,PENDING_AG03,FALSE,NOT_FOR_ENFORCEMENT,161.7294,993.6772,168.4681,161.7294,6.7387,0.15407278,0.14790987,6.7387,161.7294,0.14790987,6.7387,6.7387,6.7387,6.7387,6.7387,161.7294,0.14790987,33.6936,31.1038,134.7745,137.3643,0.12325823,0.12562674,0.00616291,6.1776,7.5006,1.2208,16.8468,7.3247,109.3432,13.8000,10.6842,5.4707,1.584,2.4244,10.3857,12.6494,20.6551,36.01,2.1082,-1.0102,8.519541,14.852937,2.548047,16,21,10,7,0.23450895,0.15407278,0.45174984,0E-8,0.000000,0.946634,0.932203,-0.38887073,2026-04-04,2026-08-03,10,23,23,122,0.081967,1.952988,1.729504,0.781697,,,,,,,,GLOBAL_BASELINE_NO_ENTITY_RANKING,,,NOT_APPLICABLE_GLOBAL_BASELINE,HF9g-P5,,,,X 全窗基线 · 不参与实体赏罚,6874888,688,A168_HF9F_20260827_0900,2026-08-27 09:00:00
2026-07-06,148197939,2250,0,4.9053672894,2.4526836447,2.4526836447,1.0000000,2,2,0.49324550000000000,0.493245500000,1.01360149184955,1.01360149184955,1.01360149184955,0E-17,ELIGIBLE,R03b_20260811_FULL_v1,L1_ELIGIBILITY,v2026-08-11,2026-03-21..2026-08-06,baccarat_bet02_101_all_pairs_incl_sentinel,round_win = game_pnl > 0 (decisive only),COMPATIBILITY_ONLY_NOT_PRODUCTION,1093.4321,1035.0804,168.4681,177,138,-0.15407278,-0.45174984,-0.06287912,-0.15407278,-168.4681,1093.4321,OK,0.0000,6.7387,4.0000,96.0000,AG03-UNRESOLVED,ALL5_LEVELS_bet23_to_bet27,6.7387,6.7387,6.7387,6.7387,6.7387,4.000000,4.000000,4.000000,4.000000,4.000000,96.000000,96.000000,96.000000,96.000000,96.000000,5.0,33.6936,31.1038,134.7745,137.3643,PENDING_AG03,FALSE,NOT_FOR_ENFORCEMENT,161.7294,993.6772,168.4681,161.7294,6.7387,0.15407278,0.14790987,6.7387,161.7294,0.14790987,6.7387,6.7387,6.7387,6.7387,6.7387,161.7294,0.14790987,33.6936,31.1038,134.7745,137.3643,0.12325823,0.12562674,0.00616291,6.1776,7.5006,1.2208,16.8468,7.3247,109.3432,13.8000,10.6842,5.4707,1.584,2.4244,10.3857,12.6494,20.6551,36.01,2.1082,-1.0102,8.519541,14.852937,2.548047,16,21,10,7,0.23450895,0.15407278,0.45174984,0E-8,0.000000,0.946634,0.932203,-0.38887073,2026-04-04,2026-08-03,10,23,23,122,0.081967,1.952988,1.729504,0.781697,,,,,,,,GLOBAL_BASELINE_NO_ENTITY_RANKING,,,NOT_APPLICABLE_GLOBAL_BASELINE,HF9g-P5,,,,X 全窗基线 · 不参与实体赏罚,6874889,688,A168_HF9F_20260827_0900,2026-08-27 09:00:00
2026-07-14,148197939,1399,0,1.0219515186,-1.0219515186,-1.0219515186,0E-7,1,1,0.50665070000000000,0.506650700000,-1.013391052207602,-1.013391052207602,-1.013391052207602,0E-17,ELIGIBLE,R03b_20260811_FULL_v1,L1_ELIGIBILITY,v2026-08-11,2026-03-21..2026-08-06,baccarat_bet02_101_all_pairs_incl_sentinel,round_win = game_pnl > 0 (decisive only),COMPATIBILITY_ONLY_NOT_PRODUCTION,1093.4321,1035.0804,168.4681,177,138,-0.15407278,-0.45174984,-0.06287912,-0.15407278,-168.4681,1093.4321,OK,0.0000,6.7387,4.0000,96.0000,AG03-UNRESOLVED,ALL5_LEVELS_bet23_to_bet27,6.7387,6.7387,6.7387,6.7387,6.7387,4.000000,4.000000,4.000000,4.000000,4.000000,96.000000,96.000000,96.000000,96.000000,96.000000,5.0,33.6936,31.1038,134.7745,137.3643,PENDING_AG03,FALSE,NOT_FOR_ENFORCEMENT,161.7294,993.6772,168.4681,161.7294,6.7387,0.15407278,0.14790987,6.7387,161.7294,0.14790987,6.7387,6.7387,6.7387,6.7387,6.7387,161.7294,0.14790987,33.6936,31.1038,134.7745,137.3643,0.12325823,0.12562674,0.00616291,6.1776,7.5006,1.2208,16.8468,7.3247,109.3432,13.8000,10.6842,5.4707,1.584,2.4244,10.3857,12.6494,20.6551,36.01,2.1082,-1.0102,8.519541,14.852937,2.548047,16,21,10,7,0.23450895,0.15407278,0.45174984,0E-8,0.000000,0.946634,0.932203,-0.38887073,2026-04-04,2026-08-03,10,23,23,122,0.081967,1.952988,1.729504,0.781697,,,,,,,,GLOBAL_BASELINE_NO_ENTITY_RANKING,,,NOT_APPLICABLE_GLOBAL_BASELINE,HF9g-P5,,,,X 全窗基线 · 不参与实体赏罚,6874890,688,A168_HF9F_20260827_0900,2026-08-27 09:00:00
2026-07-19,148197939,1714,0,143.0732126068,-61.3170911172,-61.3170911172,0.4000000,5,5,0.49860758000000000,0.498607580000,-0.440988213962219,-0.440988213962219,-0.440988213962219,0E-17,ELIGIBLE,R03b_20260811_FULL_v1,L1_ELIGIBILITY,v2026-08-11,2026-03-21..2026-08-06,baccarat_bet02_101_all_pairs_incl_sentinel,round_win = game_pnl > 0 (decisive only),COMPATIBILITY_ONLY_NOT_PRODUCTION,1093.4321,1035.0804,168.4681,177,138,-0.15407278,-0.45174984,-0.06287912,-0.15407278,-168.4681,1093.4321,OK,0.0000,6.7387,4.0000,96.0000,AG03-UNRESOLVED,ALL5_LEVELS_bet23_to_bet27,6.7387,6.7387,6.7387,6.7387,6.7387,4.000000,4.000000,4.000000,4.000000,4.000000,96.000000,96.000000,96.000000,96.000000,96.000000,5.0,33.6936,31.1038,134.7745,137.3643,PENDING_AG03,FALSE,NOT_FOR_ENFORCEMENT,161.7294,993.6772,168.4681,161.7294,6.7387,0.15407278,0.14790987,6.7387,161.7294,0.14790987,6.7387,6.7387,6.7387,6.7387,6.7387,161.7294,0.14790987,33.6936,31.1038,134.7745,137.3643,0.12325823,0.12562674,0.00616291,6.1776,7.5006,1.2208,16.8468,7.3247,109.3432,13.8000,10.6842,5.4707,1.584,2.4244,10.3857,12.6494,20.6551,36.01,2.1082,-1.0102,8.519541,14.852937,2.548047,16,21,10,7,0.23450895,0.15407278,0.45174984,0E-8,0.000000,0.946634,0.932203,-0.38887073,2026-04-04,2026-08-03,10,23,23,122,0.081967,1.952988,1.729504,0.781697,,,,,,,,GLOBAL_BASELINE_NO_ENTITY_RANKING,,,NOT_APPLICABLE_GLOBAL_BASELINE,HF9g-P5,,,,X 全窗基线 · 不参与实体赏罚,6874891,688,A168_HF9F_20260827_0900,2026-08-27 09:00:00
2026-07-19,148197939,925,0,69.4927032662,-49.0536728938,-49.0536728938,0E-7,5,3,0.46551238095223719,0.410661288889,-1.3198111441161637,-1.1805228463777664,-1.3198111441161637,0.05485109206323719,ELIGIBLE,R03b_20260811_FULL_v1,L1_ELIGIBILITY,v2026-08-11,2026-03-21..2026-08-06,baccarat_bet02_101_all_pairs_incl_sentinel,round_win = game_pnl > 0 (decisive only),COMPATIBILITY_ONLY_NOT_PRODUCTION,1093.4321,1035.0804,168.4681,177,138,-0.15407278,-0.45174984,-0.06287912,-0.15407278,-168.4681,1093.4321,OK,0.0000,6.7387,4.0000,96.0000,AG03-UNRESOLVED,ALL5_LEVELS_bet23_to_bet27,6.7387,6.7387,6.7387,6.7387,6.7387,4.000000,4.000000,4.000000,4.000000,4.000000,96.000000,96.000000,96.000000,96.000000,96.000000,5.0,33.6936,31.1038,134.7745,137.3643,PENDING_AG03,FALSE,NOT_FOR_ENFORCEMENT,161.7294,993.6772,168.4681,161.7294,6.7387,0.15407278,0.14790987,6.7387,161.7294,0.14790987,6.7387,6.7387,6.7387,6.7387,6.7387,161.7294,0.14790987,33.6936,31.1038,134.7745,137.3643,0.12325823,0.12562674,0.00616291,6.1776,7.5006,1.2208,16.8468,7.3247,109.3432,13.8000,10.6842,5.4707,1.584,2.4244,10.3857,12.6494,20.6551,36.01,2.1082,-1.0102,8.519541,14.852937,2.548047,16,21,10,7,0.23450895,0.15407278,0.45174984,0E-8,0.000000,0.946634,0.932203,-0.38887073,2026-04-04,2026-08-03,10,23,23,122,0.081967,1.952988,1.729504,0.781697,,,,,,,,GLOBAL_BASELINE_NO_ENTITY_RANKING,,,NOT_APPLICABLE_GLOBAL_BASELINE,HF9g-P5,,,,X 全窗基线 · 不参与实体赏罚,6874892,688,A168_HF9F_20260827_0900,2026-08-27 09:00:00
2026-08-03,148197939,2229,0,30.3054792306,-12.1221916922,-12.1221916922,0.3333333,7,6,0.42795604166666667,0.427956041667,-0.4684429606392185,-0.46844296064082275,-0.4684429606392185,-3.3333E-13,ELIGIBLE,R03b_20260811_FULL_v1,L1_ELIGIBILITY,v2026-08-11,2026-03-21..2026-08-06,baccarat_bet02_101_all_pairs_incl_sentinel,round_win = game_pnl > 0 (decisive only),COMPATIBILITY_ONLY_NOT_PRODUCTION,1093.4321,1035.0804,168.4681,177,138,-0.15407278,-0.45174984,-0.06287912,-0.15407278,-168.4681,1093.4321,OK,0.0000,6.7387,4.0000,96.0000,AG03-UNRESOLVED,ALL5_LEVELS_bet23_to_bet27,6.7387,6.7387,6.7387,6.7387,6.7387,4.000000,4.000000,4.000000,4.000000,4.000000,96.000000,96.000000,96.000000,96.000000,96.000000,5.0,33.6936,31.1038,134.7745,137.3643,PENDING_AG03,FALSE,NOT_FOR_ENFORCEMENT,161.7294,993.6772,168.4681,161.7294,6.7387,0.15407278,0.14790987,6.7387,161.7294,0.14790987,6.7387,6.7387,6.7387,6.7387,6.7387,161.7294,0.14790987,33.6936,31.1038,134.7745,137.3643,0.12325823,0.12562674,0.00616291,6.1776,7.5006,1.2208,16.8468,7.3247,109.3432,13.8000,10.6842,5.4707,1.584,2.4244,10.3857,12.6494,20.6551,36.01,2.1082,-1.0102,8.519541,14.852937,2.548047,16,21,10,7,0.23450895,0.15407278,0.45174984,0E-8,0.000000,0.946634,0.932203,-0.38887073,2026-04-04,2026-08-03,10,23,23,122,0.081967,1.952988,1.729504,0.781697,,,,,,,,GLOBAL_BASELINE_NO_ENTITY_RANKING,,,NOT_APPLICABLE_GLOBAL_BASELINE,HF9g-P5,,,,X 全窗基线 · 不参与实体赏罚,6874893,688,A168_HF9F_20260827_0900,2026-08-27 09:00:00
2026-08-03,148197939,2239,0,10.1018264101,10.1018264101,10.1018264101,1.0000000,5,5,0.49860758000000000,0.498607580000,2.242303763970222,2.242303763970222,2.242303763970222,0E-17,ELIGIBLE,R03b_20260811_FULL_v1,L1_ELIGIBILITY,v2026-08-11,2026-03-21..2026-08-06,baccarat_bet02_101_all_pairs_incl_sentinel,round_win = game_pnl > 0 (decisive only),COMPATIBILITY_ONLY_NOT_PRODUCTION,1093.4321,1035.0804,168.4681,177,138,-0.15407278,-0.45174984,-0.06287912,-0.15407278,-168.4681,1093.4321,OK,0.0000,6.7387,4.0000,96.0000,AG03-UNRESOLVED,ALL5_LEVELS_bet23_to_bet27,6.7387,6.7387,6.7387,6.7387,6.7387,4.000000,4.000000,4.000000,4.000000,4.000000,96.000000,96.000000,96.000000,96.000000,96.000000,5.0,33.6936,31.1038,134.7745,137.3643,PENDING_AG03,FALSE,NOT_FOR_ENFORCEMENT,161.7294,993.6772,168.4681,161.7294,6.7387,0.15407278,0.14790987,6.7387,161.7294,0.14790987,6.7387,6.7387,6.7387,6.7387,6.7387,161.7294,0.14790987,33.6936,31.1038,134.7745,137.3643,0.12325823,0.12562674,0.00616291,6.1776,7.5006,1.2208,16.8468,7.3247,109.3432,13.8000,10.6842,5.4707,1.584,2.4244,10.3857,12.6494,20.6551,36.01,2.1082,-1.0102,8.519541,14.852937,2.548047,16,21,10,7,0.23450895,0.15407278,0.45174984,0E-8,0.000000,0.946634,0.932203,-0.38887073,2026-04-04,2026-08-03,10,23,23,122,0.081967,1.952988,1.729504,0.781697,,,,,,,,GLOBAL_BASELINE_NO_ENTITY_RANKING,,,NOT_APPLICABLE_GLOBAL_BASELINE,HF9g-P5,,,,X 全窗基线 · 不参与实体赏罚,6874894,688,A168_HF9F_20260827_0900,2026-08-27 09:00:00
2026-08-03,148197939,2287,0,2.4244383385,-2.4244383385,-2.4244383385,0E-7,1,1,0.49324550000000000,0.493245500000,-0.9865810262130424,-0.9865810262130424,-0.9865810262130424,0E-17,ELIGIBLE,R03b_20260811_FULL_v1,L1_ELIGIBILITY,v2026-08-11,2026-03-21..2026-08-06,baccarat_bet02_101_all_pairs_incl_sentinel,round_win = game_pnl > 0 (decisive only),COMPATIBILITY_ONLY_NOT_PRODUCTION,1093.4321,1035.0804,168.4681,177,138,-0.15407278,-0.45174984,-0.06287912,-0.15407278,-168.4681,1093.4321,OK,0.0000,6.7387,4.0000,96.0000,AG03-UNRESOLVED,ALL5_LEVELS_bet23_to_bet27,6.7387,6.7387,6.7387,6.7387,6.7387,4.000000,4.000000,4.000000,4.000000,4.000000,96.000000,96.000000,96.000000,96.000000,96.000000,5.0,33.6936,31.1038,134.7745,137.3643,PENDING_AG03,FALSE,NOT_FOR_ENFORCEMENT,161.7294,993.6772,168.4681,161.7294,6.7387,0.15407278,0.14790987,6.7387,161.7294,0.14790987,6.7387,6.7387,6.7387,6.7387,6.7387,161.7294,0.14790987,33.6936,31.1038,134.7745,137.3643,0.12325823,0.12562674,0.00616291,6.1776,7.5006,1.2208,16.8468,7.3247,109.3432,13.8000,10.6842,5.4707,1.584,2.4244,10.3857,12.6494,20.6551,36.01,2.1082,-1.0102,8.519541,14.852937,2.548047,16,21,10,7,0.23450895,0.15407278,0.45174984,0E-8,0.000000,0.946634,0.932203,-0.38887073,2026-04-04,2026-08-03,10,23,23,122,0.081967,1.952988,1.729504,0.781697,,,,,,,,GLOBAL_BASELINE_NO_ENTITY_RANKING,,,NOT_APPLICABLE_GLOBAL_BASELINE,HF9g-P5,,,,X 全窗基线 · 不参与实体赏罚,6874895,688,A168_HF9F_20260827_0900,2026-08-27 09:00:00
2026-05-23,146707605,1353,0,81.9241676295,5.7767041277,5.7767041277,0.5000000,5,5,0.49860758000000000,0.498607580000,0.005569701597489473,0.005569701597489473,0.005569701597489473,0E-17,ELIGIBLE,R03b_20260811_FULL_v1,L1_ELIGIBILITY,v2026-08-11,2026-03-21..2026-08-06,baccarat_bet02_101_all_pairs_incl_sentinel,round_win = game_pnl > 0 (decisive only),COMPATIBILITY_ONLY_NOT_PRODUCTION,1369.6040,1296.0823,168.4697,79,78,-0.12300613,,-0.12300613,-0.12300613,-168.4697,1369.6040,OK,0.0000,6.7388,4.0000,96.0000,AG03-UNRESOLVED,ALL5_LEVELS_bet23_to_bet27,6.7388,6.7388,6.7388,6.7388,6.7388,4.000000,4.000000,4.000000,4.000000,4.000000,96.000000,96.000000,96.000000,96.000000,96.000000,5.0,33.6939,31.1041,134.7758,137.3656,PENDING_AG03,FALSE,NOT_FOR_ENFORCEMENT,161.7309,1244.2391,168.4697,161.7309,6.7388,0.12300613,0.11808589,6.7388,161.7309,0.11808589,6.7388,6.7388,6.7388,6.7388,6.7388,161.7309,0.11808589,33.6939,31.1041,134.7758,137.3656,0.09840491,0.10029584,0.00492025,17.3368,16.6164,2.1599,84.2348,24.0671,684.8020,39.0000,,17.3368,10.5031,16.805,21.0062,25.2074,30.564,40.1848,14.7043,-10.5031,1.818749,2.39125,1.031646,5,9,3,3,0E-8,0.12300613,,0E-8,0.000000,0.946319,0.000000,,2026-05-23,2026-05-24,2,7,7,2,1.000000,,,0.000000,,,,,,,,GLOBAL_BASELINE_NO_ENTITY_RANKING,,,NOT_APPLICABLE_GLOBAL_BASELINE,HF9g-P5,,,,X 全窗基线 · 不参与实体赏罚,6874896,688,A168_HF9F_20260827_0900,2026-08-27 09:00:00
2026-05-23,146707605,1363,0,321.3948114696,39.9117739735,39.9117739735,0.5625000,19,18,0.49402636944444877,0.483853055556,0.5478281435257061,0.6295038944938182,0.5478281435257061,0.01017331388844877,ELIGIBLE,R03b_20260811_FULL_v1,L1_ELIGIBILITY,v2026-08-11,2026-03-21..2026-08-06,baccarat_bet02_101_all_pairs_incl_sentinel,round_win = game_pnl > 0 (decisive only),COMPATIBILITY_ONLY_NOT_PRODUCTION,1369.6040,1296.0823,168.4697,79,78,-0.12300613,,-0.12300613,-0.12300613,-168.4697,1369.6040,OK,0.0000,6.7388,4.0000,96.0000,AG03-UNRESOLVED,ALL5_LEVELS_bet23_to_bet27,6.7388,6.7388,6.7388,6.7388,6.7388,4.000000,4.000000,4.000000,4.000000,4.000000,96.000000,96.000000,96.000000,96.000000,96.000000,5.0,33.6939,31.1041,134.7758,137.3656,PENDING_AG03,FALSE,NOT_FOR_ENFORCEMENT,161.7309,1244.2391,168.4697,161.7309,6.7388,0.12300613,0.11808589,6.7388,161.7309,0.11808589,6.7388,6.7388,6.7388,6.7388,6.7388,161.7309,0.11808589,33.6939,31.1041,134.7758,137.3656,0.09840491,0.10029584,0.00492025,17.3368,16.6164,2.1599,84.2348,24.0671,684.8020,39.0000,,17.3368,10.5031,16.805,21.0062,25.2074,30.564,40.1848,14.7043,-10.5031,1.818749,2.39125,1.031646,5,9,3,3,0E-8,0.12300613,,0E-8,0.000000,0.946319,0.000000,,2026-05-23,2026-05-24,2,7,7,2,1.000000,,,0.000000,,,,,,,,GLOBAL_BASELINE_NO_ENTITY_RANKING,,,NOT_APPLICABLE_GLOBAL_BASELINE,HF9g-P5,,,,X 全窗基线 · 不参与实体赏罚,6874897,688,A168_HF9F_20260827_0900,2026-08-27 09:00:00
2026-05-23,146707605,1941,0,107.1316038230,-55.1412666737,-55.1412666737,0.3333333,7,7,0.50282064285714286,0.502820642857,-0.8303280647496518,-0.8303280647489506,-0.8303280647496518,1.4286E-13,ELIGIBLE,R03b_20260811_FULL_v1,L1_ELIGIBILITY,v2026-08-11,2026-03-21..2026-08-06,baccarat_bet02_101_all_pairs_incl_sentinel,round_win = game_pnl > 0 (decisive only),COMPATIBILITY_ONLY_NOT_PRODUCTION,1369.6040,1296.0823,168.4697,79,78,-0.12300613,,-0.12300613,-0.12300613,-168.4697,1369.6040,OK,0.0000,6.7388,4.0000,96.0000,AG03-UNRESOLVED,ALL5_LEVELS_bet23_to_bet27,6.7388,6.7388,6.7388,6.7388,6.7388,4.000000,4.000000,4.000000,4.000000,4.000000,96.000000,96.000000,96.000000,96.000000,96.000000,5.0,33.6939,31.1041,134.7758,137.3656,PENDING_AG03,FALSE,NOT_FOR_ENFORCEMENT,161.7309,1244.2391,168.4697,161.7309,6.7388,0.12300613,0.11808589,6.7388,161.7309,0.11808589,6.7388,6.7388,6.7388,6.7388,6.7388,161.7309,0.11808589,33.6939,31.1041,134.7758,137.3656,0.09840491,0.10029584,0.00492025,17.3368,16.6164,2.1599,84.2348,24.0671,684.8020,39.0000,,17.3368,10.5031,16.805,21.0062,25.2074,30.564,40.1848,14.7043,-10.5031,1.818749,2.39125,1.031646,5,9,3,3,0E-8,0.12300613,,0E-8,0.000000,0.946319,0.000000,,2026-05-23,2026-05-24,2,7,7,2,1.000000,,,0.000000,,,,,,,,GLOBAL_BASELINE_NO_ENTITY_RANKING,,,NOT_APPLICABLE_GLOBAL_BASELINE,HF9g-P5,,,,X 全窗基线 · 不参与实体赏罚,6874898,688,A168_HF9F_20260827_0900,2026-08-27 09:00:00
2026-05-23,146707605,752,0,346.6022476630,-34.5551937820,-34.5551937820,0.4000000,16,16,0.50162375000000000,0.501623750000,-0.7871783335614463,-0.7871783335614463,-0.7871783335614463,0E-17,ELIGIBLE,R03b_20260811_FULL_v1,L1_ELIGIBILITY,v2026-08-11,2026-03-21..2026-08-06,baccarat_bet02_101_all_pairs_incl_sentinel,round_win = game_pnl > 0 (decisive only),COMPATIBILITY_ONLY_NOT_PRODUCTION,1369.6040,1296.0823,168.4697,79,78,-0.12300613,,-0.12300613,-0.12300613,-168.4697,1369.6040,OK,0.0000,6.7388,4.0000,96.0000,AG03-UNRESOLVED,ALL5_LEVELS_bet23_to_bet27,6.7388,6.7388,6.7388,6.7388,6.7388,4.000000,4.000000,4.000000,4.000000,4.000000,96.000000,96.000000,96.000000,96.000000,96.000000,5.0,33.6939,31.1041,134.7758,137.3656,PENDING_AG03,FALSE,NOT_FOR_ENFORCEMENT,161.7309,1244.2391,168.4697,161.7309,6.7388,0.12300613,0.11808589,6.7388,161.7309,0.11808589,6.7388,6.7388,6.7388,6.7388,6.7388,161.7309,0.11808589,33.6939,31.1041,134.7758,137.3656,0.09840491,0.10029584,0.00492025,17.3368,16.6164,2.1599,84.2348,24.0671,684.8020,39.0000,,17.3368,10.5031,16.805,21.0062,25.2074,30.564,40.1848,14.7043,-10.5031,1.818749,2.39125,1.031646,5,9,3,3,0E-8,0.12300613,,0E-8,0.000000,0.946319,0.000000,,2026-05-23,2026-05-24,2,7,7,2,1.000000,,,0.000000,,,,,,,,GLOBAL_BASELINE_NO_ENTITY_RANKING,,,NOT_APPLICABLE_GLOBAL_BASELINE,HF9g-P5,,,,X 全窗基线 · 不参与实体赏罚,6874899,688,A168_HF9F_20260827_0900,2026-08-27 09:00:00
2026-05-24,146707605,1654,0,31.5092952421,9.4527885727,9.4527885727,0.5000000,2,2,0.50665070000000000,0.506650700000,-0.018812684590367487,-0.018812684590367487,-0.018812684590367487,0E-17,ELIGIBLE,R03b_20260811_FULL_v1,L1_ELIGIBILITY,v2026-08-11,2026-03-21..2026-08-06,baccarat_bet02_101_all_pairs_incl_sentinel,round_win = game_pnl > 0 (decisive only),COMPATIBILITY_ONLY_NOT_PRODUCTION,1369.6040,1296.0823,168.4697,79,78,-0.12300613,,-0.12300613,-0.12300613,-168.4697,1369.6040,OK,0.0000,6.7388,4.0000,96.0000,AG03-UNRESOLVED,ALL5_LEVELS_bet23_to_bet27,6.7388,6.7388,6.7388,6.7388,6.7388,4.000000,4.000000,4.000000,4.000000,4.000000,96.000000,96.000000,96.000000,96.000000,96.000000,5.0,33.6939,31.1041,134.7758,137.3656,PENDING_AG03,FALSE,NOT_FOR_ENFORCEMENT,161.7309,1244.2391,168.4697,161.7309,6.7388,0.12300613,0.11808589,6.7388,161.7309,0.11808589,6.7388,6.7388,6.7388,6.7388,6.7388,161.7309,0.11808589,33.6939,31.1041,134.7758,137.3656,0.09840491,0.10029584,0.00492025,17.3368,16.6164,2.1599,84.2348,24.0671,684.8020,39.0000,,17.3368,10.5031,16.805,21.0062,25.2074,30.564,40.1848,14.7043,-10.5031,1.818749,2.39125,1.031646,5,9,3,3,0E-8,0.12300613,,0E-8,0.000000,0.946319,0.000000,,2026-05-23,2026-05-24,2,7,7,2,1.000000,,,0.000000,,,,,,,,GLOBAL_BASELINE_NO_ENTITY_RANKING,,,NOT_APPLICABLE_GLOBAL_BASELINE,HF9g-P5,,,,X 全窗基线 · 不参与实体赏罚,6874900,688,A168_HF9F_20260827_0900,2026-08-27 09:00:00
2026-05-24,146707605,2134,0,52.5154920701,-52.5154920701,-52.5154920701,0E-7,3,3,0.49771390000000000,0.497713900000,-1.724149546644903,-1.724149546644903,-1.724149546644903,0E-17,ELIGIBLE,R03b_20260811_FULL_v1,L1_ELIGIBILITY,v2026-08-11,2026-03-21..2026-08-06,baccarat_bet02_101_all_pairs_incl_sentinel,round_win = game_pnl > 0 (decisive only),COMPATIBILITY_ONLY_NOT_PRODUCTION,1369.6040,1296.0823,168.4697,79,78,-0.12300613,,-0.12300613,-0.12300613,-168.4697,1369.6040,OK,0.0000,6.7388,4.0000,96.0000,AG03-UNRESOLVED,ALL5_LEVELS_bet23_to_bet27,6.7388,6.7388,6.7388,6.7388,6.7388,4.000000,4.000000,4.000000,4.000000,4.000000,96.000000,96.000000,96.000000,96.000000,96.000000,5.0,33.6939,31.1041,134.7758,137.3656,PENDING_AG03,FALSE,NOT_FOR_ENFORCEMENT,161.7309,1244.2391,168.4697,161.7309,6.7388,0.12300613,0.11808589,6.7388,161.7309,0.11808589,6.7388,6.7388,6.7388,6.7388,6.7388,161.7309,0.11808589,33.6939,31.1041,134.7758,137.3656,0.09840491,0.10029584,0.00492025,17.3368,16.6164,2.1599,84.2348,24.0671,684.8020,39.0000,,17.3368,10.5031,16.805,21.0062,25.2074,30.564,40.1848,14.7043,-10.5031,1.818749,2.39125,1.031646,5,9,3,3,0E-8,0.12300613,,0E-8,0.000000,0.946319,0.000000,,2026-05-23,2026-05-24,2,7,7,2,1.000000,,,0.000000,,,,,,,,GLOBAL_BASELINE_NO_ENTITY_RANKING,,,NOT_APPLICABLE_GLOBAL_BASELINE,HF9g-P5,,,,X 全窗基线 · 不参与实体赏罚,6874901,688,A168_HF9F_20260827_0900,2026-08-27 09:00:00
2026-05-24,146707605,2248,0,60.9179708012,-19.4307320659,-19.4307320659,0.4000000,5,5,0.49860758000000000,0.498607580000,-0.440988213962219,-0.440988213962219,-0.440988213962219,0E-17,ELIGIBLE,R03b_20260811_FULL_v1,L1_ELIGIBILITY,v2026-08-11,2026-03-21..2026-08-06,baccarat_bet02_101_all_pairs_incl_sentinel,round_win = game_pnl > 0 (decisive only),COMPATIBILITY_ONLY_NOT_PRODUCTION,1369.6040,1296.0823,168.4697,79,78,-0.12300613,,-0.12300613,-0.12300613,-168.4697,1369.6040,OK,0.0000,6.7388,4.0000,96.0000,AG03-UNRESOLVED,ALL5_LEVELS_bet23_to_bet27,6.7388,6.7388,6.7388,6.7388,6.7388,4.000000,4.000000,4.000000,4.000000,4.000000,96.000000,96.000000,96.000000,96.000000,96.000000,5.0,33.6939,31.1041,134.7758,137.3656,PENDING_AG03,FALSE,NOT_FOR_ENFORCEMENT,161.7309,1244.2391,168.4697,161.7309,6.7388,0.12300613,0.11808589,6.7388,161.7309,0.11808589,6.7388,6.7388,6.7388,6.7388,6.7388,161.7309,0.11808589,33.6939,31.1041,134.7758,137.3656,0.09840491,0.10029584,0.00492025,17.3368,16.6164,2.1599,84.2348,24.0671,684.8020,39.0000,,17.3368,10.5031,16.805,21.0062,25.2074,30.564,40.1848,14.7043,-10.5031,1.818749,2.39125,1.031646,5,9,3,3,0E-8,0.12300613,,0E-8,0.000000,0.946319,0.000000,,2026-05-23,2026-05-24,2,7,7,2,1.000000,,,0.000000,,,,,,,,GLOBAL_BASELINE_NO_ENTITY_RANKING,,,NOT_APPLICABLE_GLOBAL_BASELINE,HF9g-P5,,,,X 全窗基线 · 不参与实体赏罚,6874902,688,A168_HF9F_20260827_0900,2026-08-27 09:00:00
2026-05-24,146707605,2262,0,285.6842768617,-21.0061968280,-21.0061968280,0.4705882,17,17,0.50113091176470588,0.501130911765,-0.251862006599008,-0.25186200660143365,-0.251862006599008,-2.9412E-13,ELIGIBLE,R03b_20260811_FULL_v1,L1_ELIGIBILITY,v2026-08-11,2026-03-21..2026-08-06,baccarat_bet02_101_all_pairs_incl_sentinel,round_win = game_pnl > 0 (decisive only),COMPATIBILITY_ONLY_NOT_PRODUCTION,1369.6040,1296.0823,168.4697,79,78,-0.12300613,,-0.12300613,-0.12300613,-168.4697,1369.6040,OK,0.0000,6.7388,4.0000,96.0000,AG03-UNRESOLVED,ALL5_LEVELS_bet23_to_bet27,6.7388,6.7388,6.7388,6.7388,6.7388,4.000000,4.000000,4.000000,4.000000,4.000000,96.000000,96.000000,96.000000,96.000000,96.000000,5.0,33.6939,31.1041,134.7758,137.3656,PENDING_AG03,FALSE,NOT_FOR_ENFORCEMENT,161.7309,1244.2391,168.4697,161.7309,6.7388,0.12300613,0.11808589,6.7388,161.7309,0.11808589,6.7388,6.7388,6.7388,6.7388,6.7388,161.7309,0.11808589,33.6939,31.1041,134.7758,137.3656,0.09840491,0.10029584,0.00492025,17.3368,16.6164,2.1599,84.2348,24.0671,684.8020,39.0000,,17.3368,10.5031,16.805,21.0062,25.2074,30.564,40.1848,14.7043,-10.5031,1.818749,2.39125,1.031646,5,9,3,3,0E-8,0.12300613,,0E-8,0.000000,0.946319,0.000000,,2026-05-23,2026-05-24,2,7,7,2,1.000000,,,0.000000,,,,,,,,GLOBAL_BASELINE_NO_ENTITY_RANKING,,,NOT_APPLICABLE_GLOBAL_BASELINE,HF9g-P5,,,,X 全窗基线 · 不参与实体赏罚,6874903,688,A168_HF9F_20260827_0900,2026-08-27 09:00:00
2026-05-24,146707605,2271,0,50.4148723874,-50.4148723874,-50.4148723874,0E-7,3,3,0.50665070000000000,0.506650700000,-1.7552447903592512,-1.7552447903592512,-1.7552447903592512,0E-17,ELIGIBLE,R03b_20260811_FULL_v1,L1_ELIGIBILITY,v2026-08-11,2026-03-21..2026-08-06,baccarat_bet02_101_all_pairs_incl_sentinel,round_win = game_pnl > 0 (decisive only),COMPATIBILITY_ONLY_NOT_PRODUCTION,1369.6040,1296.0823,168.4697,79,78,-0.12300613,,-0.12300613,-0.12300613,-168.4697,1369.6040,OK,0.0000,6.7388,4.0000,96.0000,AG03-UNRESOLVED,ALL5_LEVELS_bet23_to_bet27,6.7388,6.7388,6.7388,6.7388,6.7388,4.000000,4.000000,4.000000,4.000000,4.000000,96.000000,96.000000,96.000000,96.000000,96.000000,5.0,33.6939,31.1041,134.7758,137.3656,PENDING_AG03,FALSE,NOT_FOR_ENFORCEMENT,161.7309,1244.2391,168.4697,161.7309,6.7388,0.12300613,0.11808589,6.7388,161.7309,0.11808589,6.7388,6.7388,6.7388,6.7388,6.7388,161.7309,0.11808589,33.6939,31.1041,134.7758,137.3656,0.09840491,0.10029584,0.00492025,17.3368,16.6164,2.1599,84.2348,24.0671,684.8020,39.0000,,17.3368,10.5031,16.805,21.0062,25.2074,30.564,40.1848,14.7043,-10.5031,1.818749,2.39125,1.031646,5,9,3,3,0E-8,0.12300613,,0E-8,0.000000,0.946319,0.000000,,2026-05-23,2026-05-24,2,7,7,2,1.000000,,,0.000000,,,,,,,,GLOBAL_BASELINE_NO_ENTITY_RANKING,,,NOT_APPLICABLE_GLOBAL_BASELINE,HF9g-P5,,,,X 全窗基线 · 不参与实体赏罚,6874904,688,A168_HF9F_20260827_0900,2026-08-27 09:00:00
2026-05-24,146707605,752,0,31.5092952421,9.4527885727,9.4527885727,0.5000000,2,2,0.49994810000000000,0.499948100000,0.00014679536856514622,0.00014679536856514622,0.00014679536856514622,0E-17,ELIGIBLE,R03b_20260811_FULL_v1,L1_ELIGIBILITY,v2026-08-11,2026-03-21..2026-08-06,baccarat_bet02_101_all_pairs_incl_sentinel,round_win = game_pnl > 0 (decisive only),COMPATIBILITY_ONLY_NOT_PRODUCTION,1369.6040,1296.0823,168.4697,79,78,-0.12300613,,-0.12300613,-0.12300613,-168.4697,1369.6040,OK,0.0000,6.7388,4.0000,96.0000,AG03-UNRESOLVED,ALL5_LEVELS_bet23_to_bet27,6.7388,6.7388,6.7388,6.7388,6.7388,4.000000,4.000000,4.000000,4.000000,4.000000,96.000000,96.000000,96.000000,96.000000,96.000000,5.0,33.6939,31.1041,134.7758,137.3656,PENDING_AG03,FALSE,NOT_FOR_ENFORCEMENT,161.7309,1244.2391,168.4697,161.7309,6.7388,0.12300613,0.11808589,6.7388,161.7309,0.11808589,6.7388,6.7388,6.7388,6.7388,6.7388,161.7309,0.11808589,33.6939,31.1041,134.7758,137.3656,0.09840491,0.10029584,0.00492025,17.3368,16.6164,2.1599,84.2348,24.0671,684.8020,39.0000,,17.3368,10.5031,16.805,21.0062,25.2074,30.564,40.1848,14.7043,-10.5031,1.818749,2.39125,1.031646,5,9,3,3,0E-8,0.12300613,,0E-8,0.000000,0.946319,0.000000,,2026-05-23,2026-05-24,2,7,7,2,1.000000,,,0.000000,,,,,,,,GLOBAL_BASELINE_NO_ENTITY_RANKING,,,NOT_APPLICABLE_GLOBAL_BASELINE,HF9g-P5,,,,X 全窗基线 · 不参与实体赏罚,6874905,688,A168_HF9F_20260827_0900,2026-08-27 09:00:00
2026-05-12,143953769,1210,0,554.5635962608,157.3364142422,157.3364142422,0.6666667,7,7,0.49707555714285714,0.497075557143,0.8308375778672678,0.8308375778665665,0.8308375778672678,-1.4286E-13,ELIGIBLE,R03b_20260811_FULL_v1,L1_ELIGIBILITY,v2026-08-11,2026-03-21..2026-08-06,baccarat_bet02_101_all_pairs_incl_sentinel,round_win = game_pnl > 0 (decisive only),COMPATIBILITY_ONLY_NOT_PRODUCTION,1090.4317,939.1871,168.4697,14,14,-0.15449817,,-0.15449817,-0.15449817,-168.4697,1090.4317,THIN_EXPOSURE,0.0000,6.7388,4.0000,96.0000,AG03-UNRESOLVED,ALL5_LEVELS_bet23_to_bet27,6.7388,6.7388,6.7388,13.4776,13.4776,4.000000,4.000000,4.000000,8.000000,8.000000,96.000000,96.000000,96.000000,92.000000,92.000000,5.0,47.1715,42.3128,121.2982,126.1569,PENDING_AG03,FALSE,NOT_FOR_ENFORCEMENT,161.7309,901.6196,168.4697,161.7309,6.7388,0.15449817,0.14831824,6.7388,161.7309,0.14831824,6.7388,6.7388,6.7388,13.4776,13.4776,161.7309,0.14831824,47.1715,42.3128,121.2982,126.1569,0.11123868,0.11569449,0.00617993,77.8880,67.0848,12.0335,168.4697,33.6939,1090.4317,14.0000,,77.8880,63.0186,79.8235,100.8297,115.7441,131.9189,136.5403,69.3204,-5.2515,1.652632,1.710526,0.975752,4,5,1,3,0E-8,0.15449817,,0E-8,0.000000,0.861298,0.000000,,2026-05-12,2026-05-12,1,5,4,1,1.000000,,,0.000000,,,,,,,,GLOBAL_BASELINE_NO_ENTITY_RANKING,,,NOT_APPLICABLE_GLOBAL_BASELINE,HF9g-P5,,,,X 全窗基线 · 不参与实体赏罚,6874906,688,A168_HF9F_20260827_0900,2026-08-27 09:00:00
2026-05-12,143953769,1306,0,147.0433777964,-147.0433777964,-147.0433777964,0E-7,2,2,0.28396590000000000,0.283965900000,-0.8905970261819115,-0.8905970261819115,-0.8905970261819115,0E-17,ELIGIBLE,R03b_20260811_FULL_v1,L1_ELIGIBILITY,v2026-08-11,2026-03-21..2026-08-06,baccarat_bet02_101_all_pairs_incl_sentinel,round_win = game_pnl > 0 (decisive only),COMPATIBILITY_ONLY_NOT_PRODUCTION,1090.4317,939.1871,168.4697,14,14,-0.15449817,,-0.15449817,-0.15449817,-168.4697,1090.4317,THIN_EXPOSURE,0.0000,6.7388,4.0000,96.0000,AG03-UNRESOLVED,ALL5_LEVELS_bet23_to_bet27,6.7388,6.7388,6.7388,13.4776,13.4776,4.000000,4.000000,4.000000,8.000000,8.000000,96.000000,96.000000,96.000000,92.000000,92.000000,5.0,47.1715,42.3128,121.2982,126.1569,PENDING_AG03,FALSE,NOT_FOR_ENFORCEMENT,161.7309,901.6196,168.4697,161.7309,6.7388,0.15449817,0.14831824,6.7388,161.7309,0.14831824,6.7388,6.7388,6.7388,13.4776,13.4776,161.7309,0.14831824,47.1715,42.3128,121.2982,126.1569,0.11123868,0.11569449,0.00617993,77.8880,67.0848,12.0335,168.4697,33.6939,1090.4317,14.0000,,77.8880,63.0186,79.8235,100.8297,115.7441,131.9189,136.5403,69.3204,-5.2515,1.652632,1.710526,0.975752,4,5,1,3,0E-8,0.15449817,,0E-8,0.000000,0.861298,0.000000,,2026-05-12,2026-05-12,1,5,4,1,1.000000,,,0.000000,,,,,,,,GLOBAL_BASELINE_NO_ENTITY_RANKING,,,NOT_APPLICABLE_GLOBAL_BASELINE,HF9g-P5,,,,X 全窗基线 · 不参与实体赏罚,6874907,688,A168_HF9F_20260827_0900,2026-08-27 09:00:00
2026-05-12,143953769,1710,0,94.5278857263,-94.5278857263,-94.5278857263,0E-7,1,1,0.49324550000000000,0.493245500000,-0.9865810262130424,-0.9865810262130424,-0.9865810262130424,0E-17,ELIGIBLE,R03b_20260811_FULL_v1,L1_ELIGIBILITY,v2026-08-11,2026-03-21..2026-08-06,baccarat_bet02_101_all_pairs_incl_sentinel,round_win = game_pnl > 0 (decisive only),COMPATIBILITY_ONLY_NOT_PRODUCTION,1090.4317,939.1871,168.4697,14,14,-0.15449817,,-0.15449817,-0.15449817,-168.4697,1090.4317,THIN_EXPOSURE,0.0000,6.7388,4.0000,96.0000,AG03-UNRESOLVED,ALL5_LEVELS_bet23_to_bet27,6.7388,6.7388,6.7388,13.4776,13.4776,4.000000,4.000000,4.000000,8.000000,8.000000,96.000000,96.000000,96.000000,92.000000,92.000000,5.0,47.1715,42.3128,121.2982,126.1569,PENDING_AG03,FALSE,NOT_FOR_ENFORCEMENT,161.7309,901.6196,168.4697,161.7309,6.7388,0.15449817,0.14831824,6.7388,161.7309,0.14831824,6.7388,6.7388,6.7388,13.4776,13.4776,161.7309,0.14831824,47.1715,42.3128,121.2982,126.1569,0.11123868,0.11569449,0.00617993,77.8880,67.0848,12.0335,168.4697,33.6939,1090.4317,14.0000,,77.8880,63.0186,79.8235,100.8297,115.7441,131.9189,136.5403,69.3204,-5.2515,1.652632,1.710526,0.975752,4,5,1,3,0E-8,0.15449817,,0E-8,0.000000,0.861298,0.000000,,2026-05-12,2026-05-12,1,5,4,1,1.000000,,,0.000000,,,,,,,,GLOBAL_BASELINE_NO_ENTITY_RANKING,,,NOT_APPLICABLE_GLOBAL_BASELINE,HF9g-P5,,,,X 全窗基线 · 不参与实体赏罚,6874908,688,A168_HF9F_20260827_0900,2026-08-27 09:00:00
2026-05-12,143953769,2223,0,42.2224556244,-42.2224556244,-42.2224556244,0E-7,1,1,0.49324550000000000,0.493245500000,-0.9865810262130424,-0.9865810262130424,-0.9865810262130424,0E-17,ELIGIBLE,R03b_20260811_FULL_v1,L1_ELIGIBILITY,v2026-08-11,2026-03-21..2026-08-06,baccarat_bet02_101_all_pairs_incl_sentinel,round_win = game_pnl > 0 (decisive only),COMPATIBILITY_ONLY_NOT_PRODUCTION,1090.4317,939.1871,168.4697,14,14,-0.15449817,,-0.15449817,-0.15449817,-168.4697,1090.4317,THIN_EXPOSURE,0.0000,6.7388,4.0000,96.0000,AG03-UNRESOLVED,ALL5_LEVELS_bet23_to_bet27,6.7388,6.7388,6.7388,13.4776,13.4776,4.000000,4.000000,4.000000,8.000000,8.000000,96.000000,96.000000,96.000000,92.000000,92.000000,5.0,47.1715,42.3128,121.2982,126.1569,PENDING_AG03,FALSE,NOT_FOR_ENFORCEMENT,161.7309,901.6196,168.4697,161.7309,6.7388,0.15449817,0.14831824,6.7388,161.7309,0.14831824,6.7388,6.7388,6.7388,13.4776,13.4776,161.7309,0.14831824,47.1715,42.3128,121.2982,126.1569,0.11123868,0.11569449,0.00617993,77.8880,67.0848,12.0335,168.4697,33.6939,1090.4317,14.0000,,77.8880,63.0186,79.8235,100.8297,115.7441,131.9189,136.5403,69.3204,-5.2515,1.652632,1.710526,0.975752,4,5,1,3,0E-8,0.15449817,,0E-8,0.000000,0.861298,0.000000,,2026-05-12,2026-05-12,1,5,4,1,1.000000,,,0.000000,,,,,,,,GLOBAL_BASELINE_NO_ENTITY_RANKING,,,NOT_APPLICABLE_GLOBAL_BASELINE,HF9g-P5,,,,X 全窗基线 · 不参与实体赏罚,6874909,688,A168_HF9F_20260827_0900,2026-08-27 09:00:00
2026-05-12,143953769,919,0,252.0743619368,-42.0123936561,-42.0123936561,0.5000000,3,3,0.49324550000000000,0.493245500000,0.01910635448239258,0.01910635448239258,0.01910635448239258,0E-17,ELIGIBLE,R03b_20260811_FULL_v1,L1_ELIGIBILITY,v2026-08-11,2026-03-21..2026-08-06,baccarat_bet02_101_all_pairs_incl_sentinel,round_win = game_pnl > 0 (decisive only),COMPATIBILITY_ONLY_NOT_PRODUCTION,1090.4317,939.1871,168.4697,14,14,-0.15449817,,-0.15449817,-0.15449817,-168.4697,1090.4317,THIN_EXPOSURE,0.0000,6.7388,4.0000,96.0000,AG03-UNRESOLVED,ALL5_LEVELS_bet23_to_bet27,6.7388,6.7388,6.7388,13.4776,13.4776,4.000000,4.000000,4.000000,8.000000,8.000000,96.000000,96.000000,96.000000,92.000000,92.000000,5.0,47.1715,42.3128,121.2982,126.1569,PENDING_AG03,FALSE,NOT_FOR_ENFORCEMENT,161.7309,901.6196,168.4697,161.7309,6.7388,0.15449817,0.14831824,6.7388,161.7309,0.14831824,6.7388,6.7388,6.7388,13.4776,13.4776,161.7309,0.14831824,47.1715,42.3128,121.2982,126.1569,0.11123868,0.11569449,0.00617993,77.8880,67.0848,12.0335,168.4697,33.6939,1090.4317,14.0000,,77.8880,63.0186,79.8235,100.8297,115.7441,131.9189,136.5403,69.3204,-5.2515,1.652632,1.710526,0.975752,4,5,1,3,0E-8,0.15449817,,0E-8,0.000000,0.861298,0.000000,,2026-05-12,2026-05-12,1,5,4,1,1.000000,,,0.000000,,,,,,,,GLOBAL_BASELINE_NO_ENTITY_RANKING,,,NOT_APPLICABLE_GLOBAL_BASELINE,HF9g-P5,,,,X 全窗基线 · 不参与实体赏罚,6874910,688,A168_HF9F_20260827_0900,2026-08-27 09:00:00
2026-05-06,149637926,1115,0,26.1871508380,26.1871508380,26.1871508380,1.0000000,2,2,0.49994810000000000,0.499948100000,1.4143603653603398,1.4143603653603398,1.4143603653603398,0E-17,ELIGIBLE,R03b_20260811_FULL_v1,L1_ELIGIBILITY,v2026-08-11,2026-03-21..2026-08-06,baccarat_bet02_101_all_pairs_incl_sentinel,round_win = game_pnl > 0 (decisive only),COMPATIBILITY_ONLY_NOT_PRODUCTION,657.2975,622.3813,168.4707,28,17,-0.25630810,,-0.25630810,-0.25630810,-168.4707,657.2975,THIN_EXPOSURE,0.0000,6.7388,4.0000,96.0000,AG03-UNRESOLVED,ALL5_LEVELS_bet23_to_bet27,6.7388,6.7388,8.4235,8.4235,8.4235,4.000000,4.000000,5.000000,5.000000,5.000000,96.000000,96.000000,95.000000,95.000000,95.000000,5.0,38.7483,35.3524,129.7224,133.1182,PENDING_AG03,FALSE,NOT_FOR_ENFORCEMENT,161.7318,597.4860,168.4707,161.7318,6.7388,0.25630810,0.24605578,6.7388,161.7318,0.24605578,6.7388,6.7388,8.4235,8.4235,8.4235,161.7318,0.24605578,38.7483,35.3524,129.7224,133.1182,0.19735724,0.20252359,0.01025232,23.4749,36.6107,9.9100,84.2353,42.1177,328.6487,8.5000,,23.4749,8.7291,13.0936,34.9162,52.3743,52.3743,52.3743,8.7291,-8.7291,4.0,4.0,1.792857,4,5,2,7,0E-8,0.25630810,,0E-8,0.000000,0.946879,1.000000,,2026-05-06,2026-05-07,2,4,4,2,1.000000,,,0.000000,,,,,,,,GLOBAL_BASELINE_NO_ENTITY_RANKING,,,NOT_APPLICABLE_GLOBAL_BASELINE,HF9g-P5,,,,X 全窗基线 · 不参与实体赏罚,6874911,688,A168_HF9F_20260827_0900,2026-08-27 09:00:00
2026-05-06,149637926,2141,0,20.0768156425,-20.0768156425,-20.0768156425,0E-7,1,1,0.49324550000000000,0.493245500000,-0.9865810262130424,-0.9865810262130424,-0.9865810262130424,0E-17,ELIGIBLE,R03b_20260811_FULL_v1,L1_ELIGIBILITY,v2026-08-11,2026-03-21..2026-08-06,baccarat_bet02_101_all_pairs_incl_sentinel,round_win = game_pnl > 0 (decisive only),COMPATIBILITY_ONLY_NOT_PRODUCTION,657.2975,622.3813,168.4707,28,17,-0.25630810,,-0.25630810,-0.25630810,-168.4707,657.2975,THIN_EXPOSURE,0.0000,6.7388,4.0000,96.0000,AG03-UNRESOLVED,ALL5_LEVELS_bet23_to_bet27,6.7388,6.7388,8.4235,8.4235,8.4235,4.000000,4.000000,5.000000,5.000000,5.000000,96.000000,96.000000,95.000000,95.000000,95.000000,5.0,38.7483,35.3524,129.7224,133.1182,PENDING_AG03,FALSE,NOT_FOR_ENFORCEMENT,161.7318,597.4860,168.4707,161.7318,6.7388,0.25630810,0.24605578,6.7388,161.7318,0.24605578,6.7388,6.7388,8.4235,8.4235,8.4235,161.7318,0.24605578,38.7483,35.3524,129.7224,133.1182,0.19735724,0.20252359,0.01025232,23.4749,36.6107,9.9100,84.2353,42.1177,328.6487,8.5000,,23.4749,8.7291,13.0936,34.9162,52.3743,52.3743,52.3743,8.7291,-8.7291,4.0,4.0,1.792857,4,5,2,7,0E-8,0.25630810,,0E-8,0.000000,0.946879,1.000000,,2026-05-06,2026-05-07,2,4,4,2,1.000000,,,0.000000,,,,,,,,GLOBAL_BASELINE_NO_ENTITY_RANKING,,,NOT_APPLICABLE_GLOBAL_BASELINE,HF9g-P5,,,,X 全窗基线 · 不参与实体赏罚,6874912,688,A168_HF9F_20260827_0900,2026-08-27 09:00:00
2026-05-07,149637926,1385,0,34.9162011173,-34.9162011173,-34.9162011173,0E-7,1,1,0.50665070000000000,0.506650700000,-1.013391052207602,-1.013391052207602,-1.013391052207602,0E-17,ELIGIBLE,R03b_20260811_FULL_v1,L1_ELIGIBILITY,v2026-08-11,2026-03-21..2026-08-06,baccarat_bet02_101_all_pairs_incl_sentinel,round_win = game_pnl > 0 (decisive only),COMPATIBILITY_ONLY_NOT_PRODUCTION,657.2975,622.3813,168.4707,28,17,-0.25630810,,-0.25630810,-0.25630810,-168.4707,657.2975,THIN_EXPOSURE,0.0000,6.7388,4.0000,96.0000,AG03-UNRESOLVED,ALL5_LEVELS_bet23_to_bet27,6.7388,6.7388,8.4235,8.4235,8.4235,4.000000,4.000000,5.000000,5.000000,5.000000,96.000000,96.000000,95.000000,95.000000,95.000000,5.0,38.7483,35.3524,129.7224,133.1182,PENDING_AG03,FALSE,NOT_FOR_ENFORCEMENT,161.7318,597.4860,168.4707,161.7318,6.7388,0.25630810,0.24605578,6.7388,161.7318,0.24605578,6.7388,6.7388,8.4235,8.4235,8.4235,161.7318,0.24605578,38.7483,35.3524,129.7224,133.1182,0.19735724,0.20252359,0.01025232,23.4749,36.6107,9.9100,84.2353,42.1177,328.6487,8.5000,,23.4749,8.7291,13.0936,34.9162,52.3743,52.3743,52.3743,8.7291,-8.7291,4.0,4.0,1.792857,4,5,2,7,0E-8,0.25630810,,0E-8,0.000000,0.946879,1.000000,,2026-05-06,2026-05-07,2,4,4,2,1.000000,,,0.000000,,,,,,,,GLOBAL_BASELINE_NO_ENTITY_RANKING,,,NOT_APPLICABLE_GLOBAL_BASELINE,HF9g-P5,,,,X 全窗基线 · 不参与实体赏罚,6874913,688,A168_HF9F_20260827_0900,2026-08-27 09:00:00
2026-05-07,149637926,2108,0,384.0782122903,-52.3743016759,-52.3743016759,0.6250000,15,8,0.45392557291677782,0.389317893750,0.971878205560744,1.3671363298339458,0.971878205560744,0.06460767916677782,ELIGIBLE,R03b_20260811_FULL_v1,L1_ELIGIBILITY,v2026-08-11,2026-03-21..2026-08-06,baccarat_bet02_101_all_pairs_incl_sentinel,round_win = game_pnl > 0 (decisive only),COMPATIBILITY_ONLY_NOT_PRODUCTION,657.2975,622.3813,168.4707,28,17,-0.25630810,,-0.25630810,-0.25630810,-168.4707,657.2975,THIN_EXPOSURE,0.0000,6.7388,4.0000,96.0000,AG03-UNRESOLVED,ALL5_LEVELS_bet23_to_bet27,6.7388,6.7388,8.4235,8.4235,8.4235,4.000000,4.000000,5.000000,5.000000,5.000000,96.000000,96.000000,95.000000,95.000000,95.000000,5.0,38.7483,35.3524,129.7224,133.1182,PENDING_AG03,FALSE,NOT_FOR_ENFORCEMENT,161.7318,597.4860,168.4707,161.7318,6.7388,0.25630810,0.24605578,6.7388,161.7318,0.24605578,6.7388,6.7388,8.4235,8.4235,8.4235,161.7318,0.24605578,38.7483,35.3524,129.7224,133.1182,0.19735724,0.20252359,0.01025232,23.4749,36.6107,9.9100,84.2353,42.1177,328.6487,8.5000,,23.4749,8.7291,13.0936,34.9162,52.3743,52.3743,52.3743,8.7291,-8.7291,4.0,4.0,1.792857,4,5,2,7,0E-8,0.25630810,,0E-8,0.000000,0.946879,1.000000,,2026-05-06,2026-05-07,2,4,4,2,1.000000,,,0.000000,,,,,,,,GLOBAL_BASELINE_NO_ENTITY_RANKING,,,NOT_APPLICABLE_GLOBAL_BASELINE,HF9g-P5,,,,X 全窗基线 · 不参与实体赏罚,6874914,688,A168_HF9F_20260827_0900,2026-08-27 09:00:00
2026-05-07,149637926,550,0,192.0391061451,-87.2905027932,-87.2905027932,0.2000000,9,5,0.43550585600013944,0.351599520000,-1.0620867546091475,-0.7099651446526835,-1.0620867546091475,0.08390633600013944,ELIGIBLE,R03b_20260811_FULL_v1,L1_ELIGIBILITY,v2026-08-11,2026-03-21..2026-08-06,baccarat_bet02_101_all_pairs_incl_sentinel,round_win = game_pnl > 0 (decisive only),COMPATIBILITY_ONLY_NOT_PRODUCTION,657.2975,622.3813,168.4707,28,17,-0.25630810,,-0.25630810,-0.25630810,-168.4707,657.2975,THIN_EXPOSURE,0.0000,6.7388,4.0000,96.0000,AG03-UNRESOLVED,ALL5_LEVELS_bet23_to_bet27,6.7388,6.7388,8.4235,8.4235,8.4235,4.000000,4.000000,5.000000,5.000000,5.000000,96.000000,96.000000,95.000000,95.000000,95.000000,5.0,38.7483,35.3524,129.7224,133.1182,PENDING_AG03,FALSE,NOT_FOR_ENFORCEMENT,161.7318,597.4860,168.4707,161.7318,6.7388,0.25630810,0.24605578,6.7388,161.7318,0.24605578,6.7388,6.7388,8.4235,8.4235,8.4235,161.7318,0.24605578,38.7483,35.3524,129.7224,133.1182,0.19735724,0.20252359,0.01025232,23.4749,36.6107,9.9100,84.2353,42.1177,328.6487,8.5000,,23.4749,8.7291,13.0936,34.9162,52.3743,52.3743,52.3743,8.7291,-8.7291,4.0,4.0,1.792857,4,5,2,7,0E-8,0.25630810,,0E-8,0.000000,0.946879,1.000000,,2026-05-06,2026-05-07,2,4,4,2,1.000000,,,0.000000,,,,,,,,GLOBAL_BASELINE_NO_ENTITY_RANKING,,,NOT_APPLICABLE_GLOBAL_BASELINE,HF9g-P5,,,,X 全窗基线 · 不参与实体赏罚,6874915,688,A168_HF9F_20260827_0900,2026-08-27 09:00:00
2026-04-01,141168016,1402,0,5.2351909536,-5.2351909536,-5.2351909536,0E-7,1,1,0.49324550000000000,0.493245500000,-0.9865810262130424,-0.9865810262130424,-0.9865810262130424,0E-17,ELIGIBLE,R03b_20260811_FULL_v1,L1_ELIGIBILITY,v2026-08-11,2026-03-21..2026-08-06,baccarat_bet02_101_all_pairs_incl_sentinel,round_win = game_pnl > 0 (decisive only),COMPATIBILITY_ONLY_NOT_PRODUCTION,271.9682,271.9682,166.7408,13,13,-0.61308951,,-0.61308951,-0.61308951,-166.7408,271.9682,THIN_EXPOSURE,0.0000,5.0022,3.0000,97.0000,AG03-UNRESOLVED,ALL5_LEVELS_bet23_to_bet27,5.0022,5.0022,5.0022,6.6696,6.6696,3.000000,3.000000,3.000000,4.000000,4.000000,97.000000,97.000000,97.000000,96.000000,96.000000,5.0,28.3459,26.4919,138.3949,140.249,PENDING_AG03,FALSE,NOT_FOR_ENFORCEMENT,161.7386,263.8091,166.7408,161.7386,5.0022,0.61308951,0.59469682,5.0022,161.7386,0.59469682,5.0022,5.0022,5.0022,6.6696,6.6696,161.7386,0.59469682,28.3459,26.4919,138.3949,140.249,0.50886429,0.5156815,0.01839269,20.9206,20.9206,12.8262,83.3704,41.6852,135.9841,6.5000,,20.9206,7.1984,20.9408,27.4848,52.3519,52.3519,52.3519,20.9408,-9.6851,2.5,2.5,0.999038,4,4,2,2,0E-8,0.61308951,,0E-8,0.000000,1.000000,0.000000,,2026-04-01,2026-04-24,2,4,4,24,0.083333,,,0.000000,,,,,,,,GLOBAL_BASELINE_NO_ENTITY_RANKING,,,NOT_APPLICABLE_GLOBAL_BASELINE,HF9g-P5,,,,X 全窗基线 · 不参与实体赏罚,6874916,688,A168_HF9F_20260827_0900,2026-08-27 09:00:00
2026-04-24,141168016,1383,0,104.7038190718,-104.7038190718,-104.7038190718,0E-7,2,2,0.49324550000000000,0.493245500000,-1.3952362676504506,-1.3952362676504506,-1.3952362676504506,0E-17,ELIGIBLE,R03b_20260811_FULL_v1,L1_ELIGIBILITY,v2026-08-11,2026-03-21..2026-08-06,baccarat_bet02_101_all_pairs_incl_sentinel,round_win = game_pnl > 0 (decisive only),COMPATIBILITY_ONLY_NOT_PRODUCTION,271.9682,271.9682,166.7408,13,13,-0.61308951,,-0.61308951,-0.61308951,-166.7408,271.9682,THIN_EXPOSURE,0.0000,5.0022,3.0000,97.0000,AG03-UNRESOLVED,ALL5_LEVELS_bet23_to_bet27,5.0022,5.0022,5.0022,6.6696,6.6696,3.000000,3.000000,3.000000,4.000000,4.000000,97.000000,97.000000,97.000000,96.000000,96.000000,5.0,28.3459,26.4919,138.3949,140.249,PENDING_AG03,FALSE,NOT_FOR_ENFORCEMENT,161.7386,263.8091,166.7408,161.7386,5.0022,0.61308951,0.59469682,5.0022,161.7386,0.59469682,5.0022,5.0022,5.0022,6.6696,6.6696,161.7386,0.59469682,28.3459,26.4919,138.3949,140.249,0.50886429,0.5156815,0.01839269,20.9206,20.9206,12.8262,83.3704,41.6852,135.9841,6.5000,,20.9206,7.1984,20.9408,27.4848,52.3519,52.3519,52.3519,20.9408,-9.6851,2.5,2.5,0.999038,4,4,2,2,0E-8,0.61308951,,0E-8,0.000000,1.000000,0.000000,,2026-04-01,2026-04-24,2,4,4,24,0.083333,,,0.000000,,,,,,,,GLOBAL_BASELINE_NO_ENTITY_RANKING,,,NOT_APPLICABLE_GLOBAL_BASELINE,HF9g-P5,,,,X 全窗基线 · 不参与实体赏罚,6874917,688,A168_HF9F_20260827_0900,2026-08-27 09:00:00
2026-04-24,141168016,1646,0,4.4499123106,-4.4499123106,-4.4499123106,0E-7,1,1,0.50665070000000000,0.506650700000,-1.013391052207602,-1.013391052207602,-1.013391052207602,0E-17,ELIGIBLE,R03b_20260811_FULL_v1,L1_ELIGIBILITY,v2026-08-11,2026-03-21..2026-08-06,baccarat_bet02_101_all_pairs_incl_sentinel,round_win = game_pnl > 0 (decisive only),COMPATIBILITY_ONLY_NOT_PRODUCTION,271.9682,271.9682,166.7408,13,13,-0.61308951,,-0.61308951,-0.61308951,-166.7408,271.9682,THIN_EXPOSURE,0.0000,5.0022,3.0000,97.0000,AG03-UNRESOLVED,ALL5_LEVELS_bet23_to_bet27,5.0022,5.0022,5.0022,6.6696,6.6696,3.000000,3.000000,3.000000,4.000000,4.000000,97.000000,97.000000,97.000000,96.000000,96.000000,5.0,28.3459,26.4919,138.3949,140.249,PENDING_AG03,FALSE,NOT_FOR_ENFORCEMENT,161.7386,263.8091,166.7408,161.7386,5.0022,0.61308951,0.59469682,5.0022,161.7386,0.59469682,5.0022,5.0022,5.0022,6.6696,6.6696,161.7386,0.59469682,28.3459,26.4919,138.3949,140.249,0.50886429,0.5156815,0.01839269,20.9206,20.9206,12.8262,83.3704,41.6852,135.9841,6.5000,,20.9206,7.1984,20.9408,27.4848,52.3519,52.3519,52.3519,20.9408,-9.6851,2.5,2.5,0.999038,4,4,2,2,0E-8,0.61308951,,0E-8,0.000000,1.000000,0.000000,,2026-04-01,2026-04-24,2,4,4,24,0.083333,,,0.000000,,,,,,,,GLOBAL_BASELINE_NO_ENTITY_RANKING,,,NOT_APPLICABLE_GLOBAL_BASELINE,HF9g-P5,,,,X 全窗基线 · 不参与实体赏罚,6874918,688,A168_HF9F_20260827_0900,2026-08-27 09:00:00
2026-04-24,141168016,2153,0,157.5792477032,-52.3519095359,-52.3519095359,0.4444444,9,9,0.50069283333333333,0.500692833333,-0.33749065733668826,-0.337490657334688,-0.33749065733668826,3.3333E-13,ELIGIBLE,R03b_20260811_FULL_v1,L1_ELIGIBILITY,v2026-08-11,2026-03-21..2026-08-06,baccarat_bet02_101_all_pairs_incl_sentinel,round_win = game_pnl > 0 (decisive only),COMPATIBILITY_ONLY_NOT_PRODUCTION,271.9682,271.9682,166.7408,13,13,-0.61308951,,-0.61308951,-0.61308951,-166.7408,271.9682,THIN_EXPOSURE,0.0000,5.0022,3.0000,97.0000,AG03-UNRESOLVED,ALL5_LEVELS_bet23_to_bet27,5.0022,5.0022,5.0022,6.6696,6.6696,3.000000,3.000000,3.000000,4.000000,4.000000,97.000000,97.000000,97.000000,96.000000,96.000000,5.0,28.3459,26.4919,138.3949,140.249,PENDING_AG03,FALSE,NOT_FOR_ENFORCEMENT,161.7386,263.8091,166.7408,161.7386,5.0022,0.61308951,0.59469682,5.0022,161.7386,0.59469682,5.0022,5.0022,5.0022,6.6696,6.6696,161.7386,0.59469682,28.3459,26.4919,138.3949,140.249,0.50886429,0.5156815,0.01839269,20.9206,20.9206,12.8262,83.3704,41.6852,135.9841,6.5000,,20.9206,7.1984,20.9408,27.4848,52.3519,52.3519,52.3519,20.9408,-9.6851,2.5,2.5,0.999038,4,4,2,2,0E-8,0.61308951,,0E-8,0.000000,1.000000,0.000000,,2026-04-01,2026-04-24,2,4,4,24,0.083333,,,0.000000,,,,,,,,GLOBAL_BASELINE_NO_ENTITY_RANKING,,,NOT_APPLICABLE_GLOBAL_BASELINE,HF9g-P5,,,,X 全窗基线 · 不参与实体赏罚,6874919,688,A168_HF9F_20260827_0900,2026-08-27 09:00:00
2026-04-06,147454877,772,0,124.3859760085,50.5976851559,50.5976851559,0.8000000,8,8,0.50497505000000000,0.504975050000,1.319457004217576,1.319457004217576,1.319457004217576,0E-17,ELIGIBLE,R03b_20260811_FULL_v1,L1_ELIGIBILITY,v2026-08-11,2026-03-21..2026-08-06,baccarat_bet02_101_all_pairs_incl_sentinel,round_win = game_pnl > 0 (decisive only),COMPATIBILITY_ONLY_NOT_PRODUCTION,2920.8026,2543.1508,168.4811,168,168,-0.05768316,-0.14713394,0.11067194,-0.05768316,-168.4811,2920.8026,OK,0.0000,6.7392,4.0000,96.0000,AG03-UNRESOLVED,ALL5_LEVELS_bet23_to_bet27,6.7392,6.7392,6.7392,6.7392,6.7392,4.000000,4.000000,4.000000,4.000000,4.000000,96.000000,96.000000,96.000000,96.000000,96.000000,5.0,33.6962,31.1062,134.7849,137.3749,PENDING_AG03,FALSE,NOT_FOR_ENFORCEMENT,161.7419,2441.4248,168.4811,161.7419,6.7392,0.05768316,0.05537583,6.7392,161.7419,0.05537583,6.7392,6.7392,6.7392,6.7392,6.7392,161.7419,0.05537583,33.6962,31.1062,134.7849,137.3749,0.04614653,0.04703327,0.00230733,17.3857,15.1378,1.0029,21.0601,4.2120,365.1003,21.0000,20.2912,13.6950,10.5412,14.3073,20.439,36.2755,40.8781,61.3171,10.5412,0.0,2.857143,4.285714,1.215163,17,45,12,2,0.65303048,0.05768316,0.14713394,0E-8,0.000000,0.870703,0.000000,-0.25780588,2026-04-06,2026-08-01,8,40,35,118,0.067797,1.481651,1.167118,2.176768,,,,,,,,GLOBAL_BASELINE_NO_ENTITY_RANKING,,,NOT_APPLICABLE_GLOBAL_BASELINE,HF9g-P5,,,,X 全窗基线 · 不参与实体赏罚,6874920,688,A168_HF9F_20260827_0900,2026-08-27 09:00:00
2026-04-06,147454877,948,0,40.0565007485,2.1082368815,2.1082368815,0.3333333,3,3,0.50218230000000000,0.502182300000,-0.5849155494134425,-0.5849155494134426,-0.5849155494134425,0E-17,ELIGIBLE,R03b_20260811_FULL_v1,L1_ELIGIBILITY,v2026-08-11,2026-03-21..2026-08-06,baccarat_bet02_101_all_pairs_incl_sentinel,round_win = game_pnl > 0 (decisive only),COMPATIBILITY_ONLY_NOT_PRODUCTION,2920.8026,2543.1508,168.4811,168,168,-0.05768316,-0.14713394,0.11067194,-0.05768316,-168.4811,2920.8026,OK,0.0000,6.7392,4.0000,96.0000,AG03-UNRESOLVED,ALL5_LEVELS_bet23_to_bet27,6.7392,6.7392,6.7392,6.7392,6.7392,4.000000,4.000000,4.000000,4.000000,4.000000,96.000000,96.000000,96.000000,96.000000,96.000000,5.0,33.6962,31.1062,134.7849,137.3749,PENDING_AG03,FALSE,NOT_FOR_ENFORCEMENT,161.7419,2441.4248,168.4811,161.7419,6.7392,0.05768316,0.05537583,6.7392,161.7419,0.05537583,6.7392,6.7392,6.7392,6.7392,6.7392,161.7419,0.05537583,33.6962,31.1062,134.7849,137.3749,0.04614653,0.04703327,0.00230733,17.3857,15.1378,1.0029,21.0601,4.2120,365.1003,21.0000,20.2912,13.6950,10.5412,14.3073,20.439,36.2755,40.8781,61.3171,10.5412,0.0,2.857143,4.285714,1.215163,17,45,12,2,0.65303048,0.05768316,0.14713394,0E-8,0.000000,0.870703,0.000000,-0.25780588,2026-04-06,2026-08-01,8,40,35,118,0.067797,1.481651,1.167118,2.176768,,,,,,,,GLOBAL_BASELINE_NO_ENTITY_RANKING,,,NOT_APPLICABLE_GLOBAL_BASELINE,HF9g-P5,,,,X 全窗基线 · 不参与实体赏罚,6874921,688,A168_HF9F_20260827_0900,2026-08-27 09:00:00
2026-04-08,147454877,1714,0,109.6283178380,55.8682773596,55.8682773596,0.7500000,9,9,0.50069283333333333,0.500692833333,1.4102956591225702,1.4102956591244544,1.4102956591225702,3.3333E-13,ELIGIBLE,R03b_20260811_FULL_v1,L1_ELIGIBILITY,v2026-08-11,2026-03-21..2026-08-06,baccarat_bet02_101_all_pairs_incl_sentinel,round_win = game_pnl > 0 (decisive only),COMPATIBILITY_ONLY_NOT_PRODUCTION,2920.8026,2543.1508,168.4811,168,168,-0.05768316,-0.14713394,0.11067194,-0.05768316,-168.4811,2920.8026,OK,0.0000,6.7392,4.0000,96.0000,AG03-UNRESOLVED,ALL5_LEVELS_bet23_to_bet27,6.7392,6.7392,6.7392,6.7392,6.7392,4.000000,4.000000,4.000000,4.000000,4.000000,96.000000,96.000000,96.000000,96.000000,96.000000,5.0,33.6962,31.1062,134.7849,137.3749,PENDING_AG03,FALSE,NOT_FOR_ENFORCEMENT,161.7419,2441.4248,168.4811,161.7419,6.7392,0.05768316,0.05537583,6.7392,161.7419,0.05537583,6.7392,6.7392,6.7392,6.7392,6.7392,161.7419,0.05537583,33.6962,31.1062,134.7849,137.3749,0.04614653,0.04703327,0.00230733,17.3857,15.1378,1.0029,21.0601,4.2120,365.1003,21.0000,20.2912,13.6950,10.5412,14.3073,20.439,36.2755,40.8781,61.3171,10.5412,0.0,2.857143,4.285714,1.215163,17,45,12,2,0.65303048,0.05768316,0.14713394,0E-8,0.000000,0.870703,0.000000,-0.25780588,2026-04-06,2026-08-01,8,40,35,118,0.067797,1.481651,1.167118,2.176768,,,,,,,,GLOBAL_BASELINE_NO_ENTITY_RANKING,,,NOT_APPLICABLE_GLOBAL_BASELINE,HF9g-P5,,,,X 全窗基线 · 不参与实体赏罚,6874922,688,A168_HF9F_20260827_0900,2026-08-27 09:00:00
2026-04-08,147454877,1963,0,107.5200809564,5.4814158919,5.4814158919,0.6000000,6,6,0.49994810000000000,0.499948100000,0.44744570176651083,0.44744570176651083,0.44744570176651083,0E-17,ELIGIBLE,R03b_20260811_FULL_v1,L1_ELIGIBILITY,v2026-08-11,2026-03-21..2026-08-06,baccarat_bet02_101_all_pairs_incl_sentinel,round_win = game_pnl > 0 (decisive only),COMPATIBILITY_ONLY_NOT_PRODUCTION,2920.8026,2543.1508,168.4811,168,168,-0.05768316,-0.14713394,0.11067194,-0.05768316,-168.4811,2920.8026,OK,0.0000,6.7392,4.0000,96.0000,AG03-UNRESOLVED,ALL5_LEVELS_bet23_to_bet27,6.7392,6.7392,6.7392,6.7392,6.7392,4.000000,4.000000,4.000000,4.000000,4.000000,96.000000,96.000000,96.000000,96.000000,96.000000,5.0,33.6962,31.1062,134.7849,137.3749,PENDING_AG03,FALSE,NOT_FOR_ENFORCEMENT,161.7419,2441.4248,168.4811,161.7419,6.7392,0.05768316,0.05537583,6.7392,161.7419,0.05537583,6.7392,6.7392,6.7392,6.7392,6.7392,161.7419,0.05537583,33.6962,31.1062,134.7849,137.3749,0.04614653,0.04703327,0.00230733,17.3857,15.1378,1.0029,21.0601,4.2120,365.1003,21.0000,20.2912,13.6950,10.5412,14.3073,20.439,36.2755,40.8781,61.3171,10.5412,0.0,2.857143,4.285714,1.215163,17,45,12,2,0.65303048,0.05768316,0.14713394,0E-8,0.000000,0.870703,0.000000,-0.25780588,2026-04-06,2026-08-01,8,40,35,118,0.067797,1.481651,1.167118,2.176768,,,,,,,,GLOBAL_BASELINE_NO_ENTITY_RANKING,,,NOT_APPLICABLE_GLOBAL_BASELINE,HF9g-P5,,,,X 全窗基线 · 不参与实体赏罚,6874923,688,A168_HF9F_20260827_0900,2026-08-27 09:00:00
2026-04-08,147454877,2123,0,42.1647376300,-21.0823688150,-21.0823688150,0.3333333,3,3,0.49324550000000000,0.493245500000,-0.5540025479526107,-0.5540025479526106,-0.5540025479526107,0E-17,ELIGIBLE,R03b_20260811_FULL_v1,L1_ELIGIBILITY,v2026-08-11,2026-03-21..2026-08-06,baccarat_bet02_101_all_pairs_incl_sentinel,round_win = game_pnl > 0 (decisive only),COMPATIBILITY_ONLY_NOT_PRODUCTION,2920.8026,2543.1508,168.4811,168,168,-0.05768316,-0.14713394,0.11067194,-0.05768316,-168.4811,2920.8026,OK,0.0000,6.7392,4.0000,96.0000,AG03-UNRESOLVED,ALL5_LEVELS_bet23_to_bet27,6.7392,6.7392,6.7392,6.7392,6.7392,4.000000,4.000000,4.000000,4.000000,4.000000,96.000000,96.000000,96.000000,96.000000,96.000000,5.0,33.6962,31.1062,134.7849,137.3749,PENDING_AG03,FALSE,NOT_FOR_ENFORCEMENT,161.7419,2441.4248,168.4811,161.7419,6.7392,0.05768316,0.05537583,6.7392,161.7419,0.05537583,6.7392,6.7392,6.7392,6.7392,6.7392,161.7419,0.05537583,33.6962,31.1062,134.7849,137.3749,0.04614653,0.04703327,0.00230733,17.3857,15.1378,1.0029,21.0601,4.2120,365.1003,21.0000,20.2912,13.6950,10.5412,14.3073,20.439,36.2755,40.8781,61.3171,10.5412,0.0,2.857143,4.285714,1.215163,17,45,12,2,0.65303048,0.05768316,0.14713394,0E-8,0.000000,0.870703,0.000000,-0.25780588,2026-04-06,2026-08-01,8,40,35,118,0.067797,1.481651,1.167118,2.176768,,,,,,,,GLOBAL_BASELINE_NO_ENTITY_RANKING,,,NOT_APPLICABLE_GLOBAL_BASELINE,HF9g-P5,,,,X 全窗基线 · 不参与实体赏罚,6874924,688,A168_HF9F_20260827_0900,2026-08-27 09:00:00
2026-04-08,147454877,2127,0,31.6235532225,1.6865895052,1.6865895052,0.6666667,3,3,0.50218230000000000,0.502182300000,0.5697959874915163,0.5697959874915164,0.5697959874915163,0E-17,ELIGIBLE,R03b_20260811_FULL_v1,L1_ELIGIBILITY,v2026-08-11,2026-03-21..2026-08-06,baccarat_bet02_101_all_pairs_incl_sentinel,round_win = game_pnl > 0 (decisive only),COMPATIBILITY_ONLY_NOT_PRODUCTION,2920.8026,2543.1508,168.4811,168,168,-0.05768316,-0.14713394,0.11067194,-0.05768316,-168.4811,2920.8026,OK,0.0000,6.7392,4.0000,96.0000,AG03-UNRESOLVED,ALL5_LEVELS_bet23_to_bet27,6.7392,6.7392,6.7392,6.7392,6.7392,4.000000,4.000000,4.000000,4.000000,4.000000,96.000000,96.000000,96.000000,96.000000,96.000000,5.0,33.6962,31.1062,134.7849,137.3749,PENDING_AG03,FALSE,NOT_FOR_ENFORCEMENT,161.7419,2441.4248,168.4811,161.7419,6.7392,0.05768316,0.05537583,6.7392,161.7419,0.05537583,6.7392,6.7392,6.7392,6.7392,6.7392,161.7419,0.05537583,33.6962,31.1062,134.7849,137.3749,0.04614653,0.04703327,0.00230733,17.3857,15.1378,1.0029,21.0601,4.2120,365.1003,21.0000,20.2912,13.6950,10.5412,14.3073,20.439,36.2755,40.8781,61.3171,10.5412,0.0,2.857143,4.285714,1.215163,17,45,12,2,0.65303048,0.05768316,0.14713394,0E-8,0.000000,0.870703,0.000000,-0.25780588,2026-04-06,2026-08-01,8,40,35,118,0.067797,1.481651,1.167118,2.176768,,,,,,,,GLOBAL_BASELINE_NO_ENTITY_RANKING,,,NOT_APPLICABLE_GLOBAL_BASELINE,HF9g-P5,,,,X 全窗基线 · 不参与实体赏罚,6874925,688,A168_HF9F_20260827_0900,2026-08-27 09:00:00
2026-04-08,147454877,2174,0,8.4329475260,8.4329475260,8.4329475260,1.0000000,1,1,0.49324550000000000,0.493245500000,1.01360149184955,1.01360149184955,1.01360149184955,0E-17,ELIGIBLE,R03b_20260811_FULL_v1,L1_ELIGIBILITY,v2026-08-11,2026-03-21..2026-08-06,baccarat_bet02_101_all_pairs_incl_sentinel,round_win = game_pnl > 0 (decisive only),COMPATIBILITY_ONLY_NOT_PRODUCTION,2920.8026,2543.1508,168.4811,168,168,-0.05768316,-0.14713394,0.11067194,-0.05768316,-168.4811,2920.8026,OK,0.0000,6.7392,4.0000,96.0000,AG03-UNRESOLVED,ALL5_LEVELS_bet23_to_bet27,6.7392,6.7392,6.7392,6.7392,6.7392,4.000000,4.000000,4.000000,4.000000,4.000000,96.000000,96.000000,96.000000,96.000000,96.000000,5.0,33.6962,31.1062,134.7849,137.3749,PENDING_AG03,FALSE,NOT_FOR_ENFORCEMENT,161.7419,2441.4248,168.4811,161.7419,6.7392,0.05768316,0.05537583,6.7392,161.7419,0.05537583,6.7392,6.7392,6.7392,6.7392,6.7392,161.7419,0.05537583,33.6962,31.1062,134.7849,137.3749,0.04614653,0.04703327,0.00230733,17.3857,15.1378,1.0029,21.0601,4.2120,365.1003,21.0000,20.2912,13.6950,10.5412,14.3073,20.439,36.2755,40.8781,61.3171,10.5412,0.0,2.857143,4.285714,1.215163,17,45,12,2,0.65303048,0.05768316,0.14713394,0E-8,0.000000,0.870703,0.000000,-0.25780588,2026-04-06,2026-08-01,8,40,35,118,0.067797,1.481651,1.167118,2.176768,,,,,,,,GLOBAL_BASELINE_NO_ENTITY_RANKING,,,NOT_APPLICABLE_GLOBAL_BASELINE,HF9g-P5,,,,X 全窗基线 · 不参与实体赏罚,6874926,688,A168_HF9F_20260827_0900,2026-08-27 09:00:00
2026-04-11,147454877,2109,0,14.7576581705,-14.7576581705,-14.7576581705,0E-7,2,2,0.50665070000000000,0.506650700000,-1.4331513700195317,-1.4331513700195317,-1.4331513700195317,0E-17,ELIGIBLE,R03b_20260811_FULL_v1,L1_ELIGIBILITY,v2026-08-11,2026-03-21..2026-08-06,baccarat_bet02_101_all_pairs_incl_sentinel,round_win = game_pnl > 0 (decisive only),COMPATIBILITY_ONLY_NOT_PRODUCTION,2920.8026,2543.1508,168.4811,168,168,-0.05768316,-0.14713394,0.11067194,-0.05768316,-168.4811,2920.8026,OK,0.0000,6.7392,4.0000,96.0000,AG03-UNRESOLVED,ALL5_LEVELS_bet23_to_bet27,6.7392,6.7392,6.7392,6.7392,6.7392,4.000000,4.000000,4.000000,4.000000,4.000000,96.000000,96.000000,96.000000,96.000000,96.000000,5.0,33.6962,31.1062,134.7849,137.3749,PENDING_AG03,FALSE,NOT_FOR_ENFORCEMENT,161.7419,2441.4248,168.4811,161.7419,6.7392,0.05768316,0.05537583,6.7392,161.7419,0.05537583,6.7392,6.7392,6.7392,6.7392,6.7392,161.7419,0.05537583,33.6962,31.1062,134.7849,137.3749,0.04614653,0.04703327,0.00230733,17.3857,15.1378,1.0029,21.0601,4.2120,365.1003,21.0000,20.2912,13.6950,10.5412,14.3073,20.439,36.2755,40.8781,61.3171,10.5412,0.0,2.857143,4.285714,1.215163,17,45,12,2,0.65303048,0.05768316,0.14713394,0E-8,0.000000,0.870703,0.000000,-0.25780588,2026-04-06,2026-08-01,8,40,35,118,0.067797,1.481651,1.167118,2.176768,,,,,,,,GLOBAL_BASELINE_NO_ENTITY_RANKING,,,NOT_APPLICABLE_GLOBAL_BASELINE,HF9g-P5,,,,X 全窗基线 · 不参与实体赏罚,6874927,688,A168_HF9F_20260827_0900,2026-08-27 09:00:00
2026-04-11,147454877,2127,0,177.0918980459,42.1647376299,42.1647376299,0.6250000,10,10,0.49994810000000000,0.499948100000,0.7074003757330176,0.7074003757330176,0.7074003757330176,0E-17,ELIGIBLE,R03b_20260811_FULL_v1,L1_ELIGIBILITY,v2026-08-11,2026-03-21..2026-08-06,baccarat_bet02_101_all_pairs_incl_sentinel,round_win = game_pnl > 0 (decisive only),COMPATIBILITY_ONLY_NOT_PRODUCTION,2920.8026,2543.1508,168.4811,168,168,-0.05768316,-0.14713394,0.11067194,-0.05768316,-168.4811,2920.8026,OK,0.0000,6.7392,4.0000,96.0000,AG03-UNRESOLVED,ALL5_LEVELS_bet23_to_bet27,6.7392,6.7392,6.7392,6.7392,6.7392,4.000000,4.000000,4.000000,4.000000,4.000000,96.000000,96.000000,96.000000,96.000000,96.000000,5.0,33.6962,31.1062,134.7849,137.3749,PENDING_AG03,FALSE,NOT_FOR_ENFORCEMENT,161.7419,2441.4248,168.4811,161.7419,6.7392,0.05768316,0.05537583,6.7392,161.7419,0.05537583,6.7392,6.7392,6.7392,6.7392,6.7392,161.7419,0.05537583,33.6962,31.1062,134.7849,137.3749,0.04614653,0.04703327,0.00230733,17.3857,15.1378,1.0029,21.0601,4.2120,365.1003,21.0000,20.2912,13.6950,10.5412,14.3073,20.439,36.2755,40.8781,61.3171,10.5412,0.0,2.857143,4.285714,1.215163,17,45,12,2,0.65303048,0.05768316,0.14713394,0E-8,0.000000,0.870703,0.000000,-0.25780588,2026-04-06,2026-08-01,8,40,35,118,0.067797,1.481651,1.167118,2.176768,,,,,,,,GLOBAL_BASELINE_NO_ENTITY_RANKING,,,NOT_APPLICABLE_GLOBAL_BASELINE,HF9g-P5,,,,X 全窗基线 · 不参与实体赏罚,6874928,688,A168_HF9F_20260827_0900,2026-08-27 09:00:00
2026-04-11,147454877,2171,0,234.0142938465,43.7459152910,43.7459152910,0.5333333,17,17,0.50113091176470588,0.501130911765,0.24943952293355803,0.24943952293128008,0.24943952293355803,-2.9412E-13,ELIGIBLE,R03b_20260811_FULL_v1,L1_ELIGIBILITY,v2026-08-11,2026-03-21..2026-08-06,baccarat_bet02_101_all_pairs_incl_sentinel,round_win = game_pnl > 0 (decisive only),COMPATIBILITY_ONLY_NOT_PRODUCTION,2920.8026,2543.1508,168.4811,168,168,-0.05768316,-0.14713394,0.11067194,-0.05768316,-168.4811,2920.8026,OK,0.0000,6.7392,4.0000,96.0000,AG03-UNRESOLVED,ALL5_LEVELS_bet23_to_bet27,6.7392,6.7392,6.7392,6.7392,6.7392,4.000000,4.000000,4.000000,4.000000,4.000000,96.000000,96.000000,96.000000,96.000000,96.000000,5.0,33.6962,31.1062,134.7849,137.3749,PENDING_AG03,FALSE,NOT_FOR_ENFORCEMENT,161.7419,2441.4248,168.4811,161.7419,6.7392,0.05768316,0.05537583,6.7392,161.7419,0.05537583,6.7392,6.7392,6.7392,6.7392,6.7392,161.7419,0.05537583,33.6962,31.1062,134.7849,137.3749,0.04614653,0.04703327,0.00230733,17.3857,15.1378,1.0029,21.0601,4.2120,365.1003,21.0000,20.2912,13.6950,10.5412,14.3073,20.439,36.2755,40.8781,61.3171,10.5412,0.0,2.857143,4.285714,1.215163,17,45,12,2,0.65303048,0.05768316,0.14713394,0E-8,0.000000,0.870703,0.000000,-0.25780588,2026-04-06,2026-08-01,8,40,35,118,0.067797,1.481651,1.167118,2.176768,,,,,,,,GLOBAL_BASELINE_NO_ENTITY_RANKING,,,NOT_APPLICABLE_GLOBAL_BASELINE,HF9g-P5,,,,X 全窗基线 · 不参与实体赏罚,6874929,688,A168_HF9F_20260827_0900,2026-08-27 09:00:00
2026-04-11,147454877,2233,0,42.1647376300,-1.0541184408,-1.0541184408,0.3333333,3,3,0.50218230000000000,0.502182300000,-0.5849155494134425,-0.5849155494134426,-0.5849155494134425,0E-17,ELIGIBLE,R03b_20260811_FULL_v1,L1_ELIGIBILITY,v2026-08-11,2026-03-21..2026-08-06,baccarat_bet02_101_all_pairs_incl_sentinel,round_win = game_pnl > 0 (decisive only),COMPATIBILITY_ONLY_NOT_PRODUCTION,2920.8026,2543.1508,168.4811,168,168,-0.05768316,-0.14713394,0.11067194,-0.05768316,-168.4811,2920.8026,OK,0.0000,6.7392,4.0000,96.0000,AG03-UNRESOLVED,ALL5_LEVELS_bet23_to_bet27,6.7392,6.7392,6.7392,6.7392,6.7392,4.000000,4.000000,4.000000,4.000000,4.000000,96.000000,96.000000,96.000000,96.000000,96.000000,5.0,33.6962,31.1062,134.7849,137.3749,PENDING_AG03,FALSE,NOT_FOR_ENFORCEMENT,161.7419,2441.4248,168.4811,161.7419,6.7392,0.05768316,0.05537583,6.7392,161.7419,0.05537583,6.7392,6.7392,6.7392,6.7392,6.7392,161.7419,0.05537583,33.6962,31.1062,134.7849,137.3749,0.04614653,0.04703327,0.00230733,17.3857,15.1378,1.0029,21.0601,4.2120,365.1003,21.0000,20.2912,13.6950,10.5412,14.3073,20.439,36.2755,40.8781,61.3171,10.5412,0.0,2.857143,4.285714,1.215163,17,45,12,2,0.65303048,0.05768316,0.14713394,0E-8,0.000000,0.870703,0.000000,-0.25780588,2026-04-06,2026-08-01,8,40,35,118,0.067797,1.481651,1.167118,2.176768,,,,,,,,GLOBAL_BASELINE_NO_ENTITY_RANKING,,,NOT_APPLICABLE_GLOBAL_BASELINE,HF9g-P5,,,,X 全窗基线 · 不参与实体赏罚,6874930,688,A168_HF9F_20260827_0900,2026-08-27 09:00:00
2026-04-11,147454877,2248,0,42.1647376300,-21.6094280354,-21.6094280354,0.2500000,4,4,0.50665070000000000,0.506650700000,-1.0266936290537745,-1.0266936290537745,-1.0266936290537745,0E-17,ELIGIBLE,R03b_20260811_FULL_v1,L1_ELIGIBILITY,v2026-08-11,2026-03-21..2026-08-06,baccarat_bet02_101_all_pairs_incl_sentinel,round_win = game_pnl > 0 (decisive only),COMPATIBILITY_ONLY_NOT_PRODUCTION,2920.8026,2543.1508,168.4811,168,168,-0.05768316,-0.14713394,0.11067194,-0.05768316,-168.4811,2920.8026,OK,0.0000,6.7392,4.0000,96.0000,AG03-UNRESOLVED,ALL5_LEVELS_bet23_to_bet27,6.7392,6.7392,6.7392,6.7392,6.7392,4.000000,4.000000,4.000000,4.000000,4.000000,96.000000,96.000000,96.000000,96.000000,96.000000,5.0,33.6962,31.1062,134.7849,137.3749,PENDING_AG03,FALSE,NOT_FOR_ENFORCEMENT,161.7419,2441.4248,168.4811,161.7419,6.7392,0.05768316,0.05537583,6.7392,161.7419,0.05537583,6.7392,6.7392,6.7392,6.7392,6.7392,161.7419,0.05537583,33.6962,31.1062,134.7849,137.3749,0.04614653,0.04703327,0.00230733,17.3857,15.1378,1.0029,21.0601,4.2120,365.1003,21.0000,20.2912,13.6950,10.5412,14.3073,20.439,36.2755,40.8781,61.3171,10.5412,0.0,2.857143,4.285714,1.215163,17,45,12,2,0.65303048,0.05768316,0.14713394,0E-8,0.000000,0.870703,0.000000,-0.25780588,2026-04-06,2026-08-01,8,40,35,118,0.067797,1.481651,1.167118,2.176768,,,,,,,,GLOBAL_BASELINE_NO_ENTITY_RANKING,,,NOT_APPLICABLE_GLOBAL_BASELINE,HF9g-P5,,,,X 全窗基线 · 不参与实体赏罚,6874931,688,A168_HF9F_20260827_0900,2026-08-27 09:00:00
2026-04-14,147454877,1646,0,16.6550713638,-16.6550713638,-16.6550713638,0E-7,2,2,0.50665070000000000,0.506650700000,-1.4331513700195317,-1.4331513700195317,-1.4331513700195317,0E-17,ELIGIBLE,R03b_20260811_FULL_v1,L1_ELIGIBILITY,v2026-08-11,2026-03-21..2026-08-06,baccarat_bet02_101_all_pairs_incl_sentinel,round_win = game_pnl > 0 (decisive only),COMPATIBILITY_ONLY_NOT_PRODUCTION,2920.8026,2543.1508,168.4811,168,168,-0.05768316,-0.14713394,0.11067194,-0.05768316,-168.4811,2920.8026,OK,0.0000,6.7392,4.0000,96.0000,AG03-UNRESOLVED,ALL5_LEVELS_bet23_to_bet27,6.7392,6.7392,6.7392,6.7392,6.7392,4.000000,4.000000,4.000000,4.000000,4.000000,96.000000,96.000000,96.000000,96.000000,96.000000,5.0,33.6962,31.1062,134.7849,137.3749,PENDING_AG03,FALSE,NOT_FOR_ENFORCEMENT,161.7419,2441.4248,168.4811,161.7419,6.7392,0.05768316,0.05537583,6.7392,161.7419,0.05537583,6.7392,6.7392,6.7392,6.7392,6.7392,161.7419,0.05537583,33.6962,31.1062,134.7849,137.3749,0.04614653,0.04703327,0.00230733,17.3857,15.1378,1.0029,21.0601,4.2120,365.1003,21.0000,20.2912,13.6950,10.5412,14.3073,20.439,36.2755,40.8781,61.3171,10.5412,0.0,2.857143,4.285714,1.215163,17,45,12,2,0.65303048,0.05768316,0.14713394,0E-8,0.000000,0.870703,0.000000,-0.25780588,2026-04-06,2026-08-01,8,40,35,118,0.067797,1.481651,1.167118,2.176768,,,,,,,,GLOBAL_BASELINE_NO_ENTITY_RANKING,,,NOT_APPLICABLE_GLOBAL_BASELINE,HF9g-P5,,,,X 全窗基线 · 不参与实体赏罚,6874932,688,A168_HF9F_20260827_0900,2026-08-27 09:00:00
2026-04-14,147454877,2218,0,12.6494212890,-12.6494212890,-12.6494212890,0E-7,2,2,0.50665070000000000,0.506650700000,-1.4331513700195317,-1.4331513700195317,-1.4331513700195317,0E-17,ELIGIBLE,R03b_20260811_FULL_v1,L1_ELIGIBILITY,v2026-08-11,2026-03-21..2026-08-06,baccarat_bet02_101_all_pairs_incl_sentinel,round_win = game_pnl > 0 (decisive only),COMPATIBILITY_ONLY_NOT_PRODUCTION,2920.8026,2543.1508,168.4811,168,168,-0.05768316,-0.14713394,0.11067194,-0.05768316,-168.4811,2920.8026,OK,0.0000,6.7392,4.0000,96.0000,AG03-UNRESOLVED,ALL5_LEVELS_bet23_to_bet27,6.7392,6.7392,6.7392,6.7392,6.7392,4.000000,4.000000,4.000000,4.000000,4.000000,96.000000,96.000000,96.000000,96.000000,96.000000,5.0,33.6962,31.1062,134.7849,137.3749,PENDING_AG03,FALSE,NOT_FOR_ENFORCEMENT,161.7419,2441.4248,168.4811,161.7419,6.7392,0.05768316,0.05537583,6.7392,161.7419,0.05537583,6.7392,6.7392,6.7392,6.7392,6.7392,161.7419,0.05537583,33.6962,31.1062,134.7849,137.3749,0.04614653,0.04703327,0.00230733,17.3857,15.1378,1.0029,21.0601,4.2120,365.1003,21.0000,20.2912,13.6950,10.5412,14.3073,20.439,36.2755,40.8781,61.3171,10.5412,0.0,2.857143,4.285714,1.215163,17,45,12,2,0.65303048,0.05768316,0.14713394,0E-8,0.000000,0.870703,0.000000,-0.25780588,2026-04-06,2026-08-01,8,40,35,118,0.067797,1.481651,1.167118,2.176768,,,,,,,,GLOBAL_BASELINE_NO_ENTITY_RANKING,,,NOT_APPLICABLE_GLOBAL_BASELINE,HF9g-P5,,,,X 全窗基线 · 不参与实体赏罚,6874933,688,A168_HF9F_20260827_0900,2026-08-27 09:00:00
2026-04-14,147454877,529,0,10.1195370312,-10.1195370312,-10.1195370312,0E-7,1,1,0.50665070000000000,0.506650700000,-1.013391052207602,-1.013391052207602,-1.013391052207602,0E-17,ELIGIBLE,R03b_20260811_FULL_v1,L1_ELIGIBILITY,v2026-08-11,2026-03-21..2026-08-06,baccarat_bet02_101_all_pairs_incl_sentinel,round_win = game_pnl > 0 (decisive only),COMPATIBILITY_ONLY_NOT_PRODUCTION,2920.8026,2543.1508,168.4811,168,168,-0.05768316,-0.14713394,0.11067194,-0.05768316,-168.4811,2920.8026,OK,0.0000,6.7392,4.0000,96.0000,AG03-UNRESOLVED,ALL5_LEVELS_bet23_to_bet27,6.7392,6.7392,6.7392,6.7392,6.7392,4.000000,4.000000,4.000000,4.000000,4.000000,96.000000,96.000000,96.000000,96.000000,96.000000,5.0,33.6962,31.1062,134.7849,137.3749,PENDING_AG03,FALSE,NOT_FOR_ENFORCEMENT,161.7419,2441.4248,168.4811,161.7419,6.7392,0.05768316,0.05537583,6.7392,161.7419,0.05537583,6.7392,6.7392,6.7392,6.7392,6.7392,161.7419,0.05537583,33.6962,31.1062,134.7849,137.3749,0.04614653,0.04703327,0.00230733,17.3857,15.1378,1.0029,21.0601,4.2120,365.1003,21.0000,20.2912,13.6950,10.5412,14.3073,20.439,36.2755,40.8781,61.3171,10.5412,0.0,2.857143,4.285714,1.215163,17,45,12,2,0.65303048,0.05768316,0.14713394,0E-8,0.000000,0.870703,0.000000,-0.25780588,2026-04-06,2026-08-01,8,40,35,118,0.067797,1.481651,1.167118,2.176768,,,,,,,,GLOBAL_BASELINE_NO_ENTITY_RANKING,,,NOT_APPLICABLE_GLOBAL_BASELINE,HF9g-P5,,,,X 全窗基线 · 不参与实体赏罚,6874934,688,A168_HF9F_20260827_0900,2026-08-27 09:00:00
2026-07-11,147454877,-1,1,13.8985406532,13.8985406532,13.8985406532,1.0000000,1,1,0.49324550000000000,0.493245500000,1.01360149184955,1.01360149184955,1.01360149184955,0E-17,SENTINEL_DEALER,R03b_20260811_FULL_v1,L1_ELIGIBILITY,v2026-08-11,2026-03-21..2026-08-06,baccarat_bet02_101_all_pairs_incl_sentinel,round_win = game_pnl > 0 (decisive only),COMPATIBILITY_ONLY_NOT_PRODUCTION,2920.8026,2543.1508,168.4811,168,168,-0.05768316,-0.14713394,0.11067194,-0.05768316,-168.4811,2920.8026,OK,0.0000,6.7392,4.0000,96.0000,AG03-UNRESOLVED,ALL5_LEVELS_bet23_to_bet27,6.7392,6.7392,6.7392,6.7392,6.7392,4.000000,4.000000,4.000000,4.000000,4.000000,96.000000,96.000000,96.000000,96.000000,96.000000,5.0,33.6962,31.1062,134.7849,137.3749,PENDING_AG03,FALSE,NOT_FOR_ENFORCEMENT,161.7419,2441.4248,168.4811,161.7419,6.7392,0.05768316,0.05537583,6.7392,161.7419,0.05537583,6.7392,6.7392,6.7392,6.7392,6.7392,161.7419,0.05537583,33.6962,31.1062,134.7849,137.3749,0.04614653,0.04703327,0.00230733,17.3857,15.1378,1.0029,21.0601,4.2120,365.1003,21.0000,20.2912,13.6950,10.5412,14.3073,20.439,36.2755,40.8781,61.3171,10.5412,0.0,2.857143,4.285714,1.215163,17,45,12,2,0.65303048,0.05768316,0.14713394,0E-8,0.000000,0.870703,0.000000,-0.25780588,2026-04-06,2026-08-01,8,40,35,118,0.067797,1.481651,1.167118,2.176768,,,,,,,,GLOBAL_BASELINE_NO_ENTITY_RANKING,,,NOT_APPLICABLE_GLOBAL_BASELINE,HF9g-P5,,,,X 全窗基线 · 不参与实体赏罚,6874935,688,A168_HF9F_20260827_0900,2026-08-27 09:00:00
2026-07-11,147454877,1385,0,8.1756121490,8.1756121490,8.1756121490,1.0000000,1,1,0.49324550000000000,0.493245500000,1.01360149184955,1.01360149184955,1.01360149184955,0E-17,ELIGIBLE,R03b_20260811_FULL_v1,L1_ELIGIBILITY,v2026-08-11,2026-03-21..2026-08-06,baccarat_bet02_101_all_pairs_incl_sentinel,round_win = game_pnl > 0 (decisive only),COMPATIBILITY_ONLY_NOT_PRODUCTION,2920.8026,2543.1508,168.4811,168,168,-0.05768316,-0.14713394,0.11067194,-0.05768316,-168.4811,2920.8026,OK,0.0000,6.7392,4.0000,96.0000,AG03-UNRESOLVED,ALL5_LEVELS_bet23_to_bet27,6.7392,6.7392,6.7392,6.7392,6.7392,4.000000,4.000000,4.000000,4.000000,4.000000,96.000000,96.000000,96.000000,96.000000,96.000000,5.0,33.6962,31.1062,134.7849,137.3749,PENDING_AG03,FALSE,NOT_FOR_ENFORCEMENT,161.7419,2441.4248,168.4811,161.7419,6.7392,0.05768316,0.05537583,6.7392,161.7419,0.05537583,6.7392,6.7392,6.7392,6.7392,6.7392,161.7419,0.05537583,33.6962,31.1062,134.7849,137.3749,0.04614653,0.04703327,0.00230733,17.3857,15.1378,1.0029,21.0601,4.2120,365.1003,21.0000,20.2912,13.6950,10.5412,14.3073,20.439,36.2755,40.8781,61.3171,10.5412,0.0,2.857143,4.285714,1.215163,17,45,12,2,0.65303048,0.05768316,0.14713394,0E-8,0.000000,0.870703,0.000000,-0.25780588,2026-04-06,2026-08-01,8,40,35,118,0.067797,1.481651,1.167118,2.176768,,,,,,,,GLOBAL_BASELINE_NO_ENTITY_RANKING,,,NOT_APPLICABLE_GLOBAL_BASELINE,HF9g-P5,,,,X 全窗基线 · 不参与实体赏罚,6874936,688,A168_HF9F_20260827_0900,2026-08-27 09:00:00
2026-07-11,147454877,1963,0,138.1678453175,-6.9492703265,-6.9492703265,0.5000000,7,7,0.49516052857142857,0.495160528571,0.023709581855318605,0.023709581857418456,0.023709581855318605,4.2857E-13,ELIGIBLE,R03b_20260811_FULL_v1,L1_ELIGIBILITY,v2026-08-11,2026-03-21..2026-08-06,baccarat_bet02_101_all_pairs_incl_sentinel,round_win = game_pnl > 0 (decisive only),COMPATIBILITY_ONLY_NOT_PRODUCTION,2920.8026,2543.1508,168.4811,168,168,-0.05768316,-0.14713394,0.11067194,-0.05768316,-168.4811,2920.8026,OK,0.0000,6.7392,4.0000,96.0000,AG03-UNRESOLVED,ALL5_LEVELS_bet23_to_bet27,6.7392,6.7392,6.7392,6.7392,6.7392,4.000000,4.000000,4.000000,4.000000,4.000000,96.000000,96.000000,96.000000,96.000000,96.000000,5.0,33.6962,31.1062,134.7849,137.3749,PENDING_AG03,FALSE,NOT_FOR_ENFORCEMENT,161.7419,2441.4248,168.4811,161.7419,6.7392,0.05768316,0.05537583,6.7392,161.7419,0.05537583,6.7392,6.7392,6.7392,6.7392,6.7392,161.7419,0.05537583,33.6962,31.1062,134.7849,137.3749,0.04614653,0.04703327,0.00230733,17.3857,15.1378,1.0029,21.0601,4.2120,365.1003,21.0000,20.2912,13.6950,10.5412,14.3073,20.439,36.2755,40.8781,61.3171,10.5412,0.0,2.857143,4.285714,1.215163,17,45,12,2,0.65303048,0.05768316,0.14713394,0E-8,0.000000,0.870703,0.000000,-0.25780588,2026-04-06,2026-08-01,8,40,35,118,0.067797,1.481651,1.167118,2.176768,,,,,,,,GLOBAL_BASELINE_NO_ENTITY_RANKING,,,NOT_APPLICABLE_GLOBAL_BASELINE,HF9g-P5,,,,X 全窗基线 · 不参与实体赏罚,6874937,688,A168_HF9F_20260827_0900,2026-08-27 09:00:00
2026-07-11,147454877,2152,0,51.0975759310,-11.2414667048,-11.2414667048,0.3333333,3,3,0.50665070000000000,0.506650700000,-0.6004420894325239,-0.6004420894325239,-0.6004420894325239,0E-17,ELIGIBLE,R03b_20260811_FULL_v1,L1_ELIGIBILITY,v2026-08-11,2026-03-21..2026-08-06,baccarat_bet02_101_all_pairs_incl_sentinel,round_win = game_pnl > 0 (decisive only),COMPATIBILITY_ONLY_NOT_PRODUCTION,2920.8026,2543.1508,168.4811,168,168,-0.05768316,-0.14713394,0.11067194,-0.05768316,-168.4811,2920.8026,OK,0.0000,6.7392,4.0000,96.0000,AG03-UNRESOLVED,ALL5_LEVELS_bet23_to_bet27,6.7392,6.7392,6.7392,6.7392,6.7392,4.000000,4.000000,4.000000,4.000000,4.000000,96.000000,96.000000,96.000000,96.000000,96.000000,5.0,33.6962,31.1062,134.7849,137.3749,PENDING_AG03,FALSE,NOT_FOR_ENFORCEMENT,161.7419,2441.4248,168.4811,161.7419,6.7392,0.05768316,0.05537583,6.7392,161.7419,0.05537583,6.7392,6.7392,6.7392,6.7392,6.7392,161.7419,0.05537583,33.6962,31.1062,134.7849,137.3749,0.04614653,0.04703327,0.00230733,17.3857,15.1378,1.0029,21.0601,4.2120,365.1003,21.0000,20.2912,13.6950,10.5412,14.3073,20.439,36.2755,40.8781,61.3171,10.5412,0.0,2.857143,4.285714,1.215163,17,45,12,2,0.65303048,0.05768316,0.14713394,0E-8,0.000000,0.870703,0.000000,-0.25780588,2026-04-06,2026-08-01,8,40,35,118,0.067797,1.481651,1.167118,2.176768,,,,,,,,GLOBAL_BASELINE_NO_ENTITY_RANKING,,,NOT_APPLICABLE_GLOBAL_BASELINE,HF9g-P5,,,,X 全窗基线 · 不参与实体赏罚,6874938,688,A168_HF9F_20260827_0900,2026-08-27 09:00:00
2026-07-11,147454877,2233,0,18.3951273352,17.4753709684,17.4753709684,1.0000000,2,2,0.50665070000000000,0.506650700000,1.3955260008387969,1.3955260008387969,1.3955260008387969,0E-17,ELIGIBLE,R03b_20260811_FULL_v1,L1_ELIGIBILITY,v2026-08-11,2026-03-21..2026-08-06,baccarat_bet02_101_all_pairs_incl_sentinel,round_win = game_pnl > 0 (decisive only),COMPATIBILITY_ONLY_NOT_PRODUCTION,2920.8026,2543.1508,168.4811,168,168,-0.05768316,-0.14713394,0.11067194,-0.05768316,-168.4811,2920.8026,OK,0.0000,6.7392,4.0000,96.0000,AG03-UNRESOLVED,ALL5_LEVELS_bet23_to_bet27,6.7392,6.7392,6.7392,6.7392,6.7392,4.000000,4.000000,4.000000,4.000000,4.000000,96.000000,96.000000,96.000000,96.000000,96.000000,5.0,33.6962,31.1062,134.7849,137.3749,PENDING_AG03,FALSE,NOT_FOR_ENFORCEMENT,161.7419,2441.4248,168.4811,161.7419,6.7392,0.05768316,0.05537583,6.7392,161.7419,0.05537583,6.7392,6.7392,6.7392,6.7392,6.7392,161.7419,0.05537583,33.6962,31.1062,134.7849,137.3749,0.04614653,0.04703327,0.00230733,17.3857,15.1378,1.0029,21.0601,4.2120,365.1003,21.0000,20.2912,13.6950,10.5412,14.3073,20.439,36.2755,40.8781,61.3171,10.5412,0.0,2.857143,4.285714,1.215163,17,45,12,2,0.65303048,0.05768316,0.14713394,0E-8,0.000000,0.870703,0.000000,-0.25780588,2026-04-06,2026-08-01,8,40,35,118,0.067797,1.481651,1.167118,2.176768,,,,,,,,GLOBAL_BASELINE_NO_ENTITY_RANKING,,,NOT_APPLICABLE_GLOBAL_BASELINE,HF9g-P5,,,,X 全窗基线 · 不参与实体赏罚,6874939,688,A168_HF9F_20260827_0900,2026-08-27 09:00:00
2026-07-11,147454877,2251,0,40.6736704411,-19.1513714590,-19.1513714590,0.2500000,4,4,0.50329940000000000,0.503299400000,-1.013219660140378,-1.013219660140378,-1.013219660140378,0E-17,ELIGIBLE,R03b_20260811_FULL_v1,L1_ELIGIBILITY,v2026-08-11,2026-03-21..2026-08-06,baccarat_bet02_101_all_pairs_incl_sentinel,round_win = game_pnl > 0 (decisive only),COMPATIBILITY_ONLY_NOT_PRODUCTION,2920.8026,2543.1508,168.4811,168,168,-0.05768316,-0.14713394,0.11067194,-0.05768316,-168.4811,2920.8026,OK,0.0000,6.7392,4.0000,96.0000,AG03-UNRESOLVED,ALL5_LEVELS_bet23_to_bet27,6.7392,6.7392,6.7392,6.7392,6.7392,4.000000,4.000000,4.000000,4.000000,4.000000,96.000000,96.000000,96.000000,96.000000,96.000000,5.0,33.6962,31.1062,134.7849,137.3749,PENDING_AG03,FALSE,NOT_FOR_ENFORCEMENT,161.7419,2441.4248,168.4811,161.7419,6.7392,0.05768316,0.05537583,6.7392,161.7419,0.05537583,6.7392,6.7392,6.7392,6.7392,6.7392,161.7419,0.05537583,33.6962,31.1062,134.7849,137.3749,0.04614653,0.04703327,0.00230733,17.3857,15.1378,1.0029,21.0601,4.2120,365.1003,21.0000,20.2912,13.6950,10.5412,14.3073,20.439,36.2755,40.8781,61.3171,10.5412,0.0,2.857143,4.285714,1.215163,17,45,12,2,0.65303048,0.05768316,0.14713394,0E-8,0.000000,0.870703,0.000000,-0.25780588,2026-04-06,2026-08-01,8,40,35,118,0.067797,1.481651,1.167118,2.176768,,,,,,,,GLOBAL_BASELINE_NO_ENTITY_RANKING,,,NOT_APPLICABLE_GLOBAL_BASELINE,HF9g-P5,,,,X 全窗基线 · 不参与实体赏罚,6874940,688,A168_HF9F_20260827_0900,2026-08-27 09:00:00
2026-07-11,147454877,2258,0,20.4390303724,-20.4390303724,-20.4390303724,0E-7,1,1,0.49324550000000000,0.493245500000,-0.9865810262130424,-0.9865810262130424,-0.9865810262130424,0E-17,ELIGIBLE,R03b_20260811_FULL_v1,L1_ELIGIBILITY,v2026-08-11,2026-03-21..2026-08-06,baccarat_bet02_101_all_pairs_incl_sentinel,round_win = game_pnl > 0 (decisive only),COMPATIBILITY_ONLY_NOT_PRODUCTION,2920.8026,2543.1508,168.4811,168,168,-0.05768316,-0.14713394,0.11067194,-0.05768316,-168.4811,2920.8026,OK,0.0000,6.7392,4.0000,96.0000,AG03-UNRESOLVED,ALL5_LEVELS_bet23_to_bet27,6.7392,6.7392,6.7392,6.7392,6.7392,4.000000,4.000000,4.000000,4.000000,4.000000,96.000000,96.000000,96.000000,96.000000,96.000000,5.0,33.6962,31.1062,134.7849,137.3749,PENDING_AG03,FALSE,NOT_FOR_ENFORCEMENT,161.7419,2441.4248,168.4811,161.7419,6.7392,0.05768316,0.05537583,6.7392,161.7419,0.05537583,6.7392,6.7392,6.7392,6.7392,6.7392,161.7419,0.05537583,33.6962,31.1062,134.7849,137.3749,0.04614653,0.04703327,0.00230733,17.3857,15.1378,1.0029,21.0601,4.2120,365.1003,21.0000,20.2912,13.6950,10.5412,14.3073,20.439,36.2755,40.8781,61.3171,10.5412,0.0,2.857143,4.285714,1.215163,17,45,12,2,0.65303048,0.05768316,0.14713394,0E-8,0.000000,0.870703,0.000000,-0.25780588,2026-04-06,2026-08-01,8,40,35,118,0.067797,1.481651,1.167118,2.176768,,,,,,,,GLOBAL_BASELINE_NO_ENTITY_RANKING,,,NOT_APPLICABLE_GLOBAL_BASELINE,HF9g-P5,,,,X 全窗基线 · 不参与实体赏罚,6874941,688,A168_HF9F_20260827_0900,2026-08-27 09:00:00
2026-07-11,147454877,2271,0,4.0878060745,4.0878060745,4.0878060745,1.0000000,1,1,0.49324550000000000,0.493245500000,1.01360149184955,1.01360149184955,1.01360149184955,0E-17,ELIGIBLE,R03b_20260811_FULL_v1,L1_ELIGIBILITY,v2026-08-11,2026-03-21..2026-08-06,baccarat_bet02_101_all_pairs_incl_sentinel,round_win = game_pnl > 0 (decisive only),COMPATIBILITY_ONLY_NOT_PRODUCTION,2920.8026,2543.1508,168.4811,168,168,-0.05768316,-0.14713394,0.11067194,-0.05768316,-168.4811,2920.8026,OK,0.0000,6.7392,4.0000,96.0000,AG03-UNRESOLVED,ALL5_LEVELS_bet23_to_bet27,6.7392,6.7392,6.7392,6.7392,6.7392,4.000000,4.000000,4.000000,4.000000,4.000000,96.000000,96.000000,96.000000,96.000000,96.000000,5.0,33.6962,31.1062,134.7849,137.3749,PENDING_AG03,FALSE,NOT_FOR_ENFORCEMENT,161.7419,2441.4248,168.4811,161.7419,6.7392,0.05768316,0.05537583,6.7392,161.7419,0.05537583,6.7392,6.7392,6.7392,6.7392,6.7392,161.7419,0.05537583,33.6962,31.1062,134.7849,137.3749,0.04614653,0.04703327,0.00230733,17.3857,15.1378,1.0029,21.0601,4.2120,365.1003,21.0000,20.2912,13.6950,10.5412,14.3073,20.439,36.2755,40.8781,61.3171,10.5412,0.0,2.857143,4.285714,1.215163,17,45,12,2,0.65303048,0.05768316,0.14713394,0E-8,0.000000,0.870703,0.000000,-0.25780588,2026-04-06,2026-08-01,8,40,35,118,0.067797,1.481651,1.167118,2.176768,,,,,,,,GLOBAL_BASELINE_NO_ENTITY_RANKING,,,NOT_APPLICABLE_GLOBAL_BASELINE,HF9g-P5,,,,X 全窗基线 · 不参与实体赏罚,6874942,688,A168_HF9F_20260827_0900,2026-08-27 09:00:00
2026-07-11,147454877,462,0,14.3073212607,14.3073212607,14.3073212607,1.0000000,1,1,0.49324550000000000,0.493245500000,1.01360149184955,1.01360149184955,1.01360149184955,0E-17,ELIGIBLE,R03b_20260811_FULL_v1,L1_ELIGIBILITY,v2026-08-11,2026-03-21..2026-08-06,baccarat_bet02_101_all_pairs_incl_sentinel,round_win = game_pnl > 0 (decisive only),COMPATIBILITY_ONLY_NOT_PRODUCTION,2920.8026,2543.1508,168.4811,168,168,-0.05768316,-0.14713394,0.11067194,-0.05768316,-168.4811,2920.8026,OK,0.0000,6.7392,4.0000,96.0000,AG03-UNRESOLVED,ALL5_LEVELS_bet23_to_bet27,6.7392,6.7392,6.7392,6.7392,6.7392,4.000000,4.000000,4.000000,4.000000,4.000000,96.000000,96.000000,96.000000,96.000000,96.000000,5.0,33.6962,31.1062,134.7849,137.3749,PENDING_AG03,FALSE,NOT_FOR_ENFORCEMENT,161.7419,2441.4248,168.4811,161.7419,6.7392,0.05768316,0.05537583,6.7392,161.7419,0.05537583,6.7392,6.7392,6.7392,6.7392,6.7392,161.7419,0.05537583,33.6962,31.1062,134.7849,137.3749,0.04614653,0.04703327,0.00230733,17.3857,15.1378,1.0029,21.0601,4.2120,365.1003,21.0000,20.2912,13.6950,10.5412,14.3073,20.439,36.2755,40.8781,61.3171,10.5412,0.0,2.857143,4.285714,1.215163,17,45,12,2,0.65303048,0.05768316,0.14713394,0E-8,0.000000,0.870703,0.000000,-0.25780588,2026-04-06,2026-08-01,8,40,35,118,0.067797,1.481651,1.167118,2.176768,,,,,,,,GLOBAL_BASELINE_NO_ENTITY_RANKING,,,NOT_APPLICABLE_GLOBAL_BASELINE,HF9g-P5,,,,X 全窗基线 · 不参与实体赏罚,6874943,688,A168_HF9F_20260827_0900,2026-08-27 09:00:00
2026-07-11,147454877,583,0,14.3073212607,-14.3073212607,-14.3073212607,0E-7,1,1,0.49324550000000000,0.493245500000,-0.9865810262130424,-0.9865810262130424,-0.9865810262130424,0E-17,ELIGIBLE,R03b_20260811_FULL_v1,L1_ELIGIBILITY,v2026-08-11,2026-03-21..2026-08-06,baccarat_bet02_101_all_pairs_incl_sentinel,round_win = game_pnl > 0 (decisive only),COMPATIBILITY_ONLY_NOT_PRODUCTION,2920.8026,2543.1508,168.4811,168,168,-0.05768316,-0.14713394,0.11067194,-0.05768316,-168.4811,2920.8026,OK,0.0000,6.7392,4.0000,96.0000,AG03-UNRESOLVED,ALL5_LEVELS_bet23_to_bet27,6.7392,6.7392,6.7392,6.7392,6.7392,4.000000,4.000000,4.000000,4.000000,4.000000,96.000000,96.000000,96.000000,96.000000,96.000000,5.0,33.6962,31.1062,134.7849,137.3749,PENDING_AG03,FALSE,NOT_FOR_ENFORCEMENT,161.7419,2441.4248,168.4811,161.7419,6.7392,0.05768316,0.05537583,6.7392,161.7419,0.05537583,6.7392,6.7392,6.7392,6.7392,6.7392,161.7419,0.05537583,33.6962,31.1062,134.7849,137.3749,0.04614653,0.04703327,0.00230733,17.3857,15.1378,1.0029,21.0601,4.2120,365.1003,21.0000,20.2912,13.6950,10.5412,14.3073,20.439,36.2755,40.8781,61.3171,10.5412,0.0,2.857143,4.285714,1.215163,17,45,12,2,0.65303048,0.05768316,0.14713394,0E-8,0.000000,0.870703,0.000000,-0.25780588,2026-04-06,2026-08-01,8,40,35,118,0.067797,1.481651,1.167118,2.176768,,,,,,,,GLOBAL_BASELINE_NO_ENTITY_RANKING,,,NOT_APPLICABLE_GLOBAL_BASELINE,HF9g-P5,,,,X 全窗基线 · 不参与实体赏罚,6874944,688,A168_HF9F_20260827_0900,2026-08-27 09:00:00
2026-07-11,147454877,752,0,11.8546376160,-11.8546376160,-11.8546376160,0E-7,1,1,0.50665070000000000,0.506650700000,-1.013391052207602,-1.013391052207602,-1.013391052207602,0E-17,ELIGIBLE,R03b_20260811_FULL_v1,L1_ELIGIBILITY,v2026-08-11,2026-03-21..2026-08-06,baccarat_bet02_101_all_pairs_incl_sentinel,round_win = game_pnl > 0 (decisive only),COMPATIBILITY_ONLY_NOT_PRODUCTION,2920.8026,2543.1508,168.4811,168,168,-0.05768316,-0.14713394,0.11067194,-0.05768316,-168.4811,2920.8026,OK,0.0000,6.7392,4.0000,96.0000,AG03-UNRESOLVED,ALL5_LEVELS_bet23_to_bet27,6.7392,6.7392,6.7392,6.7392,6.7392,4.000000,4.000000,4.000000,4.000000,4.000000,96.000000,96.000000,96.000000,96.000000,96.000000,5.0,33.6962,31.1062,134.7849,137.3749,PENDING_AG03,FALSE,NOT_FOR_ENFORCEMENT,161.7419,2441.4248,168.4811,161.7419,6.7392,0.05768316,0.05537583,6.7392,161.7419,0.05537583,6.7392,6.7392,6.7392,6.7392,6.7392,161.7419,0.05537583,33.6962,31.1062,134.7849,137.3749,0.04614653,0.04703327,0.00230733,17.3857,15.1378,1.0029,21.0601,4.2120,365.1003,21.0000,20.2912,13.6950,10.5412,14.3073,20.439,36.2755,40.8781,61.3171,10.5412,0.0,2.857143,4.285714,1.215163,17,45,12,2,0.65303048,0.05768316,0.14713394,0E-8,0.000000,0.870703,0.000000,-0.25780588,2026-04-06,2026-08-01,8,40,35,118,0.067797,1.481651,1.167118,2.176768,,,,,,,,GLOBAL_BASELINE_NO_ENTITY_RANKING,,,NOT_APPLICABLE_GLOBAL_BASELINE,HF9g-P5,,,,X 全窗基线 · 不参与实体赏罚,6874945,688,A168_HF9F_20260827_0900,2026-08-27 09:00:00
2026-07-11,147454877,986,0,9.6063442750,9.6063442750,9.6063442750,1.0000000,1,1,0.49324550000000000,0.493245500000,1.01360149184955,1.01360149184955,1.01360149184955,0E-17,ELIGIBLE,R03b_20260811_FULL_v1,L1_ELIGIBILITY,v2026-08-11,2026-03-21..2026-08-06,baccarat_bet02_101_all_pairs_incl_sentinel,round_win = game_pnl > 0 (decisive only),COMPATIBILITY_ONLY_NOT_PRODUCTION,2920.8026,2543.1508,168.4811,168,168,-0.05768316,-0.14713394,0.11067194,-0.05768316,-168.4811,2920.8026,OK,0.0000,6.7392,4.0000,96.0000,AG03-UNRESOLVED,ALL5_LEVELS_bet23_to_bet27,6.7392,6.7392,6.7392,6.7392,6.7392,4.000000,4.000000,4.000000,4.000000,4.000000,96.000000,96.000000,96.000000,96.000000,96.000000,5.0,33.6962,31.1062,134.7849,137.3749,PENDING_AG03,FALSE,NOT_FOR_ENFORCEMENT,161.7419,2441.4248,168.4811,161.7419,6.7392,0.05768316,0.05537583,6.7392,161.7419,0.05537583,6.7392,6.7392,6.7392,6.7392,6.7392,161.7419,0.05537583,33.6962,31.1062,134.7849,137.3749,0.04614653,0.04703327,0.00230733,17.3857,15.1378,1.0029,21.0601,4.2120,365.1003,21.0000,20.2912,13.6950,10.5412,14.3073,20.439,36.2755,40.8781,61.3171,10.5412,0.0,2.857143,4.285714,1.215163,17,45,12,2,0.65303048,0.05768316,0.14713394,0E-8,0.000000,0.870703,0.000000,-0.25780588,2026-04-06,2026-08-01,8,40,35,118,0.067797,1.481651,1.167118,2.176768,,,,,,,,GLOBAL_BASELINE_NO_ENTITY_RANKING,,,NOT_APPLICABLE_GLOBAL_BASELINE,HF9g-P5,,,,X 全窗基线 · 不参与实体赏罚,6874946,688,A168_HF9F_20260827_0900,2026-08-27 09:00:00
2026-07-12,147454877,1302,0,40.8780607448,38.8341577076,38.8341577076,1.0000000,1,1,0.50665070000000000,0.506650700000,0.9867858985152569,0.9867858985152569,0.9867858985152569,0E-17,ELIGIBLE,R03b_20260811_FULL_v1,L1_ELIGIBILITY,v2026-08-11,2026-03-21..2026-08-06,baccarat_bet02_101_all_pairs_incl_sentinel,round_win = game_pnl > 0 (decisive only),COMPATIBILITY_ONLY_NOT_PRODUCTION,2920.8026,2543.1508,168.4811,168,168,-0.05768316,-0.14713394,0.11067194,-0.05768316,-168.4811,2920.8026,OK,0.0000,6.7392,4.0000,96.0000,AG03-UNRESOLVED,ALL5_LEVELS_bet23_to_bet27,6.7392,6.7392,6.7392,6.7392,6.7392,4.000000,4.000000,4.000000,4.000000,4.000000,96.000000,96.000000,96.000000,96.000000,96.000000,5.0,33.6962,31.1062,134.7849,137.3749,PENDING_AG03,FALSE,NOT_FOR_ENFORCEMENT,161.7419,2441.4248,168.4811,161.7419,6.7392,0.05768316,0.05537583,6.7392,161.7419,0.05537583,6.7392,6.7392,6.7392,6.7392,6.7392,161.7419,0.05537583,33.6962,31.1062,134.7849,137.3749,0.04614653,0.04703327,0.00230733,17.3857,15.1378,1.0029,21.0601,4.2120,365.1003,21.0000,20.2912,13.6950,10.5412,14.3073,20.439,36.2755,40.8781,61.3171,10.5412,0.0,2.857143,4.285714,1.215163,17,45,12,2,0.65303048,0.05768316,0.14713394,0E-8,0.000000,0.870703,0.000000,-0.25780588,2026-04-06,2026-08-01,8,40,35,118,0.067797,1.481651,1.167118,2.176768,,,,,,,,GLOBAL_BASELINE_NO_ENTITY_RANKING,,,NOT_APPLICABLE_GLOBAL_BASELINE,HF9g-P5,,,,X 全窗基线 · 不参与实体赏罚,6874947,688,A168_HF9F_20260827_0900,2026-08-27 09:00:00
2026-07-12,147454877,1331,0,20.4390303724,-20.4390303724,-20.4390303724,0E-7,1,1,0.50665070000000000,0.506650700000,-1.013391052207602,-1.013391052207602,-1.013391052207602,0E-17,ELIGIBLE,R03b_20260811_FULL_v1,L1_ELIGIBILITY,v2026-08-11,2026-03-21..2026-08-06,baccarat_bet02_101_all_pairs_incl_sentinel,round_win = game_pnl > 0 (decisive only),COMPATIBILITY_ONLY_NOT_PRODUCTION,2920.8026,2543.1508,168.4811,168,168,-0.05768316,-0.14713394,0.11067194,-0.05768316,-168.4811,2920.8026,OK,0.0000,6.7392,4.0000,96.0000,AG03-UNRESOLVED,ALL5_LEVELS_bet23_to_bet27,6.7392,6.7392,6.7392,6.7392,6.7392,4.000000,4.000000,4.000000,4.000000,4.000000,96.000000,96.000000,96.000000,96.000000,96.000000,5.0,33.6962,31.1062,134.7849,137.3749,PENDING_AG03,FALSE,NOT_FOR_ENFORCEMENT,161.7419,2441.4248,168.4811,161.7419,6.7392,0.05768316,0.05537583,6.7392,161.7419,0.05537583,6.7392,6.7392,6.7392,6.7392,6.7392,161.7419,0.05537583,33.6962,31.1062,134.7849,137.3749,0.04614653,0.04703327,0.00230733,17.3857,15.1378,1.0029,21.0601,4.2120,365.1003,21.0000,20.2912,13.6950,10.5412,14.3073,20.439,36.2755,40.8781,61.3171,10.5412,0.0,2.857143,4.285714,1.215163,17,45,12,2,0.65303048,0.05768316,0.14713394,0E-8,0.000000,0.870703,0.000000,-0.25780588,2026-04-06,2026-08-01,8,40,35,118,0.067797,1.481651,1.167118,2.176768,,,,,,,,GLOBAL_BASELINE_NO_ENTITY_RANKING,,,NOT_APPLICABLE_GLOBAL_BASELINE,HF9g-P5,,,,X 全窗基线 · 不参与实体赏罚,6874948,688,A168_HF9F_20260827_0900,2026-08-27 09:00:00
2026-07-12,147454877,1396,0,116.5024731227,-55.1853820055,-55.1853820055,0.3333333,4,4,0.49994810000000000,0.499948100000,-0.5771704854251445,-0.5771704854251445,-0.5771704854251445,0E-17,ELIGIBLE,R03b_20260811_FULL_v1,L1_ELIGIBILITY,v2026-08-11,2026-03-21..2026-08-06,baccarat_bet02_101_all_pairs_incl_sentinel,round_win = game_pnl > 0 (decisive only),COMPATIBILITY_ONLY_NOT_PRODUCTION,2920.8026,2543.1508,168.4811,168,168,-0.05768316,-0.14713394,0.11067194,-0.05768316,-168.4811,2920.8026,OK,0.0000,6.7392,4.0000,96.0000,AG03-UNRESOLVED,ALL5_LEVELS_bet23_to_bet27,6.7392,6.7392,6.7392,6.7392,6.7392,4.000000,4.000000,4.000000,4.000000,4.000000,96.000000,96.000000,96.000000,96.000000,96.000000,5.0,33.6962,31.1062,134.7849,137.3749,PENDING_AG03,FALSE,NOT_FOR_ENFORCEMENT,161.7419,2441.4248,168.4811,161.7419,6.7392,0.05768316,0.05537583,6.7392,161.7419,0.05537583,6.7392,6.7392,6.7392,6.7392,6.7392,161.7419,0.05537583,33.6962,31.1062,134.7849,137.3749,0.04614653,0.04703327,0.00230733,17.3857,15.1378,1.0029,21.0601,4.2120,365.1003,21.0000,20.2912,13.6950,10.5412,14.3073,20.439,36.2755,40.8781,61.3171,10.5412,0.0,2.857143,4.285714,1.215163,17,45,12,2,0.65303048,0.05768316,0.14713394,0E-8,0.000000,0.870703,0.000000,-0.25780588,2026-04-06,2026-08-01,8,40,35,118,0.067797,1.481651,1.167118,2.176768,,,,,,,,GLOBAL_BASELINE_NO_ENTITY_RANKING,,,NOT_APPLICABLE_GLOBAL_BASELINE,HF9g-P5,,,,X 全窗基线 · 不参与实体赏罚,6874949,688,A168_HF9F_20260827_0900,2026-08-27 09:00:00
2026-07-12,147454877,1402,0,18.3951273352,-18.3951273352,-18.3951273352,0E-7,1,1,0.50665070000000000,0.506650700000,-1.013391052207602,-1.013391052207602,-1.013391052207602,0E-17,ELIGIBLE,R03b_20260811_FULL_v1,L1_ELIGIBILITY,v2026-08-11,2026-03-21..2026-08-06,baccarat_bet02_101_all_pairs_incl_sentinel,round_win = game_pnl > 0 (decisive only),COMPATIBILITY_ONLY_NOT_PRODUCTION,2920.8026,2543.1508,168.4811,168,168,-0.05768316,-0.14713394,0.11067194,-0.05768316,-168.4811,2920.8026,OK,0.0000,6.7392,4.0000,96.0000,AG03-UNRESOLVED,ALL5_LEVELS_bet23_to_bet27,6.7392,6.7392,6.7392,6.7392,6.7392,4.000000,4.000000,4.000000,4.000000,4.000000,96.000000,96.000000,96.000000,96.000000,96.000000,5.0,33.6962,31.1062,134.7849,137.3749,PENDING_AG03,FALSE,NOT_FOR_ENFORCEMENT,161.7419,2441.4248,168.4811,161.7419,6.7392,0.05768316,0.05537583,6.7392,161.7419,0.05537583,6.7392,6.7392,6.7392,6.7392,6.7392,161.7419,0.05537583,33.6962,31.1062,134.7849,137.3749,0.04614653,0.04703327,0.00230733,17.3857,15.1378,1.0029,21.0601,4.2120,365.1003,21.0000,20.2912,13.6950,10.5412,14.3073,20.439,36.2755,40.8781,61.3171,10.5412,0.0,2.857143,4.285714,1.215163,17,45,12,2,0.65303048,0.05768316,0.14713394,0E-8,0.000000,0.870703,0.000000,-0.25780588,2026-04-06,2026-08-01,8,40,35,118,0.067797,1.481651,1.167118,2.176768,,,,,,,,GLOBAL_BASELINE_NO_ENTITY_RANKING,,,NOT_APPLICABLE_GLOBAL_BASELINE,HF9g-P5,,,,X 全窗基线 · 不参与实体赏罚,6874950,688,A168_HF9F_20260827_0900,2026-08-27 09:00:00
2026-07-12,147454877,1505,0,120.5902791972,-40.8780607448,-40.8780607448,0.3333333,3,3,0.50218230000000000,0.502182300000,-0.5849155494134425,-0.5849155494134426,-0.5849155494134425,0E-17,ELIGIBLE,R03b_20260811_FULL_v1,L1_ELIGIBILITY,v2026-08-11,2026-03-21..2026-08-06,baccarat_bet02_101_all_pairs_incl_sentinel,round_win = game_pnl > 0 (decisive only),COMPATIBILITY_ONLY_NOT_PRODUCTION,2920.8026,2543.1508,168.4811,168,168,-0.05768316,-0.14713394,0.11067194,-0.05768316,-168.4811,2920.8026,OK,0.0000,6.7392,4.0000,96.0000,AG03-UNRESOLVED,ALL5_LEVELS_bet23_to_bet27,6.7392,6.7392,6.7392,6.7392,6.7392,4.000000,4.000000,4.000000,4.000000,4.000000,96.000000,96.000000,96.000000,96.000000,96.000000,5.0,33.6962,31.1062,134.7849,137.3749,PENDING_AG03,FALSE,NOT_FOR_ENFORCEMENT,161.7419,2441.4248,168.4811,161.7419,6.7392,0.05768316,0.05537583,6.7392,161.7419,0.05537583,6.7392,6.7392,6.7392,6.7392,6.7392,161.7419,0.05537583,33.6962,31.1062,134.7849,137.3749,0.04614653,0.04703327,0.00230733,17.3857,15.1378,1.0029,21.0601,4.2120,365.1003,21.0000,20.2912,13.6950,10.5412,14.3073,20.439,36.2755,40.8781,61.3171,10.5412,0.0,2.857143,4.285714,1.215163,17,45,12,2,0.65303048,0.05768316,0.14713394,0E-8,0.000000,0.870703,0.000000,-0.25780588,2026-04-06,2026-08-01,8,40,35,118,0.067797,1.481651,1.167118,2.176768,,,,,,,,GLOBAL_BASELINE_NO_ENTITY_RANKING,,,NOT_APPLICABLE_GLOBAL_BASELINE,HF9g-P5,,,,X 全窗基线 · 不参与实体赏罚,6874951,688,A168_HF9F_20260827_0900,2026-08-27 09:00:00
2026-07-12,147454877,1509,0,96.0634427503,42.9219637821,42.9219637821,0.6666667,4,4,0.49659680000000000,0.496596800000,0.5891529468324541,0.589152946832454,0.5891529468324541,0E-17,ELIGIBLE,R03b_20260811_FULL_v1,L1_ELIGIBILITY,v2026-08-11,2026-03-21..2026-08-06,baccarat_bet02_101_all_pairs_incl_sentinel,round_win = game_pnl > 0 (decisive only),COMPATIBILITY_ONLY_NOT_PRODUCTION,2920.8026,2543.1508,168.4811,168,168,-0.05768316,-0.14713394,0.11067194,-0.05768316,-168.4811,2920.8026,OK,0.0000,6.7392,4.0000,96.0000,AG03-UNRESOLVED,ALL5_LEVELS_bet23_to_bet27,6.7392,6.7392,6.7392,6.7392,6.7392,4.000000,4.000000,4.000000,4.000000,4.000000,96.000000,96.000000,96.000000,96.000000,96.000000,5.0,33.6962,31.1062,134.7849,137.3749,PENDING_AG03,FALSE,NOT_FOR_ENFORCEMENT,161.7419,2441.4248,168.4811,161.7419,6.7392,0.05768316,0.05537583,6.7392,161.7419,0.05537583,6.7392,6.7392,6.7392,6.7392,6.7392,161.7419,0.05537583,33.6962,31.1062,134.7849,137.3749,0.04614653,0.04703327,0.00230733,17.3857,15.1378,1.0029,21.0601,4.2120,365.1003,21.0000,20.2912,13.6950,10.5412,14.3073,20.439,36.2755,40.8781,61.3171,10.5412,0.0,2.857143,4.285714,1.215163,17,45,12,2,0.65303048,0.05768316,0.14713394,0E-8,0.000000,0.870703,0.000000,-0.25780588,2026-04-06,2026-08-01,8,40,35,118,0.067797,1.481651,1.167118,2.176768,,,,,,,,GLOBAL_BASELINE_NO_ENTITY_RANKING,,,NOT_APPLICABLE_GLOBAL_BASELINE,HF9g-P5,,,,X 全窗基线 · 不参与实体赏罚,6874952,688,A168_HF9F_20260827_0900,2026-08-27 09:00:00
2026-07-12,147454877,2071,0,18.3951273352,-18.3951273352,-18.3951273352,0E-7,1,1,0.49324550000000000,0.493245500000,-0.9865810262130424,-0.9865810262130424,-0.9865810262130424,0E-17,ELIGIBLE,R03b_20260811_FULL_v1,L1_ELIGIBILITY,v2026-08-11,2026-03-21..2026-08-06,baccarat_bet02_101_all_pairs_incl_sentinel,round_win = game_pnl > 0 (decisive only),COMPATIBILITY_ONLY_NOT_PRODUCTION,2920.8026,2543.1508,168.4811,168,168,-0.05768316,-0.14713394,0.11067194,-0.05768316,-168.4811,2920.8026,OK,0.0000,6.7392,4.0000,96.0000,AG03-UNRESOLVED,ALL5_LEVELS_bet23_to_bet27,6.7392,6.7392,6.7392,6.7392,6.7392,4.000000,4.000000,4.000000,4.000000,4.000000,96.000000,96.000000,96.000000,96.000000,96.000000,5.0,33.6962,31.1062,134.7849,137.3749,PENDING_AG03,FALSE,NOT_FOR_ENFORCEMENT,161.7419,2441.4248,168.4811,161.7419,6.7392,0.05768316,0.05537583,6.7392,161.7419,0.05537583,6.7392,6.7392,6.7392,6.7392,6.7392,161.7419,0.05537583,33.6962,31.1062,134.7849,137.3749,0.04614653,0.04703327,0.00230733,17.3857,15.1378,1.0029,21.0601,4.2120,365.1003,21.0000,20.2912,13.6950,10.5412,14.3073,20.439,36.2755,40.8781,61.3171,10.5412,0.0,2.857143,4.285714,1.215163,17,45,12,2,0.65303048,0.05768316,0.14713394,0E-8,0.000000,0.870703,0.000000,-0.25780588,2026-04-06,2026-08-01,8,40,35,118,0.067797,1.481651,1.167118,2.176768,,,,,,,,GLOBAL_BASELINE_NO_ENTITY_RANKING,,,NOT_APPLICABLE_GLOBAL_BASELINE,HF9g-P5,,,,X 全窗基线 · 不参与实体赏罚,6874953,688,A168_HF9F_20260827_0900,2026-08-27 09:00:00
2026-07-12,147454877,2106,0,20.4390303724,0E-10,0E-10,,1,1,0.50665070000000000,0.506650700000,,,,0E-17,NO_DECISIVE_ROUND,R03b_20260811_FULL_v1,L1_ELIGIBILITY,v2026-08-11,2026-03-21..2026-08-06,baccarat_bet02_101_all_pairs_incl_sentinel,round_win = game_pnl > 0 (decisive only),COMPATIBILITY_ONLY_NOT_PRODUCTION,2920.8026,2543.1508,168.4811,168,168,-0.05768316,-0.14713394,0.11067194,-0.05768316,-168.4811,2920.8026,OK,0.0000,6.7392,4.0000,96.0000,AG03-UNRESOLVED,ALL5_LEVELS_bet23_to_bet27,6.7392,6.7392,6.7392,6.7392,6.7392,4.000000,4.000000,4.000000,4.000000,4.000000,96.000000,96.000000,96.000000,96.000000,96.000000,5.0,33.6962,31.1062,134.7849,137.3749,PENDING_AG03,FALSE,NOT_FOR_ENFORCEMENT,161.7419,2441.4248,168.4811,161.7419,6.7392,0.05768316,0.05537583,6.7392,161.7419,0.05537583,6.7392,6.7392,6.7392,6.7392,6.7392,161.7419,0.05537583,33.6962,31.1062,134.7849,137.3749,0.04614653,0.04703327,0.00230733,17.3857,15.1378,1.0029,21.0601,4.2120,365.1003,21.0000,20.2912,13.6950,10.5412,14.3073,20.439,36.2755,40.8781,61.3171,10.5412,0.0,2.857143,4.285714,1.215163,17,45,12,2,0.65303048,0.05768316,0.14713394,0E-8,0.000000,0.870703,0.000000,-0.25780588,2026-04-06,2026-08-01,8,40,35,118,0.067797,1.481651,1.167118,2.176768,,,,,,,,GLOBAL_BASELINE_NO_ENTITY_RANKING,,,NOT_APPLICABLE_GLOBAL_BASELINE,HF9g-P5,,,,X 全窗基线 · 不参与实体赏罚,6874954,688,A168_HF9F_20260827_0900,2026-08-27 09:00:00
2026-07-12,147454877,2134,0,26.5707394842,9.2997588194,9.2997588194,0.5000000,2,2,0.49994810000000000,0.499948100000,0.00014679536856514622,0.00014679536856514622,0.00014679536856514622,0E-17,ELIGIBLE,R03b_20260811_FULL_v1,L1_ELIGIBILITY,v2026-08-11,2026-03-21..2026-08-06,baccarat_bet02_101_all_pairs_incl_sentinel,round_win = game_pnl > 0 (decisive only),COMPATIBILITY_ONLY_NOT_PRODUCTION,2920.8026,2543.1508,168.4811,168,168,-0.05768316,-0.14713394,0.11067194,-0.05768316,-168.4811,2920.8026,OK,0.0000,6.7392,4.0000,96.0000,AG03-UNRESOLVED,ALL5_LEVELS_bet23_to_bet27,6.7392,6.7392,6.7392,6.7392,6.7392,4.000000,4.000000,4.000000,4.000000,4.000000,96.000000,96.000000,96.000000,96.000000,96.000000,5.0,33.6962,31.1062,134.7849,137.3749,PENDING_AG03,FALSE,NOT_FOR_ENFORCEMENT,161.7419,2441.4248,168.4811,161.7419,6.7392,0.05768316,0.05537583,6.7392,161.7419,0.05537583,6.7392,6.7392,6.7392,6.7392,6.7392,161.7419,0.05537583,33.6962,31.1062,134.7849,137.3749,0.04614653,0.04703327,0.00230733,17.3857,15.1378,1.0029,21.0601,4.2120,365.1003,21.0000,20.2912,13.6950,10.5412,14.3073,20.439,36.2755,40.8781,61.3171,10.5412,0.0,2.857143,4.285714,1.215163,17,45,12,2,0.65303048,0.05768316,0.14713394,0E-8,0.000000,0.870703,0.000000,-0.25780588,2026-04-06,2026-08-01,8,40,35,118,0.067797,1.481651,1.167118,2.176768,,,,,,,,GLOBAL_BASELINE_NO_ENTITY_RANKING,,,NOT_APPLICABLE_GLOBAL_BASELINE,HF9g-P5,,,,X 全窗基线 · 不参与实体赏罚,6874955,688,A168_HF9F_20260827_0900,2026-08-27 09:00:00
2026-07-12,147454877,2141,0,48.4405019826,-16.1468339942,-16.1468339942,0.2500000,4,4,0.49659680000000000,0.496596800000,-0.9864100490137353,-0.9864100490137354,-0.9864100490137353,0E-17,ELIGIBLE,R03b_20260811_FULL_v1,L1_ELIGIBILITY,v2026-08-11,2026-03-21..2026-08-06,baccarat_bet02_101_all_pairs_incl_sentinel,round_win = game_pnl > 0 (decisive only),COMPATIBILITY_ONLY_NOT_PRODUCTION,2920.8026,2543.1508,168.4811,168,168,-0.05768316,-0.14713394,0.11067194,-0.05768316,-168.4811,2920.8026,OK,0.0000,6.7392,4.0000,96.0000,AG03-UNRESOLVED,ALL5_LEVELS_bet23_to_bet27,6.7392,6.7392,6.7392,6.7392,6.7392,4.000000,4.000000,4.000000,4.000000,4.000000,96.000000,96.000000,96.000000,96.000000,96.000000,5.0,33.6962,31.1062,134.7849,137.3749,PENDING_AG03,FALSE,NOT_FOR_ENFORCEMENT,161.7419,2441.4248,168.4811,161.7419,6.7392,0.05768316,0.05537583,6.7392,161.7419,0.05537583,6.7392,6.7392,6.7392,6.7392,6.7392,161.7419,0.05537583,33.6962,31.1062,134.7849,137.3749,0.04614653,0.04703327,0.00230733,17.3857,15.1378,1.0029,21.0601,4.2120,365.1003,21.0000,20.2912,13.6950,10.5412,14.3073,20.439,36.2755,40.8781,61.3171,10.5412,0.0,2.857143,4.285714,1.215163,17,45,12,2,0.65303048,0.05768316,0.14713394,0E-8,0.000000,0.870703,0.000000,-0.25780588,2026-04-06,2026-08-01,8,40,35,118,0.067797,1.481651,1.167118,2.176768,,,,,,,,GLOBAL_BASELINE_NO_ENTITY_RANKING,,,NOT_APPLICABLE_GLOBAL_BASELINE,HF9g-P5,,,,X 全窗基线 · 不参与实体赏罚,6874956,688,A168_HF9F_20260827_0900,2026-08-27 09:00:00
2026-07-12,147454877,2155,0,233.0049462453,45.9878183379,45.9878183379,0.5000000,9,9,0.49920336666666667,0.499203366667,0.004506444376759088,0.004506444374873482,0.004506444376759088,-3.3333E-13,ELIGIBLE,R03b_20260811_FULL_v1,L1_ELIGIBILITY,v2026-08-11,2026-03-21..2026-08-06,baccarat_bet02_101_all_pairs_incl_sentinel,round_win = game_pnl > 0 (decisive only),COMPATIBILITY_ONLY_NOT_PRODUCTION,2920.8026,2543.1508,168.4811,168,168,-0.05768316,-0.14713394,0.11067194,-0.05768316,-168.4811,2920.8026,OK,0.0000,6.7392,4.0000,96.0000,AG03-UNRESOLVED,ALL5_LEVELS_bet23_to_bet27,6.7392,6.7392,6.7392,6.7392,6.7392,4.000000,4.000000,4.000000,4.000000,4.000000,96.000000,96.000000,96.000000,96.000000,96.000000,5.0,33.6962,31.1062,134.7849,137.3749,PENDING_AG03,FALSE,NOT_FOR_ENFORCEMENT,161.7419,2441.4248,168.4811,161.7419,6.7392,0.05768316,0.05537583,6.7392,161.7419,0.05537583,6.7392,6.7392,6.7392,6.7392,6.7392,161.7419,0.05537583,33.6962,31.1062,134.7849,137.3749,0.04614653,0.04703327,0.00230733,17.3857,15.1378,1.0029,21.0601,4.2120,365.1003,21.0000,20.2912,13.6950,10.5412,14.3073,20.439,36.2755,40.8781,61.3171,10.5412,0.0,2.857143,4.285714,1.215163,17,45,12,2,0.65303048,0.05768316,0.14713394,0E-8,0.000000,0.870703,0.000000,-0.25780588,2026-04-06,2026-08-01,8,40,35,118,0.067797,1.481651,1.167118,2.176768,,,,,,,,GLOBAL_BASELINE_NO_ENTITY_RANKING,,,NOT_APPLICABLE_GLOBAL_BASELINE,HF9g-P5,,,,X 全窗基线 · 不参与实体赏罚,6874957,688,A168_HF9F_20260827_0900,2026-08-27 09:00:00
2026-07-12,147454877,2169,0,22.0741528022,-18.8856640641,-18.8856640641,0.5000000,2,2,0.50665070000000000,0.506650700000,-0.018812684590367487,-0.018812684590367487,-0.018812684590367487,0E-17,ELIGIBLE,R03b_20260811_FULL_v1,L1_ELIGIBILITY,v2026-08-11,2026-03-21..2026-08-06,baccarat_bet02_101_all_pairs_incl_sentinel,round_win = game_pnl > 0 (decisive only),COMPATIBILITY_ONLY_NOT_PRODUCTION,2920.8026,2543.1508,168.4811,168,168,-0.05768316,-0.14713394,0.11067194,-0.05768316,-168.4811,2920.8026,OK,0.0000,6.7392,4.0000,96.0000,AG03-UNRESOLVED,ALL5_LEVELS_bet23_to_bet27,6.7392,6.7392,6.7392,6.7392,6.7392,4.000000,4.000000,4.000000,4.000000,4.000000,96.000000,96.000000,96.000000,96.000000,96.000000,5.0,33.6962,31.1062,134.7849,137.3749,PENDING_AG03,FALSE,NOT_FOR_ENFORCEMENT,161.7419,2441.4248,168.4811,161.7419,6.7392,0.05768316,0.05537583,6.7392,161.7419,0.05537583,6.7392,6.7392,6.7392,6.7392,6.7392,161.7419,0.05537583,33.6962,31.1062,134.7849,137.3749,0.04614653,0.04703327,0.00230733,17.3857,15.1378,1.0029,21.0601,4.2120,365.1003,21.0000,20.2912,13.6950,10.5412,14.3073,20.439,36.2755,40.8781,61.3171,10.5412,0.0,2.857143,4.285714,1.215163,17,45,12,2,0.65303048,0.05768316,0.14713394,0E-8,0.000000,0.870703,0.000000,-0.25780588,2026-04-06,2026-08-01,8,40,35,118,0.067797,1.481651,1.167118,2.176768,,,,,,,,GLOBAL_BASELINE_NO_ENTITY_RANKING,,,NOT_APPLICABLE_GLOBAL_BASELINE,HF9g-P5,,,,X 全窗基线 · 不参与实体赏罚,6874958,688,A168_HF9F_20260827_0900,2026-08-27 09:00:00
2026-07-12,147454877,2175,0,367.9025467032,-183.9512733516,-183.9512733516,0.2727273,13,13,0.49737017692307692,0.497370176923,-1.4901330616383845,-1.4901330616378754,-1.4901330616383845,7.692E-14,ELIGIBLE,R03b_20260811_FULL_v1,L1_ELIGIBILITY,v2026-08-11,2026-03-21..2026-08-06,baccarat_bet02_101_all_pairs_incl_sentinel,round_win = game_pnl > 0 (decisive only),COMPATIBILITY_ONLY_NOT_PRODUCTION,2920.8026,2543.1508,168.4811,168,168,-0.05768316,-0.14713394,0.11067194,-0.05768316,-168.4811,2920.8026,OK,0.0000,6.7392,4.0000,96.0000,AG03-UNRESOLVED,ALL5_LEVELS_bet23_to_bet27,6.7392,6.7392,6.7392,6.7392,6.7392,4.000000,4.000000,4.000000,4.000000,4.000000,96.000000,96.000000,96.000000,96.000000,96.000000,5.0,33.6962,31.1062,134.7849,137.3749,PENDING_AG03,FALSE,NOT_FOR_ENFORCEMENT,161.7419,2441.4248,168.4811,161.7419,6.7392,0.05768316,0.05537583,6.7392,161.7419,0.05537583,6.7392,6.7392,6.7392,6.7392,6.7392,161.7419,0.05537583,33.6962,31.1062,134.7849,137.3749,0.04614653,0.04703327,0.00230733,17.3857,15.1378,1.0029,21.0601,4.2120,365.1003,21.0000,20.2912,13.6950,10.5412,14.3073,20.439,36.2755,40.8781,61.3171,10.5412,0.0,2.857143,4.285714,1.215163,17,45,12,2,0.65303048,0.05768316,0.14713394,0E-8,0.000000,0.870703,0.000000,-0.25780588,2026-04-06,2026-08-01,8,40,35,118,0.067797,1.481651,1.167118,2.176768,,,,,,,,GLOBAL_BASELINE_NO_ENTITY_RANKING,,,NOT_APPLICABLE_GLOBAL_BASELINE,HF9g-P5,,,,X 全窗基线 · 不参与实体赏罚,6874959,688,A168_HF9F_20260827_0900,2026-08-27 09:00:00
2026-07-12,147454877,2234,0,3.2702448596,-3.2702448596,-3.2702448596,0E-7,1,1,0.49324550000000000,0.493245500000,-0.9865810262130424,-0.9865810262130424,-0.9865810262130424,0E-17,ELIGIBLE,R03b_20260811_FULL_v1,L1_ELIGIBILITY,v2026-08-11,2026-03-21..2026-08-06,baccarat_bet02_101_all_pairs_incl_sentinel,round_win = game_pnl > 0 (decisive only),COMPATIBILITY_ONLY_NOT_PRODUCTION,2920.8026,2543.1508,168.4811,168,168,-0.05768316,-0.14713394,0.11067194,-0.05768316,-168.4811,2920.8026,OK,0.0000,6.7392,4.0000,96.0000,AG03-UNRESOLVED,ALL5_LEVELS_bet23_to_bet27,6.7392,6.7392,6.7392,6.7392,6.7392,4.000000,4.000000,4.000000,4.000000,4.000000,96.000000,96.000000,96.000000,96.000000,96.000000,5.0,33.6962,31.1062,134.7849,137.3749,PENDING_AG03,FALSE,NOT_FOR_ENFORCEMENT,161.7419,2441.4248,168.4811,161.7419,6.7392,0.05768316,0.05537583,6.7392,161.7419,0.05537583,6.7392,6.7392,6.7392,6.7392,6.7392,161.7419,0.05537583,33.6962,31.1062,134.7849,137.3749,0.04614653,0.04703327,0.00230733,17.3857,15.1378,1.0029,21.0601,4.2120,365.1003,21.0000,20.2912,13.6950,10.5412,14.3073,20.439,36.2755,40.8781,61.3171,10.5412,0.0,2.857143,4.285714,1.215163,17,45,12,2,0.65303048,0.05768316,0.14713394,0E-8,0.000000,0.870703,0.000000,-0.25780588,2026-04-06,2026-08-01,8,40,35,118,0.067797,1.481651,1.167118,2.176768,,,,,,,,GLOBAL_BASELINE_NO_ENTITY_RANKING,,,NOT_APPLICABLE_GLOBAL_BASELINE,HF9g-P5,,,,X 全窗基线 · 不参与实体赏罚,6874960,688,A168_HF9F_20260827_0900,2026-08-27 09:00:00
2026-07-12,147454877,2250,0,57.2292850428,37.8122061890,37.8122061890,1.0000000,3,3,0.50218230000000000,0.502182300000,1.4080544974538591,1.4080544974538591,1.4080544974538591,0E-17,ELIGIBLE,R03b_20260811_FULL_v1,L1_ELIGIBILITY,v2026-08-11,2026-03-21..2026-08-06,baccarat_bet02_101_all_pairs_incl_sentinel,round_win = game_pnl > 0 (decisive only),COMPATIBILITY_ONLY_NOT_PRODUCTION,2920.8026,2543.1508,168.4811,168,168,-0.05768316,-0.14713394,0.11067194,-0.05768316,-168.4811,2920.8026,OK,0.0000,6.7392,4.0000,96.0000,AG03-UNRESOLVED,ALL5_LEVELS_bet23_to_bet27,6.7392,6.7392,6.7392,6.7392,6.7392,4.000000,4.000000,4.000000,4.000000,4.000000,96.000000,96.000000,96.000000,96.000000,96.000000,5.0,33.6962,31.1062,134.7849,137.3749,PENDING_AG03,FALSE,NOT_FOR_ENFORCEMENT,161.7419,2441.4248,168.4811,161.7419,6.7392,0.05768316,0.05537583,6.7392,161.7419,0.05537583,6.7392,6.7392,6.7392,6.7392,6.7392,161.7419,0.05537583,33.6962,31.1062,134.7849,137.3749,0.04614653,0.04703327,0.00230733,17.3857,15.1378,1.0029,21.0601,4.2120,365.1003,21.0000,20.2912,13.6950,10.5412,14.3073,20.439,36.2755,40.8781,61.3171,10.5412,0.0,2.857143,4.285714,1.215163,17,45,12,2,0.65303048,0.05768316,0.14713394,0E-8,0.000000,0.870703,0.000000,-0.25780588,2026-04-06,2026-08-01,8,40,35,118,0.067797,1.481651,1.167118,2.176768,,,,,,,,GLOBAL_BASELINE_NO_ENTITY_RANKING,,,NOT_APPLICABLE_GLOBAL_BASELINE,HF9g-P5,,,,X 全窗基线 · 不参与实体赏罚,6874961,688,A168_HF9F_20260827_0900,2026-08-27 09:00:00
2026-07-12,147454877,2261,0,63.3609941545,-47.4185504640,-47.4185504640,0.3333333,3,3,0.50218230000000000,0.502182300000,-0.5849155494134425,-0.5849155494134426,-0.5849155494134425,0E-17,ELIGIBLE,R03b_20260811_FULL_v1,L1_ELIGIBILITY,v2026-08-11,2026-03-21..2026-08-06,baccarat_bet02_101_all_pairs_incl_sentinel,round_win = game_pnl > 0 (decisive only),COMPATIBILITY_ONLY_NOT_PRODUCTION,2920.8026,2543.1508,168.4811,168,168,-0.05768316,-0.14713394,0.11067194,-0.05768316,-168.4811,2920.8026,OK,0.0000,6.7392,4.0000,96.0000,AG03-UNRESOLVED,ALL5_LEVELS_bet23_to_bet27,6.7392,6.7392,6.7392,6.7392,6.7392,4.000000,4.000000,4.000000,4.000000,4.000000,96.000000,96.000000,96.000000,96.000000,96.000000,5.0,33.6962,31.1062,134.7849,137.3749,PENDING_AG03,FALSE,NOT_FOR_ENFORCEMENT,161.7419,2441.4248,168.4811,161.7419,6.7392,0.05768316,0.05537583,6.7392,161.7419,0.05537583,6.7392,6.7392,6.7392,6.7392,6.7392,161.7419,0.05537583,33.6962,31.1062,134.7849,137.3749,0.04614653,0.04703327,0.00230733,17.3857,15.1378,1.0029,21.0601,4.2120,365.1003,21.0000,20.2912,13.6950,10.5412,14.3073,20.439,36.2755,40.8781,61.3171,10.5412,0.0,2.857143,4.285714,1.215163,17,45,12,2,0.65303048,0.05768316,0.14713394,0E-8,0.000000,0.870703,0.000000,-0.25780588,2026-04-06,2026-08-01,8,40,35,118,0.067797,1.481651,1.167118,2.176768,,,,,,,,GLOBAL_BASELINE_NO_ENTITY_RANKING,,,NOT_APPLICABLE_GLOBAL_BASELINE,HF9g-P5,,,,X 全窗基线 · 不参与实体赏罚,6874962,688,A168_HF9F_20260827_0900,2026-08-27 09:00:00
2026-07-12,147454877,529,0,75.6244123779,51.9151371459,51.9151371459,0.8000000,5,5,0.50665070000000000,0.506650700000,1.3120140225494112,1.3120140225494112,1.3120140225494112,0E-17,ELIGIBLE,R03b_20260811_FULL_v1,L1_ELIGIBILITY,v2026-08-11,2026-03-21..2026-08-06,baccarat_bet02_101_all_pairs_incl_sentinel,round_win = game_pnl > 0 (decisive only),COMPATIBILITY_ONLY_NOT_PRODUCTION,2920.8026,2543.1508,168.4811,168,168,-0.05768316,-0.14713394,0.11067194,-0.05768316,-168.4811,2920.8026,OK,0.0000,6.7392,4.0000,96.0000,AG03-UNRESOLVED,ALL5_LEVELS_bet23_to_bet27,6.7392,6.7392,6.7392,6.7392,6.7392,4.000000,4.000000,4.000000,4.000000,4.000000,96.000000,96.000000,96.000000,96.000000,96.000000,5.0,33.6962,31.1062,134.7849,137.3749,PENDING_AG03,FALSE,NOT_FOR_ENFORCEMENT,161.7419,2441.4248,168.4811,161.7419,6.7392,0.05768316,0.05537583,6.7392,161.7419,0.05537583,6.7392,6.7392,6.7392,6.7392,6.7392,161.7419,0.05537583,33.6962,31.1062,134.7849,137.3749,0.04614653,0.04703327,0.00230733,17.3857,15.1378,1.0029,21.0601,4.2120,365.1003,21.0000,20.2912,13.6950,10.5412,14.3073,20.439,36.2755,40.8781,61.3171,10.5412,0.0,2.857143,4.285714,1.215163,17,45,12,2,0.65303048,0.05768316,0.14713394,0E-8,0.000000,0.870703,0.000000,-0.25780588,2026-04-06,2026-08-01,8,40,35,118,0.067797,1.481651,1.167118,2.176768,,,,,,,,GLOBAL_BASELINE_NO_ENTITY_RANKING,,,NOT_APPLICABLE_GLOBAL_BASELINE,HF9g-P5,,,,X 全窗基线 · 不参与实体赏罚,6874963,688,A168_HF9F_20260827_0900,2026-08-27 09:00:00
2026-07-31,147454877,1210,0,34.3462097947,-34.3462097947,-34.3462097947,0E-7,2,2,0.49994810000000000,0.499948100000,-1.4140667746232096,-1.4140667746232096,-1.4140667746232096,0E-17,ELIGIBLE,R03b_20260811_FULL_v1,L1_ELIGIBILITY,v2026-08-11,2026-03-21..2026-08-06,baccarat_bet02_101_all_pairs_incl_sentinel,round_win = game_pnl > 0 (decisive only),COMPATIBILITY_ONLY_NOT_PRODUCTION,2920.8026,2543.1508,168.4811,168,168,-0.05768316,-0.14713394,0.11067194,-0.05768316,-168.4811,2920.8026,OK,0.0000,6.7392,4.0000,96.0000,AG03-UNRESOLVED,ALL5_LEVELS_bet23_to_bet27,6.7392,6.7392,6.7392,6.7392,6.7392,4.000000,4.000000,4.000000,4.000000,4.000000,96.000000,96.000000,96.000000,96.000000,96.000000,5.0,33.6962,31.1062,134.7849,137.3749,PENDING_AG03,FALSE,NOT_FOR_ENFORCEMENT,161.7419,2441.4248,168.4811,161.7419,6.7392,0.05768316,0.05537583,6.7392,161.7419,0.05537583,6.7392,6.7392,6.7392,6.7392,6.7392,161.7419,0.05537583,33.6962,31.1062,134.7849,137.3749,0.04614653,0.04703327,0.00230733,17.3857,15.1378,1.0029,21.0601,4.2120,365.1003,21.0000,20.2912,13.6950,10.5412,14.3073,20.439,36.2755,40.8781,61.3171,10.5412,0.0,2.857143,4.285714,1.215163,17,45,12,2,0.65303048,0.05768316,0.14713394,0E-8,0.000000,0.870703,0.000000,-0.25780588,2026-04-06,2026-08-01,8,40,35,118,0.067797,1.481651,1.167118,2.176768,,,,,,,,GLOBAL_BASELINE_NO_ENTITY_RANKING,,,NOT_APPLICABLE_GLOBAL_BASELINE,HF9g-P5,,,,X 全窗基线 · 不参与实体赏罚,6874964,688,A168_HF9F_20260827_0900,2026-08-27 09:00:00
2026-07-31,147454877,1485,0,58.1865201228,21.8199450460,21.8199450460,0.5000000,4,4,0.49659680000000000,0.496596800000,0.013613115331600182,0.013613115331600183,0.013613115331600182,0E-17,ELIGIBLE,R03b_20260811_FULL_v1,L1_ELIGIBILITY,v2026-08-11,2026-03-21..2026-08-06,baccarat_bet02_101_all_pairs_incl_sentinel,round_win = game_pnl > 0 (decisive only),COMPATIBILITY_ONLY_NOT_PRODUCTION,2920.8026,2543.1508,168.4811,168,168,-0.05768316,-0.14713394,0.11067194,-0.05768316,-168.4811,2920.8026,OK,0.0000,6.7392,4.0000,96.0000,AG03-UNRESOLVED,ALL5_LEVELS_bet23_to_bet27,6.7392,6.7392,6.7392,6.7392,6.7392,4.000000,4.000000,4.000000,4.000000,4.000000,96.000000,96.000000,96.000000,96.000000,96.000000,5.0,33.6962,31.1062,134.7849,137.3749,PENDING_AG03,FALSE,NOT_FOR_ENFORCEMENT,161.7419,2441.4248,168.4811,161.7419,6.7392,0.05768316,0.05537583,6.7392,161.7419,0.05537583,6.7392,6.7392,6.7392,6.7392,6.7392,161.7419,0.05537583,33.6962,31.1062,134.7849,137.3749,0.04614653,0.04703327,0.00230733,17.3857,15.1378,1.0029,21.0601,4.2120,365.1003,21.0000,20.2912,13.6950,10.5412,14.3073,20.439,36.2755,40.8781,61.3171,10.5412,0.0,2.857143,4.285714,1.215163,17,45,12,2,0.65303048,0.05768316,0.14713394,0E-8,0.000000,0.870703,0.000000,-0.25780588,2026-04-06,2026-08-01,8,40,35,118,0.067797,1.481651,1.167118,2.176768,,,,,,,,GLOBAL_BASELINE_NO_ENTITY_RANKING,,,NOT_APPLICABLE_GLOBAL_BASELINE,HF9g-P5,,,,X 全窗基线 · 不参与实体赏罚,6874965,688,A168_HF9F_20260827_0900,2026-08-27 09:00:00
2026-07-31,147454877,2170,0,20.4390303724,20.4390303724,20.4390303724,1.0000000,1,1,0.49324550000000000,0.493245500000,1.01360149184955,1.01360149184955,1.01360149184955,0E-17,ELIGIBLE,R03b_20260811_FULL_v1,L1_ELIGIBILITY,v2026-08-11,2026-03-21..2026-08-06,baccarat_bet02_101_all_pairs_incl_sentinel,round_win = game_pnl > 0 (decisive only),COMPATIBILITY_ONLY_NOT_PRODUCTION,2920.8026,2543.1508,168.4811,168,168,-0.05768316,-0.14713394,0.11067194,-0.05768316,-168.4811,2920.8026,OK,0.0000,6.7392,4.0000,96.0000,AG03-UNRESOLVED,ALL5_LEVELS_bet23_to_bet27,6.7392,6.7392,6.7392,6.7392,6.7392,4.000000,4.000000,4.000000,4.000000,4.000000,96.000000,96.000000,96.000000,96.000000,96.000000,5.0,33.6962,31.1062,134.7849,137.3749,PENDING_AG03,FALSE,NOT_FOR_ENFORCEMENT,161.7419,2441.4248,168.4811,161.7419,6.7392,0.05768316,0.05537583,6.7392,161.7419,0.05537583,6.7392,6.7392,6.7392,6.7392,6.7392,161.7419,0.05537583,33.6962,31.1062,134.7849,137.3749,0.04614653,0.04703327,0.00230733,17.3857,15.1378,1.0029,21.0601,4.2120,365.1003,21.0000,20.2912,13.6950,10.5412,14.3073,20.439,36.2755,40.8781,61.3171,10.5412,0.0,2.857143,4.285714,1.215163,17,45,12,2,0.65303048,0.05768316,0.14713394,0E-8,0.000000,0.870703,0.000000,-0.25780588,2026-04-06,2026-08-01,8,40,35,118,0.067797,1.481651,1.167118,2.176768,,,,,,,,GLOBAL_BASELINE_NO_ENTITY_RANKING,,,NOT_APPLICABLE_GLOBAL_BASELINE,HF9g-P5,,,,X 全窗基线 · 不参与实体赏罚,6874966,688,A168_HF9F_20260827_0900,2026-08-27 09:00:00
2026-07-31,147454877,2267,0,53.7417165023,-53.7417165023,-53.7417165023,0E-7,2,2,0.50665070000000000,0.506650700000,-1.4331513700195317,-1.4331513700195317,-1.4331513700195317,0E-17,ELIGIBLE,R03b_20260811_FULL_v1,L1_ELIGIBILITY,v2026-08-11,2026-03-21..2026-08-06,baccarat_bet02_101_all_pairs_incl_sentinel,round_win = game_pnl > 0 (decisive only),COMPATIBILITY_ONLY_NOT_PRODUCTION,2920.8026,2543.1508,168.4811,168,168,-0.05768316,-0.14713394,0.11067194,-0.05768316,-168.4811,2920.8026,OK,0.0000,6.7392,4.0000,96.0000,AG03-UNRESOLVED,ALL5_LEVELS_bet23_to_bet27,6.7392,6.7392,6.7392,6.7392,6.7392,4.000000,4.000000,4.000000,4.000000,4.000000,96.000000,96.000000,96.000000,96.000000,96.000000,5.0,33.6962,31.1062,134.7849,137.3749,PENDING_AG03,FALSE,NOT_FOR_ENFORCEMENT,161.7419,2441.4248,168.4811,161.7419,6.7392,0.05768316,0.05537583,6.7392,161.7419,0.05537583,6.7392,6.7392,6.7392,6.7392,6.7392,161.7419,0.05537583,33.6962,31.1062,134.7849,137.3749,0.04614653,0.04703327,0.00230733,17.3857,15.1378,1.0029,21.0601,4.2120,365.1003,21.0000,20.2912,13.6950,10.5412,14.3073,20.439,36.2755,40.8781,61.3171,10.5412,0.0,2.857143,4.285714,1.215163,17,45,12,2,0.65303048,0.05768316,0.14713394,0E-8,0.000000,0.870703,0.000000,-0.25780588,2026-04-06,2026-08-01,8,40,35,118,0.067797,1.481651,1.167118,2.176768,,,,,,,,GLOBAL_BASELINE_NO_ENTITY_RANKING,,,NOT_APPLICABLE_GLOBAL_BASELINE,HF9g-P5,,,,X 全窗基线 · 不参与实体赏罚,6874967,688,A168_HF9F_20260827_0900,2026-08-27 09:00:00
2026-08-01,147454877,1325,0,46.4684014870,-22.2240181024,-22.2240181024,0.3333333,3,3,0.49324550000000000,0.493245500000,-0.5540025479526107,-0.5540025479526106,-0.5540025479526107,0E-17,ELIGIBLE,R03b_20260811_FULL_v1,L1_ELIGIBILITY,v2026-08-11,2026-03-21..2026-08-06,baccarat_bet02_101_all_pairs_incl_sentinel,round_win = game_pnl > 0 (decisive only),COMPATIBILITY_ONLY_NOT_PRODUCTION,2920.8026,2543.1508,168.4811,168,168,-0.05768316,-0.14713394,0.11067194,-0.05768316,-168.4811,2920.8026,OK,0.0000,6.7392,4.0000,96.0000,AG03-UNRESOLVED,ALL5_LEVELS_bet23_to_bet27,6.7392,6.7392,6.7392,6.7392,6.7392,4.000000,4.000000,4.000000,4.000000,4.000000,96.000000,96.000000,96.000000,96.000000,96.000000,5.0,33.6962,31.1062,134.7849,137.3749,PENDING_AG03,FALSE,NOT_FOR_ENFORCEMENT,161.7419,2441.4248,168.4811,161.7419,6.7392,0.05768316,0.05537583,6.7392,161.7419,0.05537583,6.7392,6.7392,6.7392,6.7392,6.7392,161.7419,0.05537583,33.6962,31.1062,134.7849,137.3749,0.04614653,0.04703327,0.00230733,17.3857,15.1378,1.0029,21.0601,4.2120,365.1003,21.0000,20.2912,13.6950,10.5412,14.3073,20.439,36.2755,40.8781,61.3171,10.5412,0.0,2.857143,4.285714,1.215163,17,45,12,2,0.65303048,0.05768316,0.14713394,0E-8,0.000000,0.870703,0.000000,-0.25780588,2026-04-06,2026-08-01,8,40,35,118,0.067797,1.481651,1.167118,2.176768,,,,,,,,GLOBAL_BASELINE_NO_ENTITY_RANKING,,,NOT_APPLICABLE_GLOBAL_BASELINE,HF9g-P5,,,,X 全窗基线 · 不参与实体赏罚,6874968,688,A168_HF9F_20260827_0900,2026-08-27 09:00:00
2026-07-02,152410078,-1,1,461.9220864167,-19.4170788543,-19.4170788543,0.5555556,31,9,0.39035433747331032,0.241009751111,1.0159357686591548,2.2063263215986586,1.0159357686591548,0.14934458636231032,SENTINEL_DEALER,R03b_20260811_FULL_v1,L1_ELIGIBILITY,v2026-08-11,2026-03-21..2026-08-06,baccarat_bet02_101_all_pairs_incl_sentinel,round_win = game_pnl > 0 (decisive only),COMPATIBILITY_ONLY_NOT_PRODUCTION,8813.3099,8189.9195,168.4994,725,221,-0.01911874,,-0.01911874,-0.01911874,-168.4994,8813.3099,OK,0.0000,6.7400,4.0000,96.0000,AG03-UNRESOLVED,ALL5_LEVELS_bet23_to_bet27,6.7400,6.7400,6.7400,6.7400,6.7400,4.000000,4.000000,4.000000,4.000000,4.000000,96.000000,96.000000,96.000000,96.000000,96.000000,5.0,33.6999,31.1096,134.7995,137.3898,PENDING_AG03,FALSE,NOT_FOR_ENFORCEMENT,161.7594,7862.3227,168.4994,161.7594,6.7400,0.01911874,0.01835399,6.7400,161.7594,0.01835399,6.7400,6.7400,6.7400,6.7400,6.7400,161.7594,0.01835399,33.6999,31.1096,134.7995,137.3898,0.01529499,0.0155889,0.00076475,12.1563,37.0585,0.7624,168.4994,6.0178,8813.3099,221.0000,,12.1563,4.0878,6.1317,14.0007,36.7903,40.8781,51.0976,4.0878,-4.0878,6.666666,8.333333,1.982529,17,24,1,7,0E-8,0.01911874,,0E-8,0.000000,0.929267,0.000000,,2026-07-02,2026-07-02,1,28,17,1,1.000000,,,0.000000,,,,,,,,GLOBAL_BASELINE_NO_ENTITY_RANKING,,,NOT_APPLICABLE_GLOBAL_BASELINE,HF9g-P5,,,,X 全窗基线 · 不参与实体赏罚,6874969,688,A168_HF9F_20260827_0900,2026-08-27 09:00:00
2026-07-02,152410078,1221,0,6.1317091117,-6.1317091117,-6.1317091117,0E-7,1,1,0.49324550000000000,0.493245500000,-0.9865810262130424,-0.9865810262130424,-0.9865810262130424,0E-17,ELIGIBLE,R03b_20260811_FULL_v1,L1_ELIGIBILITY,v2026-08-11,2026-03-21..2026-08-06,baccarat_bet02_101_all_pairs_incl_sentinel,round_win = game_pnl > 0 (decisive only),COMPATIBILITY_ONLY_NOT_PRODUCTION,8813.3099,8189.9195,168.4994,725,221,-0.01911874,,-0.01911874,-0.01911874,-168.4994,8813.3099,OK,0.0000,6.7400,4.0000,96.0000,AG03-UNRESOLVED,ALL5_LEVELS_bet23_to_bet27,6.7400,6.7400,6.7400,6.7400,6.7400,4.000000,4.000000,4.000000,4.000000,4.000000,96.000000,96.000000,96.000000,96.000000,96.000000,5.0,33.6999,31.1096,134.7995,137.3898,PENDING_AG03,FALSE,NOT_FOR_ENFORCEMENT,161.7594,7862.3227,168.4994,161.7594,6.7400,0.01911874,0.01835399,6.7400,161.7594,0.01835399,6.7400,6.7400,6.7400,6.7400,6.7400,161.7594,0.01835399,33.6999,31.1096,134.7995,137.3898,0.01529499,0.0155889,0.00076475,12.1563,37.0585,0.7624,168.4994,6.0178,8813.3099,221.0000,,12.1563,4.0878,6.1317,14.0007,36.7903,40.8781,51.0976,4.0878,-4.0878,6.666666,8.333333,1.982529,17,24,1,7,0E-8,0.01911874,,0E-8,0.000000,0.929267,0.000000,,2026-07-02,2026-07-02,1,28,17,1,1.000000,,,0.000000,,,,,,,,GLOBAL_BASELINE_NO_ENTITY_RANKING,,,NOT_APPLICABLE_GLOBAL_BASELINE,HF9g-P5,,,,X 全窗基线 · 不参与实体赏罚,6874970,688,A168_HF9F_20260827_0900,2026-08-27 09:00:00
2026-07-02,152410078,1363,0,67.4488002288,0.6131709113,0.6131709113,0.6666667,9,6,0.46554208125054733,0.400287425000,0.9876533862790373,1.3317369576882434,0.9876533862790373,0.06525465625054733,ELIGIBLE,R03b_20260811_FULL_v1,L1_ELIGIBILITY,v2026-08-11,2026-03-21..2026-08-06,baccarat_bet02_101_all_pairs_incl_sentinel,round_win = game_pnl > 0 (decisive only),COMPATIBILITY_ONLY_NOT_PRODUCTION,8813.3099,8189.9195,168.4994,725,221,-0.01911874,,-0.01911874,-0.01911874,-168.4994,8813.3099,OK,0.0000,6.7400,4.0000,96.0000,AG03-UNRESOLVED,ALL5_LEVELS_bet23_to_bet27,6.7400,6.7400,6.7400,6.7400,6.7400,4.000000,4.000000,4.000000,4.000000,4.000000,96.000000,96.000000,96.000000,96.000000,96.000000,5.0,33.6999,31.1096,134.7995,137.3898,PENDING_AG03,FALSE,NOT_FOR_ENFORCEMENT,161.7594,7862.3227,168.4994,161.7594,6.7400,0.01911874,0.01835399,6.7400,161.7594,0.01835399,6.7400,6.7400,6.7400,6.7400,6.7400,161.7594,0.01835399,33.6999,31.1096,134.7995,137.3898,0.01529499,0.0155889,0.00076475,12.1563,37.0585,0.7624,168.4994,6.0178,8813.3099,221.0000,,12.1563,4.0878,6.1317,14.0007,36.7903,40.8781,51.0976,4.0878,-4.0878,6.666666,8.333333,1.982529,17,24,1,7,0E-8,0.01911874,,0E-8,0.000000,0.929267,0.000000,,2026-07-02,2026-07-02,1,28,17,1,1.000000,,,0.000000,,,,,,,,GLOBAL_BASELINE_NO_ENTITY_RANKING,,,NOT_APPLICABLE_GLOBAL_BASELINE,HF9g-P5,,,,X 全窗基线 · 不参与实体赏罚,6874971,688,A168_HF9F_20260827_0900,2026-08-27 09:00:00
2026-07-02,152410078,1399,0,228.9171401711,-3.2702448599,-3.2702448599,0.5000000,17,4,0.35620041681797327,0.180119667500,0.6005719793291322,1.6647987145111072,0.6005719793291322,0.17608074931797327,ELIGIBLE,R03b_20260811_FULL_v1,L1_ELIGIBILITY,v2026-08-11,2026-03-21..2026-08-06,baccarat_bet02_101_all_pairs_incl_sentinel,round_win = game_pnl > 0 (decisive only),COMPATIBILITY_ONLY_NOT_PRODUCTION,8813.3099,8189.9195,168.4994,725,221,-0.01911874,,-0.01911874,-0.01911874,-168.4994,8813.3099,OK,0.0000,6.7400,4.0000,96.0000,AG03-UNRESOLVED,ALL5_LEVELS_bet23_to_bet27,6.7400,6.7400,6.7400,6.7400,6.7400,4.000000,4.000000,4.000000,4.000000,4.000000,96.000000,96.000000,96.000000,96.000000,96.000000,5.0,33.6999,31.1096,134.7995,137.3898,PENDING_AG03,FALSE,NOT_FOR_ENFORCEMENT,161.7594,7862.3227,168.4994,161.7594,6.7400,0.01911874,0.01835399,6.7400,161.7594,0.01835399,6.7400,6.7400,6.7400,6.7400,6.7400,161.7594,0.01835399,33.6999,31.1096,134.7995,137.3898,0.01529499,0.0155889,0.00076475,12.1563,37.0585,0.7624,168.4994,6.0178,8813.3099,221.0000,,12.1563,4.0878,6.1317,14.0007,36.7903,40.8781,51.0976,4.0878,-4.0878,6.666666,8.333333,1.982529,17,24,1,7,0E-8,0.01911874,,0E-8,0.000000,0.929267,0.000000,,2026-07-02,2026-07-02,1,28,17,1,1.000000,,,0.000000,,,,,,,,GLOBAL_BASELINE_NO_ENTITY_RANKING,,,NOT_APPLICABLE_GLOBAL_BASELINE,HF9g-P5,,,,X 全窗基线 · 不参与实体赏罚,6874972,688,A168_HF9F_20260827_0900,2026-08-27 09:00:00
2026-07-02,152410078,1405,0,26.5707394842,-10.6282957937,-10.6282957937,0.3333333,4,3,0.46421632857129589,0.435741850000,-0.45455758535834767,-0.3577199375296409,-0.45455758535834767,0.02847447857129589,ELIGIBLE,R03b_20260811_FULL_v1,L1_ELIGIBILITY,v2026-08-11,2026-03-21..2026-08-06,baccarat_bet02_101_all_pairs_incl_sentinel,round_win = game_pnl > 0 (decisive only),COMPATIBILITY_ONLY_NOT_PRODUCTION,8813.3099,8189.9195,168.4994,725,221,-0.01911874,,-0.01911874,-0.01911874,-168.4994,8813.3099,OK,0.0000,6.7400,4.0000,96.0000,AG03-UNRESOLVED,ALL5_LEVELS_bet23_to_bet27,6.7400,6.7400,6.7400,6.7400,6.7400,4.000000,4.000000,4.000000,4.000000,4.000000,96.000000,96.000000,96.000000,96.000000,96.000000,5.0,33.6999,31.1096,134.7995,137.3898,PENDING_AG03,FALSE,NOT_FOR_ENFORCEMENT,161.7594,7862.3227,168.4994,161.7594,6.7400,0.01911874,0.01835399,6.7400,161.7594,0.01835399,6.7400,6.7400,6.7400,6.7400,6.7400,161.7594,0.01835399,33.6999,31.1096,134.7995,137.3898,0.01529499,0.0155889,0.00076475,12.1563,37.0585,0.7624,168.4994,6.0178,8813.3099,221.0000,,12.1563,4.0878,6.1317,14.0007,36.7903,40.8781,51.0976,4.0878,-4.0878,6.666666,8.333333,1.982529,17,24,1,7,0E-8,0.01911874,,0E-8,0.000000,0.929267,0.000000,,2026-07-02,2026-07-02,1,28,17,1,1.000000,,,0.000000,,,,,,,,GLOBAL_BASELINE_NO_ENTITY_RANKING,,,NOT_APPLICABLE_GLOBAL_BASELINE,HF9g-P5,,,,X 全窗基线 · 不参与实体赏罚,6874973,688,A168_HF9F_20260827_0900,2026-08-27 09:00:00
2026-07-02,152410078,1490,0,28.6146425214,-28.6146425214,-28.6146425214,0E-7,1,1,0.49324550000000000,0.493245500000,-0.9865810262130424,-0.9865810262130424,-0.9865810262130424,0E-17,ELIGIBLE,R03b_20260811_FULL_v1,L1_ELIGIBILITY,v2026-08-11,2026-03-21..2026-08-06,baccarat_bet02_101_all_pairs_incl_sentinel,round_win = game_pnl > 0 (decisive only),COMPATIBILITY_ONLY_NOT_PRODUCTION,8813.3099,8189.9195,168.4994,725,221,-0.01911874,,-0.01911874,-0.01911874,-168.4994,8813.3099,OK,0.0000,6.7400,4.0000,96.0000,AG03-UNRESOLVED,ALL5_LEVELS_bet23_to_bet27,6.7400,6.7400,6.7400,6.7400,6.7400,4.000000,4.000000,4.000000,4.000000,4.000000,96.000000,96.000000,96.000000,96.000000,96.000000,5.0,33.6999,31.1096,134.7995,137.3898,PENDING_AG03,FALSE,NOT_FOR_ENFORCEMENT,161.7594,7862.3227,168.4994,161.7594,6.7400,0.01911874,0.01835399,6.7400,161.7594,0.01835399,6.7400,6.7400,6.7400,6.7400,6.7400,161.7594,0.01835399,33.6999,31.1096,134.7995,137.3898,0.01529499,0.0155889,0.00076475,12.1563,37.0585,0.7624,168.4994,6.0178,8813.3099,221.0000,,12.1563,4.0878,6.1317,14.0007,36.7903,40.8781,51.0976,4.0878,-4.0878,6.666666,8.333333,1.982529,17,24,1,7,0E-8,0.01911874,,0E-8,0.000000,0.929267,0.000000,,2026-07-02,2026-07-02,1,28,17,1,1.000000,,,0.000000,,,,,,,,GLOBAL_BASELINE_NO_ENTITY_RANKING,,,NOT_APPLICABLE_GLOBAL_BASELINE,HF9g-P5,,,,X 全窗基线 · 不参与实体赏罚,6874974,688,A168_HF9F_20260827_0900,2026-08-27 09:00:00
2026-07-02,152410078,1509,0,151.2488247553,-26.4685443319,-26.4685443319,0.6666667,26,9,0.38606994035356729,0.247825838889,1.7290653640846874,2.9103000470066616,1.7290653640846874,0.13824410146456729,ELIGIBLE,R03b_20260811_FULL_v1,L1_ELIGIBILITY,v2026-08-11,2026-03-21..2026-08-06,baccarat_bet02_101_all_pairs_incl_sentinel,round_win = game_pnl > 0 (decisive only),COMPATIBILITY_ONLY_NOT_PRODUCTION,8813.3099,8189.9195,168.4994,725,221,-0.01911874,,-0.01911874,-0.01911874,-168.4994,8813.3099,OK,0.0000,6.7400,4.0000,96.0000,AG03-UNRESOLVED,ALL5_LEVELS_bet23_to_bet27,6.7400,6.7400,6.7400,6.7400,6.7400,4.000000,4.000000,4.000000,4.000000,4.000000,96.000000,96.000000,96.000000,96.000000,96.000000,5.0,33.6999,31.1096,134.7995,137.3898,PENDING_AG03,FALSE,NOT_FOR_ENFORCEMENT,161.7594,7862.3227,168.4994,161.7594,6.7400,0.01911874,0.01835399,6.7400,161.7594,0.01835399,6.7400,6.7400,6.7400,6.7400,6.7400,161.7594,0.01835399,33.6999,31.1096,134.7995,137.3898,0.01529499,0.0155889,0.00076475,12.1563,37.0585,0.7624,168.4994,6.0178,8813.3099,221.0000,,12.1563,4.0878,6.1317,14.0007,36.7903,40.8781,51.0976,4.0878,-4.0878,6.666666,8.333333,1.982529,17,24,1,7,0E-8,0.01911874,,0E-8,0.000000,0.929267,0.000000,,2026-07-02,2026-07-02,1,28,17,1,1.000000,,,0.000000,,,,,,,,GLOBAL_BASELINE_NO_ENTITY_RANKING,,,NOT_APPLICABLE_GLOBAL_BASELINE,HF9g-P5,,,,X 全窗基线 · 不参与实体赏罚,6874975,688,A168_HF9F_20260827_0900,2026-08-27 09:00:00
2026-07-02,152410078,1934,0,171.6878551282,92.7931978906,92.7931978906,0.8000000,7,5,0.46728565357142940,0.418879040000,1.491138933261772,1.7273098562297708,1.491138933261772,0.04840661357142940,ELIGIBLE,R03b_20260811_FULL_v1,L1_ELIGIBILITY,v2026-08-11,2026-03-21..2026-08-06,baccarat_bet02_101_all_pairs_incl_sentinel,round_win = game_pnl > 0 (decisive only),COMPATIBILITY_ONLY_NOT_PRODUCTION,8813.3099,8189.9195,168.4994,725,221,-0.01911874,,-0.01911874,-0.01911874,-168.4994,8813.3099,OK,0.0000,6.7400,4.0000,96.0000,AG03-UNRESOLVED,ALL5_LEVELS_bet23_to_bet27,6.7400,6.7400,6.7400,6.7400,6.7400,4.000000,4.000000,4.000000,4.000000,4.000000,96.000000,96.000000,96.000000,96.000000,96.000000,5.0,33.6999,31.1096,134.7995,137.3898,PENDING_AG03,FALSE,NOT_FOR_ENFORCEMENT,161.7594,7862.3227,168.4994,161.7594,6.7400,0.01911874,0.01835399,6.7400,161.7594,0.01835399,6.7400,6.7400,6.7400,6.7400,6.7400,161.7594,0.01835399,33.6999,31.1096,134.7995,137.3898,0.01529499,0.0155889,0.00076475,12.1563,37.0585,0.7624,168.4994,6.0178,8813.3099,221.0000,,12.1563,4.0878,6.1317,14.0007,36.7903,40.8781,51.0976,4.0878,-4.0878,6.666666,8.333333,1.982529,17,24,1,7,0E-8,0.01911874,,0E-8,0.000000,0.929267,0.000000,,2026-07-02,2026-07-02,1,28,17,1,1.000000,,,0.000000,,,,,,,,GLOBAL_BASELINE_NO_ENTITY_RANKING,,,NOT_APPLICABLE_GLOBAL_BASELINE,HF9g-P5,,,,X 全窗基线 · 不参与实体赏罚,6874976,688,A168_HF9F_20260827_0900,2026-08-27 09:00:00
2026-07-02,152410078,2101,0,425.1318317459,-240.1586068757,-240.1586068757,0.3333333,35,10,0.36230406174939852,0.228847005000,-0.18081616036854076,0.7461700816791275,-0.18081616036854076,0.13345705674939852,ELIGIBLE,R03b_20260811_FULL_v1,L1_ELIGIBILITY,v2026-08-11,2026-03-21..2026-08-06,baccarat_bet02_101_all_pairs_incl_sentinel,round_win = game_pnl > 0 (decisive only),COMPATIBILITY_ONLY_NOT_PRODUCTION,8813.3099,8189.9195,168.4994,725,221,-0.01911874,,-0.01911874,-0.01911874,-168.4994,8813.3099,OK,0.0000,6.7400,4.0000,96.0000,AG03-UNRESOLVED,ALL5_LEVELS_bet23_to_bet27,6.7400,6.7400,6.7400,6.7400,6.7400,4.000000,4.000000,4.000000,4.000000,4.000000,96.000000,96.000000,96.000000,96.000000,96.000000,5.0,33.6999,31.1096,134.7995,137.3898,PENDING_AG03,FALSE,NOT_FOR_ENFORCEMENT,161.7594,7862.3227,168.4994,161.7594,6.7400,0.01911874,0.01835399,6.7400,161.7594,0.01835399,6.7400,6.7400,6.7400,6.7400,6.7400,161.7594,0.01835399,33.6999,31.1096,134.7995,137.3898,0.01529499,0.0155889,0.00076475,12.1563,37.0585,0.7624,168.4994,6.0178,8813.3099,221.0000,,12.1563,4.0878,6.1317,14.0007,36.7903,40.8781,51.0976,4.0878,-4.0878,6.666666,8.333333,1.982529,17,24,1,7,0E-8,0.01911874,,0E-8,0.000000,0.929267,0.000000,,2026-07-02,2026-07-02,1,28,17,1,1.000000,,,0.000000,,,,,,,,GLOBAL_BASELINE_NO_ENTITY_RANKING,,,NOT_APPLICABLE_GLOBAL_BASELINE,HF9g-P5,,,,X 全窗基线 · 不参与实体赏罚,6874977,688,A168_HF9F_20260827_0900,2026-08-27 09:00:00
2026-07-02,152410078,2103,0,1481.8297019993,197.5432285484,197.5432285484,0.7380952,143,42,0.38303408648154648,0.236729040238,4.733457753207627,7.643892266229942,4.733457753207627,0.14630504624354648,ELIGIBLE,R03b_20260811_FULL_v1,L1_ELIGIBILITY,v2026-08-11,2026-03-21..2026-08-06,baccarat_bet02_101_all_pairs_incl_sentinel,round_win = game_pnl > 0 (decisive only),COMPATIBILITY_ONLY_NOT_PRODUCTION,8813.3099,8189.9195,168.4994,725,221,-0.01911874,,-0.01911874,-0.01911874,-168.4994,8813.3099,OK,0.0000,6.7400,4.0000,96.0000,AG03-UNRESOLVED,ALL5_LEVELS_bet23_to_bet27,6.7400,6.7400,6.7400,6.7400,6.7400,4.000000,4.000000,4.000000,4.000000,4.000000,96.000000,96.000000,96.000000,96.000000,96.000000,5.0,33.6999,31.1096,134.7995,137.3898,PENDING_AG03,FALSE,NOT_FOR_ENFORCEMENT,161.7594,7862.3227,168.4994,161.7594,6.7400,0.01911874,0.01835399,6.7400,161.7594,0.01835399,6.7400,6.7400,6.7400,6.7400,6.7400,161.7594,0.01835399,33.6999,31.1096,134.7995,137.3898,0.01529499,0.0155889,0.00076475,12.1563,37.0585,0.7624,168.4994,6.0178,8813.3099,221.0000,,12.1563,4.0878,6.1317,14.0007,36.7903,40.8781,51.0976,4.0878,-4.0878,6.666666,8.333333,1.982529,17,24,1,7,0E-8,0.01911874,,0E-8,0.000000,0.929267,0.000000,,2026-07-02,2026-07-02,1,28,17,1,1.000000,,,0.000000,,,,,,,,GLOBAL_BASELINE_NO_ENTITY_RANKING,,,NOT_APPLICABLE_GLOBAL_BASELINE,HF9g-P5,,,,X 全窗基线 · 不参与实体赏罚,6874978,688,A168_HF9F_20260827_0900,2026-08-27 09:00:00
2026-07-02,152410078,2169,0,1269.2637861278,274.8027633559,274.8027633559,0.7391304,90,23,0.36216877725112554,0.191554076087,3.761427588530022,6.673250392872634,3.761427588530022,0.17061470116412554,ELIGIBLE,R03b_20260811_FULL_v1,L1_ELIGIBILITY,v2026-08-11,2026-03-21..2026-08-06,baccarat_bet02_101_all_pairs_incl_sentinel,round_win = game_pnl > 0 (decisive only),COMPATIBILITY_ONLY_NOT_PRODUCTION,8813.3099,8189.9195,168.4994,725,221,-0.01911874,,-0.01911874,-0.01911874,-168.4994,8813.3099,OK,0.0000,6.7400,4.0000,96.0000,AG03-UNRESOLVED,ALL5_LEVELS_bet23_to_bet27,6.7400,6.7400,6.7400,6.7400,6.7400,4.000000,4.000000,4.000000,4.000000,4.000000,96.000000,96.000000,96.000000,96.000000,96.000000,5.0,33.6999,31.1096,134.7995,137.3898,PENDING_AG03,FALSE,NOT_FOR_ENFORCEMENT,161.7594,7862.3227,168.4994,161.7594,6.7400,0.01911874,0.01835399,6.7400,161.7594,0.01835399,6.7400,6.7400,6.7400,6.7400,6.7400,161.7594,0.01835399,33.6999,31.1096,134.7995,137.3898,0.01529499,0.0155889,0.00076475,12.1563,37.0585,0.7624,168.4994,6.0178,8813.3099,221.0000,,12.1563,4.0878,6.1317,14.0007,36.7903,40.8781,51.0976,4.0878,-4.0878,6.666666,8.333333,1.982529,17,24,1,7,0E-8,0.01911874,,0E-8,0.000000,0.929267,0.000000,,2026-07-02,2026-07-02,1,28,17,1,1.000000,,,0.000000,,,,,,,,GLOBAL_BASELINE_NO_ENTITY_RANKING,,,NOT_APPLICABLE_GLOBAL_BASELINE,HF9g-P5,,,,X 全窗基线 · 不参与实体赏罚,6874979,688,A168_HF9F_20260827_0900,2026-08-27 09:00:00
2026-07-02,152410078,2170,0,69.4927032662,-69.4927032662,-69.4927032662,0E-7,4,1,0.38311844117653024,0.187662550000,-0.7880715233254886,-0.48064072822218945,-0.7880715233254886,0.19545589117653024,ELIGIBLE,R03b_20260811_FULL_v1,L1_ELIGIBILITY,v2026-08-11,2026-03-21..2026-08-06,baccarat_bet02_101_all_pairs_incl_sentinel,round_win = game_pnl > 0 (decisive only),COMPATIBILITY_ONLY_NOT_PRODUCTION,8813.3099,8189.9195,168.4994,725,221,-0.01911874,,-0.01911874,-0.01911874,-168.4994,8813.3099,OK,0.0000,6.7400,4.0000,96.0000,AG03-UNRESOLVED,ALL5_LEVELS_bet23_to_bet27,6.7400,6.7400,6.7400,6.7400,6.7400,4.000000,4.000000,4.000000,4.000000,4.000000,96.000000,96.000000,96.000000,96.000000,96.000000,5.0,33.6999,31.1096,134.7995,137.3898,PENDING_AG03,FALSE,NOT_FOR_ENFORCEMENT,161.7594,7862.3227,168.4994,161.7594,6.7400,0.01911874,0.01835399,6.7400,161.7594,0.01835399,6.7400,6.7400,6.7400,6.7400,6.7400,161.7594,0.01835399,33.6999,31.1096,134.7995,137.3898,0.01529499,0.0155889,0.00076475,12.1563,37.0585,0.7624,168.4994,6.0178,8813.3099,221.0000,,12.1563,4.0878,6.1317,14.0007,36.7903,40.8781,51.0976,4.0878,-4.0878,6.666666,8.333333,1.982529,17,24,1,7,0E-8,0.01911874,,0E-8,0.000000,0.929267,0.000000,,2026-07-02,2026-07-02,1,28,17,1,1.000000,,,0.000000,,,,,,,,GLOBAL_BASELINE_NO_ENTITY_RANKING,,,NOT_APPLICABLE_GLOBAL_BASELINE,HF9g-P5,,,,X 全窗基线 · 不参与实体赏罚,6874980,688,A168_HF9F_20260827_0900,2026-08-27 09:00:00
2026-07-02,152410078,2174,0,596.4109062666,3.6994644972,3.6994644972,0.6500000,61,20,0.38312754532794031,0.258638069167,2.454987982312552,3.996982166597191,2.454987982312552,0.12448947616094031,ELIGIBLE,R03b_20260811_FULL_v1,L1_ELIGIBILITY,v2026-08-11,2026-03-21..2026-08-06,baccarat_bet02_101_all_pairs_incl_sentinel,round_win = game_pnl > 0 (decisive only),COMPATIBILITY_ONLY_NOT_PRODUCTION,8813.3099,8189.9195,168.4994,725,221,-0.01911874,,-0.01911874,-0.01911874,-168.4994,8813.3099,OK,0.0000,6.7400,4.0000,96.0000,AG03-UNRESOLVED,ALL5_LEVELS_bet23_to_bet27,6.7400,6.7400,6.7400,6.7400,6.7400,4.000000,4.000000,4.000000,4.000000,4.000000,96.000000,96.000000,96.000000,96.000000,96.000000,5.0,33.6999,31.1096,134.7995,137.3898,PENDING_AG03,FALSE,NOT_FOR_ENFORCEMENT,161.7594,7862.3227,168.4994,161.7594,6.7400,0.01911874,0.01835399,6.7400,161.7594,0.01835399,6.7400,6.7400,6.7400,6.7400,6.7400,161.7594,0.01835399,33.6999,31.1096,134.7995,137.3898,0.01529499,0.0155889,0.00076475,12.1563,37.0585,0.7624,168.4994,6.0178,8813.3099,221.0000,,12.1563,4.0878,6.1317,14.0007,36.7903,40.8781,51.0976,4.0878,-4.0878,6.666666,8.333333,1.982529,17,24,1,7,0E-8,0.01911874,,0E-8,0.000000,0.929267,0.000000,,2026-07-02,2026-07-02,1,28,17,1,1.000000,,,0.000000,,,,,,,,GLOBAL_BASELINE_NO_ENTITY_RANKING,,,NOT_APPLICABLE_GLOBAL_BASELINE,HF9g-P5,,,,X 全窗基线 · 不参与实体赏罚,6874981,688,A168_HF9F_20260827_0900,2026-08-27 09:00:00
2026-07-02,152410078,2223,0,762.3758328907,-118.4441810082,-118.4441810082,0.5000000,79,20,0.37779717754037639,0.200131999833,1.127199770287551,3.3517968796667894,1.127199770287551,0.17766517770737639,ELIGIBLE,R03b_20260811_FULL_v1,L1_ELIGIBILITY,v2026-08-11,2026-03-21..2026-08-06,baccarat_bet02_101_all_pairs_incl_sentinel,round_win = game_pnl > 0 (decisive only),COMPATIBILITY_ONLY_NOT_PRODUCTION,8813.3099,8189.9195,168.4994,725,221,-0.01911874,,-0.01911874,-0.01911874,-168.4994,8813.3099,OK,0.0000,6.7400,4.0000,96.0000,AG03-UNRESOLVED,ALL5_LEVELS_bet23_to_bet27,6.7400,6.7400,6.7400,6.7400,6.7400,4.000000,4.000000,4.000000,4.000000,4.000000,96.000000,96.000000,96.000000,96.000000,96.000000,5.0,33.6999,31.1096,134.7995,137.3898,PENDING_AG03,FALSE,NOT_FOR_ENFORCEMENT,161.7594,7862.3227,168.4994,161.7594,6.7400,0.01911874,0.01835399,6.7400,161.7594,0.01835399,6.7400,6.7400,6.7400,6.7400,6.7400,161.7594,0.01835399,33.6999,31.1096,134.7995,137.3898,0.01529499,0.0155889,0.00076475,12.1563,37.0585,0.7624,168.4994,6.0178,8813.3099,221.0000,,12.1563,4.0878,6.1317,14.0007,36.7903,40.8781,51.0976,4.0878,-4.0878,6.666666,8.333333,1.982529,17,24,1,7,0E-8,0.01911874,,0E-8,0.000000,0.929267,0.000000,,2026-07-02,2026-07-02,1,28,17,1,1.000000,,,0.000000,,,,,,,,GLOBAL_BASELINE_NO_ENTITY_RANKING,,,NOT_APPLICABLE_GLOBAL_BASELINE,HF9g-P5,,,,X 全窗基线 · 不参与实体赏罚,6874982,688,A168_HF9F_20260827_0900,2026-08-27 09:00:00
2026-07-02,152410078,2224,0,359.7269345546,-17.3731758167,-17.3731758167,0.3333333,27,6,0.34623723981836673,0.174181248333,-0.06643544593997774,1.0278858518345904,-0.06643544593997774,0.17205599148536673,ELIGIBLE,R03b_20260811_FULL_v1,L1_ELIGIBILITY,v2026-08-11,2026-03-21..2026-08-06,baccarat_bet02_101_all_pairs_incl_sentinel,round_win = game_pnl > 0 (decisive only),COMPATIBILITY_ONLY_NOT_PRODUCTION,8813.3099,8189.9195,168.4994,725,221,-0.01911874,,-0.01911874,-0.01911874,-168.4994,8813.3099,OK,0.0000,6.7400,4.0000,96.0000,AG03-UNRESOLVED,ALL5_LEVELS_bet23_to_bet27,6.7400,6.7400,6.7400,6.7400,6.7400,4.000000,4.000000,4.000000,4.000000,4.000000,96.000000,96.000000,96.000000,96.000000,96.000000,5.0,33.6999,31.1096,134.7995,137.3898,PENDING_AG03,FALSE,NOT_FOR_ENFORCEMENT,161.7594,7862.3227,168.4994,161.7594,6.7400,0.01911874,0.01835399,6.7400,161.7594,0.01835399,6.7400,6.7400,6.7400,6.7400,6.7400,161.7594,0.01835399,33.6999,31.1096,134.7995,137.3898,0.01529499,0.0155889,0.00076475,12.1563,37.0585,0.7624,168.4994,6.0178,8813.3099,221.0000,,12.1563,4.0878,6.1317,14.0007,36.7903,40.8781,51.0976,4.0878,-4.0878,6.666666,8.333333,1.982529,17,24,1,7,0E-8,0.01911874,,0E-8,0.000000,0.929267,0.000000,,2026-07-02,2026-07-02,1,28,17,1,1.000000,,,0.000000,,,,,,,,GLOBAL_BASELINE_NO_ENTITY_RANKING,,,NOT_APPLICABLE_GLOBAL_BASELINE,HF9g-P5,,,,X 全窗基线 · 不参与实体赏罚,6874983,688,A168_HF9F_20260827_0900,2026-08-27 09:00:00
2026-07-02,152410078,2229,0,36.7902546704,-20.8478109799,-20.8478109799,0.5000000,5,2,0.41168117142826296,0.345480975000,0.25379404154586843,0.45954045645417513,0.25379404154586843,0.06620019642826296,ELIGIBLE,R03b_20260811_FULL_v1,L1_ELIGIBILITY,v2026-08-11,2026-03-21..2026-08-06,baccarat_bet02_101_all_pairs_incl_sentinel,round_win = game_pnl > 0 (decisive only),COMPATIBILITY_ONLY_NOT_PRODUCTION,8813.3099,8189.9195,168.4994,725,221,-0.01911874,,-0.01911874,-0.01911874,-168.4994,8813.3099,OK,0.0000,6.7400,4.0000,96.0000,AG03-UNRESOLVED,ALL5_LEVELS_bet23_to_bet27,6.7400,6.7400,6.7400,6.7400,6.7400,4.000000,4.000000,4.000000,4.000000,4.000000,96.000000,96.000000,96.000000,96.000000,96.000000,5.0,33.6999,31.1096,134.7995,137.3898,PENDING_AG03,FALSE,NOT_FOR_ENFORCEMENT,161.7594,7862.3227,168.4994,161.7594,6.7400,0.01911874,0.01835399,6.7400,161.7594,0.01835399,6.7400,6.7400,6.7400,6.7400,6.7400,161.7594,0.01835399,33.6999,31.1096,134.7995,137.3898,0.01529499,0.0155889,0.00076475,12.1563,37.0585,0.7624,168.4994,6.0178,8813.3099,221.0000,,12.1563,4.0878,6.1317,14.0007,36.7903,40.8781,51.0976,4.0878,-4.0878,6.666666,8.333333,1.982529,17,24,1,7,0E-8,0.01911874,,0E-8,0.000000,0.929267,0.000000,,2026-07-02,2026-07-02,1,28,17,1,1.000000,,,0.000000,,,,,,,,GLOBAL_BASELINE_NO_ENTITY_RANKING,,,NOT_APPLICABLE_GLOBAL_BASELINE,HF9g-P5,,,,X 全窗基线 · 不参与实体赏罚,6874984,688,A168_HF9F_20260827_0900,2026-08-27 09:00:00
2026-07-02,152410078,2235,0,568.2050443530,100.6622245838,100.6622245838,0.7777778,34,9,0.37805804182189584,0.199097027778,2.472991809332126,4.347483569466544,2.472991809332126,0.17896101404389584,ELIGIBLE,R03b_20260811_FULL_v1,L1_ELIGIBILITY,v2026-08-11,2026-03-21..2026-08-06,baccarat_bet02_101_all_pairs_incl_sentinel,round_win = game_pnl > 0 (decisive only),COMPATIBILITY_ONLY_NOT_PRODUCTION,8813.3099,8189.9195,168.4994,725,221,-0.01911874,,-0.01911874,-0.01911874,-168.4994,8813.3099,OK,0.0000,6.7400,4.0000,96.0000,AG03-UNRESOLVED,ALL5_LEVELS_bet23_to_bet27,6.7400,6.7400,6.7400,6.7400,6.7400,4.000000,4.000000,4.000000,4.000000,4.000000,96.000000,96.000000,96.000000,96.000000,96.000000,5.0,33.6999,31.1096,134.7995,137.3898,PENDING_AG03,FALSE,NOT_FOR_ENFORCEMENT,161.7594,7862.3227,168.4994,161.7594,6.7400,0.01911874,0.01835399,6.7400,161.7594,0.01835399,6.7400,6.7400,6.7400,6.7400,6.7400,161.7594,0.01835399,33.6999,31.1096,134.7995,137.3898,0.01529499,0.0155889,0.00076475,12.1563,37.0585,0.7624,168.4994,6.0178,8813.3099,221.0000,,12.1563,4.0878,6.1317,14.0007,36.7903,40.8781,51.0976,4.0878,-4.0878,6.666666,8.333333,1.982529,17,24,1,7,0E-8,0.01911874,,0E-8,0.000000,0.929267,0.000000,,2026-07-02,2026-07-02,1,28,17,1,1.000000,,,0.000000,,,,,,,,GLOBAL_BASELINE_NO_ENTITY_RANKING,,,NOT_APPLICABLE_GLOBAL_BASELINE,HF9g-P5,,,,X 全窗基线 · 不参与实体赏罚,6874985,688,A168_HF9F_20260827_0900,2026-08-27 09:00:00
2026-07-02,152410078,2237,0,34.7463516329,-22.7895188651,-22.7895188651,0.2500000,8,4,0.42856286875116851,0.333306375000,-0.7216550441897789,-0.35344616296123355,-0.7216550441897789,0.09525649375116851,ELIGIBLE,R03b_20260811_FULL_v1,L1_ELIGIBILITY,v2026-08-11,2026-03-21..2026-08-06,baccarat_bet02_101_all_pairs_incl_sentinel,round_win = game_pnl > 0 (decisive only),COMPATIBILITY_ONLY_NOT_PRODUCTION,8813.3099,8189.9195,168.4994,725,221,-0.01911874,,-0.01911874,-0.01911874,-168.4994,8813.3099,OK,0.0000,6.7400,4.0000,96.0000,AG03-UNRESOLVED,ALL5_LEVELS_bet23_to_bet27,6.7400,6.7400,6.7400,6.7400,6.7400,4.000000,4.000000,4.000000,4.000000,4.000000,96.000000,96.000000,96.000000,96.000000,96.000000,5.0,33.6999,31.1096,134.7995,137.3898,PENDING_AG03,FALSE,NOT_FOR_ENFORCEMENT,161.7594,7862.3227,168.4994,161.7594,6.7400,0.01911874,0.01835399,6.7400,161.7594,0.01835399,6.7400,6.7400,6.7400,6.7400,6.7400,161.7594,0.01835399,33.6999,31.1096,134.7995,137.3898,0.01529499,0.0155889,0.00076475,12.1563,37.0585,0.7624,168.4994,6.0178,8813.3099,221.0000,,12.1563,4.0878,6.1317,14.0007,36.7903,40.8781,51.0976,4.0878,-4.0878,6.666666,8.333333,1.982529,17,24,1,7,0E-8,0.01911874,,0E-8,0.000000,0.929267,0.000000,,2026-07-02,2026-07-02,1,28,17,1,1.000000,,,0.000000,,,,,,,,GLOBAL_BASELINE_NO_ENTITY_RANKING,,,NOT_APPLICABLE_GLOBAL_BASELINE,HF9g-P5,,,,X 全窗基线 · 不参与实体赏罚,6874986,688,A168_HF9F_20260827_0900,2026-08-27 09:00:00
2026-07-02,152410078,2258,0,235.0488492828,-55.6963577650,-55.6963577650,0.6666667,12,3,0.36142619753944401,0.187662550000,1.1004932334579156,2.1249211973513655,1.1004932334579156,0.17376364753944401,ELIGIBLE,R03b_20260811_FULL_v1,L1_ELIGIBILITY,v2026-08-11,2026-03-21..2026-08-06,baccarat_bet02_101_all_pairs_incl_sentinel,round_win = game_pnl > 0 (decisive only),COMPATIBILITY_ONLY_NOT_PRODUCTION,8813.3099,8189.9195,168.4994,725,221,-0.01911874,,-0.01911874,-0.01911874,-168.4994,8813.3099,OK,0.0000,6.7400,4.0000,96.0000,AG03-UNRESOLVED,ALL5_LEVELS_bet23_to_bet27,6.7400,6.7400,6.7400,6.7400,6.7400,4.000000,4.000000,4.000000,4.000000,4.000000,96.000000,96.000000,96.000000,96.000000,96.000000,5.0,33.6999,31.1096,134.7995,137.3898,PENDING_AG03,FALSE,NOT_FOR_ENFORCEMENT,161.7594,7862.3227,168.4994,161.7594,6.7400,0.01911874,0.01835399,6.7400,161.7594,0.01835399,6.7400,6.7400,6.7400,6.7400,6.7400,161.7594,0.01835399,33.6999,31.1096,134.7995,137.3898,0.01529499,0.0155889,0.00076475,12.1563,37.0585,0.7624,168.4994,6.0178,8813.3099,221.0000,,12.1563,4.0878,6.1317,14.0007,36.7903,40.8781,51.0976,4.0878,-4.0878,6.666666,8.333333,1.982529,17,24,1,7,0E-8,0.01911874,,0E-8,0.000000,0.929267,0.000000,,2026-07-02,2026-07-02,1,28,17,1,1.000000,,,0.000000,,,,,,,,GLOBAL_BASELINE_NO_ENTITY_RANKING,,,NOT_APPLICABLE_GLOBAL_BASELINE,HF9g-P5,,,,X 全窗基线 · 不参与实体赏罚,6874987,688,A168_HF9F_20260827_0900,2026-08-27 09:00:00
2026-07-02,152410078,2267,0,59.2731880798,30.0453746476,30.0453746476,0.7142857,13,7,0.42503921785812539,0.367039900000,1.5480447610828572,1.9060804782185539,1.5480447610828572,0.05799931785812539,ELIGIBLE,R03b_20260811_FULL_v1,L1_ELIGIBILITY,v2026-08-11,2026-03-21..2026-08-06,baccarat_bet02_101_all_pairs_incl_sentinel,round_win = game_pnl > 0 (decisive only),COMPATIBILITY_ONLY_NOT_PRODUCTION,8813.3099,8189.9195,168.4994,725,221,-0.01911874,,-0.01911874,-0.01911874,-168.4994,8813.3099,OK,0.0000,6.7400,4.0000,96.0000,AG03-UNRESOLVED,ALL5_LEVELS_bet23_to_bet27,6.7400,6.7400,6.7400,6.7400,6.7400,4.000000,4.000000,4.000000,4.000000,4.000000,96.000000,96.000000,96.000000,96.000000,96.000000,5.0,33.6999,31.1096,134.7995,137.3898,PENDING_AG03,FALSE,NOT_FOR_ENFORCEMENT,161.7594,7862.3227,168.4994,161.7594,6.7400,0.01911874,0.01835399,6.7400,161.7594,0.01835399,6.7400,6.7400,6.7400,6.7400,6.7400,161.7594,0.01835399,33.6999,31.1096,134.7995,137.3898,0.01529499,0.0155889,0.00076475,12.1563,37.0585,0.7624,168.4994,6.0178,8813.3099,221.0000,,12.1563,4.0878,6.1317,14.0007,36.7903,40.8781,51.0976,4.0878,-4.0878,6.666666,8.333333,1.982529,17,24,1,7,0E-8,0.01911874,,0E-8,0.000000,0.929267,0.000000,,2026-07-02,2026-07-02,1,28,17,1,1.000000,,,0.000000,,,,,,,,GLOBAL_BASELINE_NO_ENTITY_RANKING,,,NOT_APPLICABLE_GLOBAL_BASELINE,HF9g-P5,,,,X 全窗基线 · 不参与实体赏罚,6874988,688,A168_HF9F_20260827_0900,2026-08-27 09:00:00
2026-07-02,152410078,2278,0,80.1209990599,-80.1209990599,-80.1209990599,0E-7,5,2,0.41110596842097474,0.340454025000,-1.1816076999365839,-1.0160654808023453,-1.1816076999365839,0.07065194342097474,ELIGIBLE,R03b_20260811_FULL_v1,L1_ELIGIBILITY,v2026-08-11,2026-03-21..2026-08-06,baccarat_bet02_101_all_pairs_incl_sentinel,round_win = game_pnl > 0 (decisive only),COMPATIBILITY_ONLY_NOT_PRODUCTION,8813.3099,8189.9195,168.4994,725,221,-0.01911874,,-0.01911874,-0.01911874,-168.4994,8813.3099,OK,0.0000,6.7400,4.0000,96.0000,AG03-UNRESOLVED,ALL5_LEVELS_bet23_to_bet27,6.7400,6.7400,6.7400,6.7400,6.7400,4.000000,4.000000,4.000000,4.000000,4.000000,96.000000,96.000000,96.000000,96.000000,96.000000,5.0,33.6999,31.1096,134.7995,137.3898,PENDING_AG03,FALSE,NOT_FOR_ENFORCEMENT,161.7594,7862.3227,168.4994,161.7594,6.7400,0.01911874,0.01835399,6.7400,161.7594,0.01835399,6.7400,6.7400,6.7400,6.7400,6.7400,161.7594,0.01835399,33.6999,31.1096,134.7995,137.3898,0.01529499,0.0155889,0.00076475,12.1563,37.0585,0.7624,168.4994,6.0178,8813.3099,221.0000,,12.1563,4.0878,6.1317,14.0007,36.7903,40.8781,51.0976,4.0878,-4.0878,6.666666,8.333333,1.982529,17,24,1,7,0E-8,0.01911874,,0E-8,0.000000,0.929267,0.000000,,2026-07-02,2026-07-02,1,28,17,1,1.000000,,,0.000000,,,,,,,,GLOBAL_BASELINE_NO_ENTITY_RANKING,,,NOT_APPLICABLE_GLOBAL_BASELINE,HF9g-P5,,,,X 全窗基线 · 不参与实体赏罚,6874989,688,A168_HF9F_20260827_0900,2026-08-27 09:00:00
2026-07-02,152410078,772,0,53.1414789683,-29.2278134326,-29.2278134326,0.2500000,4,4,0.50329940000000000,0.503299400000,-1.013219660140378,-1.013219660140378,-1.013219660140378,0E-17,ELIGIBLE,R03b_20260811_FULL_v1,L1_ELIGIBILITY,v2026-08-11,2026-03-21..2026-08-06,baccarat_bet02_101_all_pairs_incl_sentinel,round_win = game_pnl > 0 (decisive only),COMPATIBILITY_ONLY_NOT_PRODUCTION,8813.3099,8189.9195,168.4994,725,221,-0.01911874,,-0.01911874,-0.01911874,-168.4994,8813.3099,OK,0.0000,6.7400,4.0000,96.0000,AG03-UNRESOLVED,ALL5_LEVELS_bet23_to_bet27,6.7400,6.7400,6.7400,6.7400,6.7400,4.000000,4.000000,4.000000,4.000000,4.000000,96.000000,96.000000,96.000000,96.000000,96.000000,5.0,33.6999,31.1096,134.7995,137.3898,PENDING_AG03,FALSE,NOT_FOR_ENFORCEMENT,161.7594,7862.3227,168.4994,161.7594,6.7400,0.01911874,0.01835399,6.7400,161.7594,0.01835399,6.7400,6.7400,6.7400,6.7400,6.7400,161.7594,0.01835399,33.6999,31.1096,134.7995,137.3898,0.01529499,0.0155889,0.00076475,12.1563,37.0585,0.7624,168.4994,6.0178,8813.3099,221.0000,,12.1563,4.0878,6.1317,14.0007,36.7903,40.8781,51.0976,4.0878,-4.0878,6.666666,8.333333,1.982529,17,24,1,7,0E-8,0.01911874,,0E-8,0.000000,0.929267,0.000000,,2026-07-02,2026-07-02,1,28,17,1,1.000000,,,0.000000,,,,,,,,GLOBAL_BASELINE_NO_ENTITY_RANKING,,,NOT_APPLICABLE_GLOBAL_BASELINE,HF9g-P5,,,,X 全窗基线 · 不参与实体赏罚,6874990,688,A168_HF9F_20260827_0900,2026-08-27 09:00:00
2026-07-02,152410078,986,0,739.8928994816,8.1756121486,8.1756121486,0.6666667,47,12,0.35497360013743874,0.188292618056,2.256477420772583,4.238789401121982,2.256477420772583,0.16668098208143874,ELIGIBLE,R03b_20260811_FULL_v1,L1_ELIGIBILITY,v2026-08-11,2026-03-21..2026-08-06,baccarat_bet02_101_all_pairs_incl_sentinel,round_win = game_pnl > 0 (decisive only),COMPATIBILITY_ONLY_NOT_PRODUCTION,8813.3099,8189.9195,168.4994,725,221,-0.01911874,,-0.01911874,-0.01911874,-168.4994,8813.3099,OK,0.0000,6.7400,4.0000,96.0000,AG03-UNRESOLVED,ALL5_LEVELS_bet23_to_bet27,6.7400,6.7400,6.7400,6.7400,6.7400,4.000000,4.000000,4.000000,4.000000,4.000000,96.000000,96.000000,96.000000,96.000000,96.000000,5.0,33.6999,31.1096,134.7995,137.3898,PENDING_AG03,FALSE,NOT_FOR_ENFORCEMENT,161.7594,7862.3227,168.4994,161.7594,6.7400,0.01911874,0.01835399,6.7400,161.7594,0.01835399,6.7400,6.7400,6.7400,6.7400,6.7400,161.7594,0.01835399,33.6999,31.1096,134.7995,137.3898,0.01529499,0.0155889,0.00076475,12.1563,37.0585,0.7624,168.4994,6.0178,8813.3099,221.0000,,12.1563,4.0878,6.1317,14.0007,36.7903,40.8781,51.0976,4.0878,-4.0878,6.666666,8.333333,1.982529,17,24,1,7,0E-8,0.01911874,,0E-8,0.000000,0.929267,0.000000,,2026-07-02,2026-07-02,1,28,17,1,1.000000,,,0.000000,,,,,,,,GLOBAL_BASELINE_NO_ENTITY_RANKING,,,NOT_APPLICABLE_GLOBAL_BASELINE,HF9g-P5,,,,X 全窗基线 · 不参与实体赏罚,6874991,688,A168_HF9F_20260827_0900,2026-08-27 09:00:00
2026-07-02,152410078,994,0,899.3173363862,-128.1527204356,-128.1527204356,0.6111111,62,18,0.37283325755876321,0.217738211111,2.0906007355936573,4.043871123524059,2.0906007355936573,0.15509504644776321,ELIGIBLE,R03b_20260811_FULL_v1,L1_ELIGIBILITY,v2026-08-11,2026-03-21..2026-08-06,baccarat_bet02_101_all_pairs_incl_sentinel,round_win = game_pnl > 0 (decisive only),COMPATIBILITY_ONLY_NOT_PRODUCTION,8813.3099,8189.9195,168.4994,725,221,-0.01911874,,-0.01911874,-0.01911874,-168.4994,8813.3099,OK,0.0000,6.7400,4.0000,96.0000,AG03-UNRESOLVED,ALL5_LEVELS_bet23_to_bet27,6.7400,6.7400,6.7400,6.7400,6.7400,4.000000,4.000000,4.000000,4.000000,4.000000,96.000000,96.000000,96.000000,96.000000,96.000000,5.0,33.6999,31.1096,134.7995,137.3898,PENDING_AG03,FALSE,NOT_FOR_ENFORCEMENT,161.7594,7862.3227,168.4994,161.7594,6.7400,0.01911874,0.01835399,6.7400,161.7594,0.01835399,6.7400,6.7400,6.7400,6.7400,6.7400,161.7594,0.01835399,33.6999,31.1096,134.7995,137.3898,0.01529499,0.0155889,0.00076475,12.1563,37.0585,0.7624,168.4994,6.0178,8813.3099,221.0000,,12.1563,4.0878,6.1317,14.0007,36.7903,40.8781,51.0976,4.0878,-4.0878,6.666666,8.333333,1.982529,17,24,1,7,0E-8,0.01911874,,0E-8,0.000000,0.929267,0.000000,,2026-07-02,2026-07-02,1,28,17,1,1.000000,,,0.000000,,,,,,,,GLOBAL_BASELINE_NO_ENTITY_RANKING,,,NOT_APPLICABLE_GLOBAL_BASELINE,HF9g-P5,,,,X 全窗基线 · 不参与实体赏罚,6874992,688,A168_HF9F_20260827_0900,2026-08-27 09:00:00
2026-04-27,143663316,2123,0,710.0000000000,-93.5000000000,-93.5000000000,0.4000000,9,6,0.46125381160714286,0.395312316667,-0.2747615966176941,0.021439148577728023,-0.2747615966176941,0.06594149494014286,ELIGIBLE,R03b_20260811_FULL_v1,L1_ELIGIBILITY,v2026-08-11,2026-03-21..2026-08-06,baccarat_bet02_101_all_pairs_incl_sentinel,round_win = game_pnl > 0 (decisive only),COMPATIBILITY_ONLY_NOT_PRODUCTION,5410.0000,4860.0000,168.5000,57,32,-0.03114603,,-0.03114603,-0.03114603,-168.5000,5410.0000,OK,0.0000,6.7400,4.0000,96.0000,AG03-UNRESOLVED,ALL5_LEVELS_bet23_to_bet27,6.7400,6.7400,8.4250,8.4250,8.4250,4.000000,4.000000,5.000000,5.000000,5.000000,96.000000,96.000000,95.000000,95.000000,95.000000,5.0,38.7550,35.3586,129.7450,133.1414,PENDING_AG03,FALSE,NOT_FOR_ENFORCEMENT,161.7600,4665.6000,168.5000,161.7600,6.7400,0.03114603,0.02990018,6.7400,161.7600,0.02990018,6.7400,6.7400,8.4250,8.4250,8.4250,161.7600,0.02990018,38.7550,35.3586,129.7450,133.1414,0.02398244,0.02461024,0.00124584,94.9123,151.8750,5.2656,168.5000,42.1250,5410.0000,32.0000,,94.9123,20.0,50.0,140.0,232.0,331.9998,510.2,20.0,-20.0,6.639996,10.204001,1.898246,4,4,1,7,0E-8,0.03114603,,0E-8,0.000000,0.898336,0.000000,,2026-04-27,2026-04-27,1,4,4,1,1.000000,,,0.000000,,,,,,,,GLOBAL_BASELINE_NO_ENTITY_RANKING,,,NOT_APPLICABLE_GLOBAL_BASELINE,HF9g-P5,,,,X 全窗基线 · 不参与实体赏罚,6874993,688,A168_HF9F_20260827_0900,2026-08-27 09:00:00
2026-04-27,143663316,2141,0,2040.0000000000,-579.0000000000,-579.0000000000,0.2857143,20,7,0.42992637539526155,0.236185250000,-0.7707049906821203,0.30852366826153343,-0.7707049906821203,0.19374112539526155,ELIGIBLE,R03b_20260811_FULL_v1,L1_ELIGIBILITY,v2026-08-11,2026-03-21..2026-08-06,baccarat_bet02_101_all_pairs_incl_sentinel,round_win = game_pnl > 0 (decisive only),COMPATIBILITY_ONLY_NOT_PRODUCTION,5410.0000,4860.0000,168.5000,57,32,-0.03114603,,-0.03114603,-0.03114603,-168.5000,5410.0000,OK,0.0000,6.7400,4.0000,96.0000,AG03-UNRESOLVED,ALL5_LEVELS_bet23_to_bet27,6.7400,6.7400,8.4250,8.4250,8.4250,4.000000,4.000000,5.000000,5.000000,5.000000,96.000000,96.000000,95.000000,95.000000,95.000000,5.0,38.7550,35.3586,129.7450,133.1414,PENDING_AG03,FALSE,NOT_FOR_ENFORCEMENT,161.7600,4665.6000,168.5000,161.7600,6.7400,0.03114603,0.02990018,6.7400,161.7600,0.02990018,6.7400,6.7400,8.4250,8.4250,8.4250,161.7600,0.02990018,38.7550,35.3586,129.7450,133.1414,0.02398244,0.02461024,0.00124584,94.9123,151.8750,5.2656,168.5000,42.1250,5410.0000,32.0000,,94.9123,20.0,50.0,140.0,232.0,331.9998,510.2,20.0,-20.0,6.639996,10.204001,1.898246,4,4,1,7,0E-8,0.03114603,,0E-8,0.000000,0.898336,0.000000,,2026-04-27,2026-04-27,1,4,4,1,1.000000,,,0.000000,,,,,,,,GLOBAL_BASELINE_NO_ENTITY_RANKING,,,NOT_APPLICABLE_GLOBAL_BASELINE,HF9g-P5,,,,X 全窗基线 · 不参与实体赏罚,6874994,688,A168_HF9F_20260827_0900,2026-08-27 09:00:00
2026-04-27,143663316,2142,0,2500.0000000000,508.0000000000,508.0000000000,0.5625000,26,17,0.45749574759103641,0.375548632353,0.8430857996060865,1.5442095536265992,0.8430857996060865,0.08194711523803641,ELIGIBLE,R03b_20260811_FULL_v1,L1_ELIGIBILITY,v2026-08-11,2026-03-21..2026-08-06,baccarat_bet02_101_all_pairs_incl_sentinel,round_win = game_pnl > 0 (decisive only),COMPATIBILITY_ONLY_NOT_PRODUCTION,5410.0000,4860.0000,168.5000,57,32,-0.03114603,,-0.03114603,-0.03114603,-168.5000,5410.0000,OK,0.0000,6.7400,4.0000,96.0000,AG03-UNRESOLVED,ALL5_LEVELS_bet23_to_bet27,6.7400,6.7400,8.4250,8.4250,8.4250,4.000000,4.000000,5.000000,5.000000,5.000000,96.000000,96.000000,95.000000,95.000000,95.000000,5.0,38.7550,35.3586,129.7450,133.1414,PENDING_AG03,FALSE,NOT_FOR_ENFORCEMENT,161.7600,4665.6000,168.5000,161.7600,6.7400,0.03114603,0.02990018,6.7400,161.7600,0.02990018,6.7400,6.7400,8.4250,8.4250,8.4250,161.7600,0.02990018,38.7550,35.3586,129.7450,133.1414,0.02398244,0.02461024,0.00124584,94.9123,151.8750,5.2656,168.5000,42.1250,5410.0000,32.0000,,94.9123,20.0,50.0,140.0,232.0,331.9998,510.2,20.0,-20.0,6.639996,10.204001,1.898246,4,4,1,7,0E-8,0.03114603,,0E-8,0.000000,0.898336,0.000000,,2026-04-27,2026-04-27,1,4,4,1,1.000000,,,0.000000,,,,,,,,GLOBAL_BASELINE_NO_ENTITY_RANKING,,,NOT_APPLICABLE_GLOBAL_BASELINE,HF9g-P5,,,,X 全窗基线 · 不参与实体赏罚,6874995,688,A168_HF9F_20260827_0900,2026-08-27 09:00:00
2026-04-27,143663316,2267,0,160.0000000000,-4.0000000000,-4.0000000000,0.5000000,2,2,0.49994810000000000,0.499948100000,0.00014679536856514622,0.00014679536856514622,0.00014679536856514622,0E-17,ELIGIBLE,R03b_20260811_FULL_v1,L1_ELIGIBILITY,v2026-08-11,2026-03-21..2026-08-06,baccarat_bet02_101_all_pairs_incl_sentinel,round_win = game_pnl > 0 (decisive only),COMPATIBILITY_ONLY_NOT_PRODUCTION,5410.0000,4860.0000,168.5000,57,32,-0.03114603,,-0.03114603,-0.03114603,-168.5000,5410.0000,OK,0.0000,6.7400,4.0000,96.0000,AG03-UNRESOLVED,ALL5_LEVELS_bet23_to_bet27,6.7400,6.7400,8.4250,8.4250,8.4250,4.000000,4.000000,5.000000,5.000000,5.000000,96.000000,96.000000,95.000000,95.000000,95.000000,5.0,38.7550,35.3586,129.7450,133.1414,PENDING_AG03,FALSE,NOT_FOR_ENFORCEMENT,161.7600,4665.6000,168.5000,161.7600,6.7400,0.03114603,0.02990018,6.7400,161.7600,0.02990018,6.7400,6.7400,8.4250,8.4250,8.4250,161.7600,0.02990018,38.7550,35.3586,129.7450,133.1414,0.02398244,0.02461024,0.00124584,94.9123,151.8750,5.2656,168.5000,42.1250,5410.0000,32.0000,,94.9123,20.0,50.0,140.0,232.0,331.9998,510.2,20.0,-20.0,6.639996,10.204001,1.898246,4,4,1,7,0E-8,0.03114603,,0E-8,0.000000,0.898336,0.000000,,2026-04-27,2026-04-27,1,4,4,1,1.000000,,,0.000000,,,,,,,,GLOBAL_BASELINE_NO_ENTITY_RANKING,,,NOT_APPLICABLE_GLOBAL_BASELINE,HF9g-P5,,,,X 全窗基线 · 不参与实体赏罚,6874996,688,A168_HF9F_20260827_0900,2026-08-27 09:00:00
2026-05-05,90586256,-1,1,260.0000000000,-18.2000000000,-18.2000000000,0.5555556,10,10,0.50665070000000000,0.506650700000,0.2934550945819589,0.2934550945819589,0.2934550945819589,0E-17,SENTINEL_DEALER,R03b_20260811_FULL_v1,L1_ELIGIBILITY,v2026-08-11,2026-03-21..2026-08-06,baccarat_bet02_101_all_pairs_incl_sentinel,round_win = game_pnl > 0 (decisive only),COMPATIBILITY_ONLY_NOT_PRODUCTION,993.0000,929.0000,168.5000,29,26,-0.16968781,-0.15464231,-0.19910714,-0.16968781,-168.5000,993.0000,THIN_EXPOSURE,0.0000,6.7400,4.0000,96.0000,AG03-UNRESOLVED,ALL5_LEVELS_bet23_to_bet27,6.7400,6.7400,6.7400,0.0000,0.0000,4.000000,4.000000,4.000000,0.000000,0.000000,96.000000,96.000000,96.000000,100.000000,100.000000,5.0,20.2200,19.422,148.2800,149.078,PENDING_AG03,FALSE,NOT_FOR_ENFORCEMENT,161.7600,891.8400,168.5000,161.7600,6.7400,0.16968781,0.16290030,6.7400,161.7600,0.16290030,6.7400,6.7400,6.7400,0.0000,0.0000,161.7600,0.16290030,20.2200,19.422,148.2800,149.078,0.14932528,0.15012892,0.00678751,34.2414,35.7308,6.4808,56.1667,18.7222,331.0000,8.6667,41.0625,25.8462,18.75,32.0,42.75,61.2,65.75,80.0,32.0,-10.0,2.054687,2.5,1.070043,9,7,3,3,0.66163142,0.16968781,0.15464231,0E-8,0.000000,0.935549,0.000000,0.04446483,2026-05-05,2026-07-27,3,9,9,84,0.035714,1.588728,1.199207,2.205438,,,,,,,,GLOBAL_BASELINE_NO_ENTITY_RANKING,,,NOT_APPLICABLE_GLOBAL_BASELINE,HF9g-P5,,,,X 全窗基线 · 不参与实体赏罚,6874997,688,A168_HF9F_20260827_0900,2026-08-27 09:00:00
2026-05-10,90586256,-1,1,44.0000000000,-16.7000000000,-16.7000000000,0.5000000,2,2,0.50665070000000000,0.506650700000,-0.018812684590367487,-0.018812684590367487,-0.018812684590367487,0E-17,SENTINEL_DEALER,R03b_20260811_FULL_v1,L1_ELIGIBILITY,v2026-08-11,2026-03-21..2026-08-06,baccarat_bet02_101_all_pairs_incl_sentinel,round_win = game_pnl > 0 (decisive only),COMPATIBILITY_ONLY_NOT_PRODUCTION,993.0000,929.0000,168.5000,29,26,-0.16968781,-0.15464231,-0.19910714,-0.16968781,-168.5000,993.0000,THIN_EXPOSURE,0.0000,6.7400,4.0000,96.0000,AG03-UNRESOLVED,ALL5_LEVELS_bet23_to_bet27,6.7400,6.7400,6.7400,0.0000,0.0000,4.000000,4.000000,4.000000,0.000000,0.000000,96.000000,96.000000,96.000000,100.000000,100.000000,5.0,20.2200,19.422,148.2800,149.078,PENDING_AG03,FALSE,NOT_FOR_ENFORCEMENT,161.7600,891.8400,168.5000,161.7600,6.7400,0.16968781,0.16290030,6.7400,161.7600,0.16290030,6.7400,6.7400,6.7400,0.0000,0.0000,161.7600,0.16290030,20.2200,19.422,148.2800,149.078,0.14932528,0.15012892,0.00678751,34.2414,35.7308,6.4808,56.1667,18.7222,331.0000,8.6667,41.0625,25.8462,18.75,32.0,42.75,61.2,65.75,80.0,32.0,-10.0,2.054687,2.5,1.070043,9,7,3,3,0.66163142,0.16968781,0.15464231,0E-8,0.000000,0.935549,0.000000,0.04446483,2026-05-05,2026-07-27,3,9,9,84,0.035714,1.588728,1.199207,2.205438,,,,,,,,GLOBAL_BASELINE_NO_ENTITY_RANKING,,,NOT_APPLICABLE_GLOBAL_BASELINE,HF9g-P5,,,,X 全窗基线 · 不参与实体赏罚,6874998,688,A168_HF9F_20260827_0900,2026-08-27 09:00:00
2026-05-10,90586256,1396,0,32.0000000000,-32.0000000000,-32.0000000000,0E-7,1,1,0.50665070000000000,0.506650700000,-1.013391052207602,-1.013391052207602,-1.013391052207602,0E-17,ELIGIBLE,R03b_20260811_FULL_v1,L1_ELIGIBILITY,v2026-08-11,2026-03-21..2026-08-06,baccarat_bet02_101_all_pairs_incl_sentinel,round_win = game_pnl > 0 (decisive only),COMPATIBILITY_ONLY_NOT_PRODUCTION,993.0000,929.0000,168.5000,29,26,-0.16968781,-0.15464231,-0.19910714,-0.16968781,-168.5000,993.0000,THIN_EXPOSURE,0.0000,6.7400,4.0000,96.0000,AG03-UNRESOLVED,ALL5_LEVELS_bet23_to_bet27,6.7400,6.7400,6.7400,0.0000,0.0000,4.000000,4.000000,4.000000,0.000000,0.000000,96.000000,96.000000,96.000000,100.000000,100.000000,5.0,20.2200,19.422,148.2800,149.078,PENDING_AG03,FALSE,NOT_FOR_ENFORCEMENT,161.7600,891.8400,168.5000,161.7600,6.7400,0.16968781,0.16290030,6.7400,161.7600,0.16290030,6.7400,6.7400,6.7400,0.0000,0.0000,161.7600,0.16290030,20.2200,19.422,148.2800,149.078,0.14932528,0.15012892,0.00678751,34.2414,35.7308,6.4808,56.1667,18.7222,331.0000,8.6667,41.0625,25.8462,18.75,32.0,42.75,61.2,65.75,80.0,32.0,-10.0,2.054687,2.5,1.070043,9,7,3,3,0.66163142,0.16968781,0.15464231,0E-8,0.000000,0.935549,0.000000,0.04446483,2026-05-05,2026-07-27,3,9,9,84,0.035714,1.588728,1.199207,2.205438,,,,,,,,GLOBAL_BASELINE_NO_ENTITY_RANKING,,,NOT_APPLICABLE_GLOBAL_BASELINE,HF9g-P5,,,,X 全窗基线 · 不参与实体赏罚,6874999,688,A168_HF9F_20260827_0900,2026-08-27 09:00:00
2026-07-27,90586256,1094,0,80.0000000000,76.0000000000,76.0000000000,1.0000000,1,1,0.50665070000000000,0.506650700000,0.9867858985152569,0.9867858985152569,0.9867858985152569,0E-17,ELIGIBLE,R03b_20260811_FULL_v1,L1_ELIGIBILITY,v2026-08-11,2026-03-21..2026-08-06,baccarat_bet02_101_all_pairs_incl_sentinel,round_win = game_pnl > 0 (decisive only),COMPATIBILITY_ONLY_NOT_PRODUCTION,993.0000,929.0000,168.5000,29,26,-0.16968781,-0.15464231,-0.19910714,-0.16968781,-168.5000,993.0000,THIN_EXPOSURE,0.0000,6.7400,4.0000,96.0000,AG03-UNRESOLVED,ALL5_LEVELS_bet23_to_bet27,6.7400,6.7400,6.7400,0.0000,0.0000,4.000000,4.000000,4.000000,0.000000,0.000000,96.000000,96.000000,96.000000,100.000000,100.000000,5.0,20.2200,19.422,148.2800,149.078,PENDING_AG03,FALSE,NOT_FOR_ENFORCEMENT,161.7600,891.8400,168.5000,161.7600,6.7400,0.16968781,0.16290030,6.7400,161.7600,0.16290030,6.7400,6.7400,6.7400,0.0000,0.0000,161.7600,0.16290030,20.2200,19.422,148.2800,149.078,0.14932528,0.15012892,0.00678751,34.2414,35.7308,6.4808,56.1667,18.7222,331.0000,8.6667,41.0625,25.8462,18.75,32.0,42.75,61.2,65.75,80.0,32.0,-10.0,2.054687,2.5,1.070043,9,7,3,3,0.66163142,0.16968781,0.15464231,0E-8,0.000000,0.935549,0.000000,0.04446483,2026-05-05,2026-07-27,3,9,9,84,0.035714,1.588728,1.199207,2.205438,,,,,,,,GLOBAL_BASELINE_NO_ENTITY_RANKING,,,NOT_APPLICABLE_GLOBAL_BASELINE,HF9g-P5,,,,X 全窗基线 · 不参与实体赏罚,6875000,688,A168_HF9F_20260827_0900,2026-08-27 09:00:00
2026-07-27,90586256,1405,0,25.0000000000,0E-10,0E-10,,1,1,0.50665070000000000,0.506650700000,,,,0E-17,NO_DECISIVE_ROUND,R03b_20260811_FULL_v1,L1_ELIGIBILITY,v2026-08-11,2026-03-21..2026-08-06,baccarat_bet02_101_all_pairs_incl_sentinel,round_win = game_pnl > 0 (decisive only),COMPATIBILITY_ONLY_NOT_PRODUCTION,993.0000,929.0000,168.5000,29,26,-0.16968781,-0.15464231,-0.19910714,-0.16968781,-168.5000,993.0000,THIN_EXPOSURE,0.0000,6.7400,4.0000,96.0000,AG03-UNRESOLVED,ALL5_LEVELS_bet23_to_bet27,6.7400,6.7400,6.7400,0.0000,0.0000,4.000000,4.000000,4.000000,0.000000,0.000000,96.000000,96.000000,96.000000,100.000000,100.000000,5.0,20.2200,19.422,148.2800,149.078,PENDING_AG03,FALSE,NOT_FOR_ENFORCEMENT,161.7600,891.8400,168.5000,161.7600,6.7400,0.16968781,0.16290030,6.7400,161.7600,0.16290030,6.7400,6.7400,6.7400,0.0000,0.0000,161.7600,0.16290030,20.2200,19.422,148.2800,149.078,0.14932528,0.15012892,0.00678751,34.2414,35.7308,6.4808,56.1667,18.7222,331.0000,8.6667,41.0625,25.8462,18.75,32.0,42.75,61.2,65.75,80.0,32.0,-10.0,2.054687,2.5,1.070043,9,7,3,3,0.66163142,0.16968781,0.15464231,0E-8,0.000000,0.935549,0.000000,0.04446483,2026-05-05,2026-07-27,3,9,9,84,0.035714,1.588728,1.199207,2.205438,,,,,,,,GLOBAL_BASELINE_NO_ENTITY_RANKING,,,NOT_APPLICABLE_GLOBAL_BASELINE,HF9g-P5,,,,X 全窗基线 · 不参与实体赏罚,6875001,688,A168_HF9F_20260827_0900,2026-08-27 09:00:00
2026-07-27,90586256,2106,0,60.0000000000,-60.0000000000,-60.0000000000,0E-7,1,1,0.50665070000000000,0.506650700000,-1.013391052207602,-1.013391052207602,-1.013391052207602,0E-17,ELIGIBLE,R03b_20260811_FULL_v1,L1_ELIGIBILITY,v2026-08-11,2026-03-21..2026-08-06,baccarat_bet02_101_all_pairs_incl_sentinel,round_win = game_pnl > 0 (decisive only),COMPATIBILITY_ONLY_NOT_PRODUCTION,993.0000,929.0000,168.5000,29,26,-0.16968781,-0.15464231,-0.19910714,-0.16968781,-168.5000,993.0000,THIN_EXPOSURE,0.0000,6.7400,4.0000,96.0000,AG03-UNRESOLVED,ALL5_LEVELS_bet23_to_bet27,6.7400,6.7400,6.7400,0.0000,0.0000,4.000000,4.000000,4.000000,0.000000,0.000000,96.000000,96.000000,96.000000,100.000000,100.000000,5.0,20.2200,19.422,148.2800,149.078,PENDING_AG03,FALSE,NOT_FOR_ENFORCEMENT,161.7600,891.8400,168.5000,161.7600,6.7400,0.16968781,0.16290030,6.7400,161.7600,0.16290030,6.7400,6.7400,6.7400,0.0000,0.0000,161.7600,0.16290030,20.2200,19.422,148.2800,149.078,0.14932528,0.15012892,0.00678751,34.2414,35.7308,6.4808,56.1667,18.7222,331.0000,8.6667,41.0625,25.8462,18.75,32.0,42.75,61.2,65.75,80.0,32.0,-10.0,2.054687,2.5,1.070043,9,7,3,3,0.66163142,0.16968781,0.15464231,0E-8,0.000000,0.935549,0.000000,0.04446483,2026-05-05,2026-07-27,3,9,9,84,0.035714,1.588728,1.199207,2.205438,,,,,,,,GLOBAL_BASELINE_NO_ENTITY_RANKING,,,NOT_APPLICABLE_GLOBAL_BASELINE,HF9g-P5,,,,X 全窗基线 · 不参与实体赏罚,6875002,688,A168_HF9F_20260827_0900,2026-08-27 09:00:00
2026-07-27,90586256,2121,0,104.0000000000,-22.1000000000,-22.1000000000,0.5000000,2,2,0.50665070000000000,0.506650700000,-0.018812684590367487,-0.018812684590367487,-0.018812684590367487,0E-17,ELIGIBLE,R03b_20260811_FULL_v1,L1_ELIGIBILITY,v2026-08-11,2026-03-21..2026-08-06,baccarat_bet02_101_all_pairs_incl_sentinel,round_win = game_pnl > 0 (decisive only),COMPATIBILITY_ONLY_NOT_PRODUCTION,993.0000,929.0000,168.5000,29,26,-0.16968781,-0.15464231,-0.19910714,-0.16968781,-168.5000,993.0000,THIN_EXPOSURE,0.0000,6.7400,4.0000,96.0000,AG03-UNRESOLVED,ALL5_LEVELS_bet23_to_bet27,6.7400,6.7400,6.7400,0.0000,0.0000,4.000000,4.000000,4.000000,0.000000,0.000000,96.000000,96.000000,96.000000,100.000000,100.000000,5.0,20.2200,19.422,148.2800,149.078,PENDING_AG03,FALSE,NOT_FOR_ENFORCEMENT,161.7600,891.8400,168.5000,161.7600,6.7400,0.16968781,0.16290030,6.7400,161.7600,0.16290030,6.7400,6.7400,6.7400,0.0000,0.0000,161.7600,0.16290030,20.2200,19.422,148.2800,149.078,0.14932528,0.15012892,0.00678751,34.2414,35.7308,6.4808,56.1667,18.7222,331.0000,8.6667,41.0625,25.8462,18.75,32.0,42.75,61.2,65.75,80.0,32.0,-10.0,2.054687,2.5,1.070043,9,7,3,3,0.66163142,0.16968781,0.15464231,0E-8,0.000000,0.935549,0.000000,0.04446483,2026-05-05,2026-07-27,3,9,9,84,0.035714,1.588728,1.199207,2.205438,,,,,,,,GLOBAL_BASELINE_NO_ENTITY_RANKING,,,NOT_APPLICABLE_GLOBAL_BASELINE,HF9g-P5,,,,X 全窗基线 · 不参与实体赏罚,6875003,688,A168_HF9F_20260827_0900,2026-08-27 09:00:00
2026-07-27,90586256,2267,0,388.0000000000,-95.5000000000,-95.5000000000,0.3750000,11,8,0.41648144634063853,0.367625381250,-0.23799822597323428,0.04326080609015195,-0.23799822597323428,0.04885606509063853,ELIGIBLE,R03b_20260811_FULL_v1,L1_ELIGIBILITY,v2026-08-11,2026-03-21..2026-08-06,baccarat_bet02_101_all_pairs_incl_sentinel,round_win = game_pnl > 0 (decisive only),COMPATIBILITY_ONLY_NOT_PRODUCTION,993.0000,929.0000,168.5000,29,26,-0.16968781,-0.15464231,-0.19910714,-0.16968781,-168.5000,993.0000,THIN_EXPOSURE,0.0000,6.7400,4.0000,96.0000,AG03-UNRESOLVED,ALL5_LEVELS_bet23_to_bet27,6.7400,6.7400,6.7400,0.0000,0.0000,4.000000,4.000000,4.000000,0.000000,0.000000,96.000000,96.000000,96.000000,100.000000,100.000000,5.0,20.2200,19.422,148.2800,149.078,PENDING_AG03,FALSE,NOT_FOR_ENFORCEMENT,161.7600,891.8400,168.5000,161.7600,6.7400,0.16968781,0.16290030,6.7400,161.7600,0.16290030,6.7400,6.7400,6.7400,0.0000,0.0000,161.7600,0.16290030,20.2200,19.422,148.2800,149.078,0.14932528,0.15012892,0.00678751,34.2414,35.7308,6.4808,56.1667,18.7222,331.0000,8.6667,41.0625,25.8462,18.75,32.0,42.75,61.2,65.75,80.0,32.0,-10.0,2.054687,2.5,1.070043,9,7,3,3,0.66163142,0.16968781,0.15464231,0E-8,0.000000,0.935549,0.000000,0.04446483,2026-05-05,2026-07-27,3,9,9,84,0.035714,1.588728,1.199207,2.205438,,,,,,,,GLOBAL_BASELINE_NO_ENTITY_RANKING,,,NOT_APPLICABLE_GLOBAL_BASELINE,HF9g-P5,,,,X 全窗基线 · 不参与实体赏罚,6875004,688,A168_HF9F_20260827_0900,2026-08-27 09:00:00
2026-06-25,152060431,1210,0,50.0000000000,-10.0000000000,-10.0000000000,0.5000000,2,2,0.49994810000000000,0.499948100000,0.00014679536856514622,0.00014679536856514622,0.00014679536856514622,0E-17,ELIGIBLE,R03b_20260811_FULL_v1,L1_ELIGIBILITY,v2026-08-11,2026-03-21..2026-08-06,baccarat_bet02_101_all_pairs_incl_sentinel,round_win = game_pnl > 0 (decisive only),COMPATIBILITY_ONLY_NOT_PRODUCTION,345.0000,345.0000,168.5000,6,6,-0.48840580,,-0.48840580,-0.48840580,-168.5000,345.0000,THIN_EXPOSURE,0.0000,6.7400,4.0000,96.0000,AG03-UNRESOLVED,ALL5_LEVELS_bet23_to_bet27,6.7400,6.7400,6.7400,8.4250,8.4250,4.000000,4.000000,4.000000,5.000000,5.000000,96.000000,96.000000,96.000000,95.000000,95.000000,5.0,37.0700,33.9571,131.4300,134.5429,PENDING_AG03,FALSE,NOT_FOR_ENFORCEMENT,161.7600,331.2000,168.5000,161.7600,6.7400,0.48840580,0.46886957,6.7400,161.7600,0.46886957,6.7400,6.7400,6.7400,8.4250,8.4250,161.7600,0.46886957,37.0700,33.9571,131.4300,134.5429,0.38095652,0.38997945,0.01953623,57.5000,57.5000,28.0833,168.5000,84.2500,345.0000,6.0000,,57.5000,20.0,50.0,70.0,128.5,135.0,135.0,50.0,-25.0,2.7,2.7,1.15,2,2,1,2,0E-8,0.48840580,,0E-8,0.000000,1.000000,0.000000,,2026-06-25,2026-06-25,1,2,2,1,1.000000,,,0.000000,,,,,,,,GLOBAL_BASELINE_NO_ENTITY_RANKING,,,NOT_APPLICABLE_GLOBAL_BASELINE,HF9g-P5,,,,X 全窗基线 · 不参与实体赏罚,6875005,688,A168_HF9F_20260827_0900,2026-08-27 09:00:00
2026-06-25,152060431,1710,0,295.0000000000,-158.5000000000,-158.5000000000,0.2500000,4,4,0.50665070000000000,0.506650700000,-1.0266936290537745,-1.0266936290537745,-1.0266936290537745,0E-17,ELIGIBLE,R03b_20260811_FULL_v1,L1_ELIGIBILITY,v2026-08-11,2026-03-21..2026-08-06,baccarat_bet02_101_all_pairs_incl_sentinel,round_win = game_pnl > 0 (decisive only),COMPATIBILITY_ONLY_NOT_PRODUCTION,345.0000,345.0000,168.5000,6,6,-0.48840580,,-0.48840580,-0.48840580,-168.5000,345.0000,THIN_EXPOSURE,0.0000,6.7400,4.0000,96.0000,AG03-UNRESOLVED,ALL5_LEVELS_bet23_to_bet27,6.7400,6.7400,6.7400,8.4250,8.4250,4.000000,4.000000,4.000000,5.000000,5.000000,96.000000,96.000000,96.000000,95.000000,95.000000,5.0,37.0700,33.9571,131.4300,134.5429,PENDING_AG03,FALSE,NOT_FOR_ENFORCEMENT,161.7600,331.2000,168.5000,161.7600,6.7400,0.48840580,0.46886957,6.7400,161.7600,0.46886957,6.7400,6.7400,6.7400,8.4250,8.4250,161.7600,0.46886957,37.0700,33.9571,131.4300,134.5429,0.38095652,0.38997945,0.01953623,57.5000,57.5000,28.0833,168.5000,84.2500,345.0000,6.0000,,57.5000,20.0,50.0,70.0,128.5,135.0,135.0,50.0,-25.0,2.7,2.7,1.15,2,2,1,2,0E-8,0.48840580,,0E-8,0.000000,1.000000,0.000000,,2026-06-25,2026-06-25,1,2,2,1,1.000000,,,0.000000,,,,,,,,GLOBAL_BASELINE_NO_ENTITY_RANKING,,,NOT_APPLICABLE_GLOBAL_BASELINE,HF9g-P5,,,,X 全窗基线 · 不参与实体赏罚,6875006,688,A168_HF9F_20260827_0900,2026-08-27 09:00:00
2026-05-13,149971640,1704,0,168.3877328629,159.9683462197,159.9683462197,1.0000000,1,1,0.50665070000000000,0.506650700000,0.9867858985152569,0.9867858985152569,0.9867858985152569,0E-17,ELIGIBLE,R03b_20260811_FULL_v1,L1_ELIGIBILITY,v2026-08-11,2026-03-21..2026-08-06,baccarat_bet02_101_all_pairs_incl_sentinel,round_win = game_pnl > 0 (decisive only),COMPATIBILITY_ONLY_NOT_PRODUCTION,643.7134,496.8606,168.5045,4,4,-0.26176945,,-0.26176945,-0.26176945,-168.5045,643.7134,THIN_EXPOSURE,0.0000,6.7402,4.0000,96.0000,AG03-UNRESOLVED,ALL5_LEVELS_bet23_to_bet27,6.7402,6.7402,8.4252,8.4252,8.4252,4.000000,4.000000,5.000000,5.000000,5.000000,96.000000,96.000000,95.000000,95.000000,95.000000,5.0,38.7560,35.3595,129.7485,133.145,PENDING_AG03,FALSE,NOT_FOR_ENFORCEMENT,161.7643,476.9861,168.5045,161.7643,6.7402,0.26176945,0.25129867,6.7402,161.7643,0.25129867,6.7402,6.7402,8.4252,8.4252,8.4252,161.7643,0.25129867,38.7560,35.3595,129.7485,133.145,0.20156247,0.20683891,0.01047078,160.9283,124.2151,42.1261,168.5045,84.2522,643.7134,4.0000,,160.9283,146.8528,157.6203,175.0039,181.6201,181.6201,181.6201,157.6203,-73.4264,1.152263,1.152263,1.020988,2,2,1,1,0E-8,0.26176945,,0E-8,0.000000,0.771866,0.000000,,2026-05-13,2026-05-13,1,2,2,1,1.000000,,,0.000000,,,,,,,,GLOBAL_BASELINE_NO_ENTITY_RANKING,,,NOT_APPLICABLE_GLOBAL_BASELINE,HF9g-P5,,,,X 全窗基线 · 不参与实体赏罚,6875007,688,A168_HF9F_20260827_0900,2026-08-27 09:00:00
2026-05-13,149971640,2235,0,475.3256188054,-328.4728348295,-328.4728348295,0E-7,3,3,0.50665070000000000,0.506650700000,-1.4331513700195317,-1.4331513700195317,-1.4331513700195317,0E-17,ELIGIBLE,R03b_20260811_FULL_v1,L1_ELIGIBILITY,v2026-08-11,2026-03-21..2026-08-06,baccarat_bet02_101_all_pairs_incl_sentinel,round_win = game_pnl > 0 (decisive only),COMPATIBILITY_ONLY_NOT_PRODUCTION,643.7134,496.8606,168.5045,4,4,-0.26176945,,-0.26176945,-0.26176945,-168.5045,643.7134,THIN_EXPOSURE,0.0000,6.7402,4.0000,96.0000,AG03-UNRESOLVED,ALL5_LEVELS_bet23_to_bet27,6.7402,6.7402,8.4252,8.4252,8.4252,4.000000,4.000000,5.000000,5.000000,5.000000,96.000000,96.000000,95.000000,95.000000,95.000000,5.0,38.7560,35.3595,129.7485,133.145,PENDING_AG03,FALSE,NOT_FOR_ENFORCEMENT,161.7643,476.9861,168.5045,161.7643,6.7402,0.26176945,0.25129867,6.7402,161.7643,0.25129867,6.7402,6.7402,8.4252,8.4252,8.4252,161.7643,0.25129867,38.7560,35.3595,129.7485,133.145,0.20156247,0.20683891,0.01047078,160.9283,124.2151,42.1261,168.5045,84.2522,643.7134,4.0000,,160.9283,146.8528,157.6203,175.0039,181.6201,181.6201,181.6201,157.6203,-73.4264,1.152263,1.152263,1.020988,2,2,1,1,0E-8,0.26176945,,0E-8,0.000000,0.771866,0.000000,,2026-05-13,2026-05-13,1,2,2,1,1.000000,,,0.000000,,,,,,,,GLOBAL_BASELINE_NO_ENTITY_RANKING,,,NOT_APPLICABLE_GLOBAL_BASELINE,HF9g-P5,,,,X 全窗基线 · 不参与实体赏罚,6875008,688,A168_HF9F_20260827_0900,2026-08-27 09:00:00
2026-03-22,147648465,2177,0,242.2518893016,230.1392948364,230.1392948364,1.0000000,4,4,0.50665070000000000,0.506650700000,1.9735717970305138,1.9735717970305138,1.9735717970305138,0E-17,ELIGIBLE,R03b_20260811_FULL_v1,L1_ELIGIBILITY,v2026-08-11,2026-03-21..2026-08-06,baccarat_bet02_101_all_pairs_incl_sentinel,round_win = game_pnl > 0 (decisive only),COMPATIBILITY_ONLY_NOT_PRODUCTION,1586.8387,1586.8387,166.7686,17,17,-0.10509489,-1.00000000,0.00992509,-0.10509489,-166.7686,1586.8387,THIN_EXPOSURE,0.0000,5.0031,3.0000,97.0000,AG03-UNRESOLVED,ALL5_LEVELS_bet23_to_bet27,5.0031,5.0031,5.0031,6.6707,6.6707,3.000000,3.000000,3.000000,4.000000,4.000000,97.000000,97.000000,97.000000,96.000000,96.000000,5.0,28.3507,26.4963,138.4180,140.2723,PENDING_AG03,FALSE,NOT_FOR_ENFORCEMENT,161.7656,1539.2335,166.7686,161.7656,5.0031,0.10509489,0.10194204,5.0031,161.7656,0.10194204,5.0031,5.0031,5.0031,6.6707,6.6707,161.7656,0.10194204,28.3507,26.4963,138.4180,140.2723,0.08722876,0.08839735,0.00315285,93.3435,93.3435,9.8099,41.6922,41.6922,396.7097,4.2500,180.7244,87.8821,64.5127,78.9952,111.9098,146.4044,170.0027,180.7244,78.9952,55.0333,2.152064,2.287791,1.181635,4,5,4,2,0.11388962,0.10509489,1.00000000,0E-8,0.000000,1.000000,0.000000,-1.00992509,2026-03-22,2026-07-15,4,4,4,116,0.034483,2.056441,1.936123,0.379632,,,,,,,,GLOBAL_BASELINE_NO_ENTITY_RANKING,,,NOT_APPLICABLE_GLOBAL_BASELINE,HF9g-P5,,,,X 全窗基线 · 不参与实体赏罚,6875009,688,A168_HF9F_20260827_0900,2026-08-27 09:00:00
2026-03-24,147648465,1151,0,368.6441793716,-52.6634541960,-52.6634541960,0.4000000,5,5,0.49860758000000000,0.498607580000,-0.440988213962219,-0.440988213962219,-0.440988213962219,0E-17,ELIGIBLE,R03b_20260811_FULL_v1,L1_ELIGIBILITY,v2026-08-11,2026-03-21..2026-08-06,baccarat_bet02_101_all_pairs_incl_sentinel,round_win = game_pnl > 0 (decisive only),COMPATIBILITY_ONLY_NOT_PRODUCTION,1586.8387,1586.8387,166.7686,17,17,-0.10509489,-1.00000000,0.00992509,-0.10509489,-166.7686,1586.8387,THIN_EXPOSURE,0.0000,5.0031,3.0000,97.0000,AG03-UNRESOLVED,ALL5_LEVELS_bet23_to_bet27,5.0031,5.0031,5.0031,6.6707,6.6707,3.000000,3.000000,3.000000,4.000000,4.000000,97.000000,97.000000,97.000000,96.000000,96.000000,5.0,28.3507,26.4963,138.4180,140.2723,PENDING_AG03,FALSE,NOT_FOR_ENFORCEMENT,161.7656,1539.2335,166.7686,161.7656,5.0031,0.10509489,0.10194204,5.0031,161.7656,0.10194204,5.0031,5.0031,5.0031,6.6707,6.6707,161.7656,0.10194204,28.3507,26.4963,138.4180,140.2723,0.08722876,0.08839735,0.00315285,93.3435,93.3435,9.8099,41.6922,41.6922,396.7097,4.2500,180.7244,87.8821,64.5127,78.9952,111.9098,146.4044,170.0027,180.7244,78.9952,55.0333,2.152064,2.287791,1.181635,4,5,4,2,0.11388962,0.10509489,1.00000000,0E-8,0.000000,1.000000,0.000000,-1.00992509,2026-03-22,2026-07-15,4,4,4,116,0.034483,2.056441,1.936123,0.379632,,,,,,,,GLOBAL_BASELINE_NO_ENTITY_RANKING,,,NOT_APPLICABLE_GLOBAL_BASELINE,HF9g-P5,,,,X 全窗基线 · 不参与实体赏罚,6875010,688,A168_HF9F_20260827_0900,2026-08-27 09:00:00
2026-03-25,147648465,1307,0,513.4686784105,118.2294546700,118.2294546700,0.6000000,5,5,0.49860758000000000,0.498607580000,0.4534424453485946,0.4534424453485946,0.4534424453485946,0E-17,ELIGIBLE,R03b_20260811_FULL_v1,L1_ELIGIBILITY,v2026-08-11,2026-03-21..2026-08-06,baccarat_bet02_101_all_pairs_incl_sentinel,round_win = game_pnl > 0 (decisive only),COMPATIBILITY_ONLY_NOT_PRODUCTION,1586.8387,1586.8387,166.7686,17,17,-0.10509489,-1.00000000,0.00992509,-0.10509489,-166.7686,1586.8387,THIN_EXPOSURE,0.0000,5.0031,3.0000,97.0000,AG03-UNRESOLVED,ALL5_LEVELS_bet23_to_bet27,5.0031,5.0031,5.0031,6.6707,6.6707,3.000000,3.000000,3.000000,4.000000,4.000000,97.000000,97.000000,97.000000,96.000000,96.000000,5.0,28.3507,26.4963,138.4180,140.2723,PENDING_AG03,FALSE,NOT_FOR_ENFORCEMENT,161.7656,1539.2335,166.7686,161.7656,5.0031,0.10509489,0.10194204,5.0031,161.7656,0.10194204,5.0031,5.0031,5.0031,6.6707,6.6707,161.7656,0.10194204,28.3507,26.4963,138.4180,140.2723,0.08722876,0.08839735,0.00315285,93.3435,93.3435,9.8099,41.6922,41.6922,396.7097,4.2500,180.7244,87.8821,64.5127,78.9952,111.9098,146.4044,170.0027,180.7244,78.9952,55.0333,2.152064,2.287791,1.181635,4,5,4,2,0.11388962,0.10509489,1.00000000,0E-8,0.000000,1.000000,0.000000,-1.00992509,2026-03-22,2026-07-15,4,4,4,116,0.034483,2.056441,1.936123,0.379632,,,,,,,,GLOBAL_BASELINE_NO_ENTITY_RANKING,,,NOT_APPLICABLE_GLOBAL_BASELINE,HF9g-P5,,,,X 全窗基线 · 不参与实体赏罚,6875011,688,A168_HF9F_20260827_0900,2026-08-27 09:00:00
2026-03-25,147648465,2202,0,281.7494799484,-281.7494799484,-281.7494799484,0E-7,2,2,0.49994810000000000,0.499948100000,-1.4140667746232096,-1.4140667746232096,-1.4140667746232096,0E-17,ELIGIBLE,R03b_20260811_FULL_v1,L1_ELIGIBILITY,v2026-08-11,2026-03-21..2026-08-06,baccarat_bet02_101_all_pairs_incl_sentinel,round_win = game_pnl > 0 (decisive only),COMPATIBILITY_ONLY_NOT_PRODUCTION,1586.8387,1586.8387,166.7686,17,17,-0.10509489,-1.00000000,0.00992509,-0.10509489,-166.7686,1586.8387,THIN_EXPOSURE,0.0000,5.0031,3.0000,97.0000,AG03-UNRESOLVED,ALL5_LEVELS_bet23_to_bet27,5.0031,5.0031,5.0031,6.6707,6.6707,3.000000,3.000000,3.000000,4.000000,4.000000,97.000000,97.000000,97.000000,96.000000,96.000000,5.0,28.3507,26.4963,138.4180,140.2723,PENDING_AG03,FALSE,NOT_FOR_ENFORCEMENT,161.7656,1539.2335,166.7686,161.7656,5.0031,0.10509489,0.10194204,5.0031,161.7656,0.10194204,5.0031,5.0031,5.0031,6.6707,6.6707,161.7656,0.10194204,28.3507,26.4963,138.4180,140.2723,0.08722876,0.08839735,0.00315285,93.3435,93.3435,9.8099,41.6922,41.6922,396.7097,4.2500,180.7244,87.8821,64.5127,78.9952,111.9098,146.4044,170.0027,180.7244,78.9952,55.0333,2.152064,2.287791,1.181635,4,5,4,2,0.11388962,0.10509489,1.00000000,0E-8,0.000000,1.000000,0.000000,-1.00992509,2026-03-22,2026-07-15,4,4,4,116,0.034483,2.056441,1.936123,0.379632,,,,,,,,GLOBAL_BASELINE_NO_ENTITY_RANKING,,,NOT_APPLICABLE_GLOBAL_BASELINE,HF9g-P5,,,,X 全窗基线 · 不参与实体赏罚,6875012,688,A168_HF9F_20260827_0900,2026-08-27 09:00:00
2026-07-15,147648465,1935,0,180.7244468541,-180.7244468541,-180.7244468541,0E-7,1,1,0.50665070000000000,0.506650700000,-1.013391052207602,-1.013391052207602,-1.013391052207602,0E-17,ELIGIBLE,R03b_20260811_FULL_v1,L1_ELIGIBILITY,v2026-08-11,2026-03-21..2026-08-06,baccarat_bet02_101_all_pairs_incl_sentinel,round_win = game_pnl > 0 (decisive only),COMPATIBILITY_ONLY_NOT_PRODUCTION,1586.8387,1586.8387,166.7686,17,17,-0.10509489,-1.00000000,0.00992509,-0.10509489,-166.7686,1586.8387,THIN_EXPOSURE,0.0000,5.0031,3.0000,97.0000,AG03-UNRESOLVED,ALL5_LEVELS_bet23_to_bet27,5.0031,5.0031,5.0031,6.6707,6.6707,3.000000,3.000000,3.000000,4.000000,4.000000,97.000000,97.000000,97.000000,96.000000,96.000000,5.0,28.3507,26.4963,138.4180,140.2723,PENDING_AG03,FALSE,NOT_FOR_ENFORCEMENT,161.7656,1539.2335,166.7686,161.7656,5.0031,0.10509489,0.10194204,5.0031,161.7656,0.10194204,5.0031,5.0031,5.0031,6.6707,6.6707,161.7656,0.10194204,28.3507,26.4963,138.4180,140.2723,0.08722876,0.08839735,0.00315285,93.3435,93.3435,9.8099,41.6922,41.6922,396.7097,4.2500,180.7244,87.8821,64.5127,78.9952,111.9098,146.4044,170.0027,180.7244,78.9952,55.0333,2.152064,2.287791,1.181635,4,5,4,2,0.11388962,0.10509489,1.00000000,0E-8,0.000000,1.000000,0.000000,-1.00992509,2026-03-22,2026-07-15,4,4,4,116,0.034483,2.056441,1.936123,0.379632,,,,,,,,GLOBAL_BASELINE_NO_ENTITY_RANKING,,,NOT_APPLICABLE_GLOBAL_BASELINE,HF9g-P5,,,,X 全窗基线 · 不参与实体赏罚,6875013,688,A168_HF9F_20260827_0900,2026-08-27 09:00:00
2026-04-02,148122688,1401,0,10.7520080956,-10.7520080956,-10.7520080956,0E-7,3,1,0.25484932352830315,0.220852900000,-0.5848166013207141,-0.5324046303250783,-0.5848166013207141,0.03399642352830315,ELIGIBLE,R03b_20260811_FULL_v1,L1_ELIGIBILITY,v2026-08-11,2026-03-21..2026-08-06,baccarat_bet02_101_all_pairs_incl_sentinel,round_win = game_pnl > 0 (decisive only),COMPATIBILITY_ONLY_NOT_PRODUCTION,1079.9357,1026.7485,168.5066,256,79,-0.15603392,,-0.15603392,-0.15603392,-168.5066,1079.9357,OK,0.0000,6.7403,4.0000,96.0000,AG03-UNRESOLVED,ALL5_LEVELS_bet23_to_bet27,6.7403,6.7403,6.7403,6.7403,6.7403,4.000000,4.000000,4.000000,4.000000,4.000000,96.000000,96.000000,96.000000,96.000000,96.000000,5.0,33.7013,31.1109,134.8053,137.3957,PENDING_AG03,FALSE,NOT_FOR_ENFORCEMENT,161.7663,985.6785,168.5066,161.7663,6.7403,0.15603392,0.14979256,6.7403,161.7663,0.14979256,6.7403,6.7403,6.7403,6.7403,6.7403,161.7663,0.14979256,33.7013,31.1109,134.8053,137.3957,0.12482714,0.1272258,0.00624136,4.2185,12.9968,2.1330,42.1267,16.8507,269.9839,19.7500,,4.2185,1.0541,2.1082,6.3247,10.5412,11.5953,17.8568,2.1082,-2.1006,5.5,8.470002,2.000961,7,13,5,8,0E-8,0.15603392,,0E-8,0.000000,0.950750,0.691406,,2026-04-02,2026-05-16,4,10,9,45,0.088889,,,0.000000,,,,,,,,GLOBAL_BASELINE_NO_ENTITY_RANKING,,,NOT_APPLICABLE_GLOBAL_BASELINE,HF9g-P5,,,,X 全窗基线 · 不参与实体赏罚,6875014,688,A168_HF9F_20260827_0900,2026-08-27 09:00:00
2026-04-02,148122688,1704,0,9.4870659667,-9.4870659667,-9.4870659667,0E-7,3,1,0.35194594444620005,0.202227733333,-0.7369404006816787,-0.503478453720119,-0.7369404006816787,0.14971821111320005,ELIGIBLE,R03b_20260811_FULL_v1,L1_ELIGIBILITY,v2026-08-11,2026-03-21..2026-08-06,baccarat_bet02_101_all_pairs_incl_sentinel,round_win = game_pnl > 0 (decisive only),COMPATIBILITY_ONLY_NOT_PRODUCTION,1079.9357,1026.7485,168.5066,256,79,-0.15603392,,-0.15603392,-0.15603392,-168.5066,1079.9357,OK,0.0000,6.7403,4.0000,96.0000,AG03-UNRESOLVED,ALL5_LEVELS_bet23_to_bet27,6.7403,6.7403,6.7403,6.7403,6.7403,4.000000,4.000000,4.000000,4.000000,4.000000,96.000000,96.000000,96.000000,96.000000,96.000000,5.0,33.7013,31.1109,134.8053,137.3957,PENDING_AG03,FALSE,NOT_FOR_ENFORCEMENT,161.7663,985.6785,168.5066,161.7663,6.7403,0.15603392,0.14979256,6.7403,161.7663,0.14979256,6.7403,6.7403,6.7403,6.7403,6.7403,161.7663,0.14979256,33.7013,31.1109,134.8053,137.3957,0.12482714,0.1272258,0.00624136,4.2185,12.9968,2.1330,42.1267,16.8507,269.9839,19.7500,,4.2185,1.0541,2.1082,6.3247,10.5412,11.5953,17.8568,2.1082,-2.1006,5.5,8.470002,2.000961,7,13,5,8,0E-8,0.15603392,,0E-8,0.000000,0.950750,0.691406,,2026-04-02,2026-05-16,4,10,9,45,0.088889,,,0.000000,,,,,,,,GLOBAL_BASELINE_NO_ENTITY_RANKING,,,NOT_APPLICABLE_GLOBAL_BASELINE,HF9g-P5,,,,X 全窗基线 · 不参与实体赏罚,6875015,688,A168_HF9F_20260827_0900,2026-08-27 09:00:00
2026-04-02,148122688,1947,0,57.9765142412,63.0362827567,63.0362827567,0.8000000,11,5,0.40762471904796055,0.333028498333,1.7854920538960992,2.2155473750226875,1.7854920538960992,0.07459622071496055,ELIGIBLE,R03b_20260811_FULL_v1,L1_ELIGIBILITY,v2026-08-11,2026-03-21..2026-08-06,baccarat_bet02_101_all_pairs_incl_sentinel,round_win = game_pnl > 0 (decisive only),COMPATIBILITY_ONLY_NOT_PRODUCTION,1079.9357,1026.7485,168.5066,256,79,-0.15603392,,-0.15603392,-0.15603392,-168.5066,1079.9357,OK,0.0000,6.7403,4.0000,96.0000,AG03-UNRESOLVED,ALL5_LEVELS_bet23_to_bet27,6.7403,6.7403,6.7403,6.7403,6.7403,4.000000,4.000000,4.000000,4.000000,4.000000,96.000000,96.000000,96.000000,96.000000,96.000000,5.0,33.7013,31.1109,134.8053,137.3957,PENDING_AG03,FALSE,NOT_FOR_ENFORCEMENT,161.7663,985.6785,168.5066,161.7663,6.7403,0.15603392,0.14979256,6.7403,161.7663,0.14979256,6.7403,6.7403,6.7403,6.7403,6.7403,161.7663,0.14979256,33.7013,31.1109,134.8053,137.3957,0.12482714,0.1272258,0.00624136,4.2185,12.9968,2.1330,42.1267,16.8507,269.9839,19.7500,,4.2185,1.0541,2.1082,6.3247,10.5412,11.5953,17.8568,2.1082,-2.1006,5.5,8.470002,2.000961,7,13,5,8,0E-8,0.15603392,,0E-8,0.000000,0.950750,0.691406,,2026-04-02,2026-05-16,4,10,9,45,0.088889,,,0.000000,,,,,,,,GLOBAL_BASELINE_NO_ENTITY_RANKING,,,NOT_APPLICABLE_GLOBAL_BASELINE,HF9g-P5,,,,X 全窗基线 · 不参与实体赏罚,6875016,688,A168_HF9F_20260827_0900,2026-08-27 09:00:00
2026-04-02,148122688,2115,0,81.1671199377,-35.7346151414,-35.7346151414,0.3333333,17,6,0.36206294883864335,0.264207518056,-0.14642811902144423,0.384030425017292,-0.14642811902144423,0.09785543078264335,ELIGIBLE,R03b_20260811_FULL_v1,L1_ELIGIBILITY,v2026-08-11,2026-03-21..2026-08-06,baccarat_bet02_101_all_pairs_incl_sentinel,round_win = game_pnl > 0 (decisive only),COMPATIBILITY_ONLY_NOT_PRODUCTION,1079.9357,1026.7485,168.5066,256,79,-0.15603392,,-0.15603392,-0.15603392,-168.5066,1079.9357,OK,0.0000,6.7403,4.0000,96.0000,AG03-UNRESOLVED,ALL5_LEVELS_bet23_to_bet27,6.7403,6.7403,6.7403,6.7403,6.7403,4.000000,4.000000,4.000000,4.000000,4.000000,96.000000,96.000000,96.000000,96.000000,96.000000,5.0,33.7013,31.1109,134.8053,137.3957,PENDING_AG03,FALSE,NOT_FOR_ENFORCEMENT,161.7663,985.6785,168.5066,161.7663,6.7403,0.15603392,0.14979256,6.7403,161.7663,0.14979256,6.7403,6.7403,6.7403,6.7403,6.7403,161.7663,0.14979256,33.7013,31.1109,134.8053,137.3957,0.12482714,0.1272258,0.00624136,4.2185,12.9968,2.1330,42.1267,16.8507,269.9839,19.7500,,4.2185,1.0541,2.1082,6.3247,10.5412,11.5953,17.8568,2.1082,-2.1006,5.5,8.470002,2.000961,7,13,5,8,0E-8,0.15603392,,0E-8,0.000000,0.950750,0.691406,,2026-04-02,2026-05-16,4,10,9,45,0.088889,,,0.000000,,,,,,,,GLOBAL_BASELINE_NO_ENTITY_RANKING,,,NOT_APPLICABLE_GLOBAL_BASELINE,HF9g-P5,,,,X 全窗基线 · 不参与实体赏罚,6875017,688,A168_HF9F_20260827_0900,2026-08-27 09:00:00
2026-04-02,148122688,2170,0,138.0895157382,-31.4127295343,-31.4127295343,0.4545455,26,11,0.39207147695831541,0.303420648485,0.4244109843646571,1.0902453290094805,0.4244109843646571,0.08865082847331541,ELIGIBLE,R03b_20260811_FULL_v1,L1_ELIGIBILITY,v2026-08-11,2026-03-21..2026-08-06,baccarat_bet02_101_all_pairs_incl_sentinel,round_win = game_pnl > 0 (decisive only),COMPATIBILITY_ONLY_NOT_PRODUCTION,1079.9357,1026.7485,168.5066,256,79,-0.15603392,,-0.15603392,-0.15603392,-168.5066,1079.9357,OK,0.0000,6.7403,4.0000,96.0000,AG03-UNRESOLVED,ALL5_LEVELS_bet23_to_bet27,6.7403,6.7403,6.7403,6.7403,6.7403,4.000000,4.000000,4.000000,4.000000,4.000000,96.000000,96.000000,96.000000,96.000000,96.000000,5.0,33.7013,31.1109,134.8053,137.3957,PENDING_AG03,FALSE,NOT_FOR_ENFORCEMENT,161.7663,985.6785,168.5066,161.7663,6.7403,0.15603392,0.14979256,6.7403,161.7663,0.14979256,6.7403,6.7403,6.7403,6.7403,6.7403,161.7663,0.14979256,33.7013,31.1109,134.8053,137.3957,0.12482714,0.1272258,0.00624136,4.2185,12.9968,2.1330,42.1267,16.8507,269.9839,19.7500,,4.2185,1.0541,2.1082,6.3247,10.5412,11.5953,17.8568,2.1082,-2.1006,5.5,8.470002,2.000961,7,13,5,8,0E-8,0.15603392,,0E-8,0.000000,0.950750,0.691406,,2026-04-02,2026-05-16,4,10,9,45,0.088889,,,0.000000,,,,,,,,GLOBAL_BASELINE_NO_ENTITY_RANKING,,,NOT_APPLICABLE_GLOBAL_BASELINE,HF9g-P5,,,,X 全窗基线 · 不参与实体赏罚,6875018,688,A168_HF9F_20260827_0900,2026-08-27 09:00:00
2026-04-02,148122688,2233,0,116.3746758586,-38.7915586194,-38.7915586194,0.5000000,23,6,0.32824028626045536,0.226174226389,0.895971125583451,1.6032704807646374,0.895971125583451,0.10206605987145536,ELIGIBLE,R03b_20260811_FULL_v1,L1_ELIGIBILITY,v2026-08-11,2026-03-21..2026-08-06,baccarat_bet02_101_all_pairs_incl_sentinel,round_win = game_pnl > 0 (decisive only),COMPATIBILITY_ONLY_NOT_PRODUCTION,1079.9357,1026.7485,168.5066,256,79,-0.15603392,,-0.15603392,-0.15603392,-168.5066,1079.9357,OK,0.0000,6.7403,4.0000,96.0000,AG03-UNRESOLVED,ALL5_LEVELS_bet23_to_bet27,6.7403,6.7403,6.7403,6.7403,6.7403,4.000000,4.000000,4.000000,4.000000,4.000000,96.000000,96.000000,96.000000,96.000000,96.000000,5.0,33.7013,31.1109,134.8053,137.3957,PENDING_AG03,FALSE,NOT_FOR_ENFORCEMENT,161.7663,985.6785,168.5066,161.7663,6.7403,0.15603392,0.14979256,6.7403,161.7663,0.14979256,6.7403,6.7403,6.7403,6.7403,6.7403,161.7663,0.14979256,33.7013,31.1109,134.8053,137.3957,0.12482714,0.1272258,0.00624136,4.2185,12.9968,2.1330,42.1267,16.8507,269.9839,19.7500,,4.2185,1.0541,2.1082,6.3247,10.5412,11.5953,17.8568,2.1082,-2.1006,5.5,8.470002,2.000961,7,13,5,8,0E-8,0.15603392,,0E-8,0.000000,0.950750,0.691406,,2026-04-02,2026-05-16,4,10,9,45,0.088889,,,0.000000,,,,,,,,GLOBAL_BASELINE_NO_ENTITY_RANKING,,,NOT_APPLICABLE_GLOBAL_BASELINE,HF9g-P5,,,,X 全窗基线 · 不参与实体赏罚,6875019,688,A168_HF9F_20260827_0900,2026-08-27 09:00:00
2026-04-10,148122688,-1,1,188.2655535160,-68.6231104914,-68.6231104914,0.5000000,51,11,0.31494610931161023,0.172304713485,1.2598467732056007,2.7440143275191042,1.2598467732056007,0.14264139582661023,SENTINEL_DEALER,R03b_20260811_FULL_v1,L1_ELIGIBILITY,v2026-08-11,2026-03-21..2026-08-06,baccarat_bet02_101_all_pairs_incl_sentinel,round_win = game_pnl > 0 (decisive only),COMPATIBILITY_ONLY_NOT_PRODUCTION,1079.9357,1026.7485,168.5066,256,79,-0.15603392,,-0.15603392,-0.15603392,-168.5066,1079.9357,OK,0.0000,6.7403,4.0000,96.0000,AG03-UNRESOLVED,ALL5_LEVELS_bet23_to_bet27,6.7403,6.7403,6.7403,6.7403,6.7403,4.000000,4.000000,4.000000,4.000000,4.000000,96.000000,96.000000,96.000000,96.000000,96.000000,5.0,33.7013,31.1109,134.8053,137.3957,PENDING_AG03,FALSE,NOT_FOR_ENFORCEMENT,161.7663,985.6785,168.5066,161.7663,6.7403,0.15603392,0.14979256,6.7403,161.7663,0.14979256,6.7403,6.7403,6.7403,6.7403,6.7403,161.7663,0.14979256,33.7013,31.1109,134.8053,137.3957,0.12482714,0.1272258,0.00624136,4.2185,12.9968,2.1330,42.1267,16.8507,269.9839,19.7500,,4.2185,1.0541,2.1082,6.3247,10.5412,11.5953,17.8568,2.1082,-2.1006,5.5,8.470002,2.000961,7,13,5,8,0E-8,0.15603392,,0E-8,0.000000,0.950750,0.691406,,2026-04-02,2026-05-16,4,10,9,45,0.088889,,,0.000000,,,,,,,,GLOBAL_BASELINE_NO_ENTITY_RANKING,,,NOT_APPLICABLE_GLOBAL_BASELINE,HF9g-P5,,,,X 全窗基线 · 不参与实体赏罚,6875020,688,A168_HF9F_20260827_0900,2026-08-27 09:00:00
2026-04-10,148122688,1485,0,10.5411844075,-10.5411844075,-10.5411844075,0E-7,1,1,0.49324550000000000,0.493245500000,-0.9865810262130424,-0.9865810262130424,-0.9865810262130424,0E-17,ELIGIBLE,R03b_20260811_FULL_v1,L1_ELIGIBILITY,v2026-08-11,2026-03-21..2026-08-06,baccarat_bet02_101_all_pairs_incl_sentinel,round_win = game_pnl > 0 (decisive only),COMPATIBILITY_ONLY_NOT_PRODUCTION,1079.9357,1026.7485,168.5066,256,79,-0.15603392,,-0.15603392,-0.15603392,-168.5066,1079.9357,OK,0.0000,6.7403,4.0000,96.0000,AG03-UNRESOLVED,ALL5_LEVELS_bet23_to_bet27,6.7403,6.7403,6.7403,6.7403,6.7403,4.000000,4.000000,4.000000,4.000000,4.000000,96.000000,96.000000,96.000000,96.000000,96.000000,5.0,33.7013,31.1109,134.8053,137.3957,PENDING_AG03,FALSE,NOT_FOR_ENFORCEMENT,161.7663,985.6785,168.5066,161.7663,6.7403,0.15603392,0.14979256,6.7403,161.7663,0.14979256,6.7403,6.7403,6.7403,6.7403,6.7403,161.7663,0.14979256,33.7013,31.1109,134.8053,137.3957,0.12482714,0.1272258,0.00624136,4.2185,12.9968,2.1330,42.1267,16.8507,269.9839,19.7500,,4.2185,1.0541,2.1082,6.3247,10.5412,11.5953,17.8568,2.1082,-2.1006,5.5,8.470002,2.000961,7,13,5,8,0E-8,0.15603392,,0E-8,0.000000,0.950750,0.691406,,2026-04-02,2026-05-16,4,10,9,45,0.088889,,,0.000000,,,,,,,,GLOBAL_BASELINE_NO_ENTITY_RANKING,,,NOT_APPLICABLE_GLOBAL_BASELINE,HF9g-P5,,,,X 全窗基线 · 不参与实体赏罚,6875021,688,A168_HF9F_20260827_0900,2026-08-27 09:00:00
2026-04-10,148122688,2218,0,197.1201484187,27.4070794607,27.4070794607,0.6666667,55,12,0.33392448567573474,0.169752964167,2.444064228262661,4.585210154819122,2.444064228262661,0.16417152150873474,ELIGIBLE,R03b_20260811_FULL_v1,L1_ELIGIBILITY,v2026-08-11,2026-03-21..2026-08-06,baccarat_bet02_101_all_pairs_incl_sentinel,round_win = game_pnl > 0 (decisive only),COMPATIBILITY_ONLY_NOT_PRODUCTION,1079.9357,1026.7485,168.5066,256,79,-0.15603392,,-0.15603392,-0.15603392,-168.5066,1079.9357,OK,0.0000,6.7403,4.0000,96.0000,AG03-UNRESOLVED,ALL5_LEVELS_bet23_to_bet27,6.7403,6.7403,6.7403,6.7403,6.7403,4.000000,4.000000,4.000000,4.000000,4.000000,96.000000,96.000000,96.000000,96.000000,96.000000,5.0,33.7013,31.1109,134.8053,137.3957,PENDING_AG03,FALSE,NOT_FOR_ENFORCEMENT,161.7663,985.6785,168.5066,161.7663,6.7403,0.15603392,0.14979256,6.7403,161.7663,0.14979256,6.7403,6.7403,6.7403,6.7403,6.7403,161.7663,0.14979256,33.7013,31.1109,134.8053,137.3957,0.12482714,0.1272258,0.00624136,4.2185,12.9968,2.1330,42.1267,16.8507,269.9839,19.7500,,4.2185,1.0541,2.1082,6.3247,10.5412,11.5953,17.8568,2.1082,-2.1006,5.5,8.470002,2.000961,7,13,5,8,0E-8,0.15603392,,0E-8,0.000000,0.950750,0.691406,,2026-04-02,2026-05-16,4,10,9,45,0.088889,,,0.000000,,,,,,,,GLOBAL_BASELINE_NO_ENTITY_RANKING,,,NOT_APPLICABLE_GLOBAL_BASELINE,HF9g-P5,,,,X 全窗基线 · 不参与实体赏罚,6875022,688,A168_HF9F_20260827_0900,2026-08-27 09:00:00
2026-04-10,148122688,2250,0,11.5953028482,9.4870659668,9.4870659668,1.0000000,2,1,0.45011726363822337,0.256040200000,1.105279735355698,1.7045928232243774,1.105279735355698,0.19407706363822337,ELIGIBLE,R03b_20260811_FULL_v1,L1_ELIGIBILITY,v2026-08-11,2026-03-21..2026-08-06,baccarat_bet02_101_all_pairs_incl_sentinel,round_win = game_pnl > 0 (decisive only),COMPATIBILITY_ONLY_NOT_PRODUCTION,1079.9357,1026.7485,168.5066,256,79,-0.15603392,,-0.15603392,-0.15603392,-168.5066,1079.9357,OK,0.0000,6.7403,4.0000,96.0000,AG03-UNRESOLVED,ALL5_LEVELS_bet23_to_bet27,6.7403,6.7403,6.7403,6.7403,6.7403,4.000000,4.000000,4.000000,4.000000,4.000000,96.000000,96.000000,96.000000,96.000000,96.000000,5.0,33.7013,31.1109,134.8053,137.3957,PENDING_AG03,FALSE,NOT_FOR_ENFORCEMENT,161.7663,985.6785,168.5066,161.7663,6.7403,0.15603392,0.14979256,6.7403,161.7663,0.14979256,6.7403,6.7403,6.7403,6.7403,6.7403,161.7663,0.14979256,33.7013,31.1109,134.8053,137.3957,0.12482714,0.1272258,0.00624136,4.2185,12.9968,2.1330,42.1267,16.8507,269.9839,19.7500,,4.2185,1.0541,2.1082,6.3247,10.5412,11.5953,17.8568,2.1082,-2.1006,5.5,8.470002,2.000961,7,13,5,8,0E-8,0.15603392,,0E-8,0.000000,0.950750,0.691406,,2026-04-02,2026-05-16,4,10,9,45,0.088889,,,0.000000,,,,,,,,GLOBAL_BASELINE_NO_ENTITY_RANKING,,,NOT_APPLICABLE_GLOBAL_BASELINE,HF9g-P5,,,,X 全窗基线 · 不参与实体赏罚,6875023,688,A168_HF9F_20260827_0900,2026-08-27 09:00:00
2026-04-30,148122688,1402,0,52.7059220370,-21.0823688146,-21.0823688146,0.3333333,16,6,0.39468202095414232,0.270849309722,-0.30744359054584147,0.34440710390740825,-0.30744359054584147,0.12383271123214232,ELIGIBLE,R03b_20260811_FULL_v1,L1_ELIGIBILITY,v2026-08-11,2026-03-21..2026-08-06,baccarat_bet02_101_all_pairs_incl_sentinel,round_win = game_pnl > 0 (decisive only),COMPATIBILITY_ONLY_NOT_PRODUCTION,1079.9357,1026.7485,168.5066,256,79,-0.15603392,,-0.15603392,-0.15603392,-168.5066,1079.9357,OK,0.0000,6.7403,4.0000,96.0000,AG03-UNRESOLVED,ALL5_LEVELS_bet23_to_bet27,6.7403,6.7403,6.7403,6.7403,6.7403,4.000000,4.000000,4.000000,4.000000,4.000000,96.000000,96.000000,96.000000,96.000000,96.000000,5.0,33.7013,31.1109,134.8053,137.3957,PENDING_AG03,FALSE,NOT_FOR_ENFORCEMENT,161.7663,985.6785,168.5066,161.7663,6.7403,0.15603392,0.14979256,6.7403,161.7663,0.14979256,6.7403,6.7403,6.7403,6.7403,6.7403,161.7663,0.14979256,33.7013,31.1109,134.8053,137.3957,0.12482714,0.1272258,0.00624136,4.2185,12.9968,2.1330,42.1267,16.8507,269.9839,19.7500,,4.2185,1.0541,2.1082,6.3247,10.5412,11.5953,17.8568,2.1082,-2.1006,5.5,8.470002,2.000961,7,13,5,8,0E-8,0.15603392,,0E-8,0.000000,0.950750,0.691406,,2026-04-02,2026-05-16,4,10,9,45,0.088889,,,0.000000,,,,,,,,GLOBAL_BASELINE_NO_ENTITY_RANKING,,,NOT_APPLICABLE_GLOBAL_BASELINE,HF9g-P5,,,,X 全窗基线 · 不参与实体赏罚,6875024,688,A168_HF9F_20260827_0900,2026-08-27 09:00:00
2026-05-16,148122688,1109,0,72.4713790566,15.7546476211,15.7546476211,0.5000000,14,6,0.40119553192993281,0.280011927778,0.4937779014902073,1.2001177042179545,0.4937779014902073,0.12118360415193281,ELIGIBLE,R03b_20260811_FULL_v1,L1_ELIGIBILITY,v2026-08-11,2026-03-21..2026-08-06,baccarat_bet02_101_all_pairs_incl_sentinel,round_win = game_pnl > 0 (decisive only),COMPATIBILITY_ONLY_NOT_PRODUCTION,1079.9357,1026.7485,168.5066,256,79,-0.15603392,,-0.15603392,-0.15603392,-168.5066,1079.9357,OK,0.0000,6.7403,4.0000,96.0000,AG03-UNRESOLVED,ALL5_LEVELS_bet23_to_bet27,6.7403,6.7403,6.7403,6.7403,6.7403,4.000000,4.000000,4.000000,4.000000,4.000000,96.000000,96.000000,96.000000,96.000000,96.000000,5.0,33.7013,31.1109,134.8053,137.3957,PENDING_AG03,FALSE,NOT_FOR_ENFORCEMENT,161.7663,985.6785,168.5066,161.7663,6.7403,0.15603392,0.14979256,6.7403,161.7663,0.14979256,6.7403,6.7403,6.7403,6.7403,6.7403,161.7663,0.14979256,33.7013,31.1109,134.8053,137.3957,0.12482714,0.1272258,0.00624136,4.2185,12.9968,2.1330,42.1267,16.8507,269.9839,19.7500,,4.2185,1.0541,2.1082,6.3247,10.5412,11.5953,17.8568,2.1082,-2.1006,5.5,8.470002,2.000961,7,13,5,8,0E-8,0.15603392,,0E-8,0.000000,0.950750,0.691406,,2026-04-02,2026-05-16,4,10,9,45,0.088889,,,0.000000,,,,,,,,GLOBAL_BASELINE_NO_ENTITY_RANKING,,,NOT_APPLICABLE_GLOBAL_BASELINE,HF9g-P5,,,,X 全窗基线 · 不参与实体赏罚,6875025,688,A168_HF9F_20260827_0900,2026-08-27 09:00:00
2026-05-16,148122688,1941,0,133.3893498578,-57.7670412770,-57.7670412770,0.3333333,34,12,0.38268452450517076,0.266138133333,-0.3517339023005493,0.5267058719494943,-0.3517339023005493,0.11654639117217076,ELIGIBLE,R03b_20260811_FULL_v1,L1_ELIGIBILITY,v2026-08-11,2026-03-21..2026-08-06,baccarat_bet02_101_all_pairs_incl_sentinel,round_win = game_pnl > 0 (decisive only),COMPATIBILITY_ONLY_NOT_PRODUCTION,1079.9357,1026.7485,168.5066,256,79,-0.15603392,,-0.15603392,-0.15603392,-168.5066,1079.9357,OK,0.0000,6.7403,4.0000,96.0000,AG03-UNRESOLVED,ALL5_LEVELS_bet23_to_bet27,6.7403,6.7403,6.7403,6.7403,6.7403,4.000000,4.000000,4.000000,4.000000,4.000000,96.000000,96.000000,96.000000,96.000000,96.000000,5.0,33.7013,31.1109,134.8053,137.3957,PENDING_AG03,FALSE,NOT_FOR_ENFORCEMENT,161.7663,985.6785,168.5066,161.7663,6.7403,0.15603392,0.14979256,6.7403,161.7663,0.14979256,6.7403,6.7403,6.7403,6.7403,6.7403,161.7663,0.14979256,33.7013,31.1109,134.8053,137.3957,0.12482714,0.1272258,0.00624136,4.2185,12.9968,2.1330,42.1267,16.8507,269.9839,19.7500,,4.2185,1.0541,2.1082,6.3247,10.5412,11.5953,17.8568,2.1082,-2.1006,5.5,8.470002,2.000961,7,13,5,8,0E-8,0.15603392,,0E-8,0.000000,0.950750,0.691406,,2026-04-02,2026-05-16,4,10,9,45,0.088889,,,0.000000,,,,,,,,GLOBAL_BASELINE_NO_ENTITY_RANKING,,,NOT_APPLICABLE_GLOBAL_BASELINE,HF9g-P5,,,,X 全窗基线 · 不参与实体赏罚,6875026,688,A168_HF9F_20260827_0900,2026-08-27 09:00:00
2026-03-24,34351174,-1,1,88.0359186548,0E-10,0E-10,0.3333333,3,3,0.49771390000000000,0.497713900000,-0.5694369385616226,-0.5694369385616226,-0.5694369385616226,0E-17,SENTINEL_DEALER,R03b_20260811_FULL_v1,L1_ELIGIBILITY,v2026-08-11,2026-03-21..2026-08-06,baccarat_bet02_101_all_pairs_incl_sentinel,round_win = game_pnl > 0 (decisive only),COMPATIBILITY_ONLY_NOT_PRODUCTION,17311.0105,15440.3509,168.5069,506,497,-0.00973409,,-0.00973409,-0.00973409,-168.5069,17311.0105,OK,0.0000,6.7403,4.0000,96.0000,AG03-UNRESOLVED,ALL5_LEVELS_bet23_to_bet27,6.7403,6.7403,6.7403,8.4253,23.5910,4.000000,4.000000,4.000000,5.000000,14.000000,96.000000,96.000000,96.000000,95.000000,86.000000,5.0,52.2371,46.7052,116.2697,121.8017,PENDING_AG03,FALSE,NOT_FOR_ENFORCEMENT,161.7666,14822.7368,168.5069,161.7666,6.7403,0.00973409,0.00934472,6.7403,161.7666,0.00934472,6.7403,6.7403,6.7403,8.4253,23.5910,161.7666,0.00934472,52.2371,46.7052,116.2697,121.8017,0.00671652,0.00703608,0.00038936,34.2115,31.0671,0.3390,24.0724,1.0275,2473.0015,71.0000,,34.2115,21.0824,22.009,44.018,68.7781,88.0359,110.0449,22.009,0.0,4.0,5.0,1.554433,20,86,6,6,0E-8,0.00973409,,0E-8,0.000000,0.891938,0.887352,,2026-03-24,2026-04-13,7,164,68,21,0.333333,,,0.000000,,,,,,,,GLOBAL_BASELINE_NO_ENTITY_RANKING,,,NOT_APPLICABLE_GLOBAL_BASELINE,HF9g-P5,,,,X 全窗基线 · 不参与实体赏罚,6875027,688,A168_HF9F_20260827_0900,2026-08-27 09:00:00
2026-03-24,34351174,1094,0,22.0089796637,0E-10,0E-10,,1,1,0.49324550000000000,0.493245500000,,,,0E-17,NO_DECISIVE_ROUND,R03b_20260811_FULL_v1,L1_ELIGIBILITY,v2026-08-11,2026-03-21..2026-08-06,baccarat_bet02_101_all_pairs_incl_sentinel,round_win = game_pnl > 0 (decisive only),COMPATIBILITY_ONLY_NOT_PRODUCTION,17311.0105,15440.3509,168.5069,506,497,-0.00973409,,-0.00973409,-0.00973409,-168.5069,17311.0105,OK,0.0000,6.7403,4.0000,96.0000,AG03-UNRESOLVED,ALL5_LEVELS_bet23_to_bet27,6.7403,6.7403,6.7403,8.4253,23.5910,4.000000,4.000000,4.000000,5.000000,14.000000,96.000000,96.000000,96.000000,95.000000,86.000000,5.0,52.2371,46.7052,116.2697,121.8017,PENDING_AG03,FALSE,NOT_FOR_ENFORCEMENT,161.7666,14822.7368,168.5069,161.7666,6.7403,0.00973409,0.00934472,6.7403,161.7666,0.00934472,6.7403,6.7403,6.7403,8.4253,23.5910,161.7666,0.00934472,52.2371,46.7052,116.2697,121.8017,0.00671652,0.00703608,0.00038936,34.2115,31.0671,0.3390,24.0724,1.0275,2473.0015,71.0000,,34.2115,21.0824,22.009,44.018,68.7781,88.0359,110.0449,22.009,0.0,4.0,5.0,1.554433,20,86,6,6,0E-8,0.00973409,,0E-8,0.000000,0.891938,0.887352,,2026-03-24,2026-04-13,7,164,68,21,0.333333,,,0.000000,,,,,,,,GLOBAL_BASELINE_NO_ENTITY_RANKING,,,NOT_APPLICABLE_GLOBAL_BASELINE,HF9g-P5,,,,X 全窗基线 · 不参与实体赏罚,6875028,688,A168_HF9F_20260827_0900,2026-08-27 09:00:00
2026-03-24,34351174,1115,0,66.0269389911,44.0179593274,44.0179593274,1.0000000,2,2,0.49994810000000000,0.499948100000,1.4143603653603398,1.4143603653603398,1.4143603653603398,0E-17,ELIGIBLE,R03b_20260811_FULL_v1,L1_ELIGIBILITY,v2026-08-11,2026-03-21..2026-08-06,baccarat_bet02_101_all_pairs_incl_sentinel,round_win = game_pnl > 0 (decisive only),COMPATIBILITY_ONLY_NOT_PRODUCTION,17311.0105,15440.3509,168.5069,506,497,-0.00973409,,-0.00973409,-0.00973409,-168.5069,17311.0105,OK,0.0000,6.7403,4.0000,96.0000,AG03-UNRESOLVED,ALL5_LEVELS_bet23_to_bet27,6.7403,6.7403,6.7403,8.4253,23.5910,4.000000,4.000000,4.000000,5.000000,14.000000,96.000000,96.000000,96.000000,95.000000,86.000000,5.0,52.2371,46.7052,116.2697,121.8017,PENDING_AG03,FALSE,NOT_FOR_ENFORCEMENT,161.7666,14822.7368,168.5069,161.7666,6.7403,0.00973409,0.00934472,6.7403,161.7666,0.00934472,6.7403,6.7403,6.7403,8.4253,23.5910,161.7666,0.00934472,52.2371,46.7052,116.2697,121.8017,0.00671652,0.00703608,0.00038936,34.2115,31.0671,0.3390,24.0724,1.0275,2473.0015,71.0000,,34.2115,21.0824,22.009,44.018,68.7781,88.0359,110.0449,22.009,0.0,4.0,5.0,1.554433,20,86,6,6,0E-8,0.00973409,,0E-8,0.000000,0.891938,0.887352,,2026-03-24,2026-04-13,7,164,68,21,0.333333,,,0.000000,,,,,,,,GLOBAL_BASELINE_NO_ENTITY_RANKING,,,NOT_APPLICABLE_GLOBAL_BASELINE,HF9g-P5,,,,X 全窗基线 · 不参与实体赏罚,6875029,688,A168_HF9F_20260827_0900,2026-08-27 09:00:00
2026-03-24,34351174,1151,0,22.0089796637,22.0089796637,22.0089796637,1.0000000,1,1,0.50665070000000000,0.506650700000,0.9867858985152569,0.9867858985152569,0.9867858985152569,0E-17,ELIGIBLE,R03b_20260811_FULL_v1,L1_ELIGIBILITY,v2026-08-11,2026-03-21..2026-08-06,baccarat_bet02_101_all_pairs_incl_sentinel,round_win = game_pnl > 0 (decisive only),COMPATIBILITY_ONLY_NOT_PRODUCTION,17311.0105,15440.3509,168.5069,506,497,-0.00973409,,-0.00973409,-0.00973409,-168.5069,17311.0105,OK,0.0000,6.7403,4.0000,96.0000,AG03-UNRESOLVED,ALL5_LEVELS_bet23_to_bet27,6.7403,6.7403,6.7403,8.4253,23.5910,4.000000,4.000000,4.000000,5.000000,14.000000,96.000000,96.000000,96.000000,95.000000,86.000000,5.0,52.2371,46.7052,116.2697,121.8017,PENDING_AG03,FALSE,NOT_FOR_ENFORCEMENT,161.7666,14822.7368,168.5069,161.7666,6.7403,0.00973409,0.00934472,6.7403,161.7666,0.00934472,6.7403,6.7403,6.7403,8.4253,23.5910,161.7666,0.00934472,52.2371,46.7052,116.2697,121.8017,0.00671652,0.00703608,0.00038936,34.2115,31.0671,0.3390,24.0724,1.0275,2473.0015,71.0000,,34.2115,21.0824,22.009,44.018,68.7781,88.0359,110.0449,22.009,0.0,4.0,5.0,1.554433,20,86,6,6,0E-8,0.00973409,,0E-8,0.000000,0.891938,0.887352,,2026-03-24,2026-04-13,7,164,68,21,0.333333,,,0.000000,,,,,,,,GLOBAL_BASELINE_NO_ENTITY_RANKING,,,NOT_APPLICABLE_GLOBAL_BASELINE,HF9g-P5,,,,X 全窗基线 · 不参与实体赏罚,6875030,688,A168_HF9F_20260827_0900,2026-08-27 09:00:00
2026-03-24,34351174,1205,0,88.0359186548,44.0179593274,44.0179593274,0.5000000,2,2,0.50665070000000000,0.506650700000,-0.018812684590367487,-0.018812684590367487,-0.018812684590367487,0E-17,ELIGIBLE,R03b_20260811_FULL_v1,L1_ELIGIBILITY,v2026-08-11,2026-03-21..2026-08-06,baccarat_bet02_101_all_pairs_incl_sentinel,round_win = game_pnl > 0 (decisive only),COMPATIBILITY_ONLY_NOT_PRODUCTION,17311.0105,15440.3509,168.5069,506,497,-0.00973409,,-0.00973409,-0.00973409,-168.5069,17311.0105,OK,0.0000,6.7403,4.0000,96.0000,AG03-UNRESOLVED,ALL5_LEVELS_bet23_to_bet27,6.7403,6.7403,6.7403,8.4253,23.5910,4.000000,4.000000,4.000000,5.000000,14.000000,96.000000,96.000000,96.000000,95.000000,86.000000,5.0,52.2371,46.7052,116.2697,121.8017,PENDING_AG03,FALSE,NOT_FOR_ENFORCEMENT,161.7666,14822.7368,168.5069,161.7666,6.7403,0.00973409,0.00934472,6.7403,161.7666,0.00934472,6.7403,6.7403,6.7403,8.4253,23.5910,161.7666,0.00934472,52.2371,46.7052,116.2697,121.8017,0.00671652,0.00703608,0.00038936,34.2115,31.0671,0.3390,24.0724,1.0275,2473.0015,71.0000,,34.2115,21.0824,22.009,44.018,68.7781,88.0359,110.0449,22.009,0.0,4.0,5.0,1.554433,20,86,6,6,0E-8,0.00973409,,0E-8,0.000000,0.891938,0.887352,,2026-03-24,2026-04-13,7,164,68,21,0.333333,,,0.000000,,,,,,,,GLOBAL_BASELINE_NO_ENTITY_RANKING,,,NOT_APPLICABLE_GLOBAL_BASELINE,HF9g-P5,,,,X 全窗基线 · 不参与实体赏罚,6875031,688,A168_HF9F_20260827_0900,2026-08-27 09:00:00
2026-03-24,34351174,1291,0,22.0089796637,-22.0089796637,-22.0089796637,0E-7,1,1,0.50665070000000000,0.506650700000,-1.013391052207602,-1.013391052207602,-1.013391052207602,0E-17,ELIGIBLE,R03b_20260811_FULL_v1,L1_ELIGIBILITY,v2026-08-11,2026-03-21..2026-08-06,baccarat_bet02_101_all_pairs_incl_sentinel,round_win = game_pnl > 0 (decisive only),COMPATIBILITY_ONLY_NOT_PRODUCTION,17311.0105,15440.3509,168.5069,506,497,-0.00973409,,-0.00973409,-0.00973409,-168.5069,17311.0105,OK,0.0000,6.7403,4.0000,96.0000,AG03-UNRESOLVED,ALL5_LEVELS_bet23_to_bet27,6.7403,6.7403,6.7403,8.4253,23.5910,4.000000,4.000000,4.000000,5.000000,14.000000,96.000000,96.000000,96.000000,95.000000,86.000000,5.0,52.2371,46.7052,116.2697,121.8017,PENDING_AG03,FALSE,NOT_FOR_ENFORCEMENT,161.7666,14822.7368,168.5069,161.7666,6.7403,0.00973409,0.00934472,6.7403,161.7666,0.00934472,6.7403,6.7403,6.7403,8.4253,23.5910,161.7666,0.00934472,52.2371,46.7052,116.2697,121.8017,0.00671652,0.00703608,0.00038936,34.2115,31.0671,0.3390,24.0724,1.0275,2473.0015,71.0000,,34.2115,21.0824,22.009,44.018,68.7781,88.0359,110.0449,22.009,0.0,4.0,5.0,1.554433,20,86,6,6,0E-8,0.00973409,,0E-8,0.000000,0.891938,0.887352,,2026-03-24,2026-04-13,7,164,68,21,0.333333,,,0.000000,,,,,,,,GLOBAL_BASELINE_NO_ENTITY_RANKING,,,NOT_APPLICABLE_GLOBAL_BASELINE,HF9g-P5,,,,X 全窗基线 · 不参与实体赏罚,6875032,688,A168_HF9F_20260827_0900,2026-08-27 09:00:00
2026-03-24,34351174,1302,0,44.0179593274,44.0179593274,44.0179593274,1.0000000,2,2,0.49994810000000000,0.499948100000,1.4143603653603398,1.4143603653603398,1.4143603653603398,0E-17,ELIGIBLE,R03b_20260811_FULL_v1,L1_ELIGIBILITY,v2026-08-11,2026-03-21..2026-08-06,baccarat_bet02_101_all_pairs_incl_sentinel,round_win = game_pnl > 0 (decisive only),COMPATIBILITY_ONLY_NOT_PRODUCTION,17311.0105,15440.3509,168.5069,506,497,-0.00973409,,-0.00973409,-0.00973409,-168.5069,17311.0105,OK,0.0000,6.7403,4.0000,96.0000,AG03-UNRESOLVED,ALL5_LEVELS_bet23_to_bet27,6.7403,6.7403,6.7403,8.4253,23.5910,4.000000,4.000000,4.000000,5.000000,14.000000,96.000000,96.000000,96.000000,95.000000,86.000000,5.0,52.2371,46.7052,116.2697,121.8017,PENDING_AG03,FALSE,NOT_FOR_ENFORCEMENT,161.7666,14822.7368,168.5069,161.7666,6.7403,0.00973409,0.00934472,6.7403,161.7666,0.00934472,6.7403,6.7403,6.7403,8.4253,23.5910,161.7666,0.00934472,52.2371,46.7052,116.2697,121.8017,0.00671652,0.00703608,0.00038936,34.2115,31.0671,0.3390,24.0724,1.0275,2473.0015,71.0000,,34.2115,21.0824,22.009,44.018,68.7781,88.0359,110.0449,22.009,0.0,4.0,5.0,1.554433,20,86,6,6,0E-8,0.00973409,,0E-8,0.000000,0.891938,0.887352,,2026-03-24,2026-04-13,7,164,68,21,0.333333,,,0.000000,,,,,,,,GLOBAL_BASELINE_NO_ENTITY_RANKING,,,NOT_APPLICABLE_GLOBAL_BASELINE,HF9g-P5,,,,X 全窗基线 · 不参与实体赏罚,6875033,688,A168_HF9F_20260827_0900,2026-08-27 09:00:00
2026-03-24,34351174,1304,0,44.0179593274,-44.0179593274,-44.0179593274,0E-7,2,2,0.49324550000000000,0.493245500000,-1.3952362676504506,-1.3952362676504506,-1.3952362676504506,0E-17,ELIGIBLE,R03b_20260811_FULL_v1,L1_ELIGIBILITY,v2026-08-11,2026-03-21..2026-08-06,baccarat_bet02_101_all_pairs_incl_sentinel,round_win = game_pnl > 0 (decisive only),COMPATIBILITY_ONLY_NOT_PRODUCTION,17311.0105,15440.3509,168.5069,506,497,-0.00973409,,-0.00973409,-0.00973409,-168.5069,17311.0105,OK,0.0000,6.7403,4.0000,96.0000,AG03-UNRESOLVED,ALL5_LEVELS_bet23_to_bet27,6.7403,6.7403,6.7403,8.4253,23.5910,4.000000,4.000000,4.000000,5.000000,14.000000,96.000000,96.000000,96.000000,95.000000,86.000000,5.0,52.2371,46.7052,116.2697,121.8017,PENDING_AG03,FALSE,NOT_FOR_ENFORCEMENT,161.7666,14822.7368,168.5069,161.7666,6.7403,0.00973409,0.00934472,6.7403,161.7666,0.00934472,6.7403,6.7403,6.7403,8.4253,23.5910,161.7666,0.00934472,52.2371,46.7052,116.2697,121.8017,0.00671652,0.00703608,0.00038936,34.2115,31.0671,0.3390,24.0724,1.0275,2473.0015,71.0000,,34.2115,21.0824,22.009,44.018,68.7781,88.0359,110.0449,22.009,0.0,4.0,5.0,1.554433,20,86,6,6,0E-8,0.00973409,,0E-8,0.000000,0.891938,0.887352,,2026-03-24,2026-04-13,7,164,68,21,0.333333,,,0.000000,,,,,,,,GLOBAL_BASELINE_NO_ENTITY_RANKING,,,NOT_APPLICABLE_GLOBAL_BASELINE,HF9g-P5,,,,X 全窗基线 · 不参与实体赏罚,6875034,688,A168_HF9F_20260827_0900,2026-08-27 09:00:00
2026-03-24,34351174,1318,0,33.0134694956,33.0134694956,33.0134694956,1.0000000,1,1,0.49324550000000000,0.493245500000,1.01360149184955,1.01360149184955,1.01360149184955,0E-17,ELIGIBLE,R03b_20260811_FULL_v1,L1_ELIGIBILITY,v2026-08-11,2026-03-21..2026-08-06,baccarat_bet02_101_all_pairs_incl_sentinel,round_win = game_pnl > 0 (decisive only),COMPATIBILITY_ONLY_NOT_PRODUCTION,17311.0105,15440.3509,168.5069,506,497,-0.00973409,,-0.00973409,-0.00973409,-168.5069,17311.0105,OK,0.0000,6.7403,4.0000,96.0000,AG03-UNRESOLVED,ALL5_LEVELS_bet23_to_bet27,6.7403,6.7403,6.7403,8.4253,23.5910,4.000000,4.000000,4.000000,5.000000,14.000000,96.000000,96.000000,96.000000,95.000000,86.000000,5.0,52.2371,46.7052,116.2697,121.8017,PENDING_AG03,FALSE,NOT_FOR_ENFORCEMENT,161.7666,14822.7368,168.5069,161.7666,6.7403,0.00973409,0.00934472,6.7403,161.7666,0.00934472,6.7403,6.7403,6.7403,8.4253,23.5910,161.7666,0.00934472,52.2371,46.7052,116.2697,121.8017,0.00671652,0.00703608,0.00038936,34.2115,31.0671,0.3390,24.0724,1.0275,2473.0015,71.0000,,34.2115,21.0824,22.009,44.018,68.7781,88.0359,110.0449,22.009,0.0,4.0,5.0,1.554433,20,86,6,6,0E-8,0.00973409,,0E-8,0.000000,0.891938,0.887352,,2026-03-24,2026-04-13,7,164,68,21,0.333333,,,0.000000,,,,,,,,GLOBAL_BASELINE_NO_ENTITY_RANKING,,,NOT_APPLICABLE_GLOBAL_BASELINE,HF9g-P5,,,,X 全窗基线 · 不参与实体赏罚,6875035,688,A168_HF9F_20260827_0900,2026-08-27 09:00:00
2026-03-24,34351174,1323,0,24.2098776301,22.9993837486,22.9993837486,1.0000000,1,1,0.50665070000000000,0.506650700000,0.9867858985152569,0.9867858985152569,0.9867858985152569,0E-17,ELIGIBLE,R03b_20260811_FULL_v1,L1_ELIGIBILITY,v2026-08-11,2026-03-21..2026-08-06,baccarat_bet02_101_all_pairs_incl_sentinel,round_win = game_pnl > 0 (decisive only),COMPATIBILITY_ONLY_NOT_PRODUCTION,17311.0105,15440.3509,168.5069,506,497,-0.00973409,,-0.00973409,-0.00973409,-168.5069,17311.0105,OK,0.0000,6.7403,4.0000,96.0000,AG03-UNRESOLVED,ALL5_LEVELS_bet23_to_bet27,6.7403,6.7403,6.7403,8.4253,23.5910,4.000000,4.000000,4.000000,5.000000,14.000000,96.000000,96.000000,96.000000,95.000000,86.000000,5.0,52.2371,46.7052,116.2697,121.8017,PENDING_AG03,FALSE,NOT_FOR_ENFORCEMENT,161.7666,14822.7368,168.5069,161.7666,6.7403,0.00973409,0.00934472,6.7403,161.7666,0.00934472,6.7403,6.7403,6.7403,8.4253,23.5910,161.7666,0.00934472,52.2371,46.7052,116.2697,121.8017,0.00671652,0.00703608,0.00038936,34.2115,31.0671,0.3390,24.0724,1.0275,2473.0015,71.0000,,34.2115,21.0824,22.009,44.018,68.7781,88.0359,110.0449,22.009,0.0,4.0,5.0,1.554433,20,86,6,6,0E-8,0.00973409,,0E-8,0.000000,0.891938,0.887352,,2026-03-24,2026-04-13,7,164,68,21,0.333333,,,0.000000,,,,,,,,GLOBAL_BASELINE_NO_ENTITY_RANKING,,,NOT_APPLICABLE_GLOBAL_BASELINE,HF9g-P5,,,,X 全窗基线 · 不参与实体赏罚,6875036,688,A168_HF9F_20260827_0900,2026-08-27 09:00:00
2026-03-24,34351174,1363,0,110.0448983185,-66.0269389911,-66.0269389911,0.2000000,5,5,0.50396966000000000,0.503969660000,-1.3594364909357963,-1.3594364909357963,-1.3594364909357963,0E-17,ELIGIBLE,R03b_20260811_FULL_v1,L1_ELIGIBILITY,v2026-08-11,2026-03-21..2026-08-06,baccarat_bet02_101_all_pairs_incl_sentinel,round_win = game_pnl > 0 (decisive only),COMPATIBILITY_ONLY_NOT_PRODUCTION,17311.0105,15440.3509,168.5069,506,497,-0.00973409,,-0.00973409,-0.00973409,-168.5069,17311.0105,OK,0.0000,6.7403,4.0000,96.0000,AG03-UNRESOLVED,ALL5_LEVELS_bet23_to_bet27,6.7403,6.7403,6.7403,8.4253,23.5910,4.000000,4.000000,4.000000,5.000000,14.000000,96.000000,96.000000,96.000000,95.000000,86.000000,5.0,52.2371,46.7052,116.2697,121.8017,PENDING_AG03,FALSE,NOT_FOR_ENFORCEMENT,161.7666,14822.7368,168.5069,161.7666,6.7403,0.00973409,0.00934472,6.7403,161.7666,0.00934472,6.7403,6.7403,6.7403,8.4253,23.5910,161.7666,0.00934472,52.2371,46.7052,116.2697,121.8017,0.00671652,0.00703608,0.00038936,34.2115,31.0671,0.3390,24.0724,1.0275,2473.0015,71.0000,,34.2115,21.0824,22.009,44.018,68.7781,88.0359,110.0449,22.009,0.0,4.0,5.0,1.554433,20,86,6,6,0E-8,0.00973409,,0E-8,0.000000,0.891938,0.887352,,2026-03-24,2026-04-13,7,164,68,21,0.333333,,,0.000000,,,,,,,,GLOBAL_BASELINE_NO_ENTITY_RANKING,,,NOT_APPLICABLE_GLOBAL_BASELINE,HF9g-P5,,,,X 全窗基线 · 不参与实体赏罚,6875037,688,A168_HF9F_20260827_0900,2026-08-27 09:00:00
2026-03-24,34351174,1383,0,66.0269389911,-22.0089796637,-22.0089796637,0E-7,2,2,0.49994810000000000,0.499948100000,-0.9998962053866608,-0.9998962053866608,-0.9998962053866608,0E-17,ELIGIBLE,R03b_20260811_FULL_v1,L1_ELIGIBILITY,v2026-08-11,2026-03-21..2026-08-06,baccarat_bet02_101_all_pairs_incl_sentinel,round_win = game_pnl > 0 (decisive only),COMPATIBILITY_ONLY_NOT_PRODUCTION,17311.0105,15440.3509,168.5069,506,497,-0.00973409,,-0.00973409,-0.00973409,-168.5069,17311.0105,OK,0.0000,6.7403,4.0000,96.0000,AG03-UNRESOLVED,ALL5_LEVELS_bet23_to_bet27,6.7403,6.7403,6.7403,8.4253,23.5910,4.000000,4.000000,4.000000,5.000000,14.000000,96.000000,96.000000,96.000000,95.000000,86.000000,5.0,52.2371,46.7052,116.2697,121.8017,PENDING_AG03,FALSE,NOT_FOR_ENFORCEMENT,161.7666,14822.7368,168.5069,161.7666,6.7403,0.00973409,0.00934472,6.7403,161.7666,0.00934472,6.7403,6.7403,6.7403,8.4253,23.5910,161.7666,0.00934472,52.2371,46.7052,116.2697,121.8017,0.00671652,0.00703608,0.00038936,34.2115,31.0671,0.3390,24.0724,1.0275,2473.0015,71.0000,,34.2115,21.0824,22.009,44.018,68.7781,88.0359,110.0449,22.009,0.0,4.0,5.0,1.554433,20,86,6,6,0E-8,0.00973409,,0E-8,0.000000,0.891938,0.887352,,2026-03-24,2026-04-13,7,164,68,21,0.333333,,,0.000000,,,,,,,,GLOBAL_BASELINE_NO_ENTITY_RANKING,,,NOT_APPLICABLE_GLOBAL_BASELINE,HF9g-P5,,,,X 全窗基线 · 不参与实体赏罚,6875038,688,A168_HF9F_20260827_0900,2026-08-27 09:00:00
2026-03-24,34351174,1491,0,1309.5342899902,-319.1302051236,-319.1302051236,0.3571429,16,16,0.50329940000000000,0.503299400000,-1.0937592300870267,-1.0937592300870267,-1.0937592300870267,0E-17,ELIGIBLE,R03b_20260811_FULL_v1,L1_ELIGIBILITY,v2026-08-11,2026-03-21..2026-08-06,baccarat_bet02_101_all_pairs_incl_sentinel,round_win = game_pnl > 0 (decisive only),COMPATIBILITY_ONLY_NOT_PRODUCTION,17311.0105,15440.3509,168.5069,506,497,-0.00973409,,-0.00973409,-0.00973409,-168.5069,17311.0105,OK,0.0000,6.7403,4.0000,96.0000,AG03-UNRESOLVED,ALL5_LEVELS_bet23_to_bet27,6.7403,6.7403,6.7403,8.4253,23.5910,4.000000,4.000000,4.000000,5.000000,14.000000,96.000000,96.000000,96.000000,95.000000,86.000000,5.0,52.2371,46.7052,116.2697,121.8017,PENDING_AG03,FALSE,NOT_FOR_ENFORCEMENT,161.7666,14822.7368,168.5069,161.7666,6.7403,0.00973409,0.00934472,6.7403,161.7666,0.00934472,6.7403,6.7403,6.7403,8.4253,23.5910,161.7666,0.00934472,52.2371,46.7052,116.2697,121.8017,0.00671652,0.00703608,0.00038936,34.2115,31.0671,0.3390,24.0724,1.0275,2473.0015,71.0000,,34.2115,21.0824,22.009,44.018,68.7781,88.0359,110.0449,22.009,0.0,4.0,5.0,1.554433,20,86,6,6,0E-8,0.00973409,,0E-8,0.000000,0.891938,0.887352,,2026-03-24,2026-04-13,7,164,68,21,0.333333,,,0.000000,,,,,,,,GLOBAL_BASELINE_NO_ENTITY_RANKING,,,NOT_APPLICABLE_GLOBAL_BASELINE,HF9g-P5,,,,X 全窗基线 · 不参与实体赏罚,6875039,688,A168_HF9F_20260827_0900,2026-08-27 09:00:00
2026-03-24,34351174,1507,0,22.0089796637,-22.0089796637,-22.0089796637,0E-7,1,1,0.50665070000000000,0.506650700000,-1.013391052207602,-1.013391052207602,-1.013391052207602,0E-17,ELIGIBLE,R03b_20260811_FULL_v1,L1_ELIGIBILITY,v2026-08-11,2026-03-21..2026-08-06,baccarat_bet02_101_all_pairs_incl_sentinel,round_win = game_pnl > 0 (decisive only),COMPATIBILITY_ONLY_NOT_PRODUCTION,17311.0105,15440.3509,168.5069,506,497,-0.00973409,,-0.00973409,-0.00973409,-168.5069,17311.0105,OK,0.0000,6.7403,4.0000,96.0000,AG03-UNRESOLVED,ALL5_LEVELS_bet23_to_bet27,6.7403,6.7403,6.7403,8.4253,23.5910,4.000000,4.000000,4.000000,5.000000,14.000000,96.000000,96.000000,96.000000,95.000000,86.000000,5.0,52.2371,46.7052,116.2697,121.8017,PENDING_AG03,FALSE,NOT_FOR_ENFORCEMENT,161.7666,14822.7368,168.5069,161.7666,6.7403,0.00973409,0.00934472,6.7403,161.7666,0.00934472,6.7403,6.7403,6.7403,8.4253,23.5910,161.7666,0.00934472,52.2371,46.7052,116.2697,121.8017,0.00671652,0.00703608,0.00038936,34.2115,31.0671,0.3390,24.0724,1.0275,2473.0015,71.0000,,34.2115,21.0824,22.009,44.018,68.7781,88.0359,110.0449,22.009,0.0,4.0,5.0,1.554433,20,86,6,6,0E-8,0.00973409,,0E-8,0.000000,0.891938,0.887352,,2026-03-24,2026-04-13,7,164,68,21,0.333333,,,0.000000,,,,,,,,GLOBAL_BASELINE_NO_ENTITY_RANKING,,,NOT_APPLICABLE_GLOBAL_BASELINE,HF9g-P5,,,,X 全窗基线 · 不参与实体赏罚,6875040,688,A168_HF9F_20260827_0900,2026-08-27 09:00:00
2026-03-24,34351174,1623,0,88.0359186548,-88.0359186548,-88.0359186548,0E-7,2,2,0.49324550000000000,0.493245500000,-1.3952362676504506,-1.3952362676504506,-1.3952362676504506,0E-17,ELIGIBLE,R03b_20260811_FULL_v1,L1_ELIGIBILITY,v2026-08-11,2026-03-21..2026-08-06,baccarat_bet02_101_all_pairs_incl_sentinel,round_win = game_pnl > 0 (decisive only),COMPATIBILITY_ONLY_NOT_PRODUCTION,17311.0105,15440.3509,168.5069,506,497,-0.00973409,,-0.00973409,-0.00973409,-168.5069,17311.0105,OK,0.0000,6.7403,4.0000,96.0000,AG03-UNRESOLVED,ALL5_LEVELS_bet23_to_bet27,6.7403,6.7403,6.7403,8.4253,23.5910,4.000000,4.000000,4.000000,5.000000,14.000000,96.000000,96.000000,96.000000,95.000000,86.000000,5.0,52.2371,46.7052,116.2697,121.8017,PENDING_AG03,FALSE,NOT_FOR_ENFORCEMENT,161.7666,14822.7368,168.5069,161.7666,6.7403,0.00973409,0.00934472,6.7403,161.7666,0.00934472,6.7403,6.7403,6.7403,8.4253,23.5910,161.7666,0.00934472,52.2371,46.7052,116.2697,121.8017,0.00671652,0.00703608,0.00038936,34.2115,31.0671,0.3390,24.0724,1.0275,2473.0015,71.0000,,34.2115,21.0824,22.009,44.018,68.7781,88.0359,110.0449,22.009,0.0,4.0,5.0,1.554433,20,86,6,6,0E-8,0.00973409,,0E-8,0.000000,0.891938,0.887352,,2026-03-24,2026-04-13,7,164,68,21,0.333333,,,0.000000,,,,,,,,GLOBAL_BASELINE_NO_ENTITY_RANKING,,,NOT_APPLICABLE_GLOBAL_BASELINE,HF9g-P5,,,,X 全窗基线 · 不参与实体赏罚,6875041,688,A168_HF9F_20260827_0900,2026-08-27 09:00:00
2026-03-24,34351174,1654,0,22.0089796637,0E-10,0E-10,,1,1,0.49324550000000000,0.493245500000,,,,0E-17,NO_DECISIVE_ROUND,R03b_20260811_FULL_v1,L1_ELIGIBILITY,v2026-08-11,2026-03-21..2026-08-06,baccarat_bet02_101_all_pairs_incl_sentinel,round_win = game_pnl > 0 (decisive only),COMPATIBILITY_ONLY_NOT_PRODUCTION,17311.0105,15440.3509,168.5069,506,497,-0.00973409,,-0.00973409,-0.00973409,-168.5069,17311.0105,OK,0.0000,6.7403,4.0000,96.0000,AG03-UNRESOLVED,ALL5_LEVELS_bet23_to_bet27,6.7403,6.7403,6.7403,8.4253,23.5910,4.000000,4.000000,4.000000,5.000000,14.000000,96.000000,96.000000,96.000000,95.000000,86.000000,5.0,52.2371,46.7052,116.2697,121.8017,PENDING_AG03,FALSE,NOT_FOR_ENFORCEMENT,161.7666,14822.7368,168.5069,161.7666,6.7403,0.00973409,0.00934472,6.7403,161.7666,0.00934472,6.7403,6.7403,6.7403,8.4253,23.5910,161.7666,0.00934472,52.2371,46.7052,116.2697,121.8017,0.00671652,0.00703608,0.00038936,34.2115,31.0671,0.3390,24.0724,1.0275,2473.0015,71.0000,,34.2115,21.0824,22.009,44.018,68.7781,88.0359,110.0449,22.009,0.0,4.0,5.0,1.554433,20,86,6,6,0E-8,0.00973409,,0E-8,0.000000,0.891938,0.887352,,2026-03-24,2026-04-13,7,164,68,21,0.333333,,,0.000000,,,,,,,,GLOBAL_BASELINE_NO_ENTITY_RANKING,,,NOT_APPLICABLE_GLOBAL_BASELINE,HF9g-P5,,,,X 全窗基线 · 不参与实体赏罚,6875042,688,A168_HF9F_20260827_0900,2026-08-27 09:00:00
2026-03-24,34351174,1702,0,22.0089796637,-22.0089796637,-22.0089796637,0E-7,1,1,0.50665070000000000,0.506650700000,-1.013391052207602,-1.013391052207602,-1.013391052207602,0E-17,ELIGIBLE,R03b_20260811_FULL_v1,L1_ELIGIBILITY,v2026-08-11,2026-03-21..2026-08-06,baccarat_bet02_101_all_pairs_incl_sentinel,round_win = game_pnl > 0 (decisive only),COMPATIBILITY_ONLY_NOT_PRODUCTION,17311.0105,15440.3509,168.5069,506,497,-0.00973409,,-0.00973409,-0.00973409,-168.5069,17311.0105,OK,0.0000,6.7403,4.0000,96.0000,AG03-UNRESOLVED,ALL5_LEVELS_bet23_to_bet27,6.7403,6.7403,6.7403,8.4253,23.5910,4.000000,4.000000,4.000000,5.000000,14.000000,96.000000,96.000000,96.000000,95.000000,86.000000,5.0,52.2371,46.7052,116.2697,121.8017,PENDING_AG03,FALSE,NOT_FOR_ENFORCEMENT,161.7666,14822.7368,168.5069,161.7666,6.7403,0.00973409,0.00934472,6.7403,161.7666,0.00934472,6.7403,6.7403,6.7403,8.4253,23.5910,161.7666,0.00934472,52.2371,46.7052,116.2697,121.8017,0.00671652,0.00703608,0.00038936,34.2115,31.0671,0.3390,24.0724,1.0275,2473.0015,71.0000,,34.2115,21.0824,22.009,44.018,68.7781,88.0359,110.0449,22.009,0.0,4.0,5.0,1.554433,20,86,6,6,0E-8,0.00973409,,0E-8,0.000000,0.891938,0.887352,,2026-03-24,2026-04-13,7,164,68,21,0.333333,,,0.000000,,,,,,,,GLOBAL_BASELINE_NO_ENTITY_RANKING,,,NOT_APPLICABLE_GLOBAL_BASELINE,HF9g-P5,,,,X 全窗基线 · 不参与实体赏罚,6875043,688,A168_HF9F_20260827_0900,2026-08-27 09:00:00
2026-03-24,34351174,1750,0,22.0089796637,0E-10,0E-10,,1,1,0.50665070000000000,0.506650700000,,,,0E-17,NO_DECISIVE_ROUND,R03b_20260811_FULL_v1,L1_ELIGIBILITY,v2026-08-11,2026-03-21..2026-08-06,baccarat_bet02_101_all_pairs_incl_sentinel,round_win = game_pnl > 0 (decisive only),COMPATIBILITY_ONLY_NOT_PRODUCTION,17311.0105,15440.3509,168.5069,506,497,-0.00973409,,-0.00973409,-0.00973409,-168.5069,17311.0105,OK,0.0000,6.7403,4.0000,96.0000,AG03-UNRESOLVED,ALL5_LEVELS_bet23_to_bet27,6.7403,6.7403,6.7403,8.4253,23.5910,4.000000,4.000000,4.000000,5.000000,14.000000,96.000000,96.000000,96.000000,95.000000,86.000000,5.0,52.2371,46.7052,116.2697,121.8017,PENDING_AG03,FALSE,NOT_FOR_ENFORCEMENT,161.7666,14822.7368,168.5069,161.7666,6.7403,0.00973409,0.00934472,6.7403,161.7666,0.00934472,6.7403,6.7403,6.7403,8.4253,23.5910,161.7666,0.00934472,52.2371,46.7052,116.2697,121.8017,0.00671652,0.00703608,0.00038936,34.2115,31.0671,0.3390,24.0724,1.0275,2473.0015,71.0000,,34.2115,21.0824,22.009,44.018,68.7781,88.0359,110.0449,22.009,0.0,4.0,5.0,1.554433,20,86,6,6,0E-8,0.00973409,,0E-8,0.000000,0.891938,0.887352,,2026-03-24,2026-04-13,7,164,68,21,0.333333,,,0.000000,,,,,,,,GLOBAL_BASELINE_NO_ENTITY_RANKING,,,NOT_APPLICABLE_GLOBAL_BASELINE,HF9g-P5,,,,X 全窗基线 · 不参与实体赏罚,6875044,688,A168_HF9F_20260827_0900,2026-08-27 09:00:00
2026-03-24,34351174,1942,0,44.0179593274,-11.0044898318,-11.0044898318,0.5000000,2,2,0.50665070000000000,0.506650700000,-0.018812684590367487,-0.018812684590367487,-0.018812684590367487,0E-17,ELIGIBLE,R03b_20260811_FULL_v1,L1_ELIGIBILITY,v2026-08-11,2026-03-21..2026-08-06,baccarat_bet02_101_all_pairs_incl_sentinel,round_win = game_pnl > 0 (decisive only),COMPATIBILITY_ONLY_NOT_PRODUCTION,17311.0105,15440.3509,168.5069,506,497,-0.00973409,,-0.00973409,-0.00973409,-168.5069,17311.0105,OK,0.0000,6.7403,4.0000,96.0000,AG03-UNRESOLVED,ALL5_LEVELS_bet23_to_bet27,6.7403,6.7403,6.7403,8.4253,23.5910,4.000000,4.000000,4.000000,5.000000,14.000000,96.000000,96.000000,96.000000,95.000000,86.000000,5.0,52.2371,46.7052,116.2697,121.8017,PENDING_AG03,FALSE,NOT_FOR_ENFORCEMENT,161.7666,14822.7368,168.5069,161.7666,6.7403,0.00973409,0.00934472,6.7403,161.7666,0.00934472,6.7403,6.7403,6.7403,8.4253,23.5910,161.7666,0.00934472,52.2371,46.7052,116.2697,121.8017,0.00671652,0.00703608,0.00038936,34.2115,31.0671,0.3390,24.0724,1.0275,2473.0015,71.0000,,34.2115,21.0824,22.009,44.018,68.7781,88.0359,110.0449,22.009,0.0,4.0,5.0,1.554433,20,86,6,6,0E-8,0.00973409,,0E-8,0.000000,0.891938,0.887352,,2026-03-24,2026-04-13,7,164,68,21,0.333333,,,0.000000,,,,,,,,GLOBAL_BASELINE_NO_ENTITY_RANKING,,,NOT_APPLICABLE_GLOBAL_BASELINE,HF9g-P5,,,,X 全窗基线 · 不参与实体赏罚,6875045,688,A168_HF9F_20260827_0900,2026-08-27 09:00:00
2026-03-24,34351174,1949,0,462.1885729377,-176.0718373096,-176.0718373096,0.3333333,7,7,0.50473567142857143,0.504735671429,-0.8397342036905205,-0.8397342036926269,-0.8397342036905205,-4.2857E-13,ELIGIBLE,R03b_20260811_FULL_v1,L1_ELIGIBILITY,v2026-08-11,2026-03-21..2026-08-06,baccarat_bet02_101_all_pairs_incl_sentinel,round_win = game_pnl > 0 (decisive only),COMPATIBILITY_ONLY_NOT_PRODUCTION,17311.0105,15440.3509,168.5069,506,497,-0.00973409,,-0.00973409,-0.00973409,-168.5069,17311.0105,OK,0.0000,6.7403,4.0000,96.0000,AG03-UNRESOLVED,ALL5_LEVELS_bet23_to_bet27,6.7403,6.7403,6.7403,8.4253,23.5910,4.000000,4.000000,4.000000,5.000000,14.000000,96.000000,96.000000,96.000000,95.000000,86.000000,5.0,52.2371,46.7052,116.2697,121.8017,PENDING_AG03,FALSE,NOT_FOR_ENFORCEMENT,161.7666,14822.7368,168.5069,161.7666,6.7403,0.00973409,0.00934472,6.7403,161.7666,0.00934472,6.7403,6.7403,6.7403,8.4253,23.5910,161.7666,0.00934472,52.2371,46.7052,116.2697,121.8017,0.00671652,0.00703608,0.00038936,34.2115,31.0671,0.3390,24.0724,1.0275,2473.0015,71.0000,,34.2115,21.0824,22.009,44.018,68.7781,88.0359,110.0449,22.009,0.0,4.0,5.0,1.554433,20,86,6,6,0E-8,0.00973409,,0E-8,0.000000,0.891938,0.887352,,2026-03-24,2026-04-13,7,164,68,21,0.333333,,,0.000000,,,,,,,,GLOBAL_BASELINE_NO_ENTITY_RANKING,,,NOT_APPLICABLE_GLOBAL_BASELINE,HF9g-P5,,,,X 全窗基线 · 不参与实体赏罚,6875046,688,A168_HF9F_20260827_0900,2026-08-27 09:00:00
2026-03-24,34351174,1951,0,44.0179593274,44.0179593274,44.0179593274,1.0000000,2,2,0.49994810000000000,0.499948100000,1.4143603653603398,1.4143603653603398,1.4143603653603398,0E-17,ELIGIBLE,R03b_20260811_FULL_v1,L1_ELIGIBILITY,v2026-08-11,2026-03-21..2026-08-06,baccarat_bet02_101_all_pairs_incl_sentinel,round_win = game_pnl > 0 (decisive only),COMPATIBILITY_ONLY_NOT_PRODUCTION,17311.0105,15440.3509,168.5069,506,497,-0.00973409,,-0.00973409,-0.00973409,-168.5069,17311.0105,OK,0.0000,6.7403,4.0000,96.0000,AG03-UNRESOLVED,ALL5_LEVELS_bet23_to_bet27,6.7403,6.7403,6.7403,8.4253,23.5910,4.000000,4.000000,4.000000,5.000000,14.000000,96.000000,96.000000,96.000000,95.000000,86.000000,5.0,52.2371,46.7052,116.2697,121.8017,PENDING_AG03,FALSE,NOT_FOR_ENFORCEMENT,161.7666,14822.7368,168.5069,161.7666,6.7403,0.00973409,0.00934472,6.7403,161.7666,0.00934472,6.7403,6.7403,6.7403,8.4253,23.5910,161.7666,0.00934472,52.2371,46.7052,116.2697,121.8017,0.00671652,0.00703608,0.00038936,34.2115,31.0671,0.3390,24.0724,1.0275,2473.0015,71.0000,,34.2115,21.0824,22.009,44.018,68.7781,88.0359,110.0449,22.009,0.0,4.0,5.0,1.554433,20,86,6,6,0E-8,0.00973409,,0E-8,0.000000,0.891938,0.887352,,2026-03-24,2026-04-13,7,164,68,21,0.333333,,,0.000000,,,,,,,,GLOBAL_BASELINE_NO_ENTITY_RANKING,,,NOT_APPLICABLE_GLOBAL_BASELINE,HF9g-P5,,,,X 全窗基线 · 不参与实体赏罚,6875047,688,A168_HF9F_20260827_0900,2026-08-27 09:00:00
2026-03-24,34351174,1963,0,22.0089796637,22.0089796637,22.0089796637,1.0000000,1,1,0.50665070000000000,0.506650700000,0.9867858985152569,0.9867858985152569,0.9867858985152569,0E-17,ELIGIBLE,R03b_20260811_FULL_v1,L1_ELIGIBILITY,v2026-08-11,2026-03-21..2026-08-06,baccarat_bet02_101_all_pairs_incl_sentinel,round_win = game_pnl > 0 (decisive only),COMPATIBILITY_ONLY_NOT_PRODUCTION,17311.0105,15440.3509,168.5069,506,497,-0.00973409,,-0.00973409,-0.00973409,-168.5069,17311.0105,OK,0.0000,6.7403,4.0000,96.0000,AG03-UNRESOLVED,ALL5_LEVELS_bet23_to_bet27,6.7403,6.7403,6.7403,8.4253,23.5910,4.000000,4.000000,4.000000,5.000000,14.000000,96.000000,96.000000,96.000000,95.000000,86.000000,5.0,52.2371,46.7052,116.2697,121.8017,PENDING_AG03,FALSE,NOT_FOR_ENFORCEMENT,161.7666,14822.7368,168.5069,161.7666,6.7403,0.00973409,0.00934472,6.7403,161.7666,0.00934472,6.7403,6.7403,6.7403,8.4253,23.5910,161.7666,0.00934472,52.2371,46.7052,116.2697,121.8017,0.00671652,0.00703608,0.00038936,34.2115,31.0671,0.3390,24.0724,1.0275,2473.0015,71.0000,,34.2115,21.0824,22.009,44.018,68.7781,88.0359,110.0449,22.009,0.0,4.0,5.0,1.554433,20,86,6,6,0E-8,0.00973409,,0E-8,0.000000,0.891938,0.887352,,2026-03-24,2026-04-13,7,164,68,21,0.333333,,,0.000000,,,,,,,,GLOBAL_BASELINE_NO_ENTITY_RANKING,,,NOT_APPLICABLE_GLOBAL_BASELINE,HF9g-P5,,,,X 全窗基线 · 不参与实体赏罚,6875048,688,A168_HF9F_20260827_0900,2026-08-27 09:00:00
2026-03-24,34351174,1991,0,814.3322475569,62.7255920416,62.7255920416,0.5454545,11,11,0.50421339090909091,0.504213390909,0.27357258455288186,0.27357258455348443,0.27357258455288186,9.091E-14,ELIGIBLE,R03b_20260811_FULL_v1,L1_ELIGIBILITY,v2026-08-11,2026-03-21..2026-08-06,baccarat_bet02_101_all_pairs_incl_sentinel,round_win = game_pnl > 0 (decisive only),COMPATIBILITY_ONLY_NOT_PRODUCTION,17311.0105,15440.3509,168.5069,506,497,-0.00973409,,-0.00973409,-0.00973409,-168.5069,17311.0105,OK,0.0000,6.7403,4.0000,96.0000,AG03-UNRESOLVED,ALL5_LEVELS_bet23_to_bet27,6.7403,6.7403,6.7403,8.4253,23.5910,4.000000,4.000000,4.000000,5.000000,14.000000,96.000000,96.000000,96.000000,95.000000,86.000000,5.0,52.2371,46.7052,116.2697,121.8017,PENDING_AG03,FALSE,NOT_FOR_ENFORCEMENT,161.7666,14822.7368,168.5069,161.7666,6.7403,0.00973409,0.00934472,6.7403,161.7666,0.00934472,6.7403,6.7403,6.7403,8.4253,23.5910,161.7666,0.00934472,52.2371,46.7052,116.2697,121.8017,0.00671652,0.00703608,0.00038936,34.2115,31.0671,0.3390,24.0724,1.0275,2473.0015,71.0000,,34.2115,21.0824,22.009,44.018,68.7781,88.0359,110.0449,22.009,0.0,4.0,5.0,1.554433,20,86,6,6,0E-8,0.00973409,,0E-8,0.000000,0.891938,0.887352,,2026-03-24,2026-04-13,7,164,68,21,0.333333,,,0.000000,,,,,,,,GLOBAL_BASELINE_NO_ENTITY_RANKING,,,NOT_APPLICABLE_GLOBAL_BASELINE,HF9g-P5,,,,X 全窗基线 · 不参与实体赏罚,6875049,688,A168_HF9F_20260827_0900,2026-08-27 09:00:00
2026-03-24,34351174,2118,0,44.0179593274,-44.0179593274,-44.0179593274,0E-7,2,2,0.50665070000000000,0.506650700000,-1.4331513700195317,-1.4331513700195317,-1.4331513700195317,0E-17,ELIGIBLE,R03b_20260811_FULL_v1,L1_ELIGIBILITY,v2026-08-11,2026-03-21..2026-08-06,baccarat_bet02_101_all_pairs_incl_sentinel,round_win = game_pnl > 0 (decisive only),COMPATIBILITY_ONLY_NOT_PRODUCTION,17311.0105,15440.3509,168.5069,506,497,-0.00973409,,-0.00973409,-0.00973409,-168.5069,17311.0105,OK,0.0000,6.7403,4.0000,96.0000,AG03-UNRESOLVED,ALL5_LEVELS_bet23_to_bet27,6.7403,6.7403,6.7403,8.4253,23.5910,4.000000,4.000000,4.000000,5.000000,14.000000,96.000000,96.000000,96.000000,95.000000,86.000000,5.0,52.2371,46.7052,116.2697,121.8017,PENDING_AG03,FALSE,NOT_FOR_ENFORCEMENT,161.7666,14822.7368,168.5069,161.7666,6.7403,0.00973409,0.00934472,6.7403,161.7666,0.00934472,6.7403,6.7403,6.7403,8.4253,23.5910,161.7666,0.00934472,52.2371,46.7052,116.2697,121.8017,0.00671652,0.00703608,0.00038936,34.2115,31.0671,0.3390,24.0724,1.0275,2473.0015,71.0000,,34.2115,21.0824,22.009,44.018,68.7781,88.0359,110.0449,22.009,0.0,4.0,5.0,1.554433,20,86,6,6,0E-8,0.00973409,,0E-8,0.000000,0.891938,0.887352,,2026-03-24,2026-04-13,7,164,68,21,0.333333,,,0.000000,,,,,,,,GLOBAL_BASELINE_NO_ENTITY_RANKING,,,NOT_APPLICABLE_GLOBAL_BASELINE,HF9g-P5,,,,X 全窗基线 · 不参与实体赏罚,6875050,688,A168_HF9F_20260827_0900,2026-08-27 09:00:00
2026-03-24,34351174,2130,0,22.0089796637,22.0089796637,22.0089796637,1.0000000,1,1,0.50665070000000000,0.506650700000,0.9867858985152569,0.9867858985152569,0.9867858985152569,0E-17,ELIGIBLE,R03b_20260811_FULL_v1,L1_ELIGIBILITY,v2026-08-11,2026-03-21..2026-08-06,baccarat_bet02_101_all_pairs_incl_sentinel,round_win = game_pnl > 0 (decisive only),COMPATIBILITY_ONLY_NOT_PRODUCTION,17311.0105,15440.3509,168.5069,506,497,-0.00973409,,-0.00973409,-0.00973409,-168.5069,17311.0105,OK,0.0000,6.7403,4.0000,96.0000,AG03-UNRESOLVED,ALL5_LEVELS_bet23_to_bet27,6.7403,6.7403,6.7403,8.4253,23.5910,4.000000,4.000000,4.000000,5.000000,14.000000,96.000000,96.000000,96.000000,95.000000,86.000000,5.0,52.2371,46.7052,116.2697,121.8017,PENDING_AG03,FALSE,NOT_FOR_ENFORCEMENT,161.7666,14822.7368,168.5069,161.7666,6.7403,0.00973409,0.00934472,6.7403,161.7666,0.00934472,6.7403,6.7403,6.7403,8.4253,23.5910,161.7666,0.00934472,52.2371,46.7052,116.2697,121.8017,0.00671652,0.00703608,0.00038936,34.2115,31.0671,0.3390,24.0724,1.0275,2473.0015,71.0000,,34.2115,21.0824,22.009,44.018,68.7781,88.0359,110.0449,22.009,0.0,4.0,5.0,1.554433,20,86,6,6,0E-8,0.00973409,,0E-8,0.000000,0.891938,0.887352,,2026-03-24,2026-04-13,7,164,68,21,0.333333,,,0.000000,,,,,,,,GLOBAL_BASELINE_NO_ENTITY_RANKING,,,NOT_APPLICABLE_GLOBAL_BASELINE,HF9g-P5,,,,X 全窗基线 · 不参与实体赏罚,6875051,688,A168_HF9F_20260827_0900,2026-08-27 09:00:00
2026-03-24,34351174,2147,0,22.0089796637,22.0089796637,22.0089796637,1.0000000,1,1,0.50665070000000000,0.506650700000,0.9867858985152569,0.9867858985152569,0.9867858985152569,0E-17,ELIGIBLE,R03b_20260811_FULL_v1,L1_ELIGIBILITY,v2026-08-11,2026-03-21..2026-08-06,baccarat_bet02_101_all_pairs_incl_sentinel,round_win = game_pnl > 0 (decisive only),COMPATIBILITY_ONLY_NOT_PRODUCTION,17311.0105,15440.3509,168.5069,506,497,-0.00973409,,-0.00973409,-0.00973409,-168.5069,17311.0105,OK,0.0000,6.7403,4.0000,96.0000,AG03-UNRESOLVED,ALL5_LEVELS_bet23_to_bet27,6.7403,6.7403,6.7403,8.4253,23.5910,4.000000,4.000000,4.000000,5.000000,14.000000,96.000000,96.000000,96.000000,95.000000,86.000000,5.0,52.2371,46.7052,116.2697,121.8017,PENDING_AG03,FALSE,NOT_FOR_ENFORCEMENT,161.7666,14822.7368,168.5069,161.7666,6.7403,0.00973409,0.00934472,6.7403,161.7666,0.00934472,6.7403,6.7403,6.7403,8.4253,23.5910,161.7666,0.00934472,52.2371,46.7052,116.2697,121.8017,0.00671652,0.00703608,0.00038936,34.2115,31.0671,0.3390,24.0724,1.0275,2473.0015,71.0000,,34.2115,21.0824,22.009,44.018,68.7781,88.0359,110.0449,22.009,0.0,4.0,5.0,1.554433,20,86,6,6,0E-8,0.00973409,,0E-8,0.000000,0.891938,0.887352,,2026-03-24,2026-04-13,7,164,68,21,0.333333,,,0.000000,,,,,,,,GLOBAL_BASELINE_NO_ENTITY_RANKING,,,NOT_APPLICABLE_GLOBAL_BASELINE,HF9g-P5,,,,X 全窗基线 · 不参与实体赏罚,6875052,688,A168_HF9F_20260827_0900,2026-08-27 09:00:00
2026-03-24,34351174,2152,0,22.0089796637,22.0089796637,22.0089796637,1.0000000,1,1,0.49324550000000000,0.493245500000,1.01360149184955,1.01360149184955,1.01360149184955,0E-17,ELIGIBLE,R03b_20260811_FULL_v1,L1_ELIGIBILITY,v2026-08-11,2026-03-21..2026-08-06,baccarat_bet02_101_all_pairs_incl_sentinel,round_win = game_pnl > 0 (decisive only),COMPATIBILITY_ONLY_NOT_PRODUCTION,17311.0105,15440.3509,168.5069,506,497,-0.00973409,,-0.00973409,-0.00973409,-168.5069,17311.0105,OK,0.0000,6.7403,4.0000,96.0000,AG03-UNRESOLVED,ALL5_LEVELS_bet23_to_bet27,6.7403,6.7403,6.7403,8.4253,23.5910,4.000000,4.000000,4.000000,5.000000,14.000000,96.000000,96.000000,96.000000,95.000000,86.000000,5.0,52.2371,46.7052,116.2697,121.8017,PENDING_AG03,FALSE,NOT_FOR_ENFORCEMENT,161.7666,14822.7368,168.5069,161.7666,6.7403,0.00973409,0.00934472,6.7403,161.7666,0.00934472,6.7403,6.7403,6.7403,8.4253,23.5910,161.7666,0.00934472,52.2371,46.7052,116.2697,121.8017,0.00671652,0.00703608,0.00038936,34.2115,31.0671,0.3390,24.0724,1.0275,2473.0015,71.0000,,34.2115,21.0824,22.009,44.018,68.7781,88.0359,110.0449,22.009,0.0,4.0,5.0,1.554433,20,86,6,6,0E-8,0.00973409,,0E-8,0.000000,0.891938,0.887352,,2026-03-24,2026-04-13,7,164,68,21,0.333333,,,0.000000,,,,,,,,GLOBAL_BASELINE_NO_ENTITY_RANKING,,,NOT_APPLICABLE_GLOBAL_BASELINE,HF9g-P5,,,,X 全窗基线 · 不参与实体赏罚,6875053,688,A168_HF9F_20260827_0900,2026-08-27 09:00:00
2026-03-24,34351174,2155,0,44.0179593274,44.0179593274,44.0179593274,1.0000000,2,2,0.49994810000000000,0.499948100000,1.4143603653603398,1.4143603653603398,1.4143603653603398,0E-17,ELIGIBLE,R03b_20260811_FULL_v1,L1_ELIGIBILITY,v2026-08-11,2026-03-21..2026-08-06,baccarat_bet02_101_all_pairs_incl_sentinel,round_win = game_pnl > 0 (decisive only),COMPATIBILITY_ONLY_NOT_PRODUCTION,17311.0105,15440.3509,168.5069,506,497,-0.00973409,,-0.00973409,-0.00973409,-168.5069,17311.0105,OK,0.0000,6.7403,4.0000,96.0000,AG03-UNRESOLVED,ALL5_LEVELS_bet23_to_bet27,6.7403,6.7403,6.7403,8.4253,23.5910,4.000000,4.000000,4.000000,5.000000,14.000000,96.000000,96.000000,96.000000,95.000000,86.000000,5.0,52.2371,46.7052,116.2697,121.8017,PENDING_AG03,FALSE,NOT_FOR_ENFORCEMENT,161.7666,14822.7368,168.5069,161.7666,6.7403,0.00973409,0.00934472,6.7403,161.7666,0.00934472,6.7403,6.7403,6.7403,8.4253,23.5910,161.7666,0.00934472,52.2371,46.7052,116.2697,121.8017,0.00671652,0.00703608,0.00038936,34.2115,31.0671,0.3390,24.0724,1.0275,2473.0015,71.0000,,34.2115,21.0824,22.009,44.018,68.7781,88.0359,110.0449,22.009,0.0,4.0,5.0,1.554433,20,86,6,6,0E-8,0.00973409,,0E-8,0.000000,0.891938,0.887352,,2026-03-24,2026-04-13,7,164,68,21,0.333333,,,0.000000,,,,,,,,GLOBAL_BASELINE_NO_ENTITY_RANKING,,,NOT_APPLICABLE_GLOBAL_BASELINE,HF9g-P5,,,,X 全窗基线 · 不参与实体赏罚,6875054,688,A168_HF9F_20260827_0900,2026-08-27 09:00:00
2026-03-24,34351174,2160,0,66.0269389911,-66.0269389911,-66.0269389911,0E-7,3,3,0.50218230000000000,0.502182300000,-1.7396270863184011,-1.7396270863184016,-1.7396270863184011,0E-17,ELIGIBLE,R03b_20260811_FULL_v1,L1_ELIGIBILITY,v2026-08-11,2026-03-21..2026-08-06,baccarat_bet02_101_all_pairs_incl_sentinel,round_win = game_pnl > 0 (decisive only),COMPATIBILITY_ONLY_NOT_PRODUCTION,17311.0105,15440.3509,168.5069,506,497,-0.00973409,,-0.00973409,-0.00973409,-168.5069,17311.0105,OK,0.0000,6.7403,4.0000,96.0000,AG03-UNRESOLVED,ALL5_LEVELS_bet23_to_bet27,6.7403,6.7403,6.7403,8.4253,23.5910,4.000000,4.000000,4.000000,5.000000,14.000000,96.000000,96.000000,96.000000,95.000000,86.000000,5.0,52.2371,46.7052,116.2697,121.8017,PENDING_AG03,FALSE,NOT_FOR_ENFORCEMENT,161.7666,14822.7368,168.5069,161.7666,6.7403,0.00973409,0.00934472,6.7403,161.7666,0.00934472,6.7403,6.7403,6.7403,8.4253,23.5910,161.7666,0.00934472,52.2371,46.7052,116.2697,121.8017,0.00671652,0.00703608,0.00038936,34.2115,31.0671,0.3390,24.0724,1.0275,2473.0015,71.0000,,34.2115,21.0824,22.009,44.018,68.7781,88.0359,110.0449,22.009,0.0,4.0,5.0,1.554433,20,86,6,6,0E-8,0.00973409,,0E-8,0.000000,0.891938,0.887352,,2026-03-24,2026-04-13,7,164,68,21,0.333333,,,0.000000,,,,,,,,GLOBAL_BASELINE_NO_ENTITY_RANKING,,,NOT_APPLICABLE_GLOBAL_BASELINE,HF9g-P5,,,,X 全窗基线 · 不参与实体赏罚,6875055,688,A168_HF9F_20260827_0900,2026-08-27 09:00:00
2026-03-24,34351174,2162,0,66.0269389911,-22.0089796637,-22.0089796637,0.3333333,3,3,0.50665070000000000,0.506650700000,-0.6004420894325239,-0.6004420894325239,-0.6004420894325239,0E-17,ELIGIBLE,R03b_20260811_FULL_v1,L1_ELIGIBILITY,v2026-08-11,2026-03-21..2026-08-06,baccarat_bet02_101_all_pairs_incl_sentinel,round_win = game_pnl > 0 (decisive only),COMPATIBILITY_ONLY_NOT_PRODUCTION,17311.0105,15440.3509,168.5069,506,497,-0.00973409,,-0.00973409,-0.00973409,-168.5069,17311.0105,OK,0.0000,6.7403,4.0000,96.0000,AG03-UNRESOLVED,ALL5_LEVELS_bet23_to_bet27,6.7403,6.7403,6.7403,8.4253,23.5910,4.000000,4.000000,4.000000,5.000000,14.000000,96.000000,96.000000,96.000000,95.000000,86.000000,5.0,52.2371,46.7052,116.2697,121.8017,PENDING_AG03,FALSE,NOT_FOR_ENFORCEMENT,161.7666,14822.7368,168.5069,161.7666,6.7403,0.00973409,0.00934472,6.7403,161.7666,0.00934472,6.7403,6.7403,6.7403,8.4253,23.5910,161.7666,0.00934472,52.2371,46.7052,116.2697,121.8017,0.00671652,0.00703608,0.00038936,34.2115,31.0671,0.3390,24.0724,1.0275,2473.0015,71.0000,,34.2115,21.0824,22.009,44.018,68.7781,88.0359,110.0449,22.009,0.0,4.0,5.0,1.554433,20,86,6,6,0E-8,0.00973409,,0E-8,0.000000,0.891938,0.887352,,2026-03-24,2026-04-13,7,164,68,21,0.333333,,,0.000000,,,,,,,,GLOBAL_BASELINE_NO_ENTITY_RANKING,,,NOT_APPLICABLE_GLOBAL_BASELINE,HF9g-P5,,,,X 全窗基线 · 不参与实体赏罚,6875056,688,A168_HF9F_20260827_0900,2026-08-27 09:00:00
2026-03-24,34351174,2167,0,44.0179593274,44.0179593274,44.0179593274,1.0000000,2,2,0.49324550000000000,0.493245500000,1.4334489766152358,1.4334489766152358,1.4334489766152358,0E-17,ELIGIBLE,R03b_20260811_FULL_v1,L1_ELIGIBILITY,v2026-08-11,2026-03-21..2026-08-06,baccarat_bet02_101_all_pairs_incl_sentinel,round_win = game_pnl > 0 (decisive only),COMPATIBILITY_ONLY_NOT_PRODUCTION,17311.0105,15440.3509,168.5069,506,497,-0.00973409,,-0.00973409,-0.00973409,-168.5069,17311.0105,OK,0.0000,6.7403,4.0000,96.0000,AG03-UNRESOLVED,ALL5_LEVELS_bet23_to_bet27,6.7403,6.7403,6.7403,8.4253,23.5910,4.000000,4.000000,4.000000,5.000000,14.000000,96.000000,96.000000,96.000000,95.000000,86.000000,5.0,52.2371,46.7052,116.2697,121.8017,PENDING_AG03,FALSE,NOT_FOR_ENFORCEMENT,161.7666,14822.7368,168.5069,161.7666,6.7403,0.00973409,0.00934472,6.7403,161.7666,0.00934472,6.7403,6.7403,6.7403,8.4253,23.5910,161.7666,0.00934472,52.2371,46.7052,116.2697,121.8017,0.00671652,0.00703608,0.00038936,34.2115,31.0671,0.3390,24.0724,1.0275,2473.0015,71.0000,,34.2115,21.0824,22.009,44.018,68.7781,88.0359,110.0449,22.009,0.0,4.0,5.0,1.554433,20,86,6,6,0E-8,0.00973409,,0E-8,0.000000,0.891938,0.887352,,2026-03-24,2026-04-13,7,164,68,21,0.333333,,,0.000000,,,,,,,,GLOBAL_BASELINE_NO_ENTITY_RANKING,,,NOT_APPLICABLE_GLOBAL_BASELINE,HF9g-P5,,,,X 全窗基线 · 不参与实体赏罚,6875057,688,A168_HF9F_20260827_0900,2026-08-27 09:00:00
2026-03-24,34351174,2175,0,22.0089796637,11.0044898319,11.0044898319,1.0000000,1,1,0.50665070000000000,0.506650700000,0.9867858985152569,0.9867858985152569,0.9867858985152569,0E-17,ELIGIBLE,R03b_20260811_FULL_v1,L1_ELIGIBILITY,v2026-08-11,2026-03-21..2026-08-06,baccarat_bet02_101_all_pairs_incl_sentinel,round_win = game_pnl > 0 (decisive only),COMPATIBILITY_ONLY_NOT_PRODUCTION,17311.0105,15440.3509,168.5069,506,497,-0.00973409,,-0.00973409,-0.00973409,-168.5069,17311.0105,OK,0.0000,6.7403,4.0000,96.0000,AG03-UNRESOLVED,ALL5_LEVELS_bet23_to_bet27,6.7403,6.7403,6.7403,8.4253,23.5910,4.000000,4.000000,4.000000,5.000000,14.000000,96.000000,96.000000,96.000000,95.000000,86.000000,5.0,52.2371,46.7052,116.2697,121.8017,PENDING_AG03,FALSE,NOT_FOR_ENFORCEMENT,161.7666,14822.7368,168.5069,161.7666,6.7403,0.00973409,0.00934472,6.7403,161.7666,0.00934472,6.7403,6.7403,6.7403,8.4253,23.5910,161.7666,0.00934472,52.2371,46.7052,116.2697,121.8017,0.00671652,0.00703608,0.00038936,34.2115,31.0671,0.3390,24.0724,1.0275,2473.0015,71.0000,,34.2115,21.0824,22.009,44.018,68.7781,88.0359,110.0449,22.009,0.0,4.0,5.0,1.554433,20,86,6,6,0E-8,0.00973409,,0E-8,0.000000,0.891938,0.887352,,2026-03-24,2026-04-13,7,164,68,21,0.333333,,,0.000000,,,,,,,,GLOBAL_BASELINE_NO_ENTITY_RANKING,,,NOT_APPLICABLE_GLOBAL_BASELINE,HF9g-P5,,,,X 全窗基线 · 不参与实体赏罚,6875058,688,A168_HF9F_20260827_0900,2026-08-27 09:00:00
2026-03-24,34351174,2189,0,1471.3002905185,536.6889690994,536.6889690994,0.7500000,30,29,0.50193758032454363,0.501797093103,2.625265600038965,2.626749631790949,2.625265600038965,0.00014048722154363,ELIGIBLE,R03b_20260811_FULL_v1,L1_ELIGIBILITY,v2026-08-11,2026-03-21..2026-08-06,baccarat_bet02_101_all_pairs_incl_sentinel,round_win = game_pnl > 0 (decisive only),COMPATIBILITY_ONLY_NOT_PRODUCTION,17311.0105,15440.3509,168.5069,506,497,-0.00973409,,-0.00973409,-0.00973409,-168.5069,17311.0105,OK,0.0000,6.7403,4.0000,96.0000,AG03-UNRESOLVED,ALL5_LEVELS_bet23_to_bet27,6.7403,6.7403,6.7403,8.4253,23.5910,4.000000,4.000000,4.000000,5.000000,14.000000,96.000000,96.000000,96.000000,95.000000,86.000000,5.0,52.2371,46.7052,116.2697,121.8017,PENDING_AG03,FALSE,NOT_FOR_ENFORCEMENT,161.7666,14822.7368,168.5069,161.7666,6.7403,0.00973409,0.00934472,6.7403,161.7666,0.00934472,6.7403,6.7403,6.7403,8.4253,23.5910,161.7666,0.00934472,52.2371,46.7052,116.2697,121.8017,0.00671652,0.00703608,0.00038936,34.2115,31.0671,0.3390,24.0724,1.0275,2473.0015,71.0000,,34.2115,21.0824,22.009,44.018,68.7781,88.0359,110.0449,22.009,0.0,4.0,5.0,1.554433,20,86,6,6,0E-8,0.00973409,,0E-8,0.000000,0.891938,0.887352,,2026-03-24,2026-04-13,7,164,68,21,0.333333,,,0.000000,,,,,,,,GLOBAL_BASELINE_NO_ENTITY_RANKING,,,NOT_APPLICABLE_GLOBAL_BASELINE,HF9g-P5,,,,X 全窗基线 · 不参与实体赏罚,6875059,688,A168_HF9F_20260827_0900,2026-08-27 09:00:00
2026-03-24,34351174,2201,0,816.3130557266,-205.0026410775,-205.0026410775,0.4166667,14,14,0.50569318571428571,0.505693185714,-0.6168338042250846,-0.616833804223101,-0.6168338042250846,2.8571E-13,ELIGIBLE,R03b_20260811_FULL_v1,L1_ELIGIBILITY,v2026-08-11,2026-03-21..2026-08-06,baccarat_bet02_101_all_pairs_incl_sentinel,round_win = game_pnl > 0 (decisive only),COMPATIBILITY_ONLY_NOT_PRODUCTION,17311.0105,15440.3509,168.5069,506,497,-0.00973409,,-0.00973409,-0.00973409,-168.5069,17311.0105,OK,0.0000,6.7403,4.0000,96.0000,AG03-UNRESOLVED,ALL5_LEVELS_bet23_to_bet27,6.7403,6.7403,6.7403,8.4253,23.5910,4.000000,4.000000,4.000000,5.000000,14.000000,96.000000,96.000000,96.000000,95.000000,86.000000,5.0,52.2371,46.7052,116.2697,121.8017,PENDING_AG03,FALSE,NOT_FOR_ENFORCEMENT,161.7666,14822.7368,168.5069,161.7666,6.7403,0.00973409,0.00934472,6.7403,161.7666,0.00934472,6.7403,6.7403,6.7403,8.4253,23.5910,161.7666,0.00934472,52.2371,46.7052,116.2697,121.8017,0.00671652,0.00703608,0.00038936,34.2115,31.0671,0.3390,24.0724,1.0275,2473.0015,71.0000,,34.2115,21.0824,22.009,44.018,68.7781,88.0359,110.0449,22.009,0.0,4.0,5.0,1.554433,20,86,6,6,0E-8,0.00973409,,0E-8,0.000000,0.891938,0.887352,,2026-03-24,2026-04-13,7,164,68,21,0.333333,,,0.000000,,,,,,,,GLOBAL_BASELINE_NO_ENTITY_RANKING,,,NOT_APPLICABLE_GLOBAL_BASELINE,HF9g-P5,,,,X 全窗基线 · 不参与实体赏罚,6875060,688,A168_HF9F_20260827_0900,2026-08-27 09:00:00
2026-03-24,34351174,2209,0,22.0089796637,-22.0089796637,-22.0089796637,0E-7,1,1,0.49324550000000000,0.493245500000,-0.9865810262130424,-0.9865810262130424,-0.9865810262130424,0E-17,ELIGIBLE,R03b_20260811_FULL_v1,L1_ELIGIBILITY,v2026-08-11,2026-03-21..2026-08-06,baccarat_bet02_101_all_pairs_incl_sentinel,round_win = game_pnl > 0 (decisive only),COMPATIBILITY_ONLY_NOT_PRODUCTION,17311.0105,15440.3509,168.5069,506,497,-0.00973409,,-0.00973409,-0.00973409,-168.5069,17311.0105,OK,0.0000,6.7403,4.0000,96.0000,AG03-UNRESOLVED,ALL5_LEVELS_bet23_to_bet27,6.7403,6.7403,6.7403,8.4253,23.5910,4.000000,4.000000,4.000000,5.000000,14.000000,96.000000,96.000000,96.000000,95.000000,86.000000,5.0,52.2371,46.7052,116.2697,121.8017,PENDING_AG03,FALSE,NOT_FOR_ENFORCEMENT,161.7666,14822.7368,168.5069,161.7666,6.7403,0.00973409,0.00934472,6.7403,161.7666,0.00934472,6.7403,6.7403,6.7403,8.4253,23.5910,161.7666,0.00934472,52.2371,46.7052,116.2697,121.8017,0.00671652,0.00703608,0.00038936,34.2115,31.0671,0.3390,24.0724,1.0275,2473.0015,71.0000,,34.2115,21.0824,22.009,44.018,68.7781,88.0359,110.0449,22.009,0.0,4.0,5.0,1.554433,20,86,6,6,0E-8,0.00973409,,0E-8,0.000000,0.891938,0.887352,,2026-03-24,2026-04-13,7,164,68,21,0.333333,,,0.000000,,,,,,,,GLOBAL_BASELINE_NO_ENTITY_RANKING,,,NOT_APPLICABLE_GLOBAL_BASELINE,HF9g-P5,,,,X 全窗基线 · 不参与实体赏罚,6875061,688,A168_HF9F_20260827_0900,2026-08-27 09:00:00
2026-03-24,34351174,2218,0,88.0359186548,0E-10,0E-10,0.5000000,4,4,0.50665070000000000,0.506650700000,-0.02660515369234503,-0.02660515369234503,-0.02660515369234503,0E-17,ELIGIBLE,R03b_20260811_FULL_v1,L1_ELIGIBILITY,v2026-08-11,2026-03-21..2026-08-06,baccarat_bet02_101_all_pairs_incl_sentinel,round_win = game_pnl > 0 (decisive only),COMPATIBILITY_ONLY_NOT_PRODUCTION,17311.0105,15440.3509,168.5069,506,497,-0.00973409,,-0.00973409,-0.00973409,-168.5069,17311.0105,OK,0.0000,6.7403,4.0000,96.0000,AG03-UNRESOLVED,ALL5_LEVELS_bet23_to_bet27,6.7403,6.7403,6.7403,8.4253,23.5910,4.000000,4.000000,4.000000,5.000000,14.000000,96.000000,96.000000,96.000000,95.000000,86.000000,5.0,52.2371,46.7052,116.2697,121.8017,PENDING_AG03,FALSE,NOT_FOR_ENFORCEMENT,161.7666,14822.7368,168.5069,161.7666,6.7403,0.00973409,0.00934472,6.7403,161.7666,0.00934472,6.7403,6.7403,6.7403,8.4253,23.5910,161.7666,0.00934472,52.2371,46.7052,116.2697,121.8017,0.00671652,0.00703608,0.00038936,34.2115,31.0671,0.3390,24.0724,1.0275,2473.0015,71.0000,,34.2115,21.0824,22.009,44.018,68.7781,88.0359,110.0449,22.009,0.0,4.0,5.0,1.554433,20,86,6,6,0E-8,0.00973409,,0E-8,0.000000,0.891938,0.887352,,2026-03-24,2026-04-13,7,164,68,21,0.333333,,,0.000000,,,,,,,,GLOBAL_BASELINE_NO_ENTITY_RANKING,,,NOT_APPLICABLE_GLOBAL_BASELINE,HF9g-P5,,,,X 全窗基线 · 不参与实体赏罚,6875062,688,A168_HF9F_20260827_0900,2026-08-27 09:00:00
2026-03-24,34351174,2222,0,187.0763271415,-12.1049388151,-12.1049388151,0.5000000,8,8,0.50497505000000000,0.504975050000,-0.028144525985643355,-0.028144525985643355,-0.028144525985643355,0E-17,ELIGIBLE,R03b_20260811_FULL_v1,L1_ELIGIBILITY,v2026-08-11,2026-03-21..2026-08-06,baccarat_bet02_101_all_pairs_incl_sentinel,round_win = game_pnl > 0 (decisive only),COMPATIBILITY_ONLY_NOT_PRODUCTION,17311.0105,15440.3509,168.5069,506,497,-0.00973409,,-0.00973409,-0.00973409,-168.5069,17311.0105,OK,0.0000,6.7403,4.0000,96.0000,AG03-UNRESOLVED,ALL5_LEVELS_bet23_to_bet27,6.7403,6.7403,6.7403,8.4253,23.5910,4.000000,4.000000,4.000000,5.000000,14.000000,96.000000,96.000000,96.000000,95.000000,86.000000,5.0,52.2371,46.7052,116.2697,121.8017,PENDING_AG03,FALSE,NOT_FOR_ENFORCEMENT,161.7666,14822.7368,168.5069,161.7666,6.7403,0.00973409,0.00934472,6.7403,161.7666,0.00934472,6.7403,6.7403,6.7403,8.4253,23.5910,161.7666,0.00934472,52.2371,46.7052,116.2697,121.8017,0.00671652,0.00703608,0.00038936,34.2115,31.0671,0.3390,24.0724,1.0275,2473.0015,71.0000,,34.2115,21.0824,22.009,44.018,68.7781,88.0359,110.0449,22.009,0.0,4.0,5.0,1.554433,20,86,6,6,0E-8,0.00973409,,0E-8,0.000000,0.891938,0.887352,,2026-03-24,2026-04-13,7,164,68,21,0.333333,,,0.000000,,,,,,,,GLOBAL_BASELINE_NO_ENTITY_RANKING,,,NOT_APPLICABLE_GLOBAL_BASELINE,HF9g-P5,,,,X 全窗基线 · 不参与实体赏罚,6875063,688,A168_HF9F_20260827_0900,2026-08-27 09:00:00
2026-03-24,34351174,2224,0,88.0359186548,-88.0359186548,-88.0359186548,0E-7,2,2,0.50665070000000000,0.506650700000,-1.4331513700195317,-1.4331513700195317,-1.4331513700195317,0E-17,ELIGIBLE,R03b_20260811_FULL_v1,L1_ELIGIBILITY,v2026-08-11,2026-03-21..2026-08-06,baccarat_bet02_101_all_pairs_incl_sentinel,round_win = game_pnl > 0 (decisive only),COMPATIBILITY_ONLY_NOT_PRODUCTION,17311.0105,15440.3509,168.5069,506,497,-0.00973409,,-0.00973409,-0.00973409,-168.5069,17311.0105,OK,0.0000,6.7403,4.0000,96.0000,AG03-UNRESOLVED,ALL5_LEVELS_bet23_to_bet27,6.7403,6.7403,6.7403,8.4253,23.5910,4.000000,4.000000,4.000000,5.000000,14.000000,96.000000,96.000000,96.000000,95.000000,86.000000,5.0,52.2371,46.7052,116.2697,121.8017,PENDING_AG03,FALSE,NOT_FOR_ENFORCEMENT,161.7666,14822.7368,168.5069,161.7666,6.7403,0.00973409,0.00934472,6.7403,161.7666,0.00934472,6.7403,6.7403,6.7403,8.4253,23.5910,161.7666,0.00934472,52.2371,46.7052,116.2697,121.8017,0.00671652,0.00703608,0.00038936,34.2115,31.0671,0.3390,24.0724,1.0275,2473.0015,71.0000,,34.2115,21.0824,22.009,44.018,68.7781,88.0359,110.0449,22.009,0.0,4.0,5.0,1.554433,20,86,6,6,0E-8,0.00973409,,0E-8,0.000000,0.891938,0.887352,,2026-03-24,2026-04-13,7,164,68,21,0.333333,,,0.000000,,,,,,,,GLOBAL_BASELINE_NO_ENTITY_RANKING,,,NOT_APPLICABLE_GLOBAL_BASELINE,HF9g-P5,,,,X 全窗基线 · 不参与实体赏罚,6875064,688,A168_HF9F_20260827_0900,2026-08-27 09:00:00
2026-03-24,34351174,2239,0,110.0448983185,-22.0089796637,-22.0089796637,0.5000000,4,4,0.49994810000000000,0.499948100000,0.00020760000111838688,0.00020760000111838688,0.00020760000111838688,0E-17,ELIGIBLE,R03b_20260811_FULL_v1,L1_ELIGIBILITY,v2026-08-11,2026-03-21..2026-08-06,baccarat_bet02_101_all_pairs_incl_sentinel,round_win = game_pnl > 0 (decisive only),COMPATIBILITY_ONLY_NOT_PRODUCTION,17311.0105,15440.3509,168.5069,506,497,-0.00973409,,-0.00973409,-0.00973409,-168.5069,17311.0105,OK,0.0000,6.7403,4.0000,96.0000,AG03-UNRESOLVED,ALL5_LEVELS_bet23_to_bet27,6.7403,6.7403,6.7403,8.4253,23.5910,4.000000,4.000000,4.000000,5.000000,14.000000,96.000000,96.000000,96.000000,95.000000,86.000000,5.0,52.2371,46.7052,116.2697,121.8017,PENDING_AG03,FALSE,NOT_FOR_ENFORCEMENT,161.7666,14822.7368,168.5069,161.7666,6.7403,0.00973409,0.00934472,6.7403,161.7666,0.00934472,6.7403,6.7403,6.7403,8.4253,23.5910,161.7666,0.00934472,52.2371,46.7052,116.2697,121.8017,0.00671652,0.00703608,0.00038936,34.2115,31.0671,0.3390,24.0724,1.0275,2473.0015,71.0000,,34.2115,21.0824,22.009,44.018,68.7781,88.0359,110.0449,22.009,0.0,4.0,5.0,1.554433,20,86,6,6,0E-8,0.00973409,,0E-8,0.000000,0.891938,0.887352,,2026-03-24,2026-04-13,7,164,68,21,0.333333,,,0.000000,,,,,,,,GLOBAL_BASELINE_NO_ENTITY_RANKING,,,NOT_APPLICABLE_GLOBAL_BASELINE,HF9g-P5,,,,X 全窗基线 · 不参与实体赏罚,6875065,688,A168_HF9F_20260827_0900,2026-08-27 09:00:00
2026-03-24,34351174,2242,0,528.2155119288,77.0314288230,77.0314288230,0.6250000,9,9,0.50516123333333333,0.505161233333,0.6779465561619745,0.6779465561638555,0.6779465561619745,3.3333E-13,ELIGIBLE,R03b_20260811_FULL_v1,L1_ELIGIBILITY,v2026-08-11,2026-03-21..2026-08-06,baccarat_bet02_101_all_pairs_incl_sentinel,round_win = game_pnl > 0 (decisive only),COMPATIBILITY_ONLY_NOT_PRODUCTION,17311.0105,15440.3509,168.5069,506,497,-0.00973409,,-0.00973409,-0.00973409,-168.5069,17311.0105,OK,0.0000,6.7403,4.0000,96.0000,AG03-UNRESOLVED,ALL5_LEVELS_bet23_to_bet27,6.7403,6.7403,6.7403,8.4253,23.5910,4.000000,4.000000,4.000000,5.000000,14.000000,96.000000,96.000000,96.000000,95.000000,86.000000,5.0,52.2371,46.7052,116.2697,121.8017,PENDING_AG03,FALSE,NOT_FOR_ENFORCEMENT,161.7666,14822.7368,168.5069,161.7666,6.7403,0.00973409,0.00934472,6.7403,161.7666,0.00934472,6.7403,6.7403,6.7403,8.4253,23.5910,161.7666,0.00934472,52.2371,46.7052,116.2697,121.8017,0.00671652,0.00703608,0.00038936,34.2115,31.0671,0.3390,24.0724,1.0275,2473.0015,71.0000,,34.2115,21.0824,22.009,44.018,68.7781,88.0359,110.0449,22.009,0.0,4.0,5.0,1.554433,20,86,6,6,0E-8,0.00973409,,0E-8,0.000000,0.891938,0.887352,,2026-03-24,2026-04-13,7,164,68,21,0.333333,,,0.000000,,,,,,,,GLOBAL_BASELINE_NO_ENTITY_RANKING,,,NOT_APPLICABLE_GLOBAL_BASELINE,HF9g-P5,,,,X 全窗基线 · 不参与实体赏罚,6875066,688,A168_HF9F_20260827_0900,2026-08-27 09:00:00
2026-03-24,34351174,2244,0,814.3322475569,462.1885729377,462.1885729377,0.8333333,13,13,0.50355719230769231,0.503557192308,2.2848139485750814,2.2848139485729595,2.2848139485750814,-3.0769E-13,ELIGIBLE,R03b_20260811_FULL_v1,L1_ELIGIBILITY,v2026-08-11,2026-03-21..2026-08-06,baccarat_bet02_101_all_pairs_incl_sentinel,round_win = game_pnl > 0 (decisive only),COMPATIBILITY_ONLY_NOT_PRODUCTION,17311.0105,15440.3509,168.5069,506,497,-0.00973409,,-0.00973409,-0.00973409,-168.5069,17311.0105,OK,0.0000,6.7403,4.0000,96.0000,AG03-UNRESOLVED,ALL5_LEVELS_bet23_to_bet27,6.7403,6.7403,6.7403,8.4253,23.5910,4.000000,4.000000,4.000000,5.000000,14.000000,96.000000,96.000000,96.000000,95.000000,86.000000,5.0,52.2371,46.7052,116.2697,121.8017,PENDING_AG03,FALSE,NOT_FOR_ENFORCEMENT,161.7666,14822.7368,168.5069,161.7666,6.7403,0.00973409,0.00934472,6.7403,161.7666,0.00934472,6.7403,6.7403,6.7403,8.4253,23.5910,161.7666,0.00934472,52.2371,46.7052,116.2697,121.8017,0.00671652,0.00703608,0.00038936,34.2115,31.0671,0.3390,24.0724,1.0275,2473.0015,71.0000,,34.2115,21.0824,22.009,44.018,68.7781,88.0359,110.0449,22.009,0.0,4.0,5.0,1.554433,20,86,6,6,0E-8,0.00973409,,0E-8,0.000000,0.891938,0.887352,,2026-03-24,2026-04-13,7,164,68,21,0.333333,,,0.000000,,,,,,,,GLOBAL_BASELINE_NO_ENTITY_RANKING,,,NOT_APPLICABLE_GLOBAL_BASELINE,HF9g-P5,,,,X 全窗基线 · 不参与实体赏罚,6875067,688,A168_HF9F_20260827_0900,2026-08-27 09:00:00
2026-03-24,34351174,2252,0,22.0089796637,22.0089796637,22.0089796637,1.0000000,1,1,0.49324550000000000,0.493245500000,1.01360149184955,1.01360149184955,1.01360149184955,0E-17,ELIGIBLE,R03b_20260811_FULL_v1,L1_ELIGIBILITY,v2026-08-11,2026-03-21..2026-08-06,baccarat_bet02_101_all_pairs_incl_sentinel,round_win = game_pnl > 0 (decisive only),COMPATIBILITY_ONLY_NOT_PRODUCTION,17311.0105,15440.3509,168.5069,506,497,-0.00973409,,-0.00973409,-0.00973409,-168.5069,17311.0105,OK,0.0000,6.7403,4.0000,96.0000,AG03-UNRESOLVED,ALL5_LEVELS_bet23_to_bet27,6.7403,6.7403,6.7403,8.4253,23.5910,4.000000,4.000000,4.000000,5.000000,14.000000,96.000000,96.000000,96.000000,95.000000,86.000000,5.0,52.2371,46.7052,116.2697,121.8017,PENDING_AG03,FALSE,NOT_FOR_ENFORCEMENT,161.7666,14822.7368,168.5069,161.7666,6.7403,0.00973409,0.00934472,6.7403,161.7666,0.00934472,6.7403,6.7403,6.7403,8.4253,23.5910,161.7666,0.00934472,52.2371,46.7052,116.2697,121.8017,0.00671652,0.00703608,0.00038936,34.2115,31.0671,0.3390,24.0724,1.0275,2473.0015,71.0000,,34.2115,21.0824,22.009,44.018,68.7781,88.0359,110.0449,22.009,0.0,4.0,5.0,1.554433,20,86,6,6,0E-8,0.00973409,,0E-8,0.000000,0.891938,0.887352,,2026-03-24,2026-04-13,7,164,68,21,0.333333,,,0.000000,,,,,,,,GLOBAL_BASELINE_NO_ENTITY_RANKING,,,NOT_APPLICABLE_GLOBAL_BASELINE,HF9g-P5,,,,X 全窗基线 · 不参与实体赏罚,6875068,688,A168_HF9F_20260827_0900,2026-08-27 09:00:00
2026-03-24,34351174,526,0,22.0089796637,22.0089796637,22.0089796637,1.0000000,1,1,0.50665070000000000,0.506650700000,0.9867858985152569,0.9867858985152569,0.9867858985152569,0E-17,ELIGIBLE,R03b_20260811_FULL_v1,L1_ELIGIBILITY,v2026-08-11,2026-03-21..2026-08-06,baccarat_bet02_101_all_pairs_incl_sentinel,round_win = game_pnl > 0 (decisive only),COMPATIBILITY_ONLY_NOT_PRODUCTION,17311.0105,15440.3509,168.5069,506,497,-0.00973409,,-0.00973409,-0.00973409,-168.5069,17311.0105,OK,0.0000,6.7403,4.0000,96.0000,AG03-UNRESOLVED,ALL5_LEVELS_bet23_to_bet27,6.7403,6.7403,6.7403,8.4253,23.5910,4.000000,4.000000,4.000000,5.000000,14.000000,96.000000,96.000000,96.000000,95.000000,86.000000,5.0,52.2371,46.7052,116.2697,121.8017,PENDING_AG03,FALSE,NOT_FOR_ENFORCEMENT,161.7666,14822.7368,168.5069,161.7666,6.7403,0.00973409,0.00934472,6.7403,161.7666,0.00934472,6.7403,6.7403,6.7403,8.4253,23.5910,161.7666,0.00934472,52.2371,46.7052,116.2697,121.8017,0.00671652,0.00703608,0.00038936,34.2115,31.0671,0.3390,24.0724,1.0275,2473.0015,71.0000,,34.2115,21.0824,22.009,44.018,68.7781,88.0359,110.0449,22.009,0.0,4.0,5.0,1.554433,20,86,6,6,0E-8,0.00973409,,0E-8,0.000000,0.891938,0.887352,,2026-03-24,2026-04-13,7,164,68,21,0.333333,,,0.000000,,,,,,,,GLOBAL_BASELINE_NO_ENTITY_RANKING,,,NOT_APPLICABLE_GLOBAL_BASELINE,HF9g-P5,,,,X 全窗基线 · 不参与实体赏罚,6875069,688,A168_HF9F_20260827_0900,2026-08-27 09:00:00
2026-03-24,34351174,529,0,110.0448983185,-22.0089796637,-22.0089796637,0.5000000,4,4,0.50665070000000000,0.506650700000,-0.02660515369234503,-0.02660515369234503,-0.02660515369234503,0E-17,ELIGIBLE,R03b_20260811_FULL_v1,L1_ELIGIBILITY,v2026-08-11,2026-03-21..2026-08-06,baccarat_bet02_101_all_pairs_incl_sentinel,round_win = game_pnl > 0 (decisive only),COMPATIBILITY_ONLY_NOT_PRODUCTION,17311.0105,15440.3509,168.5069,506,497,-0.00973409,,-0.00973409,-0.00973409,-168.5069,17311.0105,OK,0.0000,6.7403,4.0000,96.0000,AG03-UNRESOLVED,ALL5_LEVELS_bet23_to_bet27,6.7403,6.7403,6.7403,8.4253,23.5910,4.000000,4.000000,4.000000,5.000000,14.000000,96.000000,96.000000,96.000000,95.000000,86.000000,5.0,52.2371,46.7052,116.2697,121.8017,PENDING_AG03,FALSE,NOT_FOR_ENFORCEMENT,161.7666,14822.7368,168.5069,161.7666,6.7403,0.00973409,0.00934472,6.7403,161.7666,0.00934472,6.7403,6.7403,6.7403,8.4253,23.5910,161.7666,0.00934472,52.2371,46.7052,116.2697,121.8017,0.00671652,0.00703608,0.00038936,34.2115,31.0671,0.3390,24.0724,1.0275,2473.0015,71.0000,,34.2115,21.0824,22.009,44.018,68.7781,88.0359,110.0449,22.009,0.0,4.0,5.0,1.554433,20,86,6,6,0E-8,0.00973409,,0E-8,0.000000,0.891938,0.887352,,2026-03-24,2026-04-13,7,164,68,21,0.333333,,,0.000000,,,,,,,,GLOBAL_BASELINE_NO_ENTITY_RANKING,,,NOT_APPLICABLE_GLOBAL_BASELINE,HF9g-P5,,,,X 全窗基线 · 不参与实体赏罚,6875070,688,A168_HF9F_20260827_0900,2026-08-27 09:00:00
2026-03-24,34351174,550,0,44.0179593274,-44.0179593274,-44.0179593274,0E-7,2,2,0.49994810000000000,0.499948100000,-1.4140667746232096,-1.4140667746232096,-1.4140667746232096,0E-17,ELIGIBLE,R03b_20260811_FULL_v1,L1_ELIGIBILITY,v2026-08-11,2026-03-21..2026-08-06,baccarat_bet02_101_all_pairs_incl_sentinel,round_win = game_pnl > 0 (decisive only),COMPATIBILITY_ONLY_NOT_PRODUCTION,17311.0105,15440.3509,168.5069,506,497,-0.00973409,,-0.00973409,-0.00973409,-168.5069,17311.0105,OK,0.0000,6.7403,4.0000,96.0000,AG03-UNRESOLVED,ALL5_LEVELS_bet23_to_bet27,6.7403,6.7403,6.7403,8.4253,23.5910,4.000000,4.000000,4.000000,5.000000,14.000000,96.000000,96.000000,96.000000,95.000000,86.000000,5.0,52.2371,46.7052,116.2697,121.8017,PENDING_AG03,FALSE,NOT_FOR_ENFORCEMENT,161.7666,14822.7368,168.5069,161.7666,6.7403,0.00973409,0.00934472,6.7403,161.7666,0.00934472,6.7403,6.7403,6.7403,8.4253,23.5910,161.7666,0.00934472,52.2371,46.7052,116.2697,121.8017,0.00671652,0.00703608,0.00038936,34.2115,31.0671,0.3390,24.0724,1.0275,2473.0015,71.0000,,34.2115,21.0824,22.009,44.018,68.7781,88.0359,110.0449,22.009,0.0,4.0,5.0,1.554433,20,86,6,6,0E-8,0.00973409,,0E-8,0.000000,0.891938,0.887352,,2026-03-24,2026-04-13,7,164,68,21,0.333333,,,0.000000,,,,,,,,GLOBAL_BASELINE_NO_ENTITY_RANKING,,,NOT_APPLICABLE_GLOBAL_BASELINE,HF9g-P5,,,,X 全窗基线 · 不参与实体赏罚,6875071,688,A168_HF9F_20260827_0900,2026-08-27 09:00:00
2026-03-24,34351174,752,0,44.0179593274,44.0179593274,44.0179593274,1.0000000,1,1,0.50665070000000000,0.506650700000,0.9867858985152569,0.9867858985152569,0.9867858985152569,0E-17,ELIGIBLE,R03b_20260811_FULL_v1,L1_ELIGIBILITY,v2026-08-11,2026-03-21..2026-08-06,baccarat_bet02_101_all_pairs_incl_sentinel,round_win = game_pnl > 0 (decisive only),COMPATIBILITY_ONLY_NOT_PRODUCTION,17311.0105,15440.3509,168.5069,506,497,-0.00973409,,-0.00973409,-0.00973409,-168.5069,17311.0105,OK,0.0000,6.7403,4.0000,96.0000,AG03-UNRESOLVED,ALL5_LEVELS_bet23_to_bet27,6.7403,6.7403,6.7403,8.4253,23.5910,4.000000,4.000000,4.000000,5.000000,14.000000,96.000000,96.000000,96.000000,95.000000,86.000000,5.0,52.2371,46.7052,116.2697,121.8017,PENDING_AG03,FALSE,NOT_FOR_ENFORCEMENT,161.7666,14822.7368,168.5069,161.7666,6.7403,0.00973409,0.00934472,6.7403,161.7666,0.00934472,6.7403,6.7403,6.7403,8.4253,23.5910,161.7666,0.00934472,52.2371,46.7052,116.2697,121.8017,0.00671652,0.00703608,0.00038936,34.2115,31.0671,0.3390,24.0724,1.0275,2473.0015,71.0000,,34.2115,21.0824,22.009,44.018,68.7781,88.0359,110.0449,22.009,0.0,4.0,5.0,1.554433,20,86,6,6,0E-8,0.00973409,,0E-8,0.000000,0.891938,0.887352,,2026-03-24,2026-04-13,7,164,68,21,0.333333,,,0.000000,,,,,,,,GLOBAL_BASELINE_NO_ENTITY_RANKING,,,NOT_APPLICABLE_GLOBAL_BASELINE,HF9g-P5,,,,X 全窗基线 · 不参与实体赏罚,6875072,688,A168_HF9F_20260827_0900,2026-08-27 09:00:00
2026-03-24,34351174,948,0,44.0179593274,-44.0179593274,-44.0179593274,0E-7,1,1,0.50665070000000000,0.506650700000,-1.013391052207602,-1.013391052207602,-1.013391052207602,0E-17,ELIGIBLE,R03b_20260811_FULL_v1,L1_ELIGIBILITY,v2026-08-11,2026-03-21..2026-08-06,baccarat_bet02_101_all_pairs_incl_sentinel,round_win = game_pnl > 0 (decisive only),COMPATIBILITY_ONLY_NOT_PRODUCTION,17311.0105,15440.3509,168.5069,506,497,-0.00973409,,-0.00973409,-0.00973409,-168.5069,17311.0105,OK,0.0000,6.7403,4.0000,96.0000,AG03-UNRESOLVED,ALL5_LEVELS_bet23_to_bet27,6.7403,6.7403,6.7403,8.4253,23.5910,4.000000,4.000000,4.000000,5.000000,14.000000,96.000000,96.000000,96.000000,95.000000,86.000000,5.0,52.2371,46.7052,116.2697,121.8017,PENDING_AG03,FALSE,NOT_FOR_ENFORCEMENT,161.7666,14822.7368,168.5069,161.7666,6.7403,0.00973409,0.00934472,6.7403,161.7666,0.00934472,6.7403,6.7403,6.7403,8.4253,23.5910,161.7666,0.00934472,52.2371,46.7052,116.2697,121.8017,0.00671652,0.00703608,0.00038936,34.2115,31.0671,0.3390,24.0724,1.0275,2473.0015,71.0000,,34.2115,21.0824,22.009,44.018,68.7781,88.0359,110.0449,22.009,0.0,4.0,5.0,1.554433,20,86,6,6,0E-8,0.00973409,,0E-8,0.000000,0.891938,0.887352,,2026-03-24,2026-04-13,7,164,68,21,0.333333,,,0.000000,,,,,,,,GLOBAL_BASELINE_NO_ENTITY_RANKING,,,NOT_APPLICABLE_GLOBAL_BASELINE,HF9g-P5,,,,X 全窗基线 · 不参与实体赏罚,6875073,688,A168_HF9F_20260827_0900,2026-08-27 09:00:00
2026-03-24,34351174,970,0,22.0089796637,-22.0089796637,-22.0089796637,0E-7,1,1,0.50665070000000000,0.506650700000,-1.013391052207602,-1.013391052207602,-1.013391052207602,0E-17,ELIGIBLE,R03b_20260811_FULL_v1,L1_ELIGIBILITY,v2026-08-11,2026-03-21..2026-08-06,baccarat_bet02_101_all_pairs_incl_sentinel,round_win = game_pnl > 0 (decisive only),COMPATIBILITY_ONLY_NOT_PRODUCTION,17311.0105,15440.3509,168.5069,506,497,-0.00973409,,-0.00973409,-0.00973409,-168.5069,17311.0105,OK,0.0000,6.7403,4.0000,96.0000,AG03-UNRESOLVED,ALL5_LEVELS_bet23_to_bet27,6.7403,6.7403,6.7403,8.4253,23.5910,4.000000,4.000000,4.000000,5.000000,14.000000,96.000000,96.000000,96.000000,95.000000,86.000000,5.0,52.2371,46.7052,116.2697,121.8017,PENDING_AG03,FALSE,NOT_FOR_ENFORCEMENT,161.7666,14822.7368,168.5069,161.7666,6.7403,0.00973409,0.00934472,6.7403,161.7666,0.00934472,6.7403,6.7403,6.7403,8.4253,23.5910,161.7666,0.00934472,52.2371,46.7052,116.2697,121.8017,0.00671652,0.00703608,0.00038936,34.2115,31.0671,0.3390,24.0724,1.0275,2473.0015,71.0000,,34.2115,21.0824,22.009,44.018,68.7781,88.0359,110.0449,22.009,0.0,4.0,5.0,1.554433,20,86,6,6,0E-8,0.00973409,,0E-8,0.000000,0.891938,0.887352,,2026-03-24,2026-04-13,7,164,68,21,0.333333,,,0.000000,,,,,,,,GLOBAL_BASELINE_NO_ENTITY_RANKING,,,NOT_APPLICABLE_GLOBAL_BASELINE,HF9g-P5,,,,X 全窗基线 · 不参与实体赏罚,6875074,688,A168_HF9F_20260827_0900,2026-08-27 09:00:00
2026-03-25,34351174,1004,0,22.0089796637,22.0089796637,22.0089796637,1.0000000,1,1,0.49324550000000000,0.493245500000,1.01360149184955,1.01360149184955,1.01360149184955,0E-17,ELIGIBLE,R03b_20260811_FULL_v1,L1_ELIGIBILITY,v2026-08-11,2026-03-21..2026-08-06,baccarat_bet02_101_all_pairs_incl_sentinel,round_win = game_pnl > 0 (decisive only),COMPATIBILITY_ONLY_NOT_PRODUCTION,17311.0105,15440.3509,168.5069,506,497,-0.00973409,,-0.00973409,-0.00973409,-168.5069,17311.0105,OK,0.0000,6.7403,4.0000,96.0000,AG03-UNRESOLVED,ALL5_LEVELS_bet23_to_bet27,6.7403,6.7403,6.7403,8.4253,23.5910,4.000000,4.000000,4.000000,5.000000,14.000000,96.000000,96.000000,96.000000,95.000000,86.000000,5.0,52.2371,46.7052,116.2697,121.8017,PENDING_AG03,FALSE,NOT_FOR_ENFORCEMENT,161.7666,14822.7368,168.5069,161.7666,6.7403,0.00973409,0.00934472,6.7403,161.7666,0.00934472,6.7403,6.7403,6.7403,8.4253,23.5910,161.7666,0.00934472,52.2371,46.7052,116.2697,121.8017,0.00671652,0.00703608,0.00038936,34.2115,31.0671,0.3390,24.0724,1.0275,2473.0015,71.0000,,34.2115,21.0824,22.009,44.018,68.7781,88.0359,110.0449,22.009,0.0,4.0,5.0,1.554433,20,86,6,6,0E-8,0.00973409,,0E-8,0.000000,0.891938,0.887352,,2026-03-24,2026-04-13,7,164,68,21,0.333333,,,0.000000,,,,,,,,GLOBAL_BASELINE_NO_ENTITY_RANKING,,,NOT_APPLICABLE_GLOBAL_BASELINE,HF9g-P5,,,,X 全窗基线 · 不参与实体赏罚,6875075,688,A168_HF9F_20260827_0900,2026-08-27 09:00:00
2026-03-25,34351174,1363,0,11.0044898319,11.0044898319,11.0044898319,1.0000000,1,1,0.49324550000000000,0.493245500000,1.01360149184955,1.01360149184955,1.01360149184955,0E-17,ELIGIBLE,R03b_20260811_FULL_v1,L1_ELIGIBILITY,v2026-08-11,2026-03-21..2026-08-06,baccarat_bet02_101_all_pairs_incl_sentinel,round_win = game_pnl > 0 (decisive only),COMPATIBILITY_ONLY_NOT_PRODUCTION,17311.0105,15440.3509,168.5069,506,497,-0.00973409,,-0.00973409,-0.00973409,-168.5069,17311.0105,OK,0.0000,6.7403,4.0000,96.0000,AG03-UNRESOLVED,ALL5_LEVELS_bet23_to_bet27,6.7403,6.7403,6.7403,8.4253,23.5910,4.000000,4.000000,4.000000,5.000000,14.000000,96.000000,96.000000,96.000000,95.000000,86.000000,5.0,52.2371,46.7052,116.2697,121.8017,PENDING_AG03,FALSE,NOT_FOR_ENFORCEMENT,161.7666,14822.7368,168.5069,161.7666,6.7403,0.00973409,0.00934472,6.7403,161.7666,0.00934472,6.7403,6.7403,6.7403,8.4253,23.5910,161.7666,0.00934472,52.2371,46.7052,116.2697,121.8017,0.00671652,0.00703608,0.00038936,34.2115,31.0671,0.3390,24.0724,1.0275,2473.0015,71.0000,,34.2115,21.0824,22.009,44.018,68.7781,88.0359,110.0449,22.009,0.0,4.0,5.0,1.554433,20,86,6,6,0E-8,0.00973409,,0E-8,0.000000,0.891938,0.887352,,2026-03-24,2026-04-13,7,164,68,21,0.333333,,,0.000000,,,,,,,,GLOBAL_BASELINE_NO_ENTITY_RANKING,,,NOT_APPLICABLE_GLOBAL_BASELINE,HF9g-P5,,,,X 全窗基线 · 不参与实体赏罚,6875076,688,A168_HF9F_20260827_0900,2026-08-27 09:00:00
2026-03-25,34351174,1623,0,22.0089796637,22.0089796637,22.0089796637,1.0000000,1,1,0.50665070000000000,0.506650700000,0.9867858985152569,0.9867858985152569,0.9867858985152569,0E-17,ELIGIBLE,R03b_20260811_FULL_v1,L1_ELIGIBILITY,v2026-08-11,2026-03-21..2026-08-06,baccarat_bet02_101_all_pairs_incl_sentinel,round_win = game_pnl > 0 (decisive only),COMPATIBILITY_ONLY_NOT_PRODUCTION,17311.0105,15440.3509,168.5069,506,497,-0.00973409,,-0.00973409,-0.00973409,-168.5069,17311.0105,OK,0.0000,6.7403,4.0000,96.0000,AG03-UNRESOLVED,ALL5_LEVELS_bet23_to_bet27,6.7403,6.7403,6.7403,8.4253,23.5910,4.000000,4.000000,4.000000,5.000000,14.000000,96.000000,96.000000,96.000000,95.000000,86.000000,5.0,52.2371,46.7052,116.2697,121.8017,PENDING_AG03,FALSE,NOT_FOR_ENFORCEMENT,161.7666,14822.7368,168.5069,161.7666,6.7403,0.00973409,0.00934472,6.7403,161.7666,0.00934472,6.7403,6.7403,6.7403,8.4253,23.5910,161.7666,0.00934472,52.2371,46.7052,116.2697,121.8017,0.00671652,0.00703608,0.00038936,34.2115,31.0671,0.3390,24.0724,1.0275,2473.0015,71.0000,,34.2115,21.0824,22.009,44.018,68.7781,88.0359,110.0449,22.009,0.0,4.0,5.0,1.554433,20,86,6,6,0E-8,0.00973409,,0E-8,0.000000,0.891938,0.887352,,2026-03-24,2026-04-13,7,164,68,21,0.333333,,,0.000000,,,,,,,,GLOBAL_BASELINE_NO_ENTITY_RANKING,,,NOT_APPLICABLE_GLOBAL_BASELINE,HF9g-P5,,,,X 全窗基线 · 不参与实体赏罚,6875077,688,A168_HF9F_20260827_0900,2026-08-27 09:00:00
2026-03-25,34351174,2212,0,44.0179593274,22.0089796637,22.0089796637,1.0000000,2,2,0.49994810000000000,0.499948100000,1.0001038053877793,1.0001038053877793,1.0001038053877793,0E-17,ELIGIBLE,R03b_20260811_FULL_v1,L1_ELIGIBILITY,v2026-08-11,2026-03-21..2026-08-06,baccarat_bet02_101_all_pairs_incl_sentinel,round_win = game_pnl > 0 (decisive only),COMPATIBILITY_ONLY_NOT_PRODUCTION,17311.0105,15440.3509,168.5069,506,497,-0.00973409,,-0.00973409,-0.00973409,-168.5069,17311.0105,OK,0.0000,6.7403,4.0000,96.0000,AG03-UNRESOLVED,ALL5_LEVELS_bet23_to_bet27,6.7403,6.7403,6.7403,8.4253,23.5910,4.000000,4.000000,4.000000,5.000000,14.000000,96.000000,96.000000,96.000000,95.000000,86.000000,5.0,52.2371,46.7052,116.2697,121.8017,PENDING_AG03,FALSE,NOT_FOR_ENFORCEMENT,161.7666,14822.7368,168.5069,161.7666,6.7403,0.00973409,0.00934472,6.7403,161.7666,0.00934472,6.7403,6.7403,6.7403,8.4253,23.5910,161.7666,0.00934472,52.2371,46.7052,116.2697,121.8017,0.00671652,0.00703608,0.00038936,34.2115,31.0671,0.3390,24.0724,1.0275,2473.0015,71.0000,,34.2115,21.0824,22.009,44.018,68.7781,88.0359,110.0449,22.009,0.0,4.0,5.0,1.554433,20,86,6,6,0E-8,0.00973409,,0E-8,0.000000,0.891938,0.887352,,2026-03-24,2026-04-13,7,164,68,21,0.333333,,,0.000000,,,,,,,,GLOBAL_BASELINE_NO_ENTITY_RANKING,,,NOT_APPLICABLE_GLOBAL_BASELINE,HF9g-P5,,,,X 全窗基线 · 不参与实体赏罚,6875078,688,A168_HF9F_20260827_0900,2026-08-27 09:00:00
2026-03-25,34351174,2218,0,22.0089796637,-22.0089796637,-22.0089796637,0E-7,1,1,0.50665070000000000,0.506650700000,-1.013391052207602,-1.013391052207602,-1.013391052207602,0E-17,ELIGIBLE,R03b_20260811_FULL_v1,L1_ELIGIBILITY,v2026-08-11,2026-03-21..2026-08-06,baccarat_bet02_101_all_pairs_incl_sentinel,round_win = game_pnl > 0 (decisive only),COMPATIBILITY_ONLY_NOT_PRODUCTION,17311.0105,15440.3509,168.5069,506,497,-0.00973409,,-0.00973409,-0.00973409,-168.5069,17311.0105,OK,0.0000,6.7403,4.0000,96.0000,AG03-UNRESOLVED,ALL5_LEVELS_bet23_to_bet27,6.7403,6.7403,6.7403,8.4253,23.5910,4.000000,4.000000,4.000000,5.000000,14.000000,96.000000,96.000000,96.000000,95.000000,86.000000,5.0,52.2371,46.7052,116.2697,121.8017,PENDING_AG03,FALSE,NOT_FOR_ENFORCEMENT,161.7666,14822.7368,168.5069,161.7666,6.7403,0.00973409,0.00934472,6.7403,161.7666,0.00934472,6.7403,6.7403,6.7403,8.4253,23.5910,161.7666,0.00934472,52.2371,46.7052,116.2697,121.8017,0.00671652,0.00703608,0.00038936,34.2115,31.0671,0.3390,24.0724,1.0275,2473.0015,71.0000,,34.2115,21.0824,22.009,44.018,68.7781,88.0359,110.0449,22.009,0.0,4.0,5.0,1.554433,20,86,6,6,0E-8,0.00973409,,0E-8,0.000000,0.891938,0.887352,,2026-03-24,2026-04-13,7,164,68,21,0.333333,,,0.000000,,,,,,,,GLOBAL_BASELINE_NO_ENTITY_RANKING,,,NOT_APPLICABLE_GLOBAL_BASELINE,HF9g-P5,,,,X 全窗基线 · 不参与实体赏罚,6875079,688,A168_HF9F_20260827_0900,2026-08-27 09:00:00
2026-03-25,34351174,2220,0,22.0089796637,22.0089796637,22.0089796637,1.0000000,1,1,0.50665070000000000,0.506650700000,0.9867858985152569,0.9867858985152569,0.9867858985152569,0E-17,ELIGIBLE,R03b_20260811_FULL_v1,L1_ELIGIBILITY,v2026-08-11,2026-03-21..2026-08-06,baccarat_bet02_101_all_pairs_incl_sentinel,round_win = game_pnl > 0 (decisive only),COMPATIBILITY_ONLY_NOT_PRODUCTION,17311.0105,15440.3509,168.5069,506,497,-0.00973409,,-0.00973409,-0.00973409,-168.5069,17311.0105,OK,0.0000,6.7403,4.0000,96.0000,AG03-UNRESOLVED,ALL5_LEVELS_bet23_to_bet27,6.7403,6.7403,6.7403,8.4253,23.5910,4.000000,4.000000,4.000000,5.000000,14.000000,96.000000,96.000000,96.000000,95.000000,86.000000,5.0,52.2371,46.7052,116.2697,121.8017,PENDING_AG03,FALSE,NOT_FOR_ENFORCEMENT,161.7666,14822.7368,168.5069,161.7666,6.7403,0.00973409,0.00934472,6.7403,161.7666,0.00934472,6.7403,6.7403,6.7403,8.4253,23.5910,161.7666,0.00934472,52.2371,46.7052,116.2697,121.8017,0.00671652,0.00703608,0.00038936,34.2115,31.0671,0.3390,24.0724,1.0275,2473.0015,71.0000,,34.2115,21.0824,22.009,44.018,68.7781,88.0359,110.0449,22.009,0.0,4.0,5.0,1.554433,20,86,6,6,0E-8,0.00973409,,0E-8,0.000000,0.891938,0.887352,,2026-03-24,2026-04-13,7,164,68,21,0.333333,,,0.000000,,,,,,,,GLOBAL_BASELINE_NO_ENTITY_RANKING,,,NOT_APPLICABLE_GLOBAL_BASELINE,HF9g-P5,,,,X 全窗基线 · 不参与实体赏罚,6875080,688,A168_HF9F_20260827_0900,2026-08-27 09:00:00
2026-03-25,34351174,2244,0,321.3311030900,-92.4377145876,-92.4377145876,0.3333333,9,9,0.50516123333333333,0.505161233333,-1.0310223308884936,-1.0310223308864865,-1.0310223308884936,3.3333E-13,ELIGIBLE,R03b_20260811_FULL_v1,L1_ELIGIBILITY,v2026-08-11,2026-03-21..2026-08-06,baccarat_bet02_101_all_pairs_incl_sentinel,round_win = game_pnl > 0 (decisive only),COMPATIBILITY_ONLY_NOT_PRODUCTION,17311.0105,15440.3509,168.5069,506,497,-0.00973409,,-0.00973409,-0.00973409,-168.5069,17311.0105,OK,0.0000,6.7403,4.0000,96.0000,AG03-UNRESOLVED,ALL5_LEVELS_bet23_to_bet27,6.7403,6.7403,6.7403,8.4253,23.5910,4.000000,4.000000,4.000000,5.000000,14.000000,96.000000,96.000000,96.000000,95.000000,86.000000,5.0,52.2371,46.7052,116.2697,121.8017,PENDING_AG03,FALSE,NOT_FOR_ENFORCEMENT,161.7666,14822.7368,168.5069,161.7666,6.7403,0.00973409,0.00934472,6.7403,161.7666,0.00934472,6.7403,6.7403,6.7403,8.4253,23.5910,161.7666,0.00934472,52.2371,46.7052,116.2697,121.8017,0.00671652,0.00703608,0.00038936,34.2115,31.0671,0.3390,24.0724,1.0275,2473.0015,71.0000,,34.2115,21.0824,22.009,44.018,68.7781,88.0359,110.0449,22.009,0.0,4.0,5.0,1.554433,20,86,6,6,0E-8,0.00973409,,0E-8,0.000000,0.891938,0.887352,,2026-03-24,2026-04-13,7,164,68,21,0.333333,,,0.000000,,,,,,,,GLOBAL_BASELINE_NO_ENTITY_RANKING,,,NOT_APPLICABLE_GLOBAL_BASELINE,HF9g-P5,,,,X 全窗基线 · 不参与实体赏罚,6875081,688,A168_HF9F_20260827_0900,2026-08-27 09:00:00
2026-03-25,34351174,2248,0,187.0763271416,0E-10,0E-10,0.5000000,9,9,0.50069283333333333,0.500692833333,-0.003394179545452848,-0.0033941795438198656,-0.003394179545452848,3.3333E-13,ELIGIBLE,R03b_20260811_FULL_v1,L1_ELIGIBILITY,v2026-08-11,2026-03-21..2026-08-06,baccarat_bet02_101_all_pairs_incl_sentinel,round_win = game_pnl > 0 (decisive only),COMPATIBILITY_ONLY_NOT_PRODUCTION,17311.0105,15440.3509,168.5069,506,497,-0.00973409,,-0.00973409,-0.00973409,-168.5069,17311.0105,OK,0.0000,6.7403,4.0000,96.0000,AG03-UNRESOLVED,ALL5_LEVELS_bet23_to_bet27,6.7403,6.7403,6.7403,8.4253,23.5910,4.000000,4.000000,4.000000,5.000000,14.000000,96.000000,96.000000,96.000000,95.000000,86.000000,5.0,52.2371,46.7052,116.2697,121.8017,PENDING_AG03,FALSE,NOT_FOR_ENFORCEMENT,161.7666,14822.7368,168.5069,161.7666,6.7403,0.00973409,0.00934472,6.7403,161.7666,0.00934472,6.7403,6.7403,6.7403,8.4253,23.5910,161.7666,0.00934472,52.2371,46.7052,116.2697,121.8017,0.00671652,0.00703608,0.00038936,34.2115,31.0671,0.3390,24.0724,1.0275,2473.0015,71.0000,,34.2115,21.0824,22.009,44.018,68.7781,88.0359,110.0449,22.009,0.0,4.0,5.0,1.554433,20,86,6,6,0E-8,0.00973409,,0E-8,0.000000,0.891938,0.887352,,2026-03-24,2026-04-13,7,164,68,21,0.333333,,,0.000000,,,,,,,,GLOBAL_BASELINE_NO_ENTITY_RANKING,,,NOT_APPLICABLE_GLOBAL_BASELINE,HF9g-P5,,,,X 全窗基线 · 不参与实体赏罚,6875082,688,A168_HF9F_20260827_0900,2026-08-27 09:00:00
2026-03-25,34351174,789,0,11.0044898319,-11.0044898319,-11.0044898319,0E-7,1,1,0.50665070000000000,0.506650700000,-1.013391052207602,-1.013391052207602,-1.013391052207602,0E-17,ELIGIBLE,R03b_20260811_FULL_v1,L1_ELIGIBILITY,v2026-08-11,2026-03-21..2026-08-06,baccarat_bet02_101_all_pairs_incl_sentinel,round_win = game_pnl > 0 (decisive only),COMPATIBILITY_ONLY_NOT_PRODUCTION,17311.0105,15440.3509,168.5069,506,497,-0.00973409,,-0.00973409,-0.00973409,-168.5069,17311.0105,OK,0.0000,6.7403,4.0000,96.0000,AG03-UNRESOLVED,ALL5_LEVELS_bet23_to_bet27,6.7403,6.7403,6.7403,8.4253,23.5910,4.000000,4.000000,4.000000,5.000000,14.000000,96.000000,96.000000,96.000000,95.000000,86.000000,5.0,52.2371,46.7052,116.2697,121.8017,PENDING_AG03,FALSE,NOT_FOR_ENFORCEMENT,161.7666,14822.7368,168.5069,161.7666,6.7403,0.00973409,0.00934472,6.7403,161.7666,0.00934472,6.7403,6.7403,6.7403,8.4253,23.5910,161.7666,0.00934472,52.2371,46.7052,116.2697,121.8017,0.00671652,0.00703608,0.00038936,34.2115,31.0671,0.3390,24.0724,1.0275,2473.0015,71.0000,,34.2115,21.0824,22.009,44.018,68.7781,88.0359,110.0449,22.009,0.0,4.0,5.0,1.554433,20,86,6,6,0E-8,0.00973409,,0E-8,0.000000,0.891938,0.887352,,2026-03-24,2026-04-13,7,164,68,21,0.333333,,,0.000000,,,,,,,,GLOBAL_BASELINE_NO_ENTITY_RANKING,,,NOT_APPLICABLE_GLOBAL_BASELINE,HF9g-P5,,,,X 全窗基线 · 不参与实体赏罚,6875083,688,A168_HF9F_20260827_0900,2026-08-27 09:00:00
2026-03-25,34351174,986,0,44.0179593274,0E-10,0E-10,,2,2,0.50665070000000000,0.506650700000,,,,0E-17,NO_DECISIVE_ROUND,R03b_20260811_FULL_v1,L1_ELIGIBILITY,v2026-08-11,2026-03-21..2026-08-06,baccarat_bet02_101_all_pairs_incl_sentinel,round_win = game_pnl > 0 (decisive only),COMPATIBILITY_ONLY_NOT_PRODUCTION,17311.0105,15440.3509,168.5069,506,497,-0.00973409,,-0.00973409,-0.00973409,-168.5069,17311.0105,OK,0.0000,6.7403,4.0000,96.0000,AG03-UNRESOLVED,ALL5_LEVELS_bet23_to_bet27,6.7403,6.7403,6.7403,8.4253,23.5910,4.000000,4.000000,4.000000,5.000000,14.000000,96.000000,96.000000,96.000000,95.000000,86.000000,5.0,52.2371,46.7052,116.2697,121.8017,PENDING_AG03,FALSE,NOT_FOR_ENFORCEMENT,161.7666,14822.7368,168.5069,161.7666,6.7403,0.00973409,0.00934472,6.7403,161.7666,0.00934472,6.7403,6.7403,6.7403,8.4253,23.5910,161.7666,0.00934472,52.2371,46.7052,116.2697,121.8017,0.00671652,0.00703608,0.00038936,34.2115,31.0671,0.3390,24.0724,1.0275,2473.0015,71.0000,,34.2115,21.0824,22.009,44.018,68.7781,88.0359,110.0449,22.009,0.0,4.0,5.0,1.554433,20,86,6,6,0E-8,0.00973409,,0E-8,0.000000,0.891938,0.887352,,2026-03-24,2026-04-13,7,164,68,21,0.333333,,,0.000000,,,,,,,,GLOBAL_BASELINE_NO_ENTITY_RANKING,,,NOT_APPLICABLE_GLOBAL_BASELINE,HF9g-P5,,,,X 全窗基线 · 不参与实体赏罚,6875084,688,A168_HF9F_20260827_0900,2026-08-27 09:00:00
2026-03-29,34351174,-1,1,30.1523021393,3.4444053174,3.4444053174,0.6666667,4,4,0.50665070000000000,0.506650700000,0.5543606114942035,0.5543606114942035,0.5543606114942035,0E-17,SENTINEL_DEALER,R03b_20260811_FULL_v1,L1_ELIGIBILITY,v2026-08-11,2026-03-21..2026-08-06,baccarat_bet02_101_all_pairs_incl_sentinel,round_win = game_pnl > 0 (decisive only),COMPATIBILITY_ONLY_NOT_PRODUCTION,17311.0105,15440.3509,168.5069,506,497,-0.00973409,,-0.00973409,-0.00973409,-168.5069,17311.0105,OK,0.0000,6.7403,4.0000,96.0000,AG03-UNRESOLVED,ALL5_LEVELS_bet23_to_bet27,6.7403,6.7403,6.7403,8.4253,23.5910,4.000000,4.000000,4.000000,5.000000,14.000000,96.000000,96.000000,96.000000,95.000000,86.000000,5.0,52.2371,46.7052,116.2697,121.8017,PENDING_AG03,FALSE,NOT_FOR_ENFORCEMENT,161.7666,14822.7368,168.5069,161.7666,6.7403,0.00973409,0.00934472,6.7403,161.7666,0.00934472,6.7403,6.7403,6.7403,8.4253,23.5910,161.7666,0.00934472,52.2371,46.7052,116.2697,121.8017,0.00671652,0.00703608,0.00038936,34.2115,31.0671,0.3390,24.0724,1.0275,2473.0015,71.0000,,34.2115,21.0824,22.009,44.018,68.7781,88.0359,110.0449,22.009,0.0,4.0,5.0,1.554433,20,86,6,6,0E-8,0.00973409,,0E-8,0.000000,0.891938,0.887352,,2026-03-24,2026-04-13,7,164,68,21,0.333333,,,0.000000,,,,,,,,GLOBAL_BASELINE_NO_ENTITY_RANKING,,,NOT_APPLICABLE_GLOBAL_BASELINE,HF9g-P5,,,,X 全窗基线 · 不参与实体赏罚,6875085,688,A168_HF9F_20260827_0900,2026-08-27 09:00:00
2026-03-29,34351174,1115,0,132.0538779823,-56.1228981425,-56.1228981425,0.2000000,7,7,0.50473567142857143,0.504735671429,-1.3628804838446171,-1.3628804838465447,-1.3628804838446171,-4.2857E-13,ELIGIBLE,R03b_20260811_FULL_v1,L1_ELIGIBILITY,v2026-08-11,2026-03-21..2026-08-06,baccarat_bet02_101_all_pairs_incl_sentinel,round_win = game_pnl > 0 (decisive only),COMPATIBILITY_ONLY_NOT_PRODUCTION,17311.0105,15440.3509,168.5069,506,497,-0.00973409,,-0.00973409,-0.00973409,-168.5069,17311.0105,OK,0.0000,6.7403,4.0000,96.0000,AG03-UNRESOLVED,ALL5_LEVELS_bet23_to_bet27,6.7403,6.7403,6.7403,8.4253,23.5910,4.000000,4.000000,4.000000,5.000000,14.000000,96.000000,96.000000,96.000000,95.000000,86.000000,5.0,52.2371,46.7052,116.2697,121.8017,PENDING_AG03,FALSE,NOT_FOR_ENFORCEMENT,161.7666,14822.7368,168.5069,161.7666,6.7403,0.00973409,0.00934472,6.7403,161.7666,0.00934472,6.7403,6.7403,6.7403,8.4253,23.5910,161.7666,0.00934472,52.2371,46.7052,116.2697,121.8017,0.00671652,0.00703608,0.00038936,34.2115,31.0671,0.3390,24.0724,1.0275,2473.0015,71.0000,,34.2115,21.0824,22.009,44.018,68.7781,88.0359,110.0449,22.009,0.0,4.0,5.0,1.554433,20,86,6,6,0E-8,0.00973409,,0E-8,0.000000,0.891938,0.887352,,2026-03-24,2026-04-13,7,164,68,21,0.333333,,,0.000000,,,,,,,,GLOBAL_BASELINE_NO_ENTITY_RANKING,,,NOT_APPLICABLE_GLOBAL_BASELINE,HF9g-P5,,,,X 全窗基线 · 不参与实体赏罚,6875086,688,A168_HF9F_20260827_0900,2026-08-27 09:00:00
2026-03-29,34351174,1157,0,22.0089796637,22.0089796637,22.0089796637,1.0000000,1,1,0.50665070000000000,0.506650700000,0.9867858985152569,0.9867858985152569,0.9867858985152569,0E-17,ELIGIBLE,R03b_20260811_FULL_v1,L1_ELIGIBILITY,v2026-08-11,2026-03-21..2026-08-06,baccarat_bet02_101_all_pairs_incl_sentinel,round_win = game_pnl > 0 (decisive only),COMPATIBILITY_ONLY_NOT_PRODUCTION,17311.0105,15440.3509,168.5069,506,497,-0.00973409,,-0.00973409,-0.00973409,-168.5069,17311.0105,OK,0.0000,6.7403,4.0000,96.0000,AG03-UNRESOLVED,ALL5_LEVELS_bet23_to_bet27,6.7403,6.7403,6.7403,8.4253,23.5910,4.000000,4.000000,4.000000,5.000000,14.000000,96.000000,96.000000,96.000000,95.000000,86.000000,5.0,52.2371,46.7052,116.2697,121.8017,PENDING_AG03,FALSE,NOT_FOR_ENFORCEMENT,161.7666,14822.7368,168.5069,161.7666,6.7403,0.00973409,0.00934472,6.7403,161.7666,0.00934472,6.7403,6.7403,6.7403,8.4253,23.5910,161.7666,0.00934472,52.2371,46.7052,116.2697,121.8017,0.00671652,0.00703608,0.00038936,34.2115,31.0671,0.3390,24.0724,1.0275,2473.0015,71.0000,,34.2115,21.0824,22.009,44.018,68.7781,88.0359,110.0449,22.009,0.0,4.0,5.0,1.554433,20,86,6,6,0E-8,0.00973409,,0E-8,0.000000,0.891938,0.887352,,2026-03-24,2026-04-13,7,164,68,21,0.333333,,,0.000000,,,,,,,,GLOBAL_BASELINE_NO_ENTITY_RANKING,,,NOT_APPLICABLE_GLOBAL_BASELINE,HF9g-P5,,,,X 全窗基线 · 不参与实体赏罚,6875087,688,A168_HF9F_20260827_0900,2026-08-27 09:00:00
2026-03-29,34351174,1205,0,99.0404084867,11.0044898318,11.0044898318,0.5000000,5,5,0.50128862000000000,0.501288620000,-0.0051544971185412255,-0.0051544971185412255,-0.0051544971185412255,0E-17,ELIGIBLE,R03b_20260811_FULL_v1,L1_ELIGIBILITY,v2026-08-11,2026-03-21..2026-08-06,baccarat_bet02_101_all_pairs_incl_sentinel,round_win = game_pnl > 0 (decisive only),COMPATIBILITY_ONLY_NOT_PRODUCTION,17311.0105,15440.3509,168.5069,506,497,-0.00973409,,-0.00973409,-0.00973409,-168.5069,17311.0105,OK,0.0000,6.7403,4.0000,96.0000,AG03-UNRESOLVED,ALL5_LEVELS_bet23_to_bet27,6.7403,6.7403,6.7403,8.4253,23.5910,4.000000,4.000000,4.000000,5.000000,14.000000,96.000000,96.000000,96.000000,95.000000,86.000000,5.0,52.2371,46.7052,116.2697,121.8017,PENDING_AG03,FALSE,NOT_FOR_ENFORCEMENT,161.7666,14822.7368,168.5069,161.7666,6.7403,0.00973409,0.00934472,6.7403,161.7666,0.00934472,6.7403,6.7403,6.7403,8.4253,23.5910,161.7666,0.00934472,52.2371,46.7052,116.2697,121.8017,0.00671652,0.00703608,0.00038936,34.2115,31.0671,0.3390,24.0724,1.0275,2473.0015,71.0000,,34.2115,21.0824,22.009,44.018,68.7781,88.0359,110.0449,22.009,0.0,4.0,5.0,1.554433,20,86,6,6,0E-8,0.00973409,,0E-8,0.000000,0.891938,0.887352,,2026-03-24,2026-04-13,7,164,68,21,0.333333,,,0.000000,,,,,,,,GLOBAL_BASELINE_NO_ENTITY_RANKING,,,NOT_APPLICABLE_GLOBAL_BASELINE,HF9g-P5,,,,X 全窗基线 · 不参与实体赏罚,6875088,688,A168_HF9F_20260827_0900,2026-08-27 09:00:00
2026-03-29,34351174,1330,0,22.0089796637,22.0089796637,22.0089796637,1.0000000,1,1,0.50665070000000000,0.506650700000,0.9867858985152569,0.9867858985152569,0.9867858985152569,0E-17,ELIGIBLE,R03b_20260811_FULL_v1,L1_ELIGIBILITY,v2026-08-11,2026-03-21..2026-08-06,baccarat_bet02_101_all_pairs_incl_sentinel,round_win = game_pnl > 0 (decisive only),COMPATIBILITY_ONLY_NOT_PRODUCTION,17311.0105,15440.3509,168.5069,506,497,-0.00973409,,-0.00973409,-0.00973409,-168.5069,17311.0105,OK,0.0000,6.7403,4.0000,96.0000,AG03-UNRESOLVED,ALL5_LEVELS_bet23_to_bet27,6.7403,6.7403,6.7403,8.4253,23.5910,4.000000,4.000000,4.000000,5.000000,14.000000,96.000000,96.000000,96.000000,95.000000,86.000000,5.0,52.2371,46.7052,116.2697,121.8017,PENDING_AG03,FALSE,NOT_FOR_ENFORCEMENT,161.7666,14822.7368,168.5069,161.7666,6.7403,0.00973409,0.00934472,6.7403,161.7666,0.00934472,6.7403,6.7403,6.7403,8.4253,23.5910,161.7666,0.00934472,52.2371,46.7052,116.2697,121.8017,0.00671652,0.00703608,0.00038936,34.2115,31.0671,0.3390,24.0724,1.0275,2473.0015,71.0000,,34.2115,21.0824,22.009,44.018,68.7781,88.0359,110.0449,22.009,0.0,4.0,5.0,1.554433,20,86,6,6,0E-8,0.00973409,,0E-8,0.000000,0.891938,0.887352,,2026-03-24,2026-04-13,7,164,68,21,0.333333,,,0.000000,,,,,,,,GLOBAL_BASELINE_NO_ENTITY_RANKING,,,NOT_APPLICABLE_GLOBAL_BASELINE,HF9g-P5,,,,X 全窗基线 · 不参与实体赏罚,6875089,688,A168_HF9F_20260827_0900,2026-08-27 09:00:00
2026-03-29,34351174,1354,0,62.5055022449,-7.1419139008,-7.1419139008,0.3333333,3,3,0.50665070000000000,0.506650700000,-0.6004420894325239,-0.6004420894325239,-0.6004420894325239,0E-17,ELIGIBLE,R03b_20260811_FULL_v1,L1_ELIGIBILITY,v2026-08-11,2026-03-21..2026-08-06,baccarat_bet02_101_all_pairs_incl_sentinel,round_win = game_pnl > 0 (decisive only),COMPATIBILITY_ONLY_NOT_PRODUCTION,17311.0105,15440.3509,168.5069,506,497,-0.00973409,,-0.00973409,-0.00973409,-168.5069,17311.0105,OK,0.0000,6.7403,4.0000,96.0000,AG03-UNRESOLVED,ALL5_LEVELS_bet23_to_bet27,6.7403,6.7403,6.7403,8.4253,23.5910,4.000000,4.000000,4.000000,5.000000,14.000000,96.000000,96.000000,96.000000,95.000000,86.000000,5.0,52.2371,46.7052,116.2697,121.8017,PENDING_AG03,FALSE,NOT_FOR_ENFORCEMENT,161.7666,14822.7368,168.5069,161.7666,6.7403,0.00973409,0.00934472,6.7403,161.7666,0.00934472,6.7403,6.7403,6.7403,8.4253,23.5910,161.7666,0.00934472,52.2371,46.7052,116.2697,121.8017,0.00671652,0.00703608,0.00038936,34.2115,31.0671,0.3390,24.0724,1.0275,2473.0015,71.0000,,34.2115,21.0824,22.009,44.018,68.7781,88.0359,110.0449,22.009,0.0,4.0,5.0,1.554433,20,86,6,6,0E-8,0.00973409,,0E-8,0.000000,0.891938,0.887352,,2026-03-24,2026-04-13,7,164,68,21,0.333333,,,0.000000,,,,,,,,GLOBAL_BASELINE_NO_ENTITY_RANKING,,,NOT_APPLICABLE_GLOBAL_BASELINE,HF9g-P5,,,,X 全窗基线 · 不参与实体赏罚,6875090,688,A168_HF9F_20260827_0900,2026-08-27 09:00:00
2026-03-29,34351174,1363,0,22.0089796637,-22.0089796637,-22.0089796637,0E-7,1,1,0.50665070000000000,0.506650700000,-1.013391052207602,-1.013391052207602,-1.013391052207602,0E-17,ELIGIBLE,R03b_20260811_FULL_v1,L1_ELIGIBILITY,v2026-08-11,2026-03-21..2026-08-06,baccarat_bet02_101_all_pairs_incl_sentinel,round_win = game_pnl > 0 (decisive only),COMPATIBILITY_ONLY_NOT_PRODUCTION,17311.0105,15440.3509,168.5069,506,497,-0.00973409,,-0.00973409,-0.00973409,-168.5069,17311.0105,OK,0.0000,6.7403,4.0000,96.0000,AG03-UNRESOLVED,ALL5_LEVELS_bet23_to_bet27,6.7403,6.7403,6.7403,8.4253,23.5910,4.000000,4.000000,4.000000,5.000000,14.000000,96.000000,96.000000,96.000000,95.000000,86.000000,5.0,52.2371,46.7052,116.2697,121.8017,PENDING_AG03,FALSE,NOT_FOR_ENFORCEMENT,161.7666,14822.7368,168.5069,161.7666,6.7403,0.00973409,0.00934472,6.7403,161.7666,0.00934472,6.7403,6.7403,6.7403,8.4253,23.5910,161.7666,0.00934472,52.2371,46.7052,116.2697,121.8017,0.00671652,0.00703608,0.00038936,34.2115,31.0671,0.3390,24.0724,1.0275,2473.0015,71.0000,,34.2115,21.0824,22.009,44.018,68.7781,88.0359,110.0449,22.009,0.0,4.0,5.0,1.554433,20,86,6,6,0E-8,0.00973409,,0E-8,0.000000,0.891938,0.887352,,2026-03-24,2026-04-13,7,164,68,21,0.333333,,,0.000000,,,,,,,,GLOBAL_BASELINE_NO_ENTITY_RANKING,,,NOT_APPLICABLE_GLOBAL_BASELINE,HF9g-P5,,,,X 全窗基线 · 不参与实体赏罚,6875091,688,A168_HF9F_20260827_0900,2026-08-27 09:00:00
2026-03-29,34351174,1383,0,44.0179593274,0E-10,0E-10,0.5000000,2,2,0.49994810000000000,0.499948100000,0.00014679536856514622,0.00014679536856514622,0.00014679536856514622,0E-17,ELIGIBLE,R03b_20260811_FULL_v1,L1_ELIGIBILITY,v2026-08-11,2026-03-21..2026-08-06,baccarat_bet02_101_all_pairs_incl_sentinel,round_win = game_pnl > 0 (decisive only),COMPATIBILITY_ONLY_NOT_PRODUCTION,17311.0105,15440.3509,168.5069,506,497,-0.00973409,,-0.00973409,-0.00973409,-168.5069,17311.0105,OK,0.0000,6.7403,4.0000,96.0000,AG03-UNRESOLVED,ALL5_LEVELS_bet23_to_bet27,6.7403,6.7403,6.7403,8.4253,23.5910,4.000000,4.000000,4.000000,5.000000,14.000000,96.000000,96.000000,96.000000,95.000000,86.000000,5.0,52.2371,46.7052,116.2697,121.8017,PENDING_AG03,FALSE,NOT_FOR_ENFORCEMENT,161.7666,14822.7368,168.5069,161.7666,6.7403,0.00973409,0.00934472,6.7403,161.7666,0.00934472,6.7403,6.7403,6.7403,8.4253,23.5910,161.7666,0.00934472,52.2371,46.7052,116.2697,121.8017,0.00671652,0.00703608,0.00038936,34.2115,31.0671,0.3390,24.0724,1.0275,2473.0015,71.0000,,34.2115,21.0824,22.009,44.018,68.7781,88.0359,110.0449,22.009,0.0,4.0,5.0,1.554433,20,86,6,6,0E-8,0.00973409,,0E-8,0.000000,0.891938,0.887352,,2026-03-24,2026-04-13,7,164,68,21,0.333333,,,0.000000,,,,,,,,GLOBAL_BASELINE_NO_ENTITY_RANKING,,,NOT_APPLICABLE_GLOBAL_BASELINE,HF9g-P5,,,,X 全窗基线 · 不参与实体赏罚,6875092,688,A168_HF9F_20260827_0900,2026-08-27 09:00:00
2026-03-29,34351174,1399,0,46.2188572938,-3.3013469496,-3.3013469496,0.3333333,3,3,0.50665070000000000,0.506650700000,-0.6004420894325239,-0.6004420894325239,-0.6004420894325239,0E-17,ELIGIBLE,R03b_20260811_FULL_v1,L1_ELIGIBILITY,v2026-08-11,2026-03-21..2026-08-06,baccarat_bet02_101_all_pairs_incl_sentinel,round_win = game_pnl > 0 (decisive only),COMPATIBILITY_ONLY_NOT_PRODUCTION,17311.0105,15440.3509,168.5069,506,497,-0.00973409,,-0.00973409,-0.00973409,-168.5069,17311.0105,OK,0.0000,6.7403,4.0000,96.0000,AG03-UNRESOLVED,ALL5_LEVELS_bet23_to_bet27,6.7403,6.7403,6.7403,8.4253,23.5910,4.000000,4.000000,4.000000,5.000000,14.000000,96.000000,96.000000,96.000000,95.000000,86.000000,5.0,52.2371,46.7052,116.2697,121.8017,PENDING_AG03,FALSE,NOT_FOR_ENFORCEMENT,161.7666,14822.7368,168.5069,161.7666,6.7403,0.00973409,0.00934472,6.7403,161.7666,0.00934472,6.7403,6.7403,6.7403,8.4253,23.5910,161.7666,0.00934472,52.2371,46.7052,116.2697,121.8017,0.00671652,0.00703608,0.00038936,34.2115,31.0671,0.3390,24.0724,1.0275,2473.0015,71.0000,,34.2115,21.0824,22.009,44.018,68.7781,88.0359,110.0449,22.009,0.0,4.0,5.0,1.554433,20,86,6,6,0E-8,0.00973409,,0E-8,0.000000,0.891938,0.887352,,2026-03-24,2026-04-13,7,164,68,21,0.333333,,,0.000000,,,,,,,,GLOBAL_BASELINE_NO_ENTITY_RANKING,,,NOT_APPLICABLE_GLOBAL_BASELINE,HF9g-P5,,,,X 全窗基线 · 不参与实体赏罚,6875093,688,A168_HF9F_20260827_0900,2026-08-27 09:00:00
2026-03-29,34351174,1400,0,22.0089796637,-22.0089796637,-22.0089796637,0E-7,1,1,0.49324550000000000,0.493245500000,-0.9865810262130424,-0.9865810262130424,-0.9865810262130424,0E-17,ELIGIBLE,R03b_20260811_FULL_v1,L1_ELIGIBILITY,v2026-08-11,2026-03-21..2026-08-06,baccarat_bet02_101_all_pairs_incl_sentinel,round_win = game_pnl > 0 (decisive only),COMPATIBILITY_ONLY_NOT_PRODUCTION,17311.0105,15440.3509,168.5069,506,497,-0.00973409,,-0.00973409,-0.00973409,-168.5069,17311.0105,OK,0.0000,6.7403,4.0000,96.0000,AG03-UNRESOLVED,ALL5_LEVELS_bet23_to_bet27,6.7403,6.7403,6.7403,8.4253,23.5910,4.000000,4.000000,4.000000,5.000000,14.000000,96.000000,96.000000,96.000000,95.000000,86.000000,5.0,52.2371,46.7052,116.2697,121.8017,PENDING_AG03,FALSE,NOT_FOR_ENFORCEMENT,161.7666,14822.7368,168.5069,161.7666,6.7403,0.00973409,0.00934472,6.7403,161.7666,0.00934472,6.7403,6.7403,6.7403,8.4253,23.5910,161.7666,0.00934472,52.2371,46.7052,116.2697,121.8017,0.00671652,0.00703608,0.00038936,34.2115,31.0671,0.3390,24.0724,1.0275,2473.0015,71.0000,,34.2115,21.0824,22.009,44.018,68.7781,88.0359,110.0449,22.009,0.0,4.0,5.0,1.554433,20,86,6,6,0E-8,0.00973409,,0E-8,0.000000,0.891938,0.887352,,2026-03-24,2026-04-13,7,164,68,21,0.333333,,,0.000000,,,,,,,,GLOBAL_BASELINE_NO_ENTITY_RANKING,,,NOT_APPLICABLE_GLOBAL_BASELINE,HF9g-P5,,,,X 全窗基线 · 不参与实体赏罚,6875094,688,A168_HF9F_20260827_0900,2026-08-27 09:00:00
2026-03-29,34351174,1491,0,120.3891187605,78.0768553569,78.0768553569,0.8000000,6,6,0.50665070000000000,0.506650700000,1.3120140225494112,1.3120140225494112,1.3120140225494112,0E-17,ELIGIBLE,R03b_20260811_FULL_v1,L1_ELIGIBILITY,v2026-08-11,2026-03-21..2026-08-06,baccarat_bet02_101_all_pairs_incl_sentinel,round_win = game_pnl > 0 (decisive only),COMPATIBILITY_ONLY_NOT_PRODUCTION,17311.0105,15440.3509,168.5069,506,497,-0.00973409,,-0.00973409,-0.00973409,-168.5069,17311.0105,OK,0.0000,6.7403,4.0000,96.0000,AG03-UNRESOLVED,ALL5_LEVELS_bet23_to_bet27,6.7403,6.7403,6.7403,8.4253,23.5910,4.000000,4.000000,4.000000,5.000000,14.000000,96.000000,96.000000,96.000000,95.000000,86.000000,5.0,52.2371,46.7052,116.2697,121.8017,PENDING_AG03,FALSE,NOT_FOR_ENFORCEMENT,161.7666,14822.7368,168.5069,161.7666,6.7403,0.00973409,0.00934472,6.7403,161.7666,0.00934472,6.7403,6.7403,6.7403,8.4253,23.5910,161.7666,0.00934472,52.2371,46.7052,116.2697,121.8017,0.00671652,0.00703608,0.00038936,34.2115,31.0671,0.3390,24.0724,1.0275,2473.0015,71.0000,,34.2115,21.0824,22.009,44.018,68.7781,88.0359,110.0449,22.009,0.0,4.0,5.0,1.554433,20,86,6,6,0E-8,0.00973409,,0E-8,0.000000,0.891938,0.887352,,2026-03-24,2026-04-13,7,164,68,21,0.333333,,,0.000000,,,,,,,,GLOBAL_BASELINE_NO_ENTITY_RANKING,,,NOT_APPLICABLE_GLOBAL_BASELINE,HF9g-P5,,,,X 全窗基线 · 不参与实体赏罚,6875095,688,A168_HF9F_20260827_0900,2026-08-27 09:00:00
2026-03-29,34351174,1507,0,88.0359186548,-22.0089796637,-22.0089796637,0.3333333,4,4,0.49994810000000000,0.499948100000,-0.5771704854251445,-0.5771704854251445,-0.5771704854251445,0E-17,ELIGIBLE,R03b_20260811_FULL_v1,L1_ELIGIBILITY,v2026-08-11,2026-03-21..2026-08-06,baccarat_bet02_101_all_pairs_incl_sentinel,round_win = game_pnl > 0 (decisive only),COMPATIBILITY_ONLY_NOT_PRODUCTION,17311.0105,15440.3509,168.5069,506,497,-0.00973409,,-0.00973409,-0.00973409,-168.5069,17311.0105,OK,0.0000,6.7403,4.0000,96.0000,AG03-UNRESOLVED,ALL5_LEVELS_bet23_to_bet27,6.7403,6.7403,6.7403,8.4253,23.5910,4.000000,4.000000,4.000000,5.000000,14.000000,96.000000,96.000000,96.000000,95.000000,86.000000,5.0,52.2371,46.7052,116.2697,121.8017,PENDING_AG03,FALSE,NOT_FOR_ENFORCEMENT,161.7666,14822.7368,168.5069,161.7666,6.7403,0.00973409,0.00934472,6.7403,161.7666,0.00934472,6.7403,6.7403,6.7403,8.4253,23.5910,161.7666,0.00934472,52.2371,46.7052,116.2697,121.8017,0.00671652,0.00703608,0.00038936,34.2115,31.0671,0.3390,24.0724,1.0275,2473.0015,71.0000,,34.2115,21.0824,22.009,44.018,68.7781,88.0359,110.0449,22.009,0.0,4.0,5.0,1.554433,20,86,6,6,0E-8,0.00973409,,0E-8,0.000000,0.891938,0.887352,,2026-03-24,2026-04-13,7,164,68,21,0.333333,,,0.000000,,,,,,,,GLOBAL_BASELINE_NO_ENTITY_RANKING,,,NOT_APPLICABLE_GLOBAL_BASELINE,HF9g-P5,,,,X 全窗基线 · 不参与实体赏罚,6875096,688,A168_HF9F_20260827_0900,2026-08-27 09:00:00
2026-03-29,34351174,1646,0,22.0089796637,-22.0089796637,-22.0089796637,0E-7,1,1,0.50665070000000000,0.506650700000,-1.013391052207602,-1.013391052207602,-1.013391052207602,0E-17,ELIGIBLE,R03b_20260811_FULL_v1,L1_ELIGIBILITY,v2026-08-11,2026-03-21..2026-08-06,baccarat_bet02_101_all_pairs_incl_sentinel,round_win = game_pnl > 0 (decisive only),COMPATIBILITY_ONLY_NOT_PRODUCTION,17311.0105,15440.3509,168.5069,506,497,-0.00973409,,-0.00973409,-0.00973409,-168.5069,17311.0105,OK,0.0000,6.7403,4.0000,96.0000,AG03-UNRESOLVED,ALL5_LEVELS_bet23_to_bet27,6.7403,6.7403,6.7403,8.4253,23.5910,4.000000,4.000000,4.000000,5.000000,14.000000,96.000000,96.000000,96.000000,95.000000,86.000000,5.0,52.2371,46.7052,116.2697,121.8017,PENDING_AG03,FALSE,NOT_FOR_ENFORCEMENT,161.7666,14822.7368,168.5069,161.7666,6.7403,0.00973409,0.00934472,6.7403,161.7666,0.00934472,6.7403,6.7403,6.7403,8.4253,23.5910,161.7666,0.00934472,52.2371,46.7052,116.2697,121.8017,0.00671652,0.00703608,0.00038936,34.2115,31.0671,0.3390,24.0724,1.0275,2473.0015,71.0000,,34.2115,21.0824,22.009,44.018,68.7781,88.0359,110.0449,22.009,0.0,4.0,5.0,1.554433,20,86,6,6,0E-8,0.00973409,,0E-8,0.000000,0.891938,0.887352,,2026-03-24,2026-04-13,7,164,68,21,0.333333,,,0.000000,,,,,,,,GLOBAL_BASELINE_NO_ENTITY_RANKING,,,NOT_APPLICABLE_GLOBAL_BASELINE,HF9g-P5,,,,X 全窗基线 · 不参与实体赏罚,6875097,688,A168_HF9F_20260827_0900,2026-08-27 09:00:00
2026-03-29,34351174,1711,0,37.4152654283,-28.8317633595,-28.8317633595,0.3333333,3,3,0.50218230000000000,0.502182300000,-0.5849155494134425,-0.5849155494134426,-0.5849155494134425,0E-17,ELIGIBLE,R03b_20260811_FULL_v1,L1_ELIGIBILITY,v2026-08-11,2026-03-21..2026-08-06,baccarat_bet02_101_all_pairs_incl_sentinel,round_win = game_pnl > 0 (decisive only),COMPATIBILITY_ONLY_NOT_PRODUCTION,17311.0105,15440.3509,168.5069,506,497,-0.00973409,,-0.00973409,-0.00973409,-168.5069,17311.0105,OK,0.0000,6.7403,4.0000,96.0000,AG03-UNRESOLVED,ALL5_LEVELS_bet23_to_bet27,6.7403,6.7403,6.7403,8.4253,23.5910,4.000000,4.000000,4.000000,5.000000,14.000000,96.000000,96.000000,96.000000,95.000000,86.000000,5.0,52.2371,46.7052,116.2697,121.8017,PENDING_AG03,FALSE,NOT_FOR_ENFORCEMENT,161.7666,14822.7368,168.5069,161.7666,6.7403,0.00973409,0.00934472,6.7403,161.7666,0.00934472,6.7403,6.7403,6.7403,8.4253,23.5910,161.7666,0.00934472,52.2371,46.7052,116.2697,121.8017,0.00671652,0.00703608,0.00038936,34.2115,31.0671,0.3390,24.0724,1.0275,2473.0015,71.0000,,34.2115,21.0824,22.009,44.018,68.7781,88.0359,110.0449,22.009,0.0,4.0,5.0,1.554433,20,86,6,6,0E-8,0.00973409,,0E-8,0.000000,0.891938,0.887352,,2026-03-24,2026-04-13,7,164,68,21,0.333333,,,0.000000,,,,,,,,GLOBAL_BASELINE_NO_ENTITY_RANKING,,,NOT_APPLICABLE_GLOBAL_BASELINE,HF9g-P5,,,,X 全窗基线 · 不参与实体赏罚,6875098,688,A168_HF9F_20260827_0900,2026-08-27 09:00:00
2026-03-29,34351174,1949,0,187.0763271415,-33.0134694955,-33.0134694955,0.5714286,7,7,0.50473567142857143,0.504735671429,0.35292148522900274,0.3529214852267378,0.35292148522900274,-4.2857E-13,ELIGIBLE,R03b_20260811_FULL_v1,L1_ELIGIBILITY,v2026-08-11,2026-03-21..2026-08-06,baccarat_bet02_101_all_pairs_incl_sentinel,round_win = game_pnl > 0 (decisive only),COMPATIBILITY_ONLY_NOT_PRODUCTION,17311.0105,15440.3509,168.5069,506,497,-0.00973409,,-0.00973409,-0.00973409,-168.5069,17311.0105,OK,0.0000,6.7403,4.0000,96.0000,AG03-UNRESOLVED,ALL5_LEVELS_bet23_to_bet27,6.7403,6.7403,6.7403,8.4253,23.5910,4.000000,4.000000,4.000000,5.000000,14.000000,96.000000,96.000000,96.000000,95.000000,86.000000,5.0,52.2371,46.7052,116.2697,121.8017,PENDING_AG03,FALSE,NOT_FOR_ENFORCEMENT,161.7666,14822.7368,168.5069,161.7666,6.7403,0.00973409,0.00934472,6.7403,161.7666,0.00934472,6.7403,6.7403,6.7403,8.4253,23.5910,161.7666,0.00934472,52.2371,46.7052,116.2697,121.8017,0.00671652,0.00703608,0.00038936,34.2115,31.0671,0.3390,24.0724,1.0275,2473.0015,71.0000,,34.2115,21.0824,22.009,44.018,68.7781,88.0359,110.0449,22.009,0.0,4.0,5.0,1.554433,20,86,6,6,0E-8,0.00973409,,0E-8,0.000000,0.891938,0.887352,,2026-03-24,2026-04-13,7,164,68,21,0.333333,,,0.000000,,,,,,,,GLOBAL_BASELINE_NO_ENTITY_RANKING,,,NOT_APPLICABLE_GLOBAL_BASELINE,HF9g-P5,,,,X 全窗基线 · 不参与实体赏罚,6875099,688,A168_HF9F_20260827_0900,2026-08-27 09:00:00
2026-03-29,34351174,2130,0,11.0044898319,11.0044898319,11.0044898319,1.0000000,1,1,0.50665070000000000,0.506650700000,0.9867858985152569,0.9867858985152569,0.9867858985152569,0E-17,ELIGIBLE,R03b_20260811_FULL_v1,L1_ELIGIBILITY,v2026-08-11,2026-03-21..2026-08-06,baccarat_bet02_101_all_pairs_incl_sentinel,round_win = game_pnl > 0 (decisive only),COMPATIBILITY_ONLY_NOT_PRODUCTION,17311.0105,15440.3509,168.5069,506,497,-0.00973409,,-0.00973409,-0.00973409,-168.5069,17311.0105,OK,0.0000,6.7403,4.0000,96.0000,AG03-UNRESOLVED,ALL5_LEVELS_bet23_to_bet27,6.7403,6.7403,6.7403,8.4253,23.5910,4.000000,4.000000,4.000000,5.000000,14.000000,96.000000,96.000000,96.000000,95.000000,86.000000,5.0,52.2371,46.7052,116.2697,121.8017,PENDING_AG03,FALSE,NOT_FOR_ENFORCEMENT,161.7666,14822.7368,168.5069,161.7666,6.7403,0.00973409,0.00934472,6.7403,161.7666,0.00934472,6.7403,6.7403,6.7403,8.4253,23.5910,161.7666,0.00934472,52.2371,46.7052,116.2697,121.8017,0.00671652,0.00703608,0.00038936,34.2115,31.0671,0.3390,24.0724,1.0275,2473.0015,71.0000,,34.2115,21.0824,22.009,44.018,68.7781,88.0359,110.0449,22.009,0.0,4.0,5.0,1.554433,20,86,6,6,0E-8,0.00973409,,0E-8,0.000000,0.891938,0.887352,,2026-03-24,2026-04-13,7,164,68,21,0.333333,,,0.000000,,,,,,,,GLOBAL_BASELINE_NO_ENTITY_RANKING,,,NOT_APPLICABLE_GLOBAL_BASELINE,HF9g-P5,,,,X 全窗基线 · 不参与实体赏罚,6875100,688,A168_HF9F_20260827_0900,2026-08-27 09:00:00
2026-03-29,34351174,2134,0,44.0179593274,-1.1004489832,-1.1004489832,0.5000000,2,2,0.50665070000000000,0.506650700000,-0.018812684590367487,-0.018812684590367487,-0.018812684590367487,0E-17,ELIGIBLE,R03b_20260811_FULL_v1,L1_ELIGIBILITY,v2026-08-11,2026-03-21..2026-08-06,baccarat_bet02_101_all_pairs_incl_sentinel,round_win = game_pnl > 0 (decisive only),COMPATIBILITY_ONLY_NOT_PRODUCTION,17311.0105,15440.3509,168.5069,506,497,-0.00973409,,-0.00973409,-0.00973409,-168.5069,17311.0105,OK,0.0000,6.7403,4.0000,96.0000,AG03-UNRESOLVED,ALL5_LEVELS_bet23_to_bet27,6.7403,6.7403,6.7403,8.4253,23.5910,4.000000,4.000000,4.000000,5.000000,14.000000,96.000000,96.000000,96.000000,95.000000,86.000000,5.0,52.2371,46.7052,116.2697,121.8017,PENDING_AG03,FALSE,NOT_FOR_ENFORCEMENT,161.7666,14822.7368,168.5069,161.7666,6.7403,0.00973409,0.00934472,6.7403,161.7666,0.00934472,6.7403,6.7403,6.7403,8.4253,23.5910,161.7666,0.00934472,52.2371,46.7052,116.2697,121.8017,0.00671652,0.00703608,0.00038936,34.2115,31.0671,0.3390,24.0724,1.0275,2473.0015,71.0000,,34.2115,21.0824,22.009,44.018,68.7781,88.0359,110.0449,22.009,0.0,4.0,5.0,1.554433,20,86,6,6,0E-8,0.00973409,,0E-8,0.000000,0.891938,0.887352,,2026-03-24,2026-04-13,7,164,68,21,0.333333,,,0.000000,,,,,,,,GLOBAL_BASELINE_NO_ENTITY_RANKING,,,NOT_APPLICABLE_GLOBAL_BASELINE,HF9g-P5,,,,X 全窗基线 · 不参与实体赏罚,6875101,688,A168_HF9F_20260827_0900,2026-08-27 09:00:00
2026-03-29,34351174,2147,0,44.0179593275,-22.0089796637,-22.0089796637,0.3333333,3,3,0.50218230000000000,0.502182300000,-0.5849155494134425,-0.5849155494134426,-0.5849155494134425,0E-17,ELIGIBLE,R03b_20260811_FULL_v1,L1_ELIGIBILITY,v2026-08-11,2026-03-21..2026-08-06,baccarat_bet02_101_all_pairs_incl_sentinel,round_win = game_pnl > 0 (decisive only),COMPATIBILITY_ONLY_NOT_PRODUCTION,17311.0105,15440.3509,168.5069,506,497,-0.00973409,,-0.00973409,-0.00973409,-168.5069,17311.0105,OK,0.0000,6.7403,4.0000,96.0000,AG03-UNRESOLVED,ALL5_LEVELS_bet23_to_bet27,6.7403,6.7403,6.7403,8.4253,23.5910,4.000000,4.000000,4.000000,5.000000,14.000000,96.000000,96.000000,96.000000,95.000000,86.000000,5.0,52.2371,46.7052,116.2697,121.8017,PENDING_AG03,FALSE,NOT_FOR_ENFORCEMENT,161.7666,14822.7368,168.5069,161.7666,6.7403,0.00973409,0.00934472,6.7403,161.7666,0.00934472,6.7403,6.7403,6.7403,8.4253,23.5910,161.7666,0.00934472,52.2371,46.7052,116.2697,121.8017,0.00671652,0.00703608,0.00038936,34.2115,31.0671,0.3390,24.0724,1.0275,2473.0015,71.0000,,34.2115,21.0824,22.009,44.018,68.7781,88.0359,110.0449,22.009,0.0,4.0,5.0,1.554433,20,86,6,6,0E-8,0.00973409,,0E-8,0.000000,0.891938,0.887352,,2026-03-24,2026-04-13,7,164,68,21,0.333333,,,0.000000,,,,,,,,GLOBAL_BASELINE_NO_ENTITY_RANKING,,,NOT_APPLICABLE_GLOBAL_BASELINE,HF9g-P5,,,,X 全窗基线 · 不参与实体赏罚,6875102,688,A168_HF9F_20260827_0900,2026-08-27 09:00:00
2026-03-29,34351174,2153,0,99.2604982833,11.2245796285,11.2245796285,0.5000000,4,4,0.49994810000000000,0.499948100000,0.00020760000111838688,0.00020760000111838688,0.00020760000111838688,0E-17,ELIGIBLE,R03b_20260811_FULL_v1,L1_ELIGIBILITY,v2026-08-11,2026-03-21..2026-08-06,baccarat_bet02_101_all_pairs_incl_sentinel,round_win = game_pnl > 0 (decisive only),COMPATIBILITY_ONLY_NOT_PRODUCTION,17311.0105,15440.3509,168.5069,506,497,-0.00973409,,-0.00973409,-0.00973409,-168.5069,17311.0105,OK,0.0000,6.7403,4.0000,96.0000,AG03-UNRESOLVED,ALL5_LEVELS_bet23_to_bet27,6.7403,6.7403,6.7403,8.4253,23.5910,4.000000,4.000000,4.000000,5.000000,14.000000,96.000000,96.000000,96.000000,95.000000,86.000000,5.0,52.2371,46.7052,116.2697,121.8017,PENDING_AG03,FALSE,NOT_FOR_ENFORCEMENT,161.7666,14822.7368,168.5069,161.7666,6.7403,0.00973409,0.00934472,6.7403,161.7666,0.00934472,6.7403,6.7403,6.7403,8.4253,23.5910,161.7666,0.00934472,52.2371,46.7052,116.2697,121.8017,0.00671652,0.00703608,0.00038936,34.2115,31.0671,0.3390,24.0724,1.0275,2473.0015,71.0000,,34.2115,21.0824,22.009,44.018,68.7781,88.0359,110.0449,22.009,0.0,4.0,5.0,1.554433,20,86,6,6,0E-8,0.00973409,,0E-8,0.000000,0.891938,0.887352,,2026-03-24,2026-04-13,7,164,68,21,0.333333,,,0.000000,,,,,,,,GLOBAL_BASELINE_NO_ENTITY_RANKING,,,NOT_APPLICABLE_GLOBAL_BASELINE,HF9g-P5,,,,X 全窗基线 · 不参与实体赏罚,6875103,688,A168_HF9F_20260827_0900,2026-08-27 09:00:00
2026-03-29,34351174,2160,0,66.0269389911,-22.0089796637,-22.0089796637,0.3333333,3,3,0.50665070000000000,0.506650700000,-0.6004420894325239,-0.6004420894325239,-0.6004420894325239,0E-17,ELIGIBLE,R03b_20260811_FULL_v1,L1_ELIGIBILITY,v2026-08-11,2026-03-21..2026-08-06,baccarat_bet02_101_all_pairs_incl_sentinel,round_win = game_pnl > 0 (decisive only),COMPATIBILITY_ONLY_NOT_PRODUCTION,17311.0105,15440.3509,168.5069,506,497,-0.00973409,,-0.00973409,-0.00973409,-168.5069,17311.0105,OK,0.0000,6.7403,4.0000,96.0000,AG03-UNRESOLVED,ALL5_LEVELS_bet23_to_bet27,6.7403,6.7403,6.7403,8.4253,23.5910,4.000000,4.000000,4.000000,5.000000,14.000000,96.000000,96.000000,96.000000,95.000000,86.000000,5.0,52.2371,46.7052,116.2697,121.8017,PENDING_AG03,FALSE,NOT_FOR_ENFORCEMENT,161.7666,14822.7368,168.5069,161.7666,6.7403,0.00973409,0.00934472,6.7403,161.7666,0.00934472,6.7403,6.7403,6.7403,8.4253,23.5910,161.7666,0.00934472,52.2371,46.7052,116.2697,121.8017,0.00671652,0.00703608,0.00038936,34.2115,31.0671,0.3390,24.0724,1.0275,2473.0015,71.0000,,34.2115,21.0824,22.009,44.018,68.7781,88.0359,110.0449,22.009,0.0,4.0,5.0,1.554433,20,86,6,6,0E-8,0.00973409,,0E-8,0.000000,0.891938,0.887352,,2026-03-24,2026-04-13,7,164,68,21,0.333333,,,0.000000,,,,,,,,GLOBAL_BASELINE_NO_ENTITY_RANKING,,,NOT_APPLICABLE_GLOBAL_BASELINE,HF9g-P5,,,,X 全窗基线 · 不参与实体赏罚,6875104,688,A168_HF9F_20260827_0900,2026-08-27 09:00:00
2026-03-29,34351174,2169,0,44.0179593274,22.0089796637,22.0089796637,1.0000000,2,2,0.50665070000000000,0.506650700000,0.9867858985152569,0.9867858985152569,0.9867858985152569,0E-17,ELIGIBLE,R03b_20260811_FULL_v1,L1_ELIGIBILITY,v2026-08-11,2026-03-21..2026-08-06,baccarat_bet02_101_all_pairs_incl_sentinel,round_win = game_pnl > 0 (decisive only),COMPATIBILITY_ONLY_NOT_PRODUCTION,17311.0105,15440.3509,168.5069,506,497,-0.00973409,,-0.00973409,-0.00973409,-168.5069,17311.0105,OK,0.0000,6.7403,4.0000,96.0000,AG03-UNRESOLVED,ALL5_LEVELS_bet23_to_bet27,6.7403,6.7403,6.7403,8.4253,23.5910,4.000000,4.000000,4.000000,5.000000,14.000000,96.000000,96.000000,96.000000,95.000000,86.000000,5.0,52.2371,46.7052,116.2697,121.8017,PENDING_AG03,FALSE,NOT_FOR_ENFORCEMENT,161.7666,14822.7368,168.5069,161.7666,6.7403,0.00973409,0.00934472,6.7403,161.7666,0.00934472,6.7403,6.7403,6.7403,8.4253,23.5910,161.7666,0.00934472,52.2371,46.7052,116.2697,121.8017,0.00671652,0.00703608,0.00038936,34.2115,31.0671,0.3390,24.0724,1.0275,2473.0015,71.0000,,34.2115,21.0824,22.009,44.018,68.7781,88.0359,110.0449,22.009,0.0,4.0,5.0,1.554433,20,86,6,6,0E-8,0.00973409,,0E-8,0.000000,0.891938,0.887352,,2026-03-24,2026-04-13,7,164,68,21,0.333333,,,0.000000,,,,,,,,GLOBAL_BASELINE_NO_ENTITY_RANKING,,,NOT_APPLICABLE_GLOBAL_BASELINE,HF9g-P5,,,,X 全窗基线 · 不参与实体赏罚,6875105,688,A168_HF9F_20260827_0900,2026-08-27 09:00:00
2026-03-29,34351174,2175,0,88.0359186548,0E-10,0E-10,0.5000000,4,4,0.50665070000000000,0.506650700000,-0.018812684590367487,-0.018812684590367487,-0.018812684590367487,0E-17,ELIGIBLE,R03b_20260811_FULL_v1,L1_ELIGIBILITY,v2026-08-11,2026-03-21..2026-08-06,baccarat_bet02_101_all_pairs_incl_sentinel,round_win = game_pnl > 0 (decisive only),COMPATIBILITY_ONLY_NOT_PRODUCTION,17311.0105,15440.3509,168.5069,506,497,-0.00973409,,-0.00973409,-0.00973409,-168.5069,17311.0105,OK,0.0000,6.7403,4.0000,96.0000,AG03-UNRESOLVED,ALL5_LEVELS_bet23_to_bet27,6.7403,6.7403,6.7403,8.4253,23.5910,4.000000,4.000000,4.000000,5.000000,14.000000,96.000000,96.000000,96.000000,95.000000,86.000000,5.0,52.2371,46.7052,116.2697,121.8017,PENDING_AG03,FALSE,NOT_FOR_ENFORCEMENT,161.7666,14822.7368,168.5069,161.7666,6.7403,0.00973409,0.00934472,6.7403,161.7666,0.00934472,6.7403,6.7403,6.7403,8.4253,23.5910,161.7666,0.00934472,52.2371,46.7052,116.2697,121.8017,0.00671652,0.00703608,0.00038936,34.2115,31.0671,0.3390,24.0724,1.0275,2473.0015,71.0000,,34.2115,21.0824,22.009,44.018,68.7781,88.0359,110.0449,22.009,0.0,4.0,5.0,1.554433,20,86,6,6,0E-8,0.00973409,,0E-8,0.000000,0.891938,0.887352,,2026-03-24,2026-04-13,7,164,68,21,0.333333,,,0.000000,,,,,,,,GLOBAL_BASELINE_NO_ENTITY_RANKING,,,NOT_APPLICABLE_GLOBAL_BASELINE,HF9g-P5,,,,X 全窗基线 · 不参与实体赏罚,6875106,688,A168_HF9F_20260827_0900,2026-08-27 09:00:00
2026-03-29,34351174,2188,0,2245.7962848842,492.5609648737,492.5609648737,0.6363636,49,49,0.50309421836734694,0.503094218367,1.7680524777462352,1.7680524777508302,1.7680524777462352,3.4694E-13,ELIGIBLE,R03b_20260811_FULL_v1,L1_ELIGIBILITY,v2026-08-11,2026-03-21..2026-08-06,baccarat_bet02_101_all_pairs_incl_sentinel,round_win = game_pnl > 0 (decisive only),COMPATIBILITY_ONLY_NOT_PRODUCTION,17311.0105,15440.3509,168.5069,506,497,-0.00973409,,-0.00973409,-0.00973409,-168.5069,17311.0105,OK,0.0000,6.7403,4.0000,96.0000,AG03-UNRESOLVED,ALL5_LEVELS_bet23_to_bet27,6.7403,6.7403,6.7403,8.4253,23.5910,4.000000,4.000000,4.000000,5.000000,14.000000,96.000000,96.000000,96.000000,95.000000,86.000000,5.0,52.2371,46.7052,116.2697,121.8017,PENDING_AG03,FALSE,NOT_FOR_ENFORCEMENT,161.7666,14822.7368,168.5069,161.7666,6.7403,0.00973409,0.00934472,6.7403,161.7666,0.00934472,6.7403,6.7403,6.7403,8.4253,23.5910,161.7666,0.00934472,52.2371,46.7052,116.2697,121.8017,0.00671652,0.00703608,0.00038936,34.2115,31.0671,0.3390,24.0724,1.0275,2473.0015,71.0000,,34.2115,21.0824,22.009,44.018,68.7781,88.0359,110.0449,22.009,0.0,4.0,5.0,1.554433,20,86,6,6,0E-8,0.00973409,,0E-8,0.000000,0.891938,0.887352,,2026-03-24,2026-04-13,7,164,68,21,0.333333,,,0.000000,,,,,,,,GLOBAL_BASELINE_NO_ENTITY_RANKING,,,NOT_APPLICABLE_GLOBAL_BASELINE,HF9g-P5,,,,X 全窗基线 · 不参与实体赏罚,6875107,688,A168_HF9F_20260827_0900,2026-08-27 09:00:00
2026-03-29,34351174,2216,0,55.0224491593,55.0224491593,55.0224491593,1.0000000,3,3,0.50665070000000000,0.506650700000,1.7091633124209307,1.7091633124209307,1.7091633124209307,0E-17,ELIGIBLE,R03b_20260811_FULL_v1,L1_ELIGIBILITY,v2026-08-11,2026-03-21..2026-08-06,baccarat_bet02_101_all_pairs_incl_sentinel,round_win = game_pnl > 0 (decisive only),COMPATIBILITY_ONLY_NOT_PRODUCTION,17311.0105,15440.3509,168.5069,506,497,-0.00973409,,-0.00973409,-0.00973409,-168.5069,17311.0105,OK,0.0000,6.7403,4.0000,96.0000,AG03-UNRESOLVED,ALL5_LEVELS_bet23_to_bet27,6.7403,6.7403,6.7403,8.4253,23.5910,4.000000,4.000000,4.000000,5.000000,14.000000,96.000000,96.000000,96.000000,95.000000,86.000000,5.0,52.2371,46.7052,116.2697,121.8017,PENDING_AG03,FALSE,NOT_FOR_ENFORCEMENT,161.7666,14822.7368,168.5069,161.7666,6.7403,0.00973409,0.00934472,6.7403,161.7666,0.00934472,6.7403,6.7403,6.7403,8.4253,23.5910,161.7666,0.00934472,52.2371,46.7052,116.2697,121.8017,0.00671652,0.00703608,0.00038936,34.2115,31.0671,0.3390,24.0724,1.0275,2473.0015,71.0000,,34.2115,21.0824,22.009,44.018,68.7781,88.0359,110.0449,22.009,0.0,4.0,5.0,1.554433,20,86,6,6,0E-8,0.00973409,,0E-8,0.000000,0.891938,0.887352,,2026-03-24,2026-04-13,7,164,68,21,0.333333,,,0.000000,,,,,,,,GLOBAL_BASELINE_NO_ENTITY_RANKING,,,NOT_APPLICABLE_GLOBAL_BASELINE,HF9g-P5,,,,X 全窗基线 · 不参与实体赏罚,6875108,688,A168_HF9F_20260827_0900,2026-08-27 09:00:00
2026-03-29,34351174,2241,0,1680.8257769175,-279.9542213227,-279.9542213227,0.3846154,48,44,0.50009100134030496,0.494466967273,-1.4422900145098074,-1.3721298442118048,-1.4422900145098074,0.00562403406730496,ELIGIBLE,R03b_20260811_FULL_v1,L1_ELIGIBILITY,v2026-08-11,2026-03-21..2026-08-06,baccarat_bet02_101_all_pairs_incl_sentinel,round_win = game_pnl > 0 (decisive only),COMPATIBILITY_ONLY_NOT_PRODUCTION,17311.0105,15440.3509,168.5069,506,497,-0.00973409,,-0.00973409,-0.00973409,-168.5069,17311.0105,OK,0.0000,6.7403,4.0000,96.0000,AG03-UNRESOLVED,ALL5_LEVELS_bet23_to_bet27,6.7403,6.7403,6.7403,8.4253,23.5910,4.000000,4.000000,4.000000,5.000000,14.000000,96.000000,96.000000,96.000000,95.000000,86.000000,5.0,52.2371,46.7052,116.2697,121.8017,PENDING_AG03,FALSE,NOT_FOR_ENFORCEMENT,161.7666,14822.7368,168.5069,161.7666,6.7403,0.00973409,0.00934472,6.7403,161.7666,0.00934472,6.7403,6.7403,6.7403,8.4253,23.5910,161.7666,0.00934472,52.2371,46.7052,116.2697,121.8017,0.00671652,0.00703608,0.00038936,34.2115,31.0671,0.3390,24.0724,1.0275,2473.0015,71.0000,,34.2115,21.0824,22.009,44.018,68.7781,88.0359,110.0449,22.009,0.0,4.0,5.0,1.554433,20,86,6,6,0E-8,0.00973409,,0E-8,0.000000,0.891938,0.887352,,2026-03-24,2026-04-13,7,164,68,21,0.333333,,,0.000000,,,,,,,,GLOBAL_BASELINE_NO_ENTITY_RANKING,,,NOT_APPLICABLE_GLOBAL_BASELINE,HF9g-P5,,,,X 全窗基线 · 不参与实体赏罚,6875109,688,A168_HF9F_20260827_0900,2026-08-27 09:00:00
2026-03-29,34351174,2248,0,1463.5971476367,-618.4523285503,-618.4523285503,0.3529412,41,38,0.50187523004385252,0.498056776974,-1.7368668191646617,-1.6923369524225964,-1.7368668191646617,0.00381845306985252,ELIGIBLE,R03b_20260811_FULL_v1,L1_ELIGIBILITY,v2026-08-11,2026-03-21..2026-08-06,baccarat_bet02_101_all_pairs_incl_sentinel,round_win = game_pnl > 0 (decisive only),COMPATIBILITY_ONLY_NOT_PRODUCTION,17311.0105,15440.3509,168.5069,506,497,-0.00973409,,-0.00973409,-0.00973409,-168.5069,17311.0105,OK,0.0000,6.7403,4.0000,96.0000,AG03-UNRESOLVED,ALL5_LEVELS_bet23_to_bet27,6.7403,6.7403,6.7403,8.4253,23.5910,4.000000,4.000000,4.000000,5.000000,14.000000,96.000000,96.000000,96.000000,95.000000,86.000000,5.0,52.2371,46.7052,116.2697,121.8017,PENDING_AG03,FALSE,NOT_FOR_ENFORCEMENT,161.7666,14822.7368,168.5069,161.7666,6.7403,0.00973409,0.00934472,6.7403,161.7666,0.00934472,6.7403,6.7403,6.7403,8.4253,23.5910,161.7666,0.00934472,52.2371,46.7052,116.2697,121.8017,0.00671652,0.00703608,0.00038936,34.2115,31.0671,0.3390,24.0724,1.0275,2473.0015,71.0000,,34.2115,21.0824,22.009,44.018,68.7781,88.0359,110.0449,22.009,0.0,4.0,5.0,1.554433,20,86,6,6,0E-8,0.00973409,,0E-8,0.000000,0.891938,0.887352,,2026-03-24,2026-04-13,7,164,68,21,0.333333,,,0.000000,,,,,,,,GLOBAL_BASELINE_NO_ENTITY_RANKING,,,NOT_APPLICABLE_GLOBAL_BASELINE,HF9g-P5,,,,X 全窗基线 · 不参与实体赏罚,6875110,688,A168_HF9F_20260827_0900,2026-08-27 09:00:00
2026-03-29,34351174,772,0,99.0404084867,55.0224491593,55.0224491593,0.7500000,4,4,0.50665070000000000,0.506650700000,0.9734833216690844,0.9734833216690844,0.9734833216690844,0E-17,ELIGIBLE,R03b_20260811_FULL_v1,L1_ELIGIBILITY,v2026-08-11,2026-03-21..2026-08-06,baccarat_bet02_101_all_pairs_incl_sentinel,round_win = game_pnl > 0 (decisive only),COMPATIBILITY_ONLY_NOT_PRODUCTION,17311.0105,15440.3509,168.5069,506,497,-0.00973409,,-0.00973409,-0.00973409,-168.5069,17311.0105,OK,0.0000,6.7403,4.0000,96.0000,AG03-UNRESOLVED,ALL5_LEVELS_bet23_to_bet27,6.7403,6.7403,6.7403,8.4253,23.5910,4.000000,4.000000,4.000000,5.000000,14.000000,96.000000,96.000000,96.000000,95.000000,86.000000,5.0,52.2371,46.7052,116.2697,121.8017,PENDING_AG03,FALSE,NOT_FOR_ENFORCEMENT,161.7666,14822.7368,168.5069,161.7666,6.7403,0.00973409,0.00934472,6.7403,161.7666,0.00934472,6.7403,6.7403,6.7403,8.4253,23.5910,161.7666,0.00934472,52.2371,46.7052,116.2697,121.8017,0.00671652,0.00703608,0.00038936,34.2115,31.0671,0.3390,24.0724,1.0275,2473.0015,71.0000,,34.2115,21.0824,22.009,44.018,68.7781,88.0359,110.0449,22.009,0.0,4.0,5.0,1.554433,20,86,6,6,0E-8,0.00973409,,0E-8,0.000000,0.891938,0.887352,,2026-03-24,2026-04-13,7,164,68,21,0.333333,,,0.000000,,,,,,,,GLOBAL_BASELINE_NO_ENTITY_RANKING,,,NOT_APPLICABLE_GLOBAL_BASELINE,HF9g-P5,,,,X 全窗基线 · 不参与实体赏罚,6875111,688,A168_HF9F_20260827_0900,2026-08-27 09:00:00
2026-03-29,34351174,789,0,57.2233471257,19.8080816974,19.8080816974,0.6666667,4,4,0.50329940000000000,0.503299400000,0.5659331339966515,0.5659331339966515,0.5659331339966515,0E-17,ELIGIBLE,R03b_20260811_FULL_v1,L1_ELIGIBILITY,v2026-08-11,2026-03-21..2026-08-06,baccarat_bet02_101_all_pairs_incl_sentinel,round_win = game_pnl > 0 (decisive only),COMPATIBILITY_ONLY_NOT_PRODUCTION,17311.0105,15440.3509,168.5069,506,497,-0.00973409,,-0.00973409,-0.00973409,-168.5069,17311.0105,OK,0.0000,6.7403,4.0000,96.0000,AG03-UNRESOLVED,ALL5_LEVELS_bet23_to_bet27,6.7403,6.7403,6.7403,8.4253,23.5910,4.000000,4.000000,4.000000,5.000000,14.000000,96.000000,96.000000,96.000000,95.000000,86.000000,5.0,52.2371,46.7052,116.2697,121.8017,PENDING_AG03,FALSE,NOT_FOR_ENFORCEMENT,161.7666,14822.7368,168.5069,161.7666,6.7403,0.00973409,0.00934472,6.7403,161.7666,0.00934472,6.7403,6.7403,6.7403,8.4253,23.5910,161.7666,0.00934472,52.2371,46.7052,116.2697,121.8017,0.00671652,0.00703608,0.00038936,34.2115,31.0671,0.3390,24.0724,1.0275,2473.0015,71.0000,,34.2115,21.0824,22.009,44.018,68.7781,88.0359,110.0449,22.009,0.0,4.0,5.0,1.554433,20,86,6,6,0E-8,0.00973409,,0E-8,0.000000,0.891938,0.887352,,2026-03-24,2026-04-13,7,164,68,21,0.333333,,,0.000000,,,,,,,,GLOBAL_BASELINE_NO_ENTITY_RANKING,,,NOT_APPLICABLE_GLOBAL_BASELINE,HF9g-P5,,,,X 全窗基线 · 不参与实体赏罚,6875112,688,A168_HF9F_20260827_0900,2026-08-27 09:00:00
2026-03-29,34351174,915,0,22.0089796637,-22.0089796637,-22.0089796637,0E-7,1,1,0.50665070000000000,0.506650700000,-1.013391052207602,-1.013391052207602,-1.013391052207602,0E-17,ELIGIBLE,R03b_20260811_FULL_v1,L1_ELIGIBILITY,v2026-08-11,2026-03-21..2026-08-06,baccarat_bet02_101_all_pairs_incl_sentinel,round_win = game_pnl > 0 (decisive only),COMPATIBILITY_ONLY_NOT_PRODUCTION,17311.0105,15440.3509,168.5069,506,497,-0.00973409,,-0.00973409,-0.00973409,-168.5069,17311.0105,OK,0.0000,6.7403,4.0000,96.0000,AG03-UNRESOLVED,ALL5_LEVELS_bet23_to_bet27,6.7403,6.7403,6.7403,8.4253,23.5910,4.000000,4.000000,4.000000,5.000000,14.000000,96.000000,96.000000,96.000000,95.000000,86.000000,5.0,52.2371,46.7052,116.2697,121.8017,PENDING_AG03,FALSE,NOT_FOR_ENFORCEMENT,161.7666,14822.7368,168.5069,161.7666,6.7403,0.00973409,0.00934472,6.7403,161.7666,0.00934472,6.7403,6.7403,6.7403,8.4253,23.5910,161.7666,0.00934472,52.2371,46.7052,116.2697,121.8017,0.00671652,0.00703608,0.00038936,34.2115,31.0671,0.3390,24.0724,1.0275,2473.0015,71.0000,,34.2115,21.0824,22.009,44.018,68.7781,88.0359,110.0449,22.009,0.0,4.0,5.0,1.554433,20,86,6,6,0E-8,0.00973409,,0E-8,0.000000,0.891938,0.887352,,2026-03-24,2026-04-13,7,164,68,21,0.333333,,,0.000000,,,,,,,,GLOBAL_BASELINE_NO_ENTITY_RANKING,,,NOT_APPLICABLE_GLOBAL_BASELINE,HF9g-P5,,,,X 全窗基线 · 不参与实体赏罚,6875113,688,A168_HF9F_20260827_0900,2026-08-27 09:00:00
2026-03-29,34351174,987,0,55.0224491593,53.9220001761,53.9220001761,1.0000000,3,3,0.50218230000000000,0.502182300000,1.724507524396475,1.7245075243964754,1.724507524396475,0E-17,ELIGIBLE,R03b_20260811_FULL_v1,L1_ELIGIBILITY,v2026-08-11,2026-03-21..2026-08-06,baccarat_bet02_101_all_pairs_incl_sentinel,round_win = game_pnl > 0 (decisive only),COMPATIBILITY_ONLY_NOT_PRODUCTION,17311.0105,15440.3509,168.5069,506,497,-0.00973409,,-0.00973409,-0.00973409,-168.5069,17311.0105,OK,0.0000,6.7403,4.0000,96.0000,AG03-UNRESOLVED,ALL5_LEVELS_bet23_to_bet27,6.7403,6.7403,6.7403,8.4253,23.5910,4.000000,4.000000,4.000000,5.000000,14.000000,96.000000,96.000000,96.000000,95.000000,86.000000,5.0,52.2371,46.7052,116.2697,121.8017,PENDING_AG03,FALSE,NOT_FOR_ENFORCEMENT,161.7666,14822.7368,168.5069,161.7666,6.7403,0.00973409,0.00934472,6.7403,161.7666,0.00934472,6.7403,6.7403,6.7403,8.4253,23.5910,161.7666,0.00934472,52.2371,46.7052,116.2697,121.8017,0.00671652,0.00703608,0.00038936,34.2115,31.0671,0.3390,24.0724,1.0275,2473.0015,71.0000,,34.2115,21.0824,22.009,44.018,68.7781,88.0359,110.0449,22.009,0.0,4.0,5.0,1.554433,20,86,6,6,0E-8,0.00973409,,0E-8,0.000000,0.891938,0.887352,,2026-03-24,2026-04-13,7,164,68,21,0.333333,,,0.000000,,,,,,,,GLOBAL_BASELINE_NO_ENTITY_RANKING,,,NOT_APPLICABLE_GLOBAL_BASELINE,HF9g-P5,,,,X 全窗基线 · 不参与实体赏罚,6875114,688,A168_HF9F_20260827_0900,2026-08-27 09:00:00
2026-04-03,34351174,-1,1,10.5411844075,10.5411844075,10.5411844075,1.0000000,1,1,0.50665070000000000,0.506650700000,0.9867858985152569,0.9867858985152569,0.9867858985152569,0E-17,SENTINEL_DEALER,R03b_20260811_FULL_v1,L1_ELIGIBILITY,v2026-08-11,2026-03-21..2026-08-06,baccarat_bet02_101_all_pairs_incl_sentinel,round_win = game_pnl > 0 (decisive only),COMPATIBILITY_ONLY_NOT_PRODUCTION,17311.0105,15440.3509,168.5069,506,497,-0.00973409,,-0.00973409,-0.00973409,-168.5069,17311.0105,OK,0.0000,6.7403,4.0000,96.0000,AG03-UNRESOLVED,ALL5_LEVELS_bet23_to_bet27,6.7403,6.7403,6.7403,8.4253,23.5910,4.000000,4.000000,4.000000,5.000000,14.000000,96.000000,96.000000,96.000000,95.000000,86.000000,5.0,52.2371,46.7052,116.2697,121.8017,PENDING_AG03,FALSE,NOT_FOR_ENFORCEMENT,161.7666,14822.7368,168.5069,161.7666,6.7403,0.00973409,0.00934472,6.7403,161.7666,0.00934472,6.7403,6.7403,6.7403,8.4253,23.5910,161.7666,0.00934472,52.2371,46.7052,116.2697,121.8017,0.00671652,0.00703608,0.00038936,34.2115,31.0671,0.3390,24.0724,1.0275,2473.0015,71.0000,,34.2115,21.0824,22.009,44.018,68.7781,88.0359,110.0449,22.009,0.0,4.0,5.0,1.554433,20,86,6,6,0E-8,0.00973409,,0E-8,0.000000,0.891938,0.887352,,2026-03-24,2026-04-13,7,164,68,21,0.333333,,,0.000000,,,,,,,,GLOBAL_BASELINE_NO_ENTITY_RANKING,,,NOT_APPLICABLE_GLOBAL_BASELINE,HF9g-P5,,,,X 全窗基线 · 不参与实体赏罚,6875115,688,A168_HF9F_20260827_0900,2026-08-27 09:00:00
2026-04-03,34351174,1318,0,21.0823688150,-21.0823688150,-21.0823688150,0E-7,1,1,0.50665070000000000,0.506650700000,-1.013391052207602,-1.013391052207602,-1.013391052207602,0E-17,ELIGIBLE,R03b_20260811_FULL_v1,L1_ELIGIBILITY,v2026-08-11,2026-03-21..2026-08-06,baccarat_bet02_101_all_pairs_incl_sentinel,round_win = game_pnl > 0 (decisive only),COMPATIBILITY_ONLY_NOT_PRODUCTION,17311.0105,15440.3509,168.5069,506,497,-0.00973409,,-0.00973409,-0.00973409,-168.5069,17311.0105,OK,0.0000,6.7403,4.0000,96.0000,AG03-UNRESOLVED,ALL5_LEVELS_bet23_to_bet27,6.7403,6.7403,6.7403,8.4253,23.5910,4.000000,4.000000,4.000000,5.000000,14.000000,96.000000,96.000000,96.000000,95.000000,86.000000,5.0,52.2371,46.7052,116.2697,121.8017,PENDING_AG03,FALSE,NOT_FOR_ENFORCEMENT,161.7666,14822.7368,168.5069,161.7666,6.7403,0.00973409,0.00934472,6.7403,161.7666,0.00934472,6.7403,6.7403,6.7403,8.4253,23.5910,161.7666,0.00934472,52.2371,46.7052,116.2697,121.8017,0.00671652,0.00703608,0.00038936,34.2115,31.0671,0.3390,24.0724,1.0275,2473.0015,71.0000,,34.2115,21.0824,22.009,44.018,68.7781,88.0359,110.0449,22.009,0.0,4.0,5.0,1.554433,20,86,6,6,0E-8,0.00973409,,0E-8,0.000000,0.891938,0.887352,,2026-03-24,2026-04-13,7,164,68,21,0.333333,,,0.000000,,,,,,,,GLOBAL_BASELINE_NO_ENTITY_RANKING,,,NOT_APPLICABLE_GLOBAL_BASELINE,HF9g-P5,,,,X 全窗基线 · 不参与实体赏罚,6875116,688,A168_HF9F_20260827_0900,2026-08-27 09:00:00
2026-04-03,34351174,1935,0,10.5411844075,10.5411844075,10.5411844075,1.0000000,1,1,0.50665070000000000,0.506650700000,0.9867858985152569,0.9867858985152569,0.9867858985152569,0E-17,ELIGIBLE,R03b_20260811_FULL_v1,L1_ELIGIBILITY,v2026-08-11,2026-03-21..2026-08-06,baccarat_bet02_101_all_pairs_incl_sentinel,round_win = game_pnl > 0 (decisive only),COMPATIBILITY_ONLY_NOT_PRODUCTION,17311.0105,15440.3509,168.5069,506,497,-0.00973409,,-0.00973409,-0.00973409,-168.5069,17311.0105,OK,0.0000,6.7403,4.0000,96.0000,AG03-UNRESOLVED,ALL5_LEVELS_bet23_to_bet27,6.7403,6.7403,6.7403,8.4253,23.5910,4.000000,4.000000,4.000000,5.000000,14.000000,96.000000,96.000000,96.000000,95.000000,86.000000,5.0,52.2371,46.7052,116.2697,121.8017,PENDING_AG03,FALSE,NOT_FOR_ENFORCEMENT,161.7666,14822.7368,168.5069,161.7666,6.7403,0.00973409,0.00934472,6.7403,161.7666,0.00934472,6.7403,6.7403,6.7403,8.4253,23.5910,161.7666,0.00934472,52.2371,46.7052,116.2697,121.8017,0.00671652,0.00703608,0.00038936,34.2115,31.0671,0.3390,24.0724,1.0275,2473.0015,71.0000,,34.2115,21.0824,22.009,44.018,68.7781,88.0359,110.0449,22.009,0.0,4.0,5.0,1.554433,20,86,6,6,0E-8,0.00973409,,0E-8,0.000000,0.891938,0.887352,,2026-03-24,2026-04-13,7,164,68,21,0.333333,,,0.000000,,,,,,,,GLOBAL_BASELINE_NO_ENTITY_RANKING,,,NOT_APPLICABLE_GLOBAL_BASELINE,HF9g-P5,,,,X 全窗基线 · 不参与实体赏罚,6875117,688,A168_HF9F_20260827_0900,2026-08-27 09:00:00
2026-04-03,34351174,1966,0,2.1082368815,-2.1082368815,-2.1082368815,0E-7,1,1,0.50665070000000000,0.506650700000,-1.013391052207602,-1.013391052207602,-1.013391052207602,0E-17,ELIGIBLE,R03b_20260811_FULL_v1,L1_ELIGIBILITY,v2026-08-11,2026-03-21..2026-08-06,baccarat_bet02_101_all_pairs_incl_sentinel,round_win = game_pnl > 0 (decisive only),COMPATIBILITY_ONLY_NOT_PRODUCTION,17311.0105,15440.3509,168.5069,506,497,-0.00973409,,-0.00973409,-0.00973409,-168.5069,17311.0105,OK,0.0000,6.7403,4.0000,96.0000,AG03-UNRESOLVED,ALL5_LEVELS_bet23_to_bet27,6.7403,6.7403,6.7403,8.4253,23.5910,4.000000,4.000000,4.000000,5.000000,14.000000,96.000000,96.000000,96.000000,95.000000,86.000000,5.0,52.2371,46.7052,116.2697,121.8017,PENDING_AG03,FALSE,NOT_FOR_ENFORCEMENT,161.7666,14822.7368,168.5069,161.7666,6.7403,0.00973409,0.00934472,6.7403,161.7666,0.00934472,6.7403,6.7403,6.7403,8.4253,23.5910,161.7666,0.00934472,52.2371,46.7052,116.2697,121.8017,0.00671652,0.00703608,0.00038936,34.2115,31.0671,0.3390,24.0724,1.0275,2473.0015,71.0000,,34.2115,21.0824,22.009,44.018,68.7781,88.0359,110.0449,22.009,0.0,4.0,5.0,1.554433,20,86,6,6,0E-8,0.00973409,,0E-8,0.000000,0.891938,0.887352,,2026-03-24,2026-04-13,7,164,68,21,0.333333,,,0.000000,,,,,,,,GLOBAL_BASELINE_NO_ENTITY_RANKING,,,NOT_APPLICABLE_GLOBAL_BASELINE,HF9g-P5,,,,X 全窗基线 · 不参与实体赏罚,6875118,688,A168_HF9F_20260827_0900,2026-08-27 09:00:00
2026-04-03,34351174,2115,0,10.5411844075,0E-10,0E-10,,1,1,0.49324550000000000,0.493245500000,,,,0E-17,NO_DECISIVE_ROUND,R03b_20260811_FULL_v1,L1_ELIGIBILITY,v2026-08-11,2026-03-21..2026-08-06,baccarat_bet02_101_all_pairs_incl_sentinel,round_win = game_pnl > 0 (decisive only),COMPATIBILITY_ONLY_NOT_PRODUCTION,17311.0105,15440.3509,168.5069,506,497,-0.00973409,,-0.00973409,-0.00973409,-168.5069,17311.0105,OK,0.0000,6.7403,4.0000,96.0000,AG03-UNRESOLVED,ALL5_LEVELS_bet23_to_bet27,6.7403,6.7403,6.7403,8.4253,23.5910,4.000000,4.000000,4.000000,5.000000,14.000000,96.000000,96.000000,96.000000,95.000000,86.000000,5.0,52.2371,46.7052,116.2697,121.8017,PENDING_AG03,FALSE,NOT_FOR_ENFORCEMENT,161.7666,14822.7368,168.5069,161.7666,6.7403,0.00973409,0.00934472,6.7403,161.7666,0.00934472,6.7403,6.7403,6.7403,8.4253,23.5910,161.7666,0.00934472,52.2371,46.7052,116.2697,121.8017,0.00671652,0.00703608,0.00038936,34.2115,31.0671,0.3390,24.0724,1.0275,2473.0015,71.0000,,34.2115,21.0824,22.009,44.018,68.7781,88.0359,110.0449,22.009,0.0,4.0,5.0,1.554433,20,86,6,6,0E-8,0.00973409,,0E-8,0.000000,0.891938,0.887352,,2026-03-24,2026-04-13,7,164,68,21,0.333333,,,0.000000,,,,,,,,GLOBAL_BASELINE_NO_ENTITY_RANKING,,,NOT_APPLICABLE_GLOBAL_BASELINE,HF9g-P5,,,,X 全窗基线 · 不参与实体赏罚,6875119,688,A168_HF9F_20260827_0900,2026-08-27 09:00:00
2026-04-03,34351174,2141,0,21.0823688150,-21.0823688150,-21.0823688150,0E-7,1,1,0.49324550000000000,0.493245500000,-0.9865810262130424,-0.9865810262130424,-0.9865810262130424,0E-17,ELIGIBLE,R03b_20260811_FULL_v1,L1_ELIGIBILITY,v2026-08-11,2026-03-21..2026-08-06,baccarat_bet02_101_all_pairs_incl_sentinel,round_win = game_pnl > 0 (decisive only),COMPATIBILITY_ONLY_NOT_PRODUCTION,17311.0105,15440.3509,168.5069,506,497,-0.00973409,,-0.00973409,-0.00973409,-168.5069,17311.0105,OK,0.0000,6.7403,4.0000,96.0000,AG03-UNRESOLVED,ALL5_LEVELS_bet23_to_bet27,6.7403,6.7403,6.7403,8.4253,23.5910,4.000000,4.000000,4.000000,5.000000,14.000000,96.000000,96.000000,96.000000,95.000000,86.000000,5.0,52.2371,46.7052,116.2697,121.8017,PENDING_AG03,FALSE,NOT_FOR_ENFORCEMENT,161.7666,14822.7368,168.5069,161.7666,6.7403,0.00973409,0.00934472,6.7403,161.7666,0.00934472,6.7403,6.7403,6.7403,8.4253,23.5910,161.7666,0.00934472,52.2371,46.7052,116.2697,121.8017,0.00671652,0.00703608,0.00038936,34.2115,31.0671,0.3390,24.0724,1.0275,2473.0015,71.0000,,34.2115,21.0824,22.009,44.018,68.7781,88.0359,110.0449,22.009,0.0,4.0,5.0,1.554433,20,86,6,6,0E-8,0.00973409,,0E-8,0.000000,0.891938,0.887352,,2026-03-24,2026-04-13,7,164,68,21,0.333333,,,0.000000,,,,,,,,GLOBAL_BASELINE_NO_ENTITY_RANKING,,,NOT_APPLICABLE_GLOBAL_BASELINE,HF9g-P5,,,,X 全窗基线 · 不参与实体赏罚,6875120,688,A168_HF9F_20260827_0900,2026-08-27 09:00:00
2026-04-03,34351174,2188,0,16.8658950520,16.8658950520,16.8658950520,1.0000000,2,2,0.49324550000000000,0.493245500000,1.4334489766152358,1.4334489766152358,1.4334489766152358,0E-17,ELIGIBLE,R03b_20260811_FULL_v1,L1_ELIGIBILITY,v2026-08-11,2026-03-21..2026-08-06,baccarat_bet02_101_all_pairs_incl_sentinel,round_win = game_pnl > 0 (decisive only),COMPATIBILITY_ONLY_NOT_PRODUCTION,17311.0105,15440.3509,168.5069,506,497,-0.00973409,,-0.00973409,-0.00973409,-168.5069,17311.0105,OK,0.0000,6.7403,4.0000,96.0000,AG03-UNRESOLVED,ALL5_LEVELS_bet23_to_bet27,6.7403,6.7403,6.7403,8.4253,23.5910,4.000000,4.000000,4.000000,5.000000,14.000000,96.000000,96.000000,96.000000,95.000000,86.000000,5.0,52.2371,46.7052,116.2697,121.8017,PENDING_AG03,FALSE,NOT_FOR_ENFORCEMENT,161.7666,14822.7368,168.5069,161.7666,6.7403,0.00973409,0.00934472,6.7403,161.7666,0.00934472,6.7403,6.7403,6.7403,8.4253,23.5910,161.7666,0.00934472,52.2371,46.7052,116.2697,121.8017,0.00671652,0.00703608,0.00038936,34.2115,31.0671,0.3390,24.0724,1.0275,2473.0015,71.0000,,34.2115,21.0824,22.009,44.018,68.7781,88.0359,110.0449,22.009,0.0,4.0,5.0,1.554433,20,86,6,6,0E-8,0.00973409,,0E-8,0.000000,0.891938,0.887352,,2026-03-24,2026-04-13,7,164,68,21,0.333333,,,0.000000,,,,,,,,GLOBAL_BASELINE_NO_ENTITY_RANKING,,,NOT_APPLICABLE_GLOBAL_BASELINE,HF9g-P5,,,,X 全窗基线 · 不参与实体赏罚,6875121,688,A168_HF9F_20260827_0900,2026-08-27 09:00:00
2026-04-03,34351174,2216,0,21.0823688150,0E-10,0E-10,,1,1,0.50665070000000000,0.506650700000,,,,0E-17,NO_DECISIVE_ROUND,R03b_20260811_FULL_v1,L1_ELIGIBILITY,v2026-08-11,2026-03-21..2026-08-06,baccarat_bet02_101_all_pairs_incl_sentinel,round_win = game_pnl > 0 (decisive only),COMPATIBILITY_ONLY_NOT_PRODUCTION,17311.0105,15440.3509,168.5069,506,497,-0.00973409,,-0.00973409,-0.00973409,-168.5069,17311.0105,OK,0.0000,6.7403,4.0000,96.0000,AG03-UNRESOLVED,ALL5_LEVELS_bet23_to_bet27,6.7403,6.7403,6.7403,8.4253,23.5910,4.000000,4.000000,4.000000,5.000000,14.000000,96.000000,96.000000,96.000000,95.000000,86.000000,5.0,52.2371,46.7052,116.2697,121.8017,PENDING_AG03,FALSE,NOT_FOR_ENFORCEMENT,161.7666,14822.7368,168.5069,161.7666,6.7403,0.00973409,0.00934472,6.7403,161.7666,0.00934472,6.7403,6.7403,6.7403,8.4253,23.5910,161.7666,0.00934472,52.2371,46.7052,116.2697,121.8017,0.00671652,0.00703608,0.00038936,34.2115,31.0671,0.3390,24.0724,1.0275,2473.0015,71.0000,,34.2115,21.0824,22.009,44.018,68.7781,88.0359,110.0449,22.009,0.0,4.0,5.0,1.554433,20,86,6,6,0E-8,0.00973409,,0E-8,0.000000,0.891938,0.887352,,2026-03-24,2026-04-13,7,164,68,21,0.333333,,,0.000000,,,,,,,,GLOBAL_BASELINE_NO_ENTITY_RANKING,,,NOT_APPLICABLE_GLOBAL_BASELINE,HF9g-P5,,,,X 全窗基线 · 不参与实体赏罚,6875122,688,A168_HF9F_20260827_0900,2026-08-27 09:00:00
2026-04-03,34351174,2242,0,147.5765817050,0E-10,0E-10,0.5000000,7,7,0.49899058571428571,0.498990585714,0.004945109955477372,0.0049451099568770685,0.004945109955477372,2.8571E-13,ELIGIBLE,R03b_20260811_FULL_v1,L1_ELIGIBILITY,v2026-08-11,2026-03-21..2026-08-06,baccarat_bet02_101_all_pairs_incl_sentinel,round_win = game_pnl > 0 (decisive only),COMPATIBILITY_ONLY_NOT_PRODUCTION,17311.0105,15440.3509,168.5069,506,497,-0.00973409,,-0.00973409,-0.00973409,-168.5069,17311.0105,OK,0.0000,6.7403,4.0000,96.0000,AG03-UNRESOLVED,ALL5_LEVELS_bet23_to_bet27,6.7403,6.7403,6.7403,8.4253,23.5910,4.000000,4.000000,4.000000,5.000000,14.000000,96.000000,96.000000,96.000000,95.000000,86.000000,5.0,52.2371,46.7052,116.2697,121.8017,PENDING_AG03,FALSE,NOT_FOR_ENFORCEMENT,161.7666,14822.7368,168.5069,161.7666,6.7403,0.00973409,0.00934472,6.7403,161.7666,0.00934472,6.7403,6.7403,6.7403,8.4253,23.5910,161.7666,0.00934472,52.2371,46.7052,116.2697,121.8017,0.00671652,0.00703608,0.00038936,34.2115,31.0671,0.3390,24.0724,1.0275,2473.0015,71.0000,,34.2115,21.0824,22.009,44.018,68.7781,88.0359,110.0449,22.009,0.0,4.0,5.0,1.554433,20,86,6,6,0E-8,0.00973409,,0E-8,0.000000,0.891938,0.887352,,2026-03-24,2026-04-13,7,164,68,21,0.333333,,,0.000000,,,,,,,,GLOBAL_BASELINE_NO_ENTITY_RANKING,,,NOT_APPLICABLE_GLOBAL_BASELINE,HF9g-P5,,,,X 全窗基线 · 不参与实体赏罚,6875123,688,A168_HF9F_20260827_0900,2026-08-27 09:00:00
2026-04-03,34351174,2244,0,126.4942128900,-42.1647376300,-42.1647376300,0.3333333,6,6,0.49994810000000000,0.499948100000,-0.8162423282897021,-0.8162423282897021,-0.8162423282897021,0E-17,ELIGIBLE,R03b_20260811_FULL_v1,L1_ELIGIBILITY,v2026-08-11,2026-03-21..2026-08-06,baccarat_bet02_101_all_pairs_incl_sentinel,round_win = game_pnl > 0 (decisive only),COMPATIBILITY_ONLY_NOT_PRODUCTION,17311.0105,15440.3509,168.5069,506,497,-0.00973409,,-0.00973409,-0.00973409,-168.5069,17311.0105,OK,0.0000,6.7403,4.0000,96.0000,AG03-UNRESOLVED,ALL5_LEVELS_bet23_to_bet27,6.7403,6.7403,6.7403,8.4253,23.5910,4.000000,4.000000,4.000000,5.000000,14.000000,96.000000,96.000000,96.000000,95.000000,86.000000,5.0,52.2371,46.7052,116.2697,121.8017,PENDING_AG03,FALSE,NOT_FOR_ENFORCEMENT,161.7666,14822.7368,168.5069,161.7666,6.7403,0.00973409,0.00934472,6.7403,161.7666,0.00934472,6.7403,6.7403,6.7403,8.4253,23.5910,161.7666,0.00934472,52.2371,46.7052,116.2697,121.8017,0.00671652,0.00703608,0.00038936,34.2115,31.0671,0.3390,24.0724,1.0275,2473.0015,71.0000,,34.2115,21.0824,22.009,44.018,68.7781,88.0359,110.0449,22.009,0.0,4.0,5.0,1.554433,20,86,6,6,0E-8,0.00973409,,0E-8,0.000000,0.891938,0.887352,,2026-03-24,2026-04-13,7,164,68,21,0.333333,,,0.000000,,,,,,,,GLOBAL_BASELINE_NO_ENTITY_RANKING,,,NOT_APPLICABLE_GLOBAL_BASELINE,HF9g-P5,,,,X 全窗基线 · 不参与实体赏罚,6875124,688,A168_HF9F_20260827_0900,2026-08-27 09:00:00
2026-04-03,34351174,462,0,10.5411844075,10.5411844075,10.5411844075,1.0000000,1,1,0.50665070000000000,0.506650700000,0.9867858985152569,0.9867858985152569,0.9867858985152569,0E-17,ELIGIBLE,R03b_20260811_FULL_v1,L1_ELIGIBILITY,v2026-08-11,2026-03-21..2026-08-06,baccarat_bet02_101_all_pairs_incl_sentinel,round_win = game_pnl > 0 (decisive only),COMPATIBILITY_ONLY_NOT_PRODUCTION,17311.0105,15440.3509,168.5069,506,497,-0.00973409,,-0.00973409,-0.00973409,-168.5069,17311.0105,OK,0.0000,6.7403,4.0000,96.0000,AG03-UNRESOLVED,ALL5_LEVELS_bet23_to_bet27,6.7403,6.7403,6.7403,8.4253,23.5910,4.000000,4.000000,4.000000,5.000000,14.000000,96.000000,96.000000,96.000000,95.000000,86.000000,5.0,52.2371,46.7052,116.2697,121.8017,PENDING_AG03,FALSE,NOT_FOR_ENFORCEMENT,161.7666,14822.7368,168.5069,161.7666,6.7403,0.00973409,0.00934472,6.7403,161.7666,0.00934472,6.7403,6.7403,6.7403,8.4253,23.5910,161.7666,0.00934472,52.2371,46.7052,116.2697,121.8017,0.00671652,0.00703608,0.00038936,34.2115,31.0671,0.3390,24.0724,1.0275,2473.0015,71.0000,,34.2115,21.0824,22.009,44.018,68.7781,88.0359,110.0449,22.009,0.0,4.0,5.0,1.554433,20,86,6,6,0E-8,0.00973409,,0E-8,0.000000,0.891938,0.887352,,2026-03-24,2026-04-13,7,164,68,21,0.333333,,,0.000000,,,,,,,,GLOBAL_BASELINE_NO_ENTITY_RANKING,,,NOT_APPLICABLE_GLOBAL_BASELINE,HF9g-P5,,,,X 全窗基线 · 不参与实体赏罚,6875125,688,A168_HF9F_20260827_0900,2026-08-27 09:00:00
2026-04-07,34351174,1299,0,21.0823688150,0E-10,0E-10,,1,1,0.50665070000000000,0.506650700000,,,,0E-17,NO_DECISIVE_ROUND,R03b_20260811_FULL_v1,L1_ELIGIBILITY,v2026-08-11,2026-03-21..2026-08-06,baccarat_bet02_101_all_pairs_incl_sentinel,round_win = game_pnl > 0 (decisive only),COMPATIBILITY_ONLY_NOT_PRODUCTION,17311.0105,15440.3509,168.5069,506,497,-0.00973409,,-0.00973409,-0.00973409,-168.5069,17311.0105,OK,0.0000,6.7403,4.0000,96.0000,AG03-UNRESOLVED,ALL5_LEVELS_bet23_to_bet27,6.7403,6.7403,6.7403,8.4253,23.5910,4.000000,4.000000,4.000000,5.000000,14.000000,96.000000,96.000000,96.000000,95.000000,86.000000,5.0,52.2371,46.7052,116.2697,121.8017,PENDING_AG03,FALSE,NOT_FOR_ENFORCEMENT,161.7666,14822.7368,168.5069,161.7666,6.7403,0.00973409,0.00934472,6.7403,161.7666,0.00934472,6.7403,6.7403,6.7403,8.4253,23.5910,161.7666,0.00934472,52.2371,46.7052,116.2697,121.8017,0.00671652,0.00703608,0.00038936,34.2115,31.0671,0.3390,24.0724,1.0275,2473.0015,71.0000,,34.2115,21.0824,22.009,44.018,68.7781,88.0359,110.0449,22.009,0.0,4.0,5.0,1.554433,20,86,6,6,0E-8,0.00973409,,0E-8,0.000000,0.891938,0.887352,,2026-03-24,2026-04-13,7,164,68,21,0.333333,,,0.000000,,,,,,,,GLOBAL_BASELINE_NO_ENTITY_RANKING,,,NOT_APPLICABLE_GLOBAL_BASELINE,HF9g-P5,,,,X 全窗基线 · 不参与实体赏罚,6875126,688,A168_HF9F_20260827_0900,2026-08-27 09:00:00
2026-04-07,34351174,1485,0,10.5411844075,0E-10,0E-10,,1,1,0.50665070000000000,0.506650700000,,,,0E-17,NO_DECISIVE_ROUND,R03b_20260811_FULL_v1,L1_ELIGIBILITY,v2026-08-11,2026-03-21..2026-08-06,baccarat_bet02_101_all_pairs_incl_sentinel,round_win = game_pnl > 0 (decisive only),COMPATIBILITY_ONLY_NOT_PRODUCTION,17311.0105,15440.3509,168.5069,506,497,-0.00973409,,-0.00973409,-0.00973409,-168.5069,17311.0105,OK,0.0000,6.7403,4.0000,96.0000,AG03-UNRESOLVED,ALL5_LEVELS_bet23_to_bet27,6.7403,6.7403,6.7403,8.4253,23.5910,4.000000,4.000000,4.000000,5.000000,14.000000,96.000000,96.000000,96.000000,95.000000,86.000000,5.0,52.2371,46.7052,116.2697,121.8017,PENDING_AG03,FALSE,NOT_FOR_ENFORCEMENT,161.7666,14822.7368,168.5069,161.7666,6.7403,0.00973409,0.00934472,6.7403,161.7666,0.00934472,6.7403,6.7403,6.7403,8.4253,23.5910,161.7666,0.00934472,52.2371,46.7052,116.2697,121.8017,0.00671652,0.00703608,0.00038936,34.2115,31.0671,0.3390,24.0724,1.0275,2473.0015,71.0000,,34.2115,21.0824,22.009,44.018,68.7781,88.0359,110.0449,22.009,0.0,4.0,5.0,1.554433,20,86,6,6,0E-8,0.00973409,,0E-8,0.000000,0.891938,0.887352,,2026-03-24,2026-04-13,7,164,68,21,0.333333,,,0.000000,,,,,,,,GLOBAL_BASELINE_NO_ENTITY_RANKING,,,NOT_APPLICABLE_GLOBAL_BASELINE,HF9g-P5,,,,X 全窗基线 · 不参与实体赏罚,6875127,688,A168_HF9F_20260827_0900,2026-08-27 09:00:00
2026-04-07,34351174,1963,0,21.0823688150,-21.0823688150,-21.0823688150,0E-7,1,1,0.50665070000000000,0.506650700000,-1.013391052207602,-1.013391052207602,-1.013391052207602,0E-17,ELIGIBLE,R03b_20260811_FULL_v1,L1_ELIGIBILITY,v2026-08-11,2026-03-21..2026-08-06,baccarat_bet02_101_all_pairs_incl_sentinel,round_win = game_pnl > 0 (decisive only),COMPATIBILITY_ONLY_NOT_PRODUCTION,17311.0105,15440.3509,168.5069,506,497,-0.00973409,,-0.00973409,-0.00973409,-168.5069,17311.0105,OK,0.0000,6.7403,4.0000,96.0000,AG03-UNRESOLVED,ALL5_LEVELS_bet23_to_bet27,6.7403,6.7403,6.7403,8.4253,23.5910,4.000000,4.000000,4.000000,5.000000,14.000000,96.000000,96.000000,96.000000,95.000000,86.000000,5.0,52.2371,46.7052,116.2697,121.8017,PENDING_AG03,FALSE,NOT_FOR_ENFORCEMENT,161.7666,14822.7368,168.5069,161.7666,6.7403,0.00973409,0.00934472,6.7403,161.7666,0.00934472,6.7403,6.7403,6.7403,8.4253,23.5910,161.7666,0.00934472,52.2371,46.7052,116.2697,121.8017,0.00671652,0.00703608,0.00038936,34.2115,31.0671,0.3390,24.0724,1.0275,2473.0015,71.0000,,34.2115,21.0824,22.009,44.018,68.7781,88.0359,110.0449,22.009,0.0,4.0,5.0,1.554433,20,86,6,6,0E-8,0.00973409,,0E-8,0.000000,0.891938,0.887352,,2026-03-24,2026-04-13,7,164,68,21,0.333333,,,0.000000,,,,,,,,GLOBAL_BASELINE_NO_ENTITY_RANKING,,,NOT_APPLICABLE_GLOBAL_BASELINE,HF9g-P5,,,,X 全窗基线 · 不参与实体赏罚,6875128,688,A168_HF9F_20260827_0900,2026-08-27 09:00:00
2026-04-07,34351174,1966,0,21.0823688150,21.0823688150,21.0823688150,1.0000000,1,1,0.49324550000000000,0.493245500000,1.01360149184955,1.01360149184955,1.01360149184955,0E-17,ELIGIBLE,R03b_20260811_FULL_v1,L1_ELIGIBILITY,v2026-08-11,2026-03-21..2026-08-06,baccarat_bet02_101_all_pairs_incl_sentinel,round_win = game_pnl > 0 (decisive only),COMPATIBILITY_ONLY_NOT_PRODUCTION,17311.0105,15440.3509,168.5069,506,497,-0.00973409,,-0.00973409,-0.00973409,-168.5069,17311.0105,OK,0.0000,6.7403,4.0000,96.0000,AG03-UNRESOLVED,ALL5_LEVELS_bet23_to_bet27,6.7403,6.7403,6.7403,8.4253,23.5910,4.000000,4.000000,4.000000,5.000000,14.000000,96.000000,96.000000,96.000000,95.000000,86.000000,5.0,52.2371,46.7052,116.2697,121.8017,PENDING_AG03,FALSE,NOT_FOR_ENFORCEMENT,161.7666,14822.7368,168.5069,161.7666,6.7403,0.00973409,0.00934472,6.7403,161.7666,0.00934472,6.7403,6.7403,6.7403,8.4253,23.5910,161.7666,0.00934472,52.2371,46.7052,116.2697,121.8017,0.00671652,0.00703608,0.00038936,34.2115,31.0671,0.3390,24.0724,1.0275,2473.0015,71.0000,,34.2115,21.0824,22.009,44.018,68.7781,88.0359,110.0449,22.009,0.0,4.0,5.0,1.554433,20,86,6,6,0E-8,0.00973409,,0E-8,0.000000,0.891938,0.887352,,2026-03-24,2026-04-13,7,164,68,21,0.333333,,,0.000000,,,,,,,,GLOBAL_BASELINE_NO_ENTITY_RANKING,,,NOT_APPLICABLE_GLOBAL_BASELINE,HF9g-P5,,,,X 全窗基线 · 不参与实体赏罚,6875129,688,A168_HF9F_20260827_0900,2026-08-27 09:00:00
2026-04-07,34351174,2117,0,42.1647376300,0E-10,0E-10,0.5000000,2,2,0.50665070000000000,0.506650700000,-0.018812684590367487,-0.018812684590367487,-0.018812684590367487,0E-17,ELIGIBLE,R03b_20260811_FULL_v1,L1_ELIGIBILITY,v2026-08-11,2026-03-21..2026-08-06,baccarat_bet02_101_all_pairs_incl_sentinel,round_win = game_pnl > 0 (decisive only),COMPATIBILITY_ONLY_NOT_PRODUCTION,17311.0105,15440.3509,168.5069,506,497,-0.00973409,,-0.00973409,-0.00973409,-168.5069,17311.0105,OK,0.0000,6.7403,4.0000,96.0000,AG03-UNRESOLVED,ALL5_LEVELS_bet23_to_bet27,6.7403,6.7403,6.7403,8.4253,23.5910,4.000000,4.000000,4.000000,5.000000,14.000000,96.000000,96.000000,96.000000,95.000000,86.000000,5.0,52.2371,46.7052,116.2697,121.8017,PENDING_AG03,FALSE,NOT_FOR_ENFORCEMENT,161.7666,14822.7368,168.5069,161.7666,6.7403,0.00973409,0.00934472,6.7403,161.7666,0.00934472,6.7403,6.7403,6.7403,8.4253,23.5910,161.7666,0.00934472,52.2371,46.7052,116.2697,121.8017,0.00671652,0.00703608,0.00038936,34.2115,31.0671,0.3390,24.0724,1.0275,2473.0015,71.0000,,34.2115,21.0824,22.009,44.018,68.7781,88.0359,110.0449,22.009,0.0,4.0,5.0,1.554433,20,86,6,6,0E-8,0.00973409,,0E-8,0.000000,0.891938,0.887352,,2026-03-24,2026-04-13,7,164,68,21,0.333333,,,0.000000,,,,,,,,GLOBAL_BASELINE_NO_ENTITY_RANKING,,,NOT_APPLICABLE_GLOBAL_BASELINE,HF9g-P5,,,,X 全窗基线 · 不参与实体赏罚,6875130,688,A168_HF9F_20260827_0900,2026-08-27 09:00:00
2026-04-07,34351174,2129,0,31.6235532225,-21.0823688150,-21.0823688150,0E-7,2,2,0.50665070000000000,0.506650700000,-1.013391052207602,-1.013391052207602,-1.013391052207602,0E-17,ELIGIBLE,R03b_20260811_FULL_v1,L1_ELIGIBILITY,v2026-08-11,2026-03-21..2026-08-06,baccarat_bet02_101_all_pairs_incl_sentinel,round_win = game_pnl > 0 (decisive only),COMPATIBILITY_ONLY_NOT_PRODUCTION,17311.0105,15440.3509,168.5069,506,497,-0.00973409,,-0.00973409,-0.00973409,-168.5069,17311.0105,OK,0.0000,6.7403,4.0000,96.0000,AG03-UNRESOLVED,ALL5_LEVELS_bet23_to_bet27,6.7403,6.7403,6.7403,8.4253,23.5910,4.000000,4.000000,4.000000,5.000000,14.000000,96.000000,96.000000,96.000000,95.000000,86.000000,5.0,52.2371,46.7052,116.2697,121.8017,PENDING_AG03,FALSE,NOT_FOR_ENFORCEMENT,161.7666,14822.7368,168.5069,161.7666,6.7403,0.00973409,0.00934472,6.7403,161.7666,0.00934472,6.7403,6.7403,6.7403,8.4253,23.5910,161.7666,0.00934472,52.2371,46.7052,116.2697,121.8017,0.00671652,0.00703608,0.00038936,34.2115,31.0671,0.3390,24.0724,1.0275,2473.0015,71.0000,,34.2115,21.0824,22.009,44.018,68.7781,88.0359,110.0449,22.009,0.0,4.0,5.0,1.554433,20,86,6,6,0E-8,0.00973409,,0E-8,0.000000,0.891938,0.887352,,2026-03-24,2026-04-13,7,164,68,21,0.333333,,,0.000000,,,,,,,,GLOBAL_BASELINE_NO_ENTITY_RANKING,,,NOT_APPLICABLE_GLOBAL_BASELINE,HF9g-P5,,,,X 全窗基线 · 不参与实体赏罚,6875131,688,A168_HF9F_20260827_0900,2026-08-27 09:00:00
2026-04-07,34351174,2170,0,21.0823688150,-21.0823688150,-21.0823688150,0E-7,1,1,0.50665070000000000,0.506650700000,-1.013391052207602,-1.013391052207602,-1.013391052207602,0E-17,ELIGIBLE,R03b_20260811_FULL_v1,L1_ELIGIBILITY,v2026-08-11,2026-03-21..2026-08-06,baccarat_bet02_101_all_pairs_incl_sentinel,round_win = game_pnl > 0 (decisive only),COMPATIBILITY_ONLY_NOT_PRODUCTION,17311.0105,15440.3509,168.5069,506,497,-0.00973409,,-0.00973409,-0.00973409,-168.5069,17311.0105,OK,0.0000,6.7403,4.0000,96.0000,AG03-UNRESOLVED,ALL5_LEVELS_bet23_to_bet27,6.7403,6.7403,6.7403,8.4253,23.5910,4.000000,4.000000,4.000000,5.000000,14.000000,96.000000,96.000000,96.000000,95.000000,86.000000,5.0,52.2371,46.7052,116.2697,121.8017,PENDING_AG03,FALSE,NOT_FOR_ENFORCEMENT,161.7666,14822.7368,168.5069,161.7666,6.7403,0.00973409,0.00934472,6.7403,161.7666,0.00934472,6.7403,6.7403,6.7403,8.4253,23.5910,161.7666,0.00934472,52.2371,46.7052,116.2697,121.8017,0.00671652,0.00703608,0.00038936,34.2115,31.0671,0.3390,24.0724,1.0275,2473.0015,71.0000,,34.2115,21.0824,22.009,44.018,68.7781,88.0359,110.0449,22.009,0.0,4.0,5.0,1.554433,20,86,6,6,0E-8,0.00973409,,0E-8,0.000000,0.891938,0.887352,,2026-03-24,2026-04-13,7,164,68,21,0.333333,,,0.000000,,,,,,,,GLOBAL_BASELINE_NO_ENTITY_RANKING,,,NOT_APPLICABLE_GLOBAL_BASELINE,HF9g-P5,,,,X 全窗基线 · 不参与实体赏罚,6875132,688,A168_HF9F_20260827_0900,2026-08-27 09:00:00
2026-04-07,34351174,2187,0,42.1647376300,-42.1647376300,-42.1647376300,0E-7,2,2,0.49324550000000000,0.493245500000,-1.3952362676504506,-1.3952362676504506,-1.3952362676504506,0E-17,ELIGIBLE,R03b_20260811_FULL_v1,L1_ELIGIBILITY,v2026-08-11,2026-03-21..2026-08-06,baccarat_bet02_101_all_pairs_incl_sentinel,round_win = game_pnl > 0 (decisive only),COMPATIBILITY_ONLY_NOT_PRODUCTION,17311.0105,15440.3509,168.5069,506,497,-0.00973409,,-0.00973409,-0.00973409,-168.5069,17311.0105,OK,0.0000,6.7403,4.0000,96.0000,AG03-UNRESOLVED,ALL5_LEVELS_bet23_to_bet27,6.7403,6.7403,6.7403,8.4253,23.5910,4.000000,4.000000,4.000000,5.000000,14.000000,96.000000,96.000000,96.000000,95.000000,86.000000,5.0,52.2371,46.7052,116.2697,121.8017,PENDING_AG03,FALSE,NOT_FOR_ENFORCEMENT,161.7666,14822.7368,168.5069,161.7666,6.7403,0.00973409,0.00934472,6.7403,161.7666,0.00934472,6.7403,6.7403,6.7403,8.4253,23.5910,161.7666,0.00934472,52.2371,46.7052,116.2697,121.8017,0.00671652,0.00703608,0.00038936,34.2115,31.0671,0.3390,24.0724,1.0275,2473.0015,71.0000,,34.2115,21.0824,22.009,44.018,68.7781,88.0359,110.0449,22.009,0.0,4.0,5.0,1.554433,20,86,6,6,0E-8,0.00973409,,0E-8,0.000000,0.891938,0.887352,,2026-03-24,2026-04-13,7,164,68,21,0.333333,,,0.000000,,,,,,,,GLOBAL_BASELINE_NO_ENTITY_RANKING,,,NOT_APPLICABLE_GLOBAL_BASELINE,HF9g-P5,,,,X 全窗基线 · 不参与实体赏罚,6875133,688,A168_HF9F_20260827_0900,2026-08-27 09:00:00
2026-04-07,34351174,2188,0,63.2471064450,63.2471064450,63.2471064450,1.0000000,4,4,0.49994810000000000,0.499948100000,2.0002076107755586,2.0002076107755586,2.0002076107755586,0E-17,ELIGIBLE,R03b_20260811_FULL_v1,L1_ELIGIBILITY,v2026-08-11,2026-03-21..2026-08-06,baccarat_bet02_101_all_pairs_incl_sentinel,round_win = game_pnl > 0 (decisive only),COMPATIBILITY_ONLY_NOT_PRODUCTION,17311.0105,15440.3509,168.5069,506,497,-0.00973409,,-0.00973409,-0.00973409,-168.5069,17311.0105,OK,0.0000,6.7403,4.0000,96.0000,AG03-UNRESOLVED,ALL5_LEVELS_bet23_to_bet27,6.7403,6.7403,6.7403,8.4253,23.5910,4.000000,4.000000,4.000000,5.000000,14.000000,96.000000,96.000000,96.000000,95.000000,86.000000,5.0,52.2371,46.7052,116.2697,121.8017,PENDING_AG03,FALSE,NOT_FOR_ENFORCEMENT,161.7666,14822.7368,168.5069,161.7666,6.7403,0.00973409,0.00934472,6.7403,161.7666,0.00934472,6.7403,6.7403,6.7403,8.4253,23.5910,161.7666,0.00934472,52.2371,46.7052,116.2697,121.8017,0.00671652,0.00703608,0.00038936,34.2115,31.0671,0.3390,24.0724,1.0275,2473.0015,71.0000,,34.2115,21.0824,22.009,44.018,68.7781,88.0359,110.0449,22.009,0.0,4.0,5.0,1.554433,20,86,6,6,0E-8,0.00973409,,0E-8,0.000000,0.891938,0.887352,,2026-03-24,2026-04-13,7,164,68,21,0.333333,,,0.000000,,,,,,,,GLOBAL_BASELINE_NO_ENTITY_RANKING,,,NOT_APPLICABLE_GLOBAL_BASELINE,HF9g-P5,,,,X 全窗基线 · 不参与实体赏罚,6875134,688,A168_HF9F_20260827_0900,2026-08-27 09:00:00
2026-04-07,34351174,2222,0,10.5411844075,0E-10,0E-10,,1,1,0.50665070000000000,0.506650700000,,,,0E-17,NO_DECISIVE_ROUND,R03b_20260811_FULL_v1,L1_ELIGIBILITY,v2026-08-11,2026-03-21..2026-08-06,baccarat_bet02_101_all_pairs_incl_sentinel,round_win = game_pnl > 0 (decisive only),COMPATIBILITY_ONLY_NOT_PRODUCTION,17311.0105,15440.3509,168.5069,506,497,-0.00973409,,-0.00973409,-0.00973409,-168.5069,17311.0105,OK,0.0000,6.7403,4.0000,96.0000,AG03-UNRESOLVED,ALL5_LEVELS_bet23_to_bet27,6.7403,6.7403,6.7403,8.4253,23.5910,4.000000,4.000000,4.000000,5.000000,14.000000,96.000000,96.000000,96.000000,95.000000,86.000000,5.0,52.2371,46.7052,116.2697,121.8017,PENDING_AG03,FALSE,NOT_FOR_ENFORCEMENT,161.7666,14822.7368,168.5069,161.7666,6.7403,0.00973409,0.00934472,6.7403,161.7666,0.00934472,6.7403,6.7403,6.7403,8.4253,23.5910,161.7666,0.00934472,52.2371,46.7052,116.2697,121.8017,0.00671652,0.00703608,0.00038936,34.2115,31.0671,0.3390,24.0724,1.0275,2473.0015,71.0000,,34.2115,21.0824,22.009,44.018,68.7781,88.0359,110.0449,22.009,0.0,4.0,5.0,1.554433,20,86,6,6,0E-8,0.00973409,,0E-8,0.000000,0.891938,0.887352,,2026-03-24,2026-04-13,7,164,68,21,0.333333,,,0.000000,,,,,,,,GLOBAL_BASELINE_NO_ENTITY_RANKING,,,NOT_APPLICABLE_GLOBAL_BASELINE,HF9g-P5,,,,X 全窗基线 · 不参与实体赏罚,6875135,688,A168_HF9F_20260827_0900,2026-08-27 09:00:00
2026-04-07,34351174,2229,0,368.9414542625,31.6235532225,31.6235532225,0.5000000,19,19,0.50241747894736842,0.502417478947,-0.02051322885312753,-0.02051322885000127,-0.02051322885312753,3.6842E-13,ELIGIBLE,R03b_20260811_FULL_v1,L1_ELIGIBILITY,v2026-08-11,2026-03-21..2026-08-06,baccarat_bet02_101_all_pairs_incl_sentinel,round_win = game_pnl > 0 (decisive only),COMPATIBILITY_ONLY_NOT_PRODUCTION,17311.0105,15440.3509,168.5069,506,497,-0.00973409,,-0.00973409,-0.00973409,-168.5069,17311.0105,OK,0.0000,6.7403,4.0000,96.0000,AG03-UNRESOLVED,ALL5_LEVELS_bet23_to_bet27,6.7403,6.7403,6.7403,8.4253,23.5910,4.000000,4.000000,4.000000,5.000000,14.000000,96.000000,96.000000,96.000000,95.000000,86.000000,5.0,52.2371,46.7052,116.2697,121.8017,PENDING_AG03,FALSE,NOT_FOR_ENFORCEMENT,161.7666,14822.7368,168.5069,161.7666,6.7403,0.00973409,0.00934472,6.7403,161.7666,0.00934472,6.7403,6.7403,6.7403,8.4253,23.5910,161.7666,0.00934472,52.2371,46.7052,116.2697,121.8017,0.00671652,0.00703608,0.00038936,34.2115,31.0671,0.3390,24.0724,1.0275,2473.0015,71.0000,,34.2115,21.0824,22.009,44.018,68.7781,88.0359,110.0449,22.009,0.0,4.0,5.0,1.554433,20,86,6,6,0E-8,0.00973409,,0E-8,0.000000,0.891938,0.887352,,2026-03-24,2026-04-13,7,164,68,21,0.333333,,,0.000000,,,,,,,,GLOBAL_BASELINE_NO_ENTITY_RANKING,,,NOT_APPLICABLE_GLOBAL_BASELINE,HF9g-P5,,,,X 全窗基线 · 不参与实体赏罚,6875136,688,A168_HF9F_20260827_0900,2026-08-27 09:00:00
2026-04-07,34351174,2241,0,42.1647376300,-42.1647376300,-42.1647376300,0E-7,2,2,0.50665070000000000,0.506650700000,-1.4331513700195317,-1.4331513700195317,-1.4331513700195317,0E-17,ELIGIBLE,R03b_20260811_FULL_v1,L1_ELIGIBILITY,v2026-08-11,2026-03-21..2026-08-06,baccarat_bet02_101_all_pairs_incl_sentinel,round_win = game_pnl > 0 (decisive only),COMPATIBILITY_ONLY_NOT_PRODUCTION,17311.0105,15440.3509,168.5069,506,497,-0.00973409,,-0.00973409,-0.00973409,-168.5069,17311.0105,OK,0.0000,6.7403,4.0000,96.0000,AG03-UNRESOLVED,ALL5_LEVELS_bet23_to_bet27,6.7403,6.7403,6.7403,8.4253,23.5910,4.000000,4.000000,4.000000,5.000000,14.000000,96.000000,96.000000,96.000000,95.000000,86.000000,5.0,52.2371,46.7052,116.2697,121.8017,PENDING_AG03,FALSE,NOT_FOR_ENFORCEMENT,161.7666,14822.7368,168.5069,161.7666,6.7403,0.00973409,0.00934472,6.7403,161.7666,0.00934472,6.7403,6.7403,6.7403,8.4253,23.5910,161.7666,0.00934472,52.2371,46.7052,116.2697,121.8017,0.00671652,0.00703608,0.00038936,34.2115,31.0671,0.3390,24.0724,1.0275,2473.0015,71.0000,,34.2115,21.0824,22.009,44.018,68.7781,88.0359,110.0449,22.009,0.0,4.0,5.0,1.554433,20,86,6,6,0E-8,0.00973409,,0E-8,0.000000,0.891938,0.887352,,2026-03-24,2026-04-13,7,164,68,21,0.333333,,,0.000000,,,,,,,,GLOBAL_BASELINE_NO_ENTITY_RANKING,,,NOT_APPLICABLE_GLOBAL_BASELINE,HF9g-P5,,,,X 全窗基线 · 不参与实体赏罚,6875137,688,A168_HF9F_20260827_0900,2026-08-27 09:00:00
2026-04-07,34351174,2258,0,10.5411844075,10.5411844075,10.5411844075,1.0000000,1,1,0.50665070000000000,0.506650700000,0.9867858985152569,0.9867858985152569,0.9867858985152569,0E-17,ELIGIBLE,R03b_20260811_FULL_v1,L1_ELIGIBILITY,v2026-08-11,2026-03-21..2026-08-06,baccarat_bet02_101_all_pairs_incl_sentinel,round_win = game_pnl > 0 (decisive only),COMPATIBILITY_ONLY_NOT_PRODUCTION,17311.0105,15440.3509,168.5069,506,497,-0.00973409,,-0.00973409,-0.00973409,-168.5069,17311.0105,OK,0.0000,6.7403,4.0000,96.0000,AG03-UNRESOLVED,ALL5_LEVELS_bet23_to_bet27,6.7403,6.7403,6.7403,8.4253,23.5910,4.000000,4.000000,4.000000,5.000000,14.000000,96.000000,96.000000,96.000000,95.000000,86.000000,5.0,52.2371,46.7052,116.2697,121.8017,PENDING_AG03,FALSE,NOT_FOR_ENFORCEMENT,161.7666,14822.7368,168.5069,161.7666,6.7403,0.00973409,0.00934472,6.7403,161.7666,0.00934472,6.7403,6.7403,6.7403,8.4253,23.5910,161.7666,0.00934472,52.2371,46.7052,116.2697,121.8017,0.00671652,0.00703608,0.00038936,34.2115,31.0671,0.3390,24.0724,1.0275,2473.0015,71.0000,,34.2115,21.0824,22.009,44.018,68.7781,88.0359,110.0449,22.009,0.0,4.0,5.0,1.554433,20,86,6,6,0E-8,0.00973409,,0E-8,0.000000,0.891938,0.887352,,2026-03-24,2026-04-13,7,164,68,21,0.333333,,,0.000000,,,,,,,,GLOBAL_BASELINE_NO_ENTITY_RANKING,,,NOT_APPLICABLE_GLOBAL_BASELINE,HF9g-P5,,,,X 全窗基线 · 不参与实体赏罚,6875138,688,A168_HF9F_20260827_0900,2026-08-27 09:00:00
2026-04-10,34351174,-1,1,8.4329475260,8.4329475260,8.4329475260,1.0000000,1,1,0.50665070000000000,0.506650700000,0.9867858985152569,0.9867858985152569,0.9867858985152569,0E-17,SENTINEL_DEALER,R03b_20260811_FULL_v1,L1_ELIGIBILITY,v2026-08-11,2026-03-21..2026-08-06,baccarat_bet02_101_all_pairs_incl_sentinel,round_win = game_pnl > 0 (decisive only),COMPATIBILITY_ONLY_NOT_PRODUCTION,17311.0105,15440.3509,168.5069,506,497,-0.00973409,,-0.00973409,-0.00973409,-168.5069,17311.0105,OK,0.0000,6.7403,4.0000,96.0000,AG03-UNRESOLVED,ALL5_LEVELS_bet23_to_bet27,6.7403,6.7403,6.7403,8.4253,23.5910,4.000000,4.000000,4.000000,5.000000,14.000000,96.000000,96.000000,96.000000,95.000000,86.000000,5.0,52.2371,46.7052,116.2697,121.8017,PENDING_AG03,FALSE,NOT_FOR_ENFORCEMENT,161.7666,14822.7368,168.5069,161.7666,6.7403,0.00973409,0.00934472,6.7403,161.7666,0.00934472,6.7403,6.7403,6.7403,8.4253,23.5910,161.7666,0.00934472,52.2371,46.7052,116.2697,121.8017,0.00671652,0.00703608,0.00038936,34.2115,31.0671,0.3390,24.0724,1.0275,2473.0015,71.0000,,34.2115,21.0824,22.009,44.018,68.7781,88.0359,110.0449,22.009,0.0,4.0,5.0,1.554433,20,86,6,6,0E-8,0.00973409,,0E-8,0.000000,0.891938,0.887352,,2026-03-24,2026-04-13,7,164,68,21,0.333333,,,0.000000,,,,,,,,GLOBAL_BASELINE_NO_ENTITY_RANKING,,,NOT_APPLICABLE_GLOBAL_BASELINE,HF9g-P5,,,,X 全窗基线 · 不参与实体赏罚,6875139,688,A168_HF9F_20260827_0900,2026-08-27 09:00:00
2026-04-10,34351174,1004,0,10.5411844075,-10.5411844075,-10.5411844075,0E-7,1,1,0.50665070000000000,0.506650700000,-1.013391052207602,-1.013391052207602,-1.013391052207602,0E-17,ELIGIBLE,R03b_20260811_FULL_v1,L1_ELIGIBILITY,v2026-08-11,2026-03-21..2026-08-06,baccarat_bet02_101_all_pairs_incl_sentinel,round_win = game_pnl > 0 (decisive only),COMPATIBILITY_ONLY_NOT_PRODUCTION,17311.0105,15440.3509,168.5069,506,497,-0.00973409,,-0.00973409,-0.00973409,-168.5069,17311.0105,OK,0.0000,6.7403,4.0000,96.0000,AG03-UNRESOLVED,ALL5_LEVELS_bet23_to_bet27,6.7403,6.7403,6.7403,8.4253,23.5910,4.000000,4.000000,4.000000,5.000000,14.000000,96.000000,96.000000,96.000000,95.000000,86.000000,5.0,52.2371,46.7052,116.2697,121.8017,PENDING_AG03,FALSE,NOT_FOR_ENFORCEMENT,161.7666,14822.7368,168.5069,161.7666,6.7403,0.00973409,0.00934472,6.7403,161.7666,0.00934472,6.7403,6.7403,6.7403,8.4253,23.5910,161.7666,0.00934472,52.2371,46.7052,116.2697,121.8017,0.00671652,0.00703608,0.00038936,34.2115,31.0671,0.3390,24.0724,1.0275,2473.0015,71.0000,,34.2115,21.0824,22.009,44.018,68.7781,88.0359,110.0449,22.009,0.0,4.0,5.0,1.554433,20,86,6,6,0E-8,0.00973409,,0E-8,0.000000,0.891938,0.887352,,2026-03-24,2026-04-13,7,164,68,21,0.333333,,,0.000000,,,,,,,,GLOBAL_BASELINE_NO_ENTITY_RANKING,,,NOT_APPLICABLE_GLOBAL_BASELINE,HF9g-P5,,,,X 全窗基线 · 不参与实体赏罚,6875140,688,A168_HF9F_20260827_0900,2026-08-27 09:00:00
2026-04-10,34351174,1485,0,10.5411844075,10.5411844075,10.5411844075,1.0000000,1,1,0.49324550000000000,0.493245500000,1.01360149184955,1.01360149184955,1.01360149184955,0E-17,ELIGIBLE,R03b_20260811_FULL_v1,L1_ELIGIBILITY,v2026-08-11,2026-03-21..2026-08-06,baccarat_bet02_101_all_pairs_incl_sentinel,round_win = game_pnl > 0 (decisive only),COMPATIBILITY_ONLY_NOT_PRODUCTION,17311.0105,15440.3509,168.5069,506,497,-0.00973409,,-0.00973409,-0.00973409,-168.5069,17311.0105,OK,0.0000,6.7403,4.0000,96.0000,AG03-UNRESOLVED,ALL5_LEVELS_bet23_to_bet27,6.7403,6.7403,6.7403,8.4253,23.5910,4.000000,4.000000,4.000000,5.000000,14.000000,96.000000,96.000000,96.000000,95.000000,86.000000,5.0,52.2371,46.7052,116.2697,121.8017,PENDING_AG03,FALSE,NOT_FOR_ENFORCEMENT,161.7666,14822.7368,168.5069,161.7666,6.7403,0.00973409,0.00934472,6.7403,161.7666,0.00934472,6.7403,6.7403,6.7403,8.4253,23.5910,161.7666,0.00934472,52.2371,46.7052,116.2697,121.8017,0.00671652,0.00703608,0.00038936,34.2115,31.0671,0.3390,24.0724,1.0275,2473.0015,71.0000,,34.2115,21.0824,22.009,44.018,68.7781,88.0359,110.0449,22.009,0.0,4.0,5.0,1.554433,20,86,6,6,0E-8,0.00973409,,0E-8,0.000000,0.891938,0.887352,,2026-03-24,2026-04-13,7,164,68,21,0.333333,,,0.000000,,,,,,,,GLOBAL_BASELINE_NO_ENTITY_RANKING,,,NOT_APPLICABLE_GLOBAL_BASELINE,HF9g-P5,,,,X 全窗基线 · 不参与实体赏罚,6875141,688,A168_HF9F_20260827_0900,2026-08-27 09:00:00
2026-04-10,34351174,1963,0,21.0823688150,-21.0823688150,-21.0823688150,0E-7,1,1,0.50665070000000000,0.506650700000,-1.013391052207602,-1.013391052207602,-1.013391052207602,0E-17,ELIGIBLE,R03b_20260811_FULL_v1,L1_ELIGIBILITY,v2026-08-11,2026-03-21..2026-08-06,baccarat_bet02_101_all_pairs_incl_sentinel,round_win = game_pnl > 0 (decisive only),COMPATIBILITY_ONLY_NOT_PRODUCTION,17311.0105,15440.3509,168.5069,506,497,-0.00973409,,-0.00973409,-0.00973409,-168.5069,17311.0105,OK,0.0000,6.7403,4.0000,96.0000,AG03-UNRESOLVED,ALL5_LEVELS_bet23_to_bet27,6.7403,6.7403,6.7403,8.4253,23.5910,4.000000,4.000000,4.000000,5.000000,14.000000,96.000000,96.000000,96.000000,95.000000,86.000000,5.0,52.2371,46.7052,116.2697,121.8017,PENDING_AG03,FALSE,NOT_FOR_ENFORCEMENT,161.7666,14822.7368,168.5069,161.7666,6.7403,0.00973409,0.00934472,6.7403,161.7666,0.00934472,6.7403,6.7403,6.7403,8.4253,23.5910,161.7666,0.00934472,52.2371,46.7052,116.2697,121.8017,0.00671652,0.00703608,0.00038936,34.2115,31.0671,0.3390,24.0724,1.0275,2473.0015,71.0000,,34.2115,21.0824,22.009,44.018,68.7781,88.0359,110.0449,22.009,0.0,4.0,5.0,1.554433,20,86,6,6,0E-8,0.00973409,,0E-8,0.000000,0.891938,0.887352,,2026-03-24,2026-04-13,7,164,68,21,0.333333,,,0.000000,,,,,,,,GLOBAL_BASELINE_NO_ENTITY_RANKING,,,NOT_APPLICABLE_GLOBAL_BASELINE,HF9g-P5,,,,X 全窗基线 · 不参与实体赏罚,6875142,688,A168_HF9F_20260827_0900,2026-08-27 09:00:00
2026-04-10,34351174,2232,0,21.0823688150,0E-10,0E-10,0.5000000,2,2,0.50665070000000000,0.506650700000,-0.018812684590367487,-0.018812684590367487,-0.018812684590367487,0E-17,ELIGIBLE,R03b_20260811_FULL_v1,L1_ELIGIBILITY,v2026-08-11,2026-03-21..2026-08-06,baccarat_bet02_101_all_pairs_incl_sentinel,round_win = game_pnl > 0 (decisive only),COMPATIBILITY_ONLY_NOT_PRODUCTION,17311.0105,15440.3509,168.5069,506,497,-0.00973409,,-0.00973409,-0.00973409,-168.5069,17311.0105,OK,0.0000,6.7403,4.0000,96.0000,AG03-UNRESOLVED,ALL5_LEVELS_bet23_to_bet27,6.7403,6.7403,6.7403,8.4253,23.5910,4.000000,4.000000,4.000000,5.000000,14.000000,96.000000,96.000000,96.000000,95.000000,86.000000,5.0,52.2371,46.7052,116.2697,121.8017,PENDING_AG03,FALSE,NOT_FOR_ENFORCEMENT,161.7666,14822.7368,168.5069,161.7666,6.7403,0.00973409,0.00934472,6.7403,161.7666,0.00934472,6.7403,6.7403,6.7403,8.4253,23.5910,161.7666,0.00934472,52.2371,46.7052,116.2697,121.8017,0.00671652,0.00703608,0.00038936,34.2115,31.0671,0.3390,24.0724,1.0275,2473.0015,71.0000,,34.2115,21.0824,22.009,44.018,68.7781,88.0359,110.0449,22.009,0.0,4.0,5.0,1.554433,20,86,6,6,0E-8,0.00973409,,0E-8,0.000000,0.891938,0.887352,,2026-03-24,2026-04-13,7,164,68,21,0.333333,,,0.000000,,,,,,,,GLOBAL_BASELINE_NO_ENTITY_RANKING,,,NOT_APPLICABLE_GLOBAL_BASELINE,HF9g-P5,,,,X 全窗基线 · 不参与实体赏罚,6875143,688,A168_HF9F_20260827_0900,2026-08-27 09:00:00
2026-04-10,34351174,2250,0,89.3892437756,-21.9256635676,-21.9256635676,0.3333333,7,6,0.49775461969696970,0.467776158333,-0.8055046312049233,-0.6600047339992718,-0.8055046312049233,0.02997846136396970,ELIGIBLE,R03b_20260811_FULL_v1,L1_ELIGIBILITY,v2026-08-11,2026-03-21..2026-08-06,baccarat_bet02_101_all_pairs_incl_sentinel,round_win = game_pnl > 0 (decisive only),COMPATIBILITY_ONLY_NOT_PRODUCTION,17311.0105,15440.3509,168.5069,506,497,-0.00973409,,-0.00973409,-0.00973409,-168.5069,17311.0105,OK,0.0000,6.7403,4.0000,96.0000,AG03-UNRESOLVED,ALL5_LEVELS_bet23_to_bet27,6.7403,6.7403,6.7403,8.4253,23.5910,4.000000,4.000000,4.000000,5.000000,14.000000,96.000000,96.000000,96.000000,95.000000,86.000000,5.0,52.2371,46.7052,116.2697,121.8017,PENDING_AG03,FALSE,NOT_FOR_ENFORCEMENT,161.7666,14822.7368,168.5069,161.7666,6.7403,0.00973409,0.00934472,6.7403,161.7666,0.00934472,6.7403,6.7403,6.7403,8.4253,23.5910,161.7666,0.00934472,52.2371,46.7052,116.2697,121.8017,0.00671652,0.00703608,0.00038936,34.2115,31.0671,0.3390,24.0724,1.0275,2473.0015,71.0000,,34.2115,21.0824,22.009,44.018,68.7781,88.0359,110.0449,22.009,0.0,4.0,5.0,1.554433,20,86,6,6,0E-8,0.00973409,,0E-8,0.000000,0.891938,0.887352,,2026-03-24,2026-04-13,7,164,68,21,0.333333,,,0.000000,,,,,,,,GLOBAL_BASELINE_NO_ENTITY_RANKING,,,NOT_APPLICABLE_GLOBAL_BASELINE,HF9g-P5,,,,X 全窗基线 · 不参与实体赏罚,6875144,688,A168_HF9F_20260827_0900,2026-08-27 09:00:00
2026-04-10,34351174,2258,0,6.3247106445,6.3247106445,6.3247106445,1.0000000,1,1,0.49324550000000000,0.493245500000,1.01360149184955,1.01360149184955,1.01360149184955,0E-17,ELIGIBLE,R03b_20260811_FULL_v1,L1_ELIGIBILITY,v2026-08-11,2026-03-21..2026-08-06,baccarat_bet02_101_all_pairs_incl_sentinel,round_win = game_pnl > 0 (decisive only),COMPATIBILITY_ONLY_NOT_PRODUCTION,17311.0105,15440.3509,168.5069,506,497,-0.00973409,,-0.00973409,-0.00973409,-168.5069,17311.0105,OK,0.0000,6.7403,4.0000,96.0000,AG03-UNRESOLVED,ALL5_LEVELS_bet23_to_bet27,6.7403,6.7403,6.7403,8.4253,23.5910,4.000000,4.000000,4.000000,5.000000,14.000000,96.000000,96.000000,96.000000,95.000000,86.000000,5.0,52.2371,46.7052,116.2697,121.8017,PENDING_AG03,FALSE,NOT_FOR_ENFORCEMENT,161.7666,14822.7368,168.5069,161.7666,6.7403,0.00973409,0.00934472,6.7403,161.7666,0.00934472,6.7403,6.7403,6.7403,8.4253,23.5910,161.7666,0.00934472,52.2371,46.7052,116.2697,121.8017,0.00671652,0.00703608,0.00038936,34.2115,31.0671,0.3390,24.0724,1.0275,2473.0015,71.0000,,34.2115,21.0824,22.009,44.018,68.7781,88.0359,110.0449,22.009,0.0,4.0,5.0,1.554433,20,86,6,6,0E-8,0.00973409,,0E-8,0.000000,0.891938,0.887352,,2026-03-24,2026-04-13,7,164,68,21,0.333333,,,0.000000,,,,,,,,GLOBAL_BASELINE_NO_ENTITY_RANKING,,,NOT_APPLICABLE_GLOBAL_BASELINE,HF9g-P5,,,,X 全窗基线 · 不参与实体赏罚,6875145,688,A168_HF9F_20260827_0900,2026-08-27 09:00:00
2026-04-10,34351174,925,0,10.5411844075,10.5411844075,10.5411844075,1.0000000,1,1,0.49324550000000000,0.493245500000,1.01360149184955,1.01360149184955,1.01360149184955,0E-17,ELIGIBLE,R03b_20260811_FULL_v1,L1_ELIGIBILITY,v2026-08-11,2026-03-21..2026-08-06,baccarat_bet02_101_all_pairs_incl_sentinel,round_win = game_pnl > 0 (decisive only),COMPATIBILITY_ONLY_NOT_PRODUCTION,17311.0105,15440.3509,168.5069,506,497,-0.00973409,,-0.00973409,-0.00973409,-168.5069,17311.0105,OK,0.0000,6.7403,4.0000,96.0000,AG03-UNRESOLVED,ALL5_LEVELS_bet23_to_bet27,6.7403,6.7403,6.7403,8.4253,23.5910,4.000000,4.000000,4.000000,5.000000,14.000000,96.000000,96.000000,96.000000,95.000000,86.000000,5.0,52.2371,46.7052,116.2697,121.8017,PENDING_AG03,FALSE,NOT_FOR_ENFORCEMENT,161.7666,14822.7368,168.5069,161.7666,6.7403,0.00973409,0.00934472,6.7403,161.7666,0.00934472,6.7403,6.7403,6.7403,8.4253,23.5910,161.7666,0.00934472,52.2371,46.7052,116.2697,121.8017,0.00671652,0.00703608,0.00038936,34.2115,31.0671,0.3390,24.0724,1.0275,2473.0015,71.0000,,34.2115,21.0824,22.009,44.018,68.7781,88.0359,110.0449,22.009,0.0,4.0,5.0,1.554433,20,86,6,6,0E-8,0.00973409,,0E-8,0.000000,0.891938,0.887352,,2026-03-24,2026-04-13,7,164,68,21,0.333333,,,0.000000,,,,,,,,GLOBAL_BASELINE_NO_ENTITY_RANKING,,,NOT_APPLICABLE_GLOBAL_BASELINE,HF9g-P5,,,,X 全窗基线 · 不参与实体赏罚,6875146,688,A168_HF9F_20260827_0900,2026-08-27 09:00:00
2026-04-13,34351174,2244,0,2.7407079459,-2.7407079459,-2.7407079459,0E-7,1,1,0.50665070000000000,0.506650700000,-1.013391052207602,-1.013391052207602,-1.013391052207602,0E-17,ELIGIBLE,R03b_20260811_FULL_v1,L1_ELIGIBILITY,v2026-08-11,2026-03-21..2026-08-06,baccarat_bet02_101_all_pairs_incl_sentinel,round_win = game_pnl > 0 (decisive only),COMPATIBILITY_ONLY_NOT_PRODUCTION,17311.0105,15440.3509,168.5069,506,497,-0.00973409,,-0.00973409,-0.00973409,-168.5069,17311.0105,OK,0.0000,6.7403,4.0000,96.0000,AG03-UNRESOLVED,ALL5_LEVELS_bet23_to_bet27,6.7403,6.7403,6.7403,8.4253,23.5910,4.000000,4.000000,4.000000,5.000000,14.000000,96.000000,96.000000,96.000000,95.000000,86.000000,5.0,52.2371,46.7052,116.2697,121.8017,PENDING_AG03,FALSE,NOT_FOR_ENFORCEMENT,161.7666,14822.7368,168.5069,161.7666,6.7403,0.00973409,0.00934472,6.7403,161.7666,0.00934472,6.7403,6.7403,6.7403,8.4253,23.5910,161.7666,0.00934472,52.2371,46.7052,116.2697,121.8017,0.00671652,0.00703608,0.00038936,34.2115,31.0671,0.3390,24.0724,1.0275,2473.0015,71.0000,,34.2115,21.0824,22.009,44.018,68.7781,88.0359,110.0449,22.009,0.0,4.0,5.0,1.554433,20,86,6,6,0E-8,0.00973409,,0E-8,0.000000,0.891938,0.887352,,2026-03-24,2026-04-13,7,164,68,21,0.333333,,,0.000000,,,,,,,,GLOBAL_BASELINE_NO_ENTITY_RANKING,,,NOT_APPLICABLE_GLOBAL_BASELINE,HF9g-P5,,,,X 全窗基线 · 不参与实体赏罚,6875147,688,A168_HF9F_20260827_0900,2026-08-27 09:00:00
2026-05-09,149790332,1318,0,77.8371646515,-77.8371646515,-77.8371646515,0E-7,3,3,0.49771390000000000,0.497713900000,-1.724149546644903,-1.724149546644903,-1.724149546644903,0E-17,ELIGIBLE,R03b_20260811_FULL_v1,L1_ELIGIBILITY,v2026-08-11,2026-03-21..2026-08-06,baccarat_bet02_101_all_pairs_incl_sentinel,round_win = game_pnl > 0 (decisive only),COMPATIBILITY_ONLY_NOT_PRODUCTION,296.0407,270.0950,168.5175,13,13,-0.56923751,,-0.56923751,-0.56923751,-168.5175,296.0407,THIN_EXPOSURE,0.0000,6.7407,4.0000,96.0000,AG03-UNRESOLVED,ALL5_LEVELS_bet23_to_bet27,6.7407,6.7407,8.4259,8.4259,8.4259,4.000000,4.000000,5.000000,5.000000,5.000000,96.000000,96.000000,95.000000,95.000000,95.000000,5.0,38.7590,35.3622,129.7584,133.1552,PENDING_AG03,FALSE,NOT_FOR_ENFORCEMENT,161.7768,259.2912,168.5175,161.7768,6.7407,0.56923751,0.54646801,6.7407,161.7768,0.54646801,6.7407,6.7407,8.4259,8.4259,8.4259,161.7768,0.54646801,38.7590,35.3622,129.7584,133.1552,0.43831288,0.44978689,0.02276950,22.7724,20.7765,12.9629,168.5175,56.1725,296.0407,13.0000,,22.7724,21.535,25.9457,25.9457,25.9457,25.9457,25.9457,25.9457,-25.9457,1.0,1.0,0.877692,3,5,1,2,0E-8,0.56923751,,0E-8,0.000000,0.912358,0.000000,,2026-05-09,2026-05-09,1,3,3,1,1.000000,,,0.000000,,,,,,,,GLOBAL_BASELINE_NO_ENTITY_RANKING,,,NOT_APPLICABLE_GLOBAL_BASELINE,HF9g-P5,,,,X 全窗基线 · 不参与实体赏罚,6875148,688,A168_HF9F_20260827_0900,2026-08-27 09:00:00
2026-05-09,149790332,2142,0,24.3889782575,-24.3889782575,-24.3889782575,0E-7,1,1,0.50665070000000000,0.506650700000,-1.013391052207602,-1.013391052207602,-1.013391052207602,0E-17,ELIGIBLE,R03b_20260811_FULL_v1,L1_ELIGIBILITY,v2026-08-11,2026-03-21..2026-08-06,baccarat_bet02_101_all_pairs_incl_sentinel,round_win = game_pnl > 0 (decisive only),COMPATIBILITY_ONLY_NOT_PRODUCTION,296.0407,270.0950,168.5175,13,13,-0.56923751,,-0.56923751,-0.56923751,-168.5175,296.0407,THIN_EXPOSURE,0.0000,6.7407,4.0000,96.0000,AG03-UNRESOLVED,ALL5_LEVELS_bet23_to_bet27,6.7407,6.7407,8.4259,8.4259,8.4259,4.000000,4.000000,5.000000,5.000000,5.000000,96.000000,96.000000,95.000000,95.000000,95.000000,5.0,38.7590,35.3622,129.7584,133.1552,PENDING_AG03,FALSE,NOT_FOR_ENFORCEMENT,161.7768,259.2912,168.5175,161.7768,6.7407,0.56923751,0.54646801,6.7407,161.7768,0.54646801,6.7407,6.7407,8.4259,8.4259,8.4259,161.7768,0.54646801,38.7590,35.3622,129.7584,133.1552,0.43831288,0.44978689,0.02276950,22.7724,20.7765,12.9629,168.5175,56.1725,296.0407,13.0000,,22.7724,21.535,25.9457,25.9457,25.9457,25.9457,25.9457,25.9457,-25.9457,1.0,1.0,0.877692,3,5,1,2,0E-8,0.56923751,,0E-8,0.000000,0.912358,0.000000,,2026-05-09,2026-05-09,1,3,3,1,1.000000,,,0.000000,,,,,,,,GLOBAL_BASELINE_NO_ENTITY_RANKING,,,NOT_APPLICABLE_GLOBAL_BASELINE,HF9g-P5,,,,X 全窗基线 · 不参与实体赏罚,6875149,688,A168_HF9F_20260827_0900,2026-08-27 09:00:00
2026-05-09,149790332,2175,0,38.9185823258,-13.6215038140,-13.6215038140,0.5000000,2,2,0.49994810000000000,0.499948100000,0.00014679536856514622,0.00014679536856514622,0.00014679536856514622,0E-17,ELIGIBLE,R03b_20260811_FULL_v1,L1_ELIGIBILITY,v2026-08-11,2026-03-21..2026-08-06,baccarat_bet02_101_all_pairs_incl_sentinel,round_win = game_pnl > 0 (decisive only),COMPATIBILITY_ONLY_NOT_PRODUCTION,296.0407,270.0950,168.5175,13,13,-0.56923751,,-0.56923751,-0.56923751,-168.5175,296.0407,THIN_EXPOSURE,0.0000,6.7407,4.0000,96.0000,AG03-UNRESOLVED,ALL5_LEVELS_bet23_to_bet27,6.7407,6.7407,8.4259,8.4259,8.4259,4.000000,4.000000,5.000000,5.000000,5.000000,96.000000,96.000000,95.000000,95.000000,95.000000,5.0,38.7590,35.3622,129.7584,133.1552,PENDING_AG03,FALSE,NOT_FOR_ENFORCEMENT,161.7768,259.2912,168.5175,161.7768,6.7407,0.56923751,0.54646801,6.7407,161.7768,0.54646801,6.7407,6.7407,8.4259,8.4259,8.4259,161.7768,0.54646801,38.7590,35.3622,129.7584,133.1552,0.43831288,0.44978689,0.02276950,22.7724,20.7765,12.9629,168.5175,56.1725,296.0407,13.0000,,22.7724,21.535,25.9457,25.9457,25.9457,25.9457,25.9457,25.9457,-25.9457,1.0,1.0,0.877692,3,5,1,2,0E-8,0.56923751,,0E-8,0.000000,0.912358,0.000000,,2026-05-09,2026-05-09,1,3,3,1,1.000000,,,0.000000,,,,,,,,GLOBAL_BASELINE_NO_ENTITY_RANKING,,,NOT_APPLICABLE_GLOBAL_BASELINE,HF9g-P5,,,,X 全窗基线 · 不参与实体赏罚,6875150,688,A168_HF9F_20260827_0900,2026-08-27 09:00:00
2026-05-09,149790332,2241,0,25.1673499040,-0.7783716466,-0.7783716466,0.5000000,2,2,0.49324550000000000,0.493245500000,0.01910635448239258,0.01910635448239258,0.01910635448239258,0E-17,ELIGIBLE,R03b_20260811_FULL_v1,L1_ELIGIBILITY,v2026-08-11,2026-03-21..2026-08-06,baccarat_bet02_101_all_pairs_incl_sentinel,round_win = game_pnl > 0 (decisive only),COMPATIBILITY_ONLY_NOT_PRODUCTION,296.0407,270.0950,168.5175,13,13,-0.56923751,,-0.56923751,-0.56923751,-168.5175,296.0407,THIN_EXPOSURE,0.0000,6.7407,4.0000,96.0000,AG03-UNRESOLVED,ALL5_LEVELS_bet23_to_bet27,6.7407,6.7407,8.4259,8.4259,8.4259,4.000000,4.000000,5.000000,5.000000,5.000000,96.000000,96.000000,95.000000,95.000000,95.000000,5.0,38.7590,35.3622,129.7584,133.1552,PENDING_AG03,FALSE,NOT_FOR_ENFORCEMENT,161.7768,259.2912,168.5175,161.7768,6.7407,0.56923751,0.54646801,6.7407,161.7768,0.54646801,6.7407,6.7407,8.4259,8.4259,8.4259,161.7768,0.54646801,38.7590,35.3622,129.7584,133.1552,0.43831288,0.44978689,0.02276950,22.7724,20.7765,12.9629,168.5175,56.1725,296.0407,13.0000,,22.7724,21.535,25.9457,25.9457,25.9457,25.9457,25.9457,25.9457,-25.9457,1.0,1.0,0.877692,3,5,1,2,0E-8,0.56923751,,0E-8,0.000000,0.912358,0.000000,,2026-05-09,2026-05-09,1,3,3,1,1.000000,,,0.000000,,,,,,,,GLOBAL_BASELINE_NO_ENTITY_RANKING,,,NOT_APPLICABLE_GLOBAL_BASELINE,HF9g-P5,,,,X 全窗基线 · 不参与实体赏罚,6875151,688,A168_HF9F_20260827_0900,2026-08-27 09:00:00
2026-05-09,149790332,994,0,129.7286077525,-51.8914431010,-51.8914431010,0.2500000,5,5,0.49860758000000000,0.498607580000,-0.9944341760919779,-0.9944341760919779,-0.9944341760919779,0E-17,ELIGIBLE,R03b_20260811_FULL_v1,L1_ELIGIBILITY,v2026-08-11,2026-03-21..2026-08-06,baccarat_bet02_101_all_pairs_incl_sentinel,round_win = game_pnl > 0 (decisive only),COMPATIBILITY_ONLY_NOT_PRODUCTION,296.0407,270.0950,168.5175,13,13,-0.56923751,,-0.56923751,-0.56923751,-168.5175,296.0407,THIN_EXPOSURE,0.0000,6.7407,4.0000,96.0000,AG03-UNRESOLVED,ALL5_LEVELS_bet23_to_bet27,6.7407,6.7407,8.4259,8.4259,8.4259,4.000000,4.000000,5.000000,5.000000,5.000000,96.000000,96.000000,95.000000,95.000000,95.000000,5.0,38.7590,35.3622,129.7584,133.1552,PENDING_AG03,FALSE,NOT_FOR_ENFORCEMENT,161.7768,259.2912,168.5175,161.7768,6.7407,0.56923751,0.54646801,6.7407,161.7768,0.54646801,6.7407,6.7407,8.4259,8.4259,8.4259,161.7768,0.54646801,38.7590,35.3622,129.7584,133.1552,0.43831288,0.44978689,0.02276950,22.7724,20.7765,12.9629,168.5175,56.1725,296.0407,13.0000,,22.7724,21.535,25.9457,25.9457,25.9457,25.9457,25.9457,25.9457,-25.9457,1.0,1.0,0.877692,3,5,1,2,0E-8,0.56923751,,0E-8,0.000000,0.912358,0.000000,,2026-05-09,2026-05-09,1,3,3,1,1.000000,,,0.000000,,,,,,,,GLOBAL_BASELINE_NO_ENTITY_RANKING,,,NOT_APPLICABLE_GLOBAL_BASELINE,HF9g-P5,,,,X 全窗基线 · 不参与实体赏罚,6875152,688,A168_HF9F_20260827_0900,2026-08-27 09:00:00
2026-03-28,147917470,1307,0,215.9201622036,42.1307633568,42.1307633568,0.6666667,5,4,0.49728597500000000,0.455144712500,0.5867605717159143,0.7356999755936141,0.5867605717159143,0.04214126250000000,ELIGIBLE,R03b_20260811_FULL_v1,L1_ELIGIBILITY,v2026-08-11,2026-03-21..2026-08-06,baccarat_bet02_101_all_pairs_incl_sentinel,round_win = game_pnl > 0 (decisive only),COMPATIBILITY_ONLY_NOT_PRODUCTION,426.5740,373.9105,168.5231,7,6,-0.39506173,,-0.39506173,-0.39506173,-168.5231,426.5740,THIN_EXPOSURE,0.0000,6.7409,4.0000,96.0000,AG03-UNRESOLVED,ALL5_LEVELS_bet23_to_bet27,6.7409,6.7409,6.7409,6.7409,6.7409,4.000000,4.000000,4.000000,4.000000,4.000000,96.000000,96.000000,96.000000,96.000000,96.000000,5.0,33.7046,31.114,134.8184,137.4091,PENDING_AG03,FALSE,NOT_FOR_ENFORCEMENT,161.7821,358.9541,168.5231,161.7821,6.7409,0.39506173,0.37925926,6.7409,161.7821,0.37925926,6.7409,6.7409,6.7409,6.7409,6.7409,161.7821,0.37925926,33.7046,31.114,134.8184,137.4091,0.31604938,0.32212255,0.01580247,60.9391,62.3184,28.0872,168.5231,168.5231,426.5740,6.0000,,60.9391,52.6635,52.6635,72.4122,121.1259,131.6586,131.6586,52.6635,-5.2663,2.5,2.5,1.157143,1,2,1,2,0E-8,0.39506173,,0E-8,0.000000,0.876543,0.000000,,2026-03-28,2026-03-28,1,1,1,1,1.000000,,,0.000000,,,,,,,,GLOBAL_BASELINE_NO_ENTITY_RANKING,,,NOT_APPLICABLE_GLOBAL_BASELINE,HF9g-P5,,,,X 全窗基线 · 不参与实体赏罚,6875153,688,A168_HF9F_20260827_0900,2026-08-27 09:00:00
2026-03-28,147917470,1994,0,210.6538167838,-210.6538167838,-210.6538167838,0E-7,2,2,0.50665070000000000,0.506650700000,-1.4331513700195317,-1.4331513700195317,-1.4331513700195317,0E-17,ELIGIBLE,R03b_20260811_FULL_v1,L1_ELIGIBILITY,v2026-08-11,2026-03-21..2026-08-06,baccarat_bet02_101_all_pairs_incl_sentinel,round_win = game_pnl > 0 (decisive only),COMPATIBILITY_ONLY_NOT_PRODUCTION,426.5740,373.9105,168.5231,7,6,-0.39506173,,-0.39506173,-0.39506173,-168.5231,426.5740,THIN_EXPOSURE,0.0000,6.7409,4.0000,96.0000,AG03-UNRESOLVED,ALL5_LEVELS_bet23_to_bet27,6.7409,6.7409,6.7409,6.7409,6.7409,4.000000,4.000000,4.000000,4.000000,4.000000,96.000000,96.000000,96.000000,96.000000,96.000000,5.0,33.7046,31.114,134.8184,137.4091,PENDING_AG03,FALSE,NOT_FOR_ENFORCEMENT,161.7821,358.9541,168.5231,161.7821,6.7409,0.39506173,0.37925926,6.7409,161.7821,0.37925926,6.7409,6.7409,6.7409,6.7409,6.7409,161.7821,0.37925926,33.7046,31.114,134.8184,137.4091,0.31604938,0.32212255,0.01580247,60.9391,62.3184,28.0872,168.5231,168.5231,426.5740,6.0000,,60.9391,52.6635,52.6635,72.4122,121.1259,131.6586,131.6586,52.6635,-5.2663,2.5,2.5,1.157143,1,2,1,2,0E-8,0.39506173,,0E-8,0.000000,0.876543,0.000000,,2026-03-28,2026-03-28,1,1,1,1,1.000000,,,0.000000,,,,,,,,GLOBAL_BASELINE_NO_ENTITY_RANKING,,,NOT_APPLICABLE_GLOBAL_BASELINE,HF9g-P5,,,,X 全窗基线 · 不参与实体赏罚,6875154,688,A168_HF9F_20260827_0900,2026-08-27 09:00:00
2026-03-30,114824398,1307,0,105.3269083919,-105.3269083919,-105.3269083919,0E-7,1,1,0.49324550000000000,0.493245500000,-0.9865810262130424,-0.9865810262130424,-0.9865810262130424,0E-17,ELIGIBLE,R03b_20260811_FULL_v1,L1_ELIGIBILITY,v2026-08-11,2026-03-21..2026-08-06,baccarat_bet02_101_all_pairs_incl_sentinel,round_win = game_pnl > 0 (decisive only),COMPATIBILITY_ONLY_NOT_PRODUCTION,168.5231,168.5231,168.5231,2,2,-1.00000000,,-1.00000000,-1.00000000,-168.5231,168.5231,THIN_EXPOSURE,0.0000,6.7409,4.0000,96.0000,AG03-UNRESOLVED,ALL5_LEVELS_bet23_to_bet27,6.7409,6.7409,8.4262,0.0000,0.0000,4.000000,4.000000,5.000000,0.000000,0.000000,96.000000,96.000000,95.000000,100.000000,100.000000,5.0,21.9080,20.9777,146.6151,147.5453,PENDING_AG03,FALSE,NOT_FOR_ENFORCEMENT,161.7821,161.7821,168.5231,161.7821,6.7409,1.00000000,0.96000000,6.7409,161.7821,0.96000000,6.7409,6.7409,8.4262,0.0000,0.0000,161.7821,0.96000000,21.9080,20.9777,146.6151,147.5453,0.87000000,0.87552,0.04000000,84.2615,84.2615,84.2615,168.5231,84.2615,168.5231,2.0000,,84.2615,63.1961,84.2615,105.3269,105.3269,105.3269,105.3269,84.2615,-84.2615,1.25,1.25,1.0,2,2,1,1,0E-8,1.00000000,,0E-8,0.000000,1.000000,0.000000,,2026-03-30,2026-03-30,1,2,2,1,1.000000,,,0.000000,,,,,,,,GLOBAL_BASELINE_NO_ENTITY_RANKING,,,NOT_APPLICABLE_GLOBAL_BASELINE,HF9g-P5,,,,X 全窗基线 · 不参与实体赏罚,6875155,688,A168_HF9F_20260827_0900,2026-08-27 09:00:00
2026-03-30,114824398,2167,0,63.1961450352,-63.1961450352,-63.1961450352,0E-7,1,1,0.49324550000000000,0.493245500000,-0.9865810262130424,-0.9865810262130424,-0.9865810262130424,0E-17,ELIGIBLE,R03b_20260811_FULL_v1,L1_ELIGIBILITY,v2026-08-11,2026-03-21..2026-08-06,baccarat_bet02_101_all_pairs_incl_sentinel,round_win = game_pnl > 0 (decisive only),COMPATIBILITY_ONLY_NOT_PRODUCTION,168.5231,168.5231,168.5231,2,2,-1.00000000,,-1.00000000,-1.00000000,-168.5231,168.5231,THIN_EXPOSURE,0.0000,6.7409,4.0000,96.0000,AG03-UNRESOLVED,ALL5_LEVELS_bet23_to_bet27,6.7409,6.7409,8.4262,0.0000,0.0000,4.000000,4.000000,5.000000,0.000000,0.000000,96.000000,96.000000,95.000000,100.000000,100.000000,5.0,21.9080,20.9777,146.6151,147.5453,PENDING_AG03,FALSE,NOT_FOR_ENFORCEMENT,161.7821,161.7821,168.5231,161.7821,6.7409,1.00000000,0.96000000,6.7409,161.7821,0.96000000,6.7409,6.7409,8.4262,0.0000,0.0000,161.7821,0.96000000,21.9080,20.9777,146.6151,147.5453,0.87000000,0.87552,0.04000000,84.2615,84.2615,84.2615,168.5231,84.2615,168.5231,2.0000,,84.2615,63.1961,84.2615,105.3269,105.3269,105.3269,105.3269,84.2615,-84.2615,1.25,1.25,1.0,2,2,1,1,0E-8,1.00000000,,0E-8,0.000000,1.000000,0.000000,,2026-03-30,2026-03-30,1,2,2,1,1.000000,,,0.000000,,,,,,,,GLOBAL_BASELINE_NO_ENTITY_RANKING,,,NOT_APPLICABLE_GLOBAL_BASELINE,HF9g-P5,,,,X 全窗基线 · 不参与实体赏罚,6875156,688,A168_HF9F_20260827_0900,2026-08-27 09:00:00
2026-03-23,102896674,-1,1,0.8803591865,-0.8803591865,-0.8803591865,0E-7,1,1,0.50665070000000000,0.506650700000,-1.013391052207602,-1.013391052207602,-1.013391052207602,0E-17,SENTINEL_DEALER,R03b_20260811_FULL_v1,L1_ELIGIBILITY,v2026-08-11,2026-03-21..2026-08-06,baccarat_bet02_101_all_pairs_incl_sentinel,round_win = game_pnl > 0 (decisive only),COMPATIBILITY_ONLY_NOT_PRODUCTION,1235.4200,1106.3936,168.5298,377,90,-0.13641500,,-0.13641500,-0.13641500,-168.5298,1235.4200,OK,0.0000,6.7412,4.0000,96.0000,AG03-UNRESOLVED,ALL5_LEVELS_bet23_to_bet27,6.7412,6.7412,6.7412,8.4265,8.4265,4.000000,4.000000,4.000000,5.000000,5.000000,96.000000,96.000000,96.000000,95.000000,95.000000,5.0,37.0766,33.9631,131.4533,134.5667,PENDING_AG03,FALSE,NOT_FOR_ENFORCEMENT,161.7886,1062.1379,168.5298,161.7886,6.7412,0.13641500,0.13095840,6.7412,161.7886,0.13095840,6.7412,6.7412,6.7412,8.4265,8.4265,161.7886,0.13095840,37.0766,33.9631,131.4533,134.5667,0.10640370,0.10892386,0.00545660,3.2770,12.2933,1.8726,12.0378,6.0189,88.2443,6.4286,,3.2770,1.0503,1.4704,2.1006,8.1924,14.7043,30.291,1.2604,-1.0503,10.0,20.600061,2.228578,10,25,20,8,0E-8,0.13641500,,0E-8,0.000000,0.895561,0.000000,,2026-03-23,2026-06-26,14,28,22,96,0.145833,,,0.000000,,,,,,,,GLOBAL_BASELINE_NO_ENTITY_RANKING,,,NOT_APPLICABLE_GLOBAL_BASELINE,HF9g-P5,,,,X 全窗基线 · 不参与实体赏罚,6875157,688,A168_HF9F_20260827_0900,2026-08-27 09:00:00
2026-03-23,102896674,1129,0,2.6410775596,-1.3205387798,-1.3205387798,0E-7,3,2,0.47579782143257666,0.398665625000,-1.3473387847760765,-1.1514931996934334,-1.3473387847760765,0.07713219643257666,ELIGIBLE,R03b_20260811_FULL_v1,L1_ELIGIBILITY,v2026-08-11,2026-03-21..2026-08-06,baccarat_bet02_101_all_pairs_incl_sentinel,round_win = game_pnl > 0 (decisive only),COMPATIBILITY_ONLY_NOT_PRODUCTION,1235.4200,1106.3936,168.5298,377,90,-0.13641500,,-0.13641500,-0.13641500,-168.5298,1235.4200,OK,0.0000,6.7412,4.0000,96.0000,AG03-UNRESOLVED,ALL5_LEVELS_bet23_to_bet27,6.7412,6.7412,6.7412,8.4265,8.4265,4.000000,4.000000,4.000000,5.000000,5.000000,96.000000,96.000000,96.000000,95.000000,95.000000,5.0,37.0766,33.9631,131.4533,134.5667,PENDING_AG03,FALSE,NOT_FOR_ENFORCEMENT,161.7886,1062.1379,168.5298,161.7886,6.7412,0.13641500,0.13095840,6.7412,161.7886,0.13095840,6.7412,6.7412,6.7412,8.4265,8.4265,161.7886,0.13095840,37.0766,33.9631,131.4533,134.5667,0.10640370,0.10892386,0.00545660,3.2770,12.2933,1.8726,12.0378,6.0189,88.2443,6.4286,,3.2770,1.0503,1.4704,2.1006,8.1924,14.7043,30.291,1.2604,-1.0503,10.0,20.600061,2.228578,10,25,20,8,0E-8,0.13641500,,0E-8,0.000000,0.895561,0.000000,,2026-03-23,2026-06-26,14,28,22,96,0.145833,,,0.000000,,,,,,,,GLOBAL_BASELINE_NO_ENTITY_RANKING,,,NOT_APPLICABLE_GLOBAL_BASELINE,HF9g-P5,,,,X 全窗基线 · 不参与实体赏罚,6875158,688,A168_HF9F_20260827_0900,2026-08-27 09:00:00
2026-03-23,102896674,2174,0,1.3205387798,1.3205387798,1.3205387798,1.0000000,1,1,0.49324550000000000,0.493245500000,1.01360149184955,1.01360149184955,1.01360149184955,0E-17,ELIGIBLE,R03b_20260811_FULL_v1,L1_ELIGIBILITY,v2026-08-11,2026-03-21..2026-08-06,baccarat_bet02_101_all_pairs_incl_sentinel,round_win = game_pnl > 0 (decisive only),COMPATIBILITY_ONLY_NOT_PRODUCTION,1235.4200,1106.3936,168.5298,377,90,-0.13641500,,-0.13641500,-0.13641500,-168.5298,1235.4200,OK,0.0000,6.7412,4.0000,96.0000,AG03-UNRESOLVED,ALL5_LEVELS_bet23_to_bet27,6.7412,6.7412,6.7412,8.4265,8.4265,4.000000,4.000000,4.000000,5.000000,5.000000,96.000000,96.000000,96.000000,95.000000,95.000000,5.0,37.0766,33.9631,131.4533,134.5667,PENDING_AG03,FALSE,NOT_FOR_ENFORCEMENT,161.7886,1062.1379,168.5298,161.7886,6.7412,0.13641500,0.13095840,6.7412,161.7886,0.13095840,6.7412,6.7412,6.7412,8.4265,8.4265,161.7886,0.13095840,37.0766,33.9631,131.4533,134.5667,0.10640370,0.10892386,0.00545660,3.2770,12.2933,1.8726,12.0378,6.0189,88.2443,6.4286,,3.2770,1.0503,1.4704,2.1006,8.1924,14.7043,30.291,1.2604,-1.0503,10.0,20.600061,2.228578,10,25,20,8,0E-8,0.13641500,,0E-8,0.000000,0.895561,0.000000,,2026-03-23,2026-06-26,14,28,22,96,0.145833,,,0.000000,,,,,,,,GLOBAL_BASELINE_NO_ENTITY_RANKING,,,NOT_APPLICABLE_GLOBAL_BASELINE,HF9g-P5,,,,X 全窗基线 · 不参与实体赏罚,6875159,688,A168_HF9F_20260827_0900,2026-08-27 09:00:00
2026-03-23,102896674,2212,0,0.6602693899,0.6602693899,0.6602693899,1.0000000,1,1,0.49324550000000000,0.493245500000,1.01360149184955,1.01360149184955,1.01360149184955,0E-17,ELIGIBLE,R03b_20260811_FULL_v1,L1_ELIGIBILITY,v2026-08-11,2026-03-21..2026-08-06,baccarat_bet02_101_all_pairs_incl_sentinel,round_win = game_pnl > 0 (decisive only),COMPATIBILITY_ONLY_NOT_PRODUCTION,1235.4200,1106.3936,168.5298,377,90,-0.13641500,,-0.13641500,-0.13641500,-168.5298,1235.4200,OK,0.0000,6.7412,4.0000,96.0000,AG03-UNRESOLVED,ALL5_LEVELS_bet23_to_bet27,6.7412,6.7412,6.7412,8.4265,8.4265,4.000000,4.000000,4.000000,5.000000,5.000000,96.000000,96.000000,96.000000,95.000000,95.000000,5.0,37.0766,33.9631,131.4533,134.5667,PENDING_AG03,FALSE,NOT_FOR_ENFORCEMENT,161.7886,1062.1379,168.5298,161.7886,6.7412,0.13641500,0.13095840,6.7412,161.7886,0.13095840,6.7412,6.7412,6.7412,8.4265,8.4265,161.7886,0.13095840,37.0766,33.9631,131.4533,134.5667,0.10640370,0.10892386,0.00545660,3.2770,12.2933,1.8726,12.0378,6.0189,88.2443,6.4286,,3.2770,1.0503,1.4704,2.1006,8.1924,14.7043,30.291,1.2604,-1.0503,10.0,20.600061,2.228578,10,25,20,8,0E-8,0.13641500,,0E-8,0.000000,0.895561,0.000000,,2026-03-23,2026-06-26,14,28,22,96,0.145833,,,0.000000,,,,,,,,GLOBAL_BASELINE_NO_ENTITY_RANKING,,,NOT_APPLICABLE_GLOBAL_BASELINE,HF9g-P5,,,,X 全窗基线 · 不参与实体赏罚,6875160,688,A168_HF9F_20260827_0900,2026-08-27 09:00:00
2026-03-23,102896674,2248,0,3.0812571529,-0.9353816357,-0.9353816357,0.5000000,4,2,0.45865599445171341,0.362666583334,0.11734034075933496,0.4039746443177596,0.11734034075933496,0.09598941111771341,ELIGIBLE,R03b_20260811_FULL_v1,L1_ELIGIBILITY,v2026-08-11,2026-03-21..2026-08-06,baccarat_bet02_101_all_pairs_incl_sentinel,round_win = game_pnl > 0 (decisive only),COMPATIBILITY_ONLY_NOT_PRODUCTION,1235.4200,1106.3936,168.5298,377,90,-0.13641500,,-0.13641500,-0.13641500,-168.5298,1235.4200,OK,0.0000,6.7412,4.0000,96.0000,AG03-UNRESOLVED,ALL5_LEVELS_bet23_to_bet27,6.7412,6.7412,6.7412,8.4265,8.4265,4.000000,4.000000,4.000000,5.000000,5.000000,96.000000,96.000000,96.000000,95.000000,95.000000,5.0,37.0766,33.9631,131.4533,134.5667,PENDING_AG03,FALSE,NOT_FOR_ENFORCEMENT,161.7886,1062.1379,168.5298,161.7886,6.7412,0.13641500,0.13095840,6.7412,161.7886,0.13095840,6.7412,6.7412,6.7412,8.4265,8.4265,161.7886,0.13095840,37.0766,33.9631,131.4533,134.5667,0.10640370,0.10892386,0.00545660,3.2770,12.2933,1.8726,12.0378,6.0189,88.2443,6.4286,,3.2770,1.0503,1.4704,2.1006,8.1924,14.7043,30.291,1.2604,-1.0503,10.0,20.600061,2.228578,10,25,20,8,0E-8,0.13641500,,0E-8,0.000000,0.895561,0.000000,,2026-03-23,2026-06-26,14,28,22,96,0.145833,,,0.000000,,,,,,,,GLOBAL_BASELINE_NO_ENTITY_RANKING,,,NOT_APPLICABLE_GLOBAL_BASELINE,HF9g-P5,,,,X 全窗基线 · 不参与实体赏罚,6875161,688,A168_HF9F_20260827_0900,2026-08-27 09:00:00
2026-03-26,102896674,2266,0,2.2008979663,0.8803591867,0.8803591867,1.0000000,4,1,0.36837027001702149,0.181057425000,1.3094502277683893,2.1267603503971926,1.3094502277683893,0.18731284501702149,ELIGIBLE,R03b_20260811_FULL_v1,L1_ELIGIBILITY,v2026-08-11,2026-03-21..2026-08-06,baccarat_bet02_101_all_pairs_incl_sentinel,round_win = game_pnl > 0 (decisive only),COMPATIBILITY_ONLY_NOT_PRODUCTION,1235.4200,1106.3936,168.5298,377,90,-0.13641500,,-0.13641500,-0.13641500,-168.5298,1235.4200,OK,0.0000,6.7412,4.0000,96.0000,AG03-UNRESOLVED,ALL5_LEVELS_bet23_to_bet27,6.7412,6.7412,6.7412,8.4265,8.4265,4.000000,4.000000,4.000000,5.000000,5.000000,96.000000,96.000000,96.000000,95.000000,95.000000,5.0,37.0766,33.9631,131.4533,134.5667,PENDING_AG03,FALSE,NOT_FOR_ENFORCEMENT,161.7886,1062.1379,168.5298,161.7886,6.7412,0.13641500,0.13095840,6.7412,161.7886,0.13095840,6.7412,6.7412,6.7412,8.4265,8.4265,161.7886,0.13095840,37.0766,33.9631,131.4533,134.5667,0.10640370,0.10892386,0.00545660,3.2770,12.2933,1.8726,12.0378,6.0189,88.2443,6.4286,,3.2770,1.0503,1.4704,2.1006,8.1924,14.7043,30.291,1.2604,-1.0503,10.0,20.600061,2.228578,10,25,20,8,0E-8,0.13641500,,0E-8,0.000000,0.895561,0.000000,,2026-03-23,2026-06-26,14,28,22,96,0.145833,,,0.000000,,,,,,,,GLOBAL_BASELINE_NO_ENTITY_RANKING,,,NOT_APPLICABLE_GLOBAL_BASELINE,HF9g-P5,,,,X 全窗基线 · 不参与实体赏罚,6875162,688,A168_HF9F_20260827_0900,2026-08-27 09:00:00
2026-04-24,102896674,2266,0,2.5298842578,-1.2649421289,-1.2649421289,0E-7,2,2,0.49324550000000000,0.493245500000,-0.9865810262130424,-0.9865810262130424,-0.9865810262130424,0E-17,ELIGIBLE,R03b_20260811_FULL_v1,L1_ELIGIBILITY,v2026-08-11,2026-03-21..2026-08-06,baccarat_bet02_101_all_pairs_incl_sentinel,round_win = game_pnl > 0 (decisive only),COMPATIBILITY_ONLY_NOT_PRODUCTION,1235.4200,1106.3936,168.5298,377,90,-0.13641500,,-0.13641500,-0.13641500,-168.5298,1235.4200,OK,0.0000,6.7412,4.0000,96.0000,AG03-UNRESOLVED,ALL5_LEVELS_bet23_to_bet27,6.7412,6.7412,6.7412,8.4265,8.4265,4.000000,4.000000,4.000000,5.000000,5.000000,96.000000,96.000000,96.000000,95.000000,95.000000,5.0,37.0766,33.9631,131.4533,134.5667,PENDING_AG03,FALSE,NOT_FOR_ENFORCEMENT,161.7886,1062.1379,168.5298,161.7886,6.7412,0.13641500,0.13095840,6.7412,161.7886,0.13095840,6.7412,6.7412,6.7412,8.4265,8.4265,161.7886,0.13095840,37.0766,33.9631,131.4533,134.5667,0.10640370,0.10892386,0.00545660,3.2770,12.2933,1.8726,12.0378,6.0189,88.2443,6.4286,,3.2770,1.0503,1.4704,2.1006,8.1924,14.7043,30.291,1.2604,-1.0503,10.0,20.600061,2.228578,10,25,20,8,0E-8,0.13641500,,0E-8,0.000000,0.895561,0.000000,,2026-03-23,2026-06-26,14,28,22,96,0.145833,,,0.000000,,,,,,,,GLOBAL_BASELINE_NO_ENTITY_RANKING,,,NOT_APPLICABLE_GLOBAL_BASELINE,HF9g-P5,,,,X 全窗基线 · 不参与实体赏罚,6875163,688,A168_HF9F_20260827_0900,2026-08-27 09:00:00
2026-04-28,102896674,2229,0,5.0597685156,-1.6865895052,-1.6865895052,0.5000000,2,2,0.49994810000000000,0.499948100000,0.00014679536856514622,0.00014679536856514622,0.00014679536856514622,0E-17,ELIGIBLE,R03b_20260811_FULL_v1,L1_ELIGIBILITY,v2026-08-11,2026-03-21..2026-08-06,baccarat_bet02_101_all_pairs_incl_sentinel,round_win = game_pnl > 0 (decisive only),COMPATIBILITY_ONLY_NOT_PRODUCTION,1235.4200,1106.3936,168.5298,377,90,-0.13641500,,-0.13641500,-0.13641500,-168.5298,1235.4200,OK,0.0000,6.7412,4.0000,96.0000,AG03-UNRESOLVED,ALL5_LEVELS_bet23_to_bet27,6.7412,6.7412,6.7412,8.4265,8.4265,4.000000,4.000000,4.000000,5.000000,5.000000,96.000000,96.000000,96.000000,95.000000,95.000000,5.0,37.0766,33.9631,131.4533,134.5667,PENDING_AG03,FALSE,NOT_FOR_ENFORCEMENT,161.7886,1062.1379,168.5298,161.7886,6.7412,0.13641500,0.13095840,6.7412,161.7886,0.13095840,6.7412,6.7412,6.7412,8.4265,8.4265,161.7886,0.13095840,37.0766,33.9631,131.4533,134.5667,0.10640370,0.10892386,0.00545660,3.2770,12.2933,1.8726,12.0378,6.0189,88.2443,6.4286,,3.2770,1.0503,1.4704,2.1006,8.1924,14.7043,30.291,1.2604,-1.0503,10.0,20.600061,2.228578,10,25,20,8,0E-8,0.13641500,,0E-8,0.000000,0.895561,0.000000,,2026-03-23,2026-06-26,14,28,22,96,0.145833,,,0.000000,,,,,,,,GLOBAL_BASELINE_NO_ENTITY_RANKING,,,NOT_APPLICABLE_GLOBAL_BASELINE,HF9g-P5,,,,X 全窗基线 · 不参与实体赏罚,6875164,688,A168_HF9F_20260827_0900,2026-08-27 09:00:00
2026-04-28,102896674,2254,0,15.1793055467,8.5699829232,8.5699829232,0.6666667,6,3,0.46770345870942767,0.330767611111,0.6906711079647354,1.236572107145659,0.6906711079647354,0.13693584759842767,ELIGIBLE,R03b_20260811_FULL_v1,L1_ELIGIBILITY,v2026-08-11,2026-03-21..2026-08-06,baccarat_bet02_101_all_pairs_incl_sentinel,round_win = game_pnl > 0 (decisive only),COMPATIBILITY_ONLY_NOT_PRODUCTION,1235.4200,1106.3936,168.5298,377,90,-0.13641500,,-0.13641500,-0.13641500,-168.5298,1235.4200,OK,0.0000,6.7412,4.0000,96.0000,AG03-UNRESOLVED,ALL5_LEVELS_bet23_to_bet27,6.7412,6.7412,6.7412,8.4265,8.4265,4.000000,4.000000,4.000000,5.000000,5.000000,96.000000,96.000000,96.000000,95.000000,95.000000,5.0,37.0766,33.9631,131.4533,134.5667,PENDING_AG03,FALSE,NOT_FOR_ENFORCEMENT,161.7886,1062.1379,168.5298,161.7886,6.7412,0.13641500,0.13095840,6.7412,161.7886,0.13095840,6.7412,6.7412,6.7412,8.4265,8.4265,161.7886,0.13095840,37.0766,33.9631,131.4533,134.5667,0.10640370,0.10892386,0.00545660,3.2770,12.2933,1.8726,12.0378,6.0189,88.2443,6.4286,,3.2770,1.0503,1.4704,2.1006,8.1924,14.7043,30.291,1.2604,-1.0503,10.0,20.600061,2.228578,10,25,20,8,0E-8,0.13641500,,0E-8,0.000000,0.895561,0.000000,,2026-03-23,2026-06-26,14,28,22,96,0.145833,,,0.000000,,,,,,,,GLOBAL_BASELINE_NO_ENTITY_RANKING,,,NOT_APPLICABLE_GLOBAL_BASELINE,HF9g-P5,,,,X 全窗基线 · 不参与实体赏罚,6875165,688,A168_HF9F_20260827_0900,2026-08-27 09:00:00
2026-05-01,102896674,2220,0,2.5207436194,-0.8402478732,-0.8402478732,0.5000000,3,2,0.47295183124839356,0.391963025000,0.07661596130899036,0.3129679521789244,0.07661596130899036,0.08098880624839356,ELIGIBLE,R03b_20260811_FULL_v1,L1_ELIGIBILITY,v2026-08-11,2026-03-21..2026-08-06,baccarat_bet02_101_all_pairs_incl_sentinel,round_win = game_pnl > 0 (decisive only),COMPATIBILITY_ONLY_NOT_PRODUCTION,1235.4200,1106.3936,168.5298,377,90,-0.13641500,,-0.13641500,-0.13641500,-168.5298,1235.4200,OK,0.0000,6.7412,4.0000,96.0000,AG03-UNRESOLVED,ALL5_LEVELS_bet23_to_bet27,6.7412,6.7412,6.7412,8.4265,8.4265,4.000000,4.000000,4.000000,5.000000,5.000000,96.000000,96.000000,96.000000,95.000000,95.000000,5.0,37.0766,33.9631,131.4533,134.5667,PENDING_AG03,FALSE,NOT_FOR_ENFORCEMENT,161.7886,1062.1379,168.5298,161.7886,6.7412,0.13641500,0.13095840,6.7412,161.7886,0.13095840,6.7412,6.7412,6.7412,8.4265,8.4265,161.7886,0.13095840,37.0766,33.9631,131.4533,134.5667,0.10640370,0.10892386,0.00545660,3.2770,12.2933,1.8726,12.0378,6.0189,88.2443,6.4286,,3.2770,1.0503,1.4704,2.1006,8.1924,14.7043,30.291,1.2604,-1.0503,10.0,20.600061,2.228578,10,25,20,8,0E-8,0.13641500,,0E-8,0.000000,0.895561,0.000000,,2026-03-23,2026-06-26,14,28,22,96,0.145833,,,0.000000,,,,,,,,GLOBAL_BASELINE_NO_ENTITY_RANKING,,,NOT_APPLICABLE_GLOBAL_BASELINE,HF9g-P5,,,,X 全窗基线 · 不参与实体赏罚,6875166,688,A168_HF9F_20260827_0900,2026-08-27 09:00:00
2026-05-03,102896674,2205,0,3.5710534609,-3.5710534609,-3.5710534609,0E-7,4,1,0.37212331764027527,0.186030525000,-0.7698502669332895,-0.4780662077839658,-0.7698502669332895,0.18609279264027527,ELIGIBLE,R03b_20260811_FULL_v1,L1_ELIGIBILITY,v2026-08-11,2026-03-21..2026-08-06,baccarat_bet02_101_all_pairs_incl_sentinel,round_win = game_pnl > 0 (decisive only),COMPATIBILITY_ONLY_NOT_PRODUCTION,1235.4200,1106.3936,168.5298,377,90,-0.13641500,,-0.13641500,-0.13641500,-168.5298,1235.4200,OK,0.0000,6.7412,4.0000,96.0000,AG03-UNRESOLVED,ALL5_LEVELS_bet23_to_bet27,6.7412,6.7412,6.7412,8.4265,8.4265,4.000000,4.000000,4.000000,5.000000,5.000000,96.000000,96.000000,96.000000,95.000000,95.000000,5.0,37.0766,33.9631,131.4533,134.5667,PENDING_AG03,FALSE,NOT_FOR_ENFORCEMENT,161.7886,1062.1379,168.5298,161.7886,6.7412,0.13641500,0.13095840,6.7412,161.7886,0.13095840,6.7412,6.7412,6.7412,8.4265,8.4265,161.7886,0.13095840,37.0766,33.9631,131.4533,134.5667,0.10640370,0.10892386,0.00545660,3.2770,12.2933,1.8726,12.0378,6.0189,88.2443,6.4286,,3.2770,1.0503,1.4704,2.1006,8.1924,14.7043,30.291,1.2604,-1.0503,10.0,20.600061,2.228578,10,25,20,8,0E-8,0.13641500,,0E-8,0.000000,0.895561,0.000000,,2026-03-23,2026-06-26,14,28,22,96,0.145833,,,0.000000,,,,,,,,GLOBAL_BASELINE_NO_ENTITY_RANKING,,,NOT_APPLICABLE_GLOBAL_BASELINE,HF9g-P5,,,,X 全窗基线 · 不参与实体赏罚,6875167,688,A168_HF9F_20260827_0900,2026-08-27 09:00:00
2026-05-04,102896674,2242,0,1.8905577145,-1.8905577145,-1.8905577145,0E-7,1,1,0.49324550000000000,0.493245500000,-0.9865810262130424,-0.9865810262130424,-0.9865810262130424,0E-17,ELIGIBLE,R03b_20260811_FULL_v1,L1_ELIGIBILITY,v2026-08-11,2026-03-21..2026-08-06,baccarat_bet02_101_all_pairs_incl_sentinel,round_win = game_pnl > 0 (decisive only),COMPATIBILITY_ONLY_NOT_PRODUCTION,1235.4200,1106.3936,168.5298,377,90,-0.13641500,,-0.13641500,-0.13641500,-168.5298,1235.4200,OK,0.0000,6.7412,4.0000,96.0000,AG03-UNRESOLVED,ALL5_LEVELS_bet23_to_bet27,6.7412,6.7412,6.7412,8.4265,8.4265,4.000000,4.000000,4.000000,5.000000,5.000000,96.000000,96.000000,96.000000,95.000000,95.000000,5.0,37.0766,33.9631,131.4533,134.5667,PENDING_AG03,FALSE,NOT_FOR_ENFORCEMENT,161.7886,1062.1379,168.5298,161.7886,6.7412,0.13641500,0.13095840,6.7412,161.7886,0.13095840,6.7412,6.7412,6.7412,8.4265,8.4265,161.7886,0.13095840,37.0766,33.9631,131.4533,134.5667,0.10640370,0.10892386,0.00545660,3.2770,12.2933,1.8726,12.0378,6.0189,88.2443,6.4286,,3.2770,1.0503,1.4704,2.1006,8.1924,14.7043,30.291,1.2604,-1.0503,10.0,20.600061,2.228578,10,25,20,8,0E-8,0.13641500,,0E-8,0.000000,0.895561,0.000000,,2026-03-23,2026-06-26,14,28,22,96,0.145833,,,0.000000,,,,,,,,GLOBAL_BASELINE_NO_ENTITY_RANKING,,,NOT_APPLICABLE_GLOBAL_BASELINE,HF9g-P5,,,,X 全窗基线 · 不参与实体赏罚,6875168,688,A168_HF9F_20260827_0900,2026-08-27 09:00:00
2026-05-21,102896674,1302,0,4.4113013339,-1.4704337779,-1.4704337779,0.5000000,2,2,0.49994810000000000,0.499948100000,0.00014679536856514622,0.00014679536856514622,0.00014679536856514622,0E-17,ELIGIBLE,R03b_20260811_FULL_v1,L1_ELIGIBILITY,v2026-08-11,2026-03-21..2026-08-06,baccarat_bet02_101_all_pairs_incl_sentinel,round_win = game_pnl > 0 (decisive only),COMPATIBILITY_ONLY_NOT_PRODUCTION,1235.4200,1106.3936,168.5298,377,90,-0.13641500,,-0.13641500,-0.13641500,-168.5298,1235.4200,OK,0.0000,6.7412,4.0000,96.0000,AG03-UNRESOLVED,ALL5_LEVELS_bet23_to_bet27,6.7412,6.7412,6.7412,8.4265,8.4265,4.000000,4.000000,4.000000,5.000000,5.000000,96.000000,96.000000,96.000000,95.000000,95.000000,5.0,37.0766,33.9631,131.4533,134.5667,PENDING_AG03,FALSE,NOT_FOR_ENFORCEMENT,161.7886,1062.1379,168.5298,161.7886,6.7412,0.13641500,0.13095840,6.7412,161.7886,0.13095840,6.7412,6.7412,6.7412,8.4265,8.4265,161.7886,0.13095840,37.0766,33.9631,131.4533,134.5667,0.10640370,0.10892386,0.00545660,3.2770,12.2933,1.8726,12.0378,6.0189,88.2443,6.4286,,3.2770,1.0503,1.4704,2.1006,8.1924,14.7043,30.291,1.2604,-1.0503,10.0,20.600061,2.228578,10,25,20,8,0E-8,0.13641500,,0E-8,0.000000,0.895561,0.000000,,2026-03-23,2026-06-26,14,28,22,96,0.145833,,,0.000000,,,,,,,,GLOBAL_BASELINE_NO_ENTITY_RANKING,,,NOT_APPLICABLE_GLOBAL_BASELINE,HF9g-P5,,,,X 全窗基线 · 不参与实体赏罚,6875169,688,A168_HF9F_20260827_0900,2026-08-27 09:00:00
2026-05-21,102896674,1374,0,39.7017120051,18.4329377164,18.4329377164,1.0000000,13,3,0.39124005760497319,0.255885505556,2.1605384712523463,2.9536407169502166,2.1605384712523463,0.13535455204897319,ELIGIBLE,R03b_20260811_FULL_v1,L1_ELIGIBILITY,v2026-08-11,2026-03-21..2026-08-06,baccarat_bet02_101_all_pairs_incl_sentinel,round_win = game_pnl > 0 (decisive only),COMPATIBILITY_ONLY_NOT_PRODUCTION,1235.4200,1106.3936,168.5298,377,90,-0.13641500,,-0.13641500,-0.13641500,-168.5298,1235.4200,OK,0.0000,6.7412,4.0000,96.0000,AG03-UNRESOLVED,ALL5_LEVELS_bet23_to_bet27,6.7412,6.7412,6.7412,8.4265,8.4265,4.000000,4.000000,4.000000,5.000000,5.000000,96.000000,96.000000,96.000000,95.000000,95.000000,5.0,37.0766,33.9631,131.4533,134.5667,PENDING_AG03,FALSE,NOT_FOR_ENFORCEMENT,161.7886,1062.1379,168.5298,161.7886,6.7412,0.13641500,0.13095840,6.7412,161.7886,0.13095840,6.7412,6.7412,6.7412,8.4265,8.4265,161.7886,0.13095840,37.0766,33.9631,131.4533,134.5667,0.10640370,0.10892386,0.00545660,3.2770,12.2933,1.8726,12.0378,6.0189,88.2443,6.4286,,3.2770,1.0503,1.4704,2.1006,8.1924,14.7043,30.291,1.2604,-1.0503,10.0,20.600061,2.228578,10,25,20,8,0E-8,0.13641500,,0E-8,0.000000,0.895561,0.000000,,2026-03-23,2026-06-26,14,28,22,96,0.145833,,,0.000000,,,,,,,,GLOBAL_BASELINE_NO_ENTITY_RANKING,,,NOT_APPLICABLE_GLOBAL_BASELINE,HF9g-P5,,,,X 全窗基线 · 不参与实体赏罚,6875170,688,A168_HF9F_20260827_0900,2026-08-27 09:00:00
2026-05-21,102896674,2188,0,149.1439974793,-3.2559605087,-3.2559605087,0.5555556,63,10,0.30029250987374485,0.127014728048,1.6706238997722784,3.8608502659894444,1.6706238997722784,0.17327778182574485,ELIGIBLE,R03b_20260811_FULL_v1,L1_ELIGIBILITY,v2026-08-11,2026-03-21..2026-08-06,baccarat_bet02_101_all_pairs_incl_sentinel,round_win = game_pnl > 0 (decisive only),COMPATIBILITY_ONLY_NOT_PRODUCTION,1235.4200,1106.3936,168.5298,377,90,-0.13641500,,-0.13641500,-0.13641500,-168.5298,1235.4200,OK,0.0000,6.7412,4.0000,96.0000,AG03-UNRESOLVED,ALL5_LEVELS_bet23_to_bet27,6.7412,6.7412,6.7412,8.4265,8.4265,4.000000,4.000000,4.000000,5.000000,5.000000,96.000000,96.000000,96.000000,95.000000,95.000000,5.0,37.0766,33.9631,131.4533,134.5667,PENDING_AG03,FALSE,NOT_FOR_ENFORCEMENT,161.7886,1062.1379,168.5298,161.7886,6.7412,0.13641500,0.13095840,6.7412,161.7886,0.13095840,6.7412,6.7412,6.7412,8.4265,8.4265,161.7886,0.13095840,37.0766,33.9631,131.4533,134.5667,0.10640370,0.10892386,0.00545660,3.2770,12.2933,1.8726,12.0378,6.0189,88.2443,6.4286,,3.2770,1.0503,1.4704,2.1006,8.1924,14.7043,30.291,1.2604,-1.0503,10.0,20.600061,2.228578,10,25,20,8,0E-8,0.13641500,,0E-8,0.000000,0.895561,0.000000,,2026-03-23,2026-06-26,14,28,22,96,0.145833,,,0.000000,,,,,,,,GLOBAL_BASELINE_NO_ENTITY_RANKING,,,NOT_APPLICABLE_GLOBAL_BASELINE,HF9g-P5,,,,X 全窗基线 · 不参与实体赏罚,6875171,688,A168_HF9F_20260827_0900,2026-08-27 09:00:00
2026-05-21,102896674,2218,0,156.7062283372,80.2961873752,80.2961873752,0.8888889,56,9,0.27312620555557741,0.119045352593,4.145943977055533,7.131661543630081,4.145943977055533,0.15408085296257741,ELIGIBLE,R03b_20260811_FULL_v1,L1_ELIGIBILITY,v2026-08-11,2026-03-21..2026-08-06,baccarat_bet02_101_all_pairs_incl_sentinel,round_win = game_pnl > 0 (decisive only),COMPATIBILITY_ONLY_NOT_PRODUCTION,1235.4200,1106.3936,168.5298,377,90,-0.13641500,,-0.13641500,-0.13641500,-168.5298,1235.4200,OK,0.0000,6.7412,4.0000,96.0000,AG03-UNRESOLVED,ALL5_LEVELS_bet23_to_bet27,6.7412,6.7412,6.7412,8.4265,8.4265,4.000000,4.000000,4.000000,5.000000,5.000000,96.000000,96.000000,96.000000,95.000000,95.000000,5.0,37.0766,33.9631,131.4533,134.5667,PENDING_AG03,FALSE,NOT_FOR_ENFORCEMENT,161.7886,1062.1379,168.5298,161.7886,6.7412,0.13641500,0.13095840,6.7412,161.7886,0.13095840,6.7412,6.7412,6.7412,8.4265,8.4265,161.7886,0.13095840,37.0766,33.9631,131.4533,134.5667,0.10640370,0.10892386,0.00545660,3.2770,12.2933,1.8726,12.0378,6.0189,88.2443,6.4286,,3.2770,1.0503,1.4704,2.1006,8.1924,14.7043,30.291,1.2604,-1.0503,10.0,20.600061,2.228578,10,25,20,8,0E-8,0.13641500,,0E-8,0.000000,0.895561,0.000000,,2026-03-23,2026-06-26,14,28,22,96,0.145833,,,0.000000,,,,,,,,GLOBAL_BASELINE_NO_ENTITY_RANKING,,,NOT_APPLICABLE_GLOBAL_BASELINE,HF9g-P5,,,,X 全窗基线 · 不参与实体赏罚,6875172,688,A168_HF9F_20260827_0900,2026-08-27 09:00:00
2026-05-21,102896674,2229,0,263.2076462555,9.6628505409,9.6628505409,0.7272727,74,11,0.27818784671599185,0.117073577922,3.3238667485418327,6.294717411431591,3.3238667485418327,0.16111426879399185,ELIGIBLE,R03b_20260811_FULL_v1,L1_ELIGIBILITY,v2026-08-11,2026-03-21..2026-08-06,baccarat_bet02_101_all_pairs_incl_sentinel,round_win = game_pnl > 0 (decisive only),COMPATIBILITY_ONLY_NOT_PRODUCTION,1235.4200,1106.3936,168.5298,377,90,-0.13641500,,-0.13641500,-0.13641500,-168.5298,1235.4200,OK,0.0000,6.7412,4.0000,96.0000,AG03-UNRESOLVED,ALL5_LEVELS_bet23_to_bet27,6.7412,6.7412,6.7412,8.4265,8.4265,4.000000,4.000000,4.000000,5.000000,5.000000,96.000000,96.000000,96.000000,95.000000,95.000000,5.0,37.0766,33.9631,131.4533,134.5667,PENDING_AG03,FALSE,NOT_FOR_ENFORCEMENT,161.7886,1062.1379,168.5298,161.7886,6.7412,0.13641500,0.13095840,6.7412,161.7886,0.13095840,6.7412,6.7412,6.7412,8.4265,8.4265,161.7886,0.13095840,37.0766,33.9631,131.4533,134.5667,0.10640370,0.10892386,0.00545660,3.2770,12.2933,1.8726,12.0378,6.0189,88.2443,6.4286,,3.2770,1.0503,1.4704,2.1006,8.1924,14.7043,30.291,1.2604,-1.0503,10.0,20.600061,2.228578,10,25,20,8,0E-8,0.13641500,,0E-8,0.000000,0.895561,0.000000,,2026-03-23,2026-06-26,14,28,22,96,0.145833,,,0.000000,,,,,,,,GLOBAL_BASELINE_NO_ENTITY_RANKING,,,NOT_APPLICABLE_GLOBAL_BASELINE,HF9g-P5,,,,X 全窗基线 · 不参与实体赏罚,6875173,688,A168_HF9F_20260827_0900,2026-08-27 09:00:00
2026-05-21,102896674,2250,0,22.8967545426,-10.2930364458,-10.2930364458,0E-7,7,1,0.34047781100814808,0.127318400000,-0.7185048454793873,-0.3819598169303392,-0.7185048454793873,0.21315941100814808,ELIGIBLE,R03b_20260811_FULL_v1,L1_ELIGIBILITY,v2026-08-11,2026-03-21..2026-08-06,baccarat_bet02_101_all_pairs_incl_sentinel,round_win = game_pnl > 0 (decisive only),COMPATIBILITY_ONLY_NOT_PRODUCTION,1235.4200,1106.3936,168.5298,377,90,-0.13641500,,-0.13641500,-0.13641500,-168.5298,1235.4200,OK,0.0000,6.7412,4.0000,96.0000,AG03-UNRESOLVED,ALL5_LEVELS_bet23_to_bet27,6.7412,6.7412,6.7412,8.4265,8.4265,4.000000,4.000000,4.000000,5.000000,5.000000,96.000000,96.000000,96.000000,95.000000,95.000000,5.0,37.0766,33.9631,131.4533,134.5667,PENDING_AG03,FALSE,NOT_FOR_ENFORCEMENT,161.7886,1062.1379,168.5298,161.7886,6.7412,0.13641500,0.13095840,6.7412,161.7886,0.13095840,6.7412,6.7412,6.7412,8.4265,8.4265,161.7886,0.13095840,37.0766,33.9631,131.4533,134.5667,0.10640370,0.10892386,0.00545660,3.2770,12.2933,1.8726,12.0378,6.0189,88.2443,6.4286,,3.2770,1.0503,1.4704,2.1006,8.1924,14.7043,30.291,1.2604,-1.0503,10.0,20.600061,2.228578,10,25,20,8,0E-8,0.13641500,,0E-8,0.000000,0.895561,0.000000,,2026-03-23,2026-06-26,14,28,22,96,0.145833,,,0.000000,,,,,,,,GLOBAL_BASELINE_NO_ENTITY_RANKING,,,NOT_APPLICABLE_GLOBAL_BASELINE,HF9g-P5,,,,X 全窗基线 · 不参与实体赏罚,6875174,688,A168_HF9F_20260827_0900,2026-08-27 09:00:00
2026-05-21,102896674,2266,0,1.2603718097,-1.2603718097,-1.2603718097,0E-7,1,1,0.50665070000000000,0.506650700000,-1.013391052207602,-1.013391052207602,-1.013391052207602,0E-17,ELIGIBLE,R03b_20260811_FULL_v1,L1_ELIGIBILITY,v2026-08-11,2026-03-21..2026-08-06,baccarat_bet02_101_all_pairs_incl_sentinel,round_win = game_pnl > 0 (decisive only),COMPATIBILITY_ONLY_NOT_PRODUCTION,1235.4200,1106.3936,168.5298,377,90,-0.13641500,,-0.13641500,-0.13641500,-168.5298,1235.4200,OK,0.0000,6.7412,4.0000,96.0000,AG03-UNRESOLVED,ALL5_LEVELS_bet23_to_bet27,6.7412,6.7412,6.7412,8.4265,8.4265,4.000000,4.000000,4.000000,5.000000,5.000000,96.000000,96.000000,96.000000,95.000000,95.000000,5.0,37.0766,33.9631,131.4533,134.5667,PENDING_AG03,FALSE,NOT_FOR_ENFORCEMENT,161.7886,1062.1379,168.5298,161.7886,6.7412,0.13641500,0.13095840,6.7412,161.7886,0.13095840,6.7412,6.7412,6.7412,8.4265,8.4265,161.7886,0.13095840,37.0766,33.9631,131.4533,134.5667,0.10640370,0.10892386,0.00545660,3.2770,12.2933,1.8726,12.0378,6.0189,88.2443,6.4286,,3.2770,1.0503,1.4704,2.1006,8.1924,14.7043,30.291,1.2604,-1.0503,10.0,20.600061,2.228578,10,25,20,8,0E-8,0.13641500,,0E-8,0.000000,0.895561,0.000000,,2026-03-23,2026-06-26,14,28,22,96,0.145833,,,0.000000,,,,,,,,GLOBAL_BASELINE_NO_ENTITY_RANKING,,,NOT_APPLICABLE_GLOBAL_BASELINE,HF9g-P5,,,,X 全窗基线 · 不参与实体赏罚,6875175,688,A168_HF9F_20260827_0900,2026-08-27 09:00:00
2026-05-22,102896674,-1,1,6.0917970802,-1.9955886987,-1.9955886987,0.5000000,4,2,0.46007019473334085,0.359145766667,0.11330041212366498,0.415212000794763,0.11330041212366498,0.10092442806634085,SENTINEL_DEALER,R03b_20260811_FULL_v1,L1_ELIGIBILITY,v2026-08-11,2026-03-21..2026-08-06,baccarat_bet02_101_all_pairs_incl_sentinel,round_win = game_pnl > 0 (decisive only),COMPATIBILITY_ONLY_NOT_PRODUCTION,1235.4200,1106.3936,168.5298,377,90,-0.13641500,,-0.13641500,-0.13641500,-168.5298,1235.4200,OK,0.0000,6.7412,4.0000,96.0000,AG03-UNRESOLVED,ALL5_LEVELS_bet23_to_bet27,6.7412,6.7412,6.7412,8.4265,8.4265,4.000000,4.000000,4.000000,5.000000,5.000000,96.000000,96.000000,96.000000,95.000000,95.000000,5.0,37.0766,33.9631,131.4533,134.5667,PENDING_AG03,FALSE,NOT_FOR_ENFORCEMENT,161.7886,1062.1379,168.5298,161.7886,6.7412,0.13641500,0.13095840,6.7412,161.7886,0.13095840,6.7412,6.7412,6.7412,8.4265,8.4265,161.7886,0.13095840,37.0766,33.9631,131.4533,134.5667,0.10640370,0.10892386,0.00545660,3.2770,12.2933,1.8726,12.0378,6.0189,88.2443,6.4286,,3.2770,1.0503,1.4704,2.1006,8.1924,14.7043,30.291,1.2604,-1.0503,10.0,20.600061,2.228578,10,25,20,8,0E-8,0.13641500,,0E-8,0.000000,0.895561,0.000000,,2026-03-23,2026-06-26,14,28,22,96,0.145833,,,0.000000,,,,,,,,GLOBAL_BASELINE_NO_ENTITY_RANKING,,,NOT_APPLICABLE_GLOBAL_BASELINE,HF9g-P5,,,,X 全窗基线 · 不参与实体赏罚,6875176,688,A168_HF9F_20260827_0900,2026-08-27 09:00:00
2026-05-22,102896674,2241,0,219.3046948848,-106.2913559497,-106.2913559497,0.3333333,34,6,0.36688932438547809,0.193463116667,-0.1705447439113448,0.8673405808895025,-0.1705447439113448,0.17342620771847809,ELIGIBLE,R03b_20260811_FULL_v1,L1_ELIGIBILITY,v2026-08-11,2026-03-21..2026-08-06,baccarat_bet02_101_all_pairs_incl_sentinel,round_win = game_pnl > 0 (decisive only),COMPATIBILITY_ONLY_NOT_PRODUCTION,1235.4200,1106.3936,168.5298,377,90,-0.13641500,,-0.13641500,-0.13641500,-168.5298,1235.4200,OK,0.0000,6.7412,4.0000,96.0000,AG03-UNRESOLVED,ALL5_LEVELS_bet23_to_bet27,6.7412,6.7412,6.7412,8.4265,8.4265,4.000000,4.000000,4.000000,5.000000,5.000000,96.000000,96.000000,96.000000,95.000000,95.000000,5.0,37.0766,33.9631,131.4533,134.5667,PENDING_AG03,FALSE,NOT_FOR_ENFORCEMENT,161.7886,1062.1379,168.5298,161.7886,6.7412,0.13641500,0.13095840,6.7412,161.7886,0.13095840,6.7412,6.7412,6.7412,8.4265,8.4265,161.7886,0.13095840,37.0766,33.9631,131.4533,134.5667,0.10640370,0.10892386,0.00545660,3.2770,12.2933,1.8726,12.0378,6.0189,88.2443,6.4286,,3.2770,1.0503,1.4704,2.1006,8.1924,14.7043,30.291,1.2604,-1.0503,10.0,20.600061,2.228578,10,25,20,8,0E-8,0.13641500,,0E-8,0.000000,0.895561,0.000000,,2026-03-23,2026-06-26,14,28,22,96,0.145833,,,0.000000,,,,,,,,GLOBAL_BASELINE_NO_ENTITY_RANKING,,,NOT_APPLICABLE_GLOBAL_BASELINE,HF9g-P5,,,,X 全窗基线 · 不参与实体赏罚,6875177,688,A168_HF9F_20260827_0900,2026-08-27 09:00:00
2026-05-22,102896674,2242,0,1.0503098414,1.0503098414,1.0503098414,1.0000000,1,1,0.49324550000000000,0.493245500000,1.01360149184955,1.01360149184955,1.01360149184955,0E-17,ELIGIBLE,R03b_20260811_FULL_v1,L1_ELIGIBILITY,v2026-08-11,2026-03-21..2026-08-06,baccarat_bet02_101_all_pairs_incl_sentinel,round_win = game_pnl > 0 (decisive only),COMPATIBILITY_ONLY_NOT_PRODUCTION,1235.4200,1106.3936,168.5298,377,90,-0.13641500,,-0.13641500,-0.13641500,-168.5298,1235.4200,OK,0.0000,6.7412,4.0000,96.0000,AG03-UNRESOLVED,ALL5_LEVELS_bet23_to_bet27,6.7412,6.7412,6.7412,8.4265,8.4265,4.000000,4.000000,4.000000,5.000000,5.000000,96.000000,96.000000,96.000000,95.000000,95.000000,5.0,37.0766,33.9631,131.4533,134.5667,PENDING_AG03,FALSE,NOT_FOR_ENFORCEMENT,161.7886,1062.1379,168.5298,161.7886,6.7412,0.13641500,0.13095840,6.7412,161.7886,0.13095840,6.7412,6.7412,6.7412,8.4265,8.4265,161.7886,0.13095840,37.0766,33.9631,131.4533,134.5667,0.10640370,0.10892386,0.00545660,3.2770,12.2933,1.8726,12.0378,6.0189,88.2443,6.4286,,3.2770,1.0503,1.4704,2.1006,8.1924,14.7043,30.291,1.2604,-1.0503,10.0,20.600061,2.228578,10,25,20,8,0E-8,0.13641500,,0E-8,0.000000,0.895561,0.000000,,2026-03-23,2026-06-26,14,28,22,96,0.145833,,,0.000000,,,,,,,,GLOBAL_BASELINE_NO_ENTITY_RANKING,,,NOT_APPLICABLE_GLOBAL_BASELINE,HF9g-P5,,,,X 全窗基线 · 不参与实体赏罚,6875178,688,A168_HF9F_20260827_0900,2026-08-27 09:00:00
2026-05-22,102896674,2250,0,185.6947799601,-53.0511500892,-53.0511500892,0.2500000,46,8,0.34834082050266425,0.139568167321,-0.5838030735900788,0.9013383517012734,-0.5838030735900788,0.20877265318166425,ELIGIBLE,R03b_20260811_FULL_v1,L1_ELIGIBILITY,v2026-08-11,2026-03-21..2026-08-06,baccarat_bet02_101_all_pairs_incl_sentinel,round_win = game_pnl > 0 (decisive only),COMPATIBILITY_ONLY_NOT_PRODUCTION,1235.4200,1106.3936,168.5298,377,90,-0.13641500,,-0.13641500,-0.13641500,-168.5298,1235.4200,OK,0.0000,6.7412,4.0000,96.0000,AG03-UNRESOLVED,ALL5_LEVELS_bet23_to_bet27,6.7412,6.7412,6.7412,8.4265,8.4265,4.000000,4.000000,4.000000,5.000000,5.000000,96.000000,96.000000,96.000000,95.000000,95.000000,5.0,37.0766,33.9631,131.4533,134.5667,PENDING_AG03,FALSE,NOT_FOR_ENFORCEMENT,161.7886,1062.1379,168.5298,161.7886,6.7412,0.13641500,0.13095840,6.7412,161.7886,0.13095840,6.7412,6.7412,6.7412,8.4265,8.4265,161.7886,0.13095840,37.0766,33.9631,131.4533,134.5667,0.10640370,0.10892386,0.00545660,3.2770,12.2933,1.8726,12.0378,6.0189,88.2443,6.4286,,3.2770,1.0503,1.4704,2.1006,8.1924,14.7043,30.291,1.2604,-1.0503,10.0,20.600061,2.228578,10,25,20,8,0E-8,0.13641500,,0E-8,0.000000,0.895561,0.000000,,2026-03-23,2026-06-26,14,28,22,96,0.145833,,,0.000000,,,,,,,,GLOBAL_BASELINE_NO_ENTITY_RANKING,,,NOT_APPLICABLE_GLOBAL_BASELINE,HF9g-P5,,,,X 全窗基线 · 不参与实体赏罚,6875179,688,A168_HF9F_20260827_0900,2026-08-27 09:00:00
2026-05-24,102896674,2117,0,80.4537338515,-66.7997059133,-66.7997059133,0E-7,12,2,0.40158510345629329,0.139954900000,-1.1585174964794211,-0.5704905292195142,-1.1585174964794211,0.26163020345629329,ELIGIBLE,R03b_20260811_FULL_v1,L1_ELIGIBILITY,v2026-08-11,2026-03-21..2026-08-06,baccarat_bet02_101_all_pairs_incl_sentinel,round_win = game_pnl > 0 (decisive only),COMPATIBILITY_ONLY_NOT_PRODUCTION,1235.4200,1106.3936,168.5298,377,90,-0.13641500,,-0.13641500,-0.13641500,-168.5298,1235.4200,OK,0.0000,6.7412,4.0000,96.0000,AG03-UNRESOLVED,ALL5_LEVELS_bet23_to_bet27,6.7412,6.7412,6.7412,8.4265,8.4265,4.000000,4.000000,4.000000,5.000000,5.000000,96.000000,96.000000,96.000000,95.000000,95.000000,5.0,37.0766,33.9631,131.4533,134.5667,PENDING_AG03,FALSE,NOT_FOR_ENFORCEMENT,161.7886,1062.1379,168.5298,161.7886,6.7412,0.13641500,0.13095840,6.7412,161.7886,0.13095840,6.7412,6.7412,6.7412,8.4265,8.4265,161.7886,0.13095840,37.0766,33.9631,131.4533,134.5667,0.10640370,0.10892386,0.00545660,3.2770,12.2933,1.8726,12.0378,6.0189,88.2443,6.4286,,3.2770,1.0503,1.4704,2.1006,8.1924,14.7043,30.291,1.2604,-1.0503,10.0,20.600061,2.228578,10,25,20,8,0E-8,0.13641500,,0E-8,0.000000,0.895561,0.000000,,2026-03-23,2026-06-26,14,28,22,96,0.145833,,,0.000000,,,,,,,,GLOBAL_BASELINE_NO_ENTITY_RANKING,,,NOT_APPLICABLE_GLOBAL_BASELINE,HF9g-P5,,,,X 全窗基线 · 不参与实体赏罚,6875180,688,A168_HF9F_20260827_0900,2026-08-27 09:00:00
2026-05-24,102896674,2156,0,10.5030984140,-10.5030984140,-10.5030984140,0E-7,1,1,0.09460280000000000,0.094602800000,-0.32324545095860213,-0.32324545095860213,-0.32324545095860213,0E-17,ELIGIBLE,R03b_20260811_FULL_v1,L1_ELIGIBILITY,v2026-08-11,2026-03-21..2026-08-06,baccarat_bet02_101_all_pairs_incl_sentinel,round_win = game_pnl > 0 (decisive only),COMPATIBILITY_ONLY_NOT_PRODUCTION,1235.4200,1106.3936,168.5298,377,90,-0.13641500,,-0.13641500,-0.13641500,-168.5298,1235.4200,OK,0.0000,6.7412,4.0000,96.0000,AG03-UNRESOLVED,ALL5_LEVELS_bet23_to_bet27,6.7412,6.7412,6.7412,8.4265,8.4265,4.000000,4.000000,4.000000,5.000000,5.000000,96.000000,96.000000,96.000000,95.000000,95.000000,5.0,37.0766,33.9631,131.4533,134.5667,PENDING_AG03,FALSE,NOT_FOR_ENFORCEMENT,161.7886,1062.1379,168.5298,161.7886,6.7412,0.13641500,0.13095840,6.7412,161.7886,0.13095840,6.7412,6.7412,6.7412,8.4265,8.4265,161.7886,0.13095840,37.0766,33.9631,131.4533,134.5667,0.10640370,0.10892386,0.00545660,3.2770,12.2933,1.8726,12.0378,6.0189,88.2443,6.4286,,3.2770,1.0503,1.4704,2.1006,8.1924,14.7043,30.291,1.2604,-1.0503,10.0,20.600061,2.228578,10,25,20,8,0E-8,0.13641500,,0E-8,0.000000,0.895561,0.000000,,2026-03-23,2026-06-26,14,28,22,96,0.145833,,,0.000000,,,,,,,,GLOBAL_BASELINE_NO_ENTITY_RANKING,,,NOT_APPLICABLE_GLOBAL_BASELINE,HF9g-P5,,,,X 全窗基线 · 不参与实体赏罚,6875181,688,A168_HF9F_20260827_0900,2026-08-27 09:00:00
2026-05-24,102896674,2266,0,8.1924167629,-8.1924167629,-8.1924167629,0E-7,5,1,0.39677504871866223,0.152591400000,-0.8110218004673537,-0.4243445172374872,-0.8110218004673537,0.24418364871866223,ELIGIBLE,R03b_20260811_FULL_v1,L1_ELIGIBILITY,v2026-08-11,2026-03-21..2026-08-06,baccarat_bet02_101_all_pairs_incl_sentinel,round_win = game_pnl > 0 (decisive only),COMPATIBILITY_ONLY_NOT_PRODUCTION,1235.4200,1106.3936,168.5298,377,90,-0.13641500,,-0.13641500,-0.13641500,-168.5298,1235.4200,OK,0.0000,6.7412,4.0000,96.0000,AG03-UNRESOLVED,ALL5_LEVELS_bet23_to_bet27,6.7412,6.7412,6.7412,8.4265,8.4265,4.000000,4.000000,4.000000,5.000000,5.000000,96.000000,96.000000,96.000000,95.000000,95.000000,5.0,37.0766,33.9631,131.4533,134.5667,PENDING_AG03,FALSE,NOT_FOR_ENFORCEMENT,161.7886,1062.1379,168.5298,161.7886,6.7412,0.13641500,0.13095840,6.7412,161.7886,0.13095840,6.7412,6.7412,6.7412,8.4265,8.4265,161.7886,0.13095840,37.0766,33.9631,131.4533,134.5667,0.10640370,0.10892386,0.00545660,3.2770,12.2933,1.8726,12.0378,6.0189,88.2443,6.4286,,3.2770,1.0503,1.4704,2.1006,8.1924,14.7043,30.291,1.2604,-1.0503,10.0,20.600061,2.228578,10,25,20,8,0E-8,0.13641500,,0E-8,0.000000,0.895561,0.000000,,2026-03-23,2026-06-26,14,28,22,96,0.145833,,,0.000000,,,,,,,,GLOBAL_BASELINE_NO_ENTITY_RANKING,,,NOT_APPLICABLE_GLOBAL_BASELINE,HF9g-P5,,,,X 全窗基线 · 不参与实体赏罚,6875182,688,A168_HF9F_20260827_0900,2026-08-27 09:00:00
2026-05-26,102896674,2248,0,1.8905577145,-1.8905577145,-1.8905577145,0E-7,1,1,0.49324550000000000,0.493245500000,-0.9865810262130424,-0.9865810262130424,-0.9865810262130424,0E-17,ELIGIBLE,R03b_20260811_FULL_v1,L1_ELIGIBILITY,v2026-08-11,2026-03-21..2026-08-06,baccarat_bet02_101_all_pairs_incl_sentinel,round_win = game_pnl > 0 (decisive only),COMPATIBILITY_ONLY_NOT_PRODUCTION,1235.4200,1106.3936,168.5298,377,90,-0.13641500,,-0.13641500,-0.13641500,-168.5298,1235.4200,OK,0.0000,6.7412,4.0000,96.0000,AG03-UNRESOLVED,ALL5_LEVELS_bet23_to_bet27,6.7412,6.7412,6.7412,8.4265,8.4265,4.000000,4.000000,4.000000,5.000000,5.000000,96.000000,96.000000,96.000000,95.000000,95.000000,5.0,37.0766,33.9631,131.4533,134.5667,PENDING_AG03,FALSE,NOT_FOR_ENFORCEMENT,161.7886,1062.1379,168.5298,161.7886,6.7412,0.13641500,0.13095840,6.7412,161.7886,0.13095840,6.7412,6.7412,6.7412,8.4265,8.4265,161.7886,0.13095840,37.0766,33.9631,131.4533,134.5667,0.10640370,0.10892386,0.00545660,3.2770,12.2933,1.8726,12.0378,6.0189,88.2443,6.4286,,3.2770,1.0503,1.4704,2.1006,8.1924,14.7043,30.291,1.2604,-1.0503,10.0,20.600061,2.228578,10,25,20,8,0E-8,0.13641500,,0E-8,0.000000,0.895561,0.000000,,2026-03-23,2026-06-26,14,28,22,96,0.145833,,,0.000000,,,,,,,,GLOBAL_BASELINE_NO_ENTITY_RANKING,,,NOT_APPLICABLE_GLOBAL_BASELINE,HF9g-P5,,,,X 全窗基线 · 不参与实体赏罚,6875183,688,A168_HF9F_20260827_0900,2026-08-27 09:00:00
2026-05-27,102896674,1318,0,6.9320449533,-2.7308055877,-2.7308055877,0.5000000,5,2,0.44306750768863274,0.330167025000,0.16208355921273285,0.5107247507396782,0.16208355921273285,0.11290048268863274,ELIGIBLE,R03b_20260811_FULL_v1,L1_ELIGIBILITY,v2026-08-11,2026-03-21..2026-08-06,baccarat_bet02_101_all_pairs_incl_sentinel,round_win = game_pnl > 0 (decisive only),COMPATIBILITY_ONLY_NOT_PRODUCTION,1235.4200,1106.3936,168.5298,377,90,-0.13641500,,-0.13641500,-0.13641500,-168.5298,1235.4200,OK,0.0000,6.7412,4.0000,96.0000,AG03-UNRESOLVED,ALL5_LEVELS_bet23_to_bet27,6.7412,6.7412,6.7412,8.4265,8.4265,4.000000,4.000000,4.000000,5.000000,5.000000,96.000000,96.000000,96.000000,95.000000,95.000000,5.0,37.0766,33.9631,131.4533,134.5667,PENDING_AG03,FALSE,NOT_FOR_ENFORCEMENT,161.7886,1062.1379,168.5298,161.7886,6.7412,0.13641500,0.13095840,6.7412,161.7886,0.13095840,6.7412,6.7412,6.7412,8.4265,8.4265,161.7886,0.13095840,37.0766,33.9631,131.4533,134.5667,0.10640370,0.10892386,0.00545660,3.2770,12.2933,1.8726,12.0378,6.0189,88.2443,6.4286,,3.2770,1.0503,1.4704,2.1006,8.1924,14.7043,30.291,1.2604,-1.0503,10.0,20.600061,2.228578,10,25,20,8,0E-8,0.13641500,,0E-8,0.000000,0.895561,0.000000,,2026-03-23,2026-06-26,14,28,22,96,0.145833,,,0.000000,,,,,,,,GLOBAL_BASELINE_NO_ENTITY_RANKING,,,NOT_APPLICABLE_GLOBAL_BASELINE,HF9g-P5,,,,X 全窗基线 · 不参与实体赏罚,6875184,688,A168_HF9F_20260827_0900,2026-08-27 09:00:00
2026-05-27,102896674,2142,0,1.4704337780,1.3969120891,1.3969120891,1.0000000,1,1,0.50665070000000000,0.506650700000,0.9867858985152569,0.9867858985152569,0.9867858985152569,0E-17,ELIGIBLE,R03b_20260811_FULL_v1,L1_ELIGIBILITY,v2026-08-11,2026-03-21..2026-08-06,baccarat_bet02_101_all_pairs_incl_sentinel,round_win = game_pnl > 0 (decisive only),COMPATIBILITY_ONLY_NOT_PRODUCTION,1235.4200,1106.3936,168.5298,377,90,-0.13641500,,-0.13641500,-0.13641500,-168.5298,1235.4200,OK,0.0000,6.7412,4.0000,96.0000,AG03-UNRESOLVED,ALL5_LEVELS_bet23_to_bet27,6.7412,6.7412,6.7412,8.4265,8.4265,4.000000,4.000000,4.000000,5.000000,5.000000,96.000000,96.000000,96.000000,95.000000,95.000000,5.0,37.0766,33.9631,131.4533,134.5667,PENDING_AG03,FALSE,NOT_FOR_ENFORCEMENT,161.7886,1062.1379,168.5298,161.7886,6.7412,0.13641500,0.13095840,6.7412,161.7886,0.13095840,6.7412,6.7412,6.7412,8.4265,8.4265,161.7886,0.13095840,37.0766,33.9631,131.4533,134.5667,0.10640370,0.10892386,0.00545660,3.2770,12.2933,1.8726,12.0378,6.0189,88.2443,6.4286,,3.2770,1.0503,1.4704,2.1006,8.1924,14.7043,30.291,1.2604,-1.0503,10.0,20.600061,2.228578,10,25,20,8,0E-8,0.13641500,,0E-8,0.000000,0.895561,0.000000,,2026-03-23,2026-06-26,14,28,22,96,0.145833,,,0.000000,,,,,,,,GLOBAL_BASELINE_NO_ENTITY_RANKING,,,NOT_APPLICABLE_GLOBAL_BASELINE,HF9g-P5,,,,X 全窗基线 · 不参与实体赏罚,6875185,688,A168_HF9F_20260827_0900,2026-08-27 09:00:00
2026-05-27,102896674,2175,0,25.4174981623,-4.6003571057,-4.6003571057,0.5000000,14,4,0.43011334495863263,0.187171589583,0.2823179863939429,1.6040458639519393,0.2823179863939429,0.24294175537563263,ELIGIBLE,R03b_20260811_FULL_v1,L1_ELIGIBILITY,v2026-08-11,2026-03-21..2026-08-06,baccarat_bet02_101_all_pairs_incl_sentinel,round_win = game_pnl > 0 (decisive only),COMPATIBILITY_ONLY_NOT_PRODUCTION,1235.4200,1106.3936,168.5298,377,90,-0.13641500,,-0.13641500,-0.13641500,-168.5298,1235.4200,OK,0.0000,6.7412,4.0000,96.0000,AG03-UNRESOLVED,ALL5_LEVELS_bet23_to_bet27,6.7412,6.7412,6.7412,8.4265,8.4265,4.000000,4.000000,4.000000,5.000000,5.000000,96.000000,96.000000,96.000000,95.000000,95.000000,5.0,37.0766,33.9631,131.4533,134.5667,PENDING_AG03,FALSE,NOT_FOR_ENFORCEMENT,161.7886,1062.1379,168.5298,161.7886,6.7412,0.13641500,0.13095840,6.7412,161.7886,0.13095840,6.7412,6.7412,6.7412,8.4265,8.4265,161.7886,0.13095840,37.0766,33.9631,131.4533,134.5667,0.10640370,0.10892386,0.00545660,3.2770,12.2933,1.8726,12.0378,6.0189,88.2443,6.4286,,3.2770,1.0503,1.4704,2.1006,8.1924,14.7043,30.291,1.2604,-1.0503,10.0,20.600061,2.228578,10,25,20,8,0E-8,0.13641500,,0E-8,0.000000,0.895561,0.000000,,2026-03-23,2026-06-26,14,28,22,96,0.145833,,,0.000000,,,,,,,,GLOBAL_BASELINE_NO_ENTITY_RANKING,,,NOT_APPLICABLE_GLOBAL_BASELINE,HF9g-P5,,,,X 全窗基线 · 不参与实体赏罚,6875186,688,A168_HF9F_20260827_0900,2026-08-27 09:00:00
2026-05-31,102896674,2153,0,3.7388613090,-3.7388613090,-3.7388613090,0E-7,1,1,0.50665070000000000,0.506650700000,-1.013391052207602,-1.013391052207602,-1.013391052207602,0E-17,ELIGIBLE,R03b_20260811_FULL_v1,L1_ELIGIBILITY,v2026-08-11,2026-03-21..2026-08-06,baccarat_bet02_101_all_pairs_incl_sentinel,round_win = game_pnl > 0 (decisive only),COMPATIBILITY_ONLY_NOT_PRODUCTION,1235.4200,1106.3936,168.5298,377,90,-0.13641500,,-0.13641500,-0.13641500,-168.5298,1235.4200,OK,0.0000,6.7412,4.0000,96.0000,AG03-UNRESOLVED,ALL5_LEVELS_bet23_to_bet27,6.7412,6.7412,6.7412,8.4265,8.4265,4.000000,4.000000,4.000000,5.000000,5.000000,96.000000,96.000000,96.000000,95.000000,95.000000,5.0,37.0766,33.9631,131.4533,134.5667,PENDING_AG03,FALSE,NOT_FOR_ENFORCEMENT,161.7886,1062.1379,168.5298,161.7886,6.7412,0.13641500,0.13095840,6.7412,161.7886,0.13095840,6.7412,6.7412,6.7412,8.4265,8.4265,161.7886,0.13095840,37.0766,33.9631,131.4533,134.5667,0.10640370,0.10892386,0.00545660,3.2770,12.2933,1.8726,12.0378,6.0189,88.2443,6.4286,,3.2770,1.0503,1.4704,2.1006,8.1924,14.7043,30.291,1.2604,-1.0503,10.0,20.600061,2.228578,10,25,20,8,0E-8,0.13641500,,0E-8,0.000000,0.895561,0.000000,,2026-03-23,2026-06-26,14,28,22,96,0.145833,,,0.000000,,,,,,,,GLOBAL_BASELINE_NO_ENTITY_RANKING,,,NOT_APPLICABLE_GLOBAL_BASELINE,HF9g-P5,,,,X 全窗基线 · 不参与实体赏罚,6875187,688,A168_HF9F_20260827_0900,2026-08-27 09:00:00
2026-06-26,102896674,2170,0,2.9080032403,-0.8827866980,-0.8827866980,0.5000000,2,2,0.49994810000000000,0.499948100000,0.00014679536856514622,0.00014679536856514622,0.00014679536856514622,0E-17,ELIGIBLE,R03b_20260811_FULL_v1,L1_ELIGIBILITY,v2026-08-11,2026-03-21..2026-08-06,baccarat_bet02_101_all_pairs_incl_sentinel,round_win = game_pnl > 0 (decisive only),COMPATIBILITY_ONLY_NOT_PRODUCTION,1235.4200,1106.3936,168.5298,377,90,-0.13641500,,-0.13641500,-0.13641500,-168.5298,1235.4200,OK,0.0000,6.7412,4.0000,96.0000,AG03-UNRESOLVED,ALL5_LEVELS_bet23_to_bet27,6.7412,6.7412,6.7412,8.4265,8.4265,4.000000,4.000000,4.000000,5.000000,5.000000,96.000000,96.000000,96.000000,95.000000,95.000000,5.0,37.0766,33.9631,131.4533,134.5667,PENDING_AG03,FALSE,NOT_FOR_ENFORCEMENT,161.7886,1062.1379,168.5298,161.7886,6.7412,0.13641500,0.13095840,6.7412,161.7886,0.13095840,6.7412,6.7412,6.7412,8.4265,8.4265,161.7886,0.13095840,37.0766,33.9631,131.4533,134.5667,0.10640370,0.10892386,0.00545660,3.2770,12.2933,1.8726,12.0378,6.0189,88.2443,6.4286,,3.2770,1.0503,1.4704,2.1006,8.1924,14.7043,30.291,1.2604,-1.0503,10.0,20.600061,2.228578,10,25,20,8,0E-8,0.13641500,,0E-8,0.000000,0.895561,0.000000,,2026-03-23,2026-06-26,14,28,22,96,0.145833,,,0.000000,,,,,,,,GLOBAL_BASELINE_NO_ENTITY_RANKING,,,NOT_APPLICABLE_GLOBAL_BASELINE,HF9g-P5,,,,X 全窗基线 · 不参与实体赏罚,6875188,688,A168_HF9F_20260827_0900,2026-08-27 09:00:00
2026-06-26,102896674,2276,0,2.9080032404,-1.4540016202,-1.4540016202,0E-7,2,2,0.50665070000000000,0.506650700000,-1.013391052207602,-1.013391052207602,-1.013391052207602,0E-17,ELIGIBLE,R03b_20260811_FULL_v1,L1_ELIGIBILITY,v2026-08-11,2026-03-21..2026-08-06,baccarat_bet02_101_all_pairs_incl_sentinel,round_win = game_pnl > 0 (decisive only),COMPATIBILITY_ONLY_NOT_PRODUCTION,1235.4200,1106.3936,168.5298,377,90,-0.13641500,,-0.13641500,-0.13641500,-168.5298,1235.4200,OK,0.0000,6.7412,4.0000,96.0000,AG03-UNRESOLVED,ALL5_LEVELS_bet23_to_bet27,6.7412,6.7412,6.7412,8.4265,8.4265,4.000000,4.000000,4.000000,5.000000,5.000000,96.000000,96.000000,96.000000,95.000000,95.000000,5.0,37.0766,33.9631,131.4533,134.5667,PENDING_AG03,FALSE,NOT_FOR_ENFORCEMENT,161.7886,1062.1379,168.5298,161.7886,6.7412,0.13641500,0.13095840,6.7412,161.7886,0.13095840,6.7412,6.7412,6.7412,8.4265,8.4265,161.7886,0.13095840,37.0766,33.9631,131.4533,134.5667,0.10640370,0.10892386,0.00545660,3.2770,12.2933,1.8726,12.0378,6.0189,88.2443,6.4286,,3.2770,1.0503,1.4704,2.1006,8.1924,14.7043,30.291,1.2604,-1.0503,10.0,20.600061,2.228578,10,25,20,8,0E-8,0.13641500,,0E-8,0.000000,0.895561,0.000000,,2026-03-23,2026-06-26,14,28,22,96,0.145833,,,0.000000,,,,,,,,GLOBAL_BASELINE_NO_ENTITY_RANKING,,,NOT_APPLICABLE_GLOBAL_BASELINE,HF9g-P5,,,,X 全窗基线 · 不参与实体赏罚,6875189,688,A168_HF9F_20260827_0900,2026-08-27 09:00:00
2026-04-16,147370238,1941,0,898.5305588933,-94.3436004470,-86.9323045139,0.4761905,23,23,0.50082235217391304,0.500822352174,-0.22575517774572665,-0.2257551777465237,-0.22575517774572665,-8.696E-14,ELIGIBLE,R03b_20260811_FULL_v1,L1_ELIGIBILITY,v2026-08-11,2026-03-21..2026-08-06,baccarat_bet02_101_all_pairs_incl_sentinel,round_win = game_pnl > 0 (decisive only),COMPATIBILITY_ONLY_NOT_PRODUCTION,1154.0489,1046.1071,180.2209,32,32,-0.15616405,,-0.15616405,-0.16432225,-180.2209,1154.0489,OK,9.4150,9.0110,5.0000,95.0000,AG03-UNRESOLVED,ALL5_LEVELS_bet23_to_bet27,9.0110,9.0110,9.0110,9.0110,9.0110,5.000000,5.000000,5.000000,5.000000,5.000000,95.000000,95.000000,95.000000,95.000000,95.000000,5.0,45.0552,40.7694,125.7507,130.0366,PENDING_AG03,FALSE,NOT_FOR_ENFORCEMENT,171.2099,993.8018,170.8060,161.7949,-0.4039,0.14800585,0.14019764,9.0110,161.7949,0.14019764,9.0110,9.0110,9.0110,9.0110,9.0110,161.7949,0.14019764,45.0552,40.7694,125.7507,130.0366,0.10896483,0.11267856,-0.00035000,36.0640,32.6908,5.6319,180.2209,90.1105,1154.0489,32.0000,,36.0640,26.353,33.3101,42.1647,55.2358,63.0363,63.2471,32.256,-10.4463,1.892405,1.898734,1.082674,2,3,1,2,0E-8,0.15616405,,0.00900000,0.900000,0.906467,0.000000,,2026-04-16,2026-04-16,1,2,2,1,1.000000,,,0.000000,,,,,,,,GLOBAL_BASELINE_NO_ENTITY_RANKING,,,NOT_APPLICABLE_GLOBAL_BASELINE,HF9g-P5,,,,X 全窗基线 · 不参与实体赏罚,6875190,688,A168_HF9F_20260827_0900,2026-08-27 09:00:00
2026-04-16,147370238,2130,0,65.7769907028,-10.9628317838,-10.6668353257,0.5000000,4,4,0.49659680000000000,0.496596800000,0.009625926164049043,0.009625926164049045,0.009625926164049043,0E-17,ELIGIBLE,R03b_20260811_FULL_v1,L1_ELIGIBILITY,v2026-08-11,2026-03-21..2026-08-06,baccarat_bet02_101_all_pairs_incl_sentinel,round_win = game_pnl > 0 (decisive only),COMPATIBILITY_ONLY_NOT_PRODUCTION,1154.0489,1046.1071,180.2209,32,32,-0.15616405,,-0.15616405,-0.16432225,-180.2209,1154.0489,OK,9.4150,9.0110,5.0000,95.0000,AG03-UNRESOLVED,ALL5_LEVELS_bet23_to_bet27,9.0110,9.0110,9.0110,9.0110,9.0110,5.000000,5.000000,5.000000,5.000000,5.000000,95.000000,95.000000,95.000000,95.000000,95.000000,5.0,45.0552,40.7694,125.7507,130.0366,PENDING_AG03,FALSE,NOT_FOR_ENFORCEMENT,171.2099,993.8018,170.8060,161.7949,-0.4039,0.14800585,0.14019764,9.0110,161.7949,0.14019764,9.0110,9.0110,9.0110,9.0110,9.0110,161.7949,0.14019764,45.0552,40.7694,125.7507,130.0366,0.10896483,0.11267856,-0.00035000,36.0640,32.6908,5.6319,180.2209,90.1105,1154.0489,32.0000,,36.0640,26.353,33.3101,42.1647,55.2358,63.0363,63.2471,32.256,-10.4463,1.892405,1.898734,1.082674,2,3,1,2,0E-8,0.15616405,,0.00900000,0.900000,0.906467,0.000000,,2026-04-16,2026-04-16,1,2,2,1,1.000000,,,0.000000,,,,,,,,GLOBAL_BASELINE_NO_ENTITY_RANKING,,,NOT_APPLICABLE_GLOBAL_BASELINE,HF9g-P5,,,,X 全窗基线 · 不参与实体赏罚,6875191,688,A168_HF9F_20260827_0900,2026-08-27 09:00:00
2026-04-16,147370238,471,0,189.7413193346,-84.3294752598,-82.6218033858,0.2000000,5,5,0.49324550000000000,0.493245500000,-1.3115534243649334,-1.3115534243649334,-1.3115534243649334,0E-17,ELIGIBLE,R03b_20260811_FULL_v1,L1_ELIGIBILITY,v2026-08-11,2026-03-21..2026-08-06,baccarat_bet02_101_all_pairs_incl_sentinel,round_win = game_pnl > 0 (decisive only),COMPATIBILITY_ONLY_NOT_PRODUCTION,1154.0489,1046.1071,180.2209,32,32,-0.15616405,,-0.15616405,-0.16432225,-180.2209,1154.0489,OK,9.4150,9.0110,5.0000,95.0000,AG03-UNRESOLVED,ALL5_LEVELS_bet23_to_bet27,9.0110,9.0110,9.0110,9.0110,9.0110,5.000000,5.000000,5.000000,5.000000,5.000000,95.000000,95.000000,95.000000,95.000000,95.000000,5.0,45.0552,40.7694,125.7507,130.0366,PENDING_AG03,FALSE,NOT_FOR_ENFORCEMENT,171.2099,993.8018,170.8060,161.7949,-0.4039,0.14800585,0.14019764,9.0110,161.7949,0.14019764,9.0110,9.0110,9.0110,9.0110,9.0110,161.7949,0.14019764,45.0552,40.7694,125.7507,130.0366,0.10896483,0.11267856,-0.00035000,36.0640,32.6908,5.6319,180.2209,90.1105,1154.0489,32.0000,,36.0640,26.353,33.3101,42.1647,55.2358,63.0363,63.2471,32.256,-10.4463,1.892405,1.898734,1.082674,2,3,1,2,0E-8,0.15616405,,0.00900000,0.900000,0.906467,0.000000,,2026-04-16,2026-04-16,1,2,2,1,1.000000,,,0.000000,,,,,,,,GLOBAL_BASELINE_NO_ENTITY_RANKING,,,NOT_APPLICABLE_GLOBAL_BASELINE,HF9g-P5,,,,X 全窗基线 · 不参与实体赏罚,6875192,688,A168_HF9F_20260827_0900,2026-08-27 09:00:00
2026-03-22,147481337,1405,0,18.4322089686,-8.1628354004,-8.1628354004,0.2500000,4,4,0.49994810000000000,0.499948100000,-0.9997924053861017,-0.9997924053861017,-0.9997924053861017,0E-17,ELIGIBLE,R03b_20260811_FULL_v1,L1_ELIGIBILITY,v2026-08-11,2026-03-21..2026-08-06,baccarat_bet02_101_all_pairs_incl_sentinel,round_win = game_pnl > 0 (decisive only),COMPATIBILITY_ONLY_NOT_PRODUCTION,2242.6774,1951.0366,166.7994,254,254,-0.07437512,-0.35000000,-0.07245808,-0.07437512,-166.7994,2242.6774,OK,0.0000,5.0040,3.0000,97.0000,AG03-UNRESOLVED,ALL5_LEVELS_bet23_to_bet27,5.0040,5.0040,5.0040,6.6720,6.6720,3.000000,3.000000,3.000000,4.000000,4.000000,97.000000,97.000000,97.000000,96.000000,96.000000,5.0,28.3559,26.5012,138.4435,140.2982,PENDING_AG03,FALSE,NOT_FOR_ENFORCEMENT,161.7954,1892.5055,166.7994,161.7954,5.0040,0.07437512,0.07214387,5.0040,161.7954,0.07214387,5.0040,5.0040,5.0040,6.6720,6.6720,161.7954,0.07214387,28.3559,26.5012,138.4435,140.2982,0.06173135,0.06255836,0.00223125,8.8294,7.6812,0.6567,9.8117,4.9059,131.9222,14.9412,5.1636,8.8733,5.1891,5.2352,10.3783,26.176,26.176,52.3519,5.2352,0.0,5.0,10.0,1.686555,10,37,19,3,0.00690722,0.07437512,0.35000000,0E-8,0.000000,0.869959,0.000000,-0.27754192,2026-03-22,2026-07-24,17,34,32,125,0.136000,0.581924,0.584811,0.023024,,,,,,,,GLOBAL_BASELINE_NO_ENTITY_RANKING,,,NOT_APPLICABLE_GLOBAL_BASELINE,HF9g-P5,,,,X 全窗基线 · 不参与实体赏罚,6875193,688,A168_HF9F_20260827_0900,2026-08-27 09:00:00
2026-03-22,147481337,1654,0,116.1229165021,-7.8863522659,-7.8863522659,0.4705882,19,19,0.50030086842105263,0.500300868421,-0.24501669395387027,-0.24501669395343623,-0.24501669395387027,5.263E-14,ELIGIBLE,R03b_20260811_FULL_v1,L1_ELIGIBILITY,v2026-08-11,2026-03-21..2026-08-06,baccarat_bet02_101_all_pairs_incl_sentinel,round_win = game_pnl > 0 (decisive only),COMPATIBILITY_ONLY_NOT_PRODUCTION,2242.6774,1951.0366,166.7994,254,254,-0.07437512,-0.35000000,-0.07245808,-0.07437512,-166.7994,2242.6774,OK,0.0000,5.0040,3.0000,97.0000,AG03-UNRESOLVED,ALL5_LEVELS_bet23_to_bet27,5.0040,5.0040,5.0040,6.6720,6.6720,3.000000,3.000000,3.000000,4.000000,4.000000,97.000000,97.000000,97.000000,96.000000,96.000000,5.0,28.3559,26.5012,138.4435,140.2982,PENDING_AG03,FALSE,NOT_FOR_ENFORCEMENT,161.7954,1892.5055,166.7994,161.7954,5.0040,0.07437512,0.07214387,5.0040,161.7954,0.07214387,5.0040,5.0040,5.0040,6.6720,6.6720,161.7954,0.07214387,28.3559,26.5012,138.4435,140.2982,0.06173135,0.06255836,0.00223125,8.8294,7.6812,0.6567,9.8117,4.9059,131.9222,14.9412,5.1636,8.8733,5.1891,5.2352,10.3783,26.176,26.176,52.3519,5.2352,0.0,5.0,10.0,1.686555,10,37,19,3,0.00690722,0.07437512,0.35000000,0E-8,0.000000,0.869959,0.000000,-0.27754192,2026-03-22,2026-07-24,17,34,32,125,0.136000,0.581924,0.584811,0.023024,,,,,,,,GLOBAL_BASELINE_NO_ENTITY_RANKING,,,NOT_APPLICABLE_GLOBAL_BASELINE,HF9g-P5,,,,X 全窗基线 · 不参与实体赏罚,6875194,688,A168_HF9F_20260827_0900,2026-08-27 09:00:00
2026-03-26,147481337,789,0,10.5326908392,-7.8995181294,-7.8995181294,0E-7,3,3,0.49771390000000000,0.497713900000,-1.4077622098436522,-1.4077622098436524,-1.4077622098436522,0E-17,ELIGIBLE,R03b_20260811_FULL_v1,L1_ELIGIBILITY,v2026-08-11,2026-03-21..2026-08-06,baccarat_bet02_101_all_pairs_incl_sentinel,round_win = game_pnl > 0 (decisive only),COMPATIBILITY_ONLY_NOT_PRODUCTION,2242.6774,1951.0366,166.7994,254,254,-0.07437512,-0.35000000,-0.07245808,-0.07437512,-166.7994,2242.6774,OK,0.0000,5.0040,3.0000,97.0000,AG03-UNRESOLVED,ALL5_LEVELS_bet23_to_bet27,5.0040,5.0040,5.0040,6.6720,6.6720,3.000000,3.000000,3.000000,4.000000,4.000000,97.000000,97.000000,97.000000,96.000000,96.000000,5.0,28.3559,26.5012,138.4435,140.2982,PENDING_AG03,FALSE,NOT_FOR_ENFORCEMENT,161.7954,1892.5055,166.7994,161.7954,5.0040,0.07437512,0.07214387,5.0040,161.7954,0.07214387,5.0040,5.0040,5.0040,6.6720,6.6720,161.7954,0.07214387,28.3559,26.5012,138.4435,140.2982,0.06173135,0.06255836,0.00223125,8.8294,7.6812,0.6567,9.8117,4.9059,131.9222,14.9412,5.1636,8.8733,5.1891,5.2352,10.3783,26.176,26.176,52.3519,5.2352,0.0,5.0,10.0,1.686555,10,37,19,3,0.00690722,0.07437512,0.35000000,0E-8,0.000000,0.869959,0.000000,-0.27754192,2026-03-22,2026-07-24,17,34,32,125,0.136000,0.581924,0.584811,0.023024,,,,,,,,GLOBAL_BASELINE_NO_ENTITY_RANKING,,,NOT_APPLICABLE_GLOBAL_BASELINE,HF9g-P5,,,,X 全窗基线 · 不参与实体赏罚,6875195,688,A168_HF9F_20260827_0900,2026-08-27 09:00:00
2026-04-05,147481337,1383,0,23.5583592912,7.4601471089,7.4601471089,0.7500000,5,5,0.50396966000000000,0.503969660000,0.9841523774297893,0.9841523774297894,0.9841523774297893,0E-17,ELIGIBLE,R03b_20260811_FULL_v1,L1_ELIGIBILITY,v2026-08-11,2026-03-21..2026-08-06,baccarat_bet02_101_all_pairs_incl_sentinel,round_win = game_pnl > 0 (decisive only),COMPATIBILITY_ONLY_NOT_PRODUCTION,2242.6774,1951.0366,166.7994,254,254,-0.07437512,-0.35000000,-0.07245808,-0.07437512,-166.7994,2242.6774,OK,0.0000,5.0040,3.0000,97.0000,AG03-UNRESOLVED,ALL5_LEVELS_bet23_to_bet27,5.0040,5.0040,5.0040,6.6720,6.6720,3.000000,3.000000,3.000000,4.000000,4.000000,97.000000,97.000000,97.000000,96.000000,96.000000,5.0,28.3559,26.5012,138.4435,140.2982,PENDING_AG03,FALSE,NOT_FOR_ENFORCEMENT,161.7954,1892.5055,166.7994,161.7954,5.0040,0.07437512,0.07214387,5.0040,161.7954,0.07214387,5.0040,5.0040,5.0040,6.6720,6.6720,161.7954,0.07214387,28.3559,26.5012,138.4435,140.2982,0.06173135,0.06255836,0.00223125,8.8294,7.6812,0.6567,9.8117,4.9059,131.9222,14.9412,5.1636,8.8733,5.1891,5.2352,10.3783,26.176,26.176,52.3519,5.2352,0.0,5.0,10.0,1.686555,10,37,19,3,0.00690722,0.07437512,0.35000000,0E-8,0.000000,0.869959,0.000000,-0.27754192,2026-03-22,2026-07-24,17,34,32,125,0.136000,0.581924,0.584811,0.023024,,,,,,,,GLOBAL_BASELINE_NO_ENTITY_RANKING,,,NOT_APPLICABLE_GLOBAL_BASELINE,HF9g-P5,,,,X 全窗基线 · 不参与实体赏罚,6875196,688,A168_HF9F_20260827_0900,2026-08-27 09:00:00
2026-04-09,147481337,-1,1,9.4233437165,-3.1411145721,-3.1411145721,0.5000000,2,2,0.49324550000000000,0.493245500000,0.01910635448239258,0.01910635448239258,0.01910635448239258,0E-17,SENTINEL_DEALER,R03b_20260811_FULL_v1,L1_ELIGIBILITY,v2026-08-11,2026-03-21..2026-08-06,baccarat_bet02_101_all_pairs_incl_sentinel,round_win = game_pnl > 0 (decisive only),COMPATIBILITY_ONLY_NOT_PRODUCTION,2242.6774,1951.0366,166.7994,254,254,-0.07437512,-0.35000000,-0.07245808,-0.07437512,-166.7994,2242.6774,OK,0.0000,5.0040,3.0000,97.0000,AG03-UNRESOLVED,ALL5_LEVELS_bet23_to_bet27,5.0040,5.0040,5.0040,6.6720,6.6720,3.000000,3.000000,3.000000,4.000000,4.000000,97.000000,97.000000,97.000000,96.000000,96.000000,5.0,28.3559,26.5012,138.4435,140.2982,PENDING_AG03,FALSE,NOT_FOR_ENFORCEMENT,161.7954,1892.5055,166.7994,161.7954,5.0040,0.07437512,0.07214387,5.0040,161.7954,0.07214387,5.0040,5.0040,5.0040,6.6720,6.6720,161.7954,0.07214387,28.3559,26.5012,138.4435,140.2982,0.06173135,0.06255836,0.00223125,8.8294,7.6812,0.6567,9.8117,4.9059,131.9222,14.9412,5.1636,8.8733,5.1891,5.2352,10.3783,26.176,26.176,52.3519,5.2352,0.0,5.0,10.0,1.686555,10,37,19,3,0.00690722,0.07437512,0.35000000,0E-8,0.000000,0.869959,0.000000,-0.27754192,2026-03-22,2026-07-24,17,34,32,125,0.136000,0.581924,0.584811,0.023024,,,,,,,,GLOBAL_BASELINE_NO_ENTITY_RANKING,,,NOT_APPLICABLE_GLOBAL_BASELINE,HF9g-P5,,,,X 全窗基线 · 不参与实体赏罚,6875197,688,A168_HF9F_20260827_0900,2026-08-27 09:00:00
2026-04-09,147481337,1017,0,340.2874119839,-58.8958982279,-58.8958982279,0.4545455,12,12,0.50329940000000000,0.503299400000,-0.3234041295018258,-0.3234041295018258,-0.3234041295018258,0E-17,ELIGIBLE,R03b_20260811_FULL_v1,L1_ELIGIBILITY,v2026-08-11,2026-03-21..2026-08-06,baccarat_bet02_101_all_pairs_incl_sentinel,round_win = game_pnl > 0 (decisive only),COMPATIBILITY_ONLY_NOT_PRODUCTION,2242.6774,1951.0366,166.7994,254,254,-0.07437512,-0.35000000,-0.07245808,-0.07437512,-166.7994,2242.6774,OK,0.0000,5.0040,3.0000,97.0000,AG03-UNRESOLVED,ALL5_LEVELS_bet23_to_bet27,5.0040,5.0040,5.0040,6.6720,6.6720,3.000000,3.000000,3.000000,4.000000,4.000000,97.000000,97.000000,97.000000,96.000000,96.000000,5.0,28.3559,26.5012,138.4435,140.2982,PENDING_AG03,FALSE,NOT_FOR_ENFORCEMENT,161.7954,1892.5055,166.7994,161.7954,5.0040,0.07437512,0.07214387,5.0040,161.7954,0.07214387,5.0040,5.0040,5.0040,6.6720,6.6720,161.7954,0.07214387,28.3559,26.5012,138.4435,140.2982,0.06173135,0.06255836,0.00223125,8.8294,7.6812,0.6567,9.8117,4.9059,131.9222,14.9412,5.1636,8.8733,5.1891,5.2352,10.3783,26.176,26.176,52.3519,5.2352,0.0,5.0,10.0,1.686555,10,37,19,3,0.00690722,0.07437512,0.35000000,0E-8,0.000000,0.869959,0.000000,-0.27754192,2026-03-22,2026-07-24,17,34,32,125,0.136000,0.581924,0.584811,0.023024,,,,,,,,GLOBAL_BASELINE_NO_ENTITY_RANKING,,,NOT_APPLICABLE_GLOBAL_BASELINE,HF9g-P5,,,,X 全窗基线 · 不参与实体赏罚,6875198,688,A168_HF9F_20260827_0900,2026-08-27 09:00:00
2026-04-09,147481337,1485,0,60.7282150617,-20.6528283120,-20.6528283120,0.3000000,10,10,0.50262914000000000,0.502629140000,-1.2815569227742838,-1.2815569227742838,-1.2815569227742838,0E-17,ELIGIBLE,R03b_20260811_FULL_v1,L1_ELIGIBILITY,v2026-08-11,2026-03-21..2026-08-06,baccarat_bet02_101_all_pairs_incl_sentinel,round_win = game_pnl > 0 (decisive only),COMPATIBILITY_ONLY_NOT_PRODUCTION,2242.6774,1951.0366,166.7994,254,254,-0.07437512,-0.35000000,-0.07245808,-0.07437512,-166.7994,2242.6774,OK,0.0000,5.0040,3.0000,97.0000,AG03-UNRESOLVED,ALL5_LEVELS_bet23_to_bet27,5.0040,5.0040,5.0040,6.6720,6.6720,3.000000,3.000000,3.000000,4.000000,4.000000,97.000000,97.000000,97.000000,96.000000,96.000000,5.0,28.3559,26.5012,138.4435,140.2982,PENDING_AG03,FALSE,NOT_FOR_ENFORCEMENT,161.7954,1892.5055,166.7994,161.7954,5.0040,0.07437512,0.07214387,5.0040,161.7954,0.07214387,5.0040,5.0040,5.0040,6.6720,6.6720,161.7954,0.07214387,28.3559,26.5012,138.4435,140.2982,0.06173135,0.06255836,0.00223125,8.8294,7.6812,0.6567,9.8117,4.9059,131.9222,14.9412,5.1636,8.8733,5.1891,5.2352,10.3783,26.176,26.176,52.3519,5.2352,0.0,5.0,10.0,1.686555,10,37,19,3,0.00690722,0.07437512,0.35000000,0E-8,0.000000,0.869959,0.000000,-0.27754192,2026-03-22,2026-07-24,17,34,32,125,0.136000,0.581924,0.584811,0.023024,,,,,,,,GLOBAL_BASELINE_NO_ENTITY_RANKING,,,NOT_APPLICABLE_GLOBAL_BASELINE,HF9g-P5,,,,X 全窗基线 · 不参与实体赏罚,6875199,688,A168_HF9F_20260827_0900,2026-08-27 09:00:00
2026-04-09,147481337,2151,0,10.4703819072,10.2086223595,10.2086223595,1.0000000,2,2,0.49994810000000000,0.499948100000,1.4143603653603398,1.4143603653603398,1.4143603653603398,0E-17,ELIGIBLE,R03b_20260811_FULL_v1,L1_ELIGIBILITY,v2026-08-11,2026-03-21..2026-08-06,baccarat_bet02_101_all_pairs_incl_sentinel,round_win = game_pnl > 0 (decisive only),COMPATIBILITY_ONLY_NOT_PRODUCTION,2242.6774,1951.0366,166.7994,254,254,-0.07437512,-0.35000000,-0.07245808,-0.07437512,-166.7994,2242.6774,OK,0.0000,5.0040,3.0000,97.0000,AG03-UNRESOLVED,ALL5_LEVELS_bet23_to_bet27,5.0040,5.0040,5.0040,6.6720,6.6720,3.000000,3.000000,3.000000,4.000000,4.000000,97.000000,97.000000,97.000000,96.000000,96.000000,5.0,28.3559,26.5012,138.4435,140.2982,PENDING_AG03,FALSE,NOT_FOR_ENFORCEMENT,161.7954,1892.5055,166.7994,161.7954,5.0040,0.07437512,0.07214387,5.0040,161.7954,0.07214387,5.0040,5.0040,5.0040,6.6720,6.6720,161.7954,0.07214387,28.3559,26.5012,138.4435,140.2982,0.06173135,0.06255836,0.00223125,8.8294,7.6812,0.6567,9.8117,4.9059,131.9222,14.9412,5.1636,8.8733,5.1891,5.2352,10.3783,26.176,26.176,52.3519,5.2352,0.0,5.0,10.0,1.686555,10,37,19,3,0.00690722,0.07437512,0.35000000,0E-8,0.000000,0.869959,0.000000,-0.27754192,2026-03-22,2026-07-24,17,34,32,125,0.136000,0.581924,0.584811,0.023024,,,,,,,,GLOBAL_BASELINE_NO_ENTITY_RANKING,,,NOT_APPLICABLE_GLOBAL_BASELINE,HF9g-P5,,,,X 全窗基线 · 不参与实体赏罚,6875200,688,A168_HF9F_20260827_0900,2026-08-27 09:00:00
2026-04-09,147481337,595,0,413.5800853342,39.7874512474,39.7874512474,0.6315789,23,23,0.48290722608695652,0.482907226087,1.2968480209908342,1.2968480209904514,1.2968480209908342,-4.348E-14,ELIGIBLE,R03b_20260811_FULL_v1,L1_ELIGIBILITY,v2026-08-11,2026-03-21..2026-08-06,baccarat_bet02_101_all_pairs_incl_sentinel,round_win = game_pnl > 0 (decisive only),COMPATIBILITY_ONLY_NOT_PRODUCTION,2242.6774,1951.0366,166.7994,254,254,-0.07437512,-0.35000000,-0.07245808,-0.07437512,-166.7994,2242.6774,OK,0.0000,5.0040,3.0000,97.0000,AG03-UNRESOLVED,ALL5_LEVELS_bet23_to_bet27,5.0040,5.0040,5.0040,6.6720,6.6720,3.000000,3.000000,3.000000,4.000000,4.000000,97.000000,97.000000,97.000000,96.000000,96.000000,5.0,28.3559,26.5012,138.4435,140.2982,PENDING_AG03,FALSE,NOT_FOR_ENFORCEMENT,161.7954,1892.5055,166.7994,161.7954,5.0040,0.07437512,0.07214387,5.0040,161.7954,0.07214387,5.0040,5.0040,5.0040,6.6720,6.6720,161.7954,0.07214387,28.3559,26.5012,138.4435,140.2982,0.06173135,0.06255836,0.00223125,8.8294,7.6812,0.6567,9.8117,4.9059,131.9222,14.9412,5.1636,8.8733,5.1891,5.2352,10.3783,26.176,26.176,52.3519,5.2352,0.0,5.0,10.0,1.686555,10,37,19,3,0.00690722,0.07437512,0.35000000,0E-8,0.000000,0.869959,0.000000,-0.27754192,2026-03-22,2026-07-24,17,34,32,125,0.136000,0.581924,0.584811,0.023024,,,,,,,,GLOBAL_BASELINE_NO_ENTITY_RANKING,,,NOT_APPLICABLE_GLOBAL_BASELINE,HF9g-P5,,,,X 全窗基线 · 不参与实体赏罚,6875201,688,A168_HF9F_20260827_0900,2026-08-27 09:00:00
2026-04-10,147481337,1645,0,27.2229929587,-27.2229929587,-27.2229929587,0E-7,3,3,0.50218230000000000,0.502182300000,-1.7396270863184011,-1.7396270863184016,-1.7396270863184011,0E-17,ELIGIBLE,R03b_20260811_FULL_v1,L1_ELIGIBILITY,v2026-08-11,2026-03-21..2026-08-06,baccarat_bet02_101_all_pairs_incl_sentinel,round_win = game_pnl > 0 (decisive only),COMPATIBILITY_ONLY_NOT_PRODUCTION,2242.6774,1951.0366,166.7994,254,254,-0.07437512,-0.35000000,-0.07245808,-0.07437512,-166.7994,2242.6774,OK,0.0000,5.0040,3.0000,97.0000,AG03-UNRESOLVED,ALL5_LEVELS_bet23_to_bet27,5.0040,5.0040,5.0040,6.6720,6.6720,3.000000,3.000000,3.000000,4.000000,4.000000,97.000000,97.000000,97.000000,96.000000,96.000000,5.0,28.3559,26.5012,138.4435,140.2982,PENDING_AG03,FALSE,NOT_FOR_ENFORCEMENT,161.7954,1892.5055,166.7994,161.7954,5.0040,0.07437512,0.07214387,5.0040,161.7954,0.07214387,5.0040,5.0040,5.0040,6.6720,6.6720,161.7954,0.07214387,28.3559,26.5012,138.4435,140.2982,0.06173135,0.06255836,0.00223125,8.8294,7.6812,0.6567,9.8117,4.9059,131.9222,14.9412,5.1636,8.8733,5.1891,5.2352,10.3783,26.176,26.176,52.3519,5.2352,0.0,5.0,10.0,1.686555,10,37,19,3,0.00690722,0.07437512,0.35000000,0E-8,0.000000,0.869959,0.000000,-0.27754192,2026-03-22,2026-07-24,17,34,32,125,0.136000,0.581924,0.584811,0.023024,,,,,,,,GLOBAL_BASELINE_NO_ENTITY_RANKING,,,NOT_APPLICABLE_GLOBAL_BASELINE,HF9g-P5,,,,X 全窗基线 · 不参与实体赏罚,6875202,688,A168_HF9F_20260827_0900,2026-08-27 09:00:00
2026-04-10,147481337,2147,0,315.1584954065,-5.0650472476,-5.0650472476,0.5000000,18,18,0.50367176666666667,0.503671766667,-0.029374925401889827,-0.02937492540455668,-0.029374925401889827,-3.3333E-13,ELIGIBLE,R03b_20260811_FULL_v1,L1_ELIGIBILITY,v2026-08-11,2026-03-21..2026-08-06,baccarat_bet02_101_all_pairs_incl_sentinel,round_win = game_pnl > 0 (decisive only),COMPATIBILITY_ONLY_NOT_PRODUCTION,2242.6774,1951.0366,166.7994,254,254,-0.07437512,-0.35000000,-0.07245808,-0.07437512,-166.7994,2242.6774,OK,0.0000,5.0040,3.0000,97.0000,AG03-UNRESOLVED,ALL5_LEVELS_bet23_to_bet27,5.0040,5.0040,5.0040,6.6720,6.6720,3.000000,3.000000,3.000000,4.000000,4.000000,97.000000,97.000000,97.000000,96.000000,96.000000,5.0,28.3559,26.5012,138.4435,140.2982,PENDING_AG03,FALSE,NOT_FOR_ENFORCEMENT,161.7954,1892.5055,166.7994,161.7954,5.0040,0.07437512,0.07214387,5.0040,161.7954,0.07214387,5.0040,5.0040,5.0040,6.6720,6.6720,161.7954,0.07214387,28.3559,26.5012,138.4435,140.2982,0.06173135,0.06255836,0.00223125,8.8294,7.6812,0.6567,9.8117,4.9059,131.9222,14.9412,5.1636,8.8733,5.1891,5.2352,10.3783,26.176,26.176,52.3519,5.2352,0.0,5.0,10.0,1.686555,10,37,19,3,0.00690722,0.07437512,0.35000000,0E-8,0.000000,0.869959,0.000000,-0.27754192,2026-03-22,2026-07-24,17,34,32,125,0.136000,0.581924,0.584811,0.023024,,,,,,,,GLOBAL_BASELINE_NO_ENTITY_RANKING,,,NOT_APPLICABLE_GLOBAL_BASELINE,HF9g-P5,,,,X 全窗基线 · 不参与实体赏罚,6875203,688,A168_HF9F_20260827_0900,2026-08-27 09:00:00
2026-04-10,147481337,2155,0,5.2351909536,5.2351909536,5.2351909536,1.0000000,1,1,0.49324550000000000,0.493245500000,1.01360149184955,1.01360149184955,1.01360149184955,0E-17,ELIGIBLE,R03b_20260811_FULL_v1,L1_ELIGIBILITY,v2026-08-11,2026-03-21..2026-08-06,baccarat_bet02_101_all_pairs_incl_sentinel,round_win = game_pnl > 0 (decisive only),COMPATIBILITY_ONLY_NOT_PRODUCTION,2242.6774,1951.0366,166.7994,254,254,-0.07437512,-0.35000000,-0.07245808,-0.07437512,-166.7994,2242.6774,OK,0.0000,5.0040,3.0000,97.0000,AG03-UNRESOLVED,ALL5_LEVELS_bet23_to_bet27,5.0040,5.0040,5.0040,6.6720,6.6720,3.000000,3.000000,3.000000,4.000000,4.000000,97.000000,97.000000,97.000000,96.000000,96.000000,5.0,28.3559,26.5012,138.4435,140.2982,PENDING_AG03,FALSE,NOT_FOR_ENFORCEMENT,161.7954,1892.5055,166.7994,161.7954,5.0040,0.07437512,0.07214387,5.0040,161.7954,0.07214387,5.0040,5.0040,5.0040,6.6720,6.6720,161.7954,0.07214387,28.3559,26.5012,138.4435,140.2982,0.06173135,0.06255836,0.00223125,8.8294,7.6812,0.6567,9.8117,4.9059,131.9222,14.9412,5.1636,8.8733,5.1891,5.2352,10.3783,26.176,26.176,52.3519,5.2352,0.0,5.0,10.0,1.686555,10,37,19,3,0.00690722,0.07437512,0.35000000,0E-8,0.000000,0.869959,0.000000,-0.27754192,2026-03-22,2026-07-24,17,34,32,125,0.136000,0.581924,0.584811,0.023024,,,,,,,,GLOBAL_BASELINE_NO_ENTITY_RANKING,,,NOT_APPLICABLE_GLOBAL_BASELINE,HF9g-P5,,,,X 全窗基线 · 不参与实体赏罚,6875204,688,A168_HF9F_20260827_0900,2026-08-27 09:00:00
2026-04-13,147481337,1942,0,94.4951967124,-13.0879773841,-13.0879773841,0.4705882,18,18,0.49696916666666667,0.496969166667,-0.21754672988616414,-0.21754672988891202,-0.21754672988616414,-3.3333E-13,ELIGIBLE,R03b_20260811_FULL_v1,L1_ELIGIBILITY,v2026-08-11,2026-03-21..2026-08-06,baccarat_bet02_101_all_pairs_incl_sentinel,round_win = game_pnl > 0 (decisive only),COMPATIBILITY_ONLY_NOT_PRODUCTION,2242.6774,1951.0366,166.7994,254,254,-0.07437512,-0.35000000,-0.07245808,-0.07437512,-166.7994,2242.6774,OK,0.0000,5.0040,3.0000,97.0000,AG03-UNRESOLVED,ALL5_LEVELS_bet23_to_bet27,5.0040,5.0040,5.0040,6.6720,6.6720,3.000000,3.000000,3.000000,4.000000,4.000000,97.000000,97.000000,97.000000,96.000000,96.000000,5.0,28.3559,26.5012,138.4435,140.2982,PENDING_AG03,FALSE,NOT_FOR_ENFORCEMENT,161.7954,1892.5055,166.7994,161.7954,5.0040,0.07437512,0.07214387,5.0040,161.7954,0.07214387,5.0040,5.0040,5.0040,6.6720,6.6720,161.7954,0.07214387,28.3559,26.5012,138.4435,140.2982,0.06173135,0.06255836,0.00223125,8.8294,7.6812,0.6567,9.8117,4.9059,131.9222,14.9412,5.1636,8.8733,5.1891,5.2352,10.3783,26.176,26.176,52.3519,5.2352,0.0,5.0,10.0,1.686555,10,37,19,3,0.00690722,0.07437512,0.35000000,0E-8,0.000000,0.869959,0.000000,-0.27754192,2026-03-22,2026-07-24,17,34,32,125,0.136000,0.581924,0.584811,0.023024,,,,,,,,GLOBAL_BASELINE_NO_ENTITY_RANKING,,,NOT_APPLICABLE_GLOBAL_BASELINE,HF9g-P5,,,,X 全窗基线 · 不参与实体赏罚,6875205,688,A168_HF9F_20260827_0900,2026-08-27 09:00:00
2026-04-13,147481337,2106,0,84.2865743530,4.5546161296,4.5546161296,0.7500000,8,8,0.50162375000000000,0.501623750000,1.4050356542380409,1.4050356542380409,1.4050356542380409,0E-17,ELIGIBLE,R03b_20260811_FULL_v1,L1_ELIGIBILITY,v2026-08-11,2026-03-21..2026-08-06,baccarat_bet02_101_all_pairs_incl_sentinel,round_win = game_pnl > 0 (decisive only),COMPATIBILITY_ONLY_NOT_PRODUCTION,2242.6774,1951.0366,166.7994,254,254,-0.07437512,-0.35000000,-0.07245808,-0.07437512,-166.7994,2242.6774,OK,0.0000,5.0040,3.0000,97.0000,AG03-UNRESOLVED,ALL5_LEVELS_bet23_to_bet27,5.0040,5.0040,5.0040,6.6720,6.6720,3.000000,3.000000,3.000000,4.000000,4.000000,97.000000,97.000000,97.000000,96.000000,96.000000,5.0,28.3559,26.5012,138.4435,140.2982,PENDING_AG03,FALSE,NOT_FOR_ENFORCEMENT,161.7954,1892.5055,166.7994,161.7954,5.0040,0.07437512,0.07214387,5.0040,161.7954,0.07214387,5.0040,5.0040,5.0040,6.6720,6.6720,161.7954,0.07214387,28.3559,26.5012,138.4435,140.2982,0.06173135,0.06255836,0.00223125,8.8294,7.6812,0.6567,9.8117,4.9059,131.9222,14.9412,5.1636,8.8733,5.1891,5.2352,10.3783,26.176,26.176,52.3519,5.2352,0.0,5.0,10.0,1.686555,10,37,19,3,0.00690722,0.07437512,0.35000000,0E-8,0.000000,0.869959,0.000000,-0.27754192,2026-03-22,2026-07-24,17,34,32,125,0.136000,0.581924,0.584811,0.023024,,,,,,,,GLOBAL_BASELINE_NO_ENTITY_RANKING,,,NOT_APPLICABLE_GLOBAL_BASELINE,HF9g-P5,,,,X 全窗基线 · 不参与实体赏罚,6875206,688,A168_HF9F_20260827_0900,2026-08-27 09:00:00
2026-04-13,147481337,462,0,7.3292673350,-7.3292673350,-7.3292673350,0E-7,1,1,0.49324550000000000,0.493245500000,-0.9865810262130424,-0.9865810262130424,-0.9865810262130424,0E-17,ELIGIBLE,R03b_20260811_FULL_v1,L1_ELIGIBILITY,v2026-08-11,2026-03-21..2026-08-06,baccarat_bet02_101_all_pairs_incl_sentinel,round_win = game_pnl > 0 (decisive only),COMPATIBILITY_ONLY_NOT_PRODUCTION,2242.6774,1951.0366,166.7994,254,254,-0.07437512,-0.35000000,-0.07245808,-0.07437512,-166.7994,2242.6774,OK,0.0000,5.0040,3.0000,97.0000,AG03-UNRESOLVED,ALL5_LEVELS_bet23_to_bet27,5.0040,5.0040,5.0040,6.6720,6.6720,3.000000,3.000000,3.000000,4.000000,4.000000,97.000000,97.000000,97.000000,96.000000,96.000000,5.0,28.3559,26.5012,138.4435,140.2982,PENDING_AG03,FALSE,NOT_FOR_ENFORCEMENT,161.7954,1892.5055,166.7994,161.7954,5.0040,0.07437512,0.07214387,5.0040,161.7954,0.07214387,5.0040,5.0040,5.0040,6.6720,6.6720,161.7954,0.07214387,28.3559,26.5012,138.4435,140.2982,0.06173135,0.06255836,0.00223125,8.8294,7.6812,0.6567,9.8117,4.9059,131.9222,14.9412,5.1636,8.8733,5.1891,5.2352,10.3783,26.176,26.176,52.3519,5.2352,0.0,5.0,10.0,1.686555,10,37,19,3,0.00690722,0.07437512,0.35000000,0E-8,0.000000,0.869959,0.000000,-0.27754192,2026-03-22,2026-07-24,17,34,32,125,0.136000,0.581924,0.584811,0.023024,,,,,,,,GLOBAL_BASELINE_NO_ENTITY_RANKING,,,NOT_APPLICABLE_GLOBAL_BASELINE,HF9g-P5,,,,X 全窗基线 · 不参与实体赏罚,6875207,688,A168_HF9F_20260827_0900,2026-08-27 09:00:00
2026-04-16,147481337,1094,0,10.9939010025,-3.6646336675,-3.6646336675,0.3333333,3,3,0.49771390000000000,0.497713900000,-0.5694369385616226,-0.5694369385616226,-0.5694369385616226,0E-17,ELIGIBLE,R03b_20260811_FULL_v1,L1_ELIGIBILITY,v2026-08-11,2026-03-21..2026-08-06,baccarat_bet02_101_all_pairs_incl_sentinel,round_win = game_pnl > 0 (decisive only),COMPATIBILITY_ONLY_NOT_PRODUCTION,2242.6774,1951.0366,166.7994,254,254,-0.07437512,-0.35000000,-0.07245808,-0.07437512,-166.7994,2242.6774,OK,0.0000,5.0040,3.0000,97.0000,AG03-UNRESOLVED,ALL5_LEVELS_bet23_to_bet27,5.0040,5.0040,5.0040,6.6720,6.6720,3.000000,3.000000,3.000000,4.000000,4.000000,97.000000,97.000000,97.000000,96.000000,96.000000,5.0,28.3559,26.5012,138.4435,140.2982,PENDING_AG03,FALSE,NOT_FOR_ENFORCEMENT,161.7954,1892.5055,166.7994,161.7954,5.0040,0.07437512,0.07214387,5.0040,161.7954,0.07214387,5.0040,5.0040,5.0040,6.6720,6.6720,161.7954,0.07214387,28.3559,26.5012,138.4435,140.2982,0.06173135,0.06255836,0.00223125,8.8294,7.6812,0.6567,9.8117,4.9059,131.9222,14.9412,5.1636,8.8733,5.1891,5.2352,10.3783,26.176,26.176,52.3519,5.2352,0.0,5.0,10.0,1.686555,10,37,19,3,0.00690722,0.07437512,0.35000000,0E-8,0.000000,0.869959,0.000000,-0.27754192,2026-03-22,2026-07-24,17,34,32,125,0.136000,0.581924,0.584811,0.023024,,,,,,,,GLOBAL_BASELINE_NO_ENTITY_RANKING,,,NOT_APPLICABLE_GLOBAL_BASELINE,HF9g-P5,,,,X 全窗基线 · 不参与实体赏罚,6875208,688,A168_HF9F_20260827_0900,2026-08-27 09:00:00
2026-04-16,147481337,2088,0,15.7055728608,-7.9836662042,-7.9836662042,0.3333333,4,4,0.50665070000000000,0.506650700000,-0.6004420894325239,-0.6004420894325239,-0.6004420894325239,0E-17,ELIGIBLE,R03b_20260811_FULL_v1,L1_ELIGIBILITY,v2026-08-11,2026-03-21..2026-08-06,baccarat_bet02_101_all_pairs_incl_sentinel,round_win = game_pnl > 0 (decisive only),COMPATIBILITY_ONLY_NOT_PRODUCTION,2242.6774,1951.0366,166.7994,254,254,-0.07437512,-0.35000000,-0.07245808,-0.07437512,-166.7994,2242.6774,OK,0.0000,5.0040,3.0000,97.0000,AG03-UNRESOLVED,ALL5_LEVELS_bet23_to_bet27,5.0040,5.0040,5.0040,6.6720,6.6720,3.000000,3.000000,3.000000,4.000000,4.000000,97.000000,97.000000,97.000000,96.000000,96.000000,5.0,28.3559,26.5012,138.4435,140.2982,PENDING_AG03,FALSE,NOT_FOR_ENFORCEMENT,161.7954,1892.5055,166.7994,161.7954,5.0040,0.07437512,0.07214387,5.0040,161.7954,0.07214387,5.0040,5.0040,5.0040,6.6720,6.6720,161.7954,0.07214387,28.3559,26.5012,138.4435,140.2982,0.06173135,0.06255836,0.00223125,8.8294,7.6812,0.6567,9.8117,4.9059,131.9222,14.9412,5.1636,8.8733,5.1891,5.2352,10.3783,26.176,26.176,52.3519,5.2352,0.0,5.0,10.0,1.686555,10,37,19,3,0.00690722,0.07437512,0.35000000,0E-8,0.000000,0.869959,0.000000,-0.27754192,2026-03-22,2026-07-24,17,34,32,125,0.136000,0.581924,0.584811,0.023024,,,,,,,,GLOBAL_BASELINE_NO_ENTITY_RANKING,,,NOT_APPLICABLE_GLOBAL_BASELINE,HF9g-P5,,,,X 全窗基线 · 不参与实体赏罚,6875209,688,A168_HF9F_20260827_0900,2026-08-27 09:00:00
2026-04-16,147481337,752,0,58.6341386802,-1.4396775123,-1.4396775123,0.5000000,11,11,0.50177608181818182,0.501776081818,-0.011232998580997008,-0.011232998579847055,-0.011232998580997008,1.8182E-13,ELIGIBLE,R03b_20260811_FULL_v1,L1_ELIGIBILITY,v2026-08-11,2026-03-21..2026-08-06,baccarat_bet02_101_all_pairs_incl_sentinel,round_win = game_pnl > 0 (decisive only),COMPATIBILITY_ONLY_NOT_PRODUCTION,2242.6774,1951.0366,166.7994,254,254,-0.07437512,-0.35000000,-0.07245808,-0.07437512,-166.7994,2242.6774,OK,0.0000,5.0040,3.0000,97.0000,AG03-UNRESOLVED,ALL5_LEVELS_bet23_to_bet27,5.0040,5.0040,5.0040,6.6720,6.6720,3.000000,3.000000,3.000000,4.000000,4.000000,97.000000,97.000000,97.000000,96.000000,96.000000,5.0,28.3559,26.5012,138.4435,140.2982,PENDING_AG03,FALSE,NOT_FOR_ENFORCEMENT,161.7954,1892.5055,166.7994,161.7954,5.0040,0.07437512,0.07214387,5.0040,161.7954,0.07214387,5.0040,5.0040,5.0040,6.6720,6.6720,161.7954,0.07214387,28.3559,26.5012,138.4435,140.2982,0.06173135,0.06255836,0.00223125,8.8294,7.6812,0.6567,9.8117,4.9059,131.9222,14.9412,5.1636,8.8733,5.1891,5.2352,10.3783,26.176,26.176,52.3519,5.2352,0.0,5.0,10.0,1.686555,10,37,19,3,0.00690722,0.07437512,0.35000000,0E-8,0.000000,0.869959,0.000000,-0.27754192,2026-03-22,2026-07-24,17,34,32,125,0.136000,0.581924,0.584811,0.023024,,,,,,,,GLOBAL_BASELINE_NO_ENTITY_RANKING,,,NOT_APPLICABLE_GLOBAL_BASELINE,HF9g-P5,,,,X 全窗基线 · 不参与实体赏罚,6875210,688,A168_HF9F_20260827_0900,2026-08-27 09:00:00
2026-04-18,147481337,1299,0,62.8222914432,4.4499123105,4.4499123105,0.5000000,14,14,0.49611804285714286,0.496118042857,0.02689579864653434,0.026895798647524193,0.02689579864653434,1.4286E-13,ELIGIBLE,R03b_20260811_FULL_v1,L1_ELIGIBILITY,v2026-08-11,2026-03-21..2026-08-06,baccarat_bet02_101_all_pairs_incl_sentinel,round_win = game_pnl > 0 (decisive only),COMPATIBILITY_ONLY_NOT_PRODUCTION,2242.6774,1951.0366,166.7994,254,254,-0.07437512,-0.35000000,-0.07245808,-0.07437512,-166.7994,2242.6774,OK,0.0000,5.0040,3.0000,97.0000,AG03-UNRESOLVED,ALL5_LEVELS_bet23_to_bet27,5.0040,5.0040,5.0040,6.6720,6.6720,3.000000,3.000000,3.000000,4.000000,4.000000,97.000000,97.000000,97.000000,96.000000,96.000000,5.0,28.3559,26.5012,138.4435,140.2982,PENDING_AG03,FALSE,NOT_FOR_ENFORCEMENT,161.7954,1892.5055,166.7994,161.7954,5.0040,0.07437512,0.07214387,5.0040,161.7954,0.07214387,5.0040,5.0040,5.0040,6.6720,6.6720,161.7954,0.07214387,28.3559,26.5012,138.4435,140.2982,0.06173135,0.06255836,0.00223125,8.8294,7.6812,0.6567,9.8117,4.9059,131.9222,14.9412,5.1636,8.8733,5.1891,5.2352,10.3783,26.176,26.176,52.3519,5.2352,0.0,5.0,10.0,1.686555,10,37,19,3,0.00690722,0.07437512,0.35000000,0E-8,0.000000,0.869959,0.000000,-0.27754192,2026-03-22,2026-07-24,17,34,32,125,0.136000,0.581924,0.584811,0.023024,,,,,,,,GLOBAL_BASELINE_NO_ENTITY_RANKING,,,NOT_APPLICABLE_GLOBAL_BASELINE,HF9g-P5,,,,X 全窗基线 · 不参与实体赏罚,6875211,688,A168_HF9F_20260827_0900,2026-08-27 09:00:00
2026-04-18,147481337,1714,0,2.6175954768,-2.6175954768,-2.6175954768,0E-7,1,1,0.50665070000000000,0.506650700000,-1.013391052207602,-1.013391052207602,-1.013391052207602,0E-17,ELIGIBLE,R03b_20260811_FULL_v1,L1_ELIGIBILITY,v2026-08-11,2026-03-21..2026-08-06,baccarat_bet02_101_all_pairs_incl_sentinel,round_win = game_pnl > 0 (decisive only),COMPATIBILITY_ONLY_NOT_PRODUCTION,2242.6774,1951.0366,166.7994,254,254,-0.07437512,-0.35000000,-0.07245808,-0.07437512,-166.7994,2242.6774,OK,0.0000,5.0040,3.0000,97.0000,AG03-UNRESOLVED,ALL5_LEVELS_bet23_to_bet27,5.0040,5.0040,5.0040,6.6720,6.6720,3.000000,3.000000,3.000000,4.000000,4.000000,97.000000,97.000000,97.000000,96.000000,96.000000,5.0,28.3559,26.5012,138.4435,140.2982,PENDING_AG03,FALSE,NOT_FOR_ENFORCEMENT,161.7954,1892.5055,166.7994,161.7954,5.0040,0.07437512,0.07214387,5.0040,161.7954,0.07214387,5.0040,5.0040,5.0040,6.6720,6.6720,161.7954,0.07214387,28.3559,26.5012,138.4435,140.2982,0.06173135,0.06255836,0.00223125,8.8294,7.6812,0.6567,9.8117,4.9059,131.9222,14.9412,5.1636,8.8733,5.1891,5.2352,10.3783,26.176,26.176,52.3519,5.2352,0.0,5.0,10.0,1.686555,10,37,19,3,0.00690722,0.07437512,0.35000000,0E-8,0.000000,0.869959,0.000000,-0.27754192,2026-03-22,2026-07-24,17,34,32,125,0.136000,0.581924,0.584811,0.023024,,,,,,,,GLOBAL_BASELINE_NO_ENTITY_RANKING,,,NOT_APPLICABLE_GLOBAL_BASELINE,HF9g-P5,,,,X 全窗基线 · 不参与实体赏罚,6875212,688,A168_HF9F_20260827_0900,2026-08-27 09:00:00
2026-04-18,147481337,1942,0,149.9882208206,-18.5849278854,-18.5849278854,0.4000000,22,22,0.49933877272727273,0.499338772727,-0.8885137714333347,-0.8885137714308958,-0.8885137714333347,2.7273E-13,ELIGIBLE,R03b_20260811_FULL_v1,L1_ELIGIBILITY,v2026-08-11,2026-03-21..2026-08-06,baccarat_bet02_101_all_pairs_incl_sentinel,round_win = game_pnl > 0 (decisive only),COMPATIBILITY_ONLY_NOT_PRODUCTION,2242.6774,1951.0366,166.7994,254,254,-0.07437512,-0.35000000,-0.07245808,-0.07437512,-166.7994,2242.6774,OK,0.0000,5.0040,3.0000,97.0000,AG03-UNRESOLVED,ALL5_LEVELS_bet23_to_bet27,5.0040,5.0040,5.0040,6.6720,6.6720,3.000000,3.000000,3.000000,4.000000,4.000000,97.000000,97.000000,97.000000,96.000000,96.000000,5.0,28.3559,26.5012,138.4435,140.2982,PENDING_AG03,FALSE,NOT_FOR_ENFORCEMENT,161.7954,1892.5055,166.7994,161.7954,5.0040,0.07437512,0.07214387,5.0040,161.7954,0.07214387,5.0040,5.0040,5.0040,6.6720,6.6720,161.7954,0.07214387,28.3559,26.5012,138.4435,140.2982,0.06173135,0.06255836,0.00223125,8.8294,7.6812,0.6567,9.8117,4.9059,131.9222,14.9412,5.1636,8.8733,5.1891,5.2352,10.3783,26.176,26.176,52.3519,5.2352,0.0,5.0,10.0,1.686555,10,37,19,3,0.00690722,0.07437512,0.35000000,0E-8,0.000000,0.869959,0.000000,-0.27754192,2026-03-22,2026-07-24,17,34,32,125,0.136000,0.581924,0.584811,0.023024,,,,,,,,GLOBAL_BASELINE_NO_ENTITY_RANKING,,,NOT_APPLICABLE_GLOBAL_BASELINE,HF9g-P5,,,,X 全窗基线 · 不参与实体赏罚,6875213,688,A168_HF9F_20260827_0900,2026-08-27 09:00:00
2026-04-18,147481337,526,0,5.2351909536,-5.2351909536,-5.2351909536,0E-7,2,2,0.49324550000000000,0.493245500000,-1.3952362676504506,-1.3952362676504506,-1.3952362676504506,0E-17,ELIGIBLE,R03b_20260811_FULL_v1,L1_ELIGIBILITY,v2026-08-11,2026-03-21..2026-08-06,baccarat_bet02_101_all_pairs_incl_sentinel,round_win = game_pnl > 0 (decisive only),COMPATIBILITY_ONLY_NOT_PRODUCTION,2242.6774,1951.0366,166.7994,254,254,-0.07437512,-0.35000000,-0.07245808,-0.07437512,-166.7994,2242.6774,OK,0.0000,5.0040,3.0000,97.0000,AG03-UNRESOLVED,ALL5_LEVELS_bet23_to_bet27,5.0040,5.0040,5.0040,6.6720,6.6720,3.000000,3.000000,3.000000,4.000000,4.000000,97.000000,97.000000,97.000000,96.000000,96.000000,5.0,28.3559,26.5012,138.4435,140.2982,PENDING_AG03,FALSE,NOT_FOR_ENFORCEMENT,161.7954,1892.5055,166.7994,161.7954,5.0040,0.07437512,0.07214387,5.0040,161.7954,0.07214387,5.0040,5.0040,5.0040,6.6720,6.6720,161.7954,0.07214387,28.3559,26.5012,138.4435,140.2982,0.06173135,0.06255836,0.00223125,8.8294,7.6812,0.6567,9.8117,4.9059,131.9222,14.9412,5.1636,8.8733,5.1891,5.2352,10.3783,26.176,26.176,52.3519,5.2352,0.0,5.0,10.0,1.686555,10,37,19,3,0.00690722,0.07437512,0.35000000,0E-8,0.000000,0.869959,0.000000,-0.27754192,2026-03-22,2026-07-24,17,34,32,125,0.136000,0.581924,0.584811,0.023024,,,,,,,,GLOBAL_BASELINE_NO_ENTITY_RANKING,,,NOT_APPLICABLE_GLOBAL_BASELINE,HF9g-P5,,,,X 全窗基线 · 不参与实体赏罚,6875214,688,A168_HF9F_20260827_0900,2026-08-27 09:00:00
2026-05-04,147481337,1094,0,2.5945721551,-2.5945721551,-2.5945721551,0E-7,1,1,0.50665070000000000,0.506650700000,-1.013391052207602,-1.013391052207602,-1.013391052207602,0E-17,ELIGIBLE,R03b_20260811_FULL_v1,L1_ELIGIBILITY,v2026-08-11,2026-03-21..2026-08-06,baccarat_bet02_101_all_pairs_incl_sentinel,round_win = game_pnl > 0 (decisive only),COMPATIBILITY_ONLY_NOT_PRODUCTION,2242.6774,1951.0366,166.7994,254,254,-0.07437512,-0.35000000,-0.07245808,-0.07437512,-166.7994,2242.6774,OK,0.0000,5.0040,3.0000,97.0000,AG03-UNRESOLVED,ALL5_LEVELS_bet23_to_bet27,5.0040,5.0040,5.0040,6.6720,6.6720,3.000000,3.000000,3.000000,4.000000,4.000000,97.000000,97.000000,97.000000,96.000000,96.000000,5.0,28.3559,26.5012,138.4435,140.2982,PENDING_AG03,FALSE,NOT_FOR_ENFORCEMENT,161.7954,1892.5055,166.7994,161.7954,5.0040,0.07437512,0.07214387,5.0040,161.7954,0.07214387,5.0040,5.0040,5.0040,6.6720,6.6720,161.7954,0.07214387,28.3559,26.5012,138.4435,140.2982,0.06173135,0.06255836,0.00223125,8.8294,7.6812,0.6567,9.8117,4.9059,131.9222,14.9412,5.1636,8.8733,5.1891,5.2352,10.3783,26.176,26.176,52.3519,5.2352,0.0,5.0,10.0,1.686555,10,37,19,3,0.00690722,0.07437512,0.35000000,0E-8,0.000000,0.869959,0.000000,-0.27754192,2026-03-22,2026-07-24,17,34,32,125,0.136000,0.581924,0.584811,0.023024,,,,,,,,GLOBAL_BASELINE_NO_ENTITY_RANKING,,,NOT_APPLICABLE_GLOBAL_BASELINE,HF9g-P5,,,,X 全窗基线 · 不参与实体赏罚,6875215,688,A168_HF9F_20260827_0900,2026-08-27 09:00:00
2026-05-04,147481337,1291,0,5.1891443102,-5.1891443102,-5.1891443102,0E-7,2,2,0.49324550000000000,0.493245500000,-1.3952362676504506,-1.3952362676504506,-1.3952362676504506,0E-17,ELIGIBLE,R03b_20260811_FULL_v1,L1_ELIGIBILITY,v2026-08-11,2026-03-21..2026-08-06,baccarat_bet02_101_all_pairs_incl_sentinel,round_win = game_pnl > 0 (decisive only),COMPATIBILITY_ONLY_NOT_PRODUCTION,2242.6774,1951.0366,166.7994,254,254,-0.07437512,-0.35000000,-0.07245808,-0.07437512,-166.7994,2242.6774,OK,0.0000,5.0040,3.0000,97.0000,AG03-UNRESOLVED,ALL5_LEVELS_bet23_to_bet27,5.0040,5.0040,5.0040,6.6720,6.6720,3.000000,3.000000,3.000000,4.000000,4.000000,97.000000,97.000000,97.000000,96.000000,96.000000,5.0,28.3559,26.5012,138.4435,140.2982,PENDING_AG03,FALSE,NOT_FOR_ENFORCEMENT,161.7954,1892.5055,166.7994,161.7954,5.0040,0.07437512,0.07214387,5.0040,161.7954,0.07214387,5.0040,5.0040,5.0040,6.6720,6.6720,161.7954,0.07214387,28.3559,26.5012,138.4435,140.2982,0.06173135,0.06255836,0.00223125,8.8294,7.6812,0.6567,9.8117,4.9059,131.9222,14.9412,5.1636,8.8733,5.1891,5.2352,10.3783,26.176,26.176,52.3519,5.2352,0.0,5.0,10.0,1.686555,10,37,19,3,0.00690722,0.07437512,0.35000000,0E-8,0.000000,0.869959,0.000000,-0.27754192,2026-03-22,2026-07-24,17,34,32,125,0.136000,0.581924,0.584811,0.023024,,,,,,,,GLOBAL_BASELINE_NO_ENTITY_RANKING,,,NOT_APPLICABLE_GLOBAL_BASELINE,HF9g-P5,,,,X 全窗基线 · 不参与实体赏罚,6875216,688,A168_HF9F_20260827_0900,2026-08-27 09:00:00
2026-05-04,147481337,1646,0,51.8914431010,10.1188314047,10.1188314047,0.7142857,7,7,0.49516052857142857,0.495160528571,1.1595558107697723,1.1595558107720498,1.1595558107697723,4.2857E-13,ELIGIBLE,R03b_20260811_FULL_v1,L1_ELIGIBILITY,v2026-08-11,2026-03-21..2026-08-06,baccarat_bet02_101_all_pairs_incl_sentinel,round_win = game_pnl > 0 (decisive only),COMPATIBILITY_ONLY_NOT_PRODUCTION,2242.6774,1951.0366,166.7994,254,254,-0.07437512,-0.35000000,-0.07245808,-0.07437512,-166.7994,2242.6774,OK,0.0000,5.0040,3.0000,97.0000,AG03-UNRESOLVED,ALL5_LEVELS_bet23_to_bet27,5.0040,5.0040,5.0040,6.6720,6.6720,3.000000,3.000000,3.000000,4.000000,4.000000,97.000000,97.000000,97.000000,96.000000,96.000000,5.0,28.3559,26.5012,138.4435,140.2982,PENDING_AG03,FALSE,NOT_FOR_ENFORCEMENT,161.7954,1892.5055,166.7994,161.7954,5.0040,0.07437512,0.07214387,5.0040,161.7954,0.07214387,5.0040,5.0040,5.0040,6.6720,6.6720,161.7954,0.07214387,28.3559,26.5012,138.4435,140.2982,0.06173135,0.06255836,0.00223125,8.8294,7.6812,0.6567,9.8117,4.9059,131.9222,14.9412,5.1636,8.8733,5.1891,5.2352,10.3783,26.176,26.176,52.3519,5.2352,0.0,5.0,10.0,1.686555,10,37,19,3,0.00690722,0.07437512,0.35000000,0E-8,0.000000,0.869959,0.000000,-0.27754192,2026-03-22,2026-07-24,17,34,32,125,0.136000,0.581924,0.584811,0.023024,,,,,,,,GLOBAL_BASELINE_NO_ENTITY_RANKING,,,NOT_APPLICABLE_GLOBAL_BASELINE,HF9g-P5,,,,X 全窗基线 · 不参与实体赏罚,6875217,688,A168_HF9F_20260827_0900,2026-08-27 09:00:00
2026-05-04,147481337,1940,0,10.3782886204,10.1188314048,10.1188314048,1.0000000,4,4,0.49994810000000000,0.499948100000,2.0002076107755586,2.0002076107755586,2.0002076107755586,0E-17,ELIGIBLE,R03b_20260811_FULL_v1,L1_ELIGIBILITY,v2026-08-11,2026-03-21..2026-08-06,baccarat_bet02_101_all_pairs_incl_sentinel,round_win = game_pnl > 0 (decisive only),COMPATIBILITY_ONLY_NOT_PRODUCTION,2242.6774,1951.0366,166.7994,254,254,-0.07437512,-0.35000000,-0.07245808,-0.07437512,-166.7994,2242.6774,OK,0.0000,5.0040,3.0000,97.0000,AG03-UNRESOLVED,ALL5_LEVELS_bet23_to_bet27,5.0040,5.0040,5.0040,6.6720,6.6720,3.000000,3.000000,3.000000,4.000000,4.000000,97.000000,97.000000,97.000000,96.000000,96.000000,5.0,28.3559,26.5012,138.4435,140.2982,PENDING_AG03,FALSE,NOT_FOR_ENFORCEMENT,161.7954,1892.5055,166.7994,161.7954,5.0040,0.07437512,0.07214387,5.0040,161.7954,0.07214387,5.0040,5.0040,5.0040,6.6720,6.6720,161.7954,0.07214387,28.3559,26.5012,138.4435,140.2982,0.06173135,0.06255836,0.00223125,8.8294,7.6812,0.6567,9.8117,4.9059,131.9222,14.9412,5.1636,8.8733,5.1891,5.2352,10.3783,26.176,26.176,52.3519,5.2352,0.0,5.0,10.0,1.686555,10,37,19,3,0.00690722,0.07437512,0.35000000,0E-8,0.000000,0.869959,0.000000,-0.27754192,2026-03-22,2026-07-24,17,34,32,125,0.136000,0.581924,0.584811,0.023024,,,,,,,,GLOBAL_BASELINE_NO_ENTITY_RANKING,,,NOT_APPLICABLE_GLOBAL_BASELINE,HF9g-P5,,,,X 全窗基线 · 不参与实体赏罚,6875218,688,A168_HF9F_20260827_0900,2026-08-27 09:00:00
2026-05-08,147481337,2115,0,23.3511493956,-8.0431736807,-8.0431736807,0.3333333,6,6,0.49994810000000000,0.499948100000,-0.8162423282897021,-0.8162423282897021,-0.8162423282897021,0E-17,ELIGIBLE,R03b_20260811_FULL_v1,L1_ELIGIBILITY,v2026-08-11,2026-03-21..2026-08-06,baccarat_bet02_101_all_pairs_incl_sentinel,round_win = game_pnl > 0 (decisive only),COMPATIBILITY_ONLY_NOT_PRODUCTION,2242.6774,1951.0366,166.7994,254,254,-0.07437512,-0.35000000,-0.07245808,-0.07437512,-166.7994,2242.6774,OK,0.0000,5.0040,3.0000,97.0000,AG03-UNRESOLVED,ALL5_LEVELS_bet23_to_bet27,5.0040,5.0040,5.0040,6.6720,6.6720,3.000000,3.000000,3.000000,4.000000,4.000000,97.000000,97.000000,97.000000,96.000000,96.000000,5.0,28.3559,26.5012,138.4435,140.2982,PENDING_AG03,FALSE,NOT_FOR_ENFORCEMENT,161.7954,1892.5055,166.7994,161.7954,5.0040,0.07437512,0.07214387,5.0040,161.7954,0.07214387,5.0040,5.0040,5.0040,6.6720,6.6720,161.7954,0.07214387,28.3559,26.5012,138.4435,140.2982,0.06173135,0.06255836,0.00223125,8.8294,7.6812,0.6567,9.8117,4.9059,131.9222,14.9412,5.1636,8.8733,5.1891,5.2352,10.3783,26.176,26.176,52.3519,5.2352,0.0,5.0,10.0,1.686555,10,37,19,3,0.00690722,0.07437512,0.35000000,0E-8,0.000000,0.869959,0.000000,-0.27754192,2026-03-22,2026-07-24,17,34,32,125,0.136000,0.581924,0.584811,0.023024,,,,,,,,GLOBAL_BASELINE_NO_ENTITY_RANKING,,,NOT_APPLICABLE_GLOBAL_BASELINE,HF9g-P5,,,,X 全窗基线 · 不参与实体赏罚,6875219,688,A168_HF9F_20260827_0900,2026-08-27 09:00:00
2026-05-08,147481337,2121,0,3.6324010171,-3.6324010171,-3.6324010171,0E-7,1,1,0.49324550000000000,0.493245500000,-0.9865810262130424,-0.9865810262130424,-0.9865810262130424,0E-17,ELIGIBLE,R03b_20260811_FULL_v1,L1_ELIGIBILITY,v2026-08-11,2026-03-21..2026-08-06,baccarat_bet02_101_all_pairs_incl_sentinel,round_win = game_pnl > 0 (decisive only),COMPATIBILITY_ONLY_NOT_PRODUCTION,2242.6774,1951.0366,166.7994,254,254,-0.07437512,-0.35000000,-0.07245808,-0.07437512,-166.7994,2242.6774,OK,0.0000,5.0040,3.0000,97.0000,AG03-UNRESOLVED,ALL5_LEVELS_bet23_to_bet27,5.0040,5.0040,5.0040,6.6720,6.6720,3.000000,3.000000,3.000000,4.000000,4.000000,97.000000,97.000000,97.000000,96.000000,96.000000,5.0,28.3559,26.5012,138.4435,140.2982,PENDING_AG03,FALSE,NOT_FOR_ENFORCEMENT,161.7954,1892.5055,166.7994,161.7954,5.0040,0.07437512,0.07214387,5.0040,161.7954,0.07214387,5.0040,5.0040,5.0040,6.6720,6.6720,161.7954,0.07214387,28.3559,26.5012,138.4435,140.2982,0.06173135,0.06255836,0.00223125,8.8294,7.6812,0.6567,9.8117,4.9059,131.9222,14.9412,5.1636,8.8733,5.1891,5.2352,10.3783,26.176,26.176,52.3519,5.2352,0.0,5.0,10.0,1.686555,10,37,19,3,0.00690722,0.07437512,0.35000000,0E-8,0.000000,0.869959,0.000000,-0.27754192,2026-03-22,2026-07-24,17,34,32,125,0.136000,0.581924,0.584811,0.023024,,,,,,,,GLOBAL_BASELINE_NO_ENTITY_RANKING,,,NOT_APPLICABLE_GLOBAL_BASELINE,HF9g-P5,,,,X 全窗基线 · 不参与实体赏罚,6875220,688,A168_HF9F_20260827_0900,2026-08-27 09:00:00
2026-05-09,147481337,1363,0,56.3022157646,-5.4486015256,-5.4486015256,0.5000000,7,7,0.50282064285714286,0.502820642857,-0.013818491375558404,-0.0138184913748585,-0.013818491375558404,1.4286E-13,ELIGIBLE,R03b_20260811_FULL_v1,L1_ELIGIBILITY,v2026-08-11,2026-03-21..2026-08-06,baccarat_bet02_101_all_pairs_incl_sentinel,round_win = game_pnl > 0 (decisive only),COMPATIBILITY_ONLY_NOT_PRODUCTION,2242.6774,1951.0366,166.7994,254,254,-0.07437512,-0.35000000,-0.07245808,-0.07437512,-166.7994,2242.6774,OK,0.0000,5.0040,3.0000,97.0000,AG03-UNRESOLVED,ALL5_LEVELS_bet23_to_bet27,5.0040,5.0040,5.0040,6.6720,6.6720,3.000000,3.000000,3.000000,4.000000,4.000000,97.000000,97.000000,97.000000,96.000000,96.000000,5.0,28.3559,26.5012,138.4435,140.2982,PENDING_AG03,FALSE,NOT_FOR_ENFORCEMENT,161.7954,1892.5055,166.7994,161.7954,5.0040,0.07437512,0.07214387,5.0040,161.7954,0.07214387,5.0040,5.0040,5.0040,6.6720,6.6720,161.7954,0.07214387,28.3559,26.5012,138.4435,140.2982,0.06173135,0.06255836,0.00223125,8.8294,7.6812,0.6567,9.8117,4.9059,131.9222,14.9412,5.1636,8.8733,5.1891,5.2352,10.3783,26.176,26.176,52.3519,5.2352,0.0,5.0,10.0,1.686555,10,37,19,3,0.00690722,0.07437512,0.35000000,0E-8,0.000000,0.869959,0.000000,-0.27754192,2026-03-22,2026-07-24,17,34,32,125,0.136000,0.581924,0.584811,0.023024,,,,,,,,GLOBAL_BASELINE_NO_ENTITY_RANKING,,,NOT_APPLICABLE_GLOBAL_BASELINE,HF9g-P5,,,,X 全窗基线 · 不参与实体赏罚,6875221,688,A168_HF9F_20260827_0900,2026-08-27 09:00:00
2026-05-12,147481337,1485,0,2.5945721551,-2.5945721551,-2.5945721551,0E-7,1,1,0.49324550000000000,0.493245500000,-0.9865810262130424,-0.9865810262130424,-0.9865810262130424,0E-17,ELIGIBLE,R03b_20260811_FULL_v1,L1_ELIGIBILITY,v2026-08-11,2026-03-21..2026-08-06,baccarat_bet02_101_all_pairs_incl_sentinel,round_win = game_pnl > 0 (decisive only),COMPATIBILITY_ONLY_NOT_PRODUCTION,2242.6774,1951.0366,166.7994,254,254,-0.07437512,-0.35000000,-0.07245808,-0.07437512,-166.7994,2242.6774,OK,0.0000,5.0040,3.0000,97.0000,AG03-UNRESOLVED,ALL5_LEVELS_bet23_to_bet27,5.0040,5.0040,5.0040,6.6720,6.6720,3.000000,3.000000,3.000000,4.000000,4.000000,97.000000,97.000000,97.000000,96.000000,96.000000,5.0,28.3559,26.5012,138.4435,140.2982,PENDING_AG03,FALSE,NOT_FOR_ENFORCEMENT,161.7954,1892.5055,166.7994,161.7954,5.0040,0.07437512,0.07214387,5.0040,161.7954,0.07214387,5.0040,5.0040,5.0040,6.6720,6.6720,161.7954,0.07214387,28.3559,26.5012,138.4435,140.2982,0.06173135,0.06255836,0.00223125,8.8294,7.6812,0.6567,9.8117,4.9059,131.9222,14.9412,5.1636,8.8733,5.1891,5.2352,10.3783,26.176,26.176,52.3519,5.2352,0.0,5.0,10.0,1.686555,10,37,19,3,0.00690722,0.07437512,0.35000000,0E-8,0.000000,0.869959,0.000000,-0.27754192,2026-03-22,2026-07-24,17,34,32,125,0.136000,0.581924,0.584811,0.023024,,,,,,,,GLOBAL_BASELINE_NO_ENTITY_RANKING,,,NOT_APPLICABLE_GLOBAL_BASELINE,HF9g-P5,,,,X 全窗基线 · 不参与实体赏罚,6875222,688,A168_HF9F_20260827_0900,2026-08-27 09:00:00
2026-05-12,147481337,2167,0,2.5945721551,-2.5945721551,-2.5945721551,0E-7,1,1,0.49324550000000000,0.493245500000,-0.9865810262130424,-0.9865810262130424,-0.9865810262130424,0E-17,ELIGIBLE,R03b_20260811_FULL_v1,L1_ELIGIBILITY,v2026-08-11,2026-03-21..2026-08-06,baccarat_bet02_101_all_pairs_incl_sentinel,round_win = game_pnl > 0 (decisive only),COMPATIBILITY_ONLY_NOT_PRODUCTION,2242.6774,1951.0366,166.7994,254,254,-0.07437512,-0.35000000,-0.07245808,-0.07437512,-166.7994,2242.6774,OK,0.0000,5.0040,3.0000,97.0000,AG03-UNRESOLVED,ALL5_LEVELS_bet23_to_bet27,5.0040,5.0040,5.0040,6.6720,6.6720,3.000000,3.000000,3.000000,4.000000,4.000000,97.000000,97.000000,97.000000,96.000000,96.000000,5.0,28.3559,26.5012,138.4435,140.2982,PENDING_AG03,FALSE,NOT_FOR_ENFORCEMENT,161.7954,1892.5055,166.7994,161.7954,5.0040,0.07437512,0.07214387,5.0040,161.7954,0.07214387,5.0040,5.0040,5.0040,6.6720,6.6720,161.7954,0.07214387,28.3559,26.5012,138.4435,140.2982,0.06173135,0.06255836,0.00223125,8.8294,7.6812,0.6567,9.8117,4.9059,131.9222,14.9412,5.1636,8.8733,5.1891,5.2352,10.3783,26.176,26.176,52.3519,5.2352,0.0,5.0,10.0,1.686555,10,37,19,3,0.00690722,0.07437512,0.35000000,0E-8,0.000000,0.869959,0.000000,-0.27754192,2026-03-22,2026-07-24,17,34,32,125,0.136000,0.581924,0.584811,0.023024,,,,,,,,GLOBAL_BASELINE_NO_ENTITY_RANKING,,,NOT_APPLICABLE_GLOBAL_BASELINE,HF9g-P5,,,,X 全窗基线 · 不参与实体赏罚,6875223,688,A168_HF9F_20260827_0900,2026-08-27 09:00:00
2026-05-23,147481337,1323,0,7.7837164652,-5.1891443101,-5.1891443101,0E-7,2,2,0.49994810000000000,0.499948100000,-0.9998962053866608,-0.9998962053866608,-0.9998962053866608,0E-17,ELIGIBLE,R03b_20260811_FULL_v1,L1_ELIGIBILITY,v2026-08-11,2026-03-21..2026-08-06,baccarat_bet02_101_all_pairs_incl_sentinel,round_win = game_pnl > 0 (decisive only),COMPATIBILITY_ONLY_NOT_PRODUCTION,2242.6774,1951.0366,166.7994,254,254,-0.07437512,-0.35000000,-0.07245808,-0.07437512,-166.7994,2242.6774,OK,0.0000,5.0040,3.0000,97.0000,AG03-UNRESOLVED,ALL5_LEVELS_bet23_to_bet27,5.0040,5.0040,5.0040,6.6720,6.6720,3.000000,3.000000,3.000000,4.000000,4.000000,97.000000,97.000000,97.000000,96.000000,96.000000,5.0,28.3559,26.5012,138.4435,140.2982,PENDING_AG03,FALSE,NOT_FOR_ENFORCEMENT,161.7954,1892.5055,166.7994,161.7954,5.0040,0.07437512,0.07214387,5.0040,161.7954,0.07214387,5.0040,5.0040,5.0040,6.6720,6.6720,161.7954,0.07214387,28.3559,26.5012,138.4435,140.2982,0.06173135,0.06255836,0.00223125,8.8294,7.6812,0.6567,9.8117,4.9059,131.9222,14.9412,5.1636,8.8733,5.1891,5.2352,10.3783,26.176,26.176,52.3519,5.2352,0.0,5.0,10.0,1.686555,10,37,19,3,0.00690722,0.07437512,0.35000000,0E-8,0.000000,0.869959,0.000000,-0.27754192,2026-03-22,2026-07-24,17,34,32,125,0.136000,0.581924,0.584811,0.023024,,,,,,,,GLOBAL_BASELINE_NO_ENTITY_RANKING,,,NOT_APPLICABLE_GLOBAL_BASELINE,HF9g-P5,,,,X 全窗基线 · 不参与实体赏罚,6875224,688,A168_HF9F_20260827_0900,2026-08-27 09:00:00
2026-05-29,147481337,1323,0,20.7565772404,-5.4486015256,-5.4486015256,0.3333333,4,4,0.49994810000000000,0.499948100000,-0.5771704854251445,-0.5771704854251445,-0.5771704854251445,0E-17,ELIGIBLE,R03b_20260811_FULL_v1,L1_ELIGIBILITY,v2026-08-11,2026-03-21..2026-08-06,baccarat_bet02_101_all_pairs_incl_sentinel,round_win = game_pnl > 0 (decisive only),COMPATIBILITY_ONLY_NOT_PRODUCTION,2242.6774,1951.0366,166.7994,254,254,-0.07437512,-0.35000000,-0.07245808,-0.07437512,-166.7994,2242.6774,OK,0.0000,5.0040,3.0000,97.0000,AG03-UNRESOLVED,ALL5_LEVELS_bet23_to_bet27,5.0040,5.0040,5.0040,6.6720,6.6720,3.000000,3.000000,3.000000,4.000000,4.000000,97.000000,97.000000,97.000000,96.000000,96.000000,5.0,28.3559,26.5012,138.4435,140.2982,PENDING_AG03,FALSE,NOT_FOR_ENFORCEMENT,161.7954,1892.5055,166.7994,161.7954,5.0040,0.07437512,0.07214387,5.0040,161.7954,0.07214387,5.0040,5.0040,5.0040,6.6720,6.6720,161.7954,0.07214387,28.3559,26.5012,138.4435,140.2982,0.06173135,0.06255836,0.00223125,8.8294,7.6812,0.6567,9.8117,4.9059,131.9222,14.9412,5.1636,8.8733,5.1891,5.2352,10.3783,26.176,26.176,52.3519,5.2352,0.0,5.0,10.0,1.686555,10,37,19,3,0.00690722,0.07437512,0.35000000,0E-8,0.000000,0.869959,0.000000,-0.27754192,2026-03-22,2026-07-24,17,34,32,125,0.136000,0.581924,0.584811,0.023024,,,,,,,,GLOBAL_BASELINE_NO_ENTITY_RANKING,,,NOT_APPLICABLE_GLOBAL_BASELINE,HF9g-P5,,,,X 全窗基线 · 不参与实体赏罚,6875225,688,A168_HF9F_20260827_0900,2026-08-27 09:00:00
2026-05-29,147481337,1750,0,24.3889782575,-15.5674329303,-15.5674329303,0E-7,5,5,0.50128862000000000,0.501288620000,-1.736520485330431,-1.736520485330431,-1.736520485330431,0E-17,ELIGIBLE,R03b_20260811_FULL_v1,L1_ELIGIBILITY,v2026-08-11,2026-03-21..2026-08-06,baccarat_bet02_101_all_pairs_incl_sentinel,round_win = game_pnl > 0 (decisive only),COMPATIBILITY_ONLY_NOT_PRODUCTION,2242.6774,1951.0366,166.7994,254,254,-0.07437512,-0.35000000,-0.07245808,-0.07437512,-166.7994,2242.6774,OK,0.0000,5.0040,3.0000,97.0000,AG03-UNRESOLVED,ALL5_LEVELS_bet23_to_bet27,5.0040,5.0040,5.0040,6.6720,6.6720,3.000000,3.000000,3.000000,4.000000,4.000000,97.000000,97.000000,97.000000,96.000000,96.000000,5.0,28.3559,26.5012,138.4435,140.2982,PENDING_AG03,FALSE,NOT_FOR_ENFORCEMENT,161.7954,1892.5055,166.7994,161.7954,5.0040,0.07437512,0.07214387,5.0040,161.7954,0.07214387,5.0040,5.0040,5.0040,6.6720,6.6720,161.7954,0.07214387,28.3559,26.5012,138.4435,140.2982,0.06173135,0.06255836,0.00223125,8.8294,7.6812,0.6567,9.8117,4.9059,131.9222,14.9412,5.1636,8.8733,5.1891,5.2352,10.3783,26.176,26.176,52.3519,5.2352,0.0,5.0,10.0,1.686555,10,37,19,3,0.00690722,0.07437512,0.35000000,0E-8,0.000000,0.869959,0.000000,-0.27754192,2026-03-22,2026-07-24,17,34,32,125,0.136000,0.581924,0.584811,0.023024,,,,,,,,GLOBAL_BASELINE_NO_ENTITY_RANKING,,,NOT_APPLICABLE_GLOBAL_BASELINE,HF9g-P5,,,,X 全窗基线 · 不参与实体赏罚,6875226,688,A168_HF9F_20260827_0900,2026-08-27 09:00:00
2026-05-29,147481337,1985,0,9.8593741892,9.8593741892,9.8593741892,1.0000000,2,2,0.49324550000000000,0.493245500000,1.4334489766152358,1.4334489766152358,1.4334489766152358,0E-17,ELIGIBLE,R03b_20260811_FULL_v1,L1_ELIGIBILITY,v2026-08-11,2026-03-21..2026-08-06,baccarat_bet02_101_all_pairs_incl_sentinel,round_win = game_pnl > 0 (decisive only),COMPATIBILITY_ONLY_NOT_PRODUCTION,2242.6774,1951.0366,166.7994,254,254,-0.07437512,-0.35000000,-0.07245808,-0.07437512,-166.7994,2242.6774,OK,0.0000,5.0040,3.0000,97.0000,AG03-UNRESOLVED,ALL5_LEVELS_bet23_to_bet27,5.0040,5.0040,5.0040,6.6720,6.6720,3.000000,3.000000,3.000000,4.000000,4.000000,97.000000,97.000000,97.000000,96.000000,96.000000,5.0,28.3559,26.5012,138.4435,140.2982,PENDING_AG03,FALSE,NOT_FOR_ENFORCEMENT,161.7954,1892.5055,166.7994,161.7954,5.0040,0.07437512,0.07214387,5.0040,161.7954,0.07214387,5.0040,5.0040,5.0040,6.6720,6.6720,161.7954,0.07214387,28.3559,26.5012,138.4435,140.2982,0.06173135,0.06255836,0.00223125,8.8294,7.6812,0.6567,9.8117,4.9059,131.9222,14.9412,5.1636,8.8733,5.1891,5.2352,10.3783,26.176,26.176,52.3519,5.2352,0.0,5.0,10.0,1.686555,10,37,19,3,0.00690722,0.07437512,0.35000000,0E-8,0.000000,0.869959,0.000000,-0.27754192,2026-03-22,2026-07-24,17,34,32,125,0.136000,0.581924,0.584811,0.023024,,,,,,,,GLOBAL_BASELINE_NO_ENTITY_RANKING,,,NOT_APPLICABLE_GLOBAL_BASELINE,HF9g-P5,,,,X 全窗基线 · 不参与实体赏罚,6875227,688,A168_HF9F_20260827_0900,2026-08-27 09:00:00
2026-05-29,147481337,1990,0,2.5945721551,2.4648435473,2.4648435473,1.0000000,1,1,0.50665070000000000,0.506650700000,0.9867858985152569,0.9867858985152569,0.9867858985152569,0E-17,ELIGIBLE,R03b_20260811_FULL_v1,L1_ELIGIBILITY,v2026-08-11,2026-03-21..2026-08-06,baccarat_bet02_101_all_pairs_incl_sentinel,round_win = game_pnl > 0 (decisive only),COMPATIBILITY_ONLY_NOT_PRODUCTION,2242.6774,1951.0366,166.7994,254,254,-0.07437512,-0.35000000,-0.07245808,-0.07437512,-166.7994,2242.6774,OK,0.0000,5.0040,3.0000,97.0000,AG03-UNRESOLVED,ALL5_LEVELS_bet23_to_bet27,5.0040,5.0040,5.0040,6.6720,6.6720,3.000000,3.000000,3.000000,4.000000,4.000000,97.000000,97.000000,97.000000,96.000000,96.000000,5.0,28.3559,26.5012,138.4435,140.2982,PENDING_AG03,FALSE,NOT_FOR_ENFORCEMENT,161.7954,1892.5055,166.7994,161.7954,5.0040,0.07437512,0.07214387,5.0040,161.7954,0.07214387,5.0040,5.0040,5.0040,6.6720,6.6720,161.7954,0.07214387,28.3559,26.5012,138.4435,140.2982,0.06173135,0.06255836,0.00223125,8.8294,7.6812,0.6567,9.8117,4.9059,131.9222,14.9412,5.1636,8.8733,5.1891,5.2352,10.3783,26.176,26.176,52.3519,5.2352,0.0,5.0,10.0,1.686555,10,37,19,3,0.00690722,0.07437512,0.35000000,0E-8,0.000000,0.869959,0.000000,-0.27754192,2026-03-22,2026-07-24,17,34,32,125,0.136000,0.581924,0.584811,0.023024,,,,,,,,GLOBAL_BASELINE_NO_ENTITY_RANKING,,,NOT_APPLICABLE_GLOBAL_BASELINE,HF9g-P5,,,,X 全窗基线 · 不参与实体赏罚,6875228,688,A168_HF9F_20260827_0900,2026-08-27 09:00:00
2026-05-29,147481337,772,0,23.3511493955,7.5242592496,7.5242592496,0.6666667,5,5,0.41619800000000000,0.416198000000,0.8800984326008182,0.8800984326008182,0.8800984326008182,0E-17,ELIGIBLE,R03b_20260811_FULL_v1,L1_ELIGIBILITY,v2026-08-11,2026-03-21..2026-08-06,baccarat_bet02_101_all_pairs_incl_sentinel,round_win = game_pnl > 0 (decisive only),COMPATIBILITY_ONLY_NOT_PRODUCTION,2242.6774,1951.0366,166.7994,254,254,-0.07437512,-0.35000000,-0.07245808,-0.07437512,-166.7994,2242.6774,OK,0.0000,5.0040,3.0000,97.0000,AG03-UNRESOLVED,ALL5_LEVELS_bet23_to_bet27,5.0040,5.0040,5.0040,6.6720,6.6720,3.000000,3.000000,3.000000,4.000000,4.000000,97.000000,97.000000,97.000000,96.000000,96.000000,5.0,28.3559,26.5012,138.4435,140.2982,PENDING_AG03,FALSE,NOT_FOR_ENFORCEMENT,161.7954,1892.5055,166.7994,161.7954,5.0040,0.07437512,0.07214387,5.0040,161.7954,0.07214387,5.0040,5.0040,5.0040,6.6720,6.6720,161.7954,0.07214387,28.3559,26.5012,138.4435,140.2982,0.06173135,0.06255836,0.00223125,8.8294,7.6812,0.6567,9.8117,4.9059,131.9222,14.9412,5.1636,8.8733,5.1891,5.2352,10.3783,26.176,26.176,52.3519,5.2352,0.0,5.0,10.0,1.686555,10,37,19,3,0.00690722,0.07437512,0.35000000,0E-8,0.000000,0.869959,0.000000,-0.27754192,2026-03-22,2026-07-24,17,34,32,125,0.136000,0.581924,0.584811,0.023024,,,,,,,,GLOBAL_BASELINE_NO_ENTITY_RANKING,,,NOT_APPLICABLE_GLOBAL_BASELINE,HF9g-P5,,,,X 全窗基线 · 不参与实体赏罚,6875229,688,A168_HF9F_20260827_0900,2026-08-27 09:00:00
2026-06-06,147481337,1353,0,20.5724278036,-5.1431069509,-5.1431069509,0.3333333,4,4,0.49659680000000000,0.496596800000,-0.5655743394288276,-0.5655743394288276,-0.5655743394288276,0E-17,ELIGIBLE,R03b_20260811_FULL_v1,L1_ELIGIBILITY,v2026-08-11,2026-03-21..2026-08-06,baccarat_bet02_101_all_pairs_incl_sentinel,round_win = game_pnl > 0 (decisive only),COMPATIBILITY_ONLY_NOT_PRODUCTION,2242.6774,1951.0366,166.7994,254,254,-0.07437512,-0.35000000,-0.07245808,-0.07437512,-166.7994,2242.6774,OK,0.0000,5.0040,3.0000,97.0000,AG03-UNRESOLVED,ALL5_LEVELS_bet23_to_bet27,5.0040,5.0040,5.0040,6.6720,6.6720,3.000000,3.000000,3.000000,4.000000,4.000000,97.000000,97.000000,97.000000,96.000000,96.000000,5.0,28.3559,26.5012,138.4435,140.2982,PENDING_AG03,FALSE,NOT_FOR_ENFORCEMENT,161.7954,1892.5055,166.7994,161.7954,5.0040,0.07437512,0.07214387,5.0040,161.7954,0.07214387,5.0040,5.0040,5.0040,6.6720,6.6720,161.7954,0.07214387,28.3559,26.5012,138.4435,140.2982,0.06173135,0.06255836,0.00223125,8.8294,7.6812,0.6567,9.8117,4.9059,131.9222,14.9412,5.1636,8.8733,5.1891,5.2352,10.3783,26.176,26.176,52.3519,5.2352,0.0,5.0,10.0,1.686555,10,37,19,3,0.00690722,0.07437512,0.35000000,0E-8,0.000000,0.869959,0.000000,-0.27754192,2026-03-22,2026-07-24,17,34,32,125,0.136000,0.581924,0.584811,0.023024,,,,,,,,GLOBAL_BASELINE_NO_ENTITY_RANKING,,,NOT_APPLICABLE_GLOBAL_BASELINE,HF9g-P5,,,,X 全窗基线 · 不参与实体赏罚,6875230,688,A168_HF9F_20260827_0900,2026-08-27 09:00:00
2026-06-09,147481337,1318,0,88.2042842081,-7.3160696376,-7.3160696376,0.5714286,8,8,0.50162375000000000,0.501623750000,0.36937434338991915,0.36937434338991915,0.36937434338991915,0E-17,ELIGIBLE,R03b_20260811_FULL_v1,L1_ELIGIBILITY,v2026-08-11,2026-03-21..2026-08-06,baccarat_bet02_101_all_pairs_incl_sentinel,round_win = game_pnl > 0 (decisive only),COMPATIBILITY_ONLY_NOT_PRODUCTION,2242.6774,1951.0366,166.7994,254,254,-0.07437512,-0.35000000,-0.07245808,-0.07437512,-166.7994,2242.6774,OK,0.0000,5.0040,3.0000,97.0000,AG03-UNRESOLVED,ALL5_LEVELS_bet23_to_bet27,5.0040,5.0040,5.0040,6.6720,6.6720,3.000000,3.000000,3.000000,4.000000,4.000000,97.000000,97.000000,97.000000,96.000000,96.000000,5.0,28.3559,26.5012,138.4435,140.2982,PENDING_AG03,FALSE,NOT_FOR_ENFORCEMENT,161.7954,1892.5055,166.7994,161.7954,5.0040,0.07437512,0.07214387,5.0040,161.7954,0.07214387,5.0040,5.0040,5.0040,6.6720,6.6720,161.7954,0.07214387,28.3559,26.5012,138.4435,140.2982,0.06173135,0.06255836,0.00223125,8.8294,7.6812,0.6567,9.8117,4.9059,131.9222,14.9412,5.1636,8.8733,5.1891,5.2352,10.3783,26.176,26.176,52.3519,5.2352,0.0,5.0,10.0,1.686555,10,37,19,3,0.00690722,0.07437512,0.35000000,0E-8,0.000000,0.869959,0.000000,-0.27754192,2026-03-22,2026-07-24,17,34,32,125,0.136000,0.581924,0.584811,0.023024,,,,,,,,GLOBAL_BASELINE_NO_ENTITY_RANKING,,,NOT_APPLICABLE_GLOBAL_BASELINE,HF9g-P5,,,,X 全窗基线 · 不参与实体赏罚,6875231,688,A168_HF9F_20260827_0900,2026-08-27 09:00:00
2026-06-09,147481337,1505,0,23.1439812792,-0.3857330214,-0.3857330214,0.5000000,3,3,0.50665070000000000,0.506650700000,-0.018812684590367487,-0.018812684590367487,-0.018812684590367487,0E-17,ELIGIBLE,R03b_20260811_FULL_v1,L1_ELIGIBILITY,v2026-08-11,2026-03-21..2026-08-06,baccarat_bet02_101_all_pairs_incl_sentinel,round_win = game_pnl > 0 (decisive only),COMPATIBILITY_ONLY_NOT_PRODUCTION,2242.6774,1951.0366,166.7994,254,254,-0.07437512,-0.35000000,-0.07245808,-0.07437512,-166.7994,2242.6774,OK,0.0000,5.0040,3.0000,97.0000,AG03-UNRESOLVED,ALL5_LEVELS_bet23_to_bet27,5.0040,5.0040,5.0040,6.6720,6.6720,3.000000,3.000000,3.000000,4.000000,4.000000,97.000000,97.000000,97.000000,96.000000,96.000000,5.0,28.3559,26.5012,138.4435,140.2982,PENDING_AG03,FALSE,NOT_FOR_ENFORCEMENT,161.7954,1892.5055,166.7994,161.7954,5.0040,0.07437512,0.07214387,5.0040,161.7954,0.07214387,5.0040,5.0040,5.0040,6.6720,6.6720,161.7954,0.07214387,28.3559,26.5012,138.4435,140.2982,0.06173135,0.06255836,0.00223125,8.8294,7.6812,0.6567,9.8117,4.9059,131.9222,14.9412,5.1636,8.8733,5.1891,5.2352,10.3783,26.176,26.176,52.3519,5.2352,0.0,5.0,10.0,1.686555,10,37,19,3,0.00690722,0.07437512,0.35000000,0E-8,0.000000,0.869959,0.000000,-0.27754192,2026-03-22,2026-07-24,17,34,32,125,0.136000,0.581924,0.584811,0.023024,,,,,,,,GLOBAL_BASELINE_NO_ENTITY_RANKING,,,NOT_APPLICABLE_GLOBAL_BASELINE,HF9g-P5,,,,X 全窗基线 · 不参与实体赏罚,6875232,688,A168_HF9F_20260827_0900,2026-08-27 09:00:00
2026-06-09,147481337,2103,0,5.1431069509,-5.1431069509,-5.1431069509,0E-7,1,1,0.49324550000000000,0.493245500000,-0.9865810262130424,-0.9865810262130424,-0.9865810262130424,0E-17,ELIGIBLE,R03b_20260811_FULL_v1,L1_ELIGIBILITY,v2026-08-11,2026-03-21..2026-08-06,baccarat_bet02_101_all_pairs_incl_sentinel,round_win = game_pnl > 0 (decisive only),COMPATIBILITY_ONLY_NOT_PRODUCTION,2242.6774,1951.0366,166.7994,254,254,-0.07437512,-0.35000000,-0.07245808,-0.07437512,-166.7994,2242.6774,OK,0.0000,5.0040,3.0000,97.0000,AG03-UNRESOLVED,ALL5_LEVELS_bet23_to_bet27,5.0040,5.0040,5.0040,6.6720,6.6720,3.000000,3.000000,3.000000,4.000000,4.000000,97.000000,97.000000,97.000000,96.000000,96.000000,5.0,28.3559,26.5012,138.4435,140.2982,PENDING_AG03,FALSE,NOT_FOR_ENFORCEMENT,161.7954,1892.5055,166.7994,161.7954,5.0040,0.07437512,0.07214387,5.0040,161.7954,0.07214387,5.0040,5.0040,5.0040,6.6720,6.6720,161.7954,0.07214387,28.3559,26.5012,138.4435,140.2982,0.06173135,0.06255836,0.00223125,8.8294,7.6812,0.6567,9.8117,4.9059,131.9222,14.9412,5.1636,8.8733,5.1891,5.2352,10.3783,26.176,26.176,52.3519,5.2352,0.0,5.0,10.0,1.686555,10,37,19,3,0.00690722,0.07437512,0.35000000,0E-8,0.000000,0.869959,0.000000,-0.27754192,2026-03-22,2026-07-24,17,34,32,125,0.136000,0.581924,0.584811,0.023024,,,,,,,,GLOBAL_BASELINE_NO_ENTITY_RANKING,,,NOT_APPLICABLE_GLOBAL_BASELINE,HF9g-P5,,,,X 全窗基线 · 不参与实体赏罚,6875233,688,A168_HF9F_20260827_0900,2026-08-27 09:00:00
2026-07-24,147481337,1363,0,15.4906668732,-5.4217334056,-5.4217334056,0.3333333,3,3,0.50218230000000000,0.502182300000,-0.5849155494134425,-0.5849155494134426,-0.5849155494134425,0E-17,ELIGIBLE,R03b_20260811_FULL_v1,L1_ELIGIBILITY,v2026-08-11,2026-03-21..2026-08-06,baccarat_bet02_101_all_pairs_incl_sentinel,round_win = game_pnl > 0 (decisive only),COMPATIBILITY_ONLY_NOT_PRODUCTION,2242.6774,1951.0366,166.7994,254,254,-0.07437512,-0.35000000,-0.07245808,-0.07437512,-166.7994,2242.6774,OK,0.0000,5.0040,3.0000,97.0000,AG03-UNRESOLVED,ALL5_LEVELS_bet23_to_bet27,5.0040,5.0040,5.0040,6.6720,6.6720,3.000000,3.000000,3.000000,4.000000,4.000000,97.000000,97.000000,97.000000,96.000000,96.000000,5.0,28.3559,26.5012,138.4435,140.2982,PENDING_AG03,FALSE,NOT_FOR_ENFORCEMENT,161.7954,1892.5055,166.7994,161.7954,5.0040,0.07437512,0.07214387,5.0040,161.7954,0.07214387,5.0040,5.0040,5.0040,6.6720,6.6720,161.7954,0.07214387,28.3559,26.5012,138.4435,140.2982,0.06173135,0.06255836,0.00223125,8.8294,7.6812,0.6567,9.8117,4.9059,131.9222,14.9412,5.1636,8.8733,5.1891,5.2352,10.3783,26.176,26.176,52.3519,5.2352,0.0,5.0,10.0,1.686555,10,37,19,3,0.00690722,0.07437512,0.35000000,0E-8,0.000000,0.869959,0.000000,-0.27754192,2026-03-22,2026-07-24,17,34,32,125,0.136000,0.581924,0.584811,0.023024,,,,,,,,GLOBAL_BASELINE_NO_ENTITY_RANKING,,,NOT_APPLICABLE_GLOBAL_BASELINE,HF9g-P5,,,,X 全窗基线 · 不参与实体赏罚,6875234,688,A168_HF9F_20260827_0900,2026-08-27 09:00:00
2026-04-07,148341469,-1,1,122.2777391268,-122.2777391268,-122.2777391268,0E-7,8,2,0.45350780630944771,0.163482975000,-1.2882952336098068,-0.6251926617659178,-1.2882952336098068,0.29002483130944771,SENTINEL_DEALER,R03b_20260811_FULL_v1,L1_ELIGIBILITY,v2026-08-11,2026-03-21..2026-08-06,baccarat_bet02_101_all_pairs_incl_sentinel,round_win = game_pnl > 0 (decisive only),COMPATIBILITY_ONLY_NOT_PRODUCTION,15657.7426,14248.3159,168.5469,1801,510,-0.01076444,,-0.01076444,-0.01076444,-168.5469,15657.7426,OK,0.0000,6.7419,4.0000,96.0000,AG03-UNRESOLVED,ALL5_LEVELS_bet23_to_bet27,6.7419,6.7419,6.7419,10.1128,10.1128,4.000000,4.000000,4.000000,6.000000,6.000000,96.000000,96.000000,96.000000,94.000000,94.000000,5.0,40.4513,36.7849,128.0956,131.762,PENDING_AG03,FALSE,NOT_FOR_ENFORCEMENT,161.8050,13678.3833,168.5469,161.8050,6.7419,0.01076444,0.01033387,6.7419,161.8050,0.01033387,6.7419,6.7419,6.7419,10.1128,10.1128,161.8050,0.01033387,40.4513,36.7849,128.0956,131.762,0.00818098,0.00841513,0.00043058,8.6939,27.9379,0.3305,15.3224,1.4284,1423.4311,46.3636,,8.6939,2.1082,2.1082,10.5412,27.4071,35.84,58.1734,2.1082,-2.1082,17.000001,27.593405,4.123785,25,76,13,8,0E-8,0.01076444,,0E-8,0.000000,0.909985,0.000000,,2026-04-07,2026-06-30,11,118,87,85,0.129412,,,0.000000,,,,,,,,GLOBAL_BASELINE_NO_ENTITY_RANKING,,,NOT_APPLICABLE_GLOBAL_BASELINE,HF9g-P5,,,,X 全窗基线 · 不参与实体赏罚,6875235,688,A168_HF9F_20260827_0900,2026-08-27 09:00:00
2026-04-07,148341469,1256,0,181.3083718087,-0.6324710643,-0.6324710643,0.6000000,20,5,0.42083644692510775,0.163818105000,0.811479184733106,2.635246882428236,0.811479184733106,0.25701834192510775,ELIGIBLE,R03b_20260811_FULL_v1,L1_ELIGIBILITY,v2026-08-11,2026-03-21..2026-08-06,baccarat_bet02_101_all_pairs_incl_sentinel,round_win = game_pnl > 0 (decisive only),COMPATIBILITY_ONLY_NOT_PRODUCTION,15657.7426,14248.3159,168.5469,1801,510,-0.01076444,,-0.01076444,-0.01076444,-168.5469,15657.7426,OK,0.0000,6.7419,4.0000,96.0000,AG03-UNRESOLVED,ALL5_LEVELS_bet23_to_bet27,6.7419,6.7419,6.7419,10.1128,10.1128,4.000000,4.000000,4.000000,6.000000,6.000000,96.000000,96.000000,96.000000,94.000000,94.000000,5.0,40.4513,36.7849,128.0956,131.762,PENDING_AG03,FALSE,NOT_FOR_ENFORCEMENT,161.8050,13678.3833,168.5469,161.8050,6.7419,0.01076444,0.01033387,6.7419,161.8050,0.01033387,6.7419,6.7419,6.7419,10.1128,10.1128,161.8050,0.01033387,40.4513,36.7849,128.0956,131.762,0.00818098,0.00841513,0.00043058,8.6939,27.9379,0.3305,15.3224,1.4284,1423.4311,46.3636,,8.6939,2.1082,2.1082,10.5412,27.4071,35.84,58.1734,2.1082,-2.1082,17.000001,27.593405,4.123785,25,76,13,8,0E-8,0.01076444,,0E-8,0.000000,0.909985,0.000000,,2026-04-07,2026-06-30,11,118,87,85,0.129412,,,0.000000,,,,,,,,GLOBAL_BASELINE_NO_ENTITY_RANKING,,,NOT_APPLICABLE_GLOBAL_BASELINE,HF9g-P5,,,,X 全窗基线 · 不参与实体赏罚,6875236,688,A168_HF9F_20260827_0900,2026-08-27 09:00:00
2026-04-07,148341469,1306,0,485.5269538087,71.7538422619,71.7538422619,0.5714286,54,14,0.39504151928191827,0.162677004643,1.3500397750734643,4.143943785995549,1.3500397750734643,0.23236451463891827,ELIGIBLE,R03b_20260811_FULL_v1,L1_ELIGIBILITY,v2026-08-11,2026-03-21..2026-08-06,baccarat_bet02_101_all_pairs_incl_sentinel,round_win = game_pnl > 0 (decisive only),COMPATIBILITY_ONLY_NOT_PRODUCTION,15657.7426,14248.3159,168.5469,1801,510,-0.01076444,,-0.01076444,-0.01076444,-168.5469,15657.7426,OK,0.0000,6.7419,4.0000,96.0000,AG03-UNRESOLVED,ALL5_LEVELS_bet23_to_bet27,6.7419,6.7419,6.7419,10.1128,10.1128,4.000000,4.000000,4.000000,6.000000,6.000000,96.000000,96.000000,96.000000,94.000000,94.000000,5.0,40.4513,36.7849,128.0956,131.762,PENDING_AG03,FALSE,NOT_FOR_ENFORCEMENT,161.8050,13678.3833,168.5469,161.8050,6.7419,0.01076444,0.01033387,6.7419,161.8050,0.01033387,6.7419,6.7419,6.7419,10.1128,10.1128,161.8050,0.01033387,40.4513,36.7849,128.0956,131.762,0.00818098,0.00841513,0.00043058,8.6939,27.9379,0.3305,15.3224,1.4284,1423.4311,46.3636,,8.6939,2.1082,2.1082,10.5412,27.4071,35.84,58.1734,2.1082,-2.1082,17.000001,27.593405,4.123785,25,76,13,8,0E-8,0.01076444,,0E-8,0.000000,0.909985,0.000000,,2026-04-07,2026-06-30,11,118,87,85,0.129412,,,0.000000,,,,,,,,GLOBAL_BASELINE_NO_ENTITY_RANKING,,,NOT_APPLICABLE_GLOBAL_BASELINE,HF9g-P5,,,,X 全窗基线 · 不参与实体赏罚,6875237,688,A168_HF9F_20260827_0900,2026-08-27 09:00:00
2026-04-07,148341469,1318,0,358.4002698546,45.1162692639,45.1162692639,0.5454545,37,11,0.39020327549911706,0.172353167424,1.055585716523048,3.276355604262985,1.055585716523048,0.21785010807511706,ELIGIBLE,R03b_20260811_FULL_v1,L1_ELIGIBILITY,v2026-08-11,2026-03-21..2026-08-06,baccarat_bet02_101_all_pairs_incl_sentinel,round_win = game_pnl > 0 (decisive only),COMPATIBILITY_ONLY_NOT_PRODUCTION,15657.7426,14248.3159,168.5469,1801,510,-0.01076444,,-0.01076444,-0.01076444,-168.5469,15657.7426,OK,0.0000,6.7419,4.0000,96.0000,AG03-UNRESOLVED,ALL5_LEVELS_bet23_to_bet27,6.7419,6.7419,6.7419,10.1128,10.1128,4.000000,4.000000,4.000000,6.000000,6.000000,96.000000,96.000000,96.000000,94.000000,94.000000,5.0,40.4513,36.7849,128.0956,131.762,PENDING_AG03,FALSE,NOT_FOR_ENFORCEMENT,161.8050,13678.3833,168.5469,161.8050,6.7419,0.01076444,0.01033387,6.7419,161.8050,0.01033387,6.7419,6.7419,6.7419,10.1128,10.1128,161.8050,0.01033387,40.4513,36.7849,128.0956,131.762,0.00818098,0.00841513,0.00043058,8.6939,27.9379,0.3305,15.3224,1.4284,1423.4311,46.3636,,8.6939,2.1082,2.1082,10.5412,27.4071,35.84,58.1734,2.1082,-2.1082,17.000001,27.593405,4.123785,25,76,13,8,0E-8,0.01076444,,0E-8,0.000000,0.909985,0.000000,,2026-04-07,2026-06-30,11,118,87,85,0.129412,,,0.000000,,,,,,,,GLOBAL_BASELINE_NO_ENTITY_RANKING,,,NOT_APPLICABLE_GLOBAL_BASELINE,HF9g-P5,,,,X 全窗基线 · 不参与实体赏罚,6875238,688,A168_HF9F_20260827_0900,2026-08-27 09:00:00
2026-04-07,148341469,1401,0,267.7460839500,83.3807686632,83.3807686632,0.6666667,26,6,0.41205608018388443,0.172898305833,1.2670856348813468,3.1983358001573197,1.2670856348813468,0.23915777435088443,ELIGIBLE,R03b_20260811_FULL_v1,L1_ELIGIBILITY,v2026-08-11,2026-03-21..2026-08-06,baccarat_bet02_101_all_pairs_incl_sentinel,round_win = game_pnl > 0 (decisive only),COMPATIBILITY_ONLY_NOT_PRODUCTION,15657.7426,14248.3159,168.5469,1801,510,-0.01076444,,-0.01076444,-0.01076444,-168.5469,15657.7426,OK,0.0000,6.7419,4.0000,96.0000,AG03-UNRESOLVED,ALL5_LEVELS_bet23_to_bet27,6.7419,6.7419,6.7419,10.1128,10.1128,4.000000,4.000000,4.000000,6.000000,6.000000,96.000000,96.000000,96.000000,94.000000,94.000000,5.0,40.4513,36.7849,128.0956,131.762,PENDING_AG03,FALSE,NOT_FOR_ENFORCEMENT,161.8050,13678.3833,168.5469,161.8050,6.7419,0.01076444,0.01033387,6.7419,161.8050,0.01033387,6.7419,6.7419,6.7419,10.1128,10.1128,161.8050,0.01033387,40.4513,36.7849,128.0956,131.762,0.00818098,0.00841513,0.00043058,8.6939,27.9379,0.3305,15.3224,1.4284,1423.4311,46.3636,,8.6939,2.1082,2.1082,10.5412,27.4071,35.84,58.1734,2.1082,-2.1082,17.000001,27.593405,4.123785,25,76,13,8,0E-8,0.01076444,,0E-8,0.000000,0.909985,0.000000,,2026-04-07,2026-06-30,11,118,87,85,0.129412,,,0.000000,,,,,,,,GLOBAL_BASELINE_NO_ENTITY_RANKING,,,NOT_APPLICABLE_GLOBAL_BASELINE,HF9g-P5,,,,X 全窗基线 · 不参与实体赏罚,6875239,688,A168_HF9F_20260827_0900,2026-08-27 09:00:00
2026-04-07,148341469,1714,0,671.4734467571,-47.6883182596,-47.6883182596,0.6000000,98,20,0.36770737585208785,0.146067996750,2.1544687015021218,5.747998137733848,2.1544687015021218,0.22163937910208785,ELIGIBLE,R03b_20260811_FULL_v1,L1_ELIGIBILITY,v2026-08-11,2026-03-21..2026-08-06,baccarat_bet02_101_all_pairs_incl_sentinel,round_win = game_pnl > 0 (decisive only),COMPATIBILITY_ONLY_NOT_PRODUCTION,15657.7426,14248.3159,168.5469,1801,510,-0.01076444,,-0.01076444,-0.01076444,-168.5469,15657.7426,OK,0.0000,6.7419,4.0000,96.0000,AG03-UNRESOLVED,ALL5_LEVELS_bet23_to_bet27,6.7419,6.7419,6.7419,10.1128,10.1128,4.000000,4.000000,4.000000,6.000000,6.000000,96.000000,96.000000,96.000000,94.000000,94.000000,5.0,40.4513,36.7849,128.0956,131.762,PENDING_AG03,FALSE,NOT_FOR_ENFORCEMENT,161.8050,13678.3833,168.5469,161.8050,6.7419,0.01076444,0.01033387,6.7419,161.8050,0.01033387,6.7419,6.7419,6.7419,10.1128,10.1128,161.8050,0.01033387,40.4513,36.7849,128.0956,131.762,0.00818098,0.00841513,0.00043058,8.6939,27.9379,0.3305,15.3224,1.4284,1423.4311,46.3636,,8.6939,2.1082,2.1082,10.5412,27.4071,35.84,58.1734,2.1082,-2.1082,17.000001,27.593405,4.123785,25,76,13,8,0E-8,0.01076444,,0E-8,0.000000,0.909985,0.000000,,2026-04-07,2026-06-30,11,118,87,85,0.129412,,,0.000000,,,,,,,,GLOBAL_BASELINE_NO_ENTITY_RANKING,,,NOT_APPLICABLE_GLOBAL_BASELINE,HF9g-P5,,,,X 全窗基线 · 不参与实体赏罚,6875240,688,A168_HF9F_20260827_0900,2026-08-27 09:00:00
2026-04-07,148341469,1941,0,23.1906056965,-23.1906056965,-23.1906056965,0E-7,1,1,0.50665070000000000,0.506650700000,-1.013391052207602,-1.013391052207602,-1.013391052207602,0E-17,ELIGIBLE,R03b_20260811_FULL_v1,L1_ELIGIBILITY,v2026-08-11,2026-03-21..2026-08-06,baccarat_bet02_101_all_pairs_incl_sentinel,round_win = game_pnl > 0 (decisive only),COMPATIBILITY_ONLY_NOT_PRODUCTION,15657.7426,14248.3159,168.5469,1801,510,-0.01076444,,-0.01076444,-0.01076444,-168.5469,15657.7426,OK,0.0000,6.7419,4.0000,96.0000,AG03-UNRESOLVED,ALL5_LEVELS_bet23_to_bet27,6.7419,6.7419,6.7419,10.1128,10.1128,4.000000,4.000000,4.000000,6.000000,6.000000,96.000000,96.000000,96.000000,94.000000,94.000000,5.0,40.4513,36.7849,128.0956,131.762,PENDING_AG03,FALSE,NOT_FOR_ENFORCEMENT,161.8050,13678.3833,168.5469,161.8050,6.7419,0.01076444,0.01033387,6.7419,161.8050,0.01033387,6.7419,6.7419,6.7419,10.1128,10.1128,161.8050,0.01033387,40.4513,36.7849,128.0956,131.762,0.00818098,0.00841513,0.00043058,8.6939,27.9379,0.3305,15.3224,1.4284,1423.4311,46.3636,,8.6939,2.1082,2.1082,10.5412,27.4071,35.84,58.1734,2.1082,-2.1082,17.000001,27.593405,4.123785,25,76,13,8,0E-8,0.01076444,,0E-8,0.000000,0.909985,0.000000,,2026-04-07,2026-06-30,11,118,87,85,0.129412,,,0.000000,,,,,,,,GLOBAL_BASELINE_NO_ENTITY_RANKING,,,NOT_APPLICABLE_GLOBAL_BASELINE,HF9g-P5,,,,X 全窗基线 · 不参与实体赏罚,6875241,688,A168_HF9F_20260827_0900,2026-08-27 09:00:00
2026-04-07,148341469,1942,0,710.4758290646,99.2979571183,99.2979571183,0.5454545,92,22,0.36808274794107610,0.150116954167,1.725015772200435,5.191406032009607,1.725015772200435,0.21796579377407610,ELIGIBLE,R03b_20260811_FULL_v1,L1_ELIGIBILITY,v2026-08-11,2026-03-21..2026-08-06,baccarat_bet02_101_all_pairs_incl_sentinel,round_win = game_pnl > 0 (decisive only),COMPATIBILITY_ONLY_NOT_PRODUCTION,15657.7426,14248.3159,168.5469,1801,510,-0.01076444,,-0.01076444,-0.01076444,-168.5469,15657.7426,OK,0.0000,6.7419,4.0000,96.0000,AG03-UNRESOLVED,ALL5_LEVELS_bet23_to_bet27,6.7419,6.7419,6.7419,10.1128,10.1128,4.000000,4.000000,4.000000,6.000000,6.000000,96.000000,96.000000,96.000000,94.000000,94.000000,5.0,40.4513,36.7849,128.0956,131.762,PENDING_AG03,FALSE,NOT_FOR_ENFORCEMENT,161.8050,13678.3833,168.5469,161.8050,6.7419,0.01076444,0.01033387,6.7419,161.8050,0.01033387,6.7419,6.7419,6.7419,10.1128,10.1128,161.8050,0.01033387,40.4513,36.7849,128.0956,131.762,0.00818098,0.00841513,0.00043058,8.6939,27.9379,0.3305,15.3224,1.4284,1423.4311,46.3636,,8.6939,2.1082,2.1082,10.5412,27.4071,35.84,58.1734,2.1082,-2.1082,17.000001,27.593405,4.123785,25,76,13,8,0E-8,0.01076444,,0E-8,0.000000,0.909985,0.000000,,2026-04-07,2026-06-30,11,118,87,85,0.129412,,,0.000000,,,,,,,,GLOBAL_BASELINE_NO_ENTITY_RANKING,,,NOT_APPLICABLE_GLOBAL_BASELINE,HF9g-P5,,,,X 全窗基线 · 不参与实体赏罚,6875242,688,A168_HF9F_20260827_0900,2026-08-27 09:00:00
2026-04-07,148341469,2093,0,1027.1330086652,-21.8834988303,-21.8834988303,0.5555556,108,27,0.41061632497262390,0.175049724136,1.5309135836281083,5.202937363503504,1.5309135836281083,0.23556660083662390,ELIGIBLE,R03b_20260811_FULL_v1,L1_ELIGIBILITY,v2026-08-11,2026-03-21..2026-08-06,baccarat_bet02_101_all_pairs_incl_sentinel,round_win = game_pnl > 0 (decisive only),COMPATIBILITY_ONLY_NOT_PRODUCTION,15657.7426,14248.3159,168.5469,1801,510,-0.01076444,,-0.01076444,-0.01076444,-168.5469,15657.7426,OK,0.0000,6.7419,4.0000,96.0000,AG03-UNRESOLVED,ALL5_LEVELS_bet23_to_bet27,6.7419,6.7419,6.7419,10.1128,10.1128,4.000000,4.000000,4.000000,6.000000,6.000000,96.000000,96.000000,96.000000,94.000000,94.000000,5.0,40.4513,36.7849,128.0956,131.762,PENDING_AG03,FALSE,NOT_FOR_ENFORCEMENT,161.8050,13678.3833,168.5469,161.8050,6.7419,0.01076444,0.01033387,6.7419,161.8050,0.01033387,6.7419,6.7419,6.7419,10.1128,10.1128,161.8050,0.01033387,40.4513,36.7849,128.0956,131.762,0.00818098,0.00841513,0.00043058,8.6939,27.9379,0.3305,15.3224,1.4284,1423.4311,46.3636,,8.6939,2.1082,2.1082,10.5412,27.4071,35.84,58.1734,2.1082,-2.1082,17.000001,27.593405,4.123785,25,76,13,8,0E-8,0.01076444,,0E-8,0.000000,0.909985,0.000000,,2026-04-07,2026-06-30,11,118,87,85,0.129412,,,0.000000,,,,,,,,GLOBAL_BASELINE_NO_ENTITY_RANKING,,,NOT_APPLICABLE_GLOBAL_BASELINE,HF9g-P5,,,,X 全窗基线 · 不参与实体赏罚,6875243,688,A168_HF9F_20260827_0900,2026-08-27 09:00:00
2026-04-07,148341469,2141,0,505.9768515597,63.5633419767,63.5633419767,0.5882353,82,17,0.35479649065259423,0.153568163725,2.011682745742994,4.970895921316484,2.011682745742994,0.20122832692759423,ELIGIBLE,R03b_20260811_FULL_v1,L1_ELIGIBILITY,v2026-08-11,2026-03-21..2026-08-06,baccarat_bet02_101_all_pairs_incl_sentinel,round_win = game_pnl > 0 (decisive only),COMPATIBILITY_ONLY_NOT_PRODUCTION,15657.7426,14248.3159,168.5469,1801,510,-0.01076444,,-0.01076444,-0.01076444,-168.5469,15657.7426,OK,0.0000,6.7419,4.0000,96.0000,AG03-UNRESOLVED,ALL5_LEVELS_bet23_to_bet27,6.7419,6.7419,6.7419,10.1128,10.1128,4.000000,4.000000,4.000000,6.000000,6.000000,96.000000,96.000000,96.000000,94.000000,94.000000,5.0,40.4513,36.7849,128.0956,131.762,PENDING_AG03,FALSE,NOT_FOR_ENFORCEMENT,161.8050,13678.3833,168.5469,161.8050,6.7419,0.01076444,0.01033387,6.7419,161.8050,0.01033387,6.7419,6.7419,6.7419,10.1128,10.1128,161.8050,0.01033387,40.4513,36.7849,128.0956,131.762,0.00818098,0.00841513,0.00043058,8.6939,27.9379,0.3305,15.3224,1.4284,1423.4311,46.3636,,8.6939,2.1082,2.1082,10.5412,27.4071,35.84,58.1734,2.1082,-2.1082,17.000001,27.593405,4.123785,25,76,13,8,0E-8,0.01076444,,0E-8,0.000000,0.909985,0.000000,,2026-04-07,2026-06-30,11,118,87,85,0.129412,,,0.000000,,,,,,,,GLOBAL_BASELINE_NO_ENTITY_RANKING,,,NOT_APPLICABLE_GLOBAL_BASELINE,HF9g-P5,,,,X 全窗基线 · 不参与实体赏罚,6875244,688,A168_HF9F_20260827_0900,2026-08-27 09:00:00
2026-04-07,148341469,2142,0,21.0823688150,-21.0823688150,-21.0823688150,0E-7,1,1,0.49324550000000000,0.493245500000,-0.9865810262130424,-0.9865810262130424,-0.9865810262130424,0E-17,ELIGIBLE,R03b_20260811_FULL_v1,L1_ELIGIBILITY,v2026-08-11,2026-03-21..2026-08-06,baccarat_bet02_101_all_pairs_incl_sentinel,round_win = game_pnl > 0 (decisive only),COMPATIBILITY_ONLY_NOT_PRODUCTION,15657.7426,14248.3159,168.5469,1801,510,-0.01076444,,-0.01076444,-0.01076444,-168.5469,15657.7426,OK,0.0000,6.7419,4.0000,96.0000,AG03-UNRESOLVED,ALL5_LEVELS_bet23_to_bet27,6.7419,6.7419,6.7419,10.1128,10.1128,4.000000,4.000000,4.000000,6.000000,6.000000,96.000000,96.000000,96.000000,94.000000,94.000000,5.0,40.4513,36.7849,128.0956,131.762,PENDING_AG03,FALSE,NOT_FOR_ENFORCEMENT,161.8050,13678.3833,168.5469,161.8050,6.7419,0.01076444,0.01033387,6.7419,161.8050,0.01033387,6.7419,6.7419,6.7419,10.1128,10.1128,161.8050,0.01033387,40.4513,36.7849,128.0956,131.762,0.00818098,0.00841513,0.00043058,8.6939,27.9379,0.3305,15.3224,1.4284,1423.4311,46.3636,,8.6939,2.1082,2.1082,10.5412,27.4071,35.84,58.1734,2.1082,-2.1082,17.000001,27.593405,4.123785,25,76,13,8,0E-8,0.01076444,,0E-8,0.000000,0.909985,0.000000,,2026-04-07,2026-06-30,11,118,87,85,0.129412,,,0.000000,,,,,,,,GLOBAL_BASELINE_NO_ENTITY_RANKING,,,NOT_APPLICABLE_GLOBAL_BASELINE,HF9g-P5,,,,X 全窗基线 · 不参与实体赏罚,6875245,688,A168_HF9F_20260827_0900,2026-08-27 09:00:00
2026-04-07,148341469,2160,0,46.3812113930,22.0310754116,22.0310754116,1.0000000,2,2,0.49994810000000000,0.499948100000,1.0001038053877793,1.0001038053877793,1.0001038053877793,0E-17,ELIGIBLE,R03b_20260811_FULL_v1,L1_ELIGIBILITY,v2026-08-11,2026-03-21..2026-08-06,baccarat_bet02_101_all_pairs_incl_sentinel,round_win = game_pnl > 0 (decisive only),COMPATIBILITY_ONLY_NOT_PRODUCTION,15657.7426,14248.3159,168.5469,1801,510,-0.01076444,,-0.01076444,-0.01076444,-168.5469,15657.7426,OK,0.0000,6.7419,4.0000,96.0000,AG03-UNRESOLVED,ALL5_LEVELS_bet23_to_bet27,6.7419,6.7419,6.7419,10.1128,10.1128,4.000000,4.000000,4.000000,6.000000,6.000000,96.000000,96.000000,96.000000,94.000000,94.000000,5.0,40.4513,36.7849,128.0956,131.762,PENDING_AG03,FALSE,NOT_FOR_ENFORCEMENT,161.8050,13678.3833,168.5469,161.8050,6.7419,0.01076444,0.01033387,6.7419,161.8050,0.01033387,6.7419,6.7419,6.7419,10.1128,10.1128,161.8050,0.01033387,40.4513,36.7849,128.0956,131.762,0.00818098,0.00841513,0.00043058,8.6939,27.9379,0.3305,15.3224,1.4284,1423.4311,46.3636,,8.6939,2.1082,2.1082,10.5412,27.4071,35.84,58.1734,2.1082,-2.1082,17.000001,27.593405,4.123785,25,76,13,8,0E-8,0.01076444,,0E-8,0.000000,0.909985,0.000000,,2026-04-07,2026-06-30,11,118,87,85,0.129412,,,0.000000,,,,,,,,GLOBAL_BASELINE_NO_ENTITY_RANKING,,,NOT_APPLICABLE_GLOBAL_BASELINE,HF9g-P5,,,,X 全窗基线 · 不参与实体赏罚,6875246,688,A168_HF9F_20260827_0900,2026-08-27 09:00:00
2026-04-07,148341469,2167,0,704.9944131724,107.4779162185,107.4779162185,0.6000000,45,15,0.45417206489057435,0.275638016667,1.134353113325299,2.8114359511309135,1.134353113325299,0.17853404822357435,ELIGIBLE,R03b_20260811_FULL_v1,L1_ELIGIBILITY,v2026-08-11,2026-03-21..2026-08-06,baccarat_bet02_101_all_pairs_incl_sentinel,round_win = game_pnl > 0 (decisive only),COMPATIBILITY_ONLY_NOT_PRODUCTION,15657.7426,14248.3159,168.5469,1801,510,-0.01076444,,-0.01076444,-0.01076444,-168.5469,15657.7426,OK,0.0000,6.7419,4.0000,96.0000,AG03-UNRESOLVED,ALL5_LEVELS_bet23_to_bet27,6.7419,6.7419,6.7419,10.1128,10.1128,4.000000,4.000000,4.000000,6.000000,6.000000,96.000000,96.000000,96.000000,94.000000,94.000000,5.0,40.4513,36.7849,128.0956,131.762,PENDING_AG03,FALSE,NOT_FOR_ENFORCEMENT,161.8050,13678.3833,168.5469,161.8050,6.7419,0.01076444,0.01033387,6.7419,161.8050,0.01033387,6.7419,6.7419,6.7419,10.1128,10.1128,161.8050,0.01033387,40.4513,36.7849,128.0956,131.762,0.00818098,0.00841513,0.00043058,8.6939,27.9379,0.3305,15.3224,1.4284,1423.4311,46.3636,,8.6939,2.1082,2.1082,10.5412,27.4071,35.84,58.1734,2.1082,-2.1082,17.000001,27.593405,4.123785,25,76,13,8,0E-8,0.01076444,,0E-8,0.000000,0.909985,0.000000,,2026-04-07,2026-06-30,11,118,87,85,0.129412,,,0.000000,,,,,,,,GLOBAL_BASELINE_NO_ENTITY_RANKING,,,NOT_APPLICABLE_GLOBAL_BASELINE,HF9g-P5,,,,X 全窗基线 · 不参与实体赏罚,6875247,688,A168_HF9F_20260827_0900,2026-08-27 09:00:00
2026-04-07,148341469,2222,0,94.8706596674,-69.5718170894,-69.5718170894,0E-7,12,3,0.41105009775759244,0.164041525000,-1.4470009900182585,-0.7672646223238371,-1.4470009900182585,0.24700857275759244,ELIGIBLE,R03b_20260811_FULL_v1,L1_ELIGIBILITY,v2026-08-11,2026-03-21..2026-08-06,baccarat_bet02_101_all_pairs_incl_sentinel,round_win = game_pnl > 0 (decisive only),COMPATIBILITY_ONLY_NOT_PRODUCTION,15657.7426,14248.3159,168.5469,1801,510,-0.01076444,,-0.01076444,-0.01076444,-168.5469,15657.7426,OK,0.0000,6.7419,4.0000,96.0000,AG03-UNRESOLVED,ALL5_LEVELS_bet23_to_bet27,6.7419,6.7419,6.7419,10.1128,10.1128,4.000000,4.000000,4.000000,6.000000,6.000000,96.000000,96.000000,96.000000,94.000000,94.000000,5.0,40.4513,36.7849,128.0956,131.762,PENDING_AG03,FALSE,NOT_FOR_ENFORCEMENT,161.8050,13678.3833,168.5469,161.8050,6.7419,0.01076444,0.01033387,6.7419,161.8050,0.01033387,6.7419,6.7419,6.7419,10.1128,10.1128,161.8050,0.01033387,40.4513,36.7849,128.0956,131.762,0.00818098,0.00841513,0.00043058,8.6939,27.9379,0.3305,15.3224,1.4284,1423.4311,46.3636,,8.6939,2.1082,2.1082,10.5412,27.4071,35.84,58.1734,2.1082,-2.1082,17.000001,27.593405,4.123785,25,76,13,8,0E-8,0.01076444,,0E-8,0.000000,0.909985,0.000000,,2026-04-07,2026-06-30,11,118,87,85,0.129412,,,0.000000,,,,,,,,GLOBAL_BASELINE_NO_ENTITY_RANKING,,,NOT_APPLICABLE_GLOBAL_BASELINE,HF9g-P5,,,,X 全窗基线 · 不参与实体赏罚,6875248,688,A168_HF9F_20260827_0900,2026-08-27 09:00:00
2026-04-07,148341469,2248,0,93.3948938503,-93.3948938503,-93.3948938503,0E-7,8,2,0.40591586721831199,0.175297076667,-1.168985260812085,-0.65200896562589,-1.168985260812085,0.23061879055131199,ELIGIBLE,R03b_20260811_FULL_v1,L1_ELIGIBILITY,v2026-08-11,2026-03-21..2026-08-06,baccarat_bet02_101_all_pairs_incl_sentinel,round_win = game_pnl > 0 (decisive only),COMPATIBILITY_ONLY_NOT_PRODUCTION,15657.7426,14248.3159,168.5469,1801,510,-0.01076444,,-0.01076444,-0.01076444,-168.5469,15657.7426,OK,0.0000,6.7419,4.0000,96.0000,AG03-UNRESOLVED,ALL5_LEVELS_bet23_to_bet27,6.7419,6.7419,6.7419,10.1128,10.1128,4.000000,4.000000,4.000000,6.000000,6.000000,96.000000,96.000000,96.000000,94.000000,94.000000,5.0,40.4513,36.7849,128.0956,131.762,PENDING_AG03,FALSE,NOT_FOR_ENFORCEMENT,161.8050,13678.3833,168.5469,161.8050,6.7419,0.01076444,0.01033387,6.7419,161.8050,0.01033387,6.7419,6.7419,6.7419,10.1128,10.1128,161.8050,0.01033387,40.4513,36.7849,128.0956,131.762,0.00818098,0.00841513,0.00043058,8.6939,27.9379,0.3305,15.3224,1.4284,1423.4311,46.3636,,8.6939,2.1082,2.1082,10.5412,27.4071,35.84,58.1734,2.1082,-2.1082,17.000001,27.593405,4.123785,25,76,13,8,0E-8,0.01076444,,0E-8,0.000000,0.909985,0.000000,,2026-04-07,2026-06-30,11,118,87,85,0.129412,,,0.000000,,,,,,,,GLOBAL_BASELINE_NO_ENTITY_RANKING,,,NOT_APPLICABLE_GLOBAL_BASELINE,HF9g-P5,,,,X 全窗基线 · 不参与实体赏罚,6875249,688,A168_HF9F_20260827_0900,2026-08-27 09:00:00
2026-04-07,148341469,2256,0,383.2774650563,28.4611979000,28.4611979000,0.7272727,38,11,0.37690832817899628,0.179838625909,2.3978525462089744,4.727559964852372,2.3978525462089744,0.19706970226999628,ELIGIBLE,R03b_20260811_FULL_v1,L1_ELIGIBILITY,v2026-08-11,2026-03-21..2026-08-06,baccarat_bet02_101_all_pairs_incl_sentinel,round_win = game_pnl > 0 (decisive only),COMPATIBILITY_ONLY_NOT_PRODUCTION,15657.7426,14248.3159,168.5469,1801,510,-0.01076444,,-0.01076444,-0.01076444,-168.5469,15657.7426,OK,0.0000,6.7419,4.0000,96.0000,AG03-UNRESOLVED,ALL5_LEVELS_bet23_to_bet27,6.7419,6.7419,6.7419,10.1128,10.1128,4.000000,4.000000,4.000000,6.000000,6.000000,96.000000,96.000000,96.000000,94.000000,94.000000,5.0,40.4513,36.7849,128.0956,131.762,PENDING_AG03,FALSE,NOT_FOR_ENFORCEMENT,161.8050,13678.3833,168.5469,161.8050,6.7419,0.01076444,0.01033387,6.7419,161.8050,0.01033387,6.7419,6.7419,6.7419,10.1128,10.1128,161.8050,0.01033387,40.4513,36.7849,128.0956,131.762,0.00818098,0.00841513,0.00043058,8.6939,27.9379,0.3305,15.3224,1.4284,1423.4311,46.3636,,8.6939,2.1082,2.1082,10.5412,27.4071,35.84,58.1734,2.1082,-2.1082,17.000001,27.593405,4.123785,25,76,13,8,0E-8,0.01076444,,0E-8,0.000000,0.909985,0.000000,,2026-04-07,2026-06-30,11,118,87,85,0.129412,,,0.000000,,,,,,,,GLOBAL_BASELINE_NO_ENTITY_RANKING,,,NOT_APPLICABLE_GLOBAL_BASELINE,HF9g-P5,,,,X 全窗基线 · 不参与实体赏罚,6875250,688,A168_HF9F_20260827_0900,2026-08-27 09:00:00
2026-04-07,148341469,526,0,118.0612653638,34.0480256361,34.0480256361,0.5000000,9,4,0.46207252550604197,0.338679797917,0.15214825796938702,0.6817391144673327,0.15214825796938702,0.12339272758904197,ELIGIBLE,R03b_20260811_FULL_v1,L1_ELIGIBILITY,v2026-08-11,2026-03-21..2026-08-06,baccarat_bet02_101_all_pairs_incl_sentinel,round_win = game_pnl > 0 (decisive only),COMPATIBILITY_ONLY_NOT_PRODUCTION,15657.7426,14248.3159,168.5469,1801,510,-0.01076444,,-0.01076444,-0.01076444,-168.5469,15657.7426,OK,0.0000,6.7419,4.0000,96.0000,AG03-UNRESOLVED,ALL5_LEVELS_bet23_to_bet27,6.7419,6.7419,6.7419,10.1128,10.1128,4.000000,4.000000,4.000000,6.000000,6.000000,96.000000,96.000000,96.000000,94.000000,94.000000,5.0,40.4513,36.7849,128.0956,131.762,PENDING_AG03,FALSE,NOT_FOR_ENFORCEMENT,161.8050,13678.3833,168.5469,161.8050,6.7419,0.01076444,0.01033387,6.7419,161.8050,0.01033387,6.7419,6.7419,6.7419,10.1128,10.1128,161.8050,0.01033387,40.4513,36.7849,128.0956,131.762,0.00818098,0.00841513,0.00043058,8.6939,27.9379,0.3305,15.3224,1.4284,1423.4311,46.3636,,8.6939,2.1082,2.1082,10.5412,27.4071,35.84,58.1734,2.1082,-2.1082,17.000001,27.593405,4.123785,25,76,13,8,0E-8,0.01076444,,0E-8,0.000000,0.909985,0.000000,,2026-04-07,2026-06-30,11,118,87,85,0.129412,,,0.000000,,,,,,,,GLOBAL_BASELINE_NO_ENTITY_RANKING,,,NOT_APPLICABLE_GLOBAL_BASELINE,HF9g-P5,,,,X 全窗基线 · 不参与实体赏罚,6875251,688,A168_HF9F_20260827_0900,2026-08-27 09:00:00
2026-04-07,148341469,994,0,29.5153163410,-29.5153163410,-29.5153163410,0E-7,4,1,0.38607923571428571,0.187662550000,-0.7930162033520449,-0.48064072822218945,-0.7930162033520449,0.19841668571428571,ELIGIBLE,R03b_20260811_FULL_v1,L1_ELIGIBILITY,v2026-08-11,2026-03-21..2026-08-06,baccarat_bet02_101_all_pairs_incl_sentinel,round_win = game_pnl > 0 (decisive only),COMPATIBILITY_ONLY_NOT_PRODUCTION,15657.7426,14248.3159,168.5469,1801,510,-0.01076444,,-0.01076444,-0.01076444,-168.5469,15657.7426,OK,0.0000,6.7419,4.0000,96.0000,AG03-UNRESOLVED,ALL5_LEVELS_bet23_to_bet27,6.7419,6.7419,6.7419,10.1128,10.1128,4.000000,4.000000,4.000000,6.000000,6.000000,96.000000,96.000000,96.000000,94.000000,94.000000,5.0,40.4513,36.7849,128.0956,131.762,PENDING_AG03,FALSE,NOT_FOR_ENFORCEMENT,161.8050,13678.3833,168.5469,161.8050,6.7419,0.01076444,0.01033387,6.7419,161.8050,0.01033387,6.7419,6.7419,6.7419,10.1128,10.1128,161.8050,0.01033387,40.4513,36.7849,128.0956,131.762,0.00818098,0.00841513,0.00043058,8.6939,27.9379,0.3305,15.3224,1.4284,1423.4311,46.3636,,8.6939,2.1082,2.1082,10.5412,27.4071,35.84,58.1734,2.1082,-2.1082,17.000001,27.593405,4.123785,25,76,13,8,0E-8,0.01076444,,0E-8,0.000000,0.909985,0.000000,,2026-04-07,2026-06-30,11,118,87,85,0.129412,,,0.000000,,,,,,,,GLOBAL_BASELINE_NO_ENTITY_RANKING,,,NOT_APPLICABLE_GLOBAL_BASELINE,HF9g-P5,,,,X 全窗基线 · 不参与实体赏罚,6875252,688,A168_HF9F_20260827_0900,2026-08-27 09:00:00
2026-04-13,148341469,-1,1,93.8165412266,117.0071469231,117.0071469231,1.0000000,6,5,0.48744497764702768,0.451166520000,1.7761026981833885,1.9103480237995207,1.7761026981833885,0.03627845764702768,SENTINEL_DEALER,R03b_20260811_FULL_v1,L1_ELIGIBILITY,v2026-08-11,2026-03-21..2026-08-06,baccarat_bet02_101_all_pairs_incl_sentinel,round_win = game_pnl > 0 (decisive only),COMPATIBILITY_ONLY_NOT_PRODUCTION,15657.7426,14248.3159,168.5469,1801,510,-0.01076444,,-0.01076444,-0.01076444,-168.5469,15657.7426,OK,0.0000,6.7419,4.0000,96.0000,AG03-UNRESOLVED,ALL5_LEVELS_bet23_to_bet27,6.7419,6.7419,6.7419,10.1128,10.1128,4.000000,4.000000,4.000000,6.000000,6.000000,96.000000,96.000000,96.000000,94.000000,94.000000,5.0,40.4513,36.7849,128.0956,131.762,PENDING_AG03,FALSE,NOT_FOR_ENFORCEMENT,161.8050,13678.3833,168.5469,161.8050,6.7419,0.01076444,0.01033387,6.7419,161.8050,0.01033387,6.7419,6.7419,6.7419,10.1128,10.1128,161.8050,0.01033387,40.4513,36.7849,128.0956,131.762,0.00818098,0.00841513,0.00043058,8.6939,27.9379,0.3305,15.3224,1.4284,1423.4311,46.3636,,8.6939,2.1082,2.1082,10.5412,27.4071,35.84,58.1734,2.1082,-2.1082,17.000001,27.593405,4.123785,25,76,13,8,0E-8,0.01076444,,0E-8,0.000000,0.909985,0.000000,,2026-04-07,2026-06-30,11,118,87,85,0.129412,,,0.000000,,,,,,,,GLOBAL_BASELINE_NO_ENTITY_RANKING,,,NOT_APPLICABLE_GLOBAL_BASELINE,HF9g-P5,,,,X 全窗基线 · 不参与实体赏罚,6875253,688,A168_HF9F_20260827_0900,2026-08-27 09:00:00
2026-04-13,148341469,1205,0,187.6330824532,72.6287605675,72.6287605675,0.6000000,9,5,0.48199772059359216,0.308843340000,0.5280646200454469,1.4091407106367309,0.5280646200454469,0.17315438059359216,ELIGIBLE,R03b_20260811_FULL_v1,L1_ELIGIBILITY,v2026-08-11,2026-03-21..2026-08-06,baccarat_bet02_101_all_pairs_incl_sentinel,round_win = game_pnl > 0 (decisive only),COMPATIBILITY_ONLY_NOT_PRODUCTION,15657.7426,14248.3159,168.5469,1801,510,-0.01076444,,-0.01076444,-0.01076444,-168.5469,15657.7426,OK,0.0000,6.7419,4.0000,96.0000,AG03-UNRESOLVED,ALL5_LEVELS_bet23_to_bet27,6.7419,6.7419,6.7419,10.1128,10.1128,4.000000,4.000000,4.000000,6.000000,6.000000,96.000000,96.000000,96.000000,94.000000,94.000000,5.0,40.4513,36.7849,128.0956,131.762,PENDING_AG03,FALSE,NOT_FOR_ENFORCEMENT,161.8050,13678.3833,168.5469,161.8050,6.7419,0.01076444,0.01033387,6.7419,161.8050,0.01033387,6.7419,6.7419,6.7419,10.1128,10.1128,161.8050,0.01033387,40.4513,36.7849,128.0956,131.762,0.00818098,0.00841513,0.00043058,8.6939,27.9379,0.3305,15.3224,1.4284,1423.4311,46.3636,,8.6939,2.1082,2.1082,10.5412,27.4071,35.84,58.1734,2.1082,-2.1082,17.000001,27.593405,4.123785,25,76,13,8,0E-8,0.01076444,,0E-8,0.000000,0.909985,0.000000,,2026-04-07,2026-06-30,11,118,87,85,0.129412,,,0.000000,,,,,,,,GLOBAL_BASELINE_NO_ENTITY_RANKING,,,NOT_APPLICABLE_GLOBAL_BASELINE,HF9g-P5,,,,X 全窗基线 · 不参与实体赏罚,6875254,688,A168_HF9F_20260827_0900,2026-08-27 09:00:00
2026-04-13,148341469,1490,0,109.2066704617,56.0791010478,56.0791010478,0.7500000,11,8,0.48312622156250000,0.426040418750,1.5105264801702425,1.852975878984007,1.5105264801702425,0.05708580281250000,ELIGIBLE,R03b_20260811_FULL_v1,L1_ELIGIBILITY,v2026-08-11,2026-03-21..2026-08-06,baccarat_bet02_101_all_pairs_incl_sentinel,round_win = game_pnl > 0 (decisive only),COMPATIBILITY_ONLY_NOT_PRODUCTION,15657.7426,14248.3159,168.5469,1801,510,-0.01076444,,-0.01076444,-0.01076444,-168.5469,15657.7426,OK,0.0000,6.7419,4.0000,96.0000,AG03-UNRESOLVED,ALL5_LEVELS_bet23_to_bet27,6.7419,6.7419,6.7419,10.1128,10.1128,4.000000,4.000000,4.000000,6.000000,6.000000,96.000000,96.000000,96.000000,94.000000,94.000000,5.0,40.4513,36.7849,128.0956,131.762,PENDING_AG03,FALSE,NOT_FOR_ENFORCEMENT,161.8050,13678.3833,168.5469,161.8050,6.7419,0.01076444,0.01033387,6.7419,161.8050,0.01033387,6.7419,6.7419,6.7419,10.1128,10.1128,161.8050,0.01033387,40.4513,36.7849,128.0956,131.762,0.00818098,0.00841513,0.00043058,8.6939,27.9379,0.3305,15.3224,1.4284,1423.4311,46.3636,,8.6939,2.1082,2.1082,10.5412,27.4071,35.84,58.1734,2.1082,-2.1082,17.000001,27.593405,4.123785,25,76,13,8,0E-8,0.01076444,,0E-8,0.000000,0.909985,0.000000,,2026-04-07,2026-06-30,11,118,87,85,0.129412,,,0.000000,,,,,,,,GLOBAL_BASELINE_NO_ENTITY_RANKING,,,NOT_APPLICABLE_GLOBAL_BASELINE,HF9g-P5,,,,X 全窗基线 · 不参与实体赏罚,6875255,688,A168_HF9F_20260827_0900,2026-08-27 09:00:00
2026-04-13,148341469,1942,0,95.7139544200,-74.6315856050,-74.6315856050,0.2500000,4,4,0.49659680000000000,0.496596800000,-0.9864100490137353,-0.9864100490137354,-0.9864100490137353,0E-17,ELIGIBLE,R03b_20260811_FULL_v1,L1_ELIGIBILITY,v2026-08-11,2026-03-21..2026-08-06,baccarat_bet02_101_all_pairs_incl_sentinel,round_win = game_pnl > 0 (decisive only),COMPATIBILITY_ONLY_NOT_PRODUCTION,15657.7426,14248.3159,168.5469,1801,510,-0.01076444,,-0.01076444,-0.01076444,-168.5469,15657.7426,OK,0.0000,6.7419,4.0000,96.0000,AG03-UNRESOLVED,ALL5_LEVELS_bet23_to_bet27,6.7419,6.7419,6.7419,10.1128,10.1128,4.000000,4.000000,4.000000,6.000000,6.000000,96.000000,96.000000,96.000000,94.000000,94.000000,5.0,40.4513,36.7849,128.0956,131.762,PENDING_AG03,FALSE,NOT_FOR_ENFORCEMENT,161.8050,13678.3833,168.5469,161.8050,6.7419,0.01076444,0.01033387,6.7419,161.8050,0.01033387,6.7419,6.7419,6.7419,10.1128,10.1128,161.8050,0.01033387,40.4513,36.7849,128.0956,131.762,0.00818098,0.00841513,0.00043058,8.6939,27.9379,0.3305,15.3224,1.4284,1423.4311,46.3636,,8.6939,2.1082,2.1082,10.5412,27.4071,35.84,58.1734,2.1082,-2.1082,17.000001,27.593405,4.123785,25,76,13,8,0E-8,0.01076444,,0E-8,0.000000,0.909985,0.000000,,2026-04-07,2026-06-30,11,118,87,85,0.129412,,,0.000000,,,,,,,,GLOBAL_BASELINE_NO_ENTITY_RANKING,,,NOT_APPLICABLE_GLOBAL_BASELINE,HF9g-P5,,,,X 全窗基线 · 不参与实体赏罚,6875256,688,A168_HF9F_20260827_0900,2026-08-27 09:00:00
2026-04-13,148341469,2088,0,84.3294752598,-14.4414226382,-14.4414226382,0.5000000,5,2,0.46579889249991901,0.329202062500,0.09696244310147861,0.51400872005676,0.09696244310147861,0.13659682999991901,ELIGIBLE,R03b_20260811_FULL_v1,L1_ELIGIBILITY,v2026-08-11,2026-03-21..2026-08-06,baccarat_bet02_101_all_pairs_incl_sentinel,round_win = game_pnl > 0 (decisive only),COMPATIBILITY_ONLY_NOT_PRODUCTION,15657.7426,14248.3159,168.5469,1801,510,-0.01076444,,-0.01076444,-0.01076444,-168.5469,15657.7426,OK,0.0000,6.7419,4.0000,96.0000,AG03-UNRESOLVED,ALL5_LEVELS_bet23_to_bet27,6.7419,6.7419,6.7419,10.1128,10.1128,4.000000,4.000000,4.000000,6.000000,6.000000,96.000000,96.000000,96.000000,94.000000,94.000000,5.0,40.4513,36.7849,128.0956,131.762,PENDING_AG03,FALSE,NOT_FOR_ENFORCEMENT,161.8050,13678.3833,168.5469,161.8050,6.7419,0.01076444,0.01033387,6.7419,161.8050,0.01033387,6.7419,6.7419,6.7419,10.1128,10.1128,161.8050,0.01033387,40.4513,36.7849,128.0956,131.762,0.00818098,0.00841513,0.00043058,8.6939,27.9379,0.3305,15.3224,1.4284,1423.4311,46.3636,,8.6939,2.1082,2.1082,10.5412,27.4071,35.84,58.1734,2.1082,-2.1082,17.000001,27.593405,4.123785,25,76,13,8,0E-8,0.01076444,,0E-8,0.000000,0.909985,0.000000,,2026-04-07,2026-06-30,11,118,87,85,0.129412,,,0.000000,,,,,,,,GLOBAL_BASELINE_NO_ENTITY_RANKING,,,NOT_APPLICABLE_GLOBAL_BASELINE,HF9g-P5,,,,X 全窗基线 · 不参与实体赏罚,6875257,688,A168_HF9F_20260827_0900,2026-08-27 09:00:00
2026-04-13,148341469,2152,0,88.5459490228,-6.3247106445,-6.3247106445,0.5000000,5,2,0.47695573695646050,0.335904662500,0.06524835422031197,0.4913466593969845,0.06524835422031197,0.14105107445646050,ELIGIBLE,R03b_20260811_FULL_v1,L1_ELIGIBILITY,v2026-08-11,2026-03-21..2026-08-06,baccarat_bet02_101_all_pairs_incl_sentinel,round_win = game_pnl > 0 (decisive only),COMPATIBILITY_ONLY_NOT_PRODUCTION,15657.7426,14248.3159,168.5469,1801,510,-0.01076444,,-0.01076444,-0.01076444,-168.5469,15657.7426,OK,0.0000,6.7419,4.0000,96.0000,AG03-UNRESOLVED,ALL5_LEVELS_bet23_to_bet27,6.7419,6.7419,6.7419,10.1128,10.1128,4.000000,4.000000,4.000000,6.000000,6.000000,96.000000,96.000000,96.000000,94.000000,94.000000,5.0,40.4513,36.7849,128.0956,131.762,PENDING_AG03,FALSE,NOT_FOR_ENFORCEMENT,161.8050,13678.3833,168.5469,161.8050,6.7419,0.01076444,0.01033387,6.7419,161.8050,0.01033387,6.7419,6.7419,6.7419,10.1128,10.1128,161.8050,0.01033387,40.4513,36.7849,128.0956,131.762,0.00818098,0.00841513,0.00043058,8.6939,27.9379,0.3305,15.3224,1.4284,1423.4311,46.3636,,8.6939,2.1082,2.1082,10.5412,27.4071,35.84,58.1734,2.1082,-2.1082,17.000001,27.593405,4.123785,25,76,13,8,0E-8,0.01076444,,0E-8,0.000000,0.909985,0.000000,,2026-04-07,2026-06-30,11,118,87,85,0.129412,,,0.000000,,,,,,,,GLOBAL_BASELINE_NO_ENTITY_RANKING,,,NOT_APPLICABLE_GLOBAL_BASELINE,HF9g-P5,,,,X 全窗基线 · 不参与实体赏罚,6875258,688,A168_HF9F_20260827_0900,2026-08-27 09:00:00
2026-04-13,148341469,2229,0,200.2825037423,35.3129677651,35.3129677651,0.6250000,15,8,0.45271525089285714,0.393976493750,0.9789772345670307,1.33727668865601,0.9789772345670307,0.05873875714285714,ELIGIBLE,R03b_20260811_FULL_v1,L1_ELIGIBILITY,v2026-08-11,2026-03-21..2026-08-06,baccarat_bet02_101_all_pairs_incl_sentinel,round_win = game_pnl > 0 (decisive only),COMPATIBILITY_ONLY_NOT_PRODUCTION,15657.7426,14248.3159,168.5469,1801,510,-0.01076444,,-0.01076444,-0.01076444,-168.5469,15657.7426,OK,0.0000,6.7419,4.0000,96.0000,AG03-UNRESOLVED,ALL5_LEVELS_bet23_to_bet27,6.7419,6.7419,6.7419,10.1128,10.1128,4.000000,4.000000,4.000000,6.000000,6.000000,96.000000,96.000000,96.000000,94.000000,94.000000,5.0,40.4513,36.7849,128.0956,131.762,PENDING_AG03,FALSE,NOT_FOR_ENFORCEMENT,161.8050,13678.3833,168.5469,161.8050,6.7419,0.01076444,0.01033387,6.7419,161.8050,0.01033387,6.7419,6.7419,6.7419,10.1128,10.1128,161.8050,0.01033387,40.4513,36.7849,128.0956,131.762,0.00818098,0.00841513,0.00043058,8.6939,27.9379,0.3305,15.3224,1.4284,1423.4311,46.3636,,8.6939,2.1082,2.1082,10.5412,27.4071,35.84,58.1734,2.1082,-2.1082,17.000001,27.593405,4.123785,25,76,13,8,0E-8,0.01076444,,0E-8,0.000000,0.909985,0.000000,,2026-04-07,2026-06-30,11,118,87,85,0.129412,,,0.000000,,,,,,,,GLOBAL_BASELINE_NO_ENTITY_RANKING,,,NOT_APPLICABLE_GLOBAL_BASELINE,HF9g-P5,,,,X 全窗基线 · 不参与实体赏罚,6875259,688,A168_HF9F_20260827_0900,2026-08-27 09:00:00
2026-04-13,148341469,2235,0,123.5426812558,-38.6123584848,-38.6123584848,0.3333333,9,6,0.47785222166666667,0.444708404167,-0.7086906702837884,-0.5489912210721527,-0.7086906702837884,0.03314381749966667,ELIGIBLE,R03b_20260811_FULL_v1,L1_ELIGIBILITY,v2026-08-11,2026-03-21..2026-08-06,baccarat_bet02_101_all_pairs_incl_sentinel,round_win = game_pnl > 0 (decisive only),COMPATIBILITY_ONLY_NOT_PRODUCTION,15657.7426,14248.3159,168.5469,1801,510,-0.01076444,,-0.01076444,-0.01076444,-168.5469,15657.7426,OK,0.0000,6.7419,4.0000,96.0000,AG03-UNRESOLVED,ALL5_LEVELS_bet23_to_bet27,6.7419,6.7419,6.7419,10.1128,10.1128,4.000000,4.000000,4.000000,6.000000,6.000000,96.000000,96.000000,96.000000,94.000000,94.000000,5.0,40.4513,36.7849,128.0956,131.762,PENDING_AG03,FALSE,NOT_FOR_ENFORCEMENT,161.8050,13678.3833,168.5469,161.8050,6.7419,0.01076444,0.01033387,6.7419,161.8050,0.01033387,6.7419,6.7419,6.7419,10.1128,10.1128,161.8050,0.01033387,40.4513,36.7849,128.0956,131.762,0.00818098,0.00841513,0.00043058,8.6939,27.9379,0.3305,15.3224,1.4284,1423.4311,46.3636,,8.6939,2.1082,2.1082,10.5412,27.4071,35.84,58.1734,2.1082,-2.1082,17.000001,27.593405,4.123785,25,76,13,8,0E-8,0.01076444,,0E-8,0.000000,0.909985,0.000000,,2026-04-07,2026-06-30,11,118,87,85,0.129412,,,0.000000,,,,,,,,GLOBAL_BASELINE_NO_ENTITY_RANKING,,,NOT_APPLICABLE_GLOBAL_BASELINE,HF9g-P5,,,,X 全窗基线 · 不参与实体赏罚,6875260,688,A168_HF9F_20260827_0900,2026-08-27 09:00:00
2026-04-14,148341469,1963,0,193.9577930978,52.1788628170,52.1788628170,0.5714286,26,7,0.40078104280587468,0.175105121429,0.9213033818825741,2.758989590866468,0.9213033818825741,0.22567592137687468,ELIGIBLE,R03b_20260811_FULL_v1,L1_ELIGIBILITY,v2026-08-11,2026-03-21..2026-08-06,baccarat_bet02_101_all_pairs_incl_sentinel,round_win = game_pnl > 0 (decisive only),COMPATIBILITY_ONLY_NOT_PRODUCTION,15657.7426,14248.3159,168.5469,1801,510,-0.01076444,,-0.01076444,-0.01076444,-168.5469,15657.7426,OK,0.0000,6.7419,4.0000,96.0000,AG03-UNRESOLVED,ALL5_LEVELS_bet23_to_bet27,6.7419,6.7419,6.7419,10.1128,10.1128,4.000000,4.000000,4.000000,6.000000,6.000000,96.000000,96.000000,96.000000,94.000000,94.000000,5.0,40.4513,36.7849,128.0956,131.762,PENDING_AG03,FALSE,NOT_FOR_ENFORCEMENT,161.8050,13678.3833,168.5469,161.8050,6.7419,0.01076444,0.01033387,6.7419,161.8050,0.01033387,6.7419,6.7419,6.7419,10.1128,10.1128,161.8050,0.01033387,40.4513,36.7849,128.0956,131.762,0.00818098,0.00841513,0.00043058,8.6939,27.9379,0.3305,15.3224,1.4284,1423.4311,46.3636,,8.6939,2.1082,2.1082,10.5412,27.4071,35.84,58.1734,2.1082,-2.1082,17.000001,27.593405,4.123785,25,76,13,8,0E-8,0.01076444,,0E-8,0.000000,0.909985,0.000000,,2026-04-07,2026-06-30,11,118,87,85,0.129412,,,0.000000,,,,,,,,GLOBAL_BASELINE_NO_ENTITY_RANKING,,,NOT_APPLICABLE_GLOBAL_BASELINE,HF9g-P5,,,,X 全窗基线 · 不参与实体赏罚,6875261,688,A168_HF9F_20260827_0900,2026-08-27 09:00:00
2026-04-14,148341469,2088,0,67.8852275842,-23.6333354415,-23.6333354415,0.3333333,9,3,0.41502641932533548,0.210043052778,-0.2871705708445346,0.5242441536612564,-0.2871705708445346,0.20498336654733548,ELIGIBLE,R03b_20260811_FULL_v1,L1_ELIGIBILITY,v2026-08-11,2026-03-21..2026-08-06,baccarat_bet02_101_all_pairs_incl_sentinel,round_win = game_pnl > 0 (decisive only),COMPATIBILITY_ONLY_NOT_PRODUCTION,15657.7426,14248.3159,168.5469,1801,510,-0.01076444,,-0.01076444,-0.01076444,-168.5469,15657.7426,OK,0.0000,6.7419,4.0000,96.0000,AG03-UNRESOLVED,ALL5_LEVELS_bet23_to_bet27,6.7419,6.7419,6.7419,10.1128,10.1128,4.000000,4.000000,4.000000,6.000000,6.000000,96.000000,96.000000,96.000000,94.000000,94.000000,5.0,40.4513,36.7849,128.0956,131.762,PENDING_AG03,FALSE,NOT_FOR_ENFORCEMENT,161.8050,13678.3833,168.5469,161.8050,6.7419,0.01076444,0.01033387,6.7419,161.8050,0.01033387,6.7419,6.7419,6.7419,10.1128,10.1128,161.8050,0.01033387,40.4513,36.7849,128.0956,131.762,0.00818098,0.00841513,0.00043058,8.6939,27.9379,0.3305,15.3224,1.4284,1423.4311,46.3636,,8.6939,2.1082,2.1082,10.5412,27.4071,35.84,58.1734,2.1082,-2.1082,17.000001,27.593405,4.123785,25,76,13,8,0E-8,0.01076444,,0E-8,0.000000,0.909985,0.000000,,2026-04-07,2026-06-30,11,118,87,85,0.129412,,,0.000000,,,,,,,,GLOBAL_BASELINE_NO_ENTITY_RANKING,,,NOT_APPLICABLE_GLOBAL_BASELINE,HF9g-P5,,,,X 全窗基线 · 不参与实体赏罚,6875262,688,A168_HF9F_20260827_0900,2026-08-27 09:00:00
2026-04-14,148341469,2170,0,42.1647376300,37.9482638669,37.9482638669,0.5000000,8,2,0.36379948585858586,0.163482975000,0.40037384283654975,1.286910606987045,0.40037384283654975,0.20031651085858586,ELIGIBLE,R03b_20260811_FULL_v1,L1_ELIGIBILITY,v2026-08-11,2026-03-21..2026-08-06,baccarat_bet02_101_all_pairs_incl_sentinel,round_win = game_pnl > 0 (decisive only),COMPATIBILITY_ONLY_NOT_PRODUCTION,15657.7426,14248.3159,168.5469,1801,510,-0.01076444,,-0.01076444,-0.01076444,-168.5469,15657.7426,OK,0.0000,6.7419,4.0000,96.0000,AG03-UNRESOLVED,ALL5_LEVELS_bet23_to_bet27,6.7419,6.7419,6.7419,10.1128,10.1128,4.000000,4.000000,4.000000,6.000000,6.000000,96.000000,96.000000,96.000000,94.000000,94.000000,5.0,40.4513,36.7849,128.0956,131.762,PENDING_AG03,FALSE,NOT_FOR_ENFORCEMENT,161.8050,13678.3833,168.5469,161.8050,6.7419,0.01076444,0.01033387,6.7419,161.8050,0.01033387,6.7419,6.7419,6.7419,10.1128,10.1128,161.8050,0.01033387,40.4513,36.7849,128.0956,131.762,0.00818098,0.00841513,0.00043058,8.6939,27.9379,0.3305,15.3224,1.4284,1423.4311,46.3636,,8.6939,2.1082,2.1082,10.5412,27.4071,35.84,58.1734,2.1082,-2.1082,17.000001,27.593405,4.123785,25,76,13,8,0E-8,0.01076444,,0E-8,0.000000,0.909985,0.000000,,2026-04-07,2026-06-30,11,118,87,85,0.129412,,,0.000000,,,,,,,,GLOBAL_BASELINE_NO_ENTITY_RANKING,,,NOT_APPLICABLE_GLOBAL_BASELINE,HF9g-P5,,,,X 全窗基线 · 不参与实体赏罚,6875263,688,A168_HF9F_20260827_0900,2026-08-27 09:00:00
2026-04-14,148341469,2220,0,92.7624227859,41.5322665654,41.5322665654,0.7500000,14,4,0.39162951773804525,0.182641062500,1.4683867289817478,2.9368534517801432,1.4683867289817478,0.20898845523804525,ELIGIBLE,R03b_20260811_FULL_v1,L1_ELIGIBILITY,v2026-08-11,2026-03-21..2026-08-06,baccarat_bet02_101_all_pairs_incl_sentinel,round_win = game_pnl > 0 (decisive only),COMPATIBILITY_ONLY_NOT_PRODUCTION,15657.7426,14248.3159,168.5469,1801,510,-0.01076444,,-0.01076444,-0.01076444,-168.5469,15657.7426,OK,0.0000,6.7419,4.0000,96.0000,AG03-UNRESOLVED,ALL5_LEVELS_bet23_to_bet27,6.7419,6.7419,6.7419,10.1128,10.1128,4.000000,4.000000,4.000000,6.000000,6.000000,96.000000,96.000000,96.000000,94.000000,94.000000,5.0,40.4513,36.7849,128.0956,131.762,PENDING_AG03,FALSE,NOT_FOR_ENFORCEMENT,161.8050,13678.3833,168.5469,161.8050,6.7419,0.01076444,0.01033387,6.7419,161.8050,0.01033387,6.7419,6.7419,6.7419,10.1128,10.1128,161.8050,0.01033387,40.4513,36.7849,128.0956,131.762,0.00818098,0.00841513,0.00043058,8.6939,27.9379,0.3305,15.3224,1.4284,1423.4311,46.3636,,8.6939,2.1082,2.1082,10.5412,27.4071,35.84,58.1734,2.1082,-2.1082,17.000001,27.593405,4.123785,25,76,13,8,0E-8,0.01076444,,0E-8,0.000000,0.909985,0.000000,,2026-04-07,2026-06-30,11,118,87,85,0.129412,,,0.000000,,,,,,,,GLOBAL_BASELINE_NO_ENTITY_RANKING,,,NOT_APPLICABLE_GLOBAL_BASELINE,HF9g-P5,,,,X 全窗基线 · 不参与实体赏罚,6875264,688,A168_HF9F_20260827_0900,2026-08-27 09:00:00
2026-04-14,148341469,583,0,10.5411844075,10.0141251871,10.0141251871,1.0000000,1,1,0.50665070000000000,0.506650700000,0.9867858985152569,0.9867858985152569,0.9867858985152569,0E-17,ELIGIBLE,R03b_20260811_FULL_v1,L1_ELIGIBILITY,v2026-08-11,2026-03-21..2026-08-06,baccarat_bet02_101_all_pairs_incl_sentinel,round_win = game_pnl > 0 (decisive only),COMPATIBILITY_ONLY_NOT_PRODUCTION,15657.7426,14248.3159,168.5469,1801,510,-0.01076444,,-0.01076444,-0.01076444,-168.5469,15657.7426,OK,0.0000,6.7419,4.0000,96.0000,AG03-UNRESOLVED,ALL5_LEVELS_bet23_to_bet27,6.7419,6.7419,6.7419,10.1128,10.1128,4.000000,4.000000,4.000000,6.000000,6.000000,96.000000,96.000000,96.000000,94.000000,94.000000,5.0,40.4513,36.7849,128.0956,131.762,PENDING_AG03,FALSE,NOT_FOR_ENFORCEMENT,161.8050,13678.3833,168.5469,161.8050,6.7419,0.01076444,0.01033387,6.7419,161.8050,0.01033387,6.7419,6.7419,6.7419,10.1128,10.1128,161.8050,0.01033387,40.4513,36.7849,128.0956,131.762,0.00818098,0.00841513,0.00043058,8.6939,27.9379,0.3305,15.3224,1.4284,1423.4311,46.3636,,8.6939,2.1082,2.1082,10.5412,27.4071,35.84,58.1734,2.1082,-2.1082,17.000001,27.593405,4.123785,25,76,13,8,0E-8,0.01076444,,0E-8,0.000000,0.909985,0.000000,,2026-04-07,2026-06-30,11,118,87,85,0.129412,,,0.000000,,,,,,,,GLOBAL_BASELINE_NO_ENTITY_RANKING,,,NOT_APPLICABLE_GLOBAL_BASELINE,HF9g-P5,,,,X 全窗基线 · 不参与实体赏罚,6875265,688,A168_HF9F_20260827_0900,2026-08-27 09:00:00
2026-04-15,148341469,-1,1,120.1695022453,-37.9482638670,-37.9482638670,0.2500000,12,4,0.41036441325654984,0.257038662500,-0.6520205831947078,-0.03221349185031436,-0.6520205831947078,0.15332575075654984,SENTINEL_DEALER,R03b_20260811_FULL_v1,L1_ELIGIBILITY,v2026-08-11,2026-03-21..2026-08-06,baccarat_bet02_101_all_pairs_incl_sentinel,round_win = game_pnl > 0 (decisive only),COMPATIBILITY_ONLY_NOT_PRODUCTION,15657.7426,14248.3159,168.5469,1801,510,-0.01076444,,-0.01076444,-0.01076444,-168.5469,15657.7426,OK,0.0000,6.7419,4.0000,96.0000,AG03-UNRESOLVED,ALL5_LEVELS_bet23_to_bet27,6.7419,6.7419,6.7419,10.1128,10.1128,4.000000,4.000000,4.000000,6.000000,6.000000,96.000000,96.000000,96.000000,94.000000,94.000000,5.0,40.4513,36.7849,128.0956,131.762,PENDING_AG03,FALSE,NOT_FOR_ENFORCEMENT,161.8050,13678.3833,168.5469,161.8050,6.7419,0.01076444,0.01033387,6.7419,161.8050,0.01033387,6.7419,6.7419,6.7419,10.1128,10.1128,161.8050,0.01033387,40.4513,36.7849,128.0956,131.762,0.00818098,0.00841513,0.00043058,8.6939,27.9379,0.3305,15.3224,1.4284,1423.4311,46.3636,,8.6939,2.1082,2.1082,10.5412,27.4071,35.84,58.1734,2.1082,-2.1082,17.000001,27.593405,4.123785,25,76,13,8,0E-8,0.01076444,,0E-8,0.000000,0.909985,0.000000,,2026-04-07,2026-06-30,11,118,87,85,0.129412,,,0.000000,,,,,,,,GLOBAL_BASELINE_NO_ENTITY_RANKING,,,NOT_APPLICABLE_GLOBAL_BASELINE,HF9g-P5,,,,X 全窗基线 · 不参与实体赏罚,6875266,688,A168_HF9F_20260827_0900,2026-08-27 09:00:00
2026-04-15,148341469,1004,0,213.7752197838,-42.9764088294,-42.9764088294,0.2500000,13,4,0.45445137962765296,0.188488222917,-0.8212201503434605,0.3145565596869761,-0.8212201503434605,0.26596315671065296,ELIGIBLE,R03b_20260811_FULL_v1,L1_ELIGIBILITY,v2026-08-11,2026-03-21..2026-08-06,baccarat_bet02_101_all_pairs_incl_sentinel,round_win = game_pnl > 0 (decisive only),COMPATIBILITY_ONLY_NOT_PRODUCTION,15657.7426,14248.3159,168.5469,1801,510,-0.01076444,,-0.01076444,-0.01076444,-168.5469,15657.7426,OK,0.0000,6.7419,4.0000,96.0000,AG03-UNRESOLVED,ALL5_LEVELS_bet23_to_bet27,6.7419,6.7419,6.7419,10.1128,10.1128,4.000000,4.000000,4.000000,6.000000,6.000000,96.000000,96.000000,96.000000,94.000000,94.000000,5.0,40.4513,36.7849,128.0956,131.762,PENDING_AG03,FALSE,NOT_FOR_ENFORCEMENT,161.8050,13678.3833,168.5469,161.8050,6.7419,0.01076444,0.01033387,6.7419,161.8050,0.01033387,6.7419,6.7419,6.7419,10.1128,10.1128,161.8050,0.01033387,40.4513,36.7849,128.0956,131.762,0.00818098,0.00841513,0.00043058,8.6939,27.9379,0.3305,15.3224,1.4284,1423.4311,46.3636,,8.6939,2.1082,2.1082,10.5412,27.4071,35.84,58.1734,2.1082,-2.1082,17.000001,27.593405,4.123785,25,76,13,8,0E-8,0.01076444,,0E-8,0.000000,0.909985,0.000000,,2026-04-07,2026-06-30,11,118,87,85,0.129412,,,0.000000,,,,,,,,GLOBAL_BASELINE_NO_ENTITY_RANKING,,,NOT_APPLICABLE_GLOBAL_BASELINE,HF9g-P5,,,,X 全窗基线 · 不参与实体赏罚,6875267,688,A168_HF9F_20260827_0900,2026-08-27 09:00:00
2026-04-15,148341469,1094,0,6.3247106445,-6.3247106445,-6.3247106445,0E-7,3,1,0.05132793333333333,0.051327933333,-0.23260488570231885,-0.23260488570152274,-0.23260488570231885,3.3333E-13,ELIGIBLE,R03b_20260811_FULL_v1,L1_ELIGIBILITY,v2026-08-11,2026-03-21..2026-08-06,baccarat_bet02_101_all_pairs_incl_sentinel,round_win = game_pnl > 0 (decisive only),COMPATIBILITY_ONLY_NOT_PRODUCTION,15657.7426,14248.3159,168.5469,1801,510,-0.01076444,,-0.01076444,-0.01076444,-168.5469,15657.7426,OK,0.0000,6.7419,4.0000,96.0000,AG03-UNRESOLVED,ALL5_LEVELS_bet23_to_bet27,6.7419,6.7419,6.7419,10.1128,10.1128,4.000000,4.000000,4.000000,6.000000,6.000000,96.000000,96.000000,96.000000,94.000000,94.000000,5.0,40.4513,36.7849,128.0956,131.762,PENDING_AG03,FALSE,NOT_FOR_ENFORCEMENT,161.8050,13678.3833,168.5469,161.8050,6.7419,0.01076444,0.01033387,6.7419,161.8050,0.01033387,6.7419,6.7419,6.7419,10.1128,10.1128,161.8050,0.01033387,40.4513,36.7849,128.0956,131.762,0.00818098,0.00841513,0.00043058,8.6939,27.9379,0.3305,15.3224,1.4284,1423.4311,46.3636,,8.6939,2.1082,2.1082,10.5412,27.4071,35.84,58.1734,2.1082,-2.1082,17.000001,27.593405,4.123785,25,76,13,8,0E-8,0.01076444,,0E-8,0.000000,0.909985,0.000000,,2026-04-07,2026-06-30,11,118,87,85,0.129412,,,0.000000,,,,,,,,GLOBAL_BASELINE_NO_ENTITY_RANKING,,,NOT_APPLICABLE_GLOBAL_BASELINE,HF9g-P5,,,,X 全窗基线 · 不参与实体赏罚,6875268,688,A168_HF9F_20260827_0900,2026-08-27 09:00:00
2026-04-15,148341469,1109,0,328.8849535137,84.8565344800,84.8565344800,0.6923077,58,14,0.34259546583642689,0.153965468929,2.6569007984450814,5.378044740644638,2.6569007984450814,0.18862999690742689,ELIGIBLE,R03b_20260811_FULL_v1,L1_ELIGIBILITY,v2026-08-11,2026-03-21..2026-08-06,baccarat_bet02_101_all_pairs_incl_sentinel,round_win = game_pnl > 0 (decisive only),COMPATIBILITY_ONLY_NOT_PRODUCTION,15657.7426,14248.3159,168.5469,1801,510,-0.01076444,,-0.01076444,-0.01076444,-168.5469,15657.7426,OK,0.0000,6.7419,4.0000,96.0000,AG03-UNRESOLVED,ALL5_LEVELS_bet23_to_bet27,6.7419,6.7419,6.7419,10.1128,10.1128,4.000000,4.000000,4.000000,6.000000,6.000000,96.000000,96.000000,96.000000,94.000000,94.000000,5.0,40.4513,36.7849,128.0956,131.762,PENDING_AG03,FALSE,NOT_FOR_ENFORCEMENT,161.8050,13678.3833,168.5469,161.8050,6.7419,0.01076444,0.01033387,6.7419,161.8050,0.01033387,6.7419,6.7419,6.7419,10.1128,10.1128,161.8050,0.01033387,40.4513,36.7849,128.0956,131.762,0.00818098,0.00841513,0.00043058,8.6939,27.9379,0.3305,15.3224,1.4284,1423.4311,46.3636,,8.6939,2.1082,2.1082,10.5412,27.4071,35.84,58.1734,2.1082,-2.1082,17.000001,27.593405,4.123785,25,76,13,8,0E-8,0.01076444,,0E-8,0.000000,0.909985,0.000000,,2026-04-07,2026-06-30,11,118,87,85,0.129412,,,0.000000,,,,,,,,GLOBAL_BASELINE_NO_ENTITY_RANKING,,,NOT_APPLICABLE_GLOBAL_BASELINE,HF9g-P5,,,,X 全窗基线 · 不参与实体赏罚,6875269,688,A168_HF9F_20260827_0900,2026-08-27 09:00:00
2026-04-15,148341469,1396,0,227.6895832017,-30.8856703140,-30.8856703140,0.5000000,27,8,0.41430900927914081,0.184587180208,0.4920210653621851,2.299507335054591,0.4920210653621851,0.22972182907114081,ELIGIBLE,R03b_20260811_FULL_v1,L1_ELIGIBILITY,v2026-08-11,2026-03-21..2026-08-06,baccarat_bet02_101_all_pairs_incl_sentinel,round_win = game_pnl > 0 (decisive only),COMPATIBILITY_ONLY_NOT_PRODUCTION,15657.7426,14248.3159,168.5469,1801,510,-0.01076444,,-0.01076444,-0.01076444,-168.5469,15657.7426,OK,0.0000,6.7419,4.0000,96.0000,AG03-UNRESOLVED,ALL5_LEVELS_bet23_to_bet27,6.7419,6.7419,6.7419,10.1128,10.1128,4.000000,4.000000,4.000000,6.000000,6.000000,96.000000,96.000000,96.000000,94.000000,94.000000,5.0,40.4513,36.7849,128.0956,131.762,PENDING_AG03,FALSE,NOT_FOR_ENFORCEMENT,161.8050,13678.3833,168.5469,161.8050,6.7419,0.01076444,0.01033387,6.7419,161.8050,0.01033387,6.7419,6.7419,6.7419,10.1128,10.1128,161.8050,0.01033387,40.4513,36.7849,128.0956,131.762,0.00818098,0.00841513,0.00043058,8.6939,27.9379,0.3305,15.3224,1.4284,1423.4311,46.3636,,8.6939,2.1082,2.1082,10.5412,27.4071,35.84,58.1734,2.1082,-2.1082,17.000001,27.593405,4.123785,25,76,13,8,0E-8,0.01076444,,0E-8,0.000000,0.909985,0.000000,,2026-04-07,2026-06-30,11,118,87,85,0.129412,,,0.000000,,,,,,,,GLOBAL_BASELINE_NO_ENTITY_RANKING,,,NOT_APPLICABLE_GLOBAL_BASELINE,HF9g-P5,,,,X 全窗基线 · 不参与实体赏罚,6875270,688,A168_HF9F_20260827_0900,2026-08-27 09:00:00
2026-04-15,148341469,1400,0,56.9223958005,26.0367254864,26.0367254864,1.0000000,8,3,0.39313115166666667,0.254353608333,2.1519853997876237,2.9655697025816825,2.1519853997876237,0.13877754333366667,ELIGIBLE,R03b_20260811_FULL_v1,L1_ELIGIBILITY,v2026-08-11,2026-03-21..2026-08-06,baccarat_bet02_101_all_pairs_incl_sentinel,round_win = game_pnl > 0 (decisive only),COMPATIBILITY_ONLY_NOT_PRODUCTION,15657.7426,14248.3159,168.5469,1801,510,-0.01076444,,-0.01076444,-0.01076444,-168.5469,15657.7426,OK,0.0000,6.7419,4.0000,96.0000,AG03-UNRESOLVED,ALL5_LEVELS_bet23_to_bet27,6.7419,6.7419,6.7419,10.1128,10.1128,4.000000,4.000000,4.000000,6.000000,6.000000,96.000000,96.000000,96.000000,94.000000,94.000000,5.0,40.4513,36.7849,128.0956,131.762,PENDING_AG03,FALSE,NOT_FOR_ENFORCEMENT,161.8050,13678.3833,168.5469,161.8050,6.7419,0.01076444,0.01033387,6.7419,161.8050,0.01033387,6.7419,6.7419,6.7419,10.1128,10.1128,161.8050,0.01033387,40.4513,36.7849,128.0956,131.762,0.00818098,0.00841513,0.00043058,8.6939,27.9379,0.3305,15.3224,1.4284,1423.4311,46.3636,,8.6939,2.1082,2.1082,10.5412,27.4071,35.84,58.1734,2.1082,-2.1082,17.000001,27.593405,4.123785,25,76,13,8,0E-8,0.01076444,,0E-8,0.000000,0.909985,0.000000,,2026-04-07,2026-06-30,11,118,87,85,0.129412,,,0.000000,,,,,,,,GLOBAL_BASELINE_NO_ENTITY_RANKING,,,NOT_APPLICABLE_GLOBAL_BASELINE,HF9g-P5,,,,X 全窗基线 · 不参与实体赏罚,6875271,688,A168_HF9F_20260827_0900,2026-08-27 09:00:00
2026-04-15,148341469,1401,0,158.1177661125,-23.9284886052,-23.9284886052,0.4285714,25,7,0.35819731405854649,0.208935470000,0.38832918895711144,1.4293560383530988,0.38832918895711144,0.14926184405854649,ELIGIBLE,R03b_20260811_FULL_v1,L1_ELIGIBILITY,v2026-08-11,2026-03-21..2026-08-06,baccarat_bet02_101_all_pairs_incl_sentinel,round_win = game_pnl > 0 (decisive only),COMPATIBILITY_ONLY_NOT_PRODUCTION,15657.7426,14248.3159,168.5469,1801,510,-0.01076444,,-0.01076444,-0.01076444,-168.5469,15657.7426,OK,0.0000,6.7419,4.0000,96.0000,AG03-UNRESOLVED,ALL5_LEVELS_bet23_to_bet27,6.7419,6.7419,6.7419,10.1128,10.1128,4.000000,4.000000,4.000000,6.000000,6.000000,96.000000,96.000000,96.000000,94.000000,94.000000,5.0,40.4513,36.7849,128.0956,131.762,PENDING_AG03,FALSE,NOT_FOR_ENFORCEMENT,161.8050,13678.3833,168.5469,161.8050,6.7419,0.01076444,0.01033387,6.7419,161.8050,0.01033387,6.7419,6.7419,6.7419,10.1128,10.1128,161.8050,0.01033387,40.4513,36.7849,128.0956,131.762,0.00818098,0.00841513,0.00043058,8.6939,27.9379,0.3305,15.3224,1.4284,1423.4311,46.3636,,8.6939,2.1082,2.1082,10.5412,27.4071,35.84,58.1734,2.1082,-2.1082,17.000001,27.593405,4.123785,25,76,13,8,0E-8,0.01076444,,0E-8,0.000000,0.909985,0.000000,,2026-04-07,2026-06-30,11,118,87,85,0.129412,,,0.000000,,,,,,,,GLOBAL_BASELINE_NO_ENTITY_RANKING,,,NOT_APPLICABLE_GLOBAL_BASELINE,HF9g-P5,,,,X 全窗基线 · 不参与实体赏罚,6875272,688,A168_HF9F_20260827_0900,2026-08-27 09:00:00
2026-04-15,148341469,1485,0,259.3131364241,185.8410811036,185.8410811036,0.6250000,32,8,0.40704435452581777,0.163901887500,1.254819167773194,3.5230413372321068,1.254819167773194,0.24314246702581777,ELIGIBLE,R03b_20260811_FULL_v1,L1_ELIGIBILITY,v2026-08-11,2026-03-21..2026-08-06,baccarat_bet02_101_all_pairs_incl_sentinel,round_win = game_pnl > 0 (decisive only),COMPATIBILITY_ONLY_NOT_PRODUCTION,15657.7426,14248.3159,168.5469,1801,510,-0.01076444,,-0.01076444,-0.01076444,-168.5469,15657.7426,OK,0.0000,6.7419,4.0000,96.0000,AG03-UNRESOLVED,ALL5_LEVELS_bet23_to_bet27,6.7419,6.7419,6.7419,10.1128,10.1128,4.000000,4.000000,4.000000,6.000000,6.000000,96.000000,96.000000,96.000000,94.000000,94.000000,5.0,40.4513,36.7849,128.0956,131.762,PENDING_AG03,FALSE,NOT_FOR_ENFORCEMENT,161.8050,13678.3833,168.5469,161.8050,6.7419,0.01076444,0.01033387,6.7419,161.8050,0.01033387,6.7419,6.7419,6.7419,10.1128,10.1128,161.8050,0.01033387,40.4513,36.7849,128.0956,131.762,0.00818098,0.00841513,0.00043058,8.6939,27.9379,0.3305,15.3224,1.4284,1423.4311,46.3636,,8.6939,2.1082,2.1082,10.5412,27.4071,35.84,58.1734,2.1082,-2.1082,17.000001,27.593405,4.123785,25,76,13,8,0E-8,0.01076444,,0E-8,0.000000,0.909985,0.000000,,2026-04-07,2026-06-30,11,118,87,85,0.129412,,,0.000000,,,,,,,,GLOBAL_BASELINE_NO_ENTITY_RANKING,,,NOT_APPLICABLE_GLOBAL_BASELINE,HF9g-P5,,,,X 全窗基线 · 不参与实体赏罚,6875273,688,A168_HF9F_20260827_0900,2026-08-27 09:00:00
2026-04-15,148341469,1490,0,63.2471064450,-63.2471064450,-63.2471064450,0E-7,8,2,0.41022406666666667,0.163482975000,-1.1794568101883345,-0.6251926617659178,-1.1794568101883345,0.24674109166666667,ELIGIBLE,R03b_20260811_FULL_v1,L1_ELIGIBILITY,v2026-08-11,2026-03-21..2026-08-06,baccarat_bet02_101_all_pairs_incl_sentinel,round_win = game_pnl > 0 (decisive only),COMPATIBILITY_ONLY_NOT_PRODUCTION,15657.7426,14248.3159,168.5469,1801,510,-0.01076444,,-0.01076444,-0.01076444,-168.5469,15657.7426,OK,0.0000,6.7419,4.0000,96.0000,AG03-UNRESOLVED,ALL5_LEVELS_bet23_to_bet27,6.7419,6.7419,6.7419,10.1128,10.1128,4.000000,4.000000,4.000000,6.000000,6.000000,96.000000,96.000000,96.000000,94.000000,94.000000,5.0,40.4513,36.7849,128.0956,131.762,PENDING_AG03,FALSE,NOT_FOR_ENFORCEMENT,161.8050,13678.3833,168.5469,161.8050,6.7419,0.01076444,0.01033387,6.7419,161.8050,0.01033387,6.7419,6.7419,6.7419,10.1128,10.1128,161.8050,0.01033387,40.4513,36.7849,128.0956,131.762,0.00818098,0.00841513,0.00043058,8.6939,27.9379,0.3305,15.3224,1.4284,1423.4311,46.3636,,8.6939,2.1082,2.1082,10.5412,27.4071,35.84,58.1734,2.1082,-2.1082,17.000001,27.593405,4.123785,25,76,13,8,0E-8,0.01076444,,0E-8,0.000000,0.909985,0.000000,,2026-04-07,2026-06-30,11,118,87,85,0.129412,,,0.000000,,,,,,,,GLOBAL_BASELINE_NO_ENTITY_RANKING,,,NOT_APPLICABLE_GLOBAL_BASELINE,HF9g-P5,,,,X 全窗基线 · 不参与实体赏罚,6875274,688,A168_HF9F_20260827_0900,2026-08-27 09:00:00
2026-04-15,148341469,1963,0,349.9673223286,75.2640566692,75.2640566692,0.7500000,51,12,0.36054387591468837,0.151203287500,2.809730872117211,5.790120059714064,2.809730872117211,0.20934058841468837,ELIGIBLE,R03b_20260811_FULL_v1,L1_ELIGIBILITY,v2026-08-11,2026-03-21..2026-08-06,baccarat_bet02_101_all_pairs_incl_sentinel,round_win = game_pnl > 0 (decisive only),COMPATIBILITY_ONLY_NOT_PRODUCTION,15657.7426,14248.3159,168.5469,1801,510,-0.01076444,,-0.01076444,-0.01076444,-168.5469,15657.7426,OK,0.0000,6.7419,4.0000,96.0000,AG03-UNRESOLVED,ALL5_LEVELS_bet23_to_bet27,6.7419,6.7419,6.7419,10.1128,10.1128,4.000000,4.000000,4.000000,6.000000,6.000000,96.000000,96.000000,96.000000,94.000000,94.000000,5.0,40.4513,36.7849,128.0956,131.762,PENDING_AG03,FALSE,NOT_FOR_ENFORCEMENT,161.8050,13678.3833,168.5469,161.8050,6.7419,0.01076444,0.01033387,6.7419,161.8050,0.01033387,6.7419,6.7419,6.7419,10.1128,10.1128,161.8050,0.01033387,40.4513,36.7849,128.0956,131.762,0.00818098,0.00841513,0.00043058,8.6939,27.9379,0.3305,15.3224,1.4284,1423.4311,46.3636,,8.6939,2.1082,2.1082,10.5412,27.4071,35.84,58.1734,2.1082,-2.1082,17.000001,27.593405,4.123785,25,76,13,8,0E-8,0.01076444,,0E-8,0.000000,0.909985,0.000000,,2026-04-07,2026-06-30,11,118,87,85,0.129412,,,0.000000,,,,,,,,GLOBAL_BASELINE_NO_ENTITY_RANKING,,,NOT_APPLICABLE_GLOBAL_BASELINE,HF9g-P5,,,,X 全窗基线 · 不参与实体赏罚,6875275,688,A168_HF9F_20260827_0900,2026-08-27 09:00:00
2026-04-15,148341469,1985,0,250.6693652103,-54.1816878547,-54.1816878547,0.4000000,38,10,0.38218425641024108,0.170029110000,0.11594127489267195,1.9358860708220538,0.11594127489267195,0.21215514641024108,ELIGIBLE,R03b_20260811_FULL_v1,L1_ELIGIBILITY,v2026-08-11,2026-03-21..2026-08-06,baccarat_bet02_101_all_pairs_incl_sentinel,round_win = game_pnl > 0 (decisive only),COMPATIBILITY_ONLY_NOT_PRODUCTION,15657.7426,14248.3159,168.5469,1801,510,-0.01076444,,-0.01076444,-0.01076444,-168.5469,15657.7426,OK,0.0000,6.7419,4.0000,96.0000,AG03-UNRESOLVED,ALL5_LEVELS_bet23_to_bet27,6.7419,6.7419,6.7419,10.1128,10.1128,4.000000,4.000000,4.000000,6.000000,6.000000,96.000000,96.000000,96.000000,94.000000,94.000000,5.0,40.4513,36.7849,128.0956,131.762,PENDING_AG03,FALSE,NOT_FOR_ENFORCEMENT,161.8050,13678.3833,168.5469,161.8050,6.7419,0.01076444,0.01033387,6.7419,161.8050,0.01033387,6.7419,6.7419,6.7419,10.1128,10.1128,161.8050,0.01033387,40.4513,36.7849,128.0956,131.762,0.00818098,0.00841513,0.00043058,8.6939,27.9379,0.3305,15.3224,1.4284,1423.4311,46.3636,,8.6939,2.1082,2.1082,10.5412,27.4071,35.84,58.1734,2.1082,-2.1082,17.000001,27.593405,4.123785,25,76,13,8,0E-8,0.01076444,,0E-8,0.000000,0.909985,0.000000,,2026-04-07,2026-06-30,11,118,87,85,0.129412,,,0.000000,,,,,,,,GLOBAL_BASELINE_NO_ENTITY_RANKING,,,NOT_APPLICABLE_GLOBAL_BASELINE,HF9g-P5,,,,X 全窗基线 · 不参与实体赏罚,6875276,688,A168_HF9F_20260827_0900,2026-08-27 09:00:00
2026-04-15,148341469,1990,0,21.0823688150,-21.0823688150,-21.0823688150,0E-7,1,1,0.49324550000000000,0.493245500000,-0.9865810262130424,-0.9865810262130424,-0.9865810262130424,0E-17,ELIGIBLE,R03b_20260811_FULL_v1,L1_ELIGIBILITY,v2026-08-11,2026-03-21..2026-08-06,baccarat_bet02_101_all_pairs_incl_sentinel,round_win = game_pnl > 0 (decisive only),COMPATIBILITY_ONLY_NOT_PRODUCTION,15657.7426,14248.3159,168.5469,1801,510,-0.01076444,,-0.01076444,-0.01076444,-168.5469,15657.7426,OK,0.0000,6.7419,4.0000,96.0000,AG03-UNRESOLVED,ALL5_LEVELS_bet23_to_bet27,6.7419,6.7419,6.7419,10.1128,10.1128,4.000000,4.000000,4.000000,6.000000,6.000000,96.000000,96.000000,96.000000,94.000000,94.000000,5.0,40.4513,36.7849,128.0956,131.762,PENDING_AG03,FALSE,NOT_FOR_ENFORCEMENT,161.8050,13678.3833,168.5469,161.8050,6.7419,0.01076444,0.01033387,6.7419,161.8050,0.01033387,6.7419,6.7419,6.7419,10.1128,10.1128,161.8050,0.01033387,40.4513,36.7849,128.0956,131.762,0.00818098,0.00841513,0.00043058,8.6939,27.9379,0.3305,15.3224,1.4284,1423.4311,46.3636,,8.6939,2.1082,2.1082,10.5412,27.4071,35.84,58.1734,2.1082,-2.1082,17.000001,27.593405,4.123785,25,76,13,8,0E-8,0.01076444,,0E-8,0.000000,0.909985,0.000000,,2026-04-07,2026-06-30,11,118,87,85,0.129412,,,0.000000,,,,,,,,GLOBAL_BASELINE_NO_ENTITY_RANKING,,,NOT_APPLICABLE_GLOBAL_BASELINE,HF9g-P5,,,,X 全窗基线 · 不参与实体赏罚,6875277,688,A168_HF9F_20260827_0900,2026-08-27 09:00:00
2026-04-15,148341469,2088,0,84.3294752598,-48.4894482744,-48.4894482744,0E-7,8,2,0.43835228499983802,0.165158625000,-1.2493802517935042,-0.6290188275418012,-1.2493802517935042,0.27319365999983802,ELIGIBLE,R03b_20260811_FULL_v1,L1_ELIGIBILITY,v2026-08-11,2026-03-21..2026-08-06,baccarat_bet02_101_all_pairs_incl_sentinel,round_win = game_pnl > 0 (decisive only),COMPATIBILITY_ONLY_NOT_PRODUCTION,15657.7426,14248.3159,168.5469,1801,510,-0.01076444,,-0.01076444,-0.01076444,-168.5469,15657.7426,OK,0.0000,6.7419,4.0000,96.0000,AG03-UNRESOLVED,ALL5_LEVELS_bet23_to_bet27,6.7419,6.7419,6.7419,10.1128,10.1128,4.000000,4.000000,4.000000,6.000000,6.000000,96.000000,96.000000,96.000000,94.000000,94.000000,5.0,40.4513,36.7849,128.0956,131.762,PENDING_AG03,FALSE,NOT_FOR_ENFORCEMENT,161.8050,13678.3833,168.5469,161.8050,6.7419,0.01076444,0.01033387,6.7419,161.8050,0.01033387,6.7419,6.7419,6.7419,10.1128,10.1128,161.8050,0.01033387,40.4513,36.7849,128.0956,131.762,0.00818098,0.00841513,0.00043058,8.6939,27.9379,0.3305,15.3224,1.4284,1423.4311,46.3636,,8.6939,2.1082,2.1082,10.5412,27.4071,35.84,58.1734,2.1082,-2.1082,17.000001,27.593405,4.123785,25,76,13,8,0E-8,0.01076444,,0E-8,0.000000,0.909985,0.000000,,2026-04-07,2026-06-30,11,118,87,85,0.129412,,,0.000000,,,,,,,,GLOBAL_BASELINE_NO_ENTITY_RANKING,,,NOT_APPLICABLE_GLOBAL_BASELINE,HF9g-P5,,,,X 全窗基线 · 不参与实体赏罚,6875278,688,A168_HF9F_20260827_0900,2026-08-27 09:00:00
2026-04-15,148341469,2101,0,149.6848185864,-21.0823688151,-21.0823688151,0.3333333,24,6,0.33139030065348695,0.145197212500,0.010111125419768609,1.308084218169537,0.010111125419768609,0.18619308815348695,ELIGIBLE,R03b_20260811_FULL_v1,L1_ELIGIBILITY,v2026-08-11,2026-03-21..2026-08-06,baccarat_bet02_101_all_pairs_incl_sentinel,round_win = game_pnl > 0 (decisive only),COMPATIBILITY_ONLY_NOT_PRODUCTION,15657.7426,14248.3159,168.5469,1801,510,-0.01076444,,-0.01076444,-0.01076444,-168.5469,15657.7426,OK,0.0000,6.7419,4.0000,96.0000,AG03-UNRESOLVED,ALL5_LEVELS_bet23_to_bet27,6.7419,6.7419,6.7419,10.1128,10.1128,4.000000,4.000000,4.000000,6.000000,6.000000,96.000000,96.000000,96.000000,94.000000,94.000000,5.0,40.4513,36.7849,128.0956,131.762,PENDING_AG03,FALSE,NOT_FOR_ENFORCEMENT,161.8050,13678.3833,168.5469,161.8050,6.7419,0.01076444,0.01033387,6.7419,161.8050,0.01033387,6.7419,6.7419,6.7419,10.1128,10.1128,161.8050,0.01033387,40.4513,36.7849,128.0956,131.762,0.00818098,0.00841513,0.00043058,8.6939,27.9379,0.3305,15.3224,1.4284,1423.4311,46.3636,,8.6939,2.1082,2.1082,10.5412,27.4071,35.84,58.1734,2.1082,-2.1082,17.000001,27.593405,4.123785,25,76,13,8,0E-8,0.01076444,,0E-8,0.000000,0.909985,0.000000,,2026-04-07,2026-06-30,11,118,87,85,0.129412,,,0.000000,,,,,,,,GLOBAL_BASELINE_NO_ENTITY_RANKING,,,NOT_APPLICABLE_GLOBAL_BASELINE,HF9g-P5,,,,X 全窗基线 · 不参与实体赏罚,6875279,688,A168_HF9F_20260827_0900,2026-08-27 09:00:00
2026-04-15,148341469,2103,0,624.8814116757,94.9971538800,94.9971538800,0.5555556,73,18,0.40365849625503682,0.162922441389,1.3135029471909525,4.51076158316736,1.3135029471909525,0.24073605486603682,ELIGIBLE,R03b_20260811_FULL_v1,L1_ELIGIBILITY,v2026-08-11,2026-03-21..2026-08-06,baccarat_bet02_101_all_pairs_incl_sentinel,round_win = game_pnl > 0 (decisive only),COMPATIBILITY_ONLY_NOT_PRODUCTION,15657.7426,14248.3159,168.5469,1801,510,-0.01076444,,-0.01076444,-0.01076444,-168.5469,15657.7426,OK,0.0000,6.7419,4.0000,96.0000,AG03-UNRESOLVED,ALL5_LEVELS_bet23_to_bet27,6.7419,6.7419,6.7419,10.1128,10.1128,4.000000,4.000000,4.000000,6.000000,6.000000,96.000000,96.000000,96.000000,94.000000,94.000000,5.0,40.4513,36.7849,128.0956,131.762,PENDING_AG03,FALSE,NOT_FOR_ENFORCEMENT,161.8050,13678.3833,168.5469,161.8050,6.7419,0.01076444,0.01033387,6.7419,161.8050,0.01033387,6.7419,6.7419,6.7419,10.1128,10.1128,161.8050,0.01033387,40.4513,36.7849,128.0956,131.762,0.00818098,0.00841513,0.00043058,8.6939,27.9379,0.3305,15.3224,1.4284,1423.4311,46.3636,,8.6939,2.1082,2.1082,10.5412,27.4071,35.84,58.1734,2.1082,-2.1082,17.000001,27.593405,4.123785,25,76,13,8,0E-8,0.01076444,,0E-8,0.000000,0.909985,0.000000,,2026-04-07,2026-06-30,11,118,87,85,0.129412,,,0.000000,,,,,,,,GLOBAL_BASELINE_NO_ENTITY_RANKING,,,NOT_APPLICABLE_GLOBAL_BASELINE,HF9g-P5,,,,X 全窗基线 · 不参与实体赏罚,6875280,688,A168_HF9F_20260827_0900,2026-08-27 09:00:00
2026-04-15,148341469,2106,0,42.1647376299,-42.1647376299,-42.1647376299,0E-7,5,2,0.24711533333326848,0.124050250000,-0.8102156330628371,-0.5321992071854048,-0.8102156330628371,0.12306508333326848,ELIGIBLE,R03b_20260811_FULL_v1,L1_ELIGIBILITY,v2026-08-11,2026-03-21..2026-08-06,baccarat_bet02_101_all_pairs_incl_sentinel,round_win = game_pnl > 0 (decisive only),COMPATIBILITY_ONLY_NOT_PRODUCTION,15657.7426,14248.3159,168.5469,1801,510,-0.01076444,,-0.01076444,-0.01076444,-168.5469,15657.7426,OK,0.0000,6.7419,4.0000,96.0000,AG03-UNRESOLVED,ALL5_LEVELS_bet23_to_bet27,6.7419,6.7419,6.7419,10.1128,10.1128,4.000000,4.000000,4.000000,6.000000,6.000000,96.000000,96.000000,96.000000,94.000000,94.000000,5.0,40.4513,36.7849,128.0956,131.762,PENDING_AG03,FALSE,NOT_FOR_ENFORCEMENT,161.8050,13678.3833,168.5469,161.8050,6.7419,0.01076444,0.01033387,6.7419,161.8050,0.01033387,6.7419,6.7419,6.7419,10.1128,10.1128,161.8050,0.01033387,40.4513,36.7849,128.0956,131.762,0.00818098,0.00841513,0.00043058,8.6939,27.9379,0.3305,15.3224,1.4284,1423.4311,46.3636,,8.6939,2.1082,2.1082,10.5412,27.4071,35.84,58.1734,2.1082,-2.1082,17.000001,27.593405,4.123785,25,76,13,8,0E-8,0.01076444,,0E-8,0.000000,0.909985,0.000000,,2026-04-07,2026-06-30,11,118,87,85,0.129412,,,0.000000,,,,,,,,GLOBAL_BASELINE_NO_ENTITY_RANKING,,,NOT_APPLICABLE_GLOBAL_BASELINE,HF9g-P5,,,,X 全窗基线 · 不参与实体赏罚,6875281,688,A168_HF9F_20260827_0900,2026-08-27 09:00:00
2026-04-15,148341469,2145,0,134.5055130397,-69.1501697132,-69.1501697132,0.1666667,24,6,0.36637564820987654,0.162365875000,-1.0152990789713454,0.028566002576732686,-1.0152990789713454,0.20400977320987654,ELIGIBLE,R03b_20260811_FULL_v1,L1_ELIGIBILITY,v2026-08-11,2026-03-21..2026-08-06,baccarat_bet02_101_all_pairs_incl_sentinel,round_win = game_pnl > 0 (decisive only),COMPATIBILITY_ONLY_NOT_PRODUCTION,15657.7426,14248.3159,168.5469,1801,510,-0.01076444,,-0.01076444,-0.01076444,-168.5469,15657.7426,OK,0.0000,6.7419,4.0000,96.0000,AG03-UNRESOLVED,ALL5_LEVELS_bet23_to_bet27,6.7419,6.7419,6.7419,10.1128,10.1128,4.000000,4.000000,4.000000,6.000000,6.000000,96.000000,96.000000,96.000000,94.000000,94.000000,5.0,40.4513,36.7849,128.0956,131.762,PENDING_AG03,FALSE,NOT_FOR_ENFORCEMENT,161.8050,13678.3833,168.5469,161.8050,6.7419,0.01076444,0.01033387,6.7419,161.8050,0.01033387,6.7419,6.7419,6.7419,10.1128,10.1128,161.8050,0.01033387,40.4513,36.7849,128.0956,131.762,0.00818098,0.00841513,0.00043058,8.6939,27.9379,0.3305,15.3224,1.4284,1423.4311,46.3636,,8.6939,2.1082,2.1082,10.5412,27.4071,35.84,58.1734,2.1082,-2.1082,17.000001,27.593405,4.123785,25,76,13,8,0E-8,0.01076444,,0E-8,0.000000,0.909985,0.000000,,2026-04-07,2026-06-30,11,118,87,85,0.129412,,,0.000000,,,,,,,,GLOBAL_BASELINE_NO_ENTITY_RANKING,,,NOT_APPLICABLE_GLOBAL_BASELINE,HF9g-P5,,,,X 全窗基线 · 不参与实体赏罚,6875282,688,A168_HF9F_20260827_0900,2026-08-27 09:00:00
2026-04-15,148341469,2147,0,21.0823688150,-6.3247106445,-6.3247106445,0E-7,4,1,0.37005387000000000,0.165158625000,-0.7664446006017991,-0.4447834784488191,-0.7664446006017991,0.20489524500000000,ELIGIBLE,R03b_20260811_FULL_v1,L1_ELIGIBILITY,v2026-08-11,2026-03-21..2026-08-06,baccarat_bet02_101_all_pairs_incl_sentinel,round_win = game_pnl > 0 (decisive only),COMPATIBILITY_ONLY_NOT_PRODUCTION,15657.7426,14248.3159,168.5469,1801,510,-0.01076444,,-0.01076444,-0.01076444,-168.5469,15657.7426,OK,0.0000,6.7419,4.0000,96.0000,AG03-UNRESOLVED,ALL5_LEVELS_bet23_to_bet27,6.7419,6.7419,6.7419,10.1128,10.1128,4.000000,4.000000,4.000000,6.000000,6.000000,96.000000,96.000000,96.000000,94.000000,94.000000,5.0,40.4513,36.7849,128.0956,131.762,PENDING_AG03,FALSE,NOT_FOR_ENFORCEMENT,161.8050,13678.3833,168.5469,161.8050,6.7419,0.01076444,0.01033387,6.7419,161.8050,0.01033387,6.7419,6.7419,6.7419,10.1128,10.1128,161.8050,0.01033387,40.4513,36.7849,128.0956,131.762,0.00818098,0.00841513,0.00043058,8.6939,27.9379,0.3305,15.3224,1.4284,1423.4311,46.3636,,8.6939,2.1082,2.1082,10.5412,27.4071,35.84,58.1734,2.1082,-2.1082,17.000001,27.593405,4.123785,25,76,13,8,0E-8,0.01076444,,0E-8,0.000000,0.909985,0.000000,,2026-04-07,2026-06-30,11,118,87,85,0.129412,,,0.000000,,,,,,,,GLOBAL_BASELINE_NO_ENTITY_RANKING,,,NOT_APPLICABLE_GLOBAL_BASELINE,HF9g-P5,,,,X 全窗基线 · 不参与实体赏罚,6875283,688,A168_HF9F_20260827_0900,2026-08-27 09:00:00
2026-04-15,148341469,2156,0,96.9788965488,-9.9087133430,-9.9087133430,0.6666667,13,3,0.38964163513056949,0.159561223333,0.9839080442720739,2.3985135709439653,0.9839080442720739,0.23008041179756949,ELIGIBLE,R03b_20260811_FULL_v1,L1_ELIGIBILITY,v2026-08-11,2026-03-21..2026-08-06,baccarat_bet02_101_all_pairs_incl_sentinel,round_win = game_pnl > 0 (decisive only),COMPATIBILITY_ONLY_NOT_PRODUCTION,15657.7426,14248.3159,168.5469,1801,510,-0.01076444,,-0.01076444,-0.01076444,-168.5469,15657.7426,OK,0.0000,6.7419,4.0000,96.0000,AG03-UNRESOLVED,ALL5_LEVELS_bet23_to_bet27,6.7419,6.7419,6.7419,10.1128,10.1128,4.000000,4.000000,4.000000,6.000000,6.000000,96.000000,96.000000,96.000000,94.000000,94.000000,5.0,40.4513,36.7849,128.0956,131.762,PENDING_AG03,FALSE,NOT_FOR_ENFORCEMENT,161.8050,13678.3833,168.5469,161.8050,6.7419,0.01076444,0.01033387,6.7419,161.8050,0.01033387,6.7419,6.7419,6.7419,10.1128,10.1128,161.8050,0.01033387,40.4513,36.7849,128.0956,131.762,0.00818098,0.00841513,0.00043058,8.6939,27.9379,0.3305,15.3224,1.4284,1423.4311,46.3636,,8.6939,2.1082,2.1082,10.5412,27.4071,35.84,58.1734,2.1082,-2.1082,17.000001,27.593405,4.123785,25,76,13,8,0E-8,0.01076444,,0E-8,0.000000,0.909985,0.000000,,2026-04-07,2026-06-30,11,118,87,85,0.129412,,,0.000000,,,,,,,,GLOBAL_BASELINE_NO_ENTITY_RANKING,,,NOT_APPLICABLE_GLOBAL_BASELINE,HF9g-P5,,,,X 全窗基线 · 不参与实体赏罚,6875284,688,A168_HF9F_20260827_0900,2026-08-27 09:00:00
2026-04-15,148341469,2196,0,284.6119790023,82.4320620663,82.4320620663,0.7500000,45,12,0.35991505430442381,0.161190202222,2.815340970397791,5.547081971558142,2.815340970397791,0.19872485208242381,ELIGIBLE,R03b_20260811_FULL_v1,L1_ELIGIBILITY,v2026-08-11,2026-03-21..2026-08-06,baccarat_bet02_101_all_pairs_incl_sentinel,round_win = game_pnl > 0 (decisive only),COMPATIBILITY_ONLY_NOT_PRODUCTION,15657.7426,14248.3159,168.5469,1801,510,-0.01076444,,-0.01076444,-0.01076444,-168.5469,15657.7426,OK,0.0000,6.7419,4.0000,96.0000,AG03-UNRESOLVED,ALL5_LEVELS_bet23_to_bet27,6.7419,6.7419,6.7419,10.1128,10.1128,4.000000,4.000000,4.000000,6.000000,6.000000,96.000000,96.000000,96.000000,94.000000,94.000000,5.0,40.4513,36.7849,128.0956,131.762,PENDING_AG03,FALSE,NOT_FOR_ENFORCEMENT,161.8050,13678.3833,168.5469,161.8050,6.7419,0.01076444,0.01033387,6.7419,161.8050,0.01033387,6.7419,6.7419,6.7419,10.1128,10.1128,161.8050,0.01033387,40.4513,36.7849,128.0956,131.762,0.00818098,0.00841513,0.00043058,8.6939,27.9379,0.3305,15.3224,1.4284,1423.4311,46.3636,,8.6939,2.1082,2.1082,10.5412,27.4071,35.84,58.1734,2.1082,-2.1082,17.000001,27.593405,4.123785,25,76,13,8,0E-8,0.01076444,,0E-8,0.000000,0.909985,0.000000,,2026-04-07,2026-06-30,11,118,87,85,0.129412,,,0.000000,,,,,,,,GLOBAL_BASELINE_NO_ENTITY_RANKING,,,NOT_APPLICABLE_GLOBAL_BASELINE,HF9g-P5,,,,X 全窗基线 · 不参与实体赏罚,6875285,688,A168_HF9F_20260827_0900,2026-08-27 09:00:00
2026-04-15,148341469,2202,0,50.5976851560,-1.2649421289,-1.2649421289,0.5000000,8,2,0.38523129555555556,0.165158625000,0.3335199529360489,1.2752681194517366,0.3335199529360489,0.22007267055555556,ELIGIBLE,R03b_20260811_FULL_v1,L1_ELIGIBILITY,v2026-08-11,2026-03-21..2026-08-06,baccarat_bet02_101_all_pairs_incl_sentinel,round_win = game_pnl > 0 (decisive only),COMPATIBILITY_ONLY_NOT_PRODUCTION,15657.7426,14248.3159,168.5469,1801,510,-0.01076444,,-0.01076444,-0.01076444,-168.5469,15657.7426,OK,0.0000,6.7419,4.0000,96.0000,AG03-UNRESOLVED,ALL5_LEVELS_bet23_to_bet27,6.7419,6.7419,6.7419,10.1128,10.1128,4.000000,4.000000,4.000000,6.000000,6.000000,96.000000,96.000000,96.000000,94.000000,94.000000,5.0,40.4513,36.7849,128.0956,131.762,PENDING_AG03,FALSE,NOT_FOR_ENFORCEMENT,161.8050,13678.3833,168.5469,161.8050,6.7419,0.01076444,0.01033387,6.7419,161.8050,0.01033387,6.7419,6.7419,6.7419,10.1128,10.1128,161.8050,0.01033387,40.4513,36.7849,128.0956,131.762,0.00818098,0.00841513,0.00043058,8.6939,27.9379,0.3305,15.3224,1.4284,1423.4311,46.3636,,8.6939,2.1082,2.1082,10.5412,27.4071,35.84,58.1734,2.1082,-2.1082,17.000001,27.593405,4.123785,25,76,13,8,0E-8,0.01076444,,0E-8,0.000000,0.909985,0.000000,,2026-04-07,2026-06-30,11,118,87,85,0.129412,,,0.000000,,,,,,,,GLOBAL_BASELINE_NO_ENTITY_RANKING,,,NOT_APPLICABLE_GLOBAL_BASELINE,HF9g-P5,,,,X 全窗基线 · 不参与实体赏罚,6875286,688,A168_HF9F_20260827_0900,2026-08-27 09:00:00
2026-04-15,148341469,2220,0,322.5602428692,2.7407079458,2.7407079458,0.4166667,44,12,0.35733446035236581,0.162179752778,0.4288951788520091,2.3915658060649365,0.4288951788520091,0.19515470757436581,ELIGIBLE,R03b_20260811_FULL_v1,L1_ELIGIBILITY,v2026-08-11,2026-03-21..2026-08-06,baccarat_bet02_101_all_pairs_incl_sentinel,round_win = game_pnl > 0 (decisive only),COMPATIBILITY_ONLY_NOT_PRODUCTION,15657.7426,14248.3159,168.5469,1801,510,-0.01076444,,-0.01076444,-0.01076444,-168.5469,15657.7426,OK,0.0000,6.7419,4.0000,96.0000,AG03-UNRESOLVED,ALL5_LEVELS_bet23_to_bet27,6.7419,6.7419,6.7419,10.1128,10.1128,4.000000,4.000000,4.000000,6.000000,6.000000,96.000000,96.000000,96.000000,94.000000,94.000000,5.0,40.4513,36.7849,128.0956,131.762,PENDING_AG03,FALSE,NOT_FOR_ENFORCEMENT,161.8050,13678.3833,168.5469,161.8050,6.7419,0.01076444,0.01033387,6.7419,161.8050,0.01033387,6.7419,6.7419,6.7419,10.1128,10.1128,161.8050,0.01033387,40.4513,36.7849,128.0956,131.762,0.00818098,0.00841513,0.00043058,8.6939,27.9379,0.3305,15.3224,1.4284,1423.4311,46.3636,,8.6939,2.1082,2.1082,10.5412,27.4071,35.84,58.1734,2.1082,-2.1082,17.000001,27.593405,4.123785,25,76,13,8,0E-8,0.01076444,,0E-8,0.000000,0.909985,0.000000,,2026-04-07,2026-06-30,11,118,87,85,0.129412,,,0.000000,,,,,,,,GLOBAL_BASELINE_NO_ENTITY_RANKING,,,NOT_APPLICABLE_GLOBAL_BASELINE,HF9g-P5,,,,X 全窗基线 · 不参与实体赏罚,6875287,688,A168_HF9F_20260827_0900,2026-08-27 09:00:00
2026-04-15,148341469,2224,0,63.2471064449,72.4179368794,72.4179368794,1.0000000,8,2,0.39521120848201631,0.163482975000,1.7494528341544757,3.1990138757400075,1.7494528341544757,0.23172823348201631,ELIGIBLE,R03b_20260811_FULL_v1,L1_ELIGIBILITY,v2026-08-11,2026-03-21..2026-08-06,baccarat_bet02_101_all_pairs_incl_sentinel,round_win = game_pnl > 0 (decisive only),COMPATIBILITY_ONLY_NOT_PRODUCTION,15657.7426,14248.3159,168.5469,1801,510,-0.01076444,,-0.01076444,-0.01076444,-168.5469,15657.7426,OK,0.0000,6.7419,4.0000,96.0000,AG03-UNRESOLVED,ALL5_LEVELS_bet23_to_bet27,6.7419,6.7419,6.7419,10.1128,10.1128,4.000000,4.000000,4.000000,6.000000,6.000000,96.000000,96.000000,96.000000,94.000000,94.000000,5.0,40.4513,36.7849,128.0956,131.762,PENDING_AG03,FALSE,NOT_FOR_ENFORCEMENT,161.8050,13678.3833,168.5469,161.8050,6.7419,0.01076444,0.01033387,6.7419,161.8050,0.01033387,6.7419,6.7419,6.7419,10.1128,10.1128,161.8050,0.01033387,40.4513,36.7849,128.0956,131.762,0.00818098,0.00841513,0.00043058,8.6939,27.9379,0.3305,15.3224,1.4284,1423.4311,46.3636,,8.6939,2.1082,2.1082,10.5412,27.4071,35.84,58.1734,2.1082,-2.1082,17.000001,27.593405,4.123785,25,76,13,8,0E-8,0.01076444,,0E-8,0.000000,0.909985,0.000000,,2026-04-07,2026-06-30,11,118,87,85,0.129412,,,0.000000,,,,,,,,GLOBAL_BASELINE_NO_ENTITY_RANKING,,,NOT_APPLICABLE_GLOBAL_BASELINE,HF9g-P5,,,,X 全窗基线 · 不参与实体赏罚,6875288,688,A168_HF9F_20260827_0900,2026-08-27 09:00:00
2026-04-15,148341469,2239,0,21.0823688150,-21.0823688150,-21.0823688150,0E-7,4,1,0.37005387000000000,0.165158625000,-0.7664446006017991,-0.4447834784488191,-0.7664446006017991,0.20489524500000000,ELIGIBLE,R03b_20260811_FULL_v1,L1_ELIGIBILITY,v2026-08-11,2026-03-21..2026-08-06,baccarat_bet02_101_all_pairs_incl_sentinel,round_win = game_pnl > 0 (decisive only),COMPATIBILITY_ONLY_NOT_PRODUCTION,15657.7426,14248.3159,168.5469,1801,510,-0.01076444,,-0.01076444,-0.01076444,-168.5469,15657.7426,OK,0.0000,6.7419,4.0000,96.0000,AG03-UNRESOLVED,ALL5_LEVELS_bet23_to_bet27,6.7419,6.7419,6.7419,10.1128,10.1128,4.000000,4.000000,4.000000,6.000000,6.000000,96.000000,96.000000,96.000000,94.000000,94.000000,5.0,40.4513,36.7849,128.0956,131.762,PENDING_AG03,FALSE,NOT_FOR_ENFORCEMENT,161.8050,13678.3833,168.5469,161.8050,6.7419,0.01076444,0.01033387,6.7419,161.8050,0.01033387,6.7419,6.7419,6.7419,10.1128,10.1128,161.8050,0.01033387,40.4513,36.7849,128.0956,131.762,0.00818098,0.00841513,0.00043058,8.6939,27.9379,0.3305,15.3224,1.4284,1423.4311,46.3636,,8.6939,2.1082,2.1082,10.5412,27.4071,35.84,58.1734,2.1082,-2.1082,17.000001,27.593405,4.123785,25,76,13,8,0E-8,0.01076444,,0E-8,0.000000,0.909985,0.000000,,2026-04-07,2026-06-30,11,118,87,85,0.129412,,,0.000000,,,,,,,,GLOBAL_BASELINE_NO_ENTITY_RANKING,,,NOT_APPLICABLE_GLOBAL_BASELINE,HF9g-P5,,,,X 全窗基线 · 不参与实体赏罚,6875289,688,A168_HF9F_20260827_0900,2026-08-27 09:00:00
2026-04-15,148341469,2251,0,138.5111631145,-64.5120485739,-64.5120485739,0.3333333,22,6,0.36676934409234248,0.179269085000,-0.1699466473264182,0.9838398225811219,-0.1699466473264182,0.18750025909234248,ELIGIBLE,R03b_20260811_FULL_v1,L1_ELIGIBILITY,v2026-08-11,2026-03-21..2026-08-06,baccarat_bet02_101_all_pairs_incl_sentinel,round_win = game_pnl > 0 (decisive only),COMPATIBILITY_ONLY_NOT_PRODUCTION,15657.7426,14248.3159,168.5469,1801,510,-0.01076444,,-0.01076444,-0.01076444,-168.5469,15657.7426,OK,0.0000,6.7419,4.0000,96.0000,AG03-UNRESOLVED,ALL5_LEVELS_bet23_to_bet27,6.7419,6.7419,6.7419,10.1128,10.1128,4.000000,4.000000,4.000000,6.000000,6.000000,96.000000,96.000000,96.000000,94.000000,94.000000,5.0,40.4513,36.7849,128.0956,131.762,PENDING_AG03,FALSE,NOT_FOR_ENFORCEMENT,161.8050,13678.3833,168.5469,161.8050,6.7419,0.01076444,0.01033387,6.7419,161.8050,0.01033387,6.7419,6.7419,6.7419,10.1128,10.1128,161.8050,0.01033387,40.4513,36.7849,128.0956,131.762,0.00818098,0.00841513,0.00043058,8.6939,27.9379,0.3305,15.3224,1.4284,1423.4311,46.3636,,8.6939,2.1082,2.1082,10.5412,27.4071,35.84,58.1734,2.1082,-2.1082,17.000001,27.593405,4.123785,25,76,13,8,0E-8,0.01076444,,0E-8,0.000000,0.909985,0.000000,,2026-04-07,2026-06-30,11,118,87,85,0.129412,,,0.000000,,,,,,,,GLOBAL_BASELINE_NO_ENTITY_RANKING,,,NOT_APPLICABLE_GLOBAL_BASELINE,HF9g-P5,,,,X 全窗基线 · 不参与实体赏罚,6875290,688,A168_HF9F_20260827_0900,2026-08-27 09:00:00
2026-04-15,148341469,2252,0,328.8849535139,-8.5383593704,-8.5383593704,0.4285714,56,14,0.36729454699502443,0.163976478571,0.4756118256378186,2.67390234980661,0.4756118256378186,0.20331806842402443,ELIGIBLE,R03b_20260811_FULL_v1,L1_ELIGIBILITY,v2026-08-11,2026-03-21..2026-08-06,baccarat_bet02_101_all_pairs_incl_sentinel,round_win = game_pnl > 0 (decisive only),COMPATIBILITY_ONLY_NOT_PRODUCTION,15657.7426,14248.3159,168.5469,1801,510,-0.01076444,,-0.01076444,-0.01076444,-168.5469,15657.7426,OK,0.0000,6.7419,4.0000,96.0000,AG03-UNRESOLVED,ALL5_LEVELS_bet23_to_bet27,6.7419,6.7419,6.7419,10.1128,10.1128,4.000000,4.000000,4.000000,6.000000,6.000000,96.000000,96.000000,96.000000,94.000000,94.000000,5.0,40.4513,36.7849,128.0956,131.762,PENDING_AG03,FALSE,NOT_FOR_ENFORCEMENT,161.8050,13678.3833,168.5469,161.8050,6.7419,0.01076444,0.01033387,6.7419,161.8050,0.01033387,6.7419,6.7419,6.7419,10.1128,10.1128,161.8050,0.01033387,40.4513,36.7849,128.0956,131.762,0.00818098,0.00841513,0.00043058,8.6939,27.9379,0.3305,15.3224,1.4284,1423.4311,46.3636,,8.6939,2.1082,2.1082,10.5412,27.4071,35.84,58.1734,2.1082,-2.1082,17.000001,27.593405,4.123785,25,76,13,8,0E-8,0.01076444,,0E-8,0.000000,0.909985,0.000000,,2026-04-07,2026-06-30,11,118,87,85,0.129412,,,0.000000,,,,,,,,GLOBAL_BASELINE_NO_ENTITY_RANKING,,,NOT_APPLICABLE_GLOBAL_BASELINE,HF9g-P5,,,,X 全窗基线 · 不参与实体赏罚,6875291,688,A168_HF9F_20260827_0900,2026-08-27 09:00:00
2026-04-15,148341469,2254,0,347.8590854471,0.6324710643,0.6324710643,0.4166667,48,12,0.38882035787774083,0.164041525000,0.19787882370123017,2.3631861982553604,0.19787882370123017,0.22477883287774083,ELIGIBLE,R03b_20260811_FULL_v1,L1_ELIGIBILITY,v2026-08-11,2026-03-21..2026-08-06,baccarat_bet02_101_all_pairs_incl_sentinel,round_win = game_pnl > 0 (decisive only),COMPATIBILITY_ONLY_NOT_PRODUCTION,15657.7426,14248.3159,168.5469,1801,510,-0.01076444,,-0.01076444,-0.01076444,-168.5469,15657.7426,OK,0.0000,6.7419,4.0000,96.0000,AG03-UNRESOLVED,ALL5_LEVELS_bet23_to_bet27,6.7419,6.7419,6.7419,10.1128,10.1128,4.000000,4.000000,4.000000,6.000000,6.000000,96.000000,96.000000,96.000000,94.000000,94.000000,5.0,40.4513,36.7849,128.0956,131.762,PENDING_AG03,FALSE,NOT_FOR_ENFORCEMENT,161.8050,13678.3833,168.5469,161.8050,6.7419,0.01076444,0.01033387,6.7419,161.8050,0.01033387,6.7419,6.7419,6.7419,10.1128,10.1128,161.8050,0.01033387,40.4513,36.7849,128.0956,131.762,0.00818098,0.00841513,0.00043058,8.6939,27.9379,0.3305,15.3224,1.4284,1423.4311,46.3636,,8.6939,2.1082,2.1082,10.5412,27.4071,35.84,58.1734,2.1082,-2.1082,17.000001,27.593405,4.123785,25,76,13,8,0E-8,0.01076444,,0E-8,0.000000,0.909985,0.000000,,2026-04-07,2026-06-30,11,118,87,85,0.129412,,,0.000000,,,,,,,,GLOBAL_BASELINE_NO_ENTITY_RANKING,,,NOT_APPLICABLE_GLOBAL_BASELINE,HF9g-P5,,,,X 全窗基线 · 不参与实体赏罚,6875292,688,A168_HF9F_20260827_0900,2026-08-27 09:00:00
2026-04-15,148341469,2258,0,42.1647376299,-42.1647376299,-42.1647376299,0E-7,3,1,0.44894206999989493,0.197889300000,-0.9026024834212553,-0.4966998184331015,-0.9026024834212553,0.25105276999989493,ELIGIBLE,R03b_20260811_FULL_v1,L1_ELIGIBILITY,v2026-08-11,2026-03-21..2026-08-06,baccarat_bet02_101_all_pairs_incl_sentinel,round_win = game_pnl > 0 (decisive only),COMPATIBILITY_ONLY_NOT_PRODUCTION,15657.7426,14248.3159,168.5469,1801,510,-0.01076444,,-0.01076444,-0.01076444,-168.5469,15657.7426,OK,0.0000,6.7419,4.0000,96.0000,AG03-UNRESOLVED,ALL5_LEVELS_bet23_to_bet27,6.7419,6.7419,6.7419,10.1128,10.1128,4.000000,4.000000,4.000000,6.000000,6.000000,96.000000,96.000000,96.000000,94.000000,94.000000,5.0,40.4513,36.7849,128.0956,131.762,PENDING_AG03,FALSE,NOT_FOR_ENFORCEMENT,161.8050,13678.3833,168.5469,161.8050,6.7419,0.01076444,0.01033387,6.7419,161.8050,0.01033387,6.7419,6.7419,6.7419,10.1128,10.1128,161.8050,0.01033387,40.4513,36.7849,128.0956,131.762,0.00818098,0.00841513,0.00043058,8.6939,27.9379,0.3305,15.3224,1.4284,1423.4311,46.3636,,8.6939,2.1082,2.1082,10.5412,27.4071,35.84,58.1734,2.1082,-2.1082,17.000001,27.593405,4.123785,25,76,13,8,0E-8,0.01076444,,0E-8,0.000000,0.909985,0.000000,,2026-04-07,2026-06-30,11,118,87,85,0.129412,,,0.000000,,,,,,,,GLOBAL_BASELINE_NO_ENTITY_RANKING,,,NOT_APPLICABLE_GLOBAL_BASELINE,HF9g-P5,,,,X 全窗基线 · 不参与实体赏罚,6875293,688,A168_HF9F_20260827_0900,2026-08-27 09:00:00
2026-04-15,148341469,583,0,160.2260029938,-73.7882908523,-73.7882908523,0.2500000,24,6,0.37989152692465219,0.163482975000,-0.5352382985109401,0.46790524629868735,-0.5352382985109401,0.21640855192465219,ELIGIBLE,R03b_20260811_FULL_v1,L1_ELIGIBILITY,v2026-08-11,2026-03-21..2026-08-06,baccarat_bet02_101_all_pairs_incl_sentinel,round_win = game_pnl > 0 (decisive only),COMPATIBILITY_ONLY_NOT_PRODUCTION,15657.7426,14248.3159,168.5469,1801,510,-0.01076444,,-0.01076444,-0.01076444,-168.5469,15657.7426,OK,0.0000,6.7419,4.0000,96.0000,AG03-UNRESOLVED,ALL5_LEVELS_bet23_to_bet27,6.7419,6.7419,6.7419,10.1128,10.1128,4.000000,4.000000,4.000000,6.000000,6.000000,96.000000,96.000000,96.000000,94.000000,94.000000,5.0,40.4513,36.7849,128.0956,131.762,PENDING_AG03,FALSE,NOT_FOR_ENFORCEMENT,161.8050,13678.3833,168.5469,161.8050,6.7419,0.01076444,0.01033387,6.7419,161.8050,0.01033387,6.7419,6.7419,6.7419,10.1128,10.1128,161.8050,0.01033387,40.4513,36.7849,128.0956,131.762,0.00818098,0.00841513,0.00043058,8.6939,27.9379,0.3305,15.3224,1.4284,1423.4311,46.3636,,8.6939,2.1082,2.1082,10.5412,27.4071,35.84,58.1734,2.1082,-2.1082,17.000001,27.593405,4.123785,25,76,13,8,0E-8,0.01076444,,0E-8,0.000000,0.909985,0.000000,,2026-04-07,2026-06-30,11,118,87,85,0.129412,,,0.000000,,,,,,,,GLOBAL_BASELINE_NO_ENTITY_RANKING,,,NOT_APPLICABLE_GLOBAL_BASELINE,HF9g-P5,,,,X 全窗基线 · 不参与实体赏罚,6875294,688,A168_HF9F_20260827_0900,2026-08-27 09:00:00
2026-04-15,148341469,752,0,59.0306326820,-9.6978896549,-9.6978896549,0.3333333,6,3,0.33967575726495726,0.280648177778,-0.023195567234230507,0.20309400625488444,-0.023195567234230507,0.05902757948695726,ELIGIBLE,R03b_20260811_FULL_v1,L1_ELIGIBILITY,v2026-08-11,2026-03-21..2026-08-06,baccarat_bet02_101_all_pairs_incl_sentinel,round_win = game_pnl > 0 (decisive only),COMPATIBILITY_ONLY_NOT_PRODUCTION,15657.7426,14248.3159,168.5469,1801,510,-0.01076444,,-0.01076444,-0.01076444,-168.5469,15657.7426,OK,0.0000,6.7419,4.0000,96.0000,AG03-UNRESOLVED,ALL5_LEVELS_bet23_to_bet27,6.7419,6.7419,6.7419,10.1128,10.1128,4.000000,4.000000,4.000000,6.000000,6.000000,96.000000,96.000000,96.000000,94.000000,94.000000,5.0,40.4513,36.7849,128.0956,131.762,PENDING_AG03,FALSE,NOT_FOR_ENFORCEMENT,161.8050,13678.3833,168.5469,161.8050,6.7419,0.01076444,0.01033387,6.7419,161.8050,0.01033387,6.7419,6.7419,6.7419,10.1128,10.1128,161.8050,0.01033387,40.4513,36.7849,128.0956,131.762,0.00818098,0.00841513,0.00043058,8.6939,27.9379,0.3305,15.3224,1.4284,1423.4311,46.3636,,8.6939,2.1082,2.1082,10.5412,27.4071,35.84,58.1734,2.1082,-2.1082,17.000001,27.593405,4.123785,25,76,13,8,0E-8,0.01076444,,0E-8,0.000000,0.909985,0.000000,,2026-04-07,2026-06-30,11,118,87,85,0.129412,,,0.000000,,,,,,,,GLOBAL_BASELINE_NO_ENTITY_RANKING,,,NOT_APPLICABLE_GLOBAL_BASELINE,HF9g-P5,,,,X 全窗基线 · 不参与实体赏罚,6875295,688,A168_HF9F_20260827_0900,2026-08-27 09:00:00
2026-04-15,148341469,986,0,195.6443826030,32.5722598189,32.5722598189,0.3333333,24,6,0.40140433211060963,0.167233629167,-0.340157409700785,1.0902374280821705,-0.340157409700785,0.23417070294360963,ELIGIBLE,R03b_20260811_FULL_v1,L1_ELIGIBILITY,v2026-08-11,2026-03-21..2026-08-06,baccarat_bet02_101_all_pairs_incl_sentinel,round_win = game_pnl > 0 (decisive only),COMPATIBILITY_ONLY_NOT_PRODUCTION,15657.7426,14248.3159,168.5469,1801,510,-0.01076444,,-0.01076444,-0.01076444,-168.5469,15657.7426,OK,0.0000,6.7419,4.0000,96.0000,AG03-UNRESOLVED,ALL5_LEVELS_bet23_to_bet27,6.7419,6.7419,6.7419,10.1128,10.1128,4.000000,4.000000,4.000000,6.000000,6.000000,96.000000,96.000000,96.000000,94.000000,94.000000,5.0,40.4513,36.7849,128.0956,131.762,PENDING_AG03,FALSE,NOT_FOR_ENFORCEMENT,161.8050,13678.3833,168.5469,161.8050,6.7419,0.01076444,0.01033387,6.7419,161.8050,0.01033387,6.7419,6.7419,6.7419,10.1128,10.1128,161.8050,0.01033387,40.4513,36.7849,128.0956,131.762,0.00818098,0.00841513,0.00043058,8.6939,27.9379,0.3305,15.3224,1.4284,1423.4311,46.3636,,8.6939,2.1082,2.1082,10.5412,27.4071,35.84,58.1734,2.1082,-2.1082,17.000001,27.593405,4.123785,25,76,13,8,0E-8,0.01076444,,0E-8,0.000000,0.909985,0.000000,,2026-04-07,2026-06-30,11,118,87,85,0.129412,,,0.000000,,,,,,,,GLOBAL_BASELINE_NO_ENTITY_RANKING,,,NOT_APPLICABLE_GLOBAL_BASELINE,HF9g-P5,,,,X 全窗基线 · 不参与实体赏罚,6875296,688,A168_HF9F_20260827_0900,2026-08-27 09:00:00
2026-04-17,148341469,1400,0,32.6776716632,-32.6776716632,-32.6776716632,0E-7,4,2,0.45775435714276184,0.352270000000,-1.299371107757018,-1.0429315880617451,-1.299371107757018,0.10548435714276184,ELIGIBLE,R03b_20260811_FULL_v1,L1_ELIGIBILITY,v2026-08-11,2026-03-21..2026-08-06,baccarat_bet02_101_all_pairs_incl_sentinel,round_win = game_pnl > 0 (decisive only),COMPATIBILITY_ONLY_NOT_PRODUCTION,15657.7426,14248.3159,168.5469,1801,510,-0.01076444,,-0.01076444,-0.01076444,-168.5469,15657.7426,OK,0.0000,6.7419,4.0000,96.0000,AG03-UNRESOLVED,ALL5_LEVELS_bet23_to_bet27,6.7419,6.7419,6.7419,10.1128,10.1128,4.000000,4.000000,4.000000,6.000000,6.000000,96.000000,96.000000,96.000000,94.000000,94.000000,5.0,40.4513,36.7849,128.0956,131.762,PENDING_AG03,FALSE,NOT_FOR_ENFORCEMENT,161.8050,13678.3833,168.5469,161.8050,6.7419,0.01076444,0.01033387,6.7419,161.8050,0.01033387,6.7419,6.7419,6.7419,10.1128,10.1128,161.8050,0.01033387,40.4513,36.7849,128.0956,131.762,0.00818098,0.00841513,0.00043058,8.6939,27.9379,0.3305,15.3224,1.4284,1423.4311,46.3636,,8.6939,2.1082,2.1082,10.5412,27.4071,35.84,58.1734,2.1082,-2.1082,17.000001,27.593405,4.123785,25,76,13,8,0E-8,0.01076444,,0E-8,0.000000,0.909985,0.000000,,2026-04-07,2026-06-30,11,118,87,85,0.129412,,,0.000000,,,,,,,,GLOBAL_BASELINE_NO_ENTITY_RANKING,,,NOT_APPLICABLE_GLOBAL_BASELINE,HF9g-P5,,,,X 全窗基线 · 不参与实体赏罚,6875297,688,A168_HF9F_20260827_0900,2026-08-27 09:00:00
2026-04-17,148341469,526,0,16.8658950520,-16.8658950520,-16.8658950520,0E-7,3,1,0.38248692500000000,0.197889300000,-0.7870190017298362,-0.4966998184331015,-0.7870190017298362,0.18459762500000000,ELIGIBLE,R03b_20260811_FULL_v1,L1_ELIGIBILITY,v2026-08-11,2026-03-21..2026-08-06,baccarat_bet02_101_all_pairs_incl_sentinel,round_win = game_pnl > 0 (decisive only),COMPATIBILITY_ONLY_NOT_PRODUCTION,15657.7426,14248.3159,168.5469,1801,510,-0.01076444,,-0.01076444,-0.01076444,-168.5469,15657.7426,OK,0.0000,6.7419,4.0000,96.0000,AG03-UNRESOLVED,ALL5_LEVELS_bet23_to_bet27,6.7419,6.7419,6.7419,10.1128,10.1128,4.000000,4.000000,4.000000,6.000000,6.000000,96.000000,96.000000,96.000000,94.000000,94.000000,5.0,40.4513,36.7849,128.0956,131.762,PENDING_AG03,FALSE,NOT_FOR_ENFORCEMENT,161.8050,13678.3833,168.5469,161.8050,6.7419,0.01076444,0.01033387,6.7419,161.8050,0.01033387,6.7419,6.7419,6.7419,10.1128,10.1128,161.8050,0.01033387,40.4513,36.7849,128.0956,131.762,0.00818098,0.00841513,0.00043058,8.6939,27.9379,0.3305,15.3224,1.4284,1423.4311,46.3636,,8.6939,2.1082,2.1082,10.5412,27.4071,35.84,58.1734,2.1082,-2.1082,17.000001,27.593405,4.123785,25,76,13,8,0E-8,0.01076444,,0E-8,0.000000,0.909985,0.000000,,2026-04-07,2026-06-30,11,118,87,85,0.129412,,,0.000000,,,,,,,,GLOBAL_BASELINE_NO_ENTITY_RANKING,,,NOT_APPLICABLE_GLOBAL_BASELINE,HF9g-P5,,,,X 全窗基线 · 不参与实体赏罚,6875298,688,A168_HF9F_20260827_0900,2026-08-27 09:00:00
2026-04-29,148341469,-1,1,6.3247106445,-2.1082368815,-2.1082368815,0.5000000,2,2,0.49994810000000000,0.499948100000,0.00014679536856514622,0.00014679536856514622,0.00014679536856514622,0E-17,SENTINEL_DEALER,R03b_20260811_FULL_v1,L1_ELIGIBILITY,v2026-08-11,2026-03-21..2026-08-06,baccarat_bet02_101_all_pairs_incl_sentinel,round_win = game_pnl > 0 (decisive only),COMPATIBILITY_ONLY_NOT_PRODUCTION,15657.7426,14248.3159,168.5469,1801,510,-0.01076444,,-0.01076444,-0.01076444,-168.5469,15657.7426,OK,0.0000,6.7419,4.0000,96.0000,AG03-UNRESOLVED,ALL5_LEVELS_bet23_to_bet27,6.7419,6.7419,6.7419,10.1128,10.1128,4.000000,4.000000,4.000000,6.000000,6.000000,96.000000,96.000000,96.000000,94.000000,94.000000,5.0,40.4513,36.7849,128.0956,131.762,PENDING_AG03,FALSE,NOT_FOR_ENFORCEMENT,161.8050,13678.3833,168.5469,161.8050,6.7419,0.01076444,0.01033387,6.7419,161.8050,0.01033387,6.7419,6.7419,6.7419,10.1128,10.1128,161.8050,0.01033387,40.4513,36.7849,128.0956,131.762,0.00818098,0.00841513,0.00043058,8.6939,27.9379,0.3305,15.3224,1.4284,1423.4311,46.3636,,8.6939,2.1082,2.1082,10.5412,27.4071,35.84,58.1734,2.1082,-2.1082,17.000001,27.593405,4.123785,25,76,13,8,0E-8,0.01076444,,0E-8,0.000000,0.909985,0.000000,,2026-04-07,2026-06-30,11,118,87,85,0.129412,,,0.000000,,,,,,,,GLOBAL_BASELINE_NO_ENTITY_RANKING,,,NOT_APPLICABLE_GLOBAL_BASELINE,HF9g-P5,,,,X 全窗基线 · 不参与实体赏罚,6875299,688,A168_HF9F_20260827_0900,2026-08-27 09:00:00
2026-05-04,148341469,2127,0,128.1378006510,-31.5092952418,-31.5092952418,0.3750000,25,8,0.27391616430612538,0.149633190625,0.6410981027549391,1.7869723431712636,0.6410981027549391,0.12428297368112538,ELIGIBLE,R03b_20260811_FULL_v1,L1_ELIGIBILITY,v2026-08-11,2026-03-21..2026-08-06,baccarat_bet02_101_all_pairs_incl_sentinel,round_win = game_pnl > 0 (decisive only),COMPATIBILITY_ONLY_NOT_PRODUCTION,15657.7426,14248.3159,168.5469,1801,510,-0.01076444,,-0.01076444,-0.01076444,-168.5469,15657.7426,OK,0.0000,6.7419,4.0000,96.0000,AG03-UNRESOLVED,ALL5_LEVELS_bet23_to_bet27,6.7419,6.7419,6.7419,10.1128,10.1128,4.000000,4.000000,4.000000,6.000000,6.000000,96.000000,96.000000,96.000000,94.000000,94.000000,5.0,40.4513,36.7849,128.0956,131.762,PENDING_AG03,FALSE,NOT_FOR_ENFORCEMENT,161.8050,13678.3833,168.5469,161.8050,6.7419,0.01076444,0.01033387,6.7419,161.8050,0.01033387,6.7419,6.7419,6.7419,10.1128,10.1128,161.8050,0.01033387,40.4513,36.7849,128.0956,131.762,0.00818098,0.00841513,0.00043058,8.6939,27.9379,0.3305,15.3224,1.4284,1423.4311,46.3636,,8.6939,2.1082,2.1082,10.5412,27.4071,35.84,58.1734,2.1082,-2.1082,17.000001,27.593405,4.123785,25,76,13,8,0E-8,0.01076444,,0E-8,0.000000,0.909985,0.000000,,2026-04-07,2026-06-30,11,118,87,85,0.129412,,,0.000000,,,,,,,,GLOBAL_BASELINE_NO_ENTITY_RANKING,,,NOT_APPLICABLE_GLOBAL_BASELINE,HF9g-P5,,,,X 全窗基线 · 不参与实体赏罚,6875300,688,A168_HF9F_20260827_0900,2026-08-27 09:00:00
2026-05-29,148341469,-1,1,336.9393971220,-190.5262052304,-190.5262052304,0E-7,25,7,0.42065969732623740,0.179824400000,-2.25448630531387,-1.2388533725673445,-2.25448630531387,0.24083529732623740,SENTINEL_DEALER,R03b_20260811_FULL_v1,L1_ELIGIBILITY,v2026-08-11,2026-03-21..2026-08-06,baccarat_bet02_101_all_pairs_incl_sentinel,round_win = game_pnl > 0 (decisive only),COMPATIBILITY_ONLY_NOT_PRODUCTION,15657.7426,14248.3159,168.5469,1801,510,-0.01076444,,-0.01076444,-0.01076444,-168.5469,15657.7426,OK,0.0000,6.7419,4.0000,96.0000,AG03-UNRESOLVED,ALL5_LEVELS_bet23_to_bet27,6.7419,6.7419,6.7419,10.1128,10.1128,4.000000,4.000000,4.000000,6.000000,6.000000,96.000000,96.000000,96.000000,94.000000,94.000000,5.0,40.4513,36.7849,128.0956,131.762,PENDING_AG03,FALSE,NOT_FOR_ENFORCEMENT,161.8050,13678.3833,168.5469,161.8050,6.7419,0.01076444,0.01033387,6.7419,161.8050,0.01033387,6.7419,6.7419,6.7419,10.1128,10.1128,161.8050,0.01033387,40.4513,36.7849,128.0956,131.762,0.00818098,0.00841513,0.00043058,8.6939,27.9379,0.3305,15.3224,1.4284,1423.4311,46.3636,,8.6939,2.1082,2.1082,10.5412,27.4071,35.84,58.1734,2.1082,-2.1082,17.000001,27.593405,4.123785,25,76,13,8,0E-8,0.01076444,,0E-8,0.000000,0.909985,0.000000,,2026-04-07,2026-06-30,11,118,87,85,0.129412,,,0.000000,,,,,,,,GLOBAL_BASELINE_NO_ENTITY_RANKING,,,NOT_APPLICABLE_GLOBAL_BASELINE,HF9g-P5,,,,X 全窗基线 · 不参与实体赏罚,6875301,688,A168_HF9F_20260827_0900,2026-08-27 09:00:00
2026-05-29,148341469,1210,0,63.0185904842,-63.0185904842,-63.0185904842,0E-7,3,1,0.46370988000009374,0.197889300000,-0.9298722269760267,-0.4966998184331015,-0.9298722269760267,0.26582058000009374,ELIGIBLE,R03b_20260811_FULL_v1,L1_ELIGIBILITY,v2026-08-11,2026-03-21..2026-08-06,baccarat_bet02_101_all_pairs_incl_sentinel,round_win = game_pnl > 0 (decisive only),COMPATIBILITY_ONLY_NOT_PRODUCTION,15657.7426,14248.3159,168.5469,1801,510,-0.01076444,,-0.01076444,-0.01076444,-168.5469,15657.7426,OK,0.0000,6.7419,4.0000,96.0000,AG03-UNRESOLVED,ALL5_LEVELS_bet23_to_bet27,6.7419,6.7419,6.7419,10.1128,10.1128,4.000000,4.000000,4.000000,6.000000,6.000000,96.000000,96.000000,96.000000,94.000000,94.000000,5.0,40.4513,36.7849,128.0956,131.762,PENDING_AG03,FALSE,NOT_FOR_ENFORCEMENT,161.8050,13678.3833,168.5469,161.8050,6.7419,0.01076444,0.01033387,6.7419,161.8050,0.01033387,6.7419,6.7419,6.7419,10.1128,10.1128,161.8050,0.01033387,40.4513,36.7849,128.0956,131.762,0.00818098,0.00841513,0.00043058,8.6939,27.9379,0.3305,15.3224,1.4284,1423.4311,46.3636,,8.6939,2.1082,2.1082,10.5412,27.4071,35.84,58.1734,2.1082,-2.1082,17.000001,27.593405,4.123785,25,76,13,8,0E-8,0.01076444,,0E-8,0.000000,0.909985,0.000000,,2026-04-07,2026-06-30,11,118,87,85,0.129412,,,0.000000,,,,,,,,GLOBAL_BASELINE_NO_ENTITY_RANKING,,,NOT_APPLICABLE_GLOBAL_BASELINE,HF9g-P5,,,,X 全窗基线 · 不参与实体赏罚,6875302,688,A168_HF9F_20260827_0900,2026-08-27 09:00:00
2026-05-29,148341469,1304,0,233.1687847914,-18.9055771451,-18.9055771451,0.5000000,30,8,0.39576086654784664,0.177325911250,0.602913401354423,2.389511231515342,0.602913401354423,0.21843495529784664,ELIGIBLE,R03b_20260811_FULL_v1,L1_ELIGIBILITY,v2026-08-11,2026-03-21..2026-08-06,baccarat_bet02_101_all_pairs_incl_sentinel,round_win = game_pnl > 0 (decisive only),COMPATIBILITY_ONLY_NOT_PRODUCTION,15657.7426,14248.3159,168.5469,1801,510,-0.01076444,,-0.01076444,-0.01076444,-168.5469,15657.7426,OK,0.0000,6.7419,4.0000,96.0000,AG03-UNRESOLVED,ALL5_LEVELS_bet23_to_bet27,6.7419,6.7419,6.7419,10.1128,10.1128,4.000000,4.000000,4.000000,6.000000,6.000000,96.000000,96.000000,96.000000,94.000000,94.000000,5.0,40.4513,36.7849,128.0956,131.762,PENDING_AG03,FALSE,NOT_FOR_ENFORCEMENT,161.8050,13678.3833,168.5469,161.8050,6.7419,0.01076444,0.01033387,6.7419,161.8050,0.01033387,6.7419,6.7419,6.7419,10.1128,10.1128,161.8050,0.01033387,40.4513,36.7849,128.0956,131.762,0.00818098,0.00841513,0.00043058,8.6939,27.9379,0.3305,15.3224,1.4284,1423.4311,46.3636,,8.6939,2.1082,2.1082,10.5412,27.4071,35.84,58.1734,2.1082,-2.1082,17.000001,27.593405,4.123785,25,76,13,8,0E-8,0.01076444,,0E-8,0.000000,0.909985,0.000000,,2026-04-07,2026-06-30,11,118,87,85,0.129412,,,0.000000,,,,,,,,GLOBAL_BASELINE_NO_ENTITY_RANKING,,,NOT_APPLICABLE_GLOBAL_BASELINE,HF9g-P5,,,,X 全窗基线 · 不参与实体赏罚,6875303,688,A168_HF9F_20260827_0900,2026-08-27 09:00:00
2026-05-29,148341469,1323,0,102.9303644575,18.9055771453,18.9055771453,0.7500000,13,4,0.39989499285735268,0.191433893750,1.429360279459104,2.8394707034430824,1.429360279459104,0.20846109910735268,ELIGIBLE,R03b_20260811_FULL_v1,L1_ELIGIBILITY,v2026-08-11,2026-03-21..2026-08-06,baccarat_bet02_101_all_pairs_incl_sentinel,round_win = game_pnl > 0 (decisive only),COMPATIBILITY_ONLY_NOT_PRODUCTION,15657.7426,14248.3159,168.5469,1801,510,-0.01076444,,-0.01076444,-0.01076444,-168.5469,15657.7426,OK,0.0000,6.7419,4.0000,96.0000,AG03-UNRESOLVED,ALL5_LEVELS_bet23_to_bet27,6.7419,6.7419,6.7419,10.1128,10.1128,4.000000,4.000000,4.000000,6.000000,6.000000,96.000000,96.000000,96.000000,94.000000,94.000000,5.0,40.4513,36.7849,128.0956,131.762,PENDING_AG03,FALSE,NOT_FOR_ENFORCEMENT,161.8050,13678.3833,168.5469,161.8050,6.7419,0.01076444,0.01033387,6.7419,161.8050,0.01033387,6.7419,6.7419,6.7419,10.1128,10.1128,161.8050,0.01033387,40.4513,36.7849,128.0956,131.762,0.00818098,0.00841513,0.00043058,8.6939,27.9379,0.3305,15.3224,1.4284,1423.4311,46.3636,,8.6939,2.1082,2.1082,10.5412,27.4071,35.84,58.1734,2.1082,-2.1082,17.000001,27.593405,4.123785,25,76,13,8,0E-8,0.01076444,,0E-8,0.000000,0.909985,0.000000,,2026-04-07,2026-06-30,11,118,87,85,0.129412,,,0.000000,,,,,,,,GLOBAL_BASELINE_NO_ENTITY_RANKING,,,NOT_APPLICABLE_GLOBAL_BASELINE,HF9g-P5,,,,X 全窗基线 · 不参与实体赏罚,6875304,688,A168_HF9F_20260827_0900,2026-08-27 09:00:00
2026-05-29,148341469,1401,0,65.1192101670,-44.1130133389,-44.1130133389,0E-7,9,2,0.38328173098324867,0.155086872500,-1.1148864843659076,-0.6058937713498227,-1.1148864843659076,0.22819485848324867,ELIGIBLE,R03b_20260811_FULL_v1,L1_ELIGIBILITY,v2026-08-11,2026-03-21..2026-08-06,baccarat_bet02_101_all_pairs_incl_sentinel,round_win = game_pnl > 0 (decisive only),COMPATIBILITY_ONLY_NOT_PRODUCTION,15657.7426,14248.3159,168.5469,1801,510,-0.01076444,,-0.01076444,-0.01076444,-168.5469,15657.7426,OK,0.0000,6.7419,4.0000,96.0000,AG03-UNRESOLVED,ALL5_LEVELS_bet23_to_bet27,6.7419,6.7419,6.7419,10.1128,10.1128,4.000000,4.000000,4.000000,6.000000,6.000000,96.000000,96.000000,96.000000,94.000000,94.000000,5.0,40.4513,36.7849,128.0956,131.762,PENDING_AG03,FALSE,NOT_FOR_ENFORCEMENT,161.8050,13678.3833,168.5469,161.8050,6.7419,0.01076444,0.01033387,6.7419,161.8050,0.01033387,6.7419,6.7419,6.7419,10.1128,10.1128,161.8050,0.01033387,40.4513,36.7849,128.0956,131.762,0.00818098,0.00841513,0.00043058,8.6939,27.9379,0.3305,15.3224,1.4284,1423.4311,46.3636,,8.6939,2.1082,2.1082,10.5412,27.4071,35.84,58.1734,2.1082,-2.1082,17.000001,27.593405,4.123785,25,76,13,8,0E-8,0.01076444,,0E-8,0.000000,0.909985,0.000000,,2026-04-07,2026-06-30,11,118,87,85,0.129412,,,0.000000,,,,,,,,GLOBAL_BASELINE_NO_ENTITY_RANKING,,,NOT_APPLICABLE_GLOBAL_BASELINE,HF9g-P5,,,,X 全窗基线 · 不参与实体赏罚,6875305,688,A168_HF9F_20260827_0900,2026-08-27 09:00:00
2026-05-29,148341469,1935,0,42.0123936561,-42.0123936561,-42.0123936561,0E-7,3,1,0.44894207000010545,0.197889300000,-0.9026024834216393,-0.4966998184331015,-0.9026024834216393,0.25105277000010545,ELIGIBLE,R03b_20260811_FULL_v1,L1_ELIGIBILITY,v2026-08-11,2026-03-21..2026-08-06,baccarat_bet02_101_all_pairs_incl_sentinel,round_win = game_pnl > 0 (decisive only),COMPATIBILITY_ONLY_NOT_PRODUCTION,15657.7426,14248.3159,168.5469,1801,510,-0.01076444,,-0.01076444,-0.01076444,-168.5469,15657.7426,OK,0.0000,6.7419,4.0000,96.0000,AG03-UNRESOLVED,ALL5_LEVELS_bet23_to_bet27,6.7419,6.7419,6.7419,10.1128,10.1128,4.000000,4.000000,4.000000,6.000000,6.000000,96.000000,96.000000,96.000000,94.000000,94.000000,5.0,40.4513,36.7849,128.0956,131.762,PENDING_AG03,FALSE,NOT_FOR_ENFORCEMENT,161.8050,13678.3833,168.5469,161.8050,6.7419,0.01076444,0.01033387,6.7419,161.8050,0.01033387,6.7419,6.7419,6.7419,10.1128,10.1128,161.8050,0.01033387,40.4513,36.7849,128.0956,131.762,0.00818098,0.00841513,0.00043058,8.6939,27.9379,0.3305,15.3224,1.4284,1423.4311,46.3636,,8.6939,2.1082,2.1082,10.5412,27.4071,35.84,58.1734,2.1082,-2.1082,17.000001,27.593405,4.123785,25,76,13,8,0E-8,0.01076444,,0E-8,0.000000,0.909985,0.000000,,2026-04-07,2026-06-30,11,118,87,85,0.129412,,,0.000000,,,,,,,,GLOBAL_BASELINE_NO_ENTITY_RANKING,,,NOT_APPLICABLE_GLOBAL_BASELINE,HF9g-P5,,,,X 全窗基线 · 不参与实体赏罚,6875306,688,A168_HF9F_20260827_0900,2026-08-27 09:00:00
2026-05-29,148341469,1963,0,42.0123936561,-42.0123936561,-42.0123936561,0E-7,4,1,0.43835228500016257,0.165158625000,-0.8834452483243252,-0.4447834784488191,-0.8834452483243252,0.27319366000016257,ELIGIBLE,R03b_20260811_FULL_v1,L1_ELIGIBILITY,v2026-08-11,2026-03-21..2026-08-06,baccarat_bet02_101_all_pairs_incl_sentinel,round_win = game_pnl > 0 (decisive only),COMPATIBILITY_ONLY_NOT_PRODUCTION,15657.7426,14248.3159,168.5469,1801,510,-0.01076444,,-0.01076444,-0.01076444,-168.5469,15657.7426,OK,0.0000,6.7419,4.0000,96.0000,AG03-UNRESOLVED,ALL5_LEVELS_bet23_to_bet27,6.7419,6.7419,6.7419,10.1128,10.1128,4.000000,4.000000,4.000000,6.000000,6.000000,96.000000,96.000000,96.000000,94.000000,94.000000,5.0,40.4513,36.7849,128.0956,131.762,PENDING_AG03,FALSE,NOT_FOR_ENFORCEMENT,161.8050,13678.3833,168.5469,161.8050,6.7419,0.01076444,0.01033387,6.7419,161.8050,0.01033387,6.7419,6.7419,6.7419,10.1128,10.1128,161.8050,0.01033387,40.4513,36.7849,128.0956,131.762,0.00818098,0.00841513,0.00043058,8.6939,27.9379,0.3305,15.3224,1.4284,1423.4311,46.3636,,8.6939,2.1082,2.1082,10.5412,27.4071,35.84,58.1734,2.1082,-2.1082,17.000001,27.593405,4.123785,25,76,13,8,0E-8,0.01076444,,0E-8,0.000000,0.909985,0.000000,,2026-04-07,2026-06-30,11,118,87,85,0.129412,,,0.000000,,,,,,,,GLOBAL_BASELINE_NO_ENTITY_RANKING,,,NOT_APPLICABLE_GLOBAL_BASELINE,HF9g-P5,,,,X 全窗基线 · 不参与实体赏罚,6875307,688,A168_HF9F_20260827_0900,2026-08-27 09:00:00
2026-05-29,148341469,1985,0,16.8049574624,-16.8049574624,-16.8049574624,0E-7,4,1,0.33590466250000000,0.165158625000,-0.7112017235824902,-0.4447834784488191,-0.7112017235824902,0.17074603750000000,ELIGIBLE,R03b_20260811_FULL_v1,L1_ELIGIBILITY,v2026-08-11,2026-03-21..2026-08-06,baccarat_bet02_101_all_pairs_incl_sentinel,round_win = game_pnl > 0 (decisive only),COMPATIBILITY_ONLY_NOT_PRODUCTION,15657.7426,14248.3159,168.5469,1801,510,-0.01076444,,-0.01076444,-0.01076444,-168.5469,15657.7426,OK,0.0000,6.7419,4.0000,96.0000,AG03-UNRESOLVED,ALL5_LEVELS_bet23_to_bet27,6.7419,6.7419,6.7419,10.1128,10.1128,4.000000,4.000000,4.000000,6.000000,6.000000,96.000000,96.000000,96.000000,94.000000,94.000000,5.0,40.4513,36.7849,128.0956,131.762,PENDING_AG03,FALSE,NOT_FOR_ENFORCEMENT,161.8050,13678.3833,168.5469,161.8050,6.7419,0.01076444,0.01033387,6.7419,161.8050,0.01033387,6.7419,6.7419,6.7419,10.1128,10.1128,161.8050,0.01033387,40.4513,36.7849,128.0956,131.762,0.00818098,0.00841513,0.00043058,8.6939,27.9379,0.3305,15.3224,1.4284,1423.4311,46.3636,,8.6939,2.1082,2.1082,10.5412,27.4071,35.84,58.1734,2.1082,-2.1082,17.000001,27.593405,4.123785,25,76,13,8,0E-8,0.01076444,,0E-8,0.000000,0.909985,0.000000,,2026-04-07,2026-06-30,11,118,87,85,0.129412,,,0.000000,,,,,,,,GLOBAL_BASELINE_NO_ENTITY_RANKING,,,NOT_APPLICABLE_GLOBAL_BASELINE,HF9g-P5,,,,X 全窗基线 · 不参与实体赏罚,6875308,688,A168_HF9F_20260827_0900,2026-08-27 09:00:00
2026-05-29,148341469,2115,0,21.0061968281,-4.2012393656,-4.2012393656,0E-7,3,1,0.40463864000042181,0.197889300000,-0.8244101949682486,-0.4966998184331015,-0.8244101949682486,0.20674934000042181,ELIGIBLE,R03b_20260811_FULL_v1,L1_ELIGIBILITY,v2026-08-11,2026-03-21..2026-08-06,baccarat_bet02_101_all_pairs_incl_sentinel,round_win = game_pnl > 0 (decisive only),COMPATIBILITY_ONLY_NOT_PRODUCTION,15657.7426,14248.3159,168.5469,1801,510,-0.01076444,,-0.01076444,-0.01076444,-168.5469,15657.7426,OK,0.0000,6.7419,4.0000,96.0000,AG03-UNRESOLVED,ALL5_LEVELS_bet23_to_bet27,6.7419,6.7419,6.7419,10.1128,10.1128,4.000000,4.000000,4.000000,6.000000,6.000000,96.000000,96.000000,96.000000,94.000000,94.000000,5.0,40.4513,36.7849,128.0956,131.762,PENDING_AG03,FALSE,NOT_FOR_ENFORCEMENT,161.8050,13678.3833,168.5469,161.8050,6.7419,0.01076444,0.01033387,6.7419,161.8050,0.01033387,6.7419,6.7419,6.7419,10.1128,10.1128,161.8050,0.01033387,40.4513,36.7849,128.0956,131.762,0.00818098,0.00841513,0.00043058,8.6939,27.9379,0.3305,15.3224,1.4284,1423.4311,46.3636,,8.6939,2.1082,2.1082,10.5412,27.4071,35.84,58.1734,2.1082,-2.1082,17.000001,27.593405,4.123785,25,76,13,8,0E-8,0.01076444,,0E-8,0.000000,0.909985,0.000000,,2026-04-07,2026-06-30,11,118,87,85,0.129412,,,0.000000,,,,,,,,GLOBAL_BASELINE_NO_ENTITY_RANKING,,,NOT_APPLICABLE_GLOBAL_BASELINE,HF9g-P5,,,,X 全窗基线 · 不参与实体赏罚,6875309,688,A168_HF9F_20260827_0900,2026-08-27 09:00:00
2026-05-29,148341469,2153,0,168.0495746244,210.0619682807,210.0619682807,0.5000000,15,4,0.41494428060724745,0.177605186250,0.3452550278016509,1.687135793612174,0.3452550278016509,0.23733909435724745,ELIGIBLE,R03b_20260811_FULL_v1,L1_ELIGIBILITY,v2026-08-11,2026-03-21..2026-08-06,baccarat_bet02_101_all_pairs_incl_sentinel,round_win = game_pnl > 0 (decisive only),COMPATIBILITY_ONLY_NOT_PRODUCTION,15657.7426,14248.3159,168.5469,1801,510,-0.01076444,,-0.01076444,-0.01076444,-168.5469,15657.7426,OK,0.0000,6.7419,4.0000,96.0000,AG03-UNRESOLVED,ALL5_LEVELS_bet23_to_bet27,6.7419,6.7419,6.7419,10.1128,10.1128,4.000000,4.000000,4.000000,6.000000,6.000000,96.000000,96.000000,96.000000,94.000000,94.000000,5.0,40.4513,36.7849,128.0956,131.762,PENDING_AG03,FALSE,NOT_FOR_ENFORCEMENT,161.8050,13678.3833,168.5469,161.8050,6.7419,0.01076444,0.01033387,6.7419,161.8050,0.01033387,6.7419,6.7419,6.7419,10.1128,10.1128,161.8050,0.01033387,40.4513,36.7849,128.0956,131.762,0.00818098,0.00841513,0.00043058,8.6939,27.9379,0.3305,15.3224,1.4284,1423.4311,46.3636,,8.6939,2.1082,2.1082,10.5412,27.4071,35.84,58.1734,2.1082,-2.1082,17.000001,27.593405,4.123785,25,76,13,8,0E-8,0.01076444,,0E-8,0.000000,0.909985,0.000000,,2026-04-07,2026-06-30,11,118,87,85,0.129412,,,0.000000,,,,,,,,GLOBAL_BASELINE_NO_ENTITY_RANKING,,,NOT_APPLICABLE_GLOBAL_BASELINE,HF9g-P5,,,,X 全窗基线 · 不参与实体赏罚,6875310,688,A168_HF9F_20260827_0900,2026-08-27 09:00:00
2026-05-29,148341469,2193,0,35.7105346077,-35.7105346077,-35.7105346077,0E-7,3,1,0.44112381764720478,0.197889300000,-0.8884284405631991,-0.4966998184331015,-0.8884284405631991,0.24323451764720478,ELIGIBLE,R03b_20260811_FULL_v1,L1_ELIGIBILITY,v2026-08-11,2026-03-21..2026-08-06,baccarat_bet02_101_all_pairs_incl_sentinel,round_win = game_pnl > 0 (decisive only),COMPATIBILITY_ONLY_NOT_PRODUCTION,15657.7426,14248.3159,168.5469,1801,510,-0.01076444,,-0.01076444,-0.01076444,-168.5469,15657.7426,OK,0.0000,6.7419,4.0000,96.0000,AG03-UNRESOLVED,ALL5_LEVELS_bet23_to_bet27,6.7419,6.7419,6.7419,10.1128,10.1128,4.000000,4.000000,4.000000,6.000000,6.000000,96.000000,96.000000,96.000000,94.000000,94.000000,5.0,40.4513,36.7849,128.0956,131.762,PENDING_AG03,FALSE,NOT_FOR_ENFORCEMENT,161.8050,13678.3833,168.5469,161.8050,6.7419,0.01076444,0.01033387,6.7419,161.8050,0.01033387,6.7419,6.7419,6.7419,10.1128,10.1128,161.8050,0.01033387,40.4513,36.7849,128.0956,131.762,0.00818098,0.00841513,0.00043058,8.6939,27.9379,0.3305,15.3224,1.4284,1423.4311,46.3636,,8.6939,2.1082,2.1082,10.5412,27.4071,35.84,58.1734,2.1082,-2.1082,17.000001,27.593405,4.123785,25,76,13,8,0E-8,0.01076444,,0E-8,0.000000,0.909985,0.000000,,2026-04-07,2026-06-30,11,118,87,85,0.129412,,,0.000000,,,,,,,,GLOBAL_BASELINE_NO_ENTITY_RANKING,,,NOT_APPLICABLE_GLOBAL_BASELINE,HF9g-P5,,,,X 全窗基线 · 不参与实体赏罚,6875311,688,A168_HF9F_20260827_0900,2026-08-27 09:00:00
2026-05-29,148341469,2201,0,23.1068165109,-4.2012393656,-4.2012393656,0E-7,3,1,0.42366170000035915,0.202357700000,-0.8573750904747367,-0.5036812437182077,-0.8573750904747367,0.22130400000035915,ELIGIBLE,R03b_20260811_FULL_v1,L1_ELIGIBILITY,v2026-08-11,2026-03-21..2026-08-06,baccarat_bet02_101_all_pairs_incl_sentinel,round_win = game_pnl > 0 (decisive only),COMPATIBILITY_ONLY_NOT_PRODUCTION,15657.7426,14248.3159,168.5469,1801,510,-0.01076444,,-0.01076444,-0.01076444,-168.5469,15657.7426,OK,0.0000,6.7419,4.0000,96.0000,AG03-UNRESOLVED,ALL5_LEVELS_bet23_to_bet27,6.7419,6.7419,6.7419,10.1128,10.1128,4.000000,4.000000,4.000000,6.000000,6.000000,96.000000,96.000000,96.000000,94.000000,94.000000,5.0,40.4513,36.7849,128.0956,131.762,PENDING_AG03,FALSE,NOT_FOR_ENFORCEMENT,161.8050,13678.3833,168.5469,161.8050,6.7419,0.01076444,0.01033387,6.7419,161.8050,0.01033387,6.7419,6.7419,6.7419,10.1128,10.1128,161.8050,0.01033387,40.4513,36.7849,128.0956,131.762,0.00818098,0.00841513,0.00043058,8.6939,27.9379,0.3305,15.3224,1.4284,1423.4311,46.3636,,8.6939,2.1082,2.1082,10.5412,27.4071,35.84,58.1734,2.1082,-2.1082,17.000001,27.593405,4.123785,25,76,13,8,0E-8,0.01076444,,0E-8,0.000000,0.909985,0.000000,,2026-04-07,2026-06-30,11,118,87,85,0.129412,,,0.000000,,,,,,,,GLOBAL_BASELINE_NO_ENTITY_RANKING,,,NOT_APPLICABLE_GLOBAL_BASELINE,HF9g-P5,,,,X 全窗基线 · 不参与实体赏罚,6875312,688,A168_HF9F_20260827_0900,2026-08-27 09:00:00
2026-05-29,148341469,2216,0,247.8731225710,64.3839932782,64.3839932782,0.6666667,23,6,0.41365522743883291,0.173863107500,1.2584037243922699,3.1850755171820033,1.2584037243922699,0.23979211993883291,ELIGIBLE,R03b_20260811_FULL_v1,L1_ELIGIBILITY,v2026-08-11,2026-03-21..2026-08-06,baccarat_bet02_101_all_pairs_incl_sentinel,round_win = game_pnl > 0 (decisive only),COMPATIBILITY_ONLY_NOT_PRODUCTION,15657.7426,14248.3159,168.5469,1801,510,-0.01076444,,-0.01076444,-0.01076444,-168.5469,15657.7426,OK,0.0000,6.7419,4.0000,96.0000,AG03-UNRESOLVED,ALL5_LEVELS_bet23_to_bet27,6.7419,6.7419,6.7419,10.1128,10.1128,4.000000,4.000000,4.000000,6.000000,6.000000,96.000000,96.000000,96.000000,94.000000,94.000000,5.0,40.4513,36.7849,128.0956,131.762,PENDING_AG03,FALSE,NOT_FOR_ENFORCEMENT,161.8050,13678.3833,168.5469,161.8050,6.7419,0.01076444,0.01033387,6.7419,161.8050,0.01033387,6.7419,6.7419,6.7419,10.1128,10.1128,161.8050,0.01033387,40.4513,36.7849,128.0956,131.762,0.00818098,0.00841513,0.00043058,8.6939,27.9379,0.3305,15.3224,1.4284,1423.4311,46.3636,,8.6939,2.1082,2.1082,10.5412,27.4071,35.84,58.1734,2.1082,-2.1082,17.000001,27.593405,4.123785,25,76,13,8,0E-8,0.01076444,,0E-8,0.000000,0.909985,0.000000,,2026-04-07,2026-06-30,11,118,87,85,0.129412,,,0.000000,,,,,,,,GLOBAL_BASELINE_NO_ENTITY_RANKING,,,NOT_APPLICABLE_GLOBAL_BASELINE,HF9g-P5,,,,X 全窗基线 · 不参与实体赏罚,6875313,688,A168_HF9F_20260827_0900,2026-08-27 09:00:00
2026-05-29,148341469,2251,0,27.3080558765,-4.2012393656,-4.2012393656,0E-7,3,1,0.42508637692332652,0.197889300000,-0.8598789028046259,-0.4966998184331015,-0.8598789028046259,0.22719707692332652,ELIGIBLE,R03b_20260811_FULL_v1,L1_ELIGIBILITY,v2026-08-11,2026-03-21..2026-08-06,baccarat_bet02_101_all_pairs_incl_sentinel,round_win = game_pnl > 0 (decisive only),COMPATIBILITY_ONLY_NOT_PRODUCTION,15657.7426,14248.3159,168.5469,1801,510,-0.01076444,,-0.01076444,-0.01076444,-168.5469,15657.7426,OK,0.0000,6.7419,4.0000,96.0000,AG03-UNRESOLVED,ALL5_LEVELS_bet23_to_bet27,6.7419,6.7419,6.7419,10.1128,10.1128,4.000000,4.000000,4.000000,6.000000,6.000000,96.000000,96.000000,96.000000,94.000000,94.000000,5.0,40.4513,36.7849,128.0956,131.762,PENDING_AG03,FALSE,NOT_FOR_ENFORCEMENT,161.8050,13678.3833,168.5469,161.8050,6.7419,0.01076444,0.01033387,6.7419,161.8050,0.01033387,6.7419,6.7419,6.7419,10.1128,10.1128,161.8050,0.01033387,40.4513,36.7849,128.0956,131.762,0.00818098,0.00841513,0.00043058,8.6939,27.9379,0.3305,15.3224,1.4284,1423.4311,46.3636,,8.6939,2.1082,2.1082,10.5412,27.4071,35.84,58.1734,2.1082,-2.1082,17.000001,27.593405,4.123785,25,76,13,8,0E-8,0.01076444,,0E-8,0.000000,0.909985,0.000000,,2026-04-07,2026-06-30,11,118,87,85,0.129412,,,0.000000,,,,,,,,GLOBAL_BASELINE_NO_ENTITY_RANKING,,,NOT_APPLICABLE_GLOBAL_BASELINE,HF9g-P5,,,,X 全窗基线 · 不参与实体赏罚,6875314,688,A168_HF9F_20260827_0900,2026-08-27 09:00:00
2026-05-29,148341469,919,0,12.6037180968,4.2012393656,4.2012393656,1.0000000,3,1,0.34556740000000000,0.197889300000,1.3761509677786783,2.0132884347625057,1.3761509677786783,0.14767810000000000,ELIGIBLE,R03b_20260811_FULL_v1,L1_ELIGIBILITY,v2026-08-11,2026-03-21..2026-08-06,baccarat_bet02_101_all_pairs_incl_sentinel,round_win = game_pnl > 0 (decisive only),COMPATIBILITY_ONLY_NOT_PRODUCTION,15657.7426,14248.3159,168.5469,1801,510,-0.01076444,,-0.01076444,-0.01076444,-168.5469,15657.7426,OK,0.0000,6.7419,4.0000,96.0000,AG03-UNRESOLVED,ALL5_LEVELS_bet23_to_bet27,6.7419,6.7419,6.7419,10.1128,10.1128,4.000000,4.000000,4.000000,6.000000,6.000000,96.000000,96.000000,96.000000,94.000000,94.000000,5.0,40.4513,36.7849,128.0956,131.762,PENDING_AG03,FALSE,NOT_FOR_ENFORCEMENT,161.8050,13678.3833,168.5469,161.8050,6.7419,0.01076444,0.01033387,6.7419,161.8050,0.01033387,6.7419,6.7419,6.7419,10.1128,10.1128,161.8050,0.01033387,40.4513,36.7849,128.0956,131.762,0.00818098,0.00841513,0.00043058,8.6939,27.9379,0.3305,15.3224,1.4284,1423.4311,46.3636,,8.6939,2.1082,2.1082,10.5412,27.4071,35.84,58.1734,2.1082,-2.1082,17.000001,27.593405,4.123785,25,76,13,8,0E-8,0.01076444,,0E-8,0.000000,0.909985,0.000000,,2026-04-07,2026-06-30,11,118,87,85,0.129412,,,0.000000,,,,,,,,GLOBAL_BASELINE_NO_ENTITY_RANKING,,,NOT_APPLICABLE_GLOBAL_BASELINE,HF9g-P5,,,,X 全窗基线 · 不参与实体赏罚,6875315,688,A168_HF9F_20260827_0900,2026-08-27 09:00:00
2026-05-29,148341469,948,0,4.2012393656,-4.2012393656,-4.2012393656,0E-7,2,1,0.05021120000000000,0.050211200000,-0.22992530875270223,-0.22992530875270223,-0.22992530875270223,0E-17,ELIGIBLE,R03b_20260811_FULL_v1,L1_ELIGIBILITY,v2026-08-11,2026-03-21..2026-08-06,baccarat_bet02_101_all_pairs_incl_sentinel,round_win = game_pnl > 0 (decisive only),COMPATIBILITY_ONLY_NOT_PRODUCTION,15657.7426,14248.3159,168.5469,1801,510,-0.01076444,,-0.01076444,-0.01076444,-168.5469,15657.7426,OK,0.0000,6.7419,4.0000,96.0000,AG03-UNRESOLVED,ALL5_LEVELS_bet23_to_bet27,6.7419,6.7419,6.7419,10.1128,10.1128,4.000000,4.000000,4.000000,6.000000,6.000000,96.000000,96.000000,96.000000,94.000000,94.000000,5.0,40.4513,36.7849,128.0956,131.762,PENDING_AG03,FALSE,NOT_FOR_ENFORCEMENT,161.8050,13678.3833,168.5469,161.8050,6.7419,0.01076444,0.01033387,6.7419,161.8050,0.01033387,6.7419,6.7419,6.7419,10.1128,10.1128,161.8050,0.01033387,40.4513,36.7849,128.0956,131.762,0.00818098,0.00841513,0.00043058,8.6939,27.9379,0.3305,15.3224,1.4284,1423.4311,46.3636,,8.6939,2.1082,2.1082,10.5412,27.4071,35.84,58.1734,2.1082,-2.1082,17.000001,27.593405,4.123785,25,76,13,8,0E-8,0.01076444,,0E-8,0.000000,0.909985,0.000000,,2026-04-07,2026-06-30,11,118,87,85,0.129412,,,0.000000,,,,,,,,GLOBAL_BASELINE_NO_ENTITY_RANKING,,,NOT_APPLICABLE_GLOBAL_BASELINE,HF9g-P5,,,,X 全窗基线 · 不参与实体赏罚,6875316,688,A168_HF9F_20260827_0900,2026-08-27 09:00:00
2026-06-07,148341469,-1,1,22.8485968885,-22.8485968885,-22.8485968885,0E-7,2,1,0.07588271818176825,0.050211200000,-0.28655493594407955,-0.22992530875270223,-0.28655493594407955,0.02567151818176825,SENTINEL_DEALER,R03b_20260811_FULL_v1,L1_ELIGIBILITY,v2026-08-11,2026-03-21..2026-08-06,baccarat_bet02_101_all_pairs_incl_sentinel,round_win = game_pnl > 0 (decisive only),COMPATIBILITY_ONLY_NOT_PRODUCTION,15657.7426,14248.3159,168.5469,1801,510,-0.01076444,,-0.01076444,-0.01076444,-168.5469,15657.7426,OK,0.0000,6.7419,4.0000,96.0000,AG03-UNRESOLVED,ALL5_LEVELS_bet23_to_bet27,6.7419,6.7419,6.7419,10.1128,10.1128,4.000000,4.000000,4.000000,6.000000,6.000000,96.000000,96.000000,96.000000,94.000000,94.000000,5.0,40.4513,36.7849,128.0956,131.762,PENDING_AG03,FALSE,NOT_FOR_ENFORCEMENT,161.8050,13678.3833,168.5469,161.8050,6.7419,0.01076444,0.01033387,6.7419,161.8050,0.01033387,6.7419,6.7419,6.7419,10.1128,10.1128,161.8050,0.01033387,40.4513,36.7849,128.0956,131.762,0.00818098,0.00841513,0.00043058,8.6939,27.9379,0.3305,15.3224,1.4284,1423.4311,46.3636,,8.6939,2.1082,2.1082,10.5412,27.4071,35.84,58.1734,2.1082,-2.1082,17.000001,27.593405,4.123785,25,76,13,8,0E-8,0.01076444,,0E-8,0.000000,0.909985,0.000000,,2026-04-07,2026-06-30,11,118,87,85,0.129412,,,0.000000,,,,,,,,GLOBAL_BASELINE_NO_ENTITY_RANKING,,,NOT_APPLICABLE_GLOBAL_BASELINE,HF9g-P5,,,,X 全窗基线 · 不参与实体赏罚,6875317,688,A168_HF9F_20260827_0900,2026-08-27 09:00:00
2026-06-07,148341469,1323,0,139.1687265027,-6.2314355153,-6.2314355153,0.6000000,16,5,0.40804550966983481,0.242808085000,0.8733429461873726,1.8627392527472244,0.8733429461873726,0.16523742466983481,ELIGIBLE,R03b_20260811_FULL_v1,L1_ELIGIBILITY,v2026-08-11,2026-03-21..2026-08-06,baccarat_bet02_101_all_pairs_incl_sentinel,round_win = game_pnl > 0 (decisive only),COMPATIBILITY_ONLY_NOT_PRODUCTION,15657.7426,14248.3159,168.5469,1801,510,-0.01076444,,-0.01076444,-0.01076444,-168.5469,15657.7426,OK,0.0000,6.7419,4.0000,96.0000,AG03-UNRESOLVED,ALL5_LEVELS_bet23_to_bet27,6.7419,6.7419,6.7419,10.1128,10.1128,4.000000,4.000000,4.000000,6.000000,6.000000,96.000000,96.000000,96.000000,94.000000,94.000000,5.0,40.4513,36.7849,128.0956,131.762,PENDING_AG03,FALSE,NOT_FOR_ENFORCEMENT,161.8050,13678.3833,168.5469,161.8050,6.7419,0.01076444,0.01033387,6.7419,161.8050,0.01033387,6.7419,6.7419,6.7419,10.1128,10.1128,161.8050,0.01033387,40.4513,36.7849,128.0956,131.762,0.00818098,0.00841513,0.00043058,8.6939,27.9379,0.3305,15.3224,1.4284,1423.4311,46.3636,,8.6939,2.1082,2.1082,10.5412,27.4071,35.84,58.1734,2.1082,-2.1082,17.000001,27.593405,4.123785,25,76,13,8,0E-8,0.01076444,,0E-8,0.000000,0.909985,0.000000,,2026-04-07,2026-06-30,11,118,87,85,0.129412,,,0.000000,,,,,,,,GLOBAL_BASELINE_NO_ENTITY_RANKING,,,NOT_APPLICABLE_GLOBAL_BASELINE,HF9g-P5,,,,X 全窗基线 · 不参与实体赏罚,6875318,688,A168_HF9F_20260827_0900,2026-08-27 09:00:00
2026-06-07,148341469,1353,0,101.7801134121,-101.7801134121,-101.7801134121,0E-7,1,1,0.50665070000000000,0.506650700000,-1.013391052207602,-1.013391052207602,-1.013391052207602,0E-17,ELIGIBLE,R03b_20260811_FULL_v1,L1_ELIGIBILITY,v2026-08-11,2026-03-21..2026-08-06,baccarat_bet02_101_all_pairs_incl_sentinel,round_win = game_pnl > 0 (decisive only),COMPATIBILITY_ONLY_NOT_PRODUCTION,15657.7426,14248.3159,168.5469,1801,510,-0.01076444,,-0.01076444,-0.01076444,-168.5469,15657.7426,OK,0.0000,6.7419,4.0000,96.0000,AG03-UNRESOLVED,ALL5_LEVELS_bet23_to_bet27,6.7419,6.7419,6.7419,10.1128,10.1128,4.000000,4.000000,4.000000,6.000000,6.000000,96.000000,96.000000,96.000000,94.000000,94.000000,5.0,40.4513,36.7849,128.0956,131.762,PENDING_AG03,FALSE,NOT_FOR_ENFORCEMENT,161.8050,13678.3833,168.5469,161.8050,6.7419,0.01076444,0.01033387,6.7419,161.8050,0.01033387,6.7419,6.7419,6.7419,10.1128,10.1128,161.8050,0.01033387,40.4513,36.7849,128.0956,131.762,0.00818098,0.00841513,0.00043058,8.6939,27.9379,0.3305,15.3224,1.4284,1423.4311,46.3636,,8.6939,2.1082,2.1082,10.5412,27.4071,35.84,58.1734,2.1082,-2.1082,17.000001,27.593405,4.123785,25,76,13,8,0E-8,0.01076444,,0E-8,0.000000,0.909985,0.000000,,2026-04-07,2026-06-30,11,118,87,85,0.129412,,,0.000000,,,,,,,,GLOBAL_BASELINE_NO_ENTITY_RANKING,,,NOT_APPLICABLE_GLOBAL_BASELINE,HF9g-P5,,,,X 全窗基线 · 不参与实体赏罚,6875319,688,A168_HF9F_20260827_0900,2026-08-27 09:00:00
2026-06-07,148341469,1654,0,22.8485968885,-22.8485968885,-22.8485968885,0E-7,2,1,0.45011726363598612,0.256040200000,-0.9047483347495404,-0.5866503638730671,-0.9047483347495404,0.19407706363598612,ELIGIBLE,R03b_20260811_FULL_v1,L1_ELIGIBILITY,v2026-08-11,2026-03-21..2026-08-06,baccarat_bet02_101_all_pairs_incl_sentinel,round_win = game_pnl > 0 (decisive only),COMPATIBILITY_ONLY_NOT_PRODUCTION,15657.7426,14248.3159,168.5469,1801,510,-0.01076444,,-0.01076444,-0.01076444,-168.5469,15657.7426,OK,0.0000,6.7419,4.0000,96.0000,AG03-UNRESOLVED,ALL5_LEVELS_bet23_to_bet27,6.7419,6.7419,6.7419,10.1128,10.1128,4.000000,4.000000,4.000000,6.000000,6.000000,96.000000,96.000000,96.000000,94.000000,94.000000,5.0,40.4513,36.7849,128.0956,131.762,PENDING_AG03,FALSE,NOT_FOR_ENFORCEMENT,161.8050,13678.3833,168.5469,161.8050,6.7419,0.01076444,0.01033387,6.7419,161.8050,0.01033387,6.7419,6.7419,6.7419,10.1128,10.1128,161.8050,0.01033387,40.4513,36.7849,128.0956,131.762,0.00818098,0.00841513,0.00043058,8.6939,27.9379,0.3305,15.3224,1.4284,1423.4311,46.3636,,8.6939,2.1082,2.1082,10.5412,27.4071,35.84,58.1734,2.1082,-2.1082,17.000001,27.593405,4.123785,25,76,13,8,0E-8,0.01076444,,0E-8,0.000000,0.909985,0.000000,,2026-04-07,2026-06-30,11,118,87,85,0.129412,,,0.000000,,,,,,,,GLOBAL_BASELINE_NO_ENTITY_RANKING,,,NOT_APPLICABLE_GLOBAL_BASELINE,HF9g-P5,,,,X 全窗基线 · 不参与实体赏罚,6875320,688,A168_HF9F_20260827_0900,2026-08-27 09:00:00
2026-06-07,148341469,1941,0,87.2400972105,272.1060174894,272.1060174894,0.5000000,6,2,0.44155816499953788,0.197889300000,0.16643931086217717,1.0723900948768452,0.16643931086217717,0.24366886499953788,ELIGIBLE,R03b_20260811_FULL_v1,L1_ELIGIBILITY,v2026-08-11,2026-03-21..2026-08-06,baccarat_bet02_101_all_pairs_incl_sentinel,round_win = game_pnl > 0 (decisive only),COMPATIBILITY_ONLY_NOT_PRODUCTION,15657.7426,14248.3159,168.5469,1801,510,-0.01076444,,-0.01076444,-0.01076444,-168.5469,15657.7426,OK,0.0000,6.7419,4.0000,96.0000,AG03-UNRESOLVED,ALL5_LEVELS_bet23_to_bet27,6.7419,6.7419,6.7419,10.1128,10.1128,4.000000,4.000000,4.000000,6.000000,6.000000,96.000000,96.000000,96.000000,94.000000,94.000000,5.0,40.4513,36.7849,128.0956,131.762,PENDING_AG03,FALSE,NOT_FOR_ENFORCEMENT,161.8050,13678.3833,168.5469,161.8050,6.7419,0.01076444,0.01033387,6.7419,161.8050,0.01033387,6.7419,6.7419,6.7419,10.1128,10.1128,161.8050,0.01033387,40.4513,36.7849,128.0956,131.762,0.00818098,0.00841513,0.00043058,8.6939,27.9379,0.3305,15.3224,1.4284,1423.4311,46.3636,,8.6939,2.1082,2.1082,10.5412,27.4071,35.84,58.1734,2.1082,-2.1082,17.000001,27.593405,4.123785,25,76,13,8,0E-8,0.01076444,,0E-8,0.000000,0.909985,0.000000,,2026-04-07,2026-06-30,11,118,87,85,0.129412,,,0.000000,,,,,,,,GLOBAL_BASELINE_NO_ENTITY_RANKING,,,NOT_APPLICABLE_GLOBAL_BASELINE,HF9g-P5,,,,X 全窗基线 · 不参与实体赏罚,6875321,688,A168_HF9F_20260827_0900,2026-08-27 09:00:00
2026-06-07,148341469,2123,0,60.2372099787,-39.4657582619,-39.4657582619,0E-7,5,2,0.47070416578910936,0.335904662500,-0.943028423771649,-0.7112017235824902,-0.943028423771649,0.13479950328910936,ELIGIBLE,R03b_20260811_FULL_v1,L1_ELIGIBILITY,v2026-08-11,2026-03-21..2026-08-06,baccarat_bet02_101_all_pairs_incl_sentinel,round_win = game_pnl > 0 (decisive only),COMPATIBILITY_ONLY_NOT_PRODUCTION,15657.7426,14248.3159,168.5469,1801,510,-0.01076444,,-0.01076444,-0.01076444,-168.5469,15657.7426,OK,0.0000,6.7419,4.0000,96.0000,AG03-UNRESOLVED,ALL5_LEVELS_bet23_to_bet27,6.7419,6.7419,6.7419,10.1128,10.1128,4.000000,4.000000,4.000000,6.000000,6.000000,96.000000,96.000000,96.000000,94.000000,94.000000,5.0,40.4513,36.7849,128.0956,131.762,PENDING_AG03,FALSE,NOT_FOR_ENFORCEMENT,161.8050,13678.3833,168.5469,161.8050,6.7419,0.01076444,0.01033387,6.7419,161.8050,0.01033387,6.7419,6.7419,6.7419,10.1128,10.1128,161.8050,0.01033387,40.4513,36.7849,128.0956,131.762,0.00818098,0.00841513,0.00043058,8.6939,27.9379,0.3305,15.3224,1.4284,1423.4311,46.3636,,8.6939,2.1082,2.1082,10.5412,27.4071,35.84,58.1734,2.1082,-2.1082,17.000001,27.593405,4.123785,25,76,13,8,0E-8,0.01076444,,0E-8,0.000000,0.909985,0.000000,,2026-04-07,2026-06-30,11,118,87,85,0.129412,,,0.000000,,,,,,,,GLOBAL_BASELINE_NO_ENTITY_RANKING,,,NOT_APPLICABLE_GLOBAL_BASELINE,HF9g-P5,,,,X 全窗基线 · 不参与实体赏罚,6875322,688,A168_HF9F_20260827_0900,2026-08-27 09:00:00
2026-06-07,148341469,2141,0,228.4859688843,-62.3143551503,-62.3143551503,0.3333333,3,3,0.49771390000000000,0.497713900000,-0.5694369385616226,-0.5694369385616226,-0.5694369385616226,0E-17,ELIGIBLE,R03b_20260811_FULL_v1,L1_ELIGIBILITY,v2026-08-11,2026-03-21..2026-08-06,baccarat_bet02_101_all_pairs_incl_sentinel,round_win = game_pnl > 0 (decisive only),COMPATIBILITY_ONLY_NOT_PRODUCTION,15657.7426,14248.3159,168.5469,1801,510,-0.01076444,,-0.01076444,-0.01076444,-168.5469,15657.7426,OK,0.0000,6.7419,4.0000,96.0000,AG03-UNRESOLVED,ALL5_LEVELS_bet23_to_bet27,6.7419,6.7419,6.7419,10.1128,10.1128,4.000000,4.000000,4.000000,6.000000,6.000000,96.000000,96.000000,96.000000,94.000000,94.000000,5.0,40.4513,36.7849,128.0956,131.762,PENDING_AG03,FALSE,NOT_FOR_ENFORCEMENT,161.8050,13678.3833,168.5469,161.8050,6.7419,0.01076444,0.01033387,6.7419,161.8050,0.01033387,6.7419,6.7419,6.7419,10.1128,10.1128,161.8050,0.01033387,40.4513,36.7849,128.0956,131.762,0.00818098,0.00841513,0.00043058,8.6939,27.9379,0.3305,15.3224,1.4284,1423.4311,46.3636,,8.6939,2.1082,2.1082,10.5412,27.4071,35.84,58.1734,2.1082,-2.1082,17.000001,27.593405,4.123785,25,76,13,8,0E-8,0.01076444,,0E-8,0.000000,0.909985,0.000000,,2026-04-07,2026-06-30,11,118,87,85,0.129412,,,0.000000,,,,,,,,GLOBAL_BASELINE_NO_ENTITY_RANKING,,,NOT_APPLICABLE_GLOBAL_BASELINE,HF9g-P5,,,,X 全窗基线 · 不参与实体赏罚,6875323,688,A168_HF9F_20260827_0900,2026-08-27 09:00:00
2026-06-07,148341469,2251,0,228.4859688847,-29.0800324037,-29.0800324037,0.3333333,18,6,0.44111065560557168,0.197889300000,-0.5316995898751771,0.8327357164088199,-0.5316995898751771,0.24322135560557168,ELIGIBLE,R03b_20260811_FULL_v1,L1_ELIGIBILITY,v2026-08-11,2026-03-21..2026-08-06,baccarat_bet02_101_all_pairs_incl_sentinel,round_win = game_pnl > 0 (decisive only),COMPATIBILITY_ONLY_NOT_PRODUCTION,15657.7426,14248.3159,168.5469,1801,510,-0.01076444,,-0.01076444,-0.01076444,-168.5469,15657.7426,OK,0.0000,6.7419,4.0000,96.0000,AG03-UNRESOLVED,ALL5_LEVELS_bet23_to_bet27,6.7419,6.7419,6.7419,10.1128,10.1128,4.000000,4.000000,4.000000,6.000000,6.000000,96.000000,96.000000,96.000000,94.000000,94.000000,5.0,40.4513,36.7849,128.0956,131.762,PENDING_AG03,FALSE,NOT_FOR_ENFORCEMENT,161.8050,13678.3833,168.5469,161.8050,6.7419,0.01076444,0.01033387,6.7419,161.8050,0.01033387,6.7419,6.7419,6.7419,10.1128,10.1128,161.8050,0.01033387,40.4513,36.7849,128.0956,131.762,0.00818098,0.00841513,0.00043058,8.6939,27.9379,0.3305,15.3224,1.4284,1423.4311,46.3636,,8.6939,2.1082,2.1082,10.5412,27.4071,35.84,58.1734,2.1082,-2.1082,17.000001,27.593405,4.123785,25,76,13,8,0E-8,0.01076444,,0E-8,0.000000,0.909985,0.000000,,2026-04-07,2026-06-30,11,118,87,85,0.129412,,,0.000000,,,,,,,,GLOBAL_BASELINE_NO_ENTITY_RANKING,,,NOT_APPLICABLE_GLOBAL_BASELINE,HF9g-P5,,,,X 全窗基线 · 不参与实体赏罚,6875324,688,A168_HF9F_20260827_0900,2026-08-27 09:00:00
2026-06-07,148341469,2254,0,39.4657582619,-39.4657582619,-39.4657582619,0E-7,3,1,0.44661031052584312,0.197889300000,-0.8983567615086974,-0.4966998184331015,-0.8983567615086974,0.24872101052584312,ELIGIBLE,R03b_20260811_FULL_v1,L1_ELIGIBILITY,v2026-08-11,2026-03-21..2026-08-06,baccarat_bet02_101_all_pairs_incl_sentinel,round_win = game_pnl > 0 (decisive only),COMPATIBILITY_ONLY_NOT_PRODUCTION,15657.7426,14248.3159,168.5469,1801,510,-0.01076444,,-0.01076444,-0.01076444,-168.5469,15657.7426,OK,0.0000,6.7419,4.0000,96.0000,AG03-UNRESOLVED,ALL5_LEVELS_bet23_to_bet27,6.7419,6.7419,6.7419,10.1128,10.1128,4.000000,4.000000,4.000000,6.000000,6.000000,96.000000,96.000000,96.000000,94.000000,94.000000,5.0,40.4513,36.7849,128.0956,131.762,PENDING_AG03,FALSE,NOT_FOR_ENFORCEMENT,161.8050,13678.3833,168.5469,161.8050,6.7419,0.01076444,0.01033387,6.7419,161.8050,0.01033387,6.7419,6.7419,6.7419,10.1128,10.1128,161.8050,0.01033387,40.4513,36.7849,128.0956,131.762,0.00818098,0.00841513,0.00043058,8.6939,27.9379,0.3305,15.3224,1.4284,1423.4311,46.3636,,8.6939,2.1082,2.1082,10.5412,27.4071,35.84,58.1734,2.1082,-2.1082,17.000001,27.593405,4.123785,25,76,13,8,0E-8,0.01076444,,0E-8,0.000000,0.909985,0.000000,,2026-04-07,2026-06-30,11,118,87,85,0.129412,,,0.000000,,,,,,,,GLOBAL_BASELINE_NO_ENTITY_RANKING,,,NOT_APPLICABLE_GLOBAL_BASELINE,HF9g-P5,,,,X 全窗基线 · 不参与实体赏罚,6875325,688,A168_HF9F_20260827_0900,2026-08-27 09:00:00
2026-06-07,148341469,2271,0,41.5429034336,-41.5429034336,-41.5429034336,0E-7,3,1,0.44894206999957342,0.197889300000,-0.9026024834206688,-0.4966998184331015,-0.9026024834206688,0.25105276999957342,ELIGIBLE,R03b_20260811_FULL_v1,L1_ELIGIBILITY,v2026-08-11,2026-03-21..2026-08-06,baccarat_bet02_101_all_pairs_incl_sentinel,round_win = game_pnl > 0 (decisive only),COMPATIBILITY_ONLY_NOT_PRODUCTION,15657.7426,14248.3159,168.5469,1801,510,-0.01076444,,-0.01076444,-0.01076444,-168.5469,15657.7426,OK,0.0000,6.7419,4.0000,96.0000,AG03-UNRESOLVED,ALL5_LEVELS_bet23_to_bet27,6.7419,6.7419,6.7419,10.1128,10.1128,4.000000,4.000000,4.000000,6.000000,6.000000,96.000000,96.000000,96.000000,94.000000,94.000000,5.0,40.4513,36.7849,128.0956,131.762,PENDING_AG03,FALSE,NOT_FOR_ENFORCEMENT,161.8050,13678.3833,168.5469,161.8050,6.7419,0.01076444,0.01033387,6.7419,161.8050,0.01033387,6.7419,6.7419,6.7419,10.1128,10.1128,161.8050,0.01033387,40.4513,36.7849,128.0956,131.762,0.00818098,0.00841513,0.00043058,8.6939,27.9379,0.3305,15.3224,1.4284,1423.4311,46.3636,,8.6939,2.1082,2.1082,10.5412,27.4071,35.84,58.1734,2.1082,-2.1082,17.000001,27.593405,4.123785,25,76,13,8,0E-8,0.01076444,,0E-8,0.000000,0.909985,0.000000,,2026-04-07,2026-06-30,11,118,87,85,0.129412,,,0.000000,,,,,,,,GLOBAL_BASELINE_NO_ENTITY_RANKING,,,NOT_APPLICABLE_GLOBAL_BASELINE,HF9g-P5,,,,X 全窗基线 · 不参与实体赏罚,6875326,688,A168_HF9F_20260827_0900,2026-08-27 09:00:00
2026-06-07,148341469,948,0,14.5400162018,-14.5400162018,-14.5400162018,0E-7,3,1,0.36666427142770086,0.197889300000,-0.760881986206632,-0.4966998184331015,-0.760881986206632,0.16877497142770086,ELIGIBLE,R03b_20260811_FULL_v1,L1_ELIGIBILITY,v2026-08-11,2026-03-21..2026-08-06,baccarat_bet02_101_all_pairs_incl_sentinel,round_win = game_pnl > 0 (decisive only),COMPATIBILITY_ONLY_NOT_PRODUCTION,15657.7426,14248.3159,168.5469,1801,510,-0.01076444,,-0.01076444,-0.01076444,-168.5469,15657.7426,OK,0.0000,6.7419,4.0000,96.0000,AG03-UNRESOLVED,ALL5_LEVELS_bet23_to_bet27,6.7419,6.7419,6.7419,10.1128,10.1128,4.000000,4.000000,4.000000,6.000000,6.000000,96.000000,96.000000,96.000000,94.000000,94.000000,5.0,40.4513,36.7849,128.0956,131.762,PENDING_AG03,FALSE,NOT_FOR_ENFORCEMENT,161.8050,13678.3833,168.5469,161.8050,6.7419,0.01076444,0.01033387,6.7419,161.8050,0.01033387,6.7419,6.7419,6.7419,10.1128,10.1128,161.8050,0.01033387,40.4513,36.7849,128.0956,131.762,0.00818098,0.00841513,0.00043058,8.6939,27.9379,0.3305,15.3224,1.4284,1423.4311,46.3636,,8.6939,2.1082,2.1082,10.5412,27.4071,35.84,58.1734,2.1082,-2.1082,17.000001,27.593405,4.123785,25,76,13,8,0E-8,0.01076444,,0E-8,0.000000,0.909985,0.000000,,2026-04-07,2026-06-30,11,118,87,85,0.129412,,,0.000000,,,,,,,,GLOBAL_BASELINE_NO_ENTITY_RANKING,,,NOT_APPLICABLE_GLOBAL_BASELINE,HF9g-P5,,,,X 全窗基线 · 不参与实体赏罚,6875327,688,A168_HF9F_20260827_0900,2026-08-27 09:00:00
2026-06-17,148341469,-1,1,67.0917890452,-67.0917890452,-67.0917890452,0E-7,3,1,0.46581303560342487,0.197889300000,-0.9338114097437342,-0.4966998184331015,-0.9338114097437342,0.26792373560342487,SENTINEL_DEALER,R03b_20260811_FULL_v1,L1_ELIGIBILITY,v2026-08-11,2026-03-21..2026-08-06,baccarat_bet02_101_all_pairs_incl_sentinel,round_win = game_pnl > 0 (decisive only),COMPATIBILITY_ONLY_NOT_PRODUCTION,15657.7426,14248.3159,168.5469,1801,510,-0.01076444,,-0.01076444,-0.01076444,-168.5469,15657.7426,OK,0.0000,6.7419,4.0000,96.0000,AG03-UNRESOLVED,ALL5_LEVELS_bet23_to_bet27,6.7419,6.7419,6.7419,10.1128,10.1128,4.000000,4.000000,4.000000,6.000000,6.000000,96.000000,96.000000,96.000000,94.000000,94.000000,5.0,40.4513,36.7849,128.0956,131.762,PENDING_AG03,FALSE,NOT_FOR_ENFORCEMENT,161.8050,13678.3833,168.5469,161.8050,6.7419,0.01076444,0.01033387,6.7419,161.8050,0.01033387,6.7419,6.7419,6.7419,10.1128,10.1128,161.8050,0.01033387,40.4513,36.7849,128.0956,131.762,0.00818098,0.00841513,0.00043058,8.6939,27.9379,0.3305,15.3224,1.4284,1423.4311,46.3636,,8.6939,2.1082,2.1082,10.5412,27.4071,35.84,58.1734,2.1082,-2.1082,17.000001,27.593405,4.123785,25,76,13,8,0E-8,0.01076444,,0E-8,0.000000,0.909985,0.000000,,2026-04-07,2026-06-30,11,118,87,85,0.129412,,,0.000000,,,,,,,,GLOBAL_BASELINE_NO_ENTITY_RANKING,,,NOT_APPLICABLE_GLOBAL_BASELINE,HF9g-P5,,,,X 全窗基线 · 不参与实体赏罚,6875328,688,A168_HF9F_20260827_0900,2026-08-27 09:00:00
2026-06-17,148341469,1302,0,24.9257420601,19.6290218723,19.6290218723,1.0000000,2,1,0.46889325833287889,0.280106050000,1.0642751279345073,1.6031457840727341,1.0642751279345073,0.18878720833287889,ELIGIBLE,R03b_20260811_FULL_v1,L1_ELIGIBILITY,v2026-08-11,2026-03-21..2026-08-06,baccarat_bet02_101_all_pairs_incl_sentinel,round_win = game_pnl > 0 (decisive only),COMPATIBILITY_ONLY_NOT_PRODUCTION,15657.7426,14248.3159,168.5469,1801,510,-0.01076444,,-0.01076444,-0.01076444,-168.5469,15657.7426,OK,0.0000,6.7419,4.0000,96.0000,AG03-UNRESOLVED,ALL5_LEVELS_bet23_to_bet27,6.7419,6.7419,6.7419,10.1128,10.1128,4.000000,4.000000,4.000000,6.000000,6.000000,96.000000,96.000000,96.000000,94.000000,94.000000,5.0,40.4513,36.7849,128.0956,131.762,PENDING_AG03,FALSE,NOT_FOR_ENFORCEMENT,161.8050,13678.3833,168.5469,161.8050,6.7419,0.01076444,0.01033387,6.7419,161.8050,0.01033387,6.7419,6.7419,6.7419,10.1128,10.1128,161.8050,0.01033387,40.4513,36.7849,128.0956,131.762,0.00818098,0.00841513,0.00043058,8.6939,27.9379,0.3305,15.3224,1.4284,1423.4311,46.3636,,8.6939,2.1082,2.1082,10.5412,27.4071,35.84,58.1734,2.1082,-2.1082,17.000001,27.593405,4.123785,25,76,13,8,0E-8,0.01076444,,0E-8,0.000000,0.909985,0.000000,,2026-04-07,2026-06-30,11,118,87,85,0.129412,,,0.000000,,,,,,,,GLOBAL_BASELINE_NO_ENTITY_RANKING,,,NOT_APPLICABLE_GLOBAL_BASELINE,HF9g-P5,,,,X 全窗基线 · 不参与实体赏罚,6875329,688,A168_HF9F_20260827_0900,2026-08-27 09:00:00
2026-06-17,148341469,1645,0,105.9344037558,0.5192862926,0.5192862926,0.7500000,15,4,0.38316472657115362,0.175781662500,1.5091198216524757,3.017165499286503,1.5091198216524757,0.20738306407115362,ELIGIBLE,R03b_20260811_FULL_v1,L1_ELIGIBILITY,v2026-08-11,2026-03-21..2026-08-06,baccarat_bet02_101_all_pairs_incl_sentinel,round_win = game_pnl > 0 (decisive only),COMPATIBILITY_ONLY_NOT_PRODUCTION,15657.7426,14248.3159,168.5469,1801,510,-0.01076444,,-0.01076444,-0.01076444,-168.5469,15657.7426,OK,0.0000,6.7419,4.0000,96.0000,AG03-UNRESOLVED,ALL5_LEVELS_bet23_to_bet27,6.7419,6.7419,6.7419,10.1128,10.1128,4.000000,4.000000,4.000000,6.000000,6.000000,96.000000,96.000000,96.000000,94.000000,94.000000,5.0,40.4513,36.7849,128.0956,131.762,PENDING_AG03,FALSE,NOT_FOR_ENFORCEMENT,161.8050,13678.3833,168.5469,161.8050,6.7419,0.01076444,0.01033387,6.7419,161.8050,0.01033387,6.7419,6.7419,6.7419,10.1128,10.1128,161.8050,0.01033387,40.4513,36.7849,128.0956,131.762,0.00818098,0.00841513,0.00043058,8.6939,27.9379,0.3305,15.3224,1.4284,1423.4311,46.3636,,8.6939,2.1082,2.1082,10.5412,27.4071,35.84,58.1734,2.1082,-2.1082,17.000001,27.593405,4.123785,25,76,13,8,0E-8,0.01076444,,0E-8,0.000000,0.909985,0.000000,,2026-04-07,2026-06-30,11,118,87,85,0.129412,,,0.000000,,,,,,,,GLOBAL_BASELINE_NO_ENTITY_RANKING,,,NOT_APPLICABLE_GLOBAL_BASELINE,HF9g-P5,,,,X 全窗基线 · 不参与实体赏罚,6875330,688,A168_HF9F_20260827_0900,2026-08-27 09:00:00
2026-06-17,148341469,1704,0,22.8485968885,-22.8485968885,-22.8485968885,0E-7,2,1,0.45011726363598612,0.256040200000,-0.9047483347495404,-0.5866503638730671,-0.9047483347495404,0.19407706363598612,ELIGIBLE,R03b_20260811_FULL_v1,L1_ELIGIBILITY,v2026-08-11,2026-03-21..2026-08-06,baccarat_bet02_101_all_pairs_incl_sentinel,round_win = game_pnl > 0 (decisive only),COMPATIBILITY_ONLY_NOT_PRODUCTION,15657.7426,14248.3159,168.5469,1801,510,-0.01076444,,-0.01076444,-0.01076444,-168.5469,15657.7426,OK,0.0000,6.7419,4.0000,96.0000,AG03-UNRESOLVED,ALL5_LEVELS_bet23_to_bet27,6.7419,6.7419,6.7419,10.1128,10.1128,4.000000,4.000000,4.000000,6.000000,6.000000,96.000000,96.000000,96.000000,94.000000,94.000000,5.0,40.4513,36.7849,128.0956,131.762,PENDING_AG03,FALSE,NOT_FOR_ENFORCEMENT,161.8050,13678.3833,168.5469,161.8050,6.7419,0.01076444,0.01033387,6.7419,161.8050,0.01033387,6.7419,6.7419,6.7419,10.1128,10.1128,161.8050,0.01033387,40.4513,36.7849,128.0956,131.762,0.00818098,0.00841513,0.00043058,8.6939,27.9379,0.3305,15.3224,1.4284,1423.4311,46.3636,,8.6939,2.1082,2.1082,10.5412,27.4071,35.84,58.1734,2.1082,-2.1082,17.000001,27.593405,4.123785,25,76,13,8,0E-8,0.01076444,,0E-8,0.000000,0.909985,0.000000,,2026-04-07,2026-06-30,11,118,87,85,0.129412,,,0.000000,,,,,,,,GLOBAL_BASELINE_NO_ENTITY_RANKING,,,NOT_APPLICABLE_GLOBAL_BASELINE,HF9g-P5,,,,X 全窗基线 · 不参与实体赏罚,6875331,688,A168_HF9F_20260827_0900,2026-08-27 09:00:00
2026-06-17,148341469,1710,0,35.3114679185,27.0028872317,27.0028872317,1.0000000,3,1,0.44112381764646840,0.197889300000,1.125583056939922,2.0132884347625057,1.125583056939922,0.24323451764646840,ELIGIBLE,R03b_20260811_FULL_v1,L1_ELIGIBILITY,v2026-08-11,2026-03-21..2026-08-06,baccarat_bet02_101_all_pairs_incl_sentinel,round_win = game_pnl > 0 (decisive only),COMPATIBILITY_ONLY_NOT_PRODUCTION,15657.7426,14248.3159,168.5469,1801,510,-0.01076444,,-0.01076444,-0.01076444,-168.5469,15657.7426,OK,0.0000,6.7419,4.0000,96.0000,AG03-UNRESOLVED,ALL5_LEVELS_bet23_to_bet27,6.7419,6.7419,6.7419,10.1128,10.1128,4.000000,4.000000,4.000000,6.000000,6.000000,96.000000,96.000000,96.000000,94.000000,94.000000,5.0,40.4513,36.7849,128.0956,131.762,PENDING_AG03,FALSE,NOT_FOR_ENFORCEMENT,161.8050,13678.3833,168.5469,161.8050,6.7419,0.01076444,0.01033387,6.7419,161.8050,0.01033387,6.7419,6.7419,6.7419,10.1128,10.1128,161.8050,0.01033387,40.4513,36.7849,128.0956,131.762,0.00818098,0.00841513,0.00043058,8.6939,27.9379,0.3305,15.3224,1.4284,1423.4311,46.3636,,8.6939,2.1082,2.1082,10.5412,27.4071,35.84,58.1734,2.1082,-2.1082,17.000001,27.593405,4.123785,25,76,13,8,0E-8,0.01076444,,0E-8,0.000000,0.909985,0.000000,,2026-04-07,2026-06-30,11,118,87,85,0.129412,,,0.000000,,,,,,,,GLOBAL_BASELINE_NO_ENTITY_RANKING,,,NOT_APPLICABLE_GLOBAL_BASELINE,HF9g-P5,,,,X 全窗基线 · 不参与实体赏罚,6875332,688,A168_HF9F_20260827_0900,2026-08-27 09:00:00
2026-06-17,148341469,1966,0,37.3886130902,-37.3886130902,-37.3886130902,0E-7,3,1,0.44401946666614002,0.197889300000,-0.8936577222225669,-0.4966998184331015,-0.8936577222225669,0.24613016666614002,ELIGIBLE,R03b_20260811_FULL_v1,L1_ELIGIBILITY,v2026-08-11,2026-03-21..2026-08-06,baccarat_bet02_101_all_pairs_incl_sentinel,round_win = game_pnl > 0 (decisive only),COMPATIBILITY_ONLY_NOT_PRODUCTION,15657.7426,14248.3159,168.5469,1801,510,-0.01076444,,-0.01076444,-0.01076444,-168.5469,15657.7426,OK,0.0000,6.7419,4.0000,96.0000,AG03-UNRESOLVED,ALL5_LEVELS_bet23_to_bet27,6.7419,6.7419,6.7419,10.1128,10.1128,4.000000,4.000000,4.000000,6.000000,6.000000,96.000000,96.000000,96.000000,94.000000,94.000000,5.0,40.4513,36.7849,128.0956,131.762,PENDING_AG03,FALSE,NOT_FOR_ENFORCEMENT,161.8050,13678.3833,168.5469,161.8050,6.7419,0.01076444,0.01033387,6.7419,161.8050,0.01033387,6.7419,6.7419,6.7419,10.1128,10.1128,161.8050,0.01033387,40.4513,36.7849,128.0956,131.762,0.00818098,0.00841513,0.00043058,8.6939,27.9379,0.3305,15.3224,1.4284,1423.4311,46.3636,,8.6939,2.1082,2.1082,10.5412,27.4071,35.84,58.1734,2.1082,-2.1082,17.000001,27.593405,4.123785,25,76,13,8,0E-8,0.01076444,,0E-8,0.000000,0.909985,0.000000,,2026-04-07,2026-06-30,11,118,87,85,0.129412,,,0.000000,,,,,,,,GLOBAL_BASELINE_NO_ENTITY_RANKING,,,NOT_APPLICABLE_GLOBAL_BASELINE,HF9g-P5,,,,X 全窗基线 · 不参与实体赏罚,6875333,688,A168_HF9F_20260827_0900,2026-08-27 09:00:00
2026-06-17,148341469,1994,0,18.0711629937,-18.0711629937,-18.0711629937,0E-7,8,3,0.04778519999993120,0.046284672222,-0.3880072742756508,-0.3815661520324204,-0.3880072742756508,0.00150052777793120,ELIGIBLE,R03b_20260811_FULL_v1,L1_ELIGIBILITY,v2026-08-11,2026-03-21..2026-08-06,baccarat_bet02_101_all_pairs_incl_sentinel,round_win = game_pnl > 0 (decisive only),COMPATIBILITY_ONLY_NOT_PRODUCTION,15657.7426,14248.3159,168.5469,1801,510,-0.01076444,,-0.01076444,-0.01076444,-168.5469,15657.7426,OK,0.0000,6.7419,4.0000,96.0000,AG03-UNRESOLVED,ALL5_LEVELS_bet23_to_bet27,6.7419,6.7419,6.7419,10.1128,10.1128,4.000000,4.000000,4.000000,6.000000,6.000000,96.000000,96.000000,96.000000,94.000000,94.000000,5.0,40.4513,36.7849,128.0956,131.762,PENDING_AG03,FALSE,NOT_FOR_ENFORCEMENT,161.8050,13678.3833,168.5469,161.8050,6.7419,0.01076444,0.01033387,6.7419,161.8050,0.01033387,6.7419,6.7419,6.7419,10.1128,10.1128,161.8050,0.01033387,40.4513,36.7849,128.0956,131.762,0.00818098,0.00841513,0.00043058,8.6939,27.9379,0.3305,15.3224,1.4284,1423.4311,46.3636,,8.6939,2.1082,2.1082,10.5412,27.4071,35.84,58.1734,2.1082,-2.1082,17.000001,27.593405,4.123785,25,76,13,8,0E-8,0.01076444,,0E-8,0.000000,0.909985,0.000000,,2026-04-07,2026-06-30,11,118,87,85,0.129412,,,0.000000,,,,,,,,GLOBAL_BASELINE_NO_ENTITY_RANKING,,,NOT_APPLICABLE_GLOBAL_BASELINE,HF9g-P5,,,,X 全窗基线 · 不参与实体赏罚,6875334,688,A168_HF9F_20260827_0900,2026-08-27 09:00:00
2026-06-17,148341469,2170,0,2.0771451717,-2.0771451717,-2.0771451717,0E-7,1,1,0.05356140000000000,0.053561400000,-0.2378919454095156,-0.2378919454095156,-0.2378919454095156,0E-17,ELIGIBLE,R03b_20260811_FULL_v1,L1_ELIGIBILITY,v2026-08-11,2026-03-21..2026-08-06,baccarat_bet02_101_all_pairs_incl_sentinel,round_win = game_pnl > 0 (decisive only),COMPATIBILITY_ONLY_NOT_PRODUCTION,15657.7426,14248.3159,168.5469,1801,510,-0.01076444,,-0.01076444,-0.01076444,-168.5469,15657.7426,OK,0.0000,6.7419,4.0000,96.0000,AG03-UNRESOLVED,ALL5_LEVELS_bet23_to_bet27,6.7419,6.7419,6.7419,10.1128,10.1128,4.000000,4.000000,4.000000,6.000000,6.000000,96.000000,96.000000,96.000000,94.000000,94.000000,5.0,40.4513,36.7849,128.0956,131.762,PENDING_AG03,FALSE,NOT_FOR_ENFORCEMENT,161.8050,13678.3833,168.5469,161.8050,6.7419,0.01076444,0.01033387,6.7419,161.8050,0.01033387,6.7419,6.7419,6.7419,10.1128,10.1128,161.8050,0.01033387,40.4513,36.7849,128.0956,131.762,0.00818098,0.00841513,0.00043058,8.6939,27.9379,0.3305,15.3224,1.4284,1423.4311,46.3636,,8.6939,2.1082,2.1082,10.5412,27.4071,35.84,58.1734,2.1082,-2.1082,17.000001,27.593405,4.123785,25,76,13,8,0E-8,0.01076444,,0E-8,0.000000,0.909985,0.000000,,2026-04-07,2026-06-30,11,118,87,85,0.129412,,,0.000000,,,,,,,,GLOBAL_BASELINE_NO_ENTITY_RANKING,,,NOT_APPLICABLE_GLOBAL_BASELINE,HF9g-P5,,,,X 全窗基线 · 不参与实体赏罚,6875335,688,A168_HF9F_20260827_0900,2026-08-27 09:00:00
2026-06-17,148341469,772,0,51.9286292921,17.6557339590,17.6557339590,0.6666667,9,3,0.26493694571357119,0.127927058333,1.5767434312897757,2.7937138513347843,1.5767434312897757,0.13700988738057119,ELIGIBLE,R03b_20260811_FULL_v1,L1_ELIGIBILITY,v2026-08-11,2026-03-21..2026-08-06,baccarat_bet02_101_all_pairs_incl_sentinel,round_win = game_pnl > 0 (decisive only),COMPATIBILITY_ONLY_NOT_PRODUCTION,15657.7426,14248.3159,168.5469,1801,510,-0.01076444,,-0.01076444,-0.01076444,-168.5469,15657.7426,OK,0.0000,6.7419,4.0000,96.0000,AG03-UNRESOLVED,ALL5_LEVELS_bet23_to_bet27,6.7419,6.7419,6.7419,10.1128,10.1128,4.000000,4.000000,4.000000,6.000000,6.000000,96.000000,96.000000,96.000000,94.000000,94.000000,5.0,40.4513,36.7849,128.0956,131.762,PENDING_AG03,FALSE,NOT_FOR_ENFORCEMENT,161.8050,13678.3833,168.5469,161.8050,6.7419,0.01076444,0.01033387,6.7419,161.8050,0.01033387,6.7419,6.7419,6.7419,10.1128,10.1128,161.8050,0.01033387,40.4513,36.7849,128.0956,131.762,0.00818098,0.00841513,0.00043058,8.6939,27.9379,0.3305,15.3224,1.4284,1423.4311,46.3636,,8.6939,2.1082,2.1082,10.5412,27.4071,35.84,58.1734,2.1082,-2.1082,17.000001,27.593405,4.123785,25,76,13,8,0E-8,0.01076444,,0E-8,0.000000,0.909985,0.000000,,2026-04-07,2026-06-30,11,118,87,85,0.129412,,,0.000000,,,,,,,,GLOBAL_BASELINE_NO_ENTITY_RANKING,,,NOT_APPLICABLE_GLOBAL_BASELINE,HF9g-P5,,,,X 全窗基线 · 不参与实体赏罚,6875336,688,A168_HF9F_20260827_0900,2026-08-27 09:00:00
2026-06-30,148341469,-1,1,170.1181895606,-42.7476476334,-42.7476476334,0.2500000,16,4,0.43038622391699089,0.162645150000,-0.7286415623930527,0.4734146456650754,-0.7286415623930527,0.26774107391699089,SENTINEL_DEALER,R03b_20260811_FULL_v1,L1_ELIGIBILITY,v2026-08-11,2026-03-21..2026-08-06,baccarat_bet02_101_all_pairs_incl_sentinel,round_win = game_pnl > 0 (decisive only),COMPATIBILITY_ONLY_NOT_PRODUCTION,15657.7426,14248.3159,168.5469,1801,510,-0.01076444,,-0.01076444,-0.01076444,-168.5469,15657.7426,OK,0.0000,6.7419,4.0000,96.0000,AG03-UNRESOLVED,ALL5_LEVELS_bet23_to_bet27,6.7419,6.7419,6.7419,10.1128,10.1128,4.000000,4.000000,4.000000,6.000000,6.000000,96.000000,96.000000,96.000000,94.000000,94.000000,5.0,40.4513,36.7849,128.0956,131.762,PENDING_AG03,FALSE,NOT_FOR_ENFORCEMENT,161.8050,13678.3833,168.5469,161.8050,6.7419,0.01076444,0.01033387,6.7419,161.8050,0.01033387,6.7419,6.7419,6.7419,10.1128,10.1128,161.8050,0.01033387,40.4513,36.7849,128.0956,131.762,0.00818098,0.00841513,0.00043058,8.6939,27.9379,0.3305,15.3224,1.4284,1423.4311,46.3636,,8.6939,2.1082,2.1082,10.5412,27.4071,35.84,58.1734,2.1082,-2.1082,17.000001,27.593405,4.123785,25,76,13,8,0E-8,0.01076444,,0E-8,0.000000,0.909985,0.000000,,2026-04-07,2026-06-30,11,118,87,85,0.129412,,,0.000000,,,,,,,,GLOBAL_BASELINE_NO_ENTITY_RANKING,,,NOT_APPLICABLE_GLOBAL_BASELINE,HF9g-P5,,,,X 全窗基线 · 不参与实体赏罚,6875337,688,A168_HF9F_20260827_0900,2026-08-27 09:00:00
2026-06-30,148341469,2262,0,49.8514841205,-29.5993186966,-29.5993186966,0.3333333,11,3,0.26293627040538098,0.127215061111,0.27697297640177804,1.0714063934226101,0.27697297640177804,0.13572120929438098,ELIGIBLE,R03b_20260811_FULL_v1,L1_ELIGIBILITY,v2026-08-11,2026-03-21..2026-08-06,baccarat_bet02_101_all_pairs_incl_sentinel,round_win = game_pnl > 0 (decisive only),COMPATIBILITY_ONLY_NOT_PRODUCTION,15657.7426,14248.3159,168.5469,1801,510,-0.01076444,,-0.01076444,-0.01076444,-168.5469,15657.7426,OK,0.0000,6.7419,4.0000,96.0000,AG03-UNRESOLVED,ALL5_LEVELS_bet23_to_bet27,6.7419,6.7419,6.7419,10.1128,10.1128,4.000000,4.000000,4.000000,6.000000,6.000000,96.000000,96.000000,96.000000,94.000000,94.000000,5.0,40.4513,36.7849,128.0956,131.762,PENDING_AG03,FALSE,NOT_FOR_ENFORCEMENT,161.8050,13678.3833,168.5469,161.8050,6.7419,0.01076444,0.01033387,6.7419,161.8050,0.01033387,6.7419,6.7419,6.7419,10.1128,10.1128,161.8050,0.01033387,40.4513,36.7849,128.0956,131.762,0.00818098,0.00841513,0.00043058,8.6939,27.9379,0.3305,15.3224,1.4284,1423.4311,46.3636,,8.6939,2.1082,2.1082,10.5412,27.4071,35.84,58.1734,2.1082,-2.1082,17.000001,27.593405,4.123785,25,76,13,8,0E-8,0.01076444,,0E-8,0.000000,0.909985,0.000000,,2026-04-07,2026-06-30,11,118,87,85,0.129412,,,0.000000,,,,,,,,GLOBAL_BASELINE_NO_ENTITY_RANKING,,,NOT_APPLICABLE_GLOBAL_BASELINE,HF9g-P5,,,,X 全窗基线 · 不参与实体赏罚,6875338,688,A168_HF9F_20260827_0900,2026-08-27 09:00:00
2026-03-22,147647519,1115,0,52.6634541960,-52.6634541960,-52.6634541960,0E-7,1,1,0.49324550000000000,0.493245500000,-0.9865810262130424,-0.9865810262130424,-0.9865810262130424,0E-17,ELIGIBLE,R03b_20260811_FULL_v1,L1_ELIGIBILITY,v2026-08-11,2026-03-21..2026-08-06,baccarat_bet02_101_all_pairs_incl_sentinel,round_win = game_pnl > 0 (decisive only),COMPATIBILITY_ONLY_NOT_PRODUCTION,202.7543,202.7543,166.8115,4,4,-0.82272727,,-0.82272727,-0.82272727,-166.8115,202.7543,THIN_EXPOSURE,0.0000,5.0043,3.0000,97.0000,AG03-UNRESOLVED,ALL5_LEVELS_bet23_to_bet27,5.0043,5.0043,5.0043,6.6725,6.6725,3.000000,3.000000,3.000000,4.000000,4.000000,97.000000,97.000000,97.000000,96.000000,96.000000,5.0,28.3580,26.5031,138.4535,140.3084,PENDING_AG03,FALSE,NOT_FOR_ENFORCEMENT,161.8071,196.6717,166.8115,161.8071,5.0043,0.82272727,0.79804545,5.0043,161.8071,0.79804545,5.0043,5.0043,5.0043,6.6725,6.6725,161.8071,0.79804545,28.3580,26.5031,138.4535,140.3084,0.68286364,0.6920119,0.02468182,50.6886,50.6886,41.7029,166.8115,55.6038,202.7543,4.0000,,50.6886,35.5478,52.6635,65.8293,78.9952,78.9952,78.9952,52.6635,-52.6635,1.5,1.5,0.9625,3,3,1,2,0E-8,0.82272727,,0E-8,0.000000,1.000000,0.000000,,2026-03-22,2026-03-22,1,3,3,1,1.000000,,,0.000000,,,,,,,,GLOBAL_BASELINE_NO_ENTITY_RANKING,,,NOT_APPLICABLE_GLOBAL_BASELINE,HF9g-P5,,,,X 全窗基线 · 不参与实体赏罚,6875339,688,A168_HF9F_20260827_0900,2026-08-27 09:00:00
2026-03-22,147647519,1991,0,131.6586354899,-131.6586354899,-131.6586354899,0E-7,2,2,0.50665070000000000,0.506650700000,-1.4331513700195317,-1.4331513700195317,-1.4331513700195317,0E-17,ELIGIBLE,R03b_20260811_FULL_v1,L1_ELIGIBILITY,v2026-08-11,2026-03-21..2026-08-06,baccarat_bet02_101_all_pairs_incl_sentinel,round_win = game_pnl > 0 (decisive only),COMPATIBILITY_ONLY_NOT_PRODUCTION,202.7543,202.7543,166.8115,4,4,-0.82272727,,-0.82272727,-0.82272727,-166.8115,202.7543,THIN_EXPOSURE,0.0000,5.0043,3.0000,97.0000,AG03-UNRESOLVED,ALL5_LEVELS_bet23_to_bet27,5.0043,5.0043,5.0043,6.6725,6.6725,3.000000,3.000000,3.000000,4.000000,4.000000,97.000000,97.000000,97.000000,96.000000,96.000000,5.0,28.3580,26.5031,138.4535,140.3084,PENDING_AG03,FALSE,NOT_FOR_ENFORCEMENT,161.8071,196.6717,166.8115,161.8071,5.0043,0.82272727,0.79804545,5.0043,161.8071,0.79804545,5.0043,5.0043,5.0043,6.6725,6.6725,161.8071,0.79804545,28.3580,26.5031,138.4535,140.3084,0.68286364,0.6920119,0.02468182,50.6886,50.6886,41.7029,166.8115,55.6038,202.7543,4.0000,,50.6886,35.5478,52.6635,65.8293,78.9952,78.9952,78.9952,52.6635,-52.6635,1.5,1.5,0.9625,3,3,1,2,0E-8,0.82272727,,0E-8,0.000000,1.000000,0.000000,,2026-03-22,2026-03-22,1,3,3,1,1.000000,,,0.000000,,,,,,,,GLOBAL_BASELINE_NO_ENTITY_RANKING,,,NOT_APPLICABLE_GLOBAL_BASELINE,HF9g-P5,,,,X 全窗基线 · 不参与实体赏罚,6875340,688,A168_HF9F_20260827_0900,2026-08-27 09:00:00
2026-03-22,147647519,2093,0,18.4322089686,17.5105985202,17.5105985202,1.0000000,1,1,0.50665070000000000,0.506650700000,0.9867858985152569,0.9867858985152569,0.9867858985152569,0E-17,ELIGIBLE,R03b_20260811_FULL_v1,L1_ELIGIBILITY,v2026-08-11,2026-03-21..2026-08-06,baccarat_bet02_101_all_pairs_incl_sentinel,round_win = game_pnl > 0 (decisive only),COMPATIBILITY_ONLY_NOT_PRODUCTION,202.7543,202.7543,166.8115,4,4,-0.82272727,,-0.82272727,-0.82272727,-166.8115,202.7543,THIN_EXPOSURE,0.0000,5.0043,3.0000,97.0000,AG03-UNRESOLVED,ALL5_LEVELS_bet23_to_bet27,5.0043,5.0043,5.0043,6.6725,6.6725,3.000000,3.000000,3.000000,4.000000,4.000000,97.000000,97.000000,97.000000,96.000000,96.000000,5.0,28.3580,26.5031,138.4535,140.3084,PENDING_AG03,FALSE,NOT_FOR_ENFORCEMENT,161.8071,196.6717,166.8115,161.8071,5.0043,0.82272727,0.79804545,5.0043,161.8071,0.79804545,5.0043,5.0043,5.0043,6.6725,6.6725,161.8071,0.79804545,28.3580,26.5031,138.4535,140.3084,0.68286364,0.6920119,0.02468182,50.6886,50.6886,41.7029,166.8115,55.6038,202.7543,4.0000,,50.6886,35.5478,52.6635,65.8293,78.9952,78.9952,78.9952,52.6635,-52.6635,1.5,1.5,0.9625,3,3,1,2,0E-8,0.82272727,,0E-8,0.000000,1.000000,0.000000,,2026-03-22,2026-03-22,1,3,3,1,1.000000,,,0.000000,,,,,,,,GLOBAL_BASELINE_NO_ENTITY_RANKING,,,NOT_APPLICABLE_GLOBAL_BASELINE,HF9g-P5,,,,X 全窗基线 · 不参与实体赏罚,6875341,688,A168_HF9F_20260827_0900,2026-08-27 09:00:00
2026-03-27,147329537,-1,1,950.0000000000,239.0000000000,239.0000000000,0.6153846,29,27,0.49903787037037037,0.499203366667,1.1865108430338824,1.1848224124854079,1.1865108430338824,-0.00016549629662963,SENTINEL_DEALER,R03b_20260811_FULL_v1,L1_ELIGIBILITY,v2026-08-11,2026-03-21..2026-08-06,baccarat_bet02_101_all_pairs_incl_sentinel,round_win = game_pnl > 0 (decisive only),COMPATIBILITY_ONLY_NOT_PRODUCTION,11640.0000,10556.0000,168.5500,283,279,-0.01448024,,-0.01448024,-0.01448024,-168.5500,11640.0000,OK,0.0000,6.7420,4.0000,96.0000,AG03-UNRESOLVED,ALL5_LEVELS_bet23_to_bet27,6.7420,6.7420,6.7420,6.7420,6.7420,4.000000,4.000000,4.000000,4.000000,4.000000,96.000000,96.000000,96.000000,96.000000,96.000000,5.0,33.7100,31.1189,134.8400,137.4311,PENDING_AG03,FALSE,NOT_FOR_ENFORCEMENT,161.8080,10133.7600,168.5500,161.8080,6.7420,0.01448024,0.01390103,6.7420,161.8080,0.01390103,6.7420,6.7420,6.7420,6.7420,6.7420,161.8080,0.01390103,33.7100,31.1189,134.8400,137.4311,0.01158419,0.01180679,0.00057921,41.1307,37.8351,0.6041,84.2750,8.0262,5820.0000,139.5000,,41.1307,20.0,40.0,50.0,60.0,80.0,102.6801,40.0,0.0,2.0,2.567001,1.028269,10,18,1,4,0E-8,0.01448024,,0E-8,0.000000,0.906873,0.000000,,2026-03-27,2026-03-28,2,21,15,2,1.000000,,,0.000000,,,,,,,,GLOBAL_BASELINE_NO_ENTITY_RANKING,,,NOT_APPLICABLE_GLOBAL_BASELINE,HF9g-P5,,,,X 全窗基线 · 不参与实体赏罚,6875342,688,A168_HF9F_20260827_0900,2026-08-27 09:00:00
2026-03-27,147329537,1299,0,902.0000000000,-88.0000000000,-88.0000000000,0.4375000,16,16,0.49994810000000000,0.499948100000,-0.49958480269137323,-0.49958480269137323,-0.49958480269137323,0E-17,ELIGIBLE,R03b_20260811_FULL_v1,L1_ELIGIBILITY,v2026-08-11,2026-03-21..2026-08-06,baccarat_bet02_101_all_pairs_incl_sentinel,round_win = game_pnl > 0 (decisive only),COMPATIBILITY_ONLY_NOT_PRODUCTION,11640.0000,10556.0000,168.5500,283,279,-0.01448024,,-0.01448024,-0.01448024,-168.5500,11640.0000,OK,0.0000,6.7420,4.0000,96.0000,AG03-UNRESOLVED,ALL5_LEVELS_bet23_to_bet27,6.7420,6.7420,6.7420,6.7420,6.7420,4.000000,4.000000,4.000000,4.000000,4.000000,96.000000,96.000000,96.000000,96.000000,96.000000,5.0,33.7100,31.1189,134.8400,137.4311,PENDING_AG03,FALSE,NOT_FOR_ENFORCEMENT,161.8080,10133.7600,168.5500,161.8080,6.7420,0.01448024,0.01390103,6.7420,161.8080,0.01390103,6.7420,6.7420,6.7420,6.7420,6.7420,161.8080,0.01390103,33.7100,31.1189,134.8400,137.4311,0.01158419,0.01180679,0.00057921,41.1307,37.8351,0.6041,84.2750,8.0262,5820.0000,139.5000,,41.1307,20.0,40.0,50.0,60.0,80.0,102.6801,40.0,0.0,2.0,2.567001,1.028269,10,18,1,4,0E-8,0.01448024,,0E-8,0.000000,0.906873,0.000000,,2026-03-27,2026-03-28,2,21,15,2,1.000000,,,0.000000,,,,,,,,GLOBAL_BASELINE_NO_ENTITY_RANKING,,,NOT_APPLICABLE_GLOBAL_BASELINE,HF9g-P5,,,,X 全窗基线 · 不参与实体赏罚,6875343,688,A168_HF9F_20260827_0900,2026-08-27 09:00:00
2026-03-27,147329537,1306,0,20.0000000000,-20.0000000000,-20.0000000000,0E-7,1,1,0.50665070000000000,0.506650700000,-1.013391052207602,-1.013391052207602,-1.013391052207602,0E-17,ELIGIBLE,R03b_20260811_FULL_v1,L1_ELIGIBILITY,v2026-08-11,2026-03-21..2026-08-06,baccarat_bet02_101_all_pairs_incl_sentinel,round_win = game_pnl > 0 (decisive only),COMPATIBILITY_ONLY_NOT_PRODUCTION,11640.0000,10556.0000,168.5500,283,279,-0.01448024,,-0.01448024,-0.01448024,-168.5500,11640.0000,OK,0.0000,6.7420,4.0000,96.0000,AG03-UNRESOLVED,ALL5_LEVELS_bet23_to_bet27,6.7420,6.7420,6.7420,6.7420,6.7420,4.000000,4.000000,4.000000,4.000000,4.000000,96.000000,96.000000,96.000000,96.000000,96.000000,5.0,33.7100,31.1189,134.8400,137.4311,PENDING_AG03,FALSE,NOT_FOR_ENFORCEMENT,161.8080,10133.7600,168.5500,161.8080,6.7420,0.01448024,0.01390103,6.7420,161.8080,0.01390103,6.7420,6.7420,6.7420,6.7420,6.7420,161.8080,0.01390103,33.7100,31.1189,134.8400,137.4311,0.01158419,0.01180679,0.00057921,41.1307,37.8351,0.6041,84.2750,8.0262,5820.0000,139.5000,,41.1307,20.0,40.0,50.0,60.0,80.0,102.6801,40.0,0.0,2.0,2.567001,1.028269,10,18,1,4,0E-8,0.01448024,,0E-8,0.000000,0.906873,0.000000,,2026-03-27,2026-03-28,2,21,15,2,1.000000,,,0.000000,,,,,,,,GLOBAL_BASELINE_NO_ENTITY_RANKING,,,NOT_APPLICABLE_GLOBAL_BASELINE,HF9g-P5,,,,X 全窗基线 · 不参与实体赏罚,6875344,688,A168_HF9F_20260827_0900,2026-08-27 09:00:00
2026-03-27,147329537,1323,0,580.0000000000,35.0000000000,35.0000000000,0.5714286,16,16,0.49827245000000000,0.498272450000,0.5474535519441596,0.5474535519441596,0.5474535519441596,0E-17,ELIGIBLE,R03b_20260811_FULL_v1,L1_ELIGIBILITY,v2026-08-11,2026-03-21..2026-08-06,baccarat_bet02_101_all_pairs_incl_sentinel,round_win = game_pnl > 0 (decisive only),COMPATIBILITY_ONLY_NOT_PRODUCTION,11640.0000,10556.0000,168.5500,283,279,-0.01448024,,-0.01448024,-0.01448024,-168.5500,11640.0000,OK,0.0000,6.7420,4.0000,96.0000,AG03-UNRESOLVED,ALL5_LEVELS_bet23_to_bet27,6.7420,6.7420,6.7420,6.7420,6.7420,4.000000,4.000000,4.000000,4.000000,4.000000,96.000000,96.000000,96.000000,96.000000,96.000000,5.0,33.7100,31.1189,134.8400,137.4311,PENDING_AG03,FALSE,NOT_FOR_ENFORCEMENT,161.8080,10133.7600,168.5500,161.8080,6.7420,0.01448024,0.01390103,6.7420,161.8080,0.01390103,6.7420,6.7420,6.7420,6.7420,6.7420,161.8080,0.01390103,33.7100,31.1189,134.8400,137.4311,0.01158419,0.01180679,0.00057921,41.1307,37.8351,0.6041,84.2750,8.0262,5820.0000,139.5000,,41.1307,20.0,40.0,50.0,60.0,80.0,102.6801,40.0,0.0,2.0,2.567001,1.028269,10,18,1,4,0E-8,0.01448024,,0E-8,0.000000,0.906873,0.000000,,2026-03-27,2026-03-28,2,21,15,2,1.000000,,,0.000000,,,,,,,,GLOBAL_BASELINE_NO_ENTITY_RANKING,,,NOT_APPLICABLE_GLOBAL_BASELINE,HF9g-P5,,,,X 全窗基线 · 不参与实体赏罚,6875345,688,A168_HF9F_20260827_0900,2026-08-27 09:00:00
2026-03-27,147329537,1363,0,430.0000000000,123.0000000000,123.0000000000,0.6363636,12,12,0.49994810000000000,0.499948100000,0.9048783042613083,0.9048783042613083,0.9048783042613083,0E-17,ELIGIBLE,R03b_20260811_FULL_v1,L1_ELIGIBILITY,v2026-08-11,2026-03-21..2026-08-06,baccarat_bet02_101_all_pairs_incl_sentinel,round_win = game_pnl > 0 (decisive only),COMPATIBILITY_ONLY_NOT_PRODUCTION,11640.0000,10556.0000,168.5500,283,279,-0.01448024,,-0.01448024,-0.01448024,-168.5500,11640.0000,OK,0.0000,6.7420,4.0000,96.0000,AG03-UNRESOLVED,ALL5_LEVELS_bet23_to_bet27,6.7420,6.7420,6.7420,6.7420,6.7420,4.000000,4.000000,4.000000,4.000000,4.000000,96.000000,96.000000,96.000000,96.000000,96.000000,5.0,33.7100,31.1189,134.8400,137.4311,PENDING_AG03,FALSE,NOT_FOR_ENFORCEMENT,161.8080,10133.7600,168.5500,161.8080,6.7420,0.01448024,0.01390103,6.7420,161.8080,0.01390103,6.7420,6.7420,6.7420,6.7420,6.7420,161.8080,0.01390103,33.7100,31.1189,134.8400,137.4311,0.01158419,0.01180679,0.00057921,41.1307,37.8351,0.6041,84.2750,8.0262,5820.0000,139.5000,,41.1307,20.0,40.0,50.0,60.0,80.0,102.6801,40.0,0.0,2.0,2.567001,1.028269,10,18,1,4,0E-8,0.01448024,,0E-8,0.000000,0.906873,0.000000,,2026-03-27,2026-03-28,2,21,15,2,1.000000,,,0.000000,,,,,,,,GLOBAL_BASELINE_NO_ENTITY_RANKING,,,NOT_APPLICABLE_GLOBAL_BASELINE,HF9g-P5,,,,X 全窗基线 · 不参与实体赏罚,6875346,688,A168_HF9F_20260827_0900,2026-08-27 09:00:00
2026-03-27,147329537,1750,0,550.0000000000,-37.0000000000,-37.0000000000,0.5000000,12,12,0.50218230000000000,0.502182300000,-0.015119561921926148,-0.015119561921926152,-0.015119561921926148,0E-17,ELIGIBLE,R03b_20260811_FULL_v1,L1_ELIGIBILITY,v2026-08-11,2026-03-21..2026-08-06,baccarat_bet02_101_all_pairs_incl_sentinel,round_win = game_pnl > 0 (decisive only),COMPATIBILITY_ONLY_NOT_PRODUCTION,11640.0000,10556.0000,168.5500,283,279,-0.01448024,,-0.01448024,-0.01448024,-168.5500,11640.0000,OK,0.0000,6.7420,4.0000,96.0000,AG03-UNRESOLVED,ALL5_LEVELS_bet23_to_bet27,6.7420,6.7420,6.7420,6.7420,6.7420,4.000000,4.000000,4.000000,4.000000,4.000000,96.000000,96.000000,96.000000,96.000000,96.000000,5.0,33.7100,31.1189,134.8400,137.4311,PENDING_AG03,FALSE,NOT_FOR_ENFORCEMENT,161.8080,10133.7600,168.5500,161.8080,6.7420,0.01448024,0.01390103,6.7420,161.8080,0.01390103,6.7420,6.7420,6.7420,6.7420,6.7420,161.8080,0.01390103,33.7100,31.1189,134.8400,137.4311,0.01158419,0.01180679,0.00057921,41.1307,37.8351,0.6041,84.2750,8.0262,5820.0000,139.5000,,41.1307,20.0,40.0,50.0,60.0,80.0,102.6801,40.0,0.0,2.0,2.567001,1.028269,10,18,1,4,0E-8,0.01448024,,0E-8,0.000000,0.906873,0.000000,,2026-03-27,2026-03-28,2,21,15,2,1.000000,,,0.000000,,,,,,,,GLOBAL_BASELINE_NO_ENTITY_RANKING,,,NOT_APPLICABLE_GLOBAL_BASELINE,HF9g-P5,,,,X 全窗基线 · 不参与实体赏罚,6875347,688,A168_HF9F_20260827_0900,2026-08-27 09:00:00
2026-03-27,147329537,2153,0,630.0000000000,10.0000000000,10.0000000000,0.4666667,16,16,0.49827245000000000,0.498272450000,-0.24481880628073263,-0.24481880628073266,-0.24481880628073263,0E-17,ELIGIBLE,R03b_20260811_FULL_v1,L1_ELIGIBILITY,v2026-08-11,2026-03-21..2026-08-06,baccarat_bet02_101_all_pairs_incl_sentinel,round_win = game_pnl > 0 (decisive only),COMPATIBILITY_ONLY_NOT_PRODUCTION,11640.0000,10556.0000,168.5500,283,279,-0.01448024,,-0.01448024,-0.01448024,-168.5500,11640.0000,OK,0.0000,6.7420,4.0000,96.0000,AG03-UNRESOLVED,ALL5_LEVELS_bet23_to_bet27,6.7420,6.7420,6.7420,6.7420,6.7420,4.000000,4.000000,4.000000,4.000000,4.000000,96.000000,96.000000,96.000000,96.000000,96.000000,5.0,33.7100,31.1189,134.8400,137.4311,PENDING_AG03,FALSE,NOT_FOR_ENFORCEMENT,161.8080,10133.7600,168.5500,161.8080,6.7420,0.01448024,0.01390103,6.7420,161.8080,0.01390103,6.7420,6.7420,6.7420,6.7420,6.7420,161.8080,0.01390103,33.7100,31.1189,134.8400,137.4311,0.01158419,0.01180679,0.00057921,41.1307,37.8351,0.6041,84.2750,8.0262,5820.0000,139.5000,,41.1307,20.0,40.0,50.0,60.0,80.0,102.6801,40.0,0.0,2.0,2.567001,1.028269,10,18,1,4,0E-8,0.01448024,,0E-8,0.000000,0.906873,0.000000,,2026-03-27,2026-03-28,2,21,15,2,1.000000,,,0.000000,,,,,,,,GLOBAL_BASELINE_NO_ENTITY_RANKING,,,NOT_APPLICABLE_GLOBAL_BASELINE,HF9g-P5,,,,X 全窗基线 · 不参与实体赏罚,6875348,688,A168_HF9F_20260827_0900,2026-08-27 09:00:00
2026-03-27,147329537,2160,0,20.0000000000,-20.0000000000,-20.0000000000,0E-7,1,1,0.50665070000000000,0.506650700000,-1.013391052207602,-1.013391052207602,-1.013391052207602,0E-17,ELIGIBLE,R03b_20260811_FULL_v1,L1_ELIGIBILITY,v2026-08-11,2026-03-21..2026-08-06,baccarat_bet02_101_all_pairs_incl_sentinel,round_win = game_pnl > 0 (decisive only),COMPATIBILITY_ONLY_NOT_PRODUCTION,11640.0000,10556.0000,168.5500,283,279,-0.01448024,,-0.01448024,-0.01448024,-168.5500,11640.0000,OK,0.0000,6.7420,4.0000,96.0000,AG03-UNRESOLVED,ALL5_LEVELS_bet23_to_bet27,6.7420,6.7420,6.7420,6.7420,6.7420,4.000000,4.000000,4.000000,4.000000,4.000000,96.000000,96.000000,96.000000,96.000000,96.000000,5.0,33.7100,31.1189,134.8400,137.4311,PENDING_AG03,FALSE,NOT_FOR_ENFORCEMENT,161.8080,10133.7600,168.5500,161.8080,6.7420,0.01448024,0.01390103,6.7420,161.8080,0.01390103,6.7420,6.7420,6.7420,6.7420,6.7420,161.8080,0.01390103,33.7100,31.1189,134.8400,137.4311,0.01158419,0.01180679,0.00057921,41.1307,37.8351,0.6041,84.2750,8.0262,5820.0000,139.5000,,41.1307,20.0,40.0,50.0,60.0,80.0,102.6801,40.0,0.0,2.0,2.567001,1.028269,10,18,1,4,0E-8,0.01448024,,0E-8,0.000000,0.906873,0.000000,,2026-03-27,2026-03-28,2,21,15,2,1.000000,,,0.000000,,,,,,,,GLOBAL_BASELINE_NO_ENTITY_RANKING,,,NOT_APPLICABLE_GLOBAL_BASELINE,HF9g-P5,,,,X 全窗基线 · 不参与实体赏罚,6875349,688,A168_HF9F_20260827_0900,2026-08-27 09:00:00
2026-03-27,147329537,2169,0,20.0000000000,-20.0000000000,-20.0000000000,0E-7,1,1,0.49324550000000000,0.493245500000,-0.9865810262130424,-0.9865810262130424,-0.9865810262130424,0E-17,ELIGIBLE,R03b_20260811_FULL_v1,L1_ELIGIBILITY,v2026-08-11,2026-03-21..2026-08-06,baccarat_bet02_101_all_pairs_incl_sentinel,round_win = game_pnl > 0 (decisive only),COMPATIBILITY_ONLY_NOT_PRODUCTION,11640.0000,10556.0000,168.5500,283,279,-0.01448024,,-0.01448024,-0.01448024,-168.5500,11640.0000,OK,0.0000,6.7420,4.0000,96.0000,AG03-UNRESOLVED,ALL5_LEVELS_bet23_to_bet27,6.7420,6.7420,6.7420,6.7420,6.7420,4.000000,4.000000,4.000000,4.000000,4.000000,96.000000,96.000000,96.000000,96.000000,96.000000,5.0,33.7100,31.1189,134.8400,137.4311,PENDING_AG03,FALSE,NOT_FOR_ENFORCEMENT,161.8080,10133.7600,168.5500,161.8080,6.7420,0.01448024,0.01390103,6.7420,161.8080,0.01390103,6.7420,6.7420,6.7420,6.7420,6.7420,161.8080,0.01390103,33.7100,31.1189,134.8400,137.4311,0.01158419,0.01180679,0.00057921,41.1307,37.8351,0.6041,84.2750,8.0262,5820.0000,139.5000,,41.1307,20.0,40.0,50.0,60.0,80.0,102.6801,40.0,0.0,2.0,2.567001,1.028269,10,18,1,4,0E-8,0.01448024,,0E-8,0.000000,0.906873,0.000000,,2026-03-27,2026-03-28,2,21,15,2,1.000000,,,0.000000,,,,,,,,GLOBAL_BASELINE_NO_ENTITY_RANKING,,,NOT_APPLICABLE_GLOBAL_BASELINE,HF9g-P5,,,,X 全窗基线 · 不参与实体赏罚,6875350,688,A168_HF9F_20260827_0900,2026-08-27 09:00:00
2026-03-27,147329537,2202,0,540.0000000000,-52.5000000000,-52.5000000000,0.4444444,12,12,0.49994810000000000,0.499948100000,-0.33302193512739575,-0.33302193512739575,-0.33302193512739575,0E-17,ELIGIBLE,R03b_20260811_FULL_v1,L1_ELIGIBILITY,v2026-08-11,2026-03-21..2026-08-06,baccarat_bet02_101_all_pairs_incl_sentinel,round_win = game_pnl > 0 (decisive only),COMPATIBILITY_ONLY_NOT_PRODUCTION,11640.0000,10556.0000,168.5500,283,279,-0.01448024,,-0.01448024,-0.01448024,-168.5500,11640.0000,OK,0.0000,6.7420,4.0000,96.0000,AG03-UNRESOLVED,ALL5_LEVELS_bet23_to_bet27,6.7420,6.7420,6.7420,6.7420,6.7420,4.000000,4.000000,4.000000,4.000000,4.000000,96.000000,96.000000,96.000000,96.000000,96.000000,5.0,33.7100,31.1189,134.8400,137.4311,PENDING_AG03,FALSE,NOT_FOR_ENFORCEMENT,161.8080,10133.7600,168.5500,161.8080,6.7420,0.01448024,0.01390103,6.7420,161.8080,0.01390103,6.7420,6.7420,6.7420,6.7420,6.7420,161.8080,0.01390103,33.7100,31.1189,134.8400,137.4311,0.01158419,0.01180679,0.00057921,41.1307,37.8351,0.6041,84.2750,8.0262,5820.0000,139.5000,,41.1307,20.0,40.0,50.0,60.0,80.0,102.6801,40.0,0.0,2.0,2.567001,1.028269,10,18,1,4,0E-8,0.01448024,,0E-8,0.000000,0.906873,0.000000,,2026-03-27,2026-03-28,2,21,15,2,1.000000,,,0.000000,,,,,,,,GLOBAL_BASELINE_NO_ENTITY_RANKING,,,NOT_APPLICABLE_GLOBAL_BASELINE,HF9g-P5,,,,X 全窗基线 · 不参与实体赏罚,6875351,688,A168_HF9F_20260827_0900,2026-08-27 09:00:00
2026-03-27,147329537,2252,0,120.0000000000,56.0000000000,56.0000000000,0.6666667,4,4,0.49994810000000000,0.499948100000,0.5775300591747329,0.5775300591747329,0.5775300591747329,0E-17,ELIGIBLE,R03b_20260811_FULL_v1,L1_ELIGIBILITY,v2026-08-11,2026-03-21..2026-08-06,baccarat_bet02_101_all_pairs_incl_sentinel,round_win = game_pnl > 0 (decisive only),COMPATIBILITY_ONLY_NOT_PRODUCTION,11640.0000,10556.0000,168.5500,283,279,-0.01448024,,-0.01448024,-0.01448024,-168.5500,11640.0000,OK,0.0000,6.7420,4.0000,96.0000,AG03-UNRESOLVED,ALL5_LEVELS_bet23_to_bet27,6.7420,6.7420,6.7420,6.7420,6.7420,4.000000,4.000000,4.000000,4.000000,4.000000,96.000000,96.000000,96.000000,96.000000,96.000000,5.0,33.7100,31.1189,134.8400,137.4311,PENDING_AG03,FALSE,NOT_FOR_ENFORCEMENT,161.8080,10133.7600,168.5500,161.8080,6.7420,0.01448024,0.01390103,6.7420,161.8080,0.01390103,6.7420,6.7420,6.7420,6.7420,6.7420,161.8080,0.01390103,33.7100,31.1189,134.8400,137.4311,0.01158419,0.01180679,0.00057921,41.1307,37.8351,0.6041,84.2750,8.0262,5820.0000,139.5000,,41.1307,20.0,40.0,50.0,60.0,80.0,102.6801,40.0,0.0,2.0,2.567001,1.028269,10,18,1,4,0E-8,0.01448024,,0E-8,0.000000,0.906873,0.000000,,2026-03-27,2026-03-28,2,21,15,2,1.000000,,,0.000000,,,,,,,,GLOBAL_BASELINE_NO_ENTITY_RANKING,,,NOT_APPLICABLE_GLOBAL_BASELINE,HF9g-P5,,,,X 全窗基线 · 不参与实体赏罚,6875352,688,A168_HF9F_20260827_0900,2026-08-27 09:00:00
2026-03-27,147329537,789,0,1250.0000000000,8.0000000000,8.0000000000,0.4800000,26,26,0.50149485384615385,0.501494853846,-0.21494949911083697,-0.21494949910929828,-0.21494949911083697,1.5385E-13,ELIGIBLE,R03b_20260811_FULL_v1,L1_ELIGIBILITY,v2026-08-11,2026-03-21..2026-08-06,baccarat_bet02_101_all_pairs_incl_sentinel,round_win = game_pnl > 0 (decisive only),COMPATIBILITY_ONLY_NOT_PRODUCTION,11640.0000,10556.0000,168.5500,283,279,-0.01448024,,-0.01448024,-0.01448024,-168.5500,11640.0000,OK,0.0000,6.7420,4.0000,96.0000,AG03-UNRESOLVED,ALL5_LEVELS_bet23_to_bet27,6.7420,6.7420,6.7420,6.7420,6.7420,4.000000,4.000000,4.000000,4.000000,4.000000,96.000000,96.000000,96.000000,96.000000,96.000000,5.0,33.7100,31.1189,134.8400,137.4311,PENDING_AG03,FALSE,NOT_FOR_ENFORCEMENT,161.8080,10133.7600,168.5500,161.8080,6.7420,0.01448024,0.01390103,6.7420,161.8080,0.01390103,6.7420,6.7420,6.7420,6.7420,6.7420,161.8080,0.01390103,33.7100,31.1189,134.8400,137.4311,0.01158419,0.01180679,0.00057921,41.1307,37.8351,0.6041,84.2750,8.0262,5820.0000,139.5000,,41.1307,20.0,40.0,50.0,60.0,80.0,102.6801,40.0,0.0,2.0,2.567001,1.028269,10,18,1,4,0E-8,0.01448024,,0E-8,0.000000,0.906873,0.000000,,2026-03-27,2026-03-28,2,21,15,2,1.000000,,,0.000000,,,,,,,,GLOBAL_BASELINE_NO_ENTITY_RANKING,,,NOT_APPLICABLE_GLOBAL_BASELINE,HF9g-P5,,,,X 全窗基线 · 不参与实体赏罚,6875353,688,A168_HF9F_20260827_0900,2026-08-27 09:00:00
2026-03-28,147329537,-1,1,440.0000000000,-201.0000000000,-201.0000000000,0.2500000,9,9,0.50218230000000000,0.502182300000,-1.426572103375426,-1.426572103375426,-1.426572103375426,0E-17,SENTINEL_DEALER,R03b_20260811_FULL_v1,L1_ELIGIBILITY,v2026-08-11,2026-03-21..2026-08-06,baccarat_bet02_101_all_pairs_incl_sentinel,round_win = game_pnl > 0 (decisive only),COMPATIBILITY_ONLY_NOT_PRODUCTION,11640.0000,10556.0000,168.5500,283,279,-0.01448024,,-0.01448024,-0.01448024,-168.5500,11640.0000,OK,0.0000,6.7420,4.0000,96.0000,AG03-UNRESOLVED,ALL5_LEVELS_bet23_to_bet27,6.7420,6.7420,6.7420,6.7420,6.7420,4.000000,4.000000,4.000000,4.000000,4.000000,96.000000,96.000000,96.000000,96.000000,96.000000,5.0,33.7100,31.1189,134.8400,137.4311,PENDING_AG03,FALSE,NOT_FOR_ENFORCEMENT,161.8080,10133.7600,168.5500,161.8080,6.7420,0.01448024,0.01390103,6.7420,161.8080,0.01390103,6.7420,6.7420,6.7420,6.7420,6.7420,161.8080,0.01390103,33.7100,31.1189,134.8400,137.4311,0.01158419,0.01180679,0.00057921,41.1307,37.8351,0.6041,84.2750,8.0262,5820.0000,139.5000,,41.1307,20.0,40.0,50.0,60.0,80.0,102.6801,40.0,0.0,2.0,2.567001,1.028269,10,18,1,4,0E-8,0.01448024,,0E-8,0.000000,0.906873,0.000000,,2026-03-27,2026-03-28,2,21,15,2,1.000000,,,0.000000,,,,,,,,GLOBAL_BASELINE_NO_ENTITY_RANKING,,,NOT_APPLICABLE_GLOBAL_BASELINE,HF9g-P5,,,,X 全窗基线 · 不参与实体赏罚,6875354,688,A168_HF9F_20260827_0900,2026-08-27 09:00:00
2026-03-28,147329537,1094,0,1190.0000000000,155.0000000000,155.0000000000,0.5909091,25,24,0.49957573333333333,0.499668825000,0.8567831479876101,0.8559097500480044,0.8567831479876101,-0.00009309166666667,ELIGIBLE,R03b_20260811_FULL_v1,L1_ELIGIBILITY,v2026-08-11,2026-03-21..2026-08-06,baccarat_bet02_101_all_pairs_incl_sentinel,round_win = game_pnl > 0 (decisive only),COMPATIBILITY_ONLY_NOT_PRODUCTION,11640.0000,10556.0000,168.5500,283,279,-0.01448024,,-0.01448024,-0.01448024,-168.5500,11640.0000,OK,0.0000,6.7420,4.0000,96.0000,AG03-UNRESOLVED,ALL5_LEVELS_bet23_to_bet27,6.7420,6.7420,6.7420,6.7420,6.7420,4.000000,4.000000,4.000000,4.000000,4.000000,96.000000,96.000000,96.000000,96.000000,96.000000,5.0,33.7100,31.1189,134.8400,137.4311,PENDING_AG03,FALSE,NOT_FOR_ENFORCEMENT,161.8080,10133.7600,168.5500,161.8080,6.7420,0.01448024,0.01390103,6.7420,161.8080,0.01390103,6.7420,6.7420,6.7420,6.7420,6.7420,161.8080,0.01390103,33.7100,31.1189,134.8400,137.4311,0.01158419,0.01180679,0.00057921,41.1307,37.8351,0.6041,84.2750,8.0262,5820.0000,139.5000,,41.1307,20.0,40.0,50.0,60.0,80.0,102.6801,40.0,0.0,2.0,2.567001,1.028269,10,18,1,4,0E-8,0.01448024,,0E-8,0.000000,0.906873,0.000000,,2026-03-27,2026-03-28,2,21,15,2,1.000000,,,0.000000,,,,,,,,GLOBAL_BASELINE_NO_ENTITY_RANKING,,,NOT_APPLICABLE_GLOBAL_BASELINE,HF9g-P5,,,,X 全窗基线 · 不参与实体赏罚,6875355,688,A168_HF9F_20260827_0900,2026-08-27 09:00:00
2026-03-28,147329537,1299,0,690.0000000000,52.0000000000,52.0000000000,0.5555556,18,18,0.50367176666666667,0.503671766667,0.4402604187117261,0.4402604187088997,0.4402604187117261,-3.3333E-13,ELIGIBLE,R03b_20260811_FULL_v1,L1_ELIGIBILITY,v2026-08-11,2026-03-21..2026-08-06,baccarat_bet02_101_all_pairs_incl_sentinel,round_win = game_pnl > 0 (decisive only),COMPATIBILITY_ONLY_NOT_PRODUCTION,11640.0000,10556.0000,168.5500,283,279,-0.01448024,,-0.01448024,-0.01448024,-168.5500,11640.0000,OK,0.0000,6.7420,4.0000,96.0000,AG03-UNRESOLVED,ALL5_LEVELS_bet23_to_bet27,6.7420,6.7420,6.7420,6.7420,6.7420,4.000000,4.000000,4.000000,4.000000,4.000000,96.000000,96.000000,96.000000,96.000000,96.000000,5.0,33.7100,31.1189,134.8400,137.4311,PENDING_AG03,FALSE,NOT_FOR_ENFORCEMENT,161.8080,10133.7600,168.5500,161.8080,6.7420,0.01448024,0.01390103,6.7420,161.8080,0.01390103,6.7420,6.7420,6.7420,6.7420,6.7420,161.8080,0.01390103,33.7100,31.1189,134.8400,137.4311,0.01158419,0.01180679,0.00057921,41.1307,37.8351,0.6041,84.2750,8.0262,5820.0000,139.5000,,41.1307,20.0,40.0,50.0,60.0,80.0,102.6801,40.0,0.0,2.0,2.567001,1.028269,10,18,1,4,0E-8,0.01448024,,0E-8,0.000000,0.906873,0.000000,,2026-03-27,2026-03-28,2,21,15,2,1.000000,,,0.000000,,,,,,,,GLOBAL_BASELINE_NO_ENTITY_RANKING,,,NOT_APPLICABLE_GLOBAL_BASELINE,HF9g-P5,,,,X 全窗基线 · 不参与实体赏罚,6875356,688,A168_HF9F_20260827_0900,2026-08-27 09:00:00
2026-03-28,147329537,1323,0,477.0000000000,-159.0000000000,-159.0000000000,0.2727273,13,12,0.46278361666666667,0.462783616667,-1.2641980058052442,-1.2641980058073983,-1.2641980058052442,-3.3333E-13,ELIGIBLE,R03b_20260811_FULL_v1,L1_ELIGIBILITY,v2026-08-11,2026-03-21..2026-08-06,baccarat_bet02_101_all_pairs_incl_sentinel,round_win = game_pnl > 0 (decisive only),COMPATIBILITY_ONLY_NOT_PRODUCTION,11640.0000,10556.0000,168.5500,283,279,-0.01448024,,-0.01448024,-0.01448024,-168.5500,11640.0000,OK,0.0000,6.7420,4.0000,96.0000,AG03-UNRESOLVED,ALL5_LEVELS_bet23_to_bet27,6.7420,6.7420,6.7420,6.7420,6.7420,4.000000,4.000000,4.000000,4.000000,4.000000,96.000000,96.000000,96.000000,96.000000,96.000000,5.0,33.7100,31.1189,134.8400,137.4311,PENDING_AG03,FALSE,NOT_FOR_ENFORCEMENT,161.8080,10133.7600,168.5500,161.8080,6.7420,0.01448024,0.01390103,6.7420,161.8080,0.01390103,6.7420,6.7420,6.7420,6.7420,6.7420,161.8080,0.01390103,33.7100,31.1189,134.8400,137.4311,0.01158419,0.01180679,0.00057921,41.1307,37.8351,0.6041,84.2750,8.0262,5820.0000,139.5000,,41.1307,20.0,40.0,50.0,60.0,80.0,102.6801,40.0,0.0,2.0,2.567001,1.028269,10,18,1,4,0E-8,0.01448024,,0E-8,0.000000,0.906873,0.000000,,2026-03-27,2026-03-28,2,21,15,2,1.000000,,,0.000000,,,,,,,,GLOBAL_BASELINE_NO_ENTITY_RANKING,,,NOT_APPLICABLE_GLOBAL_BASELINE,HF9g-P5,,,,X 全窗基线 · 不参与实体赏罚,6875357,688,A168_HF9F_20260827_0900,2026-08-27 09:00:00
2026-03-28,147329537,1325,0,60.0000000000,0E-10,0E-10,0.5000000,3,3,0.50218230000000000,0.502182300000,-0.00617253530718887,-0.00617253530718887,-0.00617253530718887,0E-17,ELIGIBLE,R03b_20260811_FULL_v1,L1_ELIGIBILITY,v2026-08-11,2026-03-21..2026-08-06,baccarat_bet02_101_all_pairs_incl_sentinel,round_win = game_pnl > 0 (decisive only),COMPATIBILITY_ONLY_NOT_PRODUCTION,11640.0000,10556.0000,168.5500,283,279,-0.01448024,,-0.01448024,-0.01448024,-168.5500,11640.0000,OK,0.0000,6.7420,4.0000,96.0000,AG03-UNRESOLVED,ALL5_LEVELS_bet23_to_bet27,6.7420,6.7420,6.7420,6.7420,6.7420,4.000000,4.000000,4.000000,4.000000,4.000000,96.000000,96.000000,96.000000,96.000000,96.000000,5.0,33.7100,31.1189,134.8400,137.4311,PENDING_AG03,FALSE,NOT_FOR_ENFORCEMENT,161.8080,10133.7600,168.5500,161.8080,6.7420,0.01448024,0.01390103,6.7420,161.8080,0.01390103,6.7420,6.7420,6.7420,6.7420,6.7420,161.8080,0.01390103,33.7100,31.1189,134.8400,137.4311,0.01158419,0.01180679,0.00057921,41.1307,37.8351,0.6041,84.2750,8.0262,5820.0000,139.5000,,41.1307,20.0,40.0,50.0,60.0,80.0,102.6801,40.0,0.0,2.0,2.567001,1.028269,10,18,1,4,0E-8,0.01448024,,0E-8,0.000000,0.906873,0.000000,,2026-03-27,2026-03-28,2,21,15,2,1.000000,,,0.000000,,,,,,,,GLOBAL_BASELINE_NO_ENTITY_RANKING,,,NOT_APPLICABLE_GLOBAL_BASELINE,HF9g-P5,,,,X 全窗基线 · 不参与实体赏罚,6875358,688,A168_HF9F_20260827_0900,2026-08-27 09:00:00
2026-03-28,147329537,1331,0,49.0000000000,48.5500000000,48.5500000000,1.0000000,2,2,0.49994810000000000,0.499948100000,1.4143603653603398,1.4143603653603398,1.4143603653603398,0E-17,ELIGIBLE,R03b_20260811_FULL_v1,L1_ELIGIBILITY,v2026-08-11,2026-03-21..2026-08-06,baccarat_bet02_101_all_pairs_incl_sentinel,round_win = game_pnl > 0 (decisive only),COMPATIBILITY_ONLY_NOT_PRODUCTION,11640.0000,10556.0000,168.5500,283,279,-0.01448024,,-0.01448024,-0.01448024,-168.5500,11640.0000,OK,0.0000,6.7420,4.0000,96.0000,AG03-UNRESOLVED,ALL5_LEVELS_bet23_to_bet27,6.7420,6.7420,6.7420,6.7420,6.7420,4.000000,4.000000,4.000000,4.000000,4.000000,96.000000,96.000000,96.000000,96.000000,96.000000,5.0,33.7100,31.1189,134.8400,137.4311,PENDING_AG03,FALSE,NOT_FOR_ENFORCEMENT,161.8080,10133.7600,168.5500,161.8080,6.7420,0.01448024,0.01390103,6.7420,161.8080,0.01390103,6.7420,6.7420,6.7420,6.7420,6.7420,161.8080,0.01390103,33.7100,31.1189,134.8400,137.4311,0.01158419,0.01180679,0.00057921,41.1307,37.8351,0.6041,84.2750,8.0262,5820.0000,139.5000,,41.1307,20.0,40.0,50.0,60.0,80.0,102.6801,40.0,0.0,2.0,2.567001,1.028269,10,18,1,4,0E-8,0.01448024,,0E-8,0.000000,0.906873,0.000000,,2026-03-27,2026-03-28,2,21,15,2,1.000000,,,0.000000,,,,,,,,GLOBAL_BASELINE_NO_ENTITY_RANKING,,,NOT_APPLICABLE_GLOBAL_BASELINE,HF9g-P5,,,,X 全窗基线 · 不参与实体赏罚,6875359,688,A168_HF9F_20260827_0900,2026-08-27 09:00:00
2026-03-28,147329537,1384,0,460.0000000000,114.0000000000,114.0000000000,0.7000000,12,12,0.49771390000000000,0.497713900000,1.2793830028141142,1.2793830028141142,1.2793830028141142,0E-17,ELIGIBLE,R03b_20260811_FULL_v1,L1_ELIGIBILITY,v2026-08-11,2026-03-21..2026-08-06,baccarat_bet02_101_all_pairs_incl_sentinel,round_win = game_pnl > 0 (decisive only),COMPATIBILITY_ONLY_NOT_PRODUCTION,11640.0000,10556.0000,168.5500,283,279,-0.01448024,,-0.01448024,-0.01448024,-168.5500,11640.0000,OK,0.0000,6.7420,4.0000,96.0000,AG03-UNRESOLVED,ALL5_LEVELS_bet23_to_bet27,6.7420,6.7420,6.7420,6.7420,6.7420,4.000000,4.000000,4.000000,4.000000,4.000000,96.000000,96.000000,96.000000,96.000000,96.000000,5.0,33.7100,31.1189,134.8400,137.4311,PENDING_AG03,FALSE,NOT_FOR_ENFORCEMENT,161.8080,10133.7600,168.5500,161.8080,6.7420,0.01448024,0.01390103,6.7420,161.8080,0.01390103,6.7420,6.7420,6.7420,6.7420,6.7420,161.8080,0.01390103,33.7100,31.1189,134.8400,137.4311,0.01158419,0.01180679,0.00057921,41.1307,37.8351,0.6041,84.2750,8.0262,5820.0000,139.5000,,41.1307,20.0,40.0,50.0,60.0,80.0,102.6801,40.0,0.0,2.0,2.567001,1.028269,10,18,1,4,0E-8,0.01448024,,0E-8,0.000000,0.906873,0.000000,,2026-03-27,2026-03-28,2,21,15,2,1.000000,,,0.000000,,,,,,,,GLOBAL_BASELINE_NO_ENTITY_RANKING,,,NOT_APPLICABLE_GLOBAL_BASELINE,HF9g-P5,,,,X 全窗基线 · 不参与实体赏罚,6875360,688,A168_HF9F_20260827_0900,2026-08-27 09:00:00
2026-03-28,147329537,1750,0,204.0000000000,-204.0000000000,-204.0000000000,0E-7,2,2,0.50665070000000000,0.506650700000,-1.4331513700195317,-1.4331513700195317,-1.4331513700195317,0E-17,ELIGIBLE,R03b_20260811_FULL_v1,L1_ELIGIBILITY,v2026-08-11,2026-03-21..2026-08-06,baccarat_bet02_101_all_pairs_incl_sentinel,round_win = game_pnl > 0 (decisive only),COMPATIBILITY_ONLY_NOT_PRODUCTION,11640.0000,10556.0000,168.5500,283,279,-0.01448024,,-0.01448024,-0.01448024,-168.5500,11640.0000,OK,0.0000,6.7420,4.0000,96.0000,AG03-UNRESOLVED,ALL5_LEVELS_bet23_to_bet27,6.7420,6.7420,6.7420,6.7420,6.7420,4.000000,4.000000,4.000000,4.000000,4.000000,96.000000,96.000000,96.000000,96.000000,96.000000,5.0,33.7100,31.1189,134.8400,137.4311,PENDING_AG03,FALSE,NOT_FOR_ENFORCEMENT,161.8080,10133.7600,168.5500,161.8080,6.7420,0.01448024,0.01390103,6.7420,161.8080,0.01390103,6.7420,6.7420,6.7420,6.7420,6.7420,161.8080,0.01390103,33.7100,31.1189,134.8400,137.4311,0.01158419,0.01180679,0.00057921,41.1307,37.8351,0.6041,84.2750,8.0262,5820.0000,139.5000,,41.1307,20.0,40.0,50.0,60.0,80.0,102.6801,40.0,0.0,2.0,2.567001,1.028269,10,18,1,4,0E-8,0.01448024,,0E-8,0.000000,0.906873,0.000000,,2026-03-27,2026-03-28,2,21,15,2,1.000000,,,0.000000,,,,,,,,GLOBAL_BASELINE_NO_ENTITY_RANKING,,,NOT_APPLICABLE_GLOBAL_BASELINE,HF9g-P5,,,,X 全窗基线 · 不参与实体赏罚,6875361,688,A168_HF9F_20260827_0900,2026-08-27 09:00:00
2026-03-28,147329537,2134,0,497.0000000000,-105.0000000000,-105.0000000000,0.4166667,12,12,0.50218230000000000,0.502182300000,-0.5924753303744056,-0.5924753303744057,-0.5924753303744056,0E-17,ELIGIBLE,R03b_20260811_FULL_v1,L1_ELIGIBILITY,v2026-08-11,2026-03-21..2026-08-06,baccarat_bet02_101_all_pairs_incl_sentinel,round_win = game_pnl > 0 (decisive only),COMPATIBILITY_ONLY_NOT_PRODUCTION,11640.0000,10556.0000,168.5500,283,279,-0.01448024,,-0.01448024,-0.01448024,-168.5500,11640.0000,OK,0.0000,6.7420,4.0000,96.0000,AG03-UNRESOLVED,ALL5_LEVELS_bet23_to_bet27,6.7420,6.7420,6.7420,6.7420,6.7420,4.000000,4.000000,4.000000,4.000000,4.000000,96.000000,96.000000,96.000000,96.000000,96.000000,5.0,33.7100,31.1189,134.8400,137.4311,PENDING_AG03,FALSE,NOT_FOR_ENFORCEMENT,161.8080,10133.7600,168.5500,161.8080,6.7420,0.01448024,0.01390103,6.7420,161.8080,0.01390103,6.7420,6.7420,6.7420,6.7420,6.7420,161.8080,0.01390103,33.7100,31.1189,134.8400,137.4311,0.01158419,0.01180679,0.00057921,41.1307,37.8351,0.6041,84.2750,8.0262,5820.0000,139.5000,,41.1307,20.0,40.0,50.0,60.0,80.0,102.6801,40.0,0.0,2.0,2.567001,1.028269,10,18,1,4,0E-8,0.01448024,,0E-8,0.000000,0.906873,0.000000,,2026-03-27,2026-03-28,2,21,15,2,1.000000,,,0.000000,,,,,,,,GLOBAL_BASELINE_NO_ENTITY_RANKING,,,NOT_APPLICABLE_GLOBAL_BASELINE,HF9g-P5,,,,X 全窗基线 · 不参与实体赏罚,6875362,688,A168_HF9F_20260827_0900,2026-08-27 09:00:00
2026-03-28,147329537,2244,0,370.0000000000,204.5000000000,204.5000000000,0.7000000,10,10,0.49860758000000000,0.498607580000,1.2737224404674345,1.2737224404674345,1.2737224404674345,0E-17,ELIGIBLE,R03b_20260811_FULL_v1,L1_ELIGIBILITY,v2026-08-11,2026-03-21..2026-08-06,baccarat_bet02_101_all_pairs_incl_sentinel,round_win = game_pnl > 0 (decisive only),COMPATIBILITY_ONLY_NOT_PRODUCTION,11640.0000,10556.0000,168.5500,283,279,-0.01448024,,-0.01448024,-0.01448024,-168.5500,11640.0000,OK,0.0000,6.7420,4.0000,96.0000,AG03-UNRESOLVED,ALL5_LEVELS_bet23_to_bet27,6.7420,6.7420,6.7420,6.7420,6.7420,4.000000,4.000000,4.000000,4.000000,4.000000,96.000000,96.000000,96.000000,96.000000,96.000000,5.0,33.7100,31.1189,134.8400,137.4311,PENDING_AG03,FALSE,NOT_FOR_ENFORCEMENT,161.8080,10133.7600,168.5500,161.8080,6.7420,0.01448024,0.01390103,6.7420,161.8080,0.01390103,6.7420,6.7420,6.7420,6.7420,6.7420,161.8080,0.01390103,33.7100,31.1189,134.8400,137.4311,0.01158419,0.01180679,0.00057921,41.1307,37.8351,0.6041,84.2750,8.0262,5820.0000,139.5000,,41.1307,20.0,40.0,50.0,60.0,80.0,102.6801,40.0,0.0,2.0,2.567001,1.028269,10,18,1,4,0E-8,0.01448024,,0E-8,0.000000,0.906873,0.000000,,2026-03-27,2026-03-28,2,21,15,2,1.000000,,,0.000000,,,,,,,,GLOBAL_BASELINE_NO_ENTITY_RANKING,,,NOT_APPLICABLE_GLOBAL_BASELINE,HF9g-P5,,,,X 全窗基线 · 不参与实体赏罚,6875363,688,A168_HF9F_20260827_0900,2026-08-27 09:00:00
2026-03-28,147329537,2252,0,611.0000000000,-200.6000000000,-200.6000000000,0.3571429,18,18,0.50218230000000000,0.502182300000,-1.0853861436874526,-1.0853861436874528,-1.0853861436874526,0E-17,ELIGIBLE,R03b_20260811_FULL_v1,L1_ELIGIBILITY,v2026-08-11,2026-03-21..2026-08-06,baccarat_bet02_101_all_pairs_incl_sentinel,round_win = game_pnl > 0 (decisive only),COMPATIBILITY_ONLY_NOT_PRODUCTION,11640.0000,10556.0000,168.5500,283,279,-0.01448024,,-0.01448024,-0.01448024,-168.5500,11640.0000,OK,0.0000,6.7420,4.0000,96.0000,AG03-UNRESOLVED,ALL5_LEVELS_bet23_to_bet27,6.7420,6.7420,6.7420,6.7420,6.7420,4.000000,4.000000,4.000000,4.000000,4.000000,96.000000,96.000000,96.000000,96.000000,96.000000,5.0,33.7100,31.1189,134.8400,137.4311,PENDING_AG03,FALSE,NOT_FOR_ENFORCEMENT,161.8080,10133.7600,168.5500,161.8080,6.7420,0.01448024,0.01390103,6.7420,161.8080,0.01390103,6.7420,6.7420,6.7420,6.7420,6.7420,161.8080,0.01390103,33.7100,31.1189,134.8400,137.4311,0.01158419,0.01180679,0.00057921,41.1307,37.8351,0.6041,84.2750,8.0262,5820.0000,139.5000,,41.1307,20.0,40.0,50.0,60.0,80.0,102.6801,40.0,0.0,2.0,2.567001,1.028269,10,18,1,4,0E-8,0.01448024,,0E-8,0.000000,0.906873,0.000000,,2026-03-27,2026-03-28,2,21,15,2,1.000000,,,0.000000,,,,,,,,GLOBAL_BASELINE_NO_ENTITY_RANKING,,,NOT_APPLICABLE_GLOBAL_BASELINE,HF9g-P5,,,,X 全窗基线 · 不参与实体赏罚,6875364,688,A168_HF9F_20260827_0900,2026-08-27 09:00:00
2026-03-28,147329537,789,0,580.0000000000,-106.5000000000,-106.5000000000,0.4545455,13,13,0.49943251538461538,0.499432515385,-0.2977472692631054,-0.29774726926565637,-0.2977472692631054,-3.8462E-13,ELIGIBLE,R03b_20260811_FULL_v1,L1_ELIGIBILITY,v2026-08-11,2026-03-21..2026-08-06,baccarat_bet02_101_all_pairs_incl_sentinel,round_win = game_pnl > 0 (decisive only),COMPATIBILITY_ONLY_NOT_PRODUCTION,11640.0000,10556.0000,168.5500,283,279,-0.01448024,,-0.01448024,-0.01448024,-168.5500,11640.0000,OK,0.0000,6.7420,4.0000,96.0000,AG03-UNRESOLVED,ALL5_LEVELS_bet23_to_bet27,6.7420,6.7420,6.7420,6.7420,6.7420,4.000000,4.000000,4.000000,4.000000,4.000000,96.000000,96.000000,96.000000,96.000000,96.000000,5.0,33.7100,31.1189,134.8400,137.4311,PENDING_AG03,FALSE,NOT_FOR_ENFORCEMENT,161.8080,10133.7600,168.5500,161.8080,6.7420,0.01448024,0.01390103,6.7420,161.8080,0.01390103,6.7420,6.7420,6.7420,6.7420,6.7420,161.8080,0.01390103,33.7100,31.1189,134.8400,137.4311,0.01158419,0.01180679,0.00057921,41.1307,37.8351,0.6041,84.2750,8.0262,5820.0000,139.5000,,41.1307,20.0,40.0,50.0,60.0,80.0,102.6801,40.0,0.0,2.0,2.567001,1.028269,10,18,1,4,0E-8,0.01448024,,0E-8,0.000000,0.906873,0.000000,,2026-03-27,2026-03-28,2,21,15,2,1.000000,,,0.000000,,,,,,,,GLOBAL_BASELINE_NO_ENTITY_RANKING,,,NOT_APPLICABLE_GLOBAL_BASELINE,HF9g-P5,,,,X 全窗基线 · 不参与实体赏罚,6875365,688,A168_HF9F_20260827_0900,2026-08-27 09:00:00
2026-04-11,148530546,-1,1,1115.2573103115,-62.6146353804,-62.6146353804,0.5000000,7,7,0.49899058571428571,0.498990585714,0.004945109955477372,0.0049451099568770685,0.004945109955477372,2.8571E-13,SENTINEL_DEALER,R03b_20260811_FULL_v1,L1_ELIGIBILITY,v2026-08-11,2026-03-21..2026-08-06,baccarat_bet02_101_all_pairs_incl_sentinel,round_win = game_pnl > 0 (decisive only),COMPATIBILITY_ONLY_NOT_PRODUCTION,3914.9959,3324.6896,168.5535,30,30,-0.04305331,,-0.04305331,-0.04305331,-168.5535,3914.9959,OK,0.0000,6.7421,4.0000,96.0000,AG03-UNRESOLVED,ALL5_LEVELS_bet23_to_bet27,6.7421,6.7421,6.7421,0.0000,0.0000,4.000000,4.000000,4.000000,0.000000,0.000000,96.000000,96.000000,96.000000,100.000000,100.000000,5.0,20.2264,19.4282,148.3271,149.1254,PENDING_AG03,FALSE,NOT_FOR_ENFORCEMENT,161.8114,3191.7020,168.5535,161.8114,6.7421,0.04305331,0.04133118,6.7421,161.8114,0.04133118,6.7421,6.7421,6.7421,0.0000,0.0000,161.8114,0.04133118,20.2264,19.4282,148.3271,149.1254,0.03788691,0.03809081,0.00172213,130.4999,110.8230,5.6185,168.5535,33.7107,3914.9959,30.0000,,130.4999,105.4118,108.5742,153.9013,177.0919,189.7413,210.8237,105.4118,0.0,1.747573,1.941747,1.201942,5,8,1,2,0E-8,0.04305331,,0E-8,0.000000,0.849219,0.000000,,2026-04-11,2026-04-11,1,5,5,1,1.000000,,,0.000000,,,,,,,,GLOBAL_BASELINE_NO_ENTITY_RANKING,,,NOT_APPLICABLE_GLOBAL_BASELINE,HF9g-P5,,,,X 全窗基线 · 不参与实体赏罚,6875366,688,A168_HF9F_20260827_0900,2026-08-27 09:00:00
2026-04-11,148530546,1109,0,200.2825037421,196.0660299791,196.0660299791,1.0000000,2,2,0.49994810000000000,0.499948100000,1.4143603653603398,1.4143603653603398,1.4143603653603398,0E-17,ELIGIBLE,R03b_20260811_FULL_v1,L1_ELIGIBILITY,v2026-08-11,2026-03-21..2026-08-06,baccarat_bet02_101_all_pairs_incl_sentinel,round_win = game_pnl > 0 (decisive only),COMPATIBILITY_ONLY_NOT_PRODUCTION,3914.9959,3324.6896,168.5535,30,30,-0.04305331,,-0.04305331,-0.04305331,-168.5535,3914.9959,OK,0.0000,6.7421,4.0000,96.0000,AG03-UNRESOLVED,ALL5_LEVELS_bet23_to_bet27,6.7421,6.7421,6.7421,0.0000,0.0000,4.000000,4.000000,4.000000,0.000000,0.000000,96.000000,96.000000,96.000000,100.000000,100.000000,5.0,20.2264,19.4282,148.3271,149.1254,PENDING_AG03,FALSE,NOT_FOR_ENFORCEMENT,161.8114,3191.7020,168.5535,161.8114,6.7421,0.04305331,0.04133118,6.7421,161.8114,0.04133118,6.7421,6.7421,6.7421,0.0000,0.0000,161.8114,0.04133118,20.2264,19.4282,148.3271,149.1254,0.03788691,0.03809081,0.00172213,130.4999,110.8230,5.6185,168.5535,33.7107,3914.9959,30.0000,,130.4999,105.4118,108.5742,153.9013,177.0919,189.7413,210.8237,105.4118,0.0,1.747573,1.941747,1.201942,5,8,1,2,0E-8,0.04305331,,0E-8,0.000000,0.849219,0.000000,,2026-04-11,2026-04-11,1,5,5,1,1.000000,,,0.000000,,,,,,,,GLOBAL_BASELINE_NO_ENTITY_RANKING,,,NOT_APPLICABLE_GLOBAL_BASELINE,HF9g-P5,,,,X 全窗基线 · 不参与实体赏罚,6875367,688,A168_HF9F_20260827_0900,2026-08-27 09:00:00
2026-04-11,148530546,1151,0,533.3839310185,-111.7365547193,-111.7365547193,0.4000000,5,5,0.49592654000000000,0.495926540000,-0.42901076602576227,-0.42901076602576227,-0.42901076602576227,0E-17,ELIGIBLE,R03b_20260811_FULL_v1,L1_ELIGIBILITY,v2026-08-11,2026-03-21..2026-08-06,baccarat_bet02_101_all_pairs_incl_sentinel,round_win = game_pnl > 0 (decisive only),COMPATIBILITY_ONLY_NOT_PRODUCTION,3914.9959,3324.6896,168.5535,30,30,-0.04305331,,-0.04305331,-0.04305331,-168.5535,3914.9959,OK,0.0000,6.7421,4.0000,96.0000,AG03-UNRESOLVED,ALL5_LEVELS_bet23_to_bet27,6.7421,6.7421,6.7421,0.0000,0.0000,4.000000,4.000000,4.000000,0.000000,0.000000,96.000000,96.000000,96.000000,100.000000,100.000000,5.0,20.2264,19.4282,148.3271,149.1254,PENDING_AG03,FALSE,NOT_FOR_ENFORCEMENT,161.8114,3191.7020,168.5535,161.8114,6.7421,0.04305331,0.04133118,6.7421,161.8114,0.04133118,6.7421,6.7421,6.7421,0.0000,0.0000,161.8114,0.04133118,20.2264,19.4282,148.3271,149.1254,0.03788691,0.03809081,0.00172213,130.4999,110.8230,5.6185,168.5535,33.7107,3914.9959,30.0000,,130.4999,105.4118,108.5742,153.9013,177.0919,189.7413,210.8237,105.4118,0.0,1.747573,1.941747,1.201942,5,8,1,2,0E-8,0.04305331,,0E-8,0.000000,0.849219,0.000000,,2026-04-11,2026-04-11,1,5,5,1,1.000000,,,0.000000,,,,,,,,GLOBAL_BASELINE_NO_ENTITY_RANKING,,,NOT_APPLICABLE_GLOBAL_BASELINE,HF9g-P5,,,,X 全窗基线 · 不参与实体赏罚,6875368,688,A168_HF9F_20260827_0900,2026-08-27 09:00:00
2026-04-11,148530546,1505,0,461.7038770476,153.9012923492,153.9012923492,1.0000000,3,3,0.49324550000000000,0.493245500000,1.01360149184955,1.01360149184955,1.01360149184955,0E-17,ELIGIBLE,R03b_20260811_FULL_v1,L1_ELIGIBILITY,v2026-08-11,2026-03-21..2026-08-06,baccarat_bet02_101_all_pairs_incl_sentinel,round_win = game_pnl > 0 (decisive only),COMPATIBILITY_ONLY_NOT_PRODUCTION,3914.9959,3324.6896,168.5535,30,30,-0.04305331,,-0.04305331,-0.04305331,-168.5535,3914.9959,OK,0.0000,6.7421,4.0000,96.0000,AG03-UNRESOLVED,ALL5_LEVELS_bet23_to_bet27,6.7421,6.7421,6.7421,0.0000,0.0000,4.000000,4.000000,4.000000,0.000000,0.000000,96.000000,96.000000,96.000000,100.000000,100.000000,5.0,20.2264,19.4282,148.3271,149.1254,PENDING_AG03,FALSE,NOT_FOR_ENFORCEMENT,161.8114,3191.7020,168.5535,161.8114,6.7421,0.04305331,0.04133118,6.7421,161.8114,0.04133118,6.7421,6.7421,6.7421,0.0000,0.0000,161.8114,0.04133118,20.2264,19.4282,148.3271,149.1254,0.03788691,0.03809081,0.00172213,130.4999,110.8230,5.6185,168.5535,33.7107,3914.9959,30.0000,,130.4999,105.4118,108.5742,153.9013,177.0919,189.7413,210.8237,105.4118,0.0,1.747573,1.941747,1.201942,5,8,1,2,0E-8,0.04305331,,0E-8,0.000000,0.849219,0.000000,,2026-04-11,2026-04-11,1,5,5,1,1.000000,,,0.000000,,,,,,,,GLOBAL_BASELINE_NO_ENTITY_RANKING,,,NOT_APPLICABLE_GLOBAL_BASELINE,HF9g-P5,,,,X 全窗基线 · 不参与实体赏罚,6875369,688,A168_HF9F_20260827_0900,2026-08-27 09:00:00
2026-04-11,148530546,2170,0,497.5439040330,-160.2260029936,-160.2260029936,0.3333333,3,3,0.49324550000000000,0.493245500000,-0.5540025479526107,-0.5540025479526106,-0.5540025479526107,0E-17,ELIGIBLE,R03b_20260811_FULL_v1,L1_ELIGIBILITY,v2026-08-11,2026-03-21..2026-08-06,baccarat_bet02_101_all_pairs_incl_sentinel,round_win = game_pnl > 0 (decisive only),COMPATIBILITY_ONLY_NOT_PRODUCTION,3914.9959,3324.6896,168.5535,30,30,-0.04305331,,-0.04305331,-0.04305331,-168.5535,3914.9959,OK,0.0000,6.7421,4.0000,96.0000,AG03-UNRESOLVED,ALL5_LEVELS_bet23_to_bet27,6.7421,6.7421,6.7421,0.0000,0.0000,4.000000,4.000000,4.000000,0.000000,0.000000,96.000000,96.000000,96.000000,100.000000,100.000000,5.0,20.2264,19.4282,148.3271,149.1254,PENDING_AG03,FALSE,NOT_FOR_ENFORCEMENT,161.8114,3191.7020,168.5535,161.8114,6.7421,0.04305331,0.04133118,6.7421,161.8114,0.04133118,6.7421,6.7421,6.7421,0.0000,0.0000,161.8114,0.04133118,20.2264,19.4282,148.3271,149.1254,0.03788691,0.03809081,0.00172213,130.4999,110.8230,5.6185,168.5535,33.7107,3914.9959,30.0000,,130.4999,105.4118,108.5742,153.9013,177.0919,189.7413,210.8237,105.4118,0.0,1.747573,1.941747,1.201942,5,8,1,2,0E-8,0.04305331,,0E-8,0.000000,0.849219,0.000000,,2026-04-11,2026-04-11,1,5,5,1,1.000000,,,0.000000,,,,,,,,GLOBAL_BASELINE_NO_ENTITY_RANKING,,,NOT_APPLICABLE_GLOBAL_BASELINE,HF9g-P5,,,,X 全窗基线 · 不参与实体赏罚,6875370,688,A168_HF9F_20260827_0900,2026-08-27 09:00:00
2026-04-11,148530546,2174,0,147.5765817047,-147.5765817047,-147.5765817047,0E-7,1,1,0.50665070000000000,0.506650700000,-1.013391052207602,-1.013391052207602,-1.013391052207602,0E-17,ELIGIBLE,R03b_20260811_FULL_v1,L1_ELIGIBILITY,v2026-08-11,2026-03-21..2026-08-06,baccarat_bet02_101_all_pairs_incl_sentinel,round_win = game_pnl > 0 (decisive only),COMPATIBILITY_ONLY_NOT_PRODUCTION,3914.9959,3324.6896,168.5535,30,30,-0.04305331,,-0.04305331,-0.04305331,-168.5535,3914.9959,OK,0.0000,6.7421,4.0000,96.0000,AG03-UNRESOLVED,ALL5_LEVELS_bet23_to_bet27,6.7421,6.7421,6.7421,0.0000,0.0000,4.000000,4.000000,4.000000,0.000000,0.000000,96.000000,96.000000,96.000000,100.000000,100.000000,5.0,20.2264,19.4282,148.3271,149.1254,PENDING_AG03,FALSE,NOT_FOR_ENFORCEMENT,161.8114,3191.7020,168.5535,161.8114,6.7421,0.04305331,0.04133118,6.7421,161.8114,0.04133118,6.7421,6.7421,6.7421,0.0000,0.0000,161.8114,0.04133118,20.2264,19.4282,148.3271,149.1254,0.03788691,0.03809081,0.00172213,130.4999,110.8230,5.6185,168.5535,33.7107,3914.9959,30.0000,,130.4999,105.4118,108.5742,153.9013,177.0919,189.7413,210.8237,105.4118,0.0,1.747573,1.941747,1.201942,5,8,1,2,0E-8,0.04305331,,0E-8,0.000000,0.849219,0.000000,,2026-04-11,2026-04-11,1,5,5,1,1.000000,,,0.000000,,,,,,,,GLOBAL_BASELINE_NO_ENTITY_RANKING,,,NOT_APPLICABLE_GLOBAL_BASELINE,HF9g-P5,,,,X 全窗基线 · 不参与实体赏罚,6875371,688,A168_HF9F_20260827_0900,2026-08-27 09:00:00
2026-04-11,148530546,2251,0,853.8359370059,69.0447578690,69.0447578690,0.5714286,8,8,0.49492115000000000,0.494921150000,0.40486010814450674,0.40486010814450674,0.40486010814450674,0E-17,ELIGIBLE,R03b_20260811_FULL_v1,L1_ELIGIBILITY,v2026-08-11,2026-03-21..2026-08-06,baccarat_bet02_101_all_pairs_incl_sentinel,round_win = game_pnl > 0 (decisive only),COMPATIBILITY_ONLY_NOT_PRODUCTION,3914.9959,3324.6896,168.5535,30,30,-0.04305331,,-0.04305331,-0.04305331,-168.5535,3914.9959,OK,0.0000,6.7421,4.0000,96.0000,AG03-UNRESOLVED,ALL5_LEVELS_bet23_to_bet27,6.7421,6.7421,6.7421,0.0000,0.0000,4.000000,4.000000,4.000000,0.000000,0.000000,96.000000,96.000000,96.000000,100.000000,100.000000,5.0,20.2264,19.4282,148.3271,149.1254,PENDING_AG03,FALSE,NOT_FOR_ENFORCEMENT,161.8114,3191.7020,168.5535,161.8114,6.7421,0.04305331,0.04133118,6.7421,161.8114,0.04133118,6.7421,6.7421,6.7421,0.0000,0.0000,161.8114,0.04133118,20.2264,19.4282,148.3271,149.1254,0.03788691,0.03809081,0.00172213,130.4999,110.8230,5.6185,168.5535,33.7107,3914.9959,30.0000,,130.4999,105.4118,108.5742,153.9013,177.0919,189.7413,210.8237,105.4118,0.0,1.747573,1.941747,1.201942,5,8,1,2,0E-8,0.04305331,,0E-8,0.000000,0.849219,0.000000,,2026-04-11,2026-04-11,1,5,5,1,1.000000,,,0.000000,,,,,,,,GLOBAL_BASELINE_NO_ENTITY_RANKING,,,NOT_APPLICABLE_GLOBAL_BASELINE,HF9g-P5,,,,X 全窗基线 · 不参与实体赏罚,6875372,688,A168_HF9F_20260827_0900,2026-08-27 09:00:00
2026-04-11,148530546,583,0,105.4118440748,-105.4118440748,-105.4118440748,0E-7,1,1,0.49324550000000000,0.493245500000,-0.9865810262130424,-0.9865810262130424,-0.9865810262130424,0E-17,ELIGIBLE,R03b_20260811_FULL_v1,L1_ELIGIBILITY,v2026-08-11,2026-03-21..2026-08-06,baccarat_bet02_101_all_pairs_incl_sentinel,round_win = game_pnl > 0 (decisive only),COMPATIBILITY_ONLY_NOT_PRODUCTION,3914.9959,3324.6896,168.5535,30,30,-0.04305331,,-0.04305331,-0.04305331,-168.5535,3914.9959,OK,0.0000,6.7421,4.0000,96.0000,AG03-UNRESOLVED,ALL5_LEVELS_bet23_to_bet27,6.7421,6.7421,6.7421,0.0000,0.0000,4.000000,4.000000,4.000000,0.000000,0.000000,96.000000,96.000000,96.000000,100.000000,100.000000,5.0,20.2264,19.4282,148.3271,149.1254,PENDING_AG03,FALSE,NOT_FOR_ENFORCEMENT,161.8114,3191.7020,168.5535,161.8114,6.7421,0.04305331,0.04133118,6.7421,161.8114,0.04133118,6.7421,6.7421,6.7421,0.0000,0.0000,161.8114,0.04133118,20.2264,19.4282,148.3271,149.1254,0.03788691,0.03809081,0.00172213,130.4999,110.8230,5.6185,168.5535,33.7107,3914.9959,30.0000,,130.4999,105.4118,108.5742,153.9013,177.0919,189.7413,210.8237,105.4118,0.0,1.747573,1.941747,1.201942,5,8,1,2,0E-8,0.04305331,,0E-8,0.000000,0.849219,0.000000,,2026-04-11,2026-04-11,1,5,5,1,1.000000,,,0.000000,,,,,,,,GLOBAL_BASELINE_NO_ENTITY_RANKING,,,NOT_APPLICABLE_GLOBAL_BASELINE,HF9g-P5,,,,X 全窗基线 · 不参与实体赏罚,6875373,688,A168_HF9F_20260827_0900,2026-08-27 09:00:00
2026-04-15,148704739,1400,0,127.3375076424,-127.3375076424,-127.3375076424,0E-7,1,1,0.50665070000000000,0.506650700000,-1.013391052207602,-1.013391052207602,-1.013391052207602,0E-17,ELIGIBLE,R03b_20260811_FULL_v1,L1_ELIGIBILITY,v2026-08-11,2026-03-21..2026-08-06,baccarat_bet02_101_all_pairs_incl_sentinel,round_win = game_pnl > 0 (decisive only),COMPATIBILITY_ONLY_NOT_PRODUCTION,3408.1757,3091.9402,168.5535,22,22,-0.04945565,,-0.04945565,-0.04945565,-168.5535,3408.1757,THIN_EXPOSURE,0.0000,6.7421,4.0000,96.0000,AG03-UNRESOLVED,ALL5_LEVELS_bet23_to_bet27,6.7421,6.7421,6.7421,6.7421,6.7421,4.000000,4.000000,4.000000,4.000000,4.000000,96.000000,96.000000,96.000000,96.000000,96.000000,5.0,33.7107,31.1196,134.8428,137.434,PENDING_AG03,FALSE,NOT_FOR_ENFORCEMENT,161.8114,2968.2626,168.5535,161.8114,6.7421,0.04945565,0.04747742,6.7421,161.8114,0.04747742,6.7421,6.7421,6.7421,6.7421,6.7421,161.8114,0.04747742,33.7107,31.1196,134.8428,137.434,0.03956452,0.04032478,0.00197823,154.9171,140.5427,7.6615,168.5535,56.1845,3408.1757,22.0000,,154.9171,105.4118,189.7413,210.8237,210.8237,210.8237,210.8237,147.9982,0.0,1.111111,1.111111,0.816465,2,3,1,2,0E-8,0.04945565,,0E-8,0.000000,0.907213,0.000000,,2026-04-15,2026-04-15,1,3,2,1,1.000000,,,0.000000,,,,,,,,GLOBAL_BASELINE_NO_ENTITY_RANKING,,,NOT_APPLICABLE_GLOBAL_BASELINE,HF9g-P5,,,,X 全窗基线 · 不参与实体赏罚,6875374,688,A168_HF9F_20260827_0900,2026-08-27 09:00:00
2026-04-15,148704739,2145,0,2298.3998482070,-220.4161659605,-220.4161659605,0.5000000,15,15,0.50218230000000000,0.502182300000,-0.015119561921926148,-0.015119561921926152,-0.015119561921926148,0E-17,ELIGIBLE,R03b_20260811_FULL_v1,L1_ELIGIBILITY,v2026-08-11,2026-03-21..2026-08-06,baccarat_bet02_101_all_pairs_incl_sentinel,round_win = game_pnl > 0 (decisive only),COMPATIBILITY_ONLY_NOT_PRODUCTION,3408.1757,3091.9402,168.5535,22,22,-0.04945565,,-0.04945565,-0.04945565,-168.5535,3408.1757,THIN_EXPOSURE,0.0000,6.7421,4.0000,96.0000,AG03-UNRESOLVED,ALL5_LEVELS_bet23_to_bet27,6.7421,6.7421,6.7421,6.7421,6.7421,4.000000,4.000000,4.000000,4.000000,4.000000,96.000000,96.000000,96.000000,96.000000,96.000000,5.0,33.7107,31.1196,134.8428,137.434,PENDING_AG03,FALSE,NOT_FOR_ENFORCEMENT,161.8114,2968.2626,168.5535,161.8114,6.7421,0.04945565,0.04747742,6.7421,161.8114,0.04747742,6.7421,6.7421,6.7421,6.7421,6.7421,161.8114,0.04747742,33.7107,31.1196,134.8428,137.434,0.03956452,0.04032478,0.00197823,154.9171,140.5427,7.6615,168.5535,56.1845,3408.1757,22.0000,,154.9171,105.4118,189.7413,210.8237,210.8237,210.8237,210.8237,147.9982,0.0,1.111111,1.111111,0.816465,2,3,1,2,0E-8,0.04945565,,0E-8,0.000000,0.907213,0.000000,,2026-04-15,2026-04-15,1,3,2,1,1.000000,,,0.000000,,,,,,,,GLOBAL_BASELINE_NO_ENTITY_RANKING,,,NOT_APPLICABLE_GLOBAL_BASELINE,HF9g-P5,,,,X 全窗基线 · 不参与实体赏罚,6875375,688,A168_HF9F_20260827_0900,2026-08-27 09:00:00
2026-04-15,148704739,2252,0,982.4383867772,179.2001349271,179.2001349271,0.5000000,6,6,0.49994810000000000,0.499948100000,0.00025425703667063243,0.00025425703667063243,0.00025425703667063243,0E-17,ELIGIBLE,R03b_20260811_FULL_v1,L1_ELIGIBILITY,v2026-08-11,2026-03-21..2026-08-06,baccarat_bet02_101_all_pairs_incl_sentinel,round_win = game_pnl > 0 (decisive only),COMPATIBILITY_ONLY_NOT_PRODUCTION,3408.1757,3091.9402,168.5535,22,22,-0.04945565,,-0.04945565,-0.04945565,-168.5535,3408.1757,THIN_EXPOSURE,0.0000,6.7421,4.0000,96.0000,AG03-UNRESOLVED,ALL5_LEVELS_bet23_to_bet27,6.7421,6.7421,6.7421,6.7421,6.7421,4.000000,4.000000,4.000000,4.000000,4.000000,96.000000,96.000000,96.000000,96.000000,96.000000,5.0,33.7107,31.1196,134.8428,137.434,PENDING_AG03,FALSE,NOT_FOR_ENFORCEMENT,161.8114,2968.2626,168.5535,161.8114,6.7421,0.04945565,0.04747742,6.7421,161.8114,0.04747742,6.7421,6.7421,6.7421,6.7421,6.7421,161.8114,0.04747742,33.7107,31.1196,134.8428,137.434,0.03956452,0.04032478,0.00197823,154.9171,140.5427,7.6615,168.5535,56.1845,3408.1757,22.0000,,154.9171,105.4118,189.7413,210.8237,210.8237,210.8237,210.8237,147.9982,0.0,1.111111,1.111111,0.816465,2,3,1,2,0E-8,0.04945565,,0E-8,0.000000,0.907213,0.000000,,2026-04-15,2026-04-15,1,3,2,1,1.000000,,,0.000000,,,,,,,,GLOBAL_BASELINE_NO_ENTITY_RANKING,,,NOT_APPLICABLE_GLOBAL_BASELINE,HF9g-P5,,,,X 全窗基线 · 不参与实体赏罚,6875376,688,A168_HF9F_20260827_0900,2026-08-27 09:00:00
2026-04-08,142188115,1318,0,750.5323298128,44.8000337318,44.8000337318,0.6538462,30,29,0.49875836931034483,0.493074950000,1.5815961558686535,1.6397082875559357,1.5815961558686535,0.00568341931034483,ELIGIBLE,R03b_20260811_FULL_v1,L1_ELIGIBILITY,v2026-08-11,2026-03-21..2026-08-06,baccarat_bet02_101_all_pairs_incl_sentinel,round_win = game_pnl > 0 (decisive only),COMPATIBILITY_ONLY_NOT_PRODUCTION,2342.4620,2051.5253,168.5535,114,91,-0.07195572,,-0.07195572,-0.07195572,-168.5535,2342.4620,OK,0.0000,6.7421,4.0000,96.0000,AG03-UNRESOLVED,ALL5_LEVELS_bet23_to_bet27,6.7421,6.7421,6.7421,0.0000,0.0000,4.000000,4.000000,4.000000,0.000000,0.000000,96.000000,96.000000,96.000000,100.000000,100.000000,5.0,20.2264,19.4282,148.3271,149.1254,PENDING_AG03,FALSE,NOT_FOR_ENFORCEMENT,161.8114,1969.4643,168.5535,161.8114,6.7421,0.07195572,0.06907749,6.7421,161.8114,0.06907749,6.7421,6.7421,6.7421,0.0000,0.0000,161.8114,0.06907749,20.2264,19.4282,148.3271,149.1254,0.06332103,0.06366182,0.00287823,20.5479,22.5442,1.8522,84.2768,28.0923,1171.2310,45.5000,,20.5479,8.4329,16.8659,29.5153,41.4058,49.7544,59.0306,15.8118,-1.0541,2.949999,3.5,1.218311,4,8,2,3,0E-8,0.07195572,,0E-8,0.000000,0.875799,0.000000,,2026-04-08,2026-04-09,2,6,5,2,1.000000,,,0.000000,,,,,,,,GLOBAL_BASELINE_NO_ENTITY_RANKING,,,NOT_APPLICABLE_GLOBAL_BASELINE,HF9g-P5,,,,X 全窗基线 · 不参与实体赏罚,6875377,688,A168_HF9F_20260827_0900,2026-08-27 09:00:00
2026-04-08,142188115,1331,0,83.2753568191,-83.2753568191,-83.2753568191,0E-7,3,3,0.49771390000000000,0.497713900000,-1.724149546644903,-1.724149546644903,-1.724149546644903,0E-17,ELIGIBLE,R03b_20260811_FULL_v1,L1_ELIGIBILITY,v2026-08-11,2026-03-21..2026-08-06,baccarat_bet02_101_all_pairs_incl_sentinel,round_win = game_pnl > 0 (decisive only),COMPATIBILITY_ONLY_NOT_PRODUCTION,2342.4620,2051.5253,168.5535,114,91,-0.07195572,,-0.07195572,-0.07195572,-168.5535,2342.4620,OK,0.0000,6.7421,4.0000,96.0000,AG03-UNRESOLVED,ALL5_LEVELS_bet23_to_bet27,6.7421,6.7421,6.7421,0.0000,0.0000,4.000000,4.000000,4.000000,0.000000,0.000000,96.000000,96.000000,96.000000,100.000000,100.000000,5.0,20.2264,19.4282,148.3271,149.1254,PENDING_AG03,FALSE,NOT_FOR_ENFORCEMENT,161.8114,1969.4643,168.5535,161.8114,6.7421,0.07195572,0.06907749,6.7421,161.8114,0.06907749,6.7421,6.7421,6.7421,0.0000,0.0000,161.8114,0.06907749,20.2264,19.4282,148.3271,149.1254,0.06332103,0.06366182,0.00287823,20.5479,22.5442,1.8522,84.2768,28.0923,1171.2310,45.5000,,20.5479,8.4329,16.8659,29.5153,41.4058,49.7544,59.0306,15.8118,-1.0541,2.949999,3.5,1.218311,4,8,2,3,0E-8,0.07195572,,0E-8,0.000000,0.875799,0.000000,,2026-04-08,2026-04-09,2,6,5,2,1.000000,,,0.000000,,,,,,,,GLOBAL_BASELINE_NO_ENTITY_RANKING,,,NOT_APPLICABLE_GLOBAL_BASELINE,HF9g-P5,,,,X 全窗基线 · 不参与实体赏罚,6875378,688,A168_HF9F_20260827_0900,2026-08-27 09:00:00
2026-04-08,142188115,2088,0,573.4404317671,-103.3036071934,-103.3036071934,0.3750000,30,19,0.47049255708397244,0.380318307895,-0.7652742510366367,-0.04382031740860577,-0.7652742510366367,0.09017424918897244,ELIGIBLE,R03b_20260811_FULL_v1,L1_ELIGIBILITY,v2026-08-11,2026-03-21..2026-08-06,baccarat_bet02_101_all_pairs_incl_sentinel,round_win = game_pnl > 0 (decisive only),COMPATIBILITY_ONLY_NOT_PRODUCTION,2342.4620,2051.5253,168.5535,114,91,-0.07195572,,-0.07195572,-0.07195572,-168.5535,2342.4620,OK,0.0000,6.7421,4.0000,96.0000,AG03-UNRESOLVED,ALL5_LEVELS_bet23_to_bet27,6.7421,6.7421,6.7421,0.0000,0.0000,4.000000,4.000000,4.000000,0.000000,0.000000,96.000000,96.000000,96.000000,100.000000,100.000000,5.0,20.2264,19.4282,148.3271,149.1254,PENDING_AG03,FALSE,NOT_FOR_ENFORCEMENT,161.8114,1969.4643,168.5535,161.8114,6.7421,0.07195572,0.06907749,6.7421,161.8114,0.06907749,6.7421,6.7421,6.7421,0.0000,0.0000,161.8114,0.06907749,20.2264,19.4282,148.3271,149.1254,0.06332103,0.06366182,0.00287823,20.5479,22.5442,1.8522,84.2768,28.0923,1171.2310,45.5000,,20.5479,8.4329,16.8659,29.5153,41.4058,49.7544,59.0306,15.8118,-1.0541,2.949999,3.5,1.218311,4,8,2,3,0E-8,0.07195572,,0E-8,0.000000,0.875799,0.000000,,2026-04-08,2026-04-09,2,6,5,2,1.000000,,,0.000000,,,,,,,,GLOBAL_BASELINE_NO_ENTITY_RANKING,,,NOT_APPLICABLE_GLOBAL_BASELINE,HF9g-P5,,,,X 全窗基线 · 不参与实体赏罚,6875379,688,A168_HF9F_20260827_0900,2026-08-27 09:00:00
2026-04-08,142188115,2093,0,398.4567706029,76.9506461745,76.9506461745,0.6875000,24,17,0.48604806775207566,0.418663144118,1.6122432471866008,2.1797290130258533,1.6122432471866008,0.06738492363407566,ELIGIBLE,R03b_20260811_FULL_v1,L1_ELIGIBILITY,v2026-08-11,2026-03-21..2026-08-06,baccarat_bet02_101_all_pairs_incl_sentinel,round_win = game_pnl > 0 (decisive only),COMPATIBILITY_ONLY_NOT_PRODUCTION,2342.4620,2051.5253,168.5535,114,91,-0.07195572,,-0.07195572,-0.07195572,-168.5535,2342.4620,OK,0.0000,6.7421,4.0000,96.0000,AG03-UNRESOLVED,ALL5_LEVELS_bet23_to_bet27,6.7421,6.7421,6.7421,0.0000,0.0000,4.000000,4.000000,4.000000,0.000000,0.000000,96.000000,96.000000,96.000000,100.000000,100.000000,5.0,20.2264,19.4282,148.3271,149.1254,PENDING_AG03,FALSE,NOT_FOR_ENFORCEMENT,161.8114,1969.4643,168.5535,161.8114,6.7421,0.07195572,0.06907749,6.7421,161.8114,0.06907749,6.7421,6.7421,6.7421,0.0000,0.0000,161.8114,0.06907749,20.2264,19.4282,148.3271,149.1254,0.06332103,0.06366182,0.00287823,20.5479,22.5442,1.8522,84.2768,28.0923,1171.2310,45.5000,,20.5479,8.4329,16.8659,29.5153,41.4058,49.7544,59.0306,15.8118,-1.0541,2.949999,3.5,1.218311,4,8,2,3,0E-8,0.07195572,,0E-8,0.000000,0.875799,0.000000,,2026-04-08,2026-04-09,2,6,5,2,1.000000,,,0.000000,,,,,,,,GLOBAL_BASELINE_NO_ENTITY_RANKING,,,NOT_APPLICABLE_GLOBAL_BASELINE,HF9g-P5,,,,X 全窗基线 · 不参与实体赏罚,6875380,688,A168_HF9F_20260827_0900,2026-08-27 09:00:00
2026-04-08,142188115,2101,0,65.3553433265,-19.3957793098,-19.3957793098,0.5000000,7,4,0.44277418000000000,0.345430137500,0.23041739397439892,0.6501247512753514,0.23041739397439892,0.09734404250000000,ELIGIBLE,R03b_20260811_FULL_v1,L1_ELIGIBILITY,v2026-08-11,2026-03-21..2026-08-06,baccarat_bet02_101_all_pairs_incl_sentinel,round_win = game_pnl > 0 (decisive only),COMPATIBILITY_ONLY_NOT_PRODUCTION,2342.4620,2051.5253,168.5535,114,91,-0.07195572,,-0.07195572,-0.07195572,-168.5535,2342.4620,OK,0.0000,6.7421,4.0000,96.0000,AG03-UNRESOLVED,ALL5_LEVELS_bet23_to_bet27,6.7421,6.7421,6.7421,0.0000,0.0000,4.000000,4.000000,4.000000,0.000000,0.000000,96.000000,96.000000,96.000000,100.000000,100.000000,5.0,20.2264,19.4282,148.3271,149.1254,PENDING_AG03,FALSE,NOT_FOR_ENFORCEMENT,161.8114,1969.4643,168.5535,161.8114,6.7421,0.07195572,0.06907749,6.7421,161.8114,0.06907749,6.7421,6.7421,6.7421,0.0000,0.0000,161.8114,0.06907749,20.2264,19.4282,148.3271,149.1254,0.06332103,0.06366182,0.00287823,20.5479,22.5442,1.8522,84.2768,28.0923,1171.2310,45.5000,,20.5479,8.4329,16.8659,29.5153,41.4058,49.7544,59.0306,15.8118,-1.0541,2.949999,3.5,1.218311,4,8,2,3,0E-8,0.07195572,,0E-8,0.000000,0.875799,0.000000,,2026-04-08,2026-04-09,2,6,5,2,1.000000,,,0.000000,,,,,,,,GLOBAL_BASELINE_NO_ENTITY_RANKING,,,NOT_APPLICABLE_GLOBAL_BASELINE,HF9g-P5,,,,X 全窗基线 · 不参与实体赏罚,6875381,688,A168_HF9F_20260827_0900,2026-08-27 09:00:00
2026-04-09,142188115,1004,0,142.5168131892,-71.4692302828,-71.4692302828,0.2500000,6,6,0.49547970000000000,0.495479700000,-0.9819589297737525,-0.9819589297737525,-0.9819589297737525,0E-17,ELIGIBLE,R03b_20260811_FULL_v1,L1_ELIGIBILITY,v2026-08-11,2026-03-21..2026-08-06,baccarat_bet02_101_all_pairs_incl_sentinel,round_win = game_pnl > 0 (decisive only),COMPATIBILITY_ONLY_NOT_PRODUCTION,2342.4620,2051.5253,168.5535,114,91,-0.07195572,,-0.07195572,-0.07195572,-168.5535,2342.4620,OK,0.0000,6.7421,4.0000,96.0000,AG03-UNRESOLVED,ALL5_LEVELS_bet23_to_bet27,6.7421,6.7421,6.7421,0.0000,0.0000,4.000000,4.000000,4.000000,0.000000,0.000000,96.000000,96.000000,96.000000,100.000000,100.000000,5.0,20.2264,19.4282,148.3271,149.1254,PENDING_AG03,FALSE,NOT_FOR_ENFORCEMENT,161.8114,1969.4643,168.5535,161.8114,6.7421,0.07195572,0.06907749,6.7421,161.8114,0.06907749,6.7421,6.7421,6.7421,0.0000,0.0000,161.8114,0.06907749,20.2264,19.4282,148.3271,149.1254,0.06332103,0.06366182,0.00287823,20.5479,22.5442,1.8522,84.2768,28.0923,1171.2310,45.5000,,20.5479,8.4329,16.8659,29.5153,41.4058,49.7544,59.0306,15.8118,-1.0541,2.949999,3.5,1.218311,4,8,2,3,0E-8,0.07195572,,0E-8,0.000000,0.875799,0.000000,,2026-04-08,2026-04-09,2,6,5,2,1.000000,,,0.000000,,,,,,,,GLOBAL_BASELINE_NO_ENTITY_RANKING,,,NOT_APPLICABLE_GLOBAL_BASELINE,HF9g-P5,,,,X 全窗基线 · 不参与实体赏罚,6875382,688,A168_HF9F_20260827_0900,2026-08-27 09:00:00
2026-04-09,142188115,2196,0,80.1130014969,2.1082368814,2.1082368814,0.5000000,4,4,0.50329940000000000,0.503299400000,-0.01319788734859681,-0.01319788734859681,-0.01319788734859681,0E-17,ELIGIBLE,R03b_20260811_FULL_v1,L1_ELIGIBILITY,v2026-08-11,2026-03-21..2026-08-06,baccarat_bet02_101_all_pairs_incl_sentinel,round_win = game_pnl > 0 (decisive only),COMPATIBILITY_ONLY_NOT_PRODUCTION,2342.4620,2051.5253,168.5535,114,91,-0.07195572,,-0.07195572,-0.07195572,-168.5535,2342.4620,OK,0.0000,6.7421,4.0000,96.0000,AG03-UNRESOLVED,ALL5_LEVELS_bet23_to_bet27,6.7421,6.7421,6.7421,0.0000,0.0000,4.000000,4.000000,4.000000,0.000000,0.000000,96.000000,96.000000,96.000000,100.000000,100.000000,5.0,20.2264,19.4282,148.3271,149.1254,PENDING_AG03,FALSE,NOT_FOR_ENFORCEMENT,161.8114,1969.4643,168.5535,161.8114,6.7421,0.07195572,0.06907749,6.7421,161.8114,0.06907749,6.7421,6.7421,6.7421,0.0000,0.0000,161.8114,0.06907749,20.2264,19.4282,148.3271,149.1254,0.06332103,0.06366182,0.00287823,20.5479,22.5442,1.8522,84.2768,28.0923,1171.2310,45.5000,,20.5479,8.4329,16.8659,29.5153,41.4058,49.7544,59.0306,15.8118,-1.0541,2.949999,3.5,1.218311,4,8,2,3,0E-8,0.07195572,,0E-8,0.000000,0.875799,0.000000,,2026-04-08,2026-04-09,2,6,5,2,1.000000,,,0.000000,,,,,,,,GLOBAL_BASELINE_NO_ENTITY_RANKING,,,NOT_APPLICABLE_GLOBAL_BASELINE,HF9g-P5,,,,X 全窗基线 · 不参与实体赏罚,6875383,688,A168_HF9F_20260827_0900,2026-08-27 09:00:00
2026-04-09,142188115,2233,0,248.7719520167,-14.9684818586,-14.9684818586,0.6250000,10,9,0.50019634444444444,0.499948100000,0.7059961437155433,0.7074003757330176,0.7059961437155433,0.00024824444444444,ELIGIBLE,R03b_20260811_FULL_v1,L1_ELIGIBILITY,v2026-08-11,2026-03-21..2026-08-06,baccarat_bet02_101_all_pairs_incl_sentinel,round_win = game_pnl > 0 (decisive only),COMPATIBILITY_ONLY_NOT_PRODUCTION,2342.4620,2051.5253,168.5535,114,91,-0.07195572,,-0.07195572,-0.07195572,-168.5535,2342.4620,OK,0.0000,6.7421,4.0000,96.0000,AG03-UNRESOLVED,ALL5_LEVELS_bet23_to_bet27,6.7421,6.7421,6.7421,0.0000,0.0000,4.000000,4.000000,4.000000,0.000000,0.000000,96.000000,96.000000,96.000000,100.000000,100.000000,5.0,20.2264,19.4282,148.3271,149.1254,PENDING_AG03,FALSE,NOT_FOR_ENFORCEMENT,161.8114,1969.4643,168.5535,161.8114,6.7421,0.07195572,0.06907749,6.7421,161.8114,0.06907749,6.7421,6.7421,6.7421,0.0000,0.0000,161.8114,0.06907749,20.2264,19.4282,148.3271,149.1254,0.06332103,0.06366182,0.00287823,20.5479,22.5442,1.8522,84.2768,28.0923,1171.2310,45.5000,,20.5479,8.4329,16.8659,29.5153,41.4058,49.7544,59.0306,15.8118,-1.0541,2.949999,3.5,1.218311,4,8,2,3,0E-8,0.07195572,,0E-8,0.000000,0.875799,0.000000,,2026-04-08,2026-04-09,2,6,5,2,1.000000,,,0.000000,,,,,,,,GLOBAL_BASELINE_NO_ENTITY_RANKING,,,NOT_APPLICABLE_GLOBAL_BASELINE,HF9g-P5,,,,X 全窗基线 · 不参与实体赏罚,6875384,688,A168_HF9F_20260827_0900,2026-08-27 09:00:00
2026-04-15,148682352,2223,0,164.4424767569,21.3986043469,21.3986043469,0.5714286,25,14,0.40697524232142857,0.360626689286,1.252524644666564,1.642601888308866,1.252524644666564,0.04634855303542857,ELIGIBLE,R03b_20260811_FULL_v1,L1_ELIGIBILITY,v2026-08-11,2026-03-21..2026-08-06,baccarat_bet02_101_all_pairs_incl_sentinel,round_win = game_pnl > 0 (decisive only),COMPATIBILITY_ONLY_NOT_PRODUCTION,465.0771,379.0610,168.5535,38,21,-0.36242067,,-0.36242067,-0.36242067,-168.5535,465.0771,OK,0.0000,6.7421,4.0000,96.0000,AG03-UNRESOLVED,ALL5_LEVELS_bet23_to_bet27,6.7421,6.7421,6.7421,6.7421,6.7421,4.000000,4.000000,4.000000,4.000000,4.000000,96.000000,96.000000,96.000000,96.000000,96.000000,5.0,33.7107,31.1196,134.8428,137.434,PENDING_AG03,FALSE,NOT_FOR_ENFORCEMENT,161.8114,363.8986,168.5535,161.8114,6.7421,0.36242067,0.34792384,6.7421,161.8114,0.34792384,6.7421,6.7421,6.7421,6.7421,6.7421,161.8114,0.34792384,33.7107,31.1196,134.8428,137.434,0.28993654,0.29550792,0.01449683,12.2389,18.0505,8.0264,168.5535,168.5535,465.0771,21.0000,,12.2389,2.1082,4.2165,10.5412,28.4612,68.4755,86.0161,4.2165,-2.1082,16.239984,20.400002,2.902632,1,2,1,5,0E-8,0.36242067,,0E-8,0.000000,0.815050,0.000000,,2026-04-15,2026-04-15,1,1,1,1,1.000000,,,0.000000,,,,,,,,GLOBAL_BASELINE_NO_ENTITY_RANKING,,,NOT_APPLICABLE_GLOBAL_BASELINE,HF9g-P5,,,,X 全窗基线 · 不参与实体赏罚,6875385,688,A168_HF9F_20260827_0900,2026-08-27 09:00:00
2026-04-15,148682352,2233,0,300.6345793014,-189.9521430229,-189.9521430229,0.1428571,13,7,0.45597666588859654,0.376093600000,-1.6633325774917402,-1.2739071173422427,-1.6633325774917402,0.07988306588859654,ELIGIBLE,R03b_20260811_FULL_v1,L1_ELIGIBILITY,v2026-08-11,2026-03-21..2026-08-06,baccarat_bet02_101_all_pairs_incl_sentinel,round_win = game_pnl > 0 (decisive only),COMPATIBILITY_ONLY_NOT_PRODUCTION,465.0771,379.0610,168.5535,38,21,-0.36242067,,-0.36242067,-0.36242067,-168.5535,465.0771,OK,0.0000,6.7421,4.0000,96.0000,AG03-UNRESOLVED,ALL5_LEVELS_bet23_to_bet27,6.7421,6.7421,6.7421,6.7421,6.7421,4.000000,4.000000,4.000000,4.000000,4.000000,96.000000,96.000000,96.000000,96.000000,96.000000,5.0,33.7107,31.1196,134.8428,137.434,PENDING_AG03,FALSE,NOT_FOR_ENFORCEMENT,161.8114,363.8986,168.5535,161.8114,6.7421,0.36242067,0.34792384,6.7421,161.8114,0.34792384,6.7421,6.7421,6.7421,6.7421,6.7421,161.8114,0.34792384,33.7107,31.1196,134.8428,137.434,0.28993654,0.29550792,0.01449683,12.2389,18.0505,8.0264,168.5535,168.5535,465.0771,21.0000,,12.2389,2.1082,4.2165,10.5412,28.4612,68.4755,86.0161,4.2165,-2.1082,16.239984,20.400002,2.902632,1,2,1,5,0E-8,0.36242067,,0E-8,0.000000,0.815050,0.000000,,2026-04-15,2026-04-15,1,1,1,1,1.000000,,,0.000000,,,,,,,,GLOBAL_BASELINE_NO_ENTITY_RANKING,,,NOT_APPLICABLE_GLOBAL_BASELINE,HF9g-P5,,,,X 全窗基线 · 不参与实体赏罚,6875386,688,A168_HF9F_20260827_0900,2026-08-27 09:00:00
2026-04-25,149143204,-1,1,14.7576581705,-14.7576581705,-14.7576581705,0E-7,1,1,0.49324550000000000,0.493245500000,-0.9865810262130424,-0.9865810262130424,-0.9865810262130424,0E-17,SENTINEL_DEALER,R03b_20260811_FULL_v1,L1_ELIGIBILITY,v2026-08-11,2026-03-21..2026-08-06,baccarat_bet02_101_all_pairs_incl_sentinel,round_win = game_pnl > 0 (decisive only),COMPATIBILITY_ONLY_NOT_PRODUCTION,461.4931,461.4931,168.5535,45,17,-0.36523527,,-0.36523527,-0.36523527,-168.5535,461.4931,OK,0.0000,6.7421,4.0000,96.0000,AG03-UNRESOLVED,ALL5_LEVELS_bet23_to_bet27,6.7421,6.7421,6.7421,10.1132,0.0000,4.000000,4.000000,4.000000,6.000000,0.000000,96.000000,96.000000,96.000000,94.000000,100.000000,5.0,30.3396,28.3757,138.2139,140.1779,PENDING_AG03,FALSE,NOT_FOR_ENFORCEMENT,161.8114,443.0333,168.5535,161.8114,6.7421,0.36523527,0.35062586,6.7421,161.8114,0.35062586,6.7421,6.7421,6.7421,10.1132,0.0000,161.8114,0.35062586,30.3396,28.3757,138.2139,140.1779,0.29949292,0.30374858,0.01460941,10.2554,27.1467,9.9149,168.5535,33.7107,461.4931,17.0000,,10.2554,2.1082,4.2165,15.2847,32.8885,40.5836,42.1647,4.2165,-2.1082,9.625,10.0,2.432222,5,6,1,8,0E-8,0.36523527,,0E-8,0.000000,1.000000,0.000000,,2026-04-25,2026-04-25,1,5,5,1,1.000000,,,0.000000,,,,,,,,GLOBAL_BASELINE_NO_ENTITY_RANKING,,,NOT_APPLICABLE_GLOBAL_BASELINE,HF9g-P5,,,,X 全窗基线 · 不参与实体赏罚,6875387,688,A168_HF9F_20260827_0900,2026-08-27 09:00:00
2026-04-25,149143204,1004,0,52.7059220375,-52.7059220375,-52.7059220375,0E-7,3,3,0.49771390000000000,0.497713900000,-1.724149546644903,-1.724149546644903,-1.724149546644903,0E-17,ELIGIBLE,R03b_20260811_FULL_v1,L1_ELIGIBILITY,v2026-08-11,2026-03-21..2026-08-06,baccarat_bet02_101_all_pairs_incl_sentinel,round_win = game_pnl > 0 (decisive only),COMPATIBILITY_ONLY_NOT_PRODUCTION,461.4931,461.4931,168.5535,45,17,-0.36523527,,-0.36523527,-0.36523527,-168.5535,461.4931,OK,0.0000,6.7421,4.0000,96.0000,AG03-UNRESOLVED,ALL5_LEVELS_bet23_to_bet27,6.7421,6.7421,6.7421,10.1132,0.0000,4.000000,4.000000,4.000000,6.000000,0.000000,96.000000,96.000000,96.000000,94.000000,100.000000,5.0,30.3396,28.3757,138.2139,140.1779,PENDING_AG03,FALSE,NOT_FOR_ENFORCEMENT,161.8114,443.0333,168.5535,161.8114,6.7421,0.36523527,0.35062586,6.7421,161.8114,0.35062586,6.7421,6.7421,6.7421,10.1132,0.0000,161.8114,0.35062586,30.3396,28.3757,138.2139,140.1779,0.29949292,0.30374858,0.01460941,10.2554,27.1467,9.9149,168.5535,33.7107,461.4931,17.0000,,10.2554,2.1082,4.2165,15.2847,32.8885,40.5836,42.1647,4.2165,-2.1082,9.625,10.0,2.432222,5,6,1,8,0E-8,0.36523527,,0E-8,0.000000,1.000000,0.000000,,2026-04-25,2026-04-25,1,5,5,1,1.000000,,,0.000000,,,,,,,,GLOBAL_BASELINE_NO_ENTITY_RANKING,,,NOT_APPLICABLE_GLOBAL_BASELINE,HF9g-P5,,,,X 全窗基线 · 不参与实体赏罚,6875388,688,A168_HF9F_20260827_0900,2026-08-27 09:00:00
2026-04-25,149143204,2123,0,115.9530284824,-58.0819260853,-58.0819260853,0.5000000,15,4,0.41392896971339998,0.254114367500,0.3495014313615573,1.1295680960017442,0.3495014313615573,0.15981460221339998,ELIGIBLE,R03b_20260811_FULL_v1,L1_ELIGIBILITY,v2026-08-11,2026-03-21..2026-08-06,baccarat_bet02_101_all_pairs_incl_sentinel,round_win = game_pnl > 0 (decisive only),COMPATIBILITY_ONLY_NOT_PRODUCTION,461.4931,461.4931,168.5535,45,17,-0.36523527,,-0.36523527,-0.36523527,-168.5535,461.4931,OK,0.0000,6.7421,4.0000,96.0000,AG03-UNRESOLVED,ALL5_LEVELS_bet23_to_bet27,6.7421,6.7421,6.7421,10.1132,0.0000,4.000000,4.000000,4.000000,6.000000,0.000000,96.000000,96.000000,96.000000,94.000000,100.000000,5.0,30.3396,28.3757,138.2139,140.1779,PENDING_AG03,FALSE,NOT_FOR_ENFORCEMENT,161.8114,443.0333,168.5535,161.8114,6.7421,0.36523527,0.35062586,6.7421,161.8114,0.35062586,6.7421,6.7421,6.7421,10.1132,0.0000,161.8114,0.35062586,30.3396,28.3757,138.2139,140.1779,0.29949292,0.30374858,0.01460941,10.2554,27.1467,9.9149,168.5535,33.7107,461.4931,17.0000,,10.2554,2.1082,4.2165,15.2847,32.8885,40.5836,42.1647,4.2165,-2.1082,9.625,10.0,2.432222,5,6,1,8,0E-8,0.36523527,,0E-8,0.000000,1.000000,0.000000,,2026-04-25,2026-04-25,1,5,5,1,1.000000,,,0.000000,,,,,,,,GLOBAL_BASELINE_NO_ENTITY_RANKING,,,NOT_APPLICABLE_GLOBAL_BASELINE,HF9g-P5,,,,X 全窗基线 · 不参与实体赏罚,6875389,688,A168_HF9F_20260827_0900,2026-08-27 09:00:00
2026-04-25,149143204,2127,0,42.1647376300,20.0282503742,20.0282503742,0.6666667,3,3,0.49771390000000000,0.497713900000,0.5852756695216578,0.5852756695216578,0.5852756695216578,0E-17,ELIGIBLE,R03b_20260811_FULL_v1,L1_ELIGIBILITY,v2026-08-11,2026-03-21..2026-08-06,baccarat_bet02_101_all_pairs_incl_sentinel,round_win = game_pnl > 0 (decisive only),COMPATIBILITY_ONLY_NOT_PRODUCTION,461.4931,461.4931,168.5535,45,17,-0.36523527,,-0.36523527,-0.36523527,-168.5535,461.4931,OK,0.0000,6.7421,4.0000,96.0000,AG03-UNRESOLVED,ALL5_LEVELS_bet23_to_bet27,6.7421,6.7421,6.7421,10.1132,0.0000,4.000000,4.000000,4.000000,6.000000,0.000000,96.000000,96.000000,96.000000,94.000000,100.000000,5.0,30.3396,28.3757,138.2139,140.1779,PENDING_AG03,FALSE,NOT_FOR_ENFORCEMENT,161.8114,443.0333,168.5535,161.8114,6.7421,0.36523527,0.35062586,6.7421,161.8114,0.35062586,6.7421,6.7421,6.7421,10.1132,0.0000,161.8114,0.35062586,30.3396,28.3757,138.2139,140.1779,0.29949292,0.30374858,0.01460941,10.2554,27.1467,9.9149,168.5535,33.7107,461.4931,17.0000,,10.2554,2.1082,4.2165,15.2847,32.8885,40.5836,42.1647,4.2165,-2.1082,9.625,10.0,2.432222,5,6,1,8,0E-8,0.36523527,,0E-8,0.000000,1.000000,0.000000,,2026-04-25,2026-04-25,1,5,5,1,1.000000,,,0.000000,,,,,,,,GLOBAL_BASELINE_NO_ENTITY_RANKING,,,NOT_APPLICABLE_GLOBAL_BASELINE,HF9g-P5,,,,X 全窗基线 · 不参与实体赏罚,6875390,688,A168_HF9F_20260827_0900,2026-08-27 09:00:00
2026-04-25,149143204,2141,0,191.6387325280,-18.7633082452,-18.7633082452,0.2000000,19,5,0.42159580504393783,0.250369861333,-1.0034198296230543,-0.259980762739313,-1.0034198296230543,0.17122594371093783,ELIGIBLE,R03b_20260811_FULL_v1,L1_ELIGIBILITY,v2026-08-11,2026-03-21..2026-08-06,baccarat_bet02_101_all_pairs_incl_sentinel,round_win = game_pnl > 0 (decisive only),COMPATIBILITY_ONLY_NOT_PRODUCTION,461.4931,461.4931,168.5535,45,17,-0.36523527,,-0.36523527,-0.36523527,-168.5535,461.4931,OK,0.0000,6.7421,4.0000,96.0000,AG03-UNRESOLVED,ALL5_LEVELS_bet23_to_bet27,6.7421,6.7421,6.7421,10.1132,0.0000,4.000000,4.000000,4.000000,6.000000,0.000000,96.000000,96.000000,96.000000,94.000000,100.000000,5.0,30.3396,28.3757,138.2139,140.1779,PENDING_AG03,FALSE,NOT_FOR_ENFORCEMENT,161.8114,443.0333,168.5535,161.8114,6.7421,0.36523527,0.35062586,6.7421,161.8114,0.35062586,6.7421,6.7421,6.7421,10.1132,0.0000,161.8114,0.35062586,30.3396,28.3757,138.2139,140.1779,0.29949292,0.30374858,0.01460941,10.2554,27.1467,9.9149,168.5535,33.7107,461.4931,17.0000,,10.2554,2.1082,4.2165,15.2847,32.8885,40.5836,42.1647,4.2165,-2.1082,9.625,10.0,2.432222,5,6,1,8,0E-8,0.36523527,,0E-8,0.000000,1.000000,0.000000,,2026-04-25,2026-04-25,1,5,5,1,1.000000,,,0.000000,,,,,,,,GLOBAL_BASELINE_NO_ENTITY_RANKING,,,NOT_APPLICABLE_GLOBAL_BASELINE,HF9g-P5,,,,X 全窗基线 · 不参与实体赏罚,6875391,688,A168_HF9F_20260827_0900,2026-08-27 09:00:00
2026-04-25,149143204,595,0,44.2729745114,-44.2729745114,-44.2729745114,0E-7,4,1,0.44726526190462777,0.194877150000,-0.8995477145121208,-0.491982192514944,-0.8995477145121208,0.25238811190462777,ELIGIBLE,R03b_20260811_FULL_v1,L1_ELIGIBILITY,v2026-08-11,2026-03-21..2026-08-06,baccarat_bet02_101_all_pairs_incl_sentinel,round_win = game_pnl > 0 (decisive only),COMPATIBILITY_ONLY_NOT_PRODUCTION,461.4931,461.4931,168.5535,45,17,-0.36523527,,-0.36523527,-0.36523527,-168.5535,461.4931,OK,0.0000,6.7421,4.0000,96.0000,AG03-UNRESOLVED,ALL5_LEVELS_bet23_to_bet27,6.7421,6.7421,6.7421,10.1132,0.0000,4.000000,4.000000,4.000000,6.000000,0.000000,96.000000,96.000000,96.000000,94.000000,100.000000,5.0,30.3396,28.3757,138.2139,140.1779,PENDING_AG03,FALSE,NOT_FOR_ENFORCEMENT,161.8114,443.0333,168.5535,161.8114,6.7421,0.36523527,0.35062586,6.7421,161.8114,0.35062586,6.7421,6.7421,6.7421,10.1132,0.0000,161.8114,0.35062586,30.3396,28.3757,138.2139,140.1779,0.29949292,0.30374858,0.01460941,10.2554,27.1467,9.9149,168.5535,33.7107,461.4931,17.0000,,10.2554,2.1082,4.2165,15.2847,32.8885,40.5836,42.1647,4.2165,-2.1082,9.625,10.0,2.432222,5,6,1,8,0E-8,0.36523527,,0E-8,0.000000,1.000000,0.000000,,2026-04-25,2026-04-25,1,5,5,1,1.000000,,,0.000000,,,,,,,,GLOBAL_BASELINE_NO_ENTITY_RANKING,,,NOT_APPLICABLE_GLOBAL_BASELINE,HF9g-P5,,,,X 全窗基线 · 不参与实体赏罚,6875392,688,A168_HF9F_20260827_0900,2026-08-27 09:00:00
2026-04-29,149341366,2170,0,21.0823688150,-21.0823688150,-21.0823688150,0E-7,1,1,0.49324550000000000,0.493245500000,-0.9865810262130424,-0.9865810262130424,-0.9865810262130424,0E-17,ELIGIBLE,R03b_20260811_FULL_v1,L1_ELIGIBILITY,v2026-08-11,2026-03-21..2026-08-06,baccarat_bet02_101_all_pairs_incl_sentinel,round_win = game_pnl > 0 (decisive only),COMPATIBILITY_ONLY_NOT_PRODUCTION,259.7348,259.7348,168.5535,24,12,-0.64894481,,-0.64894481,-0.64894481,-168.5535,259.7348,THIN_EXPOSURE,0.0000,6.7421,4.0000,96.0000,AG03-UNRESOLVED,ALL5_LEVELS_bet23_to_bet27,6.7421,6.7421,6.7421,6.7421,6.7421,4.000000,4.000000,4.000000,4.000000,4.000000,96.000000,96.000000,96.000000,96.000000,96.000000,5.0,33.7107,31.1196,134.8428,137.434,PENDING_AG03,FALSE,NOT_FOR_ENFORCEMENT,161.8114,249.3454,168.5535,161.8114,6.7421,0.64894481,0.62298701,6.7421,161.8114,0.62298701,6.7421,6.7421,6.7421,6.7421,6.7421,161.8114,0.62298701,33.7107,31.1196,134.8428,137.434,0.51915584,0.52913188,0.02595779,10.8223,21.6446,14.0461,84.2768,18.7282,129.8674,6.0000,,10.8223,4.2165,8.4329,14.7577,21.9678,32.3403,37.9483,8.4329,-4.2165,3.834999,4.5,1.283333,9,8,3,5,0E-8,0.64894481,,0E-8,0.000000,1.000000,0.000000,,2026-04-29,2026-04-30,2,9,9,2,1.000000,,,0.000000,,,,,,,,GLOBAL_BASELINE_NO_ENTITY_RANKING,,,NOT_APPLICABLE_GLOBAL_BASELINE,HF9g-P5,,,,X 全窗基线 · 不参与实体赏罚,6875393,688,A168_HF9F_20260827_0900,2026-08-27 09:00:00
2026-04-30,149341366,-1,1,128.6024497714,-103.9360782579,-103.9360782579,0.2000000,12,5,0.39827220785712137,0.255372283333,-0.9056425286641238,-0.28393632440801253,-0.9056425286641238,0.14289992452412137,SENTINEL_DEALER,R03b_20260811_FULL_v1,L1_ELIGIBILITY,v2026-08-11,2026-03-21..2026-08-06,baccarat_bet02_101_all_pairs_incl_sentinel,round_win = game_pnl > 0 (decisive only),COMPATIBILITY_ONLY_NOT_PRODUCTION,259.7348,259.7348,168.5535,24,12,-0.64894481,,-0.64894481,-0.64894481,-168.5535,259.7348,THIN_EXPOSURE,0.0000,6.7421,4.0000,96.0000,AG03-UNRESOLVED,ALL5_LEVELS_bet23_to_bet27,6.7421,6.7421,6.7421,6.7421,6.7421,4.000000,4.000000,4.000000,4.000000,4.000000,96.000000,96.000000,96.000000,96.000000,96.000000,5.0,33.7107,31.1196,134.8428,137.434,PENDING_AG03,FALSE,NOT_FOR_ENFORCEMENT,161.8114,249.3454,168.5535,161.8114,6.7421,0.64894481,0.62298701,6.7421,161.8114,0.62298701,6.7421,6.7421,6.7421,6.7421,6.7421,161.8114,0.62298701,33.7107,31.1196,134.8428,137.434,0.51915584,0.52913188,0.02595779,10.8223,21.6446,14.0461,84.2768,18.7282,129.8674,6.0000,,10.8223,4.2165,8.4329,14.7577,21.9678,32.3403,37.9483,8.4329,-4.2165,3.834999,4.5,1.283333,9,8,3,5,0E-8,0.64894481,,0E-8,0.000000,1.000000,0.000000,,2026-04-29,2026-04-30,2,9,9,2,1.000000,,,0.000000,,,,,,,,GLOBAL_BASELINE_NO_ENTITY_RANKING,,,NOT_APPLICABLE_GLOBAL_BASELINE,HF9g-P5,,,,X 全窗基线 · 不参与实体赏罚,6875394,688,A168_HF9F_20260827_0900,2026-08-27 09:00:00
2026-04-30,149341366,1299,0,38.3699112432,-38.3699112432,-38.3699112432,0E-7,2,1,0.40277121428547849,0.287416500000,-0.8212187302641383,-0.6350939377956173,-0.8212187302641383,0.11535471428547849,ELIGIBLE,R03b_20260811_FULL_v1,L1_ELIGIBILITY,v2026-08-11,2026-03-21..2026-08-06,baccarat_bet02_101_all_pairs_incl_sentinel,round_win = game_pnl > 0 (decisive only),COMPATIBILITY_ONLY_NOT_PRODUCTION,259.7348,259.7348,168.5535,24,12,-0.64894481,,-0.64894481,-0.64894481,-168.5535,259.7348,THIN_EXPOSURE,0.0000,6.7421,4.0000,96.0000,AG03-UNRESOLVED,ALL5_LEVELS_bet23_to_bet27,6.7421,6.7421,6.7421,6.7421,6.7421,4.000000,4.000000,4.000000,4.000000,4.000000,96.000000,96.000000,96.000000,96.000000,96.000000,5.0,33.7107,31.1196,134.8428,137.434,PENDING_AG03,FALSE,NOT_FOR_ENFORCEMENT,161.8114,249.3454,168.5535,161.8114,6.7421,0.64894481,0.62298701,6.7421,161.8114,0.62298701,6.7421,6.7421,6.7421,6.7421,6.7421,161.8114,0.62298701,33.7107,31.1196,134.8428,137.434,0.51915584,0.52913188,0.02595779,10.8223,21.6446,14.0461,84.2768,18.7282,129.8674,6.0000,,10.8223,4.2165,8.4329,14.7577,21.9678,32.3403,37.9483,8.4329,-4.2165,3.834999,4.5,1.283333,9,8,3,5,0E-8,0.64894481,,0E-8,0.000000,1.000000,0.000000,,2026-04-29,2026-04-30,2,9,9,2,1.000000,,,0.000000,,,,,,,,GLOBAL_BASELINE_NO_ENTITY_RANKING,,,NOT_APPLICABLE_GLOBAL_BASELINE,HF9g-P5,,,,X 全窗基线 · 不参与实体赏罚,6875395,688,A168_HF9F_20260827_0900,2026-08-27 09:00:00
2026-04-30,149341366,1318,0,27.4070794595,9.5924778108,9.5924778108,1.0000000,2,1,0.37986673076923077,0.300626750000,1.277694090253001,1.5252488199758223,1.277694090253001,0.07923998076923077,ELIGIBLE,R03b_20260811_FULL_v1,L1_ELIGIBILITY,v2026-08-11,2026-03-21..2026-08-06,baccarat_bet02_101_all_pairs_incl_sentinel,round_win = game_pnl > 0 (decisive only),COMPATIBILITY_ONLY_NOT_PRODUCTION,259.7348,259.7348,168.5535,24,12,-0.64894481,,-0.64894481,-0.64894481,-168.5535,259.7348,THIN_EXPOSURE,0.0000,6.7421,4.0000,96.0000,AG03-UNRESOLVED,ALL5_LEVELS_bet23_to_bet27,6.7421,6.7421,6.7421,6.7421,6.7421,4.000000,4.000000,4.000000,4.000000,4.000000,96.000000,96.000000,96.000000,96.000000,96.000000,5.0,33.7107,31.1196,134.8428,137.434,PENDING_AG03,FALSE,NOT_FOR_ENFORCEMENT,161.8114,249.3454,168.5535,161.8114,6.7421,0.64894481,0.62298701,6.7421,161.8114,0.62298701,6.7421,6.7421,6.7421,6.7421,6.7421,161.8114,0.62298701,33.7107,31.1196,134.8428,137.434,0.51915584,0.52913188,0.02595779,10.8223,21.6446,14.0461,84.2768,18.7282,129.8674,6.0000,,10.8223,4.2165,8.4329,14.7577,21.9678,32.3403,37.9483,8.4329,-4.2165,3.834999,4.5,1.283333,9,8,3,5,0E-8,0.64894481,,0E-8,0.000000,1.000000,0.000000,,2026-04-29,2026-04-30,2,9,9,2,1.000000,,,0.000000,,,,,,,,GLOBAL_BASELINE_NO_ENTITY_RANKING,,,NOT_APPLICABLE_GLOBAL_BASELINE,HF9g-P5,,,,X 全窗基线 · 不参与实体赏罚,6875396,688,A168_HF9F_20260827_0900,2026-08-27 09:00:00
2026-04-30,149341366,2130,0,12.6494212890,4.2164737630,4.2164737630,1.0000000,2,1,0.36036460000000000,0.293924150000,1.3322790070060766,1.549915577879723,1.3322790070060766,0.06644045000000000,ELIGIBLE,R03b_20260811_FULL_v1,L1_ELIGIBILITY,v2026-08-11,2026-03-21..2026-08-06,baccarat_bet02_101_all_pairs_incl_sentinel,round_win = game_pnl > 0 (decisive only),COMPATIBILITY_ONLY_NOT_PRODUCTION,259.7348,259.7348,168.5535,24,12,-0.64894481,,-0.64894481,-0.64894481,-168.5535,259.7348,THIN_EXPOSURE,0.0000,6.7421,4.0000,96.0000,AG03-UNRESOLVED,ALL5_LEVELS_bet23_to_bet27,6.7421,6.7421,6.7421,6.7421,6.7421,4.000000,4.000000,4.000000,4.000000,4.000000,96.000000,96.000000,96.000000,96.000000,96.000000,5.0,33.7107,31.1196,134.8428,137.434,PENDING_AG03,FALSE,NOT_FOR_ENFORCEMENT,161.8114,249.3454,168.5535,161.8114,6.7421,0.64894481,0.62298701,6.7421,161.8114,0.62298701,6.7421,6.7421,6.7421,6.7421,6.7421,161.8114,0.62298701,33.7107,31.1196,134.8428,137.434,0.51915584,0.52913188,0.02595779,10.8223,21.6446,14.0461,84.2768,18.7282,129.8674,6.0000,,10.8223,4.2165,8.4329,14.7577,21.9678,32.3403,37.9483,8.4329,-4.2165,3.834999,4.5,1.283333,9,8,3,5,0E-8,0.64894481,,0E-8,0.000000,1.000000,0.000000,,2026-04-29,2026-04-30,2,9,9,2,1.000000,,,0.000000,,,,,,,,GLOBAL_BASELINE_NO_ENTITY_RANKING,,,NOT_APPLICABLE_GLOBAL_BASELINE,HF9g-P5,,,,X 全窗基线 · 不参与实体赏罚,6875397,688,A168_HF9F_20260827_0900,2026-08-27 09:00:00
2026-04-30,149341366,2145,0,16.8658950520,-16.8658950520,-16.8658950520,0E-7,2,1,0.39033100000000000,0.287416500000,-0.800146418517346,-0.6350939377956173,-0.800146418517346,0.10291450000000000,ELIGIBLE,R03b_20260811_FULL_v1,L1_ELIGIBILITY,v2026-08-11,2026-03-21..2026-08-06,baccarat_bet02_101_all_pairs_incl_sentinel,round_win = game_pnl > 0 (decisive only),COMPATIBILITY_ONLY_NOT_PRODUCTION,259.7348,259.7348,168.5535,24,12,-0.64894481,,-0.64894481,-0.64894481,-168.5535,259.7348,THIN_EXPOSURE,0.0000,6.7421,4.0000,96.0000,AG03-UNRESOLVED,ALL5_LEVELS_bet23_to_bet27,6.7421,6.7421,6.7421,6.7421,6.7421,4.000000,4.000000,4.000000,4.000000,4.000000,96.000000,96.000000,96.000000,96.000000,96.000000,5.0,33.7107,31.1196,134.8428,137.434,PENDING_AG03,FALSE,NOT_FOR_ENFORCEMENT,161.8114,249.3454,168.5535,161.8114,6.7421,0.64894481,0.62298701,6.7421,161.8114,0.62298701,6.7421,6.7421,6.7421,6.7421,6.7421,161.8114,0.62298701,33.7107,31.1196,134.8428,137.434,0.51915584,0.52913188,0.02595779,10.8223,21.6446,14.0461,84.2768,18.7282,129.8674,6.0000,,10.8223,4.2165,8.4329,14.7577,21.9678,32.3403,37.9483,8.4329,-4.2165,3.834999,4.5,1.283333,9,8,3,5,0E-8,0.64894481,,0E-8,0.000000,1.000000,0.000000,,2026-04-29,2026-04-30,2,9,9,2,1.000000,,,0.000000,,,,,,,,GLOBAL_BASELINE_NO_ENTITY_RANKING,,,NOT_APPLICABLE_GLOBAL_BASELINE,HF9g-P5,,,,X 全窗基线 · 不参与实体赏罚,6875398,688,A168_HF9F_20260827_0900,2026-08-27 09:00:00
2026-04-30,149341366,2239,0,10.5411844075,2.1082368815,2.1082368815,1.0000000,2,1,0.32858230000000000,0.287416500000,1.4294675808735224,1.5745702178656522,1.4294675808735224,0.04116580000000000,ELIGIBLE,R03b_20260811_FULL_v1,L1_ELIGIBILITY,v2026-08-11,2026-03-21..2026-08-06,baccarat_bet02_101_all_pairs_incl_sentinel,round_win = game_pnl > 0 (decisive only),COMPATIBILITY_ONLY_NOT_PRODUCTION,259.7348,259.7348,168.5535,24,12,-0.64894481,,-0.64894481,-0.64894481,-168.5535,259.7348,THIN_EXPOSURE,0.0000,6.7421,4.0000,96.0000,AG03-UNRESOLVED,ALL5_LEVELS_bet23_to_bet27,6.7421,6.7421,6.7421,6.7421,6.7421,4.000000,4.000000,4.000000,4.000000,4.000000,96.000000,96.000000,96.000000,96.000000,96.000000,5.0,33.7107,31.1196,134.8428,137.434,PENDING_AG03,FALSE,NOT_FOR_ENFORCEMENT,161.8114,249.3454,168.5535,161.8114,6.7421,0.64894481,0.62298701,6.7421,161.8114,0.62298701,6.7421,6.7421,6.7421,6.7421,6.7421,161.8114,0.62298701,33.7107,31.1196,134.8428,137.434,0.51915584,0.52913188,0.02595779,10.8223,21.6446,14.0461,84.2768,18.7282,129.8674,6.0000,,10.8223,4.2165,8.4329,14.7577,21.9678,32.3403,37.9483,8.4329,-4.2165,3.834999,4.5,1.283333,9,8,3,5,0E-8,0.64894481,,0E-8,0.000000,1.000000,0.000000,,2026-04-29,2026-04-30,2,9,9,2,1.000000,,,0.000000,,,,,,,,GLOBAL_BASELINE_NO_ENTITY_RANKING,,,NOT_APPLICABLE_GLOBAL_BASELINE,HF9g-P5,,,,X 全窗基线 · 不参与实体赏罚,6875399,688,A168_HF9F_20260827_0900,2026-08-27 09:00:00
2026-04-30,149341366,2254,0,4.2164737630,-4.2164737630,-4.2164737630,0E-7,1,1,0.50665070000000000,0.506650700000,-1.013391052207602,-1.013391052207602,-1.013391052207602,0E-17,ELIGIBLE,R03b_20260811_FULL_v1,L1_ELIGIBILITY,v2026-08-11,2026-03-21..2026-08-06,baccarat_bet02_101_all_pairs_incl_sentinel,round_win = game_pnl > 0 (decisive only),COMPATIBILITY_ONLY_NOT_PRODUCTION,259.7348,259.7348,168.5535,24,12,-0.64894481,,-0.64894481,-0.64894481,-168.5535,259.7348,THIN_EXPOSURE,0.0000,6.7421,4.0000,96.0000,AG03-UNRESOLVED,ALL5_LEVELS_bet23_to_bet27,6.7421,6.7421,6.7421,6.7421,6.7421,4.000000,4.000000,4.000000,4.000000,4.000000,96.000000,96.000000,96.000000,96.000000,96.000000,5.0,33.7107,31.1196,134.8428,137.434,PENDING_AG03,FALSE,NOT_FOR_ENFORCEMENT,161.8114,249.3454,168.5535,161.8114,6.7421,0.64894481,0.62298701,6.7421,161.8114,0.62298701,6.7421,6.7421,6.7421,6.7421,6.7421,161.8114,0.62298701,33.7107,31.1196,134.8428,137.434,0.51915584,0.52913188,0.02595779,10.8223,21.6446,14.0461,84.2768,18.7282,129.8674,6.0000,,10.8223,4.2165,8.4329,14.7577,21.9678,32.3403,37.9483,8.4329,-4.2165,3.834999,4.5,1.283333,9,8,3,5,0E-8,0.64894481,,0E-8,0.000000,1.000000,0.000000,,2026-04-29,2026-04-30,2,9,9,2,1.000000,,,0.000000,,,,,,,,GLOBAL_BASELINE_NO_ENTITY_RANKING,,,NOT_APPLICABLE_GLOBAL_BASELINE,HF9g-P5,,,,X 全窗基线 · 不参与实体赏罚,6875400,688,A168_HF9F_20260827_0900,2026-08-27 09:00:00
2026-04-16,148760852,1109,0,178.5676638628,-116.9017350790,-116.9017350790,0.4000000,5,5,0.50665070000000000,0.506650700000,-0.4769986289884125,-0.4769986289884125,-0.4769986289884125,0E-17,ELIGIBLE,R03b_20260811_FULL_v1,L1_ELIGIBILITY,v2026-08-11,2026-03-21..2026-08-06,baccarat_bet02_101_all_pairs_incl_sentinel,round_win = game_pnl > 0 (decisive only),COMPATIBILITY_ONLY_NOT_PRODUCTION,251.3018,230.2195,168.5535,8,8,-0.67072148,,-0.67072148,-0.67072148,-168.5535,251.3018,THIN_EXPOSURE,0.0000,6.7421,4.0000,96.0000,AG03-UNRESOLVED,ALL5_LEVELS_bet23_to_bet27,6.7421,6.7421,6.7421,10.1132,10.1132,4.000000,4.000000,4.000000,6.000000,6.000000,96.000000,96.000000,96.000000,94.000000,94.000000,5.0,40.4528,36.7863,128.1007,131.7672,PENDING_AG03,FALSE,NOT_FOR_ENFORCEMENT,161.8114,221.0107,168.5535,161.8114,6.7421,0.67072148,0.64389262,6.7421,161.8114,0.64389262,6.7421,6.7421,6.7421,10.1132,10.1132,161.8114,0.64389262,40.4528,36.7863,128.1007,131.7672,0.50974832,0.52433835,0.02682886,31.4127,28.7774,21.0692,168.5535,56.1845,251.3018,8.0000,,31.4127,15.8118,21.0824,30.7803,83.0856,105.4118,105.4118,21.0824,-15.8118,5.0,5.0,1.49,2,2,1,2,0E-8,0.67072148,,0E-8,0.000000,0.916107,0.000000,,2026-04-16,2026-04-16,1,3,2,1,1.000000,,,0.000000,,,,,,,,GLOBAL_BASELINE_NO_ENTITY_RANKING,,,NOT_APPLICABLE_GLOBAL_BASELINE,HF9g-P5,,,,X 全窗基线 · 不参与实体赏罚,6875401,688,A168_HF9F_20260827_0900,2026-08-27 09:00:00
2026-04-16,148760852,2160,0,72.7341724117,-51.6518035967,-51.6518035967,0E-7,3,3,0.49771390000000000,0.497713900000,-1.4077622098436522,-1.4077622098436524,-1.4077622098436522,0E-17,ELIGIBLE,R03b_20260811_FULL_v1,L1_ELIGIBILITY,v2026-08-11,2026-03-21..2026-08-06,baccarat_bet02_101_all_pairs_incl_sentinel,round_win = game_pnl > 0 (decisive only),COMPATIBILITY_ONLY_NOT_PRODUCTION,251.3018,230.2195,168.5535,8,8,-0.67072148,,-0.67072148,-0.67072148,-168.5535,251.3018,THIN_EXPOSURE,0.0000,6.7421,4.0000,96.0000,AG03-UNRESOLVED,ALL5_LEVELS_bet23_to_bet27,6.7421,6.7421,6.7421,10.1132,10.1132,4.000000,4.000000,4.000000,6.000000,6.000000,96.000000,96.000000,96.000000,94.000000,94.000000,5.0,40.4528,36.7863,128.1007,131.7672,PENDING_AG03,FALSE,NOT_FOR_ENFORCEMENT,161.8114,221.0107,168.5535,161.8114,6.7421,0.67072148,0.64389262,6.7421,161.8114,0.64389262,6.7421,6.7421,6.7421,10.1132,10.1132,161.8114,0.64389262,40.4528,36.7863,128.1007,131.7672,0.50974832,0.52433835,0.02682886,31.4127,28.7774,21.0692,168.5535,56.1845,251.3018,8.0000,,31.4127,15.8118,21.0824,30.7803,83.0856,105.4118,105.4118,21.0824,-15.8118,5.0,5.0,1.49,2,2,1,2,0E-8,0.67072148,,0E-8,0.000000,0.916107,0.000000,,2026-04-16,2026-04-16,1,3,2,1,1.000000,,,0.000000,,,,,,,,GLOBAL_BASELINE_NO_ENTITY_RANKING,,,NOT_APPLICABLE_GLOBAL_BASELINE,HF9g-P5,,,,X 全窗基线 · 不参与实体赏罚,6875402,688,A168_HF9F_20260827_0900,2026-08-27 09:00:00
2026-05-10,149846475,1396,0,17.4351433673,-5.9657598991,-5.9657598991,0.5000000,2,2,0.50665070000000000,0.506650700000,-0.018812684590367487,-0.018812684590367487,-0.018812684590367487,0E-17,ELIGIBLE,R03b_20260811_FULL_v1,L1_ELIGIBILITY,v2026-08-11,2026-03-21..2026-08-06,baccarat_bet02_101_all_pairs_incl_sentinel,round_win = game_pnl > 0 (decisive only),COMPATIBILITY_ONLY_NOT_PRODUCTION,415.0824,349.9632,168.5537,35,35,-0.40607287,,-0.40607287,-0.40607287,-168.5537,415.0824,OK,0.0000,6.7421,4.0000,96.0000,AG03-UNRESOLVED,ALL5_LEVELS_bet23_to_bet27,6.7421,6.7421,6.7421,6.7421,6.7421,4.000000,4.000000,4.000000,4.000000,4.000000,96.000000,96.000000,96.000000,96.000000,96.000000,5.0,33.7107,31.1196,134.8430,137.4341,PENDING_AG03,FALSE,NOT_FOR_ENFORCEMENT,161.8116,335.9647,168.5537,161.8116,6.7421,0.40607287,0.38982996,6.7421,161.8116,0.38982996,6.7421,6.7421,6.7421,6.7421,6.7421,161.8116,0.38982996,33.7107,31.1196,134.8430,137.4341,0.32485830,0.33110074,0.01624291,11.8595,9.9989,4.8158,84.2769,33.7107,207.5412,17.5000,,11.8595,8.9276,10.5031,11.921,21.0062,21.0062,27.3081,10.5031,-8.4025,2.0,2.6,1.129143,5,6,1,2,0E-8,0.40607287,,0E-8,0.000000,0.843117,0.000000,,2026-05-10,2026-05-13,2,5,5,4,0.500000,,,0.000000,,,,,,,,GLOBAL_BASELINE_NO_ENTITY_RANKING,,,NOT_APPLICABLE_GLOBAL_BASELINE,HF9g-P5,,,,X 全窗基线 · 不参与实体赏罚,6875403,688,A168_HF9F_20260827_0900,2026-08-27 09:00:00
2026-05-10,149846475,1405,0,73.5216888980,-24.3671883204,-24.3671883204,0.4000000,10,10,0.50262914000000000,0.502629140000,-0.649092647016965,-0.649092647016965,-0.649092647016965,0E-17,ELIGIBLE,R03b_20260811_FULL_v1,L1_ELIGIBILITY,v2026-08-11,2026-03-21..2026-08-06,baccarat_bet02_101_all_pairs_incl_sentinel,round_win = game_pnl > 0 (decisive only),COMPATIBILITY_ONLY_NOT_PRODUCTION,415.0824,349.9632,168.5537,35,35,-0.40607287,,-0.40607287,-0.40607287,-168.5537,415.0824,OK,0.0000,6.7421,4.0000,96.0000,AG03-UNRESOLVED,ALL5_LEVELS_bet23_to_bet27,6.7421,6.7421,6.7421,6.7421,6.7421,4.000000,4.000000,4.000000,4.000000,4.000000,96.000000,96.000000,96.000000,96.000000,96.000000,5.0,33.7107,31.1196,134.8430,137.4341,PENDING_AG03,FALSE,NOT_FOR_ENFORCEMENT,161.8116,335.9647,168.5537,161.8116,6.7421,0.40607287,0.38982996,6.7421,161.8116,0.38982996,6.7421,6.7421,6.7421,6.7421,6.7421,161.8116,0.38982996,33.7107,31.1196,134.8430,137.4341,0.32485830,0.33110074,0.01624291,11.8595,9.9989,4.8158,84.2769,33.7107,207.5412,17.5000,,11.8595,8.9276,10.5031,11.921,21.0062,21.0062,27.3081,10.5031,-8.4025,2.0,2.6,1.129143,5,6,1,2,0E-8,0.40607287,,0E-8,0.000000,0.843117,0.000000,,2026-05-10,2026-05-13,2,5,5,4,0.500000,,,0.000000,,,,,,,,GLOBAL_BASELINE_NO_ENTITY_RANKING,,,NOT_APPLICABLE_GLOBAL_BASELINE,HF9g-P5,,,,X 全窗基线 · 不参与实体赏罚,6875404,688,A168_HF9F_20260827_0900,2026-08-27 09:00:00
2026-05-13,149846475,1318,0,144.3125722090,-72.8915029934,-72.8915029934,0.1666667,8,8,0.49827245000000000,0.498272450000,-1.6245396265204552,-1.6245396265204552,-1.6245396265204552,0E-17,ELIGIBLE,R03b_20260811_FULL_v1,L1_ELIGIBILITY,v2026-08-11,2026-03-21..2026-08-06,baccarat_bet02_101_all_pairs_incl_sentinel,round_win = game_pnl > 0 (decisive only),COMPATIBILITY_ONLY_NOT_PRODUCTION,415.0824,349.9632,168.5537,35,35,-0.40607287,,-0.40607287,-0.40607287,-168.5537,415.0824,OK,0.0000,6.7421,4.0000,96.0000,AG03-UNRESOLVED,ALL5_LEVELS_bet23_to_bet27,6.7421,6.7421,6.7421,6.7421,6.7421,4.000000,4.000000,4.000000,4.000000,4.000000,96.000000,96.000000,96.000000,96.000000,96.000000,5.0,33.7107,31.1196,134.8430,137.4341,PENDING_AG03,FALSE,NOT_FOR_ENFORCEMENT,161.8116,335.9647,168.5537,161.8116,6.7421,0.40607287,0.38982996,6.7421,161.8116,0.38982996,6.7421,6.7421,6.7421,6.7421,6.7421,161.8116,0.38982996,33.7107,31.1196,134.8430,137.4341,0.32485830,0.33110074,0.01624291,11.8595,9.9989,4.8158,84.2769,33.7107,207.5412,17.5000,,11.8595,8.9276,10.5031,11.921,21.0062,21.0062,27.3081,10.5031,-8.4025,2.0,2.6,1.129143,5,6,1,2,0E-8,0.40607287,,0E-8,0.000000,0.843117,0.000000,,2026-05-10,2026-05-13,2,5,5,4,0.500000,,,0.000000,,,,,,,,GLOBAL_BASELINE_NO_ENTITY_RANKING,,,NOT_APPLICABLE_GLOBAL_BASELINE,HF9g-P5,,,,X 全窗基线 · 不参与实体赏罚,6875405,688,A168_HF9F_20260827_0900,2026-08-27 09:00:00
2026-05-13,149846475,1994,0,11.7634702237,-11.7634702237,-11.7634702237,0E-7,1,1,0.49324550000000000,0.493245500000,-0.9865810262130424,-0.9865810262130424,-0.9865810262130424,0E-17,ELIGIBLE,R03b_20260811_FULL_v1,L1_ELIGIBILITY,v2026-08-11,2026-03-21..2026-08-06,baccarat_bet02_101_all_pairs_incl_sentinel,round_win = game_pnl > 0 (decisive only),COMPATIBILITY_ONLY_NOT_PRODUCTION,415.0824,349.9632,168.5537,35,35,-0.40607287,,-0.40607287,-0.40607287,-168.5537,415.0824,OK,0.0000,6.7421,4.0000,96.0000,AG03-UNRESOLVED,ALL5_LEVELS_bet23_to_bet27,6.7421,6.7421,6.7421,6.7421,6.7421,4.000000,4.000000,4.000000,4.000000,4.000000,96.000000,96.000000,96.000000,96.000000,96.000000,5.0,33.7107,31.1196,134.8430,137.4341,PENDING_AG03,FALSE,NOT_FOR_ENFORCEMENT,161.8116,335.9647,168.5537,161.8116,6.7421,0.40607287,0.38982996,6.7421,161.8116,0.38982996,6.7421,6.7421,6.7421,6.7421,6.7421,161.8116,0.38982996,33.7107,31.1196,134.8430,137.4341,0.32485830,0.33110074,0.01624291,11.8595,9.9989,4.8158,84.2769,33.7107,207.5412,17.5000,,11.8595,8.9276,10.5031,11.921,21.0062,21.0062,27.3081,10.5031,-8.4025,2.0,2.6,1.129143,5,6,1,2,0E-8,0.40607287,,0E-8,0.000000,0.843117,0.000000,,2026-05-10,2026-05-13,2,5,5,4,0.500000,,,0.000000,,,,,,,,GLOBAL_BASELINE_NO_ENTITY_RANKING,,,NOT_APPLICABLE_GLOBAL_BASELINE,HF9g-P5,,,,X 全窗基线 · 不参与实体赏罚,6875406,688,A168_HF9F_20260827_0900,2026-08-27 09:00:00
2026-05-13,149846475,2101,0,105.0309841401,-63.5437454048,-63.5437454048,0.1428571,9,9,0.50069283333333333,0.500692833333,-1.8934903122660114,-1.8934903122642452,-1.8934903122660114,3.3333E-13,ELIGIBLE,R03b_20260811_FULL_v1,L1_ELIGIBILITY,v2026-08-11,2026-03-21..2026-08-06,baccarat_bet02_101_all_pairs_incl_sentinel,round_win = game_pnl > 0 (decisive only),COMPATIBILITY_ONLY_NOT_PRODUCTION,415.0824,349.9632,168.5537,35,35,-0.40607287,,-0.40607287,-0.40607287,-168.5537,415.0824,OK,0.0000,6.7421,4.0000,96.0000,AG03-UNRESOLVED,ALL5_LEVELS_bet23_to_bet27,6.7421,6.7421,6.7421,6.7421,6.7421,4.000000,4.000000,4.000000,4.000000,4.000000,96.000000,96.000000,96.000000,96.000000,96.000000,5.0,33.7107,31.1196,134.8430,137.4341,PENDING_AG03,FALSE,NOT_FOR_ENFORCEMENT,161.8116,335.9647,168.5537,161.8116,6.7421,0.40607287,0.38982996,6.7421,161.8116,0.38982996,6.7421,6.7421,6.7421,6.7421,6.7421,161.8116,0.38982996,33.7107,31.1196,134.8430,137.4341,0.32485830,0.33110074,0.01624291,11.8595,9.9989,4.8158,84.2769,33.7107,207.5412,17.5000,,11.8595,8.9276,10.5031,11.921,21.0062,21.0062,27.3081,10.5031,-8.4025,2.0,2.6,1.129143,5,6,1,2,0E-8,0.40607287,,0E-8,0.000000,0.843117,0.000000,,2026-05-10,2026-05-13,2,5,5,4,0.500000,,,0.000000,,,,,,,,GLOBAL_BASELINE_NO_ENTITY_RANKING,,,NOT_APPLICABLE_GLOBAL_BASELINE,HF9g-P5,,,,X 全窗基线 · 不参与实体赏罚,6875407,688,A168_HF9F_20260827_0900,2026-08-27 09:00:00
2026-05-13,149846475,2251,0,63.0185904841,9.9779434934,9.9779434934,0.5000000,5,5,0.50128862000000000,0.501288620000,-0.0051544971185412255,-0.0051544971185412255,-0.0051544971185412255,0E-17,ELIGIBLE,R03b_20260811_FULL_v1,L1_ELIGIBILITY,v2026-08-11,2026-03-21..2026-08-06,baccarat_bet02_101_all_pairs_incl_sentinel,round_win = game_pnl > 0 (decisive only),COMPATIBILITY_ONLY_NOT_PRODUCTION,415.0824,349.9632,168.5537,35,35,-0.40607287,,-0.40607287,-0.40607287,-168.5537,415.0824,OK,0.0000,6.7421,4.0000,96.0000,AG03-UNRESOLVED,ALL5_LEVELS_bet23_to_bet27,6.7421,6.7421,6.7421,6.7421,6.7421,4.000000,4.000000,4.000000,4.000000,4.000000,96.000000,96.000000,96.000000,96.000000,96.000000,5.0,33.7107,31.1196,134.8430,137.4341,PENDING_AG03,FALSE,NOT_FOR_ENFORCEMENT,161.8116,335.9647,168.5537,161.8116,6.7421,0.40607287,0.38982996,6.7421,161.8116,0.38982996,6.7421,6.7421,6.7421,6.7421,6.7421,161.8116,0.38982996,33.7107,31.1196,134.8430,137.4341,0.32485830,0.33110074,0.01624291,11.8595,9.9989,4.8158,84.2769,33.7107,207.5412,17.5000,,11.8595,8.9276,10.5031,11.921,21.0062,21.0062,27.3081,10.5031,-8.4025,2.0,2.6,1.129143,5,6,1,2,0E-8,0.40607287,,0E-8,0.000000,0.843117,0.000000,,2026-05-10,2026-05-13,2,5,5,4,0.500000,,,0.000000,,,,,,,,GLOBAL_BASELINE_NO_ENTITY_RANKING,,,NOT_APPLICABLE_GLOBAL_BASELINE,HF9g-P5,,,,X 全窗基线 · 不参与实体赏罚,6875408,688,A168_HF9F_20260827_0900,2026-08-27 09:00:00
2026-06-24,152024486,1306,0,31.1571775751,-31.1571775751,-31.1571775751,0E-7,1,1,0.50665070000000000,0.506650700000,-1.013391052207602,-1.013391052207602,-1.013391052207602,0E-17,ELIGIBLE,R03b_20260811_FULL_v1,L1_ELIGIBILITY,v2026-08-11,2026-03-21..2026-08-06,baccarat_bet02_101_all_pairs_incl_sentinel,round_win = game_pnl > 0 (decisive only),COMPATIBILITY_ONLY_NOT_PRODUCTION,4777.1000,4575.7756,168.5586,51,43,-0.03528470,,-0.03528470,-0.03528470,-168.5586,4777.1000,OK,0.0000,6.7423,4.0000,96.0000,AG03-UNRESOLVED,ALL5_LEVELS_bet23_to_bet27,6.7423,6.7423,6.7423,6.7423,6.7423,4.000000,4.000000,4.000000,4.000000,4.000000,96.000000,96.000000,96.000000,96.000000,96.000000,5.0,33.7117,31.1205,134.8468,137.438,PENDING_AG03,FALSE,NOT_FOR_ENFORCEMENT,161.8162,4392.7446,168.5586,161.8162,6.7423,0.03528470,0.03387332,6.7423,161.8162,0.03387332,6.7423,6.7423,6.7423,6.7423,6.7423,161.8162,0.03387332,33.7117,31.1205,134.8468,137.438,0.02822776,0.02877018,0.00141139,93.6686,106.4134,3.9200,56.1862,15.3235,1592.3667,14.3333,,93.6686,56.7183,71.5366,112.4147,175.3669,241.896,316.7028,71.5366,-10.2195,3.381429,4.427143,1.30938,8,11,2,5,0E-8,0.03528470,,0E-8,0.000000,0.957856,0.000000,,2026-06-24,2026-07-04,3,11,10,11,0.272727,,,0.000000,,,,,,,,GLOBAL_BASELINE_NO_ENTITY_RANKING,,,NOT_APPLICABLE_GLOBAL_BASELINE,HF9g-P5,,,,X 全窗基线 · 不参与实体赏罚,6875409,688,A168_HF9F_20260827_0900,2026-08-27 09:00:00
2026-07-03,152024486,2239,0,173.7317581654,-14.3073212607,-14.3073212607,0.5000000,2,2,0.49994810000000000,0.499948100000,0.00014679536856514622,0.00014679536856514622,0.00014679536856514622,0E-17,ELIGIBLE,R03b_20260811_FULL_v1,L1_ELIGIBILITY,v2026-08-11,2026-03-21..2026-08-06,baccarat_bet02_101_all_pairs_incl_sentinel,round_win = game_pnl > 0 (decisive only),COMPATIBILITY_ONLY_NOT_PRODUCTION,4777.1000,4575.7756,168.5586,51,43,-0.03528470,,-0.03528470,-0.03528470,-168.5586,4777.1000,OK,0.0000,6.7423,4.0000,96.0000,AG03-UNRESOLVED,ALL5_LEVELS_bet23_to_bet27,6.7423,6.7423,6.7423,6.7423,6.7423,4.000000,4.000000,4.000000,4.000000,4.000000,96.000000,96.000000,96.000000,96.000000,96.000000,5.0,33.7117,31.1205,134.8468,137.438,PENDING_AG03,FALSE,NOT_FOR_ENFORCEMENT,161.8162,4392.7446,168.5586,161.8162,6.7423,0.03528470,0.03387332,6.7423,161.8162,0.03387332,6.7423,6.7423,6.7423,6.7423,6.7423,161.8162,0.03387332,33.7117,31.1205,134.8468,137.438,0.02822776,0.02877018,0.00141139,93.6686,106.4134,3.9200,56.1862,15.3235,1592.3667,14.3333,,93.6686,56.7183,71.5366,112.4147,175.3669,241.896,316.7028,71.5366,-10.2195,3.381429,4.427143,1.30938,8,11,2,5,0E-8,0.03528470,,0E-8,0.000000,0.957856,0.000000,,2026-06-24,2026-07-04,3,11,10,11,0.272727,,,0.000000,,,,,,,,GLOBAL_BASELINE_NO_ENTITY_RANKING,,,NOT_APPLICABLE_GLOBAL_BASELINE,HF9g-P5,,,,X 全窗基线 · 不参与实体赏罚,6875410,688,A168_HF9F_20260827_0900,2026-08-27 09:00:00
2026-07-03,152024486,2280,0,286.1464252136,71.5366063034,71.5366063034,0.5000000,6,4,0.47336999062500000,0.393635662500,0.10667143862346572,0.43542362669921914,0.10667143862346572,0.07973432812500000,ELIGIBLE,R03b_20260811_FULL_v1,L1_ELIGIBILITY,v2026-08-11,2026-03-21..2026-08-06,baccarat_bet02_101_all_pairs_incl_sentinel,round_win = game_pnl > 0 (decisive only),COMPATIBILITY_ONLY_NOT_PRODUCTION,4777.1000,4575.7756,168.5586,51,43,-0.03528470,,-0.03528470,-0.03528470,-168.5586,4777.1000,OK,0.0000,6.7423,4.0000,96.0000,AG03-UNRESOLVED,ALL5_LEVELS_bet23_to_bet27,6.7423,6.7423,6.7423,6.7423,6.7423,4.000000,4.000000,4.000000,4.000000,4.000000,96.000000,96.000000,96.000000,96.000000,96.000000,5.0,33.7117,31.1205,134.8468,137.438,PENDING_AG03,FALSE,NOT_FOR_ENFORCEMENT,161.8162,4392.7446,168.5586,161.8162,6.7423,0.03528470,0.03387332,6.7423,161.8162,0.03387332,6.7423,6.7423,6.7423,6.7423,6.7423,161.8162,0.03387332,33.7117,31.1205,134.8468,137.438,0.02822776,0.02877018,0.00141139,93.6686,106.4134,3.9200,56.1862,15.3235,1592.3667,14.3333,,93.6686,56.7183,71.5366,112.4147,175.3669,241.896,316.7028,71.5366,-10.2195,3.381429,4.427143,1.30938,8,11,2,5,0E-8,0.03528470,,0E-8,0.000000,0.957856,0.000000,,2026-06-24,2026-07-04,3,11,10,11,0.272727,,,0.000000,,,,,,,,GLOBAL_BASELINE_NO_ENTITY_RANKING,,,NOT_APPLICABLE_GLOBAL_BASELINE,HF9g-P5,,,,X 全窗基线 · 不参与实体赏罚,6875411,688,A168_HF9F_20260827_0900,2026-08-27 09:00:00
2026-07-04,152024486,-1,1,102.1951518620,97.0853942689,97.0853942689,1.0000000,1,1,0.50665070000000000,0.506650700000,0.9867858985152569,0.9867858985152569,0.9867858985152569,0E-17,SENTINEL_DEALER,R03b_20260811_FULL_v1,L1_ELIGIBILITY,v2026-08-11,2026-03-21..2026-08-06,baccarat_bet02_101_all_pairs_incl_sentinel,round_win = game_pnl > 0 (decisive only),COMPATIBILITY_ONLY_NOT_PRODUCTION,4777.1000,4575.7756,168.5586,51,43,-0.03528470,,-0.03528470,-0.03528470,-168.5586,4777.1000,OK,0.0000,6.7423,4.0000,96.0000,AG03-UNRESOLVED,ALL5_LEVELS_bet23_to_bet27,6.7423,6.7423,6.7423,6.7423,6.7423,4.000000,4.000000,4.000000,4.000000,4.000000,96.000000,96.000000,96.000000,96.000000,96.000000,5.0,33.7117,31.1205,134.8468,137.438,PENDING_AG03,FALSE,NOT_FOR_ENFORCEMENT,161.8162,4392.7446,168.5586,161.8162,6.7423,0.03528470,0.03387332,6.7423,161.8162,0.03387332,6.7423,6.7423,6.7423,6.7423,6.7423,161.8162,0.03387332,33.7117,31.1205,134.8468,137.438,0.02822776,0.02877018,0.00141139,93.6686,106.4134,3.9200,56.1862,15.3235,1592.3667,14.3333,,93.6686,56.7183,71.5366,112.4147,175.3669,241.896,316.7028,71.5366,-10.2195,3.381429,4.427143,1.30938,8,11,2,5,0E-8,0.03528470,,0E-8,0.000000,0.957856,0.000000,,2026-06-24,2026-07-04,3,11,10,11,0.272727,,,0.000000,,,,,,,,GLOBAL_BASELINE_NO_ENTITY_RANKING,,,NOT_APPLICABLE_GLOBAL_BASELINE,HF9g-P5,,,,X 全窗基线 · 不参与实体赏罚,6875412,688,A168_HF9F_20260827_0900,2026-08-27 09:00:00
2026-07-04,152024486,1210,0,470.0976985652,-470.0976985652,-470.0976985652,0E-7,2,2,0.49994810000000000,0.499948100000,-1.4140667746232096,-1.4140667746232096,-1.4140667746232096,0E-17,ELIGIBLE,R03b_20260811_FULL_v1,L1_ELIGIBILITY,v2026-08-11,2026-03-21..2026-08-06,baccarat_bet02_101_all_pairs_incl_sentinel,round_win = game_pnl > 0 (decisive only),COMPATIBILITY_ONLY_NOT_PRODUCTION,4777.1000,4575.7756,168.5586,51,43,-0.03528470,,-0.03528470,-0.03528470,-168.5586,4777.1000,OK,0.0000,6.7423,4.0000,96.0000,AG03-UNRESOLVED,ALL5_LEVELS_bet23_to_bet27,6.7423,6.7423,6.7423,6.7423,6.7423,4.000000,4.000000,4.000000,4.000000,4.000000,96.000000,96.000000,96.000000,96.000000,96.000000,5.0,33.7117,31.1205,134.8468,137.438,PENDING_AG03,FALSE,NOT_FOR_ENFORCEMENT,161.8162,4392.7446,168.5586,161.8162,6.7423,0.03528470,0.03387332,6.7423,161.8162,0.03387332,6.7423,6.7423,6.7423,6.7423,6.7423,161.8162,0.03387332,33.7117,31.1205,134.8468,137.438,0.02822776,0.02877018,0.00141139,93.6686,106.4134,3.9200,56.1862,15.3235,1592.3667,14.3333,,93.6686,56.7183,71.5366,112.4147,175.3669,241.896,316.7028,71.5366,-10.2195,3.381429,4.427143,1.30938,8,11,2,5,0E-8,0.03528470,,0E-8,0.000000,0.957856,0.000000,,2026-06-24,2026-07-04,3,11,10,11,0.272727,,,0.000000,,,,,,,,GLOBAL_BASELINE_NO_ENTITY_RANKING,,,NOT_APPLICABLE_GLOBAL_BASELINE,HF9g-P5,,,,X 全窗基线 · 不参与实体赏罚,6875413,688,A168_HF9F_20260827_0900,2026-08-27 09:00:00
2026-07-04,152024486,1330,0,433.3074438949,112.7212525038,112.7212525038,0.6666667,3,3,0.50665070000000000,0.506650700000,0.5543606114942035,0.5543606114942035,0.5543606114942035,0E-17,ELIGIBLE,R03b_20260811_FULL_v1,L1_ELIGIBILITY,v2026-08-11,2026-03-21..2026-08-06,baccarat_bet02_101_all_pairs_incl_sentinel,round_win = game_pnl > 0 (decisive only),COMPATIBILITY_ONLY_NOT_PRODUCTION,4777.1000,4575.7756,168.5586,51,43,-0.03528470,,-0.03528470,-0.03528470,-168.5586,4777.1000,OK,0.0000,6.7423,4.0000,96.0000,AG03-UNRESOLVED,ALL5_LEVELS_bet23_to_bet27,6.7423,6.7423,6.7423,6.7423,6.7423,4.000000,4.000000,4.000000,4.000000,4.000000,96.000000,96.000000,96.000000,96.000000,96.000000,5.0,33.7117,31.1205,134.8468,137.438,PENDING_AG03,FALSE,NOT_FOR_ENFORCEMENT,161.8162,4392.7446,168.5586,161.8162,6.7423,0.03528470,0.03387332,6.7423,161.8162,0.03387332,6.7423,6.7423,6.7423,6.7423,6.7423,161.8162,0.03387332,33.7117,31.1205,134.8468,137.438,0.02822776,0.02877018,0.00141139,93.6686,106.4134,3.9200,56.1862,15.3235,1592.3667,14.3333,,93.6686,56.7183,71.5366,112.4147,175.3669,241.896,316.7028,71.5366,-10.2195,3.381429,4.427143,1.30938,8,11,2,5,0E-8,0.03528470,,0E-8,0.000000,0.957856,0.000000,,2026-06-24,2026-07-04,3,11,10,11,0.272727,,,0.000000,,,,,,,,GLOBAL_BASELINE_NO_ENTITY_RANKING,,,NOT_APPLICABLE_GLOBAL_BASELINE,HF9g-P5,,,,X 全窗基线 · 不参与实体赏罚,6875414,688,A168_HF9F_20260827_0900,2026-08-27 09:00:00
2026-07-04,152024486,1994,0,136.9415034950,65.0472141602,65.0472141602,1.0000000,2,2,0.50665070000000000,0.506650700000,0.9867858985152569,0.9867858985152569,0.9867858985152569,0E-17,ELIGIBLE,R03b_20260811_FULL_v1,L1_ELIGIBILITY,v2026-08-11,2026-03-21..2026-08-06,baccarat_bet02_101_all_pairs_incl_sentinel,round_win = game_pnl > 0 (decisive only),COMPATIBILITY_ONLY_NOT_PRODUCTION,4777.1000,4575.7756,168.5586,51,43,-0.03528470,,-0.03528470,-0.03528470,-168.5586,4777.1000,OK,0.0000,6.7423,4.0000,96.0000,AG03-UNRESOLVED,ALL5_LEVELS_bet23_to_bet27,6.7423,6.7423,6.7423,6.7423,6.7423,4.000000,4.000000,4.000000,4.000000,4.000000,96.000000,96.000000,96.000000,96.000000,96.000000,5.0,33.7117,31.1205,134.8468,137.438,PENDING_AG03,FALSE,NOT_FOR_ENFORCEMENT,161.8162,4392.7446,168.5586,161.8162,6.7423,0.03528470,0.03387332,6.7423,161.8162,0.03387332,6.7423,6.7423,6.7423,6.7423,6.7423,161.8162,0.03387332,33.7117,31.1205,134.8468,137.438,0.02822776,0.02877018,0.00141139,93.6686,106.4134,3.9200,56.1862,15.3235,1592.3667,14.3333,,93.6686,56.7183,71.5366,112.4147,175.3669,241.896,316.7028,71.5366,-10.2195,3.381429,4.427143,1.30938,8,11,2,5,0E-8,0.03528470,,0E-8,0.000000,0.957856,0.000000,,2026-06-24,2026-07-04,3,11,10,11,0.272727,,,0.000000,,,,,,,,GLOBAL_BASELINE_NO_ENTITY_RANKING,,,NOT_APPLICABLE_GLOBAL_BASELINE,HF9g-P5,,,,X 全窗基线 · 不参与实体赏罚,6875415,688,A168_HF9F_20260827_0900,2026-08-27 09:00:00
2026-07-04,152024486,2130,0,286.1464252136,-126.7219883089,-126.7219883089,0.2500000,5,4,0.49222599166666667,0.453469062500,-0.9690210997247757,-0.8174236008593945,-0.9690210997247757,0.03875692916666667,ELIGIBLE,R03b_20260811_FULL_v1,L1_ELIGIBILITY,v2026-08-11,2026-03-21..2026-08-06,baccarat_bet02_101_all_pairs_incl_sentinel,round_win = game_pnl > 0 (decisive only),COMPATIBILITY_ONLY_NOT_PRODUCTION,4777.1000,4575.7756,168.5586,51,43,-0.03528470,,-0.03528470,-0.03528470,-168.5586,4777.1000,OK,0.0000,6.7423,4.0000,96.0000,AG03-UNRESOLVED,ALL5_LEVELS_bet23_to_bet27,6.7423,6.7423,6.7423,6.7423,6.7423,4.000000,4.000000,4.000000,4.000000,4.000000,96.000000,96.000000,96.000000,96.000000,96.000000,5.0,33.7117,31.1205,134.8468,137.438,PENDING_AG03,FALSE,NOT_FOR_ENFORCEMENT,161.8162,4392.7446,168.5586,161.8162,6.7423,0.03528470,0.03387332,6.7423,161.8162,0.03387332,6.7423,6.7423,6.7423,6.7423,6.7423,161.8162,0.03387332,33.7117,31.1205,134.8468,137.438,0.02822776,0.02877018,0.00141139,93.6686,106.4134,3.9200,56.1862,15.3235,1592.3667,14.3333,,93.6686,56.7183,71.5366,112.4147,175.3669,241.896,316.7028,71.5366,-10.2195,3.381429,4.427143,1.30938,8,11,2,5,0E-8,0.03528470,,0E-8,0.000000,0.957856,0.000000,,2026-06-24,2026-07-04,3,11,10,11,0.272727,,,0.000000,,,,,,,,GLOBAL_BASELINE_NO_ENTITY_RANKING,,,NOT_APPLICABLE_GLOBAL_BASELINE,HF9g-P5,,,,X 全窗基线 · 不参与实体赏罚,6875416,688,A168_HF9F_20260827_0900,2026-08-27 09:00:00
2026-07-04,152024486,2209,0,351.5513224053,333.9737562850,333.9737562850,1.0000000,2,2,0.50665070000000000,0.506650700000,1.3955260008387969,1.3955260008387969,1.3955260008387969,0E-17,ELIGIBLE,R03b_20260811_FULL_v1,L1_ELIGIBILITY,v2026-08-11,2026-03-21..2026-08-06,baccarat_bet02_101_all_pairs_incl_sentinel,round_win = game_pnl > 0 (decisive only),COMPATIBILITY_ONLY_NOT_PRODUCTION,4777.1000,4575.7756,168.5586,51,43,-0.03528470,,-0.03528470,-0.03528470,-168.5586,4777.1000,OK,0.0000,6.7423,4.0000,96.0000,AG03-UNRESOLVED,ALL5_LEVELS_bet23_to_bet27,6.7423,6.7423,6.7423,6.7423,6.7423,4.000000,4.000000,4.000000,4.000000,4.000000,96.000000,96.000000,96.000000,96.000000,96.000000,5.0,33.7117,31.1205,134.8468,137.438,PENDING_AG03,FALSE,NOT_FOR_ENFORCEMENT,161.8162,4392.7446,168.5586,161.8162,6.7423,0.03528470,0.03387332,6.7423,161.8162,0.03387332,6.7423,6.7423,6.7423,6.7423,6.7423,161.8162,0.03387332,33.7117,31.1205,134.8468,137.438,0.02822776,0.02877018,0.00141139,93.6686,106.4134,3.9200,56.1862,15.3235,1592.3667,14.3333,,93.6686,56.7183,71.5366,112.4147,175.3669,241.896,316.7028,71.5366,-10.2195,3.381429,4.427143,1.30938,8,11,2,5,0E-8,0.03528470,,0E-8,0.000000,0.957856,0.000000,,2026-06-24,2026-07-04,3,11,10,11,0.272727,,,0.000000,,,,,,,,GLOBAL_BASELINE_NO_ENTITY_RANKING,,,NOT_APPLICABLE_GLOBAL_BASELINE,HF9g-P5,,,,X 全窗基线 · 不参与实体赏罚,6875417,688,A168_HF9F_20260827_0900,2026-08-27 09:00:00
2026-07-04,152024486,2239,0,831.8685361567,-114.4585700856,-114.4585700856,0.5000000,13,8,0.46671497949331936,0.389225518750,0.188707108389165,0.6426042945097887,0.188707108389165,0.07748946074331936,ELIGIBLE,R03b_20260811_FULL_v1,L1_ELIGIBILITY,v2026-08-11,2026-03-21..2026-08-06,baccarat_bet02_101_all_pairs_incl_sentinel,round_win = game_pnl > 0 (decisive only),COMPATIBILITY_ONLY_NOT_PRODUCTION,4777.1000,4575.7756,168.5586,51,43,-0.03528470,,-0.03528470,-0.03528470,-168.5586,4777.1000,OK,0.0000,6.7423,4.0000,96.0000,AG03-UNRESOLVED,ALL5_LEVELS_bet23_to_bet27,6.7423,6.7423,6.7423,6.7423,6.7423,4.000000,4.000000,4.000000,4.000000,4.000000,96.000000,96.000000,96.000000,96.000000,96.000000,5.0,33.7117,31.1205,134.8468,137.438,PENDING_AG03,FALSE,NOT_FOR_ENFORCEMENT,161.8162,4392.7446,168.5586,161.8162,6.7423,0.03528470,0.03387332,6.7423,161.8162,0.03387332,6.7423,6.7423,6.7423,6.7423,6.7423,161.8162,0.03387332,33.7117,31.1205,134.8468,137.438,0.02822776,0.02877018,0.00141139,93.6686,106.4134,3.9200,56.1862,15.3235,1592.3667,14.3333,,93.6686,56.7183,71.5366,112.4147,175.3669,241.896,316.7028,71.5366,-10.2195,3.381429,4.427143,1.30938,8,11,2,5,0E-8,0.03528470,,0E-8,0.000000,0.957856,0.000000,,2026-06-24,2026-07-04,3,11,10,11,0.272727,,,0.000000,,,,,,,,GLOBAL_BASELINE_NO_ENTITY_RANKING,,,NOT_APPLICABLE_GLOBAL_BASELINE,HF9g-P5,,,,X 全窗基线 · 不参与实体赏罚,6875418,688,A168_HF9F_20260827_0900,2026-08-27 09:00:00
2026-07-04,152024486,2246,0,153.2927277930,-53.6524547276,-53.6524547276,0.5000000,2,2,0.50665070000000000,0.506650700000,-0.018812684590367487,-0.018812684590367487,-0.018812684590367487,0E-17,ELIGIBLE,R03b_20260811_FULL_v1,L1_ELIGIBILITY,v2026-08-11,2026-03-21..2026-08-06,baccarat_bet02_101_all_pairs_incl_sentinel,round_win = game_pnl > 0 (decisive only),COMPATIBILITY_ONLY_NOT_PRODUCTION,4777.1000,4575.7756,168.5586,51,43,-0.03528470,,-0.03528470,-0.03528470,-168.5586,4777.1000,OK,0.0000,6.7423,4.0000,96.0000,AG03-UNRESOLVED,ALL5_LEVELS_bet23_to_bet27,6.7423,6.7423,6.7423,6.7423,6.7423,4.000000,4.000000,4.000000,4.000000,4.000000,96.000000,96.000000,96.000000,96.000000,96.000000,5.0,33.7117,31.1205,134.8468,137.438,PENDING_AG03,FALSE,NOT_FOR_ENFORCEMENT,161.8162,4392.7446,168.5586,161.8162,6.7423,0.03528470,0.03387332,6.7423,161.8162,0.03387332,6.7423,6.7423,6.7423,6.7423,6.7423,161.8162,0.03387332,33.7117,31.1205,134.8468,137.438,0.02822776,0.02877018,0.00141139,93.6686,106.4134,3.9200,56.1862,15.3235,1592.3667,14.3333,,93.6686,56.7183,71.5366,112.4147,175.3669,241.896,316.7028,71.5366,-10.2195,3.381429,4.427143,1.30938,8,11,2,5,0E-8,0.03528470,,0E-8,0.000000,0.957856,0.000000,,2026-06-24,2026-07-04,3,11,10,11,0.272727,,,0.000000,,,,,,,,GLOBAL_BASELINE_NO_ENTITY_RANKING,,,NOT_APPLICABLE_GLOBAL_BASELINE,HF9g-P5,,,,X 全窗基线 · 不参与实体赏罚,6875419,688,A168_HF9F_20260827_0900,2026-08-27 09:00:00
2026-07-04,152024486,2280,0,1040.3466459552,-104.9544209623,-104.9544209623,0.6666667,6,6,0.50218230000000000,0.502182300000,0.8058132132962729,0.8058132132962729,0.8058132132962729,0E-17,ELIGIBLE,R03b_20260811_FULL_v1,L1_ELIGIBILITY,v2026-08-11,2026-03-21..2026-08-06,baccarat_bet02_101_all_pairs_incl_sentinel,round_win = game_pnl > 0 (decisive only),COMPATIBILITY_ONLY_NOT_PRODUCTION,4777.1000,4575.7756,168.5586,51,43,-0.03528470,,-0.03528470,-0.03528470,-168.5586,4777.1000,OK,0.0000,6.7423,4.0000,96.0000,AG03-UNRESOLVED,ALL5_LEVELS_bet23_to_bet27,6.7423,6.7423,6.7423,6.7423,6.7423,4.000000,4.000000,4.000000,4.000000,4.000000,96.000000,96.000000,96.000000,96.000000,96.000000,5.0,33.7117,31.1205,134.8468,137.438,PENDING_AG03,FALSE,NOT_FOR_ENFORCEMENT,161.8162,4392.7446,168.5586,161.8162,6.7423,0.03528470,0.03387332,6.7423,161.8162,0.03387332,6.7423,6.7423,6.7423,6.7423,6.7423,161.8162,0.03387332,33.7117,31.1205,134.8468,137.438,0.02822776,0.02877018,0.00141139,93.6686,106.4134,3.9200,56.1862,15.3235,1592.3667,14.3333,,93.6686,56.7183,71.5366,112.4147,175.3669,241.896,316.7028,71.5366,-10.2195,3.381429,4.427143,1.30938,8,11,2,5,0E-8,0.03528470,,0E-8,0.000000,0.957856,0.000000,,2026-06-24,2026-07-04,3,11,10,11,0.272727,,,0.000000,,,,,,,,GLOBAL_BASELINE_NO_ENTITY_RANKING,,,NOT_APPLICABLE_GLOBAL_BASELINE,HF9g-P5,,,,X 全窗基线 · 不参与实体赏罚,6875420,688,A168_HF9F_20260827_0900,2026-08-27 09:00:00
2026-07-04,152024486,598,0,480.3172137514,66.4268487103,66.4268487103,0.6000000,6,6,0.49771390000000000,0.497713900000,0.4574421269484404,0.45744212694844033,0.4574421269484404,0E-17,ELIGIBLE,R03b_20260811_FULL_v1,L1_ELIGIBILITY,v2026-08-11,2026-03-21..2026-08-06,baccarat_bet02_101_all_pairs_incl_sentinel,round_win = game_pnl > 0 (decisive only),COMPATIBILITY_ONLY_NOT_PRODUCTION,4777.1000,4575.7756,168.5586,51,43,-0.03528470,,-0.03528470,-0.03528470,-168.5586,4777.1000,OK,0.0000,6.7423,4.0000,96.0000,AG03-UNRESOLVED,ALL5_LEVELS_bet23_to_bet27,6.7423,6.7423,6.7423,6.7423,6.7423,4.000000,4.000000,4.000000,4.000000,4.000000,96.000000,96.000000,96.000000,96.000000,96.000000,5.0,33.7117,31.1205,134.8468,137.438,PENDING_AG03,FALSE,NOT_FOR_ENFORCEMENT,161.8162,4392.7446,168.5586,161.8162,6.7423,0.03528470,0.03387332,6.7423,161.8162,0.03387332,6.7423,6.7423,6.7423,6.7423,6.7423,161.8162,0.03387332,33.7117,31.1205,134.8468,137.438,0.02822776,0.02877018,0.00141139,93.6686,106.4134,3.9200,56.1862,15.3235,1592.3667,14.3333,,93.6686,56.7183,71.5366,112.4147,175.3669,241.896,316.7028,71.5366,-10.2195,3.381429,4.427143,1.30938,8,11,2,5,0E-8,0.03528470,,0E-8,0.000000,0.957856,0.000000,,2026-06-24,2026-07-04,3,11,10,11,0.272727,,,0.000000,,,,,,,,GLOBAL_BASELINE_NO_ENTITY_RANKING,,,NOT_APPLICABLE_GLOBAL_BASELINE,HF9g-P5,,,,X 全窗基线 · 不参与实体赏罚,6875421,688,A168_HF9F_20260827_0900,2026-08-27 09:00:00
2026-06-19,114127487,2088,0,25.7155347545,25.7155347545,25.7155347545,1.0000000,1,1,0.49324550000000000,0.493245500000,1.01360149184955,1.01360149184955,1.01360149184955,0E-17,ELIGIBLE,R03b_20260811_FULL_v1,L1_ELIGIBILITY,v2026-08-11,2026-03-21..2026-08-06,baccarat_bet02_101_all_pairs_incl_sentinel,round_win = game_pnl > 0 (decisive only),COMPATIBILITY_ONLY_NOT_PRODUCTION,1075.9380,957.6465,168.5653,47,38,-0.15666826,,-0.15666826,-0.15666826,-168.5653,1075.9380,OK,0.0000,6.7426,4.0000,96.0000,AG03-UNRESOLVED,ALL5_LEVELS_bet23_to_bet27,6.7426,6.7426,6.7426,8.4283,8.4283,4.000000,4.000000,4.000000,5.000000,5.000000,96.000000,96.000000,96.000000,95.000000,95.000000,5.0,37.0844,33.9703,131.4810,134.5951,PENDING_AG03,FALSE,NOT_FOR_ENFORCEMENT,161.8227,919.3407,168.5653,161.8227,6.7426,0.15666826,0.15040153,6.7426,161.8227,0.15040153,6.7426,6.7426,6.7426,8.4283,8.4283,161.8227,0.15040153,37.0844,33.9703,131.4810,134.5951,0.12220124,0.12509557,0.00626673,22.8923,25.2012,4.4359,84.2827,28.0942,537.9690,19.0000,,22.8923,15.4293,23.144,30.8586,38.5733,44.8736,51.4311,20.5724,-2.5716,1.938888,2.222222,0.989125,3,7,2,5,0E-8,0.15666826,,0E-8,0.000000,0.890057,0.000000,,2026-06-19,2026-06-22,2,6,5,4,0.500000,,,0.000000,,,,,,,,GLOBAL_BASELINE_NO_ENTITY_RANKING,,,NOT_APPLICABLE_GLOBAL_BASELINE,HF9g-P5,,,,X 全窗基线 · 不参与实体赏罚,6875422,688,A168_HF9F_20260827_0900,2026-08-27 09:00:00
2026-06-19,114127487,2093,0,312.1865919203,-76.3751382212,-76.3751382212,0.3636364,16,11,0.47164510855753622,0.398229318182,-0.7176037979157561,-0.23436991963169745,-0.7176037979157561,0.07341579037553622,ELIGIBLE,R03b_20260811_FULL_v1,L1_ELIGIBILITY,v2026-08-11,2026-03-21..2026-08-06,baccarat_bet02_101_all_pairs_incl_sentinel,round_win = game_pnl > 0 (decisive only),COMPATIBILITY_ONLY_NOT_PRODUCTION,1075.9380,957.6465,168.5653,47,38,-0.15666826,,-0.15666826,-0.15666826,-168.5653,1075.9380,OK,0.0000,6.7426,4.0000,96.0000,AG03-UNRESOLVED,ALL5_LEVELS_bet23_to_bet27,6.7426,6.7426,6.7426,8.4283,8.4283,4.000000,4.000000,4.000000,5.000000,5.000000,96.000000,96.000000,96.000000,95.000000,95.000000,5.0,37.0844,33.9703,131.4810,134.5951,PENDING_AG03,FALSE,NOT_FOR_ENFORCEMENT,161.8227,919.3407,168.5653,161.8227,6.7426,0.15666826,0.15040153,6.7426,161.8227,0.15040153,6.7426,6.7426,6.7426,8.4283,8.4283,161.8227,0.15040153,37.0844,33.9703,131.4810,134.5951,0.12220124,0.12509557,0.00626673,22.8923,25.2012,4.4359,84.2827,28.0942,537.9690,19.0000,,22.8923,15.4293,23.144,30.8586,38.5733,44.8736,51.4311,20.5724,-2.5716,1.938888,2.222222,0.989125,3,7,2,5,0E-8,0.15666826,,0E-8,0.000000,0.890057,0.000000,,2026-06-19,2026-06-22,2,6,5,4,0.500000,,,0.000000,,,,,,,,GLOBAL_BASELINE_NO_ENTITY_RANKING,,,NOT_APPLICABLE_GLOBAL_BASELINE,HF9g-P5,,,,X 全窗基线 · 不参与实体赏罚,6875423,688,A168_HF9F_20260827_0900,2026-08-27 09:00:00
2026-06-19,114127487,970,0,154.2932085273,-53.3597346158,-53.3597346158,0.3333333,9,6,0.47822265021599895,0.383579650000,-0.7104840092816712,-0.25311249984657397,-0.7104840092816712,0.09464300021599895,ELIGIBLE,R03b_20260811_FULL_v1,L1_ELIGIBILITY,v2026-08-11,2026-03-21..2026-08-06,baccarat_bet02_101_all_pairs_incl_sentinel,round_win = game_pnl > 0 (decisive only),COMPATIBILITY_ONLY_NOT_PRODUCTION,1075.9380,957.6465,168.5653,47,38,-0.15666826,,-0.15666826,-0.15666826,-168.5653,1075.9380,OK,0.0000,6.7426,4.0000,96.0000,AG03-UNRESOLVED,ALL5_LEVELS_bet23_to_bet27,6.7426,6.7426,6.7426,8.4283,8.4283,4.000000,4.000000,4.000000,5.000000,5.000000,96.000000,96.000000,96.000000,95.000000,95.000000,5.0,37.0844,33.9703,131.4810,134.5951,PENDING_AG03,FALSE,NOT_FOR_ENFORCEMENT,161.8227,919.3407,168.5653,161.8227,6.7426,0.15666826,0.15040153,6.7426,161.8227,0.15040153,6.7426,6.7426,6.7426,8.4283,8.4283,161.8227,0.15040153,37.0844,33.9703,131.4810,134.5951,0.12220124,0.12509557,0.00626673,22.8923,25.2012,4.4359,84.2827,28.0942,537.9690,19.0000,,22.8923,15.4293,23.144,30.8586,38.5733,44.8736,51.4311,20.5724,-2.5716,1.938888,2.222222,0.989125,3,7,2,5,0E-8,0.15666826,,0E-8,0.000000,0.890057,0.000000,,2026-06-19,2026-06-22,2,6,5,4,0.500000,,,0.000000,,,,,,,,GLOBAL_BASELINE_NO_ENTITY_RANKING,,,NOT_APPLICABLE_GLOBAL_BASELINE,HF9g-P5,,,,X 全窗基线 · 不参与实体赏罚,6875424,688,A168_HF9F_20260827_0900,2026-08-27 09:00:00
2026-06-22,114127487,2141,0,113.1483529200,-2.8287088230,-2.8287088230,0.5000000,4,4,0.50329940000000000,0.503299400000,-0.01319788734859681,-0.01319788734859681,-0.01319788734859681,0E-17,ELIGIBLE,R03b_20260811_FULL_v1,L1_ELIGIBILITY,v2026-08-11,2026-03-21..2026-08-06,baccarat_bet02_101_all_pairs_incl_sentinel,round_win = game_pnl > 0 (decisive only),COMPATIBILITY_ONLY_NOT_PRODUCTION,1075.9380,957.6465,168.5653,47,38,-0.15666826,,-0.15666826,-0.15666826,-168.5653,1075.9380,OK,0.0000,6.7426,4.0000,96.0000,AG03-UNRESOLVED,ALL5_LEVELS_bet23_to_bet27,6.7426,6.7426,6.7426,8.4283,8.4283,4.000000,4.000000,4.000000,5.000000,5.000000,96.000000,96.000000,96.000000,95.000000,95.000000,5.0,37.0844,33.9703,131.4810,134.5951,PENDING_AG03,FALSE,NOT_FOR_ENFORCEMENT,161.8227,919.3407,168.5653,161.8227,6.7426,0.15666826,0.15040153,6.7426,161.8227,0.15040153,6.7426,6.7426,6.7426,8.4283,8.4283,161.8227,0.15040153,37.0844,33.9703,131.4810,134.5951,0.12220124,0.12509557,0.00626673,22.8923,25.2012,4.4359,84.2827,28.0942,537.9690,19.0000,,22.8923,15.4293,23.144,30.8586,38.5733,44.8736,51.4311,20.5724,-2.5716,1.938888,2.222222,0.989125,3,7,2,5,0E-8,0.15666826,,0E-8,0.000000,0.890057,0.000000,,2026-06-19,2026-06-22,2,6,5,4,0.500000,,,0.000000,,,,,,,,GLOBAL_BASELINE_NO_ENTITY_RANKING,,,NOT_APPLICABLE_GLOBAL_BASELINE,HF9g-P5,,,,X 全窗基线 · 不参与实体赏罚,6875425,688,A168_HF9F_20260827_0900,2026-08-27 09:00:00
2026-06-22,114127487,2246,0,231.4398127909,-25.7155347545,-25.7155347545,0.4000000,6,6,0.49771390000000000,0.497713900000,-0.4369944132040151,-0.436994413204015,-0.4369944132040151,0E-17,ELIGIBLE,R03b_20260811_FULL_v1,L1_ELIGIBILITY,v2026-08-11,2026-03-21..2026-08-06,baccarat_bet02_101_all_pairs_incl_sentinel,round_win = game_pnl > 0 (decisive only),COMPATIBILITY_ONLY_NOT_PRODUCTION,1075.9380,957.6465,168.5653,47,38,-0.15666826,,-0.15666826,-0.15666826,-168.5653,1075.9380,OK,0.0000,6.7426,4.0000,96.0000,AG03-UNRESOLVED,ALL5_LEVELS_bet23_to_bet27,6.7426,6.7426,6.7426,8.4283,8.4283,4.000000,4.000000,4.000000,5.000000,5.000000,96.000000,96.000000,96.000000,95.000000,95.000000,5.0,37.0844,33.9703,131.4810,134.5951,PENDING_AG03,FALSE,NOT_FOR_ENFORCEMENT,161.8227,919.3407,168.5653,161.8227,6.7426,0.15666826,0.15040153,6.7426,161.8227,0.15040153,6.7426,6.7426,6.7426,8.4283,8.4283,161.8227,0.15040153,37.0844,33.9703,131.4810,134.5951,0.12220124,0.12509557,0.00626673,22.8923,25.2012,4.4359,84.2827,28.0942,537.9690,19.0000,,22.8923,15.4293,23.144,30.8586,38.5733,44.8736,51.4311,20.5724,-2.5716,1.938888,2.222222,0.989125,3,7,2,5,0E-8,0.15666826,,0E-8,0.000000,0.890057,0.000000,,2026-06-19,2026-06-22,2,6,5,4,0.500000,,,0.000000,,,,,,,,GLOBAL_BASELINE_NO_ENTITY_RANKING,,,NOT_APPLICABLE_GLOBAL_BASELINE,HF9g-P5,,,,X 全窗基线 · 不参与实体赏罚,6875426,688,A168_HF9F_20260827_0900,2026-08-27 09:00:00
2026-06-22,114127487,2251,0,136.2923341991,20.5724278036,20.5724278036,0.6000000,7,6,0.47948101851855308,0.459482666667,0.53943169409216,0.6304861087230004,0.53943169409216,0.01999835185155308,ELIGIBLE,R03b_20260811_FULL_v1,L1_ELIGIBILITY,v2026-08-11,2026-03-21..2026-08-06,baccarat_bet02_101_all_pairs_incl_sentinel,round_win = game_pnl > 0 (decisive only),COMPATIBILITY_ONLY_NOT_PRODUCTION,1075.9380,957.6465,168.5653,47,38,-0.15666826,,-0.15666826,-0.15666826,-168.5653,1075.9380,OK,0.0000,6.7426,4.0000,96.0000,AG03-UNRESOLVED,ALL5_LEVELS_bet23_to_bet27,6.7426,6.7426,6.7426,8.4283,8.4283,4.000000,4.000000,4.000000,5.000000,5.000000,96.000000,96.000000,96.000000,95.000000,95.000000,5.0,37.0844,33.9703,131.4810,134.5951,PENDING_AG03,FALSE,NOT_FOR_ENFORCEMENT,161.8227,919.3407,168.5653,161.8227,6.7426,0.15666826,0.15040153,6.7426,161.8227,0.15040153,6.7426,6.7426,6.7426,8.4283,8.4283,161.8227,0.15040153,37.0844,33.9703,131.4810,134.5951,0.12220124,0.12509557,0.00626673,22.8923,25.2012,4.4359,84.2827,28.0942,537.9690,19.0000,,22.8923,15.4293,23.144,30.8586,38.5733,44.8736,51.4311,20.5724,-2.5716,1.938888,2.222222,0.989125,3,7,2,5,0E-8,0.15666826,,0E-8,0.000000,0.890057,0.000000,,2026-06-19,2026-06-22,2,6,5,4,0.500000,,,0.000000,,,,,,,,GLOBAL_BASELINE_NO_ENTITY_RANKING,,,NOT_APPLICABLE_GLOBAL_BASELINE,HF9g-P5,,,,X 全窗基线 · 不参与实体赏罚,6875427,688,A168_HF9F_20260827_0900,2026-08-27 09:00:00
2026-06-22,114127487,994,0,102.8621390181,-56.5741764599,-56.5741764599,0.2500000,4,4,0.50329940000000000,0.503299400000,-1.013219660140378,-1.013219660140378,-1.013219660140378,0E-17,ELIGIBLE,R03b_20260811_FULL_v1,L1_ELIGIBILITY,v2026-08-11,2026-03-21..2026-08-06,baccarat_bet02_101_all_pairs_incl_sentinel,round_win = game_pnl > 0 (decisive only),COMPATIBILITY_ONLY_NOT_PRODUCTION,1075.9380,957.6465,168.5653,47,38,-0.15666826,,-0.15666826,-0.15666826,-168.5653,1075.9380,OK,0.0000,6.7426,4.0000,96.0000,AG03-UNRESOLVED,ALL5_LEVELS_bet23_to_bet27,6.7426,6.7426,6.7426,8.4283,8.4283,4.000000,4.000000,4.000000,5.000000,5.000000,96.000000,96.000000,96.000000,95.000000,95.000000,5.0,37.0844,33.9703,131.4810,134.5951,PENDING_AG03,FALSE,NOT_FOR_ENFORCEMENT,161.8227,919.3407,168.5653,161.8227,6.7426,0.15666826,0.15040153,6.7426,161.8227,0.15040153,6.7426,6.7426,6.7426,8.4283,8.4283,161.8227,0.15040153,37.0844,33.9703,131.4810,134.5951,0.12220124,0.12509557,0.00626673,22.8923,25.2012,4.4359,84.2827,28.0942,537.9690,19.0000,,22.8923,15.4293,23.144,30.8586,38.5733,44.8736,51.4311,20.5724,-2.5716,1.938888,2.222222,0.989125,3,7,2,5,0E-8,0.15666826,,0E-8,0.000000,0.890057,0.000000,,2026-06-19,2026-06-22,2,6,5,4,0.500000,,,0.000000,,,,,,,,GLOBAL_BASELINE_NO_ENTITY_RANKING,,,NOT_APPLICABLE_GLOBAL_BASELINE,HF9g-P5,,,,X 全窗基线 · 不参与实体赏罚,6875428,688,A168_HF9F_20260827_0900,2026-08-27 09:00:00
2026-06-12,151367516,-1,1,371.8089857305,-59.0947801342,-59.0947801342,0.4761905,27,23,0.47959089717387967,0.471358259420,-0.031191368308155547,0.04436084082548536,-0.031191368308155547,0.00823263775387967,SENTINEL_DEALER,R03b_20260811_FULL_v1,L1_ELIGIBILITY,v2026-08-11,2026-03-21..2026-08-06,baccarat_bet02_101_all_pairs_incl_sentinel,round_win = game_pnl > 0 (decisive only),COMPATIBILITY_ONLY_NOT_PRODUCTION,5332.9394,4862.7808,166.8308,455,338,-0.03128308,0.09599540,-0.10290811,-0.03128308,-166.8308,5332.9394,OK,0.0000,5.0049,3.0000,97.0000,AG03-UNRESOLVED,ALL5_LEVELS_bet23_to_bet27,5.0049,5.0049,5.0049,0.0000,0.0000,3.000000,3.000000,3.000000,0.000000,0.000000,97.000000,97.000000,97.000000,100.000000,100.000000,5.0,15.0148,14.5688,151.8160,152.2619,PENDING_AG03,FALSE,NOT_FOR_ENFORCEMENT,161.8258,4716.8974,166.8308,161.8258,5.0049,0.03128308,0.03034458,5.0049,161.8258,0.03034458,5.0049,5.0049,5.0049,0.0000,0.0000,161.8258,0.03034458,15.0148,14.5688,151.8160,152.2619,0.02846760,0.02855122,0.00093849,11.7207,14.3869,0.4936,11.1221,1.3346,355.5293,22.5333,9.0159,14.1015,4.1543,10.1018,14.54,20.7715,28.0415,61.7952,10.1018,-2.0771,2.77588,6.11723,1.16026,27,57,11,5,0.36009938,0.03128308,-0.09599540,0E-8,0.000000,0.911839,0.000000,0.19890350,2026-06-12,2026-08-06,15,125,105,56,0.267857,0.639360,0.769226,1.200331,,,,,,,,GLOBAL_BASELINE_NO_ENTITY_RANKING,,,NOT_APPLICABLE_GLOBAL_BASELINE,HF9g-P5,,,,X 全窗基线 · 不参与实体赏罚,6875429,688,A168_HF9F_20260827_0900,2026-08-27 09:00:00
2026-06-12,151367516,1507,0,10.3857258584,-10.3857258584,-10.3857258584,0E-7,1,1,0.49324550000000000,0.493245500000,-0.9865810262130424,-0.9865810262130424,-0.9865810262130424,0E-17,ELIGIBLE,R03b_20260811_FULL_v1,L1_ELIGIBILITY,v2026-08-11,2026-03-21..2026-08-06,baccarat_bet02_101_all_pairs_incl_sentinel,round_win = game_pnl > 0 (decisive only),COMPATIBILITY_ONLY_NOT_PRODUCTION,5332.9394,4862.7808,166.8308,455,338,-0.03128308,0.09599540,-0.10290811,-0.03128308,-166.8308,5332.9394,OK,0.0000,5.0049,3.0000,97.0000,AG03-UNRESOLVED,ALL5_LEVELS_bet23_to_bet27,5.0049,5.0049,5.0049,0.0000,0.0000,3.000000,3.000000,3.000000,0.000000,0.000000,97.000000,97.000000,97.000000,100.000000,100.000000,5.0,15.0148,14.5688,151.8160,152.2619,PENDING_AG03,FALSE,NOT_FOR_ENFORCEMENT,161.8258,4716.8974,166.8308,161.8258,5.0049,0.03128308,0.03034458,5.0049,161.8258,0.03034458,5.0049,5.0049,5.0049,0.0000,0.0000,161.8258,0.03034458,15.0148,14.5688,151.8160,152.2619,0.02846760,0.02855122,0.00093849,11.7207,14.3869,0.4936,11.1221,1.3346,355.5293,22.5333,9.0159,14.1015,4.1543,10.1018,14.54,20.7715,28.0415,61.7952,10.1018,-2.0771,2.77588,6.11723,1.16026,27,57,11,5,0.36009938,0.03128308,-0.09599540,0E-8,0.000000,0.911839,0.000000,0.19890350,2026-06-12,2026-08-06,15,125,105,56,0.267857,0.639360,0.769226,1.200331,,,,,,,,GLOBAL_BASELINE_NO_ENTITY_RANKING,,,NOT_APPLICABLE_GLOBAL_BASELINE,HF9g-P5,,,,X 全窗基线 · 不参与实体赏罚,6875430,688,A168_HF9F_20260827_0900,2026-08-27 09:00:00
2026-06-12,151367516,1940,0,16.6171613734,-16.6171613734,-16.6171613734,0E-7,1,1,0.49324550000000000,0.493245500000,-0.9865810262130424,-0.9865810262130424,-0.9865810262130424,0E-17,ELIGIBLE,R03b_20260811_FULL_v1,L1_ELIGIBILITY,v2026-08-11,2026-03-21..2026-08-06,baccarat_bet02_101_all_pairs_incl_sentinel,round_win = game_pnl > 0 (decisive only),COMPATIBILITY_ONLY_NOT_PRODUCTION,5332.9394,4862.7808,166.8308,455,338,-0.03128308,0.09599540,-0.10290811,-0.03128308,-166.8308,5332.9394,OK,0.0000,5.0049,3.0000,97.0000,AG03-UNRESOLVED,ALL5_LEVELS_bet23_to_bet27,5.0049,5.0049,5.0049,0.0000,0.0000,3.000000,3.000000,3.000000,0.000000,0.000000,97.000000,97.000000,97.000000,100.000000,100.000000,5.0,15.0148,14.5688,151.8160,152.2619,PENDING_AG03,FALSE,NOT_FOR_ENFORCEMENT,161.8258,4716.8974,166.8308,161.8258,5.0049,0.03128308,0.03034458,5.0049,161.8258,0.03034458,5.0049,5.0049,5.0049,0.0000,0.0000,161.8258,0.03034458,15.0148,14.5688,151.8160,152.2619,0.02846760,0.02855122,0.00093849,11.7207,14.3869,0.4936,11.1221,1.3346,355.5293,22.5333,9.0159,14.1015,4.1543,10.1018,14.54,20.7715,28.0415,61.7952,10.1018,-2.0771,2.77588,6.11723,1.16026,27,57,11,5,0.36009938,0.03128308,-0.09599540,0E-8,0.000000,0.911839,0.000000,0.19890350,2026-06-12,2026-08-06,15,125,105,56,0.267857,0.639360,0.769226,1.200331,,,,,,,,GLOBAL_BASELINE_NO_ENTITY_RANKING,,,NOT_APPLICABLE_GLOBAL_BASELINE,HF9g-P5,,,,X 全窗基线 · 不参与实体赏罚,6875431,688,A168_HF9F_20260827_0900,2026-08-27 09:00:00
2026-06-12,151367516,2145,0,47.7743389486,-23.4717404399,-23.4717404399,0.3333333,4,3,0.46784497499979336,0.433507650000,-0.4669285530317888,-0.35012377984260373,-0.4669285530317888,0.03433732499979336,ELIGIBLE,R03b_20260811_FULL_v1,L1_ELIGIBILITY,v2026-08-11,2026-03-21..2026-08-06,baccarat_bet02_101_all_pairs_incl_sentinel,round_win = game_pnl > 0 (decisive only),COMPATIBILITY_ONLY_NOT_PRODUCTION,5332.9394,4862.7808,166.8308,455,338,-0.03128308,0.09599540,-0.10290811,-0.03128308,-166.8308,5332.9394,OK,0.0000,5.0049,3.0000,97.0000,AG03-UNRESOLVED,ALL5_LEVELS_bet23_to_bet27,5.0049,5.0049,5.0049,0.0000,0.0000,3.000000,3.000000,3.000000,0.000000,0.000000,97.000000,97.000000,97.000000,100.000000,100.000000,5.0,15.0148,14.5688,151.8160,152.2619,PENDING_AG03,FALSE,NOT_FOR_ENFORCEMENT,161.8258,4716.8974,166.8308,161.8258,5.0049,0.03128308,0.03034458,5.0049,161.8258,0.03034458,5.0049,5.0049,5.0049,0.0000,0.0000,161.8258,0.03034458,15.0148,14.5688,151.8160,152.2619,0.02846760,0.02855122,0.00093849,11.7207,14.3869,0.4936,11.1221,1.3346,355.5293,22.5333,9.0159,14.1015,4.1543,10.1018,14.54,20.7715,28.0415,61.7952,10.1018,-2.0771,2.77588,6.11723,1.16026,27,57,11,5,0.36009938,0.03128308,-0.09599540,0E-8,0.000000,0.911839,0.000000,0.19890350,2026-06-12,2026-08-06,15,125,105,56,0.267857,0.639360,0.769226,1.200331,,,,,,,,GLOBAL_BASELINE_NO_ENTITY_RANKING,,,NOT_APPLICABLE_GLOBAL_BASELINE,HF9g-P5,,,,X 全窗基线 · 不参与实体赏罚,6875432,688,A168_HF9F_20260827_0900,2026-08-27 09:00:00
2026-06-12,151367516,2170,0,10.3857258584,-10.3857258584,-10.3857258584,0E-7,1,1,0.50665070000000000,0.506650700000,-1.013391052207602,-1.013391052207602,-1.013391052207602,0E-17,ELIGIBLE,R03b_20260811_FULL_v1,L1_ELIGIBILITY,v2026-08-11,2026-03-21..2026-08-06,baccarat_bet02_101_all_pairs_incl_sentinel,round_win = game_pnl > 0 (decisive only),COMPATIBILITY_ONLY_NOT_PRODUCTION,5332.9394,4862.7808,166.8308,455,338,-0.03128308,0.09599540,-0.10290811,-0.03128308,-166.8308,5332.9394,OK,0.0000,5.0049,3.0000,97.0000,AG03-UNRESOLVED,ALL5_LEVELS_bet23_to_bet27,5.0049,5.0049,5.0049,0.0000,0.0000,3.000000,3.000000,3.000000,0.000000,0.000000,97.000000,97.000000,97.000000,100.000000,100.000000,5.0,15.0148,14.5688,151.8160,152.2619,PENDING_AG03,FALSE,NOT_FOR_ENFORCEMENT,161.8258,4716.8974,166.8308,161.8258,5.0049,0.03128308,0.03034458,5.0049,161.8258,0.03034458,5.0049,5.0049,5.0049,0.0000,0.0000,161.8258,0.03034458,15.0148,14.5688,151.8160,152.2619,0.02846760,0.02855122,0.00093849,11.7207,14.3869,0.4936,11.1221,1.3346,355.5293,22.5333,9.0159,14.1015,4.1543,10.1018,14.54,20.7715,28.0415,61.7952,10.1018,-2.0771,2.77588,6.11723,1.16026,27,57,11,5,0.36009938,0.03128308,-0.09599540,0E-8,0.000000,0.911839,0.000000,0.19890350,2026-06-12,2026-08-06,15,125,105,56,0.267857,0.639360,0.769226,1.200331,,,,,,,,GLOBAL_BASELINE_NO_ENTITY_RANKING,,,NOT_APPLICABLE_GLOBAL_BASELINE,HF9g-P5,,,,X 全窗基线 · 不参与实体赏罚,6875433,688,A168_HF9F_20260827_0900,2026-08-27 09:00:00
2026-06-12,151367516,2196,0,16.6171613735,-16.6171613735,-16.6171613735,0E-7,2,1,0.40363872499938009,0.300626750000,-0.8227003755295943,-0.655630731788307,-0.8227003755295943,0.10301197499938009,ELIGIBLE,R03b_20260811_FULL_v1,L1_ELIGIBILITY,v2026-08-11,2026-03-21..2026-08-06,baccarat_bet02_101_all_pairs_incl_sentinel,round_win = game_pnl > 0 (decisive only),COMPATIBILITY_ONLY_NOT_PRODUCTION,5332.9394,4862.7808,166.8308,455,338,-0.03128308,0.09599540,-0.10290811,-0.03128308,-166.8308,5332.9394,OK,0.0000,5.0049,3.0000,97.0000,AG03-UNRESOLVED,ALL5_LEVELS_bet23_to_bet27,5.0049,5.0049,5.0049,0.0000,0.0000,3.000000,3.000000,3.000000,0.000000,0.000000,97.000000,97.000000,97.000000,100.000000,100.000000,5.0,15.0148,14.5688,151.8160,152.2619,PENDING_AG03,FALSE,NOT_FOR_ENFORCEMENT,161.8258,4716.8974,166.8308,161.8258,5.0049,0.03128308,0.03034458,5.0049,161.8258,0.03034458,5.0049,5.0049,5.0049,0.0000,0.0000,161.8258,0.03034458,15.0148,14.5688,151.8160,152.2619,0.02846760,0.02855122,0.00093849,11.7207,14.3869,0.4936,11.1221,1.3346,355.5293,22.5333,9.0159,14.1015,4.1543,10.1018,14.54,20.7715,28.0415,61.7952,10.1018,-2.0771,2.77588,6.11723,1.16026,27,57,11,5,0.36009938,0.03128308,-0.09599540,0E-8,0.000000,0.911839,0.000000,0.19890350,2026-06-12,2026-08-06,15,125,105,56,0.267857,0.639360,0.769226,1.200331,,,,,,,,GLOBAL_BASELINE_NO_ENTITY_RANKING,,,NOT_APPLICABLE_GLOBAL_BASELINE,HF9g-P5,,,,X 全窗基线 · 不参与实体赏罚,6875434,688,A168_HF9F_20260827_0900,2026-08-27 09:00:00
2026-06-12,151367516,2229,0,20.7714517168,-0.5192862929,-0.5192862929,0.5000000,2,2,0.49994810000000000,0.499948100000,0.00014679536856514622,0.00014679536856514622,0.00014679536856514622,0E-17,ELIGIBLE,R03b_20260811_FULL_v1,L1_ELIGIBILITY,v2026-08-11,2026-03-21..2026-08-06,baccarat_bet02_101_all_pairs_incl_sentinel,round_win = game_pnl > 0 (decisive only),COMPATIBILITY_ONLY_NOT_PRODUCTION,5332.9394,4862.7808,166.8308,455,338,-0.03128308,0.09599540,-0.10290811,-0.03128308,-166.8308,5332.9394,OK,0.0000,5.0049,3.0000,97.0000,AG03-UNRESOLVED,ALL5_LEVELS_bet23_to_bet27,5.0049,5.0049,5.0049,0.0000,0.0000,3.000000,3.000000,3.000000,0.000000,0.000000,97.000000,97.000000,97.000000,100.000000,100.000000,5.0,15.0148,14.5688,151.8160,152.2619,PENDING_AG03,FALSE,NOT_FOR_ENFORCEMENT,161.8258,4716.8974,166.8308,161.8258,5.0049,0.03128308,0.03034458,5.0049,161.8258,0.03034458,5.0049,5.0049,5.0049,0.0000,0.0000,161.8258,0.03034458,15.0148,14.5688,151.8160,152.2619,0.02846760,0.02855122,0.00093849,11.7207,14.3869,0.4936,11.1221,1.3346,355.5293,22.5333,9.0159,14.1015,4.1543,10.1018,14.54,20.7715,28.0415,61.7952,10.1018,-2.0771,2.77588,6.11723,1.16026,27,57,11,5,0.36009938,0.03128308,-0.09599540,0E-8,0.000000,0.911839,0.000000,0.19890350,2026-06-12,2026-08-06,15,125,105,56,0.267857,0.639360,0.769226,1.200331,,,,,,,,GLOBAL_BASELINE_NO_ENTITY_RANKING,,,NOT_APPLICABLE_GLOBAL_BASELINE,HF9g-P5,,,,X 全窗基线 · 不参与实体赏罚,6875435,688,A168_HF9F_20260827_0900,2026-08-27 09:00:00
2026-06-12,151367516,2278,0,10.3857258584,-10.3857258584,-10.3857258584,0E-7,1,1,0.50665070000000000,0.506650700000,-1.013391052207602,-1.013391052207602,-1.013391052207602,0E-17,ELIGIBLE,R03b_20260811_FULL_v1,L1_ELIGIBILITY,v2026-08-11,2026-03-21..2026-08-06,baccarat_bet02_101_all_pairs_incl_sentinel,round_win = game_pnl > 0 (decisive only),COMPATIBILITY_ONLY_NOT_PRODUCTION,5332.9394,4862.7808,166.8308,455,338,-0.03128308,0.09599540,-0.10290811,-0.03128308,-166.8308,5332.9394,OK,0.0000,5.0049,3.0000,97.0000,AG03-UNRESOLVED,ALL5_LEVELS_bet23_to_bet27,5.0049,5.0049,5.0049,0.0000,0.0000,3.000000,3.000000,3.000000,0.000000,0.000000,97.000000,97.000000,97.000000,100.000000,100.000000,5.0,15.0148,14.5688,151.8160,152.2619,PENDING_AG03,FALSE,NOT_FOR_ENFORCEMENT,161.8258,4716.8974,166.8308,161.8258,5.0049,0.03128308,0.03034458,5.0049,161.8258,0.03034458,5.0049,5.0049,5.0049,0.0000,0.0000,161.8258,0.03034458,15.0148,14.5688,151.8160,152.2619,0.02846760,0.02855122,0.00093849,11.7207,14.3869,0.4936,11.1221,1.3346,355.5293,22.5333,9.0159,14.1015,4.1543,10.1018,14.54,20.7715,28.0415,61.7952,10.1018,-2.0771,2.77588,6.11723,1.16026,27,57,11,5,0.36009938,0.03128308,-0.09599540,0E-8,0.000000,0.911839,0.000000,0.19890350,2026-06-12,2026-08-06,15,125,105,56,0.267857,0.639360,0.769226,1.200331,,,,,,,,GLOBAL_BASELINE_NO_ENTITY_RANKING,,,NOT_APPLICABLE_GLOBAL_BASELINE,HF9g-P5,,,,X 全窗基线 · 不参与实体赏罚,6875436,688,A168_HF9F_20260827_0900,2026-08-27 09:00:00
2026-06-12,151367516,2281,0,27.0028872319,18.0711629936,18.0711629936,1.0000000,3,2,0.44844211249969005,0.396936125000,1.5684018746784352,1.7431563486697372,1.5684018746784352,0.05150598749969005,ELIGIBLE,R03b_20260811_FULL_v1,L1_ELIGIBILITY,v2026-08-11,2026-03-21..2026-08-06,baccarat_bet02_101_all_pairs_incl_sentinel,round_win = game_pnl > 0 (decisive only),COMPATIBILITY_ONLY_NOT_PRODUCTION,5332.9394,4862.7808,166.8308,455,338,-0.03128308,0.09599540,-0.10290811,-0.03128308,-166.8308,5332.9394,OK,0.0000,5.0049,3.0000,97.0000,AG03-UNRESOLVED,ALL5_LEVELS_bet23_to_bet27,5.0049,5.0049,5.0049,0.0000,0.0000,3.000000,3.000000,3.000000,0.000000,0.000000,97.000000,97.000000,97.000000,100.000000,100.000000,5.0,15.0148,14.5688,151.8160,152.2619,PENDING_AG03,FALSE,NOT_FOR_ENFORCEMENT,161.8258,4716.8974,166.8308,161.8258,5.0049,0.03128308,0.03034458,5.0049,161.8258,0.03034458,5.0049,5.0049,5.0049,0.0000,0.0000,161.8258,0.03034458,15.0148,14.5688,151.8160,152.2619,0.02846760,0.02855122,0.00093849,11.7207,14.3869,0.4936,11.1221,1.3346,355.5293,22.5333,9.0159,14.1015,4.1543,10.1018,14.54,20.7715,28.0415,61.7952,10.1018,-2.0771,2.77588,6.11723,1.16026,27,57,11,5,0.36009938,0.03128308,-0.09599540,0E-8,0.000000,0.911839,0.000000,0.19890350,2026-06-12,2026-08-06,15,125,105,56,0.267857,0.639360,0.769226,1.200331,,,,,,,,GLOBAL_BASELINE_NO_ENTITY_RANKING,,,NOT_APPLICABLE_GLOBAL_BASELINE,HF9g-P5,,,,X 全窗基线 · 不参与实体赏罚,6875437,688,A168_HF9F_20260827_0900,2026-08-27 09:00:00
2026-06-14,151367516,-1,1,305.3403402366,-40.5043308478,-40.5043308478,0.4285714,11,8,0.44676646249993336,0.421851293750,-0.09682942609024749,0.03600207517024927,-0.09682942609024749,0.02491516874993336,SENTINEL_DEALER,R03b_20260811_FULL_v1,L1_ELIGIBILITY,v2026-08-11,2026-03-21..2026-08-06,baccarat_bet02_101_all_pairs_incl_sentinel,round_win = game_pnl > 0 (decisive only),COMPATIBILITY_ONLY_NOT_PRODUCTION,5332.9394,4862.7808,166.8308,455,338,-0.03128308,0.09599540,-0.10290811,-0.03128308,-166.8308,5332.9394,OK,0.0000,5.0049,3.0000,97.0000,AG03-UNRESOLVED,ALL5_LEVELS_bet23_to_bet27,5.0049,5.0049,5.0049,0.0000,0.0000,3.000000,3.000000,3.000000,0.000000,0.000000,97.000000,97.000000,97.000000,100.000000,100.000000,5.0,15.0148,14.5688,151.8160,152.2619,PENDING_AG03,FALSE,NOT_FOR_ENFORCEMENT,161.8258,4716.8974,166.8308,161.8258,5.0049,0.03128308,0.03034458,5.0049,161.8258,0.03034458,5.0049,5.0049,5.0049,0.0000,0.0000,161.8258,0.03034458,15.0148,14.5688,151.8160,152.2619,0.02846760,0.02855122,0.00093849,11.7207,14.3869,0.4936,11.1221,1.3346,355.5293,22.5333,9.0159,14.1015,4.1543,10.1018,14.54,20.7715,28.0415,61.7952,10.1018,-2.0771,2.77588,6.11723,1.16026,27,57,11,5,0.36009938,0.03128308,-0.09599540,0E-8,0.000000,0.911839,0.000000,0.19890350,2026-06-12,2026-08-06,15,125,105,56,0.267857,0.639360,0.769226,1.200331,,,,,,,,GLOBAL_BASELINE_NO_ENTITY_RANKING,,,NOT_APPLICABLE_GLOBAL_BASELINE,HF9g-P5,,,,X 全窗基线 · 不参与实体赏罚,6875438,688,A168_HF9F_20260827_0900,2026-08-27 09:00:00
2026-06-14,151367516,1306,0,20.7714517168,-20.7714517168,-20.7714517168,0E-7,1,1,0.50665070000000000,0.506650700000,-1.013391052207602,-1.013391052207602,-1.013391052207602,0E-17,ELIGIBLE,R03b_20260811_FULL_v1,L1_ELIGIBILITY,v2026-08-11,2026-03-21..2026-08-06,baccarat_bet02_101_all_pairs_incl_sentinel,round_win = game_pnl > 0 (decisive only),COMPATIBILITY_ONLY_NOT_PRODUCTION,5332.9394,4862.7808,166.8308,455,338,-0.03128308,0.09599540,-0.10290811,-0.03128308,-166.8308,5332.9394,OK,0.0000,5.0049,3.0000,97.0000,AG03-UNRESOLVED,ALL5_LEVELS_bet23_to_bet27,5.0049,5.0049,5.0049,0.0000,0.0000,3.000000,3.000000,3.000000,0.000000,0.000000,97.000000,97.000000,97.000000,100.000000,100.000000,5.0,15.0148,14.5688,151.8160,152.2619,PENDING_AG03,FALSE,NOT_FOR_ENFORCEMENT,161.8258,4716.8974,166.8308,161.8258,5.0049,0.03128308,0.03034458,5.0049,161.8258,0.03034458,5.0049,5.0049,5.0049,0.0000,0.0000,161.8258,0.03034458,15.0148,14.5688,151.8160,152.2619,0.02846760,0.02855122,0.00093849,11.7207,14.3869,0.4936,11.1221,1.3346,355.5293,22.5333,9.0159,14.1015,4.1543,10.1018,14.54,20.7715,28.0415,61.7952,10.1018,-2.0771,2.77588,6.11723,1.16026,27,57,11,5,0.36009938,0.03128308,-0.09599540,0E-8,0.000000,0.911839,0.000000,0.19890350,2026-06-12,2026-08-06,15,125,105,56,0.267857,0.639360,0.769226,1.200331,,,,,,,,GLOBAL_BASELINE_NO_ENTITY_RANKING,,,NOT_APPLICABLE_GLOBAL_BASELINE,HF9g-P5,,,,X 全窗基线 · 不参与实体赏罚,6875439,688,A168_HF9F_20260827_0900,2026-08-27 09:00:00
2026-06-14,151367516,1490,0,20.7714517168,19.7328791309,19.7328791309,1.0000000,1,1,0.50665070000000000,0.506650700000,0.9867858985152569,0.9867858985152569,0.9867858985152569,0E-17,ELIGIBLE,R03b_20260811_FULL_v1,L1_ELIGIBILITY,v2026-08-11,2026-03-21..2026-08-06,baccarat_bet02_101_all_pairs_incl_sentinel,round_win = game_pnl > 0 (decisive only),COMPATIBILITY_ONLY_NOT_PRODUCTION,5332.9394,4862.7808,166.8308,455,338,-0.03128308,0.09599540,-0.10290811,-0.03128308,-166.8308,5332.9394,OK,0.0000,5.0049,3.0000,97.0000,AG03-UNRESOLVED,ALL5_LEVELS_bet23_to_bet27,5.0049,5.0049,5.0049,0.0000,0.0000,3.000000,3.000000,3.000000,0.000000,0.000000,97.000000,97.000000,97.000000,100.000000,100.000000,5.0,15.0148,14.5688,151.8160,152.2619,PENDING_AG03,FALSE,NOT_FOR_ENFORCEMENT,161.8258,4716.8974,166.8308,161.8258,5.0049,0.03128308,0.03034458,5.0049,161.8258,0.03034458,5.0049,5.0049,5.0049,0.0000,0.0000,161.8258,0.03034458,15.0148,14.5688,151.8160,152.2619,0.02846760,0.02855122,0.00093849,11.7207,14.3869,0.4936,11.1221,1.3346,355.5293,22.5333,9.0159,14.1015,4.1543,10.1018,14.54,20.7715,28.0415,61.7952,10.1018,-2.0771,2.77588,6.11723,1.16026,27,57,11,5,0.36009938,0.03128308,-0.09599540,0E-8,0.000000,0.911839,0.000000,0.19890350,2026-06-12,2026-08-06,15,125,105,56,0.267857,0.639360,0.769226,1.200331,,,,,,,,GLOBAL_BASELINE_NO_ENTITY_RANKING,,,NOT_APPLICABLE_GLOBAL_BASELINE,HF9g-P5,,,,X 全窗基线 · 不参与实体赏罚,6875440,688,A168_HF9F_20260827_0900,2026-08-27 09:00:00
2026-06-14,151367516,1702,0,274.1831626614,-28.0414598177,-28.0414598177,0.3333333,8,7,0.49141412142849527,0.472431135714,-0.774548741660479,-0.6824754904874627,-0.774548741660479,0.01898298571449527,ELIGIBLE,R03b_20260811_FULL_v1,L1_ELIGIBILITY,v2026-08-11,2026-03-21..2026-08-06,baccarat_bet02_101_all_pairs_incl_sentinel,round_win = game_pnl > 0 (decisive only),COMPATIBILITY_ONLY_NOT_PRODUCTION,5332.9394,4862.7808,166.8308,455,338,-0.03128308,0.09599540,-0.10290811,-0.03128308,-166.8308,5332.9394,OK,0.0000,5.0049,3.0000,97.0000,AG03-UNRESOLVED,ALL5_LEVELS_bet23_to_bet27,5.0049,5.0049,5.0049,0.0000,0.0000,3.000000,3.000000,3.000000,0.000000,0.000000,97.000000,97.000000,97.000000,100.000000,100.000000,5.0,15.0148,14.5688,151.8160,152.2619,PENDING_AG03,FALSE,NOT_FOR_ENFORCEMENT,161.8258,4716.8974,166.8308,161.8258,5.0049,0.03128308,0.03034458,5.0049,161.8258,0.03034458,5.0049,5.0049,5.0049,0.0000,0.0000,161.8258,0.03034458,15.0148,14.5688,151.8160,152.2619,0.02846760,0.02855122,0.00093849,11.7207,14.3869,0.4936,11.1221,1.3346,355.5293,22.5333,9.0159,14.1015,4.1543,10.1018,14.54,20.7715,28.0415,61.7952,10.1018,-2.0771,2.77588,6.11723,1.16026,27,57,11,5,0.36009938,0.03128308,-0.09599540,0E-8,0.000000,0.911839,0.000000,0.19890350,2026-06-12,2026-08-06,15,125,105,56,0.267857,0.639360,0.769226,1.200331,,,,,,,,GLOBAL_BASELINE_NO_ENTITY_RANKING,,,NOT_APPLICABLE_GLOBAL_BASELINE,HF9g-P5,,,,X 全窗基线 · 不参与实体赏罚,6875441,688,A168_HF9F_20260827_0900,2026-08-27 09:00:00
2026-06-14,151367516,2258,0,81.0086616954,72.9077955258,72.9077955258,1.0000000,3,2,0.48375914999975510,0.403638725000,1.4609205064332362,1.7189898101856425,1.4609205064332362,0.08012042499975510,ELIGIBLE,R03b_20260811_FULL_v1,L1_ELIGIBILITY,v2026-08-11,2026-03-21..2026-08-06,baccarat_bet02_101_all_pairs_incl_sentinel,round_win = game_pnl > 0 (decisive only),COMPATIBILITY_ONLY_NOT_PRODUCTION,5332.9394,4862.7808,166.8308,455,338,-0.03128308,0.09599540,-0.10290811,-0.03128308,-166.8308,5332.9394,OK,0.0000,5.0049,3.0000,97.0000,AG03-UNRESOLVED,ALL5_LEVELS_bet23_to_bet27,5.0049,5.0049,5.0049,0.0000,0.0000,3.000000,3.000000,3.000000,0.000000,0.000000,97.000000,97.000000,97.000000,100.000000,100.000000,5.0,15.0148,14.5688,151.8160,152.2619,PENDING_AG03,FALSE,NOT_FOR_ENFORCEMENT,161.8258,4716.8974,166.8308,161.8258,5.0049,0.03128308,0.03034458,5.0049,161.8258,0.03034458,5.0049,5.0049,5.0049,0.0000,0.0000,161.8258,0.03034458,15.0148,14.5688,151.8160,152.2619,0.02846760,0.02855122,0.00093849,11.7207,14.3869,0.4936,11.1221,1.3346,355.5293,22.5333,9.0159,14.1015,4.1543,10.1018,14.54,20.7715,28.0415,61.7952,10.1018,-2.0771,2.77588,6.11723,1.16026,27,57,11,5,0.36009938,0.03128308,-0.09599540,0E-8,0.000000,0.911839,0.000000,0.19890350,2026-06-12,2026-08-06,15,125,105,56,0.267857,0.639360,0.769226,1.200331,,,,,,,,GLOBAL_BASELINE_NO_ENTITY_RANKING,,,NOT_APPLICABLE_GLOBAL_BASELINE,HF9g-P5,,,,X 全窗基线 · 不参与实体赏罚,6875442,688,A168_HF9F_20260827_0900,2026-08-27 09:00:00
2026-06-14,151367516,2276,0,20.7714517168,19.7328791309,19.7328791309,1.0000000,1,1,0.50665070000000000,0.506650700000,0.9867858985152569,0.9867858985152569,0.9867858985152569,0E-17,ELIGIBLE,R03b_20260811_FULL_v1,L1_ELIGIBILITY,v2026-08-11,2026-03-21..2026-08-06,baccarat_bet02_101_all_pairs_incl_sentinel,round_win = game_pnl > 0 (decisive only),COMPATIBILITY_ONLY_NOT_PRODUCTION,5332.9394,4862.7808,166.8308,455,338,-0.03128308,0.09599540,-0.10290811,-0.03128308,-166.8308,5332.9394,OK,0.0000,5.0049,3.0000,97.0000,AG03-UNRESOLVED,ALL5_LEVELS_bet23_to_bet27,5.0049,5.0049,5.0049,0.0000,0.0000,3.000000,3.000000,3.000000,0.000000,0.000000,97.000000,97.000000,97.000000,100.000000,100.000000,5.0,15.0148,14.5688,151.8160,152.2619,PENDING_AG03,FALSE,NOT_FOR_ENFORCEMENT,161.8258,4716.8974,166.8308,161.8258,5.0049,0.03128308,0.03034458,5.0049,161.8258,0.03034458,5.0049,5.0049,5.0049,0.0000,0.0000,161.8258,0.03034458,15.0148,14.5688,151.8160,152.2619,0.02846760,0.02855122,0.00093849,11.7207,14.3869,0.4936,11.1221,1.3346,355.5293,22.5333,9.0159,14.1015,4.1543,10.1018,14.54,20.7715,28.0415,61.7952,10.1018,-2.0771,2.77588,6.11723,1.16026,27,57,11,5,0.36009938,0.03128308,-0.09599540,0E-8,0.000000,0.911839,0.000000,0.19890350,2026-06-12,2026-08-06,15,125,105,56,0.267857,0.639360,0.769226,1.200331,,,,,,,,GLOBAL_BASELINE_NO_ENTITY_RANKING,,,NOT_APPLICABLE_GLOBAL_BASELINE,HF9g-P5,,,,X 全窗基线 · 不参与实体赏罚,6875443,688,A168_HF9F_20260827_0900,2026-08-27 09:00:00
2026-06-17,151367516,-1,1,124.6287103006,-40.4004735891,-40.4004735891,0.5000000,12,11,0.50096364545454871,0.501166754545,-0.006094640305613988,-0.007379223756047412,-0.006094640305613988,-0.00020310909045129,SENTINEL_DEALER,R03b_20260811_FULL_v1,L1_ELIGIBILITY,v2026-08-11,2026-03-21..2026-08-06,baccarat_bet02_101_all_pairs_incl_sentinel,round_win = game_pnl > 0 (decisive only),COMPATIBILITY_ONLY_NOT_PRODUCTION,5332.9394,4862.7808,166.8308,455,338,-0.03128308,0.09599540,-0.10290811,-0.03128308,-166.8308,5332.9394,OK,0.0000,5.0049,3.0000,97.0000,AG03-UNRESOLVED,ALL5_LEVELS_bet23_to_bet27,5.0049,5.0049,5.0049,0.0000,0.0000,3.000000,3.000000,3.000000,0.000000,0.000000,97.000000,97.000000,97.000000,100.000000,100.000000,5.0,15.0148,14.5688,151.8160,152.2619,PENDING_AG03,FALSE,NOT_FOR_ENFORCEMENT,161.8258,4716.8974,166.8308,161.8258,5.0049,0.03128308,0.03034458,5.0049,161.8258,0.03034458,5.0049,5.0049,5.0049,0.0000,0.0000,161.8258,0.03034458,15.0148,14.5688,151.8160,152.2619,0.02846760,0.02855122,0.00093849,11.7207,14.3869,0.4936,11.1221,1.3346,355.5293,22.5333,9.0159,14.1015,4.1543,10.1018,14.54,20.7715,28.0415,61.7952,10.1018,-2.0771,2.77588,6.11723,1.16026,27,57,11,5,0.36009938,0.03128308,-0.09599540,0E-8,0.000000,0.911839,0.000000,0.19890350,2026-06-12,2026-08-06,15,125,105,56,0.267857,0.639360,0.769226,1.200331,,,,,,,,GLOBAL_BASELINE_NO_ENTITY_RANKING,,,NOT_APPLICABLE_GLOBAL_BASELINE,HF9g-P5,,,,X 全窗基线 · 不参与实体赏罚,6875444,688,A168_HF9F_20260827_0900,2026-08-27 09:00:00
2026-06-17,151367516,1400,0,22.8485968884,6.2314355150,6.2314355150,1.0000000,2,2,0.49324550000000000,0.493245500000,1.01360149184955,1.01360149184955,1.01360149184955,0E-17,ELIGIBLE,R03b_20260811_FULL_v1,L1_ELIGIBILITY,v2026-08-11,2026-03-21..2026-08-06,baccarat_bet02_101_all_pairs_incl_sentinel,round_win = game_pnl > 0 (decisive only),COMPATIBILITY_ONLY_NOT_PRODUCTION,5332.9394,4862.7808,166.8308,455,338,-0.03128308,0.09599540,-0.10290811,-0.03128308,-166.8308,5332.9394,OK,0.0000,5.0049,3.0000,97.0000,AG03-UNRESOLVED,ALL5_LEVELS_bet23_to_bet27,5.0049,5.0049,5.0049,0.0000,0.0000,3.000000,3.000000,3.000000,0.000000,0.000000,97.000000,97.000000,97.000000,100.000000,100.000000,5.0,15.0148,14.5688,151.8160,152.2619,PENDING_AG03,FALSE,NOT_FOR_ENFORCEMENT,161.8258,4716.8974,166.8308,161.8258,5.0049,0.03128308,0.03034458,5.0049,161.8258,0.03034458,5.0049,5.0049,5.0049,0.0000,0.0000,161.8258,0.03034458,15.0148,14.5688,151.8160,152.2619,0.02846760,0.02855122,0.00093849,11.7207,14.3869,0.4936,11.1221,1.3346,355.5293,22.5333,9.0159,14.1015,4.1543,10.1018,14.54,20.7715,28.0415,61.7952,10.1018,-2.0771,2.77588,6.11723,1.16026,27,57,11,5,0.36009938,0.03128308,-0.09599540,0E-8,0.000000,0.911839,0.000000,0.19890350,2026-06-12,2026-08-06,15,125,105,56,0.267857,0.639360,0.769226,1.200331,,,,,,,,GLOBAL_BASELINE_NO_ENTITY_RANKING,,,NOT_APPLICABLE_GLOBAL_BASELINE,HF9g-P5,,,,X 全窗基线 · 不参与实体赏罚,6875445,688,A168_HF9F_20260827_0900,2026-08-27 09:00:00
2026-06-17,151367516,1505,0,12.4628710301,3.7388613090,3.7388613090,1.0000000,2,1,0.36930139999889793,0.300626750000,1.3068340946080073,1.5252488199758223,1.3068340946080073,0.06867464999889793,ELIGIBLE,R03b_20260811_FULL_v1,L1_ELIGIBILITY,v2026-08-11,2026-03-21..2026-08-06,baccarat_bet02_101_all_pairs_incl_sentinel,round_win = game_pnl > 0 (decisive only),COMPATIBILITY_ONLY_NOT_PRODUCTION,5332.9394,4862.7808,166.8308,455,338,-0.03128308,0.09599540,-0.10290811,-0.03128308,-166.8308,5332.9394,OK,0.0000,5.0049,3.0000,97.0000,AG03-UNRESOLVED,ALL5_LEVELS_bet23_to_bet27,5.0049,5.0049,5.0049,0.0000,0.0000,3.000000,3.000000,3.000000,0.000000,0.000000,97.000000,97.000000,97.000000,100.000000,100.000000,5.0,15.0148,14.5688,151.8160,152.2619,PENDING_AG03,FALSE,NOT_FOR_ENFORCEMENT,161.8258,4716.8974,166.8308,161.8258,5.0049,0.03128308,0.03034458,5.0049,161.8258,0.03034458,5.0049,5.0049,5.0049,0.0000,0.0000,161.8258,0.03034458,15.0148,14.5688,151.8160,152.2619,0.02846760,0.02855122,0.00093849,11.7207,14.3869,0.4936,11.1221,1.3346,355.5293,22.5333,9.0159,14.1015,4.1543,10.1018,14.54,20.7715,28.0415,61.7952,10.1018,-2.0771,2.77588,6.11723,1.16026,27,57,11,5,0.36009938,0.03128308,-0.09599540,0E-8,0.000000,0.911839,0.000000,0.19890350,2026-06-12,2026-08-06,15,125,105,56,0.267857,0.639360,0.769226,1.200331,,,,,,,,GLOBAL_BASELINE_NO_ENTITY_RANKING,,,NOT_APPLICABLE_GLOBAL_BASELINE,HF9g-P5,,,,X 全窗基线 · 不参与实体赏罚,6875446,688,A168_HF9F_20260827_0900,2026-08-27 09:00:00
2026-06-17,151367516,2130,0,51.9286292919,-35.3114679185,-35.3114679185,0.2000000,5,5,0.49860758000000000,0.498607580000,-1.3354188732730328,-1.3354188732730328,-1.3354188732730328,0E-17,ELIGIBLE,R03b_20260811_FULL_v1,L1_ELIGIBILITY,v2026-08-11,2026-03-21..2026-08-06,baccarat_bet02_101_all_pairs_incl_sentinel,round_win = game_pnl > 0 (decisive only),COMPATIBILITY_ONLY_NOT_PRODUCTION,5332.9394,4862.7808,166.8308,455,338,-0.03128308,0.09599540,-0.10290811,-0.03128308,-166.8308,5332.9394,OK,0.0000,5.0049,3.0000,97.0000,AG03-UNRESOLVED,ALL5_LEVELS_bet23_to_bet27,5.0049,5.0049,5.0049,0.0000,0.0000,3.000000,3.000000,3.000000,0.000000,0.000000,97.000000,97.000000,97.000000,100.000000,100.000000,5.0,15.0148,14.5688,151.8160,152.2619,PENDING_AG03,FALSE,NOT_FOR_ENFORCEMENT,161.8258,4716.8974,166.8308,161.8258,5.0049,0.03128308,0.03034458,5.0049,161.8258,0.03034458,5.0049,5.0049,5.0049,0.0000,0.0000,161.8258,0.03034458,15.0148,14.5688,151.8160,152.2619,0.02846760,0.02855122,0.00093849,11.7207,14.3869,0.4936,11.1221,1.3346,355.5293,22.5333,9.0159,14.1015,4.1543,10.1018,14.54,20.7715,28.0415,61.7952,10.1018,-2.0771,2.77588,6.11723,1.16026,27,57,11,5,0.36009938,0.03128308,-0.09599540,0E-8,0.000000,0.911839,0.000000,0.19890350,2026-06-12,2026-08-06,15,125,105,56,0.267857,0.639360,0.769226,1.200331,,,,,,,,GLOBAL_BASELINE_NO_ENTITY_RANKING,,,NOT_APPLICABLE_GLOBAL_BASELINE,HF9g-P5,,,,X 全窗基线 · 不参与实体赏罚,6875447,688,A168_HF9F_20260827_0900,2026-08-27 09:00:00
2026-06-17,151367516,2250,0,20.7714517169,11.6320129614,11.6320129614,0.6666667,3,3,0.50665070000000000,0.506650700000,0.5543606114942035,0.5543606114942035,0.5543606114942035,0E-17,ELIGIBLE,R03b_20260811_FULL_v1,L1_ELIGIBILITY,v2026-08-11,2026-03-21..2026-08-06,baccarat_bet02_101_all_pairs_incl_sentinel,round_win = game_pnl > 0 (decisive only),COMPATIBILITY_ONLY_NOT_PRODUCTION,5332.9394,4862.7808,166.8308,455,338,-0.03128308,0.09599540,-0.10290811,-0.03128308,-166.8308,5332.9394,OK,0.0000,5.0049,3.0000,97.0000,AG03-UNRESOLVED,ALL5_LEVELS_bet23_to_bet27,5.0049,5.0049,5.0049,0.0000,0.0000,3.000000,3.000000,3.000000,0.000000,0.000000,97.000000,97.000000,97.000000,100.000000,100.000000,5.0,15.0148,14.5688,151.8160,152.2619,PENDING_AG03,FALSE,NOT_FOR_ENFORCEMENT,161.8258,4716.8974,166.8308,161.8258,5.0049,0.03128308,0.03034458,5.0049,161.8258,0.03034458,5.0049,5.0049,5.0049,0.0000,0.0000,161.8258,0.03034458,15.0148,14.5688,151.8160,152.2619,0.02846760,0.02855122,0.00093849,11.7207,14.3869,0.4936,11.1221,1.3346,355.5293,22.5333,9.0159,14.1015,4.1543,10.1018,14.54,20.7715,28.0415,61.7952,10.1018,-2.0771,2.77588,6.11723,1.16026,27,57,11,5,0.36009938,0.03128308,-0.09599540,0E-8,0.000000,0.911839,0.000000,0.19890350,2026-06-12,2026-08-06,15,125,105,56,0.267857,0.639360,0.769226,1.200331,,,,,,,,GLOBAL_BASELINE_NO_ENTITY_RANKING,,,NOT_APPLICABLE_GLOBAL_BASELINE,HF9g-P5,,,,X 全窗基线 · 不参与实体赏罚,6875448,688,A168_HF9F_20260827_0900,2026-08-27 09:00:00
2026-06-17,151367516,2261,0,132.9372909878,26.0681719043,26.0681719043,0.6666667,20,13,0.40028054615367187,0.374726526923,1.8834144836557751,2.089258671855698,1.8834144836557751,0.02555401923067187,ELIGIBLE,R03b_20260811_FULL_v1,L1_ELIGIBILITY,v2026-08-11,2026-03-21..2026-08-06,baccarat_bet02_101_all_pairs_incl_sentinel,round_win = game_pnl > 0 (decisive only),COMPATIBILITY_ONLY_NOT_PRODUCTION,5332.9394,4862.7808,166.8308,455,338,-0.03128308,0.09599540,-0.10290811,-0.03128308,-166.8308,5332.9394,OK,0.0000,5.0049,3.0000,97.0000,AG03-UNRESOLVED,ALL5_LEVELS_bet23_to_bet27,5.0049,5.0049,5.0049,0.0000,0.0000,3.000000,3.000000,3.000000,0.000000,0.000000,97.000000,97.000000,97.000000,100.000000,100.000000,5.0,15.0148,14.5688,151.8160,152.2619,PENDING_AG03,FALSE,NOT_FOR_ENFORCEMENT,161.8258,4716.8974,166.8308,161.8258,5.0049,0.03128308,0.03034458,5.0049,161.8258,0.03034458,5.0049,5.0049,5.0049,0.0000,0.0000,161.8258,0.03034458,15.0148,14.5688,151.8160,152.2619,0.02846760,0.02855122,0.00093849,11.7207,14.3869,0.4936,11.1221,1.3346,355.5293,22.5333,9.0159,14.1015,4.1543,10.1018,14.54,20.7715,28.0415,61.7952,10.1018,-2.0771,2.77588,6.11723,1.16026,27,57,11,5,0.36009938,0.03128308,-0.09599540,0E-8,0.000000,0.911839,0.000000,0.19890350,2026-06-12,2026-08-06,15,125,105,56,0.267857,0.639360,0.769226,1.200331,,,,,,,,GLOBAL_BASELINE_NO_ENTITY_RANKING,,,NOT_APPLICABLE_GLOBAL_BASELINE,HF9g-P5,,,,X 全窗基线 · 不参与实体赏罚,6875449,688,A168_HF9F_20260827_0900,2026-08-27 09:00:00
2026-06-17,151367516,994,0,8.3085806868,0E-10,0E-10,0.5000000,2,2,0.49994810000000000,0.499948100000,0.00014679536856514622,0.00014679536856514622,0.00014679536856514622,0E-17,ELIGIBLE,R03b_20260811_FULL_v1,L1_ELIGIBILITY,v2026-08-11,2026-03-21..2026-08-06,baccarat_bet02_101_all_pairs_incl_sentinel,round_win = game_pnl > 0 (decisive only),COMPATIBILITY_ONLY_NOT_PRODUCTION,5332.9394,4862.7808,166.8308,455,338,-0.03128308,0.09599540,-0.10290811,-0.03128308,-166.8308,5332.9394,OK,0.0000,5.0049,3.0000,97.0000,AG03-UNRESOLVED,ALL5_LEVELS_bet23_to_bet27,5.0049,5.0049,5.0049,0.0000,0.0000,3.000000,3.000000,3.000000,0.000000,0.000000,97.000000,97.000000,97.000000,100.000000,100.000000,5.0,15.0148,14.5688,151.8160,152.2619,PENDING_AG03,FALSE,NOT_FOR_ENFORCEMENT,161.8258,4716.8974,166.8308,161.8258,5.0049,0.03128308,0.03034458,5.0049,161.8258,0.03034458,5.0049,5.0049,5.0049,0.0000,0.0000,161.8258,0.03034458,15.0148,14.5688,151.8160,152.2619,0.02846760,0.02855122,0.00093849,11.7207,14.3869,0.4936,11.1221,1.3346,355.5293,22.5333,9.0159,14.1015,4.1543,10.1018,14.54,20.7715,28.0415,61.7952,10.1018,-2.0771,2.77588,6.11723,1.16026,27,57,11,5,0.36009938,0.03128308,-0.09599540,0E-8,0.000000,0.911839,0.000000,0.19890350,2026-06-12,2026-08-06,15,125,105,56,0.267857,0.639360,0.769226,1.200331,,,,,,,,GLOBAL_BASELINE_NO_ENTITY_RANKING,,,NOT_APPLICABLE_GLOBAL_BASELINE,HF9g-P5,,,,X 全窗基线 · 不参与实体赏罚,6875450,688,A168_HF9F_20260827_0900,2026-08-27 09:00:00
2026-06-24,151367516,-1,1,531.7491639497,41.4390461746,41.4390461746,0.5200000,29,25,0.47699060399996082,0.469665308000,0.4305500958801968,0.5042758383089481,0.4305500958801968,0.00732529599996082,SENTINEL_DEALER,R03b_20260811_FULL_v1,L1_ELIGIBILITY,v2026-08-11,2026-03-21..2026-08-06,baccarat_bet02_101_all_pairs_incl_sentinel,round_win = game_pnl > 0 (decisive only),COMPATIBILITY_ONLY_NOT_PRODUCTION,5332.9394,4862.7808,166.8308,455,338,-0.03128308,0.09599540,-0.10290811,-0.03128308,-166.8308,5332.9394,OK,0.0000,5.0049,3.0000,97.0000,AG03-UNRESOLVED,ALL5_LEVELS_bet23_to_bet27,5.0049,5.0049,5.0049,0.0000,0.0000,3.000000,3.000000,3.000000,0.000000,0.000000,97.000000,97.000000,97.000000,100.000000,100.000000,5.0,15.0148,14.5688,151.8160,152.2619,PENDING_AG03,FALSE,NOT_FOR_ENFORCEMENT,161.8258,4716.8974,166.8308,161.8258,5.0049,0.03128308,0.03034458,5.0049,161.8258,0.03034458,5.0049,5.0049,5.0049,0.0000,0.0000,161.8258,0.03034458,15.0148,14.5688,151.8160,152.2619,0.02846760,0.02855122,0.00093849,11.7207,14.3869,0.4936,11.1221,1.3346,355.5293,22.5333,9.0159,14.1015,4.1543,10.1018,14.54,20.7715,28.0415,61.7952,10.1018,-2.0771,2.77588,6.11723,1.16026,27,57,11,5,0.36009938,0.03128308,-0.09599540,0E-8,0.000000,0.911839,0.000000,0.19890350,2026-06-12,2026-08-06,15,125,105,56,0.267857,0.639360,0.769226,1.200331,,,,,,,,GLOBAL_BASELINE_NO_ENTITY_RANKING,,,NOT_APPLICABLE_GLOBAL_BASELINE,HF9g-P5,,,,X 全窗基线 · 不参与实体赏罚,6875451,688,A168_HF9F_20260827_0900,2026-08-27 09:00:00
2026-06-24,151367516,1283,0,66.4686454937,-66.4686454937,-66.4686454937,0E-7,2,2,0.50665070000000000,0.506650700000,-1.4331513700195317,-1.4331513700195317,-1.4331513700195317,0E-17,ELIGIBLE,R03b_20260811_FULL_v1,L1_ELIGIBILITY,v2026-08-11,2026-03-21..2026-08-06,baccarat_bet02_101_all_pairs_incl_sentinel,round_win = game_pnl > 0 (decisive only),COMPATIBILITY_ONLY_NOT_PRODUCTION,5332.9394,4862.7808,166.8308,455,338,-0.03128308,0.09599540,-0.10290811,-0.03128308,-166.8308,5332.9394,OK,0.0000,5.0049,3.0000,97.0000,AG03-UNRESOLVED,ALL5_LEVELS_bet23_to_bet27,5.0049,5.0049,5.0049,0.0000,0.0000,3.000000,3.000000,3.000000,0.000000,0.000000,97.000000,97.000000,97.000000,100.000000,100.000000,5.0,15.0148,14.5688,151.8160,152.2619,PENDING_AG03,FALSE,NOT_FOR_ENFORCEMENT,161.8258,4716.8974,166.8308,161.8258,5.0049,0.03128308,0.03034458,5.0049,161.8258,0.03034458,5.0049,5.0049,5.0049,0.0000,0.0000,161.8258,0.03034458,15.0148,14.5688,151.8160,152.2619,0.02846760,0.02855122,0.00093849,11.7207,14.3869,0.4936,11.1221,1.3346,355.5293,22.5333,9.0159,14.1015,4.1543,10.1018,14.54,20.7715,28.0415,61.7952,10.1018,-2.0771,2.77588,6.11723,1.16026,27,57,11,5,0.36009938,0.03128308,-0.09599540,0E-8,0.000000,0.911839,0.000000,0.19890350,2026-06-12,2026-08-06,15,125,105,56,0.267857,0.639360,0.769226,1.200331,,,,,,,,GLOBAL_BASELINE_NO_ENTITY_RANKING,,,NOT_APPLICABLE_GLOBAL_BASELINE,HF9g-P5,,,,X 全窗基线 · 不参与实体赏罚,6875452,688,A168_HF9F_20260827_0900,2026-08-27 09:00:00
2026-06-24,151367516,2218,0,83.0858068671,38.4271856759,38.4271856759,0.6666667,3,3,0.50218230000000000,0.502182300000,0.5697959874915163,0.5697959874915164,0.5697959874915163,0E-17,ELIGIBLE,R03b_20260811_FULL_v1,L1_ELIGIBILITY,v2026-08-11,2026-03-21..2026-08-06,baccarat_bet02_101_all_pairs_incl_sentinel,round_win = game_pnl > 0 (decisive only),COMPATIBILITY_ONLY_NOT_PRODUCTION,5332.9394,4862.7808,166.8308,455,338,-0.03128308,0.09599540,-0.10290811,-0.03128308,-166.8308,5332.9394,OK,0.0000,5.0049,3.0000,97.0000,AG03-UNRESOLVED,ALL5_LEVELS_bet23_to_bet27,5.0049,5.0049,5.0049,0.0000,0.0000,3.000000,3.000000,3.000000,0.000000,0.000000,97.000000,97.000000,97.000000,100.000000,100.000000,5.0,15.0148,14.5688,151.8160,152.2619,PENDING_AG03,FALSE,NOT_FOR_ENFORCEMENT,161.8258,4716.8974,166.8308,161.8258,5.0049,0.03128308,0.03034458,5.0049,161.8258,0.03034458,5.0049,5.0049,5.0049,0.0000,0.0000,161.8258,0.03034458,15.0148,14.5688,151.8160,152.2619,0.02846760,0.02855122,0.00093849,11.7207,14.3869,0.4936,11.1221,1.3346,355.5293,22.5333,9.0159,14.1015,4.1543,10.1018,14.54,20.7715,28.0415,61.7952,10.1018,-2.0771,2.77588,6.11723,1.16026,27,57,11,5,0.36009938,0.03128308,-0.09599540,0E-8,0.000000,0.911839,0.000000,0.19890350,2026-06-12,2026-08-06,15,125,105,56,0.267857,0.639360,0.769226,1.200331,,,,,,,,GLOBAL_BASELINE_NO_ENTITY_RANKING,,,NOT_APPLICABLE_GLOBAL_BASELINE,HF9g-P5,,,,X 全窗基线 · 不参与实体赏罚,6875453,688,A168_HF9F_20260827_0900,2026-08-27 09:00:00
2026-06-24,151367516,2266,0,145.4001620175,-41.5429034335,-41.5429034335,0.4000000,6,6,0.49771390000000000,0.497713900000,-0.4369944132040151,-0.436994413204015,-0.4369944132040151,0E-17,ELIGIBLE,R03b_20260811_FULL_v1,L1_ELIGIBILITY,v2026-08-11,2026-03-21..2026-08-06,baccarat_bet02_101_all_pairs_incl_sentinel,round_win = game_pnl > 0 (decisive only),COMPATIBILITY_ONLY_NOT_PRODUCTION,5332.9394,4862.7808,166.8308,455,338,-0.03128308,0.09599540,-0.10290811,-0.03128308,-166.8308,5332.9394,OK,0.0000,5.0049,3.0000,97.0000,AG03-UNRESOLVED,ALL5_LEVELS_bet23_to_bet27,5.0049,5.0049,5.0049,0.0000,0.0000,3.000000,3.000000,3.000000,0.000000,0.000000,97.000000,97.000000,97.000000,100.000000,100.000000,5.0,15.0148,14.5688,151.8160,152.2619,PENDING_AG03,FALSE,NOT_FOR_ENFORCEMENT,161.8258,4716.8974,166.8308,161.8258,5.0049,0.03128308,0.03034458,5.0049,161.8258,0.03034458,5.0049,5.0049,5.0049,0.0000,0.0000,161.8258,0.03034458,15.0148,14.5688,151.8160,152.2619,0.02846760,0.02855122,0.00093849,11.7207,14.3869,0.4936,11.1221,1.3346,355.5293,22.5333,9.0159,14.1015,4.1543,10.1018,14.54,20.7715,28.0415,61.7952,10.1018,-2.0771,2.77588,6.11723,1.16026,27,57,11,5,0.36009938,0.03128308,-0.09599540,0E-8,0.000000,0.911839,0.000000,0.19890350,2026-06-12,2026-08-06,15,125,105,56,0.267857,0.639360,0.769226,1.200331,,,,,,,,GLOBAL_BASELINE_NO_ENTITY_RANKING,,,NOT_APPLICABLE_GLOBAL_BASELINE,HF9g-P5,,,,X 全窗基线 · 不参与实体赏罚,6875454,688,A168_HF9F_20260827_0900,2026-08-27 09:00:00
2026-06-24,151367516,2280,0,35.3114679185,-35.3114679185,-35.3114679185,0E-7,2,2,0.49994810000000000,0.499948100000,-1.4140667746232096,-1.4140667746232096,-1.4140667746232096,0E-17,ELIGIBLE,R03b_20260811_FULL_v1,L1_ELIGIBILITY,v2026-08-11,2026-03-21..2026-08-06,baccarat_bet02_101_all_pairs_incl_sentinel,round_win = game_pnl > 0 (decisive only),COMPATIBILITY_ONLY_NOT_PRODUCTION,5332.9394,4862.7808,166.8308,455,338,-0.03128308,0.09599540,-0.10290811,-0.03128308,-166.8308,5332.9394,OK,0.0000,5.0049,3.0000,97.0000,AG03-UNRESOLVED,ALL5_LEVELS_bet23_to_bet27,5.0049,5.0049,5.0049,0.0000,0.0000,3.000000,3.000000,3.000000,0.000000,0.000000,97.000000,97.000000,97.000000,100.000000,100.000000,5.0,15.0148,14.5688,151.8160,152.2619,PENDING_AG03,FALSE,NOT_FOR_ENFORCEMENT,161.8258,4716.8974,166.8308,161.8258,5.0049,0.03128308,0.03034458,5.0049,161.8258,0.03034458,5.0049,5.0049,5.0049,0.0000,0.0000,161.8258,0.03034458,15.0148,14.5688,151.8160,152.2619,0.02846760,0.02855122,0.00093849,11.7207,14.3869,0.4936,11.1221,1.3346,355.5293,22.5333,9.0159,14.1015,4.1543,10.1018,14.54,20.7715,28.0415,61.7952,10.1018,-2.0771,2.77588,6.11723,1.16026,27,57,11,5,0.36009938,0.03128308,-0.09599540,0E-8,0.000000,0.911839,0.000000,0.19890350,2026-06-12,2026-08-06,15,125,105,56,0.267857,0.639360,0.769226,1.200331,,,,,,,,GLOBAL_BASELINE_NO_ENTITY_RANKING,,,NOT_APPLICABLE_GLOBAL_BASELINE,HF9g-P5,,,,X 全窗基线 · 不参与实体赏罚,6875455,688,A168_HF9F_20260827_0900,2026-08-27 09:00:00
2026-06-24,151367516,994,0,31.1571775752,83.0858068670,83.0858068670,1.0000000,2,1,0.36036460000000000,0.293924150000,1.3322790070060766,1.549915577879723,1.3322790070060766,0.06644045000000000,ELIGIBLE,R03b_20260811_FULL_v1,L1_ELIGIBILITY,v2026-08-11,2026-03-21..2026-08-06,baccarat_bet02_101_all_pairs_incl_sentinel,round_win = game_pnl > 0 (decisive only),COMPATIBILITY_ONLY_NOT_PRODUCTION,5332.9394,4862.7808,166.8308,455,338,-0.03128308,0.09599540,-0.10290811,-0.03128308,-166.8308,5332.9394,OK,0.0000,5.0049,3.0000,97.0000,AG03-UNRESOLVED,ALL5_LEVELS_bet23_to_bet27,5.0049,5.0049,5.0049,0.0000,0.0000,3.000000,3.000000,3.000000,0.000000,0.000000,97.000000,97.000000,97.000000,100.000000,100.000000,5.0,15.0148,14.5688,151.8160,152.2619,PENDING_AG03,FALSE,NOT_FOR_ENFORCEMENT,161.8258,4716.8974,166.8308,161.8258,5.0049,0.03128308,0.03034458,5.0049,161.8258,0.03034458,5.0049,5.0049,5.0049,0.0000,0.0000,161.8258,0.03034458,15.0148,14.5688,151.8160,152.2619,0.02846760,0.02855122,0.00093849,11.7207,14.3869,0.4936,11.1221,1.3346,355.5293,22.5333,9.0159,14.1015,4.1543,10.1018,14.54,20.7715,28.0415,61.7952,10.1018,-2.0771,2.77588,6.11723,1.16026,27,57,11,5,0.36009938,0.03128308,-0.09599540,0E-8,0.000000,0.911839,0.000000,0.19890350,2026-06-12,2026-08-06,15,125,105,56,0.267857,0.639360,0.769226,1.200331,,,,,,,,GLOBAL_BASELINE_NO_ENTITY_RANKING,,,NOT_APPLICABLE_GLOBAL_BASELINE,HF9g-P5,,,,X 全窗基线 · 不参与实体赏罚,6875456,688,A168_HF9F_20260827_0900,2026-08-27 09:00:00
2026-06-25,151367516,-1,1,5.8160064807,-5.8160064807,-5.8160064807,0E-7,1,1,0.49324550000000000,0.493245500000,-0.9865810262130424,-0.9865810262130424,-0.9865810262130424,0E-17,SENTINEL_DEALER,R03b_20260811_FULL_v1,L1_ELIGIBILITY,v2026-08-11,2026-03-21..2026-08-06,baccarat_bet02_101_all_pairs_incl_sentinel,round_win = game_pnl > 0 (decisive only),COMPATIBILITY_ONLY_NOT_PRODUCTION,5332.9394,4862.7808,166.8308,455,338,-0.03128308,0.09599540,-0.10290811,-0.03128308,-166.8308,5332.9394,OK,0.0000,5.0049,3.0000,97.0000,AG03-UNRESOLVED,ALL5_LEVELS_bet23_to_bet27,5.0049,5.0049,5.0049,0.0000,0.0000,3.000000,3.000000,3.000000,0.000000,0.000000,97.000000,97.000000,97.000000,100.000000,100.000000,5.0,15.0148,14.5688,151.8160,152.2619,PENDING_AG03,FALSE,NOT_FOR_ENFORCEMENT,161.8258,4716.8974,166.8308,161.8258,5.0049,0.03128308,0.03034458,5.0049,161.8258,0.03034458,5.0049,5.0049,5.0049,0.0000,0.0000,161.8258,0.03034458,15.0148,14.5688,151.8160,152.2619,0.02846760,0.02855122,0.00093849,11.7207,14.3869,0.4936,11.1221,1.3346,355.5293,22.5333,9.0159,14.1015,4.1543,10.1018,14.54,20.7715,28.0415,61.7952,10.1018,-2.0771,2.77588,6.11723,1.16026,27,57,11,5,0.36009938,0.03128308,-0.09599540,0E-8,0.000000,0.911839,0.000000,0.19890350,2026-06-12,2026-08-06,15,125,105,56,0.267857,0.639360,0.769226,1.200331,,,,,,,,GLOBAL_BASELINE_NO_ENTITY_RANKING,,,NOT_APPLICABLE_GLOBAL_BASELINE,HF9g-P5,,,,X 全窗基线 · 不参与实体赏罚,6875457,688,A168_HF9F_20260827_0900,2026-08-27 09:00:00
2026-06-25,151367516,1935,0,14.5400162017,-8.3085806867,-8.3085806867,0E-7,3,2,0.45011776249940026,0.400287425000,-0.9047492465165442,-0.8169855886709065,-0.9047492465165442,0.04983033749940026,ELIGIBLE,R03b_20260811_FULL_v1,L1_ELIGIBILITY,v2026-08-11,2026-03-21..2026-08-06,baccarat_bet02_101_all_pairs_incl_sentinel,round_win = game_pnl > 0 (decisive only),COMPATIBILITY_ONLY_NOT_PRODUCTION,5332.9394,4862.7808,166.8308,455,338,-0.03128308,0.09599540,-0.10290811,-0.03128308,-166.8308,5332.9394,OK,0.0000,5.0049,3.0000,97.0000,AG03-UNRESOLVED,ALL5_LEVELS_bet23_to_bet27,5.0049,5.0049,5.0049,0.0000,0.0000,3.000000,3.000000,3.000000,0.000000,0.000000,97.000000,97.000000,97.000000,100.000000,100.000000,5.0,15.0148,14.5688,151.8160,152.2619,PENDING_AG03,FALSE,NOT_FOR_ENFORCEMENT,161.8258,4716.8974,166.8308,161.8258,5.0049,0.03128308,0.03034458,5.0049,161.8258,0.03034458,5.0049,5.0049,5.0049,0.0000,0.0000,161.8258,0.03034458,15.0148,14.5688,151.8160,152.2619,0.02846760,0.02855122,0.00093849,11.7207,14.3869,0.4936,11.1221,1.3346,355.5293,22.5333,9.0159,14.1015,4.1543,10.1018,14.54,20.7715,28.0415,61.7952,10.1018,-2.0771,2.77588,6.11723,1.16026,27,57,11,5,0.36009938,0.03128308,-0.09599540,0E-8,0.000000,0.911839,0.000000,0.19890350,2026-06-12,2026-08-06,15,125,105,56,0.267857,0.639360,0.769226,1.200331,,,,,,,,GLOBAL_BASELINE_NO_ENTITY_RANKING,,,NOT_APPLICABLE_GLOBAL_BASELINE,HF9g-P5,,,,X 全窗基线 · 不参与实体赏罚,6875458,688,A168_HF9F_20260827_0900,2026-08-27 09:00:00
2026-06-27,151367516,-1,1,542.1348898084,-32.1957501614,-32.1957501614,0.3870968,44,33,0.42759116529221972,0.427467609091,-0.45573060408993954,-0.4543567045760292,-0.45573060408993954,0.00012355620121972,SENTINEL_DEALER,R03b_20260811_FULL_v1,L1_ELIGIBILITY,v2026-08-11,2026-03-21..2026-08-06,baccarat_bet02_101_all_pairs_incl_sentinel,round_win = game_pnl > 0 (decisive only),COMPATIBILITY_ONLY_NOT_PRODUCTION,5332.9394,4862.7808,166.8308,455,338,-0.03128308,0.09599540,-0.10290811,-0.03128308,-166.8308,5332.9394,OK,0.0000,5.0049,3.0000,97.0000,AG03-UNRESOLVED,ALL5_LEVELS_bet23_to_bet27,5.0049,5.0049,5.0049,0.0000,0.0000,3.000000,3.000000,3.000000,0.000000,0.000000,97.000000,97.000000,97.000000,100.000000,100.000000,5.0,15.0148,14.5688,151.8160,152.2619,PENDING_AG03,FALSE,NOT_FOR_ENFORCEMENT,161.8258,4716.8974,166.8308,161.8258,5.0049,0.03128308,0.03034458,5.0049,161.8258,0.03034458,5.0049,5.0049,5.0049,0.0000,0.0000,161.8258,0.03034458,15.0148,14.5688,151.8160,152.2619,0.02846760,0.02855122,0.00093849,11.7207,14.3869,0.4936,11.1221,1.3346,355.5293,22.5333,9.0159,14.1015,4.1543,10.1018,14.54,20.7715,28.0415,61.7952,10.1018,-2.0771,2.77588,6.11723,1.16026,27,57,11,5,0.36009938,0.03128308,-0.09599540,0E-8,0.000000,0.911839,0.000000,0.19890350,2026-06-12,2026-08-06,15,125,105,56,0.267857,0.639360,0.769226,1.200331,,,,,,,,GLOBAL_BASELINE_NO_ENTITY_RANKING,,,NOT_APPLICABLE_GLOBAL_BASELINE,HF9g-P5,,,,X 全窗基线 · 不参与实体赏罚,6875459,688,A168_HF9F_20260827_0900,2026-08-27 09:00:00
2026-06-27,151367516,1110,0,41.5429034336,-41.5429034336,-41.5429034336,0E-7,2,1,0.29392415000000000,0.293924150000,-0.6451964315166089,-0.6451964315166089,-0.6451964315166089,0E-17,ELIGIBLE,R03b_20260811_FULL_v1,L1_ELIGIBILITY,v2026-08-11,2026-03-21..2026-08-06,baccarat_bet02_101_all_pairs_incl_sentinel,round_win = game_pnl > 0 (decisive only),COMPATIBILITY_ONLY_NOT_PRODUCTION,5332.9394,4862.7808,166.8308,455,338,-0.03128308,0.09599540,-0.10290811,-0.03128308,-166.8308,5332.9394,OK,0.0000,5.0049,3.0000,97.0000,AG03-UNRESOLVED,ALL5_LEVELS_bet23_to_bet27,5.0049,5.0049,5.0049,0.0000,0.0000,3.000000,3.000000,3.000000,0.000000,0.000000,97.000000,97.000000,97.000000,100.000000,100.000000,5.0,15.0148,14.5688,151.8160,152.2619,PENDING_AG03,FALSE,NOT_FOR_ENFORCEMENT,161.8258,4716.8974,166.8308,161.8258,5.0049,0.03128308,0.03034458,5.0049,161.8258,0.03034458,5.0049,5.0049,5.0049,0.0000,0.0000,161.8258,0.03034458,15.0148,14.5688,151.8160,152.2619,0.02846760,0.02855122,0.00093849,11.7207,14.3869,0.4936,11.1221,1.3346,355.5293,22.5333,9.0159,14.1015,4.1543,10.1018,14.54,20.7715,28.0415,61.7952,10.1018,-2.0771,2.77588,6.11723,1.16026,27,57,11,5,0.36009938,0.03128308,-0.09599540,0E-8,0.000000,0.911839,0.000000,0.19890350,2026-06-12,2026-08-06,15,125,105,56,0.267857,0.639360,0.769226,1.200331,,,,,,,,GLOBAL_BASELINE_NO_ENTITY_RANKING,,,NOT_APPLICABLE_GLOBAL_BASELINE,HF9g-P5,,,,X 全窗基线 · 不参与实体赏罚,6875460,688,A168_HF9F_20260827_0900,2026-08-27 09:00:00
2026-06-27,151367516,1951,0,8.3085806867,-8.3085806867,-8.3085806867,0E-7,1,1,0.49324550000000000,0.493245500000,-0.9865810262130424,-0.9865810262130424,-0.9865810262130424,0E-17,ELIGIBLE,R03b_20260811_FULL_v1,L1_ELIGIBILITY,v2026-08-11,2026-03-21..2026-08-06,baccarat_bet02_101_all_pairs_incl_sentinel,round_win = game_pnl > 0 (decisive only),COMPATIBILITY_ONLY_NOT_PRODUCTION,5332.9394,4862.7808,166.8308,455,338,-0.03128308,0.09599540,-0.10290811,-0.03128308,-166.8308,5332.9394,OK,0.0000,5.0049,3.0000,97.0000,AG03-UNRESOLVED,ALL5_LEVELS_bet23_to_bet27,5.0049,5.0049,5.0049,0.0000,0.0000,3.000000,3.000000,3.000000,0.000000,0.000000,97.000000,97.000000,97.000000,100.000000,100.000000,5.0,15.0148,14.5688,151.8160,152.2619,PENDING_AG03,FALSE,NOT_FOR_ENFORCEMENT,161.8258,4716.8974,166.8308,161.8258,5.0049,0.03128308,0.03034458,5.0049,161.8258,0.03034458,5.0049,5.0049,5.0049,0.0000,0.0000,161.8258,0.03034458,15.0148,14.5688,151.8160,152.2619,0.02846760,0.02855122,0.00093849,11.7207,14.3869,0.4936,11.1221,1.3346,355.5293,22.5333,9.0159,14.1015,4.1543,10.1018,14.54,20.7715,28.0415,61.7952,10.1018,-2.0771,2.77588,6.11723,1.16026,27,57,11,5,0.36009938,0.03128308,-0.09599540,0E-8,0.000000,0.911839,0.000000,0.19890350,2026-06-12,2026-08-06,15,125,105,56,0.267857,0.639360,0.769226,1.200331,,,,,,,,GLOBAL_BASELINE_NO_ENTITY_RANKING,,,NOT_APPLICABLE_GLOBAL_BASELINE,HF9g-P5,,,,X 全窗基线 · 不参与实体赏罚,6875461,688,A168_HF9F_20260827_0900,2026-08-27 09:00:00
2026-06-27,151367516,2288,0,10.3857258584,9.8664395655,9.8664395655,1.0000000,1,1,0.50665070000000000,0.506650700000,0.9867858985152569,0.9867858985152569,0.9867858985152569,0E-17,ELIGIBLE,R03b_20260811_FULL_v1,L1_ELIGIBILITY,v2026-08-11,2026-03-21..2026-08-06,baccarat_bet02_101_all_pairs_incl_sentinel,round_win = game_pnl > 0 (decisive only),COMPATIBILITY_ONLY_NOT_PRODUCTION,5332.9394,4862.7808,166.8308,455,338,-0.03128308,0.09599540,-0.10290811,-0.03128308,-166.8308,5332.9394,OK,0.0000,5.0049,3.0000,97.0000,AG03-UNRESOLVED,ALL5_LEVELS_bet23_to_bet27,5.0049,5.0049,5.0049,0.0000,0.0000,3.000000,3.000000,3.000000,0.000000,0.000000,97.000000,97.000000,97.000000,100.000000,100.000000,5.0,15.0148,14.5688,151.8160,152.2619,PENDING_AG03,FALSE,NOT_FOR_ENFORCEMENT,161.8258,4716.8974,166.8308,161.8258,5.0049,0.03128308,0.03034458,5.0049,161.8258,0.03034458,5.0049,5.0049,5.0049,0.0000,0.0000,161.8258,0.03034458,15.0148,14.5688,151.8160,152.2619,0.02846760,0.02855122,0.00093849,11.7207,14.3869,0.4936,11.1221,1.3346,355.5293,22.5333,9.0159,14.1015,4.1543,10.1018,14.54,20.7715,28.0415,61.7952,10.1018,-2.0771,2.77588,6.11723,1.16026,27,57,11,5,0.36009938,0.03128308,-0.09599540,0E-8,0.000000,0.911839,0.000000,0.19890350,2026-06-12,2026-08-06,15,125,105,56,0.267857,0.639360,0.769226,1.200331,,,,,,,,GLOBAL_BASELINE_NO_ENTITY_RANKING,,,NOT_APPLICABLE_GLOBAL_BASELINE,HF9g-P5,,,,X 全窗基线 · 不参与实体赏罚,6875462,688,A168_HF9F_20260827_0900,2026-08-27 09:00:00
2026-06-27,151367516,919,0,20.7714517168,-4.3620048605,-4.3620048605,0.5000000,3,3,0.50218230000000000,0.502182300000,-0.00617253530718887,-0.00617253530718887,-0.00617253530718887,0E-17,ELIGIBLE,R03b_20260811_FULL_v1,L1_ELIGIBILITY,v2026-08-11,2026-03-21..2026-08-06,baccarat_bet02_101_all_pairs_incl_sentinel,round_win = game_pnl > 0 (decisive only),COMPATIBILITY_ONLY_NOT_PRODUCTION,5332.9394,4862.7808,166.8308,455,338,-0.03128308,0.09599540,-0.10290811,-0.03128308,-166.8308,5332.9394,OK,0.0000,5.0049,3.0000,97.0000,AG03-UNRESOLVED,ALL5_LEVELS_bet23_to_bet27,5.0049,5.0049,5.0049,0.0000,0.0000,3.000000,3.000000,3.000000,0.000000,0.000000,97.000000,97.000000,97.000000,100.000000,100.000000,5.0,15.0148,14.5688,151.8160,152.2619,PENDING_AG03,FALSE,NOT_FOR_ENFORCEMENT,161.8258,4716.8974,166.8308,161.8258,5.0049,0.03128308,0.03034458,5.0049,161.8258,0.03034458,5.0049,5.0049,5.0049,0.0000,0.0000,161.8258,0.03034458,15.0148,14.5688,151.8160,152.2619,0.02846760,0.02855122,0.00093849,11.7207,14.3869,0.4936,11.1221,1.3346,355.5293,22.5333,9.0159,14.1015,4.1543,10.1018,14.54,20.7715,28.0415,61.7952,10.1018,-2.0771,2.77588,6.11723,1.16026,27,57,11,5,0.36009938,0.03128308,-0.09599540,0E-8,0.000000,0.911839,0.000000,0.19890350,2026-06-12,2026-08-06,15,125,105,56,0.267857,0.639360,0.769226,1.200331,,,,,,,,GLOBAL_BASELINE_NO_ENTITY_RANKING,,,NOT_APPLICABLE_GLOBAL_BASELINE,HF9g-P5,,,,X 全窗基线 · 不参与实体赏罚,6875463,688,A168_HF9F_20260827_0900,2026-08-27 09:00:00
2026-06-27,151367516,970,0,20.7714517168,-20.7714517168,-20.7714517168,0E-7,1,1,0.50665070000000000,0.506650700000,-1.013391052207602,-1.013391052207602,-1.013391052207602,0E-17,ELIGIBLE,R03b_20260811_FULL_v1,L1_ELIGIBILITY,v2026-08-11,2026-03-21..2026-08-06,baccarat_bet02_101_all_pairs_incl_sentinel,round_win = game_pnl > 0 (decisive only),COMPATIBILITY_ONLY_NOT_PRODUCTION,5332.9394,4862.7808,166.8308,455,338,-0.03128308,0.09599540,-0.10290811,-0.03128308,-166.8308,5332.9394,OK,0.0000,5.0049,3.0000,97.0000,AG03-UNRESOLVED,ALL5_LEVELS_bet23_to_bet27,5.0049,5.0049,5.0049,0.0000,0.0000,3.000000,3.000000,3.000000,0.000000,0.000000,97.000000,97.000000,97.000000,100.000000,100.000000,5.0,15.0148,14.5688,151.8160,152.2619,PENDING_AG03,FALSE,NOT_FOR_ENFORCEMENT,161.8258,4716.8974,166.8308,161.8258,5.0049,0.03128308,0.03034458,5.0049,161.8258,0.03034458,5.0049,5.0049,5.0049,0.0000,0.0000,161.8258,0.03034458,15.0148,14.5688,151.8160,152.2619,0.02846760,0.02855122,0.00093849,11.7207,14.3869,0.4936,11.1221,1.3346,355.5293,22.5333,9.0159,14.1015,4.1543,10.1018,14.54,20.7715,28.0415,61.7952,10.1018,-2.0771,2.77588,6.11723,1.16026,27,57,11,5,0.36009938,0.03128308,-0.09599540,0E-8,0.000000,0.911839,0.000000,0.19890350,2026-06-12,2026-08-06,15,125,105,56,0.267857,0.639360,0.769226,1.200331,,,,,,,,GLOBAL_BASELINE_NO_ENTITY_RANKING,,,NOT_APPLICABLE_GLOBAL_BASELINE,HF9g-P5,,,,X 全窗基线 · 不参与实体赏罚,6875464,688,A168_HF9F_20260827_0900,2026-08-27 09:00:00
2026-06-28,151367516,-1,1,61.8989261162,-0.3115717759,-0.3115717759,0.5000000,11,7,0.44268633125737191,0.419905661905,0.28264150099473134,0.39751384864560046,0.28264150099473134,0.02278066935237191,SENTINEL_DEALER,R03b_20260811_FULL_v1,L1_ELIGIBILITY,v2026-08-11,2026-03-21..2026-08-06,baccarat_bet02_101_all_pairs_incl_sentinel,round_win = game_pnl > 0 (decisive only),COMPATIBILITY_ONLY_NOT_PRODUCTION,5332.9394,4862.7808,166.8308,455,338,-0.03128308,0.09599540,-0.10290811,-0.03128308,-166.8308,5332.9394,OK,0.0000,5.0049,3.0000,97.0000,AG03-UNRESOLVED,ALL5_LEVELS_bet23_to_bet27,5.0049,5.0049,5.0049,0.0000,0.0000,3.000000,3.000000,3.000000,0.000000,0.000000,97.000000,97.000000,97.000000,100.000000,100.000000,5.0,15.0148,14.5688,151.8160,152.2619,PENDING_AG03,FALSE,NOT_FOR_ENFORCEMENT,161.8258,4716.8974,166.8308,161.8258,5.0049,0.03128308,0.03034458,5.0049,161.8258,0.03034458,5.0049,5.0049,5.0049,0.0000,0.0000,161.8258,0.03034458,15.0148,14.5688,151.8160,152.2619,0.02846760,0.02855122,0.00093849,11.7207,14.3869,0.4936,11.1221,1.3346,355.5293,22.5333,9.0159,14.1015,4.1543,10.1018,14.54,20.7715,28.0415,61.7952,10.1018,-2.0771,2.77588,6.11723,1.16026,27,57,11,5,0.36009938,0.03128308,-0.09599540,0E-8,0.000000,0.911839,0.000000,0.19890350,2026-06-12,2026-08-06,15,125,105,56,0.267857,0.639360,0.769226,1.200331,,,,,,,,GLOBAL_BASELINE_NO_ENTITY_RANKING,,,NOT_APPLICABLE_GLOBAL_BASELINE,HF9g-P5,,,,X 全窗基线 · 不参与实体赏罚,6875465,688,A168_HF9F_20260827_0900,2026-08-27 09:00:00
2026-06-28,151367516,2152,0,12.0474419957,-12.0474419957,-12.0474419957,0E-7,1,1,0.50665070000000000,0.506650700000,-1.013391052207602,-1.013391052207602,-1.013391052207602,0E-17,ELIGIBLE,R03b_20260811_FULL_v1,L1_ELIGIBILITY,v2026-08-11,2026-03-21..2026-08-06,baccarat_bet02_101_all_pairs_incl_sentinel,round_win = game_pnl > 0 (decisive only),COMPATIBILITY_ONLY_NOT_PRODUCTION,5332.9394,4862.7808,166.8308,455,338,-0.03128308,0.09599540,-0.10290811,-0.03128308,-166.8308,5332.9394,OK,0.0000,5.0049,3.0000,97.0000,AG03-UNRESOLVED,ALL5_LEVELS_bet23_to_bet27,5.0049,5.0049,5.0049,0.0000,0.0000,3.000000,3.000000,3.000000,0.000000,0.000000,97.000000,97.000000,97.000000,100.000000,100.000000,5.0,15.0148,14.5688,151.8160,152.2619,PENDING_AG03,FALSE,NOT_FOR_ENFORCEMENT,161.8258,4716.8974,166.8308,161.8258,5.0049,0.03128308,0.03034458,5.0049,161.8258,0.03034458,5.0049,5.0049,5.0049,0.0000,0.0000,161.8258,0.03034458,15.0148,14.5688,151.8160,152.2619,0.02846760,0.02855122,0.00093849,11.7207,14.3869,0.4936,11.1221,1.3346,355.5293,22.5333,9.0159,14.1015,4.1543,10.1018,14.54,20.7715,28.0415,61.7952,10.1018,-2.0771,2.77588,6.11723,1.16026,27,57,11,5,0.36009938,0.03128308,-0.09599540,0E-8,0.000000,0.911839,0.000000,0.19890350,2026-06-12,2026-08-06,15,125,105,56,0.267857,0.639360,0.769226,1.200331,,,,,,,,GLOBAL_BASELINE_NO_ENTITY_RANKING,,,NOT_APPLICABLE_GLOBAL_BASELINE,HF9g-P5,,,,X 全窗基线 · 不参与实体赏罚,6875466,688,A168_HF9F_20260827_0900,2026-08-27 09:00:00
2026-07-02,151367516,-1,1,32.0892776847,-32.0892776847,-32.0892776847,0E-7,1,1,0.50665070000000000,0.506650700000,-1.013391052207602,-1.013391052207602,-1.013391052207602,0E-17,SENTINEL_DEALER,R03b_20260811_FULL_v1,L1_ELIGIBILITY,v2026-08-11,2026-03-21..2026-08-06,baccarat_bet02_101_all_pairs_incl_sentinel,round_win = game_pnl > 0 (decisive only),COMPATIBILITY_ONLY_NOT_PRODUCTION,5332.9394,4862.7808,166.8308,455,338,-0.03128308,0.09599540,-0.10290811,-0.03128308,-166.8308,5332.9394,OK,0.0000,5.0049,3.0000,97.0000,AG03-UNRESOLVED,ALL5_LEVELS_bet23_to_bet27,5.0049,5.0049,5.0049,0.0000,0.0000,3.000000,3.000000,3.000000,0.000000,0.000000,97.000000,97.000000,97.000000,100.000000,100.000000,5.0,15.0148,14.5688,151.8160,152.2619,PENDING_AG03,FALSE,NOT_FOR_ENFORCEMENT,161.8258,4716.8974,166.8308,161.8258,5.0049,0.03128308,0.03034458,5.0049,161.8258,0.03034458,5.0049,5.0049,5.0049,0.0000,0.0000,161.8258,0.03034458,15.0148,14.5688,151.8160,152.2619,0.02846760,0.02855122,0.00093849,11.7207,14.3869,0.4936,11.1221,1.3346,355.5293,22.5333,9.0159,14.1015,4.1543,10.1018,14.54,20.7715,28.0415,61.7952,10.1018,-2.0771,2.77588,6.11723,1.16026,27,57,11,5,0.36009938,0.03128308,-0.09599540,0E-8,0.000000,0.911839,0.000000,0.19890350,2026-06-12,2026-08-06,15,125,105,56,0.267857,0.639360,0.769226,1.200331,,,,,,,,GLOBAL_BASELINE_NO_ENTITY_RANKING,,,NOT_APPLICABLE_GLOBAL_BASELINE,HF9g-P5,,,,X 全窗基线 · 不参与实体赏罚,6875467,688,A168_HF9F_20260827_0900,2026-08-27 09:00:00
2026-07-02,151367516,1318,0,8.1756121490,-8.1756121490,-8.1756121490,0E-7,1,1,0.50665070000000000,0.506650700000,-1.013391052207602,-1.013391052207602,-1.013391052207602,0E-17,ELIGIBLE,R03b_20260811_FULL_v1,L1_ELIGIBILITY,v2026-08-11,2026-03-21..2026-08-06,baccarat_bet02_101_all_pairs_incl_sentinel,round_win = game_pnl > 0 (decisive only),COMPATIBILITY_ONLY_NOT_PRODUCTION,5332.9394,4862.7808,166.8308,455,338,-0.03128308,0.09599540,-0.10290811,-0.03128308,-166.8308,5332.9394,OK,0.0000,5.0049,3.0000,97.0000,AG03-UNRESOLVED,ALL5_LEVELS_bet23_to_bet27,5.0049,5.0049,5.0049,0.0000,0.0000,3.000000,3.000000,3.000000,0.000000,0.000000,97.000000,97.000000,97.000000,100.000000,100.000000,5.0,15.0148,14.5688,151.8160,152.2619,PENDING_AG03,FALSE,NOT_FOR_ENFORCEMENT,161.8258,4716.8974,166.8308,161.8258,5.0049,0.03128308,0.03034458,5.0049,161.8258,0.03034458,5.0049,5.0049,5.0049,0.0000,0.0000,161.8258,0.03034458,15.0148,14.5688,151.8160,152.2619,0.02846760,0.02855122,0.00093849,11.7207,14.3869,0.4936,11.1221,1.3346,355.5293,22.5333,9.0159,14.1015,4.1543,10.1018,14.54,20.7715,28.0415,61.7952,10.1018,-2.0771,2.77588,6.11723,1.16026,27,57,11,5,0.36009938,0.03128308,-0.09599540,0E-8,0.000000,0.911839,0.000000,0.19890350,2026-06-12,2026-08-06,15,125,105,56,0.267857,0.639360,0.769226,1.200331,,,,,,,,GLOBAL_BASELINE_NO_ENTITY_RANKING,,,NOT_APPLICABLE_GLOBAL_BASELINE,HF9g-P5,,,,X 全窗基线 · 不参与实体赏罚,6875468,688,A168_HF9F_20260827_0900,2026-08-27 09:00:00
2026-07-02,151367516,2170,0,14.3073212606,-10.3217103380,-10.3217103380,0E-7,3,2,0.40363872500000000,0.403638725000,-1.1634740288448886,-1.1634740288448888,-1.1634740288448886,0E-17,ELIGIBLE,R03b_20260811_FULL_v1,L1_ELIGIBILITY,v2026-08-11,2026-03-21..2026-08-06,baccarat_bet02_101_all_pairs_incl_sentinel,round_win = game_pnl > 0 (decisive only),COMPATIBILITY_ONLY_NOT_PRODUCTION,5332.9394,4862.7808,166.8308,455,338,-0.03128308,0.09599540,-0.10290811,-0.03128308,-166.8308,5332.9394,OK,0.0000,5.0049,3.0000,97.0000,AG03-UNRESOLVED,ALL5_LEVELS_bet23_to_bet27,5.0049,5.0049,5.0049,0.0000,0.0000,3.000000,3.000000,3.000000,0.000000,0.000000,97.000000,97.000000,97.000000,100.000000,100.000000,5.0,15.0148,14.5688,151.8160,152.2619,PENDING_AG03,FALSE,NOT_FOR_ENFORCEMENT,161.8258,4716.8974,166.8308,161.8258,5.0049,0.03128308,0.03034458,5.0049,161.8258,0.03034458,5.0049,5.0049,5.0049,0.0000,0.0000,161.8258,0.03034458,15.0148,14.5688,151.8160,152.2619,0.02846760,0.02855122,0.00093849,11.7207,14.3869,0.4936,11.1221,1.3346,355.5293,22.5333,9.0159,14.1015,4.1543,10.1018,14.54,20.7715,28.0415,61.7952,10.1018,-2.0771,2.77588,6.11723,1.16026,27,57,11,5,0.36009938,0.03128308,-0.09599540,0E-8,0.000000,0.911839,0.000000,0.19890350,2026-06-12,2026-08-06,15,125,105,56,0.267857,0.639360,0.769226,1.200331,,,,,,,,GLOBAL_BASELINE_NO_ENTITY_RANKING,,,NOT_APPLICABLE_GLOBAL_BASELINE,HF9g-P5,,,,X 全窗基线 · 不参与实体赏罚,6875469,688,A168_HF9F_20260827_0900,2026-08-27 09:00:00
2026-07-02,151367516,550,0,10.2195151862,9.7085394269,9.7085394269,1.0000000,1,1,0.50665070000000000,0.506650700000,0.9867858985152569,0.9867858985152569,0.9867858985152569,0E-17,ELIGIBLE,R03b_20260811_FULL_v1,L1_ELIGIBILITY,v2026-08-11,2026-03-21..2026-08-06,baccarat_bet02_101_all_pairs_incl_sentinel,round_win = game_pnl > 0 (decisive only),COMPATIBILITY_ONLY_NOT_PRODUCTION,5332.9394,4862.7808,166.8308,455,338,-0.03128308,0.09599540,-0.10290811,-0.03128308,-166.8308,5332.9394,OK,0.0000,5.0049,3.0000,97.0000,AG03-UNRESOLVED,ALL5_LEVELS_bet23_to_bet27,5.0049,5.0049,5.0049,0.0000,0.0000,3.000000,3.000000,3.000000,0.000000,0.000000,97.000000,97.000000,97.000000,100.000000,100.000000,5.0,15.0148,14.5688,151.8160,152.2619,PENDING_AG03,FALSE,NOT_FOR_ENFORCEMENT,161.8258,4716.8974,166.8308,161.8258,5.0049,0.03128308,0.03034458,5.0049,161.8258,0.03034458,5.0049,5.0049,5.0049,0.0000,0.0000,161.8258,0.03034458,15.0148,14.5688,151.8160,152.2619,0.02846760,0.02855122,0.00093849,11.7207,14.3869,0.4936,11.1221,1.3346,355.5293,22.5333,9.0159,14.1015,4.1543,10.1018,14.54,20.7715,28.0415,61.7952,10.1018,-2.0771,2.77588,6.11723,1.16026,27,57,11,5,0.36009938,0.03128308,-0.09599540,0E-8,0.000000,0.911839,0.000000,0.19890350,2026-06-12,2026-08-06,15,125,105,56,0.267857,0.639360,0.769226,1.200331,,,,,,,,GLOBAL_BASELINE_NO_ENTITY_RANKING,,,NOT_APPLICABLE_GLOBAL_BASELINE,HF9g-P5,,,,X 全窗基线 · 不参与实体赏罚,6875470,688,A168_HF9F_20260827_0900,2026-08-27 09:00:00
2026-07-02,151367516,583,0,26.5707394841,-10.4239054898,-10.4239054898,0.2500000,6,5,0.40095768500025200,0.380355290000,-0.6160375731798479,-0.5370225867711852,-0.6160375731798479,0.02060239500025200,ELIGIBLE,R03b_20260811_FULL_v1,L1_ELIGIBILITY,v2026-08-11,2026-03-21..2026-08-06,baccarat_bet02_101_all_pairs_incl_sentinel,round_win = game_pnl > 0 (decisive only),COMPATIBILITY_ONLY_NOT_PRODUCTION,5332.9394,4862.7808,166.8308,455,338,-0.03128308,0.09599540,-0.10290811,-0.03128308,-166.8308,5332.9394,OK,0.0000,5.0049,3.0000,97.0000,AG03-UNRESOLVED,ALL5_LEVELS_bet23_to_bet27,5.0049,5.0049,5.0049,0.0000,0.0000,3.000000,3.000000,3.000000,0.000000,0.000000,97.000000,97.000000,97.000000,100.000000,100.000000,5.0,15.0148,14.5688,151.8160,152.2619,PENDING_AG03,FALSE,NOT_FOR_ENFORCEMENT,161.8258,4716.8974,166.8308,161.8258,5.0049,0.03128308,0.03034458,5.0049,161.8258,0.03034458,5.0049,5.0049,5.0049,0.0000,0.0000,161.8258,0.03034458,15.0148,14.5688,151.8160,152.2619,0.02846760,0.02855122,0.00093849,11.7207,14.3869,0.4936,11.1221,1.3346,355.5293,22.5333,9.0159,14.1015,4.1543,10.1018,14.54,20.7715,28.0415,61.7952,10.1018,-2.0771,2.77588,6.11723,1.16026,27,57,11,5,0.36009938,0.03128308,-0.09599540,0E-8,0.000000,0.911839,0.000000,0.19890350,2026-06-12,2026-08-06,15,125,105,56,0.267857,0.639360,0.769226,1.200331,,,,,,,,GLOBAL_BASELINE_NO_ENTITY_RANKING,,,NOT_APPLICABLE_GLOBAL_BASELINE,HF9g-P5,,,,X 全窗基线 · 不参与实体赏罚,6875471,688,A168_HF9F_20260827_0900,2026-08-27 09:00:00
2026-07-07,151367516,-1,1,61.3170911172,-61.3170911172,-61.3170911172,0E-7,5,3,0.36259880000000000,0.362598800000,-1.3063735244873191,-1.3063735244873191,-1.3063735244873191,0E-17,SENTINEL_DEALER,R03b_20260811_FULL_v1,L1_ELIGIBILITY,v2026-08-11,2026-03-21..2026-08-06,baccarat_bet02_101_all_pairs_incl_sentinel,round_win = game_pnl > 0 (decisive only),COMPATIBILITY_ONLY_NOT_PRODUCTION,5332.9394,4862.7808,166.8308,455,338,-0.03128308,0.09599540,-0.10290811,-0.03128308,-166.8308,5332.9394,OK,0.0000,5.0049,3.0000,97.0000,AG03-UNRESOLVED,ALL5_LEVELS_bet23_to_bet27,5.0049,5.0049,5.0049,0.0000,0.0000,3.000000,3.000000,3.000000,0.000000,0.000000,97.000000,97.000000,97.000000,100.000000,100.000000,5.0,15.0148,14.5688,151.8160,152.2619,PENDING_AG03,FALSE,NOT_FOR_ENFORCEMENT,161.8258,4716.8974,166.8308,161.8258,5.0049,0.03128308,0.03034458,5.0049,161.8258,0.03034458,5.0049,5.0049,5.0049,0.0000,0.0000,161.8258,0.03034458,15.0148,14.5688,151.8160,152.2619,0.02846760,0.02855122,0.00093849,11.7207,14.3869,0.4936,11.1221,1.3346,355.5293,22.5333,9.0159,14.1015,4.1543,10.1018,14.54,20.7715,28.0415,61.7952,10.1018,-2.0771,2.77588,6.11723,1.16026,27,57,11,5,0.36009938,0.03128308,-0.09599540,0E-8,0.000000,0.911839,0.000000,0.19890350,2026-06-12,2026-08-06,15,125,105,56,0.267857,0.639360,0.769226,1.200331,,,,,,,,GLOBAL_BASELINE_NO_ENTITY_RANKING,,,NOT_APPLICABLE_GLOBAL_BASELINE,HF9g-P5,,,,X 全窗基线 · 不参与实体赏罚,6875472,688,A168_HF9F_20260827_0900,2026-08-27 09:00:00
2026-07-09,151367516,-1,1,16.1468339942,-16.1468339942,-16.1468339942,0E-7,2,1,0.39232329746788566,0.293924150000,-0.8034997688499151,-0.6451964315166089,-0.8034997688499151,0.09839914746788566,SENTINEL_DEALER,R03b_20260811_FULL_v1,L1_ELIGIBILITY,v2026-08-11,2026-03-21..2026-08-06,baccarat_bet02_101_all_pairs_incl_sentinel,round_win = game_pnl > 0 (decisive only),COMPATIBILITY_ONLY_NOT_PRODUCTION,5332.9394,4862.7808,166.8308,455,338,-0.03128308,0.09599540,-0.10290811,-0.03128308,-166.8308,5332.9394,OK,0.0000,5.0049,3.0000,97.0000,AG03-UNRESOLVED,ALL5_LEVELS_bet23_to_bet27,5.0049,5.0049,5.0049,0.0000,0.0000,3.000000,3.000000,3.000000,0.000000,0.000000,97.000000,97.000000,97.000000,100.000000,100.000000,5.0,15.0148,14.5688,151.8160,152.2619,PENDING_AG03,FALSE,NOT_FOR_ENFORCEMENT,161.8258,4716.8974,166.8308,161.8258,5.0049,0.03128308,0.03034458,5.0049,161.8258,0.03034458,5.0049,5.0049,5.0049,0.0000,0.0000,161.8258,0.03034458,15.0148,14.5688,151.8160,152.2619,0.02846760,0.02855122,0.00093849,11.7207,14.3869,0.4936,11.1221,1.3346,355.5293,22.5333,9.0159,14.1015,4.1543,10.1018,14.54,20.7715,28.0415,61.7952,10.1018,-2.0771,2.77588,6.11723,1.16026,27,57,11,5,0.36009938,0.03128308,-0.09599540,0E-8,0.000000,0.911839,0.000000,0.19890350,2026-06-12,2026-08-06,15,125,105,56,0.267857,0.639360,0.769226,1.200331,,,,,,,,GLOBAL_BASELINE_NO_ENTITY_RANKING,,,NOT_APPLICABLE_GLOBAL_BASELINE,HF9g-P5,,,,X 全窗基线 · 不参与实体赏罚,6875473,688,A168_HF9F_20260827_0900,2026-08-27 09:00:00
2026-07-09,151367516,1505,0,4.0878060745,3.8834157708,3.8834157708,1.0000000,1,1,0.50665070000000000,0.506650700000,0.9867858985152569,0.9867858985152569,0.9867858985152569,0E-17,ELIGIBLE,R03b_20260811_FULL_v1,L1_ELIGIBILITY,v2026-08-11,2026-03-21..2026-08-06,baccarat_bet02_101_all_pairs_incl_sentinel,round_win = game_pnl > 0 (decisive only),COMPATIBILITY_ONLY_NOT_PRODUCTION,5332.9394,4862.7808,166.8308,455,338,-0.03128308,0.09599540,-0.10290811,-0.03128308,-166.8308,5332.9394,OK,0.0000,5.0049,3.0000,97.0000,AG03-UNRESOLVED,ALL5_LEVELS_bet23_to_bet27,5.0049,5.0049,5.0049,0.0000,0.0000,3.000000,3.000000,3.000000,0.000000,0.000000,97.000000,97.000000,97.000000,100.000000,100.000000,5.0,15.0148,14.5688,151.8160,152.2619,PENDING_AG03,FALSE,NOT_FOR_ENFORCEMENT,161.8258,4716.8974,166.8308,161.8258,5.0049,0.03128308,0.03034458,5.0049,161.8258,0.03034458,5.0049,5.0049,5.0049,0.0000,0.0000,161.8258,0.03034458,15.0148,14.5688,151.8160,152.2619,0.02846760,0.02855122,0.00093849,11.7207,14.3869,0.4936,11.1221,1.3346,355.5293,22.5333,9.0159,14.1015,4.1543,10.1018,14.54,20.7715,28.0415,61.7952,10.1018,-2.0771,2.77588,6.11723,1.16026,27,57,11,5,0.36009938,0.03128308,-0.09599540,0E-8,0.000000,0.911839,0.000000,0.19890350,2026-06-12,2026-08-06,15,125,105,56,0.267857,0.639360,0.769226,1.200331,,,,,,,,GLOBAL_BASELINE_NO_ENTITY_RANKING,,,NOT_APPLICABLE_GLOBAL_BASELINE,HF9g-P5,,,,X 全窗基线 · 不参与实体赏罚,6875474,688,A168_HF9F_20260827_0900,2026-08-27 09:00:00
2026-08-02,151367516,-1,1,88.0879262969,-36.4675933406,-36.4675933406,0.4285714,15,7,0.34544758275063813,0.286047880952,0.46249959161674153,0.834414290059772,0.46249959161674153,0.05939970179863813,SENTINEL_DEALER,R03b_20260811_FULL_v1,L1_ELIGIBILITY,v2026-08-11,2026-03-21..2026-08-06,baccarat_bet02_101_all_pairs_incl_sentinel,round_win = game_pnl > 0 (decisive only),COMPATIBILITY_ONLY_NOT_PRODUCTION,5332.9394,4862.7808,166.8308,455,338,-0.03128308,0.09599540,-0.10290811,-0.03128308,-166.8308,5332.9394,OK,0.0000,5.0049,3.0000,97.0000,AG03-UNRESOLVED,ALL5_LEVELS_bet23_to_bet27,5.0049,5.0049,5.0049,0.0000,0.0000,3.000000,3.000000,3.000000,0.000000,0.000000,97.000000,97.000000,97.000000,100.000000,100.000000,5.0,15.0148,14.5688,151.8160,152.2619,PENDING_AG03,FALSE,NOT_FOR_ENFORCEMENT,161.8258,4716.8974,166.8308,161.8258,5.0049,0.03128308,0.03034458,5.0049,161.8258,0.03034458,5.0049,5.0049,5.0049,0.0000,0.0000,161.8258,0.03034458,15.0148,14.5688,151.8160,152.2619,0.02846760,0.02855122,0.00093849,11.7207,14.3869,0.4936,11.1221,1.3346,355.5293,22.5333,9.0159,14.1015,4.1543,10.1018,14.54,20.7715,28.0415,61.7952,10.1018,-2.0771,2.77588,6.11723,1.16026,27,57,11,5,0.36009938,0.03128308,-0.09599540,0E-8,0.000000,0.911839,0.000000,0.19890350,2026-06-12,2026-08-06,15,125,105,56,0.267857,0.639360,0.769226,1.200331,,,,,,,,GLOBAL_BASELINE_NO_ENTITY_RANKING,,,NOT_APPLICABLE_GLOBAL_BASELINE,HF9g-P5,,,,X 全窗基线 · 不参与实体赏罚,6875475,688,A168_HF9F_20260827_0900,2026-08-27 09:00:00
2026-08-02,151367516,1004,0,68.6924195894,-48.4887667690,-48.4887667690,0.2500000,6,4,0.41187058750000000,0.395260475000,-0.6577806587931083,-0.5942259098491154,-0.6577806587931083,0.01661011250000000,ELIGIBLE,R03b_20260811_FULL_v1,L1_ELIGIBILITY,v2026-08-11,2026-03-21..2026-08-06,baccarat_bet02_101_all_pairs_incl_sentinel,round_win = game_pnl > 0 (decisive only),COMPATIBILITY_ONLY_NOT_PRODUCTION,5332.9394,4862.7808,166.8308,455,338,-0.03128308,0.09599540,-0.10290811,-0.03128308,-166.8308,5332.9394,OK,0.0000,5.0049,3.0000,97.0000,AG03-UNRESOLVED,ALL5_LEVELS_bet23_to_bet27,5.0049,5.0049,5.0049,0.0000,0.0000,3.000000,3.000000,3.000000,0.000000,0.000000,97.000000,97.000000,97.000000,100.000000,100.000000,5.0,15.0148,14.5688,151.8160,152.2619,PENDING_AG03,FALSE,NOT_FOR_ENFORCEMENT,161.8258,4716.8974,166.8308,161.8258,5.0049,0.03128308,0.03034458,5.0049,161.8258,0.03034458,5.0049,5.0049,5.0049,0.0000,0.0000,161.8258,0.03034458,15.0148,14.5688,151.8160,152.2619,0.02846760,0.02855122,0.00093849,11.7207,14.3869,0.4936,11.1221,1.3346,355.5293,22.5333,9.0159,14.1015,4.1543,10.1018,14.54,20.7715,28.0415,61.7952,10.1018,-2.0771,2.77588,6.11723,1.16026,27,57,11,5,0.36009938,0.03128308,-0.09599540,0E-8,0.000000,0.911839,0.000000,0.19890350,2026-06-12,2026-08-06,15,125,105,56,0.267857,0.639360,0.769226,1.200331,,,,,,,,GLOBAL_BASELINE_NO_ENTITY_RANKING,,,NOT_APPLICABLE_GLOBAL_BASELINE,HF9g-P5,,,,X 全窗基线 · 不参与实体赏罚,6875476,688,A168_HF9F_20260827_0900,2026-08-27 09:00:00
2026-08-02,151367516,1094,0,2.0203652820,-2.0203652820,-2.0203652820,0E-7,1,1,0.49324550000000000,0.493245500000,-0.9865810262130424,-0.9865810262130424,-0.9865810262130424,0E-17,ELIGIBLE,R03b_20260811_FULL_v1,L1_ELIGIBILITY,v2026-08-11,2026-03-21..2026-08-06,baccarat_bet02_101_all_pairs_incl_sentinel,round_win = game_pnl > 0 (decisive only),COMPATIBILITY_ONLY_NOT_PRODUCTION,5332.9394,4862.7808,166.8308,455,338,-0.03128308,0.09599540,-0.10290811,-0.03128308,-166.8308,5332.9394,OK,0.0000,5.0049,3.0000,97.0000,AG03-UNRESOLVED,ALL5_LEVELS_bet23_to_bet27,5.0049,5.0049,5.0049,0.0000,0.0000,3.000000,3.000000,3.000000,0.000000,0.000000,97.000000,97.000000,97.000000,100.000000,100.000000,5.0,15.0148,14.5688,151.8160,152.2619,PENDING_AG03,FALSE,NOT_FOR_ENFORCEMENT,161.8258,4716.8974,166.8308,161.8258,5.0049,0.03128308,0.03034458,5.0049,161.8258,0.03034458,5.0049,5.0049,5.0049,0.0000,0.0000,161.8258,0.03034458,15.0148,14.5688,151.8160,152.2619,0.02846760,0.02855122,0.00093849,11.7207,14.3869,0.4936,11.1221,1.3346,355.5293,22.5333,9.0159,14.1015,4.1543,10.1018,14.54,20.7715,28.0415,61.7952,10.1018,-2.0771,2.77588,6.11723,1.16026,27,57,11,5,0.36009938,0.03128308,-0.09599540,0E-8,0.000000,0.911839,0.000000,0.19890350,2026-06-12,2026-08-06,15,125,105,56,0.267857,0.639360,0.769226,1.200331,,,,,,,,GLOBAL_BASELINE_NO_ENTITY_RANKING,,,NOT_APPLICABLE_GLOBAL_BASELINE,HF9g-P5,,,,X 全窗基线 · 不参与实体赏罚,6875477,688,A168_HF9F_20260827_0900,2026-08-27 09:00:00
2026-08-02,151367516,1304,0,36.3665750767,38.1849038307,38.1849038307,0.5000000,7,4,0.41987336339342121,0.379801354167,0.32470303165655207,0.49532005138823487,0.32470303165655207,0.04007200922642121,ELIGIBLE,R03b_20260811_FULL_v1,L1_ELIGIBILITY,v2026-08-11,2026-03-21..2026-08-06,baccarat_bet02_101_all_pairs_incl_sentinel,round_win = game_pnl > 0 (decisive only),COMPATIBILITY_ONLY_NOT_PRODUCTION,5332.9394,4862.7808,166.8308,455,338,-0.03128308,0.09599540,-0.10290811,-0.03128308,-166.8308,5332.9394,OK,0.0000,5.0049,3.0000,97.0000,AG03-UNRESOLVED,ALL5_LEVELS_bet23_to_bet27,5.0049,5.0049,5.0049,0.0000,0.0000,3.000000,3.000000,3.000000,0.000000,0.000000,97.000000,97.000000,97.000000,100.000000,100.000000,5.0,15.0148,14.5688,151.8160,152.2619,PENDING_AG03,FALSE,NOT_FOR_ENFORCEMENT,161.8258,4716.8974,166.8308,161.8258,5.0049,0.03128308,0.03034458,5.0049,161.8258,0.03034458,5.0049,5.0049,5.0049,0.0000,0.0000,161.8258,0.03034458,15.0148,14.5688,151.8160,152.2619,0.02846760,0.02855122,0.00093849,11.7207,14.3869,0.4936,11.1221,1.3346,355.5293,22.5333,9.0159,14.1015,4.1543,10.1018,14.54,20.7715,28.0415,61.7952,10.1018,-2.0771,2.77588,6.11723,1.16026,27,57,11,5,0.36009938,0.03128308,-0.09599540,0E-8,0.000000,0.911839,0.000000,0.19890350,2026-06-12,2026-08-06,15,125,105,56,0.267857,0.639360,0.769226,1.200331,,,,,,,,GLOBAL_BASELINE_NO_ENTITY_RANKING,,,NOT_APPLICABLE_GLOBAL_BASELINE,HF9g-P5,,,,X 全窗基线 · 不参与实体赏罚,6875478,688,A168_HF9F_20260827_0900,2026-08-27 09:00:00
2026-08-02,151367516,1382,0,64.6516890254,-17.1731048974,-17.1731048974,0.5000000,6,4,0.41796584166654487,0.395260475000,0.33264430339334283,0.4284643812454088,0.33264430339334283,0.02270536666654487,ELIGIBLE,R03b_20260811_FULL_v1,L1_ELIGIBILITY,v2026-08-11,2026-03-21..2026-08-06,baccarat_bet02_101_all_pairs_incl_sentinel,round_win = game_pnl > 0 (decisive only),COMPATIBILITY_ONLY_NOT_PRODUCTION,5332.9394,4862.7808,166.8308,455,338,-0.03128308,0.09599540,-0.10290811,-0.03128308,-166.8308,5332.9394,OK,0.0000,5.0049,3.0000,97.0000,AG03-UNRESOLVED,ALL5_LEVELS_bet23_to_bet27,5.0049,5.0049,5.0049,0.0000,0.0000,3.000000,3.000000,3.000000,0.000000,0.000000,97.000000,97.000000,97.000000,100.000000,100.000000,5.0,15.0148,14.5688,151.8160,152.2619,PENDING_AG03,FALSE,NOT_FOR_ENFORCEMENT,161.8258,4716.8974,166.8308,161.8258,5.0049,0.03128308,0.03034458,5.0049,161.8258,0.03034458,5.0049,5.0049,5.0049,0.0000,0.0000,161.8258,0.03034458,15.0148,14.5688,151.8160,152.2619,0.02846760,0.02855122,0.00093849,11.7207,14.3869,0.4936,11.1221,1.3346,355.5293,22.5333,9.0159,14.1015,4.1543,10.1018,14.54,20.7715,28.0415,61.7952,10.1018,-2.0771,2.77588,6.11723,1.16026,27,57,11,5,0.36009938,0.03128308,-0.09599540,0E-8,0.000000,0.911839,0.000000,0.19890350,2026-06-12,2026-08-06,15,125,105,56,0.267857,0.639360,0.769226,1.200331,,,,,,,,GLOBAL_BASELINE_NO_ENTITY_RANKING,,,NOT_APPLICABLE_GLOBAL_BASELINE,HF9g-P5,,,,X 全窗基线 · 不参与实体赏罚,6875479,688,A168_HF9F_20260827_0900,2026-08-27 09:00:00
2026-08-02,151367516,1508,0,12.1221916923,-12.1221916923,-12.1221916923,0E-7,1,1,0.49324550000000000,0.493245500000,-0.9865810262130424,-0.9865810262130424,-0.9865810262130424,0E-17,ELIGIBLE,R03b_20260811_FULL_v1,L1_ELIGIBILITY,v2026-08-11,2026-03-21..2026-08-06,baccarat_bet02_101_all_pairs_incl_sentinel,round_win = game_pnl > 0 (decisive only),COMPATIBILITY_ONLY_NOT_PRODUCTION,5332.9394,4862.7808,166.8308,455,338,-0.03128308,0.09599540,-0.10290811,-0.03128308,-166.8308,5332.9394,OK,0.0000,5.0049,3.0000,97.0000,AG03-UNRESOLVED,ALL5_LEVELS_bet23_to_bet27,5.0049,5.0049,5.0049,0.0000,0.0000,3.000000,3.000000,3.000000,0.000000,0.000000,97.000000,97.000000,97.000000,100.000000,100.000000,5.0,15.0148,14.5688,151.8160,152.2619,PENDING_AG03,FALSE,NOT_FOR_ENFORCEMENT,161.8258,4716.8974,166.8308,161.8258,5.0049,0.03128308,0.03034458,5.0049,161.8258,0.03034458,5.0049,5.0049,5.0049,0.0000,0.0000,161.8258,0.03034458,15.0148,14.5688,151.8160,152.2619,0.02846760,0.02855122,0.00093849,11.7207,14.3869,0.4936,11.1221,1.3346,355.5293,22.5333,9.0159,14.1015,4.1543,10.1018,14.54,20.7715,28.0415,61.7952,10.1018,-2.0771,2.77588,6.11723,1.16026,27,57,11,5,0.36009938,0.03128308,-0.09599540,0E-8,0.000000,0.911839,0.000000,0.19890350,2026-06-12,2026-08-06,15,125,105,56,0.267857,0.639360,0.769226,1.200331,,,,,,,,GLOBAL_BASELINE_NO_ENTITY_RANKING,,,NOT_APPLICABLE_GLOBAL_BASELINE,HF9g-P5,,,,X 全窗基线 · 不参与实体赏罚,6875480,688,A168_HF9F_20260827_0900,2026-08-27 09:00:00
2026-08-02,151367516,1942,0,88.8960724099,73.7433327945,73.7433327945,0.6000000,8,5,0.34661044904738356,0.297945710000,1.1906024889033486,1.47678099063744,1.1906024889033486,0.04866473904738356,ELIGIBLE,R03b_20260811_FULL_v1,L1_ELIGIBILITY,v2026-08-11,2026-03-21..2026-08-06,baccarat_bet02_101_all_pairs_incl_sentinel,round_win = game_pnl > 0 (decisive only),COMPATIBILITY_ONLY_NOT_PRODUCTION,5332.9394,4862.7808,166.8308,455,338,-0.03128308,0.09599540,-0.10290811,-0.03128308,-166.8308,5332.9394,OK,0.0000,5.0049,3.0000,97.0000,AG03-UNRESOLVED,ALL5_LEVELS_bet23_to_bet27,5.0049,5.0049,5.0049,0.0000,0.0000,3.000000,3.000000,3.000000,0.000000,0.000000,97.000000,97.000000,97.000000,100.000000,100.000000,5.0,15.0148,14.5688,151.8160,152.2619,PENDING_AG03,FALSE,NOT_FOR_ENFORCEMENT,161.8258,4716.8974,166.8308,161.8258,5.0049,0.03128308,0.03034458,5.0049,161.8258,0.03034458,5.0049,5.0049,5.0049,0.0000,0.0000,161.8258,0.03034458,15.0148,14.5688,151.8160,152.2619,0.02846760,0.02855122,0.00093849,11.7207,14.3869,0.4936,11.1221,1.3346,355.5293,22.5333,9.0159,14.1015,4.1543,10.1018,14.54,20.7715,28.0415,61.7952,10.1018,-2.0771,2.77588,6.11723,1.16026,27,57,11,5,0.36009938,0.03128308,-0.09599540,0E-8,0.000000,0.911839,0.000000,0.19890350,2026-06-12,2026-08-06,15,125,105,56,0.267857,0.639360,0.769226,1.200331,,,,,,,,GLOBAL_BASELINE_NO_ENTITY_RANKING,,,NOT_APPLICABLE_GLOBAL_BASELINE,HF9g-P5,,,,X 全窗基线 · 不参与实体赏罚,6875481,688,A168_HF9F_20260827_0900,2026-08-27 09:00:00
2026-08-02,151367516,2101,0,105.0589946661,-1.1112009052,-1.1112009052,0.5714286,11,8,0.42638838749993705,0.423526943750,0.7759356579520862,0.7919393896541376,0.7759356579520862,0.00286144374993705,ELIGIBLE,R03b_20260811_FULL_v1,L1_ELIGIBILITY,v2026-08-11,2026-03-21..2026-08-06,baccarat_bet02_101_all_pairs_incl_sentinel,round_win = game_pnl > 0 (decisive only),COMPATIBILITY_ONLY_NOT_PRODUCTION,5332.9394,4862.7808,166.8308,455,338,-0.03128308,0.09599540,-0.10290811,-0.03128308,-166.8308,5332.9394,OK,0.0000,5.0049,3.0000,97.0000,AG03-UNRESOLVED,ALL5_LEVELS_bet23_to_bet27,5.0049,5.0049,5.0049,0.0000,0.0000,3.000000,3.000000,3.000000,0.000000,0.000000,97.000000,97.000000,97.000000,100.000000,100.000000,5.0,15.0148,14.5688,151.8160,152.2619,PENDING_AG03,FALSE,NOT_FOR_ENFORCEMENT,161.8258,4716.8974,166.8308,161.8258,5.0049,0.03128308,0.03034458,5.0049,161.8258,0.03034458,5.0049,5.0049,5.0049,0.0000,0.0000,161.8258,0.03034458,15.0148,14.5688,151.8160,152.2619,0.02846760,0.02855122,0.00093849,11.7207,14.3869,0.4936,11.1221,1.3346,355.5293,22.5333,9.0159,14.1015,4.1543,10.1018,14.54,20.7715,28.0415,61.7952,10.1018,-2.0771,2.77588,6.11723,1.16026,27,57,11,5,0.36009938,0.03128308,-0.09599540,0E-8,0.000000,0.911839,0.000000,0.19890350,2026-06-12,2026-08-06,15,125,105,56,0.267857,0.639360,0.769226,1.200331,,,,,,,,GLOBAL_BASELINE_NO_ENTITY_RANKING,,,NOT_APPLICABLE_GLOBAL_BASELINE,HF9g-P5,,,,X 全窗基线 · 不参与实体赏罚,6875482,688,A168_HF9F_20260827_0900,2026-08-27 09:00:00
2026-08-02,151367516,2121,0,32.3258445127,22.8301276871,22.8301276871,1.0000000,3,2,0.43797605000000000,0.403638725000,1.6020173973302758,1.7189898101856425,1.6020173973302758,0.03433732500000000,ELIGIBLE,R03b_20260811_FULL_v1,L1_ELIGIBILITY,v2026-08-11,2026-03-21..2026-08-06,baccarat_bet02_101_all_pairs_incl_sentinel,round_win = game_pnl > 0 (decisive only),COMPATIBILITY_ONLY_NOT_PRODUCTION,5332.9394,4862.7808,166.8308,455,338,-0.03128308,0.09599540,-0.10290811,-0.03128308,-166.8308,5332.9394,OK,0.0000,5.0049,3.0000,97.0000,AG03-UNRESOLVED,ALL5_LEVELS_bet23_to_bet27,5.0049,5.0049,5.0049,0.0000,0.0000,3.000000,3.000000,3.000000,0.000000,0.000000,97.000000,97.000000,97.000000,100.000000,100.000000,5.0,15.0148,14.5688,151.8160,152.2619,PENDING_AG03,FALSE,NOT_FOR_ENFORCEMENT,161.8258,4716.8974,166.8308,161.8258,5.0049,0.03128308,0.03034458,5.0049,161.8258,0.03034458,5.0049,5.0049,5.0049,0.0000,0.0000,161.8258,0.03034458,15.0148,14.5688,151.8160,152.2619,0.02846760,0.02855122,0.00093849,11.7207,14.3869,0.4936,11.1221,1.3346,355.5293,22.5333,9.0159,14.1015,4.1543,10.1018,14.54,20.7715,28.0415,61.7952,10.1018,-2.0771,2.77588,6.11723,1.16026,27,57,11,5,0.36009938,0.03128308,-0.09599540,0E-8,0.000000,0.911839,0.000000,0.19890350,2026-06-12,2026-08-06,15,125,105,56,0.267857,0.639360,0.769226,1.200331,,,,,,,,GLOBAL_BASELINE_NO_ENTITY_RANKING,,,NOT_APPLICABLE_GLOBAL_BASELINE,HF9g-P5,,,,X 全窗基线 · 不参与实体赏罚,6875483,688,A168_HF9F_20260827_0900,2026-08-27 09:00:00
2026-08-02,151367516,2134,0,60.6109584612,19.1934701794,19.1934701794,0.6666667,3,3,0.50218230000000000,0.502182300000,0.5697959874915163,0.5697959874915164,0.5697959874915163,0E-17,ELIGIBLE,R03b_20260811_FULL_v1,L1_ELIGIBILITY,v2026-08-11,2026-03-21..2026-08-06,baccarat_bet02_101_all_pairs_incl_sentinel,round_win = game_pnl > 0 (decisive only),COMPATIBILITY_ONLY_NOT_PRODUCTION,5332.9394,4862.7808,166.8308,455,338,-0.03128308,0.09599540,-0.10290811,-0.03128308,-166.8308,5332.9394,OK,0.0000,5.0049,3.0000,97.0000,AG03-UNRESOLVED,ALL5_LEVELS_bet23_to_bet27,5.0049,5.0049,5.0049,0.0000,0.0000,3.000000,3.000000,3.000000,0.000000,0.000000,97.000000,97.000000,97.000000,100.000000,100.000000,5.0,15.0148,14.5688,151.8160,152.2619,PENDING_AG03,FALSE,NOT_FOR_ENFORCEMENT,161.8258,4716.8974,166.8308,161.8258,5.0049,0.03128308,0.03034458,5.0049,161.8258,0.03034458,5.0049,5.0049,5.0049,0.0000,0.0000,161.8258,0.03034458,15.0148,14.5688,151.8160,152.2619,0.02846760,0.02855122,0.00093849,11.7207,14.3869,0.4936,11.1221,1.3346,355.5293,22.5333,9.0159,14.1015,4.1543,10.1018,14.54,20.7715,28.0415,61.7952,10.1018,-2.0771,2.77588,6.11723,1.16026,27,57,11,5,0.36009938,0.03128308,-0.09599540,0E-8,0.000000,0.911839,0.000000,0.19890350,2026-06-12,2026-08-06,15,125,105,56,0.267857,0.639360,0.769226,1.200331,,,,,,,,GLOBAL_BASELINE_NO_ENTITY_RANKING,,,NOT_APPLICABLE_GLOBAL_BASELINE,HF9g-P5,,,,X 全窗基线 · 不参与实体赏罚,6875484,688,A168_HF9F_20260827_0900,2026-08-27 09:00:00
2026-08-02,151367516,2147,0,12.1221916923,0E-10,0E-10,,1,1,0.50665070000000000,0.506650700000,,,,0E-17,NO_DECISIVE_ROUND,R03b_20260811_FULL_v1,L1_ELIGIBILITY,v2026-08-11,2026-03-21..2026-08-06,baccarat_bet02_101_all_pairs_incl_sentinel,round_win = game_pnl > 0 (decisive only),COMPATIBILITY_ONLY_NOT_PRODUCTION,5332.9394,4862.7808,166.8308,455,338,-0.03128308,0.09599540,-0.10290811,-0.03128308,-166.8308,5332.9394,OK,0.0000,5.0049,3.0000,97.0000,AG03-UNRESOLVED,ALL5_LEVELS_bet23_to_bet27,5.0049,5.0049,5.0049,0.0000,0.0000,3.000000,3.000000,3.000000,0.000000,0.000000,97.000000,97.000000,97.000000,100.000000,100.000000,5.0,15.0148,14.5688,151.8160,152.2619,PENDING_AG03,FALSE,NOT_FOR_ENFORCEMENT,161.8258,4716.8974,166.8308,161.8258,5.0049,0.03128308,0.03034458,5.0049,161.8258,0.03034458,5.0049,5.0049,5.0049,0.0000,0.0000,161.8258,0.03034458,15.0148,14.5688,151.8160,152.2619,0.02846760,0.02855122,0.00093849,11.7207,14.3869,0.4936,11.1221,1.3346,355.5293,22.5333,9.0159,14.1015,4.1543,10.1018,14.54,20.7715,28.0415,61.7952,10.1018,-2.0771,2.77588,6.11723,1.16026,27,57,11,5,0.36009938,0.03128308,-0.09599540,0E-8,0.000000,0.911839,0.000000,0.19890350,2026-06-12,2026-08-06,15,125,105,56,0.267857,0.639360,0.769226,1.200331,,,,,,,,GLOBAL_BASELINE_NO_ENTITY_RANKING,,,NOT_APPLICABLE_GLOBAL_BASELINE,HF9g-P5,,,,X 全窗基线 · 不参与实体赏罚,6875485,688,A168_HF9F_20260827_0900,2026-08-27 09:00:00
2026-08-02,151367516,2169,0,22.2240181024,9.7987716179,9.7987716179,0.5000000,3,2,0.39693612500000000,0.396936125000,0.29790616794075786,0.29790616794075786,0.29790616794075786,0E-17,ELIGIBLE,R03b_20260811_FULL_v1,L1_ELIGIBILITY,v2026-08-11,2026-03-21..2026-08-06,baccarat_bet02_101_all_pairs_incl_sentinel,round_win = game_pnl > 0 (decisive only),COMPATIBILITY_ONLY_NOT_PRODUCTION,5332.9394,4862.7808,166.8308,455,338,-0.03128308,0.09599540,-0.10290811,-0.03128308,-166.8308,5332.9394,OK,0.0000,5.0049,3.0000,97.0000,AG03-UNRESOLVED,ALL5_LEVELS_bet23_to_bet27,5.0049,5.0049,5.0049,0.0000,0.0000,3.000000,3.000000,3.000000,0.000000,0.000000,97.000000,97.000000,97.000000,100.000000,100.000000,5.0,15.0148,14.5688,151.8160,152.2619,PENDING_AG03,FALSE,NOT_FOR_ENFORCEMENT,161.8258,4716.8974,166.8308,161.8258,5.0049,0.03128308,0.03034458,5.0049,161.8258,0.03034458,5.0049,5.0049,5.0049,0.0000,0.0000,161.8258,0.03034458,15.0148,14.5688,151.8160,152.2619,0.02846760,0.02855122,0.00093849,11.7207,14.3869,0.4936,11.1221,1.3346,355.5293,22.5333,9.0159,14.1015,4.1543,10.1018,14.54,20.7715,28.0415,61.7952,10.1018,-2.0771,2.77588,6.11723,1.16026,27,57,11,5,0.36009938,0.03128308,-0.09599540,0E-8,0.000000,0.911839,0.000000,0.19890350,2026-06-12,2026-08-06,15,125,105,56,0.267857,0.639360,0.769226,1.200331,,,,,,,,GLOBAL_BASELINE_NO_ENTITY_RANKING,,,NOT_APPLICABLE_GLOBAL_BASELINE,HF9g-P5,,,,X 全窗基线 · 不参与实体赏罚,6875486,688,A168_HF9F_20260827_0900,2026-08-27 09:00:00
2026-08-02,151367516,2196,0,105.0589946663,10.9099725230,10.9099725230,0.5714286,12,7,0.37555355999983489,0.356618192857,1.0701496560431218,1.1865010992871499,1.0701496560431218,0.01893536714283489,ELIGIBLE,R03b_20260811_FULL_v1,L1_ELIGIBILITY,v2026-08-11,2026-03-21..2026-08-06,baccarat_bet02_101_all_pairs_incl_sentinel,round_win = game_pnl > 0 (decisive only),COMPATIBILITY_ONLY_NOT_PRODUCTION,5332.9394,4862.7808,166.8308,455,338,-0.03128308,0.09599540,-0.10290811,-0.03128308,-166.8308,5332.9394,OK,0.0000,5.0049,3.0000,97.0000,AG03-UNRESOLVED,ALL5_LEVELS_bet23_to_bet27,5.0049,5.0049,5.0049,0.0000,0.0000,3.000000,3.000000,3.000000,0.000000,0.000000,97.000000,97.000000,97.000000,100.000000,100.000000,5.0,15.0148,14.5688,151.8160,152.2619,PENDING_AG03,FALSE,NOT_FOR_ENFORCEMENT,161.8258,4716.8974,166.8308,161.8258,5.0049,0.03128308,0.03034458,5.0049,161.8258,0.03034458,5.0049,5.0049,5.0049,0.0000,0.0000,161.8258,0.03034458,15.0148,14.5688,151.8160,152.2619,0.02846760,0.02855122,0.00093849,11.7207,14.3869,0.4936,11.1221,1.3346,355.5293,22.5333,9.0159,14.1015,4.1543,10.1018,14.54,20.7715,28.0415,61.7952,10.1018,-2.0771,2.77588,6.11723,1.16026,27,57,11,5,0.36009938,0.03128308,-0.09599540,0E-8,0.000000,0.911839,0.000000,0.19890350,2026-06-12,2026-08-06,15,125,105,56,0.267857,0.639360,0.769226,1.200331,,,,,,,,GLOBAL_BASELINE_NO_ENTITY_RANKING,,,NOT_APPLICABLE_GLOBAL_BASELINE,HF9g-P5,,,,X 全窗基线 · 不参与实体赏罚,6875487,688,A168_HF9F_20260827_0900,2026-08-27 09:00:00
2026-08-02,151367516,2233,0,28.2851139487,4.0407305641,4.0407305641,1.0000000,4,2,0.31385628500000000,0.293924150000,1.4785708160762516,1.549915577879723,1.4785708160762516,0.01993213500000000,ELIGIBLE,R03b_20260811_FULL_v1,L1_ELIGIBILITY,v2026-08-11,2026-03-21..2026-08-06,baccarat_bet02_101_all_pairs_incl_sentinel,round_win = game_pnl > 0 (decisive only),COMPATIBILITY_ONLY_NOT_PRODUCTION,5332.9394,4862.7808,166.8308,455,338,-0.03128308,0.09599540,-0.10290811,-0.03128308,-166.8308,5332.9394,OK,0.0000,5.0049,3.0000,97.0000,AG03-UNRESOLVED,ALL5_LEVELS_bet23_to_bet27,5.0049,5.0049,5.0049,0.0000,0.0000,3.000000,3.000000,3.000000,0.000000,0.000000,97.000000,97.000000,97.000000,100.000000,100.000000,5.0,15.0148,14.5688,151.8160,152.2619,PENDING_AG03,FALSE,NOT_FOR_ENFORCEMENT,161.8258,4716.8974,166.8308,161.8258,5.0049,0.03128308,0.03034458,5.0049,161.8258,0.03034458,5.0049,5.0049,5.0049,0.0000,0.0000,161.8258,0.03034458,15.0148,14.5688,151.8160,152.2619,0.02846760,0.02855122,0.00093849,11.7207,14.3869,0.4936,11.1221,1.3346,355.5293,22.5333,9.0159,14.1015,4.1543,10.1018,14.54,20.7715,28.0415,61.7952,10.1018,-2.0771,2.77588,6.11723,1.16026,27,57,11,5,0.36009938,0.03128308,-0.09599540,0E-8,0.000000,0.911839,0.000000,0.19890350,2026-06-12,2026-08-06,15,125,105,56,0.267857,0.639360,0.769226,1.200331,,,,,,,,GLOBAL_BASELINE_NO_ENTITY_RANKING,,,NOT_APPLICABLE_GLOBAL_BASELINE,HF9g-P5,,,,X 全窗基线 · 不参与实体赏罚,6875488,688,A168_HF9F_20260827_0900,2026-08-27 09:00:00
2026-08-02,151367516,2261,0,8.0814611281,-0.2020365281,-0.2020365281,0E-7,3,1,0.29067452500267249,0.218682466667,-0.6401484627981663,-0.5290457096990526,-0.6401484627981663,0.07199205833567249,ELIGIBLE,R03b_20260811_FULL_v1,L1_ELIGIBILITY,v2026-08-11,2026-03-21..2026-08-06,baccarat_bet02_101_all_pairs_incl_sentinel,round_win = game_pnl > 0 (decisive only),COMPATIBILITY_ONLY_NOT_PRODUCTION,5332.9394,4862.7808,166.8308,455,338,-0.03128308,0.09599540,-0.10290811,-0.03128308,-166.8308,5332.9394,OK,0.0000,5.0049,3.0000,97.0000,AG03-UNRESOLVED,ALL5_LEVELS_bet23_to_bet27,5.0049,5.0049,5.0049,0.0000,0.0000,3.000000,3.000000,3.000000,0.000000,0.000000,97.000000,97.000000,97.000000,100.000000,100.000000,5.0,15.0148,14.5688,151.8160,152.2619,PENDING_AG03,FALSE,NOT_FOR_ENFORCEMENT,161.8258,4716.8974,166.8308,161.8258,5.0049,0.03128308,0.03034458,5.0049,161.8258,0.03034458,5.0049,5.0049,5.0049,0.0000,0.0000,161.8258,0.03034458,15.0148,14.5688,151.8160,152.2619,0.02846760,0.02855122,0.00093849,11.7207,14.3869,0.4936,11.1221,1.3346,355.5293,22.5333,9.0159,14.1015,4.1543,10.1018,14.54,20.7715,28.0415,61.7952,10.1018,-2.0771,2.77588,6.11723,1.16026,27,57,11,5,0.36009938,0.03128308,-0.09599540,0E-8,0.000000,0.911839,0.000000,0.19890350,2026-06-12,2026-08-06,15,125,105,56,0.267857,0.639360,0.769226,1.200331,,,,,,,,GLOBAL_BASELINE_NO_ENTITY_RANKING,,,NOT_APPLICABLE_GLOBAL_BASELINE,HF9g-P5,,,,X 全窗基线 · 不参与实体赏罚,6875489,688,A168_HF9F_20260827_0900,2026-08-27 09:00:00
2026-08-02,151367516,2276,0,60.6109584611,131.6267981252,131.6267981252,1.0000000,8,4,0.39134708250063155,0.375397675000,2.4942144989365915,2.579799799429525,2.4942144989365915,0.01594940750063155,ELIGIBLE,R03b_20260811_FULL_v1,L1_ELIGIBILITY,v2026-08-11,2026-03-21..2026-08-06,baccarat_bet02_101_all_pairs_incl_sentinel,round_win = game_pnl > 0 (decisive only),COMPATIBILITY_ONLY_NOT_PRODUCTION,5332.9394,4862.7808,166.8308,455,338,-0.03128308,0.09599540,-0.10290811,-0.03128308,-166.8308,5332.9394,OK,0.0000,5.0049,3.0000,97.0000,AG03-UNRESOLVED,ALL5_LEVELS_bet23_to_bet27,5.0049,5.0049,5.0049,0.0000,0.0000,3.000000,3.000000,3.000000,0.000000,0.000000,97.000000,97.000000,97.000000,100.000000,100.000000,5.0,15.0148,14.5688,151.8160,152.2619,PENDING_AG03,FALSE,NOT_FOR_ENFORCEMENT,161.8258,4716.8974,166.8308,161.8258,5.0049,0.03128308,0.03034458,5.0049,161.8258,0.03034458,5.0049,5.0049,5.0049,0.0000,0.0000,161.8258,0.03034458,15.0148,14.5688,151.8160,152.2619,0.02846760,0.02855122,0.00093849,11.7207,14.3869,0.4936,11.1221,1.3346,355.5293,22.5333,9.0159,14.1015,4.1543,10.1018,14.54,20.7715,28.0415,61.7952,10.1018,-2.0771,2.77588,6.11723,1.16026,27,57,11,5,0.36009938,0.03128308,-0.09599540,0E-8,0.000000,0.911839,0.000000,0.19890350,2026-06-12,2026-08-06,15,125,105,56,0.267857,0.639360,0.769226,1.200331,,,,,,,,GLOBAL_BASELINE_NO_ENTITY_RANKING,,,NOT_APPLICABLE_GLOBAL_BASELINE,HF9g-P5,,,,X 全窗基线 · 不参与实体赏罚,6875490,688,A168_HF9F_20260827_0900,2026-08-27 09:00:00
2026-08-02,151367516,2281,0,45.0541457894,-3.4346209794,-3.4346209794,0.7500000,6,4,0.44839819625070293,0.393584825000,1.212883709278334,1.4590896581075317,1.212883709278334,0.05481337125070293,ELIGIBLE,R03b_20260811_FULL_v1,L1_ELIGIBILITY,v2026-08-11,2026-03-21..2026-08-06,baccarat_bet02_101_all_pairs_incl_sentinel,round_win = game_pnl > 0 (decisive only),COMPATIBILITY_ONLY_NOT_PRODUCTION,5332.9394,4862.7808,166.8308,455,338,-0.03128308,0.09599540,-0.10290811,-0.03128308,-166.8308,5332.9394,OK,0.0000,5.0049,3.0000,97.0000,AG03-UNRESOLVED,ALL5_LEVELS_bet23_to_bet27,5.0049,5.0049,5.0049,0.0000,0.0000,3.000000,3.000000,3.000000,0.000000,0.000000,97.000000,97.000000,97.000000,100.000000,100.000000,5.0,15.0148,14.5688,151.8160,152.2619,PENDING_AG03,FALSE,NOT_FOR_ENFORCEMENT,161.8258,4716.8974,166.8308,161.8258,5.0049,0.03128308,0.03034458,5.0049,161.8258,0.03034458,5.0049,5.0049,5.0049,0.0000,0.0000,161.8258,0.03034458,15.0148,14.5688,151.8160,152.2619,0.02846760,0.02855122,0.00093849,11.7207,14.3869,0.4936,11.1221,1.3346,355.5293,22.5333,9.0159,14.1015,4.1543,10.1018,14.54,20.7715,28.0415,61.7952,10.1018,-2.0771,2.77588,6.11723,1.16026,27,57,11,5,0.36009938,0.03128308,-0.09599540,0E-8,0.000000,0.911839,0.000000,0.19890350,2026-06-12,2026-08-06,15,125,105,56,0.267857,0.639360,0.769226,1.200331,,,,,,,,GLOBAL_BASELINE_NO_ENTITY_RANKING,,,NOT_APPLICABLE_GLOBAL_BASELINE,HF9g-P5,,,,X 全窗基线 · 不参与实体赏罚,6875491,688,A168_HF9F_20260827_0900,2026-08-27 09:00:00
2026-08-02,151367516,2288,0,18.1832875383,-14.1425569743,-14.1425569743,0E-7,4,3,0.43127345000000000,0.431273450000,-1.2315147217074076,-1.2315147217074076,-1.2315147217074076,0E-17,ELIGIBLE,R03b_20260811_FULL_v1,L1_ELIGIBILITY,v2026-08-11,2026-03-21..2026-08-06,baccarat_bet02_101_all_pairs_incl_sentinel,round_win = game_pnl > 0 (decisive only),COMPATIBILITY_ONLY_NOT_PRODUCTION,5332.9394,4862.7808,166.8308,455,338,-0.03128308,0.09599540,-0.10290811,-0.03128308,-166.8308,5332.9394,OK,0.0000,5.0049,3.0000,97.0000,AG03-UNRESOLVED,ALL5_LEVELS_bet23_to_bet27,5.0049,5.0049,5.0049,0.0000,0.0000,3.000000,3.000000,3.000000,0.000000,0.000000,97.000000,97.000000,97.000000,100.000000,100.000000,5.0,15.0148,14.5688,151.8160,152.2619,PENDING_AG03,FALSE,NOT_FOR_ENFORCEMENT,161.8258,4716.8974,166.8308,161.8258,5.0049,0.03128308,0.03034458,5.0049,161.8258,0.03034458,5.0049,5.0049,5.0049,0.0000,0.0000,161.8258,0.03034458,15.0148,14.5688,151.8160,152.2619,0.02846760,0.02855122,0.00093849,11.7207,14.3869,0.4936,11.1221,1.3346,355.5293,22.5333,9.0159,14.1015,4.1543,10.1018,14.54,20.7715,28.0415,61.7952,10.1018,-2.0771,2.77588,6.11723,1.16026,27,57,11,5,0.36009938,0.03128308,-0.09599540,0E-8,0.000000,0.911839,0.000000,0.19890350,2026-06-12,2026-08-06,15,125,105,56,0.267857,0.639360,0.769226,1.200331,,,,,,,,GLOBAL_BASELINE_NO_ENTITY_RANKING,,,NOT_APPLICABLE_GLOBAL_BASELINE,HF9g-P5,,,,X 全窗基线 · 不参与实体赏罚,6875492,688,A168_HF9F_20260827_0900,2026-08-27 09:00:00
2026-08-03,151367516,-1,1,212.1383546144,-51.0142233717,-51.0142233717,0.4545455,17,12,0.46559257499992954,0.433481448611,-0.07345242989406765,0.14097593544677972,-0.07345242989406765,0.03211112638892954,SENTINEL_DEALER,R03b_20260811_FULL_v1,L1_ELIGIBILITY,v2026-08-11,2026-03-21..2026-08-06,baccarat_bet02_101_all_pairs_incl_sentinel,round_win = game_pnl > 0 (decisive only),COMPATIBILITY_ONLY_NOT_PRODUCTION,5332.9394,4862.7808,166.8308,455,338,-0.03128308,0.09599540,-0.10290811,-0.03128308,-166.8308,5332.9394,OK,0.0000,5.0049,3.0000,97.0000,AG03-UNRESOLVED,ALL5_LEVELS_bet23_to_bet27,5.0049,5.0049,5.0049,0.0000,0.0000,3.000000,3.000000,3.000000,0.000000,0.000000,97.000000,97.000000,97.000000,100.000000,100.000000,5.0,15.0148,14.5688,151.8160,152.2619,PENDING_AG03,FALSE,NOT_FOR_ENFORCEMENT,161.8258,4716.8974,166.8308,161.8258,5.0049,0.03128308,0.03034458,5.0049,161.8258,0.03034458,5.0049,5.0049,5.0049,0.0000,0.0000,161.8258,0.03034458,15.0148,14.5688,151.8160,152.2619,0.02846760,0.02855122,0.00093849,11.7207,14.3869,0.4936,11.1221,1.3346,355.5293,22.5333,9.0159,14.1015,4.1543,10.1018,14.54,20.7715,28.0415,61.7952,10.1018,-2.0771,2.77588,6.11723,1.16026,27,57,11,5,0.36009938,0.03128308,-0.09599540,0E-8,0.000000,0.911839,0.000000,0.19890350,2026-06-12,2026-08-06,15,125,105,56,0.267857,0.639360,0.769226,1.200331,,,,,,,,GLOBAL_BASELINE_NO_ENTITY_RANKING,,,NOT_APPLICABLE_GLOBAL_BASELINE,HF9g-P5,,,,X 全窗基线 · 不参与实体赏罚,6875493,688,A168_HF9F_20260827_0900,2026-08-27 09:00:00
2026-08-03,151367516,1094,0,8.0814611282,-8.0814611282,-8.0814611282,0E-7,1,1,0.49324550000000000,0.493245500000,-0.9865810262130424,-0.9865810262130424,-0.9865810262130424,0E-17,ELIGIBLE,R03b_20260811_FULL_v1,L1_ELIGIBILITY,v2026-08-11,2026-03-21..2026-08-06,baccarat_bet02_101_all_pairs_incl_sentinel,round_win = game_pnl > 0 (decisive only),COMPATIBILITY_ONLY_NOT_PRODUCTION,5332.9394,4862.7808,166.8308,455,338,-0.03128308,0.09599540,-0.10290811,-0.03128308,-166.8308,5332.9394,OK,0.0000,5.0049,3.0000,97.0000,AG03-UNRESOLVED,ALL5_LEVELS_bet23_to_bet27,5.0049,5.0049,5.0049,0.0000,0.0000,3.000000,3.000000,3.000000,0.000000,0.000000,97.000000,97.000000,97.000000,100.000000,100.000000,5.0,15.0148,14.5688,151.8160,152.2619,PENDING_AG03,FALSE,NOT_FOR_ENFORCEMENT,161.8258,4716.8974,166.8308,161.8258,5.0049,0.03128308,0.03034458,5.0049,161.8258,0.03034458,5.0049,5.0049,5.0049,0.0000,0.0000,161.8258,0.03034458,15.0148,14.5688,151.8160,152.2619,0.02846760,0.02855122,0.00093849,11.7207,14.3869,0.4936,11.1221,1.3346,355.5293,22.5333,9.0159,14.1015,4.1543,10.1018,14.54,20.7715,28.0415,61.7952,10.1018,-2.0771,2.77588,6.11723,1.16026,27,57,11,5,0.36009938,0.03128308,-0.09599540,0E-8,0.000000,0.911839,0.000000,0.19890350,2026-06-12,2026-08-06,15,125,105,56,0.267857,0.639360,0.769226,1.200331,,,,,,,,GLOBAL_BASELINE_NO_ENTITY_RANKING,,,NOT_APPLICABLE_GLOBAL_BASELINE,HF9g-P5,,,,X 全窗基线 · 不参与实体赏罚,6875494,688,A168_HF9F_20260827_0900,2026-08-27 09:00:00
2026-08-03,151367516,1150,0,10.1018264102,-10.1018264102,-10.1018264102,0E-7,1,1,0.49324550000000000,0.493245500000,-0.9865810262130424,-0.9865810262130424,-0.9865810262130424,0E-17,ELIGIBLE,R03b_20260811_FULL_v1,L1_ELIGIBILITY,v2026-08-11,2026-03-21..2026-08-06,baccarat_bet02_101_all_pairs_incl_sentinel,round_win = game_pnl > 0 (decisive only),COMPATIBILITY_ONLY_NOT_PRODUCTION,5332.9394,4862.7808,166.8308,455,338,-0.03128308,0.09599540,-0.10290811,-0.03128308,-166.8308,5332.9394,OK,0.0000,5.0049,3.0000,97.0000,AG03-UNRESOLVED,ALL5_LEVELS_bet23_to_bet27,5.0049,5.0049,5.0049,0.0000,0.0000,3.000000,3.000000,3.000000,0.000000,0.000000,97.000000,97.000000,97.000000,100.000000,100.000000,5.0,15.0148,14.5688,151.8160,152.2619,PENDING_AG03,FALSE,NOT_FOR_ENFORCEMENT,161.8258,4716.8974,166.8308,161.8258,5.0049,0.03128308,0.03034458,5.0049,161.8258,0.03034458,5.0049,5.0049,5.0049,0.0000,0.0000,161.8258,0.03034458,15.0148,14.5688,151.8160,152.2619,0.02846760,0.02855122,0.00093849,11.7207,14.3869,0.4936,11.1221,1.3346,355.5293,22.5333,9.0159,14.1015,4.1543,10.1018,14.54,20.7715,28.0415,61.7952,10.1018,-2.0771,2.77588,6.11723,1.16026,27,57,11,5,0.36009938,0.03128308,-0.09599540,0E-8,0.000000,0.911839,0.000000,0.19890350,2026-06-12,2026-08-06,15,125,105,56,0.267857,0.639360,0.769226,1.200331,,,,,,,,GLOBAL_BASELINE_NO_ENTITY_RANKING,,,NOT_APPLICABLE_GLOBAL_BASELINE,HF9g-P5,,,,X 全窗基线 · 不参与实体赏罚,6875495,688,A168_HF9F_20260827_0900,2026-08-27 09:00:00
2026-08-03,151367516,1942,0,58.5905931792,20.2036528204,20.2036528204,0.6666667,5,3,0.42548975000022474,0.369301400000,0.8448953579720856,1.0672089453545757,0.8448953579720856,0.05618835000022474,ELIGIBLE,R03b_20260811_FULL_v1,L1_ELIGIBILITY,v2026-08-11,2026-03-21..2026-08-06,baccarat_bet02_101_all_pairs_incl_sentinel,round_win = game_pnl > 0 (decisive only),COMPATIBILITY_ONLY_NOT_PRODUCTION,5332.9394,4862.7808,166.8308,455,338,-0.03128308,0.09599540,-0.10290811,-0.03128308,-166.8308,5332.9394,OK,0.0000,5.0049,3.0000,97.0000,AG03-UNRESOLVED,ALL5_LEVELS_bet23_to_bet27,5.0049,5.0049,5.0049,0.0000,0.0000,3.000000,3.000000,3.000000,0.000000,0.000000,97.000000,97.000000,97.000000,100.000000,100.000000,5.0,15.0148,14.5688,151.8160,152.2619,PENDING_AG03,FALSE,NOT_FOR_ENFORCEMENT,161.8258,4716.8974,166.8308,161.8258,5.0049,0.03128308,0.03034458,5.0049,161.8258,0.03034458,5.0049,5.0049,5.0049,0.0000,0.0000,161.8258,0.03034458,15.0148,14.5688,151.8160,152.2619,0.02846760,0.02855122,0.00093849,11.7207,14.3869,0.4936,11.1221,1.3346,355.5293,22.5333,9.0159,14.1015,4.1543,10.1018,14.54,20.7715,28.0415,61.7952,10.1018,-2.0771,2.77588,6.11723,1.16026,27,57,11,5,0.36009938,0.03128308,-0.09599540,0E-8,0.000000,0.911839,0.000000,0.19890350,2026-06-12,2026-08-06,15,125,105,56,0.267857,0.639360,0.769226,1.200331,,,,,,,,GLOBAL_BASELINE_NO_ENTITY_RANKING,,,NOT_APPLICABLE_GLOBAL_BASELINE,HF9g-P5,,,,X 全窗基线 · 不参与实体赏罚,6875496,688,A168_HF9F_20260827_0900,2026-08-27 09:00:00
2026-08-03,151367516,2093,0,20.2036528204,-20.2036528204,-20.2036528204,0E-7,2,1,0.29392415000000000,0.293924150000,-0.6451964315166089,-0.6451964315166089,-0.6451964315166089,0E-17,ELIGIBLE,R03b_20260811_FULL_v1,L1_ELIGIBILITY,v2026-08-11,2026-03-21..2026-08-06,baccarat_bet02_101_all_pairs_incl_sentinel,round_win = game_pnl > 0 (decisive only),COMPATIBILITY_ONLY_NOT_PRODUCTION,5332.9394,4862.7808,166.8308,455,338,-0.03128308,0.09599540,-0.10290811,-0.03128308,-166.8308,5332.9394,OK,0.0000,5.0049,3.0000,97.0000,AG03-UNRESOLVED,ALL5_LEVELS_bet23_to_bet27,5.0049,5.0049,5.0049,0.0000,0.0000,3.000000,3.000000,3.000000,0.000000,0.000000,97.000000,97.000000,97.000000,100.000000,100.000000,5.0,15.0148,14.5688,151.8160,152.2619,PENDING_AG03,FALSE,NOT_FOR_ENFORCEMENT,161.8258,4716.8974,166.8308,161.8258,5.0049,0.03128308,0.03034458,5.0049,161.8258,0.03034458,5.0049,5.0049,5.0049,0.0000,0.0000,161.8258,0.03034458,15.0148,14.5688,151.8160,152.2619,0.02846760,0.02855122,0.00093849,11.7207,14.3869,0.4936,11.1221,1.3346,355.5293,22.5333,9.0159,14.1015,4.1543,10.1018,14.54,20.7715,28.0415,61.7952,10.1018,-2.0771,2.77588,6.11723,1.16026,27,57,11,5,0.36009938,0.03128308,-0.09599540,0E-8,0.000000,0.911839,0.000000,0.19890350,2026-06-12,2026-08-06,15,125,105,56,0.267857,0.639360,0.769226,1.200331,,,,,,,,GLOBAL_BASELINE_NO_ENTITY_RANKING,,,NOT_APPLICABLE_GLOBAL_BASELINE,HF9g-P5,,,,X 全窗基线 · 不参与实体赏罚,6875497,688,A168_HF9F_20260827_0900,2026-08-27 09:00:00
2026-08-03,151367516,2210,0,40.4073056408,18.6883788589,18.6883788589,0.6666667,3,3,0.50665070000000000,0.506650700000,0.5543606114942035,0.5543606114942035,0.5543606114942035,0E-17,ELIGIBLE,R03b_20260811_FULL_v1,L1_ELIGIBILITY,v2026-08-11,2026-03-21..2026-08-06,baccarat_bet02_101_all_pairs_incl_sentinel,round_win = game_pnl > 0 (decisive only),COMPATIBILITY_ONLY_NOT_PRODUCTION,5332.9394,4862.7808,166.8308,455,338,-0.03128308,0.09599540,-0.10290811,-0.03128308,-166.8308,5332.9394,OK,0.0000,5.0049,3.0000,97.0000,AG03-UNRESOLVED,ALL5_LEVELS_bet23_to_bet27,5.0049,5.0049,5.0049,0.0000,0.0000,3.000000,3.000000,3.000000,0.000000,0.000000,97.000000,97.000000,97.000000,100.000000,100.000000,5.0,15.0148,14.5688,151.8160,152.2619,PENDING_AG03,FALSE,NOT_FOR_ENFORCEMENT,161.8258,4716.8974,166.8308,161.8258,5.0049,0.03128308,0.03034458,5.0049,161.8258,0.03034458,5.0049,5.0049,5.0049,0.0000,0.0000,161.8258,0.03034458,15.0148,14.5688,151.8160,152.2619,0.02846760,0.02855122,0.00093849,11.7207,14.3869,0.4936,11.1221,1.3346,355.5293,22.5333,9.0159,14.1015,4.1543,10.1018,14.54,20.7715,28.0415,61.7952,10.1018,-2.0771,2.77588,6.11723,1.16026,27,57,11,5,0.36009938,0.03128308,-0.09599540,0E-8,0.000000,0.911839,0.000000,0.19890350,2026-06-12,2026-08-06,15,125,105,56,0.267857,0.639360,0.769226,1.200331,,,,,,,,GLOBAL_BASELINE_NO_ENTITY_RANKING,,,NOT_APPLICABLE_GLOBAL_BASELINE,HF9g-P5,,,,X 全窗基线 · 不参与实体赏罚,6875498,688,A168_HF9F_20260827_0900,2026-08-27 09:00:00
2026-08-03,151367516,2288,0,22.2240181024,20.2036528205,20.2036528205,0.3333333,4,3,0.44724257999972807,0.433507650000,-0.39680829704673454,-0.35012377984260373,-0.39680829704673454,0.01373492999972807,ELIGIBLE,R03b_20260811_FULL_v1,L1_ELIGIBILITY,v2026-08-11,2026-03-21..2026-08-06,baccarat_bet02_101_all_pairs_incl_sentinel,round_win = game_pnl > 0 (decisive only),COMPATIBILITY_ONLY_NOT_PRODUCTION,5332.9394,4862.7808,166.8308,455,338,-0.03128308,0.09599540,-0.10290811,-0.03128308,-166.8308,5332.9394,OK,0.0000,5.0049,3.0000,97.0000,AG03-UNRESOLVED,ALL5_LEVELS_bet23_to_bet27,5.0049,5.0049,5.0049,0.0000,0.0000,3.000000,3.000000,3.000000,0.000000,0.000000,97.000000,97.000000,97.000000,100.000000,100.000000,5.0,15.0148,14.5688,151.8160,152.2619,PENDING_AG03,FALSE,NOT_FOR_ENFORCEMENT,161.8258,4716.8974,166.8308,161.8258,5.0049,0.03128308,0.03034458,5.0049,161.8258,0.03034458,5.0049,5.0049,5.0049,0.0000,0.0000,161.8258,0.03034458,15.0148,14.5688,151.8160,152.2619,0.02846760,0.02855122,0.00093849,11.7207,14.3869,0.4936,11.1221,1.3346,355.5293,22.5333,9.0159,14.1015,4.1543,10.1018,14.54,20.7715,28.0415,61.7952,10.1018,-2.0771,2.77588,6.11723,1.16026,27,57,11,5,0.36009938,0.03128308,-0.09599540,0E-8,0.000000,0.911839,0.000000,0.19890350,2026-06-12,2026-08-06,15,125,105,56,0.267857,0.639360,0.769226,1.200331,,,,,,,,GLOBAL_BASELINE_NO_ENTITY_RANKING,,,NOT_APPLICABLE_GLOBAL_BASELINE,HF9g-P5,,,,X 全窗基线 · 不参与实体赏罚,6875499,688,A168_HF9F_20260827_0900,2026-08-27 09:00:00
2026-08-03,151367516,994,0,56.5702278971,11.6171003718,11.6171003718,0.3333333,7,3,0.35872207592600175,0.273311988889,-0.09168528153796823,0.23327221201999862,-0.09168528153796823,0.08541008703700175,ELIGIBLE,R03b_20260811_FULL_v1,L1_ELIGIBILITY,v2026-08-11,2026-03-21..2026-08-06,baccarat_bet02_101_all_pairs_incl_sentinel,round_win = game_pnl > 0 (decisive only),COMPATIBILITY_ONLY_NOT_PRODUCTION,5332.9394,4862.7808,166.8308,455,338,-0.03128308,0.09599540,-0.10290811,-0.03128308,-166.8308,5332.9394,OK,0.0000,5.0049,3.0000,97.0000,AG03-UNRESOLVED,ALL5_LEVELS_bet23_to_bet27,5.0049,5.0049,5.0049,0.0000,0.0000,3.000000,3.000000,3.000000,0.000000,0.000000,97.000000,97.000000,97.000000,100.000000,100.000000,5.0,15.0148,14.5688,151.8160,152.2619,PENDING_AG03,FALSE,NOT_FOR_ENFORCEMENT,161.8258,4716.8974,166.8308,161.8258,5.0049,0.03128308,0.03034458,5.0049,161.8258,0.03034458,5.0049,5.0049,5.0049,0.0000,0.0000,161.8258,0.03034458,15.0148,14.5688,151.8160,152.2619,0.02846760,0.02855122,0.00093849,11.7207,14.3869,0.4936,11.1221,1.3346,355.5293,22.5333,9.0159,14.1015,4.1543,10.1018,14.54,20.7715,28.0415,61.7952,10.1018,-2.0771,2.77588,6.11723,1.16026,27,57,11,5,0.36009938,0.03128308,-0.09599540,0E-8,0.000000,0.911839,0.000000,0.19890350,2026-06-12,2026-08-06,15,125,105,56,0.267857,0.639360,0.769226,1.200331,,,,,,,,GLOBAL_BASELINE_NO_ENTITY_RANKING,,,NOT_APPLICABLE_GLOBAL_BASELINE,HF9g-P5,,,,X 全窗基线 · 不参与实体赏罚,6875500,688,A168_HF9F_20260827_0900,2026-08-27 09:00:00
2026-08-04,151367516,-1,1,242.4438338451,17.1731048973,17.1731048973,0.5625000,24,17,0.43378019500003749,0.417480332353,1.038910119995552,1.176287792710331,1.038910119995552,0.01629986264703749,SENTINEL_DEALER,R03b_20260811_FULL_v1,L1_ELIGIBILITY,v2026-08-11,2026-03-21..2026-08-06,baccarat_bet02_101_all_pairs_incl_sentinel,round_win = game_pnl > 0 (decisive only),COMPATIBILITY_ONLY_NOT_PRODUCTION,5332.9394,4862.7808,166.8308,455,338,-0.03128308,0.09599540,-0.10290811,-0.03128308,-166.8308,5332.9394,OK,0.0000,5.0049,3.0000,97.0000,AG03-UNRESOLVED,ALL5_LEVELS_bet23_to_bet27,5.0049,5.0049,5.0049,0.0000,0.0000,3.000000,3.000000,3.000000,0.000000,0.000000,97.000000,97.000000,97.000000,100.000000,100.000000,5.0,15.0148,14.5688,151.8160,152.2619,PENDING_AG03,FALSE,NOT_FOR_ENFORCEMENT,161.8258,4716.8974,166.8308,161.8258,5.0049,0.03128308,0.03034458,5.0049,161.8258,0.03034458,5.0049,5.0049,5.0049,0.0000,0.0000,161.8258,0.03034458,15.0148,14.5688,151.8160,152.2619,0.02846760,0.02855122,0.00093849,11.7207,14.3869,0.4936,11.1221,1.3346,355.5293,22.5333,9.0159,14.1015,4.1543,10.1018,14.54,20.7715,28.0415,61.7952,10.1018,-2.0771,2.77588,6.11723,1.16026,27,57,11,5,0.36009938,0.03128308,-0.09599540,0E-8,0.000000,0.911839,0.000000,0.19890350,2026-06-12,2026-08-06,15,125,105,56,0.267857,0.639360,0.769226,1.200331,,,,,,,,GLOBAL_BASELINE_NO_ENTITY_RANKING,,,NOT_APPLICABLE_GLOBAL_BASELINE,HF9g-P5,,,,X 全窗基线 · 不参与实体赏罚,6875501,688,A168_HF9F_20260827_0900,2026-08-27 09:00:00
2026-08-04,151367516,1330,0,24.2443833846,-8.4855341846,-8.4855341846,0E-7,3,1,0.36483300000000000,0.364833000000,-0.7578846202888514,-0.7578846202888514,-0.7578846202888514,0E-17,ELIGIBLE,R03b_20260811_FULL_v1,L1_ELIGIBILITY,v2026-08-11,2026-03-21..2026-08-06,baccarat_bet02_101_all_pairs_incl_sentinel,round_win = game_pnl > 0 (decisive only),COMPATIBILITY_ONLY_NOT_PRODUCTION,5332.9394,4862.7808,166.8308,455,338,-0.03128308,0.09599540,-0.10290811,-0.03128308,-166.8308,5332.9394,OK,0.0000,5.0049,3.0000,97.0000,AG03-UNRESOLVED,ALL5_LEVELS_bet23_to_bet27,5.0049,5.0049,5.0049,0.0000,0.0000,3.000000,3.000000,3.000000,0.000000,0.000000,97.000000,97.000000,97.000000,100.000000,100.000000,5.0,15.0148,14.5688,151.8160,152.2619,PENDING_AG03,FALSE,NOT_FOR_ENFORCEMENT,161.8258,4716.8974,166.8308,161.8258,5.0049,0.03128308,0.03034458,5.0049,161.8258,0.03034458,5.0049,5.0049,5.0049,0.0000,0.0000,161.8258,0.03034458,15.0148,14.5688,151.8160,152.2619,0.02846760,0.02855122,0.00093849,11.7207,14.3869,0.4936,11.1221,1.3346,355.5293,22.5333,9.0159,14.1015,4.1543,10.1018,14.54,20.7715,28.0415,61.7952,10.1018,-2.0771,2.77588,6.11723,1.16026,27,57,11,5,0.36009938,0.03128308,-0.09599540,0E-8,0.000000,0.911839,0.000000,0.19890350,2026-06-12,2026-08-06,15,125,105,56,0.267857,0.639360,0.769226,1.200331,,,,,,,,GLOBAL_BASELINE_NO_ENTITY_RANKING,,,NOT_APPLICABLE_GLOBAL_BASELINE,HF9g-P5,,,,X 全窗基线 · 不参与实体赏罚,6875502,688,A168_HF9F_20260827_0900,2026-08-27 09:00:00
2026-08-04,151367516,2123,0,8.0814611282,-0.2020365282,-0.2020365282,0E-7,2,1,0.30062675000000000,0.300626750000,-0.6556307317883069,-0.655630731788307,-0.6556307317883069,0E-17,ELIGIBLE,R03b_20260811_FULL_v1,L1_ELIGIBILITY,v2026-08-11,2026-03-21..2026-08-06,baccarat_bet02_101_all_pairs_incl_sentinel,round_win = game_pnl > 0 (decisive only),COMPATIBILITY_ONLY_NOT_PRODUCTION,5332.9394,4862.7808,166.8308,455,338,-0.03128308,0.09599540,-0.10290811,-0.03128308,-166.8308,5332.9394,OK,0.0000,5.0049,3.0000,97.0000,AG03-UNRESOLVED,ALL5_LEVELS_bet23_to_bet27,5.0049,5.0049,5.0049,0.0000,0.0000,3.000000,3.000000,3.000000,0.000000,0.000000,97.000000,97.000000,97.000000,100.000000,100.000000,5.0,15.0148,14.5688,151.8160,152.2619,PENDING_AG03,FALSE,NOT_FOR_ENFORCEMENT,161.8258,4716.8974,166.8308,161.8258,5.0049,0.03128308,0.03034458,5.0049,161.8258,0.03034458,5.0049,5.0049,5.0049,0.0000,0.0000,161.8258,0.03034458,15.0148,14.5688,151.8160,152.2619,0.02846760,0.02855122,0.00093849,11.7207,14.3869,0.4936,11.1221,1.3346,355.5293,22.5333,9.0159,14.1015,4.1543,10.1018,14.54,20.7715,28.0415,61.7952,10.1018,-2.0771,2.77588,6.11723,1.16026,27,57,11,5,0.36009938,0.03128308,-0.09599540,0E-8,0.000000,0.911839,0.000000,0.19890350,2026-06-12,2026-08-06,15,125,105,56,0.267857,0.639360,0.769226,1.200331,,,,,,,,GLOBAL_BASELINE_NO_ENTITY_RANKING,,,NOT_APPLICABLE_GLOBAL_BASELINE,HF9g-P5,,,,X 全窗基线 · 不参与实体赏罚,6875503,688,A168_HF9F_20260827_0900,2026-08-27 09:00:00
2026-08-04,151367516,2170,0,8.0814611282,7.6773880718,7.6773880718,1.0000000,1,1,0.50665070000000000,0.506650700000,0.9867858985152569,0.9867858985152569,0.9867858985152569,0E-17,ELIGIBLE,R03b_20260811_FULL_v1,L1_ELIGIBILITY,v2026-08-11,2026-03-21..2026-08-06,baccarat_bet02_101_all_pairs_incl_sentinel,round_win = game_pnl > 0 (decisive only),COMPATIBILITY_ONLY_NOT_PRODUCTION,5332.9394,4862.7808,166.8308,455,338,-0.03128308,0.09599540,-0.10290811,-0.03128308,-166.8308,5332.9394,OK,0.0000,5.0049,3.0000,97.0000,AG03-UNRESOLVED,ALL5_LEVELS_bet23_to_bet27,5.0049,5.0049,5.0049,0.0000,0.0000,3.000000,3.000000,3.000000,0.000000,0.000000,97.000000,97.000000,97.000000,100.000000,100.000000,5.0,15.0148,14.5688,151.8160,152.2619,PENDING_AG03,FALSE,NOT_FOR_ENFORCEMENT,161.8258,4716.8974,166.8308,161.8258,5.0049,0.03128308,0.03034458,5.0049,161.8258,0.03034458,5.0049,5.0049,5.0049,0.0000,0.0000,161.8258,0.03034458,15.0148,14.5688,151.8160,152.2619,0.02846760,0.02855122,0.00093849,11.7207,14.3869,0.4936,11.1221,1.3346,355.5293,22.5333,9.0159,14.1015,4.1543,10.1018,14.54,20.7715,28.0415,61.7952,10.1018,-2.0771,2.77588,6.11723,1.16026,27,57,11,5,0.36009938,0.03128308,-0.09599540,0E-8,0.000000,0.911839,0.000000,0.19890350,2026-06-12,2026-08-06,15,125,105,56,0.267857,0.639360,0.769226,1.200331,,,,,,,,GLOBAL_BASELINE_NO_ENTITY_RANKING,,,NOT_APPLICABLE_GLOBAL_BASELINE,HF9g-P5,,,,X 全窗基线 · 不参与实体赏罚,6875504,688,A168_HF9F_20260827_0900,2026-08-27 09:00:00
2026-08-04,151367516,2224,0,20.2036528204,-20.2036528204,-20.2036528204,0E-7,1,1,0.50665070000000000,0.506650700000,-1.013391052207602,-1.013391052207602,-1.013391052207602,0E-17,ELIGIBLE,R03b_20260811_FULL_v1,L1_ELIGIBILITY,v2026-08-11,2026-03-21..2026-08-06,baccarat_bet02_101_all_pairs_incl_sentinel,round_win = game_pnl > 0 (decisive only),COMPATIBILITY_ONLY_NOT_PRODUCTION,5332.9394,4862.7808,166.8308,455,338,-0.03128308,0.09599540,-0.10290811,-0.03128308,-166.8308,5332.9394,OK,0.0000,5.0049,3.0000,97.0000,AG03-UNRESOLVED,ALL5_LEVELS_bet23_to_bet27,5.0049,5.0049,5.0049,0.0000,0.0000,3.000000,3.000000,3.000000,0.000000,0.000000,97.000000,97.000000,97.000000,100.000000,100.000000,5.0,15.0148,14.5688,151.8160,152.2619,PENDING_AG03,FALSE,NOT_FOR_ENFORCEMENT,161.8258,4716.8974,166.8308,161.8258,5.0049,0.03128308,0.03034458,5.0049,161.8258,0.03034458,5.0049,5.0049,5.0049,0.0000,0.0000,161.8258,0.03034458,15.0148,14.5688,151.8160,152.2619,0.02846760,0.02855122,0.00093849,11.7207,14.3869,0.4936,11.1221,1.3346,355.5293,22.5333,9.0159,14.1015,4.1543,10.1018,14.54,20.7715,28.0415,61.7952,10.1018,-2.0771,2.77588,6.11723,1.16026,27,57,11,5,0.36009938,0.03128308,-0.09599540,0E-8,0.000000,0.911839,0.000000,0.19890350,2026-06-12,2026-08-06,15,125,105,56,0.267857,0.639360,0.769226,1.200331,,,,,,,,GLOBAL_BASELINE_NO_ENTITY_RANKING,,,NOT_APPLICABLE_GLOBAL_BASELINE,HF9g-P5,,,,X 全窗基线 · 不参与实体赏罚,6875505,688,A168_HF9F_20260827_0900,2026-08-27 09:00:00
2026-08-04,151367516,2248,0,4.0407305641,-4.0407305641,-4.0407305641,0E-7,1,1,0.50665070000000000,0.506650700000,-1.013391052207602,-1.013391052207602,-1.013391052207602,0E-17,ELIGIBLE,R03b_20260811_FULL_v1,L1_ELIGIBILITY,v2026-08-11,2026-03-21..2026-08-06,baccarat_bet02_101_all_pairs_incl_sentinel,round_win = game_pnl > 0 (decisive only),COMPATIBILITY_ONLY_NOT_PRODUCTION,5332.9394,4862.7808,166.8308,455,338,-0.03128308,0.09599540,-0.10290811,-0.03128308,-166.8308,5332.9394,OK,0.0000,5.0049,3.0000,97.0000,AG03-UNRESOLVED,ALL5_LEVELS_bet23_to_bet27,5.0049,5.0049,5.0049,0.0000,0.0000,3.000000,3.000000,3.000000,0.000000,0.000000,97.000000,97.000000,97.000000,100.000000,100.000000,5.0,15.0148,14.5688,151.8160,152.2619,PENDING_AG03,FALSE,NOT_FOR_ENFORCEMENT,161.8258,4716.8974,166.8308,161.8258,5.0049,0.03128308,0.03034458,5.0049,161.8258,0.03034458,5.0049,5.0049,5.0049,0.0000,0.0000,161.8258,0.03034458,15.0148,14.5688,151.8160,152.2619,0.02846760,0.02855122,0.00093849,11.7207,14.3869,0.4936,11.1221,1.3346,355.5293,22.5333,9.0159,14.1015,4.1543,10.1018,14.54,20.7715,28.0415,61.7952,10.1018,-2.0771,2.77588,6.11723,1.16026,27,57,11,5,0.36009938,0.03128308,-0.09599540,0E-8,0.000000,0.911839,0.000000,0.19890350,2026-06-12,2026-08-06,15,125,105,56,0.267857,0.639360,0.769226,1.200331,,,,,,,,GLOBAL_BASELINE_NO_ENTITY_RANKING,,,NOT_APPLICABLE_GLOBAL_BASELINE,HF9g-P5,,,,X 全窗基线 · 不参与实体赏罚,6875506,688,A168_HF9F_20260827_0900,2026-08-27 09:00:00
2026-08-04,151367516,2252,0,54.5498626151,43.5388718281,43.5388718281,1.0000000,6,4,0.44741881437497770,0.403638725000,1.9248706609273911,2.105323953999267,1.9248706609273911,0.04378008937497770,ELIGIBLE,R03b_20260811_FULL_v1,L1_ELIGIBILITY,v2026-08-11,2026-03-21..2026-08-06,baccarat_bet02_101_all_pairs_incl_sentinel,round_win = game_pnl > 0 (decisive only),COMPATIBILITY_ONLY_NOT_PRODUCTION,5332.9394,4862.7808,166.8308,455,338,-0.03128308,0.09599540,-0.10290811,-0.03128308,-166.8308,5332.9394,OK,0.0000,5.0049,3.0000,97.0000,AG03-UNRESOLVED,ALL5_LEVELS_bet23_to_bet27,5.0049,5.0049,5.0049,0.0000,0.0000,3.000000,3.000000,3.000000,0.000000,0.000000,97.000000,97.000000,97.000000,100.000000,100.000000,5.0,15.0148,14.5688,151.8160,152.2619,PENDING_AG03,FALSE,NOT_FOR_ENFORCEMENT,161.8258,4716.8974,166.8308,161.8258,5.0049,0.03128308,0.03034458,5.0049,161.8258,0.03034458,5.0049,5.0049,5.0049,0.0000,0.0000,161.8258,0.03034458,15.0148,14.5688,151.8160,152.2619,0.02846760,0.02855122,0.00093849,11.7207,14.3869,0.4936,11.1221,1.3346,355.5293,22.5333,9.0159,14.1015,4.1543,10.1018,14.54,20.7715,28.0415,61.7952,10.1018,-2.0771,2.77588,6.11723,1.16026,27,57,11,5,0.36009938,0.03128308,-0.09599540,0E-8,0.000000,0.911839,0.000000,0.19890350,2026-06-12,2026-08-06,15,125,105,56,0.267857,0.639360,0.769226,1.200331,,,,,,,,GLOBAL_BASELINE_NO_ENTITY_RANKING,,,NOT_APPLICABLE_GLOBAL_BASELINE,HF9g-P5,,,,X 全窗基线 · 不参与实体赏罚,6875507,688,A168_HF9F_20260827_0900,2026-08-27 09:00:00
2026-08-04,151367516,2278,0,54.5498626152,-11.2130273154,-11.2130273154,0.6666667,6,3,0.33877933333324941,0.300626750000,1.1999236217658342,1.3826770541014297,1.1999236217658342,0.03815258333324941,ELIGIBLE,R03b_20260811_FULL_v1,L1_ELIGIBILITY,v2026-08-11,2026-03-21..2026-08-06,baccarat_bet02_101_all_pairs_incl_sentinel,round_win = game_pnl > 0 (decisive only),COMPATIBILITY_ONLY_NOT_PRODUCTION,5332.9394,4862.7808,166.8308,455,338,-0.03128308,0.09599540,-0.10290811,-0.03128308,-166.8308,5332.9394,OK,0.0000,5.0049,3.0000,97.0000,AG03-UNRESOLVED,ALL5_LEVELS_bet23_to_bet27,5.0049,5.0049,5.0049,0.0000,0.0000,3.000000,3.000000,3.000000,0.000000,0.000000,97.000000,97.000000,97.000000,100.000000,100.000000,5.0,15.0148,14.5688,151.8160,152.2619,PENDING_AG03,FALSE,NOT_FOR_ENFORCEMENT,161.8258,4716.8974,166.8308,161.8258,5.0049,0.03128308,0.03034458,5.0049,161.8258,0.03034458,5.0049,5.0049,5.0049,0.0000,0.0000,161.8258,0.03034458,15.0148,14.5688,151.8160,152.2619,0.02846760,0.02855122,0.00093849,11.7207,14.3869,0.4936,11.1221,1.3346,355.5293,22.5333,9.0159,14.1015,4.1543,10.1018,14.54,20.7715,28.0415,61.7952,10.1018,-2.0771,2.77588,6.11723,1.16026,27,57,11,5,0.36009938,0.03128308,-0.09599540,0E-8,0.000000,0.911839,0.000000,0.19890350,2026-06-12,2026-08-06,15,125,105,56,0.267857,0.639360,0.769226,1.200331,,,,,,,,GLOBAL_BASELINE_NO_ENTITY_RANKING,,,NOT_APPLICABLE_GLOBAL_BASELINE,HF9g-P5,,,,X 全窗基线 · 不参与实体赏罚,6875508,688,A168_HF9F_20260827_0900,2026-08-27 09:00:00
2026-08-05,151367516,2162,0,4.8488766769,4.6064328431,4.6064328431,1.0000000,1,1,0.50665070000000000,0.506650700000,0.9867858985152569,0.9867858985152569,0.9867858985152569,0E-17,ELIGIBLE,R03b_20260811_FULL_v1,L1_ELIGIBILITY,v2026-08-11,2026-03-21..2026-08-06,baccarat_bet02_101_all_pairs_incl_sentinel,round_win = game_pnl > 0 (decisive only),COMPATIBILITY_ONLY_NOT_PRODUCTION,5332.9394,4862.7808,166.8308,455,338,-0.03128308,0.09599540,-0.10290811,-0.03128308,-166.8308,5332.9394,OK,0.0000,5.0049,3.0000,97.0000,AG03-UNRESOLVED,ALL5_LEVELS_bet23_to_bet27,5.0049,5.0049,5.0049,0.0000,0.0000,3.000000,3.000000,3.000000,0.000000,0.000000,97.000000,97.000000,97.000000,100.000000,100.000000,5.0,15.0148,14.5688,151.8160,152.2619,PENDING_AG03,FALSE,NOT_FOR_ENFORCEMENT,161.8258,4716.8974,166.8308,161.8258,5.0049,0.03128308,0.03034458,5.0049,161.8258,0.03034458,5.0049,5.0049,5.0049,0.0000,0.0000,161.8258,0.03034458,15.0148,14.5688,151.8160,152.2619,0.02846760,0.02855122,0.00093849,11.7207,14.3869,0.4936,11.1221,1.3346,355.5293,22.5333,9.0159,14.1015,4.1543,10.1018,14.54,20.7715,28.0415,61.7952,10.1018,-2.0771,2.77588,6.11723,1.16026,27,57,11,5,0.36009938,0.03128308,-0.09599540,0E-8,0.000000,0.911839,0.000000,0.19890350,2026-06-12,2026-08-06,15,125,105,56,0.267857,0.639360,0.769226,1.200331,,,,,,,,GLOBAL_BASELINE_NO_ENTITY_RANKING,,,NOT_APPLICABLE_GLOBAL_BASELINE,HF9g-P5,,,,X 全窗基线 · 不参与实体赏罚,6875509,688,A168_HF9F_20260827_0900,2026-08-27 09:00:00
2026-08-05,151367516,2201,0,8.0814611282,-8.0814611282,-8.0814611282,0E-7,2,2,0.49324550000000000,0.493245500000,-1.3952362676504506,-1.3952362676504506,-1.3952362676504506,0E-17,ELIGIBLE,R03b_20260811_FULL_v1,L1_ELIGIBILITY,v2026-08-11,2026-03-21..2026-08-06,baccarat_bet02_101_all_pairs_incl_sentinel,round_win = game_pnl > 0 (decisive only),COMPATIBILITY_ONLY_NOT_PRODUCTION,5332.9394,4862.7808,166.8308,455,338,-0.03128308,0.09599540,-0.10290811,-0.03128308,-166.8308,5332.9394,OK,0.0000,5.0049,3.0000,97.0000,AG03-UNRESOLVED,ALL5_LEVELS_bet23_to_bet27,5.0049,5.0049,5.0049,0.0000,0.0000,3.000000,3.000000,3.000000,0.000000,0.000000,97.000000,97.000000,97.000000,100.000000,100.000000,5.0,15.0148,14.5688,151.8160,152.2619,PENDING_AG03,FALSE,NOT_FOR_ENFORCEMENT,161.8258,4716.8974,166.8308,161.8258,5.0049,0.03128308,0.03034458,5.0049,161.8258,0.03034458,5.0049,5.0049,5.0049,0.0000,0.0000,161.8258,0.03034458,15.0148,14.5688,151.8160,152.2619,0.02846760,0.02855122,0.00093849,11.7207,14.3869,0.4936,11.1221,1.3346,355.5293,22.5333,9.0159,14.1015,4.1543,10.1018,14.54,20.7715,28.0415,61.7952,10.1018,-2.0771,2.77588,6.11723,1.16026,27,57,11,5,0.36009938,0.03128308,-0.09599540,0E-8,0.000000,0.911839,0.000000,0.19890350,2026-06-12,2026-08-06,15,125,105,56,0.267857,0.639360,0.769226,1.200331,,,,,,,,GLOBAL_BASELINE_NO_ENTITY_RANKING,,,NOT_APPLICABLE_GLOBAL_BASELINE,HF9g-P5,,,,X 全窗基线 · 不参与实体赏罚,6875510,688,A168_HF9F_20260827_0900,2026-08-27 09:00:00
2026-08-05,151367516,2242,0,29.4973331178,29.4973331178,29.4973331178,1.0000000,4,4,0.49324550000000000,0.493245500000,2.0272029836991,2.0272029836991,2.0272029836991,0E-17,ELIGIBLE,R03b_20260811_FULL_v1,L1_ELIGIBILITY,v2026-08-11,2026-03-21..2026-08-06,baccarat_bet02_101_all_pairs_incl_sentinel,round_win = game_pnl > 0 (decisive only),COMPATIBILITY_ONLY_NOT_PRODUCTION,5332.9394,4862.7808,166.8308,455,338,-0.03128308,0.09599540,-0.10290811,-0.03128308,-166.8308,5332.9394,OK,0.0000,5.0049,3.0000,97.0000,AG03-UNRESOLVED,ALL5_LEVELS_bet23_to_bet27,5.0049,5.0049,5.0049,0.0000,0.0000,3.000000,3.000000,3.000000,0.000000,0.000000,97.000000,97.000000,97.000000,100.000000,100.000000,5.0,15.0148,14.5688,151.8160,152.2619,PENDING_AG03,FALSE,NOT_FOR_ENFORCEMENT,161.8258,4716.8974,166.8308,161.8258,5.0049,0.03128308,0.03034458,5.0049,161.8258,0.03034458,5.0049,5.0049,5.0049,0.0000,0.0000,161.8258,0.03034458,15.0148,14.5688,151.8160,152.2619,0.02846760,0.02855122,0.00093849,11.7207,14.3869,0.4936,11.1221,1.3346,355.5293,22.5333,9.0159,14.1015,4.1543,10.1018,14.54,20.7715,28.0415,61.7952,10.1018,-2.0771,2.77588,6.11723,1.16026,27,57,11,5,0.36009938,0.03128308,-0.09599540,0E-8,0.000000,0.911839,0.000000,0.19890350,2026-06-12,2026-08-06,15,125,105,56,0.267857,0.639360,0.769226,1.200331,,,,,,,,GLOBAL_BASELINE_NO_ENTITY_RANKING,,,NOT_APPLICABLE_GLOBAL_BASELINE,HF9g-P5,,,,X 全窗基线 · 不参与实体赏罚,6875511,688,A168_HF9F_20260827_0900,2026-08-27 09:00:00
2026-08-06,151367516,-1,1,75.9657346048,4.2831743979,4.2831743979,0.6666667,9,7,0.46417670765335245,0.445871685714,0.9945500681475259,1.0880646583162383,0.9945500681475259,0.01830502193935245,SENTINEL_DEALER,R03b_20260811_FULL_v1,L1_ELIGIBILITY,v2026-08-11,2026-03-21..2026-08-06,baccarat_bet02_101_all_pairs_incl_sentinel,round_win = game_pnl > 0 (decisive only),COMPATIBILITY_ONLY_NOT_PRODUCTION,5332.9394,4862.7808,166.8308,455,338,-0.03128308,0.09599540,-0.10290811,-0.03128308,-166.8308,5332.9394,OK,0.0000,5.0049,3.0000,97.0000,AG03-UNRESOLVED,ALL5_LEVELS_bet23_to_bet27,5.0049,5.0049,5.0049,0.0000,0.0000,3.000000,3.000000,3.000000,0.000000,0.000000,97.000000,97.000000,97.000000,100.000000,100.000000,5.0,15.0148,14.5688,151.8160,152.2619,PENDING_AG03,FALSE,NOT_FOR_ENFORCEMENT,161.8258,4716.8974,166.8308,161.8258,5.0049,0.03128308,0.03034458,5.0049,161.8258,0.03034458,5.0049,5.0049,5.0049,0.0000,0.0000,161.8258,0.03034458,15.0148,14.5688,151.8160,152.2619,0.02846760,0.02855122,0.00093849,11.7207,14.3869,0.4936,11.1221,1.3346,355.5293,22.5333,9.0159,14.1015,4.1543,10.1018,14.54,20.7715,28.0415,61.7952,10.1018,-2.0771,2.77588,6.11723,1.16026,27,57,11,5,0.36009938,0.03128308,-0.09599540,0E-8,0.000000,0.911839,0.000000,0.19890350,2026-06-12,2026-08-06,15,125,105,56,0.267857,0.639360,0.769226,1.200331,,,,,,,,GLOBAL_BASELINE_NO_ENTITY_RANKING,,,NOT_APPLICABLE_GLOBAL_BASELINE,HF9g-P5,,,,X 全窗基线 · 不参与实体赏罚,6875512,688,A168_HF9F_20260827_0900,2026-08-27 09:00:00
2026-08-06,151367516,1942,0,44.4480362049,11.8494423792,11.8494423792,0.8000000,5,5,0.49592654000000000,0.495926540000,1.359902984124143,1.359902984124143,1.359902984124143,0E-17,ELIGIBLE,R03b_20260811_FULL_v1,L1_ELIGIBILITY,v2026-08-11,2026-03-21..2026-08-06,baccarat_bet02_101_all_pairs_incl_sentinel,round_win = game_pnl > 0 (decisive only),COMPATIBILITY_ONLY_NOT_PRODUCTION,5332.9394,4862.7808,166.8308,455,338,-0.03128308,0.09599540,-0.10290811,-0.03128308,-166.8308,5332.9394,OK,0.0000,5.0049,3.0000,97.0000,AG03-UNRESOLVED,ALL5_LEVELS_bet23_to_bet27,5.0049,5.0049,5.0049,0.0000,0.0000,3.000000,3.000000,3.000000,0.000000,0.000000,97.000000,97.000000,97.000000,100.000000,100.000000,5.0,15.0148,14.5688,151.8160,152.2619,PENDING_AG03,FALSE,NOT_FOR_ENFORCEMENT,161.8258,4716.8974,166.8308,161.8258,5.0049,0.03128308,0.03034458,5.0049,161.8258,0.03034458,5.0049,5.0049,5.0049,0.0000,0.0000,161.8258,0.03034458,15.0148,14.5688,151.8160,152.2619,0.02846760,0.02855122,0.00093849,11.7207,14.3869,0.4936,11.1221,1.3346,355.5293,22.5333,9.0159,14.1015,4.1543,10.1018,14.54,20.7715,28.0415,61.7952,10.1018,-2.0771,2.77588,6.11723,1.16026,27,57,11,5,0.36009938,0.03128308,-0.09599540,0E-8,0.000000,0.911839,0.000000,0.19890350,2026-06-12,2026-08-06,15,125,105,56,0.267857,0.639360,0.769226,1.200331,,,,,,,,GLOBAL_BASELINE_NO_ENTITY_RANKING,,,NOT_APPLICABLE_GLOBAL_BASELINE,HF9g-P5,,,,X 全窗基线 · 不参与实体赏罚,6875513,688,A168_HF9F_20260827_0900,2026-08-27 09:00:00
2026-08-06,151367516,2121,0,14.1425569743,-14.1425569743,-14.1425569743,0E-7,1,1,0.50665070000000000,0.506650700000,-1.013391052207602,-1.013391052207602,-1.013391052207602,0E-17,ELIGIBLE,R03b_20260811_FULL_v1,L1_ELIGIBILITY,v2026-08-11,2026-03-21..2026-08-06,baccarat_bet02_101_all_pairs_incl_sentinel,round_win = game_pnl > 0 (decisive only),COMPATIBILITY_ONLY_NOT_PRODUCTION,5332.9394,4862.7808,166.8308,455,338,-0.03128308,0.09599540,-0.10290811,-0.03128308,-166.8308,5332.9394,OK,0.0000,5.0049,3.0000,97.0000,AG03-UNRESOLVED,ALL5_LEVELS_bet23_to_bet27,5.0049,5.0049,5.0049,0.0000,0.0000,3.000000,3.000000,3.000000,0.000000,0.000000,97.000000,97.000000,97.000000,100.000000,100.000000,5.0,15.0148,14.5688,151.8160,152.2619,PENDING_AG03,FALSE,NOT_FOR_ENFORCEMENT,161.8258,4716.8974,166.8308,161.8258,5.0049,0.03128308,0.03034458,5.0049,161.8258,0.03034458,5.0049,5.0049,5.0049,0.0000,0.0000,161.8258,0.03034458,15.0148,14.5688,151.8160,152.2619,0.02846760,0.02855122,0.00093849,11.7207,14.3869,0.4936,11.1221,1.3346,355.5293,22.5333,9.0159,14.1015,4.1543,10.1018,14.54,20.7715,28.0415,61.7952,10.1018,-2.0771,2.77588,6.11723,1.16026,27,57,11,5,0.36009938,0.03128308,-0.09599540,0E-8,0.000000,0.911839,0.000000,0.19890350,2026-06-12,2026-08-06,15,125,105,56,0.267857,0.639360,0.769226,1.200331,,,,,,,,GLOBAL_BASELINE_NO_ENTITY_RANKING,,,NOT_APPLICABLE_GLOBAL_BASELINE,HF9g-P5,,,,X 全窗基线 · 不参与实体赏罚,6875514,688,A168_HF9F_20260827_0900,2026-08-27 09:00:00
2026-08-06,151367516,2134,0,20.2036528205,-12.1221916923,-12.1221916923,0E-7,2,2,0.49324550000000000,0.493245500000,-0.9865810262130424,-0.9865810262130424,-0.9865810262130424,0E-17,ELIGIBLE,R03b_20260811_FULL_v1,L1_ELIGIBILITY,v2026-08-11,2026-03-21..2026-08-06,baccarat_bet02_101_all_pairs_incl_sentinel,round_win = game_pnl > 0 (decisive only),COMPATIBILITY_ONLY_NOT_PRODUCTION,5332.9394,4862.7808,166.8308,455,338,-0.03128308,0.09599540,-0.10290811,-0.03128308,-166.8308,5332.9394,OK,0.0000,5.0049,3.0000,97.0000,AG03-UNRESOLVED,ALL5_LEVELS_bet23_to_bet27,5.0049,5.0049,5.0049,0.0000,0.0000,3.000000,3.000000,3.000000,0.000000,0.000000,97.000000,97.000000,97.000000,100.000000,100.000000,5.0,15.0148,14.5688,151.8160,152.2619,PENDING_AG03,FALSE,NOT_FOR_ENFORCEMENT,161.8258,4716.8974,166.8308,161.8258,5.0049,0.03128308,0.03034458,5.0049,161.8258,0.03034458,5.0049,5.0049,5.0049,0.0000,0.0000,161.8258,0.03034458,15.0148,14.5688,151.8160,152.2619,0.02846760,0.02855122,0.00093849,11.7207,14.3869,0.4936,11.1221,1.3346,355.5293,22.5333,9.0159,14.1015,4.1543,10.1018,14.54,20.7715,28.0415,61.7952,10.1018,-2.0771,2.77588,6.11723,1.16026,27,57,11,5,0.36009938,0.03128308,-0.09599540,0E-8,0.000000,0.911839,0.000000,0.19890350,2026-06-12,2026-08-06,15,125,105,56,0.267857,0.639360,0.769226,1.200331,,,,,,,,GLOBAL_BASELINE_NO_ENTITY_RANKING,,,NOT_APPLICABLE_GLOBAL_BASELINE,HF9g-P5,,,,X 全窗基线 · 不参与实体赏罚,6875515,688,A168_HF9F_20260827_0900,2026-08-27 09:00:00
2026-04-10,127175850,1323,0,130.8797738398,130.8797738398,130.8797738398,1.0000000,1,1,0.49324550000000000,0.493245500000,1.01360149184955,1.01360149184955,1.01360149184955,0E-17,ELIGIBLE,R03b_20260811_FULL_v1,L1_ELIGIBILITY,v2026-08-11,2026-03-21..2026-08-06,baccarat_bet02_101_all_pairs_incl_sentinel,round_win = game_pnl > 0 (decisive only),COMPATIBILITY_ONLY_NOT_PRODUCTION,430.3327,430.3327,168.5731,2,2,-0.39172749,,-0.39172749,-0.39172749,-168.5731,430.3327,THIN_EXPOSURE,0.0000,6.7429,4.0000,96.0000,AG03-UNRESOLVED,ALL5_LEVELS_bet23_to_bet27,6.7429,6.7429,6.7429,8.4287,8.4287,4.000000,4.000000,4.000000,5.000000,5.000000,96.000000,96.000000,96.000000,95.000000,95.000000,5.0,37.0861,33.9718,131.4871,134.6013,PENDING_AG03,FALSE,NOT_FOR_ENFORCEMENT,161.8302,413.1194,168.5731,161.8302,6.7429,0.39172749,0.37605839,6.7429,161.8302,0.37605839,6.7429,6.7429,6.7429,8.4287,8.4287,161.8302,0.37605839,37.0861,33.9718,131.4871,134.6013,0.30554745,0.31278431,0.01566910,215.1663,215.1663,84.2866,168.5731,84.2866,430.3327,2.0000,,215.1663,130.8798,215.1664,299.4529,299.4529,299.4529,299.4529,215.1664,-84.2866,1.391727,1.391727,1.0,2,2,1,1,0E-8,0.39172749,,0E-8,0.000000,1.000000,0.000000,,2026-04-10,2026-04-10,1,2,2,1,1.000000,,,0.000000,,,,,,,,GLOBAL_BASELINE_NO_ENTITY_RANKING,,,NOT_APPLICABLE_GLOBAL_BASELINE,HF9g-P5,,,,X 全窗基线 · 不参与实体赏罚,6875516,688,A168_HF9F_20260827_0900,2026-08-27 09:00:00
2026-04-10,127175850,1374,0,299.4529225453,-299.4529225453,-299.4529225453,0E-7,1,1,0.49324550000000000,0.493245500000,-0.9865810262130424,-0.9865810262130424,-0.9865810262130424,0E-17,ELIGIBLE,R03b_20260811_FULL_v1,L1_ELIGIBILITY,v2026-08-11,2026-03-21..2026-08-06,baccarat_bet02_101_all_pairs_incl_sentinel,round_win = game_pnl > 0 (decisive only),COMPATIBILITY_ONLY_NOT_PRODUCTION,430.3327,430.3327,168.5731,2,2,-0.39172749,,-0.39172749,-0.39172749,-168.5731,430.3327,THIN_EXPOSURE,0.0000,6.7429,4.0000,96.0000,AG03-UNRESOLVED,ALL5_LEVELS_bet23_to_bet27,6.7429,6.7429,6.7429,8.4287,8.4287,4.000000,4.000000,4.000000,5.000000,5.000000,96.000000,96.000000,96.000000,95.000000,95.000000,5.0,37.0861,33.9718,131.4871,134.6013,PENDING_AG03,FALSE,NOT_FOR_ENFORCEMENT,161.8302,413.1194,168.5731,161.8302,6.7429,0.39172749,0.37605839,6.7429,161.8302,0.37605839,6.7429,6.7429,6.7429,8.4287,8.4287,161.8302,0.37605839,37.0861,33.9718,131.4871,134.6013,0.30554745,0.31278431,0.01566910,215.1663,215.1663,84.2866,168.5731,84.2866,430.3327,2.0000,,215.1663,130.8798,215.1664,299.4529,299.4529,299.4529,299.4529,215.1664,-84.2866,1.391727,1.391727,1.0,2,2,1,1,0E-8,0.39172749,,0E-8,0.000000,1.000000,0.000000,,2026-04-10,2026-04-10,1,2,2,1,1.000000,,,0.000000,,,,,,,,GLOBAL_BASELINE_NO_ENTITY_RANKING,,,NOT_APPLICABLE_GLOBAL_BASELINE,HF9g-P5,,,,X 全窗基线 · 不参与实体赏罚,6875517,688,A168_HF9F_20260827_0900,2026-08-27 09:00:00
2026-04-24,124549781,1318,0,52.3519095359,-52.3519095359,-52.3519095359,0E-7,1,1,0.49324550000000000,0.493245500000,-0.9865810262130424,-0.9865810262130424,-0.9865810262130424,0E-17,ELIGIBLE,R03b_20260811_FULL_v1,L1_ELIGIBILITY,v2026-08-11,2026-03-21..2026-08-06,baccarat_bet02_101_all_pairs_incl_sentinel,round_win = game_pnl > 0 (decisive only),COMPATIBILITY_ONLY_NOT_PRODUCTION,168.5731,168.5731,168.5731,4,3,-1.00000000,,-1.00000000,-1.00000000,-168.5731,168.5731,THIN_EXPOSURE,0.0000,6.7429,4.0000,96.0000,AG03-UNRESOLVED,ALL5_LEVELS_bet23_to_bet27,6.7429,6.7429,6.7429,8.4287,8.4287,4.000000,4.000000,4.000000,5.000000,5.000000,96.000000,96.000000,96.000000,95.000000,95.000000,5.0,37.0861,33.9718,131.4871,134.6013,PENDING_AG03,FALSE,NOT_FOR_ENFORCEMENT,161.8302,161.8302,168.5731,161.8302,6.7429,1.00000000,0.96000000,6.7429,161.8302,0.96000000,6.7429,6.7429,6.7429,8.4287,8.4287,161.8302,0.96000000,37.0861,33.9718,131.4871,134.6013,0.78000000,0.79847424,0.04000000,42.1433,56.1910,56.1910,168.5731,84.2866,168.5731,3.0000,,42.1433,10.4704,32.7199,73.8162,95.2805,95.2805,95.2805,32.7199,-32.7199,2.912,2.912,1.288,2,3,1,3,0E-8,1.00000000,,0E-8,0.000000,1.000000,0.000000,,2026-04-24,2026-04-24,1,2,2,1,1.000000,,,0.000000,,,,,,,,GLOBAL_BASELINE_NO_ENTITY_RANKING,,,NOT_APPLICABLE_GLOBAL_BASELINE,HF9g-P5,,,,X 全窗基线 · 不参与实体赏罚,6875518,688,A168_HF9F_20260827_0900,2026-08-27 09:00:00
2026-04-24,124549781,1505,0,13.0879773840,-13.0879773840,-13.0879773840,0E-7,1,1,0.50665070000000000,0.506650700000,-1.013391052207602,-1.013391052207602,-1.013391052207602,0E-17,ELIGIBLE,R03b_20260811_FULL_v1,L1_ELIGIBILITY,v2026-08-11,2026-03-21..2026-08-06,baccarat_bet02_101_all_pairs_incl_sentinel,round_win = game_pnl > 0 (decisive only),COMPATIBILITY_ONLY_NOT_PRODUCTION,168.5731,168.5731,168.5731,4,3,-1.00000000,,-1.00000000,-1.00000000,-168.5731,168.5731,THIN_EXPOSURE,0.0000,6.7429,4.0000,96.0000,AG03-UNRESOLVED,ALL5_LEVELS_bet23_to_bet27,6.7429,6.7429,6.7429,8.4287,8.4287,4.000000,4.000000,4.000000,5.000000,5.000000,96.000000,96.000000,96.000000,95.000000,95.000000,5.0,37.0861,33.9718,131.4871,134.6013,PENDING_AG03,FALSE,NOT_FOR_ENFORCEMENT,161.8302,161.8302,168.5731,161.8302,6.7429,1.00000000,0.96000000,6.7429,161.8302,0.96000000,6.7429,6.7429,6.7429,8.4287,8.4287,161.8302,0.96000000,37.0861,33.9718,131.4871,134.6013,0.78000000,0.79847424,0.04000000,42.1433,56.1910,56.1910,168.5731,84.2866,168.5731,3.0000,,42.1433,10.4704,32.7199,73.8162,95.2805,95.2805,95.2805,32.7199,-32.7199,2.912,2.912,1.288,2,3,1,3,0E-8,1.00000000,,0E-8,0.000000,1.000000,0.000000,,2026-04-24,2026-04-24,1,2,2,1,1.000000,,,0.000000,,,,,,,,GLOBAL_BASELINE_NO_ENTITY_RANKING,,,NOT_APPLICABLE_GLOBAL_BASELINE,HF9g-P5,,,,X 全窗基线 · 不参与实体赏罚,6875519,688,A168_HF9F_20260827_0900,2026-08-27 09:00:00
2026-04-24,124549781,2093,0,103.1332617857,-103.1332617857,-103.1332617857,0E-7,2,1,0.47527649441617673,0.300626750000,-0.9517171784211859,-0.655630731788307,-0.9517171784211859,0.17464974441617673,ELIGIBLE,R03b_20260811_FULL_v1,L1_ELIGIBILITY,v2026-08-11,2026-03-21..2026-08-06,baccarat_bet02_101_all_pairs_incl_sentinel,round_win = game_pnl > 0 (decisive only),COMPATIBILITY_ONLY_NOT_PRODUCTION,168.5731,168.5731,168.5731,4,3,-1.00000000,,-1.00000000,-1.00000000,-168.5731,168.5731,THIN_EXPOSURE,0.0000,6.7429,4.0000,96.0000,AG03-UNRESOLVED,ALL5_LEVELS_bet23_to_bet27,6.7429,6.7429,6.7429,8.4287,8.4287,4.000000,4.000000,4.000000,5.000000,5.000000,96.000000,96.000000,96.000000,95.000000,95.000000,5.0,37.0861,33.9718,131.4871,134.6013,PENDING_AG03,FALSE,NOT_FOR_ENFORCEMENT,161.8302,161.8302,168.5731,161.8302,6.7429,1.00000000,0.96000000,6.7429,161.8302,0.96000000,6.7429,6.7429,6.7429,8.4287,8.4287,161.8302,0.96000000,37.0861,33.9718,131.4871,134.6013,0.78000000,0.79847424,0.04000000,42.1433,56.1910,56.1910,168.5731,84.2866,168.5731,3.0000,,42.1433,10.4704,32.7199,73.8162,95.2805,95.2805,95.2805,32.7199,-32.7199,2.912,2.912,1.288,2,3,1,3,0E-8,1.00000000,,0E-8,0.000000,1.000000,0.000000,,2026-04-24,2026-04-24,1,2,2,1,1.000000,,,0.000000,,,,,,,,GLOBAL_BASELINE_NO_ENTITY_RANKING,,,NOT_APPLICABLE_GLOBAL_BASELINE,HF9g-P5,,,,X 全窗基线 · 不参与实体赏罚,6875520,688,A168_HF9F_20260827_0900,2026-08-27 09:00:00
2026-05-29,146955986,1115,0,22.0565066694,7.3521688898,7.5286209432,0.5000000,2,2,0.49994810000000000,0.499948100000,0.00014679536856514622,0.00014679536856514622,0.00014679536856514622,0E-17,ELIGIBLE,R03b_20260811_FULL_v1,L1_ELIGIBILITY,v2026-08-11,2026-03-21..2026-08-06,baccarat_bet02_101_all_pairs_incl_sentinel,round_win = game_pnl > 0 (decisive only),COMPATIBILITY_ONLY_NOT_PRODUCTION,318.6640,318.6640,174.8795,21,20,-0.54878972,,-0.54878972,-0.55678972,-174.8795,318.6640,THIN_EXPOSURE,2.5493,10.4928,6.0000,94.0000,AG03-UNRESOLVED,ALL5_LEVELS_bet23_to_bet27,10.4928,10.4928,10.4928,10.4928,10.4928,6.000000,6.000000,6.000000,6.000000,6.000000,94.000000,94.000000,94.000000,94.000000,94.000000,5.0,52.4639,46.5347,119.8664,125.7955,PENDING_AG03,FALSE,NOT_FOR_ENFORCEMENT,164.3868,299.5442,172.3302,161.8374,7.9435,0.54078972,0.50786233,10.4928,161.8374,0.50786233,10.4928,10.4928,10.4928,10.4928,10.4928,161.8374,0.50786233,52.4639,46.5347,119.8664,125.7955,0.37615280,0.39475898,0.02492738,15.1745,15.9332,8.7440,87.4398,29.1466,159.3320,10.0000,,15.1745,6.932,13.654,22.0565,26.6779,38.1787,51.4652,13.654,-6.8766,2.796152,3.769231,1.111355,5,6,5,3,0E-8,0.54878972,,0.00800000,0.800000,1.000000,0.000000,,2026-05-29,2026-05-30,2,6,6,2,1.000000,,,0.000000,,,,,,,,GLOBAL_BASELINE_NO_ENTITY_RANKING,,,NOT_APPLICABLE_GLOBAL_BASELINE,HF9g-P5,,,,X 全窗基线 · 不参与实体赏罚,6875521,688,A168_HF9F_20260827_0900,2026-08-27 09:00:00
2026-05-29,146955986,1702,0,7.3521688898,6.9845604453,7.0433777964,1.0000000,1,1,0.50665070000000000,0.506650700000,0.9867858985152569,0.9867858985152569,0.9867858985152569,0E-17,ELIGIBLE,R03b_20260811_FULL_v1,L1_ELIGIBILITY,v2026-08-11,2026-03-21..2026-08-06,baccarat_bet02_101_all_pairs_incl_sentinel,round_win = game_pnl > 0 (decisive only),COMPATIBILITY_ONLY_NOT_PRODUCTION,318.6640,318.6640,174.8795,21,20,-0.54878972,,-0.54878972,-0.55678972,-174.8795,318.6640,THIN_EXPOSURE,2.5493,10.4928,6.0000,94.0000,AG03-UNRESOLVED,ALL5_LEVELS_bet23_to_bet27,10.4928,10.4928,10.4928,10.4928,10.4928,6.000000,6.000000,6.000000,6.000000,6.000000,94.000000,94.000000,94.000000,94.000000,94.000000,5.0,52.4639,46.5347,119.8664,125.7955,PENDING_AG03,FALSE,NOT_FOR_ENFORCEMENT,164.3868,299.5442,172.3302,161.8374,7.9435,0.54078972,0.50786233,10.4928,161.8374,0.50786233,10.4928,10.4928,10.4928,10.4928,10.4928,161.8374,0.50786233,52.4639,46.5347,119.8664,125.7955,0.37615280,0.39475898,0.02492738,15.1745,15.9332,8.7440,87.4398,29.1466,159.3320,10.0000,,15.1745,6.932,13.654,22.0565,26.6779,38.1787,51.4652,13.654,-6.8766,2.796152,3.769231,1.111355,5,6,5,3,0E-8,0.54878972,,0.00800000,0.800000,1.000000,0.000000,,2026-05-29,2026-05-30,2,6,6,2,1.000000,,,0.000000,,,,,,,,GLOBAL_BASELINE_NO_ENTITY_RANKING,,,NOT_APPLICABLE_GLOBAL_BASELINE,HF9g-P5,,,,X 全窗基线 · 不参与实体赏罚,6875522,688,A168_HF9F_20260827_0900,2026-08-27 09:00:00
2026-05-29,146955986,2278,0,6.9320449533,-6.9320449533,-6.8765885936,0E-7,1,1,0.49324550000000000,0.493245500000,-0.9865810262130424,-0.9865810262130424,-0.9865810262130424,0E-17,ELIGIBLE,R03b_20260811_FULL_v1,L1_ELIGIBILITY,v2026-08-11,2026-03-21..2026-08-06,baccarat_bet02_101_all_pairs_incl_sentinel,round_win = game_pnl > 0 (decisive only),COMPATIBILITY_ONLY_NOT_PRODUCTION,318.6640,318.6640,174.8795,21,20,-0.54878972,,-0.54878972,-0.55678972,-174.8795,318.6640,THIN_EXPOSURE,2.5493,10.4928,6.0000,94.0000,AG03-UNRESOLVED,ALL5_LEVELS_bet23_to_bet27,10.4928,10.4928,10.4928,10.4928,10.4928,6.000000,6.000000,6.000000,6.000000,6.000000,94.000000,94.000000,94.000000,94.000000,94.000000,5.0,52.4639,46.5347,119.8664,125.7955,PENDING_AG03,FALSE,NOT_FOR_ENFORCEMENT,164.3868,299.5442,172.3302,161.8374,7.9435,0.54078972,0.50786233,10.4928,161.8374,0.50786233,10.4928,10.4928,10.4928,10.4928,10.4928,161.8374,0.50786233,52.4639,46.5347,119.8664,125.7955,0.37615280,0.39475898,0.02492738,15.1745,15.9332,8.7440,87.4398,29.1466,159.3320,10.0000,,15.1745,6.932,13.654,22.0565,26.6779,38.1787,51.4652,13.654,-6.8766,2.796152,3.769231,1.111355,5,6,5,3,0E-8,0.54878972,,0.00800000,0.800000,1.000000,0.000000,,2026-05-29,2026-05-30,2,6,6,2,1.000000,,,0.000000,,,,,,,,GLOBAL_BASELINE_NO_ENTITY_RANKING,,,NOT_APPLICABLE_GLOBAL_BASELINE,HF9g-P5,,,,X 全窗基线 · 不参与实体赏罚,6875523,688,A168_HF9F_20260827_0900,2026-08-27 09:00:00
2026-05-30,146955986,1150,0,55.2462976578,-40.9095683227,-40.4675979413,0.2500000,5,4,0.49538290000002899,0.451842150000,-0.9815734504970264,-0.8111397219169765,-0.9815734504970264,0.04354075000002899,ELIGIBLE,R03b_20260811_FULL_v1,L1_ELIGIBILITY,v2026-08-11,2026-03-21..2026-08-06,baccarat_bet02_101_all_pairs_incl_sentinel,round_win = game_pnl > 0 (decisive only),COMPATIBILITY_ONLY_NOT_PRODUCTION,318.6640,318.6640,174.8795,21,20,-0.54878972,,-0.54878972,-0.55678972,-174.8795,318.6640,THIN_EXPOSURE,2.5493,10.4928,6.0000,94.0000,AG03-UNRESOLVED,ALL5_LEVELS_bet23_to_bet27,10.4928,10.4928,10.4928,10.4928,10.4928,6.000000,6.000000,6.000000,6.000000,6.000000,94.000000,94.000000,94.000000,94.000000,94.000000,5.0,52.4639,46.5347,119.8664,125.7955,PENDING_AG03,FALSE,NOT_FOR_ENFORCEMENT,164.3868,299.5442,172.3302,161.8374,7.9435,0.54078972,0.50786233,10.4928,161.8374,0.50786233,10.4928,10.4928,10.4928,10.4928,10.4928,161.8374,0.50786233,52.4639,46.5347,119.8664,125.7955,0.37615280,0.39475898,0.02492738,15.1745,15.9332,8.7440,87.4398,29.1466,159.3320,10.0000,,15.1745,6.932,13.654,22.0565,26.6779,38.1787,51.4652,13.654,-6.8766,2.796152,3.769231,1.111355,5,6,5,3,0E-8,0.54878972,,0.00800000,0.800000,1.000000,0.000000,,2026-05-29,2026-05-30,2,6,6,2,1.000000,,,0.000000,,,,,,,,GLOBAL_BASELINE_NO_ENTITY_RANKING,,,NOT_APPLICABLE_GLOBAL_BASELINE,HF9g-P5,,,,X 全窗基线 · 不参与实体赏罚,6875524,688,A168_HF9F_20260827_0900,2026-08-27 09:00:00
2026-05-30,146955986,1957,0,60.9179708013,-32.2445121310,-31.7571683646,0.2500000,4,4,0.50329940000000000,0.503299400000,-1.013219660140378,-1.013219660140378,-1.013219660140378,0E-17,ELIGIBLE,R03b_20260811_FULL_v1,L1_ELIGIBILITY,v2026-08-11,2026-03-21..2026-08-06,baccarat_bet02_101_all_pairs_incl_sentinel,round_win = game_pnl > 0 (decisive only),COMPATIBILITY_ONLY_NOT_PRODUCTION,318.6640,318.6640,174.8795,21,20,-0.54878972,,-0.54878972,-0.55678972,-174.8795,318.6640,THIN_EXPOSURE,2.5493,10.4928,6.0000,94.0000,AG03-UNRESOLVED,ALL5_LEVELS_bet23_to_bet27,10.4928,10.4928,10.4928,10.4928,10.4928,6.000000,6.000000,6.000000,6.000000,6.000000,94.000000,94.000000,94.000000,94.000000,94.000000,5.0,52.4639,46.5347,119.8664,125.7955,PENDING_AG03,FALSE,NOT_FOR_ENFORCEMENT,164.3868,299.5442,172.3302,161.8374,7.9435,0.54078972,0.50786233,10.4928,161.8374,0.50786233,10.4928,10.4928,10.4928,10.4928,10.4928,161.8374,0.50786233,52.4639,46.5347,119.8664,125.7955,0.37615280,0.39475898,0.02492738,15.1745,15.9332,8.7440,87.4398,29.1466,159.3320,10.0000,,15.1745,6.932,13.654,22.0565,26.6779,38.1787,51.4652,13.654,-6.8766,2.796152,3.769231,1.111355,5,6,5,3,0E-8,0.54878972,,0.00800000,0.800000,1.000000,0.000000,,2026-05-29,2026-05-30,2,6,6,2,1.000000,,,0.000000,,,,,,,,GLOBAL_BASELINE_NO_ENTITY_RANKING,,,NOT_APPLICABLE_GLOBAL_BASELINE,HF9g-P5,,,,X 全窗基线 · 不参与实体赏罚,6875525,688,A168_HF9F_20260827_0900,2026-08-27 09:00:00
2026-05-30,146955986,2169,0,73.7317508666,-19.2521793929,-18.6623253859,0.4000000,5,5,0.50665070000000000,0.506650700000,-0.4769986289884125,-0.4769986289884125,-0.4769986289884125,0E-17,ELIGIBLE,R03b_20260811_FULL_v1,L1_ELIGIBILITY,v2026-08-11,2026-03-21..2026-08-06,baccarat_bet02_101_all_pairs_incl_sentinel,round_win = game_pnl > 0 (decisive only),COMPATIBILITY_ONLY_NOT_PRODUCTION,318.6640,318.6640,174.8795,21,20,-0.54878972,,-0.54878972,-0.55678972,-174.8795,318.6640,THIN_EXPOSURE,2.5493,10.4928,6.0000,94.0000,AG03-UNRESOLVED,ALL5_LEVELS_bet23_to_bet27,10.4928,10.4928,10.4928,10.4928,10.4928,6.000000,6.000000,6.000000,6.000000,6.000000,94.000000,94.000000,94.000000,94.000000,94.000000,5.0,52.4639,46.5347,119.8664,125.7955,PENDING_AG03,FALSE,NOT_FOR_ENFORCEMENT,164.3868,299.5442,172.3302,161.8374,7.9435,0.54078972,0.50786233,10.4928,161.8374,0.50786233,10.4928,10.4928,10.4928,10.4928,10.4928,161.8374,0.50786233,52.4639,46.5347,119.8664,125.7955,0.37615280,0.39475898,0.02492738,15.1745,15.9332,8.7440,87.4398,29.1466,159.3320,10.0000,,15.1745,6.932,13.654,22.0565,26.6779,38.1787,51.4652,13.654,-6.8766,2.796152,3.769231,1.111355,5,6,5,3,0E-8,0.54878972,,0.00800000,0.800000,1.000000,0.000000,,2026-05-29,2026-05-30,2,6,6,2,1.000000,,,0.000000,,,,,,,,GLOBAL_BASELINE_NO_ENTITY_RANKING,,,NOT_APPLICABLE_GLOBAL_BASELINE,HF9g-P5,,,,X 全窗基线 · 不参与实体赏罚,6875526,688,A168_HF9F_20260827_0900,2026-08-27 09:00:00
2026-05-30,146955986,2278,0,92.4272660435,-92.4272660435,-91.6878479151,0E-7,3,3,0.49324550000000000,0.493245500000,-1.708808463184432,-1.7088084631844318,-1.708808463184432,0E-17,ELIGIBLE,R03b_20260811_FULL_v1,L1_ELIGIBILITY,v2026-08-11,2026-03-21..2026-08-06,baccarat_bet02_101_all_pairs_incl_sentinel,round_win = game_pnl > 0 (decisive only),COMPATIBILITY_ONLY_NOT_PRODUCTION,318.6640,318.6640,174.8795,21,20,-0.54878972,,-0.54878972,-0.55678972,-174.8795,318.6640,THIN_EXPOSURE,2.5493,10.4928,6.0000,94.0000,AG03-UNRESOLVED,ALL5_LEVELS_bet23_to_bet27,10.4928,10.4928,10.4928,10.4928,10.4928,6.000000,6.000000,6.000000,6.000000,6.000000,94.000000,94.000000,94.000000,94.000000,94.000000,5.0,52.4639,46.5347,119.8664,125.7955,PENDING_AG03,FALSE,NOT_FOR_ENFORCEMENT,164.3868,299.5442,172.3302,161.8374,7.9435,0.54078972,0.50786233,10.4928,161.8374,0.50786233,10.4928,10.4928,10.4928,10.4928,10.4928,161.8374,0.50786233,52.4639,46.5347,119.8664,125.7955,0.37615280,0.39475898,0.02492738,15.1745,15.9332,8.7440,87.4398,29.1466,159.3320,10.0000,,15.1745,6.932,13.654,22.0565,26.6779,38.1787,51.4652,13.654,-6.8766,2.796152,3.769231,1.111355,5,6,5,3,0E-8,0.54878972,,0.00800000,0.800000,1.000000,0.000000,,2026-05-29,2026-05-30,2,6,6,2,1.000000,,,0.000000,,,,,,,,GLOBAL_BASELINE_NO_ENTITY_RANKING,,,NOT_APPLICABLE_GLOBAL_BASELINE,HF9g-P5,,,,X 全窗基线 · 不参与实体赏罚,6875527,688,A168_HF9F_20260827_0900,2026-08-27 09:00:00
2026-07-09,136011155,-1,1,2.5817778122,0E-10,0E-10,,1,1,0.49324550000000000,0.493245500000,,,,0E-17,SENTINEL_DEALER,R03b_20260811_FULL_v1,L1_ELIGIBILITY,v2026-08-11,2026-03-21..2026-08-06,baccarat_bet02_101_all_pairs_incl_sentinel,round_win = game_pnl > 0 (decisive only),COMPATIBILITY_ONLY_NOT_PRODUCTION,2832.6978,2600.9943,166.8443,356,342,-0.05889944,-0.05889944,,-0.05889944,-166.8443,2832.6978,OK,0.0000,5.0053,3.0000,97.0000,AG03-UNRESOLVED,ALL5_LEVELS_bet23_to_bet27,5.0053,5.0053,5.0053,6.6738,6.6738,3.000000,3.000000,3.000000,4.000000,4.000000,97.000000,97.000000,97.000000,96.000000,96.000000,5.0,28.3635,26.5083,138.4808,140.336,PENDING_AG03,FALSE,NOT_FOR_ENFORCEMENT,161.8390,2522.9645,166.8443,161.8390,5.0053,0.05889944,0.05713246,5.0053,161.8390,0.05713246,5.0053,5.0053,5.0053,6.6738,6.6738,161.8390,0.05713246,28.3635,26.5083,138.4808,140.336,0.04888654,0.04954146,0.00176698,7.9570,7.6052,0.4878,20.8555,1.3565,354.0872,42.7500,7.9570,,5.1636,7.7055,10.2741,12.8426,15.4111,20.6479,7.7055,-0.2569,2.0,2.67961,1.032635,29,62,8,6,1.00000000,0.05889944,0.05889944,0E-8,0.000000,0.918204,0.000000,,2026-07-09,2026-08-06,8,123,81,29,0.275862,,1.000000,3.333333,,,,,,,,GLOBAL_BASELINE_NO_ENTITY_RANKING,,,NOT_APPLICABLE_GLOBAL_BASELINE,HF9g-P5,,,,X 全窗基线 · 不参与实体赏罚,6875528,688,A168_HF9F_20260827_0900,2026-08-27 09:00:00
2026-07-09,136011155,2175,0,2.5817778122,2.4526889216,2.4526889216,1.0000000,1,1,0.50665070000000000,0.506650700000,0.9867858985152569,0.9867858985152569,0.9867858985152569,0E-17,ELIGIBLE,R03b_20260811_FULL_v1,L1_ELIGIBILITY,v2026-08-11,2026-03-21..2026-08-06,baccarat_bet02_101_all_pairs_incl_sentinel,round_win = game_pnl > 0 (decisive only),COMPATIBILITY_ONLY_NOT_PRODUCTION,2832.6978,2600.9943,166.8443,356,342,-0.05889944,-0.05889944,,-0.05889944,-166.8443,2832.6978,OK,0.0000,5.0053,3.0000,97.0000,AG03-UNRESOLVED,ALL5_LEVELS_bet23_to_bet27,5.0053,5.0053,5.0053,6.6738,6.6738,3.000000,3.000000,3.000000,4.000000,4.000000,97.000000,97.000000,97.000000,96.000000,96.000000,5.0,28.3635,26.5083,138.4808,140.336,PENDING_AG03,FALSE,NOT_FOR_ENFORCEMENT,161.8390,2522.9645,166.8443,161.8390,5.0053,0.05889944,0.05713246,5.0053,161.8390,0.05713246,5.0053,5.0053,5.0053,6.6738,6.6738,161.8390,0.05713246,28.3635,26.5083,138.4808,140.336,0.04888654,0.04954146,0.00176698,7.9570,7.6052,0.4878,20.8555,1.3565,354.0872,42.7500,7.9570,,5.1636,7.7055,10.2741,12.8426,15.4111,20.6479,7.7055,-0.2569,2.0,2.67961,1.032635,29,62,8,6,1.00000000,0.05889944,0.05889944,0E-8,0.000000,0.918204,0.000000,,2026-07-09,2026-08-06,8,123,81,29,0.275862,,1.000000,3.333333,,,,,,,,GLOBAL_BASELINE_NO_ENTITY_RANKING,,,NOT_APPLICABLE_GLOBAL_BASELINE,HF9g-P5,,,,X 全窗基线 · 不参与实体赏罚,6875529,688,A168_HF9F_20260827_0900,2026-08-27 09:00:00
2026-07-09,136011155,2212,0,7.7453334366,-2.7108667028,-2.7108667028,0.5000000,2,2,0.50665070000000000,0.506650700000,-0.018812684590367487,-0.018812684590367487,-0.018812684590367487,0E-17,ELIGIBLE,R03b_20260811_FULL_v1,L1_ELIGIBILITY,v2026-08-11,2026-03-21..2026-08-06,baccarat_bet02_101_all_pairs_incl_sentinel,round_win = game_pnl > 0 (decisive only),COMPATIBILITY_ONLY_NOT_PRODUCTION,2832.6978,2600.9943,166.8443,356,342,-0.05889944,-0.05889944,,-0.05889944,-166.8443,2832.6978,OK,0.0000,5.0053,3.0000,97.0000,AG03-UNRESOLVED,ALL5_LEVELS_bet23_to_bet27,5.0053,5.0053,5.0053,6.6738,6.6738,3.000000,3.000000,3.000000,4.000000,4.000000,97.000000,97.000000,97.000000,96.000000,96.000000,5.0,28.3635,26.5083,138.4808,140.336,PENDING_AG03,FALSE,NOT_FOR_ENFORCEMENT,161.8390,2522.9645,166.8443,161.8390,5.0053,0.05889944,0.05713246,5.0053,161.8390,0.05713246,5.0053,5.0053,5.0053,6.6738,6.6738,161.8390,0.05713246,28.3635,26.5083,138.4808,140.336,0.04888654,0.04954146,0.00176698,7.9570,7.6052,0.4878,20.8555,1.3565,354.0872,42.7500,7.9570,,5.1636,7.7055,10.2741,12.8426,15.4111,20.6479,7.7055,-0.2569,2.0,2.67961,1.032635,29,62,8,6,1.00000000,0.05889944,0.05889944,0E-8,0.000000,0.918204,0.000000,,2026-07-09,2026-08-06,8,123,81,29,0.275862,,1.000000,3.333333,,,,,,,,GLOBAL_BASELINE_NO_ENTITY_RANKING,,,NOT_APPLICABLE_GLOBAL_BASELINE,HF9g-P5,,,,X 全窗基线 · 不参与实体赏罚,6875530,688,A168_HF9F_20260827_0900,2026-08-27 09:00:00
2026-07-09,136011155,595,0,10.0689334676,-7.4871556554,-7.4871556554,0E-7,2,2,0.49324550000000000,0.493245500000,-0.9865810262130424,-0.9865810262130424,-0.9865810262130424,0E-17,ELIGIBLE,R03b_20260811_FULL_v1,L1_ELIGIBILITY,v2026-08-11,2026-03-21..2026-08-06,baccarat_bet02_101_all_pairs_incl_sentinel,round_win = game_pnl > 0 (decisive only),COMPATIBILITY_ONLY_NOT_PRODUCTION,2832.6978,2600.9943,166.8443,356,342,-0.05889944,-0.05889944,,-0.05889944,-166.8443,2832.6978,OK,0.0000,5.0053,3.0000,97.0000,AG03-UNRESOLVED,ALL5_LEVELS_bet23_to_bet27,5.0053,5.0053,5.0053,6.6738,6.6738,3.000000,3.000000,3.000000,4.000000,4.000000,97.000000,97.000000,97.000000,96.000000,96.000000,5.0,28.3635,26.5083,138.4808,140.336,PENDING_AG03,FALSE,NOT_FOR_ENFORCEMENT,161.8390,2522.9645,166.8443,161.8390,5.0053,0.05889944,0.05713246,5.0053,161.8390,0.05713246,5.0053,5.0053,5.0053,6.6738,6.6738,161.8390,0.05713246,28.3635,26.5083,138.4808,140.336,0.04888654,0.04954146,0.00176698,7.9570,7.6052,0.4878,20.8555,1.3565,354.0872,42.7500,7.9570,,5.1636,7.7055,10.2741,12.8426,15.4111,20.6479,7.7055,-0.2569,2.0,2.67961,1.032635,29,62,8,6,1.00000000,0.05889944,0.05889944,0E-8,0.000000,0.918204,0.000000,,2026-07-09,2026-08-06,8,123,81,29,0.275862,,1.000000,3.333333,,,,,,,,GLOBAL_BASELINE_NO_ENTITY_RANKING,,,NOT_APPLICABLE_GLOBAL_BASELINE,HF9g-P5,,,,X 全窗基线 · 不参与实体赏罚,6875531,688,A168_HF9F_20260827_0900,2026-08-27 09:00:00
2026-07-10,136011155,-1,1,176.3354245733,-12.6507112796,-12.6507112796,0.4210526,21,21,0.49899058571428571,0.498990585714,-0.6794487164898741,-0.679448716487384,-0.6794487164898741,2.8571E-13,SENTINEL_DEALER,R03b_20260811_FULL_v1,L1_ELIGIBILITY,v2026-08-11,2026-03-21..2026-08-06,baccarat_bet02_101_all_pairs_incl_sentinel,round_win = game_pnl > 0 (decisive only),COMPATIBILITY_ONLY_NOT_PRODUCTION,2832.6978,2600.9943,166.8443,356,342,-0.05889944,-0.05889944,,-0.05889944,-166.8443,2832.6978,OK,0.0000,5.0053,3.0000,97.0000,AG03-UNRESOLVED,ALL5_LEVELS_bet23_to_bet27,5.0053,5.0053,5.0053,6.6738,6.6738,3.000000,3.000000,3.000000,4.000000,4.000000,97.000000,97.000000,97.000000,96.000000,96.000000,5.0,28.3635,26.5083,138.4808,140.336,PENDING_AG03,FALSE,NOT_FOR_ENFORCEMENT,161.8390,2522.9645,166.8443,161.8390,5.0053,0.05889944,0.05713246,5.0053,161.8390,0.05713246,5.0053,5.0053,5.0053,6.6738,6.6738,161.8390,0.05713246,28.3635,26.5083,138.4808,140.336,0.04888654,0.04954146,0.00176698,7.9570,7.6052,0.4878,20.8555,1.3565,354.0872,42.7500,7.9570,,5.1636,7.7055,10.2741,12.8426,15.4111,20.6479,7.7055,-0.2569,2.0,2.67961,1.032635,29,62,8,6,1.00000000,0.05889944,0.05889944,0E-8,0.000000,0.918204,0.000000,,2026-07-09,2026-08-06,8,123,81,29,0.275862,,1.000000,3.333333,,,,,,,,GLOBAL_BASELINE_NO_ENTITY_RANKING,,,NOT_APPLICABLE_GLOBAL_BASELINE,HF9g-P5,,,,X 全窗基线 · 不参与实体赏罚,6875532,688,A168_HF9F_20260827_0900,2026-08-27 09:00:00
2026-07-10,136011155,1094,0,36.1448893708,-27.3668448094,-27.3668448094,0.2000000,5,5,0.49592654000000000,0.495926540000,-1.323467641100715,-1.323467641100715,-1.323467641100715,0E-17,ELIGIBLE,R03b_20260811_FULL_v1,L1_ELIGIBILITY,v2026-08-11,2026-03-21..2026-08-06,baccarat_bet02_101_all_pairs_incl_sentinel,round_win = game_pnl > 0 (decisive only),COMPATIBILITY_ONLY_NOT_PRODUCTION,2832.6978,2600.9943,166.8443,356,342,-0.05889944,-0.05889944,,-0.05889944,-166.8443,2832.6978,OK,0.0000,5.0053,3.0000,97.0000,AG03-UNRESOLVED,ALL5_LEVELS_bet23_to_bet27,5.0053,5.0053,5.0053,6.6738,6.6738,3.000000,3.000000,3.000000,4.000000,4.000000,97.000000,97.000000,97.000000,96.000000,96.000000,5.0,28.3635,26.5083,138.4808,140.336,PENDING_AG03,FALSE,NOT_FOR_ENFORCEMENT,161.8390,2522.9645,166.8443,161.8390,5.0053,0.05889944,0.05713246,5.0053,161.8390,0.05713246,5.0053,5.0053,5.0053,6.6738,6.6738,161.8390,0.05713246,28.3635,26.5083,138.4808,140.336,0.04888654,0.04954146,0.00176698,7.9570,7.6052,0.4878,20.8555,1.3565,354.0872,42.7500,7.9570,,5.1636,7.7055,10.2741,12.8426,15.4111,20.6479,7.7055,-0.2569,2.0,2.67961,1.032635,29,62,8,6,1.00000000,0.05889944,0.05889944,0E-8,0.000000,0.918204,0.000000,,2026-07-09,2026-08-06,8,123,81,29,0.275862,,1.000000,3.333333,,,,,,,,GLOBAL_BASELINE_NO_ENTITY_RANKING,,,NOT_APPLICABLE_GLOBAL_BASELINE,HF9g-P5,,,,X 全窗基线 · 不参与实体赏罚,6875533,688,A168_HF9F_20260827_0900,2026-08-27 09:00:00
2026-07-10,136011155,1151,0,10.3271112488,5.1635556244,5.1635556244,0.5000000,2,2,0.49994810000000000,0.499948100000,0.00014679536856514622,0.00014679536856514622,0.00014679536856514622,0E-17,ELIGIBLE,R03b_20260811_FULL_v1,L1_ELIGIBILITY,v2026-08-11,2026-03-21..2026-08-06,baccarat_bet02_101_all_pairs_incl_sentinel,round_win = game_pnl > 0 (decisive only),COMPATIBILITY_ONLY_NOT_PRODUCTION,2832.6978,2600.9943,166.8443,356,342,-0.05889944,-0.05889944,,-0.05889944,-166.8443,2832.6978,OK,0.0000,5.0053,3.0000,97.0000,AG03-UNRESOLVED,ALL5_LEVELS_bet23_to_bet27,5.0053,5.0053,5.0053,6.6738,6.6738,3.000000,3.000000,3.000000,4.000000,4.000000,97.000000,97.000000,97.000000,96.000000,96.000000,5.0,28.3635,26.5083,138.4808,140.336,PENDING_AG03,FALSE,NOT_FOR_ENFORCEMENT,161.8390,2522.9645,166.8443,161.8390,5.0053,0.05889944,0.05713246,5.0053,161.8390,0.05713246,5.0053,5.0053,5.0053,6.6738,6.6738,161.8390,0.05713246,28.3635,26.5083,138.4808,140.336,0.04888654,0.04954146,0.00176698,7.9570,7.6052,0.4878,20.8555,1.3565,354.0872,42.7500,7.9570,,5.1636,7.7055,10.2741,12.8426,15.4111,20.6479,7.7055,-0.2569,2.0,2.67961,1.032635,29,62,8,6,1.00000000,0.05889944,0.05889944,0E-8,0.000000,0.918204,0.000000,,2026-07-09,2026-08-06,8,123,81,29,0.275862,,1.000000,3.333333,,,,,,,,GLOBAL_BASELINE_NO_ENTITY_RANKING,,,NOT_APPLICABLE_GLOBAL_BASELINE,HF9g-P5,,,,X 全窗基线 · 不参与实体赏罚,6875534,688,A168_HF9F_20260827_0900,2026-08-27 09:00:00
2026-07-10,136011155,1402,0,106.8856014250,3.1497689310,3.1497689310,0.5384615,16,14,0.49203777263781930,0.464146600000,0.33480899066116326,0.5372757221661514,0.33480899066116326,0.02789117263781930,ELIGIBLE,R03b_20260811_FULL_v1,L1_ELIGIBILITY,v2026-08-11,2026-03-21..2026-08-06,baccarat_bet02_101_all_pairs_incl_sentinel,round_win = game_pnl > 0 (decisive only),COMPATIBILITY_ONLY_NOT_PRODUCTION,2832.6978,2600.9943,166.8443,356,342,-0.05889944,-0.05889944,,-0.05889944,-166.8443,2832.6978,OK,0.0000,5.0053,3.0000,97.0000,AG03-UNRESOLVED,ALL5_LEVELS_bet23_to_bet27,5.0053,5.0053,5.0053,6.6738,6.6738,3.000000,3.000000,3.000000,4.000000,4.000000,97.000000,97.000000,97.000000,96.000000,96.000000,5.0,28.3635,26.5083,138.4808,140.336,PENDING_AG03,FALSE,NOT_FOR_ENFORCEMENT,161.8390,2522.9645,166.8443,161.8390,5.0053,0.05889944,0.05713246,5.0053,161.8390,0.05713246,5.0053,5.0053,5.0053,6.6738,6.6738,161.8390,0.05713246,28.3635,26.5083,138.4808,140.336,0.04888654,0.04954146,0.00176698,7.9570,7.6052,0.4878,20.8555,1.3565,354.0872,42.7500,7.9570,,5.1636,7.7055,10.2741,12.8426,15.4111,20.6479,7.7055,-0.2569,2.0,2.67961,1.032635,29,62,8,6,1.00000000,0.05889944,0.05889944,0E-8,0.000000,0.918204,0.000000,,2026-07-09,2026-08-06,8,123,81,29,0.275862,,1.000000,3.333333,,,,,,,,GLOBAL_BASELINE_NO_ENTITY_RANKING,,,NOT_APPLICABLE_GLOBAL_BASELINE,HF9g-P5,,,,X 全窗基线 · 不参与实体赏罚,6875535,688,A168_HF9F_20260827_0900,2026-08-27 09:00:00
2026-07-10,136011155,1509,0,5.1635556244,4.9053778432,4.9053778432,1.0000000,1,1,0.50665070000000000,0.506650700000,0.9867858985152569,0.9867858985152569,0.9867858985152569,0E-17,ELIGIBLE,R03b_20260811_FULL_v1,L1_ELIGIBILITY,v2026-08-11,2026-03-21..2026-08-06,baccarat_bet02_101_all_pairs_incl_sentinel,round_win = game_pnl > 0 (decisive only),COMPATIBILITY_ONLY_NOT_PRODUCTION,2832.6978,2600.9943,166.8443,356,342,-0.05889944,-0.05889944,,-0.05889944,-166.8443,2832.6978,OK,0.0000,5.0053,3.0000,97.0000,AG03-UNRESOLVED,ALL5_LEVELS_bet23_to_bet27,5.0053,5.0053,5.0053,6.6738,6.6738,3.000000,3.000000,3.000000,4.000000,4.000000,97.000000,97.000000,97.000000,96.000000,96.000000,5.0,28.3635,26.5083,138.4808,140.336,PENDING_AG03,FALSE,NOT_FOR_ENFORCEMENT,161.8390,2522.9645,166.8443,161.8390,5.0053,0.05889944,0.05713246,5.0053,161.8390,0.05713246,5.0053,5.0053,5.0053,6.6738,6.6738,161.8390,0.05713246,28.3635,26.5083,138.4808,140.336,0.04888654,0.04954146,0.00176698,7.9570,7.6052,0.4878,20.8555,1.3565,354.0872,42.7500,7.9570,,5.1636,7.7055,10.2741,12.8426,15.4111,20.6479,7.7055,-0.2569,2.0,2.67961,1.032635,29,62,8,6,1.00000000,0.05889944,0.05889944,0E-8,0.000000,0.918204,0.000000,,2026-07-09,2026-08-06,8,123,81,29,0.275862,,1.000000,3.333333,,,,,,,,GLOBAL_BASELINE_NO_ENTITY_RANKING,,,NOT_APPLICABLE_GLOBAL_BASELINE,HF9g-P5,,,,X 全窗基线 · 不参与实体赏罚,6875536,688,A168_HF9F_20260827_0900,2026-08-27 09:00:00
2026-07-10,136011155,1645,0,25.8177781220,-25.8177781220,-25.8177781220,0E-7,2,2,0.49324550000000000,0.493245500000,-1.3952362676504506,-1.3952362676504506,-1.3952362676504506,0E-17,ELIGIBLE,R03b_20260811_FULL_v1,L1_ELIGIBILITY,v2026-08-11,2026-03-21..2026-08-06,baccarat_bet02_101_all_pairs_incl_sentinel,round_win = game_pnl > 0 (decisive only),COMPATIBILITY_ONLY_NOT_PRODUCTION,2832.6978,2600.9943,166.8443,356,342,-0.05889944,-0.05889944,,-0.05889944,-166.8443,2832.6978,OK,0.0000,5.0053,3.0000,97.0000,AG03-UNRESOLVED,ALL5_LEVELS_bet23_to_bet27,5.0053,5.0053,5.0053,6.6738,6.6738,3.000000,3.000000,3.000000,4.000000,4.000000,97.000000,97.000000,97.000000,96.000000,96.000000,5.0,28.3635,26.5083,138.4808,140.336,PENDING_AG03,FALSE,NOT_FOR_ENFORCEMENT,161.8390,2522.9645,166.8443,161.8390,5.0053,0.05889944,0.05713246,5.0053,161.8390,0.05713246,5.0053,5.0053,5.0053,6.6738,6.6738,161.8390,0.05713246,28.3635,26.5083,138.4808,140.336,0.04888654,0.04954146,0.00176698,7.9570,7.6052,0.4878,20.8555,1.3565,354.0872,42.7500,7.9570,,5.1636,7.7055,10.2741,12.8426,15.4111,20.6479,7.7055,-0.2569,2.0,2.67961,1.032635,29,62,8,6,1.00000000,0.05889944,0.05889944,0E-8,0.000000,0.918204,0.000000,,2026-07-09,2026-08-06,8,123,81,29,0.275862,,1.000000,3.333333,,,,,,,,GLOBAL_BASELINE_NO_ENTITY_RANKING,,,NOT_APPLICABLE_GLOBAL_BASELINE,HF9g-P5,,,,X 全窗基线 · 不参与实体赏罚,6875537,688,A168_HF9F_20260827_0900,2026-08-27 09:00:00
2026-07-10,136011155,1935,0,8.7780445615,-8.7780445615,-8.7780445615,0E-7,1,1,0.50665070000000000,0.506650700000,-1.013391052207602,-1.013391052207602,-1.013391052207602,0E-17,ELIGIBLE,R03b_20260811_FULL_v1,L1_ELIGIBILITY,v2026-08-11,2026-03-21..2026-08-06,baccarat_bet02_101_all_pairs_incl_sentinel,round_win = game_pnl > 0 (decisive only),COMPATIBILITY_ONLY_NOT_PRODUCTION,2832.6978,2600.9943,166.8443,356,342,-0.05889944,-0.05889944,,-0.05889944,-166.8443,2832.6978,OK,0.0000,5.0053,3.0000,97.0000,AG03-UNRESOLVED,ALL5_LEVELS_bet23_to_bet27,5.0053,5.0053,5.0053,6.6738,6.6738,3.000000,3.000000,3.000000,4.000000,4.000000,97.000000,97.000000,97.000000,96.000000,96.000000,5.0,28.3635,26.5083,138.4808,140.336,PENDING_AG03,FALSE,NOT_FOR_ENFORCEMENT,161.8390,2522.9645,166.8443,161.8390,5.0053,0.05889944,0.05713246,5.0053,161.8390,0.05713246,5.0053,5.0053,5.0053,6.6738,6.6738,161.8390,0.05713246,28.3635,26.5083,138.4808,140.336,0.04888654,0.04954146,0.00176698,7.9570,7.6052,0.4878,20.8555,1.3565,354.0872,42.7500,7.9570,,5.1636,7.7055,10.2741,12.8426,15.4111,20.6479,7.7055,-0.2569,2.0,2.67961,1.032635,29,62,8,6,1.00000000,0.05889944,0.05889944,0E-8,0.000000,0.918204,0.000000,,2026-07-09,2026-08-06,8,123,81,29,0.275862,,1.000000,3.333333,,,,,,,,GLOBAL_BASELINE_NO_ENTITY_RANKING,,,NOT_APPLICABLE_GLOBAL_BASELINE,HF9g-P5,,,,X 全窗基线 · 不参与实体赏罚,6875538,688,A168_HF9F_20260827_0900,2026-08-27 09:00:00
2026-07-10,136011155,1957,0,28.9159114966,6.3253556399,6.3253556399,0.3333333,3,3,0.50665070000000000,0.506650700000,-0.6004420894325239,-0.6004420894325239,-0.6004420894325239,0E-17,ELIGIBLE,R03b_20260811_FULL_v1,L1_ELIGIBILITY,v2026-08-11,2026-03-21..2026-08-06,baccarat_bet02_101_all_pairs_incl_sentinel,round_win = game_pnl > 0 (decisive only),COMPATIBILITY_ONLY_NOT_PRODUCTION,2832.6978,2600.9943,166.8443,356,342,-0.05889944,-0.05889944,,-0.05889944,-166.8443,2832.6978,OK,0.0000,5.0053,3.0000,97.0000,AG03-UNRESOLVED,ALL5_LEVELS_bet23_to_bet27,5.0053,5.0053,5.0053,6.6738,6.6738,3.000000,3.000000,3.000000,4.000000,4.000000,97.000000,97.000000,97.000000,96.000000,96.000000,5.0,28.3635,26.5083,138.4808,140.336,PENDING_AG03,FALSE,NOT_FOR_ENFORCEMENT,161.8390,2522.9645,166.8443,161.8390,5.0053,0.05889944,0.05713246,5.0053,161.8390,0.05713246,5.0053,5.0053,5.0053,6.6738,6.6738,161.8390,0.05713246,28.3635,26.5083,138.4808,140.336,0.04888654,0.04954146,0.00176698,7.9570,7.6052,0.4878,20.8555,1.3565,354.0872,42.7500,7.9570,,5.1636,7.7055,10.2741,12.8426,15.4111,20.6479,7.7055,-0.2569,2.0,2.67961,1.032635,29,62,8,6,1.00000000,0.05889944,0.05889944,0E-8,0.000000,0.918204,0.000000,,2026-07-09,2026-08-06,8,123,81,29,0.275862,,1.000000,3.333333,,,,,,,,GLOBAL_BASELINE_NO_ENTITY_RANKING,,,NOT_APPLICABLE_GLOBAL_BASELINE,HF9g-P5,,,,X 全窗基线 · 不参与实体赏罚,6875539,688,A168_HF9F_20260827_0900,2026-08-27 09:00:00
2026-07-10,136011155,1985,0,18.5888002478,-8.5198667802,-8.5198667802,0.2500000,4,4,0.38469675000000000,0.384696750000,-0.5537111253302774,-0.5537111253302774,-0.5537111253302774,0E-17,ELIGIBLE,R03b_20260811_FULL_v1,L1_ELIGIBILITY,v2026-08-11,2026-03-21..2026-08-06,baccarat_bet02_101_all_pairs_incl_sentinel,round_win = game_pnl > 0 (decisive only),COMPATIBILITY_ONLY_NOT_PRODUCTION,2832.6978,2600.9943,166.8443,356,342,-0.05889944,-0.05889944,,-0.05889944,-166.8443,2832.6978,OK,0.0000,5.0053,3.0000,97.0000,AG03-UNRESOLVED,ALL5_LEVELS_bet23_to_bet27,5.0053,5.0053,5.0053,6.6738,6.6738,3.000000,3.000000,3.000000,4.000000,4.000000,97.000000,97.000000,97.000000,96.000000,96.000000,5.0,28.3635,26.5083,138.4808,140.336,PENDING_AG03,FALSE,NOT_FOR_ENFORCEMENT,161.8390,2522.9645,166.8443,161.8390,5.0053,0.05889944,0.05713246,5.0053,161.8390,0.05713246,5.0053,5.0053,5.0053,6.6738,6.6738,161.8390,0.05713246,28.3635,26.5083,138.4808,140.336,0.04888654,0.04954146,0.00176698,7.9570,7.6052,0.4878,20.8555,1.3565,354.0872,42.7500,7.9570,,5.1636,7.7055,10.2741,12.8426,15.4111,20.6479,7.7055,-0.2569,2.0,2.67961,1.032635,29,62,8,6,1.00000000,0.05889944,0.05889944,0E-8,0.000000,0.918204,0.000000,,2026-07-09,2026-08-06,8,123,81,29,0.275862,,1.000000,3.333333,,,,,,,,GLOBAL_BASELINE_NO_ENTITY_RANKING,,,NOT_APPLICABLE_GLOBAL_BASELINE,HF9g-P5,,,,X 全窗基线 · 不参与实体赏罚,6875540,688,A168_HF9F_20260827_0900,2026-08-27 09:00:00
2026-07-10,136011155,2101,0,5.4217334056,-5.4217334056,-5.4217334056,0E-7,1,1,0.49324550000000000,0.493245500000,-0.9865810262130424,-0.9865810262130424,-0.9865810262130424,0E-17,ELIGIBLE,R03b_20260811_FULL_v1,L1_ELIGIBILITY,v2026-08-11,2026-03-21..2026-08-06,baccarat_bet02_101_all_pairs_incl_sentinel,round_win = game_pnl > 0 (decisive only),COMPATIBILITY_ONLY_NOT_PRODUCTION,2832.6978,2600.9943,166.8443,356,342,-0.05889944,-0.05889944,,-0.05889944,-166.8443,2832.6978,OK,0.0000,5.0053,3.0000,97.0000,AG03-UNRESOLVED,ALL5_LEVELS_bet23_to_bet27,5.0053,5.0053,5.0053,6.6738,6.6738,3.000000,3.000000,3.000000,4.000000,4.000000,97.000000,97.000000,97.000000,96.000000,96.000000,5.0,28.3635,26.5083,138.4808,140.336,PENDING_AG03,FALSE,NOT_FOR_ENFORCEMENT,161.8390,2522.9645,166.8443,161.8390,5.0053,0.05889944,0.05713246,5.0053,161.8390,0.05713246,5.0053,5.0053,5.0053,6.6738,6.6738,161.8390,0.05713246,28.3635,26.5083,138.4808,140.336,0.04888654,0.04954146,0.00176698,7.9570,7.6052,0.4878,20.8555,1.3565,354.0872,42.7500,7.9570,,5.1636,7.7055,10.2741,12.8426,15.4111,20.6479,7.7055,-0.2569,2.0,2.67961,1.032635,29,62,8,6,1.00000000,0.05889944,0.05889944,0E-8,0.000000,0.918204,0.000000,,2026-07-09,2026-08-06,8,123,81,29,0.275862,,1.000000,3.333333,,,,,,,,GLOBAL_BASELINE_NO_ENTITY_RANKING,,,NOT_APPLICABLE_GLOBAL_BASELINE,HF9g-P5,,,,X 全窗基线 · 不参与实体赏罚,6875541,688,A168_HF9F_20260827_0900,2026-08-27 09:00:00
2026-07-10,136011155,2127,0,9.2944001239,9.0362223427,9.0362223427,1.0000000,2,2,0.49994810000000000,0.499948100000,1.4143603653603398,1.4143603653603398,1.4143603653603398,0E-17,ELIGIBLE,R03b_20260811_FULL_v1,L1_ELIGIBILITY,v2026-08-11,2026-03-21..2026-08-06,baccarat_bet02_101_all_pairs_incl_sentinel,round_win = game_pnl > 0 (decisive only),COMPATIBILITY_ONLY_NOT_PRODUCTION,2832.6978,2600.9943,166.8443,356,342,-0.05889944,-0.05889944,,-0.05889944,-166.8443,2832.6978,OK,0.0000,5.0053,3.0000,97.0000,AG03-UNRESOLVED,ALL5_LEVELS_bet23_to_bet27,5.0053,5.0053,5.0053,6.6738,6.6738,3.000000,3.000000,3.000000,4.000000,4.000000,97.000000,97.000000,97.000000,96.000000,96.000000,5.0,28.3635,26.5083,138.4808,140.336,PENDING_AG03,FALSE,NOT_FOR_ENFORCEMENT,161.8390,2522.9645,166.8443,161.8390,5.0053,0.05889944,0.05713246,5.0053,161.8390,0.05713246,5.0053,5.0053,5.0053,6.6738,6.6738,161.8390,0.05713246,28.3635,26.5083,138.4808,140.336,0.04888654,0.04954146,0.00176698,7.9570,7.6052,0.4878,20.8555,1.3565,354.0872,42.7500,7.9570,,5.1636,7.7055,10.2741,12.8426,15.4111,20.6479,7.7055,-0.2569,2.0,2.67961,1.032635,29,62,8,6,1.00000000,0.05889944,0.05889944,0E-8,0.000000,0.918204,0.000000,,2026-07-09,2026-08-06,8,123,81,29,0.275862,,1.000000,3.333333,,,,,,,,GLOBAL_BASELINE_NO_ENTITY_RANKING,,,NOT_APPLICABLE_GLOBAL_BASELINE,HF9g-P5,,,,X 全窗基线 · 不参与实体赏罚,6875542,688,A168_HF9F_20260827_0900,2026-08-27 09:00:00
2026-07-10,136011155,2223,0,23.4941780910,-17.8142669042,-17.8142669042,0.3333333,3,3,0.49771390000000000,0.497713900000,-0.5694369385616226,-0.5694369385616226,-0.5694369385616226,0E-17,ELIGIBLE,R03b_20260811_FULL_v1,L1_ELIGIBILITY,v2026-08-11,2026-03-21..2026-08-06,baccarat_bet02_101_all_pairs_incl_sentinel,round_win = game_pnl > 0 (decisive only),COMPATIBILITY_ONLY_NOT_PRODUCTION,2832.6978,2600.9943,166.8443,356,342,-0.05889944,-0.05889944,,-0.05889944,-166.8443,2832.6978,OK,0.0000,5.0053,3.0000,97.0000,AG03-UNRESOLVED,ALL5_LEVELS_bet23_to_bet27,5.0053,5.0053,5.0053,6.6738,6.6738,3.000000,3.000000,3.000000,4.000000,4.000000,97.000000,97.000000,97.000000,96.000000,96.000000,5.0,28.3635,26.5083,138.4808,140.336,PENDING_AG03,FALSE,NOT_FOR_ENFORCEMENT,161.8390,2522.9645,166.8443,161.8390,5.0053,0.05889944,0.05713246,5.0053,161.8390,0.05713246,5.0053,5.0053,5.0053,6.6738,6.6738,161.8390,0.05713246,28.3635,26.5083,138.4808,140.336,0.04888654,0.04954146,0.00176698,7.9570,7.6052,0.4878,20.8555,1.3565,354.0872,42.7500,7.9570,,5.1636,7.7055,10.2741,12.8426,15.4111,20.6479,7.7055,-0.2569,2.0,2.67961,1.032635,29,62,8,6,1.00000000,0.05889944,0.05889944,0E-8,0.000000,0.918204,0.000000,,2026-07-09,2026-08-06,8,123,81,29,0.275862,,1.000000,3.333333,,,,,,,,GLOBAL_BASELINE_NO_ENTITY_RANKING,,,NOT_APPLICABLE_GLOBAL_BASELINE,HF9g-P5,,,,X 全窗基线 · 不参与实体赏罚,6875543,688,A168_HF9F_20260827_0900,2026-08-27 09:00:00
2026-07-10,136011155,2250,0,4.1308444995,4.1308444995,4.1308444995,1.0000000,1,1,0.49324550000000000,0.493245500000,1.01360149184955,1.01360149184955,1.01360149184955,0E-17,ELIGIBLE,R03b_20260811_FULL_v1,L1_ELIGIBILITY,v2026-08-11,2026-03-21..2026-08-06,baccarat_bet02_101_all_pairs_incl_sentinel,round_win = game_pnl > 0 (decisive only),COMPATIBILITY_ONLY_NOT_PRODUCTION,2832.6978,2600.9943,166.8443,356,342,-0.05889944,-0.05889944,,-0.05889944,-166.8443,2832.6978,OK,0.0000,5.0053,3.0000,97.0000,AG03-UNRESOLVED,ALL5_LEVELS_bet23_to_bet27,5.0053,5.0053,5.0053,6.6738,6.6738,3.000000,3.000000,3.000000,4.000000,4.000000,97.000000,97.000000,97.000000,96.000000,96.000000,5.0,28.3635,26.5083,138.4808,140.336,PENDING_AG03,FALSE,NOT_FOR_ENFORCEMENT,161.8390,2522.9645,166.8443,161.8390,5.0053,0.05889944,0.05713246,5.0053,161.8390,0.05713246,5.0053,5.0053,5.0053,6.6738,6.6738,161.8390,0.05713246,28.3635,26.5083,138.4808,140.336,0.04888654,0.04954146,0.00176698,7.9570,7.6052,0.4878,20.8555,1.3565,354.0872,42.7500,7.9570,,5.1636,7.7055,10.2741,12.8426,15.4111,20.6479,7.7055,-0.2569,2.0,2.67961,1.032635,29,62,8,6,1.00000000,0.05889944,0.05889944,0E-8,0.000000,0.918204,0.000000,,2026-07-09,2026-08-06,8,123,81,29,0.275862,,1.000000,3.333333,,,,,,,,GLOBAL_BASELINE_NO_ENTITY_RANKING,,,NOT_APPLICABLE_GLOBAL_BASELINE,HF9g-P5,,,,X 全窗基线 · 不参与实体赏罚,6875544,688,A168_HF9F_20260827_0900,2026-08-27 09:00:00
2026-07-10,136011155,2267,0,15.4906668732,-15.4906668732,-15.4906668732,0E-7,1,1,0.50665070000000000,0.506650700000,-1.013391052207602,-1.013391052207602,-1.013391052207602,0E-17,ELIGIBLE,R03b_20260811_FULL_v1,L1_ELIGIBILITY,v2026-08-11,2026-03-21..2026-08-06,baccarat_bet02_101_all_pairs_incl_sentinel,round_win = game_pnl > 0 (decisive only),COMPATIBILITY_ONLY_NOT_PRODUCTION,2832.6978,2600.9943,166.8443,356,342,-0.05889944,-0.05889944,,-0.05889944,-166.8443,2832.6978,OK,0.0000,5.0053,3.0000,97.0000,AG03-UNRESOLVED,ALL5_LEVELS_bet23_to_bet27,5.0053,5.0053,5.0053,6.6738,6.6738,3.000000,3.000000,3.000000,4.000000,4.000000,97.000000,97.000000,97.000000,96.000000,96.000000,5.0,28.3635,26.5083,138.4808,140.336,PENDING_AG03,FALSE,NOT_FOR_ENFORCEMENT,161.8390,2522.9645,166.8443,161.8390,5.0053,0.05889944,0.05713246,5.0053,161.8390,0.05713246,5.0053,5.0053,5.0053,6.6738,6.6738,161.8390,0.05713246,28.3635,26.5083,138.4808,140.336,0.04888654,0.04954146,0.00176698,7.9570,7.6052,0.4878,20.8555,1.3565,354.0872,42.7500,7.9570,,5.1636,7.7055,10.2741,12.8426,15.4111,20.6479,7.7055,-0.2569,2.0,2.67961,1.032635,29,62,8,6,1.00000000,0.05889944,0.05889944,0E-8,0.000000,0.918204,0.000000,,2026-07-09,2026-08-06,8,123,81,29,0.275862,,1.000000,3.333333,,,,,,,,GLOBAL_BASELINE_NO_ENTITY_RANKING,,,NOT_APPLICABLE_GLOBAL_BASELINE,HF9g-P5,,,,X 全窗基线 · 不参与实体赏罚,6875545,688,A168_HF9F_20260827_0900,2026-08-27 09:00:00
2026-07-10,136011155,994,0,27.8832003718,-14.9743113108,-14.9743113108,0.2500000,5,5,0.49592654000000000,0.495926540000,-0.983738807048034,-0.983738807048034,-0.983738807048034,0E-17,ELIGIBLE,R03b_20260811_FULL_v1,L1_ELIGIBILITY,v2026-08-11,2026-03-21..2026-08-06,baccarat_bet02_101_all_pairs_incl_sentinel,round_win = game_pnl > 0 (decisive only),COMPATIBILITY_ONLY_NOT_PRODUCTION,2832.6978,2600.9943,166.8443,356,342,-0.05889944,-0.05889944,,-0.05889944,-166.8443,2832.6978,OK,0.0000,5.0053,3.0000,97.0000,AG03-UNRESOLVED,ALL5_LEVELS_bet23_to_bet27,5.0053,5.0053,5.0053,6.6738,6.6738,3.000000,3.000000,3.000000,4.000000,4.000000,97.000000,97.000000,97.000000,96.000000,96.000000,5.0,28.3635,26.5083,138.4808,140.336,PENDING_AG03,FALSE,NOT_FOR_ENFORCEMENT,161.8390,2522.9645,166.8443,161.8390,5.0053,0.05889944,0.05713246,5.0053,161.8390,0.05713246,5.0053,5.0053,5.0053,6.6738,6.6738,161.8390,0.05713246,28.3635,26.5083,138.4808,140.336,0.04888654,0.04954146,0.00176698,7.9570,7.6052,0.4878,20.8555,1.3565,354.0872,42.7500,7.9570,,5.1636,7.7055,10.2741,12.8426,15.4111,20.6479,7.7055,-0.2569,2.0,2.67961,1.032635,29,62,8,6,1.00000000,0.05889944,0.05889944,0E-8,0.000000,0.918204,0.000000,,2026-07-09,2026-08-06,8,123,81,29,0.275862,,1.000000,3.333333,,,,,,,,GLOBAL_BASELINE_NO_ENTITY_RANKING,,,NOT_APPLICABLE_GLOBAL_BASELINE,HF9g-P5,,,,X 全窗基线 · 不参与实体赏罚,6875546,688,A168_HF9F_20260827_0900,2026-08-27 09:00:00
2026-07-23,136011155,-1,1,10.3271112488,4.9053778432,4.9053778432,1.0000000,3,3,0.50218230000000000,0.502182300000,1.4080544974538591,1.4080544974538591,1.4080544974538591,0E-17,SENTINEL_DEALER,R03b_20260811_FULL_v1,L1_ELIGIBILITY,v2026-08-11,2026-03-21..2026-08-06,baccarat_bet02_101_all_pairs_incl_sentinel,round_win = game_pnl > 0 (decisive only),COMPATIBILITY_ONLY_NOT_PRODUCTION,2832.6978,2600.9943,166.8443,356,342,-0.05889944,-0.05889944,,-0.05889944,-166.8443,2832.6978,OK,0.0000,5.0053,3.0000,97.0000,AG03-UNRESOLVED,ALL5_LEVELS_bet23_to_bet27,5.0053,5.0053,5.0053,6.6738,6.6738,3.000000,3.000000,3.000000,4.000000,4.000000,97.000000,97.000000,97.000000,96.000000,96.000000,5.0,28.3635,26.5083,138.4808,140.336,PENDING_AG03,FALSE,NOT_FOR_ENFORCEMENT,161.8390,2522.9645,166.8443,161.8390,5.0053,0.05889944,0.05713246,5.0053,161.8390,0.05713246,5.0053,5.0053,5.0053,6.6738,6.6738,161.8390,0.05713246,28.3635,26.5083,138.4808,140.336,0.04888654,0.04954146,0.00176698,7.9570,7.6052,0.4878,20.8555,1.3565,354.0872,42.7500,7.9570,,5.1636,7.7055,10.2741,12.8426,15.4111,20.6479,7.7055,-0.2569,2.0,2.67961,1.032635,29,62,8,6,1.00000000,0.05889944,0.05889944,0E-8,0.000000,0.918204,0.000000,,2026-07-09,2026-08-06,8,123,81,29,0.275862,,1.000000,3.333333,,,,,,,,GLOBAL_BASELINE_NO_ENTITY_RANKING,,,NOT_APPLICABLE_GLOBAL_BASELINE,HF9g-P5,,,,X 全窗基线 · 不参与实体赏罚,6875547,688,A168_HF9F_20260827_0900,2026-08-27 09:00:00
2026-07-23,136011155,1384,0,12.6507112798,-12.6507112798,-12.6507112798,0E-7,2,2,0.49994810000000000,0.499948100000,-1.4140667746232096,-1.4140667746232096,-1.4140667746232096,0E-17,ELIGIBLE,R03b_20260811_FULL_v1,L1_ELIGIBILITY,v2026-08-11,2026-03-21..2026-08-06,baccarat_bet02_101_all_pairs_incl_sentinel,round_win = game_pnl > 0 (decisive only),COMPATIBILITY_ONLY_NOT_PRODUCTION,2832.6978,2600.9943,166.8443,356,342,-0.05889944,-0.05889944,,-0.05889944,-166.8443,2832.6978,OK,0.0000,5.0053,3.0000,97.0000,AG03-UNRESOLVED,ALL5_LEVELS_bet23_to_bet27,5.0053,5.0053,5.0053,6.6738,6.6738,3.000000,3.000000,3.000000,4.000000,4.000000,97.000000,97.000000,97.000000,96.000000,96.000000,5.0,28.3635,26.5083,138.4808,140.336,PENDING_AG03,FALSE,NOT_FOR_ENFORCEMENT,161.8390,2522.9645,166.8443,161.8390,5.0053,0.05889944,0.05713246,5.0053,161.8390,0.05713246,5.0053,5.0053,5.0053,6.6738,6.6738,161.8390,0.05713246,28.3635,26.5083,138.4808,140.336,0.04888654,0.04954146,0.00176698,7.9570,7.6052,0.4878,20.8555,1.3565,354.0872,42.7500,7.9570,,5.1636,7.7055,10.2741,12.8426,15.4111,20.6479,7.7055,-0.2569,2.0,2.67961,1.032635,29,62,8,6,1.00000000,0.05889944,0.05889944,0E-8,0.000000,0.918204,0.000000,,2026-07-09,2026-08-06,8,123,81,29,0.275862,,1.000000,3.333333,,,,,,,,GLOBAL_BASELINE_NO_ENTITY_RANKING,,,NOT_APPLICABLE_GLOBAL_BASELINE,HF9g-P5,,,,X 全窗基线 · 不参与实体赏罚,6875548,688,A168_HF9F_20260827_0900,2026-08-27 09:00:00
2026-07-23,136011155,2280,0,12.9088890610,-7.7453334366,-7.7453334366,0E-7,3,3,0.49771390000000000,0.497713900000,-1.4077622098436522,-1.4077622098436524,-1.4077622098436522,0E-17,ELIGIBLE,R03b_20260811_FULL_v1,L1_ELIGIBILITY,v2026-08-11,2026-03-21..2026-08-06,baccarat_bet02_101_all_pairs_incl_sentinel,round_win = game_pnl > 0 (decisive only),COMPATIBILITY_ONLY_NOT_PRODUCTION,2832.6978,2600.9943,166.8443,356,342,-0.05889944,-0.05889944,,-0.05889944,-166.8443,2832.6978,OK,0.0000,5.0053,3.0000,97.0000,AG03-UNRESOLVED,ALL5_LEVELS_bet23_to_bet27,5.0053,5.0053,5.0053,6.6738,6.6738,3.000000,3.000000,3.000000,4.000000,4.000000,97.000000,97.000000,97.000000,96.000000,96.000000,5.0,28.3635,26.5083,138.4808,140.336,PENDING_AG03,FALSE,NOT_FOR_ENFORCEMENT,161.8390,2522.9645,166.8443,161.8390,5.0053,0.05889944,0.05713246,5.0053,161.8390,0.05713246,5.0053,5.0053,5.0053,6.6738,6.6738,161.8390,0.05713246,28.3635,26.5083,138.4808,140.336,0.04888654,0.04954146,0.00176698,7.9570,7.6052,0.4878,20.8555,1.3565,354.0872,42.7500,7.9570,,5.1636,7.7055,10.2741,12.8426,15.4111,20.6479,7.7055,-0.2569,2.0,2.67961,1.032635,29,62,8,6,1.00000000,0.05889944,0.05889944,0E-8,0.000000,0.918204,0.000000,,2026-07-09,2026-08-06,8,123,81,29,0.275862,,1.000000,3.333333,,,,,,,,GLOBAL_BASELINE_NO_ENTITY_RANKING,,,NOT_APPLICABLE_GLOBAL_BASELINE,HF9g-P5,,,,X 全窗基线 · 不参与实体赏罚,6875549,688,A168_HF9F_20260827_0900,2026-08-27 09:00:00
2026-07-28,136011155,-1,1,10.3271112488,-10.3271112488,-10.3271112488,0E-7,2,2,0.50665070000000000,0.506650700000,-1.4331513700195317,-1.4331513700195317,-1.4331513700195317,0E-17,SENTINEL_DEALER,R03b_20260811_FULL_v1,L1_ELIGIBILITY,v2026-08-11,2026-03-21..2026-08-06,baccarat_bet02_101_all_pairs_incl_sentinel,round_win = game_pnl > 0 (decisive only),COMPATIBILITY_ONLY_NOT_PRODUCTION,2832.6978,2600.9943,166.8443,356,342,-0.05889944,-0.05889944,,-0.05889944,-166.8443,2832.6978,OK,0.0000,5.0053,3.0000,97.0000,AG03-UNRESOLVED,ALL5_LEVELS_bet23_to_bet27,5.0053,5.0053,5.0053,6.6738,6.6738,3.000000,3.000000,3.000000,4.000000,4.000000,97.000000,97.000000,97.000000,96.000000,96.000000,5.0,28.3635,26.5083,138.4808,140.336,PENDING_AG03,FALSE,NOT_FOR_ENFORCEMENT,161.8390,2522.9645,166.8443,161.8390,5.0053,0.05889944,0.05713246,5.0053,161.8390,0.05713246,5.0053,5.0053,5.0053,6.6738,6.6738,161.8390,0.05713246,28.3635,26.5083,138.4808,140.336,0.04888654,0.04954146,0.00176698,7.9570,7.6052,0.4878,20.8555,1.3565,354.0872,42.7500,7.9570,,5.1636,7.7055,10.2741,12.8426,15.4111,20.6479,7.7055,-0.2569,2.0,2.67961,1.032635,29,62,8,6,1.00000000,0.05889944,0.05889944,0E-8,0.000000,0.918204,0.000000,,2026-07-09,2026-08-06,8,123,81,29,0.275862,,1.000000,3.333333,,,,,,,,GLOBAL_BASELINE_NO_ENTITY_RANKING,,,NOT_APPLICABLE_GLOBAL_BASELINE,HF9g-P5,,,,X 全窗基线 · 不参与实体赏罚,6875550,688,A168_HF9F_20260827_0900,2026-08-27 09:00:00
2026-07-28,136011155,1374,0,2.5817778122,0E-10,0E-10,,1,1,0.50665070000000000,0.506650700000,,,,0E-17,NO_DECISIVE_ROUND,R03b_20260811_FULL_v1,L1_ELIGIBILITY,v2026-08-11,2026-03-21..2026-08-06,baccarat_bet02_101_all_pairs_incl_sentinel,round_win = game_pnl > 0 (decisive only),COMPATIBILITY_ONLY_NOT_PRODUCTION,2832.6978,2600.9943,166.8443,356,342,-0.05889944,-0.05889944,,-0.05889944,-166.8443,2832.6978,OK,0.0000,5.0053,3.0000,97.0000,AG03-UNRESOLVED,ALL5_LEVELS_bet23_to_bet27,5.0053,5.0053,5.0053,6.6738,6.6738,3.000000,3.000000,3.000000,4.000000,4.000000,97.000000,97.000000,97.000000,96.000000,96.000000,5.0,28.3635,26.5083,138.4808,140.336,PENDING_AG03,FALSE,NOT_FOR_ENFORCEMENT,161.8390,2522.9645,166.8443,161.8390,5.0053,0.05889944,0.05713246,5.0053,161.8390,0.05713246,5.0053,5.0053,5.0053,6.6738,6.6738,161.8390,0.05713246,28.3635,26.5083,138.4808,140.336,0.04888654,0.04954146,0.00176698,7.9570,7.6052,0.4878,20.8555,1.3565,354.0872,42.7500,7.9570,,5.1636,7.7055,10.2741,12.8426,15.4111,20.6479,7.7055,-0.2569,2.0,2.67961,1.032635,29,62,8,6,1.00000000,0.05889944,0.05889944,0E-8,0.000000,0.918204,0.000000,,2026-07-09,2026-08-06,8,123,81,29,0.275862,,1.000000,3.333333,,,,,,,,GLOBAL_BASELINE_NO_ENTITY_RANKING,,,NOT_APPLICABLE_GLOBAL_BASELINE,HF9g-P5,,,,X 全窗基线 · 不参与实体赏罚,6875551,688,A168_HF9F_20260827_0900,2026-08-27 09:00:00
2026-07-28,136011155,1396,0,7.2289778742,6.9966178711,6.9966178711,1.0000000,2,2,0.49994810000000000,0.499948100000,1.4143603653603398,1.4143603653603398,1.4143603653603398,0E-17,ELIGIBLE,R03b_20260811_FULL_v1,L1_ELIGIBILITY,v2026-08-11,2026-03-21..2026-08-06,baccarat_bet02_101_all_pairs_incl_sentinel,round_win = game_pnl > 0 (decisive only),COMPATIBILITY_ONLY_NOT_PRODUCTION,2832.6978,2600.9943,166.8443,356,342,-0.05889944,-0.05889944,,-0.05889944,-166.8443,2832.6978,OK,0.0000,5.0053,3.0000,97.0000,AG03-UNRESOLVED,ALL5_LEVELS_bet23_to_bet27,5.0053,5.0053,5.0053,6.6738,6.6738,3.000000,3.000000,3.000000,4.000000,4.000000,97.000000,97.000000,97.000000,96.000000,96.000000,5.0,28.3635,26.5083,138.4808,140.336,PENDING_AG03,FALSE,NOT_FOR_ENFORCEMENT,161.8390,2522.9645,166.8443,161.8390,5.0053,0.05889944,0.05713246,5.0053,161.8390,0.05713246,5.0053,5.0053,5.0053,6.6738,6.6738,161.8390,0.05713246,28.3635,26.5083,138.4808,140.336,0.04888654,0.04954146,0.00176698,7.9570,7.6052,0.4878,20.8555,1.3565,354.0872,42.7500,7.9570,,5.1636,7.7055,10.2741,12.8426,15.4111,20.6479,7.7055,-0.2569,2.0,2.67961,1.032635,29,62,8,6,1.00000000,0.05889944,0.05889944,0E-8,0.000000,0.918204,0.000000,,2026-07-09,2026-08-06,8,123,81,29,0.275862,,1.000000,3.333333,,,,,,,,GLOBAL_BASELINE_NO_ENTITY_RANKING,,,NOT_APPLICABLE_GLOBAL_BASELINE,HF9g-P5,,,,X 全窗基线 · 不参与实体赏罚,6875552,688,A168_HF9F_20260827_0900,2026-08-27 09:00:00
2026-07-28,136011155,1985,0,18.0724446854,2.5817778122,2.5817778122,0.5000000,2,2,0.49324550000000000,0.493245500000,0.01910635448239258,0.01910635448239258,0.01910635448239258,0E-17,ELIGIBLE,R03b_20260811_FULL_v1,L1_ELIGIBILITY,v2026-08-11,2026-03-21..2026-08-06,baccarat_bet02_101_all_pairs_incl_sentinel,round_win = game_pnl > 0 (decisive only),COMPATIBILITY_ONLY_NOT_PRODUCTION,2832.6978,2600.9943,166.8443,356,342,-0.05889944,-0.05889944,,-0.05889944,-166.8443,2832.6978,OK,0.0000,5.0053,3.0000,97.0000,AG03-UNRESOLVED,ALL5_LEVELS_bet23_to_bet27,5.0053,5.0053,5.0053,6.6738,6.6738,3.000000,3.000000,3.000000,4.000000,4.000000,97.000000,97.000000,97.000000,96.000000,96.000000,5.0,28.3635,26.5083,138.4808,140.336,PENDING_AG03,FALSE,NOT_FOR_ENFORCEMENT,161.8390,2522.9645,166.8443,161.8390,5.0053,0.05889944,0.05713246,5.0053,161.8390,0.05713246,5.0053,5.0053,5.0053,6.6738,6.6738,161.8390,0.05713246,28.3635,26.5083,138.4808,140.336,0.04888654,0.04954146,0.00176698,7.9570,7.6052,0.4878,20.8555,1.3565,354.0872,42.7500,7.9570,,5.1636,7.7055,10.2741,12.8426,15.4111,20.6479,7.7055,-0.2569,2.0,2.67961,1.032635,29,62,8,6,1.00000000,0.05889944,0.05889944,0E-8,0.000000,0.918204,0.000000,,2026-07-09,2026-08-06,8,123,81,29,0.275862,,1.000000,3.333333,,,,,,,,GLOBAL_BASELINE_NO_ENTITY_RANKING,,,NOT_APPLICABLE_GLOBAL_BASELINE,HF9g-P5,,,,X 全窗基线 · 不参与实体赏罚,6875553,688,A168_HF9F_20260827_0900,2026-08-27 09:00:00
2026-07-28,136011155,1990,0,26.0759559032,-0.2581777812,-0.2581777812,0.5000000,4,4,0.49659680000000000,0.496596800000,0.009625926164049043,0.009625926164049045,0.009625926164049043,0E-17,ELIGIBLE,R03b_20260811_FULL_v1,L1_ELIGIBILITY,v2026-08-11,2026-03-21..2026-08-06,baccarat_bet02_101_all_pairs_incl_sentinel,round_win = game_pnl > 0 (decisive only),COMPATIBILITY_ONLY_NOT_PRODUCTION,2832.6978,2600.9943,166.8443,356,342,-0.05889944,-0.05889944,,-0.05889944,-166.8443,2832.6978,OK,0.0000,5.0053,3.0000,97.0000,AG03-UNRESOLVED,ALL5_LEVELS_bet23_to_bet27,5.0053,5.0053,5.0053,6.6738,6.6738,3.000000,3.000000,3.000000,4.000000,4.000000,97.000000,97.000000,97.000000,96.000000,96.000000,5.0,28.3635,26.5083,138.4808,140.336,PENDING_AG03,FALSE,NOT_FOR_ENFORCEMENT,161.8390,2522.9645,166.8443,161.8390,5.0053,0.05889944,0.05713246,5.0053,161.8390,0.05713246,5.0053,5.0053,5.0053,6.6738,6.6738,161.8390,0.05713246,28.3635,26.5083,138.4808,140.336,0.04888654,0.04954146,0.00176698,7.9570,7.6052,0.4878,20.8555,1.3565,354.0872,42.7500,7.9570,,5.1636,7.7055,10.2741,12.8426,15.4111,20.6479,7.7055,-0.2569,2.0,2.67961,1.032635,29,62,8,6,1.00000000,0.05889944,0.05889944,0E-8,0.000000,0.918204,0.000000,,2026-07-09,2026-08-06,8,123,81,29,0.275862,,1.000000,3.333333,,,,,,,,GLOBAL_BASELINE_NO_ENTITY_RANKING,,,NOT_APPLICABLE_GLOBAL_BASELINE,HF9g-P5,,,,X 全窗基线 · 不参与实体赏罚,6875554,688,A168_HF9F_20260827_0900,2026-08-27 09:00:00
2026-07-28,136011155,2088,0,7.7453334366,2.4526889216,2.4526889216,0.6666667,3,3,0.49771390000000000,0.497713900000,0.5852756695216578,0.5852756695216578,0.5852756695216578,0E-17,ELIGIBLE,R03b_20260811_FULL_v1,L1_ELIGIBILITY,v2026-08-11,2026-03-21..2026-08-06,baccarat_bet02_101_all_pairs_incl_sentinel,round_win = game_pnl > 0 (decisive only),COMPATIBILITY_ONLY_NOT_PRODUCTION,2832.6978,2600.9943,166.8443,356,342,-0.05889944,-0.05889944,,-0.05889944,-166.8443,2832.6978,OK,0.0000,5.0053,3.0000,97.0000,AG03-UNRESOLVED,ALL5_LEVELS_bet23_to_bet27,5.0053,5.0053,5.0053,6.6738,6.6738,3.000000,3.000000,3.000000,4.000000,4.000000,97.000000,97.000000,97.000000,96.000000,96.000000,5.0,28.3635,26.5083,138.4808,140.336,PENDING_AG03,FALSE,NOT_FOR_ENFORCEMENT,161.8390,2522.9645,166.8443,161.8390,5.0053,0.05889944,0.05713246,5.0053,161.8390,0.05713246,5.0053,5.0053,5.0053,6.6738,6.6738,161.8390,0.05713246,28.3635,26.5083,138.4808,140.336,0.04888654,0.04954146,0.00176698,7.9570,7.6052,0.4878,20.8555,1.3565,354.0872,42.7500,7.9570,,5.1636,7.7055,10.2741,12.8426,15.4111,20.6479,7.7055,-0.2569,2.0,2.67961,1.032635,29,62,8,6,1.00000000,0.05889944,0.05889944,0E-8,0.000000,0.918204,0.000000,,2026-07-09,2026-08-06,8,123,81,29,0.275862,,1.000000,3.333333,,,,,,,,GLOBAL_BASELINE_NO_ENTITY_RANKING,,,NOT_APPLICABLE_GLOBAL_BASELINE,HF9g-P5,,,,X 全窗基线 · 不参与实体赏罚,6875555,688,A168_HF9F_20260827_0900,2026-08-27 09:00:00
2026-07-28,136011155,2174,0,71.7734231791,21.5449358429,21.5449358429,0.6000000,11,11,0.49933877272727273,0.499338772727,0.6366380572032987,0.6366380572050242,0.6366380572032987,2.7273E-13,ELIGIBLE,R03b_20260811_FULL_v1,L1_ELIGIBILITY,v2026-08-11,2026-03-21..2026-08-06,baccarat_bet02_101_all_pairs_incl_sentinel,round_win = game_pnl > 0 (decisive only),COMPATIBILITY_ONLY_NOT_PRODUCTION,2832.6978,2600.9943,166.8443,356,342,-0.05889944,-0.05889944,,-0.05889944,-166.8443,2832.6978,OK,0.0000,5.0053,3.0000,97.0000,AG03-UNRESOLVED,ALL5_LEVELS_bet23_to_bet27,5.0053,5.0053,5.0053,6.6738,6.6738,3.000000,3.000000,3.000000,4.000000,4.000000,97.000000,97.000000,97.000000,96.000000,96.000000,5.0,28.3635,26.5083,138.4808,140.336,PENDING_AG03,FALSE,NOT_FOR_ENFORCEMENT,161.8390,2522.9645,166.8443,161.8390,5.0053,0.05889944,0.05713246,5.0053,161.8390,0.05713246,5.0053,5.0053,5.0053,6.6738,6.6738,161.8390,0.05713246,28.3635,26.5083,138.4808,140.336,0.04888654,0.04954146,0.00176698,7.9570,7.6052,0.4878,20.8555,1.3565,354.0872,42.7500,7.9570,,5.1636,7.7055,10.2741,12.8426,15.4111,20.6479,7.7055,-0.2569,2.0,2.67961,1.032635,29,62,8,6,1.00000000,0.05889944,0.05889944,0E-8,0.000000,0.918204,0.000000,,2026-07-09,2026-08-06,8,123,81,29,0.275862,,1.000000,3.333333,,,,,,,,GLOBAL_BASELINE_NO_ENTITY_RANKING,,,NOT_APPLICABLE_GLOBAL_BASELINE,HF9g-P5,,,,X 全窗基线 · 不参与实体赏罚,6875556,688,A168_HF9F_20260827_0900,2026-08-27 09:00:00
2026-07-28,136011155,2242,0,2.5817778122,2.4526889216,2.4526889216,1.0000000,1,1,0.50665070000000000,0.506650700000,0.9867858985152569,0.9867858985152569,0.9867858985152569,0E-17,ELIGIBLE,R03b_20260811_FULL_v1,L1_ELIGIBILITY,v2026-08-11,2026-03-21..2026-08-06,baccarat_bet02_101_all_pairs_incl_sentinel,round_win = game_pnl > 0 (decisive only),COMPATIBILITY_ONLY_NOT_PRODUCTION,2832.6978,2600.9943,166.8443,356,342,-0.05889944,-0.05889944,,-0.05889944,-166.8443,2832.6978,OK,0.0000,5.0053,3.0000,97.0000,AG03-UNRESOLVED,ALL5_LEVELS_bet23_to_bet27,5.0053,5.0053,5.0053,6.6738,6.6738,3.000000,3.000000,3.000000,4.000000,4.000000,97.000000,97.000000,97.000000,96.000000,96.000000,5.0,28.3635,26.5083,138.4808,140.336,PENDING_AG03,FALSE,NOT_FOR_ENFORCEMENT,161.8390,2522.9645,166.8443,161.8390,5.0053,0.05889944,0.05713246,5.0053,161.8390,0.05713246,5.0053,5.0053,5.0053,6.6738,6.6738,161.8390,0.05713246,28.3635,26.5083,138.4808,140.336,0.04888654,0.04954146,0.00176698,7.9570,7.6052,0.4878,20.8555,1.3565,354.0872,42.7500,7.9570,,5.1636,7.7055,10.2741,12.8426,15.4111,20.6479,7.7055,-0.2569,2.0,2.67961,1.032635,29,62,8,6,1.00000000,0.05889944,0.05889944,0E-8,0.000000,0.918204,0.000000,,2026-07-09,2026-08-06,8,123,81,29,0.275862,,1.000000,3.333333,,,,,,,,GLOBAL_BASELINE_NO_ENTITY_RANKING,,,NOT_APPLICABLE_GLOBAL_BASELINE,HF9g-P5,,,,X 全窗基线 · 不参与实体赏罚,6875557,688,A168_HF9F_20260827_0900,2026-08-27 09:00:00
2026-07-28,136011155,2250,0,5.1635556244,0E-10,0E-10,,1,1,0.49324550000000000,0.493245500000,,,,0E-17,NO_DECISIVE_ROUND,R03b_20260811_FULL_v1,L1_ELIGIBILITY,v2026-08-11,2026-03-21..2026-08-06,baccarat_bet02_101_all_pairs_incl_sentinel,round_win = game_pnl > 0 (decisive only),COMPATIBILITY_ONLY_NOT_PRODUCTION,2832.6978,2600.9943,166.8443,356,342,-0.05889944,-0.05889944,,-0.05889944,-166.8443,2832.6978,OK,0.0000,5.0053,3.0000,97.0000,AG03-UNRESOLVED,ALL5_LEVELS_bet23_to_bet27,5.0053,5.0053,5.0053,6.6738,6.6738,3.000000,3.000000,3.000000,4.000000,4.000000,97.000000,97.000000,97.000000,96.000000,96.000000,5.0,28.3635,26.5083,138.4808,140.336,PENDING_AG03,FALSE,NOT_FOR_ENFORCEMENT,161.8390,2522.9645,166.8443,161.8390,5.0053,0.05889944,0.05713246,5.0053,161.8390,0.05713246,5.0053,5.0053,5.0053,6.6738,6.6738,161.8390,0.05713246,28.3635,26.5083,138.4808,140.336,0.04888654,0.04954146,0.00176698,7.9570,7.6052,0.4878,20.8555,1.3565,354.0872,42.7500,7.9570,,5.1636,7.7055,10.2741,12.8426,15.4111,20.6479,7.7055,-0.2569,2.0,2.67961,1.032635,29,62,8,6,1.00000000,0.05889944,0.05889944,0E-8,0.000000,0.918204,0.000000,,2026-07-09,2026-08-06,8,123,81,29,0.275862,,1.000000,3.333333,,,,,,,,GLOBAL_BASELINE_NO_ENTITY_RANKING,,,NOT_APPLICABLE_GLOBAL_BASELINE,HF9g-P5,,,,X 全窗基线 · 不参与实体赏罚,6875558,688,A168_HF9F_20260827_0900,2026-08-27 09:00:00
2026-07-28,136011155,2258,0,2.5817778122,2.4526889216,2.4526889216,1.0000000,1,1,0.50665070000000000,0.506650700000,0.9867858985152569,0.9867858985152569,0.9867858985152569,0E-17,ELIGIBLE,R03b_20260811_FULL_v1,L1_ELIGIBILITY,v2026-08-11,2026-03-21..2026-08-06,baccarat_bet02_101_all_pairs_incl_sentinel,round_win = game_pnl > 0 (decisive only),COMPATIBILITY_ONLY_NOT_PRODUCTION,2832.6978,2600.9943,166.8443,356,342,-0.05889944,-0.05889944,,-0.05889944,-166.8443,2832.6978,OK,0.0000,5.0053,3.0000,97.0000,AG03-UNRESOLVED,ALL5_LEVELS_bet23_to_bet27,5.0053,5.0053,5.0053,6.6738,6.6738,3.000000,3.000000,3.000000,4.000000,4.000000,97.000000,97.000000,97.000000,96.000000,96.000000,5.0,28.3635,26.5083,138.4808,140.336,PENDING_AG03,FALSE,NOT_FOR_ENFORCEMENT,161.8390,2522.9645,166.8443,161.8390,5.0053,0.05889944,0.05713246,5.0053,161.8390,0.05713246,5.0053,5.0053,5.0053,6.6738,6.6738,161.8390,0.05713246,28.3635,26.5083,138.4808,140.336,0.04888654,0.04954146,0.00176698,7.9570,7.6052,0.4878,20.8555,1.3565,354.0872,42.7500,7.9570,,5.1636,7.7055,10.2741,12.8426,15.4111,20.6479,7.7055,-0.2569,2.0,2.67961,1.032635,29,62,8,6,1.00000000,0.05889944,0.05889944,0E-8,0.000000,0.918204,0.000000,,2026-07-09,2026-08-06,8,123,81,29,0.275862,,1.000000,3.333333,,,,,,,,GLOBAL_BASELINE_NO_ENTITY_RANKING,,,NOT_APPLICABLE_GLOBAL_BASELINE,HF9g-P5,,,,X 全窗基线 · 不参与实体赏罚,6875559,688,A168_HF9F_20260827_0900,2026-08-27 09:00:00
2026-07-29,136011155,-1,1,116.9545348927,-34.5958226835,-34.5958226835,0.3750000,21,21,0.49771390000000000,0.497713900000,-0.9817214615035085,-0.9817214615035086,-0.9817214615035085,0E-17,SENTINEL_DEALER,R03b_20260811_FULL_v1,L1_ELIGIBILITY,v2026-08-11,2026-03-21..2026-08-06,baccarat_bet02_101_all_pairs_incl_sentinel,round_win = game_pnl > 0 (decisive only),COMPATIBILITY_ONLY_NOT_PRODUCTION,2832.6978,2600.9943,166.8443,356,342,-0.05889944,-0.05889944,,-0.05889944,-166.8443,2832.6978,OK,0.0000,5.0053,3.0000,97.0000,AG03-UNRESOLVED,ALL5_LEVELS_bet23_to_bet27,5.0053,5.0053,5.0053,6.6738,6.6738,3.000000,3.000000,3.000000,4.000000,4.000000,97.000000,97.000000,97.000000,96.000000,96.000000,5.0,28.3635,26.5083,138.4808,140.336,PENDING_AG03,FALSE,NOT_FOR_ENFORCEMENT,161.8390,2522.9645,166.8443,161.8390,5.0053,0.05889944,0.05713246,5.0053,161.8390,0.05713246,5.0053,5.0053,5.0053,6.6738,6.6738,161.8390,0.05713246,28.3635,26.5083,138.4808,140.336,0.04888654,0.04954146,0.00176698,7.9570,7.6052,0.4878,20.8555,1.3565,354.0872,42.7500,7.9570,,5.1636,7.7055,10.2741,12.8426,15.4111,20.6479,7.7055,-0.2569,2.0,2.67961,1.032635,29,62,8,6,1.00000000,0.05889944,0.05889944,0E-8,0.000000,0.918204,0.000000,,2026-07-09,2026-08-06,8,123,81,29,0.275862,,1.000000,3.333333,,,,,,,,GLOBAL_BASELINE_NO_ENTITY_RANKING,,,NOT_APPLICABLE_GLOBAL_BASELINE,HF9g-P5,,,,X 全窗基线 · 不参与实体赏罚,6875560,688,A168_HF9F_20260827_0900,2026-08-27 09:00:00
2026-07-29,136011155,1094,0,15.4906668732,-5.4217334056,-5.4217334056,0.3333333,3,3,0.50665070000000000,0.506650700000,-0.6004420894325239,-0.6004420894325239,-0.6004420894325239,0E-17,ELIGIBLE,R03b_20260811_FULL_v1,L1_ELIGIBILITY,v2026-08-11,2026-03-21..2026-08-06,baccarat_bet02_101_all_pairs_incl_sentinel,round_win = game_pnl > 0 (decisive only),COMPATIBILITY_ONLY_NOT_PRODUCTION,2832.6978,2600.9943,166.8443,356,342,-0.05889944,-0.05889944,,-0.05889944,-166.8443,2832.6978,OK,0.0000,5.0053,3.0000,97.0000,AG03-UNRESOLVED,ALL5_LEVELS_bet23_to_bet27,5.0053,5.0053,5.0053,6.6738,6.6738,3.000000,3.000000,3.000000,4.000000,4.000000,97.000000,97.000000,97.000000,96.000000,96.000000,5.0,28.3635,26.5083,138.4808,140.336,PENDING_AG03,FALSE,NOT_FOR_ENFORCEMENT,161.8390,2522.9645,166.8443,161.8390,5.0053,0.05889944,0.05713246,5.0053,161.8390,0.05713246,5.0053,5.0053,5.0053,6.6738,6.6738,161.8390,0.05713246,28.3635,26.5083,138.4808,140.336,0.04888654,0.04954146,0.00176698,7.9570,7.6052,0.4878,20.8555,1.3565,354.0872,42.7500,7.9570,,5.1636,7.7055,10.2741,12.8426,15.4111,20.6479,7.7055,-0.2569,2.0,2.67961,1.032635,29,62,8,6,1.00000000,0.05889944,0.05889944,0E-8,0.000000,0.918204,0.000000,,2026-07-09,2026-08-06,8,123,81,29,0.275862,,1.000000,3.333333,,,,,,,,GLOBAL_BASELINE_NO_ENTITY_RANKING,,,NOT_APPLICABLE_GLOBAL_BASELINE,HF9g-P5,,,,X 全窗基线 · 不参与实体赏罚,6875561,688,A168_HF9F_20260827_0900,2026-08-27 09:00:00
2026-07-29,136011155,1383,0,5.1635556244,4.9053778432,4.9053778432,1.0000000,1,1,0.50665070000000000,0.506650700000,0.9867858985152569,0.9867858985152569,0.9867858985152569,0E-17,ELIGIBLE,R03b_20260811_FULL_v1,L1_ELIGIBILITY,v2026-08-11,2026-03-21..2026-08-06,baccarat_bet02_101_all_pairs_incl_sentinel,round_win = game_pnl > 0 (decisive only),COMPATIBILITY_ONLY_NOT_PRODUCTION,2832.6978,2600.9943,166.8443,356,342,-0.05889944,-0.05889944,,-0.05889944,-166.8443,2832.6978,OK,0.0000,5.0053,3.0000,97.0000,AG03-UNRESOLVED,ALL5_LEVELS_bet23_to_bet27,5.0053,5.0053,5.0053,6.6738,6.6738,3.000000,3.000000,3.000000,4.000000,4.000000,97.000000,97.000000,97.000000,96.000000,96.000000,5.0,28.3635,26.5083,138.4808,140.336,PENDING_AG03,FALSE,NOT_FOR_ENFORCEMENT,161.8390,2522.9645,166.8443,161.8390,5.0053,0.05889944,0.05713246,5.0053,161.8390,0.05713246,5.0053,5.0053,5.0053,6.6738,6.6738,161.8390,0.05713246,28.3635,26.5083,138.4808,140.336,0.04888654,0.04954146,0.00176698,7.9570,7.6052,0.4878,20.8555,1.3565,354.0872,42.7500,7.9570,,5.1636,7.7055,10.2741,12.8426,15.4111,20.6479,7.7055,-0.2569,2.0,2.67961,1.032635,29,62,8,6,1.00000000,0.05889944,0.05889944,0E-8,0.000000,0.918204,0.000000,,2026-07-09,2026-08-06,8,123,81,29,0.275862,,1.000000,3.333333,,,,,,,,GLOBAL_BASELINE_NO_ENTITY_RANKING,,,NOT_APPLICABLE_GLOBAL_BASELINE,HF9g-P5,,,,X 全窗基线 · 不参与实体赏罚,6875562,688,A168_HF9F_20260827_0900,2026-08-27 09:00:00
2026-07-29,136011155,1385,0,24.0105336535,4.0017556089,4.0017556089,0.5000000,4,4,0.50329940000000000,0.503299400000,-0.01319788734859681,-0.01319788734859681,-0.01319788734859681,0E-17,ELIGIBLE,R03b_20260811_FULL_v1,L1_ELIGIBILITY,v2026-08-11,2026-03-21..2026-08-06,baccarat_bet02_101_all_pairs_incl_sentinel,round_win = game_pnl > 0 (decisive only),COMPATIBILITY_ONLY_NOT_PRODUCTION,2832.6978,2600.9943,166.8443,356,342,-0.05889944,-0.05889944,,-0.05889944,-166.8443,2832.6978,OK,0.0000,5.0053,3.0000,97.0000,AG03-UNRESOLVED,ALL5_LEVELS_bet23_to_bet27,5.0053,5.0053,5.0053,6.6738,6.6738,3.000000,3.000000,3.000000,4.000000,4.000000,97.000000,97.000000,97.000000,96.000000,96.000000,5.0,28.3635,26.5083,138.4808,140.336,PENDING_AG03,FALSE,NOT_FOR_ENFORCEMENT,161.8390,2522.9645,166.8443,161.8390,5.0053,0.05889944,0.05713246,5.0053,161.8390,0.05713246,5.0053,5.0053,5.0053,6.6738,6.6738,161.8390,0.05713246,28.3635,26.5083,138.4808,140.336,0.04888654,0.04954146,0.00176698,7.9570,7.6052,0.4878,20.8555,1.3565,354.0872,42.7500,7.9570,,5.1636,7.7055,10.2741,12.8426,15.4111,20.6479,7.7055,-0.2569,2.0,2.67961,1.032635,29,62,8,6,1.00000000,0.05889944,0.05889944,0E-8,0.000000,0.918204,0.000000,,2026-07-09,2026-08-06,8,123,81,29,0.275862,,1.000000,3.333333,,,,,,,,GLOBAL_BASELINE_NO_ENTITY_RANKING,,,NOT_APPLICABLE_GLOBAL_BASELINE,HF9g-P5,,,,X 全窗基线 · 不参与实体赏罚,6875563,688,A168_HF9F_20260827_0900,2026-08-27 09:00:00
2026-07-29,136011155,1623,0,10.3271112488,-10.3271112488,-10.3271112488,0E-7,2,2,0.50665070000000000,0.506650700000,-1.4331513700195317,-1.4331513700195317,-1.4331513700195317,0E-17,ELIGIBLE,R03b_20260811_FULL_v1,L1_ELIGIBILITY,v2026-08-11,2026-03-21..2026-08-06,baccarat_bet02_101_all_pairs_incl_sentinel,round_win = game_pnl > 0 (decisive only),COMPATIBILITY_ONLY_NOT_PRODUCTION,2832.6978,2600.9943,166.8443,356,342,-0.05889944,-0.05889944,,-0.05889944,-166.8443,2832.6978,OK,0.0000,5.0053,3.0000,97.0000,AG03-UNRESOLVED,ALL5_LEVELS_bet23_to_bet27,5.0053,5.0053,5.0053,6.6738,6.6738,3.000000,3.000000,3.000000,4.000000,4.000000,97.000000,97.000000,97.000000,96.000000,96.000000,5.0,28.3635,26.5083,138.4808,140.336,PENDING_AG03,FALSE,NOT_FOR_ENFORCEMENT,161.8390,2522.9645,166.8443,161.8390,5.0053,0.05889944,0.05713246,5.0053,161.8390,0.05713246,5.0053,5.0053,5.0053,6.6738,6.6738,161.8390,0.05713246,28.3635,26.5083,138.4808,140.336,0.04888654,0.04954146,0.00176698,7.9570,7.6052,0.4878,20.8555,1.3565,354.0872,42.7500,7.9570,,5.1636,7.7055,10.2741,12.8426,15.4111,20.6479,7.7055,-0.2569,2.0,2.67961,1.032635,29,62,8,6,1.00000000,0.05889944,0.05889944,0E-8,0.000000,0.918204,0.000000,,2026-07-09,2026-08-06,8,123,81,29,0.275862,,1.000000,3.333333,,,,,,,,GLOBAL_BASELINE_NO_ENTITY_RANKING,,,NOT_APPLICABLE_GLOBAL_BASELINE,HF9g-P5,,,,X 全窗基线 · 不参与实体赏罚,6875564,688,A168_HF9F_20260827_0900,2026-08-27 09:00:00
2026-07-29,136011155,1957,0,10.3271112488,-5.1635556244,-5.1635556244,0.5000000,2,2,0.49324550000000000,0.493245500000,0.01910635448239258,0.01910635448239258,0.01910635448239258,0E-17,ELIGIBLE,R03b_20260811_FULL_v1,L1_ELIGIBILITY,v2026-08-11,2026-03-21..2026-08-06,baccarat_bet02_101_all_pairs_incl_sentinel,round_win = game_pnl > 0 (decisive only),COMPATIBILITY_ONLY_NOT_PRODUCTION,2832.6978,2600.9943,166.8443,356,342,-0.05889944,-0.05889944,,-0.05889944,-166.8443,2832.6978,OK,0.0000,5.0053,3.0000,97.0000,AG03-UNRESOLVED,ALL5_LEVELS_bet23_to_bet27,5.0053,5.0053,5.0053,6.6738,6.6738,3.000000,3.000000,3.000000,4.000000,4.000000,97.000000,97.000000,97.000000,96.000000,96.000000,5.0,28.3635,26.5083,138.4808,140.336,PENDING_AG03,FALSE,NOT_FOR_ENFORCEMENT,161.8390,2522.9645,166.8443,161.8390,5.0053,0.05889944,0.05713246,5.0053,161.8390,0.05713246,5.0053,5.0053,5.0053,6.6738,6.6738,161.8390,0.05713246,28.3635,26.5083,138.4808,140.336,0.04888654,0.04954146,0.00176698,7.9570,7.6052,0.4878,20.8555,1.3565,354.0872,42.7500,7.9570,,5.1636,7.7055,10.2741,12.8426,15.4111,20.6479,7.7055,-0.2569,2.0,2.67961,1.032635,29,62,8,6,1.00000000,0.05889944,0.05889944,0E-8,0.000000,0.918204,0.000000,,2026-07-09,2026-08-06,8,123,81,29,0.275862,,1.000000,3.333333,,,,,,,,GLOBAL_BASELINE_NO_ENTITY_RANKING,,,NOT_APPLICABLE_GLOBAL_BASELINE,HF9g-P5,,,,X 全窗基线 · 不参与实体赏罚,6875565,688,A168_HF9F_20260827_0900,2026-08-27 09:00:00
2026-07-29,136011155,2089,0,10.3271112488,10.0689334676,10.0689334676,1.0000000,2,2,0.49994810000000000,0.499948100000,1.4143603653603398,1.4143603653603398,1.4143603653603398,0E-17,ELIGIBLE,R03b_20260811_FULL_v1,L1_ELIGIBILITY,v2026-08-11,2026-03-21..2026-08-06,baccarat_bet02_101_all_pairs_incl_sentinel,round_win = game_pnl > 0 (decisive only),COMPATIBILITY_ONLY_NOT_PRODUCTION,2832.6978,2600.9943,166.8443,356,342,-0.05889944,-0.05889944,,-0.05889944,-166.8443,2832.6978,OK,0.0000,5.0053,3.0000,97.0000,AG03-UNRESOLVED,ALL5_LEVELS_bet23_to_bet27,5.0053,5.0053,5.0053,6.6738,6.6738,3.000000,3.000000,3.000000,4.000000,4.000000,97.000000,97.000000,97.000000,96.000000,96.000000,5.0,28.3635,26.5083,138.4808,140.336,PENDING_AG03,FALSE,NOT_FOR_ENFORCEMENT,161.8390,2522.9645,166.8443,161.8390,5.0053,0.05889944,0.05713246,5.0053,161.8390,0.05713246,5.0053,5.0053,5.0053,6.6738,6.6738,161.8390,0.05713246,28.3635,26.5083,138.4808,140.336,0.04888654,0.04954146,0.00176698,7.9570,7.6052,0.4878,20.8555,1.3565,354.0872,42.7500,7.9570,,5.1636,7.7055,10.2741,12.8426,15.4111,20.6479,7.7055,-0.2569,2.0,2.67961,1.032635,29,62,8,6,1.00000000,0.05889944,0.05889944,0E-8,0.000000,0.918204,0.000000,,2026-07-09,2026-08-06,8,123,81,29,0.275862,,1.000000,3.333333,,,,,,,,GLOBAL_BASELINE_NO_ENTITY_RANKING,,,NOT_APPLICABLE_GLOBAL_BASELINE,HF9g-P5,,,,X 全窗基线 · 不参与实体赏罚,6875566,688,A168_HF9F_20260827_0900,2026-08-27 09:00:00
2026-07-29,136011155,2101,0,18.3306224666,4.6472000620,4.6472000620,0.6666667,3,3,0.49771390000000000,0.497713900000,0.5852756695216578,0.5852756695216578,0.5852756695216578,0E-17,ELIGIBLE,R03b_20260811_FULL_v1,L1_ELIGIBILITY,v2026-08-11,2026-03-21..2026-08-06,baccarat_bet02_101_all_pairs_incl_sentinel,round_win = game_pnl > 0 (decisive only),COMPATIBILITY_ONLY_NOT_PRODUCTION,2832.6978,2600.9943,166.8443,356,342,-0.05889944,-0.05889944,,-0.05889944,-166.8443,2832.6978,OK,0.0000,5.0053,3.0000,97.0000,AG03-UNRESOLVED,ALL5_LEVELS_bet23_to_bet27,5.0053,5.0053,5.0053,6.6738,6.6738,3.000000,3.000000,3.000000,4.000000,4.000000,97.000000,97.000000,97.000000,96.000000,96.000000,5.0,28.3635,26.5083,138.4808,140.336,PENDING_AG03,FALSE,NOT_FOR_ENFORCEMENT,161.8390,2522.9645,166.8443,161.8390,5.0053,0.05889944,0.05713246,5.0053,161.8390,0.05713246,5.0053,5.0053,5.0053,6.6738,6.6738,161.8390,0.05713246,28.3635,26.5083,138.4808,140.336,0.04888654,0.04954146,0.00176698,7.9570,7.6052,0.4878,20.8555,1.3565,354.0872,42.7500,7.9570,,5.1636,7.7055,10.2741,12.8426,15.4111,20.6479,7.7055,-0.2569,2.0,2.67961,1.032635,29,62,8,6,1.00000000,0.05889944,0.05889944,0E-8,0.000000,0.918204,0.000000,,2026-07-09,2026-08-06,8,123,81,29,0.275862,,1.000000,3.333333,,,,,,,,GLOBAL_BASELINE_NO_ENTITY_RANKING,,,NOT_APPLICABLE_GLOBAL_BASELINE,HF9g-P5,,,,X 全窗基线 · 不参与实体赏罚,6875567,688,A168_HF9F_20260827_0900,2026-08-27 09:00:00
2026-07-29,136011155,2103,0,23.2360003098,2.5817778122,2.5817778122,0.5000000,5,5,0.49592654000000000,0.495926540000,0.016294380756781617,0.016294380756781617,0.016294380756781617,0E-17,ELIGIBLE,R03b_20260811_FULL_v1,L1_ELIGIBILITY,v2026-08-11,2026-03-21..2026-08-06,baccarat_bet02_101_all_pairs_incl_sentinel,round_win = game_pnl > 0 (decisive only),COMPATIBILITY_ONLY_NOT_PRODUCTION,2832.6978,2600.9943,166.8443,356,342,-0.05889944,-0.05889944,,-0.05889944,-166.8443,2832.6978,OK,0.0000,5.0053,3.0000,97.0000,AG03-UNRESOLVED,ALL5_LEVELS_bet23_to_bet27,5.0053,5.0053,5.0053,6.6738,6.6738,3.000000,3.000000,3.000000,4.000000,4.000000,97.000000,97.000000,97.000000,96.000000,96.000000,5.0,28.3635,26.5083,138.4808,140.336,PENDING_AG03,FALSE,NOT_FOR_ENFORCEMENT,161.8390,2522.9645,166.8443,161.8390,5.0053,0.05889944,0.05713246,5.0053,161.8390,0.05713246,5.0053,5.0053,5.0053,6.6738,6.6738,161.8390,0.05713246,28.3635,26.5083,138.4808,140.336,0.04888654,0.04954146,0.00176698,7.9570,7.6052,0.4878,20.8555,1.3565,354.0872,42.7500,7.9570,,5.1636,7.7055,10.2741,12.8426,15.4111,20.6479,7.7055,-0.2569,2.0,2.67961,1.032635,29,62,8,6,1.00000000,0.05889944,0.05889944,0E-8,0.000000,0.918204,0.000000,,2026-07-09,2026-08-06,8,123,81,29,0.275862,,1.000000,3.333333,,,,,,,,GLOBAL_BASELINE_NO_ENTITY_RANKING,,,NOT_APPLICABLE_GLOBAL_BASELINE,HF9g-P5,,,,X 全窗基线 · 不参与实体赏罚,6875568,688,A168_HF9F_20260827_0900,2026-08-27 09:00:00
2026-07-29,136011155,2121,0,12.9088890610,7.7453334366,7.7453334366,1.0000000,2,2,0.49324550000000000,0.493245500000,1.01360149184955,1.01360149184955,1.01360149184955,0E-17,ELIGIBLE,R03b_20260811_FULL_v1,L1_ELIGIBILITY,v2026-08-11,2026-03-21..2026-08-06,baccarat_bet02_101_all_pairs_incl_sentinel,round_win = game_pnl > 0 (decisive only),COMPATIBILITY_ONLY_NOT_PRODUCTION,2832.6978,2600.9943,166.8443,356,342,-0.05889944,-0.05889944,,-0.05889944,-166.8443,2832.6978,OK,0.0000,5.0053,3.0000,97.0000,AG03-UNRESOLVED,ALL5_LEVELS_bet23_to_bet27,5.0053,5.0053,5.0053,6.6738,6.6738,3.000000,3.000000,3.000000,4.000000,4.000000,97.000000,97.000000,97.000000,96.000000,96.000000,5.0,28.3635,26.5083,138.4808,140.336,PENDING_AG03,FALSE,NOT_FOR_ENFORCEMENT,161.8390,2522.9645,166.8443,161.8390,5.0053,0.05889944,0.05713246,5.0053,161.8390,0.05713246,5.0053,5.0053,5.0053,6.6738,6.6738,161.8390,0.05713246,28.3635,26.5083,138.4808,140.336,0.04888654,0.04954146,0.00176698,7.9570,7.6052,0.4878,20.8555,1.3565,354.0872,42.7500,7.9570,,5.1636,7.7055,10.2741,12.8426,15.4111,20.6479,7.7055,-0.2569,2.0,2.67961,1.032635,29,62,8,6,1.00000000,0.05889944,0.05889944,0E-8,0.000000,0.918204,0.000000,,2026-07-09,2026-08-06,8,123,81,29,0.275862,,1.000000,3.333333,,,,,,,,GLOBAL_BASELINE_NO_ENTITY_RANKING,,,NOT_APPLICABLE_GLOBAL_BASELINE,HF9g-P5,,,,X 全窗基线 · 不参与实体赏罚,6875569,688,A168_HF9F_20260827_0900,2026-08-27 09:00:00
2026-07-29,136011155,2156,0,5.9380889681,5.9380889681,5.9380889681,1.0000000,1,1,0.49324550000000000,0.493245500000,1.01360149184955,1.01360149184955,1.01360149184955,0E-17,ELIGIBLE,R03b_20260811_FULL_v1,L1_ELIGIBILITY,v2026-08-11,2026-03-21..2026-08-06,baccarat_bet02_101_all_pairs_incl_sentinel,round_win = game_pnl > 0 (decisive only),COMPATIBILITY_ONLY_NOT_PRODUCTION,2832.6978,2600.9943,166.8443,356,342,-0.05889944,-0.05889944,,-0.05889944,-166.8443,2832.6978,OK,0.0000,5.0053,3.0000,97.0000,AG03-UNRESOLVED,ALL5_LEVELS_bet23_to_bet27,5.0053,5.0053,5.0053,6.6738,6.6738,3.000000,3.000000,3.000000,4.000000,4.000000,97.000000,97.000000,97.000000,96.000000,96.000000,5.0,28.3635,26.5083,138.4808,140.336,PENDING_AG03,FALSE,NOT_FOR_ENFORCEMENT,161.8390,2522.9645,166.8443,161.8390,5.0053,0.05889944,0.05713246,5.0053,161.8390,0.05713246,5.0053,5.0053,5.0053,6.6738,6.6738,161.8390,0.05713246,28.3635,26.5083,138.4808,140.336,0.04888654,0.04954146,0.00176698,7.9570,7.6052,0.4878,20.8555,1.3565,354.0872,42.7500,7.9570,,5.1636,7.7055,10.2741,12.8426,15.4111,20.6479,7.7055,-0.2569,2.0,2.67961,1.032635,29,62,8,6,1.00000000,0.05889944,0.05889944,0E-8,0.000000,0.918204,0.000000,,2026-07-09,2026-08-06,8,123,81,29,0.275862,,1.000000,3.333333,,,,,,,,GLOBAL_BASELINE_NO_ENTITY_RANKING,,,NOT_APPLICABLE_GLOBAL_BASELINE,HF9g-P5,,,,X 全窗基线 · 不参与实体赏罚,6875570,688,A168_HF9F_20260827_0900,2026-08-27 09:00:00
2026-07-29,136011155,2160,0,11.6180001549,11.3598223737,11.3598223737,1.0000000,2,2,0.49994810000000000,0.499948100000,1.4143603653603398,1.4143603653603398,1.4143603653603398,0E-17,ELIGIBLE,R03b_20260811_FULL_v1,L1_ELIGIBILITY,v2026-08-11,2026-03-21..2026-08-06,baccarat_bet02_101_all_pairs_incl_sentinel,round_win = game_pnl > 0 (decisive only),COMPATIBILITY_ONLY_NOT_PRODUCTION,2832.6978,2600.9943,166.8443,356,342,-0.05889944,-0.05889944,,-0.05889944,-166.8443,2832.6978,OK,0.0000,5.0053,3.0000,97.0000,AG03-UNRESOLVED,ALL5_LEVELS_bet23_to_bet27,5.0053,5.0053,5.0053,6.6738,6.6738,3.000000,3.000000,3.000000,4.000000,4.000000,97.000000,97.000000,97.000000,96.000000,96.000000,5.0,28.3635,26.5083,138.4808,140.336,PENDING_AG03,FALSE,NOT_FOR_ENFORCEMENT,161.8390,2522.9645,166.8443,161.8390,5.0053,0.05889944,0.05713246,5.0053,161.8390,0.05713246,5.0053,5.0053,5.0053,6.6738,6.6738,161.8390,0.05713246,28.3635,26.5083,138.4808,140.336,0.04888654,0.04954146,0.00176698,7.9570,7.6052,0.4878,20.8555,1.3565,354.0872,42.7500,7.9570,,5.1636,7.7055,10.2741,12.8426,15.4111,20.6479,7.7055,-0.2569,2.0,2.67961,1.032635,29,62,8,6,1.00000000,0.05889944,0.05889944,0E-8,0.000000,0.918204,0.000000,,2026-07-09,2026-08-06,8,123,81,29,0.275862,,1.000000,3.333333,,,,,,,,GLOBAL_BASELINE_NO_ENTITY_RANKING,,,NOT_APPLICABLE_GLOBAL_BASELINE,HF9g-P5,,,,X 全窗基线 · 不参与实体赏罚,6875571,688,A168_HF9F_20260827_0900,2026-08-27 09:00:00
2026-07-29,136011155,2170,0,24.0105336535,-18.8469780291,-18.8469780291,0E-7,3,3,0.49771390000000000,0.497713900000,-1.4077622098436522,-1.4077622098436524,-1.4077622098436522,0E-17,ELIGIBLE,R03b_20260811_FULL_v1,L1_ELIGIBILITY,v2026-08-11,2026-03-21..2026-08-06,baccarat_bet02_101_all_pairs_incl_sentinel,round_win = game_pnl > 0 (decisive only),COMPATIBILITY_ONLY_NOT_PRODUCTION,2832.6978,2600.9943,166.8443,356,342,-0.05889944,-0.05889944,,-0.05889944,-166.8443,2832.6978,OK,0.0000,5.0053,3.0000,97.0000,AG03-UNRESOLVED,ALL5_LEVELS_bet23_to_bet27,5.0053,5.0053,5.0053,6.6738,6.6738,3.000000,3.000000,3.000000,4.000000,4.000000,97.000000,97.000000,97.000000,96.000000,96.000000,5.0,28.3635,26.5083,138.4808,140.336,PENDING_AG03,FALSE,NOT_FOR_ENFORCEMENT,161.8390,2522.9645,166.8443,161.8390,5.0053,0.05889944,0.05713246,5.0053,161.8390,0.05713246,5.0053,5.0053,5.0053,6.6738,6.6738,161.8390,0.05713246,28.3635,26.5083,138.4808,140.336,0.04888654,0.04954146,0.00176698,7.9570,7.6052,0.4878,20.8555,1.3565,354.0872,42.7500,7.9570,,5.1636,7.7055,10.2741,12.8426,15.4111,20.6479,7.7055,-0.2569,2.0,2.67961,1.032635,29,62,8,6,1.00000000,0.05889944,0.05889944,0E-8,0.000000,0.918204,0.000000,,2026-07-09,2026-08-06,8,123,81,29,0.275862,,1.000000,3.333333,,,,,,,,GLOBAL_BASELINE_NO_ENTITY_RANKING,,,NOT_APPLICABLE_GLOBAL_BASELINE,HF9g-P5,,,,X 全窗基线 · 不参与实体赏罚,6875572,688,A168_HF9F_20260827_0900,2026-08-27 09:00:00
2026-07-29,136011155,2229,0,12.9088890610,2.5817778122,2.5817778122,0.5000000,2,2,0.49324550000000000,0.493245500000,0.01910635448239258,0.01910635448239258,0.01910635448239258,0E-17,ELIGIBLE,R03b_20260811_FULL_v1,L1_ELIGIBILITY,v2026-08-11,2026-03-21..2026-08-06,baccarat_bet02_101_all_pairs_incl_sentinel,round_win = game_pnl > 0 (decisive only),COMPATIBILITY_ONLY_NOT_PRODUCTION,2832.6978,2600.9943,166.8443,356,342,-0.05889944,-0.05889944,,-0.05889944,-166.8443,2832.6978,OK,0.0000,5.0053,3.0000,97.0000,AG03-UNRESOLVED,ALL5_LEVELS_bet23_to_bet27,5.0053,5.0053,5.0053,6.6738,6.6738,3.000000,3.000000,3.000000,4.000000,4.000000,97.000000,97.000000,97.000000,96.000000,96.000000,5.0,28.3635,26.5083,138.4808,140.336,PENDING_AG03,FALSE,NOT_FOR_ENFORCEMENT,161.8390,2522.9645,166.8443,161.8390,5.0053,0.05889944,0.05713246,5.0053,161.8390,0.05713246,5.0053,5.0053,5.0053,6.6738,6.6738,161.8390,0.05713246,28.3635,26.5083,138.4808,140.336,0.04888654,0.04954146,0.00176698,7.9570,7.6052,0.4878,20.8555,1.3565,354.0872,42.7500,7.9570,,5.1636,7.7055,10.2741,12.8426,15.4111,20.6479,7.7055,-0.2569,2.0,2.67961,1.032635,29,62,8,6,1.00000000,0.05889944,0.05889944,0E-8,0.000000,0.918204,0.000000,,2026-07-09,2026-08-06,8,123,81,29,0.275862,,1.000000,3.333333,,,,,,,,GLOBAL_BASELINE_NO_ENTITY_RANKING,,,NOT_APPLICABLE_GLOBAL_BASELINE,HF9g-P5,,,,X 全窗基线 · 不参与实体赏罚,6875573,688,A168_HF9F_20260827_0900,2026-08-27 09:00:00
2026-07-29,136011155,2239,0,12.1343557173,-12.1343557173,-12.1343557173,0E-7,2,2,0.49324550000000000,0.493245500000,-1.3952362676504506,-1.3952362676504506,-1.3952362676504506,0E-17,ELIGIBLE,R03b_20260811_FULL_v1,L1_ELIGIBILITY,v2026-08-11,2026-03-21..2026-08-06,baccarat_bet02_101_all_pairs_incl_sentinel,round_win = game_pnl > 0 (decisive only),COMPATIBILITY_ONLY_NOT_PRODUCTION,2832.6978,2600.9943,166.8443,356,342,-0.05889944,-0.05889944,,-0.05889944,-166.8443,2832.6978,OK,0.0000,5.0053,3.0000,97.0000,AG03-UNRESOLVED,ALL5_LEVELS_bet23_to_bet27,5.0053,5.0053,5.0053,6.6738,6.6738,3.000000,3.000000,3.000000,4.000000,4.000000,97.000000,97.000000,97.000000,96.000000,96.000000,5.0,28.3635,26.5083,138.4808,140.336,PENDING_AG03,FALSE,NOT_FOR_ENFORCEMENT,161.8390,2522.9645,166.8443,161.8390,5.0053,0.05889944,0.05713246,5.0053,161.8390,0.05713246,5.0053,5.0053,5.0053,6.6738,6.6738,161.8390,0.05713246,28.3635,26.5083,138.4808,140.336,0.04888654,0.04954146,0.00176698,7.9570,7.6052,0.4878,20.8555,1.3565,354.0872,42.7500,7.9570,,5.1636,7.7055,10.2741,12.8426,15.4111,20.6479,7.7055,-0.2569,2.0,2.67961,1.032635,29,62,8,6,1.00000000,0.05889944,0.05889944,0E-8,0.000000,0.918204,0.000000,,2026-07-09,2026-08-06,8,123,81,29,0.275862,,1.000000,3.333333,,,,,,,,GLOBAL_BASELINE_NO_ENTITY_RANKING,,,NOT_APPLICABLE_GLOBAL_BASELINE,HF9g-P5,,,,X 全窗基线 · 不参与实体赏罚,6875574,688,A168_HF9F_20260827_0900,2026-08-27 09:00:00
2026-07-29,136011155,2288,0,20.6542224976,-5.4217334056,-5.4217334056,0.5000000,4,4,0.50329940000000000,0.503299400000,-0.01319788734859681,-0.01319788734859681,-0.01319788734859681,0E-17,ELIGIBLE,R03b_20260811_FULL_v1,L1_ELIGIBILITY,v2026-08-11,2026-03-21..2026-08-06,baccarat_bet02_101_all_pairs_incl_sentinel,round_win = game_pnl > 0 (decisive only),COMPATIBILITY_ONLY_NOT_PRODUCTION,2832.6978,2600.9943,166.8443,356,342,-0.05889944,-0.05889944,,-0.05889944,-166.8443,2832.6978,OK,0.0000,5.0053,3.0000,97.0000,AG03-UNRESOLVED,ALL5_LEVELS_bet23_to_bet27,5.0053,5.0053,5.0053,6.6738,6.6738,3.000000,3.000000,3.000000,4.000000,4.000000,97.000000,97.000000,97.000000,96.000000,96.000000,5.0,28.3635,26.5083,138.4808,140.336,PENDING_AG03,FALSE,NOT_FOR_ENFORCEMENT,161.8390,2522.9645,166.8443,161.8390,5.0053,0.05889944,0.05713246,5.0053,161.8390,0.05713246,5.0053,5.0053,5.0053,6.6738,6.6738,161.8390,0.05713246,28.3635,26.5083,138.4808,140.336,0.04888654,0.04954146,0.00176698,7.9570,7.6052,0.4878,20.8555,1.3565,354.0872,42.7500,7.9570,,5.1636,7.7055,10.2741,12.8426,15.4111,20.6479,7.7055,-0.2569,2.0,2.67961,1.032635,29,62,8,6,1.00000000,0.05889944,0.05889944,0E-8,0.000000,0.918204,0.000000,,2026-07-09,2026-08-06,8,123,81,29,0.275862,,1.000000,3.333333,,,,,,,,GLOBAL_BASELINE_NO_ENTITY_RANKING,,,NOT_APPLICABLE_GLOBAL_BASELINE,HF9g-P5,,,,X 全窗基线 · 不参与实体赏罚,6875575,688,A168_HF9F_20260827_0900,2026-08-27 09:00:00
2026-07-30,136011155,2121,0,3.8726667183,-3.8726667183,-3.8726667183,0E-7,1,1,0.50665070000000000,0.506650700000,-1.013391052207602,-1.013391052207602,-1.013391052207602,0E-17,ELIGIBLE,R03b_20260811_FULL_v1,L1_ELIGIBILITY,v2026-08-11,2026-03-21..2026-08-06,baccarat_bet02_101_all_pairs_incl_sentinel,round_win = game_pnl > 0 (decisive only),COMPATIBILITY_ONLY_NOT_PRODUCTION,2832.6978,2600.9943,166.8443,356,342,-0.05889944,-0.05889944,,-0.05889944,-166.8443,2832.6978,OK,0.0000,5.0053,3.0000,97.0000,AG03-UNRESOLVED,ALL5_LEVELS_bet23_to_bet27,5.0053,5.0053,5.0053,6.6738,6.6738,3.000000,3.000000,3.000000,4.000000,4.000000,97.000000,97.000000,97.000000,96.000000,96.000000,5.0,28.3635,26.5083,138.4808,140.336,PENDING_AG03,FALSE,NOT_FOR_ENFORCEMENT,161.8390,2522.9645,166.8443,161.8390,5.0053,0.05889944,0.05713246,5.0053,161.8390,0.05713246,5.0053,5.0053,5.0053,6.6738,6.6738,161.8390,0.05713246,28.3635,26.5083,138.4808,140.336,0.04888654,0.04954146,0.00176698,7.9570,7.6052,0.4878,20.8555,1.3565,354.0872,42.7500,7.9570,,5.1636,7.7055,10.2741,12.8426,15.4111,20.6479,7.7055,-0.2569,2.0,2.67961,1.032635,29,62,8,6,1.00000000,0.05889944,0.05889944,0E-8,0.000000,0.918204,0.000000,,2026-07-09,2026-08-06,8,123,81,29,0.275862,,1.000000,3.333333,,,,,,,,GLOBAL_BASELINE_NO_ENTITY_RANKING,,,NOT_APPLICABLE_GLOBAL_BASELINE,HF9g-P5,,,,X 全窗基线 · 不参与实体赏罚,6875576,688,A168_HF9F_20260827_0900,2026-08-27 09:00:00
2026-07-30,136011155,2127,0,12.9088890610,12.6507112798,12.6507112798,1.0000000,2,2,0.49994810000000000,0.499948100000,1.4143603653603398,1.4143603653603398,1.4143603653603398,0E-17,ELIGIBLE,R03b_20260811_FULL_v1,L1_ELIGIBILITY,v2026-08-11,2026-03-21..2026-08-06,baccarat_bet02_101_all_pairs_incl_sentinel,round_win = game_pnl > 0 (decisive only),COMPATIBILITY_ONLY_NOT_PRODUCTION,2832.6978,2600.9943,166.8443,356,342,-0.05889944,-0.05889944,,-0.05889944,-166.8443,2832.6978,OK,0.0000,5.0053,3.0000,97.0000,AG03-UNRESOLVED,ALL5_LEVELS_bet23_to_bet27,5.0053,5.0053,5.0053,6.6738,6.6738,3.000000,3.000000,3.000000,4.000000,4.000000,97.000000,97.000000,97.000000,96.000000,96.000000,5.0,28.3635,26.5083,138.4808,140.336,PENDING_AG03,FALSE,NOT_FOR_ENFORCEMENT,161.8390,2522.9645,166.8443,161.8390,5.0053,0.05889944,0.05713246,5.0053,161.8390,0.05713246,5.0053,5.0053,5.0053,6.6738,6.6738,161.8390,0.05713246,28.3635,26.5083,138.4808,140.336,0.04888654,0.04954146,0.00176698,7.9570,7.6052,0.4878,20.8555,1.3565,354.0872,42.7500,7.9570,,5.1636,7.7055,10.2741,12.8426,15.4111,20.6479,7.7055,-0.2569,2.0,2.67961,1.032635,29,62,8,6,1.00000000,0.05889944,0.05889944,0E-8,0.000000,0.918204,0.000000,,2026-07-09,2026-08-06,8,123,81,29,0.275862,,1.000000,3.333333,,,,,,,,GLOBAL_BASELINE_NO_ENTITY_RANKING,,,NOT_APPLICABLE_GLOBAL_BASELINE,HF9g-P5,,,,X 全窗基线 · 不参与实体赏罚,6875577,688,A168_HF9F_20260827_0900,2026-08-27 09:00:00
2026-07-30,136011155,2209,0,10.3271112488,10.0172979113,10.0172979113,1.0000000,2,2,0.49994810000000000,0.499948100000,1.4143603653603398,1.4143603653603398,1.4143603653603398,0E-17,ELIGIBLE,R03b_20260811_FULL_v1,L1_ELIGIBILITY,v2026-08-11,2026-03-21..2026-08-06,baccarat_bet02_101_all_pairs_incl_sentinel,round_win = game_pnl > 0 (decisive only),COMPATIBILITY_ONLY_NOT_PRODUCTION,2832.6978,2600.9943,166.8443,356,342,-0.05889944,-0.05889944,,-0.05889944,-166.8443,2832.6978,OK,0.0000,5.0053,3.0000,97.0000,AG03-UNRESOLVED,ALL5_LEVELS_bet23_to_bet27,5.0053,5.0053,5.0053,6.6738,6.6738,3.000000,3.000000,3.000000,4.000000,4.000000,97.000000,97.000000,97.000000,96.000000,96.000000,5.0,28.3635,26.5083,138.4808,140.336,PENDING_AG03,FALSE,NOT_FOR_ENFORCEMENT,161.8390,2522.9645,166.8443,161.8390,5.0053,0.05889944,0.05713246,5.0053,161.8390,0.05713246,5.0053,5.0053,5.0053,6.6738,6.6738,161.8390,0.05713246,28.3635,26.5083,138.4808,140.336,0.04888654,0.04954146,0.00176698,7.9570,7.6052,0.4878,20.8555,1.3565,354.0872,42.7500,7.9570,,5.1636,7.7055,10.2741,12.8426,15.4111,20.6479,7.7055,-0.2569,2.0,2.67961,1.032635,29,62,8,6,1.00000000,0.05889944,0.05889944,0E-8,0.000000,0.918204,0.000000,,2026-07-09,2026-08-06,8,123,81,29,0.275862,,1.000000,3.333333,,,,,,,,GLOBAL_BASELINE_NO_ENTITY_RANKING,,,NOT_APPLICABLE_GLOBAL_BASELINE,HF9g-P5,,,,X 全窗基线 · 不参与实体赏罚,6875578,688,A168_HF9F_20260827_0900,2026-08-27 09:00:00
2026-07-31,136011155,-1,1,509.8502555678,8.9127475405,8.9127475405,0.5000000,48,48,0.49855172500000000,0.498551725000,0.018771868218143493,0.018771868218143493,0.018771868218143493,0E-17,SENTINEL_DEALER,R03b_20260811_FULL_v1,L1_ELIGIBILITY,v2026-08-11,2026-03-21..2026-08-06,baccarat_bet02_101_all_pairs_incl_sentinel,round_win = game_pnl > 0 (decisive only),COMPATIBILITY_ONLY_NOT_PRODUCTION,2832.6978,2600.9943,166.8443,356,342,-0.05889944,-0.05889944,,-0.05889944,-166.8443,2832.6978,OK,0.0000,5.0053,3.0000,97.0000,AG03-UNRESOLVED,ALL5_LEVELS_bet23_to_bet27,5.0053,5.0053,5.0053,6.6738,6.6738,3.000000,3.000000,3.000000,4.000000,4.000000,97.000000,97.000000,97.000000,96.000000,96.000000,5.0,28.3635,26.5083,138.4808,140.336,PENDING_AG03,FALSE,NOT_FOR_ENFORCEMENT,161.8390,2522.9645,166.8443,161.8390,5.0053,0.05889944,0.05713246,5.0053,161.8390,0.05713246,5.0053,5.0053,5.0053,6.6738,6.6738,161.8390,0.05713246,28.3635,26.5083,138.4808,140.336,0.04888654,0.04954146,0.00176698,7.9570,7.6052,0.4878,20.8555,1.3565,354.0872,42.7500,7.9570,,5.1636,7.7055,10.2741,12.8426,15.4111,20.6479,7.7055,-0.2569,2.0,2.67961,1.032635,29,62,8,6,1.00000000,0.05889944,0.05889944,0E-8,0.000000,0.918204,0.000000,,2026-07-09,2026-08-06,8,123,81,29,0.275862,,1.000000,3.333333,,,,,,,,GLOBAL_BASELINE_NO_ENTITY_RANKING,,,NOT_APPLICABLE_GLOBAL_BASELINE,HF9g-P5,,,,X 全窗基线 · 不参与实体赏罚,6875579,688,A168_HF9F_20260827_0900,2026-08-27 09:00:00
2026-07-31,136011155,1205,0,15.4110908484,7.3202681530,7.3202681530,1.0000000,2,2,0.50665070000000000,0.506650700000,0.9867858985152569,0.9867858985152569,0.9867858985152569,0E-17,ELIGIBLE,R03b_20260811_FULL_v1,L1_ELIGIBILITY,v2026-08-11,2026-03-21..2026-08-06,baccarat_bet02_101_all_pairs_incl_sentinel,round_win = game_pnl > 0 (decisive only),COMPATIBILITY_ONLY_NOT_PRODUCTION,2832.6978,2600.9943,166.8443,356,342,-0.05889944,-0.05889944,,-0.05889944,-166.8443,2832.6978,OK,0.0000,5.0053,3.0000,97.0000,AG03-UNRESOLVED,ALL5_LEVELS_bet23_to_bet27,5.0053,5.0053,5.0053,6.6738,6.6738,3.000000,3.000000,3.000000,4.000000,4.000000,97.000000,97.000000,97.000000,96.000000,96.000000,5.0,28.3635,26.5083,138.4808,140.336,PENDING_AG03,FALSE,NOT_FOR_ENFORCEMENT,161.8390,2522.9645,166.8443,161.8390,5.0053,0.05889944,0.05713246,5.0053,161.8390,0.05713246,5.0053,5.0053,5.0053,6.6738,6.6738,161.8390,0.05713246,28.3635,26.5083,138.4808,140.336,0.04888654,0.04954146,0.00176698,7.9570,7.6052,0.4878,20.8555,1.3565,354.0872,42.7500,7.9570,,5.1636,7.7055,10.2741,12.8426,15.4111,20.6479,7.7055,-0.2569,2.0,2.67961,1.032635,29,62,8,6,1.00000000,0.05889944,0.05889944,0E-8,0.000000,0.918204,0.000000,,2026-07-09,2026-08-06,8,123,81,29,0.275862,,1.000000,3.333333,,,,,,,,GLOBAL_BASELINE_NO_ENTITY_RANKING,,,NOT_APPLICABLE_GLOBAL_BASELINE,HF9g-P5,,,,X 全窗基线 · 不参与实体赏罚,6875580,688,A168_HF9F_20260827_0900,2026-08-27 09:00:00
2026-07-31,136011155,1323,0,38.5277271210,-38.5277271210,-38.5277271210,0E-7,2,2,0.49324550000000000,0.493245500000,-1.3952362676504506,-1.3952362676504506,-1.3952362676504506,0E-17,ELIGIBLE,R03b_20260811_FULL_v1,L1_ELIGIBILITY,v2026-08-11,2026-03-21..2026-08-06,baccarat_bet02_101_all_pairs_incl_sentinel,round_win = game_pnl > 0 (decisive only),COMPATIBILITY_ONLY_NOT_PRODUCTION,2832.6978,2600.9943,166.8443,356,342,-0.05889944,-0.05889944,,-0.05889944,-166.8443,2832.6978,OK,0.0000,5.0053,3.0000,97.0000,AG03-UNRESOLVED,ALL5_LEVELS_bet23_to_bet27,5.0053,5.0053,5.0053,6.6738,6.6738,3.000000,3.000000,3.000000,4.000000,4.000000,97.000000,97.000000,97.000000,96.000000,96.000000,5.0,28.3635,26.5083,138.4808,140.336,PENDING_AG03,FALSE,NOT_FOR_ENFORCEMENT,161.8390,2522.9645,166.8443,161.8390,5.0053,0.05889944,0.05713246,5.0053,161.8390,0.05713246,5.0053,5.0053,5.0053,6.6738,6.6738,161.8390,0.05713246,28.3635,26.5083,138.4808,140.336,0.04888654,0.04954146,0.00176698,7.9570,7.6052,0.4878,20.8555,1.3565,354.0872,42.7500,7.9570,,5.1636,7.7055,10.2741,12.8426,15.4111,20.6479,7.7055,-0.2569,2.0,2.67961,1.032635,29,62,8,6,1.00000000,0.05889944,0.05889944,0E-8,0.000000,0.918204,0.000000,,2026-07-09,2026-08-06,8,123,81,29,0.275862,,1.000000,3.333333,,,,,,,,GLOBAL_BASELINE_NO_ENTITY_RANKING,,,NOT_APPLICABLE_GLOBAL_BASELINE,HF9g-P5,,,,X 全窗基线 · 不参与实体赏罚,6875581,688,A168_HF9F_20260827_0900,2026-08-27 09:00:00
2026-07-31,136011155,1330,0,17.9796059898,17.7227544757,17.7227544757,1.0000000,2,2,0.49994810000000000,0.499948100000,1.4143603653603398,1.4143603653603398,1.4143603653603398,0E-17,ELIGIBLE,R03b_20260811_FULL_v1,L1_ELIGIBILITY,v2026-08-11,2026-03-21..2026-08-06,baccarat_bet02_101_all_pairs_incl_sentinel,round_win = game_pnl > 0 (decisive only),COMPATIBILITY_ONLY_NOT_PRODUCTION,2832.6978,2600.9943,166.8443,356,342,-0.05889944,-0.05889944,,-0.05889944,-166.8443,2832.6978,OK,0.0000,5.0053,3.0000,97.0000,AG03-UNRESOLVED,ALL5_LEVELS_bet23_to_bet27,5.0053,5.0053,5.0053,6.6738,6.6738,3.000000,3.000000,3.000000,4.000000,4.000000,97.000000,97.000000,97.000000,96.000000,96.000000,5.0,28.3635,26.5083,138.4808,140.336,PENDING_AG03,FALSE,NOT_FOR_ENFORCEMENT,161.8390,2522.9645,166.8443,161.8390,5.0053,0.05889944,0.05713246,5.0053,161.8390,0.05713246,5.0053,5.0053,5.0053,6.6738,6.6738,161.8390,0.05713246,28.3635,26.5083,138.4808,140.336,0.04888654,0.04954146,0.00176698,7.9570,7.6052,0.4878,20.8555,1.3565,354.0872,42.7500,7.9570,,5.1636,7.7055,10.2741,12.8426,15.4111,20.6479,7.7055,-0.2569,2.0,2.67961,1.032635,29,62,8,6,1.00000000,0.05889944,0.05889944,0E-8,0.000000,0.918204,0.000000,,2026-07-09,2026-08-06,8,123,81,29,0.275862,,1.000000,3.333333,,,,,,,,GLOBAL_BASELINE_NO_ENTITY_RANKING,,,NOT_APPLICABLE_GLOBAL_BASELINE,HF9g-P5,,,,X 全窗基线 · 不参与实体赏罚,6875582,688,A168_HF9F_20260827_0900,2026-08-27 09:00:00
2026-07-31,136011155,1396,0,22.0892302160,8.3476742096,8.3476742096,0.6666667,3,3,0.50218230000000000,0.502182300000,0.5697959874915163,0.5697959874915164,0.5697959874915163,0E-17,ELIGIBLE,R03b_20260811_FULL_v1,L1_ELIGIBILITY,v2026-08-11,2026-03-21..2026-08-06,baccarat_bet02_101_all_pairs_incl_sentinel,round_win = game_pnl > 0 (decisive only),COMPATIBILITY_ONLY_NOT_PRODUCTION,2832.6978,2600.9943,166.8443,356,342,-0.05889944,-0.05889944,,-0.05889944,-166.8443,2832.6978,OK,0.0000,5.0053,3.0000,97.0000,AG03-UNRESOLVED,ALL5_LEVELS_bet23_to_bet27,5.0053,5.0053,5.0053,6.6738,6.6738,3.000000,3.000000,3.000000,4.000000,4.000000,97.000000,97.000000,97.000000,96.000000,96.000000,5.0,28.3635,26.5083,138.4808,140.336,PENDING_AG03,FALSE,NOT_FOR_ENFORCEMENT,161.8390,2522.9645,166.8443,161.8390,5.0053,0.05889944,0.05713246,5.0053,161.8390,0.05713246,5.0053,5.0053,5.0053,6.6738,6.6738,161.8390,0.05713246,28.3635,26.5083,138.4808,140.336,0.04888654,0.04954146,0.00176698,7.9570,7.6052,0.4878,20.8555,1.3565,354.0872,42.7500,7.9570,,5.1636,7.7055,10.2741,12.8426,15.4111,20.6479,7.7055,-0.2569,2.0,2.67961,1.032635,29,62,8,6,1.00000000,0.05889944,0.05889944,0E-8,0.000000,0.918204,0.000000,,2026-07-09,2026-08-06,8,123,81,29,0.275862,,1.000000,3.333333,,,,,,,,GLOBAL_BASELINE_NO_ENTITY_RANKING,,,NOT_APPLICABLE_GLOBAL_BASELINE,HF9g-P5,,,,X 全窗基线 · 不参与实体赏罚,6875583,688,A168_HF9F_20260827_0900,2026-08-27 09:00:00
2026-07-31,136011155,1645,0,25.6851514140,0E-10,0E-10,0.5000000,2,2,0.49994810000000000,0.499948100000,0.00014679536856514622,0.00014679536856514622,0.00014679536856514622,0E-17,ELIGIBLE,R03b_20260811_FULL_v1,L1_ELIGIBILITY,v2026-08-11,2026-03-21..2026-08-06,baccarat_bet02_101_all_pairs_incl_sentinel,round_win = game_pnl > 0 (decisive only),COMPATIBILITY_ONLY_NOT_PRODUCTION,2832.6978,2600.9943,166.8443,356,342,-0.05889944,-0.05889944,,-0.05889944,-166.8443,2832.6978,OK,0.0000,5.0053,3.0000,97.0000,AG03-UNRESOLVED,ALL5_LEVELS_bet23_to_bet27,5.0053,5.0053,5.0053,6.6738,6.6738,3.000000,3.000000,3.000000,4.000000,4.000000,97.000000,97.000000,97.000000,96.000000,96.000000,5.0,28.3635,26.5083,138.4808,140.336,PENDING_AG03,FALSE,NOT_FOR_ENFORCEMENT,161.8390,2522.9645,166.8443,161.8390,5.0053,0.05889944,0.05713246,5.0053,161.8390,0.05713246,5.0053,5.0053,5.0053,6.6738,6.6738,161.8390,0.05713246,28.3635,26.5083,138.4808,140.336,0.04888654,0.04954146,0.00176698,7.9570,7.6052,0.4878,20.8555,1.3565,354.0872,42.7500,7.9570,,5.1636,7.7055,10.2741,12.8426,15.4111,20.6479,7.7055,-0.2569,2.0,2.67961,1.032635,29,62,8,6,1.00000000,0.05889944,0.05889944,0E-8,0.000000,0.918204,0.000000,,2026-07-09,2026-08-06,8,123,81,29,0.275862,,1.000000,3.333333,,,,,,,,GLOBAL_BASELINE_NO_ENTITY_RANKING,,,NOT_APPLICABLE_GLOBAL_BASELINE,HF9g-P5,,,,X 全窗基线 · 不参与实体赏罚,6875584,688,A168_HF9F_20260827_0900,2026-08-27 09:00:00
2026-07-31,136011155,1704,0,5.1370302828,-5.1370302828,-5.1370302828,0E-7,1,1,0.50665070000000000,0.506650700000,-1.013391052207602,-1.013391052207602,-1.013391052207602,0E-17,ELIGIBLE,R03b_20260811_FULL_v1,L1_ELIGIBILITY,v2026-08-11,2026-03-21..2026-08-06,baccarat_bet02_101_all_pairs_incl_sentinel,round_win = game_pnl > 0 (decisive only),COMPATIBILITY_ONLY_NOT_PRODUCTION,2832.6978,2600.9943,166.8443,356,342,-0.05889944,-0.05889944,,-0.05889944,-166.8443,2832.6978,OK,0.0000,5.0053,3.0000,97.0000,AG03-UNRESOLVED,ALL5_LEVELS_bet23_to_bet27,5.0053,5.0053,5.0053,6.6738,6.6738,3.000000,3.000000,3.000000,4.000000,4.000000,97.000000,97.000000,97.000000,96.000000,96.000000,5.0,28.3635,26.5083,138.4808,140.336,PENDING_AG03,FALSE,NOT_FOR_ENFORCEMENT,161.8390,2522.9645,166.8443,161.8390,5.0053,0.05889944,0.05713246,5.0053,161.8390,0.05713246,5.0053,5.0053,5.0053,6.6738,6.6738,161.8390,0.05713246,28.3635,26.5083,138.4808,140.336,0.04888654,0.04954146,0.00176698,7.9570,7.6052,0.4878,20.8555,1.3565,354.0872,42.7500,7.9570,,5.1636,7.7055,10.2741,12.8426,15.4111,20.6479,7.7055,-0.2569,2.0,2.67961,1.032635,29,62,8,6,1.00000000,0.05889944,0.05889944,0E-8,0.000000,0.918204,0.000000,,2026-07-09,2026-08-06,8,123,81,29,0.275862,,1.000000,3.333333,,,,,,,,GLOBAL_BASELINE_NO_ENTITY_RANKING,,,NOT_APPLICABLE_GLOBAL_BASELINE,HF9g-P5,,,,X 全窗基线 · 不参与实体赏罚,6875585,688,A168_HF9F_20260827_0900,2026-08-27 09:00:00
2026-07-31,136011155,1963,0,7.7055454242,7.7055454242,7.7055454242,1.0000000,1,1,0.49324550000000000,0.493245500000,1.01360149184955,1.01360149184955,1.01360149184955,0E-17,ELIGIBLE,R03b_20260811_FULL_v1,L1_ELIGIBILITY,v2026-08-11,2026-03-21..2026-08-06,baccarat_bet02_101_all_pairs_incl_sentinel,round_win = game_pnl > 0 (decisive only),COMPATIBILITY_ONLY_NOT_PRODUCTION,2832.6978,2600.9943,166.8443,356,342,-0.05889944,-0.05889944,,-0.05889944,-166.8443,2832.6978,OK,0.0000,5.0053,3.0000,97.0000,AG03-UNRESOLVED,ALL5_LEVELS_bet23_to_bet27,5.0053,5.0053,5.0053,6.6738,6.6738,3.000000,3.000000,3.000000,4.000000,4.000000,97.000000,97.000000,97.000000,96.000000,96.000000,5.0,28.3635,26.5083,138.4808,140.336,PENDING_AG03,FALSE,NOT_FOR_ENFORCEMENT,161.8390,2522.9645,166.8443,161.8390,5.0053,0.05889944,0.05713246,5.0053,161.8390,0.05713246,5.0053,5.0053,5.0053,6.6738,6.6738,161.8390,0.05713246,28.3635,26.5083,138.4808,140.336,0.04888654,0.04954146,0.00176698,7.9570,7.6052,0.4878,20.8555,1.3565,354.0872,42.7500,7.9570,,5.1636,7.7055,10.2741,12.8426,15.4111,20.6479,7.7055,-0.2569,2.0,2.67961,1.032635,29,62,8,6,1.00000000,0.05889944,0.05889944,0E-8,0.000000,0.918204,0.000000,,2026-07-09,2026-08-06,8,123,81,29,0.275862,,1.000000,3.333333,,,,,,,,GLOBAL_BASELINE_NO_ENTITY_RANKING,,,NOT_APPLICABLE_GLOBAL_BASELINE,HF9g-P5,,,,X 全窗基线 · 不参与实体赏罚,6875586,688,A168_HF9F_20260827_0900,2026-08-27 09:00:00
2026-07-31,136011155,1966,0,52.9114119128,25.0430226285,25.0430226285,0.8000000,7,5,0.46229230298134298,0.418879040000,1.5145879713798958,1.7273098562297708,1.5145879713798958,0.04341326298134298,ELIGIBLE,R03b_20260811_FULL_v1,L1_ELIGIBILITY,v2026-08-11,2026-03-21..2026-08-06,baccarat_bet02_101_all_pairs_incl_sentinel,round_win = game_pnl > 0 (decisive only),COMPATIBILITY_ONLY_NOT_PRODUCTION,2832.6978,2600.9943,166.8443,356,342,-0.05889944,-0.05889944,,-0.05889944,-166.8443,2832.6978,OK,0.0000,5.0053,3.0000,97.0000,AG03-UNRESOLVED,ALL5_LEVELS_bet23_to_bet27,5.0053,5.0053,5.0053,6.6738,6.6738,3.000000,3.000000,3.000000,4.000000,4.000000,97.000000,97.000000,97.000000,96.000000,96.000000,5.0,28.3635,26.5083,138.4808,140.336,PENDING_AG03,FALSE,NOT_FOR_ENFORCEMENT,161.8390,2522.9645,166.8443,161.8390,5.0053,0.05889944,0.05713246,5.0053,161.8390,0.05713246,5.0053,5.0053,5.0053,6.6738,6.6738,161.8390,0.05713246,28.3635,26.5083,138.4808,140.336,0.04888654,0.04954146,0.00176698,7.9570,7.6052,0.4878,20.8555,1.3565,354.0872,42.7500,7.9570,,5.1636,7.7055,10.2741,12.8426,15.4111,20.6479,7.7055,-0.2569,2.0,2.67961,1.032635,29,62,8,6,1.00000000,0.05889944,0.05889944,0E-8,0.000000,0.918204,0.000000,,2026-07-09,2026-08-06,8,123,81,29,0.275862,,1.000000,3.333333,,,,,,,,GLOBAL_BASELINE_NO_ENTITY_RANKING,,,NOT_APPLICABLE_GLOBAL_BASELINE,HF9g-P5,,,,X 全窗基线 · 不参与实体赏罚,6875587,688,A168_HF9F_20260827_0900,2026-08-27 09:00:00
2026-07-31,136011155,1990,0,12.8425757070,0E-10,0E-10,,1,1,0.50665070000000000,0.506650700000,,,,0E-17,NO_DECISIVE_ROUND,R03b_20260811_FULL_v1,L1_ELIGIBILITY,v2026-08-11,2026-03-21..2026-08-06,baccarat_bet02_101_all_pairs_incl_sentinel,round_win = game_pnl > 0 (decisive only),COMPATIBILITY_ONLY_NOT_PRODUCTION,2832.6978,2600.9943,166.8443,356,342,-0.05889944,-0.05889944,,-0.05889944,-166.8443,2832.6978,OK,0.0000,5.0053,3.0000,97.0000,AG03-UNRESOLVED,ALL5_LEVELS_bet23_to_bet27,5.0053,5.0053,5.0053,6.6738,6.6738,3.000000,3.000000,3.000000,4.000000,4.000000,97.000000,97.000000,97.000000,96.000000,96.000000,5.0,28.3635,26.5083,138.4808,140.336,PENDING_AG03,FALSE,NOT_FOR_ENFORCEMENT,161.8390,2522.9645,166.8443,161.8390,5.0053,0.05889944,0.05713246,5.0053,161.8390,0.05713246,5.0053,5.0053,5.0053,6.6738,6.6738,161.8390,0.05713246,28.3635,26.5083,138.4808,140.336,0.04888654,0.04954146,0.00176698,7.9570,7.6052,0.4878,20.8555,1.3565,354.0872,42.7500,7.9570,,5.1636,7.7055,10.2741,12.8426,15.4111,20.6479,7.7055,-0.2569,2.0,2.67961,1.032635,29,62,8,6,1.00000000,0.05889944,0.05889944,0E-8,0.000000,0.918204,0.000000,,2026-07-09,2026-08-06,8,123,81,29,0.275862,,1.000000,3.333333,,,,,,,,GLOBAL_BASELINE_NO_ENTITY_RANKING,,,NOT_APPLICABLE_GLOBAL_BASELINE,HF9g-P5,,,,X 全窗基线 · 不参与实体赏罚,6875588,688,A168_HF9F_20260827_0900,2026-08-27 09:00:00
2026-07-31,136011155,2108,0,29.2810726119,-29.2810726119,-29.2810726119,0E-7,3,3,0.49324550000000000,0.493245500000,-1.708808463184432,-1.7088084631844318,-1.708808463184432,0E-17,ELIGIBLE,R03b_20260811_FULL_v1,L1_ELIGIBILITY,v2026-08-11,2026-03-21..2026-08-06,baccarat_bet02_101_all_pairs_incl_sentinel,round_win = game_pnl > 0 (decisive only),COMPATIBILITY_ONLY_NOT_PRODUCTION,2832.6978,2600.9943,166.8443,356,342,-0.05889944,-0.05889944,,-0.05889944,-166.8443,2832.6978,OK,0.0000,5.0053,3.0000,97.0000,AG03-UNRESOLVED,ALL5_LEVELS_bet23_to_bet27,5.0053,5.0053,5.0053,6.6738,6.6738,3.000000,3.000000,3.000000,4.000000,4.000000,97.000000,97.000000,97.000000,96.000000,96.000000,5.0,28.3635,26.5083,138.4808,140.336,PENDING_AG03,FALSE,NOT_FOR_ENFORCEMENT,161.8390,2522.9645,166.8443,161.8390,5.0053,0.05889944,0.05713246,5.0053,161.8390,0.05713246,5.0053,5.0053,5.0053,6.6738,6.6738,161.8390,0.05713246,28.3635,26.5083,138.4808,140.336,0.04888654,0.04954146,0.00176698,7.9570,7.6052,0.4878,20.8555,1.3565,354.0872,42.7500,7.9570,,5.1636,7.7055,10.2741,12.8426,15.4111,20.6479,7.7055,-0.2569,2.0,2.67961,1.032635,29,62,8,6,1.00000000,0.05889944,0.05889944,0E-8,0.000000,0.918204,0.000000,,2026-07-09,2026-08-06,8,123,81,29,0.275862,,1.000000,3.333333,,,,,,,,GLOBAL_BASELINE_NO_ENTITY_RANKING,,,NOT_APPLICABLE_GLOBAL_BASELINE,HF9g-P5,,,,X 全窗基线 · 不参与实体赏罚,6875589,688,A168_HF9F_20260827_0900,2026-08-27 09:00:00
2026-07-31,136011155,2115,0,51.3703028280,50.0860452573,50.0860452573,1.0000000,3,3,0.49771390000000000,0.497713900000,1.739988277604938,1.739988277604938,1.739988277604938,0E-17,ELIGIBLE,R03b_20260811_FULL_v1,L1_ELIGIBILITY,v2026-08-11,2026-03-21..2026-08-06,baccarat_bet02_101_all_pairs_incl_sentinel,round_win = game_pnl > 0 (decisive only),COMPATIBILITY_ONLY_NOT_PRODUCTION,2832.6978,2600.9943,166.8443,356,342,-0.05889944,-0.05889944,,-0.05889944,-166.8443,2832.6978,OK,0.0000,5.0053,3.0000,97.0000,AG03-UNRESOLVED,ALL5_LEVELS_bet23_to_bet27,5.0053,5.0053,5.0053,6.6738,6.6738,3.000000,3.000000,3.000000,4.000000,4.000000,97.000000,97.000000,97.000000,96.000000,96.000000,5.0,28.3635,26.5083,138.4808,140.336,PENDING_AG03,FALSE,NOT_FOR_ENFORCEMENT,161.8390,2522.9645,166.8443,161.8390,5.0053,0.05889944,0.05713246,5.0053,161.8390,0.05713246,5.0053,5.0053,5.0053,6.6738,6.6738,161.8390,0.05713246,28.3635,26.5083,138.4808,140.336,0.04888654,0.04954146,0.00176698,7.9570,7.6052,0.4878,20.8555,1.3565,354.0872,42.7500,7.9570,,5.1636,7.7055,10.2741,12.8426,15.4111,20.6479,7.7055,-0.2569,2.0,2.67961,1.032635,29,62,8,6,1.00000000,0.05889944,0.05889944,0E-8,0.000000,0.918204,0.000000,,2026-07-09,2026-08-06,8,123,81,29,0.275862,,1.000000,3.333333,,,,,,,,GLOBAL_BASELINE_NO_ENTITY_RANKING,,,NOT_APPLICABLE_GLOBAL_BASELINE,HF9g-P5,,,,X 全窗基线 · 不参与实体赏罚,6875590,688,A168_HF9F_20260827_0900,2026-08-27 09:00:00
2026-07-31,136011155,2123,0,135.1038964375,-8.2963039067,-8.2963039067,0.5384615,20,14,0.47303678168684518,0.420209304762,0.4724721194204076,0.863798759620835,0.4724721194204076,0.05282747692484518,ELIGIBLE,R03b_20260811_FULL_v1,L1_ELIGIBILITY,v2026-08-11,2026-03-21..2026-08-06,baccarat_bet02_101_all_pairs_incl_sentinel,round_win = game_pnl > 0 (decisive only),COMPATIBILITY_ONLY_NOT_PRODUCTION,2832.6978,2600.9943,166.8443,356,342,-0.05889944,-0.05889944,,-0.05889944,-166.8443,2832.6978,OK,0.0000,5.0053,3.0000,97.0000,AG03-UNRESOLVED,ALL5_LEVELS_bet23_to_bet27,5.0053,5.0053,5.0053,6.6738,6.6738,3.000000,3.000000,3.000000,4.000000,4.000000,97.000000,97.000000,97.000000,96.000000,96.000000,5.0,28.3635,26.5083,138.4808,140.336,PENDING_AG03,FALSE,NOT_FOR_ENFORCEMENT,161.8390,2522.9645,166.8443,161.8390,5.0053,0.05889944,0.05713246,5.0053,161.8390,0.05713246,5.0053,5.0053,5.0053,6.6738,6.6738,161.8390,0.05713246,28.3635,26.5083,138.4808,140.336,0.04888654,0.04954146,0.00176698,7.9570,7.6052,0.4878,20.8555,1.3565,354.0872,42.7500,7.9570,,5.1636,7.7055,10.2741,12.8426,15.4111,20.6479,7.7055,-0.2569,2.0,2.67961,1.032635,29,62,8,6,1.00000000,0.05889944,0.05889944,0E-8,0.000000,0.918204,0.000000,,2026-07-09,2026-08-06,8,123,81,29,0.275862,,1.000000,3.333333,,,,,,,,GLOBAL_BASELINE_NO_ENTITY_RANKING,,,NOT_APPLICABLE_GLOBAL_BASELINE,HF9g-P5,,,,X 全窗基线 · 不参与实体赏罚,6875591,688,A168_HF9F_20260827_0900,2026-08-27 09:00:00
2026-07-31,136011155,2153,0,7.7055454242,-5.1370302828,-5.1370302828,0E-7,3,3,0.50665070000000000,0.506650700000,-1.4331513700195317,-1.4331513700195317,-1.4331513700195317,0E-17,ELIGIBLE,R03b_20260811_FULL_v1,L1_ELIGIBILITY,v2026-08-11,2026-03-21..2026-08-06,baccarat_bet02_101_all_pairs_incl_sentinel,round_win = game_pnl > 0 (decisive only),COMPATIBILITY_ONLY_NOT_PRODUCTION,2832.6978,2600.9943,166.8443,356,342,-0.05889944,-0.05889944,,-0.05889944,-166.8443,2832.6978,OK,0.0000,5.0053,3.0000,97.0000,AG03-UNRESOLVED,ALL5_LEVELS_bet23_to_bet27,5.0053,5.0053,5.0053,6.6738,6.6738,3.000000,3.000000,3.000000,4.000000,4.000000,97.000000,97.000000,97.000000,96.000000,96.000000,5.0,28.3635,26.5083,138.4808,140.336,PENDING_AG03,FALSE,NOT_FOR_ENFORCEMENT,161.8390,2522.9645,166.8443,161.8390,5.0053,0.05889944,0.05713246,5.0053,161.8390,0.05713246,5.0053,5.0053,5.0053,6.6738,6.6738,161.8390,0.05713246,28.3635,26.5083,138.4808,140.336,0.04888654,0.04954146,0.00176698,7.9570,7.6052,0.4878,20.8555,1.3565,354.0872,42.7500,7.9570,,5.1636,7.7055,10.2741,12.8426,15.4111,20.6479,7.7055,-0.2569,2.0,2.67961,1.032635,29,62,8,6,1.00000000,0.05889944,0.05889944,0E-8,0.000000,0.918204,0.000000,,2026-07-09,2026-08-06,8,123,81,29,0.275862,,1.000000,3.333333,,,,,,,,GLOBAL_BASELINE_NO_ENTITY_RANKING,,,NOT_APPLICABLE_GLOBAL_BASELINE,HF9g-P5,,,,X 全窗基线 · 不参与实体赏罚,6875592,688,A168_HF9F_20260827_0900,2026-08-27 09:00:00
2026-07-31,136011155,2156,0,2.5685151414,-2.5685151414,-2.5685151414,0E-7,1,1,0.49324550000000000,0.493245500000,-0.9865810262130424,-0.9865810262130424,-0.9865810262130424,0E-17,ELIGIBLE,R03b_20260811_FULL_v1,L1_ELIGIBILITY,v2026-08-11,2026-03-21..2026-08-06,baccarat_bet02_101_all_pairs_incl_sentinel,round_win = game_pnl > 0 (decisive only),COMPATIBILITY_ONLY_NOT_PRODUCTION,2832.6978,2600.9943,166.8443,356,342,-0.05889944,-0.05889944,,-0.05889944,-166.8443,2832.6978,OK,0.0000,5.0053,3.0000,97.0000,AG03-UNRESOLVED,ALL5_LEVELS_bet23_to_bet27,5.0053,5.0053,5.0053,6.6738,6.6738,3.000000,3.000000,3.000000,4.000000,4.000000,97.000000,97.000000,97.000000,96.000000,96.000000,5.0,28.3635,26.5083,138.4808,140.336,PENDING_AG03,FALSE,NOT_FOR_ENFORCEMENT,161.8390,2522.9645,166.8443,161.8390,5.0053,0.05889944,0.05713246,5.0053,161.8390,0.05713246,5.0053,5.0053,5.0053,6.6738,6.6738,161.8390,0.05713246,28.3635,26.5083,138.4808,140.336,0.04888654,0.04954146,0.00176698,7.9570,7.6052,0.4878,20.8555,1.3565,354.0872,42.7500,7.9570,,5.1636,7.7055,10.2741,12.8426,15.4111,20.6479,7.7055,-0.2569,2.0,2.67961,1.032635,29,62,8,6,1.00000000,0.05889944,0.05889944,0E-8,0.000000,0.918204,0.000000,,2026-07-09,2026-08-06,8,123,81,29,0.275862,,1.000000,3.333333,,,,,,,,GLOBAL_BASELINE_NO_ENTITY_RANKING,,,NOT_APPLICABLE_GLOBAL_BASELINE,HF9g-P5,,,,X 全窗基线 · 不参与实体赏罚,6875593,688,A168_HF9F_20260827_0900,2026-08-27 09:00:00
2026-07-31,136011155,2174,0,132.7922328103,7.0248889118,7.0248889118,0.4545455,11,11,0.49568280909090909,0.495682809091,-0.27288451209781617,-0.2728845120984188,-0.27288451209781617,-9.091E-14,ELIGIBLE,R03b_20260811_FULL_v1,L1_ELIGIBILITY,v2026-08-11,2026-03-21..2026-08-06,baccarat_bet02_101_all_pairs_incl_sentinel,round_win = game_pnl > 0 (decisive only),COMPATIBILITY_ONLY_NOT_PRODUCTION,2832.6978,2600.9943,166.8443,356,342,-0.05889944,-0.05889944,,-0.05889944,-166.8443,2832.6978,OK,0.0000,5.0053,3.0000,97.0000,AG03-UNRESOLVED,ALL5_LEVELS_bet23_to_bet27,5.0053,5.0053,5.0053,6.6738,6.6738,3.000000,3.000000,3.000000,4.000000,4.000000,97.000000,97.000000,97.000000,96.000000,96.000000,5.0,28.3635,26.5083,138.4808,140.336,PENDING_AG03,FALSE,NOT_FOR_ENFORCEMENT,161.8390,2522.9645,166.8443,161.8390,5.0053,0.05889944,0.05713246,5.0053,161.8390,0.05713246,5.0053,5.0053,5.0053,6.6738,6.6738,161.8390,0.05713246,28.3635,26.5083,138.4808,140.336,0.04888654,0.04954146,0.00176698,7.9570,7.6052,0.4878,20.8555,1.3565,354.0872,42.7500,7.9570,,5.1636,7.7055,10.2741,12.8426,15.4111,20.6479,7.7055,-0.2569,2.0,2.67961,1.032635,29,62,8,6,1.00000000,0.05889944,0.05889944,0E-8,0.000000,0.918204,0.000000,,2026-07-09,2026-08-06,8,123,81,29,0.275862,,1.000000,3.333333,,,,,,,,GLOBAL_BASELINE_NO_ENTITY_RANKING,,,NOT_APPLICABLE_GLOBAL_BASELINE,HF9g-P5,,,,X 全窗基线 · 不参与实体赏罚,6875594,688,A168_HF9F_20260827_0900,2026-08-27 09:00:00
2026-07-31,136011155,2201,0,20.5481211312,4.4949014974,4.4949014974,0.5000000,2,2,0.50665070000000000,0.506650700000,-0.018812684590367487,-0.018812684590367487,-0.018812684590367487,0E-17,ELIGIBLE,R03b_20260811_FULL_v1,L1_ELIGIBILITY,v2026-08-11,2026-03-21..2026-08-06,baccarat_bet02_101_all_pairs_incl_sentinel,round_win = game_pnl > 0 (decisive only),COMPATIBILITY_ONLY_NOT_PRODUCTION,2832.6978,2600.9943,166.8443,356,342,-0.05889944,-0.05889944,,-0.05889944,-166.8443,2832.6978,OK,0.0000,5.0053,3.0000,97.0000,AG03-UNRESOLVED,ALL5_LEVELS_bet23_to_bet27,5.0053,5.0053,5.0053,6.6738,6.6738,3.000000,3.000000,3.000000,4.000000,4.000000,97.000000,97.000000,97.000000,96.000000,96.000000,5.0,28.3635,26.5083,138.4808,140.336,PENDING_AG03,FALSE,NOT_FOR_ENFORCEMENT,161.8390,2522.9645,166.8443,161.8390,5.0053,0.05889944,0.05713246,5.0053,161.8390,0.05713246,5.0053,5.0053,5.0053,6.6738,6.6738,161.8390,0.05713246,28.3635,26.5083,138.4808,140.336,0.04888654,0.04954146,0.00176698,7.9570,7.6052,0.4878,20.8555,1.3565,354.0872,42.7500,7.9570,,5.1636,7.7055,10.2741,12.8426,15.4111,20.6479,7.7055,-0.2569,2.0,2.67961,1.032635,29,62,8,6,1.00000000,0.05889944,0.05889944,0E-8,0.000000,0.918204,0.000000,,2026-07-09,2026-08-06,8,123,81,29,0.275862,,1.000000,3.333333,,,,,,,,GLOBAL_BASELINE_NO_ENTITY_RANKING,,,NOT_APPLICABLE_GLOBAL_BASELINE,HF9g-P5,,,,X 全窗基线 · 不参与实体赏罚,6875595,688,A168_HF9F_20260827_0900,2026-08-27 09:00:00
2026-07-31,136011155,2213,0,48.8017876866,4.1096242262,4.1096242262,0.5000000,6,5,0.49225269000000000,0.463456670000,0.030992960668676833,0.146565295128005,0.030992960668676833,0.02879602000000000,ELIGIBLE,R03b_20260811_FULL_v1,L1_ELIGIBILITY,v2026-08-11,2026-03-21..2026-08-06,baccarat_bet02_101_all_pairs_incl_sentinel,round_win = game_pnl > 0 (decisive only),COMPATIBILITY_ONLY_NOT_PRODUCTION,2832.6978,2600.9943,166.8443,356,342,-0.05889944,-0.05889944,,-0.05889944,-166.8443,2832.6978,OK,0.0000,5.0053,3.0000,97.0000,AG03-UNRESOLVED,ALL5_LEVELS_bet23_to_bet27,5.0053,5.0053,5.0053,6.6738,6.6738,3.000000,3.000000,3.000000,4.000000,4.000000,97.000000,97.000000,97.000000,96.000000,96.000000,5.0,28.3635,26.5083,138.4808,140.336,PENDING_AG03,FALSE,NOT_FOR_ENFORCEMENT,161.8390,2522.9645,166.8443,161.8390,5.0053,0.05889944,0.05713246,5.0053,161.8390,0.05713246,5.0053,5.0053,5.0053,6.6738,6.6738,161.8390,0.05713246,28.3635,26.5083,138.4808,140.336,0.04888654,0.04954146,0.00176698,7.9570,7.6052,0.4878,20.8555,1.3565,354.0872,42.7500,7.9570,,5.1636,7.7055,10.2741,12.8426,15.4111,20.6479,7.7055,-0.2569,2.0,2.67961,1.032635,29,62,8,6,1.00000000,0.05889944,0.05889944,0E-8,0.000000,0.918204,0.000000,,2026-07-09,2026-08-06,8,123,81,29,0.275862,,1.000000,3.333333,,,,,,,,GLOBAL_BASELINE_NO_ENTITY_RANKING,,,NOT_APPLICABLE_GLOBAL_BASELINE,HF9g-P5,,,,X 全窗基线 · 不参与实体赏罚,6875596,688,A168_HF9F_20260827_0900,2026-08-27 09:00:00
2026-07-31,136011155,2235,0,86.3021087510,15.7963681196,15.7963681196,0.5000000,8,8,0.49659680000000000,0.496596800000,0.019251852328098087,0.01925185232809809,0.019251852328098087,0E-17,ELIGIBLE,R03b_20260811_FULL_v1,L1_ELIGIBILITY,v2026-08-11,2026-03-21..2026-08-06,baccarat_bet02_101_all_pairs_incl_sentinel,round_win = game_pnl > 0 (decisive only),COMPATIBILITY_ONLY_NOT_PRODUCTION,2832.6978,2600.9943,166.8443,356,342,-0.05889944,-0.05889944,,-0.05889944,-166.8443,2832.6978,OK,0.0000,5.0053,3.0000,97.0000,AG03-UNRESOLVED,ALL5_LEVELS_bet23_to_bet27,5.0053,5.0053,5.0053,6.6738,6.6738,3.000000,3.000000,3.000000,4.000000,4.000000,97.000000,97.000000,97.000000,96.000000,96.000000,5.0,28.3635,26.5083,138.4808,140.336,PENDING_AG03,FALSE,NOT_FOR_ENFORCEMENT,161.8390,2522.9645,166.8443,161.8390,5.0053,0.05889944,0.05713246,5.0053,161.8390,0.05713246,5.0053,5.0053,5.0053,6.6738,6.6738,161.8390,0.05713246,28.3635,26.5083,138.4808,140.336,0.04888654,0.04954146,0.00176698,7.9570,7.6052,0.4878,20.8555,1.3565,354.0872,42.7500,7.9570,,5.1636,7.7055,10.2741,12.8426,15.4111,20.6479,7.7055,-0.2569,2.0,2.67961,1.032635,29,62,8,6,1.00000000,0.05889944,0.05889944,0E-8,0.000000,0.918204,0.000000,,2026-07-09,2026-08-06,8,123,81,29,0.275862,,1.000000,3.333333,,,,,,,,GLOBAL_BASELINE_NO_ENTITY_RANKING,,,NOT_APPLICABLE_GLOBAL_BASELINE,HF9g-P5,,,,X 全窗基线 · 不参与实体赏罚,6875597,688,A168_HF9F_20260827_0900,2026-08-27 09:00:00
2026-07-31,136011155,2241,0,27.7399635271,-12.3288726787,-12.3288726787,0.3333333,3,3,0.50218230000000000,0.502182300000,-0.5849155494134425,-0.5849155494134426,-0.5849155494134425,0E-17,ELIGIBLE,R03b_20260811_FULL_v1,L1_ELIGIBILITY,v2026-08-11,2026-03-21..2026-08-06,baccarat_bet02_101_all_pairs_incl_sentinel,round_win = game_pnl > 0 (decisive only),COMPATIBILITY_ONLY_NOT_PRODUCTION,2832.6978,2600.9943,166.8443,356,342,-0.05889944,-0.05889944,,-0.05889944,-166.8443,2832.6978,OK,0.0000,5.0053,3.0000,97.0000,AG03-UNRESOLVED,ALL5_LEVELS_bet23_to_bet27,5.0053,5.0053,5.0053,6.6738,6.6738,3.000000,3.000000,3.000000,4.000000,4.000000,97.000000,97.000000,97.000000,96.000000,96.000000,5.0,28.3635,26.5083,138.4808,140.336,PENDING_AG03,FALSE,NOT_FOR_ENFORCEMENT,161.8390,2522.9645,166.8443,161.8390,5.0053,0.05889944,0.05713246,5.0053,161.8390,0.05713246,5.0053,5.0053,5.0053,6.6738,6.6738,161.8390,0.05713246,28.3635,26.5083,138.4808,140.336,0.04888654,0.04954146,0.00176698,7.9570,7.6052,0.4878,20.8555,1.3565,354.0872,42.7500,7.9570,,5.1636,7.7055,10.2741,12.8426,15.4111,20.6479,7.7055,-0.2569,2.0,2.67961,1.032635,29,62,8,6,1.00000000,0.05889944,0.05889944,0E-8,0.000000,0.918204,0.000000,,2026-07-09,2026-08-06,8,123,81,29,0.275862,,1.000000,3.333333,,,,,,,,GLOBAL_BASELINE_NO_ENTITY_RANKING,,,NOT_APPLICABLE_GLOBAL_BASELINE,HF9g-P5,,,,X 全窗基线 · 不参与实体赏罚,6875598,688,A168_HF9F_20260827_0900,2026-08-27 09:00:00
2026-07-31,136011155,2248,0,167.9808902474,17.5943287185,17.5943287185,0.5000000,19,16,0.49722013542966096,0.455891018750,0.022239260279675734,0.3542530133464526,0.022239260279675734,0.04132911667966096,ELIGIBLE,R03b_20260811_FULL_v1,L1_ELIGIBILITY,v2026-08-11,2026-03-21..2026-08-06,baccarat_bet02_101_all_pairs_incl_sentinel,round_win = game_pnl > 0 (decisive only),COMPATIBILITY_ONLY_NOT_PRODUCTION,2832.6978,2600.9943,166.8443,356,342,-0.05889944,-0.05889944,,-0.05889944,-166.8443,2832.6978,OK,0.0000,5.0053,3.0000,97.0000,AG03-UNRESOLVED,ALL5_LEVELS_bet23_to_bet27,5.0053,5.0053,5.0053,6.6738,6.6738,3.000000,3.000000,3.000000,4.000000,4.000000,97.000000,97.000000,97.000000,96.000000,96.000000,5.0,28.3635,26.5083,138.4808,140.336,PENDING_AG03,FALSE,NOT_FOR_ENFORCEMENT,161.8390,2522.9645,166.8443,161.8390,5.0053,0.05889944,0.05713246,5.0053,161.8390,0.05713246,5.0053,5.0053,5.0053,6.6738,6.6738,161.8390,0.05713246,28.3635,26.5083,138.4808,140.336,0.04888654,0.04954146,0.00176698,7.9570,7.6052,0.4878,20.8555,1.3565,354.0872,42.7500,7.9570,,5.1636,7.7055,10.2741,12.8426,15.4111,20.6479,7.7055,-0.2569,2.0,2.67961,1.032635,29,62,8,6,1.00000000,0.05889944,0.05889944,0E-8,0.000000,0.918204,0.000000,,2026-07-09,2026-08-06,8,123,81,29,0.275862,,1.000000,3.333333,,,,,,,,GLOBAL_BASELINE_NO_ENTITY_RANKING,,,NOT_APPLICABLE_GLOBAL_BASELINE,HF9g-P5,,,,X 全窗基线 · 不参与实体赏罚,6875599,688,A168_HF9F_20260827_0900,2026-08-27 09:00:00
2026-07-31,136011155,2252,0,162.3301569364,-96.5761693166,-96.5761693166,0.1875000,16,16,0.50246157500000000,0.502461575000,-2.519723135961258,-2.5197231359612586,-2.519723135961258,0E-17,ELIGIBLE,R03b_20260811_FULL_v1,L1_ELIGIBILITY,v2026-08-11,2026-03-21..2026-08-06,baccarat_bet02_101_all_pairs_incl_sentinel,round_win = game_pnl > 0 (decisive only),COMPATIBILITY_ONLY_NOT_PRODUCTION,2832.6978,2600.9943,166.8443,356,342,-0.05889944,-0.05889944,,-0.05889944,-166.8443,2832.6978,OK,0.0000,5.0053,3.0000,97.0000,AG03-UNRESOLVED,ALL5_LEVELS_bet23_to_bet27,5.0053,5.0053,5.0053,6.6738,6.6738,3.000000,3.000000,3.000000,4.000000,4.000000,97.000000,97.000000,97.000000,96.000000,96.000000,5.0,28.3635,26.5083,138.4808,140.336,PENDING_AG03,FALSE,NOT_FOR_ENFORCEMENT,161.8390,2522.9645,166.8443,161.8390,5.0053,0.05889944,0.05713246,5.0053,161.8390,0.05713246,5.0053,5.0053,5.0053,6.6738,6.6738,161.8390,0.05713246,28.3635,26.5083,138.4808,140.336,0.04888654,0.04954146,0.00176698,7.9570,7.6052,0.4878,20.8555,1.3565,354.0872,42.7500,7.9570,,5.1636,7.7055,10.2741,12.8426,15.4111,20.6479,7.7055,-0.2569,2.0,2.67961,1.032635,29,62,8,6,1.00000000,0.05889944,0.05889944,0E-8,0.000000,0.918204,0.000000,,2026-07-09,2026-08-06,8,123,81,29,0.275862,,1.000000,3.333333,,,,,,,,GLOBAL_BASELINE_NO_ENTITY_RANKING,,,NOT_APPLICABLE_GLOBAL_BASELINE,HF9g-P5,,,,X 全窗基线 · 不参与实体赏罚,6875600,688,A168_HF9F_20260827_0900,2026-08-27 09:00:00
2026-07-31,136011155,2276,0,2.5685151414,2.4400893843,2.4400893843,1.0000000,1,1,0.50665070000000000,0.506650700000,0.9867858985152569,0.9867858985152569,0.9867858985152569,0E-17,ELIGIBLE,R03b_20260811_FULL_v1,L1_ELIGIBILITY,v2026-08-11,2026-03-21..2026-08-06,baccarat_bet02_101_all_pairs_incl_sentinel,round_win = game_pnl > 0 (decisive only),COMPATIBILITY_ONLY_NOT_PRODUCTION,2832.6978,2600.9943,166.8443,356,342,-0.05889944,-0.05889944,,-0.05889944,-166.8443,2832.6978,OK,0.0000,5.0053,3.0000,97.0000,AG03-UNRESOLVED,ALL5_LEVELS_bet23_to_bet27,5.0053,5.0053,5.0053,6.6738,6.6738,3.000000,3.000000,3.000000,4.000000,4.000000,97.000000,97.000000,97.000000,96.000000,96.000000,5.0,28.3635,26.5083,138.4808,140.336,PENDING_AG03,FALSE,NOT_FOR_ENFORCEMENT,161.8390,2522.9645,166.8443,161.8390,5.0053,0.05889944,0.05713246,5.0053,161.8390,0.05713246,5.0053,5.0053,5.0053,6.6738,6.6738,161.8390,0.05713246,28.3635,26.5083,138.4808,140.336,0.04888654,0.04954146,0.00176698,7.9570,7.6052,0.4878,20.8555,1.3565,354.0872,42.7500,7.9570,,5.1636,7.7055,10.2741,12.8426,15.4111,20.6479,7.7055,-0.2569,2.0,2.67961,1.032635,29,62,8,6,1.00000000,0.05889944,0.05889944,0E-8,0.000000,0.918204,0.000000,,2026-07-09,2026-08-06,8,123,81,29,0.275862,,1.000000,3.333333,,,,,,,,GLOBAL_BASELINE_NO_ENTITY_RANKING,,,NOT_APPLICABLE_GLOBAL_BASELINE,HF9g-P5,,,,X 全窗基线 · 不参与实体赏罚,6875601,688,A168_HF9F_20260827_0900,2026-08-27 09:00:00
2026-07-31,136011155,462,0,46.2332725452,-17.9796059898,-17.9796059898,0.3333333,4,4,0.50329940000000000,0.503299400000,-0.5887925454369916,-0.5887925454369916,-0.5887925454369916,0E-17,ELIGIBLE,R03b_20260811_FULL_v1,L1_ELIGIBILITY,v2026-08-11,2026-03-21..2026-08-06,baccarat_bet02_101_all_pairs_incl_sentinel,round_win = game_pnl > 0 (decisive only),COMPATIBILITY_ONLY_NOT_PRODUCTION,2832.6978,2600.9943,166.8443,356,342,-0.05889944,-0.05889944,,-0.05889944,-166.8443,2832.6978,OK,0.0000,5.0053,3.0000,97.0000,AG03-UNRESOLVED,ALL5_LEVELS_bet23_to_bet27,5.0053,5.0053,5.0053,6.6738,6.6738,3.000000,3.000000,3.000000,4.000000,4.000000,97.000000,97.000000,97.000000,96.000000,96.000000,5.0,28.3635,26.5083,138.4808,140.336,PENDING_AG03,FALSE,NOT_FOR_ENFORCEMENT,161.8390,2522.9645,166.8443,161.8390,5.0053,0.05889944,0.05713246,5.0053,161.8390,0.05713246,5.0053,5.0053,5.0053,6.6738,6.6738,161.8390,0.05713246,28.3635,26.5083,138.4808,140.336,0.04888654,0.04954146,0.00176698,7.9570,7.6052,0.4878,20.8555,1.3565,354.0872,42.7500,7.9570,,5.1636,7.7055,10.2741,12.8426,15.4111,20.6479,7.7055,-0.2569,2.0,2.67961,1.032635,29,62,8,6,1.00000000,0.05889944,0.05889944,0E-8,0.000000,0.918204,0.000000,,2026-07-09,2026-08-06,8,123,81,29,0.275862,,1.000000,3.333333,,,,,,,,GLOBAL_BASELINE_NO_ENTITY_RANKING,,,NOT_APPLICABLE_GLOBAL_BASELINE,HF9g-P5,,,,X 全窗基线 · 不参与实体赏罚,6875602,688,A168_HF9F_20260827_0900,2026-08-27 09:00:00
2026-07-31,136011155,550,0,35.9592119796,4.7517530116,4.7517530116,0.5000000,4,4,0.49659680000000000,0.496596800000,0.013613115331600182,0.013613115331600183,0.013613115331600182,0E-17,ELIGIBLE,R03b_20260811_FULL_v1,L1_ELIGIBILITY,v2026-08-11,2026-03-21..2026-08-06,baccarat_bet02_101_all_pairs_incl_sentinel,round_win = game_pnl > 0 (decisive only),COMPATIBILITY_ONLY_NOT_PRODUCTION,2832.6978,2600.9943,166.8443,356,342,-0.05889944,-0.05889944,,-0.05889944,-166.8443,2832.6978,OK,0.0000,5.0053,3.0000,97.0000,AG03-UNRESOLVED,ALL5_LEVELS_bet23_to_bet27,5.0053,5.0053,5.0053,6.6738,6.6738,3.000000,3.000000,3.000000,4.000000,4.000000,97.000000,97.000000,97.000000,96.000000,96.000000,5.0,28.3635,26.5083,138.4808,140.336,PENDING_AG03,FALSE,NOT_FOR_ENFORCEMENT,161.8390,2522.9645,166.8443,161.8390,5.0053,0.05889944,0.05713246,5.0053,161.8390,0.05713246,5.0053,5.0053,5.0053,6.6738,6.6738,161.8390,0.05713246,28.3635,26.5083,138.4808,140.336,0.04888654,0.04954146,0.00176698,7.9570,7.6052,0.4878,20.8555,1.3565,354.0872,42.7500,7.9570,,5.1636,7.7055,10.2741,12.8426,15.4111,20.6479,7.7055,-0.2569,2.0,2.67961,1.032635,29,62,8,6,1.00000000,0.05889944,0.05889944,0E-8,0.000000,0.918204,0.000000,,2026-07-09,2026-08-06,8,123,81,29,0.275862,,1.000000,3.333333,,,,,,,,GLOBAL_BASELINE_NO_ENTITY_RANKING,,,NOT_APPLICABLE_GLOBAL_BASELINE,HF9g-P5,,,,X 全窗基线 · 不参与实体赏罚,6875603,688,A168_HF9F_20260827_0900,2026-08-27 09:00:00
2026-07-31,136011155,919,0,38.5277271210,38.0140240927,38.0140240927,1.0000000,3,3,0.49771390000000000,0.497713900000,1.739988277604938,1.739988277604938,1.739988277604938,0E-17,ELIGIBLE,R03b_20260811_FULL_v1,L1_ELIGIBILITY,v2026-08-11,2026-03-21..2026-08-06,baccarat_bet02_101_all_pairs_incl_sentinel,round_win = game_pnl > 0 (decisive only),COMPATIBILITY_ONLY_NOT_PRODUCTION,2832.6978,2600.9943,166.8443,356,342,-0.05889944,-0.05889944,,-0.05889944,-166.8443,2832.6978,OK,0.0000,5.0053,3.0000,97.0000,AG03-UNRESOLVED,ALL5_LEVELS_bet23_to_bet27,5.0053,5.0053,5.0053,6.6738,6.6738,3.000000,3.000000,3.000000,4.000000,4.000000,97.000000,97.000000,97.000000,96.000000,96.000000,5.0,28.3635,26.5083,138.4808,140.336,PENDING_AG03,FALSE,NOT_FOR_ENFORCEMENT,161.8390,2522.9645,166.8443,161.8390,5.0053,0.05889944,0.05713246,5.0053,161.8390,0.05713246,5.0053,5.0053,5.0053,6.6738,6.6738,161.8390,0.05713246,28.3635,26.5083,138.4808,140.336,0.04888654,0.04954146,0.00176698,7.9570,7.6052,0.4878,20.8555,1.3565,354.0872,42.7500,7.9570,,5.1636,7.7055,10.2741,12.8426,15.4111,20.6479,7.7055,-0.2569,2.0,2.67961,1.032635,29,62,8,6,1.00000000,0.05889944,0.05889944,0E-8,0.000000,0.918204,0.000000,,2026-07-09,2026-08-06,8,123,81,29,0.275862,,1.000000,3.333333,,,,,,,,GLOBAL_BASELINE_NO_ENTITY_RANKING,,,NOT_APPLICABLE_GLOBAL_BASELINE,HF9g-P5,,,,X 全窗基线 · 不参与实体赏罚,6875604,688,A168_HF9F_20260827_0900,2026-08-27 09:00:00
2026-07-31,136011155,948,0,27.7399635271,-27.7399635271,-27.7399635271,0E-7,2,2,0.49324550000000000,0.493245500000,-1.3952362676504506,-1.3952362676504506,-1.3952362676504506,0E-17,ELIGIBLE,R03b_20260811_FULL_v1,L1_ELIGIBILITY,v2026-08-11,2026-03-21..2026-08-06,baccarat_bet02_101_all_pairs_incl_sentinel,round_win = game_pnl > 0 (decisive only),COMPATIBILITY_ONLY_NOT_PRODUCTION,2832.6978,2600.9943,166.8443,356,342,-0.05889944,-0.05889944,,-0.05889944,-166.8443,2832.6978,OK,0.0000,5.0053,3.0000,97.0000,AG03-UNRESOLVED,ALL5_LEVELS_bet23_to_bet27,5.0053,5.0053,5.0053,6.6738,6.6738,3.000000,3.000000,3.000000,4.000000,4.000000,97.000000,97.000000,97.000000,96.000000,96.000000,5.0,28.3635,26.5083,138.4808,140.336,PENDING_AG03,FALSE,NOT_FOR_ENFORCEMENT,161.8390,2522.9645,166.8443,161.8390,5.0053,0.05889944,0.05713246,5.0053,161.8390,0.05713246,5.0053,5.0053,5.0053,6.6738,6.6738,161.8390,0.05713246,28.3635,26.5083,138.4808,140.336,0.04888654,0.04954146,0.00176698,7.9570,7.6052,0.4878,20.8555,1.3565,354.0872,42.7500,7.9570,,5.1636,7.7055,10.2741,12.8426,15.4111,20.6479,7.7055,-0.2569,2.0,2.67961,1.032635,29,62,8,6,1.00000000,0.05889944,0.05889944,0E-8,0.000000,0.918204,0.000000,,2026-07-09,2026-08-06,8,123,81,29,0.275862,,1.000000,3.333333,,,,,,,,GLOBAL_BASELINE_NO_ENTITY_RANKING,,,NOT_APPLICABLE_GLOBAL_BASELINE,HF9g-P5,,,,X 全窗基线 · 不参与实体赏罚,6875605,688,A168_HF9F_20260827_0900,2026-08-27 09:00:00
2026-08-06,136011155,2123,0,5.1370302828,-5.1370302828,-5.1370302828,0E-7,1,1,0.50665070000000000,0.506650700000,-1.013391052207602,-1.013391052207602,-1.013391052207602,0E-17,ELIGIBLE,R03b_20260811_FULL_v1,L1_ELIGIBILITY,v2026-08-11,2026-03-21..2026-08-06,baccarat_bet02_101_all_pairs_incl_sentinel,round_win = game_pnl > 0 (decisive only),COMPATIBILITY_ONLY_NOT_PRODUCTION,2832.6978,2600.9943,166.8443,356,342,-0.05889944,-0.05889944,,-0.05889944,-166.8443,2832.6978,OK,0.0000,5.0053,3.0000,97.0000,AG03-UNRESOLVED,ALL5_LEVELS_bet23_to_bet27,5.0053,5.0053,5.0053,6.6738,6.6738,3.000000,3.000000,3.000000,4.000000,4.000000,97.000000,97.000000,97.000000,96.000000,96.000000,5.0,28.3635,26.5083,138.4808,140.336,PENDING_AG03,FALSE,NOT_FOR_ENFORCEMENT,161.8390,2522.9645,166.8443,161.8390,5.0053,0.05889944,0.05713246,5.0053,161.8390,0.05713246,5.0053,5.0053,5.0053,6.6738,6.6738,161.8390,0.05713246,28.3635,26.5083,138.4808,140.336,0.04888654,0.04954146,0.00176698,7.9570,7.6052,0.4878,20.8555,1.3565,354.0872,42.7500,7.9570,,5.1636,7.7055,10.2741,12.8426,15.4111,20.6479,7.7055,-0.2569,2.0,2.67961,1.032635,29,62,8,6,1.00000000,0.05889944,0.05889944,0E-8,0.000000,0.918204,0.000000,,2026-07-09,2026-08-06,8,123,81,29,0.275862,,1.000000,3.333333,,,,,,,,GLOBAL_BASELINE_NO_ENTITY_RANKING,,,NOT_APPLICABLE_GLOBAL_BASELINE,HF9g-P5,,,,X 全窗基线 · 不参与实体赏罚,6875606,688,A168_HF9F_20260827_0900,2026-08-27 09:00:00
2026-08-06,136011155,970,0,18.7501605322,-18.7501605322,-18.7501605322,0E-7,3,3,0.49771390000000000,0.497713900000,-1.724149546644903,-1.724149546644903,-1.724149546644903,0E-17,ELIGIBLE,R03b_20260811_FULL_v1,L1_ELIGIBILITY,v2026-08-11,2026-03-21..2026-08-06,baccarat_bet02_101_all_pairs_incl_sentinel,round_win = game_pnl > 0 (decisive only),COMPATIBILITY_ONLY_NOT_PRODUCTION,2832.6978,2600.9943,166.8443,356,342,-0.05889944,-0.05889944,,-0.05889944,-166.8443,2832.6978,OK,0.0000,5.0053,3.0000,97.0000,AG03-UNRESOLVED,ALL5_LEVELS_bet23_to_bet27,5.0053,5.0053,5.0053,6.6738,6.6738,3.000000,3.000000,3.000000,4.000000,4.000000,97.000000,97.000000,97.000000,96.000000,96.000000,5.0,28.3635,26.5083,138.4808,140.336,PENDING_AG03,FALSE,NOT_FOR_ENFORCEMENT,161.8390,2522.9645,166.8443,161.8390,5.0053,0.05889944,0.05713246,5.0053,161.8390,0.05713246,5.0053,5.0053,5.0053,6.6738,6.6738,161.8390,0.05713246,28.3635,26.5083,138.4808,140.336,0.04888654,0.04954146,0.00176698,7.9570,7.6052,0.4878,20.8555,1.3565,354.0872,42.7500,7.9570,,5.1636,7.7055,10.2741,12.8426,15.4111,20.6479,7.7055,-0.2569,2.0,2.67961,1.032635,29,62,8,6,1.00000000,0.05889944,0.05889944,0E-8,0.000000,0.918204,0.000000,,2026-07-09,2026-08-06,8,123,81,29,0.275862,,1.000000,3.333333,,,,,,,,GLOBAL_BASELINE_NO_ENTITY_RANKING,,,NOT_APPLICABLE_GLOBAL_BASELINE,HF9g-P5,,,,X 全窗基线 · 不参与实体赏罚,6875607,688,A168_HF9F_20260827_0900,2026-08-27 09:00:00
2026-07-14,153015311,2281,0,203.4440916014,-129.8634239537,-129.8634239537,0.2500000,9,9,0.50069283333333333,0.500692833333,-1.4181341810195505,-1.4181341810176638,-1.4181341810195505,3.3333E-13,ELIGIBLE,R03b_20260811_FULL_v1,L1_ELIGIBILITY,v2026-08-11,2026-03-21..2026-08-06,baccarat_bet02_101_all_pairs_incl_sentinel,round_win = game_pnl > 0 (decisive only),COMPATIBILITY_ONLY_NOT_PRODUCTION,242.1708,234.4254,168.5901,10,10,-0.69616205,-0.69616205,,-0.69616205,-168.5901,242.1708,THIN_EXPOSURE,0.0000,6.7436,4.0000,96.0000,AG03-UNRESOLVED,ALL5_LEVELS_bet23_to_bet27,6.7436,6.7436,6.7436,8.4295,8.4295,4.000000,4.000000,4.000000,5.000000,5.000000,96.000000,96.000000,96.000000,95.000000,95.000000,5.0,37.0898,33.9752,131.5003,134.6148,PENDING_AG03,FALSE,NOT_FOR_ENFORCEMENT,161.8465,225.0484,168.5901,161.8465,6.7436,0.69616205,0.66831557,6.7436,161.8465,0.66831557,6.7436,6.7436,6.7436,8.4295,8.4295,161.8465,0.66831557,37.0898,33.9752,131.5003,134.6148,0.54300640,0.55586746,0.02784648,24.2171,23.4425,16.8590,168.5901,168.5901,242.1708,10.0000,24.2171,,7.7453,25.8178,38.7267,38.7267,38.7267,38.7267,25.8178,-19.3633,1.5,1.5,0.938,1,2,1,2,1.00000000,0.69616205,0.69616205,0E-8,0.000000,0.968017,0.000000,,2026-07-14,2026-07-14,1,1,1,1,1.000000,,1.000000,3.333333,,,,,,,,GLOBAL_BASELINE_NO_ENTITY_RANKING,,,NOT_APPLICABLE_GLOBAL_BASELINE,HF9g-P5,,,,X 全窗基线 · 不参与实体赏罚,6875608,688,A168_HF9F_20260827_0900,2026-08-27 09:00:00
2026-07-14,153015311,986,0,38.7266671830,-38.7266671830,-38.7266671830,0E-7,1,1,0.50665070000000000,0.506650700000,-1.013391052207602,-1.013391052207602,-1.013391052207602,0E-17,ELIGIBLE,R03b_20260811_FULL_v1,L1_ELIGIBILITY,v2026-08-11,2026-03-21..2026-08-06,baccarat_bet02_101_all_pairs_incl_sentinel,round_win = game_pnl > 0 (decisive only),COMPATIBILITY_ONLY_NOT_PRODUCTION,242.1708,234.4254,168.5901,10,10,-0.69616205,-0.69616205,,-0.69616205,-168.5901,242.1708,THIN_EXPOSURE,0.0000,6.7436,4.0000,96.0000,AG03-UNRESOLVED,ALL5_LEVELS_bet23_to_bet27,6.7436,6.7436,6.7436,8.4295,8.4295,4.000000,4.000000,4.000000,5.000000,5.000000,96.000000,96.000000,96.000000,95.000000,95.000000,5.0,37.0898,33.9752,131.5003,134.6148,PENDING_AG03,FALSE,NOT_FOR_ENFORCEMENT,161.8465,225.0484,168.5901,161.8465,6.7436,0.69616205,0.66831557,6.7436,161.8465,0.66831557,6.7436,6.7436,6.7436,8.4295,8.4295,161.8465,0.66831557,37.0898,33.9752,131.5003,134.6148,0.54300640,0.55586746,0.02784648,24.2171,23.4425,16.8590,168.5901,168.5901,242.1708,10.0000,24.2171,,7.7453,25.8178,38.7267,38.7267,38.7267,38.7267,25.8178,-19.3633,1.5,1.5,0.938,1,2,1,2,1.00000000,0.69616205,0.69616205,0E-8,0.000000,0.968017,0.000000,,2026-07-14,2026-07-14,1,1,1,1,1.000000,,1.000000,3.333333,,,,,,,,GLOBAL_BASELINE_NO_ENTITY_RANKING,,,NOT_APPLICABLE_GLOBAL_BASELINE,HF9g-P5,,,,X 全窗基线 · 不参与实体赏罚,6875609,688,A168_HF9F_20260827_0900,2026-08-27 09:00:00
2026-03-22,147652631,2160,0,34.1139184789,-20.9085306807,-20.9085306807,0.2000000,11,6,0.33067085462882661,0.275538097222,-0.6210776578802112,-0.378052783047667,-0.6210776578802112,0.05513275740682661,ELIGIBLE,R03b_20260811_FULL_v1,L1_ELIGIBILITY,v2026-08-11,2026-03-21..2026-08-06,baccarat_bet02_101_all_pairs_incl_sentinel,round_win = game_pnl > 0 (decisive only),COMPATIBILITY_ONLY_NOT_PRODUCTION,435.1006,409.8017,168.5905,68,29,-0.38747484,,-0.38747484,-0.38747484,-168.5905,435.1006,OK,0.0000,6.7436,4.0000,96.0000,AG03-UNRESOLVED,ALL5_LEVELS_bet23_to_bet27,6.7436,6.7436,6.7436,6.7436,6.7436,4.000000,4.000000,4.000000,4.000000,4.000000,96.000000,96.000000,96.000000,96.000000,96.000000,5.0,33.7181,31.1264,134.8724,137.4641,PENDING_AG03,FALSE,NOT_FOR_ENFORCEMENT,161.8469,393.4097,168.5905,161.8469,6.7436,0.38747484,0.37197584,6.7436,161.8469,0.37197584,6.7436,6.7436,6.7436,6.7436,6.7436,161.8469,0.37197584,33.7181,31.1264,134.8724,137.4641,0.30997987,0.3159364,0.01549899,6.3985,14.1311,5.8135,84.2953,56.1968,217.5503,14.5000,,6.3985,2.2009,4.2165,9.4871,16.8659,17.0767,24.5399,4.2165,-3.2087,4.049999,5.82,1.517509,3,4,2,8,0E-8,0.38747484,,0E-8,0.000000,0.941855,0.000000,,2026-03-22,2026-04-12,2,3,3,22,0.090909,,,0.000000,,,,,,,,GLOBAL_BASELINE_NO_ENTITY_RANKING,,,NOT_APPLICABLE_GLOBAL_BASELINE,HF9g-P5,,,,X 全窗基线 · 不参与实体赏罚,6875610,688,A168_HF9F_20260827_0900,2026-08-27 09:00:00
2026-04-12,147652631,1307,0,95.2923070436,-74.7369974490,-74.7369974490,0.2500000,16,4,0.35106544873535152,0.172034863333,-0.42348517428358856,0.4131580144897331,-0.42348517428358856,0.17903058540235152,ELIGIBLE,R03b_20260811_FULL_v1,L1_ELIGIBILITY,v2026-08-11,2026-03-21..2026-08-06,baccarat_bet02_101_all_pairs_incl_sentinel,round_win = game_pnl > 0 (decisive only),COMPATIBILITY_ONLY_NOT_PRODUCTION,435.1006,409.8017,168.5905,68,29,-0.38747484,,-0.38747484,-0.38747484,-168.5905,435.1006,OK,0.0000,6.7436,4.0000,96.0000,AG03-UNRESOLVED,ALL5_LEVELS_bet23_to_bet27,6.7436,6.7436,6.7436,6.7436,6.7436,4.000000,4.000000,4.000000,4.000000,4.000000,96.000000,96.000000,96.000000,96.000000,96.000000,5.0,33.7181,31.1264,134.8724,137.4641,PENDING_AG03,FALSE,NOT_FOR_ENFORCEMENT,161.8469,393.4097,168.5905,161.8469,6.7436,0.38747484,0.37197584,6.7436,161.8469,0.37197584,6.7436,6.7436,6.7436,6.7436,6.7436,161.8469,0.37197584,33.7181,31.1264,134.8724,137.4641,0.30997987,0.3159364,0.01549899,6.3985,14.1311,5.8135,84.2953,56.1968,217.5503,14.5000,,6.3985,2.2009,4.2165,9.4871,16.8659,17.0767,24.5399,4.2165,-3.2087,4.049999,5.82,1.517509,3,4,2,8,0E-8,0.38747484,,0E-8,0.000000,0.941855,0.000000,,2026-03-22,2026-04-12,2,3,3,22,0.090909,,,0.000000,,,,,,,,GLOBAL_BASELINE_NO_ENTITY_RANKING,,,NOT_APPLICABLE_GLOBAL_BASELINE,HF9g-P5,,,,X 全窗基线 · 不参与实体赏罚,6875611,688,A168_HF9F_20260827_0900,2026-08-27 09:00:00
2026-04-12,147652631,2106,0,134.9271604158,-5.9030632681,-5.9030632681,0.5000000,19,8,0.39394629461604951,0.268315175000,0.6138987865375793,1.478965151109538,0.6138987865375793,0.12563111961604951,ELIGIBLE,R03b_20260811_FULL_v1,L1_ELIGIBILITY,v2026-08-11,2026-03-21..2026-08-06,baccarat_bet02_101_all_pairs_incl_sentinel,round_win = game_pnl > 0 (decisive only),COMPATIBILITY_ONLY_NOT_PRODUCTION,435.1006,409.8017,168.5905,68,29,-0.38747484,,-0.38747484,-0.38747484,-168.5905,435.1006,OK,0.0000,6.7436,4.0000,96.0000,AG03-UNRESOLVED,ALL5_LEVELS_bet23_to_bet27,6.7436,6.7436,6.7436,6.7436,6.7436,4.000000,4.000000,4.000000,4.000000,4.000000,96.000000,96.000000,96.000000,96.000000,96.000000,5.0,33.7181,31.1264,134.8724,137.4641,PENDING_AG03,FALSE,NOT_FOR_ENFORCEMENT,161.8469,393.4097,168.5905,161.8469,6.7436,0.38747484,0.37197584,6.7436,161.8469,0.37197584,6.7436,6.7436,6.7436,6.7436,6.7436,161.8469,0.37197584,33.7181,31.1264,134.8724,137.4641,0.30997987,0.3159364,0.01549899,6.3985,14.1311,5.8135,84.2953,56.1968,217.5503,14.5000,,6.3985,2.2009,4.2165,9.4871,16.8659,17.0767,24.5399,4.2165,-3.2087,4.049999,5.82,1.517509,3,4,2,8,0E-8,0.38747484,,0E-8,0.000000,0.941855,0.000000,,2026-03-22,2026-04-12,2,3,3,22,0.090909,,,0.000000,,,,,,,,GLOBAL_BASELINE_NO_ENTITY_RANKING,,,NOT_APPLICABLE_GLOBAL_BASELINE,HF9g-P5,,,,X 全窗基线 · 不参与实体赏罚,6875612,688,A168_HF9F_20260827_0900,2026-08-27 09:00:00
2026-04-12,147652631,2129,0,170.7671874013,-67.0419328316,-67.0419328316,0.3636364,22,11,0.42340054965297294,0.318897189394,-0.4011663810025771,0.31838501893875903,-0.4011663810025771,0.10450336025897294,ELIGIBLE,R03b_20260811_FULL_v1,L1_ELIGIBILITY,v2026-08-11,2026-03-21..2026-08-06,baccarat_bet02_101_all_pairs_incl_sentinel,round_win = game_pnl > 0 (decisive only),COMPATIBILITY_ONLY_NOT_PRODUCTION,435.1006,409.8017,168.5905,68,29,-0.38747484,,-0.38747484,-0.38747484,-168.5905,435.1006,OK,0.0000,6.7436,4.0000,96.0000,AG03-UNRESOLVED,ALL5_LEVELS_bet23_to_bet27,6.7436,6.7436,6.7436,6.7436,6.7436,4.000000,4.000000,4.000000,4.000000,4.000000,96.000000,96.000000,96.000000,96.000000,96.000000,5.0,33.7181,31.1264,134.8724,137.4641,PENDING_AG03,FALSE,NOT_FOR_ENFORCEMENT,161.8469,393.4097,168.5905,161.8469,6.7436,0.38747484,0.37197584,6.7436,161.8469,0.37197584,6.7436,6.7436,6.7436,6.7436,6.7436,161.8469,0.37197584,33.7181,31.1264,134.8724,137.4641,0.30997987,0.3159364,0.01549899,6.3985,14.1311,5.8135,84.2953,56.1968,217.5503,14.5000,,6.3985,2.2009,4.2165,9.4871,16.8659,17.0767,24.5399,4.2165,-3.2087,4.049999,5.82,1.517509,3,4,2,8,0E-8,0.38747484,,0E-8,0.000000,0.941855,0.000000,,2026-03-22,2026-04-12,2,3,3,22,0.090909,,,0.000000,,,,,,,,GLOBAL_BASELINE_NO_ENTITY_RANKING,,,NOT_APPLICABLE_GLOBAL_BASELINE,HF9g-P5,,,,X 全窗基线 · 不参与实体赏罚,6875613,688,A168_HF9F_20260827_0900,2026-08-27 09:00:00
2026-06-10,151275894,-1,1,30.8586417055,-30.8586417055,-30.8586417055,0E-7,3,3,0.49324550000000000,0.493245500000,-1.708808463184432,-1.7088084631844318,-1.708808463184432,0E-17,SENTINEL_DEALER,R03b_20260811_FULL_v1,L1_ELIGIBILITY,v2026-08-11,2026-03-21..2026-08-06,baccarat_bet02_101_all_pairs_incl_sentinel,round_win = game_pnl > 0 (decisive only),COMPATIBILITY_ONLY_NOT_PRODUCTION,1297.0061,1217.2879,168.5956,38,38,-0.12998826,-0.46928899,0.13012259,-0.12998826,-168.5956,1297.0061,OK,0.0000,6.7438,4.0000,96.0000,AG03-UNRESOLVED,ALL5_LEVELS_bet23_to_bet27,6.7438,6.7438,8.4298,8.4298,8.4298,4.000000,4.000000,5.000000,5.000000,5.000000,96.000000,96.000000,95.000000,95.000000,95.000000,5.0,38.7770,35.3786,129.8186,133.2169,PENDING_AG03,FALSE,NOT_FOR_ENFORCEMENT,161.8517,1168.5964,168.5956,161.8517,6.7438,0.12998826,0.12478873,6.7438,161.8517,0.12478873,6.7438,6.7438,8.4298,8.4298,8.4298,161.8517,0.12478873,38.7770,35.3786,129.8186,133.2169,0.10009096,0.10271111,0.00519953,34.1317,32.0339,4.4367,28.0993,8.0284,216.1677,6.3333,112.5655,22.2478,12.8578,21.2153,31.1158,69.432,134.2524,258.1778,17.5177,0.0,6.328087,12.169406,1.608825,15,11,5,2,0.43394366,0.12998826,0.46928899,0E-8,0.000000,0.938537,0.000000,-0.59941158,2026-06-10,2026-07-15,6,21,21,36,0.166667,5.059617,3.297972,1.446479,,,,,,,,GLOBAL_BASELINE_NO_ENTITY_RANKING,,,NOT_APPLICABLE_GLOBAL_BASELINE,HF9g-P5,,,,X 全窗基线 · 不参与实体赏罚,6875614,688,A168_HF9F_20260827_0900,2026-08-27 09:00:00
2026-06-10,151275894,2101,0,38.5733021318,12.8577673772,12.8577673772,0.5000000,2,2,0.49324550000000000,0.493245500000,0.01910635448239258,0.01910635448239258,0.01910635448239258,0E-17,ELIGIBLE,R03b_20260811_FULL_v1,L1_ELIGIBILITY,v2026-08-11,2026-03-21..2026-08-06,baccarat_bet02_101_all_pairs_incl_sentinel,round_win = game_pnl > 0 (decisive only),COMPATIBILITY_ONLY_NOT_PRODUCTION,1297.0061,1217.2879,168.5956,38,38,-0.12998826,-0.46928899,0.13012259,-0.12998826,-168.5956,1297.0061,OK,0.0000,6.7438,4.0000,96.0000,AG03-UNRESOLVED,ALL5_LEVELS_bet23_to_bet27,6.7438,6.7438,8.4298,8.4298,8.4298,4.000000,4.000000,5.000000,5.000000,5.000000,96.000000,96.000000,95.000000,95.000000,95.000000,5.0,38.7770,35.3786,129.8186,133.2169,PENDING_AG03,FALSE,NOT_FOR_ENFORCEMENT,161.8517,1168.5964,168.5956,161.8517,6.7438,0.12998826,0.12478873,6.7438,161.8517,0.12478873,6.7438,6.7438,8.4298,8.4298,8.4298,161.8517,0.12478873,38.7770,35.3786,129.8186,133.2169,0.10009096,0.10271111,0.00519953,34.1317,32.0339,4.4367,28.0993,8.0284,216.1677,6.3333,112.5655,22.2478,12.8578,21.2153,31.1158,69.432,134.2524,258.1778,17.5177,0.0,6.328087,12.169406,1.608825,15,11,5,2,0.43394366,0.12998826,0.46928899,0E-8,0.000000,0.938537,0.000000,-0.59941158,2026-06-10,2026-07-15,6,21,21,36,0.166667,5.059617,3.297972,1.446479,,,,,,,,GLOBAL_BASELINE_NO_ENTITY_RANKING,,,NOT_APPLICABLE_GLOBAL_BASELINE,HF9g-P5,,,,X 全窗基线 · 不参与实体赏罚,6875615,688,A168_HF9F_20260827_0900,2026-08-27 09:00:00
2026-06-11,151275894,-1,1,98.2333427624,21.0867384988,21.0867384988,0.6000000,5,5,0.49324550000000000,0.493245500000,0.47746420675292983,0.47746420675292983,0.47746420675292983,0E-17,SENTINEL_DEALER,R03b_20260811_FULL_v1,L1_ELIGIBILITY,v2026-08-11,2026-03-21..2026-08-06,baccarat_bet02_101_all_pairs_incl_sentinel,round_win = game_pnl > 0 (decisive only),COMPATIBILITY_ONLY_NOT_PRODUCTION,1297.0061,1217.2879,168.5956,38,38,-0.12998826,-0.46928899,0.13012259,-0.12998826,-168.5956,1297.0061,OK,0.0000,6.7438,4.0000,96.0000,AG03-UNRESOLVED,ALL5_LEVELS_bet23_to_bet27,6.7438,6.7438,8.4298,8.4298,8.4298,4.000000,4.000000,5.000000,5.000000,5.000000,96.000000,96.000000,95.000000,95.000000,95.000000,5.0,38.7770,35.3786,129.8186,133.2169,PENDING_AG03,FALSE,NOT_FOR_ENFORCEMENT,161.8517,1168.5964,168.5956,161.8517,6.7438,0.12998826,0.12478873,6.7438,161.8517,0.12478873,6.7438,6.7438,8.4298,8.4298,8.4298,161.8517,0.12478873,38.7770,35.3786,129.8186,133.2169,0.10009096,0.10271111,0.00519953,34.1317,32.0339,4.4367,28.0993,8.0284,216.1677,6.3333,112.5655,22.2478,12.8578,21.2153,31.1158,69.432,134.2524,258.1778,17.5177,0.0,6.328087,12.169406,1.608825,15,11,5,2,0.43394366,0.12998826,0.46928899,0E-8,0.000000,0.938537,0.000000,-0.59941158,2026-06-10,2026-07-15,6,21,21,36,0.166667,5.059617,3.297972,1.446479,,,,,,,,GLOBAL_BASELINE_NO_ENTITY_RANKING,,,NOT_APPLICABLE_GLOBAL_BASELINE,HF9g-P5,,,,X 全窗基线 · 不参与实体赏罚,6875616,688,A168_HF9F_20260827_0900,2026-08-27 09:00:00
2026-06-11,151275894,2106,0,38.5733021318,11.5719906395,11.5719906395,0.5000000,2,2,0.50665070000000000,0.506650700000,-0.018812684590367487,-0.018812684590367487,-0.018812684590367487,0E-17,ELIGIBLE,R03b_20260811_FULL_v1,L1_ELIGIBILITY,v2026-08-11,2026-03-21..2026-08-06,baccarat_bet02_101_all_pairs_incl_sentinel,round_win = game_pnl > 0 (decisive only),COMPATIBILITY_ONLY_NOT_PRODUCTION,1297.0061,1217.2879,168.5956,38,38,-0.12998826,-0.46928899,0.13012259,-0.12998826,-168.5956,1297.0061,OK,0.0000,6.7438,4.0000,96.0000,AG03-UNRESOLVED,ALL5_LEVELS_bet23_to_bet27,6.7438,6.7438,8.4298,8.4298,8.4298,4.000000,4.000000,5.000000,5.000000,5.000000,96.000000,96.000000,95.000000,95.000000,95.000000,5.0,38.7770,35.3786,129.8186,133.2169,PENDING_AG03,FALSE,NOT_FOR_ENFORCEMENT,161.8517,1168.5964,168.5956,161.8517,6.7438,0.12998826,0.12478873,6.7438,161.8517,0.12478873,6.7438,6.7438,8.4298,8.4298,8.4298,161.8517,0.12478873,38.7770,35.3786,129.8186,133.2169,0.10009096,0.10271111,0.00519953,34.1317,32.0339,4.4367,28.0993,8.0284,216.1677,6.3333,112.5655,22.2478,12.8578,21.2153,31.1158,69.432,134.2524,258.1778,17.5177,0.0,6.328087,12.169406,1.608825,15,11,5,2,0.43394366,0.12998826,0.46928899,0E-8,0.000000,0.938537,0.000000,-0.59941158,2026-06-10,2026-07-15,6,21,21,36,0.166667,5.059617,3.297972,1.446479,,,,,,,,GLOBAL_BASELINE_NO_ENTITY_RANKING,,,NOT_APPLICABLE_GLOBAL_BASELINE,HF9g-P5,,,,X 全窗基线 · 不参与实体赏罚,6875617,688,A168_HF9F_20260827_0900,2026-08-27 09:00:00
2026-06-11,151275894,2246,0,5.1431069509,5.1431069509,5.1431069509,1.0000000,1,1,0.49324550000000000,0.493245500000,1.01360149184955,1.01360149184955,1.01360149184955,0E-17,ELIGIBLE,R03b_20260811_FULL_v1,L1_ELIGIBILITY,v2026-08-11,2026-03-21..2026-08-06,baccarat_bet02_101_all_pairs_incl_sentinel,round_win = game_pnl > 0 (decisive only),COMPATIBILITY_ONLY_NOT_PRODUCTION,1297.0061,1217.2879,168.5956,38,38,-0.12998826,-0.46928899,0.13012259,-0.12998826,-168.5956,1297.0061,OK,0.0000,6.7438,4.0000,96.0000,AG03-UNRESOLVED,ALL5_LEVELS_bet23_to_bet27,6.7438,6.7438,8.4298,8.4298,8.4298,4.000000,4.000000,5.000000,5.000000,5.000000,96.000000,96.000000,95.000000,95.000000,95.000000,5.0,38.7770,35.3786,129.8186,133.2169,PENDING_AG03,FALSE,NOT_FOR_ENFORCEMENT,161.8517,1168.5964,168.5956,161.8517,6.7438,0.12998826,0.12478873,6.7438,161.8517,0.12478873,6.7438,6.7438,8.4298,8.4298,8.4298,161.8517,0.12478873,38.7770,35.3786,129.8186,133.2169,0.10009096,0.10271111,0.00519953,34.1317,32.0339,4.4367,28.0993,8.0284,216.1677,6.3333,112.5655,22.2478,12.8578,21.2153,31.1158,69.432,134.2524,258.1778,17.5177,0.0,6.328087,12.169406,1.608825,15,11,5,2,0.43394366,0.12998826,0.46928899,0E-8,0.000000,0.938537,0.000000,-0.59941158,2026-06-10,2026-07-15,6,21,21,36,0.166667,5.059617,3.297972,1.446479,,,,,,,,GLOBAL_BASELINE_NO_ENTITY_RANKING,,,NOT_APPLICABLE_GLOBAL_BASELINE,HF9g-P5,,,,X 全窗基线 · 不参与实体赏罚,6875618,688,A168_HF9F_20260827_0900,2026-08-27 09:00:00
2026-06-13,151275894,-1,1,213.9532491577,-110.0624887493,-110.0624887493,0.1666667,9,9,0.50069283333333333,0.500692833333,-1.6363889091354766,-1.6363889091338417,-1.6363889091354766,3.3333E-13,SENTINEL_DEALER,R03b_20260811_FULL_v1,L1_ELIGIBILITY,v2026-08-11,2026-03-21..2026-08-06,baccarat_bet02_101_all_pairs_incl_sentinel,round_win = game_pnl > 0 (decisive only),COMPATIBILITY_ONLY_NOT_PRODUCTION,1297.0061,1217.2879,168.5956,38,38,-0.12998826,-0.46928899,0.13012259,-0.12998826,-168.5956,1297.0061,OK,0.0000,6.7438,4.0000,96.0000,AG03-UNRESOLVED,ALL5_LEVELS_bet23_to_bet27,6.7438,6.7438,8.4298,8.4298,8.4298,4.000000,4.000000,5.000000,5.000000,5.000000,96.000000,96.000000,95.000000,95.000000,95.000000,5.0,38.7770,35.3786,129.8186,133.2169,PENDING_AG03,FALSE,NOT_FOR_ENFORCEMENT,161.8517,1168.5964,168.5956,161.8517,6.7438,0.12998826,0.12478873,6.7438,161.8517,0.12478873,6.7438,6.7438,8.4298,8.4298,8.4298,161.8517,0.12478873,38.7770,35.3786,129.8186,133.2169,0.10009096,0.10271111,0.00519953,34.1317,32.0339,4.4367,28.0993,8.0284,216.1677,6.3333,112.5655,22.2478,12.8578,21.2153,31.1158,69.432,134.2524,258.1778,17.5177,0.0,6.328087,12.169406,1.608825,15,11,5,2,0.43394366,0.12998826,0.46928899,0E-8,0.000000,0.938537,0.000000,-0.59941158,2026-06-10,2026-07-15,6,21,21,36,0.166667,5.059617,3.297972,1.446479,,,,,,,,GLOBAL_BASELINE_NO_ENTITY_RANKING,,,NOT_APPLICABLE_GLOBAL_BASELINE,HF9g-P5,,,,X 全窗基线 · 不参与实体赏罚,6875619,688,A168_HF9F_20260827_0900,2026-08-27 09:00:00
2026-06-13,151275894,1205,0,12.8577673773,-12.8577673773,-12.8577673773,0E-7,1,1,0.49324550000000000,0.493245500000,-0.9865810262130424,-0.9865810262130424,-0.9865810262130424,0E-17,ELIGIBLE,R03b_20260811_FULL_v1,L1_ELIGIBILITY,v2026-08-11,2026-03-21..2026-08-06,baccarat_bet02_101_all_pairs_incl_sentinel,round_win = game_pnl > 0 (decisive only),COMPATIBILITY_ONLY_NOT_PRODUCTION,1297.0061,1217.2879,168.5956,38,38,-0.12998826,-0.46928899,0.13012259,-0.12998826,-168.5956,1297.0061,OK,0.0000,6.7438,4.0000,96.0000,AG03-UNRESOLVED,ALL5_LEVELS_bet23_to_bet27,6.7438,6.7438,8.4298,8.4298,8.4298,4.000000,4.000000,5.000000,5.000000,5.000000,96.000000,96.000000,95.000000,95.000000,95.000000,5.0,38.7770,35.3786,129.8186,133.2169,PENDING_AG03,FALSE,NOT_FOR_ENFORCEMENT,161.8517,1168.5964,168.5956,161.8517,6.7438,0.12998826,0.12478873,6.7438,161.8517,0.12478873,6.7438,6.7438,8.4298,8.4298,8.4298,161.8517,0.12478873,38.7770,35.3786,129.8186,133.2169,0.10009096,0.10271111,0.00519953,34.1317,32.0339,4.4367,28.0993,8.0284,216.1677,6.3333,112.5655,22.2478,12.8578,21.2153,31.1158,69.432,134.2524,258.1778,17.5177,0.0,6.328087,12.169406,1.608825,15,11,5,2,0.43394366,0.12998826,0.46928899,0E-8,0.000000,0.938537,0.000000,-0.59941158,2026-06-10,2026-07-15,6,21,21,36,0.166667,5.059617,3.297972,1.446479,,,,,,,,GLOBAL_BASELINE_NO_ENTITY_RANKING,,,NOT_APPLICABLE_GLOBAL_BASELINE,HF9g-P5,,,,X 全窗基线 · 不参与实体赏罚,6875620,688,A168_HF9F_20260827_0900,2026-08-27 09:00:00
2026-06-13,151275894,2223,0,31.1157970530,31.1157970530,31.1157970530,1.0000000,1,1,0.49324550000000000,0.493245500000,1.01360149184955,1.01360149184955,1.01360149184955,0E-17,ELIGIBLE,R03b_20260811_FULL_v1,L1_ELIGIBILITY,v2026-08-11,2026-03-21..2026-08-06,baccarat_bet02_101_all_pairs_incl_sentinel,round_win = game_pnl > 0 (decisive only),COMPATIBILITY_ONLY_NOT_PRODUCTION,1297.0061,1217.2879,168.5956,38,38,-0.12998826,-0.46928899,0.13012259,-0.12998826,-168.5956,1297.0061,OK,0.0000,6.7438,4.0000,96.0000,AG03-UNRESOLVED,ALL5_LEVELS_bet23_to_bet27,6.7438,6.7438,8.4298,8.4298,8.4298,4.000000,4.000000,5.000000,5.000000,5.000000,96.000000,96.000000,95.000000,95.000000,95.000000,5.0,38.7770,35.3786,129.8186,133.2169,PENDING_AG03,FALSE,NOT_FOR_ENFORCEMENT,161.8517,1168.5964,168.5956,161.8517,6.7438,0.12998826,0.12478873,6.7438,161.8517,0.12478873,6.7438,6.7438,8.4298,8.4298,8.4298,161.8517,0.12478873,38.7770,35.3786,129.8186,133.2169,0.10009096,0.10271111,0.00519953,34.1317,32.0339,4.4367,28.0993,8.0284,216.1677,6.3333,112.5655,22.2478,12.8578,21.2153,31.1158,69.432,134.2524,258.1778,17.5177,0.0,6.328087,12.169406,1.608825,15,11,5,2,0.43394366,0.12998826,0.46928899,0E-8,0.000000,0.938537,0.000000,-0.59941158,2026-06-10,2026-07-15,6,21,21,36,0.166667,5.059617,3.297972,1.446479,,,,,,,,GLOBAL_BASELINE_NO_ENTITY_RANKING,,,NOT_APPLICABLE_GLOBAL_BASELINE,HF9g-P5,,,,X 全窗基线 · 不参与实体赏罚,6875621,688,A168_HF9F_20260827_0900,2026-08-27 09:00:00
2026-06-14,151275894,-1,1,48.8595160336,48.8595160336,48.8595160336,1.0000000,2,2,0.49324550000000000,0.493245500000,1.4334489766152358,1.4334489766152358,1.4334489766152358,0E-17,SENTINEL_DEALER,R03b_20260811_FULL_v1,L1_ELIGIBILITY,v2026-08-11,2026-03-21..2026-08-06,baccarat_bet02_101_all_pairs_incl_sentinel,round_win = game_pnl > 0 (decisive only),COMPATIBILITY_ONLY_NOT_PRODUCTION,1297.0061,1217.2879,168.5956,38,38,-0.12998826,-0.46928899,0.13012259,-0.12998826,-168.5956,1297.0061,OK,0.0000,6.7438,4.0000,96.0000,AG03-UNRESOLVED,ALL5_LEVELS_bet23_to_bet27,6.7438,6.7438,8.4298,8.4298,8.4298,4.000000,4.000000,5.000000,5.000000,5.000000,96.000000,96.000000,95.000000,95.000000,95.000000,5.0,38.7770,35.3786,129.8186,133.2169,PENDING_AG03,FALSE,NOT_FOR_ENFORCEMENT,161.8517,1168.5964,168.5956,161.8517,6.7438,0.12998826,0.12478873,6.7438,161.8517,0.12478873,6.7438,6.7438,8.4298,8.4298,8.4298,161.8517,0.12478873,38.7770,35.3786,129.8186,133.2169,0.10009096,0.10271111,0.00519953,34.1317,32.0339,4.4367,28.0993,8.0284,216.1677,6.3333,112.5655,22.2478,12.8578,21.2153,31.1158,69.432,134.2524,258.1778,17.5177,0.0,6.328087,12.169406,1.608825,15,11,5,2,0.43394366,0.12998826,0.46928899,0E-8,0.000000,0.938537,0.000000,-0.59941158,2026-06-10,2026-07-15,6,21,21,36,0.166667,5.059617,3.297972,1.446479,,,,,,,,GLOBAL_BASELINE_NO_ENTITY_RANKING,,,NOT_APPLICABLE_GLOBAL_BASELINE,HF9g-P5,,,,X 全窗基线 · 不参与实体赏罚,6875622,688,A168_HF9F_20260827_0900,2026-08-27 09:00:00
2026-06-14,151275894,2209,0,111.8625761823,34.7802607555,34.7802607555,0.5000000,3,3,0.50665070000000000,0.506650700000,-0.018812684590367487,-0.018812684590367487,-0.018812684590367487,0E-17,ELIGIBLE,R03b_20260811_FULL_v1,L1_ELIGIBILITY,v2026-08-11,2026-03-21..2026-08-06,baccarat_bet02_101_all_pairs_incl_sentinel,round_win = game_pnl > 0 (decisive only),COMPATIBILITY_ONLY_NOT_PRODUCTION,1297.0061,1217.2879,168.5956,38,38,-0.12998826,-0.46928899,0.13012259,-0.12998826,-168.5956,1297.0061,OK,0.0000,6.7438,4.0000,96.0000,AG03-UNRESOLVED,ALL5_LEVELS_bet23_to_bet27,6.7438,6.7438,8.4298,8.4298,8.4298,4.000000,4.000000,5.000000,5.000000,5.000000,96.000000,96.000000,95.000000,95.000000,95.000000,5.0,38.7770,35.3786,129.8186,133.2169,PENDING_AG03,FALSE,NOT_FOR_ENFORCEMENT,161.8517,1168.5964,168.5956,161.8517,6.7438,0.12998826,0.12478873,6.7438,161.8517,0.12478873,6.7438,6.7438,8.4298,8.4298,8.4298,161.8517,0.12478873,38.7770,35.3786,129.8186,133.2169,0.10009096,0.10271111,0.00519953,34.1317,32.0339,4.4367,28.0993,8.0284,216.1677,6.3333,112.5655,22.2478,12.8578,21.2153,31.1158,69.432,134.2524,258.1778,17.5177,0.0,6.328087,12.169406,1.608825,15,11,5,2,0.43394366,0.12998826,0.46928899,0E-8,0.000000,0.938537,0.000000,-0.59941158,2026-06-10,2026-07-15,6,21,21,36,0.166667,5.059617,3.297972,1.446479,,,,,,,,GLOBAL_BASELINE_NO_ENTITY_RANKING,,,NOT_APPLICABLE_GLOBAL_BASELINE,HF9g-P5,,,,X 全窗基线 · 不参与实体赏罚,6875623,688,A168_HF9F_20260827_0900,2026-08-27 09:00:00
2026-06-14,151275894,2212,0,33.4301951809,16.7150975904,16.7150975904,0.5000000,2,2,0.50665070000000000,0.506650700000,-0.018812684590367487,-0.018812684590367487,-0.018812684590367487,0E-17,ELIGIBLE,R03b_20260811_FULL_v1,L1_ELIGIBILITY,v2026-08-11,2026-03-21..2026-08-06,baccarat_bet02_101_all_pairs_incl_sentinel,round_win = game_pnl > 0 (decisive only),COMPATIBILITY_ONLY_NOT_PRODUCTION,1297.0061,1217.2879,168.5956,38,38,-0.12998826,-0.46928899,0.13012259,-0.12998826,-168.5956,1297.0061,OK,0.0000,6.7438,4.0000,96.0000,AG03-UNRESOLVED,ALL5_LEVELS_bet23_to_bet27,6.7438,6.7438,8.4298,8.4298,8.4298,4.000000,4.000000,5.000000,5.000000,5.000000,96.000000,96.000000,95.000000,95.000000,95.000000,5.0,38.7770,35.3786,129.8186,133.2169,PENDING_AG03,FALSE,NOT_FOR_ENFORCEMENT,161.8517,1168.5964,168.5956,161.8517,6.7438,0.12998826,0.12478873,6.7438,161.8517,0.12478873,6.7438,6.7438,8.4298,8.4298,8.4298,161.8517,0.12478873,38.7770,35.3786,129.8186,133.2169,0.10009096,0.10271111,0.00519953,34.1317,32.0339,4.4367,28.0993,8.0284,216.1677,6.3333,112.5655,22.2478,12.8578,21.2153,31.1158,69.432,134.2524,258.1778,17.5177,0.0,6.328087,12.169406,1.608825,15,11,5,2,0.43394366,0.12998826,0.46928899,0E-8,0.000000,0.938537,0.000000,-0.59941158,2026-06-10,2026-07-15,6,21,21,36,0.166667,5.059617,3.297972,1.446479,,,,,,,,GLOBAL_BASELINE_NO_ENTITY_RANKING,,,NOT_APPLICABLE_GLOBAL_BASELINE,HF9g-P5,,,,X 全窗基线 · 不参与实体赏罚,6875624,688,A168_HF9F_20260827_0900,2026-08-27 09:00:00
2026-06-14,151275894,529,0,51.4310695091,48.8595160336,48.8595160336,1.0000000,1,1,0.50665070000000000,0.506650700000,0.9867858985152569,0.9867858985152569,0.9867858985152569,0E-17,ELIGIBLE,R03b_20260811_FULL_v1,L1_ELIGIBILITY,v2026-08-11,2026-03-21..2026-08-06,baccarat_bet02_101_all_pairs_incl_sentinel,round_win = game_pnl > 0 (decisive only),COMPATIBILITY_ONLY_NOT_PRODUCTION,1297.0061,1217.2879,168.5956,38,38,-0.12998826,-0.46928899,0.13012259,-0.12998826,-168.5956,1297.0061,OK,0.0000,6.7438,4.0000,96.0000,AG03-UNRESOLVED,ALL5_LEVELS_bet23_to_bet27,6.7438,6.7438,8.4298,8.4298,8.4298,4.000000,4.000000,5.000000,5.000000,5.000000,96.000000,96.000000,95.000000,95.000000,95.000000,5.0,38.7770,35.3786,129.8186,133.2169,PENDING_AG03,FALSE,NOT_FOR_ENFORCEMENT,161.8517,1168.5964,168.5956,161.8517,6.7438,0.12998826,0.12478873,6.7438,161.8517,0.12478873,6.7438,6.7438,8.4298,8.4298,8.4298,161.8517,0.12478873,38.7770,35.3786,129.8186,133.2169,0.10009096,0.10271111,0.00519953,34.1317,32.0339,4.4367,28.0993,8.0284,216.1677,6.3333,112.5655,22.2478,12.8578,21.2153,31.1158,69.432,134.2524,258.1778,17.5177,0.0,6.328087,12.169406,1.608825,15,11,5,2,0.43394366,0.12998826,0.46928899,0E-8,0.000000,0.938537,0.000000,-0.59941158,2026-06-10,2026-07-15,6,21,21,36,0.166667,5.059617,3.297972,1.446479,,,,,,,,GLOBAL_BASELINE_NO_ENTITY_RANKING,,,NOT_APPLICABLE_GLOBAL_BASELINE,HF9g-P5,,,,X 全窗基线 · 不参与实体赏罚,6875625,688,A168_HF9F_20260827_0900,2026-08-27 09:00:00
2026-06-14,151275894,595,0,19.2866510659,18.3223185126,18.3223185126,1.0000000,1,1,0.50665070000000000,0.506650700000,0.9867858985152569,0.9867858985152569,0.9867858985152569,0E-17,ELIGIBLE,R03b_20260811_FULL_v1,L1_ELIGIBILITY,v2026-08-11,2026-03-21..2026-08-06,baccarat_bet02_101_all_pairs_incl_sentinel,round_win = game_pnl > 0 (decisive only),COMPATIBILITY_ONLY_NOT_PRODUCTION,1297.0061,1217.2879,168.5956,38,38,-0.12998826,-0.46928899,0.13012259,-0.12998826,-168.5956,1297.0061,OK,0.0000,6.7438,4.0000,96.0000,AG03-UNRESOLVED,ALL5_LEVELS_bet23_to_bet27,6.7438,6.7438,8.4298,8.4298,8.4298,4.000000,4.000000,5.000000,5.000000,5.000000,96.000000,96.000000,95.000000,95.000000,95.000000,5.0,38.7770,35.3786,129.8186,133.2169,PENDING_AG03,FALSE,NOT_FOR_ENFORCEMENT,161.8517,1168.5964,168.5956,161.8517,6.7438,0.12998826,0.12478873,6.7438,161.8517,0.12478873,6.7438,6.7438,8.4298,8.4298,8.4298,161.8517,0.12478873,38.7770,35.3786,129.8186,133.2169,0.10009096,0.10271111,0.00519953,34.1317,32.0339,4.4367,28.0993,8.0284,216.1677,6.3333,112.5655,22.2478,12.8578,21.2153,31.1158,69.432,134.2524,258.1778,17.5177,0.0,6.328087,12.169406,1.608825,15,11,5,2,0.43394366,0.12998826,0.46928899,0E-8,0.000000,0.938537,0.000000,-0.59941158,2026-06-10,2026-07-15,6,21,21,36,0.166667,5.059617,3.297972,1.446479,,,,,,,,GLOBAL_BASELINE_NO_ENTITY_RANKING,,,NOT_APPLICABLE_GLOBAL_BASELINE,HF9g-P5,,,,X 全窗基线 · 不参与实体赏罚,6875626,688,A168_HF9F_20260827_0900,2026-08-27 09:00:00
2026-07-12,151275894,-1,1,516.3555624403,-309.8133374641,-309.8133374641,0.3333333,3,3,0.49324550000000000,0.493245500000,-0.5540025479526107,-0.5540025479526106,-0.5540025479526107,0E-17,SENTINEL_DEALER,R03b_20260811_FULL_v1,L1_ELIGIBILITY,v2026-08-11,2026-03-21..2026-08-06,baccarat_bet02_101_all_pairs_incl_sentinel,round_win = game_pnl > 0 (decisive only),COMPATIBILITY_ONLY_NOT_PRODUCTION,1297.0061,1217.2879,168.5956,38,38,-0.12998826,-0.46928899,0.13012259,-0.12998826,-168.5956,1297.0061,OK,0.0000,6.7438,4.0000,96.0000,AG03-UNRESOLVED,ALL5_LEVELS_bet23_to_bet27,6.7438,6.7438,8.4298,8.4298,8.4298,4.000000,4.000000,5.000000,5.000000,5.000000,96.000000,96.000000,95.000000,95.000000,95.000000,5.0,38.7770,35.3786,129.8186,133.2169,PENDING_AG03,FALSE,NOT_FOR_ENFORCEMENT,161.8517,1168.5964,168.5956,161.8517,6.7438,0.12998826,0.12478873,6.7438,161.8517,0.12478873,6.7438,6.7438,8.4298,8.4298,8.4298,161.8517,0.12478873,38.7770,35.3786,129.8186,133.2169,0.10009096,0.10271111,0.00519953,34.1317,32.0339,4.4367,28.0993,8.0284,216.1677,6.3333,112.5655,22.2478,12.8578,21.2153,31.1158,69.432,134.2524,258.1778,17.5177,0.0,6.328087,12.169406,1.608825,15,11,5,2,0.43394366,0.12998826,0.46928899,0E-8,0.000000,0.938537,0.000000,-0.59941158,2026-06-10,2026-07-15,6,21,21,36,0.166667,5.059617,3.297972,1.446479,,,,,,,,GLOBAL_BASELINE_NO_ENTITY_RANKING,,,NOT_APPLICABLE_GLOBAL_BASELINE,HF9g-P5,,,,X 全窗基线 · 不参与实体赏罚,6875627,688,A168_HF9F_20260827_0900,2026-08-27 09:00:00
2026-07-15,151275894,-1,1,15.7488446544,14.9614024217,14.9614024217,1.0000000,1,1,0.50665070000000000,0.506650700000,0.9867858985152569,0.9867858985152569,0.9867858985152569,0E-17,SENTINEL_DEALER,R03b_20260811_FULL_v1,L1_ELIGIBILITY,v2026-08-11,2026-03-21..2026-08-06,baccarat_bet02_101_all_pairs_incl_sentinel,round_win = game_pnl > 0 (decisive only),COMPATIBILITY_ONLY_NOT_PRODUCTION,1297.0061,1217.2879,168.5956,38,38,-0.12998826,-0.46928899,0.13012259,-0.12998826,-168.5956,1297.0061,OK,0.0000,6.7438,4.0000,96.0000,AG03-UNRESOLVED,ALL5_LEVELS_bet23_to_bet27,6.7438,6.7438,8.4298,8.4298,8.4298,4.000000,4.000000,5.000000,5.000000,5.000000,96.000000,96.000000,95.000000,95.000000,95.000000,5.0,38.7770,35.3786,129.8186,133.2169,PENDING_AG03,FALSE,NOT_FOR_ENFORCEMENT,161.8517,1168.5964,168.5956,161.8517,6.7438,0.12998826,0.12478873,6.7438,161.8517,0.12478873,6.7438,6.7438,8.4298,8.4298,8.4298,161.8517,0.12478873,38.7770,35.3786,129.8186,133.2169,0.10009096,0.10271111,0.00519953,34.1317,32.0339,4.4367,28.0993,8.0284,216.1677,6.3333,112.5655,22.2478,12.8578,21.2153,31.1158,69.432,134.2524,258.1778,17.5177,0.0,6.328087,12.169406,1.608825,15,11,5,2,0.43394366,0.12998826,0.46928899,0E-8,0.000000,0.938537,0.000000,-0.59941158,2026-06-10,2026-07-15,6,21,21,36,0.166667,5.059617,3.297972,1.446479,,,,,,,,GLOBAL_BASELINE_NO_ENTITY_RANKING,,,NOT_APPLICABLE_GLOBAL_BASELINE,HF9g-P5,,,,X 全窗基线 · 不参与实体赏罚,6875628,688,A168_HF9F_20260827_0900,2026-08-27 09:00:00
2026-07-15,151275894,1094,0,30.7231559652,30.7231559652,30.7231559652,1.0000000,1,1,0.49324550000000000,0.493245500000,1.01360149184955,1.01360149184955,1.01360149184955,0E-17,ELIGIBLE,R03b_20260811_FULL_v1,L1_ELIGIBILITY,v2026-08-11,2026-03-21..2026-08-06,baccarat_bet02_101_all_pairs_incl_sentinel,round_win = game_pnl > 0 (decisive only),COMPATIBILITY_ONLY_NOT_PRODUCTION,1297.0061,1217.2879,168.5956,38,38,-0.12998826,-0.46928899,0.13012259,-0.12998826,-168.5956,1297.0061,OK,0.0000,6.7438,4.0000,96.0000,AG03-UNRESOLVED,ALL5_LEVELS_bet23_to_bet27,6.7438,6.7438,8.4298,8.4298,8.4298,4.000000,4.000000,5.000000,5.000000,5.000000,96.000000,96.000000,95.000000,95.000000,95.000000,5.0,38.7770,35.3786,129.8186,133.2169,PENDING_AG03,FALSE,NOT_FOR_ENFORCEMENT,161.8517,1168.5964,168.5956,161.8517,6.7438,0.12998826,0.12478873,6.7438,161.8517,0.12478873,6.7438,6.7438,8.4298,8.4298,8.4298,161.8517,0.12478873,38.7770,35.3786,129.8186,133.2169,0.10009096,0.10271111,0.00519953,34.1317,32.0339,4.4367,28.0993,8.0284,216.1677,6.3333,112.5655,22.2478,12.8578,21.2153,31.1158,69.432,134.2524,258.1778,17.5177,0.0,6.328087,12.169406,1.608825,15,11,5,2,0.43394366,0.12998826,0.46928899,0E-8,0.000000,0.938537,0.000000,-0.59941158,2026-06-10,2026-07-15,6,21,21,36,0.166667,5.059617,3.297972,1.446479,,,,,,,,GLOBAL_BASELINE_NO_ENTITY_RANKING,,,NOT_APPLICABLE_GLOBAL_BASELINE,HF9g-P5,,,,X 全窗基线 · 不参与实体赏罚,6875629,688,A168_HF9F_20260827_0900,2026-08-27 09:00:00
2026-07-04,152541993,1401,0,40.8780607447,-0.2043903037,-0.2043903037,0.5384615,13,13,0.49840134615384615,0.498401346154,0.28887963152039037,0.2888796315192806,0.28887963152039037,-1.5385E-13,ELIGIBLE,R03b_20260811_FULL_v1,L1_ELIGIBILITY,v2026-08-11,2026-03-21..2026-08-06,baccarat_bet02_101_all_pairs_incl_sentinel,round_win = game_pnl > 0 (decisive only),COMPATIBILITY_ONLY_NOT_PRODUCTION,8220.5043,7721.4067,168.6028,931,880,-0.02051003,-0.01872231,-0.04112150,-0.02051003,-168.6028,8220.5043,OK,0.0000,6.7441,4.0000,96.0000,AG03-UNRESOLVED,ALL5_LEVELS_bet23_to_bet27,6.7441,6.7441,6.7441,6.7441,6.7441,4.000000,4.000000,4.000000,4.000000,4.000000,96.000000,96.000000,96.000000,96.000000,96.000000,5.0,33.7206,31.1287,134.8822,137.4741,PENDING_AG03,FALSE,NOT_FOR_ENFORCEMENT,161.8587,7412.5504,168.6028,161.8587,6.7441,0.02051003,0.01968963,6.7441,161.8587,0.01968963,6.7441,6.7441,6.7441,6.7441,6.7441,161.8587,0.01968963,33.7206,31.1287,134.8822,137.4741,0.01640802,0.01672332,0.00082040,8.8298,8.7743,0.1916,9.3668,2.0815,456.6947,48.8889,8.9945,7.2899,4.0878,10.2195,10.2195,20.439,20.439,20.439,10.2195,0.0,2.0,2.0,0.864009,18,73,19,8,0.92018824,0.02051003,0.01872231,0E-8,0.000000,0.939286,0.000000,0.02239918,2026-07-04,2026-08-02,18,81,65,30,0.600000,1.233833,1.018663,3.067294,,,,,,,,GLOBAL_BASELINE_NO_ENTITY_RANKING,,,NOT_APPLICABLE_GLOBAL_BASELINE,HF9g-P5,,,,X 全窗基线 · 不参与实体赏罚,6875630,688,A168_HF9F_20260827_0900,2026-08-27 09:00:00
2026-07-04,152541993,1505,0,8.1756121490,0E-10,0E-10,0.5000000,2,2,0.49324550000000000,0.493245500000,0.01910635448239258,0.01910635448239258,0.01910635448239258,0E-17,ELIGIBLE,R03b_20260811_FULL_v1,L1_ELIGIBILITY,v2026-08-11,2026-03-21..2026-08-06,baccarat_bet02_101_all_pairs_incl_sentinel,round_win = game_pnl > 0 (decisive only),COMPATIBILITY_ONLY_NOT_PRODUCTION,8220.5043,7721.4067,168.6028,931,880,-0.02051003,-0.01872231,-0.04112150,-0.02051003,-168.6028,8220.5043,OK,0.0000,6.7441,4.0000,96.0000,AG03-UNRESOLVED,ALL5_LEVELS_bet23_to_bet27,6.7441,6.7441,6.7441,6.7441,6.7441,4.000000,4.000000,4.000000,4.000000,4.000000,96.000000,96.000000,96.000000,96.000000,96.000000,5.0,33.7206,31.1287,134.8822,137.4741,PENDING_AG03,FALSE,NOT_FOR_ENFORCEMENT,161.8587,7412.5504,168.6028,161.8587,6.7441,0.02051003,0.01968963,6.7441,161.8587,0.01968963,6.7441,6.7441,6.7441,6.7441,6.7441,161.8587,0.01968963,33.7206,31.1287,134.8822,137.4741,0.01640802,0.01672332,0.00082040,8.8298,8.7743,0.1916,9.3668,2.0815,456.6947,48.8889,8.9945,7.2899,4.0878,10.2195,10.2195,20.439,20.439,20.439,10.2195,0.0,2.0,2.0,0.864009,18,73,19,8,0.92018824,0.02051003,0.01872231,0E-8,0.000000,0.939286,0.000000,0.02239918,2026-07-04,2026-08-02,18,81,65,30,0.600000,1.233833,1.018663,3.067294,,,,,,,,GLOBAL_BASELINE_NO_ENTITY_RANKING,,,NOT_APPLICABLE_GLOBAL_BASELINE,HF9g-P5,,,,X 全窗基线 · 不参与实体赏罚,6875631,688,A168_HF9F_20260827_0900,2026-08-27 09:00:00
2026-07-04,152541993,1942,0,53.1414789685,32.4980582923,32.4980582923,0.8333333,13,13,0.49427666923076923,0.494276669231,2.349207384217782,2.3492073842161707,2.349207384217782,-2.3077E-13,ELIGIBLE,R03b_20260811_FULL_v1,L1_ELIGIBILITY,v2026-08-11,2026-03-21..2026-08-06,baccarat_bet02_101_all_pairs_incl_sentinel,round_win = game_pnl > 0 (decisive only),COMPATIBILITY_ONLY_NOT_PRODUCTION,8220.5043,7721.4067,168.6028,931,880,-0.02051003,-0.01872231,-0.04112150,-0.02051003,-168.6028,8220.5043,OK,0.0000,6.7441,4.0000,96.0000,AG03-UNRESOLVED,ALL5_LEVELS_bet23_to_bet27,6.7441,6.7441,6.7441,6.7441,6.7441,4.000000,4.000000,4.000000,4.000000,4.000000,96.000000,96.000000,96.000000,96.000000,96.000000,5.0,33.7206,31.1287,134.8822,137.4741,PENDING_AG03,FALSE,NOT_FOR_ENFORCEMENT,161.8587,7412.5504,168.6028,161.8587,6.7441,0.02051003,0.01968963,6.7441,161.8587,0.01968963,6.7441,6.7441,6.7441,6.7441,6.7441,161.8587,0.01968963,33.7206,31.1287,134.8822,137.4741,0.01640802,0.01672332,0.00082040,8.8298,8.7743,0.1916,9.3668,2.0815,456.6947,48.8889,8.9945,7.2899,4.0878,10.2195,10.2195,20.439,20.439,20.439,10.2195,0.0,2.0,2.0,0.864009,18,73,19,8,0.92018824,0.02051003,0.01872231,0E-8,0.000000,0.939286,0.000000,0.02239918,2026-07-04,2026-08-02,18,81,65,30,0.600000,1.233833,1.018663,3.067294,,,,,,,,GLOBAL_BASELINE_NO_ENTITY_RANKING,,,NOT_APPLICABLE_GLOBAL_BASELINE,HF9g-P5,,,,X 全窗基线 · 不参与实体赏罚,6875632,688,A168_HF9F_20260827_0900,2026-08-27 09:00:00
2026-07-04,152541993,2142,0,12.2634182235,-8.1756121490,-8.1756121490,0E-7,3,3,0.49324550000000000,0.493245500000,-1.3952362676504506,-1.3952362676504506,-1.3952362676504506,0E-17,ELIGIBLE,R03b_20260811_FULL_v1,L1_ELIGIBILITY,v2026-08-11,2026-03-21..2026-08-06,baccarat_bet02_101_all_pairs_incl_sentinel,round_win = game_pnl > 0 (decisive only),COMPATIBILITY_ONLY_NOT_PRODUCTION,8220.5043,7721.4067,168.6028,931,880,-0.02051003,-0.01872231,-0.04112150,-0.02051003,-168.6028,8220.5043,OK,0.0000,6.7441,4.0000,96.0000,AG03-UNRESOLVED,ALL5_LEVELS_bet23_to_bet27,6.7441,6.7441,6.7441,6.7441,6.7441,4.000000,4.000000,4.000000,4.000000,4.000000,96.000000,96.000000,96.000000,96.000000,96.000000,5.0,33.7206,31.1287,134.8822,137.4741,PENDING_AG03,FALSE,NOT_FOR_ENFORCEMENT,161.8587,7412.5504,168.6028,161.8587,6.7441,0.02051003,0.01968963,6.7441,161.8587,0.01968963,6.7441,6.7441,6.7441,6.7441,6.7441,161.8587,0.01968963,33.7206,31.1287,134.8822,137.4741,0.01640802,0.01672332,0.00082040,8.8298,8.7743,0.1916,9.3668,2.0815,456.6947,48.8889,8.9945,7.2899,4.0878,10.2195,10.2195,20.439,20.439,20.439,10.2195,0.0,2.0,2.0,0.864009,18,73,19,8,0.92018824,0.02051003,0.01872231,0E-8,0.000000,0.939286,0.000000,0.02239918,2026-07-04,2026-08-02,18,81,65,30,0.600000,1.233833,1.018663,3.067294,,,,,,,,GLOBAL_BASELINE_NO_ENTITY_RANKING,,,NOT_APPLICABLE_GLOBAL_BASELINE,HF9g-P5,,,,X 全窗基线 · 不参与实体赏罚,6875633,688,A168_HF9F_20260827_0900,2026-08-27 09:00:00
2026-07-04,152541993,2171,0,91.9756366758,-30.6585455586,-30.6585455586,0.3333333,9,9,0.49473496666666667,0.494734966667,-0.9684634942202676,-0.968463494222261,-0.9684634942202676,-3.3333E-13,ELIGIBLE,R03b_20260811_FULL_v1,L1_ELIGIBILITY,v2026-08-11,2026-03-21..2026-08-06,baccarat_bet02_101_all_pairs_incl_sentinel,round_win = game_pnl > 0 (decisive only),COMPATIBILITY_ONLY_NOT_PRODUCTION,8220.5043,7721.4067,168.6028,931,880,-0.02051003,-0.01872231,-0.04112150,-0.02051003,-168.6028,8220.5043,OK,0.0000,6.7441,4.0000,96.0000,AG03-UNRESOLVED,ALL5_LEVELS_bet23_to_bet27,6.7441,6.7441,6.7441,6.7441,6.7441,4.000000,4.000000,4.000000,4.000000,4.000000,96.000000,96.000000,96.000000,96.000000,96.000000,5.0,33.7206,31.1287,134.8822,137.4741,PENDING_AG03,FALSE,NOT_FOR_ENFORCEMENT,161.8587,7412.5504,168.6028,161.8587,6.7441,0.02051003,0.01968963,6.7441,161.8587,0.01968963,6.7441,6.7441,6.7441,6.7441,6.7441,161.8587,0.01968963,33.7206,31.1287,134.8822,137.4741,0.01640802,0.01672332,0.00082040,8.8298,8.7743,0.1916,9.3668,2.0815,456.6947,48.8889,8.9945,7.2899,4.0878,10.2195,10.2195,20.439,20.439,20.439,10.2195,0.0,2.0,2.0,0.864009,18,73,19,8,0.92018824,0.02051003,0.01872231,0E-8,0.000000,0.939286,0.000000,0.02239918,2026-07-04,2026-08-02,18,81,65,30,0.600000,1.233833,1.018663,3.067294,,,,,,,,GLOBAL_BASELINE_NO_ENTITY_RANKING,,,NOT_APPLICABLE_GLOBAL_BASELINE,HF9g-P5,,,,X 全窗基线 · 不参与实体赏罚,6875634,688,A168_HF9F_20260827_0900,2026-08-27 09:00:00
2026-07-04,152541993,970,0,32.7024485959,4.0878060745,4.0878060745,0.6000000,5,5,0.49324550000000000,0.493245500000,0.47746420675292983,0.47746420675292983,0.47746420675292983,0E-17,ELIGIBLE,R03b_20260811_FULL_v1,L1_ELIGIBILITY,v2026-08-11,2026-03-21..2026-08-06,baccarat_bet02_101_all_pairs_incl_sentinel,round_win = game_pnl > 0 (decisive only),COMPATIBILITY_ONLY_NOT_PRODUCTION,8220.5043,7721.4067,168.6028,931,880,-0.02051003,-0.01872231,-0.04112150,-0.02051003,-168.6028,8220.5043,OK,0.0000,6.7441,4.0000,96.0000,AG03-UNRESOLVED,ALL5_LEVELS_bet23_to_bet27,6.7441,6.7441,6.7441,6.7441,6.7441,4.000000,4.000000,4.000000,4.000000,4.000000,96.000000,96.000000,96.000000,96.000000,96.000000,5.0,33.7206,31.1287,134.8822,137.4741,PENDING_AG03,FALSE,NOT_FOR_ENFORCEMENT,161.8587,7412.5504,168.6028,161.8587,6.7441,0.02051003,0.01968963,6.7441,161.8587,0.01968963,6.7441,6.7441,6.7441,6.7441,6.7441,161.8587,0.01968963,33.7206,31.1287,134.8822,137.4741,0.01640802,0.01672332,0.00082040,8.8298,8.7743,0.1916,9.3668,2.0815,456.6947,48.8889,8.9945,7.2899,4.0878,10.2195,10.2195,20.439,20.439,20.439,10.2195,0.0,2.0,2.0,0.864009,18,73,19,8,0.92018824,0.02051003,0.01872231,0E-8,0.000000,0.939286,0.000000,0.02239918,2026-07-04,2026-08-02,18,81,65,30,0.600000,1.233833,1.018663,3.067294,,,,,,,,GLOBAL_BASELINE_NO_ENTITY_RANKING,,,NOT_APPLICABLE_GLOBAL_BASELINE,HF9g-P5,,,,X 全窗基线 · 不参与实体赏罚,6875635,688,A168_HF9F_20260827_0900,2026-08-27 09:00:00
2026-07-06,152541993,1330,0,235.0488492826,20.4390303724,20.4390303724,0.5500000,21,21,0.49324550000000000,0.493245500000,0.5076740057263938,0.5076740057263938,0.5076740057263938,0E-17,ELIGIBLE,R03b_20260811_FULL_v1,L1_ELIGIBILITY,v2026-08-11,2026-03-21..2026-08-06,baccarat_bet02_101_all_pairs_incl_sentinel,round_win = game_pnl > 0 (decisive only),COMPATIBILITY_ONLY_NOT_PRODUCTION,8220.5043,7721.4067,168.6028,931,880,-0.02051003,-0.01872231,-0.04112150,-0.02051003,-168.6028,8220.5043,OK,0.0000,6.7441,4.0000,96.0000,AG03-UNRESOLVED,ALL5_LEVELS_bet23_to_bet27,6.7441,6.7441,6.7441,6.7441,6.7441,4.000000,4.000000,4.000000,4.000000,4.000000,96.000000,96.000000,96.000000,96.000000,96.000000,5.0,33.7206,31.1287,134.8822,137.4741,PENDING_AG03,FALSE,NOT_FOR_ENFORCEMENT,161.8587,7412.5504,168.6028,161.8587,6.7441,0.02051003,0.01968963,6.7441,161.8587,0.01968963,6.7441,6.7441,6.7441,6.7441,6.7441,161.8587,0.01968963,33.7206,31.1287,134.8822,137.4741,0.01640802,0.01672332,0.00082040,8.8298,8.7743,0.1916,9.3668,2.0815,456.6947,48.8889,8.9945,7.2899,4.0878,10.2195,10.2195,20.439,20.439,20.439,10.2195,0.0,2.0,2.0,0.864009,18,73,19,8,0.92018824,0.02051003,0.01872231,0E-8,0.000000,0.939286,0.000000,0.02239918,2026-07-04,2026-08-02,18,81,65,30,0.600000,1.233833,1.018663,3.067294,,,,,,,,GLOBAL_BASELINE_NO_ENTITY_RANKING,,,NOT_APPLICABLE_GLOBAL_BASELINE,HF9g-P5,,,,X 全窗基线 · 不参与实体赏罚,6875636,688,A168_HF9F_20260827_0900,2026-08-27 09:00:00
2026-07-06,152541993,1714,0,8.1756121490,0E-10,0E-10,0.5000000,2,2,0.49324550000000000,0.493245500000,0.01910635448239258,0.01910635448239258,0.01910635448239258,0E-17,ELIGIBLE,R03b_20260811_FULL_v1,L1_ELIGIBILITY,v2026-08-11,2026-03-21..2026-08-06,baccarat_bet02_101_all_pairs_incl_sentinel,round_win = game_pnl > 0 (decisive only),COMPATIBILITY_ONLY_NOT_PRODUCTION,8220.5043,7721.4067,168.6028,931,880,-0.02051003,-0.01872231,-0.04112150,-0.02051003,-168.6028,8220.5043,OK,0.0000,6.7441,4.0000,96.0000,AG03-UNRESOLVED,ALL5_LEVELS_bet23_to_bet27,6.7441,6.7441,6.7441,6.7441,6.7441,4.000000,4.000000,4.000000,4.000000,4.000000,96.000000,96.000000,96.000000,96.000000,96.000000,5.0,33.7206,31.1287,134.8822,137.4741,PENDING_AG03,FALSE,NOT_FOR_ENFORCEMENT,161.8587,7412.5504,168.6028,161.8587,6.7441,0.02051003,0.01968963,6.7441,161.8587,0.01968963,6.7441,6.7441,6.7441,6.7441,6.7441,161.8587,0.01968963,33.7206,31.1287,134.8822,137.4741,0.01640802,0.01672332,0.00082040,8.8298,8.7743,0.1916,9.3668,2.0815,456.6947,48.8889,8.9945,7.2899,4.0878,10.2195,10.2195,20.439,20.439,20.439,10.2195,0.0,2.0,2.0,0.864009,18,73,19,8,0.92018824,0.02051003,0.01872231,0E-8,0.000000,0.939286,0.000000,0.02239918,2026-07-04,2026-08-02,18,81,65,30,0.600000,1.233833,1.018663,3.067294,,,,,,,,GLOBAL_BASELINE_NO_ENTITY_RANKING,,,NOT_APPLICABLE_GLOBAL_BASELINE,HF9g-P5,,,,X 全窗基线 · 不参与实体赏罚,6875637,688,A168_HF9F_20260827_0900,2026-08-27 09:00:00
2026-07-06,152541993,1963,0,4.0878060745,-4.0878060745,-4.0878060745,0E-7,1,1,0.49324550000000000,0.493245500000,-0.9865810262130424,-0.9865810262130424,-0.9865810262130424,0E-17,ELIGIBLE,R03b_20260811_FULL_v1,L1_ELIGIBILITY,v2026-08-11,2026-03-21..2026-08-06,baccarat_bet02_101_all_pairs_incl_sentinel,round_win = game_pnl > 0 (decisive only),COMPATIBILITY_ONLY_NOT_PRODUCTION,8220.5043,7721.4067,168.6028,931,880,-0.02051003,-0.01872231,-0.04112150,-0.02051003,-168.6028,8220.5043,OK,0.0000,6.7441,4.0000,96.0000,AG03-UNRESOLVED,ALL5_LEVELS_bet23_to_bet27,6.7441,6.7441,6.7441,6.7441,6.7441,4.000000,4.000000,4.000000,4.000000,4.000000,96.000000,96.000000,96.000000,96.000000,96.000000,5.0,33.7206,31.1287,134.8822,137.4741,PENDING_AG03,FALSE,NOT_FOR_ENFORCEMENT,161.8587,7412.5504,168.6028,161.8587,6.7441,0.02051003,0.01968963,6.7441,161.8587,0.01968963,6.7441,6.7441,6.7441,6.7441,6.7441,161.8587,0.01968963,33.7206,31.1287,134.8822,137.4741,0.01640802,0.01672332,0.00082040,8.8298,8.7743,0.1916,9.3668,2.0815,456.6947,48.8889,8.9945,7.2899,4.0878,10.2195,10.2195,20.439,20.439,20.439,10.2195,0.0,2.0,2.0,0.864009,18,73,19,8,0.92018824,0.02051003,0.01872231,0E-8,0.000000,0.939286,0.000000,0.02239918,2026-07-04,2026-08-02,18,81,65,30,0.600000,1.233833,1.018663,3.067294,,,,,,,,GLOBAL_BASELINE_NO_ENTITY_RANKING,,,NOT_APPLICABLE_GLOBAL_BASELINE,HF9g-P5,,,,X 全窗基线 · 不参与实体赏罚,6875638,688,A168_HF9F_20260827_0900,2026-08-27 09:00:00
2026-07-06,152541993,1985,0,12.2634182235,-12.2634182235,-12.2634182235,0E-7,3,3,0.49324550000000000,0.493245500000,-1.708808463184432,-1.7088084631844318,-1.708808463184432,0E-17,ELIGIBLE,R03b_20260811_FULL_v1,L1_ELIGIBILITY,v2026-08-11,2026-03-21..2026-08-06,baccarat_bet02_101_all_pairs_incl_sentinel,round_win = game_pnl > 0 (decisive only),COMPATIBILITY_ONLY_NOT_PRODUCTION,8220.5043,7721.4067,168.6028,931,880,-0.02051003,-0.01872231,-0.04112150,-0.02051003,-168.6028,8220.5043,OK,0.0000,6.7441,4.0000,96.0000,AG03-UNRESOLVED,ALL5_LEVELS_bet23_to_bet27,6.7441,6.7441,6.7441,6.7441,6.7441,4.000000,4.000000,4.000000,4.000000,4.000000,96.000000,96.000000,96.000000,96.000000,96.000000,5.0,33.7206,31.1287,134.8822,137.4741,PENDING_AG03,FALSE,NOT_FOR_ENFORCEMENT,161.8587,7412.5504,168.6028,161.8587,6.7441,0.02051003,0.01968963,6.7441,161.8587,0.01968963,6.7441,6.7441,6.7441,6.7441,6.7441,161.8587,0.01968963,33.7206,31.1287,134.8822,137.4741,0.01640802,0.01672332,0.00082040,8.8298,8.7743,0.1916,9.3668,2.0815,456.6947,48.8889,8.9945,7.2899,4.0878,10.2195,10.2195,20.439,20.439,20.439,10.2195,0.0,2.0,2.0,0.864009,18,73,19,8,0.92018824,0.02051003,0.01872231,0E-8,0.000000,0.939286,0.000000,0.02239918,2026-07-04,2026-08-02,18,81,65,30,0.600000,1.233833,1.018663,3.067294,,,,,,,,GLOBAL_BASELINE_NO_ENTITY_RANKING,,,NOT_APPLICABLE_GLOBAL_BASELINE,HF9g-P5,,,,X 全窗基线 · 不参与实体赏罚,6875639,688,A168_HF9F_20260827_0900,2026-08-27 09:00:00
2026-07-06,152541993,1994,0,30.6585455586,10.2195151862,10.2195151862,0.6666667,3,3,0.49324550000000000,0.493245500000,0.6008033672792107,0.6008033672792106,0.6008033672792107,0E-17,ELIGIBLE,R03b_20260811_FULL_v1,L1_ELIGIBILITY,v2026-08-11,2026-03-21..2026-08-06,baccarat_bet02_101_all_pairs_incl_sentinel,round_win = game_pnl > 0 (decisive only),COMPATIBILITY_ONLY_NOT_PRODUCTION,8220.5043,7721.4067,168.6028,931,880,-0.02051003,-0.01872231,-0.04112150,-0.02051003,-168.6028,8220.5043,OK,0.0000,6.7441,4.0000,96.0000,AG03-UNRESOLVED,ALL5_LEVELS_bet23_to_bet27,6.7441,6.7441,6.7441,6.7441,6.7441,4.000000,4.000000,4.000000,4.000000,4.000000,96.000000,96.000000,96.000000,96.000000,96.000000,5.0,33.7206,31.1287,134.8822,137.4741,PENDING_AG03,FALSE,NOT_FOR_ENFORCEMENT,161.8587,7412.5504,168.6028,161.8587,6.7441,0.02051003,0.01968963,6.7441,161.8587,0.01968963,6.7441,6.7441,6.7441,6.7441,6.7441,161.8587,0.01968963,33.7206,31.1287,134.8822,137.4741,0.01640802,0.01672332,0.00082040,8.8298,8.7743,0.1916,9.3668,2.0815,456.6947,48.8889,8.9945,7.2899,4.0878,10.2195,10.2195,20.439,20.439,20.439,10.2195,0.0,2.0,2.0,0.864009,18,73,19,8,0.92018824,0.02051003,0.01872231,0E-8,0.000000,0.939286,0.000000,0.02239918,2026-07-04,2026-08-02,18,81,65,30,0.600000,1.233833,1.018663,3.067294,,,,,,,,GLOBAL_BASELINE_NO_ENTITY_RANKING,,,NOT_APPLICABLE_GLOBAL_BASELINE,HF9g-P5,,,,X 全窗基线 · 不参与实体赏罚,6875640,688,A168_HF9F_20260827_0900,2026-08-27 09:00:00
2026-07-06,152541993,529,0,51.0975759310,10.2195151862,10.2195151862,0.6000000,5,5,0.49324550000000000,0.493245500000,0.47746420675292983,0.47746420675292983,0.47746420675292983,0E-17,ELIGIBLE,R03b_20260811_FULL_v1,L1_ELIGIBILITY,v2026-08-11,2026-03-21..2026-08-06,baccarat_bet02_101_all_pairs_incl_sentinel,round_win = game_pnl > 0 (decisive only),COMPATIBILITY_ONLY_NOT_PRODUCTION,8220.5043,7721.4067,168.6028,931,880,-0.02051003,-0.01872231,-0.04112150,-0.02051003,-168.6028,8220.5043,OK,0.0000,6.7441,4.0000,96.0000,AG03-UNRESOLVED,ALL5_LEVELS_bet23_to_bet27,6.7441,6.7441,6.7441,6.7441,6.7441,4.000000,4.000000,4.000000,4.000000,4.000000,96.000000,96.000000,96.000000,96.000000,96.000000,5.0,33.7206,31.1287,134.8822,137.4741,PENDING_AG03,FALSE,NOT_FOR_ENFORCEMENT,161.8587,7412.5504,168.6028,161.8587,6.7441,0.02051003,0.01968963,6.7441,161.8587,0.01968963,6.7441,6.7441,6.7441,6.7441,6.7441,161.8587,0.01968963,33.7206,31.1287,134.8822,137.4741,0.01640802,0.01672332,0.00082040,8.8298,8.7743,0.1916,9.3668,2.0815,456.6947,48.8889,8.9945,7.2899,4.0878,10.2195,10.2195,20.439,20.439,20.439,10.2195,0.0,2.0,2.0,0.864009,18,73,19,8,0.92018824,0.02051003,0.01872231,0E-8,0.000000,0.939286,0.000000,0.02239918,2026-07-04,2026-08-02,18,81,65,30,0.600000,1.233833,1.018663,3.067294,,,,,,,,GLOBAL_BASELINE_NO_ENTITY_RANKING,,,NOT_APPLICABLE_GLOBAL_BASELINE,HF9g-P5,,,,X 全窗基线 · 不参与实体赏罚,6875641,688,A168_HF9F_20260827_0900,2026-08-27 09:00:00
2026-07-07,152541993,1994,0,51.0975759310,-40.8780607448,-40.8780607448,0E-7,4,4,0.49324550000000000,0.493245500000,-1.708808463184432,-1.7088084631844318,-1.708808463184432,0E-17,ELIGIBLE,R03b_20260811_FULL_v1,L1_ELIGIBILITY,v2026-08-11,2026-03-21..2026-08-06,baccarat_bet02_101_all_pairs_incl_sentinel,round_win = game_pnl > 0 (decisive only),COMPATIBILITY_ONLY_NOT_PRODUCTION,8220.5043,7721.4067,168.6028,931,880,-0.02051003,-0.01872231,-0.04112150,-0.02051003,-168.6028,8220.5043,OK,0.0000,6.7441,4.0000,96.0000,AG03-UNRESOLVED,ALL5_LEVELS_bet23_to_bet27,6.7441,6.7441,6.7441,6.7441,6.7441,4.000000,4.000000,4.000000,4.000000,4.000000,96.000000,96.000000,96.000000,96.000000,96.000000,5.0,33.7206,31.1287,134.8822,137.4741,PENDING_AG03,FALSE,NOT_FOR_ENFORCEMENT,161.8587,7412.5504,168.6028,161.8587,6.7441,0.02051003,0.01968963,6.7441,161.8587,0.01968963,6.7441,6.7441,6.7441,6.7441,6.7441,161.8587,0.01968963,33.7206,31.1287,134.8822,137.4741,0.01640802,0.01672332,0.00082040,8.8298,8.7743,0.1916,9.3668,2.0815,456.6947,48.8889,8.9945,7.2899,4.0878,10.2195,10.2195,20.439,20.439,20.439,10.2195,0.0,2.0,2.0,0.864009,18,73,19,8,0.92018824,0.02051003,0.01872231,0E-8,0.000000,0.939286,0.000000,0.02239918,2026-07-04,2026-08-02,18,81,65,30,0.600000,1.233833,1.018663,3.067294,,,,,,,,GLOBAL_BASELINE_NO_ENTITY_RANKING,,,NOT_APPLICABLE_GLOBAL_BASELINE,HF9g-P5,,,,X 全窗基线 · 不参与实体赏罚,6875642,688,A168_HF9F_20260827_0900,2026-08-27 09:00:00
2026-07-07,152541993,2093,0,4.0878060745,4.0878060745,4.0878060745,1.0000000,1,1,0.49324550000000000,0.493245500000,1.01360149184955,1.01360149184955,1.01360149184955,0E-17,ELIGIBLE,R03b_20260811_FULL_v1,L1_ELIGIBILITY,v2026-08-11,2026-03-21..2026-08-06,baccarat_bet02_101_all_pairs_incl_sentinel,round_win = game_pnl > 0 (decisive only),COMPATIBILITY_ONLY_NOT_PRODUCTION,8220.5043,7721.4067,168.6028,931,880,-0.02051003,-0.01872231,-0.04112150,-0.02051003,-168.6028,8220.5043,OK,0.0000,6.7441,4.0000,96.0000,AG03-UNRESOLVED,ALL5_LEVELS_bet23_to_bet27,6.7441,6.7441,6.7441,6.7441,6.7441,4.000000,4.000000,4.000000,4.000000,4.000000,96.000000,96.000000,96.000000,96.000000,96.000000,5.0,33.7206,31.1287,134.8822,137.4741,PENDING_AG03,FALSE,NOT_FOR_ENFORCEMENT,161.8587,7412.5504,168.6028,161.8587,6.7441,0.02051003,0.01968963,6.7441,161.8587,0.01968963,6.7441,6.7441,6.7441,6.7441,6.7441,161.8587,0.01968963,33.7206,31.1287,134.8822,137.4741,0.01640802,0.01672332,0.00082040,8.8298,8.7743,0.1916,9.3668,2.0815,456.6947,48.8889,8.9945,7.2899,4.0878,10.2195,10.2195,20.439,20.439,20.439,10.2195,0.0,2.0,2.0,0.864009,18,73,19,8,0.92018824,0.02051003,0.01872231,0E-8,0.000000,0.939286,0.000000,0.02239918,2026-07-04,2026-08-02,18,81,65,30,0.600000,1.233833,1.018663,3.067294,,,,,,,,GLOBAL_BASELINE_NO_ENTITY_RANKING,,,NOT_APPLICABLE_GLOBAL_BASELINE,HF9g-P5,,,,X 全窗基线 · 不参与实体赏罚,6875643,688,A168_HF9F_20260827_0900,2026-08-27 09:00:00
2026-07-07,152541993,2108,0,4.0878060745,-4.0878060745,-4.0878060745,0E-7,1,1,0.50665070000000000,0.506650700000,-1.013391052207602,-1.013391052207602,-1.013391052207602,0E-17,ELIGIBLE,R03b_20260811_FULL_v1,L1_ELIGIBILITY,v2026-08-11,2026-03-21..2026-08-06,baccarat_bet02_101_all_pairs_incl_sentinel,round_win = game_pnl > 0 (decisive only),COMPATIBILITY_ONLY_NOT_PRODUCTION,8220.5043,7721.4067,168.6028,931,880,-0.02051003,-0.01872231,-0.04112150,-0.02051003,-168.6028,8220.5043,OK,0.0000,6.7441,4.0000,96.0000,AG03-UNRESOLVED,ALL5_LEVELS_bet23_to_bet27,6.7441,6.7441,6.7441,6.7441,6.7441,4.000000,4.000000,4.000000,4.000000,4.000000,96.000000,96.000000,96.000000,96.000000,96.000000,5.0,33.7206,31.1287,134.8822,137.4741,PENDING_AG03,FALSE,NOT_FOR_ENFORCEMENT,161.8587,7412.5504,168.6028,161.8587,6.7441,0.02051003,0.01968963,6.7441,161.8587,0.01968963,6.7441,6.7441,6.7441,6.7441,6.7441,161.8587,0.01968963,33.7206,31.1287,134.8822,137.4741,0.01640802,0.01672332,0.00082040,8.8298,8.7743,0.1916,9.3668,2.0815,456.6947,48.8889,8.9945,7.2899,4.0878,10.2195,10.2195,20.439,20.439,20.439,10.2195,0.0,2.0,2.0,0.864009,18,73,19,8,0.92018824,0.02051003,0.01872231,0E-8,0.000000,0.939286,0.000000,0.02239918,2026-07-04,2026-08-02,18,81,65,30,0.600000,1.233833,1.018663,3.067294,,,,,,,,GLOBAL_BASELINE_NO_ENTITY_RANKING,,,NOT_APPLICABLE_GLOBAL_BASELINE,HF9g-P5,,,,X 全窗基线 · 不参与实体赏罚,6875644,688,A168_HF9F_20260827_0900,2026-08-27 09:00:00
2026-07-07,152541993,2160,0,16.3512242980,-8.1756121490,-8.1756121490,0.2500000,4,4,0.49324550000000000,0.493245500000,-0.9730707933947887,-0.9730707933947887,-0.9730707933947887,0E-17,ELIGIBLE,R03b_20260811_FULL_v1,L1_ELIGIBILITY,v2026-08-11,2026-03-21..2026-08-06,baccarat_bet02_101_all_pairs_incl_sentinel,round_win = game_pnl > 0 (decisive only),COMPATIBILITY_ONLY_NOT_PRODUCTION,8220.5043,7721.4067,168.6028,931,880,-0.02051003,-0.01872231,-0.04112150,-0.02051003,-168.6028,8220.5043,OK,0.0000,6.7441,4.0000,96.0000,AG03-UNRESOLVED,ALL5_LEVELS_bet23_to_bet27,6.7441,6.7441,6.7441,6.7441,6.7441,4.000000,4.000000,4.000000,4.000000,4.000000,96.000000,96.000000,96.000000,96.000000,96.000000,5.0,33.7206,31.1287,134.8822,137.4741,PENDING_AG03,FALSE,NOT_FOR_ENFORCEMENT,161.8587,7412.5504,168.6028,161.8587,6.7441,0.02051003,0.01968963,6.7441,161.8587,0.01968963,6.7441,6.7441,6.7441,6.7441,6.7441,161.8587,0.01968963,33.7206,31.1287,134.8822,137.4741,0.01640802,0.01672332,0.00082040,8.8298,8.7743,0.1916,9.3668,2.0815,456.6947,48.8889,8.9945,7.2899,4.0878,10.2195,10.2195,20.439,20.439,20.439,10.2195,0.0,2.0,2.0,0.864009,18,73,19,8,0.92018824,0.02051003,0.01872231,0E-8,0.000000,0.939286,0.000000,0.02239918,2026-07-04,2026-08-02,18,81,65,30,0.600000,1.233833,1.018663,3.067294,,,,,,,,GLOBAL_BASELINE_NO_ENTITY_RANKING,,,NOT_APPLICABLE_GLOBAL_BASELINE,HF9g-P5,,,,X 全窗基线 · 不参与实体赏罚,6875645,688,A168_HF9F_20260827_0900,2026-08-27 09:00:00
2026-07-08,152541993,2141,0,20.4390303724,-20.4390303724,-20.4390303724,0E-7,2,2,0.50665070000000000,0.506650700000,-1.4331513700195317,-1.4331513700195317,-1.4331513700195317,0E-17,ELIGIBLE,R03b_20260811_FULL_v1,L1_ELIGIBILITY,v2026-08-11,2026-03-21..2026-08-06,baccarat_bet02_101_all_pairs_incl_sentinel,round_win = game_pnl > 0 (decisive only),COMPATIBILITY_ONLY_NOT_PRODUCTION,8220.5043,7721.4067,168.6028,931,880,-0.02051003,-0.01872231,-0.04112150,-0.02051003,-168.6028,8220.5043,OK,0.0000,6.7441,4.0000,96.0000,AG03-UNRESOLVED,ALL5_LEVELS_bet23_to_bet27,6.7441,6.7441,6.7441,6.7441,6.7441,4.000000,4.000000,4.000000,4.000000,4.000000,96.000000,96.000000,96.000000,96.000000,96.000000,5.0,33.7206,31.1287,134.8822,137.4741,PENDING_AG03,FALSE,NOT_FOR_ENFORCEMENT,161.8587,7412.5504,168.6028,161.8587,6.7441,0.02051003,0.01968963,6.7441,161.8587,0.01968963,6.7441,6.7441,6.7441,6.7441,6.7441,161.8587,0.01968963,33.7206,31.1287,134.8822,137.4741,0.01640802,0.01672332,0.00082040,8.8298,8.7743,0.1916,9.3668,2.0815,456.6947,48.8889,8.9945,7.2899,4.0878,10.2195,10.2195,20.439,20.439,20.439,10.2195,0.0,2.0,2.0,0.864009,18,73,19,8,0.92018824,0.02051003,0.01872231,0E-8,0.000000,0.939286,0.000000,0.02239918,2026-07-04,2026-08-02,18,81,65,30,0.600000,1.233833,1.018663,3.067294,,,,,,,,GLOBAL_BASELINE_NO_ENTITY_RANKING,,,NOT_APPLICABLE_GLOBAL_BASELINE,HF9g-P5,,,,X 全窗基线 · 不参与实体赏罚,6875646,688,A168_HF9F_20260827_0900,2026-08-27 09:00:00
2026-07-12,152541993,1157,0,51.0975759310,50.5866001717,50.5866001717,1.0000000,5,5,0.49592654000000000,0.495926540000,2.254359859199096,2.254359859199096,2.254359859199096,0E-17,ELIGIBLE,R03b_20260811_FULL_v1,L1_ELIGIBILITY,v2026-08-11,2026-03-21..2026-08-06,baccarat_bet02_101_all_pairs_incl_sentinel,round_win = game_pnl > 0 (decisive only),COMPATIBILITY_ONLY_NOT_PRODUCTION,8220.5043,7721.4067,168.6028,931,880,-0.02051003,-0.01872231,-0.04112150,-0.02051003,-168.6028,8220.5043,OK,0.0000,6.7441,4.0000,96.0000,AG03-UNRESOLVED,ALL5_LEVELS_bet23_to_bet27,6.7441,6.7441,6.7441,6.7441,6.7441,4.000000,4.000000,4.000000,4.000000,4.000000,96.000000,96.000000,96.000000,96.000000,96.000000,5.0,33.7206,31.1287,134.8822,137.4741,PENDING_AG03,FALSE,NOT_FOR_ENFORCEMENT,161.8587,7412.5504,168.6028,161.8587,6.7441,0.02051003,0.01968963,6.7441,161.8587,0.01968963,6.7441,6.7441,6.7441,6.7441,6.7441,161.8587,0.01968963,33.7206,31.1287,134.8822,137.4741,0.01640802,0.01672332,0.00082040,8.8298,8.7743,0.1916,9.3668,2.0815,456.6947,48.8889,8.9945,7.2899,4.0878,10.2195,10.2195,20.439,20.439,20.439,10.2195,0.0,2.0,2.0,0.864009,18,73,19,8,0.92018824,0.02051003,0.01872231,0E-8,0.000000,0.939286,0.000000,0.02239918,2026-07-04,2026-08-02,18,81,65,30,0.600000,1.233833,1.018663,3.067294,,,,,,,,GLOBAL_BASELINE_NO_ENTITY_RANKING,,,NOT_APPLICABLE_GLOBAL_BASELINE,HF9g-P5,,,,X 全窗基线 · 不参与实体赏罚,6875647,688,A168_HF9F_20260827_0900,2026-08-27 09:00:00
2026-07-12,152541993,1304,0,102.1951518620,-61.3170911172,-61.3170911172,0.1428571,7,7,0.49516052857142857,0.495160528571,-1.8643016170287334,-1.864301617026481,-1.8643016170287334,4.2857E-13,ELIGIBLE,R03b_20260811_FULL_v1,L1_ELIGIBILITY,v2026-08-11,2026-03-21..2026-08-06,baccarat_bet02_101_all_pairs_incl_sentinel,round_win = game_pnl > 0 (decisive only),COMPATIBILITY_ONLY_NOT_PRODUCTION,8220.5043,7721.4067,168.6028,931,880,-0.02051003,-0.01872231,-0.04112150,-0.02051003,-168.6028,8220.5043,OK,0.0000,6.7441,4.0000,96.0000,AG03-UNRESOLVED,ALL5_LEVELS_bet23_to_bet27,6.7441,6.7441,6.7441,6.7441,6.7441,4.000000,4.000000,4.000000,4.000000,4.000000,96.000000,96.000000,96.000000,96.000000,96.000000,5.0,33.7206,31.1287,134.8822,137.4741,PENDING_AG03,FALSE,NOT_FOR_ENFORCEMENT,161.8587,7412.5504,168.6028,161.8587,6.7441,0.02051003,0.01968963,6.7441,161.8587,0.01968963,6.7441,6.7441,6.7441,6.7441,6.7441,161.8587,0.01968963,33.7206,31.1287,134.8822,137.4741,0.01640802,0.01672332,0.00082040,8.8298,8.7743,0.1916,9.3668,2.0815,456.6947,48.8889,8.9945,7.2899,4.0878,10.2195,10.2195,20.439,20.439,20.439,10.2195,0.0,2.0,2.0,0.864009,18,73,19,8,0.92018824,0.02051003,0.01872231,0E-8,0.000000,0.939286,0.000000,0.02239918,2026-07-04,2026-08-02,18,81,65,30,0.600000,1.233833,1.018663,3.067294,,,,,,,,GLOBAL_BASELINE_NO_ENTITY_RANKING,,,NOT_APPLICABLE_GLOBAL_BASELINE,HF9g-P5,,,,X 全窗基线 · 不参与实体赏罚,6875648,688,A168_HF9F_20260827_0900,2026-08-27 09:00:00
2026-07-12,152541993,1402,0,664.2684871024,56.7183092837,56.7183092837,0.5652174,58,47,0.47285383288216861,0.451753374468,1.2547308865167968,1.5463164780275274,1.2547308865167968,0.02110045841416861,ELIGIBLE,R03b_20260811_FULL_v1,L1_ELIGIBILITY,v2026-08-11,2026-03-21..2026-08-06,baccarat_bet02_101_all_pairs_incl_sentinel,round_win = game_pnl > 0 (decisive only),COMPATIBILITY_ONLY_NOT_PRODUCTION,8220.5043,7721.4067,168.6028,931,880,-0.02051003,-0.01872231,-0.04112150,-0.02051003,-168.6028,8220.5043,OK,0.0000,6.7441,4.0000,96.0000,AG03-UNRESOLVED,ALL5_LEVELS_bet23_to_bet27,6.7441,6.7441,6.7441,6.7441,6.7441,4.000000,4.000000,4.000000,4.000000,4.000000,96.000000,96.000000,96.000000,96.000000,96.000000,5.0,33.7206,31.1287,134.8822,137.4741,PENDING_AG03,FALSE,NOT_FOR_ENFORCEMENT,161.8587,7412.5504,168.6028,161.8587,6.7441,0.02051003,0.01968963,6.7441,161.8587,0.01968963,6.7441,6.7441,6.7441,6.7441,6.7441,161.8587,0.01968963,33.7206,31.1287,134.8822,137.4741,0.01640802,0.01672332,0.00082040,8.8298,8.7743,0.1916,9.3668,2.0815,456.6947,48.8889,8.9945,7.2899,4.0878,10.2195,10.2195,20.439,20.439,20.439,10.2195,0.0,2.0,2.0,0.864009,18,73,19,8,0.92018824,0.02051003,0.01872231,0E-8,0.000000,0.939286,0.000000,0.02239918,2026-07-04,2026-08-02,18,81,65,30,0.600000,1.233833,1.018663,3.067294,,,,,,,,GLOBAL_BASELINE_NO_ENTITY_RANKING,,,NOT_APPLICABLE_GLOBAL_BASELINE,HF9g-P5,,,,X 全窗基线 · 不参与实体赏罚,6875649,688,A168_HF9F_20260827_0900,2026-08-27 09:00:00
2026-07-12,152541993,1507,0,120.1814985897,-40.0604995299,-40.0604995299,0.2857143,7,7,0.49324550000000000,0.493245500000,-1.0982521808510124,-1.0982521808510126,-1.0982521808510124,0E-17,ELIGIBLE,R03b_20260811_FULL_v1,L1_ELIGIBILITY,v2026-08-11,2026-03-21..2026-08-06,baccarat_bet02_101_all_pairs_incl_sentinel,round_win = game_pnl > 0 (decisive only),COMPATIBILITY_ONLY_NOT_PRODUCTION,8220.5043,7721.4067,168.6028,931,880,-0.02051003,-0.01872231,-0.04112150,-0.02051003,-168.6028,8220.5043,OK,0.0000,6.7441,4.0000,96.0000,AG03-UNRESOLVED,ALL5_LEVELS_bet23_to_bet27,6.7441,6.7441,6.7441,6.7441,6.7441,4.000000,4.000000,4.000000,4.000000,4.000000,96.000000,96.000000,96.000000,96.000000,96.000000,5.0,33.7206,31.1287,134.8822,137.4741,PENDING_AG03,FALSE,NOT_FOR_ENFORCEMENT,161.8587,7412.5504,168.6028,161.8587,6.7441,0.02051003,0.01968963,6.7441,161.8587,0.01968963,6.7441,6.7441,6.7441,6.7441,6.7441,161.8587,0.01968963,33.7206,31.1287,134.8822,137.4741,0.01640802,0.01672332,0.00082040,8.8298,8.7743,0.1916,9.3668,2.0815,456.6947,48.8889,8.9945,7.2899,4.0878,10.2195,10.2195,20.439,20.439,20.439,10.2195,0.0,2.0,2.0,0.864009,18,73,19,8,0.92018824,0.02051003,0.01872231,0E-8,0.000000,0.939286,0.000000,0.02239918,2026-07-04,2026-08-02,18,81,65,30,0.600000,1.233833,1.018663,3.067294,,,,,,,,GLOBAL_BASELINE_NO_ENTITY_RANKING,,,NOT_APPLICABLE_GLOBAL_BASELINE,HF9g-P5,,,,X 全窗基线 · 不参与实体赏罚,6875650,688,A168_HF9F_20260827_0900,2026-08-27 09:00:00
2026-07-12,152541993,1654,0,173.3229775580,-82.6758778563,-82.6758778563,0.2500000,9,9,0.49473496666666667,0.494734966667,-1.3845067969674,-1.3845067969692761,-1.3845067969674,-3.3333E-13,ELIGIBLE,R03b_20260811_FULL_v1,L1_ELIGIBILITY,v2026-08-11,2026-03-21..2026-08-06,baccarat_bet02_101_all_pairs_incl_sentinel,round_win = game_pnl > 0 (decisive only),COMPATIBILITY_ONLY_NOT_PRODUCTION,8220.5043,7721.4067,168.6028,931,880,-0.02051003,-0.01872231,-0.04112150,-0.02051003,-168.6028,8220.5043,OK,0.0000,6.7441,4.0000,96.0000,AG03-UNRESOLVED,ALL5_LEVELS_bet23_to_bet27,6.7441,6.7441,6.7441,6.7441,6.7441,4.000000,4.000000,4.000000,4.000000,4.000000,96.000000,96.000000,96.000000,96.000000,96.000000,5.0,33.7206,31.1287,134.8822,137.4741,PENDING_AG03,FALSE,NOT_FOR_ENFORCEMENT,161.8587,7412.5504,168.6028,161.8587,6.7441,0.02051003,0.01968963,6.7441,161.8587,0.01968963,6.7441,6.7441,6.7441,6.7441,6.7441,161.8587,0.01968963,33.7206,31.1287,134.8822,137.4741,0.01640802,0.01672332,0.00082040,8.8298,8.7743,0.1916,9.3668,2.0815,456.6947,48.8889,8.9945,7.2899,4.0878,10.2195,10.2195,20.439,20.439,20.439,10.2195,0.0,2.0,2.0,0.864009,18,73,19,8,0.92018824,0.02051003,0.01872231,0E-8,0.000000,0.939286,0.000000,0.02239918,2026-07-04,2026-08-02,18,81,65,30,0.600000,1.233833,1.018663,3.067294,,,,,,,,GLOBAL_BASELINE_NO_ENTITY_RANKING,,,NOT_APPLICABLE_GLOBAL_BASELINE,HF9g-P5,,,,X 全窗基线 · 不参与实体赏罚,6875651,688,A168_HF9F_20260827_0900,2026-08-27 09:00:00
2026-07-12,152541993,2103,0,299.4317949555,56.2073335243,56.2073335243,0.6000000,26,21,0.47651648670404586,0.450123674603,1.105690314609994,1.3472543541335527,1.105690314609994,0.02639281210104586,ELIGIBLE,R03b_20260811_FULL_v1,L1_ELIGIBILITY,v2026-08-11,2026-03-21..2026-08-06,baccarat_bet02_101_all_pairs_incl_sentinel,round_win = game_pnl > 0 (decisive only),COMPATIBILITY_ONLY_NOT_PRODUCTION,8220.5043,7721.4067,168.6028,931,880,-0.02051003,-0.01872231,-0.04112150,-0.02051003,-168.6028,8220.5043,OK,0.0000,6.7441,4.0000,96.0000,AG03-UNRESOLVED,ALL5_LEVELS_bet23_to_bet27,6.7441,6.7441,6.7441,6.7441,6.7441,4.000000,4.000000,4.000000,4.000000,4.000000,96.000000,96.000000,96.000000,96.000000,96.000000,5.0,33.7206,31.1287,134.8822,137.4741,PENDING_AG03,FALSE,NOT_FOR_ENFORCEMENT,161.8587,7412.5504,168.6028,161.8587,6.7441,0.02051003,0.01968963,6.7441,161.8587,0.01968963,6.7441,6.7441,6.7441,6.7441,6.7441,161.8587,0.01968963,33.7206,31.1287,134.8822,137.4741,0.01640802,0.01672332,0.00082040,8.8298,8.7743,0.1916,9.3668,2.0815,456.6947,48.8889,8.9945,7.2899,4.0878,10.2195,10.2195,20.439,20.439,20.439,10.2195,0.0,2.0,2.0,0.864009,18,73,19,8,0.92018824,0.02051003,0.01872231,0E-8,0.000000,0.939286,0.000000,0.02239918,2026-07-04,2026-08-02,18,81,65,30,0.600000,1.233833,1.018663,3.067294,,,,,,,,GLOBAL_BASELINE_NO_ENTITY_RANKING,,,NOT_APPLICABLE_GLOBAL_BASELINE,HF9g-P5,,,,X 全窗基线 · 不参与实体赏罚,6875652,688,A168_HF9F_20260827_0900,2026-08-27 09:00:00
2026-07-12,152541993,2127,0,69.4927032662,-20.4390303724,-20.4390303724,0.3750000,8,8,0.49324550000000000,0.493245500000,-0.6689586021016365,-0.6689586021016365,-0.6689586021016365,0E-17,ELIGIBLE,R03b_20260811_FULL_v1,L1_ELIGIBILITY,v2026-08-11,2026-03-21..2026-08-06,baccarat_bet02_101_all_pairs_incl_sentinel,round_win = game_pnl > 0 (decisive only),COMPATIBILITY_ONLY_NOT_PRODUCTION,8220.5043,7721.4067,168.6028,931,880,-0.02051003,-0.01872231,-0.04112150,-0.02051003,-168.6028,8220.5043,OK,0.0000,6.7441,4.0000,96.0000,AG03-UNRESOLVED,ALL5_LEVELS_bet23_to_bet27,6.7441,6.7441,6.7441,6.7441,6.7441,4.000000,4.000000,4.000000,4.000000,4.000000,96.000000,96.000000,96.000000,96.000000,96.000000,5.0,33.7206,31.1287,134.8822,137.4741,PENDING_AG03,FALSE,NOT_FOR_ENFORCEMENT,161.8587,7412.5504,168.6028,161.8587,6.7441,0.02051003,0.01968963,6.7441,161.8587,0.01968963,6.7441,6.7441,6.7441,6.7441,6.7441,161.8587,0.01968963,33.7206,31.1287,134.8822,137.4741,0.01640802,0.01672332,0.00082040,8.8298,8.7743,0.1916,9.3668,2.0815,456.6947,48.8889,8.9945,7.2899,4.0878,10.2195,10.2195,20.439,20.439,20.439,10.2195,0.0,2.0,2.0,0.864009,18,73,19,8,0.92018824,0.02051003,0.01872231,0E-8,0.000000,0.939286,0.000000,0.02239918,2026-07-04,2026-08-02,18,81,65,30,0.600000,1.233833,1.018663,3.067294,,,,,,,,GLOBAL_BASELINE_NO_ENTITY_RANKING,,,NOT_APPLICABLE_GLOBAL_BASELINE,HF9g-P5,,,,X 全窗基线 · 不参与实体赏罚,6875653,688,A168_HF9F_20260827_0900,2026-08-27 09:00:00
2026-07-12,152541993,2169,0,81.7561214896,0E-10,0E-10,0.5000000,4,4,0.49659680000000000,0.496596800000,0.013613115331600182,0.013613115331600183,0.013613115331600182,0E-17,ELIGIBLE,R03b_20260811_FULL_v1,L1_ELIGIBILITY,v2026-08-11,2026-03-21..2026-08-06,baccarat_bet02_101_all_pairs_incl_sentinel,round_win = game_pnl > 0 (decisive only),COMPATIBILITY_ONLY_NOT_PRODUCTION,8220.5043,7721.4067,168.6028,931,880,-0.02051003,-0.01872231,-0.04112150,-0.02051003,-168.6028,8220.5043,OK,0.0000,6.7441,4.0000,96.0000,AG03-UNRESOLVED,ALL5_LEVELS_bet23_to_bet27,6.7441,6.7441,6.7441,6.7441,6.7441,4.000000,4.000000,4.000000,4.000000,4.000000,96.000000,96.000000,96.000000,96.000000,96.000000,5.0,33.7206,31.1287,134.8822,137.4741,PENDING_AG03,FALSE,NOT_FOR_ENFORCEMENT,161.8587,7412.5504,168.6028,161.8587,6.7441,0.02051003,0.01968963,6.7441,161.8587,0.01968963,6.7441,6.7441,6.7441,6.7441,6.7441,161.8587,0.01968963,33.7206,31.1287,134.8822,137.4741,0.01640802,0.01672332,0.00082040,8.8298,8.7743,0.1916,9.3668,2.0815,456.6947,48.8889,8.9945,7.2899,4.0878,10.2195,10.2195,20.439,20.439,20.439,10.2195,0.0,2.0,2.0,0.864009,18,73,19,8,0.92018824,0.02051003,0.01872231,0E-8,0.000000,0.939286,0.000000,0.02239918,2026-07-04,2026-08-02,18,81,65,30,0.600000,1.233833,1.018663,3.067294,,,,,,,,GLOBAL_BASELINE_NO_ENTITY_RANKING,,,NOT_APPLICABLE_GLOBAL_BASELINE,HF9g-P5,,,,X 全窗基线 · 不参与实体赏罚,6875654,688,A168_HF9F_20260827_0900,2026-08-27 09:00:00
2026-07-12,152541993,2174,0,34.7463516330,0E-10,0E-10,0.3333333,5,3,0.44712232222297443,0.354875966667,-0.3963995581403706,-0.07798292343170404,-0.3963995581403706,0.09224635555597443,ELIGIBLE,R03b_20260811_FULL_v1,L1_ELIGIBILITY,v2026-08-11,2026-03-21..2026-08-06,baccarat_bet02_101_all_pairs_incl_sentinel,round_win = game_pnl > 0 (decisive only),COMPATIBILITY_ONLY_NOT_PRODUCTION,8220.5043,7721.4067,168.6028,931,880,-0.02051003,-0.01872231,-0.04112150,-0.02051003,-168.6028,8220.5043,OK,0.0000,6.7441,4.0000,96.0000,AG03-UNRESOLVED,ALL5_LEVELS_bet23_to_bet27,6.7441,6.7441,6.7441,6.7441,6.7441,4.000000,4.000000,4.000000,4.000000,4.000000,96.000000,96.000000,96.000000,96.000000,96.000000,5.0,33.7206,31.1287,134.8822,137.4741,PENDING_AG03,FALSE,NOT_FOR_ENFORCEMENT,161.8587,7412.5504,168.6028,161.8587,6.7441,0.02051003,0.01968963,6.7441,161.8587,0.01968963,6.7441,6.7441,6.7441,6.7441,6.7441,161.8587,0.01968963,33.7206,31.1287,134.8822,137.4741,0.01640802,0.01672332,0.00082040,8.8298,8.7743,0.1916,9.3668,2.0815,456.6947,48.8889,8.9945,7.2899,4.0878,10.2195,10.2195,20.439,20.439,20.439,10.2195,0.0,2.0,2.0,0.864009,18,73,19,8,0.92018824,0.02051003,0.01872231,0E-8,0.000000,0.939286,0.000000,0.02239918,2026-07-04,2026-08-02,18,81,65,30,0.600000,1.233833,1.018663,3.067294,,,,,,,,GLOBAL_BASELINE_NO_ENTITY_RANKING,,,NOT_APPLICABLE_GLOBAL_BASELINE,HF9g-P5,,,,X 全窗基线 · 不参与实体赏罚,6875655,688,A168_HF9F_20260827_0900,2026-08-27 09:00:00
2026-07-12,152541993,2252,0,294.3220373624,103.7280791401,103.7280791401,0.6315789,25,21,0.48282938391072725,0.454988607143,1.2975339597468545,1.5457551150649358,1.2975339597468545,0.02784077676772725,ELIGIBLE,R03b_20260811_FULL_v1,L1_ELIGIBILITY,v2026-08-11,2026-03-21..2026-08-06,baccarat_bet02_101_all_pairs_incl_sentinel,round_win = game_pnl > 0 (decisive only),COMPATIBILITY_ONLY_NOT_PRODUCTION,8220.5043,7721.4067,168.6028,931,880,-0.02051003,-0.01872231,-0.04112150,-0.02051003,-168.6028,8220.5043,OK,0.0000,6.7441,4.0000,96.0000,AG03-UNRESOLVED,ALL5_LEVELS_bet23_to_bet27,6.7441,6.7441,6.7441,6.7441,6.7441,4.000000,4.000000,4.000000,4.000000,4.000000,96.000000,96.000000,96.000000,96.000000,96.000000,5.0,33.7206,31.1287,134.8822,137.4741,PENDING_AG03,FALSE,NOT_FOR_ENFORCEMENT,161.8587,7412.5504,168.6028,161.8587,6.7441,0.02051003,0.01968963,6.7441,161.8587,0.01968963,6.7441,6.7441,6.7441,6.7441,6.7441,161.8587,0.01968963,33.7206,31.1287,134.8822,137.4741,0.01640802,0.01672332,0.00082040,8.8298,8.7743,0.1916,9.3668,2.0815,456.6947,48.8889,8.9945,7.2899,4.0878,10.2195,10.2195,20.439,20.439,20.439,10.2195,0.0,2.0,2.0,0.864009,18,73,19,8,0.92018824,0.02051003,0.01872231,0E-8,0.000000,0.939286,0.000000,0.02239918,2026-07-04,2026-08-02,18,81,65,30,0.600000,1.233833,1.018663,3.067294,,,,,,,,GLOBAL_BASELINE_NO_ENTITY_RANKING,,,NOT_APPLICABLE_GLOBAL_BASELINE,HF9g-P5,,,,X 全窗基线 · 不参与实体赏罚,6875656,688,A168_HF9F_20260827_0900,2026-08-27 09:00:00
2026-07-12,152541993,2281,0,316.8049707722,-91.9756366758,-91.9756366758,0.3333333,16,16,0.49324550000000000,0.493245500000,-1.2387873569301244,-1.2387873569301244,-1.2387873569301244,0E-17,ELIGIBLE,R03b_20260811_FULL_v1,L1_ELIGIBILITY,v2026-08-11,2026-03-21..2026-08-06,baccarat_bet02_101_all_pairs_incl_sentinel,round_win = game_pnl > 0 (decisive only),COMPATIBILITY_ONLY_NOT_PRODUCTION,8220.5043,7721.4067,168.6028,931,880,-0.02051003,-0.01872231,-0.04112150,-0.02051003,-168.6028,8220.5043,OK,0.0000,6.7441,4.0000,96.0000,AG03-UNRESOLVED,ALL5_LEVELS_bet23_to_bet27,6.7441,6.7441,6.7441,6.7441,6.7441,4.000000,4.000000,4.000000,4.000000,4.000000,96.000000,96.000000,96.000000,96.000000,96.000000,5.0,33.7206,31.1287,134.8822,137.4741,PENDING_AG03,FALSE,NOT_FOR_ENFORCEMENT,161.8587,7412.5504,168.6028,161.8587,6.7441,0.02051003,0.01968963,6.7441,161.8587,0.01968963,6.7441,6.7441,6.7441,6.7441,6.7441,161.8587,0.01968963,33.7206,31.1287,134.8822,137.4741,0.01640802,0.01672332,0.00082040,8.8298,8.7743,0.1916,9.3668,2.0815,456.6947,48.8889,8.9945,7.2899,4.0878,10.2195,10.2195,20.439,20.439,20.439,10.2195,0.0,2.0,2.0,0.864009,18,73,19,8,0.92018824,0.02051003,0.01872231,0E-8,0.000000,0.939286,0.000000,0.02239918,2026-07-04,2026-08-02,18,81,65,30,0.600000,1.233833,1.018663,3.067294,,,,,,,,GLOBAL_BASELINE_NO_ENTITY_RANKING,,,NOT_APPLICABLE_GLOBAL_BASELINE,HF9g-P5,,,,X 全窗基线 · 不参与实体赏罚,6875657,688,A168_HF9F_20260827_0900,2026-08-27 09:00:00
2026-07-12,152541993,462,0,275.9269100274,71.0256305441,71.0256305441,0.6363636,24,24,0.49436260000000000,0.494362600000,1.3321724740588063,1.3321724740588063,1.3321724740588063,0E-17,ELIGIBLE,R03b_20260811_FULL_v1,L1_ELIGIBILITY,v2026-08-11,2026-03-21..2026-08-06,baccarat_bet02_101_all_pairs_incl_sentinel,round_win = game_pnl > 0 (decisive only),COMPATIBILITY_ONLY_NOT_PRODUCTION,8220.5043,7721.4067,168.6028,931,880,-0.02051003,-0.01872231,-0.04112150,-0.02051003,-168.6028,8220.5043,OK,0.0000,6.7441,4.0000,96.0000,AG03-UNRESOLVED,ALL5_LEVELS_bet23_to_bet27,6.7441,6.7441,6.7441,6.7441,6.7441,4.000000,4.000000,4.000000,4.000000,4.000000,96.000000,96.000000,96.000000,96.000000,96.000000,5.0,33.7206,31.1287,134.8822,137.4741,PENDING_AG03,FALSE,NOT_FOR_ENFORCEMENT,161.8587,7412.5504,168.6028,161.8587,6.7441,0.02051003,0.01968963,6.7441,161.8587,0.01968963,6.7441,6.7441,6.7441,6.7441,6.7441,161.8587,0.01968963,33.7206,31.1287,134.8822,137.4741,0.01640802,0.01672332,0.00082040,8.8298,8.7743,0.1916,9.3668,2.0815,456.6947,48.8889,8.9945,7.2899,4.0878,10.2195,10.2195,20.439,20.439,20.439,10.2195,0.0,2.0,2.0,0.864009,18,73,19,8,0.92018824,0.02051003,0.01872231,0E-8,0.000000,0.939286,0.000000,0.02239918,2026-07-04,2026-08-02,18,81,65,30,0.600000,1.233833,1.018663,3.067294,,,,,,,,GLOBAL_BASELINE_NO_ENTITY_RANKING,,,NOT_APPLICABLE_GLOBAL_BASELINE,HF9g-P5,,,,X 全窗基线 · 不参与实体赏罚,6875658,688,A168_HF9F_20260827_0900,2026-08-27 09:00:00
2026-07-13,152541993,1060,0,36.1770837591,-32.4980582921,-32.4980582921,0.2000000,5,5,0.49324550000000000,0.493245500000,-1.3115534243649334,-1.3115534243649334,-1.3115534243649334,0E-17,ELIGIBLE,R03b_20260811_FULL_v1,L1_ELIGIBILITY,v2026-08-11,2026-03-21..2026-08-06,baccarat_bet02_101_all_pairs_incl_sentinel,round_win = game_pnl > 0 (decisive only),COMPATIBILITY_ONLY_NOT_PRODUCTION,8220.5043,7721.4067,168.6028,931,880,-0.02051003,-0.01872231,-0.04112150,-0.02051003,-168.6028,8220.5043,OK,0.0000,6.7441,4.0000,96.0000,AG03-UNRESOLVED,ALL5_LEVELS_bet23_to_bet27,6.7441,6.7441,6.7441,6.7441,6.7441,4.000000,4.000000,4.000000,4.000000,4.000000,96.000000,96.000000,96.000000,96.000000,96.000000,5.0,33.7206,31.1287,134.8822,137.4741,PENDING_AG03,FALSE,NOT_FOR_ENFORCEMENT,161.8587,7412.5504,168.6028,161.8587,6.7441,0.02051003,0.01968963,6.7441,161.8587,0.01968963,6.7441,6.7441,6.7441,6.7441,6.7441,161.8587,0.01968963,33.7206,31.1287,134.8822,137.4741,0.01640802,0.01672332,0.00082040,8.8298,8.7743,0.1916,9.3668,2.0815,456.6947,48.8889,8.9945,7.2899,4.0878,10.2195,10.2195,20.439,20.439,20.439,10.2195,0.0,2.0,2.0,0.864009,18,73,19,8,0.92018824,0.02051003,0.01872231,0E-8,0.000000,0.939286,0.000000,0.02239918,2026-07-04,2026-08-02,18,81,65,30,0.600000,1.233833,1.018663,3.067294,,,,,,,,GLOBAL_BASELINE_NO_ENTITY_RANKING,,,NOT_APPLICABLE_GLOBAL_BASELINE,HF9g-P5,,,,X 全窗基线 · 不参与实体赏罚,6875659,688,A168_HF9F_20260827_0900,2026-08-27 09:00:00
2026-07-13,152541993,1299,0,77.6683154155,-4.0878060745,-4.0878060745,0.4705882,19,19,0.49324550000000000,0.493245500000,-0.18685364166618212,-0.18685364166618212,-0.18685364166618212,0E-17,ELIGIBLE,R03b_20260811_FULL_v1,L1_ELIGIBILITY,v2026-08-11,2026-03-21..2026-08-06,baccarat_bet02_101_all_pairs_incl_sentinel,round_win = game_pnl > 0 (decisive only),COMPATIBILITY_ONLY_NOT_PRODUCTION,8220.5043,7721.4067,168.6028,931,880,-0.02051003,-0.01872231,-0.04112150,-0.02051003,-168.6028,8220.5043,OK,0.0000,6.7441,4.0000,96.0000,AG03-UNRESOLVED,ALL5_LEVELS_bet23_to_bet27,6.7441,6.7441,6.7441,6.7441,6.7441,4.000000,4.000000,4.000000,4.000000,4.000000,96.000000,96.000000,96.000000,96.000000,96.000000,5.0,33.7206,31.1287,134.8822,137.4741,PENDING_AG03,FALSE,NOT_FOR_ENFORCEMENT,161.8587,7412.5504,168.6028,161.8587,6.7441,0.02051003,0.01968963,6.7441,161.8587,0.01968963,6.7441,6.7441,6.7441,6.7441,6.7441,161.8587,0.01968963,33.7206,31.1287,134.8822,137.4741,0.01640802,0.01672332,0.00082040,8.8298,8.7743,0.1916,9.3668,2.0815,456.6947,48.8889,8.9945,7.2899,4.0878,10.2195,10.2195,20.439,20.439,20.439,10.2195,0.0,2.0,2.0,0.864009,18,73,19,8,0.92018824,0.02051003,0.01872231,0E-8,0.000000,0.939286,0.000000,0.02239918,2026-07-04,2026-08-02,18,81,65,30,0.600000,1.233833,1.018663,3.067294,,,,,,,,GLOBAL_BASELINE_NO_ENTITY_RANKING,,,NOT_APPLICABLE_GLOBAL_BASELINE,HF9g-P5,,,,X 全窗基线 · 不参与实体赏罚,6875660,688,A168_HF9F_20260827_0900,2026-08-27 09:00:00
2026-07-13,152541993,1405,0,20.4390303725,8.1756121490,8.1756121490,0.7500000,5,5,0.49324550000000000,0.493245500000,1.0271117246678039,1.0271117246678039,1.0271117246678039,0E-17,ELIGIBLE,R03b_20260811_FULL_v1,L1_ELIGIBILITY,v2026-08-11,2026-03-21..2026-08-06,baccarat_bet02_101_all_pairs_incl_sentinel,round_win = game_pnl > 0 (decisive only),COMPATIBILITY_ONLY_NOT_PRODUCTION,8220.5043,7721.4067,168.6028,931,880,-0.02051003,-0.01872231,-0.04112150,-0.02051003,-168.6028,8220.5043,OK,0.0000,6.7441,4.0000,96.0000,AG03-UNRESOLVED,ALL5_LEVELS_bet23_to_bet27,6.7441,6.7441,6.7441,6.7441,6.7441,4.000000,4.000000,4.000000,4.000000,4.000000,96.000000,96.000000,96.000000,96.000000,96.000000,5.0,33.7206,31.1287,134.8822,137.4741,PENDING_AG03,FALSE,NOT_FOR_ENFORCEMENT,161.8587,7412.5504,168.6028,161.8587,6.7441,0.02051003,0.01968963,6.7441,161.8587,0.01968963,6.7441,6.7441,6.7441,6.7441,6.7441,161.8587,0.01968963,33.7206,31.1287,134.8822,137.4741,0.01640802,0.01672332,0.00082040,8.8298,8.7743,0.1916,9.3668,2.0815,456.6947,48.8889,8.9945,7.2899,4.0878,10.2195,10.2195,20.439,20.439,20.439,10.2195,0.0,2.0,2.0,0.864009,18,73,19,8,0.92018824,0.02051003,0.01872231,0E-8,0.000000,0.939286,0.000000,0.02239918,2026-07-04,2026-08-02,18,81,65,30,0.600000,1.233833,1.018663,3.067294,,,,,,,,GLOBAL_BASELINE_NO_ENTITY_RANKING,,,NOT_APPLICABLE_GLOBAL_BASELINE,HF9g-P5,,,,X 全窗基线 · 不参与实体赏罚,6875661,688,A168_HF9F_20260827_0900,2026-08-27 09:00:00
2026-07-13,152541993,1963,0,20.4390303724,-20.4390303724,-20.4390303724,0E-7,2,2,0.49324550000000000,0.493245500000,-1.3952362676504506,-1.3952362676504506,-1.3952362676504506,0E-17,ELIGIBLE,R03b_20260811_FULL_v1,L1_ELIGIBILITY,v2026-08-11,2026-03-21..2026-08-06,baccarat_bet02_101_all_pairs_incl_sentinel,round_win = game_pnl > 0 (decisive only),COMPATIBILITY_ONLY_NOT_PRODUCTION,8220.5043,7721.4067,168.6028,931,880,-0.02051003,-0.01872231,-0.04112150,-0.02051003,-168.6028,8220.5043,OK,0.0000,6.7441,4.0000,96.0000,AG03-UNRESOLVED,ALL5_LEVELS_bet23_to_bet27,6.7441,6.7441,6.7441,6.7441,6.7441,4.000000,4.000000,4.000000,4.000000,4.000000,96.000000,96.000000,96.000000,96.000000,96.000000,5.0,33.7206,31.1287,134.8822,137.4741,PENDING_AG03,FALSE,NOT_FOR_ENFORCEMENT,161.8587,7412.5504,168.6028,161.8587,6.7441,0.02051003,0.01968963,6.7441,161.8587,0.01968963,6.7441,6.7441,6.7441,6.7441,6.7441,161.8587,0.01968963,33.7206,31.1287,134.8822,137.4741,0.01640802,0.01672332,0.00082040,8.8298,8.7743,0.1916,9.3668,2.0815,456.6947,48.8889,8.9945,7.2899,4.0878,10.2195,10.2195,20.439,20.439,20.439,10.2195,0.0,2.0,2.0,0.864009,18,73,19,8,0.92018824,0.02051003,0.01872231,0E-8,0.000000,0.939286,0.000000,0.02239918,2026-07-04,2026-08-02,18,81,65,30,0.600000,1.233833,1.018663,3.067294,,,,,,,,GLOBAL_BASELINE_NO_ENTITY_RANKING,,,NOT_APPLICABLE_GLOBAL_BASELINE,HF9g-P5,,,,X 全窗基线 · 不参与实体赏罚,6875662,688,A168_HF9F_20260827_0900,2026-08-27 09:00:00
2026-07-13,152541993,2088,0,49.0536728938,-12.2634182234,-12.2634182234,0.4000000,13,11,0.46244176515172200,0.456099959091,-0.39603528996420395,-0.35618283161025105,-0.39603528996420395,0.00634180606072200,ELIGIBLE,R03b_20260811_FULL_v1,L1_ELIGIBILITY,v2026-08-11,2026-03-21..2026-08-06,baccarat_bet02_101_all_pairs_incl_sentinel,round_win = game_pnl > 0 (decisive only),COMPATIBILITY_ONLY_NOT_PRODUCTION,8220.5043,7721.4067,168.6028,931,880,-0.02051003,-0.01872231,-0.04112150,-0.02051003,-168.6028,8220.5043,OK,0.0000,6.7441,4.0000,96.0000,AG03-UNRESOLVED,ALL5_LEVELS_bet23_to_bet27,6.7441,6.7441,6.7441,6.7441,6.7441,4.000000,4.000000,4.000000,4.000000,4.000000,96.000000,96.000000,96.000000,96.000000,96.000000,5.0,33.7206,31.1287,134.8822,137.4741,PENDING_AG03,FALSE,NOT_FOR_ENFORCEMENT,161.8587,7412.5504,168.6028,161.8587,6.7441,0.02051003,0.01968963,6.7441,161.8587,0.01968963,6.7441,6.7441,6.7441,6.7441,6.7441,161.8587,0.01968963,33.7206,31.1287,134.8822,137.4741,0.01640802,0.01672332,0.00082040,8.8298,8.7743,0.1916,9.3668,2.0815,456.6947,48.8889,8.9945,7.2899,4.0878,10.2195,10.2195,20.439,20.439,20.439,10.2195,0.0,2.0,2.0,0.864009,18,73,19,8,0.92018824,0.02051003,0.01872231,0E-8,0.000000,0.939286,0.000000,0.02239918,2026-07-04,2026-08-02,18,81,65,30,0.600000,1.233833,1.018663,3.067294,,,,,,,,GLOBAL_BASELINE_NO_ENTITY_RANKING,,,NOT_APPLICABLE_GLOBAL_BASELINE,HF9g-P5,,,,X 全窗基线 · 不参与实体赏罚,6875663,688,A168_HF9F_20260827_0900,2026-08-27 09:00:00
2026-07-13,152541993,2103,0,16.3512242979,-16.3512242979,-16.3512242979,0E-7,2,2,0.49324550000000000,0.493245500000,-1.3952362676504506,-1.3952362676504506,-1.3952362676504506,0E-17,ELIGIBLE,R03b_20260811_FULL_v1,L1_ELIGIBILITY,v2026-08-11,2026-03-21..2026-08-06,baccarat_bet02_101_all_pairs_incl_sentinel,round_win = game_pnl > 0 (decisive only),COMPATIBILITY_ONLY_NOT_PRODUCTION,8220.5043,7721.4067,168.6028,931,880,-0.02051003,-0.01872231,-0.04112150,-0.02051003,-168.6028,8220.5043,OK,0.0000,6.7441,4.0000,96.0000,AG03-UNRESOLVED,ALL5_LEVELS_bet23_to_bet27,6.7441,6.7441,6.7441,6.7441,6.7441,4.000000,4.000000,4.000000,4.000000,4.000000,96.000000,96.000000,96.000000,96.000000,96.000000,5.0,33.7206,31.1287,134.8822,137.4741,PENDING_AG03,FALSE,NOT_FOR_ENFORCEMENT,161.8587,7412.5504,168.6028,161.8587,6.7441,0.02051003,0.01968963,6.7441,161.8587,0.01968963,6.7441,6.7441,6.7441,6.7441,6.7441,161.8587,0.01968963,33.7206,31.1287,134.8822,137.4741,0.01640802,0.01672332,0.00082040,8.8298,8.7743,0.1916,9.3668,2.0815,456.6947,48.8889,8.9945,7.2899,4.0878,10.2195,10.2195,20.439,20.439,20.439,10.2195,0.0,2.0,2.0,0.864009,18,73,19,8,0.92018824,0.02051003,0.01872231,0E-8,0.000000,0.939286,0.000000,0.02239918,2026-07-04,2026-08-02,18,81,65,30,0.600000,1.233833,1.018663,3.067294,,,,,,,,GLOBAL_BASELINE_NO_ENTITY_RANKING,,,NOT_APPLICABLE_GLOBAL_BASELINE,HF9g-P5,,,,X 全窗基线 · 不参与实体赏罚,6875664,688,A168_HF9F_20260827_0900,2026-08-27 09:00:00
2026-07-13,152541993,2153,0,8.1756121490,-0.2043903037,-0.2043903037,0.5000000,2,2,0.49994810000000000,0.499948100000,0.00014679536856514622,0.00014679536856514622,0.00014679536856514622,0E-17,ELIGIBLE,R03b_20260811_FULL_v1,L1_ELIGIBILITY,v2026-08-11,2026-03-21..2026-08-06,baccarat_bet02_101_all_pairs_incl_sentinel,round_win = game_pnl > 0 (decisive only),COMPATIBILITY_ONLY_NOT_PRODUCTION,8220.5043,7721.4067,168.6028,931,880,-0.02051003,-0.01872231,-0.04112150,-0.02051003,-168.6028,8220.5043,OK,0.0000,6.7441,4.0000,96.0000,AG03-UNRESOLVED,ALL5_LEVELS_bet23_to_bet27,6.7441,6.7441,6.7441,6.7441,6.7441,4.000000,4.000000,4.000000,4.000000,4.000000,96.000000,96.000000,96.000000,96.000000,96.000000,5.0,33.7206,31.1287,134.8822,137.4741,PENDING_AG03,FALSE,NOT_FOR_ENFORCEMENT,161.8587,7412.5504,168.6028,161.8587,6.7441,0.02051003,0.01968963,6.7441,161.8587,0.01968963,6.7441,6.7441,6.7441,6.7441,6.7441,161.8587,0.01968963,33.7206,31.1287,134.8822,137.4741,0.01640802,0.01672332,0.00082040,8.8298,8.7743,0.1916,9.3668,2.0815,456.6947,48.8889,8.9945,7.2899,4.0878,10.2195,10.2195,20.439,20.439,20.439,10.2195,0.0,2.0,2.0,0.864009,18,73,19,8,0.92018824,0.02051003,0.01872231,0E-8,0.000000,0.939286,0.000000,0.02239918,2026-07-04,2026-08-02,18,81,65,30,0.600000,1.233833,1.018663,3.067294,,,,,,,,GLOBAL_BASELINE_NO_ENTITY_RANKING,,,NOT_APPLICABLE_GLOBAL_BASELINE,HF9g-P5,,,,X 全窗基线 · 不参与实体赏罚,6875665,688,A168_HF9F_20260827_0900,2026-08-27 09:00:00
2026-07-13,152541993,2167,0,4.0878060745,4.0878060745,4.0878060745,1.0000000,1,1,0.49324550000000000,0.493245500000,1.01360149184955,1.01360149184955,1.01360149184955,0E-17,ELIGIBLE,R03b_20260811_FULL_v1,L1_ELIGIBILITY,v2026-08-11,2026-03-21..2026-08-06,baccarat_bet02_101_all_pairs_incl_sentinel,round_win = game_pnl > 0 (decisive only),COMPATIBILITY_ONLY_NOT_PRODUCTION,8220.5043,7721.4067,168.6028,931,880,-0.02051003,-0.01872231,-0.04112150,-0.02051003,-168.6028,8220.5043,OK,0.0000,6.7441,4.0000,96.0000,AG03-UNRESOLVED,ALL5_LEVELS_bet23_to_bet27,6.7441,6.7441,6.7441,6.7441,6.7441,4.000000,4.000000,4.000000,4.000000,4.000000,96.000000,96.000000,96.000000,96.000000,96.000000,5.0,33.7206,31.1287,134.8822,137.4741,PENDING_AG03,FALSE,NOT_FOR_ENFORCEMENT,161.8587,7412.5504,168.6028,161.8587,6.7441,0.02051003,0.01968963,6.7441,161.8587,0.01968963,6.7441,6.7441,6.7441,6.7441,6.7441,161.8587,0.01968963,33.7206,31.1287,134.8822,137.4741,0.01640802,0.01672332,0.00082040,8.8298,8.7743,0.1916,9.3668,2.0815,456.6947,48.8889,8.9945,7.2899,4.0878,10.2195,10.2195,20.439,20.439,20.439,10.2195,0.0,2.0,2.0,0.864009,18,73,19,8,0.92018824,0.02051003,0.01872231,0E-8,0.000000,0.939286,0.000000,0.02239918,2026-07-04,2026-08-02,18,81,65,30,0.600000,1.233833,1.018663,3.067294,,,,,,,,GLOBAL_BASELINE_NO_ENTITY_RANKING,,,NOT_APPLICABLE_GLOBAL_BASELINE,HF9g-P5,,,,X 全窗基线 · 不参与实体赏罚,6875666,688,A168_HF9F_20260827_0900,2026-08-27 09:00:00
2026-07-13,152541993,526,0,32.7024485960,-8.1756121490,-8.1756121490,0.3750000,8,8,0.49324550000000000,0.493245500000,-0.6689586021016365,-0.6689586021016365,-0.6689586021016365,0E-17,ELIGIBLE,R03b_20260811_FULL_v1,L1_ELIGIBILITY,v2026-08-11,2026-03-21..2026-08-06,baccarat_bet02_101_all_pairs_incl_sentinel,round_win = game_pnl > 0 (decisive only),COMPATIBILITY_ONLY_NOT_PRODUCTION,8220.5043,7721.4067,168.6028,931,880,-0.02051003,-0.01872231,-0.04112150,-0.02051003,-168.6028,8220.5043,OK,0.0000,6.7441,4.0000,96.0000,AG03-UNRESOLVED,ALL5_LEVELS_bet23_to_bet27,6.7441,6.7441,6.7441,6.7441,6.7441,4.000000,4.000000,4.000000,4.000000,4.000000,96.000000,96.000000,96.000000,96.000000,96.000000,5.0,33.7206,31.1287,134.8822,137.4741,PENDING_AG03,FALSE,NOT_FOR_ENFORCEMENT,161.8587,7412.5504,168.6028,161.8587,6.7441,0.02051003,0.01968963,6.7441,161.8587,0.01968963,6.7441,6.7441,6.7441,6.7441,6.7441,161.8587,0.01968963,33.7206,31.1287,134.8822,137.4741,0.01640802,0.01672332,0.00082040,8.8298,8.7743,0.1916,9.3668,2.0815,456.6947,48.8889,8.9945,7.2899,4.0878,10.2195,10.2195,20.439,20.439,20.439,10.2195,0.0,2.0,2.0,0.864009,18,73,19,8,0.92018824,0.02051003,0.01872231,0E-8,0.000000,0.939286,0.000000,0.02239918,2026-07-04,2026-08-02,18,81,65,30,0.600000,1.233833,1.018663,3.067294,,,,,,,,GLOBAL_BASELINE_NO_ENTITY_RANKING,,,NOT_APPLICABLE_GLOBAL_BASELINE,HF9g-P5,,,,X 全窗基线 · 不参与实体赏罚,6875667,688,A168_HF9F_20260827_0900,2026-08-27 09:00:00
2026-07-13,152541993,969,0,81.7561214896,20.4390303724,20.4390303724,0.6250000,8,8,0.49324550000000000,0.493245500000,0.7453840200312067,0.7453840200312067,0.7453840200312067,0E-17,ELIGIBLE,R03b_20260811_FULL_v1,L1_ELIGIBILITY,v2026-08-11,2026-03-21..2026-08-06,baccarat_bet02_101_all_pairs_incl_sentinel,round_win = game_pnl > 0 (decisive only),COMPATIBILITY_ONLY_NOT_PRODUCTION,8220.5043,7721.4067,168.6028,931,880,-0.02051003,-0.01872231,-0.04112150,-0.02051003,-168.6028,8220.5043,OK,0.0000,6.7441,4.0000,96.0000,AG03-UNRESOLVED,ALL5_LEVELS_bet23_to_bet27,6.7441,6.7441,6.7441,6.7441,6.7441,4.000000,4.000000,4.000000,4.000000,4.000000,96.000000,96.000000,96.000000,96.000000,96.000000,5.0,33.7206,31.1287,134.8822,137.4741,PENDING_AG03,FALSE,NOT_FOR_ENFORCEMENT,161.8587,7412.5504,168.6028,161.8587,6.7441,0.02051003,0.01968963,6.7441,161.8587,0.01968963,6.7441,6.7441,6.7441,6.7441,6.7441,161.8587,0.01968963,33.7206,31.1287,134.8822,137.4741,0.01640802,0.01672332,0.00082040,8.8298,8.7743,0.1916,9.3668,2.0815,456.6947,48.8889,8.9945,7.2899,4.0878,10.2195,10.2195,20.439,20.439,20.439,10.2195,0.0,2.0,2.0,0.864009,18,73,19,8,0.92018824,0.02051003,0.01872231,0E-8,0.000000,0.939286,0.000000,0.02239918,2026-07-04,2026-08-02,18,81,65,30,0.600000,1.233833,1.018663,3.067294,,,,,,,,GLOBAL_BASELINE_NO_ENTITY_RANKING,,,NOT_APPLICABLE_GLOBAL_BASELINE,HF9g-P5,,,,X 全窗基线 · 不参与实体赏罚,6875668,688,A168_HF9F_20260827_0900,2026-08-27 09:00:00
2026-07-14,152541993,1302,0,65.4048971917,-4.0878060745,-4.0878060745,0.4285714,7,7,0.49707555714285714,0.497075557143,-0.3624959764119633,-0.36249597641271863,-0.3624959764119633,-1.4286E-13,ELIGIBLE,R03b_20260811_FULL_v1,L1_ELIGIBILITY,v2026-08-11,2026-03-21..2026-08-06,baccarat_bet02_101_all_pairs_incl_sentinel,round_win = game_pnl > 0 (decisive only),COMPATIBILITY_ONLY_NOT_PRODUCTION,8220.5043,7721.4067,168.6028,931,880,-0.02051003,-0.01872231,-0.04112150,-0.02051003,-168.6028,8220.5043,OK,0.0000,6.7441,4.0000,96.0000,AG03-UNRESOLVED,ALL5_LEVELS_bet23_to_bet27,6.7441,6.7441,6.7441,6.7441,6.7441,4.000000,4.000000,4.000000,4.000000,4.000000,96.000000,96.000000,96.000000,96.000000,96.000000,5.0,33.7206,31.1287,134.8822,137.4741,PENDING_AG03,FALSE,NOT_FOR_ENFORCEMENT,161.8587,7412.5504,168.6028,161.8587,6.7441,0.02051003,0.01968963,6.7441,161.8587,0.01968963,6.7441,6.7441,6.7441,6.7441,6.7441,161.8587,0.01968963,33.7206,31.1287,134.8822,137.4741,0.01640802,0.01672332,0.00082040,8.8298,8.7743,0.1916,9.3668,2.0815,456.6947,48.8889,8.9945,7.2899,4.0878,10.2195,10.2195,20.439,20.439,20.439,10.2195,0.0,2.0,2.0,0.864009,18,73,19,8,0.92018824,0.02051003,0.01872231,0E-8,0.000000,0.939286,0.000000,0.02239918,2026-07-04,2026-08-02,18,81,65,30,0.600000,1.233833,1.018663,3.067294,,,,,,,,GLOBAL_BASELINE_NO_ENTITY_RANKING,,,NOT_APPLICABLE_GLOBAL_BASELINE,HF9g-P5,,,,X 全窗基线 · 不参与实体赏罚,6875669,688,A168_HF9F_20260827_0900,2026-08-27 09:00:00
2026-07-14,152541993,1306,0,200.3024976495,10.0151248826,10.0151248826,0.4761905,22,22,0.47604806363636364,0.476048063636,0.0013067328122433597,0.0013067328155800517,0.0013067328122433597,3.6364E-13,ELIGIBLE,R03b_20260811_FULL_v1,L1_ELIGIBILITY,v2026-08-11,2026-03-21..2026-08-06,baccarat_bet02_101_all_pairs_incl_sentinel,round_win = game_pnl > 0 (decisive only),COMPATIBILITY_ONLY_NOT_PRODUCTION,8220.5043,7721.4067,168.6028,931,880,-0.02051003,-0.01872231,-0.04112150,-0.02051003,-168.6028,8220.5043,OK,0.0000,6.7441,4.0000,96.0000,AG03-UNRESOLVED,ALL5_LEVELS_bet23_to_bet27,6.7441,6.7441,6.7441,6.7441,6.7441,4.000000,4.000000,4.000000,4.000000,4.000000,96.000000,96.000000,96.000000,96.000000,96.000000,5.0,33.7206,31.1287,134.8822,137.4741,PENDING_AG03,FALSE,NOT_FOR_ENFORCEMENT,161.8587,7412.5504,168.6028,161.8587,6.7441,0.02051003,0.01968963,6.7441,161.8587,0.01968963,6.7441,6.7441,6.7441,6.7441,6.7441,161.8587,0.01968963,33.7206,31.1287,134.8822,137.4741,0.01640802,0.01672332,0.00082040,8.8298,8.7743,0.1916,9.3668,2.0815,456.6947,48.8889,8.9945,7.2899,4.0878,10.2195,10.2195,20.439,20.439,20.439,10.2195,0.0,2.0,2.0,0.864009,18,73,19,8,0.92018824,0.02051003,0.01872231,0E-8,0.000000,0.939286,0.000000,0.02239918,2026-07-04,2026-08-02,18,81,65,30,0.600000,1.233833,1.018663,3.067294,,,,,,,,GLOBAL_BASELINE_NO_ENTITY_RANKING,,,NOT_APPLICABLE_GLOBAL_BASELINE,HF9g-P5,,,,X 全窗基线 · 不参与实体赏罚,6875670,688,A168_HF9F_20260827_0900,2026-08-27 09:00:00
2026-07-14,152541993,1957,0,153.2927277929,4.0878060745,4.0878060745,0.5000000,16,15,0.48956520222229682,0.480417246667,0.07810388690544445,0.1466564313480753,0.07810388690544445,0.00914795555529682,ELIGIBLE,R03b_20260811_FULL_v1,L1_ELIGIBILITY,v2026-08-11,2026-03-21..2026-08-06,baccarat_bet02_101_all_pairs_incl_sentinel,round_win = game_pnl > 0 (decisive only),COMPATIBILITY_ONLY_NOT_PRODUCTION,8220.5043,7721.4067,168.6028,931,880,-0.02051003,-0.01872231,-0.04112150,-0.02051003,-168.6028,8220.5043,OK,0.0000,6.7441,4.0000,96.0000,AG03-UNRESOLVED,ALL5_LEVELS_bet23_to_bet27,6.7441,6.7441,6.7441,6.7441,6.7441,4.000000,4.000000,4.000000,4.000000,4.000000,96.000000,96.000000,96.000000,96.000000,96.000000,5.0,33.7206,31.1287,134.8822,137.4741,PENDING_AG03,FALSE,NOT_FOR_ENFORCEMENT,161.8587,7412.5504,168.6028,161.8587,6.7441,0.02051003,0.01968963,6.7441,161.8587,0.01968963,6.7441,6.7441,6.7441,6.7441,6.7441,161.8587,0.01968963,33.7206,31.1287,134.8822,137.4741,0.01640802,0.01672332,0.00082040,8.8298,8.7743,0.1916,9.3668,2.0815,456.6947,48.8889,8.9945,7.2899,4.0878,10.2195,10.2195,20.439,20.439,20.439,10.2195,0.0,2.0,2.0,0.864009,18,73,19,8,0.92018824,0.02051003,0.01872231,0E-8,0.000000,0.939286,0.000000,0.02239918,2026-07-04,2026-08-02,18,81,65,30,0.600000,1.233833,1.018663,3.067294,,,,,,,,GLOBAL_BASELINE_NO_ENTITY_RANKING,,,NOT_APPLICABLE_GLOBAL_BASELINE,HF9g-P5,,,,X 全窗基线 · 不参与实体赏罚,6875671,688,A168_HF9F_20260827_0900,2026-08-27 09:00:00
2026-07-14,152541993,2169,0,251.4000735804,-18.4973224870,-18.4973224870,0.5000000,23,23,0.49441116956521739,0.494411169565,0.049991142114336286,0.04999114211628104,0.049991142114336286,2.1739E-13,ELIGIBLE,R03b_20260811_FULL_v1,L1_ELIGIBILITY,v2026-08-11,2026-03-21..2026-08-06,baccarat_bet02_101_all_pairs_incl_sentinel,round_win = game_pnl > 0 (decisive only),COMPATIBILITY_ONLY_NOT_PRODUCTION,8220.5043,7721.4067,168.6028,931,880,-0.02051003,-0.01872231,-0.04112150,-0.02051003,-168.6028,8220.5043,OK,0.0000,6.7441,4.0000,96.0000,AG03-UNRESOLVED,ALL5_LEVELS_bet23_to_bet27,6.7441,6.7441,6.7441,6.7441,6.7441,4.000000,4.000000,4.000000,4.000000,4.000000,96.000000,96.000000,96.000000,96.000000,96.000000,5.0,33.7206,31.1287,134.8822,137.4741,PENDING_AG03,FALSE,NOT_FOR_ENFORCEMENT,161.8587,7412.5504,168.6028,161.8587,6.7441,0.02051003,0.01968963,6.7441,161.8587,0.01968963,6.7441,6.7441,6.7441,6.7441,6.7441,161.8587,0.01968963,33.7206,31.1287,134.8822,137.4741,0.01640802,0.01672332,0.00082040,8.8298,8.7743,0.1916,9.3668,2.0815,456.6947,48.8889,8.9945,7.2899,4.0878,10.2195,10.2195,20.439,20.439,20.439,10.2195,0.0,2.0,2.0,0.864009,18,73,19,8,0.92018824,0.02051003,0.01872231,0E-8,0.000000,0.939286,0.000000,0.02239918,2026-07-04,2026-08-02,18,81,65,30,0.600000,1.233833,1.018663,3.067294,,,,,,,,GLOBAL_BASELINE_NO_ENTITY_RANKING,,,NOT_APPLICABLE_GLOBAL_BASELINE,HF9g-P5,,,,X 全窗基线 · 不参与实体赏罚,6875672,688,A168_HF9F_20260827_0900,2026-08-27 09:00:00
2026-07-14,152541993,2177,0,61.3170911172,0E-10,0E-10,0.5000000,6,6,0.49324550000000000,0.493245500000,0.03309317671092531,0.03309317671092531,0.03309317671092531,0E-17,ELIGIBLE,R03b_20260811_FULL_v1,L1_ELIGIBILITY,v2026-08-11,2026-03-21..2026-08-06,baccarat_bet02_101_all_pairs_incl_sentinel,round_win = game_pnl > 0 (decisive only),COMPATIBILITY_ONLY_NOT_PRODUCTION,8220.5043,7721.4067,168.6028,931,880,-0.02051003,-0.01872231,-0.04112150,-0.02051003,-168.6028,8220.5043,OK,0.0000,6.7441,4.0000,96.0000,AG03-UNRESOLVED,ALL5_LEVELS_bet23_to_bet27,6.7441,6.7441,6.7441,6.7441,6.7441,4.000000,4.000000,4.000000,4.000000,4.000000,96.000000,96.000000,96.000000,96.000000,96.000000,5.0,33.7206,31.1287,134.8822,137.4741,PENDING_AG03,FALSE,NOT_FOR_ENFORCEMENT,161.8587,7412.5504,168.6028,161.8587,6.7441,0.02051003,0.01968963,6.7441,161.8587,0.01968963,6.7441,6.7441,6.7441,6.7441,6.7441,161.8587,0.01968963,33.7206,31.1287,134.8822,137.4741,0.01640802,0.01672332,0.00082040,8.8298,8.7743,0.1916,9.3668,2.0815,456.6947,48.8889,8.9945,7.2899,4.0878,10.2195,10.2195,20.439,20.439,20.439,10.2195,0.0,2.0,2.0,0.864009,18,73,19,8,0.92018824,0.02051003,0.01872231,0E-8,0.000000,0.939286,0.000000,0.02239918,2026-07-04,2026-08-02,18,81,65,30,0.600000,1.233833,1.018663,3.067294,,,,,,,,GLOBAL_BASELINE_NO_ENTITY_RANKING,,,NOT_APPLICABLE_GLOBAL_BASELINE,HF9g-P5,,,,X 全窗基线 · 不参与实体赏罚,6875673,688,A168_HF9F_20260827_0900,2026-08-27 09:00:00
2026-07-14,152541993,2261,0,10.2195151862,-10.2195151862,-10.2195151862,0E-7,1,1,0.49324550000000000,0.493245500000,-0.9865810262130424,-0.9865810262130424,-0.9865810262130424,0E-17,ELIGIBLE,R03b_20260811_FULL_v1,L1_ELIGIBILITY,v2026-08-11,2026-03-21..2026-08-06,baccarat_bet02_101_all_pairs_incl_sentinel,round_win = game_pnl > 0 (decisive only),COMPATIBILITY_ONLY_NOT_PRODUCTION,8220.5043,7721.4067,168.6028,931,880,-0.02051003,-0.01872231,-0.04112150,-0.02051003,-168.6028,8220.5043,OK,0.0000,6.7441,4.0000,96.0000,AG03-UNRESOLVED,ALL5_LEVELS_bet23_to_bet27,6.7441,6.7441,6.7441,6.7441,6.7441,4.000000,4.000000,4.000000,4.000000,4.000000,96.000000,96.000000,96.000000,96.000000,96.000000,5.0,33.7206,31.1287,134.8822,137.4741,PENDING_AG03,FALSE,NOT_FOR_ENFORCEMENT,161.8587,7412.5504,168.6028,161.8587,6.7441,0.02051003,0.01968963,6.7441,161.8587,0.01968963,6.7441,6.7441,6.7441,6.7441,6.7441,161.8587,0.01968963,33.7206,31.1287,134.8822,137.4741,0.01640802,0.01672332,0.00082040,8.8298,8.7743,0.1916,9.3668,2.0815,456.6947,48.8889,8.9945,7.2899,4.0878,10.2195,10.2195,20.439,20.439,20.439,10.2195,0.0,2.0,2.0,0.864009,18,73,19,8,0.92018824,0.02051003,0.01872231,0E-8,0.000000,0.939286,0.000000,0.02239918,2026-07-04,2026-08-02,18,81,65,30,0.600000,1.233833,1.018663,3.067294,,,,,,,,GLOBAL_BASELINE_NO_ENTITY_RANKING,,,NOT_APPLICABLE_GLOBAL_BASELINE,HF9g-P5,,,,X 全窗基线 · 不参与实体赏罚,6875674,688,A168_HF9F_20260827_0900,2026-08-27 09:00:00
2026-07-15,152541993,-1,1,30.8629358620,-6.3360994154,-6.3360994154,0.4166667,13,12,0.47580553333333333,0.475805533333,-0.4102066156400395,-0.4102066156377407,-0.4102066156400395,3.3333E-13,SENTINEL_DEALER,R03b_20260811_FULL_v1,L1_ELIGIBILITY,v2026-08-11,2026-03-21..2026-08-06,baccarat_bet02_101_all_pairs_incl_sentinel,round_win = game_pnl > 0 (decisive only),COMPATIBILITY_ONLY_NOT_PRODUCTION,8220.5043,7721.4067,168.6028,931,880,-0.02051003,-0.01872231,-0.04112150,-0.02051003,-168.6028,8220.5043,OK,0.0000,6.7441,4.0000,96.0000,AG03-UNRESOLVED,ALL5_LEVELS_bet23_to_bet27,6.7441,6.7441,6.7441,6.7441,6.7441,4.000000,4.000000,4.000000,4.000000,4.000000,96.000000,96.000000,96.000000,96.000000,96.000000,5.0,33.7206,31.1287,134.8822,137.4741,PENDING_AG03,FALSE,NOT_FOR_ENFORCEMENT,161.8587,7412.5504,168.6028,161.8587,6.7441,0.02051003,0.01968963,6.7441,161.8587,0.01968963,6.7441,6.7441,6.7441,6.7441,6.7441,161.8587,0.01968963,33.7206,31.1287,134.8822,137.4741,0.01640802,0.01672332,0.00082040,8.8298,8.7743,0.1916,9.3668,2.0815,456.6947,48.8889,8.9945,7.2899,4.0878,10.2195,10.2195,20.439,20.439,20.439,10.2195,0.0,2.0,2.0,0.864009,18,73,19,8,0.92018824,0.02051003,0.01872231,0E-8,0.000000,0.939286,0.000000,0.02239918,2026-07-04,2026-08-02,18,81,65,30,0.600000,1.233833,1.018663,3.067294,,,,,,,,GLOBAL_BASELINE_NO_ENTITY_RANKING,,,NOT_APPLICABLE_GLOBAL_BASELINE,HF9g-P5,,,,X 全窗基线 · 不参与实体赏罚,6875675,688,A168_HF9F_20260827_0900,2026-08-27 09:00:00
2026-07-15,152541993,1318,0,61.3170911172,-20.4390303724,-20.4390303724,0.2500000,6,6,0.49324550000000000,0.493245500000,-0.9730707933947887,-0.9730707933947887,-0.9730707933947887,0E-17,ELIGIBLE,R03b_20260811_FULL_v1,L1_ELIGIBILITY,v2026-08-11,2026-03-21..2026-08-06,baccarat_bet02_101_all_pairs_incl_sentinel,round_win = game_pnl > 0 (decisive only),COMPATIBILITY_ONLY_NOT_PRODUCTION,8220.5043,7721.4067,168.6028,931,880,-0.02051003,-0.01872231,-0.04112150,-0.02051003,-168.6028,8220.5043,OK,0.0000,6.7441,4.0000,96.0000,AG03-UNRESOLVED,ALL5_LEVELS_bet23_to_bet27,6.7441,6.7441,6.7441,6.7441,6.7441,4.000000,4.000000,4.000000,4.000000,4.000000,96.000000,96.000000,96.000000,96.000000,96.000000,5.0,33.7206,31.1287,134.8822,137.4741,PENDING_AG03,FALSE,NOT_FOR_ENFORCEMENT,161.8587,7412.5504,168.6028,161.8587,6.7441,0.02051003,0.01968963,6.7441,161.8587,0.01968963,6.7441,6.7441,6.7441,6.7441,6.7441,161.8587,0.01968963,33.7206,31.1287,134.8822,137.4741,0.01640802,0.01672332,0.00082040,8.8298,8.7743,0.1916,9.3668,2.0815,456.6947,48.8889,8.9945,7.2899,4.0878,10.2195,10.2195,20.439,20.439,20.439,10.2195,0.0,2.0,2.0,0.864009,18,73,19,8,0.92018824,0.02051003,0.01872231,0E-8,0.000000,0.939286,0.000000,0.02239918,2026-07-04,2026-08-02,18,81,65,30,0.600000,1.233833,1.018663,3.067294,,,,,,,,GLOBAL_BASELINE_NO_ENTITY_RANKING,,,NOT_APPLICABLE_GLOBAL_BASELINE,HF9g-P5,,,,X 全窗基线 · 不参与实体赏罚,6875676,688,A168_HF9F_20260827_0900,2026-08-27 09:00:00
2026-07-15,152541993,1396,0,28.6146425214,-20.4390303724,-20.4390303724,0.2000000,5,5,0.49324550000000000,0.493245500000,-1.3115534243649334,-1.3115534243649334,-1.3115534243649334,0E-17,ELIGIBLE,R03b_20260811_FULL_v1,L1_ELIGIBILITY,v2026-08-11,2026-03-21..2026-08-06,baccarat_bet02_101_all_pairs_incl_sentinel,round_win = game_pnl > 0 (decisive only),COMPATIBILITY_ONLY_NOT_PRODUCTION,8220.5043,7721.4067,168.6028,931,880,-0.02051003,-0.01872231,-0.04112150,-0.02051003,-168.6028,8220.5043,OK,0.0000,6.7441,4.0000,96.0000,AG03-UNRESOLVED,ALL5_LEVELS_bet23_to_bet27,6.7441,6.7441,6.7441,6.7441,6.7441,4.000000,4.000000,4.000000,4.000000,4.000000,96.000000,96.000000,96.000000,96.000000,96.000000,5.0,33.7206,31.1287,134.8822,137.4741,PENDING_AG03,FALSE,NOT_FOR_ENFORCEMENT,161.8587,7412.5504,168.6028,161.8587,6.7441,0.02051003,0.01968963,6.7441,161.8587,0.01968963,6.7441,6.7441,6.7441,6.7441,6.7441,161.8587,0.01968963,33.7206,31.1287,134.8822,137.4741,0.01640802,0.01672332,0.00082040,8.8298,8.7743,0.1916,9.3668,2.0815,456.6947,48.8889,8.9945,7.2899,4.0878,10.2195,10.2195,20.439,20.439,20.439,10.2195,0.0,2.0,2.0,0.864009,18,73,19,8,0.92018824,0.02051003,0.01872231,0E-8,0.000000,0.939286,0.000000,0.02239918,2026-07-04,2026-08-02,18,81,65,30,0.600000,1.233833,1.018663,3.067294,,,,,,,,GLOBAL_BASELINE_NO_ENTITY_RANKING,,,NOT_APPLICABLE_GLOBAL_BASELINE,HF9g-P5,,,,X 全窗基线 · 不参与实体赏罚,6875677,688,A168_HF9F_20260827_0900,2026-08-27 09:00:00
2026-07-18,152541993,1307,0,71.9453869109,0.7153660631,0.7153660631,0.4444444,11,11,0.49690146363636364,0.496901463636,-0.31474815895811264,-0.31474815895593217,-0.31474815895811264,3.6364E-13,ELIGIBLE,R03b_20260811_FULL_v1,L1_ELIGIBILITY,v2026-08-11,2026-03-21..2026-08-06,baccarat_bet02_101_all_pairs_incl_sentinel,round_win = game_pnl > 0 (decisive only),COMPATIBILITY_ONLY_NOT_PRODUCTION,8220.5043,7721.4067,168.6028,931,880,-0.02051003,-0.01872231,-0.04112150,-0.02051003,-168.6028,8220.5043,OK,0.0000,6.7441,4.0000,96.0000,AG03-UNRESOLVED,ALL5_LEVELS_bet23_to_bet27,6.7441,6.7441,6.7441,6.7441,6.7441,4.000000,4.000000,4.000000,4.000000,4.000000,96.000000,96.000000,96.000000,96.000000,96.000000,5.0,33.7206,31.1287,134.8822,137.4741,PENDING_AG03,FALSE,NOT_FOR_ENFORCEMENT,161.8587,7412.5504,168.6028,161.8587,6.7441,0.02051003,0.01968963,6.7441,161.8587,0.01968963,6.7441,6.7441,6.7441,6.7441,6.7441,161.8587,0.01968963,33.7206,31.1287,134.8822,137.4741,0.01640802,0.01672332,0.00082040,8.8298,8.7743,0.1916,9.3668,2.0815,456.6947,48.8889,8.9945,7.2899,4.0878,10.2195,10.2195,20.439,20.439,20.439,10.2195,0.0,2.0,2.0,0.864009,18,73,19,8,0.92018824,0.02051003,0.01872231,0E-8,0.000000,0.939286,0.000000,0.02239918,2026-07-04,2026-08-02,18,81,65,30,0.600000,1.233833,1.018663,3.067294,,,,,,,,GLOBAL_BASELINE_NO_ENTITY_RANKING,,,NOT_APPLICABLE_GLOBAL_BASELINE,HF9g-P5,,,,X 全窗基线 · 不参与实体赏罚,6875678,688,A168_HF9F_20260827_0900,2026-08-27 09:00:00
2026-07-18,152541993,1374,0,164.1254138900,8.2778073009,8.2778073009,0.4230769,33,27,0.44366669753102873,0.438622241358,-0.21132083537593008,-0.15973988460262095,-0.21132083537593008,0.00504445617302873,ELIGIBLE,R03b_20260811_FULL_v1,L1_ELIGIBILITY,v2026-08-11,2026-03-21..2026-08-06,baccarat_bet02_101_all_pairs_incl_sentinel,round_win = game_pnl > 0 (decisive only),COMPATIBILITY_ONLY_NOT_PRODUCTION,8220.5043,7721.4067,168.6028,931,880,-0.02051003,-0.01872231,-0.04112150,-0.02051003,-168.6028,8220.5043,OK,0.0000,6.7441,4.0000,96.0000,AG03-UNRESOLVED,ALL5_LEVELS_bet23_to_bet27,6.7441,6.7441,6.7441,6.7441,6.7441,4.000000,4.000000,4.000000,4.000000,4.000000,96.000000,96.000000,96.000000,96.000000,96.000000,5.0,33.7206,31.1287,134.8822,137.4741,PENDING_AG03,FALSE,NOT_FOR_ENFORCEMENT,161.8587,7412.5504,168.6028,161.8587,6.7441,0.02051003,0.01968963,6.7441,161.8587,0.01968963,6.7441,6.7441,6.7441,6.7441,6.7441,161.8587,0.01968963,33.7206,31.1287,134.8822,137.4741,0.01640802,0.01672332,0.00082040,8.8298,8.7743,0.1916,9.3668,2.0815,456.6947,48.8889,8.9945,7.2899,4.0878,10.2195,10.2195,20.439,20.439,20.439,10.2195,0.0,2.0,2.0,0.864009,18,73,19,8,0.92018824,0.02051003,0.01872231,0E-8,0.000000,0.939286,0.000000,0.02239918,2026-07-04,2026-08-02,18,81,65,30,0.600000,1.233833,1.018663,3.067294,,,,,,,,GLOBAL_BASELINE_NO_ENTITY_RANKING,,,NOT_APPLICABLE_GLOBAL_BASELINE,HF9g-P5,,,,X 全窗基线 · 不参与实体赏罚,6875679,688,A168_HF9F_20260827_0900,2026-08-27 09:00:00
2026-07-18,152541993,2174,0,14.3073212607,14.3073212607,14.3073212607,1.0000000,2,2,0.49324550000000000,0.493245500000,1.4334489766152358,1.4334489766152358,1.4334489766152358,0E-17,ELIGIBLE,R03b_20260811_FULL_v1,L1_ELIGIBILITY,v2026-08-11,2026-03-21..2026-08-06,baccarat_bet02_101_all_pairs_incl_sentinel,round_win = game_pnl > 0 (decisive only),COMPATIBILITY_ONLY_NOT_PRODUCTION,8220.5043,7721.4067,168.6028,931,880,-0.02051003,-0.01872231,-0.04112150,-0.02051003,-168.6028,8220.5043,OK,0.0000,6.7441,4.0000,96.0000,AG03-UNRESOLVED,ALL5_LEVELS_bet23_to_bet27,6.7441,6.7441,6.7441,6.7441,6.7441,4.000000,4.000000,4.000000,4.000000,4.000000,96.000000,96.000000,96.000000,96.000000,96.000000,5.0,33.7206,31.1287,134.8822,137.4741,PENDING_AG03,FALSE,NOT_FOR_ENFORCEMENT,161.8587,7412.5504,168.6028,161.8587,6.7441,0.02051003,0.01968963,6.7441,161.8587,0.01968963,6.7441,6.7441,6.7441,6.7441,6.7441,161.8587,0.01968963,33.7206,31.1287,134.8822,137.4741,0.01640802,0.01672332,0.00082040,8.8298,8.7743,0.1916,9.3668,2.0815,456.6947,48.8889,8.9945,7.2899,4.0878,10.2195,10.2195,20.439,20.439,20.439,10.2195,0.0,2.0,2.0,0.864009,18,73,19,8,0.92018824,0.02051003,0.01872231,0E-8,0.000000,0.939286,0.000000,0.02239918,2026-07-04,2026-08-02,18,81,65,30,0.600000,1.233833,1.018663,3.067294,,,,,,,,GLOBAL_BASELINE_NO_ENTITY_RANKING,,,NOT_APPLICABLE_GLOBAL_BASELINE,HF9g-P5,,,,X 全窗基线 · 不参与实体赏罚,6875680,688,A168_HF9F_20260827_0900,2026-08-27 09:00:00
2026-07-18,152541993,2224,0,130.8097943832,-28.6146425212,-28.6146425212,0.3333333,18,15,0.39581651111140728,0.373448400000,-0.49485431186034884,-0.3211880839280969,-0.49485431186034884,0.02236811111140728,ELIGIBLE,R03b_20260811_FULL_v1,L1_ELIGIBILITY,v2026-08-11,2026-03-21..2026-08-06,baccarat_bet02_101_all_pairs_incl_sentinel,round_win = game_pnl > 0 (decisive only),COMPATIBILITY_ONLY_NOT_PRODUCTION,8220.5043,7721.4067,168.6028,931,880,-0.02051003,-0.01872231,-0.04112150,-0.02051003,-168.6028,8220.5043,OK,0.0000,6.7441,4.0000,96.0000,AG03-UNRESOLVED,ALL5_LEVELS_bet23_to_bet27,6.7441,6.7441,6.7441,6.7441,6.7441,4.000000,4.000000,4.000000,4.000000,4.000000,96.000000,96.000000,96.000000,96.000000,96.000000,5.0,33.7206,31.1287,134.8822,137.4741,PENDING_AG03,FALSE,NOT_FOR_ENFORCEMENT,161.8587,7412.5504,168.6028,161.8587,6.7441,0.02051003,0.01968963,6.7441,161.8587,0.01968963,6.7441,6.7441,6.7441,6.7441,6.7441,161.8587,0.01968963,33.7206,31.1287,134.8822,137.4741,0.01640802,0.01672332,0.00082040,8.8298,8.7743,0.1916,9.3668,2.0815,456.6947,48.8889,8.9945,7.2899,4.0878,10.2195,10.2195,20.439,20.439,20.439,10.2195,0.0,2.0,2.0,0.864009,18,73,19,8,0.92018824,0.02051003,0.01872231,0E-8,0.000000,0.939286,0.000000,0.02239918,2026-07-04,2026-08-02,18,81,65,30,0.600000,1.233833,1.018663,3.067294,,,,,,,,GLOBAL_BASELINE_NO_ENTITY_RANKING,,,NOT_APPLICABLE_GLOBAL_BASELINE,HF9g-P5,,,,X 全窗基线 · 不参与实体赏罚,6875681,688,A168_HF9F_20260827_0900,2026-08-27 09:00:00
2026-07-19,152541993,1307,0,26.5707394842,-2.0439030372,-2.0439030372,0.6000000,5,5,0.49324550000000000,0.493245500000,0.47746420675292983,0.47746420675292983,0.47746420675292983,0E-17,ELIGIBLE,R03b_20260811_FULL_v1,L1_ELIGIBILITY,v2026-08-11,2026-03-21..2026-08-06,baccarat_bet02_101_all_pairs_incl_sentinel,round_win = game_pnl > 0 (decisive only),COMPATIBILITY_ONLY_NOT_PRODUCTION,8220.5043,7721.4067,168.6028,931,880,-0.02051003,-0.01872231,-0.04112150,-0.02051003,-168.6028,8220.5043,OK,0.0000,6.7441,4.0000,96.0000,AG03-UNRESOLVED,ALL5_LEVELS_bet23_to_bet27,6.7441,6.7441,6.7441,6.7441,6.7441,4.000000,4.000000,4.000000,4.000000,4.000000,96.000000,96.000000,96.000000,96.000000,96.000000,5.0,33.7206,31.1287,134.8822,137.4741,PENDING_AG03,FALSE,NOT_FOR_ENFORCEMENT,161.8587,7412.5504,168.6028,161.8587,6.7441,0.02051003,0.01968963,6.7441,161.8587,0.01968963,6.7441,6.7441,6.7441,6.7441,6.7441,161.8587,0.01968963,33.7206,31.1287,134.8822,137.4741,0.01640802,0.01672332,0.00082040,8.8298,8.7743,0.1916,9.3668,2.0815,456.6947,48.8889,8.9945,7.2899,4.0878,10.2195,10.2195,20.439,20.439,20.439,10.2195,0.0,2.0,2.0,0.864009,18,73,19,8,0.92018824,0.02051003,0.01872231,0E-8,0.000000,0.939286,0.000000,0.02239918,2026-07-04,2026-08-02,18,81,65,30,0.600000,1.233833,1.018663,3.067294,,,,,,,,GLOBAL_BASELINE_NO_ENTITY_RANKING,,,NOT_APPLICABLE_GLOBAL_BASELINE,HF9g-P5,,,,X 全窗基线 · 不参与实体赏罚,6875682,688,A168_HF9F_20260827_0900,2026-08-27 09:00:00
2026-07-19,152541993,1363,0,28.6146425214,16.2490291461,16.2490291461,0.8571429,8,8,0.49492115000000000,0.494921150000,1.9167960021114945,1.9167960021114945,1.9167960021114945,0E-17,ELIGIBLE,R03b_20260811_FULL_v1,L1_ELIGIBILITY,v2026-08-11,2026-03-21..2026-08-06,baccarat_bet02_101_all_pairs_incl_sentinel,round_win = game_pnl > 0 (decisive only),COMPATIBILITY_ONLY_NOT_PRODUCTION,8220.5043,7721.4067,168.6028,931,880,-0.02051003,-0.01872231,-0.04112150,-0.02051003,-168.6028,8220.5043,OK,0.0000,6.7441,4.0000,96.0000,AG03-UNRESOLVED,ALL5_LEVELS_bet23_to_bet27,6.7441,6.7441,6.7441,6.7441,6.7441,4.000000,4.000000,4.000000,4.000000,4.000000,96.000000,96.000000,96.000000,96.000000,96.000000,5.0,33.7206,31.1287,134.8822,137.4741,PENDING_AG03,FALSE,NOT_FOR_ENFORCEMENT,161.8587,7412.5504,168.6028,161.8587,6.7441,0.02051003,0.01968963,6.7441,161.8587,0.01968963,6.7441,6.7441,6.7441,6.7441,6.7441,161.8587,0.01968963,33.7206,31.1287,134.8822,137.4741,0.01640802,0.01672332,0.00082040,8.8298,8.7743,0.1916,9.3668,2.0815,456.6947,48.8889,8.9945,7.2899,4.0878,10.2195,10.2195,20.439,20.439,20.439,10.2195,0.0,2.0,2.0,0.864009,18,73,19,8,0.92018824,0.02051003,0.01872231,0E-8,0.000000,0.939286,0.000000,0.02239918,2026-07-04,2026-08-02,18,81,65,30,0.600000,1.233833,1.018663,3.067294,,,,,,,,GLOBAL_BASELINE_NO_ENTITY_RANKING,,,NOT_APPLICABLE_GLOBAL_BASELINE,HF9g-P5,,,,X 全窗基线 · 不参与实体赏罚,6875683,688,A168_HF9F_20260827_0900,2026-08-27 09:00:00
2026-07-19,152541993,1951,0,265.7073948412,19.9280546131,19.9280546131,0.5217391,25,25,0.49539033200000000,0.495390332000,0.2527395374427424,0.2527395374427424,0.2527395374427424,0E-17,ELIGIBLE,R03b_20260811_FULL_v1,L1_ELIGIBILITY,v2026-08-11,2026-03-21..2026-08-06,baccarat_bet02_101_all_pairs_incl_sentinel,round_win = game_pnl > 0 (decisive only),COMPATIBILITY_ONLY_NOT_PRODUCTION,8220.5043,7721.4067,168.6028,931,880,-0.02051003,-0.01872231,-0.04112150,-0.02051003,-168.6028,8220.5043,OK,0.0000,6.7441,4.0000,96.0000,AG03-UNRESOLVED,ALL5_LEVELS_bet23_to_bet27,6.7441,6.7441,6.7441,6.7441,6.7441,4.000000,4.000000,4.000000,4.000000,4.000000,96.000000,96.000000,96.000000,96.000000,96.000000,5.0,33.7206,31.1287,134.8822,137.4741,PENDING_AG03,FALSE,NOT_FOR_ENFORCEMENT,161.8587,7412.5504,168.6028,161.8587,6.7441,0.02051003,0.01968963,6.7441,161.8587,0.01968963,6.7441,6.7441,6.7441,6.7441,6.7441,161.8587,0.01968963,33.7206,31.1287,134.8822,137.4741,0.01640802,0.01672332,0.00082040,8.8298,8.7743,0.1916,9.3668,2.0815,456.6947,48.8889,8.9945,7.2899,4.0878,10.2195,10.2195,20.439,20.439,20.439,10.2195,0.0,2.0,2.0,0.864009,18,73,19,8,0.92018824,0.02051003,0.01872231,0E-8,0.000000,0.939286,0.000000,0.02239918,2026-07-04,2026-08-02,18,81,65,30,0.600000,1.233833,1.018663,3.067294,,,,,,,,GLOBAL_BASELINE_NO_ENTITY_RANKING,,,NOT_APPLICABLE_GLOBAL_BASELINE,HF9g-P5,,,,X 全窗基线 · 不参与实体赏罚,6875684,688,A168_HF9F_20260827_0900,2026-08-27 09:00:00
2026-07-19,152541993,2121,0,71.5366063034,20.4390303724,20.4390303724,0.6666667,7,7,0.49324550000000000,0.493245500000,0.8496642703256836,0.8496642703256835,0.8496642703256836,0E-17,ELIGIBLE,R03b_20260811_FULL_v1,L1_ELIGIBILITY,v2026-08-11,2026-03-21..2026-08-06,baccarat_bet02_101_all_pairs_incl_sentinel,round_win = game_pnl > 0 (decisive only),COMPATIBILITY_ONLY_NOT_PRODUCTION,8220.5043,7721.4067,168.6028,931,880,-0.02051003,-0.01872231,-0.04112150,-0.02051003,-168.6028,8220.5043,OK,0.0000,6.7441,4.0000,96.0000,AG03-UNRESOLVED,ALL5_LEVELS_bet23_to_bet27,6.7441,6.7441,6.7441,6.7441,6.7441,4.000000,4.000000,4.000000,4.000000,4.000000,96.000000,96.000000,96.000000,96.000000,96.000000,5.0,33.7206,31.1287,134.8822,137.4741,PENDING_AG03,FALSE,NOT_FOR_ENFORCEMENT,161.8587,7412.5504,168.6028,161.8587,6.7441,0.02051003,0.01968963,6.7441,161.8587,0.01968963,6.7441,6.7441,6.7441,6.7441,6.7441,161.8587,0.01968963,33.7206,31.1287,134.8822,137.4741,0.01640802,0.01672332,0.00082040,8.8298,8.7743,0.1916,9.3668,2.0815,456.6947,48.8889,8.9945,7.2899,4.0878,10.2195,10.2195,20.439,20.439,20.439,10.2195,0.0,2.0,2.0,0.864009,18,73,19,8,0.92018824,0.02051003,0.01872231,0E-8,0.000000,0.939286,0.000000,0.02239918,2026-07-04,2026-08-02,18,81,65,30,0.600000,1.233833,1.018663,3.067294,,,,,,,,GLOBAL_BASELINE_NO_ENTITY_RANKING,,,NOT_APPLICABLE_GLOBAL_BASELINE,HF9g-P5,,,,X 全窗基线 · 不参与实体赏罚,6875685,688,A168_HF9F_20260827_0900,2026-08-27 09:00:00
2026-07-19,152541993,2127,0,20.4390303725,-4.0878060745,-4.0878060745,0.4000000,5,5,0.49324550000000000,0.493245500000,-0.4170446088060018,-0.4170446088060018,-0.4170446088060018,0E-17,ELIGIBLE,R03b_20260811_FULL_v1,L1_ELIGIBILITY,v2026-08-11,2026-03-21..2026-08-06,baccarat_bet02_101_all_pairs_incl_sentinel,round_win = game_pnl > 0 (decisive only),COMPATIBILITY_ONLY_NOT_PRODUCTION,8220.5043,7721.4067,168.6028,931,880,-0.02051003,-0.01872231,-0.04112150,-0.02051003,-168.6028,8220.5043,OK,0.0000,6.7441,4.0000,96.0000,AG03-UNRESOLVED,ALL5_LEVELS_bet23_to_bet27,6.7441,6.7441,6.7441,6.7441,6.7441,4.000000,4.000000,4.000000,4.000000,4.000000,96.000000,96.000000,96.000000,96.000000,96.000000,5.0,33.7206,31.1287,134.8822,137.4741,PENDING_AG03,FALSE,NOT_FOR_ENFORCEMENT,161.8587,7412.5504,168.6028,161.8587,6.7441,0.02051003,0.01968963,6.7441,161.8587,0.01968963,6.7441,6.7441,6.7441,6.7441,6.7441,161.8587,0.01968963,33.7206,31.1287,134.8822,137.4741,0.01640802,0.01672332,0.00082040,8.8298,8.7743,0.1916,9.3668,2.0815,456.6947,48.8889,8.9945,7.2899,4.0878,10.2195,10.2195,20.439,20.439,20.439,10.2195,0.0,2.0,2.0,0.864009,18,73,19,8,0.92018824,0.02051003,0.01872231,0E-8,0.000000,0.939286,0.000000,0.02239918,2026-07-04,2026-08-02,18,81,65,30,0.600000,1.233833,1.018663,3.067294,,,,,,,,GLOBAL_BASELINE_NO_ENTITY_RANKING,,,NOT_APPLICABLE_GLOBAL_BASELINE,HF9g-P5,,,,X 全窗基线 · 不参与实体赏罚,6875686,688,A168_HF9F_20260827_0900,2026-08-27 09:00:00
2026-07-19,152541993,2174,0,130.8097943834,32.7024485958,32.7024485958,0.6666667,13,13,0.49427666923076923,0.494276669231,1.0344077540217629,1.0344077540203727,1.0344077540217629,-2.3077E-13,ELIGIBLE,R03b_20260811_FULL_v1,L1_ELIGIBILITY,v2026-08-11,2026-03-21..2026-08-06,baccarat_bet02_101_all_pairs_incl_sentinel,round_win = game_pnl > 0 (decisive only),COMPATIBILITY_ONLY_NOT_PRODUCTION,8220.5043,7721.4067,168.6028,931,880,-0.02051003,-0.01872231,-0.04112150,-0.02051003,-168.6028,8220.5043,OK,0.0000,6.7441,4.0000,96.0000,AG03-UNRESOLVED,ALL5_LEVELS_bet23_to_bet27,6.7441,6.7441,6.7441,6.7441,6.7441,4.000000,4.000000,4.000000,4.000000,4.000000,96.000000,96.000000,96.000000,96.000000,96.000000,5.0,33.7206,31.1287,134.8822,137.4741,PENDING_AG03,FALSE,NOT_FOR_ENFORCEMENT,161.8587,7412.5504,168.6028,161.8587,6.7441,0.02051003,0.01968963,6.7441,161.8587,0.01968963,6.7441,6.7441,6.7441,6.7441,6.7441,161.8587,0.01968963,33.7206,31.1287,134.8822,137.4741,0.01640802,0.01672332,0.00082040,8.8298,8.7743,0.1916,9.3668,2.0815,456.6947,48.8889,8.9945,7.2899,4.0878,10.2195,10.2195,20.439,20.439,20.439,10.2195,0.0,2.0,2.0,0.864009,18,73,19,8,0.92018824,0.02051003,0.01872231,0E-8,0.000000,0.939286,0.000000,0.02239918,2026-07-04,2026-08-02,18,81,65,30,0.600000,1.233833,1.018663,3.067294,,,,,,,,GLOBAL_BASELINE_NO_ENTITY_RANKING,,,NOT_APPLICABLE_GLOBAL_BASELINE,HF9g-P5,,,,X 全窗基线 · 不参与实体赏罚,6875687,688,A168_HF9F_20260827_0900,2026-08-27 09:00:00
2026-07-19,152541993,2242,0,20.4390303724,19.9280546131,19.9280546131,1.0000000,2,2,0.49994810000000000,0.499948100000,1.4143603653603398,1.4143603653603398,1.4143603653603398,0E-17,ELIGIBLE,R03b_20260811_FULL_v1,L1_ELIGIBILITY,v2026-08-11,2026-03-21..2026-08-06,baccarat_bet02_101_all_pairs_incl_sentinel,round_win = game_pnl > 0 (decisive only),COMPATIBILITY_ONLY_NOT_PRODUCTION,8220.5043,7721.4067,168.6028,931,880,-0.02051003,-0.01872231,-0.04112150,-0.02051003,-168.6028,8220.5043,OK,0.0000,6.7441,4.0000,96.0000,AG03-UNRESOLVED,ALL5_LEVELS_bet23_to_bet27,6.7441,6.7441,6.7441,6.7441,6.7441,4.000000,4.000000,4.000000,4.000000,4.000000,96.000000,96.000000,96.000000,96.000000,96.000000,5.0,33.7206,31.1287,134.8822,137.4741,PENDING_AG03,FALSE,NOT_FOR_ENFORCEMENT,161.8587,7412.5504,168.6028,161.8587,6.7441,0.02051003,0.01968963,6.7441,161.8587,0.01968963,6.7441,6.7441,6.7441,6.7441,6.7441,161.8587,0.01968963,33.7206,31.1287,134.8822,137.4741,0.01640802,0.01672332,0.00082040,8.8298,8.7743,0.1916,9.3668,2.0815,456.6947,48.8889,8.9945,7.2899,4.0878,10.2195,10.2195,20.439,20.439,20.439,10.2195,0.0,2.0,2.0,0.864009,18,73,19,8,0.92018824,0.02051003,0.01872231,0E-8,0.000000,0.939286,0.000000,0.02239918,2026-07-04,2026-08-02,18,81,65,30,0.600000,1.233833,1.018663,3.067294,,,,,,,,GLOBAL_BASELINE_NO_ENTITY_RANKING,,,NOT_APPLICABLE_GLOBAL_BASELINE,HF9g-P5,,,,X 全窗基线 · 不参与实体赏罚,6875688,688,A168_HF9F_20260827_0900,2026-08-27 09:00:00
2026-07-19,152541993,2251,0,218.6976249845,-4.0878060743,-4.0878060743,0.4444444,22,19,0.42104371666678642,0.406357428947,0.201084750154387,0.329000512591243,0.201084750154387,0.01468628771978642,ELIGIBLE,R03b_20260811_FULL_v1,L1_ELIGIBILITY,v2026-08-11,2026-03-21..2026-08-06,baccarat_bet02_101_all_pairs_incl_sentinel,round_win = game_pnl > 0 (decisive only),COMPATIBILITY_ONLY_NOT_PRODUCTION,8220.5043,7721.4067,168.6028,931,880,-0.02051003,-0.01872231,-0.04112150,-0.02051003,-168.6028,8220.5043,OK,0.0000,6.7441,4.0000,96.0000,AG03-UNRESOLVED,ALL5_LEVELS_bet23_to_bet27,6.7441,6.7441,6.7441,6.7441,6.7441,4.000000,4.000000,4.000000,4.000000,4.000000,96.000000,96.000000,96.000000,96.000000,96.000000,5.0,33.7206,31.1287,134.8822,137.4741,PENDING_AG03,FALSE,NOT_FOR_ENFORCEMENT,161.8587,7412.5504,168.6028,161.8587,6.7441,0.02051003,0.01968963,6.7441,161.8587,0.01968963,6.7441,6.7441,6.7441,6.7441,6.7441,161.8587,0.01968963,33.7206,31.1287,134.8822,137.4741,0.01640802,0.01672332,0.00082040,8.8298,8.7743,0.1916,9.3668,2.0815,456.6947,48.8889,8.9945,7.2899,4.0878,10.2195,10.2195,20.439,20.439,20.439,10.2195,0.0,2.0,2.0,0.864009,18,73,19,8,0.92018824,0.02051003,0.01872231,0E-8,0.000000,0.939286,0.000000,0.02239918,2026-07-04,2026-08-02,18,81,65,30,0.600000,1.233833,1.018663,3.067294,,,,,,,,GLOBAL_BASELINE_NO_ENTITY_RANKING,,,NOT_APPLICABLE_GLOBAL_BASELINE,HF9g-P5,,,,X 全窗基线 · 不参与实体赏罚,6875689,688,A168_HF9F_20260827_0900,2026-08-27 09:00:00
2026-07-19,152541993,2273,0,55.1853820055,0E-10,0E-10,0.5000000,6,6,0.49324550000000000,0.493245500000,0.027020465636507562,0.027020465636507562,0.027020465636507562,0E-17,ELIGIBLE,R03b_20260811_FULL_v1,L1_ELIGIBILITY,v2026-08-11,2026-03-21..2026-08-06,baccarat_bet02_101_all_pairs_incl_sentinel,round_win = game_pnl > 0 (decisive only),COMPATIBILITY_ONLY_NOT_PRODUCTION,8220.5043,7721.4067,168.6028,931,880,-0.02051003,-0.01872231,-0.04112150,-0.02051003,-168.6028,8220.5043,OK,0.0000,6.7441,4.0000,96.0000,AG03-UNRESOLVED,ALL5_LEVELS_bet23_to_bet27,6.7441,6.7441,6.7441,6.7441,6.7441,4.000000,4.000000,4.000000,4.000000,4.000000,96.000000,96.000000,96.000000,96.000000,96.000000,5.0,33.7206,31.1287,134.8822,137.4741,PENDING_AG03,FALSE,NOT_FOR_ENFORCEMENT,161.8587,7412.5504,168.6028,161.8587,6.7441,0.02051003,0.01968963,6.7441,161.8587,0.01968963,6.7441,6.7441,6.7441,6.7441,6.7441,161.8587,0.01968963,33.7206,31.1287,134.8822,137.4741,0.01640802,0.01672332,0.00082040,8.8298,8.7743,0.1916,9.3668,2.0815,456.6947,48.8889,8.9945,7.2899,4.0878,10.2195,10.2195,20.439,20.439,20.439,10.2195,0.0,2.0,2.0,0.864009,18,73,19,8,0.92018824,0.02051003,0.01872231,0E-8,0.000000,0.939286,0.000000,0.02239918,2026-07-04,2026-08-02,18,81,65,30,0.600000,1.233833,1.018663,3.067294,,,,,,,,GLOBAL_BASELINE_NO_ENTITY_RANKING,,,NOT_APPLICABLE_GLOBAL_BASELINE,HF9g-P5,,,,X 全窗基线 · 不参与实体赏罚,6875690,688,A168_HF9F_20260827_0900,2026-08-27 09:00:00
2026-07-19,152541993,583,0,304.5415525489,62.1346523321,62.1346523321,0.5833333,27,26,0.48725862307692308,0.487258623077,0.9416418562423019,0.9416418562415444,0.9416418562423019,-7.692E-14,ELIGIBLE,R03b_20260811_FULL_v1,L1_ELIGIBILITY,v2026-08-11,2026-03-21..2026-08-06,baccarat_bet02_101_all_pairs_incl_sentinel,round_win = game_pnl > 0 (decisive only),COMPATIBILITY_ONLY_NOT_PRODUCTION,8220.5043,7721.4067,168.6028,931,880,-0.02051003,-0.01872231,-0.04112150,-0.02051003,-168.6028,8220.5043,OK,0.0000,6.7441,4.0000,96.0000,AG03-UNRESOLVED,ALL5_LEVELS_bet23_to_bet27,6.7441,6.7441,6.7441,6.7441,6.7441,4.000000,4.000000,4.000000,4.000000,4.000000,96.000000,96.000000,96.000000,96.000000,96.000000,5.0,33.7206,31.1287,134.8822,137.4741,PENDING_AG03,FALSE,NOT_FOR_ENFORCEMENT,161.8587,7412.5504,168.6028,161.8587,6.7441,0.02051003,0.01968963,6.7441,161.8587,0.01968963,6.7441,6.7441,6.7441,6.7441,6.7441,161.8587,0.01968963,33.7206,31.1287,134.8822,137.4741,0.01640802,0.01672332,0.00082040,8.8298,8.7743,0.1916,9.3668,2.0815,456.6947,48.8889,8.9945,7.2899,4.0878,10.2195,10.2195,20.439,20.439,20.439,10.2195,0.0,2.0,2.0,0.864009,18,73,19,8,0.92018824,0.02051003,0.01872231,0E-8,0.000000,0.939286,0.000000,0.02239918,2026-07-04,2026-08-02,18,81,65,30,0.600000,1.233833,1.018663,3.067294,,,,,,,,GLOBAL_BASELINE_NO_ENTITY_RANKING,,,NOT_APPLICABLE_GLOBAL_BASELINE,HF9g-P5,,,,X 全窗基线 · 不参与实体赏罚,6875691,688,A168_HF9F_20260827_0900,2026-08-27 09:00:00
2026-07-19,152541993,948,0,183.5424927442,-61.4192862691,-61.4192862691,0.3571429,14,14,0.46430592857142857,0.464305928571,-0.80398627674896,-0.803986276745794,-0.80398627674896,4.2857E-13,ELIGIBLE,R03b_20260811_FULL_v1,L1_ELIGIBILITY,v2026-08-11,2026-03-21..2026-08-06,baccarat_bet02_101_all_pairs_incl_sentinel,round_win = game_pnl > 0 (decisive only),COMPATIBILITY_ONLY_NOT_PRODUCTION,8220.5043,7721.4067,168.6028,931,880,-0.02051003,-0.01872231,-0.04112150,-0.02051003,-168.6028,8220.5043,OK,0.0000,6.7441,4.0000,96.0000,AG03-UNRESOLVED,ALL5_LEVELS_bet23_to_bet27,6.7441,6.7441,6.7441,6.7441,6.7441,4.000000,4.000000,4.000000,4.000000,4.000000,96.000000,96.000000,96.000000,96.000000,96.000000,5.0,33.7206,31.1287,134.8822,137.4741,PENDING_AG03,FALSE,NOT_FOR_ENFORCEMENT,161.8587,7412.5504,168.6028,161.8587,6.7441,0.02051003,0.01968963,6.7441,161.8587,0.01968963,6.7441,6.7441,6.7441,6.7441,6.7441,161.8587,0.01968963,33.7206,31.1287,134.8822,137.4741,0.01640802,0.01672332,0.00082040,8.8298,8.7743,0.1916,9.3668,2.0815,456.6947,48.8889,8.9945,7.2899,4.0878,10.2195,10.2195,20.439,20.439,20.439,10.2195,0.0,2.0,2.0,0.864009,18,73,19,8,0.92018824,0.02051003,0.01872231,0E-8,0.000000,0.939286,0.000000,0.02239918,2026-07-04,2026-08-02,18,81,65,30,0.600000,1.233833,1.018663,3.067294,,,,,,,,GLOBAL_BASELINE_NO_ENTITY_RANKING,,,NOT_APPLICABLE_GLOBAL_BASELINE,HF9g-P5,,,,X 全窗基线 · 不参与实体赏罚,6875692,688,A168_HF9F_20260827_0900,2026-08-27 09:00:00
2026-07-19,152541993,994,0,28.6146425214,3.8834157709,3.8834157709,0.6666667,8,6,0.45120866111186955,0.427956041667,1.0605860792709119,1.181770358093616,1.0605860792709119,0.02325261944486955,ELIGIBLE,R03b_20260811_FULL_v1,L1_ELIGIBILITY,v2026-08-11,2026-03-21..2026-08-06,baccarat_bet02_101_all_pairs_incl_sentinel,round_win = game_pnl > 0 (decisive only),COMPATIBILITY_ONLY_NOT_PRODUCTION,8220.5043,7721.4067,168.6028,931,880,-0.02051003,-0.01872231,-0.04112150,-0.02051003,-168.6028,8220.5043,OK,0.0000,6.7441,4.0000,96.0000,AG03-UNRESOLVED,ALL5_LEVELS_bet23_to_bet27,6.7441,6.7441,6.7441,6.7441,6.7441,4.000000,4.000000,4.000000,4.000000,4.000000,96.000000,96.000000,96.000000,96.000000,96.000000,5.0,33.7206,31.1287,134.8822,137.4741,PENDING_AG03,FALSE,NOT_FOR_ENFORCEMENT,161.8587,7412.5504,168.6028,161.8587,6.7441,0.02051003,0.01968963,6.7441,161.8587,0.01968963,6.7441,6.7441,6.7441,6.7441,6.7441,161.8587,0.01968963,33.7206,31.1287,134.8822,137.4741,0.01640802,0.01672332,0.00082040,8.8298,8.7743,0.1916,9.3668,2.0815,456.6947,48.8889,8.9945,7.2899,4.0878,10.2195,10.2195,20.439,20.439,20.439,10.2195,0.0,2.0,2.0,0.864009,18,73,19,8,0.92018824,0.02051003,0.01872231,0E-8,0.000000,0.939286,0.000000,0.02239918,2026-07-04,2026-08-02,18,81,65,30,0.600000,1.233833,1.018663,3.067294,,,,,,,,GLOBAL_BASELINE_NO_ENTITY_RANKING,,,NOT_APPLICABLE_GLOBAL_BASELINE,HF9g-P5,,,,X 全窗基线 · 不参与实体赏罚,6875693,688,A168_HF9F_20260827_0900,2026-08-27 09:00:00
2026-07-22,152541993,2072,0,30.6585455586,-10.2195151862,-10.2195151862,0E-7,3,3,0.49324550000000000,0.493245500000,-0.9865810262130424,-0.9865810262130424,-0.9865810262130424,0E-17,ELIGIBLE,R03b_20260811_FULL_v1,L1_ELIGIBILITY,v2026-08-11,2026-03-21..2026-08-06,baccarat_bet02_101_all_pairs_incl_sentinel,round_win = game_pnl > 0 (decisive only),COMPATIBILITY_ONLY_NOT_PRODUCTION,8220.5043,7721.4067,168.6028,931,880,-0.02051003,-0.01872231,-0.04112150,-0.02051003,-168.6028,8220.5043,OK,0.0000,6.7441,4.0000,96.0000,AG03-UNRESOLVED,ALL5_LEVELS_bet23_to_bet27,6.7441,6.7441,6.7441,6.7441,6.7441,4.000000,4.000000,4.000000,4.000000,4.000000,96.000000,96.000000,96.000000,96.000000,96.000000,5.0,33.7206,31.1287,134.8822,137.4741,PENDING_AG03,FALSE,NOT_FOR_ENFORCEMENT,161.8587,7412.5504,168.6028,161.8587,6.7441,0.02051003,0.01968963,6.7441,161.8587,0.01968963,6.7441,6.7441,6.7441,6.7441,6.7441,161.8587,0.01968963,33.7206,31.1287,134.8822,137.4741,0.01640802,0.01672332,0.00082040,8.8298,8.7743,0.1916,9.3668,2.0815,456.6947,48.8889,8.9945,7.2899,4.0878,10.2195,10.2195,20.439,20.439,20.439,10.2195,0.0,2.0,2.0,0.864009,18,73,19,8,0.92018824,0.02051003,0.01872231,0E-8,0.000000,0.939286,0.000000,0.02239918,2026-07-04,2026-08-02,18,81,65,30,0.600000,1.233833,1.018663,3.067294,,,,,,,,GLOBAL_BASELINE_NO_ENTITY_RANKING,,,NOT_APPLICABLE_GLOBAL_BASELINE,HF9g-P5,,,,X 全窗基线 · 不参与实体赏罚,6875694,688,A168_HF9F_20260827_0900,2026-08-27 09:00:00
2026-07-22,152541993,2117,0,51.0975759310,-10.2195151862,-10.2195151862,0.4000000,5,5,0.49324550000000000,0.493245500000,-0.4170446088060018,-0.4170446088060018,-0.4170446088060018,0E-17,ELIGIBLE,R03b_20260811_FULL_v1,L1_ELIGIBILITY,v2026-08-11,2026-03-21..2026-08-06,baccarat_bet02_101_all_pairs_incl_sentinel,round_win = game_pnl > 0 (decisive only),COMPATIBILITY_ONLY_NOT_PRODUCTION,8220.5043,7721.4067,168.6028,931,880,-0.02051003,-0.01872231,-0.04112150,-0.02051003,-168.6028,8220.5043,OK,0.0000,6.7441,4.0000,96.0000,AG03-UNRESOLVED,ALL5_LEVELS_bet23_to_bet27,6.7441,6.7441,6.7441,6.7441,6.7441,4.000000,4.000000,4.000000,4.000000,4.000000,96.000000,96.000000,96.000000,96.000000,96.000000,5.0,33.7206,31.1287,134.8822,137.4741,PENDING_AG03,FALSE,NOT_FOR_ENFORCEMENT,161.8587,7412.5504,168.6028,161.8587,6.7441,0.02051003,0.01968963,6.7441,161.8587,0.01968963,6.7441,6.7441,6.7441,6.7441,6.7441,161.8587,0.01968963,33.7206,31.1287,134.8822,137.4741,0.01640802,0.01672332,0.00082040,8.8298,8.7743,0.1916,9.3668,2.0815,456.6947,48.8889,8.9945,7.2899,4.0878,10.2195,10.2195,20.439,20.439,20.439,10.2195,0.0,2.0,2.0,0.864009,18,73,19,8,0.92018824,0.02051003,0.01872231,0E-8,0.000000,0.939286,0.000000,0.02239918,2026-07-04,2026-08-02,18,81,65,30,0.600000,1.233833,1.018663,3.067294,,,,,,,,GLOBAL_BASELINE_NO_ENTITY_RANKING,,,NOT_APPLICABLE_GLOBAL_BASELINE,HF9g-P5,,,,X 全窗基线 · 不参与实体赏罚,6875695,688,A168_HF9F_20260827_0900,2026-08-27 09:00:00
2026-07-22,152541993,2251,0,10.2195151862,-10.2195151862,-10.2195151862,0E-7,1,1,0.49324550000000000,0.493245500000,-0.9865810262130424,-0.9865810262130424,-0.9865810262130424,0E-17,ELIGIBLE,R03b_20260811_FULL_v1,L1_ELIGIBILITY,v2026-08-11,2026-03-21..2026-08-06,baccarat_bet02_101_all_pairs_incl_sentinel,round_win = game_pnl > 0 (decisive only),COMPATIBILITY_ONLY_NOT_PRODUCTION,8220.5043,7721.4067,168.6028,931,880,-0.02051003,-0.01872231,-0.04112150,-0.02051003,-168.6028,8220.5043,OK,0.0000,6.7441,4.0000,96.0000,AG03-UNRESOLVED,ALL5_LEVELS_bet23_to_bet27,6.7441,6.7441,6.7441,6.7441,6.7441,4.000000,4.000000,4.000000,4.000000,4.000000,96.000000,96.000000,96.000000,96.000000,96.000000,5.0,33.7206,31.1287,134.8822,137.4741,PENDING_AG03,FALSE,NOT_FOR_ENFORCEMENT,161.8587,7412.5504,168.6028,161.8587,6.7441,0.02051003,0.01968963,6.7441,161.8587,0.01968963,6.7441,6.7441,6.7441,6.7441,6.7441,161.8587,0.01968963,33.7206,31.1287,134.8822,137.4741,0.01640802,0.01672332,0.00082040,8.8298,8.7743,0.1916,9.3668,2.0815,456.6947,48.8889,8.9945,7.2899,4.0878,10.2195,10.2195,20.439,20.439,20.439,10.2195,0.0,2.0,2.0,0.864009,18,73,19,8,0.92018824,0.02051003,0.01872231,0E-8,0.000000,0.939286,0.000000,0.02239918,2026-07-04,2026-08-02,18,81,65,30,0.600000,1.233833,1.018663,3.067294,,,,,,,,GLOBAL_BASELINE_NO_ENTITY_RANKING,,,NOT_APPLICABLE_GLOBAL_BASELINE,HF9g-P5,,,,X 全窗基线 · 不参与实体赏罚,6875696,688,A168_HF9F_20260827_0900,2026-08-27 09:00:00
2026-07-24,152541993,1645,0,61.3170911173,-24.5268364469,-24.5268364469,0.3750000,8,8,0.49659680000000000,0.496596800000,-0.6878713085241178,-0.6878713085241179,-0.6878713085241178,0E-17,ELIGIBLE,R03b_20260811_FULL_v1,L1_ELIGIBILITY,v2026-08-11,2026-03-21..2026-08-06,baccarat_bet02_101_all_pairs_incl_sentinel,round_win = game_pnl > 0 (decisive only),COMPATIBILITY_ONLY_NOT_PRODUCTION,8220.5043,7721.4067,168.6028,931,880,-0.02051003,-0.01872231,-0.04112150,-0.02051003,-168.6028,8220.5043,OK,0.0000,6.7441,4.0000,96.0000,AG03-UNRESOLVED,ALL5_LEVELS_bet23_to_bet27,6.7441,6.7441,6.7441,6.7441,6.7441,4.000000,4.000000,4.000000,4.000000,4.000000,96.000000,96.000000,96.000000,96.000000,96.000000,5.0,33.7206,31.1287,134.8822,137.4741,PENDING_AG03,FALSE,NOT_FOR_ENFORCEMENT,161.8587,7412.5504,168.6028,161.8587,6.7441,0.02051003,0.01968963,6.7441,161.8587,0.01968963,6.7441,6.7441,6.7441,6.7441,6.7441,161.8587,0.01968963,33.7206,31.1287,134.8822,137.4741,0.01640802,0.01672332,0.00082040,8.8298,8.7743,0.1916,9.3668,2.0815,456.6947,48.8889,8.9945,7.2899,4.0878,10.2195,10.2195,20.439,20.439,20.439,10.2195,0.0,2.0,2.0,0.864009,18,73,19,8,0.92018824,0.02051003,0.01872231,0E-8,0.000000,0.939286,0.000000,0.02239918,2026-07-04,2026-08-02,18,81,65,30,0.600000,1.233833,1.018663,3.067294,,,,,,,,GLOBAL_BASELINE_NO_ENTITY_RANKING,,,NOT_APPLICABLE_GLOBAL_BASELINE,HF9g-P5,,,,X 全窗基线 · 不参与实体赏罚,6875697,688,A168_HF9F_20260827_0900,2026-08-27 09:00:00
2026-07-24,152541993,2103,0,259.5756857297,38.1187916447,38.1187916447,0.6129032,31,31,0.49497520322580645,0.494975203226,1.3132572004473828,1.3132572004452223,1.3132572004473828,-1.9355E-13,ELIGIBLE,R03b_20260811_FULL_v1,L1_ELIGIBILITY,v2026-08-11,2026-03-21..2026-08-06,baccarat_bet02_101_all_pairs_incl_sentinel,round_win = game_pnl > 0 (decisive only),COMPATIBILITY_ONLY_NOT_PRODUCTION,8220.5043,7721.4067,168.6028,931,880,-0.02051003,-0.01872231,-0.04112150,-0.02051003,-168.6028,8220.5043,OK,0.0000,6.7441,4.0000,96.0000,AG03-UNRESOLVED,ALL5_LEVELS_bet23_to_bet27,6.7441,6.7441,6.7441,6.7441,6.7441,4.000000,4.000000,4.000000,4.000000,4.000000,96.000000,96.000000,96.000000,96.000000,96.000000,5.0,33.7206,31.1287,134.8822,137.4741,PENDING_AG03,FALSE,NOT_FOR_ENFORCEMENT,161.8587,7412.5504,168.6028,161.8587,6.7441,0.02051003,0.01968963,6.7441,161.8587,0.01968963,6.7441,6.7441,6.7441,6.7441,6.7441,161.8587,0.01968963,33.7206,31.1287,134.8822,137.4741,0.01640802,0.01672332,0.00082040,8.8298,8.7743,0.1916,9.3668,2.0815,456.6947,48.8889,8.9945,7.2899,4.0878,10.2195,10.2195,20.439,20.439,20.439,10.2195,0.0,2.0,2.0,0.864009,18,73,19,8,0.92018824,0.02051003,0.01872231,0E-8,0.000000,0.939286,0.000000,0.02239918,2026-07-04,2026-08-02,18,81,65,30,0.600000,1.233833,1.018663,3.067294,,,,,,,,GLOBAL_BASELINE_NO_ENTITY_RANKING,,,NOT_APPLICABLE_GLOBAL_BASELINE,HF9g-P5,,,,X 全窗基线 · 不参与实体赏罚,6875698,688,A168_HF9F_20260827_0900,2026-08-27 09:00:00
2026-07-24,152541993,2129,0,36.7902546704,-20.4390303724,-20.4390303724,0.1428571,7,7,0.49324550000000000,0.493245500000,-1.8542501122128092,-1.8542501122128097,-1.8542501122128092,0E-17,ELIGIBLE,R03b_20260811_FULL_v1,L1_ELIGIBILITY,v2026-08-11,2026-03-21..2026-08-06,baccarat_bet02_101_all_pairs_incl_sentinel,round_win = game_pnl > 0 (decisive only),COMPATIBILITY_ONLY_NOT_PRODUCTION,8220.5043,7721.4067,168.6028,931,880,-0.02051003,-0.01872231,-0.04112150,-0.02051003,-168.6028,8220.5043,OK,0.0000,6.7441,4.0000,96.0000,AG03-UNRESOLVED,ALL5_LEVELS_bet23_to_bet27,6.7441,6.7441,6.7441,6.7441,6.7441,4.000000,4.000000,4.000000,4.000000,4.000000,96.000000,96.000000,96.000000,96.000000,96.000000,5.0,33.7206,31.1287,134.8822,137.4741,PENDING_AG03,FALSE,NOT_FOR_ENFORCEMENT,161.8587,7412.5504,168.6028,161.8587,6.7441,0.02051003,0.01968963,6.7441,161.8587,0.01968963,6.7441,6.7441,6.7441,6.7441,6.7441,161.8587,0.01968963,33.7206,31.1287,134.8822,137.4741,0.01640802,0.01672332,0.00082040,8.8298,8.7743,0.1916,9.3668,2.0815,456.6947,48.8889,8.9945,7.2899,4.0878,10.2195,10.2195,20.439,20.439,20.439,10.2195,0.0,2.0,2.0,0.864009,18,73,19,8,0.92018824,0.02051003,0.01872231,0E-8,0.000000,0.939286,0.000000,0.02239918,2026-07-04,2026-08-02,18,81,65,30,0.600000,1.233833,1.018663,3.067294,,,,,,,,GLOBAL_BASELINE_NO_ENTITY_RANKING,,,NOT_APPLICABLE_GLOBAL_BASELINE,HF9g-P5,,,,X 全窗基线 · 不参与实体赏罚,6875699,688,A168_HF9F_20260827_0900,2026-08-27 09:00:00
2026-07-24,152541993,2145,0,47.0097698565,2.0439030373,2.0439030373,0.6000000,6,5,0.47929433000022752,0.451391990000,0.5402756246453991,0.6677581918871384,0.5402756246453991,0.02790234000022752,ELIGIBLE,R03b_20260811_FULL_v1,L1_ELIGIBILITY,v2026-08-11,2026-03-21..2026-08-06,baccarat_bet02_101_all_pairs_incl_sentinel,round_win = game_pnl > 0 (decisive only),COMPATIBILITY_ONLY_NOT_PRODUCTION,8220.5043,7721.4067,168.6028,931,880,-0.02051003,-0.01872231,-0.04112150,-0.02051003,-168.6028,8220.5043,OK,0.0000,6.7441,4.0000,96.0000,AG03-UNRESOLVED,ALL5_LEVELS_bet23_to_bet27,6.7441,6.7441,6.7441,6.7441,6.7441,4.000000,4.000000,4.000000,4.000000,4.000000,96.000000,96.000000,96.000000,96.000000,96.000000,5.0,33.7206,31.1287,134.8822,137.4741,PENDING_AG03,FALSE,NOT_FOR_ENFORCEMENT,161.8587,7412.5504,168.6028,161.8587,6.7441,0.02051003,0.01968963,6.7441,161.8587,0.01968963,6.7441,6.7441,6.7441,6.7441,6.7441,161.8587,0.01968963,33.7206,31.1287,134.8822,137.4741,0.01640802,0.01672332,0.00082040,8.8298,8.7743,0.1916,9.3668,2.0815,456.6947,48.8889,8.9945,7.2899,4.0878,10.2195,10.2195,20.439,20.439,20.439,10.2195,0.0,2.0,2.0,0.864009,18,73,19,8,0.92018824,0.02051003,0.01872231,0E-8,0.000000,0.939286,0.000000,0.02239918,2026-07-04,2026-08-02,18,81,65,30,0.600000,1.233833,1.018663,3.067294,,,,,,,,GLOBAL_BASELINE_NO_ENTITY_RANKING,,,NOT_APPLICABLE_GLOBAL_BASELINE,HF9g-P5,,,,X 全窗基线 · 不参与实体赏罚,6875700,688,A168_HF9F_20260827_0900,2026-08-27 09:00:00
2026-07-24,152541993,2169,0,235.0488492829,49.6668438051,49.6668438051,0.6296296,31,31,0.49497520322580645,0.494975203226,1.3994405175362097,1.3994405175341929,1.3994405175362097,-1.9355E-13,ELIGIBLE,R03b_20260811_FULL_v1,L1_ELIGIBILITY,v2026-08-11,2026-03-21..2026-08-06,baccarat_bet02_101_all_pairs_incl_sentinel,round_win = game_pnl > 0 (decisive only),COMPATIBILITY_ONLY_NOT_PRODUCTION,8220.5043,7721.4067,168.6028,931,880,-0.02051003,-0.01872231,-0.04112150,-0.02051003,-168.6028,8220.5043,OK,0.0000,6.7441,4.0000,96.0000,AG03-UNRESOLVED,ALL5_LEVELS_bet23_to_bet27,6.7441,6.7441,6.7441,6.7441,6.7441,4.000000,4.000000,4.000000,4.000000,4.000000,96.000000,96.000000,96.000000,96.000000,96.000000,5.0,33.7206,31.1287,134.8822,137.4741,PENDING_AG03,FALSE,NOT_FOR_ENFORCEMENT,161.8587,7412.5504,168.6028,161.8587,6.7441,0.02051003,0.01968963,6.7441,161.8587,0.01968963,6.7441,6.7441,6.7441,6.7441,6.7441,161.8587,0.01968963,33.7206,31.1287,134.8822,137.4741,0.01640802,0.01672332,0.00082040,8.8298,8.7743,0.1916,9.3668,2.0815,456.6947,48.8889,8.9945,7.2899,4.0878,10.2195,10.2195,20.439,20.439,20.439,10.2195,0.0,2.0,2.0,0.864009,18,73,19,8,0.92018824,0.02051003,0.01872231,0E-8,0.000000,0.939286,0.000000,0.02239918,2026-07-04,2026-08-02,18,81,65,30,0.600000,1.233833,1.018663,3.067294,,,,,,,,GLOBAL_BASELINE_NO_ENTITY_RANKING,,,NOT_APPLICABLE_GLOBAL_BASELINE,HF9g-P5,,,,X 全窗基线 · 不参与实体赏罚,6875701,688,A168_HF9F_20260827_0900,2026-08-27 09:00:00
2026-07-24,152541993,583,0,12.2634182235,-4.0878060745,-4.0878060745,0.3333333,3,3,0.49324550000000000,0.493245500000,-0.5540025479526107,-0.5540025479526106,-0.5540025479526107,0E-17,ELIGIBLE,R03b_20260811_FULL_v1,L1_ELIGIBILITY,v2026-08-11,2026-03-21..2026-08-06,baccarat_bet02_101_all_pairs_incl_sentinel,round_win = game_pnl > 0 (decisive only),COMPATIBILITY_ONLY_NOT_PRODUCTION,8220.5043,7721.4067,168.6028,931,880,-0.02051003,-0.01872231,-0.04112150,-0.02051003,-168.6028,8220.5043,OK,0.0000,6.7441,4.0000,96.0000,AG03-UNRESOLVED,ALL5_LEVELS_bet23_to_bet27,6.7441,6.7441,6.7441,6.7441,6.7441,4.000000,4.000000,4.000000,4.000000,4.000000,96.000000,96.000000,96.000000,96.000000,96.000000,5.0,33.7206,31.1287,134.8822,137.4741,PENDING_AG03,FALSE,NOT_FOR_ENFORCEMENT,161.8587,7412.5504,168.6028,161.8587,6.7441,0.02051003,0.01968963,6.7441,161.8587,0.01968963,6.7441,6.7441,6.7441,6.7441,6.7441,161.8587,0.01968963,33.7206,31.1287,134.8822,137.4741,0.01640802,0.01672332,0.00082040,8.8298,8.7743,0.1916,9.3668,2.0815,456.6947,48.8889,8.9945,7.2899,4.0878,10.2195,10.2195,20.439,20.439,20.439,10.2195,0.0,2.0,2.0,0.864009,18,73,19,8,0.92018824,0.02051003,0.01872231,0E-8,0.000000,0.939286,0.000000,0.02239918,2026-07-04,2026-08-02,18,81,65,30,0.600000,1.233833,1.018663,3.067294,,,,,,,,GLOBAL_BASELINE_NO_ENTITY_RANKING,,,NOT_APPLICABLE_GLOBAL_BASELINE,HF9g-P5,,,,X 全窗基线 · 不参与实体赏罚,6875702,688,A168_HF9F_20260827_0900,2026-08-27 09:00:00
2026-07-25,152541993,-1,1,28.6146425212,12.2634182234,12.2634182234,0.7000000,10,10,0.49324550000000000,0.493245500000,1.307749606050572,1.307749606050572,1.307749606050572,0E-17,SENTINEL_DEALER,R03b_20260811_FULL_v1,L1_ELIGIBILITY,v2026-08-11,2026-03-21..2026-08-06,baccarat_bet02_101_all_pairs_incl_sentinel,round_win = game_pnl > 0 (decisive only),COMPATIBILITY_ONLY_NOT_PRODUCTION,8220.5043,7721.4067,168.6028,931,880,-0.02051003,-0.01872231,-0.04112150,-0.02051003,-168.6028,8220.5043,OK,0.0000,6.7441,4.0000,96.0000,AG03-UNRESOLVED,ALL5_LEVELS_bet23_to_bet27,6.7441,6.7441,6.7441,6.7441,6.7441,4.000000,4.000000,4.000000,4.000000,4.000000,96.000000,96.000000,96.000000,96.000000,96.000000,5.0,33.7206,31.1287,134.8822,137.4741,PENDING_AG03,FALSE,NOT_FOR_ENFORCEMENT,161.8587,7412.5504,168.6028,161.8587,6.7441,0.02051003,0.01968963,6.7441,161.8587,0.01968963,6.7441,6.7441,6.7441,6.7441,6.7441,161.8587,0.01968963,33.7206,31.1287,134.8822,137.4741,0.01640802,0.01672332,0.00082040,8.8298,8.7743,0.1916,9.3668,2.0815,456.6947,48.8889,8.9945,7.2899,4.0878,10.2195,10.2195,20.439,20.439,20.439,10.2195,0.0,2.0,2.0,0.864009,18,73,19,8,0.92018824,0.02051003,0.01872231,0E-8,0.000000,0.939286,0.000000,0.02239918,2026-07-04,2026-08-02,18,81,65,30,0.600000,1.233833,1.018663,3.067294,,,,,,,,GLOBAL_BASELINE_NO_ENTITY_RANKING,,,NOT_APPLICABLE_GLOBAL_BASELINE,HF9g-P5,,,,X 全窗基线 · 不参与实体赏罚,6875703,688,A168_HF9F_20260827_0900,2026-08-27 09:00:00
2026-07-25,152541993,1354,0,74.8068511630,-4.9053672894,-4.9053672894,0.4285714,8,8,0.49324550000000000,0.493245500000,-0.3422542494892156,-0.3422542494892157,-0.3422542494892156,0E-17,ELIGIBLE,R03b_20260811_FULL_v1,L1_ELIGIBILITY,v2026-08-11,2026-03-21..2026-08-06,baccarat_bet02_101_all_pairs_incl_sentinel,round_win = game_pnl > 0 (decisive only),COMPATIBILITY_ONLY_NOT_PRODUCTION,8220.5043,7721.4067,168.6028,931,880,-0.02051003,-0.01872231,-0.04112150,-0.02051003,-168.6028,8220.5043,OK,0.0000,6.7441,4.0000,96.0000,AG03-UNRESOLVED,ALL5_LEVELS_bet23_to_bet27,6.7441,6.7441,6.7441,6.7441,6.7441,4.000000,4.000000,4.000000,4.000000,4.000000,96.000000,96.000000,96.000000,96.000000,96.000000,5.0,33.7206,31.1287,134.8822,137.4741,PENDING_AG03,FALSE,NOT_FOR_ENFORCEMENT,161.8587,7412.5504,168.6028,161.8587,6.7441,0.02051003,0.01968963,6.7441,161.8587,0.01968963,6.7441,6.7441,6.7441,6.7441,6.7441,161.8587,0.01968963,33.7206,31.1287,134.8822,137.4741,0.01640802,0.01672332,0.00082040,8.8298,8.7743,0.1916,9.3668,2.0815,456.6947,48.8889,8.9945,7.2899,4.0878,10.2195,10.2195,20.439,20.439,20.439,10.2195,0.0,2.0,2.0,0.864009,18,73,19,8,0.92018824,0.02051003,0.01872231,0E-8,0.000000,0.939286,0.000000,0.02239918,2026-07-04,2026-08-02,18,81,65,30,0.600000,1.233833,1.018663,3.067294,,,,,,,,GLOBAL_BASELINE_NO_ENTITY_RANKING,,,NOT_APPLICABLE_GLOBAL_BASELINE,HF9g-P5,,,,X 全窗基线 · 不参与实体赏罚,6875704,688,A168_HF9F_20260827_0900,2026-08-27 09:00:00
2026-07-25,152541993,1402,0,255.4878796550,-61.8280668765,-61.8280668765,0.3750000,17,17,0.49403404117647059,0.494034041176,-0.9523401244702883,-0.9523401244665339,-0.9523401244702883,4.7059E-13,ELIGIBLE,R03b_20260811_FULL_v1,L1_ELIGIBILITY,v2026-08-11,2026-03-21..2026-08-06,baccarat_bet02_101_all_pairs_incl_sentinel,round_win = game_pnl > 0 (decisive only),COMPATIBILITY_ONLY_NOT_PRODUCTION,8220.5043,7721.4067,168.6028,931,880,-0.02051003,-0.01872231,-0.04112150,-0.02051003,-168.6028,8220.5043,OK,0.0000,6.7441,4.0000,96.0000,AG03-UNRESOLVED,ALL5_LEVELS_bet23_to_bet27,6.7441,6.7441,6.7441,6.7441,6.7441,4.000000,4.000000,4.000000,4.000000,4.000000,96.000000,96.000000,96.000000,96.000000,96.000000,5.0,33.7206,31.1287,134.8822,137.4741,PENDING_AG03,FALSE,NOT_FOR_ENFORCEMENT,161.8587,7412.5504,168.6028,161.8587,6.7441,0.02051003,0.01968963,6.7441,161.8587,0.01968963,6.7441,6.7441,6.7441,6.7441,6.7441,161.8587,0.01968963,33.7206,31.1287,134.8822,137.4741,0.01640802,0.01672332,0.00082040,8.8298,8.7743,0.1916,9.3668,2.0815,456.6947,48.8889,8.9945,7.2899,4.0878,10.2195,10.2195,20.439,20.439,20.439,10.2195,0.0,2.0,2.0,0.864009,18,73,19,8,0.92018824,0.02051003,0.01872231,0E-8,0.000000,0.939286,0.000000,0.02239918,2026-07-04,2026-08-02,18,81,65,30,0.600000,1.233833,1.018663,3.067294,,,,,,,,GLOBAL_BASELINE_NO_ENTITY_RANKING,,,NOT_APPLICABLE_GLOBAL_BASELINE,HF9g-P5,,,,X 全窗基线 · 不参与实体赏罚,6875705,688,A168_HF9F_20260827_0900,2026-08-27 09:00:00
2026-07-25,152541993,1704,0,18.3951273348,-2.0439030372,-2.0439030372,0.4444444,9,9,0.49324550000000000,0.493245500000,-0.29283305455567077,-0.29283305455567077,-0.29283305455567077,0E-17,ELIGIBLE,R03b_20260811_FULL_v1,L1_ELIGIBILITY,v2026-08-11,2026-03-21..2026-08-06,baccarat_bet02_101_all_pairs_incl_sentinel,round_win = game_pnl > 0 (decisive only),COMPATIBILITY_ONLY_NOT_PRODUCTION,8220.5043,7721.4067,168.6028,931,880,-0.02051003,-0.01872231,-0.04112150,-0.02051003,-168.6028,8220.5043,OK,0.0000,6.7441,4.0000,96.0000,AG03-UNRESOLVED,ALL5_LEVELS_bet23_to_bet27,6.7441,6.7441,6.7441,6.7441,6.7441,4.000000,4.000000,4.000000,4.000000,4.000000,96.000000,96.000000,96.000000,96.000000,96.000000,5.0,33.7206,31.1287,134.8822,137.4741,PENDING_AG03,FALSE,NOT_FOR_ENFORCEMENT,161.8587,7412.5504,168.6028,161.8587,6.7441,0.02051003,0.01968963,6.7441,161.8587,0.01968963,6.7441,6.7441,6.7441,6.7441,6.7441,161.8587,0.01968963,33.7206,31.1287,134.8822,137.4741,0.01640802,0.01672332,0.00082040,8.8298,8.7743,0.1916,9.3668,2.0815,456.6947,48.8889,8.9945,7.2899,4.0878,10.2195,10.2195,20.439,20.439,20.439,10.2195,0.0,2.0,2.0,0.864009,18,73,19,8,0.92018824,0.02051003,0.01872231,0E-8,0.000000,0.939286,0.000000,0.02239918,2026-07-04,2026-08-02,18,81,65,30,0.600000,1.233833,1.018663,3.067294,,,,,,,,GLOBAL_BASELINE_NO_ENTITY_RANKING,,,NOT_APPLICABLE_GLOBAL_BASELINE,HF9g-P5,,,,X 全窗基线 · 不参与实体赏罚,6875706,688,A168_HF9F_20260827_0900,2026-08-27 09:00:00
2026-07-25,152541993,1985,0,8.1756121488,0E-10,0E-10,0.5000000,4,4,0.49324550000000000,0.493245500000,0.027020465636507562,0.027020465636507562,0.027020465636507562,0E-17,ELIGIBLE,R03b_20260811_FULL_v1,L1_ELIGIBILITY,v2026-08-11,2026-03-21..2026-08-06,baccarat_bet02_101_all_pairs_incl_sentinel,round_win = game_pnl > 0 (decisive only),COMPATIBILITY_ONLY_NOT_PRODUCTION,8220.5043,7721.4067,168.6028,931,880,-0.02051003,-0.01872231,-0.04112150,-0.02051003,-168.6028,8220.5043,OK,0.0000,6.7441,4.0000,96.0000,AG03-UNRESOLVED,ALL5_LEVELS_bet23_to_bet27,6.7441,6.7441,6.7441,6.7441,6.7441,4.000000,4.000000,4.000000,4.000000,4.000000,96.000000,96.000000,96.000000,96.000000,96.000000,5.0,33.7206,31.1287,134.8822,137.4741,PENDING_AG03,FALSE,NOT_FOR_ENFORCEMENT,161.8587,7412.5504,168.6028,161.8587,6.7441,0.02051003,0.01968963,6.7441,161.8587,0.01968963,6.7441,6.7441,6.7441,6.7441,6.7441,161.8587,0.01968963,33.7206,31.1287,134.8822,137.4741,0.01640802,0.01672332,0.00082040,8.8298,8.7743,0.1916,9.3668,2.0815,456.6947,48.8889,8.9945,7.2899,4.0878,10.2195,10.2195,20.439,20.439,20.439,10.2195,0.0,2.0,2.0,0.864009,18,73,19,8,0.92018824,0.02051003,0.01872231,0E-8,0.000000,0.939286,0.000000,0.02239918,2026-07-04,2026-08-02,18,81,65,30,0.600000,1.233833,1.018663,3.067294,,,,,,,,GLOBAL_BASELINE_NO_ENTITY_RANKING,,,NOT_APPLICABLE_GLOBAL_BASELINE,HF9g-P5,,,,X 全窗基线 · 不参与实体赏罚,6875707,688,A168_HF9F_20260827_0900,2026-08-27 09:00:00
2026-07-25,152541993,2101,0,2.0439030372,2.0439030372,2.0439030372,1.0000000,1,1,0.49324550000000000,0.493245500000,1.01360149184955,1.01360149184955,1.01360149184955,0E-17,ELIGIBLE,R03b_20260811_FULL_v1,L1_ELIGIBILITY,v2026-08-11,2026-03-21..2026-08-06,baccarat_bet02_101_all_pairs_incl_sentinel,round_win = game_pnl > 0 (decisive only),COMPATIBILITY_ONLY_NOT_PRODUCTION,8220.5043,7721.4067,168.6028,931,880,-0.02051003,-0.01872231,-0.04112150,-0.02051003,-168.6028,8220.5043,OK,0.0000,6.7441,4.0000,96.0000,AG03-UNRESOLVED,ALL5_LEVELS_bet23_to_bet27,6.7441,6.7441,6.7441,6.7441,6.7441,4.000000,4.000000,4.000000,4.000000,4.000000,96.000000,96.000000,96.000000,96.000000,96.000000,5.0,33.7206,31.1287,134.8822,137.4741,PENDING_AG03,FALSE,NOT_FOR_ENFORCEMENT,161.8587,7412.5504,168.6028,161.8587,6.7441,0.02051003,0.01968963,6.7441,161.8587,0.01968963,6.7441,6.7441,6.7441,6.7441,6.7441,161.8587,0.01968963,33.7206,31.1287,134.8822,137.4741,0.01640802,0.01672332,0.00082040,8.8298,8.7743,0.1916,9.3668,2.0815,456.6947,48.8889,8.9945,7.2899,4.0878,10.2195,10.2195,20.439,20.439,20.439,10.2195,0.0,2.0,2.0,0.864009,18,73,19,8,0.92018824,0.02051003,0.01872231,0E-8,0.000000,0.939286,0.000000,0.02239918,2026-07-04,2026-08-02,18,81,65,30,0.600000,1.233833,1.018663,3.067294,,,,,,,,GLOBAL_BASELINE_NO_ENTITY_RANKING,,,NOT_APPLICABLE_GLOBAL_BASELINE,HF9g-P5,,,,X 全窗基线 · 不参与实体赏罚,6875708,688,A168_HF9F_20260827_0900,2026-08-27 09:00:00
2026-07-25,152541993,2103,0,196.2146915749,-70.0036790254,-70.0036790254,0.2857143,21,14,0.42984627244934376,0.403415429762,-1.0893610032147336,-0.8977025133662333,-1.0893610032147336,0.02643084268734376,ELIGIBLE,R03b_20260811_FULL_v1,L1_ELIGIBILITY,v2026-08-11,2026-03-21..2026-08-06,baccarat_bet02_101_all_pairs_incl_sentinel,round_win = game_pnl > 0 (decisive only),COMPATIBILITY_ONLY_NOT_PRODUCTION,8220.5043,7721.4067,168.6028,931,880,-0.02051003,-0.01872231,-0.04112150,-0.02051003,-168.6028,8220.5043,OK,0.0000,6.7441,4.0000,96.0000,AG03-UNRESOLVED,ALL5_LEVELS_bet23_to_bet27,6.7441,6.7441,6.7441,6.7441,6.7441,4.000000,4.000000,4.000000,4.000000,4.000000,96.000000,96.000000,96.000000,96.000000,96.000000,5.0,33.7206,31.1287,134.8822,137.4741,PENDING_AG03,FALSE,NOT_FOR_ENFORCEMENT,161.8587,7412.5504,168.6028,161.8587,6.7441,0.02051003,0.01968963,6.7441,161.8587,0.01968963,6.7441,6.7441,6.7441,6.7441,6.7441,161.8587,0.01968963,33.7206,31.1287,134.8822,137.4741,0.01640802,0.01672332,0.00082040,8.8298,8.7743,0.1916,9.3668,2.0815,456.6947,48.8889,8.9945,7.2899,4.0878,10.2195,10.2195,20.439,20.439,20.439,10.2195,0.0,2.0,2.0,0.864009,18,73,19,8,0.92018824,0.02051003,0.01872231,0E-8,0.000000,0.939286,0.000000,0.02239918,2026-07-04,2026-08-02,18,81,65,30,0.600000,1.233833,1.018663,3.067294,,,,,,,,GLOBAL_BASELINE_NO_ENTITY_RANKING,,,NOT_APPLICABLE_GLOBAL_BASELINE,HF9g-P5,,,,X 全窗基线 · 不参与实体赏罚,6875709,688,A168_HF9F_20260827_0900,2026-08-27 09:00:00
2026-07-25,152541993,2145,0,208.4781097982,28.0014716103,28.0014716103,0.5384615,26,26,0.49582342307692308,0.495823423077,0.43484033553375284,0.43484033553296764,0.43484033553375284,-7.692E-14,ELIGIBLE,R03b_20260811_FULL_v1,L1_ELIGIBILITY,v2026-08-11,2026-03-21..2026-08-06,baccarat_bet02_101_all_pairs_incl_sentinel,round_win = game_pnl > 0 (decisive only),COMPATIBILITY_ONLY_NOT_PRODUCTION,8220.5043,7721.4067,168.6028,931,880,-0.02051003,-0.01872231,-0.04112150,-0.02051003,-168.6028,8220.5043,OK,0.0000,6.7441,4.0000,96.0000,AG03-UNRESOLVED,ALL5_LEVELS_bet23_to_bet27,6.7441,6.7441,6.7441,6.7441,6.7441,4.000000,4.000000,4.000000,4.000000,4.000000,96.000000,96.000000,96.000000,96.000000,96.000000,5.0,33.7206,31.1287,134.8822,137.4741,PENDING_AG03,FALSE,NOT_FOR_ENFORCEMENT,161.8587,7412.5504,168.6028,161.8587,6.7441,0.02051003,0.01968963,6.7441,161.8587,0.01968963,6.7441,6.7441,6.7441,6.7441,6.7441,161.8587,0.01968963,33.7206,31.1287,134.8822,137.4741,0.01640802,0.01672332,0.00082040,8.8298,8.7743,0.1916,9.3668,2.0815,456.6947,48.8889,8.9945,7.2899,4.0878,10.2195,10.2195,20.439,20.439,20.439,10.2195,0.0,2.0,2.0,0.864009,18,73,19,8,0.92018824,0.02051003,0.01872231,0E-8,0.000000,0.939286,0.000000,0.02239918,2026-07-04,2026-08-02,18,81,65,30,0.600000,1.233833,1.018663,3.067294,,,,,,,,GLOBAL_BASELINE_NO_ENTITY_RANKING,,,NOT_APPLICABLE_GLOBAL_BASELINE,HF9g-P5,,,,X 全窗基线 · 不参与实体赏罚,6875710,688,A168_HF9F_20260827_0900,2026-08-27 09:00:00
2026-07-25,152541993,2170,0,92.9975881944,10.7304909455,10.7304909455,0.6666667,6,6,0.49547970000000000,0.495479700000,0.83867571210634,0.83867571210634,0.83867571210634,0E-17,ELIGIBLE,R03b_20260811_FULL_v1,L1_ELIGIBILITY,v2026-08-11,2026-03-21..2026-08-06,baccarat_bet02_101_all_pairs_incl_sentinel,round_win = game_pnl > 0 (decisive only),COMPATIBILITY_ONLY_NOT_PRODUCTION,8220.5043,7721.4067,168.6028,931,880,-0.02051003,-0.01872231,-0.04112150,-0.02051003,-168.6028,8220.5043,OK,0.0000,6.7441,4.0000,96.0000,AG03-UNRESOLVED,ALL5_LEVELS_bet23_to_bet27,6.7441,6.7441,6.7441,6.7441,6.7441,4.000000,4.000000,4.000000,4.000000,4.000000,96.000000,96.000000,96.000000,96.000000,96.000000,5.0,33.7206,31.1287,134.8822,137.4741,PENDING_AG03,FALSE,NOT_FOR_ENFORCEMENT,161.8587,7412.5504,168.6028,161.8587,6.7441,0.02051003,0.01968963,6.7441,161.8587,0.01968963,6.7441,6.7441,6.7441,6.7441,6.7441,161.8587,0.01968963,33.7206,31.1287,134.8822,137.4741,0.01640802,0.01672332,0.00082040,8.8298,8.7743,0.1916,9.3668,2.0815,456.6947,48.8889,8.9945,7.2899,4.0878,10.2195,10.2195,20.439,20.439,20.439,10.2195,0.0,2.0,2.0,0.864009,18,73,19,8,0.92018824,0.02051003,0.01872231,0E-8,0.000000,0.939286,0.000000,0.02239918,2026-07-04,2026-08-02,18,81,65,30,0.600000,1.233833,1.018663,3.067294,,,,,,,,GLOBAL_BASELINE_NO_ENTITY_RANKING,,,NOT_APPLICABLE_GLOBAL_BASELINE,HF9g-P5,,,,X 全窗基线 · 不参与实体赏罚,6875711,688,A168_HF9F_20260827_0900,2026-08-27 09:00:00
2026-07-25,152541993,2196,0,2.0439030372,-2.0439030372,-2.0439030372,0E-7,1,1,0.49324550000000000,0.493245500000,-0.9865810262130424,-0.9865810262130424,-0.9865810262130424,0E-17,ELIGIBLE,R03b_20260811_FULL_v1,L1_ELIGIBILITY,v2026-08-11,2026-03-21..2026-08-06,baccarat_bet02_101_all_pairs_incl_sentinel,round_win = game_pnl > 0 (decisive only),COMPATIBILITY_ONLY_NOT_PRODUCTION,8220.5043,7721.4067,168.6028,931,880,-0.02051003,-0.01872231,-0.04112150,-0.02051003,-168.6028,8220.5043,OK,0.0000,6.7441,4.0000,96.0000,AG03-UNRESOLVED,ALL5_LEVELS_bet23_to_bet27,6.7441,6.7441,6.7441,6.7441,6.7441,4.000000,4.000000,4.000000,4.000000,4.000000,96.000000,96.000000,96.000000,96.000000,96.000000,5.0,33.7206,31.1287,134.8822,137.4741,PENDING_AG03,FALSE,NOT_FOR_ENFORCEMENT,161.8587,7412.5504,168.6028,161.8587,6.7441,0.02051003,0.01968963,6.7441,161.8587,0.01968963,6.7441,6.7441,6.7441,6.7441,6.7441,161.8587,0.01968963,33.7206,31.1287,134.8822,137.4741,0.01640802,0.01672332,0.00082040,8.8298,8.7743,0.1916,9.3668,2.0815,456.6947,48.8889,8.9945,7.2899,4.0878,10.2195,10.2195,20.439,20.439,20.439,10.2195,0.0,2.0,2.0,0.864009,18,73,19,8,0.92018824,0.02051003,0.01872231,0E-8,0.000000,0.939286,0.000000,0.02239918,2026-07-04,2026-08-02,18,81,65,30,0.600000,1.233833,1.018663,3.067294,,,,,,,,GLOBAL_BASELINE_NO_ENTITY_RANKING,,,NOT_APPLICABLE_GLOBAL_BASELINE,HF9g-P5,,,,X 全窗基线 · 不参与实体赏罚,6875712,688,A168_HF9F_20260827_0900,2026-08-27 09:00:00
2026-07-25,152541993,2229,0,8.7887830600,8.7887830600,8.7887830600,1.0000000,4,4,0.49324550000000000,0.493245500000,2.0272029836991,2.0272029836991,2.0272029836991,0E-17,ELIGIBLE,R03b_20260811_FULL_v1,L1_ELIGIBILITY,v2026-08-11,2026-03-21..2026-08-06,baccarat_bet02_101_all_pairs_incl_sentinel,round_win = game_pnl > 0 (decisive only),COMPATIBILITY_ONLY_NOT_PRODUCTION,8220.5043,7721.4067,168.6028,931,880,-0.02051003,-0.01872231,-0.04112150,-0.02051003,-168.6028,8220.5043,OK,0.0000,6.7441,4.0000,96.0000,AG03-UNRESOLVED,ALL5_LEVELS_bet23_to_bet27,6.7441,6.7441,6.7441,6.7441,6.7441,4.000000,4.000000,4.000000,4.000000,4.000000,96.000000,96.000000,96.000000,96.000000,96.000000,5.0,33.7206,31.1287,134.8822,137.4741,PENDING_AG03,FALSE,NOT_FOR_ENFORCEMENT,161.8587,7412.5504,168.6028,161.8587,6.7441,0.02051003,0.01968963,6.7441,161.8587,0.01968963,6.7441,6.7441,6.7441,6.7441,6.7441,161.8587,0.01968963,33.7206,31.1287,134.8822,137.4741,0.01640802,0.01672332,0.00082040,8.8298,8.7743,0.1916,9.3668,2.0815,456.6947,48.8889,8.9945,7.2899,4.0878,10.2195,10.2195,20.439,20.439,20.439,10.2195,0.0,2.0,2.0,0.864009,18,73,19,8,0.92018824,0.02051003,0.01872231,0E-8,0.000000,0.939286,0.000000,0.02239918,2026-07-04,2026-08-02,18,81,65,30,0.600000,1.233833,1.018663,3.067294,,,,,,,,GLOBAL_BASELINE_NO_ENTITY_RANKING,,,NOT_APPLICABLE_GLOBAL_BASELINE,HF9g-P5,,,,X 全窗基线 · 不参与实体赏罚,6875713,688,A168_HF9F_20260827_0900,2026-08-27 09:00:00
2026-07-26,152541993,2201,0,102.6039324693,-16.7600049053,-16.7600049053,0.3333333,11,10,0.48626951333344710,0.472317540000,-0.9179632656481863,-0.8351862599397905,-0.9179632656481863,0.01395197333344710,ELIGIBLE,R03b_20260811_FULL_v1,L1_ELIGIBILITY,v2026-08-11,2026-03-21..2026-08-06,baccarat_bet02_101_all_pairs_incl_sentinel,round_win = game_pnl > 0 (decisive only),COMPATIBILITY_ONLY_NOT_PRODUCTION,8220.5043,7721.4067,168.6028,931,880,-0.02051003,-0.01872231,-0.04112150,-0.02051003,-168.6028,8220.5043,OK,0.0000,6.7441,4.0000,96.0000,AG03-UNRESOLVED,ALL5_LEVELS_bet23_to_bet27,6.7441,6.7441,6.7441,6.7441,6.7441,4.000000,4.000000,4.000000,4.000000,4.000000,96.000000,96.000000,96.000000,96.000000,96.000000,5.0,33.7206,31.1287,134.8822,137.4741,PENDING_AG03,FALSE,NOT_FOR_ENFORCEMENT,161.8587,7412.5504,168.6028,161.8587,6.7441,0.02051003,0.01968963,6.7441,161.8587,0.01968963,6.7441,6.7441,6.7441,6.7441,6.7441,161.8587,0.01968963,33.7206,31.1287,134.8822,137.4741,0.01640802,0.01672332,0.00082040,8.8298,8.7743,0.1916,9.3668,2.0815,456.6947,48.8889,8.9945,7.2899,4.0878,10.2195,10.2195,20.439,20.439,20.439,10.2195,0.0,2.0,2.0,0.864009,18,73,19,8,0.92018824,0.02051003,0.01872231,0E-8,0.000000,0.939286,0.000000,0.02239918,2026-07-04,2026-08-02,18,81,65,30,0.600000,1.233833,1.018663,3.067294,,,,,,,,GLOBAL_BASELINE_NO_ENTITY_RANKING,,,NOT_APPLICABLE_GLOBAL_BASELINE,HF9g-P5,,,,X 全窗基线 · 不参与实体赏罚,6875714,688,A168_HF9F_20260827_0900,2026-08-27 09:00:00
2026-07-28,152541993,1017,0,18.3951273352,10.0151248825,10.0151248825,0.7500000,4,4,0.49659680000000000,0.496596800000,1.0136362796769356,1.0136362796769358,1.0136362796769356,0E-17,ELIGIBLE,R03b_20260811_FULL_v1,L1_ELIGIBILITY,v2026-08-11,2026-03-21..2026-08-06,baccarat_bet02_101_all_pairs_incl_sentinel,round_win = game_pnl > 0 (decisive only),COMPATIBILITY_ONLY_NOT_PRODUCTION,8220.5043,7721.4067,168.6028,931,880,-0.02051003,-0.01872231,-0.04112150,-0.02051003,-168.6028,8220.5043,OK,0.0000,6.7441,4.0000,96.0000,AG03-UNRESOLVED,ALL5_LEVELS_bet23_to_bet27,6.7441,6.7441,6.7441,6.7441,6.7441,4.000000,4.000000,4.000000,4.000000,4.000000,96.000000,96.000000,96.000000,96.000000,96.000000,5.0,33.7206,31.1287,134.8822,137.4741,PENDING_AG03,FALSE,NOT_FOR_ENFORCEMENT,161.8587,7412.5504,168.6028,161.8587,6.7441,0.02051003,0.01968963,6.7441,161.8587,0.01968963,6.7441,6.7441,6.7441,6.7441,6.7441,161.8587,0.01968963,33.7206,31.1287,134.8822,137.4741,0.01640802,0.01672332,0.00082040,8.8298,8.7743,0.1916,9.3668,2.0815,456.6947,48.8889,8.9945,7.2899,4.0878,10.2195,10.2195,20.439,20.439,20.439,10.2195,0.0,2.0,2.0,0.864009,18,73,19,8,0.92018824,0.02051003,0.01872231,0E-8,0.000000,0.939286,0.000000,0.02239918,2026-07-04,2026-08-02,18,81,65,30,0.600000,1.233833,1.018663,3.067294,,,,,,,,GLOBAL_BASELINE_NO_ENTITY_RANKING,,,NOT_APPLICABLE_GLOBAL_BASELINE,HF9g-P5,,,,X 全窗基线 · 不参与实体赏罚,6875715,688,A168_HF9F_20260827_0900,2026-08-27 09:00:00
2026-07-28,152541993,1353,0,12.2634182235,0E-10,0E-10,,3,3,0.49324550000000000,0.493245500000,,,,0E-17,NO_DECISIVE_ROUND,R03b_20260811_FULL_v1,L1_ELIGIBILITY,v2026-08-11,2026-03-21..2026-08-06,baccarat_bet02_101_all_pairs_incl_sentinel,round_win = game_pnl > 0 (decisive only),COMPATIBILITY_ONLY_NOT_PRODUCTION,8220.5043,7721.4067,168.6028,931,880,-0.02051003,-0.01872231,-0.04112150,-0.02051003,-168.6028,8220.5043,OK,0.0000,6.7441,4.0000,96.0000,AG03-UNRESOLVED,ALL5_LEVELS_bet23_to_bet27,6.7441,6.7441,6.7441,6.7441,6.7441,4.000000,4.000000,4.000000,4.000000,4.000000,96.000000,96.000000,96.000000,96.000000,96.000000,5.0,33.7206,31.1287,134.8822,137.4741,PENDING_AG03,FALSE,NOT_FOR_ENFORCEMENT,161.8587,7412.5504,168.6028,161.8587,6.7441,0.02051003,0.01968963,6.7441,161.8587,0.01968963,6.7441,6.7441,6.7441,6.7441,6.7441,161.8587,0.01968963,33.7206,31.1287,134.8822,137.4741,0.01640802,0.01672332,0.00082040,8.8298,8.7743,0.1916,9.3668,2.0815,456.6947,48.8889,8.9945,7.2899,4.0878,10.2195,10.2195,20.439,20.439,20.439,10.2195,0.0,2.0,2.0,0.864009,18,73,19,8,0.92018824,0.02051003,0.01872231,0E-8,0.000000,0.939286,0.000000,0.02239918,2026-07-04,2026-08-02,18,81,65,30,0.600000,1.233833,1.018663,3.067294,,,,,,,,GLOBAL_BASELINE_NO_ENTITY_RANKING,,,NOT_APPLICABLE_GLOBAL_BASELINE,HF9g-P5,,,,X 全窗基线 · 不参与实体赏罚,6875716,688,A168_HF9F_20260827_0900,2026-08-27 09:00:00
2026-07-28,152541993,2093,0,18.3951273352,-2.0439030372,-2.0439030372,0.4000000,5,5,0.49592654000000000,0.495926540000,-0.42901076602576227,-0.42901076602576227,-0.42901076602576227,0E-17,ELIGIBLE,R03b_20260811_FULL_v1,L1_ELIGIBILITY,v2026-08-11,2026-03-21..2026-08-06,baccarat_bet02_101_all_pairs_incl_sentinel,round_win = game_pnl > 0 (decisive only),COMPATIBILITY_ONLY_NOT_PRODUCTION,8220.5043,7721.4067,168.6028,931,880,-0.02051003,-0.01872231,-0.04112150,-0.02051003,-168.6028,8220.5043,OK,0.0000,6.7441,4.0000,96.0000,AG03-UNRESOLVED,ALL5_LEVELS_bet23_to_bet27,6.7441,6.7441,6.7441,6.7441,6.7441,4.000000,4.000000,4.000000,4.000000,4.000000,96.000000,96.000000,96.000000,96.000000,96.000000,5.0,33.7206,31.1287,134.8822,137.4741,PENDING_AG03,FALSE,NOT_FOR_ENFORCEMENT,161.8587,7412.5504,168.6028,161.8587,6.7441,0.02051003,0.01968963,6.7441,161.8587,0.01968963,6.7441,6.7441,6.7441,6.7441,6.7441,161.8587,0.01968963,33.7206,31.1287,134.8822,137.4741,0.01640802,0.01672332,0.00082040,8.8298,8.7743,0.1916,9.3668,2.0815,456.6947,48.8889,8.9945,7.2899,4.0878,10.2195,10.2195,20.439,20.439,20.439,10.2195,0.0,2.0,2.0,0.864009,18,73,19,8,0.92018824,0.02051003,0.01872231,0E-8,0.000000,0.939286,0.000000,0.02239918,2026-07-04,2026-08-02,18,81,65,30,0.600000,1.233833,1.018663,3.067294,,,,,,,,GLOBAL_BASELINE_NO_ENTITY_RANKING,,,NOT_APPLICABLE_GLOBAL_BASELINE,HF9g-P5,,,,X 全窗基线 · 不参与实体赏罚,6875717,688,A168_HF9F_20260827_0900,2026-08-27 09:00:00
2026-07-28,152541993,2171,0,20.4390303725,16.3512242980,16.3512242980,1.0000000,5,5,0.49324550000000000,0.493245500000,2.0272029836991,2.0272029836991,2.0272029836991,0E-17,ELIGIBLE,R03b_20260811_FULL_v1,L1_ELIGIBILITY,v2026-08-11,2026-03-21..2026-08-06,baccarat_bet02_101_all_pairs_incl_sentinel,round_win = game_pnl > 0 (decisive only),COMPATIBILITY_ONLY_NOT_PRODUCTION,8220.5043,7721.4067,168.6028,931,880,-0.02051003,-0.01872231,-0.04112150,-0.02051003,-168.6028,8220.5043,OK,0.0000,6.7441,4.0000,96.0000,AG03-UNRESOLVED,ALL5_LEVELS_bet23_to_bet27,6.7441,6.7441,6.7441,6.7441,6.7441,4.000000,4.000000,4.000000,4.000000,4.000000,96.000000,96.000000,96.000000,96.000000,96.000000,5.0,33.7206,31.1287,134.8822,137.4741,PENDING_AG03,FALSE,NOT_FOR_ENFORCEMENT,161.8587,7412.5504,168.6028,161.8587,6.7441,0.02051003,0.01968963,6.7441,161.8587,0.01968963,6.7441,6.7441,6.7441,6.7441,6.7441,161.8587,0.01968963,33.7206,31.1287,134.8822,137.4741,0.01640802,0.01672332,0.00082040,8.8298,8.7743,0.1916,9.3668,2.0815,456.6947,48.8889,8.9945,7.2899,4.0878,10.2195,10.2195,20.439,20.439,20.439,10.2195,0.0,2.0,2.0,0.864009,18,73,19,8,0.92018824,0.02051003,0.01872231,0E-8,0.000000,0.939286,0.000000,0.02239918,2026-07-04,2026-08-02,18,81,65,30,0.600000,1.233833,1.018663,3.067294,,,,,,,,GLOBAL_BASELINE_NO_ENTITY_RANKING,,,NOT_APPLICABLE_GLOBAL_BASELINE,HF9g-P5,,,,X 全窗基线 · 不参与实体赏罚,6875718,688,A168_HF9F_20260827_0900,2026-08-27 09:00:00
2026-07-28,152541993,2239,0,143.8907738217,-19.8258594612,-19.8258594612,0.3500000,20,20,0.47432832000000000,0.474328320000,-1.1134949333227278,-1.1134949333227278,-1.1134949333227278,0E-17,ELIGIBLE,R03b_20260811_FULL_v1,L1_ELIGIBILITY,v2026-08-11,2026-03-21..2026-08-06,baccarat_bet02_101_all_pairs_incl_sentinel,round_win = game_pnl > 0 (decisive only),COMPATIBILITY_ONLY_NOT_PRODUCTION,8220.5043,7721.4067,168.6028,931,880,-0.02051003,-0.01872231,-0.04112150,-0.02051003,-168.6028,8220.5043,OK,0.0000,6.7441,4.0000,96.0000,AG03-UNRESOLVED,ALL5_LEVELS_bet23_to_bet27,6.7441,6.7441,6.7441,6.7441,6.7441,4.000000,4.000000,4.000000,4.000000,4.000000,96.000000,96.000000,96.000000,96.000000,96.000000,5.0,33.7206,31.1287,134.8822,137.4741,PENDING_AG03,FALSE,NOT_FOR_ENFORCEMENT,161.8587,7412.5504,168.6028,161.8587,6.7441,0.02051003,0.01968963,6.7441,161.8587,0.01968963,6.7441,6.7441,6.7441,6.7441,6.7441,161.8587,0.01968963,33.7206,31.1287,134.8822,137.4741,0.01640802,0.01672332,0.00082040,8.8298,8.7743,0.1916,9.3668,2.0815,456.6947,48.8889,8.9945,7.2899,4.0878,10.2195,10.2195,20.439,20.439,20.439,10.2195,0.0,2.0,2.0,0.864009,18,73,19,8,0.92018824,0.02051003,0.01872231,0E-8,0.000000,0.939286,0.000000,0.02239918,2026-07-04,2026-08-02,18,81,65,30,0.600000,1.233833,1.018663,3.067294,,,,,,,,GLOBAL_BASELINE_NO_ENTITY_RANKING,,,NOT_APPLICABLE_GLOBAL_BASELINE,HF9g-P5,,,,X 全窗基线 · 不参与实体赏罚,6875719,688,A168_HF9F_20260827_0900,2026-08-27 09:00:00
2026-07-28,152541993,2251,0,8.1756121490,-8.1756121490,-8.1756121490,0E-7,2,2,0.49324550000000000,0.493245500000,-1.3952362676504506,-1.3952362676504506,-1.3952362676504506,0E-17,ELIGIBLE,R03b_20260811_FULL_v1,L1_ELIGIBILITY,v2026-08-11,2026-03-21..2026-08-06,baccarat_bet02_101_all_pairs_incl_sentinel,round_win = game_pnl > 0 (decisive only),COMPATIBILITY_ONLY_NOT_PRODUCTION,8220.5043,7721.4067,168.6028,931,880,-0.02051003,-0.01872231,-0.04112150,-0.02051003,-168.6028,8220.5043,OK,0.0000,6.7441,4.0000,96.0000,AG03-UNRESOLVED,ALL5_LEVELS_bet23_to_bet27,6.7441,6.7441,6.7441,6.7441,6.7441,4.000000,4.000000,4.000000,4.000000,4.000000,96.000000,96.000000,96.000000,96.000000,96.000000,5.0,33.7206,31.1287,134.8822,137.4741,PENDING_AG03,FALSE,NOT_FOR_ENFORCEMENT,161.8587,7412.5504,168.6028,161.8587,6.7441,0.02051003,0.01968963,6.7441,161.8587,0.01968963,6.7441,6.7441,6.7441,6.7441,6.7441,161.8587,0.01968963,33.7206,31.1287,134.8822,137.4741,0.01640802,0.01672332,0.00082040,8.8298,8.7743,0.1916,9.3668,2.0815,456.6947,48.8889,8.9945,7.2899,4.0878,10.2195,10.2195,20.439,20.439,20.439,10.2195,0.0,2.0,2.0,0.864009,18,73,19,8,0.92018824,0.02051003,0.01872231,0E-8,0.000000,0.939286,0.000000,0.02239918,2026-07-04,2026-08-02,18,81,65,30,0.600000,1.233833,1.018663,3.067294,,,,,,,,GLOBAL_BASELINE_NO_ENTITY_RANKING,,,NOT_APPLICABLE_GLOBAL_BASELINE,HF9g-P5,,,,X 全窗基线 · 不参与实体赏罚,6875720,688,A168_HF9F_20260827_0900,2026-08-27 09:00:00
2026-07-28,152541993,2254,0,76.4419735928,-11.8546376161,-11.8546376161,0.4000000,11,11,0.49324550000000000,0.493245500000,-0.5897901418880297,-0.5897901418880297,-0.5897901418880297,0E-17,ELIGIBLE,R03b_20260811_FULL_v1,L1_ELIGIBILITY,v2026-08-11,2026-03-21..2026-08-06,baccarat_bet02_101_all_pairs_incl_sentinel,round_win = game_pnl > 0 (decisive only),COMPATIBILITY_ONLY_NOT_PRODUCTION,8220.5043,7721.4067,168.6028,931,880,-0.02051003,-0.01872231,-0.04112150,-0.02051003,-168.6028,8220.5043,OK,0.0000,6.7441,4.0000,96.0000,AG03-UNRESOLVED,ALL5_LEVELS_bet23_to_bet27,6.7441,6.7441,6.7441,6.7441,6.7441,4.000000,4.000000,4.000000,4.000000,4.000000,96.000000,96.000000,96.000000,96.000000,96.000000,5.0,33.7206,31.1287,134.8822,137.4741,PENDING_AG03,FALSE,NOT_FOR_ENFORCEMENT,161.8587,7412.5504,168.6028,161.8587,6.7441,0.02051003,0.01968963,6.7441,161.8587,0.01968963,6.7441,6.7441,6.7441,6.7441,6.7441,161.8587,0.01968963,33.7206,31.1287,134.8822,137.4741,0.01640802,0.01672332,0.00082040,8.8298,8.7743,0.1916,9.3668,2.0815,456.6947,48.8889,8.9945,7.2899,4.0878,10.2195,10.2195,20.439,20.439,20.439,10.2195,0.0,2.0,2.0,0.864009,18,73,19,8,0.92018824,0.02051003,0.01872231,0E-8,0.000000,0.939286,0.000000,0.02239918,2026-07-04,2026-08-02,18,81,65,30,0.600000,1.233833,1.018663,3.067294,,,,,,,,GLOBAL_BASELINE_NO_ENTITY_RANKING,,,NOT_APPLICABLE_GLOBAL_BASELINE,HF9g-P5,,,,X 全窗基线 · 不参与实体赏罚,6875721,688,A168_HF9F_20260827_0900,2026-08-27 09:00:00
2026-07-28,152541993,994,0,4.0878060745,-4.0878060745,-4.0878060745,0E-7,1,1,0.49324550000000000,0.493245500000,-0.9865810262130424,-0.9865810262130424,-0.9865810262130424,0E-17,ELIGIBLE,R03b_20260811_FULL_v1,L1_ELIGIBILITY,v2026-08-11,2026-03-21..2026-08-06,baccarat_bet02_101_all_pairs_incl_sentinel,round_win = game_pnl > 0 (decisive only),COMPATIBILITY_ONLY_NOT_PRODUCTION,8220.5043,7721.4067,168.6028,931,880,-0.02051003,-0.01872231,-0.04112150,-0.02051003,-168.6028,8220.5043,OK,0.0000,6.7441,4.0000,96.0000,AG03-UNRESOLVED,ALL5_LEVELS_bet23_to_bet27,6.7441,6.7441,6.7441,6.7441,6.7441,4.000000,4.000000,4.000000,4.000000,4.000000,96.000000,96.000000,96.000000,96.000000,96.000000,5.0,33.7206,31.1287,134.8822,137.4741,PENDING_AG03,FALSE,NOT_FOR_ENFORCEMENT,161.8587,7412.5504,168.6028,161.8587,6.7441,0.02051003,0.01968963,6.7441,161.8587,0.01968963,6.7441,6.7441,6.7441,6.7441,6.7441,161.8587,0.01968963,33.7206,31.1287,134.8822,137.4741,0.01640802,0.01672332,0.00082040,8.8298,8.7743,0.1916,9.3668,2.0815,456.6947,48.8889,8.9945,7.2899,4.0878,10.2195,10.2195,20.439,20.439,20.439,10.2195,0.0,2.0,2.0,0.864009,18,73,19,8,0.92018824,0.02051003,0.01872231,0E-8,0.000000,0.939286,0.000000,0.02239918,2026-07-04,2026-08-02,18,81,65,30,0.600000,1.233833,1.018663,3.067294,,,,,,,,GLOBAL_BASELINE_NO_ENTITY_RANKING,,,NOT_APPLICABLE_GLOBAL_BASELINE,HF9g-P5,,,,X 全窗基线 · 不参与实体赏罚,6875722,688,A168_HF9F_20260827_0900,2026-08-27 09:00:00
2026-07-31,152541993,2196,0,28.8190328251,-9.6063442751,-9.6063442751,0.5000000,2,2,0.49324550000000000,0.493245500000,0.01910635448239258,0.01910635448239258,0.01910635448239258,0E-17,ELIGIBLE,R03b_20260811_FULL_v1,L1_ELIGIBILITY,v2026-08-11,2026-03-21..2026-08-06,baccarat_bet02_101_all_pairs_incl_sentinel,round_win = game_pnl > 0 (decisive only),COMPATIBILITY_ONLY_NOT_PRODUCTION,8220.5043,7721.4067,168.6028,931,880,-0.02051003,-0.01872231,-0.04112150,-0.02051003,-168.6028,8220.5043,OK,0.0000,6.7441,4.0000,96.0000,AG03-UNRESOLVED,ALL5_LEVELS_bet23_to_bet27,6.7441,6.7441,6.7441,6.7441,6.7441,4.000000,4.000000,4.000000,4.000000,4.000000,96.000000,96.000000,96.000000,96.000000,96.000000,5.0,33.7206,31.1287,134.8822,137.4741,PENDING_AG03,FALSE,NOT_FOR_ENFORCEMENT,161.8587,7412.5504,168.6028,161.8587,6.7441,0.02051003,0.01968963,6.7441,161.8587,0.01968963,6.7441,6.7441,6.7441,6.7441,6.7441,161.8587,0.01968963,33.7206,31.1287,134.8822,137.4741,0.01640802,0.01672332,0.00082040,8.8298,8.7743,0.1916,9.3668,2.0815,456.6947,48.8889,8.9945,7.2899,4.0878,10.2195,10.2195,20.439,20.439,20.439,10.2195,0.0,2.0,2.0,0.864009,18,73,19,8,0.92018824,0.02051003,0.01872231,0E-8,0.000000,0.939286,0.000000,0.02239918,2026-07-04,2026-08-02,18,81,65,30,0.600000,1.233833,1.018663,3.067294,,,,,,,,GLOBAL_BASELINE_NO_ENTITY_RANKING,,,NOT_APPLICABLE_GLOBAL_BASELINE,HF9g-P5,,,,X 全窗基线 · 不参与实体赏罚,6875723,688,A168_HF9F_20260827_0900,2026-08-27 09:00:00
2026-08-01,152541993,1505,0,7.0712784872,-7.0712784872,-7.0712784872,0E-7,1,1,0.49324550000000000,0.493245500000,-0.9865810262130424,-0.9865810262130424,-0.9865810262130424,0E-17,ELIGIBLE,R03b_20260811_FULL_v1,L1_ELIGIBILITY,v2026-08-11,2026-03-21..2026-08-06,baccarat_bet02_101_all_pairs_incl_sentinel,round_win = game_pnl > 0 (decisive only),COMPATIBILITY_ONLY_NOT_PRODUCTION,8220.5043,7721.4067,168.6028,931,880,-0.02051003,-0.01872231,-0.04112150,-0.02051003,-168.6028,8220.5043,OK,0.0000,6.7441,4.0000,96.0000,AG03-UNRESOLVED,ALL5_LEVELS_bet23_to_bet27,6.7441,6.7441,6.7441,6.7441,6.7441,4.000000,4.000000,4.000000,4.000000,4.000000,96.000000,96.000000,96.000000,96.000000,96.000000,5.0,33.7206,31.1287,134.8822,137.4741,PENDING_AG03,FALSE,NOT_FOR_ENFORCEMENT,161.8587,7412.5504,168.6028,161.8587,6.7441,0.02051003,0.01968963,6.7441,161.8587,0.01968963,6.7441,6.7441,6.7441,6.7441,6.7441,161.8587,0.01968963,33.7206,31.1287,134.8822,137.4741,0.01640802,0.01672332,0.00082040,8.8298,8.7743,0.1916,9.3668,2.0815,456.6947,48.8889,8.9945,7.2899,4.0878,10.2195,10.2195,20.439,20.439,20.439,10.2195,0.0,2.0,2.0,0.864009,18,73,19,8,0.92018824,0.02051003,0.01872231,0E-8,0.000000,0.939286,0.000000,0.02239918,2026-07-04,2026-08-02,18,81,65,30,0.600000,1.233833,1.018663,3.067294,,,,,,,,GLOBAL_BASELINE_NO_ENTITY_RANKING,,,NOT_APPLICABLE_GLOBAL_BASELINE,HF9g-P5,,,,X 全窗基线 · 不参与实体赏罚,6875724,688,A168_HF9F_20260827_0900,2026-08-27 09:00:00
2026-08-02,152541993,2288,0,34.3462097946,-12.1221916922,-12.1221916922,0.3333333,8,7,0.48375400714301374,0.464771021429,-0.7372970909838372,-0.6455148033381205,-0.7372970909838372,0.01898298571401374,ELIGIBLE,R03b_20260811_FULL_v1,L1_ELIGIBILITY,v2026-08-11,2026-03-21..2026-08-06,baccarat_bet02_101_all_pairs_incl_sentinel,round_win = game_pnl > 0 (decisive only),COMPATIBILITY_ONLY_NOT_PRODUCTION,8220.5043,7721.4067,168.6028,931,880,-0.02051003,-0.01872231,-0.04112150,-0.02051003,-168.6028,8220.5043,OK,0.0000,6.7441,4.0000,96.0000,AG03-UNRESOLVED,ALL5_LEVELS_bet23_to_bet27,6.7441,6.7441,6.7441,6.7441,6.7441,4.000000,4.000000,4.000000,4.000000,4.000000,96.000000,96.000000,96.000000,96.000000,96.000000,5.0,33.7206,31.1287,134.8822,137.4741,PENDING_AG03,FALSE,NOT_FOR_ENFORCEMENT,161.8587,7412.5504,168.6028,161.8587,6.7441,0.02051003,0.01968963,6.7441,161.8587,0.01968963,6.7441,6.7441,6.7441,6.7441,6.7441,161.8587,0.01968963,33.7206,31.1287,134.8822,137.4741,0.01640802,0.01672332,0.00082040,8.8298,8.7743,0.1916,9.3668,2.0815,456.6947,48.8889,8.9945,7.2899,4.0878,10.2195,10.2195,20.439,20.439,20.439,10.2195,0.0,2.0,2.0,0.864009,18,73,19,8,0.92018824,0.02051003,0.01872231,0E-8,0.000000,0.939286,0.000000,0.02239918,2026-07-04,2026-08-02,18,81,65,30,0.600000,1.233833,1.018663,3.067294,,,,,,,,GLOBAL_BASELINE_NO_ENTITY_RANKING,,,NOT_APPLICABLE_GLOBAL_BASELINE,HF9g-P5,,,,X 全窗基线 · 不参与实体赏罚,6875725,688,A168_HF9F_20260827_0900,2026-08-27 09:00:00
2026-04-09,144395070,1017,0,93.1840701623,-39.1077941519,-39.1077941519,0.2000000,19,5,0.32154511266666667,0.166396673333,-0.5818902208835228,0.20175078664646315,-0.5818902208835228,0.15514843933366667,ELIGIBLE,R03b_20260811_FULL_v1,L1_ELIGIBILITY,v2026-08-11,2026-03-21..2026-08-06,baccarat_bet02_101_all_pairs_incl_sentinel,round_win = game_pnl > 0 (decisive only),COMPATIBILITY_ONLY_NOT_PRODUCTION,3846.4782,3640.7143,168.6062,665,175,-0.04383393,,-0.04383393,-0.04383393,-168.6062,3846.4782,OK,0.0000,6.7442,4.0000,96.0000,AG03-UNRESOLVED,ALL5_LEVELS_bet23_to_bet27,6.7442,6.7442,6.7442,10.1164,10.1164,4.000000,4.000000,4.000000,6.000000,6.000000,96.000000,96.000000,96.000000,94.000000,94.000000,5.0,40.4655,36.7979,128.1407,131.8084,PENDING_AG03,FALSE,NOT_FOR_ENFORCEMENT,161.8620,3495.0857,168.6062,161.8620,6.7442,0.04383393,0.04208057,6.7442,161.8620,0.04208057,6.7442,6.7442,6.7442,10.1164,10.1164,161.8620,0.04208057,40.4655,36.7979,128.1407,131.8084,0.03331378,0.03426729,0.00175336,5.7842,20.8041,0.9635,84.3031,5.2689,1923.2391,87.5000,,5.7842,2.1082,2.1082,10.5412,14.7577,19.2904,21.0824,2.1082,-2.1082,9.15,10.0,2.743609,9,29,4,7,0E-8,0.04383393,,0E-8,0.000000,0.946506,0.000000,,2026-04-09,2026-04-10,2,32,16,2,1.000000,,,0.000000,,,,,,,,GLOBAL_BASELINE_NO_ENTITY_RANKING,,,NOT_APPLICABLE_GLOBAL_BASELINE,HF9g-P5,,,,X 全窗基线 · 不参与实体赏罚,6875726,688,A168_HF9F_20260827_0900,2026-08-27 09:00:00
2026-04-09,144395070,1078,0,27.4070794595,39.0023823077,39.0023823077,1.0000000,4,1,0.40850050000000000,0.187662550000,1.203319334115545,2.080556102057424,1.203319334115545,0.22083795000000000,ELIGIBLE,R03b_20260811_FULL_v1,L1_ELIGIBILITY,v2026-08-11,2026-03-21..2026-08-06,baccarat_bet02_101_all_pairs_incl_sentinel,round_win = game_pnl > 0 (decisive only),COMPATIBILITY_ONLY_NOT_PRODUCTION,3846.4782,3640.7143,168.6062,665,175,-0.04383393,,-0.04383393,-0.04383393,-168.6062,3846.4782,OK,0.0000,6.7442,4.0000,96.0000,AG03-UNRESOLVED,ALL5_LEVELS_bet23_to_bet27,6.7442,6.7442,6.7442,10.1164,10.1164,4.000000,4.000000,4.000000,6.000000,6.000000,96.000000,96.000000,96.000000,94.000000,94.000000,5.0,40.4655,36.7979,128.1407,131.8084,PENDING_AG03,FALSE,NOT_FOR_ENFORCEMENT,161.8620,3495.0857,168.6062,161.8620,6.7442,0.04383393,0.04208057,6.7442,161.8620,0.04208057,6.7442,6.7442,6.7442,10.1164,10.1164,161.8620,0.04208057,40.4655,36.7979,128.1407,131.8084,0.03331378,0.03426729,0.00175336,5.7842,20.8041,0.9635,84.3031,5.2689,1923.2391,87.5000,,5.7842,2.1082,2.1082,10.5412,14.7577,19.2904,21.0824,2.1082,-2.1082,9.15,10.0,2.743609,9,29,4,7,0E-8,0.04383393,,0E-8,0.000000,0.946506,0.000000,,2026-04-09,2026-04-10,2,32,16,2,1.000000,,,0.000000,,,,,,,,GLOBAL_BASELINE_NO_ENTITY_RANKING,,,NOT_APPLICABLE_GLOBAL_BASELINE,HF9g-P5,,,,X 全窗基线 · 不参与实体赏罚,6875727,688,A168_HF9F_20260827_0900,2026-08-27 09:00:00
2026-04-09,144395070,1221,0,101.1953703120,3.4785908544,3.4785908544,0.6000000,20,5,0.36536984300000000,0.184981510000,1.0895373716404975,2.3900366308784284,1.0895373716404975,0.18038833300000000,ELIGIBLE,R03b_20260811_FULL_v1,L1_ELIGIBILITY,v2026-08-11,2026-03-21..2026-08-06,baccarat_bet02_101_all_pairs_incl_sentinel,round_win = game_pnl > 0 (decisive only),COMPATIBILITY_ONLY_NOT_PRODUCTION,3846.4782,3640.7143,168.6062,665,175,-0.04383393,,-0.04383393,-0.04383393,-168.6062,3846.4782,OK,0.0000,6.7442,4.0000,96.0000,AG03-UNRESOLVED,ALL5_LEVELS_bet23_to_bet27,6.7442,6.7442,6.7442,10.1164,10.1164,4.000000,4.000000,4.000000,6.000000,6.000000,96.000000,96.000000,96.000000,94.000000,94.000000,5.0,40.4655,36.7979,128.1407,131.8084,PENDING_AG03,FALSE,NOT_FOR_ENFORCEMENT,161.8620,3495.0857,168.6062,161.8620,6.7442,0.04383393,0.04208057,6.7442,161.8620,0.04208057,6.7442,6.7442,6.7442,10.1164,10.1164,161.8620,0.04208057,40.4655,36.7979,128.1407,131.8084,0.03331378,0.03426729,0.00175336,5.7842,20.8041,0.9635,84.3031,5.2689,1923.2391,87.5000,,5.7842,2.1082,2.1082,10.5412,14.7577,19.2904,21.0824,2.1082,-2.1082,9.15,10.0,2.743609,9,29,4,7,0E-8,0.04383393,,0E-8,0.000000,0.946506,0.000000,,2026-04-09,2026-04-10,2,32,16,2,1.000000,,,0.000000,,,,,,,,GLOBAL_BASELINE_NO_ENTITY_RANKING,,,NOT_APPLICABLE_GLOBAL_BASELINE,HF9g-P5,,,,X 全窗基线 · 不参与实体赏罚,6875728,688,A168_HF9F_20260827_0900,2026-08-27 09:00:00
2026-04-09,144395070,1323,0,54.8141589190,-12.6494212890,-12.6494212890,0.5000000,8,2,0.39818880769230769,0.184311250000,0.29412765929671136,1.1514257690445797,0.29412765929671136,0.21387755769230769,ELIGIBLE,R03b_20260811_FULL_v1,L1_ELIGIBILITY,v2026-08-11,2026-03-21..2026-08-06,baccarat_bet02_101_all_pairs_incl_sentinel,round_win = game_pnl > 0 (decisive only),COMPATIBILITY_ONLY_NOT_PRODUCTION,3846.4782,3640.7143,168.6062,665,175,-0.04383393,,-0.04383393,-0.04383393,-168.6062,3846.4782,OK,0.0000,6.7442,4.0000,96.0000,AG03-UNRESOLVED,ALL5_LEVELS_bet23_to_bet27,6.7442,6.7442,6.7442,10.1164,10.1164,4.000000,4.000000,4.000000,6.000000,6.000000,96.000000,96.000000,96.000000,94.000000,94.000000,5.0,40.4655,36.7979,128.1407,131.8084,PENDING_AG03,FALSE,NOT_FOR_ENFORCEMENT,161.8620,3495.0857,168.6062,161.8620,6.7442,0.04383393,0.04208057,6.7442,161.8620,0.04208057,6.7442,6.7442,6.7442,10.1164,10.1164,161.8620,0.04208057,40.4655,36.7979,128.1407,131.8084,0.03331378,0.03426729,0.00175336,5.7842,20.8041,0.9635,84.3031,5.2689,1923.2391,87.5000,,5.7842,2.1082,2.1082,10.5412,14.7577,19.2904,21.0824,2.1082,-2.1082,9.15,10.0,2.743609,9,29,4,7,0E-8,0.04383393,,0E-8,0.000000,0.946506,0.000000,,2026-04-09,2026-04-10,2,32,16,2,1.000000,,,0.000000,,,,,,,,GLOBAL_BASELINE_NO_ENTITY_RANKING,,,NOT_APPLICABLE_GLOBAL_BASELINE,HF9g-P5,,,,X 全窗基线 · 不参与实体赏罚,6875729,688,A168_HF9F_20260827_0900,2026-08-27 09:00:00
2026-04-09,144395070,1331,0,84.3294752600,-26.7746083952,-26.7746083952,0.5000000,16,4,0.37670953000000000,0.186824725000,0.5088748143497964,1.6069716115580333,0.5088748143497964,0.18988480500000000,ELIGIBLE,R03b_20260811_FULL_v1,L1_ELIGIBILITY,v2026-08-11,2026-03-21..2026-08-06,baccarat_bet02_101_all_pairs_incl_sentinel,round_win = game_pnl > 0 (decisive only),COMPATIBILITY_ONLY_NOT_PRODUCTION,3846.4782,3640.7143,168.6062,665,175,-0.04383393,,-0.04383393,-0.04383393,-168.6062,3846.4782,OK,0.0000,6.7442,4.0000,96.0000,AG03-UNRESOLVED,ALL5_LEVELS_bet23_to_bet27,6.7442,6.7442,6.7442,10.1164,10.1164,4.000000,4.000000,4.000000,6.000000,6.000000,96.000000,96.000000,96.000000,94.000000,94.000000,5.0,40.4655,36.7979,128.1407,131.8084,PENDING_AG03,FALSE,NOT_FOR_ENFORCEMENT,161.8620,3495.0857,168.6062,161.8620,6.7442,0.04383393,0.04208057,6.7442,161.8620,0.04208057,6.7442,6.7442,6.7442,10.1164,10.1164,161.8620,0.04208057,40.4655,36.7979,128.1407,131.8084,0.03331378,0.03426729,0.00175336,5.7842,20.8041,0.9635,84.3031,5.2689,1923.2391,87.5000,,5.7842,2.1082,2.1082,10.5412,14.7577,19.2904,21.0824,2.1082,-2.1082,9.15,10.0,2.743609,9,29,4,7,0E-8,0.04383393,,0E-8,0.000000,0.946506,0.000000,,2026-04-09,2026-04-10,2,32,16,2,1.000000,,,0.000000,,,,,,,,GLOBAL_BASELINE_NO_ENTITY_RANKING,,,NOT_APPLICABLE_GLOBAL_BASELINE,HF9g-P5,,,,X 全窗基线 · 不参与实体赏罚,6875730,688,A168_HF9F_20260827_0900,2026-08-27 09:00:00
2026-04-09,144395070,1374,0,158.1177661125,30.0423755613,30.0423755613,0.7142857,28,7,0.38123490320346320,0.185747521429,1.8142631693420253,3.5957073446360064,1.8142631693420253,0.19548738177446320,ELIGIBLE,R03b_20260811_FULL_v1,L1_ELIGIBILITY,v2026-08-11,2026-03-21..2026-08-06,baccarat_bet02_101_all_pairs_incl_sentinel,round_win = game_pnl > 0 (decisive only),COMPATIBILITY_ONLY_NOT_PRODUCTION,3846.4782,3640.7143,168.6062,665,175,-0.04383393,,-0.04383393,-0.04383393,-168.6062,3846.4782,OK,0.0000,6.7442,4.0000,96.0000,AG03-UNRESOLVED,ALL5_LEVELS_bet23_to_bet27,6.7442,6.7442,6.7442,10.1164,10.1164,4.000000,4.000000,4.000000,6.000000,6.000000,96.000000,96.000000,96.000000,94.000000,94.000000,5.0,40.4655,36.7979,128.1407,131.8084,PENDING_AG03,FALSE,NOT_FOR_ENFORCEMENT,161.8620,3495.0857,168.6062,161.8620,6.7442,0.04383393,0.04208057,6.7442,161.8620,0.04208057,6.7442,6.7442,6.7442,10.1164,10.1164,161.8620,0.04208057,40.4655,36.7979,128.1407,131.8084,0.03331378,0.03426729,0.00175336,5.7842,20.8041,0.9635,84.3031,5.2689,1923.2391,87.5000,,5.7842,2.1082,2.1082,10.5412,14.7577,19.2904,21.0824,2.1082,-2.1082,9.15,10.0,2.743609,9,29,4,7,0E-8,0.04383393,,0E-8,0.000000,0.946506,0.000000,,2026-04-09,2026-04-10,2,32,16,2,1.000000,,,0.000000,,,,,,,,GLOBAL_BASELINE_NO_ENTITY_RANKING,,,NOT_APPLICABLE_GLOBAL_BASELINE,HF9g-P5,,,,X 全窗基线 · 不参与实体赏罚,6875731,688,A168_HF9F_20260827_0900,2026-08-27 09:00:00
2026-04-09,144395070,1509,0,63.2471064450,-34.4696730126,-34.4696730126,0.3333333,12,3,0.37592756000000000,0.186545450000,-0.15231468622562577,0.652667306804952,-0.15231468622562577,0.18938211000000000,ELIGIBLE,R03b_20260811_FULL_v1,L1_ELIGIBILITY,v2026-08-11,2026-03-21..2026-08-06,baccarat_bet02_101_all_pairs_incl_sentinel,round_win = game_pnl > 0 (decisive only),COMPATIBILITY_ONLY_NOT_PRODUCTION,3846.4782,3640.7143,168.6062,665,175,-0.04383393,,-0.04383393,-0.04383393,-168.6062,3846.4782,OK,0.0000,6.7442,4.0000,96.0000,AG03-UNRESOLVED,ALL5_LEVELS_bet23_to_bet27,6.7442,6.7442,6.7442,10.1164,10.1164,4.000000,4.000000,4.000000,6.000000,6.000000,96.000000,96.000000,96.000000,94.000000,94.000000,5.0,40.4655,36.7979,128.1407,131.8084,PENDING_AG03,FALSE,NOT_FOR_ENFORCEMENT,161.8620,3495.0857,168.6062,161.8620,6.7442,0.04383393,0.04208057,6.7442,161.8620,0.04208057,6.7442,6.7442,6.7442,10.1164,10.1164,161.8620,0.04208057,40.4655,36.7979,128.1407,131.8084,0.03331378,0.03426729,0.00175336,5.7842,20.8041,0.9635,84.3031,5.2689,1923.2391,87.5000,,5.7842,2.1082,2.1082,10.5412,14.7577,19.2904,21.0824,2.1082,-2.1082,9.15,10.0,2.743609,9,29,4,7,0E-8,0.04383393,,0E-8,0.000000,0.946506,0.000000,,2026-04-09,2026-04-10,2,32,16,2,1.000000,,,0.000000,,,,,,,,GLOBAL_BASELINE_NO_ENTITY_RANKING,,,NOT_APPLICABLE_GLOBAL_BASELINE,HF9g-P5,,,,X 全窗基线 · 不参与实体赏罚,6875732,688,A168_HF9F_20260827_0900,2026-08-27 09:00:00
2026-04-09,144395070,1714,0,59.4522800582,-32.7303775853,-32.7303775853,0.3333333,10,3,0.39889044877940711,0.224200183333,-0.2318872287298166,0.45323610652528606,-0.2318872287298166,0.17469026544640711,ELIGIBLE,R03b_20260811_FULL_v1,L1_ELIGIBILITY,v2026-08-11,2026-03-21..2026-08-06,baccarat_bet02_101_all_pairs_incl_sentinel,round_win = game_pnl > 0 (decisive only),COMPATIBILITY_ONLY_NOT_PRODUCTION,3846.4782,3640.7143,168.6062,665,175,-0.04383393,,-0.04383393,-0.04383393,-168.6062,3846.4782,OK,0.0000,6.7442,4.0000,96.0000,AG03-UNRESOLVED,ALL5_LEVELS_bet23_to_bet27,6.7442,6.7442,6.7442,10.1164,10.1164,4.000000,4.000000,4.000000,6.000000,6.000000,96.000000,96.000000,96.000000,94.000000,94.000000,5.0,40.4655,36.7979,128.1407,131.8084,PENDING_AG03,FALSE,NOT_FOR_ENFORCEMENT,161.8620,3495.0857,168.6062,161.8620,6.7442,0.04383393,0.04208057,6.7442,161.8620,0.04208057,6.7442,6.7442,6.7442,10.1164,10.1164,161.8620,0.04208057,40.4655,36.7979,128.1407,131.8084,0.03331378,0.03426729,0.00175336,5.7842,20.8041,0.9635,84.3031,5.2689,1923.2391,87.5000,,5.7842,2.1082,2.1082,10.5412,14.7577,19.2904,21.0824,2.1082,-2.1082,9.15,10.0,2.743609,9,29,4,7,0E-8,0.04383393,,0E-8,0.000000,0.946506,0.000000,,2026-04-09,2026-04-10,2,32,16,2,1.000000,,,0.000000,,,,,,,,GLOBAL_BASELINE_NO_ENTITY_RANKING,,,NOT_APPLICABLE_GLOBAL_BASELINE,HF9g-P5,,,,X 全窗基线 · 不参与实体赏罚,6875733,688,A168_HF9F_20260827_0900,2026-08-27 09:00:00
2026-04-09,144395070,1994,0,425.0205553103,154.4283515695,154.4283515695,0.9473684,76,19,0.37820498022122427,0.185545939474,5.115953110471189,8.542235915665257,5.115953110471189,0.19265904074722427,ELIGIBLE,R03b_20260811_FULL_v1,L1_ELIGIBILITY,v2026-08-11,2026-03-21..2026-08-06,baccarat_bet02_101_all_pairs_incl_sentinel,round_win = game_pnl > 0 (decisive only),COMPATIBILITY_ONLY_NOT_PRODUCTION,3846.4782,3640.7143,168.6062,665,175,-0.04383393,,-0.04383393,-0.04383393,-168.6062,3846.4782,OK,0.0000,6.7442,4.0000,96.0000,AG03-UNRESOLVED,ALL5_LEVELS_bet23_to_bet27,6.7442,6.7442,6.7442,10.1164,10.1164,4.000000,4.000000,4.000000,6.000000,6.000000,96.000000,96.000000,96.000000,94.000000,94.000000,5.0,40.4655,36.7979,128.1407,131.8084,PENDING_AG03,FALSE,NOT_FOR_ENFORCEMENT,161.8620,3495.0857,168.6062,161.8620,6.7442,0.04383393,0.04208057,6.7442,161.8620,0.04208057,6.7442,6.7442,6.7442,10.1164,10.1164,161.8620,0.04208057,40.4655,36.7979,128.1407,131.8084,0.03331378,0.03426729,0.00175336,5.7842,20.8041,0.9635,84.3031,5.2689,1923.2391,87.5000,,5.7842,2.1082,2.1082,10.5412,14.7577,19.2904,21.0824,2.1082,-2.1082,9.15,10.0,2.743609,9,29,4,7,0E-8,0.04383393,,0E-8,0.000000,0.946506,0.000000,,2026-04-09,2026-04-10,2,32,16,2,1.000000,,,0.000000,,,,,,,,GLOBAL_BASELINE_NO_ENTITY_RANKING,,,NOT_APPLICABLE_GLOBAL_BASELINE,HF9g-P5,,,,X 全窗基线 · 不参与实体赏罚,6875734,688,A168_HF9F_20260827_0900,2026-08-27 09:00:00
2026-04-09,144395070,2145,0,160.2260029940,33.7317901040,33.7317901040,0.7142857,28,7,0.37983901285714286,0.184790007143,1.823156421705268,3.6094204534097147,1.823156421705268,0.19504900571414286,ELIGIBLE,R03b_20260811_FULL_v1,L1_ELIGIBILITY,v2026-08-11,2026-03-21..2026-08-06,baccarat_bet02_101_all_pairs_incl_sentinel,round_win = game_pnl > 0 (decisive only),COMPATIBILITY_ONLY_NOT_PRODUCTION,3846.4782,3640.7143,168.6062,665,175,-0.04383393,,-0.04383393,-0.04383393,-168.6062,3846.4782,OK,0.0000,6.7442,4.0000,96.0000,AG03-UNRESOLVED,ALL5_LEVELS_bet23_to_bet27,6.7442,6.7442,6.7442,10.1164,10.1164,4.000000,4.000000,4.000000,6.000000,6.000000,96.000000,96.000000,96.000000,94.000000,94.000000,5.0,40.4655,36.7979,128.1407,131.8084,PENDING_AG03,FALSE,NOT_FOR_ENFORCEMENT,161.8620,3495.0857,168.6062,161.8620,6.7442,0.04383393,0.04208057,6.7442,161.8620,0.04208057,6.7442,6.7442,6.7442,10.1164,10.1164,161.8620,0.04208057,40.4655,36.7979,128.1407,131.8084,0.03331378,0.03426729,0.00175336,5.7842,20.8041,0.9635,84.3031,5.2689,1923.2391,87.5000,,5.7842,2.1082,2.1082,10.5412,14.7577,19.2904,21.0824,2.1082,-2.1082,9.15,10.0,2.743609,9,29,4,7,0E-8,0.04383393,,0E-8,0.000000,0.946506,0.000000,,2026-04-09,2026-04-10,2,32,16,2,1.000000,,,0.000000,,,,,,,,GLOBAL_BASELINE_NO_ENTITY_RANKING,,,NOT_APPLICABLE_GLOBAL_BASELINE,HF9g-P5,,,,X 全窗基线 · 不参与实体赏罚,6875735,688,A168_HF9F_20260827_0900,2026-08-27 09:00:00
2026-04-09,144395070,2155,0,80.1130014970,-21.0823688150,-21.0823688150,0.5000000,16,4,0.36429435375000000,0.185149075000,0.563992928571831,1.6211944728952972,0.563992928571831,0.17914527875000000,ELIGIBLE,R03b_20260811_FULL_v1,L1_ELIGIBILITY,v2026-08-11,2026-03-21..2026-08-06,baccarat_bet02_101_all_pairs_incl_sentinel,round_win = game_pnl > 0 (decisive only),COMPATIBILITY_ONLY_NOT_PRODUCTION,3846.4782,3640.7143,168.6062,665,175,-0.04383393,,-0.04383393,-0.04383393,-168.6062,3846.4782,OK,0.0000,6.7442,4.0000,96.0000,AG03-UNRESOLVED,ALL5_LEVELS_bet23_to_bet27,6.7442,6.7442,6.7442,10.1164,10.1164,4.000000,4.000000,4.000000,6.000000,6.000000,96.000000,96.000000,96.000000,94.000000,94.000000,5.0,40.4655,36.7979,128.1407,131.8084,PENDING_AG03,FALSE,NOT_FOR_ENFORCEMENT,161.8620,3495.0857,168.6062,161.8620,6.7442,0.04383393,0.04208057,6.7442,161.8620,0.04208057,6.7442,6.7442,6.7442,10.1164,10.1164,161.8620,0.04208057,40.4655,36.7979,128.1407,131.8084,0.03331378,0.03426729,0.00175336,5.7842,20.8041,0.9635,84.3031,5.2689,1923.2391,87.5000,,5.7842,2.1082,2.1082,10.5412,14.7577,19.2904,21.0824,2.1082,-2.1082,9.15,10.0,2.743609,9,29,4,7,0E-8,0.04383393,,0E-8,0.000000,0.946506,0.000000,,2026-04-09,2026-04-10,2,32,16,2,1.000000,,,0.000000,,,,,,,,GLOBAL_BASELINE_NO_ENTITY_RANKING,,,NOT_APPLICABLE_GLOBAL_BASELINE,HF9g-P5,,,,X 全窗基线 · 不参与实体赏罚,6875736,688,A168_HF9F_20260827_0900,2026-08-27 09:00:00
2026-04-09,144395070,2174,0,28.6720215884,11.8061265364,11.8061265364,1.0000000,5,1,0.36749935294117647,0.151215980000,1.3119044273172662,2.3691892482523884,1.3119044273172662,0.21628337294117647,ELIGIBLE,R03b_20260811_FULL_v1,L1_ELIGIBILITY,v2026-08-11,2026-03-21..2026-08-06,baccarat_bet02_101_all_pairs_incl_sentinel,round_win = game_pnl > 0 (decisive only),COMPATIBILITY_ONLY_NOT_PRODUCTION,3846.4782,3640.7143,168.6062,665,175,-0.04383393,,-0.04383393,-0.04383393,-168.6062,3846.4782,OK,0.0000,6.7442,4.0000,96.0000,AG03-UNRESOLVED,ALL5_LEVELS_bet23_to_bet27,6.7442,6.7442,6.7442,10.1164,10.1164,4.000000,4.000000,4.000000,6.000000,6.000000,96.000000,96.000000,96.000000,94.000000,94.000000,5.0,40.4655,36.7979,128.1407,131.8084,PENDING_AG03,FALSE,NOT_FOR_ENFORCEMENT,161.8620,3495.0857,168.6062,161.8620,6.7442,0.04383393,0.04208057,6.7442,161.8620,0.04208057,6.7442,6.7442,6.7442,10.1164,10.1164,161.8620,0.04208057,40.4655,36.7979,128.1407,131.8084,0.03331378,0.03426729,0.00175336,5.7842,20.8041,0.9635,84.3031,5.2689,1923.2391,87.5000,,5.7842,2.1082,2.1082,10.5412,14.7577,19.2904,21.0824,2.1082,-2.1082,9.15,10.0,2.743609,9,29,4,7,0E-8,0.04383393,,0E-8,0.000000,0.946506,0.000000,,2026-04-09,2026-04-10,2,32,16,2,1.000000,,,0.000000,,,,,,,,GLOBAL_BASELINE_NO_ENTITY_RANKING,,,NOT_APPLICABLE_GLOBAL_BASELINE,HF9g-P5,,,,X 全窗基线 · 不参与实体赏罚,6875737,688,A168_HF9F_20260827_0900,2026-08-27 09:00:00
2026-04-09,144395070,2177,0,90.2325385282,-22.7689583202,-22.7689583202,0.5000000,16,4,0.37658038101851852,0.182989437500,0.509442436774629,1.6397471386305191,0.509442436774629,0.19359094351851852,ELIGIBLE,R03b_20260811_FULL_v1,L1_ELIGIBILITY,v2026-08-11,2026-03-21..2026-08-06,baccarat_bet02_101_all_pairs_incl_sentinel,round_win = game_pnl > 0 (decisive only),COMPATIBILITY_ONLY_NOT_PRODUCTION,3846.4782,3640.7143,168.6062,665,175,-0.04383393,,-0.04383393,-0.04383393,-168.6062,3846.4782,OK,0.0000,6.7442,4.0000,96.0000,AG03-UNRESOLVED,ALL5_LEVELS_bet23_to_bet27,6.7442,6.7442,6.7442,10.1164,10.1164,4.000000,4.000000,4.000000,6.000000,6.000000,96.000000,96.000000,96.000000,94.000000,94.000000,5.0,40.4655,36.7979,128.1407,131.8084,PENDING_AG03,FALSE,NOT_FOR_ENFORCEMENT,161.8620,3495.0857,168.6062,161.8620,6.7442,0.04383393,0.04208057,6.7442,161.8620,0.04208057,6.7442,6.7442,6.7442,10.1164,10.1164,161.8620,0.04208057,40.4655,36.7979,128.1407,131.8084,0.03331378,0.03426729,0.00175336,5.7842,20.8041,0.9635,84.3031,5.2689,1923.2391,87.5000,,5.7842,2.1082,2.1082,10.5412,14.7577,19.2904,21.0824,2.1082,-2.1082,9.15,10.0,2.743609,9,29,4,7,0E-8,0.04383393,,0E-8,0.000000,0.946506,0.000000,,2026-04-09,2026-04-10,2,32,16,2,1.000000,,,0.000000,,,,,,,,GLOBAL_BASELINE_NO_ENTITY_RANKING,,,NOT_APPLICABLE_GLOBAL_BASELINE,HF9g-P5,,,,X 全窗基线 · 不参与实体赏罚,6875738,688,A168_HF9F_20260827_0900,2026-08-27 09:00:00
2026-04-09,144395070,2223,0,195.6443826032,29.6207281850,29.6207281850,0.6666667,38,9,0.36561043688620903,0.177999372222,1.8753466894031188,3.8325622565846595,1.8753466894031188,0.18761106466420903,ELIGIBLE,R03b_20260811_FULL_v1,L1_ELIGIBILITY,v2026-08-11,2026-03-21..2026-08-06,baccarat_bet02_101_all_pairs_incl_sentinel,round_win = game_pnl > 0 (decisive only),COMPATIBILITY_ONLY_NOT_PRODUCTION,3846.4782,3640.7143,168.6062,665,175,-0.04383393,,-0.04383393,-0.04383393,-168.6062,3846.4782,OK,0.0000,6.7442,4.0000,96.0000,AG03-UNRESOLVED,ALL5_LEVELS_bet23_to_bet27,6.7442,6.7442,6.7442,10.1164,10.1164,4.000000,4.000000,4.000000,6.000000,6.000000,96.000000,96.000000,96.000000,94.000000,94.000000,5.0,40.4655,36.7979,128.1407,131.8084,PENDING_AG03,FALSE,NOT_FOR_ENFORCEMENT,161.8620,3495.0857,168.6062,161.8620,6.7442,0.04383393,0.04208057,6.7442,161.8620,0.04208057,6.7442,6.7442,6.7442,10.1164,10.1164,161.8620,0.04208057,40.4655,36.7979,128.1407,131.8084,0.03331378,0.03426729,0.00175336,5.7842,20.8041,0.9635,84.3031,5.2689,1923.2391,87.5000,,5.7842,2.1082,2.1082,10.5412,14.7577,19.2904,21.0824,2.1082,-2.1082,9.15,10.0,2.743609,9,29,4,7,0E-8,0.04383393,,0E-8,0.000000,0.946506,0.000000,,2026-04-09,2026-04-10,2,32,16,2,1.000000,,,0.000000,,,,,,,,GLOBAL_BASELINE_NO_ENTITY_RANKING,,,NOT_APPLICABLE_GLOBAL_BASELINE,HF9g-P5,,,,X 全窗基线 · 不参与实体赏罚,6875739,688,A168_HF9F_20260827_0900,2026-08-27 09:00:00
2026-04-09,144395070,2233,0,12.2277739127,-12.2277739127,-12.2277739127,0E-7,2,1,0.42451400000000000,0.293924150000,-0.8588723612189336,-0.6451964315166089,-0.8588723612189336,0.13058985000000000,ELIGIBLE,R03b_20260811_FULL_v1,L1_ELIGIBILITY,v2026-08-11,2026-03-21..2026-08-06,baccarat_bet02_101_all_pairs_incl_sentinel,round_win = game_pnl > 0 (decisive only),COMPATIBILITY_ONLY_NOT_PRODUCTION,3846.4782,3640.7143,168.6062,665,175,-0.04383393,,-0.04383393,-0.04383393,-168.6062,3846.4782,OK,0.0000,6.7442,4.0000,96.0000,AG03-UNRESOLVED,ALL5_LEVELS_bet23_to_bet27,6.7442,6.7442,6.7442,10.1164,10.1164,4.000000,4.000000,4.000000,6.000000,6.000000,96.000000,96.000000,96.000000,94.000000,94.000000,5.0,40.4655,36.7979,128.1407,131.8084,PENDING_AG03,FALSE,NOT_FOR_ENFORCEMENT,161.8620,3495.0857,168.6062,161.8620,6.7442,0.04383393,0.04208057,6.7442,161.8620,0.04208057,6.7442,6.7442,6.7442,10.1164,10.1164,161.8620,0.04208057,40.4655,36.7979,128.1407,131.8084,0.03331378,0.03426729,0.00175336,5.7842,20.8041,0.9635,84.3031,5.2689,1923.2391,87.5000,,5.7842,2.1082,2.1082,10.5412,14.7577,19.2904,21.0824,2.1082,-2.1082,9.15,10.0,2.743609,9,29,4,7,0E-8,0.04383393,,0E-8,0.000000,0.946506,0.000000,,2026-04-09,2026-04-10,2,32,16,2,1.000000,,,0.000000,,,,,,,,GLOBAL_BASELINE_NO_ENTITY_RANKING,,,NOT_APPLICABLE_GLOBAL_BASELINE,HF9g-P5,,,,X 全窗基线 · 不参与实体赏罚,6875740,688,A168_HF9F_20260827_0900,2026-08-27 09:00:00
2026-04-09,144395070,2246,0,374.2120464662,-1.9501191156,-1.9501191156,0.7142857,56,14,0.37727124917600509,0.185747521429,2.6015743736772103,5.085098093108789,2.6015743736772103,0.19152372774700509,ELIGIBLE,R03b_20260811_FULL_v1,L1_ELIGIBILITY,v2026-08-11,2026-03-21..2026-08-06,baccarat_bet02_101_all_pairs_incl_sentinel,round_win = game_pnl > 0 (decisive only),COMPATIBILITY_ONLY_NOT_PRODUCTION,3846.4782,3640.7143,168.6062,665,175,-0.04383393,,-0.04383393,-0.04383393,-168.6062,3846.4782,OK,0.0000,6.7442,4.0000,96.0000,AG03-UNRESOLVED,ALL5_LEVELS_bet23_to_bet27,6.7442,6.7442,6.7442,10.1164,10.1164,4.000000,4.000000,4.000000,6.000000,6.000000,96.000000,96.000000,96.000000,94.000000,94.000000,5.0,40.4655,36.7979,128.1407,131.8084,PENDING_AG03,FALSE,NOT_FOR_ENFORCEMENT,161.8620,3495.0857,168.6062,161.8620,6.7442,0.04383393,0.04208057,6.7442,161.8620,0.04208057,6.7442,6.7442,6.7442,10.1164,10.1164,161.8620,0.04208057,40.4655,36.7979,128.1407,131.8084,0.03331378,0.03426729,0.00175336,5.7842,20.8041,0.9635,84.3031,5.2689,1923.2391,87.5000,,5.7842,2.1082,2.1082,10.5412,14.7577,19.2904,21.0824,2.1082,-2.1082,9.15,10.0,2.743609,9,29,4,7,0E-8,0.04383393,,0E-8,0.000000,0.946506,0.000000,,2026-04-09,2026-04-10,2,32,16,2,1.000000,,,0.000000,,,,,,,,GLOBAL_BASELINE_NO_ENTITY_RANKING,,,NOT_APPLICABLE_GLOBAL_BASELINE,HF9g-P5,,,,X 全窗基线 · 不参与实体赏罚,6875741,688,A168_HF9F_20260827_0900,2026-08-27 09:00:00
2026-04-09,144395070,529,0,46.3812113930,-8.4329475260,-8.4329475260,0.5000000,8,2,0.38968837833333334,0.187662550000,0.31989077783451153,1.1313110101635044,0.31989077783451153,0.20202582833333334,ELIGIBLE,R03b_20260811_FULL_v1,L1_ELIGIBILITY,v2026-08-11,2026-03-21..2026-08-06,baccarat_bet02_101_all_pairs_incl_sentinel,round_win = game_pnl > 0 (decisive only),COMPATIBILITY_ONLY_NOT_PRODUCTION,3846.4782,3640.7143,168.6062,665,175,-0.04383393,,-0.04383393,-0.04383393,-168.6062,3846.4782,OK,0.0000,6.7442,4.0000,96.0000,AG03-UNRESOLVED,ALL5_LEVELS_bet23_to_bet27,6.7442,6.7442,6.7442,10.1164,10.1164,4.000000,4.000000,4.000000,6.000000,6.000000,96.000000,96.000000,96.000000,94.000000,94.000000,5.0,40.4655,36.7979,128.1407,131.8084,PENDING_AG03,FALSE,NOT_FOR_ENFORCEMENT,161.8620,3495.0857,168.6062,161.8620,6.7442,0.04383393,0.04208057,6.7442,161.8620,0.04208057,6.7442,6.7442,6.7442,10.1164,10.1164,161.8620,0.04208057,40.4655,36.7979,128.1407,131.8084,0.03331378,0.03426729,0.00175336,5.7842,20.8041,0.9635,84.3031,5.2689,1923.2391,87.5000,,5.7842,2.1082,2.1082,10.5412,14.7577,19.2904,21.0824,2.1082,-2.1082,9.15,10.0,2.743609,9,29,4,7,0E-8,0.04383393,,0E-8,0.000000,0.946506,0.000000,,2026-04-09,2026-04-10,2,32,16,2,1.000000,,,0.000000,,,,,,,,GLOBAL_BASELINE_NO_ENTITY_RANKING,,,NOT_APPLICABLE_GLOBAL_BASELINE,HF9g-P5,,,,X 全窗基线 · 不参与实体赏罚,6875742,688,A168_HF9F_20260827_0900,2026-08-27 09:00:00
2026-04-09,144395070,550,0,269.8543208320,-6.7463580210,-6.7463580210,0.6666667,48,12,0.37809309044871795,0.185707625000,2.061508468655051,4.284436047135771,2.061508468655051,0.19238546544871795,ELIGIBLE,R03b_20260811_FULL_v1,L1_ELIGIBILITY,v2026-08-11,2026-03-21..2026-08-06,baccarat_bet02_101_all_pairs_incl_sentinel,round_win = game_pnl > 0 (decisive only),COMPATIBILITY_ONLY_NOT_PRODUCTION,3846.4782,3640.7143,168.6062,665,175,-0.04383393,,-0.04383393,-0.04383393,-168.6062,3846.4782,OK,0.0000,6.7442,4.0000,96.0000,AG03-UNRESOLVED,ALL5_LEVELS_bet23_to_bet27,6.7442,6.7442,6.7442,10.1164,10.1164,4.000000,4.000000,4.000000,6.000000,6.000000,96.000000,96.000000,96.000000,94.000000,94.000000,5.0,40.4655,36.7979,128.1407,131.8084,PENDING_AG03,FALSE,NOT_FOR_ENFORCEMENT,161.8620,3495.0857,168.6062,161.8620,6.7442,0.04383393,0.04208057,6.7442,161.8620,0.04208057,6.7442,6.7442,6.7442,10.1164,10.1164,161.8620,0.04208057,40.4655,36.7979,128.1407,131.8084,0.03331378,0.03426729,0.00175336,5.7842,20.8041,0.9635,84.3031,5.2689,1923.2391,87.5000,,5.7842,2.1082,2.1082,10.5412,14.7577,19.2904,21.0824,2.1082,-2.1082,9.15,10.0,2.743609,9,29,4,7,0E-8,0.04383393,,0E-8,0.000000,0.946506,0.000000,,2026-04-09,2026-04-10,2,32,16,2,1.000000,,,0.000000,,,,,,,,GLOBAL_BASELINE_NO_ENTITY_RANKING,,,NOT_APPLICABLE_GLOBAL_BASELINE,HF9g-P5,,,,X 全窗基线 · 不参与实体赏罚,6875743,688,A168_HF9F_20260827_0900,2026-08-27 09:00:00
2026-04-10,144395070,1330,0,69.5718170895,-69.5718170895,-69.5718170895,0E-7,12,3,0.38261470000000000,0.185428350000,-1.363525645900993,-0.8263880887004321,-1.363525645900993,0.19718635000000000,ELIGIBLE,R03b_20260811_FULL_v1,L1_ELIGIBILITY,v2026-08-11,2026-03-21..2026-08-06,baccarat_bet02_101_all_pairs_incl_sentinel,round_win = game_pnl > 0 (decisive only),COMPATIBILITY_ONLY_NOT_PRODUCTION,3846.4782,3640.7143,168.6062,665,175,-0.04383393,,-0.04383393,-0.04383393,-168.6062,3846.4782,OK,0.0000,6.7442,4.0000,96.0000,AG03-UNRESOLVED,ALL5_LEVELS_bet23_to_bet27,6.7442,6.7442,6.7442,10.1164,10.1164,4.000000,4.000000,4.000000,6.000000,6.000000,96.000000,96.000000,96.000000,94.000000,94.000000,5.0,40.4655,36.7979,128.1407,131.8084,PENDING_AG03,FALSE,NOT_FOR_ENFORCEMENT,161.8620,3495.0857,168.6062,161.8620,6.7442,0.04383393,0.04208057,6.7442,161.8620,0.04208057,6.7442,6.7442,6.7442,10.1164,10.1164,161.8620,0.04208057,40.4655,36.7979,128.1407,131.8084,0.03331378,0.03426729,0.00175336,5.7842,20.8041,0.9635,84.3031,5.2689,1923.2391,87.5000,,5.7842,2.1082,2.1082,10.5412,14.7577,19.2904,21.0824,2.1082,-2.1082,9.15,10.0,2.743609,9,29,4,7,0E-8,0.04383393,,0E-8,0.000000,0.946506,0.000000,,2026-04-09,2026-04-10,2,32,16,2,1.000000,,,0.000000,,,,,,,,GLOBAL_BASELINE_NO_ENTITY_RANKING,,,NOT_APPLICABLE_GLOBAL_BASELINE,HF9g-P5,,,,X 全窗基线 · 不参与实体赏罚,6875744,688,A168_HF9F_20260827_0900,2026-08-27 09:00:00
2026-04-10,144395070,1374,0,124.3859760085,1.0541184407,1.0541184407,0.6000000,20,5,0.38884434307692308,0.184981510000,0.9685541635199092,2.3900366308784284,0.9685541635199092,0.20386283307692308,ELIGIBLE,R03b_20260811_FULL_v1,L1_ELIGIBILITY,v2026-08-11,2026-03-21..2026-08-06,baccarat_bet02_101_all_pairs_incl_sentinel,round_win = game_pnl > 0 (decisive only),COMPATIBILITY_ONLY_NOT_PRODUCTION,3846.4782,3640.7143,168.6062,665,175,-0.04383393,,-0.04383393,-0.04383393,-168.6062,3846.4782,OK,0.0000,6.7442,4.0000,96.0000,AG03-UNRESOLVED,ALL5_LEVELS_bet23_to_bet27,6.7442,6.7442,6.7442,10.1164,10.1164,4.000000,4.000000,4.000000,6.000000,6.000000,96.000000,96.000000,96.000000,94.000000,94.000000,5.0,40.4655,36.7979,128.1407,131.8084,PENDING_AG03,FALSE,NOT_FOR_ENFORCEMENT,161.8620,3495.0857,168.6062,161.8620,6.7442,0.04383393,0.04208057,6.7442,161.8620,0.04208057,6.7442,6.7442,6.7442,10.1164,10.1164,161.8620,0.04208057,40.4655,36.7979,128.1407,131.8084,0.03331378,0.03426729,0.00175336,5.7842,20.8041,0.9635,84.3031,5.2689,1923.2391,87.5000,,5.7842,2.1082,2.1082,10.5412,14.7577,19.2904,21.0824,2.1082,-2.1082,9.15,10.0,2.743609,9,29,4,7,0E-8,0.04383393,,0E-8,0.000000,0.946506,0.000000,,2026-04-09,2026-04-10,2,32,16,2,1.000000,,,0.000000,,,,,,,,GLOBAL_BASELINE_NO_ENTITY_RANKING,,,NOT_APPLICABLE_GLOBAL_BASELINE,HF9g-P5,,,,X 全窗基线 · 不参与实体赏罚,6875745,688,A168_HF9F_20260827_0900,2026-08-27 09:00:00
2026-04-10,144395070,1396,0,21.0823688150,-21.0823688150,-21.0823688150,0E-7,4,1,0.36967180000000000,0.184311250000,-0.7658166290412264,-0.47535020548684115,-0.7658166290412264,0.18536055000000000,ELIGIBLE,R03b_20260811_FULL_v1,L1_ELIGIBILITY,v2026-08-11,2026-03-21..2026-08-06,baccarat_bet02_101_all_pairs_incl_sentinel,round_win = game_pnl > 0 (decisive only),COMPATIBILITY_ONLY_NOT_PRODUCTION,3846.4782,3640.7143,168.6062,665,175,-0.04383393,,-0.04383393,-0.04383393,-168.6062,3846.4782,OK,0.0000,6.7442,4.0000,96.0000,AG03-UNRESOLVED,ALL5_LEVELS_bet23_to_bet27,6.7442,6.7442,6.7442,10.1164,10.1164,4.000000,4.000000,4.000000,6.000000,6.000000,96.000000,96.000000,96.000000,94.000000,94.000000,5.0,40.4655,36.7979,128.1407,131.8084,PENDING_AG03,FALSE,NOT_FOR_ENFORCEMENT,161.8620,3495.0857,168.6062,161.8620,6.7442,0.04383393,0.04208057,6.7442,161.8620,0.04208057,6.7442,6.7442,6.7442,10.1164,10.1164,161.8620,0.04208057,40.4655,36.7979,128.1407,131.8084,0.03331378,0.03426729,0.00175336,5.7842,20.8041,0.9635,84.3031,5.2689,1923.2391,87.5000,,5.7842,2.1082,2.1082,10.5412,14.7577,19.2904,21.0824,2.1082,-2.1082,9.15,10.0,2.743609,9,29,4,7,0E-8,0.04383393,,0E-8,0.000000,0.946506,0.000000,,2026-04-09,2026-04-10,2,32,16,2,1.000000,,,0.000000,,,,,,,,GLOBAL_BASELINE_NO_ENTITY_RANKING,,,NOT_APPLICABLE_GLOBAL_BASELINE,HF9g-P5,,,,X 全窗基线 · 不参与实体赏罚,6875746,688,A168_HF9F_20260827_0900,2026-08-27 09:00:00
2026-04-10,144395070,1400,0,107.5200809565,21.0823688150,21.0823688150,0.8000000,18,5,0.39300928311688312,0.206904090000,1.863275513377784,3.273878352829033,1.863275513377784,0.18610519311688312,ELIGIBLE,R03b_20260811_FULL_v1,L1_ELIGIBILITY,v2026-08-11,2026-03-21..2026-08-06,baccarat_bet02_101_all_pairs_incl_sentinel,round_win = game_pnl > 0 (decisive only),COMPATIBILITY_ONLY_NOT_PRODUCTION,3846.4782,3640.7143,168.6062,665,175,-0.04383393,,-0.04383393,-0.04383393,-168.6062,3846.4782,OK,0.0000,6.7442,4.0000,96.0000,AG03-UNRESOLVED,ALL5_LEVELS_bet23_to_bet27,6.7442,6.7442,6.7442,10.1164,10.1164,4.000000,4.000000,4.000000,6.000000,6.000000,96.000000,96.000000,96.000000,94.000000,94.000000,5.0,40.4655,36.7979,128.1407,131.8084,PENDING_AG03,FALSE,NOT_FOR_ENFORCEMENT,161.8620,3495.0857,168.6062,161.8620,6.7442,0.04383393,0.04208057,6.7442,161.8620,0.04208057,6.7442,6.7442,6.7442,10.1164,10.1164,161.8620,0.04208057,40.4655,36.7979,128.1407,131.8084,0.03331378,0.03426729,0.00175336,5.7842,20.8041,0.9635,84.3031,5.2689,1923.2391,87.5000,,5.7842,2.1082,2.1082,10.5412,14.7577,19.2904,21.0824,2.1082,-2.1082,9.15,10.0,2.743609,9,29,4,7,0E-8,0.04383393,,0E-8,0.000000,0.946506,0.000000,,2026-04-09,2026-04-10,2,32,16,2,1.000000,,,0.000000,,,,,,,,GLOBAL_BASELINE_NO_ENTITY_RANKING,,,NOT_APPLICABLE_GLOBAL_BASELINE,HF9g-P5,,,,X 全窗基线 · 不参与实体赏罚,6875747,688,A168_HF9F_20260827_0900,2026-08-27 09:00:00
2026-04-10,144395070,1654,0,12.6494212890,-12.6494212890,-12.6494212890,0E-7,2,1,0.43797605000000000,0.300626750000,-0.8827704148093826,-0.655630731788307,-0.8827704148093826,0.13734930000000000,ELIGIBLE,R03b_20260811_FULL_v1,L1_ELIGIBILITY,v2026-08-11,2026-03-21..2026-08-06,baccarat_bet02_101_all_pairs_incl_sentinel,round_win = game_pnl > 0 (decisive only),COMPATIBILITY_ONLY_NOT_PRODUCTION,3846.4782,3640.7143,168.6062,665,175,-0.04383393,,-0.04383393,-0.04383393,-168.6062,3846.4782,OK,0.0000,6.7442,4.0000,96.0000,AG03-UNRESOLVED,ALL5_LEVELS_bet23_to_bet27,6.7442,6.7442,6.7442,10.1164,10.1164,4.000000,4.000000,4.000000,6.000000,6.000000,96.000000,96.000000,96.000000,94.000000,94.000000,5.0,40.4655,36.7979,128.1407,131.8084,PENDING_AG03,FALSE,NOT_FOR_ENFORCEMENT,161.8620,3495.0857,168.6062,161.8620,6.7442,0.04383393,0.04208057,6.7442,161.8620,0.04208057,6.7442,6.7442,6.7442,10.1164,10.1164,161.8620,0.04208057,40.4655,36.7979,128.1407,131.8084,0.03331378,0.03426729,0.00175336,5.7842,20.8041,0.9635,84.3031,5.2689,1923.2391,87.5000,,5.7842,2.1082,2.1082,10.5412,14.7577,19.2904,21.0824,2.1082,-2.1082,9.15,10.0,2.743609,9,29,4,7,0E-8,0.04383393,,0E-8,0.000000,0.946506,0.000000,,2026-04-09,2026-04-10,2,32,16,2,1.000000,,,0.000000,,,,,,,,GLOBAL_BASELINE_NO_ENTITY_RANKING,,,NOT_APPLICABLE_GLOBAL_BASELINE,HF9g-P5,,,,X 全窗基线 · 不参与实体赏罚,6875748,688,A168_HF9F_20260827_0900,2026-08-27 09:00:00
2026-04-10,144395070,2169,0,63.2471064450,-63.2471064450,-63.2471064450,0E-7,12,3,0.37279968000000000,0.185428350000,-1.3353504502256874,-0.8263880887004321,-1.3353504502256874,0.18737133000000000,ELIGIBLE,R03b_20260811_FULL_v1,L1_ELIGIBILITY,v2026-08-11,2026-03-21..2026-08-06,baccarat_bet02_101_all_pairs_incl_sentinel,round_win = game_pnl > 0 (decisive only),COMPATIBILITY_ONLY_NOT_PRODUCTION,3846.4782,3640.7143,168.6062,665,175,-0.04383393,,-0.04383393,-0.04383393,-168.6062,3846.4782,OK,0.0000,6.7442,4.0000,96.0000,AG03-UNRESOLVED,ALL5_LEVELS_bet23_to_bet27,6.7442,6.7442,6.7442,10.1164,10.1164,4.000000,4.000000,4.000000,6.000000,6.000000,96.000000,96.000000,96.000000,94.000000,94.000000,5.0,40.4655,36.7979,128.1407,131.8084,PENDING_AG03,FALSE,NOT_FOR_ENFORCEMENT,161.8620,3495.0857,168.6062,161.8620,6.7442,0.04383393,0.04208057,6.7442,161.8620,0.04208057,6.7442,6.7442,6.7442,10.1164,10.1164,161.8620,0.04208057,40.4655,36.7979,128.1407,131.8084,0.03331378,0.03426729,0.00175336,5.7842,20.8041,0.9635,84.3031,5.2689,1923.2391,87.5000,,5.7842,2.1082,2.1082,10.5412,14.7577,19.2904,21.0824,2.1082,-2.1082,9.15,10.0,2.743609,9,29,4,7,0E-8,0.04383393,,0E-8,0.000000,0.946506,0.000000,,2026-04-09,2026-04-10,2,32,16,2,1.000000,,,0.000000,,,,,,,,GLOBAL_BASELINE_NO_ENTITY_RANKING,,,NOT_APPLICABLE_GLOBAL_BASELINE,HF9g-P5,,,,X 全窗基线 · 不参与实体赏罚,6875749,688,A168_HF9F_20260827_0900,2026-08-27 09:00:00
2026-04-10,144395070,2171,0,434.9292686533,-114.2664389773,-114.2664389773,0.4285714,66,21,0.41340785269887016,0.260410711905,0.14110870061053632,1.7559391761055152,0.14110870061053632,0.15299714079387016,ELIGIBLE,R03b_20260811_FULL_v1,L1_ELIGIBILITY,v2026-08-11,2026-03-21..2026-08-06,baccarat_bet02_101_all_pairs_incl_sentinel,round_win = game_pnl > 0 (decisive only),COMPATIBILITY_ONLY_NOT_PRODUCTION,3846.4782,3640.7143,168.6062,665,175,-0.04383393,,-0.04383393,-0.04383393,-168.6062,3846.4782,OK,0.0000,6.7442,4.0000,96.0000,AG03-UNRESOLVED,ALL5_LEVELS_bet23_to_bet27,6.7442,6.7442,6.7442,10.1164,10.1164,4.000000,4.000000,4.000000,6.000000,6.000000,96.000000,96.000000,96.000000,94.000000,94.000000,5.0,40.4655,36.7979,128.1407,131.8084,PENDING_AG03,FALSE,NOT_FOR_ENFORCEMENT,161.8620,3495.0857,168.6062,161.8620,6.7442,0.04383393,0.04208057,6.7442,161.8620,0.04208057,6.7442,6.7442,6.7442,10.1164,10.1164,161.8620,0.04208057,40.4655,36.7979,128.1407,131.8084,0.03331378,0.03426729,0.00175336,5.7842,20.8041,0.9635,84.3031,5.2689,1923.2391,87.5000,,5.7842,2.1082,2.1082,10.5412,14.7577,19.2904,21.0824,2.1082,-2.1082,9.15,10.0,2.743609,9,29,4,7,0E-8,0.04383393,,0E-8,0.000000,0.946506,0.000000,,2026-04-09,2026-04-10,2,32,16,2,1.000000,,,0.000000,,,,,,,,GLOBAL_BASELINE_NO_ENTITY_RANKING,,,NOT_APPLICABLE_GLOBAL_BASELINE,HF9g-P5,,,,X 全窗基线 · 不参与实体赏罚,6875750,688,A168_HF9F_20260827_0900,2026-08-27 09:00:00
2026-04-10,144395070,2241,0,190.7954377757,109.2593763837,109.2593763837,0.8888889,34,9,0.37803365391531849,0.197979927778,3.1606064918618983,5.201623098960039,3.1606064918618983,0.18005372613731849,ELIGIBLE,R03b_20260811_FULL_v1,L1_ELIGIBILITY,v2026-08-11,2026-03-21..2026-08-06,baccarat_bet02_101_all_pairs_incl_sentinel,round_win = game_pnl > 0 (decisive only),COMPATIBILITY_ONLY_NOT_PRODUCTION,3846.4782,3640.7143,168.6062,665,175,-0.04383393,,-0.04383393,-0.04383393,-168.6062,3846.4782,OK,0.0000,6.7442,4.0000,96.0000,AG03-UNRESOLVED,ALL5_LEVELS_bet23_to_bet27,6.7442,6.7442,6.7442,10.1164,10.1164,4.000000,4.000000,4.000000,6.000000,6.000000,96.000000,96.000000,96.000000,94.000000,94.000000,5.0,40.4655,36.7979,128.1407,131.8084,PENDING_AG03,FALSE,NOT_FOR_ENFORCEMENT,161.8620,3495.0857,168.6062,161.8620,6.7442,0.04383393,0.04208057,6.7442,161.8620,0.04208057,6.7442,6.7442,6.7442,10.1164,10.1164,161.8620,0.04208057,40.4655,36.7979,128.1407,131.8084,0.03331378,0.03426729,0.00175336,5.7842,20.8041,0.9635,84.3031,5.2689,1923.2391,87.5000,,5.7842,2.1082,2.1082,10.5412,14.7577,19.2904,21.0824,2.1082,-2.1082,9.15,10.0,2.743609,9,29,4,7,0E-8,0.04383393,,0E-8,0.000000,0.946506,0.000000,,2026-04-09,2026-04-10,2,32,16,2,1.000000,,,0.000000,,,,,,,,GLOBAL_BASELINE_NO_ENTITY_RANKING,,,NOT_APPLICABLE_GLOBAL_BASELINE,HF9g-P5,,,,X 全窗基线 · 不参与实体赏罚,6875751,688,A168_HF9F_20260827_0900,2026-08-27 09:00:00
2026-04-10,144395070,2246,0,246.6637151355,-27.4070794595,-27.4070794595,0.5000000,37,10,0.40396060861538461,0.215874935000,0.618931247297911,2.1838146238769887,0.618931247297911,0.18808567361538461,ELIGIBLE,R03b_20260811_FULL_v1,L1_ELIGIBILITY,v2026-08-11,2026-03-21..2026-08-06,baccarat_bet02_101_all_pairs_incl_sentinel,round_win = game_pnl > 0 (decisive only),COMPATIBILITY_ONLY_NOT_PRODUCTION,3846.4782,3640.7143,168.6062,665,175,-0.04383393,,-0.04383393,-0.04383393,-168.6062,3846.4782,OK,0.0000,6.7442,4.0000,96.0000,AG03-UNRESOLVED,ALL5_LEVELS_bet23_to_bet27,6.7442,6.7442,6.7442,10.1164,10.1164,4.000000,4.000000,4.000000,6.000000,6.000000,96.000000,96.000000,96.000000,94.000000,94.000000,5.0,40.4655,36.7979,128.1407,131.8084,PENDING_AG03,FALSE,NOT_FOR_ENFORCEMENT,161.8620,3495.0857,168.6062,161.8620,6.7442,0.04383393,0.04208057,6.7442,161.8620,0.04208057,6.7442,6.7442,6.7442,10.1164,10.1164,161.8620,0.04208057,40.4655,36.7979,128.1407,131.8084,0.03331378,0.03426729,0.00175336,5.7842,20.8041,0.9635,84.3031,5.2689,1923.2391,87.5000,,5.7842,2.1082,2.1082,10.5412,14.7577,19.2904,21.0824,2.1082,-2.1082,9.15,10.0,2.743609,9,29,4,7,0E-8,0.04383393,,0E-8,0.000000,0.946506,0.000000,,2026-04-09,2026-04-10,2,32,16,2,1.000000,,,0.000000,,,,,,,,GLOBAL_BASELINE_NO_ENTITY_RANKING,,,NOT_APPLICABLE_GLOBAL_BASELINE,HF9g-P5,,,,X 全窗基线 · 不参与实体赏罚,6875752,688,A168_HF9F_20260827_0900,2026-08-27 09:00:00
2026-04-10,144395070,2251,0,8.4329475260,-8.4329475260,-8.4329475260,0E-7,1,1,0.50665070000000000,0.506650700000,-1.013391052207602,-1.013391052207602,-1.013391052207602,0E-17,ELIGIBLE,R03b_20260811_FULL_v1,L1_ELIGIBILITY,v2026-08-11,2026-03-21..2026-08-06,baccarat_bet02_101_all_pairs_incl_sentinel,round_win = game_pnl > 0 (decisive only),COMPATIBILITY_ONLY_NOT_PRODUCTION,3846.4782,3640.7143,168.6062,665,175,-0.04383393,,-0.04383393,-0.04383393,-168.6062,3846.4782,OK,0.0000,6.7442,4.0000,96.0000,AG03-UNRESOLVED,ALL5_LEVELS_bet23_to_bet27,6.7442,6.7442,6.7442,10.1164,10.1164,4.000000,4.000000,4.000000,6.000000,6.000000,96.000000,96.000000,96.000000,94.000000,94.000000,5.0,40.4655,36.7979,128.1407,131.8084,PENDING_AG03,FALSE,NOT_FOR_ENFORCEMENT,161.8620,3495.0857,168.6062,161.8620,6.7442,0.04383393,0.04208057,6.7442,161.8620,0.04208057,6.7442,6.7442,6.7442,10.1164,10.1164,161.8620,0.04208057,40.4655,36.7979,128.1407,131.8084,0.03331378,0.03426729,0.00175336,5.7842,20.8041,0.9635,84.3031,5.2689,1923.2391,87.5000,,5.7842,2.1082,2.1082,10.5412,14.7577,19.2904,21.0824,2.1082,-2.1082,9.15,10.0,2.743609,9,29,4,7,0E-8,0.04383393,,0E-8,0.000000,0.946506,0.000000,,2026-04-09,2026-04-10,2,32,16,2,1.000000,,,0.000000,,,,,,,,GLOBAL_BASELINE_NO_ENTITY_RANKING,,,NOT_APPLICABLE_GLOBAL_BASELINE,HF9g-P5,,,,X 全窗基线 · 不参与实体赏罚,6875753,688,A168_HF9F_20260827_0900,2026-08-27 09:00:00
2026-04-10,144395070,2267,0,21.0823688150,-21.0823688150,-21.0823688150,0E-7,4,1,0.37905544000000000,0.187662550000,-0.7813128257076876,-0.48064072822218945,-0.7813128257076876,0.19139289000000000,ELIGIBLE,R03b_20260811_FULL_v1,L1_ELIGIBILITY,v2026-08-11,2026-03-21..2026-08-06,baccarat_bet02_101_all_pairs_incl_sentinel,round_win = game_pnl > 0 (decisive only),COMPATIBILITY_ONLY_NOT_PRODUCTION,3846.4782,3640.7143,168.6062,665,175,-0.04383393,,-0.04383393,-0.04383393,-168.6062,3846.4782,OK,0.0000,6.7442,4.0000,96.0000,AG03-UNRESOLVED,ALL5_LEVELS_bet23_to_bet27,6.7442,6.7442,6.7442,10.1164,10.1164,4.000000,4.000000,4.000000,6.000000,6.000000,96.000000,96.000000,96.000000,94.000000,94.000000,5.0,40.4655,36.7979,128.1407,131.8084,PENDING_AG03,FALSE,NOT_FOR_ENFORCEMENT,161.8620,3495.0857,168.6062,161.8620,6.7442,0.04383393,0.04208057,6.7442,161.8620,0.04208057,6.7442,6.7442,6.7442,10.1164,10.1164,161.8620,0.04208057,40.4655,36.7979,128.1407,131.8084,0.03331378,0.03426729,0.00175336,5.7842,20.8041,0.9635,84.3031,5.2689,1923.2391,87.5000,,5.7842,2.1082,2.1082,10.5412,14.7577,19.2904,21.0824,2.1082,-2.1082,9.15,10.0,2.743609,9,29,4,7,0E-8,0.04383393,,0E-8,0.000000,0.946506,0.000000,,2026-04-09,2026-04-10,2,32,16,2,1.000000,,,0.000000,,,,,,,,GLOBAL_BASELINE_NO_ENTITY_RANKING,,,NOT_APPLICABLE_GLOBAL_BASELINE,HF9g-P5,,,,X 全窗基线 · 不参与实体赏罚,6875754,688,A168_HF9F_20260827_0900,2026-08-27 09:00:00
2026-04-10,144395070,526,0,4.2164737630,4.2164737630,4.2164737630,1.0000000,1,1,0.49324550000000000,0.493245500000,1.01360149184955,1.01360149184955,1.01360149184955,0E-17,ELIGIBLE,R03b_20260811_FULL_v1,L1_ELIGIBILITY,v2026-08-11,2026-03-21..2026-08-06,baccarat_bet02_101_all_pairs_incl_sentinel,round_win = game_pnl > 0 (decisive only),COMPATIBILITY_ONLY_NOT_PRODUCTION,3846.4782,3640.7143,168.6062,665,175,-0.04383393,,-0.04383393,-0.04383393,-168.6062,3846.4782,OK,0.0000,6.7442,4.0000,96.0000,AG03-UNRESOLVED,ALL5_LEVELS_bet23_to_bet27,6.7442,6.7442,6.7442,10.1164,10.1164,4.000000,4.000000,4.000000,6.000000,6.000000,96.000000,96.000000,96.000000,94.000000,94.000000,5.0,40.4655,36.7979,128.1407,131.8084,PENDING_AG03,FALSE,NOT_FOR_ENFORCEMENT,161.8620,3495.0857,168.6062,161.8620,6.7442,0.04383393,0.04208057,6.7442,161.8620,0.04208057,6.7442,6.7442,6.7442,10.1164,10.1164,161.8620,0.04208057,40.4655,36.7979,128.1407,131.8084,0.03331378,0.03426729,0.00175336,5.7842,20.8041,0.9635,84.3031,5.2689,1923.2391,87.5000,,5.7842,2.1082,2.1082,10.5412,14.7577,19.2904,21.0824,2.1082,-2.1082,9.15,10.0,2.743609,9,29,4,7,0E-8,0.04383393,,0E-8,0.000000,0.946506,0.000000,,2026-04-09,2026-04-10,2,32,16,2,1.000000,,,0.000000,,,,,,,,GLOBAL_BASELINE_NO_ENTITY_RANKING,,,NOT_APPLICABLE_GLOBAL_BASELINE,HF9g-P5,,,,X 全窗基线 · 不参与实体赏罚,6875755,688,A168_HF9F_20260827_0900,2026-08-27 09:00:00
2026-04-10,144395070,986,0,217.5700461708,-49.6489785594,-49.6489785594,0.5454545,44,11,0.36091189596418733,0.185225240909,1.2744186804793152,3.0754347327463614,1.2744186804793152,0.17568665505518733,ELIGIBLE,R03b_20260811_FULL_v1,L1_ELIGIBILITY,v2026-08-11,2026-03-21..2026-08-06,baccarat_bet02_101_all_pairs_incl_sentinel,round_win = game_pnl > 0 (decisive only),COMPATIBILITY_ONLY_NOT_PRODUCTION,3846.4782,3640.7143,168.6062,665,175,-0.04383393,,-0.04383393,-0.04383393,-168.6062,3846.4782,OK,0.0000,6.7442,4.0000,96.0000,AG03-UNRESOLVED,ALL5_LEVELS_bet23_to_bet27,6.7442,6.7442,6.7442,10.1164,10.1164,4.000000,4.000000,4.000000,6.000000,6.000000,96.000000,96.000000,96.000000,94.000000,94.000000,5.0,40.4655,36.7979,128.1407,131.8084,PENDING_AG03,FALSE,NOT_FOR_ENFORCEMENT,161.8620,3495.0857,168.6062,161.8620,6.7442,0.04383393,0.04208057,6.7442,161.8620,0.04208057,6.7442,6.7442,6.7442,10.1164,10.1164,161.8620,0.04208057,40.4655,36.7979,128.1407,131.8084,0.03331378,0.03426729,0.00175336,5.7842,20.8041,0.9635,84.3031,5.2689,1923.2391,87.5000,,5.7842,2.1082,2.1082,10.5412,14.7577,19.2904,21.0824,2.1082,-2.1082,9.15,10.0,2.743609,9,29,4,7,0E-8,0.04383393,,0E-8,0.000000,0.946506,0.000000,,2026-04-09,2026-04-10,2,32,16,2,1.000000,,,0.000000,,,,,,,,GLOBAL_BASELINE_NO_ENTITY_RANKING,,,NOT_APPLICABLE_GLOBAL_BASELINE,HF9g-P5,,,,X 全窗基线 · 不参与实体赏罚,6875756,688,A168_HF9F_20260827_0900,2026-08-27 09:00:00
2026-04-10,33941892,1396,0,918.3479855800,-162.2815339533,-162.2815339533,0.5263158,71,19,0.40022029197257067,0.206019967368,1.1218400580247594,3.451982830185088,1.1218400580247594,0.19420032460457067,ELIGIBLE,R03b_20260811_FULL_v1,L1_ELIGIBILITY,v2026-08-11,2026-03-21..2026-08-06,baccarat_bet02_101_all_pairs_incl_sentinel,round_win = game_pnl > 0 (decisive only),COMPATIBILITY_ONLY_NOT_PRODUCTION,1053.2751,1053.2751,168.6062,89,23,-0.16007806,,-0.16007806,-0.16007806,-168.6062,1053.2751,OK,0.0000,6.7442,4.0000,96.0000,AG03-UNRESOLVED,ALL5_LEVELS_bet23_to_bet27,6.7442,6.7442,6.7442,10.1164,0.0000,4.000000,4.000000,4.000000,6.000000,0.000000,96.000000,96.000000,96.000000,94.000000,100.000000,5.0,30.3491,28.3846,138.2571,140.2217,PENDING_AG03,FALSE,NOT_FOR_ENFORCEMENT,161.8620,1011.1441,168.6062,161.8620,6.7442,0.16007806,0.15367494,6.7442,161.8620,0.15367494,6.7442,6.7442,6.7442,10.1164,0.0000,161.8620,0.15367494,30.3491,28.3846,138.2571,140.2217,0.13126401,0.13312922,0.00640312,11.8346,45.7946,7.3307,84.3031,84.3031,526.6376,11.5000,,11.8346,2.1082,3.1624,10.8047,21.0824,72.7341,106.4407,3.1624,-2.1082,22.999969,33.658664,3.742322,2,3,2,8,0E-8,0.16007806,,0E-8,0.000000,1.000000,0.000000,,2026-04-10,2026-04-23,2,2,2,14,0.142857,,,0.000000,,,,,,,,GLOBAL_BASELINE_NO_ENTITY_RANKING,,,NOT_APPLICABLE_GLOBAL_BASELINE,HF9g-P5,,,,X 全窗基线 · 不参与实体赏罚,6875757,688,A168_HF9F_20260827_0900,2026-08-27 09:00:00
2026-04-10,33941892,2177,0,71.6800539710,56.9223958005,56.9223958005,1.0000000,15,3,0.35063763469696970,0.166430733333,2.3570832451787522,3.8762761668630548,2.3570832451787522,0.18420690136396970,ELIGIBLE,R03b_20260811_FULL_v1,L1_ELIGIBILITY,v2026-08-11,2026-03-21..2026-08-06,baccarat_bet02_101_all_pairs_incl_sentinel,round_win = game_pnl > 0 (decisive only),COMPATIBILITY_ONLY_NOT_PRODUCTION,1053.2751,1053.2751,168.6062,89,23,-0.16007806,,-0.16007806,-0.16007806,-168.6062,1053.2751,OK,0.0000,6.7442,4.0000,96.0000,AG03-UNRESOLVED,ALL5_LEVELS_bet23_to_bet27,6.7442,6.7442,6.7442,10.1164,0.0000,4.000000,4.000000,4.000000,6.000000,0.000000,96.000000,96.000000,96.000000,94.000000,100.000000,5.0,30.3491,28.3846,138.2571,140.2217,PENDING_AG03,FALSE,NOT_FOR_ENFORCEMENT,161.8620,1011.1441,168.6062,161.8620,6.7442,0.16007806,0.15367494,6.7442,161.8620,0.15367494,6.7442,6.7442,6.7442,10.1164,0.0000,161.8620,0.15367494,30.3491,28.3846,138.2571,140.2217,0.13126401,0.13312922,0.00640312,11.8346,45.7946,7.3307,84.3031,84.3031,526.6376,11.5000,,11.8346,2.1082,3.1624,10.8047,21.0824,72.7341,106.4407,3.1624,-2.1082,22.999969,33.658664,3.742322,2,3,2,8,0E-8,0.16007806,,0E-8,0.000000,1.000000,0.000000,,2026-04-10,2026-04-23,2,2,2,14,0.142857,,,0.000000,,,,,,,,GLOBAL_BASELINE_NO_ENTITY_RANKING,,,NOT_APPLICABLE_GLOBAL_BASELINE,HF9g-P5,,,,X 全窗基线 · 不参与实体赏罚,6875758,688,A168_HF9F_20260827_0900,2026-08-27 09:00:00
2026-04-23,33941892,2235,0,63.2471064450,-63.2471064450,-63.2471064450,0E-7,3,1,0.08133316666666667,0.081333166667,-0.29754648362508096,-0.2975464836257447,-0.29754648362508096,-3.3333E-13,ELIGIBLE,R03b_20260811_FULL_v1,L1_ELIGIBILITY,v2026-08-11,2026-03-21..2026-08-06,baccarat_bet02_101_all_pairs_incl_sentinel,round_win = game_pnl > 0 (decisive only),COMPATIBILITY_ONLY_NOT_PRODUCTION,1053.2751,1053.2751,168.6062,89,23,-0.16007806,,-0.16007806,-0.16007806,-168.6062,1053.2751,OK,0.0000,6.7442,4.0000,96.0000,AG03-UNRESOLVED,ALL5_LEVELS_bet23_to_bet27,6.7442,6.7442,6.7442,10.1164,0.0000,4.000000,4.000000,4.000000,6.000000,0.000000,96.000000,96.000000,96.000000,94.000000,100.000000,5.0,30.3491,28.3846,138.2571,140.2217,PENDING_AG03,FALSE,NOT_FOR_ENFORCEMENT,161.8620,1011.1441,168.6062,161.8620,6.7442,0.16007806,0.15367494,6.7442,161.8620,0.15367494,6.7442,6.7442,6.7442,10.1164,0.0000,161.8620,0.15367494,30.3491,28.3846,138.2571,140.2217,0.13126401,0.13312922,0.00640312,11.8346,45.7946,7.3307,84.3031,84.3031,526.6376,11.5000,,11.8346,2.1082,3.1624,10.8047,21.0824,72.7341,106.4407,3.1624,-2.1082,22.999969,33.658664,3.742322,2,3,2,8,0E-8,0.16007806,,0E-8,0.000000,1.000000,0.000000,,2026-04-10,2026-04-23,2,2,2,14,0.142857,,,0.000000,,,,,,,,GLOBAL_BASELINE_NO_ENTITY_RANKING,,,NOT_APPLICABLE_GLOBAL_BASELINE,HF9g-P5,,,,X 全窗基线 · 不参与实体赏罚,6875759,688,A168_HF9F_20260827_0900,2026-08-27 09:00:00
2026-04-30,149386683,-1,1,81.9241676293,-40.4369288940,-40.4369288940,0.2857143,7,7,0.49899058571428571,0.498990585714,-1.1285544004973334,-1.1285544004958228,-1.1285544004973334,2.8571E-13,SENTINEL_DEALER,R03b_20260811_FULL_v1,L1_ELIGIBILITY,v2026-08-11,2026-03-21..2026-08-06,baccarat_bet02_101_all_pairs_incl_sentinel,round_win = game_pnl > 0 (decisive only),COMPATIBILITY_ONLY_NOT_PRODUCTION,804.1172,709.5893,168.6062,43,41,-0.20967868,,-0.20967868,-0.20967868,-168.6062,804.1172,OK,0.0000,6.7442,4.0000,96.0000,AG03-UNRESOLVED,ALL5_LEVELS_bet23_to_bet27,6.7442,6.7442,6.7442,10.1164,10.1164,4.000000,4.000000,4.000000,6.000000,6.000000,96.000000,96.000000,96.000000,94.000000,94.000000,5.0,40.4655,36.7979,128.1407,131.8084,PENDING_AG03,FALSE,NOT_FOR_ENFORCEMENT,161.8620,681.2058,168.6062,161.8620,6.7442,0.20967868,0.20129154,6.7442,161.8620,0.20129154,6.7442,6.7442,6.7442,10.1164,10.1164,161.8620,0.20129154,40.4655,36.7979,128.1407,131.8084,0.15935580,0.16391688,0.00838715,18.7004,17.3071,4.1123,84.3031,8.0289,402.0586,20.5000,,18.7004,10.5031,18.9056,21.0062,31.5093,31.5093,42.0124,18.9056,-10.5031,1.666667,2.222222,0.989147,17,13,2,4,0E-8,0.20967868,,0E-8,0.000000,0.882445,0.000000,,2026-04-30,2026-05-01,2,21,20,2,1.000000,,,0.000000,,,,,,,,GLOBAL_BASELINE_NO_ENTITY_RANKING,,,NOT_APPLICABLE_GLOBAL_BASELINE,HF9g-P5,,,,X 全窗基线 · 不参与实体赏罚,6875760,688,A168_HF9F_20260827_0900,2026-08-27 09:00:00
2026-04-30,149386683,2129,0,10.5030984140,-10.5030984140,-10.5030984140,0E-7,1,1,0.49324550000000000,0.493245500000,-0.9865810262130424,-0.9865810262130424,-0.9865810262130424,0E-17,ELIGIBLE,R03b_20260811_FULL_v1,L1_ELIGIBILITY,v2026-08-11,2026-03-21..2026-08-06,baccarat_bet02_101_all_pairs_incl_sentinel,round_win = game_pnl > 0 (decisive only),COMPATIBILITY_ONLY_NOT_PRODUCTION,804.1172,709.5893,168.6062,43,41,-0.20967868,,-0.20967868,-0.20967868,-168.6062,804.1172,OK,0.0000,6.7442,4.0000,96.0000,AG03-UNRESOLVED,ALL5_LEVELS_bet23_to_bet27,6.7442,6.7442,6.7442,10.1164,10.1164,4.000000,4.000000,4.000000,6.000000,6.000000,96.000000,96.000000,96.000000,94.000000,94.000000,5.0,40.4655,36.7979,128.1407,131.8084,PENDING_AG03,FALSE,NOT_FOR_ENFORCEMENT,161.8620,681.2058,168.6062,161.8620,6.7442,0.20967868,0.20129154,6.7442,161.8620,0.20129154,6.7442,6.7442,6.7442,10.1164,10.1164,161.8620,0.20129154,40.4655,36.7979,128.1407,131.8084,0.15935580,0.16391688,0.00838715,18.7004,17.3071,4.1123,84.3031,8.0289,402.0586,20.5000,,18.7004,10.5031,18.9056,21.0062,31.5093,31.5093,42.0124,18.9056,-10.5031,1.666667,2.222222,0.989147,17,13,2,4,0E-8,0.20967868,,0E-8,0.000000,0.882445,0.000000,,2026-04-30,2026-05-01,2,21,20,2,1.000000,,,0.000000,,,,,,,,GLOBAL_BASELINE_NO_ENTITY_RANKING,,,NOT_APPLICABLE_GLOBAL_BASELINE,HF9g-P5,,,,X 全窗基线 · 不参与实体赏罚,6875761,688,A168_HF9F_20260827_0900,2026-08-27 09:00:00
2026-04-30,149386683,583,0,10.5030984140,-10.5030984140,-10.5030984140,0E-7,1,1,0.49324550000000000,0.493245500000,-0.9865810262130424,-0.9865810262130424,-0.9865810262130424,0E-17,ELIGIBLE,R03b_20260811_FULL_v1,L1_ELIGIBILITY,v2026-08-11,2026-03-21..2026-08-06,baccarat_bet02_101_all_pairs_incl_sentinel,round_win = game_pnl > 0 (decisive only),COMPATIBILITY_ONLY_NOT_PRODUCTION,804.1172,709.5893,168.6062,43,41,-0.20967868,,-0.20967868,-0.20967868,-168.6062,804.1172,OK,0.0000,6.7442,4.0000,96.0000,AG03-UNRESOLVED,ALL5_LEVELS_bet23_to_bet27,6.7442,6.7442,6.7442,10.1164,10.1164,4.000000,4.000000,4.000000,6.000000,6.000000,96.000000,96.000000,96.000000,94.000000,94.000000,5.0,40.4655,36.7979,128.1407,131.8084,PENDING_AG03,FALSE,NOT_FOR_ENFORCEMENT,161.8620,681.2058,168.6062,161.8620,6.7442,0.20967868,0.20129154,6.7442,161.8620,0.20129154,6.7442,6.7442,6.7442,10.1164,10.1164,161.8620,0.20129154,40.4655,36.7979,128.1407,131.8084,0.15935580,0.16391688,0.00838715,18.7004,17.3071,4.1123,84.3031,8.0289,402.0586,20.5000,,18.7004,10.5031,18.9056,21.0062,31.5093,31.5093,42.0124,18.9056,-10.5031,1.666667,2.222222,0.989147,17,13,2,4,0E-8,0.20967868,,0E-8,0.000000,0.882445,0.000000,,2026-04-30,2026-05-01,2,21,20,2,1.000000,,,0.000000,,,,,,,,GLOBAL_BASELINE_NO_ENTITY_RANKING,,,NOT_APPLICABLE_GLOBAL_BASELINE,HF9g-P5,,,,X 全窗基线 · 不参与实体赏罚,6875762,688,A168_HF9F_20260827_0900,2026-08-27 09:00:00
2026-05-01,149386683,-1,1,325.5960508355,-30.1438924483,-30.1438924483,0.5000000,15,15,0.49860758000000000,0.498607580000,0.009647006149849308,0.009647006149849308,0.009647006149849308,0E-17,SENTINEL_DEALER,R03b_20260811_FULL_v1,L1_ELIGIBILITY,v2026-08-11,2026-03-21..2026-08-06,baccarat_bet02_101_all_pairs_incl_sentinel,round_win = game_pnl > 0 (decisive only),COMPATIBILITY_ONLY_NOT_PRODUCTION,804.1172,709.5893,168.6062,43,41,-0.20967868,,-0.20967868,-0.20967868,-168.6062,804.1172,OK,0.0000,6.7442,4.0000,96.0000,AG03-UNRESOLVED,ALL5_LEVELS_bet23_to_bet27,6.7442,6.7442,6.7442,10.1164,10.1164,4.000000,4.000000,4.000000,6.000000,6.000000,96.000000,96.000000,96.000000,94.000000,94.000000,5.0,40.4655,36.7979,128.1407,131.8084,PENDING_AG03,FALSE,NOT_FOR_ENFORCEMENT,161.8620,681.2058,168.6062,161.8620,6.7442,0.20967868,0.20129154,6.7442,161.8620,0.20129154,6.7442,6.7442,6.7442,10.1164,10.1164,161.8620,0.20129154,40.4655,36.7979,128.1407,131.8084,0.15935580,0.16391688,0.00838715,18.7004,17.3071,4.1123,84.3031,8.0289,402.0586,20.5000,,18.7004,10.5031,18.9056,21.0062,31.5093,31.5093,42.0124,18.9056,-10.5031,1.666667,2.222222,0.989147,17,13,2,4,0E-8,0.20967868,,0E-8,0.000000,0.882445,0.000000,,2026-04-30,2026-05-01,2,21,20,2,1.000000,,,0.000000,,,,,,,,GLOBAL_BASELINE_NO_ENTITY_RANKING,,,NOT_APPLICABLE_GLOBAL_BASELINE,HF9g-P5,,,,X 全窗基线 · 不参与实体赏罚,6875763,688,A168_HF9F_20260827_0900,2026-08-27 09:00:00
2026-05-01,149386683,1017,0,16.8049574625,-16.8049574625,-16.8049574625,0E-7,1,1,0.50665070000000000,0.506650700000,-1.013391052207602,-1.013391052207602,-1.013391052207602,0E-17,ELIGIBLE,R03b_20260811_FULL_v1,L1_ELIGIBILITY,v2026-08-11,2026-03-21..2026-08-06,baccarat_bet02_101_all_pairs_incl_sentinel,round_win = game_pnl > 0 (decisive only),COMPATIBILITY_ONLY_NOT_PRODUCTION,804.1172,709.5893,168.6062,43,41,-0.20967868,,-0.20967868,-0.20967868,-168.6062,804.1172,OK,0.0000,6.7442,4.0000,96.0000,AG03-UNRESOLVED,ALL5_LEVELS_bet23_to_bet27,6.7442,6.7442,6.7442,10.1164,10.1164,4.000000,4.000000,4.000000,6.000000,6.000000,96.000000,96.000000,96.000000,94.000000,94.000000,5.0,40.4655,36.7979,128.1407,131.8084,PENDING_AG03,FALSE,NOT_FOR_ENFORCEMENT,161.8620,681.2058,168.6062,161.8620,6.7442,0.20967868,0.20129154,6.7442,161.8620,0.20129154,6.7442,6.7442,6.7442,10.1164,10.1164,161.8620,0.20129154,40.4655,36.7979,128.1407,131.8084,0.15935580,0.16391688,0.00838715,18.7004,17.3071,4.1123,84.3031,8.0289,402.0586,20.5000,,18.7004,10.5031,18.9056,21.0062,31.5093,31.5093,42.0124,18.9056,-10.5031,1.666667,2.222222,0.989147,17,13,2,4,0E-8,0.20967868,,0E-8,0.000000,0.882445,0.000000,,2026-04-30,2026-05-01,2,21,20,2,1.000000,,,0.000000,,,,,,,,GLOBAL_BASELINE_NO_ENTITY_RANKING,,,NOT_APPLICABLE_GLOBAL_BASELINE,HF9g-P5,,,,X 全窗基线 · 不参与实体赏罚,6875764,688,A168_HF9F_20260827_0900,2026-08-27 09:00:00
2026-05-01,149386683,1507,0,19.9558869867,-19.9558869867,-19.9558869867,0E-7,1,1,0.50665070000000000,0.506650700000,-1.013391052207602,-1.013391052207602,-1.013391052207602,0E-17,ELIGIBLE,R03b_20260811_FULL_v1,L1_ELIGIBILITY,v2026-08-11,2026-03-21..2026-08-06,baccarat_bet02_101_all_pairs_incl_sentinel,round_win = game_pnl > 0 (decisive only),COMPATIBILITY_ONLY_NOT_PRODUCTION,804.1172,709.5893,168.6062,43,41,-0.20967868,,-0.20967868,-0.20967868,-168.6062,804.1172,OK,0.0000,6.7442,4.0000,96.0000,AG03-UNRESOLVED,ALL5_LEVELS_bet23_to_bet27,6.7442,6.7442,6.7442,10.1164,10.1164,4.000000,4.000000,4.000000,6.000000,6.000000,96.000000,96.000000,96.000000,94.000000,94.000000,5.0,40.4655,36.7979,128.1407,131.8084,PENDING_AG03,FALSE,NOT_FOR_ENFORCEMENT,161.8620,681.2058,168.6062,161.8620,6.7442,0.20967868,0.20129154,6.7442,161.8620,0.20129154,6.7442,6.7442,6.7442,10.1164,10.1164,161.8620,0.20129154,40.4655,36.7979,128.1407,131.8084,0.15935580,0.16391688,0.00838715,18.7004,17.3071,4.1123,84.3031,8.0289,402.0586,20.5000,,18.7004,10.5031,18.9056,21.0062,31.5093,31.5093,42.0124,18.9056,-10.5031,1.666667,2.222222,0.989147,17,13,2,4,0E-8,0.20967868,,0E-8,0.000000,0.882445,0.000000,,2026-04-30,2026-05-01,2,21,20,2,1.000000,,,0.000000,,,,,,,,GLOBAL_BASELINE_NO_ENTITY_RANKING,,,NOT_APPLICABLE_GLOBAL_BASELINE,HF9g-P5,,,,X 全窗基线 · 不参与实体赏罚,6875765,688,A168_HF9F_20260827_0900,2026-08-27 09:00:00
2026-05-01,149386683,1654,0,21.0061968281,-21.0061968281,-21.0061968281,0E-7,1,1,0.49324550000000000,0.493245500000,-0.9865810262130424,-0.9865810262130424,-0.9865810262130424,0E-17,ELIGIBLE,R03b_20260811_FULL_v1,L1_ELIGIBILITY,v2026-08-11,2026-03-21..2026-08-06,baccarat_bet02_101_all_pairs_incl_sentinel,round_win = game_pnl > 0 (decisive only),COMPATIBILITY_ONLY_NOT_PRODUCTION,804.1172,709.5893,168.6062,43,41,-0.20967868,,-0.20967868,-0.20967868,-168.6062,804.1172,OK,0.0000,6.7442,4.0000,96.0000,AG03-UNRESOLVED,ALL5_LEVELS_bet23_to_bet27,6.7442,6.7442,6.7442,10.1164,10.1164,4.000000,4.000000,4.000000,6.000000,6.000000,96.000000,96.000000,96.000000,94.000000,94.000000,5.0,40.4655,36.7979,128.1407,131.8084,PENDING_AG03,FALSE,NOT_FOR_ENFORCEMENT,161.8620,681.2058,168.6062,161.8620,6.7442,0.20967868,0.20129154,6.7442,161.8620,0.20129154,6.7442,6.7442,6.7442,10.1164,10.1164,161.8620,0.20129154,40.4655,36.7979,128.1407,131.8084,0.15935580,0.16391688,0.00838715,18.7004,17.3071,4.1123,84.3031,8.0289,402.0586,20.5000,,18.7004,10.5031,18.9056,21.0062,31.5093,31.5093,42.0124,18.9056,-10.5031,1.666667,2.222222,0.989147,17,13,2,4,0E-8,0.20967868,,0E-8,0.000000,0.882445,0.000000,,2026-04-30,2026-05-01,2,21,20,2,1.000000,,,0.000000,,,,,,,,GLOBAL_BASELINE_NO_ENTITY_RANKING,,,NOT_APPLICABLE_GLOBAL_BASELINE,HF9g-P5,,,,X 全窗基线 · 不参与实体赏罚,6875766,688,A168_HF9F_20260827_0900,2026-08-27 09:00:00
2026-05-01,149386683,1985,0,16.8049574625,16.8049574625,16.8049574625,1.0000000,1,1,0.49324550000000000,0.493245500000,1.01360149184955,1.01360149184955,1.01360149184955,0E-17,ELIGIBLE,R03b_20260811_FULL_v1,L1_ELIGIBILITY,v2026-08-11,2026-03-21..2026-08-06,baccarat_bet02_101_all_pairs_incl_sentinel,round_win = game_pnl > 0 (decisive only),COMPATIBILITY_ONLY_NOT_PRODUCTION,804.1172,709.5893,168.6062,43,41,-0.20967868,,-0.20967868,-0.20967868,-168.6062,804.1172,OK,0.0000,6.7442,4.0000,96.0000,AG03-UNRESOLVED,ALL5_LEVELS_bet23_to_bet27,6.7442,6.7442,6.7442,10.1164,10.1164,4.000000,4.000000,4.000000,6.000000,6.000000,96.000000,96.000000,96.000000,94.000000,94.000000,5.0,40.4655,36.7979,128.1407,131.8084,PENDING_AG03,FALSE,NOT_FOR_ENFORCEMENT,161.8620,681.2058,168.6062,161.8620,6.7442,0.20967868,0.20129154,6.7442,161.8620,0.20129154,6.7442,6.7442,6.7442,10.1164,10.1164,161.8620,0.20129154,40.4655,36.7979,128.1407,131.8084,0.15935580,0.16391688,0.00838715,18.7004,17.3071,4.1123,84.3031,8.0289,402.0586,20.5000,,18.7004,10.5031,18.9056,21.0062,31.5093,31.5093,42.0124,18.9056,-10.5031,1.666667,2.222222,0.989147,17,13,2,4,0E-8,0.20967868,,0E-8,0.000000,0.882445,0.000000,,2026-04-30,2026-05-01,2,21,20,2,1.000000,,,0.000000,,,,,,,,GLOBAL_BASELINE_NO_ENTITY_RANKING,,,NOT_APPLICABLE_GLOBAL_BASELINE,HF9g-P5,,,,X 全窗基线 · 不参与实体赏罚,6875767,688,A168_HF9F_20260827_0900,2026-08-27 09:00:00
2026-05-01,149386683,2156,0,31.5092952421,0E-10,0E-10,,1,1,0.49324550000000000,0.493245500000,,,,0E-17,NO_DECISIVE_ROUND,R03b_20260811_FULL_v1,L1_ELIGIBILITY,v2026-08-11,2026-03-21..2026-08-06,baccarat_bet02_101_all_pairs_incl_sentinel,round_win = game_pnl > 0 (decisive only),COMPATIBILITY_ONLY_NOT_PRODUCTION,804.1172,709.5893,168.6062,43,41,-0.20967868,,-0.20967868,-0.20967868,-168.6062,804.1172,OK,0.0000,6.7442,4.0000,96.0000,AG03-UNRESOLVED,ALL5_LEVELS_bet23_to_bet27,6.7442,6.7442,6.7442,10.1164,10.1164,4.000000,4.000000,4.000000,6.000000,6.000000,96.000000,96.000000,96.000000,94.000000,94.000000,5.0,40.4655,36.7979,128.1407,131.8084,PENDING_AG03,FALSE,NOT_FOR_ENFORCEMENT,161.8620,681.2058,168.6062,161.8620,6.7442,0.20967868,0.20129154,6.7442,161.8620,0.20129154,6.7442,6.7442,6.7442,10.1164,10.1164,161.8620,0.20129154,40.4655,36.7979,128.1407,131.8084,0.15935580,0.16391688,0.00838715,18.7004,17.3071,4.1123,84.3031,8.0289,402.0586,20.5000,,18.7004,10.5031,18.9056,21.0062,31.5093,31.5093,42.0124,18.9056,-10.5031,1.666667,2.222222,0.989147,17,13,2,4,0E-8,0.20967868,,0E-8,0.000000,0.882445,0.000000,,2026-04-30,2026-05-01,2,21,20,2,1.000000,,,0.000000,,,,,,,,GLOBAL_BASELINE_NO_ENTITY_RANKING,,,NOT_APPLICABLE_GLOBAL_BASELINE,HF9g-P5,,,,X 全窗基线 · 不参与实体赏罚,6875768,688,A168_HF9F_20260827_0900,2026-08-27 09:00:00
2026-05-01,149386683,2202,0,39.9117739733,17.9602982880,17.9602982880,0.6666667,3,3,0.50218230000000000,0.502182300000,0.5697959874915163,0.5697959874915164,0.5697959874915163,0E-17,ELIGIBLE,R03b_20260811_FULL_v1,L1_ELIGIBILITY,v2026-08-11,2026-03-21..2026-08-06,baccarat_bet02_101_all_pairs_incl_sentinel,round_win = game_pnl > 0 (decisive only),COMPATIBILITY_ONLY_NOT_PRODUCTION,804.1172,709.5893,168.6062,43,41,-0.20967868,,-0.20967868,-0.20967868,-168.6062,804.1172,OK,0.0000,6.7442,4.0000,96.0000,AG03-UNRESOLVED,ALL5_LEVELS_bet23_to_bet27,6.7442,6.7442,6.7442,10.1164,10.1164,4.000000,4.000000,4.000000,6.000000,6.000000,96.000000,96.000000,96.000000,94.000000,94.000000,5.0,40.4655,36.7979,128.1407,131.8084,PENDING_AG03,FALSE,NOT_FOR_ENFORCEMENT,161.8620,681.2058,168.6062,161.8620,6.7442,0.20967868,0.20129154,6.7442,161.8620,0.20129154,6.7442,6.7442,6.7442,10.1164,10.1164,161.8620,0.20129154,40.4655,36.7979,128.1407,131.8084,0.15935580,0.16391688,0.00838715,18.7004,17.3071,4.1123,84.3031,8.0289,402.0586,20.5000,,18.7004,10.5031,18.9056,21.0062,31.5093,31.5093,42.0124,18.9056,-10.5031,1.666667,2.222222,0.989147,17,13,2,4,0E-8,0.20967868,,0E-8,0.000000,0.882445,0.000000,,2026-04-30,2026-05-01,2,21,20,2,1.000000,,,0.000000,,,,,,,,GLOBAL_BASELINE_NO_ENTITY_RANKING,,,NOT_APPLICABLE_GLOBAL_BASELINE,HF9g-P5,,,,X 全窗基线 · 不参与实体赏罚,6875769,688,A168_HF9F_20260827_0900,2026-08-27 09:00:00
2026-05-01,149386683,2212,0,139.2710849701,-1.5019430732,-1.5019430732,0.6000000,7,5,0.48550567641029220,0.459605030000,0.5122494586866402,0.6299245219438709,0.5122494586866402,0.02590064641029220,ELIGIBLE,R03b_20260811_FULL_v1,L1_ELIGIBILITY,v2026-08-11,2026-03-21..2026-08-06,baccarat_bet02_101_all_pairs_incl_sentinel,round_win = game_pnl > 0 (decisive only),COMPATIBILITY_ONLY_NOT_PRODUCTION,804.1172,709.5893,168.6062,43,41,-0.20967868,,-0.20967868,-0.20967868,-168.6062,804.1172,OK,0.0000,6.7442,4.0000,96.0000,AG03-UNRESOLVED,ALL5_LEVELS_bet23_to_bet27,6.7442,6.7442,6.7442,10.1164,10.1164,4.000000,4.000000,4.000000,6.000000,6.000000,96.000000,96.000000,96.000000,94.000000,94.000000,5.0,40.4655,36.7979,128.1407,131.8084,PENDING_AG03,FALSE,NOT_FOR_ENFORCEMENT,161.8620,681.2058,168.6062,161.8620,6.7442,0.20967868,0.20129154,6.7442,161.8620,0.20129154,6.7442,6.7442,6.7442,10.1164,10.1164,161.8620,0.20129154,40.4655,36.7979,128.1407,131.8084,0.15935580,0.16391688,0.00838715,18.7004,17.3071,4.1123,84.3031,8.0289,402.0586,20.5000,,18.7004,10.5031,18.9056,21.0062,31.5093,31.5093,42.0124,18.9056,-10.5031,1.666667,2.222222,0.989147,17,13,2,4,0E-8,0.20967868,,0E-8,0.000000,0.882445,0.000000,,2026-04-30,2026-05-01,2,21,20,2,1.000000,,,0.000000,,,,,,,,GLOBAL_BASELINE_NO_ENTITY_RANKING,,,NOT_APPLICABLE_GLOBAL_BASELINE,HF9g-P5,,,,X 全窗基线 · 不参与实体赏罚,6875770,688,A168_HF9F_20260827_0900,2026-08-27 09:00:00
2026-05-01,149386683,2239,0,39.9117739734,-2.1006196828,-2.1006196828,0.5000000,2,2,0.49324550000000000,0.493245500000,0.01910635448239258,0.01910635448239258,0.01910635448239258,0E-17,ELIGIBLE,R03b_20260811_FULL_v1,L1_ELIGIBILITY,v2026-08-11,2026-03-21..2026-08-06,baccarat_bet02_101_all_pairs_incl_sentinel,round_win = game_pnl > 0 (decisive only),COMPATIBILITY_ONLY_NOT_PRODUCTION,804.1172,709.5893,168.6062,43,41,-0.20967868,,-0.20967868,-0.20967868,-168.6062,804.1172,OK,0.0000,6.7442,4.0000,96.0000,AG03-UNRESOLVED,ALL5_LEVELS_bet23_to_bet27,6.7442,6.7442,6.7442,10.1164,10.1164,4.000000,4.000000,4.000000,6.000000,6.000000,96.000000,96.000000,96.000000,94.000000,94.000000,5.0,40.4655,36.7979,128.1407,131.8084,PENDING_AG03,FALSE,NOT_FOR_ENFORCEMENT,161.8620,681.2058,168.6062,161.8620,6.7442,0.20967868,0.20129154,6.7442,161.8620,0.20129154,6.7442,6.7442,6.7442,10.1164,10.1164,161.8620,0.20129154,40.4655,36.7979,128.1407,131.8084,0.15935580,0.16391688,0.00838715,18.7004,17.3071,4.1123,84.3031,8.0289,402.0586,20.5000,,18.7004,10.5031,18.9056,21.0062,31.5093,31.5093,42.0124,18.9056,-10.5031,1.666667,2.222222,0.989147,17,13,2,4,0E-8,0.20967868,,0E-8,0.000000,0.882445,0.000000,,2026-04-30,2026-05-01,2,21,20,2,1.000000,,,0.000000,,,,,,,,GLOBAL_BASELINE_NO_ENTITY_RANKING,,,NOT_APPLICABLE_GLOBAL_BASELINE,HF9g-P5,,,,X 全窗基线 · 不参与实体赏罚,6875771,688,A168_HF9F_20260827_0900,2026-08-27 09:00:00
2026-05-01,149386683,526,0,31.5092952421,-31.5092952421,-31.5092952421,0E-7,1,1,0.49324550000000000,0.493245500000,-0.9865810262130424,-0.9865810262130424,-0.9865810262130424,0E-17,ELIGIBLE,R03b_20260811_FULL_v1,L1_ELIGIBILITY,v2026-08-11,2026-03-21..2026-08-06,baccarat_bet02_101_all_pairs_incl_sentinel,round_win = game_pnl > 0 (decisive only),COMPATIBILITY_ONLY_NOT_PRODUCTION,804.1172,709.5893,168.6062,43,41,-0.20967868,,-0.20967868,-0.20967868,-168.6062,804.1172,OK,0.0000,6.7442,4.0000,96.0000,AG03-UNRESOLVED,ALL5_LEVELS_bet23_to_bet27,6.7442,6.7442,6.7442,10.1164,10.1164,4.000000,4.000000,4.000000,6.000000,6.000000,96.000000,96.000000,96.000000,94.000000,94.000000,5.0,40.4655,36.7979,128.1407,131.8084,PENDING_AG03,FALSE,NOT_FOR_ENFORCEMENT,161.8620,681.2058,168.6062,161.8620,6.7442,0.20967868,0.20129154,6.7442,161.8620,0.20129154,6.7442,6.7442,6.7442,10.1164,10.1164,161.8620,0.20129154,40.4655,36.7979,128.1407,131.8084,0.15935580,0.16391688,0.00838715,18.7004,17.3071,4.1123,84.3031,8.0289,402.0586,20.5000,,18.7004,10.5031,18.9056,21.0062,31.5093,31.5093,42.0124,18.9056,-10.5031,1.666667,2.222222,0.989147,17,13,2,4,0E-8,0.20967868,,0E-8,0.000000,0.882445,0.000000,,2026-04-30,2026-05-01,2,21,20,2,1.000000,,,0.000000,,,,,,,,GLOBAL_BASELINE_NO_ENTITY_RANKING,,,NOT_APPLICABLE_GLOBAL_BASELINE,HF9g-P5,,,,X 全窗基线 · 不参与实体赏罚,6875772,688,A168_HF9F_20260827_0900,2026-08-27 09:00:00
2026-05-01,149386683,550,0,18.9055771453,-18.9055771453,-18.9055771453,0E-7,1,1,0.50665070000000000,0.506650700000,-1.013391052207602,-1.013391052207602,-1.013391052207602,0E-17,ELIGIBLE,R03b_20260811_FULL_v1,L1_ELIGIBILITY,v2026-08-11,2026-03-21..2026-08-06,baccarat_bet02_101_all_pairs_incl_sentinel,round_win = game_pnl > 0 (decisive only),COMPATIBILITY_ONLY_NOT_PRODUCTION,804.1172,709.5893,168.6062,43,41,-0.20967868,,-0.20967868,-0.20967868,-168.6062,804.1172,OK,0.0000,6.7442,4.0000,96.0000,AG03-UNRESOLVED,ALL5_LEVELS_bet23_to_bet27,6.7442,6.7442,6.7442,10.1164,10.1164,4.000000,4.000000,4.000000,6.000000,6.000000,96.000000,96.000000,96.000000,94.000000,94.000000,5.0,40.4655,36.7979,128.1407,131.8084,PENDING_AG03,FALSE,NOT_FOR_ENFORCEMENT,161.8620,681.2058,168.6062,161.8620,6.7442,0.20967868,0.20129154,6.7442,161.8620,0.20129154,6.7442,6.7442,6.7442,10.1164,10.1164,161.8620,0.20129154,40.4655,36.7979,128.1407,131.8084,0.15935580,0.16391688,0.00838715,18.7004,17.3071,4.1123,84.3031,8.0289,402.0586,20.5000,,18.7004,10.5031,18.9056,21.0062,31.5093,31.5093,42.0124,18.9056,-10.5031,1.666667,2.222222,0.989147,17,13,2,4,0E-8,0.20967868,,0E-8,0.000000,0.882445,0.000000,,2026-04-30,2026-05-01,2,21,20,2,1.000000,,,0.000000,,,,,,,,GLOBAL_BASELINE_NO_ENTITY_RANKING,,,NOT_APPLICABLE_GLOBAL_BASELINE,HF9g-P5,,,,X 全窗基线 · 不参与实体赏罚,6875773,688,A168_HF9F_20260827_0900,2026-08-27 09:00:00
2026-04-07,146150127,1307,0,18.0614087899,0E-10,0E-10,,1,1,0.49324550000000000,0.493245500000,,,,0E-17,NO_DECISIVE_ROUND,R03b_20260811_FULL_v1,L1_ELIGIBILITY,v2026-08-11,2026-03-21..2026-08-06,baccarat_bet02_101_all_pairs_incl_sentinel,round_win = game_pnl > 0 (decisive only),COMPATIBILITY_ONLY_NOT_PRODUCTION,3310.7348,3087.7156,168.6124,226,172,-0.05092900,,-0.05092900,-0.05092900,-168.6124,3310.7348,OK,0.0000,6.7445,4.0000,96.0000,AG03-UNRESOLVED,ALL5_LEVELS_bet23_to_bet27,6.7445,6.7445,8.4306,8.4306,8.4306,4.000000,4.000000,5.000000,5.000000,5.000000,96.000000,96.000000,95.000000,95.000000,95.000000,5.0,38.7809,35.3822,129.8316,133.2302,PENDING_AG03,FALSE,NOT_FOR_ENFORCEMENT,161.8679,2964.2070,168.6124,161.8679,6.7445,0.05092900,0.04889184,6.7445,161.8679,0.04889184,6.7445,6.7445,8.4306,8.4306,8.4306,161.8679,0.04889184,38.7809,35.3822,129.8316,133.2302,0.03921533,0.0402419,0.00203716,14.6493,17.9518,0.9803,21.0766,4.9592,413.8418,21.5000,,14.6493,7.8528,13.088,20.9408,26.176,37.1698,52.3519,13.088,-2.6176,2.839999,4.0,1.119292,15,34,10,8,0E-8,0.05092900,,0E-8,0.000000,0.932638,0.000000,,2026-04-07,2026-04-22,8,34,31,16,0.500000,,,0.000000,,,,,,,,GLOBAL_BASELINE_NO_ENTITY_RANKING,,,NOT_APPLICABLE_GLOBAL_BASELINE,HF9g-P5,,,,X 全窗基线 · 不参与实体赏罚,6875774,688,A168_HF9F_20260827_0900,2026-08-27 09:00:00
2026-04-07,146150127,1646,0,39.2639321519,-39.2639321519,-39.2639321519,0E-7,1,1,0.49324550000000000,0.493245500000,-0.9865810262130424,-0.9865810262130424,-0.9865810262130424,0E-17,ELIGIBLE,R03b_20260811_FULL_v1,L1_ELIGIBILITY,v2026-08-11,2026-03-21..2026-08-06,baccarat_bet02_101_all_pairs_incl_sentinel,round_win = game_pnl > 0 (decisive only),COMPATIBILITY_ONLY_NOT_PRODUCTION,3310.7348,3087.7156,168.6124,226,172,-0.05092900,,-0.05092900,-0.05092900,-168.6124,3310.7348,OK,0.0000,6.7445,4.0000,96.0000,AG03-UNRESOLVED,ALL5_LEVELS_bet23_to_bet27,6.7445,6.7445,8.4306,8.4306,8.4306,4.000000,4.000000,5.000000,5.000000,5.000000,96.000000,96.000000,95.000000,95.000000,95.000000,5.0,38.7809,35.3822,129.8316,133.2302,PENDING_AG03,FALSE,NOT_FOR_ENFORCEMENT,161.8679,2964.2070,168.6124,161.8679,6.7445,0.05092900,0.04889184,6.7445,161.8679,0.04889184,6.7445,6.7445,8.4306,8.4306,8.4306,161.8679,0.04889184,38.7809,35.3822,129.8316,133.2302,0.03921533,0.0402419,0.00203716,14.6493,17.9518,0.9803,21.0766,4.9592,413.8418,21.5000,,14.6493,7.8528,13.088,20.9408,26.176,37.1698,52.3519,13.088,-2.6176,2.839999,4.0,1.119292,15,34,10,8,0E-8,0.05092900,,0E-8,0.000000,0.932638,0.000000,,2026-04-07,2026-04-22,8,34,31,16,0.500000,,,0.000000,,,,,,,,GLOBAL_BASELINE_NO_ENTITY_RANKING,,,NOT_APPLICABLE_GLOBAL_BASELINE,HF9g-P5,,,,X 全窗基线 · 不参与实体赏罚,6875775,688,A168_HF9F_20260827_0900,2026-08-27 09:00:00
2026-04-07,146150127,1710,0,265.9477004425,49.3416747377,49.3416747377,0.6000000,10,10,0.45116652000000000,0.451166520000,0.9458274328702375,0.9458274328702375,0.9458274328702375,0E-17,ELIGIBLE,R03b_20260811_FULL_v1,L1_ELIGIBILITY,v2026-08-11,2026-03-21..2026-08-06,baccarat_bet02_101_all_pairs_incl_sentinel,round_win = game_pnl > 0 (decisive only),COMPATIBILITY_ONLY_NOT_PRODUCTION,3310.7348,3087.7156,168.6124,226,172,-0.05092900,,-0.05092900,-0.05092900,-168.6124,3310.7348,OK,0.0000,6.7445,4.0000,96.0000,AG03-UNRESOLVED,ALL5_LEVELS_bet23_to_bet27,6.7445,6.7445,8.4306,8.4306,8.4306,4.000000,4.000000,5.000000,5.000000,5.000000,96.000000,96.000000,95.000000,95.000000,95.000000,5.0,38.7809,35.3822,129.8316,133.2302,PENDING_AG03,FALSE,NOT_FOR_ENFORCEMENT,161.8679,2964.2070,168.6124,161.8679,6.7445,0.05092900,0.04889184,6.7445,161.8679,0.04889184,6.7445,6.7445,8.4306,8.4306,8.4306,161.8679,0.04889184,38.7809,35.3822,129.8316,133.2302,0.03921533,0.0402419,0.00203716,14.6493,17.9518,0.9803,21.0766,4.9592,413.8418,21.5000,,14.6493,7.8528,13.088,20.9408,26.176,37.1698,52.3519,13.088,-2.6176,2.839999,4.0,1.119292,15,34,10,8,0E-8,0.05092900,,0E-8,0.000000,0.932638,0.000000,,2026-04-07,2026-04-22,8,34,31,16,0.500000,,,0.000000,,,,,,,,GLOBAL_BASELINE_NO_ENTITY_RANKING,,,NOT_APPLICABLE_GLOBAL_BASELINE,HF9g-P5,,,,X 全窗基线 · 不参与实体赏罚,6875776,688,A168_HF9F_20260827_0900,2026-08-27 09:00:00
2026-04-07,146150127,2145,0,67.2722037537,-31.1493861739,-31.1493861739,0.3333333,3,3,0.49324550000000000,0.493245500000,-0.5540025479526107,-0.5540025479526106,-0.5540025479526107,0E-17,ELIGIBLE,R03b_20260811_FULL_v1,L1_ELIGIBILITY,v2026-08-11,2026-03-21..2026-08-06,baccarat_bet02_101_all_pairs_incl_sentinel,round_win = game_pnl > 0 (decisive only),COMPATIBILITY_ONLY_NOT_PRODUCTION,3310.7348,3087.7156,168.6124,226,172,-0.05092900,,-0.05092900,-0.05092900,-168.6124,3310.7348,OK,0.0000,6.7445,4.0000,96.0000,AG03-UNRESOLVED,ALL5_LEVELS_bet23_to_bet27,6.7445,6.7445,8.4306,8.4306,8.4306,4.000000,4.000000,5.000000,5.000000,5.000000,96.000000,96.000000,95.000000,95.000000,95.000000,5.0,38.7809,35.3822,129.8316,133.2302,PENDING_AG03,FALSE,NOT_FOR_ENFORCEMENT,161.8679,2964.2070,168.6124,161.8679,6.7445,0.05092900,0.04889184,6.7445,161.8679,0.04889184,6.7445,6.7445,8.4306,8.4306,8.4306,161.8679,0.04889184,38.7809,35.3822,129.8316,133.2302,0.03921533,0.0402419,0.00203716,14.6493,17.9518,0.9803,21.0766,4.9592,413.8418,21.5000,,14.6493,7.8528,13.088,20.9408,26.176,37.1698,52.3519,13.088,-2.6176,2.839999,4.0,1.119292,15,34,10,8,0E-8,0.05092900,,0E-8,0.000000,0.932638,0.000000,,2026-04-07,2026-04-22,8,34,31,16,0.500000,,,0.000000,,,,,,,,GLOBAL_BASELINE_NO_ENTITY_RANKING,,,NOT_APPLICABLE_GLOBAL_BASELINE,HF9g-P5,,,,X 全窗基线 · 不参与实体赏罚,6875777,688,A168_HF9F_20260827_0900,2026-08-27 09:00:00
2026-04-07,146150127,2212,0,20.9407638144,-20.9407638144,-20.9407638144,0E-7,1,1,0.49324550000000000,0.493245500000,-0.9865810262130424,-0.9865810262130424,-0.9865810262130424,0E-17,ELIGIBLE,R03b_20260811_FULL_v1,L1_ELIGIBILITY,v2026-08-11,2026-03-21..2026-08-06,baccarat_bet02_101_all_pairs_incl_sentinel,round_win = game_pnl > 0 (decisive only),COMPATIBILITY_ONLY_NOT_PRODUCTION,3310.7348,3087.7156,168.6124,226,172,-0.05092900,,-0.05092900,-0.05092900,-168.6124,3310.7348,OK,0.0000,6.7445,4.0000,96.0000,AG03-UNRESOLVED,ALL5_LEVELS_bet23_to_bet27,6.7445,6.7445,8.4306,8.4306,8.4306,4.000000,4.000000,5.000000,5.000000,5.000000,96.000000,96.000000,95.000000,95.000000,95.000000,5.0,38.7809,35.3822,129.8316,133.2302,PENDING_AG03,FALSE,NOT_FOR_ENFORCEMENT,161.8679,2964.2070,168.6124,161.8679,6.7445,0.05092900,0.04889184,6.7445,161.8679,0.04889184,6.7445,6.7445,8.4306,8.4306,8.4306,161.8679,0.04889184,38.7809,35.3822,129.8316,133.2302,0.03921533,0.0402419,0.00203716,14.6493,17.9518,0.9803,21.0766,4.9592,413.8418,21.5000,,14.6493,7.8528,13.088,20.9408,26.176,37.1698,52.3519,13.088,-2.6176,2.839999,4.0,1.119292,15,34,10,8,0E-8,0.05092900,,0E-8,0.000000,0.932638,0.000000,,2026-04-07,2026-04-22,8,34,31,16,0.500000,,,0.000000,,,,,,,,GLOBAL_BASELINE_NO_ENTITY_RANKING,,,NOT_APPLICABLE_GLOBAL_BASELINE,HF9g-P5,,,,X 全窗基线 · 不参与实体赏罚,6875778,688,A168_HF9F_20260827_0900,2026-08-27 09:00:00
2026-04-07,146150127,2239,0,23.5583592912,22.3804413266,22.3804413266,1.0000000,1,1,0.50665070000000000,0.506650700000,0.9867858985152569,0.9867858985152569,0.9867858985152569,0E-17,ELIGIBLE,R03b_20260811_FULL_v1,L1_ELIGIBILITY,v2026-08-11,2026-03-21..2026-08-06,baccarat_bet02_101_all_pairs_incl_sentinel,round_win = game_pnl > 0 (decisive only),COMPATIBILITY_ONLY_NOT_PRODUCTION,3310.7348,3087.7156,168.6124,226,172,-0.05092900,,-0.05092900,-0.05092900,-168.6124,3310.7348,OK,0.0000,6.7445,4.0000,96.0000,AG03-UNRESOLVED,ALL5_LEVELS_bet23_to_bet27,6.7445,6.7445,8.4306,8.4306,8.4306,4.000000,4.000000,5.000000,5.000000,5.000000,96.000000,96.000000,95.000000,95.000000,95.000000,5.0,38.7809,35.3822,129.8316,133.2302,PENDING_AG03,FALSE,NOT_FOR_ENFORCEMENT,161.8679,2964.2070,168.6124,161.8679,6.7445,0.05092900,0.04889184,6.7445,161.8679,0.04889184,6.7445,6.7445,8.4306,8.4306,8.4306,161.8679,0.04889184,38.7809,35.3822,129.8316,133.2302,0.03921533,0.0402419,0.00203716,14.6493,17.9518,0.9803,21.0766,4.9592,413.8418,21.5000,,14.6493,7.8528,13.088,20.9408,26.176,37.1698,52.3519,13.088,-2.6176,2.839999,4.0,1.119292,15,34,10,8,0E-8,0.05092900,,0E-8,0.000000,0.932638,0.000000,,2026-04-07,2026-04-22,8,34,31,16,0.500000,,,0.000000,,,,,,,,GLOBAL_BASELINE_NO_ENTITY_RANKING,,,NOT_APPLICABLE_GLOBAL_BASELINE,HF9g-P5,,,,X 全窗基线 · 不参与实体赏罚,6875779,688,A168_HF9F_20260827_0900,2026-08-27 09:00:00
2026-04-08,146150127,-1,1,359.3958589643,-92.7937596524,-92.7937596524,0.4117647,27,17,0.38530450130052009,0.291272219608,0.22417418555813334,1.0934405250685522,0.22417418555813334,0.09403228169252009,SENTINEL_DEALER,R03b_20260811_FULL_v1,L1_ELIGIBILITY,v2026-08-11,2026-03-21..2026-08-06,baccarat_bet02_101_all_pairs_incl_sentinel,round_win = game_pnl > 0 (decisive only),COMPATIBILITY_ONLY_NOT_PRODUCTION,3310.7348,3087.7156,168.6124,226,172,-0.05092900,,-0.05092900,-0.05092900,-168.6124,3310.7348,OK,0.0000,6.7445,4.0000,96.0000,AG03-UNRESOLVED,ALL5_LEVELS_bet23_to_bet27,6.7445,6.7445,8.4306,8.4306,8.4306,4.000000,4.000000,5.000000,5.000000,5.000000,96.000000,96.000000,95.000000,95.000000,95.000000,5.0,38.7809,35.3822,129.8316,133.2302,PENDING_AG03,FALSE,NOT_FOR_ENFORCEMENT,161.8679,2964.2070,168.6124,161.8679,6.7445,0.05092900,0.04889184,6.7445,161.8679,0.04889184,6.7445,6.7445,8.4306,8.4306,8.4306,161.8679,0.04889184,38.7809,35.3822,129.8316,133.2302,0.03921533,0.0402419,0.00203716,14.6493,17.9518,0.9803,21.0766,4.9592,413.8418,21.5000,,14.6493,7.8528,13.088,20.9408,26.176,37.1698,52.3519,13.088,-2.6176,2.839999,4.0,1.119292,15,34,10,8,0E-8,0.05092900,,0E-8,0.000000,0.932638,0.000000,,2026-04-07,2026-04-22,8,34,31,16,0.500000,,,0.000000,,,,,,,,GLOBAL_BASELINE_NO_ENTITY_RANKING,,,NOT_APPLICABLE_GLOBAL_BASELINE,HF9g-P5,,,,X 全窗基线 · 不参与实体赏罚,6875780,688,A168_HF9F_20260827_0900,2026-08-27 09:00:00
2026-04-08,146150127,1363,0,23.5583592912,-23.5583592912,-23.5583592912,0E-7,1,1,0.49324550000000000,0.493245500000,-0.9865810262130424,-0.9865810262130424,-0.9865810262130424,0E-17,ELIGIBLE,R03b_20260811_FULL_v1,L1_ELIGIBILITY,v2026-08-11,2026-03-21..2026-08-06,baccarat_bet02_101_all_pairs_incl_sentinel,round_win = game_pnl > 0 (decisive only),COMPATIBILITY_ONLY_NOT_PRODUCTION,3310.7348,3087.7156,168.6124,226,172,-0.05092900,,-0.05092900,-0.05092900,-168.6124,3310.7348,OK,0.0000,6.7445,4.0000,96.0000,AG03-UNRESOLVED,ALL5_LEVELS_bet23_to_bet27,6.7445,6.7445,8.4306,8.4306,8.4306,4.000000,4.000000,5.000000,5.000000,5.000000,96.000000,96.000000,95.000000,95.000000,95.000000,5.0,38.7809,35.3822,129.8316,133.2302,PENDING_AG03,FALSE,NOT_FOR_ENFORCEMENT,161.8679,2964.2070,168.6124,161.8679,6.7445,0.05092900,0.04889184,6.7445,161.8679,0.04889184,6.7445,6.7445,8.4306,8.4306,8.4306,161.8679,0.04889184,38.7809,35.3822,129.8316,133.2302,0.03921533,0.0402419,0.00203716,14.6493,17.9518,0.9803,21.0766,4.9592,413.8418,21.5000,,14.6493,7.8528,13.088,20.9408,26.176,37.1698,52.3519,13.088,-2.6176,2.839999,4.0,1.119292,15,34,10,8,0E-8,0.05092900,,0E-8,0.000000,0.932638,0.000000,,2026-04-07,2026-04-22,8,34,31,16,0.500000,,,0.000000,,,,,,,,GLOBAL_BASELINE_NO_ENTITY_RANKING,,,NOT_APPLICABLE_GLOBAL_BASELINE,HF9g-P5,,,,X 全窗基线 · 不参与实体赏罚,6875781,688,A168_HF9F_20260827_0900,2026-08-27 09:00:00
2026-04-08,146150127,1383,0,13.0879773840,-13.0879773840,-13.0879773840,0E-7,1,1,0.50665070000000000,0.506650700000,-1.013391052207602,-1.013391052207602,-1.013391052207602,0E-17,ELIGIBLE,R03b_20260811_FULL_v1,L1_ELIGIBILITY,v2026-08-11,2026-03-21..2026-08-06,baccarat_bet02_101_all_pairs_incl_sentinel,round_win = game_pnl > 0 (decisive only),COMPATIBILITY_ONLY_NOT_PRODUCTION,3310.7348,3087.7156,168.6124,226,172,-0.05092900,,-0.05092900,-0.05092900,-168.6124,3310.7348,OK,0.0000,6.7445,4.0000,96.0000,AG03-UNRESOLVED,ALL5_LEVELS_bet23_to_bet27,6.7445,6.7445,8.4306,8.4306,8.4306,4.000000,4.000000,5.000000,5.000000,5.000000,96.000000,96.000000,95.000000,95.000000,95.000000,5.0,38.7809,35.3822,129.8316,133.2302,PENDING_AG03,FALSE,NOT_FOR_ENFORCEMENT,161.8679,2964.2070,168.6124,161.8679,6.7445,0.05092900,0.04889184,6.7445,161.8679,0.04889184,6.7445,6.7445,8.4306,8.4306,8.4306,161.8679,0.04889184,38.7809,35.3822,129.8316,133.2302,0.03921533,0.0402419,0.00203716,14.6493,17.9518,0.9803,21.0766,4.9592,413.8418,21.5000,,14.6493,7.8528,13.088,20.9408,26.176,37.1698,52.3519,13.088,-2.6176,2.839999,4.0,1.119292,15,34,10,8,0E-8,0.05092900,,0E-8,0.000000,0.932638,0.000000,,2026-04-07,2026-04-22,8,34,31,16,0.500000,,,0.000000,,,,,,,,GLOBAL_BASELINE_NO_ENTITY_RANKING,,,NOT_APPLICABLE_GLOBAL_BASELINE,HF9g-P5,,,,X 全窗基线 · 不参与实体赏罚,6875782,688,A168_HF9F_20260827_0900,2026-08-27 09:00:00
2026-04-08,146150127,1400,0,57.5871004896,-0.9161584169,-0.9161584169,0.5000000,3,3,0.50665070000000000,0.506650700000,-0.018812684590367487,-0.018812684590367487,-0.018812684590367487,0E-17,ELIGIBLE,R03b_20260811_FULL_v1,L1_ELIGIBILITY,v2026-08-11,2026-03-21..2026-08-06,baccarat_bet02_101_all_pairs_incl_sentinel,round_win = game_pnl > 0 (decisive only),COMPATIBILITY_ONLY_NOT_PRODUCTION,3310.7348,3087.7156,168.6124,226,172,-0.05092900,,-0.05092900,-0.05092900,-168.6124,3310.7348,OK,0.0000,6.7445,4.0000,96.0000,AG03-UNRESOLVED,ALL5_LEVELS_bet23_to_bet27,6.7445,6.7445,8.4306,8.4306,8.4306,4.000000,4.000000,5.000000,5.000000,5.000000,96.000000,96.000000,95.000000,95.000000,95.000000,5.0,38.7809,35.3822,129.8316,133.2302,PENDING_AG03,FALSE,NOT_FOR_ENFORCEMENT,161.8679,2964.2070,168.6124,161.8679,6.7445,0.05092900,0.04889184,6.7445,161.8679,0.04889184,6.7445,6.7445,8.4306,8.4306,8.4306,161.8679,0.04889184,38.7809,35.3822,129.8316,133.2302,0.03921533,0.0402419,0.00203716,14.6493,17.9518,0.9803,21.0766,4.9592,413.8418,21.5000,,14.6493,7.8528,13.088,20.9408,26.176,37.1698,52.3519,13.088,-2.6176,2.839999,4.0,1.119292,15,34,10,8,0E-8,0.05092900,,0E-8,0.000000,0.932638,0.000000,,2026-04-07,2026-04-22,8,34,31,16,0.500000,,,0.000000,,,,,,,,GLOBAL_BASELINE_NO_ENTITY_RANKING,,,NOT_APPLICABLE_GLOBAL_BASELINE,HF9g-P5,,,,X 全窗基线 · 不参与实体赏罚,6875783,688,A168_HF9F_20260827_0900,2026-08-27 09:00:00
2026-04-08,146150127,1405,0,8.3763055257,-8.3763055257,-8.3763055257,0E-7,1,1,0.50665070000000000,0.506650700000,-1.013391052207602,-1.013391052207602,-1.013391052207602,0E-17,ELIGIBLE,R03b_20260811_FULL_v1,L1_ELIGIBILITY,v2026-08-11,2026-03-21..2026-08-06,baccarat_bet02_101_all_pairs_incl_sentinel,round_win = game_pnl > 0 (decisive only),COMPATIBILITY_ONLY_NOT_PRODUCTION,3310.7348,3087.7156,168.6124,226,172,-0.05092900,,-0.05092900,-0.05092900,-168.6124,3310.7348,OK,0.0000,6.7445,4.0000,96.0000,AG03-UNRESOLVED,ALL5_LEVELS_bet23_to_bet27,6.7445,6.7445,8.4306,8.4306,8.4306,4.000000,4.000000,5.000000,5.000000,5.000000,96.000000,96.000000,95.000000,95.000000,95.000000,5.0,38.7809,35.3822,129.8316,133.2302,PENDING_AG03,FALSE,NOT_FOR_ENFORCEMENT,161.8679,2964.2070,168.6124,161.8679,6.7445,0.05092900,0.04889184,6.7445,161.8679,0.04889184,6.7445,6.7445,8.4306,8.4306,8.4306,161.8679,0.04889184,38.7809,35.3822,129.8316,133.2302,0.03921533,0.0402419,0.00203716,14.6493,17.9518,0.9803,21.0766,4.9592,413.8418,21.5000,,14.6493,7.8528,13.088,20.9408,26.176,37.1698,52.3519,13.088,-2.6176,2.839999,4.0,1.119292,15,34,10,8,0E-8,0.05092900,,0E-8,0.000000,0.932638,0.000000,,2026-04-07,2026-04-22,8,34,31,16,0.500000,,,0.000000,,,,,,,,GLOBAL_BASELINE_NO_ENTITY_RANKING,,,NOT_APPLICABLE_GLOBAL_BASELINE,HF9g-P5,,,,X 全窗基线 · 不参与实体赏罚,6875784,688,A168_HF9F_20260827_0900,2026-08-27 09:00:00
2026-04-08,146150127,1490,0,294.2177315920,105.0833704159,105.0833704159,0.5000000,16,15,0.39276325666666667,0.392763256667,0.8216052143501161,0.821605214347439,0.8216052143501161,-3.3333E-13,ELIGIBLE,R03b_20260811_FULL_v1,L1_ELIGIBILITY,v2026-08-11,2026-03-21..2026-08-06,baccarat_bet02_101_all_pairs_incl_sentinel,round_win = game_pnl > 0 (decisive only),COMPATIBILITY_ONLY_NOT_PRODUCTION,3310.7348,3087.7156,168.6124,226,172,-0.05092900,,-0.05092900,-0.05092900,-168.6124,3310.7348,OK,0.0000,6.7445,4.0000,96.0000,AG03-UNRESOLVED,ALL5_LEVELS_bet23_to_bet27,6.7445,6.7445,8.4306,8.4306,8.4306,4.000000,4.000000,5.000000,5.000000,5.000000,96.000000,96.000000,95.000000,95.000000,95.000000,5.0,38.7809,35.3822,129.8316,133.2302,PENDING_AG03,FALSE,NOT_FOR_ENFORCEMENT,161.8679,2964.2070,168.6124,161.8679,6.7445,0.05092900,0.04889184,6.7445,161.8679,0.04889184,6.7445,6.7445,8.4306,8.4306,8.4306,161.8679,0.04889184,38.7809,35.3822,129.8316,133.2302,0.03921533,0.0402419,0.00203716,14.6493,17.9518,0.9803,21.0766,4.9592,413.8418,21.5000,,14.6493,7.8528,13.088,20.9408,26.176,37.1698,52.3519,13.088,-2.6176,2.839999,4.0,1.119292,15,34,10,8,0E-8,0.05092900,,0E-8,0.000000,0.932638,0.000000,,2026-04-07,2026-04-22,8,34,31,16,0.500000,,,0.000000,,,,,,,,GLOBAL_BASELINE_NO_ENTITY_RANKING,,,NOT_APPLICABLE_GLOBAL_BASELINE,HF9g-P5,,,,X 全窗基线 · 不参与实体赏罚,6875785,688,A168_HF9F_20260827_0900,2026-08-27 09:00:00
2026-04-08,146150127,1704,0,109.9390100255,-22.2495615527,-22.2495615527,0.5000000,7,6,0.48863186111111111,0.461530983333,0.05570667952585936,0.18901919973355993,0.05570667952585936,0.02710087777811111,ELIGIBLE,R03b_20260811_FULL_v1,L1_ELIGIBILITY,v2026-08-11,2026-03-21..2026-08-06,baccarat_bet02_101_all_pairs_incl_sentinel,round_win = game_pnl > 0 (decisive only),COMPATIBILITY_ONLY_NOT_PRODUCTION,3310.7348,3087.7156,168.6124,226,172,-0.05092900,,-0.05092900,-0.05092900,-168.6124,3310.7348,OK,0.0000,6.7445,4.0000,96.0000,AG03-UNRESOLVED,ALL5_LEVELS_bet23_to_bet27,6.7445,6.7445,8.4306,8.4306,8.4306,4.000000,4.000000,5.000000,5.000000,5.000000,96.000000,96.000000,95.000000,95.000000,95.000000,5.0,38.7809,35.3822,129.8316,133.2302,PENDING_AG03,FALSE,NOT_FOR_ENFORCEMENT,161.8679,2964.2070,168.6124,161.8679,6.7445,0.05092900,0.04889184,6.7445,161.8679,0.04889184,6.7445,6.7445,8.4306,8.4306,8.4306,161.8679,0.04889184,38.7809,35.3822,129.8316,133.2302,0.03921533,0.0402419,0.00203716,14.6493,17.9518,0.9803,21.0766,4.9592,413.8418,21.5000,,14.6493,7.8528,13.088,20.9408,26.176,37.1698,52.3519,13.088,-2.6176,2.839999,4.0,1.119292,15,34,10,8,0E-8,0.05092900,,0E-8,0.000000,0.932638,0.000000,,2026-04-07,2026-04-22,8,34,31,16,0.500000,,,0.000000,,,,,,,,GLOBAL_BASELINE_NO_ENTITY_RANKING,,,NOT_APPLICABLE_GLOBAL_BASELINE,HF9g-P5,,,,X 全窗基线 · 不参与实体赏罚,6875786,688,A168_HF9F_20260827_0900,2026-08-27 09:00:00
2026-04-08,146150127,1957,0,424.0504672414,0.6543988693,0.6543988693,0.5882353,34,18,0.43260774474025904,0.297544310185,1.2951560323690579,2.6216259689856933,1.2951560323690579,0.13506343455525904,ELIGIBLE,R03b_20260811_FULL_v1,L1_ELIGIBILITY,v2026-08-11,2026-03-21..2026-08-06,baccarat_bet02_101_all_pairs_incl_sentinel,round_win = game_pnl > 0 (decisive only),COMPATIBILITY_ONLY_NOT_PRODUCTION,3310.7348,3087.7156,168.6124,226,172,-0.05092900,,-0.05092900,-0.05092900,-168.6124,3310.7348,OK,0.0000,6.7445,4.0000,96.0000,AG03-UNRESOLVED,ALL5_LEVELS_bet23_to_bet27,6.7445,6.7445,8.4306,8.4306,8.4306,4.000000,4.000000,5.000000,5.000000,5.000000,96.000000,96.000000,95.000000,95.000000,95.000000,5.0,38.7809,35.3822,129.8316,133.2302,PENDING_AG03,FALSE,NOT_FOR_ENFORCEMENT,161.8679,2964.2070,168.6124,161.8679,6.7445,0.05092900,0.04889184,6.7445,161.8679,0.04889184,6.7445,6.7445,8.4306,8.4306,8.4306,161.8679,0.04889184,38.7809,35.3822,129.8316,133.2302,0.03921533,0.0402419,0.00203716,14.6493,17.9518,0.9803,21.0766,4.9592,413.8418,21.5000,,14.6493,7.8528,13.088,20.9408,26.176,37.1698,52.3519,13.088,-2.6176,2.839999,4.0,1.119292,15,34,10,8,0E-8,0.05092900,,0E-8,0.000000,0.932638,0.000000,,2026-04-07,2026-04-22,8,34,31,16,0.500000,,,0.000000,,,,,,,,GLOBAL_BASELINE_NO_ENTITY_RANKING,,,NOT_APPLICABLE_GLOBAL_BASELINE,HF9g-P5,,,,X 全窗基线 · 不参与实体赏罚,6875787,688,A168_HF9F_20260827_0900,2026-08-27 09:00:00
2026-04-08,146150127,1985,0,52.3519095360,0E-10,0E-10,0.5000000,4,4,0.49659680000000000,0.496596800000,0.013613115331600182,0.013613115331600183,0.013613115331600182,0E-17,ELIGIBLE,R03b_20260811_FULL_v1,L1_ELIGIBILITY,v2026-08-11,2026-03-21..2026-08-06,baccarat_bet02_101_all_pairs_incl_sentinel,round_win = game_pnl > 0 (decisive only),COMPATIBILITY_ONLY_NOT_PRODUCTION,3310.7348,3087.7156,168.6124,226,172,-0.05092900,,-0.05092900,-0.05092900,-168.6124,3310.7348,OK,0.0000,6.7445,4.0000,96.0000,AG03-UNRESOLVED,ALL5_LEVELS_bet23_to_bet27,6.7445,6.7445,8.4306,8.4306,8.4306,4.000000,4.000000,5.000000,5.000000,5.000000,96.000000,96.000000,95.000000,95.000000,95.000000,5.0,38.7809,35.3822,129.8316,133.2302,PENDING_AG03,FALSE,NOT_FOR_ENFORCEMENT,161.8679,2964.2070,168.6124,161.8679,6.7445,0.05092900,0.04889184,6.7445,161.8679,0.04889184,6.7445,6.7445,8.4306,8.4306,8.4306,161.8679,0.04889184,38.7809,35.3822,129.8316,133.2302,0.03921533,0.0402419,0.00203716,14.6493,17.9518,0.9803,21.0766,4.9592,413.8418,21.5000,,14.6493,7.8528,13.088,20.9408,26.176,37.1698,52.3519,13.088,-2.6176,2.839999,4.0,1.119292,15,34,10,8,0E-8,0.05092900,,0E-8,0.000000,0.932638,0.000000,,2026-04-07,2026-04-22,8,34,31,16,0.500000,,,0.000000,,,,,,,,GLOBAL_BASELINE_NO_ENTITY_RANKING,,,NOT_APPLICABLE_GLOBAL_BASELINE,HF9g-P5,,,,X 全窗基线 · 不参与实体赏罚,6875788,688,A168_HF9F_20260827_0900,2026-08-27 09:00:00
2026-04-08,146150127,2060,0,159.6733240848,9.4233437163,9.4233437163,0.3333333,18,9,0.34359418297659131,0.211962687037,-0.0648179761390052,0.8909058698127298,-0.0648179761390052,0.13163149593959131,ELIGIBLE,R03b_20260811_FULL_v1,L1_ELIGIBILITY,v2026-08-11,2026-03-21..2026-08-06,baccarat_bet02_101_all_pairs_incl_sentinel,round_win = game_pnl > 0 (decisive only),COMPATIBILITY_ONLY_NOT_PRODUCTION,3310.7348,3087.7156,168.6124,226,172,-0.05092900,,-0.05092900,-0.05092900,-168.6124,3310.7348,OK,0.0000,6.7445,4.0000,96.0000,AG03-UNRESOLVED,ALL5_LEVELS_bet23_to_bet27,6.7445,6.7445,8.4306,8.4306,8.4306,4.000000,4.000000,5.000000,5.000000,5.000000,96.000000,96.000000,95.000000,95.000000,95.000000,5.0,38.7809,35.3822,129.8316,133.2302,PENDING_AG03,FALSE,NOT_FOR_ENFORCEMENT,161.8679,2964.2070,168.6124,161.8679,6.7445,0.05092900,0.04889184,6.7445,161.8679,0.04889184,6.7445,6.7445,8.4306,8.4306,8.4306,161.8679,0.04889184,38.7809,35.3822,129.8316,133.2302,0.03921533,0.0402419,0.00203716,14.6493,17.9518,0.9803,21.0766,4.9592,413.8418,21.5000,,14.6493,7.8528,13.088,20.9408,26.176,37.1698,52.3519,13.088,-2.6176,2.839999,4.0,1.119292,15,34,10,8,0E-8,0.05092900,,0E-8,0.000000,0.932638,0.000000,,2026-04-07,2026-04-22,8,34,31,16,0.500000,,,0.000000,,,,,,,,GLOBAL_BASELINE_NO_ENTITY_RANKING,,,NOT_APPLICABLE_GLOBAL_BASELINE,HF9g-P5,,,,X 全窗基线 · 不参与实体赏罚,6875789,688,A168_HF9F_20260827_0900,2026-08-27 09:00:00
2026-04-08,146150127,2145,0,130.8797738400,-53.0063084052,-53.0063084052,0.4000000,6,6,0.50441650000000000,0.504416500000,-0.466983001748531,-0.466983001748531,-0.466983001748531,0E-17,ELIGIBLE,R03b_20260811_FULL_v1,L1_ELIGIBILITY,v2026-08-11,2026-03-21..2026-08-06,baccarat_bet02_101_all_pairs_incl_sentinel,round_win = game_pnl > 0 (decisive only),COMPATIBILITY_ONLY_NOT_PRODUCTION,3310.7348,3087.7156,168.6124,226,172,-0.05092900,,-0.05092900,-0.05092900,-168.6124,3310.7348,OK,0.0000,6.7445,4.0000,96.0000,AG03-UNRESOLVED,ALL5_LEVELS_bet23_to_bet27,6.7445,6.7445,8.4306,8.4306,8.4306,4.000000,4.000000,5.000000,5.000000,5.000000,96.000000,96.000000,95.000000,95.000000,95.000000,5.0,38.7809,35.3822,129.8316,133.2302,PENDING_AG03,FALSE,NOT_FOR_ENFORCEMENT,161.8679,2964.2070,168.6124,161.8679,6.7445,0.05092900,0.04889184,6.7445,161.8679,0.04889184,6.7445,6.7445,8.4306,8.4306,8.4306,161.8679,0.04889184,38.7809,35.3822,129.8316,133.2302,0.03921533,0.0402419,0.00203716,14.6493,17.9518,0.9803,21.0766,4.9592,413.8418,21.5000,,14.6493,7.8528,13.088,20.9408,26.176,37.1698,52.3519,13.088,-2.6176,2.839999,4.0,1.119292,15,34,10,8,0E-8,0.05092900,,0E-8,0.000000,0.932638,0.000000,,2026-04-07,2026-04-22,8,34,31,16,0.500000,,,0.000000,,,,,,,,GLOBAL_BASELINE_NO_ENTITY_RANKING,,,NOT_APPLICABLE_GLOBAL_BASELINE,HF9g-P5,,,,X 全窗基线 · 不参与实体赏罚,6875790,688,A168_HF9F_20260827_0900,2026-08-27 09:00:00
2026-04-08,146150127,2196,0,88.9982462111,-47.1167185823,-47.1167185823,0.3333333,3,3,0.50218230000000000,0.502182300000,-0.5849155494134425,-0.5849155494134426,-0.5849155494134425,0E-17,ELIGIBLE,R03b_20260811_FULL_v1,L1_ELIGIBILITY,v2026-08-11,2026-03-21..2026-08-06,baccarat_bet02_101_all_pairs_incl_sentinel,round_win = game_pnl > 0 (decisive only),COMPATIBILITY_ONLY_NOT_PRODUCTION,3310.7348,3087.7156,168.6124,226,172,-0.05092900,,-0.05092900,-0.05092900,-168.6124,3310.7348,OK,0.0000,6.7445,4.0000,96.0000,AG03-UNRESOLVED,ALL5_LEVELS_bet23_to_bet27,6.7445,6.7445,8.4306,8.4306,8.4306,4.000000,4.000000,5.000000,5.000000,5.000000,96.000000,96.000000,95.000000,95.000000,95.000000,5.0,38.7809,35.3822,129.8316,133.2302,PENDING_AG03,FALSE,NOT_FOR_ENFORCEMENT,161.8679,2964.2070,168.6124,161.8679,6.7445,0.05092900,0.04889184,6.7445,161.8679,0.04889184,6.7445,6.7445,8.4306,8.4306,8.4306,161.8679,0.04889184,38.7809,35.3822,129.8316,133.2302,0.03921533,0.0402419,0.00203716,14.6493,17.9518,0.9803,21.0766,4.9592,413.8418,21.5000,,14.6493,7.8528,13.088,20.9408,26.176,37.1698,52.3519,13.088,-2.6176,2.839999,4.0,1.119292,15,34,10,8,0E-8,0.05092900,,0E-8,0.000000,0.932638,0.000000,,2026-04-07,2026-04-22,8,34,31,16,0.500000,,,0.000000,,,,,,,,GLOBAL_BASELINE_NO_ENTITY_RANKING,,,NOT_APPLICABLE_GLOBAL_BASELINE,HF9g-P5,,,,X 全窗基线 · 不参与实体赏罚,6875791,688,A168_HF9F_20260827_0900,2026-08-27 09:00:00
2026-04-08,146150127,529,0,112.5566055023,85.2027327697,85.2027327697,0.7500000,4,4,0.49659680000000000,0.496596800000,1.0136362796769356,1.0136362796769358,1.0136362796769356,0E-17,ELIGIBLE,R03b_20260811_FULL_v1,L1_ELIGIBILITY,v2026-08-11,2026-03-21..2026-08-06,baccarat_bet02_101_all_pairs_incl_sentinel,round_win = game_pnl > 0 (decisive only),COMPATIBILITY_ONLY_NOT_PRODUCTION,3310.7348,3087.7156,168.6124,226,172,-0.05092900,,-0.05092900,-0.05092900,-168.6124,3310.7348,OK,0.0000,6.7445,4.0000,96.0000,AG03-UNRESOLVED,ALL5_LEVELS_bet23_to_bet27,6.7445,6.7445,8.4306,8.4306,8.4306,4.000000,4.000000,5.000000,5.000000,5.000000,96.000000,96.000000,95.000000,95.000000,95.000000,5.0,38.7809,35.3822,129.8316,133.2302,PENDING_AG03,FALSE,NOT_FOR_ENFORCEMENT,161.8679,2964.2070,168.6124,161.8679,6.7445,0.05092900,0.04889184,6.7445,161.8679,0.04889184,6.7445,6.7445,8.4306,8.4306,8.4306,161.8679,0.04889184,38.7809,35.3822,129.8316,133.2302,0.03921533,0.0402419,0.00203716,14.6493,17.9518,0.9803,21.0766,4.9592,413.8418,21.5000,,14.6493,7.8528,13.088,20.9408,26.176,37.1698,52.3519,13.088,-2.6176,2.839999,4.0,1.119292,15,34,10,8,0E-8,0.05092900,,0E-8,0.000000,0.932638,0.000000,,2026-04-07,2026-04-22,8,34,31,16,0.500000,,,0.000000,,,,,,,,GLOBAL_BASELINE_NO_ENTITY_RANKING,,,NOT_APPLICABLE_GLOBAL_BASELINE,HF9g-P5,,,,X 全窗基线 · 不参与实体赏罚,6875792,688,A168_HF9F_20260827_0900,2026-08-27 09:00:00
2026-04-08,146150127,752,0,86.3806507344,78.5278643040,78.5278643040,1.0000000,6,5,0.48502809333333333,0.452507040000,2.3040575570837647,2.459583673684702,2.3040575570837647,0.03252105333333333,ELIGIBLE,R03b_20260811_FULL_v1,L1_ELIGIBILITY,v2026-08-11,2026-03-21..2026-08-06,baccarat_bet02_101_all_pairs_incl_sentinel,round_win = game_pnl > 0 (decisive only),COMPATIBILITY_ONLY_NOT_PRODUCTION,3310.7348,3087.7156,168.6124,226,172,-0.05092900,,-0.05092900,-0.05092900,-168.6124,3310.7348,OK,0.0000,6.7445,4.0000,96.0000,AG03-UNRESOLVED,ALL5_LEVELS_bet23_to_bet27,6.7445,6.7445,8.4306,8.4306,8.4306,4.000000,4.000000,5.000000,5.000000,5.000000,96.000000,96.000000,95.000000,95.000000,95.000000,5.0,38.7809,35.3822,129.8316,133.2302,PENDING_AG03,FALSE,NOT_FOR_ENFORCEMENT,161.8679,2964.2070,168.6124,161.8679,6.7445,0.05092900,0.04889184,6.7445,161.8679,0.04889184,6.7445,6.7445,8.4306,8.4306,8.4306,161.8679,0.04889184,38.7809,35.3822,129.8316,133.2302,0.03921533,0.0402419,0.00203716,14.6493,17.9518,0.9803,21.0766,4.9592,413.8418,21.5000,,14.6493,7.8528,13.088,20.9408,26.176,37.1698,52.3519,13.088,-2.6176,2.839999,4.0,1.119292,15,34,10,8,0E-8,0.05092900,,0E-8,0.000000,0.932638,0.000000,,2026-04-07,2026-04-22,8,34,31,16,0.500000,,,0.000000,,,,,,,,GLOBAL_BASELINE_NO_ENTITY_RANKING,,,NOT_APPLICABLE_GLOBAL_BASELINE,HF9g-P5,,,,X 全窗基线 · 不参与实体赏罚,6875793,688,A168_HF9F_20260827_0900,2026-08-27 09:00:00
2026-04-09,146150127,1485,0,39.2639321520,-28.7935502448,-28.7935502448,0E-7,4,3,0.32873722666666667,0.281296166667,-1.2121009438349113,-1.0835964004187346,-1.2121009438349113,0.04744105999966667,ELIGIBLE,R03b_20260811_FULL_v1,L1_ELIGIBILITY,v2026-08-11,2026-03-21..2026-08-06,baccarat_bet02_101_all_pairs_incl_sentinel,round_win = game_pnl > 0 (decisive only),COMPATIBILITY_ONLY_NOT_PRODUCTION,3310.7348,3087.7156,168.6124,226,172,-0.05092900,,-0.05092900,-0.05092900,-168.6124,3310.7348,OK,0.0000,6.7445,4.0000,96.0000,AG03-UNRESOLVED,ALL5_LEVELS_bet23_to_bet27,6.7445,6.7445,8.4306,8.4306,8.4306,4.000000,4.000000,5.000000,5.000000,5.000000,96.000000,96.000000,95.000000,95.000000,95.000000,5.0,38.7809,35.3822,129.8316,133.2302,PENDING_AG03,FALSE,NOT_FOR_ENFORCEMENT,161.8679,2964.2070,168.6124,161.8679,6.7445,0.05092900,0.04889184,6.7445,161.8679,0.04889184,6.7445,6.7445,8.4306,8.4306,8.4306,161.8679,0.04889184,38.7809,35.3822,129.8316,133.2302,0.03921533,0.0402419,0.00203716,14.6493,17.9518,0.9803,21.0766,4.9592,413.8418,21.5000,,14.6493,7.8528,13.088,20.9408,26.176,37.1698,52.3519,13.088,-2.6176,2.839999,4.0,1.119292,15,34,10,8,0E-8,0.05092900,,0E-8,0.000000,0.932638,0.000000,,2026-04-07,2026-04-22,8,34,31,16,0.500000,,,0.000000,,,,,,,,GLOBAL_BASELINE_NO_ENTITY_RANKING,,,NOT_APPLICABLE_GLOBAL_BASELINE,HF9g-P5,,,,X 全窗基线 · 不参与实体赏罚,6875794,688,A168_HF9F_20260827_0900,2026-08-27 09:00:00
2026-04-09,146150127,1645,0,7.8527864304,-7.8527864304,-7.8527864304,0E-7,1,1,0.49324550000000000,0.493245500000,-0.9865810262130424,-0.9865810262130424,-0.9865810262130424,0E-17,ELIGIBLE,R03b_20260811_FULL_v1,L1_ELIGIBILITY,v2026-08-11,2026-03-21..2026-08-06,baccarat_bet02_101_all_pairs_incl_sentinel,round_win = game_pnl > 0 (decisive only),COMPATIBILITY_ONLY_NOT_PRODUCTION,3310.7348,3087.7156,168.6124,226,172,-0.05092900,,-0.05092900,-0.05092900,-168.6124,3310.7348,OK,0.0000,6.7445,4.0000,96.0000,AG03-UNRESOLVED,ALL5_LEVELS_bet23_to_bet27,6.7445,6.7445,8.4306,8.4306,8.4306,4.000000,4.000000,5.000000,5.000000,5.000000,96.000000,96.000000,95.000000,95.000000,95.000000,5.0,38.7809,35.3822,129.8316,133.2302,PENDING_AG03,FALSE,NOT_FOR_ENFORCEMENT,161.8679,2964.2070,168.6124,161.8679,6.7445,0.05092900,0.04889184,6.7445,161.8679,0.04889184,6.7445,6.7445,8.4306,8.4306,8.4306,161.8679,0.04889184,38.7809,35.3822,129.8316,133.2302,0.03921533,0.0402419,0.00203716,14.6493,17.9518,0.9803,21.0766,4.9592,413.8418,21.5000,,14.6493,7.8528,13.088,20.9408,26.176,37.1698,52.3519,13.088,-2.6176,2.839999,4.0,1.119292,15,34,10,8,0E-8,0.05092900,,0E-8,0.000000,0.932638,0.000000,,2026-04-07,2026-04-22,8,34,31,16,0.500000,,,0.000000,,,,,,,,GLOBAL_BASELINE_NO_ENTITY_RANKING,,,NOT_APPLICABLE_GLOBAL_BASELINE,HF9g-P5,,,,X 全窗基线 · 不参与实体赏罚,6875795,688,A168_HF9F_20260827_0900,2026-08-27 09:00:00
2026-04-09,146150127,1994,0,34.0287411984,-34.0287411984,-34.0287411984,0E-7,4,2,0.42556989761904762,0.259391500000,-1.2172558012040418,-0.8369480889323658,-1.2172558012040418,0.16617839761904762,ELIGIBLE,R03b_20260811_FULL_v1,L1_ELIGIBILITY,v2026-08-11,2026-03-21..2026-08-06,baccarat_bet02_101_all_pairs_incl_sentinel,round_win = game_pnl > 0 (decisive only),COMPATIBILITY_ONLY_NOT_PRODUCTION,3310.7348,3087.7156,168.6124,226,172,-0.05092900,,-0.05092900,-0.05092900,-168.6124,3310.7348,OK,0.0000,6.7445,4.0000,96.0000,AG03-UNRESOLVED,ALL5_LEVELS_bet23_to_bet27,6.7445,6.7445,8.4306,8.4306,8.4306,4.000000,4.000000,5.000000,5.000000,5.000000,96.000000,96.000000,95.000000,95.000000,95.000000,5.0,38.7809,35.3822,129.8316,133.2302,PENDING_AG03,FALSE,NOT_FOR_ENFORCEMENT,161.8679,2964.2070,168.6124,161.8679,6.7445,0.05092900,0.04889184,6.7445,161.8679,0.04889184,6.7445,6.7445,8.4306,8.4306,8.4306,161.8679,0.04889184,38.7809,35.3822,129.8316,133.2302,0.03921533,0.0402419,0.00203716,14.6493,17.9518,0.9803,21.0766,4.9592,413.8418,21.5000,,14.6493,7.8528,13.088,20.9408,26.176,37.1698,52.3519,13.088,-2.6176,2.839999,4.0,1.119292,15,34,10,8,0E-8,0.05092900,,0E-8,0.000000,0.932638,0.000000,,2026-04-07,2026-04-22,8,34,31,16,0.500000,,,0.000000,,,,,,,,GLOBAL_BASELINE_NO_ENTITY_RANKING,,,NOT_APPLICABLE_GLOBAL_BASELINE,HF9g-P5,,,,X 全窗基线 · 不参与实体赏罚,6875796,688,A168_HF9F_20260827_0900,2026-08-27 09:00:00
2026-04-09,146150127,2130,0,138.7325602704,67.0104442059,67.0104442059,0.5000000,13,11,0.35639081623376623,0.329465918182,0.9482172361858553,1.1473489196467157,0.9482172361858553,0.02692489805176623,ELIGIBLE,R03b_20260811_FULL_v1,L1_ELIGIBILITY,v2026-08-11,2026-03-21..2026-08-06,baccarat_bet02_101_all_pairs_incl_sentinel,round_win = game_pnl > 0 (decisive only),COMPATIBILITY_ONLY_NOT_PRODUCTION,3310.7348,3087.7156,168.6124,226,172,-0.05092900,,-0.05092900,-0.05092900,-168.6124,3310.7348,OK,0.0000,6.7445,4.0000,96.0000,AG03-UNRESOLVED,ALL5_LEVELS_bet23_to_bet27,6.7445,6.7445,8.4306,8.4306,8.4306,4.000000,4.000000,5.000000,5.000000,5.000000,96.000000,96.000000,95.000000,95.000000,95.000000,5.0,38.7809,35.3822,129.8316,133.2302,PENDING_AG03,FALSE,NOT_FOR_ENFORCEMENT,161.8679,2964.2070,168.6124,161.8679,6.7445,0.05092900,0.04889184,6.7445,161.8679,0.04889184,6.7445,6.7445,8.4306,8.4306,8.4306,161.8679,0.04889184,38.7809,35.3822,129.8316,133.2302,0.03921533,0.0402419,0.00203716,14.6493,17.9518,0.9803,21.0766,4.9592,413.8418,21.5000,,14.6493,7.8528,13.088,20.9408,26.176,37.1698,52.3519,13.088,-2.6176,2.839999,4.0,1.119292,15,34,10,8,0E-8,0.05092900,,0E-8,0.000000,0.932638,0.000000,,2026-04-07,2026-04-22,8,34,31,16,0.500000,,,0.000000,,,,,,,,GLOBAL_BASELINE_NO_ENTITY_RANKING,,,NOT_APPLICABLE_GLOBAL_BASELINE,HF9g-P5,,,,X 全窗基线 · 不参与实体赏罚,6875797,688,A168_HF9F_20260827_0900,2026-08-27 09:00:00
2026-04-09,146150127,2151,0,15.7055728608,-15.7055728608,-15.7055728608,0E-7,2,2,0.49994810000000000,0.499948100000,-1.4140667746232096,-1.4140667746232096,-1.4140667746232096,0E-17,ELIGIBLE,R03b_20260811_FULL_v1,L1_ELIGIBILITY,v2026-08-11,2026-03-21..2026-08-06,baccarat_bet02_101_all_pairs_incl_sentinel,round_win = game_pnl > 0 (decisive only),COMPATIBILITY_ONLY_NOT_PRODUCTION,3310.7348,3087.7156,168.6124,226,172,-0.05092900,,-0.05092900,-0.05092900,-168.6124,3310.7348,OK,0.0000,6.7445,4.0000,96.0000,AG03-UNRESOLVED,ALL5_LEVELS_bet23_to_bet27,6.7445,6.7445,8.4306,8.4306,8.4306,4.000000,4.000000,5.000000,5.000000,5.000000,96.000000,96.000000,95.000000,95.000000,95.000000,5.0,38.7809,35.3822,129.8316,133.2302,PENDING_AG03,FALSE,NOT_FOR_ENFORCEMENT,161.8679,2964.2070,168.6124,161.8679,6.7445,0.05092900,0.04889184,6.7445,161.8679,0.04889184,6.7445,6.7445,8.4306,8.4306,8.4306,161.8679,0.04889184,38.7809,35.3822,129.8316,133.2302,0.03921533,0.0402419,0.00203716,14.6493,17.9518,0.9803,21.0766,4.9592,413.8418,21.5000,,14.6493,7.8528,13.088,20.9408,26.176,37.1698,52.3519,13.088,-2.6176,2.839999,4.0,1.119292,15,34,10,8,0E-8,0.05092900,,0E-8,0.000000,0.932638,0.000000,,2026-04-07,2026-04-22,8,34,31,16,0.500000,,,0.000000,,,,,,,,GLOBAL_BASELINE_NO_ENTITY_RANKING,,,NOT_APPLICABLE_GLOBAL_BASELINE,HF9g-P5,,,,X 全窗基线 · 不参与实体赏罚,6875798,688,A168_HF9F_20260827_0900,2026-08-27 09:00:00
2026-04-09,146150127,2235,0,183.2316833759,-33.8978614246,-33.8978614246,0.4285714,15,7,0.36248434519895587,0.232025314286,0.36372700877747327,1.2318911777314598,0.36372700877747327,0.13045903091295587,ELIGIBLE,R03b_20260811_FULL_v1,L1_ELIGIBILITY,v2026-08-11,2026-03-21..2026-08-06,baccarat_bet02_101_all_pairs_incl_sentinel,round_win = game_pnl > 0 (decisive only),COMPATIBILITY_ONLY_NOT_PRODUCTION,3310.7348,3087.7156,168.6124,226,172,-0.05092900,,-0.05092900,-0.05092900,-168.6124,3310.7348,OK,0.0000,6.7445,4.0000,96.0000,AG03-UNRESOLVED,ALL5_LEVELS_bet23_to_bet27,6.7445,6.7445,8.4306,8.4306,8.4306,4.000000,4.000000,5.000000,5.000000,5.000000,96.000000,96.000000,95.000000,95.000000,95.000000,5.0,38.7809,35.3822,129.8316,133.2302,PENDING_AG03,FALSE,NOT_FOR_ENFORCEMENT,161.8679,2964.2070,168.6124,161.8679,6.7445,0.05092900,0.04889184,6.7445,161.8679,0.04889184,6.7445,6.7445,8.4306,8.4306,8.4306,161.8679,0.04889184,38.7809,35.3822,129.8316,133.2302,0.03921533,0.0402419,0.00203716,14.6493,17.9518,0.9803,21.0766,4.9592,413.8418,21.5000,,14.6493,7.8528,13.088,20.9408,26.176,37.1698,52.3519,13.088,-2.6176,2.839999,4.0,1.119292,15,34,10,8,0E-8,0.05092900,,0E-8,0.000000,0.932638,0.000000,,2026-04-07,2026-04-22,8,34,31,16,0.500000,,,0.000000,,,,,,,,GLOBAL_BASELINE_NO_ENTITY_RANKING,,,NOT_APPLICABLE_GLOBAL_BASELINE,HF9g-P5,,,,X 全窗基线 · 不参与实体赏罚,6875799,688,A168_HF9F_20260827_0900,2026-08-27 09:00:00
2026-04-10,146150127,1990,0,3.9263932152,-3.9263932152,-3.9263932152,0E-7,1,1,0.01883490000000000,0.018834900000,-0.1385513026636974,-0.1385513026636974,-0.1385513026636974,0E-17,ELIGIBLE,R03b_20260811_FULL_v1,L1_ELIGIBILITY,v2026-08-11,2026-03-21..2026-08-06,baccarat_bet02_101_all_pairs_incl_sentinel,round_win = game_pnl > 0 (decisive only),COMPATIBILITY_ONLY_NOT_PRODUCTION,3310.7348,3087.7156,168.6124,226,172,-0.05092900,,-0.05092900,-0.05092900,-168.6124,3310.7348,OK,0.0000,6.7445,4.0000,96.0000,AG03-UNRESOLVED,ALL5_LEVELS_bet23_to_bet27,6.7445,6.7445,8.4306,8.4306,8.4306,4.000000,4.000000,5.000000,5.000000,5.000000,96.000000,96.000000,95.000000,95.000000,95.000000,5.0,38.7809,35.3822,129.8316,133.2302,PENDING_AG03,FALSE,NOT_FOR_ENFORCEMENT,161.8679,2964.2070,168.6124,161.8679,6.7445,0.05092900,0.04889184,6.7445,161.8679,0.04889184,6.7445,6.7445,8.4306,8.4306,8.4306,161.8679,0.04889184,38.7809,35.3822,129.8316,133.2302,0.03921533,0.0402419,0.00203716,14.6493,17.9518,0.9803,21.0766,4.9592,413.8418,21.5000,,14.6493,7.8528,13.088,20.9408,26.176,37.1698,52.3519,13.088,-2.6176,2.839999,4.0,1.119292,15,34,10,8,0E-8,0.05092900,,0E-8,0.000000,0.932638,0.000000,,2026-04-07,2026-04-22,8,34,31,16,0.500000,,,0.000000,,,,,,,,GLOBAL_BASELINE_NO_ENTITY_RANKING,,,NOT_APPLICABLE_GLOBAL_BASELINE,HF9g-P5,,,,X 全窗基线 · 不参与实体赏罚,6875800,688,A168_HF9F_20260827_0900,2026-08-27 09:00:00
2026-04-10,146150127,1994,0,20.9407638144,-20.9407638144,-20.9407638144,0E-7,2,2,0.49994810000000000,0.499948100000,-1.4140667746232096,-1.4140667746232096,-1.4140667746232096,0E-17,ELIGIBLE,R03b_20260811_FULL_v1,L1_ELIGIBILITY,v2026-08-11,2026-03-21..2026-08-06,baccarat_bet02_101_all_pairs_incl_sentinel,round_win = game_pnl > 0 (decisive only),COMPATIBILITY_ONLY_NOT_PRODUCTION,3310.7348,3087.7156,168.6124,226,172,-0.05092900,,-0.05092900,-0.05092900,-168.6124,3310.7348,OK,0.0000,6.7445,4.0000,96.0000,AG03-UNRESOLVED,ALL5_LEVELS_bet23_to_bet27,6.7445,6.7445,8.4306,8.4306,8.4306,4.000000,4.000000,5.000000,5.000000,5.000000,96.000000,96.000000,95.000000,95.000000,95.000000,5.0,38.7809,35.3822,129.8316,133.2302,PENDING_AG03,FALSE,NOT_FOR_ENFORCEMENT,161.8679,2964.2070,168.6124,161.8679,6.7445,0.05092900,0.04889184,6.7445,161.8679,0.04889184,6.7445,6.7445,8.4306,8.4306,8.4306,161.8679,0.04889184,38.7809,35.3822,129.8316,133.2302,0.03921533,0.0402419,0.00203716,14.6493,17.9518,0.9803,21.0766,4.9592,413.8418,21.5000,,14.6493,7.8528,13.088,20.9408,26.176,37.1698,52.3519,13.088,-2.6176,2.839999,4.0,1.119292,15,34,10,8,0E-8,0.05092900,,0E-8,0.000000,0.932638,0.000000,,2026-04-07,2026-04-22,8,34,31,16,0.500000,,,0.000000,,,,,,,,GLOBAL_BASELINE_NO_ENTITY_RANKING,,,NOT_APPLICABLE_GLOBAL_BASELINE,HF9g-P5,,,,X 全窗基线 · 不参与实体赏罚,6875801,688,A168_HF9F_20260827_0900,2026-08-27 09:00:00
2026-04-15,146150127,2106,0,62.8222914432,-21.5951626836,-21.5951626836,0.5000000,4,4,0.49659680000000000,0.496596800000,0.013613115331600182,0.013613115331600183,0.013613115331600182,0E-17,ELIGIBLE,R03b_20260811_FULL_v1,L1_ELIGIBILITY,v2026-08-11,2026-03-21..2026-08-06,baccarat_bet02_101_all_pairs_incl_sentinel,round_win = game_pnl > 0 (decisive only),COMPATIBILITY_ONLY_NOT_PRODUCTION,3310.7348,3087.7156,168.6124,226,172,-0.05092900,,-0.05092900,-0.05092900,-168.6124,3310.7348,OK,0.0000,6.7445,4.0000,96.0000,AG03-UNRESOLVED,ALL5_LEVELS_bet23_to_bet27,6.7445,6.7445,8.4306,8.4306,8.4306,4.000000,4.000000,5.000000,5.000000,5.000000,96.000000,96.000000,95.000000,95.000000,95.000000,5.0,38.7809,35.3822,129.8316,133.2302,PENDING_AG03,FALSE,NOT_FOR_ENFORCEMENT,161.8679,2964.2070,168.6124,161.8679,6.7445,0.05092900,0.04889184,6.7445,161.8679,0.04889184,6.7445,6.7445,8.4306,8.4306,8.4306,161.8679,0.04889184,38.7809,35.3822,129.8316,133.2302,0.03921533,0.0402419,0.00203716,14.6493,17.9518,0.9803,21.0766,4.9592,413.8418,21.5000,,14.6493,7.8528,13.088,20.9408,26.176,37.1698,52.3519,13.088,-2.6176,2.839999,4.0,1.119292,15,34,10,8,0E-8,0.05092900,,0E-8,0.000000,0.932638,0.000000,,2026-04-07,2026-04-22,8,34,31,16,0.500000,,,0.000000,,,,,,,,GLOBAL_BASELINE_NO_ENTITY_RANKING,,,NOT_APPLICABLE_GLOBAL_BASELINE,HF9g-P5,,,,X 全窗基线 · 不参与实体赏罚,6875802,688,A168_HF9F_20260827_0900,2026-08-27 09:00:00
2026-04-15,146150127,2224,0,34.0287411984,-7.8527864304,-7.8527864304,0.5000000,2,2,0.49994810000000000,0.499948100000,0.00014679536856514622,0.00014679536856514622,0.00014679536856514622,0E-17,ELIGIBLE,R03b_20260811_FULL_v1,L1_ELIGIBILITY,v2026-08-11,2026-03-21..2026-08-06,baccarat_bet02_101_all_pairs_incl_sentinel,round_win = game_pnl > 0 (decisive only),COMPATIBILITY_ONLY_NOT_PRODUCTION,3310.7348,3087.7156,168.6124,226,172,-0.05092900,,-0.05092900,-0.05092900,-168.6124,3310.7348,OK,0.0000,6.7445,4.0000,96.0000,AG03-UNRESOLVED,ALL5_LEVELS_bet23_to_bet27,6.7445,6.7445,8.4306,8.4306,8.4306,4.000000,4.000000,5.000000,5.000000,5.000000,96.000000,96.000000,95.000000,95.000000,95.000000,5.0,38.7809,35.3822,129.8316,133.2302,PENDING_AG03,FALSE,NOT_FOR_ENFORCEMENT,161.8679,2964.2070,168.6124,161.8679,6.7445,0.05092900,0.04889184,6.7445,161.8679,0.04889184,6.7445,6.7445,8.4306,8.4306,8.4306,161.8679,0.04889184,38.7809,35.3822,129.8316,133.2302,0.03921533,0.0402419,0.00203716,14.6493,17.9518,0.9803,21.0766,4.9592,413.8418,21.5000,,14.6493,7.8528,13.088,20.9408,26.176,37.1698,52.3519,13.088,-2.6176,2.839999,4.0,1.119292,15,34,10,8,0E-8,0.05092900,,0E-8,0.000000,0.932638,0.000000,,2026-04-07,2026-04-22,8,34,31,16,0.500000,,,0.000000,,,,,,,,GLOBAL_BASELINE_NO_ENTITY_RANKING,,,NOT_APPLICABLE_GLOBAL_BASELINE,HF9g-P5,,,,X 全窗基线 · 不参与实体赏罚,6875803,688,A168_HF9F_20260827_0900,2026-08-27 09:00:00
2026-04-16,146150127,1485,0,26.1759547680,-13.0879773840,-13.0879773840,0E-7,2,2,0.50665070000000000,0.506650700000,-1.013391052207602,-1.013391052207602,-1.013391052207602,0E-17,ELIGIBLE,R03b_20260811_FULL_v1,L1_ELIGIBILITY,v2026-08-11,2026-03-21..2026-08-06,baccarat_bet02_101_all_pairs_incl_sentinel,round_win = game_pnl > 0 (decisive only),COMPATIBILITY_ONLY_NOT_PRODUCTION,3310.7348,3087.7156,168.6124,226,172,-0.05092900,,-0.05092900,-0.05092900,-168.6124,3310.7348,OK,0.0000,6.7445,4.0000,96.0000,AG03-UNRESOLVED,ALL5_LEVELS_bet23_to_bet27,6.7445,6.7445,8.4306,8.4306,8.4306,4.000000,4.000000,5.000000,5.000000,5.000000,96.000000,96.000000,95.000000,95.000000,95.000000,5.0,38.7809,35.3822,129.8316,133.2302,PENDING_AG03,FALSE,NOT_FOR_ENFORCEMENT,161.8679,2964.2070,168.6124,161.8679,6.7445,0.05092900,0.04889184,6.7445,161.8679,0.04889184,6.7445,6.7445,8.4306,8.4306,8.4306,161.8679,0.04889184,38.7809,35.3822,129.8316,133.2302,0.03921533,0.0402419,0.00203716,14.6493,17.9518,0.9803,21.0766,4.9592,413.8418,21.5000,,14.6493,7.8528,13.088,20.9408,26.176,37.1698,52.3519,13.088,-2.6176,2.839999,4.0,1.119292,15,34,10,8,0E-8,0.05092900,,0E-8,0.000000,0.932638,0.000000,,2026-04-07,2026-04-22,8,34,31,16,0.500000,,,0.000000,,,,,,,,GLOBAL_BASELINE_NO_ENTITY_RANKING,,,NOT_APPLICABLE_GLOBAL_BASELINE,HF9g-P5,,,,X 全窗基线 · 不参与实体赏罚,6875804,688,A168_HF9F_20260827_0900,2026-08-27 09:00:00
2026-04-16,146150127,1994,0,141.3501557472,5.2351909536,5.2351909536,0.5000000,10,9,0.39356815185185185,0.375997388889,0.6161913859175497,0.7240860918234172,0.6161913859175497,0.01757076296285185,ELIGIBLE,R03b_20260811_FULL_v1,L1_ELIGIBILITY,v2026-08-11,2026-03-21..2026-08-06,baccarat_bet02_101_all_pairs_incl_sentinel,round_win = game_pnl > 0 (decisive only),COMPATIBILITY_ONLY_NOT_PRODUCTION,3310.7348,3087.7156,168.6124,226,172,-0.05092900,,-0.05092900,-0.05092900,-168.6124,3310.7348,OK,0.0000,6.7445,4.0000,96.0000,AG03-UNRESOLVED,ALL5_LEVELS_bet23_to_bet27,6.7445,6.7445,8.4306,8.4306,8.4306,4.000000,4.000000,5.000000,5.000000,5.000000,96.000000,96.000000,95.000000,95.000000,95.000000,5.0,38.7809,35.3822,129.8316,133.2302,PENDING_AG03,FALSE,NOT_FOR_ENFORCEMENT,161.8679,2964.2070,168.6124,161.8679,6.7445,0.05092900,0.04889184,6.7445,161.8679,0.04889184,6.7445,6.7445,8.4306,8.4306,8.4306,161.8679,0.04889184,38.7809,35.3822,129.8316,133.2302,0.03921533,0.0402419,0.00203716,14.6493,17.9518,0.9803,21.0766,4.9592,413.8418,21.5000,,14.6493,7.8528,13.088,20.9408,26.176,37.1698,52.3519,13.088,-2.6176,2.839999,4.0,1.119292,15,34,10,8,0E-8,0.05092900,,0E-8,0.000000,0.932638,0.000000,,2026-04-07,2026-04-22,8,34,31,16,0.500000,,,0.000000,,,,,,,,GLOBAL_BASELINE_NO_ENTITY_RANKING,,,NOT_APPLICABLE_GLOBAL_BASELINE,HF9g-P5,,,,X 全窗基线 · 不参与实体赏罚,6875805,688,A168_HF9F_20260827_0900,2026-08-27 09:00:00
2026-04-16,146150127,986,0,123.5505065048,-24.3698138890,-24.3698138890,0.3333333,7,6,0.49204125666666667,0.460413883333,-0.7776053763777134,-0.6245254227902799,-0.7776053763777134,0.03162737333366667,ELIGIBLE,R03b_20260811_FULL_v1,L1_ELIGIBILITY,v2026-08-11,2026-03-21..2026-08-06,baccarat_bet02_101_all_pairs_incl_sentinel,round_win = game_pnl > 0 (decisive only),COMPATIBILITY_ONLY_NOT_PRODUCTION,3310.7348,3087.7156,168.6124,226,172,-0.05092900,,-0.05092900,-0.05092900,-168.6124,3310.7348,OK,0.0000,6.7445,4.0000,96.0000,AG03-UNRESOLVED,ALL5_LEVELS_bet23_to_bet27,6.7445,6.7445,8.4306,8.4306,8.4306,4.000000,4.000000,5.000000,5.000000,5.000000,96.000000,96.000000,95.000000,95.000000,95.000000,5.0,38.7809,35.3822,129.8316,133.2302,PENDING_AG03,FALSE,NOT_FOR_ENFORCEMENT,161.8679,2964.2070,168.6124,161.8679,6.7445,0.05092900,0.04889184,6.7445,161.8679,0.04889184,6.7445,6.7445,8.4306,8.4306,8.4306,161.8679,0.04889184,38.7809,35.3822,129.8316,133.2302,0.03921533,0.0402419,0.00203716,14.6493,17.9518,0.9803,21.0766,4.9592,413.8418,21.5000,,14.6493,7.8528,13.088,20.9408,26.176,37.1698,52.3519,13.088,-2.6176,2.839999,4.0,1.119292,15,34,10,8,0E-8,0.05092900,,0E-8,0.000000,0.932638,0.000000,,2026-04-07,2026-04-22,8,34,31,16,0.500000,,,0.000000,,,,,,,,GLOBAL_BASELINE_NO_ENTITY_RANKING,,,NOT_APPLICABLE_GLOBAL_BASELINE,HF9g-P5,,,,X 全窗基线 · 不参与实体赏罚,6875806,688,A168_HF9F_20260827_0900,2026-08-27 09:00:00
2026-04-17,146150127,1318,0,18.3231683376,-18.3231683376,-18.3231683376,0E-7,1,1,0.49324550000000000,0.493245500000,-0.9865810262130424,-0.9865810262130424,-0.9865810262130424,0E-17,ELIGIBLE,R03b_20260811_FULL_v1,L1_ELIGIBILITY,v2026-08-11,2026-03-21..2026-08-06,baccarat_bet02_101_all_pairs_incl_sentinel,round_win = game_pnl > 0 (decisive only),COMPATIBILITY_ONLY_NOT_PRODUCTION,3310.7348,3087.7156,168.6124,226,172,-0.05092900,,-0.05092900,-0.05092900,-168.6124,3310.7348,OK,0.0000,6.7445,4.0000,96.0000,AG03-UNRESOLVED,ALL5_LEVELS_bet23_to_bet27,6.7445,6.7445,8.4306,8.4306,8.4306,4.000000,4.000000,5.000000,5.000000,5.000000,96.000000,96.000000,95.000000,95.000000,95.000000,5.0,38.7809,35.3822,129.8316,133.2302,PENDING_AG03,FALSE,NOT_FOR_ENFORCEMENT,161.8679,2964.2070,168.6124,161.8679,6.7445,0.05092900,0.04889184,6.7445,161.8679,0.04889184,6.7445,6.7445,8.4306,8.4306,8.4306,161.8679,0.04889184,38.7809,35.3822,129.8316,133.2302,0.03921533,0.0402419,0.00203716,14.6493,17.9518,0.9803,21.0766,4.9592,413.8418,21.5000,,14.6493,7.8528,13.088,20.9408,26.176,37.1698,52.3519,13.088,-2.6176,2.839999,4.0,1.119292,15,34,10,8,0E-8,0.05092900,,0E-8,0.000000,0.932638,0.000000,,2026-04-07,2026-04-22,8,34,31,16,0.500000,,,0.000000,,,,,,,,GLOBAL_BASELINE_NO_ENTITY_RANKING,,,NOT_APPLICABLE_GLOBAL_BASELINE,HF9g-P5,,,,X 全窗基线 · 不参与实体赏罚,6875807,688,A168_HF9F_20260827_0900,2026-08-27 09:00:00
2026-04-22,146150127,-1,1,20.9407638144,7.4601471089,7.4601471089,1.0000000,2,2,0.49994810000000000,0.499948100000,1.0001038053877793,1.0001038053877793,1.0001038053877793,0E-17,SENTINEL_DEALER,R03b_20260811_FULL_v1,L1_ELIGIBILITY,v2026-08-11,2026-03-21..2026-08-06,baccarat_bet02_101_all_pairs_incl_sentinel,round_win = game_pnl > 0 (decisive only),COMPATIBILITY_ONLY_NOT_PRODUCTION,3310.7348,3087.7156,168.6124,226,172,-0.05092900,,-0.05092900,-0.05092900,-168.6124,3310.7348,OK,0.0000,6.7445,4.0000,96.0000,AG03-UNRESOLVED,ALL5_LEVELS_bet23_to_bet27,6.7445,6.7445,8.4306,8.4306,8.4306,4.000000,4.000000,5.000000,5.000000,5.000000,96.000000,96.000000,95.000000,95.000000,95.000000,5.0,38.7809,35.3822,129.8316,133.2302,PENDING_AG03,FALSE,NOT_FOR_ENFORCEMENT,161.8679,2964.2070,168.6124,161.8679,6.7445,0.05092900,0.04889184,6.7445,161.8679,0.04889184,6.7445,6.7445,8.4306,8.4306,8.4306,161.8679,0.04889184,38.7809,35.3822,129.8316,133.2302,0.03921533,0.0402419,0.00203716,14.6493,17.9518,0.9803,21.0766,4.9592,413.8418,21.5000,,14.6493,7.8528,13.088,20.9408,26.176,37.1698,52.3519,13.088,-2.6176,2.839999,4.0,1.119292,15,34,10,8,0E-8,0.05092900,,0E-8,0.000000,0.932638,0.000000,,2026-04-07,2026-04-22,8,34,31,16,0.500000,,,0.000000,,,,,,,,GLOBAL_BASELINE_NO_ENTITY_RANKING,,,NOT_APPLICABLE_GLOBAL_BASELINE,HF9g-P5,,,,X 全窗基线 · 不参与实体赏罚,6875808,688,A168_HF9F_20260827_0900,2026-08-27 09:00:00
2026-04-22,146150127,1330,0,28.7935502448,-2.6175954768,-2.6175954768,0.5000000,3,2,0.45929678333333334,0.377994150000,0.11550945932132822,0.3558409121858969,0.11550945932132822,0.08130263333333334,ELIGIBLE,R03b_20260811_FULL_v1,L1_ELIGIBILITY,v2026-08-11,2026-03-21..2026-08-06,baccarat_bet02_101_all_pairs_incl_sentinel,round_win = game_pnl > 0 (decisive only),COMPATIBILITY_ONLY_NOT_PRODUCTION,3310.7348,3087.7156,168.6124,226,172,-0.05092900,,-0.05092900,-0.05092900,-168.6124,3310.7348,OK,0.0000,6.7445,4.0000,96.0000,AG03-UNRESOLVED,ALL5_LEVELS_bet23_to_bet27,6.7445,6.7445,8.4306,8.4306,8.4306,4.000000,4.000000,5.000000,5.000000,5.000000,96.000000,96.000000,95.000000,95.000000,95.000000,5.0,38.7809,35.3822,129.8316,133.2302,PENDING_AG03,FALSE,NOT_FOR_ENFORCEMENT,161.8679,2964.2070,168.6124,161.8679,6.7445,0.05092900,0.04889184,6.7445,161.8679,0.04889184,6.7445,6.7445,8.4306,8.4306,8.4306,161.8679,0.04889184,38.7809,35.3822,129.8316,133.2302,0.03921533,0.0402419,0.00203716,14.6493,17.9518,0.9803,21.0766,4.9592,413.8418,21.5000,,14.6493,7.8528,13.088,20.9408,26.176,37.1698,52.3519,13.088,-2.6176,2.839999,4.0,1.119292,15,34,10,8,0E-8,0.05092900,,0E-8,0.000000,0.932638,0.000000,,2026-04-07,2026-04-22,8,34,31,16,0.500000,,,0.000000,,,,,,,,GLOBAL_BASELINE_NO_ENTITY_RANKING,,,NOT_APPLICABLE_GLOBAL_BASELINE,HF9g-P5,,,,X 全窗基线 · 不参与实体赏罚,6875809,688,A168_HF9F_20260827_0900,2026-08-27 09:00:00
2026-04-22,146150127,1374,0,15.7055728608,-0.3926393215,-0.3926393215,0.5000000,2,2,0.49994810000000000,0.499948100000,0.00014679536856514622,0.00014679536856514622,0.00014679536856514622,0E-17,ELIGIBLE,R03b_20260811_FULL_v1,L1_ELIGIBILITY,v2026-08-11,2026-03-21..2026-08-06,baccarat_bet02_101_all_pairs_incl_sentinel,round_win = game_pnl > 0 (decisive only),COMPATIBILITY_ONLY_NOT_PRODUCTION,3310.7348,3087.7156,168.6124,226,172,-0.05092900,,-0.05092900,-0.05092900,-168.6124,3310.7348,OK,0.0000,6.7445,4.0000,96.0000,AG03-UNRESOLVED,ALL5_LEVELS_bet23_to_bet27,6.7445,6.7445,8.4306,8.4306,8.4306,4.000000,4.000000,5.000000,5.000000,5.000000,96.000000,96.000000,95.000000,95.000000,95.000000,5.0,38.7809,35.3822,129.8316,133.2302,PENDING_AG03,FALSE,NOT_FOR_ENFORCEMENT,161.8679,2964.2070,168.6124,161.8679,6.7445,0.05092900,0.04889184,6.7445,161.8679,0.04889184,6.7445,6.7445,8.4306,8.4306,8.4306,161.8679,0.04889184,38.7809,35.3822,129.8316,133.2302,0.03921533,0.0402419,0.00203716,14.6493,17.9518,0.9803,21.0766,4.9592,413.8418,21.5000,,14.6493,7.8528,13.088,20.9408,26.176,37.1698,52.3519,13.088,-2.6176,2.839999,4.0,1.119292,15,34,10,8,0E-8,0.05092900,,0E-8,0.000000,0.932638,0.000000,,2026-04-07,2026-04-22,8,34,31,16,0.500000,,,0.000000,,,,,,,,GLOBAL_BASELINE_NO_ENTITY_RANKING,,,NOT_APPLICABLE_GLOBAL_BASELINE,HF9g-P5,,,,X 全窗基线 · 不参与实体赏罚,6875810,688,A168_HF9F_20260827_0900,2026-08-27 09:00:00
2026-04-22,146150127,2174,0,26.1759547680,0E-10,0E-10,0.5000000,2,2,0.49324550000000000,0.493245500000,0.01910635448239258,0.01910635448239258,0.01910635448239258,0E-17,ELIGIBLE,R03b_20260811_FULL_v1,L1_ELIGIBILITY,v2026-08-11,2026-03-21..2026-08-06,baccarat_bet02_101_all_pairs_incl_sentinel,round_win = game_pnl > 0 (decisive only),COMPATIBILITY_ONLY_NOT_PRODUCTION,3310.7348,3087.7156,168.6124,226,172,-0.05092900,,-0.05092900,-0.05092900,-168.6124,3310.7348,OK,0.0000,6.7445,4.0000,96.0000,AG03-UNRESOLVED,ALL5_LEVELS_bet23_to_bet27,6.7445,6.7445,8.4306,8.4306,8.4306,4.000000,4.000000,5.000000,5.000000,5.000000,96.000000,96.000000,95.000000,95.000000,95.000000,5.0,38.7809,35.3822,129.8316,133.2302,PENDING_AG03,FALSE,NOT_FOR_ENFORCEMENT,161.8679,2964.2070,168.6124,161.8679,6.7445,0.05092900,0.04889184,6.7445,161.8679,0.04889184,6.7445,6.7445,8.4306,8.4306,8.4306,161.8679,0.04889184,38.7809,35.3822,129.8316,133.2302,0.03921533,0.0402419,0.00203716,14.6493,17.9518,0.9803,21.0766,4.9592,413.8418,21.5000,,14.6493,7.8528,13.088,20.9408,26.176,37.1698,52.3519,13.088,-2.6176,2.839999,4.0,1.119292,15,34,10,8,0E-8,0.05092900,,0E-8,0.000000,0.932638,0.000000,,2026-04-07,2026-04-22,8,34,31,16,0.500000,,,0.000000,,,,,,,,GLOBAL_BASELINE_NO_ENTITY_RANKING,,,NOT_APPLICABLE_GLOBAL_BASELINE,HF9g-P5,,,,X 全窗基线 · 不参与实体赏罚,6875811,688,A168_HF9F_20260827_0900,2026-08-27 09:00:00
2026-04-22,146150127,2175,0,13.0879773840,-13.0879773840,-13.0879773840,0E-7,1,1,0.50665070000000000,0.506650700000,-1.013391052207602,-1.013391052207602,-1.013391052207602,0E-17,ELIGIBLE,R03b_20260811_FULL_v1,L1_ELIGIBILITY,v2026-08-11,2026-03-21..2026-08-06,baccarat_bet02_101_all_pairs_incl_sentinel,round_win = game_pnl > 0 (decisive only),COMPATIBILITY_ONLY_NOT_PRODUCTION,3310.7348,3087.7156,168.6124,226,172,-0.05092900,,-0.05092900,-0.05092900,-168.6124,3310.7348,OK,0.0000,6.7445,4.0000,96.0000,AG03-UNRESOLVED,ALL5_LEVELS_bet23_to_bet27,6.7445,6.7445,8.4306,8.4306,8.4306,4.000000,4.000000,5.000000,5.000000,5.000000,96.000000,96.000000,95.000000,95.000000,95.000000,5.0,38.7809,35.3822,129.8316,133.2302,PENDING_AG03,FALSE,NOT_FOR_ENFORCEMENT,161.8679,2964.2070,168.6124,161.8679,6.7445,0.05092900,0.04889184,6.7445,161.8679,0.04889184,6.7445,6.7445,8.4306,8.4306,8.4306,161.8679,0.04889184,38.7809,35.3822,129.8316,133.2302,0.03921533,0.0402419,0.00203716,14.6493,17.9518,0.9803,21.0766,4.9592,413.8418,21.5000,,14.6493,7.8528,13.088,20.9408,26.176,37.1698,52.3519,13.088,-2.6176,2.839999,4.0,1.119292,15,34,10,8,0E-8,0.05092900,,0E-8,0.000000,0.932638,0.000000,,2026-04-07,2026-04-22,8,34,31,16,0.500000,,,0.000000,,,,,,,,GLOBAL_BASELINE_NO_ENTITY_RANKING,,,NOT_APPLICABLE_GLOBAL_BASELINE,HF9g-P5,,,,X 全窗基线 · 不参与实体赏罚,6875812,688,A168_HF9F_20260827_0900,2026-08-27 09:00:00
2026-04-15,148715906,-1,1,42.1647376299,-42.1647376299,-42.1647376299,0E-7,1,1,0.50665070000000000,0.506650700000,-1.013391052207602,-1.013391052207602,-1.013391052207602,0E-17,SENTINEL_DEALER,R03b_20260811_FULL_v1,L1_ELIGIBILITY,v2026-08-11,2026-03-21..2026-08-06,baccarat_bet02_101_all_pairs_incl_sentinel,round_win = game_pnl > 0 (decisive only),COMPATIBILITY_ONLY_NOT_PRODUCTION,542.5943,497.4781,168.6161,16,16,-0.31075905,,-0.31075905,-0.31075905,-168.6161,542.5943,THIN_EXPOSURE,0.0000,6.7446,4.0000,96.0000,AG03-UNRESOLVED,ALL5_LEVELS_bet23_to_bet27,6.7446,6.7446,6.7446,10.1170,10.1170,4.000000,4.000000,4.000000,6.000000,6.000000,96.000000,96.000000,96.000000,94.000000,94.000000,5.0,40.4679,36.8,128.1482,131.8161,PENDING_AG03,FALSE,NOT_FOR_ENFORCEMENT,161.8715,477.5789,168.6161,161.8715,6.7446,0.31075905,0.29832869,6.7446,161.8715,0.29832869,6.7446,6.7446,6.7446,10.1170,10.1170,161.8715,0.29832869,40.4679,36.8,128.1482,131.8161,0.23617688,0.24293674,0.01243036,33.9121,31.0924,10.5385,56.2054,28.1027,180.8648,5.3333,,33.9121,21.0443,36.8941,45.1163,46.339,49.2048,50.4149,29.5153,-21.0062,1.333674,1.366474,0.919174,6,5,3,2,0E-8,0.31075905,,0E-8,0.000000,0.916851,0.000000,,2026-04-15,2026-05-09,3,6,6,25,0.120000,,,0.000000,,,,,,,,GLOBAL_BASELINE_NO_ENTITY_RANKING,,,NOT_APPLICABLE_GLOBAL_BASELINE,HF9g-P5,,,,X 全窗基线 · 不参与实体赏罚,6875813,688,A168_HF9F_20260827_0900,2026-08-27 09:00:00
2026-04-27,148715906,1115,0,90.2325385280,42.8604558008,42.8604558008,1.0000000,2,2,0.50665070000000000,0.506650700000,0.9867858985152569,0.9867858985152569,0.9867858985152569,0E-17,ELIGIBLE,R03b_20260811_FULL_v1,L1_ELIGIBILITY,v2026-08-11,2026-03-21..2026-08-06,baccarat_bet02_101_all_pairs_incl_sentinel,round_win = game_pnl > 0 (decisive only),COMPATIBILITY_ONLY_NOT_PRODUCTION,542.5943,497.4781,168.6161,16,16,-0.31075905,,-0.31075905,-0.31075905,-168.6161,542.5943,THIN_EXPOSURE,0.0000,6.7446,4.0000,96.0000,AG03-UNRESOLVED,ALL5_LEVELS_bet23_to_bet27,6.7446,6.7446,6.7446,10.1170,10.1170,4.000000,4.000000,4.000000,6.000000,6.000000,96.000000,96.000000,96.000000,94.000000,94.000000,5.0,40.4679,36.8,128.1482,131.8161,PENDING_AG03,FALSE,NOT_FOR_ENFORCEMENT,161.8715,477.5789,168.6161,161.8715,6.7446,0.31075905,0.29832869,6.7446,161.8715,0.29832869,6.7446,6.7446,6.7446,10.1170,10.1170,161.8715,0.29832869,40.4679,36.8,128.1482,131.8161,0.23617688,0.24293674,0.01243036,33.9121,31.0924,10.5385,56.2054,28.1027,180.8648,5.3333,,33.9121,21.0443,36.8941,45.1163,46.339,49.2048,50.4149,29.5153,-21.0062,1.333674,1.366474,0.919174,6,5,3,2,0E-8,0.31075905,,0E-8,0.000000,0.916851,0.000000,,2026-04-15,2026-05-09,3,6,6,25,0.120000,,,0.000000,,,,,,,,GLOBAL_BASELINE_NO_ENTITY_RANKING,,,NOT_APPLICABLE_GLOBAL_BASELINE,HF9g-P5,,,,X 全窗基线 · 不参与实体赏罚,6875814,688,A168_HF9F_20260827_0900,2026-08-27 09:00:00
2026-04-27,148715906,1951,0,88.1243016465,-88.1243016465,-88.1243016465,0E-7,2,2,0.49324550000000000,0.493245500000,-1.3952362676504506,-1.3952362676504506,-1.3952362676504506,0E-17,ELIGIBLE,R03b_20260811_FULL_v1,L1_ELIGIBILITY,v2026-08-11,2026-03-21..2026-08-06,baccarat_bet02_101_all_pairs_incl_sentinel,round_win = game_pnl > 0 (decisive only),COMPATIBILITY_ONLY_NOT_PRODUCTION,542.5943,497.4781,168.6161,16,16,-0.31075905,,-0.31075905,-0.31075905,-168.6161,542.5943,THIN_EXPOSURE,0.0000,6.7446,4.0000,96.0000,AG03-UNRESOLVED,ALL5_LEVELS_bet23_to_bet27,6.7446,6.7446,6.7446,10.1170,10.1170,4.000000,4.000000,4.000000,6.000000,6.000000,96.000000,96.000000,96.000000,94.000000,94.000000,5.0,40.4679,36.8,128.1482,131.8161,PENDING_AG03,FALSE,NOT_FOR_ENFORCEMENT,161.8715,477.5789,168.6161,161.8715,6.7446,0.31075905,0.29832869,6.7446,161.8715,0.29832869,6.7446,6.7446,6.7446,10.1170,10.1170,161.8715,0.29832869,40.4679,36.8,128.1482,131.8161,0.23617688,0.24293674,0.01243036,33.9121,31.0924,10.5385,56.2054,28.1027,180.8648,5.3333,,33.9121,21.0443,36.8941,45.1163,46.339,49.2048,50.4149,29.5153,-21.0062,1.333674,1.366474,0.919174,6,5,3,2,0E-8,0.31075905,,0E-8,0.000000,0.916851,0.000000,,2026-04-15,2026-05-09,3,6,6,25,0.120000,,,0.000000,,,,,,,,GLOBAL_BASELINE_NO_ENTITY_RANKING,,,NOT_APPLICABLE_GLOBAL_BASELINE,HF9g-P5,,,,X 全窗基线 · 不参与实体赏罚,6875815,688,A168_HF9F_20260827_0900,2026-08-27 09:00:00
2026-04-27,148715906,2134,0,187.6330824532,-28.6720215883,-28.6720215883,0.5000000,6,6,0.49771390000000000,0.497713900000,0.011199674067230152,0.011199674067230152,0.011199674067230152,0E-17,ELIGIBLE,R03b_20260811_FULL_v1,L1_ELIGIBILITY,v2026-08-11,2026-03-21..2026-08-06,baccarat_bet02_101_all_pairs_incl_sentinel,round_win = game_pnl > 0 (decisive only),COMPATIBILITY_ONLY_NOT_PRODUCTION,542.5943,497.4781,168.6161,16,16,-0.31075905,,-0.31075905,-0.31075905,-168.6161,542.5943,THIN_EXPOSURE,0.0000,6.7446,4.0000,96.0000,AG03-UNRESOLVED,ALL5_LEVELS_bet23_to_bet27,6.7446,6.7446,6.7446,10.1170,10.1170,4.000000,4.000000,4.000000,6.000000,6.000000,96.000000,96.000000,96.000000,94.000000,94.000000,5.0,40.4679,36.8,128.1482,131.8161,PENDING_AG03,FALSE,NOT_FOR_ENFORCEMENT,161.8715,477.5789,168.6161,161.8715,6.7446,0.31075905,0.29832869,6.7446,161.8715,0.29832869,6.7446,6.7446,6.7446,10.1170,10.1170,161.8715,0.29832869,40.4679,36.8,128.1482,131.8161,0.23617688,0.24293674,0.01243036,33.9121,31.0924,10.5385,56.2054,28.1027,180.8648,5.3333,,33.9121,21.0443,36.8941,45.1163,46.339,49.2048,50.4149,29.5153,-21.0062,1.333674,1.366474,0.919174,6,5,3,2,0E-8,0.31075905,,0E-8,0.000000,0.916851,0.000000,,2026-04-15,2026-05-09,3,6,6,25,0.120000,,,0.000000,,,,,,,,GLOBAL_BASELINE_NO_ENTITY_RANKING,,,NOT_APPLICABLE_GLOBAL_BASELINE,HF9g-P5,,,,X 全窗基线 · 不参与实体赏罚,6875816,688,A168_HF9F_20260827_0900,2026-08-27 09:00:00
2026-05-09,148715906,-1,1,113.4334628717,-31.5092952421,-31.5092952421,0.5000000,4,4,0.50329940000000000,0.503299400000,-0.01319788734859681,-0.01319788734859681,-0.01319788734859681,0E-17,SENTINEL_DEALER,R03b_20260811_FULL_v1,L1_ELIGIBILITY,v2026-08-11,2026-03-21..2026-08-06,baccarat_bet02_101_all_pairs_incl_sentinel,round_win = game_pnl > 0 (decisive only),COMPATIBILITY_ONLY_NOT_PRODUCTION,542.5943,497.4781,168.6161,16,16,-0.31075905,,-0.31075905,-0.31075905,-168.6161,542.5943,THIN_EXPOSURE,0.0000,6.7446,4.0000,96.0000,AG03-UNRESOLVED,ALL5_LEVELS_bet23_to_bet27,6.7446,6.7446,6.7446,10.1170,10.1170,4.000000,4.000000,4.000000,6.000000,6.000000,96.000000,96.000000,96.000000,94.000000,94.000000,5.0,40.4679,36.8,128.1482,131.8161,PENDING_AG03,FALSE,NOT_FOR_ENFORCEMENT,161.8715,477.5789,168.6161,161.8715,6.7446,0.31075905,0.29832869,6.7446,161.8715,0.29832869,6.7446,6.7446,6.7446,10.1170,10.1170,161.8715,0.29832869,40.4679,36.8,128.1482,131.8161,0.23617688,0.24293674,0.01243036,33.9121,31.0924,10.5385,56.2054,28.1027,180.8648,5.3333,,33.9121,21.0443,36.8941,45.1163,46.339,49.2048,50.4149,29.5153,-21.0062,1.333674,1.366474,0.919174,6,5,3,2,0E-8,0.31075905,,0E-8,0.000000,0.916851,0.000000,,2026-04-15,2026-05-09,3,6,6,25,0.120000,,,0.000000,,,,,,,,GLOBAL_BASELINE_NO_ENTITY_RANKING,,,NOT_APPLICABLE_GLOBAL_BASELINE,HF9g-P5,,,,X 全窗基线 · 不参与实体赏罚,6875817,688,A168_HF9F_20260827_0900,2026-08-27 09:00:00
2026-05-09,148715906,1509,0,21.0061968281,-21.0061968281,-21.0061968281,0E-7,1,1,0.50665070000000000,0.506650700000,-1.013391052207602,-1.013391052207602,-1.013391052207602,0E-17,ELIGIBLE,R03b_20260811_FULL_v1,L1_ELIGIBILITY,v2026-08-11,2026-03-21..2026-08-06,baccarat_bet02_101_all_pairs_incl_sentinel,round_win = game_pnl > 0 (decisive only),COMPATIBILITY_ONLY_NOT_PRODUCTION,542.5943,497.4781,168.6161,16,16,-0.31075905,,-0.31075905,-0.31075905,-168.6161,542.5943,THIN_EXPOSURE,0.0000,6.7446,4.0000,96.0000,AG03-UNRESOLVED,ALL5_LEVELS_bet23_to_bet27,6.7446,6.7446,6.7446,10.1170,10.1170,4.000000,4.000000,4.000000,6.000000,6.000000,96.000000,96.000000,96.000000,94.000000,94.000000,5.0,40.4679,36.8,128.1482,131.8161,PENDING_AG03,FALSE,NOT_FOR_ENFORCEMENT,161.8715,477.5789,168.6161,161.8715,6.7446,0.31075905,0.29832869,6.7446,161.8715,0.29832869,6.7446,6.7446,6.7446,10.1170,10.1170,161.8715,0.29832869,40.4679,36.8,128.1482,131.8161,0.23617688,0.24293674,0.01243036,33.9121,31.0924,10.5385,56.2054,28.1027,180.8648,5.3333,,33.9121,21.0443,36.8941,45.1163,46.339,49.2048,50.4149,29.5153,-21.0062,1.333674,1.366474,0.919174,6,5,3,2,0E-8,0.31075905,,0E-8,0.000000,0.916851,0.000000,,2026-04-15,2026-05-09,3,6,6,25,0.120000,,,0.000000,,,,,,,,GLOBAL_BASELINE_NO_ENTITY_RANKING,,,NOT_APPLICABLE_GLOBAL_BASELINE,HF9g-P5,,,,X 全窗基线 · 不参与实体赏罚,6875818,688,A168_HF9F_20260827_0900,2026-08-27 09:00:00
2026-03-22,94743549,1078,0,20.4081632653,-20.4081632653,-20.4081632653,0E-7,1,1,0.49324550000000000,0.493245500000,-0.9865810262130424,-0.9865810262130424,-0.9865810262130424,0E-17,ELIGIBLE,R03b_20260811_FULL_v1,L1_ELIGIBILITY,v2026-08-11,2026-03-21..2026-08-06,baccarat_bet02_101_all_pairs_incl_sentinel,round_win = game_pnl > 0 (decisive only),COMPATIBILITY_ONLY_NOT_PRODUCTION,1733.1895,1498.5728,168.6189,56,56,-0.09728822,,-0.09728822,-0.09728822,-168.6189,1733.1895,OK,0.0000,6.7448,4.0000,96.0000,AG03-UNRESOLVED,ALL5_LEVELS_bet23_to_bet27,6.7448,6.7448,6.7448,6.7448,6.7448,4.000000,4.000000,4.000000,4.000000,4.000000,96.000000,96.000000,96.000000,96.000000,96.000000,5.0,33.7238,31.1317,134.8951,137.4873,PENDING_AG03,FALSE,NOT_FOR_ENFORCEMENT,161.8742,1438.6299,168.6189,161.8742,6.7448,0.09728822,0.09339669,6.7448,161.8742,0.09339669,6.7448,6.7448,6.7448,6.7448,6.7448,161.8742,0.09339669,33.7238,31.1317,134.8951,137.4873,0.07783058,0.07932616,0.00389153,30.9498,26.7602,3.0111,84.3095,6.7448,866.5948,28.0000,,30.9498,20.4082,40.8163,40.8163,40.8163,40.8163,40.8163,40.8163,0.0,1.0,1.0,0.75827,14,28,2,2,0E-8,0.09728822,,0E-8,0.000000,0.864633,0.000000,,2026-03-22,2026-04-18,2,25,21,28,0.071429,,,0.000000,,,,,,,,GLOBAL_BASELINE_NO_ENTITY_RANKING,,,NOT_APPLICABLE_GLOBAL_BASELINE,HF9g-P5,,,,X 全窗基线 · 不参与实体赏罚,6875819,688,A168_HF9F_20260827_0900,2026-08-27 09:00:00
2026-03-22,94743549,1323,0,81.6326530612,-81.6326530612,-81.6326530612,0E-7,2,2,0.50665070000000000,0.506650700000,-1.4331513700195317,-1.4331513700195317,-1.4331513700195317,0E-17,ELIGIBLE,R03b_20260811_FULL_v1,L1_ELIGIBILITY,v2026-08-11,2026-03-21..2026-08-06,baccarat_bet02_101_all_pairs_incl_sentinel,round_win = game_pnl > 0 (decisive only),COMPATIBILITY_ONLY_NOT_PRODUCTION,1733.1895,1498.5728,168.6189,56,56,-0.09728822,,-0.09728822,-0.09728822,-168.6189,1733.1895,OK,0.0000,6.7448,4.0000,96.0000,AG03-UNRESOLVED,ALL5_LEVELS_bet23_to_bet27,6.7448,6.7448,6.7448,6.7448,6.7448,4.000000,4.000000,4.000000,4.000000,4.000000,96.000000,96.000000,96.000000,96.000000,96.000000,5.0,33.7238,31.1317,134.8951,137.4873,PENDING_AG03,FALSE,NOT_FOR_ENFORCEMENT,161.8742,1438.6299,168.6189,161.8742,6.7448,0.09728822,0.09339669,6.7448,161.8742,0.09339669,6.7448,6.7448,6.7448,6.7448,6.7448,161.8742,0.09339669,33.7238,31.1317,134.8951,137.4873,0.07783058,0.07932616,0.00389153,30.9498,26.7602,3.0111,84.3095,6.7448,866.5948,28.0000,,30.9498,20.4082,40.8163,40.8163,40.8163,40.8163,40.8163,40.8163,0.0,1.0,1.0,0.75827,14,28,2,2,0E-8,0.09728822,,0E-8,0.000000,0.864633,0.000000,,2026-03-22,2026-04-18,2,25,21,28,0.071429,,,0.000000,,,,,,,,GLOBAL_BASELINE_NO_ENTITY_RANKING,,,NOT_APPLICABLE_GLOBAL_BASELINE,HF9g-P5,,,,X 全窗基线 · 不参与实体赏罚,6875820,688,A168_HF9F_20260827_0900,2026-08-27 09:00:00
2026-03-22,94743549,1385,0,20.4081632653,20.4081632653,20.4081632653,1.0000000,1,1,0.49324550000000000,0.493245500000,1.01360149184955,1.01360149184955,1.01360149184955,0E-17,ELIGIBLE,R03b_20260811_FULL_v1,L1_ELIGIBILITY,v2026-08-11,2026-03-21..2026-08-06,baccarat_bet02_101_all_pairs_incl_sentinel,round_win = game_pnl > 0 (decisive only),COMPATIBILITY_ONLY_NOT_PRODUCTION,1733.1895,1498.5728,168.6189,56,56,-0.09728822,,-0.09728822,-0.09728822,-168.6189,1733.1895,OK,0.0000,6.7448,4.0000,96.0000,AG03-UNRESOLVED,ALL5_LEVELS_bet23_to_bet27,6.7448,6.7448,6.7448,6.7448,6.7448,4.000000,4.000000,4.000000,4.000000,4.000000,96.000000,96.000000,96.000000,96.000000,96.000000,5.0,33.7238,31.1317,134.8951,137.4873,PENDING_AG03,FALSE,NOT_FOR_ENFORCEMENT,161.8742,1438.6299,168.6189,161.8742,6.7448,0.09728822,0.09339669,6.7448,161.8742,0.09339669,6.7448,6.7448,6.7448,6.7448,6.7448,161.8742,0.09339669,33.7238,31.1317,134.8951,137.4873,0.07783058,0.07932616,0.00389153,30.9498,26.7602,3.0111,84.3095,6.7448,866.5948,28.0000,,30.9498,20.4082,40.8163,40.8163,40.8163,40.8163,40.8163,40.8163,0.0,1.0,1.0,0.75827,14,28,2,2,0E-8,0.09728822,,0E-8,0.000000,0.864633,0.000000,,2026-03-22,2026-04-18,2,25,21,28,0.071429,,,0.000000,,,,,,,,GLOBAL_BASELINE_NO_ENTITY_RANKING,,,NOT_APPLICABLE_GLOBAL_BASELINE,HF9g-P5,,,,X 全窗基线 · 不参与实体赏罚,6875821,688,A168_HF9F_20260827_0900,2026-08-27 09:00:00
2026-03-22,94743549,1400,0,236.7346938775,-50.6122448980,-50.6122448980,0.5000000,7,7,0.50473567142857143,0.504735671429,-0.023200997840541474,-0.023200997842641315,-0.023200997840541474,-4.2857E-13,ELIGIBLE,R03b_20260811_FULL_v1,L1_ELIGIBILITY,v2026-08-11,2026-03-21..2026-08-06,baccarat_bet02_101_all_pairs_incl_sentinel,round_win = game_pnl > 0 (decisive only),COMPATIBILITY_ONLY_NOT_PRODUCTION,1733.1895,1498.5728,168.6189,56,56,-0.09728822,,-0.09728822,-0.09728822,-168.6189,1733.1895,OK,0.0000,6.7448,4.0000,96.0000,AG03-UNRESOLVED,ALL5_LEVELS_bet23_to_bet27,6.7448,6.7448,6.7448,6.7448,6.7448,4.000000,4.000000,4.000000,4.000000,4.000000,96.000000,96.000000,96.000000,96.000000,96.000000,5.0,33.7238,31.1317,134.8951,137.4873,PENDING_AG03,FALSE,NOT_FOR_ENFORCEMENT,161.8742,1438.6299,168.6189,161.8742,6.7448,0.09728822,0.09339669,6.7448,161.8742,0.09339669,6.7448,6.7448,6.7448,6.7448,6.7448,161.8742,0.09339669,33.7238,31.1317,134.8951,137.4873,0.07783058,0.07932616,0.00389153,30.9498,26.7602,3.0111,84.3095,6.7448,866.5948,28.0000,,30.9498,20.4082,40.8163,40.8163,40.8163,40.8163,40.8163,40.8163,0.0,1.0,1.0,0.75827,14,28,2,2,0E-8,0.09728822,,0E-8,0.000000,0.864633,0.000000,,2026-03-22,2026-04-18,2,25,21,28,0.071429,,,0.000000,,,,,,,,GLOBAL_BASELINE_NO_ENTITY_RANKING,,,NOT_APPLICABLE_GLOBAL_BASELINE,HF9g-P5,,,,X 全窗基线 · 不参与实体赏罚,6875822,688,A168_HF9F_20260827_0900,2026-08-27 09:00:00
2026-03-22,94743549,1654,0,40.8163265306,-40.8163265306,-40.8163265306,0E-7,1,1,0.50665070000000000,0.506650700000,-1.013391052207602,-1.013391052207602,-1.013391052207602,0E-17,ELIGIBLE,R03b_20260811_FULL_v1,L1_ELIGIBILITY,v2026-08-11,2026-03-21..2026-08-06,baccarat_bet02_101_all_pairs_incl_sentinel,round_win = game_pnl > 0 (decisive only),COMPATIBILITY_ONLY_NOT_PRODUCTION,1733.1895,1498.5728,168.6189,56,56,-0.09728822,,-0.09728822,-0.09728822,-168.6189,1733.1895,OK,0.0000,6.7448,4.0000,96.0000,AG03-UNRESOLVED,ALL5_LEVELS_bet23_to_bet27,6.7448,6.7448,6.7448,6.7448,6.7448,4.000000,4.000000,4.000000,4.000000,4.000000,96.000000,96.000000,96.000000,96.000000,96.000000,5.0,33.7238,31.1317,134.8951,137.4873,PENDING_AG03,FALSE,NOT_FOR_ENFORCEMENT,161.8742,1438.6299,168.6189,161.8742,6.7448,0.09728822,0.09339669,6.7448,161.8742,0.09339669,6.7448,6.7448,6.7448,6.7448,6.7448,161.8742,0.09339669,33.7238,31.1317,134.8951,137.4873,0.07783058,0.07932616,0.00389153,30.9498,26.7602,3.0111,84.3095,6.7448,866.5948,28.0000,,30.9498,20.4082,40.8163,40.8163,40.8163,40.8163,40.8163,40.8163,0.0,1.0,1.0,0.75827,14,28,2,2,0E-8,0.09728822,,0E-8,0.000000,0.864633,0.000000,,2026-03-22,2026-04-18,2,25,21,28,0.071429,,,0.000000,,,,,,,,GLOBAL_BASELINE_NO_ENTITY_RANKING,,,NOT_APPLICABLE_GLOBAL_BASELINE,HF9g-P5,,,,X 全窗基线 · 不参与实体赏罚,6875823,688,A168_HF9F_20260827_0900,2026-08-27 09:00:00
2026-03-22,94743549,1935,0,81.6326530612,-2.0408163265,-2.0408163265,0.5000000,2,2,0.50665070000000000,0.506650700000,-0.018812684590367487,-0.018812684590367487,-0.018812684590367487,0E-17,ELIGIBLE,R03b_20260811_FULL_v1,L1_ELIGIBILITY,v2026-08-11,2026-03-21..2026-08-06,baccarat_bet02_101_all_pairs_incl_sentinel,round_win = game_pnl > 0 (decisive only),COMPATIBILITY_ONLY_NOT_PRODUCTION,1733.1895,1498.5728,168.6189,56,56,-0.09728822,,-0.09728822,-0.09728822,-168.6189,1733.1895,OK,0.0000,6.7448,4.0000,96.0000,AG03-UNRESOLVED,ALL5_LEVELS_bet23_to_bet27,6.7448,6.7448,6.7448,6.7448,6.7448,4.000000,4.000000,4.000000,4.000000,4.000000,96.000000,96.000000,96.000000,96.000000,96.000000,5.0,33.7238,31.1317,134.8951,137.4873,PENDING_AG03,FALSE,NOT_FOR_ENFORCEMENT,161.8742,1438.6299,168.6189,161.8742,6.7448,0.09728822,0.09339669,6.7448,161.8742,0.09339669,6.7448,6.7448,6.7448,6.7448,6.7448,161.8742,0.09339669,33.7238,31.1317,134.8951,137.4873,0.07783058,0.07932616,0.00389153,30.9498,26.7602,3.0111,84.3095,6.7448,866.5948,28.0000,,30.9498,20.4082,40.8163,40.8163,40.8163,40.8163,40.8163,40.8163,0.0,1.0,1.0,0.75827,14,28,2,2,0E-8,0.09728822,,0E-8,0.000000,0.864633,0.000000,,2026-03-22,2026-04-18,2,25,21,28,0.071429,,,0.000000,,,,,,,,GLOBAL_BASELINE_NO_ENTITY_RANKING,,,NOT_APPLICABLE_GLOBAL_BASELINE,HF9g-P5,,,,X 全窗基线 · 不参与实体赏罚,6875824,688,A168_HF9F_20260827_0900,2026-08-27 09:00:00
2026-03-22,94743549,1942,0,40.8163265306,-40.8163265306,-40.8163265306,0E-7,1,1,0.50665070000000000,0.506650700000,-1.013391052207602,-1.013391052207602,-1.013391052207602,0E-17,ELIGIBLE,R03b_20260811_FULL_v1,L1_ELIGIBILITY,v2026-08-11,2026-03-21..2026-08-06,baccarat_bet02_101_all_pairs_incl_sentinel,round_win = game_pnl > 0 (decisive only),COMPATIBILITY_ONLY_NOT_PRODUCTION,1733.1895,1498.5728,168.6189,56,56,-0.09728822,,-0.09728822,-0.09728822,-168.6189,1733.1895,OK,0.0000,6.7448,4.0000,96.0000,AG03-UNRESOLVED,ALL5_LEVELS_bet23_to_bet27,6.7448,6.7448,6.7448,6.7448,6.7448,4.000000,4.000000,4.000000,4.000000,4.000000,96.000000,96.000000,96.000000,96.000000,96.000000,5.0,33.7238,31.1317,134.8951,137.4873,PENDING_AG03,FALSE,NOT_FOR_ENFORCEMENT,161.8742,1438.6299,168.6189,161.8742,6.7448,0.09728822,0.09339669,6.7448,161.8742,0.09339669,6.7448,6.7448,6.7448,6.7448,6.7448,161.8742,0.09339669,33.7238,31.1317,134.8951,137.4873,0.07783058,0.07932616,0.00389153,30.9498,26.7602,3.0111,84.3095,6.7448,866.5948,28.0000,,30.9498,20.4082,40.8163,40.8163,40.8163,40.8163,40.8163,40.8163,0.0,1.0,1.0,0.75827,14,28,2,2,0E-8,0.09728822,,0E-8,0.000000,0.864633,0.000000,,2026-03-22,2026-04-18,2,25,21,28,0.071429,,,0.000000,,,,,,,,GLOBAL_BASELINE_NO_ENTITY_RANKING,,,NOT_APPLICABLE_GLOBAL_BASELINE,HF9g-P5,,,,X 全窗基线 · 不参与实体赏罚,6875825,688,A168_HF9F_20260827_0900,2026-08-27 09:00:00
2026-03-22,94743549,1957,0,28.5714285714,-28.5714285714,-28.5714285714,0E-7,1,1,0.50665070000000000,0.506650700000,-1.013391052207602,-1.013391052207602,-1.013391052207602,0E-17,ELIGIBLE,R03b_20260811_FULL_v1,L1_ELIGIBILITY,v2026-08-11,2026-03-21..2026-08-06,baccarat_bet02_101_all_pairs_incl_sentinel,round_win = game_pnl > 0 (decisive only),COMPATIBILITY_ONLY_NOT_PRODUCTION,1733.1895,1498.5728,168.6189,56,56,-0.09728822,,-0.09728822,-0.09728822,-168.6189,1733.1895,OK,0.0000,6.7448,4.0000,96.0000,AG03-UNRESOLVED,ALL5_LEVELS_bet23_to_bet27,6.7448,6.7448,6.7448,6.7448,6.7448,4.000000,4.000000,4.000000,4.000000,4.000000,96.000000,96.000000,96.000000,96.000000,96.000000,5.0,33.7238,31.1317,134.8951,137.4873,PENDING_AG03,FALSE,NOT_FOR_ENFORCEMENT,161.8742,1438.6299,168.6189,161.8742,6.7448,0.09728822,0.09339669,6.7448,161.8742,0.09339669,6.7448,6.7448,6.7448,6.7448,6.7448,161.8742,0.09339669,33.7238,31.1317,134.8951,137.4873,0.07783058,0.07932616,0.00389153,30.9498,26.7602,3.0111,84.3095,6.7448,866.5948,28.0000,,30.9498,20.4082,40.8163,40.8163,40.8163,40.8163,40.8163,40.8163,0.0,1.0,1.0,0.75827,14,28,2,2,0E-8,0.09728822,,0E-8,0.000000,0.864633,0.000000,,2026-03-22,2026-04-18,2,25,21,28,0.071429,,,0.000000,,,,,,,,GLOBAL_BASELINE_NO_ENTITY_RANKING,,,NOT_APPLICABLE_GLOBAL_BASELINE,HF9g-P5,,,,X 全窗基线 · 不参与实体赏罚,6875826,688,A168_HF9F_20260827_0900,2026-08-27 09:00:00
2026-03-22,94743549,1963,0,40.8163265306,-40.8163265306,-40.8163265306,0E-7,1,1,0.50665070000000000,0.506650700000,-1.013391052207602,-1.013391052207602,-1.013391052207602,0E-17,ELIGIBLE,R03b_20260811_FULL_v1,L1_ELIGIBILITY,v2026-08-11,2026-03-21..2026-08-06,baccarat_bet02_101_all_pairs_incl_sentinel,round_win = game_pnl > 0 (decisive only),COMPATIBILITY_ONLY_NOT_PRODUCTION,1733.1895,1498.5728,168.6189,56,56,-0.09728822,,-0.09728822,-0.09728822,-168.6189,1733.1895,OK,0.0000,6.7448,4.0000,96.0000,AG03-UNRESOLVED,ALL5_LEVELS_bet23_to_bet27,6.7448,6.7448,6.7448,6.7448,6.7448,4.000000,4.000000,4.000000,4.000000,4.000000,96.000000,96.000000,96.000000,96.000000,96.000000,5.0,33.7238,31.1317,134.8951,137.4873,PENDING_AG03,FALSE,NOT_FOR_ENFORCEMENT,161.8742,1438.6299,168.6189,161.8742,6.7448,0.09728822,0.09339669,6.7448,161.8742,0.09339669,6.7448,6.7448,6.7448,6.7448,6.7448,161.8742,0.09339669,33.7238,31.1317,134.8951,137.4873,0.07783058,0.07932616,0.00389153,30.9498,26.7602,3.0111,84.3095,6.7448,866.5948,28.0000,,30.9498,20.4082,40.8163,40.8163,40.8163,40.8163,40.8163,40.8163,0.0,1.0,1.0,0.75827,14,28,2,2,0E-8,0.09728822,,0E-8,0.000000,0.864633,0.000000,,2026-03-22,2026-04-18,2,25,21,28,0.071429,,,0.000000,,,,,,,,GLOBAL_BASELINE_NO_ENTITY_RANKING,,,NOT_APPLICABLE_GLOBAL_BASELINE,HF9g-P5,,,,X 全窗基线 · 不参与实体赏罚,6875827,688,A168_HF9F_20260827_0900,2026-08-27 09:00:00
2026-03-22,94743549,1966,0,40.8163265306,0E-10,0E-10,0.5000000,2,2,0.49324550000000000,0.493245500000,0.01910635448239258,0.01910635448239258,0.01910635448239258,0E-17,ELIGIBLE,R03b_20260811_FULL_v1,L1_ELIGIBILITY,v2026-08-11,2026-03-21..2026-08-06,baccarat_bet02_101_all_pairs_incl_sentinel,round_win = game_pnl > 0 (decisive only),COMPATIBILITY_ONLY_NOT_PRODUCTION,1733.1895,1498.5728,168.6189,56,56,-0.09728822,,-0.09728822,-0.09728822,-168.6189,1733.1895,OK,0.0000,6.7448,4.0000,96.0000,AG03-UNRESOLVED,ALL5_LEVELS_bet23_to_bet27,6.7448,6.7448,6.7448,6.7448,6.7448,4.000000,4.000000,4.000000,4.000000,4.000000,96.000000,96.000000,96.000000,96.000000,96.000000,5.0,33.7238,31.1317,134.8951,137.4873,PENDING_AG03,FALSE,NOT_FOR_ENFORCEMENT,161.8742,1438.6299,168.6189,161.8742,6.7448,0.09728822,0.09339669,6.7448,161.8742,0.09339669,6.7448,6.7448,6.7448,6.7448,6.7448,161.8742,0.09339669,33.7238,31.1317,134.8951,137.4873,0.07783058,0.07932616,0.00389153,30.9498,26.7602,3.0111,84.3095,6.7448,866.5948,28.0000,,30.9498,20.4082,40.8163,40.8163,40.8163,40.8163,40.8163,40.8163,0.0,1.0,1.0,0.75827,14,28,2,2,0E-8,0.09728822,,0E-8,0.000000,0.864633,0.000000,,2026-03-22,2026-04-18,2,25,21,28,0.071429,,,0.000000,,,,,,,,GLOBAL_BASELINE_NO_ENTITY_RANKING,,,NOT_APPLICABLE_GLOBAL_BASELINE,HF9g-P5,,,,X 全窗基线 · 不参与实体赏罚,6875828,688,A168_HF9F_20260827_0900,2026-08-27 09:00:00
2026-03-22,94743549,2088,0,40.8163265306,40.8163265306,40.8163265306,1.0000000,1,1,0.49324550000000000,0.493245500000,1.01360149184955,1.01360149184955,1.01360149184955,0E-17,ELIGIBLE,R03b_20260811_FULL_v1,L1_ELIGIBILITY,v2026-08-11,2026-03-21..2026-08-06,baccarat_bet02_101_all_pairs_incl_sentinel,round_win = game_pnl > 0 (decisive only),COMPATIBILITY_ONLY_NOT_PRODUCTION,1733.1895,1498.5728,168.6189,56,56,-0.09728822,,-0.09728822,-0.09728822,-168.6189,1733.1895,OK,0.0000,6.7448,4.0000,96.0000,AG03-UNRESOLVED,ALL5_LEVELS_bet23_to_bet27,6.7448,6.7448,6.7448,6.7448,6.7448,4.000000,4.000000,4.000000,4.000000,4.000000,96.000000,96.000000,96.000000,96.000000,96.000000,5.0,33.7238,31.1317,134.8951,137.4873,PENDING_AG03,FALSE,NOT_FOR_ENFORCEMENT,161.8742,1438.6299,168.6189,161.8742,6.7448,0.09728822,0.09339669,6.7448,161.8742,0.09339669,6.7448,6.7448,6.7448,6.7448,6.7448,161.8742,0.09339669,33.7238,31.1317,134.8951,137.4873,0.07783058,0.07932616,0.00389153,30.9498,26.7602,3.0111,84.3095,6.7448,866.5948,28.0000,,30.9498,20.4082,40.8163,40.8163,40.8163,40.8163,40.8163,40.8163,0.0,1.0,1.0,0.75827,14,28,2,2,0E-8,0.09728822,,0E-8,0.000000,0.864633,0.000000,,2026-03-22,2026-04-18,2,25,21,28,0.071429,,,0.000000,,,,,,,,GLOBAL_BASELINE_NO_ENTITY_RANKING,,,NOT_APPLICABLE_GLOBAL_BASELINE,HF9g-P5,,,,X 全窗基线 · 不参与实体赏罚,6875829,688,A168_HF9F_20260827_0900,2026-08-27 09:00:00
2026-03-22,94743549,2093,0,306.1224489795,14.2857142858,14.2857142858,0.5000000,8,8,0.50329940000000000,0.503299400000,-0.018664631283057894,-0.018664631283057894,-0.018664631283057894,0E-17,ELIGIBLE,R03b_20260811_FULL_v1,L1_ELIGIBILITY,v2026-08-11,2026-03-21..2026-08-06,baccarat_bet02_101_all_pairs_incl_sentinel,round_win = game_pnl > 0 (decisive only),COMPATIBILITY_ONLY_NOT_PRODUCTION,1733.1895,1498.5728,168.6189,56,56,-0.09728822,,-0.09728822,-0.09728822,-168.6189,1733.1895,OK,0.0000,6.7448,4.0000,96.0000,AG03-UNRESOLVED,ALL5_LEVELS_bet23_to_bet27,6.7448,6.7448,6.7448,6.7448,6.7448,4.000000,4.000000,4.000000,4.000000,4.000000,96.000000,96.000000,96.000000,96.000000,96.000000,5.0,33.7238,31.1317,134.8951,137.4873,PENDING_AG03,FALSE,NOT_FOR_ENFORCEMENT,161.8742,1438.6299,168.6189,161.8742,6.7448,0.09728822,0.09339669,6.7448,161.8742,0.09339669,6.7448,6.7448,6.7448,6.7448,6.7448,161.8742,0.09339669,33.7238,31.1317,134.8951,137.4873,0.07783058,0.07932616,0.00389153,30.9498,26.7602,3.0111,84.3095,6.7448,866.5948,28.0000,,30.9498,20.4082,40.8163,40.8163,40.8163,40.8163,40.8163,40.8163,0.0,1.0,1.0,0.75827,14,28,2,2,0E-8,0.09728822,,0E-8,0.000000,0.864633,0.000000,,2026-03-22,2026-04-18,2,25,21,28,0.071429,,,0.000000,,,,,,,,GLOBAL_BASELINE_NO_ENTITY_RANKING,,,NOT_APPLICABLE_GLOBAL_BASELINE,HF9g-P5,,,,X 全窗基线 · 不参与实体赏罚,6875830,688,A168_HF9F_20260827_0900,2026-08-27 09:00:00
2026-03-22,94743549,2121,0,20.4081632653,20.4081632653,20.4081632653,1.0000000,1,1,0.49324550000000000,0.493245500000,1.01360149184955,1.01360149184955,1.01360149184955,0E-17,ELIGIBLE,R03b_20260811_FULL_v1,L1_ELIGIBILITY,v2026-08-11,2026-03-21..2026-08-06,baccarat_bet02_101_all_pairs_incl_sentinel,round_win = game_pnl > 0 (decisive only),COMPATIBILITY_ONLY_NOT_PRODUCTION,1733.1895,1498.5728,168.6189,56,56,-0.09728822,,-0.09728822,-0.09728822,-168.6189,1733.1895,OK,0.0000,6.7448,4.0000,96.0000,AG03-UNRESOLVED,ALL5_LEVELS_bet23_to_bet27,6.7448,6.7448,6.7448,6.7448,6.7448,4.000000,4.000000,4.000000,4.000000,4.000000,96.000000,96.000000,96.000000,96.000000,96.000000,5.0,33.7238,31.1317,134.8951,137.4873,PENDING_AG03,FALSE,NOT_FOR_ENFORCEMENT,161.8742,1438.6299,168.6189,161.8742,6.7448,0.09728822,0.09339669,6.7448,161.8742,0.09339669,6.7448,6.7448,6.7448,6.7448,6.7448,161.8742,0.09339669,33.7238,31.1317,134.8951,137.4873,0.07783058,0.07932616,0.00389153,30.9498,26.7602,3.0111,84.3095,6.7448,866.5948,28.0000,,30.9498,20.4082,40.8163,40.8163,40.8163,40.8163,40.8163,40.8163,0.0,1.0,1.0,0.75827,14,28,2,2,0E-8,0.09728822,,0E-8,0.000000,0.864633,0.000000,,2026-03-22,2026-04-18,2,25,21,28,0.071429,,,0.000000,,,,,,,,GLOBAL_BASELINE_NO_ENTITY_RANKING,,,NOT_APPLICABLE_GLOBAL_BASELINE,HF9g-P5,,,,X 全窗基线 · 不参与实体赏罚,6875831,688,A168_HF9F_20260827_0900,2026-08-27 09:00:00
2026-03-22,94743549,2141,0,81.6326530612,0E-10,0E-10,0.5000000,2,2,0.49324550000000000,0.493245500000,0.01910635448239258,0.01910635448239258,0.01910635448239258,0E-17,ELIGIBLE,R03b_20260811_FULL_v1,L1_ELIGIBILITY,v2026-08-11,2026-03-21..2026-08-06,baccarat_bet02_101_all_pairs_incl_sentinel,round_win = game_pnl > 0 (decisive only),COMPATIBILITY_ONLY_NOT_PRODUCTION,1733.1895,1498.5728,168.6189,56,56,-0.09728822,,-0.09728822,-0.09728822,-168.6189,1733.1895,OK,0.0000,6.7448,4.0000,96.0000,AG03-UNRESOLVED,ALL5_LEVELS_bet23_to_bet27,6.7448,6.7448,6.7448,6.7448,6.7448,4.000000,4.000000,4.000000,4.000000,4.000000,96.000000,96.000000,96.000000,96.000000,96.000000,5.0,33.7238,31.1317,134.8951,137.4873,PENDING_AG03,FALSE,NOT_FOR_ENFORCEMENT,161.8742,1438.6299,168.6189,161.8742,6.7448,0.09728822,0.09339669,6.7448,161.8742,0.09339669,6.7448,6.7448,6.7448,6.7448,6.7448,161.8742,0.09339669,33.7238,31.1317,134.8951,137.4873,0.07783058,0.07932616,0.00389153,30.9498,26.7602,3.0111,84.3095,6.7448,866.5948,28.0000,,30.9498,20.4082,40.8163,40.8163,40.8163,40.8163,40.8163,40.8163,0.0,1.0,1.0,0.75827,14,28,2,2,0E-8,0.09728822,,0E-8,0.000000,0.864633,0.000000,,2026-03-22,2026-04-18,2,25,21,28,0.071429,,,0.000000,,,,,,,,GLOBAL_BASELINE_NO_ENTITY_RANKING,,,NOT_APPLICABLE_GLOBAL_BASELINE,HF9g-P5,,,,X 全窗基线 · 不参与实体赏罚,6875832,688,A168_HF9F_20260827_0900,2026-08-27 09:00:00
2026-03-22,94743549,2147,0,40.8163265306,-40.8163265306,-40.8163265306,0E-7,1,1,0.49324550000000000,0.493245500000,-0.9865810262130424,-0.9865810262130424,-0.9865810262130424,0E-17,ELIGIBLE,R03b_20260811_FULL_v1,L1_ELIGIBILITY,v2026-08-11,2026-03-21..2026-08-06,baccarat_bet02_101_all_pairs_incl_sentinel,round_win = game_pnl > 0 (decisive only),COMPATIBILITY_ONLY_NOT_PRODUCTION,1733.1895,1498.5728,168.6189,56,56,-0.09728822,,-0.09728822,-0.09728822,-168.6189,1733.1895,OK,0.0000,6.7448,4.0000,96.0000,AG03-UNRESOLVED,ALL5_LEVELS_bet23_to_bet27,6.7448,6.7448,6.7448,6.7448,6.7448,4.000000,4.000000,4.000000,4.000000,4.000000,96.000000,96.000000,96.000000,96.000000,96.000000,5.0,33.7238,31.1317,134.8951,137.4873,PENDING_AG03,FALSE,NOT_FOR_ENFORCEMENT,161.8742,1438.6299,168.6189,161.8742,6.7448,0.09728822,0.09339669,6.7448,161.8742,0.09339669,6.7448,6.7448,6.7448,6.7448,6.7448,161.8742,0.09339669,33.7238,31.1317,134.8951,137.4873,0.07783058,0.07932616,0.00389153,30.9498,26.7602,3.0111,84.3095,6.7448,866.5948,28.0000,,30.9498,20.4082,40.8163,40.8163,40.8163,40.8163,40.8163,40.8163,0.0,1.0,1.0,0.75827,14,28,2,2,0E-8,0.09728822,,0E-8,0.000000,0.864633,0.000000,,2026-03-22,2026-04-18,2,25,21,28,0.071429,,,0.000000,,,,,,,,GLOBAL_BASELINE_NO_ENTITY_RANKING,,,NOT_APPLICABLE_GLOBAL_BASELINE,HF9g-P5,,,,X 全窗基线 · 不参与实体赏罚,6875833,688,A168_HF9F_20260827_0900,2026-08-27 09:00:00
2026-03-22,94743549,2155,0,40.8163265306,0E-10,0E-10,,1,1,0.50665070000000000,0.506650700000,,,,0E-17,NO_DECISIVE_ROUND,R03b_20260811_FULL_v1,L1_ELIGIBILITY,v2026-08-11,2026-03-21..2026-08-06,baccarat_bet02_101_all_pairs_incl_sentinel,round_win = game_pnl > 0 (decisive only),COMPATIBILITY_ONLY_NOT_PRODUCTION,1733.1895,1498.5728,168.6189,56,56,-0.09728822,,-0.09728822,-0.09728822,-168.6189,1733.1895,OK,0.0000,6.7448,4.0000,96.0000,AG03-UNRESOLVED,ALL5_LEVELS_bet23_to_bet27,6.7448,6.7448,6.7448,6.7448,6.7448,4.000000,4.000000,4.000000,4.000000,4.000000,96.000000,96.000000,96.000000,96.000000,96.000000,5.0,33.7238,31.1317,134.8951,137.4873,PENDING_AG03,FALSE,NOT_FOR_ENFORCEMENT,161.8742,1438.6299,168.6189,161.8742,6.7448,0.09728822,0.09339669,6.7448,161.8742,0.09339669,6.7448,6.7448,6.7448,6.7448,6.7448,161.8742,0.09339669,33.7238,31.1317,134.8951,137.4873,0.07783058,0.07932616,0.00389153,30.9498,26.7602,3.0111,84.3095,6.7448,866.5948,28.0000,,30.9498,20.4082,40.8163,40.8163,40.8163,40.8163,40.8163,40.8163,0.0,1.0,1.0,0.75827,14,28,2,2,0E-8,0.09728822,,0E-8,0.000000,0.864633,0.000000,,2026-03-22,2026-04-18,2,25,21,28,0.071429,,,0.000000,,,,,,,,GLOBAL_BASELINE_NO_ENTITY_RANKING,,,NOT_APPLICABLE_GLOBAL_BASELINE,HF9g-P5,,,,X 全窗基线 · 不参与实体赏罚,6875834,688,A168_HF9F_20260827_0900,2026-08-27 09:00:00
2026-03-22,94743549,2177,0,261.2244897959,40.8163265306,40.8163265306,0.6000000,7,7,0.50282064285714286,0.502820642857,0.434606212694104,0.4346062126947422,0.434606212694104,1.4286E-13,ELIGIBLE,R03b_20260811_FULL_v1,L1_ELIGIBILITY,v2026-08-11,2026-03-21..2026-08-06,baccarat_bet02_101_all_pairs_incl_sentinel,round_win = game_pnl > 0 (decisive only),COMPATIBILITY_ONLY_NOT_PRODUCTION,1733.1895,1498.5728,168.6189,56,56,-0.09728822,,-0.09728822,-0.09728822,-168.6189,1733.1895,OK,0.0000,6.7448,4.0000,96.0000,AG03-UNRESOLVED,ALL5_LEVELS_bet23_to_bet27,6.7448,6.7448,6.7448,6.7448,6.7448,4.000000,4.000000,4.000000,4.000000,4.000000,96.000000,96.000000,96.000000,96.000000,96.000000,5.0,33.7238,31.1317,134.8951,137.4873,PENDING_AG03,FALSE,NOT_FOR_ENFORCEMENT,161.8742,1438.6299,168.6189,161.8742,6.7448,0.09728822,0.09339669,6.7448,161.8742,0.09339669,6.7448,6.7448,6.7448,6.7448,6.7448,161.8742,0.09339669,33.7238,31.1317,134.8951,137.4873,0.07783058,0.07932616,0.00389153,30.9498,26.7602,3.0111,84.3095,6.7448,866.5948,28.0000,,30.9498,20.4082,40.8163,40.8163,40.8163,40.8163,40.8163,40.8163,0.0,1.0,1.0,0.75827,14,28,2,2,0E-8,0.09728822,,0E-8,0.000000,0.864633,0.000000,,2026-03-22,2026-04-18,2,25,21,28,0.071429,,,0.000000,,,,,,,,GLOBAL_BASELINE_NO_ENTITY_RANKING,,,NOT_APPLICABLE_GLOBAL_BASELINE,HF9g-P5,,,,X 全窗基线 · 不参与实体赏罚,6875835,688,A168_HF9F_20260827_0900,2026-08-27 09:00:00
2026-03-22,94743549,2216,0,40.8163265306,38.7755102041,38.7755102041,1.0000000,1,1,0.50665070000000000,0.506650700000,0.9867858985152569,0.9867858985152569,0.9867858985152569,0E-17,ELIGIBLE,R03b_20260811_FULL_v1,L1_ELIGIBILITY,v2026-08-11,2026-03-21..2026-08-06,baccarat_bet02_101_all_pairs_incl_sentinel,round_win = game_pnl > 0 (decisive only),COMPATIBILITY_ONLY_NOT_PRODUCTION,1733.1895,1498.5728,168.6189,56,56,-0.09728822,,-0.09728822,-0.09728822,-168.6189,1733.1895,OK,0.0000,6.7448,4.0000,96.0000,AG03-UNRESOLVED,ALL5_LEVELS_bet23_to_bet27,6.7448,6.7448,6.7448,6.7448,6.7448,4.000000,4.000000,4.000000,4.000000,4.000000,96.000000,96.000000,96.000000,96.000000,96.000000,5.0,33.7238,31.1317,134.8951,137.4873,PENDING_AG03,FALSE,NOT_FOR_ENFORCEMENT,161.8742,1438.6299,168.6189,161.8742,6.7448,0.09728822,0.09339669,6.7448,161.8742,0.09339669,6.7448,6.7448,6.7448,6.7448,6.7448,161.8742,0.09339669,33.7238,31.1317,134.8951,137.4873,0.07783058,0.07932616,0.00389153,30.9498,26.7602,3.0111,84.3095,6.7448,866.5948,28.0000,,30.9498,20.4082,40.8163,40.8163,40.8163,40.8163,40.8163,40.8163,0.0,1.0,1.0,0.75827,14,28,2,2,0E-8,0.09728822,,0E-8,0.000000,0.864633,0.000000,,2026-03-22,2026-04-18,2,25,21,28,0.071429,,,0.000000,,,,,,,,GLOBAL_BASELINE_NO_ENTITY_RANKING,,,NOT_APPLICABLE_GLOBAL_BASELINE,HF9g-P5,,,,X 全窗基线 · 不参与实体赏罚,6875836,688,A168_HF9F_20260827_0900,2026-08-27 09:00:00
2026-03-22,94743549,2222,0,57.1428571429,-20.4081632653,-20.4081632653,0E-7,2,2,0.50665070000000000,0.506650700000,-1.013391052207602,-1.013391052207602,-1.013391052207602,0E-17,ELIGIBLE,R03b_20260811_FULL_v1,L1_ELIGIBILITY,v2026-08-11,2026-03-21..2026-08-06,baccarat_bet02_101_all_pairs_incl_sentinel,round_win = game_pnl > 0 (decisive only),COMPATIBILITY_ONLY_NOT_PRODUCTION,1733.1895,1498.5728,168.6189,56,56,-0.09728822,,-0.09728822,-0.09728822,-168.6189,1733.1895,OK,0.0000,6.7448,4.0000,96.0000,AG03-UNRESOLVED,ALL5_LEVELS_bet23_to_bet27,6.7448,6.7448,6.7448,6.7448,6.7448,4.000000,4.000000,4.000000,4.000000,4.000000,96.000000,96.000000,96.000000,96.000000,96.000000,5.0,33.7238,31.1317,134.8951,137.4873,PENDING_AG03,FALSE,NOT_FOR_ENFORCEMENT,161.8742,1438.6299,168.6189,161.8742,6.7448,0.09728822,0.09339669,6.7448,161.8742,0.09339669,6.7448,6.7448,6.7448,6.7448,6.7448,161.8742,0.09339669,33.7238,31.1317,134.8951,137.4873,0.07783058,0.07932616,0.00389153,30.9498,26.7602,3.0111,84.3095,6.7448,866.5948,28.0000,,30.9498,20.4082,40.8163,40.8163,40.8163,40.8163,40.8163,40.8163,0.0,1.0,1.0,0.75827,14,28,2,2,0E-8,0.09728822,,0E-8,0.000000,0.864633,0.000000,,2026-03-22,2026-04-18,2,25,21,28,0.071429,,,0.000000,,,,,,,,GLOBAL_BASELINE_NO_ENTITY_RANKING,,,NOT_APPLICABLE_GLOBAL_BASELINE,HF9g-P5,,,,X 全窗基线 · 不参与实体赏罚,6875837,688,A168_HF9F_20260827_0900,2026-08-27 09:00:00
2026-03-22,94743549,948,0,159.1836734694,32.8571428572,32.8571428572,0.6666667,4,4,0.50665070000000000,0.506650700000,0.5543606114942035,0.5543606114942035,0.5543606114942035,0E-17,ELIGIBLE,R03b_20260811_FULL_v1,L1_ELIGIBILITY,v2026-08-11,2026-03-21..2026-08-06,baccarat_bet02_101_all_pairs_incl_sentinel,round_win = game_pnl > 0 (decisive only),COMPATIBILITY_ONLY_NOT_PRODUCTION,1733.1895,1498.5728,168.6189,56,56,-0.09728822,,-0.09728822,-0.09728822,-168.6189,1733.1895,OK,0.0000,6.7448,4.0000,96.0000,AG03-UNRESOLVED,ALL5_LEVELS_bet23_to_bet27,6.7448,6.7448,6.7448,6.7448,6.7448,4.000000,4.000000,4.000000,4.000000,4.000000,96.000000,96.000000,96.000000,96.000000,96.000000,5.0,33.7238,31.1317,134.8951,137.4873,PENDING_AG03,FALSE,NOT_FOR_ENFORCEMENT,161.8742,1438.6299,168.6189,161.8742,6.7448,0.09728822,0.09339669,6.7448,161.8742,0.09339669,6.7448,6.7448,6.7448,6.7448,6.7448,161.8742,0.09339669,33.7238,31.1317,134.8951,137.4873,0.07783058,0.07932616,0.00389153,30.9498,26.7602,3.0111,84.3095,6.7448,866.5948,28.0000,,30.9498,20.4082,40.8163,40.8163,40.8163,40.8163,40.8163,40.8163,0.0,1.0,1.0,0.75827,14,28,2,2,0E-8,0.09728822,,0E-8,0.000000,0.864633,0.000000,,2026-03-22,2026-04-18,2,25,21,28,0.071429,,,0.000000,,,,,,,,GLOBAL_BASELINE_NO_ENTITY_RANKING,,,NOT_APPLICABLE_GLOBAL_BASELINE,HF9g-P5,,,,X 全窗基线 · 不参与实体赏罚,6875838,688,A168_HF9F_20260827_0900,2026-08-27 09:00:00
2026-04-18,94743549,1396,0,3.6536353672,3.6536353672,3.6536353672,1.0000000,1,1,0.49324550000000000,0.493245500000,1.01360149184955,1.01360149184955,1.01360149184955,0E-17,ELIGIBLE,R03b_20260811_FULL_v1,L1_ELIGIBILITY,v2026-08-11,2026-03-21..2026-08-06,baccarat_bet02_101_all_pairs_incl_sentinel,round_win = game_pnl > 0 (decisive only),COMPATIBILITY_ONLY_NOT_PRODUCTION,1733.1895,1498.5728,168.6189,56,56,-0.09728822,,-0.09728822,-0.09728822,-168.6189,1733.1895,OK,0.0000,6.7448,4.0000,96.0000,AG03-UNRESOLVED,ALL5_LEVELS_bet23_to_bet27,6.7448,6.7448,6.7448,6.7448,6.7448,4.000000,4.000000,4.000000,4.000000,4.000000,96.000000,96.000000,96.000000,96.000000,96.000000,5.0,33.7238,31.1317,134.8951,137.4873,PENDING_AG03,FALSE,NOT_FOR_ENFORCEMENT,161.8742,1438.6299,168.6189,161.8742,6.7448,0.09728822,0.09339669,6.7448,161.8742,0.09339669,6.7448,6.7448,6.7448,6.7448,6.7448,161.8742,0.09339669,33.7238,31.1317,134.8951,137.4873,0.07783058,0.07932616,0.00389153,30.9498,26.7602,3.0111,84.3095,6.7448,866.5948,28.0000,,30.9498,20.4082,40.8163,40.8163,40.8163,40.8163,40.8163,40.8163,0.0,1.0,1.0,0.75827,14,28,2,2,0E-8,0.09728822,,0E-8,0.000000,0.864633,0.000000,,2026-03-22,2026-04-18,2,25,21,28,0.071429,,,0.000000,,,,,,,,GLOBAL_BASELINE_NO_ENTITY_RANKING,,,NOT_APPLICABLE_GLOBAL_BASELINE,HF9g-P5,,,,X 全窗基线 · 不参与实体赏罚,6875839,688,A168_HF9F_20260827_0900,2026-08-27 09:00:00
2026-04-18,94743549,1401,0,14.2085819835,0E-10,0E-10,,2,2,0.49324550000000000,0.493245500000,,,,0E-17,NO_DECISIVE_ROUND,R03b_20260811_FULL_v1,L1_ELIGIBILITY,v2026-08-11,2026-03-21..2026-08-06,baccarat_bet02_101_all_pairs_incl_sentinel,round_win = game_pnl > 0 (decisive only),COMPATIBILITY_ONLY_NOT_PRODUCTION,1733.1895,1498.5728,168.6189,56,56,-0.09728822,,-0.09728822,-0.09728822,-168.6189,1733.1895,OK,0.0000,6.7448,4.0000,96.0000,AG03-UNRESOLVED,ALL5_LEVELS_bet23_to_bet27,6.7448,6.7448,6.7448,6.7448,6.7448,4.000000,4.000000,4.000000,4.000000,4.000000,96.000000,96.000000,96.000000,96.000000,96.000000,5.0,33.7238,31.1317,134.8951,137.4873,PENDING_AG03,FALSE,NOT_FOR_ENFORCEMENT,161.8742,1438.6299,168.6189,161.8742,6.7448,0.09728822,0.09339669,6.7448,161.8742,0.09339669,6.7448,6.7448,6.7448,6.7448,6.7448,161.8742,0.09339669,33.7238,31.1317,134.8951,137.4873,0.07783058,0.07932616,0.00389153,30.9498,26.7602,3.0111,84.3095,6.7448,866.5948,28.0000,,30.9498,20.4082,40.8163,40.8163,40.8163,40.8163,40.8163,40.8163,0.0,1.0,1.0,0.75827,14,28,2,2,0E-8,0.09728822,,0E-8,0.000000,0.864633,0.000000,,2026-03-22,2026-04-18,2,25,21,28,0.071429,,,0.000000,,,,,,,,GLOBAL_BASELINE_NO_ENTITY_RANKING,,,NOT_APPLICABLE_GLOBAL_BASELINE,HF9g-P5,,,,X 全窗基线 · 不参与实体赏罚,6875840,688,A168_HF9F_20260827_0900,2026-08-27 09:00:00
2026-04-18,94743549,1402,0,6.0893922787,5.7849226647,5.7849226647,1.0000000,1,1,0.50665070000000000,0.506650700000,0.9867858985152569,0.9867858985152569,0.9867858985152569,0E-17,ELIGIBLE,R03b_20260811_FULL_v1,L1_ELIGIBILITY,v2026-08-11,2026-03-21..2026-08-06,baccarat_bet02_101_all_pairs_incl_sentinel,round_win = game_pnl > 0 (decisive only),COMPATIBILITY_ONLY_NOT_PRODUCTION,1733.1895,1498.5728,168.6189,56,56,-0.09728822,,-0.09728822,-0.09728822,-168.6189,1733.1895,OK,0.0000,6.7448,4.0000,96.0000,AG03-UNRESOLVED,ALL5_LEVELS_bet23_to_bet27,6.7448,6.7448,6.7448,6.7448,6.7448,4.000000,4.000000,4.000000,4.000000,4.000000,96.000000,96.000000,96.000000,96.000000,96.000000,5.0,33.7238,31.1317,134.8951,137.4873,PENDING_AG03,FALSE,NOT_FOR_ENFORCEMENT,161.8742,1438.6299,168.6189,161.8742,6.7448,0.09728822,0.09339669,6.7448,161.8742,0.09339669,6.7448,6.7448,6.7448,6.7448,6.7448,161.8742,0.09339669,33.7238,31.1317,134.8951,137.4873,0.07783058,0.07932616,0.00389153,30.9498,26.7602,3.0111,84.3095,6.7448,866.5948,28.0000,,30.9498,20.4082,40.8163,40.8163,40.8163,40.8163,40.8163,40.8163,0.0,1.0,1.0,0.75827,14,28,2,2,0E-8,0.09728822,,0E-8,0.000000,0.864633,0.000000,,2026-03-22,2026-04-18,2,25,21,28,0.071429,,,0.000000,,,,,,,,GLOBAL_BASELINE_NO_ENTITY_RANKING,,,NOT_APPLICABLE_GLOBAL_BASELINE,HF9g-P5,,,,X 全窗基线 · 不参与实体赏罚,6875841,688,A168_HF9F_20260827_0900,2026-08-27 09:00:00
2026-04-18,94743549,1490,0,4.0595948524,-4.0595948524,-4.0595948524,0E-7,1,1,0.49324550000000000,0.493245500000,-0.9865810262130424,-0.9865810262130424,-0.9865810262130424,0E-17,ELIGIBLE,R03b_20260811_FULL_v1,L1_ELIGIBILITY,v2026-08-11,2026-03-21..2026-08-06,baccarat_bet02_101_all_pairs_incl_sentinel,round_win = game_pnl > 0 (decisive only),COMPATIBILITY_ONLY_NOT_PRODUCTION,1733.1895,1498.5728,168.6189,56,56,-0.09728822,,-0.09728822,-0.09728822,-168.6189,1733.1895,OK,0.0000,6.7448,4.0000,96.0000,AG03-UNRESOLVED,ALL5_LEVELS_bet23_to_bet27,6.7448,6.7448,6.7448,6.7448,6.7448,4.000000,4.000000,4.000000,4.000000,4.000000,96.000000,96.000000,96.000000,96.000000,96.000000,5.0,33.7238,31.1317,134.8951,137.4873,PENDING_AG03,FALSE,NOT_FOR_ENFORCEMENT,161.8742,1438.6299,168.6189,161.8742,6.7448,0.09728822,0.09339669,6.7448,161.8742,0.09339669,6.7448,6.7448,6.7448,6.7448,6.7448,161.8742,0.09339669,33.7238,31.1317,134.8951,137.4873,0.07783058,0.07932616,0.00389153,30.9498,26.7602,3.0111,84.3095,6.7448,866.5948,28.0000,,30.9498,20.4082,40.8163,40.8163,40.8163,40.8163,40.8163,40.8163,0.0,1.0,1.0,0.75827,14,28,2,2,0E-8,0.09728822,,0E-8,0.000000,0.864633,0.000000,,2026-03-22,2026-04-18,2,25,21,28,0.071429,,,0.000000,,,,,,,,GLOBAL_BASELINE_NO_ENTITY_RANKING,,,NOT_APPLICABLE_GLOBAL_BASELINE,HF9g-P5,,,,X 全窗基线 · 不参与实体赏罚,6875842,688,A168_HF9F_20260827_0900,2026-08-27 09:00:00
2026-04-18,94743549,1985,0,4.0595948524,4.0595948524,4.0595948524,1.0000000,1,1,0.49324550000000000,0.493245500000,1.01360149184955,1.01360149184955,1.01360149184955,0E-17,ELIGIBLE,R03b_20260811_FULL_v1,L1_ELIGIBILITY,v2026-08-11,2026-03-21..2026-08-06,baccarat_bet02_101_all_pairs_incl_sentinel,round_win = game_pnl > 0 (decisive only),COMPATIBILITY_ONLY_NOT_PRODUCTION,1733.1895,1498.5728,168.6189,56,56,-0.09728822,,-0.09728822,-0.09728822,-168.6189,1733.1895,OK,0.0000,6.7448,4.0000,96.0000,AG03-UNRESOLVED,ALL5_LEVELS_bet23_to_bet27,6.7448,6.7448,6.7448,6.7448,6.7448,4.000000,4.000000,4.000000,4.000000,4.000000,96.000000,96.000000,96.000000,96.000000,96.000000,5.0,33.7238,31.1317,134.8951,137.4873,PENDING_AG03,FALSE,NOT_FOR_ENFORCEMENT,161.8742,1438.6299,168.6189,161.8742,6.7448,0.09728822,0.09339669,6.7448,161.8742,0.09339669,6.7448,6.7448,6.7448,6.7448,6.7448,161.8742,0.09339669,33.7238,31.1317,134.8951,137.4873,0.07783058,0.07932616,0.00389153,30.9498,26.7602,3.0111,84.3095,6.7448,866.5948,28.0000,,30.9498,20.4082,40.8163,40.8163,40.8163,40.8163,40.8163,40.8163,0.0,1.0,1.0,0.75827,14,28,2,2,0E-8,0.09728822,,0E-8,0.000000,0.864633,0.000000,,2026-03-22,2026-04-18,2,25,21,28,0.071429,,,0.000000,,,,,,,,GLOBAL_BASELINE_NO_ENTITY_RANKING,,,NOT_APPLICABLE_GLOBAL_BASELINE,HF9g-P5,,,,X 全窗基线 · 不参与实体赏罚,6875843,688,A168_HF9F_20260827_0900,2026-08-27 09:00:00
2026-04-18,94743549,2101,0,8.1191897049,-8.1191897049,-8.1191897049,0E-7,1,1,0.49324550000000000,0.493245500000,-0.9865810262130424,-0.9865810262130424,-0.9865810262130424,0E-17,ELIGIBLE,R03b_20260811_FULL_v1,L1_ELIGIBILITY,v2026-08-11,2026-03-21..2026-08-06,baccarat_bet02_101_all_pairs_incl_sentinel,round_win = game_pnl > 0 (decisive only),COMPATIBILITY_ONLY_NOT_PRODUCTION,1733.1895,1498.5728,168.6189,56,56,-0.09728822,,-0.09728822,-0.09728822,-168.6189,1733.1895,OK,0.0000,6.7448,4.0000,96.0000,AG03-UNRESOLVED,ALL5_LEVELS_bet23_to_bet27,6.7448,6.7448,6.7448,6.7448,6.7448,4.000000,4.000000,4.000000,4.000000,4.000000,96.000000,96.000000,96.000000,96.000000,96.000000,5.0,33.7238,31.1317,134.8951,137.4873,PENDING_AG03,FALSE,NOT_FOR_ENFORCEMENT,161.8742,1438.6299,168.6189,161.8742,6.7448,0.09728822,0.09339669,6.7448,161.8742,0.09339669,6.7448,6.7448,6.7448,6.7448,6.7448,161.8742,0.09339669,33.7238,31.1317,134.8951,137.4873,0.07783058,0.07932616,0.00389153,30.9498,26.7602,3.0111,84.3095,6.7448,866.5948,28.0000,,30.9498,20.4082,40.8163,40.8163,40.8163,40.8163,40.8163,40.8163,0.0,1.0,1.0,0.75827,14,28,2,2,0E-8,0.09728822,,0E-8,0.000000,0.864633,0.000000,,2026-03-22,2026-04-18,2,25,21,28,0.071429,,,0.000000,,,,,,,,GLOBAL_BASELINE_NO_ENTITY_RANKING,,,NOT_APPLICABLE_GLOBAL_BASELINE,HF9g-P5,,,,X 全窗基线 · 不参与实体赏罚,6875844,688,A168_HF9F_20260827_0900,2026-08-27 09:00:00
2026-04-18,94743549,2103,0,7.3072707344,-7.3072707344,-7.3072707344,0E-7,1,1,0.50665070000000000,0.506650700000,-1.013391052207602,-1.013391052207602,-1.013391052207602,0E-17,ELIGIBLE,R03b_20260811_FULL_v1,L1_ELIGIBILITY,v2026-08-11,2026-03-21..2026-08-06,baccarat_bet02_101_all_pairs_incl_sentinel,round_win = game_pnl > 0 (decisive only),COMPATIBILITY_ONLY_NOT_PRODUCTION,1733.1895,1498.5728,168.6189,56,56,-0.09728822,,-0.09728822,-0.09728822,-168.6189,1733.1895,OK,0.0000,6.7448,4.0000,96.0000,AG03-UNRESOLVED,ALL5_LEVELS_bet23_to_bet27,6.7448,6.7448,6.7448,6.7448,6.7448,4.000000,4.000000,4.000000,4.000000,4.000000,96.000000,96.000000,96.000000,96.000000,96.000000,5.0,33.7238,31.1317,134.8951,137.4873,PENDING_AG03,FALSE,NOT_FOR_ENFORCEMENT,161.8742,1438.6299,168.6189,161.8742,6.7448,0.09728822,0.09339669,6.7448,161.8742,0.09339669,6.7448,6.7448,6.7448,6.7448,6.7448,161.8742,0.09339669,33.7238,31.1317,134.8951,137.4873,0.07783058,0.07932616,0.00389153,30.9498,26.7602,3.0111,84.3095,6.7448,866.5948,28.0000,,30.9498,20.4082,40.8163,40.8163,40.8163,40.8163,40.8163,40.8163,0.0,1.0,1.0,0.75827,14,28,2,2,0E-8,0.09728822,,0E-8,0.000000,0.864633,0.000000,,2026-03-22,2026-04-18,2,25,21,28,0.071429,,,0.000000,,,,,,,,GLOBAL_BASELINE_NO_ENTITY_RANKING,,,NOT_APPLICABLE_GLOBAL_BASELINE,HF9g-P5,,,,X 全窗基线 · 不参与实体赏罚,6875845,688,A168_HF9F_20260827_0900,2026-08-27 09:00:00
2026-04-18,94743549,2108,0,4.0595948524,-4.0595948524,-4.0595948524,0E-7,1,1,0.50665070000000000,0.506650700000,-1.013391052207602,-1.013391052207602,-1.013391052207602,0E-17,ELIGIBLE,R03b_20260811_FULL_v1,L1_ELIGIBILITY,v2026-08-11,2026-03-21..2026-08-06,baccarat_bet02_101_all_pairs_incl_sentinel,round_win = game_pnl > 0 (decisive only),COMPATIBILITY_ONLY_NOT_PRODUCTION,1733.1895,1498.5728,168.6189,56,56,-0.09728822,,-0.09728822,-0.09728822,-168.6189,1733.1895,OK,0.0000,6.7448,4.0000,96.0000,AG03-UNRESOLVED,ALL5_LEVELS_bet23_to_bet27,6.7448,6.7448,6.7448,6.7448,6.7448,4.000000,4.000000,4.000000,4.000000,4.000000,96.000000,96.000000,96.000000,96.000000,96.000000,5.0,33.7238,31.1317,134.8951,137.4873,PENDING_AG03,FALSE,NOT_FOR_ENFORCEMENT,161.8742,1438.6299,168.6189,161.8742,6.7448,0.09728822,0.09339669,6.7448,161.8742,0.09339669,6.7448,6.7448,6.7448,6.7448,6.7448,161.8742,0.09339669,33.7238,31.1317,134.8951,137.4873,0.07783058,0.07932616,0.00389153,30.9498,26.7602,3.0111,84.3095,6.7448,866.5948,28.0000,,30.9498,20.4082,40.8163,40.8163,40.8163,40.8163,40.8163,40.8163,0.0,1.0,1.0,0.75827,14,28,2,2,0E-8,0.09728822,,0E-8,0.000000,0.864633,0.000000,,2026-03-22,2026-04-18,2,25,21,28,0.071429,,,0.000000,,,,,,,,GLOBAL_BASELINE_NO_ENTITY_RANKING,,,NOT_APPLICABLE_GLOBAL_BASELINE,HF9g-P5,,,,X 全窗基线 · 不参与实体赏罚,6875846,688,A168_HF9F_20260827_0900,2026-08-27 09:00:00
2026-04-07,146251531,1078,0,10.6011886995,10.6011886995,10.6011886995,1.0000000,1,1,0.49324550000000000,0.493245500000,1.01360149184955,1.01360149184955,1.01360149184955,0E-17,ELIGIBLE,R03b_20260811_FULL_v1,L1_ELIGIBILITY,v2026-08-11,2026-03-21..2026-08-06,baccarat_bet02_101_all_pairs_incl_sentinel,round_win = game_pnl > 0 (decisive only),COMPATIBILITY_ONLY_NOT_PRODUCTION,2222.0783,1942.3339,168.6201,202,197,-0.07588395,,-0.07588395,-0.07588395,-168.6201,2222.0783,OK,0.0000,6.7448,4.0000,96.0000,AG03-UNRESOLVED,ALL5_LEVELS_bet23_to_bet27,6.7448,6.7448,6.7448,6.7448,6.7448,4.000000,4.000000,4.000000,4.000000,4.000000,96.000000,96.000000,96.000000,96.000000,96.000000,5.0,33.7240,31.1319,134.8961,137.4882,PENDING_AG03,FALSE,NOT_FOR_ENFORCEMENT,161.8753,1864.6405,168.6201,161.8753,6.7448,0.07588395,0.07284860,6.7448,161.8753,0.07284860,6.7448,6.7448,6.7448,6.7448,6.7448,161.8753,0.07284860,33.7240,31.1319,134.8961,137.4882,0.06070716,0.0618737,0.00303536,11.0004,9.8596,0.8559,12.9708,1.4922,170.9291,15.1538,,11.0004,5.1747,7.8527,13.2323,25.7153,28.7934,38.5866,6.5439,0.0,3.666667,4.913779,1.400836,23,73,12,4,0E-8,0.07588395,,0E-8,0.000000,0.874107,0.064356,,2026-04-07,2026-06-29,13,113,95,84,0.154762,,,0.000000,,,,,,,,GLOBAL_BASELINE_NO_ENTITY_RANKING,,,NOT_APPLICABLE_GLOBAL_BASELINE,HF9g-P5,,,,X 全窗基线 · 不参与实体赏罚,6875847,688,A168_HF9F_20260827_0900,2026-08-27 09:00:00
2026-04-07,146251531,1094,0,18.3230421967,7.7087656099,7.7087656099,0.6666667,3,3,0.50665070000000000,0.506650700000,0.5543606114942035,0.5543606114942035,0.5543606114942035,0E-17,ELIGIBLE,R03b_20260811_FULL_v1,L1_ELIGIBILITY,v2026-08-11,2026-03-21..2026-08-06,baccarat_bet02_101_all_pairs_incl_sentinel,round_win = game_pnl > 0 (decisive only),COMPATIBILITY_ONLY_NOT_PRODUCTION,2222.0783,1942.3339,168.6201,202,197,-0.07588395,,-0.07588395,-0.07588395,-168.6201,2222.0783,OK,0.0000,6.7448,4.0000,96.0000,AG03-UNRESOLVED,ALL5_LEVELS_bet23_to_bet27,6.7448,6.7448,6.7448,6.7448,6.7448,4.000000,4.000000,4.000000,4.000000,4.000000,96.000000,96.000000,96.000000,96.000000,96.000000,5.0,33.7240,31.1319,134.8961,137.4882,PENDING_AG03,FALSE,NOT_FOR_ENFORCEMENT,161.8753,1864.6405,168.6201,161.8753,6.7448,0.07588395,0.07284860,6.7448,161.8753,0.07284860,6.7448,6.7448,6.7448,6.7448,6.7448,161.8753,0.07284860,33.7240,31.1319,134.8961,137.4882,0.06070716,0.0618737,0.00303536,11.0004,9.8596,0.8559,12.9708,1.4922,170.9291,15.1538,,11.0004,5.1747,7.8527,13.2323,25.7153,28.7934,38.5866,6.5439,0.0,3.666667,4.913779,1.400836,23,73,12,4,0E-8,0.07588395,,0E-8,0.000000,0.874107,0.064356,,2026-04-07,2026-06-29,13,113,95,84,0.154762,,,0.000000,,,,,,,,GLOBAL_BASELINE_NO_ENTITY_RANKING,,,NOT_APPLICABLE_GLOBAL_BASELINE,HF9g-P5,,,,X 全窗基线 · 不参与实体赏罚,6875848,688,A168_HF9F_20260827_0900,2026-08-27 09:00:00
2026-04-07,146251531,1304,0,7.5909746243,-7.5909746243,-7.5909746243,0E-7,2,2,0.50665070000000000,0.506650700000,-1.4331513700195317,-1.4331513700195317,-1.4331513700195317,0E-17,ELIGIBLE,R03b_20260811_FULL_v1,L1_ELIGIBILITY,v2026-08-11,2026-03-21..2026-08-06,baccarat_bet02_101_all_pairs_incl_sentinel,round_win = game_pnl > 0 (decisive only),COMPATIBILITY_ONLY_NOT_PRODUCTION,2222.0783,1942.3339,168.6201,202,197,-0.07588395,,-0.07588395,-0.07588395,-168.6201,2222.0783,OK,0.0000,6.7448,4.0000,96.0000,AG03-UNRESOLVED,ALL5_LEVELS_bet23_to_bet27,6.7448,6.7448,6.7448,6.7448,6.7448,4.000000,4.000000,4.000000,4.000000,4.000000,96.000000,96.000000,96.000000,96.000000,96.000000,5.0,33.7240,31.1319,134.8961,137.4882,PENDING_AG03,FALSE,NOT_FOR_ENFORCEMENT,161.8753,1864.6405,168.6201,161.8753,6.7448,0.07588395,0.07284860,6.7448,161.8753,0.07284860,6.7448,6.7448,6.7448,6.7448,6.7448,161.8753,0.07284860,33.7240,31.1319,134.8961,137.4882,0.06070716,0.0618737,0.00303536,11.0004,9.8596,0.8559,12.9708,1.4922,170.9291,15.1538,,11.0004,5.1747,7.8527,13.2323,25.7153,28.7934,38.5866,6.5439,0.0,3.666667,4.913779,1.400836,23,73,12,4,0E-8,0.07588395,,0E-8,0.000000,0.874107,0.064356,,2026-04-07,2026-06-29,13,113,95,84,0.154762,,,0.000000,,,,,,,,GLOBAL_BASELINE_NO_ENTITY_RANKING,,,NOT_APPLICABLE_GLOBAL_BASELINE,HF9g-P5,,,,X 全窗基线 · 不参与实体赏罚,6875849,688,A168_HF9F_20260827_0900,2026-08-27 09:00:00
2026-04-07,146251531,1325,0,6.2523455130,6.2523455130,6.2523455130,1.0000000,1,1,0.49324550000000000,0.493245500000,1.01360149184955,1.01360149184955,1.01360149184955,0E-17,ELIGIBLE,R03b_20260811_FULL_v1,L1_ELIGIBILITY,v2026-08-11,2026-03-21..2026-08-06,baccarat_bet02_101_all_pairs_incl_sentinel,round_win = game_pnl > 0 (decisive only),COMPATIBILITY_ONLY_NOT_PRODUCTION,2222.0783,1942.3339,168.6201,202,197,-0.07588395,,-0.07588395,-0.07588395,-168.6201,2222.0783,OK,0.0000,6.7448,4.0000,96.0000,AG03-UNRESOLVED,ALL5_LEVELS_bet23_to_bet27,6.7448,6.7448,6.7448,6.7448,6.7448,4.000000,4.000000,4.000000,4.000000,4.000000,96.000000,96.000000,96.000000,96.000000,96.000000,5.0,33.7240,31.1319,134.8961,137.4882,PENDING_AG03,FALSE,NOT_FOR_ENFORCEMENT,161.8753,1864.6405,168.6201,161.8753,6.7448,0.07588395,0.07284860,6.7448,161.8753,0.07284860,6.7448,6.7448,6.7448,6.7448,6.7448,161.8753,0.07284860,33.7240,31.1319,134.8961,137.4882,0.06070716,0.0618737,0.00303536,11.0004,9.8596,0.8559,12.9708,1.4922,170.9291,15.1538,,11.0004,5.1747,7.8527,13.2323,25.7153,28.7934,38.5866,6.5439,0.0,3.666667,4.913779,1.400836,23,73,12,4,0E-8,0.07588395,,0E-8,0.000000,0.874107,0.064356,,2026-04-07,2026-06-29,13,113,95,84,0.154762,,,0.000000,,,,,,,,GLOBAL_BASELINE_NO_ENTITY_RANKING,,,NOT_APPLICABLE_GLOBAL_BASELINE,HF9g-P5,,,,X 全窗基线 · 不参与实体赏罚,6875850,688,A168_HF9F_20260827_0900,2026-08-27 09:00:00
2026-04-07,146251531,1941,0,26.1757745667,0E-10,0E-10,,1,1,0.50665070000000000,0.506650700000,,,,0E-17,NO_DECISIVE_ROUND,R03b_20260811_FULL_v1,L1_ELIGIBILITY,v2026-08-11,2026-03-21..2026-08-06,baccarat_bet02_101_all_pairs_incl_sentinel,round_win = game_pnl > 0 (decisive only),COMPATIBILITY_ONLY_NOT_PRODUCTION,2222.0783,1942.3339,168.6201,202,197,-0.07588395,,-0.07588395,-0.07588395,-168.6201,2222.0783,OK,0.0000,6.7448,4.0000,96.0000,AG03-UNRESOLVED,ALL5_LEVELS_bet23_to_bet27,6.7448,6.7448,6.7448,6.7448,6.7448,4.000000,4.000000,4.000000,4.000000,4.000000,96.000000,96.000000,96.000000,96.000000,96.000000,5.0,33.7240,31.1319,134.8961,137.4882,PENDING_AG03,FALSE,NOT_FOR_ENFORCEMENT,161.8753,1864.6405,168.6201,161.8753,6.7448,0.07588395,0.07284860,6.7448,161.8753,0.07284860,6.7448,6.7448,6.7448,6.7448,6.7448,161.8753,0.07284860,33.7240,31.1319,134.8961,137.4882,0.06070716,0.0618737,0.00303536,11.0004,9.8596,0.8559,12.9708,1.4922,170.9291,15.1538,,11.0004,5.1747,7.8527,13.2323,25.7153,28.7934,38.5866,6.5439,0.0,3.666667,4.913779,1.400836,23,73,12,4,0E-8,0.07588395,,0E-8,0.000000,0.874107,0.064356,,2026-04-07,2026-06-29,13,113,95,84,0.154762,,,0.000000,,,,,,,,GLOBAL_BASELINE_NO_ENTITY_RANKING,,,NOT_APPLICABLE_GLOBAL_BASELINE,HF9g-P5,,,,X 全窗基线 · 不参与实体赏罚,6875851,688,A168_HF9F_20260827_0900,2026-08-27 09:00:00
2026-04-07,146251531,1966,0,5.2351549134,0E-10,0E-10,0.5000000,2,2,0.49994810000000000,0.499948100000,0.00014679536856514622,0.00014679536856514622,0.00014679536856514622,0E-17,ELIGIBLE,R03b_20260811_FULL_v1,L1_ELIGIBILITY,v2026-08-11,2026-03-21..2026-08-06,baccarat_bet02_101_all_pairs_incl_sentinel,round_win = game_pnl > 0 (decisive only),COMPATIBILITY_ONLY_NOT_PRODUCTION,2222.0783,1942.3339,168.6201,202,197,-0.07588395,,-0.07588395,-0.07588395,-168.6201,2222.0783,OK,0.0000,6.7448,4.0000,96.0000,AG03-UNRESOLVED,ALL5_LEVELS_bet23_to_bet27,6.7448,6.7448,6.7448,6.7448,6.7448,4.000000,4.000000,4.000000,4.000000,4.000000,96.000000,96.000000,96.000000,96.000000,96.000000,5.0,33.7240,31.1319,134.8961,137.4882,PENDING_AG03,FALSE,NOT_FOR_ENFORCEMENT,161.8753,1864.6405,168.6201,161.8753,6.7448,0.07588395,0.07284860,6.7448,161.8753,0.07284860,6.7448,6.7448,6.7448,6.7448,6.7448,161.8753,0.07284860,33.7240,31.1319,134.8961,137.4882,0.06070716,0.0618737,0.00303536,11.0004,9.8596,0.8559,12.9708,1.4922,170.9291,15.1538,,11.0004,5.1747,7.8527,13.2323,25.7153,28.7934,38.5866,6.5439,0.0,3.666667,4.913779,1.400836,23,73,12,4,0E-8,0.07588395,,0E-8,0.000000,0.874107,0.064356,,2026-04-07,2026-06-29,13,113,95,84,0.154762,,,0.000000,,,,,,,,GLOBAL_BASELINE_NO_ENTITY_RANKING,,,NOT_APPLICABLE_GLOBAL_BASELINE,HF9g-P5,,,,X 全窗基线 · 不参与实体赏罚,6875852,688,A168_HF9F_20260827_0900,2026-08-27 09:00:00
2026-04-07,146251531,2121,0,31.6203356766,24.5267007690,24.5267007690,0.5000000,2,2,0.49994810000000000,0.499948100000,0.00014679536856514622,0.00014679536856514622,0.00014679536856514622,0E-17,ELIGIBLE,R03b_20260811_FULL_v1,L1_ELIGIBILITY,v2026-08-11,2026-03-21..2026-08-06,baccarat_bet02_101_all_pairs_incl_sentinel,round_win = game_pnl > 0 (decisive only),COMPATIBILITY_ONLY_NOT_PRODUCTION,2222.0783,1942.3339,168.6201,202,197,-0.07588395,,-0.07588395,-0.07588395,-168.6201,2222.0783,OK,0.0000,6.7448,4.0000,96.0000,AG03-UNRESOLVED,ALL5_LEVELS_bet23_to_bet27,6.7448,6.7448,6.7448,6.7448,6.7448,4.000000,4.000000,4.000000,4.000000,4.000000,96.000000,96.000000,96.000000,96.000000,96.000000,5.0,33.7240,31.1319,134.8961,137.4882,PENDING_AG03,FALSE,NOT_FOR_ENFORCEMENT,161.8753,1864.6405,168.6201,161.8753,6.7448,0.07588395,0.07284860,6.7448,161.8753,0.07284860,6.7448,6.7448,6.7448,6.7448,6.7448,161.8753,0.07284860,33.7240,31.1319,134.8961,137.4882,0.06070716,0.0618737,0.00303536,11.0004,9.8596,0.8559,12.9708,1.4922,170.9291,15.1538,,11.0004,5.1747,7.8527,13.2323,25.7153,28.7934,38.5866,6.5439,0.0,3.666667,4.913779,1.400836,23,73,12,4,0E-8,0.07588395,,0E-8,0.000000,0.874107,0.064356,,2026-04-07,2026-06-29,13,113,95,84,0.154762,,,0.000000,,,,,,,,GLOBAL_BASELINE_NO_ENTITY_RANKING,,,NOT_APPLICABLE_GLOBAL_BASELINE,HF9g-P5,,,,X 全窗基线 · 不参与实体赏罚,6875853,688,A168_HF9F_20260827_0900,2026-08-27 09:00:00
2026-04-07,146251531,2129,0,9.1615210984,-4.0572450579,-4.0572450579,0.5000000,2,2,0.49994810000000000,0.499948100000,0.00014679536856514622,0.00014679536856514622,0.00014679536856514622,0E-17,ELIGIBLE,R03b_20260811_FULL_v1,L1_ELIGIBILITY,v2026-08-11,2026-03-21..2026-08-06,baccarat_bet02_101_all_pairs_incl_sentinel,round_win = game_pnl > 0 (decisive only),COMPATIBILITY_ONLY_NOT_PRODUCTION,2222.0783,1942.3339,168.6201,202,197,-0.07588395,,-0.07588395,-0.07588395,-168.6201,2222.0783,OK,0.0000,6.7448,4.0000,96.0000,AG03-UNRESOLVED,ALL5_LEVELS_bet23_to_bet27,6.7448,6.7448,6.7448,6.7448,6.7448,4.000000,4.000000,4.000000,4.000000,4.000000,96.000000,96.000000,96.000000,96.000000,96.000000,5.0,33.7240,31.1319,134.8961,137.4882,PENDING_AG03,FALSE,NOT_FOR_ENFORCEMENT,161.8753,1864.6405,168.6201,161.8753,6.7448,0.07588395,0.07284860,6.7448,161.8753,0.07284860,6.7448,6.7448,6.7448,6.7448,6.7448,161.8753,0.07284860,33.7240,31.1319,134.8961,137.4882,0.06070716,0.0618737,0.00303536,11.0004,9.8596,0.8559,12.9708,1.4922,170.9291,15.1538,,11.0004,5.1747,7.8527,13.2323,25.7153,28.7934,38.5866,6.5439,0.0,3.666667,4.913779,1.400836,23,73,12,4,0E-8,0.07588395,,0E-8,0.000000,0.874107,0.064356,,2026-04-07,2026-06-29,13,113,95,84,0.154762,,,0.000000,,,,,,,,GLOBAL_BASELINE_NO_ENTITY_RANKING,,,NOT_APPLICABLE_GLOBAL_BASELINE,HF9g-P5,,,,X 全窗基线 · 不参与实体赏罚,6875854,688,A168_HF9F_20260827_0900,2026-08-27 09:00:00
2026-04-07,146251531,2153,0,54.9691265900,1.9631830925,1.9631830925,0.5000000,4,4,0.49659680000000000,0.496596800000,0.013613115331600182,0.013613115331600183,0.013613115331600182,0E-17,ELIGIBLE,R03b_20260811_FULL_v1,L1_ELIGIBILITY,v2026-08-11,2026-03-21..2026-08-06,baccarat_bet02_101_all_pairs_incl_sentinel,round_win = game_pnl > 0 (decisive only),COMPATIBILITY_ONLY_NOT_PRODUCTION,2222.0783,1942.3339,168.6201,202,197,-0.07588395,,-0.07588395,-0.07588395,-168.6201,2222.0783,OK,0.0000,6.7448,4.0000,96.0000,AG03-UNRESOLVED,ALL5_LEVELS_bet23_to_bet27,6.7448,6.7448,6.7448,6.7448,6.7448,4.000000,4.000000,4.000000,4.000000,4.000000,96.000000,96.000000,96.000000,96.000000,96.000000,5.0,33.7240,31.1319,134.8961,137.4882,PENDING_AG03,FALSE,NOT_FOR_ENFORCEMENT,161.8753,1864.6405,168.6201,161.8753,6.7448,0.07588395,0.07284860,6.7448,161.8753,0.07284860,6.7448,6.7448,6.7448,6.7448,6.7448,161.8753,0.07284860,33.7240,31.1319,134.8961,137.4882,0.06070716,0.0618737,0.00303536,11.0004,9.8596,0.8559,12.9708,1.4922,170.9291,15.1538,,11.0004,5.1747,7.8527,13.2323,25.7153,28.7934,38.5866,6.5439,0.0,3.666667,4.913779,1.400836,23,73,12,4,0E-8,0.07588395,,0E-8,0.000000,0.874107,0.064356,,2026-04-07,2026-06-29,13,113,95,84,0.154762,,,0.000000,,,,,,,,GLOBAL_BASELINE_NO_ENTITY_RANKING,,,NOT_APPLICABLE_GLOBAL_BASELINE,HF9g-P5,,,,X 全窗基线 · 不参与实体赏罚,6875855,688,A168_HF9F_20260827_0900,2026-08-27 09:00:00
2026-04-07,146251531,2155,0,44.4988167634,16.7524957226,16.7524957226,0.3333333,3,3,0.50218230000000000,0.502182300000,-0.5849155494134425,-0.5849155494134426,-0.5849155494134425,0E-17,ELIGIBLE,R03b_20260811_FULL_v1,L1_ELIGIBILITY,v2026-08-11,2026-03-21..2026-08-06,baccarat_bet02_101_all_pairs_incl_sentinel,round_win = game_pnl > 0 (decisive only),COMPATIBILITY_ONLY_NOT_PRODUCTION,2222.0783,1942.3339,168.6201,202,197,-0.07588395,,-0.07588395,-0.07588395,-168.6201,2222.0783,OK,0.0000,6.7448,4.0000,96.0000,AG03-UNRESOLVED,ALL5_LEVELS_bet23_to_bet27,6.7448,6.7448,6.7448,6.7448,6.7448,4.000000,4.000000,4.000000,4.000000,4.000000,96.000000,96.000000,96.000000,96.000000,96.000000,5.0,33.7240,31.1319,134.8961,137.4882,PENDING_AG03,FALSE,NOT_FOR_ENFORCEMENT,161.8753,1864.6405,168.6201,161.8753,6.7448,0.07588395,0.07284860,6.7448,161.8753,0.07284860,6.7448,6.7448,6.7448,6.7448,6.7448,161.8753,0.07284860,33.7240,31.1319,134.8961,137.4882,0.06070716,0.0618737,0.00303536,11.0004,9.8596,0.8559,12.9708,1.4922,170.9291,15.1538,,11.0004,5.1747,7.8527,13.2323,25.7153,28.7934,38.5866,6.5439,0.0,3.666667,4.913779,1.400836,23,73,12,4,0E-8,0.07588395,,0E-8,0.000000,0.874107,0.064356,,2026-04-07,2026-06-29,13,113,95,84,0.154762,,,0.000000,,,,,,,,GLOBAL_BASELINE_NO_ENTITY_RANKING,,,NOT_APPLICABLE_GLOBAL_BASELINE,HF9g-P5,,,,X 全窗基线 · 不参与实体赏罚,6875856,688,A168_HF9F_20260827_0900,2026-08-27 09:00:00
2026-04-07,146251531,2198,0,16.2876139664,15.7611667883,15.7611667883,1.0000000,2,2,0.49994810000000000,0.499948100000,1.4143603653603398,1.4143603653603398,1.4143603653603398,0E-17,ELIGIBLE,R03b_20260811_FULL_v1,L1_ELIGIBILITY,v2026-08-11,2026-03-21..2026-08-06,baccarat_bet02_101_all_pairs_incl_sentinel,round_win = game_pnl > 0 (decisive only),COMPATIBILITY_ONLY_NOT_PRODUCTION,2222.0783,1942.3339,168.6201,202,197,-0.07588395,,-0.07588395,-0.07588395,-168.6201,2222.0783,OK,0.0000,6.7448,4.0000,96.0000,AG03-UNRESOLVED,ALL5_LEVELS_bet23_to_bet27,6.7448,6.7448,6.7448,6.7448,6.7448,4.000000,4.000000,4.000000,4.000000,4.000000,96.000000,96.000000,96.000000,96.000000,96.000000,5.0,33.7240,31.1319,134.8961,137.4882,PENDING_AG03,FALSE,NOT_FOR_ENFORCEMENT,161.8753,1864.6405,168.6201,161.8753,6.7448,0.07588395,0.07284860,6.7448,161.8753,0.07284860,6.7448,6.7448,6.7448,6.7448,6.7448,161.8753,0.07284860,33.7240,31.1319,134.8961,137.4882,0.06070716,0.0618737,0.00303536,11.0004,9.8596,0.8559,12.9708,1.4922,170.9291,15.1538,,11.0004,5.1747,7.8527,13.2323,25.7153,28.7934,38.5866,6.5439,0.0,3.666667,4.913779,1.400836,23,73,12,4,0E-8,0.07588395,,0E-8,0.000000,0.874107,0.064356,,2026-04-07,2026-06-29,13,113,95,84,0.154762,,,0.000000,,,,,,,,GLOBAL_BASELINE_NO_ENTITY_RANKING,,,NOT_APPLICABLE_GLOBAL_BASELINE,HF9g-P5,,,,X 全窗基线 · 不参与实体赏罚,6875857,688,A168_HF9F_20260827_0900,2026-08-27 09:00:00
2026-04-07,146251531,2248,0,7.8888549389,-2.7141398890,-2.7141398890,0.5000000,2,2,0.50665070000000000,0.506650700000,-0.018812684590367487,-0.018812684590367487,-0.018812684590367487,0E-17,ELIGIBLE,R03b_20260811_FULL_v1,L1_ELIGIBILITY,v2026-08-11,2026-03-21..2026-08-06,baccarat_bet02_101_all_pairs_incl_sentinel,round_win = game_pnl > 0 (decisive only),COMPATIBILITY_ONLY_NOT_PRODUCTION,2222.0783,1942.3339,168.6201,202,197,-0.07588395,,-0.07588395,-0.07588395,-168.6201,2222.0783,OK,0.0000,6.7448,4.0000,96.0000,AG03-UNRESOLVED,ALL5_LEVELS_bet23_to_bet27,6.7448,6.7448,6.7448,6.7448,6.7448,4.000000,4.000000,4.000000,4.000000,4.000000,96.000000,96.000000,96.000000,96.000000,96.000000,5.0,33.7240,31.1319,134.8961,137.4882,PENDING_AG03,FALSE,NOT_FOR_ENFORCEMENT,161.8753,1864.6405,168.6201,161.8753,6.7448,0.07588395,0.07284860,6.7448,161.8753,0.07284860,6.7448,6.7448,6.7448,6.7448,6.7448,161.8753,0.07284860,33.7240,31.1319,134.8961,137.4882,0.06070716,0.0618737,0.00303536,11.0004,9.8596,0.8559,12.9708,1.4922,170.9291,15.1538,,11.0004,5.1747,7.8527,13.2323,25.7153,28.7934,38.5866,6.5439,0.0,3.666667,4.913779,1.400836,23,73,12,4,0E-8,0.07588395,,0E-8,0.000000,0.874107,0.064356,,2026-04-07,2026-06-29,13,113,95,84,0.154762,,,0.000000,,,,,,,,GLOBAL_BASELINE_NO_ENTITY_RANKING,,,NOT_APPLICABLE_GLOBAL_BASELINE,HF9g-P5,,,,X 全窗基线 · 不参与实体赏罚,6875858,688,A168_HF9F_20260827_0900,2026-08-27 09:00:00
2026-04-07,146251531,2256,0,15.4031345437,0.0604660393,0.0604660393,0.5000000,3,3,0.50218230000000000,0.502182300000,-0.00617253530718887,-0.00617253530718887,-0.00617253530718887,0E-17,ELIGIBLE,R03b_20260811_FULL_v1,L1_ELIGIBILITY,v2026-08-11,2026-03-21..2026-08-06,baccarat_bet02_101_all_pairs_incl_sentinel,round_win = game_pnl > 0 (decisive only),COMPATIBILITY_ONLY_NOT_PRODUCTION,2222.0783,1942.3339,168.6201,202,197,-0.07588395,,-0.07588395,-0.07588395,-168.6201,2222.0783,OK,0.0000,6.7448,4.0000,96.0000,AG03-UNRESOLVED,ALL5_LEVELS_bet23_to_bet27,6.7448,6.7448,6.7448,6.7448,6.7448,4.000000,4.000000,4.000000,4.000000,4.000000,96.000000,96.000000,96.000000,96.000000,96.000000,5.0,33.7240,31.1319,134.8961,137.4882,PENDING_AG03,FALSE,NOT_FOR_ENFORCEMENT,161.8753,1864.6405,168.6201,161.8753,6.7448,0.07588395,0.07284860,6.7448,161.8753,0.07284860,6.7448,6.7448,6.7448,6.7448,6.7448,161.8753,0.07284860,33.7240,31.1319,134.8961,137.4882,0.06070716,0.0618737,0.00303536,11.0004,9.8596,0.8559,12.9708,1.4922,170.9291,15.1538,,11.0004,5.1747,7.8527,13.2323,25.7153,28.7934,38.5866,6.5439,0.0,3.666667,4.913779,1.400836,23,73,12,4,0E-8,0.07588395,,0E-8,0.000000,0.874107,0.064356,,2026-04-07,2026-06-29,13,113,95,84,0.154762,,,0.000000,,,,,,,,GLOBAL_BASELINE_NO_ENTITY_RANKING,,,NOT_APPLICABLE_GLOBAL_BASELINE,HF9g-P5,,,,X 全窗基线 · 不参与实体赏罚,6875859,688,A168_HF9F_20260827_0900,2026-08-27 09:00:00
2026-04-07,146251531,763,0,6.2821858960,-6.2821858960,-6.2821858960,0E-7,1,1,0.49324550000000000,0.493245500000,-0.9865810262130424,-0.9865810262130424,-0.9865810262130424,0E-17,ELIGIBLE,R03b_20260811_FULL_v1,L1_ELIGIBILITY,v2026-08-11,2026-03-21..2026-08-06,baccarat_bet02_101_all_pairs_incl_sentinel,round_win = game_pnl > 0 (decisive only),COMPATIBILITY_ONLY_NOT_PRODUCTION,2222.0783,1942.3339,168.6201,202,197,-0.07588395,,-0.07588395,-0.07588395,-168.6201,2222.0783,OK,0.0000,6.7448,4.0000,96.0000,AG03-UNRESOLVED,ALL5_LEVELS_bet23_to_bet27,6.7448,6.7448,6.7448,6.7448,6.7448,4.000000,4.000000,4.000000,4.000000,4.000000,96.000000,96.000000,96.000000,96.000000,96.000000,5.0,33.7240,31.1319,134.8961,137.4882,PENDING_AG03,FALSE,NOT_FOR_ENFORCEMENT,161.8753,1864.6405,168.6201,161.8753,6.7448,0.07588395,0.07284860,6.7448,161.8753,0.07284860,6.7448,6.7448,6.7448,6.7448,6.7448,161.8753,0.07284860,33.7240,31.1319,134.8961,137.4882,0.06070716,0.0618737,0.00303536,11.0004,9.8596,0.8559,12.9708,1.4922,170.9291,15.1538,,11.0004,5.1747,7.8527,13.2323,25.7153,28.7934,38.5866,6.5439,0.0,3.666667,4.913779,1.400836,23,73,12,4,0E-8,0.07588395,,0E-8,0.000000,0.874107,0.064356,,2026-04-07,2026-06-29,13,113,95,84,0.154762,,,0.000000,,,,,,,,GLOBAL_BASELINE_NO_ENTITY_RANKING,,,NOT_APPLICABLE_GLOBAL_BASELINE,HF9g-P5,,,,X 全窗基线 · 不参与实体赏罚,6875860,688,A168_HF9F_20260827_0900,2026-08-27 09:00:00
2026-04-08,146251531,1330,0,15.4437069944,1.9108315433,1.9108315433,0.5000000,2,2,0.50665070000000000,0.506650700000,-0.018812684590367487,-0.018812684590367487,-0.018812684590367487,0E-17,ELIGIBLE,R03b_20260811_FULL_v1,L1_ELIGIBILITY,v2026-08-11,2026-03-21..2026-08-06,baccarat_bet02_101_all_pairs_incl_sentinel,round_win = game_pnl > 0 (decisive only),COMPATIBILITY_ONLY_NOT_PRODUCTION,2222.0783,1942.3339,168.6201,202,197,-0.07588395,,-0.07588395,-0.07588395,-168.6201,2222.0783,OK,0.0000,6.7448,4.0000,96.0000,AG03-UNRESOLVED,ALL5_LEVELS_bet23_to_bet27,6.7448,6.7448,6.7448,6.7448,6.7448,4.000000,4.000000,4.000000,4.000000,4.000000,96.000000,96.000000,96.000000,96.000000,96.000000,5.0,33.7240,31.1319,134.8961,137.4882,PENDING_AG03,FALSE,NOT_FOR_ENFORCEMENT,161.8753,1864.6405,168.6201,161.8753,6.7448,0.07588395,0.07284860,6.7448,161.8753,0.07284860,6.7448,6.7448,6.7448,6.7448,6.7448,161.8753,0.07284860,33.7240,31.1319,134.8961,137.4882,0.06070716,0.0618737,0.00303536,11.0004,9.8596,0.8559,12.9708,1.4922,170.9291,15.1538,,11.0004,5.1747,7.8527,13.2323,25.7153,28.7934,38.5866,6.5439,0.0,3.666667,4.913779,1.400836,23,73,12,4,0E-8,0.07588395,,0E-8,0.000000,0.874107,0.064356,,2026-04-07,2026-06-29,13,113,95,84,0.154762,,,0.000000,,,,,,,,GLOBAL_BASELINE_NO_ENTITY_RANKING,,,NOT_APPLICABLE_GLOBAL_BASELINE,HF9g-P5,,,,X 全窗基线 · 不参与实体赏罚,6875861,688,A168_HF9F_20260827_0900,2026-08-27 09:00:00
2026-04-08,146251531,1383,0,13.0878872833,-13.0878872833,-13.0878872833,0E-7,1,1,0.49324550000000000,0.493245500000,-0.9865810262130424,-0.9865810262130424,-0.9865810262130424,0E-17,ELIGIBLE,R03b_20260811_FULL_v1,L1_ELIGIBILITY,v2026-08-11,2026-03-21..2026-08-06,baccarat_bet02_101_all_pairs_incl_sentinel,round_win = game_pnl > 0 (decisive only),COMPATIBILITY_ONLY_NOT_PRODUCTION,2222.0783,1942.3339,168.6201,202,197,-0.07588395,,-0.07588395,-0.07588395,-168.6201,2222.0783,OK,0.0000,6.7448,4.0000,96.0000,AG03-UNRESOLVED,ALL5_LEVELS_bet23_to_bet27,6.7448,6.7448,6.7448,6.7448,6.7448,4.000000,4.000000,4.000000,4.000000,4.000000,96.000000,96.000000,96.000000,96.000000,96.000000,5.0,33.7240,31.1319,134.8961,137.4882,PENDING_AG03,FALSE,NOT_FOR_ENFORCEMENT,161.8753,1864.6405,168.6201,161.8753,6.7448,0.07588395,0.07284860,6.7448,161.8753,0.07284860,6.7448,6.7448,6.7448,6.7448,6.7448,161.8753,0.07284860,33.7240,31.1319,134.8961,137.4882,0.06070716,0.0618737,0.00303536,11.0004,9.8596,0.8559,12.9708,1.4922,170.9291,15.1538,,11.0004,5.1747,7.8527,13.2323,25.7153,28.7934,38.5866,6.5439,0.0,3.666667,4.913779,1.400836,23,73,12,4,0E-8,0.07588395,,0E-8,0.000000,0.874107,0.064356,,2026-04-07,2026-06-29,13,113,95,84,0.154762,,,0.000000,,,,,,,,GLOBAL_BASELINE_NO_ENTITY_RANKING,,,NOT_APPLICABLE_GLOBAL_BASELINE,HF9g-P5,,,,X 全窗基线 · 不参与实体赏罚,6875862,688,A168_HF9F_20260827_0900,2026-08-27 09:00:00
2026-04-08,146251531,1400,0,17.5115931851,3.4290264683,3.4290264683,0.5000000,2,2,0.49994810000000000,0.499948100000,0.00014679536856514622,0.00014679536856514622,0.00014679536856514622,0E-17,ELIGIBLE,R03b_20260811_FULL_v1,L1_ELIGIBILITY,v2026-08-11,2026-03-21..2026-08-06,baccarat_bet02_101_all_pairs_incl_sentinel,round_win = game_pnl > 0 (decisive only),COMPATIBILITY_ONLY_NOT_PRODUCTION,2222.0783,1942.3339,168.6201,202,197,-0.07588395,,-0.07588395,-0.07588395,-168.6201,2222.0783,OK,0.0000,6.7448,4.0000,96.0000,AG03-UNRESOLVED,ALL5_LEVELS_bet23_to_bet27,6.7448,6.7448,6.7448,6.7448,6.7448,4.000000,4.000000,4.000000,4.000000,4.000000,96.000000,96.000000,96.000000,96.000000,96.000000,5.0,33.7240,31.1319,134.8961,137.4882,PENDING_AG03,FALSE,NOT_FOR_ENFORCEMENT,161.8753,1864.6405,168.6201,161.8753,6.7448,0.07588395,0.07284860,6.7448,161.8753,0.07284860,6.7448,6.7448,6.7448,6.7448,6.7448,161.8753,0.07284860,33.7240,31.1319,134.8961,137.4882,0.06070716,0.0618737,0.00303536,11.0004,9.8596,0.8559,12.9708,1.4922,170.9291,15.1538,,11.0004,5.1747,7.8527,13.2323,25.7153,28.7934,38.5866,6.5439,0.0,3.666667,4.913779,1.400836,23,73,12,4,0E-8,0.07588395,,0E-8,0.000000,0.874107,0.064356,,2026-04-07,2026-06-29,13,113,95,84,0.154762,,,0.000000,,,,,,,,GLOBAL_BASELINE_NO_ENTITY_RANKING,,,NOT_APPLICABLE_GLOBAL_BASELINE,HF9g-P5,,,,X 全窗基线 · 不参与实体赏罚,6875863,688,A168_HF9F_20260827_0900,2026-08-27 09:00:00
2026-04-08,146251531,1490,0,10.4703098267,0E-10,0E-10,,1,1,0.50665070000000000,0.506650700000,,,,0E-17,NO_DECISIVE_ROUND,R03b_20260811_FULL_v1,L1_ELIGIBILITY,v2026-08-11,2026-03-21..2026-08-06,baccarat_bet02_101_all_pairs_incl_sentinel,round_win = game_pnl > 0 (decisive only),COMPATIBILITY_ONLY_NOT_PRODUCTION,2222.0783,1942.3339,168.6201,202,197,-0.07588395,,-0.07588395,-0.07588395,-168.6201,2222.0783,OK,0.0000,6.7448,4.0000,96.0000,AG03-UNRESOLVED,ALL5_LEVELS_bet23_to_bet27,6.7448,6.7448,6.7448,6.7448,6.7448,4.000000,4.000000,4.000000,4.000000,4.000000,96.000000,96.000000,96.000000,96.000000,96.000000,5.0,33.7240,31.1319,134.8961,137.4882,PENDING_AG03,FALSE,NOT_FOR_ENFORCEMENT,161.8753,1864.6405,168.6201,161.8753,6.7448,0.07588395,0.07284860,6.7448,161.8753,0.07284860,6.7448,6.7448,6.7448,6.7448,6.7448,161.8753,0.07284860,33.7240,31.1319,134.8961,137.4882,0.06070716,0.0618737,0.00303536,11.0004,9.8596,0.8559,12.9708,1.4922,170.9291,15.1538,,11.0004,5.1747,7.8527,13.2323,25.7153,28.7934,38.5866,6.5439,0.0,3.666667,4.913779,1.400836,23,73,12,4,0E-8,0.07588395,,0E-8,0.000000,0.874107,0.064356,,2026-04-07,2026-06-29,13,113,95,84,0.154762,,,0.000000,,,,,,,,GLOBAL_BASELINE_NO_ENTITY_RANKING,,,NOT_APPLICABLE_GLOBAL_BASELINE,HF9g-P5,,,,X 全窗基线 · 不参与实体赏罚,6875864,688,A168_HF9F_20260827_0900,2026-08-27 09:00:00
2026-04-08,146251531,1646,0,10.4755449816,9.9517677325,9.9517677325,1.0000000,1,1,0.50665070000000000,0.506650700000,0.9867858985152569,0.9867858985152569,0.9867858985152569,0E-17,ELIGIBLE,R03b_20260811_FULL_v1,L1_ELIGIBILITY,v2026-08-11,2026-03-21..2026-08-06,baccarat_bet02_101_all_pairs_incl_sentinel,round_win = game_pnl > 0 (decisive only),COMPATIBILITY_ONLY_NOT_PRODUCTION,2222.0783,1942.3339,168.6201,202,197,-0.07588395,,-0.07588395,-0.07588395,-168.6201,2222.0783,OK,0.0000,6.7448,4.0000,96.0000,AG03-UNRESOLVED,ALL5_LEVELS_bet23_to_bet27,6.7448,6.7448,6.7448,6.7448,6.7448,4.000000,4.000000,4.000000,4.000000,4.000000,96.000000,96.000000,96.000000,96.000000,96.000000,5.0,33.7240,31.1319,134.8961,137.4882,PENDING_AG03,FALSE,NOT_FOR_ENFORCEMENT,161.8753,1864.6405,168.6201,161.8753,6.7448,0.07588395,0.07284860,6.7448,161.8753,0.07284860,6.7448,6.7448,6.7448,6.7448,6.7448,161.8753,0.07284860,33.7240,31.1319,134.8961,137.4882,0.06070716,0.0618737,0.00303536,11.0004,9.8596,0.8559,12.9708,1.4922,170.9291,15.1538,,11.0004,5.1747,7.8527,13.2323,25.7153,28.7934,38.5866,6.5439,0.0,3.666667,4.913779,1.400836,23,73,12,4,0E-8,0.07588395,,0E-8,0.000000,0.874107,0.064356,,2026-04-07,2026-06-29,13,113,95,84,0.154762,,,0.000000,,,,,,,,GLOBAL_BASELINE_NO_ENTITY_RANKING,,,NOT_APPLICABLE_GLOBAL_BASELINE,HF9g-P5,,,,X 全窗基线 · 不参与实体赏罚,6875865,688,A168_HF9F_20260827_0900,2026-08-27 09:00:00
2026-04-08,146251531,1985,0,10.4703098267,-10.4703098267,-10.4703098267,0E-7,1,1,0.50665070000000000,0.506650700000,-1.013391052207602,-1.013391052207602,-1.013391052207602,0E-17,ELIGIBLE,R03b_20260811_FULL_v1,L1_ELIGIBILITY,v2026-08-11,2026-03-21..2026-08-06,baccarat_bet02_101_all_pairs_incl_sentinel,round_win = game_pnl > 0 (decisive only),COMPATIBILITY_ONLY_NOT_PRODUCTION,2222.0783,1942.3339,168.6201,202,197,-0.07588395,,-0.07588395,-0.07588395,-168.6201,2222.0783,OK,0.0000,6.7448,4.0000,96.0000,AG03-UNRESOLVED,ALL5_LEVELS_bet23_to_bet27,6.7448,6.7448,6.7448,6.7448,6.7448,4.000000,4.000000,4.000000,4.000000,4.000000,96.000000,96.000000,96.000000,96.000000,96.000000,5.0,33.7240,31.1319,134.8961,137.4882,PENDING_AG03,FALSE,NOT_FOR_ENFORCEMENT,161.8753,1864.6405,168.6201,161.8753,6.7448,0.07588395,0.07284860,6.7448,161.8753,0.07284860,6.7448,6.7448,6.7448,6.7448,6.7448,161.8753,0.07284860,33.7240,31.1319,134.8961,137.4882,0.06070716,0.0618737,0.00303536,11.0004,9.8596,0.8559,12.9708,1.4922,170.9291,15.1538,,11.0004,5.1747,7.8527,13.2323,25.7153,28.7934,38.5866,6.5439,0.0,3.666667,4.913779,1.400836,23,73,12,4,0E-8,0.07588395,,0E-8,0.000000,0.874107,0.064356,,2026-04-07,2026-06-29,13,113,95,84,0.154762,,,0.000000,,,,,,,,GLOBAL_BASELINE_NO_ENTITY_RANKING,,,NOT_APPLICABLE_GLOBAL_BASELINE,HF9g-P5,,,,X 全窗基线 · 不参与实体赏罚,6875866,688,A168_HF9F_20260827_0900,2026-08-27 09:00:00
2026-04-08,146251531,2212,0,23.1655604915,22.7729238730,22.7729238730,1.0000000,2,2,0.49994810000000000,0.499948100000,1.4143603653603398,1.4143603653603398,1.4143603653603398,0E-17,ELIGIBLE,R03b_20260811_FULL_v1,L1_ELIGIBILITY,v2026-08-11,2026-03-21..2026-08-06,baccarat_bet02_101_all_pairs_incl_sentinel,round_win = game_pnl > 0 (decisive only),COMPATIBILITY_ONLY_NOT_PRODUCTION,2222.0783,1942.3339,168.6201,202,197,-0.07588395,,-0.07588395,-0.07588395,-168.6201,2222.0783,OK,0.0000,6.7448,4.0000,96.0000,AG03-UNRESOLVED,ALL5_LEVELS_bet23_to_bet27,6.7448,6.7448,6.7448,6.7448,6.7448,4.000000,4.000000,4.000000,4.000000,4.000000,96.000000,96.000000,96.000000,96.000000,96.000000,5.0,33.7240,31.1319,134.8961,137.4882,PENDING_AG03,FALSE,NOT_FOR_ENFORCEMENT,161.8753,1864.6405,168.6201,161.8753,6.7448,0.07588395,0.07284860,6.7448,161.8753,0.07284860,6.7448,6.7448,6.7448,6.7448,6.7448,161.8753,0.07284860,33.7240,31.1319,134.8961,137.4882,0.06070716,0.0618737,0.00303536,11.0004,9.8596,0.8559,12.9708,1.4922,170.9291,15.1538,,11.0004,5.1747,7.8527,13.2323,25.7153,28.7934,38.5866,6.5439,0.0,3.666667,4.913779,1.400836,23,73,12,4,0E-8,0.07588395,,0E-8,0.000000,0.874107,0.064356,,2026-04-07,2026-06-29,13,113,95,84,0.154762,,,0.000000,,,,,,,,GLOBAL_BASELINE_NO_ENTITY_RANKING,,,NOT_APPLICABLE_GLOBAL_BASELINE,HF9g-P5,,,,X 全窗基线 · 不参与实体赏罚,6875867,688,A168_HF9F_20260827_0900,2026-08-27 09:00:00
2026-04-08,146251531,2239,0,14.1349182660,-14.1349182660,-14.1349182660,0E-7,1,1,0.50665070000000000,0.506650700000,-1.013391052207602,-1.013391052207602,-1.013391052207602,0E-17,ELIGIBLE,R03b_20260811_FULL_v1,L1_ELIGIBILITY,v2026-08-11,2026-03-21..2026-08-06,baccarat_bet02_101_all_pairs_incl_sentinel,round_win = game_pnl > 0 (decisive only),COMPATIBILITY_ONLY_NOT_PRODUCTION,2222.0783,1942.3339,168.6201,202,197,-0.07588395,,-0.07588395,-0.07588395,-168.6201,2222.0783,OK,0.0000,6.7448,4.0000,96.0000,AG03-UNRESOLVED,ALL5_LEVELS_bet23_to_bet27,6.7448,6.7448,6.7448,6.7448,6.7448,4.000000,4.000000,4.000000,4.000000,4.000000,96.000000,96.000000,96.000000,96.000000,96.000000,5.0,33.7240,31.1319,134.8961,137.4882,PENDING_AG03,FALSE,NOT_FOR_ENFORCEMENT,161.8753,1864.6405,168.6201,161.8753,6.7448,0.07588395,0.07284860,6.7448,161.8753,0.07284860,6.7448,6.7448,6.7448,6.7448,6.7448,161.8753,0.07284860,33.7240,31.1319,134.8961,137.4882,0.06070716,0.0618737,0.00303536,11.0004,9.8596,0.8559,12.9708,1.4922,170.9291,15.1538,,11.0004,5.1747,7.8527,13.2323,25.7153,28.7934,38.5866,6.5439,0.0,3.666667,4.913779,1.400836,23,73,12,4,0E-8,0.07588395,,0E-8,0.000000,0.874107,0.064356,,2026-04-07,2026-06-29,13,113,95,84,0.154762,,,0.000000,,,,,,,,GLOBAL_BASELINE_NO_ENTITY_RANKING,,,NOT_APPLICABLE_GLOBAL_BASELINE,HF9g-P5,,,,X 全窗基线 · 不参与实体赏罚,6875868,688,A168_HF9F_20260827_0900,2026-08-27 09:00:00
2026-04-09,146251531,-1,1,52.3515491333,-13.0878872834,-13.0878872834,0.5000000,3,3,0.49771390000000000,0.497713900000,0.006466134837551399,0.0064661348375514,0.006466134837551399,0E-17,SENTINEL_DEALER,R03b_20260811_FULL_v1,L1_ELIGIBILITY,v2026-08-11,2026-03-21..2026-08-06,baccarat_bet02_101_all_pairs_incl_sentinel,round_win = game_pnl > 0 (decisive only),COMPATIBILITY_ONLY_NOT_PRODUCTION,2222.0783,1942.3339,168.6201,202,197,-0.07588395,,-0.07588395,-0.07588395,-168.6201,2222.0783,OK,0.0000,6.7448,4.0000,96.0000,AG03-UNRESOLVED,ALL5_LEVELS_bet23_to_bet27,6.7448,6.7448,6.7448,6.7448,6.7448,4.000000,4.000000,4.000000,4.000000,4.000000,96.000000,96.000000,96.000000,96.000000,96.000000,5.0,33.7240,31.1319,134.8961,137.4882,PENDING_AG03,FALSE,NOT_FOR_ENFORCEMENT,161.8753,1864.6405,168.6201,161.8753,6.7448,0.07588395,0.07284860,6.7448,161.8753,0.07284860,6.7448,6.7448,6.7448,6.7448,6.7448,161.8753,0.07284860,33.7240,31.1319,134.8961,137.4882,0.06070716,0.0618737,0.00303536,11.0004,9.8596,0.8559,12.9708,1.4922,170.9291,15.1538,,11.0004,5.1747,7.8527,13.2323,25.7153,28.7934,38.5866,6.5439,0.0,3.666667,4.913779,1.400836,23,73,12,4,0E-8,0.07588395,,0E-8,0.000000,0.874107,0.064356,,2026-04-07,2026-06-29,13,113,95,84,0.154762,,,0.000000,,,,,,,,GLOBAL_BASELINE_NO_ENTITY_RANKING,,,NOT_APPLICABLE_GLOBAL_BASELINE,HF9g-P5,,,,X 全窗基线 · 不参与实体赏罚,6875869,688,A168_HF9F_20260827_0900,2026-08-27 09:00:00
2026-04-09,146251531,1115,0,7.6433261735,-7.6433261735,-7.6433261735,0E-7,1,1,0.50665070000000000,0.506650700000,-1.013391052207602,-1.013391052207602,-1.013391052207602,0E-17,ELIGIBLE,R03b_20260811_FULL_v1,L1_ELIGIBILITY,v2026-08-11,2026-03-21..2026-08-06,baccarat_bet02_101_all_pairs_incl_sentinel,round_win = game_pnl > 0 (decisive only),COMPATIBILITY_ONLY_NOT_PRODUCTION,2222.0783,1942.3339,168.6201,202,197,-0.07588395,,-0.07588395,-0.07588395,-168.6201,2222.0783,OK,0.0000,6.7448,4.0000,96.0000,AG03-UNRESOLVED,ALL5_LEVELS_bet23_to_bet27,6.7448,6.7448,6.7448,6.7448,6.7448,4.000000,4.000000,4.000000,4.000000,4.000000,96.000000,96.000000,96.000000,96.000000,96.000000,5.0,33.7240,31.1319,134.8961,137.4882,PENDING_AG03,FALSE,NOT_FOR_ENFORCEMENT,161.8753,1864.6405,168.6201,161.8753,6.7448,0.07588395,0.07284860,6.7448,161.8753,0.07284860,6.7448,6.7448,6.7448,6.7448,6.7448,161.8753,0.07284860,33.7240,31.1319,134.8961,137.4882,0.06070716,0.0618737,0.00303536,11.0004,9.8596,0.8559,12.9708,1.4922,170.9291,15.1538,,11.0004,5.1747,7.8527,13.2323,25.7153,28.7934,38.5866,6.5439,0.0,3.666667,4.913779,1.400836,23,73,12,4,0E-8,0.07588395,,0E-8,0.000000,0.874107,0.064356,,2026-04-07,2026-06-29,13,113,95,84,0.154762,,,0.000000,,,,,,,,GLOBAL_BASELINE_NO_ENTITY_RANKING,,,NOT_APPLICABLE_GLOBAL_BASELINE,HF9g-P5,,,,X 全窗基线 · 不参与实体赏罚,6875870,688,A168_HF9F_20260827_0900,2026-08-27 09:00:00
2026-04-09,146251531,1210,0,55.2656981158,-4.3513691488,-4.3513691488,0.6666667,4,4,0.50329940000000000,0.503299400000,0.5659331339966515,0.5659331339966515,0.5659331339966515,0E-17,ELIGIBLE,R03b_20260811_FULL_v1,L1_ELIGIBILITY,v2026-08-11,2026-03-21..2026-08-06,baccarat_bet02_101_all_pairs_incl_sentinel,round_win = game_pnl > 0 (decisive only),COMPATIBILITY_ONLY_NOT_PRODUCTION,2222.0783,1942.3339,168.6201,202,197,-0.07588395,,-0.07588395,-0.07588395,-168.6201,2222.0783,OK,0.0000,6.7448,4.0000,96.0000,AG03-UNRESOLVED,ALL5_LEVELS_bet23_to_bet27,6.7448,6.7448,6.7448,6.7448,6.7448,4.000000,4.000000,4.000000,4.000000,4.000000,96.000000,96.000000,96.000000,96.000000,96.000000,5.0,33.7240,31.1319,134.8961,137.4882,PENDING_AG03,FALSE,NOT_FOR_ENFORCEMENT,161.8753,1864.6405,168.6201,161.8753,6.7448,0.07588395,0.07284860,6.7448,161.8753,0.07284860,6.7448,6.7448,6.7448,6.7448,6.7448,161.8753,0.07284860,33.7240,31.1319,134.8961,137.4882,0.06070716,0.0618737,0.00303536,11.0004,9.8596,0.8559,12.9708,1.4922,170.9291,15.1538,,11.0004,5.1747,7.8527,13.2323,25.7153,28.7934,38.5866,6.5439,0.0,3.666667,4.913779,1.400836,23,73,12,4,0E-8,0.07588395,,0E-8,0.000000,0.874107,0.064356,,2026-04-07,2026-06-29,13,113,95,84,0.154762,,,0.000000,,,,,,,,GLOBAL_BASELINE_NO_ENTITY_RANKING,,,NOT_APPLICABLE_GLOBAL_BASELINE,HF9g-P5,,,,X 全窗基线 · 不参与实体赏罚,6875871,688,A168_HF9F_20260827_0900,2026-08-27 09:00:00
2026-04-09,146251531,1330,0,40.4415717056,-22.5504297893,-22.5504297893,0.5000000,4,4,0.49994810000000000,0.499948100000,0.00020760000111838688,0.00020760000111838688,0.00020760000111838688,0E-17,ELIGIBLE,R03b_20260811_FULL_v1,L1_ELIGIBILITY,v2026-08-11,2026-03-21..2026-08-06,baccarat_bet02_101_all_pairs_incl_sentinel,round_win = game_pnl > 0 (decisive only),COMPATIBILITY_ONLY_NOT_PRODUCTION,2222.0783,1942.3339,168.6201,202,197,-0.07588395,,-0.07588395,-0.07588395,-168.6201,2222.0783,OK,0.0000,6.7448,4.0000,96.0000,AG03-UNRESOLVED,ALL5_LEVELS_bet23_to_bet27,6.7448,6.7448,6.7448,6.7448,6.7448,4.000000,4.000000,4.000000,4.000000,4.000000,96.000000,96.000000,96.000000,96.000000,96.000000,5.0,33.7240,31.1319,134.8961,137.4882,PENDING_AG03,FALSE,NOT_FOR_ENFORCEMENT,161.8753,1864.6405,168.6201,161.8753,6.7448,0.07588395,0.07284860,6.7448,161.8753,0.07284860,6.7448,6.7448,6.7448,6.7448,6.7448,161.8753,0.07284860,33.7240,31.1319,134.8961,137.4882,0.06070716,0.0618737,0.00303536,11.0004,9.8596,0.8559,12.9708,1.4922,170.9291,15.1538,,11.0004,5.1747,7.8527,13.2323,25.7153,28.7934,38.5866,6.5439,0.0,3.666667,4.913779,1.400836,23,73,12,4,0E-8,0.07588395,,0E-8,0.000000,0.874107,0.064356,,2026-04-07,2026-06-29,13,113,95,84,0.154762,,,0.000000,,,,,,,,GLOBAL_BASELINE_NO_ENTITY_RANKING,,,NOT_APPLICABLE_GLOBAL_BASELINE,HF9g-P5,,,,X 全窗基线 · 不参与实体赏罚,6875872,688,A168_HF9F_20260827_0900,2026-08-27 09:00:00
2026-04-09,146251531,1383,0,15.4437069943,-15.4437069943,-15.4437069943,0E-7,2,2,0.49994810000000000,0.499948100000,-1.4140667746232096,-1.4140667746232096,-1.4140667746232096,0E-17,ELIGIBLE,R03b_20260811_FULL_v1,L1_ELIGIBILITY,v2026-08-11,2026-03-21..2026-08-06,baccarat_bet02_101_all_pairs_incl_sentinel,round_win = game_pnl > 0 (decisive only),COMPATIBILITY_ONLY_NOT_PRODUCTION,2222.0783,1942.3339,168.6201,202,197,-0.07588395,,-0.07588395,-0.07588395,-168.6201,2222.0783,OK,0.0000,6.7448,4.0000,96.0000,AG03-UNRESOLVED,ALL5_LEVELS_bet23_to_bet27,6.7448,6.7448,6.7448,6.7448,6.7448,4.000000,4.000000,4.000000,4.000000,4.000000,96.000000,96.000000,96.000000,96.000000,96.000000,5.0,33.7240,31.1319,134.8961,137.4882,PENDING_AG03,FALSE,NOT_FOR_ENFORCEMENT,161.8753,1864.6405,168.6201,161.8753,6.7448,0.07588395,0.07284860,6.7448,161.8753,0.07284860,6.7448,6.7448,6.7448,6.7448,6.7448,161.8753,0.07284860,33.7240,31.1319,134.8961,137.4882,0.06070716,0.0618737,0.00303536,11.0004,9.8596,0.8559,12.9708,1.4922,170.9291,15.1538,,11.0004,5.1747,7.8527,13.2323,25.7153,28.7934,38.5866,6.5439,0.0,3.666667,4.913779,1.400836,23,73,12,4,0E-8,0.07588395,,0E-8,0.000000,0.874107,0.064356,,2026-04-07,2026-06-29,13,113,95,84,0.154762,,,0.000000,,,,,,,,GLOBAL_BASELINE_NO_ENTITY_RANKING,,,NOT_APPLICABLE_GLOBAL_BASELINE,HF9g-P5,,,,X 全窗基线 · 不参与实体赏罚,6875873,688,A168_HF9F_20260827_0900,2026-08-27 09:00:00
2026-04-09,146251531,1385,0,27.4845632951,-14.7238731938,-14.7238731938,0E-7,2,1,0.49643721428571893,0.499948100000,-0.9928996355193666,-0.9998962053866608,-0.9928996355193666,-0.00351088571428107,ELIGIBLE,R03b_20260811_FULL_v1,L1_ELIGIBILITY,v2026-08-11,2026-03-21..2026-08-06,baccarat_bet02_101_all_pairs_incl_sentinel,round_win = game_pnl > 0 (decisive only),COMPATIBILITY_ONLY_NOT_PRODUCTION,2222.0783,1942.3339,168.6201,202,197,-0.07588395,,-0.07588395,-0.07588395,-168.6201,2222.0783,OK,0.0000,6.7448,4.0000,96.0000,AG03-UNRESOLVED,ALL5_LEVELS_bet23_to_bet27,6.7448,6.7448,6.7448,6.7448,6.7448,4.000000,4.000000,4.000000,4.000000,4.000000,96.000000,96.000000,96.000000,96.000000,96.000000,5.0,33.7240,31.1319,134.8961,137.4882,PENDING_AG03,FALSE,NOT_FOR_ENFORCEMENT,161.8753,1864.6405,168.6201,161.8753,6.7448,0.07588395,0.07284860,6.7448,161.8753,0.07284860,6.7448,6.7448,6.7448,6.7448,6.7448,161.8753,0.07284860,33.7240,31.1319,134.8961,137.4882,0.06070716,0.0618737,0.00303536,11.0004,9.8596,0.8559,12.9708,1.4922,170.9291,15.1538,,11.0004,5.1747,7.8527,13.2323,25.7153,28.7934,38.5866,6.5439,0.0,3.666667,4.913779,1.400836,23,73,12,4,0E-8,0.07588395,,0E-8,0.000000,0.874107,0.064356,,2026-04-07,2026-06-29,13,113,95,84,0.154762,,,0.000000,,,,,,,,GLOBAL_BASELINE_NO_ENTITY_RANKING,,,NOT_APPLICABLE_GLOBAL_BASELINE,HF9g-P5,,,,X 全窗基线 · 不参与实体赏罚,6875874,688,A168_HF9F_20260827_0900,2026-08-27 09:00:00
2026-04-09,146251531,1402,0,79.9693471208,-5.4992684787,-5.4992684787,0.5000000,6,6,0.50441650000000000,0.504416500000,-0.01766668920767576,-0.017666689207675765,-0.01766668920767576,0E-17,ELIGIBLE,R03b_20260811_FULL_v1,L1_ELIGIBILITY,v2026-08-11,2026-03-21..2026-08-06,baccarat_bet02_101_all_pairs_incl_sentinel,round_win = game_pnl > 0 (decisive only),COMPATIBILITY_ONLY_NOT_PRODUCTION,2222.0783,1942.3339,168.6201,202,197,-0.07588395,,-0.07588395,-0.07588395,-168.6201,2222.0783,OK,0.0000,6.7448,4.0000,96.0000,AG03-UNRESOLVED,ALL5_LEVELS_bet23_to_bet27,6.7448,6.7448,6.7448,6.7448,6.7448,4.000000,4.000000,4.000000,4.000000,4.000000,96.000000,96.000000,96.000000,96.000000,96.000000,5.0,33.7240,31.1319,134.8961,137.4882,PENDING_AG03,FALSE,NOT_FOR_ENFORCEMENT,161.8753,1864.6405,168.6201,161.8753,6.7448,0.07588395,0.07284860,6.7448,161.8753,0.07284860,6.7448,6.7448,6.7448,6.7448,6.7448,161.8753,0.07284860,33.7240,31.1319,134.8961,137.4882,0.06070716,0.0618737,0.00303536,11.0004,9.8596,0.8559,12.9708,1.4922,170.9291,15.1538,,11.0004,5.1747,7.8527,13.2323,25.7153,28.7934,38.5866,6.5439,0.0,3.666667,4.913779,1.400836,23,73,12,4,0E-8,0.07588395,,0E-8,0.000000,0.874107,0.064356,,2026-04-07,2026-06-29,13,113,95,84,0.154762,,,0.000000,,,,,,,,GLOBAL_BASELINE_NO_ENTITY_RANKING,,,NOT_APPLICABLE_GLOBAL_BASELINE,HF9g-P5,,,,X 全窗基线 · 不参与实体赏罚,6875875,688,A168_HF9F_20260827_0900,2026-08-27 09:00:00
2026-04-09,146251531,1405,0,21.2023773991,7.5909746244,7.5909746244,0.7500000,4,4,0.49994810000000000,0.499948100000,1.0002076053883384,1.0002076053883384,1.0002076053883384,0E-17,ELIGIBLE,R03b_20260811_FULL_v1,L1_ELIGIBILITY,v2026-08-11,2026-03-21..2026-08-06,baccarat_bet02_101_all_pairs_incl_sentinel,round_win = game_pnl > 0 (decisive only),COMPATIBILITY_ONLY_NOT_PRODUCTION,2222.0783,1942.3339,168.6201,202,197,-0.07588395,,-0.07588395,-0.07588395,-168.6201,2222.0783,OK,0.0000,6.7448,4.0000,96.0000,AG03-UNRESOLVED,ALL5_LEVELS_bet23_to_bet27,6.7448,6.7448,6.7448,6.7448,6.7448,4.000000,4.000000,4.000000,4.000000,4.000000,96.000000,96.000000,96.000000,96.000000,96.000000,5.0,33.7240,31.1319,134.8961,137.4882,PENDING_AG03,FALSE,NOT_FOR_ENFORCEMENT,161.8753,1864.6405,168.6201,161.8753,6.7448,0.07588395,0.07284860,6.7448,161.8753,0.07284860,6.7448,6.7448,6.7448,6.7448,6.7448,161.8753,0.07284860,33.7240,31.1319,134.8961,137.4882,0.06070716,0.0618737,0.00303536,11.0004,9.8596,0.8559,12.9708,1.4922,170.9291,15.1538,,11.0004,5.1747,7.8527,13.2323,25.7153,28.7934,38.5866,6.5439,0.0,3.666667,4.913779,1.400836,23,73,12,4,0E-8,0.07588395,,0E-8,0.000000,0.874107,0.064356,,2026-04-07,2026-06-29,13,113,95,84,0.154762,,,0.000000,,,,,,,,GLOBAL_BASELINE_NO_ENTITY_RANKING,,,NOT_APPLICABLE_GLOBAL_BASELINE,HF9g-P5,,,,X 全窗基线 · 不参与实体赏罚,6875876,688,A168_HF9F_20260827_0900,2026-08-27 09:00:00
2026-04-09,146251531,1490,0,23.5581971100,23.5581971100,23.5581971100,1.0000000,1,1,0.49324550000000000,0.493245500000,1.01360149184955,1.01360149184955,1.01360149184955,0E-17,ELIGIBLE,R03b_20260811_FULL_v1,L1_ELIGIBILITY,v2026-08-11,2026-03-21..2026-08-06,baccarat_bet02_101_all_pairs_incl_sentinel,round_win = game_pnl > 0 (decisive only),COMPATIBILITY_ONLY_NOT_PRODUCTION,2222.0783,1942.3339,168.6201,202,197,-0.07588395,,-0.07588395,-0.07588395,-168.6201,2222.0783,OK,0.0000,6.7448,4.0000,96.0000,AG03-UNRESOLVED,ALL5_LEVELS_bet23_to_bet27,6.7448,6.7448,6.7448,6.7448,6.7448,4.000000,4.000000,4.000000,4.000000,4.000000,96.000000,96.000000,96.000000,96.000000,96.000000,5.0,33.7240,31.1319,134.8961,137.4882,PENDING_AG03,FALSE,NOT_FOR_ENFORCEMENT,161.8753,1864.6405,168.6201,161.8753,6.7448,0.07588395,0.07284860,6.7448,161.8753,0.07284860,6.7448,6.7448,6.7448,6.7448,6.7448,161.8753,0.07284860,33.7240,31.1319,134.8961,137.4882,0.06070716,0.0618737,0.00303536,11.0004,9.8596,0.8559,12.9708,1.4922,170.9291,15.1538,,11.0004,5.1747,7.8527,13.2323,25.7153,28.7934,38.5866,6.5439,0.0,3.666667,4.913779,1.400836,23,73,12,4,0E-8,0.07588395,,0E-8,0.000000,0.874107,0.064356,,2026-04-07,2026-06-29,13,113,95,84,0.154762,,,0.000000,,,,,,,,GLOBAL_BASELINE_NO_ENTITY_RANKING,,,NOT_APPLICABLE_GLOBAL_BASELINE,HF9g-P5,,,,X 全窗基线 · 不参与实体赏罚,6875877,688,A168_HF9F_20260827_0900,2026-08-27 09:00:00
2026-04-09,146251531,1646,0,13.0878872833,12.4334929192,12.4334929192,1.0000000,1,1,0.50665070000000000,0.506650700000,0.9867858985152569,0.9867858985152569,0.9867858985152569,0E-17,ELIGIBLE,R03b_20260811_FULL_v1,L1_ELIGIBILITY,v2026-08-11,2026-03-21..2026-08-06,baccarat_bet02_101_all_pairs_incl_sentinel,round_win = game_pnl > 0 (decisive only),COMPATIBILITY_ONLY_NOT_PRODUCTION,2222.0783,1942.3339,168.6201,202,197,-0.07588395,,-0.07588395,-0.07588395,-168.6201,2222.0783,OK,0.0000,6.7448,4.0000,96.0000,AG03-UNRESOLVED,ALL5_LEVELS_bet23_to_bet27,6.7448,6.7448,6.7448,6.7448,6.7448,4.000000,4.000000,4.000000,4.000000,4.000000,96.000000,96.000000,96.000000,96.000000,96.000000,5.0,33.7240,31.1319,134.8961,137.4882,PENDING_AG03,FALSE,NOT_FOR_ENFORCEMENT,161.8753,1864.6405,168.6201,161.8753,6.7448,0.07588395,0.07284860,6.7448,161.8753,0.07284860,6.7448,6.7448,6.7448,6.7448,6.7448,161.8753,0.07284860,33.7240,31.1319,134.8961,137.4882,0.06070716,0.0618737,0.00303536,11.0004,9.8596,0.8559,12.9708,1.4922,170.9291,15.1538,,11.0004,5.1747,7.8527,13.2323,25.7153,28.7934,38.5866,6.5439,0.0,3.666667,4.913779,1.400836,23,73,12,4,0E-8,0.07588395,,0E-8,0.000000,0.874107,0.064356,,2026-04-07,2026-06-29,13,113,95,84,0.154762,,,0.000000,,,,,,,,GLOBAL_BASELINE_NO_ENTITY_RANKING,,,NOT_APPLICABLE_GLOBAL_BASELINE,HF9g-P5,,,,X 全窗基线 · 不参与实体赏罚,6875878,688,A168_HF9F_20260827_0900,2026-08-27 09:00:00
2026-04-09,146251531,1750,0,21.1356291739,10.1320533798,10.1320533798,1.0000000,2,2,0.50665070000000000,0.506650700000,0.9867858985152569,0.9867858985152569,0.9867858985152569,0E-17,ELIGIBLE,R03b_20260811_FULL_v1,L1_ELIGIBILITY,v2026-08-11,2026-03-21..2026-08-06,baccarat_bet02_101_all_pairs_incl_sentinel,round_win = game_pnl > 0 (decisive only),COMPATIBILITY_ONLY_NOT_PRODUCTION,2222.0783,1942.3339,168.6201,202,197,-0.07588395,,-0.07588395,-0.07588395,-168.6201,2222.0783,OK,0.0000,6.7448,4.0000,96.0000,AG03-UNRESOLVED,ALL5_LEVELS_bet23_to_bet27,6.7448,6.7448,6.7448,6.7448,6.7448,4.000000,4.000000,4.000000,4.000000,4.000000,96.000000,96.000000,96.000000,96.000000,96.000000,5.0,33.7240,31.1319,134.8961,137.4882,PENDING_AG03,FALSE,NOT_FOR_ENFORCEMENT,161.8753,1864.6405,168.6201,161.8753,6.7448,0.07588395,0.07284860,6.7448,161.8753,0.07284860,6.7448,6.7448,6.7448,6.7448,6.7448,161.8753,0.07284860,33.7240,31.1319,134.8961,137.4882,0.06070716,0.0618737,0.00303536,11.0004,9.8596,0.8559,12.9708,1.4922,170.9291,15.1538,,11.0004,5.1747,7.8527,13.2323,25.7153,28.7934,38.5866,6.5439,0.0,3.666667,4.913779,1.400836,23,73,12,4,0E-8,0.07588395,,0E-8,0.000000,0.874107,0.064356,,2026-04-07,2026-06-29,13,113,95,84,0.154762,,,0.000000,,,,,,,,GLOBAL_BASELINE_NO_ENTITY_RANKING,,,NOT_APPLICABLE_GLOBAL_BASELINE,HF9g-P5,,,,X 全窗基线 · 不参与实体赏罚,6875879,688,A168_HF9F_20260827_0900,2026-08-27 09:00:00
2026-04-09,146251531,1947,0,6.8057013873,-6.8057013873,-6.8057013873,0E-7,1,1,0.50665070000000000,0.506650700000,-1.013391052207602,-1.013391052207602,-1.013391052207602,0E-17,ELIGIBLE,R03b_20260811_FULL_v1,L1_ELIGIBILITY,v2026-08-11,2026-03-21..2026-08-06,baccarat_bet02_101_all_pairs_incl_sentinel,round_win = game_pnl > 0 (decisive only),COMPATIBILITY_ONLY_NOT_PRODUCTION,2222.0783,1942.3339,168.6201,202,197,-0.07588395,,-0.07588395,-0.07588395,-168.6201,2222.0783,OK,0.0000,6.7448,4.0000,96.0000,AG03-UNRESOLVED,ALL5_LEVELS_bet23_to_bet27,6.7448,6.7448,6.7448,6.7448,6.7448,4.000000,4.000000,4.000000,4.000000,4.000000,96.000000,96.000000,96.000000,96.000000,96.000000,5.0,33.7240,31.1319,134.8961,137.4882,PENDING_AG03,FALSE,NOT_FOR_ENFORCEMENT,161.8753,1864.6405,168.6201,161.8753,6.7448,0.07588395,0.07284860,6.7448,161.8753,0.07284860,6.7448,6.7448,6.7448,6.7448,6.7448,161.8753,0.07284860,33.7240,31.1319,134.8961,137.4882,0.06070716,0.0618737,0.00303536,11.0004,9.8596,0.8559,12.9708,1.4922,170.9291,15.1538,,11.0004,5.1747,7.8527,13.2323,25.7153,28.7934,38.5866,6.5439,0.0,3.666667,4.913779,1.400836,23,73,12,4,0E-8,0.07588395,,0E-8,0.000000,0.874107,0.064356,,2026-04-07,2026-06-29,13,113,95,84,0.154762,,,0.000000,,,,,,,,GLOBAL_BASELINE_NO_ENTITY_RANKING,,,NOT_APPLICABLE_GLOBAL_BASELINE,HF9g-P5,,,,X 全窗基线 · 不参与实体赏罚,6875880,688,A168_HF9F_20260827_0900,2026-08-27 09:00:00
2026-04-09,146251531,2171,0,62.2237425112,36.9547622150,36.9547622150,0.8333333,10,8,0.48236501249988805,0.464781925000,1.7204570362944633,1.8100213569844197,1.7204570362944633,0.01758308749988805,ELIGIBLE,R03b_20260811_FULL_v1,L1_ELIGIBILITY,v2026-08-11,2026-03-21..2026-08-06,baccarat_bet02_101_all_pairs_incl_sentinel,round_win = game_pnl > 0 (decisive only),COMPATIBILITY_ONLY_NOT_PRODUCTION,2222.0783,1942.3339,168.6201,202,197,-0.07588395,,-0.07588395,-0.07588395,-168.6201,2222.0783,OK,0.0000,6.7448,4.0000,96.0000,AG03-UNRESOLVED,ALL5_LEVELS_bet23_to_bet27,6.7448,6.7448,6.7448,6.7448,6.7448,4.000000,4.000000,4.000000,4.000000,4.000000,96.000000,96.000000,96.000000,96.000000,96.000000,5.0,33.7240,31.1319,134.8961,137.4882,PENDING_AG03,FALSE,NOT_FOR_ENFORCEMENT,161.8753,1864.6405,168.6201,161.8753,6.7448,0.07588395,0.07284860,6.7448,161.8753,0.07284860,6.7448,6.7448,6.7448,6.7448,6.7448,161.8753,0.07284860,33.7240,31.1319,134.8961,137.4882,0.06070716,0.0618737,0.00303536,11.0004,9.8596,0.8559,12.9708,1.4922,170.9291,15.1538,,11.0004,5.1747,7.8527,13.2323,25.7153,28.7934,38.5866,6.5439,0.0,3.666667,4.913779,1.400836,23,73,12,4,0E-8,0.07588395,,0E-8,0.000000,0.874107,0.064356,,2026-04-07,2026-06-29,13,113,95,84,0.154762,,,0.000000,,,,,,,,GLOBAL_BASELINE_NO_ENTITY_RANKING,,,NOT_APPLICABLE_GLOBAL_BASELINE,HF9g-P5,,,,X 全窗基线 · 不参与实体赏罚,6875881,688,A168_HF9F_20260827_0900,2026-08-27 09:00:00
2026-04-09,146251531,2186,0,5.2351549133,5.2351549133,5.2351549133,1.0000000,1,1,0.50665070000000000,0.506650700000,0.9867858985152569,0.9867858985152569,0.9867858985152569,0E-17,ELIGIBLE,R03b_20260811_FULL_v1,L1_ELIGIBILITY,v2026-08-11,2026-03-21..2026-08-06,baccarat_bet02_101_all_pairs_incl_sentinel,round_win = game_pnl > 0 (decisive only),COMPATIBILITY_ONLY_NOT_PRODUCTION,2222.0783,1942.3339,168.6201,202,197,-0.07588395,,-0.07588395,-0.07588395,-168.6201,2222.0783,OK,0.0000,6.7448,4.0000,96.0000,AG03-UNRESOLVED,ALL5_LEVELS_bet23_to_bet27,6.7448,6.7448,6.7448,6.7448,6.7448,4.000000,4.000000,4.000000,4.000000,4.000000,96.000000,96.000000,96.000000,96.000000,96.000000,5.0,33.7240,31.1319,134.8961,137.4882,PENDING_AG03,FALSE,NOT_FOR_ENFORCEMENT,161.8753,1864.6405,168.6201,161.8753,6.7448,0.07588395,0.07284860,6.7448,161.8753,0.07284860,6.7448,6.7448,6.7448,6.7448,6.7448,161.8753,0.07284860,33.7240,31.1319,134.8961,137.4882,0.06070716,0.0618737,0.00303536,11.0004,9.8596,0.8559,12.9708,1.4922,170.9291,15.1538,,11.0004,5.1747,7.8527,13.2323,25.7153,28.7934,38.5866,6.5439,0.0,3.666667,4.913779,1.400836,23,73,12,4,0E-8,0.07588395,,0E-8,0.000000,0.874107,0.064356,,2026-04-07,2026-06-29,13,113,95,84,0.154762,,,0.000000,,,,,,,,GLOBAL_BASELINE_NO_ENTITY_RANKING,,,NOT_APPLICABLE_GLOBAL_BASELINE,HF9g-P5,,,,X 全窗基线 · 不参与实体赏罚,6875882,688,A168_HF9F_20260827_0900,2026-08-27 09:00:00
2026-04-09,146251531,2209,0,5.2351549133,0E-10,0E-10,,1,1,0.50665070000000000,0.506650700000,,,,0E-17,NO_DECISIVE_ROUND,R03b_20260811_FULL_v1,L1_ELIGIBILITY,v2026-08-11,2026-03-21..2026-08-06,baccarat_bet02_101_all_pairs_incl_sentinel,round_win = game_pnl > 0 (decisive only),COMPATIBILITY_ONLY_NOT_PRODUCTION,2222.0783,1942.3339,168.6201,202,197,-0.07588395,,-0.07588395,-0.07588395,-168.6201,2222.0783,OK,0.0000,6.7448,4.0000,96.0000,AG03-UNRESOLVED,ALL5_LEVELS_bet23_to_bet27,6.7448,6.7448,6.7448,6.7448,6.7448,4.000000,4.000000,4.000000,4.000000,4.000000,96.000000,96.000000,96.000000,96.000000,96.000000,5.0,33.7240,31.1319,134.8961,137.4882,PENDING_AG03,FALSE,NOT_FOR_ENFORCEMENT,161.8753,1864.6405,168.6201,161.8753,6.7448,0.07588395,0.07284860,6.7448,161.8753,0.07284860,6.7448,6.7448,6.7448,6.7448,6.7448,161.8753,0.07284860,33.7240,31.1319,134.8961,137.4882,0.06070716,0.0618737,0.00303536,11.0004,9.8596,0.8559,12.9708,1.4922,170.9291,15.1538,,11.0004,5.1747,7.8527,13.2323,25.7153,28.7934,38.5866,6.5439,0.0,3.666667,4.913779,1.400836,23,73,12,4,0E-8,0.07588395,,0E-8,0.000000,0.874107,0.064356,,2026-04-07,2026-06-29,13,113,95,84,0.154762,,,0.000000,,,,,,,,GLOBAL_BASELINE_NO_ENTITY_RANKING,,,NOT_APPLICABLE_GLOBAL_BASELINE,HF9g-P5,,,,X 全窗基线 · 不参与实体赏罚,6875883,688,A168_HF9F_20260827_0900,2026-08-27 09:00:00
2026-04-09,146251531,2224,0,10.4703098266,-10.4703098266,-10.4703098266,0E-7,2,2,0.50665070000000000,0.506650700000,-1.4331513700195317,-1.4331513700195317,-1.4331513700195317,0E-17,ELIGIBLE,R03b_20260811_FULL_v1,L1_ELIGIBILITY,v2026-08-11,2026-03-21..2026-08-06,baccarat_bet02_101_all_pairs_incl_sentinel,round_win = game_pnl > 0 (decisive only),COMPATIBILITY_ONLY_NOT_PRODUCTION,2222.0783,1942.3339,168.6201,202,197,-0.07588395,,-0.07588395,-0.07588395,-168.6201,2222.0783,OK,0.0000,6.7448,4.0000,96.0000,AG03-UNRESOLVED,ALL5_LEVELS_bet23_to_bet27,6.7448,6.7448,6.7448,6.7448,6.7448,4.000000,4.000000,4.000000,4.000000,4.000000,96.000000,96.000000,96.000000,96.000000,96.000000,5.0,33.7240,31.1319,134.8961,137.4882,PENDING_AG03,FALSE,NOT_FOR_ENFORCEMENT,161.8753,1864.6405,168.6201,161.8753,6.7448,0.07588395,0.07284860,6.7448,161.8753,0.07284860,6.7448,6.7448,6.7448,6.7448,6.7448,161.8753,0.07284860,33.7240,31.1319,134.8961,137.4882,0.06070716,0.0618737,0.00303536,11.0004,9.8596,0.8559,12.9708,1.4922,170.9291,15.1538,,11.0004,5.1747,7.8527,13.2323,25.7153,28.7934,38.5866,6.5439,0.0,3.666667,4.913779,1.400836,23,73,12,4,0E-8,0.07588395,,0E-8,0.000000,0.874107,0.064356,,2026-04-07,2026-06-29,13,113,95,84,0.154762,,,0.000000,,,,,,,,GLOBAL_BASELINE_NO_ENTITY_RANKING,,,NOT_APPLICABLE_GLOBAL_BASELINE,HF9g-P5,,,,X 全窗基线 · 不参与实体赏罚,6875884,688,A168_HF9F_20260827_0900,2026-08-27 09:00:00
2026-04-09,146251531,2246,0,27.4845632950,6.5439436416,6.5439436416,0.6666667,3,3,0.49324550000000000,0.493245500000,0.6008033672792107,0.6008033672792106,0.6008033672792107,0E-17,ELIGIBLE,R03b_20260811_FULL_v1,L1_ELIGIBILITY,v2026-08-11,2026-03-21..2026-08-06,baccarat_bet02_101_all_pairs_incl_sentinel,round_win = game_pnl > 0 (decisive only),COMPATIBILITY_ONLY_NOT_PRODUCTION,2222.0783,1942.3339,168.6201,202,197,-0.07588395,,-0.07588395,-0.07588395,-168.6201,2222.0783,OK,0.0000,6.7448,4.0000,96.0000,AG03-UNRESOLVED,ALL5_LEVELS_bet23_to_bet27,6.7448,6.7448,6.7448,6.7448,6.7448,4.000000,4.000000,4.000000,4.000000,4.000000,96.000000,96.000000,96.000000,96.000000,96.000000,5.0,33.7240,31.1319,134.8961,137.4882,PENDING_AG03,FALSE,NOT_FOR_ENFORCEMENT,161.8753,1864.6405,168.6201,161.8753,6.7448,0.07588395,0.07284860,6.7448,161.8753,0.07284860,6.7448,6.7448,6.7448,6.7448,6.7448,161.8753,0.07284860,33.7240,31.1319,134.8961,137.4882,0.06070716,0.0618737,0.00303536,11.0004,9.8596,0.8559,12.9708,1.4922,170.9291,15.1538,,11.0004,5.1747,7.8527,13.2323,25.7153,28.7934,38.5866,6.5439,0.0,3.666667,4.913779,1.400836,23,73,12,4,0E-8,0.07588395,,0E-8,0.000000,0.874107,0.064356,,2026-04-07,2026-06-29,13,113,95,84,0.154762,,,0.000000,,,,,,,,GLOBAL_BASELINE_NO_ENTITY_RANKING,,,NOT_APPLICABLE_GLOBAL_BASELINE,HF9g-P5,,,,X 全窗基线 · 不参与实体赏罚,6875885,688,A168_HF9F_20260827_0900,2026-08-27 09:00:00
2026-04-09,146251531,789,0,5.4694280957,5.1959566909,5.1959566909,1.0000000,1,1,0.50665070000000000,0.506650700000,0.9867858985152569,0.9867858985152569,0.9867858985152569,0E-17,ELIGIBLE,R03b_20260811_FULL_v1,L1_ELIGIBILITY,v2026-08-11,2026-03-21..2026-08-06,baccarat_bet02_101_all_pairs_incl_sentinel,round_win = game_pnl > 0 (decisive only),COMPATIBILITY_ONLY_NOT_PRODUCTION,2222.0783,1942.3339,168.6201,202,197,-0.07588395,,-0.07588395,-0.07588395,-168.6201,2222.0783,OK,0.0000,6.7448,4.0000,96.0000,AG03-UNRESOLVED,ALL5_LEVELS_bet23_to_bet27,6.7448,6.7448,6.7448,6.7448,6.7448,4.000000,4.000000,4.000000,4.000000,4.000000,96.000000,96.000000,96.000000,96.000000,96.000000,5.0,33.7240,31.1319,134.8961,137.4882,PENDING_AG03,FALSE,NOT_FOR_ENFORCEMENT,161.8753,1864.6405,168.6201,161.8753,6.7448,0.07588395,0.07284860,6.7448,161.8753,0.07284860,6.7448,6.7448,6.7448,6.7448,6.7448,161.8753,0.07284860,33.7240,31.1319,134.8961,137.4882,0.06070716,0.0618737,0.00303536,11.0004,9.8596,0.8559,12.9708,1.4922,170.9291,15.1538,,11.0004,5.1747,7.8527,13.2323,25.7153,28.7934,38.5866,6.5439,0.0,3.666667,4.913779,1.400836,23,73,12,4,0E-8,0.07588395,,0E-8,0.000000,0.874107,0.064356,,2026-04-07,2026-06-29,13,113,95,84,0.154762,,,0.000000,,,,,,,,GLOBAL_BASELINE_NO_ENTITY_RANKING,,,NOT_APPLICABLE_GLOBAL_BASELINE,HF9g-P5,,,,X 全窗基线 · 不参与实体赏罚,6875886,688,A168_HF9F_20260827_0900,2026-08-27 09:00:00
2026-04-09,146251531,919,0,3.9263661850,-3.9263661850,-3.9263661850,0E-7,1,1,0.50665070000000000,0.506650700000,-1.013391052207602,-1.013391052207602,-1.013391052207602,0E-17,ELIGIBLE,R03b_20260811_FULL_v1,L1_ELIGIBILITY,v2026-08-11,2026-03-21..2026-08-06,baccarat_bet02_101_all_pairs_incl_sentinel,round_win = game_pnl > 0 (decisive only),COMPATIBILITY_ONLY_NOT_PRODUCTION,2222.0783,1942.3339,168.6201,202,197,-0.07588395,,-0.07588395,-0.07588395,-168.6201,2222.0783,OK,0.0000,6.7448,4.0000,96.0000,AG03-UNRESOLVED,ALL5_LEVELS_bet23_to_bet27,6.7448,6.7448,6.7448,6.7448,6.7448,4.000000,4.000000,4.000000,4.000000,4.000000,96.000000,96.000000,96.000000,96.000000,96.000000,5.0,33.7240,31.1319,134.8961,137.4882,PENDING_AG03,FALSE,NOT_FOR_ENFORCEMENT,161.8753,1864.6405,168.6201,161.8753,6.7448,0.07588395,0.07284860,6.7448,161.8753,0.07284860,6.7448,6.7448,6.7448,6.7448,6.7448,161.8753,0.07284860,33.7240,31.1319,134.8961,137.4882,0.06070716,0.0618737,0.00303536,11.0004,9.8596,0.8559,12.9708,1.4922,170.9291,15.1538,,11.0004,5.1747,7.8527,13.2323,25.7153,28.7934,38.5866,6.5439,0.0,3.666667,4.913779,1.400836,23,73,12,4,0E-8,0.07588395,,0E-8,0.000000,0.874107,0.064356,,2026-04-07,2026-06-29,13,113,95,84,0.154762,,,0.000000,,,,,,,,GLOBAL_BASELINE_NO_ENTITY_RANKING,,,NOT_APPLICABLE_GLOBAL_BASELINE,HF9g-P5,,,,X 全窗基线 · 不参与实体赏罚,6875887,688,A168_HF9F_20260827_0900,2026-08-27 09:00:00
2026-04-11,146251531,1304,0,4.7116394220,4.7116394220,4.7116394220,1.0000000,1,1,0.49324550000000000,0.493245500000,1.01360149184955,1.01360149184955,1.01360149184955,0E-17,ELIGIBLE,R03b_20260811_FULL_v1,L1_ELIGIBILITY,v2026-08-11,2026-03-21..2026-08-06,baccarat_bet02_101_all_pairs_incl_sentinel,round_win = game_pnl > 0 (decisive only),COMPATIBILITY_ONLY_NOT_PRODUCTION,2222.0783,1942.3339,168.6201,202,197,-0.07588395,,-0.07588395,-0.07588395,-168.6201,2222.0783,OK,0.0000,6.7448,4.0000,96.0000,AG03-UNRESOLVED,ALL5_LEVELS_bet23_to_bet27,6.7448,6.7448,6.7448,6.7448,6.7448,4.000000,4.000000,4.000000,4.000000,4.000000,96.000000,96.000000,96.000000,96.000000,96.000000,5.0,33.7240,31.1319,134.8961,137.4882,PENDING_AG03,FALSE,NOT_FOR_ENFORCEMENT,161.8753,1864.6405,168.6201,161.8753,6.7448,0.07588395,0.07284860,6.7448,161.8753,0.07284860,6.7448,6.7448,6.7448,6.7448,6.7448,161.8753,0.07284860,33.7240,31.1319,134.8961,137.4882,0.06070716,0.0618737,0.00303536,11.0004,9.8596,0.8559,12.9708,1.4922,170.9291,15.1538,,11.0004,5.1747,7.8527,13.2323,25.7153,28.7934,38.5866,6.5439,0.0,3.666667,4.913779,1.400836,23,73,12,4,0E-8,0.07588395,,0E-8,0.000000,0.874107,0.064356,,2026-04-07,2026-06-29,13,113,95,84,0.154762,,,0.000000,,,,,,,,GLOBAL_BASELINE_NO_ENTITY_RANKING,,,NOT_APPLICABLE_GLOBAL_BASELINE,HF9g-P5,,,,X 全窗基线 · 不参与实体赏罚,6875888,688,A168_HF9F_20260827_0900,2026-08-27 09:00:00
2026-04-11,146251531,1385,0,2.8793352023,0E-10,0E-10,,1,1,0.49324550000000000,0.493245500000,,,,0E-17,NO_DECISIVE_ROUND,R03b_20260811_FULL_v1,L1_ELIGIBILITY,v2026-08-11,2026-03-21..2026-08-06,baccarat_bet02_101_all_pairs_incl_sentinel,round_win = game_pnl > 0 (decisive only),COMPATIBILITY_ONLY_NOT_PRODUCTION,2222.0783,1942.3339,168.6201,202,197,-0.07588395,,-0.07588395,-0.07588395,-168.6201,2222.0783,OK,0.0000,6.7448,4.0000,96.0000,AG03-UNRESOLVED,ALL5_LEVELS_bet23_to_bet27,6.7448,6.7448,6.7448,6.7448,6.7448,4.000000,4.000000,4.000000,4.000000,4.000000,96.000000,96.000000,96.000000,96.000000,96.000000,5.0,33.7240,31.1319,134.8961,137.4882,PENDING_AG03,FALSE,NOT_FOR_ENFORCEMENT,161.8753,1864.6405,168.6201,161.8753,6.7448,0.07588395,0.07284860,6.7448,161.8753,0.07284860,6.7448,6.7448,6.7448,6.7448,6.7448,161.8753,0.07284860,33.7240,31.1319,134.8961,137.4882,0.06070716,0.0618737,0.00303536,11.0004,9.8596,0.8559,12.9708,1.4922,170.9291,15.1538,,11.0004,5.1747,7.8527,13.2323,25.7153,28.7934,38.5866,6.5439,0.0,3.666667,4.913779,1.400836,23,73,12,4,0E-8,0.07588395,,0E-8,0.000000,0.874107,0.064356,,2026-04-07,2026-06-29,13,113,95,84,0.154762,,,0.000000,,,,,,,,GLOBAL_BASELINE_NO_ENTITY_RANKING,,,NOT_APPLICABLE_GLOBAL_BASELINE,HF9g-P5,,,,X 全窗基线 · 不参与实体赏罚,6875889,688,A168_HF9F_20260827_0900,2026-08-27 09:00:00
2026-04-11,146251531,2169,0,3.1107290495,3.1107290495,3.1107290495,1.0000000,1,1,0.49324550000000000,0.493245500000,1.01360149184955,1.01360149184955,1.01360149184955,0E-17,ELIGIBLE,R03b_20260811_FULL_v1,L1_ELIGIBILITY,v2026-08-11,2026-03-21..2026-08-06,baccarat_bet02_101_all_pairs_incl_sentinel,round_win = game_pnl > 0 (decisive only),COMPATIBILITY_ONLY_NOT_PRODUCTION,2222.0783,1942.3339,168.6201,202,197,-0.07588395,,-0.07588395,-0.07588395,-168.6201,2222.0783,OK,0.0000,6.7448,4.0000,96.0000,AG03-UNRESOLVED,ALL5_LEVELS_bet23_to_bet27,6.7448,6.7448,6.7448,6.7448,6.7448,4.000000,4.000000,4.000000,4.000000,4.000000,96.000000,96.000000,96.000000,96.000000,96.000000,5.0,33.7240,31.1319,134.8961,137.4882,PENDING_AG03,FALSE,NOT_FOR_ENFORCEMENT,161.8753,1864.6405,168.6201,161.8753,6.7448,0.07588395,0.07284860,6.7448,161.8753,0.07284860,6.7448,6.7448,6.7448,6.7448,6.7448,161.8753,0.07284860,33.7240,31.1319,134.8961,137.4882,0.06070716,0.0618737,0.00303536,11.0004,9.8596,0.8559,12.9708,1.4922,170.9291,15.1538,,11.0004,5.1747,7.8527,13.2323,25.7153,28.7934,38.5866,6.5439,0.0,3.666667,4.913779,1.400836,23,73,12,4,0E-8,0.07588395,,0E-8,0.000000,0.874107,0.064356,,2026-04-07,2026-06-29,13,113,95,84,0.154762,,,0.000000,,,,,,,,GLOBAL_BASELINE_NO_ENTITY_RANKING,,,NOT_APPLICABLE_GLOBAL_BASELINE,HF9g-P5,,,,X 全窗基线 · 不参与实体赏罚,6875890,688,A168_HF9F_20260827_0900,2026-08-27 09:00:00
2026-04-11,146251531,2196,0,6.2214580990,6.2214580990,6.2214580990,1.0000000,1,1,0.49324550000000000,0.493245500000,1.01360149184955,1.01360149184955,1.01360149184955,0E-17,ELIGIBLE,R03b_20260811_FULL_v1,L1_ELIGIBILITY,v2026-08-11,2026-03-21..2026-08-06,baccarat_bet02_101_all_pairs_incl_sentinel,round_win = game_pnl > 0 (decisive only),COMPATIBILITY_ONLY_NOT_PRODUCTION,2222.0783,1942.3339,168.6201,202,197,-0.07588395,,-0.07588395,-0.07588395,-168.6201,2222.0783,OK,0.0000,6.7448,4.0000,96.0000,AG03-UNRESOLVED,ALL5_LEVELS_bet23_to_bet27,6.7448,6.7448,6.7448,6.7448,6.7448,4.000000,4.000000,4.000000,4.000000,4.000000,96.000000,96.000000,96.000000,96.000000,96.000000,5.0,33.7240,31.1319,134.8961,137.4882,PENDING_AG03,FALSE,NOT_FOR_ENFORCEMENT,161.8753,1864.6405,168.6201,161.8753,6.7448,0.07588395,0.07284860,6.7448,161.8753,0.07284860,6.7448,6.7448,6.7448,6.7448,6.7448,161.8753,0.07284860,33.7240,31.1319,134.8961,137.4882,0.06070716,0.0618737,0.00303536,11.0004,9.8596,0.8559,12.9708,1.4922,170.9291,15.1538,,11.0004,5.1747,7.8527,13.2323,25.7153,28.7934,38.5866,6.5439,0.0,3.666667,4.913779,1.400836,23,73,12,4,0E-8,0.07588395,,0E-8,0.000000,0.874107,0.064356,,2026-04-07,2026-06-29,13,113,95,84,0.154762,,,0.000000,,,,,,,,GLOBAL_BASELINE_NO_ENTITY_RANKING,,,NOT_APPLICABLE_GLOBAL_BASELINE,HF9g-P5,,,,X 全窗基线 · 不参与实体赏罚,6875891,688,A168_HF9F_20260827_0900,2026-08-27 09:00:00
2026-04-11,146251531,2209,0,5.2351549133,5.2351549133,5.2351549133,1.0000000,1,1,0.49324550000000000,0.493245500000,1.01360149184955,1.01360149184955,1.01360149184955,0E-17,ELIGIBLE,R03b_20260811_FULL_v1,L1_ELIGIBILITY,v2026-08-11,2026-03-21..2026-08-06,baccarat_bet02_101_all_pairs_incl_sentinel,round_win = game_pnl > 0 (decisive only),COMPATIBILITY_ONLY_NOT_PRODUCTION,2222.0783,1942.3339,168.6201,202,197,-0.07588395,,-0.07588395,-0.07588395,-168.6201,2222.0783,OK,0.0000,6.7448,4.0000,96.0000,AG03-UNRESOLVED,ALL5_LEVELS_bet23_to_bet27,6.7448,6.7448,6.7448,6.7448,6.7448,4.000000,4.000000,4.000000,4.000000,4.000000,96.000000,96.000000,96.000000,96.000000,96.000000,5.0,33.7240,31.1319,134.8961,137.4882,PENDING_AG03,FALSE,NOT_FOR_ENFORCEMENT,161.8753,1864.6405,168.6201,161.8753,6.7448,0.07588395,0.07284860,6.7448,161.8753,0.07284860,6.7448,6.7448,6.7448,6.7448,6.7448,161.8753,0.07284860,33.7240,31.1319,134.8961,137.4882,0.06070716,0.0618737,0.00303536,11.0004,9.8596,0.8559,12.9708,1.4922,170.9291,15.1538,,11.0004,5.1747,7.8527,13.2323,25.7153,28.7934,38.5866,6.5439,0.0,3.666667,4.913779,1.400836,23,73,12,4,0E-8,0.07588395,,0E-8,0.000000,0.874107,0.064356,,2026-04-07,2026-06-29,13,113,95,84,0.154762,,,0.000000,,,,,,,,GLOBAL_BASELINE_NO_ENTITY_RANKING,,,NOT_APPLICABLE_GLOBAL_BASELINE,HF9g-P5,,,,X 全窗基线 · 不参与实体赏罚,6875892,688,A168_HF9F_20260827_0900,2026-08-27 09:00:00
2026-04-11,146251531,919,0,2.8793352023,-2.8793352023,-2.8793352023,0E-7,1,1,0.49324550000000000,0.493245500000,-0.9865810262130424,-0.9865810262130424,-0.9865810262130424,0E-17,ELIGIBLE,R03b_20260811_FULL_v1,L1_ELIGIBILITY,v2026-08-11,2026-03-21..2026-08-06,baccarat_bet02_101_all_pairs_incl_sentinel,round_win = game_pnl > 0 (decisive only),COMPATIBILITY_ONLY_NOT_PRODUCTION,2222.0783,1942.3339,168.6201,202,197,-0.07588395,,-0.07588395,-0.07588395,-168.6201,2222.0783,OK,0.0000,6.7448,4.0000,96.0000,AG03-UNRESOLVED,ALL5_LEVELS_bet23_to_bet27,6.7448,6.7448,6.7448,6.7448,6.7448,4.000000,4.000000,4.000000,4.000000,4.000000,96.000000,96.000000,96.000000,96.000000,96.000000,5.0,33.7240,31.1319,134.8961,137.4882,PENDING_AG03,FALSE,NOT_FOR_ENFORCEMENT,161.8753,1864.6405,168.6201,161.8753,6.7448,0.07588395,0.07284860,6.7448,161.8753,0.07284860,6.7448,6.7448,6.7448,6.7448,6.7448,161.8753,0.07284860,33.7240,31.1319,134.8961,137.4882,0.06070716,0.0618737,0.00303536,11.0004,9.8596,0.8559,12.9708,1.4922,170.9291,15.1538,,11.0004,5.1747,7.8527,13.2323,25.7153,28.7934,38.5866,6.5439,0.0,3.666667,4.913779,1.400836,23,73,12,4,0E-8,0.07588395,,0E-8,0.000000,0.874107,0.064356,,2026-04-07,2026-06-29,13,113,95,84,0.154762,,,0.000000,,,,,,,,GLOBAL_BASELINE_NO_ENTITY_RANKING,,,NOT_APPLICABLE_GLOBAL_BASELINE,HF9g-P5,,,,X 全窗基线 · 不参与实体赏罚,6875893,688,A168_HF9F_20260827_0900,2026-08-27 09:00:00
2026-04-11,146251531,948,0,6.5439436417,6.2167464596,6.2167464596,1.0000000,1,1,0.50665070000000000,0.506650700000,0.9867858985152569,0.9867858985152569,0.9867858985152569,0E-17,ELIGIBLE,R03b_20260811_FULL_v1,L1_ELIGIBILITY,v2026-08-11,2026-03-21..2026-08-06,baccarat_bet02_101_all_pairs_incl_sentinel,round_win = game_pnl > 0 (decisive only),COMPATIBILITY_ONLY_NOT_PRODUCTION,2222.0783,1942.3339,168.6201,202,197,-0.07588395,,-0.07588395,-0.07588395,-168.6201,2222.0783,OK,0.0000,6.7448,4.0000,96.0000,AG03-UNRESOLVED,ALL5_LEVELS_bet23_to_bet27,6.7448,6.7448,6.7448,6.7448,6.7448,4.000000,4.000000,4.000000,4.000000,4.000000,96.000000,96.000000,96.000000,96.000000,96.000000,5.0,33.7240,31.1319,134.8961,137.4882,PENDING_AG03,FALSE,NOT_FOR_ENFORCEMENT,161.8753,1864.6405,168.6201,161.8753,6.7448,0.07588395,0.07284860,6.7448,161.8753,0.07284860,6.7448,6.7448,6.7448,6.7448,6.7448,161.8753,0.07284860,33.7240,31.1319,134.8961,137.4882,0.06070716,0.0618737,0.00303536,11.0004,9.8596,0.8559,12.9708,1.4922,170.9291,15.1538,,11.0004,5.1747,7.8527,13.2323,25.7153,28.7934,38.5866,6.5439,0.0,3.666667,4.913779,1.400836,23,73,12,4,0E-8,0.07588395,,0E-8,0.000000,0.874107,0.064356,,2026-04-07,2026-06-29,13,113,95,84,0.154762,,,0.000000,,,,,,,,GLOBAL_BASELINE_NO_ENTITY_RANKING,,,NOT_APPLICABLE_GLOBAL_BASELINE,HF9g-P5,,,,X 全窗基线 · 不参与实体赏罚,6875894,688,A168_HF9F_20260827_0900,2026-08-27 09:00:00
2026-04-11,146251531,970,0,13.7501343799,0.6622470965,0.6622470965,0.5000000,2,2,0.49324550000000000,0.493245500000,0.01910635448239258,0.01910635448239258,0.01910635448239258,0E-17,ELIGIBLE,R03b_20260811_FULL_v1,L1_ELIGIBILITY,v2026-08-11,2026-03-21..2026-08-06,baccarat_bet02_101_all_pairs_incl_sentinel,round_win = game_pnl > 0 (decisive only),COMPATIBILITY_ONLY_NOT_PRODUCTION,2222.0783,1942.3339,168.6201,202,197,-0.07588395,,-0.07588395,-0.07588395,-168.6201,2222.0783,OK,0.0000,6.7448,4.0000,96.0000,AG03-UNRESOLVED,ALL5_LEVELS_bet23_to_bet27,6.7448,6.7448,6.7448,6.7448,6.7448,4.000000,4.000000,4.000000,4.000000,4.000000,96.000000,96.000000,96.000000,96.000000,96.000000,5.0,33.7240,31.1319,134.8961,137.4882,PENDING_AG03,FALSE,NOT_FOR_ENFORCEMENT,161.8753,1864.6405,168.6201,161.8753,6.7448,0.07588395,0.07284860,6.7448,161.8753,0.07284860,6.7448,6.7448,6.7448,6.7448,6.7448,161.8753,0.07284860,33.7240,31.1319,134.8961,137.4882,0.06070716,0.0618737,0.00303536,11.0004,9.8596,0.8559,12.9708,1.4922,170.9291,15.1538,,11.0004,5.1747,7.8527,13.2323,25.7153,28.7934,38.5866,6.5439,0.0,3.666667,4.913779,1.400836,23,73,12,4,0E-8,0.07588395,,0E-8,0.000000,0.874107,0.064356,,2026-04-07,2026-06-29,13,113,95,84,0.154762,,,0.000000,,,,,,,,GLOBAL_BASELINE_NO_ENTITY_RANKING,,,NOT_APPLICABLE_GLOBAL_BASELINE,HF9g-P5,,,,X 全窗基线 · 不参与实体赏罚,6875895,688,A168_HF9F_20260827_0900,2026-08-27 09:00:00
2026-04-29,146251531,1306,0,18.3230421966,-0.4580760549,-0.4580760549,0.3333333,3,3,0.50218230000000000,0.502182300000,-0.5849155494134425,-0.5849155494134426,-0.5849155494134425,0E-17,ELIGIBLE,R03b_20260811_FULL_v1,L1_ELIGIBILITY,v2026-08-11,2026-03-21..2026-08-06,baccarat_bet02_101_all_pairs_incl_sentinel,round_win = game_pnl > 0 (decisive only),COMPATIBILITY_ONLY_NOT_PRODUCTION,2222.0783,1942.3339,168.6201,202,197,-0.07588395,,-0.07588395,-0.07588395,-168.6201,2222.0783,OK,0.0000,6.7448,4.0000,96.0000,AG03-UNRESOLVED,ALL5_LEVELS_bet23_to_bet27,6.7448,6.7448,6.7448,6.7448,6.7448,4.000000,4.000000,4.000000,4.000000,4.000000,96.000000,96.000000,96.000000,96.000000,96.000000,5.0,33.7240,31.1319,134.8961,137.4882,PENDING_AG03,FALSE,NOT_FOR_ENFORCEMENT,161.8753,1864.6405,168.6201,161.8753,6.7448,0.07588395,0.07284860,6.7448,161.8753,0.07284860,6.7448,6.7448,6.7448,6.7448,6.7448,161.8753,0.07284860,33.7240,31.1319,134.8961,137.4882,0.06070716,0.0618737,0.00303536,11.0004,9.8596,0.8559,12.9708,1.4922,170.9291,15.1538,,11.0004,5.1747,7.8527,13.2323,25.7153,28.7934,38.5866,6.5439,0.0,3.666667,4.913779,1.400836,23,73,12,4,0E-8,0.07588395,,0E-8,0.000000,0.874107,0.064356,,2026-04-07,2026-06-29,13,113,95,84,0.154762,,,0.000000,,,,,,,,GLOBAL_BASELINE_NO_ENTITY_RANKING,,,NOT_APPLICABLE_GLOBAL_BASELINE,HF9g-P5,,,,X 全窗基线 · 不参与实体赏罚,6875896,688,A168_HF9F_20260827_0900,2026-08-27 09:00:00
2026-04-29,146251531,1318,0,36.5858801119,-5.2334534879,-5.2334534879,0.5000000,8,8,0.49994810000000000,0.499948100000,0.00029359073713029245,0.00029359073713029245,0.00029359073713029245,0E-17,ELIGIBLE,R03b_20260811_FULL_v1,L1_ELIGIBILITY,v2026-08-11,2026-03-21..2026-08-06,baccarat_bet02_101_all_pairs_incl_sentinel,round_win = game_pnl > 0 (decisive only),COMPATIBILITY_ONLY_NOT_PRODUCTION,2222.0783,1942.3339,168.6201,202,197,-0.07588395,,-0.07588395,-0.07588395,-168.6201,2222.0783,OK,0.0000,6.7448,4.0000,96.0000,AG03-UNRESOLVED,ALL5_LEVELS_bet23_to_bet27,6.7448,6.7448,6.7448,6.7448,6.7448,4.000000,4.000000,4.000000,4.000000,4.000000,96.000000,96.000000,96.000000,96.000000,96.000000,5.0,33.7240,31.1319,134.8961,137.4882,PENDING_AG03,FALSE,NOT_FOR_ENFORCEMENT,161.8753,1864.6405,168.6201,161.8753,6.7448,0.07588395,0.07284860,6.7448,161.8753,0.07284860,6.7448,6.7448,6.7448,6.7448,6.7448,161.8753,0.07284860,33.7240,31.1319,134.8961,137.4882,0.06070716,0.0618737,0.00303536,11.0004,9.8596,0.8559,12.9708,1.4922,170.9291,15.1538,,11.0004,5.1747,7.8527,13.2323,25.7153,28.7934,38.5866,6.5439,0.0,3.666667,4.913779,1.400836,23,73,12,4,0E-8,0.07588395,,0E-8,0.000000,0.874107,0.064356,,2026-04-07,2026-06-29,13,113,95,84,0.154762,,,0.000000,,,,,,,,GLOBAL_BASELINE_NO_ENTITY_RANKING,,,NOT_APPLICABLE_GLOBAL_BASELINE,HF9g-P5,,,,X 全窗基线 · 不参与实体赏罚,6875897,688,A168_HF9F_20260827_0900,2026-08-27 09:00:00
2026-04-29,146251531,1363,0,15.8410552522,-5.3681016723,-5.3681016723,0.3333333,3,3,0.50218230000000000,0.502182300000,-0.5849155494134425,-0.5849155494134426,-0.5849155494134425,0E-17,ELIGIBLE,R03b_20260811_FULL_v1,L1_ELIGIBILITY,v2026-08-11,2026-03-21..2026-08-06,baccarat_bet02_101_all_pairs_incl_sentinel,round_win = game_pnl > 0 (decisive only),COMPATIBILITY_ONLY_NOT_PRODUCTION,2222.0783,1942.3339,168.6201,202,197,-0.07588395,,-0.07588395,-0.07588395,-168.6201,2222.0783,OK,0.0000,6.7448,4.0000,96.0000,AG03-UNRESOLVED,ALL5_LEVELS_bet23_to_bet27,6.7448,6.7448,6.7448,6.7448,6.7448,4.000000,4.000000,4.000000,4.000000,4.000000,96.000000,96.000000,96.000000,96.000000,96.000000,5.0,33.7240,31.1319,134.8961,137.4882,PENDING_AG03,FALSE,NOT_FOR_ENFORCEMENT,161.8753,1864.6405,168.6201,161.8753,6.7448,0.07588395,0.07284860,6.7448,161.8753,0.07284860,6.7448,6.7448,6.7448,6.7448,6.7448,161.8753,0.07284860,33.7240,31.1319,134.8961,137.4882,0.06070716,0.0618737,0.00303536,11.0004,9.8596,0.8559,12.9708,1.4922,170.9291,15.1538,,11.0004,5.1747,7.8527,13.2323,25.7153,28.7934,38.5866,6.5439,0.0,3.666667,4.913779,1.400836,23,73,12,4,0E-8,0.07588395,,0E-8,0.000000,0.874107,0.064356,,2026-04-07,2026-06-29,13,113,95,84,0.154762,,,0.000000,,,,,,,,GLOBAL_BASELINE_NO_ENTITY_RANKING,,,NOT_APPLICABLE_GLOBAL_BASELINE,HF9g-P5,,,,X 全窗基线 · 不参与实体赏罚,6875898,688,A168_HF9F_20260827_0900,2026-08-27 09:00:00
2026-04-29,146251531,1714,0,10.4729274041,10.4729274041,10.4729274041,1.0000000,1,1,0.49324550000000000,0.493245500000,1.01360149184955,1.01360149184955,1.01360149184955,0E-17,ELIGIBLE,R03b_20260811_FULL_v1,L1_ELIGIBILITY,v2026-08-11,2026-03-21..2026-08-06,baccarat_bet02_101_all_pairs_incl_sentinel,round_win = game_pnl > 0 (decisive only),COMPATIBILITY_ONLY_NOT_PRODUCTION,2222.0783,1942.3339,168.6201,202,197,-0.07588395,,-0.07588395,-0.07588395,-168.6201,2222.0783,OK,0.0000,6.7448,4.0000,96.0000,AG03-UNRESOLVED,ALL5_LEVELS_bet23_to_bet27,6.7448,6.7448,6.7448,6.7448,6.7448,4.000000,4.000000,4.000000,4.000000,4.000000,96.000000,96.000000,96.000000,96.000000,96.000000,5.0,33.7240,31.1319,134.8961,137.4882,PENDING_AG03,FALSE,NOT_FOR_ENFORCEMENT,161.8753,1864.6405,168.6201,161.8753,6.7448,0.07588395,0.07284860,6.7448,161.8753,0.07284860,6.7448,6.7448,6.7448,6.7448,6.7448,161.8753,0.07284860,33.7240,31.1319,134.8961,137.4882,0.06070716,0.0618737,0.00303536,11.0004,9.8596,0.8559,12.9708,1.4922,170.9291,15.1538,,11.0004,5.1747,7.8527,13.2323,25.7153,28.7934,38.5866,6.5439,0.0,3.666667,4.913779,1.400836,23,73,12,4,0E-8,0.07588395,,0E-8,0.000000,0.874107,0.064356,,2026-04-07,2026-06-29,13,113,95,84,0.154762,,,0.000000,,,,,,,,GLOBAL_BASELINE_NO_ENTITY_RANKING,,,NOT_APPLICABLE_GLOBAL_BASELINE,HF9g-P5,,,,X 全窗基线 · 不参与实体赏罚,6875899,688,A168_HF9F_20260827_0900,2026-08-27 09:00:00
2026-04-29,146251531,2134,0,13.0878872833,-7.8527323700,-7.8527323700,0E-7,2,2,0.49994810000000000,0.499948100000,-0.9998962053866608,-0.9998962053866608,-0.9998962053866608,0E-17,ELIGIBLE,R03b_20260811_FULL_v1,L1_ELIGIBILITY,v2026-08-11,2026-03-21..2026-08-06,baccarat_bet02_101_all_pairs_incl_sentinel,round_win = game_pnl > 0 (decisive only),COMPATIBILITY_ONLY_NOT_PRODUCTION,2222.0783,1942.3339,168.6201,202,197,-0.07588395,,-0.07588395,-0.07588395,-168.6201,2222.0783,OK,0.0000,6.7448,4.0000,96.0000,AG03-UNRESOLVED,ALL5_LEVELS_bet23_to_bet27,6.7448,6.7448,6.7448,6.7448,6.7448,4.000000,4.000000,4.000000,4.000000,4.000000,96.000000,96.000000,96.000000,96.000000,96.000000,5.0,33.7240,31.1319,134.8961,137.4882,PENDING_AG03,FALSE,NOT_FOR_ENFORCEMENT,161.8753,1864.6405,168.6201,161.8753,6.7448,0.07588395,0.07284860,6.7448,161.8753,0.07284860,6.7448,6.7448,6.7448,6.7448,6.7448,161.8753,0.07284860,33.7240,31.1319,134.8961,137.4882,0.06070716,0.0618737,0.00303536,11.0004,9.8596,0.8559,12.9708,1.4922,170.9291,15.1538,,11.0004,5.1747,7.8527,13.2323,25.7153,28.7934,38.5866,6.5439,0.0,3.666667,4.913779,1.400836,23,73,12,4,0E-8,0.07588395,,0E-8,0.000000,0.874107,0.064356,,2026-04-07,2026-06-29,13,113,95,84,0.154762,,,0.000000,,,,,,,,GLOBAL_BASELINE_NO_ENTITY_RANKING,,,NOT_APPLICABLE_GLOBAL_BASELINE,HF9g-P5,,,,X 全窗基线 · 不参与实体赏罚,6875900,688,A168_HF9F_20260827_0900,2026-08-27 09:00:00
2026-04-29,146251531,2145,0,7.8527323700,0E-10,0E-10,0.5000000,2,2,0.49994810000000000,0.499948100000,0.00014679536856514622,0.00014679536856514622,0.00014679536856514622,0E-17,ELIGIBLE,R03b_20260811_FULL_v1,L1_ELIGIBILITY,v2026-08-11,2026-03-21..2026-08-06,baccarat_bet02_101_all_pairs_incl_sentinel,round_win = game_pnl > 0 (decisive only),COMPATIBILITY_ONLY_NOT_PRODUCTION,2222.0783,1942.3339,168.6201,202,197,-0.07588395,,-0.07588395,-0.07588395,-168.6201,2222.0783,OK,0.0000,6.7448,4.0000,96.0000,AG03-UNRESOLVED,ALL5_LEVELS_bet23_to_bet27,6.7448,6.7448,6.7448,6.7448,6.7448,4.000000,4.000000,4.000000,4.000000,4.000000,96.000000,96.000000,96.000000,96.000000,96.000000,5.0,33.7240,31.1319,134.8961,137.4882,PENDING_AG03,FALSE,NOT_FOR_ENFORCEMENT,161.8753,1864.6405,168.6201,161.8753,6.7448,0.07588395,0.07284860,6.7448,161.8753,0.07284860,6.7448,6.7448,6.7448,6.7448,6.7448,161.8753,0.07284860,33.7240,31.1319,134.8961,137.4882,0.06070716,0.0618737,0.00303536,11.0004,9.8596,0.8559,12.9708,1.4922,170.9291,15.1538,,11.0004,5.1747,7.8527,13.2323,25.7153,28.7934,38.5866,6.5439,0.0,3.666667,4.913779,1.400836,23,73,12,4,0E-8,0.07588395,,0E-8,0.000000,0.874107,0.064356,,2026-04-07,2026-06-29,13,113,95,84,0.154762,,,0.000000,,,,,,,,GLOBAL_BASELINE_NO_ENTITY_RANKING,,,NOT_APPLICABLE_GLOBAL_BASELINE,HF9g-P5,,,,X 全窗基线 · 不参与实体赏罚,6875901,688,A168_HF9F_20260827_0900,2026-08-27 09:00:00
2026-04-29,146251531,2246,0,33.5214821833,-17.8042383448,-17.8042383448,0.2000000,6,6,0.49771390000000000,0.497713900000,-1.3314309533564708,-1.3314309533564703,-1.3314309533564708,0E-17,ELIGIBLE,R03b_20260811_FULL_v1,L1_ELIGIBILITY,v2026-08-11,2026-03-21..2026-08-06,baccarat_bet02_101_all_pairs_incl_sentinel,round_win = game_pnl > 0 (decisive only),COMPATIBILITY_ONLY_NOT_PRODUCTION,2222.0783,1942.3339,168.6201,202,197,-0.07588395,,-0.07588395,-0.07588395,-168.6201,2222.0783,OK,0.0000,6.7448,4.0000,96.0000,AG03-UNRESOLVED,ALL5_LEVELS_bet23_to_bet27,6.7448,6.7448,6.7448,6.7448,6.7448,4.000000,4.000000,4.000000,4.000000,4.000000,96.000000,96.000000,96.000000,96.000000,96.000000,5.0,33.7240,31.1319,134.8961,137.4882,PENDING_AG03,FALSE,NOT_FOR_ENFORCEMENT,161.8753,1864.6405,168.6201,161.8753,6.7448,0.07588395,0.07284860,6.7448,161.8753,0.07284860,6.7448,6.7448,6.7448,6.7448,6.7448,161.8753,0.07284860,33.7240,31.1319,134.8961,137.4882,0.06070716,0.0618737,0.00303536,11.0004,9.8596,0.8559,12.9708,1.4922,170.9291,15.1538,,11.0004,5.1747,7.8527,13.2323,25.7153,28.7934,38.5866,6.5439,0.0,3.666667,4.913779,1.400836,23,73,12,4,0E-8,0.07588395,,0E-8,0.000000,0.874107,0.064356,,2026-04-07,2026-06-29,13,113,95,84,0.154762,,,0.000000,,,,,,,,GLOBAL_BASELINE_NO_ENTITY_RANKING,,,NOT_APPLICABLE_GLOBAL_BASELINE,HF9g-P5,,,,X 全窗基线 · 不参与实体赏罚,6875902,688,A168_HF9F_20260827_0900,2026-08-27 09:00:00
2026-05-30,146251531,1507,0,39.0560693165,-25.9457047210,-25.9457047210,0E-7,2,2,0.50665070000000000,0.506650700000,-1.013391052207602,-1.013391052207602,-1.013391052207602,0E-17,ELIGIBLE,R03b_20260811_FULL_v1,L1_ELIGIBILITY,v2026-08-11,2026-03-21..2026-08-06,baccarat_bet02_101_all_pairs_incl_sentinel,round_win = game_pnl > 0 (decisive only),COMPATIBILITY_ONLY_NOT_PRODUCTION,2222.0783,1942.3339,168.6201,202,197,-0.07588395,,-0.07588395,-0.07588395,-168.6201,2222.0783,OK,0.0000,6.7448,4.0000,96.0000,AG03-UNRESOLVED,ALL5_LEVELS_bet23_to_bet27,6.7448,6.7448,6.7448,6.7448,6.7448,4.000000,4.000000,4.000000,4.000000,4.000000,96.000000,96.000000,96.000000,96.000000,96.000000,5.0,33.7240,31.1319,134.8961,137.4882,PENDING_AG03,FALSE,NOT_FOR_ENFORCEMENT,161.8753,1864.6405,168.6201,161.8753,6.7448,0.07588395,0.07284860,6.7448,161.8753,0.07284860,6.7448,6.7448,6.7448,6.7448,6.7448,161.8753,0.07284860,33.7240,31.1319,134.8961,137.4882,0.06070716,0.0618737,0.00303536,11.0004,9.8596,0.8559,12.9708,1.4922,170.9291,15.1538,,11.0004,5.1747,7.8527,13.2323,25.7153,28.7934,38.5866,6.5439,0.0,3.666667,4.913779,1.400836,23,73,12,4,0E-8,0.07588395,,0E-8,0.000000,0.874107,0.064356,,2026-04-07,2026-06-29,13,113,95,84,0.154762,,,0.000000,,,,,,,,GLOBAL_BASELINE_NO_ENTITY_RANKING,,,NOT_APPLICABLE_GLOBAL_BASELINE,HF9g-P5,,,,X 全窗基线 · 不参与实体赏罚,6875903,688,A168_HF9F_20260827_0900,2026-08-27 09:00:00
2026-05-30,146251531,1963,0,13.1103645955,13.1103645955,13.1103645955,1.0000000,1,1,0.49324550000000000,0.493245500000,1.01360149184955,1.01360149184955,1.01360149184955,0E-17,ELIGIBLE,R03b_20260811_FULL_v1,L1_ELIGIBILITY,v2026-08-11,2026-03-21..2026-08-06,baccarat_bet02_101_all_pairs_incl_sentinel,round_win = game_pnl > 0 (decisive only),COMPATIBILITY_ONLY_NOT_PRODUCTION,2222.0783,1942.3339,168.6201,202,197,-0.07588395,,-0.07588395,-0.07588395,-168.6201,2222.0783,OK,0.0000,6.7448,4.0000,96.0000,AG03-UNRESOLVED,ALL5_LEVELS_bet23_to_bet27,6.7448,6.7448,6.7448,6.7448,6.7448,4.000000,4.000000,4.000000,4.000000,4.000000,96.000000,96.000000,96.000000,96.000000,96.000000,5.0,33.7240,31.1319,134.8961,137.4882,PENDING_AG03,FALSE,NOT_FOR_ENFORCEMENT,161.8753,1864.6405,168.6201,161.8753,6.7448,0.07588395,0.07284860,6.7448,161.8753,0.07284860,6.7448,6.7448,6.7448,6.7448,6.7448,161.8753,0.07284860,33.7240,31.1319,134.8961,137.4882,0.06070716,0.0618737,0.00303536,11.0004,9.8596,0.8559,12.9708,1.4922,170.9291,15.1538,,11.0004,5.1747,7.8527,13.2323,25.7153,28.7934,38.5866,6.5439,0.0,3.666667,4.913779,1.400836,23,73,12,4,0E-8,0.07588395,,0E-8,0.000000,0.874107,0.064356,,2026-04-07,2026-06-29,13,113,95,84,0.154762,,,0.000000,,,,,,,,GLOBAL_BASELINE_NO_ENTITY_RANKING,,,NOT_APPLICABLE_GLOBAL_BASELINE,HF9g-P5,,,,X 全窗基线 · 不参与实体赏罚,6875904,688,A168_HF9F_20260827_0900,2026-08-27 09:00:00
2026-05-30,146251531,2124,0,5.4485979914,5.4485979914,5.4485979914,1.0000000,1,1,0.49324550000000000,0.493245500000,1.01360149184955,1.01360149184955,1.01360149184955,0E-17,ELIGIBLE,R03b_20260811_FULL_v1,L1_ELIGIBILITY,v2026-08-11,2026-03-21..2026-08-06,baccarat_bet02_101_all_pairs_incl_sentinel,round_win = game_pnl > 0 (decisive only),COMPATIBILITY_ONLY_NOT_PRODUCTION,2222.0783,1942.3339,168.6201,202,197,-0.07588395,,-0.07588395,-0.07588395,-168.6201,2222.0783,OK,0.0000,6.7448,4.0000,96.0000,AG03-UNRESOLVED,ALL5_LEVELS_bet23_to_bet27,6.7448,6.7448,6.7448,6.7448,6.7448,4.000000,4.000000,4.000000,4.000000,4.000000,96.000000,96.000000,96.000000,96.000000,96.000000,5.0,33.7240,31.1319,134.8961,137.4882,PENDING_AG03,FALSE,NOT_FOR_ENFORCEMENT,161.8753,1864.6405,168.6201,161.8753,6.7448,0.07588395,0.07284860,6.7448,161.8753,0.07284860,6.7448,6.7448,6.7448,6.7448,6.7448,161.8753,0.07284860,33.7240,31.1319,134.8961,137.4882,0.06070716,0.0618737,0.00303536,11.0004,9.8596,0.8559,12.9708,1.4922,170.9291,15.1538,,11.0004,5.1747,7.8527,13.2323,25.7153,28.7934,38.5866,6.5439,0.0,3.666667,4.913779,1.400836,23,73,12,4,0E-8,0.07588395,,0E-8,0.000000,0.874107,0.064356,,2026-04-07,2026-06-29,13,113,95,84,0.154762,,,0.000000,,,,,,,,GLOBAL_BASELINE_NO_ENTITY_RANKING,,,NOT_APPLICABLE_GLOBAL_BASELINE,HF9g-P5,,,,X 全窗基线 · 不参与实体赏罚,6875905,688,A168_HF9F_20260827_0900,2026-08-27 09:00:00
2026-05-30,146251531,2222,0,31.9132168068,-6.6161547038,-6.6161547038,0.5000000,2,2,0.50665070000000000,0.506650700000,-0.018812684590367487,-0.018812684590367487,-0.018812684590367487,0E-17,ELIGIBLE,R03b_20260811_FULL_v1,L1_ELIGIBILITY,v2026-08-11,2026-03-21..2026-08-06,baccarat_bet02_101_all_pairs_incl_sentinel,round_win = game_pnl > 0 (decisive only),COMPATIBILITY_ONLY_NOT_PRODUCTION,2222.0783,1942.3339,168.6201,202,197,-0.07588395,,-0.07588395,-0.07588395,-168.6201,2222.0783,OK,0.0000,6.7448,4.0000,96.0000,AG03-UNRESOLVED,ALL5_LEVELS_bet23_to_bet27,6.7448,6.7448,6.7448,6.7448,6.7448,4.000000,4.000000,4.000000,4.000000,4.000000,96.000000,96.000000,96.000000,96.000000,96.000000,5.0,33.7240,31.1319,134.8961,137.4882,PENDING_AG03,FALSE,NOT_FOR_ENFORCEMENT,161.8753,1864.6405,168.6201,161.8753,6.7448,0.07588395,0.07284860,6.7448,161.8753,0.07284860,6.7448,6.7448,6.7448,6.7448,6.7448,161.8753,0.07284860,33.7240,31.1319,134.8961,137.4882,0.06070716,0.0618737,0.00303536,11.0004,9.8596,0.8559,12.9708,1.4922,170.9291,15.1538,,11.0004,5.1747,7.8527,13.2323,25.7153,28.7934,38.5866,6.5439,0.0,3.666667,4.913779,1.400836,23,73,12,4,0E-8,0.07588395,,0E-8,0.000000,0.874107,0.064356,,2026-04-07,2026-06-29,13,113,95,84,0.154762,,,0.000000,,,,,,,,GLOBAL_BASELINE_NO_ENTITY_RANKING,,,NOT_APPLICABLE_GLOBAL_BASELINE,HF9g-P5,,,,X 全窗基线 · 不参与实体赏罚,6875906,688,A168_HF9F_20260827_0900,2026-08-27 09:00:00
2026-05-30,146251531,2229,0,13.2323094077,-13.2323094077,-13.2323094077,0E-7,1,1,0.50665070000000000,0.506650700000,-1.013391052207602,-1.013391052207602,-1.013391052207602,0E-17,ELIGIBLE,R03b_20260811_FULL_v1,L1_ELIGIBILITY,v2026-08-11,2026-03-21..2026-08-06,baccarat_bet02_101_all_pairs_incl_sentinel,round_win = game_pnl > 0 (decisive only),COMPATIBILITY_ONLY_NOT_PRODUCTION,2222.0783,1942.3339,168.6201,202,197,-0.07588395,,-0.07588395,-0.07588395,-168.6201,2222.0783,OK,0.0000,6.7448,4.0000,96.0000,AG03-UNRESOLVED,ALL5_LEVELS_bet23_to_bet27,6.7448,6.7448,6.7448,6.7448,6.7448,4.000000,4.000000,4.000000,4.000000,4.000000,96.000000,96.000000,96.000000,96.000000,96.000000,5.0,33.7240,31.1319,134.8961,137.4882,PENDING_AG03,FALSE,NOT_FOR_ENFORCEMENT,161.8753,1864.6405,168.6201,161.8753,6.7448,0.07588395,0.07284860,6.7448,161.8753,0.07284860,6.7448,6.7448,6.7448,6.7448,6.7448,161.8753,0.07284860,33.7240,31.1319,134.8961,137.4882,0.06070716,0.0618737,0.00303536,11.0004,9.8596,0.8559,12.9708,1.4922,170.9291,15.1538,,11.0004,5.1747,7.8527,13.2323,25.7153,28.7934,38.5866,6.5439,0.0,3.666667,4.913779,1.400836,23,73,12,4,0E-8,0.07588395,,0E-8,0.000000,0.874107,0.064356,,2026-04-07,2026-06-29,13,113,95,84,0.154762,,,0.000000,,,,,,,,GLOBAL_BASELINE_NO_ENTITY_RANKING,,,NOT_APPLICABLE_GLOBAL_BASELINE,HF9g-P5,,,,X 全窗基线 · 不参与实体赏罚,6875907,688,A168_HF9F_20260827_0900,2026-08-27 09:00:00
2026-06-09,146251531,987,0,16.1260924135,-0.3456656581,-0.3456656581,0.5000000,6,6,0.49994810000000000,0.499948100000,0.00025425703667063243,0.00025425703667063243,0.00025425703667063243,0E-17,ELIGIBLE,R03b_20260811_FULL_v1,L1_ELIGIBILITY,v2026-08-11,2026-03-21..2026-08-06,baccarat_bet02_101_all_pairs_incl_sentinel,round_win = game_pnl > 0 (decisive only),COMPATIBILITY_ONLY_NOT_PRODUCTION,2222.0783,1942.3339,168.6201,202,197,-0.07588395,,-0.07588395,-0.07588395,-168.6201,2222.0783,OK,0.0000,6.7448,4.0000,96.0000,AG03-UNRESOLVED,ALL5_LEVELS_bet23_to_bet27,6.7448,6.7448,6.7448,6.7448,6.7448,4.000000,4.000000,4.000000,4.000000,4.000000,96.000000,96.000000,96.000000,96.000000,96.000000,5.0,33.7240,31.1319,134.8961,137.4882,PENDING_AG03,FALSE,NOT_FOR_ENFORCEMENT,161.8753,1864.6405,168.6201,161.8753,6.7448,0.07588395,0.07284860,6.7448,161.8753,0.07284860,6.7448,6.7448,6.7448,6.7448,6.7448,161.8753,0.07284860,33.7240,31.1319,134.8961,137.4882,0.06070716,0.0618737,0.00303536,11.0004,9.8596,0.8559,12.9708,1.4922,170.9291,15.1538,,11.0004,5.1747,7.8527,13.2323,25.7153,28.7934,38.5866,6.5439,0.0,3.666667,4.913779,1.400836,23,73,12,4,0E-8,0.07588395,,0E-8,0.000000,0.874107,0.064356,,2026-04-07,2026-06-29,13,113,95,84,0.154762,,,0.000000,,,,,,,,GLOBAL_BASELINE_NO_ENTITY_RANKING,,,NOT_APPLICABLE_GLOBAL_BASELINE,HF9g-P5,,,,X 全窗基线 · 不参与实体赏罚,6875908,688,A168_HF9F_20260827_0900,2026-08-27 09:00:00
2026-06-12,146251531,1374,0,25.4581908618,25.4581908618,25.4581908618,1.0000000,1,1,0.49324550000000000,0.493245500000,1.01360149184955,1.01360149184955,1.01360149184955,0E-17,ELIGIBLE,R03b_20260811_FULL_v1,L1_ELIGIBILITY,v2026-08-11,2026-03-21..2026-08-06,baccarat_bet02_101_all_pairs_incl_sentinel,round_win = game_pnl > 0 (decisive only),COMPATIBILITY_ONLY_NOT_PRODUCTION,2222.0783,1942.3339,168.6201,202,197,-0.07588395,,-0.07588395,-0.07588395,-168.6201,2222.0783,OK,0.0000,6.7448,4.0000,96.0000,AG03-UNRESOLVED,ALL5_LEVELS_bet23_to_bet27,6.7448,6.7448,6.7448,6.7448,6.7448,4.000000,4.000000,4.000000,4.000000,4.000000,96.000000,96.000000,96.000000,96.000000,96.000000,5.0,33.7240,31.1319,134.8961,137.4882,PENDING_AG03,FALSE,NOT_FOR_ENFORCEMENT,161.8753,1864.6405,168.6201,161.8753,6.7448,0.07588395,0.07284860,6.7448,161.8753,0.07284860,6.7448,6.7448,6.7448,6.7448,6.7448,161.8753,0.07284860,33.7240,31.1319,134.8961,137.4882,0.06070716,0.0618737,0.00303536,11.0004,9.8596,0.8559,12.9708,1.4922,170.9291,15.1538,,11.0004,5.1747,7.8527,13.2323,25.7153,28.7934,38.5866,6.5439,0.0,3.666667,4.913779,1.400836,23,73,12,4,0E-8,0.07588395,,0E-8,0.000000,0.874107,0.064356,,2026-04-07,2026-06-29,13,113,95,84,0.154762,,,0.000000,,,,,,,,GLOBAL_BASELINE_NO_ENTITY_RANKING,,,NOT_APPLICABLE_GLOBAL_BASELINE,HF9g-P5,,,,X 全窗基线 · 不参与实体赏罚,6875909,688,A168_HF9F_20260827_0900,2026-08-27 09:00:00
2026-06-12,146251531,2170,0,10.2861377219,-10.2861377219,-10.2861377219,0E-7,1,1,0.49324550000000000,0.493245500000,-0.9865810262130424,-0.9865810262130424,-0.9865810262130424,0E-17,ELIGIBLE,R03b_20260811_FULL_v1,L1_ELIGIBILITY,v2026-08-11,2026-03-21..2026-08-06,baccarat_bet02_101_all_pairs_incl_sentinel,round_win = game_pnl > 0 (decisive only),COMPATIBILITY_ONLY_NOT_PRODUCTION,2222.0783,1942.3339,168.6201,202,197,-0.07588395,,-0.07588395,-0.07588395,-168.6201,2222.0783,OK,0.0000,6.7448,4.0000,96.0000,AG03-UNRESOLVED,ALL5_LEVELS_bet23_to_bet27,6.7448,6.7448,6.7448,6.7448,6.7448,4.000000,4.000000,4.000000,4.000000,4.000000,96.000000,96.000000,96.000000,96.000000,96.000000,5.0,33.7240,31.1319,134.8961,137.4882,PENDING_AG03,FALSE,NOT_FOR_ENFORCEMENT,161.8753,1864.6405,168.6201,161.8753,6.7448,0.07588395,0.07284860,6.7448,161.8753,0.07284860,6.7448,6.7448,6.7448,6.7448,6.7448,161.8753,0.07284860,33.7240,31.1319,134.8961,137.4882,0.06070716,0.0618737,0.00303536,11.0004,9.8596,0.8559,12.9708,1.4922,170.9291,15.1538,,11.0004,5.1747,7.8527,13.2323,25.7153,28.7934,38.5866,6.5439,0.0,3.666667,4.913779,1.400836,23,73,12,4,0E-8,0.07588395,,0E-8,0.000000,0.874107,0.064356,,2026-04-07,2026-06-29,13,113,95,84,0.154762,,,0.000000,,,,,,,,GLOBAL_BASELINE_NO_ENTITY_RANKING,,,NOT_APPLICABLE_GLOBAL_BASELINE,HF9g-P5,,,,X 全窗基线 · 不参与实体赏罚,6875910,688,A168_HF9F_20260827_0900,2026-08-27 09:00:00
2026-06-12,146251531,526,0,15.4292065829,14.6577462537,14.6577462537,1.0000000,1,1,0.50665070000000000,0.506650700000,0.9867858985152569,0.9867858985152569,0.9867858985152569,0E-17,ELIGIBLE,R03b_20260811_FULL_v1,L1_ELIGIBILITY,v2026-08-11,2026-03-21..2026-08-06,baccarat_bet02_101_all_pairs_incl_sentinel,round_win = game_pnl > 0 (decisive only),COMPATIBILITY_ONLY_NOT_PRODUCTION,2222.0783,1942.3339,168.6201,202,197,-0.07588395,,-0.07588395,-0.07588395,-168.6201,2222.0783,OK,0.0000,6.7448,4.0000,96.0000,AG03-UNRESOLVED,ALL5_LEVELS_bet23_to_bet27,6.7448,6.7448,6.7448,6.7448,6.7448,4.000000,4.000000,4.000000,4.000000,4.000000,96.000000,96.000000,96.000000,96.000000,96.000000,5.0,33.7240,31.1319,134.8961,137.4882,PENDING_AG03,FALSE,NOT_FOR_ENFORCEMENT,161.8753,1864.6405,168.6201,161.8753,6.7448,0.07588395,0.07284860,6.7448,161.8753,0.07284860,6.7448,6.7448,6.7448,6.7448,6.7448,161.8753,0.07284860,33.7240,31.1319,134.8961,137.4882,0.06070716,0.0618737,0.00303536,11.0004,9.8596,0.8559,12.9708,1.4922,170.9291,15.1538,,11.0004,5.1747,7.8527,13.2323,25.7153,28.7934,38.5866,6.5439,0.0,3.666667,4.913779,1.400836,23,73,12,4,0E-8,0.07588395,,0E-8,0.000000,0.874107,0.064356,,2026-04-07,2026-06-29,13,113,95,84,0.154762,,,0.000000,,,,,,,,GLOBAL_BASELINE_NO_ENTITY_RANKING,,,NOT_APPLICABLE_GLOBAL_BASELINE,HF9g-P5,,,,X 全窗基线 · 不参与实体赏罚,6875911,688,A168_HF9F_20260827_0900,2026-08-27 09:00:00
2026-06-12,146251531,550,0,46.2876197487,43.9732387612,43.9732387612,1.0000000,2,2,0.50665070000000000,0.506650700000,1.3955260008387969,1.3955260008387969,1.3955260008387969,0E-17,ELIGIBLE,R03b_20260811_FULL_v1,L1_ELIGIBILITY,v2026-08-11,2026-03-21..2026-08-06,baccarat_bet02_101_all_pairs_incl_sentinel,round_win = game_pnl > 0 (decisive only),COMPATIBILITY_ONLY_NOT_PRODUCTION,2222.0783,1942.3339,168.6201,202,197,-0.07588395,,-0.07588395,-0.07588395,-168.6201,2222.0783,OK,0.0000,6.7448,4.0000,96.0000,AG03-UNRESOLVED,ALL5_LEVELS_bet23_to_bet27,6.7448,6.7448,6.7448,6.7448,6.7448,4.000000,4.000000,4.000000,4.000000,4.000000,96.000000,96.000000,96.000000,96.000000,96.000000,5.0,33.7240,31.1319,134.8961,137.4882,PENDING_AG03,FALSE,NOT_FOR_ENFORCEMENT,161.8753,1864.6405,168.6201,161.8753,6.7448,0.07588395,0.07284860,6.7448,161.8753,0.07284860,6.7448,6.7448,6.7448,6.7448,6.7448,161.8753,0.07284860,33.7240,31.1319,134.8961,137.4882,0.06070716,0.0618737,0.00303536,11.0004,9.8596,0.8559,12.9708,1.4922,170.9291,15.1538,,11.0004,5.1747,7.8527,13.2323,25.7153,28.7934,38.5866,6.5439,0.0,3.666667,4.913779,1.400836,23,73,12,4,0E-8,0.07588395,,0E-8,0.000000,0.874107,0.064356,,2026-04-07,2026-06-29,13,113,95,84,0.154762,,,0.000000,,,,,,,,GLOBAL_BASELINE_NO_ENTITY_RANKING,,,NOT_APPLICABLE_GLOBAL_BASELINE,HF9g-P5,,,,X 全窗基线 · 不参与实体赏罚,6875912,688,A168_HF9F_20260827_0900,2026-08-27 09:00:00
2026-06-13,146251531,1374,0,48.8591541792,-12.8576721524,-12.8576721524,0.5000000,2,2,0.49994810000000000,0.499948100000,0.00014679536856514622,0.00014679536856514622,0.00014679536856514622,0E-17,ELIGIBLE,R03b_20260811_FULL_v1,L1_ELIGIBILITY,v2026-08-11,2026-03-21..2026-08-06,baccarat_bet02_101_all_pairs_incl_sentinel,round_win = game_pnl > 0 (decisive only),COMPATIBILITY_ONLY_NOT_PRODUCTION,2222.0783,1942.3339,168.6201,202,197,-0.07588395,,-0.07588395,-0.07588395,-168.6201,2222.0783,OK,0.0000,6.7448,4.0000,96.0000,AG03-UNRESOLVED,ALL5_LEVELS_bet23_to_bet27,6.7448,6.7448,6.7448,6.7448,6.7448,4.000000,4.000000,4.000000,4.000000,4.000000,96.000000,96.000000,96.000000,96.000000,96.000000,5.0,33.7240,31.1319,134.8961,137.4882,PENDING_AG03,FALSE,NOT_FOR_ENFORCEMENT,161.8753,1864.6405,168.6201,161.8753,6.7448,0.07588395,0.07284860,6.7448,161.8753,0.07284860,6.7448,6.7448,6.7448,6.7448,6.7448,161.8753,0.07284860,33.7240,31.1319,134.8961,137.4882,0.06070716,0.0618737,0.00303536,11.0004,9.8596,0.8559,12.9708,1.4922,170.9291,15.1538,,11.0004,5.1747,7.8527,13.2323,25.7153,28.7934,38.5866,6.5439,0.0,3.666667,4.913779,1.400836,23,73,12,4,0E-8,0.07588395,,0E-8,0.000000,0.874107,0.064356,,2026-04-07,2026-06-29,13,113,95,84,0.154762,,,0.000000,,,,,,,,GLOBAL_BASELINE_NO_ENTITY_RANKING,,,NOT_APPLICABLE_GLOBAL_BASELINE,HF9g-P5,,,,X 全窗基线 · 不参与实体赏罚,6875913,688,A168_HF9F_20260827_0900,2026-08-27 09:00:00
2026-06-13,146251531,1383,0,38.5730164572,-38.5730164572,-38.5730164572,0E-7,1,1,0.50665070000000000,0.506650700000,-1.013391052207602,-1.013391052207602,-1.013391052207602,0E-17,ELIGIBLE,R03b_20260811_FULL_v1,L1_ELIGIBILITY,v2026-08-11,2026-03-21..2026-08-06,baccarat_bet02_101_all_pairs_incl_sentinel,round_win = game_pnl > 0 (decisive only),COMPATIBILITY_ONLY_NOT_PRODUCTION,2222.0783,1942.3339,168.6201,202,197,-0.07588395,,-0.07588395,-0.07588395,-168.6201,2222.0783,OK,0.0000,6.7448,4.0000,96.0000,AG03-UNRESOLVED,ALL5_LEVELS_bet23_to_bet27,6.7448,6.7448,6.7448,6.7448,6.7448,4.000000,4.000000,4.000000,4.000000,4.000000,96.000000,96.000000,96.000000,96.000000,96.000000,5.0,33.7240,31.1319,134.8961,137.4882,PENDING_AG03,FALSE,NOT_FOR_ENFORCEMENT,161.8753,1864.6405,168.6201,161.8753,6.7448,0.07588395,0.07284860,6.7448,161.8753,0.07284860,6.7448,6.7448,6.7448,6.7448,6.7448,161.8753,0.07284860,33.7240,31.1319,134.8961,137.4882,0.06070716,0.0618737,0.00303536,11.0004,9.8596,0.8559,12.9708,1.4922,170.9291,15.1538,,11.0004,5.1747,7.8527,13.2323,25.7153,28.7934,38.5866,6.5439,0.0,3.666667,4.913779,1.400836,23,73,12,4,0E-8,0.07588395,,0E-8,0.000000,0.874107,0.064356,,2026-04-07,2026-06-29,13,113,95,84,0.154762,,,0.000000,,,,,,,,GLOBAL_BASELINE_NO_ENTITY_RANKING,,,NOT_APPLICABLE_GLOBAL_BASELINE,HF9g-P5,,,,X 全窗基线 · 不参与实体赏罚,6875914,688,A168_HF9F_20260827_0900,2026-08-27 09:00:00
2026-06-13,146251531,1490,0,33.4446053425,-33.4446053425,-33.4446053425,0E-7,1,1,0.49324550000000000,0.493245500000,-0.9865810262130424,-0.9865810262130424,-0.9865810262130424,0E-17,ELIGIBLE,R03b_20260811_FULL_v1,L1_ELIGIBILITY,v2026-08-11,2026-03-21..2026-08-06,baccarat_bet02_101_all_pairs_incl_sentinel,round_win = game_pnl > 0 (decisive only),COMPATIBILITY_ONLY_NOT_PRODUCTION,2222.0783,1942.3339,168.6201,202,197,-0.07588395,,-0.07588395,-0.07588395,-168.6201,2222.0783,OK,0.0000,6.7448,4.0000,96.0000,AG03-UNRESOLVED,ALL5_LEVELS_bet23_to_bet27,6.7448,6.7448,6.7448,6.7448,6.7448,4.000000,4.000000,4.000000,4.000000,4.000000,96.000000,96.000000,96.000000,96.000000,96.000000,5.0,33.7240,31.1319,134.8961,137.4882,PENDING_AG03,FALSE,NOT_FOR_ENFORCEMENT,161.8753,1864.6405,168.6201,161.8753,6.7448,0.07588395,0.07284860,6.7448,161.8753,0.07284860,6.7448,6.7448,6.7448,6.7448,6.7448,161.8753,0.07284860,33.7240,31.1319,134.8961,137.4882,0.06070716,0.0618737,0.00303536,11.0004,9.8596,0.8559,12.9708,1.4922,170.9291,15.1538,,11.0004,5.1747,7.8527,13.2323,25.7153,28.7934,38.5866,6.5439,0.0,3.666667,4.913779,1.400836,23,73,12,4,0E-8,0.07588395,,0E-8,0.000000,0.874107,0.064356,,2026-04-07,2026-06-29,13,113,95,84,0.154762,,,0.000000,,,,,,,,GLOBAL_BASELINE_NO_ENTITY_RANKING,,,NOT_APPLICABLE_GLOBAL_BASELINE,HF9g-P5,,,,X 全窗基线 · 不参与实体赏罚,6875915,688,A168_HF9F_20260827_0900,2026-08-27 09:00:00
2026-06-13,146251531,2088,0,2.5715344305,2.5715344305,2.5715344305,1.0000000,1,1,0.49324550000000000,0.493245500000,1.01360149184955,1.01360149184955,1.01360149184955,0E-17,ELIGIBLE,R03b_20260811_FULL_v1,L1_ELIGIBILITY,v2026-08-11,2026-03-21..2026-08-06,baccarat_bet02_101_all_pairs_incl_sentinel,round_win = game_pnl > 0 (decisive only),COMPATIBILITY_ONLY_NOT_PRODUCTION,2222.0783,1942.3339,168.6201,202,197,-0.07588395,,-0.07588395,-0.07588395,-168.6201,2222.0783,OK,0.0000,6.7448,4.0000,96.0000,AG03-UNRESOLVED,ALL5_LEVELS_bet23_to_bet27,6.7448,6.7448,6.7448,6.7448,6.7448,4.000000,4.000000,4.000000,4.000000,4.000000,96.000000,96.000000,96.000000,96.000000,96.000000,5.0,33.7240,31.1319,134.8961,137.4882,PENDING_AG03,FALSE,NOT_FOR_ENFORCEMENT,161.8753,1864.6405,168.6201,161.8753,6.7448,0.07588395,0.07284860,6.7448,161.8753,0.07284860,6.7448,6.7448,6.7448,6.7448,6.7448,161.8753,0.07284860,33.7240,31.1319,134.8961,137.4882,0.06070716,0.0618737,0.00303536,11.0004,9.8596,0.8559,12.9708,1.4922,170.9291,15.1538,,11.0004,5.1747,7.8527,13.2323,25.7153,28.7934,38.5866,6.5439,0.0,3.666667,4.913779,1.400836,23,73,12,4,0E-8,0.07588395,,0E-8,0.000000,0.874107,0.064356,,2026-04-07,2026-06-29,13,113,95,84,0.154762,,,0.000000,,,,,,,,GLOBAL_BASELINE_NO_ENTITY_RANKING,,,NOT_APPLICABLE_GLOBAL_BASELINE,HF9g-P5,,,,X 全窗基线 · 不参与实体赏罚,6875916,688,A168_HF9F_20260827_0900,2026-08-27 09:00:00
2026-06-13,146251531,2108,0,23.1438098743,-23.1438098743,-23.1438098743,0E-7,1,1,0.49324550000000000,0.493245500000,-0.9865810262130424,-0.9865810262130424,-0.9865810262130424,0E-17,ELIGIBLE,R03b_20260811_FULL_v1,L1_ELIGIBILITY,v2026-08-11,2026-03-21..2026-08-06,baccarat_bet02_101_all_pairs_incl_sentinel,round_win = game_pnl > 0 (decisive only),COMPATIBILITY_ONLY_NOT_PRODUCTION,2222.0783,1942.3339,168.6201,202,197,-0.07588395,,-0.07588395,-0.07588395,-168.6201,2222.0783,OK,0.0000,6.7448,4.0000,96.0000,AG03-UNRESOLVED,ALL5_LEVELS_bet23_to_bet27,6.7448,6.7448,6.7448,6.7448,6.7448,4.000000,4.000000,4.000000,4.000000,4.000000,96.000000,96.000000,96.000000,96.000000,96.000000,5.0,33.7240,31.1319,134.8961,137.4882,PENDING_AG03,FALSE,NOT_FOR_ENFORCEMENT,161.8753,1864.6405,168.6201,161.8753,6.7448,0.07588395,0.07284860,6.7448,161.8753,0.07284860,6.7448,6.7448,6.7448,6.7448,6.7448,161.8753,0.07284860,33.7240,31.1319,134.8961,137.4882,0.06070716,0.0618737,0.00303536,11.0004,9.8596,0.8559,12.9708,1.4922,170.9291,15.1538,,11.0004,5.1747,7.8527,13.2323,25.7153,28.7934,38.5866,6.5439,0.0,3.666667,4.913779,1.400836,23,73,12,4,0E-8,0.07588395,,0E-8,0.000000,0.874107,0.064356,,2026-04-07,2026-06-29,13,113,95,84,0.154762,,,0.000000,,,,,,,,GLOBAL_BASELINE_NO_ENTITY_RANKING,,,NOT_APPLICABLE_GLOBAL_BASELINE,HF9g-P5,,,,X 全窗基线 · 不参与实体赏罚,6875917,688,A168_HF9F_20260827_0900,2026-08-27 09:00:00
2026-06-13,146251531,2267,0,25.7153443048,5.1430688610,5.1430688610,0.5000000,2,2,0.49324550000000000,0.493245500000,0.01910635448239258,0.01910635448239258,0.01910635448239258,0E-17,ELIGIBLE,R03b_20260811_FULL_v1,L1_ELIGIBILITY,v2026-08-11,2026-03-21..2026-08-06,baccarat_bet02_101_all_pairs_incl_sentinel,round_win = game_pnl > 0 (decisive only),COMPATIBILITY_ONLY_NOT_PRODUCTION,2222.0783,1942.3339,168.6201,202,197,-0.07588395,,-0.07588395,-0.07588395,-168.6201,2222.0783,OK,0.0000,6.7448,4.0000,96.0000,AG03-UNRESOLVED,ALL5_LEVELS_bet23_to_bet27,6.7448,6.7448,6.7448,6.7448,6.7448,4.000000,4.000000,4.000000,4.000000,4.000000,96.000000,96.000000,96.000000,96.000000,96.000000,5.0,33.7240,31.1319,134.8961,137.4882,PENDING_AG03,FALSE,NOT_FOR_ENFORCEMENT,161.8753,1864.6405,168.6201,161.8753,6.7448,0.07588395,0.07284860,6.7448,161.8753,0.07284860,6.7448,6.7448,6.7448,6.7448,6.7448,161.8753,0.07284860,33.7240,31.1319,134.8961,137.4882,0.06070716,0.0618737,0.00303536,11.0004,9.8596,0.8559,12.9708,1.4922,170.9291,15.1538,,11.0004,5.1747,7.8527,13.2323,25.7153,28.7934,38.5866,6.5439,0.0,3.666667,4.913779,1.400836,23,73,12,4,0E-8,0.07588395,,0E-8,0.000000,0.874107,0.064356,,2026-04-07,2026-06-29,13,113,95,84,0.154762,,,0.000000,,,,,,,,GLOBAL_BASELINE_NO_ENTITY_RANKING,,,NOT_APPLICABLE_GLOBAL_BASELINE,HF9g-P5,,,,X 全窗基线 · 不参与实体赏罚,6875918,688,A168_HF9F_20260827_0900,2026-08-27 09:00:00
2026-06-14,146251531,1115,0,38.5730164572,-38.5730164572,-38.5730164572,0E-7,1,1,0.50665070000000000,0.506650700000,-1.013391052207602,-1.013391052207602,-1.013391052207602,0E-17,ELIGIBLE,R03b_20260811_FULL_v1,L1_ELIGIBILITY,v2026-08-11,2026-03-21..2026-08-06,baccarat_bet02_101_all_pairs_incl_sentinel,round_win = game_pnl > 0 (decisive only),COMPATIBILITY_ONLY_NOT_PRODUCTION,2222.0783,1942.3339,168.6201,202,197,-0.07588395,,-0.07588395,-0.07588395,-168.6201,2222.0783,OK,0.0000,6.7448,4.0000,96.0000,AG03-UNRESOLVED,ALL5_LEVELS_bet23_to_bet27,6.7448,6.7448,6.7448,6.7448,6.7448,4.000000,4.000000,4.000000,4.000000,4.000000,96.000000,96.000000,96.000000,96.000000,96.000000,5.0,33.7240,31.1319,134.8961,137.4882,PENDING_AG03,FALSE,NOT_FOR_ENFORCEMENT,161.8753,1864.6405,168.6201,161.8753,6.7448,0.07588395,0.07284860,6.7448,161.8753,0.07284860,6.7448,6.7448,6.7448,6.7448,6.7448,161.8753,0.07284860,33.7240,31.1319,134.8961,137.4882,0.06070716,0.0618737,0.00303536,11.0004,9.8596,0.8559,12.9708,1.4922,170.9291,15.1538,,11.0004,5.1747,7.8527,13.2323,25.7153,28.7934,38.5866,6.5439,0.0,3.666667,4.913779,1.400836,23,73,12,4,0E-8,0.07588395,,0E-8,0.000000,0.874107,0.064356,,2026-04-07,2026-06-29,13,113,95,84,0.154762,,,0.000000,,,,,,,,GLOBAL_BASELINE_NO_ENTITY_RANKING,,,NOT_APPLICABLE_GLOBAL_BASELINE,HF9g-P5,,,,X 全窗基线 · 不参与实体赏罚,6875919,688,A168_HF9F_20260827_0900,2026-08-27 09:00:00
2026-06-14,146251531,1304,0,15.4292065829,-15.4292065829,-15.4292065829,0E-7,1,1,0.49324550000000000,0.493245500000,-0.9865810262130424,-0.9865810262130424,-0.9865810262130424,0E-17,ELIGIBLE,R03b_20260811_FULL_v1,L1_ELIGIBILITY,v2026-08-11,2026-03-21..2026-08-06,baccarat_bet02_101_all_pairs_incl_sentinel,round_win = game_pnl > 0 (decisive only),COMPATIBILITY_ONLY_NOT_PRODUCTION,2222.0783,1942.3339,168.6201,202,197,-0.07588395,,-0.07588395,-0.07588395,-168.6201,2222.0783,OK,0.0000,6.7448,4.0000,96.0000,AG03-UNRESOLVED,ALL5_LEVELS_bet23_to_bet27,6.7448,6.7448,6.7448,6.7448,6.7448,4.000000,4.000000,4.000000,4.000000,4.000000,96.000000,96.000000,96.000000,96.000000,96.000000,5.0,33.7240,31.1319,134.8961,137.4882,PENDING_AG03,FALSE,NOT_FOR_ENFORCEMENT,161.8753,1864.6405,168.6201,161.8753,6.7448,0.07588395,0.07284860,6.7448,161.8753,0.07284860,6.7448,6.7448,6.7448,6.7448,6.7448,161.8753,0.07284860,33.7240,31.1319,134.8961,137.4882,0.06070716,0.0618737,0.00303536,11.0004,9.8596,0.8559,12.9708,1.4922,170.9291,15.1538,,11.0004,5.1747,7.8527,13.2323,25.7153,28.7934,38.5866,6.5439,0.0,3.666667,4.913779,1.400836,23,73,12,4,0E-8,0.07588395,,0E-8,0.000000,0.874107,0.064356,,2026-04-07,2026-06-29,13,113,95,84,0.154762,,,0.000000,,,,,,,,GLOBAL_BASELINE_NO_ENTITY_RANKING,,,NOT_APPLICABLE_GLOBAL_BASELINE,HF9g-P5,,,,X 全窗基线 · 不参与实体赏罚,6875920,688,A168_HF9F_20260827_0900,2026-08-27 09:00:00
2026-06-14,146251531,2216,0,38.6013033359,-38.6013033359,-38.6013033359,0E-7,1,1,0.49324550000000000,0.493245500000,-0.9865810262130424,-0.9865810262130424,-0.9865810262130424,0E-17,ELIGIBLE,R03b_20260811_FULL_v1,L1_ELIGIBILITY,v2026-08-11,2026-03-21..2026-08-06,baccarat_bet02_101_all_pairs_incl_sentinel,round_win = game_pnl > 0 (decisive only),COMPATIBILITY_ONLY_NOT_PRODUCTION,2222.0783,1942.3339,168.6201,202,197,-0.07588395,,-0.07588395,-0.07588395,-168.6201,2222.0783,OK,0.0000,6.7448,4.0000,96.0000,AG03-UNRESOLVED,ALL5_LEVELS_bet23_to_bet27,6.7448,6.7448,6.7448,6.7448,6.7448,4.000000,4.000000,4.000000,4.000000,4.000000,96.000000,96.000000,96.000000,96.000000,96.000000,5.0,33.7240,31.1319,134.8961,137.4882,PENDING_AG03,FALSE,NOT_FOR_ENFORCEMENT,161.8753,1864.6405,168.6201,161.8753,6.7448,0.07588395,0.07284860,6.7448,161.8753,0.07284860,6.7448,6.7448,6.7448,6.7448,6.7448,161.8753,0.07284860,33.7240,31.1319,134.8961,137.4882,0.06070716,0.0618737,0.00303536,11.0004,9.8596,0.8559,12.9708,1.4922,170.9291,15.1538,,11.0004,5.1747,7.8527,13.2323,25.7153,28.7934,38.5866,6.5439,0.0,3.666667,4.913779,1.400836,23,73,12,4,0E-8,0.07588395,,0E-8,0.000000,0.874107,0.064356,,2026-04-07,2026-06-29,13,113,95,84,0.154762,,,0.000000,,,,,,,,GLOBAL_BASELINE_NO_ENTITY_RANKING,,,NOT_APPLICABLE_GLOBAL_BASELINE,HF9g-P5,,,,X 全窗基线 · 不参与实体赏罚,6875921,688,A168_HF9F_20260827_0900,2026-08-27 09:00:00
2026-06-14,146251531,2258,0,90.0037050668,-90.0037050668,-90.0037050668,0E-7,2,2,0.49994810000000000,0.499948100000,-1.4140667746232096,-1.4140667746232096,-1.4140667746232096,0E-17,ELIGIBLE,R03b_20260811_FULL_v1,L1_ELIGIBILITY,v2026-08-11,2026-03-21..2026-08-06,baccarat_bet02_101_all_pairs_incl_sentinel,round_win = game_pnl > 0 (decisive only),COMPATIBILITY_ONLY_NOT_PRODUCTION,2222.0783,1942.3339,168.6201,202,197,-0.07588395,,-0.07588395,-0.07588395,-168.6201,2222.0783,OK,0.0000,6.7448,4.0000,96.0000,AG03-UNRESOLVED,ALL5_LEVELS_bet23_to_bet27,6.7448,6.7448,6.7448,6.7448,6.7448,4.000000,4.000000,4.000000,4.000000,4.000000,96.000000,96.000000,96.000000,96.000000,96.000000,5.0,33.7240,31.1319,134.8961,137.4882,PENDING_AG03,FALSE,NOT_FOR_ENFORCEMENT,161.8753,1864.6405,168.6201,161.8753,6.7448,0.07588395,0.07284860,6.7448,161.8753,0.07284860,6.7448,6.7448,6.7448,6.7448,6.7448,161.8753,0.07284860,33.7240,31.1319,134.8961,137.4882,0.06070716,0.0618737,0.00303536,11.0004,9.8596,0.8559,12.9708,1.4922,170.9291,15.1538,,11.0004,5.1747,7.8527,13.2323,25.7153,28.7934,38.5866,6.5439,0.0,3.666667,4.913779,1.400836,23,73,12,4,0E-8,0.07588395,,0E-8,0.000000,0.874107,0.064356,,2026-04-07,2026-06-29,13,113,95,84,0.154762,,,0.000000,,,,,,,,GLOBAL_BASELINE_NO_ENTITY_RANKING,,,NOT_APPLICABLE_GLOBAL_BASELINE,HF9g-P5,,,,X 全窗基线 · 不参与实体赏罚,6875922,688,A168_HF9F_20260827_0900,2026-08-27 09:00:00
2026-06-14,146251531,772,0,268.4167638535,49.5663261475,49.5663261475,0.6363636,14,14,0.49994810000000000,0.499948100000,0.9048783042613083,0.9048783042613083,0.9048783042613083,0E-17,ELIGIBLE,R03b_20260811_FULL_v1,L1_ELIGIBILITY,v2026-08-11,2026-03-21..2026-08-06,baccarat_bet02_101_all_pairs_incl_sentinel,round_win = game_pnl > 0 (decisive only),COMPATIBILITY_ONLY_NOT_PRODUCTION,2222.0783,1942.3339,168.6201,202,197,-0.07588395,,-0.07588395,-0.07588395,-168.6201,2222.0783,OK,0.0000,6.7448,4.0000,96.0000,AG03-UNRESOLVED,ALL5_LEVELS_bet23_to_bet27,6.7448,6.7448,6.7448,6.7448,6.7448,4.000000,4.000000,4.000000,4.000000,4.000000,96.000000,96.000000,96.000000,96.000000,96.000000,5.0,33.7240,31.1319,134.8961,137.4882,PENDING_AG03,FALSE,NOT_FOR_ENFORCEMENT,161.8753,1864.6405,168.6201,161.8753,6.7448,0.07588395,0.07284860,6.7448,161.8753,0.07284860,6.7448,6.7448,6.7448,6.7448,6.7448,161.8753,0.07284860,33.7240,31.1319,134.8961,137.4882,0.06070716,0.0618737,0.00303536,11.0004,9.8596,0.8559,12.9708,1.4922,170.9291,15.1538,,11.0004,5.1747,7.8527,13.2323,25.7153,28.7934,38.5866,6.5439,0.0,3.666667,4.913779,1.400836,23,73,12,4,0E-8,0.07588395,,0E-8,0.000000,0.874107,0.064356,,2026-04-07,2026-06-29,13,113,95,84,0.154762,,,0.000000,,,,,,,,GLOBAL_BASELINE_NO_ENTITY_RANKING,,,NOT_APPLICABLE_GLOBAL_BASELINE,HF9g-P5,,,,X 全窗基线 · 不参与实体赏罚,6875923,688,A168_HF9F_20260827_0900,2026-08-27 09:00:00
2026-06-15,146251531,-1,1,36.5157889128,-6.6859895192,-6.6859895192,0.5000000,4,4,0.49994810000000000,0.499948100000,0.00014679536856514622,0.00014679536856514622,0.00014679536856514622,0E-17,SENTINEL_DEALER,R03b_20260811_FULL_v1,L1_ELIGIBILITY,v2026-08-11,2026-03-21..2026-08-06,baccarat_bet02_101_all_pairs_incl_sentinel,round_win = game_pnl > 0 (decisive only),COMPATIBILITY_ONLY_NOT_PRODUCTION,2222.0783,1942.3339,168.6201,202,197,-0.07588395,,-0.07588395,-0.07588395,-168.6201,2222.0783,OK,0.0000,6.7448,4.0000,96.0000,AG03-UNRESOLVED,ALL5_LEVELS_bet23_to_bet27,6.7448,6.7448,6.7448,6.7448,6.7448,4.000000,4.000000,4.000000,4.000000,4.000000,96.000000,96.000000,96.000000,96.000000,96.000000,5.0,33.7240,31.1319,134.8961,137.4882,PENDING_AG03,FALSE,NOT_FOR_ENFORCEMENT,161.8753,1864.6405,168.6201,161.8753,6.7448,0.07588395,0.07284860,6.7448,161.8753,0.07284860,6.7448,6.7448,6.7448,6.7448,6.7448,161.8753,0.07284860,33.7240,31.1319,134.8961,137.4882,0.06070716,0.0618737,0.00303536,11.0004,9.8596,0.8559,12.9708,1.4922,170.9291,15.1538,,11.0004,5.1747,7.8527,13.2323,25.7153,28.7934,38.5866,6.5439,0.0,3.666667,4.913779,1.400836,23,73,12,4,0E-8,0.07588395,,0E-8,0.000000,0.874107,0.064356,,2026-04-07,2026-06-29,13,113,95,84,0.154762,,,0.000000,,,,,,,,GLOBAL_BASELINE_NO_ENTITY_RANKING,,,NOT_APPLICABLE_GLOBAL_BASELINE,HF9g-P5,,,,X 全窗基线 · 不参与实体赏罚,6875924,688,A168_HF9F_20260827_0900,2026-08-27 09:00:00
2026-06-15,146251531,1304,0,5.1430688610,-5.1430688610,-5.1430688610,0E-7,1,1,0.50665070000000000,0.506650700000,-1.013391052207602,-1.013391052207602,-1.013391052207602,0E-17,ELIGIBLE,R03b_20260811_FULL_v1,L1_ELIGIBILITY,v2026-08-11,2026-03-21..2026-08-06,baccarat_bet02_101_all_pairs_incl_sentinel,round_win = game_pnl > 0 (decisive only),COMPATIBILITY_ONLY_NOT_PRODUCTION,2222.0783,1942.3339,168.6201,202,197,-0.07588395,,-0.07588395,-0.07588395,-168.6201,2222.0783,OK,0.0000,6.7448,4.0000,96.0000,AG03-UNRESOLVED,ALL5_LEVELS_bet23_to_bet27,6.7448,6.7448,6.7448,6.7448,6.7448,4.000000,4.000000,4.000000,4.000000,4.000000,96.000000,96.000000,96.000000,96.000000,96.000000,5.0,33.7240,31.1319,134.8961,137.4882,PENDING_AG03,FALSE,NOT_FOR_ENFORCEMENT,161.8753,1864.6405,168.6201,161.8753,6.7448,0.07588395,0.07284860,6.7448,161.8753,0.07284860,6.7448,6.7448,6.7448,6.7448,6.7448,161.8753,0.07284860,33.7240,31.1319,134.8961,137.4882,0.06070716,0.0618737,0.00303536,11.0004,9.8596,0.8559,12.9708,1.4922,170.9291,15.1538,,11.0004,5.1747,7.8527,13.2323,25.7153,28.7934,38.5866,6.5439,0.0,3.666667,4.913779,1.400836,23,73,12,4,0E-8,0.07588395,,0E-8,0.000000,0.874107,0.064356,,2026-04-07,2026-06-29,13,113,95,84,0.154762,,,0.000000,,,,,,,,GLOBAL_BASELINE_NO_ENTITY_RANKING,,,NOT_APPLICABLE_GLOBAL_BASELINE,HF9g-P5,,,,X 全窗基线 · 不参与实体赏罚,6875925,688,A168_HF9F_20260827_0900,2026-08-27 09:00:00
2026-06-15,146251531,1645,0,6.4288360762,-6.4288360762,-6.4288360762,0E-7,1,1,0.49324550000000000,0.493245500000,-0.9865810262130424,-0.9865810262130424,-0.9865810262130424,0E-17,ELIGIBLE,R03b_20260811_FULL_v1,L1_ELIGIBILITY,v2026-08-11,2026-03-21..2026-08-06,baccarat_bet02_101_all_pairs_incl_sentinel,round_win = game_pnl > 0 (decisive only),COMPATIBILITY_ONLY_NOT_PRODUCTION,2222.0783,1942.3339,168.6201,202,197,-0.07588395,,-0.07588395,-0.07588395,-168.6201,2222.0783,OK,0.0000,6.7448,4.0000,96.0000,AG03-UNRESOLVED,ALL5_LEVELS_bet23_to_bet27,6.7448,6.7448,6.7448,6.7448,6.7448,4.000000,4.000000,4.000000,4.000000,4.000000,96.000000,96.000000,96.000000,96.000000,96.000000,5.0,33.7240,31.1319,134.8961,137.4882,PENDING_AG03,FALSE,NOT_FOR_ENFORCEMENT,161.8753,1864.6405,168.6201,161.8753,6.7448,0.07588395,0.07284860,6.7448,161.8753,0.07284860,6.7448,6.7448,6.7448,6.7448,6.7448,161.8753,0.07284860,33.7240,31.1319,134.8961,137.4882,0.06070716,0.0618737,0.00303536,11.0004,9.8596,0.8559,12.9708,1.4922,170.9291,15.1538,,11.0004,5.1747,7.8527,13.2323,25.7153,28.7934,38.5866,6.5439,0.0,3.666667,4.913779,1.400836,23,73,12,4,0E-8,0.07588395,,0E-8,0.000000,0.874107,0.064356,,2026-04-07,2026-06-29,13,113,95,84,0.154762,,,0.000000,,,,,,,,GLOBAL_BASELINE_NO_ENTITY_RANKING,,,NOT_APPLICABLE_GLOBAL_BASELINE,HF9g-P5,,,,X 全窗基线 · 不参与实体赏罚,6875926,688,A168_HF9F_20260827_0900,2026-08-27 09:00:00
2026-06-15,146251531,1646,0,5.1430688610,4.8859154179,4.8859154179,1.0000000,1,1,0.50665070000000000,0.506650700000,0.9867858985152569,0.9867858985152569,0.9867858985152569,0E-17,ELIGIBLE,R03b_20260811_FULL_v1,L1_ELIGIBILITY,v2026-08-11,2026-03-21..2026-08-06,baccarat_bet02_101_all_pairs_incl_sentinel,round_win = game_pnl > 0 (decisive only),COMPATIBILITY_ONLY_NOT_PRODUCTION,2222.0783,1942.3339,168.6201,202,197,-0.07588395,,-0.07588395,-0.07588395,-168.6201,2222.0783,OK,0.0000,6.7448,4.0000,96.0000,AG03-UNRESOLVED,ALL5_LEVELS_bet23_to_bet27,6.7448,6.7448,6.7448,6.7448,6.7448,4.000000,4.000000,4.000000,4.000000,4.000000,96.000000,96.000000,96.000000,96.000000,96.000000,5.0,33.7240,31.1319,134.8961,137.4882,PENDING_AG03,FALSE,NOT_FOR_ENFORCEMENT,161.8753,1864.6405,168.6201,161.8753,6.7448,0.07588395,0.07284860,6.7448,161.8753,0.07284860,6.7448,6.7448,6.7448,6.7448,6.7448,161.8753,0.07284860,33.7240,31.1319,134.8961,137.4882,0.06070716,0.0618737,0.00303536,11.0004,9.8596,0.8559,12.9708,1.4922,170.9291,15.1538,,11.0004,5.1747,7.8527,13.2323,25.7153,28.7934,38.5866,6.5439,0.0,3.666667,4.913779,1.400836,23,73,12,4,0E-8,0.07588395,,0E-8,0.000000,0.874107,0.064356,,2026-04-07,2026-06-29,13,113,95,84,0.154762,,,0.000000,,,,,,,,GLOBAL_BASELINE_NO_ENTITY_RANKING,,,NOT_APPLICABLE_GLOBAL_BASELINE,HF9g-P5,,,,X 全窗基线 · 不参与实体赏罚,6875927,688,A168_HF9F_20260827_0900,2026-08-27 09:00:00
2026-06-15,146251531,1985,0,6.1716826332,-6.1716826332,-6.1716826332,0E-7,1,1,0.50665070000000000,0.506650700000,-1.013391052207602,-1.013391052207602,-1.013391052207602,0E-17,ELIGIBLE,R03b_20260811_FULL_v1,L1_ELIGIBILITY,v2026-08-11,2026-03-21..2026-08-06,baccarat_bet02_101_all_pairs_incl_sentinel,round_win = game_pnl > 0 (decisive only),COMPATIBILITY_ONLY_NOT_PRODUCTION,2222.0783,1942.3339,168.6201,202,197,-0.07588395,,-0.07588395,-0.07588395,-168.6201,2222.0783,OK,0.0000,6.7448,4.0000,96.0000,AG03-UNRESOLVED,ALL5_LEVELS_bet23_to_bet27,6.7448,6.7448,6.7448,6.7448,6.7448,4.000000,4.000000,4.000000,4.000000,4.000000,96.000000,96.000000,96.000000,96.000000,96.000000,5.0,33.7240,31.1319,134.8961,137.4882,PENDING_AG03,FALSE,NOT_FOR_ENFORCEMENT,161.8753,1864.6405,168.6201,161.8753,6.7448,0.07588395,0.07284860,6.7448,161.8753,0.07284860,6.7448,6.7448,6.7448,6.7448,6.7448,161.8753,0.07284860,33.7240,31.1319,134.8961,137.4882,0.06070716,0.0618737,0.00303536,11.0004,9.8596,0.8559,12.9708,1.4922,170.9291,15.1538,,11.0004,5.1747,7.8527,13.2323,25.7153,28.7934,38.5866,6.5439,0.0,3.666667,4.913779,1.400836,23,73,12,4,0E-8,0.07588395,,0E-8,0.000000,0.874107,0.064356,,2026-04-07,2026-06-29,13,113,95,84,0.154762,,,0.000000,,,,,,,,GLOBAL_BASELINE_NO_ENTITY_RANKING,,,NOT_APPLICABLE_GLOBAL_BASELINE,HF9g-P5,,,,X 全窗基线 · 不参与实体赏罚,6875928,688,A168_HF9F_20260827_0900,2026-08-27 09:00:00
2026-06-15,146251531,2088,0,4.6287619749,0E-10,0E-10,,1,1,0.50665070000000000,0.506650700000,,,,0E-17,NO_DECISIVE_ROUND,R03b_20260811_FULL_v1,L1_ELIGIBILITY,v2026-08-11,2026-03-21..2026-08-06,baccarat_bet02_101_all_pairs_incl_sentinel,round_win = game_pnl > 0 (decisive only),COMPATIBILITY_ONLY_NOT_PRODUCTION,2222.0783,1942.3339,168.6201,202,197,-0.07588395,,-0.07588395,-0.07588395,-168.6201,2222.0783,OK,0.0000,6.7448,4.0000,96.0000,AG03-UNRESOLVED,ALL5_LEVELS_bet23_to_bet27,6.7448,6.7448,6.7448,6.7448,6.7448,4.000000,4.000000,4.000000,4.000000,4.000000,96.000000,96.000000,96.000000,96.000000,96.000000,5.0,33.7240,31.1319,134.8961,137.4882,PENDING_AG03,FALSE,NOT_FOR_ENFORCEMENT,161.8753,1864.6405,168.6201,161.8753,6.7448,0.07588395,0.07284860,6.7448,161.8753,0.07284860,6.7448,6.7448,6.7448,6.7448,6.7448,161.8753,0.07284860,33.7240,31.1319,134.8961,137.4882,0.06070716,0.0618737,0.00303536,11.0004,9.8596,0.8559,12.9708,1.4922,170.9291,15.1538,,11.0004,5.1747,7.8527,13.2323,25.7153,28.7934,38.5866,6.5439,0.0,3.666667,4.913779,1.400836,23,73,12,4,0E-8,0.07588395,,0E-8,0.000000,0.874107,0.064356,,2026-04-07,2026-06-29,13,113,95,84,0.154762,,,0.000000,,,,,,,,GLOBAL_BASELINE_NO_ENTITY_RANKING,,,NOT_APPLICABLE_GLOBAL_BASELINE,HF9g-P5,,,,X 全窗基线 · 不参与实体赏罚,6875929,688,A168_HF9F_20260827_0900,2026-08-27 09:00:00
2026-06-15,146251531,2145,0,3.8573016457,-3.8573016457,-3.8573016457,0E-7,1,1,0.50665070000000000,0.506650700000,-1.013391052207602,-1.013391052207602,-1.013391052207602,0E-17,ELIGIBLE,R03b_20260811_FULL_v1,L1_ELIGIBILITY,v2026-08-11,2026-03-21..2026-08-06,baccarat_bet02_101_all_pairs_incl_sentinel,round_win = game_pnl > 0 (decisive only),COMPATIBILITY_ONLY_NOT_PRODUCTION,2222.0783,1942.3339,168.6201,202,197,-0.07588395,,-0.07588395,-0.07588395,-168.6201,2222.0783,OK,0.0000,6.7448,4.0000,96.0000,AG03-UNRESOLVED,ALL5_LEVELS_bet23_to_bet27,6.7448,6.7448,6.7448,6.7448,6.7448,4.000000,4.000000,4.000000,4.000000,4.000000,96.000000,96.000000,96.000000,96.000000,96.000000,5.0,33.7240,31.1319,134.8961,137.4882,PENDING_AG03,FALSE,NOT_FOR_ENFORCEMENT,161.8753,1864.6405,168.6201,161.8753,6.7448,0.07588395,0.07284860,6.7448,161.8753,0.07284860,6.7448,6.7448,6.7448,6.7448,6.7448,161.8753,0.07284860,33.7240,31.1319,134.8961,137.4882,0.06070716,0.0618737,0.00303536,11.0004,9.8596,0.8559,12.9708,1.4922,170.9291,15.1538,,11.0004,5.1747,7.8527,13.2323,25.7153,28.7934,38.5866,6.5439,0.0,3.666667,4.913779,1.400836,23,73,12,4,0E-8,0.07588395,,0E-8,0.000000,0.874107,0.064356,,2026-04-07,2026-06-29,13,113,95,84,0.154762,,,0.000000,,,,,,,,GLOBAL_BASELINE_NO_ENTITY_RANKING,,,NOT_APPLICABLE_GLOBAL_BASELINE,HF9g-P5,,,,X 全窗基线 · 不参与实体赏罚,6875930,688,A168_HF9F_20260827_0900,2026-08-27 09:00:00
2026-06-15,146251531,2175,0,11.3147514942,0.7200296405,0.7200296405,0.5000000,2,2,0.50665070000000000,0.506650700000,-0.018812684590367487,-0.018812684590367487,-0.018812684590367487,0E-17,ELIGIBLE,R03b_20260811_FULL_v1,L1_ELIGIBILITY,v2026-08-11,2026-03-21..2026-08-06,baccarat_bet02_101_all_pairs_incl_sentinel,round_win = game_pnl > 0 (decisive only),COMPATIBILITY_ONLY_NOT_PRODUCTION,2222.0783,1942.3339,168.6201,202,197,-0.07588395,,-0.07588395,-0.07588395,-168.6201,2222.0783,OK,0.0000,6.7448,4.0000,96.0000,AG03-UNRESOLVED,ALL5_LEVELS_bet23_to_bet27,6.7448,6.7448,6.7448,6.7448,6.7448,4.000000,4.000000,4.000000,4.000000,4.000000,96.000000,96.000000,96.000000,96.000000,96.000000,5.0,33.7240,31.1319,134.8961,137.4882,PENDING_AG03,FALSE,NOT_FOR_ENFORCEMENT,161.8753,1864.6405,168.6201,161.8753,6.7448,0.07588395,0.07284860,6.7448,161.8753,0.07284860,6.7448,6.7448,6.7448,6.7448,6.7448,161.8753,0.07284860,33.7240,31.1319,134.8961,137.4882,0.06070716,0.0618737,0.00303536,11.0004,9.8596,0.8559,12.9708,1.4922,170.9291,15.1538,,11.0004,5.1747,7.8527,13.2323,25.7153,28.7934,38.5866,6.5439,0.0,3.666667,4.913779,1.400836,23,73,12,4,0E-8,0.07588395,,0E-8,0.000000,0.874107,0.064356,,2026-04-07,2026-06-29,13,113,95,84,0.154762,,,0.000000,,,,,,,,GLOBAL_BASELINE_NO_ENTITY_RANKING,,,NOT_APPLICABLE_GLOBAL_BASELINE,HF9g-P5,,,,X 全窗基线 · 不参与实体赏罚,6875931,688,A168_HF9F_20260827_0900,2026-08-27 09:00:00
2026-06-15,146251531,2213,0,10.2861377219,9.7718308358,9.7718308358,1.0000000,1,1,0.50665070000000000,0.506650700000,0.9867858985152569,0.9867858985152569,0.9867858985152569,0E-17,ELIGIBLE,R03b_20260811_FULL_v1,L1_ELIGIBILITY,v2026-08-11,2026-03-21..2026-08-06,baccarat_bet02_101_all_pairs_incl_sentinel,round_win = game_pnl > 0 (decisive only),COMPATIBILITY_ONLY_NOT_PRODUCTION,2222.0783,1942.3339,168.6201,202,197,-0.07588395,,-0.07588395,-0.07588395,-168.6201,2222.0783,OK,0.0000,6.7448,4.0000,96.0000,AG03-UNRESOLVED,ALL5_LEVELS_bet23_to_bet27,6.7448,6.7448,6.7448,6.7448,6.7448,4.000000,4.000000,4.000000,4.000000,4.000000,96.000000,96.000000,96.000000,96.000000,96.000000,5.0,33.7240,31.1319,134.8961,137.4882,PENDING_AG03,FALSE,NOT_FOR_ENFORCEMENT,161.8753,1864.6405,168.6201,161.8753,6.7448,0.07588395,0.07284860,6.7448,161.8753,0.07284860,6.7448,6.7448,6.7448,6.7448,6.7448,161.8753,0.07284860,33.7240,31.1319,134.8961,137.4882,0.06070716,0.0618737,0.00303536,11.0004,9.8596,0.8559,12.9708,1.4922,170.9291,15.1538,,11.0004,5.1747,7.8527,13.2323,25.7153,28.7934,38.5866,6.5439,0.0,3.666667,4.913779,1.400836,23,73,12,4,0E-8,0.07588395,,0E-8,0.000000,0.874107,0.064356,,2026-04-07,2026-06-29,13,113,95,84,0.154762,,,0.000000,,,,,,,,GLOBAL_BASELINE_NO_ENTITY_RANKING,,,NOT_APPLICABLE_GLOBAL_BASELINE,HF9g-P5,,,,X 全窗基线 · 不参与实体赏罚,6875932,688,A168_HF9F_20260827_0900,2026-08-27 09:00:00
2026-06-15,146251531,2229,0,14.6577462538,4.3716085318,4.3716085318,0.5000000,2,2,0.49994810000000000,0.499948100000,0.00014679536856514622,0.00014679536856514622,0.00014679536856514622,0E-17,ELIGIBLE,R03b_20260811_FULL_v1,L1_ELIGIBILITY,v2026-08-11,2026-03-21..2026-08-06,baccarat_bet02_101_all_pairs_incl_sentinel,round_win = game_pnl > 0 (decisive only),COMPATIBILITY_ONLY_NOT_PRODUCTION,2222.0783,1942.3339,168.6201,202,197,-0.07588395,,-0.07588395,-0.07588395,-168.6201,2222.0783,OK,0.0000,6.7448,4.0000,96.0000,AG03-UNRESOLVED,ALL5_LEVELS_bet23_to_bet27,6.7448,6.7448,6.7448,6.7448,6.7448,4.000000,4.000000,4.000000,4.000000,4.000000,96.000000,96.000000,96.000000,96.000000,96.000000,5.0,33.7240,31.1319,134.8961,137.4882,PENDING_AG03,FALSE,NOT_FOR_ENFORCEMENT,161.8753,1864.6405,168.6201,161.8753,6.7448,0.07588395,0.07284860,6.7448,161.8753,0.07284860,6.7448,6.7448,6.7448,6.7448,6.7448,161.8753,0.07284860,33.7240,31.1319,134.8961,137.4882,0.06070716,0.0618737,0.00303536,11.0004,9.8596,0.8559,12.9708,1.4922,170.9291,15.1538,,11.0004,5.1747,7.8527,13.2323,25.7153,28.7934,38.5866,6.5439,0.0,3.666667,4.913779,1.400836,23,73,12,4,0E-8,0.07588395,,0E-8,0.000000,0.874107,0.064356,,2026-04-07,2026-06-29,13,113,95,84,0.154762,,,0.000000,,,,,,,,GLOBAL_BASELINE_NO_ENTITY_RANKING,,,NOT_APPLICABLE_GLOBAL_BASELINE,HF9g-P5,,,,X 全窗基线 · 不参与实体赏罚,6875933,688,A168_HF9F_20260827_0900,2026-08-27 09:00:00
2026-06-15,146251531,2242,0,28.0297252923,17.7435875703,17.7435875703,1.0000000,3,2,0.49492115000000815,0.496596800000,1.4286524247477417,1.423872247868481,1.4286524247477417,-0.00167564999999185,ELIGIBLE,R03b_20260811_FULL_v1,L1_ELIGIBILITY,v2026-08-11,2026-03-21..2026-08-06,baccarat_bet02_101_all_pairs_incl_sentinel,round_win = game_pnl > 0 (decisive only),COMPATIBILITY_ONLY_NOT_PRODUCTION,2222.0783,1942.3339,168.6201,202,197,-0.07588395,,-0.07588395,-0.07588395,-168.6201,2222.0783,OK,0.0000,6.7448,4.0000,96.0000,AG03-UNRESOLVED,ALL5_LEVELS_bet23_to_bet27,6.7448,6.7448,6.7448,6.7448,6.7448,4.000000,4.000000,4.000000,4.000000,4.000000,96.000000,96.000000,96.000000,96.000000,96.000000,5.0,33.7240,31.1319,134.8961,137.4882,PENDING_AG03,FALSE,NOT_FOR_ENFORCEMENT,161.8753,1864.6405,168.6201,161.8753,6.7448,0.07588395,0.07284860,6.7448,161.8753,0.07284860,6.7448,6.7448,6.7448,6.7448,6.7448,161.8753,0.07284860,33.7240,31.1319,134.8961,137.4882,0.06070716,0.0618737,0.00303536,11.0004,9.8596,0.8559,12.9708,1.4922,170.9291,15.1538,,11.0004,5.1747,7.8527,13.2323,25.7153,28.7934,38.5866,6.5439,0.0,3.666667,4.913779,1.400836,23,73,12,4,0E-8,0.07588395,,0E-8,0.000000,0.874107,0.064356,,2026-04-07,2026-06-29,13,113,95,84,0.154762,,,0.000000,,,,,,,,GLOBAL_BASELINE_NO_ENTITY_RANKING,,,NOT_APPLICABLE_GLOBAL_BASELINE,HF9g-P5,,,,X 全窗基线 · 不参与实体赏罚,6875934,688,A168_HF9F_20260827_0900,2026-08-27 09:00:00
2026-06-15,146251531,2258,0,5.1430688610,4.8859154179,4.8859154179,1.0000000,1,1,0.50665070000000000,0.506650700000,0.9867858985152569,0.9867858985152569,0.9867858985152569,0E-17,ELIGIBLE,R03b_20260811_FULL_v1,L1_ELIGIBILITY,v2026-08-11,2026-03-21..2026-08-06,baccarat_bet02_101_all_pairs_incl_sentinel,round_win = game_pnl > 0 (decisive only),COMPATIBILITY_ONLY_NOT_PRODUCTION,2222.0783,1942.3339,168.6201,202,197,-0.07588395,,-0.07588395,-0.07588395,-168.6201,2222.0783,OK,0.0000,6.7448,4.0000,96.0000,AG03-UNRESOLVED,ALL5_LEVELS_bet23_to_bet27,6.7448,6.7448,6.7448,6.7448,6.7448,4.000000,4.000000,4.000000,4.000000,4.000000,96.000000,96.000000,96.000000,96.000000,96.000000,5.0,33.7240,31.1319,134.8961,137.4882,PENDING_AG03,FALSE,NOT_FOR_ENFORCEMENT,161.8753,1864.6405,168.6201,161.8753,6.7448,0.07588395,0.07284860,6.7448,161.8753,0.07284860,6.7448,6.7448,6.7448,6.7448,6.7448,161.8753,0.07284860,33.7240,31.1319,134.8961,137.4882,0.06070716,0.0618737,0.00303536,11.0004,9.8596,0.8559,12.9708,1.4922,170.9291,15.1538,,11.0004,5.1747,7.8527,13.2323,25.7153,28.7934,38.5866,6.5439,0.0,3.666667,4.913779,1.400836,23,73,12,4,0E-8,0.07588395,,0E-8,0.000000,0.874107,0.064356,,2026-04-07,2026-06-29,13,113,95,84,0.154762,,,0.000000,,,,,,,,GLOBAL_BASELINE_NO_ENTITY_RANKING,,,NOT_APPLICABLE_GLOBAL_BASELINE,HF9g-P5,,,,X 全窗基线 · 不参与实体赏罚,6875935,688,A168_HF9F_20260827_0900,2026-08-27 09:00:00
2026-06-15,146251531,2278,0,14.6577462537,14.6577462537,14.6577462537,1.0000000,1,1,0.49324550000000000,0.493245500000,1.01360149184955,1.01360149184955,1.01360149184955,0E-17,ELIGIBLE,R03b_20260811_FULL_v1,L1_ELIGIBILITY,v2026-08-11,2026-03-21..2026-08-06,baccarat_bet02_101_all_pairs_incl_sentinel,round_win = game_pnl > 0 (decisive only),COMPATIBILITY_ONLY_NOT_PRODUCTION,2222.0783,1942.3339,168.6201,202,197,-0.07588395,,-0.07588395,-0.07588395,-168.6201,2222.0783,OK,0.0000,6.7448,4.0000,96.0000,AG03-UNRESOLVED,ALL5_LEVELS_bet23_to_bet27,6.7448,6.7448,6.7448,6.7448,6.7448,4.000000,4.000000,4.000000,4.000000,4.000000,96.000000,96.000000,96.000000,96.000000,96.000000,5.0,33.7240,31.1319,134.8961,137.4882,PENDING_AG03,FALSE,NOT_FOR_ENFORCEMENT,161.8753,1864.6405,168.6201,161.8753,6.7448,0.07588395,0.07284860,6.7448,161.8753,0.07284860,6.7448,6.7448,6.7448,6.7448,6.7448,161.8753,0.07284860,33.7240,31.1319,134.8961,137.4882,0.06070716,0.0618737,0.00303536,11.0004,9.8596,0.8559,12.9708,1.4922,170.9291,15.1538,,11.0004,5.1747,7.8527,13.2323,25.7153,28.7934,38.5866,6.5439,0.0,3.666667,4.913779,1.400836,23,73,12,4,0E-8,0.07588395,,0E-8,0.000000,0.874107,0.064356,,2026-04-07,2026-06-29,13,113,95,84,0.154762,,,0.000000,,,,,,,,GLOBAL_BASELINE_NO_ENTITY_RANKING,,,NOT_APPLICABLE_GLOBAL_BASELINE,HF9g-P5,,,,X 全窗基线 · 不参与实体赏罚,6875936,688,A168_HF9F_20260827_0900,2026-08-27 09:00:00
2026-06-15,146251531,986,0,5.1430688610,5.1430688610,5.1430688610,1.0000000,1,1,0.49324550000000000,0.493245500000,1.01360149184955,1.01360149184955,1.01360149184955,0E-17,ELIGIBLE,R03b_20260811_FULL_v1,L1_ELIGIBILITY,v2026-08-11,2026-03-21..2026-08-06,baccarat_bet02_101_all_pairs_incl_sentinel,round_win = game_pnl > 0 (decisive only),COMPATIBILITY_ONLY_NOT_PRODUCTION,2222.0783,1942.3339,168.6201,202,197,-0.07588395,,-0.07588395,-0.07588395,-168.6201,2222.0783,OK,0.0000,6.7448,4.0000,96.0000,AG03-UNRESOLVED,ALL5_LEVELS_bet23_to_bet27,6.7448,6.7448,6.7448,6.7448,6.7448,4.000000,4.000000,4.000000,4.000000,4.000000,96.000000,96.000000,96.000000,96.000000,96.000000,5.0,33.7240,31.1319,134.8961,137.4882,PENDING_AG03,FALSE,NOT_FOR_ENFORCEMENT,161.8753,1864.6405,168.6201,161.8753,6.7448,0.07588395,0.07284860,6.7448,161.8753,0.07284860,6.7448,6.7448,6.7448,6.7448,6.7448,161.8753,0.07284860,33.7240,31.1319,134.8961,137.4882,0.06070716,0.0618737,0.00303536,11.0004,9.8596,0.8559,12.9708,1.4922,170.9291,15.1538,,11.0004,5.1747,7.8527,13.2323,25.7153,28.7934,38.5866,6.5439,0.0,3.666667,4.913779,1.400836,23,73,12,4,0E-8,0.07588395,,0E-8,0.000000,0.874107,0.064356,,2026-04-07,2026-06-29,13,113,95,84,0.154762,,,0.000000,,,,,,,,GLOBAL_BASELINE_NO_ENTITY_RANKING,,,NOT_APPLICABLE_GLOBAL_BASELINE,HF9g-P5,,,,X 全窗基线 · 不参与实体赏罚,6875937,688,A168_HF9F_20260827_0900,2026-08-27 09:00:00
2026-06-27,146251531,1318,0,15.4292065829,-15.4292065829,-15.4292065829,0E-7,1,1,0.50665070000000000,0.506650700000,-1.013391052207602,-1.013391052207602,-1.013391052207602,0E-17,ELIGIBLE,R03b_20260811_FULL_v1,L1_ELIGIBILITY,v2026-08-11,2026-03-21..2026-08-06,baccarat_bet02_101_all_pairs_incl_sentinel,round_win = game_pnl > 0 (decisive only),COMPATIBILITY_ONLY_NOT_PRODUCTION,2222.0783,1942.3339,168.6201,202,197,-0.07588395,,-0.07588395,-0.07588395,-168.6201,2222.0783,OK,0.0000,6.7448,4.0000,96.0000,AG03-UNRESOLVED,ALL5_LEVELS_bet23_to_bet27,6.7448,6.7448,6.7448,6.7448,6.7448,4.000000,4.000000,4.000000,4.000000,4.000000,96.000000,96.000000,96.000000,96.000000,96.000000,5.0,33.7240,31.1319,134.8961,137.4882,PENDING_AG03,FALSE,NOT_FOR_ENFORCEMENT,161.8753,1864.6405,168.6201,161.8753,6.7448,0.07588395,0.07284860,6.7448,161.8753,0.07284860,6.7448,6.7448,6.7448,6.7448,6.7448,161.8753,0.07284860,33.7240,31.1319,134.8961,137.4882,0.06070716,0.0618737,0.00303536,11.0004,9.8596,0.8559,12.9708,1.4922,170.9291,15.1538,,11.0004,5.1747,7.8527,13.2323,25.7153,28.7934,38.5866,6.5439,0.0,3.666667,4.913779,1.400836,23,73,12,4,0E-8,0.07588395,,0E-8,0.000000,0.874107,0.064356,,2026-04-07,2026-06-29,13,113,95,84,0.154762,,,0.000000,,,,,,,,GLOBAL_BASELINE_NO_ENTITY_RANKING,,,NOT_APPLICABLE_GLOBAL_BASELINE,HF9g-P5,,,,X 全窗基线 · 不参与实体赏罚,6875938,688,A168_HF9F_20260827_0900,2026-08-27 09:00:00
2026-06-27,146251531,1400,0,12.8576721524,-12.8576721524,-12.8576721524,0E-7,1,1,0.50665070000000000,0.506650700000,-1.013391052207602,-1.013391052207602,-1.013391052207602,0E-17,ELIGIBLE,R03b_20260811_FULL_v1,L1_ELIGIBILITY,v2026-08-11,2026-03-21..2026-08-06,baccarat_bet02_101_all_pairs_incl_sentinel,round_win = game_pnl > 0 (decisive only),COMPATIBILITY_ONLY_NOT_PRODUCTION,2222.0783,1942.3339,168.6201,202,197,-0.07588395,,-0.07588395,-0.07588395,-168.6201,2222.0783,OK,0.0000,6.7448,4.0000,96.0000,AG03-UNRESOLVED,ALL5_LEVELS_bet23_to_bet27,6.7448,6.7448,6.7448,6.7448,6.7448,4.000000,4.000000,4.000000,4.000000,4.000000,96.000000,96.000000,96.000000,96.000000,96.000000,5.0,33.7240,31.1319,134.8961,137.4882,PENDING_AG03,FALSE,NOT_FOR_ENFORCEMENT,161.8753,1864.6405,168.6201,161.8753,6.7448,0.07588395,0.07284860,6.7448,161.8753,0.07284860,6.7448,6.7448,6.7448,6.7448,6.7448,161.8753,0.07284860,33.7240,31.1319,134.8961,137.4882,0.06070716,0.0618737,0.00303536,11.0004,9.8596,0.8559,12.9708,1.4922,170.9291,15.1538,,11.0004,5.1747,7.8527,13.2323,25.7153,28.7934,38.5866,6.5439,0.0,3.666667,4.913779,1.400836,23,73,12,4,0E-8,0.07588395,,0E-8,0.000000,0.874107,0.064356,,2026-04-07,2026-06-29,13,113,95,84,0.154762,,,0.000000,,,,,,,,GLOBAL_BASELINE_NO_ENTITY_RANKING,,,NOT_APPLICABLE_GLOBAL_BASELINE,HF9g-P5,,,,X 全窗基线 · 不参与实体赏罚,6875939,688,A168_HF9F_20260827_0900,2026-08-27 09:00:00
2026-06-27,146251531,772,0,13.0464227796,-13.0464227796,-13.0464227796,0E-7,1,1,0.50665070000000000,0.506650700000,-1.013391052207602,-1.013391052207602,-1.013391052207602,0E-17,ELIGIBLE,R03b_20260811_FULL_v1,L1_ELIGIBILITY,v2026-08-11,2026-03-21..2026-08-06,baccarat_bet02_101_all_pairs_incl_sentinel,round_win = game_pnl > 0 (decisive only),COMPATIBILITY_ONLY_NOT_PRODUCTION,2222.0783,1942.3339,168.6201,202,197,-0.07588395,,-0.07588395,-0.07588395,-168.6201,2222.0783,OK,0.0000,6.7448,4.0000,96.0000,AG03-UNRESOLVED,ALL5_LEVELS_bet23_to_bet27,6.7448,6.7448,6.7448,6.7448,6.7448,4.000000,4.000000,4.000000,4.000000,4.000000,96.000000,96.000000,96.000000,96.000000,96.000000,5.0,33.7240,31.1319,134.8961,137.4882,PENDING_AG03,FALSE,NOT_FOR_ENFORCEMENT,161.8753,1864.6405,168.6201,161.8753,6.7448,0.07588395,0.07284860,6.7448,161.8753,0.07284860,6.7448,6.7448,6.7448,6.7448,6.7448,161.8753,0.07284860,33.7240,31.1319,134.8961,137.4882,0.06070716,0.0618737,0.00303536,11.0004,9.8596,0.8559,12.9708,1.4922,170.9291,15.1538,,11.0004,5.1747,7.8527,13.2323,25.7153,28.7934,38.5866,6.5439,0.0,3.666667,4.913779,1.400836,23,73,12,4,0E-8,0.07588395,,0E-8,0.000000,0.874107,0.064356,,2026-04-07,2026-06-29,13,113,95,84,0.154762,,,0.000000,,,,,,,,GLOBAL_BASELINE_NO_ENTITY_RANKING,,,NOT_APPLICABLE_GLOBAL_BASELINE,HF9g-P5,,,,X 全窗基线 · 不参与实体赏罚,6875940,688,A168_HF9F_20260827_0900,2026-08-27 09:00:00
2026-06-29,146251531,1654,0,36.0014820267,-15.4292065829,-15.4292065829,0E-7,2,1,0.50282064285714818,0.499948100000,-1.0056572879129273,-0.9998962053866608,-1.0056572879129273,0.00287254285714818,ELIGIBLE,R03b_20260811_FULL_v1,L1_ELIGIBILITY,v2026-08-11,2026-03-21..2026-08-06,baccarat_bet02_101_all_pairs_incl_sentinel,round_win = game_pnl > 0 (decisive only),COMPATIBILITY_ONLY_NOT_PRODUCTION,2222.0783,1942.3339,168.6201,202,197,-0.07588395,,-0.07588395,-0.07588395,-168.6201,2222.0783,OK,0.0000,6.7448,4.0000,96.0000,AG03-UNRESOLVED,ALL5_LEVELS_bet23_to_bet27,6.7448,6.7448,6.7448,6.7448,6.7448,4.000000,4.000000,4.000000,4.000000,4.000000,96.000000,96.000000,96.000000,96.000000,96.000000,5.0,33.7240,31.1319,134.8961,137.4882,PENDING_AG03,FALSE,NOT_FOR_ENFORCEMENT,161.8753,1864.6405,168.6201,161.8753,6.7448,0.07588395,0.07284860,6.7448,161.8753,0.07284860,6.7448,6.7448,6.7448,6.7448,6.7448,161.8753,0.07284860,33.7240,31.1319,134.8961,137.4882,0.06070716,0.0618737,0.00303536,11.0004,9.8596,0.8559,12.9708,1.4922,170.9291,15.1538,,11.0004,5.1747,7.8527,13.2323,25.7153,28.7934,38.5866,6.5439,0.0,3.666667,4.913779,1.400836,23,73,12,4,0E-8,0.07588395,,0E-8,0.000000,0.874107,0.064356,,2026-04-07,2026-06-29,13,113,95,84,0.154762,,,0.000000,,,,,,,,GLOBAL_BASELINE_NO_ENTITY_RANKING,,,NOT_APPLICABLE_GLOBAL_BASELINE,HF9g-P5,,,,X 全窗基线 · 不参与实体赏罚,6875941,688,A168_HF9F_20260827_0900,2026-08-27 09:00:00
2026-06-29,146251531,1941,0,15.4292065829,0E-10,0E-10,,1,1,0.50665070000000000,0.506650700000,,,,0E-17,NO_DECISIVE_ROUND,R03b_20260811_FULL_v1,L1_ELIGIBILITY,v2026-08-11,2026-03-21..2026-08-06,baccarat_bet02_101_all_pairs_incl_sentinel,round_win = game_pnl > 0 (decisive only),COMPATIBILITY_ONLY_NOT_PRODUCTION,2222.0783,1942.3339,168.6201,202,197,-0.07588395,,-0.07588395,-0.07588395,-168.6201,2222.0783,OK,0.0000,6.7448,4.0000,96.0000,AG03-UNRESOLVED,ALL5_LEVELS_bet23_to_bet27,6.7448,6.7448,6.7448,6.7448,6.7448,4.000000,4.000000,4.000000,4.000000,4.000000,96.000000,96.000000,96.000000,96.000000,96.000000,5.0,33.7240,31.1319,134.8961,137.4882,PENDING_AG03,FALSE,NOT_FOR_ENFORCEMENT,161.8753,1864.6405,168.6201,161.8753,6.7448,0.07588395,0.07284860,6.7448,161.8753,0.07284860,6.7448,6.7448,6.7448,6.7448,6.7448,161.8753,0.07284860,33.7240,31.1319,134.8961,137.4882,0.06070716,0.0618737,0.00303536,11.0004,9.8596,0.8559,12.9708,1.4922,170.9291,15.1538,,11.0004,5.1747,7.8527,13.2323,25.7153,28.7934,38.5866,6.5439,0.0,3.666667,4.913779,1.400836,23,73,12,4,0E-8,0.07588395,,0E-8,0.000000,0.874107,0.064356,,2026-04-07,2026-06-29,13,113,95,84,0.154762,,,0.000000,,,,,,,,GLOBAL_BASELINE_NO_ENTITY_RANKING,,,NOT_APPLICABLE_GLOBAL_BASELINE,HF9g-P5,,,,X 全窗基线 · 不参与实体赏罚,6875942,688,A168_HF9F_20260827_0900,2026-08-27 09:00:00
2026-06-29,146251531,1947,0,15.4292065829,15.4292065829,15.4292065829,1.0000000,1,1,0.49324550000000000,0.493245500000,1.01360149184955,1.01360149184955,1.01360149184955,0E-17,ELIGIBLE,R03b_20260811_FULL_v1,L1_ELIGIBILITY,v2026-08-11,2026-03-21..2026-08-06,baccarat_bet02_101_all_pairs_incl_sentinel,round_win = game_pnl > 0 (decisive only),COMPATIBILITY_ONLY_NOT_PRODUCTION,2222.0783,1942.3339,168.6201,202,197,-0.07588395,,-0.07588395,-0.07588395,-168.6201,2222.0783,OK,0.0000,6.7448,4.0000,96.0000,AG03-UNRESOLVED,ALL5_LEVELS_bet23_to_bet27,6.7448,6.7448,6.7448,6.7448,6.7448,4.000000,4.000000,4.000000,4.000000,4.000000,96.000000,96.000000,96.000000,96.000000,96.000000,5.0,33.7240,31.1319,134.8961,137.4882,PENDING_AG03,FALSE,NOT_FOR_ENFORCEMENT,161.8753,1864.6405,168.6201,161.8753,6.7448,0.07588395,0.07284860,6.7448,161.8753,0.07284860,6.7448,6.7448,6.7448,6.7448,6.7448,161.8753,0.07284860,33.7240,31.1319,134.8961,137.4882,0.06070716,0.0618737,0.00303536,11.0004,9.8596,0.8559,12.9708,1.4922,170.9291,15.1538,,11.0004,5.1747,7.8527,13.2323,25.7153,28.7934,38.5866,6.5439,0.0,3.666667,4.913779,1.400836,23,73,12,4,0E-8,0.07588395,,0E-8,0.000000,0.874107,0.064356,,2026-04-07,2026-06-29,13,113,95,84,0.154762,,,0.000000,,,,,,,,GLOBAL_BASELINE_NO_ENTITY_RANKING,,,NOT_APPLICABLE_GLOBAL_BASELINE,HF9g-P5,,,,X 全窗基线 · 不参与实体赏罚,6875943,688,A168_HF9F_20260827_0900,2026-08-27 09:00:00
2026-06-29,146251531,2101,0,27.5154184062,-3.9473053508,-3.9473053508,0.5000000,2,2,0.50665070000000000,0.506650700000,-0.018812684590367487,-0.018812684590367487,-0.018812684590367487,0E-17,ELIGIBLE,R03b_20260811_FULL_v1,L1_ELIGIBILITY,v2026-08-11,2026-03-21..2026-08-06,baccarat_bet02_101_all_pairs_incl_sentinel,round_win = game_pnl > 0 (decisive only),COMPATIBILITY_ONLY_NOT_PRODUCTION,2222.0783,1942.3339,168.6201,202,197,-0.07588395,,-0.07588395,-0.07588395,-168.6201,2222.0783,OK,0.0000,6.7448,4.0000,96.0000,AG03-UNRESOLVED,ALL5_LEVELS_bet23_to_bet27,6.7448,6.7448,6.7448,6.7448,6.7448,4.000000,4.000000,4.000000,4.000000,4.000000,96.000000,96.000000,96.000000,96.000000,96.000000,5.0,33.7240,31.1319,134.8961,137.4882,PENDING_AG03,FALSE,NOT_FOR_ENFORCEMENT,161.8753,1864.6405,168.6201,161.8753,6.7448,0.07588395,0.07284860,6.7448,161.8753,0.07284860,6.7448,6.7448,6.7448,6.7448,6.7448,161.8753,0.07284860,33.7240,31.1319,134.8961,137.4882,0.06070716,0.0618737,0.00303536,11.0004,9.8596,0.8559,12.9708,1.4922,170.9291,15.1538,,11.0004,5.1747,7.8527,13.2323,25.7153,28.7934,38.5866,6.5439,0.0,3.666667,4.913779,1.400836,23,73,12,4,0E-8,0.07588395,,0E-8,0.000000,0.874107,0.064356,,2026-04-07,2026-06-29,13,113,95,84,0.154762,,,0.000000,,,,,,,,GLOBAL_BASELINE_NO_ENTITY_RANKING,,,NOT_APPLICABLE_GLOBAL_BASELINE,HF9g-P5,,,,X 全窗基线 · 不参与实体赏罚,6875944,688,A168_HF9F_20260827_0900,2026-08-27 09:00:00
2026-06-29,146251531,2106,0,7.7146032914,7.7146032914,7.7146032914,1.0000000,1,1,0.49324550000000000,0.493245500000,1.01360149184955,1.01360149184955,1.01360149184955,0E-17,ELIGIBLE,R03b_20260811_FULL_v1,L1_ELIGIBILITY,v2026-08-11,2026-03-21..2026-08-06,baccarat_bet02_101_all_pairs_incl_sentinel,round_win = game_pnl > 0 (decisive only),COMPATIBILITY_ONLY_NOT_PRODUCTION,2222.0783,1942.3339,168.6201,202,197,-0.07588395,,-0.07588395,-0.07588395,-168.6201,2222.0783,OK,0.0000,6.7448,4.0000,96.0000,AG03-UNRESOLVED,ALL5_LEVELS_bet23_to_bet27,6.7448,6.7448,6.7448,6.7448,6.7448,4.000000,4.000000,4.000000,4.000000,4.000000,96.000000,96.000000,96.000000,96.000000,96.000000,5.0,33.7240,31.1319,134.8961,137.4882,PENDING_AG03,FALSE,NOT_FOR_ENFORCEMENT,161.8753,1864.6405,168.6201,161.8753,6.7448,0.07588395,0.07284860,6.7448,161.8753,0.07284860,6.7448,6.7448,6.7448,6.7448,6.7448,161.8753,0.07284860,33.7240,31.1319,134.8961,137.4882,0.06070716,0.0618737,0.00303536,11.0004,9.8596,0.8559,12.9708,1.4922,170.9291,15.1538,,11.0004,5.1747,7.8527,13.2323,25.7153,28.7934,38.5866,6.5439,0.0,3.666667,4.913779,1.400836,23,73,12,4,0E-8,0.07588395,,0E-8,0.000000,0.874107,0.064356,,2026-04-07,2026-06-29,13,113,95,84,0.154762,,,0.000000,,,,,,,,GLOBAL_BASELINE_NO_ENTITY_RANKING,,,NOT_APPLICABLE_GLOBAL_BASELINE,HF9g-P5,,,,X 全窗基线 · 不参与实体赏罚,6875945,688,A168_HF9F_20260827_0900,2026-08-27 09:00:00
2026-06-29,146251531,2129,0,31.0679932218,-31.0679932218,-31.0679932218,0E-7,1,1,0.50665070000000000,0.506650700000,-1.013391052207602,-1.013391052207602,-1.013391052207602,0E-17,ELIGIBLE,R03b_20260811_FULL_v1,L1_ELIGIBILITY,v2026-08-11,2026-03-21..2026-08-06,baccarat_bet02_101_all_pairs_incl_sentinel,round_win = game_pnl > 0 (decisive only),COMPATIBILITY_ONLY_NOT_PRODUCTION,2222.0783,1942.3339,168.6201,202,197,-0.07588395,,-0.07588395,-0.07588395,-168.6201,2222.0783,OK,0.0000,6.7448,4.0000,96.0000,AG03-UNRESOLVED,ALL5_LEVELS_bet23_to_bet27,6.7448,6.7448,6.7448,6.7448,6.7448,4.000000,4.000000,4.000000,4.000000,4.000000,96.000000,96.000000,96.000000,96.000000,96.000000,5.0,33.7240,31.1319,134.8961,137.4882,PENDING_AG03,FALSE,NOT_FOR_ENFORCEMENT,161.8753,1864.6405,168.6201,161.8753,6.7448,0.07588395,0.07284860,6.7448,161.8753,0.07284860,6.7448,6.7448,6.7448,6.7448,6.7448,161.8753,0.07284860,33.7240,31.1319,134.8961,137.4882,0.06070716,0.0618737,0.00303536,11.0004,9.8596,0.8559,12.9708,1.4922,170.9291,15.1538,,11.0004,5.1747,7.8527,13.2323,25.7153,28.7934,38.5866,6.5439,0.0,3.666667,4.913779,1.400836,23,73,12,4,0E-8,0.07588395,,0E-8,0.000000,0.874107,0.064356,,2026-04-07,2026-06-29,13,113,95,84,0.154762,,,0.000000,,,,,,,,GLOBAL_BASELINE_NO_ENTITY_RANKING,,,NOT_APPLICABLE_GLOBAL_BASELINE,HF9g-P5,,,,X 全窗基线 · 不参与实体赏罚,6875946,688,A168_HF9F_20260827_0900,2026-08-27 09:00:00
2026-06-29,146251531,595,0,10.2861377219,-10.2861377219,-10.2861377219,0E-7,1,1,0.49324550000000000,0.493245500000,-0.9865810262130424,-0.9865810262130424,-0.9865810262130424,0E-17,ELIGIBLE,R03b_20260811_FULL_v1,L1_ELIGIBILITY,v2026-08-11,2026-03-21..2026-08-06,baccarat_bet02_101_all_pairs_incl_sentinel,round_win = game_pnl > 0 (decisive only),COMPATIBILITY_ONLY_NOT_PRODUCTION,2222.0783,1942.3339,168.6201,202,197,-0.07588395,,-0.07588395,-0.07588395,-168.6201,2222.0783,OK,0.0000,6.7448,4.0000,96.0000,AG03-UNRESOLVED,ALL5_LEVELS_bet23_to_bet27,6.7448,6.7448,6.7448,6.7448,6.7448,4.000000,4.000000,4.000000,4.000000,4.000000,96.000000,96.000000,96.000000,96.000000,96.000000,5.0,33.7240,31.1319,134.8961,137.4882,PENDING_AG03,FALSE,NOT_FOR_ENFORCEMENT,161.8753,1864.6405,168.6201,161.8753,6.7448,0.07588395,0.07284860,6.7448,161.8753,0.07284860,6.7448,6.7448,6.7448,6.7448,6.7448,161.8753,0.07284860,33.7240,31.1319,134.8961,137.4882,0.06070716,0.0618737,0.00303536,11.0004,9.8596,0.8559,12.9708,1.4922,170.9291,15.1538,,11.0004,5.1747,7.8527,13.2323,25.7153,28.7934,38.5866,6.5439,0.0,3.666667,4.913779,1.400836,23,73,12,4,0E-8,0.07588395,,0E-8,0.000000,0.874107,0.064356,,2026-04-07,2026-06-29,13,113,95,84,0.154762,,,0.000000,,,,,,,,GLOBAL_BASELINE_NO_ENTITY_RANKING,,,NOT_APPLICABLE_GLOBAL_BASELINE,HF9g-P5,,,,X 全窗基线 · 不参与实体赏罚,6875947,688,A168_HF9F_20260827_0900,2026-08-27 09:00:00
2026-07-25,153433559,-1,1,1175.2442464130,-101.1732003434,-101.1732003434,0.5000000,13,13,0.50561953076923077,0.505619530769,-0.0355432781465523,-0.03554327814509251,-0.0355432781465523,2.3077E-13,SENTINEL_DEALER,R03b_20260811_FULL_v1,L1_ELIGIBILITY,v2026-08-11,2026-03-21..2026-08-06,baccarat_bet02_101_all_pairs_incl_sentinel,round_win = game_pnl > 0 (decisive only),COMPATIBILITY_ONLY_NOT_PRODUCTION,3670.8499,3220.1692,168.6220,52,52,-0.04593541,-0.04593541,,-0.04593541,-168.6220,3670.8499,OK,0.0000,6.7449,4.0000,96.0000,AG03-UNRESOLVED,ALL5_LEVELS_bet23_to_bet27,6.7449,6.7449,6.7449,6.7449,6.7449,4.000000,4.000000,4.000000,4.000000,4.000000,96.000000,96.000000,96.000000,96.000000,96.000000,5.0,33.7244,31.1322,134.8976,137.4898,PENDING_AG03,FALSE,NOT_FOR_ENFORCEMENT,161.8771,3091.3625,168.6220,161.8771,6.7449,0.04593541,0.04409800,6.7449,161.8771,0.04409800,6.7449,6.7449,6.7449,6.7449,6.7449,161.8771,0.04409800,33.7244,31.1322,134.8976,137.4898,0.03674833,0.03745448,0.00183742,70.5933,61.9263,3.2427,84.3110,16.8622,1835.4249,26.0000,70.5933,,40.8781,61.3171,102.1952,102.1952,102.1952,102.1952,61.3171,0.0,1.666667,1.666667,1.151282,6,10,3,2,1.00000000,0.04593541,0.04593541,0E-8,0.000000,0.877227,0.000000,,2026-07-25,2026-07-28,2,10,8,4,0.500000,,1.000000,3.333333,,,,,,,,GLOBAL_BASELINE_NO_ENTITY_RANKING,,,NOT_APPLICABLE_GLOBAL_BASELINE,HF9g-P5,,,,X 全窗基线 · 不参与实体赏罚,6875948,688,A168_HF9F_20260827_0900,2026-08-27 09:00:00
2026-07-25,153433559,1402,0,183.9512733516,178.8415157585,178.8415157585,1.0000000,3,3,0.50218230000000000,0.502182300000,1.724507524396475,1.7245075243964754,1.724507524396475,0E-17,ELIGIBLE,R03b_20260811_FULL_v1,L1_ELIGIBILITY,v2026-08-11,2026-03-21..2026-08-06,baccarat_bet02_101_all_pairs_incl_sentinel,round_win = game_pnl > 0 (decisive only),COMPATIBILITY_ONLY_NOT_PRODUCTION,3670.8499,3220.1692,168.6220,52,52,-0.04593541,-0.04593541,,-0.04593541,-168.6220,3670.8499,OK,0.0000,6.7449,4.0000,96.0000,AG03-UNRESOLVED,ALL5_LEVELS_bet23_to_bet27,6.7449,6.7449,6.7449,6.7449,6.7449,4.000000,4.000000,4.000000,4.000000,4.000000,96.000000,96.000000,96.000000,96.000000,96.000000,5.0,33.7244,31.1322,134.8976,137.4898,PENDING_AG03,FALSE,NOT_FOR_ENFORCEMENT,161.8771,3091.3625,168.6220,161.8771,6.7449,0.04593541,0.04409800,6.7449,161.8771,0.04409800,6.7449,6.7449,6.7449,6.7449,6.7449,161.8771,0.04409800,33.7244,31.1322,134.8976,137.4898,0.03674833,0.03745448,0.00183742,70.5933,61.9263,3.2427,84.3110,16.8622,1835.4249,26.0000,70.5933,,40.8781,61.3171,102.1952,102.1952,102.1952,102.1952,61.3171,0.0,1.666667,1.666667,1.151282,6,10,3,2,1.00000000,0.04593541,0.04593541,0E-8,0.000000,0.877227,0.000000,,2026-07-25,2026-07-28,2,10,8,4,0.500000,,1.000000,3.333333,,,,,,,,GLOBAL_BASELINE_NO_ENTITY_RANKING,,,NOT_APPLICABLE_GLOBAL_BASELINE,HF9g-P5,,,,X 全窗基线 · 不参与实体赏罚,6875949,688,A168_HF9F_20260827_0900,2026-08-27 09:00:00
2026-07-25,153433559,1680,0,513.0196623472,-340.3098557004,-340.3098557004,0.2000000,6,6,0.50665070000000000,0.506650700000,-1.3715049547573244,-1.3715049547573244,-1.3715049547573244,0E-17,ELIGIBLE,R03b_20260811_FULL_v1,L1_ELIGIBILITY,v2026-08-11,2026-03-21..2026-08-06,baccarat_bet02_101_all_pairs_incl_sentinel,round_win = game_pnl > 0 (decisive only),COMPATIBILITY_ONLY_NOT_PRODUCTION,3670.8499,3220.1692,168.6220,52,52,-0.04593541,-0.04593541,,-0.04593541,-168.6220,3670.8499,OK,0.0000,6.7449,4.0000,96.0000,AG03-UNRESOLVED,ALL5_LEVELS_bet23_to_bet27,6.7449,6.7449,6.7449,6.7449,6.7449,4.000000,4.000000,4.000000,4.000000,4.000000,96.000000,96.000000,96.000000,96.000000,96.000000,5.0,33.7244,31.1322,134.8976,137.4898,PENDING_AG03,FALSE,NOT_FOR_ENFORCEMENT,161.8771,3091.3625,168.6220,161.8771,6.7449,0.04593541,0.04409800,6.7449,161.8771,0.04409800,6.7449,6.7449,6.7449,6.7449,6.7449,161.8771,0.04409800,33.7244,31.1322,134.8976,137.4898,0.03674833,0.03745448,0.00183742,70.5933,61.9263,3.2427,84.3110,16.8622,1835.4249,26.0000,70.5933,,40.8781,61.3171,102.1952,102.1952,102.1952,102.1952,61.3171,0.0,1.666667,1.666667,1.151282,6,10,3,2,1.00000000,0.04593541,0.04593541,0E-8,0.000000,0.877227,0.000000,,2026-07-25,2026-07-28,2,10,8,4,0.500000,,1.000000,3.333333,,,,,,,,GLOBAL_BASELINE_NO_ENTITY_RANKING,,,NOT_APPLICABLE_GLOBAL_BASELINE,HF9g-P5,,,,X 全窗基线 · 不参与实体赏罚,6875950,688,A168_HF9F_20260827_0900,2026-08-27 09:00:00
2026-07-25,153433559,1750,0,817.5612148960,29.6365940399,29.6365940399,0.4545455,11,11,0.50299473636363636,0.502994736364,-0.32138194295102357,-0.3213819429534371,-0.32138194295102357,-3.6364E-13,ELIGIBLE,R03b_20260811_FULL_v1,L1_ELIGIBILITY,v2026-08-11,2026-03-21..2026-08-06,baccarat_bet02_101_all_pairs_incl_sentinel,round_win = game_pnl > 0 (decisive only),COMPATIBILITY_ONLY_NOT_PRODUCTION,3670.8499,3220.1692,168.6220,52,52,-0.04593541,-0.04593541,,-0.04593541,-168.6220,3670.8499,OK,0.0000,6.7449,4.0000,96.0000,AG03-UNRESOLVED,ALL5_LEVELS_bet23_to_bet27,6.7449,6.7449,6.7449,6.7449,6.7449,4.000000,4.000000,4.000000,4.000000,4.000000,96.000000,96.000000,96.000000,96.000000,96.000000,5.0,33.7244,31.1322,134.8976,137.4898,PENDING_AG03,FALSE,NOT_FOR_ENFORCEMENT,161.8771,3091.3625,168.6220,161.8771,6.7449,0.04593541,0.04409800,6.7449,161.8771,0.04409800,6.7449,6.7449,6.7449,6.7449,6.7449,161.8771,0.04409800,33.7244,31.1322,134.8976,137.4898,0.03674833,0.03745448,0.00183742,70.5933,61.9263,3.2427,84.3110,16.8622,1835.4249,26.0000,70.5933,,40.8781,61.3171,102.1952,102.1952,102.1952,102.1952,61.3171,0.0,1.666667,1.666667,1.151282,6,10,3,2,1.00000000,0.04593541,0.04593541,0E-8,0.000000,0.877227,0.000000,,2026-07-25,2026-07-28,2,10,8,4,0.500000,,1.000000,3.333333,,,,,,,,GLOBAL_BASELINE_NO_ENTITY_RANKING,,,NOT_APPLICABLE_GLOBAL_BASELINE,HF9g-P5,,,,X 全窗基线 · 不参与实体赏罚,6875951,688,A168_HF9F_20260827_0900,2026-08-27 09:00:00
2026-07-25,153433559,1957,0,61.3170911172,-61.3170911172,-61.3170911172,0E-7,2,2,0.49994810000000000,0.499948100000,-1.4140667746232096,-1.4140667746232096,-1.4140667746232096,0E-17,ELIGIBLE,R03b_20260811_FULL_v1,L1_ELIGIBILITY,v2026-08-11,2026-03-21..2026-08-06,baccarat_bet02_101_all_pairs_incl_sentinel,round_win = game_pnl > 0 (decisive only),COMPATIBILITY_ONLY_NOT_PRODUCTION,3670.8499,3220.1692,168.6220,52,52,-0.04593541,-0.04593541,,-0.04593541,-168.6220,3670.8499,OK,0.0000,6.7449,4.0000,96.0000,AG03-UNRESOLVED,ALL5_LEVELS_bet23_to_bet27,6.7449,6.7449,6.7449,6.7449,6.7449,4.000000,4.000000,4.000000,4.000000,4.000000,96.000000,96.000000,96.000000,96.000000,96.000000,5.0,33.7244,31.1322,134.8976,137.4898,PENDING_AG03,FALSE,NOT_FOR_ENFORCEMENT,161.8771,3091.3625,168.6220,161.8771,6.7449,0.04593541,0.04409800,6.7449,161.8771,0.04409800,6.7449,6.7449,6.7449,6.7449,6.7449,161.8771,0.04409800,33.7244,31.1322,134.8976,137.4898,0.03674833,0.03745448,0.00183742,70.5933,61.9263,3.2427,84.3110,16.8622,1835.4249,26.0000,70.5933,,40.8781,61.3171,102.1952,102.1952,102.1952,102.1952,61.3171,0.0,1.666667,1.666667,1.151282,6,10,3,2,1.00000000,0.04593541,0.04593541,0E-8,0.000000,0.877227,0.000000,,2026-07-25,2026-07-28,2,10,8,4,0.500000,,1.000000,3.333333,,,,,,,,GLOBAL_BASELINE_NO_ENTITY_RANKING,,,NOT_APPLICABLE_GLOBAL_BASELINE,HF9g-P5,,,,X 全窗基线 · 不参与实体赏罚,6875952,688,A168_HF9F_20260827_0900,2026-08-27 09:00:00
2026-07-25,153433559,2170,0,265.7073948412,96.0634427503,96.0634427503,0.6666667,6,6,0.49994810000000000,0.499948100000,0.8167508423630434,0.8167508423630434,0.8167508423630434,0E-17,ELIGIBLE,R03b_20260811_FULL_v1,L1_ELIGIBILITY,v2026-08-11,2026-03-21..2026-08-06,baccarat_bet02_101_all_pairs_incl_sentinel,round_win = game_pnl > 0 (decisive only),COMPATIBILITY_ONLY_NOT_PRODUCTION,3670.8499,3220.1692,168.6220,52,52,-0.04593541,-0.04593541,,-0.04593541,-168.6220,3670.8499,OK,0.0000,6.7449,4.0000,96.0000,AG03-UNRESOLVED,ALL5_LEVELS_bet23_to_bet27,6.7449,6.7449,6.7449,6.7449,6.7449,4.000000,4.000000,4.000000,4.000000,4.000000,96.000000,96.000000,96.000000,96.000000,96.000000,5.0,33.7244,31.1322,134.8976,137.4898,PENDING_AG03,FALSE,NOT_FOR_ENFORCEMENT,161.8771,3091.3625,168.6220,161.8771,6.7449,0.04593541,0.04409800,6.7449,161.8771,0.04409800,6.7449,6.7449,6.7449,6.7449,6.7449,161.8771,0.04409800,33.7244,31.1322,134.8976,137.4898,0.03674833,0.03745448,0.00183742,70.5933,61.9263,3.2427,84.3110,16.8622,1835.4249,26.0000,70.5933,,40.8781,61.3171,102.1952,102.1952,102.1952,102.1952,61.3171,0.0,1.666667,1.666667,1.151282,6,10,3,2,1.00000000,0.04593541,0.04593541,0E-8,0.000000,0.877227,0.000000,,2026-07-25,2026-07-28,2,10,8,4,0.500000,,1.000000,3.333333,,,,,,,,GLOBAL_BASELINE_NO_ENTITY_RANKING,,,NOT_APPLICABLE_GLOBAL_BASELINE,HF9g-P5,,,,X 全窗基线 · 不参与实体赏罚,6875953,688,A168_HF9F_20260827_0900,2026-08-27 09:00:00
2026-07-25,153433559,2267,0,286.1464252136,97.0853942689,97.0853942689,0.6666667,4,4,0.49994810000000000,0.499948100000,0.5775300591747329,0.5775300591747329,0.5775300591747329,0E-17,ELIGIBLE,R03b_20260811_FULL_v1,L1_ELIGIBILITY,v2026-08-11,2026-03-21..2026-08-06,baccarat_bet02_101_all_pairs_incl_sentinel,round_win = game_pnl > 0 (decisive only),COMPATIBILITY_ONLY_NOT_PRODUCTION,3670.8499,3220.1692,168.6220,52,52,-0.04593541,-0.04593541,,-0.04593541,-168.6220,3670.8499,OK,0.0000,6.7449,4.0000,96.0000,AG03-UNRESOLVED,ALL5_LEVELS_bet23_to_bet27,6.7449,6.7449,6.7449,6.7449,6.7449,4.000000,4.000000,4.000000,4.000000,4.000000,96.000000,96.000000,96.000000,96.000000,96.000000,5.0,33.7244,31.1322,134.8976,137.4898,PENDING_AG03,FALSE,NOT_FOR_ENFORCEMENT,161.8771,3091.3625,168.6220,161.8771,6.7449,0.04593541,0.04409800,6.7449,161.8771,0.04409800,6.7449,6.7449,6.7449,6.7449,6.7449,161.8771,0.04409800,33.7244,31.1322,134.8976,137.4898,0.03674833,0.03745448,0.00183742,70.5933,61.9263,3.2427,84.3110,16.8622,1835.4249,26.0000,70.5933,,40.8781,61.3171,102.1952,102.1952,102.1952,102.1952,61.3171,0.0,1.666667,1.666667,1.151282,6,10,3,2,1.00000000,0.04593541,0.04593541,0E-8,0.000000,0.877227,0.000000,,2026-07-25,2026-07-28,2,10,8,4,0.500000,,1.000000,3.333333,,,,,,,,GLOBAL_BASELINE_NO_ENTITY_RANKING,,,NOT_APPLICABLE_GLOBAL_BASELINE,HF9g-P5,,,,X 全窗基线 · 不参与实体赏罚,6875954,688,A168_HF9F_20260827_0900,2026-08-27 09:00:00
2026-07-25,153433559,970,0,102.1951518620,-40.8780607448,-40.8780607448,0E-7,2,2,0.50665070000000000,0.506650700000,-1.013391052207602,-1.013391052207602,-1.013391052207602,0E-17,ELIGIBLE,R03b_20260811_FULL_v1,L1_ELIGIBILITY,v2026-08-11,2026-03-21..2026-08-06,baccarat_bet02_101_all_pairs_incl_sentinel,round_win = game_pnl > 0 (decisive only),COMPATIBILITY_ONLY_NOT_PRODUCTION,3670.8499,3220.1692,168.6220,52,52,-0.04593541,-0.04593541,,-0.04593541,-168.6220,3670.8499,OK,0.0000,6.7449,4.0000,96.0000,AG03-UNRESOLVED,ALL5_LEVELS_bet23_to_bet27,6.7449,6.7449,6.7449,6.7449,6.7449,4.000000,4.000000,4.000000,4.000000,4.000000,96.000000,96.000000,96.000000,96.000000,96.000000,5.0,33.7244,31.1322,134.8976,137.4898,PENDING_AG03,FALSE,NOT_FOR_ENFORCEMENT,161.8771,3091.3625,168.6220,161.8771,6.7449,0.04593541,0.04409800,6.7449,161.8771,0.04409800,6.7449,6.7449,6.7449,6.7449,6.7449,161.8771,0.04409800,33.7244,31.1322,134.8976,137.4898,0.03674833,0.03745448,0.00183742,70.5933,61.9263,3.2427,84.3110,16.8622,1835.4249,26.0000,70.5933,,40.8781,61.3171,102.1952,102.1952,102.1952,102.1952,61.3171,0.0,1.666667,1.666667,1.151282,6,10,3,2,1.00000000,0.04593541,0.04593541,0E-8,0.000000,0.877227,0.000000,,2026-07-25,2026-07-28,2,10,8,4,0.500000,,1.000000,3.333333,,,,,,,,GLOBAL_BASELINE_NO_ENTITY_RANKING,,,NOT_APPLICABLE_GLOBAL_BASELINE,HF9g-P5,,,,X 全窗基线 · 不参与实体赏罚,6875955,688,A168_HF9F_20260827_0900,2026-08-27 09:00:00
2026-07-28,153433559,1941,0,224.8293340964,14.3073212606,14.3073212606,0.5000000,4,4,0.50665070000000000,0.506650700000,-0.02660515369234503,-0.02660515369234503,-0.02660515369234503,0E-17,ELIGIBLE,R03b_20260811_FULL_v1,L1_ELIGIBILITY,v2026-08-11,2026-03-21..2026-08-06,baccarat_bet02_101_all_pairs_incl_sentinel,round_win = game_pnl > 0 (decisive only),COMPATIBILITY_ONLY_NOT_PRODUCTION,3670.8499,3220.1692,168.6220,52,52,-0.04593541,-0.04593541,,-0.04593541,-168.6220,3670.8499,OK,0.0000,6.7449,4.0000,96.0000,AG03-UNRESOLVED,ALL5_LEVELS_bet23_to_bet27,6.7449,6.7449,6.7449,6.7449,6.7449,4.000000,4.000000,4.000000,4.000000,4.000000,96.000000,96.000000,96.000000,96.000000,96.000000,5.0,33.7244,31.1322,134.8976,137.4898,PENDING_AG03,FALSE,NOT_FOR_ENFORCEMENT,161.8771,3091.3625,168.6220,161.8771,6.7449,0.04593541,0.04409800,6.7449,161.8771,0.04409800,6.7449,6.7449,6.7449,6.7449,6.7449,161.8771,0.04409800,33.7244,31.1322,134.8976,137.4898,0.03674833,0.03745448,0.00183742,70.5933,61.9263,3.2427,84.3110,16.8622,1835.4249,26.0000,70.5933,,40.8781,61.3171,102.1952,102.1952,102.1952,102.1952,61.3171,0.0,1.666667,1.666667,1.151282,6,10,3,2,1.00000000,0.04593541,0.04593541,0E-8,0.000000,0.877227,0.000000,,2026-07-25,2026-07-28,2,10,8,4,0.500000,,1.000000,3.333333,,,,,,,,GLOBAL_BASELINE_NO_ENTITY_RANKING,,,NOT_APPLICABLE_GLOBAL_BASELINE,HF9g-P5,,,,X 全窗基线 · 不参与实体赏罚,6875956,688,A168_HF9F_20260827_0900,2026-08-27 09:00:00
2026-07-28,153433559,2196,0,40.8780607448,-40.8780607448,-40.8780607448,0E-7,1,1,0.50665070000000000,0.506650700000,-1.013391052207602,-1.013391052207602,-1.013391052207602,0E-17,ELIGIBLE,R03b_20260811_FULL_v1,L1_ELIGIBILITY,v2026-08-11,2026-03-21..2026-08-06,baccarat_bet02_101_all_pairs_incl_sentinel,round_win = game_pnl > 0 (decisive only),COMPATIBILITY_ONLY_NOT_PRODUCTION,3670.8499,3220.1692,168.6220,52,52,-0.04593541,-0.04593541,,-0.04593541,-168.6220,3670.8499,OK,0.0000,6.7449,4.0000,96.0000,AG03-UNRESOLVED,ALL5_LEVELS_bet23_to_bet27,6.7449,6.7449,6.7449,6.7449,6.7449,4.000000,4.000000,4.000000,4.000000,4.000000,96.000000,96.000000,96.000000,96.000000,96.000000,5.0,33.7244,31.1322,134.8976,137.4898,PENDING_AG03,FALSE,NOT_FOR_ENFORCEMENT,161.8771,3091.3625,168.6220,161.8771,6.7449,0.04593541,0.04409800,6.7449,161.8771,0.04409800,6.7449,6.7449,6.7449,6.7449,6.7449,161.8771,0.04409800,33.7244,31.1322,134.8976,137.4898,0.03674833,0.03745448,0.00183742,70.5933,61.9263,3.2427,84.3110,16.8622,1835.4249,26.0000,70.5933,,40.8781,61.3171,102.1952,102.1952,102.1952,102.1952,61.3171,0.0,1.666667,1.666667,1.151282,6,10,3,2,1.00000000,0.04593541,0.04593541,0E-8,0.000000,0.877227,0.000000,,2026-07-25,2026-07-28,2,10,8,4,0.500000,,1.000000,3.333333,,,,,,,,GLOBAL_BASELINE_NO_ENTITY_RANKING,,,NOT_APPLICABLE_GLOBAL_BASELINE,HF9g-P5,,,,X 全窗基线 · 不参与实体赏罚,6875957,688,A168_HF9F_20260827_0900,2026-08-27 09:00:00
2026-07-25,137644730,1947,0,271.8391039528,70.0036790255,70.0036790255,0.6000000,17,5,0.45513162836377684,0.290607954000,0.65049546451813,1.5236921877958742,0.65049546451813,0.16452367436377684,ELIGIBLE,R03b_20260811_FULL_v1,L1_ELIGIBILITY,v2026-08-11,2026-03-21..2026-08-06,baccarat_bet02_101_all_pairs_incl_sentinel,round_win = game_pnl > 0 (decisive only),COMPATIBILITY_ONLY_NOT_PRODUCTION,649.9612,649.9612,168.6220,43,9,-0.25943396,-0.25943396,,-0.25943396,-168.6220,649.9612,OK,0.0000,6.7449,4.0000,96.0000,AG03-UNRESOLVED,ALL5_LEVELS_bet23_to_bet27,6.7449,6.7449,6.7449,10.1173,10.1173,4.000000,4.000000,4.000000,6.000000,6.000000,96.000000,96.000000,96.000000,94.000000,94.000000,5.0,40.4693,36.8013,128.1527,131.8207,PENDING_AG03,FALSE,NOT_FOR_ENFORCEMENT,161.8771,623.9627,168.6220,161.8771,6.7449,0.25943396,0.24905660,6.7449,161.8771,0.24905660,6.7449,6.7449,6.7449,10.1173,10.1173,161.8771,0.24905660,40.4693,36.8013,128.1527,131.8207,0.19716981,0.20281321,0.01037736,15.1154,72.2179,18.7358,168.6220,168.6220,649.9612,9.0000,15.1154,,2.0439,4.0878,6.1317,63.361,71.5366,79.7122,4.0878,-4.0878,17.499999,19.499999,3.697674,1,2,1,8,1.00000000,0.25943396,0.25943396,0E-8,0.000000,1.000000,0.000000,,2026-07-25,2026-07-25,1,1,1,1,1.000000,,1.000000,3.333333,,,,,,,,GLOBAL_BASELINE_NO_ENTITY_RANKING,,,NOT_APPLICABLE_GLOBAL_BASELINE,HF9g-P5,,,,X 全窗基线 · 不参与实体赏罚,6875958,688,A168_HF9F_20260827_0900,2026-08-27 09:00:00
2026-07-25,137644730,919,0,378.1220618893,-238.6256795977,-238.6256795977,0.2500000,26,4,0.41131864404837840,0.133777014286,-0.6556698595860365,0.6828360200883319,-0.6556698595860365,0.27754162976237840,ELIGIBLE,R03b_20260811_FULL_v1,L1_ELIGIBILITY,v2026-08-11,2026-03-21..2026-08-06,baccarat_bet02_101_all_pairs_incl_sentinel,round_win = game_pnl > 0 (decisive only),COMPATIBILITY_ONLY_NOT_PRODUCTION,649.9612,649.9612,168.6220,43,9,-0.25943396,-0.25943396,,-0.25943396,-168.6220,649.9612,OK,0.0000,6.7449,4.0000,96.0000,AG03-UNRESOLVED,ALL5_LEVELS_bet23_to_bet27,6.7449,6.7449,6.7449,10.1173,10.1173,4.000000,4.000000,4.000000,6.000000,6.000000,96.000000,96.000000,96.000000,94.000000,94.000000,5.0,40.4693,36.8013,128.1527,131.8207,PENDING_AG03,FALSE,NOT_FOR_ENFORCEMENT,161.8771,623.9627,168.6220,161.8771,6.7449,0.25943396,0.24905660,6.7449,161.8771,0.24905660,6.7449,6.7449,6.7449,10.1173,10.1173,161.8771,0.24905660,40.4693,36.8013,128.1527,131.8207,0.19716981,0.20281321,0.01037736,15.1154,72.2179,18.7358,168.6220,168.6220,649.9612,9.0000,15.1154,,2.0439,4.0878,6.1317,63.361,71.5366,79.7122,4.0878,-4.0878,17.499999,19.499999,3.697674,1,2,1,8,1.00000000,0.25943396,0.25943396,0E-8,0.000000,1.000000,0.000000,,2026-07-25,2026-07-25,1,1,1,1,1.000000,,1.000000,3.333333,,,,,,,,GLOBAL_BASELINE_NO_ENTITY_RANKING,,,NOT_APPLICABLE_GLOBAL_BASELINE,HF9g-P5,,,,X 全窗基线 · 不参与实体赏罚,6875959,688,A168_HF9F_20260827_0900,2026-08-27 09:00:00
2026-07-04,152571963,1215,0,51.0975759310,-51.0975759310,-51.0975759310,0E-7,2,2,0.49994810000000000,0.499948100000,-1.4140667746232096,-1.4140667746232096,-1.4140667746232096,0E-17,ELIGIBLE,R03b_20260811_FULL_v1,L1_ELIGIBILITY,v2026-08-11,2026-03-21..2026-08-06,baccarat_bet02_101_all_pairs_incl_sentinel,round_win = game_pnl > 0 (decisive only),COMPATIBILITY_ONLY_NOT_PRODUCTION,572.2929,572.2929,168.6220,13,8,-0.29464286,,-0.29464286,-0.29464286,-168.6220,572.2929,THIN_EXPOSURE,0.0000,6.7449,4.0000,96.0000,AG03-UNRESOLVED,ALL5_LEVELS_bet23_to_bet27,6.7449,6.7449,6.7449,10.1173,10.1173,4.000000,4.000000,4.000000,6.000000,6.000000,96.000000,96.000000,96.000000,94.000000,94.000000,5.0,40.4693,36.8013,128.1527,131.8207,PENDING_AG03,FALSE,NOT_FOR_ENFORCEMENT,161.8771,549.4011,168.6220,161.8771,6.7449,0.29464286,0.28285714,6.7449,161.8771,0.28285714,6.7449,6.7449,6.7449,10.1173,10.1173,161.8771,0.28285714,40.4693,36.8013,128.1527,131.8207,0.22392857,0.23033786,0.01178571,44.0225,71.5366,21.0778,168.6220,56.2073,572.2929,8.0000,,44.0225,10.2195,40.8781,66.4268,102.1952,102.1952,102.1952,40.8781,-20.439,2.5,2.5,1.076923,3,3,1,4,0E-8,0.29464286,,0E-8,0.000000,1.000000,0.000000,,2026-07-04,2026-07-04,1,3,3,1,1.000000,,,0.000000,,,,,,,,GLOBAL_BASELINE_NO_ENTITY_RANKING,,,NOT_APPLICABLE_GLOBAL_BASELINE,HF9g-P5,,,,X 全窗基线 · 不参与实体赏罚,6875960,688,A168_HF9F_20260827_0900,2026-08-27 09:00:00
2026-07-04,152571963,1401,0,357.6830315170,45.9878183379,45.9878183379,0.5000000,8,4,0.44341975664835165,0.328192658333,0.22778409376435702,0.7317873708526581,0.22778409376435702,0.11522709831535165,ELIGIBLE,R03b_20260811_FULL_v1,L1_ELIGIBILITY,v2026-08-11,2026-03-21..2026-08-06,baccarat_bet02_101_all_pairs_incl_sentinel,round_win = game_pnl > 0 (decisive only),COMPATIBILITY_ONLY_NOT_PRODUCTION,572.2929,572.2929,168.6220,13,8,-0.29464286,,-0.29464286,-0.29464286,-168.6220,572.2929,THIN_EXPOSURE,0.0000,6.7449,4.0000,96.0000,AG03-UNRESOLVED,ALL5_LEVELS_bet23_to_bet27,6.7449,6.7449,6.7449,10.1173,10.1173,4.000000,4.000000,4.000000,6.000000,6.000000,96.000000,96.000000,96.000000,94.000000,94.000000,5.0,40.4693,36.8013,128.1527,131.8207,PENDING_AG03,FALSE,NOT_FOR_ENFORCEMENT,161.8771,549.4011,168.6220,161.8771,6.7449,0.29464286,0.28285714,6.7449,161.8771,0.28285714,6.7449,6.7449,6.7449,10.1173,10.1173,161.8771,0.28285714,40.4693,36.8013,128.1527,131.8207,0.22392857,0.23033786,0.01178571,44.0225,71.5366,21.0778,168.6220,56.2073,572.2929,8.0000,,44.0225,10.2195,40.8781,66.4268,102.1952,102.1952,102.1952,40.8781,-20.439,2.5,2.5,1.076923,3,3,1,4,0E-8,0.29464286,,0E-8,0.000000,1.000000,0.000000,,2026-07-04,2026-07-04,1,3,3,1,1.000000,,,0.000000,,,,,,,,GLOBAL_BASELINE_NO_ENTITY_RANKING,,,NOT_APPLICABLE_GLOBAL_BASELINE,HF9g-P5,,,,X 全窗基线 · 不参与实体赏罚,6875961,688,A168_HF9F_20260827_0900,2026-08-27 09:00:00
2026-07-04,152571963,2258,0,163.5122429792,-163.5122429792,-163.5122429792,0E-7,3,2,0.46544591000000000,0.403638725000,-1.3196348573105983,-1.1634740288448888,-1.3196348573105983,0.06180718500000000,ELIGIBLE,R03b_20260811_FULL_v1,L1_ELIGIBILITY,v2026-08-11,2026-03-21..2026-08-06,baccarat_bet02_101_all_pairs_incl_sentinel,round_win = game_pnl > 0 (decisive only),COMPATIBILITY_ONLY_NOT_PRODUCTION,572.2929,572.2929,168.6220,13,8,-0.29464286,,-0.29464286,-0.29464286,-168.6220,572.2929,THIN_EXPOSURE,0.0000,6.7449,4.0000,96.0000,AG03-UNRESOLVED,ALL5_LEVELS_bet23_to_bet27,6.7449,6.7449,6.7449,10.1173,10.1173,4.000000,4.000000,4.000000,6.000000,6.000000,96.000000,96.000000,96.000000,94.000000,94.000000,5.0,40.4693,36.8013,128.1527,131.8207,PENDING_AG03,FALSE,NOT_FOR_ENFORCEMENT,161.8771,549.4011,168.6220,161.8771,6.7449,0.29464286,0.28285714,6.7449,161.8771,0.28285714,6.7449,6.7449,6.7449,10.1173,10.1173,161.8771,0.28285714,40.4693,36.8013,128.1527,131.8207,0.22392857,0.23033786,0.01178571,44.0225,71.5366,21.0778,168.6220,56.2073,572.2929,8.0000,,44.0225,10.2195,40.8781,66.4268,102.1952,102.1952,102.1952,40.8781,-20.439,2.5,2.5,1.076923,3,3,1,4,0E-8,0.29464286,,0E-8,0.000000,1.000000,0.000000,,2026-07-04,2026-07-04,1,3,3,1,1.000000,,,0.000000,,,,,,,,GLOBAL_BASELINE_NO_ENTITY_RANKING,,,NOT_APPLICABLE_GLOBAL_BASELINE,HF9g-P5,,,,X 全窗基线 · 不参与实体赏罚,6875962,688,A168_HF9F_20260827_0900,2026-08-27 09:00:00
2026-07-09,152784080,1331,0,95.0414912315,-15.3292727791,-15.3292727791,0.5000000,7,2,0.45686804339657425,0.323130966667,0.12245205798476541,0.534841609812073,0.12245205798476541,0.13373707672957425,ELIGIBLE,R03b_20260811_FULL_v1,L1_ELIGIBILITY,v2026-08-11,2026-03-21..2026-08-06,baccarat_bet02_101_all_pairs_incl_sentinel,round_win = game_pnl > 0 (decisive only),COMPATIBILITY_ONLY_NOT_PRODUCTION,262.6415,262.6415,168.6220,19,4,-0.64202335,-0.64202335,,-0.64202335,-168.6220,262.6415,THIN_EXPOSURE,0.0000,6.7449,4.0000,96.0000,AG03-UNRESOLVED,ALL5_LEVELS_bet23_to_bet27,6.7449,6.7449,8.4311,0.0000,0.0000,4.000000,4.000000,5.000000,0.000000,0.000000,96.000000,96.000000,95.000000,100.000000,100.000000,5.0,21.9209,20.9901,146.7011,147.6319,PENDING_AG03,FALSE,NOT_FOR_ENFORCEMENT,161.8771,252.1359,168.6220,161.8771,6.7449,0.64202335,0.61634241,6.7449,161.8771,0.61634241,6.7449,6.7449,8.4311,0.0000,0.0000,161.8771,0.61634241,21.9209,20.9901,146.7011,147.6319,0.55856031,0.56210428,0.02568093,13.8232,65.6604,42.1555,168.6220,56.2073,262.6415,4.0000,13.8232,,2.0439,2.0439,5.6207,42.1044,75.5222,102.1952,2.0439,-2.0439,36.949976,49.999998,6.763158,3,3,1,8,1.00000000,0.64202335,0.64202335,0E-8,0.000000,1.000000,0.000000,,2026-07-09,2026-07-09,1,3,3,1,1.000000,,1.000000,3.333333,,,,,,,,GLOBAL_BASELINE_NO_ENTITY_RANKING,,,NOT_APPLICABLE_GLOBAL_BASELINE,HF9g-P5,,,,X 全窗基线 · 不参与实体赏罚,6875963,688,A168_HF9F_20260827_0900,2026-08-27 09:00:00
2026-07-09,152784080,1354,0,111.3927155295,-111.3927155295,-111.3927155295,0E-7,5,1,0.47094141192690880,0.151047460000,-0.9434775192980862,-0.4218081893799624,-0.9434775192980862,0.31989395192690880,ELIGIBLE,R03b_20260811_FULL_v1,L1_ELIGIBILITY,v2026-08-11,2026-03-21..2026-08-06,baccarat_bet02_101_all_pairs_incl_sentinel,round_win = game_pnl > 0 (decisive only),COMPATIBILITY_ONLY_NOT_PRODUCTION,262.6415,262.6415,168.6220,19,4,-0.64202335,-0.64202335,,-0.64202335,-168.6220,262.6415,THIN_EXPOSURE,0.0000,6.7449,4.0000,96.0000,AG03-UNRESOLVED,ALL5_LEVELS_bet23_to_bet27,6.7449,6.7449,8.4311,0.0000,0.0000,4.000000,4.000000,5.000000,0.000000,0.000000,96.000000,96.000000,95.000000,100.000000,100.000000,5.0,21.9209,20.9901,146.7011,147.6319,PENDING_AG03,FALSE,NOT_FOR_ENFORCEMENT,161.8771,252.1359,168.6220,161.8771,6.7449,0.64202335,0.61634241,6.7449,161.8771,0.61634241,6.7449,6.7449,8.4311,0.0000,0.0000,161.8771,0.61634241,21.9209,20.9901,146.7011,147.6319,0.55856031,0.56210428,0.02568093,13.8232,65.6604,42.1555,168.6220,56.2073,262.6415,4.0000,13.8232,,2.0439,2.0439,5.6207,42.1044,75.5222,102.1952,2.0439,-2.0439,36.949976,49.999998,6.763158,3,3,1,8,1.00000000,0.64202335,0.64202335,0E-8,0.000000,1.000000,0.000000,,2026-07-09,2026-07-09,1,3,3,1,1.000000,,1.000000,3.333333,,,,,,,,GLOBAL_BASELINE_NO_ENTITY_RANKING,,,NOT_APPLICABLE_GLOBAL_BASELINE,HF9g-P5,,,,X 全窗基线 · 不参与实体赏罚,6875964,688,A168_HF9F_20260827_0900,2026-08-27 09:00:00
2026-07-09,152784080,2233,0,56.2073335239,-41.9000122633,-41.9000122633,0E-7,7,1,0.38948310727387029,0.129233428571,-0.7987216757028691,-0.38524459926385424,-0.7987216757028691,0.26024967870287029,ELIGIBLE,R03b_20260811_FULL_v1,L1_ELIGIBILITY,v2026-08-11,2026-03-21..2026-08-06,baccarat_bet02_101_all_pairs_incl_sentinel,round_win = game_pnl > 0 (decisive only),COMPATIBILITY_ONLY_NOT_PRODUCTION,262.6415,262.6415,168.6220,19,4,-0.64202335,-0.64202335,,-0.64202335,-168.6220,262.6415,THIN_EXPOSURE,0.0000,6.7449,4.0000,96.0000,AG03-UNRESOLVED,ALL5_LEVELS_bet23_to_bet27,6.7449,6.7449,8.4311,0.0000,0.0000,4.000000,4.000000,5.000000,0.000000,0.000000,96.000000,96.000000,95.000000,100.000000,100.000000,5.0,21.9209,20.9901,146.7011,147.6319,PENDING_AG03,FALSE,NOT_FOR_ENFORCEMENT,161.8771,252.1359,168.6220,161.8771,6.7449,0.64202335,0.61634241,6.7449,161.8771,0.61634241,6.7449,6.7449,8.4311,0.0000,0.0000,161.8771,0.61634241,21.9209,20.9901,146.7011,147.6319,0.55856031,0.56210428,0.02568093,13.8232,65.6604,42.1555,168.6220,56.2073,262.6415,4.0000,13.8232,,2.0439,2.0439,5.6207,42.1044,75.5222,102.1952,2.0439,-2.0439,36.949976,49.999998,6.763158,3,3,1,8,1.00000000,0.64202335,0.64202335,0E-8,0.000000,1.000000,0.000000,,2026-07-09,2026-07-09,1,3,3,1,1.000000,,1.000000,3.333333,,,,,,,,GLOBAL_BASELINE_NO_ENTITY_RANKING,,,NOT_APPLICABLE_GLOBAL_BASELINE,HF9g-P5,,,,X 全窗基线 · 不参与实体赏罚,6875965,688,A168_HF9F_20260827_0900,2026-08-27 09:00:00
2026-04-28,149268498,2103,0,65.4398869199,62.1678925739,62.1678925739,1.0000000,1,1,0.50665070000000000,0.506650700000,0.9867858985152569,0.9867858985152569,0.9867858985152569,0E-17,ELIGIBLE,R03b_20260811_FULL_v1,L1_ELIGIBILITY,v2026-08-11,2026-03-21..2026-08-06,baccarat_bet02_101_all_pairs_incl_sentinel,round_win = game_pnl > 0 (decisive only),COMPATIBILITY_ONLY_NOT_PRODUCTION,580.8444,580.8444,166.8848,7,7,-0.28731411,,-0.28731411,-0.28731411,-166.8848,580.8444,THIN_EXPOSURE,0.0000,5.0065,3.0000,97.0000,AG03-UNRESOLVED,ALL5_LEVELS_bet23_to_bet27,5.0065,5.0065,5.0065,6.6754,6.6754,3.000000,3.000000,3.000000,4.000000,4.000000,97.000000,97.000000,97.000000,96.000000,96.000000,5.0,28.3704,26.5148,138.5144,140.37,PENDING_AG03,FALSE,NOT_FOR_ENFORCEMENT,161.8783,563.4191,166.8848,161.8783,5.0065,0.28731411,0.27869468,5.0065,161.8783,0.27869468,5.0065,5.0065,5.0065,6.6754,6.6754,161.8783,0.27869468,28.3704,26.5148,138.5144,140.37,0.23847071,0.24166548,0.00861942,82.9778,82.9778,23.8407,166.8848,83.4424,580.8444,7.0000,,82.9778,65.0472,65.4399,118.6425,141.1407,143.706,143.706,65.4399,-28.5318,2.196,2.196,1.268,2,3,1,2,0E-8,0.28731411,,0E-8,0.000000,1.000000,0.000000,,2026-04-28,2026-04-28,1,2,2,1,1.000000,,,0.000000,,,,,,,,GLOBAL_BASELINE_NO_ENTITY_RANKING,,,NOT_APPLICABLE_GLOBAL_BASELINE,HF9g-P5,,,,X 全窗基线 · 不参与实体赏罚,6875966,688,A168_HF9F_20260827_0900,2026-08-27 09:00:00
2026-04-28,149268498,2123,0,277.7268800880,8.6249770960,8.6249770960,0.6666667,3,3,0.50218230000000000,0.502182300000,0.5697959874915163,0.5697959874915164,0.5697959874915163,0E-17,ELIGIBLE,R03b_20260811_FULL_v1,L1_ELIGIBILITY,v2026-08-11,2026-03-21..2026-08-06,baccarat_bet02_101_all_pairs_incl_sentinel,round_win = game_pnl > 0 (decisive only),COMPATIBILITY_ONLY_NOT_PRODUCTION,580.8444,580.8444,166.8848,7,7,-0.28731411,,-0.28731411,-0.28731411,-166.8848,580.8444,THIN_EXPOSURE,0.0000,5.0065,3.0000,97.0000,AG03-UNRESOLVED,ALL5_LEVELS_bet23_to_bet27,5.0065,5.0065,5.0065,6.6754,6.6754,3.000000,3.000000,3.000000,4.000000,4.000000,97.000000,97.000000,97.000000,96.000000,96.000000,5.0,28.3704,26.5148,138.5144,140.37,PENDING_AG03,FALSE,NOT_FOR_ENFORCEMENT,161.8783,563.4191,166.8848,161.8783,5.0065,0.28731411,0.27869468,5.0065,161.8783,0.27869468,5.0065,5.0065,5.0065,6.6754,6.6754,161.8783,0.27869468,28.3704,26.5148,138.5144,140.37,0.23847071,0.24166548,0.00861942,82.9778,82.9778,23.8407,166.8848,83.4424,580.8444,7.0000,,82.9778,65.0472,65.4399,118.6425,141.1407,143.706,143.706,65.4399,-28.5318,2.196,2.196,1.268,2,3,1,2,0E-8,0.28731411,,0E-8,0.000000,1.000000,0.000000,,2026-04-28,2026-04-28,1,2,2,1,1.000000,,,0.000000,,,,,,,,GLOBAL_BASELINE_NO_ENTITY_RANKING,,,NOT_APPLICABLE_GLOBAL_BASELINE,HF9g-P5,,,,X 全窗基线 · 不参与实体赏罚,6875967,688,A168_HF9F_20260827_0900,2026-08-27 09:00:00
2026-04-28,149268498,2251,0,237.6776692930,-237.6776692930,-237.6776692930,0E-7,3,3,0.49771390000000000,0.497713900000,-1.724149546644903,-1.724149546644903,-1.724149546644903,0E-17,ELIGIBLE,R03b_20260811_FULL_v1,L1_ELIGIBILITY,v2026-08-11,2026-03-21..2026-08-06,baccarat_bet02_101_all_pairs_incl_sentinel,round_win = game_pnl > 0 (decisive only),COMPATIBILITY_ONLY_NOT_PRODUCTION,580.8444,580.8444,166.8848,7,7,-0.28731411,,-0.28731411,-0.28731411,-166.8848,580.8444,THIN_EXPOSURE,0.0000,5.0065,3.0000,97.0000,AG03-UNRESOLVED,ALL5_LEVELS_bet23_to_bet27,5.0065,5.0065,5.0065,6.6754,6.6754,3.000000,3.000000,3.000000,4.000000,4.000000,97.000000,97.000000,97.000000,96.000000,96.000000,5.0,28.3704,26.5148,138.5144,140.37,PENDING_AG03,FALSE,NOT_FOR_ENFORCEMENT,161.8783,563.4191,166.8848,161.8783,5.0065,0.28731411,0.27869468,5.0065,161.8783,0.27869468,5.0065,5.0065,5.0065,6.6754,6.6754,161.8783,0.27869468,28.3704,26.5148,138.5144,140.37,0.23847071,0.24166548,0.00861942,82.9778,82.9778,23.8407,166.8848,83.4424,580.8444,7.0000,,82.9778,65.0472,65.4399,118.6425,141.1407,143.706,143.706,65.4399,-28.5318,2.196,2.196,1.268,2,3,1,2,0E-8,0.28731411,,0E-8,0.000000,1.000000,0.000000,,2026-04-28,2026-04-28,1,2,2,1,1.000000,,,0.000000,,,,,,,,GLOBAL_BASELINE_NO_ENTITY_RANKING,,,NOT_APPLICABLE_GLOBAL_BASELINE,HF9g-P5,,,,X 全窗基线 · 不参与实体赏罚,6875968,688,A168_HF9F_20260827_0900,2026-08-27 09:00:00
2026-05-07,34128997,2123,0,148.0936876379,-127.0874908099,-127.0874908099,0.2000000,5,5,0.49592654000000000,0.495926540000,-1.323467641100715,-1.323467641100715,-1.323467641100715,0E-17,ELIGIBLE,R03b_20260811_FULL_v1,L1_ELIGIBILITY,v2026-08-11,2026-03-21..2026-08-06,baccarat_bet02_101_all_pairs_incl_sentinel,round_win = game_pnl > 0 (decisive only),COMPATIBILITY_ONLY_NOT_PRODUCTION,189.6366,189.6366,168.6304,7,7,-0.88922920,,-0.88922920,-0.88922920,-168.6304,189.6366,THIN_EXPOSURE,0.0000,6.7452,4.0000,96.0000,AG03-UNRESOLVED,ALL5_LEVELS_bet23_to_bet27,6.7452,6.7452,6.7452,10.1178,0.0000,4.000000,4.000000,4.000000,6.000000,0.000000,96.000000,96.000000,96.000000,94.000000,100.000000,5.0,30.3535,28.3886,138.2769,140.2418,PENDING_AG03,FALSE,NOT_FOR_ENFORCEMENT,161.8852,182.0511,168.6304,161.8852,6.7452,0.88922920,0.85366003,6.7452,161.8852,0.85366003,6.7452,6.7452,6.7452,10.1178,0.0000,161.8852,0.85366003,30.3535,28.3886,138.2769,140.2418,0.72916794,0.7395291,0.03556917,27.0909,27.0909,24.0901,84.3152,84.3152,94.8183,3.5000,,27.0909,13.1289,22.0565,39.2986,50.4149,52.5155,52.5155,22.0565,-22.0565,2.380952,2.380952,1.228252,2,2,2,2,0E-8,0.88922920,,0E-8,0.000000,1.000000,0.000000,,2026-05-07,2026-06-01,2,2,2,26,0.076923,,,0.000000,,,,,,,,GLOBAL_BASELINE_NO_ENTITY_RANKING,,,NOT_APPLICABLE_GLOBAL_BASELINE,HF9g-P5,,,,X 全窗基线 · 不参与实体赏罚,6875969,688,A168_HF9F_20260827_0900,2026-08-27 09:00:00
2026-06-01,34128997,789,0,41.5429034335,-41.5429034335,-41.5429034335,0E-7,2,2,0.49994810000000000,0.499948100000,-1.4140667746232096,-1.4140667746232096,-1.4140667746232096,0E-17,ELIGIBLE,R03b_20260811_FULL_v1,L1_ELIGIBILITY,v2026-08-11,2026-03-21..2026-08-06,baccarat_bet02_101_all_pairs_incl_sentinel,round_win = game_pnl > 0 (decisive only),COMPATIBILITY_ONLY_NOT_PRODUCTION,189.6366,189.6366,168.6304,7,7,-0.88922920,,-0.88922920,-0.88922920,-168.6304,189.6366,THIN_EXPOSURE,0.0000,6.7452,4.0000,96.0000,AG03-UNRESOLVED,ALL5_LEVELS_bet23_to_bet27,6.7452,6.7452,6.7452,10.1178,0.0000,4.000000,4.000000,4.000000,6.000000,0.000000,96.000000,96.000000,96.000000,94.000000,100.000000,5.0,30.3535,28.3886,138.2769,140.2418,PENDING_AG03,FALSE,NOT_FOR_ENFORCEMENT,161.8852,182.0511,168.6304,161.8852,6.7452,0.88922920,0.85366003,6.7452,161.8852,0.85366003,6.7452,6.7452,6.7452,10.1178,0.0000,161.8852,0.85366003,30.3535,28.3886,138.2769,140.2418,0.72916794,0.7395291,0.03556917,27.0909,27.0909,24.0901,84.3152,84.3152,94.8183,3.5000,,27.0909,13.1289,22.0565,39.2986,50.4149,52.5155,52.5155,22.0565,-22.0565,2.380952,2.380952,1.228252,2,2,2,2,0E-8,0.88922920,,0E-8,0.000000,1.000000,0.000000,,2026-05-07,2026-06-01,2,2,2,26,0.076923,,,0.000000,,,,,,,,GLOBAL_BASELINE_NO_ENTITY_RANKING,,,NOT_APPLICABLE_GLOBAL_BASELINE,HF9g-P5,,,,X 全窗基线 · 不参与实体赏罚,6875970,688,A168_HF9F_20260827_0900,2026-08-27 09:00:00
2026-06-30,6191564,-1,1,381.1042250625,196.3381078508,196.3381078508,0.8571429,16,8,0.47739186886628298,0.357899202500,2.011510679542758,2.755367958135594,2.011510679542758,0.11949266636628298,SENTINEL_DEALER,R03b_20260811_FULL_v1,L1_ELIGIBILITY,v2026-08-11,2026-03-21..2026-08-06,baccarat_bet02_101_all_pairs_incl_sentinel,round_win = game_pnl > 0 (decisive only),COMPATIBILITY_ONLY_NOT_PRODUCTION,1410.7542,1302.2347,166.8938,54,41,-0.11830113,,-0.11830113,-0.11830113,-166.8938,1410.7542,OK,0.0000,5.0068,3.0000,97.0000,AG03-UNRESOLVED,ALL5_LEVELS_bet23_to_bet27,5.0068,5.0068,5.0068,6.6758,8.3447,3.000000,3.000000,3.000000,4.000000,5.000000,97.000000,97.000000,97.000000,96.000000,95.000000,5.0,30.0409,27.9785,136.8529,138.9154,PENDING_AG03,FALSE,NOT_FOR_ENFORCEMENT,161.8870,1263.1676,166.8938,161.8870,5.0068,0.11830113,0.11475210,5.0068,161.8870,0.11475210,5.0068,5.0068,5.0068,6.6758,8.3447,161.8870,0.11475210,30.0409,27.9785,136.8529,138.9154,0.09700693,0.09846887,0.00354903,26.1251,31.7618,4.0706,166.8938,8.7839,1410.7542,41.0000,,26.1251,12.8578,25.7155,38.5733,49.1167,61.7173,84.5527,18.258,-3.8573,2.4,3.288,1.015926,17,17,2,6,0E-8,0.11830113,,0E-8,0.000000,0.923077,0.000000,,2026-06-30,2026-06-30,1,19,17,1,1.000000,,,0.000000,,,,,,,,GLOBAL_BASELINE_NO_ENTITY_RANKING,,,NOT_APPLICABLE_GLOBAL_BASELINE,HF9g-P5,,,,X 全窗基线 · 不参与实体赏罚,6875971,688,A168_HF9F_20260827_0900,2026-08-27 09:00:00
2026-06-30,6191564,1157,0,31.3729524005,31.3729524005,31.3729524005,1.0000000,1,1,0.49324550000000000,0.493245500000,1.01360149184955,1.01360149184955,1.01360149184955,0E-17,ELIGIBLE,R03b_20260811_FULL_v1,L1_ELIGIBILITY,v2026-08-11,2026-03-21..2026-08-06,baccarat_bet02_101_all_pairs_incl_sentinel,round_win = game_pnl > 0 (decisive only),COMPATIBILITY_ONLY_NOT_PRODUCTION,1410.7542,1302.2347,166.8938,54,41,-0.11830113,,-0.11830113,-0.11830113,-166.8938,1410.7542,OK,0.0000,5.0068,3.0000,97.0000,AG03-UNRESOLVED,ALL5_LEVELS_bet23_to_bet27,5.0068,5.0068,5.0068,6.6758,8.3447,3.000000,3.000000,3.000000,4.000000,5.000000,97.000000,97.000000,97.000000,96.000000,95.000000,5.0,30.0409,27.9785,136.8529,138.9154,PENDING_AG03,FALSE,NOT_FOR_ENFORCEMENT,161.8870,1263.1676,166.8938,161.8870,5.0068,0.11830113,0.11475210,5.0068,161.8870,0.11475210,5.0068,5.0068,5.0068,6.6758,8.3447,161.8870,0.11475210,30.0409,27.9785,136.8529,138.9154,0.09700693,0.09846887,0.00354903,26.1251,31.7618,4.0706,166.8938,8.7839,1410.7542,41.0000,,26.1251,12.8578,25.7155,38.5733,49.1167,61.7173,84.5527,18.258,-3.8573,2.4,3.288,1.015926,17,17,2,6,0E-8,0.11830113,,0E-8,0.000000,0.923077,0.000000,,2026-06-30,2026-06-30,1,19,17,1,1.000000,,,0.000000,,,,,,,,GLOBAL_BASELINE_NO_ENTITY_RANKING,,,NOT_APPLICABLE_GLOBAL_BASELINE,HF9g-P5,,,,X 全窗基线 · 不参与实体赏罚,6875972,688,A168_HF9F_20260827_0900,2026-08-27 09:00:00
2026-06-30,6191564,1353,0,38.5733021318,-38.5733021318,-38.5733021318,0E-7,1,1,0.50665070000000000,0.506650700000,-1.013391052207602,-1.013391052207602,-1.013391052207602,0E-17,ELIGIBLE,R03b_20260811_FULL_v1,L1_ELIGIBILITY,v2026-08-11,2026-03-21..2026-08-06,baccarat_bet02_101_all_pairs_incl_sentinel,round_win = game_pnl > 0 (decisive only),COMPATIBILITY_ONLY_NOT_PRODUCTION,1410.7542,1302.2347,166.8938,54,41,-0.11830113,,-0.11830113,-0.11830113,-166.8938,1410.7542,OK,0.0000,5.0068,3.0000,97.0000,AG03-UNRESOLVED,ALL5_LEVELS_bet23_to_bet27,5.0068,5.0068,5.0068,6.6758,8.3447,3.000000,3.000000,3.000000,4.000000,5.000000,97.000000,97.000000,97.000000,96.000000,95.000000,5.0,30.0409,27.9785,136.8529,138.9154,PENDING_AG03,FALSE,NOT_FOR_ENFORCEMENT,161.8870,1263.1676,166.8938,161.8870,5.0068,0.11830113,0.11475210,5.0068,161.8870,0.11475210,5.0068,5.0068,5.0068,6.6758,8.3447,161.8870,0.11475210,30.0409,27.9785,136.8529,138.9154,0.09700693,0.09846887,0.00354903,26.1251,31.7618,4.0706,166.8938,8.7839,1410.7542,41.0000,,26.1251,12.8578,25.7155,38.5733,49.1167,61.7173,84.5527,18.258,-3.8573,2.4,3.288,1.015926,17,17,2,6,0E-8,0.11830113,,0E-8,0.000000,0.923077,0.000000,,2026-06-30,2026-06-30,1,19,17,1,1.000000,,,0.000000,,,,,,,,GLOBAL_BASELINE_NO_ENTITY_RANKING,,,NOT_APPLICABLE_GLOBAL_BASELINE,HF9g-P5,,,,X 全窗基线 · 不参与实体赏罚,6875973,688,A168_HF9F_20260827_0900,2026-08-27 09:00:00
2026-06-30,6191564,1396,0,46.2879625583,-20.5724278037,-20.5724278037,0.5000000,3,2,0.47791308846130914,0.393584825000,0.06253225992228513,0.308045137873246,0.06253225992228513,0.08432826346130914,ELIGIBLE,R03b_20260811_FULL_v1,L1_ELIGIBILITY,v2026-08-11,2026-03-21..2026-08-06,baccarat_bet02_101_all_pairs_incl_sentinel,round_win = game_pnl > 0 (decisive only),COMPATIBILITY_ONLY_NOT_PRODUCTION,1410.7542,1302.2347,166.8938,54,41,-0.11830113,,-0.11830113,-0.11830113,-166.8938,1410.7542,OK,0.0000,5.0068,3.0000,97.0000,AG03-UNRESOLVED,ALL5_LEVELS_bet23_to_bet27,5.0068,5.0068,5.0068,6.6758,8.3447,3.000000,3.000000,3.000000,4.000000,5.000000,97.000000,97.000000,97.000000,96.000000,95.000000,5.0,30.0409,27.9785,136.8529,138.9154,PENDING_AG03,FALSE,NOT_FOR_ENFORCEMENT,161.8870,1263.1676,166.8938,161.8870,5.0068,0.11830113,0.11475210,5.0068,161.8870,0.11475210,5.0068,5.0068,5.0068,6.6758,8.3447,161.8870,0.11475210,30.0409,27.9785,136.8529,138.9154,0.09700693,0.09846887,0.00354903,26.1251,31.7618,4.0706,166.8938,8.7839,1410.7542,41.0000,,26.1251,12.8578,25.7155,38.5733,49.1167,61.7173,84.5527,18.258,-3.8573,2.4,3.288,1.015926,17,17,2,6,0E-8,0.11830113,,0E-8,0.000000,0.923077,0.000000,,2026-06-30,2026-06-30,1,19,17,1,1.000000,,,0.000000,,,,,,,,GLOBAL_BASELINE_NO_ENTITY_RANKING,,,NOT_APPLICABLE_GLOBAL_BASELINE,HF9g-P5,,,,X 全窗基线 · 不参与实体赏罚,6875974,688,A168_HF9F_20260827_0900,2026-08-27 09:00:00
2026-06-30,6191564,1400,0,227.8396379253,-5.9145729937,-5.9145729937,0.4285714,8,7,0.49424483928563739,0.470516107143,-0.3475340477194516,-0.22233726881203716,-0.3475340477194516,0.02372873214263739,ELIGIBLE,R03b_20260811_FULL_v1,L1_ELIGIBILITY,v2026-08-11,2026-03-21..2026-08-06,baccarat_bet02_101_all_pairs_incl_sentinel,round_win = game_pnl > 0 (decisive only),COMPATIBILITY_ONLY_NOT_PRODUCTION,1410.7542,1302.2347,166.8938,54,41,-0.11830113,,-0.11830113,-0.11830113,-166.8938,1410.7542,OK,0.0000,5.0068,3.0000,97.0000,AG03-UNRESOLVED,ALL5_LEVELS_bet23_to_bet27,5.0068,5.0068,5.0068,6.6758,8.3447,3.000000,3.000000,3.000000,4.000000,5.000000,97.000000,97.000000,97.000000,96.000000,95.000000,5.0,30.0409,27.9785,136.8529,138.9154,PENDING_AG03,FALSE,NOT_FOR_ENFORCEMENT,161.8870,1263.1676,166.8938,161.8870,5.0068,0.11830113,0.11475210,5.0068,161.8870,0.11475210,5.0068,5.0068,5.0068,6.6758,8.3447,161.8870,0.11475210,30.0409,27.9785,136.8529,138.9154,0.09700693,0.09846887,0.00354903,26.1251,31.7618,4.0706,166.8938,8.7839,1410.7542,41.0000,,26.1251,12.8578,25.7155,38.5733,49.1167,61.7173,84.5527,18.258,-3.8573,2.4,3.288,1.015926,17,17,2,6,0E-8,0.11830113,,0E-8,0.000000,0.923077,0.000000,,2026-06-30,2026-06-30,1,19,17,1,1.000000,,,0.000000,,,,,,,,GLOBAL_BASELINE_NO_ENTITY_RANKING,,,NOT_APPLICABLE_GLOBAL_BASELINE,HF9g-P5,,,,X 全窗基线 · 不参与实体赏罚,6875975,688,A168_HF9F_20260827_0900,2026-08-27 09:00:00
2026-06-30,6191564,1507,0,90.0043716409,-90.0043716409,-90.0043716409,0E-7,2,1,0.44778671428558348,0.300626750000,-0.9004968053858419,-0.655630731788307,-0.9004968053858419,0.14715996428558348,ELIGIBLE,R03b_20260811_FULL_v1,L1_ELIGIBILITY,v2026-08-11,2026-03-21..2026-08-06,baccarat_bet02_101_all_pairs_incl_sentinel,round_win = game_pnl > 0 (decisive only),COMPATIBILITY_ONLY_NOT_PRODUCTION,1410.7542,1302.2347,166.8938,54,41,-0.11830113,,-0.11830113,-0.11830113,-166.8938,1410.7542,OK,0.0000,5.0068,3.0000,97.0000,AG03-UNRESOLVED,ALL5_LEVELS_bet23_to_bet27,5.0068,5.0068,5.0068,6.6758,8.3447,3.000000,3.000000,3.000000,4.000000,5.000000,97.000000,97.000000,97.000000,96.000000,95.000000,5.0,30.0409,27.9785,136.8529,138.9154,PENDING_AG03,FALSE,NOT_FOR_ENFORCEMENT,161.8870,1263.1676,166.8938,161.8870,5.0068,0.11830113,0.11475210,5.0068,161.8870,0.11475210,5.0068,5.0068,5.0068,6.6758,8.3447,161.8870,0.11475210,30.0409,27.9785,136.8529,138.9154,0.09700693,0.09846887,0.00354903,26.1251,31.7618,4.0706,166.8938,8.7839,1410.7542,41.0000,,26.1251,12.8578,25.7155,38.5733,49.1167,61.7173,84.5527,18.258,-3.8573,2.4,3.288,1.015926,17,17,2,6,0E-8,0.11830113,,0E-8,0.000000,0.923077,0.000000,,2026-06-30,2026-06-30,1,19,17,1,1.000000,,,0.000000,,,,,,,,GLOBAL_BASELINE_NO_ENTITY_RANKING,,,NOT_APPLICABLE_GLOBAL_BASELINE,HF9g-P5,,,,X 全窗基线 · 不参与实体赏罚,6875976,688,A168_HF9F_20260827_0900,2026-08-27 09:00:00
2026-06-30,6191564,1509,0,46.2879625582,-46.2879625582,-46.2879625582,0E-7,2,1,0.44895186666676236,0.293924150000,-0.9026203549098767,-0.6451964315166089,-0.9026203549098767,0.15502771666676236,ELIGIBLE,R03b_20260811_FULL_v1,L1_ELIGIBILITY,v2026-08-11,2026-03-21..2026-08-06,baccarat_bet02_101_all_pairs_incl_sentinel,round_win = game_pnl > 0 (decisive only),COMPATIBILITY_ONLY_NOT_PRODUCTION,1410.7542,1302.2347,166.8938,54,41,-0.11830113,,-0.11830113,-0.11830113,-166.8938,1410.7542,OK,0.0000,5.0068,3.0000,97.0000,AG03-UNRESOLVED,ALL5_LEVELS_bet23_to_bet27,5.0068,5.0068,5.0068,6.6758,8.3447,3.000000,3.000000,3.000000,4.000000,5.000000,97.000000,97.000000,97.000000,96.000000,95.000000,5.0,30.0409,27.9785,136.8529,138.9154,PENDING_AG03,FALSE,NOT_FOR_ENFORCEMENT,161.8870,1263.1676,166.8938,161.8870,5.0068,0.11830113,0.11475210,5.0068,161.8870,0.11475210,5.0068,5.0068,5.0068,6.6758,8.3447,161.8870,0.11475210,30.0409,27.9785,136.8529,138.9154,0.09700693,0.09846887,0.00354903,26.1251,31.7618,4.0706,166.8938,8.7839,1410.7542,41.0000,,26.1251,12.8578,25.7155,38.5733,49.1167,61.7173,84.5527,18.258,-3.8573,2.4,3.288,1.015926,17,17,2,6,0E-8,0.11830113,,0E-8,0.000000,0.923077,0.000000,,2026-06-30,2026-06-30,1,19,17,1,1.000000,,,0.000000,,,,,,,,GLOBAL_BASELINE_NO_ENTITY_RANKING,,,NOT_APPLICABLE_GLOBAL_BASELINE,HF9g-P5,,,,X 全窗基线 · 不参与实体赏罚,6875977,688,A168_HF9F_20260827_0900,2026-08-27 09:00:00
2026-06-30,6191564,1949,0,85.8898860802,-35.7445933089,-35.7445933089,0.3333333,3,3,0.50218230000000000,0.502182300000,-0.5849155494134425,-0.5849155494134426,-0.5849155494134425,0E-17,ELIGIBLE,R03b_20260811_FULL_v1,L1_ELIGIBILITY,v2026-08-11,2026-03-21..2026-08-06,baccarat_bet02_101_all_pairs_incl_sentinel,round_win = game_pnl > 0 (decisive only),COMPATIBILITY_ONLY_NOT_PRODUCTION,1410.7542,1302.2347,166.8938,54,41,-0.11830113,,-0.11830113,-0.11830113,-166.8938,1410.7542,OK,0.0000,5.0068,3.0000,97.0000,AG03-UNRESOLVED,ALL5_LEVELS_bet23_to_bet27,5.0068,5.0068,5.0068,6.6758,8.3447,3.000000,3.000000,3.000000,4.000000,5.000000,97.000000,97.000000,97.000000,96.000000,95.000000,5.0,30.0409,27.9785,136.8529,138.9154,PENDING_AG03,FALSE,NOT_FOR_ENFORCEMENT,161.8870,1263.1676,166.8938,161.8870,5.0068,0.11830113,0.11475210,5.0068,161.8870,0.11475210,5.0068,5.0068,5.0068,6.6758,8.3447,161.8870,0.11475210,30.0409,27.9785,136.8529,138.9154,0.09700693,0.09846887,0.00354903,26.1251,31.7618,4.0706,166.8938,8.7839,1410.7542,41.0000,,26.1251,12.8578,25.7155,38.5733,49.1167,61.7173,84.5527,18.258,-3.8573,2.4,3.288,1.015926,17,17,2,6,0E-8,0.11830113,,0E-8,0.000000,0.923077,0.000000,,2026-06-30,2026-06-30,1,19,17,1,1.000000,,,0.000000,,,,,,,,GLOBAL_BASELINE_NO_ENTITY_RANKING,,,NOT_APPLICABLE_GLOBAL_BASELINE,HF9g-P5,,,,X 全窗基线 · 不参与实体赏罚,6875978,688,A168_HF9F_20260827_0900,2026-08-27 09:00:00
2026-06-30,6191564,2160,0,65.8317689716,-40.7591225859,-40.7591225859,0.2500000,4,4,0.49994810000000000,0.499948100000,-0.9997924053861017,-0.9997924053861017,-0.9997924053861017,0E-17,ELIGIBLE,R03b_20260811_FULL_v1,L1_ELIGIBILITY,v2026-08-11,2026-03-21..2026-08-06,baccarat_bet02_101_all_pairs_incl_sentinel,round_win = game_pnl > 0 (decisive only),COMPATIBILITY_ONLY_NOT_PRODUCTION,1410.7542,1302.2347,166.8938,54,41,-0.11830113,,-0.11830113,-0.11830113,-166.8938,1410.7542,OK,0.0000,5.0068,3.0000,97.0000,AG03-UNRESOLVED,ALL5_LEVELS_bet23_to_bet27,5.0068,5.0068,5.0068,6.6758,8.3447,3.000000,3.000000,3.000000,4.000000,5.000000,97.000000,97.000000,97.000000,96.000000,95.000000,5.0,30.0409,27.9785,136.8529,138.9154,PENDING_AG03,FALSE,NOT_FOR_ENFORCEMENT,161.8870,1263.1676,166.8938,161.8870,5.0068,0.11830113,0.11475210,5.0068,161.8870,0.11475210,5.0068,5.0068,5.0068,6.6758,8.3447,161.8870,0.11475210,30.0409,27.9785,136.8529,138.9154,0.09700693,0.09846887,0.00354903,26.1251,31.7618,4.0706,166.8938,8.7839,1410.7542,41.0000,,26.1251,12.8578,25.7155,38.5733,49.1167,61.7173,84.5527,18.258,-3.8573,2.4,3.288,1.015926,17,17,2,6,0E-8,0.11830113,,0E-8,0.000000,0.923077,0.000000,,2026-06-30,2026-06-30,1,19,17,1,1.000000,,,0.000000,,,,,,,,GLOBAL_BASELINE_NO_ENTITY_RANKING,,,NOT_APPLICABLE_GLOBAL_BASELINE,HF9g-P5,,,,X 全窗基线 · 不参与实体赏罚,6875979,688,A168_HF9F_20260827_0900,2026-08-27 09:00:00
2026-06-30,6191564,2235,0,113.1483529201,-41.1448556073,-41.1448556073,0.3333333,3,3,0.49771390000000000,0.497713900000,-0.5694369385616226,-0.5694369385616226,-0.5694369385616226,0E-17,ELIGIBLE,R03b_20260811_FULL_v1,L1_ELIGIBILITY,v2026-08-11,2026-03-21..2026-08-06,baccarat_bet02_101_all_pairs_incl_sentinel,round_win = game_pnl > 0 (decisive only),COMPATIBILITY_ONLY_NOT_PRODUCTION,1410.7542,1302.2347,166.8938,54,41,-0.11830113,,-0.11830113,-0.11830113,-166.8938,1410.7542,OK,0.0000,5.0068,3.0000,97.0000,AG03-UNRESOLVED,ALL5_LEVELS_bet23_to_bet27,5.0068,5.0068,5.0068,6.6758,8.3447,3.000000,3.000000,3.000000,4.000000,5.000000,97.000000,97.000000,97.000000,96.000000,95.000000,5.0,30.0409,27.9785,136.8529,138.9154,PENDING_AG03,FALSE,NOT_FOR_ENFORCEMENT,161.8870,1263.1676,166.8938,161.8870,5.0068,0.11830113,0.11475210,5.0068,161.8870,0.11475210,5.0068,5.0068,5.0068,6.6758,8.3447,161.8870,0.11475210,30.0409,27.9785,136.8529,138.9154,0.09700693,0.09846887,0.00354903,26.1251,31.7618,4.0706,166.8938,8.7839,1410.7542,41.0000,,26.1251,12.8578,25.7155,38.5733,49.1167,61.7173,84.5527,18.258,-3.8573,2.4,3.288,1.015926,17,17,2,6,0E-8,0.11830113,,0E-8,0.000000,0.923077,0.000000,,2026-06-30,2026-06-30,1,19,17,1,1.000000,,,0.000000,,,,,,,,GLOBAL_BASELINE_NO_ENTITY_RANKING,,,NOT_APPLICABLE_GLOBAL_BASELINE,HF9g-P5,,,,X 全窗基线 · 不参与实体赏罚,6875980,688,A168_HF9F_20260827_0900,2026-08-27 09:00:00
2026-06-30,6191564,2251,0,38.5733021318,-38.5733021318,-38.5733021318,0E-7,1,1,0.49324550000000000,0.493245500000,-0.9865810262130424,-0.9865810262130424,-0.9865810262130424,0E-17,ELIGIBLE,R03b_20260811_FULL_v1,L1_ELIGIBILITY,v2026-08-11,2026-03-21..2026-08-06,baccarat_bet02_101_all_pairs_incl_sentinel,round_win = game_pnl > 0 (decisive only),COMPATIBILITY_ONLY_NOT_PRODUCTION,1410.7542,1302.2347,166.8938,54,41,-0.11830113,,-0.11830113,-0.11830113,-166.8938,1410.7542,OK,0.0000,5.0068,3.0000,97.0000,AG03-UNRESOLVED,ALL5_LEVELS_bet23_to_bet27,5.0068,5.0068,5.0068,6.6758,8.3447,3.000000,3.000000,3.000000,4.000000,5.000000,97.000000,97.000000,97.000000,96.000000,95.000000,5.0,30.0409,27.9785,136.8529,138.9154,PENDING_AG03,FALSE,NOT_FOR_ENFORCEMENT,161.8870,1263.1676,166.8938,161.8870,5.0068,0.11830113,0.11475210,5.0068,161.8870,0.11475210,5.0068,5.0068,5.0068,6.6758,8.3447,161.8870,0.11475210,30.0409,27.9785,136.8529,138.9154,0.09700693,0.09846887,0.00354903,26.1251,31.7618,4.0706,166.8938,8.7839,1410.7542,41.0000,,26.1251,12.8578,25.7155,38.5733,49.1167,61.7173,84.5527,18.258,-3.8573,2.4,3.288,1.015926,17,17,2,6,0E-8,0.11830113,,0E-8,0.000000,0.923077,0.000000,,2026-06-30,2026-06-30,1,19,17,1,1.000000,,,0.000000,,,,,,,,GLOBAL_BASELINE_NO_ENTITY_RANKING,,,NOT_APPLICABLE_GLOBAL_BASELINE,HF9g-P5,,,,X 全窗基线 · 不参与实体赏罚,6875981,688,A168_HF9F_20260827_0900,2026-08-27 09:00:00
2026-06-30,6191564,2274,0,38.5733021318,-38.5733021318,-38.5733021318,0E-7,2,2,0.49324550000000000,0.493245500000,-1.3952362676504506,-1.3952362676504506,-1.3952362676504506,0E-17,ELIGIBLE,R03b_20260811_FULL_v1,L1_ELIGIBILITY,v2026-08-11,2026-03-21..2026-08-06,baccarat_bet02_101_all_pairs_incl_sentinel,round_win = game_pnl > 0 (decisive only),COMPATIBILITY_ONLY_NOT_PRODUCTION,1410.7542,1302.2347,166.8938,54,41,-0.11830113,,-0.11830113,-0.11830113,-166.8938,1410.7542,OK,0.0000,5.0068,3.0000,97.0000,AG03-UNRESOLVED,ALL5_LEVELS_bet23_to_bet27,5.0068,5.0068,5.0068,6.6758,8.3447,3.000000,3.000000,3.000000,4.000000,5.000000,97.000000,97.000000,97.000000,96.000000,95.000000,5.0,30.0409,27.9785,136.8529,138.9154,PENDING_AG03,FALSE,NOT_FOR_ENFORCEMENT,161.8870,1263.1676,166.8938,161.8870,5.0068,0.11830113,0.11475210,5.0068,161.8870,0.11475210,5.0068,5.0068,5.0068,6.6758,8.3447,161.8870,0.11475210,30.0409,27.9785,136.8529,138.9154,0.09700693,0.09846887,0.00354903,26.1251,31.7618,4.0706,166.8938,8.7839,1410.7542,41.0000,,26.1251,12.8578,25.7155,38.5733,49.1167,61.7173,84.5527,18.258,-3.8573,2.4,3.288,1.015926,17,17,2,6,0E-8,0.11830113,,0E-8,0.000000,0.923077,0.000000,,2026-06-30,2026-06-30,1,19,17,1,1.000000,,,0.000000,,,,,,,,GLOBAL_BASELINE_NO_ENTITY_RANKING,,,NOT_APPLICABLE_GLOBAL_BASELINE,HF9g-P5,,,,X 全窗基线 · 不参与实体赏罚,6875982,688,A168_HF9F_20260827_0900,2026-08-27 09:00:00
2026-06-30,6191564,471,0,12.8577673773,-12.8577673773,-12.8577673773,0E-7,1,1,0.50665070000000000,0.506650700000,-1.013391052207602,-1.013391052207602,-1.013391052207602,0E-17,ELIGIBLE,R03b_20260811_FULL_v1,L1_ELIGIBILITY,v2026-08-11,2026-03-21..2026-08-06,baccarat_bet02_101_all_pairs_incl_sentinel,round_win = game_pnl > 0 (decisive only),COMPATIBILITY_ONLY_NOT_PRODUCTION,1410.7542,1302.2347,166.8938,54,41,-0.11830113,,-0.11830113,-0.11830113,-166.8938,1410.7542,OK,0.0000,5.0068,3.0000,97.0000,AG03-UNRESOLVED,ALL5_LEVELS_bet23_to_bet27,5.0068,5.0068,5.0068,6.6758,8.3447,3.000000,3.000000,3.000000,4.000000,5.000000,97.000000,97.000000,97.000000,96.000000,95.000000,5.0,30.0409,27.9785,136.8529,138.9154,PENDING_AG03,FALSE,NOT_FOR_ENFORCEMENT,161.8870,1263.1676,166.8938,161.8870,5.0068,0.11830113,0.11475210,5.0068,161.8870,0.11475210,5.0068,5.0068,5.0068,6.6758,8.3447,161.8870,0.11475210,30.0409,27.9785,136.8529,138.9154,0.09700693,0.09846887,0.00354903,26.1251,31.7618,4.0706,166.8938,8.7839,1410.7542,41.0000,,26.1251,12.8578,25.7155,38.5733,49.1167,61.7173,84.5527,18.258,-3.8573,2.4,3.288,1.015926,17,17,2,6,0E-8,0.11830113,,0E-8,0.000000,0.923077,0.000000,,2026-06-30,2026-06-30,1,19,17,1,1.000000,,,0.000000,,,,,,,,GLOBAL_BASELINE_NO_ENTITY_RANKING,,,NOT_APPLICABLE_GLOBAL_BASELINE,HF9g-P5,,,,X 全窗基线 · 不参与实体赏罚,6875983,688,A168_HF9F_20260827_0900,2026-08-27 09:00:00
2026-06-30,6191564,595,0,60.6886620207,-16.4579422429,-16.4579422429,0.5000000,2,2,0.49324550000000000,0.493245500000,0.01910635448239258,0.01910635448239258,0.01910635448239258,0E-17,ELIGIBLE,R03b_20260811_FULL_v1,L1_ELIGIBILITY,v2026-08-11,2026-03-21..2026-08-06,baccarat_bet02_101_all_pairs_incl_sentinel,round_win = game_pnl > 0 (decisive only),COMPATIBILITY_ONLY_NOT_PRODUCTION,1410.7542,1302.2347,166.8938,54,41,-0.11830113,,-0.11830113,-0.11830113,-166.8938,1410.7542,OK,0.0000,5.0068,3.0000,97.0000,AG03-UNRESOLVED,ALL5_LEVELS_bet23_to_bet27,5.0068,5.0068,5.0068,6.6758,8.3447,3.000000,3.000000,3.000000,4.000000,5.000000,97.000000,97.000000,97.000000,96.000000,95.000000,5.0,30.0409,27.9785,136.8529,138.9154,PENDING_AG03,FALSE,NOT_FOR_ENFORCEMENT,161.8870,1263.1676,166.8938,161.8870,5.0068,0.11830113,0.11475210,5.0068,161.8870,0.11475210,5.0068,5.0068,5.0068,6.6758,8.3447,161.8870,0.11475210,30.0409,27.9785,136.8529,138.9154,0.09700693,0.09846887,0.00354903,26.1251,31.7618,4.0706,166.8938,8.7839,1410.7542,41.0000,,26.1251,12.8578,25.7155,38.5733,49.1167,61.7173,84.5527,18.258,-3.8573,2.4,3.288,1.015926,17,17,2,6,0E-8,0.11830113,,0E-8,0.000000,0.923077,0.000000,,2026-06-30,2026-06-30,1,19,17,1,1.000000,,,0.000000,,,,,,,,GLOBAL_BASELINE_NO_ENTITY_RANKING,,,NOT_APPLICABLE_GLOBAL_BASELINE,HF9g-P5,,,,X 全窗基线 · 不参与实体赏罚,6875984,688,A168_HF9F_20260827_0900,2026-08-27 09:00:00
2026-06-30,6191564,925,0,69.4319438373,56.5741764600,56.5741764600,1.0000000,3,2,0.48121865000003311,0.396936125000,1.4683715119283935,1.7431563486697372,1.4683715119283935,0.08428252500003311,ELIGIBLE,R03b_20260811_FULL_v1,L1_ELIGIBILITY,v2026-08-11,2026-03-21..2026-08-06,baccarat_bet02_101_all_pairs_incl_sentinel,round_win = game_pnl > 0 (decisive only),COMPATIBILITY_ONLY_NOT_PRODUCTION,1410.7542,1302.2347,166.8938,54,41,-0.11830113,,-0.11830113,-0.11830113,-166.8938,1410.7542,OK,0.0000,5.0068,3.0000,97.0000,AG03-UNRESOLVED,ALL5_LEVELS_bet23_to_bet27,5.0068,5.0068,5.0068,6.6758,8.3447,3.000000,3.000000,3.000000,4.000000,5.000000,97.000000,97.000000,97.000000,96.000000,95.000000,5.0,30.0409,27.9785,136.8529,138.9154,PENDING_AG03,FALSE,NOT_FOR_ENFORCEMENT,161.8870,1263.1676,166.8938,161.8870,5.0068,0.11830113,0.11475210,5.0068,161.8870,0.11475210,5.0068,5.0068,5.0068,6.6758,8.3447,161.8870,0.11475210,30.0409,27.9785,136.8529,138.9154,0.09700693,0.09846887,0.00354903,26.1251,31.7618,4.0706,166.8938,8.7839,1410.7542,41.0000,,26.1251,12.8578,25.7155,38.5733,49.1167,61.7173,84.5527,18.258,-3.8573,2.4,3.288,1.015926,17,17,2,6,0E-8,0.11830113,,0E-8,0.000000,0.923077,0.000000,,2026-06-30,2026-06-30,1,19,17,1,1.000000,,,0.000000,,,,,,,,GLOBAL_BASELINE_NO_ENTITY_RANKING,,,NOT_APPLICABLE_GLOBAL_BASELINE,HF9g-P5,,,,X 全窗基线 · 不参与实体赏罚,6875985,688,A168_HF9F_20260827_0900,2026-08-27 09:00:00
2026-06-30,6191564,987,0,25.7155347545,-25.7155347545,-25.7155347545,0E-7,1,1,0.50665070000000000,0.506650700000,-1.013391052207602,-1.013391052207602,-1.013391052207602,0E-17,ELIGIBLE,R03b_20260811_FULL_v1,L1_ELIGIBILITY,v2026-08-11,2026-03-21..2026-08-06,baccarat_bet02_101_all_pairs_incl_sentinel,round_win = game_pnl > 0 (decisive only),COMPATIBILITY_ONLY_NOT_PRODUCTION,1410.7542,1302.2347,166.8938,54,41,-0.11830113,,-0.11830113,-0.11830113,-166.8938,1410.7542,OK,0.0000,5.0068,3.0000,97.0000,AG03-UNRESOLVED,ALL5_LEVELS_bet23_to_bet27,5.0068,5.0068,5.0068,6.6758,8.3447,3.000000,3.000000,3.000000,4.000000,5.000000,97.000000,97.000000,97.000000,96.000000,95.000000,5.0,30.0409,27.9785,136.8529,138.9154,PENDING_AG03,FALSE,NOT_FOR_ENFORCEMENT,161.8870,1263.1676,166.8938,161.8870,5.0068,0.11830113,0.11475210,5.0068,161.8870,0.11475210,5.0068,5.0068,5.0068,6.6758,8.3447,161.8870,0.11475210,30.0409,27.9785,136.8529,138.9154,0.09700693,0.09846887,0.00354903,26.1251,31.7618,4.0706,166.8938,8.7839,1410.7542,41.0000,,26.1251,12.8578,25.7155,38.5733,49.1167,61.7173,84.5527,18.258,-3.8573,2.4,3.288,1.015926,17,17,2,6,0E-8,0.11830113,,0E-8,0.000000,0.923077,0.000000,,2026-06-30,2026-06-30,1,19,17,1,1.000000,,,0.000000,,,,,,,,GLOBAL_BASELINE_NO_ENTITY_RANKING,,,NOT_APPLICABLE_GLOBAL_BASELINE,HF9g-P5,,,,X 全窗基线 · 不参与实体赏罚,6875986,688,A168_HF9F_20260827_0900,2026-08-27 09:00:00
2026-06-30,6191564,994,0,38.5733021318,0E-10,0E-10,,1,1,0.49324550000000000,0.493245500000,,,,0E-17,NO_DECISIVE_ROUND,R03b_20260811_FULL_v1,L1_ELIGIBILITY,v2026-08-11,2026-03-21..2026-08-06,baccarat_bet02_101_all_pairs_incl_sentinel,round_win = game_pnl > 0 (decisive only),COMPATIBILITY_ONLY_NOT_PRODUCTION,1410.7542,1302.2347,166.8938,54,41,-0.11830113,,-0.11830113,-0.11830113,-166.8938,1410.7542,OK,0.0000,5.0068,3.0000,97.0000,AG03-UNRESOLVED,ALL5_LEVELS_bet23_to_bet27,5.0068,5.0068,5.0068,6.6758,8.3447,3.000000,3.000000,3.000000,4.000000,5.000000,97.000000,97.000000,97.000000,96.000000,95.000000,5.0,30.0409,27.9785,136.8529,138.9154,PENDING_AG03,FALSE,NOT_FOR_ENFORCEMENT,161.8870,1263.1676,166.8938,161.8870,5.0068,0.11830113,0.11475210,5.0068,161.8870,0.11475210,5.0068,5.0068,5.0068,6.6758,8.3447,161.8870,0.11475210,30.0409,27.9785,136.8529,138.9154,0.09700693,0.09846887,0.00354903,26.1251,31.7618,4.0706,166.8938,8.7839,1410.7542,41.0000,,26.1251,12.8578,25.7155,38.5733,49.1167,61.7173,84.5527,18.258,-3.8573,2.4,3.288,1.015926,17,17,2,6,0E-8,0.11830113,,0E-8,0.000000,0.923077,0.000000,,2026-06-30,2026-06-30,1,19,17,1,1.000000,,,0.000000,,,,,,,,GLOBAL_BASELINE_NO_ENTITY_RANKING,,,NOT_APPLICABLE_GLOBAL_BASELINE,HF9g-P5,,,,X 全窗基线 · 不参与实体赏罚,6875987,688,A168_HF9F_20260827_0900,2026-08-27 09:00:00
2026-06-02,150913814,2123,0,166.8938205570,-166.8938205570,-166.8938205570,0E-7,2,2,0.49994810000000000,0.499948100000,-1.4140667746232096,-1.4140667746232096,-1.4140667746232096,0E-17,ELIGIBLE,R03b_20260811_FULL_v1,L1_ELIGIBILITY,v2026-08-11,2026-03-21..2026-08-06,baccarat_bet02_101_all_pairs_incl_sentinel,round_win = game_pnl > 0 (decisive only),COMPATIBILITY_ONLY_NOT_PRODUCTION,166.8938,166.8938,166.8938,2,2,-1.00000000,,-1.00000000,-1.00000000,-166.8938,166.8938,THIN_EXPOSURE,0.0000,5.0068,3.0000,97.0000,AG03-UNRESOLVED,ALL5_LEVELS_bet23_to_bet27,5.0068,5.0068,5.0068,6.6758,6.6758,3.000000,3.000000,3.000000,4.000000,4.000000,97.000000,97.000000,97.000000,96.000000,96.000000,5.0,28.3719,26.5162,138.5219,140.3776,PENDING_AG03,FALSE,NOT_FOR_ENFORCEMENT,161.8870,161.8870,166.8938,161.8870,5.0068,1.00000000,0.97000000,5.0068,161.8870,0.97000000,5.0068,5.0068,5.0068,6.6758,6.6758,161.8870,0.97000000,28.3719,26.5162,138.5219,140.3776,0.83000000,0.84111944,0.03000000,83.4469,83.4469,83.4469,166.8938,166.8938,166.8938,2.0000,,83.4469,64.2888,83.4469,102.605,102.605,102.605,102.605,83.4469,-83.4469,1.229584,1.229584,1.0,1,1,1,2,0E-8,1.00000000,,0E-8,0.000000,1.000000,0.000000,,2026-06-02,2026-06-02,1,1,1,1,1.000000,,,0.000000,,,,,,,,GLOBAL_BASELINE_NO_ENTITY_RANKING,,,NOT_APPLICABLE_GLOBAL_BASELINE,HF9g-P5,,,,X 全窗基线 · 不参与实体赏罚,6875988,688,A168_HF9F_20260827_0900,2026-08-27 09:00:00
2026-06-11,151307776,-1,1,25.7155347545,-25.7155347545,-25.7155347545,0E-7,1,1,0.50665070000000000,0.506650700000,-1.013391052207602,-1.013391052207602,-1.013391052207602,0E-17,SENTINEL_DEALER,R03b_20260811_FULL_v1,L1_ELIGIBILITY,v2026-08-11,2026-03-21..2026-08-06,baccarat_bet02_101_all_pairs_incl_sentinel,round_win = game_pnl > 0 (decisive only),COMPATIBILITY_ONLY_NOT_PRODUCTION,166.8938,166.8938,166.8938,4,4,-1.00000000,,-1.00000000,-1.00000000,-166.8938,166.8938,THIN_EXPOSURE,0.0000,5.0068,3.0000,97.0000,AG03-UNRESOLVED,ALL5_LEVELS_bet23_to_bet27,5.0068,5.0068,5.0068,6.6758,6.6758,3.000000,3.000000,3.000000,4.000000,4.000000,97.000000,97.000000,97.000000,96.000000,96.000000,5.0,28.3719,26.5162,138.5219,140.3776,PENDING_AG03,FALSE,NOT_FOR_ENFORCEMENT,161.8870,161.8870,166.8938,161.8870,5.0068,1.00000000,0.97000000,5.0068,161.8870,0.97000000,5.0068,5.0068,5.0068,6.6758,6.6758,161.8870,0.97000000,28.3719,26.5162,138.5219,140.3776,0.83000000,0.84111944,0.03000000,41.7235,41.7235,41.7235,166.8938,41.7235,166.8938,4.0000,,41.7235,25.7155,38.5733,57.7314,64.0317,64.0317,64.0317,38.5733,-38.5733,1.66,1.66,1.081667,4,4,1,2,0E-8,1.00000000,,0E-8,0.000000,1.000000,0.000000,,2026-06-11,2026-06-11,1,4,4,1,1.000000,,,0.000000,,,,,,,,GLOBAL_BASELINE_NO_ENTITY_RANKING,,,NOT_APPLICABLE_GLOBAL_BASELINE,HF9g-P5,,,,X 全窗基线 · 不参与实体赏罚,6875989,688,A168_HF9F_20260827_0900,2026-08-27 09:00:00
2026-06-11,151307776,1985,0,64.0316815388,-64.0316815388,-64.0316815388,0E-7,1,1,0.50665070000000000,0.506650700000,-1.013391052207602,-1.013391052207602,-1.013391052207602,0E-17,ELIGIBLE,R03b_20260811_FULL_v1,L1_ELIGIBILITY,v2026-08-11,2026-03-21..2026-08-06,baccarat_bet02_101_all_pairs_incl_sentinel,round_win = game_pnl > 0 (decisive only),COMPATIBILITY_ONLY_NOT_PRODUCTION,166.8938,166.8938,166.8938,4,4,-1.00000000,,-1.00000000,-1.00000000,-166.8938,166.8938,THIN_EXPOSURE,0.0000,5.0068,3.0000,97.0000,AG03-UNRESOLVED,ALL5_LEVELS_bet23_to_bet27,5.0068,5.0068,5.0068,6.6758,6.6758,3.000000,3.000000,3.000000,4.000000,4.000000,97.000000,97.000000,97.000000,96.000000,96.000000,5.0,28.3719,26.5162,138.5219,140.3776,PENDING_AG03,FALSE,NOT_FOR_ENFORCEMENT,161.8870,161.8870,166.8938,161.8870,5.0068,1.00000000,0.97000000,5.0068,161.8870,0.97000000,5.0068,5.0068,5.0068,6.6758,6.6758,161.8870,0.97000000,28.3719,26.5162,138.5219,140.3776,0.83000000,0.84111944,0.03000000,41.7235,41.7235,41.7235,166.8938,41.7235,166.8938,4.0000,,41.7235,25.7155,38.5733,57.7314,64.0317,64.0317,64.0317,38.5733,-38.5733,1.66,1.66,1.081667,4,4,1,2,0E-8,1.00000000,,0E-8,0.000000,1.000000,0.000000,,2026-06-11,2026-06-11,1,4,4,1,1.000000,,,0.000000,,,,,,,,GLOBAL_BASELINE_NO_ENTITY_RANKING,,,NOT_APPLICABLE_GLOBAL_BASELINE,HF9g-P5,,,,X 全窗基线 · 不参与实体赏罚,6875990,688,A168_HF9F_20260827_0900,2026-08-27 09:00:00
2026-06-11,151307776,2152,0,25.7155347545,-25.7155347545,-25.7155347545,0E-7,1,1,0.50665070000000000,0.506650700000,-1.013391052207602,-1.013391052207602,-1.013391052207602,0E-17,ELIGIBLE,R03b_20260811_FULL_v1,L1_ELIGIBILITY,v2026-08-11,2026-03-21..2026-08-06,baccarat_bet02_101_all_pairs_incl_sentinel,round_win = game_pnl > 0 (decisive only),COMPATIBILITY_ONLY_NOT_PRODUCTION,166.8938,166.8938,166.8938,4,4,-1.00000000,,-1.00000000,-1.00000000,-166.8938,166.8938,THIN_EXPOSURE,0.0000,5.0068,3.0000,97.0000,AG03-UNRESOLVED,ALL5_LEVELS_bet23_to_bet27,5.0068,5.0068,5.0068,6.6758,6.6758,3.000000,3.000000,3.000000,4.000000,4.000000,97.000000,97.000000,97.000000,96.000000,96.000000,5.0,28.3719,26.5162,138.5219,140.3776,PENDING_AG03,FALSE,NOT_FOR_ENFORCEMENT,161.8870,161.8870,166.8938,161.8870,5.0068,1.00000000,0.97000000,5.0068,161.8870,0.97000000,5.0068,5.0068,5.0068,6.6758,6.6758,161.8870,0.97000000,28.3719,26.5162,138.5219,140.3776,0.83000000,0.84111944,0.03000000,41.7235,41.7235,41.7235,166.8938,41.7235,166.8938,4.0000,,41.7235,25.7155,38.5733,57.7314,64.0317,64.0317,64.0317,38.5733,-38.5733,1.66,1.66,1.081667,4,4,1,2,0E-8,1.00000000,,0E-8,0.000000,1.000000,0.000000,,2026-06-11,2026-06-11,1,4,4,1,1.000000,,,0.000000,,,,,,,,GLOBAL_BASELINE_NO_ENTITY_RANKING,,,NOT_APPLICABLE_GLOBAL_BASELINE,HF9g-P5,,,,X 全窗基线 · 不参与实体赏罚,6875991,688,A168_HF9F_20260827_0900,2026-08-27 09:00:00
2026-06-11,151307776,2171,0,51.4310695091,-51.4310695091,-51.4310695091,0E-7,1,1,0.49324550000000000,0.493245500000,-0.9865810262130424,-0.9865810262130424,-0.9865810262130424,0E-17,ELIGIBLE,R03b_20260811_FULL_v1,L1_ELIGIBILITY,v2026-08-11,2026-03-21..2026-08-06,baccarat_bet02_101_all_pairs_incl_sentinel,round_win = game_pnl > 0 (decisive only),COMPATIBILITY_ONLY_NOT_PRODUCTION,166.8938,166.8938,166.8938,4,4,-1.00000000,,-1.00000000,-1.00000000,-166.8938,166.8938,THIN_EXPOSURE,0.0000,5.0068,3.0000,97.0000,AG03-UNRESOLVED,ALL5_LEVELS_bet23_to_bet27,5.0068,5.0068,5.0068,6.6758,6.6758,3.000000,3.000000,3.000000,4.000000,4.000000,97.000000,97.000000,97.000000,96.000000,96.000000,5.0,28.3719,26.5162,138.5219,140.3776,PENDING_AG03,FALSE,NOT_FOR_ENFORCEMENT,161.8870,161.8870,166.8938,161.8870,5.0068,1.00000000,0.97000000,5.0068,161.8870,0.97000000,5.0068,5.0068,5.0068,6.6758,6.6758,161.8870,0.97000000,28.3719,26.5162,138.5219,140.3776,0.83000000,0.84111944,0.03000000,41.7235,41.7235,41.7235,166.8938,41.7235,166.8938,4.0000,,41.7235,25.7155,38.5733,57.7314,64.0317,64.0317,64.0317,38.5733,-38.5733,1.66,1.66,1.081667,4,4,1,2,0E-8,1.00000000,,0E-8,0.000000,1.000000,0.000000,,2026-06-11,2026-06-11,1,4,4,1,1.000000,,,0.000000,,,,,,,,GLOBAL_BASELINE_NO_ENTITY_RANKING,,,NOT_APPLICABLE_GLOBAL_BASELINE,HF9g-P5,,,,X 全窗基线 · 不参与实体赏罚,6875992,688,A168_HF9F_20260827_0900,2026-08-27 09:00:00
2026-03-22,146019672,1304,0,15.4062857646,-15.4062857646,-15.4062857646,0E-7,2,2,0.49994810000000000,0.499948100000,-1.4140667746232096,-1.4140667746232096,-1.4140667746232096,0E-17,ELIGIBLE,R03b_20260811_FULL_v1,L1_ELIGIBILITY,v2026-08-11,2026-03-21..2026-08-06,baccarat_bet02_101_all_pairs_incl_sentinel,round_win = game_pnl > 0 (decisive only),COMPATIBILITY_ONLY_NOT_PRODUCTION,2355.8767,2148.5998,168.6337,359,359,-0.07158000,-0.29525223,-0.06492336,-0.07158000,-168.6337,2355.8767,OK,0.0000,6.7453,4.0000,96.0000,AG03-UNRESOLVED,ALL5_LEVELS_bet23_to_bet27,6.7453,6.7453,6.7453,6.7453,6.7453,4.000000,4.000000,4.000000,4.000000,4.000000,96.000000,96.000000,96.000000,96.000000,96.000000,5.0,33.7267,31.1344,134.9069,137.4993,PENDING_AG03,FALSE,NOT_FOR_ENFORCEMENT,161.8883,2062.6558,168.6337,161.8883,6.7453,0.07158000,0.06871680,6.7453,161.8883,0.06871680,6.7453,6.7453,6.7453,6.7453,6.7453,161.8883,0.06871680,33.7267,31.1344,134.9069,137.4993,0.05726400,0.05836438,0.00286320,6.5623,5.9850,0.4697,8.0302,2.1346,112.1846,17.0952,8.5108,6.5179,4.2165,4.4018,10.5412,11.0045,11.0045,21.0824,4.4018,0.0,2.5,4.789493,1.49083,8,52,9,2,0.02890062,0.07158000,0.29525223,0E-8,0.000000,0.912017,0.000000,-0.23032887,2026-03-22,2026-08-01,21,79,66,133,0.157895,1.305752,1.296916,0.096335,,,,,,,,GLOBAL_BASELINE_NO_ENTITY_RANKING,,,NOT_APPLICABLE_GLOBAL_BASELINE,HF9g-P5,,,,X 全窗基线 · 不参与实体赏罚,6875993,688,A168_HF9F_20260827_0900,2026-08-27 09:00:00
2026-03-22,146019672,1405,0,7.0428734924,-3.5214367462,-3.5214367462,0E-7,2,2,0.49324550000000000,0.493245500000,-0.9865810262130424,-0.9865810262130424,-0.9865810262130424,0E-17,ELIGIBLE,R03b_20260811_FULL_v1,L1_ELIGIBILITY,v2026-08-11,2026-03-21..2026-08-06,baccarat_bet02_101_all_pairs_incl_sentinel,round_win = game_pnl > 0 (decisive only),COMPATIBILITY_ONLY_NOT_PRODUCTION,2355.8767,2148.5998,168.6337,359,359,-0.07158000,-0.29525223,-0.06492336,-0.07158000,-168.6337,2355.8767,OK,0.0000,6.7453,4.0000,96.0000,AG03-UNRESOLVED,ALL5_LEVELS_bet23_to_bet27,6.7453,6.7453,6.7453,6.7453,6.7453,4.000000,4.000000,4.000000,4.000000,4.000000,96.000000,96.000000,96.000000,96.000000,96.000000,5.0,33.7267,31.1344,134.9069,137.4993,PENDING_AG03,FALSE,NOT_FOR_ENFORCEMENT,161.8883,2062.6558,168.6337,161.8883,6.7453,0.07158000,0.06871680,6.7453,161.8883,0.06871680,6.7453,6.7453,6.7453,6.7453,6.7453,161.8883,0.06871680,33.7267,31.1344,134.9069,137.4993,0.05726400,0.05836438,0.00286320,6.5623,5.9850,0.4697,8.0302,2.1346,112.1846,17.0952,8.5108,6.5179,4.2165,4.4018,10.5412,11.0045,11.0045,21.0824,4.4018,0.0,2.5,4.789493,1.49083,8,52,9,2,0.02890062,0.07158000,0.29525223,0E-8,0.000000,0.912017,0.000000,-0.23032887,2026-03-22,2026-08-01,21,79,66,133,0.157895,1.305752,1.296916,0.096335,,,,,,,,GLOBAL_BASELINE_NO_ENTITY_RANKING,,,NOT_APPLICABLE_GLOBAL_BASELINE,HF9g-P5,,,,X 全窗基线 · 不参与实体赏罚,6875994,688,A168_HF9F_20260827_0900,2026-08-27 09:00:00
2026-03-22,146019672,1485,0,77.0314288230,3.7415265429,3.7415265429,0.5555556,10,10,0.50128862000000000,0.501288620000,0.3256026946887059,0.3256026946887059,0.3256026946887059,0E-17,ELIGIBLE,R03b_20260811_FULL_v1,L1_ELIGIBILITY,v2026-08-11,2026-03-21..2026-08-06,baccarat_bet02_101_all_pairs_incl_sentinel,round_win = game_pnl > 0 (decisive only),COMPATIBILITY_ONLY_NOT_PRODUCTION,2355.8767,2148.5998,168.6337,359,359,-0.07158000,-0.29525223,-0.06492336,-0.07158000,-168.6337,2355.8767,OK,0.0000,6.7453,4.0000,96.0000,AG03-UNRESOLVED,ALL5_LEVELS_bet23_to_bet27,6.7453,6.7453,6.7453,6.7453,6.7453,4.000000,4.000000,4.000000,4.000000,4.000000,96.000000,96.000000,96.000000,96.000000,96.000000,5.0,33.7267,31.1344,134.9069,137.4993,PENDING_AG03,FALSE,NOT_FOR_ENFORCEMENT,161.8883,2062.6558,168.6337,161.8883,6.7453,0.07158000,0.06871680,6.7453,161.8883,0.06871680,6.7453,6.7453,6.7453,6.7453,6.7453,161.8883,0.06871680,33.7267,31.1344,134.9069,137.4993,0.05726400,0.05836438,0.00286320,6.5623,5.9850,0.4697,8.0302,2.1346,112.1846,17.0952,8.5108,6.5179,4.2165,4.4018,10.5412,11.0045,11.0045,21.0824,4.4018,0.0,2.5,4.789493,1.49083,8,52,9,2,0.02890062,0.07158000,0.29525223,0E-8,0.000000,0.912017,0.000000,-0.23032887,2026-03-22,2026-08-01,21,79,66,133,0.157895,1.305752,1.296916,0.096335,,,,,,,,GLOBAL_BASELINE_NO_ENTITY_RANKING,,,NOT_APPLICABLE_GLOBAL_BASELINE,HF9g-P5,,,,X 全窗基线 · 不参与实体赏罚,6875995,688,A168_HF9F_20260827_0900,2026-08-27 09:00:00
2026-03-22,146019672,1646,0,2.2008979664,-2.2008979664,-2.2008979664,0E-7,1,1,0.49324550000000000,0.493245500000,-0.9865810262130424,-0.9865810262130424,-0.9865810262130424,0E-17,ELIGIBLE,R03b_20260811_FULL_v1,L1_ELIGIBILITY,v2026-08-11,2026-03-21..2026-08-06,baccarat_bet02_101_all_pairs_incl_sentinel,round_win = game_pnl > 0 (decisive only),COMPATIBILITY_ONLY_NOT_PRODUCTION,2355.8767,2148.5998,168.6337,359,359,-0.07158000,-0.29525223,-0.06492336,-0.07158000,-168.6337,2355.8767,OK,0.0000,6.7453,4.0000,96.0000,AG03-UNRESOLVED,ALL5_LEVELS_bet23_to_bet27,6.7453,6.7453,6.7453,6.7453,6.7453,4.000000,4.000000,4.000000,4.000000,4.000000,96.000000,96.000000,96.000000,96.000000,96.000000,5.0,33.7267,31.1344,134.9069,137.4993,PENDING_AG03,FALSE,NOT_FOR_ENFORCEMENT,161.8883,2062.6558,168.6337,161.8883,6.7453,0.07158000,0.06871680,6.7453,161.8883,0.06871680,6.7453,6.7453,6.7453,6.7453,6.7453,161.8883,0.06871680,33.7267,31.1344,134.9069,137.4993,0.05726400,0.05836438,0.00286320,6.5623,5.9850,0.4697,8.0302,2.1346,112.1846,17.0952,8.5108,6.5179,4.2165,4.4018,10.5412,11.0045,11.0045,21.0824,4.4018,0.0,2.5,4.789493,1.49083,8,52,9,2,0.02890062,0.07158000,0.29525223,0E-8,0.000000,0.912017,0.000000,-0.23032887,2026-03-22,2026-08-01,21,79,66,133,0.157895,1.305752,1.296916,0.096335,,,,,,,,GLOBAL_BASELINE_NO_ENTITY_RANKING,,,NOT_APPLICABLE_GLOBAL_BASELINE,HF9g-P5,,,,X 全窗基线 · 不参与实体赏罚,6875996,688,A168_HF9F_20260827_0900,2026-08-27 09:00:00
2026-03-22,146019672,1942,0,30.8125715292,-0.7703142882,-0.7703142882,0.5000000,4,4,0.50329940000000000,0.503299400000,-0.01319788734859681,-0.01319788734859681,-0.01319788734859681,0E-17,ELIGIBLE,R03b_20260811_FULL_v1,L1_ELIGIBILITY,v2026-08-11,2026-03-21..2026-08-06,baccarat_bet02_101_all_pairs_incl_sentinel,round_win = game_pnl > 0 (decisive only),COMPATIBILITY_ONLY_NOT_PRODUCTION,2355.8767,2148.5998,168.6337,359,359,-0.07158000,-0.29525223,-0.06492336,-0.07158000,-168.6337,2355.8767,OK,0.0000,6.7453,4.0000,96.0000,AG03-UNRESOLVED,ALL5_LEVELS_bet23_to_bet27,6.7453,6.7453,6.7453,6.7453,6.7453,4.000000,4.000000,4.000000,4.000000,4.000000,96.000000,96.000000,96.000000,96.000000,96.000000,5.0,33.7267,31.1344,134.9069,137.4993,PENDING_AG03,FALSE,NOT_FOR_ENFORCEMENT,161.8883,2062.6558,168.6337,161.8883,6.7453,0.07158000,0.06871680,6.7453,161.8883,0.06871680,6.7453,6.7453,6.7453,6.7453,6.7453,161.8883,0.06871680,33.7267,31.1344,134.9069,137.4993,0.05726400,0.05836438,0.00286320,6.5623,5.9850,0.4697,8.0302,2.1346,112.1846,17.0952,8.5108,6.5179,4.2165,4.4018,10.5412,11.0045,11.0045,21.0824,4.4018,0.0,2.5,4.789493,1.49083,8,52,9,2,0.02890062,0.07158000,0.29525223,0E-8,0.000000,0.912017,0.000000,-0.23032887,2026-03-22,2026-08-01,21,79,66,133,0.157895,1.305752,1.296916,0.096335,,,,,,,,GLOBAL_BASELINE_NO_ENTITY_RANKING,,,NOT_APPLICABLE_GLOBAL_BASELINE,HF9g-P5,,,,X 全窗基线 · 不参与实体赏罚,6875997,688,A168_HF9F_20260827_0900,2026-08-27 09:00:00
2026-03-22,146019672,2115,0,19.8080816973,10.4542653403,10.4542653403,0.6666667,3,3,0.50218230000000000,0.502182300000,0.5697959874915163,0.5697959874915164,0.5697959874915163,0E-17,ELIGIBLE,R03b_20260811_FULL_v1,L1_ELIGIBILITY,v2026-08-11,2026-03-21..2026-08-06,baccarat_bet02_101_all_pairs_incl_sentinel,round_win = game_pnl > 0 (decisive only),COMPATIBILITY_ONLY_NOT_PRODUCTION,2355.8767,2148.5998,168.6337,359,359,-0.07158000,-0.29525223,-0.06492336,-0.07158000,-168.6337,2355.8767,OK,0.0000,6.7453,4.0000,96.0000,AG03-UNRESOLVED,ALL5_LEVELS_bet23_to_bet27,6.7453,6.7453,6.7453,6.7453,6.7453,4.000000,4.000000,4.000000,4.000000,4.000000,96.000000,96.000000,96.000000,96.000000,96.000000,5.0,33.7267,31.1344,134.9069,137.4993,PENDING_AG03,FALSE,NOT_FOR_ENFORCEMENT,161.8883,2062.6558,168.6337,161.8883,6.7453,0.07158000,0.06871680,6.7453,161.8883,0.06871680,6.7453,6.7453,6.7453,6.7453,6.7453,161.8883,0.06871680,33.7267,31.1344,134.9069,137.4993,0.05726400,0.05836438,0.00286320,6.5623,5.9850,0.4697,8.0302,2.1346,112.1846,17.0952,8.5108,6.5179,4.2165,4.4018,10.5412,11.0045,11.0045,21.0824,4.4018,0.0,2.5,4.789493,1.49083,8,52,9,2,0.02890062,0.07158000,0.29525223,0E-8,0.000000,0.912017,0.000000,-0.23032887,2026-03-22,2026-08-01,21,79,66,133,0.157895,1.305752,1.296916,0.096335,,,,,,,,GLOBAL_BASELINE_NO_ENTITY_RANKING,,,NOT_APPLICABLE_GLOBAL_BASELINE,HF9g-P5,,,,X 全窗基线 · 不参与实体赏罚,6875998,688,A168_HF9F_20260827_0900,2026-08-27 09:00:00
2026-03-23,146019672,1383,0,70.4287349241,3.3013469495,3.3013469495,0.5714286,7,7,0.49707555714285714,0.497075557143,0.39344589990031587,0.3934458998995593,0.39344589990031587,-1.4286E-13,ELIGIBLE,R03b_20260811_FULL_v1,L1_ELIGIBILITY,v2026-08-11,2026-03-21..2026-08-06,baccarat_bet02_101_all_pairs_incl_sentinel,round_win = game_pnl > 0 (decisive only),COMPATIBILITY_ONLY_NOT_PRODUCTION,2355.8767,2148.5998,168.6337,359,359,-0.07158000,-0.29525223,-0.06492336,-0.07158000,-168.6337,2355.8767,OK,0.0000,6.7453,4.0000,96.0000,AG03-UNRESOLVED,ALL5_LEVELS_bet23_to_bet27,6.7453,6.7453,6.7453,6.7453,6.7453,4.000000,4.000000,4.000000,4.000000,4.000000,96.000000,96.000000,96.000000,96.000000,96.000000,5.0,33.7267,31.1344,134.9069,137.4993,PENDING_AG03,FALSE,NOT_FOR_ENFORCEMENT,161.8883,2062.6558,168.6337,161.8883,6.7453,0.07158000,0.06871680,6.7453,161.8883,0.06871680,6.7453,6.7453,6.7453,6.7453,6.7453,161.8883,0.06871680,33.7267,31.1344,134.9069,137.4993,0.05726400,0.05836438,0.00286320,6.5623,5.9850,0.4697,8.0302,2.1346,112.1846,17.0952,8.5108,6.5179,4.2165,4.4018,10.5412,11.0045,11.0045,21.0824,4.4018,0.0,2.5,4.789493,1.49083,8,52,9,2,0.02890062,0.07158000,0.29525223,0E-8,0.000000,0.912017,0.000000,-0.23032887,2026-03-22,2026-08-01,21,79,66,133,0.157895,1.305752,1.296916,0.096335,,,,,,,,GLOBAL_BASELINE_NO_ENTITY_RANKING,,,NOT_APPLICABLE_GLOBAL_BASELINE,HF9g-P5,,,,X 全窗基线 · 不参与实体赏罚,6875999,688,A168_HF9F_20260827_0900,2026-08-27 09:00:00
2026-03-23,146019672,1405,0,37.4152654281,1.7607183733,1.7607183733,0.4285714,7,7,0.49899058571428571,0.498990585714,-0.3726239140161595,-0.3726239140146481,-0.3726239140161595,2.8571E-13,ELIGIBLE,R03b_20260811_FULL_v1,L1_ELIGIBILITY,v2026-08-11,2026-03-21..2026-08-06,baccarat_bet02_101_all_pairs_incl_sentinel,round_win = game_pnl > 0 (decisive only),COMPATIBILITY_ONLY_NOT_PRODUCTION,2355.8767,2148.5998,168.6337,359,359,-0.07158000,-0.29525223,-0.06492336,-0.07158000,-168.6337,2355.8767,OK,0.0000,6.7453,4.0000,96.0000,AG03-UNRESOLVED,ALL5_LEVELS_bet23_to_bet27,6.7453,6.7453,6.7453,6.7453,6.7453,4.000000,4.000000,4.000000,4.000000,4.000000,96.000000,96.000000,96.000000,96.000000,96.000000,5.0,33.7267,31.1344,134.9069,137.4993,PENDING_AG03,FALSE,NOT_FOR_ENFORCEMENT,161.8883,2062.6558,168.6337,161.8883,6.7453,0.07158000,0.06871680,6.7453,161.8883,0.06871680,6.7453,6.7453,6.7453,6.7453,6.7453,161.8883,0.06871680,33.7267,31.1344,134.9069,137.4993,0.05726400,0.05836438,0.00286320,6.5623,5.9850,0.4697,8.0302,2.1346,112.1846,17.0952,8.5108,6.5179,4.2165,4.4018,10.5412,11.0045,11.0045,21.0824,4.4018,0.0,2.5,4.789493,1.49083,8,52,9,2,0.02890062,0.07158000,0.29525223,0E-8,0.000000,0.912017,0.000000,-0.23032887,2026-03-22,2026-08-01,21,79,66,133,0.157895,1.305752,1.296916,0.096335,,,,,,,,GLOBAL_BASELINE_NO_ENTITY_RANKING,,,NOT_APPLICABLE_GLOBAL_BASELINE,HF9g-P5,,,,X 全窗基线 · 不参与实体赏罚,6876000,688,A168_HF9F_20260827_0900,2026-08-27 09:00:00
2026-03-23,146019672,1947,0,30.8125715292,-22.2290694604,-22.2290694604,0.2500000,4,4,0.49659680000000000,0.496596800000,-0.9864100490137353,-0.9864100490137354,-0.9864100490137353,0E-17,ELIGIBLE,R03b_20260811_FULL_v1,L1_ELIGIBILITY,v2026-08-11,2026-03-21..2026-08-06,baccarat_bet02_101_all_pairs_incl_sentinel,round_win = game_pnl > 0 (decisive only),COMPATIBILITY_ONLY_NOT_PRODUCTION,2355.8767,2148.5998,168.6337,359,359,-0.07158000,-0.29525223,-0.06492336,-0.07158000,-168.6337,2355.8767,OK,0.0000,6.7453,4.0000,96.0000,AG03-UNRESOLVED,ALL5_LEVELS_bet23_to_bet27,6.7453,6.7453,6.7453,6.7453,6.7453,4.000000,4.000000,4.000000,4.000000,4.000000,96.000000,96.000000,96.000000,96.000000,96.000000,5.0,33.7267,31.1344,134.9069,137.4993,PENDING_AG03,FALSE,NOT_FOR_ENFORCEMENT,161.8883,2062.6558,168.6337,161.8883,6.7453,0.07158000,0.06871680,6.7453,161.8883,0.06871680,6.7453,6.7453,6.7453,6.7453,6.7453,161.8883,0.06871680,33.7267,31.1344,134.9069,137.4993,0.05726400,0.05836438,0.00286320,6.5623,5.9850,0.4697,8.0302,2.1346,112.1846,17.0952,8.5108,6.5179,4.2165,4.4018,10.5412,11.0045,11.0045,21.0824,4.4018,0.0,2.5,4.789493,1.49083,8,52,9,2,0.02890062,0.07158000,0.29525223,0E-8,0.000000,0.912017,0.000000,-0.23032887,2026-03-22,2026-08-01,21,79,66,133,0.157895,1.305752,1.296916,0.096335,,,,,,,,GLOBAL_BASELINE_NO_ENTITY_RANKING,,,NOT_APPLICABLE_GLOBAL_BASELINE,HF9g-P5,,,,X 全窗基线 · 不参与实体赏罚,6876001,688,A168_HF9F_20260827_0900,2026-08-27 09:00:00
2026-03-23,146019672,919,0,13.2053877981,0E-10,0E-10,0.5000000,3,3,0.49771390000000000,0.497713900000,0.006466134837551399,0.0064661348375514,0.006466134837551399,0E-17,ELIGIBLE,R03b_20260811_FULL_v1,L1_ELIGIBILITY,v2026-08-11,2026-03-21..2026-08-06,baccarat_bet02_101_all_pairs_incl_sentinel,round_win = game_pnl > 0 (decisive only),COMPATIBILITY_ONLY_NOT_PRODUCTION,2355.8767,2148.5998,168.6337,359,359,-0.07158000,-0.29525223,-0.06492336,-0.07158000,-168.6337,2355.8767,OK,0.0000,6.7453,4.0000,96.0000,AG03-UNRESOLVED,ALL5_LEVELS_bet23_to_bet27,6.7453,6.7453,6.7453,6.7453,6.7453,4.000000,4.000000,4.000000,4.000000,4.000000,96.000000,96.000000,96.000000,96.000000,96.000000,5.0,33.7267,31.1344,134.9069,137.4993,PENDING_AG03,FALSE,NOT_FOR_ENFORCEMENT,161.8883,2062.6558,168.6337,161.8883,6.7453,0.07158000,0.06871680,6.7453,161.8883,0.06871680,6.7453,6.7453,6.7453,6.7453,6.7453,161.8883,0.06871680,33.7267,31.1344,134.9069,137.4993,0.05726400,0.05836438,0.00286320,6.5623,5.9850,0.4697,8.0302,2.1346,112.1846,17.0952,8.5108,6.5179,4.2165,4.4018,10.5412,11.0045,11.0045,21.0824,4.4018,0.0,2.5,4.789493,1.49083,8,52,9,2,0.02890062,0.07158000,0.29525223,0E-8,0.000000,0.912017,0.000000,-0.23032887,2026-03-22,2026-08-01,21,79,66,133,0.157895,1.305752,1.296916,0.096335,,,,,,,,GLOBAL_BASELINE_NO_ENTITY_RANKING,,,NOT_APPLICABLE_GLOBAL_BASELINE,HF9g-P5,,,,X 全窗基线 · 不参与实体赏罚,6876002,688,A168_HF9F_20260827_0900,2026-08-27 09:00:00
2026-03-23,146019672,925,0,4.4017959327,-4.4017959327,-4.4017959327,0E-7,1,1,0.49324550000000000,0.493245500000,-0.9865810262130424,-0.9865810262130424,-0.9865810262130424,0E-17,ELIGIBLE,R03b_20260811_FULL_v1,L1_ELIGIBILITY,v2026-08-11,2026-03-21..2026-08-06,baccarat_bet02_101_all_pairs_incl_sentinel,round_win = game_pnl > 0 (decisive only),COMPATIBILITY_ONLY_NOT_PRODUCTION,2355.8767,2148.5998,168.6337,359,359,-0.07158000,-0.29525223,-0.06492336,-0.07158000,-168.6337,2355.8767,OK,0.0000,6.7453,4.0000,96.0000,AG03-UNRESOLVED,ALL5_LEVELS_bet23_to_bet27,6.7453,6.7453,6.7453,6.7453,6.7453,4.000000,4.000000,4.000000,4.000000,4.000000,96.000000,96.000000,96.000000,96.000000,96.000000,5.0,33.7267,31.1344,134.9069,137.4993,PENDING_AG03,FALSE,NOT_FOR_ENFORCEMENT,161.8883,2062.6558,168.6337,161.8883,6.7453,0.07158000,0.06871680,6.7453,161.8883,0.06871680,6.7453,6.7453,6.7453,6.7453,6.7453,161.8883,0.06871680,33.7267,31.1344,134.9069,137.4993,0.05726400,0.05836438,0.00286320,6.5623,5.9850,0.4697,8.0302,2.1346,112.1846,17.0952,8.5108,6.5179,4.2165,4.4018,10.5412,11.0045,11.0045,21.0824,4.4018,0.0,2.5,4.789493,1.49083,8,52,9,2,0.02890062,0.07158000,0.29525223,0E-8,0.000000,0.912017,0.000000,-0.23032887,2026-03-22,2026-08-01,21,79,66,133,0.157895,1.305752,1.296916,0.096335,,,,,,,,GLOBAL_BASELINE_NO_ENTITY_RANKING,,,NOT_APPLICABLE_GLOBAL_BASELINE,HF9g-P5,,,,X 全窗基线 · 不参与实体赏罚,6876003,688,A168_HF9F_20260827_0900,2026-08-27 09:00:00
2026-03-24,146019672,1623,0,4.4017959327,-4.4017959327,-4.4017959327,0E-7,1,1,0.50665070000000000,0.506650700000,-1.013391052207602,-1.013391052207602,-1.013391052207602,0E-17,ELIGIBLE,R03b_20260811_FULL_v1,L1_ELIGIBILITY,v2026-08-11,2026-03-21..2026-08-06,baccarat_bet02_101_all_pairs_incl_sentinel,round_win = game_pnl > 0 (decisive only),COMPATIBILITY_ONLY_NOT_PRODUCTION,2355.8767,2148.5998,168.6337,359,359,-0.07158000,-0.29525223,-0.06492336,-0.07158000,-168.6337,2355.8767,OK,0.0000,6.7453,4.0000,96.0000,AG03-UNRESOLVED,ALL5_LEVELS_bet23_to_bet27,6.7453,6.7453,6.7453,6.7453,6.7453,4.000000,4.000000,4.000000,4.000000,4.000000,96.000000,96.000000,96.000000,96.000000,96.000000,5.0,33.7267,31.1344,134.9069,137.4993,PENDING_AG03,FALSE,NOT_FOR_ENFORCEMENT,161.8883,2062.6558,168.6337,161.8883,6.7453,0.07158000,0.06871680,6.7453,161.8883,0.06871680,6.7453,6.7453,6.7453,6.7453,6.7453,161.8883,0.06871680,33.7267,31.1344,134.9069,137.4993,0.05726400,0.05836438,0.00286320,6.5623,5.9850,0.4697,8.0302,2.1346,112.1846,17.0952,8.5108,6.5179,4.2165,4.4018,10.5412,11.0045,11.0045,21.0824,4.4018,0.0,2.5,4.789493,1.49083,8,52,9,2,0.02890062,0.07158000,0.29525223,0E-8,0.000000,0.912017,0.000000,-0.23032887,2026-03-22,2026-08-01,21,79,66,133,0.157895,1.305752,1.296916,0.096335,,,,,,,,GLOBAL_BASELINE_NO_ENTITY_RANKING,,,NOT_APPLICABLE_GLOBAL_BASELINE,HF9g-P5,,,,X 全窗基线 · 不参与实体赏罚,6876004,688,A168_HF9F_20260827_0900,2026-08-27 09:00:00
2026-03-24,146019672,1750,0,4.4017959327,4.4017959327,4.4017959327,1.0000000,1,1,0.49324550000000000,0.493245500000,1.01360149184955,1.01360149184955,1.01360149184955,0E-17,ELIGIBLE,R03b_20260811_FULL_v1,L1_ELIGIBILITY,v2026-08-11,2026-03-21..2026-08-06,baccarat_bet02_101_all_pairs_incl_sentinel,round_win = game_pnl > 0 (decisive only),COMPATIBILITY_ONLY_NOT_PRODUCTION,2355.8767,2148.5998,168.6337,359,359,-0.07158000,-0.29525223,-0.06492336,-0.07158000,-168.6337,2355.8767,OK,0.0000,6.7453,4.0000,96.0000,AG03-UNRESOLVED,ALL5_LEVELS_bet23_to_bet27,6.7453,6.7453,6.7453,6.7453,6.7453,4.000000,4.000000,4.000000,4.000000,4.000000,96.000000,96.000000,96.000000,96.000000,96.000000,5.0,33.7267,31.1344,134.9069,137.4993,PENDING_AG03,FALSE,NOT_FOR_ENFORCEMENT,161.8883,2062.6558,168.6337,161.8883,6.7453,0.07158000,0.06871680,6.7453,161.8883,0.06871680,6.7453,6.7453,6.7453,6.7453,6.7453,161.8883,0.06871680,33.7267,31.1344,134.9069,137.4993,0.05726400,0.05836438,0.00286320,6.5623,5.9850,0.4697,8.0302,2.1346,112.1846,17.0952,8.5108,6.5179,4.2165,4.4018,10.5412,11.0045,11.0045,21.0824,4.4018,0.0,2.5,4.789493,1.49083,8,52,9,2,0.02890062,0.07158000,0.29525223,0E-8,0.000000,0.912017,0.000000,-0.23032887,2026-03-22,2026-08-01,21,79,66,133,0.157895,1.305752,1.296916,0.096335,,,,,,,,GLOBAL_BASELINE_NO_ENTITY_RANKING,,,NOT_APPLICABLE_GLOBAL_BASELINE,HF9g-P5,,,,X 全窗基线 · 不参与实体赏罚,6876005,688,A168_HF9F_20260827_0900,2026-08-27 09:00:00
2026-03-24,146019672,1951,0,37.4152654284,-6.8227836958,-6.8227836958,0.5000000,4,4,0.49659680000000000,0.496596800000,0.013613115331600182,0.013613115331600183,0.013613115331600182,0E-17,ELIGIBLE,R03b_20260811_FULL_v1,L1_ELIGIBILITY,v2026-08-11,2026-03-21..2026-08-06,baccarat_bet02_101_all_pairs_incl_sentinel,round_win = game_pnl > 0 (decisive only),COMPATIBILITY_ONLY_NOT_PRODUCTION,2355.8767,2148.5998,168.6337,359,359,-0.07158000,-0.29525223,-0.06492336,-0.07158000,-168.6337,2355.8767,OK,0.0000,6.7453,4.0000,96.0000,AG03-UNRESOLVED,ALL5_LEVELS_bet23_to_bet27,6.7453,6.7453,6.7453,6.7453,6.7453,4.000000,4.000000,4.000000,4.000000,4.000000,96.000000,96.000000,96.000000,96.000000,96.000000,5.0,33.7267,31.1344,134.9069,137.4993,PENDING_AG03,FALSE,NOT_FOR_ENFORCEMENT,161.8883,2062.6558,168.6337,161.8883,6.7453,0.07158000,0.06871680,6.7453,161.8883,0.06871680,6.7453,6.7453,6.7453,6.7453,6.7453,161.8883,0.06871680,33.7267,31.1344,134.9069,137.4993,0.05726400,0.05836438,0.00286320,6.5623,5.9850,0.4697,8.0302,2.1346,112.1846,17.0952,8.5108,6.5179,4.2165,4.4018,10.5412,11.0045,11.0045,21.0824,4.4018,0.0,2.5,4.789493,1.49083,8,52,9,2,0.02890062,0.07158000,0.29525223,0E-8,0.000000,0.912017,0.000000,-0.23032887,2026-03-22,2026-08-01,21,79,66,133,0.157895,1.305752,1.296916,0.096335,,,,,,,,GLOBAL_BASELINE_NO_ENTITY_RANKING,,,NOT_APPLICABLE_GLOBAL_BASELINE,HF9g-P5,,,,X 全窗基线 · 不参与实体赏罚,6876006,688,A168_HF9F_20260827_0900,2026-08-27 09:00:00
2026-03-24,146019672,2134,0,37.4152654284,25.3103266133,25.3103266133,1.0000000,4,4,0.50329940000000000,0.503299400000,1.7206588134302945,1.7206588134302945,1.7206588134302945,0E-17,ELIGIBLE,R03b_20260811_FULL_v1,L1_ELIGIBILITY,v2026-08-11,2026-03-21..2026-08-06,baccarat_bet02_101_all_pairs_incl_sentinel,round_win = game_pnl > 0 (decisive only),COMPATIBILITY_ONLY_NOT_PRODUCTION,2355.8767,2148.5998,168.6337,359,359,-0.07158000,-0.29525223,-0.06492336,-0.07158000,-168.6337,2355.8767,OK,0.0000,6.7453,4.0000,96.0000,AG03-UNRESOLVED,ALL5_LEVELS_bet23_to_bet27,6.7453,6.7453,6.7453,6.7453,6.7453,4.000000,4.000000,4.000000,4.000000,4.000000,96.000000,96.000000,96.000000,96.000000,96.000000,5.0,33.7267,31.1344,134.9069,137.4993,PENDING_AG03,FALSE,NOT_FOR_ENFORCEMENT,161.8883,2062.6558,168.6337,161.8883,6.7453,0.07158000,0.06871680,6.7453,161.8883,0.06871680,6.7453,6.7453,6.7453,6.7453,6.7453,161.8883,0.06871680,33.7267,31.1344,134.9069,137.4993,0.05726400,0.05836438,0.00286320,6.5623,5.9850,0.4697,8.0302,2.1346,112.1846,17.0952,8.5108,6.5179,4.2165,4.4018,10.5412,11.0045,11.0045,21.0824,4.4018,0.0,2.5,4.789493,1.49083,8,52,9,2,0.02890062,0.07158000,0.29525223,0E-8,0.000000,0.912017,0.000000,-0.23032887,2026-03-22,2026-08-01,21,79,66,133,0.157895,1.305752,1.296916,0.096335,,,,,,,,GLOBAL_BASELINE_NO_ENTITY_RANKING,,,NOT_APPLICABLE_GLOBAL_BASELINE,HF9g-P5,,,,X 全窗基线 · 不参与实体赏罚,6876007,688,A168_HF9F_20260827_0900,2026-08-27 09:00:00
2026-03-24,146019672,529,0,15.4062857646,-6.8227836958,-6.8227836958,0.5000000,2,2,0.49994810000000000,0.499948100000,0.00014679536856514622,0.00014679536856514622,0.00014679536856514622,0E-17,ELIGIBLE,R03b_20260811_FULL_v1,L1_ELIGIBILITY,v2026-08-11,2026-03-21..2026-08-06,baccarat_bet02_101_all_pairs_incl_sentinel,round_win = game_pnl > 0 (decisive only),COMPATIBILITY_ONLY_NOT_PRODUCTION,2355.8767,2148.5998,168.6337,359,359,-0.07158000,-0.29525223,-0.06492336,-0.07158000,-168.6337,2355.8767,OK,0.0000,6.7453,4.0000,96.0000,AG03-UNRESOLVED,ALL5_LEVELS_bet23_to_bet27,6.7453,6.7453,6.7453,6.7453,6.7453,4.000000,4.000000,4.000000,4.000000,4.000000,96.000000,96.000000,96.000000,96.000000,96.000000,5.0,33.7267,31.1344,134.9069,137.4993,PENDING_AG03,FALSE,NOT_FOR_ENFORCEMENT,161.8883,2062.6558,168.6337,161.8883,6.7453,0.07158000,0.06871680,6.7453,161.8883,0.06871680,6.7453,6.7453,6.7453,6.7453,6.7453,161.8883,0.06871680,33.7267,31.1344,134.9069,137.4993,0.05726400,0.05836438,0.00286320,6.5623,5.9850,0.4697,8.0302,2.1346,112.1846,17.0952,8.5108,6.5179,4.2165,4.4018,10.5412,11.0045,11.0045,21.0824,4.4018,0.0,2.5,4.789493,1.49083,8,52,9,2,0.02890062,0.07158000,0.29525223,0E-8,0.000000,0.912017,0.000000,-0.23032887,2026-03-22,2026-08-01,21,79,66,133,0.157895,1.305752,1.296916,0.096335,,,,,,,,GLOBAL_BASELINE_NO_ENTITY_RANKING,,,NOT_APPLICABLE_GLOBAL_BASELINE,HF9g-P5,,,,X 全窗基线 · 不参与实体赏罚,6876008,688,A168_HF9F_20260827_0900,2026-08-27 09:00:00
2026-03-25,146019672,1004,0,15.4062857646,-6.8227836958,-6.8227836958,0.5000000,2,2,0.49994810000000000,0.499948100000,0.00014679536856514622,0.00014679536856514622,0.00014679536856514622,0E-17,ELIGIBLE,R03b_20260811_FULL_v1,L1_ELIGIBILITY,v2026-08-11,2026-03-21..2026-08-06,baccarat_bet02_101_all_pairs_incl_sentinel,round_win = game_pnl > 0 (decisive only),COMPATIBILITY_ONLY_NOT_PRODUCTION,2355.8767,2148.5998,168.6337,359,359,-0.07158000,-0.29525223,-0.06492336,-0.07158000,-168.6337,2355.8767,OK,0.0000,6.7453,4.0000,96.0000,AG03-UNRESOLVED,ALL5_LEVELS_bet23_to_bet27,6.7453,6.7453,6.7453,6.7453,6.7453,4.000000,4.000000,4.000000,4.000000,4.000000,96.000000,96.000000,96.000000,96.000000,96.000000,5.0,33.7267,31.1344,134.9069,137.4993,PENDING_AG03,FALSE,NOT_FOR_ENFORCEMENT,161.8883,2062.6558,168.6337,161.8883,6.7453,0.07158000,0.06871680,6.7453,161.8883,0.06871680,6.7453,6.7453,6.7453,6.7453,6.7453,161.8883,0.06871680,33.7267,31.1344,134.9069,137.4993,0.05726400,0.05836438,0.00286320,6.5623,5.9850,0.4697,8.0302,2.1346,112.1846,17.0952,8.5108,6.5179,4.2165,4.4018,10.5412,11.0045,11.0045,21.0824,4.4018,0.0,2.5,4.789493,1.49083,8,52,9,2,0.02890062,0.07158000,0.29525223,0E-8,0.000000,0.912017,0.000000,-0.23032887,2026-03-22,2026-08-01,21,79,66,133,0.157895,1.305752,1.296916,0.096335,,,,,,,,GLOBAL_BASELINE_NO_ENTITY_RANKING,,,NOT_APPLICABLE_GLOBAL_BASELINE,HF9g-P5,,,,X 全窗基线 · 不参与实体赏罚,6876009,688,A168_HF9F_20260827_0900,2026-08-27 09:00:00
2026-03-25,146019672,1094,0,23.9897878333,-2.0908530680,-2.0908530680,0.5000000,6,6,0.50218230000000000,0.502182300000,-0.008729283145653279,-0.008729283145653279,-0.008729283145653279,0E-17,ELIGIBLE,R03b_20260811_FULL_v1,L1_ELIGIBILITY,v2026-08-11,2026-03-21..2026-08-06,baccarat_bet02_101_all_pairs_incl_sentinel,round_win = game_pnl > 0 (decisive only),COMPATIBILITY_ONLY_NOT_PRODUCTION,2355.8767,2148.5998,168.6337,359,359,-0.07158000,-0.29525223,-0.06492336,-0.07158000,-168.6337,2355.8767,OK,0.0000,6.7453,4.0000,96.0000,AG03-UNRESOLVED,ALL5_LEVELS_bet23_to_bet27,6.7453,6.7453,6.7453,6.7453,6.7453,4.000000,4.000000,4.000000,4.000000,4.000000,96.000000,96.000000,96.000000,96.000000,96.000000,5.0,33.7267,31.1344,134.9069,137.4993,PENDING_AG03,FALSE,NOT_FOR_ENFORCEMENT,161.8883,2062.6558,168.6337,161.8883,6.7453,0.07158000,0.06871680,6.7453,161.8883,0.06871680,6.7453,6.7453,6.7453,6.7453,6.7453,161.8883,0.06871680,33.7267,31.1344,134.9069,137.4993,0.05726400,0.05836438,0.00286320,6.5623,5.9850,0.4697,8.0302,2.1346,112.1846,17.0952,8.5108,6.5179,4.2165,4.4018,10.5412,11.0045,11.0045,21.0824,4.4018,0.0,2.5,4.789493,1.49083,8,52,9,2,0.02890062,0.07158000,0.29525223,0E-8,0.000000,0.912017,0.000000,-0.23032887,2026-03-22,2026-08-01,21,79,66,133,0.157895,1.305752,1.296916,0.096335,,,,,,,,GLOBAL_BASELINE_NO_ENTITY_RANKING,,,NOT_APPLICABLE_GLOBAL_BASELINE,HF9g-P5,,,,X 全窗基线 · 不参与实体赏罚,6876010,688,A168_HF9F_20260827_0900,2026-08-27 09:00:00
2026-03-25,146019672,1382,0,53.2617307863,-21.5688000705,-21.5688000705,0.2500000,5,5,0.49860758000000000,0.498607580000,-0.9944341760919779,-0.9944341760919779,-0.9944341760919779,0E-17,ELIGIBLE,R03b_20260811_FULL_v1,L1_ELIGIBILITY,v2026-08-11,2026-03-21..2026-08-06,baccarat_bet02_101_all_pairs_incl_sentinel,round_win = game_pnl > 0 (decisive only),COMPATIBILITY_ONLY_NOT_PRODUCTION,2355.8767,2148.5998,168.6337,359,359,-0.07158000,-0.29525223,-0.06492336,-0.07158000,-168.6337,2355.8767,OK,0.0000,6.7453,4.0000,96.0000,AG03-UNRESOLVED,ALL5_LEVELS_bet23_to_bet27,6.7453,6.7453,6.7453,6.7453,6.7453,4.000000,4.000000,4.000000,4.000000,4.000000,96.000000,96.000000,96.000000,96.000000,96.000000,5.0,33.7267,31.1344,134.9069,137.4993,PENDING_AG03,FALSE,NOT_FOR_ENFORCEMENT,161.8883,2062.6558,168.6337,161.8883,6.7453,0.07158000,0.06871680,6.7453,161.8883,0.06871680,6.7453,6.7453,6.7453,6.7453,6.7453,161.8883,0.06871680,33.7267,31.1344,134.9069,137.4993,0.05726400,0.05836438,0.00286320,6.5623,5.9850,0.4697,8.0302,2.1346,112.1846,17.0952,8.5108,6.5179,4.2165,4.4018,10.5412,11.0045,11.0045,21.0824,4.4018,0.0,2.5,4.789493,1.49083,8,52,9,2,0.02890062,0.07158000,0.29525223,0E-8,0.000000,0.912017,0.000000,-0.23032887,2026-03-22,2026-08-01,21,79,66,133,0.157895,1.305752,1.296916,0.096335,,,,,,,,GLOBAL_BASELINE_NO_ENTITY_RANKING,,,NOT_APPLICABLE_GLOBAL_BASELINE,HF9g-P5,,,,X 全窗基线 · 不参与实体赏罚,6876011,688,A168_HF9F_20260827_0900,2026-08-27 09:00:00
2026-03-25,146019672,1645,0,118.1882207942,30.4054054054,30.4054054054,0.7142857,15,15,0.50039494000000000,0.500394940000,1.6006124904573602,1.6006124904573602,1.6006124904573602,0E-17,ELIGIBLE,R03b_20260811_FULL_v1,L1_ELIGIBILITY,v2026-08-11,2026-03-21..2026-08-06,baccarat_bet02_101_all_pairs_incl_sentinel,round_win = game_pnl > 0 (decisive only),COMPATIBILITY_ONLY_NOT_PRODUCTION,2355.8767,2148.5998,168.6337,359,359,-0.07158000,-0.29525223,-0.06492336,-0.07158000,-168.6337,2355.8767,OK,0.0000,6.7453,4.0000,96.0000,AG03-UNRESOLVED,ALL5_LEVELS_bet23_to_bet27,6.7453,6.7453,6.7453,6.7453,6.7453,4.000000,4.000000,4.000000,4.000000,4.000000,96.000000,96.000000,96.000000,96.000000,96.000000,5.0,33.7267,31.1344,134.9069,137.4993,PENDING_AG03,FALSE,NOT_FOR_ENFORCEMENT,161.8883,2062.6558,168.6337,161.8883,6.7453,0.07158000,0.06871680,6.7453,161.8883,0.06871680,6.7453,6.7453,6.7453,6.7453,6.7453,161.8883,0.06871680,33.7267,31.1344,134.9069,137.4993,0.05726400,0.05836438,0.00286320,6.5623,5.9850,0.4697,8.0302,2.1346,112.1846,17.0952,8.5108,6.5179,4.2165,4.4018,10.5412,11.0045,11.0045,21.0824,4.4018,0.0,2.5,4.789493,1.49083,8,52,9,2,0.02890062,0.07158000,0.29525223,0E-8,0.000000,0.912017,0.000000,-0.23032887,2026-03-22,2026-08-01,21,79,66,133,0.157895,1.305752,1.296916,0.096335,,,,,,,,GLOBAL_BASELINE_NO_ENTITY_RANKING,,,NOT_APPLICABLE_GLOBAL_BASELINE,HF9g-P5,,,,X 全窗基线 · 不参与实体赏罚,6876012,688,A168_HF9F_20260827_0900,2026-08-27 09:00:00
2026-03-25,146019672,1646,0,11.0044898319,-11.0044898319,-11.0044898319,0E-7,1,1,0.49324550000000000,0.493245500000,-0.9865810262130424,-0.9865810262130424,-0.9865810262130424,0E-17,ELIGIBLE,R03b_20260811_FULL_v1,L1_ELIGIBILITY,v2026-08-11,2026-03-21..2026-08-06,baccarat_bet02_101_all_pairs_incl_sentinel,round_win = game_pnl > 0 (decisive only),COMPATIBILITY_ONLY_NOT_PRODUCTION,2355.8767,2148.5998,168.6337,359,359,-0.07158000,-0.29525223,-0.06492336,-0.07158000,-168.6337,2355.8767,OK,0.0000,6.7453,4.0000,96.0000,AG03-UNRESOLVED,ALL5_LEVELS_bet23_to_bet27,6.7453,6.7453,6.7453,6.7453,6.7453,4.000000,4.000000,4.000000,4.000000,4.000000,96.000000,96.000000,96.000000,96.000000,96.000000,5.0,33.7267,31.1344,134.9069,137.4993,PENDING_AG03,FALSE,NOT_FOR_ENFORCEMENT,161.8883,2062.6558,168.6337,161.8883,6.7453,0.07158000,0.06871680,6.7453,161.8883,0.06871680,6.7453,6.7453,6.7453,6.7453,6.7453,161.8883,0.06871680,33.7267,31.1344,134.9069,137.4993,0.05726400,0.05836438,0.00286320,6.5623,5.9850,0.4697,8.0302,2.1346,112.1846,17.0952,8.5108,6.5179,4.2165,4.4018,10.5412,11.0045,11.0045,21.0824,4.4018,0.0,2.5,4.789493,1.49083,8,52,9,2,0.02890062,0.07158000,0.29525223,0E-8,0.000000,0.912017,0.000000,-0.23032887,2026-03-22,2026-08-01,21,79,66,133,0.157895,1.305752,1.296916,0.096335,,,,,,,,GLOBAL_BASELINE_NO_ENTITY_RANKING,,,NOT_APPLICABLE_GLOBAL_BASELINE,HF9g-P5,,,,X 全窗基线 · 不参与实体赏罚,6876013,688,A168_HF9F_20260827_0900,2026-08-27 09:00:00
2026-03-25,146019672,2106,0,11.0044898319,-11.0044898319,-11.0044898319,0E-7,1,1,0.50665070000000000,0.506650700000,-1.013391052207602,-1.013391052207602,-1.013391052207602,0E-17,ELIGIBLE,R03b_20260811_FULL_v1,L1_ELIGIBILITY,v2026-08-11,2026-03-21..2026-08-06,baccarat_bet02_101_all_pairs_incl_sentinel,round_win = game_pnl > 0 (decisive only),COMPATIBILITY_ONLY_NOT_PRODUCTION,2355.8767,2148.5998,168.6337,359,359,-0.07158000,-0.29525223,-0.06492336,-0.07158000,-168.6337,2355.8767,OK,0.0000,6.7453,4.0000,96.0000,AG03-UNRESOLVED,ALL5_LEVELS_bet23_to_bet27,6.7453,6.7453,6.7453,6.7453,6.7453,4.000000,4.000000,4.000000,4.000000,4.000000,96.000000,96.000000,96.000000,96.000000,96.000000,5.0,33.7267,31.1344,134.9069,137.4993,PENDING_AG03,FALSE,NOT_FOR_ENFORCEMENT,161.8883,2062.6558,168.6337,161.8883,6.7453,0.07158000,0.06871680,6.7453,161.8883,0.06871680,6.7453,6.7453,6.7453,6.7453,6.7453,161.8883,0.06871680,33.7267,31.1344,134.9069,137.4993,0.05726400,0.05836438,0.00286320,6.5623,5.9850,0.4697,8.0302,2.1346,112.1846,17.0952,8.5108,6.5179,4.2165,4.4018,10.5412,11.0045,11.0045,21.0824,4.4018,0.0,2.5,4.789493,1.49083,8,52,9,2,0.02890062,0.07158000,0.29525223,0E-8,0.000000,0.912017,0.000000,-0.23032887,2026-03-22,2026-08-01,21,79,66,133,0.157895,1.305752,1.296916,0.096335,,,,,,,,GLOBAL_BASELINE_NO_ENTITY_RANKING,,,NOT_APPLICABLE_GLOBAL_BASELINE,HF9g-P5,,,,X 全窗基线 · 不参与实体赏罚,6876014,688,A168_HF9F_20260827_0900,2026-08-27 09:00:00
2026-03-25,146019672,2153,0,13.2053877981,0E-10,0E-10,0.5000000,3,3,0.49771390000000000,0.497713900000,0.006466134837551399,0.0064661348375514,0.006466134837551399,0E-17,ELIGIBLE,R03b_20260811_FULL_v1,L1_ELIGIBILITY,v2026-08-11,2026-03-21..2026-08-06,baccarat_bet02_101_all_pairs_incl_sentinel,round_win = game_pnl > 0 (decisive only),COMPATIBILITY_ONLY_NOT_PRODUCTION,2355.8767,2148.5998,168.6337,359,359,-0.07158000,-0.29525223,-0.06492336,-0.07158000,-168.6337,2355.8767,OK,0.0000,6.7453,4.0000,96.0000,AG03-UNRESOLVED,ALL5_LEVELS_bet23_to_bet27,6.7453,6.7453,6.7453,6.7453,6.7453,4.000000,4.000000,4.000000,4.000000,4.000000,96.000000,96.000000,96.000000,96.000000,96.000000,5.0,33.7267,31.1344,134.9069,137.4993,PENDING_AG03,FALSE,NOT_FOR_ENFORCEMENT,161.8883,2062.6558,168.6337,161.8883,6.7453,0.07158000,0.06871680,6.7453,161.8883,0.06871680,6.7453,6.7453,6.7453,6.7453,6.7453,161.8883,0.06871680,33.7267,31.1344,134.9069,137.4993,0.05726400,0.05836438,0.00286320,6.5623,5.9850,0.4697,8.0302,2.1346,112.1846,17.0952,8.5108,6.5179,4.2165,4.4018,10.5412,11.0045,11.0045,21.0824,4.4018,0.0,2.5,4.789493,1.49083,8,52,9,2,0.02890062,0.07158000,0.29525223,0E-8,0.000000,0.912017,0.000000,-0.23032887,2026-03-22,2026-08-01,21,79,66,133,0.157895,1.305752,1.296916,0.096335,,,,,,,,GLOBAL_BASELINE_NO_ENTITY_RANKING,,,NOT_APPLICABLE_GLOBAL_BASELINE,HF9g-P5,,,,X 全窗基线 · 不参与实体赏罚,6876015,688,A168_HF9F_20260827_0900,2026-08-27 09:00:00
2026-03-25,146019672,462,0,17.6071837308,-17.6071837308,-17.6071837308,0E-7,4,4,0.49659680000000000,0.496596800000,-1.9864332133590707,-1.986433213359071,-1.9864332133590707,0E-17,ELIGIBLE,R03b_20260811_FULL_v1,L1_ELIGIBILITY,v2026-08-11,2026-03-21..2026-08-06,baccarat_bet02_101_all_pairs_incl_sentinel,round_win = game_pnl > 0 (decisive only),COMPATIBILITY_ONLY_NOT_PRODUCTION,2355.8767,2148.5998,168.6337,359,359,-0.07158000,-0.29525223,-0.06492336,-0.07158000,-168.6337,2355.8767,OK,0.0000,6.7453,4.0000,96.0000,AG03-UNRESOLVED,ALL5_LEVELS_bet23_to_bet27,6.7453,6.7453,6.7453,6.7453,6.7453,4.000000,4.000000,4.000000,4.000000,4.000000,96.000000,96.000000,96.000000,96.000000,96.000000,5.0,33.7267,31.1344,134.9069,137.4993,PENDING_AG03,FALSE,NOT_FOR_ENFORCEMENT,161.8883,2062.6558,168.6337,161.8883,6.7453,0.07158000,0.06871680,6.7453,161.8883,0.06871680,6.7453,6.7453,6.7453,6.7453,6.7453,161.8883,0.06871680,33.7267,31.1344,134.9069,137.4993,0.05726400,0.05836438,0.00286320,6.5623,5.9850,0.4697,8.0302,2.1346,112.1846,17.0952,8.5108,6.5179,4.2165,4.4018,10.5412,11.0045,11.0045,21.0824,4.4018,0.0,2.5,4.789493,1.49083,8,52,9,2,0.02890062,0.07158000,0.29525223,0E-8,0.000000,0.912017,0.000000,-0.23032887,2026-03-22,2026-08-01,21,79,66,133,0.157895,1.305752,1.296916,0.096335,,,,,,,,GLOBAL_BASELINE_NO_ENTITY_RANKING,,,NOT_APPLICABLE_GLOBAL_BASELINE,HF9g-P5,,,,X 全窗基线 · 不参与实体赏罚,6876016,688,A168_HF9F_20260827_0900,2026-08-27 09:00:00
2026-03-25,146019672,763,0,61.6251430584,10.2341755437,10.2341755437,0.5714286,8,8,0.50162375000000000,0.501623750000,0.36937434338991915,0.36937434338991915,0.36937434338991915,0E-17,ELIGIBLE,R03b_20260811_FULL_v1,L1_ELIGIBILITY,v2026-08-11,2026-03-21..2026-08-06,baccarat_bet02_101_all_pairs_incl_sentinel,round_win = game_pnl > 0 (decisive only),COMPATIBILITY_ONLY_NOT_PRODUCTION,2355.8767,2148.5998,168.6337,359,359,-0.07158000,-0.29525223,-0.06492336,-0.07158000,-168.6337,2355.8767,OK,0.0000,6.7453,4.0000,96.0000,AG03-UNRESOLVED,ALL5_LEVELS_bet23_to_bet27,6.7453,6.7453,6.7453,6.7453,6.7453,4.000000,4.000000,4.000000,4.000000,4.000000,96.000000,96.000000,96.000000,96.000000,96.000000,5.0,33.7267,31.1344,134.9069,137.4993,PENDING_AG03,FALSE,NOT_FOR_ENFORCEMENT,161.8883,2062.6558,168.6337,161.8883,6.7453,0.07158000,0.06871680,6.7453,161.8883,0.06871680,6.7453,6.7453,6.7453,6.7453,6.7453,161.8883,0.06871680,33.7267,31.1344,134.9069,137.4993,0.05726400,0.05836438,0.00286320,6.5623,5.9850,0.4697,8.0302,2.1346,112.1846,17.0952,8.5108,6.5179,4.2165,4.4018,10.5412,11.0045,11.0045,21.0824,4.4018,0.0,2.5,4.789493,1.49083,8,52,9,2,0.02890062,0.07158000,0.29525223,0E-8,0.000000,0.912017,0.000000,-0.23032887,2026-03-22,2026-08-01,21,79,66,133,0.157895,1.305752,1.296916,0.096335,,,,,,,,GLOBAL_BASELINE_NO_ENTITY_RANKING,,,NOT_APPLICABLE_GLOBAL_BASELINE,HF9g-P5,,,,X 全窗基线 · 不参与实体赏罚,6876017,688,A168_HF9F_20260827_0900,2026-08-27 09:00:00
2026-03-25,146019672,919,0,24.2098776300,1.9808081696,1.9808081696,0.7500000,4,4,0.49659680000000000,0.496596800000,1.0136362796769356,1.0136362796769358,1.0136362796769356,0E-17,ELIGIBLE,R03b_20260811_FULL_v1,L1_ELIGIBILITY,v2026-08-11,2026-03-21..2026-08-06,baccarat_bet02_101_all_pairs_incl_sentinel,round_win = game_pnl > 0 (decisive only),COMPATIBILITY_ONLY_NOT_PRODUCTION,2355.8767,2148.5998,168.6337,359,359,-0.07158000,-0.29525223,-0.06492336,-0.07158000,-168.6337,2355.8767,OK,0.0000,6.7453,4.0000,96.0000,AG03-UNRESOLVED,ALL5_LEVELS_bet23_to_bet27,6.7453,6.7453,6.7453,6.7453,6.7453,4.000000,4.000000,4.000000,4.000000,4.000000,96.000000,96.000000,96.000000,96.000000,96.000000,5.0,33.7267,31.1344,134.9069,137.4993,PENDING_AG03,FALSE,NOT_FOR_ENFORCEMENT,161.8883,2062.6558,168.6337,161.8883,6.7453,0.07158000,0.06871680,6.7453,161.8883,0.06871680,6.7453,6.7453,6.7453,6.7453,6.7453,161.8883,0.06871680,33.7267,31.1344,134.9069,137.4993,0.05726400,0.05836438,0.00286320,6.5623,5.9850,0.4697,8.0302,2.1346,112.1846,17.0952,8.5108,6.5179,4.2165,4.4018,10.5412,11.0045,11.0045,21.0824,4.4018,0.0,2.5,4.789493,1.49083,8,52,9,2,0.02890062,0.07158000,0.29525223,0E-8,0.000000,0.912017,0.000000,-0.23032887,2026-03-22,2026-08-01,21,79,66,133,0.157895,1.305752,1.296916,0.096335,,,,,,,,GLOBAL_BASELINE_NO_ENTITY_RANKING,,,NOT_APPLICABLE_GLOBAL_BASELINE,HF9g-P5,,,,X 全窗基线 · 不参与实体赏罚,6876018,688,A168_HF9F_20260827_0900,2026-08-27 09:00:00
2026-03-25,146019672,987,0,4.4017959327,-4.4017959327,-4.4017959327,0E-7,1,1,0.49324550000000000,0.493245500000,-0.9865810262130424,-0.9865810262130424,-0.9865810262130424,0E-17,ELIGIBLE,R03b_20260811_FULL_v1,L1_ELIGIBILITY,v2026-08-11,2026-03-21..2026-08-06,baccarat_bet02_101_all_pairs_incl_sentinel,round_win = game_pnl > 0 (decisive only),COMPATIBILITY_ONLY_NOT_PRODUCTION,2355.8767,2148.5998,168.6337,359,359,-0.07158000,-0.29525223,-0.06492336,-0.07158000,-168.6337,2355.8767,OK,0.0000,6.7453,4.0000,96.0000,AG03-UNRESOLVED,ALL5_LEVELS_bet23_to_bet27,6.7453,6.7453,6.7453,6.7453,6.7453,4.000000,4.000000,4.000000,4.000000,4.000000,96.000000,96.000000,96.000000,96.000000,96.000000,5.0,33.7267,31.1344,134.9069,137.4993,PENDING_AG03,FALSE,NOT_FOR_ENFORCEMENT,161.8883,2062.6558,168.6337,161.8883,6.7453,0.07158000,0.06871680,6.7453,161.8883,0.06871680,6.7453,6.7453,6.7453,6.7453,6.7453,161.8883,0.06871680,33.7267,31.1344,134.9069,137.4993,0.05726400,0.05836438,0.00286320,6.5623,5.9850,0.4697,8.0302,2.1346,112.1846,17.0952,8.5108,6.5179,4.2165,4.4018,10.5412,11.0045,11.0045,21.0824,4.4018,0.0,2.5,4.789493,1.49083,8,52,9,2,0.02890062,0.07158000,0.29525223,0E-8,0.000000,0.912017,0.000000,-0.23032887,2026-03-22,2026-08-01,21,79,66,133,0.157895,1.305752,1.296916,0.096335,,,,,,,,GLOBAL_BASELINE_NO_ENTITY_RANKING,,,NOT_APPLICABLE_GLOBAL_BASELINE,HF9g-P5,,,,X 全窗基线 · 不参与实体赏罚,6876019,688,A168_HF9F_20260827_0900,2026-08-27 09:00:00
2026-03-27,146019672,1094,0,13.2053877981,-4.6218857293,-4.6218857293,0.3333333,3,3,0.49771390000000000,0.497713900000,-0.5694369385616226,-0.5694369385616226,-0.5694369385616226,0E-17,ELIGIBLE,R03b_20260811_FULL_v1,L1_ELIGIBILITY,v2026-08-11,2026-03-21..2026-08-06,baccarat_bet02_101_all_pairs_incl_sentinel,round_win = game_pnl > 0 (decisive only),COMPATIBILITY_ONLY_NOT_PRODUCTION,2355.8767,2148.5998,168.6337,359,359,-0.07158000,-0.29525223,-0.06492336,-0.07158000,-168.6337,2355.8767,OK,0.0000,6.7453,4.0000,96.0000,AG03-UNRESOLVED,ALL5_LEVELS_bet23_to_bet27,6.7453,6.7453,6.7453,6.7453,6.7453,4.000000,4.000000,4.000000,4.000000,4.000000,96.000000,96.000000,96.000000,96.000000,96.000000,5.0,33.7267,31.1344,134.9069,137.4993,PENDING_AG03,FALSE,NOT_FOR_ENFORCEMENT,161.8883,2062.6558,168.6337,161.8883,6.7453,0.07158000,0.06871680,6.7453,161.8883,0.06871680,6.7453,6.7453,6.7453,6.7453,6.7453,161.8883,0.06871680,33.7267,31.1344,134.9069,137.4993,0.05726400,0.05836438,0.00286320,6.5623,5.9850,0.4697,8.0302,2.1346,112.1846,17.0952,8.5108,6.5179,4.2165,4.4018,10.5412,11.0045,11.0045,21.0824,4.4018,0.0,2.5,4.789493,1.49083,8,52,9,2,0.02890062,0.07158000,0.29525223,0E-8,0.000000,0.912017,0.000000,-0.23032887,2026-03-22,2026-08-01,21,79,66,133,0.157895,1.305752,1.296916,0.096335,,,,,,,,GLOBAL_BASELINE_NO_ENTITY_RANKING,,,NOT_APPLICABLE_GLOBAL_BASELINE,HF9g-P5,,,,X 全窗基线 · 不参与实体赏罚,6876020,688,A168_HF9F_20260827_0900,2026-08-27 09:00:00
2026-03-27,146019672,1157,0,11.0044898319,-11.0044898319,-11.0044898319,0E-7,1,1,0.49324550000000000,0.493245500000,-0.9865810262130424,-0.9865810262130424,-0.9865810262130424,0E-17,ELIGIBLE,R03b_20260811_FULL_v1,L1_ELIGIBILITY,v2026-08-11,2026-03-21..2026-08-06,baccarat_bet02_101_all_pairs_incl_sentinel,round_win = game_pnl > 0 (decisive only),COMPATIBILITY_ONLY_NOT_PRODUCTION,2355.8767,2148.5998,168.6337,359,359,-0.07158000,-0.29525223,-0.06492336,-0.07158000,-168.6337,2355.8767,OK,0.0000,6.7453,4.0000,96.0000,AG03-UNRESOLVED,ALL5_LEVELS_bet23_to_bet27,6.7453,6.7453,6.7453,6.7453,6.7453,4.000000,4.000000,4.000000,4.000000,4.000000,96.000000,96.000000,96.000000,96.000000,96.000000,5.0,33.7267,31.1344,134.9069,137.4993,PENDING_AG03,FALSE,NOT_FOR_ENFORCEMENT,161.8883,2062.6558,168.6337,161.8883,6.7453,0.07158000,0.06871680,6.7453,161.8883,0.06871680,6.7453,6.7453,6.7453,6.7453,6.7453,161.8883,0.06871680,33.7267,31.1344,134.9069,137.4993,0.05726400,0.05836438,0.00286320,6.5623,5.9850,0.4697,8.0302,2.1346,112.1846,17.0952,8.5108,6.5179,4.2165,4.4018,10.5412,11.0045,11.0045,21.0824,4.4018,0.0,2.5,4.789493,1.49083,8,52,9,2,0.02890062,0.07158000,0.29525223,0E-8,0.000000,0.912017,0.000000,-0.23032887,2026-03-22,2026-08-01,21,79,66,133,0.157895,1.305752,1.296916,0.096335,,,,,,,,GLOBAL_BASELINE_NO_ENTITY_RANKING,,,NOT_APPLICABLE_GLOBAL_BASELINE,HF9g-P5,,,,X 全窗基线 · 不参与实体赏罚,6876021,688,A168_HF9F_20260827_0900,2026-08-27 09:00:00
2026-03-27,146019672,1205,0,8.8035918654,-8.8035918654,-8.8035918654,0E-7,2,2,0.49994810000000000,0.499948100000,-1.4140667746232096,-1.4140667746232096,-1.4140667746232096,0E-17,ELIGIBLE,R03b_20260811_FULL_v1,L1_ELIGIBILITY,v2026-08-11,2026-03-21..2026-08-06,baccarat_bet02_101_all_pairs_incl_sentinel,round_win = game_pnl > 0 (decisive only),COMPATIBILITY_ONLY_NOT_PRODUCTION,2355.8767,2148.5998,168.6337,359,359,-0.07158000,-0.29525223,-0.06492336,-0.07158000,-168.6337,2355.8767,OK,0.0000,6.7453,4.0000,96.0000,AG03-UNRESOLVED,ALL5_LEVELS_bet23_to_bet27,6.7453,6.7453,6.7453,6.7453,6.7453,4.000000,4.000000,4.000000,4.000000,4.000000,96.000000,96.000000,96.000000,96.000000,96.000000,5.0,33.7267,31.1344,134.9069,137.4993,PENDING_AG03,FALSE,NOT_FOR_ENFORCEMENT,161.8883,2062.6558,168.6337,161.8883,6.7453,0.07158000,0.06871680,6.7453,161.8883,0.06871680,6.7453,6.7453,6.7453,6.7453,6.7453,161.8883,0.06871680,33.7267,31.1344,134.9069,137.4993,0.05726400,0.05836438,0.00286320,6.5623,5.9850,0.4697,8.0302,2.1346,112.1846,17.0952,8.5108,6.5179,4.2165,4.4018,10.5412,11.0045,11.0045,21.0824,4.4018,0.0,2.5,4.789493,1.49083,8,52,9,2,0.02890062,0.07158000,0.29525223,0E-8,0.000000,0.912017,0.000000,-0.23032887,2026-03-22,2026-08-01,21,79,66,133,0.157895,1.305752,1.296916,0.096335,,,,,,,,GLOBAL_BASELINE_NO_ENTITY_RANKING,,,NOT_APPLICABLE_GLOBAL_BASELINE,HF9g-P5,,,,X 全窗基线 · 不参与实体赏罚,6876022,688,A168_HF9F_20260827_0900,2026-08-27 09:00:00
2026-03-27,146019672,1714,0,4.1817061361,-4.1817061361,-4.1817061361,0E-7,1,1,0.50665070000000000,0.506650700000,-1.013391052207602,-1.013391052207602,-1.013391052207602,0E-17,ELIGIBLE,R03b_20260811_FULL_v1,L1_ELIGIBILITY,v2026-08-11,2026-03-21..2026-08-06,baccarat_bet02_101_all_pairs_incl_sentinel,round_win = game_pnl > 0 (decisive only),COMPATIBILITY_ONLY_NOT_PRODUCTION,2355.8767,2148.5998,168.6337,359,359,-0.07158000,-0.29525223,-0.06492336,-0.07158000,-168.6337,2355.8767,OK,0.0000,6.7453,4.0000,96.0000,AG03-UNRESOLVED,ALL5_LEVELS_bet23_to_bet27,6.7453,6.7453,6.7453,6.7453,6.7453,4.000000,4.000000,4.000000,4.000000,4.000000,96.000000,96.000000,96.000000,96.000000,96.000000,5.0,33.7267,31.1344,134.9069,137.4993,PENDING_AG03,FALSE,NOT_FOR_ENFORCEMENT,161.8883,2062.6558,168.6337,161.8883,6.7453,0.07158000,0.06871680,6.7453,161.8883,0.06871680,6.7453,6.7453,6.7453,6.7453,6.7453,161.8883,0.06871680,33.7267,31.1344,134.9069,137.4993,0.05726400,0.05836438,0.00286320,6.5623,5.9850,0.4697,8.0302,2.1346,112.1846,17.0952,8.5108,6.5179,4.2165,4.4018,10.5412,11.0045,11.0045,21.0824,4.4018,0.0,2.5,4.789493,1.49083,8,52,9,2,0.02890062,0.07158000,0.29525223,0E-8,0.000000,0.912017,0.000000,-0.23032887,2026-03-22,2026-08-01,21,79,66,133,0.157895,1.305752,1.296916,0.096335,,,,,,,,GLOBAL_BASELINE_NO_ENTITY_RANKING,,,NOT_APPLICABLE_GLOBAL_BASELINE,HF9g-P5,,,,X 全窗基线 · 不参与实体赏罚,6876023,688,A168_HF9F_20260827_0900,2026-08-27 09:00:00
2026-03-27,146019672,2153,0,4.4017959327,-4.4017959327,-4.4017959327,0E-7,1,1,0.50665070000000000,0.506650700000,-1.013391052207602,-1.013391052207602,-1.013391052207602,0E-17,ELIGIBLE,R03b_20260811_FULL_v1,L1_ELIGIBILITY,v2026-08-11,2026-03-21..2026-08-06,baccarat_bet02_101_all_pairs_incl_sentinel,round_win = game_pnl > 0 (decisive only),COMPATIBILITY_ONLY_NOT_PRODUCTION,2355.8767,2148.5998,168.6337,359,359,-0.07158000,-0.29525223,-0.06492336,-0.07158000,-168.6337,2355.8767,OK,0.0000,6.7453,4.0000,96.0000,AG03-UNRESOLVED,ALL5_LEVELS_bet23_to_bet27,6.7453,6.7453,6.7453,6.7453,6.7453,4.000000,4.000000,4.000000,4.000000,4.000000,96.000000,96.000000,96.000000,96.000000,96.000000,5.0,33.7267,31.1344,134.9069,137.4993,PENDING_AG03,FALSE,NOT_FOR_ENFORCEMENT,161.8883,2062.6558,168.6337,161.8883,6.7453,0.07158000,0.06871680,6.7453,161.8883,0.06871680,6.7453,6.7453,6.7453,6.7453,6.7453,161.8883,0.06871680,33.7267,31.1344,134.9069,137.4993,0.05726400,0.05836438,0.00286320,6.5623,5.9850,0.4697,8.0302,2.1346,112.1846,17.0952,8.5108,6.5179,4.2165,4.4018,10.5412,11.0045,11.0045,21.0824,4.4018,0.0,2.5,4.789493,1.49083,8,52,9,2,0.02890062,0.07158000,0.29525223,0E-8,0.000000,0.912017,0.000000,-0.23032887,2026-03-22,2026-08-01,21,79,66,133,0.157895,1.305752,1.296916,0.096335,,,,,,,,GLOBAL_BASELINE_NO_ENTITY_RANKING,,,NOT_APPLICABLE_GLOBAL_BASELINE,HF9g-P5,,,,X 全窗基线 · 不参与实体赏罚,6876024,688,A168_HF9F_20260827_0900,2026-08-27 09:00:00
2026-03-27,146019672,471,0,11.0044898319,-11.0044898319,-11.0044898319,0E-7,1,1,0.49324550000000000,0.493245500000,-0.9865810262130424,-0.9865810262130424,-0.9865810262130424,0E-17,ELIGIBLE,R03b_20260811_FULL_v1,L1_ELIGIBILITY,v2026-08-11,2026-03-21..2026-08-06,baccarat_bet02_101_all_pairs_incl_sentinel,round_win = game_pnl > 0 (decisive only),COMPATIBILITY_ONLY_NOT_PRODUCTION,2355.8767,2148.5998,168.6337,359,359,-0.07158000,-0.29525223,-0.06492336,-0.07158000,-168.6337,2355.8767,OK,0.0000,6.7453,4.0000,96.0000,AG03-UNRESOLVED,ALL5_LEVELS_bet23_to_bet27,6.7453,6.7453,6.7453,6.7453,6.7453,4.000000,4.000000,4.000000,4.000000,4.000000,96.000000,96.000000,96.000000,96.000000,96.000000,5.0,33.7267,31.1344,134.9069,137.4993,PENDING_AG03,FALSE,NOT_FOR_ENFORCEMENT,161.8883,2062.6558,168.6337,161.8883,6.7453,0.07158000,0.06871680,6.7453,161.8883,0.06871680,6.7453,6.7453,6.7453,6.7453,6.7453,161.8883,0.06871680,33.7267,31.1344,134.9069,137.4993,0.05726400,0.05836438,0.00286320,6.5623,5.9850,0.4697,8.0302,2.1346,112.1846,17.0952,8.5108,6.5179,4.2165,4.4018,10.5412,11.0045,11.0045,21.0824,4.4018,0.0,2.5,4.789493,1.49083,8,52,9,2,0.02890062,0.07158000,0.29525223,0E-8,0.000000,0.912017,0.000000,-0.23032887,2026-03-22,2026-08-01,21,79,66,133,0.157895,1.305752,1.296916,0.096335,,,,,,,,GLOBAL_BASELINE_NO_ENTITY_RANKING,,,NOT_APPLICABLE_GLOBAL_BASELINE,HF9g-P5,,,,X 全窗基线 · 不参与实体赏罚,6876025,688,A168_HF9F_20260827_0900,2026-08-27 09:00:00
2026-03-27,146019672,919,0,81.4332247557,18.4875429175,18.4875429175,0.6363636,11,11,0.49812011818181818,0.498120118182,0.9170102403854771,0.9170102403842698,0.9170102403854771,-1.8182E-13,ELIGIBLE,R03b_20260811_FULL_v1,L1_ELIGIBILITY,v2026-08-11,2026-03-21..2026-08-06,baccarat_bet02_101_all_pairs_incl_sentinel,round_win = game_pnl > 0 (decisive only),COMPATIBILITY_ONLY_NOT_PRODUCTION,2355.8767,2148.5998,168.6337,359,359,-0.07158000,-0.29525223,-0.06492336,-0.07158000,-168.6337,2355.8767,OK,0.0000,6.7453,4.0000,96.0000,AG03-UNRESOLVED,ALL5_LEVELS_bet23_to_bet27,6.7453,6.7453,6.7453,6.7453,6.7453,4.000000,4.000000,4.000000,4.000000,4.000000,96.000000,96.000000,96.000000,96.000000,96.000000,5.0,33.7267,31.1344,134.9069,137.4993,PENDING_AG03,FALSE,NOT_FOR_ENFORCEMENT,161.8883,2062.6558,168.6337,161.8883,6.7453,0.07158000,0.06871680,6.7453,161.8883,0.06871680,6.7453,6.7453,6.7453,6.7453,6.7453,161.8883,0.06871680,33.7267,31.1344,134.9069,137.4993,0.05726400,0.05836438,0.00286320,6.5623,5.9850,0.4697,8.0302,2.1346,112.1846,17.0952,8.5108,6.5179,4.2165,4.4018,10.5412,11.0045,11.0045,21.0824,4.4018,0.0,2.5,4.789493,1.49083,8,52,9,2,0.02890062,0.07158000,0.29525223,0E-8,0.000000,0.912017,0.000000,-0.23032887,2026-03-22,2026-08-01,21,79,66,133,0.157895,1.305752,1.296916,0.096335,,,,,,,,GLOBAL_BASELINE_NO_ENTITY_RANKING,,,NOT_APPLICABLE_GLOBAL_BASELINE,HF9g-P5,,,,X 全窗基线 · 不参与实体赏罚,6876026,688,A168_HF9F_20260827_0900,2026-08-27 09:00:00
2026-03-28,146019672,1405,0,4.4017959327,-4.4017959327,-4.4017959327,0E-7,1,1,0.50665070000000000,0.506650700000,-1.013391052207602,-1.013391052207602,-1.013391052207602,0E-17,ELIGIBLE,R03b_20260811_FULL_v1,L1_ELIGIBILITY,v2026-08-11,2026-03-21..2026-08-06,baccarat_bet02_101_all_pairs_incl_sentinel,round_win = game_pnl > 0 (decisive only),COMPATIBILITY_ONLY_NOT_PRODUCTION,2355.8767,2148.5998,168.6337,359,359,-0.07158000,-0.29525223,-0.06492336,-0.07158000,-168.6337,2355.8767,OK,0.0000,6.7453,4.0000,96.0000,AG03-UNRESOLVED,ALL5_LEVELS_bet23_to_bet27,6.7453,6.7453,6.7453,6.7453,6.7453,4.000000,4.000000,4.000000,4.000000,4.000000,96.000000,96.000000,96.000000,96.000000,96.000000,5.0,33.7267,31.1344,134.9069,137.4993,PENDING_AG03,FALSE,NOT_FOR_ENFORCEMENT,161.8883,2062.6558,168.6337,161.8883,6.7453,0.07158000,0.06871680,6.7453,161.8883,0.06871680,6.7453,6.7453,6.7453,6.7453,6.7453,161.8883,0.06871680,33.7267,31.1344,134.9069,137.4993,0.05726400,0.05836438,0.00286320,6.5623,5.9850,0.4697,8.0302,2.1346,112.1846,17.0952,8.5108,6.5179,4.2165,4.4018,10.5412,11.0045,11.0045,21.0824,4.4018,0.0,2.5,4.789493,1.49083,8,52,9,2,0.02890062,0.07158000,0.29525223,0E-8,0.000000,0.912017,0.000000,-0.23032887,2026-03-22,2026-08-01,21,79,66,133,0.157895,1.305752,1.296916,0.096335,,,,,,,,GLOBAL_BASELINE_NO_ENTITY_RANKING,,,NOT_APPLICABLE_GLOBAL_BASELINE,HF9g-P5,,,,X 全窗基线 · 不参与实体赏罚,6876027,688,A168_HF9F_20260827_0900,2026-08-27 09:00:00
2026-03-28,146019672,1646,0,8.5835020688,-8.5835020688,-8.5835020688,0E-7,2,2,0.49324550000000000,0.493245500000,-1.3952362676504506,-1.3952362676504506,-1.3952362676504506,0E-17,ELIGIBLE,R03b_20260811_FULL_v1,L1_ELIGIBILITY,v2026-08-11,2026-03-21..2026-08-06,baccarat_bet02_101_all_pairs_incl_sentinel,round_win = game_pnl > 0 (decisive only),COMPATIBILITY_ONLY_NOT_PRODUCTION,2355.8767,2148.5998,168.6337,359,359,-0.07158000,-0.29525223,-0.06492336,-0.07158000,-168.6337,2355.8767,OK,0.0000,6.7453,4.0000,96.0000,AG03-UNRESOLVED,ALL5_LEVELS_bet23_to_bet27,6.7453,6.7453,6.7453,6.7453,6.7453,4.000000,4.000000,4.000000,4.000000,4.000000,96.000000,96.000000,96.000000,96.000000,96.000000,5.0,33.7267,31.1344,134.9069,137.4993,PENDING_AG03,FALSE,NOT_FOR_ENFORCEMENT,161.8883,2062.6558,168.6337,161.8883,6.7453,0.07158000,0.06871680,6.7453,161.8883,0.06871680,6.7453,6.7453,6.7453,6.7453,6.7453,161.8883,0.06871680,33.7267,31.1344,134.9069,137.4993,0.05726400,0.05836438,0.00286320,6.5623,5.9850,0.4697,8.0302,2.1346,112.1846,17.0952,8.5108,6.5179,4.2165,4.4018,10.5412,11.0045,11.0045,21.0824,4.4018,0.0,2.5,4.789493,1.49083,8,52,9,2,0.02890062,0.07158000,0.29525223,0E-8,0.000000,0.912017,0.000000,-0.23032887,2026-03-22,2026-08-01,21,79,66,133,0.157895,1.305752,1.296916,0.096335,,,,,,,,GLOBAL_BASELINE_NO_ENTITY_RANKING,,,NOT_APPLICABLE_GLOBAL_BASELINE,HF9g-P5,,,,X 全窗基线 · 不参与实体赏罚,6876028,688,A168_HF9F_20260827_0900,2026-08-27 09:00:00
2026-03-28,146019672,2160,0,17.6071837308,-4.6218857293,-4.6218857293,0.3333333,4,4,0.50329940000000000,0.503299400000,-0.5887925454369916,-0.5887925454369916,-0.5887925454369916,0E-17,ELIGIBLE,R03b_20260811_FULL_v1,L1_ELIGIBILITY,v2026-08-11,2026-03-21..2026-08-06,baccarat_bet02_101_all_pairs_incl_sentinel,round_win = game_pnl > 0 (decisive only),COMPATIBILITY_ONLY_NOT_PRODUCTION,2355.8767,2148.5998,168.6337,359,359,-0.07158000,-0.29525223,-0.06492336,-0.07158000,-168.6337,2355.8767,OK,0.0000,6.7453,4.0000,96.0000,AG03-UNRESOLVED,ALL5_LEVELS_bet23_to_bet27,6.7453,6.7453,6.7453,6.7453,6.7453,4.000000,4.000000,4.000000,4.000000,4.000000,96.000000,96.000000,96.000000,96.000000,96.000000,5.0,33.7267,31.1344,134.9069,137.4993,PENDING_AG03,FALSE,NOT_FOR_ENFORCEMENT,161.8883,2062.6558,168.6337,161.8883,6.7453,0.07158000,0.06871680,6.7453,161.8883,0.06871680,6.7453,6.7453,6.7453,6.7453,6.7453,161.8883,0.06871680,33.7267,31.1344,134.9069,137.4993,0.05726400,0.05836438,0.00286320,6.5623,5.9850,0.4697,8.0302,2.1346,112.1846,17.0952,8.5108,6.5179,4.2165,4.4018,10.5412,11.0045,11.0045,21.0824,4.4018,0.0,2.5,4.789493,1.49083,8,52,9,2,0.02890062,0.07158000,0.29525223,0E-8,0.000000,0.912017,0.000000,-0.23032887,2026-03-22,2026-08-01,21,79,66,133,0.157895,1.305752,1.296916,0.096335,,,,,,,,GLOBAL_BASELINE_NO_ENTITY_RANKING,,,NOT_APPLICABLE_GLOBAL_BASELINE,HF9g-P5,,,,X 全窗基线 · 不参与实体赏罚,6876029,688,A168_HF9F_20260827_0900,2026-08-27 09:00:00
2026-03-29,146019672,2160,0,13.2053877981,-4.6218857293,-4.6218857293,0.3333333,3,3,0.49771390000000000,0.497713900000,-0.5694369385616226,-0.5694369385616226,-0.5694369385616226,0E-17,ELIGIBLE,R03b_20260811_FULL_v1,L1_ELIGIBILITY,v2026-08-11,2026-03-21..2026-08-06,baccarat_bet02_101_all_pairs_incl_sentinel,round_win = game_pnl > 0 (decisive only),COMPATIBILITY_ONLY_NOT_PRODUCTION,2355.8767,2148.5998,168.6337,359,359,-0.07158000,-0.29525223,-0.06492336,-0.07158000,-168.6337,2355.8767,OK,0.0000,6.7453,4.0000,96.0000,AG03-UNRESOLVED,ALL5_LEVELS_bet23_to_bet27,6.7453,6.7453,6.7453,6.7453,6.7453,4.000000,4.000000,4.000000,4.000000,4.000000,96.000000,96.000000,96.000000,96.000000,96.000000,5.0,33.7267,31.1344,134.9069,137.4993,PENDING_AG03,FALSE,NOT_FOR_ENFORCEMENT,161.8883,2062.6558,168.6337,161.8883,6.7453,0.07158000,0.06871680,6.7453,161.8883,0.06871680,6.7453,6.7453,6.7453,6.7453,6.7453,161.8883,0.06871680,33.7267,31.1344,134.9069,137.4993,0.05726400,0.05836438,0.00286320,6.5623,5.9850,0.4697,8.0302,2.1346,112.1846,17.0952,8.5108,6.5179,4.2165,4.4018,10.5412,11.0045,11.0045,21.0824,4.4018,0.0,2.5,4.789493,1.49083,8,52,9,2,0.02890062,0.07158000,0.29525223,0E-8,0.000000,0.912017,0.000000,-0.23032887,2026-03-22,2026-08-01,21,79,66,133,0.157895,1.305752,1.296916,0.096335,,,,,,,,GLOBAL_BASELINE_NO_ENTITY_RANKING,,,NOT_APPLICABLE_GLOBAL_BASELINE,HF9g-P5,,,,X 全窗基线 · 不参与实体赏罚,6876030,688,A168_HF9F_20260827_0900,2026-08-27 09:00:00
2026-03-29,146019672,550,0,30.8125715292,-11.0044898319,-11.0044898319,0.3333333,4,4,0.49994810000000000,0.499948100000,-0.5771704854251445,-0.5771704854251445,-0.5771704854251445,0E-17,ELIGIBLE,R03b_20260811_FULL_v1,L1_ELIGIBILITY,v2026-08-11,2026-03-21..2026-08-06,baccarat_bet02_101_all_pairs_incl_sentinel,round_win = game_pnl > 0 (decisive only),COMPATIBILITY_ONLY_NOT_PRODUCTION,2355.8767,2148.5998,168.6337,359,359,-0.07158000,-0.29525223,-0.06492336,-0.07158000,-168.6337,2355.8767,OK,0.0000,6.7453,4.0000,96.0000,AG03-UNRESOLVED,ALL5_LEVELS_bet23_to_bet27,6.7453,6.7453,6.7453,6.7453,6.7453,4.000000,4.000000,4.000000,4.000000,4.000000,96.000000,96.000000,96.000000,96.000000,96.000000,5.0,33.7267,31.1344,134.9069,137.4993,PENDING_AG03,FALSE,NOT_FOR_ENFORCEMENT,161.8883,2062.6558,168.6337,161.8883,6.7453,0.07158000,0.06871680,6.7453,161.8883,0.06871680,6.7453,6.7453,6.7453,6.7453,6.7453,161.8883,0.06871680,33.7267,31.1344,134.9069,137.4993,0.05726400,0.05836438,0.00286320,6.5623,5.9850,0.4697,8.0302,2.1346,112.1846,17.0952,8.5108,6.5179,4.2165,4.4018,10.5412,11.0045,11.0045,21.0824,4.4018,0.0,2.5,4.789493,1.49083,8,52,9,2,0.02890062,0.07158000,0.29525223,0E-8,0.000000,0.912017,0.000000,-0.23032887,2026-03-22,2026-08-01,21,79,66,133,0.157895,1.305752,1.296916,0.096335,,,,,,,,GLOBAL_BASELINE_NO_ENTITY_RANKING,,,NOT_APPLICABLE_GLOBAL_BASELINE,HF9g-P5,,,,X 全窗基线 · 不参与实体赏罚,6876031,688,A168_HF9F_20260827_0900,2026-08-27 09:00:00
2026-03-30,146019672,1205,0,28.1714939696,-15.8464653580,-15.8464653580,0.3333333,3,3,0.49324550000000000,0.493245500000,-0.5540025479526107,-0.5540025479526106,-0.5540025479526107,0E-17,ELIGIBLE,R03b_20260811_FULL_v1,L1_ELIGIBILITY,v2026-08-11,2026-03-21..2026-08-06,baccarat_bet02_101_all_pairs_incl_sentinel,round_win = game_pnl > 0 (decisive only),COMPATIBILITY_ONLY_NOT_PRODUCTION,2355.8767,2148.5998,168.6337,359,359,-0.07158000,-0.29525223,-0.06492336,-0.07158000,-168.6337,2355.8767,OK,0.0000,6.7453,4.0000,96.0000,AG03-UNRESOLVED,ALL5_LEVELS_bet23_to_bet27,6.7453,6.7453,6.7453,6.7453,6.7453,4.000000,4.000000,4.000000,4.000000,4.000000,96.000000,96.000000,96.000000,96.000000,96.000000,5.0,33.7267,31.1344,134.9069,137.4993,PENDING_AG03,FALSE,NOT_FOR_ENFORCEMENT,161.8883,2062.6558,168.6337,161.8883,6.7453,0.07158000,0.06871680,6.7453,161.8883,0.06871680,6.7453,6.7453,6.7453,6.7453,6.7453,161.8883,0.06871680,33.7267,31.1344,134.9069,137.4993,0.05726400,0.05836438,0.00286320,6.5623,5.9850,0.4697,8.0302,2.1346,112.1846,17.0952,8.5108,6.5179,4.2165,4.4018,10.5412,11.0045,11.0045,21.0824,4.4018,0.0,2.5,4.789493,1.49083,8,52,9,2,0.02890062,0.07158000,0.29525223,0E-8,0.000000,0.912017,0.000000,-0.23032887,2026-03-22,2026-08-01,21,79,66,133,0.157895,1.305752,1.296916,0.096335,,,,,,,,GLOBAL_BASELINE_NO_ENTITY_RANKING,,,NOT_APPLICABLE_GLOBAL_BASELINE,HF9g-P5,,,,X 全窗基线 · 不参与实体赏罚,6876032,688,A168_HF9F_20260827_0900,2026-08-27 09:00:00
2026-03-30,146019672,1221,0,24.2098776300,-6.8227836958,-6.8227836958,0.5000000,4,4,0.49994810000000000,0.499948100000,0.00020760000111838688,0.00020760000111838688,0.00020760000111838688,0E-17,ELIGIBLE,R03b_20260811_FULL_v1,L1_ELIGIBILITY,v2026-08-11,2026-03-21..2026-08-06,baccarat_bet02_101_all_pairs_incl_sentinel,round_win = game_pnl > 0 (decisive only),COMPATIBILITY_ONLY_NOT_PRODUCTION,2355.8767,2148.5998,168.6337,359,359,-0.07158000,-0.29525223,-0.06492336,-0.07158000,-168.6337,2355.8767,OK,0.0000,6.7453,4.0000,96.0000,AG03-UNRESOLVED,ALL5_LEVELS_bet23_to_bet27,6.7453,6.7453,6.7453,6.7453,6.7453,4.000000,4.000000,4.000000,4.000000,4.000000,96.000000,96.000000,96.000000,96.000000,96.000000,5.0,33.7267,31.1344,134.9069,137.4993,PENDING_AG03,FALSE,NOT_FOR_ENFORCEMENT,161.8883,2062.6558,168.6337,161.8883,6.7453,0.07158000,0.06871680,6.7453,161.8883,0.06871680,6.7453,6.7453,6.7453,6.7453,6.7453,161.8883,0.06871680,33.7267,31.1344,134.9069,137.4993,0.05726400,0.05836438,0.00286320,6.5623,5.9850,0.4697,8.0302,2.1346,112.1846,17.0952,8.5108,6.5179,4.2165,4.4018,10.5412,11.0045,11.0045,21.0824,4.4018,0.0,2.5,4.789493,1.49083,8,52,9,2,0.02890062,0.07158000,0.29525223,0E-8,0.000000,0.912017,0.000000,-0.23032887,2026-03-22,2026-08-01,21,79,66,133,0.157895,1.305752,1.296916,0.096335,,,,,,,,GLOBAL_BASELINE_NO_ENTITY_RANKING,,,NOT_APPLICABLE_GLOBAL_BASELINE,HF9g-P5,,,,X 全窗基线 · 不参与实体赏罚,6876033,688,A168_HF9F_20260827_0900,2026-08-27 09:00:00
2026-03-30,146019672,1323,0,19.5879919007,8.5835020688,8.5835020688,1.0000000,2,2,0.49994810000000000,0.499948100000,1.0001038053877793,1.0001038053877793,1.0001038053877793,0E-17,ELIGIBLE,R03b_20260811_FULL_v1,L1_ELIGIBILITY,v2026-08-11,2026-03-21..2026-08-06,baccarat_bet02_101_all_pairs_incl_sentinel,round_win = game_pnl > 0 (decisive only),COMPATIBILITY_ONLY_NOT_PRODUCTION,2355.8767,2148.5998,168.6337,359,359,-0.07158000,-0.29525223,-0.06492336,-0.07158000,-168.6337,2355.8767,OK,0.0000,6.7453,4.0000,96.0000,AG03-UNRESOLVED,ALL5_LEVELS_bet23_to_bet27,6.7453,6.7453,6.7453,6.7453,6.7453,4.000000,4.000000,4.000000,4.000000,4.000000,96.000000,96.000000,96.000000,96.000000,96.000000,5.0,33.7267,31.1344,134.9069,137.4993,PENDING_AG03,FALSE,NOT_FOR_ENFORCEMENT,161.8883,2062.6558,168.6337,161.8883,6.7453,0.07158000,0.06871680,6.7453,161.8883,0.06871680,6.7453,6.7453,6.7453,6.7453,6.7453,161.8883,0.06871680,33.7267,31.1344,134.9069,137.4993,0.05726400,0.05836438,0.00286320,6.5623,5.9850,0.4697,8.0302,2.1346,112.1846,17.0952,8.5108,6.5179,4.2165,4.4018,10.5412,11.0045,11.0045,21.0824,4.4018,0.0,2.5,4.789493,1.49083,8,52,9,2,0.02890062,0.07158000,0.29525223,0E-8,0.000000,0.912017,0.000000,-0.23032887,2026-03-22,2026-08-01,21,79,66,133,0.157895,1.305752,1.296916,0.096335,,,,,,,,GLOBAL_BASELINE_NO_ENTITY_RANKING,,,NOT_APPLICABLE_GLOBAL_BASELINE,HF9g-P5,,,,X 全窗基线 · 不参与实体赏罚,6876034,688,A168_HF9F_20260827_0900,2026-08-27 09:00:00
2026-04-01,146019672,1004,0,25.2988425780,-8.8545949024,-8.8545949024,0.3333333,6,6,0.50218230000000000,0.502182300000,-0.8271955028234007,-0.8271955028234007,-0.8271955028234007,0E-17,ELIGIBLE,R03b_20260811_FULL_v1,L1_ELIGIBILITY,v2026-08-11,2026-03-21..2026-08-06,baccarat_bet02_101_all_pairs_incl_sentinel,round_win = game_pnl > 0 (decisive only),COMPATIBILITY_ONLY_NOT_PRODUCTION,2355.8767,2148.5998,168.6337,359,359,-0.07158000,-0.29525223,-0.06492336,-0.07158000,-168.6337,2355.8767,OK,0.0000,6.7453,4.0000,96.0000,AG03-UNRESOLVED,ALL5_LEVELS_bet23_to_bet27,6.7453,6.7453,6.7453,6.7453,6.7453,4.000000,4.000000,4.000000,4.000000,4.000000,96.000000,96.000000,96.000000,96.000000,96.000000,5.0,33.7267,31.1344,134.9069,137.4993,PENDING_AG03,FALSE,NOT_FOR_ENFORCEMENT,161.8883,2062.6558,168.6337,161.8883,6.7453,0.07158000,0.06871680,6.7453,161.8883,0.06871680,6.7453,6.7453,6.7453,6.7453,6.7453,161.8883,0.06871680,33.7267,31.1344,134.9069,137.4993,0.05726400,0.05836438,0.00286320,6.5623,5.9850,0.4697,8.0302,2.1346,112.1846,17.0952,8.5108,6.5179,4.2165,4.4018,10.5412,11.0045,11.0045,21.0824,4.4018,0.0,2.5,4.789493,1.49083,8,52,9,2,0.02890062,0.07158000,0.29525223,0E-8,0.000000,0.912017,0.000000,-0.23032887,2026-03-22,2026-08-01,21,79,66,133,0.157895,1.305752,1.296916,0.096335,,,,,,,,GLOBAL_BASELINE_NO_ENTITY_RANKING,,,NOT_APPLICABLE_GLOBAL_BASELINE,HF9g-P5,,,,X 全窗基线 · 不参与实体赏罚,6876035,688,A168_HF9F_20260827_0900,2026-08-27 09:00:00
2026-04-01,146019672,1645,0,42.1647376300,-0.5270592204,-0.5270592204,0.5000000,4,4,0.50329940000000000,0.503299400000,-0.01319788734859681,-0.01319788734859681,-0.01319788734859681,0E-17,ELIGIBLE,R03b_20260811_FULL_v1,L1_ELIGIBILITY,v2026-08-11,2026-03-21..2026-08-06,baccarat_bet02_101_all_pairs_incl_sentinel,round_win = game_pnl > 0 (decisive only),COMPATIBILITY_ONLY_NOT_PRODUCTION,2355.8767,2148.5998,168.6337,359,359,-0.07158000,-0.29525223,-0.06492336,-0.07158000,-168.6337,2355.8767,OK,0.0000,6.7453,4.0000,96.0000,AG03-UNRESOLVED,ALL5_LEVELS_bet23_to_bet27,6.7453,6.7453,6.7453,6.7453,6.7453,4.000000,4.000000,4.000000,4.000000,4.000000,96.000000,96.000000,96.000000,96.000000,96.000000,5.0,33.7267,31.1344,134.9069,137.4993,PENDING_AG03,FALSE,NOT_FOR_ENFORCEMENT,161.8883,2062.6558,168.6337,161.8883,6.7453,0.07158000,0.06871680,6.7453,161.8883,0.06871680,6.7453,6.7453,6.7453,6.7453,6.7453,161.8883,0.06871680,33.7267,31.1344,134.9069,137.4993,0.05726400,0.05836438,0.00286320,6.5623,5.9850,0.4697,8.0302,2.1346,112.1846,17.0952,8.5108,6.5179,4.2165,4.4018,10.5412,11.0045,11.0045,21.0824,4.4018,0.0,2.5,4.789493,1.49083,8,52,9,2,0.02890062,0.07158000,0.29525223,0E-8,0.000000,0.912017,0.000000,-0.23032887,2026-03-22,2026-08-01,21,79,66,133,0.157895,1.305752,1.296916,0.096335,,,,,,,,GLOBAL_BASELINE_NO_ENTITY_RANKING,,,NOT_APPLICABLE_GLOBAL_BASELINE,HF9g-P5,,,,X 全窗基线 · 不参与实体赏罚,6876036,688,A168_HF9F_20260827_0900,2026-08-27 09:00:00
2026-04-01,146019672,1951,0,162.3342398755,76.2127632661,76.2127632661,0.7777778,10,10,0.49994810000000000,0.499948100000,1.6669780756470443,1.6669780756470443,1.6669780756470443,0E-17,ELIGIBLE,R03b_20260811_FULL_v1,L1_ELIGIBILITY,v2026-08-11,2026-03-21..2026-08-06,baccarat_bet02_101_all_pairs_incl_sentinel,round_win = game_pnl > 0 (decisive only),COMPATIBILITY_ONLY_NOT_PRODUCTION,2355.8767,2148.5998,168.6337,359,359,-0.07158000,-0.29525223,-0.06492336,-0.07158000,-168.6337,2355.8767,OK,0.0000,6.7453,4.0000,96.0000,AG03-UNRESOLVED,ALL5_LEVELS_bet23_to_bet27,6.7453,6.7453,6.7453,6.7453,6.7453,4.000000,4.000000,4.000000,4.000000,4.000000,96.000000,96.000000,96.000000,96.000000,96.000000,5.0,33.7267,31.1344,134.9069,137.4993,PENDING_AG03,FALSE,NOT_FOR_ENFORCEMENT,161.8883,2062.6558,168.6337,161.8883,6.7453,0.07158000,0.06871680,6.7453,161.8883,0.06871680,6.7453,6.7453,6.7453,6.7453,6.7453,161.8883,0.06871680,33.7267,31.1344,134.9069,137.4993,0.05726400,0.05836438,0.00286320,6.5623,5.9850,0.4697,8.0302,2.1346,112.1846,17.0952,8.5108,6.5179,4.2165,4.4018,10.5412,11.0045,11.0045,21.0824,4.4018,0.0,2.5,4.789493,1.49083,8,52,9,2,0.02890062,0.07158000,0.29525223,0E-8,0.000000,0.912017,0.000000,-0.23032887,2026-03-22,2026-08-01,21,79,66,133,0.157895,1.305752,1.296916,0.096335,,,,,,,,GLOBAL_BASELINE_NO_ENTITY_RANKING,,,NOT_APPLICABLE_GLOBAL_BASELINE,HF9g-P5,,,,X 全窗基线 · 不参与实体赏罚,6876037,688,A168_HF9F_20260827_0900,2026-08-27 09:00:00
2026-04-01,146019672,1990,0,25.2988425780,14.2305989501,14.2305989501,1.0000000,3,3,0.49771390000000000,0.497713900000,1.4206944795187548,1.420694479518755,1.4206944795187548,0E-17,ELIGIBLE,R03b_20260811_FULL_v1,L1_ELIGIBILITY,v2026-08-11,2026-03-21..2026-08-06,baccarat_bet02_101_all_pairs_incl_sentinel,round_win = game_pnl > 0 (decisive only),COMPATIBILITY_ONLY_NOT_PRODUCTION,2355.8767,2148.5998,168.6337,359,359,-0.07158000,-0.29525223,-0.06492336,-0.07158000,-168.6337,2355.8767,OK,0.0000,6.7453,4.0000,96.0000,AG03-UNRESOLVED,ALL5_LEVELS_bet23_to_bet27,6.7453,6.7453,6.7453,6.7453,6.7453,4.000000,4.000000,4.000000,4.000000,4.000000,96.000000,96.000000,96.000000,96.000000,96.000000,5.0,33.7267,31.1344,134.9069,137.4993,PENDING_AG03,FALSE,NOT_FOR_ENFORCEMENT,161.8883,2062.6558,168.6337,161.8883,6.7453,0.07158000,0.06871680,6.7453,161.8883,0.06871680,6.7453,6.7453,6.7453,6.7453,6.7453,161.8883,0.06871680,33.7267,31.1344,134.9069,137.4993,0.05726400,0.05836438,0.00286320,6.5623,5.9850,0.4697,8.0302,2.1346,112.1846,17.0952,8.5108,6.5179,4.2165,4.4018,10.5412,11.0045,11.0045,21.0824,4.4018,0.0,2.5,4.789493,1.49083,8,52,9,2,0.02890062,0.07158000,0.29525223,0E-8,0.000000,0.912017,0.000000,-0.23032887,2026-03-22,2026-08-01,21,79,66,133,0.157895,1.305752,1.296916,0.096335,,,,,,,,GLOBAL_BASELINE_NO_ENTITY_RANKING,,,NOT_APPLICABLE_GLOBAL_BASELINE,HF9g-P5,,,,X 全窗基线 · 不参与实体赏罚,6876038,688,A168_HF9F_20260827_0900,2026-08-27 09:00:00
2026-04-01,146019672,2108,0,4.2164737630,-4.2164737630,-4.2164737630,0E-7,1,1,0.50665070000000000,0.506650700000,-1.013391052207602,-1.013391052207602,-1.013391052207602,0E-17,ELIGIBLE,R03b_20260811_FULL_v1,L1_ELIGIBILITY,v2026-08-11,2026-03-21..2026-08-06,baccarat_bet02_101_all_pairs_incl_sentinel,round_win = game_pnl > 0 (decisive only),COMPATIBILITY_ONLY_NOT_PRODUCTION,2355.8767,2148.5998,168.6337,359,359,-0.07158000,-0.29525223,-0.06492336,-0.07158000,-168.6337,2355.8767,OK,0.0000,6.7453,4.0000,96.0000,AG03-UNRESOLVED,ALL5_LEVELS_bet23_to_bet27,6.7453,6.7453,6.7453,6.7453,6.7453,4.000000,4.000000,4.000000,4.000000,4.000000,96.000000,96.000000,96.000000,96.000000,96.000000,5.0,33.7267,31.1344,134.9069,137.4993,PENDING_AG03,FALSE,NOT_FOR_ENFORCEMENT,161.8883,2062.6558,168.6337,161.8883,6.7453,0.07158000,0.06871680,6.7453,161.8883,0.06871680,6.7453,6.7453,6.7453,6.7453,6.7453,161.8883,0.06871680,33.7267,31.1344,134.9069,137.4993,0.05726400,0.05836438,0.00286320,6.5623,5.9850,0.4697,8.0302,2.1346,112.1846,17.0952,8.5108,6.5179,4.2165,4.4018,10.5412,11.0045,11.0045,21.0824,4.4018,0.0,2.5,4.789493,1.49083,8,52,9,2,0.02890062,0.07158000,0.29525223,0E-8,0.000000,0.912017,0.000000,-0.23032887,2026-03-22,2026-08-01,21,79,66,133,0.157895,1.305752,1.296916,0.096335,,,,,,,,GLOBAL_BASELINE_NO_ENTITY_RANKING,,,NOT_APPLICABLE_GLOBAL_BASELINE,HF9g-P5,,,,X 全窗基线 · 不参与实体赏罚,6876039,688,A168_HF9F_20260827_0900,2026-08-27 09:00:00
2026-04-01,146019672,2160,0,4.2164737630,-4.2164737630,-4.2164737630,0E-7,1,1,0.49324550000000000,0.493245500000,-0.9865810262130424,-0.9865810262130424,-0.9865810262130424,0E-17,ELIGIBLE,R03b_20260811_FULL_v1,L1_ELIGIBILITY,v2026-08-11,2026-03-21..2026-08-06,baccarat_bet02_101_all_pairs_incl_sentinel,round_win = game_pnl > 0 (decisive only),COMPATIBILITY_ONLY_NOT_PRODUCTION,2355.8767,2148.5998,168.6337,359,359,-0.07158000,-0.29525223,-0.06492336,-0.07158000,-168.6337,2355.8767,OK,0.0000,6.7453,4.0000,96.0000,AG03-UNRESOLVED,ALL5_LEVELS_bet23_to_bet27,6.7453,6.7453,6.7453,6.7453,6.7453,4.000000,4.000000,4.000000,4.000000,4.000000,96.000000,96.000000,96.000000,96.000000,96.000000,5.0,33.7267,31.1344,134.9069,137.4993,PENDING_AG03,FALSE,NOT_FOR_ENFORCEMENT,161.8883,2062.6558,168.6337,161.8883,6.7453,0.07158000,0.06871680,6.7453,161.8883,0.06871680,6.7453,6.7453,6.7453,6.7453,6.7453,161.8883,0.06871680,33.7267,31.1344,134.9069,137.4993,0.05726400,0.05836438,0.00286320,6.5623,5.9850,0.4697,8.0302,2.1346,112.1846,17.0952,8.5108,6.5179,4.2165,4.4018,10.5412,11.0045,11.0045,21.0824,4.4018,0.0,2.5,4.789493,1.49083,8,52,9,2,0.02890062,0.07158000,0.29525223,0E-8,0.000000,0.912017,0.000000,-0.23032887,2026-03-22,2026-08-01,21,79,66,133,0.157895,1.305752,1.296916,0.096335,,,,,,,,GLOBAL_BASELINE_NO_ENTITY_RANKING,,,NOT_APPLICABLE_GLOBAL_BASELINE,HF9g-P5,,,,X 全窗基线 · 不参与实体赏罚,6876040,688,A168_HF9F_20260827_0900,2026-08-27 09:00:00
2026-04-01,146019672,2212,0,4.2164737630,-4.2164737630,-4.2164737630,0E-7,1,1,0.49324550000000000,0.493245500000,-0.9865810262130424,-0.9865810262130424,-0.9865810262130424,0E-17,ELIGIBLE,R03b_20260811_FULL_v1,L1_ELIGIBILITY,v2026-08-11,2026-03-21..2026-08-06,baccarat_bet02_101_all_pairs_incl_sentinel,round_win = game_pnl > 0 (decisive only),COMPATIBILITY_ONLY_NOT_PRODUCTION,2355.8767,2148.5998,168.6337,359,359,-0.07158000,-0.29525223,-0.06492336,-0.07158000,-168.6337,2355.8767,OK,0.0000,6.7453,4.0000,96.0000,AG03-UNRESOLVED,ALL5_LEVELS_bet23_to_bet27,6.7453,6.7453,6.7453,6.7453,6.7453,4.000000,4.000000,4.000000,4.000000,4.000000,96.000000,96.000000,96.000000,96.000000,96.000000,5.0,33.7267,31.1344,134.9069,137.4993,PENDING_AG03,FALSE,NOT_FOR_ENFORCEMENT,161.8883,2062.6558,168.6337,161.8883,6.7453,0.07158000,0.06871680,6.7453,161.8883,0.06871680,6.7453,6.7453,6.7453,6.7453,6.7453,161.8883,0.06871680,33.7267,31.1344,134.9069,137.4993,0.05726400,0.05836438,0.00286320,6.5623,5.9850,0.4697,8.0302,2.1346,112.1846,17.0952,8.5108,6.5179,4.2165,4.4018,10.5412,11.0045,11.0045,21.0824,4.4018,0.0,2.5,4.789493,1.49083,8,52,9,2,0.02890062,0.07158000,0.29525223,0E-8,0.000000,0.912017,0.000000,-0.23032887,2026-03-22,2026-08-01,21,79,66,133,0.157895,1.305752,1.296916,0.096335,,,,,,,,GLOBAL_BASELINE_NO_ENTITY_RANKING,,,NOT_APPLICABLE_GLOBAL_BASELINE,HF9g-P5,,,,X 全窗基线 · 不参与实体赏罚,6876041,688,A168_HF9F_20260827_0900,2026-08-27 09:00:00
2026-04-01,146019672,583,0,4.2164737630,-4.2164737630,-4.2164737630,0E-7,1,1,0.49324550000000000,0.493245500000,-0.9865810262130424,-0.9865810262130424,-0.9865810262130424,0E-17,ELIGIBLE,R03b_20260811_FULL_v1,L1_ELIGIBILITY,v2026-08-11,2026-03-21..2026-08-06,baccarat_bet02_101_all_pairs_incl_sentinel,round_win = game_pnl > 0 (decisive only),COMPATIBILITY_ONLY_NOT_PRODUCTION,2355.8767,2148.5998,168.6337,359,359,-0.07158000,-0.29525223,-0.06492336,-0.07158000,-168.6337,2355.8767,OK,0.0000,6.7453,4.0000,96.0000,AG03-UNRESOLVED,ALL5_LEVELS_bet23_to_bet27,6.7453,6.7453,6.7453,6.7453,6.7453,4.000000,4.000000,4.000000,4.000000,4.000000,96.000000,96.000000,96.000000,96.000000,96.000000,5.0,33.7267,31.1344,134.9069,137.4993,PENDING_AG03,FALSE,NOT_FOR_ENFORCEMENT,161.8883,2062.6558,168.6337,161.8883,6.7453,0.07158000,0.06871680,6.7453,161.8883,0.06871680,6.7453,6.7453,6.7453,6.7453,6.7453,161.8883,0.06871680,33.7267,31.1344,134.9069,137.4993,0.05726400,0.05836438,0.00286320,6.5623,5.9850,0.4697,8.0302,2.1346,112.1846,17.0952,8.5108,6.5179,4.2165,4.4018,10.5412,11.0045,11.0045,21.0824,4.4018,0.0,2.5,4.789493,1.49083,8,52,9,2,0.02890062,0.07158000,0.29525223,0E-8,0.000000,0.912017,0.000000,-0.23032887,2026-03-22,2026-08-01,21,79,66,133,0.157895,1.305752,1.296916,0.096335,,,,,,,,GLOBAL_BASELINE_NO_ENTITY_RANKING,,,NOT_APPLICABLE_GLOBAL_BASELINE,HF9g-P5,,,,X 全窗基线 · 不参与实体赏罚,6876042,688,A168_HF9F_20260827_0900,2026-08-27 09:00:00
2026-04-01,146019672,595,0,12.6494212890,0E-10,0E-10,0.5000000,3,3,0.49771390000000000,0.497713900000,0.006466134837551399,0.0064661348375514,0.006466134837551399,0E-17,ELIGIBLE,R03b_20260811_FULL_v1,L1_ELIGIBILITY,v2026-08-11,2026-03-21..2026-08-06,baccarat_bet02_101_all_pairs_incl_sentinel,round_win = game_pnl > 0 (decisive only),COMPATIBILITY_ONLY_NOT_PRODUCTION,2355.8767,2148.5998,168.6337,359,359,-0.07158000,-0.29525223,-0.06492336,-0.07158000,-168.6337,2355.8767,OK,0.0000,6.7453,4.0000,96.0000,AG03-UNRESOLVED,ALL5_LEVELS_bet23_to_bet27,6.7453,6.7453,6.7453,6.7453,6.7453,4.000000,4.000000,4.000000,4.000000,4.000000,96.000000,96.000000,96.000000,96.000000,96.000000,5.0,33.7267,31.1344,134.9069,137.4993,PENDING_AG03,FALSE,NOT_FOR_ENFORCEMENT,161.8883,2062.6558,168.6337,161.8883,6.7453,0.07158000,0.06871680,6.7453,161.8883,0.06871680,6.7453,6.7453,6.7453,6.7453,6.7453,161.8883,0.06871680,33.7267,31.1344,134.9069,137.4993,0.05726400,0.05836438,0.00286320,6.5623,5.9850,0.4697,8.0302,2.1346,112.1846,17.0952,8.5108,6.5179,4.2165,4.4018,10.5412,11.0045,11.0045,21.0824,4.4018,0.0,2.5,4.789493,1.49083,8,52,9,2,0.02890062,0.07158000,0.29525223,0E-8,0.000000,0.912017,0.000000,-0.23032887,2026-03-22,2026-08-01,21,79,66,133,0.157895,1.305752,1.296916,0.096335,,,,,,,,GLOBAL_BASELINE_NO_ENTITY_RANKING,,,NOT_APPLICABLE_GLOBAL_BASELINE,HF9g-P5,,,,X 全窗基线 · 不参与实体赏罚,6876043,688,A168_HF9F_20260827_0900,2026-08-27 09:00:00
2026-04-02,146019672,1004,0,20.6607214387,-4.2164737631,-4.2164737631,0.4000000,5,5,0.50396966000000000,0.503969660000,-0.4649811094771361,-0.4649811094771361,-0.4649811094771361,0E-17,ELIGIBLE,R03b_20260811_FULL_v1,L1_ELIGIBILITY,v2026-08-11,2026-03-21..2026-08-06,baccarat_bet02_101_all_pairs_incl_sentinel,round_win = game_pnl > 0 (decisive only),COMPATIBILITY_ONLY_NOT_PRODUCTION,2355.8767,2148.5998,168.6337,359,359,-0.07158000,-0.29525223,-0.06492336,-0.07158000,-168.6337,2355.8767,OK,0.0000,6.7453,4.0000,96.0000,AG03-UNRESOLVED,ALL5_LEVELS_bet23_to_bet27,6.7453,6.7453,6.7453,6.7453,6.7453,4.000000,4.000000,4.000000,4.000000,4.000000,96.000000,96.000000,96.000000,96.000000,96.000000,5.0,33.7267,31.1344,134.9069,137.4993,PENDING_AG03,FALSE,NOT_FOR_ENFORCEMENT,161.8883,2062.6558,168.6337,161.8883,6.7453,0.07158000,0.06871680,6.7453,161.8883,0.06871680,6.7453,6.7453,6.7453,6.7453,6.7453,161.8883,0.06871680,33.7267,31.1344,134.9069,137.4993,0.05726400,0.05836438,0.00286320,6.5623,5.9850,0.4697,8.0302,2.1346,112.1846,17.0952,8.5108,6.5179,4.2165,4.4018,10.5412,11.0045,11.0045,21.0824,4.4018,0.0,2.5,4.789493,1.49083,8,52,9,2,0.02890062,0.07158000,0.29525223,0E-8,0.000000,0.912017,0.000000,-0.23032887,2026-03-22,2026-08-01,21,79,66,133,0.157895,1.305752,1.296916,0.096335,,,,,,,,GLOBAL_BASELINE_NO_ENTITY_RANKING,,,NOT_APPLICABLE_GLOBAL_BASELINE,HF9g-P5,,,,X 全窗基线 · 不参与实体赏罚,6876044,688,A168_HF9F_20260827_0900,2026-08-27 09:00:00
2026-04-02,146019672,2167,0,33.7317901040,-0.2108236882,-0.2108236882,0.5000000,8,8,0.50162375000000000,0.501623750000,-0.00795475988626705,-0.00795475988626705,-0.00795475988626705,0E-17,ELIGIBLE,R03b_20260811_FULL_v1,L1_ELIGIBILITY,v2026-08-11,2026-03-21..2026-08-06,baccarat_bet02_101_all_pairs_incl_sentinel,round_win = game_pnl > 0 (decisive only),COMPATIBILITY_ONLY_NOT_PRODUCTION,2355.8767,2148.5998,168.6337,359,359,-0.07158000,-0.29525223,-0.06492336,-0.07158000,-168.6337,2355.8767,OK,0.0000,6.7453,4.0000,96.0000,AG03-UNRESOLVED,ALL5_LEVELS_bet23_to_bet27,6.7453,6.7453,6.7453,6.7453,6.7453,4.000000,4.000000,4.000000,4.000000,4.000000,96.000000,96.000000,96.000000,96.000000,96.000000,5.0,33.7267,31.1344,134.9069,137.4993,PENDING_AG03,FALSE,NOT_FOR_ENFORCEMENT,161.8883,2062.6558,168.6337,161.8883,6.7453,0.07158000,0.06871680,6.7453,161.8883,0.06871680,6.7453,6.7453,6.7453,6.7453,6.7453,161.8883,0.06871680,33.7267,31.1344,134.9069,137.4993,0.05726400,0.05836438,0.00286320,6.5623,5.9850,0.4697,8.0302,2.1346,112.1846,17.0952,8.5108,6.5179,4.2165,4.4018,10.5412,11.0045,11.0045,21.0824,4.4018,0.0,2.5,4.789493,1.49083,8,52,9,2,0.02890062,0.07158000,0.29525223,0E-8,0.000000,0.912017,0.000000,-0.23032887,2026-03-22,2026-08-01,21,79,66,133,0.157895,1.305752,1.296916,0.096335,,,,,,,,GLOBAL_BASELINE_NO_ENTITY_RANKING,,,NOT_APPLICABLE_GLOBAL_BASELINE,HF9g-P5,,,,X 全窗基线 · 不参与实体赏罚,6876045,688,A168_HF9F_20260827_0900,2026-08-27 09:00:00
2026-04-02,146019672,550,0,73.7882908524,-8.1167119940,-8.1167119940,0.5000000,11,11,0.50055742727272727,0.500557427273,-0.003525481814340578,-0.0035254818160654774,-0.003525481814340578,-2.7273E-13,ELIGIBLE,R03b_20260811_FULL_v1,L1_ELIGIBILITY,v2026-08-11,2026-03-21..2026-08-06,baccarat_bet02_101_all_pairs_incl_sentinel,round_win = game_pnl > 0 (decisive only),COMPATIBILITY_ONLY_NOT_PRODUCTION,2355.8767,2148.5998,168.6337,359,359,-0.07158000,-0.29525223,-0.06492336,-0.07158000,-168.6337,2355.8767,OK,0.0000,6.7453,4.0000,96.0000,AG03-UNRESOLVED,ALL5_LEVELS_bet23_to_bet27,6.7453,6.7453,6.7453,6.7453,6.7453,4.000000,4.000000,4.000000,4.000000,4.000000,96.000000,96.000000,96.000000,96.000000,96.000000,5.0,33.7267,31.1344,134.9069,137.4993,PENDING_AG03,FALSE,NOT_FOR_ENFORCEMENT,161.8883,2062.6558,168.6337,161.8883,6.7453,0.07158000,0.06871680,6.7453,161.8883,0.06871680,6.7453,6.7453,6.7453,6.7453,6.7453,161.8883,0.06871680,33.7267,31.1344,134.9069,137.4993,0.05726400,0.05836438,0.00286320,6.5623,5.9850,0.4697,8.0302,2.1346,112.1846,17.0952,8.5108,6.5179,4.2165,4.4018,10.5412,11.0045,11.0045,21.0824,4.4018,0.0,2.5,4.789493,1.49083,8,52,9,2,0.02890062,0.07158000,0.29525223,0E-8,0.000000,0.912017,0.000000,-0.23032887,2026-03-22,2026-08-01,21,79,66,133,0.157895,1.305752,1.296916,0.096335,,,,,,,,GLOBAL_BASELINE_NO_ENTITY_RANKING,,,NOT_APPLICABLE_GLOBAL_BASELINE,HF9g-P5,,,,X 全窗基线 · 不参与实体赏罚,6876046,688,A168_HF9F_20260827_0900,2026-08-27 09:00:00
2026-04-02,146019672,948,0,4.2164737630,-4.2164737630,-4.2164737630,0E-7,1,1,0.50665070000000000,0.506650700000,-1.013391052207602,-1.013391052207602,-1.013391052207602,0E-17,ELIGIBLE,R03b_20260811_FULL_v1,L1_ELIGIBILITY,v2026-08-11,2026-03-21..2026-08-06,baccarat_bet02_101_all_pairs_incl_sentinel,round_win = game_pnl > 0 (decisive only),COMPATIBILITY_ONLY_NOT_PRODUCTION,2355.8767,2148.5998,168.6337,359,359,-0.07158000,-0.29525223,-0.06492336,-0.07158000,-168.6337,2355.8767,OK,0.0000,6.7453,4.0000,96.0000,AG03-UNRESOLVED,ALL5_LEVELS_bet23_to_bet27,6.7453,6.7453,6.7453,6.7453,6.7453,4.000000,4.000000,4.000000,4.000000,4.000000,96.000000,96.000000,96.000000,96.000000,96.000000,5.0,33.7267,31.1344,134.9069,137.4993,PENDING_AG03,FALSE,NOT_FOR_ENFORCEMENT,161.8883,2062.6558,168.6337,161.8883,6.7453,0.07158000,0.06871680,6.7453,161.8883,0.06871680,6.7453,6.7453,6.7453,6.7453,6.7453,161.8883,0.06871680,33.7267,31.1344,134.9069,137.4993,0.05726400,0.05836438,0.00286320,6.5623,5.9850,0.4697,8.0302,2.1346,112.1846,17.0952,8.5108,6.5179,4.2165,4.4018,10.5412,11.0045,11.0045,21.0824,4.4018,0.0,2.5,4.789493,1.49083,8,52,9,2,0.02890062,0.07158000,0.29525223,0E-8,0.000000,0.912017,0.000000,-0.23032887,2026-03-22,2026-08-01,21,79,66,133,0.157895,1.305752,1.296916,0.096335,,,,,,,,GLOBAL_BASELINE_NO_ENTITY_RANKING,,,NOT_APPLICABLE_GLOBAL_BASELINE,HF9g-P5,,,,X 全窗基线 · 不参与实体赏罚,6876047,688,A168_HF9F_20260827_0900,2026-08-27 09:00:00
2026-04-03,146019672,1363,0,20.6607214386,-4.6275799549,-4.6275799549,0.3333333,5,5,0.50396966000000000,0.503969660000,-0.5911202050821986,-0.5911202050821988,-0.5911202050821986,0E-17,ELIGIBLE,R03b_20260811_FULL_v1,L1_ELIGIBILITY,v2026-08-11,2026-03-21..2026-08-06,baccarat_bet02_101_all_pairs_incl_sentinel,round_win = game_pnl > 0 (decisive only),COMPATIBILITY_ONLY_NOT_PRODUCTION,2355.8767,2148.5998,168.6337,359,359,-0.07158000,-0.29525223,-0.06492336,-0.07158000,-168.6337,2355.8767,OK,0.0000,6.7453,4.0000,96.0000,AG03-UNRESOLVED,ALL5_LEVELS_bet23_to_bet27,6.7453,6.7453,6.7453,6.7453,6.7453,4.000000,4.000000,4.000000,4.000000,4.000000,96.000000,96.000000,96.000000,96.000000,96.000000,5.0,33.7267,31.1344,134.9069,137.4993,PENDING_AG03,FALSE,NOT_FOR_ENFORCEMENT,161.8883,2062.6558,168.6337,161.8883,6.7453,0.07158000,0.06871680,6.7453,161.8883,0.06871680,6.7453,6.7453,6.7453,6.7453,6.7453,161.8883,0.06871680,33.7267,31.1344,134.9069,137.4993,0.05726400,0.05836438,0.00286320,6.5623,5.9850,0.4697,8.0302,2.1346,112.1846,17.0952,8.5108,6.5179,4.2165,4.4018,10.5412,11.0045,11.0045,21.0824,4.4018,0.0,2.5,4.789493,1.49083,8,52,9,2,0.02890062,0.07158000,0.29525223,0E-8,0.000000,0.912017,0.000000,-0.23032887,2026-03-22,2026-08-01,21,79,66,133,0.157895,1.305752,1.296916,0.096335,,,,,,,,GLOBAL_BASELINE_NO_ENTITY_RANKING,,,NOT_APPLICABLE_GLOBAL_BASELINE,HF9g-P5,,,,X 全窗基线 · 不参与实体赏罚,6876048,688,A168_HF9F_20260827_0900,2026-08-27 09:00:00
2026-04-03,146019672,1646,0,124.3859760085,21.8202517233,21.8202517233,0.6111111,19,19,0.50030086842105263,0.500300868421,0.940256258600215,0.9402562586006615,0.940256258600215,5.263E-14,ELIGIBLE,R03b_20260811_FULL_v1,L1_ELIGIBILITY,v2026-08-11,2026-03-21..2026-08-06,baccarat_bet02_101_all_pairs_incl_sentinel,round_win = game_pnl > 0 (decisive only),COMPATIBILITY_ONLY_NOT_PRODUCTION,2355.8767,2148.5998,168.6337,359,359,-0.07158000,-0.29525223,-0.06492336,-0.07158000,-168.6337,2355.8767,OK,0.0000,6.7453,4.0000,96.0000,AG03-UNRESOLVED,ALL5_LEVELS_bet23_to_bet27,6.7453,6.7453,6.7453,6.7453,6.7453,4.000000,4.000000,4.000000,4.000000,4.000000,96.000000,96.000000,96.000000,96.000000,96.000000,5.0,33.7267,31.1344,134.9069,137.4993,PENDING_AG03,FALSE,NOT_FOR_ENFORCEMENT,161.8883,2062.6558,168.6337,161.8883,6.7453,0.07158000,0.06871680,6.7453,161.8883,0.06871680,6.7453,6.7453,6.7453,6.7453,6.7453,161.8883,0.06871680,33.7267,31.1344,134.9069,137.4993,0.05726400,0.05836438,0.00286320,6.5623,5.9850,0.4697,8.0302,2.1346,112.1846,17.0952,8.5108,6.5179,4.2165,4.4018,10.5412,11.0045,11.0045,21.0824,4.4018,0.0,2.5,4.789493,1.49083,8,52,9,2,0.02890062,0.07158000,0.29525223,0E-8,0.000000,0.912017,0.000000,-0.23032887,2026-03-22,2026-08-01,21,79,66,133,0.157895,1.305752,1.296916,0.096335,,,,,,,,GLOBAL_BASELINE_NO_ENTITY_RANKING,,,NOT_APPLICABLE_GLOBAL_BASELINE,HF9g-P5,,,,X 全窗基线 · 不参与实体赏罚,6876049,688,A168_HF9F_20260827_0900,2026-08-27 09:00:00
2026-04-03,146019672,1714,0,8.4329475260,-8.4329475260,-8.4329475260,0E-7,2,2,0.49994810000000000,0.499948100000,-1.4140667746232096,-1.4140667746232096,-1.4140667746232096,0E-17,ELIGIBLE,R03b_20260811_FULL_v1,L1_ELIGIBILITY,v2026-08-11,2026-03-21..2026-08-06,baccarat_bet02_101_all_pairs_incl_sentinel,round_win = game_pnl > 0 (decisive only),COMPATIBILITY_ONLY_NOT_PRODUCTION,2355.8767,2148.5998,168.6337,359,359,-0.07158000,-0.29525223,-0.06492336,-0.07158000,-168.6337,2355.8767,OK,0.0000,6.7453,4.0000,96.0000,AG03-UNRESOLVED,ALL5_LEVELS_bet23_to_bet27,6.7453,6.7453,6.7453,6.7453,6.7453,4.000000,4.000000,4.000000,4.000000,4.000000,96.000000,96.000000,96.000000,96.000000,96.000000,5.0,33.7267,31.1344,134.9069,137.4993,PENDING_AG03,FALSE,NOT_FOR_ENFORCEMENT,161.8883,2062.6558,168.6337,161.8883,6.7453,0.07158000,0.06871680,6.7453,161.8883,0.06871680,6.7453,6.7453,6.7453,6.7453,6.7453,161.8883,0.06871680,33.7267,31.1344,134.9069,137.4993,0.05726400,0.05836438,0.00286320,6.5623,5.9850,0.4697,8.0302,2.1346,112.1846,17.0952,8.5108,6.5179,4.2165,4.4018,10.5412,11.0045,11.0045,21.0824,4.4018,0.0,2.5,4.789493,1.49083,8,52,9,2,0.02890062,0.07158000,0.29525223,0E-8,0.000000,0.912017,0.000000,-0.23032887,2026-03-22,2026-08-01,21,79,66,133,0.157895,1.305752,1.296916,0.096335,,,,,,,,GLOBAL_BASELINE_NO_ENTITY_RANKING,,,NOT_APPLICABLE_GLOBAL_BASELINE,HF9g-P5,,,,X 全窗基线 · 不参与实体赏罚,6876050,688,A168_HF9F_20260827_0900,2026-08-27 09:00:00
2026-04-03,146019672,2115,0,10.5411844075,10.3303607193,10.3303607193,1.0000000,3,3,0.49771390000000000,0.497713900000,1.739988277604938,1.739988277604938,1.739988277604938,0E-17,ELIGIBLE,R03b_20260811_FULL_v1,L1_ELIGIBILITY,v2026-08-11,2026-03-21..2026-08-06,baccarat_bet02_101_all_pairs_incl_sentinel,round_win = game_pnl > 0 (decisive only),COMPATIBILITY_ONLY_NOT_PRODUCTION,2355.8767,2148.5998,168.6337,359,359,-0.07158000,-0.29525223,-0.06492336,-0.07158000,-168.6337,2355.8767,OK,0.0000,6.7453,4.0000,96.0000,AG03-UNRESOLVED,ALL5_LEVELS_bet23_to_bet27,6.7453,6.7453,6.7453,6.7453,6.7453,4.000000,4.000000,4.000000,4.000000,4.000000,96.000000,96.000000,96.000000,96.000000,96.000000,5.0,33.7267,31.1344,134.9069,137.4993,PENDING_AG03,FALSE,NOT_FOR_ENFORCEMENT,161.8883,2062.6558,168.6337,161.8883,6.7453,0.07158000,0.06871680,6.7453,161.8883,0.06871680,6.7453,6.7453,6.7453,6.7453,6.7453,161.8883,0.06871680,33.7267,31.1344,134.9069,137.4993,0.05726400,0.05836438,0.00286320,6.5623,5.9850,0.4697,8.0302,2.1346,112.1846,17.0952,8.5108,6.5179,4.2165,4.4018,10.5412,11.0045,11.0045,21.0824,4.4018,0.0,2.5,4.789493,1.49083,8,52,9,2,0.02890062,0.07158000,0.29525223,0E-8,0.000000,0.912017,0.000000,-0.23032887,2026-03-22,2026-08-01,21,79,66,133,0.157895,1.305752,1.296916,0.096335,,,,,,,,GLOBAL_BASELINE_NO_ENTITY_RANKING,,,NOT_APPLICABLE_GLOBAL_BASELINE,HF9g-P5,,,,X 全窗基线 · 不参与实体赏罚,6876051,688,A168_HF9F_20260827_0900,2026-08-27 09:00:00
2026-04-03,146019672,2130,0,12.6494212890,12.6494212890,12.6494212890,1.0000000,3,3,0.49324550000000000,0.493245500000,1.755609282511032,1.7556092825110319,1.755609282511032,0E-17,ELIGIBLE,R03b_20260811_FULL_v1,L1_ELIGIBILITY,v2026-08-11,2026-03-21..2026-08-06,baccarat_bet02_101_all_pairs_incl_sentinel,round_win = game_pnl > 0 (decisive only),COMPATIBILITY_ONLY_NOT_PRODUCTION,2355.8767,2148.5998,168.6337,359,359,-0.07158000,-0.29525223,-0.06492336,-0.07158000,-168.6337,2355.8767,OK,0.0000,6.7453,4.0000,96.0000,AG03-UNRESOLVED,ALL5_LEVELS_bet23_to_bet27,6.7453,6.7453,6.7453,6.7453,6.7453,4.000000,4.000000,4.000000,4.000000,4.000000,96.000000,96.000000,96.000000,96.000000,96.000000,5.0,33.7267,31.1344,134.9069,137.4993,PENDING_AG03,FALSE,NOT_FOR_ENFORCEMENT,161.8883,2062.6558,168.6337,161.8883,6.7453,0.07158000,0.06871680,6.7453,161.8883,0.06871680,6.7453,6.7453,6.7453,6.7453,6.7453,161.8883,0.06871680,33.7267,31.1344,134.9069,137.4993,0.05726400,0.05836438,0.00286320,6.5623,5.9850,0.4697,8.0302,2.1346,112.1846,17.0952,8.5108,6.5179,4.2165,4.4018,10.5412,11.0045,11.0045,21.0824,4.4018,0.0,2.5,4.789493,1.49083,8,52,9,2,0.02890062,0.07158000,0.29525223,0E-8,0.000000,0.912017,0.000000,-0.23032887,2026-03-22,2026-08-01,21,79,66,133,0.157895,1.305752,1.296916,0.096335,,,,,,,,GLOBAL_BASELINE_NO_ENTITY_RANKING,,,NOT_APPLICABLE_GLOBAL_BASELINE,HF9g-P5,,,,X 全窗基线 · 不参与实体赏罚,6876052,688,A168_HF9F_20260827_0900,2026-08-27 09:00:00
2026-04-03,146019672,2193,0,23.1906056965,-6.7463580209,-6.7463580209,0.5000000,4,4,0.50329940000000000,0.503299400000,-0.01319788734859681,-0.01319788734859681,-0.01319788734859681,0E-17,ELIGIBLE,R03b_20260811_FULL_v1,L1_ELIGIBILITY,v2026-08-11,2026-03-21..2026-08-06,baccarat_bet02_101_all_pairs_incl_sentinel,round_win = game_pnl > 0 (decisive only),COMPATIBILITY_ONLY_NOT_PRODUCTION,2355.8767,2148.5998,168.6337,359,359,-0.07158000,-0.29525223,-0.06492336,-0.07158000,-168.6337,2355.8767,OK,0.0000,6.7453,4.0000,96.0000,AG03-UNRESOLVED,ALL5_LEVELS_bet23_to_bet27,6.7453,6.7453,6.7453,6.7453,6.7453,4.000000,4.000000,4.000000,4.000000,4.000000,96.000000,96.000000,96.000000,96.000000,96.000000,5.0,33.7267,31.1344,134.9069,137.4993,PENDING_AG03,FALSE,NOT_FOR_ENFORCEMENT,161.8883,2062.6558,168.6337,161.8883,6.7453,0.07158000,0.06871680,6.7453,161.8883,0.06871680,6.7453,6.7453,6.7453,6.7453,6.7453,161.8883,0.06871680,33.7267,31.1344,134.9069,137.4993,0.05726400,0.05836438,0.00286320,6.5623,5.9850,0.4697,8.0302,2.1346,112.1846,17.0952,8.5108,6.5179,4.2165,4.4018,10.5412,11.0045,11.0045,21.0824,4.4018,0.0,2.5,4.789493,1.49083,8,52,9,2,0.02890062,0.07158000,0.29525223,0E-8,0.000000,0.912017,0.000000,-0.23032887,2026-03-22,2026-08-01,21,79,66,133,0.157895,1.305752,1.296916,0.096335,,,,,,,,GLOBAL_BASELINE_NO_ENTITY_RANKING,,,NOT_APPLICABLE_GLOBAL_BASELINE,HF9g-P5,,,,X 全窗基线 · 不参与实体赏罚,6876053,688,A168_HF9F_20260827_0900,2026-08-27 09:00:00
2026-04-03,146019672,462,0,16.8658950520,-8.4329475260,-8.4329475260,0.2500000,4,4,0.49324550000000000,0.493245500000,-0.9730707933947887,-0.9730707933947887,-0.9730707933947887,0E-17,ELIGIBLE,R03b_20260811_FULL_v1,L1_ELIGIBILITY,v2026-08-11,2026-03-21..2026-08-06,baccarat_bet02_101_all_pairs_incl_sentinel,round_win = game_pnl > 0 (decisive only),COMPATIBILITY_ONLY_NOT_PRODUCTION,2355.8767,2148.5998,168.6337,359,359,-0.07158000,-0.29525223,-0.06492336,-0.07158000,-168.6337,2355.8767,OK,0.0000,6.7453,4.0000,96.0000,AG03-UNRESOLVED,ALL5_LEVELS_bet23_to_bet27,6.7453,6.7453,6.7453,6.7453,6.7453,4.000000,4.000000,4.000000,4.000000,4.000000,96.000000,96.000000,96.000000,96.000000,96.000000,5.0,33.7267,31.1344,134.9069,137.4993,PENDING_AG03,FALSE,NOT_FOR_ENFORCEMENT,161.8883,2062.6558,168.6337,161.8883,6.7453,0.07158000,0.06871680,6.7453,161.8883,0.06871680,6.7453,6.7453,6.7453,6.7453,6.7453,161.8883,0.06871680,33.7267,31.1344,134.9069,137.4993,0.05726400,0.05836438,0.00286320,6.5623,5.9850,0.4697,8.0302,2.1346,112.1846,17.0952,8.5108,6.5179,4.2165,4.4018,10.5412,11.0045,11.0045,21.0824,4.4018,0.0,2.5,4.789493,1.49083,8,52,9,2,0.02890062,0.07158000,0.29525223,0E-8,0.000000,0.912017,0.000000,-0.23032887,2026-03-22,2026-08-01,21,79,66,133,0.157895,1.305752,1.296916,0.096335,,,,,,,,GLOBAL_BASELINE_NO_ENTITY_RANKING,,,NOT_APPLICABLE_GLOBAL_BASELINE,HF9g-P5,,,,X 全窗基线 · 不参与实体赏罚,6876054,688,A168_HF9F_20260827_0900,2026-08-27 09:00:00
2026-04-05,146019672,1940,0,8.4329475260,-8.4329475260,-8.4329475260,0E-7,2,2,0.49994810000000000,0.499948100000,-1.4140667746232096,-1.4140667746232096,-1.4140667746232096,0E-17,ELIGIBLE,R03b_20260811_FULL_v1,L1_ELIGIBILITY,v2026-08-11,2026-03-21..2026-08-06,baccarat_bet02_101_all_pairs_incl_sentinel,round_win = game_pnl > 0 (decisive only),COMPATIBILITY_ONLY_NOT_PRODUCTION,2355.8767,2148.5998,168.6337,359,359,-0.07158000,-0.29525223,-0.06492336,-0.07158000,-168.6337,2355.8767,OK,0.0000,6.7453,4.0000,96.0000,AG03-UNRESOLVED,ALL5_LEVELS_bet23_to_bet27,6.7453,6.7453,6.7453,6.7453,6.7453,4.000000,4.000000,4.000000,4.000000,4.000000,96.000000,96.000000,96.000000,96.000000,96.000000,5.0,33.7267,31.1344,134.9069,137.4993,PENDING_AG03,FALSE,NOT_FOR_ENFORCEMENT,161.8883,2062.6558,168.6337,161.8883,6.7453,0.07158000,0.06871680,6.7453,161.8883,0.06871680,6.7453,6.7453,6.7453,6.7453,6.7453,161.8883,0.06871680,33.7267,31.1344,134.9069,137.4993,0.05726400,0.05836438,0.00286320,6.5623,5.9850,0.4697,8.0302,2.1346,112.1846,17.0952,8.5108,6.5179,4.2165,4.4018,10.5412,11.0045,11.0045,21.0824,4.4018,0.0,2.5,4.789493,1.49083,8,52,9,2,0.02890062,0.07158000,0.29525223,0E-8,0.000000,0.912017,0.000000,-0.23032887,2026-03-22,2026-08-01,21,79,66,133,0.157895,1.305752,1.296916,0.096335,,,,,,,,GLOBAL_BASELINE_NO_ENTITY_RANKING,,,NOT_APPLICABLE_GLOBAL_BASELINE,HF9g-P5,,,,X 全窗基线 · 不参与实体赏罚,6876055,688,A168_HF9F_20260827_0900,2026-08-27 09:00:00
2026-04-05,146019672,526,0,14.7576581705,-10.5411844075,-10.5411844075,0.2500000,4,4,0.49659680000000000,0.496596800000,-0.9864100490137353,-0.9864100490137354,-0.9864100490137353,0E-17,ELIGIBLE,R03b_20260811_FULL_v1,L1_ELIGIBILITY,v2026-08-11,2026-03-21..2026-08-06,baccarat_bet02_101_all_pairs_incl_sentinel,round_win = game_pnl > 0 (decisive only),COMPATIBILITY_ONLY_NOT_PRODUCTION,2355.8767,2148.5998,168.6337,359,359,-0.07158000,-0.29525223,-0.06492336,-0.07158000,-168.6337,2355.8767,OK,0.0000,6.7453,4.0000,96.0000,AG03-UNRESOLVED,ALL5_LEVELS_bet23_to_bet27,6.7453,6.7453,6.7453,6.7453,6.7453,4.000000,4.000000,4.000000,4.000000,4.000000,96.000000,96.000000,96.000000,96.000000,96.000000,5.0,33.7267,31.1344,134.9069,137.4993,PENDING_AG03,FALSE,NOT_FOR_ENFORCEMENT,161.8883,2062.6558,168.6337,161.8883,6.7453,0.07158000,0.06871680,6.7453,161.8883,0.06871680,6.7453,6.7453,6.7453,6.7453,6.7453,161.8883,0.06871680,33.7267,31.1344,134.9069,137.4993,0.05726400,0.05836438,0.00286320,6.5623,5.9850,0.4697,8.0302,2.1346,112.1846,17.0952,8.5108,6.5179,4.2165,4.4018,10.5412,11.0045,11.0045,21.0824,4.4018,0.0,2.5,4.789493,1.49083,8,52,9,2,0.02890062,0.07158000,0.29525223,0E-8,0.000000,0.912017,0.000000,-0.23032887,2026-03-22,2026-08-01,21,79,66,133,0.157895,1.305752,1.296916,0.096335,,,,,,,,GLOBAL_BASELINE_NO_ENTITY_RANKING,,,NOT_APPLICABLE_GLOBAL_BASELINE,HF9g-P5,,,,X 全窗基线 · 不参与实体赏罚,6876056,688,A168_HF9F_20260827_0900,2026-08-27 09:00:00
2026-04-06,146019672,1323,0,33.7317901040,3.5840026984,3.5840026984,0.5714286,8,8,0.50329940000000000,0.503299400000,0.36051353847308226,0.3605135384730823,0.36051353847308226,0E-17,ELIGIBLE,R03b_20260811_FULL_v1,L1_ELIGIBILITY,v2026-08-11,2026-03-21..2026-08-06,baccarat_bet02_101_all_pairs_incl_sentinel,round_win = game_pnl > 0 (decisive only),COMPATIBILITY_ONLY_NOT_PRODUCTION,2355.8767,2148.5998,168.6337,359,359,-0.07158000,-0.29525223,-0.06492336,-0.07158000,-168.6337,2355.8767,OK,0.0000,6.7453,4.0000,96.0000,AG03-UNRESOLVED,ALL5_LEVELS_bet23_to_bet27,6.7453,6.7453,6.7453,6.7453,6.7453,4.000000,4.000000,4.000000,4.000000,4.000000,96.000000,96.000000,96.000000,96.000000,96.000000,5.0,33.7267,31.1344,134.9069,137.4993,PENDING_AG03,FALSE,NOT_FOR_ENFORCEMENT,161.8883,2062.6558,168.6337,161.8883,6.7453,0.07158000,0.06871680,6.7453,161.8883,0.06871680,6.7453,6.7453,6.7453,6.7453,6.7453,161.8883,0.06871680,33.7267,31.1344,134.9069,137.4993,0.05726400,0.05836438,0.00286320,6.5623,5.9850,0.4697,8.0302,2.1346,112.1846,17.0952,8.5108,6.5179,4.2165,4.4018,10.5412,11.0045,11.0045,21.0824,4.4018,0.0,2.5,4.789493,1.49083,8,52,9,2,0.02890062,0.07158000,0.29525223,0E-8,0.000000,0.912017,0.000000,-0.23032887,2026-03-22,2026-08-01,21,79,66,133,0.157895,1.305752,1.296916,0.096335,,,,,,,,GLOBAL_BASELINE_NO_ENTITY_RANKING,,,NOT_APPLICABLE_GLOBAL_BASELINE,HF9g-P5,,,,X 全窗基线 · 不参与实体赏罚,6876057,688,A168_HF9F_20260827_0900,2026-08-27 09:00:00
2026-04-06,146019672,1941,0,8.4329475260,-8.4329475260,-8.4329475260,0E-7,2,2,0.49324550000000000,0.493245500000,-1.3952362676504506,-1.3952362676504506,-1.3952362676504506,0E-17,ELIGIBLE,R03b_20260811_FULL_v1,L1_ELIGIBILITY,v2026-08-11,2026-03-21..2026-08-06,baccarat_bet02_101_all_pairs_incl_sentinel,round_win = game_pnl > 0 (decisive only),COMPATIBILITY_ONLY_NOT_PRODUCTION,2355.8767,2148.5998,168.6337,359,359,-0.07158000,-0.29525223,-0.06492336,-0.07158000,-168.6337,2355.8767,OK,0.0000,6.7453,4.0000,96.0000,AG03-UNRESOLVED,ALL5_LEVELS_bet23_to_bet27,6.7453,6.7453,6.7453,6.7453,6.7453,4.000000,4.000000,4.000000,4.000000,4.000000,96.000000,96.000000,96.000000,96.000000,96.000000,5.0,33.7267,31.1344,134.9069,137.4993,PENDING_AG03,FALSE,NOT_FOR_ENFORCEMENT,161.8883,2062.6558,168.6337,161.8883,6.7453,0.07158000,0.06871680,6.7453,161.8883,0.06871680,6.7453,6.7453,6.7453,6.7453,6.7453,161.8883,0.06871680,33.7267,31.1344,134.9069,137.4993,0.05726400,0.05836438,0.00286320,6.5623,5.9850,0.4697,8.0302,2.1346,112.1846,17.0952,8.5108,6.5179,4.2165,4.4018,10.5412,11.0045,11.0045,21.0824,4.4018,0.0,2.5,4.789493,1.49083,8,52,9,2,0.02890062,0.07158000,0.29525223,0E-8,0.000000,0.912017,0.000000,-0.23032887,2026-03-22,2026-08-01,21,79,66,133,0.157895,1.305752,1.296916,0.096335,,,,,,,,GLOBAL_BASELINE_NO_ENTITY_RANKING,,,NOT_APPLICABLE_GLOBAL_BASELINE,HF9g-P5,,,,X 全窗基线 · 不参与实体赏罚,6876058,688,A168_HF9F_20260827_0900,2026-08-27 09:00:00
2026-04-06,146019672,1942,0,41.3214428774,-24.6663715136,-24.6663715136,0.2222222,9,9,0.50069283333333333,0.500692833333,-1.670825270719939,-1.6708252707179376,-1.670825270719939,3.3333E-13,ELIGIBLE,R03b_20260811_FULL_v1,L1_ELIGIBILITY,v2026-08-11,2026-03-21..2026-08-06,baccarat_bet02_101_all_pairs_incl_sentinel,round_win = game_pnl > 0 (decisive only),COMPATIBILITY_ONLY_NOT_PRODUCTION,2355.8767,2148.5998,168.6337,359,359,-0.07158000,-0.29525223,-0.06492336,-0.07158000,-168.6337,2355.8767,OK,0.0000,6.7453,4.0000,96.0000,AG03-UNRESOLVED,ALL5_LEVELS_bet23_to_bet27,6.7453,6.7453,6.7453,6.7453,6.7453,4.000000,4.000000,4.000000,4.000000,4.000000,96.000000,96.000000,96.000000,96.000000,96.000000,5.0,33.7267,31.1344,134.9069,137.4993,PENDING_AG03,FALSE,NOT_FOR_ENFORCEMENT,161.8883,2062.6558,168.6337,161.8883,6.7453,0.07158000,0.06871680,6.7453,161.8883,0.06871680,6.7453,6.7453,6.7453,6.7453,6.7453,161.8883,0.06871680,33.7267,31.1344,134.9069,137.4993,0.05726400,0.05836438,0.00286320,6.5623,5.9850,0.4697,8.0302,2.1346,112.1846,17.0952,8.5108,6.5179,4.2165,4.4018,10.5412,11.0045,11.0045,21.0824,4.4018,0.0,2.5,4.789493,1.49083,8,52,9,2,0.02890062,0.07158000,0.29525223,0E-8,0.000000,0.912017,0.000000,-0.23032887,2026-03-22,2026-08-01,21,79,66,133,0.157895,1.305752,1.296916,0.096335,,,,,,,,GLOBAL_BASELINE_NO_ENTITY_RANKING,,,NOT_APPLICABLE_GLOBAL_BASELINE,HF9g-P5,,,,X 全窗基线 · 不参与实体赏罚,6876059,688,A168_HF9F_20260827_0900,2026-08-27 09:00:00
2026-04-06,146019672,987,0,4.2164737630,-4.2164737630,-4.2164737630,0E-7,1,1,0.49324550000000000,0.493245500000,-0.9865810262130424,-0.9865810262130424,-0.9865810262130424,0E-17,ELIGIBLE,R03b_20260811_FULL_v1,L1_ELIGIBILITY,v2026-08-11,2026-03-21..2026-08-06,baccarat_bet02_101_all_pairs_incl_sentinel,round_win = game_pnl > 0 (decisive only),COMPATIBILITY_ONLY_NOT_PRODUCTION,2355.8767,2148.5998,168.6337,359,359,-0.07158000,-0.29525223,-0.06492336,-0.07158000,-168.6337,2355.8767,OK,0.0000,6.7453,4.0000,96.0000,AG03-UNRESOLVED,ALL5_LEVELS_bet23_to_bet27,6.7453,6.7453,6.7453,6.7453,6.7453,4.000000,4.000000,4.000000,4.000000,4.000000,96.000000,96.000000,96.000000,96.000000,96.000000,5.0,33.7267,31.1344,134.9069,137.4993,PENDING_AG03,FALSE,NOT_FOR_ENFORCEMENT,161.8883,2062.6558,168.6337,161.8883,6.7453,0.07158000,0.06871680,6.7453,161.8883,0.06871680,6.7453,6.7453,6.7453,6.7453,6.7453,161.8883,0.06871680,33.7267,31.1344,134.9069,137.4993,0.05726400,0.05836438,0.00286320,6.5623,5.9850,0.4697,8.0302,2.1346,112.1846,17.0952,8.5108,6.5179,4.2165,4.4018,10.5412,11.0045,11.0045,21.0824,4.4018,0.0,2.5,4.789493,1.49083,8,52,9,2,0.02890062,0.07158000,0.29525223,0E-8,0.000000,0.912017,0.000000,-0.23032887,2026-03-22,2026-08-01,21,79,66,133,0.157895,1.305752,1.296916,0.096335,,,,,,,,GLOBAL_BASELINE_NO_ENTITY_RANKING,,,NOT_APPLICABLE_GLOBAL_BASELINE,HF9g-P5,,,,X 全窗基线 · 不参与实体赏罚,6876060,688,A168_HF9F_20260827_0900,2026-08-27 09:00:00
2026-04-09,146019672,1385,0,12.6494212890,-4.4272974512,-4.4272974512,0.3333333,3,3,0.49771390000000000,0.497713900000,-0.5694369385616226,-0.5694369385616226,-0.5694369385616226,0E-17,ELIGIBLE,R03b_20260811_FULL_v1,L1_ELIGIBILITY,v2026-08-11,2026-03-21..2026-08-06,baccarat_bet02_101_all_pairs_incl_sentinel,round_win = game_pnl > 0 (decisive only),COMPATIBILITY_ONLY_NOT_PRODUCTION,2355.8767,2148.5998,168.6337,359,359,-0.07158000,-0.29525223,-0.06492336,-0.07158000,-168.6337,2355.8767,OK,0.0000,6.7453,4.0000,96.0000,AG03-UNRESOLVED,ALL5_LEVELS_bet23_to_bet27,6.7453,6.7453,6.7453,6.7453,6.7453,4.000000,4.000000,4.000000,4.000000,4.000000,96.000000,96.000000,96.000000,96.000000,96.000000,5.0,33.7267,31.1344,134.9069,137.4993,PENDING_AG03,FALSE,NOT_FOR_ENFORCEMENT,161.8883,2062.6558,168.6337,161.8883,6.7453,0.07158000,0.06871680,6.7453,161.8883,0.06871680,6.7453,6.7453,6.7453,6.7453,6.7453,161.8883,0.06871680,33.7267,31.1344,134.9069,137.4993,0.05726400,0.05836438,0.00286320,6.5623,5.9850,0.4697,8.0302,2.1346,112.1846,17.0952,8.5108,6.5179,4.2165,4.4018,10.5412,11.0045,11.0045,21.0824,4.4018,0.0,2.5,4.789493,1.49083,8,52,9,2,0.02890062,0.07158000,0.29525223,0E-8,0.000000,0.912017,0.000000,-0.23032887,2026-03-22,2026-08-01,21,79,66,133,0.157895,1.305752,1.296916,0.096335,,,,,,,,GLOBAL_BASELINE_NO_ENTITY_RANKING,,,NOT_APPLICABLE_GLOBAL_BASELINE,HF9g-P5,,,,X 全窗基线 · 不参与实体赏罚,6876061,688,A168_HF9F_20260827_0900,2026-08-27 09:00:00
2026-04-09,146019672,1490,0,22.9797820083,-10.5411844075,-10.5411844075,0.3333333,6,6,0.49994810000000000,0.499948100000,-0.8162423282897021,-0.8162423282897021,-0.8162423282897021,0E-17,ELIGIBLE,R03b_20260811_FULL_v1,L1_ELIGIBILITY,v2026-08-11,2026-03-21..2026-08-06,baccarat_bet02_101_all_pairs_incl_sentinel,round_win = game_pnl > 0 (decisive only),COMPATIBILITY_ONLY_NOT_PRODUCTION,2355.8767,2148.5998,168.6337,359,359,-0.07158000,-0.29525223,-0.06492336,-0.07158000,-168.6337,2355.8767,OK,0.0000,6.7453,4.0000,96.0000,AG03-UNRESOLVED,ALL5_LEVELS_bet23_to_bet27,6.7453,6.7453,6.7453,6.7453,6.7453,4.000000,4.000000,4.000000,4.000000,4.000000,96.000000,96.000000,96.000000,96.000000,96.000000,5.0,33.7267,31.1344,134.9069,137.4993,PENDING_AG03,FALSE,NOT_FOR_ENFORCEMENT,161.8883,2062.6558,168.6337,161.8883,6.7453,0.07158000,0.06871680,6.7453,161.8883,0.06871680,6.7453,6.7453,6.7453,6.7453,6.7453,161.8883,0.06871680,33.7267,31.1344,134.9069,137.4993,0.05726400,0.05836438,0.00286320,6.5623,5.9850,0.4697,8.0302,2.1346,112.1846,17.0952,8.5108,6.5179,4.2165,4.4018,10.5412,11.0045,11.0045,21.0824,4.4018,0.0,2.5,4.789493,1.49083,8,52,9,2,0.02890062,0.07158000,0.29525223,0E-8,0.000000,0.912017,0.000000,-0.23032887,2026-03-22,2026-08-01,21,79,66,133,0.157895,1.305752,1.296916,0.096335,,,,,,,,GLOBAL_BASELINE_NO_ENTITY_RANKING,,,NOT_APPLICABLE_GLOBAL_BASELINE,HF9g-P5,,,,X 全窗基线 · 不参与实体赏罚,6876062,688,A168_HF9F_20260827_0900,2026-08-27 09:00:00
2026-04-09,146019672,1646,0,71.6800539710,24.7717833576,24.7717833576,0.6666667,11,11,0.49933877272727273,0.499338772727,1.0039682415497608,1.003968241551398,1.0039682415497608,2.7273E-13,ELIGIBLE,R03b_20260811_FULL_v1,L1_ELIGIBILITY,v2026-08-11,2026-03-21..2026-08-06,baccarat_bet02_101_all_pairs_incl_sentinel,round_win = game_pnl > 0 (decisive only),COMPATIBILITY_ONLY_NOT_PRODUCTION,2355.8767,2148.5998,168.6337,359,359,-0.07158000,-0.29525223,-0.06492336,-0.07158000,-168.6337,2355.8767,OK,0.0000,6.7453,4.0000,96.0000,AG03-UNRESOLVED,ALL5_LEVELS_bet23_to_bet27,6.7453,6.7453,6.7453,6.7453,6.7453,4.000000,4.000000,4.000000,4.000000,4.000000,96.000000,96.000000,96.000000,96.000000,96.000000,5.0,33.7267,31.1344,134.9069,137.4993,PENDING_AG03,FALSE,NOT_FOR_ENFORCEMENT,161.8883,2062.6558,168.6337,161.8883,6.7453,0.07158000,0.06871680,6.7453,161.8883,0.06871680,6.7453,6.7453,6.7453,6.7453,6.7453,161.8883,0.06871680,33.7267,31.1344,134.9069,137.4993,0.05726400,0.05836438,0.00286320,6.5623,5.9850,0.4697,8.0302,2.1346,112.1846,17.0952,8.5108,6.5179,4.2165,4.4018,10.5412,11.0045,11.0045,21.0824,4.4018,0.0,2.5,4.789493,1.49083,8,52,9,2,0.02890062,0.07158000,0.29525223,0E-8,0.000000,0.912017,0.000000,-0.23032887,2026-03-22,2026-08-01,21,79,66,133,0.157895,1.305752,1.296916,0.096335,,,,,,,,GLOBAL_BASELINE_NO_ENTITY_RANKING,,,NOT_APPLICABLE_GLOBAL_BASELINE,HF9g-P5,,,,X 全窗基线 · 不参与实体赏罚,6876063,688,A168_HF9F_20260827_0900,2026-08-27 09:00:00
2026-04-09,146019672,1750,0,8.4329475260,4.0056500748,4.0056500748,1.0000000,2,2,0.49994810000000000,0.499948100000,1.0001038053877793,1.0001038053877793,1.0001038053877793,0E-17,ELIGIBLE,R03b_20260811_FULL_v1,L1_ELIGIBILITY,v2026-08-11,2026-03-21..2026-08-06,baccarat_bet02_101_all_pairs_incl_sentinel,round_win = game_pnl > 0 (decisive only),COMPATIBILITY_ONLY_NOT_PRODUCTION,2355.8767,2148.5998,168.6337,359,359,-0.07158000,-0.29525223,-0.06492336,-0.07158000,-168.6337,2355.8767,OK,0.0000,6.7453,4.0000,96.0000,AG03-UNRESOLVED,ALL5_LEVELS_bet23_to_bet27,6.7453,6.7453,6.7453,6.7453,6.7453,4.000000,4.000000,4.000000,4.000000,4.000000,96.000000,96.000000,96.000000,96.000000,96.000000,5.0,33.7267,31.1344,134.9069,137.4993,PENDING_AG03,FALSE,NOT_FOR_ENFORCEMENT,161.8883,2062.6558,168.6337,161.8883,6.7453,0.07158000,0.06871680,6.7453,161.8883,0.06871680,6.7453,6.7453,6.7453,6.7453,6.7453,161.8883,0.06871680,33.7267,31.1344,134.9069,137.4993,0.05726400,0.05836438,0.00286320,6.5623,5.9850,0.4697,8.0302,2.1346,112.1846,17.0952,8.5108,6.5179,4.2165,4.4018,10.5412,11.0045,11.0045,21.0824,4.4018,0.0,2.5,4.789493,1.49083,8,52,9,2,0.02890062,0.07158000,0.29525223,0E-8,0.000000,0.912017,0.000000,-0.23032887,2026-03-22,2026-08-01,21,79,66,133,0.157895,1.305752,1.296916,0.096335,,,,,,,,GLOBAL_BASELINE_NO_ENTITY_RANKING,,,NOT_APPLICABLE_GLOBAL_BASELINE,HF9g-P5,,,,X 全窗基线 · 不参与实体赏罚,6876064,688,A168_HF9F_20260827_0900,2026-08-27 09:00:00
2026-04-09,146019672,1985,0,109.6283178380,32.0452005986,32.0452005986,0.6923077,14,14,0.49899058571428571,0.498990585714,1.3940323213036445,1.3940323213057062,1.3940323213036445,2.8571E-13,ELIGIBLE,R03b_20260811_FULL_v1,L1_ELIGIBILITY,v2026-08-11,2026-03-21..2026-08-06,baccarat_bet02_101_all_pairs_incl_sentinel,round_win = game_pnl > 0 (decisive only),COMPATIBILITY_ONLY_NOT_PRODUCTION,2355.8767,2148.5998,168.6337,359,359,-0.07158000,-0.29525223,-0.06492336,-0.07158000,-168.6337,2355.8767,OK,0.0000,6.7453,4.0000,96.0000,AG03-UNRESOLVED,ALL5_LEVELS_bet23_to_bet27,6.7453,6.7453,6.7453,6.7453,6.7453,4.000000,4.000000,4.000000,4.000000,4.000000,96.000000,96.000000,96.000000,96.000000,96.000000,5.0,33.7267,31.1344,134.9069,137.4993,PENDING_AG03,FALSE,NOT_FOR_ENFORCEMENT,161.8883,2062.6558,168.6337,161.8883,6.7453,0.07158000,0.06871680,6.7453,161.8883,0.06871680,6.7453,6.7453,6.7453,6.7453,6.7453,161.8883,0.06871680,33.7267,31.1344,134.9069,137.4993,0.05726400,0.05836438,0.00286320,6.5623,5.9850,0.4697,8.0302,2.1346,112.1846,17.0952,8.5108,6.5179,4.2165,4.4018,10.5412,11.0045,11.0045,21.0824,4.4018,0.0,2.5,4.789493,1.49083,8,52,9,2,0.02890062,0.07158000,0.29525223,0E-8,0.000000,0.912017,0.000000,-0.23032887,2026-03-22,2026-08-01,21,79,66,133,0.157895,1.305752,1.296916,0.096335,,,,,,,,GLOBAL_BASELINE_NO_ENTITY_RANKING,,,NOT_APPLICABLE_GLOBAL_BASELINE,HF9g-P5,,,,X 全窗基线 · 不参与实体赏罚,6876065,688,A168_HF9F_20260827_0900,2026-08-27 09:00:00
2026-04-11,146019672,772,0,18.9741319335,-8.4329475260,-8.4329475260,0E-7,3,3,0.49771390000000000,0.497713900000,-1.4077622098436522,-1.4077622098436524,-1.4077622098436522,0E-17,ELIGIBLE,R03b_20260811_FULL_v1,L1_ELIGIBILITY,v2026-08-11,2026-03-21..2026-08-06,baccarat_bet02_101_all_pairs_incl_sentinel,round_win = game_pnl > 0 (decisive only),COMPATIBILITY_ONLY_NOT_PRODUCTION,2355.8767,2148.5998,168.6337,359,359,-0.07158000,-0.29525223,-0.06492336,-0.07158000,-168.6337,2355.8767,OK,0.0000,6.7453,4.0000,96.0000,AG03-UNRESOLVED,ALL5_LEVELS_bet23_to_bet27,6.7453,6.7453,6.7453,6.7453,6.7453,4.000000,4.000000,4.000000,4.000000,4.000000,96.000000,96.000000,96.000000,96.000000,96.000000,5.0,33.7267,31.1344,134.9069,137.4993,PENDING_AG03,FALSE,NOT_FOR_ENFORCEMENT,161.8883,2062.6558,168.6337,161.8883,6.7453,0.07158000,0.06871680,6.7453,161.8883,0.06871680,6.7453,6.7453,6.7453,6.7453,6.7453,161.8883,0.06871680,33.7267,31.1344,134.9069,137.4993,0.05726400,0.05836438,0.00286320,6.5623,5.9850,0.4697,8.0302,2.1346,112.1846,17.0952,8.5108,6.5179,4.2165,4.4018,10.5412,11.0045,11.0045,21.0824,4.4018,0.0,2.5,4.789493,1.49083,8,52,9,2,0.02890062,0.07158000,0.29525223,0E-8,0.000000,0.912017,0.000000,-0.23032887,2026-03-22,2026-08-01,21,79,66,133,0.157895,1.305752,1.296916,0.096335,,,,,,,,GLOBAL_BASELINE_NO_ENTITY_RANKING,,,NOT_APPLICABLE_GLOBAL_BASELINE,HF9g-P5,,,,X 全窗基线 · 不参与实体赏罚,6876066,688,A168_HF9F_20260827_0900,2026-08-27 09:00:00
2026-04-27,146019672,1490,0,8.4329475260,0E-10,0E-10,0.5000000,2,2,0.49994810000000000,0.499948100000,0.00014679536856514622,0.00014679536856514622,0.00014679536856514622,0E-17,ELIGIBLE,R03b_20260811_FULL_v1,L1_ELIGIBILITY,v2026-08-11,2026-03-21..2026-08-06,baccarat_bet02_101_all_pairs_incl_sentinel,round_win = game_pnl > 0 (decisive only),COMPATIBILITY_ONLY_NOT_PRODUCTION,2355.8767,2148.5998,168.6337,359,359,-0.07158000,-0.29525223,-0.06492336,-0.07158000,-168.6337,2355.8767,OK,0.0000,6.7453,4.0000,96.0000,AG03-UNRESOLVED,ALL5_LEVELS_bet23_to_bet27,6.7453,6.7453,6.7453,6.7453,6.7453,4.000000,4.000000,4.000000,4.000000,4.000000,96.000000,96.000000,96.000000,96.000000,96.000000,5.0,33.7267,31.1344,134.9069,137.4993,PENDING_AG03,FALSE,NOT_FOR_ENFORCEMENT,161.8883,2062.6558,168.6337,161.8883,6.7453,0.07158000,0.06871680,6.7453,161.8883,0.06871680,6.7453,6.7453,6.7453,6.7453,6.7453,161.8883,0.06871680,33.7267,31.1344,134.9069,137.4993,0.05726400,0.05836438,0.00286320,6.5623,5.9850,0.4697,8.0302,2.1346,112.1846,17.0952,8.5108,6.5179,4.2165,4.4018,10.5412,11.0045,11.0045,21.0824,4.4018,0.0,2.5,4.789493,1.49083,8,52,9,2,0.02890062,0.07158000,0.29525223,0E-8,0.000000,0.912017,0.000000,-0.23032887,2026-03-22,2026-08-01,21,79,66,133,0.157895,1.305752,1.296916,0.096335,,,,,,,,GLOBAL_BASELINE_NO_ENTITY_RANKING,,,NOT_APPLICABLE_GLOBAL_BASELINE,HF9g-P5,,,,X 全窗基线 · 不参与实体赏罚,6876067,688,A168_HF9F_20260827_0900,2026-08-27 09:00:00
2026-04-27,146019672,1985,0,4.2164737630,4.0056500748,4.0056500748,1.0000000,1,1,0.50665070000000000,0.506650700000,0.9867858985152569,0.9867858985152569,0.9867858985152569,0E-17,ELIGIBLE,R03b_20260811_FULL_v1,L1_ELIGIBILITY,v2026-08-11,2026-03-21..2026-08-06,baccarat_bet02_101_all_pairs_incl_sentinel,round_win = game_pnl > 0 (decisive only),COMPATIBILITY_ONLY_NOT_PRODUCTION,2355.8767,2148.5998,168.6337,359,359,-0.07158000,-0.29525223,-0.06492336,-0.07158000,-168.6337,2355.8767,OK,0.0000,6.7453,4.0000,96.0000,AG03-UNRESOLVED,ALL5_LEVELS_bet23_to_bet27,6.7453,6.7453,6.7453,6.7453,6.7453,4.000000,4.000000,4.000000,4.000000,4.000000,96.000000,96.000000,96.000000,96.000000,96.000000,5.0,33.7267,31.1344,134.9069,137.4993,PENDING_AG03,FALSE,NOT_FOR_ENFORCEMENT,161.8883,2062.6558,168.6337,161.8883,6.7453,0.07158000,0.06871680,6.7453,161.8883,0.06871680,6.7453,6.7453,6.7453,6.7453,6.7453,161.8883,0.06871680,33.7267,31.1344,134.9069,137.4993,0.05726400,0.05836438,0.00286320,6.5623,5.9850,0.4697,8.0302,2.1346,112.1846,17.0952,8.5108,6.5179,4.2165,4.4018,10.5412,11.0045,11.0045,21.0824,4.4018,0.0,2.5,4.789493,1.49083,8,52,9,2,0.02890062,0.07158000,0.29525223,0E-8,0.000000,0.912017,0.000000,-0.23032887,2026-03-22,2026-08-01,21,79,66,133,0.157895,1.305752,1.296916,0.096335,,,,,,,,GLOBAL_BASELINE_NO_ENTITY_RANKING,,,NOT_APPLICABLE_GLOBAL_BASELINE,HF9g-P5,,,,X 全窗基线 · 不参与实体赏罚,6876068,688,A168_HF9F_20260827_0900,2026-08-27 09:00:00
2026-04-27,146019672,2129,0,4.2164737630,-4.2164737630,-4.2164737630,0E-7,1,1,0.50665070000000000,0.506650700000,-1.013391052207602,-1.013391052207602,-1.013391052207602,0E-17,ELIGIBLE,R03b_20260811_FULL_v1,L1_ELIGIBILITY,v2026-08-11,2026-03-21..2026-08-06,baccarat_bet02_101_all_pairs_incl_sentinel,round_win = game_pnl > 0 (decisive only),COMPATIBILITY_ONLY_NOT_PRODUCTION,2355.8767,2148.5998,168.6337,359,359,-0.07158000,-0.29525223,-0.06492336,-0.07158000,-168.6337,2355.8767,OK,0.0000,6.7453,4.0000,96.0000,AG03-UNRESOLVED,ALL5_LEVELS_bet23_to_bet27,6.7453,6.7453,6.7453,6.7453,6.7453,4.000000,4.000000,4.000000,4.000000,4.000000,96.000000,96.000000,96.000000,96.000000,96.000000,5.0,33.7267,31.1344,134.9069,137.4993,PENDING_AG03,FALSE,NOT_FOR_ENFORCEMENT,161.8883,2062.6558,168.6337,161.8883,6.7453,0.07158000,0.06871680,6.7453,161.8883,0.06871680,6.7453,6.7453,6.7453,6.7453,6.7453,161.8883,0.06871680,33.7267,31.1344,134.9069,137.4993,0.05726400,0.05836438,0.00286320,6.5623,5.9850,0.4697,8.0302,2.1346,112.1846,17.0952,8.5108,6.5179,4.2165,4.4018,10.5412,11.0045,11.0045,21.0824,4.4018,0.0,2.5,4.789493,1.49083,8,52,9,2,0.02890062,0.07158000,0.29525223,0E-8,0.000000,0.912017,0.000000,-0.23032887,2026-03-22,2026-08-01,21,79,66,133,0.157895,1.305752,1.296916,0.096335,,,,,,,,GLOBAL_BASELINE_NO_ENTITY_RANKING,,,NOT_APPLICABLE_GLOBAL_BASELINE,HF9g-P5,,,,X 全窗基线 · 不参与实体赏罚,6876069,688,A168_HF9F_20260827_0900,2026-08-27 09:00:00
2026-04-27,146019672,2160,0,40.0565007485,-10.5411844075,-10.5411844075,0.4000000,5,5,0.49592654000000000,0.495926540000,-0.42901076602576227,-0.42901076602576227,-0.42901076602576227,0E-17,ELIGIBLE,R03b_20260811_FULL_v1,L1_ELIGIBILITY,v2026-08-11,2026-03-21..2026-08-06,baccarat_bet02_101_all_pairs_incl_sentinel,round_win = game_pnl > 0 (decisive only),COMPATIBILITY_ONLY_NOT_PRODUCTION,2355.8767,2148.5998,168.6337,359,359,-0.07158000,-0.29525223,-0.06492336,-0.07158000,-168.6337,2355.8767,OK,0.0000,6.7453,4.0000,96.0000,AG03-UNRESOLVED,ALL5_LEVELS_bet23_to_bet27,6.7453,6.7453,6.7453,6.7453,6.7453,4.000000,4.000000,4.000000,4.000000,4.000000,96.000000,96.000000,96.000000,96.000000,96.000000,5.0,33.7267,31.1344,134.9069,137.4993,PENDING_AG03,FALSE,NOT_FOR_ENFORCEMENT,161.8883,2062.6558,168.6337,161.8883,6.7453,0.07158000,0.06871680,6.7453,161.8883,0.06871680,6.7453,6.7453,6.7453,6.7453,6.7453,161.8883,0.06871680,33.7267,31.1344,134.9069,137.4993,0.05726400,0.05836438,0.00286320,6.5623,5.9850,0.4697,8.0302,2.1346,112.1846,17.0952,8.5108,6.5179,4.2165,4.4018,10.5412,11.0045,11.0045,21.0824,4.4018,0.0,2.5,4.789493,1.49083,8,52,9,2,0.02890062,0.07158000,0.29525223,0E-8,0.000000,0.912017,0.000000,-0.23032887,2026-03-22,2026-08-01,21,79,66,133,0.157895,1.305752,1.296916,0.096335,,,,,,,,GLOBAL_BASELINE_NO_ENTITY_RANKING,,,NOT_APPLICABLE_GLOBAL_BASELINE,HF9g-P5,,,,X 全窗基线 · 不参与实体赏罚,6876070,688,A168_HF9F_20260827_0900,2026-08-27 09:00:00
2026-05-01,146019672,595,0,18.6955151769,-6.3018590484,-6.3018590484,0.4000000,5,5,0.49860758000000000,0.498607580000,-0.440988213962219,-0.440988213962219,-0.440988213962219,0E-17,ELIGIBLE,R03b_20260811_FULL_v1,L1_ELIGIBILITY,v2026-08-11,2026-03-21..2026-08-06,baccarat_bet02_101_all_pairs_incl_sentinel,round_win = game_pnl > 0 (decisive only),COMPATIBILITY_ONLY_NOT_PRODUCTION,2355.8767,2148.5998,168.6337,359,359,-0.07158000,-0.29525223,-0.06492336,-0.07158000,-168.6337,2355.8767,OK,0.0000,6.7453,4.0000,96.0000,AG03-UNRESOLVED,ALL5_LEVELS_bet23_to_bet27,6.7453,6.7453,6.7453,6.7453,6.7453,4.000000,4.000000,4.000000,4.000000,4.000000,96.000000,96.000000,96.000000,96.000000,96.000000,5.0,33.7267,31.1344,134.9069,137.4993,PENDING_AG03,FALSE,NOT_FOR_ENFORCEMENT,161.8883,2062.6558,168.6337,161.8883,6.7453,0.07158000,0.06871680,6.7453,161.8883,0.06871680,6.7453,6.7453,6.7453,6.7453,6.7453,161.8883,0.06871680,33.7267,31.1344,134.9069,137.4993,0.05726400,0.05836438,0.00286320,6.5623,5.9850,0.4697,8.0302,2.1346,112.1846,17.0952,8.5108,6.5179,4.2165,4.4018,10.5412,11.0045,11.0045,21.0824,4.4018,0.0,2.5,4.789493,1.49083,8,52,9,2,0.02890062,0.07158000,0.29525223,0E-8,0.000000,0.912017,0.000000,-0.23032887,2026-03-22,2026-08-01,21,79,66,133,0.157895,1.305752,1.296916,0.096335,,,,,,,,GLOBAL_BASELINE_NO_ENTITY_RANKING,,,NOT_APPLICABLE_GLOBAL_BASELINE,HF9g-P5,,,,X 全窗基线 · 不参与实体赏罚,6876071,688,A168_HF9F_20260827_0900,2026-08-27 09:00:00
2026-05-07,146019672,2121,0,4.2012393656,-4.2012393656,-4.2012393656,0E-7,1,1,0.49324550000000000,0.493245500000,-0.9865810262130424,-0.9865810262130424,-0.9865810262130424,0E-17,ELIGIBLE,R03b_20260811_FULL_v1,L1_ELIGIBILITY,v2026-08-11,2026-03-21..2026-08-06,baccarat_bet02_101_all_pairs_incl_sentinel,round_win = game_pnl > 0 (decisive only),COMPATIBILITY_ONLY_NOT_PRODUCTION,2355.8767,2148.5998,168.6337,359,359,-0.07158000,-0.29525223,-0.06492336,-0.07158000,-168.6337,2355.8767,OK,0.0000,6.7453,4.0000,96.0000,AG03-UNRESOLVED,ALL5_LEVELS_bet23_to_bet27,6.7453,6.7453,6.7453,6.7453,6.7453,4.000000,4.000000,4.000000,4.000000,4.000000,96.000000,96.000000,96.000000,96.000000,96.000000,5.0,33.7267,31.1344,134.9069,137.4993,PENDING_AG03,FALSE,NOT_FOR_ENFORCEMENT,161.8883,2062.6558,168.6337,161.8883,6.7453,0.07158000,0.06871680,6.7453,161.8883,0.06871680,6.7453,6.7453,6.7453,6.7453,6.7453,161.8883,0.06871680,33.7267,31.1344,134.9069,137.4993,0.05726400,0.05836438,0.00286320,6.5623,5.9850,0.4697,8.0302,2.1346,112.1846,17.0952,8.5108,6.5179,4.2165,4.4018,10.5412,11.0045,11.0045,21.0824,4.4018,0.0,2.5,4.789493,1.49083,8,52,9,2,0.02890062,0.07158000,0.29525223,0E-8,0.000000,0.912017,0.000000,-0.23032887,2026-03-22,2026-08-01,21,79,66,133,0.157895,1.305752,1.296916,0.096335,,,,,,,,GLOBAL_BASELINE_NO_ENTITY_RANKING,,,NOT_APPLICABLE_GLOBAL_BASELINE,HF9g-P5,,,,X 全窗基线 · 不参与实体赏罚,6876072,688,A168_HF9F_20260827_0900,2026-08-27 09:00:00
2026-05-07,146019672,2160,0,40.3318979099,-12.4776809158,-12.4776809158,0.4000000,5,5,0.50128862000000000,0.501288620000,-0.4529779837142727,-0.4529779837142727,-0.4529779837142727,0E-17,ELIGIBLE,R03b_20260811_FULL_v1,L1_ELIGIBILITY,v2026-08-11,2026-03-21..2026-08-06,baccarat_bet02_101_all_pairs_incl_sentinel,round_win = game_pnl > 0 (decisive only),COMPATIBILITY_ONLY_NOT_PRODUCTION,2355.8767,2148.5998,168.6337,359,359,-0.07158000,-0.29525223,-0.06492336,-0.07158000,-168.6337,2355.8767,OK,0.0000,6.7453,4.0000,96.0000,AG03-UNRESOLVED,ALL5_LEVELS_bet23_to_bet27,6.7453,6.7453,6.7453,6.7453,6.7453,4.000000,4.000000,4.000000,4.000000,4.000000,96.000000,96.000000,96.000000,96.000000,96.000000,5.0,33.7267,31.1344,134.9069,137.4993,PENDING_AG03,FALSE,NOT_FOR_ENFORCEMENT,161.8883,2062.6558,168.6337,161.8883,6.7453,0.07158000,0.06871680,6.7453,161.8883,0.06871680,6.7453,6.7453,6.7453,6.7453,6.7453,161.8883,0.06871680,33.7267,31.1344,134.9069,137.4993,0.05726400,0.05836438,0.00286320,6.5623,5.9850,0.4697,8.0302,2.1346,112.1846,17.0952,8.5108,6.5179,4.2165,4.4018,10.5412,11.0045,11.0045,21.0824,4.4018,0.0,2.5,4.789493,1.49083,8,52,9,2,0.02890062,0.07158000,0.29525223,0E-8,0.000000,0.912017,0.000000,-0.23032887,2026-03-22,2026-08-01,21,79,66,133,0.157895,1.305752,1.296916,0.096335,,,,,,,,GLOBAL_BASELINE_NO_ENTITY_RANKING,,,NOT_APPLICABLE_GLOBAL_BASELINE,HF9g-P5,,,,X 全窗基线 · 不参与实体赏罚,6876073,688,A168_HF9F_20260827_0900,2026-08-27 09:00:00
2026-05-21,146019672,1623,0,58.8173511184,-25.7325911143,-25.7325911143,0.2857143,8,8,0.49659680000000000,0.496596800000,-1.1159112260582862,-1.1159112260582862,-1.1159112260582862,0E-17,ELIGIBLE,R03b_20260811_FULL_v1,L1_ELIGIBILITY,v2026-08-11,2026-03-21..2026-08-06,baccarat_bet02_101_all_pairs_incl_sentinel,round_win = game_pnl > 0 (decisive only),COMPATIBILITY_ONLY_NOT_PRODUCTION,2355.8767,2148.5998,168.6337,359,359,-0.07158000,-0.29525223,-0.06492336,-0.07158000,-168.6337,2355.8767,OK,0.0000,6.7453,4.0000,96.0000,AG03-UNRESOLVED,ALL5_LEVELS_bet23_to_bet27,6.7453,6.7453,6.7453,6.7453,6.7453,4.000000,4.000000,4.000000,4.000000,4.000000,96.000000,96.000000,96.000000,96.000000,96.000000,5.0,33.7267,31.1344,134.9069,137.4993,PENDING_AG03,FALSE,NOT_FOR_ENFORCEMENT,161.8883,2062.6558,168.6337,161.8883,6.7453,0.07158000,0.06871680,6.7453,161.8883,0.06871680,6.7453,6.7453,6.7453,6.7453,6.7453,161.8883,0.06871680,33.7267,31.1344,134.9069,137.4993,0.05726400,0.05836438,0.00286320,6.5623,5.9850,0.4697,8.0302,2.1346,112.1846,17.0952,8.5108,6.5179,4.2165,4.4018,10.5412,11.0045,11.0045,21.0824,4.4018,0.0,2.5,4.789493,1.49083,8,52,9,2,0.02890062,0.07158000,0.29525223,0E-8,0.000000,0.912017,0.000000,-0.23032887,2026-03-22,2026-08-01,21,79,66,133,0.157895,1.305752,1.296916,0.096335,,,,,,,,GLOBAL_BASELINE_NO_ENTITY_RANKING,,,NOT_APPLICABLE_GLOBAL_BASELINE,HF9g-P5,,,,X 全窗基线 · 不参与实体赏罚,6876074,688,A168_HF9F_20260827_0900,2026-08-27 09:00:00
2026-05-29,146019672,1151,0,4.2012393656,-4.2012393656,-4.2012393656,0E-7,1,1,0.49324550000000000,0.493245500000,-0.9865810262130424,-0.9865810262130424,-0.9865810262130424,0E-17,ELIGIBLE,R03b_20260811_FULL_v1,L1_ELIGIBILITY,v2026-08-11,2026-03-21..2026-08-06,baccarat_bet02_101_all_pairs_incl_sentinel,round_win = game_pnl > 0 (decisive only),COMPATIBILITY_ONLY_NOT_PRODUCTION,2355.8767,2148.5998,168.6337,359,359,-0.07158000,-0.29525223,-0.06492336,-0.07158000,-168.6337,2355.8767,OK,0.0000,6.7453,4.0000,96.0000,AG03-UNRESOLVED,ALL5_LEVELS_bet23_to_bet27,6.7453,6.7453,6.7453,6.7453,6.7453,4.000000,4.000000,4.000000,4.000000,4.000000,96.000000,96.000000,96.000000,96.000000,96.000000,5.0,33.7267,31.1344,134.9069,137.4993,PENDING_AG03,FALSE,NOT_FOR_ENFORCEMENT,161.8883,2062.6558,168.6337,161.8883,6.7453,0.07158000,0.06871680,6.7453,161.8883,0.06871680,6.7453,6.7453,6.7453,6.7453,6.7453,161.8883,0.06871680,33.7267,31.1344,134.9069,137.4993,0.05726400,0.05836438,0.00286320,6.5623,5.9850,0.4697,8.0302,2.1346,112.1846,17.0952,8.5108,6.5179,4.2165,4.4018,10.5412,11.0045,11.0045,21.0824,4.4018,0.0,2.5,4.789493,1.49083,8,52,9,2,0.02890062,0.07158000,0.29525223,0E-8,0.000000,0.912017,0.000000,-0.23032887,2026-03-22,2026-08-01,21,79,66,133,0.157895,1.305752,1.296916,0.096335,,,,,,,,GLOBAL_BASELINE_NO_ENTITY_RANKING,,,NOT_APPLICABLE_GLOBAL_BASELINE,HF9g-P5,,,,X 全窗基线 · 不参与实体赏罚,6876075,688,A168_HF9F_20260827_0900,2026-08-27 09:00:00
2026-05-29,146019672,2134,0,73.5216888980,-11.2383153030,-11.2383153030,0.4545455,13,13,0.50046368461538462,0.500463684615,-0.30458721133295963,-0.3045872113304082,-0.30458721133295963,3.8462E-13,ELIGIBLE,R03b_20260811_FULL_v1,L1_ELIGIBILITY,v2026-08-11,2026-03-21..2026-08-06,baccarat_bet02_101_all_pairs_incl_sentinel,round_win = game_pnl > 0 (decisive only),COMPATIBILITY_ONLY_NOT_PRODUCTION,2355.8767,2148.5998,168.6337,359,359,-0.07158000,-0.29525223,-0.06492336,-0.07158000,-168.6337,2355.8767,OK,0.0000,6.7453,4.0000,96.0000,AG03-UNRESOLVED,ALL5_LEVELS_bet23_to_bet27,6.7453,6.7453,6.7453,6.7453,6.7453,4.000000,4.000000,4.000000,4.000000,4.000000,96.000000,96.000000,96.000000,96.000000,96.000000,5.0,33.7267,31.1344,134.9069,137.4993,PENDING_AG03,FALSE,NOT_FOR_ENFORCEMENT,161.8883,2062.6558,168.6337,161.8883,6.7453,0.07158000,0.06871680,6.7453,161.8883,0.06871680,6.7453,6.7453,6.7453,6.7453,6.7453,161.8883,0.06871680,33.7267,31.1344,134.9069,137.4993,0.05726400,0.05836438,0.00286320,6.5623,5.9850,0.4697,8.0302,2.1346,112.1846,17.0952,8.5108,6.5179,4.2165,4.4018,10.5412,11.0045,11.0045,21.0824,4.4018,0.0,2.5,4.789493,1.49083,8,52,9,2,0.02890062,0.07158000,0.29525223,0E-8,0.000000,0.912017,0.000000,-0.23032887,2026-03-22,2026-08-01,21,79,66,133,0.157895,1.305752,1.296916,0.096335,,,,,,,,GLOBAL_BASELINE_NO_ENTITY_RANKING,,,NOT_APPLICABLE_GLOBAL_BASELINE,HF9g-P5,,,,X 全窗基线 · 不参与实体赏罚,6876076,688,A168_HF9F_20260827_0900,2026-08-27 09:00:00
2026-08-01,146019672,1304,0,68.0863100048,-20.1026345563,-20.1026345563,0.3750000,8,8,0.49994810000000000,0.499948100000,-0.7068131942587571,-0.7068131942587571,-0.7068131942587571,0E-17,ELIGIBLE,R03b_20260811_FULL_v1,L1_ELIGIBILITY,v2026-08-11,2026-03-21..2026-08-06,baccarat_bet02_101_all_pairs_incl_sentinel,round_win = game_pnl > 0 (decisive only),COMPATIBILITY_ONLY_NOT_PRODUCTION,2355.8767,2148.5998,168.6337,359,359,-0.07158000,-0.29525223,-0.06492336,-0.07158000,-168.6337,2355.8767,OK,0.0000,6.7453,4.0000,96.0000,AG03-UNRESOLVED,ALL5_LEVELS_bet23_to_bet27,6.7453,6.7453,6.7453,6.7453,6.7453,4.000000,4.000000,4.000000,4.000000,4.000000,96.000000,96.000000,96.000000,96.000000,96.000000,5.0,33.7267,31.1344,134.9069,137.4993,PENDING_AG03,FALSE,NOT_FOR_ENFORCEMENT,161.8883,2062.6558,168.6337,161.8883,6.7453,0.07158000,0.06871680,6.7453,161.8883,0.06871680,6.7453,6.7453,6.7453,6.7453,6.7453,161.8883,0.06871680,33.7267,31.1344,134.9069,137.4993,0.05726400,0.05836438,0.00286320,6.5623,5.9850,0.4697,8.0302,2.1346,112.1846,17.0952,8.5108,6.5179,4.2165,4.4018,10.5412,11.0045,11.0045,21.0824,4.4018,0.0,2.5,4.789493,1.49083,8,52,9,2,0.02890062,0.07158000,0.29525223,0E-8,0.000000,0.912017,0.000000,-0.23032887,2026-03-22,2026-08-01,21,79,66,133,0.157895,1.305752,1.296916,0.096335,,,,,,,,GLOBAL_BASELINE_NO_ENTITY_RANKING,,,NOT_APPLICABLE_GLOBAL_BASELINE,HF9g-P5,,,,X 全窗基线 · 不参与实体赏罚,6876077,688,A168_HF9F_20260827_0900,2026-08-27 09:00:00
2026-03-27,147847512,1714,0,4.4763936067,-4.4763936067,-4.4763936067,0E-7,1,1,0.49324550000000000,0.493245500000,-0.9865810262130424,-0.9865810262130424,-0.9865810262130424,0E-17,ELIGIBLE,R03b_20260811_FULL_v1,L1_ELIGIBILITY,v2026-08-11,2026-03-21..2026-08-06,baccarat_bet02_101_all_pairs_incl_sentinel,round_win = game_pnl > 0 (decisive only),COMPATIBILITY_ONLY_NOT_PRODUCTION,265.9742,265.9742,166.8982,13,5,-0.62749772,,-0.62749772,-0.62749772,-166.8982,265.9742,THIN_EXPOSURE,0.0000,5.0069,3.0000,97.0000,AG03-UNRESOLVED,ALL5_LEVELS_bet23_to_bet27,5.0069,5.0069,5.0069,6.6759,6.6759,3.000000,3.000000,3.000000,4.000000,4.000000,97.000000,97.000000,97.000000,96.000000,96.000000,5.0,28.3727,26.5169,138.5255,140.3813,PENDING_AG03,FALSE,NOT_FOR_ENFORCEMENT,161.8912,257.9950,166.8982,161.8912,5.0069,0.62749772,0.60867279,5.0069,161.8912,0.60867279,5.0069,5.0069,5.0069,6.6759,6.6759,161.8912,0.60867279,28.3727,26.5169,138.5255,140.3813,0.52082311,0.52780053,0.01882493,20.4596,53.1948,33.3796,55.6327,41.7245,88.6581,1.6667,,20.4596,2.6176,5.2352,14.3968,53.8701,143.8761,164.6468,5.2352,-2.6176,27.482485,31.450001,3.908081,4,4,3,6,0E-8,0.62749772,,0E-8,0.000000,1.000000,0.000000,,2026-03-27,2026-04-09,3,4,4,14,0.214286,,,0.000000,,,,,,,,GLOBAL_BASELINE_NO_ENTITY_RANKING,,,NOT_APPLICABLE_GLOBAL_BASELINE,HF9g-P5,,,,X 全窗基线 · 不参与实体赏罚,6876078,688,A168_HF9F_20260827_0900,2026-08-27 09:00:00
2026-04-02,147847512,-1,1,216.9986650264,-164.6467554904,-164.6467554904,0.5000000,7,2,0.41127640272456704,0.222570065000,0.2549949160283943,0.9432011292790375,0.2549949160283943,0.18870633772456704,SENTINEL_DEALER,R03b_20260811_FULL_v1,L1_ELIGIBILITY,v2026-08-11,2026-03-21..2026-08-06,baccarat_bet02_101_all_pairs_incl_sentinel,round_win = game_pnl > 0 (decisive only),COMPATIBILITY_ONLY_NOT_PRODUCTION,265.9742,265.9742,166.8982,13,5,-0.62749772,,-0.62749772,-0.62749772,-166.8982,265.9742,THIN_EXPOSURE,0.0000,5.0069,3.0000,97.0000,AG03-UNRESOLVED,ALL5_LEVELS_bet23_to_bet27,5.0069,5.0069,5.0069,6.6759,6.6759,3.000000,3.000000,3.000000,4.000000,4.000000,97.000000,97.000000,97.000000,96.000000,96.000000,5.0,28.3727,26.5169,138.5255,140.3813,PENDING_AG03,FALSE,NOT_FOR_ENFORCEMENT,161.8912,257.9950,166.8982,161.8912,5.0069,0.62749772,0.60867279,5.0069,161.8912,0.60867279,5.0069,5.0069,5.0069,6.6759,6.6759,161.8912,0.60867279,28.3727,26.5169,138.5255,140.3813,0.52082311,0.52780053,0.01882493,20.4596,53.1948,33.3796,55.6327,41.7245,88.6581,1.6667,,20.4596,2.6176,5.2352,14.3968,53.8701,143.8761,164.6468,5.2352,-2.6176,27.482485,31.450001,3.908081,4,4,3,6,0E-8,0.62749772,,0E-8,0.000000,1.000000,0.000000,,2026-03-27,2026-04-09,3,4,4,14,0.214286,,,0.000000,,,,,,,,GLOBAL_BASELINE_NO_ENTITY_RANKING,,,NOT_APPLICABLE_GLOBAL_BASELINE,HF9g-P5,,,,X 全窗基线 · 不参与实体赏罚,6876079,688,A168_HF9F_20260827_0900,2026-08-27 09:00:00
2026-04-02,147847512,2152,0,36.6463366752,-5.2351909537,-5.2351909537,0E-7,4,1,0.29778325714285714,0.187662550000,-0.6512002339628358,-0.48064072822218945,-0.6512002339628358,0.11012070714285714,ELIGIBLE,R03b_20260811_FULL_v1,L1_ELIGIBILITY,v2026-08-11,2026-03-21..2026-08-06,baccarat_bet02_101_all_pairs_incl_sentinel,round_win = game_pnl > 0 (decisive only),COMPATIBILITY_ONLY_NOT_PRODUCTION,265.9742,265.9742,166.8982,13,5,-0.62749772,,-0.62749772,-0.62749772,-166.8982,265.9742,THIN_EXPOSURE,0.0000,5.0069,3.0000,97.0000,AG03-UNRESOLVED,ALL5_LEVELS_bet23_to_bet27,5.0069,5.0069,5.0069,6.6759,6.6759,3.000000,3.000000,3.000000,4.000000,4.000000,97.000000,97.000000,97.000000,96.000000,96.000000,5.0,28.3727,26.5169,138.5255,140.3813,PENDING_AG03,FALSE,NOT_FOR_ENFORCEMENT,161.8912,257.9950,166.8982,161.8912,5.0069,0.62749772,0.60867279,5.0069,161.8912,0.60867279,5.0069,5.0069,5.0069,6.6759,6.6759,161.8912,0.60867279,28.3727,26.5169,138.5255,140.3813,0.52082311,0.52780053,0.01882493,20.4596,53.1948,33.3796,55.6327,41.7245,88.6581,1.6667,,20.4596,2.6176,5.2352,14.3968,53.8701,143.8761,164.6468,5.2352,-2.6176,27.482485,31.450001,3.908081,4,4,3,6,0E-8,0.62749772,,0E-8,0.000000,1.000000,0.000000,,2026-03-27,2026-04-09,3,4,4,14,0.214286,,,0.000000,,,,,,,,GLOBAL_BASELINE_NO_ENTITY_RANKING,,,NOT_APPLICABLE_GLOBAL_BASELINE,HF9g-P5,,,,X 全窗基线 · 不参与实体赏罚,6876080,688,A168_HF9F_20260827_0900,2026-08-27 09:00:00
2026-04-09,147847512,1094,0,7.8527864304,7.4601471089,7.4601471089,1.0000000,1,1,0.50665070000000000,0.506650700000,0.9867858985152569,0.9867858985152569,0.9867858985152569,0E-17,ELIGIBLE,R03b_20260811_FULL_v1,L1_ELIGIBILITY,v2026-08-11,2026-03-21..2026-08-06,baccarat_bet02_101_all_pairs_incl_sentinel,round_win = game_pnl > 0 (decisive only),COMPATIBILITY_ONLY_NOT_PRODUCTION,265.9742,265.9742,166.8982,13,5,-0.62749772,,-0.62749772,-0.62749772,-166.8982,265.9742,THIN_EXPOSURE,0.0000,5.0069,3.0000,97.0000,AG03-UNRESOLVED,ALL5_LEVELS_bet23_to_bet27,5.0069,5.0069,5.0069,6.6759,6.6759,3.000000,3.000000,3.000000,4.000000,4.000000,97.000000,97.000000,97.000000,96.000000,96.000000,5.0,28.3727,26.5169,138.5255,140.3813,PENDING_AG03,FALSE,NOT_FOR_ENFORCEMENT,161.8912,257.9950,166.8982,161.8912,5.0069,0.62749772,0.60867279,5.0069,161.8912,0.60867279,5.0069,5.0069,5.0069,6.6759,6.6759,161.8912,0.60867279,28.3727,26.5169,138.5255,140.3813,0.52082311,0.52780053,0.01882493,20.4596,53.1948,33.3796,55.6327,41.7245,88.6581,1.6667,,20.4596,2.6176,5.2352,14.3968,53.8701,143.8761,164.6468,5.2352,-2.6176,27.482485,31.450001,3.908081,4,4,3,6,0E-8,0.62749772,,0E-8,0.000000,1.000000,0.000000,,2026-03-27,2026-04-09,3,4,4,14,0.214286,,,0.000000,,,,,,,,GLOBAL_BASELINE_NO_ENTITY_RANKING,,,NOT_APPLICABLE_GLOBAL_BASELINE,HF9g-P5,,,,X 全窗基线 · 不参与实体赏罚,6876081,688,A168_HF9F_20260827_0900,2026-08-27 09:00:00
2026-04-10,148473865,1017,0,1677.3551815304,90.9352668637,90.9352668637,0.6250000,22,16,0.48829607988157967,0.422689118750,1.0939310991959028,1.6381883290797352,1.0939310991959028,0.06560696113157967,ELIGIBLE,R03b_20260811_FULL_v1,L1_ELIGIBILITY,v2026-08-11,2026-03-21..2026-08-06,baccarat_bet02_101_all_pairs_incl_sentinel,round_win = game_pnl > 0 (decisive only),COMPATIBILITY_ONLY_NOT_PRODUCTION,4544.1457,4403.5809,168.6386,65,54,-0.03711118,,-0.03711118,-0.03711118,-168.6386,4544.1457,OK,0.0000,6.7455,4.0000,96.0000,AG03-UNRESOLVED,ALL5_LEVELS_bet23_to_bet27,6.7455,6.7455,6.7455,8.4319,8.4319,4.000000,4.000000,4.000000,5.000000,5.000000,96.000000,96.000000,96.000000,95.000000,95.000000,5.0,37.1005,33.985,131.5381,134.6536,PENDING_AG03,FALSE,NOT_FOR_ENFORCEMENT,161.8930,4227.4376,168.6386,161.8930,6.7455,0.03711118,0.03562673,6.7455,161.8930,0.03562673,6.7455,6.7455,6.7455,8.4319,8.4319,161.8930,0.03562673,37.1005,33.985,131.5381,134.6536,0.02894672,0.02963232,0.00148445,69.9099,81.5478,3.1229,168.6386,24.0912,4544.1457,54.0000,,69.9099,18.3232,52.3519,104.7038,157.0557,199.5917,253.9067,52.3519,0.0,3.8125,4.849999,1.335385,4,8,1,3,0E-8,0.03711118,,0E-8,0.000000,0.969067,0.000000,,2026-04-10,2026-04-10,1,7,4,1,1.000000,,,0.000000,,,,,,,,GLOBAL_BASELINE_NO_ENTITY_RANKING,,,NOT_APPLICABLE_GLOBAL_BASELINE,HF9g-P5,,,,X 全窗基线 · 不参与实体赏罚,6876082,688,A168_HF9F_20260827_0900,2026-08-27 09:00:00
2026-04-10,148473865,1396,0,821.9249797137,-209.4076381437,-209.4076381437,0.5000000,7,4,0.48445898826459415,0.350457087500,0.062194096816497284,0.6268656641715241,0.062194096816497284,0.13400190076459415,ELIGIBLE,R03b_20260811_FULL_v1,L1_ELIGIBILITY,v2026-08-11,2026-03-21..2026-08-06,baccarat_bet02_101_all_pairs_incl_sentinel,round_win = game_pnl > 0 (decisive only),COMPATIBILITY_ONLY_NOT_PRODUCTION,4544.1457,4403.5809,168.6386,65,54,-0.03711118,,-0.03711118,-0.03711118,-168.6386,4544.1457,OK,0.0000,6.7455,4.0000,96.0000,AG03-UNRESOLVED,ALL5_LEVELS_bet23_to_bet27,6.7455,6.7455,6.7455,8.4319,8.4319,4.000000,4.000000,4.000000,5.000000,5.000000,96.000000,96.000000,96.000000,95.000000,95.000000,5.0,37.1005,33.985,131.5381,134.6536,PENDING_AG03,FALSE,NOT_FOR_ENFORCEMENT,161.8930,4227.4376,168.6386,161.8930,6.7455,0.03711118,0.03562673,6.7455,161.8930,0.03562673,6.7455,6.7455,6.7455,8.4319,8.4319,161.8930,0.03562673,37.1005,33.985,131.5381,134.6536,0.02894672,0.02963232,0.00148445,69.9099,81.5478,3.1229,168.6386,24.0912,4544.1457,54.0000,,69.9099,18.3232,52.3519,104.7038,157.0557,199.5917,253.9067,52.3519,0.0,3.8125,4.849999,1.335385,4,8,1,3,0E-8,0.03711118,,0E-8,0.000000,0.969067,0.000000,,2026-04-10,2026-04-10,1,7,4,1,1.000000,,,0.000000,,,,,,,,GLOBAL_BASELINE_NO_ENTITY_RANKING,,,NOT_APPLICABLE_GLOBAL_BASELINE,HF9g-P5,,,,X 全窗基线 · 不参与实体赏罚,6876083,688,A168_HF9F_20260827_0900,2026-08-27 09:00:00
2026-04-10,148473865,1485,0,55.4930241081,54.9956809675,54.9956809675,1.0000000,3,3,0.49771390000000000,0.497713900000,1.739988277604938,1.739988277604938,1.739988277604938,0E-17,ELIGIBLE,R03b_20260811_FULL_v1,L1_ELIGIBILITY,v2026-08-11,2026-03-21..2026-08-06,baccarat_bet02_101_all_pairs_incl_sentinel,round_win = game_pnl > 0 (decisive only),COMPATIBILITY_ONLY_NOT_PRODUCTION,4544.1457,4403.5809,168.6386,65,54,-0.03711118,,-0.03711118,-0.03711118,-168.6386,4544.1457,OK,0.0000,6.7455,4.0000,96.0000,AG03-UNRESOLVED,ALL5_LEVELS_bet23_to_bet27,6.7455,6.7455,6.7455,8.4319,8.4319,4.000000,4.000000,4.000000,5.000000,5.000000,96.000000,96.000000,96.000000,95.000000,95.000000,5.0,37.1005,33.985,131.5381,134.6536,PENDING_AG03,FALSE,NOT_FOR_ENFORCEMENT,161.8930,4227.4376,168.6386,161.8930,6.7455,0.03711118,0.03562673,6.7455,161.8930,0.03562673,6.7455,6.7455,6.7455,8.4319,8.4319,161.8930,0.03562673,37.1005,33.985,131.5381,134.6536,0.02894672,0.02963232,0.00148445,69.9099,81.5478,3.1229,168.6386,24.0912,4544.1457,54.0000,,69.9099,18.3232,52.3519,104.7038,157.0557,199.5917,253.9067,52.3519,0.0,3.8125,4.849999,1.335385,4,8,1,3,0E-8,0.03711118,,0E-8,0.000000,0.969067,0.000000,,2026-04-10,2026-04-10,1,7,4,1,1.000000,,,0.000000,,,,,,,,GLOBAL_BASELINE_NO_ENTITY_RANKING,,,NOT_APPLICABLE_GLOBAL_BASELINE,HF9g-P5,,,,X 全窗基线 · 不参与实体赏罚,6876084,688,A168_HF9F_20260827_0900,2026-08-27 09:00:00
2026-04-10,148473865,1623,0,836.0599952882,-46.3314399394,-46.3314399394,0.5833333,14,14,0.50186312857142857,0.501863128571,0.5644460544807971,0.5644460544837646,0.5644460544807971,4.2857E-13,ELIGIBLE,R03b_20260811_FULL_v1,L1_ELIGIBILITY,v2026-08-11,2026-03-21..2026-08-06,baccarat_bet02_101_all_pairs_incl_sentinel,round_win = game_pnl > 0 (decisive only),COMPATIBILITY_ONLY_NOT_PRODUCTION,4544.1457,4403.5809,168.6386,65,54,-0.03711118,,-0.03711118,-0.03711118,-168.6386,4544.1457,OK,0.0000,6.7455,4.0000,96.0000,AG03-UNRESOLVED,ALL5_LEVELS_bet23_to_bet27,6.7455,6.7455,6.7455,8.4319,8.4319,4.000000,4.000000,4.000000,5.000000,5.000000,96.000000,96.000000,96.000000,95.000000,95.000000,5.0,37.1005,33.985,131.5381,134.6536,PENDING_AG03,FALSE,NOT_FOR_ENFORCEMENT,161.8930,4227.4376,168.6386,161.8930,6.7455,0.03711118,0.03562673,6.7455,161.8930,0.03562673,6.7455,6.7455,6.7455,8.4319,8.4319,161.8930,0.03562673,37.1005,33.985,131.5381,134.6536,0.02894672,0.02963232,0.00148445,69.9099,81.5478,3.1229,168.6386,24.0912,4544.1457,54.0000,,69.9099,18.3232,52.3519,104.7038,157.0557,199.5917,253.9067,52.3519,0.0,3.8125,4.849999,1.335385,4,8,1,3,0E-8,0.03711118,,0E-8,0.000000,0.969067,0.000000,,2026-04-10,2026-04-10,1,7,4,1,1.000000,,,0.000000,,,,,,,,GLOBAL_BASELINE_NO_ENTITY_RANKING,,,NOT_APPLICABLE_GLOBAL_BASELINE,HF9g-P5,,,,X 全窗基线 · 不参与实体赏罚,6876085,688,A168_HF9F_20260827_0900,2026-08-27 09:00:00
2026-04-10,148473865,1942,0,408.3448943802,-65.0472475984,-65.0472475984,0.5000000,7,7,0.50282064285714286,0.502820642857,-0.013818491375558404,-0.0138184913748585,-0.013818491375558404,1.4286E-13,ELIGIBLE,R03b_20260811_FULL_v1,L1_ELIGIBILITY,v2026-08-11,2026-03-21..2026-08-06,baccarat_bet02_101_all_pairs_incl_sentinel,round_win = game_pnl > 0 (decisive only),COMPATIBILITY_ONLY_NOT_PRODUCTION,4544.1457,4403.5809,168.6386,65,54,-0.03711118,,-0.03711118,-0.03711118,-168.6386,4544.1457,OK,0.0000,6.7455,4.0000,96.0000,AG03-UNRESOLVED,ALL5_LEVELS_bet23_to_bet27,6.7455,6.7455,6.7455,8.4319,8.4319,4.000000,4.000000,4.000000,5.000000,5.000000,96.000000,96.000000,96.000000,95.000000,95.000000,5.0,37.1005,33.985,131.5381,134.6536,PENDING_AG03,FALSE,NOT_FOR_ENFORCEMENT,161.8930,4227.4376,168.6386,161.8930,6.7455,0.03711118,0.03562673,6.7455,161.8930,0.03562673,6.7455,6.7455,6.7455,8.4319,8.4319,161.8930,0.03562673,37.1005,33.985,131.5381,134.6536,0.02894672,0.02963232,0.00148445,69.9099,81.5478,3.1229,168.6386,24.0912,4544.1457,54.0000,,69.9099,18.3232,52.3519,104.7038,157.0557,199.5917,253.9067,52.3519,0.0,3.8125,4.849999,1.335385,4,8,1,3,0E-8,0.03711118,,0E-8,0.000000,0.969067,0.000000,,2026-04-10,2026-04-10,1,7,4,1,1.000000,,,0.000000,,,,,,,,GLOBAL_BASELINE_NO_ENTITY_RANKING,,,NOT_APPLICABLE_GLOBAL_BASELINE,HF9g-P5,,,,X 全窗基线 · 不参与实体赏罚,6876086,688,A168_HF9F_20260827_0900,2026-08-27 09:00:00
2026-04-10,148473865,1985,0,696.2803968275,-12.8262178364,-12.8262178364,0.6666667,8,6,0.48979111166664858,0.433507650000,0.8666903896486238,1.1524774396999453,0.8666903896486238,0.05628346166664858,ELIGIBLE,R03b_20260811_FULL_v1,L1_ELIGIBILITY,v2026-08-11,2026-03-21..2026-08-06,baccarat_bet02_101_all_pairs_incl_sentinel,round_win = game_pnl > 0 (decisive only),COMPATIBILITY_ONLY_NOT_PRODUCTION,4544.1457,4403.5809,168.6386,65,54,-0.03711118,,-0.03711118,-0.03711118,-168.6386,4544.1457,OK,0.0000,6.7455,4.0000,96.0000,AG03-UNRESOLVED,ALL5_LEVELS_bet23_to_bet27,6.7455,6.7455,6.7455,8.4319,8.4319,4.000000,4.000000,4.000000,5.000000,5.000000,96.000000,96.000000,96.000000,95.000000,95.000000,5.0,37.1005,33.985,131.5381,134.6536,PENDING_AG03,FALSE,NOT_FOR_ENFORCEMENT,161.8930,4227.4376,168.6386,161.8930,6.7455,0.03711118,0.03562673,6.7455,161.8930,0.03562673,6.7455,6.7455,6.7455,8.4319,8.4319,161.8930,0.03562673,37.1005,33.985,131.5381,134.6536,0.02894672,0.02963232,0.00148445,69.9099,81.5478,3.1229,168.6386,24.0912,4544.1457,54.0000,,69.9099,18.3232,52.3519,104.7038,157.0557,199.5917,253.9067,52.3519,0.0,3.8125,4.849999,1.335385,4,8,1,3,0E-8,0.03711118,,0E-8,0.000000,0.969067,0.000000,,2026-04-10,2026-04-10,1,7,4,1,1.000000,,,0.000000,,,,,,,,GLOBAL_BASELINE_NO_ENTITY_RANKING,,,NOT_APPLICABLE_GLOBAL_BASELINE,HF9g-P5,,,,X 全窗基线 · 不参与实体赏罚,6876087,688,A168_HF9F_20260827_0900,2026-08-27 09:00:00
2026-04-10,148473865,2169,0,24.8671570295,-3.5861058033,-3.5861058033,0.6666667,3,3,0.50218230000000000,0.502182300000,0.5697959874915163,0.5697959874915164,0.5697959874915163,0E-17,ELIGIBLE,R03b_20260811_FULL_v1,L1_ELIGIBILITY,v2026-08-11,2026-03-21..2026-08-06,baccarat_bet02_101_all_pairs_incl_sentinel,round_win = game_pnl > 0 (decisive only),COMPATIBILITY_ONLY_NOT_PRODUCTION,4544.1457,4403.5809,168.6386,65,54,-0.03711118,,-0.03711118,-0.03711118,-168.6386,4544.1457,OK,0.0000,6.7455,4.0000,96.0000,AG03-UNRESOLVED,ALL5_LEVELS_bet23_to_bet27,6.7455,6.7455,6.7455,8.4319,8.4319,4.000000,4.000000,4.000000,5.000000,5.000000,96.000000,96.000000,96.000000,95.000000,95.000000,5.0,37.1005,33.985,131.5381,134.6536,PENDING_AG03,FALSE,NOT_FOR_ENFORCEMENT,161.8930,4227.4376,168.6386,161.8930,6.7455,0.03711118,0.03562673,6.7455,161.8930,0.03562673,6.7455,6.7455,6.7455,8.4319,8.4319,161.8930,0.03562673,37.1005,33.985,131.5381,134.6536,0.02894672,0.02963232,0.00148445,69.9099,81.5478,3.1229,168.6386,24.0912,4544.1457,54.0000,,69.9099,18.3232,52.3519,104.7038,157.0557,199.5917,253.9067,52.3519,0.0,3.8125,4.849999,1.335385,4,8,1,3,0E-8,0.03711118,,0E-8,0.000000,0.969067,0.000000,,2026-04-10,2026-04-10,1,7,4,1,1.000000,,,0.000000,,,,,,,,GLOBAL_BASELINE_NO_ENTITY_RANKING,,,NOT_APPLICABLE_GLOBAL_BASELINE,HF9g-P5,,,,X 全窗基线 · 不参与实体赏罚,6876088,688,A168_HF9F_20260827_0900,2026-08-27 09:00:00
2026-04-10,148473865,2241,0,23.8201188388,22.6291128969,22.6291128969,1.0000000,1,1,0.50665070000000000,0.506650700000,0.9867858985152569,0.9867858985152569,0.9867858985152569,0E-17,ELIGIBLE,R03b_20260811_FULL_v1,L1_ELIGIBILITY,v2026-08-11,2026-03-21..2026-08-06,baccarat_bet02_101_all_pairs_incl_sentinel,round_win = game_pnl > 0 (decisive only),COMPATIBILITY_ONLY_NOT_PRODUCTION,4544.1457,4403.5809,168.6386,65,54,-0.03711118,,-0.03711118,-0.03711118,-168.6386,4544.1457,OK,0.0000,6.7455,4.0000,96.0000,AG03-UNRESOLVED,ALL5_LEVELS_bet23_to_bet27,6.7455,6.7455,6.7455,8.4319,8.4319,4.000000,4.000000,4.000000,5.000000,5.000000,96.000000,96.000000,96.000000,95.000000,95.000000,5.0,37.1005,33.985,131.5381,134.6536,PENDING_AG03,FALSE,NOT_FOR_ENFORCEMENT,161.8930,4227.4376,168.6386,161.8930,6.7455,0.03711118,0.03562673,6.7455,161.8930,0.03562673,6.7455,6.7455,6.7455,8.4319,8.4319,161.8930,0.03562673,37.1005,33.985,131.5381,134.6536,0.02894672,0.02963232,0.00148445,69.9099,81.5478,3.1229,168.6386,24.0912,4544.1457,54.0000,,69.9099,18.3232,52.3519,104.7038,157.0557,199.5917,253.9067,52.3519,0.0,3.8125,4.849999,1.335385,4,8,1,3,0E-8,0.03711118,,0E-8,0.000000,0.969067,0.000000,,2026-04-10,2026-04-10,1,7,4,1,1.000000,,,0.000000,,,,,,,,GLOBAL_BASELINE_NO_ENTITY_RANKING,,,NOT_APPLICABLE_GLOBAL_BASELINE,HF9g-P5,,,,X 全窗基线 · 不参与实体赏罚,6876089,688,A168_HF9F_20260827_0900,2026-08-27 09:00:00
2026-04-15,145839161,2251,0,62.8222914432,44.4991231054,44.4991231054,0.8333333,7,7,0.50665070000000000,0.506650700000,1.6005531159783741,1.6005531159783741,1.6005531159783741,0E-17,ELIGIBLE,R03b_20260811_FULL_v1,L1_ELIGIBILITY,v2026-08-11,2026-03-21..2026-08-06,baccarat_bet02_101_all_pairs_incl_sentinel,round_win = game_pnl > 0 (decisive only),COMPATIBILITY_ONLY_NOT_PRODUCTION,813.4320,698.9653,168.6450,105,104,-0.20732523,,-0.20732523,-0.20732523,-168.6450,813.4320,OK,0.0000,6.7458,4.0000,96.0000,AG03-UNRESOLVED,ALL5_LEVELS_bet23_to_bet27,6.7458,6.7458,6.7458,6.7458,6.7458,4.000000,4.000000,4.000000,4.000000,4.000000,96.000000,96.000000,96.000000,96.000000,96.000000,5.0,33.7290,31.1365,134.9160,137.5085,PENDING_AG03,FALSE,NOT_FOR_ENFORCEMENT,161.8992,671.0067,168.6450,161.8992,6.7458,0.20732523,0.19903222,6.7458,161.8992,0.19903222,6.7458,6.7458,6.7458,6.7458,6.7458,161.8992,0.19903222,33.7290,31.1365,134.9160,137.5085,0.16586018,0.16904733,0.00829301,7.7470,6.7208,1.6216,24.0921,6.4863,116.2046,14.8571,,7.7470,5.1891,7.7837,10.3783,12.9729,15.5674,17.9785,5.1891,-2.5946,2.0,2.309764,0.995279,13,23,10,3,0E-8,0.20732523,,0E-8,0.000000,0.859279,0.000000,,2026-04-15,2026-05-21,7,26,23,37,0.189189,,,0.000000,,,,,,,,GLOBAL_BASELINE_NO_ENTITY_RANKING,,,NOT_APPLICABLE_GLOBAL_BASELINE,HF9g-P5,,,,X 全窗基线 · 不参与实体赏罚,6876090,688,A168_HF9F_20260827_0900,2026-08-27 09:00:00
2026-05-06,145839161,1330,0,132.3231799079,-103.7828862023,-103.7828862023,0E-7,11,11,0.50665070000000000,0.506650700000,-3.040173156622805,-3.040173156622805,-3.040173156622805,0E-17,ELIGIBLE,R03b_20260811_FULL_v1,L1_ELIGIBILITY,v2026-08-11,2026-03-21..2026-08-06,baccarat_bet02_101_all_pairs_incl_sentinel,round_win = game_pnl > 0 (decisive only),COMPATIBILITY_ONLY_NOT_PRODUCTION,813.4320,698.9653,168.6450,105,104,-0.20732523,,-0.20732523,-0.20732523,-168.6450,813.4320,OK,0.0000,6.7458,4.0000,96.0000,AG03-UNRESOLVED,ALL5_LEVELS_bet23_to_bet27,6.7458,6.7458,6.7458,6.7458,6.7458,4.000000,4.000000,4.000000,4.000000,4.000000,96.000000,96.000000,96.000000,96.000000,96.000000,5.0,33.7290,31.1365,134.9160,137.5085,PENDING_AG03,FALSE,NOT_FOR_ENFORCEMENT,161.8992,671.0067,168.6450,161.8992,6.7458,0.20732523,0.19903222,6.7458,161.8992,0.19903222,6.7458,6.7458,6.7458,6.7458,6.7458,161.8992,0.19903222,33.7290,31.1365,134.9160,137.5085,0.16586018,0.16904733,0.00829301,7.7470,6.7208,1.6216,24.0921,6.4863,116.2046,14.8571,,7.7470,5.1891,7.7837,10.3783,12.9729,15.5674,17.9785,5.1891,-2.5946,2.0,2.309764,0.995279,13,23,10,3,0E-8,0.20732523,,0E-8,0.000000,0.859279,0.000000,,2026-04-15,2026-05-21,7,26,23,37,0.189189,,,0.000000,,,,,,,,GLOBAL_BASELINE_NO_ENTITY_RANKING,,,NOT_APPLICABLE_GLOBAL_BASELINE,HF9g-P5,,,,X 全窗基线 · 不参与实体赏罚,6876091,688,A168_HF9F_20260827_0900,2026-08-27 09:00:00
2026-05-06,145839161,2202,0,46.7022987911,26.8538218048,26.8538218048,0.8000000,6,6,0.50665070000000000,0.506650700000,1.3120140225494112,1.3120140225494112,1.3120140225494112,0E-17,ELIGIBLE,R03b_20260811_FULL_v1,L1_ELIGIBILITY,v2026-08-11,2026-03-21..2026-08-06,baccarat_bet02_101_all_pairs_incl_sentinel,round_win = game_pnl > 0 (decisive only),COMPATIBILITY_ONLY_NOT_PRODUCTION,813.4320,698.9653,168.6450,105,104,-0.20732523,,-0.20732523,-0.20732523,-168.6450,813.4320,OK,0.0000,6.7458,4.0000,96.0000,AG03-UNRESOLVED,ALL5_LEVELS_bet23_to_bet27,6.7458,6.7458,6.7458,6.7458,6.7458,4.000000,4.000000,4.000000,4.000000,4.000000,96.000000,96.000000,96.000000,96.000000,96.000000,5.0,33.7290,31.1365,134.9160,137.5085,PENDING_AG03,FALSE,NOT_FOR_ENFORCEMENT,161.8992,671.0067,168.6450,161.8992,6.7458,0.20732523,0.19903222,6.7458,161.8992,0.19903222,6.7458,6.7458,6.7458,6.7458,6.7458,161.8992,0.19903222,33.7290,31.1365,134.9160,137.5085,0.16586018,0.16904733,0.00829301,7.7470,6.7208,1.6216,24.0921,6.4863,116.2046,14.8571,,7.7470,5.1891,7.7837,10.3783,12.9729,15.5674,17.9785,5.1891,-2.5946,2.0,2.309764,0.995279,13,23,10,3,0E-8,0.20732523,,0E-8,0.000000,0.859279,0.000000,,2026-04-15,2026-05-21,7,26,23,37,0.189189,,,0.000000,,,,,,,,GLOBAL_BASELINE_NO_ENTITY_RANKING,,,NOT_APPLICABLE_GLOBAL_BASELINE,HF9g-P5,,,,X 全窗基线 · 不参与实体赏罚,6876092,688,A168_HF9F_20260827_0900,2026-08-27 09:00:00
2026-05-10,145839161,2223,0,10.3782886204,-7.7837164653,-7.7837164653,0E-7,4,4,0.49659680000000000,0.496596800000,-1.7203016256901094,-1.7203016256901091,-1.7203016256901094,0E-17,ELIGIBLE,R03b_20260811_FULL_v1,L1_ELIGIBILITY,v2026-08-11,2026-03-21..2026-08-06,baccarat_bet02_101_all_pairs_incl_sentinel,round_win = game_pnl > 0 (decisive only),COMPATIBILITY_ONLY_NOT_PRODUCTION,813.4320,698.9653,168.6450,105,104,-0.20732523,,-0.20732523,-0.20732523,-168.6450,813.4320,OK,0.0000,6.7458,4.0000,96.0000,AG03-UNRESOLVED,ALL5_LEVELS_bet23_to_bet27,6.7458,6.7458,6.7458,6.7458,6.7458,4.000000,4.000000,4.000000,4.000000,4.000000,96.000000,96.000000,96.000000,96.000000,96.000000,5.0,33.7290,31.1365,134.9160,137.5085,PENDING_AG03,FALSE,NOT_FOR_ENFORCEMENT,161.8992,671.0067,168.6450,161.8992,6.7458,0.20732523,0.19903222,6.7458,161.8992,0.19903222,6.7458,6.7458,6.7458,6.7458,6.7458,161.8992,0.19903222,33.7290,31.1365,134.9160,137.5085,0.16586018,0.16904733,0.00829301,7.7470,6.7208,1.6216,24.0921,6.4863,116.2046,14.8571,,7.7470,5.1891,7.7837,10.3783,12.9729,15.5674,17.9785,5.1891,-2.5946,2.0,2.309764,0.995279,13,23,10,3,0E-8,0.20732523,,0E-8,0.000000,0.859279,0.000000,,2026-04-15,2026-05-21,7,26,23,37,0.189189,,,0.000000,,,,,,,,GLOBAL_BASELINE_NO_ENTITY_RANKING,,,NOT_APPLICABLE_GLOBAL_BASELINE,HF9g-P5,,,,X 全窗基线 · 不参与实体赏罚,6876093,688,A168_HF9F_20260827_0900,2026-08-27 09:00:00
2026-05-11,145839161,-1,1,7.7837164652,-7.7837164652,-7.7837164652,0E-7,1,1,0.49324550000000000,0.493245500000,-0.9865810262130424,-0.9865810262130424,-0.9865810262130424,0E-17,SENTINEL_DEALER,R03b_20260811_FULL_v1,L1_ELIGIBILITY,v2026-08-11,2026-03-21..2026-08-06,baccarat_bet02_101_all_pairs_incl_sentinel,round_win = game_pnl > 0 (decisive only),COMPATIBILITY_ONLY_NOT_PRODUCTION,813.4320,698.9653,168.6450,105,104,-0.20732523,,-0.20732523,-0.20732523,-168.6450,813.4320,OK,0.0000,6.7458,4.0000,96.0000,AG03-UNRESOLVED,ALL5_LEVELS_bet23_to_bet27,6.7458,6.7458,6.7458,6.7458,6.7458,4.000000,4.000000,4.000000,4.000000,4.000000,96.000000,96.000000,96.000000,96.000000,96.000000,5.0,33.7290,31.1365,134.9160,137.5085,PENDING_AG03,FALSE,NOT_FOR_ENFORCEMENT,161.8992,671.0067,168.6450,161.8992,6.7458,0.20732523,0.19903222,6.7458,161.8992,0.19903222,6.7458,6.7458,6.7458,6.7458,6.7458,161.8992,0.19903222,33.7290,31.1365,134.9160,137.5085,0.16586018,0.16904733,0.00829301,7.7470,6.7208,1.6216,24.0921,6.4863,116.2046,14.8571,,7.7470,5.1891,7.7837,10.3783,12.9729,15.5674,17.9785,5.1891,-2.5946,2.0,2.309764,0.995279,13,23,10,3,0E-8,0.20732523,,0E-8,0.000000,0.859279,0.000000,,2026-04-15,2026-05-21,7,26,23,37,0.189189,,,0.000000,,,,,,,,GLOBAL_BASELINE_NO_ENTITY_RANKING,,,NOT_APPLICABLE_GLOBAL_BASELINE,HF9g-P5,,,,X 全窗基线 · 不参与实体赏罚,6876094,688,A168_HF9F_20260827_0900,2026-08-27 09:00:00
2026-05-11,145839161,1384,0,90.8100254273,-11.8053033055,-11.8053033055,0.6250000,17,17,0.50428507647058824,0.504285076471,0.9657548550367515,0.9657548550334639,0.9657548550367515,-4.1176E-13,ELIGIBLE,R03b_20260811_FULL_v1,L1_ELIGIBILITY,v2026-08-11,2026-03-21..2026-08-06,baccarat_bet02_101_all_pairs_incl_sentinel,round_win = game_pnl > 0 (decisive only),COMPATIBILITY_ONLY_NOT_PRODUCTION,813.4320,698.9653,168.6450,105,104,-0.20732523,,-0.20732523,-0.20732523,-168.6450,813.4320,OK,0.0000,6.7458,4.0000,96.0000,AG03-UNRESOLVED,ALL5_LEVELS_bet23_to_bet27,6.7458,6.7458,6.7458,6.7458,6.7458,4.000000,4.000000,4.000000,4.000000,4.000000,96.000000,96.000000,96.000000,96.000000,96.000000,5.0,33.7290,31.1365,134.9160,137.5085,PENDING_AG03,FALSE,NOT_FOR_ENFORCEMENT,161.8992,671.0067,168.6450,161.8992,6.7458,0.20732523,0.19903222,6.7458,161.8992,0.19903222,6.7458,6.7458,6.7458,6.7458,6.7458,161.8992,0.19903222,33.7290,31.1365,134.9160,137.5085,0.16586018,0.16904733,0.00829301,7.7470,6.7208,1.6216,24.0921,6.4863,116.2046,14.8571,,7.7470,5.1891,7.7837,10.3783,12.9729,15.5674,17.9785,5.1891,-2.5946,2.0,2.309764,0.995279,13,23,10,3,0E-8,0.20732523,,0E-8,0.000000,0.859279,0.000000,,2026-04-15,2026-05-21,7,26,23,37,0.189189,,,0.000000,,,,,,,,GLOBAL_BASELINE_NO_ENTITY_RANKING,,,NOT_APPLICABLE_GLOBAL_BASELINE,HF9g-P5,,,,X 全窗基线 · 不参与实体赏罚,6876095,688,A168_HF9F_20260827_0900,2026-08-27 09:00:00
2026-05-11,145839161,1956,0,36.3240101709,19.5890197706,19.5890197706,0.8000000,5,5,0.50396966000000000,0.503969660000,1.3239296534401845,1.3239296534401845,1.3239296534401845,0E-17,ELIGIBLE,R03b_20260811_FULL_v1,L1_ELIGIBILITY,v2026-08-11,2026-03-21..2026-08-06,baccarat_bet02_101_all_pairs_incl_sentinel,round_win = game_pnl > 0 (decisive only),COMPATIBILITY_ONLY_NOT_PRODUCTION,813.4320,698.9653,168.6450,105,104,-0.20732523,,-0.20732523,-0.20732523,-168.6450,813.4320,OK,0.0000,6.7458,4.0000,96.0000,AG03-UNRESOLVED,ALL5_LEVELS_bet23_to_bet27,6.7458,6.7458,6.7458,6.7458,6.7458,4.000000,4.000000,4.000000,4.000000,4.000000,96.000000,96.000000,96.000000,96.000000,96.000000,5.0,33.7290,31.1365,134.9160,137.5085,PENDING_AG03,FALSE,NOT_FOR_ENFORCEMENT,161.8992,671.0067,168.6450,161.8992,6.7458,0.20732523,0.19903222,6.7458,161.8992,0.19903222,6.7458,6.7458,6.7458,6.7458,6.7458,161.8992,0.19903222,33.7290,31.1365,134.9160,137.5085,0.16586018,0.16904733,0.00829301,7.7470,6.7208,1.6216,24.0921,6.4863,116.2046,14.8571,,7.7470,5.1891,7.7837,10.3783,12.9729,15.5674,17.9785,5.1891,-2.5946,2.0,2.309764,0.995279,13,23,10,3,0E-8,0.20732523,,0E-8,0.000000,0.859279,0.000000,,2026-04-15,2026-05-21,7,26,23,37,0.189189,,,0.000000,,,,,,,,GLOBAL_BASELINE_NO_ENTITY_RANKING,,,NOT_APPLICABLE_GLOBAL_BASELINE,HF9g-P5,,,,X 全窗基线 · 不参与实体赏罚,6876096,688,A168_HF9F_20260827_0900,2026-08-27 09:00:00
2026-05-11,145839161,2106,0,10.3782886202,0E-10,0E-10,,1,1,0.50665070000000000,0.506650700000,,,,0E-17,NO_DECISIVE_ROUND,R03b_20260811_FULL_v1,L1_ELIGIBILITY,v2026-08-11,2026-03-21..2026-08-06,baccarat_bet02_101_all_pairs_incl_sentinel,round_win = game_pnl > 0 (decisive only),COMPATIBILITY_ONLY_NOT_PRODUCTION,813.4320,698.9653,168.6450,105,104,-0.20732523,,-0.20732523,-0.20732523,-168.6450,813.4320,OK,0.0000,6.7458,4.0000,96.0000,AG03-UNRESOLVED,ALL5_LEVELS_bet23_to_bet27,6.7458,6.7458,6.7458,6.7458,6.7458,4.000000,4.000000,4.000000,4.000000,4.000000,96.000000,96.000000,96.000000,96.000000,96.000000,5.0,33.7290,31.1365,134.9160,137.5085,PENDING_AG03,FALSE,NOT_FOR_ENFORCEMENT,161.8992,671.0067,168.6450,161.8992,6.7458,0.20732523,0.19903222,6.7458,161.8992,0.19903222,6.7458,6.7458,6.7458,6.7458,6.7458,161.8992,0.19903222,33.7290,31.1365,134.9160,137.5085,0.16586018,0.16904733,0.00829301,7.7470,6.7208,1.6216,24.0921,6.4863,116.2046,14.8571,,7.7470,5.1891,7.7837,10.3783,12.9729,15.5674,17.9785,5.1891,-2.5946,2.0,2.309764,0.995279,13,23,10,3,0E-8,0.20732523,,0E-8,0.000000,0.859279,0.000000,,2026-04-15,2026-05-21,7,26,23,37,0.189189,,,0.000000,,,,,,,,GLOBAL_BASELINE_NO_ENTITY_RANKING,,,NOT_APPLICABLE_GLOBAL_BASELINE,HF9g-P5,,,,X 全窗基线 · 不参与实体赏罚,6876097,688,A168_HF9F_20260827_0900,2026-08-27 09:00:00
2026-05-11,145839161,2160,0,20.7565772404,0E-10,0E-10,0.5000000,2,2,0.49324550000000000,0.493245500000,0.01910635448239258,0.01910635448239258,0.01910635448239258,0E-17,ELIGIBLE,R03b_20260811_FULL_v1,L1_ELIGIBILITY,v2026-08-11,2026-03-21..2026-08-06,baccarat_bet02_101_all_pairs_incl_sentinel,round_win = game_pnl > 0 (decisive only),COMPATIBILITY_ONLY_NOT_PRODUCTION,813.4320,698.9653,168.6450,105,104,-0.20732523,,-0.20732523,-0.20732523,-168.6450,813.4320,OK,0.0000,6.7458,4.0000,96.0000,AG03-UNRESOLVED,ALL5_LEVELS_bet23_to_bet27,6.7458,6.7458,6.7458,6.7458,6.7458,4.000000,4.000000,4.000000,4.000000,4.000000,96.000000,96.000000,96.000000,96.000000,96.000000,5.0,33.7290,31.1365,134.9160,137.5085,PENDING_AG03,FALSE,NOT_FOR_ENFORCEMENT,161.8992,671.0067,168.6450,161.8992,6.7458,0.20732523,0.19903222,6.7458,161.8992,0.19903222,6.7458,6.7458,6.7458,6.7458,6.7458,161.8992,0.19903222,33.7290,31.1365,134.9160,137.5085,0.16586018,0.16904733,0.00829301,7.7470,6.7208,1.6216,24.0921,6.4863,116.2046,14.8571,,7.7470,5.1891,7.7837,10.3783,12.9729,15.5674,17.9785,5.1891,-2.5946,2.0,2.309764,0.995279,13,23,10,3,0E-8,0.20732523,,0E-8,0.000000,0.859279,0.000000,,2026-04-15,2026-05-21,7,26,23,37,0.189189,,,0.000000,,,,,,,,GLOBAL_BASELINE_NO_ENTITY_RANKING,,,NOT_APPLICABLE_GLOBAL_BASELINE,HF9g-P5,,,,X 全窗基线 · 不参与实体赏罚,6876098,688,A168_HF9F_20260827_0900,2026-08-27 09:00:00
2026-05-11,145839161,2169,0,20.7565772405,-7.7837164652,-7.7837164652,0.2500000,5,5,0.50128862000000000,0.501288620000,-1.0051578182180947,-1.0051578182180947,-1.0051578182180947,0E-17,ELIGIBLE,R03b_20260811_FULL_v1,L1_ELIGIBILITY,v2026-08-11,2026-03-21..2026-08-06,baccarat_bet02_101_all_pairs_incl_sentinel,round_win = game_pnl > 0 (decisive only),COMPATIBILITY_ONLY_NOT_PRODUCTION,813.4320,698.9653,168.6450,105,104,-0.20732523,,-0.20732523,-0.20732523,-168.6450,813.4320,OK,0.0000,6.7458,4.0000,96.0000,AG03-UNRESOLVED,ALL5_LEVELS_bet23_to_bet27,6.7458,6.7458,6.7458,6.7458,6.7458,4.000000,4.000000,4.000000,4.000000,4.000000,96.000000,96.000000,96.000000,96.000000,96.000000,5.0,33.7290,31.1365,134.9160,137.5085,PENDING_AG03,FALSE,NOT_FOR_ENFORCEMENT,161.8992,671.0067,168.6450,161.8992,6.7458,0.20732523,0.19903222,6.7458,161.8992,0.19903222,6.7458,6.7458,6.7458,6.7458,6.7458,161.8992,0.19903222,33.7290,31.1365,134.9160,137.5085,0.16586018,0.16904733,0.00829301,7.7470,6.7208,1.6216,24.0921,6.4863,116.2046,14.8571,,7.7470,5.1891,7.7837,10.3783,12.9729,15.5674,17.9785,5.1891,-2.5946,2.0,2.309764,0.995279,13,23,10,3,0E-8,0.20732523,,0E-8,0.000000,0.859279,0.000000,,2026-04-15,2026-05-21,7,26,23,37,0.189189,,,0.000000,,,,,,,,GLOBAL_BASELINE_NO_ENTITY_RANKING,,,NOT_APPLICABLE_GLOBAL_BASELINE,HF9g-P5,,,,X 全窗基线 · 不参与实体赏罚,6876099,688,A168_HF9F_20260827_0900,2026-08-27 09:00:00
2026-05-11,145839161,2174,0,15.5674329303,-10.3782886202,-10.3782886202,0E-7,3,3,0.50665070000000000,0.506650700000,-1.4331513700195317,-1.4331513700195317,-1.4331513700195317,0E-17,ELIGIBLE,R03b_20260811_FULL_v1,L1_ELIGIBILITY,v2026-08-11,2026-03-21..2026-08-06,baccarat_bet02_101_all_pairs_incl_sentinel,round_win = game_pnl > 0 (decisive only),COMPATIBILITY_ONLY_NOT_PRODUCTION,813.4320,698.9653,168.6450,105,104,-0.20732523,,-0.20732523,-0.20732523,-168.6450,813.4320,OK,0.0000,6.7458,4.0000,96.0000,AG03-UNRESOLVED,ALL5_LEVELS_bet23_to_bet27,6.7458,6.7458,6.7458,6.7458,6.7458,4.000000,4.000000,4.000000,4.000000,4.000000,96.000000,96.000000,96.000000,96.000000,96.000000,5.0,33.7290,31.1365,134.9160,137.5085,PENDING_AG03,FALSE,NOT_FOR_ENFORCEMENT,161.8992,671.0067,168.6450,161.8992,6.7458,0.20732523,0.19903222,6.7458,161.8992,0.19903222,6.7458,6.7458,6.7458,6.7458,6.7458,161.8992,0.19903222,33.7290,31.1365,134.9160,137.5085,0.16586018,0.16904733,0.00829301,7.7470,6.7208,1.6216,24.0921,6.4863,116.2046,14.8571,,7.7470,5.1891,7.7837,10.3783,12.9729,15.5674,17.9785,5.1891,-2.5946,2.0,2.309764,0.995279,13,23,10,3,0E-8,0.20732523,,0E-8,0.000000,0.859279,0.000000,,2026-04-15,2026-05-21,7,26,23,37,0.189189,,,0.000000,,,,,,,,GLOBAL_BASELINE_NO_ENTITY_RANKING,,,NOT_APPLICABLE_GLOBAL_BASELINE,HF9g-P5,,,,X 全窗基线 · 不参与实体赏罚,6876100,688,A168_HF9F_20260827_0900,2026-08-27 09:00:00
2026-05-11,145839161,2250,0,12.9728607753,-2.8540293706,-2.8540293706,0.5000000,2,2,0.50665070000000000,0.506650700000,-0.018812684590367487,-0.018812684590367487,-0.018812684590367487,0E-17,ELIGIBLE,R03b_20260811_FULL_v1,L1_ELIGIBILITY,v2026-08-11,2026-03-21..2026-08-06,baccarat_bet02_101_all_pairs_incl_sentinel,round_win = game_pnl > 0 (decisive only),COMPATIBILITY_ONLY_NOT_PRODUCTION,813.4320,698.9653,168.6450,105,104,-0.20732523,,-0.20732523,-0.20732523,-168.6450,813.4320,OK,0.0000,6.7458,4.0000,96.0000,AG03-UNRESOLVED,ALL5_LEVELS_bet23_to_bet27,6.7458,6.7458,6.7458,6.7458,6.7458,4.000000,4.000000,4.000000,4.000000,4.000000,96.000000,96.000000,96.000000,96.000000,96.000000,5.0,33.7290,31.1365,134.9160,137.5085,PENDING_AG03,FALSE,NOT_FOR_ENFORCEMENT,161.8992,671.0067,168.6450,161.8992,6.7458,0.20732523,0.19903222,6.7458,161.8992,0.19903222,6.7458,6.7458,6.7458,6.7458,6.7458,161.8992,0.19903222,33.7290,31.1365,134.9160,137.5085,0.16586018,0.16904733,0.00829301,7.7470,6.7208,1.6216,24.0921,6.4863,116.2046,14.8571,,7.7470,5.1891,7.7837,10.3783,12.9729,15.5674,17.9785,5.1891,-2.5946,2.0,2.309764,0.995279,13,23,10,3,0E-8,0.20732523,,0E-8,0.000000,0.859279,0.000000,,2026-04-15,2026-05-21,7,26,23,37,0.189189,,,0.000000,,,,,,,,GLOBAL_BASELINE_NO_ENTITY_RANKING,,,NOT_APPLICABLE_GLOBAL_BASELINE,HF9g-P5,,,,X 全窗基线 · 不参与实体赏罚,6876101,688,A168_HF9F_20260827_0900,2026-08-27 09:00:00
2026-05-11,145839161,2252,0,25.9457215506,-0.6486430388,-0.6486430388,0.6666667,4,3,0.47412964666616530,0.425348066667,0.6678623684858902,0.8454282521818107,0.6678623684858902,0.04878157999916530,ELIGIBLE,R03b_20260811_FULL_v1,L1_ELIGIBILITY,v2026-08-11,2026-03-21..2026-08-06,baccarat_bet02_101_all_pairs_incl_sentinel,round_win = game_pnl > 0 (decisive only),COMPATIBILITY_ONLY_NOT_PRODUCTION,813.4320,698.9653,168.6450,105,104,-0.20732523,,-0.20732523,-0.20732523,-168.6450,813.4320,OK,0.0000,6.7458,4.0000,96.0000,AG03-UNRESOLVED,ALL5_LEVELS_bet23_to_bet27,6.7458,6.7458,6.7458,6.7458,6.7458,4.000000,4.000000,4.000000,4.000000,4.000000,96.000000,96.000000,96.000000,96.000000,96.000000,5.0,33.7290,31.1365,134.9160,137.5085,PENDING_AG03,FALSE,NOT_FOR_ENFORCEMENT,161.8992,671.0067,168.6450,161.8992,6.7458,0.20732523,0.19903222,6.7458,161.8992,0.19903222,6.7458,6.7458,6.7458,6.7458,6.7458,161.8992,0.19903222,33.7290,31.1365,134.9160,137.5085,0.16586018,0.16904733,0.00829301,7.7470,6.7208,1.6216,24.0921,6.4863,116.2046,14.8571,,7.7470,5.1891,7.7837,10.3783,12.9729,15.5674,17.9785,5.1891,-2.5946,2.0,2.309764,0.995279,13,23,10,3,0E-8,0.20732523,,0E-8,0.000000,0.859279,0.000000,,2026-04-15,2026-05-21,7,26,23,37,0.189189,,,0.000000,,,,,,,,GLOBAL_BASELINE_NO_ENTITY_RANKING,,,NOT_APPLICABLE_GLOBAL_BASELINE,HF9g-P5,,,,X 全窗基线 · 不参与实体赏罚,6876102,688,A168_HF9F_20260827_0900,2026-08-27 09:00:00
2026-05-11,145839161,2261,0,20.7565772404,0E-10,0E-10,0.5000000,2,2,0.49324550000000000,0.493245500000,0.01910635448239258,0.01910635448239258,0.01910635448239258,0E-17,ELIGIBLE,R03b_20260811_FULL_v1,L1_ELIGIBILITY,v2026-08-11,2026-03-21..2026-08-06,baccarat_bet02_101_all_pairs_incl_sentinel,round_win = game_pnl > 0 (decisive only),COMPATIBILITY_ONLY_NOT_PRODUCTION,813.4320,698.9653,168.6450,105,104,-0.20732523,,-0.20732523,-0.20732523,-168.6450,813.4320,OK,0.0000,6.7458,4.0000,96.0000,AG03-UNRESOLVED,ALL5_LEVELS_bet23_to_bet27,6.7458,6.7458,6.7458,6.7458,6.7458,4.000000,4.000000,4.000000,4.000000,4.000000,96.000000,96.000000,96.000000,96.000000,96.000000,5.0,33.7290,31.1365,134.9160,137.5085,PENDING_AG03,FALSE,NOT_FOR_ENFORCEMENT,161.8992,671.0067,168.6450,161.8992,6.7458,0.20732523,0.19903222,6.7458,161.8992,0.19903222,6.7458,6.7458,6.7458,6.7458,6.7458,161.8992,0.19903222,33.7290,31.1365,134.9160,137.5085,0.16586018,0.16904733,0.00829301,7.7470,6.7208,1.6216,24.0921,6.4863,116.2046,14.8571,,7.7470,5.1891,7.7837,10.3783,12.9729,15.5674,17.9785,5.1891,-2.5946,2.0,2.309764,0.995279,13,23,10,3,0E-8,0.20732523,,0E-8,0.000000,0.859279,0.000000,,2026-04-15,2026-05-21,7,26,23,37,0.189189,,,0.000000,,,,,,,,GLOBAL_BASELINE_NO_ENTITY_RANKING,,,NOT_APPLICABLE_GLOBAL_BASELINE,HF9g-P5,,,,X 全窗基线 · 不参与实体赏罚,6876103,688,A168_HF9F_20260827_0900,2026-08-27 09:00:00
2026-05-11,145839161,550,0,7.7837164652,-7.7837164652,-7.7837164652,0E-7,1,1,0.49324550000000000,0.493245500000,-0.9865810262130424,-0.9865810262130424,-0.9865810262130424,0E-17,ELIGIBLE,R03b_20260811_FULL_v1,L1_ELIGIBILITY,v2026-08-11,2026-03-21..2026-08-06,baccarat_bet02_101_all_pairs_incl_sentinel,round_win = game_pnl > 0 (decisive only),COMPATIBILITY_ONLY_NOT_PRODUCTION,813.4320,698.9653,168.6450,105,104,-0.20732523,,-0.20732523,-0.20732523,-168.6450,813.4320,OK,0.0000,6.7458,4.0000,96.0000,AG03-UNRESOLVED,ALL5_LEVELS_bet23_to_bet27,6.7458,6.7458,6.7458,6.7458,6.7458,4.000000,4.000000,4.000000,4.000000,4.000000,96.000000,96.000000,96.000000,96.000000,96.000000,5.0,33.7290,31.1365,134.9160,137.5085,PENDING_AG03,FALSE,NOT_FOR_ENFORCEMENT,161.8992,671.0067,168.6450,161.8992,6.7458,0.20732523,0.19903222,6.7458,161.8992,0.19903222,6.7458,6.7458,6.7458,6.7458,6.7458,161.8992,0.19903222,33.7290,31.1365,134.9160,137.5085,0.16586018,0.16904733,0.00829301,7.7470,6.7208,1.6216,24.0921,6.4863,116.2046,14.8571,,7.7470,5.1891,7.7837,10.3783,12.9729,15.5674,17.9785,5.1891,-2.5946,2.0,2.309764,0.995279,13,23,10,3,0E-8,0.20732523,,0E-8,0.000000,0.859279,0.000000,,2026-04-15,2026-05-21,7,26,23,37,0.189189,,,0.000000,,,,,,,,GLOBAL_BASELINE_NO_ENTITY_RANKING,,,NOT_APPLICABLE_GLOBAL_BASELINE,HF9g-P5,,,,X 全窗基线 · 不参与实体赏罚,6876104,688,A168_HF9F_20260827_0900,2026-08-27 09:00:00
2026-05-11,145839161,925,0,83.0263089619,-14.1404182451,-14.1404182451,0.3750000,11,11,0.50299473636363636,0.502994736364,-0.7240605558236006,-0.7240605558256609,-0.7240605558236006,-3.6364E-13,ELIGIBLE,R03b_20260811_FULL_v1,L1_ELIGIBILITY,v2026-08-11,2026-03-21..2026-08-06,baccarat_bet02_101_all_pairs_incl_sentinel,round_win = game_pnl > 0 (decisive only),COMPATIBILITY_ONLY_NOT_PRODUCTION,813.4320,698.9653,168.6450,105,104,-0.20732523,,-0.20732523,-0.20732523,-168.6450,813.4320,OK,0.0000,6.7458,4.0000,96.0000,AG03-UNRESOLVED,ALL5_LEVELS_bet23_to_bet27,6.7458,6.7458,6.7458,6.7458,6.7458,4.000000,4.000000,4.000000,4.000000,4.000000,96.000000,96.000000,96.000000,96.000000,96.000000,5.0,33.7290,31.1365,134.9160,137.5085,PENDING_AG03,FALSE,NOT_FOR_ENFORCEMENT,161.8992,671.0067,168.6450,161.8992,6.7458,0.20732523,0.19903222,6.7458,161.8992,0.19903222,6.7458,6.7458,6.7458,6.7458,6.7458,161.8992,0.19903222,33.7290,31.1365,134.9160,137.5085,0.16586018,0.16904733,0.00829301,7.7470,6.7208,1.6216,24.0921,6.4863,116.2046,14.8571,,7.7470,5.1891,7.7837,10.3783,12.9729,15.5674,17.9785,5.1891,-2.5946,2.0,2.309764,0.995279,13,23,10,3,0E-8,0.20732523,,0E-8,0.000000,0.859279,0.000000,,2026-04-15,2026-05-21,7,26,23,37,0.189189,,,0.000000,,,,,,,,GLOBAL_BASELINE_NO_ENTITY_RANKING,,,NOT_APPLICABLE_GLOBAL_BASELINE,HF9g-P5,,,,X 全窗基线 · 不参与实体赏罚,6876105,688,A168_HF9F_20260827_0900,2026-08-27 09:00:00
2026-05-14,145839161,1331,0,21.2754916714,-10.6377458357,-10.6377458357,0E-7,2,2,0.49324550000000000,0.493245500000,-0.9865810262130424,-0.9865810262130424,-0.9865810262130424,0E-17,ELIGIBLE,R03b_20260811_FULL_v1,L1_ELIGIBILITY,v2026-08-11,2026-03-21..2026-08-06,baccarat_bet02_101_all_pairs_incl_sentinel,round_win = game_pnl > 0 (decisive only),COMPATIBILITY_ONLY_NOT_PRODUCTION,813.4320,698.9653,168.6450,105,104,-0.20732523,,-0.20732523,-0.20732523,-168.6450,813.4320,OK,0.0000,6.7458,4.0000,96.0000,AG03-UNRESOLVED,ALL5_LEVELS_bet23_to_bet27,6.7458,6.7458,6.7458,6.7458,6.7458,4.000000,4.000000,4.000000,4.000000,4.000000,96.000000,96.000000,96.000000,96.000000,96.000000,5.0,33.7290,31.1365,134.9160,137.5085,PENDING_AG03,FALSE,NOT_FOR_ENFORCEMENT,161.8992,671.0067,168.6450,161.8992,6.7458,0.20732523,0.19903222,6.7458,161.8992,0.19903222,6.7458,6.7458,6.7458,6.7458,6.7458,161.8992,0.19903222,33.7290,31.1365,134.9160,137.5085,0.16586018,0.16904733,0.00829301,7.7470,6.7208,1.6216,24.0921,6.4863,116.2046,14.8571,,7.7470,5.1891,7.7837,10.3783,12.9729,15.5674,17.9785,5.1891,-2.5946,2.0,2.309764,0.995279,13,23,10,3,0E-8,0.20732523,,0E-8,0.000000,0.859279,0.000000,,2026-04-15,2026-05-21,7,26,23,37,0.189189,,,0.000000,,,,,,,,GLOBAL_BASELINE_NO_ENTITY_RANKING,,,NOT_APPLICABLE_GLOBAL_BASELINE,HF9g-P5,,,,X 全窗基线 · 不参与实体赏罚,6876106,688,A168_HF9F_20260827_0900,2026-08-27 09:00:00
2026-05-17,145839161,1210,0,5.1891443101,-5.1891443101,-5.1891443101,0E-7,1,1,0.50665070000000000,0.506650700000,-1.013391052207602,-1.013391052207602,-1.013391052207602,0E-17,ELIGIBLE,R03b_20260811_FULL_v1,L1_ELIGIBILITY,v2026-08-11,2026-03-21..2026-08-06,baccarat_bet02_101_all_pairs_incl_sentinel,round_win = game_pnl > 0 (decisive only),COMPATIBILITY_ONLY_NOT_PRODUCTION,813.4320,698.9653,168.6450,105,104,-0.20732523,,-0.20732523,-0.20732523,-168.6450,813.4320,OK,0.0000,6.7458,4.0000,96.0000,AG03-UNRESOLVED,ALL5_LEVELS_bet23_to_bet27,6.7458,6.7458,6.7458,6.7458,6.7458,4.000000,4.000000,4.000000,4.000000,4.000000,96.000000,96.000000,96.000000,96.000000,96.000000,5.0,33.7290,31.1365,134.9160,137.5085,PENDING_AG03,FALSE,NOT_FOR_ENFORCEMENT,161.8992,671.0067,168.6450,161.8992,6.7458,0.20732523,0.19903222,6.7458,161.8992,0.19903222,6.7458,6.7458,6.7458,6.7458,6.7458,161.8992,0.19903222,33.7290,31.1365,134.9160,137.5085,0.16586018,0.16904733,0.00829301,7.7470,6.7208,1.6216,24.0921,6.4863,116.2046,14.8571,,7.7470,5.1891,7.7837,10.3783,12.9729,15.5674,17.9785,5.1891,-2.5946,2.0,2.309764,0.995279,13,23,10,3,0E-8,0.20732523,,0E-8,0.000000,0.859279,0.000000,,2026-04-15,2026-05-21,7,26,23,37,0.189189,,,0.000000,,,,,,,,GLOBAL_BASELINE_NO_ENTITY_RANKING,,,NOT_APPLICABLE_GLOBAL_BASELINE,HF9g-P5,,,,X 全窗基线 · 不参与实体赏罚,6876107,688,A168_HF9F_20260827_0900,2026-08-27 09:00:00
2026-05-17,145839161,2145,0,36.3240101707,15.5674329303,15.5674329303,0.7500000,4,4,0.49324550000000000,0.493245500000,1.0271117246678039,1.0271117246678039,1.0271117246678039,0E-17,ELIGIBLE,R03b_20260811_FULL_v1,L1_ELIGIBILITY,v2026-08-11,2026-03-21..2026-08-06,baccarat_bet02_101_all_pairs_incl_sentinel,round_win = game_pnl > 0 (decisive only),COMPATIBILITY_ONLY_NOT_PRODUCTION,813.4320,698.9653,168.6450,105,104,-0.20732523,,-0.20732523,-0.20732523,-168.6450,813.4320,OK,0.0000,6.7458,4.0000,96.0000,AG03-UNRESOLVED,ALL5_LEVELS_bet23_to_bet27,6.7458,6.7458,6.7458,6.7458,6.7458,4.000000,4.000000,4.000000,4.000000,4.000000,96.000000,96.000000,96.000000,96.000000,96.000000,5.0,33.7290,31.1365,134.9160,137.5085,PENDING_AG03,FALSE,NOT_FOR_ENFORCEMENT,161.8992,671.0067,168.6450,161.8992,6.7458,0.20732523,0.19903222,6.7458,161.8992,0.19903222,6.7458,6.7458,6.7458,6.7458,6.7458,161.8992,0.19903222,33.7290,31.1365,134.9160,137.5085,0.16586018,0.16904733,0.00829301,7.7470,6.7208,1.6216,24.0921,6.4863,116.2046,14.8571,,7.7470,5.1891,7.7837,10.3783,12.9729,15.5674,17.9785,5.1891,-2.5946,2.0,2.309764,0.995279,13,23,10,3,0E-8,0.20732523,,0E-8,0.000000,0.859279,0.000000,,2026-04-15,2026-05-21,7,26,23,37,0.189189,,,0.000000,,,,,,,,GLOBAL_BASELINE_NO_ENTITY_RANKING,,,NOT_APPLICABLE_GLOBAL_BASELINE,HF9g-P5,,,,X 全窗基线 · 不参与实体赏罚,6876108,688,A168_HF9F_20260827_0900,2026-08-27 09:00:00
2026-05-17,145839161,986,0,114.4206320377,-63.8264750142,-63.8264750142,0.2500000,12,12,0.49994810000000000,0.499948100000,-1.7316912431502278,-1.7316912431502278,-1.7316912431502278,0E-17,ELIGIBLE,R03b_20260811_FULL_v1,L1_ELIGIBILITY,v2026-08-11,2026-03-21..2026-08-06,baccarat_bet02_101_all_pairs_incl_sentinel,round_win = game_pnl > 0 (decisive only),COMPATIBILITY_ONLY_NOT_PRODUCTION,813.4320,698.9653,168.6450,105,104,-0.20732523,,-0.20732523,-0.20732523,-168.6450,813.4320,OK,0.0000,6.7458,4.0000,96.0000,AG03-UNRESOLVED,ALL5_LEVELS_bet23_to_bet27,6.7458,6.7458,6.7458,6.7458,6.7458,4.000000,4.000000,4.000000,4.000000,4.000000,96.000000,96.000000,96.000000,96.000000,96.000000,5.0,33.7290,31.1365,134.9160,137.5085,PENDING_AG03,FALSE,NOT_FOR_ENFORCEMENT,161.8992,671.0067,168.6450,161.8992,6.7458,0.20732523,0.19903222,6.7458,161.8992,0.19903222,6.7458,6.7458,6.7458,6.7458,6.7458,161.8992,0.19903222,33.7290,31.1365,134.9160,137.5085,0.16586018,0.16904733,0.00829301,7.7470,6.7208,1.6216,24.0921,6.4863,116.2046,14.8571,,7.7470,5.1891,7.7837,10.3783,12.9729,15.5674,17.9785,5.1891,-2.5946,2.0,2.309764,0.995279,13,23,10,3,0E-8,0.20732523,,0E-8,0.000000,0.859279,0.000000,,2026-04-15,2026-05-21,7,26,23,37,0.189189,,,0.000000,,,,,,,,GLOBAL_BASELINE_NO_ENTITY_RANKING,,,NOT_APPLICABLE_GLOBAL_BASELINE,HF9g-P5,,,,X 全窗基线 · 不参与实体赏罚,6876109,688,A168_HF9F_20260827_0900,2026-08-27 09:00:00
2026-05-21,145839161,-1,1,10.3782886202,-10.3782886202,-10.3782886202,0E-7,1,1,0.49324550000000000,0.493245500000,-0.9865810262130424,-0.9865810262130424,-0.9865810262130424,0E-17,SENTINEL_DEALER,R03b_20260811_FULL_v1,L1_ELIGIBILITY,v2026-08-11,2026-03-21..2026-08-06,baccarat_bet02_101_all_pairs_incl_sentinel,round_win = game_pnl > 0 (decisive only),COMPATIBILITY_ONLY_NOT_PRODUCTION,813.4320,698.9653,168.6450,105,104,-0.20732523,,-0.20732523,-0.20732523,-168.6450,813.4320,OK,0.0000,6.7458,4.0000,96.0000,AG03-UNRESOLVED,ALL5_LEVELS_bet23_to_bet27,6.7458,6.7458,6.7458,6.7458,6.7458,4.000000,4.000000,4.000000,4.000000,4.000000,96.000000,96.000000,96.000000,96.000000,96.000000,5.0,33.7290,31.1365,134.9160,137.5085,PENDING_AG03,FALSE,NOT_FOR_ENFORCEMENT,161.8992,671.0067,168.6450,161.8992,6.7458,0.20732523,0.19903222,6.7458,161.8992,0.19903222,6.7458,6.7458,6.7458,6.7458,6.7458,161.8992,0.19903222,33.7290,31.1365,134.9160,137.5085,0.16586018,0.16904733,0.00829301,7.7470,6.7208,1.6216,24.0921,6.4863,116.2046,14.8571,,7.7470,5.1891,7.7837,10.3783,12.9729,15.5674,17.9785,5.1891,-2.5946,2.0,2.309764,0.995279,13,23,10,3,0E-8,0.20732523,,0E-8,0.000000,0.859279,0.000000,,2026-04-15,2026-05-21,7,26,23,37,0.189189,,,0.000000,,,,,,,,GLOBAL_BASELINE_NO_ENTITY_RANKING,,,NOT_APPLICABLE_GLOBAL_BASELINE,HF9g-P5,,,,X 全窗基线 · 不参与实体赏罚,6876110,688,A168_HF9F_20260827_0900,2026-08-27 09:00:00
2026-05-21,145839161,2177,0,5.1891443101,-5.1891443101,-5.1891443101,0E-7,1,1,0.49324550000000000,0.493245500000,-0.9865810262130424,-0.9865810262130424,-0.9865810262130424,0E-17,ELIGIBLE,R03b_20260811_FULL_v1,L1_ELIGIBILITY,v2026-08-11,2026-03-21..2026-08-06,baccarat_bet02_101_all_pairs_incl_sentinel,round_win = game_pnl > 0 (decisive only),COMPATIBILITY_ONLY_NOT_PRODUCTION,813.4320,698.9653,168.6450,105,104,-0.20732523,,-0.20732523,-0.20732523,-168.6450,813.4320,OK,0.0000,6.7458,4.0000,96.0000,AG03-UNRESOLVED,ALL5_LEVELS_bet23_to_bet27,6.7458,6.7458,6.7458,6.7458,6.7458,4.000000,4.000000,4.000000,4.000000,4.000000,96.000000,96.000000,96.000000,96.000000,96.000000,5.0,33.7290,31.1365,134.9160,137.5085,PENDING_AG03,FALSE,NOT_FOR_ENFORCEMENT,161.8992,671.0067,168.6450,161.8992,6.7458,0.20732523,0.19903222,6.7458,161.8992,0.19903222,6.7458,6.7458,6.7458,6.7458,6.7458,161.8992,0.19903222,33.7290,31.1365,134.9160,137.5085,0.16586018,0.16904733,0.00829301,7.7470,6.7208,1.6216,24.0921,6.4863,116.2046,14.8571,,7.7470,5.1891,7.7837,10.3783,12.9729,15.5674,17.9785,5.1891,-2.5946,2.0,2.309764,0.995279,13,23,10,3,0E-8,0.20732523,,0E-8,0.000000,0.859279,0.000000,,2026-04-15,2026-05-21,7,26,23,37,0.189189,,,0.000000,,,,,,,,GLOBAL_BASELINE_NO_ENTITY_RANKING,,,NOT_APPLICABLE_GLOBAL_BASELINE,HF9g-P5,,,,X 全窗基线 · 不参与实体赏罚,6876111,688,A168_HF9F_20260827_0900,2026-08-27 09:00:00
2026-05-21,145839161,471,0,10.3782886202,0E-10,0E-10,,1,1,0.49324550000000000,0.493245500000,,,,0E-17,NO_DECISIVE_ROUND,R03b_20260811_FULL_v1,L1_ELIGIBILITY,v2026-08-11,2026-03-21..2026-08-06,baccarat_bet02_101_all_pairs_incl_sentinel,round_win = game_pnl > 0 (decisive only),COMPATIBILITY_ONLY_NOT_PRODUCTION,813.4320,698.9653,168.6450,105,104,-0.20732523,,-0.20732523,-0.20732523,-168.6450,813.4320,OK,0.0000,6.7458,4.0000,96.0000,AG03-UNRESOLVED,ALL5_LEVELS_bet23_to_bet27,6.7458,6.7458,6.7458,6.7458,6.7458,4.000000,4.000000,4.000000,4.000000,4.000000,96.000000,96.000000,96.000000,96.000000,96.000000,5.0,33.7290,31.1365,134.9160,137.5085,PENDING_AG03,FALSE,NOT_FOR_ENFORCEMENT,161.8992,671.0067,168.6450,161.8992,6.7458,0.20732523,0.19903222,6.7458,161.8992,0.19903222,6.7458,6.7458,6.7458,6.7458,6.7458,161.8992,0.19903222,33.7290,31.1365,134.9160,137.5085,0.16586018,0.16904733,0.00829301,7.7470,6.7208,1.6216,24.0921,6.4863,116.2046,14.8571,,7.7470,5.1891,7.7837,10.3783,12.9729,15.5674,17.9785,5.1891,-2.5946,2.0,2.309764,0.995279,13,23,10,3,0E-8,0.20732523,,0E-8,0.000000,0.859279,0.000000,,2026-04-15,2026-05-21,7,26,23,37,0.189189,,,0.000000,,,,,,,,GLOBAL_BASELINE_NO_ENTITY_RANKING,,,NOT_APPLICABLE_GLOBAL_BASELINE,HF9g-P5,,,,X 全窗基线 · 不参与实体赏罚,6876112,688,A168_HF9F_20260827_0900,2026-08-27 09:00:00
2026-05-21,145839161,595,0,5.1891443101,-5.1891443101,-5.1891443101,0E-7,1,1,0.50665070000000000,0.506650700000,-1.013391052207602,-1.013391052207602,-1.013391052207602,0E-17,ELIGIBLE,R03b_20260811_FULL_v1,L1_ELIGIBILITY,v2026-08-11,2026-03-21..2026-08-06,baccarat_bet02_101_all_pairs_incl_sentinel,round_win = game_pnl > 0 (decisive only),COMPATIBILITY_ONLY_NOT_PRODUCTION,813.4320,698.9653,168.6450,105,104,-0.20732523,,-0.20732523,-0.20732523,-168.6450,813.4320,OK,0.0000,6.7458,4.0000,96.0000,AG03-UNRESOLVED,ALL5_LEVELS_bet23_to_bet27,6.7458,6.7458,6.7458,6.7458,6.7458,4.000000,4.000000,4.000000,4.000000,4.000000,96.000000,96.000000,96.000000,96.000000,96.000000,5.0,33.7290,31.1365,134.9160,137.5085,PENDING_AG03,FALSE,NOT_FOR_ENFORCEMENT,161.8992,671.0067,168.6450,161.8992,6.7458,0.20732523,0.19903222,6.7458,161.8992,0.19903222,6.7458,6.7458,6.7458,6.7458,6.7458,161.8992,0.19903222,33.7290,31.1365,134.9160,137.5085,0.16586018,0.16904733,0.00829301,7.7470,6.7208,1.6216,24.0921,6.4863,116.2046,14.8571,,7.7470,5.1891,7.7837,10.3783,12.9729,15.5674,17.9785,5.1891,-2.5946,2.0,2.309764,0.995279,13,23,10,3,0E-8,0.20732523,,0E-8,0.000000,0.859279,0.000000,,2026-04-15,2026-05-21,7,26,23,37,0.189189,,,0.000000,,,,,,,,GLOBAL_BASELINE_NO_ENTITY_RANKING,,,NOT_APPLICABLE_GLOBAL_BASELINE,HF9g-P5,,,,X 全窗基线 · 不参与实体赏罚,6876113,688,A168_HF9F_20260827_0900,2026-08-27 09:00:00
2026-05-06,149621388,1017,0,259.4570472102,-6.4864261803,-6.4864261803,0E-7,2,1,0.49994810000000000,0.499948100000,-0.9998962053866608,-0.9998962053866608,-0.9998962053866608,0E-17,ELIGIBLE,R03b_20260811_FULL_v1,L1_ELIGIBILITY,v2026-08-11,2026-03-21..2026-08-06,baccarat_bet02_101_all_pairs_incl_sentinel,round_win = game_pnl > 0 (decisive only),COMPATIBILITY_ONLY_NOT_PRODUCTION,9677.7479,51.8914,168.6471,76,39,-0.01742627,,-0.01742627,-0.01742627,-168.6471,9677.7479,OK,0.0000,6.7459,4.0000,96.0000,AG03-UNRESOLVED,ALL5_LEVELS_bet23_to_bet27,6.7459,6.7459,8.4324,10.1188,10.1188,4.000000,4.000000,5.000000,6.000000,6.000000,96.000000,96.000000,95.000000,94.000000,94.000000,5.0,42.1618,38.1801,126.4853,130.467,PENDING_AG03,FALSE,NOT_FOR_ENFORCEMENT,161.9012,49.8158,168.6471,161.9012,6.7459,0.01742627,0.01672922,6.7459,161.9012,0.01672922,6.7459,6.7459,8.4324,10.1188,10.1188,161.9012,0.01672922,42.1618,38.1801,126.4853,130.467,0.01306971,0.01348113,0.00069705,127.3388,1.3305,4.3243,168.6471,28.1078,9677.7479,39.0000,,127.3388,129.7285,129.7285,129.7285,129.7285,129.7285,129.7285,0.0,0.0,1.0,1.0,0.981579,6,10,1,2,0E-8,0.01742627,,0E-8,0.000000,0.005362,0.000000,,2026-05-06,2026-05-06,1,6,6,1,1.000000,,,0.000000,,,,,,,,GLOBAL_BASELINE_NO_ENTITY_RANKING,,,NOT_APPLICABLE_GLOBAL_BASELINE,HF9g-P5,,,,X 全窗基线 · 不参与实体赏罚,6876114,688,A168_HF9F_20260827_0900,2026-08-27 09:00:00
2026-05-06,149621388,1109,0,1037.8281888408,-6.4864261803,-6.4864261803,0E-7,8,4,0.49994810000000000,0.499948100000,-0.9998962053866608,-0.9998962053866608,-0.9998962053866608,0E-17,ELIGIBLE,R03b_20260811_FULL_v1,L1_ELIGIBILITY,v2026-08-11,2026-03-21..2026-08-06,baccarat_bet02_101_all_pairs_incl_sentinel,round_win = game_pnl > 0 (decisive only),COMPATIBILITY_ONLY_NOT_PRODUCTION,9677.7479,51.8914,168.6471,76,39,-0.01742627,,-0.01742627,-0.01742627,-168.6471,9677.7479,OK,0.0000,6.7459,4.0000,96.0000,AG03-UNRESOLVED,ALL5_LEVELS_bet23_to_bet27,6.7459,6.7459,8.4324,10.1188,10.1188,4.000000,4.000000,5.000000,6.000000,6.000000,96.000000,96.000000,95.000000,94.000000,94.000000,5.0,42.1618,38.1801,126.4853,130.467,PENDING_AG03,FALSE,NOT_FOR_ENFORCEMENT,161.9012,49.8158,168.6471,161.9012,6.7459,0.01742627,0.01672922,6.7459,161.9012,0.01672922,6.7459,6.7459,8.4324,10.1188,10.1188,161.9012,0.01672922,42.1618,38.1801,126.4853,130.467,0.01306971,0.01348113,0.00069705,127.3388,1.3305,4.3243,168.6471,28.1078,9677.7479,39.0000,,127.3388,129.7285,129.7285,129.7285,129.7285,129.7285,129.7285,0.0,0.0,1.0,1.0,0.981579,6,10,1,2,0E-8,0.01742627,,0E-8,0.000000,0.005362,0.000000,,2026-05-06,2026-05-06,1,6,6,1,1.000000,,,0.000000,,,,,,,,GLOBAL_BASELINE_NO_ENTITY_RANKING,,,NOT_APPLICABLE_GLOBAL_BASELINE,HF9g-P5,,,,X 全窗基线 · 不参与实体赏罚,6876115,688,A168_HF9F_20260827_0900,2026-08-27 09:00:00
2026-05-06,149621388,1151,0,51.8914094420,-51.8914094420,-51.8914094420,0E-7,1,1,0.49324550000000000,0.493245500000,-0.9865810262130424,-0.9865810262130424,-0.9865810262130424,0E-17,ELIGIBLE,R03b_20260811_FULL_v1,L1_ELIGIBILITY,v2026-08-11,2026-03-21..2026-08-06,baccarat_bet02_101_all_pairs_incl_sentinel,round_win = game_pnl > 0 (decisive only),COMPATIBILITY_ONLY_NOT_PRODUCTION,9677.7479,51.8914,168.6471,76,39,-0.01742627,,-0.01742627,-0.01742627,-168.6471,9677.7479,OK,0.0000,6.7459,4.0000,96.0000,AG03-UNRESOLVED,ALL5_LEVELS_bet23_to_bet27,6.7459,6.7459,8.4324,10.1188,10.1188,4.000000,4.000000,5.000000,6.000000,6.000000,96.000000,96.000000,95.000000,94.000000,94.000000,5.0,42.1618,38.1801,126.4853,130.467,PENDING_AG03,FALSE,NOT_FOR_ENFORCEMENT,161.9012,49.8158,168.6471,161.9012,6.7459,0.01742627,0.01672922,6.7459,161.9012,0.01672922,6.7459,6.7459,8.4324,10.1188,10.1188,161.9012,0.01672922,42.1618,38.1801,126.4853,130.467,0.01306971,0.01348113,0.00069705,127.3388,1.3305,4.3243,168.6471,28.1078,9677.7479,39.0000,,127.3388,129.7285,129.7285,129.7285,129.7285,129.7285,129.7285,0.0,0.0,1.0,1.0,0.981579,6,10,1,2,0E-8,0.01742627,,0E-8,0.000000,0.005362,0.000000,,2026-05-06,2026-05-06,1,6,6,1,1.000000,,,0.000000,,,,,,,,GLOBAL_BASELINE_NO_ENTITY_RANKING,,,NOT_APPLICABLE_GLOBAL_BASELINE,HF9g-P5,,,,X 全窗基线 · 不参与实体赏罚,6876116,688,A168_HF9F_20260827_0900,2026-08-27 09:00:00
2026-05-06,149621388,1330,0,1297.2852360510,-12.9728523606,-12.9728523606,0E-7,10,5,0.49994810000000000,0.499948100000,-1.4140667746232096,-1.4140667746232096,-1.4140667746232096,0E-17,ELIGIBLE,R03b_20260811_FULL_v1,L1_ELIGIBILITY,v2026-08-11,2026-03-21..2026-08-06,baccarat_bet02_101_all_pairs_incl_sentinel,round_win = game_pnl > 0 (decisive only),COMPATIBILITY_ONLY_NOT_PRODUCTION,9677.7479,51.8914,168.6471,76,39,-0.01742627,,-0.01742627,-0.01742627,-168.6471,9677.7479,OK,0.0000,6.7459,4.0000,96.0000,AG03-UNRESOLVED,ALL5_LEVELS_bet23_to_bet27,6.7459,6.7459,8.4324,10.1188,10.1188,4.000000,4.000000,5.000000,6.000000,6.000000,96.000000,96.000000,95.000000,94.000000,94.000000,5.0,42.1618,38.1801,126.4853,130.467,PENDING_AG03,FALSE,NOT_FOR_ENFORCEMENT,161.9012,49.8158,168.6471,161.9012,6.7459,0.01742627,0.01672922,6.7459,161.9012,0.01672922,6.7459,6.7459,8.4324,10.1188,10.1188,161.9012,0.01672922,42.1618,38.1801,126.4853,130.467,0.01306971,0.01348113,0.00069705,127.3388,1.3305,4.3243,168.6471,28.1078,9677.7479,39.0000,,127.3388,129.7285,129.7285,129.7285,129.7285,129.7285,129.7285,0.0,0.0,1.0,1.0,0.981579,6,10,1,2,0E-8,0.01742627,,0E-8,0.000000,0.005362,0.000000,,2026-05-06,2026-05-06,1,6,6,1,1.000000,,,0.000000,,,,,,,,GLOBAL_BASELINE_NO_ENTITY_RANKING,,,NOT_APPLICABLE_GLOBAL_BASELINE,HF9g-P5,,,,X 全窗基线 · 不参与实体赏罚,6876117,688,A168_HF9F_20260827_0900,2026-08-27 09:00:00
2026-05-06,149621388,1401,0,518.9140944204,-12.9728523606,-12.9728523606,0E-7,4,2,0.49994810000000000,0.499948100000,-1.4140667746232096,-1.4140667746232096,-1.4140667746232096,0E-17,ELIGIBLE,R03b_20260811_FULL_v1,L1_ELIGIBILITY,v2026-08-11,2026-03-21..2026-08-06,baccarat_bet02_101_all_pairs_incl_sentinel,round_win = game_pnl > 0 (decisive only),COMPATIBILITY_ONLY_NOT_PRODUCTION,9677.7479,51.8914,168.6471,76,39,-0.01742627,,-0.01742627,-0.01742627,-168.6471,9677.7479,OK,0.0000,6.7459,4.0000,96.0000,AG03-UNRESOLVED,ALL5_LEVELS_bet23_to_bet27,6.7459,6.7459,8.4324,10.1188,10.1188,4.000000,4.000000,5.000000,6.000000,6.000000,96.000000,96.000000,95.000000,94.000000,94.000000,5.0,42.1618,38.1801,126.4853,130.467,PENDING_AG03,FALSE,NOT_FOR_ENFORCEMENT,161.9012,49.8158,168.6471,161.9012,6.7459,0.01742627,0.01672922,6.7459,161.9012,0.01672922,6.7459,6.7459,8.4324,10.1188,10.1188,161.9012,0.01672922,42.1618,38.1801,126.4853,130.467,0.01306971,0.01348113,0.00069705,127.3388,1.3305,4.3243,168.6471,28.1078,9677.7479,39.0000,,127.3388,129.7285,129.7285,129.7285,129.7285,129.7285,129.7285,0.0,0.0,1.0,1.0,0.981579,6,10,1,2,0E-8,0.01742627,,0E-8,0.000000,0.005362,0.000000,,2026-05-06,2026-05-06,1,6,6,1,1.000000,,,0.000000,,,,,,,,GLOBAL_BASELINE_NO_ENTITY_RANKING,,,NOT_APPLICABLE_GLOBAL_BASELINE,HF9g-P5,,,,X 全窗基线 · 不参与实体赏罚,6876118,688,A168_HF9F_20260827_0900,2026-08-27 09:00:00
2026-05-06,149621388,1994,0,1323.2309407720,-25.9457047212,-25.9457047212,0E-7,11,6,0.50106520000000000,0.501065200000,-2.0042653482886843,-2.0042653482886843,-2.0042653482886843,0E-17,ELIGIBLE,R03b_20260811_FULL_v1,L1_ELIGIBILITY,v2026-08-11,2026-03-21..2026-08-06,baccarat_bet02_101_all_pairs_incl_sentinel,round_win = game_pnl > 0 (decisive only),COMPATIBILITY_ONLY_NOT_PRODUCTION,9677.7479,51.8914,168.6471,76,39,-0.01742627,,-0.01742627,-0.01742627,-168.6471,9677.7479,OK,0.0000,6.7459,4.0000,96.0000,AG03-UNRESOLVED,ALL5_LEVELS_bet23_to_bet27,6.7459,6.7459,8.4324,10.1188,10.1188,4.000000,4.000000,5.000000,6.000000,6.000000,96.000000,96.000000,95.000000,94.000000,94.000000,5.0,42.1618,38.1801,126.4853,130.467,PENDING_AG03,FALSE,NOT_FOR_ENFORCEMENT,161.9012,49.8158,168.6471,161.9012,6.7459,0.01742627,0.01672922,6.7459,161.9012,0.01672922,6.7459,6.7459,8.4324,10.1188,10.1188,161.9012,0.01672922,42.1618,38.1801,126.4853,130.467,0.01306971,0.01348113,0.00069705,127.3388,1.3305,4.3243,168.6471,28.1078,9677.7479,39.0000,,127.3388,129.7285,129.7285,129.7285,129.7285,129.7285,129.7285,0.0,0.0,1.0,1.0,0.981579,6,10,1,2,0E-8,0.01742627,,0E-8,0.000000,0.005362,0.000000,,2026-05-06,2026-05-06,1,6,6,1,1.000000,,,0.000000,,,,,,,,GLOBAL_BASELINE_NO_ENTITY_RANKING,,,NOT_APPLICABLE_GLOBAL_BASELINE,HF9g-P5,,,,X 全窗基线 · 不参与实体赏罚,6876119,688,A168_HF9F_20260827_0900,2026-08-27 09:00:00
2026-05-06,149621388,2093,0,778.3711416306,-12.9728523606,-12.9728523606,0E-7,6,3,0.49994810000000000,0.499948100000,-1.4140667746232096,-1.4140667746232096,-1.4140667746232096,0E-17,ELIGIBLE,R03b_20260811_FULL_v1,L1_ELIGIBILITY,v2026-08-11,2026-03-21..2026-08-06,baccarat_bet02_101_all_pairs_incl_sentinel,round_win = game_pnl > 0 (decisive only),COMPATIBILITY_ONLY_NOT_PRODUCTION,9677.7479,51.8914,168.6471,76,39,-0.01742627,,-0.01742627,-0.01742627,-168.6471,9677.7479,OK,0.0000,6.7459,4.0000,96.0000,AG03-UNRESOLVED,ALL5_LEVELS_bet23_to_bet27,6.7459,6.7459,8.4324,10.1188,10.1188,4.000000,4.000000,5.000000,6.000000,6.000000,96.000000,96.000000,95.000000,94.000000,94.000000,5.0,42.1618,38.1801,126.4853,130.467,PENDING_AG03,FALSE,NOT_FOR_ENFORCEMENT,161.9012,49.8158,168.6471,161.9012,6.7459,0.01742627,0.01672922,6.7459,161.9012,0.01672922,6.7459,6.7459,8.4324,10.1188,10.1188,161.9012,0.01672922,42.1618,38.1801,126.4853,130.467,0.01306971,0.01348113,0.00069705,127.3388,1.3305,4.3243,168.6471,28.1078,9677.7479,39.0000,,127.3388,129.7285,129.7285,129.7285,129.7285,129.7285,129.7285,0.0,0.0,1.0,1.0,0.981579,6,10,1,2,0E-8,0.01742627,,0E-8,0.000000,0.005362,0.000000,,2026-05-06,2026-05-06,1,6,6,1,1.000000,,,0.000000,,,,,,,,GLOBAL_BASELINE_NO_ENTITY_RANKING,,,NOT_APPLICABLE_GLOBAL_BASELINE,HF9g-P5,,,,X 全窗基线 · 不参与实体赏罚,6876120,688,A168_HF9F_20260827_0900,2026-08-27 09:00:00
2026-05-06,149621388,2171,0,1037.8281888408,-19.4592785409,-19.4592785409,0E-7,8,4,0.49994810000000000,0.499948100000,-1.7318710300250217,-1.7318710300250217,-1.7318710300250217,0E-17,ELIGIBLE,R03b_20260811_FULL_v1,L1_ELIGIBILITY,v2026-08-11,2026-03-21..2026-08-06,baccarat_bet02_101_all_pairs_incl_sentinel,round_win = game_pnl > 0 (decisive only),COMPATIBILITY_ONLY_NOT_PRODUCTION,9677.7479,51.8914,168.6471,76,39,-0.01742627,,-0.01742627,-0.01742627,-168.6471,9677.7479,OK,0.0000,6.7459,4.0000,96.0000,AG03-UNRESOLVED,ALL5_LEVELS_bet23_to_bet27,6.7459,6.7459,8.4324,10.1188,10.1188,4.000000,4.000000,5.000000,6.000000,6.000000,96.000000,96.000000,95.000000,94.000000,94.000000,5.0,42.1618,38.1801,126.4853,130.467,PENDING_AG03,FALSE,NOT_FOR_ENFORCEMENT,161.9012,49.8158,168.6471,161.9012,6.7459,0.01742627,0.01672922,6.7459,161.9012,0.01672922,6.7459,6.7459,8.4324,10.1188,10.1188,161.9012,0.01672922,42.1618,38.1801,126.4853,130.467,0.01306971,0.01348113,0.00069705,127.3388,1.3305,4.3243,168.6471,28.1078,9677.7479,39.0000,,127.3388,129.7285,129.7285,129.7285,129.7285,129.7285,129.7285,0.0,0.0,1.0,1.0,0.981579,6,10,1,2,0E-8,0.01742627,,0E-8,0.000000,0.005362,0.000000,,2026-05-06,2026-05-06,1,6,6,1,1.000000,,,0.000000,,,,,,,,GLOBAL_BASELINE_NO_ENTITY_RANKING,,,NOT_APPLICABLE_GLOBAL_BASELINE,HF9g-P5,,,,X 全窗基线 · 不参与实体赏罚,6876121,688,A168_HF9F_20260827_0900,2026-08-27 09:00:00
2026-05-06,149621388,2202,0,1556.7422832612,-12.9728523606,-12.9728523606,0E-7,12,6,0.49994810000000000,0.499948100000,-1.4140667746232096,-1.4140667746232096,-1.4140667746232096,0E-17,ELIGIBLE,R03b_20260811_FULL_v1,L1_ELIGIBILITY,v2026-08-11,2026-03-21..2026-08-06,baccarat_bet02_101_all_pairs_incl_sentinel,round_win = game_pnl > 0 (decisive only),COMPATIBILITY_ONLY_NOT_PRODUCTION,9677.7479,51.8914,168.6471,76,39,-0.01742627,,-0.01742627,-0.01742627,-168.6471,9677.7479,OK,0.0000,6.7459,4.0000,96.0000,AG03-UNRESOLVED,ALL5_LEVELS_bet23_to_bet27,6.7459,6.7459,8.4324,10.1188,10.1188,4.000000,4.000000,5.000000,6.000000,6.000000,96.000000,96.000000,95.000000,94.000000,94.000000,5.0,42.1618,38.1801,126.4853,130.467,PENDING_AG03,FALSE,NOT_FOR_ENFORCEMENT,161.9012,49.8158,168.6471,161.9012,6.7459,0.01742627,0.01672922,6.7459,161.9012,0.01672922,6.7459,6.7459,8.4324,10.1188,10.1188,161.9012,0.01672922,42.1618,38.1801,126.4853,130.467,0.01306971,0.01348113,0.00069705,127.3388,1.3305,4.3243,168.6471,28.1078,9677.7479,39.0000,,127.3388,129.7285,129.7285,129.7285,129.7285,129.7285,129.7285,0.0,0.0,1.0,1.0,0.981579,6,10,1,2,0E-8,0.01742627,,0E-8,0.000000,0.005362,0.000000,,2026-05-06,2026-05-06,1,6,6,1,1.000000,,,0.000000,,,,,,,,GLOBAL_BASELINE_NO_ENTITY_RANKING,,,NOT_APPLICABLE_GLOBAL_BASELINE,HF9g-P5,,,,X 全窗基线 · 不参与实体赏罚,6876122,688,A168_HF9F_20260827_0900,2026-08-27 09:00:00
2026-05-06,149621388,550,0,1816.1993304714,-6.4864261803,-6.4864261803,0E-7,14,7,0.49994810000000000,0.499948100000,-0.9998962053866608,-0.9998962053866608,-0.9998962053866608,0E-17,ELIGIBLE,R03b_20260811_FULL_v1,L1_ELIGIBILITY,v2026-08-11,2026-03-21..2026-08-06,baccarat_bet02_101_all_pairs_incl_sentinel,round_win = game_pnl > 0 (decisive only),COMPATIBILITY_ONLY_NOT_PRODUCTION,9677.7479,51.8914,168.6471,76,39,-0.01742627,,-0.01742627,-0.01742627,-168.6471,9677.7479,OK,0.0000,6.7459,4.0000,96.0000,AG03-UNRESOLVED,ALL5_LEVELS_bet23_to_bet27,6.7459,6.7459,8.4324,10.1188,10.1188,4.000000,4.000000,5.000000,6.000000,6.000000,96.000000,96.000000,95.000000,94.000000,94.000000,5.0,42.1618,38.1801,126.4853,130.467,PENDING_AG03,FALSE,NOT_FOR_ENFORCEMENT,161.9012,49.8158,168.6471,161.9012,6.7459,0.01742627,0.01672922,6.7459,161.9012,0.01672922,6.7459,6.7459,8.4324,10.1188,10.1188,161.9012,0.01672922,42.1618,38.1801,126.4853,130.467,0.01306971,0.01348113,0.00069705,127.3388,1.3305,4.3243,168.6471,28.1078,9677.7479,39.0000,,127.3388,129.7285,129.7285,129.7285,129.7285,129.7285,129.7285,0.0,0.0,1.0,1.0,0.981579,6,10,1,2,0E-8,0.01742627,,0E-8,0.000000,0.005362,0.000000,,2026-05-06,2026-05-06,1,6,6,1,1.000000,,,0.000000,,,,,,,,GLOBAL_BASELINE_NO_ENTITY_RANKING,,,NOT_APPLICABLE_GLOBAL_BASELINE,HF9g-P5,,,,X 全窗基线 · 不参与实体赏罚,6876123,688,A168_HF9F_20260827_0900,2026-08-27 09:00:00
2026-05-06,149624425,-1,1,830.2625510724,0E-10,0E-10,,4,2,0.49994810000000000,0.499948100000,,,,0E-17,SENTINEL_DEALER,R03b_20260811_FULL_v1,L1_ELIGIBILITY,v2026-08-11,2026-03-21..2026-08-06,baccarat_bet02_101_all_pairs_incl_sentinel,round_win = game_pnl > 0 (decisive only),COMPATIBILITY_ONLY_NOT_PRODUCTION,9636.2347,88.2154,168.6471,49,25,-0.01750135,,-0.01750135,-0.01750135,-168.6471,9636.2347,OK,0.0000,6.7459,4.0000,96.0000,AG03-UNRESOLVED,ALL5_LEVELS_bet23_to_bet27,6.7459,6.7459,8.4324,10.1188,10.1188,4.000000,4.000000,5.000000,6.000000,6.000000,96.000000,96.000000,95.000000,94.000000,94.000000,5.0,42.1618,38.1801,126.4853,130.467,PENDING_AG03,FALSE,NOT_FOR_ENFORCEMENT,161.9012,84.6868,168.6471,161.9012,6.7459,0.01750135,0.01680129,6.7459,161.9012,0.01680129,6.7459,6.7459,8.4324,10.1188,10.1188,161.9012,0.01680129,42.1618,38.1801,126.4853,130.467,0.01312601,0.01353921,0.00070005,196.6579,3.5286,6.7459,168.6471,10.5404,9636.2347,25.0000,,196.6579,207.5656,207.5656,207.5656,207.5656,207.5656,207.5656,0.0,0.0,1.0,1.0,0.947449,16,15,1,2,0E-8,0.01750135,,0E-8,0.000000,0.009155,0.000000,,2026-05-06,2026-05-06,1,16,16,1,1.000000,,,0.000000,,,,,,,,GLOBAL_BASELINE_NO_ENTITY_RANKING,,,NOT_APPLICABLE_GLOBAL_BASELINE,HF9g-P5,,,,X 全窗基线 · 不参与实体赏罚,6876124,688,A168_HF9F_20260827_0900,2026-08-27 09:00:00
2026-05-06,149624425,1017,0,415.1312755362,-10.3782818884,-10.3782818884,0E-7,2,1,0.49994810000000000,0.499948100000,-0.9998962053866608,-0.9998962053866608,-0.9998962053866608,0E-17,ELIGIBLE,R03b_20260811_FULL_v1,L1_ELIGIBILITY,v2026-08-11,2026-03-21..2026-08-06,baccarat_bet02_101_all_pairs_incl_sentinel,round_win = game_pnl > 0 (decisive only),COMPATIBILITY_ONLY_NOT_PRODUCTION,9636.2347,88.2154,168.6471,49,25,-0.01750135,,-0.01750135,-0.01750135,-168.6471,9636.2347,OK,0.0000,6.7459,4.0000,96.0000,AG03-UNRESOLVED,ALL5_LEVELS_bet23_to_bet27,6.7459,6.7459,8.4324,10.1188,10.1188,4.000000,4.000000,5.000000,6.000000,6.000000,96.000000,96.000000,95.000000,94.000000,94.000000,5.0,42.1618,38.1801,126.4853,130.467,PENDING_AG03,FALSE,NOT_FOR_ENFORCEMENT,161.9012,84.6868,168.6471,161.9012,6.7459,0.01750135,0.01680129,6.7459,161.9012,0.01680129,6.7459,6.7459,8.4324,10.1188,10.1188,161.9012,0.01680129,42.1618,38.1801,126.4853,130.467,0.01312601,0.01353921,0.00070005,196.6579,3.5286,6.7459,168.6471,10.5404,9636.2347,25.0000,,196.6579,207.5656,207.5656,207.5656,207.5656,207.5656,207.5656,0.0,0.0,1.0,1.0,0.947449,16,15,1,2,0E-8,0.01750135,,0E-8,0.000000,0.009155,0.000000,,2026-05-06,2026-05-06,1,16,16,1,1.000000,,,0.000000,,,,,,,,GLOBAL_BASELINE_NO_ENTITY_RANKING,,,NOT_APPLICABLE_GLOBAL_BASELINE,HF9g-P5,,,,X 全窗基线 · 不参与实体赏罚,6876125,688,A168_HF9F_20260827_0900,2026-08-27 09:00:00
2026-05-06,149624425,1151,0,415.1312755362,-10.3782818884,-10.3782818884,0E-7,2,1,0.49994810000000000,0.499948100000,-0.9998962053866608,-0.9998962053866608,-0.9998962053866608,0E-17,ELIGIBLE,R03b_20260811_FULL_v1,L1_ELIGIBILITY,v2026-08-11,2026-03-21..2026-08-06,baccarat_bet02_101_all_pairs_incl_sentinel,round_win = game_pnl > 0 (decisive only),COMPATIBILITY_ONLY_NOT_PRODUCTION,9636.2347,88.2154,168.6471,49,25,-0.01750135,,-0.01750135,-0.01750135,-168.6471,9636.2347,OK,0.0000,6.7459,4.0000,96.0000,AG03-UNRESOLVED,ALL5_LEVELS_bet23_to_bet27,6.7459,6.7459,8.4324,10.1188,10.1188,4.000000,4.000000,5.000000,6.000000,6.000000,96.000000,96.000000,95.000000,94.000000,94.000000,5.0,42.1618,38.1801,126.4853,130.467,PENDING_AG03,FALSE,NOT_FOR_ENFORCEMENT,161.9012,84.6868,168.6471,161.9012,6.7459,0.01750135,0.01680129,6.7459,161.9012,0.01680129,6.7459,6.7459,8.4324,10.1188,10.1188,161.9012,0.01680129,42.1618,38.1801,126.4853,130.467,0.01312601,0.01353921,0.00070005,196.6579,3.5286,6.7459,168.6471,10.5404,9636.2347,25.0000,,196.6579,207.5656,207.5656,207.5656,207.5656,207.5656,207.5656,0.0,0.0,1.0,1.0,0.947449,16,15,1,2,0E-8,0.01750135,,0E-8,0.000000,0.009155,0.000000,,2026-05-06,2026-05-06,1,16,16,1,1.000000,,,0.000000,,,,,,,,GLOBAL_BASELINE_NO_ENTITY_RANKING,,,NOT_APPLICABLE_GLOBAL_BASELINE,HF9g-P5,,,,X 全窗基线 · 不参与实体赏罚,6876126,688,A168_HF9F_20260827_0900,2026-08-27 09:00:00
2026-05-06,149624425,1383,0,830.2625510724,-10.3782818884,-10.3782818884,0E-7,4,2,0.49994810000000000,0.499948100000,-0.9998962053866608,-0.9998962053866608,-0.9998962053866608,0E-17,ELIGIBLE,R03b_20260811_FULL_v1,L1_ELIGIBILITY,v2026-08-11,2026-03-21..2026-08-06,baccarat_bet02_101_all_pairs_incl_sentinel,round_win = game_pnl > 0 (decisive only),COMPATIBILITY_ONLY_NOT_PRODUCTION,9636.2347,88.2154,168.6471,49,25,-0.01750135,,-0.01750135,-0.01750135,-168.6471,9636.2347,OK,0.0000,6.7459,4.0000,96.0000,AG03-UNRESOLVED,ALL5_LEVELS_bet23_to_bet27,6.7459,6.7459,8.4324,10.1188,10.1188,4.000000,4.000000,5.000000,6.000000,6.000000,96.000000,96.000000,95.000000,94.000000,94.000000,5.0,42.1618,38.1801,126.4853,130.467,PENDING_AG03,FALSE,NOT_FOR_ENFORCEMENT,161.9012,84.6868,168.6471,161.9012,6.7459,0.01750135,0.01680129,6.7459,161.9012,0.01680129,6.7459,6.7459,8.4324,10.1188,10.1188,161.9012,0.01680129,42.1618,38.1801,126.4853,130.467,0.01312601,0.01353921,0.00070005,196.6579,3.5286,6.7459,168.6471,10.5404,9636.2347,25.0000,,196.6579,207.5656,207.5656,207.5656,207.5656,207.5656,207.5656,0.0,0.0,1.0,1.0,0.947449,16,15,1,2,0E-8,0.01750135,,0E-8,0.000000,0.009155,0.000000,,2026-05-06,2026-05-06,1,16,16,1,1.000000,,,0.000000,,,,,,,,GLOBAL_BASELINE_NO_ENTITY_RANKING,,,NOT_APPLICABLE_GLOBAL_BASELINE,HF9g-P5,,,,X 全窗基线 · 不参与实体赏罚,6876127,688,A168_HF9F_20260827_0900,2026-08-27 09:00:00
2026-05-06,149624425,1401,0,415.1312755362,0E-10,0E-10,,2,1,0.49994810000000000,0.499948100000,,,,0E-17,NO_DECISIVE_ROUND,R03b_20260811_FULL_v1,L1_ELIGIBILITY,v2026-08-11,2026-03-21..2026-08-06,baccarat_bet02_101_all_pairs_incl_sentinel,round_win = game_pnl > 0 (decisive only),COMPATIBILITY_ONLY_NOT_PRODUCTION,9636.2347,88.2154,168.6471,49,25,-0.01750135,,-0.01750135,-0.01750135,-168.6471,9636.2347,OK,0.0000,6.7459,4.0000,96.0000,AG03-UNRESOLVED,ALL5_LEVELS_bet23_to_bet27,6.7459,6.7459,8.4324,10.1188,10.1188,4.000000,4.000000,5.000000,6.000000,6.000000,96.000000,96.000000,95.000000,94.000000,94.000000,5.0,42.1618,38.1801,126.4853,130.467,PENDING_AG03,FALSE,NOT_FOR_ENFORCEMENT,161.9012,84.6868,168.6471,161.9012,6.7459,0.01750135,0.01680129,6.7459,161.9012,0.01680129,6.7459,6.7459,8.4324,10.1188,10.1188,161.9012,0.01680129,42.1618,38.1801,126.4853,130.467,0.01312601,0.01353921,0.00070005,196.6579,3.5286,6.7459,168.6471,10.5404,9636.2347,25.0000,,196.6579,207.5656,207.5656,207.5656,207.5656,207.5656,207.5656,0.0,0.0,1.0,1.0,0.947449,16,15,1,2,0E-8,0.01750135,,0E-8,0.000000,0.009155,0.000000,,2026-05-06,2026-05-06,1,16,16,1,1.000000,,,0.000000,,,,,,,,GLOBAL_BASELINE_NO_ENTITY_RANKING,,,NOT_APPLICABLE_GLOBAL_BASELINE,HF9g-P5,,,,X 全窗基线 · 不参与实体赏罚,6876128,688,A168_HF9F_20260827_0900,2026-08-27 09:00:00
2026-05-06,149624425,1485,0,415.1312755362,0E-10,0E-10,,2,1,0.49994810000000000,0.499948100000,,,,0E-17,NO_DECISIVE_ROUND,R03b_20260811_FULL_v1,L1_ELIGIBILITY,v2026-08-11,2026-03-21..2026-08-06,baccarat_bet02_101_all_pairs_incl_sentinel,round_win = game_pnl > 0 (decisive only),COMPATIBILITY_ONLY_NOT_PRODUCTION,9636.2347,88.2154,168.6471,49,25,-0.01750135,,-0.01750135,-0.01750135,-168.6471,9636.2347,OK,0.0000,6.7459,4.0000,96.0000,AG03-UNRESOLVED,ALL5_LEVELS_bet23_to_bet27,6.7459,6.7459,8.4324,10.1188,10.1188,4.000000,4.000000,5.000000,6.000000,6.000000,96.000000,96.000000,95.000000,94.000000,94.000000,5.0,42.1618,38.1801,126.4853,130.467,PENDING_AG03,FALSE,NOT_FOR_ENFORCEMENT,161.9012,84.6868,168.6471,161.9012,6.7459,0.01750135,0.01680129,6.7459,161.9012,0.01680129,6.7459,6.7459,8.4324,10.1188,10.1188,161.9012,0.01680129,42.1618,38.1801,126.4853,130.467,0.01312601,0.01353921,0.00070005,196.6579,3.5286,6.7459,168.6471,10.5404,9636.2347,25.0000,,196.6579,207.5656,207.5656,207.5656,207.5656,207.5656,207.5656,0.0,0.0,1.0,1.0,0.947449,16,15,1,2,0E-8,0.01750135,,0E-8,0.000000,0.009155,0.000000,,2026-05-06,2026-05-06,1,16,16,1,1.000000,,,0.000000,,,,,,,,GLOBAL_BASELINE_NO_ENTITY_RANKING,,,NOT_APPLICABLE_GLOBAL_BASELINE,HF9g-P5,,,,X 全窗基线 · 不参与实体赏罚,6876129,688,A168_HF9F_20260827_0900,2026-08-27 09:00:00
2026-05-06,149624425,1490,0,415.1312755362,0E-10,0E-10,,2,1,0.49994810000000000,0.499948100000,,,,0E-17,NO_DECISIVE_ROUND,R03b_20260811_FULL_v1,L1_ELIGIBILITY,v2026-08-11,2026-03-21..2026-08-06,baccarat_bet02_101_all_pairs_incl_sentinel,round_win = game_pnl > 0 (decisive only),COMPATIBILITY_ONLY_NOT_PRODUCTION,9636.2347,88.2154,168.6471,49,25,-0.01750135,,-0.01750135,-0.01750135,-168.6471,9636.2347,OK,0.0000,6.7459,4.0000,96.0000,AG03-UNRESOLVED,ALL5_LEVELS_bet23_to_bet27,6.7459,6.7459,8.4324,10.1188,10.1188,4.000000,4.000000,5.000000,6.000000,6.000000,96.000000,96.000000,95.000000,94.000000,94.000000,5.0,42.1618,38.1801,126.4853,130.467,PENDING_AG03,FALSE,NOT_FOR_ENFORCEMENT,161.9012,84.6868,168.6471,161.9012,6.7459,0.01750135,0.01680129,6.7459,161.9012,0.01680129,6.7459,6.7459,8.4324,10.1188,10.1188,161.9012,0.01680129,42.1618,38.1801,126.4853,130.467,0.01312601,0.01353921,0.00070005,196.6579,3.5286,6.7459,168.6471,10.5404,9636.2347,25.0000,,196.6579,207.5656,207.5656,207.5656,207.5656,207.5656,207.5656,0.0,0.0,1.0,1.0,0.947449,16,15,1,2,0E-8,0.01750135,,0E-8,0.000000,0.009155,0.000000,,2026-05-06,2026-05-06,1,16,16,1,1.000000,,,0.000000,,,,,,,,GLOBAL_BASELINE_NO_ENTITY_RANKING,,,NOT_APPLICABLE_GLOBAL_BASELINE,HF9g-P5,,,,X 全窗基线 · 不参与实体赏罚,6876130,688,A168_HF9F_20260827_0900,2026-08-27 09:00:00
2026-05-06,149624425,1994,0,415.1312755362,-10.3782818884,-10.3782818884,0E-7,2,1,0.49994810000000000,0.499948100000,-0.9998962053866608,-0.9998962053866608,-0.9998962053866608,0E-17,ELIGIBLE,R03b_20260811_FULL_v1,L1_ELIGIBILITY,v2026-08-11,2026-03-21..2026-08-06,baccarat_bet02_101_all_pairs_incl_sentinel,round_win = game_pnl > 0 (decisive only),COMPATIBILITY_ONLY_NOT_PRODUCTION,9636.2347,88.2154,168.6471,49,25,-0.01750135,,-0.01750135,-0.01750135,-168.6471,9636.2347,OK,0.0000,6.7459,4.0000,96.0000,AG03-UNRESOLVED,ALL5_LEVELS_bet23_to_bet27,6.7459,6.7459,8.4324,10.1188,10.1188,4.000000,4.000000,5.000000,6.000000,6.000000,96.000000,96.000000,95.000000,94.000000,94.000000,5.0,42.1618,38.1801,126.4853,130.467,PENDING_AG03,FALSE,NOT_FOR_ENFORCEMENT,161.9012,84.6868,168.6471,161.9012,6.7459,0.01750135,0.01680129,6.7459,161.9012,0.01680129,6.7459,6.7459,8.4324,10.1188,10.1188,161.9012,0.01680129,42.1618,38.1801,126.4853,130.467,0.01312601,0.01353921,0.00070005,196.6579,3.5286,6.7459,168.6471,10.5404,9636.2347,25.0000,,196.6579,207.5656,207.5656,207.5656,207.5656,207.5656,207.5656,0.0,0.0,1.0,1.0,0.947449,16,15,1,2,0E-8,0.01750135,,0E-8,0.000000,0.009155,0.000000,,2026-05-06,2026-05-06,1,16,16,1,1.000000,,,0.000000,,,,,,,,GLOBAL_BASELINE_NO_ENTITY_RANKING,,,NOT_APPLICABLE_GLOBAL_BASELINE,HF9g-P5,,,,X 全窗基线 · 不参与实体赏罚,6876131,688,A168_HF9F_20260827_0900,2026-08-27 09:00:00
2026-05-06,149624425,2093,0,311.3484566522,0E-10,0E-10,,2,1,0.49994810000000000,0.499948100000,,,,0E-17,NO_DECISIVE_ROUND,R03b_20260811_FULL_v1,L1_ELIGIBILITY,v2026-08-11,2026-03-21..2026-08-06,baccarat_bet02_101_all_pairs_incl_sentinel,round_win = game_pnl > 0 (decisive only),COMPATIBILITY_ONLY_NOT_PRODUCTION,9636.2347,88.2154,168.6471,49,25,-0.01750135,,-0.01750135,-0.01750135,-168.6471,9636.2347,OK,0.0000,6.7459,4.0000,96.0000,AG03-UNRESOLVED,ALL5_LEVELS_bet23_to_bet27,6.7459,6.7459,8.4324,10.1188,10.1188,4.000000,4.000000,5.000000,6.000000,6.000000,96.000000,96.000000,95.000000,94.000000,94.000000,5.0,42.1618,38.1801,126.4853,130.467,PENDING_AG03,FALSE,NOT_FOR_ENFORCEMENT,161.9012,84.6868,168.6471,161.9012,6.7459,0.01750135,0.01680129,6.7459,161.9012,0.01680129,6.7459,6.7459,8.4324,10.1188,10.1188,161.9012,0.01680129,42.1618,38.1801,126.4853,130.467,0.01312601,0.01353921,0.00070005,196.6579,3.5286,6.7459,168.6471,10.5404,9636.2347,25.0000,,196.6579,207.5656,207.5656,207.5656,207.5656,207.5656,207.5656,0.0,0.0,1.0,1.0,0.947449,16,15,1,2,0E-8,0.01750135,,0E-8,0.000000,0.009155,0.000000,,2026-05-06,2026-05-06,1,16,16,1,1.000000,,,0.000000,,,,,,,,GLOBAL_BASELINE_NO_ENTITY_RANKING,,,NOT_APPLICABLE_GLOBAL_BASELINE,HF9g-P5,,,,X 全窗基线 · 不参与实体赏罚,6876132,688,A168_HF9F_20260827_0900,2026-08-27 09:00:00
2026-05-06,149624425,2201,0,415.1312755362,-10.3782818884,-10.3782818884,0E-7,2,1,0.49994810000000000,0.499948100000,-0.9998962053866608,-0.9998962053866608,-0.9998962053866608,0E-17,ELIGIBLE,R03b_20260811_FULL_v1,L1_ELIGIBILITY,v2026-08-11,2026-03-21..2026-08-06,baccarat_bet02_101_all_pairs_incl_sentinel,round_win = game_pnl > 0 (decisive only),COMPATIBILITY_ONLY_NOT_PRODUCTION,9636.2347,88.2154,168.6471,49,25,-0.01750135,,-0.01750135,-0.01750135,-168.6471,9636.2347,OK,0.0000,6.7459,4.0000,96.0000,AG03-UNRESOLVED,ALL5_LEVELS_bet23_to_bet27,6.7459,6.7459,8.4324,10.1188,10.1188,4.000000,4.000000,5.000000,6.000000,6.000000,96.000000,96.000000,95.000000,94.000000,94.000000,5.0,42.1618,38.1801,126.4853,130.467,PENDING_AG03,FALSE,NOT_FOR_ENFORCEMENT,161.9012,84.6868,168.6471,161.9012,6.7459,0.01750135,0.01680129,6.7459,161.9012,0.01680129,6.7459,6.7459,8.4324,10.1188,10.1188,161.9012,0.01680129,42.1618,38.1801,126.4853,130.467,0.01312601,0.01353921,0.00070005,196.6579,3.5286,6.7459,168.6471,10.5404,9636.2347,25.0000,,196.6579,207.5656,207.5656,207.5656,207.5656,207.5656,207.5656,0.0,0.0,1.0,1.0,0.947449,16,15,1,2,0E-8,0.01750135,,0E-8,0.000000,0.009155,0.000000,,2026-05-06,2026-05-06,1,16,16,1,1.000000,,,0.000000,,,,,,,,GLOBAL_BASELINE_NO_ENTITY_RANKING,,,NOT_APPLICABLE_GLOBAL_BASELINE,HF9g-P5,,,,X 全窗基线 · 不参与实体赏罚,6876133,688,A168_HF9F_20260827_0900,2026-08-27 09:00:00
2026-05-06,149624425,2202,0,1141.6110077246,0E-10,0E-10,,6,3,0.49994810000000000,0.499948100000,,,,0E-17,NO_DECISIVE_ROUND,R03b_20260811_FULL_v1,L1_ELIGIBILITY,v2026-08-11,2026-03-21..2026-08-06,baccarat_bet02_101_all_pairs_incl_sentinel,round_win = game_pnl > 0 (decisive only),COMPATIBILITY_ONLY_NOT_PRODUCTION,9636.2347,88.2154,168.6471,49,25,-0.01750135,,-0.01750135,-0.01750135,-168.6471,9636.2347,OK,0.0000,6.7459,4.0000,96.0000,AG03-UNRESOLVED,ALL5_LEVELS_bet23_to_bet27,6.7459,6.7459,8.4324,10.1188,10.1188,4.000000,4.000000,5.000000,6.000000,6.000000,96.000000,96.000000,95.000000,94.000000,94.000000,5.0,42.1618,38.1801,126.4853,130.467,PENDING_AG03,FALSE,NOT_FOR_ENFORCEMENT,161.9012,84.6868,168.6471,161.9012,6.7459,0.01750135,0.01680129,6.7459,161.9012,0.01680129,6.7459,6.7459,8.4324,10.1188,10.1188,161.9012,0.01680129,42.1618,38.1801,126.4853,130.467,0.01312601,0.01353921,0.00070005,196.6579,3.5286,6.7459,168.6471,10.5404,9636.2347,25.0000,,196.6579,207.5656,207.5656,207.5656,207.5656,207.5656,207.5656,0.0,0.0,1.0,1.0,0.947449,16,15,1,2,0E-8,0.01750135,,0E-8,0.000000,0.009155,0.000000,,2026-05-06,2026-05-06,1,16,16,1,1.000000,,,0.000000,,,,,,,,GLOBAL_BASELINE_NO_ENTITY_RANKING,,,NOT_APPLICABLE_GLOBAL_BASELINE,HF9g-P5,,,,X 全窗基线 · 不参与实体赏罚,6876134,688,A168_HF9F_20260827_0900,2026-08-27 09:00:00
2026-05-06,149624425,2222,0,830.2625510724,0E-10,0E-10,,4,2,0.49994810000000000,0.499948100000,,,,0E-17,NO_DECISIVE_ROUND,R03b_20260811_FULL_v1,L1_ELIGIBILITY,v2026-08-11,2026-03-21..2026-08-06,baccarat_bet02_101_all_pairs_incl_sentinel,round_win = game_pnl > 0 (decisive only),COMPATIBILITY_ONLY_NOT_PRODUCTION,9636.2347,88.2154,168.6471,49,25,-0.01750135,,-0.01750135,-0.01750135,-168.6471,9636.2347,OK,0.0000,6.7459,4.0000,96.0000,AG03-UNRESOLVED,ALL5_LEVELS_bet23_to_bet27,6.7459,6.7459,8.4324,10.1188,10.1188,4.000000,4.000000,5.000000,6.000000,6.000000,96.000000,96.000000,95.000000,94.000000,94.000000,5.0,42.1618,38.1801,126.4853,130.467,PENDING_AG03,FALSE,NOT_FOR_ENFORCEMENT,161.9012,84.6868,168.6471,161.9012,6.7459,0.01750135,0.01680129,6.7459,161.9012,0.01680129,6.7459,6.7459,8.4324,10.1188,10.1188,161.9012,0.01680129,42.1618,38.1801,126.4853,130.467,0.01312601,0.01353921,0.00070005,196.6579,3.5286,6.7459,168.6471,10.5404,9636.2347,25.0000,,196.6579,207.5656,207.5656,207.5656,207.5656,207.5656,207.5656,0.0,0.0,1.0,1.0,0.947449,16,15,1,2,0E-8,0.01750135,,0E-8,0.000000,0.009155,0.000000,,2026-05-06,2026-05-06,1,16,16,1,1.000000,,,0.000000,,,,,,,,GLOBAL_BASELINE_NO_ENTITY_RANKING,,,NOT_APPLICABLE_GLOBAL_BASELINE,HF9g-P5,,,,X 全窗基线 · 不参与实体赏罚,6876135,688,A168_HF9F_20260827_0900,2026-08-27 09:00:00
2026-05-06,149624425,2224,0,1141.6110077246,-18.1619933047,-18.1619933047,0E-7,6,3,0.49994810000000000,0.499948100000,-1.4140667746232096,-1.4140667746232096,-1.4140667746232096,0E-17,ELIGIBLE,R03b_20260811_FULL_v1,L1_ELIGIBILITY,v2026-08-11,2026-03-21..2026-08-06,baccarat_bet02_101_all_pairs_incl_sentinel,round_win = game_pnl > 0 (decisive only),COMPATIBILITY_ONLY_NOT_PRODUCTION,9636.2347,88.2154,168.6471,49,25,-0.01750135,,-0.01750135,-0.01750135,-168.6471,9636.2347,OK,0.0000,6.7459,4.0000,96.0000,AG03-UNRESOLVED,ALL5_LEVELS_bet23_to_bet27,6.7459,6.7459,8.4324,10.1188,10.1188,4.000000,4.000000,5.000000,6.000000,6.000000,96.000000,96.000000,95.000000,94.000000,94.000000,5.0,42.1618,38.1801,126.4853,130.467,PENDING_AG03,FALSE,NOT_FOR_ENFORCEMENT,161.9012,84.6868,168.6471,161.9012,6.7459,0.01750135,0.01680129,6.7459,161.9012,0.01680129,6.7459,6.7459,8.4324,10.1188,10.1188,161.9012,0.01680129,42.1618,38.1801,126.4853,130.467,0.01312601,0.01353921,0.00070005,196.6579,3.5286,6.7459,168.6471,10.5404,9636.2347,25.0000,,196.6579,207.5656,207.5656,207.5656,207.5656,207.5656,207.5656,0.0,0.0,1.0,1.0,0.947449,16,15,1,2,0E-8,0.01750135,,0E-8,0.000000,0.009155,0.000000,,2026-05-06,2026-05-06,1,16,16,1,1.000000,,,0.000000,,,,,,,,GLOBAL_BASELINE_NO_ENTITY_RANKING,,,NOT_APPLICABLE_GLOBAL_BASELINE,HF9g-P5,,,,X 全窗基线 · 不参与实体赏罚,6876136,688,A168_HF9F_20260827_0900,2026-08-27 09:00:00
2026-05-06,149624425,2229,0,830.2625510724,-10.3782818884,-10.3782818884,0E-7,4,2,0.49994810000000000,0.499948100000,-0.9998962053866608,-0.9998962053866608,-0.9998962053866608,0E-17,ELIGIBLE,R03b_20260811_FULL_v1,L1_ELIGIBILITY,v2026-08-11,2026-03-21..2026-08-06,baccarat_bet02_101_all_pairs_incl_sentinel,round_win = game_pnl > 0 (decisive only),COMPATIBILITY_ONLY_NOT_PRODUCTION,9636.2347,88.2154,168.6471,49,25,-0.01750135,,-0.01750135,-0.01750135,-168.6471,9636.2347,OK,0.0000,6.7459,4.0000,96.0000,AG03-UNRESOLVED,ALL5_LEVELS_bet23_to_bet27,6.7459,6.7459,8.4324,10.1188,10.1188,4.000000,4.000000,5.000000,6.000000,6.000000,96.000000,96.000000,95.000000,94.000000,94.000000,5.0,42.1618,38.1801,126.4853,130.467,PENDING_AG03,FALSE,NOT_FOR_ENFORCEMENT,161.9012,84.6868,168.6471,161.9012,6.7459,0.01750135,0.01680129,6.7459,161.9012,0.01680129,6.7459,6.7459,8.4324,10.1188,10.1188,161.9012,0.01680129,42.1618,38.1801,126.4853,130.467,0.01312601,0.01353921,0.00070005,196.6579,3.5286,6.7459,168.6471,10.5404,9636.2347,25.0000,,196.6579,207.5656,207.5656,207.5656,207.5656,207.5656,207.5656,0.0,0.0,1.0,1.0,0.947449,16,15,1,2,0E-8,0.01750135,,0E-8,0.000000,0.009155,0.000000,,2026-05-06,2026-05-06,1,16,16,1,1.000000,,,0.000000,,,,,,,,GLOBAL_BASELINE_NO_ENTITY_RANKING,,,NOT_APPLICABLE_GLOBAL_BASELINE,HF9g-P5,,,,X 全窗基线 · 不参与实体赏罚,6876137,688,A168_HF9F_20260827_0900,2026-08-27 09:00:00
2026-05-06,149624425,2266,0,814.6951282399,-88.2153960515,-88.2153960515,0E-7,5,3,0.49771390000000000,0.497713900000,-0.9954382048786059,-0.995438204878606,-0.9954382048786059,0E-17,ELIGIBLE,R03b_20260811_FULL_v1,L1_ELIGIBILITY,v2026-08-11,2026-03-21..2026-08-06,baccarat_bet02_101_all_pairs_incl_sentinel,round_win = game_pnl > 0 (decisive only),COMPATIBILITY_ONLY_NOT_PRODUCTION,9636.2347,88.2154,168.6471,49,25,-0.01750135,,-0.01750135,-0.01750135,-168.6471,9636.2347,OK,0.0000,6.7459,4.0000,96.0000,AG03-UNRESOLVED,ALL5_LEVELS_bet23_to_bet27,6.7459,6.7459,8.4324,10.1188,10.1188,4.000000,4.000000,5.000000,6.000000,6.000000,96.000000,96.000000,95.000000,94.000000,94.000000,5.0,42.1618,38.1801,126.4853,130.467,PENDING_AG03,FALSE,NOT_FOR_ENFORCEMENT,161.9012,84.6868,168.6471,161.9012,6.7459,0.01750135,0.01680129,6.7459,161.9012,0.01680129,6.7459,6.7459,8.4324,10.1188,10.1188,161.9012,0.01680129,42.1618,38.1801,126.4853,130.467,0.01312601,0.01353921,0.00070005,196.6579,3.5286,6.7459,168.6471,10.5404,9636.2347,25.0000,,196.6579,207.5656,207.5656,207.5656,207.5656,207.5656,207.5656,0.0,0.0,1.0,1.0,0.947449,16,15,1,2,0E-8,0.01750135,,0E-8,0.000000,0.009155,0.000000,,2026-05-06,2026-05-06,1,16,16,1,1.000000,,,0.000000,,,,,,,,GLOBAL_BASELINE_NO_ENTITY_RANKING,,,NOT_APPLICABLE_GLOBAL_BASELINE,HF9g-P5,,,,X 全窗基线 · 不参与实体赏罚,6876138,688,A168_HF9F_20260827_0900,2026-08-27 09:00:00
2026-05-06,149625125,1004,0,1556.7422832612,-6.4864261803,-6.4864261803,0E-7,12,6,0.49994810000000000,0.499948100000,-0.9998962053866608,-0.9998962053866608,-0.9998962053866608,0E-17,ELIGIBLE,R03b_20260811_FULL_v1,L1_ELIGIBILITY,v2026-08-11,2026-03-21..2026-08-06,baccarat_bet02_101_all_pairs_incl_sentinel,round_win = game_pnl > 0 (decisive only),COMPATIBILITY_ONLY_NOT_PRODUCTION,9392.3451,51.8914,168.6471,73,37,-0.01795580,,-0.01795580,-0.01795580,-168.6471,9392.3451,OK,0.0000,6.7459,4.0000,96.0000,AG03-UNRESOLVED,ALL5_LEVELS_bet23_to_bet27,6.7459,6.7459,8.4324,10.1188,10.1188,4.000000,4.000000,5.000000,6.000000,6.000000,96.000000,96.000000,95.000000,94.000000,94.000000,5.0,42.1618,38.1801,126.4853,130.467,PENDING_AG03,FALSE,NOT_FOR_ENFORCEMENT,161.9012,49.8158,168.6471,161.9012,6.7459,0.01795580,0.01723757,6.7459,161.9012,0.01723757,6.7459,6.7459,8.4324,10.1188,10.1188,161.9012,0.01723757,42.1618,38.1801,126.4853,130.467,0.01346685,0.01389078,0.00071823,128.6623,1.4025,4.5580,168.6471,28.1078,9392.3451,37.0000,,128.6623,129.7285,129.7285,129.7285,129.7285,129.7285,129.7285,0.0,0.0,1.0,1.0,0.991781,6,6,1,2,0E-8,0.01795580,,0E-8,0.000000,0.005525,0.000000,,2026-05-06,2026-05-06,1,6,6,1,1.000000,,,0.000000,,,,,,,,GLOBAL_BASELINE_NO_ENTITY_RANKING,,,NOT_APPLICABLE_GLOBAL_BASELINE,HF9g-P5,,,,X 全窗基线 · 不参与实体赏罚,6876139,688,A168_HF9F_20260827_0900,2026-08-27 09:00:00
2026-05-06,149625125,1323,0,1556.7422832612,-12.9728523606,-12.9728523606,0E-7,12,6,0.49994810000000000,0.499948100000,-1.4140667746232096,-1.4140667746232096,-1.4140667746232096,0E-17,ELIGIBLE,R03b_20260811_FULL_v1,L1_ELIGIBILITY,v2026-08-11,2026-03-21..2026-08-06,baccarat_bet02_101_all_pairs_incl_sentinel,round_win = game_pnl > 0 (decisive only),COMPATIBILITY_ONLY_NOT_PRODUCTION,9392.3451,51.8914,168.6471,73,37,-0.01795580,,-0.01795580,-0.01795580,-168.6471,9392.3451,OK,0.0000,6.7459,4.0000,96.0000,AG03-UNRESOLVED,ALL5_LEVELS_bet23_to_bet27,6.7459,6.7459,8.4324,10.1188,10.1188,4.000000,4.000000,5.000000,6.000000,6.000000,96.000000,96.000000,95.000000,94.000000,94.000000,5.0,42.1618,38.1801,126.4853,130.467,PENDING_AG03,FALSE,NOT_FOR_ENFORCEMENT,161.9012,49.8158,168.6471,161.9012,6.7459,0.01795580,0.01723757,6.7459,161.9012,0.01723757,6.7459,6.7459,8.4324,10.1188,10.1188,161.9012,0.01723757,42.1618,38.1801,126.4853,130.467,0.01346685,0.01389078,0.00071823,128.6623,1.4025,4.5580,168.6471,28.1078,9392.3451,37.0000,,128.6623,129.7285,129.7285,129.7285,129.7285,129.7285,129.7285,0.0,0.0,1.0,1.0,0.991781,6,6,1,2,0E-8,0.01795580,,0E-8,0.000000,0.005525,0.000000,,2026-05-06,2026-05-06,1,6,6,1,1.000000,,,0.000000,,,,,,,,GLOBAL_BASELINE_NO_ENTITY_RANKING,,,NOT_APPLICABLE_GLOBAL_BASELINE,HF9g-P5,,,,X 全窗基线 · 不参与实体赏罚,6876140,688,A168_HF9F_20260827_0900,2026-08-27 09:00:00
2026-05-06,149625125,1330,0,1868.0907399134,-84.3235403435,-84.3235403435,0E-7,15,8,0.50078592500000000,0.500785925000,-2.453343003989762,-2.453343003989762,-2.453343003989762,0E-17,ELIGIBLE,R03b_20260811_FULL_v1,L1_ELIGIBILITY,v2026-08-11,2026-03-21..2026-08-06,baccarat_bet02_101_all_pairs_incl_sentinel,round_win = game_pnl > 0 (decisive only),COMPATIBILITY_ONLY_NOT_PRODUCTION,9392.3451,51.8914,168.6471,73,37,-0.01795580,,-0.01795580,-0.01795580,-168.6471,9392.3451,OK,0.0000,6.7459,4.0000,96.0000,AG03-UNRESOLVED,ALL5_LEVELS_bet23_to_bet27,6.7459,6.7459,8.4324,10.1188,10.1188,4.000000,4.000000,5.000000,6.000000,6.000000,96.000000,96.000000,95.000000,94.000000,94.000000,5.0,42.1618,38.1801,126.4853,130.467,PENDING_AG03,FALSE,NOT_FOR_ENFORCEMENT,161.9012,49.8158,168.6471,161.9012,6.7459,0.01795580,0.01723757,6.7459,161.9012,0.01723757,6.7459,6.7459,8.4324,10.1188,10.1188,161.9012,0.01723757,42.1618,38.1801,126.4853,130.467,0.01346685,0.01389078,0.00071823,128.6623,1.4025,4.5580,168.6471,28.1078,9392.3451,37.0000,,128.6623,129.7285,129.7285,129.7285,129.7285,129.7285,129.7285,0.0,0.0,1.0,1.0,0.991781,6,6,1,2,0E-8,0.01795580,,0E-8,0.000000,0.005525,0.000000,,2026-05-06,2026-05-06,1,6,6,1,1.000000,,,0.000000,,,,,,,,GLOBAL_BASELINE_NO_ENTITY_RANKING,,,NOT_APPLICABLE_GLOBAL_BASELINE,HF9g-P5,,,,X 全窗基线 · 不参与实体赏罚,6876141,688,A168_HF9F_20260827_0900,2026-08-27 09:00:00
2026-05-06,149625125,1401,0,1556.7422832612,-19.4592785409,-19.4592785409,0E-7,12,6,0.49994810000000000,0.499948100000,-1.7318710300250217,-1.7318710300250217,-1.7318710300250217,0E-17,ELIGIBLE,R03b_20260811_FULL_v1,L1_ELIGIBILITY,v2026-08-11,2026-03-21..2026-08-06,baccarat_bet02_101_all_pairs_incl_sentinel,round_win = game_pnl > 0 (decisive only),COMPATIBILITY_ONLY_NOT_PRODUCTION,9392.3451,51.8914,168.6471,73,37,-0.01795580,,-0.01795580,-0.01795580,-168.6471,9392.3451,OK,0.0000,6.7459,4.0000,96.0000,AG03-UNRESOLVED,ALL5_LEVELS_bet23_to_bet27,6.7459,6.7459,8.4324,10.1188,10.1188,4.000000,4.000000,5.000000,6.000000,6.000000,96.000000,96.000000,95.000000,94.000000,94.000000,5.0,42.1618,38.1801,126.4853,130.467,PENDING_AG03,FALSE,NOT_FOR_ENFORCEMENT,161.9012,49.8158,168.6471,161.9012,6.7459,0.01795580,0.01723757,6.7459,161.9012,0.01723757,6.7459,6.7459,8.4324,10.1188,10.1188,161.9012,0.01723757,42.1618,38.1801,126.4853,130.467,0.01346685,0.01389078,0.00071823,128.6623,1.4025,4.5580,168.6471,28.1078,9392.3451,37.0000,,128.6623,129.7285,129.7285,129.7285,129.7285,129.7285,129.7285,0.0,0.0,1.0,1.0,0.991781,6,6,1,2,0E-8,0.01795580,,0E-8,0.000000,0.005525,0.000000,,2026-05-06,2026-05-06,1,6,6,1,1.000000,,,0.000000,,,,,,,,GLOBAL_BASELINE_NO_ENTITY_RANKING,,,NOT_APPLICABLE_GLOBAL_BASELINE,HF9g-P5,,,,X 全窗基线 · 不参与实体赏罚,6876142,688,A168_HF9F_20260827_0900,2026-08-27 09:00:00
2026-05-06,149625125,2093,0,1556.7422832612,-32.4321309015,-32.4321309015,0E-7,12,6,0.49994810000000000,0.499948100000,-2.2358358856886653,-2.2358358856886653,-2.2358358856886653,0E-17,ELIGIBLE,R03b_20260811_FULL_v1,L1_ELIGIBILITY,v2026-08-11,2026-03-21..2026-08-06,baccarat_bet02_101_all_pairs_incl_sentinel,round_win = game_pnl > 0 (decisive only),COMPATIBILITY_ONLY_NOT_PRODUCTION,9392.3451,51.8914,168.6471,73,37,-0.01795580,,-0.01795580,-0.01795580,-168.6471,9392.3451,OK,0.0000,6.7459,4.0000,96.0000,AG03-UNRESOLVED,ALL5_LEVELS_bet23_to_bet27,6.7459,6.7459,8.4324,10.1188,10.1188,4.000000,4.000000,5.000000,6.000000,6.000000,96.000000,96.000000,95.000000,94.000000,94.000000,5.0,42.1618,38.1801,126.4853,130.467,PENDING_AG03,FALSE,NOT_FOR_ENFORCEMENT,161.9012,49.8158,168.6471,161.9012,6.7459,0.01795580,0.01723757,6.7459,161.9012,0.01723757,6.7459,6.7459,8.4324,10.1188,10.1188,161.9012,0.01723757,42.1618,38.1801,126.4853,130.467,0.01346685,0.01389078,0.00071823,128.6623,1.4025,4.5580,168.6471,28.1078,9392.3451,37.0000,,128.6623,129.7285,129.7285,129.7285,129.7285,129.7285,129.7285,0.0,0.0,1.0,1.0,0.991781,6,6,1,2,0E-8,0.01795580,,0E-8,0.000000,0.005525,0.000000,,2026-05-06,2026-05-06,1,6,6,1,1.000000,,,0.000000,,,,,,,,GLOBAL_BASELINE_NO_ENTITY_RANKING,,,NOT_APPLICABLE_GLOBAL_BASELINE,HF9g-P5,,,,X 全窗基线 · 不参与实体赏罚,6876143,688,A168_HF9F_20260827_0900,2026-08-27 09:00:00
2026-05-06,149625125,2171,0,1297.2852360510,-12.9728523606,-12.9728523606,0E-7,10,5,0.49994810000000000,0.499948100000,-1.4140667746232096,-1.4140667746232096,-1.4140667746232096,0E-17,ELIGIBLE,R03b_20260811_FULL_v1,L1_ELIGIBILITY,v2026-08-11,2026-03-21..2026-08-06,baccarat_bet02_101_all_pairs_incl_sentinel,round_win = game_pnl > 0 (decisive only),COMPATIBILITY_ONLY_NOT_PRODUCTION,9392.3451,51.8914,168.6471,73,37,-0.01795580,,-0.01795580,-0.01795580,-168.6471,9392.3451,OK,0.0000,6.7459,4.0000,96.0000,AG03-UNRESOLVED,ALL5_LEVELS_bet23_to_bet27,6.7459,6.7459,8.4324,10.1188,10.1188,4.000000,4.000000,5.000000,6.000000,6.000000,96.000000,96.000000,95.000000,94.000000,94.000000,5.0,42.1618,38.1801,126.4853,130.467,PENDING_AG03,FALSE,NOT_FOR_ENFORCEMENT,161.9012,49.8158,168.6471,161.9012,6.7459,0.01795580,0.01723757,6.7459,161.9012,0.01723757,6.7459,6.7459,8.4324,10.1188,10.1188,161.9012,0.01723757,42.1618,38.1801,126.4853,130.467,0.01346685,0.01389078,0.00071823,128.6623,1.4025,4.5580,168.6471,28.1078,9392.3451,37.0000,,128.6623,129.7285,129.7285,129.7285,129.7285,129.7285,129.7285,0.0,0.0,1.0,1.0,0.991781,6,6,1,2,0E-8,0.01795580,,0E-8,0.000000,0.005525,0.000000,,2026-05-06,2026-05-06,1,6,6,1,1.000000,,,0.000000,,,,,,,,GLOBAL_BASELINE_NO_ENTITY_RANKING,,,NOT_APPLICABLE_GLOBAL_BASELINE,HF9g-P5,,,,X 全窗基线 · 不参与实体赏罚,6876144,688,A168_HF9F_20260827_0900,2026-08-27 09:00:00
2026-05-11,149885350,1325,0,3022.6765606354,-168.6471900782,-168.6471900782,0.4000000,29,10,0.43801957501936450,0.263693762500,-0.2423259388980592,0.9782200538180938,-0.2423259388980592,0.17432581251936450,ELIGIBLE,R03b_20260811_FULL_v1,L1_ELIGIBILITY,v2026-08-11,2026-03-21..2026-08-06,baccarat_bet02_101_all_pairs_incl_sentinel,round_win = game_pnl > 0 (decisive only),COMPATIBILITY_ONLY_NOT_PRODUCTION,3022.6766,1984.8477,168.6472,29,10,-0.05579399,,-0.05579399,-0.05579399,-168.6472,3022.6766,THIN_EXPOSURE,0.0000,6.7459,4.0000,96.0000,AG03-UNRESOLVED,ALL5_LEVELS_bet23_to_bet27,6.7459,6.7459,6.7459,6.7459,6.7459,4.000000,4.000000,4.000000,4.000000,4.000000,96.000000,96.000000,96.000000,96.000000,96.000000,5.0,33.7294,31.1369,134.9178,137.5103,PENDING_AG03,FALSE,NOT_FOR_ENFORCEMENT,161.9013,1905.4538,168.6472,161.9013,6.7459,0.05579399,0.05356223,6.7459,161.9013,0.05356223,6.7459,6.7459,6.7459,6.7459,6.7459,161.9013,0.05356223,33.7294,31.1369,134.9178,137.5103,0.04463519,0.0454929,0.00223176,104.2302,198.4848,16.8647,168.6472,168.6472,3022.6766,10.0000,,104.2302,25.9457,25.9457,259.4572,259.4572,259.4572,259.4572,25.9457,-25.9457,10.0,10.0,4.017242,1,1,1,6,0E-8,0.05579399,,0E-8,0.000000,0.656652,0.000000,,2026-05-11,2026-05-11,1,1,1,1,1.000000,,,0.000000,,,,,,,,GLOBAL_BASELINE_NO_ENTITY_RANKING,,,NOT_APPLICABLE_GLOBAL_BASELINE,HF9g-P5,,,,X 全窗基线 · 不参与实体赏罚,6876145,688,A168_HF9F_20260827_0900,2026-08-27 09:00:00
2026-05-15,134225424,-1,1,817.2902288413,25.9457215505,25.9457215505,0.6000000,5,5,0.50396966000000000,0.503969660000,0.4294742719815242,0.4294742719815242,0.4294742719815242,0E-17,SENTINEL_DEALER,R03b_20260811_FULL_v1,L1_ELIGIBILITY,v2026-08-11,2026-03-21..2026-08-06,baccarat_bet02_101_all_pairs_incl_sentinel,round_win = game_pnl > 0 (decisive only),COMPATIBILITY_ONLY_NOT_PRODUCTION,1011.8831,1011.8831,168.6472,6,6,-0.16666667,,-0.16666667,-0.16666667,-168.6472,1011.8831,THIN_EXPOSURE,0.0000,6.7459,4.0000,96.0000,AG03-UNRESOLVED,ALL5_LEVELS_bet23_to_bet27,6.7459,6.7459,8.4324,8.4324,8.4324,4.000000,4.000000,5.000000,5.000000,5.000000,96.000000,96.000000,95.000000,95.000000,95.000000,5.0,38.7889,35.3895,129.8583,133.2577,PENDING_AG03,FALSE,NOT_FOR_ENFORCEMENT,161.9013,971.4078,168.6472,161.9013,6.7459,0.16666667,0.16000000,6.7459,161.9013,0.16000000,6.7459,6.7459,8.4324,8.4324,8.4324,161.9013,0.16000000,38.7889,35.3895,129.8583,133.2577,0.12833333,0.1316928,0.00666667,168.6472,168.6472,28.1079,168.6472,84.3236,1011.8831,6.0000,,168.6472,168.6472,175.1336,194.5929,217.944,220.5386,220.5386,175.1336,-47.3509,1.259259,1.259259,0.962963,2,2,1,2,0E-8,0.16666667,,0E-8,0.000000,1.000000,0.000000,,2026-05-15,2026-05-15,1,2,2,1,1.000000,,,0.000000,,,,,,,,GLOBAL_BASELINE_NO_ENTITY_RANKING,,,NOT_APPLICABLE_GLOBAL_BASELINE,HF9g-P5,,,,X 全窗基线 · 不参与实体赏罚,6876146,688,A168_HF9F_20260827_0900,2026-08-27 09:00:00
2026-05-15,134225424,1396,0,194.5929116289,-194.5929116289,-194.5929116289,0E-7,1,1,0.50665070000000000,0.506650700000,-1.013391052207602,-1.013391052207602,-1.013391052207602,0E-17,ELIGIBLE,R03b_20260811_FULL_v1,L1_ELIGIBILITY,v2026-08-11,2026-03-21..2026-08-06,baccarat_bet02_101_all_pairs_incl_sentinel,round_win = game_pnl > 0 (decisive only),COMPATIBILITY_ONLY_NOT_PRODUCTION,1011.8831,1011.8831,168.6472,6,6,-0.16666667,,-0.16666667,-0.16666667,-168.6472,1011.8831,THIN_EXPOSURE,0.0000,6.7459,4.0000,96.0000,AG03-UNRESOLVED,ALL5_LEVELS_bet23_to_bet27,6.7459,6.7459,8.4324,8.4324,8.4324,4.000000,4.000000,5.000000,5.000000,5.000000,96.000000,96.000000,95.000000,95.000000,95.000000,5.0,38.7889,35.3895,129.8583,133.2577,PENDING_AG03,FALSE,NOT_FOR_ENFORCEMENT,161.9013,971.4078,168.6472,161.9013,6.7459,0.16666667,0.16000000,6.7459,161.9013,0.16000000,6.7459,6.7459,8.4324,8.4324,8.4324,161.9013,0.16000000,38.7889,35.3895,129.8583,133.2577,0.12833333,0.1316928,0.00666667,168.6472,168.6472,28.1079,168.6472,84.3236,1011.8831,6.0000,,168.6472,168.6472,175.1336,194.5929,217.944,220.5386,220.5386,175.1336,-47.3509,1.259259,1.259259,0.962963,2,2,1,2,0E-8,0.16666667,,0E-8,0.000000,1.000000,0.000000,,2026-05-15,2026-05-15,1,2,2,1,1.000000,,,0.000000,,,,,,,,GLOBAL_BASELINE_NO_ENTITY_RANKING,,,NOT_APPLICABLE_GLOBAL_BASELINE,HF9g-P5,,,,X 全窗基线 · 不参与实体赏罚,6876147,688,A168_HF9F_20260827_0900,2026-08-27 09:00:00
2026-05-15,143640065,-1,1,207.5657724040,-80.4317368065,-80.4317368065,0.1666667,7,7,0.50282064285714286,0.502820642857,-1.6468376381237455,-1.6468376381230425,-1.6468376381237455,1.4286E-13,SENTINEL_DEALER,R03b_20260811_FULL_v1,L1_ELIGIBILITY,v2026-08-11,2026-03-21..2026-08-06,baccarat_bet02_101_all_pairs_incl_sentinel,round_win = game_pnl > 0 (decisive only),COMPATIBILITY_ONLY_NOT_PRODUCTION,934.0460,830.2631,168.6472,32,32,-0.18055556,,-0.18055556,-0.18055556,-168.6472,934.0460,OK,0.0000,6.7459,4.0000,96.0000,AG03-UNRESOLVED,ALL5_LEVELS_bet23_to_bet27,6.7459,8.4324,8.4324,8.4324,8.4324,4.000000,5.000000,5.000000,5.000000,5.000000,96.000000,95.000000,95.000000,95.000000,95.000000,5.0,40.4753,36.7776,128.1719,131.8696,PENDING_AG03,FALSE,NOT_FOR_ENFORCEMENT,161.9013,797.0526,168.6472,161.9013,6.7459,0.18055556,0.17333333,6.7459,161.9013,0.17333333,6.7459,8.4324,8.4324,8.4324,8.4324,161.9013,0.17333333,40.4753,36.7776,128.1719,131.8696,0.13722222,0.14118108,0.00722222,29.1889,25.9457,5.2702,168.6472,12.0462,934.0460,32.0000,,29.1889,25.9457,25.9457,25.9457,51.8914,51.8914,51.8914,25.9457,-25.9457,2.0,2.0,1.125,14,10,1,2,0E-8,0.18055556,,0E-8,0.000000,0.888889,0.000000,,2026-05-15,2026-05-15,1,14,14,1,1.000000,,,0.000000,,,,,,,,GLOBAL_BASELINE_NO_ENTITY_RANKING,,,NOT_APPLICABLE_GLOBAL_BASELINE,HF9g-P5,,,,X 全窗基线 · 不参与实体赏罚,6876148,688,A168_HF9F_20260827_0900,2026-08-27 09:00:00
2026-05-15,143640065,1078,0,51.8914431010,-25.9457215505,-25.9457215505,0E-7,2,2,0.50665070000000000,0.506650700000,-1.013391052207602,-1.013391052207602,-1.013391052207602,0E-17,ELIGIBLE,R03b_20260811_FULL_v1,L1_ELIGIBILITY,v2026-08-11,2026-03-21..2026-08-06,baccarat_bet02_101_all_pairs_incl_sentinel,round_win = game_pnl > 0 (decisive only),COMPATIBILITY_ONLY_NOT_PRODUCTION,934.0460,830.2631,168.6472,32,32,-0.18055556,,-0.18055556,-0.18055556,-168.6472,934.0460,OK,0.0000,6.7459,4.0000,96.0000,AG03-UNRESOLVED,ALL5_LEVELS_bet23_to_bet27,6.7459,8.4324,8.4324,8.4324,8.4324,4.000000,5.000000,5.000000,5.000000,5.000000,96.000000,95.000000,95.000000,95.000000,95.000000,5.0,40.4753,36.7776,128.1719,131.8696,PENDING_AG03,FALSE,NOT_FOR_ENFORCEMENT,161.9013,797.0526,168.6472,161.9013,6.7459,0.18055556,0.17333333,6.7459,161.9013,0.17333333,6.7459,8.4324,8.4324,8.4324,8.4324,161.9013,0.17333333,40.4753,36.7776,128.1719,131.8696,0.13722222,0.14118108,0.00722222,29.1889,25.9457,5.2702,168.6472,12.0462,934.0460,32.0000,,29.1889,25.9457,25.9457,25.9457,51.8914,51.8914,51.8914,25.9457,-25.9457,2.0,2.0,1.125,14,10,1,2,0E-8,0.18055556,,0E-8,0.000000,0.888889,0.000000,,2026-05-15,2026-05-15,1,14,14,1,1.000000,,,0.000000,,,,,,,,GLOBAL_BASELINE_NO_ENTITY_RANKING,,,NOT_APPLICABLE_GLOBAL_BASELINE,HF9g-P5,,,,X 全窗基线 · 不参与实体赏罚,6876149,688,A168_HF9F_20260827_0900,2026-08-27 09:00:00
2026-05-15,143640065,1221,0,25.9457215505,-25.9457215505,-25.9457215505,0E-7,1,1,0.49324550000000000,0.493245500000,-0.9865810262130424,-0.9865810262130424,-0.9865810262130424,0E-17,ELIGIBLE,R03b_20260811_FULL_v1,L1_ELIGIBILITY,v2026-08-11,2026-03-21..2026-08-06,baccarat_bet02_101_all_pairs_incl_sentinel,round_win = game_pnl > 0 (decisive only),COMPATIBILITY_ONLY_NOT_PRODUCTION,934.0460,830.2631,168.6472,32,32,-0.18055556,,-0.18055556,-0.18055556,-168.6472,934.0460,OK,0.0000,6.7459,4.0000,96.0000,AG03-UNRESOLVED,ALL5_LEVELS_bet23_to_bet27,6.7459,8.4324,8.4324,8.4324,8.4324,4.000000,5.000000,5.000000,5.000000,5.000000,96.000000,95.000000,95.000000,95.000000,95.000000,5.0,40.4753,36.7776,128.1719,131.8696,PENDING_AG03,FALSE,NOT_FOR_ENFORCEMENT,161.9013,797.0526,168.6472,161.9013,6.7459,0.18055556,0.17333333,6.7459,161.9013,0.17333333,6.7459,8.4324,8.4324,8.4324,8.4324,161.9013,0.17333333,40.4753,36.7776,128.1719,131.8696,0.13722222,0.14118108,0.00722222,29.1889,25.9457,5.2702,168.6472,12.0462,934.0460,32.0000,,29.1889,25.9457,25.9457,25.9457,51.8914,51.8914,51.8914,25.9457,-25.9457,2.0,2.0,1.125,14,10,1,2,0E-8,0.18055556,,0E-8,0.000000,0.888889,0.000000,,2026-05-15,2026-05-15,1,14,14,1,1.000000,,,0.000000,,,,,,,,GLOBAL_BASELINE_NO_ENTITY_RANKING,,,NOT_APPLICABLE_GLOBAL_BASELINE,HF9g-P5,,,,X 全窗基线 · 不参与实体赏罚,6876150,688,A168_HF9F_20260827_0900,2026-08-27 09:00:00
2026-05-15,143640065,1330,0,103.7828862020,-25.9457215505,-25.9457215505,0.3333333,4,4,0.49994810000000000,0.499948100000,-0.5771704854251445,-0.5771704854251445,-0.5771704854251445,0E-17,ELIGIBLE,R03b_20260811_FULL_v1,L1_ELIGIBILITY,v2026-08-11,2026-03-21..2026-08-06,baccarat_bet02_101_all_pairs_incl_sentinel,round_win = game_pnl > 0 (decisive only),COMPATIBILITY_ONLY_NOT_PRODUCTION,934.0460,830.2631,168.6472,32,32,-0.18055556,,-0.18055556,-0.18055556,-168.6472,934.0460,OK,0.0000,6.7459,4.0000,96.0000,AG03-UNRESOLVED,ALL5_LEVELS_bet23_to_bet27,6.7459,8.4324,8.4324,8.4324,8.4324,4.000000,5.000000,5.000000,5.000000,5.000000,96.000000,95.000000,95.000000,95.000000,95.000000,5.0,40.4753,36.7776,128.1719,131.8696,PENDING_AG03,FALSE,NOT_FOR_ENFORCEMENT,161.9013,797.0526,168.6472,161.9013,6.7459,0.18055556,0.17333333,6.7459,161.9013,0.17333333,6.7459,8.4324,8.4324,8.4324,8.4324,161.9013,0.17333333,40.4753,36.7776,128.1719,131.8696,0.13722222,0.14118108,0.00722222,29.1889,25.9457,5.2702,168.6472,12.0462,934.0460,32.0000,,29.1889,25.9457,25.9457,25.9457,51.8914,51.8914,51.8914,25.9457,-25.9457,2.0,2.0,1.125,14,10,1,2,0E-8,0.18055556,,0E-8,0.000000,0.888889,0.000000,,2026-05-15,2026-05-15,1,14,14,1,1.000000,,,0.000000,,,,,,,,GLOBAL_BASELINE_NO_ENTITY_RANKING,,,NOT_APPLICABLE_GLOBAL_BASELINE,HF9g-P5,,,,X 全窗基线 · 不参与实体赏罚,6876151,688,A168_HF9F_20260827_0900,2026-08-27 09:00:00
2026-05-15,143640065,1623,0,25.9457215505,24.6484354730,24.6484354730,1.0000000,1,1,0.50665070000000000,0.506650700000,0.9867858985152569,0.9867858985152569,0.9867858985152569,0E-17,ELIGIBLE,R03b_20260811_FULL_v1,L1_ELIGIBILITY,v2026-08-11,2026-03-21..2026-08-06,baccarat_bet02_101_all_pairs_incl_sentinel,round_win = game_pnl > 0 (decisive only),COMPATIBILITY_ONLY_NOT_PRODUCTION,934.0460,830.2631,168.6472,32,32,-0.18055556,,-0.18055556,-0.18055556,-168.6472,934.0460,OK,0.0000,6.7459,4.0000,96.0000,AG03-UNRESOLVED,ALL5_LEVELS_bet23_to_bet27,6.7459,8.4324,8.4324,8.4324,8.4324,4.000000,5.000000,5.000000,5.000000,5.000000,96.000000,95.000000,95.000000,95.000000,95.000000,5.0,40.4753,36.7776,128.1719,131.8696,PENDING_AG03,FALSE,NOT_FOR_ENFORCEMENT,161.9013,797.0526,168.6472,161.9013,6.7459,0.18055556,0.17333333,6.7459,161.9013,0.17333333,6.7459,8.4324,8.4324,8.4324,8.4324,161.9013,0.17333333,40.4753,36.7776,128.1719,131.8696,0.13722222,0.14118108,0.00722222,29.1889,25.9457,5.2702,168.6472,12.0462,934.0460,32.0000,,29.1889,25.9457,25.9457,25.9457,51.8914,51.8914,51.8914,25.9457,-25.9457,2.0,2.0,1.125,14,10,1,2,0E-8,0.18055556,,0E-8,0.000000,0.888889,0.000000,,2026-05-15,2026-05-15,1,14,14,1,1.000000,,,0.000000,,,,,,,,GLOBAL_BASELINE_NO_ENTITY_RANKING,,,NOT_APPLICABLE_GLOBAL_BASELINE,HF9g-P5,,,,X 全窗基线 · 不参与实体赏罚,6876152,688,A168_HF9F_20260827_0900,2026-08-27 09:00:00
2026-05-15,143640065,1654,0,51.8914431010,0E-10,0E-10,0.5000000,2,2,0.49994810000000000,0.499948100000,0.00014679536856514622,0.00014679536856514622,0.00014679536856514622,0E-17,ELIGIBLE,R03b_20260811_FULL_v1,L1_ELIGIBILITY,v2026-08-11,2026-03-21..2026-08-06,baccarat_bet02_101_all_pairs_incl_sentinel,round_win = game_pnl > 0 (decisive only),COMPATIBILITY_ONLY_NOT_PRODUCTION,934.0460,830.2631,168.6472,32,32,-0.18055556,,-0.18055556,-0.18055556,-168.6472,934.0460,OK,0.0000,6.7459,4.0000,96.0000,AG03-UNRESOLVED,ALL5_LEVELS_bet23_to_bet27,6.7459,8.4324,8.4324,8.4324,8.4324,4.000000,5.000000,5.000000,5.000000,5.000000,96.000000,95.000000,95.000000,95.000000,95.000000,5.0,40.4753,36.7776,128.1719,131.8696,PENDING_AG03,FALSE,NOT_FOR_ENFORCEMENT,161.9013,797.0526,168.6472,161.9013,6.7459,0.18055556,0.17333333,6.7459,161.9013,0.17333333,6.7459,8.4324,8.4324,8.4324,8.4324,161.9013,0.17333333,40.4753,36.7776,128.1719,131.8696,0.13722222,0.14118108,0.00722222,29.1889,25.9457,5.2702,168.6472,12.0462,934.0460,32.0000,,29.1889,25.9457,25.9457,25.9457,51.8914,51.8914,51.8914,25.9457,-25.9457,2.0,2.0,1.125,14,10,1,2,0E-8,0.18055556,,0E-8,0.000000,0.888889,0.000000,,2026-05-15,2026-05-15,1,14,14,1,1.000000,,,0.000000,,,,,,,,GLOBAL_BASELINE_NO_ENTITY_RANKING,,,NOT_APPLICABLE_GLOBAL_BASELINE,HF9g-P5,,,,X 全窗基线 · 不参与实体赏罚,6876153,688,A168_HF9F_20260827_0900,2026-08-27 09:00:00
2026-05-15,143640065,2170,0,233.5114939545,-31.1348658605,-31.1348658605,0.4285714,7,7,0.50282064285714286,0.502820642857,-0.39289616391791987,-0.3928961639171632,-0.39289616391791987,1.4286E-13,ELIGIBLE,R03b_20260811_FULL_v1,L1_ELIGIBILITY,v2026-08-11,2026-03-21..2026-08-06,baccarat_bet02_101_all_pairs_incl_sentinel,round_win = game_pnl > 0 (decisive only),COMPATIBILITY_ONLY_NOT_PRODUCTION,934.0460,830.2631,168.6472,32,32,-0.18055556,,-0.18055556,-0.18055556,-168.6472,934.0460,OK,0.0000,6.7459,4.0000,96.0000,AG03-UNRESOLVED,ALL5_LEVELS_bet23_to_bet27,6.7459,8.4324,8.4324,8.4324,8.4324,4.000000,5.000000,5.000000,5.000000,5.000000,96.000000,95.000000,95.000000,95.000000,95.000000,5.0,40.4753,36.7776,128.1719,131.8696,PENDING_AG03,FALSE,NOT_FOR_ENFORCEMENT,161.9013,797.0526,168.6472,161.9013,6.7459,0.18055556,0.17333333,6.7459,161.9013,0.17333333,6.7459,8.4324,8.4324,8.4324,8.4324,161.9013,0.17333333,40.4753,36.7776,128.1719,131.8696,0.13722222,0.14118108,0.00722222,29.1889,25.9457,5.2702,168.6472,12.0462,934.0460,32.0000,,29.1889,25.9457,25.9457,25.9457,51.8914,51.8914,51.8914,25.9457,-25.9457,2.0,2.0,1.125,14,10,1,2,0E-8,0.18055556,,0E-8,0.000000,0.888889,0.000000,,2026-05-15,2026-05-15,1,14,14,1,1.000000,,,0.000000,,,,,,,,GLOBAL_BASELINE_NO_ENTITY_RANKING,,,NOT_APPLICABLE_GLOBAL_BASELINE,HF9g-P5,,,,X 全窗基线 · 不参与实体赏罚,6876154,688,A168_HF9F_20260827_0900,2026-08-27 09:00:00
2026-05-15,143640065,2212,0,51.8914431010,0E-10,0E-10,0.5000000,2,2,0.49994810000000000,0.499948100000,0.00014679536856514622,0.00014679536856514622,0.00014679536856514622,0E-17,ELIGIBLE,R03b_20260811_FULL_v1,L1_ELIGIBILITY,v2026-08-11,2026-03-21..2026-08-06,baccarat_bet02_101_all_pairs_incl_sentinel,round_win = game_pnl > 0 (decisive only),COMPATIBILITY_ONLY_NOT_PRODUCTION,934.0460,830.2631,168.6472,32,32,-0.18055556,,-0.18055556,-0.18055556,-168.6472,934.0460,OK,0.0000,6.7459,4.0000,96.0000,AG03-UNRESOLVED,ALL5_LEVELS_bet23_to_bet27,6.7459,8.4324,8.4324,8.4324,8.4324,4.000000,5.000000,5.000000,5.000000,5.000000,96.000000,95.000000,95.000000,95.000000,95.000000,5.0,40.4753,36.7776,128.1719,131.8696,PENDING_AG03,FALSE,NOT_FOR_ENFORCEMENT,161.9013,797.0526,168.6472,161.9013,6.7459,0.18055556,0.17333333,6.7459,161.9013,0.17333333,6.7459,8.4324,8.4324,8.4324,8.4324,161.9013,0.17333333,40.4753,36.7776,128.1719,131.8696,0.13722222,0.14118108,0.00722222,29.1889,25.9457,5.2702,168.6472,12.0462,934.0460,32.0000,,29.1889,25.9457,25.9457,25.9457,51.8914,51.8914,51.8914,25.9457,-25.9457,2.0,2.0,1.125,14,10,1,2,0E-8,0.18055556,,0E-8,0.000000,0.888889,0.000000,,2026-05-15,2026-05-15,1,14,14,1,1.000000,,,0.000000,,,,,,,,GLOBAL_BASELINE_NO_ENTITY_RANKING,,,NOT_APPLICABLE_GLOBAL_BASELINE,HF9g-P5,,,,X 全窗基线 · 不参与实体赏罚,6876155,688,A168_HF9F_20260827_0900,2026-08-27 09:00:00
2026-05-15,143640065,2252,0,77.8371646515,49.2968709460,49.2968709460,1.0000000,2,2,0.50665070000000000,0.506650700000,0.9867858985152569,0.9867858985152569,0.9867858985152569,0E-17,ELIGIBLE,R03b_20260811_FULL_v1,L1_ELIGIBILITY,v2026-08-11,2026-03-21..2026-08-06,baccarat_bet02_101_all_pairs_incl_sentinel,round_win = game_pnl > 0 (decisive only),COMPATIBILITY_ONLY_NOT_PRODUCTION,934.0460,830.2631,168.6472,32,32,-0.18055556,,-0.18055556,-0.18055556,-168.6472,934.0460,OK,0.0000,6.7459,4.0000,96.0000,AG03-UNRESOLVED,ALL5_LEVELS_bet23_to_bet27,6.7459,8.4324,8.4324,8.4324,8.4324,4.000000,5.000000,5.000000,5.000000,5.000000,96.000000,95.000000,95.000000,95.000000,95.000000,5.0,40.4753,36.7776,128.1719,131.8696,PENDING_AG03,FALSE,NOT_FOR_ENFORCEMENT,161.9013,797.0526,168.6472,161.9013,6.7459,0.18055556,0.17333333,6.7459,161.9013,0.17333333,6.7459,8.4324,8.4324,8.4324,8.4324,161.9013,0.17333333,40.4753,36.7776,128.1719,131.8696,0.13722222,0.14118108,0.00722222,29.1889,25.9457,5.2702,168.6472,12.0462,934.0460,32.0000,,29.1889,25.9457,25.9457,25.9457,51.8914,51.8914,51.8914,25.9457,-25.9457,2.0,2.0,1.125,14,10,1,2,0E-8,0.18055556,,0E-8,0.000000,0.888889,0.000000,,2026-05-15,2026-05-15,1,14,14,1,1.000000,,,0.000000,,,,,,,,GLOBAL_BASELINE_NO_ENTITY_RANKING,,,NOT_APPLICABLE_GLOBAL_BASELINE,HF9g-P5,,,,X 全窗基线 · 不参与实体赏罚,6876156,688,A168_HF9F_20260827_0900,2026-08-27 09:00:00
2026-05-15,143640065,595,0,103.7828862020,-53.1887291785,-53.1887291785,0.2500000,4,4,0.50665070000000000,0.506650700000,-1.0266936290537745,-1.0266936290537745,-1.0266936290537745,0E-17,ELIGIBLE,R03b_20260811_FULL_v1,L1_ELIGIBILITY,v2026-08-11,2026-03-21..2026-08-06,baccarat_bet02_101_all_pairs_incl_sentinel,round_win = game_pnl > 0 (decisive only),COMPATIBILITY_ONLY_NOT_PRODUCTION,934.0460,830.2631,168.6472,32,32,-0.18055556,,-0.18055556,-0.18055556,-168.6472,934.0460,OK,0.0000,6.7459,4.0000,96.0000,AG03-UNRESOLVED,ALL5_LEVELS_bet23_to_bet27,6.7459,8.4324,8.4324,8.4324,8.4324,4.000000,5.000000,5.000000,5.000000,5.000000,96.000000,95.000000,95.000000,95.000000,95.000000,5.0,40.4753,36.7776,128.1719,131.8696,PENDING_AG03,FALSE,NOT_FOR_ENFORCEMENT,161.9013,797.0526,168.6472,161.9013,6.7459,0.18055556,0.17333333,6.7459,161.9013,0.17333333,6.7459,8.4324,8.4324,8.4324,8.4324,161.9013,0.17333333,40.4753,36.7776,128.1719,131.8696,0.13722222,0.14118108,0.00722222,29.1889,25.9457,5.2702,168.6472,12.0462,934.0460,32.0000,,29.1889,25.9457,25.9457,25.9457,51.8914,51.8914,51.8914,25.9457,-25.9457,2.0,2.0,1.125,14,10,1,2,0E-8,0.18055556,,0E-8,0.000000,0.888889,0.000000,,2026-05-15,2026-05-15,1,14,14,1,1.000000,,,0.000000,,,,,,,,GLOBAL_BASELINE_NO_ENTITY_RANKING,,,NOT_APPLICABLE_GLOBAL_BASELINE,HF9g-P5,,,,X 全窗基线 · 不参与实体赏罚,6876157,688,A168_HF9F_20260827_0900,2026-08-27 09:00:00
2026-05-20,150315781,-1,1,129.7286077525,-103.7828862020,-103.7828862020,0E-7,4,4,0.49324550000000000,0.493245500000,-1.708808463184432,-1.7088084631844318,-1.708808463184432,0E-17,SENTINEL_DEALER,R03b_20260811_FULL_v1,L1_ELIGIBILITY,v2026-08-11,2026-03-21..2026-08-06,baccarat_bet02_101_all_pairs_incl_sentinel,round_win = game_pnl > 0 (decisive only),COMPATIBILITY_ONLY_NOT_PRODUCTION,661.6159,583.7787,168.6472,16,16,-0.25490196,,-0.25490196,-0.25490196,-168.6472,661.6159,THIN_EXPOSURE,0.0000,6.7459,4.0000,96.0000,AG03-UNRESOLVED,ALL5_LEVELS_bet23_to_bet27,6.7459,6.7459,6.7459,8.4324,8.4324,4.000000,4.000000,4.000000,5.000000,5.000000,96.000000,96.000000,96.000000,95.000000,95.000000,5.0,37.1024,33.9868,131.5448,134.6604,PENDING_AG03,FALSE,NOT_FOR_ENFORCEMENT,161.9013,560.4276,168.6472,161.9013,6.7459,0.25490196,0.24470588,6.7459,161.9013,0.24470588,6.7459,6.7459,6.7459,8.4324,8.4324,161.9013,0.24470588,37.1024,33.9868,131.5448,134.6604,0.19882353,0.20353265,0.01019608,41.3510,36.4862,10.5404,168.6472,28.1079,661.6159,16.0000,,41.3510,25.9457,25.9457,51.8914,51.8914,106.3774,129.7286,25.9457,-12.9729,4.099999,5.0,1.59375,5,5,1,2,0E-8,0.25490196,,0E-8,0.000000,0.882353,0.937500,,2026-05-20,2026-05-20,1,6,5,1,1.000000,,,0.000000,,,,,,,,GLOBAL_BASELINE_NO_ENTITY_RANKING,,,NOT_APPLICABLE_GLOBAL_BASELINE,HF9g-P5,,,,X 全窗基线 · 不参与实体赏罚,6876158,688,A168_HF9F_20260827_0900,2026-08-27 09:00:00
2026-05-20,150315781,1353,0,51.8914431010,0E-10,0E-10,0.5000000,2,2,0.49324550000000000,0.493245500000,0.01910635448239258,0.01910635448239258,0.01910635448239258,0E-17,ELIGIBLE,R03b_20260811_FULL_v1,L1_ELIGIBILITY,v2026-08-11,2026-03-21..2026-08-06,baccarat_bet02_101_all_pairs_incl_sentinel,round_win = game_pnl > 0 (decisive only),COMPATIBILITY_ONLY_NOT_PRODUCTION,661.6159,583.7787,168.6472,16,16,-0.25490196,,-0.25490196,-0.25490196,-168.6472,661.6159,THIN_EXPOSURE,0.0000,6.7459,4.0000,96.0000,AG03-UNRESOLVED,ALL5_LEVELS_bet23_to_bet27,6.7459,6.7459,6.7459,8.4324,8.4324,4.000000,4.000000,4.000000,5.000000,5.000000,96.000000,96.000000,96.000000,95.000000,95.000000,5.0,37.1024,33.9868,131.5448,134.6604,PENDING_AG03,FALSE,NOT_FOR_ENFORCEMENT,161.9013,560.4276,168.6472,161.9013,6.7459,0.25490196,0.24470588,6.7459,161.9013,0.24470588,6.7459,6.7459,6.7459,8.4324,8.4324,161.9013,0.24470588,37.1024,33.9868,131.5448,134.6604,0.19882353,0.20353265,0.01019608,41.3510,36.4862,10.5404,168.6472,28.1079,661.6159,16.0000,,41.3510,25.9457,25.9457,51.8914,51.8914,106.3774,129.7286,25.9457,-12.9729,4.099999,5.0,1.59375,5,5,1,2,0E-8,0.25490196,,0E-8,0.000000,0.882353,0.937500,,2026-05-20,2026-05-20,1,6,5,1,1.000000,,,0.000000,,,,,,,,GLOBAL_BASELINE_NO_ENTITY_RANKING,,,NOT_APPLICABLE_GLOBAL_BASELINE,HF9g-P5,,,,X 全窗基线 · 不参与实体赏罚,6876159,688,A168_HF9F_20260827_0900,2026-08-27 09:00:00
2026-05-20,150315781,2108,0,116.7557469773,-38.9185823258,-38.9185823258,0.3333333,4,4,0.50665070000000000,0.506650700000,-0.6004420894325239,-0.6004420894325239,-0.6004420894325239,0E-17,ELIGIBLE,R03b_20260811_FULL_v1,L1_ELIGIBILITY,v2026-08-11,2026-03-21..2026-08-06,baccarat_bet02_101_all_pairs_incl_sentinel,round_win = game_pnl > 0 (decisive only),COMPATIBILITY_ONLY_NOT_PRODUCTION,661.6159,583.7787,168.6472,16,16,-0.25490196,,-0.25490196,-0.25490196,-168.6472,661.6159,THIN_EXPOSURE,0.0000,6.7459,4.0000,96.0000,AG03-UNRESOLVED,ALL5_LEVELS_bet23_to_bet27,6.7459,6.7459,6.7459,8.4324,8.4324,4.000000,4.000000,4.000000,5.000000,5.000000,96.000000,96.000000,96.000000,95.000000,95.000000,5.0,37.1024,33.9868,131.5448,134.6604,PENDING_AG03,FALSE,NOT_FOR_ENFORCEMENT,161.9013,560.4276,168.6472,161.9013,6.7459,0.25490196,0.24470588,6.7459,161.9013,0.24470588,6.7459,6.7459,6.7459,8.4324,8.4324,161.9013,0.24470588,37.1024,33.9868,131.5448,134.6604,0.19882353,0.20353265,0.01019608,41.3510,36.4862,10.5404,168.6472,28.1079,661.6159,16.0000,,41.3510,25.9457,25.9457,51.8914,51.8914,106.3774,129.7286,25.9457,-12.9729,4.099999,5.0,1.59375,5,5,1,2,0E-8,0.25490196,,0E-8,0.000000,0.882353,0.937500,,2026-05-20,2026-05-20,1,6,5,1,1.000000,,,0.000000,,,,,,,,GLOBAL_BASELINE_NO_ENTITY_RANKING,,,NOT_APPLICABLE_GLOBAL_BASELINE,HF9g-P5,,,,X 全窗基线 · 不参与实体赏罚,6876160,688,A168_HF9F_20260827_0900,2026-08-27 09:00:00
2026-05-20,150315781,2251,0,129.7286077526,-129.7286077526,-129.7286077526,0E-7,1,1,0.50665070000000000,0.506650700000,-1.013391052207602,-1.013391052207602,-1.013391052207602,0E-17,ELIGIBLE,R03b_20260811_FULL_v1,L1_ELIGIBILITY,v2026-08-11,2026-03-21..2026-08-06,baccarat_bet02_101_all_pairs_incl_sentinel,round_win = game_pnl > 0 (decisive only),COMPATIBILITY_ONLY_NOT_PRODUCTION,661.6159,583.7787,168.6472,16,16,-0.25490196,,-0.25490196,-0.25490196,-168.6472,661.6159,THIN_EXPOSURE,0.0000,6.7459,4.0000,96.0000,AG03-UNRESOLVED,ALL5_LEVELS_bet23_to_bet27,6.7459,6.7459,6.7459,8.4324,8.4324,4.000000,4.000000,4.000000,5.000000,5.000000,96.000000,96.000000,96.000000,95.000000,95.000000,5.0,37.1024,33.9868,131.5448,134.6604,PENDING_AG03,FALSE,NOT_FOR_ENFORCEMENT,161.9013,560.4276,168.6472,161.9013,6.7459,0.25490196,0.24470588,6.7459,161.9013,0.24470588,6.7459,6.7459,6.7459,8.4324,8.4324,161.9013,0.24470588,37.1024,33.9868,131.5448,134.6604,0.19882353,0.20353265,0.01019608,41.3510,36.4862,10.5404,168.6472,28.1079,661.6159,16.0000,,41.3510,25.9457,25.9457,51.8914,51.8914,106.3774,129.7286,25.9457,-12.9729,4.099999,5.0,1.59375,5,5,1,2,0E-8,0.25490196,,0E-8,0.000000,0.882353,0.937500,,2026-05-20,2026-05-20,1,6,5,1,1.000000,,,0.000000,,,,,,,,GLOBAL_BASELINE_NO_ENTITY_RANKING,,,NOT_APPLICABLE_GLOBAL_BASELINE,HF9g-P5,,,,X 全窗基线 · 不参与实体赏罚,6876161,688,A168_HF9F_20260827_0900,2026-08-27 09:00:00
2026-05-20,150315781,987,0,233.5114939545,103.7828862020,103.7828862020,0.8000000,5,5,0.49592654000000000,0.495926540000,1.359902984124143,1.359902984124143,1.359902984124143,0E-17,ELIGIBLE,R03b_20260811_FULL_v1,L1_ELIGIBILITY,v2026-08-11,2026-03-21..2026-08-06,baccarat_bet02_101_all_pairs_incl_sentinel,round_win = game_pnl > 0 (decisive only),COMPATIBILITY_ONLY_NOT_PRODUCTION,661.6159,583.7787,168.6472,16,16,-0.25490196,,-0.25490196,-0.25490196,-168.6472,661.6159,THIN_EXPOSURE,0.0000,6.7459,4.0000,96.0000,AG03-UNRESOLVED,ALL5_LEVELS_bet23_to_bet27,6.7459,6.7459,6.7459,8.4324,8.4324,4.000000,4.000000,4.000000,5.000000,5.000000,96.000000,96.000000,96.000000,95.000000,95.000000,5.0,37.1024,33.9868,131.5448,134.6604,PENDING_AG03,FALSE,NOT_FOR_ENFORCEMENT,161.9013,560.4276,168.6472,161.9013,6.7459,0.25490196,0.24470588,6.7459,161.9013,0.24470588,6.7459,6.7459,6.7459,8.4324,8.4324,161.9013,0.24470588,37.1024,33.9868,131.5448,134.6604,0.19882353,0.20353265,0.01019608,41.3510,36.4862,10.5404,168.6472,28.1079,661.6159,16.0000,,41.3510,25.9457,25.9457,51.8914,51.8914,106.3774,129.7286,25.9457,-12.9729,4.099999,5.0,1.59375,5,5,1,2,0E-8,0.25490196,,0E-8,0.000000,0.882353,0.937500,,2026-05-20,2026-05-20,1,6,5,1,1.000000,,,0.000000,,,,,,,,GLOBAL_BASELINE_NO_ENTITY_RANKING,,,NOT_APPLICABLE_GLOBAL_BASELINE,HF9g-P5,,,,X 全窗基线 · 不参与实体赏罚,6876162,688,A168_HF9F_20260827_0900,2026-08-27 09:00:00
2026-05-16,150135053,2235,0,508.5361423901,-168.6471900783,-168.6471900783,0.3333333,4,4,0.50329940000000000,0.503299400000,-0.5887925454369916,-0.5887925454369916,-0.5887925454369916,0E-17,ELIGIBLE,R03b_20260811_FULL_v1,L1_ELIGIBILITY,v2026-08-11,2026-03-21..2026-08-06,baccarat_bet02_101_all_pairs_incl_sentinel,round_win = game_pnl > 0 (decisive only),COMPATIBILITY_ONLY_NOT_PRODUCTION,508.5361,371.0238,168.6472,4,4,-0.33163265,,-0.33163265,-0.33163265,-168.6472,508.5361,THIN_EXPOSURE,0.0000,6.7459,4.0000,96.0000,AG03-UNRESOLVED,ALL5_LEVELS_bet23_to_bet27,6.7459,6.7459,6.7459,8.4324,8.4324,4.000000,4.000000,4.000000,5.000000,5.000000,96.000000,96.000000,96.000000,95.000000,95.000000,5.0,37.1024,33.9868,131.5448,134.6604,PENDING_AG03,FALSE,NOT_FOR_ENFORCEMENT,161.9013,356.1829,168.6472,161.9013,6.7459,0.33163265,0.31836735,6.7459,161.9013,0.31836735,6.7459,6.7459,6.7459,8.4324,8.4324,161.9013,0.31836735,37.1024,33.9868,131.5448,134.6604,0.25867347,0.26480013,0.01326531,127.1340,92.7560,42.1618,168.6472,168.6472,508.5361,4.0000,,127.1340,116.7557,133.6205,137.5123,137.5123,137.5123,137.5123,116.7557,-64.8643,1.029126,1.029126,0.951456,1,1,1,2,0E-8,0.33163265,,0E-8,0.000000,0.729592,0.000000,,2026-05-16,2026-05-16,1,1,1,1,1.000000,,,0.000000,,,,,,,,GLOBAL_BASELINE_NO_ENTITY_RANKING,,,NOT_APPLICABLE_GLOBAL_BASELINE,HF9g-P5,,,,X 全窗基线 · 不参与实体赏罚,6876163,688,A168_HF9F_20260827_0900,2026-08-27 09:00:00
2026-05-05,149582524,1078,0,10.3782886202,-10.3782886202,-10.3782886202,0E-7,1,1,0.49324550000000000,0.493245500000,-0.9865810262130424,-0.9865810262130424,-0.9865810262130424,0E-17,ELIGIBLE,R03b_20260811_FULL_v1,L1_ELIGIBILITY,v2026-08-11,2026-03-21..2026-08-06,baccarat_bet02_101_all_pairs_incl_sentinel,round_win = game_pnl > 0 (decisive only),COMPATIBILITY_ONLY_NOT_PRODUCTION,336.2566,336.2566,168.6472,21,11,-0.50154321,,-0.50154321,-0.50154321,-168.6472,336.2566,THIN_EXPOSURE,0.0000,6.7459,4.0000,96.0000,AG03-UNRESOLVED,ALL5_LEVELS_bet23_to_bet27,6.7459,6.7459,8.4324,8.4324,8.4324,4.000000,4.000000,5.000000,5.000000,5.000000,96.000000,96.000000,95.000000,95.000000,95.000000,5.0,38.7889,35.3895,129.8583,133.2577,PENDING_AG03,FALSE,NOT_FOR_ENFORCEMENT,161.9013,322.8063,168.6472,161.9013,6.7459,0.50154321,0.48148148,6.7459,161.9013,0.48148148,6.7459,6.7459,8.4324,8.4324,8.4324,161.9013,0.48148148,38.7889,35.3895,129.8583,133.2577,0.38618827,0.39629778,0.02006173,16.0122,30.5688,15.3316,168.6472,42.1618,336.2566,11.0000,,16.0122,2.5946,10.3783,20.4971,51.9952,57.8719,64.8643,10.3783,-2.5946,5.576249,6.25,1.542857,4,4,1,6,0E-8,0.50154321,,0E-8,0.000000,1.000000,0.857143,,2026-05-05,2026-05-05,1,4,4,1,1.000000,,,0.000000,,,,,,,,GLOBAL_BASELINE_NO_ENTITY_RANKING,,,NOT_APPLICABLE_GLOBAL_BASELINE,HF9g-P5,,,,X 全窗基线 · 不参与实体赏罚,6876164,688,A168_HF9F_20260827_0900,2026-08-27 09:00:00
2026-05-05,149582524,2123,0,219.7602615334,-52.1509003170,-52.1509003170,0.4285714,17,7,0.44664364708350768,0.330788692857,-0.09617838014306174,0.5498626749337566,-0.09617838014306174,0.11585495422650768,ELIGIBLE,R03b_20260811_FULL_v1,L1_ELIGIBILITY,v2026-08-11,2026-03-21..2026-08-06,baccarat_bet02_101_all_pairs_incl_sentinel,round_win = game_pnl > 0 (decisive only),COMPATIBILITY_ONLY_NOT_PRODUCTION,336.2566,336.2566,168.6472,21,11,-0.50154321,,-0.50154321,-0.50154321,-168.6472,336.2566,THIN_EXPOSURE,0.0000,6.7459,4.0000,96.0000,AG03-UNRESOLVED,ALL5_LEVELS_bet23_to_bet27,6.7459,6.7459,8.4324,8.4324,8.4324,4.000000,4.000000,5.000000,5.000000,5.000000,96.000000,96.000000,95.000000,95.000000,95.000000,5.0,38.7889,35.3895,129.8583,133.2577,PENDING_AG03,FALSE,NOT_FOR_ENFORCEMENT,161.9013,322.8063,168.6472,161.9013,6.7459,0.50154321,0.48148148,6.7459,161.9013,0.48148148,6.7459,6.7459,8.4324,8.4324,8.4324,161.9013,0.48148148,38.7889,35.3895,129.8583,133.2577,0.38618827,0.39629778,0.02006173,16.0122,30.5688,15.3316,168.6472,42.1618,336.2566,11.0000,,16.0122,2.5946,10.3783,20.4971,51.9952,57.8719,64.8643,10.3783,-2.5946,5.576249,6.25,1.542857,4,4,1,6,0E-8,0.50154321,,0E-8,0.000000,1.000000,0.857143,,2026-05-05,2026-05-05,1,4,4,1,1.000000,,,0.000000,,,,,,,,GLOBAL_BASELINE_NO_ENTITY_RANKING,,,NOT_APPLICABLE_GLOBAL_BASELINE,HF9g-P5,,,,X 全窗基线 · 不参与实体赏罚,6876165,688,A168_HF9F_20260827_0900,2026-08-27 09:00:00
2026-05-05,149582524,2142,0,80.1722795911,-80.1722795911,-80.1722795911,0E-7,2,2,0.49324550000000000,0.493245500000,-1.3952362676504506,-1.3952362676504506,-1.3952362676504506,0E-17,ELIGIBLE,R03b_20260811_FULL_v1,L1_ELIGIBILITY,v2026-08-11,2026-03-21..2026-08-06,baccarat_bet02_101_all_pairs_incl_sentinel,round_win = game_pnl > 0 (decisive only),COMPATIBILITY_ONLY_NOT_PRODUCTION,336.2566,336.2566,168.6472,21,11,-0.50154321,,-0.50154321,-0.50154321,-168.6472,336.2566,THIN_EXPOSURE,0.0000,6.7459,4.0000,96.0000,AG03-UNRESOLVED,ALL5_LEVELS_bet23_to_bet27,6.7459,6.7459,8.4324,8.4324,8.4324,4.000000,4.000000,5.000000,5.000000,5.000000,96.000000,96.000000,95.000000,95.000000,95.000000,5.0,38.7889,35.3895,129.8583,133.2577,PENDING_AG03,FALSE,NOT_FOR_ENFORCEMENT,161.9013,322.8063,168.6472,161.9013,6.7459,0.50154321,0.48148148,6.7459,161.9013,0.48148148,6.7459,6.7459,8.4324,8.4324,8.4324,161.9013,0.48148148,38.7889,35.3895,129.8583,133.2577,0.38618827,0.39629778,0.02006173,16.0122,30.5688,15.3316,168.6472,42.1618,336.2566,11.0000,,16.0122,2.5946,10.3783,20.4971,51.9952,57.8719,64.8643,10.3783,-2.5946,5.576249,6.25,1.542857,4,4,1,6,0E-8,0.50154321,,0E-8,0.000000,1.000000,0.857143,,2026-05-05,2026-05-05,1,4,4,1,1.000000,,,0.000000,,,,,,,,GLOBAL_BASELINE_NO_ENTITY_RANKING,,,NOT_APPLICABLE_GLOBAL_BASELINE,HF9g-P5,,,,X 全窗基线 · 不参与实体赏罚,6876166,688,A168_HF9F_20260827_0900,2026-08-27 09:00:00
2026-05-05,149582524,970,0,25.9457215505,-25.9457215505,-25.9457215505,0E-7,1,1,0.50665070000000000,0.506650700000,-1.013391052207602,-1.013391052207602,-1.013391052207602,0E-17,ELIGIBLE,R03b_20260811_FULL_v1,L1_ELIGIBILITY,v2026-08-11,2026-03-21..2026-08-06,baccarat_bet02_101_all_pairs_incl_sentinel,round_win = game_pnl > 0 (decisive only),COMPATIBILITY_ONLY_NOT_PRODUCTION,336.2566,336.2566,168.6472,21,11,-0.50154321,,-0.50154321,-0.50154321,-168.6472,336.2566,THIN_EXPOSURE,0.0000,6.7459,4.0000,96.0000,AG03-UNRESOLVED,ALL5_LEVELS_bet23_to_bet27,6.7459,6.7459,8.4324,8.4324,8.4324,4.000000,4.000000,5.000000,5.000000,5.000000,96.000000,96.000000,95.000000,95.000000,95.000000,5.0,38.7889,35.3895,129.8583,133.2577,PENDING_AG03,FALSE,NOT_FOR_ENFORCEMENT,161.9013,322.8063,168.6472,161.9013,6.7459,0.50154321,0.48148148,6.7459,161.9013,0.48148148,6.7459,6.7459,8.4324,8.4324,8.4324,161.9013,0.48148148,38.7889,35.3895,129.8583,133.2577,0.38618827,0.39629778,0.02006173,16.0122,30.5688,15.3316,168.6472,42.1618,336.2566,11.0000,,16.0122,2.5946,10.3783,20.4971,51.9952,57.8719,64.8643,10.3783,-2.5946,5.576249,6.25,1.542857,4,4,1,6,0E-8,0.50154321,,0E-8,0.000000,1.000000,0.857143,,2026-05-05,2026-05-05,1,4,4,1,1.000000,,,0.000000,,,,,,,,GLOBAL_BASELINE_NO_ENTITY_RANKING,,,NOT_APPLICABLE_GLOBAL_BASELINE,HF9g-P5,,,,X 全窗基线 · 不参与实体赏罚,6876167,688,A168_HF9F_20260827_0900,2026-08-27 09:00:00
2026-05-11,149887635,-1,1,80.4317368067,-80.4317368067,-80.4317368067,0E-7,4,3,0.34375448749975993,0.293924150000,-1.253578809451007,-1.1175130002489002,-1.253578809451007,0.04983033749975993,SENTINEL_DEALER,R03b_20260811_FULL_v1,L1_ELIGIBILITY,v2026-08-11,2026-03-21..2026-08-06,baccarat_bet02_101_all_pairs_incl_sentinel,round_win = game_pnl > 0 (decisive only),COMPATIBILITY_ONLY_NOT_PRODUCTION,282.8084,282.8084,168.6472,16,13,-0.59633028,,-0.59633028,-0.59633028,-168.6472,282.8084,THIN_EXPOSURE,0.0000,6.7459,4.0000,96.0000,AG03-UNRESOLVED,ALL5_LEVELS_bet23_to_bet27,6.7459,6.7459,6.7459,6.7459,6.7459,4.000000,4.000000,4.000000,4.000000,4.000000,96.000000,96.000000,96.000000,96.000000,96.000000,5.0,33.7294,31.1369,134.9178,137.5103,PENDING_AG03,FALSE,NOT_FOR_ENFORCEMENT,161.9013,271.4960,168.6472,161.9013,6.7459,0.59633028,0.57247706,6.7459,161.9013,0.57247706,6.7459,6.7459,6.7459,6.7459,6.7459,161.9013,0.57247706,33.7294,31.1369,134.9178,137.5103,0.47706422,0.48623143,0.02385321,17.6755,21.7545,12.9729,84.3236,24.0925,141.4042,6.5000,,17.6755,5.1891,10.3783,18.162,50.5942,70.0534,77.8372,10.3783,-5.1891,6.75,7.5,1.703125,6,4,3,4,0E-8,0.59633028,,0E-8,0.000000,1.000000,0.000000,,2026-05-11,2026-05-12,2,7,7,2,1.000000,,,0.000000,,,,,,,,GLOBAL_BASELINE_NO_ENTITY_RANKING,,,NOT_APPLICABLE_GLOBAL_BASELINE,HF9g-P5,,,,X 全窗基线 · 不参与实体赏罚,6876168,688,A168_HF9F_20260827_0900,2026-08-27 09:00:00
2026-05-11,149887635,2108,0,49.2968709462,28.5402937056,28.5402937056,0.6000000,6,5,0.40953607000000000,0.409536070000,0.8660739537123653,0.8660739537123653,0.8660739537123653,0E-17,ELIGIBLE,R03b_20260811_FULL_v1,L1_ELIGIBILITY,v2026-08-11,2026-03-21..2026-08-06,baccarat_bet02_101_all_pairs_incl_sentinel,round_win = game_pnl > 0 (decisive only),COMPATIBILITY_ONLY_NOT_PRODUCTION,282.8084,282.8084,168.6472,16,13,-0.59633028,,-0.59633028,-0.59633028,-168.6472,282.8084,THIN_EXPOSURE,0.0000,6.7459,4.0000,96.0000,AG03-UNRESOLVED,ALL5_LEVELS_bet23_to_bet27,6.7459,6.7459,6.7459,6.7459,6.7459,4.000000,4.000000,4.000000,4.000000,4.000000,96.000000,96.000000,96.000000,96.000000,96.000000,5.0,33.7294,31.1369,134.9178,137.5103,PENDING_AG03,FALSE,NOT_FOR_ENFORCEMENT,161.9013,271.4960,168.6472,161.9013,6.7459,0.59633028,0.57247706,6.7459,161.9013,0.57247706,6.7459,6.7459,6.7459,6.7459,6.7459,161.9013,0.57247706,33.7294,31.1369,134.9178,137.5103,0.47706422,0.48623143,0.02385321,17.6755,21.7545,12.9729,84.3236,24.0925,141.4042,6.5000,,17.6755,5.1891,10.3783,18.162,50.5942,70.0534,77.8372,10.3783,-5.1891,6.75,7.5,1.703125,6,4,3,4,0E-8,0.59633028,,0E-8,0.000000,1.000000,0.000000,,2026-05-11,2026-05-12,2,7,7,2,1.000000,,,0.000000,,,,,,,,GLOBAL_BASELINE_NO_ENTITY_RANKING,,,NOT_APPLICABLE_GLOBAL_BASELINE,HF9g-P5,,,,X 全窗基线 · 不参与实体赏罚,6876169,688,A168_HF9F_20260827_0900,2026-08-27 09:00:00
2026-05-11,149887635,2258,0,7.7837164652,-7.7837164652,-7.7837164652,0E-7,1,1,0.09460280000000000,0.094602800000,-0.32324545095860213,-0.32324545095860213,-0.32324545095860213,0E-17,ELIGIBLE,R03b_20260811_FULL_v1,L1_ELIGIBILITY,v2026-08-11,2026-03-21..2026-08-06,baccarat_bet02_101_all_pairs_incl_sentinel,round_win = game_pnl > 0 (decisive only),COMPATIBILITY_ONLY_NOT_PRODUCTION,282.8084,282.8084,168.6472,16,13,-0.59633028,,-0.59633028,-0.59633028,-168.6472,282.8084,THIN_EXPOSURE,0.0000,6.7459,4.0000,96.0000,AG03-UNRESOLVED,ALL5_LEVELS_bet23_to_bet27,6.7459,6.7459,6.7459,6.7459,6.7459,4.000000,4.000000,4.000000,4.000000,4.000000,96.000000,96.000000,96.000000,96.000000,96.000000,5.0,33.7294,31.1369,134.9178,137.5103,PENDING_AG03,FALSE,NOT_FOR_ENFORCEMENT,161.9013,271.4960,168.6472,161.9013,6.7459,0.59633028,0.57247706,6.7459,161.9013,0.57247706,6.7459,6.7459,6.7459,6.7459,6.7459,161.9013,0.57247706,33.7294,31.1369,134.9178,137.5103,0.47706422,0.48623143,0.02385321,17.6755,21.7545,12.9729,84.3236,24.0925,141.4042,6.5000,,17.6755,5.1891,10.3783,18.162,50.5942,70.0534,77.8372,10.3783,-5.1891,6.75,7.5,1.703125,6,4,3,4,0E-8,0.59633028,,0E-8,0.000000,1.000000,0.000000,,2026-05-11,2026-05-12,2,7,7,2,1.000000,,,0.000000,,,,,,,,GLOBAL_BASELINE_NO_ENTITY_RANKING,,,NOT_APPLICABLE_GLOBAL_BASELINE,HF9g-P5,,,,X 全窗基线 · 不参与实体赏罚,6876170,688,A168_HF9F_20260827_0900,2026-08-27 09:00:00
2026-05-12,149887635,-1,1,67.4588760314,-31.1348658606,-31.1348658606,0.3333333,4,3,0.46371641111117434,0.426805050000,-0.4528541681678415,-0.3273217721103076,-0.4528541681678415,0.03691136111117434,SENTINEL_DEALER,R03b_20260811_FULL_v1,L1_ELIGIBILITY,v2026-08-11,2026-03-21..2026-08-06,baccarat_bet02_101_all_pairs_incl_sentinel,round_win = game_pnl > 0 (decisive only),COMPATIBILITY_ONLY_NOT_PRODUCTION,282.8084,282.8084,168.6472,16,13,-0.59633028,,-0.59633028,-0.59633028,-168.6472,282.8084,THIN_EXPOSURE,0.0000,6.7459,4.0000,96.0000,AG03-UNRESOLVED,ALL5_LEVELS_bet23_to_bet27,6.7459,6.7459,6.7459,6.7459,6.7459,4.000000,4.000000,4.000000,4.000000,4.000000,96.000000,96.000000,96.000000,96.000000,96.000000,5.0,33.7294,31.1369,134.9178,137.5103,PENDING_AG03,FALSE,NOT_FOR_ENFORCEMENT,161.9013,271.4960,168.6472,161.9013,6.7459,0.59633028,0.57247706,6.7459,161.9013,0.57247706,6.7459,6.7459,6.7459,6.7459,6.7459,161.9013,0.57247706,33.7294,31.1369,134.9178,137.5103,0.47706422,0.48623143,0.02385321,17.6755,21.7545,12.9729,84.3236,24.0925,141.4042,6.5000,,17.6755,5.1891,10.3783,18.162,50.5942,70.0534,77.8372,10.3783,-5.1891,6.75,7.5,1.703125,6,4,3,4,0E-8,0.59633028,,0E-8,0.000000,1.000000,0.000000,,2026-05-11,2026-05-12,2,7,7,2,1.000000,,,0.000000,,,,,,,,GLOBAL_BASELINE_NO_ENTITY_RANKING,,,NOT_APPLICABLE_GLOBAL_BASELINE,HF9g-P5,,,,X 全窗基线 · 不参与实体赏罚,6876171,688,A168_HF9F_20260827_0900,2026-08-27 09:00:00
2026-05-12,149887635,1947,0,77.8371646515,-77.8371646515,-77.8371646515,0E-7,1,1,0.49324550000000000,0.493245500000,-0.9865810262130424,-0.9865810262130424,-0.9865810262130424,0E-17,ELIGIBLE,R03b_20260811_FULL_v1,L1_ELIGIBILITY,v2026-08-11,2026-03-21..2026-08-06,baccarat_bet02_101_all_pairs_incl_sentinel,round_win = game_pnl > 0 (decisive only),COMPATIBILITY_ONLY_NOT_PRODUCTION,282.8084,282.8084,168.6472,16,13,-0.59633028,,-0.59633028,-0.59633028,-168.6472,282.8084,THIN_EXPOSURE,0.0000,6.7459,4.0000,96.0000,AG03-UNRESOLVED,ALL5_LEVELS_bet23_to_bet27,6.7459,6.7459,6.7459,6.7459,6.7459,4.000000,4.000000,4.000000,4.000000,4.000000,96.000000,96.000000,96.000000,96.000000,96.000000,5.0,33.7294,31.1369,134.9178,137.5103,PENDING_AG03,FALSE,NOT_FOR_ENFORCEMENT,161.9013,271.4960,168.6472,161.9013,6.7459,0.59633028,0.57247706,6.7459,161.9013,0.57247706,6.7459,6.7459,6.7459,6.7459,6.7459,161.9013,0.57247706,33.7294,31.1369,134.9178,137.5103,0.47706422,0.48623143,0.02385321,17.6755,21.7545,12.9729,84.3236,24.0925,141.4042,6.5000,,17.6755,5.1891,10.3783,18.162,50.5942,70.0534,77.8372,10.3783,-5.1891,6.75,7.5,1.703125,6,4,3,4,0E-8,0.59633028,,0E-8,0.000000,1.000000,0.000000,,2026-05-11,2026-05-12,2,7,7,2,1.000000,,,0.000000,,,,,,,,GLOBAL_BASELINE_NO_ENTITY_RANKING,,,NOT_APPLICABLE_GLOBAL_BASELINE,HF9g-P5,,,,X 全窗基线 · 不参与实体赏罚,6876172,688,A168_HF9F_20260827_0900,2026-08-27 09:00:00
2026-05-17,134821071,1941,0,38.9185823258,-38.9185823258,-38.9185823258,0E-7,1,1,0.50665070000000000,0.506650700000,-1.013391052207602,-1.013391052207602,-1.013391052207602,0E-17,ELIGIBLE,R03b_20260811_FULL_v1,L1_ELIGIBILITY,v2026-08-11,2026-03-21..2026-08-06,baccarat_bet02_101_all_pairs_incl_sentinel,round_win = game_pnl > 0 (decisive only),COMPATIBILITY_ONLY_NOT_PRODUCTION,168.6472,168.6472,168.6472,2,2,-1.00000000,,-1.00000000,-1.00000000,-168.6472,168.6472,THIN_EXPOSURE,0.0000,6.7459,4.0000,96.0000,AG03-UNRESOLVED,ALL5_LEVELS_bet23_to_bet27,6.7459,6.7459,6.7459,6.7459,6.7459,4.000000,4.000000,4.000000,4.000000,4.000000,96.000000,96.000000,96.000000,96.000000,96.000000,5.0,33.7294,31.1369,134.9178,137.5103,PENDING_AG03,FALSE,NOT_FOR_ENFORCEMENT,161.9013,161.9013,168.6472,161.9013,6.7459,1.00000000,0.96000000,6.7459,161.9013,0.96000000,6.7459,6.7459,6.7459,6.7459,6.7459,161.9013,0.96000000,33.7294,31.1369,134.9178,137.5103,0.80000000,0.8153727,0.04000000,84.3236,84.3236,84.3236,168.6472,84.3236,168.6472,2.0000,,84.3236,38.9186,84.3236,129.7286,129.7286,129.7286,129.7286,84.3236,-84.3236,1.538462,1.538462,1.0,2,2,1,2,0E-8,1.00000000,,0E-8,0.000000,1.000000,0.000000,,2026-05-17,2026-05-17,1,2,2,1,1.000000,,,0.000000,,,,,,,,GLOBAL_BASELINE_NO_ENTITY_RANKING,,,NOT_APPLICABLE_GLOBAL_BASELINE,HF9g-P5,,,,X 全窗基线 · 不参与实体赏罚,6876173,688,A168_HF9F_20260827_0900,2026-08-27 09:00:00
2026-05-17,134821071,2248,0,129.7286077526,-129.7286077526,-129.7286077526,0E-7,1,1,0.49324550000000000,0.493245500000,-0.9865810262130424,-0.9865810262130424,-0.9865810262130424,0E-17,ELIGIBLE,R03b_20260811_FULL_v1,L1_ELIGIBILITY,v2026-08-11,2026-03-21..2026-08-06,baccarat_bet02_101_all_pairs_incl_sentinel,round_win = game_pnl > 0 (decisive only),COMPATIBILITY_ONLY_NOT_PRODUCTION,168.6472,168.6472,168.6472,2,2,-1.00000000,,-1.00000000,-1.00000000,-168.6472,168.6472,THIN_EXPOSURE,0.0000,6.7459,4.0000,96.0000,AG03-UNRESOLVED,ALL5_LEVELS_bet23_to_bet27,6.7459,6.7459,6.7459,6.7459,6.7459,4.000000,4.000000,4.000000,4.000000,4.000000,96.000000,96.000000,96.000000,96.000000,96.000000,5.0,33.7294,31.1369,134.9178,137.5103,PENDING_AG03,FALSE,NOT_FOR_ENFORCEMENT,161.9013,161.9013,168.6472,161.9013,6.7459,1.00000000,0.96000000,6.7459,161.9013,0.96000000,6.7459,6.7459,6.7459,6.7459,6.7459,161.9013,0.96000000,33.7294,31.1369,134.9178,137.5103,0.80000000,0.8153727,0.04000000,84.3236,84.3236,84.3236,168.6472,84.3236,168.6472,2.0000,,84.3236,38.9186,84.3236,129.7286,129.7286,129.7286,129.7286,84.3236,-84.3236,1.538462,1.538462,1.0,2,2,1,2,0E-8,1.00000000,,0E-8,0.000000,1.000000,0.000000,,2026-05-17,2026-05-17,1,2,2,1,1.000000,,,0.000000,,,,,,,,GLOBAL_BASELINE_NO_ENTITY_RANKING,,,NOT_APPLICABLE_GLOBAL_BASELINE,HF9g-P5,,,,X 全窗基线 · 不参与实体赏罚,6876174,688,A168_HF9F_20260827_0900,2026-08-27 09:00:00
2026-05-24,150517429,1396,0,168.6471900784,-168.6471900784,-168.6471900784,0E-7,2,2,0.49324550000000000,0.493245500000,-1.3952362676504506,-1.3952362676504506,-1.3952362676504506,0E-17,ELIGIBLE,R03b_20260811_FULL_v1,L1_ELIGIBILITY,v2026-08-11,2026-03-21..2026-08-06,baccarat_bet02_101_all_pairs_incl_sentinel,round_win = game_pnl > 0 (decisive only),COMPATIBILITY_ONLY_NOT_PRODUCTION,168.6472,168.6472,168.6472,2,2,-1.00000000,,-1.00000000,-1.00000000,-168.6472,168.6472,THIN_EXPOSURE,0.0000,6.7459,4.0000,96.0000,AG03-UNRESOLVED,ALL5_LEVELS_bet23_to_bet27,6.7459,6.7459,6.7459,8.4324,8.4324,4.000000,4.000000,4.000000,5.000000,5.000000,96.000000,96.000000,96.000000,95.000000,95.000000,5.0,37.1024,33.9868,131.5448,134.6604,PENDING_AG03,FALSE,NOT_FOR_ENFORCEMENT,161.9013,161.9013,168.6472,161.9013,6.7459,1.00000000,0.96000000,6.7459,161.9013,0.96000000,6.7459,6.7459,6.7459,8.4324,8.4324,161.9013,0.96000000,37.1024,33.9868,131.5448,134.6604,0.78000000,0.79847424,0.04000000,84.3236,84.3236,84.3236,168.6472,168.6472,168.6472,2.0000,,84.3236,38.9186,84.3236,129.7286,129.7286,129.7286,129.7286,84.3236,-84.3236,1.538462,1.538462,1.0,1,1,1,1,0E-8,1.00000000,,0E-8,0.000000,1.000000,0.000000,,2026-05-24,2026-05-24,1,1,1,1,1.000000,,,0.000000,,,,,,,,GLOBAL_BASELINE_NO_ENTITY_RANKING,,,NOT_APPLICABLE_GLOBAL_BASELINE,HF9g-P5,,,,X 全窗基线 · 不参与实体赏罚,6876175,688,A168_HF9F_20260827_0900,2026-08-27 09:00:00
2026-04-09,22411595,1363,0,84.3294752600,21.0823688150,21.0823688150,0.6666667,4,4,0.49994810000000000,0.499948100000,0.5775300591747329,0.5775300591747329,0.5775300591747329,0E-17,ELIGIBLE,R03b_20260811_FULL_v1,L1_ELIGIBILITY,v2026-08-11,2026-03-21..2026-08-06,baccarat_bet02_101_all_pairs_incl_sentinel,round_win = game_pnl > 0 (decisive only),COMPATIBILITY_ONLY_NOT_PRODUCTION,3715.7675,3267.7672,168.6590,125,125,-0.04539007,,-0.04539007,-0.04539007,-168.6590,3715.7675,OK,0.0000,6.7464,4.0000,96.0000,AG03-UNRESOLVED,ALL5_LEVELS_bet23_to_bet27,6.7464,6.7464,6.7464,13.4927,13.4927,4.000000,4.000000,4.000000,8.000000,8.000000,96.000000,96.000000,96.000000,92.000000,92.000000,5.0,47.2245,42.3603,121.4344,126.2987,PENDING_AG03,FALSE,NOT_FOR_ENFORCEMENT,161.9126,3137.0565,168.6590,161.9126,6.7464,0.04539007,0.04357447,6.7464,161.9126,0.04357447,6.7464,6.7464,6.7464,13.4927,13.4927,161.9126,0.04357447,47.2245,42.3603,121.4344,126.2987,0.03268085,0.03398993,0.00181560,29.7261,26.1421,1.3493,168.6590,21.0824,3715.7675,125.0000,,29.7261,21.0824,21.0824,42.1647,42.1647,42.1647,47.4353,21.0824,0.0,2.0,2.25,1.41,6,11,1,2,0E-8,0.04539007,,0E-8,0.000000,0.879433,0.992000,,2026-04-09,2026-04-09,1,8,6,1,1.000000,,,0.000000,,,,,,,,GLOBAL_BASELINE_NO_ENTITY_RANKING,,,NOT_APPLICABLE_GLOBAL_BASELINE,HF9g-P5,,,,X 全窗基线 · 不参与实体赏罚,6876176,688,A168_HF9F_20260827_0900,2026-08-27 09:00:00
2026-04-09,22411595,1383,0,653.5534332639,84.3294752597,84.3294752597,0.5294118,20,20,0.50061836000000000,0.500618360000,0.23743667942398242,0.23743667942398242,0.23743667942398242,0E-17,ELIGIBLE,R03b_20260811_FULL_v1,L1_ELIGIBILITY,v2026-08-11,2026-03-21..2026-08-06,baccarat_bet02_101_all_pairs_incl_sentinel,round_win = game_pnl > 0 (decisive only),COMPATIBILITY_ONLY_NOT_PRODUCTION,3715.7675,3267.7672,168.6590,125,125,-0.04539007,,-0.04539007,-0.04539007,-168.6590,3715.7675,OK,0.0000,6.7464,4.0000,96.0000,AG03-UNRESOLVED,ALL5_LEVELS_bet23_to_bet27,6.7464,6.7464,6.7464,13.4927,13.4927,4.000000,4.000000,4.000000,8.000000,8.000000,96.000000,96.000000,96.000000,92.000000,92.000000,5.0,47.2245,42.3603,121.4344,126.2987,PENDING_AG03,FALSE,NOT_FOR_ENFORCEMENT,161.9126,3137.0565,168.6590,161.9126,6.7464,0.04539007,0.04357447,6.7464,161.9126,0.04357447,6.7464,6.7464,6.7464,13.4927,13.4927,161.9126,0.04357447,47.2245,42.3603,121.4344,126.2987,0.03268085,0.03398993,0.00181560,29.7261,26.1421,1.3493,168.6590,21.0824,3715.7675,125.0000,,29.7261,21.0824,21.0824,42.1647,42.1647,42.1647,47.4353,21.0824,0.0,2.0,2.25,1.41,6,11,1,2,0E-8,0.04539007,,0E-8,0.000000,0.879433,0.992000,,2026-04-09,2026-04-09,1,8,6,1,1.000000,,,0.000000,,,,,,,,GLOBAL_BASELINE_NO_ENTITY_RANKING,,,NOT_APPLICABLE_GLOBAL_BASELINE,HF9g-P5,,,,X 全窗基线 · 不参与实体赏罚,6876177,688,A168_HF9F_20260827_0900,2026-08-27 09:00:00
2026-04-09,22411595,1509,0,458.5415217254,-52.7059220374,-52.7059220374,0.4666667,16,16,0.50497505000000000,0.504975050000,-0.2967501515025715,-0.2967501515025715,-0.2967501515025715,0E-17,ELIGIBLE,R03b_20260811_FULL_v1,L1_ELIGIBILITY,v2026-08-11,2026-03-21..2026-08-06,baccarat_bet02_101_all_pairs_incl_sentinel,round_win = game_pnl > 0 (decisive only),COMPATIBILITY_ONLY_NOT_PRODUCTION,3715.7675,3267.7672,168.6590,125,125,-0.04539007,,-0.04539007,-0.04539007,-168.6590,3715.7675,OK,0.0000,6.7464,4.0000,96.0000,AG03-UNRESOLVED,ALL5_LEVELS_bet23_to_bet27,6.7464,6.7464,6.7464,13.4927,13.4927,4.000000,4.000000,4.000000,8.000000,8.000000,96.000000,96.000000,96.000000,92.000000,92.000000,5.0,47.2245,42.3603,121.4344,126.2987,PENDING_AG03,FALSE,NOT_FOR_ENFORCEMENT,161.9126,3137.0565,168.6590,161.9126,6.7464,0.04539007,0.04357447,6.7464,161.9126,0.04357447,6.7464,6.7464,6.7464,13.4927,13.4927,161.9126,0.04357447,47.2245,42.3603,121.4344,126.2987,0.03268085,0.03398993,0.00181560,29.7261,26.1421,1.3493,168.6590,21.0824,3715.7675,125.0000,,29.7261,21.0824,21.0824,42.1647,42.1647,42.1647,47.4353,21.0824,0.0,2.0,2.25,1.41,6,11,1,2,0E-8,0.04539007,,0E-8,0.000000,0.879433,0.992000,,2026-04-09,2026-04-09,1,8,6,1,1.000000,,,0.000000,,,,,,,,GLOBAL_BASELINE_NO_ENTITY_RANKING,,,NOT_APPLICABLE_GLOBAL_BASELINE,HF9g-P5,,,,X 全窗基线 · 不参与实体赏罚,6876178,688,A168_HF9F_20260827_0900,2026-08-27 09:00:00
2026-04-09,22411595,1704,0,105.4118440749,-63.2471064449,-63.2471064449,0.2500000,4,4,0.50665070000000000,0.506650700000,-1.0266936290537745,-1.0266936290537745,-1.0266936290537745,0E-17,ELIGIBLE,R03b_20260811_FULL_v1,L1_ELIGIBILITY,v2026-08-11,2026-03-21..2026-08-06,baccarat_bet02_101_all_pairs_incl_sentinel,round_win = game_pnl > 0 (decisive only),COMPATIBILITY_ONLY_NOT_PRODUCTION,3715.7675,3267.7672,168.6590,125,125,-0.04539007,,-0.04539007,-0.04539007,-168.6590,3715.7675,OK,0.0000,6.7464,4.0000,96.0000,AG03-UNRESOLVED,ALL5_LEVELS_bet23_to_bet27,6.7464,6.7464,6.7464,13.4927,13.4927,4.000000,4.000000,4.000000,8.000000,8.000000,96.000000,96.000000,96.000000,92.000000,92.000000,5.0,47.2245,42.3603,121.4344,126.2987,PENDING_AG03,FALSE,NOT_FOR_ENFORCEMENT,161.9126,3137.0565,168.6590,161.9126,6.7464,0.04539007,0.04357447,6.7464,161.9126,0.04357447,6.7464,6.7464,6.7464,13.4927,13.4927,161.9126,0.04357447,47.2245,42.3603,121.4344,126.2987,0.03268085,0.03398993,0.00181560,29.7261,26.1421,1.3493,168.6590,21.0824,3715.7675,125.0000,,29.7261,21.0824,21.0824,42.1647,42.1647,42.1647,47.4353,21.0824,0.0,2.0,2.25,1.41,6,11,1,2,0E-8,0.04539007,,0E-8,0.000000,0.879433,0.992000,,2026-04-09,2026-04-09,1,8,6,1,1.000000,,,0.000000,,,,,,,,GLOBAL_BASELINE_NO_ENTITY_RANKING,,,NOT_APPLICABLE_GLOBAL_BASELINE,HF9g-P5,,,,X 全窗基线 · 不参与实体赏罚,6876179,688,A168_HF9F_20260827_0900,2026-08-27 09:00:00
2026-04-09,22411595,1947,0,1138.4479160085,-42.1647376295,-42.1647376295,0.5555556,38,38,0.50030086842105263,0.500300868421,0.6630563656561663,0.6630563656567979,0.6630563656561663,5.263E-14,ELIGIBLE,R03b_20260811_FULL_v1,L1_ELIGIBILITY,v2026-08-11,2026-03-21..2026-08-06,baccarat_bet02_101_all_pairs_incl_sentinel,round_win = game_pnl > 0 (decisive only),COMPATIBILITY_ONLY_NOT_PRODUCTION,3715.7675,3267.7672,168.6590,125,125,-0.04539007,,-0.04539007,-0.04539007,-168.6590,3715.7675,OK,0.0000,6.7464,4.0000,96.0000,AG03-UNRESOLVED,ALL5_LEVELS_bet23_to_bet27,6.7464,6.7464,6.7464,13.4927,13.4927,4.000000,4.000000,4.000000,8.000000,8.000000,96.000000,96.000000,96.000000,92.000000,92.000000,5.0,47.2245,42.3603,121.4344,126.2987,PENDING_AG03,FALSE,NOT_FOR_ENFORCEMENT,161.9126,3137.0565,168.6590,161.9126,6.7464,0.04539007,0.04357447,6.7464,161.9126,0.04357447,6.7464,6.7464,6.7464,13.4927,13.4927,161.9126,0.04357447,47.2245,42.3603,121.4344,126.2987,0.03268085,0.03398993,0.00181560,29.7261,26.1421,1.3493,168.6590,21.0824,3715.7675,125.0000,,29.7261,21.0824,21.0824,42.1647,42.1647,42.1647,47.4353,21.0824,0.0,2.0,2.25,1.41,6,11,1,2,0E-8,0.04539007,,0E-8,0.000000,0.879433,0.992000,,2026-04-09,2026-04-09,1,8,6,1,1.000000,,,0.000000,,,,,,,,GLOBAL_BASELINE_NO_ENTITY_RANKING,,,NOT_APPLICABLE_GLOBAL_BASELINE,HF9g-P5,,,,X 全窗基线 · 不参与实体赏罚,6876180,688,A168_HF9F_20260827_0900,2026-08-27 09:00:00
2026-04-09,22411595,2108,0,210.8236881496,-84.3294752598,-84.3294752598,0.3333333,6,6,0.49771390000000000,0.497713900000,-0.8053054414300617,-0.8053054414300617,-0.8053054414300617,0E-17,ELIGIBLE,R03b_20260811_FULL_v1,L1_ELIGIBILITY,v2026-08-11,2026-03-21..2026-08-06,baccarat_bet02_101_all_pairs_incl_sentinel,round_win = game_pnl > 0 (decisive only),COMPATIBILITY_ONLY_NOT_PRODUCTION,3715.7675,3267.7672,168.6590,125,125,-0.04539007,,-0.04539007,-0.04539007,-168.6590,3715.7675,OK,0.0000,6.7464,4.0000,96.0000,AG03-UNRESOLVED,ALL5_LEVELS_bet23_to_bet27,6.7464,6.7464,6.7464,13.4927,13.4927,4.000000,4.000000,4.000000,8.000000,8.000000,96.000000,96.000000,96.000000,92.000000,92.000000,5.0,47.2245,42.3603,121.4344,126.2987,PENDING_AG03,FALSE,NOT_FOR_ENFORCEMENT,161.9126,3137.0565,168.6590,161.9126,6.7464,0.04539007,0.04357447,6.7464,161.9126,0.04357447,6.7464,6.7464,6.7464,13.4927,13.4927,161.9126,0.04357447,47.2245,42.3603,121.4344,126.2987,0.03268085,0.03398993,0.00181560,29.7261,26.1421,1.3493,168.6590,21.0824,3715.7675,125.0000,,29.7261,21.0824,21.0824,42.1647,42.1647,42.1647,47.4353,21.0824,0.0,2.0,2.25,1.41,6,11,1,2,0E-8,0.04539007,,0E-8,0.000000,0.879433,0.992000,,2026-04-09,2026-04-09,1,8,6,1,1.000000,,,0.000000,,,,,,,,GLOBAL_BASELINE_NO_ENTITY_RANKING,,,NOT_APPLICABLE_GLOBAL_BASELINE,HF9g-P5,,,,X 全窗基线 · 不参与实体赏罚,6876181,688,A168_HF9F_20260827_0900,2026-08-27 09:00:00
2026-04-09,22411595,2115,0,316.2355322245,-21.0823688150,-21.0823688150,0.4444444,10,10,0.49726706000000000,0.497267060000,-0.3169404278001119,-0.3169404278001119,-0.3169404278001119,0E-17,ELIGIBLE,R03b_20260811_FULL_v1,L1_ELIGIBILITY,v2026-08-11,2026-03-21..2026-08-06,baccarat_bet02_101_all_pairs_incl_sentinel,round_win = game_pnl > 0 (decisive only),COMPATIBILITY_ONLY_NOT_PRODUCTION,3715.7675,3267.7672,168.6590,125,125,-0.04539007,,-0.04539007,-0.04539007,-168.6590,3715.7675,OK,0.0000,6.7464,4.0000,96.0000,AG03-UNRESOLVED,ALL5_LEVELS_bet23_to_bet27,6.7464,6.7464,6.7464,13.4927,13.4927,4.000000,4.000000,4.000000,8.000000,8.000000,96.000000,96.000000,96.000000,92.000000,92.000000,5.0,47.2245,42.3603,121.4344,126.2987,PENDING_AG03,FALSE,NOT_FOR_ENFORCEMENT,161.9126,3137.0565,168.6590,161.9126,6.7464,0.04539007,0.04357447,6.7464,161.9126,0.04357447,6.7464,6.7464,6.7464,13.4927,13.4927,161.9126,0.04357447,47.2245,42.3603,121.4344,126.2987,0.03268085,0.03398993,0.00181560,29.7261,26.1421,1.3493,168.6590,21.0824,3715.7675,125.0000,,29.7261,21.0824,21.0824,42.1647,42.1647,42.1647,47.4353,21.0824,0.0,2.0,2.25,1.41,6,11,1,2,0E-8,0.04539007,,0E-8,0.000000,0.879433,0.992000,,2026-04-09,2026-04-09,1,8,6,1,1.000000,,,0.000000,,,,,,,,GLOBAL_BASELINE_NO_ENTITY_RANKING,,,NOT_APPLICABLE_GLOBAL_BASELINE,HF9g-P5,,,,X 全窗基线 · 不参与实体赏罚,6876182,688,A168_HF9F_20260827_0900,2026-08-27 09:00:00
2026-04-09,22411595,2256,0,84.3294752599,-10.5411844074,-10.5411844074,0.6666667,3,3,0.50218230000000000,0.502182300000,0.5697959874915163,0.5697959874915164,0.5697959874915163,0E-17,ELIGIBLE,R03b_20260811_FULL_v1,L1_ELIGIBILITY,v2026-08-11,2026-03-21..2026-08-06,baccarat_bet02_101_all_pairs_incl_sentinel,round_win = game_pnl > 0 (decisive only),COMPATIBILITY_ONLY_NOT_PRODUCTION,3715.7675,3267.7672,168.6590,125,125,-0.04539007,,-0.04539007,-0.04539007,-168.6590,3715.7675,OK,0.0000,6.7464,4.0000,96.0000,AG03-UNRESOLVED,ALL5_LEVELS_bet23_to_bet27,6.7464,6.7464,6.7464,13.4927,13.4927,4.000000,4.000000,4.000000,8.000000,8.000000,96.000000,96.000000,96.000000,92.000000,92.000000,5.0,47.2245,42.3603,121.4344,126.2987,PENDING_AG03,FALSE,NOT_FOR_ENFORCEMENT,161.9126,3137.0565,168.6590,161.9126,6.7464,0.04539007,0.04357447,6.7464,161.9126,0.04357447,6.7464,6.7464,6.7464,13.4927,13.4927,161.9126,0.04357447,47.2245,42.3603,121.4344,126.2987,0.03268085,0.03398993,0.00181560,29.7261,26.1421,1.3493,168.6590,21.0824,3715.7675,125.0000,,29.7261,21.0824,21.0824,42.1647,42.1647,42.1647,47.4353,21.0824,0.0,2.0,2.25,1.41,6,11,1,2,0E-8,0.04539007,,0E-8,0.000000,0.879433,0.992000,,2026-04-09,2026-04-09,1,8,6,1,1.000000,,,0.000000,,,,,,,,GLOBAL_BASELINE_NO_ENTITY_RANKING,,,NOT_APPLICABLE_GLOBAL_BASELINE,HF9g-P5,,,,X 全窗基线 · 不参与实体赏罚,6876183,688,A168_HF9F_20260827_0900,2026-08-27 09:00:00
2026-04-09,22411595,550,0,52.7059220374,-21.0823688149,-21.0823688149,0.5000000,2,2,0.49994810000000000,0.499948100000,0.00014679536856514622,0.00014679536856514622,0.00014679536856514622,0E-17,ELIGIBLE,R03b_20260811_FULL_v1,L1_ELIGIBILITY,v2026-08-11,2026-03-21..2026-08-06,baccarat_bet02_101_all_pairs_incl_sentinel,round_win = game_pnl > 0 (decisive only),COMPATIBILITY_ONLY_NOT_PRODUCTION,3715.7675,3267.7672,168.6590,125,125,-0.04539007,,-0.04539007,-0.04539007,-168.6590,3715.7675,OK,0.0000,6.7464,4.0000,96.0000,AG03-UNRESOLVED,ALL5_LEVELS_bet23_to_bet27,6.7464,6.7464,6.7464,13.4927,13.4927,4.000000,4.000000,4.000000,8.000000,8.000000,96.000000,96.000000,96.000000,92.000000,92.000000,5.0,47.2245,42.3603,121.4344,126.2987,PENDING_AG03,FALSE,NOT_FOR_ENFORCEMENT,161.9126,3137.0565,168.6590,161.9126,6.7464,0.04539007,0.04357447,6.7464,161.9126,0.04357447,6.7464,6.7464,6.7464,13.4927,13.4927,161.9126,0.04357447,47.2245,42.3603,121.4344,126.2987,0.03268085,0.03398993,0.00181560,29.7261,26.1421,1.3493,168.6590,21.0824,3715.7675,125.0000,,29.7261,21.0824,21.0824,42.1647,42.1647,42.1647,47.4353,21.0824,0.0,2.0,2.25,1.41,6,11,1,2,0E-8,0.04539007,,0E-8,0.000000,0.879433,0.992000,,2026-04-09,2026-04-09,1,8,6,1,1.000000,,,0.000000,,,,,,,,GLOBAL_BASELINE_NO_ENTITY_RANKING,,,NOT_APPLICABLE_GLOBAL_BASELINE,HF9g-P5,,,,X 全窗基线 · 不参与实体赏罚,6876184,688,A168_HF9F_20260827_0900,2026-08-27 09:00:00
2026-04-09,22411595,772,0,590.3063268193,42.1647376300,42.1647376300,0.5625000,21,21,0.49835224285714286,0.498352242857,0.5131848438504593,0.5131848438516027,0.5131848438504593,1.4286E-13,ELIGIBLE,R03b_20260811_FULL_v1,L1_ELIGIBILITY,v2026-08-11,2026-03-21..2026-08-06,baccarat_bet02_101_all_pairs_incl_sentinel,round_win = game_pnl > 0 (decisive only),COMPATIBILITY_ONLY_NOT_PRODUCTION,3715.7675,3267.7672,168.6590,125,125,-0.04539007,,-0.04539007,-0.04539007,-168.6590,3715.7675,OK,0.0000,6.7464,4.0000,96.0000,AG03-UNRESOLVED,ALL5_LEVELS_bet23_to_bet27,6.7464,6.7464,6.7464,13.4927,13.4927,4.000000,4.000000,4.000000,8.000000,8.000000,96.000000,96.000000,96.000000,92.000000,92.000000,5.0,47.2245,42.3603,121.4344,126.2987,PENDING_AG03,FALSE,NOT_FOR_ENFORCEMENT,161.9126,3137.0565,168.6590,161.9126,6.7464,0.04539007,0.04357447,6.7464,161.9126,0.04357447,6.7464,6.7464,6.7464,13.4927,13.4927,161.9126,0.04357447,47.2245,42.3603,121.4344,126.2987,0.03268085,0.03398993,0.00181560,29.7261,26.1421,1.3493,168.6590,21.0824,3715.7675,125.0000,,29.7261,21.0824,21.0824,42.1647,42.1647,42.1647,47.4353,21.0824,0.0,2.0,2.25,1.41,6,11,1,2,0E-8,0.04539007,,0E-8,0.000000,0.879433,0.992000,,2026-04-09,2026-04-09,1,8,6,1,1.000000,,,0.000000,,,,,,,,GLOBAL_BASELINE_NO_ENTITY_RANKING,,,NOT_APPLICABLE_GLOBAL_BASELINE,HF9g-P5,,,,X 全窗基线 · 不参与实体赏罚,6876185,688,A168_HF9F_20260827_0900,2026-08-27 09:00:00
2026-04-09,22411595,789,0,21.0823688150,-21.0823688150,-21.0823688150,0E-7,1,1,0.49324550000000000,0.493245500000,-0.9865810262130424,-0.9865810262130424,-0.9865810262130424,0E-17,ELIGIBLE,R03b_20260811_FULL_v1,L1_ELIGIBILITY,v2026-08-11,2026-03-21..2026-08-06,baccarat_bet02_101_all_pairs_incl_sentinel,round_win = game_pnl > 0 (decisive only),COMPATIBILITY_ONLY_NOT_PRODUCTION,3715.7675,3267.7672,168.6590,125,125,-0.04539007,,-0.04539007,-0.04539007,-168.6590,3715.7675,OK,0.0000,6.7464,4.0000,96.0000,AG03-UNRESOLVED,ALL5_LEVELS_bet23_to_bet27,6.7464,6.7464,6.7464,13.4927,13.4927,4.000000,4.000000,4.000000,8.000000,8.000000,96.000000,96.000000,96.000000,92.000000,92.000000,5.0,47.2245,42.3603,121.4344,126.2987,PENDING_AG03,FALSE,NOT_FOR_ENFORCEMENT,161.9126,3137.0565,168.6590,161.9126,6.7464,0.04539007,0.04357447,6.7464,161.9126,0.04357447,6.7464,6.7464,6.7464,13.4927,13.4927,161.9126,0.04357447,47.2245,42.3603,121.4344,126.2987,0.03268085,0.03398993,0.00181560,29.7261,26.1421,1.3493,168.6590,21.0824,3715.7675,125.0000,,29.7261,21.0824,21.0824,42.1647,42.1647,42.1647,47.4353,21.0824,0.0,2.0,2.25,1.41,6,11,1,2,0E-8,0.04539007,,0E-8,0.000000,0.879433,0.992000,,2026-04-09,2026-04-09,1,8,6,1,1.000000,,,0.000000,,,,,,,,GLOBAL_BASELINE_NO_ENTITY_RANKING,,,NOT_APPLICABLE_GLOBAL_BASELINE,HF9g-P5,,,,X 全窗基线 · 不参与实体赏罚,6876186,688,A168_HF9F_20260827_0900,2026-08-27 09:00:00
2026-04-29,149337353,-1,1,105.4118440748,0E-10,0E-10,,1,1,0.50665070000000000,0.506650700000,,,,0E-17,SENTINEL_DEALER,R03b_20260811_FULL_v1,L1_ELIGIBILITY,v2026-08-11,2026-03-21..2026-08-06,baccarat_bet02_101_all_pairs_incl_sentinel,round_win = game_pnl > 0 (decisive only),COMPATIBILITY_ONLY_NOT_PRODUCTION,2139.8604,1723.4837,168.6590,25,21,-0.07881773,,-0.07881773,-0.07881773,-168.6590,2139.8604,THIN_EXPOSURE,0.0000,6.7464,4.0000,96.0000,AG03-UNRESOLVED,ALL5_LEVELS_bet23_to_bet27,6.7464,6.7464,8.4329,0.0000,0.0000,4.000000,4.000000,5.000000,0.000000,0.000000,96.000000,96.000000,95.000000,100.000000,100.000000,5.0,21.9257,20.9947,146.7333,147.6643,PENDING_AG03,FALSE,NOT_FOR_ENFORCEMENT,161.9126,1654.5443,168.6590,161.9126,6.7464,0.07881773,0.07566502,6.7464,161.9126,0.07566502,6.7464,6.7464,8.4329,0.0000,0.0000,161.9126,0.07566502,21.9257,20.9947,146.7333,147.6643,0.06857143,0.0690065,0.00315271,85.5944,82.0707,8.0314,84.3295,24.0941,1069.9302,10.5000,,85.5944,90.9177,105.4118,105.4118,105.4118,105.4118,105.4118,105.4118,-10.5412,1.0,1.0,0.812,6,6,1,4,0E-8,0.07881773,,0E-8,0.000000,0.805419,0.400000,,2026-04-29,2026-04-30,2,7,7,2,1.000000,,,0.000000,,,,,,,,GLOBAL_BASELINE_NO_ENTITY_RANKING,,,NOT_APPLICABLE_GLOBAL_BASELINE,HF9g-P5,,,,X 全窗基线 · 不参与实体赏罚,6876187,688,A168_HF9F_20260827_0900,2026-08-27 09:00:00
2026-04-29,149337353,1963,0,695.7181708937,-179.2001349272,-179.2001349272,0.3333333,9,7,0.48967006623374685,0.439110100000,-0.7660539522213103,-0.5220840070314596,-0.7660539522213103,0.05055996623374685,ELIGIBLE,R03b_20260811_FULL_v1,L1_ELIGIBILITY,v2026-08-11,2026-03-21..2026-08-06,baccarat_bet02_101_all_pairs_incl_sentinel,round_win = game_pnl > 0 (decisive only),COMPATIBILITY_ONLY_NOT_PRODUCTION,2139.8604,1723.4837,168.6590,25,21,-0.07881773,,-0.07881773,-0.07881773,-168.6590,2139.8604,THIN_EXPOSURE,0.0000,6.7464,4.0000,96.0000,AG03-UNRESOLVED,ALL5_LEVELS_bet23_to_bet27,6.7464,6.7464,8.4329,0.0000,0.0000,4.000000,4.000000,5.000000,0.000000,0.000000,96.000000,96.000000,95.000000,100.000000,100.000000,5.0,21.9257,20.9947,146.7333,147.6643,PENDING_AG03,FALSE,NOT_FOR_ENFORCEMENT,161.9126,1654.5443,168.6590,161.9126,6.7464,0.07881773,0.07566502,6.7464,161.9126,0.07566502,6.7464,6.7464,8.4329,0.0000,0.0000,161.9126,0.07566502,21.9257,20.9947,146.7333,147.6643,0.06857143,0.0690065,0.00315271,85.5944,82.0707,8.0314,84.3295,24.0941,1069.9302,10.5000,,85.5944,90.9177,105.4118,105.4118,105.4118,105.4118,105.4118,105.4118,-10.5412,1.0,1.0,0.812,6,6,1,4,0E-8,0.07881773,,0E-8,0.000000,0.805419,0.400000,,2026-04-29,2026-04-30,2,7,7,2,1.000000,,,0.000000,,,,,,,,GLOBAL_BASELINE_NO_ENTITY_RANKING,,,NOT_APPLICABLE_GLOBAL_BASELINE,HF9g-P5,,,,X 全窗基线 · 不参与实体赏罚,6876188,688,A168_HF9F_20260827_0900,2026-08-27 09:00:00
2026-04-29,149337353,2224,0,758.9652773386,284.6119790020,284.6119790020,0.7142857,9,7,0.48863622987011201,0.442041628571,1.1943333394310118,1.4503572482621159,1.1943333394310118,0.04659460129911201,ELIGIBLE,R03b_20260811_FULL_v1,L1_ELIGIBILITY,v2026-08-11,2026-03-21..2026-08-06,baccarat_bet02_101_all_pairs_incl_sentinel,round_win = game_pnl > 0 (decisive only),COMPATIBILITY_ONLY_NOT_PRODUCTION,2139.8604,1723.4837,168.6590,25,21,-0.07881773,,-0.07881773,-0.07881773,-168.6590,2139.8604,THIN_EXPOSURE,0.0000,6.7464,4.0000,96.0000,AG03-UNRESOLVED,ALL5_LEVELS_bet23_to_bet27,6.7464,6.7464,8.4329,0.0000,0.0000,4.000000,4.000000,5.000000,0.000000,0.000000,96.000000,96.000000,95.000000,100.000000,100.000000,5.0,21.9257,20.9947,146.7333,147.6643,PENDING_AG03,FALSE,NOT_FOR_ENFORCEMENT,161.9126,1654.5443,168.6590,161.9126,6.7464,0.07881773,0.07566502,6.7464,161.9126,0.07566502,6.7464,6.7464,8.4329,0.0000,0.0000,161.9126,0.07566502,21.9257,20.9947,146.7333,147.6643,0.06857143,0.0690065,0.00315271,85.5944,82.0707,8.0314,84.3295,24.0941,1069.9302,10.5000,,85.5944,90.9177,105.4118,105.4118,105.4118,105.4118,105.4118,105.4118,-10.5412,1.0,1.0,0.812,6,6,1,4,0E-8,0.07881773,,0E-8,0.000000,0.805419,0.400000,,2026-04-29,2026-04-30,2,7,7,2,1.000000,,,0.000000,,,,,,,,GLOBAL_BASELINE_NO_ENTITY_RANKING,,,NOT_APPLICABLE_GLOBAL_BASELINE,HF9g-P5,,,,X 全窗基线 · 不参与实体赏罚,6876189,688,A168_HF9F_20260827_0900,2026-08-27 09:00:00
2026-04-30,149337353,-1,1,168.6589505197,-168.6589505197,-168.6589505197,0E-7,2,2,0.49994810000000000,0.499948100000,-1.4140667746232096,-1.4140667746232096,-1.4140667746232096,0E-17,SENTINEL_DEALER,R03b_20260811_FULL_v1,L1_ELIGIBILITY,v2026-08-11,2026-03-21..2026-08-06,baccarat_bet02_101_all_pairs_incl_sentinel,round_win = game_pnl > 0 (decisive only),COMPATIBILITY_ONLY_NOT_PRODUCTION,2139.8604,1723.4837,168.6590,25,21,-0.07881773,,-0.07881773,-0.07881773,-168.6590,2139.8604,THIN_EXPOSURE,0.0000,6.7464,4.0000,96.0000,AG03-UNRESOLVED,ALL5_LEVELS_bet23_to_bet27,6.7464,6.7464,8.4329,0.0000,0.0000,4.000000,4.000000,5.000000,0.000000,0.000000,96.000000,96.000000,95.000000,100.000000,100.000000,5.0,21.9257,20.9947,146.7333,147.6643,PENDING_AG03,FALSE,NOT_FOR_ENFORCEMENT,161.9126,1654.5443,168.6590,161.9126,6.7464,0.07881773,0.07566502,6.7464,161.9126,0.07566502,6.7464,6.7464,8.4329,0.0000,0.0000,161.9126,0.07566502,21.9257,20.9947,146.7333,147.6643,0.06857143,0.0690065,0.00315271,85.5944,82.0707,8.0314,84.3295,24.0941,1069.9302,10.5000,,85.5944,90.9177,105.4118,105.4118,105.4118,105.4118,105.4118,105.4118,-10.5412,1.0,1.0,0.812,6,6,1,4,0E-8,0.07881773,,0E-8,0.000000,0.805419,0.400000,,2026-04-29,2026-04-30,2,7,7,2,1.000000,,,0.000000,,,,,,,,GLOBAL_BASELINE_NO_ENTITY_RANKING,,,NOT_APPLICABLE_GLOBAL_BASELINE,HF9g-P5,,,,X 全窗基线 · 不参与实体赏罚,6876190,688,A168_HF9F_20260827_0900,2026-08-27 09:00:00
2026-04-30,149337353,1109,0,210.8236881496,-5.2705922037,-5.2705922037,0.5000000,2,2,0.49994810000000000,0.499948100000,0.00014679536856514622,0.00014679536856514622,0.00014679536856514622,0E-17,ELIGIBLE,R03b_20260811_FULL_v1,L1_ELIGIBILITY,v2026-08-11,2026-03-21..2026-08-06,baccarat_bet02_101_all_pairs_incl_sentinel,round_win = game_pnl > 0 (decisive only),COMPATIBILITY_ONLY_NOT_PRODUCTION,2139.8604,1723.4837,168.6590,25,21,-0.07881773,,-0.07881773,-0.07881773,-168.6590,2139.8604,THIN_EXPOSURE,0.0000,6.7464,4.0000,96.0000,AG03-UNRESOLVED,ALL5_LEVELS_bet23_to_bet27,6.7464,6.7464,8.4329,0.0000,0.0000,4.000000,4.000000,5.000000,0.000000,0.000000,96.000000,96.000000,95.000000,100.000000,100.000000,5.0,21.9257,20.9947,146.7333,147.6643,PENDING_AG03,FALSE,NOT_FOR_ENFORCEMENT,161.9126,1654.5443,168.6590,161.9126,6.7464,0.07881773,0.07566502,6.7464,161.9126,0.07566502,6.7464,6.7464,8.4329,0.0000,0.0000,161.9126,0.07566502,21.9257,20.9947,146.7333,147.6643,0.06857143,0.0690065,0.00315271,85.5944,82.0707,8.0314,84.3295,24.0941,1069.9302,10.5000,,85.5944,90.9177,105.4118,105.4118,105.4118,105.4118,105.4118,105.4118,-10.5412,1.0,1.0,0.812,6,6,1,4,0E-8,0.07881773,,0E-8,0.000000,0.805419,0.400000,,2026-04-29,2026-04-30,2,7,7,2,1.000000,,,0.000000,,,,,,,,GLOBAL_BASELINE_NO_ENTITY_RANKING,,,NOT_APPLICABLE_GLOBAL_BASELINE,HF9g-P5,,,,X 全窗基线 · 不参与实体赏罚,6876191,688,A168_HF9F_20260827_0900,2026-08-27 09:00:00
2026-04-30,149337353,1385,0,100.1412518711,-100.1412518711,-100.1412518711,0E-7,1,1,0.50665070000000000,0.506650700000,-1.013391052207602,-1.013391052207602,-1.013391052207602,0E-17,ELIGIBLE,R03b_20260811_FULL_v1,L1_ELIGIBILITY,v2026-08-11,2026-03-21..2026-08-06,baccarat_bet02_101_all_pairs_incl_sentinel,round_win = game_pnl > 0 (decisive only),COMPATIBILITY_ONLY_NOT_PRODUCTION,2139.8604,1723.4837,168.6590,25,21,-0.07881773,,-0.07881773,-0.07881773,-168.6590,2139.8604,THIN_EXPOSURE,0.0000,6.7464,4.0000,96.0000,AG03-UNRESOLVED,ALL5_LEVELS_bet23_to_bet27,6.7464,6.7464,8.4329,0.0000,0.0000,4.000000,4.000000,5.000000,0.000000,0.000000,96.000000,96.000000,95.000000,100.000000,100.000000,5.0,21.9257,20.9947,146.7333,147.6643,PENDING_AG03,FALSE,NOT_FOR_ENFORCEMENT,161.9126,1654.5443,168.6590,161.9126,6.7464,0.07881773,0.07566502,6.7464,161.9126,0.07566502,6.7464,6.7464,8.4329,0.0000,0.0000,161.9126,0.07566502,21.9257,20.9947,146.7333,147.6643,0.06857143,0.0690065,0.00315271,85.5944,82.0707,8.0314,84.3295,24.0941,1069.9302,10.5000,,85.5944,90.9177,105.4118,105.4118,105.4118,105.4118,105.4118,105.4118,-10.5412,1.0,1.0,0.812,6,6,1,4,0E-8,0.07881773,,0E-8,0.000000,0.805419,0.400000,,2026-04-29,2026-04-30,2,7,7,2,1.000000,,,0.000000,,,,,,,,GLOBAL_BASELINE_NO_ENTITY_RANKING,,,NOT_APPLICABLE_GLOBAL_BASELINE,HF9g-P5,,,,X 全窗基线 · 不参与实体赏罚,6876192,688,A168_HF9F_20260827_0900,2026-08-27 09:00:00
2026-04-30,149337353,2142,0,100.1412518711,0E-10,0E-10,,1,1,0.49324550000000000,0.493245500000,,,,0E-17,NO_DECISIVE_ROUND,R03b_20260811_FULL_v1,L1_ELIGIBILITY,v2026-08-11,2026-03-21..2026-08-06,baccarat_bet02_101_all_pairs_incl_sentinel,round_win = game_pnl > 0 (decisive only),COMPATIBILITY_ONLY_NOT_PRODUCTION,2139.8604,1723.4837,168.6590,25,21,-0.07881773,,-0.07881773,-0.07881773,-168.6590,2139.8604,THIN_EXPOSURE,0.0000,6.7464,4.0000,96.0000,AG03-UNRESOLVED,ALL5_LEVELS_bet23_to_bet27,6.7464,6.7464,8.4329,0.0000,0.0000,4.000000,4.000000,5.000000,0.000000,0.000000,96.000000,96.000000,95.000000,100.000000,100.000000,5.0,21.9257,20.9947,146.7333,147.6643,PENDING_AG03,FALSE,NOT_FOR_ENFORCEMENT,161.9126,1654.5443,168.6590,161.9126,6.7464,0.07881773,0.07566502,6.7464,161.9126,0.07566502,6.7464,6.7464,8.4329,0.0000,0.0000,161.9126,0.07566502,21.9257,20.9947,146.7333,147.6643,0.06857143,0.0690065,0.00315271,85.5944,82.0707,8.0314,84.3295,24.0941,1069.9302,10.5000,,85.5944,90.9177,105.4118,105.4118,105.4118,105.4118,105.4118,105.4118,-10.5412,1.0,1.0,0.812,6,6,1,4,0E-8,0.07881773,,0E-8,0.000000,0.805419,0.400000,,2026-04-29,2026-04-30,2,7,7,2,1.000000,,,0.000000,,,,,,,,GLOBAL_BASELINE_NO_ENTITY_RANKING,,,NOT_APPLICABLE_GLOBAL_BASELINE,HF9g-P5,,,,X 全窗基线 · 不参与实体赏罚,6876193,688,A168_HF9F_20260827_0900,2026-08-27 09:00:00
2026-04-18,115868388,-1,1,626.1463538043,144.8358737588,144.8358737588,0.6363636,13,13,0.49840134615384615,0.498401346154,0.9151429813510198,0.9151429813499983,0.9151429813510198,-1.5385E-13,SENTINEL_DEALER,R03b_20260811_FULL_v1,L1_ELIGIBILITY,v2026-08-11,2026-03-21..2026-08-06,baccarat_bet02_101_all_pairs_incl_sentinel,round_win = game_pnl > 0 (decisive only),COMPATIBILITY_ONLY_NOT_PRODUCTION,1897.2024,1736.9764,168.6590,38,38,-0.08889877,,-0.08889877,-0.08889877,-168.6590,1897.2024,OK,0.0000,6.7464,4.0000,96.0000,AG03-UNRESOLVED,ALL5_LEVELS_bet23_to_bet27,6.7464,6.7464,6.7464,10.1195,10.1195,4.000000,4.000000,4.000000,6.000000,6.000000,96.000000,96.000000,96.000000,94.000000,94.000000,5.0,40.4781,36.8094,128.1808,131.8496,PENDING_AG03,FALSE,NOT_FOR_ENFORCEMENT,161.9126,1667.4973,168.6590,161.9126,6.7464,0.08889877,0.08534282,6.7464,161.9126,0.08534282,6.7464,6.7464,6.7464,10.1195,10.1195,161.9126,0.08534282,40.4781,36.8094,128.1808,131.8496,0.06756306,0.06949685,0.00355595,49.9264,45.7099,4.4384,168.6590,8.4329,1897.2024,38.0000,,49.9264,37.9483,47.4353,59.0306,70.4151,82.6429,109.6283,46.3812,0.0,1.742222,2.311111,1.052515,17,12,1,2,0E-8,0.08889877,,0E-8,0.000000,0.915546,0.000000,,2026-04-18,2026-04-18,1,20,17,1,1.000000,,,0.000000,,,,,,,,GLOBAL_BASELINE_NO_ENTITY_RANKING,,,NOT_APPLICABLE_GLOBAL_BASELINE,HF9g-P5,,,,X 全窗基线 · 不参与实体赏罚,6876194,688,A168_HF9F_20260827_0900,2026-08-27 09:00:00
2026-04-18,115868388,1115,0,46.3812113929,-46.3812113929,-46.3812113929,0E-7,1,1,0.50665070000000000,0.506650700000,-1.013391052207602,-1.013391052207602,-1.013391052207602,0E-17,ELIGIBLE,R03b_20260811_FULL_v1,L1_ELIGIBILITY,v2026-08-11,2026-03-21..2026-08-06,baccarat_bet02_101_all_pairs_incl_sentinel,round_win = game_pnl > 0 (decisive only),COMPATIBILITY_ONLY_NOT_PRODUCTION,1897.2024,1736.9764,168.6590,38,38,-0.08889877,,-0.08889877,-0.08889877,-168.6590,1897.2024,OK,0.0000,6.7464,4.0000,96.0000,AG03-UNRESOLVED,ALL5_LEVELS_bet23_to_bet27,6.7464,6.7464,6.7464,10.1195,10.1195,4.000000,4.000000,4.000000,6.000000,6.000000,96.000000,96.000000,96.000000,94.000000,94.000000,5.0,40.4781,36.8094,128.1808,131.8496,PENDING_AG03,FALSE,NOT_FOR_ENFORCEMENT,161.9126,1667.4973,168.6590,161.9126,6.7464,0.08889877,0.08534282,6.7464,161.9126,0.08534282,6.7464,6.7464,6.7464,10.1195,10.1195,161.9126,0.08534282,40.4781,36.8094,128.1808,131.8496,0.06756306,0.06949685,0.00355595,49.9264,45.7099,4.4384,168.6590,8.4329,1897.2024,38.0000,,49.9264,37.9483,47.4353,59.0306,70.4151,82.6429,109.6283,46.3812,0.0,1.742222,2.311111,1.052515,17,12,1,2,0E-8,0.08889877,,0E-8,0.000000,0.915546,0.000000,,2026-04-18,2026-04-18,1,20,17,1,1.000000,,,0.000000,,,,,,,,GLOBAL_BASELINE_NO_ENTITY_RANKING,,,NOT_APPLICABLE_GLOBAL_BASELINE,HF9g-P5,,,,X 全窗基线 · 不参与实体赏罚,6876195,688,A168_HF9F_20260827_0900,2026-08-27 09:00:00
2026-04-18,115868388,1306,0,134.9271604157,23.1906056964,23.1906056964,0.6666667,3,3,0.49771390000000000,0.497713900000,0.5852756695216578,0.5852756695216578,0.5852756695216578,0E-17,ELIGIBLE,R03b_20260811_FULL_v1,L1_ELIGIBILITY,v2026-08-11,2026-03-21..2026-08-06,baccarat_bet02_101_all_pairs_incl_sentinel,round_win = game_pnl > 0 (decisive only),COMPATIBILITY_ONLY_NOT_PRODUCTION,1897.2024,1736.9764,168.6590,38,38,-0.08889877,,-0.08889877,-0.08889877,-168.6590,1897.2024,OK,0.0000,6.7464,4.0000,96.0000,AG03-UNRESOLVED,ALL5_LEVELS_bet23_to_bet27,6.7464,6.7464,6.7464,10.1195,10.1195,4.000000,4.000000,4.000000,6.000000,6.000000,96.000000,96.000000,96.000000,94.000000,94.000000,5.0,40.4781,36.8094,128.1808,131.8496,PENDING_AG03,FALSE,NOT_FOR_ENFORCEMENT,161.9126,1667.4973,168.6590,161.9126,6.7464,0.08889877,0.08534282,6.7464,161.9126,0.08534282,6.7464,6.7464,6.7464,10.1195,10.1195,161.9126,0.08534282,40.4781,36.8094,128.1808,131.8496,0.06756306,0.06949685,0.00355595,49.9264,45.7099,4.4384,168.6590,8.4329,1897.2024,38.0000,,49.9264,37.9483,47.4353,59.0306,70.4151,82.6429,109.6283,46.3812,0.0,1.742222,2.311111,1.052515,17,12,1,2,0E-8,0.08889877,,0E-8,0.000000,0.915546,0.000000,,2026-04-18,2026-04-18,1,20,17,1,1.000000,,,0.000000,,,,,,,,GLOBAL_BASELINE_NO_ENTITY_RANKING,,,NOT_APPLICABLE_GLOBAL_BASELINE,HF9g-P5,,,,X 全窗基线 · 不参与实体赏罚,6876196,688,A168_HF9F_20260827_0900,2026-08-27 09:00:00
2026-04-18,115868388,1385,0,451.1626926401,-97.6113676133,-97.6113676133,0.4285714,7,7,0.50665070000000000,0.506650700000,-0.4131932236838825,-0.4131932236838825,-0.4131932236838825,0E-17,ELIGIBLE,R03b_20260811_FULL_v1,L1_ELIGIBILITY,v2026-08-11,2026-03-21..2026-08-06,baccarat_bet02_101_all_pairs_incl_sentinel,round_win = game_pnl > 0 (decisive only),COMPATIBILITY_ONLY_NOT_PRODUCTION,1897.2024,1736.9764,168.6590,38,38,-0.08889877,,-0.08889877,-0.08889877,-168.6590,1897.2024,OK,0.0000,6.7464,4.0000,96.0000,AG03-UNRESOLVED,ALL5_LEVELS_bet23_to_bet27,6.7464,6.7464,6.7464,10.1195,10.1195,4.000000,4.000000,4.000000,6.000000,6.000000,96.000000,96.000000,96.000000,94.000000,94.000000,5.0,40.4781,36.8094,128.1808,131.8496,PENDING_AG03,FALSE,NOT_FOR_ENFORCEMENT,161.9126,1667.4973,168.6590,161.9126,6.7464,0.08889877,0.08534282,6.7464,161.9126,0.08534282,6.7464,6.7464,6.7464,10.1195,10.1195,161.9126,0.08534282,40.4781,36.8094,128.1808,131.8496,0.06756306,0.06949685,0.00355595,49.9264,45.7099,4.4384,168.6590,8.4329,1897.2024,38.0000,,49.9264,37.9483,47.4353,59.0306,70.4151,82.6429,109.6283,46.3812,0.0,1.742222,2.311111,1.052515,17,12,1,2,0E-8,0.08889877,,0E-8,0.000000,0.915546,0.000000,,2026-04-18,2026-04-18,1,20,17,1,1.000000,,,0.000000,,,,,,,,GLOBAL_BASELINE_NO_ENTITY_RANKING,,,NOT_APPLICABLE_GLOBAL_BASELINE,HF9g-P5,,,,X 全窗基线 · 不参与实体赏罚,6876197,688,A168_HF9F_20260827_0900,2026-08-27 09:00:00
2026-04-18,115868388,1507,0,109.6283178378,-33.7317901040,-33.7317901040,0.5000000,2,2,0.49994810000000000,0.499948100000,0.00014679536856514622,0.00014679536856514622,0.00014679536856514622,0E-17,ELIGIBLE,R03b_20260811_FULL_v1,L1_ELIGIBILITY,v2026-08-11,2026-03-21..2026-08-06,baccarat_bet02_101_all_pairs_incl_sentinel,round_win = game_pnl > 0 (decisive only),COMPATIBILITY_ONLY_NOT_PRODUCTION,1897.2024,1736.9764,168.6590,38,38,-0.08889877,,-0.08889877,-0.08889877,-168.6590,1897.2024,OK,0.0000,6.7464,4.0000,96.0000,AG03-UNRESOLVED,ALL5_LEVELS_bet23_to_bet27,6.7464,6.7464,6.7464,10.1195,10.1195,4.000000,4.000000,4.000000,6.000000,6.000000,96.000000,96.000000,96.000000,94.000000,94.000000,5.0,40.4781,36.8094,128.1808,131.8496,PENDING_AG03,FALSE,NOT_FOR_ENFORCEMENT,161.9126,1667.4973,168.6590,161.9126,6.7464,0.08889877,0.08534282,6.7464,161.9126,0.08534282,6.7464,6.7464,6.7464,10.1195,10.1195,161.9126,0.08534282,40.4781,36.8094,128.1808,131.8496,0.06756306,0.06949685,0.00355595,49.9264,45.7099,4.4384,168.6590,8.4329,1897.2024,38.0000,,49.9264,37.9483,47.4353,59.0306,70.4151,82.6429,109.6283,46.3812,0.0,1.742222,2.311111,1.052515,17,12,1,2,0E-8,0.08889877,,0E-8,0.000000,0.915546,0.000000,,2026-04-18,2026-04-18,1,20,17,1,1.000000,,,0.000000,,,,,,,,GLOBAL_BASELINE_NO_ENTITY_RANKING,,,NOT_APPLICABLE_GLOBAL_BASELINE,HF9g-P5,,,,X 全窗基线 · 不参与实体赏罚,6876198,688,A168_HF9F_20260827_0900,2026-08-27 09:00:00
2026-04-18,115868388,1947,0,35.8400269854,35.8400269854,35.8400269854,1.0000000,1,1,0.49324550000000000,0.493245500000,1.01360149184955,1.01360149184955,1.01360149184955,0E-17,ELIGIBLE,R03b_20260811_FULL_v1,L1_ELIGIBILITY,v2026-08-11,2026-03-21..2026-08-06,baccarat_bet02_101_all_pairs_incl_sentinel,round_win = game_pnl > 0 (decisive only),COMPATIBILITY_ONLY_NOT_PRODUCTION,1897.2024,1736.9764,168.6590,38,38,-0.08889877,,-0.08889877,-0.08889877,-168.6590,1897.2024,OK,0.0000,6.7464,4.0000,96.0000,AG03-UNRESOLVED,ALL5_LEVELS_bet23_to_bet27,6.7464,6.7464,6.7464,10.1195,10.1195,4.000000,4.000000,4.000000,6.000000,6.000000,96.000000,96.000000,96.000000,94.000000,94.000000,5.0,40.4781,36.8094,128.1808,131.8496,PENDING_AG03,FALSE,NOT_FOR_ENFORCEMENT,161.9126,1667.4973,168.6590,161.9126,6.7464,0.08889877,0.08534282,6.7464,161.9126,0.08534282,6.7464,6.7464,6.7464,10.1195,10.1195,161.9126,0.08534282,40.4781,36.8094,128.1808,131.8496,0.06756306,0.06949685,0.00355595,49.9264,45.7099,4.4384,168.6590,8.4329,1897.2024,38.0000,,49.9264,37.9483,47.4353,59.0306,70.4151,82.6429,109.6283,46.3812,0.0,1.742222,2.311111,1.052515,17,12,1,2,0E-8,0.08889877,,0E-8,0.000000,0.915546,0.000000,,2026-04-18,2026-04-18,1,20,17,1,1.000000,,,0.000000,,,,,,,,GLOBAL_BASELINE_NO_ENTITY_RANKING,,,NOT_APPLICABLE_GLOBAL_BASELINE,HF9g-P5,,,,X 全窗基线 · 不参与实体赏罚,6876199,688,A168_HF9F_20260827_0900,2026-08-27 09:00:00
2026-04-18,115868388,2121,0,33.7317901039,0E-10,0E-10,,1,1,0.49324550000000000,0.493245500000,,,,0E-17,NO_DECISIVE_ROUND,R03b_20260811_FULL_v1,L1_ELIGIBILITY,v2026-08-11,2026-03-21..2026-08-06,baccarat_bet02_101_all_pairs_incl_sentinel,round_win = game_pnl > 0 (decisive only),COMPATIBILITY_ONLY_NOT_PRODUCTION,1897.2024,1736.9764,168.6590,38,38,-0.08889877,,-0.08889877,-0.08889877,-168.6590,1897.2024,OK,0.0000,6.7464,4.0000,96.0000,AG03-UNRESOLVED,ALL5_LEVELS_bet23_to_bet27,6.7464,6.7464,6.7464,10.1195,10.1195,4.000000,4.000000,4.000000,6.000000,6.000000,96.000000,96.000000,96.000000,94.000000,94.000000,5.0,40.4781,36.8094,128.1808,131.8496,PENDING_AG03,FALSE,NOT_FOR_ENFORCEMENT,161.9126,1667.4973,168.6590,161.9126,6.7464,0.08889877,0.08534282,6.7464,161.9126,0.08534282,6.7464,6.7464,6.7464,10.1195,10.1195,161.9126,0.08534282,40.4781,36.8094,128.1808,131.8496,0.06756306,0.06949685,0.00355595,49.9264,45.7099,4.4384,168.6590,8.4329,1897.2024,38.0000,,49.9264,37.9483,47.4353,59.0306,70.4151,82.6429,109.6283,46.3812,0.0,1.742222,2.311111,1.052515,17,12,1,2,0E-8,0.08889877,,0E-8,0.000000,0.915546,0.000000,,2026-04-18,2026-04-18,1,20,17,1,1.000000,,,0.000000,,,,,,,,GLOBAL_BASELINE_NO_ENTITY_RANKING,,,NOT_APPLICABLE_GLOBAL_BASELINE,HF9g-P5,,,,X 全窗基线 · 不参与实体赏罚,6876200,688,A168_HF9F_20260827_0900,2026-08-27 09:00:00
2026-04-18,115868388,2134,0,174.7728374760,-76.1073514220,-76.1073514220,0.3333333,3,3,0.50665070000000000,0.506650700000,-0.6004420894325239,-0.6004420894325239,-0.6004420894325239,0E-17,ELIGIBLE,R03b_20260811_FULL_v1,L1_ELIGIBILITY,v2026-08-11,2026-03-21..2026-08-06,baccarat_bet02_101_all_pairs_incl_sentinel,round_win = game_pnl > 0 (decisive only),COMPATIBILITY_ONLY_NOT_PRODUCTION,1897.2024,1736.9764,168.6590,38,38,-0.08889877,,-0.08889877,-0.08889877,-168.6590,1897.2024,OK,0.0000,6.7464,4.0000,96.0000,AG03-UNRESOLVED,ALL5_LEVELS_bet23_to_bet27,6.7464,6.7464,6.7464,10.1195,10.1195,4.000000,4.000000,4.000000,6.000000,6.000000,96.000000,96.000000,96.000000,94.000000,94.000000,5.0,40.4781,36.8094,128.1808,131.8496,PENDING_AG03,FALSE,NOT_FOR_ENFORCEMENT,161.9126,1667.4973,168.6590,161.9126,6.7464,0.08889877,0.08534282,6.7464,161.9126,0.08534282,6.7464,6.7464,6.7464,10.1195,10.1195,161.9126,0.08534282,40.4781,36.8094,128.1808,131.8496,0.06756306,0.06949685,0.00355595,49.9264,45.7099,4.4384,168.6590,8.4329,1897.2024,38.0000,,49.9264,37.9483,47.4353,59.0306,70.4151,82.6429,109.6283,46.3812,0.0,1.742222,2.311111,1.052515,17,12,1,2,0E-8,0.08889877,,0E-8,0.000000,0.915546,0.000000,,2026-04-18,2026-04-18,1,20,17,1,1.000000,,,0.000000,,,,,,,,GLOBAL_BASELINE_NO_ENTITY_RANKING,,,NOT_APPLICABLE_GLOBAL_BASELINE,HF9g-P5,,,,X 全窗基线 · 不参与实体赏罚,6876201,688,A168_HF9F_20260827_0900,2026-08-27 09:00:00
2026-04-18,115868388,2171,0,56.9223958004,-56.9223958004,-56.9223958004,0E-7,2,2,0.49324550000000000,0.493245500000,-1.3952362676504506,-1.3952362676504506,-1.3952362676504506,0E-17,ELIGIBLE,R03b_20260811_FULL_v1,L1_ELIGIBILITY,v2026-08-11,2026-03-21..2026-08-06,baccarat_bet02_101_all_pairs_incl_sentinel,round_win = game_pnl > 0 (decisive only),COMPATIBILITY_ONLY_NOT_PRODUCTION,1897.2024,1736.9764,168.6590,38,38,-0.08889877,,-0.08889877,-0.08889877,-168.6590,1897.2024,OK,0.0000,6.7464,4.0000,96.0000,AG03-UNRESOLVED,ALL5_LEVELS_bet23_to_bet27,6.7464,6.7464,6.7464,10.1195,10.1195,4.000000,4.000000,4.000000,6.000000,6.000000,96.000000,96.000000,96.000000,94.000000,94.000000,5.0,40.4781,36.8094,128.1808,131.8496,PENDING_AG03,FALSE,NOT_FOR_ENFORCEMENT,161.9126,1667.4973,168.6590,161.9126,6.7464,0.08889877,0.08534282,6.7464,161.9126,0.08534282,6.7464,6.7464,6.7464,10.1195,10.1195,161.9126,0.08534282,40.4781,36.8094,128.1808,131.8496,0.06756306,0.06949685,0.00355595,49.9264,45.7099,4.4384,168.6590,8.4329,1897.2024,38.0000,,49.9264,37.9483,47.4353,59.0306,70.4151,82.6429,109.6283,46.3812,0.0,1.742222,2.311111,1.052515,17,12,1,2,0E-8,0.08889877,,0E-8,0.000000,0.915546,0.000000,,2026-04-18,2026-04-18,1,20,17,1,1.000000,,,0.000000,,,,,,,,GLOBAL_BASELINE_NO_ENTITY_RANKING,,,NOT_APPLICABLE_GLOBAL_BASELINE,HF9g-P5,,,,X 全窗基线 · 不参与实体赏罚,6876202,688,A168_HF9F_20260827_0900,2026-08-27 09:00:00
2026-04-18,115868388,2241,0,29.5153163409,29.5153163409,29.5153163409,1.0000000,1,1,0.49324550000000000,0.493245500000,1.01360149184955,1.01360149184955,1.01360149184955,0E-17,ELIGIBLE,R03b_20260811_FULL_v1,L1_ELIGIBILITY,v2026-08-11,2026-03-21..2026-08-06,baccarat_bet02_101_all_pairs_incl_sentinel,round_win = game_pnl > 0 (decisive only),COMPATIBILITY_ONLY_NOT_PRODUCTION,1897.2024,1736.9764,168.6590,38,38,-0.08889877,,-0.08889877,-0.08889877,-168.6590,1897.2024,OK,0.0000,6.7464,4.0000,96.0000,AG03-UNRESOLVED,ALL5_LEVELS_bet23_to_bet27,6.7464,6.7464,6.7464,10.1195,10.1195,4.000000,4.000000,4.000000,6.000000,6.000000,96.000000,96.000000,96.000000,94.000000,94.000000,5.0,40.4781,36.8094,128.1808,131.8496,PENDING_AG03,FALSE,NOT_FOR_ENFORCEMENT,161.9126,1667.4973,168.6590,161.9126,6.7464,0.08889877,0.08534282,6.7464,161.9126,0.08534282,6.7464,6.7464,6.7464,10.1195,10.1195,161.9126,0.08534282,40.4781,36.8094,128.1808,131.8496,0.06756306,0.06949685,0.00355595,49.9264,45.7099,4.4384,168.6590,8.4329,1897.2024,38.0000,,49.9264,37.9483,47.4353,59.0306,70.4151,82.6429,109.6283,46.3812,0.0,1.742222,2.311111,1.052515,17,12,1,2,0E-8,0.08889877,,0E-8,0.000000,0.915546,0.000000,,2026-04-18,2026-04-18,1,20,17,1,1.000000,,,0.000000,,,,,,,,GLOBAL_BASELINE_NO_ENTITY_RANKING,,,NOT_APPLICABLE_GLOBAL_BASELINE,HF9g-P5,,,,X 全窗基线 · 不参与实体赏罚,6876203,688,A168_HF9F_20260827_0900,2026-08-27 09:00:00
2026-04-18,115868388,2261,0,42.1647376299,-42.1647376299,-42.1647376299,0E-7,1,1,0.50665070000000000,0.506650700000,-1.013391052207602,-1.013391052207602,-1.013391052207602,0E-17,ELIGIBLE,R03b_20260811_FULL_v1,L1_ELIGIBILITY,v2026-08-11,2026-03-21..2026-08-06,baccarat_bet02_101_all_pairs_incl_sentinel,round_win = game_pnl > 0 (decisive only),COMPATIBILITY_ONLY_NOT_PRODUCTION,1897.2024,1736.9764,168.6590,38,38,-0.08889877,,-0.08889877,-0.08889877,-168.6590,1897.2024,OK,0.0000,6.7464,4.0000,96.0000,AG03-UNRESOLVED,ALL5_LEVELS_bet23_to_bet27,6.7464,6.7464,6.7464,10.1195,10.1195,4.000000,4.000000,4.000000,6.000000,6.000000,96.000000,96.000000,96.000000,94.000000,94.000000,5.0,40.4781,36.8094,128.1808,131.8496,PENDING_AG03,FALSE,NOT_FOR_ENFORCEMENT,161.9126,1667.4973,168.6590,161.9126,6.7464,0.08889877,0.08534282,6.7464,161.9126,0.08534282,6.7464,6.7464,6.7464,10.1195,10.1195,161.9126,0.08534282,40.4781,36.8094,128.1808,131.8496,0.06756306,0.06949685,0.00355595,49.9264,45.7099,4.4384,168.6590,8.4329,1897.2024,38.0000,,49.9264,37.9483,47.4353,59.0306,70.4151,82.6429,109.6283,46.3812,0.0,1.742222,2.311111,1.052515,17,12,1,2,0E-8,0.08889877,,0E-8,0.000000,0.915546,0.000000,,2026-04-18,2026-04-18,1,20,17,1,1.000000,,,0.000000,,,,,,,,GLOBAL_BASELINE_NO_ENTITY_RANKING,,,NOT_APPLICABLE_GLOBAL_BASELINE,HF9g-P5,,,,X 全窗基线 · 不参与实体赏罚,6876204,688,A168_HF9F_20260827_0900,2026-08-27 09:00:00
2026-04-18,115868388,763,0,156.0095292307,-49.1219193388,-49.1219193388,0.3333333,3,3,0.50218230000000000,0.502182300000,-0.5849155494134425,-0.5849155494134426,-0.5849155494134425,0E-17,ELIGIBLE,R03b_20260811_FULL_v1,L1_ELIGIBILITY,v2026-08-11,2026-03-21..2026-08-06,baccarat_bet02_101_all_pairs_incl_sentinel,round_win = game_pnl > 0 (decisive only),COMPATIBILITY_ONLY_NOT_PRODUCTION,1897.2024,1736.9764,168.6590,38,38,-0.08889877,,-0.08889877,-0.08889877,-168.6590,1897.2024,OK,0.0000,6.7464,4.0000,96.0000,AG03-UNRESOLVED,ALL5_LEVELS_bet23_to_bet27,6.7464,6.7464,6.7464,10.1195,10.1195,4.000000,4.000000,4.000000,6.000000,6.000000,96.000000,96.000000,96.000000,94.000000,94.000000,5.0,40.4781,36.8094,128.1808,131.8496,PENDING_AG03,FALSE,NOT_FOR_ENFORCEMENT,161.9126,1667.4973,168.6590,161.9126,6.7464,0.08889877,0.08534282,6.7464,161.9126,0.08534282,6.7464,6.7464,6.7464,10.1195,10.1195,161.9126,0.08534282,40.4781,36.8094,128.1808,131.8496,0.06756306,0.06949685,0.00355595,49.9264,45.7099,4.4384,168.6590,8.4329,1897.2024,38.0000,,49.9264,37.9483,47.4353,59.0306,70.4151,82.6429,109.6283,46.3812,0.0,1.742222,2.311111,1.052515,17,12,1,2,0E-8,0.08889877,,0E-8,0.000000,0.915546,0.000000,,2026-04-18,2026-04-18,1,20,17,1,1.000000,,,0.000000,,,,,,,,GLOBAL_BASELINE_NO_ENTITY_RANKING,,,NOT_APPLICABLE_GLOBAL_BASELINE,HF9g-P5,,,,X 全窗基线 · 不参与实体赏罚,6876205,688,A168_HF9F_20260827_0900,2026-08-27 09:00:00
2026-04-01,137742267,-1,1,896.0006746358,-52.7059220374,-52.7059220374,0E-7,9,3,0.48212468649048798,0.324305683333,-1.3645268254572618,-0.9797542241797698,-1.3645268254572618,0.15781900315748798,SENTINEL_DEALER,R03b_20260811_FULL_v1,L1_ELIGIBILITY,v2026-08-11,2026-03-21..2026-08-06,baccarat_bet02_101_all_pairs_incl_sentinel,round_win = game_pnl > 0 (decisive only),COMPATIBILITY_ONLY_NOT_PRODUCTION,1844.7073,158.1178,168.6590,14,6,-0.09142857,,-0.09142857,-0.09142857,-168.6590,1844.7073,THIN_EXPOSURE,0.0000,6.7464,4.0000,96.0000,AG03-UNRESOLVED,ALL5_LEVELS_bet23_to_bet27,6.7464,6.7464,6.7464,10.1195,0.0000,4.000000,4.000000,4.000000,6.000000,0.000000,96.000000,96.000000,96.000000,94.000000,100.000000,5.0,30.3586,28.3934,138.3003,140.2655,PENDING_AG03,FALSE,NOT_FOR_ENFORCEMENT,161.9126,151.7931,168.6590,161.9126,6.7464,0.09142857,0.08777143,6.7464,161.9126,0.08777143,6.7464,6.7464,6.7464,10.1195,0.0000,161.9126,0.08777143,30.3586,28.3934,138.3003,140.2655,0.07497143,0.07603674,0.00365714,131.7648,26.3530,28.1098,168.6590,84.3295,1844.7073,6.0000,,131.7648,4.2165,210.8237,210.8237,212.9319,227.6896,231.9061,1.0541,-3.1624,1.08,1.1,0.625,2,2,1,4,0E-8,0.09142857,,0E-8,0.000000,0.085714,0.000000,,2026-04-01,2026-04-01,1,2,2,1,1.000000,,,0.000000,,,,,,,,GLOBAL_BASELINE_NO_ENTITY_RANKING,,,NOT_APPLICABLE_GLOBAL_BASELINE,HF9g-P5,,,,X 全窗基线 · 不参与实体赏罚,6876206,688,A168_HF9F_20260827_0900,2026-08-27 09:00:00
2026-04-01,137742267,2258,0,948.7065966732,-115.9530284823,-115.9530284823,0E-7,5,3,0.49782029047619067,0.497713900000,-1.7245164591809894,-1.724149546644903,-1.7245164591809894,0.00010639047619067,ELIGIBLE,R03b_20260811_FULL_v1,L1_ELIGIBILITY,v2026-08-11,2026-03-21..2026-08-06,baccarat_bet02_101_all_pairs_incl_sentinel,round_win = game_pnl > 0 (decisive only),COMPATIBILITY_ONLY_NOT_PRODUCTION,1844.7073,158.1178,168.6590,14,6,-0.09142857,,-0.09142857,-0.09142857,-168.6590,1844.7073,THIN_EXPOSURE,0.0000,6.7464,4.0000,96.0000,AG03-UNRESOLVED,ALL5_LEVELS_bet23_to_bet27,6.7464,6.7464,6.7464,10.1195,0.0000,4.000000,4.000000,4.000000,6.000000,0.000000,96.000000,96.000000,96.000000,94.000000,100.000000,5.0,30.3586,28.3934,138.3003,140.2655,PENDING_AG03,FALSE,NOT_FOR_ENFORCEMENT,161.9126,151.7931,168.6590,161.9126,6.7464,0.09142857,0.08777143,6.7464,161.9126,0.08777143,6.7464,6.7464,6.7464,10.1195,0.0000,161.9126,0.08777143,30.3586,28.3934,138.3003,140.2655,0.07497143,0.07603674,0.00365714,131.7648,26.3530,28.1098,168.6590,84.3295,1844.7073,6.0000,,131.7648,4.2165,210.8237,210.8237,212.9319,227.6896,231.9061,1.0541,-3.1624,1.08,1.1,0.625,2,2,1,4,0E-8,0.09142857,,0E-8,0.000000,0.085714,0.000000,,2026-04-01,2026-04-01,1,2,2,1,1.000000,,,0.000000,,,,,,,,GLOBAL_BASELINE_NO_ENTITY_RANKING,,,NOT_APPLICABLE_GLOBAL_BASELINE,HF9g-P5,,,,X 全窗基线 · 不参与实体赏罚,6876207,688,A168_HF9F_20260827_0900,2026-08-27 09:00:00
2026-04-19,138967307,1399,0,1834.1660869015,-168.6589505196,-168.6589505196,0.5384615,14,14,0.49324550000000000,0.493245500000,0.32608724598356864,0.3260872459835686,0.32608724598356864,0E-17,ELIGIBLE,R03b_20260811_FULL_v1,L1_ELIGIBILITY,v2026-08-11,2026-03-21..2026-08-06,baccarat_bet02_101_all_pairs_incl_sentinel,round_win = game_pnl > 0 (decisive only),COMPATIBILITY_ONLY_NOT_PRODUCTION,1834.1661,1770.9190,168.6590,14,14,-0.09195402,,-0.09195402,-0.09195402,-168.6590,1834.1661,THIN_EXPOSURE,0.0000,6.7464,4.0000,96.0000,AG03-UNRESOLVED,ALL5_LEVELS_bet23_to_bet27,6.7464,6.7464,7.5897,7.5897,7.5897,4.000000,4.000000,4.500000,4.500000,4.500000,96.000000,96.000000,95.500000,95.500000,95.500000,5.0,36.2617,33.2766,132.3973,135.3823,PENDING_AG03,FALSE,NOT_FOR_ENFORCEMENT,161.9126,1700.0822,168.6590,161.9126,6.7464,0.09195402,0.08827586,6.7464,161.9126,0.08827586,6.7464,6.7464,7.5897,7.5897,7.5897,161.9126,0.08827586,36.2617,33.2766,132.3973,135.3823,0.07218391,0.07381138,0.00367816,131.0119,126.4942,12.0471,168.6590,168.6590,1834.1661,14.0000,,131.0119,84.3295,115.953,210.8237,210.8237,210.8237,210.8237,115.953,31.6236,1.818182,1.818182,1.12987,1,1,1,1,0E-8,0.09195402,,0E-8,0.000000,0.965517,0.000000,,2026-04-19,2026-04-19,1,1,1,1,1.000000,,,0.000000,,,,,,,,GLOBAL_BASELINE_NO_ENTITY_RANKING,,,NOT_APPLICABLE_GLOBAL_BASELINE,HF9g-P5,,,,X 全窗基线 · 不参与实体赏罚,6876208,688,A168_HF9F_20260827_0900,2026-08-27 09:00:00
2026-04-08,148358727,1509,0,189.7413193347,-63.2471064449,-63.2471064449,0.5000000,2,2,0.50665070000000000,0.506650700000,-0.018812684590367487,-0.018812684590367487,-0.018812684590367487,0E-17,ELIGIBLE,R03b_20260811_FULL_v1,L1_ELIGIBILITY,v2026-08-11,2026-03-21..2026-08-06,baccarat_bet02_101_all_pairs_incl_sentinel,round_win = game_pnl > 0 (decisive only),COMPATIBILITY_ONLY_NOT_PRODUCTION,1349.2716,1349.2716,168.6590,9,9,-0.12500000,,-0.12500000,-0.12500000,-168.6590,1349.2716,THIN_EXPOSURE,0.0000,6.7464,4.0000,96.0000,AG03-UNRESOLVED,ALL5_LEVELS_bet23_to_bet27,6.7464,6.7464,6.7464,6.7464,6.7464,4.000000,4.000000,4.000000,4.000000,4.000000,96.000000,96.000000,96.000000,96.000000,96.000000,5.0,33.7318,31.139,134.9272,137.5199,PENDING_AG03,FALSE,NOT_FOR_ENFORCEMENT,161.9126,1295.3007,168.6590,161.9126,6.7464,0.12500000,0.12000000,6.7464,161.9126,0.12000000,6.7464,6.7464,6.7464,6.7464,6.7464,161.9126,0.12000000,33.7318,31.139,134.9272,137.5199,0.10000000,0.10192159,0.00500000,149.9191,149.9191,18.7399,84.3295,84.3295,674.6358,4.5000,,149.9191,105.4118,126.4942,210.8237,210.8237,210.8237,210.8237,126.4942,63.2471,1.666667,1.666667,1.185185,1,2,2,2,0E-8,0.12500000,,0E-8,0.000000,1.000000,1.000000,,2026-04-08,2026-04-09,2,2,2,2,1.000000,,,0.000000,,,,,,,,GLOBAL_BASELINE_NO_ENTITY_RANKING,,,NOT_APPLICABLE_GLOBAL_BASELINE,HF9g-P5,,,,X 全窗基线 · 不参与实体赏罚,6876209,688,A168_HF9F_20260827_0900,2026-08-27 09:00:00
2026-04-09,148358727,2220,0,1159.5302848228,-105.4118440748,-105.4118440748,0.5714286,7,7,0.50090561428571429,0.500905614286,0.3731730247484194,0.373173024746908,0.3731730247484194,-2.8571E-13,ELIGIBLE,R03b_20260811_FULL_v1,L1_ELIGIBILITY,v2026-08-11,2026-03-21..2026-08-06,baccarat_bet02_101_all_pairs_incl_sentinel,round_win = game_pnl > 0 (decisive only),COMPATIBILITY_ONLY_NOT_PRODUCTION,1349.2716,1349.2716,168.6590,9,9,-0.12500000,,-0.12500000,-0.12500000,-168.6590,1349.2716,THIN_EXPOSURE,0.0000,6.7464,4.0000,96.0000,AG03-UNRESOLVED,ALL5_LEVELS_bet23_to_bet27,6.7464,6.7464,6.7464,6.7464,6.7464,4.000000,4.000000,4.000000,4.000000,4.000000,96.000000,96.000000,96.000000,96.000000,96.000000,5.0,33.7318,31.139,134.9272,137.5199,PENDING_AG03,FALSE,NOT_FOR_ENFORCEMENT,161.9126,1295.3007,168.6590,161.9126,6.7464,0.12500000,0.12000000,6.7464,161.9126,0.12000000,6.7464,6.7464,6.7464,6.7464,6.7464,161.9126,0.12000000,33.7318,31.139,134.9272,137.5199,0.10000000,0.10192159,0.00500000,149.9191,149.9191,18.7399,84.3295,84.3295,674.6358,4.5000,,149.9191,105.4118,126.4942,210.8237,210.8237,210.8237,210.8237,126.4942,63.2471,1.666667,1.666667,1.185185,1,2,2,2,0E-8,0.12500000,,0E-8,0.000000,1.000000,1.000000,,2026-04-08,2026-04-09,2,2,2,2,1.000000,,,0.000000,,,,,,,,GLOBAL_BASELINE_NO_ENTITY_RANKING,,,NOT_APPLICABLE_GLOBAL_BASELINE,HF9g-P5,,,,X 全窗基线 · 不参与实体赏罚,6876210,688,A168_HF9F_20260827_0900,2026-08-27 09:00:00
2026-04-10,148480242,970,0,42.1647376299,-42.1647376299,-42.1647376299,0E-7,1,1,0.49324550000000000,0.493245500000,-0.9865810262130424,-0.9865810262130424,-0.9865810262130424,0E-17,ELIGIBLE,R03b_20260811_FULL_v1,L1_ELIGIBILITY,v2026-08-11,2026-03-21..2026-08-06,baccarat_bet02_101_all_pairs_incl_sentinel,round_win = game_pnl > 0 (decisive only),COMPATIBILITY_ONLY_NOT_PRODUCTION,1117.3655,1054.1184,168.6590,17,16,-0.15094340,,-0.15094340,-0.15094340,-168.6590,1117.3655,THIN_EXPOSURE,0.0000,6.7464,4.0000,96.0000,AG03-UNRESOLVED,ALL5_LEVELS_bet23_to_bet27,6.7464,6.7464,6.7464,10.1195,10.1195,4.000000,4.000000,4.000000,6.000000,6.000000,96.000000,96.000000,96.000000,94.000000,94.000000,5.0,40.4781,36.8094,128.1808,131.8496,PENDING_AG03,FALSE,NOT_FOR_ENFORCEMENT,161.9126,1011.9537,168.6590,161.9126,6.7464,0.15094340,0.14490566,6.7464,161.9126,0.14490566,6.7464,6.7464,6.7464,10.1195,10.1195,161.9126,0.14490566,40.4781,36.8094,128.1808,131.8496,0.11471698,0.11800041,0.00603774,65.7274,65.8824,10.5412,168.6590,168.6590,1117.3655,16.0000,,65.7274,42.1647,63.2471,89.6001,105.4118,105.4118,105.4118,63.2471,-21.0824,1.666667,1.666667,1.039216,1,2,1,2,0E-8,0.15094340,,0E-8,0.000000,0.943396,0.000000,,2026-04-10,2026-04-10,1,1,1,1,1.000000,,,0.000000,,,,,,,,GLOBAL_BASELINE_NO_ENTITY_RANKING,,,NOT_APPLICABLE_GLOBAL_BASELINE,HF9g-P5,,,,X 全窗基线 · 不参与实体赏罚,6876211,688,A168_HF9F_20260827_0900,2026-08-27 09:00:00
2026-04-10,148480242,986,0,1075.2008095631,-126.4942128898,-126.4942128898,0.4285714,16,15,0.48793026399998992,0.479957410000,-0.44433032774340303,-0.38484678835771696,-0.44433032774340303,0.00797285399998992,ELIGIBLE,R03b_20260811_FULL_v1,L1_ELIGIBILITY,v2026-08-11,2026-03-21..2026-08-06,baccarat_bet02_101_all_pairs_incl_sentinel,round_win = game_pnl > 0 (decisive only),COMPATIBILITY_ONLY_NOT_PRODUCTION,1117.3655,1054.1184,168.6590,17,16,-0.15094340,,-0.15094340,-0.15094340,-168.6590,1117.3655,THIN_EXPOSURE,0.0000,6.7464,4.0000,96.0000,AG03-UNRESOLVED,ALL5_LEVELS_bet23_to_bet27,6.7464,6.7464,6.7464,10.1195,10.1195,4.000000,4.000000,4.000000,6.000000,6.000000,96.000000,96.000000,96.000000,94.000000,94.000000,5.0,40.4781,36.8094,128.1808,131.8496,PENDING_AG03,FALSE,NOT_FOR_ENFORCEMENT,161.9126,1011.9537,168.6590,161.9126,6.7464,0.15094340,0.14490566,6.7464,161.9126,0.14490566,6.7464,6.7464,6.7464,10.1195,10.1195,161.9126,0.14490566,40.4781,36.8094,128.1808,131.8496,0.11471698,0.11800041,0.00603774,65.7274,65.8824,10.5412,168.6590,168.6590,1117.3655,16.0000,,65.7274,42.1647,63.2471,89.6001,105.4118,105.4118,105.4118,63.2471,-21.0824,1.666667,1.666667,1.039216,1,2,1,2,0E-8,0.15094340,,0E-8,0.000000,0.943396,0.000000,,2026-04-10,2026-04-10,1,1,1,1,1.000000,,,0.000000,,,,,,,,GLOBAL_BASELINE_NO_ENTITY_RANKING,,,NOT_APPLICABLE_GLOBAL_BASELINE,HF9g-P5,,,,X 全窗基线 · 不参与实体赏罚,6876212,688,A168_HF9F_20260827_0900,2026-08-27 09:00:00
2026-04-05,139032360,2093,0,88.5459490228,88.5459490228,88.5459490228,1.0000000,1,1,0.49324550000000000,0.493245500000,1.01360149184955,1.01360149184955,1.01360149184955,0E-17,ELIGIBLE,R03b_20260811_FULL_v1,L1_ELIGIBILITY,v2026-08-11,2026-03-21..2026-08-06,baccarat_bet02_101_all_pairs_incl_sentinel,round_win = game_pnl > 0 (decisive only),COMPATIBILITY_ONLY_NOT_PRODUCTION,957.1395,868.5936,168.6590,10,10,-0.17621145,,-0.17621145,-0.17621145,-168.6590,957.1395,THIN_EXPOSURE,0.0000,6.7464,4.0000,96.0000,AG03-UNRESOLVED,ALL5_LEVELS_bet23_to_bet27,6.7464,6.7464,6.7464,10.1195,10.1195,4.000000,4.000000,4.000000,6.000000,6.000000,96.000000,96.000000,96.000000,94.000000,94.000000,5.0,40.4781,36.8094,128.1808,131.8496,PENDING_AG03,FALSE,NOT_FOR_ENFORCEMENT,161.9126,833.8499,168.6590,161.9126,6.7464,0.17621145,0.16916300,6.7464,161.9126,0.16916300,6.7464,6.7464,6.7464,10.1195,10.1195,161.9126,0.16916300,40.4781,36.8094,128.1808,131.8496,0.13392070,0.13775378,0.00704846,95.7140,86.8594,16.8659,168.6590,18.7399,957.1395,10.0000,,95.7140,73.7883,92.7624,105.4118,151.7931,177.0919,177.0919,92.7624,-15.8118,1.909091,1.909091,1.031818,9,9,1,2,0E-8,0.17621145,,0E-8,0.000000,0.907489,0.000000,,2026-04-05,2026-04-05,1,9,9,1,1.000000,,,0.000000,,,,,,,,GLOBAL_BASELINE_NO_ENTITY_RANKING,,,NOT_APPLICABLE_GLOBAL_BASELINE,HF9g-P5,,,,X 全窗基线 · 不参与实体赏罚,6876213,688,A168_HF9F_20260827_0900,2026-08-27 09:00:00
2026-04-05,139032360,2141,0,31.6235532224,-31.6235532224,-31.6235532224,0E-7,1,1,0.49324550000000000,0.493245500000,-0.9865810262130424,-0.9865810262130424,-0.9865810262130424,0E-17,ELIGIBLE,R03b_20260811_FULL_v1,L1_ELIGIBILITY,v2026-08-11,2026-03-21..2026-08-06,baccarat_bet02_101_all_pairs_incl_sentinel,round_win = game_pnl > 0 (decisive only),COMPATIBILITY_ONLY_NOT_PRODUCTION,957.1395,868.5936,168.6590,10,10,-0.17621145,,-0.17621145,-0.17621145,-168.6590,957.1395,THIN_EXPOSURE,0.0000,6.7464,4.0000,96.0000,AG03-UNRESOLVED,ALL5_LEVELS_bet23_to_bet27,6.7464,6.7464,6.7464,10.1195,10.1195,4.000000,4.000000,4.000000,6.000000,6.000000,96.000000,96.000000,96.000000,94.000000,94.000000,5.0,40.4781,36.8094,128.1808,131.8496,PENDING_AG03,FALSE,NOT_FOR_ENFORCEMENT,161.9126,833.8499,168.6590,161.9126,6.7464,0.17621145,0.16916300,6.7464,161.9126,0.16916300,6.7464,6.7464,6.7464,10.1195,10.1195,161.9126,0.16916300,40.4781,36.8094,128.1808,131.8496,0.13392070,0.13775378,0.00704846,95.7140,86.8594,16.8659,168.6590,18.7399,957.1395,10.0000,,95.7140,73.7883,92.7624,105.4118,151.7931,177.0919,177.0919,92.7624,-15.8118,1.909091,1.909091,1.031818,9,9,1,2,0E-8,0.17621145,,0E-8,0.000000,0.907489,0.000000,,2026-04-05,2026-04-05,1,9,9,1,1.000000,,,0.000000,,,,,,,,GLOBAL_BASELINE_NO_ENTITY_RANKING,,,NOT_APPLICABLE_GLOBAL_BASELINE,HF9g-P5,,,,X 全窗基线 · 不参与实体赏罚,6876214,688,A168_HF9F_20260827_0900,2026-08-27 09:00:00
2026-04-05,139032360,2160,0,177.0918980457,-177.0918980457,-177.0918980457,0E-7,1,1,0.50665070000000000,0.506650700000,-1.013391052207602,-1.013391052207602,-1.013391052207602,0E-17,ELIGIBLE,R03b_20260811_FULL_v1,L1_ELIGIBILITY,v2026-08-11,2026-03-21..2026-08-06,baccarat_bet02_101_all_pairs_incl_sentinel,round_win = game_pnl > 0 (decisive only),COMPATIBILITY_ONLY_NOT_PRODUCTION,957.1395,868.5936,168.6590,10,10,-0.17621145,,-0.17621145,-0.17621145,-168.6590,957.1395,THIN_EXPOSURE,0.0000,6.7464,4.0000,96.0000,AG03-UNRESOLVED,ALL5_LEVELS_bet23_to_bet27,6.7464,6.7464,6.7464,10.1195,10.1195,4.000000,4.000000,4.000000,6.000000,6.000000,96.000000,96.000000,96.000000,94.000000,94.000000,5.0,40.4781,36.8094,128.1808,131.8496,PENDING_AG03,FALSE,NOT_FOR_ENFORCEMENT,161.9126,833.8499,168.6590,161.9126,6.7464,0.17621145,0.16916300,6.7464,161.9126,0.16916300,6.7464,6.7464,6.7464,10.1195,10.1195,161.9126,0.16916300,40.4781,36.8094,128.1808,131.8496,0.13392070,0.13775378,0.00704846,95.7140,86.8594,16.8659,168.6590,18.7399,957.1395,10.0000,,95.7140,73.7883,92.7624,105.4118,151.7931,177.0919,177.0919,92.7624,-15.8118,1.909091,1.909091,1.031818,9,9,1,2,0E-8,0.17621145,,0E-8,0.000000,0.907489,0.000000,,2026-04-05,2026-04-05,1,9,9,1,1.000000,,,0.000000,,,,,,,,GLOBAL_BASELINE_NO_ENTITY_RANKING,,,NOT_APPLICABLE_GLOBAL_BASELINE,HF9g-P5,,,,X 全窗基线 · 不参与实体赏罚,6876215,688,A168_HF9F_20260827_0900,2026-08-27 09:00:00
2026-04-05,139032360,2173,0,73.7882908524,-73.7882908524,-73.7882908524,0E-7,1,1,0.50665070000000000,0.506650700000,-1.013391052207602,-1.013391052207602,-1.013391052207602,0E-17,ELIGIBLE,R03b_20260811_FULL_v1,L1_ELIGIBILITY,v2026-08-11,2026-03-21..2026-08-06,baccarat_bet02_101_all_pairs_incl_sentinel,round_win = game_pnl > 0 (decisive only),COMPATIBILITY_ONLY_NOT_PRODUCTION,957.1395,868.5936,168.6590,10,10,-0.17621145,,-0.17621145,-0.17621145,-168.6590,957.1395,THIN_EXPOSURE,0.0000,6.7464,4.0000,96.0000,AG03-UNRESOLVED,ALL5_LEVELS_bet23_to_bet27,6.7464,6.7464,6.7464,10.1195,10.1195,4.000000,4.000000,4.000000,6.000000,6.000000,96.000000,96.000000,96.000000,94.000000,94.000000,5.0,40.4781,36.8094,128.1808,131.8496,PENDING_AG03,FALSE,NOT_FOR_ENFORCEMENT,161.9126,833.8499,168.6590,161.9126,6.7464,0.17621145,0.16916300,6.7464,161.9126,0.16916300,6.7464,6.7464,6.7464,10.1195,10.1195,161.9126,0.16916300,40.4781,36.8094,128.1808,131.8496,0.13392070,0.13775378,0.00704846,95.7140,86.8594,16.8659,168.6590,18.7399,957.1395,10.0000,,95.7140,73.7883,92.7624,105.4118,151.7931,177.0919,177.0919,92.7624,-15.8118,1.909091,1.909091,1.031818,9,9,1,2,0E-8,0.17621145,,0E-8,0.000000,0.907489,0.000000,,2026-04-05,2026-04-05,1,9,9,1,1.000000,,,0.000000,,,,,,,,GLOBAL_BASELINE_NO_ENTITY_RANKING,,,NOT_APPLICABLE_GLOBAL_BASELINE,HF9g-P5,,,,X 全窗基线 · 不参与实体赏罚,6876216,688,A168_HF9F_20260827_0900,2026-08-27 09:00:00
2026-04-05,139032360,2222,0,202.3907406236,-8.4329475260,-8.4329475260,0.5000000,2,2,0.49994810000000000,0.499948100000,0.00014679536856514622,0.00014679536856514622,0.00014679536856514622,0E-17,ELIGIBLE,R03b_20260811_FULL_v1,L1_ELIGIBILITY,v2026-08-11,2026-03-21..2026-08-06,baccarat_bet02_101_all_pairs_incl_sentinel,round_win = game_pnl > 0 (decisive only),COMPATIBILITY_ONLY_NOT_PRODUCTION,957.1395,868.5936,168.6590,10,10,-0.17621145,,-0.17621145,-0.17621145,-168.6590,957.1395,THIN_EXPOSURE,0.0000,6.7464,4.0000,96.0000,AG03-UNRESOLVED,ALL5_LEVELS_bet23_to_bet27,6.7464,6.7464,6.7464,10.1195,10.1195,4.000000,4.000000,4.000000,6.000000,6.000000,96.000000,96.000000,96.000000,94.000000,94.000000,5.0,40.4781,36.8094,128.1808,131.8496,PENDING_AG03,FALSE,NOT_FOR_ENFORCEMENT,161.9126,833.8499,168.6590,161.9126,6.7464,0.17621145,0.16916300,6.7464,161.9126,0.16916300,6.7464,6.7464,6.7464,10.1195,10.1195,161.9126,0.16916300,40.4781,36.8094,128.1808,131.8496,0.13392070,0.13775378,0.00704846,95.7140,86.8594,16.8659,168.6590,18.7399,957.1395,10.0000,,95.7140,73.7883,92.7624,105.4118,151.7931,177.0919,177.0919,92.7624,-15.8118,1.909091,1.909091,1.031818,9,9,1,2,0E-8,0.17621145,,0E-8,0.000000,0.907489,0.000000,,2026-04-05,2026-04-05,1,9,9,1,1.000000,,,0.000000,,,,,,,,GLOBAL_BASELINE_NO_ENTITY_RANKING,,,NOT_APPLICABLE_GLOBAL_BASELINE,HF9g-P5,,,,X 全窗基线 · 不参与实体赏罚,6876217,688,A168_HF9F_20260827_0900,2026-08-27 09:00:00
2026-04-05,139032360,2242,0,126.4942128898,-126.4942128898,-126.4942128898,0E-7,1,1,0.49324550000000000,0.493245500000,-0.9865810262130424,-0.9865810262130424,-0.9865810262130424,0E-17,ELIGIBLE,R03b_20260811_FULL_v1,L1_ELIGIBILITY,v2026-08-11,2026-03-21..2026-08-06,baccarat_bet02_101_all_pairs_incl_sentinel,round_win = game_pnl > 0 (decisive only),COMPATIBILITY_ONLY_NOT_PRODUCTION,957.1395,868.5936,168.6590,10,10,-0.17621145,,-0.17621145,-0.17621145,-168.6590,957.1395,THIN_EXPOSURE,0.0000,6.7464,4.0000,96.0000,AG03-UNRESOLVED,ALL5_LEVELS_bet23_to_bet27,6.7464,6.7464,6.7464,10.1195,10.1195,4.000000,4.000000,4.000000,6.000000,6.000000,96.000000,96.000000,96.000000,94.000000,94.000000,5.0,40.4781,36.8094,128.1808,131.8496,PENDING_AG03,FALSE,NOT_FOR_ENFORCEMENT,161.9126,833.8499,168.6590,161.9126,6.7464,0.17621145,0.16916300,6.7464,161.9126,0.16916300,6.7464,6.7464,6.7464,10.1195,10.1195,161.9126,0.16916300,40.4781,36.8094,128.1808,131.8496,0.13392070,0.13775378,0.00704846,95.7140,86.8594,16.8659,168.6590,18.7399,957.1395,10.0000,,95.7140,73.7883,92.7624,105.4118,151.7931,177.0919,177.0919,92.7624,-15.8118,1.909091,1.909091,1.031818,9,9,1,2,0E-8,0.17621145,,0E-8,0.000000,0.907489,0.000000,,2026-04-05,2026-04-05,1,9,9,1,1.000000,,,0.000000,,,,,,,,GLOBAL_BASELINE_NO_ENTITY_RANKING,,,NOT_APPLICABLE_GLOBAL_BASELINE,HF9g-P5,,,,X 全窗基线 · 不参与实体赏罚,6876218,688,A168_HF9F_20260827_0900,2026-08-27 09:00:00
2026-04-05,139032360,2244,0,88.5459490228,0E-10,0E-10,,1,1,0.50665070000000000,0.506650700000,,,,0E-17,NO_DECISIVE_ROUND,R03b_20260811_FULL_v1,L1_ELIGIBILITY,v2026-08-11,2026-03-21..2026-08-06,baccarat_bet02_101_all_pairs_incl_sentinel,round_win = game_pnl > 0 (decisive only),COMPATIBILITY_ONLY_NOT_PRODUCTION,957.1395,868.5936,168.6590,10,10,-0.17621145,,-0.17621145,-0.17621145,-168.6590,957.1395,THIN_EXPOSURE,0.0000,6.7464,4.0000,96.0000,AG03-UNRESOLVED,ALL5_LEVELS_bet23_to_bet27,6.7464,6.7464,6.7464,10.1195,10.1195,4.000000,4.000000,4.000000,6.000000,6.000000,96.000000,96.000000,96.000000,94.000000,94.000000,5.0,40.4781,36.8094,128.1808,131.8496,PENDING_AG03,FALSE,NOT_FOR_ENFORCEMENT,161.9126,833.8499,168.6590,161.9126,6.7464,0.17621145,0.16916300,6.7464,161.9126,0.16916300,6.7464,6.7464,6.7464,10.1195,10.1195,161.9126,0.16916300,40.4781,36.8094,128.1808,131.8496,0.13392070,0.13775378,0.00704846,95.7140,86.8594,16.8659,168.6590,18.7399,957.1395,10.0000,,95.7140,73.7883,92.7624,105.4118,151.7931,177.0919,177.0919,92.7624,-15.8118,1.909091,1.909091,1.031818,9,9,1,2,0E-8,0.17621145,,0E-8,0.000000,0.907489,0.000000,,2026-04-05,2026-04-05,1,9,9,1,1.000000,,,0.000000,,,,,,,,GLOBAL_BASELINE_NO_ENTITY_RANKING,,,NOT_APPLICABLE_GLOBAL_BASELINE,HF9g-P5,,,,X 全窗基线 · 不参与实体赏罚,6876219,688,A168_HF9F_20260827_0900,2026-08-27 09:00:00
2026-04-05,139032360,763,0,63.2471064449,60.0847511226,60.0847511226,1.0000000,1,1,0.50665070000000000,0.506650700000,0.9867858985152569,0.9867858985152569,0.9867858985152569,0E-17,ELIGIBLE,R03b_20260811_FULL_v1,L1_ELIGIBILITY,v2026-08-11,2026-03-21..2026-08-06,baccarat_bet02_101_all_pairs_incl_sentinel,round_win = game_pnl > 0 (decisive only),COMPATIBILITY_ONLY_NOT_PRODUCTION,957.1395,868.5936,168.6590,10,10,-0.17621145,,-0.17621145,-0.17621145,-168.6590,957.1395,THIN_EXPOSURE,0.0000,6.7464,4.0000,96.0000,AG03-UNRESOLVED,ALL5_LEVELS_bet23_to_bet27,6.7464,6.7464,6.7464,10.1195,10.1195,4.000000,4.000000,4.000000,6.000000,6.000000,96.000000,96.000000,96.000000,94.000000,94.000000,5.0,40.4781,36.8094,128.1808,131.8496,PENDING_AG03,FALSE,NOT_FOR_ENFORCEMENT,161.9126,833.8499,168.6590,161.9126,6.7464,0.17621145,0.16916300,6.7464,161.9126,0.16916300,6.7464,6.7464,6.7464,10.1195,10.1195,161.9126,0.16916300,40.4781,36.8094,128.1808,131.8496,0.13392070,0.13775378,0.00704846,95.7140,86.8594,16.8659,168.6590,18.7399,957.1395,10.0000,,95.7140,73.7883,92.7624,105.4118,151.7931,177.0919,177.0919,92.7624,-15.8118,1.909091,1.909091,1.031818,9,9,1,2,0E-8,0.17621145,,0E-8,0.000000,0.907489,0.000000,,2026-04-05,2026-04-05,1,9,9,1,1.000000,,,0.000000,,,,,,,,GLOBAL_BASELINE_NO_ENTITY_RANKING,,,NOT_APPLICABLE_GLOBAL_BASELINE,HF9g-P5,,,,X 全窗基线 · 不参与实体赏罚,6876220,688,A168_HF9F_20260827_0900,2026-08-27 09:00:00
2026-04-05,139032360,925,0,105.4118440748,100.1412518711,100.1412518711,1.0000000,1,1,0.50665070000000000,0.506650700000,0.9867858985152569,0.9867858985152569,0.9867858985152569,0E-17,ELIGIBLE,R03b_20260811_FULL_v1,L1_ELIGIBILITY,v2026-08-11,2026-03-21..2026-08-06,baccarat_bet02_101_all_pairs_incl_sentinel,round_win = game_pnl > 0 (decisive only),COMPATIBILITY_ONLY_NOT_PRODUCTION,957.1395,868.5936,168.6590,10,10,-0.17621145,,-0.17621145,-0.17621145,-168.6590,957.1395,THIN_EXPOSURE,0.0000,6.7464,4.0000,96.0000,AG03-UNRESOLVED,ALL5_LEVELS_bet23_to_bet27,6.7464,6.7464,6.7464,10.1195,10.1195,4.000000,4.000000,4.000000,6.000000,6.000000,96.000000,96.000000,96.000000,94.000000,94.000000,5.0,40.4781,36.8094,128.1808,131.8496,PENDING_AG03,FALSE,NOT_FOR_ENFORCEMENT,161.9126,833.8499,168.6590,161.9126,6.7464,0.17621145,0.16916300,6.7464,161.9126,0.16916300,6.7464,6.7464,6.7464,10.1195,10.1195,161.9126,0.16916300,40.4781,36.8094,128.1808,131.8496,0.13392070,0.13775378,0.00704846,95.7140,86.8594,16.8659,168.6590,18.7399,957.1395,10.0000,,95.7140,73.7883,92.7624,105.4118,151.7931,177.0919,177.0919,92.7624,-15.8118,1.909091,1.909091,1.031818,9,9,1,2,0E-8,0.17621145,,0E-8,0.000000,0.907489,0.000000,,2026-04-05,2026-04-05,1,9,9,1,1.000000,,,0.000000,,,,,,,,GLOBAL_BASELINE_NO_ENTITY_RANKING,,,NOT_APPLICABLE_GLOBAL_BASELINE,HF9g-P5,,,,X 全窗基线 · 不参与实体赏罚,6876221,688,A168_HF9F_20260827_0900,2026-08-27 09:00:00
2026-04-28,90147078,1330,0,158.1177661122,-33.7317901040,-33.7317901040,0.5000000,5,3,0.44680471888879178,0.351152533333,0.15131779254009584,0.4409986253447333,0.15131779254009584,0.09565218555579178,ELIGIBLE,R03b_20260811_FULL_v1,L1_ELIGIBILITY,v2026-08-11,2026-03-21..2026-08-06,baccarat_bet02_101_all_pairs_incl_sentinel,round_win = game_pnl > 0 (decisive only),COMPATIBILITY_ONLY_NOT_PRODUCTION,780.0476,664.0946,168.6590,17,9,-0.21621622,,-0.21621622,-0.21621622,-168.6590,780.0476,THIN_EXPOSURE,0.0000,6.7464,4.0000,96.0000,AG03-UNRESOLVED,ALL5_LEVELS_bet23_to_bet27,6.7464,6.7464,6.7464,8.4329,8.4329,4.000000,4.000000,4.000000,5.000000,5.000000,96.000000,96.000000,96.000000,95.000000,95.000000,5.0,37.1050,33.9891,131.5540,134.6698,PENDING_AG03,FALSE,NOT_FOR_ENFORCEMENT,161.9126,637.5308,168.6590,161.9126,6.7464,0.21621622,0.20756757,6.7464,161.9126,0.20756757,6.7464,6.7464,6.7464,8.4329,8.4329,161.9126,0.20756757,37.1050,33.9891,131.5540,134.6698,0.16864865,0.17264308,0.00864865,45.8852,73.7883,18.7399,168.6590,84.3295,780.0476,9.0000,,45.8852,10.5412,42.1647,57.9765,115.953,167.6048,189.7413,10.5412,-10.5412,3.975,4.5,1.088235,2,2,1,6,0E-8,0.21621622,,0E-8,0.000000,0.851351,0.000000,,2026-04-28,2026-04-28,1,2,2,1,1.000000,,,0.000000,,,,,,,,GLOBAL_BASELINE_NO_ENTITY_RANKING,,,NOT_APPLICABLE_GLOBAL_BASELINE,HF9g-P5,,,,X 全窗基线 · 不参与实体赏罚,6876222,688,A168_HF9F_20260827_0900,2026-08-27 09:00:00
2026-04-28,90147078,2261,0,621.9298800415,-134.9271604159,-134.9271604159,0.5000000,12,6,0.44906592827373165,0.305865702778,0.25082981180833686,1.0320262658932042,0.25082981180833686,0.14320022549573165,ELIGIBLE,R03b_20260811_FULL_v1,L1_ELIGIBILITY,v2026-08-11,2026-03-21..2026-08-06,baccarat_bet02_101_all_pairs_incl_sentinel,round_win = game_pnl > 0 (decisive only),COMPATIBILITY_ONLY_NOT_PRODUCTION,780.0476,664.0946,168.6590,17,9,-0.21621622,,-0.21621622,-0.21621622,-168.6590,780.0476,THIN_EXPOSURE,0.0000,6.7464,4.0000,96.0000,AG03-UNRESOLVED,ALL5_LEVELS_bet23_to_bet27,6.7464,6.7464,6.7464,8.4329,8.4329,4.000000,4.000000,4.000000,5.000000,5.000000,96.000000,96.000000,96.000000,95.000000,95.000000,5.0,37.1050,33.9891,131.5540,134.6698,PENDING_AG03,FALSE,NOT_FOR_ENFORCEMENT,161.9126,637.5308,168.6590,161.9126,6.7464,0.21621622,0.20756757,6.7464,161.9126,0.20756757,6.7464,6.7464,6.7464,8.4329,8.4329,161.9126,0.20756757,37.1050,33.9891,131.5540,134.6698,0.16864865,0.17264308,0.00864865,45.8852,73.7883,18.7399,168.6590,84.3295,780.0476,9.0000,,45.8852,10.5412,42.1647,57.9765,115.953,167.6048,189.7413,10.5412,-10.5412,3.975,4.5,1.088235,2,2,1,6,0E-8,0.21621622,,0E-8,0.000000,0.851351,0.000000,,2026-04-28,2026-04-28,1,2,2,1,1.000000,,,0.000000,,,,,,,,GLOBAL_BASELINE_NO_ENTITY_RANKING,,,NOT_APPLICABLE_GLOBAL_BASELINE,HF9g-P5,,,,X 全窗基线 · 不参与实体赏罚,6876223,688,A168_HF9F_20260827_0900,2026-08-27 09:00:00
2026-04-12,122609703,-1,1,181.3083718087,-122.2777391268,-122.2777391268,0E-7,26,11,0.32424432169401996,0.233952021212,-2.190490317223425,-1.747573358312204,-2.190490317223425,0.09029230048201996,SENTINEL_DEALER,R03b_20260811_FULL_v1,L1_ELIGIBILITY,v2026-08-11,2026-03-21..2026-08-06,baccarat_bet02_101_all_pairs_incl_sentinel,round_win = game_pnl > 0 (decisive only),COMPATIBILITY_ONLY_NOT_PRODUCTION,695.7182,611.3887,168.6590,103,42,-0.24242424,,-0.24242424,-0.24242424,-168.6590,695.7182,OK,0.0000,6.7464,4.0000,96.0000,AG03-UNRESOLVED,ALL5_LEVELS_bet23_to_bet27,6.7464,6.7464,6.7464,8.4329,8.4329,4.000000,4.000000,4.000000,5.000000,5.000000,96.000000,96.000000,96.000000,95.000000,95.000000,5.0,37.1050,33.9891,131.5540,134.6698,PENDING_AG03,FALSE,NOT_FOR_ENFORCEMENT,161.9126,586.9331,168.6590,161.9126,6.7464,0.24242424,0.23272727,6.7464,161.9126,0.23272727,6.7464,6.7464,6.7464,8.4329,8.4329,161.9126,0.23272727,37.1050,33.9891,131.5540,134.6698,0.18909091,0.19356951,0.00969697,6.7545,14.5569,4.0157,168.6590,33.7318,695.7182,42.0000,,6.7545,2.1082,2.1082,5.7977,21.0824,21.8202,42.1647,2.1082,-2.1082,10.349999,20.000001,3.203884,5,6,1,6,0E-8,0.24242424,,0E-8,0.000000,0.878788,0.961165,,2026-04-12,2026-04-12,1,5,5,1,1.000000,,,0.000000,,,,,,,,GLOBAL_BASELINE_NO_ENTITY_RANKING,,,NOT_APPLICABLE_GLOBAL_BASELINE,HF9g-P5,,,,X 全窗基线 · 不参与实体赏罚,6876224,688,A168_HF9F_20260827_0900,2026-08-27 09:00:00
2026-04-12,122609703,1299,0,96.9788965490,4.2164737629,4.2164737629,0.5000000,8,4,0.44537856041666667,0.325502616667,0.21980124967135978,0.7448203567835107,0.21980124967135978,0.11987594374966667,ELIGIBLE,R03b_20260811_FULL_v1,L1_ELIGIBILITY,v2026-08-11,2026-03-21..2026-08-06,baccarat_bet02_101_all_pairs_incl_sentinel,round_win = game_pnl > 0 (decisive only),COMPATIBILITY_ONLY_NOT_PRODUCTION,695.7182,611.3887,168.6590,103,42,-0.24242424,,-0.24242424,-0.24242424,-168.6590,695.7182,OK,0.0000,6.7464,4.0000,96.0000,AG03-UNRESOLVED,ALL5_LEVELS_bet23_to_bet27,6.7464,6.7464,6.7464,8.4329,8.4329,4.000000,4.000000,4.000000,5.000000,5.000000,96.000000,96.000000,96.000000,95.000000,95.000000,5.0,37.1050,33.9891,131.5540,134.6698,PENDING_AG03,FALSE,NOT_FOR_ENFORCEMENT,161.9126,586.9331,168.6590,161.9126,6.7464,0.24242424,0.23272727,6.7464,161.9126,0.23272727,6.7464,6.7464,6.7464,8.4329,8.4329,161.9126,0.23272727,37.1050,33.9891,131.5540,134.6698,0.18909091,0.19356951,0.00969697,6.7545,14.5569,4.0157,168.6590,33.7318,695.7182,42.0000,,6.7545,2.1082,2.1082,5.7977,21.0824,21.8202,42.1647,2.1082,-2.1082,10.349999,20.000001,3.203884,5,6,1,6,0E-8,0.24242424,,0E-8,0.000000,0.878788,0.961165,,2026-04-12,2026-04-12,1,5,5,1,1.000000,,,0.000000,,,,,,,,GLOBAL_BASELINE_NO_ENTITY_RANKING,,,NOT_APPLICABLE_GLOBAL_BASELINE,HF9g-P5,,,,X 全窗基线 · 不参与实体赏罚,6876225,688,A168_HF9F_20260827_0900,2026-08-27 09:00:00
2026-04-12,122609703,1385,0,80.1130014970,-8.4329475260,-8.4329475260,0.4285714,16,7,0.27449677757936508,0.182591040476,0.9134650059003053,1.68457392407051,0.9134650059003053,0.09190573710336508,ELIGIBLE,R03b_20260811_FULL_v1,L1_ELIGIBILITY,v2026-08-11,2026-03-21..2026-08-06,baccarat_bet02_101_all_pairs_incl_sentinel,round_win = game_pnl > 0 (decisive only),COMPATIBILITY_ONLY_NOT_PRODUCTION,695.7182,611.3887,168.6590,103,42,-0.24242424,,-0.24242424,-0.24242424,-168.6590,695.7182,OK,0.0000,6.7464,4.0000,96.0000,AG03-UNRESOLVED,ALL5_LEVELS_bet23_to_bet27,6.7464,6.7464,6.7464,8.4329,8.4329,4.000000,4.000000,4.000000,5.000000,5.000000,96.000000,96.000000,96.000000,95.000000,95.000000,5.0,37.1050,33.9891,131.5540,134.6698,PENDING_AG03,FALSE,NOT_FOR_ENFORCEMENT,161.9126,586.9331,168.6590,161.9126,6.7464,0.24242424,0.23272727,6.7464,161.9126,0.23272727,6.7464,6.7464,6.7464,8.4329,8.4329,161.9126,0.23272727,37.1050,33.9891,131.5540,134.6698,0.18909091,0.19356951,0.00969697,6.7545,14.5569,4.0157,168.6590,33.7318,695.7182,42.0000,,6.7545,2.1082,2.1082,5.7977,21.0824,21.8202,42.1647,2.1082,-2.1082,10.349999,20.000001,3.203884,5,6,1,6,0E-8,0.24242424,,0E-8,0.000000,0.878788,0.961165,,2026-04-12,2026-04-12,1,5,5,1,1.000000,,,0.000000,,,,,,,,GLOBAL_BASELINE_NO_ENTITY_RANKING,,,NOT_APPLICABLE_GLOBAL_BASELINE,HF9g-P5,,,,X 全窗基线 · 不参与实体赏罚,6876226,688,A168_HF9F_20260827_0900,2026-08-27 09:00:00
2026-04-12,122609703,2093,0,78.0047646153,31.6235532226,31.6235532226,0.6000000,15,5,0.21805438035923194,0.136272886667,2.0683110519020986,3.0224177216886496,2.0683110519020986,0.08178149369223194,ELIGIBLE,R03b_20260811_FULL_v1,L1_ELIGIBILITY,v2026-08-11,2026-03-21..2026-08-06,baccarat_bet02_101_all_pairs_incl_sentinel,round_win = game_pnl > 0 (decisive only),COMPATIBILITY_ONLY_NOT_PRODUCTION,695.7182,611.3887,168.6590,103,42,-0.24242424,,-0.24242424,-0.24242424,-168.6590,695.7182,OK,0.0000,6.7464,4.0000,96.0000,AG03-UNRESOLVED,ALL5_LEVELS_bet23_to_bet27,6.7464,6.7464,6.7464,8.4329,8.4329,4.000000,4.000000,4.000000,5.000000,5.000000,96.000000,96.000000,96.000000,95.000000,95.000000,5.0,37.1050,33.9891,131.5540,134.6698,PENDING_AG03,FALSE,NOT_FOR_ENFORCEMENT,161.9126,586.9331,168.6590,161.9126,6.7464,0.24242424,0.23272727,6.7464,161.9126,0.23272727,6.7464,6.7464,6.7464,8.4329,8.4329,161.9126,0.23272727,37.1050,33.9891,131.5540,134.6698,0.18909091,0.19356951,0.00969697,6.7545,14.5569,4.0157,168.6590,33.7318,695.7182,42.0000,,6.7545,2.1082,2.1082,5.7977,21.0824,21.8202,42.1647,2.1082,-2.1082,10.349999,20.000001,3.203884,5,6,1,6,0E-8,0.24242424,,0E-8,0.000000,0.878788,0.961165,,2026-04-12,2026-04-12,1,5,5,1,1.000000,,,0.000000,,,,,,,,GLOBAL_BASELINE_NO_ENTITY_RANKING,,,NOT_APPLICABLE_GLOBAL_BASELINE,HF9g-P5,,,,X 全窗基线 · 不参与实体赏罚,6876227,688,A168_HF9F_20260827_0900,2026-08-27 09:00:00
2026-04-12,122609703,2174,0,206.6072143864,-54.8141589186,-54.8141589186,0.3750000,25,8,0.29864136782676212,0.153330585417,0.47190880149423253,1.7401209480435156,0.47190880149423253,0.14531078240976212,ELIGIBLE,R03b_20260811_FULL_v1,L1_ELIGIBILITY,v2026-08-11,2026-03-21..2026-08-06,baccarat_bet02_101_all_pairs_incl_sentinel,round_win = game_pnl > 0 (decisive only),COMPATIBILITY_ONLY_NOT_PRODUCTION,695.7182,611.3887,168.6590,103,42,-0.24242424,,-0.24242424,-0.24242424,-168.6590,695.7182,OK,0.0000,6.7464,4.0000,96.0000,AG03-UNRESOLVED,ALL5_LEVELS_bet23_to_bet27,6.7464,6.7464,6.7464,8.4329,8.4329,4.000000,4.000000,4.000000,5.000000,5.000000,96.000000,96.000000,96.000000,95.000000,95.000000,5.0,37.1050,33.9891,131.5540,134.6698,PENDING_AG03,FALSE,NOT_FOR_ENFORCEMENT,161.9126,586.9331,168.6590,161.9126,6.7464,0.24242424,0.23272727,6.7464,161.9126,0.23272727,6.7464,6.7464,6.7464,8.4329,8.4329,161.9126,0.23272727,37.1050,33.9891,131.5540,134.6698,0.18909091,0.19356951,0.00969697,6.7545,14.5569,4.0157,168.6590,33.7318,695.7182,42.0000,,6.7545,2.1082,2.1082,5.7977,21.0824,21.8202,42.1647,2.1082,-2.1082,10.349999,20.000001,3.203884,5,6,1,6,0E-8,0.24242424,,0E-8,0.000000,0.878788,0.961165,,2026-04-12,2026-04-12,1,5,5,1,1.000000,,,0.000000,,,,,,,,GLOBAL_BASELINE_NO_ENTITY_RANKING,,,NOT_APPLICABLE_GLOBAL_BASELINE,HF9g-P5,,,,X 全窗基线 · 不参与实体赏罚,6876228,688,A168_HF9F_20260827_0900,2026-08-27 09:00:00
2026-04-12,122609703,2250,0,52.7059220375,-18.9741319335,-18.9741319335,0.1666667,13,7,0.33125921309523810,0.307716523810,-0.856589803880418,-0.7485673558358767,-0.856589803880418,0.02354268928523810,ELIGIBLE,R03b_20260811_FULL_v1,L1_ELIGIBILITY,v2026-08-11,2026-03-21..2026-08-06,baccarat_bet02_101_all_pairs_incl_sentinel,round_win = game_pnl > 0 (decisive only),COMPATIBILITY_ONLY_NOT_PRODUCTION,695.7182,611.3887,168.6590,103,42,-0.24242424,,-0.24242424,-0.24242424,-168.6590,695.7182,OK,0.0000,6.7464,4.0000,96.0000,AG03-UNRESOLVED,ALL5_LEVELS_bet23_to_bet27,6.7464,6.7464,6.7464,8.4329,8.4329,4.000000,4.000000,4.000000,5.000000,5.000000,96.000000,96.000000,96.000000,95.000000,95.000000,5.0,37.1050,33.9891,131.5540,134.6698,PENDING_AG03,FALSE,NOT_FOR_ENFORCEMENT,161.9126,586.9331,168.6590,161.9126,6.7464,0.24242424,0.23272727,6.7464,161.9126,0.23272727,6.7464,6.7464,6.7464,8.4329,8.4329,161.9126,0.23272727,37.1050,33.9891,131.5540,134.6698,0.18909091,0.19356951,0.00969697,6.7545,14.5569,4.0157,168.6590,33.7318,695.7182,42.0000,,6.7545,2.1082,2.1082,5.7977,21.0824,21.8202,42.1647,2.1082,-2.1082,10.349999,20.000001,3.203884,5,6,1,6,0E-8,0.24242424,,0E-8,0.000000,0.878788,0.961165,,2026-04-12,2026-04-12,1,5,5,1,1.000000,,,0.000000,,,,,,,,GLOBAL_BASELINE_NO_ENTITY_RANKING,,,NOT_APPLICABLE_GLOBAL_BASELINE,HF9g-P5,,,,X 全窗基线 · 不参与实体赏罚,6876229,688,A168_HF9F_20260827_0900,2026-08-27 09:00:00
2026-04-23,149052259,1306,0,52.7059220374,-52.7059220374,-52.7059220374,0E-7,1,1,0.50665070000000000,0.506650700000,-1.013391052207602,-1.013391052207602,-1.013391052207602,0E-17,ELIGIBLE,R03b_20260811_FULL_v1,L1_ELIGIBILITY,v2026-08-11,2026-03-21..2026-08-06,baccarat_bet02_101_all_pairs_incl_sentinel,round_win = game_pnl > 0 (decisive only),COMPATIBILITY_ONLY_NOT_PRODUCTION,665.1487,622.9840,168.6590,11,11,-0.25356577,,-0.25356577,-0.25356577,-168.6590,665.1487,THIN_EXPOSURE,0.0000,6.7464,4.0000,96.0000,AG03-UNRESOLVED,ALL5_LEVELS_bet23_to_bet27,6.7464,6.7464,6.7464,6.7464,6.7464,4.000000,4.000000,4.000000,4.000000,4.000000,96.000000,96.000000,96.000000,96.000000,96.000000,5.0,33.7318,31.139,134.9272,137.5199,PENDING_AG03,FALSE,NOT_FOR_ENFORCEMENT,161.9126,598.0646,168.6590,161.9126,6.7464,0.25356577,0.24342314,6.7464,161.9126,0.24342314,6.7464,6.7464,6.7464,6.7464,6.7464,161.9126,0.24342314,33.7318,31.139,134.9272,137.5199,0.20285261,0.2067506,0.01014263,60.4681,56.6349,15.3326,168.6590,28.1098,665.1487,11.0000,,60.4681,44.8,63.2471,73.7883,78.0048,83.8024,84.3295,63.2471,-52.7059,1.325,1.333333,0.956061,6,6,1,2,0E-8,0.25356577,,0E-8,0.000000,0.936609,0.000000,,2026-04-23,2026-04-23,1,6,6,1,1.000000,,,0.000000,,,,,,,,GLOBAL_BASELINE_NO_ENTITY_RANKING,,,NOT_APPLICABLE_GLOBAL_BASELINE,HF9g-P5,,,,X 全窗基线 · 不参与实体赏罚,6876230,688,A168_HF9F_20260827_0900,2026-08-27 09:00:00
2026-04-23,149052259,1400,0,179.2001349272,-96.9788965489,-96.9788965489,0.3333333,3,3,0.50665070000000000,0.506650700000,-0.6004420894325239,-0.6004420894325239,-0.6004420894325239,0E-17,ELIGIBLE,R03b_20260811_FULL_v1,L1_ELIGIBILITY,v2026-08-11,2026-03-21..2026-08-06,baccarat_bet02_101_all_pairs_incl_sentinel,round_win = game_pnl > 0 (decisive only),COMPATIBILITY_ONLY_NOT_PRODUCTION,665.1487,622.9840,168.6590,11,11,-0.25356577,,-0.25356577,-0.25356577,-168.6590,665.1487,THIN_EXPOSURE,0.0000,6.7464,4.0000,96.0000,AG03-UNRESOLVED,ALL5_LEVELS_bet23_to_bet27,6.7464,6.7464,6.7464,6.7464,6.7464,4.000000,4.000000,4.000000,4.000000,4.000000,96.000000,96.000000,96.000000,96.000000,96.000000,5.0,33.7318,31.139,134.9272,137.5199,PENDING_AG03,FALSE,NOT_FOR_ENFORCEMENT,161.9126,598.0646,168.6590,161.9126,6.7464,0.25356577,0.24342314,6.7464,161.9126,0.24342314,6.7464,6.7464,6.7464,6.7464,6.7464,161.9126,0.24342314,33.7318,31.139,134.9272,137.5199,0.20285261,0.2067506,0.01014263,60.4681,56.6349,15.3326,168.6590,28.1098,665.1487,11.0000,,60.4681,44.8,63.2471,73.7883,78.0048,83.8024,84.3295,63.2471,-52.7059,1.325,1.333333,0.956061,6,6,1,2,0E-8,0.25356577,,0E-8,0.000000,0.936609,0.000000,,2026-04-23,2026-04-23,1,6,6,1,1.000000,,,0.000000,,,,,,,,GLOBAL_BASELINE_NO_ENTITY_RANKING,,,NOT_APPLICABLE_GLOBAL_BASELINE,HF9g-P5,,,,X 全窗基线 · 不参与实体赏罚,6876231,688,A168_HF9F_20260827_0900,2026-08-27 09:00:00
2026-04-23,149052259,1491,0,137.0353972973,-13.7035397298,-13.7035397298,0.5000000,2,2,0.49994810000000000,0.499948100000,0.00014679536856514622,0.00014679536856514622,0.00014679536856514622,0E-17,ELIGIBLE,R03b_20260811_FULL_v1,L1_ELIGIBILITY,v2026-08-11,2026-03-21..2026-08-06,baccarat_bet02_101_all_pairs_incl_sentinel,round_win = game_pnl > 0 (decisive only),COMPATIBILITY_ONLY_NOT_PRODUCTION,665.1487,622.9840,168.6590,11,11,-0.25356577,,-0.25356577,-0.25356577,-168.6590,665.1487,THIN_EXPOSURE,0.0000,6.7464,4.0000,96.0000,AG03-UNRESOLVED,ALL5_LEVELS_bet23_to_bet27,6.7464,6.7464,6.7464,6.7464,6.7464,4.000000,4.000000,4.000000,4.000000,4.000000,96.000000,96.000000,96.000000,96.000000,96.000000,5.0,33.7318,31.139,134.9272,137.5199,PENDING_AG03,FALSE,NOT_FOR_ENFORCEMENT,161.9126,598.0646,168.6590,161.9126,6.7464,0.25356577,0.24342314,6.7464,161.9126,0.24342314,6.7464,6.7464,6.7464,6.7464,6.7464,161.9126,0.24342314,33.7318,31.139,134.9272,137.5199,0.20285261,0.2067506,0.01014263,60.4681,56.6349,15.3326,168.6590,28.1098,665.1487,11.0000,,60.4681,44.8,63.2471,73.7883,78.0048,83.8024,84.3295,63.2471,-52.7059,1.325,1.333333,0.956061,6,6,1,2,0E-8,0.25356577,,0E-8,0.000000,0.936609,0.000000,,2026-04-23,2026-04-23,1,6,6,1,1.000000,,,0.000000,,,,,,,,GLOBAL_BASELINE_NO_ENTITY_RANKING,,,NOT_APPLICABLE_GLOBAL_BASELINE,HF9g-P5,,,,X 全窗基线 · 不参与实体赏罚,6876232,688,A168_HF9F_20260827_0900,2026-08-27 09:00:00
2026-04-23,149052259,2093,0,211.8778065903,-47.4353298337,-47.4353298337,0.3333333,3,3,0.50218230000000000,0.502182300000,-0.5849155494134425,-0.5849155494134426,-0.5849155494134425,0E-17,ELIGIBLE,R03b_20260811_FULL_v1,L1_ELIGIBILITY,v2026-08-11,2026-03-21..2026-08-06,baccarat_bet02_101_all_pairs_incl_sentinel,round_win = game_pnl > 0 (decisive only),COMPATIBILITY_ONLY_NOT_PRODUCTION,665.1487,622.9840,168.6590,11,11,-0.25356577,,-0.25356577,-0.25356577,-168.6590,665.1487,THIN_EXPOSURE,0.0000,6.7464,4.0000,96.0000,AG03-UNRESOLVED,ALL5_LEVELS_bet23_to_bet27,6.7464,6.7464,6.7464,6.7464,6.7464,4.000000,4.000000,4.000000,4.000000,4.000000,96.000000,96.000000,96.000000,96.000000,96.000000,5.0,33.7318,31.139,134.9272,137.5199,PENDING_AG03,FALSE,NOT_FOR_ENFORCEMENT,161.9126,598.0646,168.6590,161.9126,6.7464,0.25356577,0.24342314,6.7464,161.9126,0.24342314,6.7464,6.7464,6.7464,6.7464,6.7464,161.9126,0.24342314,33.7318,31.139,134.9272,137.5199,0.20285261,0.2067506,0.01014263,60.4681,56.6349,15.3326,168.6590,28.1098,665.1487,11.0000,,60.4681,44.8,63.2471,73.7883,78.0048,83.8024,84.3295,63.2471,-52.7059,1.325,1.333333,0.956061,6,6,1,2,0E-8,0.25356577,,0E-8,0.000000,0.936609,0.000000,,2026-04-23,2026-04-23,1,6,6,1,1.000000,,,0.000000,,,,,,,,GLOBAL_BASELINE_NO_ENTITY_RANKING,,,NOT_APPLICABLE_GLOBAL_BASELINE,HF9g-P5,,,,X 全窗基线 · 不参与实体赏罚,6876233,688,A168_HF9F_20260827_0900,2026-08-27 09:00:00
2026-04-23,149052259,2205,0,42.1647376299,0E-10,0E-10,,1,1,0.49324550000000000,0.493245500000,,,,0E-17,NO_DECISIVE_ROUND,R03b_20260811_FULL_v1,L1_ELIGIBILITY,v2026-08-11,2026-03-21..2026-08-06,baccarat_bet02_101_all_pairs_incl_sentinel,round_win = game_pnl > 0 (decisive only),COMPATIBILITY_ONLY_NOT_PRODUCTION,665.1487,622.9840,168.6590,11,11,-0.25356577,,-0.25356577,-0.25356577,-168.6590,665.1487,THIN_EXPOSURE,0.0000,6.7464,4.0000,96.0000,AG03-UNRESOLVED,ALL5_LEVELS_bet23_to_bet27,6.7464,6.7464,6.7464,6.7464,6.7464,4.000000,4.000000,4.000000,4.000000,4.000000,96.000000,96.000000,96.000000,96.000000,96.000000,5.0,33.7318,31.139,134.9272,137.5199,PENDING_AG03,FALSE,NOT_FOR_ENFORCEMENT,161.9126,598.0646,168.6590,161.9126,6.7464,0.25356577,0.24342314,6.7464,161.9126,0.24342314,6.7464,6.7464,6.7464,6.7464,6.7464,161.9126,0.24342314,33.7318,31.139,134.9272,137.5199,0.20285261,0.2067506,0.01014263,60.4681,56.6349,15.3326,168.6590,28.1098,665.1487,11.0000,,60.4681,44.8,63.2471,73.7883,78.0048,83.8024,84.3295,63.2471,-52.7059,1.325,1.333333,0.956061,6,6,1,2,0E-8,0.25356577,,0E-8,0.000000,0.936609,0.000000,,2026-04-23,2026-04-23,1,6,6,1,1.000000,,,0.000000,,,,,,,,GLOBAL_BASELINE_NO_ENTITY_RANKING,,,NOT_APPLICABLE_GLOBAL_BASELINE,HF9g-P5,,,,X 全窗基线 · 不参与实体赏罚,6876234,688,A168_HF9F_20260827_0900,2026-08-27 09:00:00
2026-04-23,149052259,763,0,42.1647376299,42.1647376299,42.1647376299,1.0000000,1,1,0.49324550000000000,0.493245500000,1.01360149184955,1.01360149184955,1.01360149184955,0E-17,ELIGIBLE,R03b_20260811_FULL_v1,L1_ELIGIBILITY,v2026-08-11,2026-03-21..2026-08-06,baccarat_bet02_101_all_pairs_incl_sentinel,round_win = game_pnl > 0 (decisive only),COMPATIBILITY_ONLY_NOT_PRODUCTION,665.1487,622.9840,168.6590,11,11,-0.25356577,,-0.25356577,-0.25356577,-168.6590,665.1487,THIN_EXPOSURE,0.0000,6.7464,4.0000,96.0000,AG03-UNRESOLVED,ALL5_LEVELS_bet23_to_bet27,6.7464,6.7464,6.7464,6.7464,6.7464,4.000000,4.000000,4.000000,4.000000,4.000000,96.000000,96.000000,96.000000,96.000000,96.000000,5.0,33.7318,31.139,134.9272,137.5199,PENDING_AG03,FALSE,NOT_FOR_ENFORCEMENT,161.9126,598.0646,168.6590,161.9126,6.7464,0.25356577,0.24342314,6.7464,161.9126,0.24342314,6.7464,6.7464,6.7464,6.7464,6.7464,161.9126,0.24342314,33.7318,31.139,134.9272,137.5199,0.20285261,0.2067506,0.01014263,60.4681,56.6349,15.3326,168.6590,28.1098,665.1487,11.0000,,60.4681,44.8,63.2471,73.7883,78.0048,83.8024,84.3295,63.2471,-52.7059,1.325,1.333333,0.956061,6,6,1,2,0E-8,0.25356577,,0E-8,0.000000,0.936609,0.000000,,2026-04-23,2026-04-23,1,6,6,1,1.000000,,,0.000000,,,,,,,,GLOBAL_BASELINE_NO_ENTITY_RANKING,,,NOT_APPLICABLE_GLOBAL_BASELINE,HF9g-P5,,,,X 全窗基线 · 不参与实体赏罚,6876235,688,A168_HF9F_20260827_0900,2026-08-27 09:00:00
2026-04-08,148367866,1325,0,548.1415891890,-168.6589505196,-168.6589505196,0.3750000,8,8,0.49659680000000000,0.496596800000,-0.6878713085241178,-0.6878713085241179,-0.6878713085241178,0E-17,ELIGIBLE,R03b_20260811_FULL_v1,L1_ELIGIBILITY,v2026-08-11,2026-03-21..2026-08-06,baccarat_bet02_101_all_pairs_incl_sentinel,round_win = game_pnl > 0 (decisive only),COMPATIBILITY_ONLY_NOT_PRODUCTION,548.1416,548.1416,168.6590,8,8,-0.30769231,,-0.30769231,-0.30769231,-168.6590,548.1416,THIN_EXPOSURE,0.0000,6.7464,4.0000,96.0000,AG03-UNRESOLVED,ALL5_LEVELS_bet23_to_bet27,6.7464,6.7464,6.7464,6.7464,6.7464,4.000000,4.000000,4.000000,4.000000,4.000000,96.000000,96.000000,96.000000,96.000000,96.000000,5.0,33.7318,31.139,134.9272,137.5199,PENDING_AG03,FALSE,NOT_FOR_ENFORCEMENT,161.9126,526.2159,168.6590,161.9126,6.7464,0.30769231,0.29538462,6.7464,161.9126,0.29538462,6.7464,6.7464,6.7464,6.7464,6.7464,161.9126,0.29538462,33.7318,31.139,134.9272,137.5199,0.24615385,0.25088391,0.01230769,68.5177,68.5177,21.0824,168.6590,168.6590,548.1416,8.0000,,68.5177,63.2471,63.2471,73.7883,84.3295,84.3295,84.3295,63.2471,-63.2471,1.333333,1.333333,1.083333,1,1,1,2,0E-8,0.30769231,,0E-8,0.000000,1.000000,0.000000,,2026-04-08,2026-04-08,1,1,1,1,1.000000,,,0.000000,,,,,,,,GLOBAL_BASELINE_NO_ENTITY_RANKING,,,NOT_APPLICABLE_GLOBAL_BASELINE,HF9g-P5,,,,X 全窗基线 · 不参与实体赏罚,6876236,688,A168_HF9F_20260827_0900,2026-08-27 09:00:00
2026-04-09,148436679,1331,0,474.3532983366,-94.8706596674,-94.8706596674,0.5000000,6,4,0.47005187499995949,0.430190241667,0.12000796134571076,0.28200117093113275,0.12000796134571076,0.03986163333295949,ELIGIBLE,R03b_20260811_FULL_v1,L1_ELIGIBILITY,v2026-08-11,2026-03-21..2026-08-06,baccarat_bet02_101_all_pairs_incl_sentinel,round_win = game_pnl > 0 (decisive only),COMPATIBILITY_ONLY_NOT_PRODUCTION,548.1416,548.1416,168.6590,7,5,-0.30769231,,-0.30769231,-0.30769231,-168.6590,548.1416,THIN_EXPOSURE,0.0000,6.7464,4.0000,96.0000,AG03-UNRESOLVED,ALL5_LEVELS_bet23_to_bet27,6.7464,6.7464,6.7464,13.4927,13.4927,4.000000,4.000000,4.000000,8.000000,8.000000,96.000000,96.000000,96.000000,92.000000,92.000000,5.0,47.2245,42.3603,121.4344,126.2987,PENDING_AG03,FALSE,NOT_FOR_ENFORCEMENT,161.9126,526.2159,168.6590,161.9126,6.7464,0.30769231,0.29538462,6.7464,161.9126,0.29538462,6.7464,6.7464,6.7464,13.4927,13.4927,161.9126,0.29538462,47.2245,42.3603,121.4344,126.2987,0.22153846,0.23041248,0.01230769,78.3059,109.6283,33.7318,168.6590,84.3295,548.1416,5.0000,,78.3059,34.2589,84.3295,105.4118,130.7107,137.0354,137.0354,84.3295,-21.0824,1.625,1.625,0.928571,2,2,1,4,0E-8,0.30769231,,0E-8,0.000000,1.000000,1.000000,,2026-04-09,2026-04-09,1,2,2,1,1.000000,,,0.000000,,,,,,,,GLOBAL_BASELINE_NO_ENTITY_RANKING,,,NOT_APPLICABLE_GLOBAL_BASELINE,HF9g-P5,,,,X 全窗基线 · 不参与实体赏罚,6876237,688,A168_HF9F_20260827_0900,2026-08-27 09:00:00
2026-04-09,148436679,2235,0,73.7882908524,-73.7882908524,-73.7882908524,0E-7,1,1,0.50665070000000000,0.506650700000,-1.013391052207602,-1.013391052207602,-1.013391052207602,0E-17,ELIGIBLE,R03b_20260811_FULL_v1,L1_ELIGIBILITY,v2026-08-11,2026-03-21..2026-08-06,baccarat_bet02_101_all_pairs_incl_sentinel,round_win = game_pnl > 0 (decisive only),COMPATIBILITY_ONLY_NOT_PRODUCTION,548.1416,548.1416,168.6590,7,5,-0.30769231,,-0.30769231,-0.30769231,-168.6590,548.1416,THIN_EXPOSURE,0.0000,6.7464,4.0000,96.0000,AG03-UNRESOLVED,ALL5_LEVELS_bet23_to_bet27,6.7464,6.7464,6.7464,13.4927,13.4927,4.000000,4.000000,4.000000,8.000000,8.000000,96.000000,96.000000,96.000000,92.000000,92.000000,5.0,47.2245,42.3603,121.4344,126.2987,PENDING_AG03,FALSE,NOT_FOR_ENFORCEMENT,161.9126,526.2159,168.6590,161.9126,6.7464,0.30769231,0.29538462,6.7464,161.9126,0.29538462,6.7464,6.7464,6.7464,13.4927,13.4927,161.9126,0.29538462,47.2245,42.3603,121.4344,126.2987,0.22153846,0.23041248,0.01230769,78.3059,109.6283,33.7318,168.6590,84.3295,548.1416,5.0000,,78.3059,34.2589,84.3295,105.4118,130.7107,137.0354,137.0354,84.3295,-21.0824,1.625,1.625,0.928571,2,2,1,4,0E-8,0.30769231,,0E-8,0.000000,1.000000,1.000000,,2026-04-09,2026-04-09,1,2,2,1,1.000000,,,0.000000,,,,,,,,GLOBAL_BASELINE_NO_ENTITY_RANKING,,,NOT_APPLICABLE_GLOBAL_BASELINE,HF9g-P5,,,,X 全窗基线 · 不参与实体赏罚,6876238,688,A168_HF9F_20260827_0900,2026-08-27 09:00:00
2026-04-10,148472928,-1,1,145.4683448232,16.8658950519,16.8658950519,0.5000000,4,4,0.49994810000000000,0.499948100000,0.00020760000111838688,0.00020760000111838688,0.00020760000111838688,0E-17,SENTINEL_DEALER,R03b_20260811_FULL_v1,L1_ELIGIBILITY,v2026-08-11,2026-03-21..2026-08-06,baccarat_bet02_101_all_pairs_incl_sentinel,round_win = game_pnl > 0 (decisive only),COMPATIBILITY_ONLY_NOT_PRODUCTION,411.1062,373.1579,168.6590,12,12,-0.41025641,,-0.41025641,-0.41025641,-168.6590,411.1062,THIN_EXPOSURE,0.0000,6.7464,4.0000,96.0000,AG03-UNRESOLVED,ALL5_LEVELS_bet23_to_bet27,6.7464,6.7464,6.7464,6.7464,6.7464,4.000000,4.000000,4.000000,4.000000,4.000000,96.000000,96.000000,96.000000,96.000000,96.000000,5.0,33.7318,31.139,134.9272,137.5199,PENDING_AG03,FALSE,NOT_FOR_ENFORCEMENT,161.9126,358.2316,168.6590,161.9126,6.7464,0.41025641,0.39384615,6.7464,161.9126,0.39384615,6.7464,6.7464,6.7464,6.7464,6.7464,161.9126,0.39384615,33.7318,31.139,134.9272,137.5199,0.32820513,0.33451188,0.01641026,34.2588,31.0965,14.0549,168.6590,21.0824,411.1062,12.0000,,34.2588,21.0824,39.0024,42.1647,42.1647,42.1647,42.1647,39.0024,-21.0824,1.081081,1.081081,0.878378,8,7,1,2,0E-8,0.41025641,,0E-8,0.000000,0.907692,0.666667,,2026-04-10,2026-04-10,1,8,8,1,1.000000,,,0.000000,,,,,,,,GLOBAL_BASELINE_NO_ENTITY_RANKING,,,NOT_APPLICABLE_GLOBAL_BASELINE,HF9g-P5,,,,X 全窗基线 · 不参与实体赏罚,6876239,688,A168_HF9F_20260827_0900,2026-08-27 09:00:00
2026-04-10,148472928,2152,0,37.9482638669,-37.9482638669,-37.9482638669,0E-7,1,1,0.50665070000000000,0.506650700000,-1.013391052207602,-1.013391052207602,-1.013391052207602,0E-17,ELIGIBLE,R03b_20260811_FULL_v1,L1_ELIGIBILITY,v2026-08-11,2026-03-21..2026-08-06,baccarat_bet02_101_all_pairs_incl_sentinel,round_win = game_pnl > 0 (decisive only),COMPATIBILITY_ONLY_NOT_PRODUCTION,411.1062,373.1579,168.6590,12,12,-0.41025641,,-0.41025641,-0.41025641,-168.6590,411.1062,THIN_EXPOSURE,0.0000,6.7464,4.0000,96.0000,AG03-UNRESOLVED,ALL5_LEVELS_bet23_to_bet27,6.7464,6.7464,6.7464,6.7464,6.7464,4.000000,4.000000,4.000000,4.000000,4.000000,96.000000,96.000000,96.000000,96.000000,96.000000,5.0,33.7318,31.139,134.9272,137.5199,PENDING_AG03,FALSE,NOT_FOR_ENFORCEMENT,161.9126,358.2316,168.6590,161.9126,6.7464,0.41025641,0.39384615,6.7464,161.9126,0.39384615,6.7464,6.7464,6.7464,6.7464,6.7464,161.9126,0.39384615,33.7318,31.139,134.9272,137.5199,0.32820513,0.33451188,0.01641026,34.2588,31.0965,14.0549,168.6590,21.0824,411.1062,12.0000,,34.2588,21.0824,39.0024,42.1647,42.1647,42.1647,42.1647,39.0024,-21.0824,1.081081,1.081081,0.878378,8,7,1,2,0E-8,0.41025641,,0E-8,0.000000,0.907692,0.666667,,2026-04-10,2026-04-10,1,8,8,1,1.000000,,,0.000000,,,,,,,,GLOBAL_BASELINE_NO_ENTITY_RANKING,,,NOT_APPLICABLE_GLOBAL_BASELINE,HF9g-P5,,,,X 全窗基线 · 不参与实体赏罚,6876240,688,A168_HF9F_20260827_0900,2026-08-27 09:00:00
2026-04-10,148472928,2169,0,105.4118440748,-105.4118440748,-105.4118440748,0E-7,3,3,0.50218230000000000,0.502182300000,-1.7396270863184011,-1.7396270863184016,-1.7396270863184011,0E-17,ELIGIBLE,R03b_20260811_FULL_v1,L1_ELIGIBILITY,v2026-08-11,2026-03-21..2026-08-06,baccarat_bet02_101_all_pairs_incl_sentinel,round_win = game_pnl > 0 (decisive only),COMPATIBILITY_ONLY_NOT_PRODUCTION,411.1062,373.1579,168.6590,12,12,-0.41025641,,-0.41025641,-0.41025641,-168.6590,411.1062,THIN_EXPOSURE,0.0000,6.7464,4.0000,96.0000,AG03-UNRESOLVED,ALL5_LEVELS_bet23_to_bet27,6.7464,6.7464,6.7464,6.7464,6.7464,4.000000,4.000000,4.000000,4.000000,4.000000,96.000000,96.000000,96.000000,96.000000,96.000000,5.0,33.7318,31.139,134.9272,137.5199,PENDING_AG03,FALSE,NOT_FOR_ENFORCEMENT,161.9126,358.2316,168.6590,161.9126,6.7464,0.41025641,0.39384615,6.7464,161.9126,0.39384615,6.7464,6.7464,6.7464,6.7464,6.7464,161.9126,0.39384615,33.7318,31.139,134.9272,137.5199,0.32820513,0.33451188,0.01641026,34.2588,31.0965,14.0549,168.6590,21.0824,411.1062,12.0000,,34.2588,21.0824,39.0024,42.1647,42.1647,42.1647,42.1647,39.0024,-21.0824,1.081081,1.081081,0.878378,8,7,1,2,0E-8,0.41025641,,0E-8,0.000000,0.907692,0.666667,,2026-04-10,2026-04-10,1,8,8,1,1.000000,,,0.000000,,,,,,,,GLOBAL_BASELINE_NO_ENTITY_RANKING,,,NOT_APPLICABLE_GLOBAL_BASELINE,HF9g-P5,,,,X 全窗基线 · 不参与实体赏罚,6876241,688,A168_HF9F_20260827_0900,2026-08-27 09:00:00
2026-04-10,148472928,2250,0,37.9482638669,0E-10,0E-10,,1,1,0.50665070000000000,0.506650700000,,,,0E-17,NO_DECISIVE_ROUND,R03b_20260811_FULL_v1,L1_ELIGIBILITY,v2026-08-11,2026-03-21..2026-08-06,baccarat_bet02_101_all_pairs_incl_sentinel,round_win = game_pnl > 0 (decisive only),COMPATIBILITY_ONLY_NOT_PRODUCTION,411.1062,373.1579,168.6590,12,12,-0.41025641,,-0.41025641,-0.41025641,-168.6590,411.1062,THIN_EXPOSURE,0.0000,6.7464,4.0000,96.0000,AG03-UNRESOLVED,ALL5_LEVELS_bet23_to_bet27,6.7464,6.7464,6.7464,6.7464,6.7464,4.000000,4.000000,4.000000,4.000000,4.000000,96.000000,96.000000,96.000000,96.000000,96.000000,5.0,33.7318,31.139,134.9272,137.5199,PENDING_AG03,FALSE,NOT_FOR_ENFORCEMENT,161.9126,358.2316,168.6590,161.9126,6.7464,0.41025641,0.39384615,6.7464,161.9126,0.39384615,6.7464,6.7464,6.7464,6.7464,6.7464,161.9126,0.39384615,33.7318,31.139,134.9272,137.5199,0.32820513,0.33451188,0.01641026,34.2588,31.0965,14.0549,168.6590,21.0824,411.1062,12.0000,,34.2588,21.0824,39.0024,42.1647,42.1647,42.1647,42.1647,39.0024,-21.0824,1.081081,1.081081,0.878378,8,7,1,2,0E-8,0.41025641,,0E-8,0.000000,0.907692,0.666667,,2026-04-10,2026-04-10,1,8,8,1,1.000000,,,0.000000,,,,,,,,GLOBAL_BASELINE_NO_ENTITY_RANKING,,,NOT_APPLICABLE_GLOBAL_BASELINE,HF9g-P5,,,,X 全窗基线 · 不参与实体赏罚,6876242,688,A168_HF9F_20260827_0900,2026-08-27 09:00:00
2026-04-10,148472928,2251,0,21.0823688150,21.0823688150,21.0823688150,1.0000000,1,1,0.50665070000000000,0.506650700000,0.9867858985152569,0.9867858985152569,0.9867858985152569,0E-17,ELIGIBLE,R03b_20260811_FULL_v1,L1_ELIGIBILITY,v2026-08-11,2026-03-21..2026-08-06,baccarat_bet02_101_all_pairs_incl_sentinel,round_win = game_pnl > 0 (decisive only),COMPATIBILITY_ONLY_NOT_PRODUCTION,411.1062,373.1579,168.6590,12,12,-0.41025641,,-0.41025641,-0.41025641,-168.6590,411.1062,THIN_EXPOSURE,0.0000,6.7464,4.0000,96.0000,AG03-UNRESOLVED,ALL5_LEVELS_bet23_to_bet27,6.7464,6.7464,6.7464,6.7464,6.7464,4.000000,4.000000,4.000000,4.000000,4.000000,96.000000,96.000000,96.000000,96.000000,96.000000,5.0,33.7318,31.139,134.9272,137.5199,PENDING_AG03,FALSE,NOT_FOR_ENFORCEMENT,161.9126,358.2316,168.6590,161.9126,6.7464,0.41025641,0.39384615,6.7464,161.9126,0.39384615,6.7464,6.7464,6.7464,6.7464,6.7464,161.9126,0.39384615,33.7318,31.139,134.9272,137.5199,0.32820513,0.33451188,0.01641026,34.2588,31.0965,14.0549,168.6590,21.0824,411.1062,12.0000,,34.2588,21.0824,39.0024,42.1647,42.1647,42.1647,42.1647,39.0024,-21.0824,1.081081,1.081081,0.878378,8,7,1,2,0E-8,0.41025641,,0E-8,0.000000,0.907692,0.666667,,2026-04-10,2026-04-10,1,8,8,1,1.000000,,,0.000000,,,,,,,,GLOBAL_BASELINE_NO_ENTITY_RANKING,,,NOT_APPLICABLE_GLOBAL_BASELINE,HF9g-P5,,,,X 全窗基线 · 不参与实体赏罚,6876243,688,A168_HF9F_20260827_0900,2026-08-27 09:00:00
2026-04-10,148472928,2258,0,42.1647376299,-42.1647376299,-42.1647376299,0E-7,1,1,0.49324550000000000,0.493245500000,-0.9865810262130424,-0.9865810262130424,-0.9865810262130424,0E-17,ELIGIBLE,R03b_20260811_FULL_v1,L1_ELIGIBILITY,v2026-08-11,2026-03-21..2026-08-06,baccarat_bet02_101_all_pairs_incl_sentinel,round_win = game_pnl > 0 (decisive only),COMPATIBILITY_ONLY_NOT_PRODUCTION,411.1062,373.1579,168.6590,12,12,-0.41025641,,-0.41025641,-0.41025641,-168.6590,411.1062,THIN_EXPOSURE,0.0000,6.7464,4.0000,96.0000,AG03-UNRESOLVED,ALL5_LEVELS_bet23_to_bet27,6.7464,6.7464,6.7464,6.7464,6.7464,4.000000,4.000000,4.000000,4.000000,4.000000,96.000000,96.000000,96.000000,96.000000,96.000000,5.0,33.7318,31.139,134.9272,137.5199,PENDING_AG03,FALSE,NOT_FOR_ENFORCEMENT,161.9126,358.2316,168.6590,161.9126,6.7464,0.41025641,0.39384615,6.7464,161.9126,0.39384615,6.7464,6.7464,6.7464,6.7464,6.7464,161.9126,0.39384615,33.7318,31.139,134.9272,137.5199,0.32820513,0.33451188,0.01641026,34.2588,31.0965,14.0549,168.6590,21.0824,411.1062,12.0000,,34.2588,21.0824,39.0024,42.1647,42.1647,42.1647,42.1647,39.0024,-21.0824,1.081081,1.081081,0.878378,8,7,1,2,0E-8,0.41025641,,0E-8,0.000000,0.907692,0.666667,,2026-04-10,2026-04-10,1,8,8,1,1.000000,,,0.000000,,,,,,,,GLOBAL_BASELINE_NO_ENTITY_RANKING,,,NOT_APPLICABLE_GLOBAL_BASELINE,HF9g-P5,,,,X 全窗基线 · 不参与实体赏罚,6876244,688,A168_HF9F_20260827_0900,2026-08-27 09:00:00
2026-04-10,148472928,970,0,21.0823688150,-21.0823688150,-21.0823688150,0E-7,1,1,0.50665070000000000,0.506650700000,-1.013391052207602,-1.013391052207602,-1.013391052207602,0E-17,ELIGIBLE,R03b_20260811_FULL_v1,L1_ELIGIBILITY,v2026-08-11,2026-03-21..2026-08-06,baccarat_bet02_101_all_pairs_incl_sentinel,round_win = game_pnl > 0 (decisive only),COMPATIBILITY_ONLY_NOT_PRODUCTION,411.1062,373.1579,168.6590,12,12,-0.41025641,,-0.41025641,-0.41025641,-168.6590,411.1062,THIN_EXPOSURE,0.0000,6.7464,4.0000,96.0000,AG03-UNRESOLVED,ALL5_LEVELS_bet23_to_bet27,6.7464,6.7464,6.7464,6.7464,6.7464,4.000000,4.000000,4.000000,4.000000,4.000000,96.000000,96.000000,96.000000,96.000000,96.000000,5.0,33.7318,31.139,134.9272,137.5199,PENDING_AG03,FALSE,NOT_FOR_ENFORCEMENT,161.9126,358.2316,168.6590,161.9126,6.7464,0.41025641,0.39384615,6.7464,161.9126,0.39384615,6.7464,6.7464,6.7464,6.7464,6.7464,161.9126,0.39384615,33.7318,31.139,134.9272,137.5199,0.32820513,0.33451188,0.01641026,34.2588,31.0965,14.0549,168.6590,21.0824,411.1062,12.0000,,34.2588,21.0824,39.0024,42.1647,42.1647,42.1647,42.1647,39.0024,-21.0824,1.081081,1.081081,0.878378,8,7,1,2,0E-8,0.41025641,,0E-8,0.000000,0.907692,0.666667,,2026-04-10,2026-04-10,1,8,8,1,1.000000,,,0.000000,,,,,,,,GLOBAL_BASELINE_NO_ENTITY_RANKING,,,NOT_APPLICABLE_GLOBAL_BASELINE,HF9g-P5,,,,X 全窗基线 · 不参与实体赏罚,6876245,688,A168_HF9F_20260827_0900,2026-08-27 09:00:00
2026-04-01,148055772,1509,0,400.5650074843,-168.6589505197,-168.6589505197,0.3333333,7,3,0.49001419363634990,0.361960727778,-0.5428666973829372,-0.10317821672444603,-0.5428666973829372,0.12805346585834990,ELIGIBLE,R03b_20260811_FULL_v1,L1_ELIGIBILITY,v2026-08-11,2026-03-21..2026-08-06,baccarat_bet02_101_all_pairs_incl_sentinel,round_win = game_pnl > 0 (decisive only),COMPATIBILITY_ONLY_NOT_PRODUCTION,400.5650,400.5650,168.6590,7,3,-0.42105263,,-0.42105263,-0.42105263,-168.6590,400.5650,THIN_EXPOSURE,0.0000,6.7464,4.0000,96.0000,AG03-UNRESOLVED,ALL5_LEVELS_bet23_to_bet27,6.7464,6.7464,6.7464,10.1195,0.0000,4.000000,4.000000,4.000000,6.000000,0.000000,96.000000,96.000000,96.000000,94.000000,100.000000,5.0,30.3586,28.3934,138.3003,140.2655,PENDING_AG03,FALSE,NOT_FOR_ENFORCEMENT,161.9126,384.5424,168.6590,161.9126,6.7464,0.42105263,0.40421053,6.7464,161.9126,0.40421053,6.7464,6.7464,6.7464,10.1195,0.0000,161.9126,0.40421053,30.3586,28.3934,138.3003,140.2655,0.34526316,0.3501692,0.01684211,57.2236,133.5217,56.2197,168.6590,168.6590,400.5650,3.0000,,57.2236,2.6353,4.2165,96.4518,202.8123,225.5813,225.5813,4.2165,-2.1082,53.500002,53.500002,13.571429,1,1,1,5,0E-8,0.42105263,,0E-8,0.000000,1.000000,1.000000,,2026-04-01,2026-04-01,1,1,1,1,1.000000,,,0.000000,,,,,,,,GLOBAL_BASELINE_NO_ENTITY_RANKING,,,NOT_APPLICABLE_GLOBAL_BASELINE,HF9g-P5,,,,X 全窗基线 · 不参与实体赏罚,6876246,688,A168_HF9F_20260827_0900,2026-08-27 09:00:00
2026-04-08,148371646,1509,0,42.1647376300,-42.1647376300,-42.1647376300,0E-7,6,3,0.42397823037037037,0.264062150000,-1.4859799778059013,-1.037512015513177,-1.4859799778059013,0.15991608037037037,ELIGIBLE,R03b_20260811_FULL_v1,L1_ELIGIBILITY,v2026-08-11,2026-03-21..2026-08-06,baccarat_bet02_101_all_pairs_incl_sentinel,round_win = game_pnl > 0 (decisive only),COMPATIBILITY_ONLY_NOT_PRODUCTION,356.2920,303.5861,168.6590,41,24,-0.47337278,,-0.47337278,-0.47337278,-168.6590,356.2920,OK,0.0000,6.7464,4.0000,96.0000,AG03-UNRESOLVED,ALL5_LEVELS_bet23_to_bet27,6.7464,6.7464,6.7464,6.7464,6.7464,4.000000,4.000000,4.000000,4.000000,4.000000,96.000000,96.000000,96.000000,96.000000,96.000000,5.0,33.7318,31.139,134.9272,137.5199,PENDING_AG03,FALSE,NOT_FOR_ENFORCEMENT,161.9126,291.4427,168.6590,161.9126,6.7464,0.47337278,0.45443787,6.7464,161.9126,0.45443787,6.7464,6.7464,6.7464,6.7464,6.7464,161.9126,0.45443787,33.7318,31.139,134.9272,137.5199,0.37869822,0.38597524,0.01893491,8.6900,12.6494,7.0275,42.1647,28.1098,89.0730,6.0000,,8.6900,2.1082,8.4329,10.5412,21.0824,21.0824,31.6236,4.2165,-2.1082,2.5,3.75,1.030488,6,7,3,7,0E-8,0.47337278,,0E-8,0.000000,0.852071,0.000000,,2026-04-08,2026-04-22,4,6,6,15,0.266667,,,0.000000,,,,,,,,GLOBAL_BASELINE_NO_ENTITY_RANKING,,,NOT_APPLICABLE_GLOBAL_BASELINE,HF9g-P5,,,,X 全窗基线 · 不参与实体赏罚,6876247,688,A168_HF9F_20260827_0900,2026-08-27 09:00:00
2026-04-09,148371646,1374,0,105.4118440749,-73.7882908525,-73.7882908525,0E-7,10,5,0.36426675233333333,0.249917190000,-1.5139178169836522,-1.1544455497052541,-1.5139178169836522,0.11434956233333333,ELIGIBLE,R03b_20260811_FULL_v1,L1_ELIGIBILITY,v2026-08-11,2026-03-21..2026-08-06,baccarat_bet02_101_all_pairs_incl_sentinel,round_win = game_pnl > 0 (decisive only),COMPATIBILITY_ONLY_NOT_PRODUCTION,356.2920,303.5861,168.6590,41,24,-0.47337278,,-0.47337278,-0.47337278,-168.6590,356.2920,OK,0.0000,6.7464,4.0000,96.0000,AG03-UNRESOLVED,ALL5_LEVELS_bet23_to_bet27,6.7464,6.7464,6.7464,6.7464,6.7464,4.000000,4.000000,4.000000,4.000000,4.000000,96.000000,96.000000,96.000000,96.000000,96.000000,5.0,33.7318,31.139,134.9272,137.5199,PENDING_AG03,FALSE,NOT_FOR_ENFORCEMENT,161.9126,291.4427,168.6590,161.9126,6.7464,0.47337278,0.45443787,6.7464,161.9126,0.45443787,6.7464,6.7464,6.7464,6.7464,6.7464,161.9126,0.45443787,33.7318,31.139,134.9272,137.5199,0.37869822,0.38597524,0.01893491,8.6900,12.6494,7.0275,42.1647,28.1098,89.0730,6.0000,,8.6900,2.1082,8.4329,10.5412,21.0824,21.0824,31.6236,4.2165,-2.1082,2.5,3.75,1.030488,6,7,3,7,0E-8,0.47337278,,0E-8,0.000000,0.852071,0.000000,,2026-04-08,2026-04-22,4,6,6,15,0.266667,,,0.000000,,,,,,,,GLOBAL_BASELINE_NO_ENTITY_RANKING,,,NOT_APPLICABLE_GLOBAL_BASELINE,HF9g-P5,,,,X 全窗基线 · 不参与实体赏罚,6876248,688,A168_HF9F_20260827_0900,2026-08-27 09:00:00
2026-04-09,148371646,2222,0,21.0823688150,-21.0823688150,-21.0823688150,0E-7,3,2,0.46561077500000000,0.396936125000,-1.3200721310443548,-1.1473440127882213,-1.3200721310443548,0.06867465000000000,ELIGIBLE,R03b_20260811_FULL_v1,L1_ELIGIBILITY,v2026-08-11,2026-03-21..2026-08-06,baccarat_bet02_101_all_pairs_incl_sentinel,round_win = game_pnl > 0 (decisive only),COMPATIBILITY_ONLY_NOT_PRODUCTION,356.2920,303.5861,168.6590,41,24,-0.47337278,,-0.47337278,-0.47337278,-168.6590,356.2920,OK,0.0000,6.7464,4.0000,96.0000,AG03-UNRESOLVED,ALL5_LEVELS_bet23_to_bet27,6.7464,6.7464,6.7464,6.7464,6.7464,4.000000,4.000000,4.000000,4.000000,4.000000,96.000000,96.000000,96.000000,96.000000,96.000000,5.0,33.7318,31.139,134.9272,137.5199,PENDING_AG03,FALSE,NOT_FOR_ENFORCEMENT,161.9126,291.4427,168.6590,161.9126,6.7464,0.47337278,0.45443787,6.7464,161.9126,0.45443787,6.7464,6.7464,6.7464,6.7464,6.7464,161.9126,0.45443787,33.7318,31.139,134.9272,137.5199,0.37869822,0.38597524,0.01893491,8.6900,12.6494,7.0275,42.1647,28.1098,89.0730,6.0000,,8.6900,2.1082,8.4329,10.5412,21.0824,21.0824,31.6236,4.2165,-2.1082,2.5,3.75,1.030488,6,7,3,7,0E-8,0.47337278,,0E-8,0.000000,0.852071,0.000000,,2026-04-08,2026-04-22,4,6,6,15,0.266667,,,0.000000,,,,,,,,GLOBAL_BASELINE_NO_ENTITY_RANKING,,,NOT_APPLICABLE_GLOBAL_BASELINE,HF9g-P5,,,,X 全窗基线 · 不参与实体赏罚,6876249,688,A168_HF9F_20260827_0900,2026-08-27 09:00:00
2026-04-09,148371646,2246,0,124.3859760085,10.5411844075,10.5411844075,0.5714286,13,8,0.45555098303571429,0.397244439583,0.6156039037375524,0.9417986902498815,0.6156039037375524,0.05830654345271429,ELIGIBLE,R03b_20260811_FULL_v1,L1_ELIGIBILITY,v2026-08-11,2026-03-21..2026-08-06,baccarat_bet02_101_all_pairs_incl_sentinel,round_win = game_pnl > 0 (decisive only),COMPATIBILITY_ONLY_NOT_PRODUCTION,356.2920,303.5861,168.6590,41,24,-0.47337278,,-0.47337278,-0.47337278,-168.6590,356.2920,OK,0.0000,6.7464,4.0000,96.0000,AG03-UNRESOLVED,ALL5_LEVELS_bet23_to_bet27,6.7464,6.7464,6.7464,6.7464,6.7464,4.000000,4.000000,4.000000,4.000000,4.000000,96.000000,96.000000,96.000000,96.000000,96.000000,5.0,33.7318,31.139,134.9272,137.5199,PENDING_AG03,FALSE,NOT_FOR_ENFORCEMENT,161.9126,291.4427,168.6590,161.9126,6.7464,0.47337278,0.45443787,6.7464,161.9126,0.45443787,6.7464,6.7464,6.7464,6.7464,6.7464,161.9126,0.45443787,33.7318,31.139,134.9272,137.5199,0.37869822,0.38597524,0.01893491,8.6900,12.6494,7.0275,42.1647,28.1098,89.0730,6.0000,,8.6900,2.1082,8.4329,10.5412,21.0824,21.0824,31.6236,4.2165,-2.1082,2.5,3.75,1.030488,6,7,3,7,0E-8,0.47337278,,0E-8,0.000000,0.852071,0.000000,,2026-04-08,2026-04-22,4,6,6,15,0.266667,,,0.000000,,,,,,,,GLOBAL_BASELINE_NO_ENTITY_RANKING,,,NOT_APPLICABLE_GLOBAL_BASELINE,HF9g-P5,,,,X 全窗基线 · 不参与实体赏罚,6876250,688,A168_HF9F_20260827_0900,2026-08-27 09:00:00
2026-04-10,148371646,2123,0,31.6235532225,-10.5411844075,-10.5411844075,0.3333333,3,3,0.49771390000000000,0.497713900000,-0.5694369385616226,-0.5694369385616226,-0.5694369385616226,0E-17,ELIGIBLE,R03b_20260811_FULL_v1,L1_ELIGIBILITY,v2026-08-11,2026-03-21..2026-08-06,baccarat_bet02_101_all_pairs_incl_sentinel,round_win = game_pnl > 0 (decisive only),COMPATIBILITY_ONLY_NOT_PRODUCTION,356.2920,303.5861,168.6590,41,24,-0.47337278,,-0.47337278,-0.47337278,-168.6590,356.2920,OK,0.0000,6.7464,4.0000,96.0000,AG03-UNRESOLVED,ALL5_LEVELS_bet23_to_bet27,6.7464,6.7464,6.7464,6.7464,6.7464,4.000000,4.000000,4.000000,4.000000,4.000000,96.000000,96.000000,96.000000,96.000000,96.000000,5.0,33.7318,31.139,134.9272,137.5199,PENDING_AG03,FALSE,NOT_FOR_ENFORCEMENT,161.9126,291.4427,168.6590,161.9126,6.7464,0.47337278,0.45443787,6.7464,161.9126,0.45443787,6.7464,6.7464,6.7464,6.7464,6.7464,161.9126,0.45443787,33.7318,31.139,134.9272,137.5199,0.37869822,0.38597524,0.01893491,8.6900,12.6494,7.0275,42.1647,28.1098,89.0730,6.0000,,8.6900,2.1082,8.4329,10.5412,21.0824,21.0824,31.6236,4.2165,-2.1082,2.5,3.75,1.030488,6,7,3,7,0E-8,0.47337278,,0E-8,0.000000,0.852071,0.000000,,2026-04-08,2026-04-22,4,6,6,15,0.266667,,,0.000000,,,,,,,,GLOBAL_BASELINE_NO_ENTITY_RANKING,,,NOT_APPLICABLE_GLOBAL_BASELINE,HF9g-P5,,,,X 全窗基线 · 不参与实体赏罚,6876251,688,A168_HF9F_20260827_0900,2026-08-27 09:00:00
2026-04-10,148371646,2216,0,10.5411844075,-10.5411844075,-10.5411844075,0E-7,1,1,0.49324550000000000,0.493245500000,-0.9865810262130424,-0.9865810262130424,-0.9865810262130424,0E-17,ELIGIBLE,R03b_20260811_FULL_v1,L1_ELIGIBILITY,v2026-08-11,2026-03-21..2026-08-06,baccarat_bet02_101_all_pairs_incl_sentinel,round_win = game_pnl > 0 (decisive only),COMPATIBILITY_ONLY_NOT_PRODUCTION,356.2920,303.5861,168.6590,41,24,-0.47337278,,-0.47337278,-0.47337278,-168.6590,356.2920,OK,0.0000,6.7464,4.0000,96.0000,AG03-UNRESOLVED,ALL5_LEVELS_bet23_to_bet27,6.7464,6.7464,6.7464,6.7464,6.7464,4.000000,4.000000,4.000000,4.000000,4.000000,96.000000,96.000000,96.000000,96.000000,96.000000,5.0,33.7318,31.139,134.9272,137.5199,PENDING_AG03,FALSE,NOT_FOR_ENFORCEMENT,161.9126,291.4427,168.6590,161.9126,6.7464,0.47337278,0.45443787,6.7464,161.9126,0.45443787,6.7464,6.7464,6.7464,6.7464,6.7464,161.9126,0.45443787,33.7318,31.139,134.9272,137.5199,0.37869822,0.38597524,0.01893491,8.6900,12.6494,7.0275,42.1647,28.1098,89.0730,6.0000,,8.6900,2.1082,8.4329,10.5412,21.0824,21.0824,31.6236,4.2165,-2.1082,2.5,3.75,1.030488,6,7,3,7,0E-8,0.47337278,,0E-8,0.000000,0.852071,0.000000,,2026-04-08,2026-04-22,4,6,6,15,0.266667,,,0.000000,,,,,,,,GLOBAL_BASELINE_NO_ENTITY_RANKING,,,NOT_APPLICABLE_GLOBAL_BASELINE,HF9g-P5,,,,X 全窗基线 · 不参与实体赏罚,6876252,688,A168_HF9F_20260827_0900,2026-08-27 09:00:00
2026-04-22,148371646,1384,0,21.0823688150,-21.0823688150,-21.0823688150,0E-7,5,2,0.33944944583333334,0.222293733334,-1.013793539265734,-0.756085324325313,-1.013793539265734,0.11715571249933334,ELIGIBLE,R03b_20260811_FULL_v1,L1_ELIGIBILITY,v2026-08-11,2026-03-21..2026-08-06,baccarat_bet02_101_all_pairs_incl_sentinel,round_win = game_pnl > 0 (decisive only),COMPATIBILITY_ONLY_NOT_PRODUCTION,356.2920,303.5861,168.6590,41,24,-0.47337278,,-0.47337278,-0.47337278,-168.6590,356.2920,OK,0.0000,6.7464,4.0000,96.0000,AG03-UNRESOLVED,ALL5_LEVELS_bet23_to_bet27,6.7464,6.7464,6.7464,6.7464,6.7464,4.000000,4.000000,4.000000,4.000000,4.000000,96.000000,96.000000,96.000000,96.000000,96.000000,5.0,33.7318,31.139,134.9272,137.5199,PENDING_AG03,FALSE,NOT_FOR_ENFORCEMENT,161.9126,291.4427,168.6590,161.9126,6.7464,0.47337278,0.45443787,6.7464,161.9126,0.45443787,6.7464,6.7464,6.7464,6.7464,6.7464,161.9126,0.45443787,33.7318,31.139,134.9272,137.5199,0.37869822,0.38597524,0.01893491,8.6900,12.6494,7.0275,42.1647,28.1098,89.0730,6.0000,,8.6900,2.1082,8.4329,10.5412,21.0824,21.0824,31.6236,4.2165,-2.1082,2.5,3.75,1.030488,6,7,3,7,0E-8,0.47337278,,0E-8,0.000000,0.852071,0.000000,,2026-04-08,2026-04-22,4,6,6,15,0.266667,,,0.000000,,,,,,,,GLOBAL_BASELINE_NO_ENTITY_RANKING,,,NOT_APPLICABLE_GLOBAL_BASELINE,HF9g-P5,,,,X 全窗基线 · 不参与实体赏罚,6876253,688,A168_HF9F_20260827_0900,2026-08-27 09:00:00
2026-04-14,148674447,2141,0,324.6684797504,-168.6589505197,-168.6589505197,0E-7,9,4,0.47446126078039097,0.346254079167,-1.9003255500609824,-1.4555359916244357,-1.9003255500609824,0.12820718161339097,ELIGIBLE,R03b_20260811_FULL_v1,L1_ELIGIBILITY,v2026-08-11,2026-03-21..2026-08-06,baccarat_bet02_101_all_pairs_incl_sentinel,round_win = game_pnl > 0 (decisive only),COMPATIBILITY_ONLY_NOT_PRODUCTION,324.6685,219.2566,168.6590,9,4,-0.51948052,,-0.51948052,-0.51948052,-168.6590,324.6685,THIN_EXPOSURE,0.0000,6.7464,4.0000,96.0000,AG03-UNRESOLVED,ALL5_LEVELS_bet23_to_bet27,6.7464,6.7464,6.7464,6.7464,6.7464,4.000000,4.000000,4.000000,4.000000,4.000000,96.000000,96.000000,96.000000,96.000000,96.000000,5.0,33.7318,31.139,134.9272,137.5199,PENDING_AG03,FALSE,NOT_FOR_ENFORCEMENT,161.9126,210.4864,168.6590,161.9126,6.7464,0.51948052,0.49870130,6.7464,161.9126,0.49870130,6.7464,6.7464,6.7464,6.7464,6.7464,161.9126,0.49870130,33.7318,31.139,134.9272,137.5199,0.41558442,0.42357023,0.02077922,36.0743,54.8142,42.1647,168.6590,168.6590,324.6685,4.0000,,36.0743,4.2165,4.2165,64.3012,105.4118,105.4118,105.4118,4.2165,-4.2165,25.000001,25.000001,8.555556,1,1,1,4,0E-8,0.51948052,,0E-8,0.000000,0.675325,0.000000,,2026-04-14,2026-04-14,1,1,1,1,1.000000,,,0.000000,,,,,,,,GLOBAL_BASELINE_NO_ENTITY_RANKING,,,NOT_APPLICABLE_GLOBAL_BASELINE,HF9g-P5,,,,X 全窗基线 · 不参与实体赏罚,6876254,688,A168_HF9F_20260827_0900,2026-08-27 09:00:00
2026-04-03,42076216,1306,0,295.1531634095,-168.6589505197,-168.6589505197,0.3333333,4,3,0.48698161282049716,0.427954033333,-0.5324337557782423,-0.33123235940078244,-0.5324337557782423,0.05902757948749716,ELIGIBLE,R03b_20260811_FULL_v1,L1_ELIGIBILITY,v2026-08-11,2026-03-21..2026-08-06,baccarat_bet02_101_all_pairs_incl_sentinel,round_win = game_pnl > 0 (decisive only),COMPATIBILITY_ONLY_NOT_PRODUCTION,295.1532,295.1532,168.6590,4,3,-0.57142857,,-0.57142857,-0.57142857,-168.6590,295.1532,THIN_EXPOSURE,0.0000,6.7464,4.0000,96.0000,AG03-UNRESOLVED,ALL5_LEVELS_bet23_to_bet27,6.7464,6.7464,6.7464,10.1195,10.1195,4.000000,4.000000,4.000000,6.000000,6.000000,96.000000,96.000000,96.000000,94.000000,94.000000,5.0,40.4781,36.8094,128.1808,131.8496,PENDING_AG03,FALSE,NOT_FOR_ENFORCEMENT,161.9126,283.3470,168.6590,161.9126,6.7464,0.57142857,0.54857143,6.7464,161.9126,0.54857143,6.7464,6.7464,6.7464,10.1195,10.1195,161.9126,0.54857143,40.4781,36.8094,128.1808,131.8496,0.43428571,0.44671585,0.02285714,73.7883,98.3844,56.2197,168.6590,168.6590,295.1532,3.0000,,73.7883,36.8941,79.0589,110.6824,126.4942,126.4942,126.4942,79.0589,-52.7059,1.6,1.6,0.933333,1,1,1,3,0E-8,0.57142857,,0E-8,0.000000,1.000000,0.000000,,2026-04-03,2026-04-03,1,1,1,1,1.000000,,,0.000000,,,,,,,,GLOBAL_BASELINE_NO_ENTITY_RANKING,,,NOT_APPLICABLE_GLOBAL_BASELINE,HF9g-P5,,,,X 全窗基线 · 不参与实体赏罚,6876255,688,A168_HF9F_20260827_0900,2026-08-27 09:00:00
2026-04-02,148134689,1384,0,168.6589505197,-168.6589505197,-168.6589505197,0E-7,1,1,0.50665070000000000,0.506650700000,-1.013391052207602,-1.013391052207602,-1.013391052207602,0E-17,ELIGIBLE,R03b_20260811_FULL_v1,L1_ELIGIBILITY,v2026-08-11,2026-03-21..2026-08-06,baccarat_bet02_101_all_pairs_incl_sentinel,round_win = game_pnl > 0 (decisive only),COMPATIBILITY_ONLY_NOT_PRODUCTION,274.0708,168.6590,168.6590,2,2,-0.61538462,,-0.61538462,-0.61538462,-168.6590,274.0708,THIN_EXPOSURE,0.0000,6.7464,4.0000,96.0000,AG03-UNRESOLVED,ALL5_LEVELS_bet23_to_bet27,6.7464,6.7464,6.7464,10.1195,10.1195,4.000000,4.000000,4.000000,6.000000,6.000000,96.000000,96.000000,96.000000,94.000000,94.000000,5.0,40.4781,36.8094,128.1808,131.8496,PENDING_AG03,FALSE,NOT_FOR_ENFORCEMENT,161.9126,161.9126,168.6590,161.9126,6.7464,0.61538462,0.59076923,6.7464,161.9126,0.59076923,6.7464,6.7464,6.7464,10.1195,10.1195,161.9126,0.59076923,40.4781,36.8094,128.1808,131.8496,0.46769231,0.4810786,0.02461538,137.0354,84.3295,84.3295,168.6590,84.3295,274.0708,2.0000,,137.0354,105.4118,137.0354,168.659,168.659,168.659,168.659,84.3295,-84.3295,1.230769,1.230769,1.0,2,2,1,2,0E-8,0.61538462,,0E-8,0.000000,0.615385,0.000000,,2026-04-02,2026-04-02,1,2,2,1,1.000000,,,0.000000,,,,,,,,GLOBAL_BASELINE_NO_ENTITY_RANKING,,,NOT_APPLICABLE_GLOBAL_BASELINE,HF9g-P5,,,,X 全窗基线 · 不参与实体赏罚,6876256,688,A168_HF9F_20260827_0900,2026-08-27 09:00:00
2026-04-02,148134689,2205,0,105.4118440748,0E-10,0E-10,,1,1,0.49324550000000000,0.493245500000,,,,0E-17,NO_DECISIVE_ROUND,R03b_20260811_FULL_v1,L1_ELIGIBILITY,v2026-08-11,2026-03-21..2026-08-06,baccarat_bet02_101_all_pairs_incl_sentinel,round_win = game_pnl > 0 (decisive only),COMPATIBILITY_ONLY_NOT_PRODUCTION,274.0708,168.6590,168.6590,2,2,-0.61538462,,-0.61538462,-0.61538462,-168.6590,274.0708,THIN_EXPOSURE,0.0000,6.7464,4.0000,96.0000,AG03-UNRESOLVED,ALL5_LEVELS_bet23_to_bet27,6.7464,6.7464,6.7464,10.1195,10.1195,4.000000,4.000000,4.000000,6.000000,6.000000,96.000000,96.000000,96.000000,94.000000,94.000000,5.0,40.4781,36.8094,128.1808,131.8496,PENDING_AG03,FALSE,NOT_FOR_ENFORCEMENT,161.9126,161.9126,168.6590,161.9126,6.7464,0.61538462,0.59076923,6.7464,161.9126,0.59076923,6.7464,6.7464,6.7464,10.1195,10.1195,161.9126,0.59076923,40.4781,36.8094,128.1808,131.8496,0.46769231,0.4810786,0.02461538,137.0354,84.3295,84.3295,168.6590,84.3295,274.0708,2.0000,,137.0354,105.4118,137.0354,168.659,168.659,168.659,168.659,84.3295,-84.3295,1.230769,1.230769,1.0,2,2,1,2,0E-8,0.61538462,,0E-8,0.000000,0.615385,0.000000,,2026-04-02,2026-04-02,1,2,2,1,1.000000,,,0.000000,,,,,,,,GLOBAL_BASELINE_NO_ENTITY_RANKING,,,NOT_APPLICABLE_GLOBAL_BASELINE,HF9g-P5,,,,X 全窗基线 · 不参与实体赏罚,6876257,688,A168_HF9F_20260827_0900,2026-08-27 09:00:00
2026-04-04,148201890,-1,1,274.0707945945,-168.6589505197,-168.6589505197,0.3333333,3,3,0.49324550000000000,0.493245500000,-0.5540025479526107,-0.5540025479526106,-0.5540025479526107,0E-17,SENTINEL_DEALER,R03b_20260811_FULL_v1,L1_ELIGIBILITY,v2026-08-11,2026-03-21..2026-08-06,baccarat_bet02_101_all_pairs_incl_sentinel,round_win = game_pnl > 0 (decisive only),COMPATIBILITY_ONLY_NOT_PRODUCTION,274.0708,274.0708,168.6590,3,3,-0.61538462,,-0.61538462,-0.61538462,-168.6590,274.0708,THIN_EXPOSURE,0.0000,6.7464,4.0000,96.0000,AG03-UNRESOLVED,ALL5_LEVELS_bet23_to_bet27,6.7464,6.7464,6.7464,10.1195,10.1195,4.000000,4.000000,4.000000,6.000000,6.000000,96.000000,96.000000,96.000000,94.000000,94.000000,5.0,40.4781,36.8094,128.1808,131.8496,PENDING_AG03,FALSE,NOT_FOR_ENFORCEMENT,161.9126,263.1080,168.6590,161.9126,6.7464,0.61538462,0.59076923,6.7464,161.9126,0.59076923,6.7464,6.7464,6.7464,10.1195,10.1195,161.9126,0.59076923,40.4781,36.8094,128.1808,131.8496,0.46769231,0.4810786,0.02461538,91.3569,91.3569,56.2197,168.6590,84.3295,274.0708,3.0000,,91.3569,52.7059,52.7059,139.6707,168.659,168.659,168.659,52.7059,-52.7059,3.2,3.2,1.733333,2,1,1,1,0E-8,0.61538462,,0E-8,0.000000,1.000000,0.000000,,2026-04-04,2026-04-04,1,2,2,1,1.000000,,,0.000000,,,,,,,,GLOBAL_BASELINE_NO_ENTITY_RANKING,,,NOT_APPLICABLE_GLOBAL_BASELINE,HF9g-P5,,,,X 全窗基线 · 不参与实体赏罚,6876258,688,A168_HF9F_20260827_0900,2026-08-27 09:00:00
2026-04-17,148817382,-1,1,42.1647376299,19.5011911538,19.5011911538,1.0000000,2,1,0.40363872499975569,0.300626750000,1.2155093515734605,1.5252488199758223,1.2155093515734605,0.10301197499975569,SENTINEL_DEALER,R03b_20260811_FULL_v1,L1_ELIGIBILITY,v2026-08-11,2026-03-21..2026-08-06,baccarat_bet02_101_all_pairs_incl_sentinel,round_win = game_pnl > 0 (decisive only),COMPATIBILITY_ONLY_NOT_PRODUCTION,269.8543,250.8802,168.6590,17,14,-0.62500000,,-0.62500000,-0.62500000,-168.6590,269.8543,THIN_EXPOSURE,0.0000,6.7464,4.0000,96.0000,AG03-UNRESOLVED,ALL5_LEVELS_bet23_to_bet27,6.7464,6.7464,6.7464,6.7464,6.7464,4.000000,4.000000,4.000000,4.000000,4.000000,96.000000,96.000000,96.000000,96.000000,96.000000,5.0,33.7318,31.139,134.9272,137.5199,PENDING_AG03,FALSE,NOT_FOR_ENFORCEMENT,161.9126,240.8450,168.6590,161.9126,6.7464,0.62500000,0.60000000,6.7464,161.9126,0.60000000,6.7464,6.7464,6.7464,6.7464,6.7464,161.9126,0.60000000,33.7318,31.139,134.9272,137.5199,0.50000000,0.50960794,0.02500000,15.8738,17.9200,12.0471,84.3295,18.7399,134.9272,7.0000,,15.8738,10.0141,10.5412,15.8118,40.0565,49.0165,52.7059,10.5412,-10.5412,4.65,5.0,1.505882,8,7,1,3,0E-8,0.62500000,,0E-8,0.000000,0.929688,0.000000,,2026-04-17,2026-04-18,2,9,9,2,1.000000,,,0.000000,,,,,,,,GLOBAL_BASELINE_NO_ENTITY_RANKING,,,NOT_APPLICABLE_GLOBAL_BASELINE,HF9g-P5,,,,X 全窗基线 · 不参与实体赏罚,6876259,688,A168_HF9F_20260827_0900,2026-08-27 09:00:00
2026-04-17,148817382,2177,0,18.9741319335,0E-10,0E-10,,1,1,0.50665070000000000,0.506650700000,,,,0E-17,NO_DECISIVE_ROUND,R03b_20260811_FULL_v1,L1_ELIGIBILITY,v2026-08-11,2026-03-21..2026-08-06,baccarat_bet02_101_all_pairs_incl_sentinel,round_win = game_pnl > 0 (decisive only),COMPATIBILITY_ONLY_NOT_PRODUCTION,269.8543,250.8802,168.6590,17,14,-0.62500000,,-0.62500000,-0.62500000,-168.6590,269.8543,THIN_EXPOSURE,0.0000,6.7464,4.0000,96.0000,AG03-UNRESOLVED,ALL5_LEVELS_bet23_to_bet27,6.7464,6.7464,6.7464,6.7464,6.7464,4.000000,4.000000,4.000000,4.000000,4.000000,96.000000,96.000000,96.000000,96.000000,96.000000,5.0,33.7318,31.139,134.9272,137.5199,PENDING_AG03,FALSE,NOT_FOR_ENFORCEMENT,161.9126,240.8450,168.6590,161.9126,6.7464,0.62500000,0.60000000,6.7464,161.9126,0.60000000,6.7464,6.7464,6.7464,6.7464,6.7464,161.9126,0.60000000,33.7318,31.139,134.9272,137.5199,0.50000000,0.50960794,0.02500000,15.8738,17.9200,12.0471,84.3295,18.7399,134.9272,7.0000,,15.8738,10.0141,10.5412,15.8118,40.0565,49.0165,52.7059,10.5412,-10.5412,4.65,5.0,1.505882,8,7,1,3,0E-8,0.62500000,,0E-8,0.000000,0.929688,0.000000,,2026-04-17,2026-04-18,2,9,9,2,1.000000,,,0.000000,,,,,,,,GLOBAL_BASELINE_NO_ENTITY_RANKING,,,NOT_APPLICABLE_GLOBAL_BASELINE,HF9g-P5,,,,X 全窗基线 · 不参与实体赏罚,6876260,688,A168_HF9F_20260827_0900,2026-08-27 09:00:00
2026-04-18,148817382,-1,1,105.4118440748,-105.4118440748,-105.4118440748,0E-7,3,2,0.45338122999992437,0.393584825000,-1.2879662880909464,-1.1393289695942557,-1.2879662880909464,0.05979640499992437,SENTINEL_DEALER,R03b_20260811_FULL_v1,L1_ELIGIBILITY,v2026-08-11,2026-03-21..2026-08-06,baccarat_bet02_101_all_pairs_incl_sentinel,round_win = game_pnl > 0 (decisive only),COMPATIBILITY_ONLY_NOT_PRODUCTION,269.8543,250.8802,168.6590,17,14,-0.62500000,,-0.62500000,-0.62500000,-168.6590,269.8543,THIN_EXPOSURE,0.0000,6.7464,4.0000,96.0000,AG03-UNRESOLVED,ALL5_LEVELS_bet23_to_bet27,6.7464,6.7464,6.7464,6.7464,6.7464,4.000000,4.000000,4.000000,4.000000,4.000000,96.000000,96.000000,96.000000,96.000000,96.000000,5.0,33.7318,31.139,134.9272,137.5199,PENDING_AG03,FALSE,NOT_FOR_ENFORCEMENT,161.9126,240.8450,168.6590,161.9126,6.7464,0.62500000,0.60000000,6.7464,161.9126,0.60000000,6.7464,6.7464,6.7464,6.7464,6.7464,161.9126,0.60000000,33.7318,31.139,134.9272,137.5199,0.50000000,0.50960794,0.02500000,15.8738,17.9200,12.0471,84.3295,18.7399,134.9272,7.0000,,15.8738,10.0141,10.5412,15.8118,40.0565,49.0165,52.7059,10.5412,-10.5412,4.65,5.0,1.505882,8,7,1,3,0E-8,0.62500000,,0E-8,0.000000,0.929688,0.000000,,2026-04-17,2026-04-18,2,9,9,2,1.000000,,,0.000000,,,,,,,,GLOBAL_BASELINE_NO_ENTITY_RANKING,,,NOT_APPLICABLE_GLOBAL_BASELINE,HF9g-P5,,,,X 全窗基线 · 不参与实体赏罚,6876261,688,A168_HF9F_20260827_0900,2026-08-27 09:00:00
2026-04-18,148817382,1078,0,8.4329475260,-8.4329475260,-8.4329475260,0E-7,1,1,0.09460280000000000,0.094602800000,-0.32324545095860213,-0.32324545095860213,-0.32324545095860213,0E-17,ELIGIBLE,R03b_20260811_FULL_v1,L1_ELIGIBILITY,v2026-08-11,2026-03-21..2026-08-06,baccarat_bet02_101_all_pairs_incl_sentinel,round_win = game_pnl > 0 (decisive only),COMPATIBILITY_ONLY_NOT_PRODUCTION,269.8543,250.8802,168.6590,17,14,-0.62500000,,-0.62500000,-0.62500000,-168.6590,269.8543,THIN_EXPOSURE,0.0000,6.7464,4.0000,96.0000,AG03-UNRESOLVED,ALL5_LEVELS_bet23_to_bet27,6.7464,6.7464,6.7464,6.7464,6.7464,4.000000,4.000000,4.000000,4.000000,4.000000,96.000000,96.000000,96.000000,96.000000,96.000000,5.0,33.7318,31.139,134.9272,137.5199,PENDING_AG03,FALSE,NOT_FOR_ENFORCEMENT,161.9126,240.8450,168.6590,161.9126,6.7464,0.62500000,0.60000000,6.7464,161.9126,0.60000000,6.7464,6.7464,6.7464,6.7464,6.7464,161.9126,0.60000000,33.7318,31.139,134.9272,137.5199,0.50000000,0.50960794,0.02500000,15.8738,17.9200,12.0471,84.3295,18.7399,134.9272,7.0000,,15.8738,10.0141,10.5412,15.8118,40.0565,49.0165,52.7059,10.5412,-10.5412,4.65,5.0,1.505882,8,7,1,3,0E-8,0.62500000,,0E-8,0.000000,0.929688,0.000000,,2026-04-17,2026-04-18,2,9,9,2,1.000000,,,0.000000,,,,,,,,GLOBAL_BASELINE_NO_ENTITY_RANKING,,,NOT_APPLICABLE_GLOBAL_BASELINE,HF9g-P5,,,,X 全窗基线 · 不参与实体赏罚,6876262,688,A168_HF9F_20260827_0900,2026-08-27 09:00:00
2026-04-18,148817382,1306,0,46.3812113930,-25.8259017984,-25.8259017984,0.2000000,5,5,0.34183154000000000,0.341831540000,-0.6686259400624008,-0.6686259400624008,-0.6686259400624008,0E-17,ELIGIBLE,R03b_20260811_FULL_v1,L1_ELIGIBILITY,v2026-08-11,2026-03-21..2026-08-06,baccarat_bet02_101_all_pairs_incl_sentinel,round_win = game_pnl > 0 (decisive only),COMPATIBILITY_ONLY_NOT_PRODUCTION,269.8543,250.8802,168.6590,17,14,-0.62500000,,-0.62500000,-0.62500000,-168.6590,269.8543,THIN_EXPOSURE,0.0000,6.7464,4.0000,96.0000,AG03-UNRESOLVED,ALL5_LEVELS_bet23_to_bet27,6.7464,6.7464,6.7464,6.7464,6.7464,4.000000,4.000000,4.000000,4.000000,4.000000,96.000000,96.000000,96.000000,96.000000,96.000000,5.0,33.7318,31.139,134.9272,137.5199,PENDING_AG03,FALSE,NOT_FOR_ENFORCEMENT,161.9126,240.8450,168.6590,161.9126,6.7464,0.62500000,0.60000000,6.7464,161.9126,0.60000000,6.7464,6.7464,6.7464,6.7464,6.7464,161.9126,0.60000000,33.7318,31.139,134.9272,137.5199,0.50000000,0.50960794,0.02500000,15.8738,17.9200,12.0471,84.3295,18.7399,134.9272,7.0000,,15.8738,10.0141,10.5412,15.8118,40.0565,49.0165,52.7059,10.5412,-10.5412,4.65,5.0,1.505882,8,7,1,3,0E-8,0.62500000,,0E-8,0.000000,0.929688,0.000000,,2026-04-17,2026-04-18,2,9,9,2,1.000000,,,0.000000,,,,,,,,GLOBAL_BASELINE_NO_ENTITY_RANKING,,,NOT_APPLICABLE_GLOBAL_BASELINE,HF9g-P5,,,,X 全窗基线 · 不参与实体赏罚,6876263,688,A168_HF9F_20260827_0900,2026-08-27 09:00:00
2026-04-18,148817382,2115,0,10.5411844075,-10.5411844075,-10.5411844075,0E-7,1,1,0.49324550000000000,0.493245500000,-0.9865810262130424,-0.9865810262130424,-0.9865810262130424,0E-17,ELIGIBLE,R03b_20260811_FULL_v1,L1_ELIGIBILITY,v2026-08-11,2026-03-21..2026-08-06,baccarat_bet02_101_all_pairs_incl_sentinel,round_win = game_pnl > 0 (decisive only),COMPATIBILITY_ONLY_NOT_PRODUCTION,269.8543,250.8802,168.6590,17,14,-0.62500000,,-0.62500000,-0.62500000,-168.6590,269.8543,THIN_EXPOSURE,0.0000,6.7464,4.0000,96.0000,AG03-UNRESOLVED,ALL5_LEVELS_bet23_to_bet27,6.7464,6.7464,6.7464,6.7464,6.7464,4.000000,4.000000,4.000000,4.000000,4.000000,96.000000,96.000000,96.000000,96.000000,96.000000,5.0,33.7318,31.139,134.9272,137.5199,PENDING_AG03,FALSE,NOT_FOR_ENFORCEMENT,161.9126,240.8450,168.6590,161.9126,6.7464,0.62500000,0.60000000,6.7464,161.9126,0.60000000,6.7464,6.7464,6.7464,6.7464,6.7464,161.9126,0.60000000,33.7318,31.139,134.9272,137.5199,0.50000000,0.50960794,0.02500000,15.8738,17.9200,12.0471,84.3295,18.7399,134.9272,7.0000,,15.8738,10.0141,10.5412,15.8118,40.0565,49.0165,52.7059,10.5412,-10.5412,4.65,5.0,1.505882,8,7,1,3,0E-8,0.62500000,,0E-8,0.000000,0.929688,0.000000,,2026-04-17,2026-04-18,2,9,9,2,1.000000,,,0.000000,,,,,,,,GLOBAL_BASELINE_NO_ENTITY_RANKING,,,NOT_APPLICABLE_GLOBAL_BASELINE,HF9g-P5,,,,X 全窗基线 · 不参与实体赏罚,6876264,688,A168_HF9F_20260827_0900,2026-08-27 09:00:00
2026-04-18,148817382,2117,0,10.5411844075,-10.5411844075,-10.5411844075,0E-7,1,1,0.49324550000000000,0.493245500000,-0.9865810262130424,-0.9865810262130424,-0.9865810262130424,0E-17,ELIGIBLE,R03b_20260811_FULL_v1,L1_ELIGIBILITY,v2026-08-11,2026-03-21..2026-08-06,baccarat_bet02_101_all_pairs_incl_sentinel,round_win = game_pnl > 0 (decisive only),COMPATIBILITY_ONLY_NOT_PRODUCTION,269.8543,250.8802,168.6590,17,14,-0.62500000,,-0.62500000,-0.62500000,-168.6590,269.8543,THIN_EXPOSURE,0.0000,6.7464,4.0000,96.0000,AG03-UNRESOLVED,ALL5_LEVELS_bet23_to_bet27,6.7464,6.7464,6.7464,6.7464,6.7464,4.000000,4.000000,4.000000,4.000000,4.000000,96.000000,96.000000,96.000000,96.000000,96.000000,5.0,33.7318,31.139,134.9272,137.5199,PENDING_AG03,FALSE,NOT_FOR_ENFORCEMENT,161.9126,240.8450,168.6590,161.9126,6.7464,0.62500000,0.60000000,6.7464,161.9126,0.60000000,6.7464,6.7464,6.7464,6.7464,6.7464,161.9126,0.60000000,33.7318,31.139,134.9272,137.5199,0.50000000,0.50960794,0.02500000,15.8738,17.9200,12.0471,84.3295,18.7399,134.9272,7.0000,,15.8738,10.0141,10.5412,15.8118,40.0565,49.0165,52.7059,10.5412,-10.5412,4.65,5.0,1.505882,8,7,1,3,0E-8,0.62500000,,0E-8,0.000000,0.929688,0.000000,,2026-04-17,2026-04-18,2,9,9,2,1.000000,,,0.000000,,,,,,,,GLOBAL_BASELINE_NO_ENTITY_RANKING,,,NOT_APPLICABLE_GLOBAL_BASELINE,HF9g-P5,,,,X 全窗基线 · 不参与实体赏罚,6876265,688,A168_HF9F_20260827_0900,2026-08-27 09:00:00
2026-04-18,148817382,2141,0,8.4329475260,-8.4329475260,-8.4329475260,0E-7,1,1,0.50665070000000000,0.506650700000,-1.013391052207602,-1.013391052207602,-1.013391052207602,0E-17,ELIGIBLE,R03b_20260811_FULL_v1,L1_ELIGIBILITY,v2026-08-11,2026-03-21..2026-08-06,baccarat_bet02_101_all_pairs_incl_sentinel,round_win = game_pnl > 0 (decisive only),COMPATIBILITY_ONLY_NOT_PRODUCTION,269.8543,250.8802,168.6590,17,14,-0.62500000,,-0.62500000,-0.62500000,-168.6590,269.8543,THIN_EXPOSURE,0.0000,6.7464,4.0000,96.0000,AG03-UNRESOLVED,ALL5_LEVELS_bet23_to_bet27,6.7464,6.7464,6.7464,6.7464,6.7464,4.000000,4.000000,4.000000,4.000000,4.000000,96.000000,96.000000,96.000000,96.000000,96.000000,5.0,33.7318,31.139,134.9272,137.5199,PENDING_AG03,FALSE,NOT_FOR_ENFORCEMENT,161.9126,240.8450,168.6590,161.9126,6.7464,0.62500000,0.60000000,6.7464,161.9126,0.60000000,6.7464,6.7464,6.7464,6.7464,6.7464,161.9126,0.60000000,33.7318,31.139,134.9272,137.5199,0.50000000,0.50960794,0.02500000,15.8738,17.9200,12.0471,84.3295,18.7399,134.9272,7.0000,,15.8738,10.0141,10.5412,15.8118,40.0565,49.0165,52.7059,10.5412,-10.5412,4.65,5.0,1.505882,8,7,1,3,0E-8,0.62500000,,0E-8,0.000000,0.929688,0.000000,,2026-04-17,2026-04-18,2,9,9,2,1.000000,,,0.000000,,,,,,,,GLOBAL_BASELINE_NO_ENTITY_RANKING,,,NOT_APPLICABLE_GLOBAL_BASELINE,HF9g-P5,,,,X 全窗基线 · 不参与实体赏罚,6876266,688,A168_HF9F_20260827_0900,2026-08-27 09:00:00
2026-04-18,148817382,2177,0,18.9741319335,-18.9741319335,-18.9741319335,0E-7,2,1,0.41508450000000000,0.300626750000,-0.842406468785944,-0.655630731788307,-0.842406468785944,0.11445775000000000,ELIGIBLE,R03b_20260811_FULL_v1,L1_ELIGIBILITY,v2026-08-11,2026-03-21..2026-08-06,baccarat_bet02_101_all_pairs_incl_sentinel,round_win = game_pnl > 0 (decisive only),COMPATIBILITY_ONLY_NOT_PRODUCTION,269.8543,250.8802,168.6590,17,14,-0.62500000,,-0.62500000,-0.62500000,-168.6590,269.8543,THIN_EXPOSURE,0.0000,6.7464,4.0000,96.0000,AG03-UNRESOLVED,ALL5_LEVELS_bet23_to_bet27,6.7464,6.7464,6.7464,6.7464,6.7464,4.000000,4.000000,4.000000,4.000000,4.000000,96.000000,96.000000,96.000000,96.000000,96.000000,5.0,33.7318,31.139,134.9272,137.5199,PENDING_AG03,FALSE,NOT_FOR_ENFORCEMENT,161.9126,240.8450,168.6590,161.9126,6.7464,0.62500000,0.60000000,6.7464,161.9126,0.60000000,6.7464,6.7464,6.7464,6.7464,6.7464,161.9126,0.60000000,33.7318,31.139,134.9272,137.5199,0.50000000,0.50960794,0.02500000,15.8738,17.9200,12.0471,84.3295,18.7399,134.9272,7.0000,,15.8738,10.0141,10.5412,15.8118,40.0565,49.0165,52.7059,10.5412,-10.5412,4.65,5.0,1.505882,8,7,1,3,0E-8,0.62500000,,0E-8,0.000000,0.929688,0.000000,,2026-04-17,2026-04-18,2,9,9,2,1.000000,,,0.000000,,,,,,,,GLOBAL_BASELINE_NO_ENTITY_RANKING,,,NOT_APPLICABLE_GLOBAL_BASELINE,HF9g-P5,,,,X 全窗基线 · 不参与实体赏罚,6876267,688,A168_HF9F_20260827_0900,2026-08-27 09:00:00
2026-04-02,123057519,1004,0,42.1647376299,-42.1647376299,-42.1647376299,0E-7,1,1,0.50665070000000000,0.506650700000,-1.013391052207602,-1.013391052207602,-1.013391052207602,0E-17,ELIGIBLE,R03b_20260811_FULL_v1,L1_ELIGIBILITY,v2026-08-11,2026-03-21..2026-08-06,baccarat_bet02_101_all_pairs_incl_sentinel,round_win = game_pnl > 0 (decisive only),COMPATIBILITY_ONLY_NOT_PRODUCTION,252.9884,252.9884,168.6590,4,4,-0.66666667,,-0.66666667,-0.66666667,-168.6590,252.9884,THIN_EXPOSURE,0.0000,6.7464,4.0000,96.0000,AG03-UNRESOLVED,ALL5_LEVELS_bet23_to_bet27,6.7464,6.7464,6.7464,6.7464,6.7464,4.000000,4.000000,4.000000,4.000000,4.000000,96.000000,96.000000,96.000000,96.000000,96.000000,5.0,33.7318,31.139,134.9272,137.5199,PENDING_AG03,FALSE,NOT_FOR_ENFORCEMENT,161.9126,242.8689,168.6590,161.9126,6.7464,0.66666667,0.64000000,6.7464,161.9126,0.64000000,6.7464,6.7464,6.7464,6.7464,6.7464,161.9126,0.64000000,33.7318,31.139,134.9272,137.5199,0.53333333,0.5435818,0.02666667,63.2471,63.2471,42.1647,168.6590,42.1647,252.9884,4.0000,,63.2471,42.1647,63.2471,84.3295,84.3295,84.3295,84.3295,63.2471,-63.2471,1.333333,1.333333,1.0,4,4,1,2,0E-8,0.66666667,,0E-8,0.000000,1.000000,0.000000,,2026-04-02,2026-04-02,1,4,4,1,1.000000,,,0.000000,,,,,,,,GLOBAL_BASELINE_NO_ENTITY_RANKING,,,NOT_APPLICABLE_GLOBAL_BASELINE,HF9g-P5,,,,X 全窗基线 · 不参与实体赏罚,6876268,688,A168_HF9F_20260827_0900,2026-08-27 09:00:00
2026-04-02,123057519,2160,0,84.3294752598,-84.3294752598,-84.3294752598,0E-7,1,1,0.50665070000000000,0.506650700000,-1.013391052207602,-1.013391052207602,-1.013391052207602,0E-17,ELIGIBLE,R03b_20260811_FULL_v1,L1_ELIGIBILITY,v2026-08-11,2026-03-21..2026-08-06,baccarat_bet02_101_all_pairs_incl_sentinel,round_win = game_pnl > 0 (decisive only),COMPATIBILITY_ONLY_NOT_PRODUCTION,252.9884,252.9884,168.6590,4,4,-0.66666667,,-0.66666667,-0.66666667,-168.6590,252.9884,THIN_EXPOSURE,0.0000,6.7464,4.0000,96.0000,AG03-UNRESOLVED,ALL5_LEVELS_bet23_to_bet27,6.7464,6.7464,6.7464,6.7464,6.7464,4.000000,4.000000,4.000000,4.000000,4.000000,96.000000,96.000000,96.000000,96.000000,96.000000,5.0,33.7318,31.139,134.9272,137.5199,PENDING_AG03,FALSE,NOT_FOR_ENFORCEMENT,161.9126,242.8689,168.6590,161.9126,6.7464,0.66666667,0.64000000,6.7464,161.9126,0.64000000,6.7464,6.7464,6.7464,6.7464,6.7464,161.9126,0.64000000,33.7318,31.139,134.9272,137.5199,0.53333333,0.5435818,0.02666667,63.2471,63.2471,42.1647,168.6590,42.1647,252.9884,4.0000,,63.2471,42.1647,63.2471,84.3295,84.3295,84.3295,84.3295,63.2471,-63.2471,1.333333,1.333333,1.0,4,4,1,2,0E-8,0.66666667,,0E-8,0.000000,1.000000,0.000000,,2026-04-02,2026-04-02,1,4,4,1,1.000000,,,0.000000,,,,,,,,GLOBAL_BASELINE_NO_ENTITY_RANKING,,,NOT_APPLICABLE_GLOBAL_BASELINE,HF9g-P5,,,,X 全窗基线 · 不参与实体赏罚,6876269,688,A168_HF9F_20260827_0900,2026-08-27 09:00:00
2026-04-02,123057519,2234,0,84.3294752598,-84.3294752598,-84.3294752598,0E-7,1,1,0.49324550000000000,0.493245500000,-0.9865810262130424,-0.9865810262130424,-0.9865810262130424,0E-17,ELIGIBLE,R03b_20260811_FULL_v1,L1_ELIGIBILITY,v2026-08-11,2026-03-21..2026-08-06,baccarat_bet02_101_all_pairs_incl_sentinel,round_win = game_pnl > 0 (decisive only),COMPATIBILITY_ONLY_NOT_PRODUCTION,252.9884,252.9884,168.6590,4,4,-0.66666667,,-0.66666667,-0.66666667,-168.6590,252.9884,THIN_EXPOSURE,0.0000,6.7464,4.0000,96.0000,AG03-UNRESOLVED,ALL5_LEVELS_bet23_to_bet27,6.7464,6.7464,6.7464,6.7464,6.7464,4.000000,4.000000,4.000000,4.000000,4.000000,96.000000,96.000000,96.000000,96.000000,96.000000,5.0,33.7318,31.139,134.9272,137.5199,PENDING_AG03,FALSE,NOT_FOR_ENFORCEMENT,161.9126,242.8689,168.6590,161.9126,6.7464,0.66666667,0.64000000,6.7464,161.9126,0.64000000,6.7464,6.7464,6.7464,6.7464,6.7464,161.9126,0.64000000,33.7318,31.139,134.9272,137.5199,0.53333333,0.5435818,0.02666667,63.2471,63.2471,42.1647,168.6590,42.1647,252.9884,4.0000,,63.2471,42.1647,63.2471,84.3295,84.3295,84.3295,84.3295,63.2471,-63.2471,1.333333,1.333333,1.0,4,4,1,2,0E-8,0.66666667,,0E-8,0.000000,1.000000,0.000000,,2026-04-02,2026-04-02,1,4,4,1,1.000000,,,0.000000,,,,,,,,GLOBAL_BASELINE_NO_ENTITY_RANKING,,,NOT_APPLICABLE_GLOBAL_BASELINE,HF9g-P5,,,,X 全窗基线 · 不参与实体赏罚,6876270,688,A168_HF9F_20260827_0900,2026-08-27 09:00:00
2026-04-02,123057519,2264,0,42.1647376299,42.1647376299,42.1647376299,1.0000000,1,1,0.49324550000000000,0.493245500000,1.01360149184955,1.01360149184955,1.01360149184955,0E-17,ELIGIBLE,R03b_20260811_FULL_v1,L1_ELIGIBILITY,v2026-08-11,2026-03-21..2026-08-06,baccarat_bet02_101_all_pairs_incl_sentinel,round_win = game_pnl > 0 (decisive only),COMPATIBILITY_ONLY_NOT_PRODUCTION,252.9884,252.9884,168.6590,4,4,-0.66666667,,-0.66666667,-0.66666667,-168.6590,252.9884,THIN_EXPOSURE,0.0000,6.7464,4.0000,96.0000,AG03-UNRESOLVED,ALL5_LEVELS_bet23_to_bet27,6.7464,6.7464,6.7464,6.7464,6.7464,4.000000,4.000000,4.000000,4.000000,4.000000,96.000000,96.000000,96.000000,96.000000,96.000000,5.0,33.7318,31.139,134.9272,137.5199,PENDING_AG03,FALSE,NOT_FOR_ENFORCEMENT,161.9126,242.8689,168.6590,161.9126,6.7464,0.66666667,0.64000000,6.7464,161.9126,0.64000000,6.7464,6.7464,6.7464,6.7464,6.7464,161.9126,0.64000000,33.7318,31.139,134.9272,137.5199,0.53333333,0.5435818,0.02666667,63.2471,63.2471,42.1647,168.6590,42.1647,252.9884,4.0000,,63.2471,42.1647,63.2471,84.3295,84.3295,84.3295,84.3295,63.2471,-63.2471,1.333333,1.333333,1.0,4,4,1,2,0E-8,0.66666667,,0E-8,0.000000,1.000000,0.000000,,2026-04-02,2026-04-02,1,4,4,1,1.000000,,,0.000000,,,,,,,,GLOBAL_BASELINE_NO_ENTITY_RANKING,,,NOT_APPLICABLE_GLOBAL_BASELINE,HF9g-P5,,,,X 全窗基线 · 不参与实体赏罚,6876271,688,A168_HF9F_20260827_0900,2026-08-27 09:00:00
2026-04-10,148460792,1396,0,126.4942128897,-42.1647376299,-42.1647376299,0.5000000,2,2,0.49994810000000000,0.499948100000,0.00014679536856514622,0.00014679536856514622,0.00014679536856514622,0E-17,ELIGIBLE,R03b_20260811_FULL_v1,L1_ELIGIBILITY,v2026-08-11,2026-03-21..2026-08-06,baccarat_bet02_101_all_pairs_incl_sentinel,round_win = game_pnl > 0 (decisive only),COMPATIBILITY_ONLY_NOT_PRODUCTION,252.9884,252.9884,168.6590,4,4,-0.66666667,,-0.66666667,-0.66666667,-168.6590,252.9884,THIN_EXPOSURE,0.0000,6.7464,4.0000,96.0000,AG03-UNRESOLVED,ALL5_LEVELS_bet23_to_bet27,6.7464,6.7464,6.7464,6.7464,6.7464,4.000000,4.000000,4.000000,4.000000,4.000000,96.000000,96.000000,96.000000,96.000000,96.000000,5.0,33.7318,31.139,134.9272,137.5199,PENDING_AG03,FALSE,NOT_FOR_ENFORCEMENT,161.9126,242.8689,168.6590,161.9126,6.7464,0.66666667,0.64000000,6.7464,161.9126,0.64000000,6.7464,6.7464,6.7464,6.7464,6.7464,161.9126,0.64000000,33.7318,31.139,134.9272,137.5199,0.53333333,0.5435818,0.02666667,63.2471,63.2471,42.1647,168.6590,84.3295,252.9884,4.0000,,63.2471,52.7059,63.2471,73.7883,84.3295,84.3295,84.3295,63.2471,-63.2471,1.333333,1.333333,1.0,2,2,1,2,0E-8,0.66666667,,0E-8,0.000000,1.000000,1.000000,,2026-04-10,2026-04-10,1,2,2,1,1.000000,,,0.000000,,,,,,,,GLOBAL_BASELINE_NO_ENTITY_RANKING,,,NOT_APPLICABLE_GLOBAL_BASELINE,HF9g-P5,,,,X 全窗基线 · 不参与实体赏罚,6876272,688,A168_HF9F_20260827_0900,2026-08-27 09:00:00
2026-04-10,148460792,2251,0,126.4942128898,-126.4942128898,-126.4942128898,0E-7,2,2,0.49994810000000000,0.499948100000,-1.4140667746232096,-1.4140667746232096,-1.4140667746232096,0E-17,ELIGIBLE,R03b_20260811_FULL_v1,L1_ELIGIBILITY,v2026-08-11,2026-03-21..2026-08-06,baccarat_bet02_101_all_pairs_incl_sentinel,round_win = game_pnl > 0 (decisive only),COMPATIBILITY_ONLY_NOT_PRODUCTION,252.9884,252.9884,168.6590,4,4,-0.66666667,,-0.66666667,-0.66666667,-168.6590,252.9884,THIN_EXPOSURE,0.0000,6.7464,4.0000,96.0000,AG03-UNRESOLVED,ALL5_LEVELS_bet23_to_bet27,6.7464,6.7464,6.7464,6.7464,6.7464,4.000000,4.000000,4.000000,4.000000,4.000000,96.000000,96.000000,96.000000,96.000000,96.000000,5.0,33.7318,31.139,134.9272,137.5199,PENDING_AG03,FALSE,NOT_FOR_ENFORCEMENT,161.9126,242.8689,168.6590,161.9126,6.7464,0.66666667,0.64000000,6.7464,161.9126,0.64000000,6.7464,6.7464,6.7464,6.7464,6.7464,161.9126,0.64000000,33.7318,31.139,134.9272,137.5199,0.53333333,0.5435818,0.02666667,63.2471,63.2471,42.1647,168.6590,84.3295,252.9884,4.0000,,63.2471,52.7059,63.2471,73.7883,84.3295,84.3295,84.3295,63.2471,-63.2471,1.333333,1.333333,1.0,2,2,1,2,0E-8,0.66666667,,0E-8,0.000000,1.000000,1.000000,,2026-04-10,2026-04-10,1,2,2,1,1.000000,,,0.000000,,,,,,,,GLOBAL_BASELINE_NO_ENTITY_RANKING,,,NOT_APPLICABLE_GLOBAL_BASELINE,HF9g-P5,,,,X 全窗基线 · 不参与实体赏罚,6876273,688,A168_HF9F_20260827_0900,2026-08-27 09:00:00
2026-04-21,148982023,2130,0,242.4472413720,-179.2001349272,-179.2001349272,0.5000000,2,2,0.49324550000000000,0.493245500000,0.01910635448239258,0.01910635448239258,0.01910635448239258,0E-17,ELIGIBLE,R03b_20260811_FULL_v1,L1_ELIGIBILITY,v2026-08-11,2026-03-21..2026-08-06,baccarat_bet02_101_all_pairs_incl_sentinel,round_win = game_pnl > 0 (decisive only),COMPATIBILITY_ONLY_NOT_PRODUCTION,252.9884,252.9884,168.6590,3,3,-0.66666667,,-0.66666667,-0.66666667,-168.6590,252.9884,THIN_EXPOSURE,0.0000,6.7464,4.0000,96.0000,AG03-UNRESOLVED,ALL5_LEVELS_bet23_to_bet27,6.7464,6.7464,6.7464,6.7464,6.7464,4.000000,4.000000,4.000000,4.000000,4.000000,96.000000,96.000000,96.000000,96.000000,96.000000,5.0,33.7318,31.139,134.9272,137.5199,PENDING_AG03,FALSE,NOT_FOR_ENFORCEMENT,161.9126,242.8689,168.6590,161.9126,6.7464,0.66666667,0.64000000,6.7464,161.9126,0.64000000,6.7464,6.7464,6.7464,6.7464,6.7464,161.9126,0.64000000,33.7318,31.139,134.9272,137.5199,0.53333333,0.5435818,0.02666667,84.3295,84.3295,56.2197,168.6590,84.3295,252.9884,3.0000,,84.3295,15.8118,31.6236,166.0237,210.8237,210.8237,210.8237,31.6236,10.5412,6.666667,6.666667,2.666667,2,2,1,1,0E-8,0.66666667,,0E-8,0.000000,1.000000,0.000000,,2026-04-21,2026-04-21,1,2,2,1,1.000000,,,0.000000,,,,,,,,GLOBAL_BASELINE_NO_ENTITY_RANKING,,,NOT_APPLICABLE_GLOBAL_BASELINE,HF9g-P5,,,,X 全窗基线 · 不参与实体赏罚,6876274,688,A168_HF9F_20260827_0900,2026-08-27 09:00:00
2026-04-21,148982023,2177,0,10.5411844075,10.5411844075,10.5411844075,1.0000000,1,1,0.49324550000000000,0.493245500000,1.01360149184955,1.01360149184955,1.01360149184955,0E-17,ELIGIBLE,R03b_20260811_FULL_v1,L1_ELIGIBILITY,v2026-08-11,2026-03-21..2026-08-06,baccarat_bet02_101_all_pairs_incl_sentinel,round_win = game_pnl > 0 (decisive only),COMPATIBILITY_ONLY_NOT_PRODUCTION,252.9884,252.9884,168.6590,3,3,-0.66666667,,-0.66666667,-0.66666667,-168.6590,252.9884,THIN_EXPOSURE,0.0000,6.7464,4.0000,96.0000,AG03-UNRESOLVED,ALL5_LEVELS_bet23_to_bet27,6.7464,6.7464,6.7464,6.7464,6.7464,4.000000,4.000000,4.000000,4.000000,4.000000,96.000000,96.000000,96.000000,96.000000,96.000000,5.0,33.7318,31.139,134.9272,137.5199,PENDING_AG03,FALSE,NOT_FOR_ENFORCEMENT,161.9126,242.8689,168.6590,161.9126,6.7464,0.66666667,0.64000000,6.7464,161.9126,0.64000000,6.7464,6.7464,6.7464,6.7464,6.7464,161.9126,0.64000000,33.7318,31.139,134.9272,137.5199,0.53333333,0.5435818,0.02666667,84.3295,84.3295,56.2197,168.6590,84.3295,252.9884,3.0000,,84.3295,15.8118,31.6236,166.0237,210.8237,210.8237,210.8237,31.6236,10.5412,6.666667,6.666667,2.666667,2,2,1,1,0E-8,0.66666667,,0E-8,0.000000,1.000000,0.000000,,2026-04-21,2026-04-21,1,2,2,1,1.000000,,,0.000000,,,,,,,,GLOBAL_BASELINE_NO_ENTITY_RANKING,,,NOT_APPLICABLE_GLOBAL_BASELINE,HF9g-P5,,,,X 全窗基线 · 不参与实体赏罚,6876275,688,A168_HF9F_20260827_0900,2026-08-27 09:00:00
2026-04-07,148350362,2212,0,105.4118440748,-105.4118440748,-105.4118440748,0E-7,1,1,0.49324550000000000,0.493245500000,-0.9865810262130424,-0.9865810262130424,-0.9865810262130424,0E-17,ELIGIBLE,R03b_20260811_FULL_v1,L1_ELIGIBILITY,v2026-08-11,2026-03-21..2026-08-06,baccarat_bet02_101_all_pairs_incl_sentinel,round_win = game_pnl > 0 (decisive only),COMPATIBILITY_ONLY_NOT_PRODUCTION,231.9061,168.6590,168.6590,3,3,-0.72727273,,-0.72727273,-0.72727273,-168.6590,231.9061,THIN_EXPOSURE,0.0000,6.7464,4.0000,96.0000,AG03-UNRESOLVED,ALL5_LEVELS_bet23_to_bet27,6.7464,6.7464,6.7464,6.7464,6.7464,4.000000,4.000000,4.000000,4.000000,4.000000,96.000000,96.000000,96.000000,96.000000,96.000000,5.0,33.7318,31.139,134.9272,137.5199,PENDING_AG03,FALSE,NOT_FOR_ENFORCEMENT,161.9126,161.9126,168.6590,161.9126,6.7464,0.72727273,0.69818182,6.7464,161.9126,0.69818182,6.7464,6.7464,6.7464,6.7464,6.7464,161.9126,0.69818182,33.7318,31.139,134.9272,137.5199,0.58181818,0.59299833,0.02909091,77.3020,56.2197,56.2197,168.6590,84.3295,231.9061,3.0000,,77.3020,63.2471,63.2471,94.8707,105.4118,105.4118,105.4118,63.2471,-63.2471,1.666667,1.666667,1.222222,2,2,1,1,0E-8,0.72727273,,0E-8,0.000000,0.727273,0.000000,,2026-04-07,2026-04-07,1,2,2,1,1.000000,,,0.000000,,,,,,,,GLOBAL_BASELINE_NO_ENTITY_RANKING,,,NOT_APPLICABLE_GLOBAL_BASELINE,HF9g-P5,,,,X 全窗基线 · 不参与实体赏罚,6876276,688,A168_HF9F_20260827_0900,2026-08-27 09:00:00
2026-04-07,148350362,2239,0,126.4942128898,-63.2471064449,-63.2471064449,0E-7,2,2,0.49324550000000000,0.493245500000,-0.9865810262130424,-0.9865810262130424,-0.9865810262130424,0E-17,ELIGIBLE,R03b_20260811_FULL_v1,L1_ELIGIBILITY,v2026-08-11,2026-03-21..2026-08-06,baccarat_bet02_101_all_pairs_incl_sentinel,round_win = game_pnl > 0 (decisive only),COMPATIBILITY_ONLY_NOT_PRODUCTION,231.9061,168.6590,168.6590,3,3,-0.72727273,,-0.72727273,-0.72727273,-168.6590,231.9061,THIN_EXPOSURE,0.0000,6.7464,4.0000,96.0000,AG03-UNRESOLVED,ALL5_LEVELS_bet23_to_bet27,6.7464,6.7464,6.7464,6.7464,6.7464,4.000000,4.000000,4.000000,4.000000,4.000000,96.000000,96.000000,96.000000,96.000000,96.000000,5.0,33.7318,31.139,134.9272,137.5199,PENDING_AG03,FALSE,NOT_FOR_ENFORCEMENT,161.9126,161.9126,168.6590,161.9126,6.7464,0.72727273,0.69818182,6.7464,161.9126,0.69818182,6.7464,6.7464,6.7464,6.7464,6.7464,161.9126,0.69818182,33.7318,31.139,134.9272,137.5199,0.58181818,0.59299833,0.02909091,77.3020,56.2197,56.2197,168.6590,84.3295,231.9061,3.0000,,77.3020,63.2471,63.2471,94.8707,105.4118,105.4118,105.4118,63.2471,-63.2471,1.666667,1.666667,1.222222,2,2,1,1,0E-8,0.72727273,,0E-8,0.000000,0.727273,0.000000,,2026-04-07,2026-04-07,1,2,2,1,1.000000,,,0.000000,,,,,,,,GLOBAL_BASELINE_NO_ENTITY_RANKING,,,NOT_APPLICABLE_GLOBAL_BASELINE,HF9g-P5,,,,X 全窗基线 · 不参与实体赏罚,6876277,688,A168_HF9F_20260827_0900,2026-08-27 09:00:00
2026-04-14,110267825,1325,0,227.6895832017,-168.6589505198,-168.6589505198,0E-7,9,2,0.37771648580338718,0.183157825000,-1.1018026694420349,-0.6696666328957035,-1.1018026694420349,0.19455866080338718,ELIGIBLE,R03b_20260811_FULL_v1,L1_ELIGIBILITY,v2026-08-11,2026-03-21..2026-08-06,baccarat_bet02_101_all_pairs_incl_sentinel,round_win = game_pnl > 0 (decisive only),COMPATIBILITY_ONLY_NOT_PRODUCTION,227.6896,227.6896,168.6590,9,2,-0.74074074,,-0.74074074,-0.74074074,-168.6590,227.6896,THIN_EXPOSURE,0.0000,6.7464,4.0000,96.0000,AG03-UNRESOLVED,ALL5_LEVELS_bet23_to_bet27,6.7464,6.7464,7.5897,7.5897,7.5897,4.000000,4.000000,4.500000,4.500000,4.500000,96.000000,96.000000,95.500000,95.500000,95.500000,5.0,36.2617,33.2766,132.3973,135.3823,PENDING_AG03,FALSE,NOT_FOR_ENFORCEMENT,161.9126,218.5820,168.6590,161.9126,6.7464,0.74074074,0.71111111,6.7464,161.9126,0.71111111,6.7464,6.7464,7.5897,7.5897,7.5897,161.9126,0.71111111,36.2617,33.2766,132.3973,135.3823,0.58148148,0.59459166,0.02962963,25.2988,113.8448,84.3295,168.6590,168.6590,227.6896,2.0000,,25.2988,8.4329,10.5412,20.0283,86.4377,115.953,115.953,10.5412,-10.5412,11.0,11.0,2.4,1,1,1,6,0E-8,0.74074074,,0E-8,0.000000,1.000000,0.000000,,2026-04-14,2026-04-14,1,1,1,1,1.000000,,,0.000000,,,,,,,,GLOBAL_BASELINE_NO_ENTITY_RANKING,,,NOT_APPLICABLE_GLOBAL_BASELINE,HF9g-P5,,,,X 全窗基线 · 不参与实体赏罚,6876278,688,A168_HF9F_20260827_0900,2026-08-27 09:00:00
2026-04-22,148999663,-1,1,210.8236881496,-168.6589505197,-168.6589505197,0E-7,6,6,0.49547970000000000,0.495479700000,-2.2159431404219934,-2.2159431404219934,-2.2159431404219934,0E-17,SENTINEL_DEALER,R03b_20260811_FULL_v1,L1_ELIGIBILITY,v2026-08-11,2026-03-21..2026-08-06,baccarat_bet02_101_all_pairs_incl_sentinel,round_win = game_pnl > 0 (decisive only),COMPATIBILITY_ONLY_NOT_PRODUCTION,210.8237,168.6590,168.6590,6,6,-0.80000000,,-0.80000000,-0.80000000,-168.6590,210.8237,THIN_EXPOSURE,0.0000,6.7464,4.0000,96.0000,AG03-UNRESOLVED,ALL5_LEVELS_bet23_to_bet27,6.7464,6.7464,8.4329,0.0000,0.0000,4.000000,4.000000,5.000000,0.000000,0.000000,96.000000,96.000000,95.000000,100.000000,100.000000,5.0,21.9257,20.9947,146.7333,147.6643,PENDING_AG03,FALSE,NOT_FOR_ENFORCEMENT,161.9126,161.9126,168.6590,161.9126,6.7464,0.80000000,0.76800000,6.7464,161.9126,0.76800000,6.7464,6.7464,8.4329,0.0000,0.0000,161.9126,0.76800000,21.9257,20.9947,146.7333,147.6643,0.69600000,0.700416,0.03200000,35.1373,28.1098,28.1098,168.6590,84.3295,210.8237,6.0000,,35.1373,21.0824,42.1647,42.1647,42.1647,42.1647,42.1647,31.6236,-31.6236,1.0,1.0,0.833333,2,1,1,2,0E-8,0.80000000,,0E-8,0.000000,0.800000,0.000000,,2026-04-22,2026-04-22,1,2,2,1,1.000000,,,0.000000,,,,,,,,GLOBAL_BASELINE_NO_ENTITY_RANKING,,,NOT_APPLICABLE_GLOBAL_BASELINE,HF9g-P5,,,,X 全窗基线 · 不参与实体赏罚,6876279,688,A168_HF9F_20260827_0900,2026-08-27 09:00:00
2026-04-01,148072599,2223,0,168.6589505197,-168.6589505197,-168.6589505197,0E-7,2,2,0.50665070000000000,0.506650700000,-1.4331513700195317,-1.4331513700195317,-1.4331513700195317,0E-17,ELIGIBLE,R03b_20260811_FULL_v1,L1_ELIGIBILITY,v2026-08-11,2026-03-21..2026-08-06,baccarat_bet02_101_all_pairs_incl_sentinel,round_win = game_pnl > 0 (decisive only),COMPATIBILITY_ONLY_NOT_PRODUCTION,168.6590,168.6590,168.6590,2,2,-1.00000000,,-1.00000000,-1.00000000,-168.6590,168.6590,THIN_EXPOSURE,0.0000,6.7464,4.0000,96.0000,AG03-UNRESOLVED,ALL5_LEVELS_bet23_to_bet27,6.7464,6.7464,6.7464,6.7464,6.7464,4.000000,4.000000,4.000000,4.000000,4.000000,96.000000,96.000000,96.000000,96.000000,96.000000,5.0,33.7318,31.139,134.9272,137.5199,PENDING_AG03,FALSE,NOT_FOR_ENFORCEMENT,161.9126,161.9126,168.6590,161.9126,6.7464,1.00000000,0.96000000,6.7464,161.9126,0.96000000,6.7464,6.7464,6.7464,6.7464,6.7464,161.9126,0.96000000,33.7318,31.139,134.9272,137.5199,0.80000000,0.8153727,0.04000000,84.3295,84.3295,84.3295,168.6590,168.6590,168.6590,2.0000,,84.3295,63.2471,84.3295,105.4118,105.4118,105.4118,105.4118,84.3295,-84.3295,1.25,1.25,1.0,1,1,1,1,0E-8,1.00000000,,0E-8,0.000000,1.000000,0.000000,,2026-04-01,2026-04-01,1,1,1,1,1.000000,,,0.000000,,,,,,,,GLOBAL_BASELINE_NO_ENTITY_RANKING,,,NOT_APPLICABLE_GLOBAL_BASELINE,HF9g-P5,,,,X 全窗基线 · 不参与实体赏罚,6876280,688,A168_HF9F_20260827_0900,2026-08-27 09:00:00
2026-04-02,145768496,1323,0,63.2471064449,-63.2471064449,-63.2471064449,0E-7,1,1,0.49324550000000000,0.493245500000,-0.9865810262130424,-0.9865810262130424,-0.9865810262130424,0E-17,ELIGIBLE,R03b_20260811_FULL_v1,L1_ELIGIBILITY,v2026-08-11,2026-03-21..2026-08-06,baccarat_bet02_101_all_pairs_incl_sentinel,round_win = game_pnl > 0 (decisive only),COMPATIBILITY_ONLY_NOT_PRODUCTION,168.6590,168.6590,168.6590,2,2,-1.00000000,,-1.00000000,-1.00000000,-168.6590,168.6590,THIN_EXPOSURE,0.0000,6.7464,4.0000,96.0000,AG03-UNRESOLVED,ALL5_LEVELS_bet23_to_bet27,6.7464,6.7464,6.7464,6.7464,6.7464,4.000000,4.000000,4.000000,4.000000,4.000000,96.000000,96.000000,96.000000,96.000000,96.000000,5.0,33.7318,31.139,134.9272,137.5199,PENDING_AG03,FALSE,NOT_FOR_ENFORCEMENT,161.9126,161.9126,168.6590,161.9126,6.7464,1.00000000,0.96000000,6.7464,161.9126,0.96000000,6.7464,6.7464,6.7464,6.7464,6.7464,161.9126,0.96000000,33.7318,31.139,134.9272,137.5199,0.80000000,0.8153727,0.04000000,84.3295,84.3295,84.3295,84.3295,84.3295,84.3295,1.0000,,84.3295,63.2471,84.3295,105.4118,105.4118,105.4118,105.4118,84.3295,-84.3295,1.25,1.25,1.0,2,2,2,1,0E-8,1.00000000,,0E-8,0.000000,1.000000,0.000000,,2026-04-02,2026-04-07,2,2,2,6,0.333333,,,0.000000,,,,,,,,GLOBAL_BASELINE_NO_ENTITY_RANKING,,,NOT_APPLICABLE_GLOBAL_BASELINE,HF9g-P5,,,,X 全窗基线 · 不参与实体赏罚,6876281,688,A168_HF9F_20260827_0900,2026-08-27 09:00:00
2026-04-03,142845167,1306,0,168.6589505197,-168.6589505197,-168.6589505197,0E-7,1,1,0.49324550000000000,0.493245500000,-0.9865810262130424,-0.9865810262130424,-0.9865810262130424,0E-17,ELIGIBLE,R03b_20260811_FULL_v1,L1_ELIGIBILITY,v2026-08-11,2026-03-21..2026-08-06,baccarat_bet02_101_all_pairs_incl_sentinel,round_win = game_pnl > 0 (decisive only),COMPATIBILITY_ONLY_NOT_PRODUCTION,168.6590,168.6590,168.6590,1,1,-1.00000000,,-1.00000000,-1.00000000,-168.6590,168.6590,THIN_EXPOSURE,0.0000,6.7464,4.0000,96.0000,AG03-UNRESOLVED,ALL5_LEVELS_bet23_to_bet27,6.7464,6.7464,8.4329,10.1195,10.1195,4.000000,4.000000,5.000000,6.000000,6.000000,96.000000,96.000000,95.000000,94.000000,94.000000,5.0,42.1647,38.1828,126.4942,130.4762,PENDING_AG03,FALSE,NOT_FOR_ENFORCEMENT,161.9126,161.9126,168.6590,161.9126,6.7464,1.00000000,0.96000000,6.7464,161.9126,0.96000000,6.7464,6.7464,8.4329,10.1195,10.1195,161.9126,0.96000000,42.1647,38.1828,126.4942,130.4762,0.75000000,0.77360947,0.04000000,168.6590,168.6590,168.6590,168.6590,168.6590,168.6590,1.0000,,168.6590,168.659,168.659,168.659,168.659,168.659,168.659,168.659,-168.659,1.0,1.0,1.0,1,1,1,1,0E-8,1.00000000,,0E-8,0.000000,1.000000,0.000000,,2026-04-03,2026-04-03,1,1,1,1,1.000000,,,0.000000,,,,,,,,GLOBAL_BASELINE_NO_ENTITY_RANKING,,,NOT_APPLICABLE_GLOBAL_BASELINE,HF9g-P5,,,,X 全窗基线 · 不参与实体赏罚,6876282,688,A168_HF9F_20260827_0900,2026-08-27 09:00:00
2026-04-07,145768496,789,0,105.4118440748,-105.4118440748,-105.4118440748,0E-7,1,1,0.49324550000000000,0.493245500000,-0.9865810262130424,-0.9865810262130424,-0.9865810262130424,0E-17,ELIGIBLE,R03b_20260811_FULL_v1,L1_ELIGIBILITY,v2026-08-11,2026-03-21..2026-08-06,baccarat_bet02_101_all_pairs_incl_sentinel,round_win = game_pnl > 0 (decisive only),COMPATIBILITY_ONLY_NOT_PRODUCTION,168.6590,168.6590,168.6590,2,2,-1.00000000,,-1.00000000,-1.00000000,-168.6590,168.6590,THIN_EXPOSURE,0.0000,6.7464,4.0000,96.0000,AG03-UNRESOLVED,ALL5_LEVELS_bet23_to_bet27,6.7464,6.7464,6.7464,6.7464,6.7464,4.000000,4.000000,4.000000,4.000000,4.000000,96.000000,96.000000,96.000000,96.000000,96.000000,5.0,33.7318,31.139,134.9272,137.5199,PENDING_AG03,FALSE,NOT_FOR_ENFORCEMENT,161.9126,161.9126,168.6590,161.9126,6.7464,1.00000000,0.96000000,6.7464,161.9126,0.96000000,6.7464,6.7464,6.7464,6.7464,6.7464,161.9126,0.96000000,33.7318,31.139,134.9272,137.5199,0.80000000,0.8153727,0.04000000,84.3295,84.3295,84.3295,84.3295,84.3295,84.3295,1.0000,,84.3295,63.2471,84.3295,105.4118,105.4118,105.4118,105.4118,84.3295,-84.3295,1.25,1.25,1.0,2,2,2,1,0E-8,1.00000000,,0E-8,0.000000,1.000000,0.000000,,2026-04-02,2026-04-07,2,2,2,6,0.333333,,,0.000000,,,,,,,,GLOBAL_BASELINE_NO_ENTITY_RANKING,,,NOT_APPLICABLE_GLOBAL_BASELINE,HF9g-P5,,,,X 全窗基线 · 不参与实体赏罚,6876283,688,A168_HF9F_20260827_0900,2026-08-27 09:00:00
2026-04-08,148390514,2117,0,168.6589505196,-168.6589505196,-168.6589505196,0E-7,2,2,0.50665070000000000,0.506650700000,-1.4331513700195317,-1.4331513700195317,-1.4331513700195317,0E-17,ELIGIBLE,R03b_20260811_FULL_v1,L1_ELIGIBILITY,v2026-08-11,2026-03-21..2026-08-06,baccarat_bet02_101_all_pairs_incl_sentinel,round_win = game_pnl > 0 (decisive only),COMPATIBILITY_ONLY_NOT_PRODUCTION,168.6590,168.6590,168.6590,2,2,-1.00000000,,-1.00000000,-1.00000000,-168.6590,168.6590,THIN_EXPOSURE,0.0000,6.7464,4.0000,96.0000,AG03-UNRESOLVED,ALL5_LEVELS_bet23_to_bet27,6.7464,6.7464,6.7464,10.1195,10.1195,4.000000,4.000000,4.000000,6.000000,6.000000,96.000000,96.000000,96.000000,94.000000,94.000000,5.0,40.4781,36.8094,128.1808,131.8496,PENDING_AG03,FALSE,NOT_FOR_ENFORCEMENT,161.9126,161.9126,168.6590,161.9126,6.7464,1.00000000,0.96000000,6.7464,161.9126,0.96000000,6.7464,6.7464,6.7464,10.1195,10.1195,161.9126,0.96000000,40.4781,36.8094,128.1808,131.8496,0.76000000,0.78175273,0.04000000,84.3295,84.3295,84.3295,168.6590,168.6590,168.6590,2.0000,,84.3295,84.3295,84.3295,84.3295,84.3295,84.3295,84.3295,84.3295,-84.3295,1.0,1.0,1.0,1,1,1,1,0E-8,1.00000000,,0E-8,0.000000,1.000000,0.000000,,2026-04-08,2026-04-08,1,1,1,1,1.000000,,,0.000000,,,,,,,,GLOBAL_BASELINE_NO_ENTITY_RANKING,,,NOT_APPLICABLE_GLOBAL_BASELINE,HF9g-P5,,,,X 全窗基线 · 不参与实体赏罚,6876284,688,A168_HF9F_20260827_0900,2026-08-27 09:00:00
2026-04-10,144923165,-1,1,168.6589505198,-168.6589505198,-168.6589505198,0E-7,6,2,0.28965571249975063,0.219558250000,-0.903070385561051,-0.7501008041873324,-0.903070385561051,0.07009746249975063,SENTINEL_DEALER,R03b_20260811_FULL_v1,L1_ELIGIBILITY,v2026-08-11,2026-03-21..2026-08-06,baccarat_bet02_101_all_pairs_incl_sentinel,round_win = game_pnl > 0 (decisive only),COMPATIBILITY_ONLY_NOT_PRODUCTION,168.6590,168.6590,168.6590,6,2,-1.00000000,,-1.00000000,-1.00000000,-168.6590,168.6590,THIN_EXPOSURE,0.0000,6.7464,4.0000,96.0000,AG03-UNRESOLVED,ALL5_LEVELS_bet23_to_bet27,6.7464,6.7464,6.7464,10.1195,10.1195,4.000000,4.000000,4.000000,6.000000,6.000000,96.000000,96.000000,96.000000,94.000000,94.000000,5.0,40.4781,36.8094,128.1808,131.8496,PENDING_AG03,FALSE,NOT_FOR_ENFORCEMENT,161.9126,161.9126,168.6590,161.9126,6.7464,1.00000000,0.96000000,6.7464,161.9126,0.96000000,6.7464,6.7464,6.7464,10.1195,10.1195,161.9126,0.96000000,40.4781,36.8094,128.1808,131.8496,0.76000000,0.78175273,0.04000000,28.1098,84.3295,84.3295,168.6590,168.6590,168.6590,2.0000,,28.1098,21.0824,21.0824,42.1647,42.1647,42.1647,42.1647,21.0824,-21.0824,2.0,2.0,1.333333,1,1,1,5,0E-8,1.00000000,,0E-8,0.000000,1.000000,0.000000,,2026-04-10,2026-04-10,1,1,1,1,1.000000,,,0.000000,,,,,,,,GLOBAL_BASELINE_NO_ENTITY_RANKING,,,NOT_APPLICABLE_GLOBAL_BASELINE,HF9g-P5,,,,X 全窗基线 · 不参与实体赏罚,6876285,688,A168_HF9F_20260827_0900,2026-08-27 09:00:00
2026-04-11,148434745,1205,0,168.6589505197,-168.6589505197,-168.6589505197,0E-7,1,1,0.49324550000000000,0.493245500000,-0.9865810262130424,-0.9865810262130424,-0.9865810262130424,0E-17,ELIGIBLE,R03b_20260811_FULL_v1,L1_ELIGIBILITY,v2026-08-11,2026-03-21..2026-08-06,baccarat_bet02_101_all_pairs_incl_sentinel,round_win = game_pnl > 0 (decisive only),COMPATIBILITY_ONLY_NOT_PRODUCTION,168.6590,168.6590,168.6590,1,1,-1.00000000,,-1.00000000,-1.00000000,-168.6590,168.6590,THIN_EXPOSURE,0.0000,6.7464,4.0000,96.0000,AG03-UNRESOLVED,ALL5_LEVELS_bet23_to_bet27,6.7464,6.7464,8.4329,10.1195,10.1195,4.000000,4.000000,5.000000,6.000000,6.000000,96.000000,96.000000,95.000000,94.000000,94.000000,5.0,42.1647,38.1828,126.4942,130.4762,PENDING_AG03,FALSE,NOT_FOR_ENFORCEMENT,161.9126,161.9126,168.6590,161.9126,6.7464,1.00000000,0.96000000,6.7464,161.9126,0.96000000,6.7464,6.7464,8.4329,10.1195,10.1195,161.9126,0.96000000,42.1647,38.1828,126.4942,130.4762,0.75000000,0.77360947,0.04000000,168.6590,168.6590,168.6590,168.6590,168.6590,168.6590,1.0000,,168.6590,168.659,168.659,168.659,168.659,168.659,168.659,168.659,-168.659,1.0,1.0,1.0,1,1,1,1,0E-8,1.00000000,,0E-8,0.000000,1.000000,0.000000,,2026-04-11,2026-04-11,1,1,1,1,1.000000,,,0.000000,,,,,,,,GLOBAL_BASELINE_NO_ENTITY_RANKING,,,NOT_APPLICABLE_GLOBAL_BASELINE,HF9g-P5,,,,X 全窗基线 · 不参与实体赏罚,6876286,688,A168_HF9F_20260827_0900,2026-08-27 09:00:00
2026-04-14,137023106,1385,0,168.6589505197,-168.6589505197,-168.6589505197,0E-7,2,2,0.50665070000000000,0.506650700000,-1.4331513700195317,-1.4331513700195317,-1.4331513700195317,0E-17,ELIGIBLE,R03b_20260811_FULL_v1,L1_ELIGIBILITY,v2026-08-11,2026-03-21..2026-08-06,baccarat_bet02_101_all_pairs_incl_sentinel,round_win = game_pnl > 0 (decisive only),COMPATIBILITY_ONLY_NOT_PRODUCTION,168.6590,168.6590,168.6590,2,2,-1.00000000,,-1.00000000,-1.00000000,-168.6590,168.6590,THIN_EXPOSURE,0.0000,6.7464,4.0000,96.0000,AG03-UNRESOLVED,ALL5_LEVELS_bet23_to_bet27,6.7464,6.7464,6.7464,6.7464,6.7464,4.000000,4.000000,4.000000,4.000000,4.000000,96.000000,96.000000,96.000000,96.000000,96.000000,5.0,33.7318,31.139,134.9272,137.5199,PENDING_AG03,FALSE,NOT_FOR_ENFORCEMENT,161.9126,161.9126,168.6590,161.9126,6.7464,1.00000000,0.96000000,6.7464,161.9126,0.96000000,6.7464,6.7464,6.7464,6.7464,6.7464,161.9126,0.96000000,33.7318,31.139,134.9272,137.5199,0.80000000,0.8153727,0.04000000,84.3295,84.3295,84.3295,168.6590,168.6590,168.6590,2.0000,,84.3295,63.2471,84.3295,105.4118,105.4118,105.4118,105.4118,84.3295,-84.3295,1.25,1.25,1.0,1,1,1,1,0E-8,1.00000000,,0E-8,0.000000,1.000000,0.000000,,2026-04-14,2026-04-14,1,1,1,1,1.000000,,,0.000000,,,,,,,,GLOBAL_BASELINE_NO_ENTITY_RANKING,,,NOT_APPLICABLE_GLOBAL_BASELINE,HF9g-P5,,,,X 全窗基线 · 不参与实体赏罚,6876287,688,A168_HF9F_20260827_0900,2026-08-27 09:00:00
2026-04-14,146995166,1325,0,21.0823688150,-21.0823688150,-21.0823688150,0E-7,1,1,0.49324550000000000,0.493245500000,-0.9865810262130424,-0.9865810262130424,-0.9865810262130424,0E-17,ELIGIBLE,R03b_20260811_FULL_v1,L1_ELIGIBILITY,v2026-08-11,2026-03-21..2026-08-06,baccarat_bet02_101_all_pairs_incl_sentinel,round_win = game_pnl > 0 (decisive only),COMPATIBILITY_ONLY_NOT_PRODUCTION,168.6590,168.6590,168.6590,3,3,-1.00000000,,-1.00000000,-1.00000000,-168.6590,168.6590,THIN_EXPOSURE,0.0000,6.7464,4.0000,96.0000,AG03-UNRESOLVED,ALL5_LEVELS_bet23_to_bet27,6.7464,6.7464,6.7464,0.0000,0.0000,4.000000,4.000000,4.000000,0.000000,0.000000,96.000000,96.000000,96.000000,100.000000,100.000000,5.0,20.2391,19.4403,148.4199,149.2186,PENDING_AG03,FALSE,NOT_FOR_ENFORCEMENT,161.9126,161.9126,168.6590,161.9126,6.7464,1.00000000,0.96000000,6.7464,161.9126,0.96000000,6.7464,6.7464,6.7464,0.0000,0.0000,161.9126,0.96000000,20.2391,19.4403,148.4199,149.2186,0.88000000,0.884736,0.04000000,56.2197,56.2197,56.2197,168.6590,84.3295,168.6590,3.0000,,56.2197,26.353,42.1647,89.6001,105.4118,105.4118,105.4118,42.1647,-42.1647,2.5,2.5,1.333333,2,3,1,1,0E-8,1.00000000,,0E-8,0.000000,1.000000,0.000000,,2026-04-14,2026-04-14,1,2,2,1,1.000000,,,0.000000,,,,,,,,GLOBAL_BASELINE_NO_ENTITY_RANKING,,,NOT_APPLICABLE_GLOBAL_BASELINE,HF9g-P5,,,,X 全窗基线 · 不参与实体赏罚,6876288,688,A168_HF9F_20260827_0900,2026-08-27 09:00:00
2026-04-14,146995166,1966,0,105.4118440748,-105.4118440748,-105.4118440748,0E-7,1,1,0.49324550000000000,0.493245500000,-0.9865810262130424,-0.9865810262130424,-0.9865810262130424,0E-17,ELIGIBLE,R03b_20260811_FULL_v1,L1_ELIGIBILITY,v2026-08-11,2026-03-21..2026-08-06,baccarat_bet02_101_all_pairs_incl_sentinel,round_win = game_pnl > 0 (decisive only),COMPATIBILITY_ONLY_NOT_PRODUCTION,168.6590,168.6590,168.6590,3,3,-1.00000000,,-1.00000000,-1.00000000,-168.6590,168.6590,THIN_EXPOSURE,0.0000,6.7464,4.0000,96.0000,AG03-UNRESOLVED,ALL5_LEVELS_bet23_to_bet27,6.7464,6.7464,6.7464,0.0000,0.0000,4.000000,4.000000,4.000000,0.000000,0.000000,96.000000,96.000000,96.000000,100.000000,100.000000,5.0,20.2391,19.4403,148.4199,149.2186,PENDING_AG03,FALSE,NOT_FOR_ENFORCEMENT,161.9126,161.9126,168.6590,161.9126,6.7464,1.00000000,0.96000000,6.7464,161.9126,0.96000000,6.7464,6.7464,6.7464,0.0000,0.0000,161.9126,0.96000000,20.2391,19.4403,148.4199,149.2186,0.88000000,0.884736,0.04000000,56.2197,56.2197,56.2197,168.6590,84.3295,168.6590,3.0000,,56.2197,26.353,42.1647,89.6001,105.4118,105.4118,105.4118,42.1647,-42.1647,2.5,2.5,1.333333,2,3,1,1,0E-8,1.00000000,,0E-8,0.000000,1.000000,0.000000,,2026-04-14,2026-04-14,1,2,2,1,1.000000,,,0.000000,,,,,,,,GLOBAL_BASELINE_NO_ENTITY_RANKING,,,NOT_APPLICABLE_GLOBAL_BASELINE,HF9g-P5,,,,X 全窗基线 · 不参与实体赏罚,6876289,688,A168_HF9F_20260827_0900,2026-08-27 09:00:00
2026-04-14,146995166,2233,0,42.1647376299,-42.1647376299,-42.1647376299,0E-7,1,1,0.49324550000000000,0.493245500000,-0.9865810262130424,-0.9865810262130424,-0.9865810262130424,0E-17,ELIGIBLE,R03b_20260811_FULL_v1,L1_ELIGIBILITY,v2026-08-11,2026-03-21..2026-08-06,baccarat_bet02_101_all_pairs_incl_sentinel,round_win = game_pnl > 0 (decisive only),COMPATIBILITY_ONLY_NOT_PRODUCTION,168.6590,168.6590,168.6590,3,3,-1.00000000,,-1.00000000,-1.00000000,-168.6590,168.6590,THIN_EXPOSURE,0.0000,6.7464,4.0000,96.0000,AG03-UNRESOLVED,ALL5_LEVELS_bet23_to_bet27,6.7464,6.7464,6.7464,0.0000,0.0000,4.000000,4.000000,4.000000,0.000000,0.000000,96.000000,96.000000,96.000000,100.000000,100.000000,5.0,20.2391,19.4403,148.4199,149.2186,PENDING_AG03,FALSE,NOT_FOR_ENFORCEMENT,161.9126,161.9126,168.6590,161.9126,6.7464,1.00000000,0.96000000,6.7464,161.9126,0.96000000,6.7464,6.7464,6.7464,0.0000,0.0000,161.9126,0.96000000,20.2391,19.4403,148.4199,149.2186,0.88000000,0.884736,0.04000000,56.2197,56.2197,56.2197,168.6590,84.3295,168.6590,3.0000,,56.2197,26.353,42.1647,89.6001,105.4118,105.4118,105.4118,42.1647,-42.1647,2.5,2.5,1.333333,2,3,1,1,0E-8,1.00000000,,0E-8,0.000000,1.000000,0.000000,,2026-04-14,2026-04-14,1,2,2,1,1.000000,,,0.000000,,,,,,,,GLOBAL_BASELINE_NO_ENTITY_RANKING,,,NOT_APPLICABLE_GLOBAL_BASELINE,HF9g-P5,,,,X 全窗基线 · 不参与实体赏罚,6876290,688,A168_HF9F_20260827_0900,2026-08-27 09:00:00
2026-04-17,148810456,1985,0,63.2471064449,-63.2471064449,-63.2471064449,0E-7,2,1,0.43797604999989142,0.300626750000,-0.8827704148091879,-0.655630731788307,-0.8827704148091879,0.13734929999989142,ELIGIBLE,R03b_20260811_FULL_v1,L1_ELIGIBILITY,v2026-08-11,2026-03-21..2026-08-06,baccarat_bet02_101_all_pairs_incl_sentinel,round_win = game_pnl > 0 (decisive only),COMPATIBILITY_ONLY_NOT_PRODUCTION,168.6590,168.6590,168.6590,4,2,-1.00000000,,-1.00000000,-1.00000000,-168.6590,168.6590,THIN_EXPOSURE,0.0000,6.7464,4.0000,96.0000,AG03-UNRESOLVED,ALL5_LEVELS_bet23_to_bet27,6.7464,6.7464,7.5897,7.5897,7.5897,4.000000,4.000000,4.500000,4.500000,4.500000,96.000000,96.000000,95.500000,95.500000,95.500000,5.0,36.2617,33.2766,132.3973,135.3823,PENDING_AG03,FALSE,NOT_FOR_ENFORCEMENT,161.9126,161.9126,168.6590,161.9126,6.7464,1.00000000,0.96000000,6.7464,161.9126,0.96000000,6.7464,6.7464,7.5897,7.5897,7.5897,161.9126,0.96000000,36.2617,33.2766,132.3973,135.3823,0.78500000,0.80269874,0.04000000,42.1647,84.3295,84.3295,168.6590,84.3295,168.6590,2.0000,,42.1647,15.8118,36.8941,68.5177,84.3295,84.3295,84.3295,36.8941,-36.8941,2.285714,2.285714,1.142857,2,2,1,2,0E-8,1.00000000,,0E-8,0.000000,1.000000,0.000000,,2026-04-17,2026-04-17,1,2,2,1,1.000000,,,0.000000,,,,,,,,GLOBAL_BASELINE_NO_ENTITY_RANKING,,,NOT_APPLICABLE_GLOBAL_BASELINE,HF9g-P5,,,,X 全窗基线 · 不参与实体赏罚,6876291,688,A168_HF9F_20260827_0900,2026-08-27 09:00:00
2026-04-17,148810456,986,0,105.4118440748,-105.4118440748,-105.4118440748,0E-7,2,1,0.42424111999984364,0.300626750000,-0.8583927835595816,-0.655630731788307,-0.8583927835595816,0.12361436999984364,ELIGIBLE,R03b_20260811_FULL_v1,L1_ELIGIBILITY,v2026-08-11,2026-03-21..2026-08-06,baccarat_bet02_101_all_pairs_incl_sentinel,round_win = game_pnl > 0 (decisive only),COMPATIBILITY_ONLY_NOT_PRODUCTION,168.6590,168.6590,168.6590,4,2,-1.00000000,,-1.00000000,-1.00000000,-168.6590,168.6590,THIN_EXPOSURE,0.0000,6.7464,4.0000,96.0000,AG03-UNRESOLVED,ALL5_LEVELS_bet23_to_bet27,6.7464,6.7464,7.5897,7.5897,7.5897,4.000000,4.000000,4.500000,4.500000,4.500000,96.000000,96.000000,95.500000,95.500000,95.500000,5.0,36.2617,33.2766,132.3973,135.3823,PENDING_AG03,FALSE,NOT_FOR_ENFORCEMENT,161.9126,161.9126,168.6590,161.9126,6.7464,1.00000000,0.96000000,6.7464,161.9126,0.96000000,6.7464,6.7464,7.5897,7.5897,7.5897,161.9126,0.96000000,36.2617,33.2766,132.3973,135.3823,0.78500000,0.80269874,0.04000000,42.1647,84.3295,84.3295,168.6590,84.3295,168.6590,2.0000,,42.1647,15.8118,36.8941,68.5177,84.3295,84.3295,84.3295,36.8941,-36.8941,2.285714,2.285714,1.142857,2,2,1,2,0E-8,1.00000000,,0E-8,0.000000,1.000000,0.000000,,2026-04-17,2026-04-17,1,2,2,1,1.000000,,,0.000000,,,,,,,,GLOBAL_BASELINE_NO_ENTITY_RANKING,,,NOT_APPLICABLE_GLOBAL_BASELINE,HF9g-P5,,,,X 全窗基线 · 不参与实体赏罚,6876292,688,A168_HF9F_20260827_0900,2026-08-27 09:00:00
2026-04-18,148820635,763,0,168.6589505197,-168.6589505197,-168.6589505197,0E-7,1,1,0.50665070000000000,0.506650700000,-1.013391052207602,-1.013391052207602,-1.013391052207602,0E-17,ELIGIBLE,R03b_20260811_FULL_v1,L1_ELIGIBILITY,v2026-08-11,2026-03-21..2026-08-06,baccarat_bet02_101_all_pairs_incl_sentinel,round_win = game_pnl > 0 (decisive only),COMPATIBILITY_ONLY_NOT_PRODUCTION,168.6590,168.6590,168.6590,1,1,-1.00000000,,-1.00000000,-1.00000000,-168.6590,168.6590,THIN_EXPOSURE,0.0000,6.7464,4.0000,96.0000,AG03-UNRESOLVED,ALL5_LEVELS_bet23_to_bet27,6.7464,6.7464,6.7464,10.1195,10.1195,4.000000,4.000000,4.000000,6.000000,6.000000,96.000000,96.000000,96.000000,94.000000,94.000000,5.0,40.4781,36.8094,128.1808,131.8496,PENDING_AG03,FALSE,NOT_FOR_ENFORCEMENT,161.9126,161.9126,168.6590,161.9126,6.7464,1.00000000,0.96000000,6.7464,161.9126,0.96000000,6.7464,6.7464,6.7464,10.1195,10.1195,161.9126,0.96000000,40.4781,36.8094,128.1808,131.8496,0.76000000,0.78175273,0.04000000,168.6590,168.6590,168.6590,168.6590,168.6590,168.6590,1.0000,,168.6590,168.659,168.659,168.659,168.659,168.659,168.659,168.659,-168.659,1.0,1.0,1.0,1,1,1,1,0E-8,1.00000000,,0E-8,0.000000,1.000000,0.000000,,2026-04-18,2026-04-18,1,1,1,1,1.000000,,,0.000000,,,,,,,,GLOBAL_BASELINE_NO_ENTITY_RANKING,,,NOT_APPLICABLE_GLOBAL_BASELINE,HF9g-P5,,,,X 全窗基线 · 不参与实体赏罚,6876293,688,A168_HF9F_20260827_0900,2026-08-27 09:00:00
2026-04-19,143773543,-1,1,105.4118440748,-105.4118440748,-105.4118440748,0E-7,2,2,0.49324550000000000,0.493245500000,-1.3952362676504506,-1.3952362676504506,-1.3952362676504506,0E-17,SENTINEL_DEALER,R03b_20260811_FULL_v1,L1_ELIGIBILITY,v2026-08-11,2026-03-21..2026-08-06,baccarat_bet02_101_all_pairs_incl_sentinel,round_win = game_pnl > 0 (decisive only),COMPATIBILITY_ONLY_NOT_PRODUCTION,168.6590,168.6590,168.6590,5,5,-1.00000000,,-1.00000000,-1.00000000,-168.6590,168.6590,THIN_EXPOSURE,0.0000,6.7464,4.0000,96.0000,AG03-UNRESOLVED,ALL5_LEVELS_bet23_to_bet27,6.7464,6.7464,6.7464,6.7464,6.7464,4.000000,4.000000,4.000000,4.000000,4.000000,96.000000,96.000000,96.000000,96.000000,96.000000,5.0,33.7318,31.139,134.9272,137.5199,PENDING_AG03,FALSE,NOT_FOR_ENFORCEMENT,161.9126,161.9126,168.6590,161.9126,6.7464,1.00000000,0.96000000,6.7464,161.9126,0.96000000,6.7464,6.7464,6.7464,6.7464,6.7464,161.9126,0.96000000,33.7318,31.139,134.9272,137.5199,0.80000000,0.8153727,0.04000000,33.7318,33.7318,33.7318,84.3295,84.3295,84.3295,2.5000,,33.7318,21.0824,21.0824,52.7059,52.7059,52.7059,52.7059,21.0824,-21.0824,2.5,2.5,1.6,2,2,1,2,0E-8,1.00000000,,0E-8,0.000000,1.000000,0.000000,,2026-04-19,2026-04-27,2,2,2,9,0.222222,,,0.000000,,,,,,,,GLOBAL_BASELINE_NO_ENTITY_RANKING,,,NOT_APPLICABLE_GLOBAL_BASELINE,HF9g-P5,,,,X 全窗基线 · 不参与实体赏罚,6876294,688,A168_HF9F_20260827_0900,2026-08-27 09:00:00
2026-04-19,148891493,2196,0,168.6589505197,-168.6589505197,-168.6589505197,0E-7,3,3,0.49771390000000000,0.497713900000,-1.724149546644903,-1.724149546644903,-1.724149546644903,0E-17,ELIGIBLE,R03b_20260811_FULL_v1,L1_ELIGIBILITY,v2026-08-11,2026-03-21..2026-08-06,baccarat_bet02_101_all_pairs_incl_sentinel,round_win = game_pnl > 0 (decisive only),COMPATIBILITY_ONLY_NOT_PRODUCTION,168.6590,168.6590,168.6590,3,3,-1.00000000,,-1.00000000,-1.00000000,-168.6590,168.6590,THIN_EXPOSURE,0.0000,6.7464,4.0000,96.0000,AG03-UNRESOLVED,ALL5_LEVELS_bet23_to_bet27,6.7464,6.7464,7.5897,7.5897,7.5897,4.000000,4.000000,4.500000,4.500000,4.500000,96.000000,96.000000,95.500000,95.500000,95.500000,5.0,36.2617,33.2766,132.3973,135.3823,PENDING_AG03,FALSE,NOT_FOR_ENFORCEMENT,161.9126,161.9126,168.6590,161.9126,6.7464,1.00000000,0.96000000,6.7464,161.9126,0.96000000,6.7464,6.7464,7.5897,7.5897,7.5897,161.9126,0.96000000,36.2617,33.2766,132.3973,135.3823,0.78500000,0.80269874,0.04000000,56.2197,56.2197,56.2197,168.6590,168.6590,168.6590,3.0000,,56.2197,47.4353,63.2471,63.2471,63.2471,63.2471,63.2471,63.2471,-63.2471,1.0,1.0,0.888889,1,1,1,2,0E-8,1.00000000,,0E-8,0.000000,1.000000,0.000000,,2026-04-19,2026-04-19,1,1,1,1,1.000000,,,0.000000,,,,,,,,GLOBAL_BASELINE_NO_ENTITY_RANKING,,,NOT_APPLICABLE_GLOBAL_BASELINE,HF9g-P5,,,,X 全窗基线 · 不参与实体赏罚,6876295,688,A168_HF9F_20260827_0900,2026-08-27 09:00:00
2026-04-20,148905209,2256,0,168.6589505197,-168.6589505197,-168.6589505197,0E-7,1,1,0.49324550000000000,0.493245500000,-0.9865810262130424,-0.9865810262130424,-0.9865810262130424,0E-17,ELIGIBLE,R03b_20260811_FULL_v1,L1_ELIGIBILITY,v2026-08-11,2026-03-21..2026-08-06,baccarat_bet02_101_all_pairs_incl_sentinel,round_win = game_pnl > 0 (decisive only),COMPATIBILITY_ONLY_NOT_PRODUCTION,168.6590,168.6590,168.6590,1,1,-1.00000000,,-1.00000000,-1.00000000,-168.6590,168.6590,THIN_EXPOSURE,0.0000,6.7464,4.0000,96.0000,AG03-UNRESOLVED,ALL5_LEVELS_bet23_to_bet27,6.7464,6.7464,6.7464,6.7464,6.7464,4.000000,4.000000,4.000000,4.000000,4.000000,96.000000,96.000000,96.000000,96.000000,96.000000,5.0,33.7318,31.139,134.9272,137.5199,PENDING_AG03,FALSE,NOT_FOR_ENFORCEMENT,161.9126,161.9126,168.6590,161.9126,6.7464,1.00000000,0.96000000,6.7464,161.9126,0.96000000,6.7464,6.7464,6.7464,6.7464,6.7464,161.9126,0.96000000,33.7318,31.139,134.9272,137.5199,0.80000000,0.8153727,0.04000000,168.6590,168.6590,168.6590,168.6590,168.6590,168.6590,1.0000,,168.6590,168.659,168.659,168.659,168.659,168.659,168.659,168.659,-168.659,1.0,1.0,1.0,1,1,1,1,0E-8,1.00000000,,0E-8,0.000000,1.000000,1.000000,,2026-04-20,2026-04-20,1,1,1,1,1.000000,,,0.000000,,,,,,,,GLOBAL_BASELINE_NO_ENTITY_RANKING,,,NOT_APPLICABLE_GLOBAL_BASELINE,HF9g-P5,,,,X 全窗基线 · 不参与实体赏罚,6876296,688,A168_HF9F_20260827_0900,2026-08-27 09:00:00
2026-04-20,148913638,1331,0,168.6589505197,-168.6589505197,-168.6589505197,0E-7,2,2,0.49324550000000000,0.493245500000,-1.3952362676504506,-1.3952362676504506,-1.3952362676504506,0E-17,ELIGIBLE,R03b_20260811_FULL_v1,L1_ELIGIBILITY,v2026-08-11,2026-03-21..2026-08-06,baccarat_bet02_101_all_pairs_incl_sentinel,round_win = game_pnl > 0 (decisive only),COMPATIBILITY_ONLY_NOT_PRODUCTION,168.6590,168.6590,168.6590,2,2,-1.00000000,,-1.00000000,-1.00000000,-168.6590,168.6590,THIN_EXPOSURE,0.0000,6.7464,4.0000,96.0000,AG03-UNRESOLVED,ALL5_LEVELS_bet23_to_bet27,6.7464,6.7464,6.7464,6.7464,6.7464,4.000000,4.000000,4.000000,4.000000,4.000000,96.000000,96.000000,96.000000,96.000000,96.000000,5.0,33.7318,31.139,134.9272,137.5199,PENDING_AG03,FALSE,NOT_FOR_ENFORCEMENT,161.9126,161.9126,168.6590,161.9126,6.7464,1.00000000,0.96000000,6.7464,161.9126,0.96000000,6.7464,6.7464,6.7464,6.7464,6.7464,161.9126,0.96000000,33.7318,31.139,134.9272,137.5199,0.80000000,0.8153727,0.04000000,84.3295,84.3295,84.3295,168.6590,168.6590,168.6590,2.0000,,84.3295,63.2471,84.3295,105.4118,105.4118,105.4118,105.4118,84.3295,-84.3295,1.25,1.25,1.0,1,1,1,1,0E-8,1.00000000,,0E-8,0.000000,1.000000,0.000000,,2026-04-20,2026-04-20,1,1,1,1,1.000000,,,0.000000,,,,,,,,GLOBAL_BASELINE_NO_ENTITY_RANKING,,,NOT_APPLICABLE_GLOBAL_BASELINE,HF9g-P5,,,,X 全窗基线 · 不参与实体赏罚,6876297,688,A168_HF9F_20260827_0900,2026-08-27 09:00:00
2026-04-27,143773543,1994,0,63.2471064450,-63.2471064450,-63.2471064450,0E-7,3,3,0.49771390000000000,0.497713900000,-1.724149546644903,-1.724149546644903,-1.724149546644903,0E-17,ELIGIBLE,R03b_20260811_FULL_v1,L1_ELIGIBILITY,v2026-08-11,2026-03-21..2026-08-06,baccarat_bet02_101_all_pairs_incl_sentinel,round_win = game_pnl > 0 (decisive only),COMPATIBILITY_ONLY_NOT_PRODUCTION,168.6590,168.6590,168.6590,5,5,-1.00000000,,-1.00000000,-1.00000000,-168.6590,168.6590,THIN_EXPOSURE,0.0000,6.7464,4.0000,96.0000,AG03-UNRESOLVED,ALL5_LEVELS_bet23_to_bet27,6.7464,6.7464,6.7464,6.7464,6.7464,4.000000,4.000000,4.000000,4.000000,4.000000,96.000000,96.000000,96.000000,96.000000,96.000000,5.0,33.7318,31.139,134.9272,137.5199,PENDING_AG03,FALSE,NOT_FOR_ENFORCEMENT,161.9126,161.9126,168.6590,161.9126,6.7464,1.00000000,0.96000000,6.7464,161.9126,0.96000000,6.7464,6.7464,6.7464,6.7464,6.7464,161.9126,0.96000000,33.7318,31.139,134.9272,137.5199,0.80000000,0.8153727,0.04000000,33.7318,33.7318,33.7318,84.3295,84.3295,84.3295,2.5000,,33.7318,21.0824,21.0824,52.7059,52.7059,52.7059,52.7059,21.0824,-21.0824,2.5,2.5,1.6,2,2,1,2,0E-8,1.00000000,,0E-8,0.000000,1.000000,0.000000,,2026-04-19,2026-04-27,2,2,2,9,0.222222,,,0.000000,,,,,,,,GLOBAL_BASELINE_NO_ENTITY_RANKING,,,NOT_APPLICABLE_GLOBAL_BASELINE,HF9g-P5,,,,X 全窗基线 · 不参与实体赏罚,6876298,688,A168_HF9F_20260827_0900,2026-08-27 09:00:00
2026-04-28,149010608,1302,0,168.6589505197,-168.6589505197,-168.6589505197,0E-7,1,1,0.50665070000000000,0.506650700000,-1.013391052207602,-1.013391052207602,-1.013391052207602,0E-17,ELIGIBLE,R03b_20260811_FULL_v1,L1_ELIGIBILITY,v2026-08-11,2026-03-21..2026-08-06,baccarat_bet02_101_all_pairs_incl_sentinel,round_win = game_pnl > 0 (decisive only),COMPATIBILITY_ONLY_NOT_PRODUCTION,168.6590,168.6590,168.6590,1,1,-1.00000000,,-1.00000000,-1.00000000,-168.6590,168.6590,THIN_EXPOSURE,0.0000,6.7464,4.0000,96.0000,AG03-UNRESOLVED,ALL5_LEVELS_bet23_to_bet27,6.7464,6.7464,8.4329,8.4329,8.4329,4.000000,4.000000,5.000000,5.000000,5.000000,96.000000,96.000000,95.000000,95.000000,95.000000,5.0,38.7916,35.3919,129.8674,133.267,PENDING_AG03,FALSE,NOT_FOR_ENFORCEMENT,161.9126,161.9126,168.6590,161.9126,6.7464,1.00000000,0.96000000,6.7464,161.9126,0.96000000,6.7464,6.7464,8.4329,8.4329,8.4329,161.9126,0.96000000,38.7916,35.3919,129.8674,133.267,0.77000000,0.7901568,0.04000000,168.6590,168.6590,168.6590,168.6590,168.6590,168.6590,1.0000,,168.6590,168.659,168.659,168.659,168.659,168.659,168.659,168.659,-168.659,1.0,1.0,1.0,1,1,1,1,0E-8,1.00000000,,0E-8,0.000000,1.000000,0.000000,,2026-04-28,2026-04-28,1,1,1,1,1.000000,,,0.000000,,,,,,,,GLOBAL_BASELINE_NO_ENTITY_RANKING,,,NOT_APPLICABLE_GLOBAL_BASELINE,HF9g-P5,,,,X 全窗基线 · 不参与实体赏罚,6876299,688,A168_HF9F_20260827_0900,2026-08-27 09:00:00
2026-04-28,149274483,-1,1,63.2471064449,-63.2471064449,-63.2471064449,0E-7,1,1,0.49324550000000000,0.493245500000,-0.9865810262130424,-0.9865810262130424,-0.9865810262130424,0E-17,SENTINEL_DEALER,R03b_20260811_FULL_v1,L1_ELIGIBILITY,v2026-08-11,2026-03-21..2026-08-06,baccarat_bet02_101_all_pairs_incl_sentinel,round_win = game_pnl > 0 (decisive only),COMPATIBILITY_ONLY_NOT_PRODUCTION,168.6590,168.6590,168.6590,2,2,-1.00000000,,-1.00000000,-1.00000000,-168.6590,168.6590,THIN_EXPOSURE,0.0000,6.7464,4.0000,96.0000,AG03-UNRESOLVED,ALL5_LEVELS_bet23_to_bet27,6.7464,6.7464,6.7464,10.1195,10.1195,4.000000,4.000000,4.000000,6.000000,6.000000,96.000000,96.000000,96.000000,94.000000,94.000000,5.0,40.4781,36.8094,128.1808,131.8496,PENDING_AG03,FALSE,NOT_FOR_ENFORCEMENT,161.9126,161.9126,168.6590,161.9126,6.7464,1.00000000,0.96000000,6.7464,161.9126,0.96000000,6.7464,6.7464,6.7464,10.1195,10.1195,161.9126,0.96000000,40.4781,36.8094,128.1808,131.8496,0.76000000,0.78175273,0.04000000,84.3295,84.3295,84.3295,168.6590,84.3295,168.6590,2.0000,,84.3295,63.2471,84.3295,105.4118,105.4118,105.4118,105.4118,84.3295,-84.3295,1.25,1.25,1.0,2,2,1,1,0E-8,1.00000000,,0E-8,0.000000,1.000000,0.000000,,2026-04-28,2026-04-28,1,2,2,1,1.000000,,,0.000000,,,,,,,,GLOBAL_BASELINE_NO_ENTITY_RANKING,,,NOT_APPLICABLE_GLOBAL_BASELINE,HF9g-P5,,,,X 全窗基线 · 不参与实体赏罚,6876300,688,A168_HF9F_20260827_0900,2026-08-27 09:00:00
2026-04-28,149274483,2103,0,105.4118440748,-105.4118440748,-105.4118440748,0E-7,1,1,0.49324550000000000,0.493245500000,-0.9865810262130424,-0.9865810262130424,-0.9865810262130424,0E-17,ELIGIBLE,R03b_20260811_FULL_v1,L1_ELIGIBILITY,v2026-08-11,2026-03-21..2026-08-06,baccarat_bet02_101_all_pairs_incl_sentinel,round_win = game_pnl > 0 (decisive only),COMPATIBILITY_ONLY_NOT_PRODUCTION,168.6590,168.6590,168.6590,2,2,-1.00000000,,-1.00000000,-1.00000000,-168.6590,168.6590,THIN_EXPOSURE,0.0000,6.7464,4.0000,96.0000,AG03-UNRESOLVED,ALL5_LEVELS_bet23_to_bet27,6.7464,6.7464,6.7464,10.1195,10.1195,4.000000,4.000000,4.000000,6.000000,6.000000,96.000000,96.000000,96.000000,94.000000,94.000000,5.0,40.4781,36.8094,128.1808,131.8496,PENDING_AG03,FALSE,NOT_FOR_ENFORCEMENT,161.9126,161.9126,168.6590,161.9126,6.7464,1.00000000,0.96000000,6.7464,161.9126,0.96000000,6.7464,6.7464,6.7464,10.1195,10.1195,161.9126,0.96000000,40.4781,36.8094,128.1808,131.8496,0.76000000,0.78175273,0.04000000,84.3295,84.3295,84.3295,168.6590,84.3295,168.6590,2.0000,,84.3295,63.2471,84.3295,105.4118,105.4118,105.4118,105.4118,84.3295,-84.3295,1.25,1.25,1.0,2,2,1,1,0E-8,1.00000000,,0E-8,0.000000,1.000000,0.000000,,2026-04-28,2026-04-28,1,2,2,1,1.000000,,,0.000000,,,,,,,,GLOBAL_BASELINE_NO_ENTITY_RANKING,,,NOT_APPLICABLE_GLOBAL_BASELINE,HF9g-P5,,,,X 全窗基线 · 不参与实体赏罚,6876301,688,A168_HF9F_20260827_0900,2026-08-27 09:00:00
2026-04-29,148715690,1307,0,168.6589505197,-168.6589505197,-168.6589505197,0E-7,1,1,0.50665070000000000,0.506650700000,-1.013391052207602,-1.013391052207602,-1.013391052207602,0E-17,ELIGIBLE,R03b_20260811_FULL_v1,L1_ELIGIBILITY,v2026-08-11,2026-03-21..2026-08-06,baccarat_bet02_101_all_pairs_incl_sentinel,round_win = game_pnl > 0 (decisive only),COMPATIBILITY_ONLY_NOT_PRODUCTION,168.6590,168.6590,168.6590,1,1,-1.00000000,,-1.00000000,-1.00000000,-168.6590,168.6590,THIN_EXPOSURE,0.0000,6.7464,4.0000,96.0000,AG03-UNRESOLVED,ALL5_LEVELS_bet23_to_bet27,6.7464,6.7464,6.7464,10.1195,10.1195,4.000000,4.000000,4.000000,6.000000,6.000000,96.000000,96.000000,96.000000,94.000000,94.000000,5.0,40.4781,36.8094,128.1808,131.8496,PENDING_AG03,FALSE,NOT_FOR_ENFORCEMENT,161.9126,161.9126,168.6590,161.9126,6.7464,1.00000000,0.96000000,6.7464,161.9126,0.96000000,6.7464,6.7464,6.7464,10.1195,10.1195,161.9126,0.96000000,40.4781,36.8094,128.1808,131.8496,0.76000000,0.78175273,0.04000000,168.6590,168.6590,168.6590,168.6590,168.6590,168.6590,1.0000,,168.6590,168.659,168.659,168.659,168.659,168.659,168.659,168.659,-168.659,1.0,1.0,1.0,1,1,1,1,0E-8,1.00000000,,0E-8,0.000000,1.000000,1.000000,,2026-04-29,2026-04-29,1,1,1,1,1.000000,,,0.000000,,,,,,,,GLOBAL_BASELINE_NO_ENTITY_RANKING,,,NOT_APPLICABLE_GLOBAL_BASELINE,HF9g-P5,,,,X 全窗基线 · 不参与实体赏罚,6876302,688,A168_HF9F_20260827_0900,2026-08-27 09:00:00
2026-04-30,149351805,1318,0,168.6589505197,-168.6589505197,-168.6589505197,0E-7,1,1,0.49324550000000000,0.493245500000,-0.9865810262130424,-0.9865810262130424,-0.9865810262130424,0E-17,ELIGIBLE,R03b_20260811_FULL_v1,L1_ELIGIBILITY,v2026-08-11,2026-03-21..2026-08-06,baccarat_bet02_101_all_pairs_incl_sentinel,round_win = game_pnl > 0 (decisive only),COMPATIBILITY_ONLY_NOT_PRODUCTION,168.6590,168.6590,168.6590,1,1,-1.00000000,,-1.00000000,-1.00000000,-168.6590,168.6590,THIN_EXPOSURE,0.0000,6.7464,4.0000,96.0000,AG03-UNRESOLVED,ALL5_LEVELS_bet23_to_bet27,6.7464,6.7464,6.7464,10.1195,10.1195,4.000000,4.000000,4.000000,6.000000,6.000000,96.000000,96.000000,96.000000,94.000000,94.000000,5.0,40.4781,36.8094,128.1808,131.8496,PENDING_AG03,FALSE,NOT_FOR_ENFORCEMENT,161.9126,161.9126,168.6590,161.9126,6.7464,1.00000000,0.96000000,6.7464,161.9126,0.96000000,6.7464,6.7464,6.7464,10.1195,10.1195,161.9126,0.96000000,40.4781,36.8094,128.1808,131.8496,0.76000000,0.78175273,0.04000000,168.6590,168.6590,168.6590,168.6590,168.6590,168.6590,1.0000,,168.6590,168.659,168.659,168.659,168.659,168.659,168.659,168.659,-168.659,1.0,1.0,1.0,1,1,1,1,0E-8,1.00000000,,0E-8,0.000000,1.000000,0.000000,,2026-04-30,2026-04-30,1,1,1,1,1.000000,,,0.000000,,,,,,,,GLOBAL_BASELINE_NO_ENTITY_RANKING,,,NOT_APPLICABLE_GLOBAL_BASELINE,HF9g-P5,,,,X 全窗基线 · 不参与实体赏罚,6876303,688,A168_HF9F_20260827_0900,2026-08-27 09:00:00
2026-04-30,7532524,-1,1,42.1647376299,-42.1647376299,-42.1647376299,0E-7,1,1,0.49324550000000000,0.493245500000,-0.9865810262130424,-0.9865810262130424,-0.9865810262130424,0E-17,SENTINEL_DEALER,R03b_20260811_FULL_v1,L1_ELIGIBILITY,v2026-08-11,2026-03-21..2026-08-06,baccarat_bet02_101_all_pairs_incl_sentinel,round_win = game_pnl > 0 (decisive only),COMPATIBILITY_ONLY_NOT_PRODUCTION,168.6590,168.6590,168.6590,4,4,-1.00000000,,-1.00000000,-1.00000000,-168.6590,168.6590,THIN_EXPOSURE,0.0000,6.7464,4.0000,96.0000,AG03-UNRESOLVED,ALL5_LEVELS_bet23_to_bet27,6.7464,6.7464,6.7464,8.4329,13.4927,4.000000,4.000000,4.000000,5.000000,8.000000,96.000000,96.000000,96.000000,95.000000,92.000000,5.0,42.1647,38.2419,126.4942,130.4171,PENDING_AG03,FALSE,NOT_FOR_ENFORCEMENT,161.9126,161.9126,168.6590,161.9126,6.7464,1.00000000,0.96000000,6.7464,161.9126,0.96000000,6.7464,6.7464,6.7464,8.4329,13.4927,161.9126,0.96000000,42.1647,38.2419,126.4942,130.4171,0.75000000,0.77325926,0.04000000,42.1647,42.1647,42.1647,168.6590,42.1647,168.6590,4.0000,,42.1647,42.1647,42.1647,42.1647,42.1647,42.1647,42.1647,42.1647,-42.1647,1.0,1.0,1.0,4,4,2,2,0E-8,1.00000000,,0E-8,0.000000,1.000000,0.000000,,2026-04-30,2026-04-30,1,4,4,1,1.000000,,,0.000000,,,,,,,,GLOBAL_BASELINE_NO_ENTITY_RANKING,,,NOT_APPLICABLE_GLOBAL_BASELINE,HF9g-P5,,,,X 全窗基线 · 不参与实体赏罚,6876304,688,A168_HF9F_20260827_0900,2026-08-27 09:00:00
2026-04-30,7532524,1302,0,42.1647376299,-42.1647376299,-42.1647376299,0E-7,1,1,0.49324550000000000,0.493245500000,-0.9865810262130424,-0.9865810262130424,-0.9865810262130424,0E-17,ELIGIBLE,R03b_20260811_FULL_v1,L1_ELIGIBILITY,v2026-08-11,2026-03-21..2026-08-06,baccarat_bet02_101_all_pairs_incl_sentinel,round_win = game_pnl > 0 (decisive only),COMPATIBILITY_ONLY_NOT_PRODUCTION,168.6590,168.6590,168.6590,4,4,-1.00000000,,-1.00000000,-1.00000000,-168.6590,168.6590,THIN_EXPOSURE,0.0000,6.7464,4.0000,96.0000,AG03-UNRESOLVED,ALL5_LEVELS_bet23_to_bet27,6.7464,6.7464,6.7464,8.4329,13.4927,4.000000,4.000000,4.000000,5.000000,8.000000,96.000000,96.000000,96.000000,95.000000,92.000000,5.0,42.1647,38.2419,126.4942,130.4171,PENDING_AG03,FALSE,NOT_FOR_ENFORCEMENT,161.9126,161.9126,168.6590,161.9126,6.7464,1.00000000,0.96000000,6.7464,161.9126,0.96000000,6.7464,6.7464,6.7464,8.4329,13.4927,161.9126,0.96000000,42.1647,38.2419,126.4942,130.4171,0.75000000,0.77325926,0.04000000,42.1647,42.1647,42.1647,168.6590,42.1647,168.6590,4.0000,,42.1647,42.1647,42.1647,42.1647,42.1647,42.1647,42.1647,42.1647,-42.1647,1.0,1.0,1.0,4,4,2,2,0E-8,1.00000000,,0E-8,0.000000,1.000000,0.000000,,2026-04-30,2026-04-30,1,4,4,1,1.000000,,,0.000000,,,,,,,,GLOBAL_BASELINE_NO_ENTITY_RANKING,,,NOT_APPLICABLE_GLOBAL_BASELINE,HF9g-P5,,,,X 全窗基线 · 不参与实体赏罚,6876305,688,A168_HF9F_20260827_0900,2026-08-27 09:00:00
2026-04-30,7532524,1505,0,42.1647376299,-42.1647376299,-42.1647376299,0E-7,1,1,0.50665070000000000,0.506650700000,-1.013391052207602,-1.013391052207602,-1.013391052207602,0E-17,ELIGIBLE,R03b_20260811_FULL_v1,L1_ELIGIBILITY,v2026-08-11,2026-03-21..2026-08-06,baccarat_bet02_101_all_pairs_incl_sentinel,round_win = game_pnl > 0 (decisive only),COMPATIBILITY_ONLY_NOT_PRODUCTION,168.6590,168.6590,168.6590,4,4,-1.00000000,,-1.00000000,-1.00000000,-168.6590,168.6590,THIN_EXPOSURE,0.0000,6.7464,4.0000,96.0000,AG03-UNRESOLVED,ALL5_LEVELS_bet23_to_bet27,6.7464,6.7464,6.7464,8.4329,13.4927,4.000000,4.000000,4.000000,5.000000,8.000000,96.000000,96.000000,96.000000,95.000000,92.000000,5.0,42.1647,38.2419,126.4942,130.4171,PENDING_AG03,FALSE,NOT_FOR_ENFORCEMENT,161.9126,161.9126,168.6590,161.9126,6.7464,1.00000000,0.96000000,6.7464,161.9126,0.96000000,6.7464,6.7464,6.7464,8.4329,13.4927,161.9126,0.96000000,42.1647,38.2419,126.4942,130.4171,0.75000000,0.77325926,0.04000000,42.1647,42.1647,42.1647,168.6590,42.1647,168.6590,4.0000,,42.1647,42.1647,42.1647,42.1647,42.1647,42.1647,42.1647,42.1647,-42.1647,1.0,1.0,1.0,4,4,2,2,0E-8,1.00000000,,0E-8,0.000000,1.000000,0.000000,,2026-04-30,2026-04-30,1,4,4,1,1.000000,,,0.000000,,,,,,,,GLOBAL_BASELINE_NO_ENTITY_RANKING,,,NOT_APPLICABLE_GLOBAL_BASELINE,HF9g-P5,,,,X 全窗基线 · 不参与实体赏罚,6876306,688,A168_HF9F_20260827_0900,2026-08-27 09:00:00
2026-04-30,7532524,2201,0,42.1647376299,-42.1647376299,-42.1647376299,0E-7,1,1,0.50665070000000000,0.506650700000,-1.013391052207602,-1.013391052207602,-1.013391052207602,0E-17,ELIGIBLE,R03b_20260811_FULL_v1,L1_ELIGIBILITY,v2026-08-11,2026-03-21..2026-08-06,baccarat_bet02_101_all_pairs_incl_sentinel,round_win = game_pnl > 0 (decisive only),COMPATIBILITY_ONLY_NOT_PRODUCTION,168.6590,168.6590,168.6590,4,4,-1.00000000,,-1.00000000,-1.00000000,-168.6590,168.6590,THIN_EXPOSURE,0.0000,6.7464,4.0000,96.0000,AG03-UNRESOLVED,ALL5_LEVELS_bet23_to_bet27,6.7464,6.7464,6.7464,8.4329,13.4927,4.000000,4.000000,4.000000,5.000000,8.000000,96.000000,96.000000,96.000000,95.000000,92.000000,5.0,42.1647,38.2419,126.4942,130.4171,PENDING_AG03,FALSE,NOT_FOR_ENFORCEMENT,161.9126,161.9126,168.6590,161.9126,6.7464,1.00000000,0.96000000,6.7464,161.9126,0.96000000,6.7464,6.7464,6.7464,8.4329,13.4927,161.9126,0.96000000,42.1647,38.2419,126.4942,130.4171,0.75000000,0.77325926,0.04000000,42.1647,42.1647,42.1647,168.6590,42.1647,168.6590,4.0000,,42.1647,42.1647,42.1647,42.1647,42.1647,42.1647,42.1647,42.1647,-42.1647,1.0,1.0,1.0,4,4,2,2,0E-8,1.00000000,,0E-8,0.000000,1.000000,0.000000,,2026-04-30,2026-04-30,1,4,4,1,1.000000,,,0.000000,,,,,,,,GLOBAL_BASELINE_NO_ENTITY_RANKING,,,NOT_APPLICABLE_GLOBAL_BASELINE,HF9g-P5,,,,X 全窗基线 · 不参与实体赏罚,6876307,688,A168_HF9F_20260827_0900,2026-08-27 09:00:00
2026-04-08,144447460,-1,1,170.2707304614,0E-10,0E-10,,1,1,0.49324550000000000,0.493245500000,,,,0E-17,SENTINEL_DEALER,R03b_20260811_FULL_v1,L1_ELIGIBILITY,v2026-08-11,2026-03-21..2026-08-06,baccarat_bet02_101_all_pairs_incl_sentinel,round_win = game_pnl > 0 (decisive only),COMPATIBILITY_ONLY_NOT_PRODUCTION,1511.6609,1129.5039,168.6604,26,26,-0.11157293,,-0.11157293,-0.11157293,-168.6604,1511.6609,THIN_EXPOSURE,0.0000,6.7464,4.0000,96.0000,AG03-UNRESOLVED,ALL5_LEVELS_bet23_to_bet27,6.7464,6.7464,6.7464,6.7464,6.7464,4.000000,4.000000,4.000000,4.000000,4.000000,96.000000,96.000000,96.000000,96.000000,96.000000,5.0,33.7321,31.1393,134.9283,137.5211,PENDING_AG03,FALSE,NOT_FOR_ENFORCEMENT,161.9140,1084.3237,168.6604,161.9140,6.7464,0.11157293,0.10711001,6.7464,161.9140,0.10711001,6.7464,6.7464,6.7464,6.7464,6.7464,161.9140,0.10711001,33.7321,31.1393,134.9283,137.5211,0.08925834,0.09097352,0.00446292,58.1408,43.4425,6.4869,33.7321,8.8769,302.3322,5.2000,,58.1408,12.0586,25.8398,93.7287,172.0658,189.8363,191.2145,21.2838,0.0,7.346666,7.4,2.250049,13,17,6,3,0E-8,0.11157293,,0E-8,0.000000,0.747194,0.000000,,2026-04-08,2026-06-01,5,19,19,55,0.090909,,,0.000000,,,,,,,,GLOBAL_BASELINE_NO_ENTITY_RANKING,,,NOT_APPLICABLE_GLOBAL_BASELINE,HF9g-P5,,,,X 全窗基线 · 不参与实体赏罚,6876308,688,A168_HF9F_20260827_0900,2026-08-27 09:00:00
2026-04-08,144447460,1325,0,18.7297803508,18.7297803508,18.7297803508,1.0000000,1,1,0.49324550000000000,0.493245500000,1.01360149184955,1.01360149184955,1.01360149184955,0E-17,ELIGIBLE,R03b_20260811_FULL_v1,L1_ELIGIBILITY,v2026-08-11,2026-03-21..2026-08-06,baccarat_bet02_101_all_pairs_incl_sentinel,round_win = game_pnl > 0 (decisive only),COMPATIBILITY_ONLY_NOT_PRODUCTION,1511.6609,1129.5039,168.6604,26,26,-0.11157293,,-0.11157293,-0.11157293,-168.6604,1511.6609,THIN_EXPOSURE,0.0000,6.7464,4.0000,96.0000,AG03-UNRESOLVED,ALL5_LEVELS_bet23_to_bet27,6.7464,6.7464,6.7464,6.7464,6.7464,4.000000,4.000000,4.000000,4.000000,4.000000,96.000000,96.000000,96.000000,96.000000,96.000000,5.0,33.7321,31.1393,134.9283,137.5211,PENDING_AG03,FALSE,NOT_FOR_ENFORCEMENT,161.9140,1084.3237,168.6604,161.9140,6.7464,0.11157293,0.10711001,6.7464,161.9140,0.10711001,6.7464,6.7464,6.7464,6.7464,6.7464,161.9140,0.10711001,33.7321,31.1393,134.9283,137.5211,0.08925834,0.09097352,0.00446292,58.1408,43.4425,6.4869,33.7321,8.8769,302.3322,5.2000,,58.1408,12.0586,25.8398,93.7287,172.0658,189.8363,191.2145,21.2838,0.0,7.346666,7.4,2.250049,13,17,6,3,0E-8,0.11157293,,0E-8,0.000000,0.747194,0.000000,,2026-04-08,2026-06-01,5,19,19,55,0.090909,,,0.000000,,,,,,,,GLOBAL_BASELINE_NO_ENTITY_RANKING,,,NOT_APPLICABLE_GLOBAL_BASELINE,HF9g-P5,,,,X 全窗基线 · 不参与实体赏罚,6876309,688,A168_HF9F_20260827_0900,2026-08-27 09:00:00
2026-04-08,144447460,2127,0,221.3519495998,110.6759748000,110.6759748000,0.3333333,3,3,0.36483300000000000,0.364833000000,-0.11333800532433627,-0.11333800532433629,-0.11333800532433627,0E-17,ELIGIBLE,R03b_20260811_FULL_v1,L1_ELIGIBILITY,v2026-08-11,2026-03-21..2026-08-06,baccarat_bet02_101_all_pairs_incl_sentinel,round_win = game_pnl > 0 (decisive only),COMPATIBILITY_ONLY_NOT_PRODUCTION,1511.6609,1129.5039,168.6604,26,26,-0.11157293,,-0.11157293,-0.11157293,-168.6604,1511.6609,THIN_EXPOSURE,0.0000,6.7464,4.0000,96.0000,AG03-UNRESOLVED,ALL5_LEVELS_bet23_to_bet27,6.7464,6.7464,6.7464,6.7464,6.7464,4.000000,4.000000,4.000000,4.000000,4.000000,96.000000,96.000000,96.000000,96.000000,96.000000,5.0,33.7321,31.1393,134.9283,137.5211,PENDING_AG03,FALSE,NOT_FOR_ENFORCEMENT,161.9140,1084.3237,168.6604,161.9140,6.7464,0.11157293,0.10711001,6.7464,161.9140,0.10711001,6.7464,6.7464,6.7464,6.7464,6.7464,161.9140,0.10711001,33.7321,31.1393,134.9283,137.5211,0.08925834,0.09097352,0.00446292,58.1408,43.4425,6.4869,33.7321,8.8769,302.3322,5.2000,,58.1408,12.0586,25.8398,93.7287,172.0658,189.8363,191.2145,21.2838,0.0,7.346666,7.4,2.250049,13,17,6,3,0E-8,0.11157293,,0E-8,0.000000,0.747194,0.000000,,2026-04-08,2026-06-01,5,19,19,55,0.090909,,,0.000000,,,,,,,,GLOBAL_BASELINE_NO_ENTITY_RANKING,,,NOT_APPLICABLE_GLOBAL_BASELINE,HF9g-P5,,,,X 全窗基线 · 不参与实体赏罚,6876310,688,A168_HF9F_20260827_0900,2026-08-27 09:00:00
2026-04-08,144447460,2233,0,28.9460241784,28.9460241784,28.9460241784,1.0000000,1,1,0.49324550000000000,0.493245500000,1.01360149184955,1.01360149184955,1.01360149184955,0E-17,ELIGIBLE,R03b_20260811_FULL_v1,L1_ELIGIBILITY,v2026-08-11,2026-03-21..2026-08-06,baccarat_bet02_101_all_pairs_incl_sentinel,round_win = game_pnl > 0 (decisive only),COMPATIBILITY_ONLY_NOT_PRODUCTION,1511.6609,1129.5039,168.6604,26,26,-0.11157293,,-0.11157293,-0.11157293,-168.6604,1511.6609,THIN_EXPOSURE,0.0000,6.7464,4.0000,96.0000,AG03-UNRESOLVED,ALL5_LEVELS_bet23_to_bet27,6.7464,6.7464,6.7464,6.7464,6.7464,4.000000,4.000000,4.000000,4.000000,4.000000,96.000000,96.000000,96.000000,96.000000,96.000000,5.0,33.7321,31.1393,134.9283,137.5211,PENDING_AG03,FALSE,NOT_FOR_ENFORCEMENT,161.9140,1084.3237,168.6604,161.9140,6.7464,0.11157293,0.10711001,6.7464,161.9140,0.10711001,6.7464,6.7464,6.7464,6.7464,6.7464,161.9140,0.10711001,33.7321,31.1393,134.9283,137.5211,0.08925834,0.09097352,0.00446292,58.1408,43.4425,6.4869,33.7321,8.8769,302.3322,5.2000,,58.1408,12.0586,25.8398,93.7287,172.0658,189.8363,191.2145,21.2838,0.0,7.346666,7.4,2.250049,13,17,6,3,0E-8,0.11157293,,0E-8,0.000000,0.747194,0.000000,,2026-04-08,2026-06-01,5,19,19,55,0.090909,,,0.000000,,,,,,,,GLOBAL_BASELINE_NO_ENTITY_RANKING,,,NOT_APPLICABLE_GLOBAL_BASELINE,HF9g-P5,,,,X 全窗基线 · 不参与实体赏罚,6876311,688,A168_HF9F_20260827_0900,2026-08-27 09:00:00
2026-04-08,144447460,970,0,61.2974629661,-61.2974629661,-61.2974629661,0E-7,1,1,0.49324550000000000,0.493245500000,-0.9865810262130424,-0.9865810262130424,-0.9865810262130424,0E-17,ELIGIBLE,R03b_20260811_FULL_v1,L1_ELIGIBILITY,v2026-08-11,2026-03-21..2026-08-06,baccarat_bet02_101_all_pairs_incl_sentinel,round_win = game_pnl > 0 (decisive only),COMPATIBILITY_ONLY_NOT_PRODUCTION,1511.6609,1129.5039,168.6604,26,26,-0.11157293,,-0.11157293,-0.11157293,-168.6604,1511.6609,THIN_EXPOSURE,0.0000,6.7464,4.0000,96.0000,AG03-UNRESOLVED,ALL5_LEVELS_bet23_to_bet27,6.7464,6.7464,6.7464,6.7464,6.7464,4.000000,4.000000,4.000000,4.000000,4.000000,96.000000,96.000000,96.000000,96.000000,96.000000,5.0,33.7321,31.1393,134.9283,137.5211,PENDING_AG03,FALSE,NOT_FOR_ENFORCEMENT,161.9140,1084.3237,168.6604,161.9140,6.7464,0.11157293,0.10711001,6.7464,161.9140,0.10711001,6.7464,6.7464,6.7464,6.7464,6.7464,161.9140,0.10711001,33.7321,31.1393,134.9283,137.5211,0.08925834,0.09097352,0.00446292,58.1408,43.4425,6.4869,33.7321,8.8769,302.3322,5.2000,,58.1408,12.0586,25.8398,93.7287,172.0658,189.8363,191.2145,21.2838,0.0,7.346666,7.4,2.250049,13,17,6,3,0E-8,0.11157293,,0E-8,0.000000,0.747194,0.000000,,2026-04-08,2026-06-01,5,19,19,55,0.090909,,,0.000000,,,,,,,,GLOBAL_BASELINE_NO_ENTITY_RANKING,,,NOT_APPLICABLE_GLOBAL_BASELINE,HF9g-P5,,,,X 全窗基线 · 不参与实体赏罚,6876312,688,A168_HF9F_20260827_0900,2026-08-27 09:00:00
2026-04-21,144447460,2174,0,71.5137067938,-23.8379022646,-23.8379022646,0.5000000,2,2,0.49994810000000000,0.499948100000,0.00014679536856514622,0.00014679536856514622,0.00014679536856514622,0E-17,ELIGIBLE,R03b_20260811_FULL_v1,L1_ELIGIBILITY,v2026-08-11,2026-03-21..2026-08-06,baccarat_bet02_101_all_pairs_incl_sentinel,round_win = game_pnl > 0 (decisive only),COMPATIBILITY_ONLY_NOT_PRODUCTION,1511.6609,1129.5039,168.6604,26,26,-0.11157293,,-0.11157293,-0.11157293,-168.6604,1511.6609,THIN_EXPOSURE,0.0000,6.7464,4.0000,96.0000,AG03-UNRESOLVED,ALL5_LEVELS_bet23_to_bet27,6.7464,6.7464,6.7464,6.7464,6.7464,4.000000,4.000000,4.000000,4.000000,4.000000,96.000000,96.000000,96.000000,96.000000,96.000000,5.0,33.7321,31.1393,134.9283,137.5211,PENDING_AG03,FALSE,NOT_FOR_ENFORCEMENT,161.9140,1084.3237,168.6604,161.9140,6.7464,0.11157293,0.10711001,6.7464,161.9140,0.10711001,6.7464,6.7464,6.7464,6.7464,6.7464,161.9140,0.10711001,33.7321,31.1393,134.9283,137.5211,0.08925834,0.09097352,0.00446292,58.1408,43.4425,6.4869,33.7321,8.8769,302.3322,5.2000,,58.1408,12.0586,25.8398,93.7287,172.0658,189.8363,191.2145,21.2838,0.0,7.346666,7.4,2.250049,13,17,6,3,0E-8,0.11157293,,0E-8,0.000000,0.747194,0.000000,,2026-04-08,2026-06-01,5,19,19,55,0.090909,,,0.000000,,,,,,,,GLOBAL_BASELINE_NO_ENTITY_RANKING,,,NOT_APPLICABLE_GLOBAL_BASELINE,HF9g-P5,,,,X 全窗基线 · 不参与实体赏罚,6876313,688,A168_HF9F_20260827_0900,2026-08-27 09:00:00
2026-05-13,144447460,2169,0,172.2652885444,-172.2652885444,-172.2652885444,0E-7,1,1,0.49324550000000000,0.493245500000,-0.9865810262130424,-0.9865810262130424,-0.9865810262130424,0E-17,ELIGIBLE,R03b_20260811_FULL_v1,L1_ELIGIBILITY,v2026-08-11,2026-03-21..2026-08-06,baccarat_bet02_101_all_pairs_incl_sentinel,round_win = game_pnl > 0 (decisive only),COMPATIBILITY_ONLY_NOT_PRODUCTION,1511.6609,1129.5039,168.6604,26,26,-0.11157293,,-0.11157293,-0.11157293,-168.6604,1511.6609,THIN_EXPOSURE,0.0000,6.7464,4.0000,96.0000,AG03-UNRESOLVED,ALL5_LEVELS_bet23_to_bet27,6.7464,6.7464,6.7464,6.7464,6.7464,4.000000,4.000000,4.000000,4.000000,4.000000,96.000000,96.000000,96.000000,96.000000,96.000000,5.0,33.7321,31.1393,134.9283,137.5211,PENDING_AG03,FALSE,NOT_FOR_ENFORCEMENT,161.9140,1084.3237,168.6604,161.9140,6.7464,0.11157293,0.10711001,6.7464,161.9140,0.10711001,6.7464,6.7464,6.7464,6.7464,6.7464,161.9140,0.10711001,33.7321,31.1393,134.9283,137.5211,0.08925834,0.09097352,0.00446292,58.1408,43.4425,6.4869,33.7321,8.8769,302.3322,5.2000,,58.1408,12.0586,25.8398,93.7287,172.0658,189.8363,191.2145,21.2838,0.0,7.346666,7.4,2.250049,13,17,6,3,0E-8,0.11157293,,0E-8,0.000000,0.747194,0.000000,,2026-04-08,2026-06-01,5,19,19,55,0.090909,,,0.000000,,,,,,,,GLOBAL_BASELINE_NO_ENTITY_RANKING,,,NOT_APPLICABLE_GLOBAL_BASELINE,HF9g-P5,,,,X 全窗基线 · 不参与实体赏罚,6876314,688,A168_HF9F_20260827_0900,2026-08-27 09:00:00
2026-05-17,144447460,-1,1,509.9052540912,87.8552971576,87.8552971576,0.6666667,5,5,0.49324550000000000,0.493245500000,0.6008033672792107,0.6008033672792106,0.6008033672792107,0E-17,SENTINEL_DEALER,R03b_20260811_FULL_v1,L1_ELIGIBILITY,v2026-08-11,2026-03-21..2026-08-06,baccarat_bet02_101_all_pairs_incl_sentinel,round_win = game_pnl > 0 (decisive only),COMPATIBILITY_ONLY_NOT_PRODUCTION,1511.6609,1129.5039,168.6604,26,26,-0.11157293,,-0.11157293,-0.11157293,-168.6604,1511.6609,THIN_EXPOSURE,0.0000,6.7464,4.0000,96.0000,AG03-UNRESOLVED,ALL5_LEVELS_bet23_to_bet27,6.7464,6.7464,6.7464,6.7464,6.7464,4.000000,4.000000,4.000000,4.000000,4.000000,96.000000,96.000000,96.000000,96.000000,96.000000,5.0,33.7321,31.1393,134.9283,137.5211,PENDING_AG03,FALSE,NOT_FOR_ENFORCEMENT,161.9140,1084.3237,168.6604,161.9140,6.7464,0.11157293,0.10711001,6.7464,161.9140,0.10711001,6.7464,6.7464,6.7464,6.7464,6.7464,161.9140,0.10711001,33.7321,31.1393,134.9283,137.5211,0.08925834,0.09097352,0.00446292,58.1408,43.4425,6.4869,33.7321,8.8769,302.3322,5.2000,,58.1408,12.0586,25.8398,93.7287,172.0658,189.8363,191.2145,21.2838,0.0,7.346666,7.4,2.250049,13,17,6,3,0E-8,0.11157293,,0E-8,0.000000,0.747194,0.000000,,2026-04-08,2026-06-01,5,19,19,55,0.090909,,,0.000000,,,,,,,,GLOBAL_BASELINE_NO_ENTITY_RANKING,,,NOT_APPLICABLE_GLOBAL_BASELINE,HF9g-P5,,,,X 全窗基线 · 不参与实体赏罚,6876315,688,A168_HF9F_20260827_0900,2026-08-27 09:00:00
2026-05-17,144447460,1306,0,10.3359173126,0E-10,0E-10,0.5000000,2,2,0.49324550000000000,0.493245500000,0.01910635448239258,0.01910635448239258,0.01910635448239258,0E-17,ELIGIBLE,R03b_20260811_FULL_v1,L1_ELIGIBILITY,v2026-08-11,2026-03-21..2026-08-06,baccarat_bet02_101_all_pairs_incl_sentinel,round_win = game_pnl > 0 (decisive only),COMPATIBILITY_ONLY_NOT_PRODUCTION,1511.6609,1129.5039,168.6604,26,26,-0.11157293,,-0.11157293,-0.11157293,-168.6604,1511.6609,THIN_EXPOSURE,0.0000,6.7464,4.0000,96.0000,AG03-UNRESOLVED,ALL5_LEVELS_bet23_to_bet27,6.7464,6.7464,6.7464,6.7464,6.7464,4.000000,4.000000,4.000000,4.000000,4.000000,96.000000,96.000000,96.000000,96.000000,96.000000,5.0,33.7321,31.1393,134.9283,137.5211,PENDING_AG03,FALSE,NOT_FOR_ENFORCEMENT,161.9140,1084.3237,168.6604,161.9140,6.7464,0.11157293,0.10711001,6.7464,161.9140,0.10711001,6.7464,6.7464,6.7464,6.7464,6.7464,161.9140,0.10711001,33.7321,31.1393,134.9283,137.5211,0.08925834,0.09097352,0.00446292,58.1408,43.4425,6.4869,33.7321,8.8769,302.3322,5.2000,,58.1408,12.0586,25.8398,93.7287,172.0658,189.8363,191.2145,21.2838,0.0,7.346666,7.4,2.250049,13,17,6,3,0E-8,0.11157293,,0E-8,0.000000,0.747194,0.000000,,2026-04-08,2026-06-01,5,19,19,55,0.090909,,,0.000000,,,,,,,,GLOBAL_BASELINE_NO_ENTITY_RANKING,,,NOT_APPLICABLE_GLOBAL_BASELINE,HF9g-P5,,,,X 全窗基线 · 不参与实体赏罚,6876316,688,A168_HF9F_20260827_0900,2026-08-27 09:00:00
2026-05-17,144447460,1399,0,25.8397932817,-25.8397932817,-25.8397932817,0E-7,1,1,0.49324550000000000,0.493245500000,-0.9865810262130424,-0.9865810262130424,-0.9865810262130424,0E-17,ELIGIBLE,R03b_20260811_FULL_v1,L1_ELIGIBILITY,v2026-08-11,2026-03-21..2026-08-06,baccarat_bet02_101_all_pairs_incl_sentinel,round_win = game_pnl > 0 (decisive only),COMPATIBILITY_ONLY_NOT_PRODUCTION,1511.6609,1129.5039,168.6604,26,26,-0.11157293,,-0.11157293,-0.11157293,-168.6604,1511.6609,THIN_EXPOSURE,0.0000,6.7464,4.0000,96.0000,AG03-UNRESOLVED,ALL5_LEVELS_bet23_to_bet27,6.7464,6.7464,6.7464,6.7464,6.7464,4.000000,4.000000,4.000000,4.000000,4.000000,96.000000,96.000000,96.000000,96.000000,96.000000,5.0,33.7321,31.1393,134.9283,137.5211,PENDING_AG03,FALSE,NOT_FOR_ENFORCEMENT,161.9140,1084.3237,168.6604,161.9140,6.7464,0.11157293,0.10711001,6.7464,161.9140,0.10711001,6.7464,6.7464,6.7464,6.7464,6.7464,161.9140,0.10711001,33.7321,31.1393,134.9283,137.5211,0.08925834,0.09097352,0.00446292,58.1408,43.4425,6.4869,33.7321,8.8769,302.3322,5.2000,,58.1408,12.0586,25.8398,93.7287,172.0658,189.8363,191.2145,21.2838,0.0,7.346666,7.4,2.250049,13,17,6,3,0E-8,0.11157293,,0E-8,0.000000,0.747194,0.000000,,2026-04-08,2026-06-01,5,19,19,55,0.090909,,,0.000000,,,,,,,,GLOBAL_BASELINE_NO_ENTITY_RANKING,,,NOT_APPLICABLE_GLOBAL_BASELINE,HF9g-P5,,,,X 全窗基线 · 不参与实体赏罚,6876317,688,A168_HF9F_20260827_0900,2026-08-27 09:00:00
2026-05-17,144447460,1505,0,25.8397932817,25.8397932817,25.8397932817,1.0000000,1,1,0.49324550000000000,0.493245500000,1.01360149184955,1.01360149184955,1.01360149184955,0E-17,ELIGIBLE,R03b_20260811_FULL_v1,L1_ELIGIBILITY,v2026-08-11,2026-03-21..2026-08-06,baccarat_bet02_101_all_pairs_incl_sentinel,round_win = game_pnl > 0 (decisive only),COMPATIBILITY_ONLY_NOT_PRODUCTION,1511.6609,1129.5039,168.6604,26,26,-0.11157293,,-0.11157293,-0.11157293,-168.6604,1511.6609,THIN_EXPOSURE,0.0000,6.7464,4.0000,96.0000,AG03-UNRESOLVED,ALL5_LEVELS_bet23_to_bet27,6.7464,6.7464,6.7464,6.7464,6.7464,4.000000,4.000000,4.000000,4.000000,4.000000,96.000000,96.000000,96.000000,96.000000,96.000000,5.0,33.7321,31.1393,134.9283,137.5211,PENDING_AG03,FALSE,NOT_FOR_ENFORCEMENT,161.9140,1084.3237,168.6604,161.9140,6.7464,0.11157293,0.10711001,6.7464,161.9140,0.10711001,6.7464,6.7464,6.7464,6.7464,6.7464,161.9140,0.10711001,33.7321,31.1393,134.9283,137.5211,0.08925834,0.09097352,0.00446292,58.1408,43.4425,6.4869,33.7321,8.8769,302.3322,5.2000,,58.1408,12.0586,25.8398,93.7287,172.0658,189.8363,191.2145,21.2838,0.0,7.346666,7.4,2.250049,13,17,6,3,0E-8,0.11157293,,0E-8,0.000000,0.747194,0.000000,,2026-04-08,2026-06-01,5,19,19,55,0.090909,,,0.000000,,,,,,,,GLOBAL_BASELINE_NO_ENTITY_RANKING,,,NOT_APPLICABLE_GLOBAL_BASELINE,HF9g-P5,,,,X 全窗基线 · 不参与实体赏罚,6876318,688,A168_HF9F_20260827_0900,2026-08-27 09:00:00
2026-05-17,144447460,1710,0,12.0585701981,12.0585701981,12.0585701981,1.0000000,1,1,0.49324550000000000,0.493245500000,1.01360149184955,1.01360149184955,1.01360149184955,0E-17,ELIGIBLE,R03b_20260811_FULL_v1,L1_ELIGIBILITY,v2026-08-11,2026-03-21..2026-08-06,baccarat_bet02_101_all_pairs_incl_sentinel,round_win = game_pnl > 0 (decisive only),COMPATIBILITY_ONLY_NOT_PRODUCTION,1511.6609,1129.5039,168.6604,26,26,-0.11157293,,-0.11157293,-0.11157293,-168.6604,1511.6609,THIN_EXPOSURE,0.0000,6.7464,4.0000,96.0000,AG03-UNRESOLVED,ALL5_LEVELS_bet23_to_bet27,6.7464,6.7464,6.7464,6.7464,6.7464,4.000000,4.000000,4.000000,4.000000,4.000000,96.000000,96.000000,96.000000,96.000000,96.000000,5.0,33.7321,31.1393,134.9283,137.5211,PENDING_AG03,FALSE,NOT_FOR_ENFORCEMENT,161.9140,1084.3237,168.6604,161.9140,6.7464,0.11157293,0.10711001,6.7464,161.9140,0.10711001,6.7464,6.7464,6.7464,6.7464,6.7464,161.9140,0.10711001,33.7321,31.1393,134.9283,137.5211,0.08925834,0.09097352,0.00446292,58.1408,43.4425,6.4869,33.7321,8.8769,302.3322,5.2000,,58.1408,12.0586,25.8398,93.7287,172.0658,189.8363,191.2145,21.2838,0.0,7.346666,7.4,2.250049,13,17,6,3,0E-8,0.11157293,,0E-8,0.000000,0.747194,0.000000,,2026-04-08,2026-06-01,5,19,19,55,0.090909,,,0.000000,,,,,,,,GLOBAL_BASELINE_NO_ENTITY_RANKING,,,NOT_APPLICABLE_GLOBAL_BASELINE,HF9g-P5,,,,X 全窗基线 · 不参与实体赏罚,6876319,688,A168_HF9F_20260827_0900,2026-08-27 09:00:00
2026-05-17,144447460,2108,0,5.1679586563,0E-10,0E-10,,1,1,0.49324550000000000,0.493245500000,,,,0E-17,NO_DECISIVE_ROUND,R03b_20260811_FULL_v1,L1_ELIGIBILITY,v2026-08-11,2026-03-21..2026-08-06,baccarat_bet02_101_all_pairs_incl_sentinel,round_win = game_pnl > 0 (decisive only),COMPATIBILITY_ONLY_NOT_PRODUCTION,1511.6609,1129.5039,168.6604,26,26,-0.11157293,,-0.11157293,-0.11157293,-168.6604,1511.6609,THIN_EXPOSURE,0.0000,6.7464,4.0000,96.0000,AG03-UNRESOLVED,ALL5_LEVELS_bet23_to_bet27,6.7464,6.7464,6.7464,6.7464,6.7464,4.000000,4.000000,4.000000,4.000000,4.000000,96.000000,96.000000,96.000000,96.000000,96.000000,5.0,33.7321,31.1393,134.9283,137.5211,PENDING_AG03,FALSE,NOT_FOR_ENFORCEMENT,161.9140,1084.3237,168.6604,161.9140,6.7464,0.11157293,0.10711001,6.7464,161.9140,0.10711001,6.7464,6.7464,6.7464,6.7464,6.7464,161.9140,0.10711001,33.7321,31.1393,134.9283,137.5211,0.08925834,0.09097352,0.00446292,58.1408,43.4425,6.4869,33.7321,8.8769,302.3322,5.2000,,58.1408,12.0586,25.8398,93.7287,172.0658,189.8363,191.2145,21.2838,0.0,7.346666,7.4,2.250049,13,17,6,3,0E-8,0.11157293,,0E-8,0.000000,0.747194,0.000000,,2026-04-08,2026-06-01,5,19,19,55,0.090909,,,0.000000,,,,,,,,GLOBAL_BASELINE_NO_ENTITY_RANKING,,,NOT_APPLICABLE_GLOBAL_BASELINE,HF9g-P5,,,,X 全窗基线 · 不参与实体赏罚,6876320,688,A168_HF9F_20260827_0900,2026-08-27 09:00:00
2026-05-17,144447460,2142,0,8.6132644272,0E-10,0E-10,,1,1,0.50665070000000000,0.506650700000,,,,0E-17,NO_DECISIVE_ROUND,R03b_20260811_FULL_v1,L1_ELIGIBILITY,v2026-08-11,2026-03-21..2026-08-06,baccarat_bet02_101_all_pairs_incl_sentinel,round_win = game_pnl > 0 (decisive only),COMPATIBILITY_ONLY_NOT_PRODUCTION,1511.6609,1129.5039,168.6604,26,26,-0.11157293,,-0.11157293,-0.11157293,-168.6604,1511.6609,THIN_EXPOSURE,0.0000,6.7464,4.0000,96.0000,AG03-UNRESOLVED,ALL5_LEVELS_bet23_to_bet27,6.7464,6.7464,6.7464,6.7464,6.7464,4.000000,4.000000,4.000000,4.000000,4.000000,96.000000,96.000000,96.000000,96.000000,96.000000,5.0,33.7321,31.1393,134.9283,137.5211,PENDING_AG03,FALSE,NOT_FOR_ENFORCEMENT,161.9140,1084.3237,168.6604,161.9140,6.7464,0.11157293,0.10711001,6.7464,161.9140,0.10711001,6.7464,6.7464,6.7464,6.7464,6.7464,161.9140,0.10711001,33.7321,31.1393,134.9283,137.5211,0.08925834,0.09097352,0.00446292,58.1408,43.4425,6.4869,33.7321,8.8769,302.3322,5.2000,,58.1408,12.0586,25.8398,93.7287,172.0658,189.8363,191.2145,21.2838,0.0,7.346666,7.4,2.250049,13,17,6,3,0E-8,0.11157293,,0E-8,0.000000,0.747194,0.000000,,2026-04-08,2026-06-01,5,19,19,55,0.090909,,,0.000000,,,,,,,,GLOBAL_BASELINE_NO_ENTITY_RANKING,,,NOT_APPLICABLE_GLOBAL_BASELINE,HF9g-P5,,,,X 全窗基线 · 不参与实体赏罚,6876321,688,A168_HF9F_20260827_0900,2026-08-27 09:00:00
2026-05-17,144447460,2153,0,12.0585701981,-12.0585701981,-12.0585701981,0E-7,1,1,0.49324550000000000,0.493245500000,-0.9865810262130424,-0.9865810262130424,-0.9865810262130424,0E-17,ELIGIBLE,R03b_20260811_FULL_v1,L1_ELIGIBILITY,v2026-08-11,2026-03-21..2026-08-06,baccarat_bet02_101_all_pairs_incl_sentinel,round_win = game_pnl > 0 (decisive only),COMPATIBILITY_ONLY_NOT_PRODUCTION,1511.6609,1129.5039,168.6604,26,26,-0.11157293,,-0.11157293,-0.11157293,-168.6604,1511.6609,THIN_EXPOSURE,0.0000,6.7464,4.0000,96.0000,AG03-UNRESOLVED,ALL5_LEVELS_bet23_to_bet27,6.7464,6.7464,6.7464,6.7464,6.7464,4.000000,4.000000,4.000000,4.000000,4.000000,96.000000,96.000000,96.000000,96.000000,96.000000,5.0,33.7321,31.1393,134.9283,137.5211,PENDING_AG03,FALSE,NOT_FOR_ENFORCEMENT,161.9140,1084.3237,168.6604,161.9140,6.7464,0.11157293,0.10711001,6.7464,161.9140,0.10711001,6.7464,6.7464,6.7464,6.7464,6.7464,161.9140,0.10711001,33.7321,31.1393,134.9283,137.5211,0.08925834,0.09097352,0.00446292,58.1408,43.4425,6.4869,33.7321,8.8769,302.3322,5.2000,,58.1408,12.0586,25.8398,93.7287,172.0658,189.8363,191.2145,21.2838,0.0,7.346666,7.4,2.250049,13,17,6,3,0E-8,0.11157293,,0E-8,0.000000,0.747194,0.000000,,2026-04-08,2026-06-01,5,19,19,55,0.090909,,,0.000000,,,,,,,,GLOBAL_BASELINE_NO_ENTITY_RANKING,,,NOT_APPLICABLE_GLOBAL_BASELINE,HF9g-P5,,,,X 全窗基线 · 不参与实体赏罚,6876322,688,A168_HF9F_20260827_0900,2026-08-27 09:00:00
2026-05-17,144447460,2186,0,51.6795865633,-51.6795865633,-51.6795865633,0E-7,1,1,0.49324550000000000,0.493245500000,-0.9865810262130424,-0.9865810262130424,-0.9865810262130424,0E-17,ELIGIBLE,R03b_20260811_FULL_v1,L1_ELIGIBILITY,v2026-08-11,2026-03-21..2026-08-06,baccarat_bet02_101_all_pairs_incl_sentinel,round_win = game_pnl > 0 (decisive only),COMPATIBILITY_ONLY_NOT_PRODUCTION,1511.6609,1129.5039,168.6604,26,26,-0.11157293,,-0.11157293,-0.11157293,-168.6604,1511.6609,THIN_EXPOSURE,0.0000,6.7464,4.0000,96.0000,AG03-UNRESOLVED,ALL5_LEVELS_bet23_to_bet27,6.7464,6.7464,6.7464,6.7464,6.7464,4.000000,4.000000,4.000000,4.000000,4.000000,96.000000,96.000000,96.000000,96.000000,96.000000,5.0,33.7321,31.1393,134.9283,137.5211,PENDING_AG03,FALSE,NOT_FOR_ENFORCEMENT,161.9140,1084.3237,168.6604,161.9140,6.7464,0.11157293,0.10711001,6.7464,161.9140,0.10711001,6.7464,6.7464,6.7464,6.7464,6.7464,161.9140,0.10711001,33.7321,31.1393,134.9283,137.5211,0.08925834,0.09097352,0.00446292,58.1408,43.4425,6.4869,33.7321,8.8769,302.3322,5.2000,,58.1408,12.0586,25.8398,93.7287,172.0658,189.8363,191.2145,21.2838,0.0,7.346666,7.4,2.250049,13,17,6,3,0E-8,0.11157293,,0E-8,0.000000,0.747194,0.000000,,2026-04-08,2026-06-01,5,19,19,55,0.090909,,,0.000000,,,,,,,,GLOBAL_BASELINE_NO_ENTITY_RANKING,,,NOT_APPLICABLE_GLOBAL_BASELINE,HF9g-P5,,,,X 全窗基线 · 不参与实体赏罚,6876323,688,A168_HF9F_20260827_0900,2026-08-27 09:00:00
2026-05-17,144447460,987,0,12.0585701981,-12.0585701981,-12.0585701981,0E-7,1,1,0.49324550000000000,0.493245500000,-0.9865810262130424,-0.9865810262130424,-0.9865810262130424,0E-17,ELIGIBLE,R03b_20260811_FULL_v1,L1_ELIGIBILITY,v2026-08-11,2026-03-21..2026-08-06,baccarat_bet02_101_all_pairs_incl_sentinel,round_win = game_pnl > 0 (decisive only),COMPATIBILITY_ONLY_NOT_PRODUCTION,1511.6609,1129.5039,168.6604,26,26,-0.11157293,,-0.11157293,-0.11157293,-168.6604,1511.6609,THIN_EXPOSURE,0.0000,6.7464,4.0000,96.0000,AG03-UNRESOLVED,ALL5_LEVELS_bet23_to_bet27,6.7464,6.7464,6.7464,6.7464,6.7464,4.000000,4.000000,4.000000,4.000000,4.000000,96.000000,96.000000,96.000000,96.000000,96.000000,5.0,33.7321,31.1393,134.9283,137.5211,PENDING_AG03,FALSE,NOT_FOR_ENFORCEMENT,161.9140,1084.3237,168.6604,161.9140,6.7464,0.11157293,0.10711001,6.7464,161.9140,0.10711001,6.7464,6.7464,6.7464,6.7464,6.7464,161.9140,0.10711001,33.7321,31.1393,134.9283,137.5211,0.08925834,0.09097352,0.00446292,58.1408,43.4425,6.4869,33.7321,8.8769,302.3322,5.2000,,58.1408,12.0586,25.8398,93.7287,172.0658,189.8363,191.2145,21.2838,0.0,7.346666,7.4,2.250049,13,17,6,3,0E-8,0.11157293,,0E-8,0.000000,0.747194,0.000000,,2026-04-08,2026-06-01,5,19,19,55,0.090909,,,0.000000,,,,,,,,GLOBAL_BASELINE_NO_ENTITY_RANKING,,,NOT_APPLICABLE_GLOBAL_BASELINE,HF9g-P5,,,,X 全窗基线 · 不参与实体赏罚,6876324,688,A168_HF9F_20260827_0900,2026-08-27 09:00:00
2026-06-01,144447460,1094,0,93.7286980232,-93.7286980232,-93.7286980232,0E-7,1,1,0.49324550000000000,0.493245500000,-0.9865810262130424,-0.9865810262130424,-0.9865810262130424,0E-17,ELIGIBLE,R03b_20260811_FULL_v1,L1_ELIGIBILITY,v2026-08-11,2026-03-21..2026-08-06,baccarat_bet02_101_all_pairs_incl_sentinel,round_win = game_pnl > 0 (decisive only),COMPATIBILITY_ONLY_NOT_PRODUCTION,1511.6609,1129.5039,168.6604,26,26,-0.11157293,,-0.11157293,-0.11157293,-168.6604,1511.6609,THIN_EXPOSURE,0.0000,6.7464,4.0000,96.0000,AG03-UNRESOLVED,ALL5_LEVELS_bet23_to_bet27,6.7464,6.7464,6.7464,6.7464,6.7464,4.000000,4.000000,4.000000,4.000000,4.000000,96.000000,96.000000,96.000000,96.000000,96.000000,5.0,33.7321,31.1393,134.9283,137.5211,PENDING_AG03,FALSE,NOT_FOR_ENFORCEMENT,161.9140,1084.3237,168.6604,161.9140,6.7464,0.11157293,0.10711001,6.7464,161.9140,0.10711001,6.7464,6.7464,6.7464,6.7464,6.7464,161.9140,0.10711001,33.7321,31.1393,134.9283,137.5211,0.08925834,0.09097352,0.00446292,58.1408,43.4425,6.4869,33.7321,8.8769,302.3322,5.2000,,58.1408,12.0586,25.8398,93.7287,172.0658,189.8363,191.2145,21.2838,0.0,7.346666,7.4,2.250049,13,17,6,3,0E-8,0.11157293,,0E-8,0.000000,0.747194,0.000000,,2026-04-08,2026-06-01,5,19,19,55,0.090909,,,0.000000,,,,,,,,GLOBAL_BASELINE_NO_ENTITY_RANKING,,,NOT_APPLICABLE_GLOBAL_BASELINE,HF9g-P5,,,,X 全窗基线 · 不参与实体赏罚,6876325,688,A168_HF9F_20260827_0900,2026-08-27 09:00:00
2026-07-21,153308347,1704,0,454.8211036992,72.0133414190,72.0133414190,0.6250000,12,12,0.49994810000000000,0.499948100000,0.7074003757330176,0.7074003757330176,0.7074003757330176,0E-17,ELIGIBLE,R03b_20260811_FULL_v1,L1_ELIGIBILITY,v2026-08-11,2026-03-21..2026-08-06,baccarat_bet02_101_all_pairs_incl_sentinel,round_win = game_pnl > 0 (decisive only),COMPATIBILITY_ONLY_NOT_PRODUCTION,2008.7932,1667.6774,168.6628,53,53,-0.08396226,-0.08396226,,-0.08396226,-168.6628,2008.7932,OK,0.0000,6.7465,4.0000,96.0000,AG03-UNRESOLVED,ALL5_LEVELS_bet23_to_bet27,6.7465,6.7465,6.7465,6.7465,6.7465,4.000000,4.000000,4.000000,4.000000,4.000000,96.000000,96.000000,96.000000,96.000000,96.000000,5.0,33.7326,31.1398,134.9303,137.5231,PENDING_AG03,FALSE,NOT_FOR_ENFORCEMENT,161.9163,1600.9703,168.6628,161.9163,6.7465,0.08396226,0.08060377,6.7465,161.9163,0.08060377,6.7465,6.7465,6.7465,6.7465,6.7465,161.9163,0.08060377,33.7326,31.1398,134.9303,137.5231,0.06716981,0.06846054,0.00335849,37.9018,31.4656,3.1823,168.6628,24.0947,2008.7932,53.0000,37.9018,,37.9018,37.9018,37.9018,37.9018,37.9018,37.9018,37.9018,0.0,1.0,1.0,1.0,6,6,1,2,1.00000000,0.08396226,0.08396226,0E-8,0.000000,0.830189,0.000000,,2026-07-21,2026-07-21,1,7,6,1,1.000000,,1.000000,3.333333,,,,,,,,GLOBAL_BASELINE_NO_ENTITY_RANKING,,,NOT_APPLICABLE_GLOBAL_BASELINE,HF9g-P5,,,,X 全窗基线 · 不参与实体赏罚,6876326,688,A168_HF9F_20260827_0900,2026-08-27 09:00:00
2026-07-21,153308347,2103,0,303.2140691328,-189.5087932080,-189.5087932080,0.1428571,8,8,0.49994810000000000,0.499948100000,-1.889547746239457,-1.889547746239457,-1.889547746239457,0E-17,ELIGIBLE,R03b_20260811_FULL_v1,L1_ELIGIBILITY,v2026-08-11,2026-03-21..2026-08-06,baccarat_bet02_101_all_pairs_incl_sentinel,round_win = game_pnl > 0 (decisive only),COMPATIBILITY_ONLY_NOT_PRODUCTION,2008.7932,1667.6774,168.6628,53,53,-0.08396226,-0.08396226,,-0.08396226,-168.6628,2008.7932,OK,0.0000,6.7465,4.0000,96.0000,AG03-UNRESOLVED,ALL5_LEVELS_bet23_to_bet27,6.7465,6.7465,6.7465,6.7465,6.7465,4.000000,4.000000,4.000000,4.000000,4.000000,96.000000,96.000000,96.000000,96.000000,96.000000,5.0,33.7326,31.1398,134.9303,137.5231,PENDING_AG03,FALSE,NOT_FOR_ENFORCEMENT,161.9163,1600.9703,168.6628,161.9163,6.7465,0.08396226,0.08060377,6.7465,161.9163,0.08060377,6.7465,6.7465,6.7465,6.7465,6.7465,161.9163,0.08060377,33.7326,31.1398,134.9303,137.5231,0.06716981,0.06846054,0.00335849,37.9018,31.4656,3.1823,168.6628,24.0947,2008.7932,53.0000,37.9018,,37.9018,37.9018,37.9018,37.9018,37.9018,37.9018,37.9018,0.0,1.0,1.0,1.0,6,6,1,2,1.00000000,0.08396226,0.08396226,0E-8,0.000000,0.830189,0.000000,,2026-07-21,2026-07-21,1,7,6,1,1.000000,,1.000000,3.333333,,,,,,,,GLOBAL_BASELINE_NO_ENTITY_RANKING,,,NOT_APPLICABLE_GLOBAL_BASELINE,HF9g-P5,,,,X 全窗基线 · 不参与实体赏罚,6876327,688,A168_HF9F_20260827_0900,2026-08-27 09:00:00
2026-07-21,153308347,2169,0,303.2140691328,-5.6852637963,-5.6852637963,0.5000000,8,8,0.49994810000000000,0.499948100000,0.00029359073713029245,0.00029359073713029245,0.00029359073713029245,0E-17,ELIGIBLE,R03b_20260811_FULL_v1,L1_ELIGIBILITY,v2026-08-11,2026-03-21..2026-08-06,baccarat_bet02_101_all_pairs_incl_sentinel,round_win = game_pnl > 0 (decisive only),COMPATIBILITY_ONLY_NOT_PRODUCTION,2008.7932,1667.6774,168.6628,53,53,-0.08396226,-0.08396226,,-0.08396226,-168.6628,2008.7932,OK,0.0000,6.7465,4.0000,96.0000,AG03-UNRESOLVED,ALL5_LEVELS_bet23_to_bet27,6.7465,6.7465,6.7465,6.7465,6.7465,4.000000,4.000000,4.000000,4.000000,4.000000,96.000000,96.000000,96.000000,96.000000,96.000000,5.0,33.7326,31.1398,134.9303,137.5231,PENDING_AG03,FALSE,NOT_FOR_ENFORCEMENT,161.9163,1600.9703,168.6628,161.9163,6.7465,0.08396226,0.08060377,6.7465,161.9163,0.08060377,6.7465,6.7465,6.7465,6.7465,6.7465,161.9163,0.08060377,33.7326,31.1398,134.9303,137.5231,0.06716981,0.06846054,0.00335849,37.9018,31.4656,3.1823,168.6628,24.0947,2008.7932,53.0000,37.9018,,37.9018,37.9018,37.9018,37.9018,37.9018,37.9018,37.9018,0.0,1.0,1.0,1.0,6,6,1,2,1.00000000,0.08396226,0.08396226,0E-8,0.000000,0.830189,0.000000,,2026-07-21,2026-07-21,1,7,6,1,1.000000,,1.000000,3.333333,,,,,,,,GLOBAL_BASELINE_NO_ENTITY_RANKING,,,NOT_APPLICABLE_GLOBAL_BASELINE,HF9g-P5,,,,X 全窗基线 · 不参与实体赏罚,6876328,688,A168_HF9F_20260827_0900,2026-08-27 09:00:00
2026-07-21,153308347,2196,0,227.4105518496,-39.7968465737,-39.7968465737,0.4000000,6,6,0.49771390000000000,0.497713900000,-0.4369944132040151,-0.436994413204015,-0.4369944132040151,0E-17,ELIGIBLE,R03b_20260811_FULL_v1,L1_ELIGIBILITY,v2026-08-11,2026-03-21..2026-08-06,baccarat_bet02_101_all_pairs_incl_sentinel,round_win = game_pnl > 0 (decisive only),COMPATIBILITY_ONLY_NOT_PRODUCTION,2008.7932,1667.6774,168.6628,53,53,-0.08396226,-0.08396226,,-0.08396226,-168.6628,2008.7932,OK,0.0000,6.7465,4.0000,96.0000,AG03-UNRESOLVED,ALL5_LEVELS_bet23_to_bet27,6.7465,6.7465,6.7465,6.7465,6.7465,4.000000,4.000000,4.000000,4.000000,4.000000,96.000000,96.000000,96.000000,96.000000,96.000000,5.0,33.7326,31.1398,134.9303,137.5231,PENDING_AG03,FALSE,NOT_FOR_ENFORCEMENT,161.9163,1600.9703,168.6628,161.9163,6.7465,0.08396226,0.08060377,6.7465,161.9163,0.08060377,6.7465,6.7465,6.7465,6.7465,6.7465,161.9163,0.08060377,33.7326,31.1398,134.9303,137.5231,0.06716981,0.06846054,0.00335849,37.9018,31.4656,3.1823,168.6628,24.0947,2008.7932,53.0000,37.9018,,37.9018,37.9018,37.9018,37.9018,37.9018,37.9018,37.9018,0.0,1.0,1.0,1.0,6,6,1,2,1.00000000,0.08396226,0.08396226,0E-8,0.000000,0.830189,0.000000,,2026-07-21,2026-07-21,1,7,6,1,1.000000,,1.000000,3.333333,,,,,,,,GLOBAL_BASELINE_NO_ENTITY_RANKING,,,NOT_APPLICABLE_GLOBAL_BASELINE,HF9g-P5,,,,X 全窗基线 · 不参与实体赏罚,6876329,688,A168_HF9F_20260827_0900,2026-08-27 09:00:00
2026-07-21,153308347,2223,0,303.2140691328,36.0066707095,36.0066707095,0.6000000,8,8,0.49827245000000000,0.498272450000,0.4549421494622123,0.4549421494622123,0.4549421494622123,0E-17,ELIGIBLE,R03b_20260811_FULL_v1,L1_ELIGIBILITY,v2026-08-11,2026-03-21..2026-08-06,baccarat_bet02_101_all_pairs_incl_sentinel,round_win = game_pnl > 0 (decisive only),COMPATIBILITY_ONLY_NOT_PRODUCTION,2008.7932,1667.6774,168.6628,53,53,-0.08396226,-0.08396226,,-0.08396226,-168.6628,2008.7932,OK,0.0000,6.7465,4.0000,96.0000,AG03-UNRESOLVED,ALL5_LEVELS_bet23_to_bet27,6.7465,6.7465,6.7465,6.7465,6.7465,4.000000,4.000000,4.000000,4.000000,4.000000,96.000000,96.000000,96.000000,96.000000,96.000000,5.0,33.7326,31.1398,134.9303,137.5231,PENDING_AG03,FALSE,NOT_FOR_ENFORCEMENT,161.9163,1600.9703,168.6628,161.9163,6.7465,0.08396226,0.08060377,6.7465,161.9163,0.08060377,6.7465,6.7465,6.7465,6.7465,6.7465,161.9163,0.08060377,33.7326,31.1398,134.9303,137.5231,0.06716981,0.06846054,0.00335849,37.9018,31.4656,3.1823,168.6628,24.0947,2008.7932,53.0000,37.9018,,37.9018,37.9018,37.9018,37.9018,37.9018,37.9018,37.9018,0.0,1.0,1.0,1.0,6,6,1,2,1.00000000,0.08396226,0.08396226,0E-8,0.000000,0.830189,0.000000,,2026-07-21,2026-07-21,1,7,6,1,1.000000,,1.000000,3.333333,,,,,,,,GLOBAL_BASELINE_NO_ENTITY_RANKING,,,NOT_APPLICABLE_GLOBAL_BASELINE,HF9g-P5,,,,X 全窗基线 · 不参与实体赏罚,6876330,688,A168_HF9F_20260827_0900,2026-08-27 09:00:00
2026-07-21,153308347,583,0,416.9193450576,-41.6919345058,-41.6919345058,0.4545455,11,11,0.50177608181818182,0.501776081818,-0.3132945151139446,-0.31329451511273815,-0.3132945151139446,1.8182E-13,ELIGIBLE,R03b_20260811_FULL_v1,L1_ELIGIBILITY,v2026-08-11,2026-03-21..2026-08-06,baccarat_bet02_101_all_pairs_incl_sentinel,round_win = game_pnl > 0 (decisive only),COMPATIBILITY_ONLY_NOT_PRODUCTION,2008.7932,1667.6774,168.6628,53,53,-0.08396226,-0.08396226,,-0.08396226,-168.6628,2008.7932,OK,0.0000,6.7465,4.0000,96.0000,AG03-UNRESOLVED,ALL5_LEVELS_bet23_to_bet27,6.7465,6.7465,6.7465,6.7465,6.7465,4.000000,4.000000,4.000000,4.000000,4.000000,96.000000,96.000000,96.000000,96.000000,96.000000,5.0,33.7326,31.1398,134.9303,137.5231,PENDING_AG03,FALSE,NOT_FOR_ENFORCEMENT,161.9163,1600.9703,168.6628,161.9163,6.7465,0.08396226,0.08060377,6.7465,161.9163,0.08060377,6.7465,6.7465,6.7465,6.7465,6.7465,161.9163,0.08060377,33.7326,31.1398,134.9303,137.5231,0.06716981,0.06846054,0.00335849,37.9018,31.4656,3.1823,168.6628,24.0947,2008.7932,53.0000,37.9018,,37.9018,37.9018,37.9018,37.9018,37.9018,37.9018,37.9018,0.0,1.0,1.0,1.0,6,6,1,2,1.00000000,0.08396226,0.08396226,0E-8,0.000000,0.830189,0.000000,,2026-07-21,2026-07-21,1,7,6,1,1.000000,,1.000000,3.333333,,,,,,,,GLOBAL_BASELINE_NO_ENTITY_RANKING,,,NOT_APPLICABLE_GLOBAL_BASELINE,HF9g-P5,,,,X 全窗基线 · 不参与实体赏罚,6876331,688,A168_HF9F_20260827_0900,2026-08-27 09:00:00
2026-05-04,97362923,1017,0,184.2994280363,-184.2994280363,-184.2994280363,0E-7,1,1,0.49324550000000000,0.493245500000,-0.9865810262130424,-0.9865810262130424,-0.9865810262130424,0E-17,ELIGIBLE,R03b_20260811_FULL_v1,L1_ELIGIBILITY,v2026-08-11,2026-03-21..2026-08-06,baccarat_bet02_101_all_pairs_incl_sentinel,round_win = game_pnl > 0 (decisive only),COMPATIBILITY_ONLY_NOT_PRODUCTION,2685.8882,2462.9004,168.6736,11,11,-0.06279992,,-0.06279992,-0.06279992,-168.6736,2685.8882,THIN_EXPOSURE,0.0000,6.7469,4.0000,96.0000,AG03-UNRESOLVED,ALL5_LEVELS_bet23_to_bet27,6.7469,6.7469,6.7469,6.7469,6.7469,4.000000,4.000000,4.000000,4.000000,4.000000,96.000000,96.000000,96.000000,96.000000,96.000000,5.0,33.7347,31.1417,134.9388,137.5318,PENDING_AG03,FALSE,NOT_FOR_ENFORCEMENT,161.9266,2364.3844,168.6736,161.9266,6.7469,0.06279992,0.06028792,6.7469,161.9266,0.06028792,6.7469,6.7469,6.7469,6.7469,6.7469,161.9266,0.06028792,33.7347,31.1417,134.9388,137.5318,0.05023993,0.05120534,0.00251200,244.1717,223.9000,15.3340,168.6736,56.2245,2685.8882,11.0000,,244.1717,193.9715,222.9878,318.789,334.4817,334.4817,334.4817,222.9878,0.0,1.5,1.5,1.095,2,4,1,2,0E-8,0.06279992,,0E-8,0.000000,0.916978,0.000000,,2026-05-04,2026-05-04,1,3,2,1,1.000000,,,0.000000,,,,,,,,GLOBAL_BASELINE_NO_ENTITY_RANKING,,,NOT_APPLICABLE_GLOBAL_BASELINE,HF9g-P5,,,,X 全窗基线 · 不参与实体赏罚,6876332,688,A168_HF9F_20260827_0900,2026-08-27 09:00:00
2026-05-04,97362923,1205,0,557.4695342900,326.1196775596,326.1196775596,1.0000000,3,3,0.50218230000000000,0.502182300000,1.4080544974538591,1.4080544974538591,1.4080544974538591,0E-17,ELIGIBLE,R03b_20260811_FULL_v1,L1_ELIGIBILITY,v2026-08-11,2026-03-21..2026-08-06,baccarat_bet02_101_all_pairs_incl_sentinel,round_win = game_pnl > 0 (decisive only),COMPATIBILITY_ONLY_NOT_PRODUCTION,2685.8882,2462.9004,168.6736,11,11,-0.06279992,,-0.06279992,-0.06279992,-168.6736,2685.8882,THIN_EXPOSURE,0.0000,6.7469,4.0000,96.0000,AG03-UNRESOLVED,ALL5_LEVELS_bet23_to_bet27,6.7469,6.7469,6.7469,6.7469,6.7469,4.000000,4.000000,4.000000,4.000000,4.000000,96.000000,96.000000,96.000000,96.000000,96.000000,5.0,33.7347,31.1417,134.9388,137.5318,PENDING_AG03,FALSE,NOT_FOR_ENFORCEMENT,161.9266,2364.3844,168.6736,161.9266,6.7469,0.06279992,0.06028792,6.7469,161.9266,0.06028792,6.7469,6.7469,6.7469,6.7469,6.7469,161.9266,0.06028792,33.7347,31.1417,134.9388,137.5318,0.05023993,0.05120534,0.00251200,244.1717,223.9000,15.3340,168.6736,56.2245,2685.8882,11.0000,,244.1717,193.9715,222.9878,318.789,334.4817,334.4817,334.4817,222.9878,0.0,1.5,1.5,1.095,2,4,1,2,0E-8,0.06279992,,0E-8,0.000000,0.916978,0.000000,,2026-05-04,2026-05-04,1,3,2,1,1.000000,,,0.000000,,,,,,,,GLOBAL_BASELINE_NO_ENTITY_RANKING,,,NOT_APPLICABLE_GLOBAL_BASELINE,HF9g-P5,,,,X 全窗基线 · 不参与实体赏罚,6876333,688,A168_HF9F_20260827_0900,2026-08-27 09:00:00
2026-05-04,97362923,1221,0,1721.1314401669,-87.5059927975,-87.5059927975,0.5000000,6,6,0.50218230000000000,0.502182300000,-0.01069114476356389,-0.01069114476356389,-0.01069114476356389,0E-17,ELIGIBLE,R03b_20260811_FULL_v1,L1_ELIGIBILITY,v2026-08-11,2026-03-21..2026-08-06,baccarat_bet02_101_all_pairs_incl_sentinel,round_win = game_pnl > 0 (decisive only),COMPATIBILITY_ONLY_NOT_PRODUCTION,2685.8882,2462.9004,168.6736,11,11,-0.06279992,,-0.06279992,-0.06279992,-168.6736,2685.8882,THIN_EXPOSURE,0.0000,6.7469,4.0000,96.0000,AG03-UNRESOLVED,ALL5_LEVELS_bet23_to_bet27,6.7469,6.7469,6.7469,6.7469,6.7469,4.000000,4.000000,4.000000,4.000000,4.000000,96.000000,96.000000,96.000000,96.000000,96.000000,5.0,33.7347,31.1417,134.9388,137.5318,PENDING_AG03,FALSE,NOT_FOR_ENFORCEMENT,161.9266,2364.3844,168.6736,161.9266,6.7469,0.06279992,0.06028792,6.7469,161.9266,0.06028792,6.7469,6.7469,6.7469,6.7469,6.7469,161.9266,0.06028792,33.7347,31.1417,134.9388,137.5318,0.05023993,0.05120534,0.00251200,244.1717,223.9000,15.3340,168.6736,56.2245,2685.8882,11.0000,,244.1717,193.9715,222.9878,318.789,334.4817,334.4817,334.4817,222.9878,0.0,1.5,1.5,1.095,2,4,1,2,0E-8,0.06279992,,0E-8,0.000000,0.916978,0.000000,,2026-05-04,2026-05-04,1,3,2,1,1.000000,,,0.000000,,,,,,,,GLOBAL_BASELINE_NO_ENTITY_RANKING,,,NOT_APPLICABLE_GLOBAL_BASELINE,HF9g-P5,,,,X 全窗基线 · 不参与实体赏罚,6876334,688,A168_HF9F_20260827_0900,2026-08-27 09:00:00
2026-05-04,97362923,1382,0,222.9878137160,-222.9878137160,-222.9878137160,0E-7,1,1,0.49324550000000000,0.493245500000,-0.9865810262130424,-0.9865810262130424,-0.9865810262130424,0E-17,ELIGIBLE,R03b_20260811_FULL_v1,L1_ELIGIBILITY,v2026-08-11,2026-03-21..2026-08-06,baccarat_bet02_101_all_pairs_incl_sentinel,round_win = game_pnl > 0 (decisive only),COMPATIBILITY_ONLY_NOT_PRODUCTION,2685.8882,2462.9004,168.6736,11,11,-0.06279992,,-0.06279992,-0.06279992,-168.6736,2685.8882,THIN_EXPOSURE,0.0000,6.7469,4.0000,96.0000,AG03-UNRESOLVED,ALL5_LEVELS_bet23_to_bet27,6.7469,6.7469,6.7469,6.7469,6.7469,4.000000,4.000000,4.000000,4.000000,4.000000,96.000000,96.000000,96.000000,96.000000,96.000000,5.0,33.7347,31.1417,134.9388,137.5318,PENDING_AG03,FALSE,NOT_FOR_ENFORCEMENT,161.9266,2364.3844,168.6736,161.9266,6.7469,0.06279992,0.06028792,6.7469,161.9266,0.06028792,6.7469,6.7469,6.7469,6.7469,6.7469,161.9266,0.06028792,33.7347,31.1417,134.9388,137.5318,0.05023993,0.05120534,0.00251200,244.1717,223.9000,15.3340,168.6736,56.2245,2685.8882,11.0000,,244.1717,193.9715,222.9878,318.789,334.4817,334.4817,334.4817,222.9878,0.0,1.5,1.5,1.095,2,4,1,2,0E-8,0.06279992,,0E-8,0.000000,0.916978,0.000000,,2026-05-04,2026-05-04,1,3,2,1,1.000000,,,0.000000,,,,,,,,GLOBAL_BASELINE_NO_ENTITY_RANKING,,,NOT_APPLICABLE_GLOBAL_BASELINE,HF9g-P5,,,,X 全窗基线 · 不参与实体赏罚,6876335,688,A168_HF9F_20260827_0900,2026-08-27 09:00:00
2026-05-28,150662965,1157,0,344.5305770888,-258.3979328166,-258.3979328166,0E-7,5,5,0.50396966000000000,0.503969660000,-2.0159421762433145,-2.015942176243315,-2.0159421762433145,0E-17,ELIGIBLE,R03b_20260811_FULL_v1,L1_ELIGIBILITY,v2026-08-11,2026-03-21..2026-08-06,baccarat_bet02_101_all_pairs_incl_sentinel,round_win = game_pnl > 0 (decisive only),COMPATIBILITY_ONLY_NOT_PRODUCTION,871.6624,751.0767,172.2653,21,21,-0.19762846,,-0.19762846,-0.19762846,-172.2653,871.6624,THIN_EXPOSURE,0.0000,10.3359,6.0000,94.0000,AG03-UNRESOLVED,ALL5_LEVELS_bet23_to_bet27,10.3359,10.3359,10.3359,11.6279,11.6279,6.000000,6.000000,6.000000,6.750000,6.750000,94.000000,94.000000,94.000000,93.250000,93.250000,5.0,54.2636,47.8485,118.0017,124.4168,PENDING_AG03,FALSE,NOT_FOR_ENFORCEMENT,161.9294,706.0121,172.2653,161.9294,10.3359,0.19762846,0.18577075,10.3359,161.9294,0.18577075,10.3359,10.3359,10.3359,11.6279,11.6279,161.9294,0.18577075,54.2636,47.8485,118.0017,124.4168,0.13537549,0.14273508,0.01185771,41.5077,35.7656,8.2031,172.2653,43.0663,871.6624,21.0000,,41.5077,17.2265,34.4531,54.2636,86.1326,86.1326,86.1326,34.4531,0.0,2.5,2.5,1.204762,4,6,1,2,0E-8,0.19762846,,0E-8,0.000000,0.861660,0.000000,,2026-05-28,2026-05-28,1,4,4,1,1.000000,,,0.000000,,,,,,,,GLOBAL_BASELINE_NO_ENTITY_RANKING,,,NOT_APPLICABLE_GLOBAL_BASELINE,HF9g-P5,,,,X 全窗基线 · 不参与实体赏罚,6876336,688,A168_HF9F_20260827_0900,2026-08-27 09:00:00
2026-05-28,150662965,1325,0,137.8122308355,132.6442721790,132.6442721790,1.0000000,5,5,0.50128862000000000,0.501288620000,2.2303125007307085,2.2303125007307085,2.2303125007307085,0E-17,ELIGIBLE,R03b_20260811_FULL_v1,L1_ELIGIBILITY,v2026-08-11,2026-03-21..2026-08-06,baccarat_bet02_101_all_pairs_incl_sentinel,round_win = game_pnl > 0 (decisive only),COMPATIBILITY_ONLY_NOT_PRODUCTION,871.6624,751.0767,172.2653,21,21,-0.19762846,,-0.19762846,-0.19762846,-172.2653,871.6624,THIN_EXPOSURE,0.0000,10.3359,6.0000,94.0000,AG03-UNRESOLVED,ALL5_LEVELS_bet23_to_bet27,10.3359,10.3359,10.3359,11.6279,11.6279,6.000000,6.000000,6.000000,6.750000,6.750000,94.000000,94.000000,94.000000,93.250000,93.250000,5.0,54.2636,47.8485,118.0017,124.4168,PENDING_AG03,FALSE,NOT_FOR_ENFORCEMENT,161.9294,706.0121,172.2653,161.9294,10.3359,0.19762846,0.18577075,10.3359,161.9294,0.18577075,10.3359,10.3359,10.3359,11.6279,11.6279,161.9294,0.18577075,54.2636,47.8485,118.0017,124.4168,0.13537549,0.14273508,0.01185771,41.5077,35.7656,8.2031,172.2653,43.0663,871.6624,21.0000,,41.5077,17.2265,34.4531,54.2636,86.1326,86.1326,86.1326,34.4531,0.0,2.5,2.5,1.204762,4,6,1,2,0E-8,0.19762846,,0E-8,0.000000,0.861660,0.000000,,2026-05-28,2026-05-28,1,4,4,1,1.000000,,,0.000000,,,,,,,,GLOBAL_BASELINE_NO_ENTITY_RANKING,,,NOT_APPLICABLE_GLOBAL_BASELINE,HF9g-P5,,,,X 全窗基线 · 不参与实体赏罚,6876337,688,A168_HF9F_20260827_0900,2026-08-27 09:00:00
2026-05-28,150662965,1485,0,51.6795865633,16.3652024117,16.3652024117,1.0000000,2,2,0.49994810000000000,0.499948100000,1.0001038053877793,1.0001038053877793,1.0001038053877793,0E-17,ELIGIBLE,R03b_20260811_FULL_v1,L1_ELIGIBILITY,v2026-08-11,2026-03-21..2026-08-06,baccarat_bet02_101_all_pairs_incl_sentinel,round_win = game_pnl > 0 (decisive only),COMPATIBILITY_ONLY_NOT_PRODUCTION,871.6624,751.0767,172.2653,21,21,-0.19762846,,-0.19762846,-0.19762846,-172.2653,871.6624,THIN_EXPOSURE,0.0000,10.3359,6.0000,94.0000,AG03-UNRESOLVED,ALL5_LEVELS_bet23_to_bet27,10.3359,10.3359,10.3359,11.6279,11.6279,6.000000,6.000000,6.000000,6.750000,6.750000,94.000000,94.000000,94.000000,93.250000,93.250000,5.0,54.2636,47.8485,118.0017,124.4168,PENDING_AG03,FALSE,NOT_FOR_ENFORCEMENT,161.9294,706.0121,172.2653,161.9294,10.3359,0.19762846,0.18577075,10.3359,161.9294,0.18577075,10.3359,10.3359,10.3359,11.6279,11.6279,161.9294,0.18577075,54.2636,47.8485,118.0017,124.4168,0.13537549,0.14273508,0.01185771,41.5077,35.7656,8.2031,172.2653,43.0663,871.6624,21.0000,,41.5077,17.2265,34.4531,54.2636,86.1326,86.1326,86.1326,34.4531,0.0,2.5,2.5,1.204762,4,6,1,2,0E-8,0.19762846,,0E-8,0.000000,0.861660,0.000000,,2026-05-28,2026-05-28,1,4,4,1,1.000000,,,0.000000,,,,,,,,GLOBAL_BASELINE_NO_ENTITY_RANKING,,,NOT_APPLICABLE_GLOBAL_BASELINE,HF9g-P5,,,,X 全窗基线 · 不参与实体赏罚,6876338,688,A168_HF9F_20260827_0900,2026-08-27 09:00:00
2026-05-28,150662965,2145,0,155.0387596898,16.3652024117,16.3652024117,0.5000000,4,4,0.49659680000000000,0.496596800000,0.013613115331600182,0.013613115331600183,0.013613115331600182,0E-17,ELIGIBLE,R03b_20260811_FULL_v1,L1_ELIGIBILITY,v2026-08-11,2026-03-21..2026-08-06,baccarat_bet02_101_all_pairs_incl_sentinel,round_win = game_pnl > 0 (decisive only),COMPATIBILITY_ONLY_NOT_PRODUCTION,871.6624,751.0767,172.2653,21,21,-0.19762846,,-0.19762846,-0.19762846,-172.2653,871.6624,THIN_EXPOSURE,0.0000,10.3359,6.0000,94.0000,AG03-UNRESOLVED,ALL5_LEVELS_bet23_to_bet27,10.3359,10.3359,10.3359,11.6279,11.6279,6.000000,6.000000,6.000000,6.750000,6.750000,94.000000,94.000000,94.000000,93.250000,93.250000,5.0,54.2636,47.8485,118.0017,124.4168,PENDING_AG03,FALSE,NOT_FOR_ENFORCEMENT,161.9294,706.0121,172.2653,161.9294,10.3359,0.19762846,0.18577075,10.3359,161.9294,0.18577075,10.3359,10.3359,10.3359,11.6279,11.6279,161.9294,0.18577075,54.2636,47.8485,118.0017,124.4168,0.13537549,0.14273508,0.01185771,41.5077,35.7656,8.2031,172.2653,43.0663,871.6624,21.0000,,41.5077,17.2265,34.4531,54.2636,86.1326,86.1326,86.1326,34.4531,0.0,2.5,2.5,1.204762,4,6,1,2,0E-8,0.19762846,,0E-8,0.000000,0.861660,0.000000,,2026-05-28,2026-05-28,1,4,4,1,1.000000,,,0.000000,,,,,,,,GLOBAL_BASELINE_NO_ENTITY_RANKING,,,NOT_APPLICABLE_GLOBAL_BASELINE,HF9g-P5,,,,X 全窗基线 · 不参与实体赏罚,6876339,688,A168_HF9F_20260827_0900,2026-08-27 09:00:00
2026-05-28,150662965,2167,0,86.1326442721,17.2265288545,17.2265288545,0.3333333,3,3,0.49324550000000000,0.493245500000,-0.5540025479526107,-0.5540025479526106,-0.5540025479526107,0E-17,ELIGIBLE,R03b_20260811_FULL_v1,L1_ELIGIBILITY,v2026-08-11,2026-03-21..2026-08-06,baccarat_bet02_101_all_pairs_incl_sentinel,round_win = game_pnl > 0 (decisive only),COMPATIBILITY_ONLY_NOT_PRODUCTION,871.6624,751.0767,172.2653,21,21,-0.19762846,,-0.19762846,-0.19762846,-172.2653,871.6624,THIN_EXPOSURE,0.0000,10.3359,6.0000,94.0000,AG03-UNRESOLVED,ALL5_LEVELS_bet23_to_bet27,10.3359,10.3359,10.3359,11.6279,11.6279,6.000000,6.000000,6.000000,6.750000,6.750000,94.000000,94.000000,94.000000,93.250000,93.250000,5.0,54.2636,47.8485,118.0017,124.4168,PENDING_AG03,FALSE,NOT_FOR_ENFORCEMENT,161.9294,706.0121,172.2653,161.9294,10.3359,0.19762846,0.18577075,10.3359,161.9294,0.18577075,10.3359,10.3359,10.3359,11.6279,11.6279,161.9294,0.18577075,54.2636,47.8485,118.0017,124.4168,0.13537549,0.14273508,0.01185771,41.5077,35.7656,8.2031,172.2653,43.0663,871.6624,21.0000,,41.5077,17.2265,34.4531,54.2636,86.1326,86.1326,86.1326,34.4531,0.0,2.5,2.5,1.204762,4,6,1,2,0E-8,0.19762846,,0E-8,0.000000,0.861660,0.000000,,2026-05-28,2026-05-28,1,4,4,1,1.000000,,,0.000000,,,,,,,,GLOBAL_BASELINE_NO_ENTITY_RANKING,,,NOT_APPLICABLE_GLOBAL_BASELINE,HF9g-P5,,,,X 全窗基线 · 不参与实体赏罚,6876340,688,A168_HF9F_20260827_0900,2026-08-27 09:00:00
2026-05-28,150662965,2276,0,96.4685615849,-96.4685615849,-96.4685615849,0E-7,2,2,0.49994810000000000,0.499948100000,-1.4140667746232096,-1.4140667746232096,-1.4140667746232096,0E-17,ELIGIBLE,R03b_20260811_FULL_v1,L1_ELIGIBILITY,v2026-08-11,2026-03-21..2026-08-06,baccarat_bet02_101_all_pairs_incl_sentinel,round_win = game_pnl > 0 (decisive only),COMPATIBILITY_ONLY_NOT_PRODUCTION,871.6624,751.0767,172.2653,21,21,-0.19762846,,-0.19762846,-0.19762846,-172.2653,871.6624,THIN_EXPOSURE,0.0000,10.3359,6.0000,94.0000,AG03-UNRESOLVED,ALL5_LEVELS_bet23_to_bet27,10.3359,10.3359,10.3359,11.6279,11.6279,6.000000,6.000000,6.000000,6.750000,6.750000,94.000000,94.000000,94.000000,93.250000,93.250000,5.0,54.2636,47.8485,118.0017,124.4168,PENDING_AG03,FALSE,NOT_FOR_ENFORCEMENT,161.9294,706.0121,172.2653,161.9294,10.3359,0.19762846,0.18577075,10.3359,161.9294,0.18577075,10.3359,10.3359,10.3359,11.6279,11.6279,161.9294,0.18577075,54.2636,47.8485,118.0017,124.4168,0.13537549,0.14273508,0.01185771,41.5077,35.7656,8.2031,172.2653,43.0663,871.6624,21.0000,,41.5077,17.2265,34.4531,54.2636,86.1326,86.1326,86.1326,34.4531,0.0,2.5,2.5,1.204762,4,6,1,2,0E-8,0.19762846,,0E-8,0.000000,0.861660,0.000000,,2026-05-28,2026-05-28,1,4,4,1,1.000000,,,0.000000,,,,,,,,GLOBAL_BASELINE_NO_ENTITY_RANKING,,,NOT_APPLICABLE_GLOBAL_BASELINE,HF9g-P5,,,,X 全窗基线 · 不参与实体赏罚,6876341,688,A168_HF9F_20260827_0900,2026-08-27 09:00:00
2026-05-07,74940874,1325,0,206.7183462532,0E-10,0E-10,,1,1,0.49324550000000000,0.493245500000,,,,0E-17,NO_DECISIVE_ROUND,R03b_20260811_FULL_v1,L1_ELIGIBILITY,v2026-08-11,2026-03-21..2026-08-06,baccarat_bet02_101_all_pairs_incl_sentinel,round_win = game_pnl > 0 (decisive only),COMPATIBILITY_ONLY_NOT_PRODUCTION,723.5142,516.7959,172.2653,4,4,-0.23809524,,-0.23809524,-0.23809524,-172.2653,723.5142,THIN_EXPOSURE,0.0000,10.3359,6.0000,94.0000,AG03-UNRESOLVED,ALL5_LEVELS_bet23_to_bet27,10.3359,10.3359,10.3359,11.6279,11.6279,6.000000,6.000000,6.000000,6.750000,6.750000,94.000000,94.000000,94.000000,93.250000,93.250000,5.0,54.2636,47.8485,118.0017,124.4168,PENDING_AG03,FALSE,NOT_FOR_ENFORCEMENT,161.9294,485.7881,172.2653,161.9294,10.3359,0.23809524,0.22380952,10.3359,161.9294,0.22380952,10.3359,10.3359,10.3359,11.6279,11.6279,161.9294,0.22380952,54.2636,47.8485,118.0017,124.4168,0.16309524,0.17196179,0.01428571,180.8786,129.1990,43.0663,172.2653,43.0663,723.5142,4.0000,,180.8786,172.2653,172.2653,189.4918,206.7184,206.7184,206.7184,172.2653,-86.1326,1.2,1.2,1.05,4,4,1,2,0E-8,0.23809524,,0E-8,0.000000,0.714286,0.000000,,2026-05-07,2026-05-07,1,4,4,1,1.000000,,,0.000000,,,,,,,,GLOBAL_BASELINE_NO_ENTITY_RANKING,,,NOT_APPLICABLE_GLOBAL_BASELINE,HF9g-P5,,,,X 全窗基线 · 不参与实体赏罚,6876342,688,A168_HF9F_20260827_0900,2026-08-27 09:00:00
2026-05-07,74940874,1687,0,172.2652885444,-172.2652885444,-172.2652885444,0E-7,1,1,0.50665070000000000,0.506650700000,-1.013391052207602,-1.013391052207602,-1.013391052207602,0E-17,ELIGIBLE,R03b_20260811_FULL_v1,L1_ELIGIBILITY,v2026-08-11,2026-03-21..2026-08-06,baccarat_bet02_101_all_pairs_incl_sentinel,round_win = game_pnl > 0 (decisive only),COMPATIBILITY_ONLY_NOT_PRODUCTION,723.5142,516.7959,172.2653,4,4,-0.23809524,,-0.23809524,-0.23809524,-172.2653,723.5142,THIN_EXPOSURE,0.0000,10.3359,6.0000,94.0000,AG03-UNRESOLVED,ALL5_LEVELS_bet23_to_bet27,10.3359,10.3359,10.3359,11.6279,11.6279,6.000000,6.000000,6.000000,6.750000,6.750000,94.000000,94.000000,94.000000,93.250000,93.250000,5.0,54.2636,47.8485,118.0017,124.4168,PENDING_AG03,FALSE,NOT_FOR_ENFORCEMENT,161.9294,485.7881,172.2653,161.9294,10.3359,0.23809524,0.22380952,10.3359,161.9294,0.22380952,10.3359,10.3359,10.3359,11.6279,11.6279,161.9294,0.22380952,54.2636,47.8485,118.0017,124.4168,0.16309524,0.17196179,0.01428571,180.8786,129.1990,43.0663,172.2653,43.0663,723.5142,4.0000,,180.8786,172.2653,172.2653,189.4918,206.7184,206.7184,206.7184,172.2653,-86.1326,1.2,1.2,1.05,4,4,1,2,0E-8,0.23809524,,0E-8,0.000000,0.714286,0.000000,,2026-05-07,2026-05-07,1,4,4,1,1.000000,,,0.000000,,,,,,,,GLOBAL_BASELINE_NO_ENTITY_RANKING,,,NOT_APPLICABLE_GLOBAL_BASELINE,HF9g-P5,,,,X 全窗基线 · 不参与实体赏罚,6876343,688,A168_HF9F_20260827_0900,2026-08-27 09:00:00
2026-05-07,74940874,1951,0,172.2652885444,-172.2652885444,-172.2652885444,0E-7,1,1,0.50665070000000000,0.506650700000,-1.013391052207602,-1.013391052207602,-1.013391052207602,0E-17,ELIGIBLE,R03b_20260811_FULL_v1,L1_ELIGIBILITY,v2026-08-11,2026-03-21..2026-08-06,baccarat_bet02_101_all_pairs_incl_sentinel,round_win = game_pnl > 0 (decisive only),COMPATIBILITY_ONLY_NOT_PRODUCTION,723.5142,516.7959,172.2653,4,4,-0.23809524,,-0.23809524,-0.23809524,-172.2653,723.5142,THIN_EXPOSURE,0.0000,10.3359,6.0000,94.0000,AG03-UNRESOLVED,ALL5_LEVELS_bet23_to_bet27,10.3359,10.3359,10.3359,11.6279,11.6279,6.000000,6.000000,6.000000,6.750000,6.750000,94.000000,94.000000,94.000000,93.250000,93.250000,5.0,54.2636,47.8485,118.0017,124.4168,PENDING_AG03,FALSE,NOT_FOR_ENFORCEMENT,161.9294,485.7881,172.2653,161.9294,10.3359,0.23809524,0.22380952,10.3359,161.9294,0.22380952,10.3359,10.3359,10.3359,11.6279,11.6279,161.9294,0.22380952,54.2636,47.8485,118.0017,124.4168,0.16309524,0.17196179,0.01428571,180.8786,129.1990,43.0663,172.2653,43.0663,723.5142,4.0000,,180.8786,172.2653,172.2653,189.4918,206.7184,206.7184,206.7184,172.2653,-86.1326,1.2,1.2,1.05,4,4,1,2,0E-8,0.23809524,,0E-8,0.000000,0.714286,0.000000,,2026-05-07,2026-05-07,1,4,4,1,1.000000,,,0.000000,,,,,,,,GLOBAL_BASELINE_NO_ENTITY_RANKING,,,NOT_APPLICABLE_GLOBAL_BASELINE,HF9g-P5,,,,X 全窗基线 · 不参与实体赏罚,6876344,688,A168_HF9F_20260827_0900,2026-08-27 09:00:00
2026-05-07,74940874,595,0,172.2652885444,172.2652885444,172.2652885444,1.0000000,1,1,0.49324550000000000,0.493245500000,1.01360149184955,1.01360149184955,1.01360149184955,0E-17,ELIGIBLE,R03b_20260811_FULL_v1,L1_ELIGIBILITY,v2026-08-11,2026-03-21..2026-08-06,baccarat_bet02_101_all_pairs_incl_sentinel,round_win = game_pnl > 0 (decisive only),COMPATIBILITY_ONLY_NOT_PRODUCTION,723.5142,516.7959,172.2653,4,4,-0.23809524,,-0.23809524,-0.23809524,-172.2653,723.5142,THIN_EXPOSURE,0.0000,10.3359,6.0000,94.0000,AG03-UNRESOLVED,ALL5_LEVELS_bet23_to_bet27,10.3359,10.3359,10.3359,11.6279,11.6279,6.000000,6.000000,6.000000,6.750000,6.750000,94.000000,94.000000,94.000000,93.250000,93.250000,5.0,54.2636,47.8485,118.0017,124.4168,PENDING_AG03,FALSE,NOT_FOR_ENFORCEMENT,161.9294,485.7881,172.2653,161.9294,10.3359,0.23809524,0.22380952,10.3359,161.9294,0.22380952,10.3359,10.3359,10.3359,11.6279,11.6279,161.9294,0.22380952,54.2636,47.8485,118.0017,124.4168,0.16309524,0.17196179,0.01428571,180.8786,129.1990,43.0663,172.2653,43.0663,723.5142,4.0000,,180.8786,172.2653,172.2653,189.4918,206.7184,206.7184,206.7184,172.2653,-86.1326,1.2,1.2,1.05,4,4,1,2,0E-8,0.23809524,,0E-8,0.000000,0.714286,0.000000,,2026-05-07,2026-05-07,1,4,4,1,1.000000,,,0.000000,,,,,,,,GLOBAL_BASELINE_NO_ENTITY_RANKING,,,NOT_APPLICABLE_GLOBAL_BASELINE,HF9g-P5,,,,X 全窗基线 · 不参与实体赏罚,6876345,688,A168_HF9F_20260827_0900,2026-08-27 09:00:00
2026-05-30,137032470,-1,1,275.6244616711,103.3591731266,103.3591731266,0.6000000,6,6,0.49324550000000000,0.493245500000,0.47746420675292983,0.47746420675292983,0.47746420675292983,0E-17,SENTINEL_DEALER,R03b_20260811_FULL_v1,L1_ELIGIBILITY,v2026-08-11,2026-03-21..2026-08-06,baccarat_bet02_101_all_pairs_incl_sentinel,round_win = game_pnl > 0 (decisive only),COMPATIBILITY_ONLY_NOT_PRODUCTION,551.2489,516.7959,172.2653,9,9,-0.31250000,,-0.31250000,-0.31250000,-172.2653,551.2489,THIN_EXPOSURE,0.0000,10.3359,6.0000,94.0000,AG03-UNRESOLVED,ALL5_LEVELS_bet23_to_bet27,10.3359,10.3359,10.3359,11.6279,11.6279,6.000000,6.000000,6.000000,6.750000,6.750000,94.000000,94.000000,94.000000,93.250000,93.250000,5.0,54.2636,47.8485,118.0017,124.4168,PENDING_AG03,FALSE,NOT_FOR_ENFORCEMENT,161.9294,485.7881,172.2653,161.9294,10.3359,0.31250000,0.29375000,10.3359,161.9294,0.29375000,10.3359,10.3359,10.3359,11.6279,11.6279,161.9294,0.29375000,54.2636,47.8485,118.0017,124.4168,0.21406250,0.22569985,0.01875000,61.2499,57.4218,19.1406,172.2653,34.4531,551.2489,9.0000,,61.2499,34.4531,34.4531,77.5194,144.7028,172.2653,172.2653,34.4531,-34.4531,5.0,5.0,1.777778,5,4,1,2,0E-8,0.31250000,,0E-8,0.000000,0.937500,0.000000,,2026-05-30,2026-05-30,1,5,5,1,1.000000,,,0.000000,,,,,,,,GLOBAL_BASELINE_NO_ENTITY_RANKING,,,NOT_APPLICABLE_GLOBAL_BASELINE,HF9g-P5,,,,X 全窗基线 · 不参与实体赏罚,6876346,688,A168_HF9F_20260827_0900,2026-08-27 09:00:00
2026-05-30,137032470,1385,0,68.9061154177,-68.9061154177,-68.9061154177,0E-7,1,1,0.50665070000000000,0.506650700000,-1.013391052207602,-1.013391052207602,-1.013391052207602,0E-17,ELIGIBLE,R03b_20260811_FULL_v1,L1_ELIGIBILITY,v2026-08-11,2026-03-21..2026-08-06,baccarat_bet02_101_all_pairs_incl_sentinel,round_win = game_pnl > 0 (decisive only),COMPATIBILITY_ONLY_NOT_PRODUCTION,551.2489,516.7959,172.2653,9,9,-0.31250000,,-0.31250000,-0.31250000,-172.2653,551.2489,THIN_EXPOSURE,0.0000,10.3359,6.0000,94.0000,AG03-UNRESOLVED,ALL5_LEVELS_bet23_to_bet27,10.3359,10.3359,10.3359,11.6279,11.6279,6.000000,6.000000,6.000000,6.750000,6.750000,94.000000,94.000000,94.000000,93.250000,93.250000,5.0,54.2636,47.8485,118.0017,124.4168,PENDING_AG03,FALSE,NOT_FOR_ENFORCEMENT,161.9294,485.7881,172.2653,161.9294,10.3359,0.31250000,0.29375000,10.3359,161.9294,0.29375000,10.3359,10.3359,10.3359,11.6279,11.6279,161.9294,0.29375000,54.2636,47.8485,118.0017,124.4168,0.21406250,0.22569985,0.01875000,61.2499,57.4218,19.1406,172.2653,34.4531,551.2489,9.0000,,61.2499,34.4531,34.4531,77.5194,144.7028,172.2653,172.2653,34.4531,-34.4531,5.0,5.0,1.777778,5,4,1,2,0E-8,0.31250000,,0E-8,0.000000,0.937500,0.000000,,2026-05-30,2026-05-30,1,5,5,1,1.000000,,,0.000000,,,,,,,,GLOBAL_BASELINE_NO_ENTITY_RANKING,,,NOT_APPLICABLE_GLOBAL_BASELINE,HF9g-P5,,,,X 全窗基线 · 不参与实体赏罚,6876347,688,A168_HF9F_20260827_0900,2026-08-27 09:00:00
2026-05-30,137032470,2129,0,34.4530577089,-34.4530577089,-34.4530577089,0E-7,1,1,0.49324550000000000,0.493245500000,-0.9865810262130424,-0.9865810262130424,-0.9865810262130424,0E-17,ELIGIBLE,R03b_20260811_FULL_v1,L1_ELIGIBILITY,v2026-08-11,2026-03-21..2026-08-06,baccarat_bet02_101_all_pairs_incl_sentinel,round_win = game_pnl > 0 (decisive only),COMPATIBILITY_ONLY_NOT_PRODUCTION,551.2489,516.7959,172.2653,9,9,-0.31250000,,-0.31250000,-0.31250000,-172.2653,551.2489,THIN_EXPOSURE,0.0000,10.3359,6.0000,94.0000,AG03-UNRESOLVED,ALL5_LEVELS_bet23_to_bet27,10.3359,10.3359,10.3359,11.6279,11.6279,6.000000,6.000000,6.000000,6.750000,6.750000,94.000000,94.000000,94.000000,93.250000,93.250000,5.0,54.2636,47.8485,118.0017,124.4168,PENDING_AG03,FALSE,NOT_FOR_ENFORCEMENT,161.9294,485.7881,172.2653,161.9294,10.3359,0.31250000,0.29375000,10.3359,161.9294,0.29375000,10.3359,10.3359,10.3359,11.6279,11.6279,161.9294,0.29375000,54.2636,47.8485,118.0017,124.4168,0.21406250,0.22569985,0.01875000,61.2499,57.4218,19.1406,172.2653,34.4531,551.2489,9.0000,,61.2499,34.4531,34.4531,77.5194,144.7028,172.2653,172.2653,34.4531,-34.4531,5.0,5.0,1.777778,5,4,1,2,0E-8,0.31250000,,0E-8,0.000000,0.937500,0.000000,,2026-05-30,2026-05-30,1,5,5,1,1.000000,,,0.000000,,,,,,,,GLOBAL_BASELINE_NO_ENTITY_RANKING,,,NOT_APPLICABLE_GLOBAL_BASELINE,HF9g-P5,,,,X 全窗基线 · 不参与实体赏罚,6876348,688,A168_HF9F_20260827_0900,2026-08-27 09:00:00
2026-05-30,137032470,2244,0,172.2652885444,-172.2652885444,-172.2652885444,0E-7,1,1,0.49324550000000000,0.493245500000,-0.9865810262130424,-0.9865810262130424,-0.9865810262130424,0E-17,ELIGIBLE,R03b_20260811_FULL_v1,L1_ELIGIBILITY,v2026-08-11,2026-03-21..2026-08-06,baccarat_bet02_101_all_pairs_incl_sentinel,round_win = game_pnl > 0 (decisive only),COMPATIBILITY_ONLY_NOT_PRODUCTION,551.2489,516.7959,172.2653,9,9,-0.31250000,,-0.31250000,-0.31250000,-172.2653,551.2489,THIN_EXPOSURE,0.0000,10.3359,6.0000,94.0000,AG03-UNRESOLVED,ALL5_LEVELS_bet23_to_bet27,10.3359,10.3359,10.3359,11.6279,11.6279,6.000000,6.000000,6.000000,6.750000,6.750000,94.000000,94.000000,94.000000,93.250000,93.250000,5.0,54.2636,47.8485,118.0017,124.4168,PENDING_AG03,FALSE,NOT_FOR_ENFORCEMENT,161.9294,485.7881,172.2653,161.9294,10.3359,0.31250000,0.29375000,10.3359,161.9294,0.29375000,10.3359,10.3359,10.3359,11.6279,11.6279,161.9294,0.29375000,54.2636,47.8485,118.0017,124.4168,0.21406250,0.22569985,0.01875000,61.2499,57.4218,19.1406,172.2653,34.4531,551.2489,9.0000,,61.2499,34.4531,34.4531,77.5194,144.7028,172.2653,172.2653,34.4531,-34.4531,5.0,5.0,1.777778,5,4,1,2,0E-8,0.31250000,,0E-8,0.000000,0.937500,0.000000,,2026-05-30,2026-05-30,1,5,5,1,1.000000,,,0.000000,,,,,,,,GLOBAL_BASELINE_NO_ENTITY_RANKING,,,NOT_APPLICABLE_GLOBAL_BASELINE,HF9g-P5,,,,X 全窗基线 · 不参与实体赏罚,6876349,688,A168_HF9F_20260827_0900,2026-08-27 09:00:00
2026-05-12,136252146,2223,0,122.4661275077,-63.6487763891,-63.6487763891,0.2500000,5,4,0.49198274539865868,0.441788250000,-0.9680554357759527,-0.7724056192643294,-0.9680554357759527,0.05019449539865868,ELIGIBLE,R03b_20260811_FULL_v1,L1_ELIGIBILITY,v2026-08-11,2026-03-21..2026-08-06,baccarat_bet02_101_all_pairs_incl_sentinel,round_win = game_pnl > 0 (decisive only),COMPATIBILITY_ONLY_NOT_PRODUCTION,366.1380,366.1380,168.6798,17,13,-0.46069994,,-0.46069994,-0.46069994,-168.6798,366.1380,THIN_EXPOSURE,0.0000,6.7472,4.0000,96.0000,AG03-UNRESOLVED,ALL5_LEVELS_bet23_to_bet27,6.7472,6.7472,6.7472,8.4340,8.4340,4.000000,4.000000,4.000000,5.000000,5.000000,96.000000,96.000000,96.000000,95.000000,95.000000,5.0,37.1095,33.9933,131.5702,134.6864,PENDING_AG03,FALSE,NOT_FOR_ENFORCEMENT,161.9326,351.4925,168.6798,161.9326,6.7472,0.46069994,0.44227194,6.7472,161.9326,0.44227194,6.7472,6.7472,6.7472,8.4340,8.4340,161.9326,0.44227194,37.1095,33.9933,131.5702,134.6864,0.35934596,0.36785704,0.01842800,21.5375,28.1645,12.9754,168.6798,84.3399,366.1380,13.0000,,21.5375,8.4025,21.0062,32.087,37.8112,47.369,52.5155,21.0062,-20.5861,2.255,2.5,1.025294,2,2,1,4,0E-8,0.46069994,,0E-8,0.000000,1.000000,0.000000,,2026-05-12,2026-05-12,1,2,2,1,1.000000,,,0.000000,,,,,,,,GLOBAL_BASELINE_NO_ENTITY_RANKING,,,NOT_APPLICABLE_GLOBAL_BASELINE,HF9g-P5,,,,X 全窗基线 · 不参与实体赏罚,6876350,688,A168_HF9F_20260827_0900,2026-08-27 09:00:00
2026-05-12,136252146,2233,0,243.6718832057,-105.0309841405,-105.0309841405,0.3333333,12,9,0.48533460832317026,0.421894311111,-0.9124002009825962,-0.5379701777609662,-0.9124002009825962,0.06344029721217026,ELIGIBLE,R03b_20260811_FULL_v1,L1_ELIGIBILITY,v2026-08-11,2026-03-21..2026-08-06,baccarat_bet02_101_all_pairs_incl_sentinel,round_win = game_pnl > 0 (decisive only),COMPATIBILITY_ONLY_NOT_PRODUCTION,366.1380,366.1380,168.6798,17,13,-0.46069994,,-0.46069994,-0.46069994,-168.6798,366.1380,THIN_EXPOSURE,0.0000,6.7472,4.0000,96.0000,AG03-UNRESOLVED,ALL5_LEVELS_bet23_to_bet27,6.7472,6.7472,6.7472,8.4340,8.4340,4.000000,4.000000,4.000000,5.000000,5.000000,96.000000,96.000000,96.000000,95.000000,95.000000,5.0,37.1095,33.9933,131.5702,134.6864,PENDING_AG03,FALSE,NOT_FOR_ENFORCEMENT,161.9326,351.4925,168.6798,161.9326,6.7472,0.46069994,0.44227194,6.7472,161.9326,0.44227194,6.7472,6.7472,6.7472,8.4340,8.4340,161.9326,0.44227194,37.1095,33.9933,131.5702,134.6864,0.35934596,0.36785704,0.01842800,21.5375,28.1645,12.9754,168.6798,84.3399,366.1380,13.0000,,21.5375,8.4025,21.0062,32.087,37.8112,47.369,52.5155,21.0062,-20.5861,2.255,2.5,1.025294,2,2,1,4,0E-8,0.46069994,,0E-8,0.000000,1.000000,0.000000,,2026-05-12,2026-05-12,1,2,2,1,1.000000,,,0.000000,,,,,,,,GLOBAL_BASELINE_NO_ENTITY_RANKING,,,NOT_APPLICABLE_GLOBAL_BASELINE,HF9g-P5,,,,X 全窗基线 · 不参与实体赏罚,6876351,688,A168_HF9F_20260827_0900,2026-08-27 09:00:00
2026-05-26,150596196,1374,0,21.0061968281,-21.0061968281,-21.0061968281,0E-7,1,1,0.50665070000000000,0.506650700000,-1.013391052207602,-1.013391052207602,-1.013391052207602,0E-17,ELIGIBLE,R03b_20260811_FULL_v1,L1_ELIGIBILITY,v2026-08-11,2026-03-21..2026-08-06,baccarat_bet02_101_all_pairs_incl_sentinel,round_win = game_pnl > 0 (decisive only),COMPATIBILITY_ONLY_NOT_PRODUCTION,242.2014,168.6798,168.6798,8,6,-0.69644406,,-0.69644406,-0.69644406,-168.6798,242.2014,THIN_EXPOSURE,0.0000,6.7472,4.0000,96.0000,AG03-UNRESOLVED,ALL5_LEVELS_bet23_to_bet27,6.7472,6.7472,6.7472,10.1208,10.1208,4.000000,4.000000,4.000000,6.000000,6.000000,96.000000,96.000000,96.000000,94.000000,94.000000,5.0,40.4831,36.8139,128.1966,131.8659,PENDING_AG03,FALSE,NOT_FOR_ENFORCEMENT,161.9326,161.9326,168.6798,161.9326,6.7472,0.69644406,0.66858630,6.7472,161.9326,0.66858630,6.7472,6.7472,6.7472,10.1208,10.1208,161.9326,0.66858630,40.4831,36.8139,128.1966,131.8659,0.52929748,0.54444704,0.02785776,30.2752,28.1133,28.1133,168.6798,84.3399,242.2014,6.0000,,30.2752,15.7546,33.6099,42.0124,50.4359,53.1457,53.1457,15.7546,-15.7546,1.58125,1.58125,0.900781,2,2,1,3,0E-8,0.69644406,,0E-8,0.000000,0.696444,0.000000,,2026-05-26,2026-05-26,1,2,2,1,1.000000,,,0.000000,,,,,,,,GLOBAL_BASELINE_NO_ENTITY_RANKING,,,NOT_APPLICABLE_GLOBAL_BASELINE,HF9g-P5,,,,X 全窗基线 · 不参与实体赏罚,6876352,688,A168_HF9F_20260827_0900,2026-08-27 09:00:00
2026-05-26,150596196,2177,0,221.1952525994,-147.6735637012,-147.6735637012,0E-7,7,5,0.47202178107701652,0.416275980000,-1.8910500004238564,-1.6889503750297465,-1.8910500004238564,0.05574580107701652,ELIGIBLE,R03b_20260811_FULL_v1,L1_ELIGIBILITY,v2026-08-11,2026-03-21..2026-08-06,baccarat_bet02_101_all_pairs_incl_sentinel,round_win = game_pnl > 0 (decisive only),COMPATIBILITY_ONLY_NOT_PRODUCTION,242.2014,168.6798,168.6798,8,6,-0.69644406,,-0.69644406,-0.69644406,-168.6798,242.2014,THIN_EXPOSURE,0.0000,6.7472,4.0000,96.0000,AG03-UNRESOLVED,ALL5_LEVELS_bet23_to_bet27,6.7472,6.7472,6.7472,10.1208,10.1208,4.000000,4.000000,4.000000,6.000000,6.000000,96.000000,96.000000,96.000000,94.000000,94.000000,5.0,40.4831,36.8139,128.1966,131.8659,PENDING_AG03,FALSE,NOT_FOR_ENFORCEMENT,161.9326,161.9326,168.6798,161.9326,6.7472,0.69644406,0.66858630,6.7472,161.9326,0.66858630,6.7472,6.7472,6.7472,10.1208,10.1208,161.9326,0.66858630,40.4831,36.8139,128.1966,131.8659,0.52929748,0.54444704,0.02785776,30.2752,28.1133,28.1133,168.6798,84.3399,242.2014,6.0000,,30.2752,15.7546,33.6099,42.0124,50.4359,53.1457,53.1457,15.7546,-15.7546,1.58125,1.58125,0.900781,2,2,1,3,0E-8,0.69644406,,0E-8,0.000000,0.696444,0.000000,,2026-05-26,2026-05-26,1,2,2,1,1.000000,,,0.000000,,,,,,,,GLOBAL_BASELINE_NO_ENTITY_RANKING,,,NOT_APPLICABLE_GLOBAL_BASELINE,HF9g-P5,,,,X 全窗基线 · 不参与实体赏罚,6876353,688,A168_HF9F_20260827_0900,2026-08-27 09:00:00
2026-08-06,153885993,2101,0,64.2128785349,-64.2128785349,-64.2128785349,0E-7,1,1,0.49324550000000000,0.493245500000,-0.9865810262130424,-0.9865810262130424,-0.9865810262130424,0E-17,ELIGIBLE,R03b_20260811_FULL_v1,L1_ELIGIBILITY,v2026-08-11,2026-03-21..2026-08-06,baccarat_bet02_101_all_pairs_incl_sentinel,round_win = game_pnl > 0 (decisive only),COMPATIBILITY_ONLY_NOT_PRODUCTION,166.9535,166.9535,166.9535,3,3,-1.00000000,-1.00000000,,-1.00000000,-166.9535,166.9535,THIN_EXPOSURE,0.0000,5.0086,3.0000,97.0000,AG03-UNRESOLVED,ALL5_LEVELS_bet23_to_bet27,5.0086,5.0086,5.0086,6.6781,6.6781,3.000000,3.000000,3.000000,4.000000,4.000000,97.000000,97.000000,97.000000,96.000000,96.000000,5.0,28.3821,26.5257,138.5714,140.4278,PENDING_AG03,FALSE,NOT_FOR_ENFORCEMENT,161.9449,161.9449,166.9535,161.9449,5.0086,1.00000000,0.97000000,5.0086,161.9449,0.97000000,5.0086,5.0086,5.0086,6.6781,6.6781,161.9449,0.97000000,28.3821,26.5257,138.5714,140.4278,0.83000000,0.84111944,0.03000000,55.6512,55.6512,55.6512,166.9535,55.6512,166.9535,3.0000,55.6512,,35.3171,64.2129,73.8448,77.0555,77.0555,77.0555,64.2129,-64.2129,1.2,1.2,0.866667,3,3,1,1,1.00000000,1.00000000,1.00000000,0E-8,0.000000,1.000000,0.000000,,2026-08-06,2026-08-06,1,3,3,1,1.000000,,1.000000,3.333333,,,,,,,,GLOBAL_BASELINE_NO_ENTITY_RANKING,,,NOT_APPLICABLE_GLOBAL_BASELINE,HF9g-P5,,,,X 全窗基线 · 不参与实体赏罚,6876354,688,A168_HF9F_20260827_0900,2026-08-27 09:00:00
2026-08-06,153885993,2281,0,25.6851514140,-25.6851514140,-25.6851514140,0E-7,1,1,0.49324550000000000,0.493245500000,-0.9865810262130424,-0.9865810262130424,-0.9865810262130424,0E-17,ELIGIBLE,R03b_20260811_FULL_v1,L1_ELIGIBILITY,v2026-08-11,2026-03-21..2026-08-06,baccarat_bet02_101_all_pairs_incl_sentinel,round_win = game_pnl > 0 (decisive only),COMPATIBILITY_ONLY_NOT_PRODUCTION,166.9535,166.9535,166.9535,3,3,-1.00000000,-1.00000000,,-1.00000000,-166.9535,166.9535,THIN_EXPOSURE,0.0000,5.0086,3.0000,97.0000,AG03-UNRESOLVED,ALL5_LEVELS_bet23_to_bet27,5.0086,5.0086,5.0086,6.6781,6.6781,3.000000,3.000000,3.000000,4.000000,4.000000,97.000000,97.000000,97.000000,96.000000,96.000000,5.0,28.3821,26.5257,138.5714,140.4278,PENDING_AG03,FALSE,NOT_FOR_ENFORCEMENT,161.9449,161.9449,166.9535,161.9449,5.0086,1.00000000,0.97000000,5.0086,161.9449,0.97000000,5.0086,5.0086,5.0086,6.6781,6.6781,161.9449,0.97000000,28.3821,26.5257,138.5714,140.4278,0.83000000,0.84111944,0.03000000,55.6512,55.6512,55.6512,166.9535,55.6512,166.9535,3.0000,55.6512,,35.3171,64.2129,73.8448,77.0555,77.0555,77.0555,64.2129,-64.2129,1.2,1.2,0.866667,3,3,1,1,1.00000000,1.00000000,1.00000000,0E-8,0.000000,1.000000,0.000000,,2026-08-06,2026-08-06,1,3,3,1,1.000000,,1.000000,3.333333,,,,,,,,GLOBAL_BASELINE_NO_ENTITY_RANKING,,,NOT_APPLICABLE_GLOBAL_BASELINE,HF9g-P5,,,,X 全窗基线 · 不参与实体赏罚,6876355,688,A168_HF9F_20260827_0900,2026-08-27 09:00:00
2026-08-06,153885993,526,0,77.0554542419,-77.0554542419,-77.0554542419,0E-7,1,1,0.49324550000000000,0.493245500000,-0.9865810262130424,-0.9865810262130424,-0.9865810262130424,0E-17,ELIGIBLE,R03b_20260811_FULL_v1,L1_ELIGIBILITY,v2026-08-11,2026-03-21..2026-08-06,baccarat_bet02_101_all_pairs_incl_sentinel,round_win = game_pnl > 0 (decisive only),COMPATIBILITY_ONLY_NOT_PRODUCTION,166.9535,166.9535,166.9535,3,3,-1.00000000,-1.00000000,,-1.00000000,-166.9535,166.9535,THIN_EXPOSURE,0.0000,5.0086,3.0000,97.0000,AG03-UNRESOLVED,ALL5_LEVELS_bet23_to_bet27,5.0086,5.0086,5.0086,6.6781,6.6781,3.000000,3.000000,3.000000,4.000000,4.000000,97.000000,97.000000,97.000000,96.000000,96.000000,5.0,28.3821,26.5257,138.5714,140.4278,PENDING_AG03,FALSE,NOT_FOR_ENFORCEMENT,161.9449,161.9449,166.9535,161.9449,5.0086,1.00000000,0.97000000,5.0086,161.9449,0.97000000,5.0086,5.0086,5.0086,6.6781,6.6781,161.9449,0.97000000,28.3821,26.5257,138.5714,140.4278,0.83000000,0.84111944,0.03000000,55.6512,55.6512,55.6512,166.9535,55.6512,166.9535,3.0000,55.6512,,35.3171,64.2129,73.8448,77.0555,77.0555,77.0555,64.2129,-64.2129,1.2,1.2,0.866667,3,3,1,1,1.00000000,1.00000000,1.00000000,0E-8,0.000000,1.000000,0.000000,,2026-08-06,2026-08-06,1,3,3,1,1.000000,,1.000000,3.333333,,,,,,,,GLOBAL_BASELINE_NO_ENTITY_RANKING,,,NOT_APPLICABLE_GLOBAL_BASELINE,HF9g-P5,,,,X 全窗基线 · 不参与实体赏罚,6876356,688,A168_HF9F_20260827_0900,2026-08-27 09:00:00
2026-03-27,129613428,1384,0,27.3849961819,26.0157463728,26.0157463728,1.0000000,1,1,0.50665070000000000,0.506650700000,0.9867858985152569,0.9867858985152569,0.9867858985152569,0E-17,ELIGIBLE,R03b_20260811_FULL_v1,L1_ELIGIBILITY,v2026-08-11,2026-03-21..2026-08-06,baccarat_bet02_101_all_pairs_incl_sentinel,round_win = game_pnl > 0 (decisive only),COMPATIBILITY_ONLY_NOT_PRODUCTION,440.2300,386.4073,168.7007,14,14,-0.38321041,-0.50114416,-0.34257062,-0.38321041,-168.7007,440.2300,THIN_EXPOSURE,0.0000,6.7480,4.0000,96.0000,AG03-UNRESOLVED,ALL5_LEVELS_bet23_to_bet27,6.7480,6.7480,6.7480,8.4350,8.4350,4.000000,4.000000,4.000000,5.000000,5.000000,96.000000,96.000000,96.000000,95.000000,95.000000,5.0,37.1142,33.9975,131.5866,134.7032,PENDING_AG03,FALSE,NOT_FOR_ENFORCEMENT,161.9527,370.9510,168.7007,161.9527,6.7480,0.38321041,0.36788199,6.7480,161.9527,0.36788199,6.7480,6.7480,6.7480,8.4350,8.4350,161.9527,0.36788199,37.1142,33.9975,131.5866,134.7032,0.29890412,0.30598364,0.01532842,31.4450,27.6005,12.0501,15.3364,15.3364,40.0209,1.2727,28.2059,32.7406,26.4377,27.385,31.4977,49.1877,52.0559,52.8754,27.3759,-20.6767,1.900892,1.930817,1.148256,5,10,11,2,0.25628352,0.38321041,0.50114416,0E-8,0.000000,0.877740,0.142857,-0.15857354,2026-03-27,2026-07-22,11,11,11,118,0.093220,0.861496,0.896992,0.854278,,,,,,,,GLOBAL_BASELINE_NO_ENTITY_RANKING,,,NOT_APPLICABLE_GLOBAL_BASELINE,HF9g-P5,,,,X 全窗基线 · 不参与实体赏罚,6876357,688,A168_HF9F_20260827_0900,2026-08-27 09:00:00
2026-03-27,129613428,2202,0,27.3849961819,0E-10,0E-10,,1,1,0.50665070000000000,0.506650700000,,,,0E-17,NO_DECISIVE_ROUND,R03b_20260811_FULL_v1,L1_ELIGIBILITY,v2026-08-11,2026-03-21..2026-08-06,baccarat_bet02_101_all_pairs_incl_sentinel,round_win = game_pnl > 0 (decisive only),COMPATIBILITY_ONLY_NOT_PRODUCTION,440.2300,386.4073,168.7007,14,14,-0.38321041,-0.50114416,-0.34257062,-0.38321041,-168.7007,440.2300,THIN_EXPOSURE,0.0000,6.7480,4.0000,96.0000,AG03-UNRESOLVED,ALL5_LEVELS_bet23_to_bet27,6.7480,6.7480,6.7480,8.4350,8.4350,4.000000,4.000000,4.000000,5.000000,5.000000,96.000000,96.000000,96.000000,95.000000,95.000000,5.0,37.1142,33.9975,131.5866,134.7032,PENDING_AG03,FALSE,NOT_FOR_ENFORCEMENT,161.9527,370.9510,168.7007,161.9527,6.7480,0.38321041,0.36788199,6.7480,161.9527,0.36788199,6.7480,6.7480,6.7480,8.4350,8.4350,161.9527,0.36788199,37.1142,33.9975,131.5866,134.7032,0.29890412,0.30598364,0.01532842,31.4450,27.6005,12.0501,15.3364,15.3364,40.0209,1.2727,28.2059,32.7406,26.4377,27.385,31.4977,49.1877,52.0559,52.8754,27.3759,-20.6767,1.900892,1.930817,1.148256,5,10,11,2,0.25628352,0.38321041,0.50114416,0E-8,0.000000,0.877740,0.142857,-0.15857354,2026-03-27,2026-07-22,11,11,11,118,0.093220,0.861496,0.896992,0.854278,,,,,,,,GLOBAL_BASELINE_NO_ENTITY_RANKING,,,NOT_APPLICABLE_GLOBAL_BASELINE,HF9g-P5,,,,X 全窗基线 · 不参与实体赏罚,6876358,688,A168_HF9F_20260827_0900,2026-08-27 09:00:00
2026-03-31,129613428,1396,0,15.5357189878,-15.5357189878,-15.5357189878,0E-7,1,1,0.50665070000000000,0.506650700000,-1.013391052207602,-1.013391052207602,-1.013391052207602,0E-17,ELIGIBLE,R03b_20260811_FULL_v1,L1_ELIGIBILITY,v2026-08-11,2026-03-21..2026-08-06,baccarat_bet02_101_all_pairs_incl_sentinel,round_win = game_pnl > 0 (decisive only),COMPATIBILITY_ONLY_NOT_PRODUCTION,440.2300,386.4073,168.7007,14,14,-0.38321041,-0.50114416,-0.34257062,-0.38321041,-168.7007,440.2300,THIN_EXPOSURE,0.0000,6.7480,4.0000,96.0000,AG03-UNRESOLVED,ALL5_LEVELS_bet23_to_bet27,6.7480,6.7480,6.7480,8.4350,8.4350,4.000000,4.000000,4.000000,5.000000,5.000000,96.000000,96.000000,96.000000,95.000000,95.000000,5.0,37.1142,33.9975,131.5866,134.7032,PENDING_AG03,FALSE,NOT_FOR_ENFORCEMENT,161.9527,370.9510,168.7007,161.9527,6.7480,0.38321041,0.36788199,6.7480,161.9527,0.36788199,6.7480,6.7480,6.7480,8.4350,8.4350,161.9527,0.36788199,37.1142,33.9975,131.5866,134.7032,0.29890412,0.30598364,0.01532842,31.4450,27.6005,12.0501,15.3364,15.3364,40.0209,1.2727,28.2059,32.7406,26.4377,27.385,31.4977,49.1877,52.0559,52.8754,27.3759,-20.6767,1.900892,1.930817,1.148256,5,10,11,2,0.25628352,0.38321041,0.50114416,0E-8,0.000000,0.877740,0.142857,-0.15857354,2026-03-27,2026-07-22,11,11,11,118,0.093220,0.861496,0.896992,0.854278,,,,,,,,GLOBAL_BASELINE_NO_ENTITY_RANKING,,,NOT_APPLICABLE_GLOBAL_BASELINE,HF9g-P5,,,,X 全窗基线 · 不参与实体赏罚,6876359,688,A168_HF9F_20260827_0900,2026-08-27 09:00:00
2026-04-15,129613428,-1,1,52.8754286313,-52.8754286313,-52.8754286313,0E-7,1,1,0.50665070000000000,0.506650700000,-1.013391052207602,-1.013391052207602,-1.013391052207602,0E-17,SENTINEL_DEALER,R03b_20260811_FULL_v1,L1_ELIGIBILITY,v2026-08-11,2026-03-21..2026-08-06,baccarat_bet02_101_all_pairs_incl_sentinel,round_win = game_pnl > 0 (decisive only),COMPATIBILITY_ONLY_NOT_PRODUCTION,440.2300,386.4073,168.7007,14,14,-0.38321041,-0.50114416,-0.34257062,-0.38321041,-168.7007,440.2300,THIN_EXPOSURE,0.0000,6.7480,4.0000,96.0000,AG03-UNRESOLVED,ALL5_LEVELS_bet23_to_bet27,6.7480,6.7480,6.7480,8.4350,8.4350,4.000000,4.000000,4.000000,5.000000,5.000000,96.000000,96.000000,96.000000,95.000000,95.000000,5.0,37.1142,33.9975,131.5866,134.7032,PENDING_AG03,FALSE,NOT_FOR_ENFORCEMENT,161.9527,370.9510,168.7007,161.9527,6.7480,0.38321041,0.36788199,6.7480,161.9527,0.36788199,6.7480,6.7480,6.7480,8.4350,8.4350,161.9527,0.36788199,37.1142,33.9975,131.5866,134.7032,0.29890412,0.30598364,0.01532842,31.4450,27.6005,12.0501,15.3364,15.3364,40.0209,1.2727,28.2059,32.7406,26.4377,27.385,31.4977,49.1877,52.0559,52.8754,27.3759,-20.6767,1.900892,1.930817,1.148256,5,10,11,2,0.25628352,0.38321041,0.50114416,0E-8,0.000000,0.877740,0.142857,-0.15857354,2026-03-27,2026-07-22,11,11,11,118,0.093220,0.861496,0.896992,0.854278,,,,,,,,GLOBAL_BASELINE_NO_ENTITY_RANKING,,,NOT_APPLICABLE_GLOBAL_BASELINE,HF9g-P5,,,,X 全窗基线 · 不参与实体赏罚,6876360,688,A168_HF9F_20260827_0900,2026-08-27 09:00:00
2026-04-23,129613428,2093,0,52.8754286312,26.4377143156,26.4377143156,1.0000000,2,2,0.49324550000000000,0.493245500000,1.01360149184955,1.01360149184955,1.01360149184955,0E-17,ELIGIBLE,R03b_20260811_FULL_v1,L1_ELIGIBILITY,v2026-08-11,2026-03-21..2026-08-06,baccarat_bet02_101_all_pairs_incl_sentinel,round_win = game_pnl > 0 (decisive only),COMPATIBILITY_ONLY_NOT_PRODUCTION,440.2300,386.4073,168.7007,14,14,-0.38321041,-0.50114416,-0.34257062,-0.38321041,-168.7007,440.2300,THIN_EXPOSURE,0.0000,6.7480,4.0000,96.0000,AG03-UNRESOLVED,ALL5_LEVELS_bet23_to_bet27,6.7480,6.7480,6.7480,8.4350,8.4350,4.000000,4.000000,4.000000,5.000000,5.000000,96.000000,96.000000,96.000000,95.000000,95.000000,5.0,37.1142,33.9975,131.5866,134.7032,PENDING_AG03,FALSE,NOT_FOR_ENFORCEMENT,161.9527,370.9510,168.7007,161.9527,6.7480,0.38321041,0.36788199,6.7480,161.9527,0.36788199,6.7480,6.7480,6.7480,8.4350,8.4350,161.9527,0.36788199,37.1142,33.9975,131.5866,134.7032,0.29890412,0.30598364,0.01532842,31.4450,27.6005,12.0501,15.3364,15.3364,40.0209,1.2727,28.2059,32.7406,26.4377,27.385,31.4977,49.1877,52.0559,52.8754,27.3759,-20.6767,1.900892,1.930817,1.148256,5,10,11,2,0.25628352,0.38321041,0.50114416,0E-8,0.000000,0.877740,0.142857,-0.15857354,2026-03-27,2026-07-22,11,11,11,118,0.093220,0.861496,0.896992,0.854278,,,,,,,,GLOBAL_BASELINE_NO_ENTITY_RANKING,,,NOT_APPLICABLE_GLOBAL_BASELINE,HF9g-P5,,,,X 全窗基线 · 不参与实体赏罚,6876361,688,A168_HF9F_20260827_0900,2026-08-27 09:00:00
2026-05-08,129613428,1306,0,48.7779565150,-48.7779565150,-48.7779565150,0E-7,1,1,0.49324550000000000,0.493245500000,-0.9865810262130424,-0.9865810262130424,-0.9865810262130424,0E-17,ELIGIBLE,R03b_20260811_FULL_v1,L1_ELIGIBILITY,v2026-08-11,2026-03-21..2026-08-06,baccarat_bet02_101_all_pairs_incl_sentinel,round_win = game_pnl > 0 (decisive only),COMPATIBILITY_ONLY_NOT_PRODUCTION,440.2300,386.4073,168.7007,14,14,-0.38321041,-0.50114416,-0.34257062,-0.38321041,-168.7007,440.2300,THIN_EXPOSURE,0.0000,6.7480,4.0000,96.0000,AG03-UNRESOLVED,ALL5_LEVELS_bet23_to_bet27,6.7480,6.7480,6.7480,8.4350,8.4350,4.000000,4.000000,4.000000,5.000000,5.000000,96.000000,96.000000,96.000000,95.000000,95.000000,5.0,37.1142,33.9975,131.5866,134.7032,PENDING_AG03,FALSE,NOT_FOR_ENFORCEMENT,161.9527,370.9510,168.7007,161.9527,6.7480,0.38321041,0.36788199,6.7480,161.9527,0.36788199,6.7480,6.7480,6.7480,8.4350,8.4350,161.9527,0.36788199,37.1142,33.9975,131.5866,134.7032,0.29890412,0.30598364,0.01532842,31.4450,27.6005,12.0501,15.3364,15.3364,40.0209,1.2727,28.2059,32.7406,26.4377,27.385,31.4977,49.1877,52.0559,52.8754,27.3759,-20.6767,1.900892,1.930817,1.148256,5,10,11,2,0.25628352,0.38321041,0.50114416,0E-8,0.000000,0.877740,0.142857,-0.15857354,2026-03-27,2026-07-22,11,11,11,118,0.093220,0.861496,0.896992,0.854278,,,,,,,,GLOBAL_BASELINE_NO_ENTITY_RANKING,,,NOT_APPLICABLE_GLOBAL_BASELINE,HF9g-P5,,,,X 全窗基线 · 不参与实体赏罚,6876362,688,A168_HF9F_20260827_0900,2026-08-27 09:00:00
2026-05-22,129613428,1374,0,54.2265580406,0.9210731151,0.9210731151,0.5000000,2,2,0.50665070000000000,0.506650700000,-0.018812684590367487,-0.018812684590367487,-0.018812684590367487,0E-17,ELIGIBLE,R03b_20260811_FULL_v1,L1_ELIGIBILITY,v2026-08-11,2026-03-21..2026-08-06,baccarat_bet02_101_all_pairs_incl_sentinel,round_win = game_pnl > 0 (decisive only),COMPATIBILITY_ONLY_NOT_PRODUCTION,440.2300,386.4073,168.7007,14,14,-0.38321041,-0.50114416,-0.34257062,-0.38321041,-168.7007,440.2300,THIN_EXPOSURE,0.0000,6.7480,4.0000,96.0000,AG03-UNRESOLVED,ALL5_LEVELS_bet23_to_bet27,6.7480,6.7480,6.7480,8.4350,8.4350,4.000000,4.000000,4.000000,5.000000,5.000000,96.000000,96.000000,96.000000,95.000000,95.000000,5.0,37.1142,33.9975,131.5866,134.7032,PENDING_AG03,FALSE,NOT_FOR_ENFORCEMENT,161.9527,370.9510,168.7007,161.9527,6.7480,0.38321041,0.36788199,6.7480,161.9527,0.36788199,6.7480,6.7480,6.7480,8.4350,8.4350,161.9527,0.36788199,37.1142,33.9975,131.5866,134.7032,0.29890412,0.30598364,0.01532842,31.4450,27.6005,12.0501,15.3364,15.3364,40.0209,1.2727,28.2059,32.7406,26.4377,27.385,31.4977,49.1877,52.0559,52.8754,27.3759,-20.6767,1.900892,1.930817,1.148256,5,10,11,2,0.25628352,0.38321041,0.50114416,0E-8,0.000000,0.877740,0.142857,-0.15857354,2026-03-27,2026-07-22,11,11,11,118,0.093220,0.861496,0.896992,0.854278,,,,,,,,GLOBAL_BASELINE_NO_ENTITY_RANKING,,,NOT_APPLICABLE_GLOBAL_BASELINE,HF9g-P5,,,,X 全窗基线 · 不参与实体赏罚,6876363,688,A168_HF9F_20260827_0900,2026-08-27 09:00:00
2026-06-17,129613428,2251,0,48.3452053385,-48.3452053385,-48.3452053385,0E-7,1,1,0.49324550000000000,0.493245500000,-0.9865810262130424,-0.9865810262130424,-0.9865810262130424,0E-17,ELIGIBLE,R03b_20260811_FULL_v1,L1_ELIGIBILITY,v2026-08-11,2026-03-21..2026-08-06,baccarat_bet02_101_all_pairs_incl_sentinel,round_win = game_pnl > 0 (decisive only),COMPATIBILITY_ONLY_NOT_PRODUCTION,440.2300,386.4073,168.7007,14,14,-0.38321041,-0.50114416,-0.34257062,-0.38321041,-168.7007,440.2300,THIN_EXPOSURE,0.0000,6.7480,4.0000,96.0000,AG03-UNRESOLVED,ALL5_LEVELS_bet23_to_bet27,6.7480,6.7480,6.7480,8.4350,8.4350,4.000000,4.000000,4.000000,5.000000,5.000000,96.000000,96.000000,96.000000,95.000000,95.000000,5.0,37.1142,33.9975,131.5866,134.7032,PENDING_AG03,FALSE,NOT_FOR_ENFORCEMENT,161.9527,370.9510,168.7007,161.9527,6.7480,0.38321041,0.36788199,6.7480,161.9527,0.36788199,6.7480,6.7480,6.7480,8.4350,8.4350,161.9527,0.36788199,37.1142,33.9975,131.5866,134.7032,0.29890412,0.30598364,0.01532842,31.4450,27.6005,12.0501,15.3364,15.3364,40.0209,1.2727,28.2059,32.7406,26.4377,27.385,31.4977,49.1877,52.0559,52.8754,27.3759,-20.6767,1.900892,1.930817,1.148256,5,10,11,2,0.25628352,0.38321041,0.50114416,0E-8,0.000000,0.877740,0.142857,-0.15857354,2026-03-27,2026-07-22,11,11,11,118,0.093220,0.861496,0.896992,0.854278,,,,,,,,GLOBAL_BASELINE_NO_ENTITY_RANKING,,,NOT_APPLICABLE_GLOBAL_BASELINE,HF9g-P5,,,,X 全窗基线 · 不参与实体赏罚,6876364,688,A168_HF9F_20260827_0900,2026-08-27 09:00:00
2026-07-18,129613428,2235,0,25.8177781220,-25.8177781220,-25.8177781220,0E-7,1,1,0.50665070000000000,0.506650700000,-1.013391052207602,-1.013391052207602,-1.013391052207602,0E-17,ELIGIBLE,R03b_20260811_FULL_v1,L1_ELIGIBILITY,v2026-08-11,2026-03-21..2026-08-06,baccarat_bet02_101_all_pairs_incl_sentinel,round_win = game_pnl > 0 (decisive only),COMPATIBILITY_ONLY_NOT_PRODUCTION,440.2300,386.4073,168.7007,14,14,-0.38321041,-0.50114416,-0.34257062,-0.38321041,-168.7007,440.2300,THIN_EXPOSURE,0.0000,6.7480,4.0000,96.0000,AG03-UNRESOLVED,ALL5_LEVELS_bet23_to_bet27,6.7480,6.7480,6.7480,8.4350,8.4350,4.000000,4.000000,4.000000,5.000000,5.000000,96.000000,96.000000,96.000000,95.000000,95.000000,5.0,37.1142,33.9975,131.5866,134.7032,PENDING_AG03,FALSE,NOT_FOR_ENFORCEMENT,161.9527,370.9510,168.7007,161.9527,6.7480,0.38321041,0.36788199,6.7480,161.9527,0.36788199,6.7480,6.7480,6.7480,8.4350,8.4350,161.9527,0.36788199,37.1142,33.9975,131.5866,134.7032,0.29890412,0.30598364,0.01532842,31.4450,27.6005,12.0501,15.3364,15.3364,40.0209,1.2727,28.2059,32.7406,26.4377,27.385,31.4977,49.1877,52.0559,52.8754,27.3759,-20.6767,1.900892,1.930817,1.148256,5,10,11,2,0.25628352,0.38321041,0.50114416,0E-8,0.000000,0.877740,0.142857,-0.15857354,2026-03-27,2026-07-22,11,11,11,118,0.093220,0.861496,0.896992,0.854278,,,,,,,,GLOBAL_BASELINE_NO_ENTITY_RANKING,,,NOT_APPLICABLE_GLOBAL_BASELINE,HF9g-P5,,,,X 全窗基线 · 不参与实体赏罚,6876365,688,A168_HF9F_20260827_0900,2026-08-27 09:00:00
2026-07-20,129613428,2233,0,31.4976893089,-31.4976893089,-31.4976893089,0E-7,1,1,0.50665070000000000,0.506650700000,-1.013391052207602,-1.013391052207602,-1.013391052207602,0E-17,ELIGIBLE,R03b_20260811_FULL_v1,L1_ELIGIBILITY,v2026-08-11,2026-03-21..2026-08-06,baccarat_bet02_101_all_pairs_incl_sentinel,round_win = game_pnl > 0 (decisive only),COMPATIBILITY_ONLY_NOT_PRODUCTION,440.2300,386.4073,168.7007,14,14,-0.38321041,-0.50114416,-0.34257062,-0.38321041,-168.7007,440.2300,THIN_EXPOSURE,0.0000,6.7480,4.0000,96.0000,AG03-UNRESOLVED,ALL5_LEVELS_bet23_to_bet27,6.7480,6.7480,6.7480,8.4350,8.4350,4.000000,4.000000,4.000000,5.000000,5.000000,96.000000,96.000000,96.000000,95.000000,95.000000,5.0,37.1142,33.9975,131.5866,134.7032,PENDING_AG03,FALSE,NOT_FOR_ENFORCEMENT,161.9527,370.9510,168.7007,161.9527,6.7480,0.38321041,0.36788199,6.7480,161.9527,0.36788199,6.7480,6.7480,6.7480,8.4350,8.4350,161.9527,0.36788199,37.1142,33.9975,131.5866,134.7032,0.29890412,0.30598364,0.01532842,31.4450,27.6005,12.0501,15.3364,15.3364,40.0209,1.2727,28.2059,32.7406,26.4377,27.385,31.4977,49.1877,52.0559,52.8754,27.3759,-20.6767,1.900892,1.930817,1.148256,5,10,11,2,0.25628352,0.38321041,0.50114416,0E-8,0.000000,0.877740,0.142857,-0.15857354,2026-03-27,2026-07-22,11,11,11,118,0.093220,0.861496,0.896992,0.854278,,,,,,,,GLOBAL_BASELINE_NO_ENTITY_RANKING,,,NOT_APPLICABLE_GLOBAL_BASELINE,HF9g-P5,,,,X 全窗基线 · 不参与实体赏罚,6876366,688,A168_HF9F_20260827_0900,2026-08-27 09:00:00
2026-07-21,129613428,2093,0,27.3668448093,-27.3668448093,-27.3668448093,0E-7,1,1,0.50665070000000000,0.506650700000,-1.013391052207602,-1.013391052207602,-1.013391052207602,0E-17,ELIGIBLE,R03b_20260811_FULL_v1,L1_ELIGIBILITY,v2026-08-11,2026-03-21..2026-08-06,baccarat_bet02_101_all_pairs_incl_sentinel,round_win = game_pnl > 0 (decisive only),COMPATIBILITY_ONLY_NOT_PRODUCTION,440.2300,386.4073,168.7007,14,14,-0.38321041,-0.50114416,-0.34257062,-0.38321041,-168.7007,440.2300,THIN_EXPOSURE,0.0000,6.7480,4.0000,96.0000,AG03-UNRESOLVED,ALL5_LEVELS_bet23_to_bet27,6.7480,6.7480,6.7480,8.4350,8.4350,4.000000,4.000000,4.000000,5.000000,5.000000,96.000000,96.000000,96.000000,95.000000,95.000000,5.0,37.1142,33.9975,131.5866,134.7032,PENDING_AG03,FALSE,NOT_FOR_ENFORCEMENT,161.9527,370.9510,168.7007,161.9527,6.7480,0.38321041,0.36788199,6.7480,161.9527,0.36788199,6.7480,6.7480,6.7480,8.4350,8.4350,161.9527,0.36788199,37.1142,33.9975,131.5866,134.7032,0.29890412,0.30598364,0.01532842,31.4450,27.6005,12.0501,15.3364,15.3364,40.0209,1.2727,28.2059,32.7406,26.4377,27.385,31.4977,49.1877,52.0559,52.8754,27.3759,-20.6767,1.900892,1.930817,1.148256,5,10,11,2,0.25628352,0.38321041,0.50114416,0E-8,0.000000,0.877740,0.142857,-0.15857354,2026-03-27,2026-07-22,11,11,11,118,0.093220,0.861496,0.896992,0.854278,,,,,,,,GLOBAL_BASELINE_NO_ENTITY_RANKING,,,NOT_APPLICABLE_GLOBAL_BASELINE,HF9g-P5,,,,X 全窗基线 · 不参与实体赏罚,6876367,688,A168_HF9F_20260827_0900,2026-08-27 09:00:00
2026-07-22,129613428,2233,0,28.1413781530,28.1413781530,28.1413781530,1.0000000,1,1,0.49324550000000000,0.493245500000,1.01360149184955,1.01360149184955,1.01360149184955,0E-17,ELIGIBLE,R03b_20260811_FULL_v1,L1_ELIGIBILITY,v2026-08-11,2026-03-21..2026-08-06,baccarat_bet02_101_all_pairs_incl_sentinel,round_win = game_pnl > 0 (decisive only),COMPATIBILITY_ONLY_NOT_PRODUCTION,440.2300,386.4073,168.7007,14,14,-0.38321041,-0.50114416,-0.34257062,-0.38321041,-168.7007,440.2300,THIN_EXPOSURE,0.0000,6.7480,4.0000,96.0000,AG03-UNRESOLVED,ALL5_LEVELS_bet23_to_bet27,6.7480,6.7480,6.7480,8.4350,8.4350,4.000000,4.000000,4.000000,5.000000,5.000000,96.000000,96.000000,96.000000,95.000000,95.000000,5.0,37.1142,33.9975,131.5866,134.7032,PENDING_AG03,FALSE,NOT_FOR_ENFORCEMENT,161.9527,370.9510,168.7007,161.9527,6.7480,0.38321041,0.36788199,6.7480,161.9527,0.36788199,6.7480,6.7480,6.7480,8.4350,8.4350,161.9527,0.36788199,37.1142,33.9975,131.5866,134.7032,0.29890412,0.30598364,0.01532842,31.4450,27.6005,12.0501,15.3364,15.3364,40.0209,1.2727,28.2059,32.7406,26.4377,27.385,31.4977,49.1877,52.0559,52.8754,27.3759,-20.6767,1.900892,1.930817,1.148256,5,10,11,2,0.25628352,0.38321041,0.50114416,0E-8,0.000000,0.877740,0.142857,-0.15857354,2026-03-27,2026-07-22,11,11,11,118,0.093220,0.861496,0.896992,0.854278,,,,,,,,GLOBAL_BASELINE_NO_ENTITY_RANKING,,,NOT_APPLICABLE_GLOBAL_BASELINE,HF9g-P5,,,,X 全窗基线 · 不参与实体赏罚,6876368,688,A168_HF9F_20260827_0900,2026-08-27 09:00:00
2026-04-30,142001532,1078,0,5.2351909536,-5.2351909536,-5.2351909536,0E-7,1,1,0.49324550000000000,0.493245500000,-0.9865810262130424,-0.9865810262130424,-0.9865810262130424,0E-17,ELIGIBLE,R03b_20260811_FULL_v1,L1_ELIGIBILITY,v2026-08-11,2026-03-21..2026-08-06,baccarat_bet02_101_all_pairs_incl_sentinel,round_win = game_pnl > 0 (decisive only),COMPATIBILITY_ONLY_NOT_PRODUCTION,1636.6825,1490.0835,168.7054,149,149,-0.10307768,-0.47425573,-0.09165715,-0.10307768,-168.7054,1636.6825,OK,0.0000,6.7482,4.0000,96.0000,AG03-UNRESOLVED,ALL5_LEVELS_bet23_to_bet27,6.7482,6.7482,6.7482,8.4353,8.4353,4.000000,4.000000,4.000000,5.000000,5.000000,96.000000,96.000000,96.000000,95.000000,95.000000,5.0,37.1152,33.9985,131.5902,134.7069,PENDING_AG03,FALSE,NOT_FOR_ENFORCEMENT,161.9572,1430.4802,168.7054,161.9572,6.7482,0.10307768,0.09895458,6.7482,161.9572,0.09895458,6.7482,6.7482,6.7482,8.4353,8.4353,161.9572,0.09895458,37.1152,33.9985,131.5902,134.7069,0.08040059,0.08230487,0.00412311,10.9844,10.0006,1.1323,12.9773,2.9087,125.8987,11.4615,9.7710,11.0266,5.1891,12.8578,12.9729,21.3952,25.7155,26.0462,12.8578,0.0,2.0,2.025719,0.854304,15,44,25,2,0.02984992,0.10307768,0.47425573,0E-8,0.000000,0.910429,0.000000,-0.38259858,2026-04-30,2026-08-02,13,58,48,95,0.136842,0.886129,0.889528,0.099500,,,,,,,,GLOBAL_BASELINE_NO_ENTITY_RANKING,,,NOT_APPLICABLE_GLOBAL_BASELINE,HF9g-P5,,,,X 全窗基线 · 不参与实体赏罚,6876369,688,A168_HF9F_20260827_0900,2026-08-27 09:00:00
2026-04-30,142001532,1205,0,14.1350155746,-7.0675077873,-7.0675077873,0E-7,2,2,0.49324550000000000,0.493245500000,-0.9865810262130424,-0.9865810262130424,-0.9865810262130424,0E-17,ELIGIBLE,R03b_20260811_FULL_v1,L1_ELIGIBILITY,v2026-08-11,2026-03-21..2026-08-06,baccarat_bet02_101_all_pairs_incl_sentinel,round_win = game_pnl > 0 (decisive only),COMPATIBILITY_ONLY_NOT_PRODUCTION,1636.6825,1490.0835,168.7054,149,149,-0.10307768,-0.47425573,-0.09165715,-0.10307768,-168.7054,1636.6825,OK,0.0000,6.7482,4.0000,96.0000,AG03-UNRESOLVED,ALL5_LEVELS_bet23_to_bet27,6.7482,6.7482,6.7482,8.4353,8.4353,4.000000,4.000000,4.000000,5.000000,5.000000,96.000000,96.000000,96.000000,95.000000,95.000000,5.0,37.1152,33.9985,131.5902,134.7069,PENDING_AG03,FALSE,NOT_FOR_ENFORCEMENT,161.9572,1430.4802,168.7054,161.9572,6.7482,0.10307768,0.09895458,6.7482,161.9572,0.09895458,6.7482,6.7482,6.7482,8.4353,8.4353,161.9572,0.09895458,37.1152,33.9985,131.5902,134.7069,0.08040059,0.08230487,0.00412311,10.9844,10.0006,1.1323,12.9773,2.9087,125.8987,11.4615,9.7710,11.0266,5.1891,12.8578,12.9729,21.3952,25.7155,26.0462,12.8578,0.0,2.0,2.025719,0.854304,15,44,25,2,0.02984992,0.10307768,0.47425573,0E-8,0.000000,0.910429,0.000000,-0.38259858,2026-04-30,2026-08-02,13,58,48,95,0.136842,0.886129,0.889528,0.099500,,,,,,,,GLOBAL_BASELINE_NO_ENTITY_RANKING,,,NOT_APPLICABLE_GLOBAL_BASELINE,HF9g-P5,,,,X 全窗基线 · 不参与实体赏罚,6876370,688,A168_HF9F_20260827_0900,2026-08-27 09:00:00
2026-04-30,142001532,1385,0,16.7526110515,-4.5022642201,-4.5022642201,0.3333333,3,3,0.49771390000000000,0.497713900000,-0.5694369385616226,-0.5694369385616226,-0.5694369385616226,0E-17,ELIGIBLE,R03b_20260811_FULL_v1,L1_ELIGIBILITY,v2026-08-11,2026-03-21..2026-08-06,baccarat_bet02_101_all_pairs_incl_sentinel,round_win = game_pnl > 0 (decisive only),COMPATIBILITY_ONLY_NOT_PRODUCTION,1636.6825,1490.0835,168.7054,149,149,-0.10307768,-0.47425573,-0.09165715,-0.10307768,-168.7054,1636.6825,OK,0.0000,6.7482,4.0000,96.0000,AG03-UNRESOLVED,ALL5_LEVELS_bet23_to_bet27,6.7482,6.7482,6.7482,8.4353,8.4353,4.000000,4.000000,4.000000,5.000000,5.000000,96.000000,96.000000,96.000000,95.000000,95.000000,5.0,37.1152,33.9985,131.5902,134.7069,PENDING_AG03,FALSE,NOT_FOR_ENFORCEMENT,161.9572,1430.4802,168.7054,161.9572,6.7482,0.10307768,0.09895458,6.7482,161.9572,0.09895458,6.7482,6.7482,6.7482,8.4353,8.4353,161.9572,0.09895458,37.1152,33.9985,131.5902,134.7069,0.08040059,0.08230487,0.00412311,10.9844,10.0006,1.1323,12.9773,2.9087,125.8987,11.4615,9.7710,11.0266,5.1891,12.8578,12.9729,21.3952,25.7155,26.0462,12.8578,0.0,2.0,2.025719,0.854304,15,44,25,2,0.02984992,0.10307768,0.47425573,0E-8,0.000000,0.910429,0.000000,-0.38259858,2026-04-30,2026-08-02,13,58,48,95,0.136842,0.886129,0.889528,0.099500,,,,,,,,GLOBAL_BASELINE_NO_ENTITY_RANKING,,,NOT_APPLICABLE_GLOBAL_BASELINE,HF9g-P5,,,,X 全窗基线 · 不参与实体赏罚,6876371,688,A168_HF9F_20260827_0900,2026-08-27 09:00:00
2026-04-30,142001532,1485,0,15.7055728608,-5.4969505013,-5.4969505013,0.3333333,3,3,0.50218230000000000,0.502182300000,-0.5849155494134425,-0.5849155494134426,-0.5849155494134425,0E-17,ELIGIBLE,R03b_20260811_FULL_v1,L1_ELIGIBILITY,v2026-08-11,2026-03-21..2026-08-06,baccarat_bet02_101_all_pairs_incl_sentinel,round_win = game_pnl > 0 (decisive only),COMPATIBILITY_ONLY_NOT_PRODUCTION,1636.6825,1490.0835,168.7054,149,149,-0.10307768,-0.47425573,-0.09165715,-0.10307768,-168.7054,1636.6825,OK,0.0000,6.7482,4.0000,96.0000,AG03-UNRESOLVED,ALL5_LEVELS_bet23_to_bet27,6.7482,6.7482,6.7482,8.4353,8.4353,4.000000,4.000000,4.000000,5.000000,5.000000,96.000000,96.000000,96.000000,95.000000,95.000000,5.0,37.1152,33.9985,131.5902,134.7069,PENDING_AG03,FALSE,NOT_FOR_ENFORCEMENT,161.9572,1430.4802,168.7054,161.9572,6.7482,0.10307768,0.09895458,6.7482,161.9572,0.09895458,6.7482,6.7482,6.7482,8.4353,8.4353,161.9572,0.09895458,37.1152,33.9985,131.5902,134.7069,0.08040059,0.08230487,0.00412311,10.9844,10.0006,1.1323,12.9773,2.9087,125.8987,11.4615,9.7710,11.0266,5.1891,12.8578,12.9729,21.3952,25.7155,26.0462,12.8578,0.0,2.0,2.025719,0.854304,15,44,25,2,0.02984992,0.10307768,0.47425573,0E-8,0.000000,0.910429,0.000000,-0.38259858,2026-04-30,2026-08-02,13,58,48,95,0.136842,0.886129,0.889528,0.099500,,,,,,,,GLOBAL_BASELINE_NO_ENTITY_RANKING,,,NOT_APPLICABLE_GLOBAL_BASELINE,HF9g-P5,,,,X 全窗基线 · 不参与实体赏罚,6876372,688,A168_HF9F_20260827_0900,2026-08-27 09:00:00
2026-04-30,142001532,1623,0,5.2351909536,0E-10,0E-10,,1,1,0.50665070000000000,0.506650700000,,,,0E-17,NO_DECISIVE_ROUND,R03b_20260811_FULL_v1,L1_ELIGIBILITY,v2026-08-11,2026-03-21..2026-08-06,baccarat_bet02_101_all_pairs_incl_sentinel,round_win = game_pnl > 0 (decisive only),COMPATIBILITY_ONLY_NOT_PRODUCTION,1636.6825,1490.0835,168.7054,149,149,-0.10307768,-0.47425573,-0.09165715,-0.10307768,-168.7054,1636.6825,OK,0.0000,6.7482,4.0000,96.0000,AG03-UNRESOLVED,ALL5_LEVELS_bet23_to_bet27,6.7482,6.7482,6.7482,8.4353,8.4353,4.000000,4.000000,4.000000,5.000000,5.000000,96.000000,96.000000,96.000000,95.000000,95.000000,5.0,37.1152,33.9985,131.5902,134.7069,PENDING_AG03,FALSE,NOT_FOR_ENFORCEMENT,161.9572,1430.4802,168.7054,161.9572,6.7482,0.10307768,0.09895458,6.7482,161.9572,0.09895458,6.7482,6.7482,6.7482,8.4353,8.4353,161.9572,0.09895458,37.1152,33.9985,131.5902,134.7069,0.08040059,0.08230487,0.00412311,10.9844,10.0006,1.1323,12.9773,2.9087,125.8987,11.4615,9.7710,11.0266,5.1891,12.8578,12.9729,21.3952,25.7155,26.0462,12.8578,0.0,2.0,2.025719,0.854304,15,44,25,2,0.02984992,0.10307768,0.47425573,0E-8,0.000000,0.910429,0.000000,-0.38259858,2026-04-30,2026-08-02,13,58,48,95,0.136842,0.886129,0.889528,0.099500,,,,,,,,GLOBAL_BASELINE_NO_ENTITY_RANKING,,,NOT_APPLICABLE_GLOBAL_BASELINE,HF9g-P5,,,,X 全窗基线 · 不参与实体赏罚,6876373,688,A168_HF9F_20260827_0900,2026-08-27 09:00:00
2026-04-30,142001532,1654,0,34.0287411984,7.8527864304,7.8527864304,0.6666667,4,4,0.49994810000000000,0.499948100000,0.5775300591747329,0.5775300591747329,0.5775300591747329,0E-17,ELIGIBLE,R03b_20260811_FULL_v1,L1_ELIGIBILITY,v2026-08-11,2026-03-21..2026-08-06,baccarat_bet02_101_all_pairs_incl_sentinel,round_win = game_pnl > 0 (decisive only),COMPATIBILITY_ONLY_NOT_PRODUCTION,1636.6825,1490.0835,168.7054,149,149,-0.10307768,-0.47425573,-0.09165715,-0.10307768,-168.7054,1636.6825,OK,0.0000,6.7482,4.0000,96.0000,AG03-UNRESOLVED,ALL5_LEVELS_bet23_to_bet27,6.7482,6.7482,6.7482,8.4353,8.4353,4.000000,4.000000,4.000000,5.000000,5.000000,96.000000,96.000000,96.000000,95.000000,95.000000,5.0,37.1152,33.9985,131.5902,134.7069,PENDING_AG03,FALSE,NOT_FOR_ENFORCEMENT,161.9572,1430.4802,168.7054,161.9572,6.7482,0.10307768,0.09895458,6.7482,161.9572,0.09895458,6.7482,6.7482,6.7482,8.4353,8.4353,161.9572,0.09895458,37.1152,33.9985,131.5902,134.7069,0.08040059,0.08230487,0.00412311,10.9844,10.0006,1.1323,12.9773,2.9087,125.8987,11.4615,9.7710,11.0266,5.1891,12.8578,12.9729,21.3952,25.7155,26.0462,12.8578,0.0,2.0,2.025719,0.854304,15,44,25,2,0.02984992,0.10307768,0.47425573,0E-8,0.000000,0.910429,0.000000,-0.38259858,2026-04-30,2026-08-02,13,58,48,95,0.136842,0.886129,0.889528,0.099500,,,,,,,,GLOBAL_BASELINE_NO_ENTITY_RANKING,,,NOT_APPLICABLE_GLOBAL_BASELINE,HF9g-P5,,,,X 全窗基线 · 不参与实体赏罚,6876374,688,A168_HF9F_20260827_0900,2026-08-27 09:00:00
2026-04-30,142001532,2188,0,5.2351909536,-5.2351909536,-5.2351909536,0E-7,1,1,0.49324550000000000,0.493245500000,-0.9865810262130424,-0.9865810262130424,-0.9865810262130424,0E-17,ELIGIBLE,R03b_20260811_FULL_v1,L1_ELIGIBILITY,v2026-08-11,2026-03-21..2026-08-06,baccarat_bet02_101_all_pairs_incl_sentinel,round_win = game_pnl > 0 (decisive only),COMPATIBILITY_ONLY_NOT_PRODUCTION,1636.6825,1490.0835,168.7054,149,149,-0.10307768,-0.47425573,-0.09165715,-0.10307768,-168.7054,1636.6825,OK,0.0000,6.7482,4.0000,96.0000,AG03-UNRESOLVED,ALL5_LEVELS_bet23_to_bet27,6.7482,6.7482,6.7482,8.4353,8.4353,4.000000,4.000000,4.000000,5.000000,5.000000,96.000000,96.000000,96.000000,95.000000,95.000000,5.0,37.1152,33.9985,131.5902,134.7069,PENDING_AG03,FALSE,NOT_FOR_ENFORCEMENT,161.9572,1430.4802,168.7054,161.9572,6.7482,0.10307768,0.09895458,6.7482,161.9572,0.09895458,6.7482,6.7482,6.7482,8.4353,8.4353,161.9572,0.09895458,37.1152,33.9985,131.5902,134.7069,0.08040059,0.08230487,0.00412311,10.9844,10.0006,1.1323,12.9773,2.9087,125.8987,11.4615,9.7710,11.0266,5.1891,12.8578,12.9729,21.3952,25.7155,26.0462,12.8578,0.0,2.0,2.025719,0.854304,15,44,25,2,0.02984992,0.10307768,0.47425573,0E-8,0.000000,0.910429,0.000000,-0.38259858,2026-04-30,2026-08-02,13,58,48,95,0.136842,0.886129,0.889528,0.099500,,,,,,,,GLOBAL_BASELINE_NO_ENTITY_RANKING,,,NOT_APPLICABLE_GLOBAL_BASELINE,HF9g-P5,,,,X 全窗基线 · 不参与实体赏罚,6876375,688,A168_HF9F_20260827_0900,2026-08-27 09:00:00
2026-04-30,142001532,925,0,10.4703819072,-10.4703819072,-10.4703819072,0E-7,1,1,0.50665070000000000,0.506650700000,-1.013391052207602,-1.013391052207602,-1.013391052207602,0E-17,ELIGIBLE,R03b_20260811_FULL_v1,L1_ELIGIBILITY,v2026-08-11,2026-03-21..2026-08-06,baccarat_bet02_101_all_pairs_incl_sentinel,round_win = game_pnl > 0 (decisive only),COMPATIBILITY_ONLY_NOT_PRODUCTION,1636.6825,1490.0835,168.7054,149,149,-0.10307768,-0.47425573,-0.09165715,-0.10307768,-168.7054,1636.6825,OK,0.0000,6.7482,4.0000,96.0000,AG03-UNRESOLVED,ALL5_LEVELS_bet23_to_bet27,6.7482,6.7482,6.7482,8.4353,8.4353,4.000000,4.000000,4.000000,5.000000,5.000000,96.000000,96.000000,96.000000,95.000000,95.000000,5.0,37.1152,33.9985,131.5902,134.7069,PENDING_AG03,FALSE,NOT_FOR_ENFORCEMENT,161.9572,1430.4802,168.7054,161.9572,6.7482,0.10307768,0.09895458,6.7482,161.9572,0.09895458,6.7482,6.7482,6.7482,8.4353,8.4353,161.9572,0.09895458,37.1152,33.9985,131.5902,134.7069,0.08040059,0.08230487,0.00412311,10.9844,10.0006,1.1323,12.9773,2.9087,125.8987,11.4615,9.7710,11.0266,5.1891,12.8578,12.9729,21.3952,25.7155,26.0462,12.8578,0.0,2.0,2.025719,0.854304,15,44,25,2,0.02984992,0.10307768,0.47425573,0E-8,0.000000,0.910429,0.000000,-0.38259858,2026-04-30,2026-08-02,13,58,48,95,0.136842,0.886129,0.889528,0.099500,,,,,,,,GLOBAL_BASELINE_NO_ENTITY_RANKING,,,NOT_APPLICABLE_GLOBAL_BASELINE,HF9g-P5,,,,X 全窗基线 · 不参与实体赏罚,6876376,688,A168_HF9F_20260827_0900,2026-08-27 09:00:00
2026-05-25,142001532,1004,0,12.9728607753,-12.9728607753,-12.9728607753,0E-7,1,1,0.50665070000000000,0.506650700000,-1.013391052207602,-1.013391052207602,-1.013391052207602,0E-17,ELIGIBLE,R03b_20260811_FULL_v1,L1_ELIGIBILITY,v2026-08-11,2026-03-21..2026-08-06,baccarat_bet02_101_all_pairs_incl_sentinel,round_win = game_pnl > 0 (decisive only),COMPATIBILITY_ONLY_NOT_PRODUCTION,1636.6825,1490.0835,168.7054,149,149,-0.10307768,-0.47425573,-0.09165715,-0.10307768,-168.7054,1636.6825,OK,0.0000,6.7482,4.0000,96.0000,AG03-UNRESOLVED,ALL5_LEVELS_bet23_to_bet27,6.7482,6.7482,6.7482,8.4353,8.4353,4.000000,4.000000,4.000000,5.000000,5.000000,96.000000,96.000000,96.000000,95.000000,95.000000,5.0,37.1152,33.9985,131.5902,134.7069,PENDING_AG03,FALSE,NOT_FOR_ENFORCEMENT,161.9572,1430.4802,168.7054,161.9572,6.7482,0.10307768,0.09895458,6.7482,161.9572,0.09895458,6.7482,6.7482,6.7482,8.4353,8.4353,161.9572,0.09895458,37.1152,33.9985,131.5902,134.7069,0.08040059,0.08230487,0.00412311,10.9844,10.0006,1.1323,12.9773,2.9087,125.8987,11.4615,9.7710,11.0266,5.1891,12.8578,12.9729,21.3952,25.7155,26.0462,12.8578,0.0,2.0,2.025719,0.854304,15,44,25,2,0.02984992,0.10307768,0.47425573,0E-8,0.000000,0.910429,0.000000,-0.38259858,2026-04-30,2026-08-02,13,58,48,95,0.136842,0.886129,0.889528,0.099500,,,,,,,,GLOBAL_BASELINE_NO_ENTITY_RANKING,,,NOT_APPLICABLE_GLOBAL_BASELINE,HF9g-P5,,,,X 全窗基线 · 不参与实体赏罚,6876377,688,A168_HF9F_20260827_0900,2026-08-27 09:00:00
2026-05-25,142001532,1353,0,10.3782886202,-0.2594572155,-0.2594572155,0.5000000,2,2,0.49994810000000000,0.499948100000,0.00014679536856514622,0.00014679536856514622,0.00014679536856514622,0E-17,ELIGIBLE,R03b_20260811_FULL_v1,L1_ELIGIBILITY,v2026-08-11,2026-03-21..2026-08-06,baccarat_bet02_101_all_pairs_incl_sentinel,round_win = game_pnl > 0 (decisive only),COMPATIBILITY_ONLY_NOT_PRODUCTION,1636.6825,1490.0835,168.7054,149,149,-0.10307768,-0.47425573,-0.09165715,-0.10307768,-168.7054,1636.6825,OK,0.0000,6.7482,4.0000,96.0000,AG03-UNRESOLVED,ALL5_LEVELS_bet23_to_bet27,6.7482,6.7482,6.7482,8.4353,8.4353,4.000000,4.000000,4.000000,5.000000,5.000000,96.000000,96.000000,96.000000,95.000000,95.000000,5.0,37.1152,33.9985,131.5902,134.7069,PENDING_AG03,FALSE,NOT_FOR_ENFORCEMENT,161.9572,1430.4802,168.7054,161.9572,6.7482,0.10307768,0.09895458,6.7482,161.9572,0.09895458,6.7482,6.7482,6.7482,8.4353,8.4353,161.9572,0.09895458,37.1152,33.9985,131.5902,134.7069,0.08040059,0.08230487,0.00412311,10.9844,10.0006,1.1323,12.9773,2.9087,125.8987,11.4615,9.7710,11.0266,5.1891,12.8578,12.9729,21.3952,25.7155,26.0462,12.8578,0.0,2.0,2.025719,0.854304,15,44,25,2,0.02984992,0.10307768,0.47425573,0E-8,0.000000,0.910429,0.000000,-0.38259858,2026-04-30,2026-08-02,13,58,48,95,0.136842,0.886129,0.889528,0.099500,,,,,,,,GLOBAL_BASELINE_NO_ENTITY_RANKING,,,NOT_APPLICABLE_GLOBAL_BASELINE,HF9g-P5,,,,X 全窗基线 · 不参与实体赏罚,6876378,688,A168_HF9F_20260827_0900,2026-08-27 09:00:00
2026-05-25,142001532,1714,0,80.4317368067,-4.4107726637,-4.4107726637,0.4000000,6,6,0.50218230000000000,0.502182300000,-0.4569774904649096,-0.4569774904649096,-0.4569774904649096,0E-17,ELIGIBLE,R03b_20260811_FULL_v1,L1_ELIGIBILITY,v2026-08-11,2026-03-21..2026-08-06,baccarat_bet02_101_all_pairs_incl_sentinel,round_win = game_pnl > 0 (decisive only),COMPATIBILITY_ONLY_NOT_PRODUCTION,1636.6825,1490.0835,168.7054,149,149,-0.10307768,-0.47425573,-0.09165715,-0.10307768,-168.7054,1636.6825,OK,0.0000,6.7482,4.0000,96.0000,AG03-UNRESOLVED,ALL5_LEVELS_bet23_to_bet27,6.7482,6.7482,6.7482,8.4353,8.4353,4.000000,4.000000,4.000000,5.000000,5.000000,96.000000,96.000000,96.000000,95.000000,95.000000,5.0,37.1152,33.9985,131.5902,134.7069,PENDING_AG03,FALSE,NOT_FOR_ENFORCEMENT,161.9572,1430.4802,168.7054,161.9572,6.7482,0.10307768,0.09895458,6.7482,161.9572,0.09895458,6.7482,6.7482,6.7482,8.4353,8.4353,161.9572,0.09895458,37.1152,33.9985,131.5902,134.7069,0.08040059,0.08230487,0.00412311,10.9844,10.0006,1.1323,12.9773,2.9087,125.8987,11.4615,9.7710,11.0266,5.1891,12.8578,12.9729,21.3952,25.7155,26.0462,12.8578,0.0,2.0,2.025719,0.854304,15,44,25,2,0.02984992,0.10307768,0.47425573,0E-8,0.000000,0.910429,0.000000,-0.38259858,2026-04-30,2026-08-02,13,58,48,95,0.136842,0.886129,0.889528,0.099500,,,,,,,,GLOBAL_BASELINE_NO_ENTITY_RANKING,,,NOT_APPLICABLE_GLOBAL_BASELINE,HF9g-P5,,,,X 全窗基线 · 不参与实体赏罚,6876379,688,A168_HF9F_20260827_0900,2026-08-27 09:00:00
2026-05-25,142001532,763,0,72.6480203415,15.3079757148,15.3079757148,0.6666667,11,11,0.49933877272727273,0.499338772727,1.0039682415497608,1.003968241551398,1.0039682415497608,2.7273E-13,ELIGIBLE,R03b_20260811_FULL_v1,L1_ELIGIBILITY,v2026-08-11,2026-03-21..2026-08-06,baccarat_bet02_101_all_pairs_incl_sentinel,round_win = game_pnl > 0 (decisive only),COMPATIBILITY_ONLY_NOT_PRODUCTION,1636.6825,1490.0835,168.7054,149,149,-0.10307768,-0.47425573,-0.09165715,-0.10307768,-168.7054,1636.6825,OK,0.0000,6.7482,4.0000,96.0000,AG03-UNRESOLVED,ALL5_LEVELS_bet23_to_bet27,6.7482,6.7482,6.7482,8.4353,8.4353,4.000000,4.000000,4.000000,5.000000,5.000000,96.000000,96.000000,96.000000,95.000000,95.000000,5.0,37.1152,33.9985,131.5902,134.7069,PENDING_AG03,FALSE,NOT_FOR_ENFORCEMENT,161.9572,1430.4802,168.7054,161.9572,6.7482,0.10307768,0.09895458,6.7482,161.9572,0.09895458,6.7482,6.7482,6.7482,8.4353,8.4353,161.9572,0.09895458,37.1152,33.9985,131.5902,134.7069,0.08040059,0.08230487,0.00412311,10.9844,10.0006,1.1323,12.9773,2.9087,125.8987,11.4615,9.7710,11.0266,5.1891,12.8578,12.9729,21.3952,25.7155,26.0462,12.8578,0.0,2.0,2.025719,0.854304,15,44,25,2,0.02984992,0.10307768,0.47425573,0E-8,0.000000,0.910429,0.000000,-0.38259858,2026-04-30,2026-08-02,13,58,48,95,0.136842,0.886129,0.889528,0.099500,,,,,,,,GLOBAL_BASELINE_NO_ENTITY_RANKING,,,NOT_APPLICABLE_GLOBAL_BASELINE,HF9g-P5,,,,X 全窗基线 · 不参与实体赏罚,6876380,688,A168_HF9F_20260827_0900,2026-08-27 09:00:00
2026-05-30,142001532,1304,0,23.3511493955,-13.2323179908,-13.2323179908,0.3333333,3,3,0.49771390000000000,0.497713900000,-0.5694369385616226,-0.5694369385616226,-0.5694369385616226,0E-17,ELIGIBLE,R03b_20260811_FULL_v1,L1_ELIGIBILITY,v2026-08-11,2026-03-21..2026-08-06,baccarat_bet02_101_all_pairs_incl_sentinel,round_win = game_pnl > 0 (decisive only),COMPATIBILITY_ONLY_NOT_PRODUCTION,1636.6825,1490.0835,168.7054,149,149,-0.10307768,-0.47425573,-0.09165715,-0.10307768,-168.7054,1636.6825,OK,0.0000,6.7482,4.0000,96.0000,AG03-UNRESOLVED,ALL5_LEVELS_bet23_to_bet27,6.7482,6.7482,6.7482,8.4353,8.4353,4.000000,4.000000,4.000000,5.000000,5.000000,96.000000,96.000000,96.000000,95.000000,95.000000,5.0,37.1152,33.9985,131.5902,134.7069,PENDING_AG03,FALSE,NOT_FOR_ENFORCEMENT,161.9572,1430.4802,168.7054,161.9572,6.7482,0.10307768,0.09895458,6.7482,161.9572,0.09895458,6.7482,6.7482,6.7482,8.4353,8.4353,161.9572,0.09895458,37.1152,33.9985,131.5902,134.7069,0.08040059,0.08230487,0.00412311,10.9844,10.0006,1.1323,12.9773,2.9087,125.8987,11.4615,9.7710,11.0266,5.1891,12.8578,12.9729,21.3952,25.7155,26.0462,12.8578,0.0,2.0,2.025719,0.854304,15,44,25,2,0.02984992,0.10307768,0.47425573,0E-8,0.000000,0.910429,0.000000,-0.38259858,2026-04-30,2026-08-02,13,58,48,95,0.136842,0.886129,0.889528,0.099500,,,,,,,,GLOBAL_BASELINE_NO_ENTITY_RANKING,,,NOT_APPLICABLE_GLOBAL_BASELINE,HF9g-P5,,,,X 全窗基线 · 不参与实体赏罚,6876381,688,A168_HF9F_20260827_0900,2026-08-27 09:00:00
2026-05-30,142001532,1505,0,12.9728607753,-12.9728607753,-12.9728607753,0E-7,1,1,0.50665070000000000,0.506650700000,-1.013391052207602,-1.013391052207602,-1.013391052207602,0E-17,ELIGIBLE,R03b_20260811_FULL_v1,L1_ELIGIBILITY,v2026-08-11,2026-03-21..2026-08-06,baccarat_bet02_101_all_pairs_incl_sentinel,round_win = game_pnl > 0 (decisive only),COMPATIBILITY_ONLY_NOT_PRODUCTION,1636.6825,1490.0835,168.7054,149,149,-0.10307768,-0.47425573,-0.09165715,-0.10307768,-168.7054,1636.6825,OK,0.0000,6.7482,4.0000,96.0000,AG03-UNRESOLVED,ALL5_LEVELS_bet23_to_bet27,6.7482,6.7482,6.7482,8.4353,8.4353,4.000000,4.000000,4.000000,5.000000,5.000000,96.000000,96.000000,96.000000,95.000000,95.000000,5.0,37.1152,33.9985,131.5902,134.7069,PENDING_AG03,FALSE,NOT_FOR_ENFORCEMENT,161.9572,1430.4802,168.7054,161.9572,6.7482,0.10307768,0.09895458,6.7482,161.9572,0.09895458,6.7482,6.7482,6.7482,8.4353,8.4353,161.9572,0.09895458,37.1152,33.9985,131.5902,134.7069,0.08040059,0.08230487,0.00412311,10.9844,10.0006,1.1323,12.9773,2.9087,125.8987,11.4615,9.7710,11.0266,5.1891,12.8578,12.9729,21.3952,25.7155,26.0462,12.8578,0.0,2.0,2.025719,0.854304,15,44,25,2,0.02984992,0.10307768,0.47425573,0E-8,0.000000,0.910429,0.000000,-0.38259858,2026-04-30,2026-08-02,13,58,48,95,0.136842,0.886129,0.889528,0.099500,,,,,,,,GLOBAL_BASELINE_NO_ENTITY_RANKING,,,NOT_APPLICABLE_GLOBAL_BASELINE,HF9g-P5,,,,X 全窗基线 · 不参与实体赏罚,6876382,688,A168_HF9F_20260827_0900,2026-08-27 09:00:00
2026-05-30,142001532,1646,0,38.9185823259,11.6755746977,11.6755746977,0.6666667,3,3,0.50218230000000000,0.502182300000,0.5697959874915163,0.5697959874915164,0.5697959874915163,0E-17,ELIGIBLE,R03b_20260811_FULL_v1,L1_ELIGIBILITY,v2026-08-11,2026-03-21..2026-08-06,baccarat_bet02_101_all_pairs_incl_sentinel,round_win = game_pnl > 0 (decisive only),COMPATIBILITY_ONLY_NOT_PRODUCTION,1636.6825,1490.0835,168.7054,149,149,-0.10307768,-0.47425573,-0.09165715,-0.10307768,-168.7054,1636.6825,OK,0.0000,6.7482,4.0000,96.0000,AG03-UNRESOLVED,ALL5_LEVELS_bet23_to_bet27,6.7482,6.7482,6.7482,8.4353,8.4353,4.000000,4.000000,4.000000,5.000000,5.000000,96.000000,96.000000,96.000000,95.000000,95.000000,5.0,37.1152,33.9985,131.5902,134.7069,PENDING_AG03,FALSE,NOT_FOR_ENFORCEMENT,161.9572,1430.4802,168.7054,161.9572,6.7482,0.10307768,0.09895458,6.7482,161.9572,0.09895458,6.7482,6.7482,6.7482,8.4353,8.4353,161.9572,0.09895458,37.1152,33.9985,131.5902,134.7069,0.08040059,0.08230487,0.00412311,10.9844,10.0006,1.1323,12.9773,2.9087,125.8987,11.4615,9.7710,11.0266,5.1891,12.8578,12.9729,21.3952,25.7155,26.0462,12.8578,0.0,2.0,2.025719,0.854304,15,44,25,2,0.02984992,0.10307768,0.47425573,0E-8,0.000000,0.910429,0.000000,-0.38259858,2026-04-30,2026-08-02,13,58,48,95,0.136842,0.886129,0.889528,0.099500,,,,,,,,GLOBAL_BASELINE_NO_ENTITY_RANKING,,,NOT_APPLICABLE_GLOBAL_BASELINE,HF9g-P5,,,,X 全窗基线 · 不参与实体赏罚,6876383,688,A168_HF9F_20260827_0900,2026-08-27 09:00:00
2026-05-30,142001532,1704,0,51.8914431012,24.6484354730,24.6484354730,0.7500000,4,4,0.49994810000000000,0.499948100000,1.0002076053883384,1.0002076053883384,1.0002076053883384,0E-17,ELIGIBLE,R03b_20260811_FULL_v1,L1_ELIGIBILITY,v2026-08-11,2026-03-21..2026-08-06,baccarat_bet02_101_all_pairs_incl_sentinel,round_win = game_pnl > 0 (decisive only),COMPATIBILITY_ONLY_NOT_PRODUCTION,1636.6825,1490.0835,168.7054,149,149,-0.10307768,-0.47425573,-0.09165715,-0.10307768,-168.7054,1636.6825,OK,0.0000,6.7482,4.0000,96.0000,AG03-UNRESOLVED,ALL5_LEVELS_bet23_to_bet27,6.7482,6.7482,6.7482,8.4353,8.4353,4.000000,4.000000,4.000000,5.000000,5.000000,96.000000,96.000000,96.000000,95.000000,95.000000,5.0,37.1152,33.9985,131.5902,134.7069,PENDING_AG03,FALSE,NOT_FOR_ENFORCEMENT,161.9572,1430.4802,168.7054,161.9572,6.7482,0.10307768,0.09895458,6.7482,161.9572,0.09895458,6.7482,6.7482,6.7482,8.4353,8.4353,161.9572,0.09895458,37.1152,33.9985,131.5902,134.7069,0.08040059,0.08230487,0.00412311,10.9844,10.0006,1.1323,12.9773,2.9087,125.8987,11.4615,9.7710,11.0266,5.1891,12.8578,12.9729,21.3952,25.7155,26.0462,12.8578,0.0,2.0,2.025719,0.854304,15,44,25,2,0.02984992,0.10307768,0.47425573,0E-8,0.000000,0.910429,0.000000,-0.38259858,2026-04-30,2026-08-02,13,58,48,95,0.136842,0.886129,0.889528,0.099500,,,,,,,,GLOBAL_BASELINE_NO_ENTITY_RANKING,,,NOT_APPLICABLE_GLOBAL_BASELINE,HF9g-P5,,,,X 全窗基线 · 不参与实体赏罚,6876384,688,A168_HF9F_20260827_0900,2026-08-27 09:00:00
2026-05-30,142001532,1951,0,12.9728607753,12.9728607753,12.9728607753,1.0000000,1,1,0.49324550000000000,0.493245500000,1.01360149184955,1.01360149184955,1.01360149184955,0E-17,ELIGIBLE,R03b_20260811_FULL_v1,L1_ELIGIBILITY,v2026-08-11,2026-03-21..2026-08-06,baccarat_bet02_101_all_pairs_incl_sentinel,round_win = game_pnl > 0 (decisive only),COMPATIBILITY_ONLY_NOT_PRODUCTION,1636.6825,1490.0835,168.7054,149,149,-0.10307768,-0.47425573,-0.09165715,-0.10307768,-168.7054,1636.6825,OK,0.0000,6.7482,4.0000,96.0000,AG03-UNRESOLVED,ALL5_LEVELS_bet23_to_bet27,6.7482,6.7482,6.7482,8.4353,8.4353,4.000000,4.000000,4.000000,5.000000,5.000000,96.000000,96.000000,96.000000,95.000000,95.000000,5.0,37.1152,33.9985,131.5902,134.7069,PENDING_AG03,FALSE,NOT_FOR_ENFORCEMENT,161.9572,1430.4802,168.7054,161.9572,6.7482,0.10307768,0.09895458,6.7482,161.9572,0.09895458,6.7482,6.7482,6.7482,8.4353,8.4353,161.9572,0.09895458,37.1152,33.9985,131.5902,134.7069,0.08040059,0.08230487,0.00412311,10.9844,10.0006,1.1323,12.9773,2.9087,125.8987,11.4615,9.7710,11.0266,5.1891,12.8578,12.9729,21.3952,25.7155,26.0462,12.8578,0.0,2.0,2.025719,0.854304,15,44,25,2,0.02984992,0.10307768,0.47425573,0E-8,0.000000,0.910429,0.000000,-0.38259858,2026-04-30,2026-08-02,13,58,48,95,0.136842,0.886129,0.889528,0.099500,,,,,,,,GLOBAL_BASELINE_NO_ENTITY_RANKING,,,NOT_APPLICABLE_GLOBAL_BASELINE,HF9g-P5,,,,X 全窗基线 · 不参与实体赏罚,6876385,688,A168_HF9F_20260827_0900,2026-08-27 09:00:00
2026-05-30,142001532,2115,0,12.9728607753,12.9728607753,12.9728607753,1.0000000,1,1,0.49324550000000000,0.493245500000,1.01360149184955,1.01360149184955,1.01360149184955,0E-17,ELIGIBLE,R03b_20260811_FULL_v1,L1_ELIGIBILITY,v2026-08-11,2026-03-21..2026-08-06,baccarat_bet02_101_all_pairs_incl_sentinel,round_win = game_pnl > 0 (decisive only),COMPATIBILITY_ONLY_NOT_PRODUCTION,1636.6825,1490.0835,168.7054,149,149,-0.10307768,-0.47425573,-0.09165715,-0.10307768,-168.7054,1636.6825,OK,0.0000,6.7482,4.0000,96.0000,AG03-UNRESOLVED,ALL5_LEVELS_bet23_to_bet27,6.7482,6.7482,6.7482,8.4353,8.4353,4.000000,4.000000,4.000000,5.000000,5.000000,96.000000,96.000000,96.000000,95.000000,95.000000,5.0,37.1152,33.9985,131.5902,134.7069,PENDING_AG03,FALSE,NOT_FOR_ENFORCEMENT,161.9572,1430.4802,168.7054,161.9572,6.7482,0.10307768,0.09895458,6.7482,161.9572,0.09895458,6.7482,6.7482,6.7482,8.4353,8.4353,161.9572,0.09895458,37.1152,33.9985,131.5902,134.7069,0.08040059,0.08230487,0.00412311,10.9844,10.0006,1.1323,12.9773,2.9087,125.8987,11.4615,9.7710,11.0266,5.1891,12.8578,12.9729,21.3952,25.7155,26.0462,12.8578,0.0,2.0,2.025719,0.854304,15,44,25,2,0.02984992,0.10307768,0.47425573,0E-8,0.000000,0.910429,0.000000,-0.38259858,2026-04-30,2026-08-02,13,58,48,95,0.136842,0.886129,0.889528,0.099500,,,,,,,,GLOBAL_BASELINE_NO_ENTITY_RANKING,,,NOT_APPLICABLE_GLOBAL_BASELINE,HF9g-P5,,,,X 全窗基线 · 不参与实体赏罚,6876386,688,A168_HF9F_20260827_0900,2026-08-27 09:00:00
2026-05-30,142001532,2124,0,25.9457215506,25.2970785118,25.2970785118,1.0000000,2,2,0.49994810000000000,0.499948100000,1.4143603653603398,1.4143603653603398,1.4143603653603398,0E-17,ELIGIBLE,R03b_20260811_FULL_v1,L1_ELIGIBILITY,v2026-08-11,2026-03-21..2026-08-06,baccarat_bet02_101_all_pairs_incl_sentinel,round_win = game_pnl > 0 (decisive only),COMPATIBILITY_ONLY_NOT_PRODUCTION,1636.6825,1490.0835,168.7054,149,149,-0.10307768,-0.47425573,-0.09165715,-0.10307768,-168.7054,1636.6825,OK,0.0000,6.7482,4.0000,96.0000,AG03-UNRESOLVED,ALL5_LEVELS_bet23_to_bet27,6.7482,6.7482,6.7482,8.4353,8.4353,4.000000,4.000000,4.000000,5.000000,5.000000,96.000000,96.000000,96.000000,95.000000,95.000000,5.0,37.1152,33.9985,131.5902,134.7069,PENDING_AG03,FALSE,NOT_FOR_ENFORCEMENT,161.9572,1430.4802,168.7054,161.9572,6.7482,0.10307768,0.09895458,6.7482,161.9572,0.09895458,6.7482,6.7482,6.7482,8.4353,8.4353,161.9572,0.09895458,37.1152,33.9985,131.5902,134.7069,0.08040059,0.08230487,0.00412311,10.9844,10.0006,1.1323,12.9773,2.9087,125.8987,11.4615,9.7710,11.0266,5.1891,12.8578,12.9729,21.3952,25.7155,26.0462,12.8578,0.0,2.0,2.025719,0.854304,15,44,25,2,0.02984992,0.10307768,0.47425573,0E-8,0.000000,0.910429,0.000000,-0.38259858,2026-04-30,2026-08-02,13,58,48,95,0.136842,0.886129,0.889528,0.099500,,,,,,,,GLOBAL_BASELINE_NO_ENTITY_RANKING,,,NOT_APPLICABLE_GLOBAL_BASELINE,HF9g-P5,,,,X 全窗基线 · 不参与实体赏罚,6876387,688,A168_HF9F_20260827_0900,2026-08-27 09:00:00
2026-05-30,142001532,2153,0,25.9457215506,-12.9728607753,-12.9728607753,0E-7,2,2,0.49324550000000000,0.493245500000,-0.9865810262130424,-0.9865810262130424,-0.9865810262130424,0E-17,ELIGIBLE,R03b_20260811_FULL_v1,L1_ELIGIBILITY,v2026-08-11,2026-03-21..2026-08-06,baccarat_bet02_101_all_pairs_incl_sentinel,round_win = game_pnl > 0 (decisive only),COMPATIBILITY_ONLY_NOT_PRODUCTION,1636.6825,1490.0835,168.7054,149,149,-0.10307768,-0.47425573,-0.09165715,-0.10307768,-168.7054,1636.6825,OK,0.0000,6.7482,4.0000,96.0000,AG03-UNRESOLVED,ALL5_LEVELS_bet23_to_bet27,6.7482,6.7482,6.7482,8.4353,8.4353,4.000000,4.000000,4.000000,5.000000,5.000000,96.000000,96.000000,96.000000,95.000000,95.000000,5.0,37.1152,33.9985,131.5902,134.7069,PENDING_AG03,FALSE,NOT_FOR_ENFORCEMENT,161.9572,1430.4802,168.7054,161.9572,6.7482,0.10307768,0.09895458,6.7482,161.9572,0.09895458,6.7482,6.7482,6.7482,8.4353,8.4353,161.9572,0.09895458,37.1152,33.9985,131.5902,134.7069,0.08040059,0.08230487,0.00412311,10.9844,10.0006,1.1323,12.9773,2.9087,125.8987,11.4615,9.7710,11.0266,5.1891,12.8578,12.9729,21.3952,25.7155,26.0462,12.8578,0.0,2.0,2.025719,0.854304,15,44,25,2,0.02984992,0.10307768,0.47425573,0E-8,0.000000,0.910429,0.000000,-0.38259858,2026-04-30,2026-08-02,13,58,48,95,0.136842,0.886129,0.889528,0.099500,,,,,,,,GLOBAL_BASELINE_NO_ENTITY_RANKING,,,NOT_APPLICABLE_GLOBAL_BASELINE,HF9g-P5,,,,X 全窗基线 · 不参与实体赏罚,6876388,688,A168_HF9F_20260827_0900,2026-08-27 09:00:00
2026-05-30,142001532,2155,0,103.7828862024,-0.6486430388,-0.6486430388,0.5000000,8,8,0.49659680000000000,0.496596800000,0.016672593186039534,0.016672593186039534,0.016672593186039534,0E-17,ELIGIBLE,R03b_20260811_FULL_v1,L1_ELIGIBILITY,v2026-08-11,2026-03-21..2026-08-06,baccarat_bet02_101_all_pairs_incl_sentinel,round_win = game_pnl > 0 (decisive only),COMPATIBILITY_ONLY_NOT_PRODUCTION,1636.6825,1490.0835,168.7054,149,149,-0.10307768,-0.47425573,-0.09165715,-0.10307768,-168.7054,1636.6825,OK,0.0000,6.7482,4.0000,96.0000,AG03-UNRESOLVED,ALL5_LEVELS_bet23_to_bet27,6.7482,6.7482,6.7482,8.4353,8.4353,4.000000,4.000000,4.000000,5.000000,5.000000,96.000000,96.000000,96.000000,95.000000,95.000000,5.0,37.1152,33.9985,131.5902,134.7069,PENDING_AG03,FALSE,NOT_FOR_ENFORCEMENT,161.9572,1430.4802,168.7054,161.9572,6.7482,0.10307768,0.09895458,6.7482,161.9572,0.09895458,6.7482,6.7482,6.7482,8.4353,8.4353,161.9572,0.09895458,37.1152,33.9985,131.5902,134.7069,0.08040059,0.08230487,0.00412311,10.9844,10.0006,1.1323,12.9773,2.9087,125.8987,11.4615,9.7710,11.0266,5.1891,12.8578,12.9729,21.3952,25.7155,26.0462,12.8578,0.0,2.0,2.025719,0.854304,15,44,25,2,0.02984992,0.10307768,0.47425573,0E-8,0.000000,0.910429,0.000000,-0.38259858,2026-04-30,2026-08-02,13,58,48,95,0.136842,0.886129,0.889528,0.099500,,,,,,,,GLOBAL_BASELINE_NO_ENTITY_RANKING,,,NOT_APPLICABLE_GLOBAL_BASELINE,HF9g-P5,,,,X 全窗基线 · 不参与实体赏罚,6876389,688,A168_HF9F_20260827_0900,2026-08-27 09:00:00
2026-05-30,142001532,772,0,38.9185823259,-12.9728607753,-12.9728607753,0.3333333,3,3,0.49771390000000000,0.497713900000,-0.5694369385616226,-0.5694369385616226,-0.5694369385616226,0E-17,ELIGIBLE,R03b_20260811_FULL_v1,L1_ELIGIBILITY,v2026-08-11,2026-03-21..2026-08-06,baccarat_bet02_101_all_pairs_incl_sentinel,round_win = game_pnl > 0 (decisive only),COMPATIBILITY_ONLY_NOT_PRODUCTION,1636.6825,1490.0835,168.7054,149,149,-0.10307768,-0.47425573,-0.09165715,-0.10307768,-168.7054,1636.6825,OK,0.0000,6.7482,4.0000,96.0000,AG03-UNRESOLVED,ALL5_LEVELS_bet23_to_bet27,6.7482,6.7482,6.7482,8.4353,8.4353,4.000000,4.000000,4.000000,5.000000,5.000000,96.000000,96.000000,96.000000,95.000000,95.000000,5.0,37.1152,33.9985,131.5902,134.7069,PENDING_AG03,FALSE,NOT_FOR_ENFORCEMENT,161.9572,1430.4802,168.7054,161.9572,6.7482,0.10307768,0.09895458,6.7482,161.9572,0.09895458,6.7482,6.7482,6.7482,8.4353,8.4353,161.9572,0.09895458,37.1152,33.9985,131.5902,134.7069,0.08040059,0.08230487,0.00412311,10.9844,10.0006,1.1323,12.9773,2.9087,125.8987,11.4615,9.7710,11.0266,5.1891,12.8578,12.9729,21.3952,25.7155,26.0462,12.8578,0.0,2.0,2.025719,0.854304,15,44,25,2,0.02984992,0.10307768,0.47425573,0E-8,0.000000,0.910429,0.000000,-0.38259858,2026-04-30,2026-08-02,13,58,48,95,0.136842,0.886129,0.889528,0.099500,,,,,,,,GLOBAL_BASELINE_NO_ENTITY_RANKING,,,NOT_APPLICABLE_GLOBAL_BASELINE,HF9g-P5,,,,X 全窗基线 · 不参与实体赏罚,6876390,688,A168_HF9F_20260827_0900,2026-08-27 09:00:00
2026-06-02,142001532,1078,0,12.8577673773,-12.8577673773,-12.8577673773,0E-7,1,1,0.49324550000000000,0.493245500000,-0.9865810262130424,-0.9865810262130424,-0.9865810262130424,0E-17,ELIGIBLE,R03b_20260811_FULL_v1,L1_ELIGIBILITY,v2026-08-11,2026-03-21..2026-08-06,baccarat_bet02_101_all_pairs_incl_sentinel,round_win = game_pnl > 0 (decisive only),COMPATIBILITY_ONLY_NOT_PRODUCTION,1636.6825,1490.0835,168.7054,149,149,-0.10307768,-0.47425573,-0.09165715,-0.10307768,-168.7054,1636.6825,OK,0.0000,6.7482,4.0000,96.0000,AG03-UNRESOLVED,ALL5_LEVELS_bet23_to_bet27,6.7482,6.7482,6.7482,8.4353,8.4353,4.000000,4.000000,4.000000,5.000000,5.000000,96.000000,96.000000,96.000000,95.000000,95.000000,5.0,37.1152,33.9985,131.5902,134.7069,PENDING_AG03,FALSE,NOT_FOR_ENFORCEMENT,161.9572,1430.4802,168.7054,161.9572,6.7482,0.10307768,0.09895458,6.7482,161.9572,0.09895458,6.7482,6.7482,6.7482,8.4353,8.4353,161.9572,0.09895458,37.1152,33.9985,131.5902,134.7069,0.08040059,0.08230487,0.00412311,10.9844,10.0006,1.1323,12.9773,2.9087,125.8987,11.4615,9.7710,11.0266,5.1891,12.8578,12.9729,21.3952,25.7155,26.0462,12.8578,0.0,2.0,2.025719,0.854304,15,44,25,2,0.02984992,0.10307768,0.47425573,0E-8,0.000000,0.910429,0.000000,-0.38259858,2026-04-30,2026-08-02,13,58,48,95,0.136842,0.886129,0.889528,0.099500,,,,,,,,GLOBAL_BASELINE_NO_ENTITY_RANKING,,,NOT_APPLICABLE_GLOBAL_BASELINE,HF9g-P5,,,,X 全窗基线 · 不参与实体赏罚,6876391,688,A168_HF9F_20260827_0900,2026-08-27 09:00:00
2026-06-02,142001532,1384,0,46.2879625582,4.2430632345,4.2430632345,0.6000000,6,6,0.50441650000000000,0.504416500000,0.42747908374280613,0.42747908374280613,0.42747908374280613,0E-17,ELIGIBLE,R03b_20260811_FULL_v1,L1_ELIGIBILITY,v2026-08-11,2026-03-21..2026-08-06,baccarat_bet02_101_all_pairs_incl_sentinel,round_win = game_pnl > 0 (decisive only),COMPATIBILITY_ONLY_NOT_PRODUCTION,1636.6825,1490.0835,168.7054,149,149,-0.10307768,-0.47425573,-0.09165715,-0.10307768,-168.7054,1636.6825,OK,0.0000,6.7482,4.0000,96.0000,AG03-UNRESOLVED,ALL5_LEVELS_bet23_to_bet27,6.7482,6.7482,6.7482,8.4353,8.4353,4.000000,4.000000,4.000000,5.000000,5.000000,96.000000,96.000000,96.000000,95.000000,95.000000,5.0,37.1152,33.9985,131.5902,134.7069,PENDING_AG03,FALSE,NOT_FOR_ENFORCEMENT,161.9572,1430.4802,168.7054,161.9572,6.7482,0.10307768,0.09895458,6.7482,161.9572,0.09895458,6.7482,6.7482,6.7482,8.4353,8.4353,161.9572,0.09895458,37.1152,33.9985,131.5902,134.7069,0.08040059,0.08230487,0.00412311,10.9844,10.0006,1.1323,12.9773,2.9087,125.8987,11.4615,9.7710,11.0266,5.1891,12.8578,12.9729,21.3952,25.7155,26.0462,12.8578,0.0,2.0,2.025719,0.854304,15,44,25,2,0.02984992,0.10307768,0.47425573,0E-8,0.000000,0.910429,0.000000,-0.38259858,2026-04-30,2026-08-02,13,58,48,95,0.136842,0.886129,0.889528,0.099500,,,,,,,,GLOBAL_BASELINE_NO_ENTITY_RANKING,,,NOT_APPLICABLE_GLOBAL_BASELINE,HF9g-P5,,,,X 全窗基线 · 不参与实体赏罚,6876392,688,A168_HF9F_20260827_0900,2026-08-27 09:00:00
2026-06-02,142001532,471,0,30.8586417055,-5.1431069509,-5.1431069509,0.3333333,3,3,0.49771390000000000,0.497713900000,-0.5694369385616226,-0.5694369385616226,-0.5694369385616226,0E-17,ELIGIBLE,R03b_20260811_FULL_v1,L1_ELIGIBILITY,v2026-08-11,2026-03-21..2026-08-06,baccarat_bet02_101_all_pairs_incl_sentinel,round_win = game_pnl > 0 (decisive only),COMPATIBILITY_ONLY_NOT_PRODUCTION,1636.6825,1490.0835,168.7054,149,149,-0.10307768,-0.47425573,-0.09165715,-0.10307768,-168.7054,1636.6825,OK,0.0000,6.7482,4.0000,96.0000,AG03-UNRESOLVED,ALL5_LEVELS_bet23_to_bet27,6.7482,6.7482,6.7482,8.4353,8.4353,4.000000,4.000000,4.000000,5.000000,5.000000,96.000000,96.000000,96.000000,95.000000,95.000000,5.0,37.1152,33.9985,131.5902,134.7069,PENDING_AG03,FALSE,NOT_FOR_ENFORCEMENT,161.9572,1430.4802,168.7054,161.9572,6.7482,0.10307768,0.09895458,6.7482,161.9572,0.09895458,6.7482,6.7482,6.7482,8.4353,8.4353,161.9572,0.09895458,37.1152,33.9985,131.5902,134.7069,0.08040059,0.08230487,0.00412311,10.9844,10.0006,1.1323,12.9773,2.9087,125.8987,11.4615,9.7710,11.0266,5.1891,12.8578,12.9729,21.3952,25.7155,26.0462,12.8578,0.0,2.0,2.025719,0.854304,15,44,25,2,0.02984992,0.10307768,0.47425573,0E-8,0.000000,0.910429,0.000000,-0.38259858,2026-04-30,2026-08-02,13,58,48,95,0.136842,0.886129,0.889528,0.099500,,,,,,,,GLOBAL_BASELINE_NO_ENTITY_RANKING,,,NOT_APPLICABLE_GLOBAL_BASELINE,HF9g-P5,,,,X 全窗基线 · 不参与实体赏罚,6876393,688,A168_HF9F_20260827_0900,2026-08-27 09:00:00
2026-06-05,142001532,1399,0,3.8573302132,-3.8573302132,-3.8573302132,0E-7,1,1,0.49324550000000000,0.493245500000,-0.9865810262130424,-0.9865810262130424,-0.9865810262130424,0E-17,ELIGIBLE,R03b_20260811_FULL_v1,L1_ELIGIBILITY,v2026-08-11,2026-03-21..2026-08-06,baccarat_bet02_101_all_pairs_incl_sentinel,round_win = game_pnl > 0 (decisive only),COMPATIBILITY_ONLY_NOT_PRODUCTION,1636.6825,1490.0835,168.7054,149,149,-0.10307768,-0.47425573,-0.09165715,-0.10307768,-168.7054,1636.6825,OK,0.0000,6.7482,4.0000,96.0000,AG03-UNRESOLVED,ALL5_LEVELS_bet23_to_bet27,6.7482,6.7482,6.7482,8.4353,8.4353,4.000000,4.000000,4.000000,5.000000,5.000000,96.000000,96.000000,96.000000,95.000000,95.000000,5.0,37.1152,33.9985,131.5902,134.7069,PENDING_AG03,FALSE,NOT_FOR_ENFORCEMENT,161.9572,1430.4802,168.7054,161.9572,6.7482,0.10307768,0.09895458,6.7482,161.9572,0.09895458,6.7482,6.7482,6.7482,8.4353,8.4353,161.9572,0.09895458,37.1152,33.9985,131.5902,134.7069,0.08040059,0.08230487,0.00412311,10.9844,10.0006,1.1323,12.9773,2.9087,125.8987,11.4615,9.7710,11.0266,5.1891,12.8578,12.9729,21.3952,25.7155,26.0462,12.8578,0.0,2.0,2.025719,0.854304,15,44,25,2,0.02984992,0.10307768,0.47425573,0E-8,0.000000,0.910429,0.000000,-0.38259858,2026-04-30,2026-08-02,13,58,48,95,0.136842,0.886129,0.889528,0.099500,,,,,,,,GLOBAL_BASELINE_NO_ENTITY_RANKING,,,NOT_APPLICABLE_GLOBAL_BASELINE,HF9g-P5,,,,X 全窗基线 · 不参与实体赏罚,6876394,688,A168_HF9F_20260827_0900,2026-08-27 09:00:00
2026-06-09,142001532,1623,0,5.1431069509,-5.1431069509,-5.1431069509,0E-7,1,1,0.49324550000000000,0.493245500000,-0.9865810262130424,-0.9865810262130424,-0.9865810262130424,0E-17,ELIGIBLE,R03b_20260811_FULL_v1,L1_ELIGIBILITY,v2026-08-11,2026-03-21..2026-08-06,baccarat_bet02_101_all_pairs_incl_sentinel,round_win = game_pnl > 0 (decisive only),COMPATIBILITY_ONLY_NOT_PRODUCTION,1636.6825,1490.0835,168.7054,149,149,-0.10307768,-0.47425573,-0.09165715,-0.10307768,-168.7054,1636.6825,OK,0.0000,6.7482,4.0000,96.0000,AG03-UNRESOLVED,ALL5_LEVELS_bet23_to_bet27,6.7482,6.7482,6.7482,8.4353,8.4353,4.000000,4.000000,4.000000,5.000000,5.000000,96.000000,96.000000,96.000000,95.000000,95.000000,5.0,37.1152,33.9985,131.5902,134.7069,PENDING_AG03,FALSE,NOT_FOR_ENFORCEMENT,161.9572,1430.4802,168.7054,161.9572,6.7482,0.10307768,0.09895458,6.7482,161.9572,0.09895458,6.7482,6.7482,6.7482,8.4353,8.4353,161.9572,0.09895458,37.1152,33.9985,131.5902,134.7069,0.08040059,0.08230487,0.00412311,10.9844,10.0006,1.1323,12.9773,2.9087,125.8987,11.4615,9.7710,11.0266,5.1891,12.8578,12.9729,21.3952,25.7155,26.0462,12.8578,0.0,2.0,2.025719,0.854304,15,44,25,2,0.02984992,0.10307768,0.47425573,0E-8,0.000000,0.910429,0.000000,-0.38259858,2026-04-30,2026-08-02,13,58,48,95,0.136842,0.886129,0.889528,0.099500,,,,,,,,GLOBAL_BASELINE_NO_ENTITY_RANKING,,,NOT_APPLICABLE_GLOBAL_BASELINE,HF9g-P5,,,,X 全窗基线 · 不参与实体赏罚,6876395,688,A168_HF9F_20260827_0900,2026-08-27 09:00:00
2026-06-09,142001532,1704,0,10.2862139018,-0.2571553475,-0.2571553475,0.5000000,2,2,0.49994810000000000,0.499948100000,0.00014679536856514622,0.00014679536856514622,0.00014679536856514622,0E-17,ELIGIBLE,R03b_20260811_FULL_v1,L1_ELIGIBILITY,v2026-08-11,2026-03-21..2026-08-06,baccarat_bet02_101_all_pairs_incl_sentinel,round_win = game_pnl > 0 (decisive only),COMPATIBILITY_ONLY_NOT_PRODUCTION,1636.6825,1490.0835,168.7054,149,149,-0.10307768,-0.47425573,-0.09165715,-0.10307768,-168.7054,1636.6825,OK,0.0000,6.7482,4.0000,96.0000,AG03-UNRESOLVED,ALL5_LEVELS_bet23_to_bet27,6.7482,6.7482,6.7482,8.4353,8.4353,4.000000,4.000000,4.000000,5.000000,5.000000,96.000000,96.000000,96.000000,95.000000,95.000000,5.0,37.1152,33.9985,131.5902,134.7069,PENDING_AG03,FALSE,NOT_FOR_ENFORCEMENT,161.9572,1430.4802,168.7054,161.9572,6.7482,0.10307768,0.09895458,6.7482,161.9572,0.09895458,6.7482,6.7482,6.7482,8.4353,8.4353,161.9572,0.09895458,37.1152,33.9985,131.5902,134.7069,0.08040059,0.08230487,0.00412311,10.9844,10.0006,1.1323,12.9773,2.9087,125.8987,11.4615,9.7710,11.0266,5.1891,12.8578,12.9729,21.3952,25.7155,26.0462,12.8578,0.0,2.0,2.025719,0.854304,15,44,25,2,0.02984992,0.10307768,0.47425573,0E-8,0.000000,0.910429,0.000000,-0.38259858,2026-04-30,2026-08-02,13,58,48,95,0.136842,0.886129,0.889528,0.099500,,,,,,,,GLOBAL_BASELINE_NO_ENTITY_RANKING,,,NOT_APPLICABLE_GLOBAL_BASELINE,HF9g-P5,,,,X 全窗基线 · 不参与实体赏罚,6876396,688,A168_HF9F_20260827_0900,2026-08-27 09:00:00
2026-06-09,142001532,2108,0,10.2862139018,0E-10,0E-10,0.5000000,2,2,0.49994810000000000,0.499948100000,0.00014679536856514622,0.00014679536856514622,0.00014679536856514622,0E-17,ELIGIBLE,R03b_20260811_FULL_v1,L1_ELIGIBILITY,v2026-08-11,2026-03-21..2026-08-06,baccarat_bet02_101_all_pairs_incl_sentinel,round_win = game_pnl > 0 (decisive only),COMPATIBILITY_ONLY_NOT_PRODUCTION,1636.6825,1490.0835,168.7054,149,149,-0.10307768,-0.47425573,-0.09165715,-0.10307768,-168.7054,1636.6825,OK,0.0000,6.7482,4.0000,96.0000,AG03-UNRESOLVED,ALL5_LEVELS_bet23_to_bet27,6.7482,6.7482,6.7482,8.4353,8.4353,4.000000,4.000000,4.000000,5.000000,5.000000,96.000000,96.000000,96.000000,95.000000,95.000000,5.0,37.1152,33.9985,131.5902,134.7069,PENDING_AG03,FALSE,NOT_FOR_ENFORCEMENT,161.9572,1430.4802,168.7054,161.9572,6.7482,0.10307768,0.09895458,6.7482,161.9572,0.09895458,6.7482,6.7482,6.7482,8.4353,8.4353,161.9572,0.09895458,37.1152,33.9985,131.5902,134.7069,0.08040059,0.08230487,0.00412311,10.9844,10.0006,1.1323,12.9773,2.9087,125.8987,11.4615,9.7710,11.0266,5.1891,12.8578,12.9729,21.3952,25.7155,26.0462,12.8578,0.0,2.0,2.025719,0.854304,15,44,25,2,0.02984992,0.10307768,0.47425573,0E-8,0.000000,0.910429,0.000000,-0.38259858,2026-04-30,2026-08-02,13,58,48,95,0.136842,0.886129,0.889528,0.099500,,,,,,,,GLOBAL_BASELINE_NO_ENTITY_RANKING,,,NOT_APPLICABLE_GLOBAL_BASELINE,HF9g-P5,,,,X 全窗基线 · 不参与实体赏罚,6876397,688,A168_HF9F_20260827_0900,2026-08-27 09:00:00
2026-06-09,142001532,2130,0,15.4293208527,-5.1431069509,-5.1431069509,0E-7,3,3,0.49771390000000000,0.497713900000,-0.9954382048786059,-0.995438204878606,-0.9954382048786059,0E-17,ELIGIBLE,R03b_20260811_FULL_v1,L1_ELIGIBILITY,v2026-08-11,2026-03-21..2026-08-06,baccarat_bet02_101_all_pairs_incl_sentinel,round_win = game_pnl > 0 (decisive only),COMPATIBILITY_ONLY_NOT_PRODUCTION,1636.6825,1490.0835,168.7054,149,149,-0.10307768,-0.47425573,-0.09165715,-0.10307768,-168.7054,1636.6825,OK,0.0000,6.7482,4.0000,96.0000,AG03-UNRESOLVED,ALL5_LEVELS_bet23_to_bet27,6.7482,6.7482,6.7482,8.4353,8.4353,4.000000,4.000000,4.000000,5.000000,5.000000,96.000000,96.000000,96.000000,95.000000,95.000000,5.0,37.1152,33.9985,131.5902,134.7069,PENDING_AG03,FALSE,NOT_FOR_ENFORCEMENT,161.9572,1430.4802,168.7054,161.9572,6.7482,0.10307768,0.09895458,6.7482,161.9572,0.09895458,6.7482,6.7482,6.7482,8.4353,8.4353,161.9572,0.09895458,37.1152,33.9985,131.5902,134.7069,0.08040059,0.08230487,0.00412311,10.9844,10.0006,1.1323,12.9773,2.9087,125.8987,11.4615,9.7710,11.0266,5.1891,12.8578,12.9729,21.3952,25.7155,26.0462,12.8578,0.0,2.0,2.025719,0.854304,15,44,25,2,0.02984992,0.10307768,0.47425573,0E-8,0.000000,0.910429,0.000000,-0.38259858,2026-04-30,2026-08-02,13,58,48,95,0.136842,0.886129,0.889528,0.099500,,,,,,,,GLOBAL_BASELINE_NO_ENTITY_RANKING,,,NOT_APPLICABLE_GLOBAL_BASELINE,HF9g-P5,,,,X 全窗基线 · 不参与实体赏罚,6876398,688,A168_HF9F_20260827_0900,2026-08-27 09:00:00
2026-06-13,142001532,1094,0,10.2862139018,-10.2862139018,-10.2862139018,0E-7,2,2,0.49324550000000000,0.493245500000,-1.3952362676504506,-1.3952362676504506,-1.3952362676504506,0E-17,ELIGIBLE,R03b_20260811_FULL_v1,L1_ELIGIBILITY,v2026-08-11,2026-03-21..2026-08-06,baccarat_bet02_101_all_pairs_incl_sentinel,round_win = game_pnl > 0 (decisive only),COMPATIBILITY_ONLY_NOT_PRODUCTION,1636.6825,1490.0835,168.7054,149,149,-0.10307768,-0.47425573,-0.09165715,-0.10307768,-168.7054,1636.6825,OK,0.0000,6.7482,4.0000,96.0000,AG03-UNRESOLVED,ALL5_LEVELS_bet23_to_bet27,6.7482,6.7482,6.7482,8.4353,8.4353,4.000000,4.000000,4.000000,5.000000,5.000000,96.000000,96.000000,96.000000,95.000000,95.000000,5.0,37.1152,33.9985,131.5902,134.7069,PENDING_AG03,FALSE,NOT_FOR_ENFORCEMENT,161.9572,1430.4802,168.7054,161.9572,6.7482,0.10307768,0.09895458,6.7482,161.9572,0.09895458,6.7482,6.7482,6.7482,8.4353,8.4353,161.9572,0.09895458,37.1152,33.9985,131.5902,134.7069,0.08040059,0.08230487,0.00412311,10.9844,10.0006,1.1323,12.9773,2.9087,125.8987,11.4615,9.7710,11.0266,5.1891,12.8578,12.9729,21.3952,25.7155,26.0462,12.8578,0.0,2.0,2.025719,0.854304,15,44,25,2,0.02984992,0.10307768,0.47425573,0E-8,0.000000,0.910429,0.000000,-0.38259858,2026-04-30,2026-08-02,13,58,48,95,0.136842,0.886129,0.889528,0.099500,,,,,,,,GLOBAL_BASELINE_NO_ENTITY_RANKING,,,NOT_APPLICABLE_GLOBAL_BASELINE,HF9g-P5,,,,X 全窗基线 · 不参与实体赏罚,6876399,688,A168_HF9F_20260827_0900,2026-08-27 09:00:00
2026-06-13,142001532,1645,0,7.4575050789,-2.4429758017,-2.4429758017,0.5000000,2,2,0.49994810000000000,0.499948100000,0.00014679536856514622,0.00014679536856514622,0.00014679536856514622,0E-17,ELIGIBLE,R03b_20260811_FULL_v1,L1_ELIGIBILITY,v2026-08-11,2026-03-21..2026-08-06,baccarat_bet02_101_all_pairs_incl_sentinel,round_win = game_pnl > 0 (decisive only),COMPATIBILITY_ONLY_NOT_PRODUCTION,1636.6825,1490.0835,168.7054,149,149,-0.10307768,-0.47425573,-0.09165715,-0.10307768,-168.7054,1636.6825,OK,0.0000,6.7482,4.0000,96.0000,AG03-UNRESOLVED,ALL5_LEVELS_bet23_to_bet27,6.7482,6.7482,6.7482,8.4353,8.4353,4.000000,4.000000,4.000000,5.000000,5.000000,96.000000,96.000000,96.000000,95.000000,95.000000,5.0,37.1152,33.9985,131.5902,134.7069,PENDING_AG03,FALSE,NOT_FOR_ENFORCEMENT,161.9572,1430.4802,168.7054,161.9572,6.7482,0.10307768,0.09895458,6.7482,161.9572,0.09895458,6.7482,6.7482,6.7482,8.4353,8.4353,161.9572,0.09895458,37.1152,33.9985,131.5902,134.7069,0.08040059,0.08230487,0.00412311,10.9844,10.0006,1.1323,12.9773,2.9087,125.8987,11.4615,9.7710,11.0266,5.1891,12.8578,12.9729,21.3952,25.7155,26.0462,12.8578,0.0,2.0,2.025719,0.854304,15,44,25,2,0.02984992,0.10307768,0.47425573,0E-8,0.000000,0.910429,0.000000,-0.38259858,2026-04-30,2026-08-02,13,58,48,95,0.136842,0.886129,0.889528,0.099500,,,,,,,,GLOBAL_BASELINE_NO_ENTITY_RANKING,,,NOT_APPLICABLE_GLOBAL_BASELINE,HF9g-P5,,,,X 全窗基线 · 不参与实体赏罚,6876400,688,A168_HF9F_20260827_0900,2026-08-27 09:00:00
2026-06-13,142001532,1940,0,5.1431069509,-5.1431069509,-5.1431069509,0E-7,1,1,0.50665070000000000,0.506650700000,-1.013391052207602,-1.013391052207602,-1.013391052207602,0E-17,ELIGIBLE,R03b_20260811_FULL_v1,L1_ELIGIBILITY,v2026-08-11,2026-03-21..2026-08-06,baccarat_bet02_101_all_pairs_incl_sentinel,round_win = game_pnl > 0 (decisive only),COMPATIBILITY_ONLY_NOT_PRODUCTION,1636.6825,1490.0835,168.7054,149,149,-0.10307768,-0.47425573,-0.09165715,-0.10307768,-168.7054,1636.6825,OK,0.0000,6.7482,4.0000,96.0000,AG03-UNRESOLVED,ALL5_LEVELS_bet23_to_bet27,6.7482,6.7482,6.7482,8.4353,8.4353,4.000000,4.000000,4.000000,5.000000,5.000000,96.000000,96.000000,96.000000,95.000000,95.000000,5.0,37.1152,33.9985,131.5902,134.7069,PENDING_AG03,FALSE,NOT_FOR_ENFORCEMENT,161.9572,1430.4802,168.7054,161.9572,6.7482,0.10307768,0.09895458,6.7482,161.9572,0.09895458,6.7482,6.7482,6.7482,8.4353,8.4353,161.9572,0.09895458,37.1152,33.9985,131.5902,134.7069,0.08040059,0.08230487,0.00412311,10.9844,10.0006,1.1323,12.9773,2.9087,125.8987,11.4615,9.7710,11.0266,5.1891,12.8578,12.9729,21.3952,25.7155,26.0462,12.8578,0.0,2.0,2.025719,0.854304,15,44,25,2,0.02984992,0.10307768,0.47425573,0E-8,0.000000,0.910429,0.000000,-0.38259858,2026-04-30,2026-08-02,13,58,48,95,0.136842,0.886129,0.889528,0.099500,,,,,,,,GLOBAL_BASELINE_NO_ENTITY_RANKING,,,NOT_APPLICABLE_GLOBAL_BASELINE,HF9g-P5,,,,X 全窗基线 · 不参与实体赏罚,6876401,688,A168_HF9F_20260827_0900,2026-08-27 09:00:00
2026-06-13,142001532,2147,0,7.7146604265,-2.7001311493,-2.7001311493,0.3333333,3,3,0.50218230000000000,0.502182300000,-0.5849155494134425,-0.5849155494134426,-0.5849155494134425,0E-17,ELIGIBLE,R03b_20260811_FULL_v1,L1_ELIGIBILITY,v2026-08-11,2026-03-21..2026-08-06,baccarat_bet02_101_all_pairs_incl_sentinel,round_win = game_pnl > 0 (decisive only),COMPATIBILITY_ONLY_NOT_PRODUCTION,1636.6825,1490.0835,168.7054,149,149,-0.10307768,-0.47425573,-0.09165715,-0.10307768,-168.7054,1636.6825,OK,0.0000,6.7482,4.0000,96.0000,AG03-UNRESOLVED,ALL5_LEVELS_bet23_to_bet27,6.7482,6.7482,6.7482,8.4353,8.4353,4.000000,4.000000,4.000000,5.000000,5.000000,96.000000,96.000000,96.000000,95.000000,95.000000,5.0,37.1152,33.9985,131.5902,134.7069,PENDING_AG03,FALSE,NOT_FOR_ENFORCEMENT,161.9572,1430.4802,168.7054,161.9572,6.7482,0.10307768,0.09895458,6.7482,161.9572,0.09895458,6.7482,6.7482,6.7482,8.4353,8.4353,161.9572,0.09895458,37.1152,33.9985,131.5902,134.7069,0.08040059,0.08230487,0.00412311,10.9844,10.0006,1.1323,12.9773,2.9087,125.8987,11.4615,9.7710,11.0266,5.1891,12.8578,12.9729,21.3952,25.7155,26.0462,12.8578,0.0,2.0,2.025719,0.854304,15,44,25,2,0.02984992,0.10307768,0.47425573,0E-8,0.000000,0.910429,0.000000,-0.38259858,2026-04-30,2026-08-02,13,58,48,95,0.136842,0.886129,0.889528,0.099500,,,,,,,,GLOBAL_BASELINE_NO_ENTITY_RANKING,,,NOT_APPLICABLE_GLOBAL_BASELINE,HF9g-P5,,,,X 全窗基线 · 不参与实体赏罚,6876402,688,A168_HF9F_20260827_0900,2026-08-27 09:00:00
2026-06-13,142001532,2258,0,7.7146604264,0E-10,0E-10,,1,1,0.49324550000000000,0.493245500000,,,,0E-17,NO_DECISIVE_ROUND,R03b_20260811_FULL_v1,L1_ELIGIBILITY,v2026-08-11,2026-03-21..2026-08-06,baccarat_bet02_101_all_pairs_incl_sentinel,round_win = game_pnl > 0 (decisive only),COMPATIBILITY_ONLY_NOT_PRODUCTION,1636.6825,1490.0835,168.7054,149,149,-0.10307768,-0.47425573,-0.09165715,-0.10307768,-168.7054,1636.6825,OK,0.0000,6.7482,4.0000,96.0000,AG03-UNRESOLVED,ALL5_LEVELS_bet23_to_bet27,6.7482,6.7482,6.7482,8.4353,8.4353,4.000000,4.000000,4.000000,5.000000,5.000000,96.000000,96.000000,96.000000,95.000000,95.000000,5.0,37.1152,33.9985,131.5902,134.7069,PENDING_AG03,FALSE,NOT_FOR_ENFORCEMENT,161.9572,1430.4802,168.7054,161.9572,6.7482,0.10307768,0.09895458,6.7482,161.9572,0.09895458,6.7482,6.7482,6.7482,8.4353,8.4353,161.9572,0.09895458,37.1152,33.9985,131.5902,134.7069,0.08040059,0.08230487,0.00412311,10.9844,10.0006,1.1323,12.9773,2.9087,125.8987,11.4615,9.7710,11.0266,5.1891,12.8578,12.9729,21.3952,25.7155,26.0462,12.8578,0.0,2.0,2.025719,0.854304,15,44,25,2,0.02984992,0.10307768,0.47425573,0E-8,0.000000,0.910429,0.000000,-0.38259858,2026-04-30,2026-08-02,13,58,48,95,0.136842,0.886129,0.889528,0.099500,,,,,,,,GLOBAL_BASELINE_NO_ENTITY_RANKING,,,NOT_APPLICABLE_GLOBAL_BASELINE,HF9g-P5,,,,X 全窗基线 · 不参与实体赏罚,6876403,688,A168_HF9F_20260827_0900,2026-08-27 09:00:00
2026-06-13,142001532,2267,0,7.7146604264,-7.7146604264,-7.7146604264,0E-7,2,2,0.49324550000000000,0.493245500000,-1.3952362676504506,-1.3952362676504506,-1.3952362676504506,0E-17,ELIGIBLE,R03b_20260811_FULL_v1,L1_ELIGIBILITY,v2026-08-11,2026-03-21..2026-08-06,baccarat_bet02_101_all_pairs_incl_sentinel,round_win = game_pnl > 0 (decisive only),COMPATIBILITY_ONLY_NOT_PRODUCTION,1636.6825,1490.0835,168.7054,149,149,-0.10307768,-0.47425573,-0.09165715,-0.10307768,-168.7054,1636.6825,OK,0.0000,6.7482,4.0000,96.0000,AG03-UNRESOLVED,ALL5_LEVELS_bet23_to_bet27,6.7482,6.7482,6.7482,8.4353,8.4353,4.000000,4.000000,4.000000,5.000000,5.000000,96.000000,96.000000,96.000000,95.000000,95.000000,5.0,37.1152,33.9985,131.5902,134.7069,PENDING_AG03,FALSE,NOT_FOR_ENFORCEMENT,161.9572,1430.4802,168.7054,161.9572,6.7482,0.10307768,0.09895458,6.7482,161.9572,0.09895458,6.7482,6.7482,6.7482,8.4353,8.4353,161.9572,0.09895458,37.1152,33.9985,131.5902,134.7069,0.08040059,0.08230487,0.00412311,10.9844,10.0006,1.1323,12.9773,2.9087,125.8987,11.4615,9.7710,11.0266,5.1891,12.8578,12.9729,21.3952,25.7155,26.0462,12.8578,0.0,2.0,2.025719,0.854304,15,44,25,2,0.02984992,0.10307768,0.47425573,0E-8,0.000000,0.910429,0.000000,-0.38259858,2026-04-30,2026-08-02,13,58,48,95,0.136842,0.886129,0.889528,0.099500,,,,,,,,GLOBAL_BASELINE_NO_ENTITY_RANKING,,,NOT_APPLICABLE_GLOBAL_BASELINE,HF9g-P5,,,,X 全窗基线 · 不参与实体赏罚,6876404,688,A168_HF9F_20260827_0900,2026-08-27 09:00:00
2026-06-13,142001532,529,0,42.9449430400,2.5715534755,2.5715534755,0.6666667,6,6,0.49994810000000000,0.499948100000,0.8167508423630434,0.8167508423630434,0.8167508423630434,0E-17,ELIGIBLE,R03b_20260811_FULL_v1,L1_ELIGIBILITY,v2026-08-11,2026-03-21..2026-08-06,baccarat_bet02_101_all_pairs_incl_sentinel,round_win = game_pnl > 0 (decisive only),COMPATIBILITY_ONLY_NOT_PRODUCTION,1636.6825,1490.0835,168.7054,149,149,-0.10307768,-0.47425573,-0.09165715,-0.10307768,-168.7054,1636.6825,OK,0.0000,6.7482,4.0000,96.0000,AG03-UNRESOLVED,ALL5_LEVELS_bet23_to_bet27,6.7482,6.7482,6.7482,8.4353,8.4353,4.000000,4.000000,4.000000,5.000000,5.000000,96.000000,96.000000,96.000000,95.000000,95.000000,5.0,37.1152,33.9985,131.5902,134.7069,PENDING_AG03,FALSE,NOT_FOR_ENFORCEMENT,161.9572,1430.4802,168.7054,161.9572,6.7482,0.10307768,0.09895458,6.7482,161.9572,0.09895458,6.7482,6.7482,6.7482,8.4353,8.4353,161.9572,0.09895458,37.1152,33.9985,131.5902,134.7069,0.08040059,0.08230487,0.00412311,10.9844,10.0006,1.1323,12.9773,2.9087,125.8987,11.4615,9.7710,11.0266,5.1891,12.8578,12.9729,21.3952,25.7155,26.0462,12.8578,0.0,2.0,2.025719,0.854304,15,44,25,2,0.02984992,0.10307768,0.47425573,0E-8,0.000000,0.910429,0.000000,-0.38259858,2026-04-30,2026-08-02,13,58,48,95,0.136842,0.886129,0.889528,0.099500,,,,,,,,GLOBAL_BASELINE_NO_ENTITY_RANKING,,,NOT_APPLICABLE_GLOBAL_BASELINE,HF9g-P5,,,,X 全窗基线 · 不参与实体赏罚,6876405,688,A168_HF9F_20260827_0900,2026-08-27 09:00:00
2026-06-16,142001532,1017,0,102.8621390181,-1.2857767377,-1.2857767377,0.5000000,5,5,0.49860758000000000,0.498607580000,0.005569701597489473,0.005569701597489473,0.005569701597489473,0E-17,ELIGIBLE,R03b_20260811_FULL_v1,L1_ELIGIBILITY,v2026-08-11,2026-03-21..2026-08-06,baccarat_bet02_101_all_pairs_incl_sentinel,round_win = game_pnl > 0 (decisive only),COMPATIBILITY_ONLY_NOT_PRODUCTION,1636.6825,1490.0835,168.7054,149,149,-0.10307768,-0.47425573,-0.09165715,-0.10307768,-168.7054,1636.6825,OK,0.0000,6.7482,4.0000,96.0000,AG03-UNRESOLVED,ALL5_LEVELS_bet23_to_bet27,6.7482,6.7482,6.7482,8.4353,8.4353,4.000000,4.000000,4.000000,5.000000,5.000000,96.000000,96.000000,96.000000,95.000000,95.000000,5.0,37.1152,33.9985,131.5902,134.7069,PENDING_AG03,FALSE,NOT_FOR_ENFORCEMENT,161.9572,1430.4802,168.7054,161.9572,6.7482,0.10307768,0.09895458,6.7482,161.9572,0.09895458,6.7482,6.7482,6.7482,8.4353,8.4353,161.9572,0.09895458,37.1152,33.9985,131.5902,134.7069,0.08040059,0.08230487,0.00412311,10.9844,10.0006,1.1323,12.9773,2.9087,125.8987,11.4615,9.7710,11.0266,5.1891,12.8578,12.9729,21.3952,25.7155,26.0462,12.8578,0.0,2.0,2.025719,0.854304,15,44,25,2,0.02984992,0.10307768,0.47425573,0E-8,0.000000,0.910429,0.000000,-0.38259858,2026-04-30,2026-08-02,13,58,48,95,0.136842,0.886129,0.889528,0.099500,,,,,,,,GLOBAL_BASELINE_NO_ENTITY_RANKING,,,NOT_APPLICABLE_GLOBAL_BASELINE,HF9g-P5,,,,X 全窗基线 · 不参与实体赏罚,6876406,688,A168_HF9F_20260827_0900,2026-08-27 09:00:00
2026-06-16,142001532,1331,0,115.7199063955,-14.1435441149,-14.1435441149,0.5714286,7,7,0.49707555714285714,0.497075557143,0.39344589990031587,0.3934458998995593,0.39344589990031587,-1.4286E-13,ELIGIBLE,R03b_20260811_FULL_v1,L1_ELIGIBILITY,v2026-08-11,2026-03-21..2026-08-06,baccarat_bet02_101_all_pairs_incl_sentinel,round_win = game_pnl > 0 (decisive only),COMPATIBILITY_ONLY_NOT_PRODUCTION,1636.6825,1490.0835,168.7054,149,149,-0.10307768,-0.47425573,-0.09165715,-0.10307768,-168.7054,1636.6825,OK,0.0000,6.7482,4.0000,96.0000,AG03-UNRESOLVED,ALL5_LEVELS_bet23_to_bet27,6.7482,6.7482,6.7482,8.4353,8.4353,4.000000,4.000000,4.000000,5.000000,5.000000,96.000000,96.000000,96.000000,95.000000,95.000000,5.0,37.1152,33.9985,131.5902,134.7069,PENDING_AG03,FALSE,NOT_FOR_ENFORCEMENT,161.9572,1430.4802,168.7054,161.9572,6.7482,0.10307768,0.09895458,6.7482,161.9572,0.09895458,6.7482,6.7482,6.7482,8.4353,8.4353,161.9572,0.09895458,37.1152,33.9985,131.5902,134.7069,0.08040059,0.08230487,0.00412311,10.9844,10.0006,1.1323,12.9773,2.9087,125.8987,11.4615,9.7710,11.0266,5.1891,12.8578,12.9729,21.3952,25.7155,26.0462,12.8578,0.0,2.0,2.025719,0.854304,15,44,25,2,0.02984992,0.10307768,0.47425573,0E-8,0.000000,0.910429,0.000000,-0.38259858,2026-04-30,2026-08-02,13,58,48,95,0.136842,0.886129,0.889528,0.099500,,,,,,,,GLOBAL_BASELINE_NO_ENTITY_RANKING,,,NOT_APPLICABLE_GLOBAL_BASELINE,HF9g-P5,,,,X 全窗基线 · 不参与实体赏罚,6876407,688,A168_HF9F_20260827_0900,2026-08-27 09:00:00
2026-06-16,142001532,1490,0,5.1431069509,-5.1431069509,-5.1431069509,0E-7,1,1,0.50665070000000000,0.506650700000,-1.013391052207602,-1.013391052207602,-1.013391052207602,0E-17,ELIGIBLE,R03b_20260811_FULL_v1,L1_ELIGIBILITY,v2026-08-11,2026-03-21..2026-08-06,baccarat_bet02_101_all_pairs_incl_sentinel,round_win = game_pnl > 0 (decisive only),COMPATIBILITY_ONLY_NOT_PRODUCTION,1636.6825,1490.0835,168.7054,149,149,-0.10307768,-0.47425573,-0.09165715,-0.10307768,-168.7054,1636.6825,OK,0.0000,6.7482,4.0000,96.0000,AG03-UNRESOLVED,ALL5_LEVELS_bet23_to_bet27,6.7482,6.7482,6.7482,8.4353,8.4353,4.000000,4.000000,4.000000,5.000000,5.000000,96.000000,96.000000,96.000000,95.000000,95.000000,5.0,37.1152,33.9985,131.5902,134.7069,PENDING_AG03,FALSE,NOT_FOR_ENFORCEMENT,161.9572,1430.4802,168.7054,161.9572,6.7482,0.10307768,0.09895458,6.7482,161.9572,0.09895458,6.7482,6.7482,6.7482,8.4353,8.4353,161.9572,0.09895458,37.1152,33.9985,131.5902,134.7069,0.08040059,0.08230487,0.00412311,10.9844,10.0006,1.1323,12.9773,2.9087,125.8987,11.4615,9.7710,11.0266,5.1891,12.8578,12.9729,21.3952,25.7155,26.0462,12.8578,0.0,2.0,2.025719,0.854304,15,44,25,2,0.02984992,0.10307768,0.47425573,0E-8,0.000000,0.910429,0.000000,-0.38259858,2026-04-30,2026-08-02,13,58,48,95,0.136842,0.886129,0.889528,0.099500,,,,,,,,GLOBAL_BASELINE_NO_ENTITY_RANKING,,,NOT_APPLICABLE_GLOBAL_BASELINE,HF9g-P5,,,,X 全窗基线 · 不参与实体赏罚,6876408,688,A168_HF9F_20260827_0900,2026-08-27 09:00:00
2026-06-16,142001532,1509,0,64.2888368864,11.5719906395,11.5719906395,0.5000000,4,4,0.49994810000000000,0.499948100000,0.00020760000111838688,0.00020760000111838688,0.00020760000111838688,0E-17,ELIGIBLE,R03b_20260811_FULL_v1,L1_ELIGIBILITY,v2026-08-11,2026-03-21..2026-08-06,baccarat_bet02_101_all_pairs_incl_sentinel,round_win = game_pnl > 0 (decisive only),COMPATIBILITY_ONLY_NOT_PRODUCTION,1636.6825,1490.0835,168.7054,149,149,-0.10307768,-0.47425573,-0.09165715,-0.10307768,-168.7054,1636.6825,OK,0.0000,6.7482,4.0000,96.0000,AG03-UNRESOLVED,ALL5_LEVELS_bet23_to_bet27,6.7482,6.7482,6.7482,8.4353,8.4353,4.000000,4.000000,4.000000,5.000000,5.000000,96.000000,96.000000,96.000000,95.000000,95.000000,5.0,37.1152,33.9985,131.5902,134.7069,PENDING_AG03,FALSE,NOT_FOR_ENFORCEMENT,161.9572,1430.4802,168.7054,161.9572,6.7482,0.10307768,0.09895458,6.7482,161.9572,0.09895458,6.7482,6.7482,6.7482,8.4353,8.4353,161.9572,0.09895458,37.1152,33.9985,131.5902,134.7069,0.08040059,0.08230487,0.00412311,10.9844,10.0006,1.1323,12.9773,2.9087,125.8987,11.4615,9.7710,11.0266,5.1891,12.8578,12.9729,21.3952,25.7155,26.0462,12.8578,0.0,2.0,2.025719,0.854304,15,44,25,2,0.02984992,0.10307768,0.47425573,0E-8,0.000000,0.910429,0.000000,-0.38259858,2026-04-30,2026-08-02,13,58,48,95,0.136842,0.886129,0.889528,0.099500,,,,,,,,GLOBAL_BASELINE_NO_ENTITY_RANKING,,,NOT_APPLICABLE_GLOBAL_BASELINE,HF9g-P5,,,,X 全窗基线 · 不参与实体赏罚,6876409,688,A168_HF9F_20260827_0900,2026-08-27 09:00:00
2026-06-16,142001532,1710,0,38.5733021318,-12.8577673772,-12.8577673772,0.5000000,2,2,0.49994810000000000,0.499948100000,0.00014679536856514622,0.00014679536856514622,0.00014679536856514622,0E-17,ELIGIBLE,R03b_20260811_FULL_v1,L1_ELIGIBILITY,v2026-08-11,2026-03-21..2026-08-06,baccarat_bet02_101_all_pairs_incl_sentinel,round_win = game_pnl > 0 (decisive only),COMPATIBILITY_ONLY_NOT_PRODUCTION,1636.6825,1490.0835,168.7054,149,149,-0.10307768,-0.47425573,-0.09165715,-0.10307768,-168.7054,1636.6825,OK,0.0000,6.7482,4.0000,96.0000,AG03-UNRESOLVED,ALL5_LEVELS_bet23_to_bet27,6.7482,6.7482,6.7482,8.4353,8.4353,4.000000,4.000000,4.000000,5.000000,5.000000,96.000000,96.000000,96.000000,95.000000,95.000000,5.0,37.1152,33.9985,131.5902,134.7069,PENDING_AG03,FALSE,NOT_FOR_ENFORCEMENT,161.9572,1430.4802,168.7054,161.9572,6.7482,0.10307768,0.09895458,6.7482,161.9572,0.09895458,6.7482,6.7482,6.7482,8.4353,8.4353,161.9572,0.09895458,37.1152,33.9985,131.5902,134.7069,0.08040059,0.08230487,0.00412311,10.9844,10.0006,1.1323,12.9773,2.9087,125.8987,11.4615,9.7710,11.0266,5.1891,12.8578,12.9729,21.3952,25.7155,26.0462,12.8578,0.0,2.0,2.025719,0.854304,15,44,25,2,0.02984992,0.10307768,0.47425573,0E-8,0.000000,0.910429,0.000000,-0.38259858,2026-04-30,2026-08-02,13,58,48,95,0.136842,0.886129,0.889528,0.099500,,,,,,,,GLOBAL_BASELINE_NO_ENTITY_RANKING,,,NOT_APPLICABLE_GLOBAL_BASELINE,HF9g-P5,,,,X 全窗基线 · 不参与实体赏罚,6876410,688,A168_HF9F_20260827_0900,2026-08-27 09:00:00
2026-06-16,142001532,1985,0,61.7172834109,8.4861264690,8.4861264690,0.5000000,2,2,0.50665070000000000,0.506650700000,-0.018812684590367487,-0.018812684590367487,-0.018812684590367487,0E-17,ELIGIBLE,R03b_20260811_FULL_v1,L1_ELIGIBILITY,v2026-08-11,2026-03-21..2026-08-06,baccarat_bet02_101_all_pairs_incl_sentinel,round_win = game_pnl > 0 (decisive only),COMPATIBILITY_ONLY_NOT_PRODUCTION,1636.6825,1490.0835,168.7054,149,149,-0.10307768,-0.47425573,-0.09165715,-0.10307768,-168.7054,1636.6825,OK,0.0000,6.7482,4.0000,96.0000,AG03-UNRESOLVED,ALL5_LEVELS_bet23_to_bet27,6.7482,6.7482,6.7482,8.4353,8.4353,4.000000,4.000000,4.000000,5.000000,5.000000,96.000000,96.000000,96.000000,95.000000,95.000000,5.0,37.1152,33.9985,131.5902,134.7069,PENDING_AG03,FALSE,NOT_FOR_ENFORCEMENT,161.9572,1430.4802,168.7054,161.9572,6.7482,0.10307768,0.09895458,6.7482,161.9572,0.09895458,6.7482,6.7482,6.7482,8.4353,8.4353,161.9572,0.09895458,37.1152,33.9985,131.5902,134.7069,0.08040059,0.08230487,0.00412311,10.9844,10.0006,1.1323,12.9773,2.9087,125.8987,11.4615,9.7710,11.0266,5.1891,12.8578,12.9729,21.3952,25.7155,26.0462,12.8578,0.0,2.0,2.025719,0.854304,15,44,25,2,0.02984992,0.10307768,0.47425573,0E-8,0.000000,0.910429,0.000000,-0.38259858,2026-04-30,2026-08-02,13,58,48,95,0.136842,0.886129,0.889528,0.099500,,,,,,,,GLOBAL_BASELINE_NO_ENTITY_RANKING,,,NOT_APPLICABLE_GLOBAL_BASELINE,HF9g-P5,,,,X 全窗基线 · 不参与实体赏罚,6876411,688,A168_HF9F_20260827_0900,2026-08-27 09:00:00
2026-06-16,142001532,2108,0,115.7199063954,10.2862139019,10.2862139019,0.6666667,6,6,0.50441650000000000,0.504416500000,0.7948912480929629,0.7948912480929629,0.7948912480929629,0E-17,ELIGIBLE,R03b_20260811_FULL_v1,L1_ELIGIBILITY,v2026-08-11,2026-03-21..2026-08-06,baccarat_bet02_101_all_pairs_incl_sentinel,round_win = game_pnl > 0 (decisive only),COMPATIBILITY_ONLY_NOT_PRODUCTION,1636.6825,1490.0835,168.7054,149,149,-0.10307768,-0.47425573,-0.09165715,-0.10307768,-168.7054,1636.6825,OK,0.0000,6.7482,4.0000,96.0000,AG03-UNRESOLVED,ALL5_LEVELS_bet23_to_bet27,6.7482,6.7482,6.7482,8.4353,8.4353,4.000000,4.000000,4.000000,5.000000,5.000000,96.000000,96.000000,96.000000,95.000000,95.000000,5.0,37.1152,33.9985,131.5902,134.7069,PENDING_AG03,FALSE,NOT_FOR_ENFORCEMENT,161.9572,1430.4802,168.7054,161.9572,6.7482,0.10307768,0.09895458,6.7482,161.9572,0.09895458,6.7482,6.7482,6.7482,8.4353,8.4353,161.9572,0.09895458,37.1152,33.9985,131.5902,134.7069,0.08040059,0.08230487,0.00412311,10.9844,10.0006,1.1323,12.9773,2.9087,125.8987,11.4615,9.7710,11.0266,5.1891,12.8578,12.9729,21.3952,25.7155,26.0462,12.8578,0.0,2.0,2.025719,0.854304,15,44,25,2,0.02984992,0.10307768,0.47425573,0E-8,0.000000,0.910429,0.000000,-0.38259858,2026-04-30,2026-08-02,13,58,48,95,0.136842,0.886129,0.889528,0.099500,,,,,,,,GLOBAL_BASELINE_NO_ENTITY_RANKING,,,NOT_APPLICABLE_GLOBAL_BASELINE,HF9g-P5,,,,X 全窗基线 · 不参与实体赏罚,6876412,688,A168_HF9F_20260827_0900,2026-08-27 09:00:00
2026-06-16,142001532,2147,0,12.8577673773,-12.8577673773,-12.8577673773,0E-7,1,1,0.49324550000000000,0.493245500000,-0.9865810262130424,-0.9865810262130424,-0.9865810262130424,0E-17,ELIGIBLE,R03b_20260811_FULL_v1,L1_ELIGIBILITY,v2026-08-11,2026-03-21..2026-08-06,baccarat_bet02_101_all_pairs_incl_sentinel,round_win = game_pnl > 0 (decisive only),COMPATIBILITY_ONLY_NOT_PRODUCTION,1636.6825,1490.0835,168.7054,149,149,-0.10307768,-0.47425573,-0.09165715,-0.10307768,-168.7054,1636.6825,OK,0.0000,6.7482,4.0000,96.0000,AG03-UNRESOLVED,ALL5_LEVELS_bet23_to_bet27,6.7482,6.7482,6.7482,8.4353,8.4353,4.000000,4.000000,4.000000,5.000000,5.000000,96.000000,96.000000,96.000000,95.000000,95.000000,5.0,37.1152,33.9985,131.5902,134.7069,PENDING_AG03,FALSE,NOT_FOR_ENFORCEMENT,161.9572,1430.4802,168.7054,161.9572,6.7482,0.10307768,0.09895458,6.7482,161.9572,0.09895458,6.7482,6.7482,6.7482,8.4353,8.4353,161.9572,0.09895458,37.1152,33.9985,131.5902,134.7069,0.08040059,0.08230487,0.00412311,10.9844,10.0006,1.1323,12.9773,2.9087,125.8987,11.4615,9.7710,11.0266,5.1891,12.8578,12.9729,21.3952,25.7155,26.0462,12.8578,0.0,2.0,2.025719,0.854304,15,44,25,2,0.02984992,0.10307768,0.47425573,0E-8,0.000000,0.910429,0.000000,-0.38259858,2026-04-30,2026-08-02,13,58,48,95,0.136842,0.886129,0.889528,0.099500,,,,,,,,GLOBAL_BASELINE_NO_ENTITY_RANKING,,,NOT_APPLICABLE_GLOBAL_BASELINE,HF9g-P5,,,,X 全窗基线 · 不参与实体赏罚,6876413,688,A168_HF9F_20260827_0900,2026-08-27 09:00:00
2026-06-16,142001532,2153,0,25.7155347546,-25.7155347546,-25.7155347546,0E-7,2,2,0.50665070000000000,0.506650700000,-1.4331513700195317,-1.4331513700195317,-1.4331513700195317,0E-17,ELIGIBLE,R03b_20260811_FULL_v1,L1_ELIGIBILITY,v2026-08-11,2026-03-21..2026-08-06,baccarat_bet02_101_all_pairs_incl_sentinel,round_win = game_pnl > 0 (decisive only),COMPATIBILITY_ONLY_NOT_PRODUCTION,1636.6825,1490.0835,168.7054,149,149,-0.10307768,-0.47425573,-0.09165715,-0.10307768,-168.7054,1636.6825,OK,0.0000,6.7482,4.0000,96.0000,AG03-UNRESOLVED,ALL5_LEVELS_bet23_to_bet27,6.7482,6.7482,6.7482,8.4353,8.4353,4.000000,4.000000,4.000000,5.000000,5.000000,96.000000,96.000000,96.000000,95.000000,95.000000,5.0,37.1152,33.9985,131.5902,134.7069,PENDING_AG03,FALSE,NOT_FOR_ENFORCEMENT,161.9572,1430.4802,168.7054,161.9572,6.7482,0.10307768,0.09895458,6.7482,161.9572,0.09895458,6.7482,6.7482,6.7482,8.4353,8.4353,161.9572,0.09895458,37.1152,33.9985,131.5902,134.7069,0.08040059,0.08230487,0.00412311,10.9844,10.0006,1.1323,12.9773,2.9087,125.8987,11.4615,9.7710,11.0266,5.1891,12.8578,12.9729,21.3952,25.7155,26.0462,12.8578,0.0,2.0,2.025719,0.854304,15,44,25,2,0.02984992,0.10307768,0.47425573,0E-8,0.000000,0.910429,0.000000,-0.38259858,2026-04-30,2026-08-02,13,58,48,95,0.136842,0.886129,0.889528,0.099500,,,,,,,,GLOBAL_BASELINE_NO_ENTITY_RANKING,,,NOT_APPLICABLE_GLOBAL_BASELINE,HF9g-P5,,,,X 全窗基线 · 不参与实体赏罚,6876414,688,A168_HF9F_20260827_0900,2026-08-27 09:00:00
2026-06-16,142001532,987,0,10.2862139018,-0.2571553475,-0.2571553475,0.5000000,2,2,0.50665070000000000,0.506650700000,-0.018812684590367487,-0.018812684590367487,-0.018812684590367487,0E-17,ELIGIBLE,R03b_20260811_FULL_v1,L1_ELIGIBILITY,v2026-08-11,2026-03-21..2026-08-06,baccarat_bet02_101_all_pairs_incl_sentinel,round_win = game_pnl > 0 (decisive only),COMPATIBILITY_ONLY_NOT_PRODUCTION,1636.6825,1490.0835,168.7054,149,149,-0.10307768,-0.47425573,-0.09165715,-0.10307768,-168.7054,1636.6825,OK,0.0000,6.7482,4.0000,96.0000,AG03-UNRESOLVED,ALL5_LEVELS_bet23_to_bet27,6.7482,6.7482,6.7482,8.4353,8.4353,4.000000,4.000000,4.000000,5.000000,5.000000,96.000000,96.000000,96.000000,95.000000,95.000000,5.0,37.1152,33.9985,131.5902,134.7069,PENDING_AG03,FALSE,NOT_FOR_ENFORCEMENT,161.9572,1430.4802,168.7054,161.9572,6.7482,0.10307768,0.09895458,6.7482,161.9572,0.09895458,6.7482,6.7482,6.7482,8.4353,8.4353,161.9572,0.09895458,37.1152,33.9985,131.5902,134.7069,0.08040059,0.08230487,0.00412311,10.9844,10.0006,1.1323,12.9773,2.9087,125.8987,11.4615,9.7710,11.0266,5.1891,12.8578,12.9729,21.3952,25.7155,26.0462,12.8578,0.0,2.0,2.025719,0.854304,15,44,25,2,0.02984992,0.10307768,0.47425573,0E-8,0.000000,0.910429,0.000000,-0.38259858,2026-04-30,2026-08-02,13,58,48,95,0.136842,0.886129,0.889528,0.099500,,,,,,,,GLOBAL_BASELINE_NO_ENTITY_RANKING,,,NOT_APPLICABLE_GLOBAL_BASELINE,HF9g-P5,,,,X 全窗基线 · 不参与实体赏罚,6876415,688,A168_HF9F_20260827_0900,2026-08-27 09:00:00
2026-06-18,142001532,1325,0,51.4310695091,-25.7155347545,-25.7155347545,0.3333333,3,3,0.50218230000000000,0.502182300000,-0.5849155494134425,-0.5849155494134426,-0.5849155494134425,0E-17,ELIGIBLE,R03b_20260811_FULL_v1,L1_ELIGIBILITY,v2026-08-11,2026-03-21..2026-08-06,baccarat_bet02_101_all_pairs_incl_sentinel,round_win = game_pnl > 0 (decisive only),COMPATIBILITY_ONLY_NOT_PRODUCTION,1636.6825,1490.0835,168.7054,149,149,-0.10307768,-0.47425573,-0.09165715,-0.10307768,-168.7054,1636.6825,OK,0.0000,6.7482,4.0000,96.0000,AG03-UNRESOLVED,ALL5_LEVELS_bet23_to_bet27,6.7482,6.7482,6.7482,8.4353,8.4353,4.000000,4.000000,4.000000,5.000000,5.000000,96.000000,96.000000,96.000000,95.000000,95.000000,5.0,37.1152,33.9985,131.5902,134.7069,PENDING_AG03,FALSE,NOT_FOR_ENFORCEMENT,161.9572,1430.4802,168.7054,161.9572,6.7482,0.10307768,0.09895458,6.7482,161.9572,0.09895458,6.7482,6.7482,6.7482,8.4353,8.4353,161.9572,0.09895458,37.1152,33.9985,131.5902,134.7069,0.08040059,0.08230487,0.00412311,10.9844,10.0006,1.1323,12.9773,2.9087,125.8987,11.4615,9.7710,11.0266,5.1891,12.8578,12.9729,21.3952,25.7155,26.0462,12.8578,0.0,2.0,2.025719,0.854304,15,44,25,2,0.02984992,0.10307768,0.47425573,0E-8,0.000000,0.910429,0.000000,-0.38259858,2026-04-30,2026-08-02,13,58,48,95,0.136842,0.886129,0.889528,0.099500,,,,,,,,GLOBAL_BASELINE_NO_ENTITY_RANKING,,,NOT_APPLICABLE_GLOBAL_BASELINE,HF9g-P5,,,,X 全窗基线 · 不参与实体赏罚,6876416,688,A168_HF9F_20260827_0900,2026-08-27 09:00:00
2026-06-18,142001532,763,0,38.5733021319,0E-10,0E-10,0.5000000,3,3,0.50218230000000000,0.502182300000,-0.00617253530718887,-0.00617253530718887,-0.00617253530718887,0E-17,ELIGIBLE,R03b_20260811_FULL_v1,L1_ELIGIBILITY,v2026-08-11,2026-03-21..2026-08-06,baccarat_bet02_101_all_pairs_incl_sentinel,round_win = game_pnl > 0 (decisive only),COMPATIBILITY_ONLY_NOT_PRODUCTION,1636.6825,1490.0835,168.7054,149,149,-0.10307768,-0.47425573,-0.09165715,-0.10307768,-168.7054,1636.6825,OK,0.0000,6.7482,4.0000,96.0000,AG03-UNRESOLVED,ALL5_LEVELS_bet23_to_bet27,6.7482,6.7482,6.7482,8.4353,8.4353,4.000000,4.000000,4.000000,5.000000,5.000000,96.000000,96.000000,96.000000,95.000000,95.000000,5.0,37.1152,33.9985,131.5902,134.7069,PENDING_AG03,FALSE,NOT_FOR_ENFORCEMENT,161.9572,1430.4802,168.7054,161.9572,6.7482,0.10307768,0.09895458,6.7482,161.9572,0.09895458,6.7482,6.7482,6.7482,8.4353,8.4353,161.9572,0.09895458,37.1152,33.9985,131.5902,134.7069,0.08040059,0.08230487,0.00412311,10.9844,10.0006,1.1323,12.9773,2.9087,125.8987,11.4615,9.7710,11.0266,5.1891,12.8578,12.9729,21.3952,25.7155,26.0462,12.8578,0.0,2.0,2.025719,0.854304,15,44,25,2,0.02984992,0.10307768,0.47425573,0E-8,0.000000,0.910429,0.000000,-0.38259858,2026-04-30,2026-08-02,13,58,48,95,0.136842,0.886129,0.889528,0.099500,,,,,,,,GLOBAL_BASELINE_NO_ENTITY_RANKING,,,NOT_APPLICABLE_GLOBAL_BASELINE,HF9g-P5,,,,X 全窗基线 · 不参与实体赏罚,6876417,688,A168_HF9F_20260827_0900,2026-08-27 09:00:00
2026-06-20,142001532,-1,1,38.5733021318,-25.7155347545,-25.7155347545,0E-7,2,2,0.49324550000000000,0.493245500000,-0.9865810262130424,-0.9865810262130424,-0.9865810262130424,0E-17,SENTINEL_DEALER,R03b_20260811_FULL_v1,L1_ELIGIBILITY,v2026-08-11,2026-03-21..2026-08-06,baccarat_bet02_101_all_pairs_incl_sentinel,round_win = game_pnl > 0 (decisive only),COMPATIBILITY_ONLY_NOT_PRODUCTION,1636.6825,1490.0835,168.7054,149,149,-0.10307768,-0.47425573,-0.09165715,-0.10307768,-168.7054,1636.6825,OK,0.0000,6.7482,4.0000,96.0000,AG03-UNRESOLVED,ALL5_LEVELS_bet23_to_bet27,6.7482,6.7482,6.7482,8.4353,8.4353,4.000000,4.000000,4.000000,5.000000,5.000000,96.000000,96.000000,96.000000,95.000000,95.000000,5.0,37.1152,33.9985,131.5902,134.7069,PENDING_AG03,FALSE,NOT_FOR_ENFORCEMENT,161.9572,1430.4802,168.7054,161.9572,6.7482,0.10307768,0.09895458,6.7482,161.9572,0.09895458,6.7482,6.7482,6.7482,8.4353,8.4353,161.9572,0.09895458,37.1152,33.9985,131.5902,134.7069,0.08040059,0.08230487,0.00412311,10.9844,10.0006,1.1323,12.9773,2.9087,125.8987,11.4615,9.7710,11.0266,5.1891,12.8578,12.9729,21.3952,25.7155,26.0462,12.8578,0.0,2.0,2.025719,0.854304,15,44,25,2,0.02984992,0.10307768,0.47425573,0E-8,0.000000,0.910429,0.000000,-0.38259858,2026-04-30,2026-08-02,13,58,48,95,0.136842,0.886129,0.889528,0.099500,,,,,,,,GLOBAL_BASELINE_NO_ENTITY_RANKING,,,NOT_APPLICABLE_GLOBAL_BASELINE,HF9g-P5,,,,X 全窗基线 · 不参与实体赏罚,6876418,688,A168_HF9F_20260827_0900,2026-08-27 09:00:00
2026-06-20,142001532,1004,0,12.8577673773,-12.8577673773,-12.8577673773,0E-7,1,1,0.49324550000000000,0.493245500000,-0.9865810262130424,-0.9865810262130424,-0.9865810262130424,0E-17,ELIGIBLE,R03b_20260811_FULL_v1,L1_ELIGIBILITY,v2026-08-11,2026-03-21..2026-08-06,baccarat_bet02_101_all_pairs_incl_sentinel,round_win = game_pnl > 0 (decisive only),COMPATIBILITY_ONLY_NOT_PRODUCTION,1636.6825,1490.0835,168.7054,149,149,-0.10307768,-0.47425573,-0.09165715,-0.10307768,-168.7054,1636.6825,OK,0.0000,6.7482,4.0000,96.0000,AG03-UNRESOLVED,ALL5_LEVELS_bet23_to_bet27,6.7482,6.7482,6.7482,8.4353,8.4353,4.000000,4.000000,4.000000,5.000000,5.000000,96.000000,96.000000,96.000000,95.000000,95.000000,5.0,37.1152,33.9985,131.5902,134.7069,PENDING_AG03,FALSE,NOT_FOR_ENFORCEMENT,161.9572,1430.4802,168.7054,161.9572,6.7482,0.10307768,0.09895458,6.7482,161.9572,0.09895458,6.7482,6.7482,6.7482,8.4353,8.4353,161.9572,0.09895458,37.1152,33.9985,131.5902,134.7069,0.08040059,0.08230487,0.00412311,10.9844,10.0006,1.1323,12.9773,2.9087,125.8987,11.4615,9.7710,11.0266,5.1891,12.8578,12.9729,21.3952,25.7155,26.0462,12.8578,0.0,2.0,2.025719,0.854304,15,44,25,2,0.02984992,0.10307768,0.47425573,0E-8,0.000000,0.910429,0.000000,-0.38259858,2026-04-30,2026-08-02,13,58,48,95,0.136842,0.886129,0.889528,0.099500,,,,,,,,GLOBAL_BASELINE_NO_ENTITY_RANKING,,,NOT_APPLICABLE_GLOBAL_BASELINE,HF9g-P5,,,,X 全窗基线 · 不参与实体赏罚,6876419,688,A168_HF9F_20260827_0900,2026-08-27 09:00:00
2026-06-20,142001532,529,0,12.8577673773,12.2148790084,12.2148790084,1.0000000,1,1,0.50665070000000000,0.506650700000,0.9867858985152569,0.9867858985152569,0.9867858985152569,0E-17,ELIGIBLE,R03b_20260811_FULL_v1,L1_ELIGIBILITY,v2026-08-11,2026-03-21..2026-08-06,baccarat_bet02_101_all_pairs_incl_sentinel,round_win = game_pnl > 0 (decisive only),COMPATIBILITY_ONLY_NOT_PRODUCTION,1636.6825,1490.0835,168.7054,149,149,-0.10307768,-0.47425573,-0.09165715,-0.10307768,-168.7054,1636.6825,OK,0.0000,6.7482,4.0000,96.0000,AG03-UNRESOLVED,ALL5_LEVELS_bet23_to_bet27,6.7482,6.7482,6.7482,8.4353,8.4353,4.000000,4.000000,4.000000,5.000000,5.000000,96.000000,96.000000,96.000000,95.000000,95.000000,5.0,37.1152,33.9985,131.5902,134.7069,PENDING_AG03,FALSE,NOT_FOR_ENFORCEMENT,161.9572,1430.4802,168.7054,161.9572,6.7482,0.10307768,0.09895458,6.7482,161.9572,0.09895458,6.7482,6.7482,6.7482,8.4353,8.4353,161.9572,0.09895458,37.1152,33.9985,131.5902,134.7069,0.08040059,0.08230487,0.00412311,10.9844,10.0006,1.1323,12.9773,2.9087,125.8987,11.4615,9.7710,11.0266,5.1891,12.8578,12.9729,21.3952,25.7155,26.0462,12.8578,0.0,2.0,2.025719,0.854304,15,44,25,2,0.02984992,0.10307768,0.47425573,0E-8,0.000000,0.910429,0.000000,-0.38259858,2026-04-30,2026-08-02,13,58,48,95,0.136842,0.886129,0.889528,0.099500,,,,,,,,GLOBAL_BASELINE_NO_ENTITY_RANKING,,,NOT_APPLICABLE_GLOBAL_BASELINE,HF9g-P5,,,,X 全窗基线 · 不参与实体赏罚,6876420,688,A168_HF9F_20260827_0900,2026-08-27 09:00:00
2026-06-20,142001532,763,0,12.8577673773,-12.8577673773,-12.8577673773,0E-7,1,1,0.49324550000000000,0.493245500000,-0.9865810262130424,-0.9865810262130424,-0.9865810262130424,0E-17,ELIGIBLE,R03b_20260811_FULL_v1,L1_ELIGIBILITY,v2026-08-11,2026-03-21..2026-08-06,baccarat_bet02_101_all_pairs_incl_sentinel,round_win = game_pnl > 0 (decisive only),COMPATIBILITY_ONLY_NOT_PRODUCTION,1636.6825,1490.0835,168.7054,149,149,-0.10307768,-0.47425573,-0.09165715,-0.10307768,-168.7054,1636.6825,OK,0.0000,6.7482,4.0000,96.0000,AG03-UNRESOLVED,ALL5_LEVELS_bet23_to_bet27,6.7482,6.7482,6.7482,8.4353,8.4353,4.000000,4.000000,4.000000,5.000000,5.000000,96.000000,96.000000,96.000000,95.000000,95.000000,5.0,37.1152,33.9985,131.5902,134.7069,PENDING_AG03,FALSE,NOT_FOR_ENFORCEMENT,161.9572,1430.4802,168.7054,161.9572,6.7482,0.10307768,0.09895458,6.7482,161.9572,0.09895458,6.7482,6.7482,6.7482,8.4353,8.4353,161.9572,0.09895458,37.1152,33.9985,131.5902,134.7069,0.08040059,0.08230487,0.00412311,10.9844,10.0006,1.1323,12.9773,2.9087,125.8987,11.4615,9.7710,11.0266,5.1891,12.8578,12.9729,21.3952,25.7155,26.0462,12.8578,0.0,2.0,2.025719,0.854304,15,44,25,2,0.02984992,0.10307768,0.47425573,0E-8,0.000000,0.910429,0.000000,-0.38259858,2026-04-30,2026-08-02,13,58,48,95,0.136842,0.886129,0.889528,0.099500,,,,,,,,GLOBAL_BASELINE_NO_ENTITY_RANKING,,,NOT_APPLICABLE_GLOBAL_BASELINE,HF9g-P5,,,,X 全窗基线 · 不参与实体赏罚,6876421,688,A168_HF9F_20260827_0900,2026-08-27 09:00:00
2026-06-30,142001532,1405,0,12.9088890610,12.9088890610,12.9088890610,1.0000000,1,1,0.49324550000000000,0.493245500000,1.01360149184955,1.01360149184955,1.01360149184955,0E-17,ELIGIBLE,R03b_20260811_FULL_v1,L1_ELIGIBILITY,v2026-08-11,2026-03-21..2026-08-06,baccarat_bet02_101_all_pairs_incl_sentinel,round_win = game_pnl > 0 (decisive only),COMPATIBILITY_ONLY_NOT_PRODUCTION,1636.6825,1490.0835,168.7054,149,149,-0.10307768,-0.47425573,-0.09165715,-0.10307768,-168.7054,1636.6825,OK,0.0000,6.7482,4.0000,96.0000,AG03-UNRESOLVED,ALL5_LEVELS_bet23_to_bet27,6.7482,6.7482,6.7482,8.4353,8.4353,4.000000,4.000000,4.000000,5.000000,5.000000,96.000000,96.000000,96.000000,95.000000,95.000000,5.0,37.1152,33.9985,131.5902,134.7069,PENDING_AG03,FALSE,NOT_FOR_ENFORCEMENT,161.9572,1430.4802,168.7054,161.9572,6.7482,0.10307768,0.09895458,6.7482,161.9572,0.09895458,6.7482,6.7482,6.7482,8.4353,8.4353,161.9572,0.09895458,37.1152,33.9985,131.5902,134.7069,0.08040059,0.08230487,0.00412311,10.9844,10.0006,1.1323,12.9773,2.9087,125.8987,11.4615,9.7710,11.0266,5.1891,12.8578,12.9729,21.3952,25.7155,26.0462,12.8578,0.0,2.0,2.025719,0.854304,15,44,25,2,0.02984992,0.10307768,0.47425573,0E-8,0.000000,0.910429,0.000000,-0.38259858,2026-04-30,2026-08-02,13,58,48,95,0.136842,0.886129,0.889528,0.099500,,,,,,,,GLOBAL_BASELINE_NO_ENTITY_RANKING,,,NOT_APPLICABLE_GLOBAL_BASELINE,HF9g-P5,,,,X 全窗基线 · 不参与实体赏罚,6876422,688,A168_HF9F_20260827_0900,2026-08-27 09:00:00
2026-07-21,142001532,1646,0,5.1635556244,-5.1635556244,-5.1635556244,0E-7,1,1,0.50665070000000000,0.506650700000,-1.013391052207602,-1.013391052207602,-1.013391052207602,0E-17,ELIGIBLE,R03b_20260811_FULL_v1,L1_ELIGIBILITY,v2026-08-11,2026-03-21..2026-08-06,baccarat_bet02_101_all_pairs_incl_sentinel,round_win = game_pnl > 0 (decisive only),COMPATIBILITY_ONLY_NOT_PRODUCTION,1636.6825,1490.0835,168.7054,149,149,-0.10307768,-0.47425573,-0.09165715,-0.10307768,-168.7054,1636.6825,OK,0.0000,6.7482,4.0000,96.0000,AG03-UNRESOLVED,ALL5_LEVELS_bet23_to_bet27,6.7482,6.7482,6.7482,8.4353,8.4353,4.000000,4.000000,4.000000,5.000000,5.000000,96.000000,96.000000,96.000000,95.000000,95.000000,5.0,37.1152,33.9985,131.5902,134.7069,PENDING_AG03,FALSE,NOT_FOR_ENFORCEMENT,161.9572,1430.4802,168.7054,161.9572,6.7482,0.10307768,0.09895458,6.7482,161.9572,0.09895458,6.7482,6.7482,6.7482,8.4353,8.4353,161.9572,0.09895458,37.1152,33.9985,131.5902,134.7069,0.08040059,0.08230487,0.00412311,10.9844,10.0006,1.1323,12.9773,2.9087,125.8987,11.4615,9.7710,11.0266,5.1891,12.8578,12.9729,21.3952,25.7155,26.0462,12.8578,0.0,2.0,2.025719,0.854304,15,44,25,2,0.02984992,0.10307768,0.47425573,0E-8,0.000000,0.910429,0.000000,-0.38259858,2026-04-30,2026-08-02,13,58,48,95,0.136842,0.886129,0.889528,0.099500,,,,,,,,GLOBAL_BASELINE_NO_ENTITY_RANKING,,,NOT_APPLICABLE_GLOBAL_BASELINE,HF9g-P5,,,,X 全窗基线 · 不参与实体赏罚,6876423,688,A168_HF9F_20260827_0900,2026-08-27 09:00:00
2026-07-21,142001532,2115,0,5.1635556244,-5.1635556244,-5.1635556244,0E-7,1,1,0.49324550000000000,0.493245500000,-0.9865810262130424,-0.9865810262130424,-0.9865810262130424,0E-17,ELIGIBLE,R03b_20260811_FULL_v1,L1_ELIGIBILITY,v2026-08-11,2026-03-21..2026-08-06,baccarat_bet02_101_all_pairs_incl_sentinel,round_win = game_pnl > 0 (decisive only),COMPATIBILITY_ONLY_NOT_PRODUCTION,1636.6825,1490.0835,168.7054,149,149,-0.10307768,-0.47425573,-0.09165715,-0.10307768,-168.7054,1636.6825,OK,0.0000,6.7482,4.0000,96.0000,AG03-UNRESOLVED,ALL5_LEVELS_bet23_to_bet27,6.7482,6.7482,6.7482,8.4353,8.4353,4.000000,4.000000,4.000000,5.000000,5.000000,96.000000,96.000000,96.000000,95.000000,95.000000,5.0,37.1152,33.9985,131.5902,134.7069,PENDING_AG03,FALSE,NOT_FOR_ENFORCEMENT,161.9572,1430.4802,168.7054,161.9572,6.7482,0.10307768,0.09895458,6.7482,161.9572,0.09895458,6.7482,6.7482,6.7482,8.4353,8.4353,161.9572,0.09895458,37.1152,33.9985,131.5902,134.7069,0.08040059,0.08230487,0.00412311,10.9844,10.0006,1.1323,12.9773,2.9087,125.8987,11.4615,9.7710,11.0266,5.1891,12.8578,12.9729,21.3952,25.7155,26.0462,12.8578,0.0,2.0,2.025719,0.854304,15,44,25,2,0.02984992,0.10307768,0.47425573,0E-8,0.000000,0.910429,0.000000,-0.38259858,2026-04-30,2026-08-02,13,58,48,95,0.136842,0.886129,0.889528,0.099500,,,,,,,,GLOBAL_BASELINE_NO_ENTITY_RANKING,,,NOT_APPLICABLE_GLOBAL_BASELINE,HF9g-P5,,,,X 全窗基线 · 不参与实体赏罚,6876424,688,A168_HF9F_20260827_0900,2026-08-27 09:00:00
2026-08-02,142001532,1645,0,25.6851514140,0E-10,0E-10,0.5000000,2,2,0.49324550000000000,0.493245500000,0.01910635448239258,0.01910635448239258,0.01910635448239258,0E-17,ELIGIBLE,R03b_20260811_FULL_v1,L1_ELIGIBILITY,v2026-08-11,2026-03-21..2026-08-06,baccarat_bet02_101_all_pairs_incl_sentinel,round_win = game_pnl > 0 (decisive only),COMPATIBILITY_ONLY_NOT_PRODUCTION,1636.6825,1490.0835,168.7054,149,149,-0.10307768,-0.47425573,-0.09165715,-0.10307768,-168.7054,1636.6825,OK,0.0000,6.7482,4.0000,96.0000,AG03-UNRESOLVED,ALL5_LEVELS_bet23_to_bet27,6.7482,6.7482,6.7482,8.4353,8.4353,4.000000,4.000000,4.000000,5.000000,5.000000,96.000000,96.000000,96.000000,95.000000,95.000000,5.0,37.1152,33.9985,131.5902,134.7069,PENDING_AG03,FALSE,NOT_FOR_ENFORCEMENT,161.9572,1430.4802,168.7054,161.9572,6.7482,0.10307768,0.09895458,6.7482,161.9572,0.09895458,6.7482,6.7482,6.7482,8.4353,8.4353,161.9572,0.09895458,37.1152,33.9985,131.5902,134.7069,0.08040059,0.08230487,0.00412311,10.9844,10.0006,1.1323,12.9773,2.9087,125.8987,11.4615,9.7710,11.0266,5.1891,12.8578,12.9729,21.3952,25.7155,26.0462,12.8578,0.0,2.0,2.025719,0.854304,15,44,25,2,0.02984992,0.10307768,0.47425573,0E-8,0.000000,0.910429,0.000000,-0.38259858,2026-04-30,2026-08-02,13,58,48,95,0.136842,0.886129,0.889528,0.099500,,,,,,,,GLOBAL_BASELINE_NO_ENTITY_RANKING,,,NOT_APPLICABLE_GLOBAL_BASELINE,HF9g-P5,,,,X 全窗基线 · 不参与实体赏罚,6876425,688,A168_HF9F_20260827_0900,2026-08-27 09:00:00
2026-08-02,142001532,2258,0,12.8425757070,-12.8425757070,-12.8425757070,0E-7,1,1,0.49324550000000000,0.493245500000,-0.9865810262130424,-0.9865810262130424,-0.9865810262130424,0E-17,ELIGIBLE,R03b_20260811_FULL_v1,L1_ELIGIBILITY,v2026-08-11,2026-03-21..2026-08-06,baccarat_bet02_101_all_pairs_incl_sentinel,round_win = game_pnl > 0 (decisive only),COMPATIBILITY_ONLY_NOT_PRODUCTION,1636.6825,1490.0835,168.7054,149,149,-0.10307768,-0.47425573,-0.09165715,-0.10307768,-168.7054,1636.6825,OK,0.0000,6.7482,4.0000,96.0000,AG03-UNRESOLVED,ALL5_LEVELS_bet23_to_bet27,6.7482,6.7482,6.7482,8.4353,8.4353,4.000000,4.000000,4.000000,5.000000,5.000000,96.000000,96.000000,96.000000,95.000000,95.000000,5.0,37.1152,33.9985,131.5902,134.7069,PENDING_AG03,FALSE,NOT_FOR_ENFORCEMENT,161.9572,1430.4802,168.7054,161.9572,6.7482,0.10307768,0.09895458,6.7482,161.9572,0.09895458,6.7482,6.7482,6.7482,8.4353,8.4353,161.9572,0.09895458,37.1152,33.9985,131.5902,134.7069,0.08040059,0.08230487,0.00412311,10.9844,10.0006,1.1323,12.9773,2.9087,125.8987,11.4615,9.7710,11.0266,5.1891,12.8578,12.9729,21.3952,25.7155,26.0462,12.8578,0.0,2.0,2.025719,0.854304,15,44,25,2,0.02984992,0.10307768,0.47425573,0E-8,0.000000,0.910429,0.000000,-0.38259858,2026-04-30,2026-08-02,13,58,48,95,0.136842,0.886129,0.889528,0.099500,,,,,,,,GLOBAL_BASELINE_NO_ENTITY_RANKING,,,NOT_APPLICABLE_GLOBAL_BASELINE,HF9g-P5,,,,X 全窗基线 · 不参与实体赏罚,6876426,688,A168_HF9F_20260827_0900,2026-08-27 09:00:00
2026-04-01,148082474,2115,0,584.4032635509,-123.3845634898,-123.3845634898,0.3750000,16,9,0.44535410571087937,0.346409850000,-0.4003813218111179,0.16994702322508298,-0.4003813218111179,0.09894425571087937,ELIGIBLE,R03b_20260811_FULL_v1,L1_ELIGIBILITY,v2026-08-11,2026-03-21..2026-08-06,baccarat_bet02_101_all_pairs_incl_sentinel,round_win = game_pnl > 0 (decisive only),COMPATIBILITY_ONLY_NOT_PRODUCTION,1062.9730,932.2623,168.7117,29,18,-0.15871678,,-0.15871678,-0.15871678,-168.7117,1062.9730,THIN_EXPOSURE,0.0000,6.7485,4.0000,96.0000,AG03-UNRESOLVED,ALL5_LEVELS_bet23_to_bet27,6.7485,6.7485,7.5920,7.5920,7.5920,4.000000,4.000000,4.500000,4.500000,4.500000,96.000000,96.000000,95.500000,95.500000,95.500000,5.0,36.2730,33.287,132.4387,135.4246,PENDING_AG03,FALSE,NOT_FOR_ENFORCEMENT,161.9632,894.9719,168.7117,161.9632,6.7485,0.15871678,0.15236811,6.7485,161.9632,0.15236811,6.7485,6.7485,7.5920,7.5920,7.5920,161.9632,0.15236811,36.2730,33.287,132.4387,135.4246,0.12459267,0.12740176,0.00634867,36.6542,51.7924,9.3729,168.7117,56.2372,1062.9730,18.0000,,36.6542,12.1224,25.2988,63.2471,72.4812,85.3836,105.4118,21.0824,-10.5412,3.374999,4.166666,1.448851,3,3,1,3,0E-8,0.15871678,,0E-8,0.000000,0.877033,0.000000,,2026-04-01,2026-04-01,1,3,3,1,1.000000,,,0.000000,,,,,,,,GLOBAL_BASELINE_NO_ENTITY_RANKING,,,NOT_APPLICABLE_GLOBAL_BASELINE,HF9g-P5,,,,X 全窗基线 · 不参与实体赏罚,6876427,688,A168_HF9F_20260827_0900,2026-08-27 09:00:00
2026-04-01,148082474,2216,0,84.3294752599,39.0023823076,39.0023823076,1.0000000,2,1,0.40363872499987785,0.300626750000,1.215509351573152,1.5252488199758223,1.215509351573152,0.10301197499987785,ELIGIBLE,R03b_20260811_FULL_v1,L1_ELIGIBILITY,v2026-08-11,2026-03-21..2026-08-06,baccarat_bet02_101_all_pairs_incl_sentinel,round_win = game_pnl > 0 (decisive only),COMPATIBILITY_ONLY_NOT_PRODUCTION,1062.9730,932.2623,168.7117,29,18,-0.15871678,,-0.15871678,-0.15871678,-168.7117,1062.9730,THIN_EXPOSURE,0.0000,6.7485,4.0000,96.0000,AG03-UNRESOLVED,ALL5_LEVELS_bet23_to_bet27,6.7485,6.7485,7.5920,7.5920,7.5920,4.000000,4.000000,4.500000,4.500000,4.500000,96.000000,96.000000,95.500000,95.500000,95.500000,5.0,36.2730,33.287,132.4387,135.4246,PENDING_AG03,FALSE,NOT_FOR_ENFORCEMENT,161.9632,894.9719,168.7117,161.9632,6.7485,0.15871678,0.15236811,6.7485,161.9632,0.15236811,6.7485,6.7485,7.5920,7.5920,7.5920,161.9632,0.15236811,36.2730,33.287,132.4387,135.4246,0.12459267,0.12740176,0.00634867,36.6542,51.7924,9.3729,168.7117,56.2372,1062.9730,18.0000,,36.6542,12.1224,25.2988,63.2471,72.4812,85.3836,105.4118,21.0824,-10.5412,3.374999,4.166666,1.448851,3,3,1,3,0E-8,0.15871678,,0E-8,0.000000,0.877033,0.000000,,2026-04-01,2026-04-01,1,3,3,1,1.000000,,,0.000000,,,,,,,,GLOBAL_BASELINE_NO_ENTITY_RANKING,,,NOT_APPLICABLE_GLOBAL_BASELINE,HF9g-P5,,,,X 全窗基线 · 不参与实体赏罚,6876428,688,A168_HF9F_20260827_0900,2026-08-27 09:00:00
2026-04-01,148082474,550,0,394.2402968399,-84.3294752600,-84.3294752600,0.4285714,11,8,0.47670907515242085,0.426878243750,-0.2549972886662354,0.00905686571405689,-0.2549972886662354,0.04983083140242085,ELIGIBLE,R03b_20260811_FULL_v1,L1_ELIGIBILITY,v2026-08-11,2026-03-21..2026-08-06,baccarat_bet02_101_all_pairs_incl_sentinel,round_win = game_pnl > 0 (decisive only),COMPATIBILITY_ONLY_NOT_PRODUCTION,1062.9730,932.2623,168.7117,29,18,-0.15871678,,-0.15871678,-0.15871678,-168.7117,1062.9730,THIN_EXPOSURE,0.0000,6.7485,4.0000,96.0000,AG03-UNRESOLVED,ALL5_LEVELS_bet23_to_bet27,6.7485,6.7485,7.5920,7.5920,7.5920,4.000000,4.000000,4.500000,4.500000,4.500000,96.000000,96.000000,95.500000,95.500000,95.500000,5.0,36.2730,33.287,132.4387,135.4246,PENDING_AG03,FALSE,NOT_FOR_ENFORCEMENT,161.9632,894.9719,168.7117,161.9632,6.7485,0.15871678,0.15236811,6.7485,161.9632,0.15236811,6.7485,6.7485,7.5920,7.5920,7.5920,161.9632,0.15236811,36.2730,33.287,132.4387,135.4246,0.12459267,0.12740176,0.00634867,36.6542,51.7924,9.3729,168.7117,56.2372,1062.9730,18.0000,,36.6542,12.1224,25.2988,63.2471,72.4812,85.3836,105.4118,21.0824,-10.5412,3.374999,4.166666,1.448851,3,3,1,3,0E-8,0.15871678,,0E-8,0.000000,0.877033,0.000000,,2026-04-01,2026-04-01,1,3,3,1,1.000000,,,0.000000,,,,,,,,GLOBAL_BASELINE_NO_ENTITY_RANKING,,,NOT_APPLICABLE_GLOBAL_BASELINE,HF9g-P5,,,,X 全窗基线 · 不参与实体赏罚,6876429,688,A168_HF9F_20260827_0900,2026-08-27 09:00:00
2026-07-04,152532467,-1,1,216.8693362248,-34.7249115740,-34.7249115740,0.4375000,19,19,0.49959533157894737,0.499595331579,-0.4967628153279164,-0.4967628153283373,-0.4967628153279164,-5.263E-14,SENTINEL_DEALER,R03b_20260811_FULL_v1,L1_ELIGIBILITY,v2026-08-11,2026-03-21..2026-08-06,baccarat_bet02_101_all_pairs_incl_sentinel,round_win = game_pnl > 0 (decisive only),COMPATIBILITY_ONLY_NOT_PRODUCTION,858.6993,763.1735,168.7192,112,112,-0.19648226,,-0.19648226,-0.19648226,-168.7192,858.6993,OK,0.0000,6.7488,4.0000,96.0000,AG03-UNRESOLVED,ALL5_LEVELS_bet23_to_bet27,6.7488,6.7488,8.4360,8.4360,8.4360,4.000000,4.000000,5.000000,5.000000,5.000000,96.000000,96.000000,95.000000,95.000000,95.000000,5.0,38.8054,35.4046,129.9138,133.3146,PENDING_AG03,FALSE,NOT_FOR_ENFORCEMENT,161.9704,732.6466,168.7192,161.9704,6.7488,0.19648226,0.18862297,6.7488,161.9704,0.18862297,6.7488,6.7488,8.4360,8.4360,8.4360,161.9704,0.18862297,38.8054,35.4046,129.9138,133.3146,0.15129134,0.15525179,0.00785929,7.6670,6.8140,1.5064,56.2397,2.6362,286.2331,37.3333,,7.6670,2.5818,5.1636,12.9089,12.9089,22.7197,25.8178,5.1636,-2.5818,4.400001,5.0,1.484821,27,44,6,2,0E-8,0.19648226,,0E-8,0.000000,0.888755,0.000000,,2026-07-04,2026-07-06,3,64,49,3,1.000000,,,0.000000,,,,,,,,GLOBAL_BASELINE_NO_ENTITY_RANKING,,,NOT_APPLICABLE_GLOBAL_BASELINE,HF9g-P5,,,,X 全窗基线 · 不参与实体赏罚,6876430,688,A168_HF9F_20260827_0900,2026-08-27 09:00:00
2026-07-04,152532467,1017,0,12.9088890610,-7.7453334366,-7.7453334366,0.5000000,2,2,0.49994810000000000,0.499948100000,0.00014679536856514622,0.00014679536856514622,0.00014679536856514622,0E-17,ELIGIBLE,R03b_20260811_FULL_v1,L1_ELIGIBILITY,v2026-08-11,2026-03-21..2026-08-06,baccarat_bet02_101_all_pairs_incl_sentinel,round_win = game_pnl > 0 (decisive only),COMPATIBILITY_ONLY_NOT_PRODUCTION,858.6993,763.1735,168.7192,112,112,-0.19648226,,-0.19648226,-0.19648226,-168.7192,858.6993,OK,0.0000,6.7488,4.0000,96.0000,AG03-UNRESOLVED,ALL5_LEVELS_bet23_to_bet27,6.7488,6.7488,8.4360,8.4360,8.4360,4.000000,4.000000,5.000000,5.000000,5.000000,96.000000,96.000000,95.000000,95.000000,95.000000,5.0,38.8054,35.4046,129.9138,133.3146,PENDING_AG03,FALSE,NOT_FOR_ENFORCEMENT,161.9704,732.6466,168.7192,161.9704,6.7488,0.19648226,0.18862297,6.7488,161.9704,0.18862297,6.7488,6.7488,8.4360,8.4360,8.4360,161.9704,0.18862297,38.8054,35.4046,129.9138,133.3146,0.15129134,0.15525179,0.00785929,7.6670,6.8140,1.5064,56.2397,2.6362,286.2331,37.3333,,7.6670,2.5818,5.1636,12.9089,12.9089,22.7197,25.8178,5.1636,-2.5818,4.400001,5.0,1.484821,27,44,6,2,0E-8,0.19648226,,0E-8,0.000000,0.888755,0.000000,,2026-07-04,2026-07-06,3,64,49,3,1.000000,,,0.000000,,,,,,,,GLOBAL_BASELINE_NO_ENTITY_RANKING,,,NOT_APPLICABLE_GLOBAL_BASELINE,HF9g-P5,,,,X 全窗基线 · 不参与实体赏罚,6876431,688,A168_HF9F_20260827_0900,2026-08-27 09:00:00
2026-07-04,152532467,1210,0,2.5817778122,-2.5817778122,-2.5817778122,0E-7,1,1,0.49324550000000000,0.493245500000,-0.9865810262130424,-0.9865810262130424,-0.9865810262130424,0E-17,ELIGIBLE,R03b_20260811_FULL_v1,L1_ELIGIBILITY,v2026-08-11,2026-03-21..2026-08-06,baccarat_bet02_101_all_pairs_incl_sentinel,round_win = game_pnl > 0 (decisive only),COMPATIBILITY_ONLY_NOT_PRODUCTION,858.6993,763.1735,168.7192,112,112,-0.19648226,,-0.19648226,-0.19648226,-168.7192,858.6993,OK,0.0000,6.7488,4.0000,96.0000,AG03-UNRESOLVED,ALL5_LEVELS_bet23_to_bet27,6.7488,6.7488,8.4360,8.4360,8.4360,4.000000,4.000000,5.000000,5.000000,5.000000,96.000000,96.000000,95.000000,95.000000,95.000000,5.0,38.8054,35.4046,129.9138,133.3146,PENDING_AG03,FALSE,NOT_FOR_ENFORCEMENT,161.9704,732.6466,168.7192,161.9704,6.7488,0.19648226,0.18862297,6.7488,161.9704,0.18862297,6.7488,6.7488,8.4360,8.4360,8.4360,161.9704,0.18862297,38.8054,35.4046,129.9138,133.3146,0.15129134,0.15525179,0.00785929,7.6670,6.8140,1.5064,56.2397,2.6362,286.2331,37.3333,,7.6670,2.5818,5.1636,12.9089,12.9089,22.7197,25.8178,5.1636,-2.5818,4.400001,5.0,1.484821,27,44,6,2,0E-8,0.19648226,,0E-8,0.000000,0.888755,0.000000,,2026-07-04,2026-07-06,3,64,49,3,1.000000,,,0.000000,,,,,,,,GLOBAL_BASELINE_NO_ENTITY_RANKING,,,NOT_APPLICABLE_GLOBAL_BASELINE,HF9g-P5,,,,X 全窗基线 · 不参与实体赏罚,6876432,688,A168_HF9F_20260827_0900,2026-08-27 09:00:00
2026-07-04,152532467,1221,0,12.9088890610,12.9088890610,12.9088890610,1.0000000,1,1,0.49324550000000000,0.493245500000,1.01360149184955,1.01360149184955,1.01360149184955,0E-17,ELIGIBLE,R03b_20260811_FULL_v1,L1_ELIGIBILITY,v2026-08-11,2026-03-21..2026-08-06,baccarat_bet02_101_all_pairs_incl_sentinel,round_win = game_pnl > 0 (decisive only),COMPATIBILITY_ONLY_NOT_PRODUCTION,858.6993,763.1735,168.7192,112,112,-0.19648226,,-0.19648226,-0.19648226,-168.7192,858.6993,OK,0.0000,6.7488,4.0000,96.0000,AG03-UNRESOLVED,ALL5_LEVELS_bet23_to_bet27,6.7488,6.7488,8.4360,8.4360,8.4360,4.000000,4.000000,5.000000,5.000000,5.000000,96.000000,96.000000,95.000000,95.000000,95.000000,5.0,38.8054,35.4046,129.9138,133.3146,PENDING_AG03,FALSE,NOT_FOR_ENFORCEMENT,161.9704,732.6466,168.7192,161.9704,6.7488,0.19648226,0.18862297,6.7488,161.9704,0.18862297,6.7488,6.7488,8.4360,8.4360,8.4360,161.9704,0.18862297,38.8054,35.4046,129.9138,133.3146,0.15129134,0.15525179,0.00785929,7.6670,6.8140,1.5064,56.2397,2.6362,286.2331,37.3333,,7.6670,2.5818,5.1636,12.9089,12.9089,22.7197,25.8178,5.1636,-2.5818,4.400001,5.0,1.484821,27,44,6,2,0E-8,0.19648226,,0E-8,0.000000,0.888755,0.000000,,2026-07-04,2026-07-06,3,64,49,3,1.000000,,,0.000000,,,,,,,,GLOBAL_BASELINE_NO_ENTITY_RANKING,,,NOT_APPLICABLE_GLOBAL_BASELINE,HF9g-P5,,,,X 全窗基线 · 不参与实体赏罚,6876433,688,A168_HF9F_20260827_0900,2026-08-27 09:00:00
2026-07-04,152532467,1330,0,2.5817778122,0E-10,0E-10,,1,1,0.50665070000000000,0.506650700000,,,,0E-17,NO_DECISIVE_ROUND,R03b_20260811_FULL_v1,L1_ELIGIBILITY,v2026-08-11,2026-03-21..2026-08-06,baccarat_bet02_101_all_pairs_incl_sentinel,round_win = game_pnl > 0 (decisive only),COMPATIBILITY_ONLY_NOT_PRODUCTION,858.6993,763.1735,168.7192,112,112,-0.19648226,,-0.19648226,-0.19648226,-168.7192,858.6993,OK,0.0000,6.7488,4.0000,96.0000,AG03-UNRESOLVED,ALL5_LEVELS_bet23_to_bet27,6.7488,6.7488,8.4360,8.4360,8.4360,4.000000,4.000000,5.000000,5.000000,5.000000,96.000000,96.000000,95.000000,95.000000,95.000000,5.0,38.8054,35.4046,129.9138,133.3146,PENDING_AG03,FALSE,NOT_FOR_ENFORCEMENT,161.9704,732.6466,168.7192,161.9704,6.7488,0.19648226,0.18862297,6.7488,161.9704,0.18862297,6.7488,6.7488,8.4360,8.4360,8.4360,161.9704,0.18862297,38.8054,35.4046,129.9138,133.3146,0.15129134,0.15525179,0.00785929,7.6670,6.8140,1.5064,56.2397,2.6362,286.2331,37.3333,,7.6670,2.5818,5.1636,12.9089,12.9089,22.7197,25.8178,5.1636,-2.5818,4.400001,5.0,1.484821,27,44,6,2,0E-8,0.19648226,,0E-8,0.000000,0.888755,0.000000,,2026-07-04,2026-07-06,3,64,49,3,1.000000,,,0.000000,,,,,,,,GLOBAL_BASELINE_NO_ENTITY_RANKING,,,NOT_APPLICABLE_GLOBAL_BASELINE,HF9g-P5,,,,X 全窗基线 · 不参与实体赏罚,6876434,688,A168_HF9F_20260827_0900,2026-08-27 09:00:00
2026-07-04,152532467,1353,0,12.9088890610,0E-10,0E-10,,1,1,0.50665070000000000,0.506650700000,,,,0E-17,NO_DECISIVE_ROUND,R03b_20260811_FULL_v1,L1_ELIGIBILITY,v2026-08-11,2026-03-21..2026-08-06,baccarat_bet02_101_all_pairs_incl_sentinel,round_win = game_pnl > 0 (decisive only),COMPATIBILITY_ONLY_NOT_PRODUCTION,858.6993,763.1735,168.7192,112,112,-0.19648226,,-0.19648226,-0.19648226,-168.7192,858.6993,OK,0.0000,6.7488,4.0000,96.0000,AG03-UNRESOLVED,ALL5_LEVELS_bet23_to_bet27,6.7488,6.7488,8.4360,8.4360,8.4360,4.000000,4.000000,5.000000,5.000000,5.000000,96.000000,96.000000,95.000000,95.000000,95.000000,5.0,38.8054,35.4046,129.9138,133.3146,PENDING_AG03,FALSE,NOT_FOR_ENFORCEMENT,161.9704,732.6466,168.7192,161.9704,6.7488,0.19648226,0.18862297,6.7488,161.9704,0.18862297,6.7488,6.7488,8.4360,8.4360,8.4360,161.9704,0.18862297,38.8054,35.4046,129.9138,133.3146,0.15129134,0.15525179,0.00785929,7.6670,6.8140,1.5064,56.2397,2.6362,286.2331,37.3333,,7.6670,2.5818,5.1636,12.9089,12.9089,22.7197,25.8178,5.1636,-2.5818,4.400001,5.0,1.484821,27,44,6,2,0E-8,0.19648226,,0E-8,0.000000,0.888755,0.000000,,2026-07-04,2026-07-06,3,64,49,3,1.000000,,,0.000000,,,,,,,,GLOBAL_BASELINE_NO_ENTITY_RANKING,,,NOT_APPLICABLE_GLOBAL_BASELINE,HF9g-P5,,,,X 全窗基线 · 不参与实体赏罚,6876435,688,A168_HF9F_20260827_0900,2026-08-27 09:00:00
2026-07-04,152532467,1383,0,2.5817778122,-2.5817778122,-2.5817778122,0E-7,1,1,0.49324550000000000,0.493245500000,-0.9865810262130424,-0.9865810262130424,-0.9865810262130424,0E-17,ELIGIBLE,R03b_20260811_FULL_v1,L1_ELIGIBILITY,v2026-08-11,2026-03-21..2026-08-06,baccarat_bet02_101_all_pairs_incl_sentinel,round_win = game_pnl > 0 (decisive only),COMPATIBILITY_ONLY_NOT_PRODUCTION,858.6993,763.1735,168.7192,112,112,-0.19648226,,-0.19648226,-0.19648226,-168.7192,858.6993,OK,0.0000,6.7488,4.0000,96.0000,AG03-UNRESOLVED,ALL5_LEVELS_bet23_to_bet27,6.7488,6.7488,8.4360,8.4360,8.4360,4.000000,4.000000,5.000000,5.000000,5.000000,96.000000,96.000000,95.000000,95.000000,95.000000,5.0,38.8054,35.4046,129.9138,133.3146,PENDING_AG03,FALSE,NOT_FOR_ENFORCEMENT,161.9704,732.6466,168.7192,161.9704,6.7488,0.19648226,0.18862297,6.7488,161.9704,0.18862297,6.7488,6.7488,8.4360,8.4360,8.4360,161.9704,0.18862297,38.8054,35.4046,129.9138,133.3146,0.15129134,0.15525179,0.00785929,7.6670,6.8140,1.5064,56.2397,2.6362,286.2331,37.3333,,7.6670,2.5818,5.1636,12.9089,12.9089,22.7197,25.8178,5.1636,-2.5818,4.400001,5.0,1.484821,27,44,6,2,0E-8,0.19648226,,0E-8,0.000000,0.888755,0.000000,,2026-07-04,2026-07-06,3,64,49,3,1.000000,,,0.000000,,,,,,,,GLOBAL_BASELINE_NO_ENTITY_RANKING,,,NOT_APPLICABLE_GLOBAL_BASELINE,HF9g-P5,,,,X 全窗基线 · 不参与实体赏罚,6876436,688,A168_HF9F_20260827_0900,2026-08-27 09:00:00
2026-07-04,152532467,1399,0,10.3271112488,-10.3271112488,-10.3271112488,0E-7,1,1,0.49324550000000000,0.493245500000,-0.9865810262130424,-0.9865810262130424,-0.9865810262130424,0E-17,ELIGIBLE,R03b_20260811_FULL_v1,L1_ELIGIBILITY,v2026-08-11,2026-03-21..2026-08-06,baccarat_bet02_101_all_pairs_incl_sentinel,round_win = game_pnl > 0 (decisive only),COMPATIBILITY_ONLY_NOT_PRODUCTION,858.6993,763.1735,168.7192,112,112,-0.19648226,,-0.19648226,-0.19648226,-168.7192,858.6993,OK,0.0000,6.7488,4.0000,96.0000,AG03-UNRESOLVED,ALL5_LEVELS_bet23_to_bet27,6.7488,6.7488,8.4360,8.4360,8.4360,4.000000,4.000000,5.000000,5.000000,5.000000,96.000000,96.000000,95.000000,95.000000,95.000000,5.0,38.8054,35.4046,129.9138,133.3146,PENDING_AG03,FALSE,NOT_FOR_ENFORCEMENT,161.9704,732.6466,168.7192,161.9704,6.7488,0.19648226,0.18862297,6.7488,161.9704,0.18862297,6.7488,6.7488,8.4360,8.4360,8.4360,161.9704,0.18862297,38.8054,35.4046,129.9138,133.3146,0.15129134,0.15525179,0.00785929,7.6670,6.8140,1.5064,56.2397,2.6362,286.2331,37.3333,,7.6670,2.5818,5.1636,12.9089,12.9089,22.7197,25.8178,5.1636,-2.5818,4.400001,5.0,1.484821,27,44,6,2,0E-8,0.19648226,,0E-8,0.000000,0.888755,0.000000,,2026-07-04,2026-07-06,3,64,49,3,1.000000,,,0.000000,,,,,,,,GLOBAL_BASELINE_NO_ENTITY_RANKING,,,NOT_APPLICABLE_GLOBAL_BASELINE,HF9g-P5,,,,X 全窗基线 · 不参与实体赏罚,6876437,688,A168_HF9F_20260827_0900,2026-08-27 09:00:00
2026-07-04,152532467,1485,0,5.1635556244,-5.1635556244,-5.1635556244,0E-7,1,1,0.49324550000000000,0.493245500000,-0.9865810262130424,-0.9865810262130424,-0.9865810262130424,0E-17,ELIGIBLE,R03b_20260811_FULL_v1,L1_ELIGIBILITY,v2026-08-11,2026-03-21..2026-08-06,baccarat_bet02_101_all_pairs_incl_sentinel,round_win = game_pnl > 0 (decisive only),COMPATIBILITY_ONLY_NOT_PRODUCTION,858.6993,763.1735,168.7192,112,112,-0.19648226,,-0.19648226,-0.19648226,-168.7192,858.6993,OK,0.0000,6.7488,4.0000,96.0000,AG03-UNRESOLVED,ALL5_LEVELS_bet23_to_bet27,6.7488,6.7488,8.4360,8.4360,8.4360,4.000000,4.000000,5.000000,5.000000,5.000000,96.000000,96.000000,95.000000,95.000000,95.000000,5.0,38.8054,35.4046,129.9138,133.3146,PENDING_AG03,FALSE,NOT_FOR_ENFORCEMENT,161.9704,732.6466,168.7192,161.9704,6.7488,0.19648226,0.18862297,6.7488,161.9704,0.18862297,6.7488,6.7488,8.4360,8.4360,8.4360,161.9704,0.18862297,38.8054,35.4046,129.9138,133.3146,0.15129134,0.15525179,0.00785929,7.6670,6.8140,1.5064,56.2397,2.6362,286.2331,37.3333,,7.6670,2.5818,5.1636,12.9089,12.9089,22.7197,25.8178,5.1636,-2.5818,4.400001,5.0,1.484821,27,44,6,2,0E-8,0.19648226,,0E-8,0.000000,0.888755,0.000000,,2026-07-04,2026-07-06,3,64,49,3,1.000000,,,0.000000,,,,,,,,GLOBAL_BASELINE_NO_ENTITY_RANKING,,,NOT_APPLICABLE_GLOBAL_BASELINE,HF9g-P5,,,,X 全窗基线 · 不参与实体赏罚,6876438,688,A168_HF9F_20260827_0900,2026-08-27 09:00:00
2026-07-04,152532467,1509,0,12.9088890610,12.2634446080,12.2634446080,1.0000000,1,1,0.50665070000000000,0.506650700000,0.9867858985152569,0.9867858985152569,0.9867858985152569,0E-17,ELIGIBLE,R03b_20260811_FULL_v1,L1_ELIGIBILITY,v2026-08-11,2026-03-21..2026-08-06,baccarat_bet02_101_all_pairs_incl_sentinel,round_win = game_pnl > 0 (decisive only),COMPATIBILITY_ONLY_NOT_PRODUCTION,858.6993,763.1735,168.7192,112,112,-0.19648226,,-0.19648226,-0.19648226,-168.7192,858.6993,OK,0.0000,6.7488,4.0000,96.0000,AG03-UNRESOLVED,ALL5_LEVELS_bet23_to_bet27,6.7488,6.7488,8.4360,8.4360,8.4360,4.000000,4.000000,5.000000,5.000000,5.000000,96.000000,96.000000,95.000000,95.000000,95.000000,5.0,38.8054,35.4046,129.9138,133.3146,PENDING_AG03,FALSE,NOT_FOR_ENFORCEMENT,161.9704,732.6466,168.7192,161.9704,6.7488,0.19648226,0.18862297,6.7488,161.9704,0.18862297,6.7488,6.7488,8.4360,8.4360,8.4360,161.9704,0.18862297,38.8054,35.4046,129.9138,133.3146,0.15129134,0.15525179,0.00785929,7.6670,6.8140,1.5064,56.2397,2.6362,286.2331,37.3333,,7.6670,2.5818,5.1636,12.9089,12.9089,22.7197,25.8178,5.1636,-2.5818,4.400001,5.0,1.484821,27,44,6,2,0E-8,0.19648226,,0E-8,0.000000,0.888755,0.000000,,2026-07-04,2026-07-06,3,64,49,3,1.000000,,,0.000000,,,,,,,,GLOBAL_BASELINE_NO_ENTITY_RANKING,,,NOT_APPLICABLE_GLOBAL_BASELINE,HF9g-P5,,,,X 全窗基线 · 不参与实体赏罚,6876439,688,A168_HF9F_20260827_0900,2026-08-27 09:00:00
2026-07-04,152532467,1654,0,10.3271112488,-10.3271112488,-10.3271112488,0E-7,2,2,0.50665070000000000,0.506650700000,-1.4331513700195317,-1.4331513700195317,-1.4331513700195317,0E-17,ELIGIBLE,R03b_20260811_FULL_v1,L1_ELIGIBILITY,v2026-08-11,2026-03-21..2026-08-06,baccarat_bet02_101_all_pairs_incl_sentinel,round_win = game_pnl > 0 (decisive only),COMPATIBILITY_ONLY_NOT_PRODUCTION,858.6993,763.1735,168.7192,112,112,-0.19648226,,-0.19648226,-0.19648226,-168.7192,858.6993,OK,0.0000,6.7488,4.0000,96.0000,AG03-UNRESOLVED,ALL5_LEVELS_bet23_to_bet27,6.7488,6.7488,8.4360,8.4360,8.4360,4.000000,4.000000,5.000000,5.000000,5.000000,96.000000,96.000000,95.000000,95.000000,95.000000,5.0,38.8054,35.4046,129.9138,133.3146,PENDING_AG03,FALSE,NOT_FOR_ENFORCEMENT,161.9704,732.6466,168.7192,161.9704,6.7488,0.19648226,0.18862297,6.7488,161.9704,0.18862297,6.7488,6.7488,8.4360,8.4360,8.4360,161.9704,0.18862297,38.8054,35.4046,129.9138,133.3146,0.15129134,0.15525179,0.00785929,7.6670,6.8140,1.5064,56.2397,2.6362,286.2331,37.3333,,7.6670,2.5818,5.1636,12.9089,12.9089,22.7197,25.8178,5.1636,-2.5818,4.400001,5.0,1.484821,27,44,6,2,0E-8,0.19648226,,0E-8,0.000000,0.888755,0.000000,,2026-07-04,2026-07-06,3,64,49,3,1.000000,,,0.000000,,,,,,,,GLOBAL_BASELINE_NO_ENTITY_RANKING,,,NOT_APPLICABLE_GLOBAL_BASELINE,HF9g-P5,,,,X 全窗基线 · 不参与实体赏罚,6876440,688,A168_HF9F_20260827_0900,2026-08-27 09:00:00
2026-07-04,152532467,1750,0,25.8177781220,12.9088890610,12.9088890610,1.0000000,2,2,0.49324550000000000,0.493245500000,1.01360149184955,1.01360149184955,1.01360149184955,0E-17,ELIGIBLE,R03b_20260811_FULL_v1,L1_ELIGIBILITY,v2026-08-11,2026-03-21..2026-08-06,baccarat_bet02_101_all_pairs_incl_sentinel,round_win = game_pnl > 0 (decisive only),COMPATIBILITY_ONLY_NOT_PRODUCTION,858.6993,763.1735,168.7192,112,112,-0.19648226,,-0.19648226,-0.19648226,-168.7192,858.6993,OK,0.0000,6.7488,4.0000,96.0000,AG03-UNRESOLVED,ALL5_LEVELS_bet23_to_bet27,6.7488,6.7488,8.4360,8.4360,8.4360,4.000000,4.000000,5.000000,5.000000,5.000000,96.000000,96.000000,95.000000,95.000000,95.000000,5.0,38.8054,35.4046,129.9138,133.3146,PENDING_AG03,FALSE,NOT_FOR_ENFORCEMENT,161.9704,732.6466,168.7192,161.9704,6.7488,0.19648226,0.18862297,6.7488,161.9704,0.18862297,6.7488,6.7488,8.4360,8.4360,8.4360,161.9704,0.18862297,38.8054,35.4046,129.9138,133.3146,0.15129134,0.15525179,0.00785929,7.6670,6.8140,1.5064,56.2397,2.6362,286.2331,37.3333,,7.6670,2.5818,5.1636,12.9089,12.9089,22.7197,25.8178,5.1636,-2.5818,4.400001,5.0,1.484821,27,44,6,2,0E-8,0.19648226,,0E-8,0.000000,0.888755,0.000000,,2026-07-04,2026-07-06,3,64,49,3,1.000000,,,0.000000,,,,,,,,GLOBAL_BASELINE_NO_ENTITY_RANKING,,,NOT_APPLICABLE_GLOBAL_BASELINE,HF9g-P5,,,,X 全窗基线 · 不参与实体赏罚,6876441,688,A168_HF9F_20260827_0900,2026-08-27 09:00:00
2026-07-04,152532467,1957,0,12.9088890610,-12.9088890610,-12.9088890610,0E-7,1,1,0.49324550000000000,0.493245500000,-0.9865810262130424,-0.9865810262130424,-0.9865810262130424,0E-17,ELIGIBLE,R03b_20260811_FULL_v1,L1_ELIGIBILITY,v2026-08-11,2026-03-21..2026-08-06,baccarat_bet02_101_all_pairs_incl_sentinel,round_win = game_pnl > 0 (decisive only),COMPATIBILITY_ONLY_NOT_PRODUCTION,858.6993,763.1735,168.7192,112,112,-0.19648226,,-0.19648226,-0.19648226,-168.7192,858.6993,OK,0.0000,6.7488,4.0000,96.0000,AG03-UNRESOLVED,ALL5_LEVELS_bet23_to_bet27,6.7488,6.7488,8.4360,8.4360,8.4360,4.000000,4.000000,5.000000,5.000000,5.000000,96.000000,96.000000,95.000000,95.000000,95.000000,5.0,38.8054,35.4046,129.9138,133.3146,PENDING_AG03,FALSE,NOT_FOR_ENFORCEMENT,161.9704,732.6466,168.7192,161.9704,6.7488,0.19648226,0.18862297,6.7488,161.9704,0.18862297,6.7488,6.7488,8.4360,8.4360,8.4360,161.9704,0.18862297,38.8054,35.4046,129.9138,133.3146,0.15129134,0.15525179,0.00785929,7.6670,6.8140,1.5064,56.2397,2.6362,286.2331,37.3333,,7.6670,2.5818,5.1636,12.9089,12.9089,22.7197,25.8178,5.1636,-2.5818,4.400001,5.0,1.484821,27,44,6,2,0E-8,0.19648226,,0E-8,0.000000,0.888755,0.000000,,2026-07-04,2026-07-06,3,64,49,3,1.000000,,,0.000000,,,,,,,,GLOBAL_BASELINE_NO_ENTITY_RANKING,,,NOT_APPLICABLE_GLOBAL_BASELINE,HF9g-P5,,,,X 全窗基线 · 不参与实体赏罚,6876442,688,A168_HF9F_20260827_0900,2026-08-27 09:00:00
2026-07-04,152532467,1994,0,10.3271112488,-10.3271112488,-10.3271112488,0E-7,1,1,0.49324550000000000,0.493245500000,-0.9865810262130424,-0.9865810262130424,-0.9865810262130424,0E-17,ELIGIBLE,R03b_20260811_FULL_v1,L1_ELIGIBILITY,v2026-08-11,2026-03-21..2026-08-06,baccarat_bet02_101_all_pairs_incl_sentinel,round_win = game_pnl > 0 (decisive only),COMPATIBILITY_ONLY_NOT_PRODUCTION,858.6993,763.1735,168.7192,112,112,-0.19648226,,-0.19648226,-0.19648226,-168.7192,858.6993,OK,0.0000,6.7488,4.0000,96.0000,AG03-UNRESOLVED,ALL5_LEVELS_bet23_to_bet27,6.7488,6.7488,8.4360,8.4360,8.4360,4.000000,4.000000,5.000000,5.000000,5.000000,96.000000,96.000000,95.000000,95.000000,95.000000,5.0,38.8054,35.4046,129.9138,133.3146,PENDING_AG03,FALSE,NOT_FOR_ENFORCEMENT,161.9704,732.6466,168.7192,161.9704,6.7488,0.19648226,0.18862297,6.7488,161.9704,0.18862297,6.7488,6.7488,8.4360,8.4360,8.4360,161.9704,0.18862297,38.8054,35.4046,129.9138,133.3146,0.15129134,0.15525179,0.00785929,7.6670,6.8140,1.5064,56.2397,2.6362,286.2331,37.3333,,7.6670,2.5818,5.1636,12.9089,12.9089,22.7197,25.8178,5.1636,-2.5818,4.400001,5.0,1.484821,27,44,6,2,0E-8,0.19648226,,0E-8,0.000000,0.888755,0.000000,,2026-07-04,2026-07-06,3,64,49,3,1.000000,,,0.000000,,,,,,,,GLOBAL_BASELINE_NO_ENTITY_RANKING,,,NOT_APPLICABLE_GLOBAL_BASELINE,HF9g-P5,,,,X 全窗基线 · 不参与实体赏罚,6876443,688,A168_HF9F_20260827_0900,2026-08-27 09:00:00
2026-07-04,152532467,2072,0,2.5817778122,-2.5817778122,-2.5817778122,0E-7,1,1,0.50665070000000000,0.506650700000,-1.013391052207602,-1.013391052207602,-1.013391052207602,0E-17,ELIGIBLE,R03b_20260811_FULL_v1,L1_ELIGIBILITY,v2026-08-11,2026-03-21..2026-08-06,baccarat_bet02_101_all_pairs_incl_sentinel,round_win = game_pnl > 0 (decisive only),COMPATIBILITY_ONLY_NOT_PRODUCTION,858.6993,763.1735,168.7192,112,112,-0.19648226,,-0.19648226,-0.19648226,-168.7192,858.6993,OK,0.0000,6.7488,4.0000,96.0000,AG03-UNRESOLVED,ALL5_LEVELS_bet23_to_bet27,6.7488,6.7488,8.4360,8.4360,8.4360,4.000000,4.000000,5.000000,5.000000,5.000000,96.000000,96.000000,95.000000,95.000000,95.000000,5.0,38.8054,35.4046,129.9138,133.3146,PENDING_AG03,FALSE,NOT_FOR_ENFORCEMENT,161.9704,732.6466,168.7192,161.9704,6.7488,0.19648226,0.18862297,6.7488,161.9704,0.18862297,6.7488,6.7488,8.4360,8.4360,8.4360,161.9704,0.18862297,38.8054,35.4046,129.9138,133.3146,0.15129134,0.15525179,0.00785929,7.6670,6.8140,1.5064,56.2397,2.6362,286.2331,37.3333,,7.6670,2.5818,5.1636,12.9089,12.9089,22.7197,25.8178,5.1636,-2.5818,4.400001,5.0,1.484821,27,44,6,2,0E-8,0.19648226,,0E-8,0.000000,0.888755,0.000000,,2026-07-04,2026-07-06,3,64,49,3,1.000000,,,0.000000,,,,,,,,GLOBAL_BASELINE_NO_ENTITY_RANKING,,,NOT_APPLICABLE_GLOBAL_BASELINE,HF9g-P5,,,,X 全窗基线 · 不参与实体赏罚,6876444,688,A168_HF9F_20260827_0900,2026-08-27 09:00:00
2026-07-04,152532467,2093,0,5.1635556244,5.1635556244,5.1635556244,1.0000000,1,1,0.49324550000000000,0.493245500000,1.01360149184955,1.01360149184955,1.01360149184955,0E-17,ELIGIBLE,R03b_20260811_FULL_v1,L1_ELIGIBILITY,v2026-08-11,2026-03-21..2026-08-06,baccarat_bet02_101_all_pairs_incl_sentinel,round_win = game_pnl > 0 (decisive only),COMPATIBILITY_ONLY_NOT_PRODUCTION,858.6993,763.1735,168.7192,112,112,-0.19648226,,-0.19648226,-0.19648226,-168.7192,858.6993,OK,0.0000,6.7488,4.0000,96.0000,AG03-UNRESOLVED,ALL5_LEVELS_bet23_to_bet27,6.7488,6.7488,8.4360,8.4360,8.4360,4.000000,4.000000,5.000000,5.000000,5.000000,96.000000,96.000000,95.000000,95.000000,95.000000,5.0,38.8054,35.4046,129.9138,133.3146,PENDING_AG03,FALSE,NOT_FOR_ENFORCEMENT,161.9704,732.6466,168.7192,161.9704,6.7488,0.19648226,0.18862297,6.7488,161.9704,0.18862297,6.7488,6.7488,8.4360,8.4360,8.4360,161.9704,0.18862297,38.8054,35.4046,129.9138,133.3146,0.15129134,0.15525179,0.00785929,7.6670,6.8140,1.5064,56.2397,2.6362,286.2331,37.3333,,7.6670,2.5818,5.1636,12.9089,12.9089,22.7197,25.8178,5.1636,-2.5818,4.400001,5.0,1.484821,27,44,6,2,0E-8,0.19648226,,0E-8,0.000000,0.888755,0.000000,,2026-07-04,2026-07-06,3,64,49,3,1.000000,,,0.000000,,,,,,,,GLOBAL_BASELINE_NO_ENTITY_RANKING,,,NOT_APPLICABLE_GLOBAL_BASELINE,HF9g-P5,,,,X 全窗基线 · 不参与实体赏罚,6876445,688,A168_HF9F_20260827_0900,2026-08-27 09:00:00
2026-07-04,152532467,2153,0,2.5817778122,-2.5817778122,-2.5817778122,0E-7,1,1,0.49324550000000000,0.493245500000,-0.9865810262130424,-0.9865810262130424,-0.9865810262130424,0E-17,ELIGIBLE,R03b_20260811_FULL_v1,L1_ELIGIBILITY,v2026-08-11,2026-03-21..2026-08-06,baccarat_bet02_101_all_pairs_incl_sentinel,round_win = game_pnl > 0 (decisive only),COMPATIBILITY_ONLY_NOT_PRODUCTION,858.6993,763.1735,168.7192,112,112,-0.19648226,,-0.19648226,-0.19648226,-168.7192,858.6993,OK,0.0000,6.7488,4.0000,96.0000,AG03-UNRESOLVED,ALL5_LEVELS_bet23_to_bet27,6.7488,6.7488,8.4360,8.4360,8.4360,4.000000,4.000000,5.000000,5.000000,5.000000,96.000000,96.000000,95.000000,95.000000,95.000000,5.0,38.8054,35.4046,129.9138,133.3146,PENDING_AG03,FALSE,NOT_FOR_ENFORCEMENT,161.9704,732.6466,168.7192,161.9704,6.7488,0.19648226,0.18862297,6.7488,161.9704,0.18862297,6.7488,6.7488,8.4360,8.4360,8.4360,161.9704,0.18862297,38.8054,35.4046,129.9138,133.3146,0.15129134,0.15525179,0.00785929,7.6670,6.8140,1.5064,56.2397,2.6362,286.2331,37.3333,,7.6670,2.5818,5.1636,12.9089,12.9089,22.7197,25.8178,5.1636,-2.5818,4.400001,5.0,1.484821,27,44,6,2,0E-8,0.19648226,,0E-8,0.000000,0.888755,0.000000,,2026-07-04,2026-07-06,3,64,49,3,1.000000,,,0.000000,,,,,,,,GLOBAL_BASELINE_NO_ENTITY_RANKING,,,NOT_APPLICABLE_GLOBAL_BASELINE,HF9g-P5,,,,X 全窗基线 · 不参与实体赏罚,6876446,688,A168_HF9F_20260827_0900,2026-08-27 09:00:00
2026-07-04,152532467,2170,0,12.9088890610,-12.9088890610,-12.9088890610,0E-7,1,1,0.50665070000000000,0.506650700000,-1.013391052207602,-1.013391052207602,-1.013391052207602,0E-17,ELIGIBLE,R03b_20260811_FULL_v1,L1_ELIGIBILITY,v2026-08-11,2026-03-21..2026-08-06,baccarat_bet02_101_all_pairs_incl_sentinel,round_win = game_pnl > 0 (decisive only),COMPATIBILITY_ONLY_NOT_PRODUCTION,858.6993,763.1735,168.7192,112,112,-0.19648226,,-0.19648226,-0.19648226,-168.7192,858.6993,OK,0.0000,6.7488,4.0000,96.0000,AG03-UNRESOLVED,ALL5_LEVELS_bet23_to_bet27,6.7488,6.7488,8.4360,8.4360,8.4360,4.000000,4.000000,5.000000,5.000000,5.000000,96.000000,96.000000,95.000000,95.000000,95.000000,5.0,38.8054,35.4046,129.9138,133.3146,PENDING_AG03,FALSE,NOT_FOR_ENFORCEMENT,161.9704,732.6466,168.7192,161.9704,6.7488,0.19648226,0.18862297,6.7488,161.9704,0.18862297,6.7488,6.7488,8.4360,8.4360,8.4360,161.9704,0.18862297,38.8054,35.4046,129.9138,133.3146,0.15129134,0.15525179,0.00785929,7.6670,6.8140,1.5064,56.2397,2.6362,286.2331,37.3333,,7.6670,2.5818,5.1636,12.9089,12.9089,22.7197,25.8178,5.1636,-2.5818,4.400001,5.0,1.484821,27,44,6,2,0E-8,0.19648226,,0E-8,0.000000,0.888755,0.000000,,2026-07-04,2026-07-06,3,64,49,3,1.000000,,,0.000000,,,,,,,,GLOBAL_BASELINE_NO_ENTITY_RANKING,,,NOT_APPLICABLE_GLOBAL_BASELINE,HF9g-P5,,,,X 全窗基线 · 不参与实体赏罚,6876447,688,A168_HF9F_20260827_0900,2026-08-27 09:00:00
2026-07-04,152532467,2174,0,25.8177781220,-25.8177781220,-25.8177781220,0E-7,1,1,0.50665070000000000,0.506650700000,-1.013391052207602,-1.013391052207602,-1.013391052207602,0E-17,ELIGIBLE,R03b_20260811_FULL_v1,L1_ELIGIBILITY,v2026-08-11,2026-03-21..2026-08-06,baccarat_bet02_101_all_pairs_incl_sentinel,round_win = game_pnl > 0 (decisive only),COMPATIBILITY_ONLY_NOT_PRODUCTION,858.6993,763.1735,168.7192,112,112,-0.19648226,,-0.19648226,-0.19648226,-168.7192,858.6993,OK,0.0000,6.7488,4.0000,96.0000,AG03-UNRESOLVED,ALL5_LEVELS_bet23_to_bet27,6.7488,6.7488,8.4360,8.4360,8.4360,4.000000,4.000000,5.000000,5.000000,5.000000,96.000000,96.000000,95.000000,95.000000,95.000000,5.0,38.8054,35.4046,129.9138,133.3146,PENDING_AG03,FALSE,NOT_FOR_ENFORCEMENT,161.9704,732.6466,168.7192,161.9704,6.7488,0.19648226,0.18862297,6.7488,161.9704,0.18862297,6.7488,6.7488,8.4360,8.4360,8.4360,161.9704,0.18862297,38.8054,35.4046,129.9138,133.3146,0.15129134,0.15525179,0.00785929,7.6670,6.8140,1.5064,56.2397,2.6362,286.2331,37.3333,,7.6670,2.5818,5.1636,12.9089,12.9089,22.7197,25.8178,5.1636,-2.5818,4.400001,5.0,1.484821,27,44,6,2,0E-8,0.19648226,,0E-8,0.000000,0.888755,0.000000,,2026-07-04,2026-07-06,3,64,49,3,1.000000,,,0.000000,,,,,,,,GLOBAL_BASELINE_NO_ENTITY_RANKING,,,NOT_APPLICABLE_GLOBAL_BASELINE,HF9g-P5,,,,X 全窗基线 · 不参与实体赏罚,6876448,688,A168_HF9F_20260827_0900,2026-08-27 09:00:00
2026-07-04,152532467,2175,0,5.1635556244,-5.1635556244,-5.1635556244,0E-7,1,1,0.50665070000000000,0.506650700000,-1.013391052207602,-1.013391052207602,-1.013391052207602,0E-17,ELIGIBLE,R03b_20260811_FULL_v1,L1_ELIGIBILITY,v2026-08-11,2026-03-21..2026-08-06,baccarat_bet02_101_all_pairs_incl_sentinel,round_win = game_pnl > 0 (decisive only),COMPATIBILITY_ONLY_NOT_PRODUCTION,858.6993,763.1735,168.7192,112,112,-0.19648226,,-0.19648226,-0.19648226,-168.7192,858.6993,OK,0.0000,6.7488,4.0000,96.0000,AG03-UNRESOLVED,ALL5_LEVELS_bet23_to_bet27,6.7488,6.7488,8.4360,8.4360,8.4360,4.000000,4.000000,5.000000,5.000000,5.000000,96.000000,96.000000,95.000000,95.000000,95.000000,5.0,38.8054,35.4046,129.9138,133.3146,PENDING_AG03,FALSE,NOT_FOR_ENFORCEMENT,161.9704,732.6466,168.7192,161.9704,6.7488,0.19648226,0.18862297,6.7488,161.9704,0.18862297,6.7488,6.7488,8.4360,8.4360,8.4360,161.9704,0.18862297,38.8054,35.4046,129.9138,133.3146,0.15129134,0.15525179,0.00785929,7.6670,6.8140,1.5064,56.2397,2.6362,286.2331,37.3333,,7.6670,2.5818,5.1636,12.9089,12.9089,22.7197,25.8178,5.1636,-2.5818,4.400001,5.0,1.484821,27,44,6,2,0E-8,0.19648226,,0E-8,0.000000,0.888755,0.000000,,2026-07-04,2026-07-06,3,64,49,3,1.000000,,,0.000000,,,,,,,,GLOBAL_BASELINE_NO_ENTITY_RANKING,,,NOT_APPLICABLE_GLOBAL_BASELINE,HF9g-P5,,,,X 全窗基线 · 不参与实体赏罚,6876449,688,A168_HF9F_20260827_0900,2026-08-27 09:00:00
2026-07-04,152532467,2209,0,10.3271112488,0E-10,0E-10,0.5000000,2,2,0.49324550000000000,0.493245500000,0.01910635448239258,0.01910635448239258,0.01910635448239258,0E-17,ELIGIBLE,R03b_20260811_FULL_v1,L1_ELIGIBILITY,v2026-08-11,2026-03-21..2026-08-06,baccarat_bet02_101_all_pairs_incl_sentinel,round_win = game_pnl > 0 (decisive only),COMPATIBILITY_ONLY_NOT_PRODUCTION,858.6993,763.1735,168.7192,112,112,-0.19648226,,-0.19648226,-0.19648226,-168.7192,858.6993,OK,0.0000,6.7488,4.0000,96.0000,AG03-UNRESOLVED,ALL5_LEVELS_bet23_to_bet27,6.7488,6.7488,8.4360,8.4360,8.4360,4.000000,4.000000,5.000000,5.000000,5.000000,96.000000,96.000000,95.000000,95.000000,95.000000,5.0,38.8054,35.4046,129.9138,133.3146,PENDING_AG03,FALSE,NOT_FOR_ENFORCEMENT,161.9704,732.6466,168.7192,161.9704,6.7488,0.19648226,0.18862297,6.7488,161.9704,0.18862297,6.7488,6.7488,8.4360,8.4360,8.4360,161.9704,0.18862297,38.8054,35.4046,129.9138,133.3146,0.15129134,0.15525179,0.00785929,7.6670,6.8140,1.5064,56.2397,2.6362,286.2331,37.3333,,7.6670,2.5818,5.1636,12.9089,12.9089,22.7197,25.8178,5.1636,-2.5818,4.400001,5.0,1.484821,27,44,6,2,0E-8,0.19648226,,0E-8,0.000000,0.888755,0.000000,,2026-07-04,2026-07-06,3,64,49,3,1.000000,,,0.000000,,,,,,,,GLOBAL_BASELINE_NO_ENTITY_RANKING,,,NOT_APPLICABLE_GLOBAL_BASELINE,HF9g-P5,,,,X 全窗基线 · 不参与实体赏罚,6876450,688,A168_HF9F_20260827_0900,2026-08-27 09:00:00
2026-07-04,152532467,2222,0,2.5817778122,-2.5817778122,-2.5817778122,0E-7,1,1,0.50665070000000000,0.506650700000,-1.013391052207602,-1.013391052207602,-1.013391052207602,0E-17,ELIGIBLE,R03b_20260811_FULL_v1,L1_ELIGIBILITY,v2026-08-11,2026-03-21..2026-08-06,baccarat_bet02_101_all_pairs_incl_sentinel,round_win = game_pnl > 0 (decisive only),COMPATIBILITY_ONLY_NOT_PRODUCTION,858.6993,763.1735,168.7192,112,112,-0.19648226,,-0.19648226,-0.19648226,-168.7192,858.6993,OK,0.0000,6.7488,4.0000,96.0000,AG03-UNRESOLVED,ALL5_LEVELS_bet23_to_bet27,6.7488,6.7488,8.4360,8.4360,8.4360,4.000000,4.000000,5.000000,5.000000,5.000000,96.000000,96.000000,95.000000,95.000000,95.000000,5.0,38.8054,35.4046,129.9138,133.3146,PENDING_AG03,FALSE,NOT_FOR_ENFORCEMENT,161.9704,732.6466,168.7192,161.9704,6.7488,0.19648226,0.18862297,6.7488,161.9704,0.18862297,6.7488,6.7488,8.4360,8.4360,8.4360,161.9704,0.18862297,38.8054,35.4046,129.9138,133.3146,0.15129134,0.15525179,0.00785929,7.6670,6.8140,1.5064,56.2397,2.6362,286.2331,37.3333,,7.6670,2.5818,5.1636,12.9089,12.9089,22.7197,25.8178,5.1636,-2.5818,4.400001,5.0,1.484821,27,44,6,2,0E-8,0.19648226,,0E-8,0.000000,0.888755,0.000000,,2026-07-04,2026-07-06,3,64,49,3,1.000000,,,0.000000,,,,,,,,GLOBAL_BASELINE_NO_ENTITY_RANKING,,,NOT_APPLICABLE_GLOBAL_BASELINE,HF9g-P5,,,,X 全窗基线 · 不参与实体赏罚,6876451,688,A168_HF9F_20260827_0900,2026-08-27 09:00:00
2026-07-04,152532467,2229,0,12.9088890610,12.9088890610,12.9088890610,1.0000000,1,1,0.49324550000000000,0.493245500000,1.01360149184955,1.01360149184955,1.01360149184955,0E-17,ELIGIBLE,R03b_20260811_FULL_v1,L1_ELIGIBILITY,v2026-08-11,2026-03-21..2026-08-06,baccarat_bet02_101_all_pairs_incl_sentinel,round_win = game_pnl > 0 (decisive only),COMPATIBILITY_ONLY_NOT_PRODUCTION,858.6993,763.1735,168.7192,112,112,-0.19648226,,-0.19648226,-0.19648226,-168.7192,858.6993,OK,0.0000,6.7488,4.0000,96.0000,AG03-UNRESOLVED,ALL5_LEVELS_bet23_to_bet27,6.7488,6.7488,8.4360,8.4360,8.4360,4.000000,4.000000,5.000000,5.000000,5.000000,96.000000,96.000000,95.000000,95.000000,95.000000,5.0,38.8054,35.4046,129.9138,133.3146,PENDING_AG03,FALSE,NOT_FOR_ENFORCEMENT,161.9704,732.6466,168.7192,161.9704,6.7488,0.19648226,0.18862297,6.7488,161.9704,0.18862297,6.7488,6.7488,8.4360,8.4360,8.4360,161.9704,0.18862297,38.8054,35.4046,129.9138,133.3146,0.15129134,0.15525179,0.00785929,7.6670,6.8140,1.5064,56.2397,2.6362,286.2331,37.3333,,7.6670,2.5818,5.1636,12.9089,12.9089,22.7197,25.8178,5.1636,-2.5818,4.400001,5.0,1.484821,27,44,6,2,0E-8,0.19648226,,0E-8,0.000000,0.888755,0.000000,,2026-07-04,2026-07-06,3,64,49,3,1.000000,,,0.000000,,,,,,,,GLOBAL_BASELINE_NO_ENTITY_RANKING,,,NOT_APPLICABLE_GLOBAL_BASELINE,HF9g-P5,,,,X 全窗基线 · 不参与实体赏罚,6876452,688,A168_HF9F_20260827_0900,2026-08-27 09:00:00
2026-07-04,152532467,2267,0,25.8177781220,-25.8177781220,-25.8177781220,0E-7,1,1,0.49324550000000000,0.493245500000,-0.9865810262130424,-0.9865810262130424,-0.9865810262130424,0E-17,ELIGIBLE,R03b_20260811_FULL_v1,L1_ELIGIBILITY,v2026-08-11,2026-03-21..2026-08-06,baccarat_bet02_101_all_pairs_incl_sentinel,round_win = game_pnl > 0 (decisive only),COMPATIBILITY_ONLY_NOT_PRODUCTION,858.6993,763.1735,168.7192,112,112,-0.19648226,,-0.19648226,-0.19648226,-168.7192,858.6993,OK,0.0000,6.7488,4.0000,96.0000,AG03-UNRESOLVED,ALL5_LEVELS_bet23_to_bet27,6.7488,6.7488,8.4360,8.4360,8.4360,4.000000,4.000000,5.000000,5.000000,5.000000,96.000000,96.000000,95.000000,95.000000,95.000000,5.0,38.8054,35.4046,129.9138,133.3146,PENDING_AG03,FALSE,NOT_FOR_ENFORCEMENT,161.9704,732.6466,168.7192,161.9704,6.7488,0.19648226,0.18862297,6.7488,161.9704,0.18862297,6.7488,6.7488,8.4360,8.4360,8.4360,161.9704,0.18862297,38.8054,35.4046,129.9138,133.3146,0.15129134,0.15525179,0.00785929,7.6670,6.8140,1.5064,56.2397,2.6362,286.2331,37.3333,,7.6670,2.5818,5.1636,12.9089,12.9089,22.7197,25.8178,5.1636,-2.5818,4.400001,5.0,1.484821,27,44,6,2,0E-8,0.19648226,,0E-8,0.000000,0.888755,0.000000,,2026-07-04,2026-07-06,3,64,49,3,1.000000,,,0.000000,,,,,,,,GLOBAL_BASELINE_NO_ENTITY_RANKING,,,NOT_APPLICABLE_GLOBAL_BASELINE,HF9g-P5,,,,X 全窗基线 · 不参与实体赏罚,6876453,688,A168_HF9F_20260827_0900,2026-08-27 09:00:00
2026-07-04,152532467,2280,0,2.5817778122,2.5817778122,2.5817778122,1.0000000,1,1,0.49324550000000000,0.493245500000,1.01360149184955,1.01360149184955,1.01360149184955,0E-17,ELIGIBLE,R03b_20260811_FULL_v1,L1_ELIGIBILITY,v2026-08-11,2026-03-21..2026-08-06,baccarat_bet02_101_all_pairs_incl_sentinel,round_win = game_pnl > 0 (decisive only),COMPATIBILITY_ONLY_NOT_PRODUCTION,858.6993,763.1735,168.7192,112,112,-0.19648226,,-0.19648226,-0.19648226,-168.7192,858.6993,OK,0.0000,6.7488,4.0000,96.0000,AG03-UNRESOLVED,ALL5_LEVELS_bet23_to_bet27,6.7488,6.7488,8.4360,8.4360,8.4360,4.000000,4.000000,5.000000,5.000000,5.000000,96.000000,96.000000,95.000000,95.000000,95.000000,5.0,38.8054,35.4046,129.9138,133.3146,PENDING_AG03,FALSE,NOT_FOR_ENFORCEMENT,161.9704,732.6466,168.7192,161.9704,6.7488,0.19648226,0.18862297,6.7488,161.9704,0.18862297,6.7488,6.7488,8.4360,8.4360,8.4360,161.9704,0.18862297,38.8054,35.4046,129.9138,133.3146,0.15129134,0.15525179,0.00785929,7.6670,6.8140,1.5064,56.2397,2.6362,286.2331,37.3333,,7.6670,2.5818,5.1636,12.9089,12.9089,22.7197,25.8178,5.1636,-2.5818,4.400001,5.0,1.484821,27,44,6,2,0E-8,0.19648226,,0E-8,0.000000,0.888755,0.000000,,2026-07-04,2026-07-06,3,64,49,3,1.000000,,,0.000000,,,,,,,,GLOBAL_BASELINE_NO_ENTITY_RANKING,,,NOT_APPLICABLE_GLOBAL_BASELINE,HF9g-P5,,,,X 全窗基线 · 不参与实体赏罚,6876454,688,A168_HF9F_20260827_0900,2026-08-27 09:00:00
2026-07-04,152532467,462,0,30.9813337464,5.1635556244,5.1635556244,0.6666667,3,3,0.49324550000000000,0.493245500000,0.6008033672792107,0.6008033672792106,0.6008033672792107,0E-17,ELIGIBLE,R03b_20260811_FULL_v1,L1_ELIGIBILITY,v2026-08-11,2026-03-21..2026-08-06,baccarat_bet02_101_all_pairs_incl_sentinel,round_win = game_pnl > 0 (decisive only),COMPATIBILITY_ONLY_NOT_PRODUCTION,858.6993,763.1735,168.7192,112,112,-0.19648226,,-0.19648226,-0.19648226,-168.7192,858.6993,OK,0.0000,6.7488,4.0000,96.0000,AG03-UNRESOLVED,ALL5_LEVELS_bet23_to_bet27,6.7488,6.7488,8.4360,8.4360,8.4360,4.000000,4.000000,5.000000,5.000000,5.000000,96.000000,96.000000,95.000000,95.000000,95.000000,5.0,38.8054,35.4046,129.9138,133.3146,PENDING_AG03,FALSE,NOT_FOR_ENFORCEMENT,161.9704,732.6466,168.7192,161.9704,6.7488,0.19648226,0.18862297,6.7488,161.9704,0.18862297,6.7488,6.7488,8.4360,8.4360,8.4360,161.9704,0.18862297,38.8054,35.4046,129.9138,133.3146,0.15129134,0.15525179,0.00785929,7.6670,6.8140,1.5064,56.2397,2.6362,286.2331,37.3333,,7.6670,2.5818,5.1636,12.9089,12.9089,22.7197,25.8178,5.1636,-2.5818,4.400001,5.0,1.484821,27,44,6,2,0E-8,0.19648226,,0E-8,0.000000,0.888755,0.000000,,2026-07-04,2026-07-06,3,64,49,3,1.000000,,,0.000000,,,,,,,,GLOBAL_BASELINE_NO_ENTITY_RANKING,,,NOT_APPLICABLE_GLOBAL_BASELINE,HF9g-P5,,,,X 全窗基线 · 不参与实体赏罚,6876455,688,A168_HF9F_20260827_0900,2026-08-27 09:00:00
2026-07-04,152532467,550,0,7.7453334366,-7.7453334366,-7.7453334366,0E-7,1,1,0.49324550000000000,0.493245500000,-0.9865810262130424,-0.9865810262130424,-0.9865810262130424,0E-17,ELIGIBLE,R03b_20260811_FULL_v1,L1_ELIGIBILITY,v2026-08-11,2026-03-21..2026-08-06,baccarat_bet02_101_all_pairs_incl_sentinel,round_win = game_pnl > 0 (decisive only),COMPATIBILITY_ONLY_NOT_PRODUCTION,858.6993,763.1735,168.7192,112,112,-0.19648226,,-0.19648226,-0.19648226,-168.7192,858.6993,OK,0.0000,6.7488,4.0000,96.0000,AG03-UNRESOLVED,ALL5_LEVELS_bet23_to_bet27,6.7488,6.7488,8.4360,8.4360,8.4360,4.000000,4.000000,5.000000,5.000000,5.000000,96.000000,96.000000,95.000000,95.000000,95.000000,5.0,38.8054,35.4046,129.9138,133.3146,PENDING_AG03,FALSE,NOT_FOR_ENFORCEMENT,161.9704,732.6466,168.7192,161.9704,6.7488,0.19648226,0.18862297,6.7488,161.9704,0.18862297,6.7488,6.7488,8.4360,8.4360,8.4360,161.9704,0.18862297,38.8054,35.4046,129.9138,133.3146,0.15129134,0.15525179,0.00785929,7.6670,6.8140,1.5064,56.2397,2.6362,286.2331,37.3333,,7.6670,2.5818,5.1636,12.9089,12.9089,22.7197,25.8178,5.1636,-2.5818,4.400001,5.0,1.484821,27,44,6,2,0E-8,0.19648226,,0E-8,0.000000,0.888755,0.000000,,2026-07-04,2026-07-06,3,64,49,3,1.000000,,,0.000000,,,,,,,,GLOBAL_BASELINE_NO_ENTITY_RANKING,,,NOT_APPLICABLE_GLOBAL_BASELINE,HF9g-P5,,,,X 全窗基线 · 不参与实体赏罚,6876456,688,A168_HF9F_20260827_0900,2026-08-27 09:00:00
2026-07-04,152532467,595,0,7.7453334366,-2.7108667028,-2.7108667028,0.5000000,2,2,0.49994810000000000,0.499948100000,0.00014679536856514622,0.00014679536856514622,0.00014679536856514622,0E-17,ELIGIBLE,R03b_20260811_FULL_v1,L1_ELIGIBILITY,v2026-08-11,2026-03-21..2026-08-06,baccarat_bet02_101_all_pairs_incl_sentinel,round_win = game_pnl > 0 (decisive only),COMPATIBILITY_ONLY_NOT_PRODUCTION,858.6993,763.1735,168.7192,112,112,-0.19648226,,-0.19648226,-0.19648226,-168.7192,858.6993,OK,0.0000,6.7488,4.0000,96.0000,AG03-UNRESOLVED,ALL5_LEVELS_bet23_to_bet27,6.7488,6.7488,8.4360,8.4360,8.4360,4.000000,4.000000,5.000000,5.000000,5.000000,96.000000,96.000000,95.000000,95.000000,95.000000,5.0,38.8054,35.4046,129.9138,133.3146,PENDING_AG03,FALSE,NOT_FOR_ENFORCEMENT,161.9704,732.6466,168.7192,161.9704,6.7488,0.19648226,0.18862297,6.7488,161.9704,0.18862297,6.7488,6.7488,8.4360,8.4360,8.4360,161.9704,0.18862297,38.8054,35.4046,129.9138,133.3146,0.15129134,0.15525179,0.00785929,7.6670,6.8140,1.5064,56.2397,2.6362,286.2331,37.3333,,7.6670,2.5818,5.1636,12.9089,12.9089,22.7197,25.8178,5.1636,-2.5818,4.400001,5.0,1.484821,27,44,6,2,0E-8,0.19648226,,0E-8,0.000000,0.888755,0.000000,,2026-07-04,2026-07-06,3,64,49,3,1.000000,,,0.000000,,,,,,,,GLOBAL_BASELINE_NO_ENTITY_RANKING,,,NOT_APPLICABLE_GLOBAL_BASELINE,HF9g-P5,,,,X 全窗基线 · 不参与实体赏罚,6876457,688,A168_HF9F_20260827_0900,2026-08-27 09:00:00
2026-07-04,152532467,752,0,25.8177781220,-0.6454444530,-0.6454444530,0.5000000,2,2,0.50665070000000000,0.506650700000,-0.018812684590367487,-0.018812684590367487,-0.018812684590367487,0E-17,ELIGIBLE,R03b_20260811_FULL_v1,L1_ELIGIBILITY,v2026-08-11,2026-03-21..2026-08-06,baccarat_bet02_101_all_pairs_incl_sentinel,round_win = game_pnl > 0 (decisive only),COMPATIBILITY_ONLY_NOT_PRODUCTION,858.6993,763.1735,168.7192,112,112,-0.19648226,,-0.19648226,-0.19648226,-168.7192,858.6993,OK,0.0000,6.7488,4.0000,96.0000,AG03-UNRESOLVED,ALL5_LEVELS_bet23_to_bet27,6.7488,6.7488,8.4360,8.4360,8.4360,4.000000,4.000000,5.000000,5.000000,5.000000,96.000000,96.000000,95.000000,95.000000,95.000000,5.0,38.8054,35.4046,129.9138,133.3146,PENDING_AG03,FALSE,NOT_FOR_ENFORCEMENT,161.9704,732.6466,168.7192,161.9704,6.7488,0.19648226,0.18862297,6.7488,161.9704,0.18862297,6.7488,6.7488,8.4360,8.4360,8.4360,161.9704,0.18862297,38.8054,35.4046,129.9138,133.3146,0.15129134,0.15525179,0.00785929,7.6670,6.8140,1.5064,56.2397,2.6362,286.2331,37.3333,,7.6670,2.5818,5.1636,12.9089,12.9089,22.7197,25.8178,5.1636,-2.5818,4.400001,5.0,1.484821,27,44,6,2,0E-8,0.19648226,,0E-8,0.000000,0.888755,0.000000,,2026-07-04,2026-07-06,3,64,49,3,1.000000,,,0.000000,,,,,,,,GLOBAL_BASELINE_NO_ENTITY_RANKING,,,NOT_APPLICABLE_GLOBAL_BASELINE,HF9g-P5,,,,X 全窗基线 · 不参与实体赏罚,6876458,688,A168_HF9F_20260827_0900,2026-08-27 09:00:00
2026-07-04,152532467,763,0,56.7991118684,30.3358892934,30.3358892934,0.8000000,5,5,0.49592654000000000,0.495926540000,1.359902984124143,1.359902984124143,1.359902984124143,0E-17,ELIGIBLE,R03b_20260811_FULL_v1,L1_ELIGIBILITY,v2026-08-11,2026-03-21..2026-08-06,baccarat_bet02_101_all_pairs_incl_sentinel,round_win = game_pnl > 0 (decisive only),COMPATIBILITY_ONLY_NOT_PRODUCTION,858.6993,763.1735,168.7192,112,112,-0.19648226,,-0.19648226,-0.19648226,-168.7192,858.6993,OK,0.0000,6.7488,4.0000,96.0000,AG03-UNRESOLVED,ALL5_LEVELS_bet23_to_bet27,6.7488,6.7488,8.4360,8.4360,8.4360,4.000000,4.000000,5.000000,5.000000,5.000000,96.000000,96.000000,95.000000,95.000000,95.000000,5.0,38.8054,35.4046,129.9138,133.3146,PENDING_AG03,FALSE,NOT_FOR_ENFORCEMENT,161.9704,732.6466,168.7192,161.9704,6.7488,0.19648226,0.18862297,6.7488,161.9704,0.18862297,6.7488,6.7488,8.4360,8.4360,8.4360,161.9704,0.18862297,38.8054,35.4046,129.9138,133.3146,0.15129134,0.15525179,0.00785929,7.6670,6.8140,1.5064,56.2397,2.6362,286.2331,37.3333,,7.6670,2.5818,5.1636,12.9089,12.9089,22.7197,25.8178,5.1636,-2.5818,4.400001,5.0,1.484821,27,44,6,2,0E-8,0.19648226,,0E-8,0.000000,0.888755,0.000000,,2026-07-04,2026-07-06,3,64,49,3,1.000000,,,0.000000,,,,,,,,GLOBAL_BASELINE_NO_ENTITY_RANKING,,,NOT_APPLICABLE_GLOBAL_BASELINE,HF9g-P5,,,,X 全窗基线 · 不参与实体赏罚,6876459,688,A168_HF9F_20260827_0900,2026-08-27 09:00:00
2026-07-04,152532467,772,0,64.5444453050,-38.7266671830,-38.7266671830,0.2500000,4,4,0.49994810000000000,0.499948100000,-0.9997924053861017,-0.9997924053861017,-0.9997924053861017,0E-17,ELIGIBLE,R03b_20260811_FULL_v1,L1_ELIGIBILITY,v2026-08-11,2026-03-21..2026-08-06,baccarat_bet02_101_all_pairs_incl_sentinel,round_win = game_pnl > 0 (decisive only),COMPATIBILITY_ONLY_NOT_PRODUCTION,858.6993,763.1735,168.7192,112,112,-0.19648226,,-0.19648226,-0.19648226,-168.7192,858.6993,OK,0.0000,6.7488,4.0000,96.0000,AG03-UNRESOLVED,ALL5_LEVELS_bet23_to_bet27,6.7488,6.7488,8.4360,8.4360,8.4360,4.000000,4.000000,5.000000,5.000000,5.000000,96.000000,96.000000,95.000000,95.000000,95.000000,5.0,38.8054,35.4046,129.9138,133.3146,PENDING_AG03,FALSE,NOT_FOR_ENFORCEMENT,161.9704,732.6466,168.7192,161.9704,6.7488,0.19648226,0.18862297,6.7488,161.9704,0.18862297,6.7488,6.7488,8.4360,8.4360,8.4360,161.9704,0.18862297,38.8054,35.4046,129.9138,133.3146,0.15129134,0.15525179,0.00785929,7.6670,6.8140,1.5064,56.2397,2.6362,286.2331,37.3333,,7.6670,2.5818,5.1636,12.9089,12.9089,22.7197,25.8178,5.1636,-2.5818,4.400001,5.0,1.484821,27,44,6,2,0E-8,0.19648226,,0E-8,0.000000,0.888755,0.000000,,2026-07-04,2026-07-06,3,64,49,3,1.000000,,,0.000000,,,,,,,,GLOBAL_BASELINE_NO_ENTITY_RANKING,,,NOT_APPLICABLE_GLOBAL_BASELINE,HF9g-P5,,,,X 全窗基线 · 不参与实体赏罚,6876460,688,A168_HF9F_20260827_0900,2026-08-27 09:00:00
2026-07-05,152532467,-1,1,46.4720006196,-20.6542224976,-20.6542224976,0.3333333,6,6,0.49771390000000000,0.497713900000,-0.8053054414300617,-0.8053054414300617,-0.8053054414300617,0E-17,SENTINEL_DEALER,R03b_20260811_FULL_v1,L1_ELIGIBILITY,v2026-08-11,2026-03-21..2026-08-06,baccarat_bet02_101_all_pairs_incl_sentinel,round_win = game_pnl > 0 (decisive only),COMPATIBILITY_ONLY_NOT_PRODUCTION,858.6993,763.1735,168.7192,112,112,-0.19648226,,-0.19648226,-0.19648226,-168.7192,858.6993,OK,0.0000,6.7488,4.0000,96.0000,AG03-UNRESOLVED,ALL5_LEVELS_bet23_to_bet27,6.7488,6.7488,8.4360,8.4360,8.4360,4.000000,4.000000,5.000000,5.000000,5.000000,96.000000,96.000000,95.000000,95.000000,95.000000,5.0,38.8054,35.4046,129.9138,133.3146,PENDING_AG03,FALSE,NOT_FOR_ENFORCEMENT,161.9704,732.6466,168.7192,161.9704,6.7488,0.19648226,0.18862297,6.7488,161.9704,0.18862297,6.7488,6.7488,8.4360,8.4360,8.4360,161.9704,0.18862297,38.8054,35.4046,129.9138,133.3146,0.15129134,0.15525179,0.00785929,7.6670,6.8140,1.5064,56.2397,2.6362,286.2331,37.3333,,7.6670,2.5818,5.1636,12.9089,12.9089,22.7197,25.8178,5.1636,-2.5818,4.400001,5.0,1.484821,27,44,6,2,0E-8,0.19648226,,0E-8,0.000000,0.888755,0.000000,,2026-07-04,2026-07-06,3,64,49,3,1.000000,,,0.000000,,,,,,,,GLOBAL_BASELINE_NO_ENTITY_RANKING,,,NOT_APPLICABLE_GLOBAL_BASELINE,HF9g-P5,,,,X 全窗基线 · 不参与实体赏罚,6876461,688,A168_HF9F_20260827_0900,2026-08-27 09:00:00
2026-07-05,152532467,1323,0,7.7453334366,-7.7453334366,-7.7453334366,0E-7,1,1,0.50665070000000000,0.506650700000,-1.013391052207602,-1.013391052207602,-1.013391052207602,0E-17,ELIGIBLE,R03b_20260811_FULL_v1,L1_ELIGIBILITY,v2026-08-11,2026-03-21..2026-08-06,baccarat_bet02_101_all_pairs_incl_sentinel,round_win = game_pnl > 0 (decisive only),COMPATIBILITY_ONLY_NOT_PRODUCTION,858.6993,763.1735,168.7192,112,112,-0.19648226,,-0.19648226,-0.19648226,-168.7192,858.6993,OK,0.0000,6.7488,4.0000,96.0000,AG03-UNRESOLVED,ALL5_LEVELS_bet23_to_bet27,6.7488,6.7488,8.4360,8.4360,8.4360,4.000000,4.000000,5.000000,5.000000,5.000000,96.000000,96.000000,95.000000,95.000000,95.000000,5.0,38.8054,35.4046,129.9138,133.3146,PENDING_AG03,FALSE,NOT_FOR_ENFORCEMENT,161.9704,732.6466,168.7192,161.9704,6.7488,0.19648226,0.18862297,6.7488,161.9704,0.18862297,6.7488,6.7488,8.4360,8.4360,8.4360,161.9704,0.18862297,38.8054,35.4046,129.9138,133.3146,0.15129134,0.15525179,0.00785929,7.6670,6.8140,1.5064,56.2397,2.6362,286.2331,37.3333,,7.6670,2.5818,5.1636,12.9089,12.9089,22.7197,25.8178,5.1636,-2.5818,4.400001,5.0,1.484821,27,44,6,2,0E-8,0.19648226,,0E-8,0.000000,0.888755,0.000000,,2026-07-04,2026-07-06,3,64,49,3,1.000000,,,0.000000,,,,,,,,GLOBAL_BASELINE_NO_ENTITY_RANKING,,,NOT_APPLICABLE_GLOBAL_BASELINE,HF9g-P5,,,,X 全窗基线 · 不参与实体赏罚,6876462,688,A168_HF9F_20260827_0900,2026-08-27 09:00:00
2026-07-05,152532467,2109,0,5.1635556244,-5.1635556244,-5.1635556244,0E-7,1,1,0.50665070000000000,0.506650700000,-1.013391052207602,-1.013391052207602,-1.013391052207602,0E-17,ELIGIBLE,R03b_20260811_FULL_v1,L1_ELIGIBILITY,v2026-08-11,2026-03-21..2026-08-06,baccarat_bet02_101_all_pairs_incl_sentinel,round_win = game_pnl > 0 (decisive only),COMPATIBILITY_ONLY_NOT_PRODUCTION,858.6993,763.1735,168.7192,112,112,-0.19648226,,-0.19648226,-0.19648226,-168.7192,858.6993,OK,0.0000,6.7488,4.0000,96.0000,AG03-UNRESOLVED,ALL5_LEVELS_bet23_to_bet27,6.7488,6.7488,8.4360,8.4360,8.4360,4.000000,4.000000,5.000000,5.000000,5.000000,96.000000,96.000000,95.000000,95.000000,95.000000,5.0,38.8054,35.4046,129.9138,133.3146,PENDING_AG03,FALSE,NOT_FOR_ENFORCEMENT,161.9704,732.6466,168.7192,161.9704,6.7488,0.19648226,0.18862297,6.7488,161.9704,0.18862297,6.7488,6.7488,8.4360,8.4360,8.4360,161.9704,0.18862297,38.8054,35.4046,129.9138,133.3146,0.15129134,0.15525179,0.00785929,7.6670,6.8140,1.5064,56.2397,2.6362,286.2331,37.3333,,7.6670,2.5818,5.1636,12.9089,12.9089,22.7197,25.8178,5.1636,-2.5818,4.400001,5.0,1.484821,27,44,6,2,0E-8,0.19648226,,0E-8,0.000000,0.888755,0.000000,,2026-07-04,2026-07-06,3,64,49,3,1.000000,,,0.000000,,,,,,,,GLOBAL_BASELINE_NO_ENTITY_RANKING,,,NOT_APPLICABLE_GLOBAL_BASELINE,HF9g-P5,,,,X 全窗基线 · 不参与实体赏罚,6876463,688,A168_HF9F_20260827_0900,2026-08-27 09:00:00
2026-07-05,152532467,2261,0,4.1308444995,-4.1308444995,-4.1308444995,0E-7,1,1,0.50665070000000000,0.506650700000,-1.013391052207602,-1.013391052207602,-1.013391052207602,0E-17,ELIGIBLE,R03b_20260811_FULL_v1,L1_ELIGIBILITY,v2026-08-11,2026-03-21..2026-08-06,baccarat_bet02_101_all_pairs_incl_sentinel,round_win = game_pnl > 0 (decisive only),COMPATIBILITY_ONLY_NOT_PRODUCTION,858.6993,763.1735,168.7192,112,112,-0.19648226,,-0.19648226,-0.19648226,-168.7192,858.6993,OK,0.0000,6.7488,4.0000,96.0000,AG03-UNRESOLVED,ALL5_LEVELS_bet23_to_bet27,6.7488,6.7488,8.4360,8.4360,8.4360,4.000000,4.000000,5.000000,5.000000,5.000000,96.000000,96.000000,95.000000,95.000000,95.000000,5.0,38.8054,35.4046,129.9138,133.3146,PENDING_AG03,FALSE,NOT_FOR_ENFORCEMENT,161.9704,732.6466,168.7192,161.9704,6.7488,0.19648226,0.18862297,6.7488,161.9704,0.18862297,6.7488,6.7488,8.4360,8.4360,8.4360,161.9704,0.18862297,38.8054,35.4046,129.9138,133.3146,0.15129134,0.15525179,0.00785929,7.6670,6.8140,1.5064,56.2397,2.6362,286.2331,37.3333,,7.6670,2.5818,5.1636,12.9089,12.9089,22.7197,25.8178,5.1636,-2.5818,4.400001,5.0,1.484821,27,44,6,2,0E-8,0.19648226,,0E-8,0.000000,0.888755,0.000000,,2026-07-04,2026-07-06,3,64,49,3,1.000000,,,0.000000,,,,,,,,GLOBAL_BASELINE_NO_ENTITY_RANKING,,,NOT_APPLICABLE_GLOBAL_BASELINE,HF9g-P5,,,,X 全窗基线 · 不参与实体赏罚,6876464,688,A168_HF9F_20260827_0900,2026-08-27 09:00:00
2026-07-06,152532467,-1,1,56.7991118684,-0.3872666718,-0.3872666718,0.5333333,16,16,0.49827245000000000,0.498272450000,0.2715820555462065,0.2715820555462065,0.2715820555462065,0E-17,SENTINEL_DEALER,R03b_20260811_FULL_v1,L1_ELIGIBILITY,v2026-08-11,2026-03-21..2026-08-06,baccarat_bet02_101_all_pairs_incl_sentinel,round_win = game_pnl > 0 (decisive only),COMPATIBILITY_ONLY_NOT_PRODUCTION,858.6993,763.1735,168.7192,112,112,-0.19648226,,-0.19648226,-0.19648226,-168.7192,858.6993,OK,0.0000,6.7488,4.0000,96.0000,AG03-UNRESOLVED,ALL5_LEVELS_bet23_to_bet27,6.7488,6.7488,8.4360,8.4360,8.4360,4.000000,4.000000,5.000000,5.000000,5.000000,96.000000,96.000000,95.000000,95.000000,95.000000,5.0,38.8054,35.4046,129.9138,133.3146,PENDING_AG03,FALSE,NOT_FOR_ENFORCEMENT,161.9704,732.6466,168.7192,161.9704,6.7488,0.19648226,0.18862297,6.7488,161.9704,0.18862297,6.7488,6.7488,8.4360,8.4360,8.4360,161.9704,0.18862297,38.8054,35.4046,129.9138,133.3146,0.15129134,0.15525179,0.00785929,7.6670,6.8140,1.5064,56.2397,2.6362,286.2331,37.3333,,7.6670,2.5818,5.1636,12.9089,12.9089,22.7197,25.8178,5.1636,-2.5818,4.400001,5.0,1.484821,27,44,6,2,0E-8,0.19648226,,0E-8,0.000000,0.888755,0.000000,,2026-07-04,2026-07-06,3,64,49,3,1.000000,,,0.000000,,,,,,,,GLOBAL_BASELINE_NO_ENTITY_RANKING,,,NOT_APPLICABLE_GLOBAL_BASELINE,HF9g-P5,,,,X 全窗基线 · 不参与实体赏罚,6876465,688,A168_HF9F_20260827_0900,2026-08-27 09:00:00
2026-07-06,152532467,1157,0,15.4906668732,-5.1635556244,-5.1635556244,0.3333333,3,3,0.49324550000000000,0.493245500000,-0.5540025479526107,-0.5540025479526106,-0.5540025479526107,0E-17,ELIGIBLE,R03b_20260811_FULL_v1,L1_ELIGIBILITY,v2026-08-11,2026-03-21..2026-08-06,baccarat_bet02_101_all_pairs_incl_sentinel,round_win = game_pnl > 0 (decisive only),COMPATIBILITY_ONLY_NOT_PRODUCTION,858.6993,763.1735,168.7192,112,112,-0.19648226,,-0.19648226,-0.19648226,-168.7192,858.6993,OK,0.0000,6.7488,4.0000,96.0000,AG03-UNRESOLVED,ALL5_LEVELS_bet23_to_bet27,6.7488,6.7488,8.4360,8.4360,8.4360,4.000000,4.000000,5.000000,5.000000,5.000000,96.000000,96.000000,95.000000,95.000000,95.000000,5.0,38.8054,35.4046,129.9138,133.3146,PENDING_AG03,FALSE,NOT_FOR_ENFORCEMENT,161.9704,732.6466,168.7192,161.9704,6.7488,0.19648226,0.18862297,6.7488,161.9704,0.18862297,6.7488,6.7488,8.4360,8.4360,8.4360,161.9704,0.18862297,38.8054,35.4046,129.9138,133.3146,0.15129134,0.15525179,0.00785929,7.6670,6.8140,1.5064,56.2397,2.6362,286.2331,37.3333,,7.6670,2.5818,5.1636,12.9089,12.9089,22.7197,25.8178,5.1636,-2.5818,4.400001,5.0,1.484821,27,44,6,2,0E-8,0.19648226,,0E-8,0.000000,0.888755,0.000000,,2026-07-04,2026-07-06,3,64,49,3,1.000000,,,0.000000,,,,,,,,GLOBAL_BASELINE_NO_ENTITY_RANKING,,,NOT_APPLICABLE_GLOBAL_BASELINE,HF9g-P5,,,,X 全窗基线 · 不参与实体赏罚,6876466,688,A168_HF9F_20260827_0900,2026-08-27 09:00:00
2026-07-06,152532467,1704,0,2.5817778122,2.5817778122,2.5817778122,1.0000000,1,1,0.49324550000000000,0.493245500000,1.01360149184955,1.01360149184955,1.01360149184955,0E-17,ELIGIBLE,R03b_20260811_FULL_v1,L1_ELIGIBILITY,v2026-08-11,2026-03-21..2026-08-06,baccarat_bet02_101_all_pairs_incl_sentinel,round_win = game_pnl > 0 (decisive only),COMPATIBILITY_ONLY_NOT_PRODUCTION,858.6993,763.1735,168.7192,112,112,-0.19648226,,-0.19648226,-0.19648226,-168.7192,858.6993,OK,0.0000,6.7488,4.0000,96.0000,AG03-UNRESOLVED,ALL5_LEVELS_bet23_to_bet27,6.7488,6.7488,8.4360,8.4360,8.4360,4.000000,4.000000,5.000000,5.000000,5.000000,96.000000,96.000000,95.000000,95.000000,95.000000,5.0,38.8054,35.4046,129.9138,133.3146,PENDING_AG03,FALSE,NOT_FOR_ENFORCEMENT,161.9704,732.6466,168.7192,161.9704,6.7488,0.19648226,0.18862297,6.7488,161.9704,0.18862297,6.7488,6.7488,8.4360,8.4360,8.4360,161.9704,0.18862297,38.8054,35.4046,129.9138,133.3146,0.15129134,0.15525179,0.00785929,7.6670,6.8140,1.5064,56.2397,2.6362,286.2331,37.3333,,7.6670,2.5818,5.1636,12.9089,12.9089,22.7197,25.8178,5.1636,-2.5818,4.400001,5.0,1.484821,27,44,6,2,0E-8,0.19648226,,0E-8,0.000000,0.888755,0.000000,,2026-07-04,2026-07-06,3,64,49,3,1.000000,,,0.000000,,,,,,,,GLOBAL_BASELINE_NO_ENTITY_RANKING,,,NOT_APPLICABLE_GLOBAL_BASELINE,HF9g-P5,,,,X 全窗基线 · 不参与实体赏罚,6876467,688,A168_HF9F_20260827_0900,2026-08-27 09:00:00
2026-07-06,152532467,2088,0,2.5817778122,-2.5817778122,-2.5817778122,0E-7,1,1,0.50665070000000000,0.506650700000,-1.013391052207602,-1.013391052207602,-1.013391052207602,0E-17,ELIGIBLE,R03b_20260811_FULL_v1,L1_ELIGIBILITY,v2026-08-11,2026-03-21..2026-08-06,baccarat_bet02_101_all_pairs_incl_sentinel,round_win = game_pnl > 0 (decisive only),COMPATIBILITY_ONLY_NOT_PRODUCTION,858.6993,763.1735,168.7192,112,112,-0.19648226,,-0.19648226,-0.19648226,-168.7192,858.6993,OK,0.0000,6.7488,4.0000,96.0000,AG03-UNRESOLVED,ALL5_LEVELS_bet23_to_bet27,6.7488,6.7488,8.4360,8.4360,8.4360,4.000000,4.000000,5.000000,5.000000,5.000000,96.000000,96.000000,95.000000,95.000000,95.000000,5.0,38.8054,35.4046,129.9138,133.3146,PENDING_AG03,FALSE,NOT_FOR_ENFORCEMENT,161.9704,732.6466,168.7192,161.9704,6.7488,0.19648226,0.18862297,6.7488,161.9704,0.18862297,6.7488,6.7488,8.4360,8.4360,8.4360,161.9704,0.18862297,38.8054,35.4046,129.9138,133.3146,0.15129134,0.15525179,0.00785929,7.6670,6.8140,1.5064,56.2397,2.6362,286.2331,37.3333,,7.6670,2.5818,5.1636,12.9089,12.9089,22.7197,25.8178,5.1636,-2.5818,4.400001,5.0,1.484821,27,44,6,2,0E-8,0.19648226,,0E-8,0.000000,0.888755,0.000000,,2026-07-04,2026-07-06,3,64,49,3,1.000000,,,0.000000,,,,,,,,GLOBAL_BASELINE_NO_ENTITY_RANKING,,,NOT_APPLICABLE_GLOBAL_BASELINE,HF9g-P5,,,,X 全窗基线 · 不参与实体赏罚,6876468,688,A168_HF9F_20260827_0900,2026-08-27 09:00:00
2026-07-06,152532467,2110,0,15.4906668732,-5.4217334056,-5.4217334056,0.3333333,3,3,0.50665070000000000,0.506650700000,-0.6004420894325239,-0.6004420894325239,-0.6004420894325239,0E-17,ELIGIBLE,R03b_20260811_FULL_v1,L1_ELIGIBILITY,v2026-08-11,2026-03-21..2026-08-06,baccarat_bet02_101_all_pairs_incl_sentinel,round_win = game_pnl > 0 (decisive only),COMPATIBILITY_ONLY_NOT_PRODUCTION,858.6993,763.1735,168.7192,112,112,-0.19648226,,-0.19648226,-0.19648226,-168.7192,858.6993,OK,0.0000,6.7488,4.0000,96.0000,AG03-UNRESOLVED,ALL5_LEVELS_bet23_to_bet27,6.7488,6.7488,8.4360,8.4360,8.4360,4.000000,4.000000,5.000000,5.000000,5.000000,96.000000,96.000000,95.000000,95.000000,95.000000,5.0,38.8054,35.4046,129.9138,133.3146,PENDING_AG03,FALSE,NOT_FOR_ENFORCEMENT,161.9704,732.6466,168.7192,161.9704,6.7488,0.19648226,0.18862297,6.7488,161.9704,0.18862297,6.7488,6.7488,8.4360,8.4360,8.4360,161.9704,0.18862297,38.8054,35.4046,129.9138,133.3146,0.15129134,0.15525179,0.00785929,7.6670,6.8140,1.5064,56.2397,2.6362,286.2331,37.3333,,7.6670,2.5818,5.1636,12.9089,12.9089,22.7197,25.8178,5.1636,-2.5818,4.400001,5.0,1.484821,27,44,6,2,0E-8,0.19648226,,0E-8,0.000000,0.888755,0.000000,,2026-07-04,2026-07-06,3,64,49,3,1.000000,,,0.000000,,,,,,,,GLOBAL_BASELINE_NO_ENTITY_RANKING,,,NOT_APPLICABLE_GLOBAL_BASELINE,HF9g-P5,,,,X 全窗基线 · 不参与实体赏罚,6876469,688,A168_HF9F_20260827_0900,2026-08-27 09:00:00
2026-07-06,152532467,2121,0,2.5817778122,2.5817778122,2.5817778122,1.0000000,1,1,0.49324550000000000,0.493245500000,1.01360149184955,1.01360149184955,1.01360149184955,0E-17,ELIGIBLE,R03b_20260811_FULL_v1,L1_ELIGIBILITY,v2026-08-11,2026-03-21..2026-08-06,baccarat_bet02_101_all_pairs_incl_sentinel,round_win = game_pnl > 0 (decisive only),COMPATIBILITY_ONLY_NOT_PRODUCTION,858.6993,763.1735,168.7192,112,112,-0.19648226,,-0.19648226,-0.19648226,-168.7192,858.6993,OK,0.0000,6.7488,4.0000,96.0000,AG03-UNRESOLVED,ALL5_LEVELS_bet23_to_bet27,6.7488,6.7488,8.4360,8.4360,8.4360,4.000000,4.000000,5.000000,5.000000,5.000000,96.000000,96.000000,95.000000,95.000000,95.000000,5.0,38.8054,35.4046,129.9138,133.3146,PENDING_AG03,FALSE,NOT_FOR_ENFORCEMENT,161.9704,732.6466,168.7192,161.9704,6.7488,0.19648226,0.18862297,6.7488,161.9704,0.18862297,6.7488,6.7488,8.4360,8.4360,8.4360,161.9704,0.18862297,38.8054,35.4046,129.9138,133.3146,0.15129134,0.15525179,0.00785929,7.6670,6.8140,1.5064,56.2397,2.6362,286.2331,37.3333,,7.6670,2.5818,5.1636,12.9089,12.9089,22.7197,25.8178,5.1636,-2.5818,4.400001,5.0,1.484821,27,44,6,2,0E-8,0.19648226,,0E-8,0.000000,0.888755,0.000000,,2026-07-04,2026-07-06,3,64,49,3,1.000000,,,0.000000,,,,,,,,GLOBAL_BASELINE_NO_ENTITY_RANKING,,,NOT_APPLICABLE_GLOBAL_BASELINE,HF9g-P5,,,,X 全窗基线 · 不参与实体赏罚,6876470,688,A168_HF9F_20260827_0900,2026-08-27 09:00:00
2026-07-06,152532467,2142,0,2.5817778122,-2.5817778122,-2.5817778122,0E-7,1,1,0.49324550000000000,0.493245500000,-0.9865810262130424,-0.9865810262130424,-0.9865810262130424,0E-17,ELIGIBLE,R03b_20260811_FULL_v1,L1_ELIGIBILITY,v2026-08-11,2026-03-21..2026-08-06,baccarat_bet02_101_all_pairs_incl_sentinel,round_win = game_pnl > 0 (decisive only),COMPATIBILITY_ONLY_NOT_PRODUCTION,858.6993,763.1735,168.7192,112,112,-0.19648226,,-0.19648226,-0.19648226,-168.7192,858.6993,OK,0.0000,6.7488,4.0000,96.0000,AG03-UNRESOLVED,ALL5_LEVELS_bet23_to_bet27,6.7488,6.7488,8.4360,8.4360,8.4360,4.000000,4.000000,5.000000,5.000000,5.000000,96.000000,96.000000,95.000000,95.000000,95.000000,5.0,38.8054,35.4046,129.9138,133.3146,PENDING_AG03,FALSE,NOT_FOR_ENFORCEMENT,161.9704,732.6466,168.7192,161.9704,6.7488,0.19648226,0.18862297,6.7488,161.9704,0.18862297,6.7488,6.7488,8.4360,8.4360,8.4360,161.9704,0.18862297,38.8054,35.4046,129.9138,133.3146,0.15129134,0.15525179,0.00785929,7.6670,6.8140,1.5064,56.2397,2.6362,286.2331,37.3333,,7.6670,2.5818,5.1636,12.9089,12.9089,22.7197,25.8178,5.1636,-2.5818,4.400001,5.0,1.484821,27,44,6,2,0E-8,0.19648226,,0E-8,0.000000,0.888755,0.000000,,2026-07-04,2026-07-06,3,64,49,3,1.000000,,,0.000000,,,,,,,,GLOBAL_BASELINE_NO_ENTITY_RANKING,,,NOT_APPLICABLE_GLOBAL_BASELINE,HF9g-P5,,,,X 全窗基线 · 不参与实体赏罚,6876471,688,A168_HF9F_20260827_0900,2026-08-27 09:00:00
2026-07-06,152532467,2153,0,10.3271112488,10.0689334676,10.0689334676,1.0000000,2,2,0.49994810000000000,0.499948100000,1.4143603653603398,1.4143603653603398,1.4143603653603398,0E-17,ELIGIBLE,R03b_20260811_FULL_v1,L1_ELIGIBILITY,v2026-08-11,2026-03-21..2026-08-06,baccarat_bet02_101_all_pairs_incl_sentinel,round_win = game_pnl > 0 (decisive only),COMPATIBILITY_ONLY_NOT_PRODUCTION,858.6993,763.1735,168.7192,112,112,-0.19648226,,-0.19648226,-0.19648226,-168.7192,858.6993,OK,0.0000,6.7488,4.0000,96.0000,AG03-UNRESOLVED,ALL5_LEVELS_bet23_to_bet27,6.7488,6.7488,8.4360,8.4360,8.4360,4.000000,4.000000,5.000000,5.000000,5.000000,96.000000,96.000000,95.000000,95.000000,95.000000,5.0,38.8054,35.4046,129.9138,133.3146,PENDING_AG03,FALSE,NOT_FOR_ENFORCEMENT,161.9704,732.6466,168.7192,161.9704,6.7488,0.19648226,0.18862297,6.7488,161.9704,0.18862297,6.7488,6.7488,8.4360,8.4360,8.4360,161.9704,0.18862297,38.8054,35.4046,129.9138,133.3146,0.15129134,0.15525179,0.00785929,7.6670,6.8140,1.5064,56.2397,2.6362,286.2331,37.3333,,7.6670,2.5818,5.1636,12.9089,12.9089,22.7197,25.8178,5.1636,-2.5818,4.400001,5.0,1.484821,27,44,6,2,0E-8,0.19648226,,0E-8,0.000000,0.888755,0.000000,,2026-07-04,2026-07-06,3,64,49,3,1.000000,,,0.000000,,,,,,,,GLOBAL_BASELINE_NO_ENTITY_RANKING,,,NOT_APPLICABLE_GLOBAL_BASELINE,HF9g-P5,,,,X 全窗基线 · 不参与实体赏罚,6876472,688,A168_HF9F_20260827_0900,2026-08-27 09:00:00
2026-07-06,152532467,2156,0,2.5817778122,0E-10,0E-10,,1,1,0.50665070000000000,0.506650700000,,,,0E-17,NO_DECISIVE_ROUND,R03b_20260811_FULL_v1,L1_ELIGIBILITY,v2026-08-11,2026-03-21..2026-08-06,baccarat_bet02_101_all_pairs_incl_sentinel,round_win = game_pnl > 0 (decisive only),COMPATIBILITY_ONLY_NOT_PRODUCTION,858.6993,763.1735,168.7192,112,112,-0.19648226,,-0.19648226,-0.19648226,-168.7192,858.6993,OK,0.0000,6.7488,4.0000,96.0000,AG03-UNRESOLVED,ALL5_LEVELS_bet23_to_bet27,6.7488,6.7488,8.4360,8.4360,8.4360,4.000000,4.000000,5.000000,5.000000,5.000000,96.000000,96.000000,95.000000,95.000000,95.000000,5.0,38.8054,35.4046,129.9138,133.3146,PENDING_AG03,FALSE,NOT_FOR_ENFORCEMENT,161.9704,732.6466,168.7192,161.9704,6.7488,0.19648226,0.18862297,6.7488,161.9704,0.18862297,6.7488,6.7488,8.4360,8.4360,8.4360,161.9704,0.18862297,38.8054,35.4046,129.9138,133.3146,0.15129134,0.15525179,0.00785929,7.6670,6.8140,1.5064,56.2397,2.6362,286.2331,37.3333,,7.6670,2.5818,5.1636,12.9089,12.9089,22.7197,25.8178,5.1636,-2.5818,4.400001,5.0,1.484821,27,44,6,2,0E-8,0.19648226,,0E-8,0.000000,0.888755,0.000000,,2026-07-04,2026-07-06,3,64,49,3,1.000000,,,0.000000,,,,,,,,GLOBAL_BASELINE_NO_ENTITY_RANKING,,,NOT_APPLICABLE_GLOBAL_BASELINE,HF9g-P5,,,,X 全窗基线 · 不参与实体赏罚,6876473,688,A168_HF9F_20260827_0900,2026-08-27 09:00:00
2026-07-06,152532467,2212,0,23.2360003098,2.1945111404,2.1945111404,0.5714286,7,7,0.49899058571428571,0.498990585714,0.38330657246501415,0.3833065724665265,0.38330657246501415,2.8571E-13,ELIGIBLE,R03b_20260811_FULL_v1,L1_ELIGIBILITY,v2026-08-11,2026-03-21..2026-08-06,baccarat_bet02_101_all_pairs_incl_sentinel,round_win = game_pnl > 0 (decisive only),COMPATIBILITY_ONLY_NOT_PRODUCTION,858.6993,763.1735,168.7192,112,112,-0.19648226,,-0.19648226,-0.19648226,-168.7192,858.6993,OK,0.0000,6.7488,4.0000,96.0000,AG03-UNRESOLVED,ALL5_LEVELS_bet23_to_bet27,6.7488,6.7488,8.4360,8.4360,8.4360,4.000000,4.000000,5.000000,5.000000,5.000000,96.000000,96.000000,95.000000,95.000000,95.000000,5.0,38.8054,35.4046,129.9138,133.3146,PENDING_AG03,FALSE,NOT_FOR_ENFORCEMENT,161.9704,732.6466,168.7192,161.9704,6.7488,0.19648226,0.18862297,6.7488,161.9704,0.18862297,6.7488,6.7488,8.4360,8.4360,8.4360,161.9704,0.18862297,38.8054,35.4046,129.9138,133.3146,0.15129134,0.15525179,0.00785929,7.6670,6.8140,1.5064,56.2397,2.6362,286.2331,37.3333,,7.6670,2.5818,5.1636,12.9089,12.9089,22.7197,25.8178,5.1636,-2.5818,4.400001,5.0,1.484821,27,44,6,2,0E-8,0.19648226,,0E-8,0.000000,0.888755,0.000000,,2026-07-04,2026-07-06,3,64,49,3,1.000000,,,0.000000,,,,,,,,GLOBAL_BASELINE_NO_ENTITY_RANKING,,,NOT_APPLICABLE_GLOBAL_BASELINE,HF9g-P5,,,,X 全窗基线 · 不参与实体赏罚,6876474,688,A168_HF9F_20260827_0900,2026-08-27 09:00:00
2026-07-06,152532467,2235,0,2.5817778122,0E-10,0E-10,,1,1,0.50665070000000000,0.506650700000,,,,0E-17,NO_DECISIVE_ROUND,R03b_20260811_FULL_v1,L1_ELIGIBILITY,v2026-08-11,2026-03-21..2026-08-06,baccarat_bet02_101_all_pairs_incl_sentinel,round_win = game_pnl > 0 (decisive only),COMPATIBILITY_ONLY_NOT_PRODUCTION,858.6993,763.1735,168.7192,112,112,-0.19648226,,-0.19648226,-0.19648226,-168.7192,858.6993,OK,0.0000,6.7488,4.0000,96.0000,AG03-UNRESOLVED,ALL5_LEVELS_bet23_to_bet27,6.7488,6.7488,8.4360,8.4360,8.4360,4.000000,4.000000,5.000000,5.000000,5.000000,96.000000,96.000000,95.000000,95.000000,95.000000,5.0,38.8054,35.4046,129.9138,133.3146,PENDING_AG03,FALSE,NOT_FOR_ENFORCEMENT,161.9704,732.6466,168.7192,161.9704,6.7488,0.19648226,0.18862297,6.7488,161.9704,0.18862297,6.7488,6.7488,8.4360,8.4360,8.4360,161.9704,0.18862297,38.8054,35.4046,129.9138,133.3146,0.15129134,0.15525179,0.00785929,7.6670,6.8140,1.5064,56.2397,2.6362,286.2331,37.3333,,7.6670,2.5818,5.1636,12.9089,12.9089,22.7197,25.8178,5.1636,-2.5818,4.400001,5.0,1.484821,27,44,6,2,0E-8,0.19648226,,0E-8,0.000000,0.888755,0.000000,,2026-07-04,2026-07-06,3,64,49,3,1.000000,,,0.000000,,,,,,,,GLOBAL_BASELINE_NO_ENTITY_RANKING,,,NOT_APPLICABLE_GLOBAL_BASELINE,HF9g-P5,,,,X 全窗基线 · 不参与实体赏罚,6876475,688,A168_HF9F_20260827_0900,2026-08-27 09:00:00
2026-07-06,152532467,2287,0,2.5817778122,0E-10,0E-10,,1,1,0.50665070000000000,0.506650700000,,,,0E-17,NO_DECISIVE_ROUND,R03b_20260811_FULL_v1,L1_ELIGIBILITY,v2026-08-11,2026-03-21..2026-08-06,baccarat_bet02_101_all_pairs_incl_sentinel,round_win = game_pnl > 0 (decisive only),COMPATIBILITY_ONLY_NOT_PRODUCTION,858.6993,763.1735,168.7192,112,112,-0.19648226,,-0.19648226,-0.19648226,-168.7192,858.6993,OK,0.0000,6.7488,4.0000,96.0000,AG03-UNRESOLVED,ALL5_LEVELS_bet23_to_bet27,6.7488,6.7488,8.4360,8.4360,8.4360,4.000000,4.000000,5.000000,5.000000,5.000000,96.000000,96.000000,95.000000,95.000000,95.000000,5.0,38.8054,35.4046,129.9138,133.3146,PENDING_AG03,FALSE,NOT_FOR_ENFORCEMENT,161.9704,732.6466,168.7192,161.9704,6.7488,0.19648226,0.18862297,6.7488,161.9704,0.18862297,6.7488,6.7488,8.4360,8.4360,8.4360,161.9704,0.18862297,38.8054,35.4046,129.9138,133.3146,0.15129134,0.15525179,0.00785929,7.6670,6.8140,1.5064,56.2397,2.6362,286.2331,37.3333,,7.6670,2.5818,5.1636,12.9089,12.9089,22.7197,25.8178,5.1636,-2.5818,4.400001,5.0,1.484821,27,44,6,2,0E-8,0.19648226,,0E-8,0.000000,0.888755,0.000000,,2026-07-04,2026-07-06,3,64,49,3,1.000000,,,0.000000,,,,,,,,GLOBAL_BASELINE_NO_ENTITY_RANKING,,,NOT_APPLICABLE_GLOBAL_BASELINE,HF9g-P5,,,,X 全窗基线 · 不参与实体赏罚,6876476,688,A168_HF9F_20260827_0900,2026-08-27 09:00:00
2026-07-06,152532467,595,0,2.5817778122,-2.5817778122,-2.5817778122,0E-7,1,1,0.50665070000000000,0.506650700000,-1.013391052207602,-1.013391052207602,-1.013391052207602,0E-17,ELIGIBLE,R03b_20260811_FULL_v1,L1_ELIGIBILITY,v2026-08-11,2026-03-21..2026-08-06,baccarat_bet02_101_all_pairs_incl_sentinel,round_win = game_pnl > 0 (decisive only),COMPATIBILITY_ONLY_NOT_PRODUCTION,858.6993,763.1735,168.7192,112,112,-0.19648226,,-0.19648226,-0.19648226,-168.7192,858.6993,OK,0.0000,6.7488,4.0000,96.0000,AG03-UNRESOLVED,ALL5_LEVELS_bet23_to_bet27,6.7488,6.7488,8.4360,8.4360,8.4360,4.000000,4.000000,5.000000,5.000000,5.000000,96.000000,96.000000,95.000000,95.000000,95.000000,5.0,38.8054,35.4046,129.9138,133.3146,PENDING_AG03,FALSE,NOT_FOR_ENFORCEMENT,161.9704,732.6466,168.7192,161.9704,6.7488,0.19648226,0.18862297,6.7488,161.9704,0.18862297,6.7488,6.7488,8.4360,8.4360,8.4360,161.9704,0.18862297,38.8054,35.4046,129.9138,133.3146,0.15129134,0.15525179,0.00785929,7.6670,6.8140,1.5064,56.2397,2.6362,286.2331,37.3333,,7.6670,2.5818,5.1636,12.9089,12.9089,22.7197,25.8178,5.1636,-2.5818,4.400001,5.0,1.484821,27,44,6,2,0E-8,0.19648226,,0E-8,0.000000,0.888755,0.000000,,2026-07-04,2026-07-06,3,64,49,3,1.000000,,,0.000000,,,,,,,,GLOBAL_BASELINE_NO_ENTITY_RANKING,,,NOT_APPLICABLE_GLOBAL_BASELINE,HF9g-P5,,,,X 全窗基线 · 不参与实体赏罚,6876477,688,A168_HF9F_20260827_0900,2026-08-27 09:00:00
2026-07-08,141956488,-1,1,1282.7535461720,38.7319625556,38.7319625556,0.5000000,19,17,0.47385745920717131,0.462025811765,0.1813689120238566,0.26385497244000644,0.1813689120238566,0.01183164744217131,SENTINEL_DEALER,R03b_20260811_FULL_v1,L1_ELIGIBILITY,v2026-08-11,2026-03-21..2026-08-06,baccarat_bet02_101_all_pairs_incl_sentinel,round_win = game_pnl > 0 (decisive only),COMPATIBILITY_ONLY_NOT_PRODUCTION,1650.6561,1196.9096,168.7242,28,24,-0.10221644,-0.10221644,,-0.10221644,-168.7242,1650.6561,THIN_EXPOSURE,0.0000,6.7490,4.0000,96.0000,AG03-UNRESOLVED,ALL5_LEVELS_bet23_to_bet27,6.7490,6.7490,8.4362,0.0000,0.0000,4.000000,4.000000,5.000000,0.000000,0.000000,96.000000,96.000000,95.000000,100.000000,100.000000,5.0,21.9341,21.0028,146.7901,147.7214,PENDING_AG03,FALSE,NOT_FOR_ENFORCEMENT,161.9752,1149.0332,168.7242,161.9752,6.7490,0.10221644,0.09812779,6.7490,161.9752,0.09812779,6.7490,6.7490,8.4362,0.0000,0.0000,161.9752,0.09812779,21.9341,21.0028,146.7901,147.7214,0.08892831,0.08949254,0.00408866,58.9520,49.8712,7.0302,168.7242,18.7471,1650.6561,24.0000,58.9520,,34.7464,61.3171,89.9317,102.1952,102.1952,102.1952,40.8781,-2.6571,1.666667,1.666667,0.961429,9,6,1,5,1.00000000,0.10221644,0.10221644,0E-8,0.000000,0.725111,0.000000,,2026-07-08,2026-07-08,1,9,9,1,1.000000,,1.000000,3.333333,,,,,,,,GLOBAL_BASELINE_NO_ENTITY_RANKING,,,NOT_APPLICABLE_GLOBAL_BASELINE,HF9g-P5,,,,X 全窗基线 · 不参与实体赏罚,6876478,688,A168_HF9F_20260827_0900,2026-08-27 09:00:00
2026-07-08,141956488,1951,0,61.3170911172,-61.3170911172,-61.3170911172,0E-7,1,1,0.50665070000000000,0.506650700000,-1.013391052207602,-1.013391052207602,-1.013391052207602,0E-17,ELIGIBLE,R03b_20260811_FULL_v1,L1_ELIGIBILITY,v2026-08-11,2026-03-21..2026-08-06,baccarat_bet02_101_all_pairs_incl_sentinel,round_win = game_pnl > 0 (decisive only),COMPATIBILITY_ONLY_NOT_PRODUCTION,1650.6561,1196.9096,168.7242,28,24,-0.10221644,-0.10221644,,-0.10221644,-168.7242,1650.6561,THIN_EXPOSURE,0.0000,6.7490,4.0000,96.0000,AG03-UNRESOLVED,ALL5_LEVELS_bet23_to_bet27,6.7490,6.7490,8.4362,0.0000,0.0000,4.000000,4.000000,5.000000,0.000000,0.000000,96.000000,96.000000,95.000000,100.000000,100.000000,5.0,21.9341,21.0028,146.7901,147.7214,PENDING_AG03,FALSE,NOT_FOR_ENFORCEMENT,161.9752,1149.0332,168.7242,161.9752,6.7490,0.10221644,0.09812779,6.7490,161.9752,0.09812779,6.7490,6.7490,8.4362,0.0000,0.0000,161.9752,0.09812779,21.9341,21.0028,146.7901,147.7214,0.08892831,0.08949254,0.00408866,58.9520,49.8712,7.0302,168.7242,18.7471,1650.6561,24.0000,58.9520,,34.7464,61.3171,89.9317,102.1952,102.1952,102.1952,40.8781,-2.6571,1.666667,1.666667,0.961429,9,6,1,5,1.00000000,0.10221644,0.10221644,0E-8,0.000000,0.725111,0.000000,,2026-07-08,2026-07-08,1,9,9,1,1.000000,,1.000000,3.333333,,,,,,,,GLOBAL_BASELINE_NO_ENTITY_RANKING,,,NOT_APPLICABLE_GLOBAL_BASELINE,HF9g-P5,,,,X 全窗基线 · 不参与实体赏罚,6876479,688,A168_HF9F_20260827_0900,2026-08-27 09:00:00
2026-07-08,141956488,2162,0,102.1951518620,58.2512365613,58.2512365613,1.0000000,2,2,0.50665070000000000,0.506650700000,0.9867858985152569,0.9867858985152569,0.9867858985152569,0E-17,ELIGIBLE,R03b_20260811_FULL_v1,L1_ELIGIBILITY,v2026-08-11,2026-03-21..2026-08-06,baccarat_bet02_101_all_pairs_incl_sentinel,round_win = game_pnl > 0 (decisive only),COMPATIBILITY_ONLY_NOT_PRODUCTION,1650.6561,1196.9096,168.7242,28,24,-0.10221644,-0.10221644,,-0.10221644,-168.7242,1650.6561,THIN_EXPOSURE,0.0000,6.7490,4.0000,96.0000,AG03-UNRESOLVED,ALL5_LEVELS_bet23_to_bet27,6.7490,6.7490,8.4362,0.0000,0.0000,4.000000,4.000000,5.000000,0.000000,0.000000,96.000000,96.000000,95.000000,100.000000,100.000000,5.0,21.9341,21.0028,146.7901,147.7214,PENDING_AG03,FALSE,NOT_FOR_ENFORCEMENT,161.9752,1149.0332,168.7242,161.9752,6.7490,0.10221644,0.09812779,6.7490,161.9752,0.09812779,6.7490,6.7490,8.4362,0.0000,0.0000,161.9752,0.09812779,21.9341,21.0028,146.7901,147.7214,0.08892831,0.08949254,0.00408866,58.9520,49.8712,7.0302,168.7242,18.7471,1650.6561,24.0000,58.9520,,34.7464,61.3171,89.9317,102.1952,102.1952,102.1952,40.8781,-2.6571,1.666667,1.666667,0.961429,9,6,1,5,1.00000000,0.10221644,0.10221644,0E-8,0.000000,0.725111,0.000000,,2026-07-08,2026-07-08,1,9,9,1,1.000000,,1.000000,3.333333,,,,,,,,GLOBAL_BASELINE_NO_ENTITY_RANKING,,,NOT_APPLICABLE_GLOBAL_BASELINE,HF9g-P5,,,,X 全窗基线 · 不参与实体赏罚,6876480,688,A168_HF9F_20260827_0900,2026-08-27 09:00:00
2026-07-08,141956488,2174,0,40.8780607448,-40.8780607448,-40.8780607448,0E-7,1,1,0.50665070000000000,0.506650700000,-1.013391052207602,-1.013391052207602,-1.013391052207602,0E-17,ELIGIBLE,R03b_20260811_FULL_v1,L1_ELIGIBILITY,v2026-08-11,2026-03-21..2026-08-06,baccarat_bet02_101_all_pairs_incl_sentinel,round_win = game_pnl > 0 (decisive only),COMPATIBILITY_ONLY_NOT_PRODUCTION,1650.6561,1196.9096,168.7242,28,24,-0.10221644,-0.10221644,,-0.10221644,-168.7242,1650.6561,THIN_EXPOSURE,0.0000,6.7490,4.0000,96.0000,AG03-UNRESOLVED,ALL5_LEVELS_bet23_to_bet27,6.7490,6.7490,8.4362,0.0000,0.0000,4.000000,4.000000,5.000000,0.000000,0.000000,96.000000,96.000000,95.000000,100.000000,100.000000,5.0,21.9341,21.0028,146.7901,147.7214,PENDING_AG03,FALSE,NOT_FOR_ENFORCEMENT,161.9752,1149.0332,168.7242,161.9752,6.7490,0.10221644,0.09812779,6.7490,161.9752,0.09812779,6.7490,6.7490,8.4362,0.0000,0.0000,161.9752,0.09812779,21.9341,21.0028,146.7901,147.7214,0.08892831,0.08949254,0.00408866,58.9520,49.8712,7.0302,168.7242,18.7471,1650.6561,24.0000,58.9520,,34.7464,61.3171,89.9317,102.1952,102.1952,102.1952,40.8781,-2.6571,1.666667,1.666667,0.961429,9,6,1,5,1.00000000,0.10221644,0.10221644,0E-8,0.000000,0.725111,0.000000,,2026-07-08,2026-07-08,1,9,9,1,1.000000,,1.000000,3.333333,,,,,,,,GLOBAL_BASELINE_NO_ENTITY_RANKING,,,NOT_APPLICABLE_GLOBAL_BASELINE,HF9g-P5,,,,X 全窗基线 · 不参与实体赏罚,6876481,688,A168_HF9F_20260827_0900,2026-08-27 09:00:00
2026-07-08,141956488,2234,0,61.3170911172,-61.3170911172,-61.3170911172,0E-7,3,1,0.43743921333306030,0.214214066667,-0.8818081892627991,-0.5221218497722453,-0.8818081892627991,0.22322514666606030,ELIGIBLE,R03b_20260811_FULL_v1,L1_ELIGIBILITY,v2026-08-11,2026-03-21..2026-08-06,baccarat_bet02_101_all_pairs_incl_sentinel,round_win = game_pnl > 0 (decisive only),COMPATIBILITY_ONLY_NOT_PRODUCTION,1650.6561,1196.9096,168.7242,28,24,-0.10221644,-0.10221644,,-0.10221644,-168.7242,1650.6561,THIN_EXPOSURE,0.0000,6.7490,4.0000,96.0000,AG03-UNRESOLVED,ALL5_LEVELS_bet23_to_bet27,6.7490,6.7490,8.4362,0.0000,0.0000,4.000000,4.000000,5.000000,0.000000,0.000000,96.000000,96.000000,95.000000,100.000000,100.000000,5.0,21.9341,21.0028,146.7901,147.7214,PENDING_AG03,FALSE,NOT_FOR_ENFORCEMENT,161.9752,1149.0332,168.7242,161.9752,6.7490,0.10221644,0.09812779,6.7490,161.9752,0.09812779,6.7490,6.7490,8.4362,0.0000,0.0000,161.9752,0.09812779,21.9341,21.0028,146.7901,147.7214,0.08892831,0.08949254,0.00408866,58.9520,49.8712,7.0302,168.7242,18.7471,1650.6561,24.0000,58.9520,,34.7464,61.3171,89.9317,102.1952,102.1952,102.1952,40.8781,-2.6571,1.666667,1.666667,0.961429,9,6,1,5,1.00000000,0.10221644,0.10221644,0E-8,0.000000,0.725111,0.000000,,2026-07-08,2026-07-08,1,9,9,1,1.000000,,1.000000,3.333333,,,,,,,,GLOBAL_BASELINE_NO_ENTITY_RANKING,,,NOT_APPLICABLE_GLOBAL_BASELINE,HF9g-P5,,,,X 全窗基线 · 不参与实体赏罚,6876482,688,A168_HF9F_20260827_0900,2026-08-27 09:00:00
2026-07-08,141956488,2278,0,102.1951518620,-102.1951518620,-102.1951518620,0E-7,2,2,0.49994810000000000,0.499948100000,-1.4140667746232096,-1.4140667746232096,-1.4140667746232096,0E-17,ELIGIBLE,R03b_20260811_FULL_v1,L1_ELIGIBILITY,v2026-08-11,2026-03-21..2026-08-06,baccarat_bet02_101_all_pairs_incl_sentinel,round_win = game_pnl > 0 (decisive only),COMPATIBILITY_ONLY_NOT_PRODUCTION,1650.6561,1196.9096,168.7242,28,24,-0.10221644,-0.10221644,,-0.10221644,-168.7242,1650.6561,THIN_EXPOSURE,0.0000,6.7490,4.0000,96.0000,AG03-UNRESOLVED,ALL5_LEVELS_bet23_to_bet27,6.7490,6.7490,8.4362,0.0000,0.0000,4.000000,4.000000,5.000000,0.000000,0.000000,96.000000,96.000000,95.000000,100.000000,100.000000,5.0,21.9341,21.0028,146.7901,147.7214,PENDING_AG03,FALSE,NOT_FOR_ENFORCEMENT,161.9752,1149.0332,168.7242,161.9752,6.7490,0.10221644,0.09812779,6.7490,161.9752,0.09812779,6.7490,6.7490,8.4362,0.0000,0.0000,161.9752,0.09812779,21.9341,21.0028,146.7901,147.7214,0.08892831,0.08949254,0.00408866,58.9520,49.8712,7.0302,168.7242,18.7471,1650.6561,24.0000,58.9520,,34.7464,61.3171,89.9317,102.1952,102.1952,102.1952,40.8781,-2.6571,1.666667,1.666667,0.961429,9,6,1,5,1.00000000,0.10221644,0.10221644,0E-8,0.000000,0.725111,0.000000,,2026-07-08,2026-07-08,1,9,9,1,1.000000,,1.000000,3.333333,,,,,,,,GLOBAL_BASELINE_NO_ENTITY_RANKING,,,NOT_APPLICABLE_GLOBAL_BASELINE,HF9g-P5,,,,X 全窗基线 · 不参与实体赏罚,6876483,688,A168_HF9F_20260827_0900,2026-08-27 09:00:00
2026-04-30,149385773,2129,0,51.8914431010,-51.8914431010,-51.8914431010,0E-7,1,1,0.50665070000000000,0.506650700000,-1.013391052207602,-1.013391052207602,-1.013391052207602,0E-17,ELIGIBLE,R03b_20260811_FULL_v1,L1_ELIGIBILITY,v2026-08-11,2026-03-21..2026-08-06,baccarat_bet02_101_all_pairs_incl_sentinel,round_win = game_pnl > 0 (decisive only),COMPATIBILITY_ONLY_NOT_PRODUCTION,32760.2668,30347.0546,168.7247,153,152,-0.00515029,-0.18333507,0.07187229,-0.00515029,-168.7247,32760.2668,OK,0.0000,6.7490,4.0000,96.0000,AG03-UNRESOLVED,ALL5_LEVELS_bet23_to_bet27,6.7490,6.7490,6.7490,8.4362,8.4362,4.000000,4.000000,4.000000,5.000000,5.000000,96.000000,96.000000,96.000000,95.000000,95.000000,5.0,37.1194,34.0024,131.6053,134.7223,PENDING_AG03,FALSE,NOT_FOR_ENFORCEMENT,161.9757,29133.1724,168.7247,161.9757,6.7490,0.00515029,0.00494427,6.7490,161.9757,0.00494427,6.7490,6.7490,6.7490,8.4362,8.4362,161.9757,0.00494427,37.1194,34.0024,131.6053,134.7223,0.00401722,0.00411237,0.00020601,214.1194,199.6517,1.1100,28.1208,5.6242,5460.0445,25.3333,549.2876,169.4303,77.8372,129.7286,260.4937,514.3107,536.4755,774.5333,129.7286,0.0,4.135367,5.970413,1.650518,14,32,4,2,0.30180390,0.00515029,0.18333507,0E-8,0.000000,0.926337,0.000000,-0.25520737,2026-04-30,2026-07-22,6,30,29,84,0.071429,3.241968,2.565333,1.006013,,,,,,,,GLOBAL_BASELINE_NO_ENTITY_RANKING,,,NOT_APPLICABLE_GLOBAL_BASELINE,HF9g-P5,,,,X 全窗基线 · 不参与实体赏罚,6876484,688,A168_HF9F_20260827_0900,2026-08-27 09:00:00
2026-04-30,149385773,471,0,130.5069793991,-130.5069793991,-130.5069793991,0E-7,2,2,0.49324550000000000,0.493245500000,-1.3952362676504506,-1.3952362676504506,-1.3952362676504506,0E-17,ELIGIBLE,R03b_20260811_FULL_v1,L1_ELIGIBILITY,v2026-08-11,2026-03-21..2026-08-06,baccarat_bet02_101_all_pairs_incl_sentinel,round_win = game_pnl > 0 (decisive only),COMPATIBILITY_ONLY_NOT_PRODUCTION,32760.2668,30347.0546,168.7247,153,152,-0.00515029,-0.18333507,0.07187229,-0.00515029,-168.7247,32760.2668,OK,0.0000,6.7490,4.0000,96.0000,AG03-UNRESOLVED,ALL5_LEVELS_bet23_to_bet27,6.7490,6.7490,6.7490,8.4362,8.4362,4.000000,4.000000,4.000000,5.000000,5.000000,96.000000,96.000000,96.000000,95.000000,95.000000,5.0,37.1194,34.0024,131.6053,134.7223,PENDING_AG03,FALSE,NOT_FOR_ENFORCEMENT,161.9757,29133.1724,168.7247,161.9757,6.7490,0.00515029,0.00494427,6.7490,161.9757,0.00494427,6.7490,6.7490,6.7490,8.4362,8.4362,161.9757,0.00494427,37.1194,34.0024,131.6053,134.7223,0.00401722,0.00411237,0.00020601,214.1194,199.6517,1.1100,28.1208,5.6242,5460.0445,25.3333,549.2876,169.4303,77.8372,129.7286,260.4937,514.3107,536.4755,774.5333,129.7286,0.0,4.135367,5.970413,1.650518,14,32,4,2,0.30180390,0.00515029,0.18333507,0E-8,0.000000,0.926337,0.000000,-0.25520737,2026-04-30,2026-07-22,6,30,29,84,0.071429,3.241968,2.565333,1.006013,,,,,,,,GLOBAL_BASELINE_NO_ENTITY_RANKING,,,NOT_APPLICABLE_GLOBAL_BASELINE,HF9g-P5,,,,X 全窗基线 · 不参与实体赏罚,6876485,688,A168_HF9F_20260827_0900,2026-08-27 09:00:00
2026-05-04,149385773,1115,0,700.5344818640,409.9424004983,409.9424004983,1.0000000,6,6,0.49994810000000000,0.499948100000,2.0002076107755586,2.0002076107755586,2.0002076107755586,0E-17,ELIGIBLE,R03b_20260811_FULL_v1,L1_ELIGIBILITY,v2026-08-11,2026-03-21..2026-08-06,baccarat_bet02_101_all_pairs_incl_sentinel,round_win = game_pnl > 0 (decisive only),COMPATIBILITY_ONLY_NOT_PRODUCTION,32760.2668,30347.0546,168.7247,153,152,-0.00515029,-0.18333507,0.07187229,-0.00515029,-168.7247,32760.2668,OK,0.0000,6.7490,4.0000,96.0000,AG03-UNRESOLVED,ALL5_LEVELS_bet23_to_bet27,6.7490,6.7490,6.7490,8.4362,8.4362,4.000000,4.000000,4.000000,5.000000,5.000000,96.000000,96.000000,96.000000,95.000000,95.000000,5.0,37.1194,34.0024,131.6053,134.7223,PENDING_AG03,FALSE,NOT_FOR_ENFORCEMENT,161.9757,29133.1724,168.7247,161.9757,6.7490,0.00515029,0.00494427,6.7490,161.9757,0.00494427,6.7490,6.7490,6.7490,8.4362,8.4362,161.9757,0.00494427,37.1194,34.0024,131.6053,134.7223,0.00401722,0.00411237,0.00020601,214.1194,199.6517,1.1100,28.1208,5.6242,5460.0445,25.3333,549.2876,169.4303,77.8372,129.7286,260.4937,514.3107,536.4755,774.5333,129.7286,0.0,4.135367,5.970413,1.650518,14,32,4,2,0.30180390,0.00515029,0.18333507,0E-8,0.000000,0.926337,0.000000,-0.25520737,2026-04-30,2026-07-22,6,30,29,84,0.071429,3.241968,2.565333,1.006013,,,,,,,,GLOBAL_BASELINE_NO_ENTITY_RANKING,,,NOT_APPLICABLE_GLOBAL_BASELINE,HF9g-P5,,,,X 全窗基线 · 不参与实体赏罚,6876486,688,A168_HF9F_20260827_0900,2026-08-27 09:00:00
2026-05-04,149385773,1157,0,77.8371646515,-77.8371646515,-77.8371646515,0E-7,1,1,0.50665070000000000,0.506650700000,-1.013391052207602,-1.013391052207602,-1.013391052207602,0E-17,ELIGIBLE,R03b_20260811_FULL_v1,L1_ELIGIBILITY,v2026-08-11,2026-03-21..2026-08-06,baccarat_bet02_101_all_pairs_incl_sentinel,round_win = game_pnl > 0 (decisive only),COMPATIBILITY_ONLY_NOT_PRODUCTION,32760.2668,30347.0546,168.7247,153,152,-0.00515029,-0.18333507,0.07187229,-0.00515029,-168.7247,32760.2668,OK,0.0000,6.7490,4.0000,96.0000,AG03-UNRESOLVED,ALL5_LEVELS_bet23_to_bet27,6.7490,6.7490,6.7490,8.4362,8.4362,4.000000,4.000000,4.000000,5.000000,5.000000,96.000000,96.000000,96.000000,95.000000,95.000000,5.0,37.1194,34.0024,131.6053,134.7223,PENDING_AG03,FALSE,NOT_FOR_ENFORCEMENT,161.9757,29133.1724,168.7247,161.9757,6.7490,0.00515029,0.00494427,6.7490,161.9757,0.00494427,6.7490,6.7490,6.7490,8.4362,8.4362,161.9757,0.00494427,37.1194,34.0024,131.6053,134.7223,0.00401722,0.00411237,0.00020601,214.1194,199.6517,1.1100,28.1208,5.6242,5460.0445,25.3333,549.2876,169.4303,77.8372,129.7286,260.4937,514.3107,536.4755,774.5333,129.7286,0.0,4.135367,5.970413,1.650518,14,32,4,2,0.30180390,0.00515029,0.18333507,0E-8,0.000000,0.926337,0.000000,-0.25520737,2026-04-30,2026-07-22,6,30,29,84,0.071429,3.241968,2.565333,1.006013,,,,,,,,GLOBAL_BASELINE_NO_ENTITY_RANKING,,,NOT_APPLICABLE_GLOBAL_BASELINE,HF9g-P5,,,,X 全窗基线 · 不参与实体赏罚,6876487,688,A168_HF9F_20260827_0900,2026-08-27 09:00:00
2026-05-04,149385773,1299,0,1030.0451455556,414.8720875927,414.8720875927,0.7142857,8,8,0.50162375000000000,0.501623750000,1.1253072755500886,1.1253072755500886,1.1253072755500886,0E-17,ELIGIBLE,R03b_20260811_FULL_v1,L1_ELIGIBILITY,v2026-08-11,2026-03-21..2026-08-06,baccarat_bet02_101_all_pairs_incl_sentinel,round_win = game_pnl > 0 (decisive only),COMPATIBILITY_ONLY_NOT_PRODUCTION,32760.2668,30347.0546,168.7247,153,152,-0.00515029,-0.18333507,0.07187229,-0.00515029,-168.7247,32760.2668,OK,0.0000,6.7490,4.0000,96.0000,AG03-UNRESOLVED,ALL5_LEVELS_bet23_to_bet27,6.7490,6.7490,6.7490,8.4362,8.4362,4.000000,4.000000,4.000000,5.000000,5.000000,96.000000,96.000000,96.000000,95.000000,95.000000,5.0,37.1194,34.0024,131.6053,134.7223,PENDING_AG03,FALSE,NOT_FOR_ENFORCEMENT,161.9757,29133.1724,168.7247,161.9757,6.7490,0.00515029,0.00494427,6.7490,161.9757,0.00494427,6.7490,6.7490,6.7490,8.4362,8.4362,161.9757,0.00494427,37.1194,34.0024,131.6053,134.7223,0.00401722,0.00411237,0.00020601,214.1194,199.6517,1.1100,28.1208,5.6242,5460.0445,25.3333,549.2876,169.4303,77.8372,129.7286,260.4937,514.3107,536.4755,774.5333,129.7286,0.0,4.135367,5.970413,1.650518,14,32,4,2,0.30180390,0.00515029,0.18333507,0E-8,0.000000,0.926337,0.000000,-0.25520737,2026-04-30,2026-07-22,6,30,29,84,0.071429,3.241968,2.565333,1.006013,,,,,,,,GLOBAL_BASELINE_NO_ENTITY_RANKING,,,NOT_APPLICABLE_GLOBAL_BASELINE,HF9g-P5,,,,X 全窗基线 · 不参与实体赏罚,6876488,688,A168_HF9F_20260827_0900,2026-08-27 09:00:00
2026-05-04,149385773,1304,0,487.7795651494,-181.6200508534,-181.6200508534,0.3750000,8,8,0.49659680000000000,0.496596800000,-0.6878713085241178,-0.6878713085241179,-0.6878713085241178,0E-17,ELIGIBLE,R03b_20260811_FULL_v1,L1_ELIGIBILITY,v2026-08-11,2026-03-21..2026-08-06,baccarat_bet02_101_all_pairs_incl_sentinel,round_win = game_pnl > 0 (decisive only),COMPATIBILITY_ONLY_NOT_PRODUCTION,32760.2668,30347.0546,168.7247,153,152,-0.00515029,-0.18333507,0.07187229,-0.00515029,-168.7247,32760.2668,OK,0.0000,6.7490,4.0000,96.0000,AG03-UNRESOLVED,ALL5_LEVELS_bet23_to_bet27,6.7490,6.7490,6.7490,8.4362,8.4362,4.000000,4.000000,4.000000,5.000000,5.000000,96.000000,96.000000,96.000000,95.000000,95.000000,5.0,37.1194,34.0024,131.6053,134.7223,PENDING_AG03,FALSE,NOT_FOR_ENFORCEMENT,161.9757,29133.1724,168.7247,161.9757,6.7490,0.00515029,0.00494427,6.7490,161.9757,0.00494427,6.7490,6.7490,6.7490,8.4362,8.4362,161.9757,0.00494427,37.1194,34.0024,131.6053,134.7223,0.00401722,0.00411237,0.00020601,214.1194,199.6517,1.1100,28.1208,5.6242,5460.0445,25.3333,549.2876,169.4303,77.8372,129.7286,260.4937,514.3107,536.4755,774.5333,129.7286,0.0,4.135367,5.970413,1.650518,14,32,4,2,0.30180390,0.00515029,0.18333507,0E-8,0.000000,0.926337,0.000000,-0.25520737,2026-04-30,2026-07-22,6,30,29,84,0.071429,3.241968,2.565333,1.006013,,,,,,,,GLOBAL_BASELINE_NO_ENTITY_RANKING,,,NOT_APPLICABLE_GLOBAL_BASELINE,HF9g-P5,,,,X 全窗基线 · 不参与实体赏罚,6876489,688,A168_HF9F_20260827_0900,2026-08-27 09:00:00
2026-05-04,149385773,1384,0,207.5657724041,-207.5657724041,-207.5657724041,0E-7,2,2,0.49324550000000000,0.493245500000,-1.3952362676504506,-1.3952362676504506,-1.3952362676504506,0E-17,ELIGIBLE,R03b_20260811_FULL_v1,L1_ELIGIBILITY,v2026-08-11,2026-03-21..2026-08-06,baccarat_bet02_101_all_pairs_incl_sentinel,round_win = game_pnl > 0 (decisive only),COMPATIBILITY_ONLY_NOT_PRODUCTION,32760.2668,30347.0546,168.7247,153,152,-0.00515029,-0.18333507,0.07187229,-0.00515029,-168.7247,32760.2668,OK,0.0000,6.7490,4.0000,96.0000,AG03-UNRESOLVED,ALL5_LEVELS_bet23_to_bet27,6.7490,6.7490,6.7490,8.4362,8.4362,4.000000,4.000000,4.000000,5.000000,5.000000,96.000000,96.000000,96.000000,95.000000,95.000000,5.0,37.1194,34.0024,131.6053,134.7223,PENDING_AG03,FALSE,NOT_FOR_ENFORCEMENT,161.9757,29133.1724,168.7247,161.9757,6.7490,0.00515029,0.00494427,6.7490,161.9757,0.00494427,6.7490,6.7490,6.7490,8.4362,8.4362,161.9757,0.00494427,37.1194,34.0024,131.6053,134.7223,0.00401722,0.00411237,0.00020601,214.1194,199.6517,1.1100,28.1208,5.6242,5460.0445,25.3333,549.2876,169.4303,77.8372,129.7286,260.4937,514.3107,536.4755,774.5333,129.7286,0.0,4.135367,5.970413,1.650518,14,32,4,2,0.30180390,0.00515029,0.18333507,0E-8,0.000000,0.926337,0.000000,-0.25520737,2026-04-30,2026-07-22,6,30,29,84,0.071429,3.241968,2.565333,1.006013,,,,,,,,GLOBAL_BASELINE_NO_ENTITY_RANKING,,,NOT_APPLICABLE_GLOBAL_BASELINE,HF9g-P5,,,,X 全窗基线 · 不参与实体赏罚,6876490,688,A168_HF9F_20260827_0900,2026-08-27 09:00:00
2026-05-04,149385773,1399,0,739.4530641896,-252.9707851175,-252.9707851175,0.3333333,7,7,0.50473567142857143,0.504735671429,-0.8397342036905205,-0.8397342036926269,-0.8397342036905205,-4.2857E-13,ELIGIBLE,R03b_20260811_FULL_v1,L1_ELIGIBILITY,v2026-08-11,2026-03-21..2026-08-06,baccarat_bet02_101_all_pairs_incl_sentinel,round_win = game_pnl > 0 (decisive only),COMPATIBILITY_ONLY_NOT_PRODUCTION,32760.2668,30347.0546,168.7247,153,152,-0.00515029,-0.18333507,0.07187229,-0.00515029,-168.7247,32760.2668,OK,0.0000,6.7490,4.0000,96.0000,AG03-UNRESOLVED,ALL5_LEVELS_bet23_to_bet27,6.7490,6.7490,6.7490,8.4362,8.4362,4.000000,4.000000,4.000000,5.000000,5.000000,96.000000,96.000000,96.000000,95.000000,95.000000,5.0,37.1194,34.0024,131.6053,134.7223,PENDING_AG03,FALSE,NOT_FOR_ENFORCEMENT,161.9757,29133.1724,168.7247,161.9757,6.7490,0.00515029,0.00494427,6.7490,161.9757,0.00494427,6.7490,6.7490,6.7490,8.4362,8.4362,161.9757,0.00494427,37.1194,34.0024,131.6053,134.7223,0.00401722,0.00411237,0.00020601,214.1194,199.6517,1.1100,28.1208,5.6242,5460.0445,25.3333,549.2876,169.4303,77.8372,129.7286,260.4937,514.3107,536.4755,774.5333,129.7286,0.0,4.135367,5.970413,1.650518,14,32,4,2,0.30180390,0.00515029,0.18333507,0E-8,0.000000,0.926337,0.000000,-0.25520737,2026-04-30,2026-07-22,6,30,29,84,0.071429,3.241968,2.565333,1.006013,,,,,,,,GLOBAL_BASELINE_NO_ENTITY_RANKING,,,NOT_APPLICABLE_GLOBAL_BASELINE,HF9g-P5,,,,X 全窗基线 · 不参与实体赏罚,6876491,688,A168_HF9F_20260827_0900,2026-08-27 09:00:00
2026-05-04,149385773,1405,0,311.8675730372,-311.8675730372,-311.8675730372,0E-7,2,2,0.50665070000000000,0.506650700000,-1.4331513700195317,-1.4331513700195317,-1.4331513700195317,0E-17,ELIGIBLE,R03b_20260811_FULL_v1,L1_ELIGIBILITY,v2026-08-11,2026-03-21..2026-08-06,baccarat_bet02_101_all_pairs_incl_sentinel,round_win = game_pnl > 0 (decisive only),COMPATIBILITY_ONLY_NOT_PRODUCTION,32760.2668,30347.0546,168.7247,153,152,-0.00515029,-0.18333507,0.07187229,-0.00515029,-168.7247,32760.2668,OK,0.0000,6.7490,4.0000,96.0000,AG03-UNRESOLVED,ALL5_LEVELS_bet23_to_bet27,6.7490,6.7490,6.7490,8.4362,8.4362,4.000000,4.000000,4.000000,5.000000,5.000000,96.000000,96.000000,96.000000,95.000000,95.000000,5.0,37.1194,34.0024,131.6053,134.7223,PENDING_AG03,FALSE,NOT_FOR_ENFORCEMENT,161.9757,29133.1724,168.7247,161.9757,6.7490,0.00515029,0.00494427,6.7490,161.9757,0.00494427,6.7490,6.7490,6.7490,8.4362,8.4362,161.9757,0.00494427,37.1194,34.0024,131.6053,134.7223,0.00401722,0.00411237,0.00020601,214.1194,199.6517,1.1100,28.1208,5.6242,5460.0445,25.3333,549.2876,169.4303,77.8372,129.7286,260.4937,514.3107,536.4755,774.5333,129.7286,0.0,4.135367,5.970413,1.650518,14,32,4,2,0.30180390,0.00515029,0.18333507,0E-8,0.000000,0.926337,0.000000,-0.25520737,2026-04-30,2026-07-22,6,30,29,84,0.071429,3.241968,2.565333,1.006013,,,,,,,,GLOBAL_BASELINE_NO_ENTITY_RANKING,,,NOT_APPLICABLE_GLOBAL_BASELINE,HF9g-P5,,,,X 全窗基线 · 不参与实体赏罚,6876492,688,A168_HF9F_20260827_0900,2026-08-27 09:00:00
2026-05-04,149385773,1702,0,874.3708162519,105.0801722796,105.0801722796,0.5384615,13,13,0.49633900769230769,0.496339007692,0.3037580316462628,0.30375803164848303,0.3037580316462628,3.0769E-13,ELIGIBLE,R03b_20260811_FULL_v1,L1_ELIGIBILITY,v2026-08-11,2026-03-21..2026-08-06,baccarat_bet02_101_all_pairs_incl_sentinel,round_win = game_pnl > 0 (decisive only),COMPATIBILITY_ONLY_NOT_PRODUCTION,32760.2668,30347.0546,168.7247,153,152,-0.00515029,-0.18333507,0.07187229,-0.00515029,-168.7247,32760.2668,OK,0.0000,6.7490,4.0000,96.0000,AG03-UNRESOLVED,ALL5_LEVELS_bet23_to_bet27,6.7490,6.7490,6.7490,8.4362,8.4362,4.000000,4.000000,4.000000,5.000000,5.000000,96.000000,96.000000,96.000000,95.000000,95.000000,5.0,37.1194,34.0024,131.6053,134.7223,PENDING_AG03,FALSE,NOT_FOR_ENFORCEMENT,161.9757,29133.1724,168.7247,161.9757,6.7490,0.00515029,0.00494427,6.7490,161.9757,0.00494427,6.7490,6.7490,6.7490,8.4362,8.4362,161.9757,0.00494427,37.1194,34.0024,131.6053,134.7223,0.00401722,0.00411237,0.00020601,214.1194,199.6517,1.1100,28.1208,5.6242,5460.0445,25.3333,549.2876,169.4303,77.8372,129.7286,260.4937,514.3107,536.4755,774.5333,129.7286,0.0,4.135367,5.970413,1.650518,14,32,4,2,0.30180390,0.00515029,0.18333507,0E-8,0.000000,0.926337,0.000000,-0.25520737,2026-04-30,2026-07-22,6,30,29,84,0.071429,3.241968,2.565333,1.006013,,,,,,,,GLOBAL_BASELINE_NO_ENTITY_RANKING,,,NOT_APPLICABLE_GLOBAL_BASELINE,HF9g-P5,,,,X 全窗基线 · 不参与实体赏罚,6876493,688,A168_HF9F_20260827_0900,2026-08-27 09:00:00
2026-05-04,149385773,2196,0,508.5361423902,180.3227647762,180.3227647762,0.6000000,6,6,0.49771390000000000,0.497713900000,0.4574421269484404,0.45744212694844033,0.4574421269484404,0E-17,ELIGIBLE,R03b_20260811_FULL_v1,L1_ELIGIBILITY,v2026-08-11,2026-03-21..2026-08-06,baccarat_bet02_101_all_pairs_incl_sentinel,round_win = game_pnl > 0 (decisive only),COMPATIBILITY_ONLY_NOT_PRODUCTION,32760.2668,30347.0546,168.7247,153,152,-0.00515029,-0.18333507,0.07187229,-0.00515029,-168.7247,32760.2668,OK,0.0000,6.7490,4.0000,96.0000,AG03-UNRESOLVED,ALL5_LEVELS_bet23_to_bet27,6.7490,6.7490,6.7490,8.4362,8.4362,4.000000,4.000000,4.000000,5.000000,5.000000,96.000000,96.000000,96.000000,95.000000,95.000000,5.0,37.1194,34.0024,131.6053,134.7223,PENDING_AG03,FALSE,NOT_FOR_ENFORCEMENT,161.9757,29133.1724,168.7247,161.9757,6.7490,0.00515029,0.00494427,6.7490,161.9757,0.00494427,6.7490,6.7490,6.7490,8.4362,8.4362,161.9757,0.00494427,37.1194,34.0024,131.6053,134.7223,0.00401722,0.00411237,0.00020601,214.1194,199.6517,1.1100,28.1208,5.6242,5460.0445,25.3333,549.2876,169.4303,77.8372,129.7286,260.4937,514.3107,536.4755,774.5333,129.7286,0.0,4.135367,5.970413,1.650518,14,32,4,2,0.30180390,0.00515029,0.18333507,0E-8,0.000000,0.926337,0.000000,-0.25520737,2026-04-30,2026-07-22,6,30,29,84,0.071429,3.241968,2.565333,1.006013,,,,,,,,GLOBAL_BASELINE_NO_ENTITY_RANKING,,,NOT_APPLICABLE_GLOBAL_BASELINE,HF9g-P5,,,,X 全窗基线 · 不参与实体赏罚,6876494,688,A168_HF9F_20260827_0900,2026-08-27 09:00:00
2026-05-04,149385773,2209,0,51.8914431010,-51.8914431010,-51.8914431010,0E-7,1,1,0.49324550000000000,0.493245500000,-0.9865810262130424,-0.9865810262130424,-0.9865810262130424,0E-17,ELIGIBLE,R03b_20260811_FULL_v1,L1_ELIGIBILITY,v2026-08-11,2026-03-21..2026-08-06,baccarat_bet02_101_all_pairs_incl_sentinel,round_win = game_pnl > 0 (decisive only),COMPATIBILITY_ONLY_NOT_PRODUCTION,32760.2668,30347.0546,168.7247,153,152,-0.00515029,-0.18333507,0.07187229,-0.00515029,-168.7247,32760.2668,OK,0.0000,6.7490,4.0000,96.0000,AG03-UNRESOLVED,ALL5_LEVELS_bet23_to_bet27,6.7490,6.7490,6.7490,8.4362,8.4362,4.000000,4.000000,4.000000,5.000000,5.000000,96.000000,96.000000,96.000000,95.000000,95.000000,5.0,37.1194,34.0024,131.6053,134.7223,PENDING_AG03,FALSE,NOT_FOR_ENFORCEMENT,161.9757,29133.1724,168.7247,161.9757,6.7490,0.00515029,0.00494427,6.7490,161.9757,0.00494427,6.7490,6.7490,6.7490,8.4362,8.4362,161.9757,0.00494427,37.1194,34.0024,131.6053,134.7223,0.00401722,0.00411237,0.00020601,214.1194,199.6517,1.1100,28.1208,5.6242,5460.0445,25.3333,549.2876,169.4303,77.8372,129.7286,260.4937,514.3107,536.4755,774.5333,129.7286,0.0,4.135367,5.970413,1.650518,14,32,4,2,0.30180390,0.00515029,0.18333507,0E-8,0.000000,0.926337,0.000000,-0.25520737,2026-04-30,2026-07-22,6,30,29,84,0.071429,3.241968,2.565333,1.006013,,,,,,,,GLOBAL_BASELINE_NO_ENTITY_RANKING,,,NOT_APPLICABLE_GLOBAL_BASELINE,HF9g-P5,,,,X 全窗基线 · 不参与实体赏罚,6876495,688,A168_HF9F_20260827_0900,2026-08-27 09:00:00
2026-05-04,149385773,2223,0,1011.8831404701,336.6457371180,336.6457371180,0.7500000,10,10,0.49994810000000000,0.499948100000,1.414507160728905,1.414507160728905,1.414507160728905,0E-17,ELIGIBLE,R03b_20260811_FULL_v1,L1_ELIGIBILITY,v2026-08-11,2026-03-21..2026-08-06,baccarat_bet02_101_all_pairs_incl_sentinel,round_win = game_pnl > 0 (decisive only),COMPATIBILITY_ONLY_NOT_PRODUCTION,32760.2668,30347.0546,168.7247,153,152,-0.00515029,-0.18333507,0.07187229,-0.00515029,-168.7247,32760.2668,OK,0.0000,6.7490,4.0000,96.0000,AG03-UNRESOLVED,ALL5_LEVELS_bet23_to_bet27,6.7490,6.7490,6.7490,8.4362,8.4362,4.000000,4.000000,4.000000,5.000000,5.000000,96.000000,96.000000,96.000000,95.000000,95.000000,5.0,37.1194,34.0024,131.6053,134.7223,PENDING_AG03,FALSE,NOT_FOR_ENFORCEMENT,161.9757,29133.1724,168.7247,161.9757,6.7490,0.00515029,0.00494427,6.7490,161.9757,0.00494427,6.7490,6.7490,6.7490,8.4362,8.4362,161.9757,0.00494427,37.1194,34.0024,131.6053,134.7223,0.00401722,0.00411237,0.00020601,214.1194,199.6517,1.1100,28.1208,5.6242,5460.0445,25.3333,549.2876,169.4303,77.8372,129.7286,260.4937,514.3107,536.4755,774.5333,129.7286,0.0,4.135367,5.970413,1.650518,14,32,4,2,0.30180390,0.00515029,0.18333507,0E-8,0.000000,0.926337,0.000000,-0.25520737,2026-04-30,2026-07-22,6,30,29,84,0.071429,3.241968,2.565333,1.006013,,,,,,,,GLOBAL_BASELINE_NO_ENTITY_RANKING,,,NOT_APPLICABLE_GLOBAL_BASELINE,HF9g-P5,,,,X 全窗基线 · 不参与实体赏罚,6876496,688,A168_HF9F_20260827_0900,2026-08-27 09:00:00
2026-05-04,149385773,2233,0,1048.2071506408,-155.5446006953,-155.5446006953,0.5000000,10,10,0.50396966000000000,0.503969660000,-0.02510712557163591,-0.02510712557163591,-0.02510712557163591,0E-17,ELIGIBLE,R03b_20260811_FULL_v1,L1_ELIGIBILITY,v2026-08-11,2026-03-21..2026-08-06,baccarat_bet02_101_all_pairs_incl_sentinel,round_win = game_pnl > 0 (decisive only),COMPATIBILITY_ONLY_NOT_PRODUCTION,32760.2668,30347.0546,168.7247,153,152,-0.00515029,-0.18333507,0.07187229,-0.00515029,-168.7247,32760.2668,OK,0.0000,6.7490,4.0000,96.0000,AG03-UNRESOLVED,ALL5_LEVELS_bet23_to_bet27,6.7490,6.7490,6.7490,8.4362,8.4362,4.000000,4.000000,4.000000,5.000000,5.000000,96.000000,96.000000,96.000000,95.000000,95.000000,5.0,37.1194,34.0024,131.6053,134.7223,PENDING_AG03,FALSE,NOT_FOR_ENFORCEMENT,161.9757,29133.1724,168.7247,161.9757,6.7490,0.00515029,0.00494427,6.7490,161.9757,0.00494427,6.7490,6.7490,6.7490,8.4362,8.4362,161.9757,0.00494427,37.1194,34.0024,131.6053,134.7223,0.00401722,0.00411237,0.00020601,214.1194,199.6517,1.1100,28.1208,5.6242,5460.0445,25.3333,549.2876,169.4303,77.8372,129.7286,260.4937,514.3107,536.4755,774.5333,129.7286,0.0,4.135367,5.970413,1.650518,14,32,4,2,0.30180390,0.00515029,0.18333507,0E-8,0.000000,0.926337,0.000000,-0.25520737,2026-04-30,2026-07-22,6,30,29,84,0.071429,3.241968,2.565333,1.006013,,,,,,,,GLOBAL_BASELINE_NO_ENTITY_RANKING,,,NOT_APPLICABLE_GLOBAL_BASELINE,HF9g-P5,,,,X 全窗基线 · 不参与实体赏罚,6876497,688,A168_HF9F_20260827_0900,2026-08-27 09:00:00
2026-05-04,149385773,2235,0,179.0254786985,-77.8371646515,-77.8371646515,0.3333333,3,3,0.50218230000000000,0.502182300000,-0.5849155494134425,-0.5849155494134426,-0.5849155494134425,0E-17,ELIGIBLE,R03b_20260811_FULL_v1,L1_ELIGIBILITY,v2026-08-11,2026-03-21..2026-08-06,baccarat_bet02_101_all_pairs_incl_sentinel,round_win = game_pnl > 0 (decisive only),COMPATIBILITY_ONLY_NOT_PRODUCTION,32760.2668,30347.0546,168.7247,153,152,-0.00515029,-0.18333507,0.07187229,-0.00515029,-168.7247,32760.2668,OK,0.0000,6.7490,4.0000,96.0000,AG03-UNRESOLVED,ALL5_LEVELS_bet23_to_bet27,6.7490,6.7490,6.7490,8.4362,8.4362,4.000000,4.000000,4.000000,5.000000,5.000000,96.000000,96.000000,96.000000,95.000000,95.000000,5.0,37.1194,34.0024,131.6053,134.7223,PENDING_AG03,FALSE,NOT_FOR_ENFORCEMENT,161.9757,29133.1724,168.7247,161.9757,6.7490,0.00515029,0.00494427,6.7490,161.9757,0.00494427,6.7490,6.7490,6.7490,8.4362,8.4362,161.9757,0.00494427,37.1194,34.0024,131.6053,134.7223,0.00401722,0.00411237,0.00020601,214.1194,199.6517,1.1100,28.1208,5.6242,5460.0445,25.3333,549.2876,169.4303,77.8372,129.7286,260.4937,514.3107,536.4755,774.5333,129.7286,0.0,4.135367,5.970413,1.650518,14,32,4,2,0.30180390,0.00515029,0.18333507,0E-8,0.000000,0.926337,0.000000,-0.25520737,2026-04-30,2026-07-22,6,30,29,84,0.071429,3.241968,2.565333,1.006013,,,,,,,,GLOBAL_BASELINE_NO_ENTITY_RANKING,,,NOT_APPLICABLE_GLOBAL_BASELINE,HF9g-P5,,,,X 全窗基线 · 不参与实体赏罚,6876498,688,A168_HF9F_20260827_0900,2026-08-27 09:00:00
2026-05-04,149385773,948,0,77.8371646515,-77.8371646515,-77.8371646515,0E-7,1,1,0.50665070000000000,0.506650700000,-1.013391052207602,-1.013391052207602,-1.013391052207602,0E-17,ELIGIBLE,R03b_20260811_FULL_v1,L1_ELIGIBILITY,v2026-08-11,2026-03-21..2026-08-06,baccarat_bet02_101_all_pairs_incl_sentinel,round_win = game_pnl > 0 (decisive only),COMPATIBILITY_ONLY_NOT_PRODUCTION,32760.2668,30347.0546,168.7247,153,152,-0.00515029,-0.18333507,0.07187229,-0.00515029,-168.7247,32760.2668,OK,0.0000,6.7490,4.0000,96.0000,AG03-UNRESOLVED,ALL5_LEVELS_bet23_to_bet27,6.7490,6.7490,6.7490,8.4362,8.4362,4.000000,4.000000,4.000000,5.000000,5.000000,96.000000,96.000000,96.000000,95.000000,95.000000,5.0,37.1194,34.0024,131.6053,134.7223,PENDING_AG03,FALSE,NOT_FOR_ENFORCEMENT,161.9757,29133.1724,168.7247,161.9757,6.7490,0.00515029,0.00494427,6.7490,161.9757,0.00494427,6.7490,6.7490,6.7490,8.4362,8.4362,161.9757,0.00494427,37.1194,34.0024,131.6053,134.7223,0.00401722,0.00411237,0.00020601,214.1194,199.6517,1.1100,28.1208,5.6242,5460.0445,25.3333,549.2876,169.4303,77.8372,129.7286,260.4937,514.3107,536.4755,774.5333,129.7286,0.0,4.135367,5.970413,1.650518,14,32,4,2,0.30180390,0.00515029,0.18333507,0E-8,0.000000,0.926337,0.000000,-0.25520737,2026-04-30,2026-07-22,6,30,29,84,0.071429,3.241968,2.565333,1.006013,,,,,,,,GLOBAL_BASELINE_NO_ENTITY_RANKING,,,NOT_APPLICABLE_GLOBAL_BASELINE,HF9g-P5,,,,X 全窗基线 · 不参与实体赏罚,6876499,688,A168_HF9F_20260827_0900,2026-08-27 09:00:00
2026-06-19,149385773,1004,0,1234.3456682182,688.5334430529,688.5334430529,0.8000000,5,5,0.50128862000000000,0.501288620000,1.335882339249048,1.335882339249048,1.335882339249048,0E-17,ELIGIBLE,R03b_20260811_FULL_v1,L1_ELIGIBILITY,v2026-08-11,2026-03-21..2026-08-06,baccarat_bet02_101_all_pairs_incl_sentinel,round_win = game_pnl > 0 (decisive only),COMPATIBILITY_ONLY_NOT_PRODUCTION,32760.2668,30347.0546,168.7247,153,152,-0.00515029,-0.18333507,0.07187229,-0.00515029,-168.7247,32760.2668,OK,0.0000,6.7490,4.0000,96.0000,AG03-UNRESOLVED,ALL5_LEVELS_bet23_to_bet27,6.7490,6.7490,6.7490,8.4362,8.4362,4.000000,4.000000,4.000000,5.000000,5.000000,96.000000,96.000000,96.000000,95.000000,95.000000,5.0,37.1194,34.0024,131.6053,134.7223,PENDING_AG03,FALSE,NOT_FOR_ENFORCEMENT,161.9757,29133.1724,168.7247,161.9757,6.7490,0.00515029,0.00494427,6.7490,161.9757,0.00494427,6.7490,6.7490,6.7490,8.4362,8.4362,161.9757,0.00494427,37.1194,34.0024,131.6053,134.7223,0.00401722,0.00411237,0.00020601,214.1194,199.6517,1.1100,28.1208,5.6242,5460.0445,25.3333,549.2876,169.4303,77.8372,129.7286,260.4937,514.3107,536.4755,774.5333,129.7286,0.0,4.135367,5.970413,1.650518,14,32,4,2,0.30180390,0.00515029,0.18333507,0E-8,0.000000,0.926337,0.000000,-0.25520737,2026-04-30,2026-07-22,6,30,29,84,0.071429,3.241968,2.565333,1.006013,,,,,,,,GLOBAL_BASELINE_NO_ENTITY_RANKING,,,NOT_APPLICABLE_GLOBAL_BASELINE,HF9g-P5,,,,X 全窗基线 · 不参与实体赏罚,6876500,688,A168_HF9F_20260827_0900,2026-08-27 09:00:00
2026-06-19,149385773,1205,0,3155.2961143828,783.6809216449,783.6809216449,0.6000000,10,10,0.50262914000000000,0.502629140000,0.615835904497673,0.615835904497673,0.615835904497673,0E-17,ELIGIBLE,R03b_20260811_FULL_v1,L1_ELIGIBILITY,v2026-08-11,2026-03-21..2026-08-06,baccarat_bet02_101_all_pairs_incl_sentinel,round_win = game_pnl > 0 (decisive only),COMPATIBILITY_ONLY_NOT_PRODUCTION,32760.2668,30347.0546,168.7247,153,152,-0.00515029,-0.18333507,0.07187229,-0.00515029,-168.7247,32760.2668,OK,0.0000,6.7490,4.0000,96.0000,AG03-UNRESOLVED,ALL5_LEVELS_bet23_to_bet27,6.7490,6.7490,6.7490,8.4362,8.4362,4.000000,4.000000,4.000000,5.000000,5.000000,96.000000,96.000000,96.000000,95.000000,95.000000,5.0,37.1194,34.0024,131.6053,134.7223,PENDING_AG03,FALSE,NOT_FOR_ENFORCEMENT,161.9757,29133.1724,168.7247,161.9757,6.7490,0.00515029,0.00494427,6.7490,161.9757,0.00494427,6.7490,6.7490,6.7490,8.4362,8.4362,161.9757,0.00494427,37.1194,34.0024,131.6053,134.7223,0.00401722,0.00411237,0.00020601,214.1194,199.6517,1.1100,28.1208,5.6242,5460.0445,25.3333,549.2876,169.4303,77.8372,129.7286,260.4937,514.3107,536.4755,774.5333,129.7286,0.0,4.135367,5.970413,1.650518,14,32,4,2,0.30180390,0.00515029,0.18333507,0E-8,0.000000,0.926337,0.000000,-0.25520737,2026-04-30,2026-07-22,6,30,29,84,0.071429,3.241968,2.565333,1.006013,,,,,,,,GLOBAL_BASELINE_NO_ENTITY_RANKING,,,NOT_APPLICABLE_GLOBAL_BASELINE,HF9g-P5,,,,X 全窗基线 · 不参与实体赏罚,6876501,688,A168_HF9F_20260827_0900,2026-08-27 09:00:00
2026-06-19,149385773,1396,0,1296.0629516292,-781.7522565382,-781.7522565382,0.2500000,4,4,0.49324550000000000,0.493245500000,-0.9730707933947887,-0.9730707933947887,-0.9730707933947887,0E-17,ELIGIBLE,R03b_20260811_FULL_v1,L1_ELIGIBILITY,v2026-08-11,2026-03-21..2026-08-06,baccarat_bet02_101_all_pairs_incl_sentinel,round_win = game_pnl > 0 (decisive only),COMPATIBILITY_ONLY_NOT_PRODUCTION,32760.2668,30347.0546,168.7247,153,152,-0.00515029,-0.18333507,0.07187229,-0.00515029,-168.7247,32760.2668,OK,0.0000,6.7490,4.0000,96.0000,AG03-UNRESOLVED,ALL5_LEVELS_bet23_to_bet27,6.7490,6.7490,6.7490,8.4362,8.4362,4.000000,4.000000,4.000000,5.000000,5.000000,96.000000,96.000000,96.000000,95.000000,95.000000,5.0,37.1194,34.0024,131.6053,134.7223,PENDING_AG03,FALSE,NOT_FOR_ENFORCEMENT,161.9757,29133.1724,168.7247,161.9757,6.7490,0.00515029,0.00494427,6.7490,161.9757,0.00494427,6.7490,6.7490,6.7490,8.4362,8.4362,161.9757,0.00494427,37.1194,34.0024,131.6053,134.7223,0.00401722,0.00411237,0.00020601,214.1194,199.6517,1.1100,28.1208,5.6242,5460.0445,25.3333,549.2876,169.4303,77.8372,129.7286,260.4937,514.3107,536.4755,774.5333,129.7286,0.0,4.135367,5.970413,1.650518,14,32,4,2,0.30180390,0.00515029,0.18333507,0E-8,0.000000,0.926337,0.000000,-0.25520737,2026-04-30,2026-07-22,6,30,29,84,0.071429,3.241968,2.565333,1.006013,,,,,,,,GLOBAL_BASELINE_NO_ENTITY_RANKING,,,NOT_APPLICABLE_GLOBAL_BASELINE,HF9g-P5,,,,X 全窗基线 · 不参与实体赏罚,6876502,688,A168_HF9F_20260827_0900,2026-08-27 09:00:00
2026-06-19,149385773,2108,0,1026.0498367065,-439.3499112815,-439.3499112815,0.4000000,5,5,0.49860758000000000,0.498607580000,-0.440988213962219,-0.440988213962219,-0.440988213962219,0E-17,ELIGIBLE,R03b_20260811_FULL_v1,L1_ELIGIBILITY,v2026-08-11,2026-03-21..2026-08-06,baccarat_bet02_101_all_pairs_incl_sentinel,round_win = game_pnl > 0 (decisive only),COMPATIBILITY_ONLY_NOT_PRODUCTION,32760.2668,30347.0546,168.7247,153,152,-0.00515029,-0.18333507,0.07187229,-0.00515029,-168.7247,32760.2668,OK,0.0000,6.7490,4.0000,96.0000,AG03-UNRESOLVED,ALL5_LEVELS_bet23_to_bet27,6.7490,6.7490,6.7490,8.4362,8.4362,4.000000,4.000000,4.000000,5.000000,5.000000,96.000000,96.000000,96.000000,95.000000,95.000000,5.0,37.1194,34.0024,131.6053,134.7223,PENDING_AG03,FALSE,NOT_FOR_ENFORCEMENT,161.9757,29133.1724,168.7247,161.9757,6.7490,0.00515029,0.00494427,6.7490,161.9757,0.00494427,6.7490,6.7490,6.7490,8.4362,8.4362,161.9757,0.00494427,37.1194,34.0024,131.6053,134.7223,0.00401722,0.00411237,0.00020601,214.1194,199.6517,1.1100,28.1208,5.6242,5460.0445,25.3333,549.2876,169.4303,77.8372,129.7286,260.4937,514.3107,536.4755,774.5333,129.7286,0.0,4.135367,5.970413,1.650518,14,32,4,2,0.30180390,0.00515029,0.18333507,0E-8,0.000000,0.926337,0.000000,-0.25520737,2026-04-30,2026-07-22,6,30,29,84,0.071429,3.241968,2.565333,1.006013,,,,,,,,GLOBAL_BASELINE_NO_ENTITY_RANKING,,,NOT_APPLICABLE_GLOBAL_BASELINE,HF9g-P5,,,,X 全窗基线 · 不参与实体赏罚,6876503,688,A168_HF9F_20260827_0900,2026-08-27 09:00:00
2026-06-19,149385773,2127,0,1645.7942242910,-379.3041376295,-379.3041376295,0.4000000,5,5,0.50396966000000000,0.503969660000,-0.4649811094771361,-0.4649811094771361,-0.4649811094771361,0E-17,ELIGIBLE,R03b_20260811_FULL_v1,L1_ELIGIBILITY,v2026-08-11,2026-03-21..2026-08-06,baccarat_bet02_101_all_pairs_incl_sentinel,round_win = game_pnl > 0 (decisive only),COMPATIBILITY_ONLY_NOT_PRODUCTION,32760.2668,30347.0546,168.7247,153,152,-0.00515029,-0.18333507,0.07187229,-0.00515029,-168.7247,32760.2668,OK,0.0000,6.7490,4.0000,96.0000,AG03-UNRESOLVED,ALL5_LEVELS_bet23_to_bet27,6.7490,6.7490,6.7490,8.4362,8.4362,4.000000,4.000000,4.000000,5.000000,5.000000,96.000000,96.000000,96.000000,95.000000,95.000000,5.0,37.1194,34.0024,131.6053,134.7223,PENDING_AG03,FALSE,NOT_FOR_ENFORCEMENT,161.9757,29133.1724,168.7247,161.9757,6.7490,0.00515029,0.00494427,6.7490,161.9757,0.00494427,6.7490,6.7490,6.7490,8.4362,8.4362,161.9757,0.00494427,37.1194,34.0024,131.6053,134.7223,0.00401722,0.00411237,0.00020601,214.1194,199.6517,1.1100,28.1208,5.6242,5460.0445,25.3333,549.2876,169.4303,77.8372,129.7286,260.4937,514.3107,536.4755,774.5333,129.7286,0.0,4.135367,5.970413,1.650518,14,32,4,2,0.30180390,0.00515029,0.18333507,0E-8,0.000000,0.926337,0.000000,-0.25520737,2026-04-30,2026-07-22,6,30,29,84,0.071429,3.241968,2.565333,1.006013,,,,,,,,GLOBAL_BASELINE_NO_ENTITY_RANKING,,,NOT_APPLICABLE_GLOBAL_BASELINE,HF9g-P5,,,,X 全窗基线 · 不参与实体赏罚,6876504,688,A168_HF9F_20260827_0900,2026-08-27 09:00:00
2026-06-19,149385773,2287,0,4415.3573173553,2565.1245917662,2565.1245917662,0.8000000,11,11,0.50177608181818182,0.501776081818,1.886145567992517,1.8861455679936645,1.886145567992517,1.8182E-13,ELIGIBLE,R03b_20260811_FULL_v1,L1_ELIGIBILITY,v2026-08-11,2026-03-21..2026-08-06,baccarat_bet02_101_all_pairs_incl_sentinel,round_win = game_pnl > 0 (decisive only),COMPATIBILITY_ONLY_NOT_PRODUCTION,32760.2668,30347.0546,168.7247,153,152,-0.00515029,-0.18333507,0.07187229,-0.00515029,-168.7247,32760.2668,OK,0.0000,6.7490,4.0000,96.0000,AG03-UNRESOLVED,ALL5_LEVELS_bet23_to_bet27,6.7490,6.7490,6.7490,8.4362,8.4362,4.000000,4.000000,4.000000,5.000000,5.000000,96.000000,96.000000,96.000000,95.000000,95.000000,5.0,37.1194,34.0024,131.6053,134.7223,PENDING_AG03,FALSE,NOT_FOR_ENFORCEMENT,161.9757,29133.1724,168.7247,161.9757,6.7490,0.00515029,0.00494427,6.7490,161.9757,0.00494427,6.7490,6.7490,6.7490,8.4362,8.4362,161.9757,0.00494427,37.1194,34.0024,131.6053,134.7223,0.00401722,0.00411237,0.00020601,214.1194,199.6517,1.1100,28.1208,5.6242,5460.0445,25.3333,549.2876,169.4303,77.8372,129.7286,260.4937,514.3107,536.4755,774.5333,129.7286,0.0,4.135367,5.970413,1.650518,14,32,4,2,0.30180390,0.00515029,0.18333507,0E-8,0.000000,0.926337,0.000000,-0.25520737,2026-04-30,2026-07-22,6,30,29,84,0.071429,3.241968,2.565333,1.006013,,,,,,,,GLOBAL_BASELINE_NO_ENTITY_RANKING,,,NOT_APPLICABLE_GLOBAL_BASELINE,HF9g-P5,,,,X 全窗基线 · 不参与实体赏罚,6876505,688,A168_HF9F_20260827_0900,2026-08-27 09:00:00
2026-07-04,149385773,2288,0,129.0888906101,-129.0888906101,-129.0888906101,0E-7,1,1,0.50665070000000000,0.506650700000,-1.013391052207602,-1.013391052207602,-1.013391052207602,0E-17,ELIGIBLE,R03b_20260811_FULL_v1,L1_ELIGIBILITY,v2026-08-11,2026-03-21..2026-08-06,baccarat_bet02_101_all_pairs_incl_sentinel,round_win = game_pnl > 0 (decisive only),COMPATIBILITY_ONLY_NOT_PRODUCTION,32760.2668,30347.0546,168.7247,153,152,-0.00515029,-0.18333507,0.07187229,-0.00515029,-168.7247,32760.2668,OK,0.0000,6.7490,4.0000,96.0000,AG03-UNRESOLVED,ALL5_LEVELS_bet23_to_bet27,6.7490,6.7490,6.7490,8.4362,8.4362,4.000000,4.000000,4.000000,5.000000,5.000000,96.000000,96.000000,96.000000,95.000000,95.000000,5.0,37.1194,34.0024,131.6053,134.7223,PENDING_AG03,FALSE,NOT_FOR_ENFORCEMENT,161.9757,29133.1724,168.7247,161.9757,6.7490,0.00515029,0.00494427,6.7490,161.9757,0.00494427,6.7490,6.7490,6.7490,8.4362,8.4362,161.9757,0.00494427,37.1194,34.0024,131.6053,134.7223,0.00401722,0.00411237,0.00020601,214.1194,199.6517,1.1100,28.1208,5.6242,5460.0445,25.3333,549.2876,169.4303,77.8372,129.7286,260.4937,514.3107,536.4755,774.5333,129.7286,0.0,4.135367,5.970413,1.650518,14,32,4,2,0.30180390,0.00515029,0.18333507,0E-8,0.000000,0.926337,0.000000,-0.25520737,2026-04-30,2026-07-22,6,30,29,84,0.071429,3.241968,2.565333,1.006013,,,,,,,,GLOBAL_BASELINE_NO_ENTITY_RANKING,,,NOT_APPLICABLE_GLOBAL_BASELINE,HF9g-P5,,,,X 全窗基线 · 不参与实体赏罚,6876506,688,A168_HF9F_20260827_0900,2026-08-27 09:00:00
2026-07-05,149385773,1306,0,511.9665401596,-260.2432034699,-260.2432034699,0.5000000,2,2,0.50665070000000000,0.506650700000,-0.018812684590367487,-0.018812684590367487,-0.018812684590367487,0E-17,ELIGIBLE,R03b_20260811_FULL_v1,L1_ELIGIBILITY,v2026-08-11,2026-03-21..2026-08-06,baccarat_bet02_101_all_pairs_incl_sentinel,round_win = game_pnl > 0 (decisive only),COMPATIBILITY_ONLY_NOT_PRODUCTION,32760.2668,30347.0546,168.7247,153,152,-0.00515029,-0.18333507,0.07187229,-0.00515029,-168.7247,32760.2668,OK,0.0000,6.7490,4.0000,96.0000,AG03-UNRESOLVED,ALL5_LEVELS_bet23_to_bet27,6.7490,6.7490,6.7490,8.4362,8.4362,4.000000,4.000000,4.000000,5.000000,5.000000,96.000000,96.000000,96.000000,95.000000,95.000000,5.0,37.1194,34.0024,131.6053,134.7223,PENDING_AG03,FALSE,NOT_FOR_ENFORCEMENT,161.9757,29133.1724,168.7247,161.9757,6.7490,0.00515029,0.00494427,6.7490,161.9757,0.00494427,6.7490,6.7490,6.7490,8.4362,8.4362,161.9757,0.00494427,37.1194,34.0024,131.6053,134.7223,0.00401722,0.00411237,0.00020601,214.1194,199.6517,1.1100,28.1208,5.6242,5460.0445,25.3333,549.2876,169.4303,77.8372,129.7286,260.4937,514.3107,536.4755,774.5333,129.7286,0.0,4.135367,5.970413,1.650518,14,32,4,2,0.30180390,0.00515029,0.18333507,0E-8,0.000000,0.926337,0.000000,-0.25520737,2026-04-30,2026-07-22,6,30,29,84,0.071429,3.241968,2.565333,1.006013,,,,,,,,GLOBAL_BASELINE_NO_ENTITY_RANKING,,,NOT_APPLICABLE_GLOBAL_BASELINE,HF9g-P5,,,,X 全窗基线 · 不参与实体赏罚,6876507,688,A168_HF9F_20260827_0900,2026-08-27 09:00:00
2026-07-05,149385773,1353,0,129.0888906101,-129.0888906101,-129.0888906101,0E-7,1,1,0.49324550000000000,0.493245500000,-0.9865810262130424,-0.9865810262130424,-0.9865810262130424,0E-17,ELIGIBLE,R03b_20260811_FULL_v1,L1_ELIGIBILITY,v2026-08-11,2026-03-21..2026-08-06,baccarat_bet02_101_all_pairs_incl_sentinel,round_win = game_pnl > 0 (decisive only),COMPATIBILITY_ONLY_NOT_PRODUCTION,32760.2668,30347.0546,168.7247,153,152,-0.00515029,-0.18333507,0.07187229,-0.00515029,-168.7247,32760.2668,OK,0.0000,6.7490,4.0000,96.0000,AG03-UNRESOLVED,ALL5_LEVELS_bet23_to_bet27,6.7490,6.7490,6.7490,8.4362,8.4362,4.000000,4.000000,4.000000,5.000000,5.000000,96.000000,96.000000,96.000000,95.000000,95.000000,5.0,37.1194,34.0024,131.6053,134.7223,PENDING_AG03,FALSE,NOT_FOR_ENFORCEMENT,161.9757,29133.1724,168.7247,161.9757,6.7490,0.00515029,0.00494427,6.7490,161.9757,0.00494427,6.7490,6.7490,6.7490,8.4362,8.4362,161.9757,0.00494427,37.1194,34.0024,131.6053,134.7223,0.00401722,0.00411237,0.00020601,214.1194,199.6517,1.1100,28.1208,5.6242,5460.0445,25.3333,549.2876,169.4303,77.8372,129.7286,260.4937,514.3107,536.4755,774.5333,129.7286,0.0,4.135367,5.970413,1.650518,14,32,4,2,0.30180390,0.00515029,0.18333507,0E-8,0.000000,0.926337,0.000000,-0.25520737,2026-04-30,2026-07-22,6,30,29,84,0.071429,3.241968,2.565333,1.006013,,,,,,,,GLOBAL_BASELINE_NO_ENTITY_RANKING,,,NOT_APPLICABLE_GLOBAL_BASELINE,HF9g-P5,,,,X 全窗基线 · 不参与实体赏罚,6876508,688,A168_HF9F_20260827_0900,2026-08-27 09:00:00
2026-07-05,149385773,1399,0,1438.0502413961,127.0234683604,127.0234683604,0.5714286,7,7,0.50090561428571429,0.500905614286,0.3731730247484194,0.373173024746908,0.3731730247484194,-2.8571E-13,ELIGIBLE,R03b_20260811_FULL_v1,L1_ELIGIBILITY,v2026-08-11,2026-03-21..2026-08-06,baccarat_bet02_101_all_pairs_incl_sentinel,round_win = game_pnl > 0 (decisive only),COMPATIBILITY_ONLY_NOT_PRODUCTION,32760.2668,30347.0546,168.7247,153,152,-0.00515029,-0.18333507,0.07187229,-0.00515029,-168.7247,32760.2668,OK,0.0000,6.7490,4.0000,96.0000,AG03-UNRESOLVED,ALL5_LEVELS_bet23_to_bet27,6.7490,6.7490,6.7490,8.4362,8.4362,4.000000,4.000000,4.000000,5.000000,5.000000,96.000000,96.000000,96.000000,95.000000,95.000000,5.0,37.1194,34.0024,131.6053,134.7223,PENDING_AG03,FALSE,NOT_FOR_ENFORCEMENT,161.9757,29133.1724,168.7247,161.9757,6.7490,0.00515029,0.00494427,6.7490,161.9757,0.00494427,6.7490,6.7490,6.7490,8.4362,8.4362,161.9757,0.00494427,37.1194,34.0024,131.6053,134.7223,0.00401722,0.00411237,0.00020601,214.1194,199.6517,1.1100,28.1208,5.6242,5460.0445,25.3333,549.2876,169.4303,77.8372,129.7286,260.4937,514.3107,536.4755,774.5333,129.7286,0.0,4.135367,5.970413,1.650518,14,32,4,2,0.30180390,0.00515029,0.18333507,0E-8,0.000000,0.926337,0.000000,-0.25520737,2026-04-30,2026-07-22,6,30,29,84,0.071429,3.241968,2.565333,1.006013,,,,,,,,GLOBAL_BASELINE_NO_ENTITY_RANKING,,,NOT_APPLICABLE_GLOBAL_BASELINE,HF9g-P5,,,,X 全窗基线 · 不参与实体赏罚,6876509,688,A168_HF9F_20260827_0900,2026-08-27 09:00:00
2026-07-05,149385773,2167,0,273.6684480934,-141.9977796711,-141.9977796711,0E-7,2,2,0.50665070000000000,0.506650700000,-1.013391052207602,-1.013391052207602,-1.013391052207602,0E-17,ELIGIBLE,R03b_20260811_FULL_v1,L1_ELIGIBILITY,v2026-08-11,2026-03-21..2026-08-06,baccarat_bet02_101_all_pairs_incl_sentinel,round_win = game_pnl > 0 (decisive only),COMPATIBILITY_ONLY_NOT_PRODUCTION,32760.2668,30347.0546,168.7247,153,152,-0.00515029,-0.18333507,0.07187229,-0.00515029,-168.7247,32760.2668,OK,0.0000,6.7490,4.0000,96.0000,AG03-UNRESOLVED,ALL5_LEVELS_bet23_to_bet27,6.7490,6.7490,6.7490,8.4362,8.4362,4.000000,4.000000,4.000000,5.000000,5.000000,96.000000,96.000000,96.000000,95.000000,95.000000,5.0,37.1194,34.0024,131.6053,134.7223,PENDING_AG03,FALSE,NOT_FOR_ENFORCEMENT,161.9757,29133.1724,168.7247,161.9757,6.7490,0.00515029,0.00494427,6.7490,161.9757,0.00494427,6.7490,6.7490,6.7490,8.4362,8.4362,161.9757,0.00494427,37.1194,34.0024,131.6053,134.7223,0.00401722,0.00411237,0.00020601,214.1194,199.6517,1.1100,28.1208,5.6242,5460.0445,25.3333,549.2876,169.4303,77.8372,129.7286,260.4937,514.3107,536.4755,774.5333,129.7286,0.0,4.135367,5.970413,1.650518,14,32,4,2,0.30180390,0.00515029,0.18333507,0E-8,0.000000,0.926337,0.000000,-0.25520737,2026-04-30,2026-07-22,6,30,29,84,0.071429,3.241968,2.565333,1.006013,,,,,,,,GLOBAL_BASELINE_NO_ENTITY_RANKING,,,NOT_APPLICABLE_GLOBAL_BASELINE,HF9g-P5,,,,X 全窗基线 · 不参与实体赏罚,6876510,688,A168_HF9F_20260827_0900,2026-08-27 09:00:00
2026-07-05,149385773,2278,0,129.0888906101,-129.0888906101,-129.0888906101,0E-7,1,1,0.50665070000000000,0.506650700000,-1.013391052207602,-1.013391052207602,-1.013391052207602,0E-17,ELIGIBLE,R03b_20260811_FULL_v1,L1_ELIGIBILITY,v2026-08-11,2026-03-21..2026-08-06,baccarat_bet02_101_all_pairs_incl_sentinel,round_win = game_pnl > 0 (decisive only),COMPATIBILITY_ONLY_NOT_PRODUCTION,32760.2668,30347.0546,168.7247,153,152,-0.00515029,-0.18333507,0.07187229,-0.00515029,-168.7247,32760.2668,OK,0.0000,6.7490,4.0000,96.0000,AG03-UNRESOLVED,ALL5_LEVELS_bet23_to_bet27,6.7490,6.7490,6.7490,8.4362,8.4362,4.000000,4.000000,4.000000,5.000000,5.000000,96.000000,96.000000,96.000000,95.000000,95.000000,5.0,37.1194,34.0024,131.6053,134.7223,PENDING_AG03,FALSE,NOT_FOR_ENFORCEMENT,161.9757,29133.1724,168.7247,161.9757,6.7490,0.00515029,0.00494427,6.7490,161.9757,0.00494427,6.7490,6.7490,6.7490,8.4362,8.4362,161.9757,0.00494427,37.1194,34.0024,131.6053,134.7223,0.00401722,0.00411237,0.00020601,214.1194,199.6517,1.1100,28.1208,5.6242,5460.0445,25.3333,549.2876,169.4303,77.8372,129.7286,260.4937,514.3107,536.4755,774.5333,129.7286,0.0,4.135367,5.970413,1.650518,14,32,4,2,0.30180390,0.00515029,0.18333507,0E-8,0.000000,0.926337,0.000000,-0.25520737,2026-04-30,2026-07-22,6,30,29,84,0.071429,3.241968,2.565333,1.006013,,,,,,,,GLOBAL_BASELINE_NO_ENTITY_RANKING,,,NOT_APPLICABLE_GLOBAL_BASELINE,HF9g-P5,,,,X 全窗基线 · 不参与实体赏罚,6876511,688,A168_HF9F_20260827_0900,2026-08-27 09:00:00
2026-07-22,149385773,1714,0,2478.5066997135,19.3633335915,19.3633335915,0.5000000,5,5,0.50396966000000000,0.503969660000,-0.0158791404612453,-0.0158791404612453,-0.0158791404612453,0E-17,ELIGIBLE,R03b_20260811_FULL_v1,L1_ELIGIBILITY,v2026-08-11,2026-03-21..2026-08-06,baccarat_bet02_101_all_pairs_incl_sentinel,round_win = game_pnl > 0 (decisive only),COMPATIBILITY_ONLY_NOT_PRODUCTION,32760.2668,30347.0546,168.7247,153,152,-0.00515029,-0.18333507,0.07187229,-0.00515029,-168.7247,32760.2668,OK,0.0000,6.7490,4.0000,96.0000,AG03-UNRESOLVED,ALL5_LEVELS_bet23_to_bet27,6.7490,6.7490,6.7490,8.4362,8.4362,4.000000,4.000000,4.000000,5.000000,5.000000,96.000000,96.000000,96.000000,95.000000,95.000000,5.0,37.1194,34.0024,131.6053,134.7223,PENDING_AG03,FALSE,NOT_FOR_ENFORCEMENT,161.9757,29133.1724,168.7247,161.9757,6.7490,0.00515029,0.00494427,6.7490,161.9757,0.00494427,6.7490,6.7490,6.7490,8.4362,8.4362,161.9757,0.00494427,37.1194,34.0024,131.6053,134.7223,0.00401722,0.00411237,0.00020601,214.1194,199.6517,1.1100,28.1208,5.6242,5460.0445,25.3333,549.2876,169.4303,77.8372,129.7286,260.4937,514.3107,536.4755,774.5333,129.7286,0.0,4.135367,5.970413,1.650518,14,32,4,2,0.30180390,0.00515029,0.18333507,0E-8,0.000000,0.926337,0.000000,-0.25520737,2026-04-30,2026-07-22,6,30,29,84,0.071429,3.241968,2.565333,1.006013,,,,,,,,GLOBAL_BASELINE_NO_ENTITY_RANKING,,,NOT_APPLICABLE_GLOBAL_BASELINE,HF9g-P5,,,,X 全窗基线 · 不参与实体赏罚,6876512,688,A168_HF9F_20260827_0900,2026-08-27 09:00:00
2026-07-22,149385773,2121,0,4347.7138357471,-281.4137815299,-281.4137815299,0.4285714,8,7,0.50186312857142857,0.501863128571,-0.38782591521957394,-0.38782591521730486,-0.38782591521957394,4.2857E-13,ELIGIBLE,R03b_20260811_FULL_v1,L1_ELIGIBILITY,v2026-08-11,2026-03-21..2026-08-06,baccarat_bet02_101_all_pairs_incl_sentinel,round_win = game_pnl > 0 (decisive only),COMPATIBILITY_ONLY_NOT_PRODUCTION,32760.2668,30347.0546,168.7247,153,152,-0.00515029,-0.18333507,0.07187229,-0.00515029,-168.7247,32760.2668,OK,0.0000,6.7490,4.0000,96.0000,AG03-UNRESOLVED,ALL5_LEVELS_bet23_to_bet27,6.7490,6.7490,6.7490,8.4362,8.4362,4.000000,4.000000,4.000000,5.000000,5.000000,96.000000,96.000000,96.000000,95.000000,95.000000,5.0,37.1194,34.0024,131.6053,134.7223,PENDING_AG03,FALSE,NOT_FOR_ENFORCEMENT,161.9757,29133.1724,168.7247,161.9757,6.7490,0.00515029,0.00494427,6.7490,161.9757,0.00494427,6.7490,6.7490,6.7490,8.4362,8.4362,161.9757,0.00494427,37.1194,34.0024,131.6053,134.7223,0.00401722,0.00411237,0.00020601,214.1194,199.6517,1.1100,28.1208,5.6242,5460.0445,25.3333,549.2876,169.4303,77.8372,129.7286,260.4937,514.3107,536.4755,774.5333,129.7286,0.0,4.135367,5.970413,1.650518,14,32,4,2,0.30180390,0.00515029,0.18333507,0E-8,0.000000,0.926337,0.000000,-0.25520737,2026-04-30,2026-07-22,6,30,29,84,0.071429,3.241968,2.565333,1.006013,,,,,,,,GLOBAL_BASELINE_NO_ENTITY_RANKING,,,NOT_APPLICABLE_GLOBAL_BASELINE,HF9g-P5,,,,X 全窗基线 · 不参与实体赏罚,6876513,688,A168_HF9F_20260827_0900,2026-08-27 09:00:00
2026-07-22,149385773,2175,0,258.1777812201,-258.1777812201,-258.1777812201,0E-7,1,1,0.50665070000000000,0.506650700000,-1.013391052207602,-1.013391052207602,-1.013391052207602,0E-17,ELIGIBLE,R03b_20260811_FULL_v1,L1_ELIGIBILITY,v2026-08-11,2026-03-21..2026-08-06,baccarat_bet02_101_all_pairs_incl_sentinel,round_win = game_pnl > 0 (decisive only),COMPATIBILITY_ONLY_NOT_PRODUCTION,32760.2668,30347.0546,168.7247,153,152,-0.00515029,-0.18333507,0.07187229,-0.00515029,-168.7247,32760.2668,OK,0.0000,6.7490,4.0000,96.0000,AG03-UNRESOLVED,ALL5_LEVELS_bet23_to_bet27,6.7490,6.7490,6.7490,8.4362,8.4362,4.000000,4.000000,4.000000,5.000000,5.000000,96.000000,96.000000,96.000000,95.000000,95.000000,5.0,37.1194,34.0024,131.6053,134.7223,PENDING_AG03,FALSE,NOT_FOR_ENFORCEMENT,161.9757,29133.1724,168.7247,161.9757,6.7490,0.00515029,0.00494427,6.7490,161.9757,0.00494427,6.7490,6.7490,6.7490,8.4362,8.4362,161.9757,0.00494427,37.1194,34.0024,131.6053,134.7223,0.00401722,0.00411237,0.00020601,214.1194,199.6517,1.1100,28.1208,5.6242,5460.0445,25.3333,549.2876,169.4303,77.8372,129.7286,260.4937,514.3107,536.4755,774.5333,129.7286,0.0,4.135367,5.970413,1.650518,14,32,4,2,0.30180390,0.00515029,0.18333507,0E-8,0.000000,0.926337,0.000000,-0.25520737,2026-04-30,2026-07-22,6,30,29,84,0.071429,3.241968,2.565333,1.006013,,,,,,,,GLOBAL_BASELINE_NO_ENTITY_RANKING,,,NOT_APPLICABLE_GLOBAL_BASELINE,HF9g-P5,,,,X 全窗基线 · 不参与实体赏罚,6876514,688,A168_HF9F_20260827_0900,2026-08-27 09:00:00
2026-07-22,149385773,2218,0,516.3555624403,-516.3555624403,-516.3555624403,0E-7,1,1,0.49324550000000000,0.493245500000,-0.9865810262130424,-0.9865810262130424,-0.9865810262130424,0E-17,ELIGIBLE,R03b_20260811_FULL_v1,L1_ELIGIBILITY,v2026-08-11,2026-03-21..2026-08-06,baccarat_bet02_101_all_pairs_incl_sentinel,round_win = game_pnl > 0 (decisive only),COMPATIBILITY_ONLY_NOT_PRODUCTION,32760.2668,30347.0546,168.7247,153,152,-0.00515029,-0.18333507,0.07187229,-0.00515029,-168.7247,32760.2668,OK,0.0000,6.7490,4.0000,96.0000,AG03-UNRESOLVED,ALL5_LEVELS_bet23_to_bet27,6.7490,6.7490,6.7490,8.4362,8.4362,4.000000,4.000000,4.000000,5.000000,5.000000,96.000000,96.000000,96.000000,95.000000,95.000000,5.0,37.1194,34.0024,131.6053,134.7223,PENDING_AG03,FALSE,NOT_FOR_ENFORCEMENT,161.9757,29133.1724,168.7247,161.9757,6.7490,0.00515029,0.00494427,6.7490,161.9757,0.00494427,6.7490,6.7490,6.7490,8.4362,8.4362,161.9757,0.00494427,37.1194,34.0024,131.6053,134.7223,0.00401722,0.00411237,0.00020601,214.1194,199.6517,1.1100,28.1208,5.6242,5460.0445,25.3333,549.2876,169.4303,77.8372,129.7286,260.4937,514.3107,536.4755,774.5333,129.7286,0.0,4.135367,5.970413,1.650518,14,32,4,2,0.30180390,0.00515029,0.18333507,0E-8,0.000000,0.926337,0.000000,-0.25520737,2026-04-30,2026-07-22,6,30,29,84,0.071429,3.241968,2.565333,1.006013,,,,,,,,GLOBAL_BASELINE_NO_ENTITY_RANKING,,,NOT_APPLICABLE_GLOBAL_BASELINE,HF9g-P5,,,,X 全窗基线 · 不参与实体赏罚,6876515,688,A168_HF9F_20260827_0900,2026-08-27 09:00:00
2026-07-22,149385773,986,0,2286.4224304856,-776.0824103478,-776.0824103478,0.3333333,3,3,0.49771390000000000,0.497713900000,-0.5694369385616226,-0.5694369385616226,-0.5694369385616226,0E-17,ELIGIBLE,R03b_20260811_FULL_v1,L1_ELIGIBILITY,v2026-08-11,2026-03-21..2026-08-06,baccarat_bet02_101_all_pairs_incl_sentinel,round_win = game_pnl > 0 (decisive only),COMPATIBILITY_ONLY_NOT_PRODUCTION,32760.2668,30347.0546,168.7247,153,152,-0.00515029,-0.18333507,0.07187229,-0.00515029,-168.7247,32760.2668,OK,0.0000,6.7490,4.0000,96.0000,AG03-UNRESOLVED,ALL5_LEVELS_bet23_to_bet27,6.7490,6.7490,6.7490,8.4362,8.4362,4.000000,4.000000,4.000000,5.000000,5.000000,96.000000,96.000000,96.000000,95.000000,95.000000,5.0,37.1194,34.0024,131.6053,134.7223,PENDING_AG03,FALSE,NOT_FOR_ENFORCEMENT,161.9757,29133.1724,168.7247,161.9757,6.7490,0.00515029,0.00494427,6.7490,161.9757,0.00494427,6.7490,6.7490,6.7490,8.4362,8.4362,161.9757,0.00494427,37.1194,34.0024,131.6053,134.7223,0.00401722,0.00411237,0.00020601,214.1194,199.6517,1.1100,28.1208,5.6242,5460.0445,25.3333,549.2876,169.4303,77.8372,129.7286,260.4937,514.3107,536.4755,774.5333,129.7286,0.0,4.135367,5.970413,1.650518,14,32,4,2,0.30180390,0.00515029,0.18333507,0E-8,0.000000,0.926337,0.000000,-0.25520737,2026-04-30,2026-07-22,6,30,29,84,0.071429,3.241968,2.565333,1.006013,,,,,,,,GLOBAL_BASELINE_NO_ENTITY_RANKING,,,NOT_APPLICABLE_GLOBAL_BASELINE,HF9g-P5,,,,X 全窗基线 · 不参与实体赏罚,6876516,688,A168_HF9F_20260827_0900,2026-08-27 09:00:00
2026-04-18,148850109,1401,0,73.7882908523,-10.5411844075,-10.5411844075,0.5000000,4,2,0.43581009852925666,0.290670325000,0.18307136006145813,0.6519606504479928,0.18307136006145813,0.14513977352925666,ELIGIBLE,R03b_20260811_FULL_v1,L1_ELIGIBILITY,v2026-08-11,2026-03-21..2026-08-06,baccarat_bet02_101_all_pairs_incl_sentinel,round_win = game_pnl > 0 (decisive only),COMPATIBILITY_ONLY_NOT_PRODUCTION,787.6373,762.3385,168.7327,36,21,-0.21422645,,-0.21422645,-0.21422645,-168.7327,787.6373,OK,0.0000,6.7493,4.0000,96.0000,AG03-UNRESOLVED,ALL5_LEVELS_bet23_to_bet27,6.7493,6.7493,6.7493,6.7493,6.7493,4.000000,4.000000,4.000000,4.000000,4.000000,96.000000,96.000000,96.000000,96.000000,96.000000,5.0,33.7465,31.1527,134.9862,137.5801,PENDING_AG03,FALSE,NOT_FOR_ENFORCEMENT,161.9834,731.8449,168.7327,161.9834,6.7493,0.21422645,0.20565739,6.7493,161.9834,0.20565739,6.7493,6.7493,6.7493,6.7493,6.7493,161.9834,0.20565739,33.7465,31.1527,134.9862,137.5801,0.17138116,0.17467439,0.00856906,21.8788,36.3018,8.0349,168.7327,84.3664,787.6373,21.0000,,21.8788,4.2165,21.0824,35.84,51.6518,52.7059,56.9224,20.7661,-4.2165,2.5,2.7,1.037778,2,3,2,6,0E-8,0.21422645,,0E-8,0.000000,0.967880,0.000000,,2026-04-18,2026-04-18,1,2,2,1,1.000000,,,0.000000,,,,,,,,GLOBAL_BASELINE_NO_ENTITY_RANKING,,,NOT_APPLICABLE_GLOBAL_BASELINE,HF9g-P5,,,,X 全窗基线 · 不参与实体赏罚,6876517,688,A168_HF9F_20260827_0900,2026-08-27 09:00:00
2026-04-18,148850109,1402,0,124.1751523202,-39.8456770602,-39.8456770602,0.5000000,6,4,0.47937894047614402,0.427956041667,0.0825544769417398,0.2912146905511394,0.0825544769417398,0.05142289880914402,ELIGIBLE,R03b_20260811_FULL_v1,L1_ELIGIBILITY,v2026-08-11,2026-03-21..2026-08-06,baccarat_bet02_101_all_pairs_incl_sentinel,round_win = game_pnl > 0 (decisive only),COMPATIBILITY_ONLY_NOT_PRODUCTION,787.6373,762.3385,168.7327,36,21,-0.21422645,,-0.21422645,-0.21422645,-168.7327,787.6373,OK,0.0000,6.7493,4.0000,96.0000,AG03-UNRESOLVED,ALL5_LEVELS_bet23_to_bet27,6.7493,6.7493,6.7493,6.7493,6.7493,4.000000,4.000000,4.000000,4.000000,4.000000,96.000000,96.000000,96.000000,96.000000,96.000000,5.0,33.7465,31.1527,134.9862,137.5801,PENDING_AG03,FALSE,NOT_FOR_ENFORCEMENT,161.9834,731.8449,168.7327,161.9834,6.7493,0.21422645,0.20565739,6.7493,161.9834,0.20565739,6.7493,6.7493,6.7493,6.7493,6.7493,161.9834,0.20565739,33.7465,31.1527,134.9862,137.5801,0.17138116,0.17467439,0.00856906,21.8788,36.3018,8.0349,168.7327,84.3664,787.6373,21.0000,,21.8788,4.2165,21.0824,35.84,51.6518,52.7059,56.9224,20.7661,-4.2165,2.5,2.7,1.037778,2,3,2,6,0E-8,0.21422645,,0E-8,0.000000,0.967880,0.000000,,2026-04-18,2026-04-18,1,2,2,1,1.000000,,,0.000000,,,,,,,,GLOBAL_BASELINE_NO_ENTITY_RANKING,,,NOT_APPLICABLE_GLOBAL_BASELINE,HF9g-P5,,,,X 全窗基线 · 不参与实体赏罚,6876518,688,A168_HF9F_20260827_0900,2026-08-27 09:00:00
2026-04-18,148850109,2101,0,589.6738557545,-118.3458773428,-118.3458773428,0.4000000,26,15,0.43979595909297301,0.371774312222,-0.31051734870723985,0.22620001432039122,-0.31051734870723985,0.06802164687097301,ELIGIBLE,R03b_20260811_FULL_v1,L1_ELIGIBILITY,v2026-08-11,2026-03-21..2026-08-06,baccarat_bet02_101_all_pairs_incl_sentinel,round_win = game_pnl > 0 (decisive only),COMPATIBILITY_ONLY_NOT_PRODUCTION,787.6373,762.3385,168.7327,36,21,-0.21422645,,-0.21422645,-0.21422645,-168.7327,787.6373,OK,0.0000,6.7493,4.0000,96.0000,AG03-UNRESOLVED,ALL5_LEVELS_bet23_to_bet27,6.7493,6.7493,6.7493,6.7493,6.7493,4.000000,4.000000,4.000000,4.000000,4.000000,96.000000,96.000000,96.000000,96.000000,96.000000,5.0,33.7465,31.1527,134.9862,137.5801,PENDING_AG03,FALSE,NOT_FOR_ENFORCEMENT,161.9834,731.8449,168.7327,161.9834,6.7493,0.21422645,0.20565739,6.7493,161.9834,0.20565739,6.7493,6.7493,6.7493,6.7493,6.7493,161.9834,0.20565739,33.7465,31.1527,134.9862,137.5801,0.17138116,0.17467439,0.00856906,21.8788,36.3018,8.0349,168.7327,84.3664,787.6373,21.0000,,21.8788,4.2165,21.0824,35.84,51.6518,52.7059,56.9224,20.7661,-4.2165,2.5,2.7,1.037778,2,3,2,6,0E-8,0.21422645,,0E-8,0.000000,0.967880,0.000000,,2026-04-18,2026-04-18,1,2,2,1,1.000000,,,0.000000,,,,,,,,GLOBAL_BASELINE_NO_ENTITY_RANKING,,,NOT_APPLICABLE_GLOBAL_BASELINE,HF9g-P5,,,,X 全窗基线 · 不参与实体赏罚,6876519,688,A168_HF9F_20260827_0900,2026-08-27 09:00:00
2026-05-10,149816921,2201,0,43.1481419542,-16.6683390753,-16.6683390753,0.3333333,6,6,0.49994810000000000,0.499948100000,-0.8162423282897021,-0.8162423282897021,-0.8162423282897021,0E-17,ELIGIBLE,R03b_20260811_FULL_v1,L1_ELIGIBILITY,v2026-08-11,2026-03-21..2026-08-06,baccarat_bet02_101_all_pairs_incl_sentinel,round_win = game_pnl > 0 (decisive only),COMPATIBILITY_ONLY_NOT_PRODUCTION,762.1365,691.5873,168.7344,85,85,-0.22139653,-0.11311325,-0.41099769,-0.22139653,-168.7344,762.1365,OK,0.0000,6.7494,4.0000,96.0000,AG03-UNRESOLVED,ALL5_LEVELS_bet23_to_bet27,6.7494,6.7494,6.7494,8.4367,8.4367,4.000000,4.000000,4.000000,5.000000,5.000000,96.000000,96.000000,96.000000,95.000000,95.000000,5.0,37.1216,34.0043,131.6128,134.73,PENDING_AG03,FALSE,NOT_FOR_ENFORCEMENT,161.9850,663.9239,168.7344,161.9850,6.7494,0.22139653,0.21254066,6.7494,161.9850,0.21254066,6.7494,6.7494,6.7494,8.4367,8.4367,161.9850,0.21254066,37.1216,34.0043,131.6128,134.73,0.17268929,0.17677942,0.00885586,8.9663,8.1363,1.9851,11.2490,4.9628,50.8091,5.6667,10.5455,7.1037,5.5034,7.7324,11.0639,16.5614,19.6072,24.1876,7.7287,0.0,2.535714,3.128075,1.159575,18,28,18,2,0.63649234,0.22139653,0.11311325,0E-8,0.000000,0.907432,0.000000,0.29788444,2026-05-10,2026-08-06,15,34,33,89,0.168539,1.484521,1.176127,2.121641,,,,,,,,GLOBAL_BASELINE_NO_ENTITY_RANKING,,,NOT_APPLICABLE_GLOBAL_BASELINE,HF9g-P5,,,,X 全窗基线 · 不参与实体赏罚,6876520,688,A168_HF9F_20260827_0900,2026-08-27 09:00:00
2026-06-02,149816921,-1,1,9.9061120711,-7.7047538331,-7.7047538331,0.3333333,3,3,0.49771390000000000,0.497713900000,-0.5694369385616226,-0.5694369385616226,-0.5694369385616226,0E-17,SENTINEL_DEALER,R03b_20260811_FULL_v1,L1_ELIGIBILITY,v2026-08-11,2026-03-21..2026-08-06,baccarat_bet02_101_all_pairs_incl_sentinel,round_win = game_pnl > 0 (decisive only),COMPATIBILITY_ONLY_NOT_PRODUCTION,762.1365,691.5873,168.7344,85,85,-0.22139653,-0.11311325,-0.41099769,-0.22139653,-168.7344,762.1365,OK,0.0000,6.7494,4.0000,96.0000,AG03-UNRESOLVED,ALL5_LEVELS_bet23_to_bet27,6.7494,6.7494,6.7494,8.4367,8.4367,4.000000,4.000000,4.000000,5.000000,5.000000,96.000000,96.000000,96.000000,95.000000,95.000000,5.0,37.1216,34.0043,131.6128,134.73,PENDING_AG03,FALSE,NOT_FOR_ENFORCEMENT,161.9850,663.9239,168.7344,161.9850,6.7494,0.22139653,0.21254066,6.7494,161.9850,0.21254066,6.7494,6.7494,6.7494,8.4367,8.4367,161.9850,0.21254066,37.1216,34.0043,131.6128,134.73,0.17268929,0.17677942,0.00885586,8.9663,8.1363,1.9851,11.2490,4.9628,50.8091,5.6667,10.5455,7.1037,5.5034,7.7324,11.0639,16.5614,19.6072,24.1876,7.7287,0.0,2.535714,3.128075,1.159575,18,28,18,2,0.63649234,0.22139653,0.11311325,0E-8,0.000000,0.907432,0.000000,0.29788444,2026-05-10,2026-08-06,15,34,33,89,0.168539,1.484521,1.176127,2.121641,,,,,,,,GLOBAL_BASELINE_NO_ENTITY_RANKING,,,NOT_APPLICABLE_GLOBAL_BASELINE,HF9g-P5,,,,X 全窗基线 · 不参与实体赏罚,6876521,688,A168_HF9F_20260827_0900,2026-08-27 09:00:00
2026-06-02,149816921,2241,0,3.3020373570,3.3020373570,3.3020373570,1.0000000,1,1,0.49324550000000000,0.493245500000,1.01360149184955,1.01360149184955,1.01360149184955,0E-17,ELIGIBLE,R03b_20260811_FULL_v1,L1_ELIGIBILITY,v2026-08-11,2026-03-21..2026-08-06,baccarat_bet02_101_all_pairs_incl_sentinel,round_win = game_pnl > 0 (decisive only),COMPATIBILITY_ONLY_NOT_PRODUCTION,762.1365,691.5873,168.7344,85,85,-0.22139653,-0.11311325,-0.41099769,-0.22139653,-168.7344,762.1365,OK,0.0000,6.7494,4.0000,96.0000,AG03-UNRESOLVED,ALL5_LEVELS_bet23_to_bet27,6.7494,6.7494,6.7494,8.4367,8.4367,4.000000,4.000000,4.000000,5.000000,5.000000,96.000000,96.000000,96.000000,95.000000,95.000000,5.0,37.1216,34.0043,131.6128,134.73,PENDING_AG03,FALSE,NOT_FOR_ENFORCEMENT,161.9850,663.9239,168.7344,161.9850,6.7494,0.22139653,0.21254066,6.7494,161.9850,0.21254066,6.7494,6.7494,6.7494,8.4367,8.4367,161.9850,0.21254066,37.1216,34.0043,131.6128,134.73,0.17268929,0.17677942,0.00885586,8.9663,8.1363,1.9851,11.2490,4.9628,50.8091,5.6667,10.5455,7.1037,5.5034,7.7324,11.0639,16.5614,19.6072,24.1876,7.7287,0.0,2.535714,3.128075,1.159575,18,28,18,2,0.63649234,0.22139653,0.11311325,0E-8,0.000000,0.907432,0.000000,0.29788444,2026-05-10,2026-08-06,15,34,33,89,0.168539,1.484521,1.176127,2.121641,,,,,,,,GLOBAL_BASELINE_NO_ENTITY_RANKING,,,NOT_APPLICABLE_GLOBAL_BASELINE,HF9g-P5,,,,X 全窗基线 · 不参与实体赏罚,6876522,688,A168_HF9F_20260827_0900,2026-08-27 09:00:00
2026-06-03,149816921,1299,0,10.6765874545,-10.6765874545,-10.6765874545,0E-7,1,1,0.50665070000000000,0.506650700000,-1.013391052207602,-1.013391052207602,-1.013391052207602,0E-17,ELIGIBLE,R03b_20260811_FULL_v1,L1_ELIGIBILITY,v2026-08-11,2026-03-21..2026-08-06,baccarat_bet02_101_all_pairs_incl_sentinel,round_win = game_pnl > 0 (decisive only),COMPATIBILITY_ONLY_NOT_PRODUCTION,762.1365,691.5873,168.7344,85,85,-0.22139653,-0.11311325,-0.41099769,-0.22139653,-168.7344,762.1365,OK,0.0000,6.7494,4.0000,96.0000,AG03-UNRESOLVED,ALL5_LEVELS_bet23_to_bet27,6.7494,6.7494,6.7494,8.4367,8.4367,4.000000,4.000000,4.000000,5.000000,5.000000,96.000000,96.000000,96.000000,95.000000,95.000000,5.0,37.1216,34.0043,131.6128,134.73,PENDING_AG03,FALSE,NOT_FOR_ENFORCEMENT,161.9850,663.9239,168.7344,161.9850,6.7494,0.22139653,0.21254066,6.7494,161.9850,0.21254066,6.7494,6.7494,6.7494,8.4367,8.4367,161.9850,0.21254066,37.1216,34.0043,131.6128,134.73,0.17268929,0.17677942,0.00885586,8.9663,8.1363,1.9851,11.2490,4.9628,50.8091,5.6667,10.5455,7.1037,5.5034,7.7324,11.0639,16.5614,19.6072,24.1876,7.7287,0.0,2.535714,3.128075,1.159575,18,28,18,2,0.63649234,0.22139653,0.11311325,0E-8,0.000000,0.907432,0.000000,0.29788444,2026-05-10,2026-08-06,15,34,33,89,0.168539,1.484521,1.176127,2.121641,,,,,,,,GLOBAL_BASELINE_NO_ENTITY_RANKING,,,NOT_APPLICABLE_GLOBAL_BASELINE,HF9g-P5,,,,X 全窗基线 · 不参与实体赏罚,6876523,688,A168_HF9F_20260827_0900,2026-08-27 09:00:00
2026-06-03,149816921,2145,0,5.5033955951,5.2282258153,5.2282258153,1.0000000,1,1,0.50665070000000000,0.506650700000,0.9867858985152569,0.9867858985152569,0.9867858985152569,0E-17,ELIGIBLE,R03b_20260811_FULL_v1,L1_ELIGIBILITY,v2026-08-11,2026-03-21..2026-08-06,baccarat_bet02_101_all_pairs_incl_sentinel,round_win = game_pnl > 0 (decisive only),COMPATIBILITY_ONLY_NOT_PRODUCTION,762.1365,691.5873,168.7344,85,85,-0.22139653,-0.11311325,-0.41099769,-0.22139653,-168.7344,762.1365,OK,0.0000,6.7494,4.0000,96.0000,AG03-UNRESOLVED,ALL5_LEVELS_bet23_to_bet27,6.7494,6.7494,6.7494,8.4367,8.4367,4.000000,4.000000,4.000000,5.000000,5.000000,96.000000,96.000000,96.000000,95.000000,95.000000,5.0,37.1216,34.0043,131.6128,134.73,PENDING_AG03,FALSE,NOT_FOR_ENFORCEMENT,161.9850,663.9239,168.7344,161.9850,6.7494,0.22139653,0.21254066,6.7494,161.9850,0.21254066,6.7494,6.7494,6.7494,8.4367,8.4367,161.9850,0.21254066,37.1216,34.0043,131.6128,134.73,0.17268929,0.17677942,0.00885586,8.9663,8.1363,1.9851,11.2490,4.9628,50.8091,5.6667,10.5455,7.1037,5.5034,7.7324,11.0639,16.5614,19.6072,24.1876,7.7287,0.0,2.535714,3.128075,1.159575,18,28,18,2,0.63649234,0.22139653,0.11311325,0E-8,0.000000,0.907432,0.000000,0.29788444,2026-05-10,2026-08-06,15,34,33,89,0.168539,1.484521,1.176127,2.121641,,,,,,,,GLOBAL_BASELINE_NO_ENTITY_RANKING,,,NOT_APPLICABLE_GLOBAL_BASELINE,HF9g-P5,,,,X 全窗基线 · 不参与实体赏罚,6876524,688,A168_HF9F_20260827_0900,2026-08-27 09:00:00
2026-06-03,149816921,2229,0,50.5211715628,-4.9530560356,-4.9530560356,0.6000000,5,5,0.49592654000000000,0.495926540000,0.46544610904919037,0.46544610904919037,0.46544610904919037,0E-17,ELIGIBLE,R03b_20260811_FULL_v1,L1_ELIGIBILITY,v2026-08-11,2026-03-21..2026-08-06,baccarat_bet02_101_all_pairs_incl_sentinel,round_win = game_pnl > 0 (decisive only),COMPATIBILITY_ONLY_NOT_PRODUCTION,762.1365,691.5873,168.7344,85,85,-0.22139653,-0.11311325,-0.41099769,-0.22139653,-168.7344,762.1365,OK,0.0000,6.7494,4.0000,96.0000,AG03-UNRESOLVED,ALL5_LEVELS_bet23_to_bet27,6.7494,6.7494,6.7494,8.4367,8.4367,4.000000,4.000000,4.000000,5.000000,5.000000,96.000000,96.000000,96.000000,95.000000,95.000000,5.0,37.1216,34.0043,131.6128,134.73,PENDING_AG03,FALSE,NOT_FOR_ENFORCEMENT,161.9850,663.9239,168.7344,161.9850,6.7494,0.22139653,0.21254066,6.7494,161.9850,0.21254066,6.7494,6.7494,6.7494,8.4367,8.4367,161.9850,0.21254066,37.1216,34.0043,131.6128,134.73,0.17268929,0.17677942,0.00885586,8.9663,8.1363,1.9851,11.2490,4.9628,50.8091,5.6667,10.5455,7.1037,5.5034,7.7324,11.0639,16.5614,19.6072,24.1876,7.7287,0.0,2.535714,3.128075,1.159575,18,28,18,2,0.63649234,0.22139653,0.11311325,0E-8,0.000000,0.907432,0.000000,0.29788444,2026-05-10,2026-08-06,15,34,33,89,0.168539,1.484521,1.176127,2.121641,,,,,,,,GLOBAL_BASELINE_NO_ENTITY_RANKING,,,NOT_APPLICABLE_GLOBAL_BASELINE,HF9g-P5,,,,X 全窗基线 · 不参与实体赏罚,6876525,688,A168_HF9F_20260827_0900,2026-08-27 09:00:00
2026-06-09,149816921,1353,0,9.3557725116,-9.3557725116,-9.3557725116,0E-7,1,1,0.50665070000000000,0.506650700000,-1.013391052207602,-1.013391052207602,-1.013391052207602,0E-17,ELIGIBLE,R03b_20260811_FULL_v1,L1_ELIGIBILITY,v2026-08-11,2026-03-21..2026-08-06,baccarat_bet02_101_all_pairs_incl_sentinel,round_win = game_pnl > 0 (decisive only),COMPATIBILITY_ONLY_NOT_PRODUCTION,762.1365,691.5873,168.7344,85,85,-0.22139653,-0.11311325,-0.41099769,-0.22139653,-168.7344,762.1365,OK,0.0000,6.7494,4.0000,96.0000,AG03-UNRESOLVED,ALL5_LEVELS_bet23_to_bet27,6.7494,6.7494,6.7494,8.4367,8.4367,4.000000,4.000000,4.000000,5.000000,5.000000,96.000000,96.000000,96.000000,95.000000,95.000000,5.0,37.1216,34.0043,131.6128,134.73,PENDING_AG03,FALSE,NOT_FOR_ENFORCEMENT,161.9850,663.9239,168.7344,161.9850,6.7494,0.22139653,0.21254066,6.7494,161.9850,0.21254066,6.7494,6.7494,6.7494,8.4367,8.4367,161.9850,0.21254066,37.1216,34.0043,131.6128,134.73,0.17268929,0.17677942,0.00885586,8.9663,8.1363,1.9851,11.2490,4.9628,50.8091,5.6667,10.5455,7.1037,5.5034,7.7324,11.0639,16.5614,19.6072,24.1876,7.7287,0.0,2.535714,3.128075,1.159575,18,28,18,2,0.63649234,0.22139653,0.11311325,0E-8,0.000000,0.907432,0.000000,0.29788444,2026-05-10,2026-08-06,15,34,33,89,0.168539,1.484521,1.176127,2.121641,,,,,,,,GLOBAL_BASELINE_NO_ENTITY_RANKING,,,NOT_APPLICABLE_GLOBAL_BASELINE,HF9g-P5,,,,X 全窗基线 · 不参与实体赏罚,6876526,688,A168_HF9F_20260827_0900,2026-08-27 09:00:00
2026-06-09,149816921,1994,0,8.8054329521,-8.8054329521,-8.8054329521,0E-7,1,1,0.49324550000000000,0.493245500000,-0.9865810262130424,-0.9865810262130424,-0.9865810262130424,0E-17,ELIGIBLE,R03b_20260811_FULL_v1,L1_ELIGIBILITY,v2026-08-11,2026-03-21..2026-08-06,baccarat_bet02_101_all_pairs_incl_sentinel,round_win = game_pnl > 0 (decisive only),COMPATIBILITY_ONLY_NOT_PRODUCTION,762.1365,691.5873,168.7344,85,85,-0.22139653,-0.11311325,-0.41099769,-0.22139653,-168.7344,762.1365,OK,0.0000,6.7494,4.0000,96.0000,AG03-UNRESOLVED,ALL5_LEVELS_bet23_to_bet27,6.7494,6.7494,6.7494,8.4367,8.4367,4.000000,4.000000,4.000000,5.000000,5.000000,96.000000,96.000000,96.000000,95.000000,95.000000,5.0,37.1216,34.0043,131.6128,134.73,PENDING_AG03,FALSE,NOT_FOR_ENFORCEMENT,161.9850,663.9239,168.7344,161.9850,6.7494,0.22139653,0.21254066,6.7494,161.9850,0.21254066,6.7494,6.7494,6.7494,8.4367,8.4367,161.9850,0.21254066,37.1216,34.0043,131.6128,134.73,0.17268929,0.17677942,0.00885586,8.9663,8.1363,1.9851,11.2490,4.9628,50.8091,5.6667,10.5455,7.1037,5.5034,7.7324,11.0639,16.5614,19.6072,24.1876,7.7287,0.0,2.535714,3.128075,1.159575,18,28,18,2,0.63649234,0.22139653,0.11311325,0E-8,0.000000,0.907432,0.000000,0.29788444,2026-05-10,2026-08-06,15,34,33,89,0.168539,1.484521,1.176127,2.121641,,,,,,,,GLOBAL_BASELINE_NO_ENTITY_RANKING,,,NOT_APPLICABLE_GLOBAL_BASELINE,HF9g-P5,,,,X 全窗基线 · 不参与实体赏罚,6876527,688,A168_HF9F_20260827_0900,2026-08-27 09:00:00
2026-06-17,149816921,-1,1,2.2013582380,-2.2013582380,-2.2013582380,0E-7,1,1,0.50665070000000000,0.506650700000,-1.013391052207602,-1.013391052207602,-1.013391052207602,0E-17,SENTINEL_DEALER,R03b_20260811_FULL_v1,L1_ELIGIBILITY,v2026-08-11,2026-03-21..2026-08-06,baccarat_bet02_101_all_pairs_incl_sentinel,round_win = game_pnl > 0 (decisive only),COMPATIBILITY_ONLY_NOT_PRODUCTION,762.1365,691.5873,168.7344,85,85,-0.22139653,-0.11311325,-0.41099769,-0.22139653,-168.7344,762.1365,OK,0.0000,6.7494,4.0000,96.0000,AG03-UNRESOLVED,ALL5_LEVELS_bet23_to_bet27,6.7494,6.7494,6.7494,8.4367,8.4367,4.000000,4.000000,4.000000,5.000000,5.000000,96.000000,96.000000,96.000000,95.000000,95.000000,5.0,37.1216,34.0043,131.6128,134.73,PENDING_AG03,FALSE,NOT_FOR_ENFORCEMENT,161.9850,663.9239,168.7344,161.9850,6.7494,0.22139653,0.21254066,6.7494,161.9850,0.21254066,6.7494,6.7494,6.7494,8.4367,8.4367,161.9850,0.21254066,37.1216,34.0043,131.6128,134.73,0.17268929,0.17677942,0.00885586,8.9663,8.1363,1.9851,11.2490,4.9628,50.8091,5.6667,10.5455,7.1037,5.5034,7.7324,11.0639,16.5614,19.6072,24.1876,7.7287,0.0,2.535714,3.128075,1.159575,18,28,18,2,0.63649234,0.22139653,0.11311325,0E-8,0.000000,0.907432,0.000000,0.29788444,2026-05-10,2026-08-06,15,34,33,89,0.168539,1.484521,1.176127,2.121641,,,,,,,,GLOBAL_BASELINE_NO_ENTITY_RANKING,,,NOT_APPLICABLE_GLOBAL_BASELINE,HF9g-P5,,,,X 全窗基线 · 不参与实体赏罚,6876528,688,A168_HF9F_20260827_0900,2026-08-27 09:00:00
2026-06-17,149816921,1302,0,18.7115450233,-18.7115450233,-18.7115450233,0E-7,1,1,0.49324550000000000,0.493245500000,-0.9865810262130424,-0.9865810262130424,-0.9865810262130424,0E-17,ELIGIBLE,R03b_20260811_FULL_v1,L1_ELIGIBILITY,v2026-08-11,2026-03-21..2026-08-06,baccarat_bet02_101_all_pairs_incl_sentinel,round_win = game_pnl > 0 (decisive only),COMPATIBILITY_ONLY_NOT_PRODUCTION,762.1365,691.5873,168.7344,85,85,-0.22139653,-0.11311325,-0.41099769,-0.22139653,-168.7344,762.1365,OK,0.0000,6.7494,4.0000,96.0000,AG03-UNRESOLVED,ALL5_LEVELS_bet23_to_bet27,6.7494,6.7494,6.7494,8.4367,8.4367,4.000000,4.000000,4.000000,5.000000,5.000000,96.000000,96.000000,96.000000,95.000000,95.000000,5.0,37.1216,34.0043,131.6128,134.73,PENDING_AG03,FALSE,NOT_FOR_ENFORCEMENT,161.9850,663.9239,168.7344,161.9850,6.7494,0.22139653,0.21254066,6.7494,161.9850,0.21254066,6.7494,6.7494,6.7494,8.4367,8.4367,161.9850,0.21254066,37.1216,34.0043,131.6128,134.73,0.17268929,0.17677942,0.00885586,8.9663,8.1363,1.9851,11.2490,4.9628,50.8091,5.6667,10.5455,7.1037,5.5034,7.7324,11.0639,16.5614,19.6072,24.1876,7.7287,0.0,2.535714,3.128075,1.159575,18,28,18,2,0.63649234,0.22139653,0.11311325,0E-8,0.000000,0.907432,0.000000,0.29788444,2026-05-10,2026-08-06,15,34,33,89,0.168539,1.484521,1.176127,2.121641,,,,,,,,GLOBAL_BASELINE_NO_ENTITY_RANKING,,,NOT_APPLICABLE_GLOBAL_BASELINE,HF9g-P5,,,,X 全窗基线 · 不参与实体赏罚,6876529,688,A168_HF9F_20260827_0900,2026-08-27 09:00:00
2026-06-17,149816921,1985,0,5.5033955951,-5.5033955951,-5.5033955951,0E-7,1,1,0.49324550000000000,0.493245500000,-0.9865810262130424,-0.9865810262130424,-0.9865810262130424,0E-17,ELIGIBLE,R03b_20260811_FULL_v1,L1_ELIGIBILITY,v2026-08-11,2026-03-21..2026-08-06,baccarat_bet02_101_all_pairs_incl_sentinel,round_win = game_pnl > 0 (decisive only),COMPATIBILITY_ONLY_NOT_PRODUCTION,762.1365,691.5873,168.7344,85,85,-0.22139653,-0.11311325,-0.41099769,-0.22139653,-168.7344,762.1365,OK,0.0000,6.7494,4.0000,96.0000,AG03-UNRESOLVED,ALL5_LEVELS_bet23_to_bet27,6.7494,6.7494,6.7494,8.4367,8.4367,4.000000,4.000000,4.000000,5.000000,5.000000,96.000000,96.000000,96.000000,95.000000,95.000000,5.0,37.1216,34.0043,131.6128,134.73,PENDING_AG03,FALSE,NOT_FOR_ENFORCEMENT,161.9850,663.9239,168.7344,161.9850,6.7494,0.22139653,0.21254066,6.7494,161.9850,0.21254066,6.7494,6.7494,6.7494,8.4367,8.4367,161.9850,0.21254066,37.1216,34.0043,131.6128,134.73,0.17268929,0.17677942,0.00885586,8.9663,8.1363,1.9851,11.2490,4.9628,50.8091,5.6667,10.5455,7.1037,5.5034,7.7324,11.0639,16.5614,19.6072,24.1876,7.7287,0.0,2.535714,3.128075,1.159575,18,28,18,2,0.63649234,0.22139653,0.11311325,0E-8,0.000000,0.907432,0.000000,0.29788444,2026-05-10,2026-08-06,15,34,33,89,0.168539,1.484521,1.176127,2.121641,,,,,,,,GLOBAL_BASELINE_NO_ENTITY_RANKING,,,NOT_APPLICABLE_GLOBAL_BASELINE,HF9g-P5,,,,X 全窗基线 · 不参与实体赏罚,6876530,688,A168_HF9F_20260827_0900,2026-08-27 09:00:00
2026-06-17,149816921,2251,0,48.8701528844,-4.2431180039,-4.2431180039,0.6000000,6,6,0.50441650000000000,0.504416500000,0.42747908374280613,0.42747908374280613,0.42747908374280613,0E-17,ELIGIBLE,R03b_20260811_FULL_v1,L1_ELIGIBILITY,v2026-08-11,2026-03-21..2026-08-06,baccarat_bet02_101_all_pairs_incl_sentinel,round_win = game_pnl > 0 (decisive only),COMPATIBILITY_ONLY_NOT_PRODUCTION,762.1365,691.5873,168.7344,85,85,-0.22139653,-0.11311325,-0.41099769,-0.22139653,-168.7344,762.1365,OK,0.0000,6.7494,4.0000,96.0000,AG03-UNRESOLVED,ALL5_LEVELS_bet23_to_bet27,6.7494,6.7494,6.7494,8.4367,8.4367,4.000000,4.000000,4.000000,5.000000,5.000000,96.000000,96.000000,96.000000,95.000000,95.000000,5.0,37.1216,34.0043,131.6128,134.73,PENDING_AG03,FALSE,NOT_FOR_ENFORCEMENT,161.9850,663.9239,168.7344,161.9850,6.7494,0.22139653,0.21254066,6.7494,161.9850,0.21254066,6.7494,6.7494,6.7494,8.4367,8.4367,161.9850,0.21254066,37.1216,34.0043,131.6128,134.73,0.17268929,0.17677942,0.00885586,8.9663,8.1363,1.9851,11.2490,4.9628,50.8091,5.6667,10.5455,7.1037,5.5034,7.7324,11.0639,16.5614,19.6072,24.1876,7.7287,0.0,2.535714,3.128075,1.159575,18,28,18,2,0.63649234,0.22139653,0.11311325,0E-8,0.000000,0.907432,0.000000,0.29788444,2026-05-10,2026-08-06,15,34,33,89,0.168539,1.484521,1.176127,2.121641,,,,,,,,GLOBAL_BASELINE_NO_ENTITY_RANKING,,,NOT_APPLICABLE_GLOBAL_BASELINE,HF9g-P5,,,,X 全窗基线 · 不参与实体赏罚,6876531,688,A168_HF9F_20260827_0900,2026-08-27 09:00:00
2026-06-18,149816921,1940,0,4.5127843880,-4.5127843880,-4.5127843880,0E-7,1,1,0.50665070000000000,0.506650700000,-1.013391052207602,-1.013391052207602,-1.013391052207602,0E-17,ELIGIBLE,R03b_20260811_FULL_v1,L1_ELIGIBILITY,v2026-08-11,2026-03-21..2026-08-06,baccarat_bet02_101_all_pairs_incl_sentinel,round_win = game_pnl > 0 (decisive only),COMPATIBILITY_ONLY_NOT_PRODUCTION,762.1365,691.5873,168.7344,85,85,-0.22139653,-0.11311325,-0.41099769,-0.22139653,-168.7344,762.1365,OK,0.0000,6.7494,4.0000,96.0000,AG03-UNRESOLVED,ALL5_LEVELS_bet23_to_bet27,6.7494,6.7494,6.7494,8.4367,8.4367,4.000000,4.000000,4.000000,5.000000,5.000000,96.000000,96.000000,96.000000,95.000000,95.000000,5.0,37.1216,34.0043,131.6128,134.73,PENDING_AG03,FALSE,NOT_FOR_ENFORCEMENT,161.9850,663.9239,168.7344,161.9850,6.7494,0.22139653,0.21254066,6.7494,161.9850,0.21254066,6.7494,6.7494,6.7494,8.4367,8.4367,161.9850,0.21254066,37.1216,34.0043,131.6128,134.73,0.17268929,0.17677942,0.00885586,8.9663,8.1363,1.9851,11.2490,4.9628,50.8091,5.6667,10.5455,7.1037,5.5034,7.7324,11.0639,16.5614,19.6072,24.1876,7.7287,0.0,2.535714,3.128075,1.159575,18,28,18,2,0.63649234,0.22139653,0.11311325,0E-8,0.000000,0.907432,0.000000,0.29788444,2026-05-10,2026-08-06,15,34,33,89,0.168539,1.484521,1.176127,2.121641,,,,,,,,GLOBAL_BASELINE_NO_ENTITY_RANKING,,,NOT_APPLICABLE_GLOBAL_BASELINE,HF9g-P5,,,,X 全窗基线 · 不参与实体赏罚,6876532,688,A168_HF9F_20260827_0900,2026-08-27 09:00:00
2026-06-18,149816921,2271,0,8.9155008640,-2.9718336214,-2.9718336214,0.5000000,2,2,0.49994810000000000,0.499948100000,0.00014679536856514622,0.00014679536856514622,0.00014679536856514622,0E-17,ELIGIBLE,R03b_20260811_FULL_v1,L1_ELIGIBILITY,v2026-08-11,2026-03-21..2026-08-06,baccarat_bet02_101_all_pairs_incl_sentinel,round_win = game_pnl > 0 (decisive only),COMPATIBILITY_ONLY_NOT_PRODUCTION,762.1365,691.5873,168.7344,85,85,-0.22139653,-0.11311325,-0.41099769,-0.22139653,-168.7344,762.1365,OK,0.0000,6.7494,4.0000,96.0000,AG03-UNRESOLVED,ALL5_LEVELS_bet23_to_bet27,6.7494,6.7494,6.7494,8.4367,8.4367,4.000000,4.000000,4.000000,5.000000,5.000000,96.000000,96.000000,96.000000,95.000000,95.000000,5.0,37.1216,34.0043,131.6128,134.73,PENDING_AG03,FALSE,NOT_FOR_ENFORCEMENT,161.9850,663.9239,168.7344,161.9850,6.7494,0.22139653,0.21254066,6.7494,161.9850,0.21254066,6.7494,6.7494,6.7494,8.4367,8.4367,161.9850,0.21254066,37.1216,34.0043,131.6128,134.73,0.17268929,0.17677942,0.00885586,8.9663,8.1363,1.9851,11.2490,4.9628,50.8091,5.6667,10.5455,7.1037,5.5034,7.7324,11.0639,16.5614,19.6072,24.1876,7.7287,0.0,2.535714,3.128075,1.159575,18,28,18,2,0.63649234,0.22139653,0.11311325,0E-8,0.000000,0.907432,0.000000,0.29788444,2026-05-10,2026-08-06,15,34,33,89,0.168539,1.484521,1.176127,2.121641,,,,,,,,GLOBAL_BASELINE_NO_ENTITY_RANKING,,,NOT_APPLICABLE_GLOBAL_BASELINE,HF9g-P5,,,,X 全窗基线 · 不参与实体赏罚,6876533,688,A168_HF9F_20260827_0900,2026-08-27 09:00:00
2026-06-19,149816921,1646,0,7.4846180093,-1.8711545024,-1.8711545024,0.5000000,3,3,0.49324550000000000,0.493245500000,0.01910635448239258,0.01910635448239258,0.01910635448239258,0E-17,ELIGIBLE,R03b_20260811_FULL_v1,L1_ELIGIBILITY,v2026-08-11,2026-03-21..2026-08-06,baccarat_bet02_101_all_pairs_incl_sentinel,round_win = game_pnl > 0 (decisive only),COMPATIBILITY_ONLY_NOT_PRODUCTION,762.1365,691.5873,168.7344,85,85,-0.22139653,-0.11311325,-0.41099769,-0.22139653,-168.7344,762.1365,OK,0.0000,6.7494,4.0000,96.0000,AG03-UNRESOLVED,ALL5_LEVELS_bet23_to_bet27,6.7494,6.7494,6.7494,8.4367,8.4367,4.000000,4.000000,4.000000,5.000000,5.000000,96.000000,96.000000,96.000000,95.000000,95.000000,5.0,37.1216,34.0043,131.6128,134.73,PENDING_AG03,FALSE,NOT_FOR_ENFORCEMENT,161.9850,663.9239,168.7344,161.9850,6.7494,0.22139653,0.21254066,6.7494,161.9850,0.21254066,6.7494,6.7494,6.7494,8.4367,8.4367,161.9850,0.21254066,37.1216,34.0043,131.6128,134.73,0.17268929,0.17677942,0.00885586,8.9663,8.1363,1.9851,11.2490,4.9628,50.8091,5.6667,10.5455,7.1037,5.5034,7.7324,11.0639,16.5614,19.6072,24.1876,7.7287,0.0,2.535714,3.128075,1.159575,18,28,18,2,0.63649234,0.22139653,0.11311325,0E-8,0.000000,0.907432,0.000000,0.29788444,2026-05-10,2026-08-06,15,34,33,89,0.168539,1.484521,1.176127,2.121641,,,,,,,,GLOBAL_BASELINE_NO_ENTITY_RANKING,,,NOT_APPLICABLE_GLOBAL_BASELINE,HF9g-P5,,,,X 全窗基线 · 不参与实体赏罚,6876534,688,A168_HF9F_20260827_0900,2026-08-27 09:00:00
2026-06-24,149816921,1221,0,7.7047538331,-7.7047538331,-7.7047538331,0E-7,1,1,0.50665070000000000,0.506650700000,-1.013391052207602,-1.013391052207602,-1.013391052207602,0E-17,ELIGIBLE,R03b_20260811_FULL_v1,L1_ELIGIBILITY,v2026-08-11,2026-03-21..2026-08-06,baccarat_bet02_101_all_pairs_incl_sentinel,round_win = game_pnl > 0 (decisive only),COMPATIBILITY_ONLY_NOT_PRODUCTION,762.1365,691.5873,168.7344,85,85,-0.22139653,-0.11311325,-0.41099769,-0.22139653,-168.7344,762.1365,OK,0.0000,6.7494,4.0000,96.0000,AG03-UNRESOLVED,ALL5_LEVELS_bet23_to_bet27,6.7494,6.7494,6.7494,8.4367,8.4367,4.000000,4.000000,4.000000,5.000000,5.000000,96.000000,96.000000,96.000000,95.000000,95.000000,5.0,37.1216,34.0043,131.6128,134.73,PENDING_AG03,FALSE,NOT_FOR_ENFORCEMENT,161.9850,663.9239,168.7344,161.9850,6.7494,0.22139653,0.21254066,6.7494,161.9850,0.21254066,6.7494,6.7494,6.7494,8.4367,8.4367,161.9850,0.21254066,37.1216,34.0043,131.6128,134.73,0.17268929,0.17677942,0.00885586,8.9663,8.1363,1.9851,11.2490,4.9628,50.8091,5.6667,10.5455,7.1037,5.5034,7.7324,11.0639,16.5614,19.6072,24.1876,7.7287,0.0,2.535714,3.128075,1.159575,18,28,18,2,0.63649234,0.22139653,0.11311325,0E-8,0.000000,0.907432,0.000000,0.29788444,2026-05-10,2026-08-06,15,34,33,89,0.168539,1.484521,1.176127,2.121641,,,,,,,,GLOBAL_BASELINE_NO_ENTITY_RANKING,,,NOT_APPLICABLE_GLOBAL_BASELINE,HF9g-P5,,,,X 全窗基线 · 不参与实体赏罚,6876535,688,A168_HF9F_20260827_0900,2026-08-27 09:00:00
2026-06-25,149816921,-1,1,5.5033955951,-5.5033955951,-5.5033955951,0E-7,1,1,0.50665070000000000,0.506650700000,-1.013391052207602,-1.013391052207602,-1.013391052207602,0E-17,SENTINEL_DEALER,R03b_20260811_FULL_v1,L1_ELIGIBILITY,v2026-08-11,2026-03-21..2026-08-06,baccarat_bet02_101_all_pairs_incl_sentinel,round_win = game_pnl > 0 (decisive only),COMPATIBILITY_ONLY_NOT_PRODUCTION,762.1365,691.5873,168.7344,85,85,-0.22139653,-0.11311325,-0.41099769,-0.22139653,-168.7344,762.1365,OK,0.0000,6.7494,4.0000,96.0000,AG03-UNRESOLVED,ALL5_LEVELS_bet23_to_bet27,6.7494,6.7494,6.7494,8.4367,8.4367,4.000000,4.000000,4.000000,5.000000,5.000000,96.000000,96.000000,96.000000,95.000000,95.000000,5.0,37.1216,34.0043,131.6128,134.73,PENDING_AG03,FALSE,NOT_FOR_ENFORCEMENT,161.9850,663.9239,168.7344,161.9850,6.7494,0.22139653,0.21254066,6.7494,161.9850,0.21254066,6.7494,6.7494,6.7494,8.4367,8.4367,161.9850,0.21254066,37.1216,34.0043,131.6128,134.73,0.17268929,0.17677942,0.00885586,8.9663,8.1363,1.9851,11.2490,4.9628,50.8091,5.6667,10.5455,7.1037,5.5034,7.7324,11.0639,16.5614,19.6072,24.1876,7.7287,0.0,2.535714,3.128075,1.159575,18,28,18,2,0.63649234,0.22139653,0.11311325,0E-8,0.000000,0.907432,0.000000,0.29788444,2026-05-10,2026-08-06,15,34,33,89,0.168539,1.484521,1.176127,2.121641,,,,,,,,GLOBAL_BASELINE_NO_ENTITY_RANKING,,,NOT_APPLICABLE_GLOBAL_BASELINE,HF9g-P5,,,,X 全窗基线 · 不参与实体赏罚,6876536,688,A168_HF9F_20260827_0900,2026-08-27 09:00:00
2026-06-25,149816921,2127,0,26.4162988564,-11.0067911902,-11.0067911902,0.3333333,3,3,0.49771390000000000,0.497713900000,-0.5694369385616226,-0.5694369385616226,-0.5694369385616226,0E-17,ELIGIBLE,R03b_20260811_FULL_v1,L1_ELIGIBILITY,v2026-08-11,2026-03-21..2026-08-06,baccarat_bet02_101_all_pairs_incl_sentinel,round_win = game_pnl > 0 (decisive only),COMPATIBILITY_ONLY_NOT_PRODUCTION,762.1365,691.5873,168.7344,85,85,-0.22139653,-0.11311325,-0.41099769,-0.22139653,-168.7344,762.1365,OK,0.0000,6.7494,4.0000,96.0000,AG03-UNRESOLVED,ALL5_LEVELS_bet23_to_bet27,6.7494,6.7494,6.7494,8.4367,8.4367,4.000000,4.000000,4.000000,5.000000,5.000000,96.000000,96.000000,96.000000,95.000000,95.000000,5.0,37.1216,34.0043,131.6128,134.73,PENDING_AG03,FALSE,NOT_FOR_ENFORCEMENT,161.9850,663.9239,168.7344,161.9850,6.7494,0.22139653,0.21254066,6.7494,161.9850,0.21254066,6.7494,6.7494,6.7494,8.4367,8.4367,161.9850,0.21254066,37.1216,34.0043,131.6128,134.73,0.17268929,0.17677942,0.00885586,8.9663,8.1363,1.9851,11.2490,4.9628,50.8091,5.6667,10.5455,7.1037,5.5034,7.7324,11.0639,16.5614,19.6072,24.1876,7.7287,0.0,2.535714,3.128075,1.159575,18,28,18,2,0.63649234,0.22139653,0.11311325,0E-8,0.000000,0.907432,0.000000,0.29788444,2026-05-10,2026-08-06,15,34,33,89,0.168539,1.484521,1.176127,2.121641,,,,,,,,GLOBAL_BASELINE_NO_ENTITY_RANKING,,,NOT_APPLICABLE_GLOBAL_BASELINE,HF9g-P5,,,,X 全窗基线 · 不参与实体赏罚,6876537,688,A168_HF9F_20260827_0900,2026-08-27 09:00:00
2026-07-16,149816921,1094,0,4.3080593849,-4.3080593849,-4.3080593849,0E-7,1,1,0.49324550000000000,0.493245500000,-0.9865810262130424,-0.9865810262130424,-0.9865810262130424,0E-17,ELIGIBLE,R03b_20260811_FULL_v1,L1_ELIGIBILITY,v2026-08-11,2026-03-21..2026-08-06,baccarat_bet02_101_all_pairs_incl_sentinel,round_win = game_pnl > 0 (decisive only),COMPATIBILITY_ONLY_NOT_PRODUCTION,762.1365,691.5873,168.7344,85,85,-0.22139653,-0.11311325,-0.41099769,-0.22139653,-168.7344,762.1365,OK,0.0000,6.7494,4.0000,96.0000,AG03-UNRESOLVED,ALL5_LEVELS_bet23_to_bet27,6.7494,6.7494,6.7494,8.4367,8.4367,4.000000,4.000000,4.000000,5.000000,5.000000,96.000000,96.000000,96.000000,95.000000,95.000000,5.0,37.1216,34.0043,131.6128,134.73,PENDING_AG03,FALSE,NOT_FOR_ENFORCEMENT,161.9850,663.9239,168.7344,161.9850,6.7494,0.22139653,0.21254066,6.7494,161.9850,0.21254066,6.7494,6.7494,6.7494,8.4367,8.4367,161.9850,0.21254066,37.1216,34.0043,131.6128,134.73,0.17268929,0.17677942,0.00885586,8.9663,8.1363,1.9851,11.2490,4.9628,50.8091,5.6667,10.5455,7.1037,5.5034,7.7324,11.0639,16.5614,19.6072,24.1876,7.7287,0.0,2.535714,3.128075,1.159575,18,28,18,2,0.63649234,0.22139653,0.11311325,0E-8,0.000000,0.907432,0.000000,0.29788444,2026-05-10,2026-08-06,15,34,33,89,0.168539,1.484521,1.176127,2.121641,,,,,,,,GLOBAL_BASELINE_NO_ENTITY_RANKING,,,NOT_APPLICABLE_GLOBAL_BASELINE,HF9g-P5,,,,X 全窗基线 · 不参与实体赏罚,6876538,688,A168_HF9F_20260827_0900,2026-08-27 09:00:00
2026-07-16,149816921,2115,0,66.2778366914,-5.5231530577,-5.5231530577,0.6666667,5,5,0.49592654000000000,0.495926540000,0.5914807778519792,0.5914807778519792,0.5914807778519792,0E-17,ELIGIBLE,R03b_20260811_FULL_v1,L1_ELIGIBILITY,v2026-08-11,2026-03-21..2026-08-06,baccarat_bet02_101_all_pairs_incl_sentinel,round_win = game_pnl > 0 (decisive only),COMPATIBILITY_ONLY_NOT_PRODUCTION,762.1365,691.5873,168.7344,85,85,-0.22139653,-0.11311325,-0.41099769,-0.22139653,-168.7344,762.1365,OK,0.0000,6.7494,4.0000,96.0000,AG03-UNRESOLVED,ALL5_LEVELS_bet23_to_bet27,6.7494,6.7494,6.7494,8.4367,8.4367,4.000000,4.000000,4.000000,5.000000,5.000000,96.000000,96.000000,96.000000,95.000000,95.000000,5.0,37.1216,34.0043,131.6128,134.73,PENDING_AG03,FALSE,NOT_FOR_ENFORCEMENT,161.9850,663.9239,168.7344,161.9850,6.7494,0.22139653,0.21254066,6.7494,161.9850,0.21254066,6.7494,6.7494,6.7494,8.4367,8.4367,161.9850,0.21254066,37.1216,34.0043,131.6128,134.73,0.17268929,0.17677942,0.00885586,8.9663,8.1363,1.9851,11.2490,4.9628,50.8091,5.6667,10.5455,7.1037,5.5034,7.7324,11.0639,16.5614,19.6072,24.1876,7.7287,0.0,2.535714,3.128075,1.159575,18,28,18,2,0.63649234,0.22139653,0.11311325,0E-8,0.000000,0.907432,0.000000,0.29788444,2026-05-10,2026-08-06,15,34,33,89,0.168539,1.484521,1.176127,2.121641,,,,,,,,GLOBAL_BASELINE_NO_ENTITY_RANKING,,,NOT_APPLICABLE_GLOBAL_BASELINE,HF9g-P5,,,,X 全窗基线 · 不参与实体赏罚,6876539,688,A168_HF9F_20260827_0900,2026-08-27 09:00:00
2026-07-16,149816921,2271,0,11.0463061152,-11.0463061152,-11.0463061152,0E-7,1,1,0.49324550000000000,0.493245500000,-0.9865810262130424,-0.9865810262130424,-0.9865810262130424,0E-17,ELIGIBLE,R03b_20260811_FULL_v1,L1_ELIGIBILITY,v2026-08-11,2026-03-21..2026-08-06,baccarat_bet02_101_all_pairs_incl_sentinel,round_win = game_pnl > 0 (decisive only),COMPATIBILITY_ONLY_NOT_PRODUCTION,762.1365,691.5873,168.7344,85,85,-0.22139653,-0.11311325,-0.41099769,-0.22139653,-168.7344,762.1365,OK,0.0000,6.7494,4.0000,96.0000,AG03-UNRESOLVED,ALL5_LEVELS_bet23_to_bet27,6.7494,6.7494,6.7494,8.4367,8.4367,4.000000,4.000000,4.000000,5.000000,5.000000,96.000000,96.000000,96.000000,95.000000,95.000000,5.0,37.1216,34.0043,131.6128,134.73,PENDING_AG03,FALSE,NOT_FOR_ENFORCEMENT,161.9850,663.9239,168.7344,161.9850,6.7494,0.22139653,0.21254066,6.7494,161.9850,0.21254066,6.7494,6.7494,6.7494,8.4367,8.4367,161.9850,0.21254066,37.1216,34.0043,131.6128,134.73,0.17268929,0.17677942,0.00885586,8.9663,8.1363,1.9851,11.2490,4.9628,50.8091,5.6667,10.5455,7.1037,5.5034,7.7324,11.0639,16.5614,19.6072,24.1876,7.7287,0.0,2.535714,3.128075,1.159575,18,28,18,2,0.63649234,0.22139653,0.11311325,0E-8,0.000000,0.907432,0.000000,0.29788444,2026-05-10,2026-08-06,15,34,33,89,0.168539,1.484521,1.176127,2.121641,,,,,,,,GLOBAL_BASELINE_NO_ENTITY_RANKING,,,NOT_APPLICABLE_GLOBAL_BASELINE,HF9g-P5,,,,X 全窗基线 · 不参与实体赏罚,6876540,688,A168_HF9F_20260827_0900,2026-08-27 09:00:00
2026-07-21,149816921,1485,0,28.7203958997,-4.5842170379,-4.5842170379,0.6666667,3,3,0.50218230000000000,0.502182300000,0.5697959874915163,0.5697959874915164,0.5697959874915163,0E-17,ELIGIBLE,R03b_20260811_FULL_v1,L1_ELIGIBILITY,v2026-08-11,2026-03-21..2026-08-06,baccarat_bet02_101_all_pairs_incl_sentinel,round_win = game_pnl > 0 (decisive only),COMPATIBILITY_ONLY_NOT_PRODUCTION,762.1365,691.5873,168.7344,85,85,-0.22139653,-0.11311325,-0.41099769,-0.22139653,-168.7344,762.1365,OK,0.0000,6.7494,4.0000,96.0000,AG03-UNRESOLVED,ALL5_LEVELS_bet23_to_bet27,6.7494,6.7494,6.7494,8.4367,8.4367,4.000000,4.000000,4.000000,5.000000,5.000000,96.000000,96.000000,96.000000,95.000000,95.000000,5.0,37.1216,34.0043,131.6128,134.73,PENDING_AG03,FALSE,NOT_FOR_ENFORCEMENT,161.9850,663.9239,168.7344,161.9850,6.7494,0.22139653,0.21254066,6.7494,161.9850,0.21254066,6.7494,6.7494,6.7494,8.4367,8.4367,161.9850,0.21254066,37.1216,34.0043,131.6128,134.73,0.17268929,0.17677942,0.00885586,8.9663,8.1363,1.9851,11.2490,4.9628,50.8091,5.6667,10.5455,7.1037,5.5034,7.7324,11.0639,16.5614,19.6072,24.1876,7.7287,0.0,2.535714,3.128075,1.159575,18,28,18,2,0.63649234,0.22139653,0.11311325,0E-8,0.000000,0.907432,0.000000,0.29788444,2026-05-10,2026-08-06,15,34,33,89,0.168539,1.484521,1.176127,2.121641,,,,,,,,GLOBAL_BASELINE_NO_ENTITY_RANKING,,,NOT_APPLICABLE_GLOBAL_BASELINE,HF9g-P5,,,,X 全窗基线 · 不参与实体赏罚,6876541,688,A168_HF9F_20260827_0900,2026-08-27 09:00:00
2026-07-21,149816921,1646,0,22.0926122304,10.4939908095,10.4939908095,1.0000000,2,2,0.49994810000000000,0.499948100000,1.0001038053877793,1.0001038053877793,1.0001038053877793,0E-17,ELIGIBLE,R03b_20260811_FULL_v1,L1_ELIGIBILITY,v2026-08-11,2026-03-21..2026-08-06,baccarat_bet02_101_all_pairs_incl_sentinel,round_win = game_pnl > 0 (decisive only),COMPATIBILITY_ONLY_NOT_PRODUCTION,762.1365,691.5873,168.7344,85,85,-0.22139653,-0.11311325,-0.41099769,-0.22139653,-168.7344,762.1365,OK,0.0000,6.7494,4.0000,96.0000,AG03-UNRESOLVED,ALL5_LEVELS_bet23_to_bet27,6.7494,6.7494,6.7494,8.4367,8.4367,4.000000,4.000000,4.000000,5.000000,5.000000,96.000000,96.000000,96.000000,95.000000,95.000000,5.0,37.1216,34.0043,131.6128,134.73,PENDING_AG03,FALSE,NOT_FOR_ENFORCEMENT,161.9850,663.9239,168.7344,161.9850,6.7494,0.22139653,0.21254066,6.7494,161.9850,0.21254066,6.7494,6.7494,6.7494,8.4367,8.4367,161.9850,0.21254066,37.1216,34.0043,131.6128,134.73,0.17268929,0.17677942,0.00885586,8.9663,8.1363,1.9851,11.2490,4.9628,50.8091,5.6667,10.5455,7.1037,5.5034,7.7324,11.0639,16.5614,19.6072,24.1876,7.7287,0.0,2.535714,3.128075,1.159575,18,28,18,2,0.63649234,0.22139653,0.11311325,0E-8,0.000000,0.907432,0.000000,0.29788444,2026-05-10,2026-08-06,15,34,33,89,0.168539,1.484521,1.176127,2.121641,,,,,,,,GLOBAL_BASELINE_NO_ENTITY_RANKING,,,NOT_APPLICABLE_GLOBAL_BASELINE,HF9g-P5,,,,X 全窗基线 · 不参与实体赏罚,6876542,688,A168_HF9F_20260827_0900,2026-08-27 09:00:00
2026-07-21,149816921,2223,0,13.9183457052,-13.9183457052,-13.9183457052,0E-7,1,1,0.49324550000000000,0.493245500000,-0.9865810262130424,-0.9865810262130424,-0.9865810262130424,0E-17,ELIGIBLE,R03b_20260811_FULL_v1,L1_ELIGIBILITY,v2026-08-11,2026-03-21..2026-08-06,baccarat_bet02_101_all_pairs_incl_sentinel,round_win = game_pnl > 0 (decisive only),COMPATIBILITY_ONLY_NOT_PRODUCTION,762.1365,691.5873,168.7344,85,85,-0.22139653,-0.11311325,-0.41099769,-0.22139653,-168.7344,762.1365,OK,0.0000,6.7494,4.0000,96.0000,AG03-UNRESOLVED,ALL5_LEVELS_bet23_to_bet27,6.7494,6.7494,6.7494,8.4367,8.4367,4.000000,4.000000,4.000000,5.000000,5.000000,96.000000,96.000000,96.000000,95.000000,95.000000,5.0,37.1216,34.0043,131.6128,134.73,PENDING_AG03,FALSE,NOT_FOR_ENFORCEMENT,161.9850,663.9239,168.7344,161.9850,6.7494,0.22139653,0.21254066,6.7494,161.9850,0.21254066,6.7494,6.7494,6.7494,8.4367,8.4367,161.9850,0.21254066,37.1216,34.0043,131.6128,134.73,0.17268929,0.17677942,0.00885586,8.9663,8.1363,1.9851,11.2490,4.9628,50.8091,5.6667,10.5455,7.1037,5.5034,7.7324,11.0639,16.5614,19.6072,24.1876,7.7287,0.0,2.535714,3.128075,1.159575,18,28,18,2,0.63649234,0.22139653,0.11311325,0E-8,0.000000,0.907432,0.000000,0.29788444,2026-05-10,2026-08-06,15,34,33,89,0.168539,1.484521,1.176127,2.121641,,,,,,,,GLOBAL_BASELINE_NO_ENTITY_RANKING,,,NOT_APPLICABLE_GLOBAL_BASELINE,HF9g-P5,,,,X 全窗基线 · 不参与实体赏罚,6876543,688,A168_HF9F_20260827_0900,2026-08-27 09:00:00
2026-07-21,149816921,526,0,19.2205726405,-6.4068575469,-6.4068575469,0.5000000,2,2,0.49994810000000000,0.499948100000,0.00014679536856514622,0.00014679536856514622,0.00014679536856514622,0E-17,ELIGIBLE,R03b_20260811_FULL_v1,L1_ELIGIBILITY,v2026-08-11,2026-03-21..2026-08-06,baccarat_bet02_101_all_pairs_incl_sentinel,round_win = game_pnl > 0 (decisive only),COMPATIBILITY_ONLY_NOT_PRODUCTION,762.1365,691.5873,168.7344,85,85,-0.22139653,-0.11311325,-0.41099769,-0.22139653,-168.7344,762.1365,OK,0.0000,6.7494,4.0000,96.0000,AG03-UNRESOLVED,ALL5_LEVELS_bet23_to_bet27,6.7494,6.7494,6.7494,8.4367,8.4367,4.000000,4.000000,4.000000,5.000000,5.000000,96.000000,96.000000,96.000000,95.000000,95.000000,5.0,37.1216,34.0043,131.6128,134.73,PENDING_AG03,FALSE,NOT_FOR_ENFORCEMENT,161.9850,663.9239,168.7344,161.9850,6.7494,0.22139653,0.21254066,6.7494,161.9850,0.21254066,6.7494,6.7494,6.7494,8.4367,8.4367,161.9850,0.21254066,37.1216,34.0043,131.6128,134.73,0.17268929,0.17677942,0.00885586,8.9663,8.1363,1.9851,11.2490,4.9628,50.8091,5.6667,10.5455,7.1037,5.5034,7.7324,11.0639,16.5614,19.6072,24.1876,7.7287,0.0,2.535714,3.128075,1.159575,18,28,18,2,0.63649234,0.22139653,0.11311325,0E-8,0.000000,0.907432,0.000000,0.29788444,2026-05-10,2026-08-06,15,34,33,89,0.168539,1.484521,1.176127,2.121641,,,,,,,,GLOBAL_BASELINE_NO_ENTITY_RANKING,,,NOT_APPLICABLE_GLOBAL_BASELINE,HF9g-P5,,,,X 全窗基线 · 不参与实体赏罚,6876544,688,A168_HF9F_20260827_0900,2026-08-27 09:00:00
2026-07-21,149816921,550,0,83.9519264758,5.8545422410,5.8545422410,0.6000000,5,5,0.49860758000000000,0.498607580000,0.4534424453485946,0.4534424453485946,0.4534424453485946,0E-17,ELIGIBLE,R03b_20260811_FULL_v1,L1_ELIGIBILITY,v2026-08-11,2026-03-21..2026-08-06,baccarat_bet02_101_all_pairs_incl_sentinel,round_win = game_pnl > 0 (decisive only),COMPATIBILITY_ONLY_NOT_PRODUCTION,762.1365,691.5873,168.7344,85,85,-0.22139653,-0.11311325,-0.41099769,-0.22139653,-168.7344,762.1365,OK,0.0000,6.7494,4.0000,96.0000,AG03-UNRESOLVED,ALL5_LEVELS_bet23_to_bet27,6.7494,6.7494,6.7494,8.4367,8.4367,4.000000,4.000000,4.000000,5.000000,5.000000,96.000000,96.000000,96.000000,95.000000,95.000000,5.0,37.1216,34.0043,131.6128,134.73,PENDING_AG03,FALSE,NOT_FOR_ENFORCEMENT,161.9850,663.9239,168.7344,161.9850,6.7494,0.22139653,0.21254066,6.7494,161.9850,0.21254066,6.7494,6.7494,6.7494,8.4367,8.4367,161.9850,0.21254066,37.1216,34.0043,131.6128,134.73,0.17268929,0.17677942,0.00885586,8.9663,8.1363,1.9851,11.2490,4.9628,50.8091,5.6667,10.5455,7.1037,5.5034,7.7324,11.0639,16.5614,19.6072,24.1876,7.7287,0.0,2.535714,3.128075,1.159575,18,28,18,2,0.63649234,0.22139653,0.11311325,0E-8,0.000000,0.907432,0.000000,0.29788444,2026-05-10,2026-08-06,15,34,33,89,0.168539,1.484521,1.176127,2.121641,,,,,,,,GLOBAL_BASELINE_NO_ENTITY_RANKING,,,NOT_APPLICABLE_GLOBAL_BASELINE,HF9g-P5,,,,X 全窗基线 · 不参与实体赏罚,6876545,688,A168_HF9F_20260827_0900,2026-08-27 09:00:00
2026-07-22,149816921,-1,1,28.7203958996,-28.7203958996,-28.7203958996,0E-7,2,2,0.49324550000000000,0.493245500000,-1.3952362676504506,-1.3952362676504506,-1.3952362676504506,0E-17,SENTINEL_DEALER,R03b_20260811_FULL_v1,L1_ELIGIBILITY,v2026-08-11,2026-03-21..2026-08-06,baccarat_bet02_101_all_pairs_incl_sentinel,round_win = game_pnl > 0 (decisive only),COMPATIBILITY_ONLY_NOT_PRODUCTION,762.1365,691.5873,168.7344,85,85,-0.22139653,-0.11311325,-0.41099769,-0.22139653,-168.7344,762.1365,OK,0.0000,6.7494,4.0000,96.0000,AG03-UNRESOLVED,ALL5_LEVELS_bet23_to_bet27,6.7494,6.7494,6.7494,8.4367,8.4367,4.000000,4.000000,4.000000,5.000000,5.000000,96.000000,96.000000,96.000000,95.000000,95.000000,5.0,37.1216,34.0043,131.6128,134.73,PENDING_AG03,FALSE,NOT_FOR_ENFORCEMENT,161.9850,663.9239,168.7344,161.9850,6.7494,0.22139653,0.21254066,6.7494,161.9850,0.21254066,6.7494,6.7494,6.7494,8.4367,8.4367,161.9850,0.21254066,37.1216,34.0043,131.6128,134.73,0.17268929,0.17677942,0.00885586,8.9663,8.1363,1.9851,11.2490,4.9628,50.8091,5.6667,10.5455,7.1037,5.5034,7.7324,11.0639,16.5614,19.6072,24.1876,7.7287,0.0,2.535714,3.128075,1.159575,18,28,18,2,0.63649234,0.22139653,0.11311325,0E-8,0.000000,0.907432,0.000000,0.29788444,2026-05-10,2026-08-06,15,34,33,89,0.168539,1.484521,1.176127,2.121641,,,,,,,,GLOBAL_BASELINE_NO_ENTITY_RANKING,,,NOT_APPLICABLE_GLOBAL_BASELINE,HF9g-P5,,,,X 全窗基线 · 不参与实体赏罚,6876546,688,A168_HF9F_20260827_0900,2026-08-27 09:00:00
2026-07-22,149816921,1346,0,30.9296571228,14.6915871332,14.6915871332,1.0000000,4,4,0.50665070000000000,0.506650700000,1.3955260008387969,1.3955260008387969,1.3955260008387969,0E-17,ELIGIBLE,R03b_20260811_FULL_v1,L1_ELIGIBILITY,v2026-08-11,2026-03-21..2026-08-06,baccarat_bet02_101_all_pairs_incl_sentinel,round_win = game_pnl > 0 (decisive only),COMPATIBILITY_ONLY_NOT_PRODUCTION,762.1365,691.5873,168.7344,85,85,-0.22139653,-0.11311325,-0.41099769,-0.22139653,-168.7344,762.1365,OK,0.0000,6.7494,4.0000,96.0000,AG03-UNRESOLVED,ALL5_LEVELS_bet23_to_bet27,6.7494,6.7494,6.7494,8.4367,8.4367,4.000000,4.000000,4.000000,5.000000,5.000000,96.000000,96.000000,96.000000,95.000000,95.000000,5.0,37.1216,34.0043,131.6128,134.73,PENDING_AG03,FALSE,NOT_FOR_ENFORCEMENT,161.9850,663.9239,168.7344,161.9850,6.7494,0.22139653,0.21254066,6.7494,161.9850,0.21254066,6.7494,6.7494,6.7494,8.4367,8.4367,161.9850,0.21254066,37.1216,34.0043,131.6128,134.73,0.17268929,0.17677942,0.00885586,8.9663,8.1363,1.9851,11.2490,4.9628,50.8091,5.6667,10.5455,7.1037,5.5034,7.7324,11.0639,16.5614,19.6072,24.1876,7.7287,0.0,2.535714,3.128075,1.159575,18,28,18,2,0.63649234,0.22139653,0.11311325,0E-8,0.000000,0.907432,0.000000,0.29788444,2026-05-10,2026-08-06,15,34,33,89,0.168539,1.484521,1.176127,2.121641,,,,,,,,GLOBAL_BASELINE_NO_ENTITY_RANKING,,,NOT_APPLICABLE_GLOBAL_BASELINE,HF9g-P5,,,,X 全窗基线 · 不参与实体赏罚,6876547,688,A168_HF9F_20260827_0900,2026-08-27 09:00:00
2026-07-22,149816921,2239,0,15.4648285613,14.6915871332,14.6915871332,1.0000000,2,2,0.50665070000000000,0.506650700000,1.3955260008387969,1.3955260008387969,1.3955260008387969,0E-17,ELIGIBLE,R03b_20260811_FULL_v1,L1_ELIGIBILITY,v2026-08-11,2026-03-21..2026-08-06,baccarat_bet02_101_all_pairs_incl_sentinel,round_win = game_pnl > 0 (decisive only),COMPATIBILITY_ONLY_NOT_PRODUCTION,762.1365,691.5873,168.7344,85,85,-0.22139653,-0.11311325,-0.41099769,-0.22139653,-168.7344,762.1365,OK,0.0000,6.7494,4.0000,96.0000,AG03-UNRESOLVED,ALL5_LEVELS_bet23_to_bet27,6.7494,6.7494,6.7494,8.4367,8.4367,4.000000,4.000000,4.000000,5.000000,5.000000,96.000000,96.000000,96.000000,95.000000,95.000000,5.0,37.1216,34.0043,131.6128,134.73,PENDING_AG03,FALSE,NOT_FOR_ENFORCEMENT,161.9850,663.9239,168.7344,161.9850,6.7494,0.22139653,0.21254066,6.7494,161.9850,0.21254066,6.7494,6.7494,6.7494,8.4367,8.4367,161.9850,0.21254066,37.1216,34.0043,131.6128,134.73,0.17268929,0.17677942,0.00885586,8.9663,8.1363,1.9851,11.2490,4.9628,50.8091,5.6667,10.5455,7.1037,5.5034,7.7324,11.0639,16.5614,19.6072,24.1876,7.7287,0.0,2.535714,3.128075,1.159575,18,28,18,2,0.63649234,0.22139653,0.11311325,0E-8,0.000000,0.907432,0.000000,0.29788444,2026-05-10,2026-08-06,15,34,33,89,0.168539,1.484521,1.176127,2.121641,,,,,,,,GLOBAL_BASELINE_NO_ENTITY_RANKING,,,NOT_APPLICABLE_GLOBAL_BASELINE,HF9g-P5,,,,X 全窗基线 · 不参与实体赏罚,6876548,688,A168_HF9F_20260827_0900,2026-08-27 09:00:00
2026-07-28,149816921,2093,0,10.6044538706,-4.4185224461,-4.4185224461,0E-7,2,2,0.49324550000000000,0.493245500000,-0.9865810262130424,-0.9865810262130424,-0.9865810262130424,0E-17,ELIGIBLE,R03b_20260811_FULL_v1,L1_ELIGIBILITY,v2026-08-11,2026-03-21..2026-08-06,baccarat_bet02_101_all_pairs_incl_sentinel,round_win = game_pnl > 0 (decisive only),COMPATIBILITY_ONLY_NOT_PRODUCTION,762.1365,691.5873,168.7344,85,85,-0.22139653,-0.11311325,-0.41099769,-0.22139653,-168.7344,762.1365,OK,0.0000,6.7494,4.0000,96.0000,AG03-UNRESOLVED,ALL5_LEVELS_bet23_to_bet27,6.7494,6.7494,6.7494,8.4367,8.4367,4.000000,4.000000,4.000000,5.000000,5.000000,96.000000,96.000000,96.000000,95.000000,95.000000,5.0,37.1216,34.0043,131.6128,134.73,PENDING_AG03,FALSE,NOT_FOR_ENFORCEMENT,161.9850,663.9239,168.7344,161.9850,6.7494,0.22139653,0.21254066,6.7494,161.9850,0.21254066,6.7494,6.7494,6.7494,8.4367,8.4367,161.9850,0.21254066,37.1216,34.0043,131.6128,134.73,0.17268929,0.17677942,0.00885586,8.9663,8.1363,1.9851,11.2490,4.9628,50.8091,5.6667,10.5455,7.1037,5.5034,7.7324,11.0639,16.5614,19.6072,24.1876,7.7287,0.0,2.535714,3.128075,1.159575,18,28,18,2,0.63649234,0.22139653,0.11311325,0E-8,0.000000,0.907432,0.000000,0.29788444,2026-05-10,2026-08-06,15,34,33,89,0.168539,1.484521,1.176127,2.121641,,,,,,,,GLOBAL_BASELINE_NO_ENTITY_RANKING,,,NOT_APPLICABLE_GLOBAL_BASELINE,HF9g-P5,,,,X 全窗基线 · 不参与实体赏罚,6876549,688,A168_HF9F_20260827_0900,2026-08-27 09:00:00
2026-07-28,149816921,2171,0,26.9529869212,-6.2743018735,-6.2743018735,0.5000000,4,4,0.50329940000000000,0.503299400000,-0.01319788734859681,-0.01319788734859681,-0.01319788734859681,0E-17,ELIGIBLE,R03b_20260811_FULL_v1,L1_ELIGIBILITY,v2026-08-11,2026-03-21..2026-08-06,baccarat_bet02_101_all_pairs_incl_sentinel,round_win = game_pnl > 0 (decisive only),COMPATIBILITY_ONLY_NOT_PRODUCTION,762.1365,691.5873,168.7344,85,85,-0.22139653,-0.11311325,-0.41099769,-0.22139653,-168.7344,762.1365,OK,0.0000,6.7494,4.0000,96.0000,AG03-UNRESOLVED,ALL5_LEVELS_bet23_to_bet27,6.7494,6.7494,6.7494,8.4367,8.4367,4.000000,4.000000,4.000000,5.000000,5.000000,96.000000,96.000000,96.000000,95.000000,95.000000,5.0,37.1216,34.0043,131.6128,134.73,PENDING_AG03,FALSE,NOT_FOR_ENFORCEMENT,161.9850,663.9239,168.7344,161.9850,6.7494,0.22139653,0.21254066,6.7494,161.9850,0.21254066,6.7494,6.7494,6.7494,8.4367,8.4367,161.9850,0.21254066,37.1216,34.0043,131.6128,134.73,0.17268929,0.17677942,0.00885586,8.9663,8.1363,1.9851,11.2490,4.9628,50.8091,5.6667,10.5455,7.1037,5.5034,7.7324,11.0639,16.5614,19.6072,24.1876,7.7287,0.0,2.535714,3.128075,1.159575,18,28,18,2,0.63649234,0.22139653,0.11311325,0E-8,0.000000,0.907432,0.000000,0.29788444,2026-05-10,2026-08-06,15,34,33,89,0.168539,1.484521,1.176127,2.121641,,,,,,,,GLOBAL_BASELINE_NO_ENTITY_RANKING,,,NOT_APPLICABLE_GLOBAL_BASELINE,HF9g-P5,,,,X 全窗基线 · 不参与实体赏罚,6876550,688,A168_HF9F_20260827_0900,2026-08-27 09:00:00
2026-08-04,149816921,-1,1,6.6245638829,-6.6245638829,-6.6245638829,0E-7,1,1,0.50665070000000000,0.506650700000,-1.013391052207602,-1.013391052207602,-1.013391052207602,0E-17,SENTINEL_DEALER,R03b_20260811_FULL_v1,L1_ELIGIBILITY,v2026-08-11,2026-03-21..2026-08-06,baccarat_bet02_101_all_pairs_incl_sentinel,round_win = game_pnl > 0 (decisive only),COMPATIBILITY_ONLY_NOT_PRODUCTION,762.1365,691.5873,168.7344,85,85,-0.22139653,-0.11311325,-0.41099769,-0.22139653,-168.7344,762.1365,OK,0.0000,6.7494,4.0000,96.0000,AG03-UNRESOLVED,ALL5_LEVELS_bet23_to_bet27,6.7494,6.7494,6.7494,8.4367,8.4367,4.000000,4.000000,4.000000,5.000000,5.000000,96.000000,96.000000,96.000000,95.000000,95.000000,5.0,37.1216,34.0043,131.6128,134.73,PENDING_AG03,FALSE,NOT_FOR_ENFORCEMENT,161.9850,663.9239,168.7344,161.9850,6.7494,0.22139653,0.21254066,6.7494,161.9850,0.21254066,6.7494,6.7494,6.7494,8.4367,8.4367,161.9850,0.21254066,37.1216,34.0043,131.6128,134.73,0.17268929,0.17677942,0.00885586,8.9663,8.1363,1.9851,11.2490,4.9628,50.8091,5.6667,10.5455,7.1037,5.5034,7.7324,11.0639,16.5614,19.6072,24.1876,7.7287,0.0,2.535714,3.128075,1.159575,18,28,18,2,0.63649234,0.22139653,0.11311325,0E-8,0.000000,0.907432,0.000000,0.29788444,2026-05-10,2026-08-06,15,34,33,89,0.168539,1.484521,1.176127,2.121641,,,,,,,,GLOBAL_BASELINE_NO_ENTITY_RANKING,,,NOT_APPLICABLE_GLOBAL_BASELINE,HF9g-P5,,,,X 全窗基线 · 不参与实体赏罚,6876551,688,A168_HF9F_20260827_0900,2026-08-27 09:00:00
2026-08-04,149816921,2223,0,23.5172017842,-7.8390672614,-7.8390672614,0.5000000,2,2,0.49324550000000000,0.493245500000,0.01910635448239258,0.01910635448239258,0.01910635448239258,0E-17,ELIGIBLE,R03b_20260811_FULL_v1,L1_ELIGIBILITY,v2026-08-11,2026-03-21..2026-08-06,baccarat_bet02_101_all_pairs_incl_sentinel,round_win = game_pnl > 0 (decisive only),COMPATIBILITY_ONLY_NOT_PRODUCTION,762.1365,691.5873,168.7344,85,85,-0.22139653,-0.11311325,-0.41099769,-0.22139653,-168.7344,762.1365,OK,0.0000,6.7494,4.0000,96.0000,AG03-UNRESOLVED,ALL5_LEVELS_bet23_to_bet27,6.7494,6.7494,6.7494,8.4367,8.4367,4.000000,4.000000,4.000000,5.000000,5.000000,96.000000,96.000000,96.000000,95.000000,95.000000,5.0,37.1216,34.0043,131.6128,134.73,PENDING_AG03,FALSE,NOT_FOR_ENFORCEMENT,161.9850,663.9239,168.7344,161.9850,6.7494,0.22139653,0.21254066,6.7494,161.9850,0.21254066,6.7494,6.7494,6.7494,8.4367,8.4367,161.9850,0.21254066,37.1216,34.0043,131.6128,134.73,0.17268929,0.17677942,0.00885586,8.9663,8.1363,1.9851,11.2490,4.9628,50.8091,5.6667,10.5455,7.1037,5.5034,7.7324,11.0639,16.5614,19.6072,24.1876,7.7287,0.0,2.535714,3.128075,1.159575,18,28,18,2,0.63649234,0.22139653,0.11311325,0E-8,0.000000,0.907432,0.000000,0.29788444,2026-05-10,2026-08-06,15,34,33,89,0.168539,1.484521,1.176127,2.121641,,,,,,,,GLOBAL_BASELINE_NO_ENTITY_RANKING,,,NOT_APPLICABLE_GLOBAL_BASELINE,HF9g-P5,,,,X 全窗基线 · 不参与实体赏罚,6876552,688,A168_HF9F_20260827_0900,2026-08-27 09:00:00
2026-08-04,149816921,994,0,62.9333568874,2.3738020580,2.3738020580,0.6666667,6,6,0.49771390000000000,0.497713900000,0.8277047895645219,0.8277047895645219,0.8277047895645219,0E-17,ELIGIBLE,R03b_20260811_FULL_v1,L1_ELIGIBILITY,v2026-08-11,2026-03-21..2026-08-06,baccarat_bet02_101_all_pairs_incl_sentinel,round_win = game_pnl > 0 (decisive only),COMPATIBILITY_ONLY_NOT_PRODUCTION,762.1365,691.5873,168.7344,85,85,-0.22139653,-0.11311325,-0.41099769,-0.22139653,-168.7344,762.1365,OK,0.0000,6.7494,4.0000,96.0000,AG03-UNRESOLVED,ALL5_LEVELS_bet23_to_bet27,6.7494,6.7494,6.7494,8.4367,8.4367,4.000000,4.000000,4.000000,5.000000,5.000000,96.000000,96.000000,96.000000,95.000000,95.000000,5.0,37.1216,34.0043,131.6128,134.73,PENDING_AG03,FALSE,NOT_FOR_ENFORCEMENT,161.9850,663.9239,168.7344,161.9850,6.7494,0.22139653,0.21254066,6.7494,161.9850,0.21254066,6.7494,6.7494,6.7494,8.4367,8.4367,161.9850,0.21254066,37.1216,34.0043,131.6128,134.73,0.17268929,0.17677942,0.00885586,8.9663,8.1363,1.9851,11.2490,4.9628,50.8091,5.6667,10.5455,7.1037,5.5034,7.7324,11.0639,16.5614,19.6072,24.1876,7.7287,0.0,2.535714,3.128075,1.159575,18,28,18,2,0.63649234,0.22139653,0.11311325,0E-8,0.000000,0.907432,0.000000,0.29788444,2026-05-10,2026-08-06,15,34,33,89,0.168539,1.484521,1.176127,2.121641,,,,,,,,GLOBAL_BASELINE_NO_ENTITY_RANKING,,,NOT_APPLICABLE_GLOBAL_BASELINE,HF9g-P5,,,,X 全窗基线 · 不参与实体赏罚,6876553,688,A168_HF9F_20260827_0900,2026-08-27 09:00:00
2026-08-06,149816921,1325,0,29.8105374729,-3.3122819415,-3.3122819415,0.6666667,3,3,0.49771390000000000,0.497713900000,0.5852756695216578,0.5852756695216578,0.5852756695216578,0E-17,ELIGIBLE,R03b_20260811_FULL_v1,L1_ELIGIBILITY,v2026-08-11,2026-03-21..2026-08-06,baccarat_bet02_101_all_pairs_incl_sentinel,round_win = game_pnl > 0 (decisive only),COMPATIBILITY_ONLY_NOT_PRODUCTION,762.1365,691.5873,168.7344,85,85,-0.22139653,-0.11311325,-0.41099769,-0.22139653,-168.7344,762.1365,OK,0.0000,6.7494,4.0000,96.0000,AG03-UNRESOLVED,ALL5_LEVELS_bet23_to_bet27,6.7494,6.7494,6.7494,8.4367,8.4367,4.000000,4.000000,4.000000,5.000000,5.000000,96.000000,96.000000,96.000000,95.000000,95.000000,5.0,37.1216,34.0043,131.6128,134.73,PENDING_AG03,FALSE,NOT_FOR_ENFORCEMENT,161.9850,663.9239,168.7344,161.9850,6.7494,0.22139653,0.21254066,6.7494,161.9850,0.21254066,6.7494,6.7494,6.7494,8.4367,8.4367,161.9850,0.21254066,37.1216,34.0043,131.6128,134.73,0.17268929,0.17677942,0.00885586,8.9663,8.1363,1.9851,11.2490,4.9628,50.8091,5.6667,10.5455,7.1037,5.5034,7.7324,11.0639,16.5614,19.6072,24.1876,7.7287,0.0,2.535714,3.128075,1.159575,18,28,18,2,0.63649234,0.22139653,0.11311325,0E-8,0.000000,0.907432,0.000000,0.29788444,2026-05-10,2026-08-06,15,34,33,89,0.168539,1.484521,1.176127,2.121641,,,,,,,,GLOBAL_BASELINE_NO_ENTITY_RANKING,,,NOT_APPLICABLE_GLOBAL_BASELINE,HF9g-P5,,,,X 全窗基线 · 不参与实体赏罚,6876554,688,A168_HF9F_20260827_0900,2026-08-27 09:00:00
2026-04-18,148368356,1325,0,60.2046959664,-0.1308797739,-0.1308797739,0.3076923,23,15,0.33939169777777778,0.339391697778,-0.24137926553252767,-0.2413792655341814,-0.24137926553252767,-2.2222E-13,ELIGIBLE,R03b_20260811_FULL_v1,L1_ELIGIBILITY,v2026-08-11,2026-03-21..2026-08-06,baccarat_bet02_101_all_pairs_incl_sentinel,round_win = game_pnl > 0 (decisive only),COMPATIBILITY_ONLY_NOT_PRODUCTION,745.2633,726.9401,168.7379,237,121,-0.22641376,,-0.22641376,-0.22641376,-168.7379,745.2633,OK,0.0000,6.7495,4.0000,96.0000,AG03-UNRESOLVED,ALL5_LEVELS_bet23_to_bet27,6.7495,6.7495,6.7495,10.1243,10.1243,4.000000,4.000000,4.000000,6.000000,6.000000,96.000000,96.000000,96.000000,94.000000,94.000000,5.0,40.4971,36.8266,128.2408,131.9113,PENDING_AG03,FALSE,NOT_FOR_ENFORCEMENT,161.9883,697.8625,168.7379,161.9883,6.7495,0.22641376,0.21735721,6.7495,161.9883,0.21735721,6.7495,6.7495,6.7495,10.1243,10.1243,161.9883,0.21735721,40.4971,36.8266,128.2408,131.9113,0.17207446,0.17699957,0.00905655,3.1446,6.0078,1.3945,33.7476,15.3398,149.0527,24.2000,,3.1446,2.6176,2.6176,2.6176,5.2352,6.9366,10.4704,2.6176,-2.6176,2.649994,4.0,1.20132,7,11,5,7,0E-8,0.22641376,,0E-8,0.000000,0.975414,0.000000,,2026-04-18,2026-05-07,5,11,8,20,0.250000,,,0.000000,,,,,,,,GLOBAL_BASELINE_NO_ENTITY_RANKING,,,NOT_APPLICABLE_GLOBAL_BASELINE,HF9g-P5,,,,X 全窗基线 · 不参与实体赏罚,6876555,688,A168_HF9F_20260827_0900,2026-08-27 09:00:00
2026-04-18,148368356,2233,0,34.0287411984,-0.7852786428,-0.7852786428,0.5000000,13,11,0.43173290000000000,0.431732900000,0.4358405412101493,0.4358405412101493,0.4358405412101493,0E-17,ELIGIBLE,R03b_20260811_FULL_v1,L1_ELIGIBILITY,v2026-08-11,2026-03-21..2026-08-06,baccarat_bet02_101_all_pairs_incl_sentinel,round_win = game_pnl > 0 (decisive only),COMPATIBILITY_ONLY_NOT_PRODUCTION,745.2633,726.9401,168.7379,237,121,-0.22641376,,-0.22641376,-0.22641376,-168.7379,745.2633,OK,0.0000,6.7495,4.0000,96.0000,AG03-UNRESOLVED,ALL5_LEVELS_bet23_to_bet27,6.7495,6.7495,6.7495,10.1243,10.1243,4.000000,4.000000,4.000000,6.000000,6.000000,96.000000,96.000000,96.000000,94.000000,94.000000,5.0,40.4971,36.8266,128.2408,131.9113,PENDING_AG03,FALSE,NOT_FOR_ENFORCEMENT,161.9883,697.8625,168.7379,161.9883,6.7495,0.22641376,0.21735721,6.7495,161.9883,0.21735721,6.7495,6.7495,6.7495,10.1243,10.1243,161.9883,0.21735721,40.4971,36.8266,128.2408,131.9113,0.17207446,0.17699957,0.00905655,3.1446,6.0078,1.3945,33.7476,15.3398,149.0527,24.2000,,3.1446,2.6176,2.6176,2.6176,5.2352,6.9366,10.4704,2.6176,-2.6176,2.649994,4.0,1.20132,7,11,5,7,0E-8,0.22641376,,0E-8,0.000000,0.975414,0.000000,,2026-04-18,2026-05-07,5,11,8,20,0.250000,,,0.000000,,,,,,,,GLOBAL_BASELINE_NO_ENTITY_RANKING,,,NOT_APPLICABLE_GLOBAL_BASELINE,HF9g-P5,,,,X 全窗基线 · 不参与实体赏罚,6876556,688,A168_HF9F_20260827_0900,2026-08-27 09:00:00
2026-04-18,148368356,583,0,5.2351909536,-5.2351909536,-5.2351909536,0E-7,2,1,0.07469835000000000,0.074698350000,-0.2841278703448948,-0.28412787034489473,-0.2841278703448948,0E-17,ELIGIBLE,R03b_20260811_FULL_v1,L1_ELIGIBILITY,v2026-08-11,2026-03-21..2026-08-06,baccarat_bet02_101_all_pairs_incl_sentinel,round_win = game_pnl > 0 (decisive only),COMPATIBILITY_ONLY_NOT_PRODUCTION,745.2633,726.9401,168.7379,237,121,-0.22641376,,-0.22641376,-0.22641376,-168.7379,745.2633,OK,0.0000,6.7495,4.0000,96.0000,AG03-UNRESOLVED,ALL5_LEVELS_bet23_to_bet27,6.7495,6.7495,6.7495,10.1243,10.1243,4.000000,4.000000,4.000000,6.000000,6.000000,96.000000,96.000000,96.000000,94.000000,94.000000,5.0,40.4971,36.8266,128.2408,131.9113,PENDING_AG03,FALSE,NOT_FOR_ENFORCEMENT,161.9883,697.8625,168.7379,161.9883,6.7495,0.22641376,0.21735721,6.7495,161.9883,0.21735721,6.7495,6.7495,6.7495,10.1243,10.1243,161.9883,0.21735721,40.4971,36.8266,128.2408,131.9113,0.17207446,0.17699957,0.00905655,3.1446,6.0078,1.3945,33.7476,15.3398,149.0527,24.2000,,3.1446,2.6176,2.6176,2.6176,5.2352,6.9366,10.4704,2.6176,-2.6176,2.649994,4.0,1.20132,7,11,5,7,0E-8,0.22641376,,0E-8,0.000000,0.975414,0.000000,,2026-04-18,2026-05-07,5,11,8,20,0.250000,,,0.000000,,,,,,,,GLOBAL_BASELINE_NO_ENTITY_RANKING,,,NOT_APPLICABLE_GLOBAL_BASELINE,HF9g-P5,,,,X 全窗基线 · 不参与实体赏罚,6876557,688,A168_HF9F_20260827_0900,2026-08-27 09:00:00
2026-04-18,148368356,763,0,31.4111457216,31.4111457214,31.4111457214,0.3333333,12,6,0.07469835000000000,0.074698350000,2.409715217513512,2.409715217513512,2.409715217513512,0E-17,ELIGIBLE,R03b_20260811_FULL_v1,L1_ELIGIBILITY,v2026-08-11,2026-03-21..2026-08-06,baccarat_bet02_101_all_pairs_incl_sentinel,round_win = game_pnl > 0 (decisive only),COMPATIBILITY_ONLY_NOT_PRODUCTION,745.2633,726.9401,168.7379,237,121,-0.22641376,,-0.22641376,-0.22641376,-168.7379,745.2633,OK,0.0000,6.7495,4.0000,96.0000,AG03-UNRESOLVED,ALL5_LEVELS_bet23_to_bet27,6.7495,6.7495,6.7495,10.1243,10.1243,4.000000,4.000000,4.000000,6.000000,6.000000,96.000000,96.000000,96.000000,94.000000,94.000000,5.0,40.4971,36.8266,128.2408,131.9113,PENDING_AG03,FALSE,NOT_FOR_ENFORCEMENT,161.9883,697.8625,168.7379,161.9883,6.7495,0.22641376,0.21735721,6.7495,161.9883,0.21735721,6.7495,6.7495,6.7495,10.1243,10.1243,161.9883,0.21735721,40.4971,36.8266,128.2408,131.9113,0.17207446,0.17699957,0.00905655,3.1446,6.0078,1.3945,33.7476,15.3398,149.0527,24.2000,,3.1446,2.6176,2.6176,2.6176,5.2352,6.9366,10.4704,2.6176,-2.6176,2.649994,4.0,1.20132,7,11,5,7,0E-8,0.22641376,,0E-8,0.000000,0.975414,0.000000,,2026-04-18,2026-05-07,5,11,8,20,0.250000,,,0.000000,,,,,,,,GLOBAL_BASELINE_NO_ENTITY_RANKING,,,NOT_APPLICABLE_GLOBAL_BASELINE,HF9g-P5,,,,X 全窗基线 · 不参与实体赏罚,6876558,688,A168_HF9F_20260827_0900,2026-08-27 09:00:00
2026-04-19,148368356,1325,0,57.5871004896,31.2802659476,31.2802659476,0.5000000,22,12,0.25658230277777778,0.256582302778,1.9306919050071887,1.9306919050048785,1.9306919050071887,-2.2222E-13,ELIGIBLE,R03b_20260811_FULL_v1,L1_ELIGIBILITY,v2026-08-11,2026-03-21..2026-08-06,baccarat_bet02_101_all_pairs_incl_sentinel,round_win = game_pnl > 0 (decisive only),COMPATIBILITY_ONLY_NOT_PRODUCTION,745.2633,726.9401,168.7379,237,121,-0.22641376,,-0.22641376,-0.22641376,-168.7379,745.2633,OK,0.0000,6.7495,4.0000,96.0000,AG03-UNRESOLVED,ALL5_LEVELS_bet23_to_bet27,6.7495,6.7495,6.7495,10.1243,10.1243,4.000000,4.000000,4.000000,6.000000,6.000000,96.000000,96.000000,96.000000,94.000000,94.000000,5.0,40.4971,36.8266,128.2408,131.9113,PENDING_AG03,FALSE,NOT_FOR_ENFORCEMENT,161.9883,697.8625,168.7379,161.9883,6.7495,0.22641376,0.21735721,6.7495,161.9883,0.21735721,6.7495,6.7495,6.7495,10.1243,10.1243,161.9883,0.21735721,40.4971,36.8266,128.2408,131.9113,0.17207446,0.17699957,0.00905655,3.1446,6.0078,1.3945,33.7476,15.3398,149.0527,24.2000,,3.1446,2.6176,2.6176,2.6176,5.2352,6.9366,10.4704,2.6176,-2.6176,2.649994,4.0,1.20132,7,11,5,7,0E-8,0.22641376,,0E-8,0.000000,0.975414,0.000000,,2026-04-18,2026-05-07,5,11,8,20,0.250000,,,0.000000,,,,,,,,GLOBAL_BASELINE_NO_ENTITY_RANKING,,,NOT_APPLICABLE_GLOBAL_BASELINE,HF9g-P5,,,,X 全窗基线 · 不参与实体赏罚,6876559,688,A168_HF9F_20260827_0900,2026-08-27 09:00:00
2026-04-19,148368356,1330,0,167.2643509675,-167.2643509675,-167.2643509675,0E-7,25,13,0.07469710236936060,0.074697423077,-1.0244283594299934,-1.024430736121814,-1.0244283594299934,-3.2070763940E-7,ELIGIBLE,R03b_20260811_FULL_v1,L1_ELIGIBILITY,v2026-08-11,2026-03-21..2026-08-06,baccarat_bet02_101_all_pairs_incl_sentinel,round_win = game_pnl > 0 (decisive only),COMPATIBILITY_ONLY_NOT_PRODUCTION,745.2633,726.9401,168.7379,237,121,-0.22641376,,-0.22641376,-0.22641376,-168.7379,745.2633,OK,0.0000,6.7495,4.0000,96.0000,AG03-UNRESOLVED,ALL5_LEVELS_bet23_to_bet27,6.7495,6.7495,6.7495,10.1243,10.1243,4.000000,4.000000,4.000000,6.000000,6.000000,96.000000,96.000000,96.000000,94.000000,94.000000,5.0,40.4971,36.8266,128.2408,131.9113,PENDING_AG03,FALSE,NOT_FOR_ENFORCEMENT,161.9883,697.8625,168.7379,161.9883,6.7495,0.22641376,0.21735721,6.7495,161.9883,0.21735721,6.7495,6.7495,6.7495,10.1243,10.1243,161.9883,0.21735721,40.4971,36.8266,128.2408,131.9113,0.17207446,0.17699957,0.00905655,3.1446,6.0078,1.3945,33.7476,15.3398,149.0527,24.2000,,3.1446,2.6176,2.6176,2.6176,5.2352,6.9366,10.4704,2.6176,-2.6176,2.649994,4.0,1.20132,7,11,5,7,0E-8,0.22641376,,0E-8,0.000000,0.975414,0.000000,,2026-04-18,2026-05-07,5,11,8,20,0.250000,,,0.000000,,,,,,,,GLOBAL_BASELINE_NO_ENTITY_RANKING,,,NOT_APPLICABLE_GLOBAL_BASELINE,HF9g-P5,,,,X 全窗基线 · 不参与实体赏罚,6876560,688,A168_HF9F_20260827_0900,2026-08-27 09:00:00
2026-04-19,148368356,2169,0,133.4973693168,33.1125827814,33.1125827814,0.2500000,51,28,0.21277786785714286,0.212777867857,0.48124739111049486,0.48124739111245973,0.48124739111049486,1.4286E-13,ELIGIBLE,R03b_20260811_FULL_v1,L1_ELIGIBILITY,v2026-08-11,2026-03-21..2026-08-06,baccarat_bet02_101_all_pairs_incl_sentinel,round_win = game_pnl > 0 (decisive only),COMPATIBILITY_ONLY_NOT_PRODUCTION,745.2633,726.9401,168.7379,237,121,-0.22641376,,-0.22641376,-0.22641376,-168.7379,745.2633,OK,0.0000,6.7495,4.0000,96.0000,AG03-UNRESOLVED,ALL5_LEVELS_bet23_to_bet27,6.7495,6.7495,6.7495,10.1243,10.1243,4.000000,4.000000,4.000000,6.000000,6.000000,96.000000,96.000000,96.000000,94.000000,94.000000,5.0,40.4971,36.8266,128.2408,131.9113,PENDING_AG03,FALSE,NOT_FOR_ENFORCEMENT,161.9883,697.8625,168.7379,161.9883,6.7495,0.22641376,0.21735721,6.7495,161.9883,0.21735721,6.7495,6.7495,6.7495,10.1243,10.1243,161.9883,0.21735721,40.4971,36.8266,128.2408,131.9113,0.17207446,0.17699957,0.00905655,3.1446,6.0078,1.3945,33.7476,15.3398,149.0527,24.2000,,3.1446,2.6176,2.6176,2.6176,5.2352,6.9366,10.4704,2.6176,-2.6176,2.649994,4.0,1.20132,7,11,5,7,0E-8,0.22641376,,0E-8,0.000000,0.975414,0.000000,,2026-04-18,2026-05-07,5,11,8,20,0.250000,,,0.000000,,,,,,,,GLOBAL_BASELINE_NO_ENTITY_RANKING,,,NOT_APPLICABLE_GLOBAL_BASELINE,HF9g-P5,,,,X 全窗基线 · 不参与实体赏罚,6876561,688,A168_HF9F_20260827_0900,2026-08-27 09:00:00
2026-04-19,148368356,2261,0,26.1759547680,-26.1759547680,-26.1759547680,0E-7,8,4,0.07469835000000000,0.074698350000,-0.5682557406897896,-0.5682557406897895,-0.5682557406897896,0E-17,ELIGIBLE,R03b_20260811_FULL_v1,L1_ELIGIBILITY,v2026-08-11,2026-03-21..2026-08-06,baccarat_bet02_101_all_pairs_incl_sentinel,round_win = game_pnl > 0 (decisive only),COMPATIBILITY_ONLY_NOT_PRODUCTION,745.2633,726.9401,168.7379,237,121,-0.22641376,,-0.22641376,-0.22641376,-168.7379,745.2633,OK,0.0000,6.7495,4.0000,96.0000,AG03-UNRESOLVED,ALL5_LEVELS_bet23_to_bet27,6.7495,6.7495,6.7495,10.1243,10.1243,4.000000,4.000000,4.000000,6.000000,6.000000,96.000000,96.000000,96.000000,94.000000,94.000000,5.0,40.4971,36.8266,128.2408,131.9113,PENDING_AG03,FALSE,NOT_FOR_ENFORCEMENT,161.9883,697.8625,168.7379,161.9883,6.7495,0.22641376,0.21735721,6.7495,161.9883,0.21735721,6.7495,6.7495,6.7495,10.1243,10.1243,161.9883,0.21735721,40.4971,36.8266,128.2408,131.9113,0.17207446,0.17699957,0.00905655,3.1446,6.0078,1.3945,33.7476,15.3398,149.0527,24.2000,,3.1446,2.6176,2.6176,2.6176,5.2352,6.9366,10.4704,2.6176,-2.6176,2.649994,4.0,1.20132,7,11,5,7,0E-8,0.22641376,,0E-8,0.000000,0.975414,0.000000,,2026-04-18,2026-05-07,5,11,8,20,0.250000,,,0.000000,,,,,,,,GLOBAL_BASELINE_NO_ENTITY_RANKING,,,NOT_APPLICABLE_GLOBAL_BASELINE,HF9g-P5,,,,X 全窗基线 · 不参与实体赏罚,6876562,688,A168_HF9F_20260827_0900,2026-08-27 09:00:00
2026-04-22,148368356,1374,0,125.6445828864,15.7055728605,15.7055728605,0.1764706,47,17,0.19900636960784314,0.201057894118,-0.23272822737161303,-0.25293980835032215,-0.23272822737161303,-0.00205152451015686,ELIGIBLE,R03b_20260811_FULL_v1,L1_ELIGIBILITY,v2026-08-11,2026-03-21..2026-08-06,baccarat_bet02_101_all_pairs_incl_sentinel,round_win = game_pnl > 0 (decisive only),COMPATIBILITY_ONLY_NOT_PRODUCTION,745.2633,726.9401,168.7379,237,121,-0.22641376,,-0.22641376,-0.22641376,-168.7379,745.2633,OK,0.0000,6.7495,4.0000,96.0000,AG03-UNRESOLVED,ALL5_LEVELS_bet23_to_bet27,6.7495,6.7495,6.7495,10.1243,10.1243,4.000000,4.000000,4.000000,6.000000,6.000000,96.000000,96.000000,96.000000,94.000000,94.000000,5.0,40.4971,36.8266,128.2408,131.9113,PENDING_AG03,FALSE,NOT_FOR_ENFORCEMENT,161.9883,697.8625,168.7379,161.9883,6.7495,0.22641376,0.21735721,6.7495,161.9883,0.21735721,6.7495,6.7495,6.7495,10.1243,10.1243,161.9883,0.21735721,40.4971,36.8266,128.2408,131.9113,0.17207446,0.17699957,0.00905655,3.1446,6.0078,1.3945,33.7476,15.3398,149.0527,24.2000,,3.1446,2.6176,2.6176,2.6176,5.2352,6.9366,10.4704,2.6176,-2.6176,2.649994,4.0,1.20132,7,11,5,7,0E-8,0.22641376,,0E-8,0.000000,0.975414,0.000000,,2026-04-18,2026-05-07,5,11,8,20,0.250000,,,0.000000,,,,,,,,GLOBAL_BASELINE_NO_ENTITY_RANKING,,,NOT_APPLICABLE_GLOBAL_BASELINE,HF9g-P5,,,,X 全窗基线 · 不参与实体赏罚,6876563,688,A168_HF9F_20260827_0900,2026-08-27 09:00:00
2026-04-22,148368356,2174,0,78.5278643040,-54.9695050128,-54.9695050128,0.1111111,25,9,0.23281544814814815,0.206462524074,-0.8639159417906423,-0.7067145791014021,-0.8639159417906423,0.02635292407414815,ELIGIBLE,R03b_20260811_FULL_v1,L1_ELIGIBILITY,v2026-08-11,2026-03-21..2026-08-06,baccarat_bet02_101_all_pairs_incl_sentinel,round_win = game_pnl > 0 (decisive only),COMPATIBILITY_ONLY_NOT_PRODUCTION,745.2633,726.9401,168.7379,237,121,-0.22641376,,-0.22641376,-0.22641376,-168.7379,745.2633,OK,0.0000,6.7495,4.0000,96.0000,AG03-UNRESOLVED,ALL5_LEVELS_bet23_to_bet27,6.7495,6.7495,6.7495,10.1243,10.1243,4.000000,4.000000,4.000000,6.000000,6.000000,96.000000,96.000000,96.000000,94.000000,94.000000,5.0,40.4971,36.8266,128.2408,131.9113,PENDING_AG03,FALSE,NOT_FOR_ENFORCEMENT,161.9883,697.8625,168.7379,161.9883,6.7495,0.22641376,0.21735721,6.7495,161.9883,0.21735721,6.7495,6.7495,6.7495,10.1243,10.1243,161.9883,0.21735721,40.4971,36.8266,128.2408,131.9113,0.17207446,0.17699957,0.00905655,3.1446,6.0078,1.3945,33.7476,15.3398,149.0527,24.2000,,3.1446,2.6176,2.6176,2.6176,5.2352,6.9366,10.4704,2.6176,-2.6176,2.649994,4.0,1.20132,7,11,5,7,0E-8,0.22641376,,0E-8,0.000000,0.975414,0.000000,,2026-04-18,2026-05-07,5,11,8,20,0.250000,,,0.000000,,,,,,,,GLOBAL_BASELINE_NO_ENTITY_RANKING,,,NOT_APPLICABLE_GLOBAL_BASELINE,HF9g-P5,,,,X 全窗基线 · 不参与实体赏罚,6876564,688,A168_HF9F_20260827_0900,2026-08-27 09:00:00
2026-05-01,148368356,2252,0,10.6377458359,-10.6377458359,-10.6377458359,0E-7,4,2,0.07469806309523811,0.074698350000,-0.40181665373503334,-0.4018174876899344,-0.40181665373503334,-2.8690476189E-7,ELIGIBLE,R03b_20260811_FULL_v1,L1_ELIGIBILITY,v2026-08-11,2026-03-21..2026-08-06,baccarat_bet02_101_all_pairs_incl_sentinel,round_win = game_pnl > 0 (decisive only),COMPATIBILITY_ONLY_NOT_PRODUCTION,745.2633,726.9401,168.7379,237,121,-0.22641376,,-0.22641376,-0.22641376,-168.7379,745.2633,OK,0.0000,6.7495,4.0000,96.0000,AG03-UNRESOLVED,ALL5_LEVELS_bet23_to_bet27,6.7495,6.7495,6.7495,10.1243,10.1243,4.000000,4.000000,4.000000,6.000000,6.000000,96.000000,96.000000,96.000000,94.000000,94.000000,5.0,40.4971,36.8266,128.2408,131.9113,PENDING_AG03,FALSE,NOT_FOR_ENFORCEMENT,161.9883,697.8625,168.7379,161.9883,6.7495,0.22641376,0.21735721,6.7495,161.9883,0.21735721,6.7495,6.7495,6.7495,10.1243,10.1243,161.9883,0.21735721,40.4971,36.8266,128.2408,131.9113,0.17207446,0.17699957,0.00905655,3.1446,6.0078,1.3945,33.7476,15.3398,149.0527,24.2000,,3.1446,2.6176,2.6176,2.6176,5.2352,6.9366,10.4704,2.6176,-2.6176,2.649994,4.0,1.20132,7,11,5,7,0E-8,0.22641376,,0E-8,0.000000,0.975414,0.000000,,2026-04-18,2026-05-07,5,11,8,20,0.250000,,,0.000000,,,,,,,,GLOBAL_BASELINE_NO_ENTITY_RANKING,,,NOT_APPLICABLE_GLOBAL_BASELINE,HF9g-P5,,,,X 全窗基线 · 不参与实体赏罚,6876565,688,A168_HF9F_20260827_0900,2026-08-27 09:00:00
2026-05-07,148368356,1115,0,15.0485184995,-15.0485184995,-15.0485184995,0E-7,5,3,0.07658390000000000,0.076583900000,-0.49880482477181526,-0.49880482477181526,-0.49880482477181526,0E-17,ELIGIBLE,R03b_20260811_FULL_v1,L1_ELIGIBILITY,v2026-08-11,2026-03-21..2026-08-06,baccarat_bet02_101_all_pairs_incl_sentinel,round_win = game_pnl > 0 (decisive only),COMPATIBILITY_ONLY_NOT_PRODUCTION,745.2633,726.9401,168.7379,237,121,-0.22641376,,-0.22641376,-0.22641376,-168.7379,745.2633,OK,0.0000,6.7495,4.0000,96.0000,AG03-UNRESOLVED,ALL5_LEVELS_bet23_to_bet27,6.7495,6.7495,6.7495,10.1243,10.1243,4.000000,4.000000,4.000000,6.000000,6.000000,96.000000,96.000000,96.000000,94.000000,94.000000,5.0,40.4971,36.8266,128.2408,131.9113,PENDING_AG03,FALSE,NOT_FOR_ENFORCEMENT,161.9883,697.8625,168.7379,161.9883,6.7495,0.22641376,0.21735721,6.7495,161.9883,0.21735721,6.7495,6.7495,6.7495,10.1243,10.1243,161.9883,0.21735721,40.4971,36.8266,128.2408,131.9113,0.17207446,0.17699957,0.00905655,3.1446,6.0078,1.3945,33.7476,15.3398,149.0527,24.2000,,3.1446,2.6176,2.6176,2.6176,5.2352,6.9366,10.4704,2.6176,-2.6176,2.649994,4.0,1.20132,7,11,5,7,0E-8,0.22641376,,0E-8,0.000000,0.975414,0.000000,,2026-04-18,2026-05-07,5,11,8,20,0.250000,,,0.000000,,,,,,,,GLOBAL_BASELINE_NO_ENTITY_RANKING,,,NOT_APPLICABLE_GLOBAL_BASELINE,HF9g-P5,,,,X 全窗基线 · 不参与实体赏罚,6876566,688,A168_HF9F_20260827_0900,2026-08-27 09:00:00
2026-03-28,140326985,1402,0,38.0000000000,-38.0000000000,-38.0000000000,0E-7,1,1,0.50665070000000000,0.506650700000,-1.013391052207602,-1.013391052207602,-1.013391052207602,0E-17,ELIGIBLE,R03b_20260811_FULL_v1,L1_ELIGIBILITY,v2026-08-11,2026-03-21..2026-08-06,baccarat_bet02_101_all_pairs_incl_sentinel,round_win = game_pnl > 0 (decisive only),COMPATIBILITY_ONLY_NOT_PRODUCTION,1084.0000,914.0000,167.0000,26,26,-0.15405904,,-0.15405904,-0.15405904,-167.0000,1084.0000,THIN_EXPOSURE,0.0000,5.0100,3.0000,97.0000,AG03-UNRESOLVED,ALL5_LEVELS_bet23_to_bet27,5.0100,5.0100,5.0100,5.0100,5.0100,3.000000,3.000000,3.000000,3.000000,3.000000,97.000000,97.000000,97.000000,97.000000,97.000000,5.0,25.0500,23.5914,141.9500,143.4086,PENDING_AG03,FALSE,NOT_FOR_ENFORCEMENT,161.9900,886.5800,167.0000,161.9900,5.0100,0.15405904,0.14943727,5.0100,161.9900,0.14943727,5.0100,5.0100,5.0100,5.0100,5.0100,161.9900,0.14943727,25.0500,23.5914,141.9500,143.4086,0.13095018,0.13229574,0.00462177,41.6923,35.1538,6.4231,41.7500,33.4000,271.0000,6.5000,,41.6923,20.0,34.0,50.0,70.0,100.0,100.0,30.0,-20.0,2.941176,2.941176,1.226244,5,2,4,2,0E-8,0.15405904,,0E-8,0.000000,0.843173,0.000000,,2026-03-28,2026-05-15,4,5,5,49,0.081633,,,0.000000,,,,,,,,GLOBAL_BASELINE_NO_ENTITY_RANKING,,,NOT_APPLICABLE_GLOBAL_BASELINE,HF9g-P5,,,,X 全窗基线 · 不参与实体赏罚,6876567,688,A168_HF9F_20260827_0900,2026-08-27 09:00:00
2026-05-08,140326985,-1,1,770.0000000000,7.0000000000,7.0000000000,0.4000000,18,18,0.50218230000000000,0.502182300000,-0.7915082314005457,-0.7915082314005457,-0.7915082314005457,0E-17,SENTINEL_DEALER,R03b_20260811_FULL_v1,L1_ELIGIBILITY,v2026-08-11,2026-03-21..2026-08-06,baccarat_bet02_101_all_pairs_incl_sentinel,round_win = game_pnl > 0 (decisive only),COMPATIBILITY_ONLY_NOT_PRODUCTION,1084.0000,914.0000,167.0000,26,26,-0.15405904,,-0.15405904,-0.15405904,-167.0000,1084.0000,THIN_EXPOSURE,0.0000,5.0100,3.0000,97.0000,AG03-UNRESOLVED,ALL5_LEVELS_bet23_to_bet27,5.0100,5.0100,5.0100,5.0100,5.0100,3.000000,3.000000,3.000000,3.000000,3.000000,97.000000,97.000000,97.000000,97.000000,97.000000,5.0,25.0500,23.5914,141.9500,143.4086,PENDING_AG03,FALSE,NOT_FOR_ENFORCEMENT,161.9900,886.5800,167.0000,161.9900,5.0100,0.15405904,0.14943727,5.0100,161.9900,0.14943727,5.0100,5.0100,5.0100,5.0100,5.0100,161.9900,0.14943727,25.0500,23.5914,141.9500,143.4086,0.13095018,0.13229574,0.00462177,41.6923,35.1538,6.4231,41.7500,33.4000,271.0000,6.5000,,41.6923,20.0,34.0,50.0,70.0,100.0,100.0,30.0,-20.0,2.941176,2.941176,1.226244,5,2,4,2,0E-8,0.15405904,,0E-8,0.000000,0.843173,0.000000,,2026-03-28,2026-05-15,4,5,5,49,0.081633,,,0.000000,,,,,,,,GLOBAL_BASELINE_NO_ENTITY_RANKING,,,NOT_APPLICABLE_GLOBAL_BASELINE,HF9g-P5,,,,X 全窗基线 · 不参与实体赏罚,6876568,688,A168_HF9F_20260827_0900,2026-08-27 09:00:00
2026-05-09,140326985,-1,1,26.0000000000,-26.0000000000,-26.0000000000,0E-7,1,1,0.49324550000000000,0.493245500000,-0.9865810262130424,-0.9865810262130424,-0.9865810262130424,0E-17,SENTINEL_DEALER,R03b_20260811_FULL_v1,L1_ELIGIBILITY,v2026-08-11,2026-03-21..2026-08-06,baccarat_bet02_101_all_pairs_incl_sentinel,round_win = game_pnl > 0 (decisive only),COMPATIBILITY_ONLY_NOT_PRODUCTION,1084.0000,914.0000,167.0000,26,26,-0.15405904,,-0.15405904,-0.15405904,-167.0000,1084.0000,THIN_EXPOSURE,0.0000,5.0100,3.0000,97.0000,AG03-UNRESOLVED,ALL5_LEVELS_bet23_to_bet27,5.0100,5.0100,5.0100,5.0100,5.0100,3.000000,3.000000,3.000000,3.000000,3.000000,97.000000,97.000000,97.000000,97.000000,97.000000,5.0,25.0500,23.5914,141.9500,143.4086,PENDING_AG03,FALSE,NOT_FOR_ENFORCEMENT,161.9900,886.5800,167.0000,161.9900,5.0100,0.15405904,0.14943727,5.0100,161.9900,0.14943727,5.0100,5.0100,5.0100,5.0100,5.0100,161.9900,0.14943727,25.0500,23.5914,141.9500,143.4086,0.13095018,0.13229574,0.00462177,41.6923,35.1538,6.4231,41.7500,33.4000,271.0000,6.5000,,41.6923,20.0,34.0,50.0,70.0,100.0,100.0,30.0,-20.0,2.941176,2.941176,1.226244,5,2,4,2,0E-8,0.15405904,,0E-8,0.000000,0.843173,0.000000,,2026-03-28,2026-05-15,4,5,5,49,0.081633,,,0.000000,,,,,,,,GLOBAL_BASELINE_NO_ENTITY_RANKING,,,NOT_APPLICABLE_GLOBAL_BASELINE,HF9g-P5,,,,X 全窗基线 · 不参与实体赏罚,6876569,688,A168_HF9F_20260827_0900,2026-08-27 09:00:00
2026-05-15,140326985,-1,1,250.0000000000,-110.0000000000,-110.0000000000,0.3333333,6,6,0.49771390000000000,0.497713900000,-0.8053054414300617,-0.8053054414300617,-0.8053054414300617,0E-17,SENTINEL_DEALER,R03b_20260811_FULL_v1,L1_ELIGIBILITY,v2026-08-11,2026-03-21..2026-08-06,baccarat_bet02_101_all_pairs_incl_sentinel,round_win = game_pnl > 0 (decisive only),COMPATIBILITY_ONLY_NOT_PRODUCTION,1084.0000,914.0000,167.0000,26,26,-0.15405904,,-0.15405904,-0.15405904,-167.0000,1084.0000,THIN_EXPOSURE,0.0000,5.0100,3.0000,97.0000,AG03-UNRESOLVED,ALL5_LEVELS_bet23_to_bet27,5.0100,5.0100,5.0100,5.0100,5.0100,3.000000,3.000000,3.000000,3.000000,3.000000,97.000000,97.000000,97.000000,97.000000,97.000000,5.0,25.0500,23.5914,141.9500,143.4086,PENDING_AG03,FALSE,NOT_FOR_ENFORCEMENT,161.9900,886.5800,167.0000,161.9900,5.0100,0.15405904,0.14943727,5.0100,161.9900,0.14943727,5.0100,5.0100,5.0100,5.0100,5.0100,161.9900,0.14943727,25.0500,23.5914,141.9500,143.4086,0.13095018,0.13229574,0.00462177,41.6923,35.1538,6.4231,41.7500,33.4000,271.0000,6.5000,,41.6923,20.0,34.0,50.0,70.0,100.0,100.0,30.0,-20.0,2.941176,2.941176,1.226244,5,2,4,2,0E-8,0.15405904,,0E-8,0.000000,0.843173,0.000000,,2026-03-28,2026-05-15,4,5,5,49,0.081633,,,0.000000,,,,,,,,GLOBAL_BASELINE_NO_ENTITY_RANKING,,,NOT_APPLICABLE_GLOBAL_BASELINE,HF9g-P5,,,,X 全窗基线 · 不参与实体赏罚,6876570,688,A168_HF9F_20260827_0900,2026-08-27 09:00:00
2026-07-05,152608464,1318,0,30.0000000000,-30.0000000000,-30.0000000000,0E-7,1,1,0.50665070000000000,0.506650700000,-1.013391052207602,-1.013391052207602,-1.013391052207602,0E-17,ELIGIBLE,R03b_20260811_FULL_v1,L1_ELIGIBILITY,v2026-08-11,2026-03-21..2026-08-06,baccarat_bet02_101_all_pairs_incl_sentinel,round_win = game_pnl > 0 (decisive only),COMPATIBILITY_ONLY_NOT_PRODUCTION,1050.0000,990.0000,167.0000,52,52,-0.15904762,-0.13431373,-1.00000000,-0.15904762,-167.0000,1050.0000,OK,0.0000,5.0100,3.0000,97.0000,AG03-UNRESOLVED,ALL5_LEVELS_bet23_to_bet27,5.0100,5.0100,5.0100,5.0100,5.0100,3.000000,3.000000,3.000000,3.000000,3.000000,97.000000,97.000000,97.000000,97.000000,97.000000,5.0,25.0500,23.5914,141.9500,143.4086,PENDING_AG03,FALSE,NOT_FOR_ENFORCEMENT,161.9900,960.3000,167.0000,161.9900,5.0100,0.15904762,0.15427619,5.0100,161.9900,0.15427619,5.0100,5.0100,5.0100,5.0100,5.0100,161.9900,0.15427619,25.0500,23.5914,141.9500,143.4086,0.13519048,0.1365796,0.00477143,20.1923,19.0385,3.2115,41.7500,6.6800,262.5000,13.0000,20.0000,30.0000,20.0,20.0,20.0,20.0,20.0,29.8,20.0,-20.0,1.0,1.49,1.009615,20,17,2,2,0.97142857,0.15904762,0.13431373,0E-8,0.000000,0.942857,0.000000,0.86568627,2026-07-05,2026-07-28,4,25,23,24,0.166667,0.666667,0.990476,3.238095,,,,,,,,GLOBAL_BASELINE_NO_ENTITY_RANKING,,,NOT_APPLICABLE_GLOBAL_BASELINE,HF9g-P5,,,,X 全窗基线 · 不参与实体赏罚,6876571,688,A168_HF9F_20260827_0900,2026-08-27 09:00:00
2026-07-26,152608464,-1,1,160.0000000000,-42.0000000000,-42.0000000000,0.3750000,8,8,0.50329940000000000,0.503299400000,-0.7257868081583192,-0.7257868081583192,-0.7257868081583192,0E-17,SENTINEL_DEALER,R03b_20260811_FULL_v1,L1_ELIGIBILITY,v2026-08-11,2026-03-21..2026-08-06,baccarat_bet02_101_all_pairs_incl_sentinel,round_win = game_pnl > 0 (decisive only),COMPATIBILITY_ONLY_NOT_PRODUCTION,1050.0000,990.0000,167.0000,52,52,-0.15904762,-0.13431373,-1.00000000,-0.15904762,-167.0000,1050.0000,OK,0.0000,5.0100,3.0000,97.0000,AG03-UNRESOLVED,ALL5_LEVELS_bet23_to_bet27,5.0100,5.0100,5.0100,5.0100,5.0100,3.000000,3.000000,3.000000,3.000000,3.000000,97.000000,97.000000,97.000000,97.000000,97.000000,5.0,25.0500,23.5914,141.9500,143.4086,PENDING_AG03,FALSE,NOT_FOR_ENFORCEMENT,161.9900,960.3000,167.0000,161.9900,5.0100,0.15904762,0.15427619,5.0100,161.9900,0.15427619,5.0100,5.0100,5.0100,5.0100,5.0100,161.9900,0.15427619,25.0500,23.5914,141.9500,143.4086,0.13519048,0.1365796,0.00477143,20.1923,19.0385,3.2115,41.7500,6.6800,262.5000,13.0000,20.0000,30.0000,20.0,20.0,20.0,20.0,20.0,29.8,20.0,-20.0,1.0,1.49,1.009615,20,17,2,2,0.97142857,0.15904762,0.13431373,0E-8,0.000000,0.942857,0.000000,0.86568627,2026-07-05,2026-07-28,4,25,23,24,0.166667,0.666667,0.990476,3.238095,,,,,,,,GLOBAL_BASELINE_NO_ENTITY_RANKING,,,NOT_APPLICABLE_GLOBAL_BASELINE,HF9g-P5,,,,X 全窗基线 · 不参与实体赏罚,6876572,688,A168_HF9F_20260827_0900,2026-08-27 09:00:00
2026-07-26,152608464,1115,0,20.0000000000,-20.0000000000,-20.0000000000,0E-7,1,1,0.50665070000000000,0.506650700000,-1.013391052207602,-1.013391052207602,-1.013391052207602,0E-17,ELIGIBLE,R03b_20260811_FULL_v1,L1_ELIGIBILITY,v2026-08-11,2026-03-21..2026-08-06,baccarat_bet02_101_all_pairs_incl_sentinel,round_win = game_pnl > 0 (decisive only),COMPATIBILITY_ONLY_NOT_PRODUCTION,1050.0000,990.0000,167.0000,52,52,-0.15904762,-0.13431373,-1.00000000,-0.15904762,-167.0000,1050.0000,OK,0.0000,5.0100,3.0000,97.0000,AG03-UNRESOLVED,ALL5_LEVELS_bet23_to_bet27,5.0100,5.0100,5.0100,5.0100,5.0100,3.000000,3.000000,3.000000,3.000000,3.000000,97.000000,97.000000,97.000000,97.000000,97.000000,5.0,25.0500,23.5914,141.9500,143.4086,PENDING_AG03,FALSE,NOT_FOR_ENFORCEMENT,161.9900,960.3000,167.0000,161.9900,5.0100,0.15904762,0.15427619,5.0100,161.9900,0.15427619,5.0100,5.0100,5.0100,5.0100,5.0100,161.9900,0.15427619,25.0500,23.5914,141.9500,143.4086,0.13519048,0.1365796,0.00477143,20.1923,19.0385,3.2115,41.7500,6.6800,262.5000,13.0000,20.0000,30.0000,20.0,20.0,20.0,20.0,20.0,29.8,20.0,-20.0,1.0,1.49,1.009615,20,17,2,2,0.97142857,0.15904762,0.13431373,0E-8,0.000000,0.942857,0.000000,0.86568627,2026-07-05,2026-07-28,4,25,23,24,0.166667,0.666667,0.990476,3.238095,,,,,,,,GLOBAL_BASELINE_NO_ENTITY_RANKING,,,NOT_APPLICABLE_GLOBAL_BASELINE,HF9g-P5,,,,X 全窗基线 · 不参与实体赏罚,6876573,688,A168_HF9F_20260827_0900,2026-08-27 09:00:00
2026-07-26,152608464,1205,0,20.0000000000,-20.0000000000,-20.0000000000,0E-7,1,1,0.50665070000000000,0.506650700000,-1.013391052207602,-1.013391052207602,-1.013391052207602,0E-17,ELIGIBLE,R03b_20260811_FULL_v1,L1_ELIGIBILITY,v2026-08-11,2026-03-21..2026-08-06,baccarat_bet02_101_all_pairs_incl_sentinel,round_win = game_pnl > 0 (decisive only),COMPATIBILITY_ONLY_NOT_PRODUCTION,1050.0000,990.0000,167.0000,52,52,-0.15904762,-0.13431373,-1.00000000,-0.15904762,-167.0000,1050.0000,OK,0.0000,5.0100,3.0000,97.0000,AG03-UNRESOLVED,ALL5_LEVELS_bet23_to_bet27,5.0100,5.0100,5.0100,5.0100,5.0100,3.000000,3.000000,3.000000,3.000000,3.000000,97.000000,97.000000,97.000000,97.000000,97.000000,5.0,25.0500,23.5914,141.9500,143.4086,PENDING_AG03,FALSE,NOT_FOR_ENFORCEMENT,161.9900,960.3000,167.0000,161.9900,5.0100,0.15904762,0.15427619,5.0100,161.9900,0.15427619,5.0100,5.0100,5.0100,5.0100,5.0100,161.9900,0.15427619,25.0500,23.5914,141.9500,143.4086,0.13519048,0.1365796,0.00477143,20.1923,19.0385,3.2115,41.7500,6.6800,262.5000,13.0000,20.0000,30.0000,20.0,20.0,20.0,20.0,20.0,29.8,20.0,-20.0,1.0,1.49,1.009615,20,17,2,2,0.97142857,0.15904762,0.13431373,0E-8,0.000000,0.942857,0.000000,0.86568627,2026-07-05,2026-07-28,4,25,23,24,0.166667,0.666667,0.990476,3.238095,,,,,,,,GLOBAL_BASELINE_NO_ENTITY_RANKING,,,NOT_APPLICABLE_GLOBAL_BASELINE,HF9g-P5,,,,X 全窗基线 · 不参与实体赏罚,6876574,688,A168_HF9F_20260827_0900,2026-08-27 09:00:00
2026-07-26,152608464,1325,0,20.0000000000,-20.0000000000,-20.0000000000,0E-7,1,1,0.50665070000000000,0.506650700000,-1.013391052207602,-1.013391052207602,-1.013391052207602,0E-17,ELIGIBLE,R03b_20260811_FULL_v1,L1_ELIGIBILITY,v2026-08-11,2026-03-21..2026-08-06,baccarat_bet02_101_all_pairs_incl_sentinel,round_win = game_pnl > 0 (decisive only),COMPATIBILITY_ONLY_NOT_PRODUCTION,1050.0000,990.0000,167.0000,52,52,-0.15904762,-0.13431373,-1.00000000,-0.15904762,-167.0000,1050.0000,OK,0.0000,5.0100,3.0000,97.0000,AG03-UNRESOLVED,ALL5_LEVELS_bet23_to_bet27,5.0100,5.0100,5.0100,5.0100,5.0100,3.000000,3.000000,3.000000,3.000000,3.000000,97.000000,97.000000,97.000000,97.000000,97.000000,5.0,25.0500,23.5914,141.9500,143.4086,PENDING_AG03,FALSE,NOT_FOR_ENFORCEMENT,161.9900,960.3000,167.0000,161.9900,5.0100,0.15904762,0.15427619,5.0100,161.9900,0.15427619,5.0100,5.0100,5.0100,5.0100,5.0100,161.9900,0.15427619,25.0500,23.5914,141.9500,143.4086,0.13519048,0.1365796,0.00477143,20.1923,19.0385,3.2115,41.7500,6.6800,262.5000,13.0000,20.0000,30.0000,20.0,20.0,20.0,20.0,20.0,29.8,20.0,-20.0,1.0,1.49,1.009615,20,17,2,2,0.97142857,0.15904762,0.13431373,0E-8,0.000000,0.942857,0.000000,0.86568627,2026-07-05,2026-07-28,4,25,23,24,0.166667,0.666667,0.990476,3.238095,,,,,,,,GLOBAL_BASELINE_NO_ENTITY_RANKING,,,NOT_APPLICABLE_GLOBAL_BASELINE,HF9g-P5,,,,X 全窗基线 · 不参与实体赏罚,6876575,688,A168_HF9F_20260827_0900,2026-08-27 09:00:00
2026-07-26,152608464,1331,0,20.0000000000,-20.0000000000,-20.0000000000,0E-7,1,1,0.50665070000000000,0.506650700000,-1.013391052207602,-1.013391052207602,-1.013391052207602,0E-17,ELIGIBLE,R03b_20260811_FULL_v1,L1_ELIGIBILITY,v2026-08-11,2026-03-21..2026-08-06,baccarat_bet02_101_all_pairs_incl_sentinel,round_win = game_pnl > 0 (decisive only),COMPATIBILITY_ONLY_NOT_PRODUCTION,1050.0000,990.0000,167.0000,52,52,-0.15904762,-0.13431373,-1.00000000,-0.15904762,-167.0000,1050.0000,OK,0.0000,5.0100,3.0000,97.0000,AG03-UNRESOLVED,ALL5_LEVELS_bet23_to_bet27,5.0100,5.0100,5.0100,5.0100,5.0100,3.000000,3.000000,3.000000,3.000000,3.000000,97.000000,97.000000,97.000000,97.000000,97.000000,5.0,25.0500,23.5914,141.9500,143.4086,PENDING_AG03,FALSE,NOT_FOR_ENFORCEMENT,161.9900,960.3000,167.0000,161.9900,5.0100,0.15904762,0.15427619,5.0100,161.9900,0.15427619,5.0100,5.0100,5.0100,5.0100,5.0100,161.9900,0.15427619,25.0500,23.5914,141.9500,143.4086,0.13519048,0.1365796,0.00477143,20.1923,19.0385,3.2115,41.7500,6.6800,262.5000,13.0000,20.0000,30.0000,20.0,20.0,20.0,20.0,20.0,29.8,20.0,-20.0,1.0,1.49,1.009615,20,17,2,2,0.97142857,0.15904762,0.13431373,0E-8,0.000000,0.942857,0.000000,0.86568627,2026-07-05,2026-07-28,4,25,23,24,0.166667,0.666667,0.990476,3.238095,,,,,,,,GLOBAL_BASELINE_NO_ENTITY_RANKING,,,NOT_APPLICABLE_GLOBAL_BASELINE,HF9g-P5,,,,X 全窗基线 · 不参与实体赏罚,6876576,688,A168_HF9F_20260827_0900,2026-08-27 09:00:00
2026-07-26,152608464,1994,0,80.0000000000,76.0000000000,76.0000000000,1.0000000,4,4,0.50665070000000000,0.506650700000,1.9735717970305138,1.9735717970305138,1.9735717970305138,0E-17,ELIGIBLE,R03b_20260811_FULL_v1,L1_ELIGIBILITY,v2026-08-11,2026-03-21..2026-08-06,baccarat_bet02_101_all_pairs_incl_sentinel,round_win = game_pnl > 0 (decisive only),COMPATIBILITY_ONLY_NOT_PRODUCTION,1050.0000,990.0000,167.0000,52,52,-0.15904762,-0.13431373,-1.00000000,-0.15904762,-167.0000,1050.0000,OK,0.0000,5.0100,3.0000,97.0000,AG03-UNRESOLVED,ALL5_LEVELS_bet23_to_bet27,5.0100,5.0100,5.0100,5.0100,5.0100,3.000000,3.000000,3.000000,3.000000,3.000000,97.000000,97.000000,97.000000,97.000000,97.000000,5.0,25.0500,23.5914,141.9500,143.4086,PENDING_AG03,FALSE,NOT_FOR_ENFORCEMENT,161.9900,960.3000,167.0000,161.9900,5.0100,0.15904762,0.15427619,5.0100,161.9900,0.15427619,5.0100,5.0100,5.0100,5.0100,5.0100,161.9900,0.15427619,25.0500,23.5914,141.9500,143.4086,0.13519048,0.1365796,0.00477143,20.1923,19.0385,3.2115,41.7500,6.6800,262.5000,13.0000,20.0000,30.0000,20.0,20.0,20.0,20.0,20.0,29.8,20.0,-20.0,1.0,1.49,1.009615,20,17,2,2,0.97142857,0.15904762,0.13431373,0E-8,0.000000,0.942857,0.000000,0.86568627,2026-07-05,2026-07-28,4,25,23,24,0.166667,0.666667,0.990476,3.238095,,,,,,,,GLOBAL_BASELINE_NO_ENTITY_RANKING,,,NOT_APPLICABLE_GLOBAL_BASELINE,HF9g-P5,,,,X 全窗基线 · 不参与实体赏罚,6876577,688,A168_HF9F_20260827_0900,2026-08-27 09:00:00
2026-07-26,152608464,2147,0,60.0000000000,-20.0000000000,-20.0000000000,0.3333333,3,3,0.49324550000000000,0.493245500000,-0.5540025479526107,-0.5540025479526106,-0.5540025479526107,0E-17,ELIGIBLE,R03b_20260811_FULL_v1,L1_ELIGIBILITY,v2026-08-11,2026-03-21..2026-08-06,baccarat_bet02_101_all_pairs_incl_sentinel,round_win = game_pnl > 0 (decisive only),COMPATIBILITY_ONLY_NOT_PRODUCTION,1050.0000,990.0000,167.0000,52,52,-0.15904762,-0.13431373,-1.00000000,-0.15904762,-167.0000,1050.0000,OK,0.0000,5.0100,3.0000,97.0000,AG03-UNRESOLVED,ALL5_LEVELS_bet23_to_bet27,5.0100,5.0100,5.0100,5.0100,5.0100,3.000000,3.000000,3.000000,3.000000,3.000000,97.000000,97.000000,97.000000,97.000000,97.000000,5.0,25.0500,23.5914,141.9500,143.4086,PENDING_AG03,FALSE,NOT_FOR_ENFORCEMENT,161.9900,960.3000,167.0000,161.9900,5.0100,0.15904762,0.15427619,5.0100,161.9900,0.15427619,5.0100,5.0100,5.0100,5.0100,5.0100,161.9900,0.15427619,25.0500,23.5914,141.9500,143.4086,0.13519048,0.1365796,0.00477143,20.1923,19.0385,3.2115,41.7500,6.6800,262.5000,13.0000,20.0000,30.0000,20.0,20.0,20.0,20.0,20.0,29.8,20.0,-20.0,1.0,1.49,1.009615,20,17,2,2,0.97142857,0.15904762,0.13431373,0E-8,0.000000,0.942857,0.000000,0.86568627,2026-07-05,2026-07-28,4,25,23,24,0.166667,0.666667,0.990476,3.238095,,,,,,,,GLOBAL_BASELINE_NO_ENTITY_RANKING,,,NOT_APPLICABLE_GLOBAL_BASELINE,HF9g-P5,,,,X 全窗基线 · 不参与实体赏罚,6876578,688,A168_HF9F_20260827_0900,2026-08-27 09:00:00
2026-07-26,152608464,2167,0,20.0000000000,-20.0000000000,-20.0000000000,0E-7,1,1,0.49324550000000000,0.493245500000,-0.9865810262130424,-0.9865810262130424,-0.9865810262130424,0E-17,ELIGIBLE,R03b_20260811_FULL_v1,L1_ELIGIBILITY,v2026-08-11,2026-03-21..2026-08-06,baccarat_bet02_101_all_pairs_incl_sentinel,round_win = game_pnl > 0 (decisive only),COMPATIBILITY_ONLY_NOT_PRODUCTION,1050.0000,990.0000,167.0000,52,52,-0.15904762,-0.13431373,-1.00000000,-0.15904762,-167.0000,1050.0000,OK,0.0000,5.0100,3.0000,97.0000,AG03-UNRESOLVED,ALL5_LEVELS_bet23_to_bet27,5.0100,5.0100,5.0100,5.0100,5.0100,3.000000,3.000000,3.000000,3.000000,3.000000,97.000000,97.000000,97.000000,97.000000,97.000000,5.0,25.0500,23.5914,141.9500,143.4086,PENDING_AG03,FALSE,NOT_FOR_ENFORCEMENT,161.9900,960.3000,167.0000,161.9900,5.0100,0.15904762,0.15427619,5.0100,161.9900,0.15427619,5.0100,5.0100,5.0100,5.0100,5.0100,161.9900,0.15427619,25.0500,23.5914,141.9500,143.4086,0.13519048,0.1365796,0.00477143,20.1923,19.0385,3.2115,41.7500,6.6800,262.5000,13.0000,20.0000,30.0000,20.0,20.0,20.0,20.0,20.0,29.8,20.0,-20.0,1.0,1.49,1.009615,20,17,2,2,0.97142857,0.15904762,0.13431373,0E-8,0.000000,0.942857,0.000000,0.86568627,2026-07-05,2026-07-28,4,25,23,24,0.166667,0.666667,0.990476,3.238095,,,,,,,,GLOBAL_BASELINE_NO_ENTITY_RANKING,,,NOT_APPLICABLE_GLOBAL_BASELINE,HF9g-P5,,,,X 全窗基线 · 不参与实体赏罚,6876579,688,A168_HF9F_20260827_0900,2026-08-27 09:00:00
2026-07-26,152608464,2171,0,20.0000000000,-20.0000000000,-20.0000000000,0E-7,1,1,0.49324550000000000,0.493245500000,-0.9865810262130424,-0.9865810262130424,-0.9865810262130424,0E-17,ELIGIBLE,R03b_20260811_FULL_v1,L1_ELIGIBILITY,v2026-08-11,2026-03-21..2026-08-06,baccarat_bet02_101_all_pairs_incl_sentinel,round_win = game_pnl > 0 (decisive only),COMPATIBILITY_ONLY_NOT_PRODUCTION,1050.0000,990.0000,167.0000,52,52,-0.15904762,-0.13431373,-1.00000000,-0.15904762,-167.0000,1050.0000,OK,0.0000,5.0100,3.0000,97.0000,AG03-UNRESOLVED,ALL5_LEVELS_bet23_to_bet27,5.0100,5.0100,5.0100,5.0100,5.0100,3.000000,3.000000,3.000000,3.000000,3.000000,97.000000,97.000000,97.000000,97.000000,97.000000,5.0,25.0500,23.5914,141.9500,143.4086,PENDING_AG03,FALSE,NOT_FOR_ENFORCEMENT,161.9900,960.3000,167.0000,161.9900,5.0100,0.15904762,0.15427619,5.0100,161.9900,0.15427619,5.0100,5.0100,5.0100,5.0100,5.0100,161.9900,0.15427619,25.0500,23.5914,141.9500,143.4086,0.13519048,0.1365796,0.00477143,20.1923,19.0385,3.2115,41.7500,6.6800,262.5000,13.0000,20.0000,30.0000,20.0,20.0,20.0,20.0,20.0,29.8,20.0,-20.0,1.0,1.49,1.009615,20,17,2,2,0.97142857,0.15904762,0.13431373,0E-8,0.000000,0.942857,0.000000,0.86568627,2026-07-05,2026-07-28,4,25,23,24,0.166667,0.666667,0.990476,3.238095,,,,,,,,GLOBAL_BASELINE_NO_ENTITY_RANKING,,,NOT_APPLICABLE_GLOBAL_BASELINE,HF9g-P5,,,,X 全窗基线 · 不参与实体赏罚,6876580,688,A168_HF9F_20260827_0900,2026-08-27 09:00:00
2026-07-26,152608464,2287,0,60.0000000000,18.0000000000,18.0000000000,0.6666667,3,3,0.50665070000000000,0.506650700000,0.5543606114942035,0.5543606114942035,0.5543606114942035,0E-17,ELIGIBLE,R03b_20260811_FULL_v1,L1_ELIGIBILITY,v2026-08-11,2026-03-21..2026-08-06,baccarat_bet02_101_all_pairs_incl_sentinel,round_win = game_pnl > 0 (decisive only),COMPATIBILITY_ONLY_NOT_PRODUCTION,1050.0000,990.0000,167.0000,52,52,-0.15904762,-0.13431373,-1.00000000,-0.15904762,-167.0000,1050.0000,OK,0.0000,5.0100,3.0000,97.0000,AG03-UNRESOLVED,ALL5_LEVELS_bet23_to_bet27,5.0100,5.0100,5.0100,5.0100,5.0100,3.000000,3.000000,3.000000,3.000000,3.000000,97.000000,97.000000,97.000000,97.000000,97.000000,5.0,25.0500,23.5914,141.9500,143.4086,PENDING_AG03,FALSE,NOT_FOR_ENFORCEMENT,161.9900,960.3000,167.0000,161.9900,5.0100,0.15904762,0.15427619,5.0100,161.9900,0.15427619,5.0100,5.0100,5.0100,5.0100,5.0100,161.9900,0.15427619,25.0500,23.5914,141.9500,143.4086,0.13519048,0.1365796,0.00477143,20.1923,19.0385,3.2115,41.7500,6.6800,262.5000,13.0000,20.0000,30.0000,20.0,20.0,20.0,20.0,20.0,29.8,20.0,-20.0,1.0,1.49,1.009615,20,17,2,2,0.97142857,0.15904762,0.13431373,0E-8,0.000000,0.942857,0.000000,0.86568627,2026-07-05,2026-07-28,4,25,23,24,0.166667,0.666667,0.990476,3.238095,,,,,,,,GLOBAL_BASELINE_NO_ENTITY_RANKING,,,NOT_APPLICABLE_GLOBAL_BASELINE,HF9g-P5,,,,X 全窗基线 · 不参与实体赏罚,6876581,688,A168_HF9F_20260827_0900,2026-08-27 09:00:00
2026-07-26,152608464,759,0,40.0000000000,-1.0000000000,-1.0000000000,0.5000000,2,2,0.50665070000000000,0.506650700000,-0.018812684590367487,-0.018812684590367487,-0.018812684590367487,0E-17,ELIGIBLE,R03b_20260811_FULL_v1,L1_ELIGIBILITY,v2026-08-11,2026-03-21..2026-08-06,baccarat_bet02_101_all_pairs_incl_sentinel,round_win = game_pnl > 0 (decisive only),COMPATIBILITY_ONLY_NOT_PRODUCTION,1050.0000,990.0000,167.0000,52,52,-0.15904762,-0.13431373,-1.00000000,-0.15904762,-167.0000,1050.0000,OK,0.0000,5.0100,3.0000,97.0000,AG03-UNRESOLVED,ALL5_LEVELS_bet23_to_bet27,5.0100,5.0100,5.0100,5.0100,5.0100,3.000000,3.000000,3.000000,3.000000,3.000000,97.000000,97.000000,97.000000,97.000000,97.000000,5.0,25.0500,23.5914,141.9500,143.4086,PENDING_AG03,FALSE,NOT_FOR_ENFORCEMENT,161.9900,960.3000,167.0000,161.9900,5.0100,0.15904762,0.15427619,5.0100,161.9900,0.15427619,5.0100,5.0100,5.0100,5.0100,5.0100,161.9900,0.15427619,25.0500,23.5914,141.9500,143.4086,0.13519048,0.1365796,0.00477143,20.1923,19.0385,3.2115,41.7500,6.6800,262.5000,13.0000,20.0000,30.0000,20.0,20.0,20.0,20.0,20.0,29.8,20.0,-20.0,1.0,1.49,1.009615,20,17,2,2,0.97142857,0.15904762,0.13431373,0E-8,0.000000,0.942857,0.000000,0.86568627,2026-07-05,2026-07-28,4,25,23,24,0.166667,0.666667,0.990476,3.238095,,,,,,,,GLOBAL_BASELINE_NO_ENTITY_RANKING,,,NOT_APPLICABLE_GLOBAL_BASELINE,HF9g-P5,,,,X 全窗基线 · 不参与实体赏罚,6876582,688,A168_HF9F_20260827_0900,2026-08-27 09:00:00
2026-07-27,152608464,-1,1,240.0000000000,-25.0000000000,-25.0000000000,0.4545455,12,12,0.50441650000000000,0.504416500000,-0.33081999720326294,-0.33081999720326294,-0.33081999720326294,0E-17,SENTINEL_DEALER,R03b_20260811_FULL_v1,L1_ELIGIBILITY,v2026-08-11,2026-03-21..2026-08-06,baccarat_bet02_101_all_pairs_incl_sentinel,round_win = game_pnl > 0 (decisive only),COMPATIBILITY_ONLY_NOT_PRODUCTION,1050.0000,990.0000,167.0000,52,52,-0.15904762,-0.13431373,-1.00000000,-0.15904762,-167.0000,1050.0000,OK,0.0000,5.0100,3.0000,97.0000,AG03-UNRESOLVED,ALL5_LEVELS_bet23_to_bet27,5.0100,5.0100,5.0100,5.0100,5.0100,3.000000,3.000000,3.000000,3.000000,3.000000,97.000000,97.000000,97.000000,97.000000,97.000000,5.0,25.0500,23.5914,141.9500,143.4086,PENDING_AG03,FALSE,NOT_FOR_ENFORCEMENT,161.9900,960.3000,167.0000,161.9900,5.0100,0.15904762,0.15427619,5.0100,161.9900,0.15427619,5.0100,5.0100,5.0100,5.0100,5.0100,161.9900,0.15427619,25.0500,23.5914,141.9500,143.4086,0.13519048,0.1365796,0.00477143,20.1923,19.0385,3.2115,41.7500,6.6800,262.5000,13.0000,20.0000,30.0000,20.0,20.0,20.0,20.0,20.0,29.8,20.0,-20.0,1.0,1.49,1.009615,20,17,2,2,0.97142857,0.15904762,0.13431373,0E-8,0.000000,0.942857,0.000000,0.86568627,2026-07-05,2026-07-28,4,25,23,24,0.166667,0.666667,0.990476,3.238095,,,,,,,,GLOBAL_BASELINE_NO_ENTITY_RANKING,,,NOT_APPLICABLE_GLOBAL_BASELINE,HF9g-P5,,,,X 全窗基线 · 不参与实体赏罚,6876583,688,A168_HF9F_20260827_0900,2026-08-27 09:00:00
2026-07-27,152608464,1306,0,80.0000000000,18.0000000000,18.0000000000,0.6666667,4,4,0.50665070000000000,0.506650700000,0.5543606114942035,0.5543606114942035,0.5543606114942035,0E-17,ELIGIBLE,R03b_20260811_FULL_v1,L1_ELIGIBILITY,v2026-08-11,2026-03-21..2026-08-06,baccarat_bet02_101_all_pairs_incl_sentinel,round_win = game_pnl > 0 (decisive only),COMPATIBILITY_ONLY_NOT_PRODUCTION,1050.0000,990.0000,167.0000,52,52,-0.15904762,-0.13431373,-1.00000000,-0.15904762,-167.0000,1050.0000,OK,0.0000,5.0100,3.0000,97.0000,AG03-UNRESOLVED,ALL5_LEVELS_bet23_to_bet27,5.0100,5.0100,5.0100,5.0100,5.0100,3.000000,3.000000,3.000000,3.000000,3.000000,97.000000,97.000000,97.000000,97.000000,97.000000,5.0,25.0500,23.5914,141.9500,143.4086,PENDING_AG03,FALSE,NOT_FOR_ENFORCEMENT,161.9900,960.3000,167.0000,161.9900,5.0100,0.15904762,0.15427619,5.0100,161.9900,0.15427619,5.0100,5.0100,5.0100,5.0100,5.0100,161.9900,0.15427619,25.0500,23.5914,141.9500,143.4086,0.13519048,0.1365796,0.00477143,20.1923,19.0385,3.2115,41.7500,6.6800,262.5000,13.0000,20.0000,30.0000,20.0,20.0,20.0,20.0,20.0,29.8,20.0,-20.0,1.0,1.49,1.009615,20,17,2,2,0.97142857,0.15904762,0.13431373,0E-8,0.000000,0.942857,0.000000,0.86568627,2026-07-05,2026-07-28,4,25,23,24,0.166667,0.666667,0.990476,3.238095,,,,,,,,GLOBAL_BASELINE_NO_ENTITY_RANKING,,,NOT_APPLICABLE_GLOBAL_BASELINE,HF9g-P5,,,,X 全窗基线 · 不参与实体赏罚,6876584,688,A168_HF9F_20260827_0900,2026-08-27 09:00:00
2026-07-27,152608464,1330,0,20.0000000000,-20.0000000000,-20.0000000000,0E-7,1,1,0.50665070000000000,0.506650700000,-1.013391052207602,-1.013391052207602,-1.013391052207602,0E-17,ELIGIBLE,R03b_20260811_FULL_v1,L1_ELIGIBILITY,v2026-08-11,2026-03-21..2026-08-06,baccarat_bet02_101_all_pairs_incl_sentinel,round_win = game_pnl > 0 (decisive only),COMPATIBILITY_ONLY_NOT_PRODUCTION,1050.0000,990.0000,167.0000,52,52,-0.15904762,-0.13431373,-1.00000000,-0.15904762,-167.0000,1050.0000,OK,0.0000,5.0100,3.0000,97.0000,AG03-UNRESOLVED,ALL5_LEVELS_bet23_to_bet27,5.0100,5.0100,5.0100,5.0100,5.0100,3.000000,3.000000,3.000000,3.000000,3.000000,97.000000,97.000000,97.000000,97.000000,97.000000,5.0,25.0500,23.5914,141.9500,143.4086,PENDING_AG03,FALSE,NOT_FOR_ENFORCEMENT,161.9900,960.3000,167.0000,161.9900,5.0100,0.15904762,0.15427619,5.0100,161.9900,0.15427619,5.0100,5.0100,5.0100,5.0100,5.0100,161.9900,0.15427619,25.0500,23.5914,141.9500,143.4086,0.13519048,0.1365796,0.00477143,20.1923,19.0385,3.2115,41.7500,6.6800,262.5000,13.0000,20.0000,30.0000,20.0,20.0,20.0,20.0,20.0,29.8,20.0,-20.0,1.0,1.49,1.009615,20,17,2,2,0.97142857,0.15904762,0.13431373,0E-8,0.000000,0.942857,0.000000,0.86568627,2026-07-05,2026-07-28,4,25,23,24,0.166667,0.666667,0.990476,3.238095,,,,,,,,GLOBAL_BASELINE_NO_ENTITY_RANKING,,,NOT_APPLICABLE_GLOBAL_BASELINE,HF9g-P5,,,,X 全窗基线 · 不参与实体赏罚,6876585,688,A168_HF9F_20260827_0900,2026-08-27 09:00:00
2026-07-27,152608464,1966,0,20.0000000000,-20.0000000000,-20.0000000000,0E-7,1,1,0.49324550000000000,0.493245500000,-0.9865810262130424,-0.9865810262130424,-0.9865810262130424,0E-17,ELIGIBLE,R03b_20260811_FULL_v1,L1_ELIGIBILITY,v2026-08-11,2026-03-21..2026-08-06,baccarat_bet02_101_all_pairs_incl_sentinel,round_win = game_pnl > 0 (decisive only),COMPATIBILITY_ONLY_NOT_PRODUCTION,1050.0000,990.0000,167.0000,52,52,-0.15904762,-0.13431373,-1.00000000,-0.15904762,-167.0000,1050.0000,OK,0.0000,5.0100,3.0000,97.0000,AG03-UNRESOLVED,ALL5_LEVELS_bet23_to_bet27,5.0100,5.0100,5.0100,5.0100,5.0100,3.000000,3.000000,3.000000,3.000000,3.000000,97.000000,97.000000,97.000000,97.000000,97.000000,5.0,25.0500,23.5914,141.9500,143.4086,PENDING_AG03,FALSE,NOT_FOR_ENFORCEMENT,161.9900,960.3000,167.0000,161.9900,5.0100,0.15904762,0.15427619,5.0100,161.9900,0.15427619,5.0100,5.0100,5.0100,5.0100,5.0100,161.9900,0.15427619,25.0500,23.5914,141.9500,143.4086,0.13519048,0.1365796,0.00477143,20.1923,19.0385,3.2115,41.7500,6.6800,262.5000,13.0000,20.0000,30.0000,20.0,20.0,20.0,20.0,20.0,29.8,20.0,-20.0,1.0,1.49,1.009615,20,17,2,2,0.97142857,0.15904762,0.13431373,0E-8,0.000000,0.942857,0.000000,0.86568627,2026-07-05,2026-07-28,4,25,23,24,0.166667,0.666667,0.990476,3.238095,,,,,,,,GLOBAL_BASELINE_NO_ENTITY_RANKING,,,NOT_APPLICABLE_GLOBAL_BASELINE,HF9g-P5,,,,X 全窗基线 · 不参与实体赏罚,6876586,688,A168_HF9F_20260827_0900,2026-08-27 09:00:00
2026-07-28,152608464,-1,1,20.0000000000,-20.0000000000,-20.0000000000,0E-7,1,1,0.49324550000000000,0.493245500000,-0.9865810262130424,-0.9865810262130424,-0.9865810262130424,0E-17,SENTINEL_DEALER,R03b_20260811_FULL_v1,L1_ELIGIBILITY,v2026-08-11,2026-03-21..2026-08-06,baccarat_bet02_101_all_pairs_incl_sentinel,round_win = game_pnl > 0 (decisive only),COMPATIBILITY_ONLY_NOT_PRODUCTION,1050.0000,990.0000,167.0000,52,52,-0.15904762,-0.13431373,-1.00000000,-0.15904762,-167.0000,1050.0000,OK,0.0000,5.0100,3.0000,97.0000,AG03-UNRESOLVED,ALL5_LEVELS_bet23_to_bet27,5.0100,5.0100,5.0100,5.0100,5.0100,3.000000,3.000000,3.000000,3.000000,3.000000,97.000000,97.000000,97.000000,97.000000,97.000000,5.0,25.0500,23.5914,141.9500,143.4086,PENDING_AG03,FALSE,NOT_FOR_ENFORCEMENT,161.9900,960.3000,167.0000,161.9900,5.0100,0.15904762,0.15427619,5.0100,161.9900,0.15427619,5.0100,5.0100,5.0100,5.0100,5.0100,161.9900,0.15427619,25.0500,23.5914,141.9500,143.4086,0.13519048,0.1365796,0.00477143,20.1923,19.0385,3.2115,41.7500,6.6800,262.5000,13.0000,20.0000,30.0000,20.0,20.0,20.0,20.0,20.0,29.8,20.0,-20.0,1.0,1.49,1.009615,20,17,2,2,0.97142857,0.15904762,0.13431373,0E-8,0.000000,0.942857,0.000000,0.86568627,2026-07-05,2026-07-28,4,25,23,24,0.166667,0.666667,0.990476,3.238095,,,,,,,,GLOBAL_BASELINE_NO_ENTITY_RANKING,,,NOT_APPLICABLE_GLOBAL_BASELINE,HF9g-P5,,,,X 全窗基线 · 不参与实体赏罚,6876587,688,A168_HF9F_20260827_0900,2026-08-27 09:00:00
2026-07-28,152608464,2108,0,80.0000000000,20.0000000000,20.0000000000,0.6666667,4,4,0.49324550000000000,0.493245500000,0.6008033672792107,0.6008033672792106,0.6008033672792107,0E-17,ELIGIBLE,R03b_20260811_FULL_v1,L1_ELIGIBILITY,v2026-08-11,2026-03-21..2026-08-06,baccarat_bet02_101_all_pairs_incl_sentinel,round_win = game_pnl > 0 (decisive only),COMPATIBILITY_ONLY_NOT_PRODUCTION,1050.0000,990.0000,167.0000,52,52,-0.15904762,-0.13431373,-1.00000000,-0.15904762,-167.0000,1050.0000,OK,0.0000,5.0100,3.0000,97.0000,AG03-UNRESOLVED,ALL5_LEVELS_bet23_to_bet27,5.0100,5.0100,5.0100,5.0100,5.0100,3.000000,3.000000,3.000000,3.000000,3.000000,97.000000,97.000000,97.000000,97.000000,97.000000,5.0,25.0500,23.5914,141.9500,143.4086,PENDING_AG03,FALSE,NOT_FOR_ENFORCEMENT,161.9900,960.3000,167.0000,161.9900,5.0100,0.15904762,0.15427619,5.0100,161.9900,0.15427619,5.0100,5.0100,5.0100,5.0100,5.0100,161.9900,0.15427619,25.0500,23.5914,141.9500,143.4086,0.13519048,0.1365796,0.00477143,20.1923,19.0385,3.2115,41.7500,6.6800,262.5000,13.0000,20.0000,30.0000,20.0,20.0,20.0,20.0,20.0,29.8,20.0,-20.0,1.0,1.49,1.009615,20,17,2,2,0.97142857,0.15904762,0.13431373,0E-8,0.000000,0.942857,0.000000,0.86568627,2026-07-05,2026-07-28,4,25,23,24,0.166667,0.666667,0.990476,3.238095,,,,,,,,GLOBAL_BASELINE_NO_ENTITY_RANKING,,,NOT_APPLICABLE_GLOBAL_BASELINE,HF9g-P5,,,,X 全窗基线 · 不参与实体赏罚,6876588,688,A168_HF9F_20260827_0900,2026-08-27 09:00:00
2026-07-28,152608464,2153,0,40.0000000000,-1.0000000000,-1.0000000000,0.5000000,2,2,0.50665070000000000,0.506650700000,-0.018812684590367487,-0.018812684590367487,-0.018812684590367487,0E-17,ELIGIBLE,R03b_20260811_FULL_v1,L1_ELIGIBILITY,v2026-08-11,2026-03-21..2026-08-06,baccarat_bet02_101_all_pairs_incl_sentinel,round_win = game_pnl > 0 (decisive only),COMPATIBILITY_ONLY_NOT_PRODUCTION,1050.0000,990.0000,167.0000,52,52,-0.15904762,-0.13431373,-1.00000000,-0.15904762,-167.0000,1050.0000,OK,0.0000,5.0100,3.0000,97.0000,AG03-UNRESOLVED,ALL5_LEVELS_bet23_to_bet27,5.0100,5.0100,5.0100,5.0100,5.0100,3.000000,3.000000,3.000000,3.000000,3.000000,97.000000,97.000000,97.000000,97.000000,97.000000,5.0,25.0500,23.5914,141.9500,143.4086,PENDING_AG03,FALSE,NOT_FOR_ENFORCEMENT,161.9900,960.3000,167.0000,161.9900,5.0100,0.15904762,0.15427619,5.0100,161.9900,0.15427619,5.0100,5.0100,5.0100,5.0100,5.0100,161.9900,0.15427619,25.0500,23.5914,141.9500,143.4086,0.13519048,0.1365796,0.00477143,20.1923,19.0385,3.2115,41.7500,6.6800,262.5000,13.0000,20.0000,30.0000,20.0,20.0,20.0,20.0,20.0,29.8,20.0,-20.0,1.0,1.49,1.009615,20,17,2,2,0.97142857,0.15904762,0.13431373,0E-8,0.000000,0.942857,0.000000,0.86568627,2026-07-05,2026-07-28,4,25,23,24,0.166667,0.666667,0.990476,3.238095,,,,,,,,GLOBAL_BASELINE_NO_ENTITY_RANKING,,,NOT_APPLICABLE_GLOBAL_BASELINE,HF9g-P5,,,,X 全窗基线 · 不参与实体赏罚,6876589,688,A168_HF9F_20260827_0900,2026-08-27 09:00:00
2026-04-05,148257903,2252,0,1000.0000000000,-167.0000000000,-167.0000000000,0.3846154,15,14,0.49193470357142857,0.491934703571,-0.7739913159709837,-0.7739913159679035,-0.7739913159709837,4.2857E-13,ELIGIBLE,R03b_20260811_FULL_v1,L1_ELIGIBILITY,v2026-08-11,2026-03-21..2026-08-06,baccarat_bet02_101_all_pairs_incl_sentinel,round_win = game_pnl > 0 (decisive only),COMPATIBILITY_ONLY_NOT_PRODUCTION,1000.0000,830.0000,167.0000,15,14,-0.16700000,,-0.16700000,-0.16700000,-167.0000,1000.0000,THIN_EXPOSURE,0.0000,5.0100,3.0000,97.0000,AG03-UNRESOLVED,ALL5_LEVELS_bet23_to_bet27,5.0100,5.0100,5.0100,5.0100,5.0100,3.000000,3.000000,3.000000,3.000000,3.000000,97.000000,97.000000,97.000000,97.000000,97.000000,5.0,25.0500,23.5914,141.9500,143.4086,PENDING_AG03,FALSE,NOT_FOR_ENFORCEMENT,161.9900,805.1000,167.0000,161.9900,5.0100,0.16700000,0.16199000,5.0100,161.9900,0.16199000,5.0100,5.0100,5.0100,5.0100,5.0100,161.9900,0.16199000,25.0500,23.5914,141.9500,143.4086,0.14195000,0.14340858,0.00501000,66.6667,59.2857,11.9286,167.0000,167.0000,1000.0000,14.0000,,66.6667,20.0,40.0,100.0,170.0,192.5,200.0,30.0,-10.0,4.8125,5.0,1.666667,1,1,1,2,0E-8,0.16700000,,0E-8,0.000000,0.830000,0.000000,,2026-04-05,2026-04-05,1,1,1,1,1.000000,,,0.000000,,,,,,,,GLOBAL_BASELINE_NO_ENTITY_RANKING,,,NOT_APPLICABLE_GLOBAL_BASELINE,HF9g-P5,,,,X 全窗基线 · 不参与实体赏罚,6876590,688,A168_HF9F_20260827_0900,2026-08-27 09:00:00
2026-07-26,61260499,2234,0,234.0000000000,-234.0000000000,-234.0000000000,0E-7,1,1,0.50665070000000000,0.506650700000,-1.013391052207602,-1.013391052207602,-1.013391052207602,0E-17,ELIGIBLE,R03b_20260811_FULL_v1,L1_ELIGIBILITY,v2026-08-11,2026-03-21..2026-08-06,baccarat_bet02_101_all_pairs_incl_sentinel,round_win = game_pnl > 0 (decisive only),COMPATIBILITY_ONLY_NOT_PRODUCTION,501.0000,501.0000,167.0000,3,3,-0.33333333,-0.33333333,,-0.33333333,-167.0000,501.0000,THIN_EXPOSURE,0.0000,5.0100,3.0000,97.0000,AG03-UNRESOLVED,ALL5_LEVELS_bet23_to_bet27,5.0100,5.0100,5.0100,5.0100,5.0100,3.000000,3.000000,3.000000,3.000000,3.000000,97.000000,97.000000,97.000000,97.000000,97.000000,5.0,25.0500,23.5914,141.9500,143.4086,PENDING_AG03,FALSE,NOT_FOR_ENFORCEMENT,161.9900,485.9700,167.0000,161.9900,5.0100,0.33333333,0.32333333,5.0100,161.9900,0.32333333,5.0100,5.0100,5.0100,5.0100,5.0100,161.9900,0.32333333,25.0500,23.5914,141.9500,143.4086,0.28333333,0.28624468,0.01000000,167.0000,167.0000,55.6667,167.0000,55.6667,501.0000,3.0000,167.0000,,116.75,167.0,217.25,234.0,234.0,234.0,167.0,-100.0,1.401198,1.401198,1.0,3,3,1,2,1.00000000,0.33333333,0.33333333,0E-8,0.000000,1.000000,0.000000,,2026-07-26,2026-07-26,1,3,3,1,1.000000,,1.000000,3.333333,,,,,,,,GLOBAL_BASELINE_NO_ENTITY_RANKING,,,NOT_APPLICABLE_GLOBAL_BASELINE,HF9g-P5,,,,X 全窗基线 · 不参与实体赏罚,6876591,688,A168_HF9F_20260827_0900,2026-08-27 09:00:00
2026-07-26,61260499,2243,0,167.0000000000,167.0000000000,167.0000000000,1.0000000,1,1,0.49324550000000000,0.493245500000,1.01360149184955,1.01360149184955,1.01360149184955,0E-17,ELIGIBLE,R03b_20260811_FULL_v1,L1_ELIGIBILITY,v2026-08-11,2026-03-21..2026-08-06,baccarat_bet02_101_all_pairs_incl_sentinel,round_win = game_pnl > 0 (decisive only),COMPATIBILITY_ONLY_NOT_PRODUCTION,501.0000,501.0000,167.0000,3,3,-0.33333333,-0.33333333,,-0.33333333,-167.0000,501.0000,THIN_EXPOSURE,0.0000,5.0100,3.0000,97.0000,AG03-UNRESOLVED,ALL5_LEVELS_bet23_to_bet27,5.0100,5.0100,5.0100,5.0100,5.0100,3.000000,3.000000,3.000000,3.000000,3.000000,97.000000,97.000000,97.000000,97.000000,97.000000,5.0,25.0500,23.5914,141.9500,143.4086,PENDING_AG03,FALSE,NOT_FOR_ENFORCEMENT,161.9900,485.9700,167.0000,161.9900,5.0100,0.33333333,0.32333333,5.0100,161.9900,0.32333333,5.0100,5.0100,5.0100,5.0100,5.0100,161.9900,0.32333333,25.0500,23.5914,141.9500,143.4086,0.28333333,0.28624468,0.01000000,167.0000,167.0000,55.6667,167.0000,55.6667,501.0000,3.0000,167.0000,,116.75,167.0,217.25,234.0,234.0,234.0,167.0,-100.0,1.401198,1.401198,1.0,3,3,1,2,1.00000000,0.33333333,0.33333333,0E-8,0.000000,1.000000,0.000000,,2026-07-26,2026-07-26,1,3,3,1,1.000000,,1.000000,3.333333,,,,,,,,GLOBAL_BASELINE_NO_ENTITY_RANKING,,,NOT_APPLICABLE_GLOBAL_BASELINE,HF9g-P5,,,,X 全窗基线 · 不参与实体赏罚,6876592,688,A168_HF9F_20260827_0900,2026-08-27 09:00:00
2026-07-26,61260499,2256,0,100.0000000000,-100.0000000000,-100.0000000000,0E-7,1,1,0.50665070000000000,0.506650700000,-1.013391052207602,-1.013391052207602,-1.013391052207602,0E-17,ELIGIBLE,R03b_20260811_FULL_v1,L1_ELIGIBILITY,v2026-08-11,2026-03-21..2026-08-06,baccarat_bet02_101_all_pairs_incl_sentinel,round_win = game_pnl > 0 (decisive only),COMPATIBILITY_ONLY_NOT_PRODUCTION,501.0000,501.0000,167.0000,3,3,-0.33333333,-0.33333333,,-0.33333333,-167.0000,501.0000,THIN_EXPOSURE,0.0000,5.0100,3.0000,97.0000,AG03-UNRESOLVED,ALL5_LEVELS_bet23_to_bet27,5.0100,5.0100,5.0100,5.0100,5.0100,3.000000,3.000000,3.000000,3.000000,3.000000,97.000000,97.000000,97.000000,97.000000,97.000000,5.0,25.0500,23.5914,141.9500,143.4086,PENDING_AG03,FALSE,NOT_FOR_ENFORCEMENT,161.9900,485.9700,167.0000,161.9900,5.0100,0.33333333,0.32333333,5.0100,161.9900,0.32333333,5.0100,5.0100,5.0100,5.0100,5.0100,161.9900,0.32333333,25.0500,23.5914,141.9500,143.4086,0.28333333,0.28624468,0.01000000,167.0000,167.0000,55.6667,167.0000,55.6667,501.0000,3.0000,167.0000,,116.75,167.0,217.25,234.0,234.0,234.0,167.0,-100.0,1.401198,1.401198,1.0,3,3,1,2,1.00000000,0.33333333,0.33333333,0E-8,0.000000,1.000000,0.000000,,2026-07-26,2026-07-26,1,3,3,1,1.000000,,1.000000,3.333333,,,,,,,,GLOBAL_BASELINE_NO_ENTITY_RANKING,,,NOT_APPLICABLE_GLOBAL_BASELINE,HF9g-P5,,,,X 全窗基线 · 不参与实体赏罚,6876593,688,A168_HF9F_20260827_0900,2026-08-27 09:00:00
2026-06-27,152166342,-1,1,301.0000000000,-167.0000000000,-167.0000000000,0.3333333,3,3,0.49771390000000000,0.497713900000,-0.5694369385616226,-0.5694369385616226,-0.5694369385616226,0E-17,SENTINEL_DEALER,R03b_20260811_FULL_v1,L1_ELIGIBILITY,v2026-08-11,2026-03-21..2026-08-06,baccarat_bet02_101_all_pairs_incl_sentinel,round_win = game_pnl > 0 (decisive only),COMPATIBILITY_ONLY_NOT_PRODUCTION,301.0000,301.0000,167.0000,3,3,-0.55481728,,-0.55481728,-0.55481728,-167.0000,301.0000,THIN_EXPOSURE,0.0000,5.0100,3.0000,97.0000,AG03-UNRESOLVED,ALL5_LEVELS_bet23_to_bet27,5.0100,5.0100,5.0100,5.0100,5.0100,3.000000,3.000000,3.000000,3.000000,3.000000,97.000000,97.000000,97.000000,97.000000,97.000000,5.0,25.0500,23.5914,141.9500,143.4086,PENDING_AG03,FALSE,NOT_FOR_ENFORCEMENT,161.9900,291.9700,167.0000,161.9900,5.0100,0.55481728,0.53817276,5.0100,161.9900,0.53817276,5.0100,5.0100,5.0100,5.0100,5.0100,161.9900,0.53817276,25.0500,23.5914,141.9500,143.4086,0.47159468,0.47644047,0.01664452,100.3333,100.3333,55.6667,167.0000,167.0000,301.0000,3.0000,,100.3333,75.25,100.0,125.5,134.0,134.0,134.0,100.0,-100.0,1.34,1.34,1.003333,1,1,1,2,0E-8,0.55481728,,0E-8,0.000000,1.000000,0.000000,,2026-06-27,2026-06-27,1,1,1,1,1.000000,,,0.000000,,,,,,,,GLOBAL_BASELINE_NO_ENTITY_RANKING,,,NOT_APPLICABLE_GLOBAL_BASELINE,HF9g-P5,,,,X 全窗基线 · 不参与实体赏罚,6876594,688,A168_HF9F_20260827_0900,2026-08-27 09:00:00
2026-03-28,147296901,-1,1,96.0000000000,-68.0000000000,-68.0000000000,0E-7,3,3,0.49771390000000000,0.497713900000,-1.4077622098436522,-1.4077622098436524,-1.4077622098436522,0E-17,SENTINEL_DEALER,R03b_20260811_FULL_v1,L1_ELIGIBILITY,v2026-08-11,2026-03-21..2026-08-06,baccarat_bet02_101_all_pairs_incl_sentinel,round_win = game_pnl > 0 (decisive only),COMPATIBILITY_ONLY_NOT_PRODUCTION,272.0000,206.0000,167.0000,9,9,-0.61397059,-1.00000000,-0.55128205,-0.61397059,-167.0000,272.0000,THIN_EXPOSURE,0.0000,5.0100,3.0000,97.0000,AG03-UNRESOLVED,ALL5_LEVELS_bet23_to_bet27,5.0100,5.0100,5.0100,5.0100,5.0100,3.000000,3.000000,3.000000,3.000000,3.000000,97.000000,97.000000,97.000000,97.000000,97.000000,5.0,25.0500,23.5914,141.9500,143.4086,PENDING_AG03,FALSE,NOT_FOR_ENFORCEMENT,161.9900,199.8200,167.0000,161.9900,5.0100,0.61397059,0.59555147,5.0100,161.9900,0.59555147,5.0100,5.0100,5.0100,5.0100,5.0100,161.9900,0.59555147,25.0500,23.5914,141.9500,143.4086,0.52187500,0.52723743,0.01841912,30.2222,22.8889,18.5556,41.7500,27.8333,68.0000,2.2500,38.0000,29.2500,20.0,28.0,38.5,40.0,40.0,40.0,20.0,-20.0,1.428571,1.428571,1.079365,5,4,4,2,0.13970588,0.61397059,1.00000000,0E-8,0.000000,0.757353,0.000000,-0.44871795,2026-03-28,2026-07-18,4,6,6,113,0.035398,1.299145,1.257353,0.465686,,,,,,,,GLOBAL_BASELINE_NO_ENTITY_RANKING,,,NOT_APPLICABLE_GLOBAL_BASELINE,HF9g-P5,,,,X 全窗基线 · 不参与实体赏罚,6876595,688,A168_HF9F_20260827_0900,2026-08-27 09:00:00
2026-03-28,147296901,1505,0,60.0000000000,-21.0000000000,-21.0000000000,0.5000000,2,2,0.50665070000000000,0.506650700000,-0.018812684590367487,-0.018812684590367487,-0.018812684590367487,0E-17,ELIGIBLE,R03b_20260811_FULL_v1,L1_ELIGIBILITY,v2026-08-11,2026-03-21..2026-08-06,baccarat_bet02_101_all_pairs_incl_sentinel,round_win = game_pnl > 0 (decisive only),COMPATIBILITY_ONLY_NOT_PRODUCTION,272.0000,206.0000,167.0000,9,9,-0.61397059,-1.00000000,-0.55128205,-0.61397059,-167.0000,272.0000,THIN_EXPOSURE,0.0000,5.0100,3.0000,97.0000,AG03-UNRESOLVED,ALL5_LEVELS_bet23_to_bet27,5.0100,5.0100,5.0100,5.0100,5.0100,3.000000,3.000000,3.000000,3.000000,3.000000,97.000000,97.000000,97.000000,97.000000,97.000000,5.0,25.0500,23.5914,141.9500,143.4086,PENDING_AG03,FALSE,NOT_FOR_ENFORCEMENT,161.9900,199.8200,167.0000,161.9900,5.0100,0.61397059,0.59555147,5.0100,161.9900,0.59555147,5.0100,5.0100,5.0100,5.0100,5.0100,161.9900,0.59555147,25.0500,23.5914,141.9500,143.4086,0.52187500,0.52723743,0.01841912,30.2222,22.8889,18.5556,41.7500,27.8333,68.0000,2.2500,38.0000,29.2500,20.0,28.0,38.5,40.0,40.0,40.0,20.0,-20.0,1.428571,1.428571,1.079365,5,4,4,2,0.13970588,0.61397059,1.00000000,0E-8,0.000000,0.757353,0.000000,-0.44871795,2026-03-28,2026-07-18,4,6,6,113,0.035398,1.299145,1.257353,0.465686,,,,,,,,GLOBAL_BASELINE_NO_ENTITY_RANKING,,,NOT_APPLICABLE_GLOBAL_BASELINE,HF9g-P5,,,,X 全窗基线 · 不参与实体赏罚,6876596,688,A168_HF9F_20260827_0900,2026-08-27 09:00:00
2026-06-27,147296901,2101,0,58.0000000000,-20.0000000000,-20.0000000000,0E-7,2,2,0.49324550000000000,0.493245500000,-0.9865810262130424,-0.9865810262130424,-0.9865810262130424,0E-17,ELIGIBLE,R03b_20260811_FULL_v1,L1_ELIGIBILITY,v2026-08-11,2026-03-21..2026-08-06,baccarat_bet02_101_all_pairs_incl_sentinel,round_win = game_pnl > 0 (decisive only),COMPATIBILITY_ONLY_NOT_PRODUCTION,272.0000,206.0000,167.0000,9,9,-0.61397059,-1.00000000,-0.55128205,-0.61397059,-167.0000,272.0000,THIN_EXPOSURE,0.0000,5.0100,3.0000,97.0000,AG03-UNRESOLVED,ALL5_LEVELS_bet23_to_bet27,5.0100,5.0100,5.0100,5.0100,5.0100,3.000000,3.000000,3.000000,3.000000,3.000000,97.000000,97.000000,97.000000,97.000000,97.000000,5.0,25.0500,23.5914,141.9500,143.4086,PENDING_AG03,FALSE,NOT_FOR_ENFORCEMENT,161.9900,199.8200,167.0000,161.9900,5.0100,0.61397059,0.59555147,5.0100,161.9900,0.59555147,5.0100,5.0100,5.0100,5.0100,5.0100,161.9900,0.59555147,25.0500,23.5914,141.9500,143.4086,0.52187500,0.52723743,0.01841912,30.2222,22.8889,18.5556,41.7500,27.8333,68.0000,2.2500,38.0000,29.2500,20.0,28.0,38.5,40.0,40.0,40.0,20.0,-20.0,1.428571,1.428571,1.079365,5,4,4,2,0.13970588,0.61397059,1.00000000,0E-8,0.000000,0.757353,0.000000,-0.44871795,2026-03-28,2026-07-18,4,6,6,113,0.035398,1.299145,1.257353,0.465686,,,,,,,,GLOBAL_BASELINE_NO_ENTITY_RANKING,,,NOT_APPLICABLE_GLOBAL_BASELINE,HF9g-P5,,,,X 全窗基线 · 不参与实体赏罚,6876597,688,A168_HF9F_20260827_0900,2026-08-27 09:00:00
2026-07-04,147296901,1505,0,20.0000000000,-20.0000000000,-20.0000000000,0E-7,1,1,0.50665070000000000,0.506650700000,-1.013391052207602,-1.013391052207602,-1.013391052207602,0E-17,ELIGIBLE,R03b_20260811_FULL_v1,L1_ELIGIBILITY,v2026-08-11,2026-03-21..2026-08-06,baccarat_bet02_101_all_pairs_incl_sentinel,round_win = game_pnl > 0 (decisive only),COMPATIBILITY_ONLY_NOT_PRODUCTION,272.0000,206.0000,167.0000,9,9,-0.61397059,-1.00000000,-0.55128205,-0.61397059,-167.0000,272.0000,THIN_EXPOSURE,0.0000,5.0100,3.0000,97.0000,AG03-UNRESOLVED,ALL5_LEVELS_bet23_to_bet27,5.0100,5.0100,5.0100,5.0100,5.0100,3.000000,3.000000,3.000000,3.000000,3.000000,97.000000,97.000000,97.000000,97.000000,97.000000,5.0,25.0500,23.5914,141.9500,143.4086,PENDING_AG03,FALSE,NOT_FOR_ENFORCEMENT,161.9900,199.8200,167.0000,161.9900,5.0100,0.61397059,0.59555147,5.0100,161.9900,0.59555147,5.0100,5.0100,5.0100,5.0100,5.0100,161.9900,0.59555147,25.0500,23.5914,141.9500,143.4086,0.52187500,0.52723743,0.01841912,30.2222,22.8889,18.5556,41.7500,27.8333,68.0000,2.2500,38.0000,29.2500,20.0,28.0,38.5,40.0,40.0,40.0,20.0,-20.0,1.428571,1.428571,1.079365,5,4,4,2,0.13970588,0.61397059,1.00000000,0E-8,0.000000,0.757353,0.000000,-0.44871795,2026-03-28,2026-07-18,4,6,6,113,0.035398,1.299145,1.257353,0.465686,,,,,,,,GLOBAL_BASELINE_NO_ENTITY_RANKING,,,NOT_APPLICABLE_GLOBAL_BASELINE,HF9g-P5,,,,X 全窗基线 · 不参与实体赏罚,6876598,688,A168_HF9F_20260827_0900,2026-08-27 09:00:00
2026-07-18,147296901,2127,0,38.0000000000,-38.0000000000,-38.0000000000,0E-7,1,1,0.50665070000000000,0.506650700000,-1.013391052207602,-1.013391052207602,-1.013391052207602,0E-17,ELIGIBLE,R03b_20260811_FULL_v1,L1_ELIGIBILITY,v2026-08-11,2026-03-21..2026-08-06,baccarat_bet02_101_all_pairs_incl_sentinel,round_win = game_pnl > 0 (decisive only),COMPATIBILITY_ONLY_NOT_PRODUCTION,272.0000,206.0000,167.0000,9,9,-0.61397059,-1.00000000,-0.55128205,-0.61397059,-167.0000,272.0000,THIN_EXPOSURE,0.0000,5.0100,3.0000,97.0000,AG03-UNRESOLVED,ALL5_LEVELS_bet23_to_bet27,5.0100,5.0100,5.0100,5.0100,5.0100,3.000000,3.000000,3.000000,3.000000,3.000000,97.000000,97.000000,97.000000,97.000000,97.000000,5.0,25.0500,23.5914,141.9500,143.4086,PENDING_AG03,FALSE,NOT_FOR_ENFORCEMENT,161.9900,199.8200,167.0000,161.9900,5.0100,0.61397059,0.59555147,5.0100,161.9900,0.59555147,5.0100,5.0100,5.0100,5.0100,5.0100,161.9900,0.59555147,25.0500,23.5914,141.9500,143.4086,0.52187500,0.52723743,0.01841912,30.2222,22.8889,18.5556,41.7500,27.8333,68.0000,2.2500,38.0000,29.2500,20.0,28.0,38.5,40.0,40.0,40.0,20.0,-20.0,1.428571,1.428571,1.079365,5,4,4,2,0.13970588,0.61397059,1.00000000,0E-8,0.000000,0.757353,0.000000,-0.44871795,2026-03-28,2026-07-18,4,6,6,113,0.035398,1.299145,1.257353,0.465686,,,,,,,,GLOBAL_BASELINE_NO_ENTITY_RANKING,,,NOT_APPLICABLE_GLOBAL_BASELINE,HF9g-P5,,,,X 全窗基线 · 不参与实体赏罚,6876599,688,A168_HF9F_20260827_0900,2026-08-27 09:00:00
2026-04-03,148173506,1374,0,167.0025914195,-167.0025914195,-167.0025914195,0E-7,1,1,0.50665070000000000,0.506650700000,-1.013391052207602,-1.013391052207602,-1.013391052207602,0E-17,ELIGIBLE,R03b_20260811_FULL_v1,L1_ELIGIBILITY,v2026-08-11,2026-03-21..2026-08-06,baccarat_bet02_101_all_pairs_incl_sentinel,round_win = game_pnl > 0 (decisive only),COMPATIBILITY_ONLY_NOT_PRODUCTION,167.0026,167.0026,167.0026,1,1,-1.00000000,,-1.00000000,-1.00000000,-167.0026,167.0026,THIN_EXPOSURE,0.0000,5.0101,3.0000,97.0000,AG03-UNRESOLVED,ALL5_LEVELS_bet23_to_bet27,5.0101,5.0101,5.0101,6.6801,6.6801,3.000000,3.000000,3.000000,4.000000,4.000000,97.000000,97.000000,97.000000,96.000000,96.000000,5.0,28.3904,26.5335,138.6122,140.4691,PENDING_AG03,FALSE,NOT_FOR_ENFORCEMENT,161.9925,161.9925,167.0026,161.9925,5.0101,1.00000000,0.97000000,5.0101,161.9925,0.97000000,5.0101,5.0101,5.0101,6.6801,6.6801,161.9925,0.97000000,28.3904,26.5335,138.6122,140.4691,0.83000000,0.84111944,0.03000000,167.0026,167.0026,167.0026,167.0026,167.0026,167.0026,1.0000,,167.0026,167.0026,167.0026,167.0026,167.0026,167.0026,167.0026,167.0026,-167.0026,1.0,1.0,1.0,1,1,1,1,0E-8,1.00000000,,0E-8,0.000000,1.000000,0.000000,,2026-04-03,2026-04-03,1,1,1,1,1.000000,,,0.000000,,,,,,,,GLOBAL_BASELINE_NO_ENTITY_RANKING,,,NOT_APPLICABLE_GLOBAL_BASELINE,HF9g-P5,,,,X 全窗基线 · 不参与实体赏罚,6876600,688,A168_HF9F_20260827_0900,2026-08-27 09:00:00
2026-04-17,146923793,1151,0,990.8713343034,-137.0353972973,-137.0353972973,0.5000000,24,12,0.38018733928565971,0.297834000000,0.85499640586735,1.5314108017460508,0.85499640586735,0.08235333928565971,ELIGIBLE,R03b_20260811_FULL_v1,L1_ELIGIBILITY,v2026-08-11,2026-03-21..2026-08-06,baccarat_bet02_101_all_pairs_incl_sentinel,round_win = game_pnl > 0 (decisive only),COMPATIBILITY_ONLY_NOT_PRODUCTION,7298.2944,6560.4115,168.7433,171,86,-0.02312092,,-0.02312092,-0.02312092,-168.7433,7298.2944,OK,0.0000,6.7497,4.0000,96.0000,AG03-UNRESOLVED,ALL5_LEVELS_bet23_to_bet27,6.7497,6.7497,6.7497,6.7497,6.7497,4.000000,4.000000,4.000000,4.000000,4.000000,96.000000,96.000000,96.000000,96.000000,96.000000,5.0,33.7487,31.1546,134.9946,137.5887,PENDING_AG03,FALSE,NOT_FOR_ENFORCEMENT,161.9935,6297.9951,168.7433,161.9935,6.7497,0.02312092,0.02219608,6.7497,161.9935,0.02219608,6.7497,6.7497,6.7497,6.7497,6.7497,161.9935,0.02219608,33.7487,31.1546,134.9946,137.5887,0.01849674,0.01885217,0.00092484,42.6801,76.2839,1.9621,168.7433,10.5465,7298.2944,86.0000,,42.6801,21.0824,31.6236,63.2471,84.3295,84.3295,94.8707,31.6236,-10.5412,2.666667,3.0,1.34963,11,14,1,4,0E-8,0.02312092,,0E-8,0.000000,0.898897,0.491228,,2026-04-17,2026-04-17,1,16,11,1,1.000000,,,0.000000,,,,,,,,GLOBAL_BASELINE_NO_ENTITY_RANKING,,,NOT_APPLICABLE_GLOBAL_BASELINE,HF9g-P5,,,,X 全窗基线 · 不参与实体赏罚,6876601,688,A168_HF9F_20260827_0900,2026-08-27 09:00:00
2026-04-17,146923793,1205,0,26.3529610187,-26.3529610187,-26.3529610187,0E-7,1,1,0.50665070000000000,0.506650700000,-1.013391052207602,-1.013391052207602,-1.013391052207602,0E-17,ELIGIBLE,R03b_20260811_FULL_v1,L1_ELIGIBILITY,v2026-08-11,2026-03-21..2026-08-06,baccarat_bet02_101_all_pairs_incl_sentinel,round_win = game_pnl > 0 (decisive only),COMPATIBILITY_ONLY_NOT_PRODUCTION,7298.2944,6560.4115,168.7433,171,86,-0.02312092,,-0.02312092,-0.02312092,-168.7433,7298.2944,OK,0.0000,6.7497,4.0000,96.0000,AG03-UNRESOLVED,ALL5_LEVELS_bet23_to_bet27,6.7497,6.7497,6.7497,6.7497,6.7497,4.000000,4.000000,4.000000,4.000000,4.000000,96.000000,96.000000,96.000000,96.000000,96.000000,5.0,33.7487,31.1546,134.9946,137.5887,PENDING_AG03,FALSE,NOT_FOR_ENFORCEMENT,161.9935,6297.9951,168.7433,161.9935,6.7497,0.02312092,0.02219608,6.7497,161.9935,0.02219608,6.7497,6.7497,6.7497,6.7497,6.7497,161.9935,0.02219608,33.7487,31.1546,134.9946,137.5887,0.01849674,0.01885217,0.00092484,42.6801,76.2839,1.9621,168.7433,10.5465,7298.2944,86.0000,,42.6801,21.0824,31.6236,63.2471,84.3295,84.3295,94.8707,31.6236,-10.5412,2.666667,3.0,1.34963,11,14,1,4,0E-8,0.02312092,,0E-8,0.000000,0.898897,0.491228,,2026-04-17,2026-04-17,1,16,11,1,1.000000,,,0.000000,,,,,,,,GLOBAL_BASELINE_NO_ENTITY_RANKING,,,NOT_APPLICABLE_GLOBAL_BASELINE,HF9g-P5,,,,X 全窗基线 · 不参与实体赏罚,6876602,688,A168_HF9F_20260827_0900,2026-08-27 09:00:00
2026-04-17,146923793,1307,0,811.6711993762,-72.7341724120,-72.7341724120,0.6363636,23,11,0.42006315681805436,0.290124836364,1.4534703567960507,2.5303968095557337,1.4534703567960507,0.12993832045405436,ELIGIBLE,R03b_20260811_FULL_v1,L1_ELIGIBILITY,v2026-08-11,2026-03-21..2026-08-06,baccarat_bet02_101_all_pairs_incl_sentinel,round_win = game_pnl > 0 (decisive only),COMPATIBILITY_ONLY_NOT_PRODUCTION,7298.2944,6560.4115,168.7433,171,86,-0.02312092,,-0.02312092,-0.02312092,-168.7433,7298.2944,OK,0.0000,6.7497,4.0000,96.0000,AG03-UNRESOLVED,ALL5_LEVELS_bet23_to_bet27,6.7497,6.7497,6.7497,6.7497,6.7497,4.000000,4.000000,4.000000,4.000000,4.000000,96.000000,96.000000,96.000000,96.000000,96.000000,5.0,33.7487,31.1546,134.9946,137.5887,PENDING_AG03,FALSE,NOT_FOR_ENFORCEMENT,161.9935,6297.9951,168.7433,161.9935,6.7497,0.02312092,0.02219608,6.7497,161.9935,0.02219608,6.7497,6.7497,6.7497,6.7497,6.7497,161.9935,0.02219608,33.7487,31.1546,134.9946,137.5887,0.01849674,0.01885217,0.00092484,42.6801,76.2839,1.9621,168.7433,10.5465,7298.2944,86.0000,,42.6801,21.0824,31.6236,63.2471,84.3295,84.3295,94.8707,31.6236,-10.5412,2.666667,3.0,1.34963,11,14,1,4,0E-8,0.02312092,,0E-8,0.000000,0.898897,0.491228,,2026-04-17,2026-04-17,1,16,11,1,1.000000,,,0.000000,,,,,,,,GLOBAL_BASELINE_NO_ENTITY_RANKING,,,NOT_APPLICABLE_GLOBAL_BASELINE,HF9g-P5,,,,X 全窗基线 · 不参与实体赏罚,6876603,688,A168_HF9F_20260827_0900,2026-08-27 09:00:00
2026-04-17,146923793,1374,0,1243.8597600831,289.8825712052,289.8825712052,0.6875000,32,16,0.42169623683431304,0.298951100000,2.1529961076537605,3.3949348242437045,2.1529961076537605,0.12274513683431304,ELIGIBLE,R03b_20260811_FULL_v1,L1_ELIGIBILITY,v2026-08-11,2026-03-21..2026-08-06,baccarat_bet02_101_all_pairs_incl_sentinel,round_win = game_pnl > 0 (decisive only),COMPATIBILITY_ONLY_NOT_PRODUCTION,7298.2944,6560.4115,168.7433,171,86,-0.02312092,,-0.02312092,-0.02312092,-168.7433,7298.2944,OK,0.0000,6.7497,4.0000,96.0000,AG03-UNRESOLVED,ALL5_LEVELS_bet23_to_bet27,6.7497,6.7497,6.7497,6.7497,6.7497,4.000000,4.000000,4.000000,4.000000,4.000000,96.000000,96.000000,96.000000,96.000000,96.000000,5.0,33.7487,31.1546,134.9946,137.5887,PENDING_AG03,FALSE,NOT_FOR_ENFORCEMENT,161.9935,6297.9951,168.7433,161.9935,6.7497,0.02312092,0.02219608,6.7497,161.9935,0.02219608,6.7497,6.7497,6.7497,6.7497,6.7497,161.9935,0.02219608,33.7487,31.1546,134.9946,137.5887,0.01849674,0.01885217,0.00092484,42.6801,76.2839,1.9621,168.7433,10.5465,7298.2944,86.0000,,42.6801,21.0824,31.6236,63.2471,84.3295,84.3295,94.8707,31.6236,-10.5412,2.666667,3.0,1.34963,11,14,1,4,0E-8,0.02312092,,0E-8,0.000000,0.898897,0.491228,,2026-04-17,2026-04-17,1,16,11,1,1.000000,,,0.000000,,,,,,,,GLOBAL_BASELINE_NO_ENTITY_RANKING,,,NOT_APPLICABLE_GLOBAL_BASELINE,HF9g-P5,,,,X 全窗基线 · 不参与实体赏罚,6876604,688,A168_HF9F_20260827_0900,2026-08-27 09:00:00
2026-04-17,146923793,1382,0,542.8709969855,5.2705922035,5.2705922035,0.7142857,14,7,0.39252627999988414,0.297754207143,1.7433403942793357,2.4100350096097096,1.7433403942793357,0.09477207285688414,ELIGIBLE,R03b_20260811_FULL_v1,L1_ELIGIBILITY,v2026-08-11,2026-03-21..2026-08-06,baccarat_bet02_101_all_pairs_incl_sentinel,round_win = game_pnl > 0 (decisive only),COMPATIBILITY_ONLY_NOT_PRODUCTION,7298.2944,6560.4115,168.7433,171,86,-0.02312092,,-0.02312092,-0.02312092,-168.7433,7298.2944,OK,0.0000,6.7497,4.0000,96.0000,AG03-UNRESOLVED,ALL5_LEVELS_bet23_to_bet27,6.7497,6.7497,6.7497,6.7497,6.7497,4.000000,4.000000,4.000000,4.000000,4.000000,96.000000,96.000000,96.000000,96.000000,96.000000,5.0,33.7487,31.1546,134.9946,137.5887,PENDING_AG03,FALSE,NOT_FOR_ENFORCEMENT,161.9935,6297.9951,168.7433,161.9935,6.7497,0.02312092,0.02219608,6.7497,161.9935,0.02219608,6.7497,6.7497,6.7497,6.7497,6.7497,161.9935,0.02219608,33.7487,31.1546,134.9946,137.5887,0.01849674,0.01885217,0.00092484,42.6801,76.2839,1.9621,168.7433,10.5465,7298.2944,86.0000,,42.6801,21.0824,31.6236,63.2471,84.3295,84.3295,94.8707,31.6236,-10.5412,2.666667,3.0,1.34963,11,14,1,4,0E-8,0.02312092,,0E-8,0.000000,0.898897,0.491228,,2026-04-17,2026-04-17,1,16,11,1,1.000000,,,0.000000,,,,,,,,GLOBAL_BASELINE_NO_ENTITY_RANKING,,,NOT_APPLICABLE_GLOBAL_BASELINE,HF9g-P5,,,,X 全窗基线 · 不参与实体赏罚,6876605,688,A168_HF9F_20260827_0900,2026-08-27 09:00:00
2026-04-17,146923793,1490,0,362.1950962411,-272.5739464087,-272.5739464087,0.2500000,7,4,0.45416364607134239,0.352132737500,-0.8201079013082052,-0.4276601158391815,-0.8201079013082052,0.10203090857134239,ELIGIBLE,R03b_20260811_FULL_v1,L1_ELIGIBILITY,v2026-08-11,2026-03-21..2026-08-06,baccarat_bet02_101_all_pairs_incl_sentinel,round_win = game_pnl > 0 (decisive only),COMPATIBILITY_ONLY_NOT_PRODUCTION,7298.2944,6560.4115,168.7433,171,86,-0.02312092,,-0.02312092,-0.02312092,-168.7433,7298.2944,OK,0.0000,6.7497,4.0000,96.0000,AG03-UNRESOLVED,ALL5_LEVELS_bet23_to_bet27,6.7497,6.7497,6.7497,6.7497,6.7497,4.000000,4.000000,4.000000,4.000000,4.000000,96.000000,96.000000,96.000000,96.000000,96.000000,5.0,33.7487,31.1546,134.9946,137.5887,PENDING_AG03,FALSE,NOT_FOR_ENFORCEMENT,161.9935,6297.9951,168.7433,161.9935,6.7497,0.02312092,0.02219608,6.7497,161.9935,0.02219608,6.7497,6.7497,6.7497,6.7497,6.7497,161.9935,0.02219608,33.7487,31.1546,134.9946,137.5887,0.01849674,0.01885217,0.00092484,42.6801,76.2839,1.9621,168.7433,10.5465,7298.2944,86.0000,,42.6801,21.0824,31.6236,63.2471,84.3295,84.3295,94.8707,31.6236,-10.5412,2.666667,3.0,1.34963,11,14,1,4,0E-8,0.02312092,,0E-8,0.000000,0.898897,0.491228,,2026-04-17,2026-04-17,1,16,11,1,1.000000,,,0.000000,,,,,,,,GLOBAL_BASELINE_NO_ENTITY_RANKING,,,NOT_APPLICABLE_GLOBAL_BASELINE,HF9g-P5,,,,X 全窗基线 · 不参与实体赏罚,6876606,688,A168_HF9F_20260827_0900,2026-08-27 09:00:00
2026-04-17,146923793,1654,0,695.7181708934,-147.5765817046,-147.5765817046,0.5000000,12,6,0.39129644477282860,0.299509650000,0.545586358865676,1.072167431893738,0.545586358865676,0.09178679477282860,ELIGIBLE,R03b_20260811_FULL_v1,L1_ELIGIBILITY,v2026-08-11,2026-03-21..2026-08-06,baccarat_bet02_101_all_pairs_incl_sentinel,round_win = game_pnl > 0 (decisive only),COMPATIBILITY_ONLY_NOT_PRODUCTION,7298.2944,6560.4115,168.7433,171,86,-0.02312092,,-0.02312092,-0.02312092,-168.7433,7298.2944,OK,0.0000,6.7497,4.0000,96.0000,AG03-UNRESOLVED,ALL5_LEVELS_bet23_to_bet27,6.7497,6.7497,6.7497,6.7497,6.7497,4.000000,4.000000,4.000000,4.000000,4.000000,96.000000,96.000000,96.000000,96.000000,96.000000,5.0,33.7487,31.1546,134.9946,137.5887,PENDING_AG03,FALSE,NOT_FOR_ENFORCEMENT,161.9935,6297.9951,168.7433,161.9935,6.7497,0.02312092,0.02219608,6.7497,161.9935,0.02219608,6.7497,6.7497,6.7497,6.7497,6.7497,161.9935,0.02219608,33.7487,31.1546,134.9946,137.5887,0.01849674,0.01885217,0.00092484,42.6801,76.2839,1.9621,168.7433,10.5465,7298.2944,86.0000,,42.6801,21.0824,31.6236,63.2471,84.3295,84.3295,94.8707,31.6236,-10.5412,2.666667,3.0,1.34963,11,14,1,4,0E-8,0.02312092,,0E-8,0.000000,0.898897,0.491228,,2026-04-17,2026-04-17,1,16,11,1,1.000000,,,0.000000,,,,,,,,GLOBAL_BASELINE_NO_ENTITY_RANKING,,,NOT_APPLICABLE_GLOBAL_BASELINE,HF9g-P5,,,,X 全窗基线 · 不参与实体赏罚,6876607,688,A168_HF9F_20260827_0900,2026-08-27 09:00:00
2026-04-17,146923793,2147,0,242.4472413720,-242.4472413720,-242.4472413720,0E-7,4,2,0.40717491704543143,0.293924150000,-1.1720394251109776,-0.9124455438455121,-1.1720394251109776,0.11325076704543143,ELIGIBLE,R03b_20260811_FULL_v1,L1_ELIGIBILITY,v2026-08-11,2026-03-21..2026-08-06,baccarat_bet02_101_all_pairs_incl_sentinel,round_win = game_pnl > 0 (decisive only),COMPATIBILITY_ONLY_NOT_PRODUCTION,7298.2944,6560.4115,168.7433,171,86,-0.02312092,,-0.02312092,-0.02312092,-168.7433,7298.2944,OK,0.0000,6.7497,4.0000,96.0000,AG03-UNRESOLVED,ALL5_LEVELS_bet23_to_bet27,6.7497,6.7497,6.7497,6.7497,6.7497,4.000000,4.000000,4.000000,4.000000,4.000000,96.000000,96.000000,96.000000,96.000000,96.000000,5.0,33.7487,31.1546,134.9946,137.5887,PENDING_AG03,FALSE,NOT_FOR_ENFORCEMENT,161.9935,6297.9951,168.7433,161.9935,6.7497,0.02312092,0.02219608,6.7497,161.9935,0.02219608,6.7497,6.7497,6.7497,6.7497,6.7497,161.9935,0.02219608,33.7487,31.1546,134.9946,137.5887,0.01849674,0.01885217,0.00092484,42.6801,76.2839,1.9621,168.7433,10.5465,7298.2944,86.0000,,42.6801,21.0824,31.6236,63.2471,84.3295,84.3295,94.8707,31.6236,-10.5412,2.666667,3.0,1.34963,11,14,1,4,0E-8,0.02312092,,0E-8,0.000000,0.898897,0.491228,,2026-04-17,2026-04-17,1,16,11,1,1.000000,,,0.000000,,,,,,,,GLOBAL_BASELINE_NO_ENTITY_RANKING,,,NOT_APPLICABLE_GLOBAL_BASELINE,HF9g-P5,,,,X 全窗基线 · 不参与实体赏罚,6876608,688,A168_HF9F_20260827_0900,2026-08-27 09:00:00
2026-04-17,146923793,2152,0,832.7535681910,253.5154849995,253.5154849995,0.7777778,18,9,0.43611683667977679,0.298392550000,2.0669053869457636,3.143147906267774,2.0669053869457636,0.13772428667977679,ELIGIBLE,R03b_20260811_FULL_v1,L1_ELIGIBILITY,v2026-08-11,2026-03-21..2026-08-06,baccarat_bet02_101_all_pairs_incl_sentinel,round_win = game_pnl > 0 (decisive only),COMPATIBILITY_ONLY_NOT_PRODUCTION,7298.2944,6560.4115,168.7433,171,86,-0.02312092,,-0.02312092,-0.02312092,-168.7433,7298.2944,OK,0.0000,6.7497,4.0000,96.0000,AG03-UNRESOLVED,ALL5_LEVELS_bet23_to_bet27,6.7497,6.7497,6.7497,6.7497,6.7497,4.000000,4.000000,4.000000,4.000000,4.000000,96.000000,96.000000,96.000000,96.000000,96.000000,5.0,33.7487,31.1546,134.9946,137.5887,PENDING_AG03,FALSE,NOT_FOR_ENFORCEMENT,161.9935,6297.9951,168.7433,161.9935,6.7497,0.02312092,0.02219608,6.7497,161.9935,0.02219608,6.7497,6.7497,6.7497,6.7497,6.7497,161.9935,0.02219608,33.7487,31.1546,134.9946,137.5887,0.01849674,0.01885217,0.00092484,42.6801,76.2839,1.9621,168.7433,10.5465,7298.2944,86.0000,,42.6801,21.0824,31.6236,63.2471,84.3295,84.3295,94.8707,31.6236,-10.5412,2.666667,3.0,1.34963,11,14,1,4,0E-8,0.02312092,,0E-8,0.000000,0.898897,0.491228,,2026-04-17,2026-04-17,1,16,11,1,1.000000,,,0.000000,,,,,,,,GLOBAL_BASELINE_NO_ENTITY_RANKING,,,NOT_APPLICABLE_GLOBAL_BASELINE,HF9g-P5,,,,X 全窗基线 · 不参与实体赏罚,6876609,688,A168_HF9F_20260827_0900,2026-08-27 09:00:00
2026-04-17,146923793,2160,0,105.4118440748,252.9884257795,252.9884257795,1.0000000,2,1,0.37365269000015127,0.293924150000,1.2947131281892534,1.549915577879723,1.2947131281892534,0.07972854000015127,ELIGIBLE,R03b_20260811_FULL_v1,L1_ELIGIBILITY,v2026-08-11,2026-03-21..2026-08-06,baccarat_bet02_101_all_pairs_incl_sentinel,round_win = game_pnl > 0 (decisive only),COMPATIBILITY_ONLY_NOT_PRODUCTION,7298.2944,6560.4115,168.7433,171,86,-0.02312092,,-0.02312092,-0.02312092,-168.7433,7298.2944,OK,0.0000,6.7497,4.0000,96.0000,AG03-UNRESOLVED,ALL5_LEVELS_bet23_to_bet27,6.7497,6.7497,6.7497,6.7497,6.7497,4.000000,4.000000,4.000000,4.000000,4.000000,96.000000,96.000000,96.000000,96.000000,96.000000,5.0,33.7487,31.1546,134.9946,137.5887,PENDING_AG03,FALSE,NOT_FOR_ENFORCEMENT,161.9935,6297.9951,168.7433,161.9935,6.7497,0.02312092,0.02219608,6.7497,161.9935,0.02219608,6.7497,6.7497,6.7497,6.7497,6.7497,161.9935,0.02219608,33.7487,31.1546,134.9946,137.5887,0.01849674,0.01885217,0.00092484,42.6801,76.2839,1.9621,168.7433,10.5465,7298.2944,86.0000,,42.6801,21.0824,31.6236,63.2471,84.3295,84.3295,94.8707,31.6236,-10.5412,2.666667,3.0,1.34963,11,14,1,4,0E-8,0.02312092,,0E-8,0.000000,0.898897,0.491228,,2026-04-17,2026-04-17,1,16,11,1,1.000000,,,0.000000,,,,,,,,GLOBAL_BASELINE_NO_ENTITY_RANKING,,,NOT_APPLICABLE_GLOBAL_BASELINE,HF9g-P5,,,,X 全窗基线 · 不参与实体赏罚,6876610,688,A168_HF9F_20260827_0900,2026-08-27 09:00:00
2026-04-17,146923793,2196,0,168.6589505198,-24.7717833577,-24.7717833577,0.5000000,4,2,0.42569052142848458,0.297275450000,0.2125392920321927,0.6272624026875385,0.2125392920321927,0.12841507142848458,ELIGIBLE,R03b_20260811_FULL_v1,L1_ELIGIBILITY,v2026-08-11,2026-03-21..2026-08-06,baccarat_bet02_101_all_pairs_incl_sentinel,round_win = game_pnl > 0 (decisive only),COMPATIBILITY_ONLY_NOT_PRODUCTION,7298.2944,6560.4115,168.7433,171,86,-0.02312092,,-0.02312092,-0.02312092,-168.7433,7298.2944,OK,0.0000,6.7497,4.0000,96.0000,AG03-UNRESOLVED,ALL5_LEVELS_bet23_to_bet27,6.7497,6.7497,6.7497,6.7497,6.7497,4.000000,4.000000,4.000000,4.000000,4.000000,96.000000,96.000000,96.000000,96.000000,96.000000,5.0,33.7487,31.1546,134.9946,137.5887,PENDING_AG03,FALSE,NOT_FOR_ENFORCEMENT,161.9935,6297.9951,168.7433,161.9935,6.7497,0.02312092,0.02219608,6.7497,161.9935,0.02219608,6.7497,6.7497,6.7497,6.7497,6.7497,161.9935,0.02219608,33.7487,31.1546,134.9946,137.5887,0.01849674,0.01885217,0.00092484,42.6801,76.2839,1.9621,168.7433,10.5465,7298.2944,86.0000,,42.6801,21.0824,31.6236,63.2471,84.3295,84.3295,94.8707,31.6236,-10.5412,2.666667,3.0,1.34963,11,14,1,4,0E-8,0.02312092,,0E-8,0.000000,0.898897,0.491228,,2026-04-17,2026-04-17,1,16,11,1,1.000000,,,0.000000,,,,,,,,GLOBAL_BASELINE_NO_ENTITY_RANKING,,,NOT_APPLICABLE_GLOBAL_BASELINE,HF9g-P5,,,,X 全窗基线 · 不参与实体赏罚,6876611,688,A168_HF9F_20260827_0900,2026-08-27 09:00:00
2026-04-17,146923793,2229,0,368.9414542619,-204.4989775053,-204.4989775053,0.2500000,8,4,0.43229983383917424,0.297275450000,-0.7359769679321279,-0.20686812659229928,-0.7359769679321279,0.13502438383917424,ELIGIBLE,R03b_20260811_FULL_v1,L1_ELIGIBILITY,v2026-08-11,2026-03-21..2026-08-06,baccarat_bet02_101_all_pairs_incl_sentinel,round_win = game_pnl > 0 (decisive only),COMPATIBILITY_ONLY_NOT_PRODUCTION,7298.2944,6560.4115,168.7433,171,86,-0.02312092,,-0.02312092,-0.02312092,-168.7433,7298.2944,OK,0.0000,6.7497,4.0000,96.0000,AG03-UNRESOLVED,ALL5_LEVELS_bet23_to_bet27,6.7497,6.7497,6.7497,6.7497,6.7497,4.000000,4.000000,4.000000,4.000000,4.000000,96.000000,96.000000,96.000000,96.000000,96.000000,5.0,33.7487,31.1546,134.9946,137.5887,PENDING_AG03,FALSE,NOT_FOR_ENFORCEMENT,161.9935,6297.9951,168.7433,161.9935,6.7497,0.02312092,0.02219608,6.7497,161.9935,0.02219608,6.7497,6.7497,6.7497,6.7497,6.7497,161.9935,0.02219608,33.7487,31.1546,134.9946,137.5887,0.01849674,0.01885217,0.00092484,42.6801,76.2839,1.9621,168.7433,10.5465,7298.2944,86.0000,,42.6801,21.0824,31.6236,63.2471,84.3295,84.3295,94.8707,31.6236,-10.5412,2.666667,3.0,1.34963,11,14,1,4,0E-8,0.02312092,,0E-8,0.000000,0.898897,0.491228,,2026-04-17,2026-04-17,1,16,11,1,1.000000,,,0.000000,,,,,,,,GLOBAL_BASELINE_NO_ENTITY_RANKING,,,NOT_APPLICABLE_GLOBAL_BASELINE,HF9g-P5,,,,X 全窗基线 · 不参与实体赏罚,6876612,688,A168_HF9F_20260827_0900,2026-08-27 09:00:00
2026-04-17,146923793,462,0,463.8121139294,291.9908080871,291.9908080871,0.8333333,12,6,0.42693015327371529,0.297275450000,2.0125678432783927,2.8728650554403456,2.0125678432783927,0.12965470327371529,ELIGIBLE,R03b_20260811_FULL_v1,L1_ELIGIBILITY,v2026-08-11,2026-03-21..2026-08-06,baccarat_bet02_101_all_pairs_incl_sentinel,round_win = game_pnl > 0 (decisive only),COMPATIBILITY_ONLY_NOT_PRODUCTION,7298.2944,6560.4115,168.7433,171,86,-0.02312092,,-0.02312092,-0.02312092,-168.7433,7298.2944,OK,0.0000,6.7497,4.0000,96.0000,AG03-UNRESOLVED,ALL5_LEVELS_bet23_to_bet27,6.7497,6.7497,6.7497,6.7497,6.7497,4.000000,4.000000,4.000000,4.000000,4.000000,96.000000,96.000000,96.000000,96.000000,96.000000,5.0,33.7487,31.1546,134.9946,137.5887,PENDING_AG03,FALSE,NOT_FOR_ENFORCEMENT,161.9935,6297.9951,168.7433,161.9935,6.7497,0.02312092,0.02219608,6.7497,161.9935,0.02219608,6.7497,6.7497,6.7497,6.7497,6.7497,161.9935,0.02219608,33.7487,31.1546,134.9946,137.5887,0.01849674,0.01885217,0.00092484,42.6801,76.2839,1.9621,168.7433,10.5465,7298.2944,86.0000,,42.6801,21.0824,31.6236,63.2471,84.3295,84.3295,94.8707,31.6236,-10.5412,2.666667,3.0,1.34963,11,14,1,4,0E-8,0.02312092,,0E-8,0.000000,0.898897,0.491228,,2026-04-17,2026-04-17,1,16,11,1,1.000000,,,0.000000,,,,,,,,GLOBAL_BASELINE_NO_ENTITY_RANKING,,,NOT_APPLICABLE_GLOBAL_BASELINE,HF9g-P5,,,,X 全窗基线 · 不参与实体赏罚,6876613,688,A168_HF9F_20260827_0900,2026-08-27 09:00:00
2026-04-17,146923793,583,0,442.7297451143,-134.4001011955,-134.4001011955,0.4000000,10,5,0.45214887319040189,0.297945710000,-0.2342922509977393,0.4989561164153655,-0.2342922509977393,0.15420316319040189,ELIGIBLE,R03b_20260811_FULL_v1,L1_ELIGIBILITY,v2026-08-11,2026-03-21..2026-08-06,baccarat_bet02_101_all_pairs_incl_sentinel,round_win = game_pnl > 0 (decisive only),COMPATIBILITY_ONLY_NOT_PRODUCTION,7298.2944,6560.4115,168.7433,171,86,-0.02312092,,-0.02312092,-0.02312092,-168.7433,7298.2944,OK,0.0000,6.7497,4.0000,96.0000,AG03-UNRESOLVED,ALL5_LEVELS_bet23_to_bet27,6.7497,6.7497,6.7497,6.7497,6.7497,4.000000,4.000000,4.000000,4.000000,4.000000,96.000000,96.000000,96.000000,96.000000,96.000000,5.0,33.7487,31.1546,134.9946,137.5887,PENDING_AG03,FALSE,NOT_FOR_ENFORCEMENT,161.9935,6297.9951,168.7433,161.9935,6.7497,0.02312092,0.02219608,6.7497,161.9935,0.02219608,6.7497,6.7497,6.7497,6.7497,6.7497,161.9935,0.02219608,33.7487,31.1546,134.9946,137.5887,0.01849674,0.01885217,0.00092484,42.6801,76.2839,1.9621,168.7433,10.5465,7298.2944,86.0000,,42.6801,21.0824,31.6236,63.2471,84.3295,84.3295,94.8707,31.6236,-10.5412,2.666667,3.0,1.34963,11,14,1,4,0E-8,0.02312092,,0E-8,0.000000,0.898897,0.491228,,2026-04-17,2026-04-17,1,16,11,1,1.000000,,,0.000000,,,,,,,,GLOBAL_BASELINE_NO_ENTITY_RANKING,,,NOT_APPLICABLE_GLOBAL_BASELINE,HF9g-P5,,,,X 全窗基线 · 不参与实体赏罚,6876614,688,A168_HF9F_20260827_0900,2026-08-27 09:00:00
2026-07-02,151689373,1354,0,71.5366063034,0E-10,0E-10,,1,1,0.50665070000000000,0.506650700000,,,,0E-17,NO_DECISIVE_ROUND,R03b_20260811_FULL_v1,L1_ELIGIBILITY,v2026-08-11,2026-03-21..2026-08-06,baccarat_bet02_101_all_pairs_incl_sentinel,round_win = game_pnl > 0 (decisive only),COMPATIBILITY_ONLY_NOT_PRODUCTION,245.2684,173.7318,172.1682,3,3,-0.70195833,,-0.70195833,-0.70833333,-172.1682,245.2684,THIN_EXPOSURE,1.5636,8.6084,5.0000,95.0000,AG03-UNRESOLVED,ALL5_LEVELS_bet23_to_bet27,8.6084,8.6084,8.6084,8.6084,8.6084,5.000000,5.000000,5.000000,5.000000,5.000000,95.000000,95.000000,95.000000,95.000000,95.000000,5.0,43.0420,38.9477,127.5625,131.6569,PENDING_AG03,FALSE,NOT_FOR_ENFORCEMENT,163.5598,165.0452,170.6046,161.9962,7.0448,0.69558333,0.66048542,8.6084,161.9962,0.66048542,8.6084,8.6084,8.6084,8.6084,8.6084,161.9962,0.66048542,43.0420,38.9477,127.5625,131.6569,0.52009375,0.53678698,0.02872292,81.7561,57.9106,57.3894,172.1682,57.3894,245.2684,3.0000,,81.7561,71.5366,71.5366,94.5305,102.1952,102.1952,102.1952,71.5366,-70.8928,1.428571,1.428571,1.142857,3,3,1,2,0E-8,0.70195833,,0.00900000,0.900000,0.708333,0.000000,,2026-07-02,2026-07-02,1,3,3,1,1.000000,,,0.000000,,,,,,,,GLOBAL_BASELINE_NO_ENTITY_RANKING,,,NOT_APPLICABLE_GLOBAL_BASELINE,HF9g-P5,,,,X 全窗基线 · 不参与实体赏罚,6876615,688,A168_HF9F_20260827_0900,2026-08-27 09:00:00
2026-07-02,151689373,1507,0,102.1951518620,-102.1951518620,-101.2753954952,0E-7,1,1,0.49324550000000000,0.493245500000,-0.9865810262130424,-0.9865810262130424,-0.9865810262130424,0E-17,ELIGIBLE,R03b_20260811_FULL_v1,L1_ELIGIBILITY,v2026-08-11,2026-03-21..2026-08-06,baccarat_bet02_101_all_pairs_incl_sentinel,round_win = game_pnl > 0 (decisive only),COMPATIBILITY_ONLY_NOT_PRODUCTION,245.2684,173.7318,172.1682,3,3,-0.70195833,,-0.70195833,-0.70833333,-172.1682,245.2684,THIN_EXPOSURE,1.5636,8.6084,5.0000,95.0000,AG03-UNRESOLVED,ALL5_LEVELS_bet23_to_bet27,8.6084,8.6084,8.6084,8.6084,8.6084,5.000000,5.000000,5.000000,5.000000,5.000000,95.000000,95.000000,95.000000,95.000000,95.000000,5.0,43.0420,38.9477,127.5625,131.6569,PENDING_AG03,FALSE,NOT_FOR_ENFORCEMENT,163.5598,165.0452,170.6046,161.9962,7.0448,0.69558333,0.66048542,8.6084,161.9962,0.66048542,8.6084,8.6084,8.6084,8.6084,8.6084,161.9962,0.66048542,43.0420,38.9477,127.5625,131.6569,0.52009375,0.53678698,0.02872292,81.7561,57.9106,57.3894,172.1682,57.3894,245.2684,3.0000,,81.7561,71.5366,71.5366,94.5305,102.1952,102.1952,102.1952,71.5366,-70.8928,1.428571,1.428571,1.142857,3,3,1,2,0E-8,0.70195833,,0.00900000,0.900000,0.708333,0.000000,,2026-07-02,2026-07-02,1,3,3,1,1.000000,,,0.000000,,,,,,,,GLOBAL_BASELINE_NO_ENTITY_RANKING,,,NOT_APPLICABLE_GLOBAL_BASELINE,HF9g-P5,,,,X 全窗基线 · 不参与实体赏罚,6876616,688,A168_HF9F_20260827_0900,2026-08-27 09:00:00
2026-07-02,151689373,2235,0,71.5366063034,-71.5366063034,-70.8927768467,0E-7,1,1,0.50665070000000000,0.506650700000,-1.013391052207602,-1.013391052207602,-1.013391052207602,0E-17,ELIGIBLE,R03b_20260811_FULL_v1,L1_ELIGIBILITY,v2026-08-11,2026-03-21..2026-08-06,baccarat_bet02_101_all_pairs_incl_sentinel,round_win = game_pnl > 0 (decisive only),COMPATIBILITY_ONLY_NOT_PRODUCTION,245.2684,173.7318,172.1682,3,3,-0.70195833,,-0.70195833,-0.70833333,-172.1682,245.2684,THIN_EXPOSURE,1.5636,8.6084,5.0000,95.0000,AG03-UNRESOLVED,ALL5_LEVELS_bet23_to_bet27,8.6084,8.6084,8.6084,8.6084,8.6084,5.000000,5.000000,5.000000,5.000000,5.000000,95.000000,95.000000,95.000000,95.000000,95.000000,5.0,43.0420,38.9477,127.5625,131.6569,PENDING_AG03,FALSE,NOT_FOR_ENFORCEMENT,163.5598,165.0452,170.6046,161.9962,7.0448,0.69558333,0.66048542,8.6084,161.9962,0.66048542,8.6084,8.6084,8.6084,8.6084,8.6084,161.9962,0.66048542,43.0420,38.9477,127.5625,131.6569,0.52009375,0.53678698,0.02872292,81.7561,57.9106,57.3894,172.1682,57.3894,245.2684,3.0000,,81.7561,71.5366,71.5366,94.5305,102.1952,102.1952,102.1952,71.5366,-70.8928,1.428571,1.428571,1.142857,3,3,1,2,0E-8,0.70195833,,0.00900000,0.900000,0.708333,0.000000,,2026-07-02,2026-07-02,1,3,3,1,1.000000,,,0.000000,,,,,,,,GLOBAL_BASELINE_NO_ENTITY_RANKING,,,NOT_APPLICABLE_GLOBAL_BASELINE,HF9g-P5,,,,X 全窗基线 · 不参与实体赏罚,6876617,688,A168_HF9F_20260827_0900,2026-08-27 09:00:00
2026-08-06,153908310,-1,1,115.5831813630,-14.1268332777,-14.1268332777,0.3333333,5,5,0.50128862000000000,0.501288620000,-0.5818161120757372,-0.5818161120757372,-0.5818161120757372,0E-17,SENTINEL_DEALER,R03b_20260811_FULL_v1,L1_ELIGIBILITY,v2026-08-11,2026-03-21..2026-08-06,baccarat_bet02_101_all_pairs_incl_sentinel,round_win = game_pnl > 0 (decisive only),COMPATIBILITY_ONLY_NOT_PRODUCTION,371.6641,320.2938,168.7514,15,15,-0.45404285,-0.45404285,,-0.45404285,-168.7514,371.6641,THIN_EXPOSURE,0.0000,6.7501,4.0000,96.0000,AG03-UNRESOLVED,ALL5_LEVELS_bet23_to_bet27,6.7501,6.7501,8.4376,8.4376,8.4376,4.000000,4.000000,5.000000,5.000000,5.000000,96.000000,96.000000,95.000000,95.000000,95.000000,5.0,38.8128,35.4113,129.9386,133.3401,PENDING_AG03,FALSE,NOT_FOR_ENFORCEMENT,162.0014,307.4821,168.7514,162.0014,6.7501,0.45404285,0.43588113,6.7501,162.0014,0.43588113,6.7501,6.7501,8.4376,8.4376,8.4376,162.0014,0.43588113,38.8128,35.4113,129.9386,133.3401,0.34961299,0.35876504,0.01816171,24.7776,21.3529,11.2501,168.7514,16.8751,371.6641,15.0000,24.7776,,25.6852,25.6852,25.6852,26.1989,34.4823,37.2435,25.6852,-25.6852,1.3425,1.45,0.964667,10,7,1,2,1.00000000,0.45404285,0.45404285,0E-8,0.000000,0.861783,0.000000,,2026-08-06,2026-08-06,1,10,10,1,1.000000,,1.000000,3.333333,,,,,,,,GLOBAL_BASELINE_NO_ENTITY_RANKING,,,NOT_APPLICABLE_GLOBAL_BASELINE,HF9g-P5,,,,X 全窗基线 · 不参与实体赏罚,6876618,688,A168_HF9F_20260827_0900,2026-08-27 09:00:00
2026-08-06,153908310,1330,0,77.0554542420,-25.6851514140,-25.6851514140,0.3333333,3,3,0.49771390000000000,0.497713900000,-0.5694369385616226,-0.5694369385616226,-0.5694369385616226,0E-17,ELIGIBLE,R03b_20260811_FULL_v1,L1_ELIGIBILITY,v2026-08-11,2026-03-21..2026-08-06,baccarat_bet02_101_all_pairs_incl_sentinel,round_win = game_pnl > 0 (decisive only),COMPATIBILITY_ONLY_NOT_PRODUCTION,371.6641,320.2938,168.7514,15,15,-0.45404285,-0.45404285,,-0.45404285,-168.7514,371.6641,THIN_EXPOSURE,0.0000,6.7501,4.0000,96.0000,AG03-UNRESOLVED,ALL5_LEVELS_bet23_to_bet27,6.7501,6.7501,8.4376,8.4376,8.4376,4.000000,4.000000,5.000000,5.000000,5.000000,96.000000,96.000000,95.000000,95.000000,95.000000,5.0,38.8128,35.4113,129.9386,133.3401,PENDING_AG03,FALSE,NOT_FOR_ENFORCEMENT,162.0014,307.4821,168.7514,162.0014,6.7501,0.45404285,0.43588113,6.7501,162.0014,0.43588113,6.7501,6.7501,8.4376,8.4376,8.4376,162.0014,0.43588113,38.8128,35.4113,129.9386,133.3401,0.34961299,0.35876504,0.01816171,24.7776,21.3529,11.2501,168.7514,16.8751,371.6641,15.0000,24.7776,,25.6852,25.6852,25.6852,26.1989,34.4823,37.2435,25.6852,-25.6852,1.3425,1.45,0.964667,10,7,1,2,1.00000000,0.45404285,0.45404285,0E-8,0.000000,0.861783,0.000000,,2026-08-06,2026-08-06,1,10,10,1,1.000000,,1.000000,3.333333,,,,,,,,GLOBAL_BASELINE_NO_ENTITY_RANKING,,,NOT_APPLICABLE_GLOBAL_BASELINE,HF9g-P5,,,,X 全窗基线 · 不参与实体赏罚,6876619,688,A168_HF9F_20260827_0900,2026-08-27 09:00:00
2026-08-06,153908310,1509,0,25.6851514140,24.4008938433,24.4008938433,1.0000000,1,1,0.50665070000000000,0.506650700000,0.9867858985152569,0.9867858985152569,0.9867858985152569,0E-17,ELIGIBLE,R03b_20260811_FULL_v1,L1_ELIGIBILITY,v2026-08-11,2026-03-21..2026-08-06,baccarat_bet02_101_all_pairs_incl_sentinel,round_win = game_pnl > 0 (decisive only),COMPATIBILITY_ONLY_NOT_PRODUCTION,371.6641,320.2938,168.7514,15,15,-0.45404285,-0.45404285,,-0.45404285,-168.7514,371.6641,THIN_EXPOSURE,0.0000,6.7501,4.0000,96.0000,AG03-UNRESOLVED,ALL5_LEVELS_bet23_to_bet27,6.7501,6.7501,8.4376,8.4376,8.4376,4.000000,4.000000,5.000000,5.000000,5.000000,96.000000,96.000000,95.000000,95.000000,95.000000,5.0,38.8128,35.4113,129.9386,133.3401,PENDING_AG03,FALSE,NOT_FOR_ENFORCEMENT,162.0014,307.4821,168.7514,162.0014,6.7501,0.45404285,0.43588113,6.7501,162.0014,0.43588113,6.7501,6.7501,8.4376,8.4376,8.4376,162.0014,0.43588113,38.8128,35.4113,129.9386,133.3401,0.34961299,0.35876504,0.01816171,24.7776,21.3529,11.2501,168.7514,16.8751,371.6641,15.0000,24.7776,,25.6852,25.6852,25.6852,26.1989,34.4823,37.2435,25.6852,-25.6852,1.3425,1.45,0.964667,10,7,1,2,1.00000000,0.45404285,0.45404285,0E-8,0.000000,0.861783,0.000000,,2026-08-06,2026-08-06,1,10,10,1,1.000000,,1.000000,3.333333,,,,,,,,GLOBAL_BASELINE_NO_ENTITY_RANKING,,,NOT_APPLICABLE_GLOBAL_BASELINE,HF9g-P5,,,,X 全窗基线 · 不参与实体赏罚,6876620,688,A168_HF9F_20260827_0900,2026-08-27 09:00:00
2026-08-06,153908310,1623,0,51.8840058562,-51.8840058562,-51.8840058562,0E-7,2,2,0.50665070000000000,0.506650700000,-1.4331513700195317,-1.4331513700195317,-1.4331513700195317,0E-17,ELIGIBLE,R03b_20260811_FULL_v1,L1_ELIGIBILITY,v2026-08-11,2026-03-21..2026-08-06,baccarat_bet02_101_all_pairs_incl_sentinel,round_win = game_pnl > 0 (decisive only),COMPATIBILITY_ONLY_NOT_PRODUCTION,371.6641,320.2938,168.7514,15,15,-0.45404285,-0.45404285,,-0.45404285,-168.7514,371.6641,THIN_EXPOSURE,0.0000,6.7501,4.0000,96.0000,AG03-UNRESOLVED,ALL5_LEVELS_bet23_to_bet27,6.7501,6.7501,8.4376,8.4376,8.4376,4.000000,4.000000,5.000000,5.000000,5.000000,96.000000,96.000000,95.000000,95.000000,95.000000,5.0,38.8128,35.4113,129.9386,133.3401,PENDING_AG03,FALSE,NOT_FOR_ENFORCEMENT,162.0014,307.4821,168.7514,162.0014,6.7501,0.45404285,0.43588113,6.7501,162.0014,0.43588113,6.7501,6.7501,8.4376,8.4376,8.4376,162.0014,0.43588113,38.8128,35.4113,129.9386,133.3401,0.34961299,0.35876504,0.01816171,24.7776,21.3529,11.2501,168.7514,16.8751,371.6641,15.0000,24.7776,,25.6852,25.6852,25.6852,26.1989,34.4823,37.2435,25.6852,-25.6852,1.3425,1.45,0.964667,10,7,1,2,1.00000000,0.45404285,0.45404285,0E-8,0.000000,0.861783,0.000000,,2026-08-06,2026-08-06,1,10,10,1,1.000000,,1.000000,3.333333,,,,,,,,GLOBAL_BASELINE_NO_ENTITY_RANKING,,,NOT_APPLICABLE_GLOBAL_BASELINE,HF9g-P5,,,,X 全窗基线 · 不参与实体赏罚,6876621,688,A168_HF9F_20260827_0900,2026-08-27 09:00:00
2026-08-06,153908310,2201,0,37.2434695503,-37.2434695503,-37.2434695503,0E-7,1,1,0.50665070000000000,0.506650700000,-1.013391052207602,-1.013391052207602,-1.013391052207602,0E-17,ELIGIBLE,R03b_20260811_FULL_v1,L1_ELIGIBILITY,v2026-08-11,2026-03-21..2026-08-06,baccarat_bet02_101_all_pairs_incl_sentinel,round_win = game_pnl > 0 (decisive only),COMPATIBILITY_ONLY_NOT_PRODUCTION,371.6641,320.2938,168.7514,15,15,-0.45404285,-0.45404285,,-0.45404285,-168.7514,371.6641,THIN_EXPOSURE,0.0000,6.7501,4.0000,96.0000,AG03-UNRESOLVED,ALL5_LEVELS_bet23_to_bet27,6.7501,6.7501,8.4376,8.4376,8.4376,4.000000,4.000000,5.000000,5.000000,5.000000,96.000000,96.000000,95.000000,95.000000,95.000000,5.0,38.8128,35.4113,129.9386,133.3401,PENDING_AG03,FALSE,NOT_FOR_ENFORCEMENT,162.0014,307.4821,168.7514,162.0014,6.7501,0.45404285,0.43588113,6.7501,162.0014,0.43588113,6.7501,6.7501,8.4376,8.4376,8.4376,162.0014,0.43588113,38.8128,35.4113,129.9386,133.3401,0.34961299,0.35876504,0.01816171,24.7776,21.3529,11.2501,168.7514,16.8751,371.6641,15.0000,24.7776,,25.6852,25.6852,25.6852,26.1989,34.4823,37.2435,25.6852,-25.6852,1.3425,1.45,0.964667,10,7,1,2,1.00000000,0.45404285,0.45404285,0E-8,0.000000,0.861783,0.000000,,2026-08-06,2026-08-06,1,10,10,1,1.000000,,1.000000,3.333333,,,,,,,,GLOBAL_BASELINE_NO_ENTITY_RANKING,,,NOT_APPLICABLE_GLOBAL_BASELINE,HF9g-P5,,,,X 全窗基线 · 不参与实体赏罚,6876622,688,A168_HF9F_20260827_0900,2026-08-27 09:00:00
2026-08-06,153908310,2220,0,25.6851514140,-25.6851514140,-25.6851514140,0E-7,1,1,0.50665070000000000,0.506650700000,-1.013391052207602,-1.013391052207602,-1.013391052207602,0E-17,ELIGIBLE,R03b_20260811_FULL_v1,L1_ELIGIBILITY,v2026-08-11,2026-03-21..2026-08-06,baccarat_bet02_101_all_pairs_incl_sentinel,round_win = game_pnl > 0 (decisive only),COMPATIBILITY_ONLY_NOT_PRODUCTION,371.6641,320.2938,168.7514,15,15,-0.45404285,-0.45404285,,-0.45404285,-168.7514,371.6641,THIN_EXPOSURE,0.0000,6.7501,4.0000,96.0000,AG03-UNRESOLVED,ALL5_LEVELS_bet23_to_bet27,6.7501,6.7501,8.4376,8.4376,8.4376,4.000000,4.000000,5.000000,5.000000,5.000000,96.000000,96.000000,95.000000,95.000000,95.000000,5.0,38.8128,35.4113,129.9386,133.3401,PENDING_AG03,FALSE,NOT_FOR_ENFORCEMENT,162.0014,307.4821,168.7514,162.0014,6.7501,0.45404285,0.43588113,6.7501,162.0014,0.43588113,6.7501,6.7501,8.4376,8.4376,8.4376,162.0014,0.43588113,38.8128,35.4113,129.9386,133.3401,0.34961299,0.35876504,0.01816171,24.7776,21.3529,11.2501,168.7514,16.8751,371.6641,15.0000,24.7776,,25.6852,25.6852,25.6852,26.1989,34.4823,37.2435,25.6852,-25.6852,1.3425,1.45,0.964667,10,7,1,2,1.00000000,0.45404285,0.45404285,0E-8,0.000000,0.861783,0.000000,,2026-08-06,2026-08-06,1,10,10,1,1.000000,,1.000000,3.333333,,,,,,,,GLOBAL_BASELINE_NO_ENTITY_RANKING,,,NOT_APPLICABLE_GLOBAL_BASELINE,HF9g-P5,,,,X 全窗基线 · 不参与实体赏罚,6876623,688,A168_HF9F_20260827_0900,2026-08-27 09:00:00
2026-08-06,153908310,2261,0,38.5277271210,-38.5277271210,-38.5277271210,0E-7,2,2,0.49994810000000000,0.499948100000,-1.4140667746232096,-1.4140667746232096,-1.4140667746232096,0E-17,ELIGIBLE,R03b_20260811_FULL_v1,L1_ELIGIBILITY,v2026-08-11,2026-03-21..2026-08-06,baccarat_bet02_101_all_pairs_incl_sentinel,round_win = game_pnl > 0 (decisive only),COMPATIBILITY_ONLY_NOT_PRODUCTION,371.6641,320.2938,168.7514,15,15,-0.45404285,-0.45404285,,-0.45404285,-168.7514,371.6641,THIN_EXPOSURE,0.0000,6.7501,4.0000,96.0000,AG03-UNRESOLVED,ALL5_LEVELS_bet23_to_bet27,6.7501,6.7501,8.4376,8.4376,8.4376,4.000000,4.000000,5.000000,5.000000,5.000000,96.000000,96.000000,95.000000,95.000000,95.000000,5.0,38.8128,35.4113,129.9386,133.3401,PENDING_AG03,FALSE,NOT_FOR_ENFORCEMENT,162.0014,307.4821,168.7514,162.0014,6.7501,0.45404285,0.43588113,6.7501,162.0014,0.43588113,6.7501,6.7501,8.4376,8.4376,8.4376,162.0014,0.43588113,38.8128,35.4113,129.9386,133.3401,0.34961299,0.35876504,0.01816171,24.7776,21.3529,11.2501,168.7514,16.8751,371.6641,15.0000,24.7776,,25.6852,25.6852,25.6852,26.1989,34.4823,37.2435,25.6852,-25.6852,1.3425,1.45,0.964667,10,7,1,2,1.00000000,0.45404285,0.45404285,0E-8,0.000000,0.861783,0.000000,,2026-08-06,2026-08-06,1,10,10,1,1.000000,,1.000000,3.333333,,,,,,,,GLOBAL_BASELINE_NO_ENTITY_RANKING,,,NOT_APPLICABLE_GLOBAL_BASELINE,HF9g-P5,,,,X 全窗基线 · 不参与实体赏罚,6876624,688,A168_HF9F_20260827_0900,2026-08-27 09:00:00
2026-06-27,152170068,1990,0,22.8868259315,-22.8868259315,-22.8868259315,0E-7,1,1,0.49324550000000000,0.493245500000,-0.9865810262130424,-0.9865810262130424,-0.9865810262130424,0E-17,ELIGIBLE,R03b_20260811_FULL_v1,L1_ELIGIBILITY,v2026-08-11,2026-03-21..2026-08-06,baccarat_bet02_101_all_pairs_incl_sentinel,round_win = game_pnl > 0 (decisive only),COMPATIBILITY_ONLY_NOT_PRODUCTION,599.6560,585.4562,168.7573,14,14,-0.28142348,-0.49371782,-0.12891493,-0.28142348,-168.7573,599.6560,THIN_EXPOSURE,0.0000,6.7503,4.0000,96.0000,AG03-UNRESOLVED,ALL5_LEVELS_bet23_to_bet27,6.7503,6.7503,6.7503,10.1254,10.1254,4.000000,4.000000,4.000000,6.000000,6.000000,96.000000,96.000000,96.000000,94.000000,94.000000,5.0,40.5017,36.8308,128.2555,131.9265,PENDING_AG03,FALSE,NOT_FOR_ENFORCEMENT,162.0070,562.0380,168.7573,162.0070,6.7503,0.28142348,0.27016654,6.7503,162.0070,0.27016654,6.7503,6.7503,6.7503,10.1254,10.1254,162.0070,0.27016654,40.5017,36.8308,128.2555,131.9265,0.21388184,0.22000357,0.01125694,42.8326,41.8183,12.0541,21.0947,12.0541,74.9570,1.7500,27.8545,69.7931,14.1998,26.5468,44.4066,95.1385,155.6812,172.9791,26.5468,-8.778,5.864403,6.516003,1.613473,14,12,3,2,0.41805740,0.28142348,0.49371782,0E-8,0.000000,0.976320,0.000000,-0.36480289,2026-06-27,2026-07-29,8,14,14,33,0.242424,0.399101,0.650312,1.393525,,,,,,,,GLOBAL_BASELINE_NO_ENTITY_RANKING,,,NOT_APPLICABLE_GLOBAL_BASELINE,HF9g-P5,,,,X 全窗基线 · 不参与实体赏罚,6876625,688,A168_HF9F_20260827_0900,2026-08-27 09:00:00
2026-07-05,152170068,1302,0,22.2032891849,22.2032891849,22.2032891849,1.0000000,1,1,0.49324550000000000,0.493245500000,1.01360149184955,1.01360149184955,1.01360149184955,0E-17,ELIGIBLE,R03b_20260811_FULL_v1,L1_ELIGIBILITY,v2026-08-11,2026-03-21..2026-08-06,baccarat_bet02_101_all_pairs_incl_sentinel,round_win = game_pnl > 0 (decisive only),COMPATIBILITY_ONLY_NOT_PRODUCTION,599.6560,585.4562,168.7573,14,14,-0.28142348,-0.49371782,-0.12891493,-0.28142348,-168.7573,599.6560,THIN_EXPOSURE,0.0000,6.7503,4.0000,96.0000,AG03-UNRESOLVED,ALL5_LEVELS_bet23_to_bet27,6.7503,6.7503,6.7503,10.1254,10.1254,4.000000,4.000000,4.000000,6.000000,6.000000,96.000000,96.000000,96.000000,94.000000,94.000000,5.0,40.5017,36.8308,128.2555,131.9265,PENDING_AG03,FALSE,NOT_FOR_ENFORCEMENT,162.0070,562.0380,168.7573,162.0070,6.7503,0.28142348,0.27016654,6.7503,162.0070,0.27016654,6.7503,6.7503,6.7503,10.1254,10.1254,162.0070,0.27016654,40.5017,36.8308,128.2555,131.9265,0.21388184,0.22000357,0.01125694,42.8326,41.8183,12.0541,21.0947,12.0541,74.9570,1.7500,27.8545,69.7931,14.1998,26.5468,44.4066,95.1385,155.6812,172.9791,26.5468,-8.778,5.864403,6.516003,1.613473,14,12,3,2,0.41805740,0.28142348,0.49371782,0E-8,0.000000,0.976320,0.000000,-0.36480289,2026-06-27,2026-07-29,8,14,14,33,0.242424,0.399101,0.650312,1.393525,,,,,,,,GLOBAL_BASELINE_NO_ENTITY_RANKING,,,NOT_APPLICABLE_GLOBAL_BASELINE,HF9g-P5,,,,X 全窗基线 · 不参与实体赏罚,6876626,688,A168_HF9F_20260827_0900,2026-08-27 09:00:00
2026-07-05,152170068,1399,0,44.4065783699,42.1862494514,42.1862494514,1.0000000,1,1,0.50665070000000000,0.506650700000,0.9867858985152569,0.9867858985152569,0.9867858985152569,0E-17,ELIGIBLE,R03b_20260811_FULL_v1,L1_ELIGIBILITY,v2026-08-11,2026-03-21..2026-08-06,baccarat_bet02_101_all_pairs_incl_sentinel,round_win = game_pnl > 0 (decisive only),COMPATIBILITY_ONLY_NOT_PRODUCTION,599.6560,585.4562,168.7573,14,14,-0.28142348,-0.49371782,-0.12891493,-0.28142348,-168.7573,599.6560,THIN_EXPOSURE,0.0000,6.7503,4.0000,96.0000,AG03-UNRESOLVED,ALL5_LEVELS_bet23_to_bet27,6.7503,6.7503,6.7503,10.1254,10.1254,4.000000,4.000000,4.000000,6.000000,6.000000,96.000000,96.000000,96.000000,94.000000,94.000000,5.0,40.5017,36.8308,128.2555,131.9265,PENDING_AG03,FALSE,NOT_FOR_ENFORCEMENT,162.0070,562.0380,168.7573,162.0070,6.7503,0.28142348,0.27016654,6.7503,162.0070,0.27016654,6.7503,6.7503,6.7503,10.1254,10.1254,162.0070,0.27016654,40.5017,36.8308,128.2555,131.9265,0.21388184,0.22000357,0.01125694,42.8326,41.8183,12.0541,21.0947,12.0541,74.9570,1.7500,27.8545,69.7931,14.1998,26.5468,44.4066,95.1385,155.6812,172.9791,26.5468,-8.778,5.864403,6.516003,1.613473,14,12,3,2,0.41805740,0.28142348,0.49371782,0E-8,0.000000,0.976320,0.000000,-0.36480289,2026-06-27,2026-07-29,8,14,14,33,0.242424,0.399101,0.650312,1.393525,,,,,,,,GLOBAL_BASELINE_NO_ENTITY_RANKING,,,NOT_APPLICABLE_GLOBAL_BASELINE,HF9g-P5,,,,X 全窗基线 · 不参与实体赏罚,6876627,688,A168_HF9F_20260827_0900,2026-08-27 09:00:00
2026-07-05,152170068,2134,0,86.4895567087,86.4895567087,86.4895567087,1.0000000,1,1,0.49324550000000000,0.493245500000,1.01360149184955,1.01360149184955,1.01360149184955,0E-17,ELIGIBLE,R03b_20260811_FULL_v1,L1_ELIGIBILITY,v2026-08-11,2026-03-21..2026-08-06,baccarat_bet02_101_all_pairs_incl_sentinel,round_win = game_pnl > 0 (decisive only),COMPATIBILITY_ONLY_NOT_PRODUCTION,599.6560,585.4562,168.7573,14,14,-0.28142348,-0.49371782,-0.12891493,-0.28142348,-168.7573,599.6560,THIN_EXPOSURE,0.0000,6.7503,4.0000,96.0000,AG03-UNRESOLVED,ALL5_LEVELS_bet23_to_bet27,6.7503,6.7503,6.7503,10.1254,10.1254,4.000000,4.000000,4.000000,6.000000,6.000000,96.000000,96.000000,96.000000,94.000000,94.000000,5.0,40.5017,36.8308,128.2555,131.9265,PENDING_AG03,FALSE,NOT_FOR_ENFORCEMENT,162.0070,562.0380,168.7573,162.0070,6.7503,0.28142348,0.27016654,6.7503,162.0070,0.27016654,6.7503,6.7503,6.7503,10.1254,10.1254,162.0070,0.27016654,40.5017,36.8308,128.2555,131.9265,0.21388184,0.22000357,0.01125694,42.8326,41.8183,12.0541,21.0947,12.0541,74.9570,1.7500,27.8545,69.7931,14.1998,26.5468,44.4066,95.1385,155.6812,172.9791,26.5468,-8.778,5.864403,6.516003,1.613473,14,12,3,2,0.41805740,0.28142348,0.49371782,0E-8,0.000000,0.976320,0.000000,-0.36480289,2026-06-27,2026-07-29,8,14,14,33,0.242424,0.399101,0.650312,1.393525,,,,,,,,GLOBAL_BASELINE_NO_ENTITY_RANKING,,,NOT_APPLICABLE_GLOBAL_BASELINE,HF9g-P5,,,,X 全窗基线 · 不参与实体赏罚,6876628,688,A168_HF9F_20260827_0900,2026-08-27 09:00:00
2026-07-05,152170068,2233,0,172.9791134175,-172.9791134175,-172.9791134175,0E-7,1,1,0.49324550000000000,0.493245500000,-0.9865810262130424,-0.9865810262130424,-0.9865810262130424,0E-17,ELIGIBLE,R03b_20260811_FULL_v1,L1_ELIGIBILITY,v2026-08-11,2026-03-21..2026-08-06,baccarat_bet02_101_all_pairs_incl_sentinel,round_win = game_pnl > 0 (decisive only),COMPATIBILITY_ONLY_NOT_PRODUCTION,599.6560,585.4562,168.7573,14,14,-0.28142348,-0.49371782,-0.12891493,-0.28142348,-168.7573,599.6560,THIN_EXPOSURE,0.0000,6.7503,4.0000,96.0000,AG03-UNRESOLVED,ALL5_LEVELS_bet23_to_bet27,6.7503,6.7503,6.7503,10.1254,10.1254,4.000000,4.000000,4.000000,6.000000,6.000000,96.000000,96.000000,96.000000,94.000000,94.000000,5.0,40.5017,36.8308,128.2555,131.9265,PENDING_AG03,FALSE,NOT_FOR_ENFORCEMENT,162.0070,562.0380,168.7573,162.0070,6.7503,0.28142348,0.27016654,6.7503,162.0070,0.27016654,6.7503,6.7503,6.7503,10.1254,10.1254,162.0070,0.27016654,40.5017,36.8308,128.2555,131.9265,0.21388184,0.22000357,0.01125694,42.8326,41.8183,12.0541,21.0947,12.0541,74.9570,1.7500,27.8545,69.7931,14.1998,26.5468,44.4066,95.1385,155.6812,172.9791,26.5468,-8.778,5.864403,6.516003,1.613473,14,12,3,2,0.41805740,0.28142348,0.49371782,0E-8,0.000000,0.976320,0.000000,-0.36480289,2026-06-27,2026-07-29,8,14,14,33,0.242424,0.399101,0.650312,1.393525,,,,,,,,GLOBAL_BASELINE_NO_ENTITY_RANKING,,,NOT_APPLICABLE_GLOBAL_BASELINE,HF9g-P5,,,,X 全窗基线 · 不参与实体赏罚,6876629,688,A168_HF9F_20260827_0900,2026-08-27 09:00:00
2026-07-08,152170068,-1,1,8.5198667803,-8.5198667803,-8.5198667803,0E-7,1,1,0.49324550000000000,0.493245500000,-0.9865810262130424,-0.9865810262130424,-0.9865810262130424,0E-17,SENTINEL_DEALER,R03b_20260811_FULL_v1,L1_ELIGIBILITY,v2026-08-11,2026-03-21..2026-08-06,baccarat_bet02_101_all_pairs_incl_sentinel,round_win = game_pnl > 0 (decisive only),COMPATIBILITY_ONLY_NOT_PRODUCTION,599.6560,585.4562,168.7573,14,14,-0.28142348,-0.49371782,-0.12891493,-0.28142348,-168.7573,599.6560,THIN_EXPOSURE,0.0000,6.7503,4.0000,96.0000,AG03-UNRESOLVED,ALL5_LEVELS_bet23_to_bet27,6.7503,6.7503,6.7503,10.1254,10.1254,4.000000,4.000000,4.000000,6.000000,6.000000,96.000000,96.000000,96.000000,94.000000,94.000000,5.0,40.5017,36.8308,128.2555,131.9265,PENDING_AG03,FALSE,NOT_FOR_ENFORCEMENT,162.0070,562.0380,168.7573,162.0070,6.7503,0.28142348,0.27016654,6.7503,162.0070,0.27016654,6.7503,6.7503,6.7503,10.1254,10.1254,162.0070,0.27016654,40.5017,36.8308,128.2555,131.9265,0.21388184,0.22000357,0.01125694,42.8326,41.8183,12.0541,21.0947,12.0541,74.9570,1.7500,27.8545,69.7931,14.1998,26.5468,44.4066,95.1385,155.6812,172.9791,26.5468,-8.778,5.864403,6.516003,1.613473,14,12,3,2,0.41805740,0.28142348,0.49371782,0E-8,0.000000,0.976320,0.000000,-0.36480289,2026-06-27,2026-07-29,8,14,14,33,0.242424,0.399101,0.650312,1.393525,,,,,,,,GLOBAL_BASELINE_NO_ENTITY_RANKING,,,NOT_APPLICABLE_GLOBAL_BASELINE,HF9g-P5,,,,X 全窗基线 · 不参与实体赏罚,6876630,688,A168_HF9F_20260827_0900,2026-08-27 09:00:00
2026-07-09,152170068,-1,1,19.1051558103,19.1051558103,19.1051558103,1.0000000,1,1,0.49324550000000000,0.493245500000,1.01360149184955,1.01360149184955,1.01360149184955,0E-17,SENTINEL_DEALER,R03b_20260811_FULL_v1,L1_ELIGIBILITY,v2026-08-11,2026-03-21..2026-08-06,baccarat_bet02_101_all_pairs_incl_sentinel,round_win = game_pnl > 0 (decisive only),COMPATIBILITY_ONLY_NOT_PRODUCTION,599.6560,585.4562,168.7573,14,14,-0.28142348,-0.49371782,-0.12891493,-0.28142348,-168.7573,599.6560,THIN_EXPOSURE,0.0000,6.7503,4.0000,96.0000,AG03-UNRESOLVED,ALL5_LEVELS_bet23_to_bet27,6.7503,6.7503,6.7503,10.1254,10.1254,4.000000,4.000000,4.000000,6.000000,6.000000,96.000000,96.000000,96.000000,94.000000,94.000000,5.0,40.5017,36.8308,128.2555,131.9265,PENDING_AG03,FALSE,NOT_FOR_ENFORCEMENT,162.0070,562.0380,168.7573,162.0070,6.7503,0.28142348,0.27016654,6.7503,162.0070,0.27016654,6.7503,6.7503,6.7503,10.1254,10.1254,162.0070,0.27016654,40.5017,36.8308,128.2555,131.9265,0.21388184,0.22000357,0.01125694,42.8326,41.8183,12.0541,21.0947,12.0541,74.9570,1.7500,27.8545,69.7931,14.1998,26.5468,44.4066,95.1385,155.6812,172.9791,26.5468,-8.778,5.864403,6.516003,1.613473,14,12,3,2,0.41805740,0.28142348,0.49371782,0E-8,0.000000,0.976320,0.000000,-0.36480289,2026-06-27,2026-07-29,8,14,14,33,0.242424,0.399101,0.650312,1.393525,,,,,,,,GLOBAL_BASELINE_NO_ENTITY_RANKING,,,NOT_APPLICABLE_GLOBAL_BASELINE,HF9g-P5,,,,X 全窗基线 · 不参与实体赏罚,6876631,688,A168_HF9F_20260827_0900,2026-08-27 09:00:00
2026-07-09,152170068,1331,0,38.2103116206,36.2997960396,36.2997960396,1.0000000,1,1,0.50665070000000000,0.506650700000,0.9867858985152569,0.9867858985152569,0.9867858985152569,0E-17,ELIGIBLE,R03b_20260811_FULL_v1,L1_ELIGIBILITY,v2026-08-11,2026-03-21..2026-08-06,baccarat_bet02_101_all_pairs_incl_sentinel,round_win = game_pnl > 0 (decisive only),COMPATIBILITY_ONLY_NOT_PRODUCTION,599.6560,585.4562,168.7573,14,14,-0.28142348,-0.49371782,-0.12891493,-0.28142348,-168.7573,599.6560,THIN_EXPOSURE,0.0000,6.7503,4.0000,96.0000,AG03-UNRESOLVED,ALL5_LEVELS_bet23_to_bet27,6.7503,6.7503,6.7503,10.1254,10.1254,4.000000,4.000000,4.000000,6.000000,6.000000,96.000000,96.000000,96.000000,94.000000,94.000000,5.0,40.5017,36.8308,128.2555,131.9265,PENDING_AG03,FALSE,NOT_FOR_ENFORCEMENT,162.0070,562.0380,168.7573,162.0070,6.7503,0.28142348,0.27016654,6.7503,162.0070,0.27016654,6.7503,6.7503,6.7503,10.1254,10.1254,162.0070,0.27016654,40.5017,36.8308,128.2555,131.9265,0.21388184,0.22000357,0.01125694,42.8326,41.8183,12.0541,21.0947,12.0541,74.9570,1.7500,27.8545,69.7931,14.1998,26.5468,44.4066,95.1385,155.6812,172.9791,26.5468,-8.778,5.864403,6.516003,1.613473,14,12,3,2,0.41805740,0.28142348,0.49371782,0E-8,0.000000,0.976320,0.000000,-0.36480289,2026-06-27,2026-07-29,8,14,14,33,0.242424,0.399101,0.650312,1.393525,,,,,,,,GLOBAL_BASELINE_NO_ENTITY_RANKING,,,NOT_APPLICABLE_GLOBAL_BASELINE,HF9g-P5,,,,X 全窗基线 · 不参与实体赏罚,6876632,688,A168_HF9F_20260827_0900,2026-08-27 09:00:00
2026-07-09,152170068,1951,0,74.6133787726,-74.6133787726,-74.6133787726,0E-7,1,1,0.49324550000000000,0.493245500000,-0.9865810262130424,-0.9865810262130424,-0.9865810262130424,0E-17,ELIGIBLE,R03b_20260811_FULL_v1,L1_ELIGIBILITY,v2026-08-11,2026-03-21..2026-08-06,baccarat_bet02_101_all_pairs_incl_sentinel,round_win = game_pnl > 0 (decisive only),COMPATIBILITY_ONLY_NOT_PRODUCTION,599.6560,585.4562,168.7573,14,14,-0.28142348,-0.49371782,-0.12891493,-0.28142348,-168.7573,599.6560,THIN_EXPOSURE,0.0000,6.7503,4.0000,96.0000,AG03-UNRESOLVED,ALL5_LEVELS_bet23_to_bet27,6.7503,6.7503,6.7503,10.1254,10.1254,4.000000,4.000000,4.000000,6.000000,6.000000,96.000000,96.000000,96.000000,94.000000,94.000000,5.0,40.5017,36.8308,128.2555,131.9265,PENDING_AG03,FALSE,NOT_FOR_ENFORCEMENT,162.0070,562.0380,168.7573,162.0070,6.7503,0.28142348,0.27016654,6.7503,162.0070,0.27016654,6.7503,6.7503,6.7503,10.1254,10.1254,162.0070,0.27016654,40.5017,36.8308,128.2555,131.9265,0.21388184,0.22000357,0.01125694,42.8326,41.8183,12.0541,21.0947,12.0541,74.9570,1.7500,27.8545,69.7931,14.1998,26.5468,44.4066,95.1385,155.6812,172.9791,26.5468,-8.778,5.864403,6.516003,1.613473,14,12,3,2,0.41805740,0.28142348,0.49371782,0E-8,0.000000,0.976320,0.000000,-0.36480289,2026-06-27,2026-07-29,8,14,14,33,0.242424,0.399101,0.650312,1.393525,,,,,,,,GLOBAL_BASELINE_NO_ENTITY_RANKING,,,NOT_APPLICABLE_GLOBAL_BASELINE,HF9g-P5,,,,X 全窗基线 · 不参与实体赏罚,6876633,688,A168_HF9F_20260827_0900,2026-08-27 09:00:00
2026-07-15,152170068,1210,0,9.0362223427,-9.0362223427,-9.0362223427,0E-7,1,1,0.49324550000000000,0.493245500000,-0.9865810262130424,-0.9865810262130424,-0.9865810262130424,0E-17,ELIGIBLE,R03b_20260811_FULL_v1,L1_ELIGIBILITY,v2026-08-11,2026-03-21..2026-08-06,baccarat_bet02_101_all_pairs_incl_sentinel,round_win = game_pnl > 0 (decisive only),COMPATIBILITY_ONLY_NOT_PRODUCTION,599.6560,585.4562,168.7573,14,14,-0.28142348,-0.49371782,-0.12891493,-0.28142348,-168.7573,599.6560,THIN_EXPOSURE,0.0000,6.7503,4.0000,96.0000,AG03-UNRESOLVED,ALL5_LEVELS_bet23_to_bet27,6.7503,6.7503,6.7503,10.1254,10.1254,4.000000,4.000000,4.000000,6.000000,6.000000,96.000000,96.000000,96.000000,94.000000,94.000000,5.0,40.5017,36.8308,128.2555,131.9265,PENDING_AG03,FALSE,NOT_FOR_ENFORCEMENT,162.0070,562.0380,168.7573,162.0070,6.7503,0.28142348,0.27016654,6.7503,162.0070,0.27016654,6.7503,6.7503,6.7503,10.1254,10.1254,162.0070,0.27016654,40.5017,36.8308,128.2555,131.9265,0.21388184,0.22000357,0.01125694,42.8326,41.8183,12.0541,21.0947,12.0541,74.9570,1.7500,27.8545,69.7931,14.1998,26.5468,44.4066,95.1385,155.6812,172.9791,26.5468,-8.778,5.864403,6.516003,1.613473,14,12,3,2,0.41805740,0.28142348,0.49371782,0E-8,0.000000,0.976320,0.000000,-0.36480289,2026-06-27,2026-07-29,8,14,14,33,0.242424,0.399101,0.650312,1.393525,,,,,,,,GLOBAL_BASELINE_NO_ENTITY_RANKING,,,NOT_APPLICABLE_GLOBAL_BASELINE,HF9g-P5,,,,X 全窗基线 · 不参与实体赏罚,6876634,688,A168_HF9F_20260827_0900,2026-08-27 09:00:00
2026-07-18,152170068,2093,0,14.1997779671,-14.1997779671,-14.1997779671,0E-7,1,1,0.49324550000000000,0.493245500000,-0.9865810262130424,-0.9865810262130424,-0.9865810262130424,0E-17,ELIGIBLE,R03b_20260811_FULL_v1,L1_ELIGIBILITY,v2026-08-11,2026-03-21..2026-08-06,baccarat_bet02_101_all_pairs_incl_sentinel,round_win = game_pnl > 0 (decisive only),COMPATIBILITY_ONLY_NOT_PRODUCTION,599.6560,585.4562,168.7573,14,14,-0.28142348,-0.49371782,-0.12891493,-0.28142348,-168.7573,599.6560,THIN_EXPOSURE,0.0000,6.7503,4.0000,96.0000,AG03-UNRESOLVED,ALL5_LEVELS_bet23_to_bet27,6.7503,6.7503,6.7503,10.1254,10.1254,4.000000,4.000000,4.000000,6.000000,6.000000,96.000000,96.000000,96.000000,94.000000,94.000000,5.0,40.5017,36.8308,128.2555,131.9265,PENDING_AG03,FALSE,NOT_FOR_ENFORCEMENT,162.0070,562.0380,168.7573,162.0070,6.7503,0.28142348,0.27016654,6.7503,162.0070,0.27016654,6.7503,6.7503,6.7503,10.1254,10.1254,162.0070,0.27016654,40.5017,36.8308,128.2555,131.9265,0.21388184,0.22000357,0.01125694,42.8326,41.8183,12.0541,21.0947,12.0541,74.9570,1.7500,27.8545,69.7931,14.1998,26.5468,44.4066,95.1385,155.6812,172.9791,26.5468,-8.778,5.864403,6.516003,1.613473,14,12,3,2,0.41805740,0.28142348,0.49371782,0E-8,0.000000,0.976320,0.000000,-0.36480289,2026-06-27,2026-07-29,8,14,14,33,0.242424,0.399101,0.650312,1.393525,,,,,,,,GLOBAL_BASELINE_NO_ENTITY_RANKING,,,NOT_APPLICABLE_GLOBAL_BASELINE,HF9g-P5,,,,X 全窗基线 · 不参与实体赏罚,6876635,688,A168_HF9F_20260827_0900,2026-08-27 09:00:00
2026-07-18,152170068,462,0,14.1997779671,0E-10,0E-10,,1,1,0.49324550000000000,0.493245500000,,,,0E-17,NO_DECISIVE_ROUND,R03b_20260811_FULL_v1,L1_ELIGIBILITY,v2026-08-11,2026-03-21..2026-08-06,baccarat_bet02_101_all_pairs_incl_sentinel,round_win = game_pnl > 0 (decisive only),COMPATIBILITY_ONLY_NOT_PRODUCTION,599.6560,585.4562,168.7573,14,14,-0.28142348,-0.49371782,-0.12891493,-0.28142348,-168.7573,599.6560,THIN_EXPOSURE,0.0000,6.7503,4.0000,96.0000,AG03-UNRESOLVED,ALL5_LEVELS_bet23_to_bet27,6.7503,6.7503,6.7503,10.1254,10.1254,4.000000,4.000000,4.000000,6.000000,6.000000,96.000000,96.000000,96.000000,94.000000,94.000000,5.0,40.5017,36.8308,128.2555,131.9265,PENDING_AG03,FALSE,NOT_FOR_ENFORCEMENT,162.0070,562.0380,168.7573,162.0070,6.7503,0.28142348,0.27016654,6.7503,162.0070,0.27016654,6.7503,6.7503,6.7503,10.1254,10.1254,162.0070,0.27016654,40.5017,36.8308,128.2555,131.9265,0.21388184,0.22000357,0.01125694,42.8326,41.8183,12.0541,21.0947,12.0541,74.9570,1.7500,27.8545,69.7931,14.1998,26.5468,44.4066,95.1385,155.6812,172.9791,26.5468,-8.778,5.864403,6.516003,1.613473,14,12,3,2,0.41805740,0.28142348,0.49371782,0E-8,0.000000,0.976320,0.000000,-0.36480289,2026-06-27,2026-07-29,8,14,14,33,0.242424,0.399101,0.650312,1.393525,,,,,,,,GLOBAL_BASELINE_NO_ENTITY_RANKING,,,NOT_APPLICABLE_GLOBAL_BASELINE,HF9g-P5,,,,X 全窗基线 · 不参与实体赏罚,6876636,688,A168_HF9F_20260827_0900,2026-08-27 09:00:00
2026-07-25,152170068,2160,0,42.5993339013,-42.5993339013,-42.5993339013,0E-7,1,1,0.49324550000000000,0.493245500000,-0.9865810262130424,-0.9865810262130424,-0.9865810262130424,0E-17,ELIGIBLE,R03b_20260811_FULL_v1,L1_ELIGIBILITY,v2026-08-11,2026-03-21..2026-08-06,baccarat_bet02_101_all_pairs_incl_sentinel,round_win = game_pnl > 0 (decisive only),COMPATIBILITY_ONLY_NOT_PRODUCTION,599.6560,585.4562,168.7573,14,14,-0.28142348,-0.49371782,-0.12891493,-0.28142348,-168.7573,599.6560,THIN_EXPOSURE,0.0000,6.7503,4.0000,96.0000,AG03-UNRESOLVED,ALL5_LEVELS_bet23_to_bet27,6.7503,6.7503,6.7503,10.1254,10.1254,4.000000,4.000000,4.000000,6.000000,6.000000,96.000000,96.000000,96.000000,94.000000,94.000000,5.0,40.5017,36.8308,128.2555,131.9265,PENDING_AG03,FALSE,NOT_FOR_ENFORCEMENT,162.0070,562.0380,168.7573,162.0070,6.7503,0.28142348,0.27016654,6.7503,162.0070,0.27016654,6.7503,6.7503,6.7503,10.1254,10.1254,162.0070,0.27016654,40.5017,36.8308,128.2555,131.9265,0.21388184,0.22000357,0.01125694,42.8326,41.8183,12.0541,21.0947,12.0541,74.9570,1.7500,27.8545,69.7931,14.1998,26.5468,44.4066,95.1385,155.6812,172.9791,26.5468,-8.778,5.864403,6.516003,1.613473,14,12,3,2,0.41805740,0.28142348,0.49371782,0E-8,0.000000,0.976320,0.000000,-0.36480289,2026-06-27,2026-07-29,8,14,14,33,0.242424,0.399101,0.650312,1.393525,,,,,,,,GLOBAL_BASELINE_NO_ENTITY_RANKING,,,NOT_APPLICABLE_GLOBAL_BASELINE,HF9g-P5,,,,X 全窗基线 · 不参与实体赏罚,6876637,688,A168_HF9F_20260827_0900,2026-08-27 09:00:00
2026-07-29,152170068,-1,1,30.2068004028,-30.2068004028,-30.2068004028,0E-7,1,1,0.49324550000000000,0.493245500000,-0.9865810262130424,-0.9865810262130424,-0.9865810262130424,0E-17,SENTINEL_DEALER,R03b_20260811_FULL_v1,L1_ELIGIBILITY,v2026-08-11,2026-03-21..2026-08-06,baccarat_bet02_101_all_pairs_incl_sentinel,round_win = game_pnl > 0 (decisive only),COMPATIBILITY_ONLY_NOT_PRODUCTION,599.6560,585.4562,168.7573,14,14,-0.28142348,-0.49371782,-0.12891493,-0.28142348,-168.7573,599.6560,THIN_EXPOSURE,0.0000,6.7503,4.0000,96.0000,AG03-UNRESOLVED,ALL5_LEVELS_bet23_to_bet27,6.7503,6.7503,6.7503,10.1254,10.1254,4.000000,4.000000,4.000000,6.000000,6.000000,96.000000,96.000000,96.000000,94.000000,94.000000,5.0,40.5017,36.8308,128.2555,131.9265,PENDING_AG03,FALSE,NOT_FOR_ENFORCEMENT,162.0070,562.0380,168.7573,162.0070,6.7503,0.28142348,0.27016654,6.7503,162.0070,0.27016654,6.7503,6.7503,6.7503,10.1254,10.1254,162.0070,0.27016654,40.5017,36.8308,128.2555,131.9265,0.21388184,0.22000357,0.01125694,42.8326,41.8183,12.0541,21.0947,12.0541,74.9570,1.7500,27.8545,69.7931,14.1998,26.5468,44.4066,95.1385,155.6812,172.9791,26.5468,-8.778,5.864403,6.516003,1.613473,14,12,3,2,0.41805740,0.28142348,0.49371782,0E-8,0.000000,0.976320,0.000000,-0.36480289,2026-06-27,2026-07-29,8,14,14,33,0.242424,0.399101,0.650312,1.393525,,,,,,,,GLOBAL_BASELINE_NO_ENTITY_RANKING,,,NOT_APPLICABLE_GLOBAL_BASELINE,HF9g-P5,,,,X 全窗基线 · 不参与实体赏罚,6876638,688,A168_HF9F_20260827_0900,2026-08-27 09:00:00
2026-06-02,150894958,1330,0,519.4538020417,25.7155347545,25.7155347545,0.6666667,8,8,0.49827245000000000,0.498272450000,0.5833381598078932,0.5833381598078932,0.5833381598078932,0E-17,ELIGIBLE,R03b_20260811_FULL_v1,L1_ELIGIBILITY,v2026-08-11,2026-03-21..2026-08-06,baccarat_bet02_101_all_pairs_incl_sentinel,round_win = game_pnl > 0 (decisive only),COMPATIBILITY_ONLY_NOT_PRODUCTION,1824.5172,1405.3540,168.7582,20,20,-0.09249471,,-0.09249471,-0.09249471,-168.7582,1824.5172,THIN_EXPOSURE,0.0000,6.7503,4.0000,96.0000,AG03-UNRESOLVED,ALL5_LEVELS_bet23_to_bet27,6.7503,6.7503,6.7503,8.4379,8.4379,4.000000,4.000000,4.000000,5.000000,5.000000,96.000000,96.000000,96.000000,95.000000,95.000000,5.0,37.1268,34.0091,131.6314,134.7491,PENDING_AG03,FALSE,NOT_FOR_ENFORCEMENT,162.0079,1349.1398,168.7582,162.0079,6.7503,0.09249471,0.08879493,6.7503,162.0079,0.08879493,6.7503,6.7503,6.7503,8.4379,8.4379,162.0079,0.08879493,37.1268,34.0091,131.6314,134.7491,0.07214588,0.07385465,0.00369979,91.2259,70.2677,8.4379,168.7582,168.7582,1824.5172,20.0000,,91.2259,52.7168,79.7182,128.5777,143.3641,156.2219,158.1505,78.4324,0.0,1.959678,1.983871,1.144355,1,2,1,2,0E-8,0.09249471,,0E-8,0.000000,0.770261,0.000000,,2026-06-02,2026-06-02,1,1,1,1,1.000000,,,0.000000,,,,,,,,GLOBAL_BASELINE_NO_ENTITY_RANKING,,,NOT_APPLICABLE_GLOBAL_BASELINE,HF9g-P5,,,,X 全窗基线 · 不参与实体赏罚,6876639,688,A168_HF9F_20260827_0900,2026-08-27 09:00:00
2026-06-02,150894958,2196,0,1305.0633887932,-194.4737315813,-194.4737315813,0.5000000,12,12,0.49994810000000000,0.499948100000,0.0003282444228938027,0.0003282444228938027,0.0003282444228938027,0E-17,ELIGIBLE,R03b_20260811_FULL_v1,L1_ELIGIBILITY,v2026-08-11,2026-03-21..2026-08-06,baccarat_bet02_101_all_pairs_incl_sentinel,round_win = game_pnl > 0 (decisive only),COMPATIBILITY_ONLY_NOT_PRODUCTION,1824.5172,1405.3540,168.7582,20,20,-0.09249471,,-0.09249471,-0.09249471,-168.7582,1824.5172,THIN_EXPOSURE,0.0000,6.7503,4.0000,96.0000,AG03-UNRESOLVED,ALL5_LEVELS_bet23_to_bet27,6.7503,6.7503,6.7503,8.4379,8.4379,4.000000,4.000000,4.000000,5.000000,5.000000,96.000000,96.000000,96.000000,95.000000,95.000000,5.0,37.1268,34.0091,131.6314,134.7491,PENDING_AG03,FALSE,NOT_FOR_ENFORCEMENT,162.0079,1349.1398,168.7582,162.0079,6.7503,0.09249471,0.08879493,6.7503,162.0079,0.08879493,6.7503,6.7503,6.7503,8.4379,8.4379,162.0079,0.08879493,37.1268,34.0091,131.6314,134.7491,0.07214588,0.07385465,0.00369979,91.2259,70.2677,8.4379,168.7582,168.7582,1824.5172,20.0000,,91.2259,52.7168,79.7182,128.5777,143.3641,156.2219,158.1505,78.4324,0.0,1.959678,1.983871,1.144355,1,2,1,2,0E-8,0.09249471,,0E-8,0.000000,0.770261,0.000000,,2026-06-02,2026-06-02,1,1,1,1,1.000000,,,0.000000,,,,,,,,GLOBAL_BASELINE_NO_ENTITY_RANKING,,,NOT_APPLICABLE_GLOBAL_BASELINE,HF9g-P5,,,,X 全窗基线 · 不参与实体赏罚,6876640,688,A168_HF9F_20260827_0900,2026-08-27 09:00:00
2026-07-18,137210756,2177,0,21.9281414804,-21.9281414804,-21.9281414804,0E-7,1,1,0.49324550000000000,0.493245500000,-0.9865810262130424,-0.9865810262130424,-0.9865810262130424,0E-17,ELIGIBLE,R03b_20260811_FULL_v1,L1_ELIGIBILITY,v2026-08-11,2026-03-21..2026-08-06,baccarat_bet02_101_all_pairs_incl_sentinel,round_win = game_pnl > 0 (decisive only),COMPATIBILITY_ONLY_NOT_PRODUCTION,511.2715,421.9204,168.7628,12,12,-0.33008444,-0.33008444,,-0.33008444,-168.7628,511.2715,THIN_EXPOSURE,0.0000,6.7505,4.0000,96.0000,AG03-UNRESOLVED,ALL5_LEVELS_bet23_to_bet27,6.7505,6.7505,6.7505,8.4381,0.0000,4.000000,4.000000,4.000000,5.000000,0.000000,96.000000,96.000000,96.000000,95.000000,100.000000,5.0,28.6897,26.9178,140.0731,141.845,PENDING_AG03,FALSE,NOT_FOR_ENFORCEMENT,162.0123,405.0436,168.7628,162.0123,6.7505,0.33008444,0.31688106,6.7505,162.0123,0.31688106,6.7505,6.7505,6.7505,8.4381,0.0000,162.0123,0.31688106,28.6897,26.9178,140.0731,141.845,0.27397009,0.27743571,0.01320338,42.6060,35.1600,14.0636,42.1907,18.7514,127.8179,3.0000,42.6060,,11.7567,35.2702,72.539,93.1454,93.924,94.0538,22.7208,-2.2926,2.662987,2.666667,1.207988,7,8,2,2,1.00000000,0.33008444,0.33008444,0E-8,0.000000,0.825237,0.000000,,2026-07-18,2026-08-05,4,9,9,19,0.210526,,1.000000,3.333333,,,,,,,,GLOBAL_BASELINE_NO_ENTITY_RANKING,,,NOT_APPLICABLE_GLOBAL_BASELINE,HF9g-P5,,,,X 全窗基线 · 不参与实体赏罚,6876641,688,A168_HF9F_20260827_0900,2026-08-27 09:00:00
2026-07-20,137210756,583,0,92.7560384620,-92.7560384620,-92.7560384620,0E-7,1,1,0.50665070000000000,0.506650700000,-1.013391052207602,-1.013391052207602,-1.013391052207602,0E-17,ELIGIBLE,R03b_20260811_FULL_v1,L1_ELIGIBILITY,v2026-08-11,2026-03-21..2026-08-06,baccarat_bet02_101_all_pairs_incl_sentinel,round_win = game_pnl > 0 (decisive only),COMPATIBILITY_ONLY_NOT_PRODUCTION,511.2715,421.9204,168.7628,12,12,-0.33008444,-0.33008444,,-0.33008444,-168.7628,511.2715,THIN_EXPOSURE,0.0000,6.7505,4.0000,96.0000,AG03-UNRESOLVED,ALL5_LEVELS_bet23_to_bet27,6.7505,6.7505,6.7505,8.4381,0.0000,4.000000,4.000000,4.000000,5.000000,0.000000,96.000000,96.000000,96.000000,95.000000,100.000000,5.0,28.6897,26.9178,140.0731,141.845,PENDING_AG03,FALSE,NOT_FOR_ENFORCEMENT,162.0123,405.0436,168.7628,162.0123,6.7505,0.33008444,0.31688106,6.7505,162.0123,0.31688106,6.7505,6.7505,6.7505,8.4381,0.0000,162.0123,0.31688106,28.6897,26.9178,140.0731,141.845,0.27397009,0.27743571,0.01320338,42.6060,35.1600,14.0636,42.1907,18.7514,127.8179,3.0000,42.6060,,11.7567,35.2702,72.539,93.1454,93.924,94.0538,22.7208,-2.2926,2.662987,2.666667,1.207988,7,8,2,2,1.00000000,0.33008444,0.33008444,0E-8,0.000000,0.825237,0.000000,,2026-07-18,2026-08-05,4,9,9,19,0.210526,,1.000000,3.333333,,,,,,,,GLOBAL_BASELINE_NO_ENTITY_RANKING,,,NOT_APPLICABLE_GLOBAL_BASELINE,HF9g-P5,,,,X 全窗基线 · 不参与实体赏罚,6876642,688,A168_HF9F_20260827_0900,2026-08-27 09:00:00
2026-08-04,137210756,-1,1,201.5432351318,5.4104461819,5.4104461819,0.5000000,3,3,0.50218230000000000,0.502182300000,-0.00617253530718887,-0.00617253530718887,-0.00617253530718887,0E-17,SENTINEL_DEALER,R03b_20260811_FULL_v1,L1_ELIGIBILITY,v2026-08-11,2026-03-21..2026-08-06,baccarat_bet02_101_all_pairs_incl_sentinel,round_win = game_pnl > 0 (decisive only),COMPATIBILITY_ONLY_NOT_PRODUCTION,511.2715,421.9204,168.7628,12,12,-0.33008444,-0.33008444,,-0.33008444,-168.7628,511.2715,THIN_EXPOSURE,0.0000,6.7505,4.0000,96.0000,AG03-UNRESOLVED,ALL5_LEVELS_bet23_to_bet27,6.7505,6.7505,6.7505,8.4381,0.0000,4.000000,4.000000,4.000000,5.000000,0.000000,96.000000,96.000000,96.000000,95.000000,100.000000,5.0,28.6897,26.9178,140.0731,141.845,PENDING_AG03,FALSE,NOT_FOR_ENFORCEMENT,162.0123,405.0436,168.7628,162.0123,6.7505,0.33008444,0.31688106,6.7505,162.0123,0.31688106,6.7505,6.7505,6.7505,8.4381,0.0000,162.0123,0.31688106,28.6897,26.9178,140.0731,141.845,0.27397009,0.27743571,0.01320338,42.6060,35.1600,14.0636,42.1907,18.7514,127.8179,3.0000,42.6060,,11.7567,35.2702,72.539,93.1454,93.924,94.0538,22.7208,-2.2926,2.662987,2.666667,1.207988,7,8,2,2,1.00000000,0.33008444,0.33008444,0E-8,0.000000,0.825237,0.000000,,2026-07-18,2026-08-05,4,9,9,19,0.210526,,1.000000,3.333333,,,,,,,,GLOBAL_BASELINE_NO_ENTITY_RANKING,,,NOT_APPLICABLE_GLOBAL_BASELINE,HF9g-P5,,,,X 全窗基线 · 不参与实体赏罚,6876643,688,A168_HF9F_20260827_0900,2026-08-27 09:00:00
2026-08-04,137210756,1323,0,47.0269116204,47.0269116204,47.0269116204,1.0000000,1,1,0.49324550000000000,0.493245500000,1.01360149184955,1.01360149184955,1.01360149184955,0E-17,ELIGIBLE,R03b_20260811_FULL_v1,L1_ELIGIBILITY,v2026-08-11,2026-03-21..2026-08-06,baccarat_bet02_101_all_pairs_incl_sentinel,round_win = game_pnl > 0 (decisive only),COMPATIBILITY_ONLY_NOT_PRODUCTION,511.2715,421.9204,168.7628,12,12,-0.33008444,-0.33008444,,-0.33008444,-168.7628,511.2715,THIN_EXPOSURE,0.0000,6.7505,4.0000,96.0000,AG03-UNRESOLVED,ALL5_LEVELS_bet23_to_bet27,6.7505,6.7505,6.7505,8.4381,0.0000,4.000000,4.000000,4.000000,5.000000,0.000000,96.000000,96.000000,96.000000,95.000000,100.000000,5.0,28.6897,26.9178,140.0731,141.845,PENDING_AG03,FALSE,NOT_FOR_ENFORCEMENT,162.0123,405.0436,168.7628,162.0123,6.7505,0.33008444,0.31688106,6.7505,162.0123,0.31688106,6.7505,6.7505,6.7505,8.4381,0.0000,162.0123,0.31688106,28.6897,26.9178,140.0731,141.845,0.27397009,0.27743571,0.01320338,42.6060,35.1600,14.0636,42.1907,18.7514,127.8179,3.0000,42.6060,,11.7567,35.2702,72.539,93.1454,93.924,94.0538,22.7208,-2.2926,2.662987,2.666667,1.207988,7,8,2,2,1.00000000,0.33008444,0.33008444,0E-8,0.000000,0.825237,0.000000,,2026-07-18,2026-08-05,4,9,9,19,0.210526,,1.000000,3.333333,,,,,,,,GLOBAL_BASELINE_NO_ENTITY_RANKING,,,NOT_APPLICABLE_GLOBAL_BASELINE,HF9g-P5,,,,X 全窗基线 · 不参与实体赏罚,6876644,688,A168_HF9F_20260827_0900,2026-08-27 09:00:00
2026-08-04,137210756,1330,0,117.5672790511,-117.5672790511,-117.5672790511,0E-7,2,2,0.49994810000000000,0.499948100000,-1.4140667746232096,-1.4140667746232096,-1.4140667746232096,0E-17,ELIGIBLE,R03b_20260811_FULL_v1,L1_ELIGIBILITY,v2026-08-11,2026-03-21..2026-08-06,baccarat_bet02_101_all_pairs_incl_sentinel,round_win = game_pnl > 0 (decisive only),COMPATIBILITY_ONLY_NOT_PRODUCTION,511.2715,421.9204,168.7628,12,12,-0.33008444,-0.33008444,,-0.33008444,-168.7628,511.2715,THIN_EXPOSURE,0.0000,6.7505,4.0000,96.0000,AG03-UNRESOLVED,ALL5_LEVELS_bet23_to_bet27,6.7505,6.7505,6.7505,8.4381,0.0000,4.000000,4.000000,4.000000,5.000000,0.000000,96.000000,96.000000,96.000000,95.000000,100.000000,5.0,28.6897,26.9178,140.0731,141.845,PENDING_AG03,FALSE,NOT_FOR_ENFORCEMENT,162.0123,405.0436,168.7628,162.0123,6.7505,0.33008444,0.31688106,6.7505,162.0123,0.31688106,6.7505,6.7505,6.7505,8.4381,0.0000,162.0123,0.31688106,28.6897,26.9178,140.0731,141.845,0.27397009,0.27743571,0.01320338,42.6060,35.1600,14.0636,42.1907,18.7514,127.8179,3.0000,42.6060,,11.7567,35.2702,72.539,93.1454,93.924,94.0538,22.7208,-2.2926,2.662987,2.666667,1.207988,7,8,2,2,1.00000000,0.33008444,0.33008444,0E-8,0.000000,0.825237,0.000000,,2026-07-18,2026-08-05,4,9,9,19,0.210526,,1.000000,3.333333,,,,,,,,GLOBAL_BASELINE_NO_ENTITY_RANKING,,,NOT_APPLICABLE_GLOBAL_BASELINE,HF9g-P5,,,,X 全窗基线 · 不参与实体赏罚,6876645,688,A168_HF9F_20260827_0900,2026-08-27 09:00:00
2026-08-04,137210756,2123,0,23.5134558102,13.4026698118,13.4026698118,1.0000000,2,2,0.50665070000000000,0.506650700000,0.9867858985152569,0.9867858985152569,0.9867858985152569,0E-17,ELIGIBLE,R03b_20260811_FULL_v1,L1_ELIGIBILITY,v2026-08-11,2026-03-21..2026-08-06,baccarat_bet02_101_all_pairs_incl_sentinel,round_win = game_pnl > 0 (decisive only),COMPATIBILITY_ONLY_NOT_PRODUCTION,511.2715,421.9204,168.7628,12,12,-0.33008444,-0.33008444,,-0.33008444,-168.7628,511.2715,THIN_EXPOSURE,0.0000,6.7505,4.0000,96.0000,AG03-UNRESOLVED,ALL5_LEVELS_bet23_to_bet27,6.7505,6.7505,6.7505,8.4381,0.0000,4.000000,4.000000,4.000000,5.000000,0.000000,96.000000,96.000000,96.000000,95.000000,100.000000,5.0,28.6897,26.9178,140.0731,141.845,PENDING_AG03,FALSE,NOT_FOR_ENFORCEMENT,162.0123,405.0436,168.7628,162.0123,6.7505,0.33008444,0.31688106,6.7505,162.0123,0.31688106,6.7505,6.7505,6.7505,8.4381,0.0000,162.0123,0.31688106,28.6897,26.9178,140.0731,141.845,0.27397009,0.27743571,0.01320338,42.6060,35.1600,14.0636,42.1907,18.7514,127.8179,3.0000,42.6060,,11.7567,35.2702,72.539,93.1454,93.924,94.0538,22.7208,-2.2926,2.662987,2.666667,1.207988,7,8,2,2,1.00000000,0.33008444,0.33008444,0E-8,0.000000,0.825237,0.000000,,2026-07-18,2026-08-05,4,9,9,19,0.210526,,1.000000,3.333333,,,,,,,,GLOBAL_BASELINE_NO_ENTITY_RANKING,,,NOT_APPLICABLE_GLOBAL_BASELINE,HF9g-P5,,,,X 全窗基线 · 不参与实体赏罚,6876646,688,A168_HF9F_20260827_0900,2026-08-27 09:00:00
2026-08-05,137210756,2103,0,2.3513455810,2.2337783020,2.2337783020,1.0000000,1,1,0.50665070000000000,0.506650700000,0.9867858985152569,0.9867858985152569,0.9867858985152569,0E-17,ELIGIBLE,R03b_20260811_FULL_v1,L1_ELIGIBILITY,v2026-08-11,2026-03-21..2026-08-06,baccarat_bet02_101_all_pairs_incl_sentinel,round_win = game_pnl > 0 (decisive only),COMPATIBILITY_ONLY_NOT_PRODUCTION,511.2715,421.9204,168.7628,12,12,-0.33008444,-0.33008444,,-0.33008444,-168.7628,511.2715,THIN_EXPOSURE,0.0000,6.7505,4.0000,96.0000,AG03-UNRESOLVED,ALL5_LEVELS_bet23_to_bet27,6.7505,6.7505,6.7505,8.4381,0.0000,4.000000,4.000000,4.000000,5.000000,0.000000,96.000000,96.000000,96.000000,95.000000,100.000000,5.0,28.6897,26.9178,140.0731,141.845,PENDING_AG03,FALSE,NOT_FOR_ENFORCEMENT,162.0123,405.0436,168.7628,162.0123,6.7505,0.33008444,0.31688106,6.7505,162.0123,0.31688106,6.7505,6.7505,6.7505,8.4381,0.0000,162.0123,0.31688106,28.6897,26.9178,140.0731,141.845,0.27397009,0.27743571,0.01320338,42.6060,35.1600,14.0636,42.1907,18.7514,127.8179,3.0000,42.6060,,11.7567,35.2702,72.539,93.1454,93.924,94.0538,22.7208,-2.2926,2.662987,2.666667,1.207988,7,8,2,2,1.00000000,0.33008444,0.33008444,0E-8,0.000000,0.825237,0.000000,,2026-07-18,2026-08-05,4,9,9,19,0.210526,,1.000000,3.333333,,,,,,,,GLOBAL_BASELINE_NO_ENTITY_RANKING,,,NOT_APPLICABLE_GLOBAL_BASELINE,HF9g-P5,,,,X 全窗基线 · 不参与实体赏罚,6876647,688,A168_HF9F_20260827_0900,2026-08-27 09:00:00
2026-08-05,137210756,2134,0,4.5851238830,-4.5851238830,-4.5851238830,0E-7,1,1,0.49324550000000000,0.493245500000,-0.9865810262130424,-0.9865810262130424,-0.9865810262130424,0E-17,ELIGIBLE,R03b_20260811_FULL_v1,L1_ELIGIBILITY,v2026-08-11,2026-03-21..2026-08-06,baccarat_bet02_101_all_pairs_incl_sentinel,round_win = game_pnl > 0 (decisive only),COMPATIBILITY_ONLY_NOT_PRODUCTION,511.2715,421.9204,168.7628,12,12,-0.33008444,-0.33008444,,-0.33008444,-168.7628,511.2715,THIN_EXPOSURE,0.0000,6.7505,4.0000,96.0000,AG03-UNRESOLVED,ALL5_LEVELS_bet23_to_bet27,6.7505,6.7505,6.7505,8.4381,0.0000,4.000000,4.000000,4.000000,5.000000,0.000000,96.000000,96.000000,96.000000,95.000000,100.000000,5.0,28.6897,26.9178,140.0731,141.845,PENDING_AG03,FALSE,NOT_FOR_ENFORCEMENT,162.0123,405.0436,168.7628,162.0123,6.7505,0.33008444,0.31688106,6.7505,162.0123,0.31688106,6.7505,6.7505,6.7505,8.4381,0.0000,162.0123,0.31688106,28.6897,26.9178,140.0731,141.845,0.27397009,0.27743571,0.01320338,42.6060,35.1600,14.0636,42.1907,18.7514,127.8179,3.0000,42.6060,,11.7567,35.2702,72.539,93.1454,93.924,94.0538,22.7208,-2.2926,2.662987,2.666667,1.207988,7,8,2,2,1.00000000,0.33008444,0.33008444,0E-8,0.000000,0.825237,0.000000,,2026-07-18,2026-08-05,4,9,9,19,0.210526,,1.000000,3.333333,,,,,,,,GLOBAL_BASELINE_NO_ENTITY_RANKING,,,NOT_APPLICABLE_GLOBAL_BASELINE,HF9g-P5,,,,X 全窗基线 · 不参与实体赏罚,6876648,688,A168_HF9F_20260827_0900,2026-08-27 09:00:00
2026-04-01,148082747,1157,0,200.2825037425,-51.6518035969,-51.6518035969,0.5000000,22,12,0.42994824162037037,0.352591827778,0.4901674077001316,1.068776693132564,0.4901674077001316,0.07735641384237037,ELIGIBLE,R03b_20260811_FULL_v1,L1_ELIGIBILITY,v2026-08-11,2026-03-21..2026-08-06,baccarat_bet02_101_all_pairs_incl_sentinel,round_win = game_pnl > 0 (decisive only),COMPATIBILITY_ONLY_NOT_PRODUCTION,413.2144,413.2144,168.7644,44,23,-0.40841837,,-0.40841837,-0.40841837,-168.7644,413.2144,OK,0.0000,6.7506,4.0000,96.0000,AG03-UNRESOLVED,ALL5_LEVELS_bet23_to_bet27,6.7506,6.7506,6.7506,10.1259,10.1259,4.000000,4.000000,4.000000,6.000000,6.000000,96.000000,96.000000,96.000000,94.000000,94.000000,5.0,40.5034,36.8324,128.2609,131.932,PENDING_AG03,FALSE,NOT_FOR_ENFORCEMENT,162.0138,396.6859,168.7644,162.0138,6.7506,0.40841837,0.39208163,6.7506,162.0138,0.39208163,6.7506,6.7506,6.7506,10.1259,10.1259,162.0138,0.39208163,40.5034,36.8324,128.2609,131.932,0.31039796,0.31928217,0.01633673,9.3912,17.9658,7.3376,168.7644,84.3822,413.2144,23.0000,,9.3912,4.2165,9.4871,12.6494,16.8659,16.8659,21.0824,9.4871,-4.2165,1.777778,2.222222,0.989899,2,3,1,6,0E-8,0.40841837,,0E-8,0.000000,1.000000,0.000000,,2026-04-01,2026-04-01,1,2,2,1,1.000000,,,0.000000,,,,,,,,GLOBAL_BASELINE_NO_ENTITY_RANKING,,,NOT_APPLICABLE_GLOBAL_BASELINE,HF9g-P5,,,,X 全窗基线 · 不参与实体赏罚,6876649,688,A168_HF9F_20260827_0900,2026-08-27 09:00:00
2026-04-01,148082747,1304,0,69.5718170895,-24.3501359814,-24.3501359814,0.5000000,6,4,0.45326501214285714,0.400287425000,0.1877619547134405,0.40702621015020357,0.1877619547134405,0.05297758714285714,ELIGIBLE,R03b_20260811_FULL_v1,L1_ELIGIBILITY,v2026-08-11,2026-03-21..2026-08-06,baccarat_bet02_101_all_pairs_incl_sentinel,round_win = game_pnl > 0 (decisive only),COMPATIBILITY_ONLY_NOT_PRODUCTION,413.2144,413.2144,168.7644,44,23,-0.40841837,,-0.40841837,-0.40841837,-168.7644,413.2144,OK,0.0000,6.7506,4.0000,96.0000,AG03-UNRESOLVED,ALL5_LEVELS_bet23_to_bet27,6.7506,6.7506,6.7506,10.1259,10.1259,4.000000,4.000000,4.000000,6.000000,6.000000,96.000000,96.000000,96.000000,94.000000,94.000000,5.0,40.5034,36.8324,128.2609,131.932,PENDING_AG03,FALSE,NOT_FOR_ENFORCEMENT,162.0138,396.6859,168.7644,162.0138,6.7506,0.40841837,0.39208163,6.7506,162.0138,0.39208163,6.7506,6.7506,6.7506,10.1259,10.1259,162.0138,0.39208163,40.5034,36.8324,128.2609,131.932,0.31039796,0.31928217,0.01633673,9.3912,17.9658,7.3376,168.7644,84.3822,413.2144,23.0000,,9.3912,4.2165,9.4871,12.6494,16.8659,16.8659,21.0824,9.4871,-4.2165,1.777778,2.222222,0.989899,2,3,1,6,0E-8,0.40841837,,0E-8,0.000000,1.000000,0.000000,,2026-04-01,2026-04-01,1,2,2,1,1.000000,,,0.000000,,,,,,,,GLOBAL_BASELINE_NO_ENTITY_RANKING,,,NOT_APPLICABLE_GLOBAL_BASELINE,HF9g-P5,,,,X 全窗基线 · 不参与实体赏罚,6876650,688,A168_HF9F_20260827_0900,2026-08-27 09:00:00
2026-04-01,148082747,2167,0,143.3601079420,-92.7624227861,-92.7624227861,0.1428571,16,7,0.37489755061224490,0.276875559524,-1.2681795279952879,-0.7924368665421798,-1.2681795279952879,0.09802199108824490,ELIGIBLE,R03b_20260811_FULL_v1,L1_ELIGIBILITY,v2026-08-11,2026-03-21..2026-08-06,baccarat_bet02_101_all_pairs_incl_sentinel,round_win = game_pnl > 0 (decisive only),COMPATIBILITY_ONLY_NOT_PRODUCTION,413.2144,413.2144,168.7644,44,23,-0.40841837,,-0.40841837,-0.40841837,-168.7644,413.2144,OK,0.0000,6.7506,4.0000,96.0000,AG03-UNRESOLVED,ALL5_LEVELS_bet23_to_bet27,6.7506,6.7506,6.7506,10.1259,10.1259,4.000000,4.000000,4.000000,6.000000,6.000000,96.000000,96.000000,96.000000,94.000000,94.000000,5.0,40.5034,36.8324,128.2609,131.932,PENDING_AG03,FALSE,NOT_FOR_ENFORCEMENT,162.0138,396.6859,168.7644,162.0138,6.7506,0.40841837,0.39208163,6.7506,162.0138,0.39208163,6.7506,6.7506,6.7506,10.1259,10.1259,162.0138,0.39208163,40.5034,36.8324,128.2609,131.932,0.31039796,0.31928217,0.01633673,9.3912,17.9658,7.3376,168.7644,84.3822,413.2144,23.0000,,9.3912,4.2165,9.4871,12.6494,16.8659,16.8659,21.0824,9.4871,-4.2165,1.777778,2.222222,0.989899,2,3,1,6,0E-8,0.40841837,,0E-8,0.000000,1.000000,0.000000,,2026-04-01,2026-04-01,1,2,2,1,1.000000,,,0.000000,,,,,,,,GLOBAL_BASELINE_NO_ENTITY_RANKING,,,NOT_APPLICABLE_GLOBAL_BASELINE,HF9g-P5,,,,X 全窗基线 · 不参与实体赏罚,6876651,688,A168_HF9F_20260827_0900,2026-08-27 09:00:00
2026-04-02,148139633,1405,0,125.0184470726,-63.3525182889,-63.3525182889,0.3333333,3,3,0.50218230000000000,0.502182300000,-0.5849155494134425,-0.5849155494134426,-0.5849155494134425,0E-17,ELIGIBLE,R03b_20260811_FULL_v1,L1_ELIGIBILITY,v2026-08-11,2026-03-21..2026-08-06,baccarat_bet02_101_all_pairs_incl_sentinel,round_win = game_pnl > 0 (decisive only),COMPATIBILITY_ONLY_NOT_PRODUCTION,230.4303,230.4303,168.7644,5,5,-0.73238792,,-0.73238792,-0.73238792,-168.7644,230.4303,THIN_EXPOSURE,0.0000,6.7506,4.0000,96.0000,AG03-UNRESOLVED,ALL5_LEVELS_bet23_to_bet27,6.7506,6.7506,6.7506,10.1259,10.1259,4.000000,4.000000,4.000000,6.000000,6.000000,96.000000,96.000000,96.000000,94.000000,94.000000,5.0,40.5034,36.8324,128.2609,131.932,PENDING_AG03,FALSE,NOT_FOR_ENFORCEMENT,162.0138,221.2131,168.7644,162.0138,6.7506,0.73238792,0.70309241,6.7506,162.0138,0.70309241,6.7506,6.7506,6.7506,10.1259,10.1259,162.0138,0.70309241,40.5034,36.8324,128.2609,131.932,0.55661482,0.57254626,0.02929552,46.0861,46.0861,33.7529,84.3822,84.3822,115.2151,2.5000,,46.0861,31.6236,42.1647,62.1403,63.2471,63.2471,63.2471,42.1647,-42.1647,1.5,1.5,1.093,2,2,2,2,0E-8,0.73238792,,0E-8,0.000000,1.000000,0.000000,,2026-04-02,2026-04-03,2,2,2,2,1.000000,,,0.000000,,,,,,,,GLOBAL_BASELINE_NO_ENTITY_RANKING,,,NOT_APPLICABLE_GLOBAL_BASELINE,HF9g-P5,,,,X 全窗基线 · 不参与实体赏罚,6876652,688,A168_HF9F_20260827_0900,2026-08-27 09:00:00
2026-04-03,148139633,1385,0,105.4118440748,-105.4118440748,-105.4118440748,0E-7,2,2,0.50665070000000000,0.506650700000,-1.4331513700195317,-1.4331513700195317,-1.4331513700195317,0E-17,ELIGIBLE,R03b_20260811_FULL_v1,L1_ELIGIBILITY,v2026-08-11,2026-03-21..2026-08-06,baccarat_bet02_101_all_pairs_incl_sentinel,round_win = game_pnl > 0 (decisive only),COMPATIBILITY_ONLY_NOT_PRODUCTION,230.4303,230.4303,168.7644,5,5,-0.73238792,,-0.73238792,-0.73238792,-168.7644,230.4303,THIN_EXPOSURE,0.0000,6.7506,4.0000,96.0000,AG03-UNRESOLVED,ALL5_LEVELS_bet23_to_bet27,6.7506,6.7506,6.7506,10.1259,10.1259,4.000000,4.000000,4.000000,6.000000,6.000000,96.000000,96.000000,96.000000,94.000000,94.000000,5.0,40.5034,36.8324,128.2609,131.932,PENDING_AG03,FALSE,NOT_FOR_ENFORCEMENT,162.0138,221.2131,168.7644,162.0138,6.7506,0.73238792,0.70309241,6.7506,162.0138,0.70309241,6.7506,6.7506,6.7506,10.1259,10.1259,162.0138,0.70309241,40.5034,36.8324,128.2609,131.932,0.55661482,0.57254626,0.02929552,46.0861,46.0861,33.7529,84.3822,84.3822,115.2151,2.5000,,46.0861,31.6236,42.1647,62.1403,63.2471,63.2471,63.2471,42.1647,-42.1647,1.5,1.5,1.093,2,2,2,2,0E-8,0.73238792,,0E-8,0.000000,1.000000,0.000000,,2026-04-02,2026-04-03,2,2,2,2,1.000000,,,0.000000,,,,,,,,GLOBAL_BASELINE_NO_ENTITY_RANKING,,,NOT_APPLICABLE_GLOBAL_BASELINE,HF9g-P5,,,,X 全窗基线 · 不参与实体赏罚,6876653,688,A168_HF9F_20260827_0900,2026-08-27 09:00:00
2026-03-23,70460261,-1,1,52.6634541960,50.0302814862,50.0302814862,1.0000000,1,1,0.50665070000000000,0.506650700000,0.9867858985152569,0.9867858985152569,0.9867858985152569,0E-17,SENTINEL_DEALER,R03b_20260811_FULL_v1,L1_ELIGIBILITY,v2026-08-11,2026-03-21..2026-08-06,baccarat_bet02_101_all_pairs_incl_sentinel,round_win = game_pnl > 0 (decisive only),COMPATIBILITY_ONLY_NOT_PRODUCTION,268817.8208,244366.2908,168.7661,6248,5610,-0.00062781,-0.08642944,0.00436428,-0.00062781,-168.7661,268817.8208,OK,0.0000,6.7506,4.0000,96.0000,AG03-UNRESOLVED,ALL5_LEVELS_bet23_to_bet27,6.7506,6.7506,6.7506,8.4383,8.4383,4.000000,4.000000,4.000000,5.000000,5.000000,96.000000,96.000000,96.000000,95.000000,95.000000,5.0,37.1285,34.0107,131.6376,134.7554,PENDING_AG03,FALSE,NOT_FOR_ENFORCEMENT,162.0155,234591.6392,168.7661,162.0155,6.7506,0.00062781,0.00060270,6.7506,162.0155,0.00060270,6.7506,6.7506,6.7506,8.4383,8.4383,162.0155,0.00060270,37.1285,34.0107,131.6376,134.7554,0.00048969,0.00050129,0.00002511,43.0246,43.5591,0.0301,2.0581,0.0627,3278.2661,68.4146,17.6798,46.9397,25.7155,39.4976,52.6635,77.1466,82.2897,128.5777,31.4111,0.0,2.083411,3.25533,1.089297,30,192,222,8,0.05498276,0.00062781,0.08642944,0E-8,0.000000,0.909041,0.000000,-0.09079372,2026-03-23,2026-08-06,82,2690,1181,137,0.598540,0.376650,0.410924,0.183276,,,,,,,,GLOBAL_BASELINE_NO_ENTITY_RANKING,,,NOT_APPLICABLE_GLOBAL_BASELINE,HF9g-P5,,,,X 全窗基线 · 不参与实体赏罚,6876654,688,A168_HF9F_20260827_0900,2026-08-27 09:00:00
2026-03-23,70460261,1383,0,13.1658635490,-13.1658635490,-13.1658635490,0E-7,1,1,0.50665070000000000,0.506650700000,-1.013391052207602,-1.013391052207602,-1.013391052207602,0E-17,ELIGIBLE,R03b_20260811_FULL_v1,L1_ELIGIBILITY,v2026-08-11,2026-03-21..2026-08-06,baccarat_bet02_101_all_pairs_incl_sentinel,round_win = game_pnl > 0 (decisive only),COMPATIBILITY_ONLY_NOT_PRODUCTION,268817.8208,244366.2908,168.7661,6248,5610,-0.00062781,-0.08642944,0.00436428,-0.00062781,-168.7661,268817.8208,OK,0.0000,6.7506,4.0000,96.0000,AG03-UNRESOLVED,ALL5_LEVELS_bet23_to_bet27,6.7506,6.7506,6.7506,8.4383,8.4383,4.000000,4.000000,4.000000,5.000000,5.000000,96.000000,96.000000,96.000000,95.000000,95.000000,5.0,37.1285,34.0107,131.6376,134.7554,PENDING_AG03,FALSE,NOT_FOR_ENFORCEMENT,162.0155,234591.6392,168.7661,162.0155,6.7506,0.00062781,0.00060270,6.7506,162.0155,0.00060270,6.7506,6.7506,6.7506,8.4383,8.4383,162.0155,0.00060270,37.1285,34.0107,131.6376,134.7554,0.00048969,0.00050129,0.00002511,43.0246,43.5591,0.0301,2.0581,0.0627,3278.2661,68.4146,17.6798,46.9397,25.7155,39.4976,52.6635,77.1466,82.2897,128.5777,31.4111,0.0,2.083411,3.25533,1.089297,30,192,222,8,0.05498276,0.00062781,0.08642944,0E-8,0.000000,0.909041,0.000000,-0.09079372,2026-03-23,2026-08-06,82,2690,1181,137,0.598540,0.376650,0.410924,0.183276,,,,,,,,GLOBAL_BASELINE_NO_ENTITY_RANKING,,,NOT_APPLICABLE_GLOBAL_BASELINE,HF9g-P5,,,,X 全窗基线 · 不参与实体赏罚,6876655,688,A168_HF9F_20260827_0900,2026-08-27 09:00:00
2026-03-23,70460261,2251,0,39.4975906470,0E-10,0E-10,,1,1,0.50665070000000000,0.506650700000,,,,0E-17,NO_DECISIVE_ROUND,R03b_20260811_FULL_v1,L1_ELIGIBILITY,v2026-08-11,2026-03-21..2026-08-06,baccarat_bet02_101_all_pairs_incl_sentinel,round_win = game_pnl > 0 (decisive only),COMPATIBILITY_ONLY_NOT_PRODUCTION,268817.8208,244366.2908,168.7661,6248,5610,-0.00062781,-0.08642944,0.00436428,-0.00062781,-168.7661,268817.8208,OK,0.0000,6.7506,4.0000,96.0000,AG03-UNRESOLVED,ALL5_LEVELS_bet23_to_bet27,6.7506,6.7506,6.7506,8.4383,8.4383,4.000000,4.000000,4.000000,5.000000,5.000000,96.000000,96.000000,96.000000,95.000000,95.000000,5.0,37.1285,34.0107,131.6376,134.7554,PENDING_AG03,FALSE,NOT_FOR_ENFORCEMENT,162.0155,234591.6392,168.7661,162.0155,6.7506,0.00062781,0.00060270,6.7506,162.0155,0.00060270,6.7506,6.7506,6.7506,8.4383,8.4383,162.0155,0.00060270,37.1285,34.0107,131.6376,134.7554,0.00048969,0.00050129,0.00002511,43.0246,43.5591,0.0301,2.0581,0.0627,3278.2661,68.4146,17.6798,46.9397,25.7155,39.4976,52.6635,77.1466,82.2897,128.5777,31.4111,0.0,2.083411,3.25533,1.089297,30,192,222,8,0.05498276,0.00062781,0.08642944,0E-8,0.000000,0.909041,0.000000,-0.09079372,2026-03-23,2026-08-06,82,2690,1181,137,0.598540,0.376650,0.410924,0.183276,,,,,,,,GLOBAL_BASELINE_NO_ENTITY_RANKING,,,NOT_APPLICABLE_GLOBAL_BASELINE,HF9g-P5,,,,X 全窗基线 · 不参与实体赏罚,6876656,688,A168_HF9F_20260827_0900,2026-08-27 09:00:00
2026-03-25,70460261,-1,1,4032.1773705160,12.0467651469,12.0467651469,0.4827586,98,98,0.50473567142857143,0.504735671429,-0.40999495540662406,-0.4099949554146226,-0.40999495540662406,-4.2857E-13,SENTINEL_DEALER,R03b_20260811_FULL_v1,L1_ELIGIBILITY,v2026-08-11,2026-03-21..2026-08-06,baccarat_bet02_101_all_pairs_incl_sentinel,round_win = game_pnl > 0 (decisive only),COMPATIBILITY_ONLY_NOT_PRODUCTION,268817.8208,244366.2908,168.7661,6248,5610,-0.00062781,-0.08642944,0.00436428,-0.00062781,-168.7661,268817.8208,OK,0.0000,6.7506,4.0000,96.0000,AG03-UNRESOLVED,ALL5_LEVELS_bet23_to_bet27,6.7506,6.7506,6.7506,8.4383,8.4383,4.000000,4.000000,4.000000,5.000000,5.000000,96.000000,96.000000,96.000000,95.000000,95.000000,5.0,37.1285,34.0107,131.6376,134.7554,PENDING_AG03,FALSE,NOT_FOR_ENFORCEMENT,162.0155,234591.6392,168.7661,162.0155,6.7506,0.00062781,0.00060270,6.7506,162.0155,0.00060270,6.7506,6.7506,6.7506,8.4383,8.4383,162.0155,0.00060270,37.1285,34.0107,131.6376,134.7554,0.00048969,0.00050129,0.00002511,43.0246,43.5591,0.0301,2.0581,0.0627,3278.2661,68.4146,17.6798,46.9397,25.7155,39.4976,52.6635,77.1466,82.2897,128.5777,31.4111,0.0,2.083411,3.25533,1.089297,30,192,222,8,0.05498276,0.00062781,0.08642944,0E-8,0.000000,0.909041,0.000000,-0.09079372,2026-03-23,2026-08-06,82,2690,1181,137,0.598540,0.376650,0.410924,0.183276,,,,,,,,GLOBAL_BASELINE_NO_ENTITY_RANKING,,,NOT_APPLICABLE_GLOBAL_BASELINE,HF9g-P5,,,,X 全窗基线 · 不参与实体赏罚,6876657,688,A168_HF9F_20260827_0900,2026-08-27 09:00:00
2026-03-25,70460261,1004,0,34.2312452274,32.5196829660,32.5196829660,1.0000000,1,1,0.50665070000000000,0.506650700000,0.9867858985152569,0.9867858985152569,0.9867858985152569,0E-17,ELIGIBLE,R03b_20260811_FULL_v1,L1_ELIGIBILITY,v2026-08-11,2026-03-21..2026-08-06,baccarat_bet02_101_all_pairs_incl_sentinel,round_win = game_pnl > 0 (decisive only),COMPATIBILITY_ONLY_NOT_PRODUCTION,268817.8208,244366.2908,168.7661,6248,5610,-0.00062781,-0.08642944,0.00436428,-0.00062781,-168.7661,268817.8208,OK,0.0000,6.7506,4.0000,96.0000,AG03-UNRESOLVED,ALL5_LEVELS_bet23_to_bet27,6.7506,6.7506,6.7506,8.4383,8.4383,4.000000,4.000000,4.000000,5.000000,5.000000,96.000000,96.000000,96.000000,95.000000,95.000000,5.0,37.1285,34.0107,131.6376,134.7554,PENDING_AG03,FALSE,NOT_FOR_ENFORCEMENT,162.0155,234591.6392,168.7661,162.0155,6.7506,0.00062781,0.00060270,6.7506,162.0155,0.00060270,6.7506,6.7506,6.7506,8.4383,8.4383,162.0155,0.00060270,37.1285,34.0107,131.6376,134.7554,0.00048969,0.00050129,0.00002511,43.0246,43.5591,0.0301,2.0581,0.0627,3278.2661,68.4146,17.6798,46.9397,25.7155,39.4976,52.6635,77.1466,82.2897,128.5777,31.4111,0.0,2.083411,3.25533,1.089297,30,192,222,8,0.05498276,0.00062781,0.08642944,0E-8,0.000000,0.909041,0.000000,-0.09079372,2026-03-23,2026-08-06,82,2690,1181,137,0.598540,0.376650,0.410924,0.183276,,,,,,,,GLOBAL_BASELINE_NO_ENTITY_RANKING,,,NOT_APPLICABLE_GLOBAL_BASELINE,HF9g-P5,,,,X 全窗基线 · 不参与实体赏罚,6876658,688,A168_HF9F_20260827_0900,2026-08-27 09:00:00
2026-03-25,70460261,1109,0,250.1514074310,106.7751533824,106.7751533824,0.7500000,8,8,0.50162375000000000,0.501623750000,1.4050356542380409,1.4050356542380409,1.4050356542380409,0E-17,ELIGIBLE,R03b_20260811_FULL_v1,L1_ELIGIBILITY,v2026-08-11,2026-03-21..2026-08-06,baccarat_bet02_101_all_pairs_incl_sentinel,round_win = game_pnl > 0 (decisive only),COMPATIBILITY_ONLY_NOT_PRODUCTION,268817.8208,244366.2908,168.7661,6248,5610,-0.00062781,-0.08642944,0.00436428,-0.00062781,-168.7661,268817.8208,OK,0.0000,6.7506,4.0000,96.0000,AG03-UNRESOLVED,ALL5_LEVELS_bet23_to_bet27,6.7506,6.7506,6.7506,8.4383,8.4383,4.000000,4.000000,4.000000,5.000000,5.000000,96.000000,96.000000,96.000000,95.000000,95.000000,5.0,37.1285,34.0107,131.6376,134.7554,PENDING_AG03,FALSE,NOT_FOR_ENFORCEMENT,162.0155,234591.6392,168.7661,162.0155,6.7506,0.00062781,0.00060270,6.7506,162.0155,0.00060270,6.7506,6.7506,6.7506,8.4383,8.4383,162.0155,0.00060270,37.1285,34.0107,131.6376,134.7554,0.00048969,0.00050129,0.00002511,43.0246,43.5591,0.0301,2.0581,0.0627,3278.2661,68.4146,17.6798,46.9397,25.7155,39.4976,52.6635,77.1466,82.2897,128.5777,31.4111,0.0,2.083411,3.25533,1.089297,30,192,222,8,0.05498276,0.00062781,0.08642944,0E-8,0.000000,0.909041,0.000000,-0.09079372,2026-03-23,2026-08-06,82,2690,1181,137,0.598540,0.376650,0.410924,0.183276,,,,,,,,GLOBAL_BASELINE_NO_ENTITY_RANKING,,,NOT_APPLICABLE_GLOBAL_BASELINE,HF9g-P5,,,,X 全窗基线 · 不参与实体赏罚,6876659,688,A168_HF9F_20260827_0900,2026-08-27 09:00:00
2026-03-25,70460261,1205,0,194.8547805251,61.8795586802,61.8795586802,0.6000000,5,5,0.50665070000000000,0.506650700000,0.4175076967804994,0.4175076967804994,0.4175076967804994,0E-17,ELIGIBLE,R03b_20260811_FULL_v1,L1_ELIGIBILITY,v2026-08-11,2026-03-21..2026-08-06,baccarat_bet02_101_all_pairs_incl_sentinel,round_win = game_pnl > 0 (decisive only),COMPATIBILITY_ONLY_NOT_PRODUCTION,268817.8208,244366.2908,168.7661,6248,5610,-0.00062781,-0.08642944,0.00436428,-0.00062781,-168.7661,268817.8208,OK,0.0000,6.7506,4.0000,96.0000,AG03-UNRESOLVED,ALL5_LEVELS_bet23_to_bet27,6.7506,6.7506,6.7506,8.4383,8.4383,4.000000,4.000000,4.000000,5.000000,5.000000,96.000000,96.000000,96.000000,95.000000,95.000000,5.0,37.1285,34.0107,131.6376,134.7554,PENDING_AG03,FALSE,NOT_FOR_ENFORCEMENT,162.0155,234591.6392,168.7661,162.0155,6.7506,0.00062781,0.00060270,6.7506,162.0155,0.00060270,6.7506,6.7506,6.7506,8.4383,8.4383,162.0155,0.00060270,37.1285,34.0107,131.6376,134.7554,0.00048969,0.00050129,0.00002511,43.0246,43.5591,0.0301,2.0581,0.0627,3278.2661,68.4146,17.6798,46.9397,25.7155,39.4976,52.6635,77.1466,82.2897,128.5777,31.4111,0.0,2.083411,3.25533,1.089297,30,192,222,8,0.05498276,0.00062781,0.08642944,0E-8,0.000000,0.909041,0.000000,-0.09079372,2026-03-23,2026-08-06,82,2690,1181,137,0.598540,0.376650,0.410924,0.183276,,,,,,,,GLOBAL_BASELINE_NO_ENTITY_RANKING,,,NOT_APPLICABLE_GLOBAL_BASELINE,HF9g-P5,,,,X 全窗基线 · 不参与实体赏罚,6876660,688,A168_HF9F_20260827_0900,2026-08-27 09:00:00
2026-03-25,70460261,1318,0,254.3644837666,100.3765436975,100.3765436975,0.6666667,6,6,0.50441650000000000,0.504416500000,0.7948912480929629,0.7948912480929629,0.7948912480929629,0E-17,ELIGIBLE,R03b_20260811_FULL_v1,L1_ELIGIBILITY,v2026-08-11,2026-03-21..2026-08-06,baccarat_bet02_101_all_pairs_incl_sentinel,round_win = game_pnl > 0 (decisive only),COMPATIBILITY_ONLY_NOT_PRODUCTION,268817.8208,244366.2908,168.7661,6248,5610,-0.00062781,-0.08642944,0.00436428,-0.00062781,-168.7661,268817.8208,OK,0.0000,6.7506,4.0000,96.0000,AG03-UNRESOLVED,ALL5_LEVELS_bet23_to_bet27,6.7506,6.7506,6.7506,8.4383,8.4383,4.000000,4.000000,4.000000,5.000000,5.000000,96.000000,96.000000,96.000000,95.000000,95.000000,5.0,37.1285,34.0107,131.6376,134.7554,PENDING_AG03,FALSE,NOT_FOR_ENFORCEMENT,162.0155,234591.6392,168.7661,162.0155,6.7506,0.00062781,0.00060270,6.7506,162.0155,0.00060270,6.7506,6.7506,6.7506,8.4383,8.4383,162.0155,0.00060270,37.1285,34.0107,131.6376,134.7554,0.00048969,0.00050129,0.00002511,43.0246,43.5591,0.0301,2.0581,0.0627,3278.2661,68.4146,17.6798,46.9397,25.7155,39.4976,52.6635,77.1466,82.2897,128.5777,31.4111,0.0,2.083411,3.25533,1.089297,30,192,222,8,0.05498276,0.00062781,0.08642944,0E-8,0.000000,0.909041,0.000000,-0.09079372,2026-03-23,2026-08-06,82,2690,1181,137,0.598540,0.376650,0.410924,0.183276,,,,,,,,GLOBAL_BASELINE_NO_ENTITY_RANKING,,,NOT_APPLICABLE_GLOBAL_BASELINE,HF9g-P5,,,,X 全窗基线 · 不参与实体赏罚,6876661,688,A168_HF9F_20260827_0900,2026-08-27 09:00:00
2026-03-25,70460261,1325,0,192.2216078154,97.5590488981,97.5590488981,1.0000000,5,5,0.50665070000000000,0.506650700000,1.3955260008387969,1.3955260008387969,1.3955260008387969,0E-17,ELIGIBLE,R03b_20260811_FULL_v1,L1_ELIGIBILITY,v2026-08-11,2026-03-21..2026-08-06,baccarat_bet02_101_all_pairs_incl_sentinel,round_win = game_pnl > 0 (decisive only),COMPATIBILITY_ONLY_NOT_PRODUCTION,268817.8208,244366.2908,168.7661,6248,5610,-0.00062781,-0.08642944,0.00436428,-0.00062781,-168.7661,268817.8208,OK,0.0000,6.7506,4.0000,96.0000,AG03-UNRESOLVED,ALL5_LEVELS_bet23_to_bet27,6.7506,6.7506,6.7506,8.4383,8.4383,4.000000,4.000000,4.000000,5.000000,5.000000,96.000000,96.000000,96.000000,95.000000,95.000000,5.0,37.1285,34.0107,131.6376,134.7554,PENDING_AG03,FALSE,NOT_FOR_ENFORCEMENT,162.0155,234591.6392,168.7661,162.0155,6.7506,0.00062781,0.00060270,6.7506,162.0155,0.00060270,6.7506,6.7506,6.7506,8.4383,8.4383,162.0155,0.00060270,37.1285,34.0107,131.6376,134.7554,0.00048969,0.00050129,0.00002511,43.0246,43.5591,0.0301,2.0581,0.0627,3278.2661,68.4146,17.6798,46.9397,25.7155,39.4976,52.6635,77.1466,82.2897,128.5777,31.4111,0.0,2.083411,3.25533,1.089297,30,192,222,8,0.05498276,0.00062781,0.08642944,0E-8,0.000000,0.909041,0.000000,-0.09079372,2026-03-23,2026-08-06,82,2690,1181,137,0.598540,0.376650,0.410924,0.183276,,,,,,,,GLOBAL_BASELINE_NO_ENTITY_RANKING,,,NOT_APPLICABLE_GLOBAL_BASELINE,HF9g-P5,,,,X 全窗基线 · 不参与实体赏罚,6876662,688,A168_HF9F_20260827_0900,2026-08-27 09:00:00
2026-03-25,70460261,1363,0,78.9951812940,-1.3165863549,-1.3165863549,0.5000000,3,3,0.50218230000000000,0.502182300000,-0.00617253530718887,-0.00617253530718887,-0.00617253530718887,0E-17,ELIGIBLE,R03b_20260811_FULL_v1,L1_ELIGIBILITY,v2026-08-11,2026-03-21..2026-08-06,baccarat_bet02_101_all_pairs_incl_sentinel,round_win = game_pnl > 0 (decisive only),COMPATIBILITY_ONLY_NOT_PRODUCTION,268817.8208,244366.2908,168.7661,6248,5610,-0.00062781,-0.08642944,0.00436428,-0.00062781,-168.7661,268817.8208,OK,0.0000,6.7506,4.0000,96.0000,AG03-UNRESOLVED,ALL5_LEVELS_bet23_to_bet27,6.7506,6.7506,6.7506,8.4383,8.4383,4.000000,4.000000,4.000000,5.000000,5.000000,96.000000,96.000000,96.000000,95.000000,95.000000,5.0,37.1285,34.0107,131.6376,134.7554,PENDING_AG03,FALSE,NOT_FOR_ENFORCEMENT,162.0155,234591.6392,168.7661,162.0155,6.7506,0.00062781,0.00060270,6.7506,162.0155,0.00060270,6.7506,6.7506,6.7506,8.4383,8.4383,162.0155,0.00060270,37.1285,34.0107,131.6376,134.7554,0.00048969,0.00050129,0.00002511,43.0246,43.5591,0.0301,2.0581,0.0627,3278.2661,68.4146,17.6798,46.9397,25.7155,39.4976,52.6635,77.1466,82.2897,128.5777,31.4111,0.0,2.083411,3.25533,1.089297,30,192,222,8,0.05498276,0.00062781,0.08642944,0E-8,0.000000,0.909041,0.000000,-0.09079372,2026-03-23,2026-08-06,82,2690,1181,137,0.598540,0.376650,0.410924,0.183276,,,,,,,,GLOBAL_BASELINE_NO_ENTITY_RANKING,,,NOT_APPLICABLE_GLOBAL_BASELINE,HF9g-P5,,,,X 全窗基线 · 不参与实体赏罚,6876663,688,A168_HF9F_20260827_0900,2026-08-27 09:00:00
2026-03-25,70460261,1374,0,147.4576717488,88.7379203202,88.7379203202,0.8333333,6,6,0.50665070000000000,0.506650700000,1.6005531159783741,1.6005531159783741,1.6005531159783741,0E-17,ELIGIBLE,R03b_20260811_FULL_v1,L1_ELIGIBILITY,v2026-08-11,2026-03-21..2026-08-06,baccarat_bet02_101_all_pairs_incl_sentinel,round_win = game_pnl > 0 (decisive only),COMPATIBILITY_ONLY_NOT_PRODUCTION,268817.8208,244366.2908,168.7661,6248,5610,-0.00062781,-0.08642944,0.00436428,-0.00062781,-168.7661,268817.8208,OK,0.0000,6.7506,4.0000,96.0000,AG03-UNRESOLVED,ALL5_LEVELS_bet23_to_bet27,6.7506,6.7506,6.7506,8.4383,8.4383,4.000000,4.000000,4.000000,5.000000,5.000000,96.000000,96.000000,96.000000,95.000000,95.000000,5.0,37.1285,34.0107,131.6376,134.7554,PENDING_AG03,FALSE,NOT_FOR_ENFORCEMENT,162.0155,234591.6392,168.7661,162.0155,6.7506,0.00062781,0.00060270,6.7506,162.0155,0.00060270,6.7506,6.7506,6.7506,8.4383,8.4383,162.0155,0.00060270,37.1285,34.0107,131.6376,134.7554,0.00048969,0.00050129,0.00002511,43.0246,43.5591,0.0301,2.0581,0.0627,3278.2661,68.4146,17.6798,46.9397,25.7155,39.4976,52.6635,77.1466,82.2897,128.5777,31.4111,0.0,2.083411,3.25533,1.089297,30,192,222,8,0.05498276,0.00062781,0.08642944,0E-8,0.000000,0.909041,0.000000,-0.09079372,2026-03-23,2026-08-06,82,2690,1181,137,0.598540,0.376650,0.410924,0.183276,,,,,,,,GLOBAL_BASELINE_NO_ENTITY_RANKING,,,NOT_APPLICABLE_GLOBAL_BASELINE,HF9g-P5,,,,X 全窗基线 · 不参与实体赏罚,6876664,688,A168_HF9F_20260827_0900,2026-08-27 09:00:00
2026-03-25,70460261,1396,0,71.0956631646,-24.8834821076,-24.8834821076,0.3333333,3,3,0.50665070000000000,0.506650700000,-0.6004420894325239,-0.6004420894325239,-0.6004420894325239,0E-17,ELIGIBLE,R03b_20260811_FULL_v1,L1_ELIGIBILITY,v2026-08-11,2026-03-21..2026-08-06,baccarat_bet02_101_all_pairs_incl_sentinel,round_win = game_pnl > 0 (decisive only),COMPATIBILITY_ONLY_NOT_PRODUCTION,268817.8208,244366.2908,168.7661,6248,5610,-0.00062781,-0.08642944,0.00436428,-0.00062781,-168.7661,268817.8208,OK,0.0000,6.7506,4.0000,96.0000,AG03-UNRESOLVED,ALL5_LEVELS_bet23_to_bet27,6.7506,6.7506,6.7506,8.4383,8.4383,4.000000,4.000000,4.000000,5.000000,5.000000,96.000000,96.000000,96.000000,95.000000,95.000000,5.0,37.1285,34.0107,131.6376,134.7554,PENDING_AG03,FALSE,NOT_FOR_ENFORCEMENT,162.0155,234591.6392,168.7661,162.0155,6.7506,0.00062781,0.00060270,6.7506,162.0155,0.00060270,6.7506,6.7506,6.7506,8.4383,8.4383,162.0155,0.00060270,37.1285,34.0107,131.6376,134.7554,0.00048969,0.00050129,0.00002511,43.0246,43.5591,0.0301,2.0581,0.0627,3278.2661,68.4146,17.6798,46.9397,25.7155,39.4976,52.6635,77.1466,82.2897,128.5777,31.4111,0.0,2.083411,3.25533,1.089297,30,192,222,8,0.05498276,0.00062781,0.08642944,0E-8,0.000000,0.909041,0.000000,-0.09079372,2026-03-23,2026-08-06,82,2690,1181,137,0.598540,0.376650,0.410924,0.183276,,,,,,,,GLOBAL_BASELINE_NO_ENTITY_RANKING,,,NOT_APPLICABLE_GLOBAL_BASELINE,HF9g-P5,,,,X 全窗基线 · 不参与实体赏罚,6876665,688,A168_HF9F_20260827_0900,2026-08-27 09:00:00
2026-03-25,70460261,1485,0,176.4225715566,-73.7288358744,-73.7288358744,0.4000000,5,5,0.50665070000000000,0.506650700000,-0.4769986289884125,-0.4769986289884125,-0.4769986289884125,0E-17,ELIGIBLE,R03b_20260811_FULL_v1,L1_ELIGIBILITY,v2026-08-11,2026-03-21..2026-08-06,baccarat_bet02_101_all_pairs_incl_sentinel,round_win = game_pnl > 0 (decisive only),COMPATIBILITY_ONLY_NOT_PRODUCTION,268817.8208,244366.2908,168.7661,6248,5610,-0.00062781,-0.08642944,0.00436428,-0.00062781,-168.7661,268817.8208,OK,0.0000,6.7506,4.0000,96.0000,AG03-UNRESOLVED,ALL5_LEVELS_bet23_to_bet27,6.7506,6.7506,6.7506,8.4383,8.4383,4.000000,4.000000,4.000000,5.000000,5.000000,96.000000,96.000000,96.000000,95.000000,95.000000,5.0,37.1285,34.0107,131.6376,134.7554,PENDING_AG03,FALSE,NOT_FOR_ENFORCEMENT,162.0155,234591.6392,168.7661,162.0155,6.7506,0.00062781,0.00060270,6.7506,162.0155,0.00060270,6.7506,6.7506,6.7506,8.4383,8.4383,162.0155,0.00060270,37.1285,34.0107,131.6376,134.7554,0.00048969,0.00050129,0.00002511,43.0246,43.5591,0.0301,2.0581,0.0627,3278.2661,68.4146,17.6798,46.9397,25.7155,39.4976,52.6635,77.1466,82.2897,128.5777,31.4111,0.0,2.083411,3.25533,1.089297,30,192,222,8,0.05498276,0.00062781,0.08642944,0E-8,0.000000,0.909041,0.000000,-0.09079372,2026-03-23,2026-08-06,82,2690,1181,137,0.598540,0.376650,0.410924,0.183276,,,,,,,,GLOBAL_BASELINE_NO_ENTITY_RANKING,,,NOT_APPLICABLE_GLOBAL_BASELINE,HF9g-P5,,,,X 全窗基线 · 不参与实体赏罚,6876666,688,A168_HF9F_20260827_0900,2026-08-27 09:00:00
2026-03-25,70460261,1490,0,33.7046106854,-20.5387471364,-20.5387471364,0E-7,2,2,0.49994810000000000,0.499948100000,-0.9998962053866608,-0.9998962053866608,-0.9998962053866608,0E-17,ELIGIBLE,R03b_20260811_FULL_v1,L1_ELIGIBILITY,v2026-08-11,2026-03-21..2026-08-06,baccarat_bet02_101_all_pairs_incl_sentinel,round_win = game_pnl > 0 (decisive only),COMPATIBILITY_ONLY_NOT_PRODUCTION,268817.8208,244366.2908,168.7661,6248,5610,-0.00062781,-0.08642944,0.00436428,-0.00062781,-168.7661,268817.8208,OK,0.0000,6.7506,4.0000,96.0000,AG03-UNRESOLVED,ALL5_LEVELS_bet23_to_bet27,6.7506,6.7506,6.7506,8.4383,8.4383,4.000000,4.000000,4.000000,5.000000,5.000000,96.000000,96.000000,96.000000,95.000000,95.000000,5.0,37.1285,34.0107,131.6376,134.7554,PENDING_AG03,FALSE,NOT_FOR_ENFORCEMENT,162.0155,234591.6392,168.7661,162.0155,6.7506,0.00062781,0.00060270,6.7506,162.0155,0.00060270,6.7506,6.7506,6.7506,8.4383,8.4383,162.0155,0.00060270,37.1285,34.0107,131.6376,134.7554,0.00048969,0.00050129,0.00002511,43.0246,43.5591,0.0301,2.0581,0.0627,3278.2661,68.4146,17.6798,46.9397,25.7155,39.4976,52.6635,77.1466,82.2897,128.5777,31.4111,0.0,2.083411,3.25533,1.089297,30,192,222,8,0.05498276,0.00062781,0.08642944,0E-8,0.000000,0.909041,0.000000,-0.09079372,2026-03-23,2026-08-06,82,2690,1181,137,0.598540,0.376650,0.410924,0.183276,,,,,,,,GLOBAL_BASELINE_NO_ENTITY_RANKING,,,NOT_APPLICABLE_GLOBAL_BASELINE,HF9g-P5,,,,X 全窗基线 · 不参与实体赏罚,6876667,688,A168_HF9F_20260827_0900,2026-08-27 09:00:00
2026-03-25,70460261,1507,0,118.4927719410,61.2212655028,61.2212655028,0.6666667,3,3,0.50665070000000000,0.506650700000,0.5543606114942035,0.5543606114942035,0.5543606114942035,0E-17,ELIGIBLE,R03b_20260811_FULL_v1,L1_ELIGIBILITY,v2026-08-11,2026-03-21..2026-08-06,baccarat_bet02_101_all_pairs_incl_sentinel,round_win = game_pnl > 0 (decisive only),COMPATIBILITY_ONLY_NOT_PRODUCTION,268817.8208,244366.2908,168.7661,6248,5610,-0.00062781,-0.08642944,0.00436428,-0.00062781,-168.7661,268817.8208,OK,0.0000,6.7506,4.0000,96.0000,AG03-UNRESOLVED,ALL5_LEVELS_bet23_to_bet27,6.7506,6.7506,6.7506,8.4383,8.4383,4.000000,4.000000,4.000000,5.000000,5.000000,96.000000,96.000000,96.000000,95.000000,95.000000,5.0,37.1285,34.0107,131.6376,134.7554,PENDING_AG03,FALSE,NOT_FOR_ENFORCEMENT,162.0155,234591.6392,168.7661,162.0155,6.7506,0.00062781,0.00060270,6.7506,162.0155,0.00060270,6.7506,6.7506,6.7506,8.4383,8.4383,162.0155,0.00060270,37.1285,34.0107,131.6376,134.7554,0.00048969,0.00050129,0.00002511,43.0246,43.5591,0.0301,2.0581,0.0627,3278.2661,68.4146,17.6798,46.9397,25.7155,39.4976,52.6635,77.1466,82.2897,128.5777,31.4111,0.0,2.083411,3.25533,1.089297,30,192,222,8,0.05498276,0.00062781,0.08642944,0E-8,0.000000,0.909041,0.000000,-0.09079372,2026-03-23,2026-08-06,82,2690,1181,137,0.598540,0.376650,0.410924,0.183276,,,,,,,,GLOBAL_BASELINE_NO_ENTITY_RANKING,,,NOT_APPLICABLE_GLOBAL_BASELINE,HF9g-P5,,,,X 全窗基线 · 不参与实体赏罚,6876668,688,A168_HF9F_20260827_0900,2026-08-27 09:00:00
2026-03-25,70460261,1509,0,209.3372304290,-106.6434947468,-106.6434947468,0.2500000,4,4,0.50329940000000000,0.503299400000,-1.013219660140378,-1.013219660140378,-1.013219660140378,0E-17,ELIGIBLE,R03b_20260811_FULL_v1,L1_ELIGIBILITY,v2026-08-11,2026-03-21..2026-08-06,baccarat_bet02_101_all_pairs_incl_sentinel,round_win = game_pnl > 0 (decisive only),COMPATIBILITY_ONLY_NOT_PRODUCTION,268817.8208,244366.2908,168.7661,6248,5610,-0.00062781,-0.08642944,0.00436428,-0.00062781,-168.7661,268817.8208,OK,0.0000,6.7506,4.0000,96.0000,AG03-UNRESOLVED,ALL5_LEVELS_bet23_to_bet27,6.7506,6.7506,6.7506,8.4383,8.4383,4.000000,4.000000,4.000000,5.000000,5.000000,96.000000,96.000000,96.000000,95.000000,95.000000,5.0,37.1285,34.0107,131.6376,134.7554,PENDING_AG03,FALSE,NOT_FOR_ENFORCEMENT,162.0155,234591.6392,168.7661,162.0155,6.7506,0.00062781,0.00060270,6.7506,162.0155,0.00060270,6.7506,6.7506,6.7506,8.4383,8.4383,162.0155,0.00060270,37.1285,34.0107,131.6376,134.7554,0.00048969,0.00050129,0.00002511,43.0246,43.5591,0.0301,2.0581,0.0627,3278.2661,68.4146,17.6798,46.9397,25.7155,39.4976,52.6635,77.1466,82.2897,128.5777,31.4111,0.0,2.083411,3.25533,1.089297,30,192,222,8,0.05498276,0.00062781,0.08642944,0E-8,0.000000,0.909041,0.000000,-0.09079372,2026-03-23,2026-08-06,82,2690,1181,137,0.598540,0.376650,0.410924,0.183276,,,,,,,,GLOBAL_BASELINE_NO_ENTITY_RANKING,,,NOT_APPLICABLE_GLOBAL_BASELINE,HF9g-P5,,,,X 全窗基线 · 不参与实体赏罚,6876669,688,A168_HF9F_20260827_0900,2026-08-27 09:00:00
2026-03-25,70460261,1623,0,147.4576717488,13.0342049135,13.0342049135,0.6000000,5,5,0.50396966000000000,0.503969660000,0.4294742719815242,0.4294742719815242,0.4294742719815242,0E-17,ELIGIBLE,R03b_20260811_FULL_v1,L1_ELIGIBILITY,v2026-08-11,2026-03-21..2026-08-06,baccarat_bet02_101_all_pairs_incl_sentinel,round_win = game_pnl > 0 (decisive only),COMPATIBILITY_ONLY_NOT_PRODUCTION,268817.8208,244366.2908,168.7661,6248,5610,-0.00062781,-0.08642944,0.00436428,-0.00062781,-168.7661,268817.8208,OK,0.0000,6.7506,4.0000,96.0000,AG03-UNRESOLVED,ALL5_LEVELS_bet23_to_bet27,6.7506,6.7506,6.7506,8.4383,8.4383,4.000000,4.000000,4.000000,5.000000,5.000000,96.000000,96.000000,96.000000,95.000000,95.000000,5.0,37.1285,34.0107,131.6376,134.7554,PENDING_AG03,FALSE,NOT_FOR_ENFORCEMENT,162.0155,234591.6392,168.7661,162.0155,6.7506,0.00062781,0.00060270,6.7506,162.0155,0.00060270,6.7506,6.7506,6.7506,8.4383,8.4383,162.0155,0.00060270,37.1285,34.0107,131.6376,134.7554,0.00048969,0.00050129,0.00002511,43.0246,43.5591,0.0301,2.0581,0.0627,3278.2661,68.4146,17.6798,46.9397,25.7155,39.4976,52.6635,77.1466,82.2897,128.5777,31.4111,0.0,2.083411,3.25533,1.089297,30,192,222,8,0.05498276,0.00062781,0.08642944,0E-8,0.000000,0.909041,0.000000,-0.09079372,2026-03-23,2026-08-06,82,2690,1181,137,0.598540,0.376650,0.410924,0.183276,,,,,,,,GLOBAL_BASELINE_NO_ENTITY_RANKING,,,NOT_APPLICABLE_GLOBAL_BASELINE,HF9g-P5,,,,X 全窗基线 · 不参与实体赏罚,6876670,688,A168_HF9F_20260827_0900,2026-08-27 09:00:00
2026-03-25,70460261,1646,0,52.6634541960,-52.6634541960,-52.6634541960,0E-7,1,1,0.50665070000000000,0.506650700000,-1.013391052207602,-1.013391052207602,-1.013391052207602,0E-17,ELIGIBLE,R03b_20260811_FULL_v1,L1_ELIGIBILITY,v2026-08-11,2026-03-21..2026-08-06,baccarat_bet02_101_all_pairs_incl_sentinel,round_win = game_pnl > 0 (decisive only),COMPATIBILITY_ONLY_NOT_PRODUCTION,268817.8208,244366.2908,168.7661,6248,5610,-0.00062781,-0.08642944,0.00436428,-0.00062781,-168.7661,268817.8208,OK,0.0000,6.7506,4.0000,96.0000,AG03-UNRESOLVED,ALL5_LEVELS_bet23_to_bet27,6.7506,6.7506,6.7506,8.4383,8.4383,4.000000,4.000000,4.000000,5.000000,5.000000,96.000000,96.000000,96.000000,95.000000,95.000000,5.0,37.1285,34.0107,131.6376,134.7554,PENDING_AG03,FALSE,NOT_FOR_ENFORCEMENT,162.0155,234591.6392,168.7661,162.0155,6.7506,0.00062781,0.00060270,6.7506,162.0155,0.00060270,6.7506,6.7506,6.7506,8.4383,8.4383,162.0155,0.00060270,37.1285,34.0107,131.6376,134.7554,0.00048969,0.00050129,0.00002511,43.0246,43.5591,0.0301,2.0581,0.0627,3278.2661,68.4146,17.6798,46.9397,25.7155,39.4976,52.6635,77.1466,82.2897,128.5777,31.4111,0.0,2.083411,3.25533,1.089297,30,192,222,8,0.05498276,0.00062781,0.08642944,0E-8,0.000000,0.909041,0.000000,-0.09079372,2026-03-23,2026-08-06,82,2690,1181,137,0.598540,0.376650,0.410924,0.183276,,,,,,,,GLOBAL_BASELINE_NO_ENTITY_RANKING,,,NOT_APPLICABLE_GLOBAL_BASELINE,HF9g-P5,,,,X 全窗基线 · 不参与实体赏罚,6876671,688,A168_HF9F_20260827_0900,2026-08-27 09:00:00
2026-03-25,70460261,1654,0,92.1610448430,88.8695789557,88.8695789557,1.0000000,3,3,0.50218230000000000,0.502182300000,1.724507524396475,1.7245075243964754,1.724507524396475,0E-17,ELIGIBLE,R03b_20260811_FULL_v1,L1_ELIGIBILITY,v2026-08-11,2026-03-21..2026-08-06,baccarat_bet02_101_all_pairs_incl_sentinel,round_win = game_pnl > 0 (decisive only),COMPATIBILITY_ONLY_NOT_PRODUCTION,268817.8208,244366.2908,168.7661,6248,5610,-0.00062781,-0.08642944,0.00436428,-0.00062781,-168.7661,268817.8208,OK,0.0000,6.7506,4.0000,96.0000,AG03-UNRESOLVED,ALL5_LEVELS_bet23_to_bet27,6.7506,6.7506,6.7506,8.4383,8.4383,4.000000,4.000000,4.000000,5.000000,5.000000,96.000000,96.000000,96.000000,95.000000,95.000000,5.0,37.1285,34.0107,131.6376,134.7554,PENDING_AG03,FALSE,NOT_FOR_ENFORCEMENT,162.0155,234591.6392,168.7661,162.0155,6.7506,0.00062781,0.00060270,6.7506,162.0155,0.00060270,6.7506,6.7506,6.7506,8.4383,8.4383,162.0155,0.00060270,37.1285,34.0107,131.6376,134.7554,0.00048969,0.00050129,0.00002511,43.0246,43.5591,0.0301,2.0581,0.0627,3278.2661,68.4146,17.6798,46.9397,25.7155,39.4976,52.6635,77.1466,82.2897,128.5777,31.4111,0.0,2.083411,3.25533,1.089297,30,192,222,8,0.05498276,0.00062781,0.08642944,0E-8,0.000000,0.909041,0.000000,-0.09079372,2026-03-23,2026-08-06,82,2690,1181,137,0.598540,0.376650,0.410924,0.183276,,,,,,,,GLOBAL_BASELINE_NO_ENTITY_RANKING,,,NOT_APPLICABLE_GLOBAL_BASELINE,HF9g-P5,,,,X 全窗基线 · 不参与实体赏罚,6876672,688,A168_HF9F_20260827_0900,2026-08-27 09:00:00
2026-03-25,70460261,1750,0,52.6634541960,-1.3165863549,-1.3165863549,0.5000000,2,2,0.50665070000000000,0.506650700000,-0.018812684590367487,-0.018812684590367487,-0.018812684590367487,0E-17,ELIGIBLE,R03b_20260811_FULL_v1,L1_ELIGIBILITY,v2026-08-11,2026-03-21..2026-08-06,baccarat_bet02_101_all_pairs_incl_sentinel,round_win = game_pnl > 0 (decisive only),COMPATIBILITY_ONLY_NOT_PRODUCTION,268817.8208,244366.2908,168.7661,6248,5610,-0.00062781,-0.08642944,0.00436428,-0.00062781,-168.7661,268817.8208,OK,0.0000,6.7506,4.0000,96.0000,AG03-UNRESOLVED,ALL5_LEVELS_bet23_to_bet27,6.7506,6.7506,6.7506,8.4383,8.4383,4.000000,4.000000,4.000000,5.000000,5.000000,96.000000,96.000000,96.000000,95.000000,95.000000,5.0,37.1285,34.0107,131.6376,134.7554,PENDING_AG03,FALSE,NOT_FOR_ENFORCEMENT,162.0155,234591.6392,168.7661,162.0155,6.7506,0.00062781,0.00060270,6.7506,162.0155,0.00060270,6.7506,6.7506,6.7506,8.4383,8.4383,162.0155,0.00060270,37.1285,34.0107,131.6376,134.7554,0.00048969,0.00050129,0.00002511,43.0246,43.5591,0.0301,2.0581,0.0627,3278.2661,68.4146,17.6798,46.9397,25.7155,39.4976,52.6635,77.1466,82.2897,128.5777,31.4111,0.0,2.083411,3.25533,1.089297,30,192,222,8,0.05498276,0.00062781,0.08642944,0E-8,0.000000,0.909041,0.000000,-0.09079372,2026-03-23,2026-08-06,82,2690,1181,137,0.598540,0.376650,0.410924,0.183276,,,,,,,,GLOBAL_BASELINE_NO_ENTITY_RANKING,,,NOT_APPLICABLE_GLOBAL_BASELINE,HF9g-P5,,,,X 全窗基线 · 不参与实体赏罚,6876673,688,A168_HF9F_20260827_0900,2026-08-27 09:00:00
2026-03-25,70460261,1935,0,279.6429417806,-48.5820364959,-48.5820364959,0.2857143,7,7,0.50473567142857143,0.504735671429,-1.159004222986255,-1.1590042229885325,-1.159004222986255,-4.2857E-13,ELIGIBLE,R03b_20260811_FULL_v1,L1_ELIGIBILITY,v2026-08-11,2026-03-21..2026-08-06,baccarat_bet02_101_all_pairs_incl_sentinel,round_win = game_pnl > 0 (decisive only),COMPATIBILITY_ONLY_NOT_PRODUCTION,268817.8208,244366.2908,168.7661,6248,5610,-0.00062781,-0.08642944,0.00436428,-0.00062781,-168.7661,268817.8208,OK,0.0000,6.7506,4.0000,96.0000,AG03-UNRESOLVED,ALL5_LEVELS_bet23_to_bet27,6.7506,6.7506,6.7506,8.4383,8.4383,4.000000,4.000000,4.000000,5.000000,5.000000,96.000000,96.000000,96.000000,95.000000,95.000000,5.0,37.1285,34.0107,131.6376,134.7554,PENDING_AG03,FALSE,NOT_FOR_ENFORCEMENT,162.0155,234591.6392,168.7661,162.0155,6.7506,0.00062781,0.00060270,6.7506,162.0155,0.00060270,6.7506,6.7506,6.7506,8.4383,8.4383,162.0155,0.00060270,37.1285,34.0107,131.6376,134.7554,0.00048969,0.00050129,0.00002511,43.0246,43.5591,0.0301,2.0581,0.0627,3278.2661,68.4146,17.6798,46.9397,25.7155,39.4976,52.6635,77.1466,82.2897,128.5777,31.4111,0.0,2.083411,3.25533,1.089297,30,192,222,8,0.05498276,0.00062781,0.08642944,0E-8,0.000000,0.909041,0.000000,-0.09079372,2026-03-23,2026-08-06,82,2690,1181,137,0.598540,0.376650,0.410924,0.183276,,,,,,,,GLOBAL_BASELINE_NO_ENTITY_RANKING,,,NOT_APPLICABLE_GLOBAL_BASELINE,HF9g-P5,,,,X 全窗基线 · 不参与实体赏罚,6876674,688,A168_HF9F_20260827_0900,2026-08-27 09:00:00
2026-03-25,70460261,1941,0,73.7288358744,22.5136266688,22.5136266688,1.0000000,2,2,0.50665070000000000,0.506650700000,0.9867858985152569,0.9867858985152569,0.9867858985152569,0E-17,ELIGIBLE,R03b_20260811_FULL_v1,L1_ELIGIBILITY,v2026-08-11,2026-03-21..2026-08-06,baccarat_bet02_101_all_pairs_incl_sentinel,round_win = game_pnl > 0 (decisive only),COMPATIBILITY_ONLY_NOT_PRODUCTION,268817.8208,244366.2908,168.7661,6248,5610,-0.00062781,-0.08642944,0.00436428,-0.00062781,-168.7661,268817.8208,OK,0.0000,6.7506,4.0000,96.0000,AG03-UNRESOLVED,ALL5_LEVELS_bet23_to_bet27,6.7506,6.7506,6.7506,8.4383,8.4383,4.000000,4.000000,4.000000,5.000000,5.000000,96.000000,96.000000,96.000000,95.000000,95.000000,5.0,37.1285,34.0107,131.6376,134.7554,PENDING_AG03,FALSE,NOT_FOR_ENFORCEMENT,162.0155,234591.6392,168.7661,162.0155,6.7506,0.00062781,0.00060270,6.7506,162.0155,0.00060270,6.7506,6.7506,6.7506,8.4383,8.4383,162.0155,0.00060270,37.1285,34.0107,131.6376,134.7554,0.00048969,0.00050129,0.00002511,43.0246,43.5591,0.0301,2.0581,0.0627,3278.2661,68.4146,17.6798,46.9397,25.7155,39.4976,52.6635,77.1466,82.2897,128.5777,31.4111,0.0,2.083411,3.25533,1.089297,30,192,222,8,0.05498276,0.00062781,0.08642944,0E-8,0.000000,0.909041,0.000000,-0.09079372,2026-03-23,2026-08-06,82,2690,1181,137,0.598540,0.376650,0.410924,0.183276,,,,,,,,GLOBAL_BASELINE_NO_ENTITY_RANKING,,,NOT_APPLICABLE_GLOBAL_BASELINE,HF9g-P5,,,,X 全窗基线 · 不参与实体赏罚,6876675,688,A168_HF9F_20260827_0900,2026-08-27 09:00:00
2026-03-25,70460261,1949,0,105.3269083920,-105.3269083920,-105.3269083920,0E-7,2,2,0.49994810000000000,0.499948100000,-1.4140667746232096,-1.4140667746232096,-1.4140667746232096,0E-17,ELIGIBLE,R03b_20260811_FULL_v1,L1_ELIGIBILITY,v2026-08-11,2026-03-21..2026-08-06,baccarat_bet02_101_all_pairs_incl_sentinel,round_win = game_pnl > 0 (decisive only),COMPATIBILITY_ONLY_NOT_PRODUCTION,268817.8208,244366.2908,168.7661,6248,5610,-0.00062781,-0.08642944,0.00436428,-0.00062781,-168.7661,268817.8208,OK,0.0000,6.7506,4.0000,96.0000,AG03-UNRESOLVED,ALL5_LEVELS_bet23_to_bet27,6.7506,6.7506,6.7506,8.4383,8.4383,4.000000,4.000000,4.000000,5.000000,5.000000,96.000000,96.000000,96.000000,95.000000,95.000000,5.0,37.1285,34.0107,131.6376,134.7554,PENDING_AG03,FALSE,NOT_FOR_ENFORCEMENT,162.0155,234591.6392,168.7661,162.0155,6.7506,0.00062781,0.00060270,6.7506,162.0155,0.00060270,6.7506,6.7506,6.7506,8.4383,8.4383,162.0155,0.00060270,37.1285,34.0107,131.6376,134.7554,0.00048969,0.00050129,0.00002511,43.0246,43.5591,0.0301,2.0581,0.0627,3278.2661,68.4146,17.6798,46.9397,25.7155,39.4976,52.6635,77.1466,82.2897,128.5777,31.4111,0.0,2.083411,3.25533,1.089297,30,192,222,8,0.05498276,0.00062781,0.08642944,0E-8,0.000000,0.909041,0.000000,-0.09079372,2026-03-23,2026-08-06,82,2690,1181,137,0.598540,0.376650,0.410924,0.183276,,,,,,,,GLOBAL_BASELINE_NO_ENTITY_RANKING,,,NOT_APPLICABLE_GLOBAL_BASELINE,HF9g-P5,,,,X 全窗基线 · 不参与实体赏罚,6876676,688,A168_HF9F_20260827_0900,2026-08-27 09:00:00
2026-03-25,70460261,1951,0,65.8293177450,-14.4824499039,-14.4824499039,0.5000000,2,2,0.50665070000000000,0.506650700000,-0.018812684590367487,-0.018812684590367487,-0.018812684590367487,0E-17,ELIGIBLE,R03b_20260811_FULL_v1,L1_ELIGIBILITY,v2026-08-11,2026-03-21..2026-08-06,baccarat_bet02_101_all_pairs_incl_sentinel,round_win = game_pnl > 0 (decisive only),COMPATIBILITY_ONLY_NOT_PRODUCTION,268817.8208,244366.2908,168.7661,6248,5610,-0.00062781,-0.08642944,0.00436428,-0.00062781,-168.7661,268817.8208,OK,0.0000,6.7506,4.0000,96.0000,AG03-UNRESOLVED,ALL5_LEVELS_bet23_to_bet27,6.7506,6.7506,6.7506,8.4383,8.4383,4.000000,4.000000,4.000000,5.000000,5.000000,96.000000,96.000000,96.000000,95.000000,95.000000,5.0,37.1285,34.0107,131.6376,134.7554,PENDING_AG03,FALSE,NOT_FOR_ENFORCEMENT,162.0155,234591.6392,168.7661,162.0155,6.7506,0.00062781,0.00060270,6.7506,162.0155,0.00060270,6.7506,6.7506,6.7506,8.4383,8.4383,162.0155,0.00060270,37.1285,34.0107,131.6376,134.7554,0.00048969,0.00050129,0.00002511,43.0246,43.5591,0.0301,2.0581,0.0627,3278.2661,68.4146,17.6798,46.9397,25.7155,39.4976,52.6635,77.1466,82.2897,128.5777,31.4111,0.0,2.083411,3.25533,1.089297,30,192,222,8,0.05498276,0.00062781,0.08642944,0E-8,0.000000,0.909041,0.000000,-0.09079372,2026-03-23,2026-08-06,82,2690,1181,137,0.598540,0.376650,0.410924,0.183276,,,,,,,,GLOBAL_BASELINE_NO_ENTITY_RANKING,,,NOT_APPLICABLE_GLOBAL_BASELINE,HF9g-P5,,,,X 全窗基线 · 不参与实体赏罚,6876677,688,A168_HF9F_20260827_0900,2026-08-27 09:00:00
2026-03-25,70460261,1994,0,162.2034389237,-24.3041841115,-24.3041841115,0.6000000,5,5,0.50396966000000000,0.503969660000,0.4294742719815242,0.4294742719815242,0.4294742719815242,0E-17,ELIGIBLE,R03b_20260811_FULL_v1,L1_ELIGIBILITY,v2026-08-11,2026-03-21..2026-08-06,baccarat_bet02_101_all_pairs_incl_sentinel,round_win = game_pnl > 0 (decisive only),COMPATIBILITY_ONLY_NOT_PRODUCTION,268817.8208,244366.2908,168.7661,6248,5610,-0.00062781,-0.08642944,0.00436428,-0.00062781,-168.7661,268817.8208,OK,0.0000,6.7506,4.0000,96.0000,AG03-UNRESOLVED,ALL5_LEVELS_bet23_to_bet27,6.7506,6.7506,6.7506,8.4383,8.4383,4.000000,4.000000,4.000000,5.000000,5.000000,96.000000,96.000000,96.000000,95.000000,95.000000,5.0,37.1285,34.0107,131.6376,134.7554,PENDING_AG03,FALSE,NOT_FOR_ENFORCEMENT,162.0155,234591.6392,168.7661,162.0155,6.7506,0.00062781,0.00060270,6.7506,162.0155,0.00060270,6.7506,6.7506,6.7506,8.4383,8.4383,162.0155,0.00060270,37.1285,34.0107,131.6376,134.7554,0.00048969,0.00050129,0.00002511,43.0246,43.5591,0.0301,2.0581,0.0627,3278.2661,68.4146,17.6798,46.9397,25.7155,39.4976,52.6635,77.1466,82.2897,128.5777,31.4111,0.0,2.083411,3.25533,1.089297,30,192,222,8,0.05498276,0.00062781,0.08642944,0E-8,0.000000,0.909041,0.000000,-0.09079372,2026-03-23,2026-08-06,82,2690,1181,137,0.598540,0.376650,0.410924,0.183276,,,,,,,,GLOBAL_BASELINE_NO_ENTITY_RANKING,,,NOT_APPLICABLE_GLOBAL_BASELINE,HF9g-P5,,,,X 全窗基线 · 不参与实体赏罚,6876678,688,A168_HF9F_20260827_0900,2026-08-27 09:00:00
2026-03-25,70460261,2088,0,34.2312452274,-34.2312452274,-34.2312452274,0E-7,1,1,0.49324550000000000,0.493245500000,-0.9865810262130424,-0.9865810262130424,-0.9865810262130424,0E-17,ELIGIBLE,R03b_20260811_FULL_v1,L1_ELIGIBILITY,v2026-08-11,2026-03-21..2026-08-06,baccarat_bet02_101_all_pairs_incl_sentinel,round_win = game_pnl > 0 (decisive only),COMPATIBILITY_ONLY_NOT_PRODUCTION,268817.8208,244366.2908,168.7661,6248,5610,-0.00062781,-0.08642944,0.00436428,-0.00062781,-168.7661,268817.8208,OK,0.0000,6.7506,4.0000,96.0000,AG03-UNRESOLVED,ALL5_LEVELS_bet23_to_bet27,6.7506,6.7506,6.7506,8.4383,8.4383,4.000000,4.000000,4.000000,5.000000,5.000000,96.000000,96.000000,96.000000,95.000000,95.000000,5.0,37.1285,34.0107,131.6376,134.7554,PENDING_AG03,FALSE,NOT_FOR_ENFORCEMENT,162.0155,234591.6392,168.7661,162.0155,6.7506,0.00062781,0.00060270,6.7506,162.0155,0.00060270,6.7506,6.7506,6.7506,8.4383,8.4383,162.0155,0.00060270,37.1285,34.0107,131.6376,134.7554,0.00048969,0.00050129,0.00002511,43.0246,43.5591,0.0301,2.0581,0.0627,3278.2661,68.4146,17.6798,46.9397,25.7155,39.4976,52.6635,77.1466,82.2897,128.5777,31.4111,0.0,2.083411,3.25533,1.089297,30,192,222,8,0.05498276,0.00062781,0.08642944,0E-8,0.000000,0.909041,0.000000,-0.09079372,2026-03-23,2026-08-06,82,2690,1181,137,0.598540,0.376650,0.410924,0.183276,,,,,,,,GLOBAL_BASELINE_NO_ENTITY_RANKING,,,NOT_APPLICABLE_GLOBAL_BASELINE,HF9g-P5,,,,X 全窗基线 · 不参与实体赏罚,6876679,688,A168_HF9F_20260827_0900,2026-08-27 09:00:00
2026-03-25,70460261,2093,0,102.6937356822,0E-10,0E-10,0.5000000,4,4,0.50329940000000000,0.503299400000,-0.01319788734859681,-0.01319788734859681,-0.01319788734859681,0E-17,ELIGIBLE,R03b_20260811_FULL_v1,L1_ELIGIBILITY,v2026-08-11,2026-03-21..2026-08-06,baccarat_bet02_101_all_pairs_incl_sentinel,round_win = game_pnl > 0 (decisive only),COMPATIBILITY_ONLY_NOT_PRODUCTION,268817.8208,244366.2908,168.7661,6248,5610,-0.00062781,-0.08642944,0.00436428,-0.00062781,-168.7661,268817.8208,OK,0.0000,6.7506,4.0000,96.0000,AG03-UNRESOLVED,ALL5_LEVELS_bet23_to_bet27,6.7506,6.7506,6.7506,8.4383,8.4383,4.000000,4.000000,4.000000,5.000000,5.000000,96.000000,96.000000,96.000000,95.000000,95.000000,5.0,37.1285,34.0107,131.6376,134.7554,PENDING_AG03,FALSE,NOT_FOR_ENFORCEMENT,162.0155,234591.6392,168.7661,162.0155,6.7506,0.00062781,0.00060270,6.7506,162.0155,0.00060270,6.7506,6.7506,6.7506,8.4383,8.4383,162.0155,0.00060270,37.1285,34.0107,131.6376,134.7554,0.00048969,0.00050129,0.00002511,43.0246,43.5591,0.0301,2.0581,0.0627,3278.2661,68.4146,17.6798,46.9397,25.7155,39.4976,52.6635,77.1466,82.2897,128.5777,31.4111,0.0,2.083411,3.25533,1.089297,30,192,222,8,0.05498276,0.00062781,0.08642944,0E-8,0.000000,0.909041,0.000000,-0.09079372,2026-03-23,2026-08-06,82,2690,1181,137,0.598540,0.376650,0.410924,0.183276,,,,,,,,GLOBAL_BASELINE_NO_ENTITY_RANKING,,,NOT_APPLICABLE_GLOBAL_BASELINE,HF9g-P5,,,,X 全窗基线 · 不参与实体赏罚,6876680,688,A168_HF9F_20260827_0900,2026-08-27 09:00:00
2026-03-25,70460261,2101,0,44.7639360666,6.5829317745,6.5829317745,0.5000000,2,2,0.50665070000000000,0.506650700000,-0.018812684590367487,-0.018812684590367487,-0.018812684590367487,0E-17,ELIGIBLE,R03b_20260811_FULL_v1,L1_ELIGIBILITY,v2026-08-11,2026-03-21..2026-08-06,baccarat_bet02_101_all_pairs_incl_sentinel,round_win = game_pnl > 0 (decisive only),COMPATIBILITY_ONLY_NOT_PRODUCTION,268817.8208,244366.2908,168.7661,6248,5610,-0.00062781,-0.08642944,0.00436428,-0.00062781,-168.7661,268817.8208,OK,0.0000,6.7506,4.0000,96.0000,AG03-UNRESOLVED,ALL5_LEVELS_bet23_to_bet27,6.7506,6.7506,6.7506,8.4383,8.4383,4.000000,4.000000,4.000000,5.000000,5.000000,96.000000,96.000000,96.000000,95.000000,95.000000,5.0,37.1285,34.0107,131.6376,134.7554,PENDING_AG03,FALSE,NOT_FOR_ENFORCEMENT,162.0155,234591.6392,168.7661,162.0155,6.7506,0.00062781,0.00060270,6.7506,162.0155,0.00060270,6.7506,6.7506,6.7506,8.4383,8.4383,162.0155,0.00060270,37.1285,34.0107,131.6376,134.7554,0.00048969,0.00050129,0.00002511,43.0246,43.5591,0.0301,2.0581,0.0627,3278.2661,68.4146,17.6798,46.9397,25.7155,39.4976,52.6635,77.1466,82.2897,128.5777,31.4111,0.0,2.083411,3.25533,1.089297,30,192,222,8,0.05498276,0.00062781,0.08642944,0E-8,0.000000,0.909041,0.000000,-0.09079372,2026-03-23,2026-08-06,82,2690,1181,137,0.598540,0.376650,0.410924,0.183276,,,,,,,,GLOBAL_BASELINE_NO_ENTITY_RANKING,,,NOT_APPLICABLE_GLOBAL_BASELINE,HF9g-P5,,,,X 全窗基线 · 不参与实体赏罚,6876681,688,A168_HF9F_20260827_0900,2026-08-27 09:00:00
2026-03-25,70460261,2106,0,131.6586354899,-131.6586354899,-131.6586354899,0E-7,2,2,0.49994810000000000,0.499948100000,-1.4140667746232096,-1.4140667746232096,-1.4140667746232096,0E-17,ELIGIBLE,R03b_20260811_FULL_v1,L1_ELIGIBILITY,v2026-08-11,2026-03-21..2026-08-06,baccarat_bet02_101_all_pairs_incl_sentinel,round_win = game_pnl > 0 (decisive only),COMPATIBILITY_ONLY_NOT_PRODUCTION,268817.8208,244366.2908,168.7661,6248,5610,-0.00062781,-0.08642944,0.00436428,-0.00062781,-168.7661,268817.8208,OK,0.0000,6.7506,4.0000,96.0000,AG03-UNRESOLVED,ALL5_LEVELS_bet23_to_bet27,6.7506,6.7506,6.7506,8.4383,8.4383,4.000000,4.000000,4.000000,5.000000,5.000000,96.000000,96.000000,96.000000,95.000000,95.000000,5.0,37.1285,34.0107,131.6376,134.7554,PENDING_AG03,FALSE,NOT_FOR_ENFORCEMENT,162.0155,234591.6392,168.7661,162.0155,6.7506,0.00062781,0.00060270,6.7506,162.0155,0.00060270,6.7506,6.7506,6.7506,8.4383,8.4383,162.0155,0.00060270,37.1285,34.0107,131.6376,134.7554,0.00048969,0.00050129,0.00002511,43.0246,43.5591,0.0301,2.0581,0.0627,3278.2661,68.4146,17.6798,46.9397,25.7155,39.4976,52.6635,77.1466,82.2897,128.5777,31.4111,0.0,2.083411,3.25533,1.089297,30,192,222,8,0.05498276,0.00062781,0.08642944,0E-8,0.000000,0.909041,0.000000,-0.09079372,2026-03-23,2026-08-06,82,2690,1181,137,0.598540,0.376650,0.410924,0.183276,,,,,,,,GLOBAL_BASELINE_NO_ENTITY_RANKING,,,NOT_APPLICABLE_GLOBAL_BASELINE,HF9g-P5,,,,X 全窗基线 · 不参与实体赏罚,6876682,688,A168_HF9F_20260827_0900,2026-08-27 09:00:00
2026-03-25,70460261,2108,0,81.6283540038,-81.6283540038,-81.6283540038,0E-7,3,3,0.50218230000000000,0.502182300000,-1.7396270863184011,-1.7396270863184016,-1.7396270863184011,0E-17,ELIGIBLE,R03b_20260811_FULL_v1,L1_ELIGIBILITY,v2026-08-11,2026-03-21..2026-08-06,baccarat_bet02_101_all_pairs_incl_sentinel,round_win = game_pnl > 0 (decisive only),COMPATIBILITY_ONLY_NOT_PRODUCTION,268817.8208,244366.2908,168.7661,6248,5610,-0.00062781,-0.08642944,0.00436428,-0.00062781,-168.7661,268817.8208,OK,0.0000,6.7506,4.0000,96.0000,AG03-UNRESOLVED,ALL5_LEVELS_bet23_to_bet27,6.7506,6.7506,6.7506,8.4383,8.4383,4.000000,4.000000,4.000000,5.000000,5.000000,96.000000,96.000000,96.000000,95.000000,95.000000,5.0,37.1285,34.0107,131.6376,134.7554,PENDING_AG03,FALSE,NOT_FOR_ENFORCEMENT,162.0155,234591.6392,168.7661,162.0155,6.7506,0.00062781,0.00060270,6.7506,162.0155,0.00060270,6.7506,6.7506,6.7506,8.4383,8.4383,162.0155,0.00060270,37.1285,34.0107,131.6376,134.7554,0.00048969,0.00050129,0.00002511,43.0246,43.5591,0.0301,2.0581,0.0627,3278.2661,68.4146,17.6798,46.9397,25.7155,39.4976,52.6635,77.1466,82.2897,128.5777,31.4111,0.0,2.083411,3.25533,1.089297,30,192,222,8,0.05498276,0.00062781,0.08642944,0E-8,0.000000,0.909041,0.000000,-0.09079372,2026-03-23,2026-08-06,82,2690,1181,137,0.598540,0.376650,0.410924,0.183276,,,,,,,,GLOBAL_BASELINE_NO_ENTITY_RANKING,,,NOT_APPLICABLE_GLOBAL_BASELINE,HF9g-P5,,,,X 全窗基线 · 不参与实体赏罚,6876683,688,A168_HF9F_20260827_0900,2026-08-27 09:00:00
2026-03-25,70460261,2117,0,47.3971087764,15.0090844458,15.0090844458,1.0000000,2,2,0.50665070000000000,0.506650700000,0.9867858985152569,0.9867858985152569,0.9867858985152569,0E-17,ELIGIBLE,R03b_20260811_FULL_v1,L1_ELIGIBILITY,v2026-08-11,2026-03-21..2026-08-06,baccarat_bet02_101_all_pairs_incl_sentinel,round_win = game_pnl > 0 (decisive only),COMPATIBILITY_ONLY_NOT_PRODUCTION,268817.8208,244366.2908,168.7661,6248,5610,-0.00062781,-0.08642944,0.00436428,-0.00062781,-168.7661,268817.8208,OK,0.0000,6.7506,4.0000,96.0000,AG03-UNRESOLVED,ALL5_LEVELS_bet23_to_bet27,6.7506,6.7506,6.7506,8.4383,8.4383,4.000000,4.000000,4.000000,5.000000,5.000000,96.000000,96.000000,96.000000,95.000000,95.000000,5.0,37.1285,34.0107,131.6376,134.7554,PENDING_AG03,FALSE,NOT_FOR_ENFORCEMENT,162.0155,234591.6392,168.7661,162.0155,6.7506,0.00062781,0.00060270,6.7506,162.0155,0.00060270,6.7506,6.7506,6.7506,8.4383,8.4383,162.0155,0.00060270,37.1285,34.0107,131.6376,134.7554,0.00048969,0.00050129,0.00002511,43.0246,43.5591,0.0301,2.0581,0.0627,3278.2661,68.4146,17.6798,46.9397,25.7155,39.4976,52.6635,77.1466,82.2897,128.5777,31.4111,0.0,2.083411,3.25533,1.089297,30,192,222,8,0.05498276,0.00062781,0.08642944,0E-8,0.000000,0.909041,0.000000,-0.09079372,2026-03-23,2026-08-06,82,2690,1181,137,0.598540,0.376650,0.410924,0.183276,,,,,,,,GLOBAL_BASELINE_NO_ENTITY_RANKING,,,NOT_APPLICABLE_GLOBAL_BASELINE,HF9g-P5,,,,X 全窗基线 · 不参与实体赏罚,6876684,688,A168_HF9F_20260827_0900,2026-08-27 09:00:00
2026-03-25,70460261,2121,0,52.6634541960,-52.6634541960,-52.6634541960,0E-7,2,2,0.49994810000000000,0.499948100000,-1.4140667746232096,-1.4140667746232096,-1.4140667746232096,0E-17,ELIGIBLE,R03b_20260811_FULL_v1,L1_ELIGIBILITY,v2026-08-11,2026-03-21..2026-08-06,baccarat_bet02_101_all_pairs_incl_sentinel,round_win = game_pnl > 0 (decisive only),COMPATIBILITY_ONLY_NOT_PRODUCTION,268817.8208,244366.2908,168.7661,6248,5610,-0.00062781,-0.08642944,0.00436428,-0.00062781,-168.7661,268817.8208,OK,0.0000,6.7506,4.0000,96.0000,AG03-UNRESOLVED,ALL5_LEVELS_bet23_to_bet27,6.7506,6.7506,6.7506,8.4383,8.4383,4.000000,4.000000,4.000000,5.000000,5.000000,96.000000,96.000000,96.000000,95.000000,95.000000,5.0,37.1285,34.0107,131.6376,134.7554,PENDING_AG03,FALSE,NOT_FOR_ENFORCEMENT,162.0155,234591.6392,168.7661,162.0155,6.7506,0.00062781,0.00060270,6.7506,162.0155,0.00060270,6.7506,6.7506,6.7506,8.4383,8.4383,162.0155,0.00060270,37.1285,34.0107,131.6376,134.7554,0.00048969,0.00050129,0.00002511,43.0246,43.5591,0.0301,2.0581,0.0627,3278.2661,68.4146,17.6798,46.9397,25.7155,39.4976,52.6635,77.1466,82.2897,128.5777,31.4111,0.0,2.083411,3.25533,1.089297,30,192,222,8,0.05498276,0.00062781,0.08642944,0E-8,0.000000,0.909041,0.000000,-0.09079372,2026-03-23,2026-08-06,82,2690,1181,137,0.598540,0.376650,0.410924,0.183276,,,,,,,,GLOBAL_BASELINE_NO_ENTITY_RANKING,,,NOT_APPLICABLE_GLOBAL_BASELINE,HF9g-P5,,,,X 全窗基线 · 不参与实体赏罚,6876685,688,A168_HF9F_20260827_0900,2026-08-27 09:00:00
2026-03-25,70460261,2123,0,307.5545725046,166.6798325303,166.6798325303,0.7500000,8,8,0.50329940000000000,0.503299400000,1.3955797224674644,1.3955797224674644,1.3955797224674644,0E-17,ELIGIBLE,R03b_20260811_FULL_v1,L1_ELIGIBILITY,v2026-08-11,2026-03-21..2026-08-06,baccarat_bet02_101_all_pairs_incl_sentinel,round_win = game_pnl > 0 (decisive only),COMPATIBILITY_ONLY_NOT_PRODUCTION,268817.8208,244366.2908,168.7661,6248,5610,-0.00062781,-0.08642944,0.00436428,-0.00062781,-168.7661,268817.8208,OK,0.0000,6.7506,4.0000,96.0000,AG03-UNRESOLVED,ALL5_LEVELS_bet23_to_bet27,6.7506,6.7506,6.7506,8.4383,8.4383,4.000000,4.000000,4.000000,5.000000,5.000000,96.000000,96.000000,96.000000,95.000000,95.000000,5.0,37.1285,34.0107,131.6376,134.7554,PENDING_AG03,FALSE,NOT_FOR_ENFORCEMENT,162.0155,234591.6392,168.7661,162.0155,6.7506,0.00062781,0.00060270,6.7506,162.0155,0.00060270,6.7506,6.7506,6.7506,8.4383,8.4383,162.0155,0.00060270,37.1285,34.0107,131.6376,134.7554,0.00048969,0.00050129,0.00002511,43.0246,43.5591,0.0301,2.0581,0.0627,3278.2661,68.4146,17.6798,46.9397,25.7155,39.4976,52.6635,77.1466,82.2897,128.5777,31.4111,0.0,2.083411,3.25533,1.089297,30,192,222,8,0.05498276,0.00062781,0.08642944,0E-8,0.000000,0.909041,0.000000,-0.09079372,2026-03-23,2026-08-06,82,2690,1181,137,0.598540,0.376650,0.410924,0.183276,,,,,,,,GLOBAL_BASELINE_NO_ENTITY_RANKING,,,NOT_APPLICABLE_GLOBAL_BASELINE,HF9g-P5,,,,X 全窗基线 · 不参与实体赏罚,6876686,688,A168_HF9F_20260827_0900,2026-08-27 09:00:00
2026-03-25,70460261,2129,0,65.8293177450,36.8644179372,36.8644179372,0.6666667,3,3,0.50665070000000000,0.506650700000,0.5543606114942035,0.5543606114942035,0.5543606114942035,0E-17,ELIGIBLE,R03b_20260811_FULL_v1,L1_ELIGIBILITY,v2026-08-11,2026-03-21..2026-08-06,baccarat_bet02_101_all_pairs_incl_sentinel,round_win = game_pnl > 0 (decisive only),COMPATIBILITY_ONLY_NOT_PRODUCTION,268817.8208,244366.2908,168.7661,6248,5610,-0.00062781,-0.08642944,0.00436428,-0.00062781,-168.7661,268817.8208,OK,0.0000,6.7506,4.0000,96.0000,AG03-UNRESOLVED,ALL5_LEVELS_bet23_to_bet27,6.7506,6.7506,6.7506,8.4383,8.4383,4.000000,4.000000,4.000000,5.000000,5.000000,96.000000,96.000000,96.000000,95.000000,95.000000,5.0,37.1285,34.0107,131.6376,134.7554,PENDING_AG03,FALSE,NOT_FOR_ENFORCEMENT,162.0155,234591.6392,168.7661,162.0155,6.7506,0.00062781,0.00060270,6.7506,162.0155,0.00060270,6.7506,6.7506,6.7506,8.4383,8.4383,162.0155,0.00060270,37.1285,34.0107,131.6376,134.7554,0.00048969,0.00050129,0.00002511,43.0246,43.5591,0.0301,2.0581,0.0627,3278.2661,68.4146,17.6798,46.9397,25.7155,39.4976,52.6635,77.1466,82.2897,128.5777,31.4111,0.0,2.083411,3.25533,1.089297,30,192,222,8,0.05498276,0.00062781,0.08642944,0E-8,0.000000,0.909041,0.000000,-0.09079372,2026-03-23,2026-08-06,82,2690,1181,137,0.598540,0.376650,0.410924,0.183276,,,,,,,,GLOBAL_BASELINE_NO_ENTITY_RANKING,,,NOT_APPLICABLE_GLOBAL_BASELINE,HF9g-P5,,,,X 全窗基线 · 不参与实体赏罚,6876687,688,A168_HF9F_20260827_0900,2026-08-27 09:00:00
2026-03-25,70460261,2130,0,65.8293177450,11.1909840166,11.1909840166,0.5000000,2,2,0.49994810000000000,0.499948100000,0.00014679536856514622,0.00014679536856514622,0.00014679536856514622,0E-17,ELIGIBLE,R03b_20260811_FULL_v1,L1_ELIGIBILITY,v2026-08-11,2026-03-21..2026-08-06,baccarat_bet02_101_all_pairs_incl_sentinel,round_win = game_pnl > 0 (decisive only),COMPATIBILITY_ONLY_NOT_PRODUCTION,268817.8208,244366.2908,168.7661,6248,5610,-0.00062781,-0.08642944,0.00436428,-0.00062781,-168.7661,268817.8208,OK,0.0000,6.7506,4.0000,96.0000,AG03-UNRESOLVED,ALL5_LEVELS_bet23_to_bet27,6.7506,6.7506,6.7506,8.4383,8.4383,4.000000,4.000000,4.000000,5.000000,5.000000,96.000000,96.000000,96.000000,95.000000,95.000000,5.0,37.1285,34.0107,131.6376,134.7554,PENDING_AG03,FALSE,NOT_FOR_ENFORCEMENT,162.0155,234591.6392,168.7661,162.0155,6.7506,0.00062781,0.00060270,6.7506,162.0155,0.00060270,6.7506,6.7506,6.7506,8.4383,8.4383,162.0155,0.00060270,37.1285,34.0107,131.6376,134.7554,0.00048969,0.00050129,0.00002511,43.0246,43.5591,0.0301,2.0581,0.0627,3278.2661,68.4146,17.6798,46.9397,25.7155,39.4976,52.6635,77.1466,82.2897,128.5777,31.4111,0.0,2.083411,3.25533,1.089297,30,192,222,8,0.05498276,0.00062781,0.08642944,0E-8,0.000000,0.909041,0.000000,-0.09079372,2026-03-23,2026-08-06,82,2690,1181,137,0.598540,0.376650,0.410924,0.183276,,,,,,,,GLOBAL_BASELINE_NO_ENTITY_RANKING,,,NOT_APPLICABLE_GLOBAL_BASELINE,HF9g-P5,,,,X 全窗基线 · 不参与实体赏罚,6876688,688,A168_HF9F_20260827_0900,2026-08-27 09:00:00
2026-03-25,70460261,2141,0,159.8335834848,-57.1398478026,-57.1398478026,0.3333333,3,3,0.50665070000000000,0.506650700000,-0.6004420894325239,-0.6004420894325239,-0.6004420894325239,0E-17,ELIGIBLE,R03b_20260811_FULL_v1,L1_ELIGIBILITY,v2026-08-11,2026-03-21..2026-08-06,baccarat_bet02_101_all_pairs_incl_sentinel,round_win = game_pnl > 0 (decisive only),COMPATIBILITY_ONLY_NOT_PRODUCTION,268817.8208,244366.2908,168.7661,6248,5610,-0.00062781,-0.08642944,0.00436428,-0.00062781,-168.7661,268817.8208,OK,0.0000,6.7506,4.0000,96.0000,AG03-UNRESOLVED,ALL5_LEVELS_bet23_to_bet27,6.7506,6.7506,6.7506,8.4383,8.4383,4.000000,4.000000,4.000000,5.000000,5.000000,96.000000,96.000000,96.000000,95.000000,95.000000,5.0,37.1285,34.0107,131.6376,134.7554,PENDING_AG03,FALSE,NOT_FOR_ENFORCEMENT,162.0155,234591.6392,168.7661,162.0155,6.7506,0.00062781,0.00060270,6.7506,162.0155,0.00060270,6.7506,6.7506,6.7506,8.4383,8.4383,162.0155,0.00060270,37.1285,34.0107,131.6376,134.7554,0.00048969,0.00050129,0.00002511,43.0246,43.5591,0.0301,2.0581,0.0627,3278.2661,68.4146,17.6798,46.9397,25.7155,39.4976,52.6635,77.1466,82.2897,128.5777,31.4111,0.0,2.083411,3.25533,1.089297,30,192,222,8,0.05498276,0.00062781,0.08642944,0E-8,0.000000,0.909041,0.000000,-0.09079372,2026-03-23,2026-08-06,82,2690,1181,137,0.598540,0.376650,0.410924,0.183276,,,,,,,,GLOBAL_BASELINE_NO_ENTITY_RANKING,,,NOT_APPLICABLE_GLOBAL_BASELINE,HF9g-P5,,,,X 全窗基线 · 不参与实体赏罚,6876689,688,A168_HF9F_20260827_0900,2026-08-27 09:00:00
2026-03-25,70460261,2142,0,105.3269083920,-105.3269083920,-105.3269083920,0E-7,2,2,0.49994810000000000,0.499948100000,-1.4140667746232096,-1.4140667746232096,-1.4140667746232096,0E-17,ELIGIBLE,R03b_20260811_FULL_v1,L1_ELIGIBILITY,v2026-08-11,2026-03-21..2026-08-06,baccarat_bet02_101_all_pairs_incl_sentinel,round_win = game_pnl > 0 (decisive only),COMPATIBILITY_ONLY_NOT_PRODUCTION,268817.8208,244366.2908,168.7661,6248,5610,-0.00062781,-0.08642944,0.00436428,-0.00062781,-168.7661,268817.8208,OK,0.0000,6.7506,4.0000,96.0000,AG03-UNRESOLVED,ALL5_LEVELS_bet23_to_bet27,6.7506,6.7506,6.7506,8.4383,8.4383,4.000000,4.000000,4.000000,5.000000,5.000000,96.000000,96.000000,96.000000,95.000000,95.000000,5.0,37.1285,34.0107,131.6376,134.7554,PENDING_AG03,FALSE,NOT_FOR_ENFORCEMENT,162.0155,234591.6392,168.7661,162.0155,6.7506,0.00062781,0.00060270,6.7506,162.0155,0.00060270,6.7506,6.7506,6.7506,8.4383,8.4383,162.0155,0.00060270,37.1285,34.0107,131.6376,134.7554,0.00048969,0.00050129,0.00002511,43.0246,43.5591,0.0301,2.0581,0.0627,3278.2661,68.4146,17.6798,46.9397,25.7155,39.4976,52.6635,77.1466,82.2897,128.5777,31.4111,0.0,2.083411,3.25533,1.089297,30,192,222,8,0.05498276,0.00062781,0.08642944,0E-8,0.000000,0.909041,0.000000,-0.09079372,2026-03-23,2026-08-06,82,2690,1181,137,0.598540,0.376650,0.410924,0.183276,,,,,,,,GLOBAL_BASELINE_NO_ENTITY_RANKING,,,NOT_APPLICABLE_GLOBAL_BASELINE,HF9g-P5,,,,X 全窗基线 · 不参与实体赏罚,6876690,688,A168_HF9F_20260827_0900,2026-08-27 09:00:00
2026-03-25,70460261,2147,0,105.3269083920,-52.6634541960,-52.6634541960,0E-7,3,3,0.50218230000000000,0.502182300000,-1.4203995680682369,-1.4203995680682369,-1.4203995680682369,0E-17,ELIGIBLE,R03b_20260811_FULL_v1,L1_ELIGIBILITY,v2026-08-11,2026-03-21..2026-08-06,baccarat_bet02_101_all_pairs_incl_sentinel,round_win = game_pnl > 0 (decisive only),COMPATIBILITY_ONLY_NOT_PRODUCTION,268817.8208,244366.2908,168.7661,6248,5610,-0.00062781,-0.08642944,0.00436428,-0.00062781,-168.7661,268817.8208,OK,0.0000,6.7506,4.0000,96.0000,AG03-UNRESOLVED,ALL5_LEVELS_bet23_to_bet27,6.7506,6.7506,6.7506,8.4383,8.4383,4.000000,4.000000,4.000000,5.000000,5.000000,96.000000,96.000000,96.000000,95.000000,95.000000,5.0,37.1285,34.0107,131.6376,134.7554,PENDING_AG03,FALSE,NOT_FOR_ENFORCEMENT,162.0155,234591.6392,168.7661,162.0155,6.7506,0.00062781,0.00060270,6.7506,162.0155,0.00060270,6.7506,6.7506,6.7506,8.4383,8.4383,162.0155,0.00060270,37.1285,34.0107,131.6376,134.7554,0.00048969,0.00050129,0.00002511,43.0246,43.5591,0.0301,2.0581,0.0627,3278.2661,68.4146,17.6798,46.9397,25.7155,39.4976,52.6635,77.1466,82.2897,128.5777,31.4111,0.0,2.083411,3.25533,1.089297,30,192,222,8,0.05498276,0.00062781,0.08642944,0E-8,0.000000,0.909041,0.000000,-0.09079372,2026-03-23,2026-08-06,82,2690,1181,137,0.598540,0.376650,0.410924,0.183276,,,,,,,,GLOBAL_BASELINE_NO_ENTITY_RANKING,,,NOT_APPLICABLE_GLOBAL_BASELINE,HF9g-P5,,,,X 全窗基线 · 不参与实体赏罚,6876691,688,A168_HF9F_20260827_0900,2026-08-27 09:00:00
2026-03-25,70460261,2152,0,131.9219527609,-105.5902256629,-105.5902256629,0E-7,3,3,0.50665070000000000,0.506650700000,-1.4331513700195317,-1.4331513700195317,-1.4331513700195317,0E-17,ELIGIBLE,R03b_20260811_FULL_v1,L1_ELIGIBILITY,v2026-08-11,2026-03-21..2026-08-06,baccarat_bet02_101_all_pairs_incl_sentinel,round_win = game_pnl > 0 (decisive only),COMPATIBILITY_ONLY_NOT_PRODUCTION,268817.8208,244366.2908,168.7661,6248,5610,-0.00062781,-0.08642944,0.00436428,-0.00062781,-168.7661,268817.8208,OK,0.0000,6.7506,4.0000,96.0000,AG03-UNRESOLVED,ALL5_LEVELS_bet23_to_bet27,6.7506,6.7506,6.7506,8.4383,8.4383,4.000000,4.000000,4.000000,5.000000,5.000000,96.000000,96.000000,96.000000,95.000000,95.000000,5.0,37.1285,34.0107,131.6376,134.7554,PENDING_AG03,FALSE,NOT_FOR_ENFORCEMENT,162.0155,234591.6392,168.7661,162.0155,6.7506,0.00062781,0.00060270,6.7506,162.0155,0.00060270,6.7506,6.7506,6.7506,8.4383,8.4383,162.0155,0.00060270,37.1285,34.0107,131.6376,134.7554,0.00048969,0.00050129,0.00002511,43.0246,43.5591,0.0301,2.0581,0.0627,3278.2661,68.4146,17.6798,46.9397,25.7155,39.4976,52.6635,77.1466,82.2897,128.5777,31.4111,0.0,2.083411,3.25533,1.089297,30,192,222,8,0.05498276,0.00062781,0.08642944,0E-8,0.000000,0.909041,0.000000,-0.09079372,2026-03-23,2026-08-06,82,2690,1181,137,0.598540,0.376650,0.410924,0.183276,,,,,,,,GLOBAL_BASELINE_NO_ENTITY_RANKING,,,NOT_APPLICABLE_GLOBAL_BASELINE,HF9g-P5,,,,X 全窗基线 · 不参与实体赏罚,6876692,688,A168_HF9F_20260827_0900,2026-08-27 09:00:00
2026-03-25,70460261,2153,0,118.4927719410,73.7288358744,73.7288358744,0.6666667,3,3,0.50218230000000000,0.502182300000,0.5697959874915163,0.5697959874915164,0.5697959874915163,0E-17,ELIGIBLE,R03b_20260811_FULL_v1,L1_ELIGIBILITY,v2026-08-11,2026-03-21..2026-08-06,baccarat_bet02_101_all_pairs_incl_sentinel,round_win = game_pnl > 0 (decisive only),COMPATIBILITY_ONLY_NOT_PRODUCTION,268817.8208,244366.2908,168.7661,6248,5610,-0.00062781,-0.08642944,0.00436428,-0.00062781,-168.7661,268817.8208,OK,0.0000,6.7506,4.0000,96.0000,AG03-UNRESOLVED,ALL5_LEVELS_bet23_to_bet27,6.7506,6.7506,6.7506,8.4383,8.4383,4.000000,4.000000,4.000000,5.000000,5.000000,96.000000,96.000000,96.000000,95.000000,95.000000,5.0,37.1285,34.0107,131.6376,134.7554,PENDING_AG03,FALSE,NOT_FOR_ENFORCEMENT,162.0155,234591.6392,168.7661,162.0155,6.7506,0.00062781,0.00060270,6.7506,162.0155,0.00060270,6.7506,6.7506,6.7506,8.4383,8.4383,162.0155,0.00060270,37.1285,34.0107,131.6376,134.7554,0.00048969,0.00050129,0.00002511,43.0246,43.5591,0.0301,2.0581,0.0627,3278.2661,68.4146,17.6798,46.9397,25.7155,39.4976,52.6635,77.1466,82.2897,128.5777,31.4111,0.0,2.083411,3.25533,1.089297,30,192,222,8,0.05498276,0.00062781,0.08642944,0E-8,0.000000,0.909041,0.000000,-0.09079372,2026-03-23,2026-08-06,82,2690,1181,137,0.598540,0.376650,0.410924,0.183276,,,,,,,,GLOBAL_BASELINE_NO_ENTITY_RANKING,,,NOT_APPLICABLE_GLOBAL_BASELINE,HF9g-P5,,,,X 全窗基线 · 不参与实体赏罚,6876693,688,A168_HF9F_20260827_0900,2026-08-27 09:00:00
2026-03-25,70460261,2155,0,139.5581536194,-6.9779076810,-6.9779076810,0.5000000,5,5,0.49860758000000000,0.498607580000,0.005569701597489473,0.005569701597489473,0.005569701597489473,0E-17,ELIGIBLE,R03b_20260811_FULL_v1,L1_ELIGIBILITY,v2026-08-11,2026-03-21..2026-08-06,baccarat_bet02_101_all_pairs_incl_sentinel,round_win = game_pnl > 0 (decisive only),COMPATIBILITY_ONLY_NOT_PRODUCTION,268817.8208,244366.2908,168.7661,6248,5610,-0.00062781,-0.08642944,0.00436428,-0.00062781,-168.7661,268817.8208,OK,0.0000,6.7506,4.0000,96.0000,AG03-UNRESOLVED,ALL5_LEVELS_bet23_to_bet27,6.7506,6.7506,6.7506,8.4383,8.4383,4.000000,4.000000,4.000000,5.000000,5.000000,96.000000,96.000000,96.000000,95.000000,95.000000,5.0,37.1285,34.0107,131.6376,134.7554,PENDING_AG03,FALSE,NOT_FOR_ENFORCEMENT,162.0155,234591.6392,168.7661,162.0155,6.7506,0.00062781,0.00060270,6.7506,162.0155,0.00060270,6.7506,6.7506,6.7506,8.4383,8.4383,162.0155,0.00060270,37.1285,34.0107,131.6376,134.7554,0.00048969,0.00050129,0.00002511,43.0246,43.5591,0.0301,2.0581,0.0627,3278.2661,68.4146,17.6798,46.9397,25.7155,39.4976,52.6635,77.1466,82.2897,128.5777,31.4111,0.0,2.083411,3.25533,1.089297,30,192,222,8,0.05498276,0.00062781,0.08642944,0E-8,0.000000,0.909041,0.000000,-0.09079372,2026-03-23,2026-08-06,82,2690,1181,137,0.598540,0.376650,0.410924,0.183276,,,,,,,,GLOBAL_BASELINE_NO_ENTITY_RANKING,,,NOT_APPLICABLE_GLOBAL_BASELINE,HF9g-P5,,,,X 全窗基线 · 不参与实体赏罚,6876694,688,A168_HF9F_20260827_0900,2026-08-27 09:00:00
2026-03-25,70460261,2167,0,118.4927719409,-92.8193380204,-92.8193380204,0.2500000,4,4,0.50665070000000000,0.506650700000,-1.0266936290537745,-1.0266936290537745,-1.0266936290537745,0E-17,ELIGIBLE,R03b_20260811_FULL_v1,L1_ELIGIBILITY,v2026-08-11,2026-03-21..2026-08-06,baccarat_bet02_101_all_pairs_incl_sentinel,round_win = game_pnl > 0 (decisive only),COMPATIBILITY_ONLY_NOT_PRODUCTION,268817.8208,244366.2908,168.7661,6248,5610,-0.00062781,-0.08642944,0.00436428,-0.00062781,-168.7661,268817.8208,OK,0.0000,6.7506,4.0000,96.0000,AG03-UNRESOLVED,ALL5_LEVELS_bet23_to_bet27,6.7506,6.7506,6.7506,8.4383,8.4383,4.000000,4.000000,4.000000,5.000000,5.000000,96.000000,96.000000,96.000000,95.000000,95.000000,5.0,37.1285,34.0107,131.6376,134.7554,PENDING_AG03,FALSE,NOT_FOR_ENFORCEMENT,162.0155,234591.6392,168.7661,162.0155,6.7506,0.00062781,0.00060270,6.7506,162.0155,0.00060270,6.7506,6.7506,6.7506,8.4383,8.4383,162.0155,0.00060270,37.1285,34.0107,131.6376,134.7554,0.00048969,0.00050129,0.00002511,43.0246,43.5591,0.0301,2.0581,0.0627,3278.2661,68.4146,17.6798,46.9397,25.7155,39.4976,52.6635,77.1466,82.2897,128.5777,31.4111,0.0,2.083411,3.25533,1.089297,30,192,222,8,0.05498276,0.00062781,0.08642944,0E-8,0.000000,0.909041,0.000000,-0.09079372,2026-03-23,2026-08-06,82,2690,1181,137,0.598540,0.376650,0.410924,0.183276,,,,,,,,GLOBAL_BASELINE_NO_ENTITY_RANKING,,,NOT_APPLICABLE_GLOBAL_BASELINE,HF9g-P5,,,,X 全窗基线 · 不参与实体赏罚,6876695,688,A168_HF9F_20260827_0900,2026-08-27 09:00:00
2026-03-25,70460261,2175,0,550.3330963482,305.7113516075,305.7113516075,0.8181818,13,13,0.50355719230769231,0.503557192308,2.0870364854503616,2.0870364854483294,2.0870364854503616,-3.0769E-13,ELIGIBLE,R03b_20260811_FULL_v1,L1_ELIGIBILITY,v2026-08-11,2026-03-21..2026-08-06,baccarat_bet02_101_all_pairs_incl_sentinel,round_win = game_pnl > 0 (decisive only),COMPATIBILITY_ONLY_NOT_PRODUCTION,268817.8208,244366.2908,168.7661,6248,5610,-0.00062781,-0.08642944,0.00436428,-0.00062781,-168.7661,268817.8208,OK,0.0000,6.7506,4.0000,96.0000,AG03-UNRESOLVED,ALL5_LEVELS_bet23_to_bet27,6.7506,6.7506,6.7506,8.4383,8.4383,4.000000,4.000000,4.000000,5.000000,5.000000,96.000000,96.000000,96.000000,95.000000,95.000000,5.0,37.1285,34.0107,131.6376,134.7554,PENDING_AG03,FALSE,NOT_FOR_ENFORCEMENT,162.0155,234591.6392,168.7661,162.0155,6.7506,0.00062781,0.00060270,6.7506,162.0155,0.00060270,6.7506,6.7506,6.7506,8.4383,8.4383,162.0155,0.00060270,37.1285,34.0107,131.6376,134.7554,0.00048969,0.00050129,0.00002511,43.0246,43.5591,0.0301,2.0581,0.0627,3278.2661,68.4146,17.6798,46.9397,25.7155,39.4976,52.6635,77.1466,82.2897,128.5777,31.4111,0.0,2.083411,3.25533,1.089297,30,192,222,8,0.05498276,0.00062781,0.08642944,0E-8,0.000000,0.909041,0.000000,-0.09079372,2026-03-23,2026-08-06,82,2690,1181,137,0.598540,0.376650,0.410924,0.183276,,,,,,,,GLOBAL_BASELINE_NO_ENTITY_RANKING,,,NOT_APPLICABLE_GLOBAL_BASELINE,HF9g-P5,,,,X 全窗基线 · 不参与实体赏罚,6876696,688,A168_HF9F_20260827_0900,2026-08-27 09:00:00
2026-03-25,70460261,2188,0,52.6634541960,-52.6634541960,-52.6634541960,0E-7,1,1,0.50665070000000000,0.506650700000,-1.013391052207602,-1.013391052207602,-1.013391052207602,0E-17,ELIGIBLE,R03b_20260811_FULL_v1,L1_ELIGIBILITY,v2026-08-11,2026-03-21..2026-08-06,baccarat_bet02_101_all_pairs_incl_sentinel,round_win = game_pnl > 0 (decisive only),COMPATIBILITY_ONLY_NOT_PRODUCTION,268817.8208,244366.2908,168.7661,6248,5610,-0.00062781,-0.08642944,0.00436428,-0.00062781,-168.7661,268817.8208,OK,0.0000,6.7506,4.0000,96.0000,AG03-UNRESOLVED,ALL5_LEVELS_bet23_to_bet27,6.7506,6.7506,6.7506,8.4383,8.4383,4.000000,4.000000,4.000000,5.000000,5.000000,96.000000,96.000000,96.000000,95.000000,95.000000,5.0,37.1285,34.0107,131.6376,134.7554,PENDING_AG03,FALSE,NOT_FOR_ENFORCEMENT,162.0155,234591.6392,168.7661,162.0155,6.7506,0.00062781,0.00060270,6.7506,162.0155,0.00060270,6.7506,6.7506,6.7506,8.4383,8.4383,162.0155,0.00060270,37.1285,34.0107,131.6376,134.7554,0.00048969,0.00050129,0.00002511,43.0246,43.5591,0.0301,2.0581,0.0627,3278.2661,68.4146,17.6798,46.9397,25.7155,39.4976,52.6635,77.1466,82.2897,128.5777,31.4111,0.0,2.083411,3.25533,1.089297,30,192,222,8,0.05498276,0.00062781,0.08642944,0E-8,0.000000,0.909041,0.000000,-0.09079372,2026-03-23,2026-08-06,82,2690,1181,137,0.598540,0.376650,0.410924,0.183276,,,,,,,,GLOBAL_BASELINE_NO_ENTITY_RANKING,,,NOT_APPLICABLE_GLOBAL_BASELINE,HF9g-P5,,,,X 全窗基线 · 不参与实体赏罚,6876697,688,A168_HF9F_20260827_0900,2026-08-27 09:00:00
2026-03-25,70460261,2202,0,126.3922900703,120.0726755668,120.0726755668,1.0000000,2,2,0.50665070000000000,0.506650700000,1.3955260008387969,1.3955260008387969,1.3955260008387969,0E-17,ELIGIBLE,R03b_20260811_FULL_v1,L1_ELIGIBILITY,v2026-08-11,2026-03-21..2026-08-06,baccarat_bet02_101_all_pairs_incl_sentinel,round_win = game_pnl > 0 (decisive only),COMPATIBILITY_ONLY_NOT_PRODUCTION,268817.8208,244366.2908,168.7661,6248,5610,-0.00062781,-0.08642944,0.00436428,-0.00062781,-168.7661,268817.8208,OK,0.0000,6.7506,4.0000,96.0000,AG03-UNRESOLVED,ALL5_LEVELS_bet23_to_bet27,6.7506,6.7506,6.7506,8.4383,8.4383,4.000000,4.000000,4.000000,5.000000,5.000000,96.000000,96.000000,96.000000,95.000000,95.000000,5.0,37.1285,34.0107,131.6376,134.7554,PENDING_AG03,FALSE,NOT_FOR_ENFORCEMENT,162.0155,234591.6392,168.7661,162.0155,6.7506,0.00062781,0.00060270,6.7506,162.0155,0.00060270,6.7506,6.7506,6.7506,8.4383,8.4383,162.0155,0.00060270,37.1285,34.0107,131.6376,134.7554,0.00048969,0.00050129,0.00002511,43.0246,43.5591,0.0301,2.0581,0.0627,3278.2661,68.4146,17.6798,46.9397,25.7155,39.4976,52.6635,77.1466,82.2897,128.5777,31.4111,0.0,2.083411,3.25533,1.089297,30,192,222,8,0.05498276,0.00062781,0.08642944,0E-8,0.000000,0.909041,0.000000,-0.09079372,2026-03-23,2026-08-06,82,2690,1181,137,0.598540,0.376650,0.410924,0.183276,,,,,,,,GLOBAL_BASELINE_NO_ENTITY_RANKING,,,NOT_APPLICABLE_GLOBAL_BASELINE,HF9g-P5,,,,X 全窗基线 · 不参与实体赏罚,6876698,688,A168_HF9F_20260827_0900,2026-08-27 09:00:00
2026-03-25,70460261,2212,0,250.1514074309,25.2784580140,25.2784580140,0.4000000,6,6,0.50441650000000000,0.504416500000,-0.466983001748531,-0.466983001748531,-0.466983001748531,0E-17,ELIGIBLE,R03b_20260811_FULL_v1,L1_ELIGIBILITY,v2026-08-11,2026-03-21..2026-08-06,baccarat_bet02_101_all_pairs_incl_sentinel,round_win = game_pnl > 0 (decisive only),COMPATIBILITY_ONLY_NOT_PRODUCTION,268817.8208,244366.2908,168.7661,6248,5610,-0.00062781,-0.08642944,0.00436428,-0.00062781,-168.7661,268817.8208,OK,0.0000,6.7506,4.0000,96.0000,AG03-UNRESOLVED,ALL5_LEVELS_bet23_to_bet27,6.7506,6.7506,6.7506,8.4383,8.4383,4.000000,4.000000,4.000000,5.000000,5.000000,96.000000,96.000000,96.000000,95.000000,95.000000,5.0,37.1285,34.0107,131.6376,134.7554,PENDING_AG03,FALSE,NOT_FOR_ENFORCEMENT,162.0155,234591.6392,168.7661,162.0155,6.7506,0.00062781,0.00060270,6.7506,162.0155,0.00060270,6.7506,6.7506,6.7506,8.4383,8.4383,162.0155,0.00060270,37.1285,34.0107,131.6376,134.7554,0.00048969,0.00050129,0.00002511,43.0246,43.5591,0.0301,2.0581,0.0627,3278.2661,68.4146,17.6798,46.9397,25.7155,39.4976,52.6635,77.1466,82.2897,128.5777,31.4111,0.0,2.083411,3.25533,1.089297,30,192,222,8,0.05498276,0.00062781,0.08642944,0E-8,0.000000,0.909041,0.000000,-0.09079372,2026-03-23,2026-08-06,82,2690,1181,137,0.598540,0.376650,0.410924,0.183276,,,,,,,,GLOBAL_BASELINE_NO_ENTITY_RANKING,,,NOT_APPLICABLE_GLOBAL_BASELINE,HF9g-P5,,,,X 全窗基线 · 不参与实体赏罚,6876699,688,A168_HF9F_20260827_0900,2026-08-27 09:00:00
2026-03-25,70460261,2216,0,78.9951812940,23.6985543882,23.6985543882,0.5000000,2,2,0.50665070000000000,0.506650700000,-0.018812684590367487,-0.018812684590367487,-0.018812684590367487,0E-17,ELIGIBLE,R03b_20260811_FULL_v1,L1_ELIGIBILITY,v2026-08-11,2026-03-21..2026-08-06,baccarat_bet02_101_all_pairs_incl_sentinel,round_win = game_pnl > 0 (decisive only),COMPATIBILITY_ONLY_NOT_PRODUCTION,268817.8208,244366.2908,168.7661,6248,5610,-0.00062781,-0.08642944,0.00436428,-0.00062781,-168.7661,268817.8208,OK,0.0000,6.7506,4.0000,96.0000,AG03-UNRESOLVED,ALL5_LEVELS_bet23_to_bet27,6.7506,6.7506,6.7506,8.4383,8.4383,4.000000,4.000000,4.000000,5.000000,5.000000,96.000000,96.000000,96.000000,95.000000,95.000000,5.0,37.1285,34.0107,131.6376,134.7554,PENDING_AG03,FALSE,NOT_FOR_ENFORCEMENT,162.0155,234591.6392,168.7661,162.0155,6.7506,0.00062781,0.00060270,6.7506,162.0155,0.00060270,6.7506,6.7506,6.7506,8.4383,8.4383,162.0155,0.00060270,37.1285,34.0107,131.6376,134.7554,0.00048969,0.00050129,0.00002511,43.0246,43.5591,0.0301,2.0581,0.0627,3278.2661,68.4146,17.6798,46.9397,25.7155,39.4976,52.6635,77.1466,82.2897,128.5777,31.4111,0.0,2.083411,3.25533,1.089297,30,192,222,8,0.05498276,0.00062781,0.08642944,0E-8,0.000000,0.909041,0.000000,-0.09079372,2026-03-23,2026-08-06,82,2690,1181,137,0.598540,0.376650,0.410924,0.183276,,,,,,,,GLOBAL_BASELINE_NO_ENTITY_RANKING,,,NOT_APPLICABLE_GLOBAL_BASELINE,HF9g-P5,,,,X 全窗基线 · 不参与实体赏罚,6876700,688,A168_HF9F_20260827_0900,2026-08-27 09:00:00
2026-03-25,70460261,2218,0,102.6937356822,62.5378518577,62.5378518577,1.0000000,3,3,0.50665070000000000,0.506650700000,1.3955260008387969,1.3955260008387969,1.3955260008387969,0E-17,ELIGIBLE,R03b_20260811_FULL_v1,L1_ELIGIBILITY,v2026-08-11,2026-03-21..2026-08-06,baccarat_bet02_101_all_pairs_incl_sentinel,round_win = game_pnl > 0 (decisive only),COMPATIBILITY_ONLY_NOT_PRODUCTION,268817.8208,244366.2908,168.7661,6248,5610,-0.00062781,-0.08642944,0.00436428,-0.00062781,-168.7661,268817.8208,OK,0.0000,6.7506,4.0000,96.0000,AG03-UNRESOLVED,ALL5_LEVELS_bet23_to_bet27,6.7506,6.7506,6.7506,8.4383,8.4383,4.000000,4.000000,4.000000,5.000000,5.000000,96.000000,96.000000,96.000000,95.000000,95.000000,5.0,37.1285,34.0107,131.6376,134.7554,PENDING_AG03,FALSE,NOT_FOR_ENFORCEMENT,162.0155,234591.6392,168.7661,162.0155,6.7506,0.00062781,0.00060270,6.7506,162.0155,0.00060270,6.7506,6.7506,6.7506,8.4383,8.4383,162.0155,0.00060270,37.1285,34.0107,131.6376,134.7554,0.00048969,0.00050129,0.00002511,43.0246,43.5591,0.0301,2.0581,0.0627,3278.2661,68.4146,17.6798,46.9397,25.7155,39.4976,52.6635,77.1466,82.2897,128.5777,31.4111,0.0,2.083411,3.25533,1.089297,30,192,222,8,0.05498276,0.00062781,0.08642944,0E-8,0.000000,0.909041,0.000000,-0.09079372,2026-03-23,2026-08-06,82,2690,1181,137,0.598540,0.376650,0.410924,0.183276,,,,,,,,GLOBAL_BASELINE_NO_ENTITY_RANKING,,,NOT_APPLICABLE_GLOBAL_BASELINE,HF9g-P5,,,,X 全窗基线 · 不参与实体赏罚,6876701,688,A168_HF9F_20260827_0900,2026-08-27 09:00:00
2026-03-25,70460261,2220,0,52.6634541960,-1.3165863549,-1.3165863549,0.5000000,2,2,0.50665070000000000,0.506650700000,-0.018812684590367487,-0.018812684590367487,-0.018812684590367487,0E-17,ELIGIBLE,R03b_20260811_FULL_v1,L1_ELIGIBILITY,v2026-08-11,2026-03-21..2026-08-06,baccarat_bet02_101_all_pairs_incl_sentinel,round_win = game_pnl > 0 (decisive only),COMPATIBILITY_ONLY_NOT_PRODUCTION,268817.8208,244366.2908,168.7661,6248,5610,-0.00062781,-0.08642944,0.00436428,-0.00062781,-168.7661,268817.8208,OK,0.0000,6.7506,4.0000,96.0000,AG03-UNRESOLVED,ALL5_LEVELS_bet23_to_bet27,6.7506,6.7506,6.7506,8.4383,8.4383,4.000000,4.000000,4.000000,5.000000,5.000000,96.000000,96.000000,96.000000,95.000000,95.000000,5.0,37.1285,34.0107,131.6376,134.7554,PENDING_AG03,FALSE,NOT_FOR_ENFORCEMENT,162.0155,234591.6392,168.7661,162.0155,6.7506,0.00062781,0.00060270,6.7506,162.0155,0.00060270,6.7506,6.7506,6.7506,8.4383,8.4383,162.0155,0.00060270,37.1285,34.0107,131.6376,134.7554,0.00048969,0.00050129,0.00002511,43.0246,43.5591,0.0301,2.0581,0.0627,3278.2661,68.4146,17.6798,46.9397,25.7155,39.4976,52.6635,77.1466,82.2897,128.5777,31.4111,0.0,2.083411,3.25533,1.089297,30,192,222,8,0.05498276,0.00062781,0.08642944,0E-8,0.000000,0.909041,0.000000,-0.09079372,2026-03-23,2026-08-06,82,2690,1181,137,0.598540,0.376650,0.410924,0.183276,,,,,,,,GLOBAL_BASELINE_NO_ENTITY_RANKING,,,NOT_APPLICABLE_GLOBAL_BASELINE,HF9g-P5,,,,X 全窗基线 · 不参与实体赏罚,6876702,688,A168_HF9F_20260827_0900,2026-08-27 09:00:00
2026-03-25,70460261,2222,0,26.3317270980,25.0151407431,25.0151407431,1.0000000,1,1,0.50665070000000000,0.506650700000,0.9867858985152569,0.9867858985152569,0.9867858985152569,0E-17,ELIGIBLE,R03b_20260811_FULL_v1,L1_ELIGIBILITY,v2026-08-11,2026-03-21..2026-08-06,baccarat_bet02_101_all_pairs_incl_sentinel,round_win = game_pnl > 0 (decisive only),COMPATIBILITY_ONLY_NOT_PRODUCTION,268817.8208,244366.2908,168.7661,6248,5610,-0.00062781,-0.08642944,0.00436428,-0.00062781,-168.7661,268817.8208,OK,0.0000,6.7506,4.0000,96.0000,AG03-UNRESOLVED,ALL5_LEVELS_bet23_to_bet27,6.7506,6.7506,6.7506,8.4383,8.4383,4.000000,4.000000,4.000000,5.000000,5.000000,96.000000,96.000000,96.000000,95.000000,95.000000,5.0,37.1285,34.0107,131.6376,134.7554,PENDING_AG03,FALSE,NOT_FOR_ENFORCEMENT,162.0155,234591.6392,168.7661,162.0155,6.7506,0.00062781,0.00060270,6.7506,162.0155,0.00060270,6.7506,6.7506,6.7506,8.4383,8.4383,162.0155,0.00060270,37.1285,34.0107,131.6376,134.7554,0.00048969,0.00050129,0.00002511,43.0246,43.5591,0.0301,2.0581,0.0627,3278.2661,68.4146,17.6798,46.9397,25.7155,39.4976,52.6635,77.1466,82.2897,128.5777,31.4111,0.0,2.083411,3.25533,1.089297,30,192,222,8,0.05498276,0.00062781,0.08642944,0E-8,0.000000,0.909041,0.000000,-0.09079372,2026-03-23,2026-08-06,82,2690,1181,137,0.598540,0.376650,0.410924,0.183276,,,,,,,,GLOBAL_BASELINE_NO_ENTITY_RANKING,,,NOT_APPLICABLE_GLOBAL_BASELINE,HF9g-P5,,,,X 全窗基线 · 不参与实体赏罚,6876703,688,A168_HF9F_20260827_0900,2026-08-27 09:00:00
2026-03-25,70460261,2232,0,181.6889169761,-26.3317270979,-26.3317270979,0.5000000,4,4,0.50329940000000000,0.503299400000,-0.01319788734859681,-0.01319788734859681,-0.01319788734859681,0E-17,ELIGIBLE,R03b_20260811_FULL_v1,L1_ELIGIBILITY,v2026-08-11,2026-03-21..2026-08-06,baccarat_bet02_101_all_pairs_incl_sentinel,round_win = game_pnl > 0 (decisive only),COMPATIBILITY_ONLY_NOT_PRODUCTION,268817.8208,244366.2908,168.7661,6248,5610,-0.00062781,-0.08642944,0.00436428,-0.00062781,-168.7661,268817.8208,OK,0.0000,6.7506,4.0000,96.0000,AG03-UNRESOLVED,ALL5_LEVELS_bet23_to_bet27,6.7506,6.7506,6.7506,8.4383,8.4383,4.000000,4.000000,4.000000,5.000000,5.000000,96.000000,96.000000,96.000000,95.000000,95.000000,5.0,37.1285,34.0107,131.6376,134.7554,PENDING_AG03,FALSE,NOT_FOR_ENFORCEMENT,162.0155,234591.6392,168.7661,162.0155,6.7506,0.00062781,0.00060270,6.7506,162.0155,0.00060270,6.7506,6.7506,6.7506,8.4383,8.4383,162.0155,0.00060270,37.1285,34.0107,131.6376,134.7554,0.00048969,0.00050129,0.00002511,43.0246,43.5591,0.0301,2.0581,0.0627,3278.2661,68.4146,17.6798,46.9397,25.7155,39.4976,52.6635,77.1466,82.2897,128.5777,31.4111,0.0,2.083411,3.25533,1.089297,30,192,222,8,0.05498276,0.00062781,0.08642944,0E-8,0.000000,0.909041,0.000000,-0.09079372,2026-03-23,2026-08-06,82,2690,1181,137,0.598540,0.376650,0.410924,0.183276,,,,,,,,GLOBAL_BASELINE_NO_ENTITY_RANKING,,,NOT_APPLICABLE_GLOBAL_BASELINE,HF9g-P5,,,,X 全窗基线 · 不参与实体赏罚,6876704,688,A168_HF9F_20260827_0900,2026-08-27 09:00:00
2026-03-25,70460261,2234,0,121.1259446508,57.5348237091,57.5348237091,1.0000000,2,2,0.50665070000000000,0.506650700000,0.9867858985152569,0.9867858985152569,0.9867858985152569,0E-17,ELIGIBLE,R03b_20260811_FULL_v1,L1_ELIGIBILITY,v2026-08-11,2026-03-21..2026-08-06,baccarat_bet02_101_all_pairs_incl_sentinel,round_win = game_pnl > 0 (decisive only),COMPATIBILITY_ONLY_NOT_PRODUCTION,268817.8208,244366.2908,168.7661,6248,5610,-0.00062781,-0.08642944,0.00436428,-0.00062781,-168.7661,268817.8208,OK,0.0000,6.7506,4.0000,96.0000,AG03-UNRESOLVED,ALL5_LEVELS_bet23_to_bet27,6.7506,6.7506,6.7506,8.4383,8.4383,4.000000,4.000000,4.000000,5.000000,5.000000,96.000000,96.000000,96.000000,95.000000,95.000000,5.0,37.1285,34.0107,131.6376,134.7554,PENDING_AG03,FALSE,NOT_FOR_ENFORCEMENT,162.0155,234591.6392,168.7661,162.0155,6.7506,0.00062781,0.00060270,6.7506,162.0155,0.00060270,6.7506,6.7506,6.7506,8.4383,8.4383,162.0155,0.00060270,37.1285,34.0107,131.6376,134.7554,0.00048969,0.00050129,0.00002511,43.0246,43.5591,0.0301,2.0581,0.0627,3278.2661,68.4146,17.6798,46.9397,25.7155,39.4976,52.6635,77.1466,82.2897,128.5777,31.4111,0.0,2.083411,3.25533,1.089297,30,192,222,8,0.05498276,0.00062781,0.08642944,0E-8,0.000000,0.909041,0.000000,-0.09079372,2026-03-23,2026-08-06,82,2690,1181,137,0.598540,0.376650,0.410924,0.183276,,,,,,,,GLOBAL_BASELINE_NO_ENTITY_RANKING,,,NOT_APPLICABLE_GLOBAL_BASELINE,HF9g-P5,,,,X 全窗基线 · 不参与实体赏罚,6876705,688,A168_HF9F_20260827_0900,2026-08-27 09:00:00
2026-03-25,70460261,2235,0,76.3620085842,23.6985543882,23.6985543882,0.5000000,2,2,0.49994810000000000,0.499948100000,0.00014679536856514622,0.00014679536856514622,0.00014679536856514622,0E-17,ELIGIBLE,R03b_20260811_FULL_v1,L1_ELIGIBILITY,v2026-08-11,2026-03-21..2026-08-06,baccarat_bet02_101_all_pairs_incl_sentinel,round_win = game_pnl > 0 (decisive only),COMPATIBILITY_ONLY_NOT_PRODUCTION,268817.8208,244366.2908,168.7661,6248,5610,-0.00062781,-0.08642944,0.00436428,-0.00062781,-168.7661,268817.8208,OK,0.0000,6.7506,4.0000,96.0000,AG03-UNRESOLVED,ALL5_LEVELS_bet23_to_bet27,6.7506,6.7506,6.7506,8.4383,8.4383,4.000000,4.000000,4.000000,5.000000,5.000000,96.000000,96.000000,96.000000,95.000000,95.000000,5.0,37.1285,34.0107,131.6376,134.7554,PENDING_AG03,FALSE,NOT_FOR_ENFORCEMENT,162.0155,234591.6392,168.7661,162.0155,6.7506,0.00062781,0.00060270,6.7506,162.0155,0.00060270,6.7506,6.7506,6.7506,8.4383,8.4383,162.0155,0.00060270,37.1285,34.0107,131.6376,134.7554,0.00048969,0.00050129,0.00002511,43.0246,43.5591,0.0301,2.0581,0.0627,3278.2661,68.4146,17.6798,46.9397,25.7155,39.4976,52.6635,77.1466,82.2897,128.5777,31.4111,0.0,2.083411,3.25533,1.089297,30,192,222,8,0.05498276,0.00062781,0.08642944,0E-8,0.000000,0.909041,0.000000,-0.09079372,2026-03-23,2026-08-06,82,2690,1181,137,0.598540,0.376650,0.410924,0.183276,,,,,,,,GLOBAL_BASELINE_NO_ENTITY_RANKING,,,NOT_APPLICABLE_GLOBAL_BASELINE,HF9g-P5,,,,X 全窗基线 · 不参与实体赏罚,6876706,688,A168_HF9F_20260827_0900,2026-08-27 09:00:00
2026-03-25,70460261,2239,0,57.9297996156,30.0181688917,30.0181688917,1.0000000,2,2,0.50665070000000000,0.506650700000,0.9867858985152569,0.9867858985152569,0.9867858985152569,0E-17,ELIGIBLE,R03b_20260811_FULL_v1,L1_ELIGIBILITY,v2026-08-11,2026-03-21..2026-08-06,baccarat_bet02_101_all_pairs_incl_sentinel,round_win = game_pnl > 0 (decisive only),COMPATIBILITY_ONLY_NOT_PRODUCTION,268817.8208,244366.2908,168.7661,6248,5610,-0.00062781,-0.08642944,0.00436428,-0.00062781,-168.7661,268817.8208,OK,0.0000,6.7506,4.0000,96.0000,AG03-UNRESOLVED,ALL5_LEVELS_bet23_to_bet27,6.7506,6.7506,6.7506,8.4383,8.4383,4.000000,4.000000,4.000000,5.000000,5.000000,96.000000,96.000000,96.000000,95.000000,95.000000,5.0,37.1285,34.0107,131.6376,134.7554,PENDING_AG03,FALSE,NOT_FOR_ENFORCEMENT,162.0155,234591.6392,168.7661,162.0155,6.7506,0.00062781,0.00060270,6.7506,162.0155,0.00060270,6.7506,6.7506,6.7506,8.4383,8.4383,162.0155,0.00060270,37.1285,34.0107,131.6376,134.7554,0.00048969,0.00050129,0.00002511,43.0246,43.5591,0.0301,2.0581,0.0627,3278.2661,68.4146,17.6798,46.9397,25.7155,39.4976,52.6635,77.1466,82.2897,128.5777,31.4111,0.0,2.083411,3.25533,1.089297,30,192,222,8,0.05498276,0.00062781,0.08642944,0E-8,0.000000,0.909041,0.000000,-0.09079372,2026-03-23,2026-08-06,82,2690,1181,137,0.598540,0.376650,0.410924,0.183276,,,,,,,,GLOBAL_BASELINE_NO_ENTITY_RANKING,,,NOT_APPLICABLE_GLOBAL_BASELINE,HF9g-P5,,,,X 全窗基线 · 不参与实体赏罚,6876707,688,A168_HF9F_20260827_0900,2026-08-27 09:00:00
2026-03-25,70460261,2242,0,91.8977275720,-91.8977275720,-91.8977275720,0E-7,2,2,0.50665070000000000,0.506650700000,-1.4331513700195317,-1.4331513700195317,-1.4331513700195317,0E-17,ELIGIBLE,R03b_20260811_FULL_v1,L1_ELIGIBILITY,v2026-08-11,2026-03-21..2026-08-06,baccarat_bet02_101_all_pairs_incl_sentinel,round_win = game_pnl > 0 (decisive only),COMPATIBILITY_ONLY_NOT_PRODUCTION,268817.8208,244366.2908,168.7661,6248,5610,-0.00062781,-0.08642944,0.00436428,-0.00062781,-168.7661,268817.8208,OK,0.0000,6.7506,4.0000,96.0000,AG03-UNRESOLVED,ALL5_LEVELS_bet23_to_bet27,6.7506,6.7506,6.7506,8.4383,8.4383,4.000000,4.000000,4.000000,5.000000,5.000000,96.000000,96.000000,96.000000,95.000000,95.000000,5.0,37.1285,34.0107,131.6376,134.7554,PENDING_AG03,FALSE,NOT_FOR_ENFORCEMENT,162.0155,234591.6392,168.7661,162.0155,6.7506,0.00062781,0.00060270,6.7506,162.0155,0.00060270,6.7506,6.7506,6.7506,8.4383,8.4383,162.0155,0.00060270,37.1285,34.0107,131.6376,134.7554,0.00048969,0.00050129,0.00002511,43.0246,43.5591,0.0301,2.0581,0.0627,3278.2661,68.4146,17.6798,46.9397,25.7155,39.4976,52.6635,77.1466,82.2897,128.5777,31.4111,0.0,2.083411,3.25533,1.089297,30,192,222,8,0.05498276,0.00062781,0.08642944,0E-8,0.000000,0.909041,0.000000,-0.09079372,2026-03-23,2026-08-06,82,2690,1181,137,0.598540,0.376650,0.410924,0.183276,,,,,,,,GLOBAL_BASELINE_NO_ENTITY_RANKING,,,NOT_APPLICABLE_GLOBAL_BASELINE,HF9g-P5,,,,X 全窗基线 · 不参与实体赏罚,6876708,688,A168_HF9F_20260827_0900,2026-08-27 09:00:00
2026-03-25,70460261,2244,0,52.6634541960,50.0302814862,50.0302814862,1.0000000,1,1,0.50665070000000000,0.506650700000,0.9867858985152569,0.9867858985152569,0.9867858985152569,0E-17,ELIGIBLE,R03b_20260811_FULL_v1,L1_ELIGIBILITY,v2026-08-11,2026-03-21..2026-08-06,baccarat_bet02_101_all_pairs_incl_sentinel,round_win = game_pnl > 0 (decisive only),COMPATIBILITY_ONLY_NOT_PRODUCTION,268817.8208,244366.2908,168.7661,6248,5610,-0.00062781,-0.08642944,0.00436428,-0.00062781,-168.7661,268817.8208,OK,0.0000,6.7506,4.0000,96.0000,AG03-UNRESOLVED,ALL5_LEVELS_bet23_to_bet27,6.7506,6.7506,6.7506,8.4383,8.4383,4.000000,4.000000,4.000000,5.000000,5.000000,96.000000,96.000000,96.000000,95.000000,95.000000,5.0,37.1285,34.0107,131.6376,134.7554,PENDING_AG03,FALSE,NOT_FOR_ENFORCEMENT,162.0155,234591.6392,168.7661,162.0155,6.7506,0.00062781,0.00060270,6.7506,162.0155,0.00060270,6.7506,6.7506,6.7506,8.4383,8.4383,162.0155,0.00060270,37.1285,34.0107,131.6376,134.7554,0.00048969,0.00050129,0.00002511,43.0246,43.5591,0.0301,2.0581,0.0627,3278.2661,68.4146,17.6798,46.9397,25.7155,39.4976,52.6635,77.1466,82.2897,128.5777,31.4111,0.0,2.083411,3.25533,1.089297,30,192,222,8,0.05498276,0.00062781,0.08642944,0E-8,0.000000,0.909041,0.000000,-0.09079372,2026-03-23,2026-08-06,82,2690,1181,137,0.598540,0.376650,0.410924,0.183276,,,,,,,,GLOBAL_BASELINE_NO_ENTITY_RANKING,,,NOT_APPLICABLE_GLOBAL_BASELINE,HF9g-P5,,,,X 全窗基线 · 不参与实体赏罚,6876709,688,A168_HF9F_20260827_0900,2026-08-27 09:00:00
2026-03-25,70460261,2246,0,144.8244990389,9.2161044842,9.2161044842,0.3333333,3,3,0.50665070000000000,0.506650700000,-0.6004420894325239,-0.6004420894325239,-0.6004420894325239,0E-17,ELIGIBLE,R03b_20260811_FULL_v1,L1_ELIGIBILITY,v2026-08-11,2026-03-21..2026-08-06,baccarat_bet02_101_all_pairs_incl_sentinel,round_win = game_pnl > 0 (decisive only),COMPATIBILITY_ONLY_NOT_PRODUCTION,268817.8208,244366.2908,168.7661,6248,5610,-0.00062781,-0.08642944,0.00436428,-0.00062781,-168.7661,268817.8208,OK,0.0000,6.7506,4.0000,96.0000,AG03-UNRESOLVED,ALL5_LEVELS_bet23_to_bet27,6.7506,6.7506,6.7506,8.4383,8.4383,4.000000,4.000000,4.000000,5.000000,5.000000,96.000000,96.000000,96.000000,95.000000,95.000000,5.0,37.1285,34.0107,131.6376,134.7554,PENDING_AG03,FALSE,NOT_FOR_ENFORCEMENT,162.0155,234591.6392,168.7661,162.0155,6.7506,0.00062781,0.00060270,6.7506,162.0155,0.00060270,6.7506,6.7506,6.7506,8.4383,8.4383,162.0155,0.00060270,37.1285,34.0107,131.6376,134.7554,0.00048969,0.00050129,0.00002511,43.0246,43.5591,0.0301,2.0581,0.0627,3278.2661,68.4146,17.6798,46.9397,25.7155,39.4976,52.6635,77.1466,82.2897,128.5777,31.4111,0.0,2.083411,3.25533,1.089297,30,192,222,8,0.05498276,0.00062781,0.08642944,0E-8,0.000000,0.909041,0.000000,-0.09079372,2026-03-23,2026-08-06,82,2690,1181,137,0.598540,0.376650,0.410924,0.183276,,,,,,,,GLOBAL_BASELINE_NO_ENTITY_RANKING,,,NOT_APPLICABLE_GLOBAL_BASELINE,HF9g-P5,,,,X 全窗基线 · 不参与实体赏罚,6876710,688,A168_HF9F_20260827_0900,2026-08-27 09:00:00
2026-03-25,70460261,2248,0,50.0302814862,-50.0302814862,-50.0302814862,0E-7,1,1,0.50665070000000000,0.506650700000,-1.013391052207602,-1.013391052207602,-1.013391052207602,0E-17,ELIGIBLE,R03b_20260811_FULL_v1,L1_ELIGIBILITY,v2026-08-11,2026-03-21..2026-08-06,baccarat_bet02_101_all_pairs_incl_sentinel,round_win = game_pnl > 0 (decisive only),COMPATIBILITY_ONLY_NOT_PRODUCTION,268817.8208,244366.2908,168.7661,6248,5610,-0.00062781,-0.08642944,0.00436428,-0.00062781,-168.7661,268817.8208,OK,0.0000,6.7506,4.0000,96.0000,AG03-UNRESOLVED,ALL5_LEVELS_bet23_to_bet27,6.7506,6.7506,6.7506,8.4383,8.4383,4.000000,4.000000,4.000000,5.000000,5.000000,96.000000,96.000000,96.000000,95.000000,95.000000,5.0,37.1285,34.0107,131.6376,134.7554,PENDING_AG03,FALSE,NOT_FOR_ENFORCEMENT,162.0155,234591.6392,168.7661,162.0155,6.7506,0.00062781,0.00060270,6.7506,162.0155,0.00060270,6.7506,6.7506,6.7506,8.4383,8.4383,162.0155,0.00060270,37.1285,34.0107,131.6376,134.7554,0.00048969,0.00050129,0.00002511,43.0246,43.5591,0.0301,2.0581,0.0627,3278.2661,68.4146,17.6798,46.9397,25.7155,39.4976,52.6635,77.1466,82.2897,128.5777,31.4111,0.0,2.083411,3.25533,1.089297,30,192,222,8,0.05498276,0.00062781,0.08642944,0E-8,0.000000,0.909041,0.000000,-0.09079372,2026-03-23,2026-08-06,82,2690,1181,137,0.598540,0.376650,0.410924,0.183276,,,,,,,,GLOBAL_BASELINE_NO_ENTITY_RANKING,,,NOT_APPLICABLE_GLOBAL_BASELINE,HF9g-P5,,,,X 全窗基线 · 不参与实体赏罚,6876711,688,A168_HF9F_20260827_0900,2026-08-27 09:00:00
2026-03-25,70460261,2250,0,52.6634541960,-52.6634541960,-52.6634541960,0E-7,2,2,0.50665070000000000,0.506650700000,-1.4331513700195317,-1.4331513700195317,-1.4331513700195317,0E-17,ELIGIBLE,R03b_20260811_FULL_v1,L1_ELIGIBILITY,v2026-08-11,2026-03-21..2026-08-06,baccarat_bet02_101_all_pairs_incl_sentinel,round_win = game_pnl > 0 (decisive only),COMPATIBILITY_ONLY_NOT_PRODUCTION,268817.8208,244366.2908,168.7661,6248,5610,-0.00062781,-0.08642944,0.00436428,-0.00062781,-168.7661,268817.8208,OK,0.0000,6.7506,4.0000,96.0000,AG03-UNRESOLVED,ALL5_LEVELS_bet23_to_bet27,6.7506,6.7506,6.7506,8.4383,8.4383,4.000000,4.000000,4.000000,5.000000,5.000000,96.000000,96.000000,96.000000,95.000000,95.000000,5.0,37.1285,34.0107,131.6376,134.7554,PENDING_AG03,FALSE,NOT_FOR_ENFORCEMENT,162.0155,234591.6392,168.7661,162.0155,6.7506,0.00062781,0.00060270,6.7506,162.0155,0.00060270,6.7506,6.7506,6.7506,8.4383,8.4383,162.0155,0.00060270,37.1285,34.0107,131.6376,134.7554,0.00048969,0.00050129,0.00002511,43.0246,43.5591,0.0301,2.0581,0.0627,3278.2661,68.4146,17.6798,46.9397,25.7155,39.4976,52.6635,77.1466,82.2897,128.5777,31.4111,0.0,2.083411,3.25533,1.089297,30,192,222,8,0.05498276,0.00062781,0.08642944,0E-8,0.000000,0.909041,0.000000,-0.09079372,2026-03-23,2026-08-06,82,2690,1181,137,0.598540,0.376650,0.410924,0.183276,,,,,,,,GLOBAL_BASELINE_NO_ENTITY_RANKING,,,NOT_APPLICABLE_GLOBAL_BASELINE,HF9g-P5,,,,X 全窗基线 · 不参与实体赏罚,6876712,688,A168_HF9F_20260827_0900,2026-08-27 09:00:00
2026-03-25,70460261,2254,0,114.2796956053,108.5657108250,108.5657108250,1.0000000,3,3,0.50665070000000000,0.506650700000,1.7091633124209307,1.7091633124209307,1.7091633124209307,0E-17,ELIGIBLE,R03b_20260811_FULL_v1,L1_ELIGIBILITY,v2026-08-11,2026-03-21..2026-08-06,baccarat_bet02_101_all_pairs_incl_sentinel,round_win = game_pnl > 0 (decisive only),COMPATIBILITY_ONLY_NOT_PRODUCTION,268817.8208,244366.2908,168.7661,6248,5610,-0.00062781,-0.08642944,0.00436428,-0.00062781,-168.7661,268817.8208,OK,0.0000,6.7506,4.0000,96.0000,AG03-UNRESOLVED,ALL5_LEVELS_bet23_to_bet27,6.7506,6.7506,6.7506,8.4383,8.4383,4.000000,4.000000,4.000000,5.000000,5.000000,96.000000,96.000000,96.000000,95.000000,95.000000,5.0,37.1285,34.0107,131.6376,134.7554,PENDING_AG03,FALSE,NOT_FOR_ENFORCEMENT,162.0155,234591.6392,168.7661,162.0155,6.7506,0.00062781,0.00060270,6.7506,162.0155,0.00060270,6.7506,6.7506,6.7506,8.4383,8.4383,162.0155,0.00060270,37.1285,34.0107,131.6376,134.7554,0.00048969,0.00050129,0.00002511,43.0246,43.5591,0.0301,2.0581,0.0627,3278.2661,68.4146,17.6798,46.9397,25.7155,39.4976,52.6635,77.1466,82.2897,128.5777,31.4111,0.0,2.083411,3.25533,1.089297,30,192,222,8,0.05498276,0.00062781,0.08642944,0E-8,0.000000,0.909041,0.000000,-0.09079372,2026-03-23,2026-08-06,82,2690,1181,137,0.598540,0.376650,0.410924,0.183276,,,,,,,,GLOBAL_BASELINE_NO_ENTITY_RANKING,,,NOT_APPLICABLE_GLOBAL_BASELINE,HF9g-P5,,,,X 全窗基线 · 不参与实体赏罚,6876713,688,A168_HF9F_20260827_0900,2026-08-27 09:00:00
2026-03-25,70460261,2256,0,92.1610448430,-92.1610448430,-92.1610448430,0E-7,3,3,0.50665070000000000,0.506650700000,-1.7552447903592512,-1.7552447903592512,-1.7552447903592512,0E-17,ELIGIBLE,R03b_20260811_FULL_v1,L1_ELIGIBILITY,v2026-08-11,2026-03-21..2026-08-06,baccarat_bet02_101_all_pairs_incl_sentinel,round_win = game_pnl > 0 (decisive only),COMPATIBILITY_ONLY_NOT_PRODUCTION,268817.8208,244366.2908,168.7661,6248,5610,-0.00062781,-0.08642944,0.00436428,-0.00062781,-168.7661,268817.8208,OK,0.0000,6.7506,4.0000,96.0000,AG03-UNRESOLVED,ALL5_LEVELS_bet23_to_bet27,6.7506,6.7506,6.7506,8.4383,8.4383,4.000000,4.000000,4.000000,5.000000,5.000000,96.000000,96.000000,96.000000,95.000000,95.000000,5.0,37.1285,34.0107,131.6376,134.7554,PENDING_AG03,FALSE,NOT_FOR_ENFORCEMENT,162.0155,234591.6392,168.7661,162.0155,6.7506,0.00062781,0.00060270,6.7506,162.0155,0.00060270,6.7506,6.7506,6.7506,8.4383,8.4383,162.0155,0.00060270,37.1285,34.0107,131.6376,134.7554,0.00048969,0.00050129,0.00002511,43.0246,43.5591,0.0301,2.0581,0.0627,3278.2661,68.4146,17.6798,46.9397,25.7155,39.4976,52.6635,77.1466,82.2897,128.5777,31.4111,0.0,2.083411,3.25533,1.089297,30,192,222,8,0.05498276,0.00062781,0.08642944,0E-8,0.000000,0.909041,0.000000,-0.09079372,2026-03-23,2026-08-06,82,2690,1181,137,0.598540,0.376650,0.410924,0.183276,,,,,,,,GLOBAL_BASELINE_NO_ENTITY_RANKING,,,NOT_APPLICABLE_GLOBAL_BASELINE,HF9g-P5,,,,X 全窗基线 · 不参与实体赏罚,6876714,688,A168_HF9F_20260827_0900,2026-08-27 09:00:00
2026-03-25,70460261,2264,0,65.8293177450,62.5378518577,62.5378518577,1.0000000,1,1,0.50665070000000000,0.506650700000,0.9867858985152569,0.9867858985152569,0.9867858985152569,0E-17,ELIGIBLE,R03b_20260811_FULL_v1,L1_ELIGIBILITY,v2026-08-11,2026-03-21..2026-08-06,baccarat_bet02_101_all_pairs_incl_sentinel,round_win = game_pnl > 0 (decisive only),COMPATIBILITY_ONLY_NOT_PRODUCTION,268817.8208,244366.2908,168.7661,6248,5610,-0.00062781,-0.08642944,0.00436428,-0.00062781,-168.7661,268817.8208,OK,0.0000,6.7506,4.0000,96.0000,AG03-UNRESOLVED,ALL5_LEVELS_bet23_to_bet27,6.7506,6.7506,6.7506,8.4383,8.4383,4.000000,4.000000,4.000000,5.000000,5.000000,96.000000,96.000000,96.000000,95.000000,95.000000,5.0,37.1285,34.0107,131.6376,134.7554,PENDING_AG03,FALSE,NOT_FOR_ENFORCEMENT,162.0155,234591.6392,168.7661,162.0155,6.7506,0.00062781,0.00060270,6.7506,162.0155,0.00060270,6.7506,6.7506,6.7506,8.4383,8.4383,162.0155,0.00060270,37.1285,34.0107,131.6376,134.7554,0.00048969,0.00050129,0.00002511,43.0246,43.5591,0.0301,2.0581,0.0627,3278.2661,68.4146,17.6798,46.9397,25.7155,39.4976,52.6635,77.1466,82.2897,128.5777,31.4111,0.0,2.083411,3.25533,1.089297,30,192,222,8,0.05498276,0.00062781,0.08642944,0E-8,0.000000,0.909041,0.000000,-0.09079372,2026-03-23,2026-08-06,82,2690,1181,137,0.598540,0.376650,0.410924,0.183276,,,,,,,,GLOBAL_BASELINE_NO_ENTITY_RANKING,,,NOT_APPLICABLE_GLOBAL_BASELINE,HF9g-P5,,,,X 全窗基线 · 不参与实体赏罚,6876715,688,A168_HF9F_20260827_0900,2026-08-27 09:00:00
2026-03-25,70460261,526,0,105.3269083920,-2.6331727098,-2.6331727098,0.5000000,2,2,0.50665070000000000,0.506650700000,-0.018812684590367487,-0.018812684590367487,-0.018812684590367487,0E-17,ELIGIBLE,R03b_20260811_FULL_v1,L1_ELIGIBILITY,v2026-08-11,2026-03-21..2026-08-06,baccarat_bet02_101_all_pairs_incl_sentinel,round_win = game_pnl > 0 (decisive only),COMPATIBILITY_ONLY_NOT_PRODUCTION,268817.8208,244366.2908,168.7661,6248,5610,-0.00062781,-0.08642944,0.00436428,-0.00062781,-168.7661,268817.8208,OK,0.0000,6.7506,4.0000,96.0000,AG03-UNRESOLVED,ALL5_LEVELS_bet23_to_bet27,6.7506,6.7506,6.7506,8.4383,8.4383,4.000000,4.000000,4.000000,5.000000,5.000000,96.000000,96.000000,96.000000,95.000000,95.000000,5.0,37.1285,34.0107,131.6376,134.7554,PENDING_AG03,FALSE,NOT_FOR_ENFORCEMENT,162.0155,234591.6392,168.7661,162.0155,6.7506,0.00062781,0.00060270,6.7506,162.0155,0.00060270,6.7506,6.7506,6.7506,8.4383,8.4383,162.0155,0.00060270,37.1285,34.0107,131.6376,134.7554,0.00048969,0.00050129,0.00002511,43.0246,43.5591,0.0301,2.0581,0.0627,3278.2661,68.4146,17.6798,46.9397,25.7155,39.4976,52.6635,77.1466,82.2897,128.5777,31.4111,0.0,2.083411,3.25533,1.089297,30,192,222,8,0.05498276,0.00062781,0.08642944,0E-8,0.000000,0.909041,0.000000,-0.09079372,2026-03-23,2026-08-06,82,2690,1181,137,0.598540,0.376650,0.410924,0.183276,,,,,,,,GLOBAL_BASELINE_NO_ENTITY_RANKING,,,NOT_APPLICABLE_GLOBAL_BASELINE,HF9g-P5,,,,X 全窗基线 · 不参与实体赏罚,6876716,688,A168_HF9F_20260827_0900,2026-08-27 09:00:00
2026-03-25,70460261,550,0,142.1913263292,-38.8392974696,-38.8392974696,0.3333333,4,4,0.50665070000000000,0.506650700000,-0.6004420894325239,-0.6004420894325239,-0.6004420894325239,0E-17,ELIGIBLE,R03b_20260811_FULL_v1,L1_ELIGIBILITY,v2026-08-11,2026-03-21..2026-08-06,baccarat_bet02_101_all_pairs_incl_sentinel,round_win = game_pnl > 0 (decisive only),COMPATIBILITY_ONLY_NOT_PRODUCTION,268817.8208,244366.2908,168.7661,6248,5610,-0.00062781,-0.08642944,0.00436428,-0.00062781,-168.7661,268817.8208,OK,0.0000,6.7506,4.0000,96.0000,AG03-UNRESOLVED,ALL5_LEVELS_bet23_to_bet27,6.7506,6.7506,6.7506,8.4383,8.4383,4.000000,4.000000,4.000000,5.000000,5.000000,96.000000,96.000000,96.000000,95.000000,95.000000,5.0,37.1285,34.0107,131.6376,134.7554,PENDING_AG03,FALSE,NOT_FOR_ENFORCEMENT,162.0155,234591.6392,168.7661,162.0155,6.7506,0.00062781,0.00060270,6.7506,162.0155,0.00060270,6.7506,6.7506,6.7506,8.4383,8.4383,162.0155,0.00060270,37.1285,34.0107,131.6376,134.7554,0.00048969,0.00050129,0.00002511,43.0246,43.5591,0.0301,2.0581,0.0627,3278.2661,68.4146,17.6798,46.9397,25.7155,39.4976,52.6635,77.1466,82.2897,128.5777,31.4111,0.0,2.083411,3.25533,1.089297,30,192,222,8,0.05498276,0.00062781,0.08642944,0E-8,0.000000,0.909041,0.000000,-0.09079372,2026-03-23,2026-08-06,82,2690,1181,137,0.598540,0.376650,0.410924,0.183276,,,,,,,,GLOBAL_BASELINE_NO_ENTITY_RANKING,,,NOT_APPLICABLE_GLOBAL_BASELINE,HF9g-P5,,,,X 全窗基线 · 不参与实体赏罚,6876717,688,A168_HF9F_20260827_0900,2026-08-27 09:00:00
2026-03-25,70460261,752,0,26.3317270980,25.0151407430,25.0151407430,1.0000000,2,2,0.50665070000000000,0.506650700000,1.3955260008387969,1.3955260008387969,1.3955260008387969,0E-17,ELIGIBLE,R03b_20260811_FULL_v1,L1_ELIGIBILITY,v2026-08-11,2026-03-21..2026-08-06,baccarat_bet02_101_all_pairs_incl_sentinel,round_win = game_pnl > 0 (decisive only),COMPATIBILITY_ONLY_NOT_PRODUCTION,268817.8208,244366.2908,168.7661,6248,5610,-0.00062781,-0.08642944,0.00436428,-0.00062781,-168.7661,268817.8208,OK,0.0000,6.7506,4.0000,96.0000,AG03-UNRESOLVED,ALL5_LEVELS_bet23_to_bet27,6.7506,6.7506,6.7506,8.4383,8.4383,4.000000,4.000000,4.000000,5.000000,5.000000,96.000000,96.000000,96.000000,95.000000,95.000000,5.0,37.1285,34.0107,131.6376,134.7554,PENDING_AG03,FALSE,NOT_FOR_ENFORCEMENT,162.0155,234591.6392,168.7661,162.0155,6.7506,0.00062781,0.00060270,6.7506,162.0155,0.00060270,6.7506,6.7506,6.7506,8.4383,8.4383,162.0155,0.00060270,37.1285,34.0107,131.6376,134.7554,0.00048969,0.00050129,0.00002511,43.0246,43.5591,0.0301,2.0581,0.0627,3278.2661,68.4146,17.6798,46.9397,25.7155,39.4976,52.6635,77.1466,82.2897,128.5777,31.4111,0.0,2.083411,3.25533,1.089297,30,192,222,8,0.05498276,0.00062781,0.08642944,0E-8,0.000000,0.909041,0.000000,-0.09079372,2026-03-23,2026-08-06,82,2690,1181,137,0.598540,0.376650,0.410924,0.183276,,,,,,,,GLOBAL_BASELINE_NO_ENTITY_RANKING,,,NOT_APPLICABLE_GLOBAL_BASELINE,HF9g-P5,,,,X 全窗基线 · 不参与实体赏罚,6876718,688,A168_HF9F_20260827_0900,2026-08-27 09:00:00
2026-03-25,70460261,763,0,231.7191984624,-26.3317270980,-26.3317270980,0.3333333,6,6,0.50665070000000000,0.506650700000,-0.8491533462951141,-0.8491533462951141,-0.8491533462951141,0E-17,ELIGIBLE,R03b_20260811_FULL_v1,L1_ELIGIBILITY,v2026-08-11,2026-03-21..2026-08-06,baccarat_bet02_101_all_pairs_incl_sentinel,round_win = game_pnl > 0 (decisive only),COMPATIBILITY_ONLY_NOT_PRODUCTION,268817.8208,244366.2908,168.7661,6248,5610,-0.00062781,-0.08642944,0.00436428,-0.00062781,-168.7661,268817.8208,OK,0.0000,6.7506,4.0000,96.0000,AG03-UNRESOLVED,ALL5_LEVELS_bet23_to_bet27,6.7506,6.7506,6.7506,8.4383,8.4383,4.000000,4.000000,4.000000,5.000000,5.000000,96.000000,96.000000,96.000000,95.000000,95.000000,5.0,37.1285,34.0107,131.6376,134.7554,PENDING_AG03,FALSE,NOT_FOR_ENFORCEMENT,162.0155,234591.6392,168.7661,162.0155,6.7506,0.00062781,0.00060270,6.7506,162.0155,0.00060270,6.7506,6.7506,6.7506,8.4383,8.4383,162.0155,0.00060270,37.1285,34.0107,131.6376,134.7554,0.00048969,0.00050129,0.00002511,43.0246,43.5591,0.0301,2.0581,0.0627,3278.2661,68.4146,17.6798,46.9397,25.7155,39.4976,52.6635,77.1466,82.2897,128.5777,31.4111,0.0,2.083411,3.25533,1.089297,30,192,222,8,0.05498276,0.00062781,0.08642944,0E-8,0.000000,0.909041,0.000000,-0.09079372,2026-03-23,2026-08-06,82,2690,1181,137,0.598540,0.376650,0.410924,0.183276,,,,,,,,GLOBAL_BASELINE_NO_ENTITY_RANKING,,,NOT_APPLICABLE_GLOBAL_BASELINE,HF9g-P5,,,,X 全窗基线 · 不参与实体赏罚,6876719,688,A168_HF9F_20260827_0900,2026-08-27 09:00:00
2026-03-25,70460261,789,0,78.9951812940,50.0302814862,50.0302814862,1.0000000,2,2,0.50665070000000000,0.506650700000,0.9867858985152569,0.9867858985152569,0.9867858985152569,0E-17,ELIGIBLE,R03b_20260811_FULL_v1,L1_ELIGIBILITY,v2026-08-11,2026-03-21..2026-08-06,baccarat_bet02_101_all_pairs_incl_sentinel,round_win = game_pnl > 0 (decisive only),COMPATIBILITY_ONLY_NOT_PRODUCTION,268817.8208,244366.2908,168.7661,6248,5610,-0.00062781,-0.08642944,0.00436428,-0.00062781,-168.7661,268817.8208,OK,0.0000,6.7506,4.0000,96.0000,AG03-UNRESOLVED,ALL5_LEVELS_bet23_to_bet27,6.7506,6.7506,6.7506,8.4383,8.4383,4.000000,4.000000,4.000000,5.000000,5.000000,96.000000,96.000000,96.000000,95.000000,95.000000,5.0,37.1285,34.0107,131.6376,134.7554,PENDING_AG03,FALSE,NOT_FOR_ENFORCEMENT,162.0155,234591.6392,168.7661,162.0155,6.7506,0.00062781,0.00060270,6.7506,162.0155,0.00060270,6.7506,6.7506,6.7506,8.4383,8.4383,162.0155,0.00060270,37.1285,34.0107,131.6376,134.7554,0.00048969,0.00050129,0.00002511,43.0246,43.5591,0.0301,2.0581,0.0627,3278.2661,68.4146,17.6798,46.9397,25.7155,39.4976,52.6635,77.1466,82.2897,128.5777,31.4111,0.0,2.083411,3.25533,1.089297,30,192,222,8,0.05498276,0.00062781,0.08642944,0E-8,0.000000,0.909041,0.000000,-0.09079372,2026-03-23,2026-08-06,82,2690,1181,137,0.598540,0.376650,0.410924,0.183276,,,,,,,,GLOBAL_BASELINE_NO_ENTITY_RANKING,,,NOT_APPLICABLE_GLOBAL_BASELINE,HF9g-P5,,,,X 全窗基线 · 不参与实体赏罚,6876720,688,A168_HF9F_20260827_0900,2026-08-27 09:00:00
2026-03-25,70460261,919,0,123.7591173606,35.4161729467,35.4161729467,0.5000000,4,4,0.50329940000000000,0.503299400000,-0.01319788734859681,-0.01319788734859681,-0.01319788734859681,0E-17,ELIGIBLE,R03b_20260811_FULL_v1,L1_ELIGIBILITY,v2026-08-11,2026-03-21..2026-08-06,baccarat_bet02_101_all_pairs_incl_sentinel,round_win = game_pnl > 0 (decisive only),COMPATIBILITY_ONLY_NOT_PRODUCTION,268817.8208,244366.2908,168.7661,6248,5610,-0.00062781,-0.08642944,0.00436428,-0.00062781,-168.7661,268817.8208,OK,0.0000,6.7506,4.0000,96.0000,AG03-UNRESOLVED,ALL5_LEVELS_bet23_to_bet27,6.7506,6.7506,6.7506,8.4383,8.4383,4.000000,4.000000,4.000000,5.000000,5.000000,96.000000,96.000000,96.000000,95.000000,95.000000,5.0,37.1285,34.0107,131.6376,134.7554,PENDING_AG03,FALSE,NOT_FOR_ENFORCEMENT,162.0155,234591.6392,168.7661,162.0155,6.7506,0.00062781,0.00060270,6.7506,162.0155,0.00060270,6.7506,6.7506,6.7506,8.4383,8.4383,162.0155,0.00060270,37.1285,34.0107,131.6376,134.7554,0.00048969,0.00050129,0.00002511,43.0246,43.5591,0.0301,2.0581,0.0627,3278.2661,68.4146,17.6798,46.9397,25.7155,39.4976,52.6635,77.1466,82.2897,128.5777,31.4111,0.0,2.083411,3.25533,1.089297,30,192,222,8,0.05498276,0.00062781,0.08642944,0E-8,0.000000,0.909041,0.000000,-0.09079372,2026-03-23,2026-08-06,82,2690,1181,137,0.598540,0.376650,0.410924,0.183276,,,,,,,,GLOBAL_BASELINE_NO_ENTITY_RANKING,,,NOT_APPLICABLE_GLOBAL_BASELINE,HF9g-P5,,,,X 全窗基线 · 不参与实体赏罚,6876721,688,A168_HF9F_20260827_0900,2026-08-27 09:00:00
2026-03-25,70460261,925,0,10.5326908392,-10.5326908392,-10.5326908392,0E-7,1,1,0.49324550000000000,0.493245500000,-0.9865810262130424,-0.9865810262130424,-0.9865810262130424,0E-17,ELIGIBLE,R03b_20260811_FULL_v1,L1_ELIGIBILITY,v2026-08-11,2026-03-21..2026-08-06,baccarat_bet02_101_all_pairs_incl_sentinel,round_win = game_pnl > 0 (decisive only),COMPATIBILITY_ONLY_NOT_PRODUCTION,268817.8208,244366.2908,168.7661,6248,5610,-0.00062781,-0.08642944,0.00436428,-0.00062781,-168.7661,268817.8208,OK,0.0000,6.7506,4.0000,96.0000,AG03-UNRESOLVED,ALL5_LEVELS_bet23_to_bet27,6.7506,6.7506,6.7506,8.4383,8.4383,4.000000,4.000000,4.000000,5.000000,5.000000,96.000000,96.000000,96.000000,95.000000,95.000000,5.0,37.1285,34.0107,131.6376,134.7554,PENDING_AG03,FALSE,NOT_FOR_ENFORCEMENT,162.0155,234591.6392,168.7661,162.0155,6.7506,0.00062781,0.00060270,6.7506,162.0155,0.00060270,6.7506,6.7506,6.7506,8.4383,8.4383,162.0155,0.00060270,37.1285,34.0107,131.6376,134.7554,0.00048969,0.00050129,0.00002511,43.0246,43.5591,0.0301,2.0581,0.0627,3278.2661,68.4146,17.6798,46.9397,25.7155,39.4976,52.6635,77.1466,82.2897,128.5777,31.4111,0.0,2.083411,3.25533,1.089297,30,192,222,8,0.05498276,0.00062781,0.08642944,0E-8,0.000000,0.909041,0.000000,-0.09079372,2026-03-23,2026-08-06,82,2690,1181,137,0.598540,0.376650,0.410924,0.183276,,,,,,,,GLOBAL_BASELINE_NO_ENTITY_RANKING,,,NOT_APPLICABLE_GLOBAL_BASELINE,HF9g-P5,,,,X 全窗基线 · 不参与实体赏罚,6876722,688,A168_HF9F_20260827_0900,2026-08-27 09:00:00
2026-03-25,70460261,986,0,218.5533349133,63.8544382125,63.8544382125,0.5000000,6,6,0.50441650000000000,0.504416500000,-0.02163718700157003,-0.02163718700157003,-0.02163718700157003,0E-17,ELIGIBLE,R03b_20260811_FULL_v1,L1_ELIGIBILITY,v2026-08-11,2026-03-21..2026-08-06,baccarat_bet02_101_all_pairs_incl_sentinel,round_win = game_pnl > 0 (decisive only),COMPATIBILITY_ONLY_NOT_PRODUCTION,268817.8208,244366.2908,168.7661,6248,5610,-0.00062781,-0.08642944,0.00436428,-0.00062781,-168.7661,268817.8208,OK,0.0000,6.7506,4.0000,96.0000,AG03-UNRESOLVED,ALL5_LEVELS_bet23_to_bet27,6.7506,6.7506,6.7506,8.4383,8.4383,4.000000,4.000000,4.000000,5.000000,5.000000,96.000000,96.000000,96.000000,95.000000,95.000000,5.0,37.1285,34.0107,131.6376,134.7554,PENDING_AG03,FALSE,NOT_FOR_ENFORCEMENT,162.0155,234591.6392,168.7661,162.0155,6.7506,0.00062781,0.00060270,6.7506,162.0155,0.00060270,6.7506,6.7506,6.7506,8.4383,8.4383,162.0155,0.00060270,37.1285,34.0107,131.6376,134.7554,0.00048969,0.00050129,0.00002511,43.0246,43.5591,0.0301,2.0581,0.0627,3278.2661,68.4146,17.6798,46.9397,25.7155,39.4976,52.6635,77.1466,82.2897,128.5777,31.4111,0.0,2.083411,3.25533,1.089297,30,192,222,8,0.05498276,0.00062781,0.08642944,0E-8,0.000000,0.909041,0.000000,-0.09079372,2026-03-23,2026-08-06,82,2690,1181,137,0.598540,0.376650,0.410924,0.183276,,,,,,,,GLOBAL_BASELINE_NO_ENTITY_RANKING,,,NOT_APPLICABLE_GLOBAL_BASELINE,HF9g-P5,,,,X 全窗基线 · 不参与实体赏罚,6876723,688,A168_HF9F_20260827_0900,2026-08-27 09:00:00
2026-03-25,70460261,987,0,105.3269083919,25.0151407431,25.0151407431,1.0000000,2,2,0.50665070000000000,0.506650700000,0.9867858985152569,0.9867858985152569,0.9867858985152569,0E-17,ELIGIBLE,R03b_20260811_FULL_v1,L1_ELIGIBILITY,v2026-08-11,2026-03-21..2026-08-06,baccarat_bet02_101_all_pairs_incl_sentinel,round_win = game_pnl > 0 (decisive only),COMPATIBILITY_ONLY_NOT_PRODUCTION,268817.8208,244366.2908,168.7661,6248,5610,-0.00062781,-0.08642944,0.00436428,-0.00062781,-168.7661,268817.8208,OK,0.0000,6.7506,4.0000,96.0000,AG03-UNRESOLVED,ALL5_LEVELS_bet23_to_bet27,6.7506,6.7506,6.7506,8.4383,8.4383,4.000000,4.000000,4.000000,5.000000,5.000000,96.000000,96.000000,96.000000,95.000000,95.000000,5.0,37.1285,34.0107,131.6376,134.7554,PENDING_AG03,FALSE,NOT_FOR_ENFORCEMENT,162.0155,234591.6392,168.7661,162.0155,6.7506,0.00062781,0.00060270,6.7506,162.0155,0.00060270,6.7506,6.7506,6.7506,8.4383,8.4383,162.0155,0.00060270,37.1285,34.0107,131.6376,134.7554,0.00048969,0.00050129,0.00002511,43.0246,43.5591,0.0301,2.0581,0.0627,3278.2661,68.4146,17.6798,46.9397,25.7155,39.4976,52.6635,77.1466,82.2897,128.5777,31.4111,0.0,2.083411,3.25533,1.089297,30,192,222,8,0.05498276,0.00062781,0.08642944,0E-8,0.000000,0.909041,0.000000,-0.09079372,2026-03-23,2026-08-06,82,2690,1181,137,0.598540,0.376650,0.410924,0.183276,,,,,,,,GLOBAL_BASELINE_NO_ENTITY_RANKING,,,NOT_APPLICABLE_GLOBAL_BASELINE,HF9g-P5,,,,X 全窗基线 · 不参与实体赏罚,6876724,688,A168_HF9F_20260827_0900,2026-08-27 09:00:00
2026-03-25,70460261,994,0,155.3571898781,-155.3571898781,-155.3571898781,0E-7,3,3,0.50218230000000000,0.502182300000,-1.7396270863184011,-1.7396270863184016,-1.7396270863184011,0E-17,ELIGIBLE,R03b_20260811_FULL_v1,L1_ELIGIBILITY,v2026-08-11,2026-03-21..2026-08-06,baccarat_bet02_101_all_pairs_incl_sentinel,round_win = game_pnl > 0 (decisive only),COMPATIBILITY_ONLY_NOT_PRODUCTION,268817.8208,244366.2908,168.7661,6248,5610,-0.00062781,-0.08642944,0.00436428,-0.00062781,-168.7661,268817.8208,OK,0.0000,6.7506,4.0000,96.0000,AG03-UNRESOLVED,ALL5_LEVELS_bet23_to_bet27,6.7506,6.7506,6.7506,8.4383,8.4383,4.000000,4.000000,4.000000,5.000000,5.000000,96.000000,96.000000,96.000000,95.000000,95.000000,5.0,37.1285,34.0107,131.6376,134.7554,PENDING_AG03,FALSE,NOT_FOR_ENFORCEMENT,162.0155,234591.6392,168.7661,162.0155,6.7506,0.00062781,0.00060270,6.7506,162.0155,0.00060270,6.7506,6.7506,6.7506,8.4383,8.4383,162.0155,0.00060270,37.1285,34.0107,131.6376,134.7554,0.00048969,0.00050129,0.00002511,43.0246,43.5591,0.0301,2.0581,0.0627,3278.2661,68.4146,17.6798,46.9397,25.7155,39.4976,52.6635,77.1466,82.2897,128.5777,31.4111,0.0,2.083411,3.25533,1.089297,30,192,222,8,0.05498276,0.00062781,0.08642944,0E-8,0.000000,0.909041,0.000000,-0.09079372,2026-03-23,2026-08-06,82,2690,1181,137,0.598540,0.376650,0.410924,0.183276,,,,,,,,GLOBAL_BASELINE_NO_ENTITY_RANKING,,,NOT_APPLICABLE_GLOBAL_BASELINE,HF9g-P5,,,,X 全窗基线 · 不参与实体赏罚,6876725,688,A168_HF9F_20260827_0900,2026-08-27 09:00:00
2026-03-26,70460261,-1,1,8300.2870158289,523.4615688440,523.4615688440,0.5668790,179,179,0.50477846536312849,0.504778465363,1.5563055327556705,1.5563055327588868,1.5563055327556705,1.2849E-13,SENTINEL_DEALER,R03b_20260811_FULL_v1,L1_ELIGIBILITY,v2026-08-11,2026-03-21..2026-08-06,baccarat_bet02_101_all_pairs_incl_sentinel,round_win = game_pnl > 0 (decisive only),COMPATIBILITY_ONLY_NOT_PRODUCTION,268817.8208,244366.2908,168.7661,6248,5610,-0.00062781,-0.08642944,0.00436428,-0.00062781,-168.7661,268817.8208,OK,0.0000,6.7506,4.0000,96.0000,AG03-UNRESOLVED,ALL5_LEVELS_bet23_to_bet27,6.7506,6.7506,6.7506,8.4383,8.4383,4.000000,4.000000,4.000000,5.000000,5.000000,96.000000,96.000000,96.000000,95.000000,95.000000,5.0,37.1285,34.0107,131.6376,134.7554,PENDING_AG03,FALSE,NOT_FOR_ENFORCEMENT,162.0155,234591.6392,168.7661,162.0155,6.7506,0.00062781,0.00060270,6.7506,162.0155,0.00060270,6.7506,6.7506,6.7506,8.4383,8.4383,162.0155,0.00060270,37.1285,34.0107,131.6376,134.7554,0.00048969,0.00050129,0.00002511,43.0246,43.5591,0.0301,2.0581,0.0627,3278.2661,68.4146,17.6798,46.9397,25.7155,39.4976,52.6635,77.1466,82.2897,128.5777,31.4111,0.0,2.083411,3.25533,1.089297,30,192,222,8,0.05498276,0.00062781,0.08642944,0E-8,0.000000,0.909041,0.000000,-0.09079372,2026-03-23,2026-08-06,82,2690,1181,137,0.598540,0.376650,0.410924,0.183276,,,,,,,,GLOBAL_BASELINE_NO_ENTITY_RANKING,,,NOT_APPLICABLE_GLOBAL_BASELINE,HF9g-P5,,,,X 全窗基线 · 不参与实体赏罚,6876726,688,A168_HF9F_20260827_0900,2026-08-27 09:00:00
2026-03-26,70460261,1004,0,243.3051583854,49.7143007610,49.7143007610,0.6666667,7,7,0.50473567142857143,0.504735671429,0.7933322080094374,0.7933322080073443,0.7933322080094374,-4.2857E-13,ELIGIBLE,R03b_20260811_FULL_v1,L1_ELIGIBILITY,v2026-08-11,2026-03-21..2026-08-06,baccarat_bet02_101_all_pairs_incl_sentinel,round_win = game_pnl > 0 (decisive only),COMPATIBILITY_ONLY_NOT_PRODUCTION,268817.8208,244366.2908,168.7661,6248,5610,-0.00062781,-0.08642944,0.00436428,-0.00062781,-168.7661,268817.8208,OK,0.0000,6.7506,4.0000,96.0000,AG03-UNRESOLVED,ALL5_LEVELS_bet23_to_bet27,6.7506,6.7506,6.7506,8.4383,8.4383,4.000000,4.000000,4.000000,5.000000,5.000000,96.000000,96.000000,96.000000,95.000000,95.000000,5.0,37.1285,34.0107,131.6376,134.7554,PENDING_AG03,FALSE,NOT_FOR_ENFORCEMENT,162.0155,234591.6392,168.7661,162.0155,6.7506,0.00062781,0.00060270,6.7506,162.0155,0.00060270,6.7506,6.7506,6.7506,8.4383,8.4383,162.0155,0.00060270,37.1285,34.0107,131.6376,134.7554,0.00048969,0.00050129,0.00002511,43.0246,43.5591,0.0301,2.0581,0.0627,3278.2661,68.4146,17.6798,46.9397,25.7155,39.4976,52.6635,77.1466,82.2897,128.5777,31.4111,0.0,2.083411,3.25533,1.089297,30,192,222,8,0.05498276,0.00062781,0.08642944,0E-8,0.000000,0.909041,0.000000,-0.09079372,2026-03-23,2026-08-06,82,2690,1181,137,0.598540,0.376650,0.410924,0.183276,,,,,,,,GLOBAL_BASELINE_NO_ENTITY_RANKING,,,NOT_APPLICABLE_GLOBAL_BASELINE,HF9g-P5,,,,X 全窗基线 · 不参与实体赏罚,6876727,688,A168_HF9F_20260827_0900,2026-08-27 09:00:00
2026-03-26,70460261,1007,0,15.7990362588,-15.7990362588,-15.7990362588,0E-7,1,1,0.50665070000000000,0.506650700000,-1.013391052207602,-1.013391052207602,-1.013391052207602,0E-17,ELIGIBLE,R03b_20260811_FULL_v1,L1_ELIGIBILITY,v2026-08-11,2026-03-21..2026-08-06,baccarat_bet02_101_all_pairs_incl_sentinel,round_win = game_pnl > 0 (decisive only),COMPATIBILITY_ONLY_NOT_PRODUCTION,268817.8208,244366.2908,168.7661,6248,5610,-0.00062781,-0.08642944,0.00436428,-0.00062781,-168.7661,268817.8208,OK,0.0000,6.7506,4.0000,96.0000,AG03-UNRESOLVED,ALL5_LEVELS_bet23_to_bet27,6.7506,6.7506,6.7506,8.4383,8.4383,4.000000,4.000000,4.000000,5.000000,5.000000,96.000000,96.000000,96.000000,95.000000,95.000000,5.0,37.1285,34.0107,131.6376,134.7554,PENDING_AG03,FALSE,NOT_FOR_ENFORCEMENT,162.0155,234591.6392,168.7661,162.0155,6.7506,0.00062781,0.00060270,6.7506,162.0155,0.00060270,6.7506,6.7506,6.7506,8.4383,8.4383,162.0155,0.00060270,37.1285,34.0107,131.6376,134.7554,0.00048969,0.00050129,0.00002511,43.0246,43.5591,0.0301,2.0581,0.0627,3278.2661,68.4146,17.6798,46.9397,25.7155,39.4976,52.6635,77.1466,82.2897,128.5777,31.4111,0.0,2.083411,3.25533,1.089297,30,192,222,8,0.05498276,0.00062781,0.08642944,0E-8,0.000000,0.909041,0.000000,-0.09079372,2026-03-23,2026-08-06,82,2690,1181,137,0.598540,0.376650,0.410924,0.183276,,,,,,,,GLOBAL_BASELINE_NO_ENTITY_RANKING,,,NOT_APPLICABLE_GLOBAL_BASELINE,HF9g-P5,,,,X 全窗基线 · 不参与实体赏罚,6876728,688,A168_HF9F_20260827_0900,2026-08-27 09:00:00
2026-03-26,70460261,1017,0,78.9951812940,-26.3317270980,-26.3317270980,0E-7,2,2,0.50665070000000000,0.506650700000,-1.013391052207602,-1.013391052207602,-1.013391052207602,0E-17,ELIGIBLE,R03b_20260811_FULL_v1,L1_ELIGIBILITY,v2026-08-11,2026-03-21..2026-08-06,baccarat_bet02_101_all_pairs_incl_sentinel,round_win = game_pnl > 0 (decisive only),COMPATIBILITY_ONLY_NOT_PRODUCTION,268817.8208,244366.2908,168.7661,6248,5610,-0.00062781,-0.08642944,0.00436428,-0.00062781,-168.7661,268817.8208,OK,0.0000,6.7506,4.0000,96.0000,AG03-UNRESOLVED,ALL5_LEVELS_bet23_to_bet27,6.7506,6.7506,6.7506,8.4383,8.4383,4.000000,4.000000,4.000000,5.000000,5.000000,96.000000,96.000000,96.000000,95.000000,95.000000,5.0,37.1285,34.0107,131.6376,134.7554,PENDING_AG03,FALSE,NOT_FOR_ENFORCEMENT,162.0155,234591.6392,168.7661,162.0155,6.7506,0.00062781,0.00060270,6.7506,162.0155,0.00060270,6.7506,6.7506,6.7506,8.4383,8.4383,162.0155,0.00060270,37.1285,34.0107,131.6376,134.7554,0.00048969,0.00050129,0.00002511,43.0246,43.5591,0.0301,2.0581,0.0627,3278.2661,68.4146,17.6798,46.9397,25.7155,39.4976,52.6635,77.1466,82.2897,128.5777,31.4111,0.0,2.083411,3.25533,1.089297,30,192,222,8,0.05498276,0.00062781,0.08642944,0E-8,0.000000,0.909041,0.000000,-0.09079372,2026-03-23,2026-08-06,82,2690,1181,137,0.598540,0.376650,0.410924,0.183276,,,,,,,,GLOBAL_BASELINE_NO_ENTITY_RANKING,,,NOT_APPLICABLE_GLOBAL_BASELINE,HF9g-P5,,,,X 全窗基线 · 不参与实体赏罚,6876729,688,A168_HF9F_20260827_0900,2026-08-27 09:00:00
2026-03-26,70460261,1078,0,131.9219527610,-90.3309898097,-90.3309898097,0.3333333,3,3,0.50665070000000000,0.506650700000,-0.6004420894325239,-0.6004420894325239,-0.6004420894325239,0E-17,ELIGIBLE,R03b_20260811_FULL_v1,L1_ELIGIBILITY,v2026-08-11,2026-03-21..2026-08-06,baccarat_bet02_101_all_pairs_incl_sentinel,round_win = game_pnl > 0 (decisive only),COMPATIBILITY_ONLY_NOT_PRODUCTION,268817.8208,244366.2908,168.7661,6248,5610,-0.00062781,-0.08642944,0.00436428,-0.00062781,-168.7661,268817.8208,OK,0.0000,6.7506,4.0000,96.0000,AG03-UNRESOLVED,ALL5_LEVELS_bet23_to_bet27,6.7506,6.7506,6.7506,8.4383,8.4383,4.000000,4.000000,4.000000,5.000000,5.000000,96.000000,96.000000,96.000000,95.000000,95.000000,5.0,37.1285,34.0107,131.6376,134.7554,PENDING_AG03,FALSE,NOT_FOR_ENFORCEMENT,162.0155,234591.6392,168.7661,162.0155,6.7506,0.00062781,0.00060270,6.7506,162.0155,0.00060270,6.7506,6.7506,6.7506,8.4383,8.4383,162.0155,0.00060270,37.1285,34.0107,131.6376,134.7554,0.00048969,0.00050129,0.00002511,43.0246,43.5591,0.0301,2.0581,0.0627,3278.2661,68.4146,17.6798,46.9397,25.7155,39.4976,52.6635,77.1466,82.2897,128.5777,31.4111,0.0,2.083411,3.25533,1.089297,30,192,222,8,0.05498276,0.00062781,0.08642944,0E-8,0.000000,0.909041,0.000000,-0.09079372,2026-03-23,2026-08-06,82,2690,1181,137,0.598540,0.376650,0.410924,0.183276,,,,,,,,GLOBAL_BASELINE_NO_ENTITY_RANKING,,,NOT_APPLICABLE_GLOBAL_BASELINE,HF9g-P5,,,,X 全窗基线 · 不参与实体赏罚,6876730,688,A168_HF9F_20260827_0900,2026-08-27 09:00:00
2026-03-26,70460261,1094,0,366.0110066620,209.0739131579,209.0739131579,0.7142857,7,7,0.50665070000000000,0.506650700000,1.098798430526454,1.098798430526454,1.098798430526454,0E-17,ELIGIBLE,R03b_20260811_FULL_v1,L1_ELIGIBILITY,v2026-08-11,2026-03-21..2026-08-06,baccarat_bet02_101_all_pairs_incl_sentinel,round_win = game_pnl > 0 (decisive only),COMPATIBILITY_ONLY_NOT_PRODUCTION,268817.8208,244366.2908,168.7661,6248,5610,-0.00062781,-0.08642944,0.00436428,-0.00062781,-168.7661,268817.8208,OK,0.0000,6.7506,4.0000,96.0000,AG03-UNRESOLVED,ALL5_LEVELS_bet23_to_bet27,6.7506,6.7506,6.7506,8.4383,8.4383,4.000000,4.000000,4.000000,5.000000,5.000000,96.000000,96.000000,96.000000,95.000000,95.000000,5.0,37.1285,34.0107,131.6376,134.7554,PENDING_AG03,FALSE,NOT_FOR_ENFORCEMENT,162.0155,234591.6392,168.7661,162.0155,6.7506,0.00062781,0.00060270,6.7506,162.0155,0.00060270,6.7506,6.7506,6.7506,8.4383,8.4383,162.0155,0.00060270,37.1285,34.0107,131.6376,134.7554,0.00048969,0.00050129,0.00002511,43.0246,43.5591,0.0301,2.0581,0.0627,3278.2661,68.4146,17.6798,46.9397,25.7155,39.4976,52.6635,77.1466,82.2897,128.5777,31.4111,0.0,2.083411,3.25533,1.089297,30,192,222,8,0.05498276,0.00062781,0.08642944,0E-8,0.000000,0.909041,0.000000,-0.09079372,2026-03-23,2026-08-06,82,2690,1181,137,0.598540,0.376650,0.410924,0.183276,,,,,,,,GLOBAL_BASELINE_NO_ENTITY_RANKING,,,NOT_APPLICABLE_GLOBAL_BASELINE,HF9g-P5,,,,X 全窗基线 · 不参与实体赏罚,6876731,688,A168_HF9F_20260827_0900,2026-08-27 09:00:00
2026-03-26,70460261,1115,0,463.4383969247,183.5321378729,183.5321378729,0.7000000,10,10,0.50665070000000000,0.506650700000,1.2229565359475965,1.2229565359475965,1.2229565359475965,0E-17,ELIGIBLE,R03b_20260811_FULL_v1,L1_ELIGIBILITY,v2026-08-11,2026-03-21..2026-08-06,baccarat_bet02_101_all_pairs_incl_sentinel,round_win = game_pnl > 0 (decisive only),COMPATIBILITY_ONLY_NOT_PRODUCTION,268817.8208,244366.2908,168.7661,6248,5610,-0.00062781,-0.08642944,0.00436428,-0.00062781,-168.7661,268817.8208,OK,0.0000,6.7506,4.0000,96.0000,AG03-UNRESOLVED,ALL5_LEVELS_bet23_to_bet27,6.7506,6.7506,6.7506,8.4383,8.4383,4.000000,4.000000,4.000000,5.000000,5.000000,96.000000,96.000000,96.000000,95.000000,95.000000,5.0,37.1285,34.0107,131.6376,134.7554,PENDING_AG03,FALSE,NOT_FOR_ENFORCEMENT,162.0155,234591.6392,168.7661,162.0155,6.7506,0.00062781,0.00060270,6.7506,162.0155,0.00060270,6.7506,6.7506,6.7506,8.4383,8.4383,162.0155,0.00060270,37.1285,34.0107,131.6376,134.7554,0.00048969,0.00050129,0.00002511,43.0246,43.5591,0.0301,2.0581,0.0627,3278.2661,68.4146,17.6798,46.9397,25.7155,39.4976,52.6635,77.1466,82.2897,128.5777,31.4111,0.0,2.083411,3.25533,1.089297,30,192,222,8,0.05498276,0.00062781,0.08642944,0E-8,0.000000,0.909041,0.000000,-0.09079372,2026-03-23,2026-08-06,82,2690,1181,137,0.598540,0.376650,0.410924,0.183276,,,,,,,,GLOBAL_BASELINE_NO_ENTITY_RANKING,,,NOT_APPLICABLE_GLOBAL_BASELINE,HF9g-P5,,,,X 全窗基线 · 不参与实体赏罚,6876732,688,A168_HF9F_20260827_0900,2026-08-27 09:00:00
2026-03-26,70460261,1151,0,92.9509966559,-92.9509966559,-92.9509966559,0E-7,2,2,0.50665070000000000,0.506650700000,-1.4331513700195317,-1.4331513700195317,-1.4331513700195317,0E-17,ELIGIBLE,R03b_20260811_FULL_v1,L1_ELIGIBILITY,v2026-08-11,2026-03-21..2026-08-06,baccarat_bet02_101_all_pairs_incl_sentinel,round_win = game_pnl > 0 (decisive only),COMPATIBILITY_ONLY_NOT_PRODUCTION,268817.8208,244366.2908,168.7661,6248,5610,-0.00062781,-0.08642944,0.00436428,-0.00062781,-168.7661,268817.8208,OK,0.0000,6.7506,4.0000,96.0000,AG03-UNRESOLVED,ALL5_LEVELS_bet23_to_bet27,6.7506,6.7506,6.7506,8.4383,8.4383,4.000000,4.000000,4.000000,5.000000,5.000000,96.000000,96.000000,96.000000,95.000000,95.000000,5.0,37.1285,34.0107,131.6376,134.7554,PENDING_AG03,FALSE,NOT_FOR_ENFORCEMENT,162.0155,234591.6392,168.7661,162.0155,6.7506,0.00062781,0.00060270,6.7506,162.0155,0.00060270,6.7506,6.7506,6.7506,8.4383,8.4383,162.0155,0.00060270,37.1285,34.0107,131.6376,134.7554,0.00048969,0.00050129,0.00002511,43.0246,43.5591,0.0301,2.0581,0.0627,3278.2661,68.4146,17.6798,46.9397,25.7155,39.4976,52.6635,77.1466,82.2897,128.5777,31.4111,0.0,2.083411,3.25533,1.089297,30,192,222,8,0.05498276,0.00062781,0.08642944,0E-8,0.000000,0.909041,0.000000,-0.09079372,2026-03-23,2026-08-06,82,2690,1181,137,0.598540,0.376650,0.410924,0.183276,,,,,,,,GLOBAL_BASELINE_NO_ENTITY_RANKING,,,NOT_APPLICABLE_GLOBAL_BASELINE,HF9g-P5,,,,X 全窗基线 · 不参与实体赏罚,6876733,688,A168_HF9F_20260827_0900,2026-08-27 09:00:00
2026-03-26,70460261,1157,0,498.7229112360,-27.9116307239,-27.9116307239,0.5000000,9,9,0.50665070000000000,0.506650700000,-0.037625369180734974,-0.037625369180734974,-0.037625369180734974,0E-17,ELIGIBLE,R03b_20260811_FULL_v1,L1_ELIGIBILITY,v2026-08-11,2026-03-21..2026-08-06,baccarat_bet02_101_all_pairs_incl_sentinel,round_win = game_pnl > 0 (decisive only),COMPATIBILITY_ONLY_NOT_PRODUCTION,268817.8208,244366.2908,168.7661,6248,5610,-0.00062781,-0.08642944,0.00436428,-0.00062781,-168.7661,268817.8208,OK,0.0000,6.7506,4.0000,96.0000,AG03-UNRESOLVED,ALL5_LEVELS_bet23_to_bet27,6.7506,6.7506,6.7506,8.4383,8.4383,4.000000,4.000000,4.000000,5.000000,5.000000,96.000000,96.000000,96.000000,95.000000,95.000000,5.0,37.1285,34.0107,131.6376,134.7554,PENDING_AG03,FALSE,NOT_FOR_ENFORCEMENT,162.0155,234591.6392,168.7661,162.0155,6.7506,0.00062781,0.00060270,6.7506,162.0155,0.00060270,6.7506,6.7506,6.7506,8.4383,8.4383,162.0155,0.00060270,37.1285,34.0107,131.6376,134.7554,0.00048969,0.00050129,0.00002511,43.0246,43.5591,0.0301,2.0581,0.0627,3278.2661,68.4146,17.6798,46.9397,25.7155,39.4976,52.6635,77.1466,82.2897,128.5777,31.4111,0.0,2.083411,3.25533,1.089297,30,192,222,8,0.05498276,0.00062781,0.08642944,0E-8,0.000000,0.909041,0.000000,-0.09079372,2026-03-23,2026-08-06,82,2690,1181,137,0.598540,0.376650,0.410924,0.183276,,,,,,,,GLOBAL_BASELINE_NO_ENTITY_RANKING,,,NOT_APPLICABLE_GLOBAL_BASELINE,HF9g-P5,,,,X 全窗基线 · 不参与实体赏罚,6876734,688,A168_HF9F_20260827_0900,2026-08-27 09:00:00
2026-03-26,70460261,1205,0,389.7095610503,-30.9397793402,-30.9397793402,0.5000000,7,7,0.50665070000000000,0.506650700000,-0.02660515369234503,-0.02660515369234503,-0.02660515369234503,0E-17,ELIGIBLE,R03b_20260811_FULL_v1,L1_ELIGIBILITY,v2026-08-11,2026-03-21..2026-08-06,baccarat_bet02_101_all_pairs_incl_sentinel,round_win = game_pnl > 0 (decisive only),COMPATIBILITY_ONLY_NOT_PRODUCTION,268817.8208,244366.2908,168.7661,6248,5610,-0.00062781,-0.08642944,0.00436428,-0.00062781,-168.7661,268817.8208,OK,0.0000,6.7506,4.0000,96.0000,AG03-UNRESOLVED,ALL5_LEVELS_bet23_to_bet27,6.7506,6.7506,6.7506,8.4383,8.4383,4.000000,4.000000,4.000000,5.000000,5.000000,96.000000,96.000000,96.000000,95.000000,95.000000,5.0,37.1285,34.0107,131.6376,134.7554,PENDING_AG03,FALSE,NOT_FOR_ENFORCEMENT,162.0155,234591.6392,168.7661,162.0155,6.7506,0.00062781,0.00060270,6.7506,162.0155,0.00060270,6.7506,6.7506,6.7506,8.4383,8.4383,162.0155,0.00060270,37.1285,34.0107,131.6376,134.7554,0.00048969,0.00050129,0.00002511,43.0246,43.5591,0.0301,2.0581,0.0627,3278.2661,68.4146,17.6798,46.9397,25.7155,39.4976,52.6635,77.1466,82.2897,128.5777,31.4111,0.0,2.083411,3.25533,1.089297,30,192,222,8,0.05498276,0.00062781,0.08642944,0E-8,0.000000,0.909041,0.000000,-0.09079372,2026-03-23,2026-08-06,82,2690,1181,137,0.598540,0.376650,0.410924,0.183276,,,,,,,,GLOBAL_BASELINE_NO_ENTITY_RANKING,,,NOT_APPLICABLE_GLOBAL_BASELINE,HF9g-P5,,,,X 全窗基线 · 不参与实体赏罚,6876735,688,A168_HF9F_20260827_0900,2026-08-27 09:00:00
2026-03-26,70460261,1210,0,118.4927719410,-15.1407430814,-15.1407430814,0.5000000,5,5,0.50128862000000000,0.501288620000,-0.0051544971185412255,-0.0051544971185412255,-0.0051544971185412255,0E-17,ELIGIBLE,R03b_20260811_FULL_v1,L1_ELIGIBILITY,v2026-08-11,2026-03-21..2026-08-06,baccarat_bet02_101_all_pairs_incl_sentinel,round_win = game_pnl > 0 (decisive only),COMPATIBILITY_ONLY_NOT_PRODUCTION,268817.8208,244366.2908,168.7661,6248,5610,-0.00062781,-0.08642944,0.00436428,-0.00062781,-168.7661,268817.8208,OK,0.0000,6.7506,4.0000,96.0000,AG03-UNRESOLVED,ALL5_LEVELS_bet23_to_bet27,6.7506,6.7506,6.7506,8.4383,8.4383,4.000000,4.000000,4.000000,5.000000,5.000000,96.000000,96.000000,96.000000,95.000000,95.000000,5.0,37.1285,34.0107,131.6376,134.7554,PENDING_AG03,FALSE,NOT_FOR_ENFORCEMENT,162.0155,234591.6392,168.7661,162.0155,6.7506,0.00062781,0.00060270,6.7506,162.0155,0.00060270,6.7506,6.7506,6.7506,8.4383,8.4383,162.0155,0.00060270,37.1285,34.0107,131.6376,134.7554,0.00048969,0.00050129,0.00002511,43.0246,43.5591,0.0301,2.0581,0.0627,3278.2661,68.4146,17.6798,46.9397,25.7155,39.4976,52.6635,77.1466,82.2897,128.5777,31.4111,0.0,2.083411,3.25533,1.089297,30,192,222,8,0.05498276,0.00062781,0.08642944,0E-8,0.000000,0.909041,0.000000,-0.09079372,2026-03-23,2026-08-06,82,2690,1181,137,0.598540,0.376650,0.410924,0.183276,,,,,,,,GLOBAL_BASELINE_NO_ENTITY_RANKING,,,NOT_APPLICABLE_GLOBAL_BASELINE,HF9g-P5,,,,X 全窗基线 · 不参与实体赏罚,6876736,688,A168_HF9F_20260827_0900,2026-08-27 09:00:00
2026-03-26,70460261,1291,0,157.7270453170,131.3953182190,131.3953182190,1.0000000,4,4,0.49324550000000000,0.493245500000,1.755609282511032,1.7556092825110319,1.755609282511032,0E-17,ELIGIBLE,R03b_20260811_FULL_v1,L1_ELIGIBILITY,v2026-08-11,2026-03-21..2026-08-06,baccarat_bet02_101_all_pairs_incl_sentinel,round_win = game_pnl > 0 (decisive only),COMPATIBILITY_ONLY_NOT_PRODUCTION,268817.8208,244366.2908,168.7661,6248,5610,-0.00062781,-0.08642944,0.00436428,-0.00062781,-168.7661,268817.8208,OK,0.0000,6.7506,4.0000,96.0000,AG03-UNRESOLVED,ALL5_LEVELS_bet23_to_bet27,6.7506,6.7506,6.7506,8.4383,8.4383,4.000000,4.000000,4.000000,5.000000,5.000000,96.000000,96.000000,96.000000,95.000000,95.000000,5.0,37.1285,34.0107,131.6376,134.7554,PENDING_AG03,FALSE,NOT_FOR_ENFORCEMENT,162.0155,234591.6392,168.7661,162.0155,6.7506,0.00062781,0.00060270,6.7506,162.0155,0.00060270,6.7506,6.7506,6.7506,8.4383,8.4383,162.0155,0.00060270,37.1285,34.0107,131.6376,134.7554,0.00048969,0.00050129,0.00002511,43.0246,43.5591,0.0301,2.0581,0.0627,3278.2661,68.4146,17.6798,46.9397,25.7155,39.4976,52.6635,77.1466,82.2897,128.5777,31.4111,0.0,2.083411,3.25533,1.089297,30,192,222,8,0.05498276,0.00062781,0.08642944,0E-8,0.000000,0.909041,0.000000,-0.09079372,2026-03-23,2026-08-06,82,2690,1181,137,0.598540,0.376650,0.410924,0.183276,,,,,,,,GLOBAL_BASELINE_NO_ENTITY_RANKING,,,NOT_APPLICABLE_GLOBAL_BASELINE,HF9g-P5,,,,X 全窗基线 · 不参与实体赏罚,6876737,688,A168_HF9F_20260827_0900,2026-08-27 09:00:00
2026-03-26,70460261,1299,0,387.0763883404,-53.9800405508,-53.9800405508,0.5000000,9,9,0.50516123333333333,0.505161233333,-0.025286123416285004,-0.02528612341465177,-0.025286123416285004,3.3333E-13,ELIGIBLE,R03b_20260811_FULL_v1,L1_ELIGIBILITY,v2026-08-11,2026-03-21..2026-08-06,baccarat_bet02_101_all_pairs_incl_sentinel,round_win = game_pnl > 0 (decisive only),COMPATIBILITY_ONLY_NOT_PRODUCTION,268817.8208,244366.2908,168.7661,6248,5610,-0.00062781,-0.08642944,0.00436428,-0.00062781,-168.7661,268817.8208,OK,0.0000,6.7506,4.0000,96.0000,AG03-UNRESOLVED,ALL5_LEVELS_bet23_to_bet27,6.7506,6.7506,6.7506,8.4383,8.4383,4.000000,4.000000,4.000000,5.000000,5.000000,96.000000,96.000000,96.000000,95.000000,95.000000,5.0,37.1285,34.0107,131.6376,134.7554,PENDING_AG03,FALSE,NOT_FOR_ENFORCEMENT,162.0155,234591.6392,168.7661,162.0155,6.7506,0.00062781,0.00060270,6.7506,162.0155,0.00060270,6.7506,6.7506,6.7506,8.4383,8.4383,162.0155,0.00060270,37.1285,34.0107,131.6376,134.7554,0.00048969,0.00050129,0.00002511,43.0246,43.5591,0.0301,2.0581,0.0627,3278.2661,68.4146,17.6798,46.9397,25.7155,39.4976,52.6635,77.1466,82.2897,128.5777,31.4111,0.0,2.083411,3.25533,1.089297,30,192,222,8,0.05498276,0.00062781,0.08642944,0E-8,0.000000,0.909041,0.000000,-0.09079372,2026-03-23,2026-08-06,82,2690,1181,137,0.598540,0.376650,0.410924,0.183276,,,,,,,,GLOBAL_BASELINE_NO_ENTITY_RANKING,,,NOT_APPLICABLE_GLOBAL_BASELINE,HF9g-P5,,,,X 全窗基线 · 不参与实体赏罚,6876738,688,A168_HF9F_20260827_0900,2026-08-27 09:00:00
2026-03-26,70460261,1304,0,52.6634541960,-52.6634541960,-52.6634541960,0E-7,1,1,0.50665070000000000,0.506650700000,-1.013391052207602,-1.013391052207602,-1.013391052207602,0E-17,ELIGIBLE,R03b_20260811_FULL_v1,L1_ELIGIBILITY,v2026-08-11,2026-03-21..2026-08-06,baccarat_bet02_101_all_pairs_incl_sentinel,round_win = game_pnl > 0 (decisive only),COMPATIBILITY_ONLY_NOT_PRODUCTION,268817.8208,244366.2908,168.7661,6248,5610,-0.00062781,-0.08642944,0.00436428,-0.00062781,-168.7661,268817.8208,OK,0.0000,6.7506,4.0000,96.0000,AG03-UNRESOLVED,ALL5_LEVELS_bet23_to_bet27,6.7506,6.7506,6.7506,8.4383,8.4383,4.000000,4.000000,4.000000,5.000000,5.000000,96.000000,96.000000,96.000000,95.000000,95.000000,5.0,37.1285,34.0107,131.6376,134.7554,PENDING_AG03,FALSE,NOT_FOR_ENFORCEMENT,162.0155,234591.6392,168.7661,162.0155,6.7506,0.00062781,0.00060270,6.7506,162.0155,0.00060270,6.7506,6.7506,6.7506,8.4383,8.4383,162.0155,0.00060270,37.1285,34.0107,131.6376,134.7554,0.00048969,0.00050129,0.00002511,43.0246,43.5591,0.0301,2.0581,0.0627,3278.2661,68.4146,17.6798,46.9397,25.7155,39.4976,52.6635,77.1466,82.2897,128.5777,31.4111,0.0,2.083411,3.25533,1.089297,30,192,222,8,0.05498276,0.00062781,0.08642944,0E-8,0.000000,0.909041,0.000000,-0.09079372,2026-03-23,2026-08-06,82,2690,1181,137,0.598540,0.376650,0.410924,0.183276,,,,,,,,GLOBAL_BASELINE_NO_ENTITY_RANKING,,,NOT_APPLICABLE_GLOBAL_BASELINE,HF9g-P5,,,,X 全窗基线 · 不参与实体赏罚,6876739,688,A168_HF9F_20260827_0900,2026-08-27 09:00:00
2026-03-26,70460261,1306,0,105.3269083920,70.5690286226,70.5690286226,0.7500000,4,4,0.50329940000000000,0.503299400000,0.9868238854431842,0.9868238854431842,0.9868238854431842,0E-17,ELIGIBLE,R03b_20260811_FULL_v1,L1_ELIGIBILITY,v2026-08-11,2026-03-21..2026-08-06,baccarat_bet02_101_all_pairs_incl_sentinel,round_win = game_pnl > 0 (decisive only),COMPATIBILITY_ONLY_NOT_PRODUCTION,268817.8208,244366.2908,168.7661,6248,5610,-0.00062781,-0.08642944,0.00436428,-0.00062781,-168.7661,268817.8208,OK,0.0000,6.7506,4.0000,96.0000,AG03-UNRESOLVED,ALL5_LEVELS_bet23_to_bet27,6.7506,6.7506,6.7506,8.4383,8.4383,4.000000,4.000000,4.000000,5.000000,5.000000,96.000000,96.000000,96.000000,95.000000,95.000000,5.0,37.1285,34.0107,131.6376,134.7554,PENDING_AG03,FALSE,NOT_FOR_ENFORCEMENT,162.0155,234591.6392,168.7661,162.0155,6.7506,0.00062781,0.00060270,6.7506,162.0155,0.00060270,6.7506,6.7506,6.7506,8.4383,8.4383,162.0155,0.00060270,37.1285,34.0107,131.6376,134.7554,0.00048969,0.00050129,0.00002511,43.0246,43.5591,0.0301,2.0581,0.0627,3278.2661,68.4146,17.6798,46.9397,25.7155,39.4976,52.6635,77.1466,82.2897,128.5777,31.4111,0.0,2.083411,3.25533,1.089297,30,192,222,8,0.05498276,0.00062781,0.08642944,0E-8,0.000000,0.909041,0.000000,-0.09079372,2026-03-23,2026-08-06,82,2690,1181,137,0.598540,0.376650,0.410924,0.183276,,,,,,,,GLOBAL_BASELINE_NO_ENTITY_RANKING,,,NOT_APPLICABLE_GLOBAL_BASELINE,HF9g-P5,,,,X 全窗基线 · 不参与实体赏罚,6876740,688,A168_HF9F_20260827_0900,2026-08-27 09:00:00
2026-03-26,70460261,1307,0,384.4432156308,145.0878163099,145.0878163099,0.7142857,8,8,0.50329940000000000,0.503299400000,1.1164589431750795,1.1164589431750798,1.1164589431750795,0E-17,ELIGIBLE,R03b_20260811_FULL_v1,L1_ELIGIBILITY,v2026-08-11,2026-03-21..2026-08-06,baccarat_bet02_101_all_pairs_incl_sentinel,round_win = game_pnl > 0 (decisive only),COMPATIBILITY_ONLY_NOT_PRODUCTION,268817.8208,244366.2908,168.7661,6248,5610,-0.00062781,-0.08642944,0.00436428,-0.00062781,-168.7661,268817.8208,OK,0.0000,6.7506,4.0000,96.0000,AG03-UNRESOLVED,ALL5_LEVELS_bet23_to_bet27,6.7506,6.7506,6.7506,8.4383,8.4383,4.000000,4.000000,4.000000,5.000000,5.000000,96.000000,96.000000,96.000000,95.000000,95.000000,5.0,37.1285,34.0107,131.6376,134.7554,PENDING_AG03,FALSE,NOT_FOR_ENFORCEMENT,162.0155,234591.6392,168.7661,162.0155,6.7506,0.00062781,0.00060270,6.7506,162.0155,0.00060270,6.7506,6.7506,6.7506,8.4383,8.4383,162.0155,0.00060270,37.1285,34.0107,131.6376,134.7554,0.00048969,0.00050129,0.00002511,43.0246,43.5591,0.0301,2.0581,0.0627,3278.2661,68.4146,17.6798,46.9397,25.7155,39.4976,52.6635,77.1466,82.2897,128.5777,31.4111,0.0,2.083411,3.25533,1.089297,30,192,222,8,0.05498276,0.00062781,0.08642944,0E-8,0.000000,0.909041,0.000000,-0.09079372,2026-03-23,2026-08-06,82,2690,1181,137,0.598540,0.376650,0.410924,0.183276,,,,,,,,GLOBAL_BASELINE_NO_ENTITY_RANKING,,,NOT_APPLICABLE_GLOBAL_BASELINE,HF9g-P5,,,,X 全窗基线 · 不参与实体赏罚,6876741,688,A168_HF9F_20260827_0900,2026-08-27 09:00:00
2026-03-26,70460261,1323,0,50.0302814862,-50.0302814862,-50.0302814862,0E-7,2,2,0.49994810000000000,0.499948100000,-1.4140667746232096,-1.4140667746232096,-1.4140667746232096,0E-17,ELIGIBLE,R03b_20260811_FULL_v1,L1_ELIGIBILITY,v2026-08-11,2026-03-21..2026-08-06,baccarat_bet02_101_all_pairs_incl_sentinel,round_win = game_pnl > 0 (decisive only),COMPATIBILITY_ONLY_NOT_PRODUCTION,268817.8208,244366.2908,168.7661,6248,5610,-0.00062781,-0.08642944,0.00436428,-0.00062781,-168.7661,268817.8208,OK,0.0000,6.7506,4.0000,96.0000,AG03-UNRESOLVED,ALL5_LEVELS_bet23_to_bet27,6.7506,6.7506,6.7506,8.4383,8.4383,4.000000,4.000000,4.000000,5.000000,5.000000,96.000000,96.000000,96.000000,95.000000,95.000000,5.0,37.1285,34.0107,131.6376,134.7554,PENDING_AG03,FALSE,NOT_FOR_ENFORCEMENT,162.0155,234591.6392,168.7661,162.0155,6.7506,0.00062781,0.00060270,6.7506,162.0155,0.00060270,6.7506,6.7506,6.7506,8.4383,8.4383,162.0155,0.00060270,37.1285,34.0107,131.6376,134.7554,0.00048969,0.00050129,0.00002511,43.0246,43.5591,0.0301,2.0581,0.0627,3278.2661,68.4146,17.6798,46.9397,25.7155,39.4976,52.6635,77.1466,82.2897,128.5777,31.4111,0.0,2.083411,3.25533,1.089297,30,192,222,8,0.05498276,0.00062781,0.08642944,0E-8,0.000000,0.909041,0.000000,-0.09079372,2026-03-23,2026-08-06,82,2690,1181,137,0.598540,0.376650,0.410924,0.183276,,,,,,,,GLOBAL_BASELINE_NO_ENTITY_RANKING,,,NOT_APPLICABLE_GLOBAL_BASELINE,HF9g-P5,,,,X 全窗基线 · 不参与实体赏罚,6876742,688,A168_HF9F_20260827_0900,2026-08-27 09:00:00
2026-03-26,70460261,1330,0,116.3862337731,-63.7227795771,-63.7227795771,0E-7,3,3,0.49771390000000000,0.497713900000,-1.4077622098436522,-1.4077622098436524,-1.4077622098436522,0E-17,ELIGIBLE,R03b_20260811_FULL_v1,L1_ELIGIBILITY,v2026-08-11,2026-03-21..2026-08-06,baccarat_bet02_101_all_pairs_incl_sentinel,round_win = game_pnl > 0 (decisive only),COMPATIBILITY_ONLY_NOT_PRODUCTION,268817.8208,244366.2908,168.7661,6248,5610,-0.00062781,-0.08642944,0.00436428,-0.00062781,-168.7661,268817.8208,OK,0.0000,6.7506,4.0000,96.0000,AG03-UNRESOLVED,ALL5_LEVELS_bet23_to_bet27,6.7506,6.7506,6.7506,8.4383,8.4383,4.000000,4.000000,4.000000,5.000000,5.000000,96.000000,96.000000,96.000000,95.000000,95.000000,5.0,37.1285,34.0107,131.6376,134.7554,PENDING_AG03,FALSE,NOT_FOR_ENFORCEMENT,162.0155,234591.6392,168.7661,162.0155,6.7506,0.00062781,0.00060270,6.7506,162.0155,0.00060270,6.7506,6.7506,6.7506,8.4383,8.4383,162.0155,0.00060270,37.1285,34.0107,131.6376,134.7554,0.00048969,0.00050129,0.00002511,43.0246,43.5591,0.0301,2.0581,0.0627,3278.2661,68.4146,17.6798,46.9397,25.7155,39.4976,52.6635,77.1466,82.2897,128.5777,31.4111,0.0,2.083411,3.25533,1.089297,30,192,222,8,0.05498276,0.00062781,0.08642944,0E-8,0.000000,0.909041,0.000000,-0.09079372,2026-03-23,2026-08-06,82,2690,1181,137,0.598540,0.376650,0.410924,0.183276,,,,,,,,GLOBAL_BASELINE_NO_ENTITY_RANKING,,,NOT_APPLICABLE_GLOBAL_BASELINE,HF9g-P5,,,,X 全窗基线 · 不参与实体赏罚,6876743,688,A168_HF9F_20260827_0900,2026-08-27 09:00:00
2026-03-26,70460261,1382,0,100.0605629724,-100.0605629724,-100.0605629724,0E-7,2,2,0.49994810000000000,0.499948100000,-1.4140667746232096,-1.4140667746232096,-1.4140667746232096,0E-17,ELIGIBLE,R03b_20260811_FULL_v1,L1_ELIGIBILITY,v2026-08-11,2026-03-21..2026-08-06,baccarat_bet02_101_all_pairs_incl_sentinel,round_win = game_pnl > 0 (decisive only),COMPATIBILITY_ONLY_NOT_PRODUCTION,268817.8208,244366.2908,168.7661,6248,5610,-0.00062781,-0.08642944,0.00436428,-0.00062781,-168.7661,268817.8208,OK,0.0000,6.7506,4.0000,96.0000,AG03-UNRESOLVED,ALL5_LEVELS_bet23_to_bet27,6.7506,6.7506,6.7506,8.4383,8.4383,4.000000,4.000000,4.000000,5.000000,5.000000,96.000000,96.000000,96.000000,95.000000,95.000000,5.0,37.1285,34.0107,131.6376,134.7554,PENDING_AG03,FALSE,NOT_FOR_ENFORCEMENT,162.0155,234591.6392,168.7661,162.0155,6.7506,0.00062781,0.00060270,6.7506,162.0155,0.00060270,6.7506,6.7506,6.7506,8.4383,8.4383,162.0155,0.00060270,37.1285,34.0107,131.6376,134.7554,0.00048969,0.00050129,0.00002511,43.0246,43.5591,0.0301,2.0581,0.0627,3278.2661,68.4146,17.6798,46.9397,25.7155,39.4976,52.6635,77.1466,82.2897,128.5777,31.4111,0.0,2.083411,3.25533,1.089297,30,192,222,8,0.05498276,0.00062781,0.08642944,0E-8,0.000000,0.909041,0.000000,-0.09079372,2026-03-23,2026-08-06,82,2690,1181,137,0.598540,0.376650,0.410924,0.183276,,,,,,,,GLOBAL_BASELINE_NO_ENTITY_RANKING,,,NOT_APPLICABLE_GLOBAL_BASELINE,HF9g-P5,,,,X 全窗基线 · 不参与实体赏罚,6876744,688,A168_HF9F_20260827_0900,2026-08-27 09:00:00
2026-03-26,70460261,1383,0,468.7047423443,-127.4455591543,-127.4455591543,0.4444444,11,11,0.50543204545454545,0.505432045455,-0.3659472027923398,-0.36594720279507076,-0.3659472027923398,-4.5455E-13,ELIGIBLE,R03b_20260811_FULL_v1,L1_ELIGIBILITY,v2026-08-11,2026-03-21..2026-08-06,baccarat_bet02_101_all_pairs_incl_sentinel,round_win = game_pnl > 0 (decisive only),COMPATIBILITY_ONLY_NOT_PRODUCTION,268817.8208,244366.2908,168.7661,6248,5610,-0.00062781,-0.08642944,0.00436428,-0.00062781,-168.7661,268817.8208,OK,0.0000,6.7506,4.0000,96.0000,AG03-UNRESOLVED,ALL5_LEVELS_bet23_to_bet27,6.7506,6.7506,6.7506,8.4383,8.4383,4.000000,4.000000,4.000000,5.000000,5.000000,96.000000,96.000000,96.000000,95.000000,95.000000,5.0,37.1285,34.0107,131.6376,134.7554,PENDING_AG03,FALSE,NOT_FOR_ENFORCEMENT,162.0155,234591.6392,168.7661,162.0155,6.7506,0.00062781,0.00060270,6.7506,162.0155,0.00060270,6.7506,6.7506,6.7506,8.4383,8.4383,162.0155,0.00060270,37.1285,34.0107,131.6376,134.7554,0.00048969,0.00050129,0.00002511,43.0246,43.5591,0.0301,2.0581,0.0627,3278.2661,68.4146,17.6798,46.9397,25.7155,39.4976,52.6635,77.1466,82.2897,128.5777,31.4111,0.0,2.083411,3.25533,1.089297,30,192,222,8,0.05498276,0.00062781,0.08642944,0E-8,0.000000,0.909041,0.000000,-0.09079372,2026-03-23,2026-08-06,82,2690,1181,137,0.598540,0.376650,0.410924,0.183276,,,,,,,,GLOBAL_BASELINE_NO_ENTITY_RANKING,,,NOT_APPLICABLE_GLOBAL_BASELINE,HF9g-P5,,,,X 全窗基线 · 不参与实体赏罚,6876745,688,A168_HF9F_20260827_0900,2026-08-27 09:00:00
2026-03-26,70460261,1384,0,721.2260052140,-164.8497774969,-164.8497774969,0.4285714,15,15,0.50486334000000000,0.504863340000,-0.5709433965276224,-0.5709433965276225,-0.5709433965276224,0E-17,ELIGIBLE,R03b_20260811_FULL_v1,L1_ELIGIBILITY,v2026-08-11,2026-03-21..2026-08-06,baccarat_bet02_101_all_pairs_incl_sentinel,round_win = game_pnl > 0 (decisive only),COMPATIBILITY_ONLY_NOT_PRODUCTION,268817.8208,244366.2908,168.7661,6248,5610,-0.00062781,-0.08642944,0.00436428,-0.00062781,-168.7661,268817.8208,OK,0.0000,6.7506,4.0000,96.0000,AG03-UNRESOLVED,ALL5_LEVELS_bet23_to_bet27,6.7506,6.7506,6.7506,8.4383,8.4383,4.000000,4.000000,4.000000,5.000000,5.000000,96.000000,96.000000,96.000000,95.000000,95.000000,5.0,37.1285,34.0107,131.6376,134.7554,PENDING_AG03,FALSE,NOT_FOR_ENFORCEMENT,162.0155,234591.6392,168.7661,162.0155,6.7506,0.00062781,0.00060270,6.7506,162.0155,0.00060270,6.7506,6.7506,6.7506,8.4383,8.4383,162.0155,0.00060270,37.1285,34.0107,131.6376,134.7554,0.00048969,0.00050129,0.00002511,43.0246,43.5591,0.0301,2.0581,0.0627,3278.2661,68.4146,17.6798,46.9397,25.7155,39.4976,52.6635,77.1466,82.2897,128.5777,31.4111,0.0,2.083411,3.25533,1.089297,30,192,222,8,0.05498276,0.00062781,0.08642944,0E-8,0.000000,0.909041,0.000000,-0.09079372,2026-03-23,2026-08-06,82,2690,1181,137,0.598540,0.376650,0.410924,0.183276,,,,,,,,GLOBAL_BASELINE_NO_ENTITY_RANKING,,,NOT_APPLICABLE_GLOBAL_BASELINE,HF9g-P5,,,,X 全窗基线 · 不参与实体赏罚,6876746,688,A168_HF9F_20260827_0900,2026-08-27 09:00:00
2026-03-26,70460261,1402,0,200.1211259447,82.2866471811,82.2866471811,0.6666667,3,3,0.50665070000000000,0.506650700000,0.5543606114942035,0.5543606114942035,0.5543606114942035,0E-17,ELIGIBLE,R03b_20260811_FULL_v1,L1_ELIGIBILITY,v2026-08-11,2026-03-21..2026-08-06,baccarat_bet02_101_all_pairs_incl_sentinel,round_win = game_pnl > 0 (decisive only),COMPATIBILITY_ONLY_NOT_PRODUCTION,268817.8208,244366.2908,168.7661,6248,5610,-0.00062781,-0.08642944,0.00436428,-0.00062781,-168.7661,268817.8208,OK,0.0000,6.7506,4.0000,96.0000,AG03-UNRESOLVED,ALL5_LEVELS_bet23_to_bet27,6.7506,6.7506,6.7506,8.4383,8.4383,4.000000,4.000000,4.000000,5.000000,5.000000,96.000000,96.000000,96.000000,95.000000,95.000000,5.0,37.1285,34.0107,131.6376,134.7554,PENDING_AG03,FALSE,NOT_FOR_ENFORCEMENT,162.0155,234591.6392,168.7661,162.0155,6.7506,0.00062781,0.00060270,6.7506,162.0155,0.00060270,6.7506,6.7506,6.7506,8.4383,8.4383,162.0155,0.00060270,37.1285,34.0107,131.6376,134.7554,0.00048969,0.00050129,0.00002511,43.0246,43.5591,0.0301,2.0581,0.0627,3278.2661,68.4146,17.6798,46.9397,25.7155,39.4976,52.6635,77.1466,82.2897,128.5777,31.4111,0.0,2.083411,3.25533,1.089297,30,192,222,8,0.05498276,0.00062781,0.08642944,0E-8,0.000000,0.909041,0.000000,-0.09079372,2026-03-23,2026-08-06,82,2690,1181,137,0.598540,0.376650,0.410924,0.183276,,,,,,,,GLOBAL_BASELINE_NO_ENTITY_RANKING,,,NOT_APPLICABLE_GLOBAL_BASELINE,HF9g-P5,,,,X 全窗基线 · 不参与实体赏罚,6876747,688,A168_HF9F_20260827_0900,2026-08-27 09:00:00
2026-03-26,70460261,1485,0,50.0302814862,47.5287674119,47.5287674119,1.0000000,1,1,0.50665070000000000,0.506650700000,0.9867858985152569,0.9867858985152569,0.9867858985152569,0E-17,ELIGIBLE,R03b_20260811_FULL_v1,L1_ELIGIBILITY,v2026-08-11,2026-03-21..2026-08-06,baccarat_bet02_101_all_pairs_incl_sentinel,round_win = game_pnl > 0 (decisive only),COMPATIBILITY_ONLY_NOT_PRODUCTION,268817.8208,244366.2908,168.7661,6248,5610,-0.00062781,-0.08642944,0.00436428,-0.00062781,-168.7661,268817.8208,OK,0.0000,6.7506,4.0000,96.0000,AG03-UNRESOLVED,ALL5_LEVELS_bet23_to_bet27,6.7506,6.7506,6.7506,8.4383,8.4383,4.000000,4.000000,4.000000,5.000000,5.000000,96.000000,96.000000,96.000000,95.000000,95.000000,5.0,37.1285,34.0107,131.6376,134.7554,PENDING_AG03,FALSE,NOT_FOR_ENFORCEMENT,162.0155,234591.6392,168.7661,162.0155,6.7506,0.00062781,0.00060270,6.7506,162.0155,0.00060270,6.7506,6.7506,6.7506,8.4383,8.4383,162.0155,0.00060270,37.1285,34.0107,131.6376,134.7554,0.00048969,0.00050129,0.00002511,43.0246,43.5591,0.0301,2.0581,0.0627,3278.2661,68.4146,17.6798,46.9397,25.7155,39.4976,52.6635,77.1466,82.2897,128.5777,31.4111,0.0,2.083411,3.25533,1.089297,30,192,222,8,0.05498276,0.00062781,0.08642944,0E-8,0.000000,0.909041,0.000000,-0.09079372,2026-03-23,2026-08-06,82,2690,1181,137,0.598540,0.376650,0.410924,0.183276,,,,,,,,GLOBAL_BASELINE_NO_ENTITY_RANKING,,,NOT_APPLICABLE_GLOBAL_BASELINE,HF9g-P5,,,,X 全窗基线 · 不参与实体赏罚,6876748,688,A168_HF9F_20260827_0900,2026-08-27 09:00:00
2026-03-26,70460261,1491,0,371.2773520816,33.0463175080,33.0463175080,0.5000000,7,7,0.50473567142857143,0.504735671429,-0.023200997840541474,-0.023200997842641315,-0.023200997840541474,-4.2857E-13,ELIGIBLE,R03b_20260811_FULL_v1,L1_ELIGIBILITY,v2026-08-11,2026-03-21..2026-08-06,baccarat_bet02_101_all_pairs_incl_sentinel,round_win = game_pnl > 0 (decisive only),COMPATIBILITY_ONLY_NOT_PRODUCTION,268817.8208,244366.2908,168.7661,6248,5610,-0.00062781,-0.08642944,0.00436428,-0.00062781,-168.7661,268817.8208,OK,0.0000,6.7506,4.0000,96.0000,AG03-UNRESOLVED,ALL5_LEVELS_bet23_to_bet27,6.7506,6.7506,6.7506,8.4383,8.4383,4.000000,4.000000,4.000000,5.000000,5.000000,96.000000,96.000000,96.000000,95.000000,95.000000,5.0,37.1285,34.0107,131.6376,134.7554,PENDING_AG03,FALSE,NOT_FOR_ENFORCEMENT,162.0155,234591.6392,168.7661,162.0155,6.7506,0.00062781,0.00060270,6.7506,162.0155,0.00060270,6.7506,6.7506,6.7506,8.4383,8.4383,162.0155,0.00060270,37.1285,34.0107,131.6376,134.7554,0.00048969,0.00050129,0.00002511,43.0246,43.5591,0.0301,2.0581,0.0627,3278.2661,68.4146,17.6798,46.9397,25.7155,39.4976,52.6635,77.1466,82.2897,128.5777,31.4111,0.0,2.083411,3.25533,1.089297,30,192,222,8,0.05498276,0.00062781,0.08642944,0E-8,0.000000,0.909041,0.000000,-0.09079372,2026-03-23,2026-08-06,82,2690,1181,137,0.598540,0.376650,0.410924,0.183276,,,,,,,,GLOBAL_BASELINE_NO_ENTITY_RANKING,,,NOT_APPLICABLE_GLOBAL_BASELINE,HF9g-P5,,,,X 全窗基线 · 不参与实体赏罚,6876749,688,A168_HF9F_20260827_0900,2026-08-27 09:00:00
2026-03-26,70460261,1507,0,50.0302814862,-3.8181004292,-3.8181004292,0.5000000,2,2,0.49994810000000000,0.499948100000,0.00014679536856514622,0.00014679536856514622,0.00014679536856514622,0E-17,ELIGIBLE,R03b_20260811_FULL_v1,L1_ELIGIBILITY,v2026-08-11,2026-03-21..2026-08-06,baccarat_bet02_101_all_pairs_incl_sentinel,round_win = game_pnl > 0 (decisive only),COMPATIBILITY_ONLY_NOT_PRODUCTION,268817.8208,244366.2908,168.7661,6248,5610,-0.00062781,-0.08642944,0.00436428,-0.00062781,-168.7661,268817.8208,OK,0.0000,6.7506,4.0000,96.0000,AG03-UNRESOLVED,ALL5_LEVELS_bet23_to_bet27,6.7506,6.7506,6.7506,8.4383,8.4383,4.000000,4.000000,4.000000,5.000000,5.000000,96.000000,96.000000,96.000000,95.000000,95.000000,5.0,37.1285,34.0107,131.6376,134.7554,PENDING_AG03,FALSE,NOT_FOR_ENFORCEMENT,162.0155,234591.6392,168.7661,162.0155,6.7506,0.00062781,0.00060270,6.7506,162.0155,0.00060270,6.7506,6.7506,6.7506,8.4383,8.4383,162.0155,0.00060270,37.1285,34.0107,131.6376,134.7554,0.00048969,0.00050129,0.00002511,43.0246,43.5591,0.0301,2.0581,0.0627,3278.2661,68.4146,17.6798,46.9397,25.7155,39.4976,52.6635,77.1466,82.2897,128.5777,31.4111,0.0,2.083411,3.25533,1.089297,30,192,222,8,0.05498276,0.00062781,0.08642944,0E-8,0.000000,0.909041,0.000000,-0.09079372,2026-03-23,2026-08-06,82,2690,1181,137,0.598540,0.376650,0.410924,0.183276,,,,,,,,GLOBAL_BASELINE_NO_ENTITY_RANKING,,,NOT_APPLICABLE_GLOBAL_BASELINE,HF9g-P5,,,,X 全窗基线 · 不参与实体赏罚,6876750,688,A168_HF9F_20260827_0900,2026-08-27 09:00:00
2026-03-26,70460261,1509,0,518.4717065595,193.9331700766,193.9331700766,0.7777778,10,10,0.50262914000000000,0.502629140000,1.65091465031381,1.6509146503138101,1.65091465031381,0E-17,ELIGIBLE,R03b_20260811_FULL_v1,L1_ELIGIBILITY,v2026-08-11,2026-03-21..2026-08-06,baccarat_bet02_101_all_pairs_incl_sentinel,round_win = game_pnl > 0 (decisive only),COMPATIBILITY_ONLY_NOT_PRODUCTION,268817.8208,244366.2908,168.7661,6248,5610,-0.00062781,-0.08642944,0.00436428,-0.00062781,-168.7661,268817.8208,OK,0.0000,6.7506,4.0000,96.0000,AG03-UNRESOLVED,ALL5_LEVELS_bet23_to_bet27,6.7506,6.7506,6.7506,8.4383,8.4383,4.000000,4.000000,4.000000,5.000000,5.000000,96.000000,96.000000,96.000000,95.000000,95.000000,5.0,37.1285,34.0107,131.6376,134.7554,PENDING_AG03,FALSE,NOT_FOR_ENFORCEMENT,162.0155,234591.6392,168.7661,162.0155,6.7506,0.00062781,0.00060270,6.7506,162.0155,0.00060270,6.7506,6.7506,6.7506,8.4383,8.4383,162.0155,0.00060270,37.1285,34.0107,131.6376,134.7554,0.00048969,0.00050129,0.00002511,43.0246,43.5591,0.0301,2.0581,0.0627,3278.2661,68.4146,17.6798,46.9397,25.7155,39.4976,52.6635,77.1466,82.2897,128.5777,31.4111,0.0,2.083411,3.25533,1.089297,30,192,222,8,0.05498276,0.00062781,0.08642944,0E-8,0.000000,0.909041,0.000000,-0.09079372,2026-03-23,2026-08-06,82,2690,1181,137,0.598540,0.376650,0.410924,0.183276,,,,,,,,GLOBAL_BASELINE_NO_ENTITY_RANKING,,,NOT_APPLICABLE_GLOBAL_BASELINE,HF9g-P5,,,,X 全窗基线 · 不参与实体赏罚,6876751,688,A168_HF9F_20260827_0900,2026-08-27 09:00:00
2026-03-26,70460261,1645,0,52.6634541960,-1.3165863549,-1.3165863549,0.5000000,2,2,0.50665070000000000,0.506650700000,-0.018812684590367487,-0.018812684590367487,-0.018812684590367487,0E-17,ELIGIBLE,R03b_20260811_FULL_v1,L1_ELIGIBILITY,v2026-08-11,2026-03-21..2026-08-06,baccarat_bet02_101_all_pairs_incl_sentinel,round_win = game_pnl > 0 (decisive only),COMPATIBILITY_ONLY_NOT_PRODUCTION,268817.8208,244366.2908,168.7661,6248,5610,-0.00062781,-0.08642944,0.00436428,-0.00062781,-168.7661,268817.8208,OK,0.0000,6.7506,4.0000,96.0000,AG03-UNRESOLVED,ALL5_LEVELS_bet23_to_bet27,6.7506,6.7506,6.7506,8.4383,8.4383,4.000000,4.000000,4.000000,5.000000,5.000000,96.000000,96.000000,96.000000,95.000000,95.000000,5.0,37.1285,34.0107,131.6376,134.7554,PENDING_AG03,FALSE,NOT_FOR_ENFORCEMENT,162.0155,234591.6392,168.7661,162.0155,6.7506,0.00062781,0.00060270,6.7506,162.0155,0.00060270,6.7506,6.7506,6.7506,8.4383,8.4383,162.0155,0.00060270,37.1285,34.0107,131.6376,134.7554,0.00048969,0.00050129,0.00002511,43.0246,43.5591,0.0301,2.0581,0.0627,3278.2661,68.4146,17.6798,46.9397,25.7155,39.4976,52.6635,77.1466,82.2897,128.5777,31.4111,0.0,2.083411,3.25533,1.089297,30,192,222,8,0.05498276,0.00062781,0.08642944,0E-8,0.000000,0.909041,0.000000,-0.09079372,2026-03-23,2026-08-06,82,2690,1181,137,0.598540,0.376650,0.410924,0.183276,,,,,,,,GLOBAL_BASELINE_NO_ENTITY_RANKING,,,NOT_APPLICABLE_GLOBAL_BASELINE,HF9g-P5,,,,X 全窗基线 · 不参与实体赏罚,6876752,688,A168_HF9F_20260827_0900,2026-08-27 09:00:00
2026-03-26,70460261,1646,0,179.0557442663,-73.7288358743,-73.7288358743,0.3333333,3,3,0.50218230000000000,0.502182300000,-0.5849155494134425,-0.5849155494134426,-0.5849155494134425,0E-17,ELIGIBLE,R03b_20260811_FULL_v1,L1_ELIGIBILITY,v2026-08-11,2026-03-21..2026-08-06,baccarat_bet02_101_all_pairs_incl_sentinel,round_win = game_pnl > 0 (decisive only),COMPATIBILITY_ONLY_NOT_PRODUCTION,268817.8208,244366.2908,168.7661,6248,5610,-0.00062781,-0.08642944,0.00436428,-0.00062781,-168.7661,268817.8208,OK,0.0000,6.7506,4.0000,96.0000,AG03-UNRESOLVED,ALL5_LEVELS_bet23_to_bet27,6.7506,6.7506,6.7506,8.4383,8.4383,4.000000,4.000000,4.000000,5.000000,5.000000,96.000000,96.000000,96.000000,95.000000,95.000000,5.0,37.1285,34.0107,131.6376,134.7554,PENDING_AG03,FALSE,NOT_FOR_ENFORCEMENT,162.0155,234591.6392,168.7661,162.0155,6.7506,0.00062781,0.00060270,6.7506,162.0155,0.00060270,6.7506,6.7506,6.7506,8.4383,8.4383,162.0155,0.00060270,37.1285,34.0107,131.6376,134.7554,0.00048969,0.00050129,0.00002511,43.0246,43.5591,0.0301,2.0581,0.0627,3278.2661,68.4146,17.6798,46.9397,25.7155,39.4976,52.6635,77.1466,82.2897,128.5777,31.4111,0.0,2.083411,3.25533,1.089297,30,192,222,8,0.05498276,0.00062781,0.08642944,0E-8,0.000000,0.909041,0.000000,-0.09079372,2026-03-23,2026-08-06,82,2690,1181,137,0.598540,0.376650,0.410924,0.183276,,,,,,,,GLOBAL_BASELINE_NO_ENTITY_RANKING,,,NOT_APPLICABLE_GLOBAL_BASELINE,HF9g-P5,,,,X 全窗基线 · 不参与实体赏罚,6876753,688,A168_HF9F_20260827_0900,2026-08-27 09:00:00
2026-03-26,70460261,1654,0,23.6985543882,-23.6985543882,-23.6985543882,0E-7,1,1,0.50665070000000000,0.506650700000,-1.013391052207602,-1.013391052207602,-1.013391052207602,0E-17,ELIGIBLE,R03b_20260811_FULL_v1,L1_ELIGIBILITY,v2026-08-11,2026-03-21..2026-08-06,baccarat_bet02_101_all_pairs_incl_sentinel,round_win = game_pnl > 0 (decisive only),COMPATIBILITY_ONLY_NOT_PRODUCTION,268817.8208,244366.2908,168.7661,6248,5610,-0.00062781,-0.08642944,0.00436428,-0.00062781,-168.7661,268817.8208,OK,0.0000,6.7506,4.0000,96.0000,AG03-UNRESOLVED,ALL5_LEVELS_bet23_to_bet27,6.7506,6.7506,6.7506,8.4383,8.4383,4.000000,4.000000,4.000000,5.000000,5.000000,96.000000,96.000000,96.000000,95.000000,95.000000,5.0,37.1285,34.0107,131.6376,134.7554,PENDING_AG03,FALSE,NOT_FOR_ENFORCEMENT,162.0155,234591.6392,168.7661,162.0155,6.7506,0.00062781,0.00060270,6.7506,162.0155,0.00060270,6.7506,6.7506,6.7506,8.4383,8.4383,162.0155,0.00060270,37.1285,34.0107,131.6376,134.7554,0.00048969,0.00050129,0.00002511,43.0246,43.5591,0.0301,2.0581,0.0627,3278.2661,68.4146,17.6798,46.9397,25.7155,39.4976,52.6635,77.1466,82.2897,128.5777,31.4111,0.0,2.083411,3.25533,1.089297,30,192,222,8,0.05498276,0.00062781,0.08642944,0E-8,0.000000,0.909041,0.000000,-0.09079372,2026-03-23,2026-08-06,82,2690,1181,137,0.598540,0.376650,0.410924,0.183276,,,,,,,,GLOBAL_BASELINE_NO_ENTITY_RANKING,,,NOT_APPLICABLE_GLOBAL_BASELINE,HF9g-P5,,,,X 全窗基线 · 不参与实体赏罚,6876754,688,A168_HF9F_20260827_0900,2026-08-27 09:00:00
2026-03-26,70460261,1702,0,78.9951812939,-78.9951812939,-78.9951812939,0E-7,1,1,0.50665070000000000,0.506650700000,-1.013391052207602,-1.013391052207602,-1.013391052207602,0E-17,ELIGIBLE,R03b_20260811_FULL_v1,L1_ELIGIBILITY,v2026-08-11,2026-03-21..2026-08-06,baccarat_bet02_101_all_pairs_incl_sentinel,round_win = game_pnl > 0 (decisive only),COMPATIBILITY_ONLY_NOT_PRODUCTION,268817.8208,244366.2908,168.7661,6248,5610,-0.00062781,-0.08642944,0.00436428,-0.00062781,-168.7661,268817.8208,OK,0.0000,6.7506,4.0000,96.0000,AG03-UNRESOLVED,ALL5_LEVELS_bet23_to_bet27,6.7506,6.7506,6.7506,8.4383,8.4383,4.000000,4.000000,4.000000,5.000000,5.000000,96.000000,96.000000,96.000000,95.000000,95.000000,5.0,37.1285,34.0107,131.6376,134.7554,PENDING_AG03,FALSE,NOT_FOR_ENFORCEMENT,162.0155,234591.6392,168.7661,162.0155,6.7506,0.00062781,0.00060270,6.7506,162.0155,0.00060270,6.7506,6.7506,6.7506,8.4383,8.4383,162.0155,0.00060270,37.1285,34.0107,131.6376,134.7554,0.00048969,0.00050129,0.00002511,43.0246,43.5591,0.0301,2.0581,0.0627,3278.2661,68.4146,17.6798,46.9397,25.7155,39.4976,52.6635,77.1466,82.2897,128.5777,31.4111,0.0,2.083411,3.25533,1.089297,30,192,222,8,0.05498276,0.00062781,0.08642944,0E-8,0.000000,0.909041,0.000000,-0.09079372,2026-03-23,2026-08-06,82,2690,1181,137,0.598540,0.376650,0.410924,0.183276,,,,,,,,GLOBAL_BASELINE_NO_ENTITY_RANKING,,,NOT_APPLICABLE_GLOBAL_BASELINE,HF9g-P5,,,,X 全窗基线 · 不参与实体赏罚,6876755,688,A168_HF9F_20260827_0900,2026-08-27 09:00:00
2026-03-26,70460261,1704,0,290.7022671619,76.5726624010,76.5726624010,0.6666667,7,7,0.50665070000000000,0.506650700000,0.7839842952205449,0.7839842952205449,0.7839842952205449,0E-17,ELIGIBLE,R03b_20260811_FULL_v1,L1_ELIGIBILITY,v2026-08-11,2026-03-21..2026-08-06,baccarat_bet02_101_all_pairs_incl_sentinel,round_win = game_pnl > 0 (decisive only),COMPATIBILITY_ONLY_NOT_PRODUCTION,268817.8208,244366.2908,168.7661,6248,5610,-0.00062781,-0.08642944,0.00436428,-0.00062781,-168.7661,268817.8208,OK,0.0000,6.7506,4.0000,96.0000,AG03-UNRESOLVED,ALL5_LEVELS_bet23_to_bet27,6.7506,6.7506,6.7506,8.4383,8.4383,4.000000,4.000000,4.000000,5.000000,5.000000,96.000000,96.000000,96.000000,95.000000,95.000000,5.0,37.1285,34.0107,131.6376,134.7554,PENDING_AG03,FALSE,NOT_FOR_ENFORCEMENT,162.0155,234591.6392,168.7661,162.0155,6.7506,0.00062781,0.00060270,6.7506,162.0155,0.00060270,6.7506,6.7506,6.7506,8.4383,8.4383,162.0155,0.00060270,37.1285,34.0107,131.6376,134.7554,0.00048969,0.00050129,0.00002511,43.0246,43.5591,0.0301,2.0581,0.0627,3278.2661,68.4146,17.6798,46.9397,25.7155,39.4976,52.6635,77.1466,82.2897,128.5777,31.4111,0.0,2.083411,3.25533,1.089297,30,192,222,8,0.05498276,0.00062781,0.08642944,0E-8,0.000000,0.909041,0.000000,-0.09079372,2026-03-23,2026-08-06,82,2690,1181,137,0.598540,0.376650,0.410924,0.183276,,,,,,,,GLOBAL_BASELINE_NO_ENTITY_RANKING,,,NOT_APPLICABLE_GLOBAL_BASELINE,HF9g-P5,,,,X 全窗基线 · 不参与实体赏罚,6876756,688,A168_HF9F_20260827_0900,2026-08-27 09:00:00
2026-03-26,70460261,1714,0,115.8595992312,-64.5127313901,-64.5127313901,0.3333333,3,3,0.50665070000000000,0.506650700000,-0.6004420894325239,-0.6004420894325239,-0.6004420894325239,0E-17,ELIGIBLE,R03b_20260811_FULL_v1,L1_ELIGIBILITY,v2026-08-11,2026-03-21..2026-08-06,baccarat_bet02_101_all_pairs_incl_sentinel,round_win = game_pnl > 0 (decisive only),COMPATIBILITY_ONLY_NOT_PRODUCTION,268817.8208,244366.2908,168.7661,6248,5610,-0.00062781,-0.08642944,0.00436428,-0.00062781,-168.7661,268817.8208,OK,0.0000,6.7506,4.0000,96.0000,AG03-UNRESOLVED,ALL5_LEVELS_bet23_to_bet27,6.7506,6.7506,6.7506,8.4383,8.4383,4.000000,4.000000,4.000000,5.000000,5.000000,96.000000,96.000000,96.000000,95.000000,95.000000,5.0,37.1285,34.0107,131.6376,134.7554,PENDING_AG03,FALSE,NOT_FOR_ENFORCEMENT,162.0155,234591.6392,168.7661,162.0155,6.7506,0.00062781,0.00060270,6.7506,162.0155,0.00060270,6.7506,6.7506,6.7506,8.4383,8.4383,162.0155,0.00060270,37.1285,34.0107,131.6376,134.7554,0.00048969,0.00050129,0.00002511,43.0246,43.5591,0.0301,2.0581,0.0627,3278.2661,68.4146,17.6798,46.9397,25.7155,39.4976,52.6635,77.1466,82.2897,128.5777,31.4111,0.0,2.083411,3.25533,1.089297,30,192,222,8,0.05498276,0.00062781,0.08642944,0E-8,0.000000,0.909041,0.000000,-0.09079372,2026-03-23,2026-08-06,82,2690,1181,137,0.598540,0.376650,0.410924,0.183276,,,,,,,,GLOBAL_BASELINE_NO_ENTITY_RANKING,,,NOT_APPLICABLE_GLOBAL_BASELINE,HF9g-P5,,,,X 全窗基线 · 不参与实体赏罚,6876757,688,A168_HF9F_20260827_0900,2026-08-27 09:00:00
2026-03-26,70460261,1750,0,118.4927719410,116.5178924086,116.5178924086,1.0000000,5,5,0.49860758000000000,0.498607580000,2.242303763970222,2.242303763970222,2.242303763970222,0E-17,ELIGIBLE,R03b_20260811_FULL_v1,L1_ELIGIBILITY,v2026-08-11,2026-03-21..2026-08-06,baccarat_bet02_101_all_pairs_incl_sentinel,round_win = game_pnl > 0 (decisive only),COMPATIBILITY_ONLY_NOT_PRODUCTION,268817.8208,244366.2908,168.7661,6248,5610,-0.00062781,-0.08642944,0.00436428,-0.00062781,-168.7661,268817.8208,OK,0.0000,6.7506,4.0000,96.0000,AG03-UNRESOLVED,ALL5_LEVELS_bet23_to_bet27,6.7506,6.7506,6.7506,8.4383,8.4383,4.000000,4.000000,4.000000,5.000000,5.000000,96.000000,96.000000,96.000000,95.000000,95.000000,5.0,37.1285,34.0107,131.6376,134.7554,PENDING_AG03,FALSE,NOT_FOR_ENFORCEMENT,162.0155,234591.6392,168.7661,162.0155,6.7506,0.00062781,0.00060270,6.7506,162.0155,0.00060270,6.7506,6.7506,6.7506,8.4383,8.4383,162.0155,0.00060270,37.1285,34.0107,131.6376,134.7554,0.00048969,0.00050129,0.00002511,43.0246,43.5591,0.0301,2.0581,0.0627,3278.2661,68.4146,17.6798,46.9397,25.7155,39.4976,52.6635,77.1466,82.2897,128.5777,31.4111,0.0,2.083411,3.25533,1.089297,30,192,222,8,0.05498276,0.00062781,0.08642944,0E-8,0.000000,0.909041,0.000000,-0.09079372,2026-03-23,2026-08-06,82,2690,1181,137,0.598540,0.376650,0.410924,0.183276,,,,,,,,GLOBAL_BASELINE_NO_ENTITY_RANKING,,,NOT_APPLICABLE_GLOBAL_BASELINE,HF9g-P5,,,,X 全窗基线 · 不参与实体赏罚,6876758,688,A168_HF9F_20260827_0900,2026-08-27 09:00:00
2026-03-26,70460261,1935,0,146.4044026648,41.5251336334,41.5251336334,0.6666667,3,3,0.50665070000000000,0.506650700000,0.5543606114942035,0.5543606114942035,0.5543606114942035,0E-17,ELIGIBLE,R03b_20260811_FULL_v1,L1_ELIGIBILITY,v2026-08-11,2026-03-21..2026-08-06,baccarat_bet02_101_all_pairs_incl_sentinel,round_win = game_pnl > 0 (decisive only),COMPATIBILITY_ONLY_NOT_PRODUCTION,268817.8208,244366.2908,168.7661,6248,5610,-0.00062781,-0.08642944,0.00436428,-0.00062781,-168.7661,268817.8208,OK,0.0000,6.7506,4.0000,96.0000,AG03-UNRESOLVED,ALL5_LEVELS_bet23_to_bet27,6.7506,6.7506,6.7506,8.4383,8.4383,4.000000,4.000000,4.000000,5.000000,5.000000,96.000000,96.000000,96.000000,95.000000,95.000000,5.0,37.1285,34.0107,131.6376,134.7554,PENDING_AG03,FALSE,NOT_FOR_ENFORCEMENT,162.0155,234591.6392,168.7661,162.0155,6.7506,0.00062781,0.00060270,6.7506,162.0155,0.00060270,6.7506,6.7506,6.7506,8.4383,8.4383,162.0155,0.00060270,37.1285,34.0107,131.6376,134.7554,0.00048969,0.00050129,0.00002511,43.0246,43.5591,0.0301,2.0581,0.0627,3278.2661,68.4146,17.6798,46.9397,25.7155,39.4976,52.6635,77.1466,82.2897,128.5777,31.4111,0.0,2.083411,3.25533,1.089297,30,192,222,8,0.05498276,0.00062781,0.08642944,0E-8,0.000000,0.909041,0.000000,-0.09079372,2026-03-23,2026-08-06,82,2690,1181,137,0.598540,0.376650,0.410924,0.183276,,,,,,,,GLOBAL_BASELINE_NO_ENTITY_RANKING,,,NOT_APPLICABLE_GLOBAL_BASELINE,HF9g-P5,,,,X 全窗基线 · 不参与实体赏罚,6876759,688,A168_HF9F_20260827_0900,2026-08-27 09:00:00
2026-03-26,70460261,1941,0,73.7288358744,-73.7288358744,-73.7288358744,0E-7,2,2,0.49994810000000000,0.499948100000,-1.4140667746232096,-1.4140667746232096,-1.4140667746232096,0E-17,ELIGIBLE,R03b_20260811_FULL_v1,L1_ELIGIBILITY,v2026-08-11,2026-03-21..2026-08-06,baccarat_bet02_101_all_pairs_incl_sentinel,round_win = game_pnl > 0 (decisive only),COMPATIBILITY_ONLY_NOT_PRODUCTION,268817.8208,244366.2908,168.7661,6248,5610,-0.00062781,-0.08642944,0.00436428,-0.00062781,-168.7661,268817.8208,OK,0.0000,6.7506,4.0000,96.0000,AG03-UNRESOLVED,ALL5_LEVELS_bet23_to_bet27,6.7506,6.7506,6.7506,8.4383,8.4383,4.000000,4.000000,4.000000,5.000000,5.000000,96.000000,96.000000,96.000000,95.000000,95.000000,5.0,37.1285,34.0107,131.6376,134.7554,PENDING_AG03,FALSE,NOT_FOR_ENFORCEMENT,162.0155,234591.6392,168.7661,162.0155,6.7506,0.00062781,0.00060270,6.7506,162.0155,0.00060270,6.7506,6.7506,6.7506,8.4383,8.4383,162.0155,0.00060270,37.1285,34.0107,131.6376,134.7554,0.00048969,0.00050129,0.00002511,43.0246,43.5591,0.0301,2.0581,0.0627,3278.2661,68.4146,17.6798,46.9397,25.7155,39.4976,52.6635,77.1466,82.2897,128.5777,31.4111,0.0,2.083411,3.25533,1.089297,30,192,222,8,0.05498276,0.00062781,0.08642944,0E-8,0.000000,0.909041,0.000000,-0.09079372,2026-03-23,2026-08-06,82,2690,1181,137,0.598540,0.376650,0.410924,0.183276,,,,,,,,GLOBAL_BASELINE_NO_ENTITY_RANKING,,,NOT_APPLICABLE_GLOBAL_BASELINE,HF9g-P5,,,,X 全窗基线 · 不参与实体赏罚,6876760,688,A168_HF9F_20260827_0900,2026-08-27 09:00:00
2026-03-26,70460261,1942,0,131.6586354899,22.3819680332,22.3819680332,0.5000000,2,2,0.50665070000000000,0.506650700000,-0.018812684590367487,-0.018812684590367487,-0.018812684590367487,0E-17,ELIGIBLE,R03b_20260811_FULL_v1,L1_ELIGIBILITY,v2026-08-11,2026-03-21..2026-08-06,baccarat_bet02_101_all_pairs_incl_sentinel,round_win = game_pnl > 0 (decisive only),COMPATIBILITY_ONLY_NOT_PRODUCTION,268817.8208,244366.2908,168.7661,6248,5610,-0.00062781,-0.08642944,0.00436428,-0.00062781,-168.7661,268817.8208,OK,0.0000,6.7506,4.0000,96.0000,AG03-UNRESOLVED,ALL5_LEVELS_bet23_to_bet27,6.7506,6.7506,6.7506,8.4383,8.4383,4.000000,4.000000,4.000000,5.000000,5.000000,96.000000,96.000000,96.000000,95.000000,95.000000,5.0,37.1285,34.0107,131.6376,134.7554,PENDING_AG03,FALSE,NOT_FOR_ENFORCEMENT,162.0155,234591.6392,168.7661,162.0155,6.7506,0.00062781,0.00060270,6.7506,162.0155,0.00060270,6.7506,6.7506,6.7506,8.4383,8.4383,162.0155,0.00060270,37.1285,34.0107,131.6376,134.7554,0.00048969,0.00050129,0.00002511,43.0246,43.5591,0.0301,2.0581,0.0627,3278.2661,68.4146,17.6798,46.9397,25.7155,39.4976,52.6635,77.1466,82.2897,128.5777,31.4111,0.0,2.083411,3.25533,1.089297,30,192,222,8,0.05498276,0.00062781,0.08642944,0E-8,0.000000,0.909041,0.000000,-0.09079372,2026-03-23,2026-08-06,82,2690,1181,137,0.598540,0.376650,0.410924,0.183276,,,,,,,,GLOBAL_BASELINE_NO_ENTITY_RANKING,,,NOT_APPLICABLE_GLOBAL_BASELINE,HF9g-P5,,,,X 全窗基线 · 不参与实体赏罚,6876761,688,A168_HF9F_20260827_0900,2026-08-27 09:00:00
2026-03-26,70460261,1957,0,131.6586354899,26.3317270979,26.3317270979,0.5000000,2,2,0.49324550000000000,0.493245500000,0.01910635448239258,0.01910635448239258,0.01910635448239258,0E-17,ELIGIBLE,R03b_20260811_FULL_v1,L1_ELIGIBILITY,v2026-08-11,2026-03-21..2026-08-06,baccarat_bet02_101_all_pairs_incl_sentinel,round_win = game_pnl > 0 (decisive only),COMPATIBILITY_ONLY_NOT_PRODUCTION,268817.8208,244366.2908,168.7661,6248,5610,-0.00062781,-0.08642944,0.00436428,-0.00062781,-168.7661,268817.8208,OK,0.0000,6.7506,4.0000,96.0000,AG03-UNRESOLVED,ALL5_LEVELS_bet23_to_bet27,6.7506,6.7506,6.7506,8.4383,8.4383,4.000000,4.000000,4.000000,5.000000,5.000000,96.000000,96.000000,96.000000,95.000000,95.000000,5.0,37.1285,34.0107,131.6376,134.7554,PENDING_AG03,FALSE,NOT_FOR_ENFORCEMENT,162.0155,234591.6392,168.7661,162.0155,6.7506,0.00062781,0.00060270,6.7506,162.0155,0.00060270,6.7506,6.7506,6.7506,8.4383,8.4383,162.0155,0.00060270,37.1285,34.0107,131.6376,134.7554,0.00048969,0.00050129,0.00002511,43.0246,43.5591,0.0301,2.0581,0.0627,3278.2661,68.4146,17.6798,46.9397,25.7155,39.4976,52.6635,77.1466,82.2897,128.5777,31.4111,0.0,2.083411,3.25533,1.089297,30,192,222,8,0.05498276,0.00062781,0.08642944,0E-8,0.000000,0.909041,0.000000,-0.09079372,2026-03-23,2026-08-06,82,2690,1181,137,0.598540,0.376650,0.410924,0.183276,,,,,,,,GLOBAL_BASELINE_NO_ENTITY_RANKING,,,NOT_APPLICABLE_GLOBAL_BASELINE,HF9g-P5,,,,X 全窗基线 · 不参与实体赏罚,6876762,688,A168_HF9F_20260827_0900,2026-08-27 09:00:00
2026-03-26,70460261,1984,0,94.7942175527,-94.7942175527,-94.7942175527,0E-7,2,2,0.50665070000000000,0.506650700000,-1.4331513700195317,-1.4331513700195317,-1.4331513700195317,0E-17,ELIGIBLE,R03b_20260811_FULL_v1,L1_ELIGIBILITY,v2026-08-11,2026-03-21..2026-08-06,baccarat_bet02_101_all_pairs_incl_sentinel,round_win = game_pnl > 0 (decisive only),COMPATIBILITY_ONLY_NOT_PRODUCTION,268817.8208,244366.2908,168.7661,6248,5610,-0.00062781,-0.08642944,0.00436428,-0.00062781,-168.7661,268817.8208,OK,0.0000,6.7506,4.0000,96.0000,AG03-UNRESOLVED,ALL5_LEVELS_bet23_to_bet27,6.7506,6.7506,6.7506,8.4383,8.4383,4.000000,4.000000,4.000000,5.000000,5.000000,96.000000,96.000000,96.000000,95.000000,95.000000,5.0,37.1285,34.0107,131.6376,134.7554,PENDING_AG03,FALSE,NOT_FOR_ENFORCEMENT,162.0155,234591.6392,168.7661,162.0155,6.7506,0.00062781,0.00060270,6.7506,162.0155,0.00060270,6.7506,6.7506,6.7506,8.4383,8.4383,162.0155,0.00060270,37.1285,34.0107,131.6376,134.7554,0.00048969,0.00050129,0.00002511,43.0246,43.5591,0.0301,2.0581,0.0627,3278.2661,68.4146,17.6798,46.9397,25.7155,39.4976,52.6635,77.1466,82.2897,128.5777,31.4111,0.0,2.083411,3.25533,1.089297,30,192,222,8,0.05498276,0.00062781,0.08642944,0E-8,0.000000,0.909041,0.000000,-0.09079372,2026-03-23,2026-08-06,82,2690,1181,137,0.598540,0.376650,0.410924,0.183276,,,,,,,,GLOBAL_BASELINE_NO_ENTITY_RANKING,,,NOT_APPLICABLE_GLOBAL_BASELINE,HF9g-P5,,,,X 全窗基线 · 不参与实体赏罚,6876763,688,A168_HF9F_20260827_0900,2026-08-27 09:00:00
2026-03-26,70460261,1991,0,53.7167232799,-53.7167232799,-53.7167232799,0E-7,1,1,0.50665070000000000,0.506650700000,-1.013391052207602,-1.013391052207602,-1.013391052207602,0E-17,ELIGIBLE,R03b_20260811_FULL_v1,L1_ELIGIBILITY,v2026-08-11,2026-03-21..2026-08-06,baccarat_bet02_101_all_pairs_incl_sentinel,round_win = game_pnl > 0 (decisive only),COMPATIBILITY_ONLY_NOT_PRODUCTION,268817.8208,244366.2908,168.7661,6248,5610,-0.00062781,-0.08642944,0.00436428,-0.00062781,-168.7661,268817.8208,OK,0.0000,6.7506,4.0000,96.0000,AG03-UNRESOLVED,ALL5_LEVELS_bet23_to_bet27,6.7506,6.7506,6.7506,8.4383,8.4383,4.000000,4.000000,4.000000,5.000000,5.000000,96.000000,96.000000,96.000000,95.000000,95.000000,5.0,37.1285,34.0107,131.6376,134.7554,PENDING_AG03,FALSE,NOT_FOR_ENFORCEMENT,162.0155,234591.6392,168.7661,162.0155,6.7506,0.00062781,0.00060270,6.7506,162.0155,0.00060270,6.7506,6.7506,6.7506,8.4383,8.4383,162.0155,0.00060270,37.1285,34.0107,131.6376,134.7554,0.00048969,0.00050129,0.00002511,43.0246,43.5591,0.0301,2.0581,0.0627,3278.2661,68.4146,17.6798,46.9397,25.7155,39.4976,52.6635,77.1466,82.2897,128.5777,31.4111,0.0,2.083411,3.25533,1.089297,30,192,222,8,0.05498276,0.00062781,0.08642944,0E-8,0.000000,0.909041,0.000000,-0.09079372,2026-03-23,2026-08-06,82,2690,1181,137,0.598540,0.376650,0.410924,0.183276,,,,,,,,GLOBAL_BASELINE_NO_ENTITY_RANKING,,,NOT_APPLICABLE_GLOBAL_BASELINE,HF9g-P5,,,,X 全窗基线 · 不参与实体赏罚,6876764,688,A168_HF9F_20260827_0900,2026-08-27 09:00:00
2026-03-26,70460261,1994,0,142.1913263292,112.5681333439,112.5681333439,1.0000000,3,3,0.50665070000000000,0.506650700000,1.3955260008387969,1.3955260008387969,1.3955260008387969,0E-17,ELIGIBLE,R03b_20260811_FULL_v1,L1_ELIGIBILITY,v2026-08-11,2026-03-21..2026-08-06,baccarat_bet02_101_all_pairs_incl_sentinel,round_win = game_pnl > 0 (decisive only),COMPATIBILITY_ONLY_NOT_PRODUCTION,268817.8208,244366.2908,168.7661,6248,5610,-0.00062781,-0.08642944,0.00436428,-0.00062781,-168.7661,268817.8208,OK,0.0000,6.7506,4.0000,96.0000,AG03-UNRESOLVED,ALL5_LEVELS_bet23_to_bet27,6.7506,6.7506,6.7506,8.4383,8.4383,4.000000,4.000000,4.000000,5.000000,5.000000,96.000000,96.000000,96.000000,95.000000,95.000000,5.0,37.1285,34.0107,131.6376,134.7554,PENDING_AG03,FALSE,NOT_FOR_ENFORCEMENT,162.0155,234591.6392,168.7661,162.0155,6.7506,0.00062781,0.00060270,6.7506,162.0155,0.00060270,6.7506,6.7506,6.7506,8.4383,8.4383,162.0155,0.00060270,37.1285,34.0107,131.6376,134.7554,0.00048969,0.00050129,0.00002511,43.0246,43.5591,0.0301,2.0581,0.0627,3278.2661,68.4146,17.6798,46.9397,25.7155,39.4976,52.6635,77.1466,82.2897,128.5777,31.4111,0.0,2.083411,3.25533,1.089297,30,192,222,8,0.05498276,0.00062781,0.08642944,0E-8,0.000000,0.909041,0.000000,-0.09079372,2026-03-23,2026-08-06,82,2690,1181,137,0.598540,0.376650,0.410924,0.183276,,,,,,,,GLOBAL_BASELINE_NO_ENTITY_RANKING,,,NOT_APPLICABLE_GLOBAL_BASELINE,HF9g-P5,,,,X 全窗基线 · 不参与实体赏罚,6876765,688,A168_HF9F_20260827_0900,2026-08-27 09:00:00
2026-03-26,70460261,2063,0,179.0557442664,-26.3317270980,-26.3317270980,0.6000000,5,5,0.49592654000000000,0.495926540000,0.46544610904919037,0.46544610904919037,0.46544610904919037,0E-17,ELIGIBLE,R03b_20260811_FULL_v1,L1_ELIGIBILITY,v2026-08-11,2026-03-21..2026-08-06,baccarat_bet02_101_all_pairs_incl_sentinel,round_win = game_pnl > 0 (decisive only),COMPATIBILITY_ONLY_NOT_PRODUCTION,268817.8208,244366.2908,168.7661,6248,5610,-0.00062781,-0.08642944,0.00436428,-0.00062781,-168.7661,268817.8208,OK,0.0000,6.7506,4.0000,96.0000,AG03-UNRESOLVED,ALL5_LEVELS_bet23_to_bet27,6.7506,6.7506,6.7506,8.4383,8.4383,4.000000,4.000000,4.000000,5.000000,5.000000,96.000000,96.000000,96.000000,95.000000,95.000000,5.0,37.1285,34.0107,131.6376,134.7554,PENDING_AG03,FALSE,NOT_FOR_ENFORCEMENT,162.0155,234591.6392,168.7661,162.0155,6.7506,0.00062781,0.00060270,6.7506,162.0155,0.00060270,6.7506,6.7506,6.7506,8.4383,8.4383,162.0155,0.00060270,37.1285,34.0107,131.6376,134.7554,0.00048969,0.00050129,0.00002511,43.0246,43.5591,0.0301,2.0581,0.0627,3278.2661,68.4146,17.6798,46.9397,25.7155,39.4976,52.6635,77.1466,82.2897,128.5777,31.4111,0.0,2.083411,3.25533,1.089297,30,192,222,8,0.05498276,0.00062781,0.08642944,0E-8,0.000000,0.909041,0.000000,-0.09079372,2026-03-23,2026-08-06,82,2690,1181,137,0.598540,0.376650,0.410924,0.183276,,,,,,,,GLOBAL_BASELINE_NO_ENTITY_RANKING,,,NOT_APPLICABLE_GLOBAL_BASELINE,HF9g-P5,,,,X 全窗基线 · 不参与实体赏罚,6876766,688,A168_HF9F_20260827_0900,2026-08-27 09:00:00
2026-03-26,70460261,2088,0,185.3753587699,48.3977144061,48.3977144061,0.6666667,4,4,0.50329940000000000,0.503299400000,0.5659331339966515,0.5659331339966515,0.5659331339966515,0E-17,ELIGIBLE,R03b_20260811_FULL_v1,L1_ELIGIBILITY,v2026-08-11,2026-03-21..2026-08-06,baccarat_bet02_101_all_pairs_incl_sentinel,round_win = game_pnl > 0 (decisive only),COMPATIBILITY_ONLY_NOT_PRODUCTION,268817.8208,244366.2908,168.7661,6248,5610,-0.00062781,-0.08642944,0.00436428,-0.00062781,-168.7661,268817.8208,OK,0.0000,6.7506,4.0000,96.0000,AG03-UNRESOLVED,ALL5_LEVELS_bet23_to_bet27,6.7506,6.7506,6.7506,8.4383,8.4383,4.000000,4.000000,4.000000,5.000000,5.000000,96.000000,96.000000,96.000000,95.000000,95.000000,5.0,37.1285,34.0107,131.6376,134.7554,PENDING_AG03,FALSE,NOT_FOR_ENFORCEMENT,162.0155,234591.6392,168.7661,162.0155,6.7506,0.00062781,0.00060270,6.7506,162.0155,0.00060270,6.7506,6.7506,6.7506,8.4383,8.4383,162.0155,0.00060270,37.1285,34.0107,131.6376,134.7554,0.00048969,0.00050129,0.00002511,43.0246,43.5591,0.0301,2.0581,0.0627,3278.2661,68.4146,17.6798,46.9397,25.7155,39.4976,52.6635,77.1466,82.2897,128.5777,31.4111,0.0,2.083411,3.25533,1.089297,30,192,222,8,0.05498276,0.00062781,0.08642944,0E-8,0.000000,0.909041,0.000000,-0.09079372,2026-03-23,2026-08-06,82,2690,1181,137,0.598540,0.376650,0.410924,0.183276,,,,,,,,GLOBAL_BASELINE_NO_ENTITY_RANKING,,,NOT_APPLICABLE_GLOBAL_BASELINE,HF9g-P5,,,,X 全窗基线 · 不参与实体赏罚,6876767,688,A168_HF9F_20260827_0900,2026-08-27 09:00:00
2026-03-26,70460261,2093,0,439.7398425365,13.4291808201,13.4291808201,0.6666667,10,10,0.50531018000000000,0.505310180000,0.9681935238042554,0.9681935238042554,0.9681935238042554,0E-17,ELIGIBLE,R03b_20260811_FULL_v1,L1_ELIGIBILITY,v2026-08-11,2026-03-21..2026-08-06,baccarat_bet02_101_all_pairs_incl_sentinel,round_win = game_pnl > 0 (decisive only),COMPATIBILITY_ONLY_NOT_PRODUCTION,268817.8208,244366.2908,168.7661,6248,5610,-0.00062781,-0.08642944,0.00436428,-0.00062781,-168.7661,268817.8208,OK,0.0000,6.7506,4.0000,96.0000,AG03-UNRESOLVED,ALL5_LEVELS_bet23_to_bet27,6.7506,6.7506,6.7506,8.4383,8.4383,4.000000,4.000000,4.000000,5.000000,5.000000,96.000000,96.000000,96.000000,95.000000,95.000000,5.0,37.1285,34.0107,131.6376,134.7554,PENDING_AG03,FALSE,NOT_FOR_ENFORCEMENT,162.0155,234591.6392,168.7661,162.0155,6.7506,0.00062781,0.00060270,6.7506,162.0155,0.00060270,6.7506,6.7506,6.7506,8.4383,8.4383,162.0155,0.00060270,37.1285,34.0107,131.6376,134.7554,0.00048969,0.00050129,0.00002511,43.0246,43.5591,0.0301,2.0581,0.0627,3278.2661,68.4146,17.6798,46.9397,25.7155,39.4976,52.6635,77.1466,82.2897,128.5777,31.4111,0.0,2.083411,3.25533,1.089297,30,192,222,8,0.05498276,0.00062781,0.08642944,0E-8,0.000000,0.909041,0.000000,-0.09079372,2026-03-23,2026-08-06,82,2690,1181,137,0.598540,0.376650,0.410924,0.183276,,,,,,,,GLOBAL_BASELINE_NO_ENTITY_RANKING,,,NOT_APPLICABLE_GLOBAL_BASELINE,HF9g-P5,,,,X 全窗基线 · 不参与实体赏罚,6876768,688,A168_HF9F_20260827_0900,2026-08-27 09:00:00
2026-03-26,70460261,2103,0,300.1816889171,-7.7678594938,-7.7678594938,0.5000000,6,6,0.50665070000000000,0.506650700000,-0.02660515369234503,-0.02660515369234503,-0.02660515369234503,0E-17,ELIGIBLE,R03b_20260811_FULL_v1,L1_ELIGIBILITY,v2026-08-11,2026-03-21..2026-08-06,baccarat_bet02_101_all_pairs_incl_sentinel,round_win = game_pnl > 0 (decisive only),COMPATIBILITY_ONLY_NOT_PRODUCTION,268817.8208,244366.2908,168.7661,6248,5610,-0.00062781,-0.08642944,0.00436428,-0.00062781,-168.7661,268817.8208,OK,0.0000,6.7506,4.0000,96.0000,AG03-UNRESOLVED,ALL5_LEVELS_bet23_to_bet27,6.7506,6.7506,6.7506,8.4383,8.4383,4.000000,4.000000,4.000000,5.000000,5.000000,96.000000,96.000000,96.000000,95.000000,95.000000,5.0,37.1285,34.0107,131.6376,134.7554,PENDING_AG03,FALSE,NOT_FOR_ENFORCEMENT,162.0155,234591.6392,168.7661,162.0155,6.7506,0.00062781,0.00060270,6.7506,162.0155,0.00060270,6.7506,6.7506,6.7506,8.4383,8.4383,162.0155,0.00060270,37.1285,34.0107,131.6376,134.7554,0.00048969,0.00050129,0.00002511,43.0246,43.5591,0.0301,2.0581,0.0627,3278.2661,68.4146,17.6798,46.9397,25.7155,39.4976,52.6635,77.1466,82.2897,128.5777,31.4111,0.0,2.083411,3.25533,1.089297,30,192,222,8,0.05498276,0.00062781,0.08642944,0E-8,0.000000,0.909041,0.000000,-0.09079372,2026-03-23,2026-08-06,82,2690,1181,137,0.598540,0.376650,0.410924,0.183276,,,,,,,,GLOBAL_BASELINE_NO_ENTITY_RANKING,,,NOT_APPLICABLE_GLOBAL_BASELINE,HF9g-P5,,,,X 全窗基线 · 不参与实体赏罚,6876769,688,A168_HF9F_20260827_0900,2026-08-27 09:00:00
2026-03-26,70460261,2106,0,479.2374331834,73.9921531451,73.9921531451,0.5000000,9,9,0.50516123333333333,0.505161233333,-0.02919790032230849,-0.029197900320422594,-0.02919790032230849,3.3333E-13,ELIGIBLE,R03b_20260811_FULL_v1,L1_ELIGIBILITY,v2026-08-11,2026-03-21..2026-08-06,baccarat_bet02_101_all_pairs_incl_sentinel,round_win = game_pnl > 0 (decisive only),COMPATIBILITY_ONLY_NOT_PRODUCTION,268817.8208,244366.2908,168.7661,6248,5610,-0.00062781,-0.08642944,0.00436428,-0.00062781,-168.7661,268817.8208,OK,0.0000,6.7506,4.0000,96.0000,AG03-UNRESOLVED,ALL5_LEVELS_bet23_to_bet27,6.7506,6.7506,6.7506,8.4383,8.4383,4.000000,4.000000,4.000000,5.000000,5.000000,96.000000,96.000000,96.000000,95.000000,95.000000,5.0,37.1285,34.0107,131.6376,134.7554,PENDING_AG03,FALSE,NOT_FOR_ENFORCEMENT,162.0155,234591.6392,168.7661,162.0155,6.7506,0.00062781,0.00060270,6.7506,162.0155,0.00060270,6.7506,6.7506,6.7506,8.4383,8.4383,162.0155,0.00060270,37.1285,34.0107,131.6376,134.7554,0.00048969,0.00050129,0.00002511,43.0246,43.5591,0.0301,2.0581,0.0627,3278.2661,68.4146,17.6798,46.9397,25.7155,39.4976,52.6635,77.1466,82.2897,128.5777,31.4111,0.0,2.083411,3.25533,1.089297,30,192,222,8,0.05498276,0.00062781,0.08642944,0E-8,0.000000,0.909041,0.000000,-0.09079372,2026-03-23,2026-08-06,82,2690,1181,137,0.598540,0.376650,0.410924,0.183276,,,,,,,,GLOBAL_BASELINE_NO_ENTITY_RANKING,,,NOT_APPLICABLE_GLOBAL_BASELINE,HF9g-P5,,,,X 全窗基线 · 不参与实体赏罚,6876770,688,A168_HF9F_20260827_0900,2026-08-27 09:00:00
2026-03-26,70460261,2117,0,120.8626273798,-40.5508597309,-40.5508597309,0.3333333,4,4,0.50329940000000000,0.503299400000,-0.5887925454369916,-0.5887925454369916,-0.5887925454369916,0E-17,ELIGIBLE,R03b_20260811_FULL_v1,L1_ELIGIBILITY,v2026-08-11,2026-03-21..2026-08-06,baccarat_bet02_101_all_pairs_incl_sentinel,round_win = game_pnl > 0 (decisive only),COMPATIBILITY_ONLY_NOT_PRODUCTION,268817.8208,244366.2908,168.7661,6248,5610,-0.00062781,-0.08642944,0.00436428,-0.00062781,-168.7661,268817.8208,OK,0.0000,6.7506,4.0000,96.0000,AG03-UNRESOLVED,ALL5_LEVELS_bet23_to_bet27,6.7506,6.7506,6.7506,8.4383,8.4383,4.000000,4.000000,4.000000,5.000000,5.000000,96.000000,96.000000,96.000000,95.000000,95.000000,5.0,37.1285,34.0107,131.6376,134.7554,PENDING_AG03,FALSE,NOT_FOR_ENFORCEMENT,162.0155,234591.6392,168.7661,162.0155,6.7506,0.00062781,0.00060270,6.7506,162.0155,0.00060270,6.7506,6.7506,6.7506,8.4383,8.4383,162.0155,0.00060270,37.1285,34.0107,131.6376,134.7554,0.00048969,0.00050129,0.00002511,43.0246,43.5591,0.0301,2.0581,0.0627,3278.2661,68.4146,17.6798,46.9397,25.7155,39.4976,52.6635,77.1466,82.2897,128.5777,31.4111,0.0,2.083411,3.25533,1.089297,30,192,222,8,0.05498276,0.00062781,0.08642944,0E-8,0.000000,0.909041,0.000000,-0.09079372,2026-03-23,2026-08-06,82,2690,1181,137,0.598540,0.376650,0.410924,0.183276,,,,,,,,GLOBAL_BASELINE_NO_ENTITY_RANKING,,,NOT_APPLICABLE_GLOBAL_BASELINE,HF9g-P5,,,,X 全窗基线 · 不参与实体赏罚,6876771,688,A168_HF9F_20260827_0900,2026-08-27 09:00:00
2026-03-26,70460261,2121,0,78.9951812940,-26.3317270980,-26.3317270980,0.5000000,2,2,0.49324550000000000,0.493245500000,0.01910635448239258,0.01910635448239258,0.01910635448239258,0E-17,ELIGIBLE,R03b_20260811_FULL_v1,L1_ELIGIBILITY,v2026-08-11,2026-03-21..2026-08-06,baccarat_bet02_101_all_pairs_incl_sentinel,round_win = game_pnl > 0 (decisive only),COMPATIBILITY_ONLY_NOT_PRODUCTION,268817.8208,244366.2908,168.7661,6248,5610,-0.00062781,-0.08642944,0.00436428,-0.00062781,-168.7661,268817.8208,OK,0.0000,6.7506,4.0000,96.0000,AG03-UNRESOLVED,ALL5_LEVELS_bet23_to_bet27,6.7506,6.7506,6.7506,8.4383,8.4383,4.000000,4.000000,4.000000,5.000000,5.000000,96.000000,96.000000,96.000000,95.000000,95.000000,5.0,37.1285,34.0107,131.6376,134.7554,PENDING_AG03,FALSE,NOT_FOR_ENFORCEMENT,162.0155,234591.6392,168.7661,162.0155,6.7506,0.00062781,0.00060270,6.7506,162.0155,0.00060270,6.7506,6.7506,6.7506,8.4383,8.4383,162.0155,0.00060270,37.1285,34.0107,131.6376,134.7554,0.00048969,0.00050129,0.00002511,43.0246,43.5591,0.0301,2.0581,0.0627,3278.2661,68.4146,17.6798,46.9397,25.7155,39.4976,52.6635,77.1466,82.2897,128.5777,31.4111,0.0,2.083411,3.25533,1.089297,30,192,222,8,0.05498276,0.00062781,0.08642944,0E-8,0.000000,0.909041,0.000000,-0.09079372,2026-03-23,2026-08-06,82,2690,1181,137,0.598540,0.376650,0.410924,0.183276,,,,,,,,GLOBAL_BASELINE_NO_ENTITY_RANKING,,,NOT_APPLICABLE_GLOBAL_BASELINE,HF9g-P5,,,,X 全窗基线 · 不参与实体赏罚,6876772,688,A168_HF9F_20260827_0900,2026-08-27 09:00:00
2026-03-26,70460261,2123,0,26.3317270980,-26.3317270980,-26.3317270980,0E-7,1,1,0.50665070000000000,0.506650700000,-1.013391052207602,-1.013391052207602,-1.013391052207602,0E-17,ELIGIBLE,R03b_20260811_FULL_v1,L1_ELIGIBILITY,v2026-08-11,2026-03-21..2026-08-06,baccarat_bet02_101_all_pairs_incl_sentinel,round_win = game_pnl > 0 (decisive only),COMPATIBILITY_ONLY_NOT_PRODUCTION,268817.8208,244366.2908,168.7661,6248,5610,-0.00062781,-0.08642944,0.00436428,-0.00062781,-168.7661,268817.8208,OK,0.0000,6.7506,4.0000,96.0000,AG03-UNRESOLVED,ALL5_LEVELS_bet23_to_bet27,6.7506,6.7506,6.7506,8.4383,8.4383,4.000000,4.000000,4.000000,5.000000,5.000000,96.000000,96.000000,96.000000,95.000000,95.000000,5.0,37.1285,34.0107,131.6376,134.7554,PENDING_AG03,FALSE,NOT_FOR_ENFORCEMENT,162.0155,234591.6392,168.7661,162.0155,6.7506,0.00062781,0.00060270,6.7506,162.0155,0.00060270,6.7506,6.7506,6.7506,8.4383,8.4383,162.0155,0.00060270,37.1285,34.0107,131.6376,134.7554,0.00048969,0.00050129,0.00002511,43.0246,43.5591,0.0301,2.0581,0.0627,3278.2661,68.4146,17.6798,46.9397,25.7155,39.4976,52.6635,77.1466,82.2897,128.5777,31.4111,0.0,2.083411,3.25533,1.089297,30,192,222,8,0.05498276,0.00062781,0.08642944,0E-8,0.000000,0.909041,0.000000,-0.09079372,2026-03-23,2026-08-06,82,2690,1181,137,0.598540,0.376650,0.410924,0.183276,,,,,,,,GLOBAL_BASELINE_NO_ENTITY_RANKING,,,NOT_APPLICABLE_GLOBAL_BASELINE,HF9g-P5,,,,X 全窗基线 · 不参与实体赏罚,6876773,688,A168_HF9F_20260827_0900,2026-08-27 09:00:00
2026-03-26,70460261,2124,0,242.2518893016,81.2333780973,81.2333780973,0.6000000,5,5,0.50665070000000000,0.506650700000,0.4175076967804994,0.4175076967804994,0.4175076967804994,0E-17,ELIGIBLE,R03b_20260811_FULL_v1,L1_ELIGIBILITY,v2026-08-11,2026-03-21..2026-08-06,baccarat_bet02_101_all_pairs_incl_sentinel,round_win = game_pnl > 0 (decisive only),COMPATIBILITY_ONLY_NOT_PRODUCTION,268817.8208,244366.2908,168.7661,6248,5610,-0.00062781,-0.08642944,0.00436428,-0.00062781,-168.7661,268817.8208,OK,0.0000,6.7506,4.0000,96.0000,AG03-UNRESOLVED,ALL5_LEVELS_bet23_to_bet27,6.7506,6.7506,6.7506,8.4383,8.4383,4.000000,4.000000,4.000000,5.000000,5.000000,96.000000,96.000000,96.000000,95.000000,95.000000,5.0,37.1285,34.0107,131.6376,134.7554,PENDING_AG03,FALSE,NOT_FOR_ENFORCEMENT,162.0155,234591.6392,168.7661,162.0155,6.7506,0.00062781,0.00060270,6.7506,162.0155,0.00060270,6.7506,6.7506,6.7506,8.4383,8.4383,162.0155,0.00060270,37.1285,34.0107,131.6376,134.7554,0.00048969,0.00050129,0.00002511,43.0246,43.5591,0.0301,2.0581,0.0627,3278.2661,68.4146,17.6798,46.9397,25.7155,39.4976,52.6635,77.1466,82.2897,128.5777,31.4111,0.0,2.083411,3.25533,1.089297,30,192,222,8,0.05498276,0.00062781,0.08642944,0E-8,0.000000,0.909041,0.000000,-0.09079372,2026-03-23,2026-08-06,82,2690,1181,137,0.598540,0.376650,0.410924,0.183276,,,,,,,,GLOBAL_BASELINE_NO_ENTITY_RANKING,,,NOT_APPLICABLE_GLOBAL_BASELINE,HF9g-P5,,,,X 全窗基线 · 不参与实体赏罚,6876774,688,A168_HF9F_20260827_0900,2026-08-27 09:00:00
2026-03-26,70460261,2129,0,26.3317270980,-26.3317270980,-26.3317270980,0E-7,1,1,0.50665070000000000,0.506650700000,-1.013391052207602,-1.013391052207602,-1.013391052207602,0E-17,ELIGIBLE,R03b_20260811_FULL_v1,L1_ELIGIBILITY,v2026-08-11,2026-03-21..2026-08-06,baccarat_bet02_101_all_pairs_incl_sentinel,round_win = game_pnl > 0 (decisive only),COMPATIBILITY_ONLY_NOT_PRODUCTION,268817.8208,244366.2908,168.7661,6248,5610,-0.00062781,-0.08642944,0.00436428,-0.00062781,-168.7661,268817.8208,OK,0.0000,6.7506,4.0000,96.0000,AG03-UNRESOLVED,ALL5_LEVELS_bet23_to_bet27,6.7506,6.7506,6.7506,8.4383,8.4383,4.000000,4.000000,4.000000,5.000000,5.000000,96.000000,96.000000,96.000000,95.000000,95.000000,5.0,37.1285,34.0107,131.6376,134.7554,PENDING_AG03,FALSE,NOT_FOR_ENFORCEMENT,162.0155,234591.6392,168.7661,162.0155,6.7506,0.00062781,0.00060270,6.7506,162.0155,0.00060270,6.7506,6.7506,6.7506,8.4383,8.4383,162.0155,0.00060270,37.1285,34.0107,131.6376,134.7554,0.00048969,0.00050129,0.00002511,43.0246,43.5591,0.0301,2.0581,0.0627,3278.2661,68.4146,17.6798,46.9397,25.7155,39.4976,52.6635,77.1466,82.2897,128.5777,31.4111,0.0,2.083411,3.25533,1.089297,30,192,222,8,0.05498276,0.00062781,0.08642944,0E-8,0.000000,0.909041,0.000000,-0.09079372,2026-03-23,2026-08-06,82,2690,1181,137,0.598540,0.376650,0.410924,0.183276,,,,,,,,GLOBAL_BASELINE_NO_ENTITY_RANKING,,,NOT_APPLICABLE_GLOBAL_BASELINE,HF9g-P5,,,,X 全窗基线 · 不参与实体赏罚,6876775,688,A168_HF9F_20260827_0900,2026-08-27 09:00:00
2026-03-26,70460261,2130,0,123.7591173605,-123.7591173605,-123.7591173605,0E-7,3,3,0.50218230000000000,0.502182300000,-1.7396270863184011,-1.7396270863184016,-1.7396270863184011,0E-17,ELIGIBLE,R03b_20260811_FULL_v1,L1_ELIGIBILITY,v2026-08-11,2026-03-21..2026-08-06,baccarat_bet02_101_all_pairs_incl_sentinel,round_win = game_pnl > 0 (decisive only),COMPATIBILITY_ONLY_NOT_PRODUCTION,268817.8208,244366.2908,168.7661,6248,5610,-0.00062781,-0.08642944,0.00436428,-0.00062781,-168.7661,268817.8208,OK,0.0000,6.7506,4.0000,96.0000,AG03-UNRESOLVED,ALL5_LEVELS_bet23_to_bet27,6.7506,6.7506,6.7506,8.4383,8.4383,4.000000,4.000000,4.000000,5.000000,5.000000,96.000000,96.000000,96.000000,95.000000,95.000000,5.0,37.1285,34.0107,131.6376,134.7554,PENDING_AG03,FALSE,NOT_FOR_ENFORCEMENT,162.0155,234591.6392,168.7661,162.0155,6.7506,0.00062781,0.00060270,6.7506,162.0155,0.00060270,6.7506,6.7506,6.7506,8.4383,8.4383,162.0155,0.00060270,37.1285,34.0107,131.6376,134.7554,0.00048969,0.00050129,0.00002511,43.0246,43.5591,0.0301,2.0581,0.0627,3278.2661,68.4146,17.6798,46.9397,25.7155,39.4976,52.6635,77.1466,82.2897,128.5777,31.4111,0.0,2.083411,3.25533,1.089297,30,192,222,8,0.05498276,0.00062781,0.08642944,0E-8,0.000000,0.909041,0.000000,-0.09079372,2026-03-23,2026-08-06,82,2690,1181,137,0.598540,0.376650,0.410924,0.183276,,,,,,,,GLOBAL_BASELINE_NO_ENTITY_RANKING,,,NOT_APPLICABLE_GLOBAL_BASELINE,HF9g-P5,,,,X 全窗基线 · 不参与实体赏罚,6876776,688,A168_HF9F_20260827_0900,2026-08-27 09:00:00
2026-03-26,70460261,2141,0,144.8244990390,-47.2654501409,-47.2654501409,0.4000000,5,5,0.50128862000000000,0.501288620000,-0.4529779837142727,-0.4529779837142727,-0.4529779837142727,0E-17,ELIGIBLE,R03b_20260811_FULL_v1,L1_ELIGIBILITY,v2026-08-11,2026-03-21..2026-08-06,baccarat_bet02_101_all_pairs_incl_sentinel,round_win = game_pnl > 0 (decisive only),COMPATIBILITY_ONLY_NOT_PRODUCTION,268817.8208,244366.2908,168.7661,6248,5610,-0.00062781,-0.08642944,0.00436428,-0.00062781,-168.7661,268817.8208,OK,0.0000,6.7506,4.0000,96.0000,AG03-UNRESOLVED,ALL5_LEVELS_bet23_to_bet27,6.7506,6.7506,6.7506,8.4383,8.4383,4.000000,4.000000,4.000000,5.000000,5.000000,96.000000,96.000000,96.000000,95.000000,95.000000,5.0,37.1285,34.0107,131.6376,134.7554,PENDING_AG03,FALSE,NOT_FOR_ENFORCEMENT,162.0155,234591.6392,168.7661,162.0155,6.7506,0.00062781,0.00060270,6.7506,162.0155,0.00060270,6.7506,6.7506,6.7506,8.4383,8.4383,162.0155,0.00060270,37.1285,34.0107,131.6376,134.7554,0.00048969,0.00050129,0.00002511,43.0246,43.5591,0.0301,2.0581,0.0627,3278.2661,68.4146,17.6798,46.9397,25.7155,39.4976,52.6635,77.1466,82.2897,128.5777,31.4111,0.0,2.083411,3.25533,1.089297,30,192,222,8,0.05498276,0.00062781,0.08642944,0E-8,0.000000,0.909041,0.000000,-0.09079372,2026-03-23,2026-08-06,82,2690,1181,137,0.598540,0.376650,0.410924,0.183276,,,,,,,,GLOBAL_BASELINE_NO_ENTITY_RANKING,,,NOT_APPLICABLE_GLOBAL_BASELINE,HF9g-P5,,,,X 全窗基线 · 不参与实体赏罚,6876777,688,A168_HF9F_20260827_0900,2026-08-27 09:00:00
2026-03-26,70460261,2142,0,71.0956631646,-71.0956631646,-71.0956631646,0E-7,2,2,0.49994810000000000,0.499948100000,-1.4140667746232096,-1.4140667746232096,-1.4140667746232096,0E-17,ELIGIBLE,R03b_20260811_FULL_v1,L1_ELIGIBILITY,v2026-08-11,2026-03-21..2026-08-06,baccarat_bet02_101_all_pairs_incl_sentinel,round_win = game_pnl > 0 (decisive only),COMPATIBILITY_ONLY_NOT_PRODUCTION,268817.8208,244366.2908,168.7661,6248,5610,-0.00062781,-0.08642944,0.00436428,-0.00062781,-168.7661,268817.8208,OK,0.0000,6.7506,4.0000,96.0000,AG03-UNRESOLVED,ALL5_LEVELS_bet23_to_bet27,6.7506,6.7506,6.7506,8.4383,8.4383,4.000000,4.000000,4.000000,5.000000,5.000000,96.000000,96.000000,96.000000,95.000000,95.000000,5.0,37.1285,34.0107,131.6376,134.7554,PENDING_AG03,FALSE,NOT_FOR_ENFORCEMENT,162.0155,234591.6392,168.7661,162.0155,6.7506,0.00062781,0.00060270,6.7506,162.0155,0.00060270,6.7506,6.7506,6.7506,8.4383,8.4383,162.0155,0.00060270,37.1285,34.0107,131.6376,134.7554,0.00048969,0.00050129,0.00002511,43.0246,43.5591,0.0301,2.0581,0.0627,3278.2661,68.4146,17.6798,46.9397,25.7155,39.4976,52.6635,77.1466,82.2897,128.5777,31.4111,0.0,2.083411,3.25533,1.089297,30,192,222,8,0.05498276,0.00062781,0.08642944,0E-8,0.000000,0.909041,0.000000,-0.09079372,2026-03-23,2026-08-06,82,2690,1181,137,0.598540,0.376650,0.410924,0.183276,,,,,,,,GLOBAL_BASELINE_NO_ENTITY_RANKING,,,NOT_APPLICABLE_GLOBAL_BASELINE,HF9g-P5,,,,X 全窗基线 · 不参与实体赏罚,6876778,688,A168_HF9F_20260827_0900,2026-08-27 09:00:00
2026-03-26,70460261,2147,0,139.5581536194,9.3477631198,9.3477631198,0.6000000,5,5,0.50665070000000000,0.506650700000,0.4175076967804994,0.4175076967804994,0.4175076967804994,0E-17,ELIGIBLE,R03b_20260811_FULL_v1,L1_ELIGIBILITY,v2026-08-11,2026-03-21..2026-08-06,baccarat_bet02_101_all_pairs_incl_sentinel,round_win = game_pnl > 0 (decisive only),COMPATIBILITY_ONLY_NOT_PRODUCTION,268817.8208,244366.2908,168.7661,6248,5610,-0.00062781,-0.08642944,0.00436428,-0.00062781,-168.7661,268817.8208,OK,0.0000,6.7506,4.0000,96.0000,AG03-UNRESOLVED,ALL5_LEVELS_bet23_to_bet27,6.7506,6.7506,6.7506,8.4383,8.4383,4.000000,4.000000,4.000000,5.000000,5.000000,96.000000,96.000000,96.000000,95.000000,95.000000,5.0,37.1285,34.0107,131.6376,134.7554,PENDING_AG03,FALSE,NOT_FOR_ENFORCEMENT,162.0155,234591.6392,168.7661,162.0155,6.7506,0.00062781,0.00060270,6.7506,162.0155,0.00060270,6.7506,6.7506,6.7506,8.4383,8.4383,162.0155,0.00060270,37.1285,34.0107,131.6376,134.7554,0.00048969,0.00050129,0.00002511,43.0246,43.5591,0.0301,2.0581,0.0627,3278.2661,68.4146,17.6798,46.9397,25.7155,39.4976,52.6635,77.1466,82.2897,128.5777,31.4111,0.0,2.083411,3.25533,1.089297,30,192,222,8,0.05498276,0.00062781,0.08642944,0E-8,0.000000,0.909041,0.000000,-0.09079372,2026-03-23,2026-08-06,82,2690,1181,137,0.598540,0.376650,0.410924,0.183276,,,,,,,,GLOBAL_BASELINE_NO_ENTITY_RANKING,,,NOT_APPLICABLE_GLOBAL_BASELINE,HF9g-P5,,,,X 全窗基线 · 不参与实体赏罚,6876779,688,A168_HF9F_20260827_0900,2026-08-27 09:00:00
2026-03-26,70460261,2153,0,376.5436975013,9.8743976616,9.8743976616,0.4000000,6,6,0.50665070000000000,0.506650700000,-0.4769986289884125,-0.4769986289884125,-0.4769986289884125,0E-17,ELIGIBLE,R03b_20260811_FULL_v1,L1_ELIGIBILITY,v2026-08-11,2026-03-21..2026-08-06,baccarat_bet02_101_all_pairs_incl_sentinel,round_win = game_pnl > 0 (decisive only),COMPATIBILITY_ONLY_NOT_PRODUCTION,268817.8208,244366.2908,168.7661,6248,5610,-0.00062781,-0.08642944,0.00436428,-0.00062781,-168.7661,268817.8208,OK,0.0000,6.7506,4.0000,96.0000,AG03-UNRESOLVED,ALL5_LEVELS_bet23_to_bet27,6.7506,6.7506,6.7506,8.4383,8.4383,4.000000,4.000000,4.000000,5.000000,5.000000,96.000000,96.000000,96.000000,95.000000,95.000000,5.0,37.1285,34.0107,131.6376,134.7554,PENDING_AG03,FALSE,NOT_FOR_ENFORCEMENT,162.0155,234591.6392,168.7661,162.0155,6.7506,0.00062781,0.00060270,6.7506,162.0155,0.00060270,6.7506,6.7506,6.7506,8.4383,8.4383,162.0155,0.00060270,37.1285,34.0107,131.6376,134.7554,0.00048969,0.00050129,0.00002511,43.0246,43.5591,0.0301,2.0581,0.0627,3278.2661,68.4146,17.6798,46.9397,25.7155,39.4976,52.6635,77.1466,82.2897,128.5777,31.4111,0.0,2.083411,3.25533,1.089297,30,192,222,8,0.05498276,0.00062781,0.08642944,0E-8,0.000000,0.909041,0.000000,-0.09079372,2026-03-23,2026-08-06,82,2690,1181,137,0.598540,0.376650,0.410924,0.183276,,,,,,,,GLOBAL_BASELINE_NO_ENTITY_RANKING,,,NOT_APPLICABLE_GLOBAL_BASELINE,HF9g-P5,,,,X 全窗基线 · 不参与实体赏罚,6876780,688,A168_HF9F_20260827_0900,2026-08-27 09:00:00
2026-03-26,70460261,2156,0,165.8898807174,89.0012375912,89.0012375912,0.8000000,6,6,0.50218230000000000,0.502182300000,1.3318939303776811,1.3318939303776811,1.3318939303776811,0E-17,ELIGIBLE,R03b_20260811_FULL_v1,L1_ELIGIBILITY,v2026-08-11,2026-03-21..2026-08-06,baccarat_bet02_101_all_pairs_incl_sentinel,round_win = game_pnl > 0 (decisive only),COMPATIBILITY_ONLY_NOT_PRODUCTION,268817.8208,244366.2908,168.7661,6248,5610,-0.00062781,-0.08642944,0.00436428,-0.00062781,-168.7661,268817.8208,OK,0.0000,6.7506,4.0000,96.0000,AG03-UNRESOLVED,ALL5_LEVELS_bet23_to_bet27,6.7506,6.7506,6.7506,8.4383,8.4383,4.000000,4.000000,4.000000,5.000000,5.000000,96.000000,96.000000,96.000000,95.000000,95.000000,5.0,37.1285,34.0107,131.6376,134.7554,PENDING_AG03,FALSE,NOT_FOR_ENFORCEMENT,162.0155,234591.6392,168.7661,162.0155,6.7506,0.00062781,0.00060270,6.7506,162.0155,0.00060270,6.7506,6.7506,6.7506,8.4383,8.4383,162.0155,0.00060270,37.1285,34.0107,131.6376,134.7554,0.00048969,0.00050129,0.00002511,43.0246,43.5591,0.0301,2.0581,0.0627,3278.2661,68.4146,17.6798,46.9397,25.7155,39.4976,52.6635,77.1466,82.2897,128.5777,31.4111,0.0,2.083411,3.25533,1.089297,30,192,222,8,0.05498276,0.00062781,0.08642944,0E-8,0.000000,0.909041,0.000000,-0.09079372,2026-03-23,2026-08-06,82,2690,1181,137,0.598540,0.376650,0.410924,0.183276,,,,,,,,GLOBAL_BASELINE_NO_ENTITY_RANKING,,,NOT_APPLICABLE_GLOBAL_BASELINE,HF9g-P5,,,,X 全窗基线 · 不参与实体赏罚,6876781,688,A168_HF9F_20260827_0900,2026-08-27 09:00:00
2026-03-26,70460261,2160,0,78.9951812940,-27.6483134529,-27.6483134529,0.5000000,2,2,0.50665070000000000,0.506650700000,-0.018812684590367487,-0.018812684590367487,-0.018812684590367487,0E-17,ELIGIBLE,R03b_20260811_FULL_v1,L1_ELIGIBILITY,v2026-08-11,2026-03-21..2026-08-06,baccarat_bet02_101_all_pairs_incl_sentinel,round_win = game_pnl > 0 (decisive only),COMPATIBILITY_ONLY_NOT_PRODUCTION,268817.8208,244366.2908,168.7661,6248,5610,-0.00062781,-0.08642944,0.00436428,-0.00062781,-168.7661,268817.8208,OK,0.0000,6.7506,4.0000,96.0000,AG03-UNRESOLVED,ALL5_LEVELS_bet23_to_bet27,6.7506,6.7506,6.7506,8.4383,8.4383,4.000000,4.000000,4.000000,5.000000,5.000000,96.000000,96.000000,96.000000,95.000000,95.000000,5.0,37.1285,34.0107,131.6376,134.7554,PENDING_AG03,FALSE,NOT_FOR_ENFORCEMENT,162.0155,234591.6392,168.7661,162.0155,6.7506,0.00062781,0.00060270,6.7506,162.0155,0.00060270,6.7506,6.7506,6.7506,8.4383,8.4383,162.0155,0.00060270,37.1285,34.0107,131.6376,134.7554,0.00048969,0.00050129,0.00002511,43.0246,43.5591,0.0301,2.0581,0.0627,3278.2661,68.4146,17.6798,46.9397,25.7155,39.4976,52.6635,77.1466,82.2897,128.5777,31.4111,0.0,2.083411,3.25533,1.089297,30,192,222,8,0.05498276,0.00062781,0.08642944,0E-8,0.000000,0.909041,0.000000,-0.09079372,2026-03-23,2026-08-06,82,2690,1181,137,0.598540,0.376650,0.410924,0.183276,,,,,,,,GLOBAL_BASELINE_NO_ENTITY_RANKING,,,NOT_APPLICABLE_GLOBAL_BASELINE,HF9g-P5,,,,X 全窗基线 · 不参与实体赏罚,6876782,688,A168_HF9F_20260827_0900,2026-08-27 09:00:00
2026-03-26,70460261,2167,0,396.2924928248,102.4962477290,102.4962477290,0.7000000,11,11,0.50177608181818182,0.501776081818,1.2536860458013457,1.253686045802494,1.2536860458013457,1.8182E-13,ELIGIBLE,R03b_20260811_FULL_v1,L1_ELIGIBILITY,v2026-08-11,2026-03-21..2026-08-06,baccarat_bet02_101_all_pairs_incl_sentinel,round_win = game_pnl > 0 (decisive only),COMPATIBILITY_ONLY_NOT_PRODUCTION,268817.8208,244366.2908,168.7661,6248,5610,-0.00062781,-0.08642944,0.00436428,-0.00062781,-168.7661,268817.8208,OK,0.0000,6.7506,4.0000,96.0000,AG03-UNRESOLVED,ALL5_LEVELS_bet23_to_bet27,6.7506,6.7506,6.7506,8.4383,8.4383,4.000000,4.000000,4.000000,5.000000,5.000000,96.000000,96.000000,96.000000,95.000000,95.000000,5.0,37.1285,34.0107,131.6376,134.7554,PENDING_AG03,FALSE,NOT_FOR_ENFORCEMENT,162.0155,234591.6392,168.7661,162.0155,6.7506,0.00062781,0.00060270,6.7506,162.0155,0.00060270,6.7506,6.7506,6.7506,8.4383,8.4383,162.0155,0.00060270,37.1285,34.0107,131.6376,134.7554,0.00048969,0.00050129,0.00002511,43.0246,43.5591,0.0301,2.0581,0.0627,3278.2661,68.4146,17.6798,46.9397,25.7155,39.4976,52.6635,77.1466,82.2897,128.5777,31.4111,0.0,2.083411,3.25533,1.089297,30,192,222,8,0.05498276,0.00062781,0.08642944,0E-8,0.000000,0.909041,0.000000,-0.09079372,2026-03-23,2026-08-06,82,2690,1181,137,0.598540,0.376650,0.410924,0.183276,,,,,,,,GLOBAL_BASELINE_NO_ENTITY_RANKING,,,NOT_APPLICABLE_GLOBAL_BASELINE,HF9g-P5,,,,X 全窗基线 · 不参与实体赏罚,6876783,688,A168_HF9F_20260827_0900,2026-08-27 09:00:00
2026-03-26,70460261,2171,0,344.9456249838,35.1528556758,35.1528556758,0.5000000,8,8,0.50162375000000000,0.501623750000,-0.009185365523350236,-0.009185365523350236,-0.009185365523350236,0E-17,ELIGIBLE,R03b_20260811_FULL_v1,L1_ELIGIBILITY,v2026-08-11,2026-03-21..2026-08-06,baccarat_bet02_101_all_pairs_incl_sentinel,round_win = game_pnl > 0 (decisive only),COMPATIBILITY_ONLY_NOT_PRODUCTION,268817.8208,244366.2908,168.7661,6248,5610,-0.00062781,-0.08642944,0.00436428,-0.00062781,-168.7661,268817.8208,OK,0.0000,6.7506,4.0000,96.0000,AG03-UNRESOLVED,ALL5_LEVELS_bet23_to_bet27,6.7506,6.7506,6.7506,8.4383,8.4383,4.000000,4.000000,4.000000,5.000000,5.000000,96.000000,96.000000,96.000000,95.000000,95.000000,5.0,37.1285,34.0107,131.6376,134.7554,PENDING_AG03,FALSE,NOT_FOR_ENFORCEMENT,162.0155,234591.6392,168.7661,162.0155,6.7506,0.00062781,0.00060270,6.7506,162.0155,0.00060270,6.7506,6.7506,6.7506,8.4383,8.4383,162.0155,0.00060270,37.1285,34.0107,131.6376,134.7554,0.00048969,0.00050129,0.00002511,43.0246,43.5591,0.0301,2.0581,0.0627,3278.2661,68.4146,17.6798,46.9397,25.7155,39.4976,52.6635,77.1466,82.2897,128.5777,31.4111,0.0,2.083411,3.25533,1.089297,30,192,222,8,0.05498276,0.00062781,0.08642944,0E-8,0.000000,0.909041,0.000000,-0.09079372,2026-03-23,2026-08-06,82,2690,1181,137,0.598540,0.376650,0.410924,0.183276,,,,,,,,GLOBAL_BASELINE_NO_ENTITY_RANKING,,,NOT_APPLICABLE_GLOBAL_BASELINE,HF9g-P5,,,,X 全窗基线 · 不参与实体赏罚,6876784,688,A168_HF9F_20260827_0900,2026-08-27 09:00:00
2026-03-26,70460261,2174,0,27.1216789109,-27.1216789109,-27.1216789109,0E-7,1,1,0.50665070000000000,0.506650700000,-1.013391052207602,-1.013391052207602,-1.013391052207602,0E-17,ELIGIBLE,R03b_20260811_FULL_v1,L1_ELIGIBILITY,v2026-08-11,2026-03-21..2026-08-06,baccarat_bet02_101_all_pairs_incl_sentinel,round_win = game_pnl > 0 (decisive only),COMPATIBILITY_ONLY_NOT_PRODUCTION,268817.8208,244366.2908,168.7661,6248,5610,-0.00062781,-0.08642944,0.00436428,-0.00062781,-168.7661,268817.8208,OK,0.0000,6.7506,4.0000,96.0000,AG03-UNRESOLVED,ALL5_LEVELS_bet23_to_bet27,6.7506,6.7506,6.7506,8.4383,8.4383,4.000000,4.000000,4.000000,5.000000,5.000000,96.000000,96.000000,96.000000,95.000000,95.000000,5.0,37.1285,34.0107,131.6376,134.7554,PENDING_AG03,FALSE,NOT_FOR_ENFORCEMENT,162.0155,234591.6392,168.7661,162.0155,6.7506,0.00062781,0.00060270,6.7506,162.0155,0.00060270,6.7506,6.7506,6.7506,8.4383,8.4383,162.0155,0.00060270,37.1285,34.0107,131.6376,134.7554,0.00048969,0.00050129,0.00002511,43.0246,43.5591,0.0301,2.0581,0.0627,3278.2661,68.4146,17.6798,46.9397,25.7155,39.4976,52.6635,77.1466,82.2897,128.5777,31.4111,0.0,2.083411,3.25533,1.089297,30,192,222,8,0.05498276,0.00062781,0.08642944,0E-8,0.000000,0.909041,0.000000,-0.09079372,2026-03-23,2026-08-06,82,2690,1181,137,0.598540,0.376650,0.410924,0.183276,,,,,,,,GLOBAL_BASELINE_NO_ENTITY_RANKING,,,NOT_APPLICABLE_GLOBAL_BASELINE,HF9g-P5,,,,X 全窗基线 · 不参与实体赏罚,6876785,688,A168_HF9F_20260827_0900,2026-08-27 09:00:00
2026-03-26,70460261,2175,0,152.7240171684,36.8644179372,36.8644179372,0.6000000,5,5,0.49592654000000000,0.495926540000,0.46544610904919037,0.46544610904919037,0.46544610904919037,0E-17,ELIGIBLE,R03b_20260811_FULL_v1,L1_ELIGIBILITY,v2026-08-11,2026-03-21..2026-08-06,baccarat_bet02_101_all_pairs_incl_sentinel,round_win = game_pnl > 0 (decisive only),COMPATIBILITY_ONLY_NOT_PRODUCTION,268817.8208,244366.2908,168.7661,6248,5610,-0.00062781,-0.08642944,0.00436428,-0.00062781,-168.7661,268817.8208,OK,0.0000,6.7506,4.0000,96.0000,AG03-UNRESOLVED,ALL5_LEVELS_bet23_to_bet27,6.7506,6.7506,6.7506,8.4383,8.4383,4.000000,4.000000,4.000000,5.000000,5.000000,96.000000,96.000000,96.000000,95.000000,95.000000,5.0,37.1285,34.0107,131.6376,134.7554,PENDING_AG03,FALSE,NOT_FOR_ENFORCEMENT,162.0155,234591.6392,168.7661,162.0155,6.7506,0.00062781,0.00060270,6.7506,162.0155,0.00060270,6.7506,6.7506,6.7506,8.4383,8.4383,162.0155,0.00060270,37.1285,34.0107,131.6376,134.7554,0.00048969,0.00050129,0.00002511,43.0246,43.5591,0.0301,2.0581,0.0627,3278.2661,68.4146,17.6798,46.9397,25.7155,39.4976,52.6635,77.1466,82.2897,128.5777,31.4111,0.0,2.083411,3.25533,1.089297,30,192,222,8,0.05498276,0.00062781,0.08642944,0E-8,0.000000,0.909041,0.000000,-0.09079372,2026-03-23,2026-08-06,82,2690,1181,137,0.598540,0.376650,0.410924,0.183276,,,,,,,,GLOBAL_BASELINE_NO_ENTITY_RANKING,,,NOT_APPLICABLE_GLOBAL_BASELINE,HF9g-P5,,,,X 全窗基线 · 不参与实体赏罚,6876786,688,A168_HF9F_20260827_0900,2026-08-27 09:00:00
2026-03-26,70460261,2177,0,92.1610448430,50.0302814862,50.0302814862,1.0000000,2,2,0.50665070000000000,0.506650700000,0.9867858985152569,0.9867858985152569,0.9867858985152569,0E-17,ELIGIBLE,R03b_20260811_FULL_v1,L1_ELIGIBILITY,v2026-08-11,2026-03-21..2026-08-06,baccarat_bet02_101_all_pairs_incl_sentinel,round_win = game_pnl > 0 (decisive only),COMPATIBILITY_ONLY_NOT_PRODUCTION,268817.8208,244366.2908,168.7661,6248,5610,-0.00062781,-0.08642944,0.00436428,-0.00062781,-168.7661,268817.8208,OK,0.0000,6.7506,4.0000,96.0000,AG03-UNRESOLVED,ALL5_LEVELS_bet23_to_bet27,6.7506,6.7506,6.7506,8.4383,8.4383,4.000000,4.000000,4.000000,5.000000,5.000000,96.000000,96.000000,96.000000,95.000000,95.000000,5.0,37.1285,34.0107,131.6376,134.7554,PENDING_AG03,FALSE,NOT_FOR_ENFORCEMENT,162.0155,234591.6392,168.7661,162.0155,6.7506,0.00062781,0.00060270,6.7506,162.0155,0.00060270,6.7506,6.7506,6.7506,8.4383,8.4383,162.0155,0.00060270,37.1285,34.0107,131.6376,134.7554,0.00048969,0.00050129,0.00002511,43.0246,43.5591,0.0301,2.0581,0.0627,3278.2661,68.4146,17.6798,46.9397,25.7155,39.4976,52.6635,77.1466,82.2897,128.5777,31.4111,0.0,2.083411,3.25533,1.089297,30,192,222,8,0.05498276,0.00062781,0.08642944,0E-8,0.000000,0.909041,0.000000,-0.09079372,2026-03-23,2026-08-06,82,2690,1181,137,0.598540,0.376650,0.410924,0.183276,,,,,,,,GLOBAL_BASELINE_NO_ENTITY_RANKING,,,NOT_APPLICABLE_GLOBAL_BASELINE,HF9g-P5,,,,X 全窗基线 · 不参与实体赏罚,6876787,688,A168_HF9F_20260827_0900,2026-08-27 09:00:00
2026-03-26,70460261,2188,0,52.9267714669,-52.9267714669,-52.9267714669,0E-7,1,1,0.50665070000000000,0.506650700000,-1.013391052207602,-1.013391052207602,-1.013391052207602,0E-17,ELIGIBLE,R03b_20260811_FULL_v1,L1_ELIGIBILITY,v2026-08-11,2026-03-21..2026-08-06,baccarat_bet02_101_all_pairs_incl_sentinel,round_win = game_pnl > 0 (decisive only),COMPATIBILITY_ONLY_NOT_PRODUCTION,268817.8208,244366.2908,168.7661,6248,5610,-0.00062781,-0.08642944,0.00436428,-0.00062781,-168.7661,268817.8208,OK,0.0000,6.7506,4.0000,96.0000,AG03-UNRESOLVED,ALL5_LEVELS_bet23_to_bet27,6.7506,6.7506,6.7506,8.4383,8.4383,4.000000,4.000000,4.000000,5.000000,5.000000,96.000000,96.000000,96.000000,95.000000,95.000000,5.0,37.1285,34.0107,131.6376,134.7554,PENDING_AG03,FALSE,NOT_FOR_ENFORCEMENT,162.0155,234591.6392,168.7661,162.0155,6.7506,0.00062781,0.00060270,6.7506,162.0155,0.00060270,6.7506,6.7506,6.7506,8.4383,8.4383,162.0155,0.00060270,37.1285,34.0107,131.6376,134.7554,0.00048969,0.00050129,0.00002511,43.0246,43.5591,0.0301,2.0581,0.0627,3278.2661,68.4146,17.6798,46.9397,25.7155,39.4976,52.6635,77.1466,82.2897,128.5777,31.4111,0.0,2.083411,3.25533,1.089297,30,192,222,8,0.05498276,0.00062781,0.08642944,0E-8,0.000000,0.909041,0.000000,-0.09079372,2026-03-23,2026-08-06,82,2690,1181,137,0.598540,0.376650,0.410924,0.183276,,,,,,,,GLOBAL_BASELINE_NO_ENTITY_RANKING,,,NOT_APPLICABLE_GLOBAL_BASELINE,HF9g-P5,,,,X 全窗基线 · 不参与实体赏罚,6876788,688,A168_HF9F_20260827_0900,2026-08-27 09:00:00
2026-03-26,70460261,2196,0,276.4831345290,-96.7690970852,-96.7690970852,0.4285714,7,7,0.50473567142857143,0.504735671429,-0.403041368878626,-0.40304136888089725,-0.403041368878626,-4.2857E-13,ELIGIBLE,R03b_20260811_FULL_v1,L1_ELIGIBILITY,v2026-08-11,2026-03-21..2026-08-06,baccarat_bet02_101_all_pairs_incl_sentinel,round_win = game_pnl > 0 (decisive only),COMPATIBILITY_ONLY_NOT_PRODUCTION,268817.8208,244366.2908,168.7661,6248,5610,-0.00062781,-0.08642944,0.00436428,-0.00062781,-168.7661,268817.8208,OK,0.0000,6.7506,4.0000,96.0000,AG03-UNRESOLVED,ALL5_LEVELS_bet23_to_bet27,6.7506,6.7506,6.7506,8.4383,8.4383,4.000000,4.000000,4.000000,5.000000,5.000000,96.000000,96.000000,96.000000,95.000000,95.000000,5.0,37.1285,34.0107,131.6376,134.7554,PENDING_AG03,FALSE,NOT_FOR_ENFORCEMENT,162.0155,234591.6392,168.7661,162.0155,6.7506,0.00062781,0.00060270,6.7506,162.0155,0.00060270,6.7506,6.7506,6.7506,8.4383,8.4383,162.0155,0.00060270,37.1285,34.0107,131.6376,134.7554,0.00048969,0.00050129,0.00002511,43.0246,43.5591,0.0301,2.0581,0.0627,3278.2661,68.4146,17.6798,46.9397,25.7155,39.4976,52.6635,77.1466,82.2897,128.5777,31.4111,0.0,2.083411,3.25533,1.089297,30,192,222,8,0.05498276,0.00062781,0.08642944,0E-8,0.000000,0.909041,0.000000,-0.09079372,2026-03-23,2026-08-06,82,2690,1181,137,0.598540,0.376650,0.410924,0.183276,,,,,,,,GLOBAL_BASELINE_NO_ENTITY_RANKING,,,NOT_APPLICABLE_GLOBAL_BASELINE,HF9g-P5,,,,X 全窗基线 · 不参与实体赏罚,6876789,688,A168_HF9F_20260827_0900,2026-08-27 09:00:00
2026-03-26,70460261,2202,0,495.0364694424,178.0024751825,178.0024751825,0.7500000,11,11,0.50421339090909091,0.504213390909,1.3904283925938965,1.390428392594409,1.3904283925938965,9.091E-14,ELIGIBLE,R03b_20260811_FULL_v1,L1_ELIGIBILITY,v2026-08-11,2026-03-21..2026-08-06,baccarat_bet02_101_all_pairs_incl_sentinel,round_win = game_pnl > 0 (decisive only),COMPATIBILITY_ONLY_NOT_PRODUCTION,268817.8208,244366.2908,168.7661,6248,5610,-0.00062781,-0.08642944,0.00436428,-0.00062781,-168.7661,268817.8208,OK,0.0000,6.7506,4.0000,96.0000,AG03-UNRESOLVED,ALL5_LEVELS_bet23_to_bet27,6.7506,6.7506,6.7506,8.4383,8.4383,4.000000,4.000000,4.000000,5.000000,5.000000,96.000000,96.000000,96.000000,95.000000,95.000000,5.0,37.1285,34.0107,131.6376,134.7554,PENDING_AG03,FALSE,NOT_FOR_ENFORCEMENT,162.0155,234591.6392,168.7661,162.0155,6.7506,0.00062781,0.00060270,6.7506,162.0155,0.00060270,6.7506,6.7506,6.7506,8.4383,8.4383,162.0155,0.00060270,37.1285,34.0107,131.6376,134.7554,0.00048969,0.00050129,0.00002511,43.0246,43.5591,0.0301,2.0581,0.0627,3278.2661,68.4146,17.6798,46.9397,25.7155,39.4976,52.6635,77.1466,82.2897,128.5777,31.4111,0.0,2.083411,3.25533,1.089297,30,192,222,8,0.05498276,0.00062781,0.08642944,0E-8,0.000000,0.909041,0.000000,-0.09079372,2026-03-23,2026-08-06,82,2690,1181,137,0.598540,0.376650,0.410924,0.183276,,,,,,,,GLOBAL_BASELINE_NO_ENTITY_RANKING,,,NOT_APPLICABLE_GLOBAL_BASELINE,HF9g-P5,,,,X 全窗基线 · 不参与实体赏罚,6876790,688,A168_HF9F_20260827_0900,2026-08-27 09:00:00
2026-03-26,70460261,2209,0,198.2779050479,164.0071622299,164.0071622299,0.8000000,5,5,0.50396966000000000,0.503969660000,1.3239296534401845,1.3239296534401845,1.3239296534401845,0E-17,ELIGIBLE,R03b_20260811_FULL_v1,L1_ELIGIBILITY,v2026-08-11,2026-03-21..2026-08-06,baccarat_bet02_101_all_pairs_incl_sentinel,round_win = game_pnl > 0 (decisive only),COMPATIBILITY_ONLY_NOT_PRODUCTION,268817.8208,244366.2908,168.7661,6248,5610,-0.00062781,-0.08642944,0.00436428,-0.00062781,-168.7661,268817.8208,OK,0.0000,6.7506,4.0000,96.0000,AG03-UNRESOLVED,ALL5_LEVELS_bet23_to_bet27,6.7506,6.7506,6.7506,8.4383,8.4383,4.000000,4.000000,4.000000,5.000000,5.000000,96.000000,96.000000,96.000000,95.000000,95.000000,5.0,37.1285,34.0107,131.6376,134.7554,PENDING_AG03,FALSE,NOT_FOR_ENFORCEMENT,162.0155,234591.6392,168.7661,162.0155,6.7506,0.00062781,0.00060270,6.7506,162.0155,0.00060270,6.7506,6.7506,6.7506,8.4383,8.4383,162.0155,0.00060270,37.1285,34.0107,131.6376,134.7554,0.00048969,0.00050129,0.00002511,43.0246,43.5591,0.0301,2.0581,0.0627,3278.2661,68.4146,17.6798,46.9397,25.7155,39.4976,52.6635,77.1466,82.2897,128.5777,31.4111,0.0,2.083411,3.25533,1.089297,30,192,222,8,0.05498276,0.00062781,0.08642944,0E-8,0.000000,0.909041,0.000000,-0.09079372,2026-03-23,2026-08-06,82,2690,1181,137,0.598540,0.376650,0.410924,0.183276,,,,,,,,GLOBAL_BASELINE_NO_ENTITY_RANKING,,,NOT_APPLICABLE_GLOBAL_BASELINE,HF9g-P5,,,,X 全窗基线 · 不参与实体赏罚,6876791,688,A168_HF9F_20260827_0900,2026-08-27 09:00:00
2026-03-26,70460261,2216,0,52.9267714669,50.2804328936,50.2804328936,1.0000000,1,1,0.50665070000000000,0.506650700000,0.9867858985152569,0.9867858985152569,0.9867858985152569,0E-17,ELIGIBLE,R03b_20260811_FULL_v1,L1_ELIGIBILITY,v2026-08-11,2026-03-21..2026-08-06,baccarat_bet02_101_all_pairs_incl_sentinel,round_win = game_pnl > 0 (decisive only),COMPATIBILITY_ONLY_NOT_PRODUCTION,268817.8208,244366.2908,168.7661,6248,5610,-0.00062781,-0.08642944,0.00436428,-0.00062781,-168.7661,268817.8208,OK,0.0000,6.7506,4.0000,96.0000,AG03-UNRESOLVED,ALL5_LEVELS_bet23_to_bet27,6.7506,6.7506,6.7506,8.4383,8.4383,4.000000,4.000000,4.000000,5.000000,5.000000,96.000000,96.000000,96.000000,95.000000,95.000000,5.0,37.1285,34.0107,131.6376,134.7554,PENDING_AG03,FALSE,NOT_FOR_ENFORCEMENT,162.0155,234591.6392,168.7661,162.0155,6.7506,0.00062781,0.00060270,6.7506,162.0155,0.00060270,6.7506,6.7506,6.7506,8.4383,8.4383,162.0155,0.00060270,37.1285,34.0107,131.6376,134.7554,0.00048969,0.00050129,0.00002511,43.0246,43.5591,0.0301,2.0581,0.0627,3278.2661,68.4146,17.6798,46.9397,25.7155,39.4976,52.6635,77.1466,82.2897,128.5777,31.4111,0.0,2.083411,3.25533,1.089297,30,192,222,8,0.05498276,0.00062781,0.08642944,0E-8,0.000000,0.909041,0.000000,-0.09079372,2026-03-23,2026-08-06,82,2690,1181,137,0.598540,0.376650,0.410924,0.183276,,,,,,,,GLOBAL_BASELINE_NO_ENTITY_RANKING,,,NOT_APPLICABLE_GLOBAL_BASELINE,HF9g-P5,,,,X 全窗基线 · 不参与实体赏罚,6876792,688,A168_HF9F_20260827_0900,2026-08-27 09:00:00
2026-03-26,70460261,2220,0,708.3234589359,43.8423256181,43.8423256181,0.5000000,16,16,0.50246157500000000,0.502461575000,-0.018420963803237416,-0.018420963803237416,-0.018420963803237416,0E-17,ELIGIBLE,R03b_20260811_FULL_v1,L1_ELIGIBILITY,v2026-08-11,2026-03-21..2026-08-06,baccarat_bet02_101_all_pairs_incl_sentinel,round_win = game_pnl > 0 (decisive only),COMPATIBILITY_ONLY_NOT_PRODUCTION,268817.8208,244366.2908,168.7661,6248,5610,-0.00062781,-0.08642944,0.00436428,-0.00062781,-168.7661,268817.8208,OK,0.0000,6.7506,4.0000,96.0000,AG03-UNRESOLVED,ALL5_LEVELS_bet23_to_bet27,6.7506,6.7506,6.7506,8.4383,8.4383,4.000000,4.000000,4.000000,5.000000,5.000000,96.000000,96.000000,96.000000,95.000000,95.000000,5.0,37.1285,34.0107,131.6376,134.7554,PENDING_AG03,FALSE,NOT_FOR_ENFORCEMENT,162.0155,234591.6392,168.7661,162.0155,6.7506,0.00062781,0.00060270,6.7506,162.0155,0.00060270,6.7506,6.7506,6.7506,8.4383,8.4383,162.0155,0.00060270,37.1285,34.0107,131.6376,134.7554,0.00048969,0.00050129,0.00002511,43.0246,43.5591,0.0301,2.0581,0.0627,3278.2661,68.4146,17.6798,46.9397,25.7155,39.4976,52.6635,77.1466,82.2897,128.5777,31.4111,0.0,2.083411,3.25533,1.089297,30,192,222,8,0.05498276,0.00062781,0.08642944,0E-8,0.000000,0.909041,0.000000,-0.09079372,2026-03-23,2026-08-06,82,2690,1181,137,0.598540,0.376650,0.410924,0.183276,,,,,,,,GLOBAL_BASELINE_NO_ENTITY_RANKING,,,NOT_APPLICABLE_GLOBAL_BASELINE,HF9g-P5,,,,X 全窗基线 · 不参与实体赏罚,6876793,688,A168_HF9F_20260827_0900,2026-08-27 09:00:00
2026-03-26,70460261,2222,0,50.0302814862,50.0302814862,50.0302814862,1.0000000,1,1,0.49324550000000000,0.493245500000,1.01360149184955,1.01360149184955,1.01360149184955,0E-17,ELIGIBLE,R03b_20260811_FULL_v1,L1_ELIGIBILITY,v2026-08-11,2026-03-21..2026-08-06,baccarat_bet02_101_all_pairs_incl_sentinel,round_win = game_pnl > 0 (decisive only),COMPATIBILITY_ONLY_NOT_PRODUCTION,268817.8208,244366.2908,168.7661,6248,5610,-0.00062781,-0.08642944,0.00436428,-0.00062781,-168.7661,268817.8208,OK,0.0000,6.7506,4.0000,96.0000,AG03-UNRESOLVED,ALL5_LEVELS_bet23_to_bet27,6.7506,6.7506,6.7506,8.4383,8.4383,4.000000,4.000000,4.000000,5.000000,5.000000,96.000000,96.000000,96.000000,95.000000,95.000000,5.0,37.1285,34.0107,131.6376,134.7554,PENDING_AG03,FALSE,NOT_FOR_ENFORCEMENT,162.0155,234591.6392,168.7661,162.0155,6.7506,0.00062781,0.00060270,6.7506,162.0155,0.00060270,6.7506,6.7506,6.7506,8.4383,8.4383,162.0155,0.00060270,37.1285,34.0107,131.6376,134.7554,0.00048969,0.00050129,0.00002511,43.0246,43.5591,0.0301,2.0581,0.0627,3278.2661,68.4146,17.6798,46.9397,25.7155,39.4976,52.6635,77.1466,82.2897,128.5777,31.4111,0.0,2.083411,3.25533,1.089297,30,192,222,8,0.05498276,0.00062781,0.08642944,0E-8,0.000000,0.909041,0.000000,-0.09079372,2026-03-23,2026-08-06,82,2690,1181,137,0.598540,0.376650,0.410924,0.183276,,,,,,,,GLOBAL_BASELINE_NO_ENTITY_RANKING,,,NOT_APPLICABLE_GLOBAL_BASELINE,HF9g-P5,,,,X 全窗基线 · 不参与实体赏罚,6876794,688,A168_HF9F_20260827_0900,2026-08-27 09:00:00
2026-03-26,70460261,2229,0,26.3317270980,0E-10,0E-10,,1,1,0.49324550000000000,0.493245500000,,,,0E-17,NO_DECISIVE_ROUND,R03b_20260811_FULL_v1,L1_ELIGIBILITY,v2026-08-11,2026-03-21..2026-08-06,baccarat_bet02_101_all_pairs_incl_sentinel,round_win = game_pnl > 0 (decisive only),COMPATIBILITY_ONLY_NOT_PRODUCTION,268817.8208,244366.2908,168.7661,6248,5610,-0.00062781,-0.08642944,0.00436428,-0.00062781,-168.7661,268817.8208,OK,0.0000,6.7506,4.0000,96.0000,AG03-UNRESOLVED,ALL5_LEVELS_bet23_to_bet27,6.7506,6.7506,6.7506,8.4383,8.4383,4.000000,4.000000,4.000000,5.000000,5.000000,96.000000,96.000000,96.000000,95.000000,95.000000,5.0,37.1285,34.0107,131.6376,134.7554,PENDING_AG03,FALSE,NOT_FOR_ENFORCEMENT,162.0155,234591.6392,168.7661,162.0155,6.7506,0.00062781,0.00060270,6.7506,162.0155,0.00060270,6.7506,6.7506,6.7506,8.4383,8.4383,162.0155,0.00060270,37.1285,34.0107,131.6376,134.7554,0.00048969,0.00050129,0.00002511,43.0246,43.5591,0.0301,2.0581,0.0627,3278.2661,68.4146,17.6798,46.9397,25.7155,39.4976,52.6635,77.1466,82.2897,128.5777,31.4111,0.0,2.083411,3.25533,1.089297,30,192,222,8,0.05498276,0.00062781,0.08642944,0E-8,0.000000,0.909041,0.000000,-0.09079372,2026-03-23,2026-08-06,82,2690,1181,137,0.598540,0.376650,0.410924,0.183276,,,,,,,,GLOBAL_BASELINE_NO_ENTITY_RANKING,,,NOT_APPLICABLE_GLOBAL_BASELINE,HF9g-P5,,,,X 全窗基线 · 不参与实体赏罚,6876795,688,A168_HF9F_20260827_0900,2026-08-27 09:00:00
2026-03-26,70460261,2232,0,292.2821707878,97.9540248043,97.9540248043,0.7142857,7,7,0.50473567142857143,0.504735671429,1.1088843393366314,1.1088843393343726,1.1088843393366314,-4.2857E-13,ELIGIBLE,R03b_20260811_FULL_v1,L1_ELIGIBILITY,v2026-08-11,2026-03-21..2026-08-06,baccarat_bet02_101_all_pairs_incl_sentinel,round_win = game_pnl > 0 (decisive only),COMPATIBILITY_ONLY_NOT_PRODUCTION,268817.8208,244366.2908,168.7661,6248,5610,-0.00062781,-0.08642944,0.00436428,-0.00062781,-168.7661,268817.8208,OK,0.0000,6.7506,4.0000,96.0000,AG03-UNRESOLVED,ALL5_LEVELS_bet23_to_bet27,6.7506,6.7506,6.7506,8.4383,8.4383,4.000000,4.000000,4.000000,5.000000,5.000000,96.000000,96.000000,96.000000,95.000000,95.000000,5.0,37.1285,34.0107,131.6376,134.7554,PENDING_AG03,FALSE,NOT_FOR_ENFORCEMENT,162.0155,234591.6392,168.7661,162.0155,6.7506,0.00062781,0.00060270,6.7506,162.0155,0.00060270,6.7506,6.7506,6.7506,8.4383,8.4383,162.0155,0.00060270,37.1285,34.0107,131.6376,134.7554,0.00048969,0.00050129,0.00002511,43.0246,43.5591,0.0301,2.0581,0.0627,3278.2661,68.4146,17.6798,46.9397,25.7155,39.4976,52.6635,77.1466,82.2897,128.5777,31.4111,0.0,2.083411,3.25533,1.089297,30,192,222,8,0.05498276,0.00062781,0.08642944,0E-8,0.000000,0.909041,0.000000,-0.09079372,2026-03-23,2026-08-06,82,2690,1181,137,0.598540,0.376650,0.410924,0.183276,,,,,,,,GLOBAL_BASELINE_NO_ENTITY_RANKING,,,NOT_APPLICABLE_GLOBAL_BASELINE,HF9g-P5,,,,X 全窗基线 · 不参与实体赏罚,6876796,688,A168_HF9F_20260827_0900,2026-08-27 09:00:00
2026-03-26,70460261,2233,0,116.6495510441,-50.0302814862,-50.0302814862,0E-7,2,2,0.50665070000000000,0.506650700000,-1.013391052207602,-1.013391052207602,-1.013391052207602,0E-17,ELIGIBLE,R03b_20260811_FULL_v1,L1_ELIGIBILITY,v2026-08-11,2026-03-21..2026-08-06,baccarat_bet02_101_all_pairs_incl_sentinel,round_win = game_pnl > 0 (decisive only),COMPATIBILITY_ONLY_NOT_PRODUCTION,268817.8208,244366.2908,168.7661,6248,5610,-0.00062781,-0.08642944,0.00436428,-0.00062781,-168.7661,268817.8208,OK,0.0000,6.7506,4.0000,96.0000,AG03-UNRESOLVED,ALL5_LEVELS_bet23_to_bet27,6.7506,6.7506,6.7506,8.4383,8.4383,4.000000,4.000000,4.000000,5.000000,5.000000,96.000000,96.000000,96.000000,95.000000,95.000000,5.0,37.1285,34.0107,131.6376,134.7554,PENDING_AG03,FALSE,NOT_FOR_ENFORCEMENT,162.0155,234591.6392,168.7661,162.0155,6.7506,0.00062781,0.00060270,6.7506,162.0155,0.00060270,6.7506,6.7506,6.7506,8.4383,8.4383,162.0155,0.00060270,37.1285,34.0107,131.6376,134.7554,0.00048969,0.00050129,0.00002511,43.0246,43.5591,0.0301,2.0581,0.0627,3278.2661,68.4146,17.6798,46.9397,25.7155,39.4976,52.6635,77.1466,82.2897,128.5777,31.4111,0.0,2.083411,3.25533,1.089297,30,192,222,8,0.05498276,0.00062781,0.08642944,0E-8,0.000000,0.909041,0.000000,-0.09079372,2026-03-23,2026-08-06,82,2690,1181,137,0.598540,0.376650,0.410924,0.183276,,,,,,,,GLOBAL_BASELINE_NO_ENTITY_RANKING,,,NOT_APPLICABLE_GLOBAL_BASELINE,HF9g-P5,,,,X 全窗基线 · 不参与实体赏罚,6876797,688,A168_HF9F_20260827_0900,2026-08-27 09:00:00
2026-03-26,70460261,2234,0,52.6634541960,50.0302814862,50.0302814862,1.0000000,2,2,0.50665070000000000,0.506650700000,1.3955260008387969,1.3955260008387969,1.3955260008387969,0E-17,ELIGIBLE,R03b_20260811_FULL_v1,L1_ELIGIBILITY,v2026-08-11,2026-03-21..2026-08-06,baccarat_bet02_101_all_pairs_incl_sentinel,round_win = game_pnl > 0 (decisive only),COMPATIBILITY_ONLY_NOT_PRODUCTION,268817.8208,244366.2908,168.7661,6248,5610,-0.00062781,-0.08642944,0.00436428,-0.00062781,-168.7661,268817.8208,OK,0.0000,6.7506,4.0000,96.0000,AG03-UNRESOLVED,ALL5_LEVELS_bet23_to_bet27,6.7506,6.7506,6.7506,8.4383,8.4383,4.000000,4.000000,4.000000,5.000000,5.000000,96.000000,96.000000,96.000000,95.000000,95.000000,5.0,37.1285,34.0107,131.6376,134.7554,PENDING_AG03,FALSE,NOT_FOR_ENFORCEMENT,162.0155,234591.6392,168.7661,162.0155,6.7506,0.00062781,0.00060270,6.7506,162.0155,0.00060270,6.7506,6.7506,6.7506,8.4383,8.4383,162.0155,0.00060270,37.1285,34.0107,131.6376,134.7554,0.00048969,0.00050129,0.00002511,43.0246,43.5591,0.0301,2.0581,0.0627,3278.2661,68.4146,17.6798,46.9397,25.7155,39.4976,52.6635,77.1466,82.2897,128.5777,31.4111,0.0,2.083411,3.25533,1.089297,30,192,222,8,0.05498276,0.00062781,0.08642944,0E-8,0.000000,0.909041,0.000000,-0.09079372,2026-03-23,2026-08-06,82,2690,1181,137,0.598540,0.376650,0.410924,0.183276,,,,,,,,GLOBAL_BASELINE_NO_ENTITY_RANKING,,,NOT_APPLICABLE_GLOBAL_BASELINE,HF9g-P5,,,,X 全窗基线 · 不参与实体赏罚,6876798,688,A168_HF9F_20260827_0900,2026-08-27 09:00:00
2026-03-26,70460261,2242,0,26.3317270980,26.3317270980,26.3317270980,1.0000000,1,1,0.49324550000000000,0.493245500000,1.01360149184955,1.01360149184955,1.01360149184955,0E-17,ELIGIBLE,R03b_20260811_FULL_v1,L1_ELIGIBILITY,v2026-08-11,2026-03-21..2026-08-06,baccarat_bet02_101_all_pairs_incl_sentinel,round_win = game_pnl > 0 (decisive only),COMPATIBILITY_ONLY_NOT_PRODUCTION,268817.8208,244366.2908,168.7661,6248,5610,-0.00062781,-0.08642944,0.00436428,-0.00062781,-168.7661,268817.8208,OK,0.0000,6.7506,4.0000,96.0000,AG03-UNRESOLVED,ALL5_LEVELS_bet23_to_bet27,6.7506,6.7506,6.7506,8.4383,8.4383,4.000000,4.000000,4.000000,5.000000,5.000000,96.000000,96.000000,96.000000,95.000000,95.000000,5.0,37.1285,34.0107,131.6376,134.7554,PENDING_AG03,FALSE,NOT_FOR_ENFORCEMENT,162.0155,234591.6392,168.7661,162.0155,6.7506,0.00062781,0.00060270,6.7506,162.0155,0.00060270,6.7506,6.7506,6.7506,8.4383,8.4383,162.0155,0.00060270,37.1285,34.0107,131.6376,134.7554,0.00048969,0.00050129,0.00002511,43.0246,43.5591,0.0301,2.0581,0.0627,3278.2661,68.4146,17.6798,46.9397,25.7155,39.4976,52.6635,77.1466,82.2897,128.5777,31.4111,0.0,2.083411,3.25533,1.089297,30,192,222,8,0.05498276,0.00062781,0.08642944,0E-8,0.000000,0.909041,0.000000,-0.09079372,2026-03-23,2026-08-06,82,2690,1181,137,0.598540,0.376650,0.410924,0.183276,,,,,,,,GLOBAL_BASELINE_NO_ENTITY_RANKING,,,NOT_APPLICABLE_GLOBAL_BASELINE,HF9g-P5,,,,X 全窗基线 · 不参与实体赏罚,6876799,688,A168_HF9F_20260827_0900,2026-08-27 09:00:00
2026-03-26,70460261,2244,0,105.3269083920,75.0454222293,75.0454222293,1.0000000,3,3,0.50218230000000000,0.502182300000,1.4080544974538591,1.4080544974538591,1.4080544974538591,0E-17,ELIGIBLE,R03b_20260811_FULL_v1,L1_ELIGIBILITY,v2026-08-11,2026-03-21..2026-08-06,baccarat_bet02_101_all_pairs_incl_sentinel,round_win = game_pnl > 0 (decisive only),COMPATIBILITY_ONLY_NOT_PRODUCTION,268817.8208,244366.2908,168.7661,6248,5610,-0.00062781,-0.08642944,0.00436428,-0.00062781,-168.7661,268817.8208,OK,0.0000,6.7506,4.0000,96.0000,AG03-UNRESOLVED,ALL5_LEVELS_bet23_to_bet27,6.7506,6.7506,6.7506,8.4383,8.4383,4.000000,4.000000,4.000000,5.000000,5.000000,96.000000,96.000000,96.000000,95.000000,95.000000,5.0,37.1285,34.0107,131.6376,134.7554,PENDING_AG03,FALSE,NOT_FOR_ENFORCEMENT,162.0155,234591.6392,168.7661,162.0155,6.7506,0.00062781,0.00060270,6.7506,162.0155,0.00060270,6.7506,6.7506,6.7506,8.4383,8.4383,162.0155,0.00060270,37.1285,34.0107,131.6376,134.7554,0.00048969,0.00050129,0.00002511,43.0246,43.5591,0.0301,2.0581,0.0627,3278.2661,68.4146,17.6798,46.9397,25.7155,39.4976,52.6635,77.1466,82.2897,128.5777,31.4111,0.0,2.083411,3.25533,1.089297,30,192,222,8,0.05498276,0.00062781,0.08642944,0E-8,0.000000,0.909041,0.000000,-0.09079372,2026-03-23,2026-08-06,82,2690,1181,137,0.598540,0.376650,0.410924,0.183276,,,,,,,,GLOBAL_BASELINE_NO_ENTITY_RANKING,,,NOT_APPLICABLE_GLOBAL_BASELINE,HF9g-P5,,,,X 全窗基线 · 不参与实体赏罚,6876800,688,A168_HF9F_20260827_0900,2026-08-27 09:00:00
2026-03-26,70460261,2246,0,146.1410853939,-133.3043684336,-133.3043684336,0.2000000,5,5,0.50665070000000000,0.506650700000,-1.3715049547573244,-1.3715049547573244,-1.3715049547573244,0E-17,ELIGIBLE,R03b_20260811_FULL_v1,L1_ELIGIBILITY,v2026-08-11,2026-03-21..2026-08-06,baccarat_bet02_101_all_pairs_incl_sentinel,round_win = game_pnl > 0 (decisive only),COMPATIBILITY_ONLY_NOT_PRODUCTION,268817.8208,244366.2908,168.7661,6248,5610,-0.00062781,-0.08642944,0.00436428,-0.00062781,-168.7661,268817.8208,OK,0.0000,6.7506,4.0000,96.0000,AG03-UNRESOLVED,ALL5_LEVELS_bet23_to_bet27,6.7506,6.7506,6.7506,8.4383,8.4383,4.000000,4.000000,4.000000,5.000000,5.000000,96.000000,96.000000,96.000000,95.000000,95.000000,5.0,37.1285,34.0107,131.6376,134.7554,PENDING_AG03,FALSE,NOT_FOR_ENFORCEMENT,162.0155,234591.6392,168.7661,162.0155,6.7506,0.00062781,0.00060270,6.7506,162.0155,0.00060270,6.7506,6.7506,6.7506,8.4383,8.4383,162.0155,0.00060270,37.1285,34.0107,131.6376,134.7554,0.00048969,0.00050129,0.00002511,43.0246,43.5591,0.0301,2.0581,0.0627,3278.2661,68.4146,17.6798,46.9397,25.7155,39.4976,52.6635,77.1466,82.2897,128.5777,31.4111,0.0,2.083411,3.25533,1.089297,30,192,222,8,0.05498276,0.00062781,0.08642944,0E-8,0.000000,0.909041,0.000000,-0.09079372,2026-03-23,2026-08-06,82,2690,1181,137,0.598540,0.376650,0.410924,0.183276,,,,,,,,GLOBAL_BASELINE_NO_ENTITY_RANKING,,,NOT_APPLICABLE_GLOBAL_BASELINE,HF9g-P5,,,,X 全窗基线 · 不参与实体赏罚,6876801,688,A168_HF9F_20260827_0900,2026-08-27 09:00:00
2026-03-26,70460261,2248,0,281.7494799486,181.6889169762,181.6889169762,0.7142857,7,7,0.50282064285714286,0.502820642857,1.1189857854549734,1.1189857854557275,1.1189857854549734,1.4286E-13,ELIGIBLE,R03b_20260811_FULL_v1,L1_ELIGIBILITY,v2026-08-11,2026-03-21..2026-08-06,baccarat_bet02_101_all_pairs_incl_sentinel,round_win = game_pnl > 0 (decisive only),COMPATIBILITY_ONLY_NOT_PRODUCTION,268817.8208,244366.2908,168.7661,6248,5610,-0.00062781,-0.08642944,0.00436428,-0.00062781,-168.7661,268817.8208,OK,0.0000,6.7506,4.0000,96.0000,AG03-UNRESOLVED,ALL5_LEVELS_bet23_to_bet27,6.7506,6.7506,6.7506,8.4383,8.4383,4.000000,4.000000,4.000000,5.000000,5.000000,96.000000,96.000000,96.000000,95.000000,95.000000,5.0,37.1285,34.0107,131.6376,134.7554,PENDING_AG03,FALSE,NOT_FOR_ENFORCEMENT,162.0155,234591.6392,168.7661,162.0155,6.7506,0.00062781,0.00060270,6.7506,162.0155,0.00060270,6.7506,6.7506,6.7506,8.4383,8.4383,162.0155,0.00060270,37.1285,34.0107,131.6376,134.7554,0.00048969,0.00050129,0.00002511,43.0246,43.5591,0.0301,2.0581,0.0627,3278.2661,68.4146,17.6798,46.9397,25.7155,39.4976,52.6635,77.1466,82.2897,128.5777,31.4111,0.0,2.083411,3.25533,1.089297,30,192,222,8,0.05498276,0.00062781,0.08642944,0E-8,0.000000,0.909041,0.000000,-0.09079372,2026-03-23,2026-08-06,82,2690,1181,137,0.598540,0.376650,0.410924,0.183276,,,,,,,,GLOBAL_BASELINE_NO_ENTITY_RANKING,,,NOT_APPLICABLE_GLOBAL_BASELINE,HF9g-P5,,,,X 全窗基线 · 不参与实体赏罚,6876802,688,A168_HF9F_20260827_0900,2026-08-27 09:00:00
2026-03-26,70460261,2250,0,294.9153434975,-39.4975906469,-39.4975906469,0.4285714,7,7,0.49707555714285714,0.497075557143,-0.3624959764119633,-0.36249597641271863,-0.3624959764119633,-1.4286E-13,ELIGIBLE,R03b_20260811_FULL_v1,L1_ELIGIBILITY,v2026-08-11,2026-03-21..2026-08-06,baccarat_bet02_101_all_pairs_incl_sentinel,round_win = game_pnl > 0 (decisive only),COMPATIBILITY_ONLY_NOT_PRODUCTION,268817.8208,244366.2908,168.7661,6248,5610,-0.00062781,-0.08642944,0.00436428,-0.00062781,-168.7661,268817.8208,OK,0.0000,6.7506,4.0000,96.0000,AG03-UNRESOLVED,ALL5_LEVELS_bet23_to_bet27,6.7506,6.7506,6.7506,8.4383,8.4383,4.000000,4.000000,4.000000,5.000000,5.000000,96.000000,96.000000,96.000000,95.000000,95.000000,5.0,37.1285,34.0107,131.6376,134.7554,PENDING_AG03,FALSE,NOT_FOR_ENFORCEMENT,162.0155,234591.6392,168.7661,162.0155,6.7506,0.00062781,0.00060270,6.7506,162.0155,0.00060270,6.7506,6.7506,6.7506,8.4383,8.4383,162.0155,0.00060270,37.1285,34.0107,131.6376,134.7554,0.00048969,0.00050129,0.00002511,43.0246,43.5591,0.0301,2.0581,0.0627,3278.2661,68.4146,17.6798,46.9397,25.7155,39.4976,52.6635,77.1466,82.2897,128.5777,31.4111,0.0,2.083411,3.25533,1.089297,30,192,222,8,0.05498276,0.00062781,0.08642944,0E-8,0.000000,0.909041,0.000000,-0.09079372,2026-03-23,2026-08-06,82,2690,1181,137,0.598540,0.376650,0.410924,0.183276,,,,,,,,GLOBAL_BASELINE_NO_ENTITY_RANKING,,,NOT_APPLICABLE_GLOBAL_BASELINE,HF9g-P5,,,,X 全窗基线 · 不参与实体赏罚,6876803,688,A168_HF9F_20260827_0900,2026-08-27 09:00:00
2026-03-26,70460261,2254,0,55.8232614477,0.6582931775,0.6582931775,0.5000000,2,2,0.50665070000000000,0.506650700000,-0.018812684590367487,-0.018812684590367487,-0.018812684590367487,0E-17,ELIGIBLE,R03b_20260811_FULL_v1,L1_ELIGIBILITY,v2026-08-11,2026-03-21..2026-08-06,baccarat_bet02_101_all_pairs_incl_sentinel,round_win = game_pnl > 0 (decisive only),COMPATIBILITY_ONLY_NOT_PRODUCTION,268817.8208,244366.2908,168.7661,6248,5610,-0.00062781,-0.08642944,0.00436428,-0.00062781,-168.7661,268817.8208,OK,0.0000,6.7506,4.0000,96.0000,AG03-UNRESOLVED,ALL5_LEVELS_bet23_to_bet27,6.7506,6.7506,6.7506,8.4383,8.4383,4.000000,4.000000,4.000000,5.000000,5.000000,96.000000,96.000000,96.000000,95.000000,95.000000,5.0,37.1285,34.0107,131.6376,134.7554,PENDING_AG03,FALSE,NOT_FOR_ENFORCEMENT,162.0155,234591.6392,168.7661,162.0155,6.7506,0.00062781,0.00060270,6.7506,162.0155,0.00060270,6.7506,6.7506,6.7506,8.4383,8.4383,162.0155,0.00060270,37.1285,34.0107,131.6376,134.7554,0.00048969,0.00050129,0.00002511,43.0246,43.5591,0.0301,2.0581,0.0627,3278.2661,68.4146,17.6798,46.9397,25.7155,39.4976,52.6635,77.1466,82.2897,128.5777,31.4111,0.0,2.083411,3.25533,1.089297,30,192,222,8,0.05498276,0.00062781,0.08642944,0E-8,0.000000,0.909041,0.000000,-0.09079372,2026-03-23,2026-08-06,82,2690,1181,137,0.598540,0.376650,0.410924,0.183276,,,,,,,,GLOBAL_BASELINE_NO_ENTITY_RANKING,,,NOT_APPLICABLE_GLOBAL_BASELINE,HF9g-P5,,,,X 全窗基线 · 不参与实体赏罚,6876804,688,A168_HF9F_20260827_0900,2026-08-27 09:00:00
2026-03-26,70460261,2256,0,160.6235352978,44.7639360666,44.7639360666,0.5000000,4,4,0.50665070000000000,0.506650700000,-0.02660515369234503,-0.02660515369234503,-0.02660515369234503,0E-17,ELIGIBLE,R03b_20260811_FULL_v1,L1_ELIGIBILITY,v2026-08-11,2026-03-21..2026-08-06,baccarat_bet02_101_all_pairs_incl_sentinel,round_win = game_pnl > 0 (decisive only),COMPATIBILITY_ONLY_NOT_PRODUCTION,268817.8208,244366.2908,168.7661,6248,5610,-0.00062781,-0.08642944,0.00436428,-0.00062781,-168.7661,268817.8208,OK,0.0000,6.7506,4.0000,96.0000,AG03-UNRESOLVED,ALL5_LEVELS_bet23_to_bet27,6.7506,6.7506,6.7506,8.4383,8.4383,4.000000,4.000000,4.000000,5.000000,5.000000,96.000000,96.000000,96.000000,95.000000,95.000000,5.0,37.1285,34.0107,131.6376,134.7554,PENDING_AG03,FALSE,NOT_FOR_ENFORCEMENT,162.0155,234591.6392,168.7661,162.0155,6.7506,0.00062781,0.00060270,6.7506,162.0155,0.00060270,6.7506,6.7506,6.7506,8.4383,8.4383,162.0155,0.00060270,37.1285,34.0107,131.6376,134.7554,0.00048969,0.00050129,0.00002511,43.0246,43.5591,0.0301,2.0581,0.0627,3278.2661,68.4146,17.6798,46.9397,25.7155,39.4976,52.6635,77.1466,82.2897,128.5777,31.4111,0.0,2.083411,3.25533,1.089297,30,192,222,8,0.05498276,0.00062781,0.08642944,0E-8,0.000000,0.909041,0.000000,-0.09079372,2026-03-23,2026-08-06,82,2690,1181,137,0.598540,0.376650,0.410924,0.183276,,,,,,,,GLOBAL_BASELINE_NO_ENTITY_RANKING,,,NOT_APPLICABLE_GLOBAL_BASELINE,HF9g-P5,,,,X 全窗基线 · 不参与实体赏罚,6876805,688,A168_HF9F_20260827_0900,2026-08-27 09:00:00
2026-03-26,70460261,2258,0,431.8403244072,191.9582905443,191.9582905443,0.7000000,10,10,0.50531018000000000,0.505310180000,1.2313959846913516,1.2313959846913516,1.2313959846913516,0E-17,ELIGIBLE,R03b_20260811_FULL_v1,L1_ELIGIBILITY,v2026-08-11,2026-03-21..2026-08-06,baccarat_bet02_101_all_pairs_incl_sentinel,round_win = game_pnl > 0 (decisive only),COMPATIBILITY_ONLY_NOT_PRODUCTION,268817.8208,244366.2908,168.7661,6248,5610,-0.00062781,-0.08642944,0.00436428,-0.00062781,-168.7661,268817.8208,OK,0.0000,6.7506,4.0000,96.0000,AG03-UNRESOLVED,ALL5_LEVELS_bet23_to_bet27,6.7506,6.7506,6.7506,8.4383,8.4383,4.000000,4.000000,4.000000,5.000000,5.000000,96.000000,96.000000,96.000000,95.000000,95.000000,5.0,37.1285,34.0107,131.6376,134.7554,PENDING_AG03,FALSE,NOT_FOR_ENFORCEMENT,162.0155,234591.6392,168.7661,162.0155,6.7506,0.00062781,0.00060270,6.7506,162.0155,0.00060270,6.7506,6.7506,6.7506,8.4383,8.4383,162.0155,0.00060270,37.1285,34.0107,131.6376,134.7554,0.00048969,0.00050129,0.00002511,43.0246,43.5591,0.0301,2.0581,0.0627,3278.2661,68.4146,17.6798,46.9397,25.7155,39.4976,52.6635,77.1466,82.2897,128.5777,31.4111,0.0,2.083411,3.25533,1.089297,30,192,222,8,0.05498276,0.00062781,0.08642944,0E-8,0.000000,0.909041,0.000000,-0.09079372,2026-03-23,2026-08-06,82,2690,1181,137,0.598540,0.376650,0.410924,0.183276,,,,,,,,GLOBAL_BASELINE_NO_ENTITY_RANKING,,,NOT_APPLICABLE_GLOBAL_BASELINE,HF9g-P5,,,,X 全窗基线 · 不参与实体赏罚,6876806,688,A168_HF9F_20260827_0900,2026-08-27 09:00:00
2026-03-26,70460261,2264,0,52.6634541960,-52.6634541960,-52.6634541960,0E-7,2,2,0.50665070000000000,0.506650700000,-1.4331513700195317,-1.4331513700195317,-1.4331513700195317,0E-17,ELIGIBLE,R03b_20260811_FULL_v1,L1_ELIGIBILITY,v2026-08-11,2026-03-21..2026-08-06,baccarat_bet02_101_all_pairs_incl_sentinel,round_win = game_pnl > 0 (decisive only),COMPATIBILITY_ONLY_NOT_PRODUCTION,268817.8208,244366.2908,168.7661,6248,5610,-0.00062781,-0.08642944,0.00436428,-0.00062781,-168.7661,268817.8208,OK,0.0000,6.7506,4.0000,96.0000,AG03-UNRESOLVED,ALL5_LEVELS_bet23_to_bet27,6.7506,6.7506,6.7506,8.4383,8.4383,4.000000,4.000000,4.000000,5.000000,5.000000,96.000000,96.000000,96.000000,95.000000,95.000000,5.0,37.1285,34.0107,131.6376,134.7554,PENDING_AG03,FALSE,NOT_FOR_ENFORCEMENT,162.0155,234591.6392,168.7661,162.0155,6.7506,0.00062781,0.00060270,6.7506,162.0155,0.00060270,6.7506,6.7506,6.7506,8.4383,8.4383,162.0155,0.00060270,37.1285,34.0107,131.6376,134.7554,0.00048969,0.00050129,0.00002511,43.0246,43.5591,0.0301,2.0581,0.0627,3278.2661,68.4146,17.6798,46.9397,25.7155,39.4976,52.6635,77.1466,82.2897,128.5777,31.4111,0.0,2.083411,3.25533,1.089297,30,192,222,8,0.05498276,0.00062781,0.08642944,0E-8,0.000000,0.909041,0.000000,-0.09079372,2026-03-23,2026-08-06,82,2690,1181,137,0.598540,0.376650,0.410924,0.183276,,,,,,,,GLOBAL_BASELINE_NO_ENTITY_RANKING,,,NOT_APPLICABLE_GLOBAL_BASELINE,HF9g-P5,,,,X 全窗基线 · 不参与实体赏罚,6876807,688,A168_HF9F_20260827_0900,2026-08-27 09:00:00
2026-03-26,70460261,2266,0,13.1658635490,-13.1658635490,-13.1658635490,0E-7,1,1,0.50665070000000000,0.506650700000,-1.013391052207602,-1.013391052207602,-1.013391052207602,0E-17,ELIGIBLE,R03b_20260811_FULL_v1,L1_ELIGIBILITY,v2026-08-11,2026-03-21..2026-08-06,baccarat_bet02_101_all_pairs_incl_sentinel,round_win = game_pnl > 0 (decisive only),COMPATIBILITY_ONLY_NOT_PRODUCTION,268817.8208,244366.2908,168.7661,6248,5610,-0.00062781,-0.08642944,0.00436428,-0.00062781,-168.7661,268817.8208,OK,0.0000,6.7506,4.0000,96.0000,AG03-UNRESOLVED,ALL5_LEVELS_bet23_to_bet27,6.7506,6.7506,6.7506,8.4383,8.4383,4.000000,4.000000,4.000000,5.000000,5.000000,96.000000,96.000000,96.000000,95.000000,95.000000,5.0,37.1285,34.0107,131.6376,134.7554,PENDING_AG03,FALSE,NOT_FOR_ENFORCEMENT,162.0155,234591.6392,168.7661,162.0155,6.7506,0.00062781,0.00060270,6.7506,162.0155,0.00060270,6.7506,6.7506,6.7506,8.4383,8.4383,162.0155,0.00060270,37.1285,34.0107,131.6376,134.7554,0.00048969,0.00050129,0.00002511,43.0246,43.5591,0.0301,2.0581,0.0627,3278.2661,68.4146,17.6798,46.9397,25.7155,39.4976,52.6635,77.1466,82.2897,128.5777,31.4111,0.0,2.083411,3.25533,1.089297,30,192,222,8,0.05498276,0.00062781,0.08642944,0E-8,0.000000,0.909041,0.000000,-0.09079372,2026-03-23,2026-08-06,82,2690,1181,137,0.598540,0.376650,0.410924,0.183276,,,,,,,,GLOBAL_BASELINE_NO_ENTITY_RANKING,,,NOT_APPLICABLE_GLOBAL_BASELINE,HF9g-P5,,,,X 全窗基线 · 不参与实体赏罚,6876808,688,A168_HF9F_20260827_0900,2026-08-27 09:00:00
2026-03-26,70460261,462,0,71.0956631646,-71.0956631646,-71.0956631646,0E-7,2,2,0.50665070000000000,0.506650700000,-1.4331513700195317,-1.4331513700195317,-1.4331513700195317,0E-17,ELIGIBLE,R03b_20260811_FULL_v1,L1_ELIGIBILITY,v2026-08-11,2026-03-21..2026-08-06,baccarat_bet02_101_all_pairs_incl_sentinel,round_win = game_pnl > 0 (decisive only),COMPATIBILITY_ONLY_NOT_PRODUCTION,268817.8208,244366.2908,168.7661,6248,5610,-0.00062781,-0.08642944,0.00436428,-0.00062781,-168.7661,268817.8208,OK,0.0000,6.7506,4.0000,96.0000,AG03-UNRESOLVED,ALL5_LEVELS_bet23_to_bet27,6.7506,6.7506,6.7506,8.4383,8.4383,4.000000,4.000000,4.000000,5.000000,5.000000,96.000000,96.000000,96.000000,95.000000,95.000000,5.0,37.1285,34.0107,131.6376,134.7554,PENDING_AG03,FALSE,NOT_FOR_ENFORCEMENT,162.0155,234591.6392,168.7661,162.0155,6.7506,0.00062781,0.00060270,6.7506,162.0155,0.00060270,6.7506,6.7506,6.7506,8.4383,8.4383,162.0155,0.00060270,37.1285,34.0107,131.6376,134.7554,0.00048969,0.00050129,0.00002511,43.0246,43.5591,0.0301,2.0581,0.0627,3278.2661,68.4146,17.6798,46.9397,25.7155,39.4976,52.6635,77.1466,82.2897,128.5777,31.4111,0.0,2.083411,3.25533,1.089297,30,192,222,8,0.05498276,0.00062781,0.08642944,0E-8,0.000000,0.909041,0.000000,-0.09079372,2026-03-23,2026-08-06,82,2690,1181,137,0.598540,0.376650,0.410924,0.183276,,,,,,,,GLOBAL_BASELINE_NO_ENTITY_RANKING,,,NOT_APPLICABLE_GLOBAL_BASELINE,HF9g-P5,,,,X 全窗基线 · 不参与实体赏罚,6876809,688,A168_HF9F_20260827_0900,2026-08-27 09:00:00
2026-03-26,70460261,529,0,4.4763936067,4.2525739263,4.2525739263,1.0000000,1,1,0.50665070000000000,0.506650700000,0.9867858985152569,0.9867858985152569,0.9867858985152569,0E-17,ELIGIBLE,R03b_20260811_FULL_v1,L1_ELIGIBILITY,v2026-08-11,2026-03-21..2026-08-06,baccarat_bet02_101_all_pairs_incl_sentinel,round_win = game_pnl > 0 (decisive only),COMPATIBILITY_ONLY_NOT_PRODUCTION,268817.8208,244366.2908,168.7661,6248,5610,-0.00062781,-0.08642944,0.00436428,-0.00062781,-168.7661,268817.8208,OK,0.0000,6.7506,4.0000,96.0000,AG03-UNRESOLVED,ALL5_LEVELS_bet23_to_bet27,6.7506,6.7506,6.7506,8.4383,8.4383,4.000000,4.000000,4.000000,5.000000,5.000000,96.000000,96.000000,96.000000,95.000000,95.000000,5.0,37.1285,34.0107,131.6376,134.7554,PENDING_AG03,FALSE,NOT_FOR_ENFORCEMENT,162.0155,234591.6392,168.7661,162.0155,6.7506,0.00062781,0.00060270,6.7506,162.0155,0.00060270,6.7506,6.7506,6.7506,8.4383,8.4383,162.0155,0.00060270,37.1285,34.0107,131.6376,134.7554,0.00048969,0.00050129,0.00002511,43.0246,43.5591,0.0301,2.0581,0.0627,3278.2661,68.4146,17.6798,46.9397,25.7155,39.4976,52.6635,77.1466,82.2897,128.5777,31.4111,0.0,2.083411,3.25533,1.089297,30,192,222,8,0.05498276,0.00062781,0.08642944,0E-8,0.000000,0.909041,0.000000,-0.09079372,2026-03-23,2026-08-06,82,2690,1181,137,0.598540,0.376650,0.410924,0.183276,,,,,,,,GLOBAL_BASELINE_NO_ENTITY_RANKING,,,NOT_APPLICABLE_GLOBAL_BASELINE,HF9g-P5,,,,X 全窗基线 · 不参与实体赏罚,6876810,688,A168_HF9F_20260827_0900,2026-08-27 09:00:00
2026-03-26,70460261,550,0,273.8499618192,112.5681333439,112.5681333439,0.8333333,7,7,0.50665070000000000,0.506650700000,1.6005531159783741,1.6005531159783741,1.6005531159783741,0E-17,ELIGIBLE,R03b_20260811_FULL_v1,L1_ELIGIBILITY,v2026-08-11,2026-03-21..2026-08-06,baccarat_bet02_101_all_pairs_incl_sentinel,round_win = game_pnl > 0 (decisive only),COMPATIBILITY_ONLY_NOT_PRODUCTION,268817.8208,244366.2908,168.7661,6248,5610,-0.00062781,-0.08642944,0.00436428,-0.00062781,-168.7661,268817.8208,OK,0.0000,6.7506,4.0000,96.0000,AG03-UNRESOLVED,ALL5_LEVELS_bet23_to_bet27,6.7506,6.7506,6.7506,8.4383,8.4383,4.000000,4.000000,4.000000,5.000000,5.000000,96.000000,96.000000,96.000000,95.000000,95.000000,5.0,37.1285,34.0107,131.6376,134.7554,PENDING_AG03,FALSE,NOT_FOR_ENFORCEMENT,162.0155,234591.6392,168.7661,162.0155,6.7506,0.00062781,0.00060270,6.7506,162.0155,0.00060270,6.7506,6.7506,6.7506,8.4383,8.4383,162.0155,0.00060270,37.1285,34.0107,131.6376,134.7554,0.00048969,0.00050129,0.00002511,43.0246,43.5591,0.0301,2.0581,0.0627,3278.2661,68.4146,17.6798,46.9397,25.7155,39.4976,52.6635,77.1466,82.2897,128.5777,31.4111,0.0,2.083411,3.25533,1.089297,30,192,222,8,0.05498276,0.00062781,0.08642944,0E-8,0.000000,0.909041,0.000000,-0.09079372,2026-03-23,2026-08-06,82,2690,1181,137,0.598540,0.376650,0.410924,0.183276,,,,,,,,GLOBAL_BASELINE_NO_ENTITY_RANKING,,,NOT_APPLICABLE_GLOBAL_BASELINE,HF9g-P5,,,,X 全窗基线 · 不参与实体赏罚,6876811,688,A168_HF9F_20260827_0900,2026-08-27 09:00:00
2026-03-26,70460261,583,0,207.7573268032,66.6192695579,66.6192695579,0.6250000,8,8,0.50162375000000000,0.501623750000,0.6979251443573454,0.6979251443573454,0.6979251443573454,0E-17,ELIGIBLE,R03b_20260811_FULL_v1,L1_ELIGIBILITY,v2026-08-11,2026-03-21..2026-08-06,baccarat_bet02_101_all_pairs_incl_sentinel,round_win = game_pnl > 0 (decisive only),COMPATIBILITY_ONLY_NOT_PRODUCTION,268817.8208,244366.2908,168.7661,6248,5610,-0.00062781,-0.08642944,0.00436428,-0.00062781,-168.7661,268817.8208,OK,0.0000,6.7506,4.0000,96.0000,AG03-UNRESOLVED,ALL5_LEVELS_bet23_to_bet27,6.7506,6.7506,6.7506,8.4383,8.4383,4.000000,4.000000,4.000000,5.000000,5.000000,96.000000,96.000000,96.000000,95.000000,95.000000,5.0,37.1285,34.0107,131.6376,134.7554,PENDING_AG03,FALSE,NOT_FOR_ENFORCEMENT,162.0155,234591.6392,168.7661,162.0155,6.7506,0.00062781,0.00060270,6.7506,162.0155,0.00060270,6.7506,6.7506,6.7506,8.4383,8.4383,162.0155,0.00060270,37.1285,34.0107,131.6376,134.7554,0.00048969,0.00050129,0.00002511,43.0246,43.5591,0.0301,2.0581,0.0627,3278.2661,68.4146,17.6798,46.9397,25.7155,39.4976,52.6635,77.1466,82.2897,128.5777,31.4111,0.0,2.083411,3.25533,1.089297,30,192,222,8,0.05498276,0.00062781,0.08642944,0E-8,0.000000,0.909041,0.000000,-0.09079372,2026-03-23,2026-08-06,82,2690,1181,137,0.598540,0.376650,0.410924,0.183276,,,,,,,,GLOBAL_BASELINE_NO_ENTITY_RANKING,,,NOT_APPLICABLE_GLOBAL_BASELINE,HF9g-P5,,,,X 全窗基线 · 不参与实体赏罚,6876812,688,A168_HF9F_20260827_0900,2026-08-27 09:00:00
2026-03-26,70460261,595,0,218.5533349134,68.9891249966,68.9891249966,0.6666667,6,6,0.50665070000000000,0.506650700000,0.7839842952205449,0.7839842952205449,0.7839842952205449,0E-17,ELIGIBLE,R03b_20260811_FULL_v1,L1_ELIGIBILITY,v2026-08-11,2026-03-21..2026-08-06,baccarat_bet02_101_all_pairs_incl_sentinel,round_win = game_pnl > 0 (decisive only),COMPATIBILITY_ONLY_NOT_PRODUCTION,268817.8208,244366.2908,168.7661,6248,5610,-0.00062781,-0.08642944,0.00436428,-0.00062781,-168.7661,268817.8208,OK,0.0000,6.7506,4.0000,96.0000,AG03-UNRESOLVED,ALL5_LEVELS_bet23_to_bet27,6.7506,6.7506,6.7506,8.4383,8.4383,4.000000,4.000000,4.000000,5.000000,5.000000,96.000000,96.000000,96.000000,95.000000,95.000000,5.0,37.1285,34.0107,131.6376,134.7554,PENDING_AG03,FALSE,NOT_FOR_ENFORCEMENT,162.0155,234591.6392,168.7661,162.0155,6.7506,0.00062781,0.00060270,6.7506,162.0155,0.00060270,6.7506,6.7506,6.7506,8.4383,8.4383,162.0155,0.00060270,37.1285,34.0107,131.6376,134.7554,0.00048969,0.00050129,0.00002511,43.0246,43.5591,0.0301,2.0581,0.0627,3278.2661,68.4146,17.6798,46.9397,25.7155,39.4976,52.6635,77.1466,82.2897,128.5777,31.4111,0.0,2.083411,3.25533,1.089297,30,192,222,8,0.05498276,0.00062781,0.08642944,0E-8,0.000000,0.909041,0.000000,-0.09079372,2026-03-23,2026-08-06,82,2690,1181,137,0.598540,0.376650,0.410924,0.183276,,,,,,,,GLOBAL_BASELINE_NO_ENTITY_RANKING,,,NOT_APPLICABLE_GLOBAL_BASELINE,HF9g-P5,,,,X 全窗基线 · 不参与实体赏罚,6876813,688,A168_HF9F_20260827_0900,2026-08-27 09:00:00
2026-03-26,70460261,752,0,78.9951812939,-78.9951812939,-78.9951812939,0E-7,1,1,0.50665070000000000,0.506650700000,-1.013391052207602,-1.013391052207602,-1.013391052207602,0E-17,ELIGIBLE,R03b_20260811_FULL_v1,L1_ELIGIBILITY,v2026-08-11,2026-03-21..2026-08-06,baccarat_bet02_101_all_pairs_incl_sentinel,round_win = game_pnl > 0 (decisive only),COMPATIBILITY_ONLY_NOT_PRODUCTION,268817.8208,244366.2908,168.7661,6248,5610,-0.00062781,-0.08642944,0.00436428,-0.00062781,-168.7661,268817.8208,OK,0.0000,6.7506,4.0000,96.0000,AG03-UNRESOLVED,ALL5_LEVELS_bet23_to_bet27,6.7506,6.7506,6.7506,8.4383,8.4383,4.000000,4.000000,4.000000,5.000000,5.000000,96.000000,96.000000,96.000000,95.000000,95.000000,5.0,37.1285,34.0107,131.6376,134.7554,PENDING_AG03,FALSE,NOT_FOR_ENFORCEMENT,162.0155,234591.6392,168.7661,162.0155,6.7506,0.00062781,0.00060270,6.7506,162.0155,0.00060270,6.7506,6.7506,6.7506,8.4383,8.4383,162.0155,0.00060270,37.1285,34.0107,131.6376,134.7554,0.00048969,0.00050129,0.00002511,43.0246,43.5591,0.0301,2.0581,0.0627,3278.2661,68.4146,17.6798,46.9397,25.7155,39.4976,52.6635,77.1466,82.2897,128.5777,31.4111,0.0,2.083411,3.25533,1.089297,30,192,222,8,0.05498276,0.00062781,0.08642944,0E-8,0.000000,0.909041,0.000000,-0.09079372,2026-03-23,2026-08-06,82,2690,1181,137,0.598540,0.376650,0.410924,0.183276,,,,,,,,GLOBAL_BASELINE_NO_ENTITY_RANKING,,,NOT_APPLICABLE_GLOBAL_BASELINE,HF9g-P5,,,,X 全窗基线 · 不参与实体赏罚,6876814,688,A168_HF9F_20260827_0900,2026-08-27 09:00:00
2026-03-26,70460261,763,0,78.9951812940,-78.9951812940,-78.9951812940,0E-7,2,2,0.50665070000000000,0.506650700000,-1.4331513700195317,-1.4331513700195317,-1.4331513700195317,0E-17,ELIGIBLE,R03b_20260811_FULL_v1,L1_ELIGIBILITY,v2026-08-11,2026-03-21..2026-08-06,baccarat_bet02_101_all_pairs_incl_sentinel,round_win = game_pnl > 0 (decisive only),COMPATIBILITY_ONLY_NOT_PRODUCTION,268817.8208,244366.2908,168.7661,6248,5610,-0.00062781,-0.08642944,0.00436428,-0.00062781,-168.7661,268817.8208,OK,0.0000,6.7506,4.0000,96.0000,AG03-UNRESOLVED,ALL5_LEVELS_bet23_to_bet27,6.7506,6.7506,6.7506,8.4383,8.4383,4.000000,4.000000,4.000000,5.000000,5.000000,96.000000,96.000000,96.000000,95.000000,95.000000,5.0,37.1285,34.0107,131.6376,134.7554,PENDING_AG03,FALSE,NOT_FOR_ENFORCEMENT,162.0155,234591.6392,168.7661,162.0155,6.7506,0.00062781,0.00060270,6.7506,162.0155,0.00060270,6.7506,6.7506,6.7506,8.4383,8.4383,162.0155,0.00060270,37.1285,34.0107,131.6376,134.7554,0.00048969,0.00050129,0.00002511,43.0246,43.5591,0.0301,2.0581,0.0627,3278.2661,68.4146,17.6798,46.9397,25.7155,39.4976,52.6635,77.1466,82.2897,128.5777,31.4111,0.0,2.083411,3.25533,1.089297,30,192,222,8,0.05498276,0.00062781,0.08642944,0E-8,0.000000,0.909041,0.000000,-0.09079372,2026-03-23,2026-08-06,82,2690,1181,137,0.598540,0.376650,0.410924,0.183276,,,,,,,,GLOBAL_BASELINE_NO_ENTITY_RANKING,,,NOT_APPLICABLE_GLOBAL_BASELINE,HF9g-P5,,,,X 全窗基线 · 不参与实体赏罚,6876815,688,A168_HF9F_20260827_0900,2026-08-27 09:00:00
2026-03-26,70460261,789,0,276.4831345289,0.7899518129,0.7899518129,0.5714286,7,7,0.50473567142857143,0.504735671429,0.35292148522900274,0.3529214852267378,0.35292148522900274,-4.2857E-13,ELIGIBLE,R03b_20260811_FULL_v1,L1_ELIGIBILITY,v2026-08-11,2026-03-21..2026-08-06,baccarat_bet02_101_all_pairs_incl_sentinel,round_win = game_pnl > 0 (decisive only),COMPATIBILITY_ONLY_NOT_PRODUCTION,268817.8208,244366.2908,168.7661,6248,5610,-0.00062781,-0.08642944,0.00436428,-0.00062781,-168.7661,268817.8208,OK,0.0000,6.7506,4.0000,96.0000,AG03-UNRESOLVED,ALL5_LEVELS_bet23_to_bet27,6.7506,6.7506,6.7506,8.4383,8.4383,4.000000,4.000000,4.000000,5.000000,5.000000,96.000000,96.000000,96.000000,95.000000,95.000000,5.0,37.1285,34.0107,131.6376,134.7554,PENDING_AG03,FALSE,NOT_FOR_ENFORCEMENT,162.0155,234591.6392,168.7661,162.0155,6.7506,0.00062781,0.00060270,6.7506,162.0155,0.00060270,6.7506,6.7506,6.7506,8.4383,8.4383,162.0155,0.00060270,37.1285,34.0107,131.6376,134.7554,0.00048969,0.00050129,0.00002511,43.0246,43.5591,0.0301,2.0581,0.0627,3278.2661,68.4146,17.6798,46.9397,25.7155,39.4976,52.6635,77.1466,82.2897,128.5777,31.4111,0.0,2.083411,3.25533,1.089297,30,192,222,8,0.05498276,0.00062781,0.08642944,0E-8,0.000000,0.909041,0.000000,-0.09079372,2026-03-23,2026-08-06,82,2690,1181,137,0.598540,0.376650,0.410924,0.183276,,,,,,,,GLOBAL_BASELINE_NO_ENTITY_RANKING,,,NOT_APPLICABLE_GLOBAL_BASELINE,HF9g-P5,,,,X 全窗基线 · 不参与实体赏罚,6876816,688,A168_HF9F_20260827_0900,2026-08-27 09:00:00
2026-03-26,70460261,919,0,78.4685467520,-78.4685467520,-78.4685467520,0E-7,2,2,0.50665070000000000,0.506650700000,-1.4331513700195317,-1.4331513700195317,-1.4331513700195317,0E-17,ELIGIBLE,R03b_20260811_FULL_v1,L1_ELIGIBILITY,v2026-08-11,2026-03-21..2026-08-06,baccarat_bet02_101_all_pairs_incl_sentinel,round_win = game_pnl > 0 (decisive only),COMPATIBILITY_ONLY_NOT_PRODUCTION,268817.8208,244366.2908,168.7661,6248,5610,-0.00062781,-0.08642944,0.00436428,-0.00062781,-168.7661,268817.8208,OK,0.0000,6.7506,4.0000,96.0000,AG03-UNRESOLVED,ALL5_LEVELS_bet23_to_bet27,6.7506,6.7506,6.7506,8.4383,8.4383,4.000000,4.000000,4.000000,5.000000,5.000000,96.000000,96.000000,96.000000,95.000000,95.000000,5.0,37.1285,34.0107,131.6376,134.7554,PENDING_AG03,FALSE,NOT_FOR_ENFORCEMENT,162.0155,234591.6392,168.7661,162.0155,6.7506,0.00062781,0.00060270,6.7506,162.0155,0.00060270,6.7506,6.7506,6.7506,8.4383,8.4383,162.0155,0.00060270,37.1285,34.0107,131.6376,134.7554,0.00048969,0.00050129,0.00002511,43.0246,43.5591,0.0301,2.0581,0.0627,3278.2661,68.4146,17.6798,46.9397,25.7155,39.4976,52.6635,77.1466,82.2897,128.5777,31.4111,0.0,2.083411,3.25533,1.089297,30,192,222,8,0.05498276,0.00062781,0.08642944,0E-8,0.000000,0.909041,0.000000,-0.09079372,2026-03-23,2026-08-06,82,2690,1181,137,0.598540,0.376650,0.410924,0.183276,,,,,,,,GLOBAL_BASELINE_NO_ENTITY_RANKING,,,NOT_APPLICABLE_GLOBAL_BASELINE,HF9g-P5,,,,X 全窗基线 · 不参与实体赏罚,6876817,688,A168_HF9F_20260827_0900,2026-08-27 09:00:00
2026-03-26,70460261,986,0,763.6200858417,-83.2082576297,-83.2082576297,0.5000000,16,16,0.50329940000000000,0.503299400000,-0.02639577469719362,-0.02639577469719362,-0.02639577469719362,0E-17,ELIGIBLE,R03b_20260811_FULL_v1,L1_ELIGIBILITY,v2026-08-11,2026-03-21..2026-08-06,baccarat_bet02_101_all_pairs_incl_sentinel,round_win = game_pnl > 0 (decisive only),COMPATIBILITY_ONLY_NOT_PRODUCTION,268817.8208,244366.2908,168.7661,6248,5610,-0.00062781,-0.08642944,0.00436428,-0.00062781,-168.7661,268817.8208,OK,0.0000,6.7506,4.0000,96.0000,AG03-UNRESOLVED,ALL5_LEVELS_bet23_to_bet27,6.7506,6.7506,6.7506,8.4383,8.4383,4.000000,4.000000,4.000000,5.000000,5.000000,96.000000,96.000000,96.000000,95.000000,95.000000,5.0,37.1285,34.0107,131.6376,134.7554,PENDING_AG03,FALSE,NOT_FOR_ENFORCEMENT,162.0155,234591.6392,168.7661,162.0155,6.7506,0.00062781,0.00060270,6.7506,162.0155,0.00060270,6.7506,6.7506,6.7506,8.4383,8.4383,162.0155,0.00060270,37.1285,34.0107,131.6376,134.7554,0.00048969,0.00050129,0.00002511,43.0246,43.5591,0.0301,2.0581,0.0627,3278.2661,68.4146,17.6798,46.9397,25.7155,39.4976,52.6635,77.1466,82.2897,128.5777,31.4111,0.0,2.083411,3.25533,1.089297,30,192,222,8,0.05498276,0.00062781,0.08642944,0E-8,0.000000,0.909041,0.000000,-0.09079372,2026-03-23,2026-08-06,82,2690,1181,137,0.598540,0.376650,0.410924,0.183276,,,,,,,,GLOBAL_BASELINE_NO_ENTITY_RANKING,,,NOT_APPLICABLE_GLOBAL_BASELINE,HF9g-P5,,,,X 全窗基线 · 不参与实体赏罚,6876818,688,A168_HF9F_20260827_0900,2026-08-27 09:00:00
2026-03-26,70460261,987,0,410.7749427286,25.6734339205,25.6734339205,0.6666667,6,6,0.50665070000000000,0.506650700000,0.7839842952205449,0.7839842952205449,0.7839842952205449,0E-17,ELIGIBLE,R03b_20260811_FULL_v1,L1_ELIGIBILITY,v2026-08-11,2026-03-21..2026-08-06,baccarat_bet02_101_all_pairs_incl_sentinel,round_win = game_pnl > 0 (decisive only),COMPATIBILITY_ONLY_NOT_PRODUCTION,268817.8208,244366.2908,168.7661,6248,5610,-0.00062781,-0.08642944,0.00436428,-0.00062781,-168.7661,268817.8208,OK,0.0000,6.7506,4.0000,96.0000,AG03-UNRESOLVED,ALL5_LEVELS_bet23_to_bet27,6.7506,6.7506,6.7506,8.4383,8.4383,4.000000,4.000000,4.000000,5.000000,5.000000,96.000000,96.000000,96.000000,95.000000,95.000000,5.0,37.1285,34.0107,131.6376,134.7554,PENDING_AG03,FALSE,NOT_FOR_ENFORCEMENT,162.0155,234591.6392,168.7661,162.0155,6.7506,0.00062781,0.00060270,6.7506,162.0155,0.00060270,6.7506,6.7506,6.7506,8.4383,8.4383,162.0155,0.00060270,37.1285,34.0107,131.6376,134.7554,0.00048969,0.00050129,0.00002511,43.0246,43.5591,0.0301,2.0581,0.0627,3278.2661,68.4146,17.6798,46.9397,25.7155,39.4976,52.6635,77.1466,82.2897,128.5777,31.4111,0.0,2.083411,3.25533,1.089297,30,192,222,8,0.05498276,0.00062781,0.08642944,0E-8,0.000000,0.909041,0.000000,-0.09079372,2026-03-23,2026-08-06,82,2690,1181,137,0.598540,0.376650,0.410924,0.183276,,,,,,,,GLOBAL_BASELINE_NO_ENTITY_RANKING,,,NOT_APPLICABLE_GLOBAL_BASELINE,HF9g-P5,,,,X 全窗基线 · 不参与实体赏罚,6876819,688,A168_HF9F_20260827_0900,2026-08-27 09:00:00
2026-03-27,70460261,-1,1,1972.2463596397,105.9588698421,105.9588698421,0.5238095,46,46,0.50490219565217391,0.504902195652,0.2450787616894778,0.2450787616917312,0.2450787616894778,1.7391E-13,SENTINEL_DEALER,R03b_20260811_FULL_v1,L1_ELIGIBILITY,v2026-08-11,2026-03-21..2026-08-06,baccarat_bet02_101_all_pairs_incl_sentinel,round_win = game_pnl > 0 (decisive only),COMPATIBILITY_ONLY_NOT_PRODUCTION,268817.8208,244366.2908,168.7661,6248,5610,-0.00062781,-0.08642944,0.00436428,-0.00062781,-168.7661,268817.8208,OK,0.0000,6.7506,4.0000,96.0000,AG03-UNRESOLVED,ALL5_LEVELS_bet23_to_bet27,6.7506,6.7506,6.7506,8.4383,8.4383,4.000000,4.000000,4.000000,5.000000,5.000000,96.000000,96.000000,96.000000,95.000000,95.000000,5.0,37.1285,34.0107,131.6376,134.7554,PENDING_AG03,FALSE,NOT_FOR_ENFORCEMENT,162.0155,234591.6392,168.7661,162.0155,6.7506,0.00062781,0.00060270,6.7506,162.0155,0.00060270,6.7506,6.7506,6.7506,8.4383,8.4383,162.0155,0.00060270,37.1285,34.0107,131.6376,134.7554,0.00048969,0.00050129,0.00002511,43.0246,43.5591,0.0301,2.0581,0.0627,3278.2661,68.4146,17.6798,46.9397,25.7155,39.4976,52.6635,77.1466,82.2897,128.5777,31.4111,0.0,2.083411,3.25533,1.089297,30,192,222,8,0.05498276,0.00062781,0.08642944,0E-8,0.000000,0.909041,0.000000,-0.09079372,2026-03-23,2026-08-06,82,2690,1181,137,0.598540,0.376650,0.410924,0.183276,,,,,,,,GLOBAL_BASELINE_NO_ENTITY_RANKING,,,NOT_APPLICABLE_GLOBAL_BASELINE,HF9g-P5,,,,X 全窗基线 · 不参与实体赏罚,6876820,688,A168_HF9F_20260827_0900,2026-08-27 09:00:00
2026-03-27,70460261,1004,0,113.2264265214,-34.2312452274,-34.2312452274,0.5000000,3,3,0.49771390000000000,0.497713900000,0.006466134837551399,0.0064661348375514,0.006466134837551399,0E-17,ELIGIBLE,R03b_20260811_FULL_v1,L1_ELIGIBILITY,v2026-08-11,2026-03-21..2026-08-06,baccarat_bet02_101_all_pairs_incl_sentinel,round_win = game_pnl > 0 (decisive only),COMPATIBILITY_ONLY_NOT_PRODUCTION,268817.8208,244366.2908,168.7661,6248,5610,-0.00062781,-0.08642944,0.00436428,-0.00062781,-168.7661,268817.8208,OK,0.0000,6.7506,4.0000,96.0000,AG03-UNRESOLVED,ALL5_LEVELS_bet23_to_bet27,6.7506,6.7506,6.7506,8.4383,8.4383,4.000000,4.000000,4.000000,5.000000,5.000000,96.000000,96.000000,96.000000,95.000000,95.000000,5.0,37.1285,34.0107,131.6376,134.7554,PENDING_AG03,FALSE,NOT_FOR_ENFORCEMENT,162.0155,234591.6392,168.7661,162.0155,6.7506,0.00062781,0.00060270,6.7506,162.0155,0.00060270,6.7506,6.7506,6.7506,8.4383,8.4383,162.0155,0.00060270,37.1285,34.0107,131.6376,134.7554,0.00048969,0.00050129,0.00002511,43.0246,43.5591,0.0301,2.0581,0.0627,3278.2661,68.4146,17.6798,46.9397,25.7155,39.4976,52.6635,77.1466,82.2897,128.5777,31.4111,0.0,2.083411,3.25533,1.089297,30,192,222,8,0.05498276,0.00062781,0.08642944,0E-8,0.000000,0.909041,0.000000,-0.09079372,2026-03-23,2026-08-06,82,2690,1181,137,0.598540,0.376650,0.410924,0.183276,,,,,,,,GLOBAL_BASELINE_NO_ENTITY_RANKING,,,NOT_APPLICABLE_GLOBAL_BASELINE,HF9g-P5,,,,X 全窗基线 · 不参与实体赏罚,6876821,688,A168_HF9F_20260827_0900,2026-08-27 09:00:00
2026-03-27,70460261,1078,0,52.9267714669,-52.9267714669,-52.9267714669,0E-7,1,1,0.50665070000000000,0.506650700000,-1.013391052207602,-1.013391052207602,-1.013391052207602,0E-17,ELIGIBLE,R03b_20260811_FULL_v1,L1_ELIGIBILITY,v2026-08-11,2026-03-21..2026-08-06,baccarat_bet02_101_all_pairs_incl_sentinel,round_win = game_pnl > 0 (decisive only),COMPATIBILITY_ONLY_NOT_PRODUCTION,268817.8208,244366.2908,168.7661,6248,5610,-0.00062781,-0.08642944,0.00436428,-0.00062781,-168.7661,268817.8208,OK,0.0000,6.7506,4.0000,96.0000,AG03-UNRESOLVED,ALL5_LEVELS_bet23_to_bet27,6.7506,6.7506,6.7506,8.4383,8.4383,4.000000,4.000000,4.000000,5.000000,5.000000,96.000000,96.000000,96.000000,95.000000,95.000000,5.0,37.1285,34.0107,131.6376,134.7554,PENDING_AG03,FALSE,NOT_FOR_ENFORCEMENT,162.0155,234591.6392,168.7661,162.0155,6.7506,0.00062781,0.00060270,6.7506,162.0155,0.00060270,6.7506,6.7506,6.7506,8.4383,8.4383,162.0155,0.00060270,37.1285,34.0107,131.6376,134.7554,0.00048969,0.00050129,0.00002511,43.0246,43.5591,0.0301,2.0581,0.0627,3278.2661,68.4146,17.6798,46.9397,25.7155,39.4976,52.6635,77.1466,82.2897,128.5777,31.4111,0.0,2.083411,3.25533,1.089297,30,192,222,8,0.05498276,0.00062781,0.08642944,0E-8,0.000000,0.909041,0.000000,-0.09079372,2026-03-23,2026-08-06,82,2690,1181,137,0.598540,0.376650,0.410924,0.183276,,,,,,,,GLOBAL_BASELINE_NO_ENTITY_RANKING,,,NOT_APPLICABLE_GLOBAL_BASELINE,HF9g-P5,,,,X 全窗基线 · 不参与实体赏罚,6876822,688,A168_HF9F_20260827_0900,2026-08-27 09:00:00
2026-03-27,70460261,1109,0,260.6840982700,-106.6434947469,-106.6434947469,0.2500000,4,4,0.50665070000000000,0.506650700000,-1.0266936290537745,-1.0266936290537745,-1.0266936290537745,0E-17,ELIGIBLE,R03b_20260811_FULL_v1,L1_ELIGIBILITY,v2026-08-11,2026-03-21..2026-08-06,baccarat_bet02_101_all_pairs_incl_sentinel,round_win = game_pnl > 0 (decisive only),COMPATIBILITY_ONLY_NOT_PRODUCTION,268817.8208,244366.2908,168.7661,6248,5610,-0.00062781,-0.08642944,0.00436428,-0.00062781,-168.7661,268817.8208,OK,0.0000,6.7506,4.0000,96.0000,AG03-UNRESOLVED,ALL5_LEVELS_bet23_to_bet27,6.7506,6.7506,6.7506,8.4383,8.4383,4.000000,4.000000,4.000000,5.000000,5.000000,96.000000,96.000000,96.000000,95.000000,95.000000,5.0,37.1285,34.0107,131.6376,134.7554,PENDING_AG03,FALSE,NOT_FOR_ENFORCEMENT,162.0155,234591.6392,168.7661,162.0155,6.7506,0.00062781,0.00060270,6.7506,162.0155,0.00060270,6.7506,6.7506,6.7506,8.4383,8.4383,162.0155,0.00060270,37.1285,34.0107,131.6376,134.7554,0.00048969,0.00050129,0.00002511,43.0246,43.5591,0.0301,2.0581,0.0627,3278.2661,68.4146,17.6798,46.9397,25.7155,39.4976,52.6635,77.1466,82.2897,128.5777,31.4111,0.0,2.083411,3.25533,1.089297,30,192,222,8,0.05498276,0.00062781,0.08642944,0E-8,0.000000,0.909041,0.000000,-0.09079372,2026-03-23,2026-08-06,82,2690,1181,137,0.598540,0.376650,0.410924,0.183276,,,,,,,,GLOBAL_BASELINE_NO_ENTITY_RANKING,,,NOT_APPLICABLE_GLOBAL_BASELINE,HF9g-P5,,,,X 全窗基线 · 不参与实体赏罚,6876823,688,A168_HF9F_20260827_0900,2026-08-27 09:00:00
2026-03-27,70460261,1151,0,81.3650367328,-81.3650367328,-81.3650367328,0E-7,1,1,0.50665070000000000,0.506650700000,-1.013391052207602,-1.013391052207602,-1.013391052207602,0E-17,ELIGIBLE,R03b_20260811_FULL_v1,L1_ELIGIBILITY,v2026-08-11,2026-03-21..2026-08-06,baccarat_bet02_101_all_pairs_incl_sentinel,round_win = game_pnl > 0 (decisive only),COMPATIBILITY_ONLY_NOT_PRODUCTION,268817.8208,244366.2908,168.7661,6248,5610,-0.00062781,-0.08642944,0.00436428,-0.00062781,-168.7661,268817.8208,OK,0.0000,6.7506,4.0000,96.0000,AG03-UNRESOLVED,ALL5_LEVELS_bet23_to_bet27,6.7506,6.7506,6.7506,8.4383,8.4383,4.000000,4.000000,4.000000,5.000000,5.000000,96.000000,96.000000,96.000000,95.000000,95.000000,5.0,37.1285,34.0107,131.6376,134.7554,PENDING_AG03,FALSE,NOT_FOR_ENFORCEMENT,162.0155,234591.6392,168.7661,162.0155,6.7506,0.00062781,0.00060270,6.7506,162.0155,0.00060270,6.7506,6.7506,6.7506,8.4383,8.4383,162.0155,0.00060270,37.1285,34.0107,131.6376,134.7554,0.00048969,0.00050129,0.00002511,43.0246,43.5591,0.0301,2.0581,0.0627,3278.2661,68.4146,17.6798,46.9397,25.7155,39.4976,52.6635,77.1466,82.2897,128.5777,31.4111,0.0,2.083411,3.25533,1.089297,30,192,222,8,0.05498276,0.00062781,0.08642944,0E-8,0.000000,0.909041,0.000000,-0.09079372,2026-03-23,2026-08-06,82,2690,1181,137,0.598540,0.376650,0.410924,0.183276,,,,,,,,GLOBAL_BASELINE_NO_ENTITY_RANKING,,,NOT_APPLICABLE_GLOBAL_BASELINE,HF9g-P5,,,,X 全窗基线 · 不参与实体赏罚,6876824,688,A168_HF9F_20260827_0900,2026-08-27 09:00:00
2026-03-27,70460261,1210,0,363.3778339523,150.0908444585,150.0908444585,0.7142857,7,7,0.50473567142857143,0.504735671429,1.1088843393366314,1.1088843393343726,1.1088843393366314,-4.2857E-13,ELIGIBLE,R03b_20260811_FULL_v1,L1_ELIGIBILITY,v2026-08-11,2026-03-21..2026-08-06,baccarat_bet02_101_all_pairs_incl_sentinel,round_win = game_pnl > 0 (decisive only),COMPATIBILITY_ONLY_NOT_PRODUCTION,268817.8208,244366.2908,168.7661,6248,5610,-0.00062781,-0.08642944,0.00436428,-0.00062781,-168.7661,268817.8208,OK,0.0000,6.7506,4.0000,96.0000,AG03-UNRESOLVED,ALL5_LEVELS_bet23_to_bet27,6.7506,6.7506,6.7506,8.4383,8.4383,4.000000,4.000000,4.000000,5.000000,5.000000,96.000000,96.000000,96.000000,95.000000,95.000000,5.0,37.1285,34.0107,131.6376,134.7554,PENDING_AG03,FALSE,NOT_FOR_ENFORCEMENT,162.0155,234591.6392,168.7661,162.0155,6.7506,0.00062781,0.00060270,6.7506,162.0155,0.00060270,6.7506,6.7506,6.7506,8.4383,8.4383,162.0155,0.00060270,37.1285,34.0107,131.6376,134.7554,0.00048969,0.00050129,0.00002511,43.0246,43.5591,0.0301,2.0581,0.0627,3278.2661,68.4146,17.6798,46.9397,25.7155,39.4976,52.6635,77.1466,82.2897,128.5777,31.4111,0.0,2.083411,3.25533,1.089297,30,192,222,8,0.05498276,0.00062781,0.08642944,0E-8,0.000000,0.909041,0.000000,-0.09079372,2026-03-23,2026-08-06,82,2690,1181,137,0.598540,0.376650,0.410924,0.183276,,,,,,,,GLOBAL_BASELINE_NO_ENTITY_RANKING,,,NOT_APPLICABLE_GLOBAL_BASELINE,HF9g-P5,,,,X 全窗基线 · 不参与实体赏罚,6876825,688,A168_HF9F_20260827_0900,2026-08-27 09:00:00
2026-03-27,70460261,1299,0,44.7639360666,6.5829317745,6.5829317745,0.5000000,2,2,0.49994810000000000,0.499948100000,0.00014679536856514622,0.00014679536856514622,0.00014679536856514622,0E-17,ELIGIBLE,R03b_20260811_FULL_v1,L1_ELIGIBILITY,v2026-08-11,2026-03-21..2026-08-06,baccarat_bet02_101_all_pairs_incl_sentinel,round_win = game_pnl > 0 (decisive only),COMPATIBILITY_ONLY_NOT_PRODUCTION,268817.8208,244366.2908,168.7661,6248,5610,-0.00062781,-0.08642944,0.00436428,-0.00062781,-168.7661,268817.8208,OK,0.0000,6.7506,4.0000,96.0000,AG03-UNRESOLVED,ALL5_LEVELS_bet23_to_bet27,6.7506,6.7506,6.7506,8.4383,8.4383,4.000000,4.000000,4.000000,5.000000,5.000000,96.000000,96.000000,96.000000,95.000000,95.000000,5.0,37.1285,34.0107,131.6376,134.7554,PENDING_AG03,FALSE,NOT_FOR_ENFORCEMENT,162.0155,234591.6392,168.7661,162.0155,6.7506,0.00062781,0.00060270,6.7506,162.0155,0.00060270,6.7506,6.7506,6.7506,8.4383,8.4383,162.0155,0.00060270,37.1285,34.0107,131.6376,134.7554,0.00048969,0.00050129,0.00002511,43.0246,43.5591,0.0301,2.0581,0.0627,3278.2661,68.4146,17.6798,46.9397,25.7155,39.4976,52.6635,77.1466,82.2897,128.5777,31.4111,0.0,2.083411,3.25533,1.089297,30,192,222,8,0.05498276,0.00062781,0.08642944,0E-8,0.000000,0.909041,0.000000,-0.09079372,2026-03-23,2026-08-06,82,2690,1181,137,0.598540,0.376650,0.410924,0.183276,,,,,,,,GLOBAL_BASELINE_NO_ENTITY_RANKING,,,NOT_APPLICABLE_GLOBAL_BASELINE,HF9g-P5,,,,X 全窗基线 · 不参与实体赏罚,6876826,688,A168_HF9F_20260827_0900,2026-08-27 09:00:00
2026-03-27,70460261,1304,0,431.8403244070,307.5545725043,307.5545725043,0.7777778,9,9,0.50516123333333333,0.505161233333,1.6357864182235697,1.6357864182255588,1.6357864182235697,3.3333E-13,ELIGIBLE,R03b_20260811_FULL_v1,L1_ELIGIBILITY,v2026-08-11,2026-03-21..2026-08-06,baccarat_bet02_101_all_pairs_incl_sentinel,round_win = game_pnl > 0 (decisive only),COMPATIBILITY_ONLY_NOT_PRODUCTION,268817.8208,244366.2908,168.7661,6248,5610,-0.00062781,-0.08642944,0.00436428,-0.00062781,-168.7661,268817.8208,OK,0.0000,6.7506,4.0000,96.0000,AG03-UNRESOLVED,ALL5_LEVELS_bet23_to_bet27,6.7506,6.7506,6.7506,8.4383,8.4383,4.000000,4.000000,4.000000,5.000000,5.000000,96.000000,96.000000,96.000000,95.000000,95.000000,5.0,37.1285,34.0107,131.6376,134.7554,PENDING_AG03,FALSE,NOT_FOR_ENFORCEMENT,162.0155,234591.6392,168.7661,162.0155,6.7506,0.00062781,0.00060270,6.7506,162.0155,0.00060270,6.7506,6.7506,6.7506,8.4383,8.4383,162.0155,0.00060270,37.1285,34.0107,131.6376,134.7554,0.00048969,0.00050129,0.00002511,43.0246,43.5591,0.0301,2.0581,0.0627,3278.2661,68.4146,17.6798,46.9397,25.7155,39.4976,52.6635,77.1466,82.2897,128.5777,31.4111,0.0,2.083411,3.25533,1.089297,30,192,222,8,0.05498276,0.00062781,0.08642944,0E-8,0.000000,0.909041,0.000000,-0.09079372,2026-03-23,2026-08-06,82,2690,1181,137,0.598540,0.376650,0.410924,0.183276,,,,,,,,GLOBAL_BASELINE_NO_ENTITY_RANKING,,,NOT_APPLICABLE_GLOBAL_BASELINE,HF9g-P5,,,,X 全窗基线 · 不参与实体赏罚,6876827,688,A168_HF9F_20260827_0900,2026-08-27 09:00:00
2026-03-27,70460261,1382,0,126.3922900703,27.6483134528,27.6483134528,0.5000000,2,2,0.49994810000000000,0.499948100000,0.00014679536856514622,0.00014679536856514622,0.00014679536856514622,0E-17,ELIGIBLE,R03b_20260811_FULL_v1,L1_ELIGIBILITY,v2026-08-11,2026-03-21..2026-08-06,baccarat_bet02_101_all_pairs_incl_sentinel,round_win = game_pnl > 0 (decisive only),COMPATIBILITY_ONLY_NOT_PRODUCTION,268817.8208,244366.2908,168.7661,6248,5610,-0.00062781,-0.08642944,0.00436428,-0.00062781,-168.7661,268817.8208,OK,0.0000,6.7506,4.0000,96.0000,AG03-UNRESOLVED,ALL5_LEVELS_bet23_to_bet27,6.7506,6.7506,6.7506,8.4383,8.4383,4.000000,4.000000,4.000000,5.000000,5.000000,96.000000,96.000000,96.000000,95.000000,95.000000,5.0,37.1285,34.0107,131.6376,134.7554,PENDING_AG03,FALSE,NOT_FOR_ENFORCEMENT,162.0155,234591.6392,168.7661,162.0155,6.7506,0.00062781,0.00060270,6.7506,162.0155,0.00060270,6.7506,6.7506,6.7506,8.4383,8.4383,162.0155,0.00060270,37.1285,34.0107,131.6376,134.7554,0.00048969,0.00050129,0.00002511,43.0246,43.5591,0.0301,2.0581,0.0627,3278.2661,68.4146,17.6798,46.9397,25.7155,39.4976,52.6635,77.1466,82.2897,128.5777,31.4111,0.0,2.083411,3.25533,1.089297,30,192,222,8,0.05498276,0.00062781,0.08642944,0E-8,0.000000,0.909041,0.000000,-0.09079372,2026-03-23,2026-08-06,82,2690,1181,137,0.598540,0.376650,0.410924,0.183276,,,,,,,,GLOBAL_BASELINE_NO_ENTITY_RANKING,,,NOT_APPLICABLE_GLOBAL_BASELINE,HF9g-P5,,,,X 全窗基线 · 不参与实体赏罚,6876828,688,A168_HF9F_20260827_0900,2026-08-27 09:00:00
2026-03-27,70460261,1401,0,14.2191326329,14.2191326329,14.2191326329,1.0000000,1,1,0.49324550000000000,0.493245500000,1.01360149184955,1.01360149184955,1.01360149184955,0E-17,ELIGIBLE,R03b_20260811_FULL_v1,L1_ELIGIBILITY,v2026-08-11,2026-03-21..2026-08-06,baccarat_bet02_101_all_pairs_incl_sentinel,round_win = game_pnl > 0 (decisive only),COMPATIBILITY_ONLY_NOT_PRODUCTION,268817.8208,244366.2908,168.7661,6248,5610,-0.00062781,-0.08642944,0.00436428,-0.00062781,-168.7661,268817.8208,OK,0.0000,6.7506,4.0000,96.0000,AG03-UNRESOLVED,ALL5_LEVELS_bet23_to_bet27,6.7506,6.7506,6.7506,8.4383,8.4383,4.000000,4.000000,4.000000,5.000000,5.000000,96.000000,96.000000,96.000000,95.000000,95.000000,5.0,37.1285,34.0107,131.6376,134.7554,PENDING_AG03,FALSE,NOT_FOR_ENFORCEMENT,162.0155,234591.6392,168.7661,162.0155,6.7506,0.00062781,0.00060270,6.7506,162.0155,0.00060270,6.7506,6.7506,6.7506,8.4383,8.4383,162.0155,0.00060270,37.1285,34.0107,131.6376,134.7554,0.00048969,0.00050129,0.00002511,43.0246,43.5591,0.0301,2.0581,0.0627,3278.2661,68.4146,17.6798,46.9397,25.7155,39.4976,52.6635,77.1466,82.2897,128.5777,31.4111,0.0,2.083411,3.25533,1.089297,30,192,222,8,0.05498276,0.00062781,0.08642944,0E-8,0.000000,0.909041,0.000000,-0.09079372,2026-03-23,2026-08-06,82,2690,1181,137,0.598540,0.376650,0.410924,0.183276,,,,,,,,GLOBAL_BASELINE_NO_ENTITY_RANKING,,,NOT_APPLICABLE_GLOBAL_BASELINE,HF9g-P5,,,,X 全窗基线 · 不参与实体赏罚,6876829,688,A168_HF9F_20260827_0900,2026-08-27 09:00:00
2026-03-27,70460261,1402,0,78.9951812940,-52.6634541960,-52.6634541960,0E-7,2,2,0.50665070000000000,0.506650700000,-1.013391052207602,-1.013391052207602,-1.013391052207602,0E-17,ELIGIBLE,R03b_20260811_FULL_v1,L1_ELIGIBILITY,v2026-08-11,2026-03-21..2026-08-06,baccarat_bet02_101_all_pairs_incl_sentinel,round_win = game_pnl > 0 (decisive only),COMPATIBILITY_ONLY_NOT_PRODUCTION,268817.8208,244366.2908,168.7661,6248,5610,-0.00062781,-0.08642944,0.00436428,-0.00062781,-168.7661,268817.8208,OK,0.0000,6.7506,4.0000,96.0000,AG03-UNRESOLVED,ALL5_LEVELS_bet23_to_bet27,6.7506,6.7506,6.7506,8.4383,8.4383,4.000000,4.000000,4.000000,5.000000,5.000000,96.000000,96.000000,96.000000,95.000000,95.000000,5.0,37.1285,34.0107,131.6376,134.7554,PENDING_AG03,FALSE,NOT_FOR_ENFORCEMENT,162.0155,234591.6392,168.7661,162.0155,6.7506,0.00062781,0.00060270,6.7506,162.0155,0.00060270,6.7506,6.7506,6.7506,8.4383,8.4383,162.0155,0.00060270,37.1285,34.0107,131.6376,134.7554,0.00048969,0.00050129,0.00002511,43.0246,43.5591,0.0301,2.0581,0.0627,3278.2661,68.4146,17.6798,46.9397,25.7155,39.4976,52.6635,77.1466,82.2897,128.5777,31.4111,0.0,2.083411,3.25533,1.089297,30,192,222,8,0.05498276,0.00062781,0.08642944,0E-8,0.000000,0.909041,0.000000,-0.09079372,2026-03-23,2026-08-06,82,2690,1181,137,0.598540,0.376650,0.410924,0.183276,,,,,,,,GLOBAL_BASELINE_NO_ENTITY_RANKING,,,NOT_APPLICABLE_GLOBAL_BASELINE,HF9g-P5,,,,X 全窗基线 · 不参与实体赏罚,6876830,688,A168_HF9F_20260827_0900,2026-08-27 09:00:00
2026-03-27,70460261,1505,0,181.1622824342,-78.4685467520,-78.4685467520,0.2500000,4,4,0.50665070000000000,0.506650700000,-1.0266936290537745,-1.0266936290537745,-1.0266936290537745,0E-17,ELIGIBLE,R03b_20260811_FULL_v1,L1_ELIGIBILITY,v2026-08-11,2026-03-21..2026-08-06,baccarat_bet02_101_all_pairs_incl_sentinel,round_win = game_pnl > 0 (decisive only),COMPATIBILITY_ONLY_NOT_PRODUCTION,268817.8208,244366.2908,168.7661,6248,5610,-0.00062781,-0.08642944,0.00436428,-0.00062781,-168.7661,268817.8208,OK,0.0000,6.7506,4.0000,96.0000,AG03-UNRESOLVED,ALL5_LEVELS_bet23_to_bet27,6.7506,6.7506,6.7506,8.4383,8.4383,4.000000,4.000000,4.000000,5.000000,5.000000,96.000000,96.000000,96.000000,95.000000,95.000000,5.0,37.1285,34.0107,131.6376,134.7554,PENDING_AG03,FALSE,NOT_FOR_ENFORCEMENT,162.0155,234591.6392,168.7661,162.0155,6.7506,0.00062781,0.00060270,6.7506,162.0155,0.00060270,6.7506,6.7506,6.7506,8.4383,8.4383,162.0155,0.00060270,37.1285,34.0107,131.6376,134.7554,0.00048969,0.00050129,0.00002511,43.0246,43.5591,0.0301,2.0581,0.0627,3278.2661,68.4146,17.6798,46.9397,25.7155,39.4976,52.6635,77.1466,82.2897,128.5777,31.4111,0.0,2.083411,3.25533,1.089297,30,192,222,8,0.05498276,0.00062781,0.08642944,0E-8,0.000000,0.909041,0.000000,-0.09079372,2026-03-23,2026-08-06,82,2690,1181,137,0.598540,0.376650,0.410924,0.183276,,,,,,,,GLOBAL_BASELINE_NO_ENTITY_RANKING,,,NOT_APPLICABLE_GLOBAL_BASELINE,HF9g-P5,,,,X 全窗基线 · 不参与实体赏罚,6876831,688,A168_HF9F_20260827_0900,2026-08-27 09:00:00
2026-03-27,70460261,1507,0,52.6634541960,22.5136266688,22.5136266688,1.0000000,2,2,0.50665070000000000,0.506650700000,0.9867858985152569,0.9867858985152569,0.9867858985152569,0E-17,ELIGIBLE,R03b_20260811_FULL_v1,L1_ELIGIBILITY,v2026-08-11,2026-03-21..2026-08-06,baccarat_bet02_101_all_pairs_incl_sentinel,round_win = game_pnl > 0 (decisive only),COMPATIBILITY_ONLY_NOT_PRODUCTION,268817.8208,244366.2908,168.7661,6248,5610,-0.00062781,-0.08642944,0.00436428,-0.00062781,-168.7661,268817.8208,OK,0.0000,6.7506,4.0000,96.0000,AG03-UNRESOLVED,ALL5_LEVELS_bet23_to_bet27,6.7506,6.7506,6.7506,8.4383,8.4383,4.000000,4.000000,4.000000,5.000000,5.000000,96.000000,96.000000,96.000000,95.000000,95.000000,5.0,37.1285,34.0107,131.6376,134.7554,PENDING_AG03,FALSE,NOT_FOR_ENFORCEMENT,162.0155,234591.6392,168.7661,162.0155,6.7506,0.00062781,0.00060270,6.7506,162.0155,0.00060270,6.7506,6.7506,6.7506,8.4383,8.4383,162.0155,0.00060270,37.1285,34.0107,131.6376,134.7554,0.00048969,0.00050129,0.00002511,43.0246,43.5591,0.0301,2.0581,0.0627,3278.2661,68.4146,17.6798,46.9397,25.7155,39.4976,52.6635,77.1466,82.2897,128.5777,31.4111,0.0,2.083411,3.25533,1.089297,30,192,222,8,0.05498276,0.00062781,0.08642944,0E-8,0.000000,0.909041,0.000000,-0.09079372,2026-03-23,2026-08-06,82,2690,1181,137,0.598540,0.376650,0.410924,0.183276,,,,,,,,GLOBAL_BASELINE_NO_ENTITY_RANKING,,,NOT_APPLICABLE_GLOBAL_BASELINE,HF9g-P5,,,,X 全窗基线 · 不参与实体赏罚,6876832,688,A168_HF9F_20260827_0900,2026-08-27 09:00:00
2026-03-27,70460261,1509,0,52.6634541960,-52.6634541960,-52.6634541960,0E-7,1,1,0.49324550000000000,0.493245500000,-0.9865810262130424,-0.9865810262130424,-0.9865810262130424,0E-17,ELIGIBLE,R03b_20260811_FULL_v1,L1_ELIGIBILITY,v2026-08-11,2026-03-21..2026-08-06,baccarat_bet02_101_all_pairs_incl_sentinel,round_win = game_pnl > 0 (decisive only),COMPATIBILITY_ONLY_NOT_PRODUCTION,268817.8208,244366.2908,168.7661,6248,5610,-0.00062781,-0.08642944,0.00436428,-0.00062781,-168.7661,268817.8208,OK,0.0000,6.7506,4.0000,96.0000,AG03-UNRESOLVED,ALL5_LEVELS_bet23_to_bet27,6.7506,6.7506,6.7506,8.4383,8.4383,4.000000,4.000000,4.000000,5.000000,5.000000,96.000000,96.000000,96.000000,95.000000,95.000000,5.0,37.1285,34.0107,131.6376,134.7554,PENDING_AG03,FALSE,NOT_FOR_ENFORCEMENT,162.0155,234591.6392,168.7661,162.0155,6.7506,0.00062781,0.00060270,6.7506,162.0155,0.00060270,6.7506,6.7506,6.7506,8.4383,8.4383,162.0155,0.00060270,37.1285,34.0107,131.6376,134.7554,0.00048969,0.00050129,0.00002511,43.0246,43.5591,0.0301,2.0581,0.0627,3278.2661,68.4146,17.6798,46.9397,25.7155,39.4976,52.6635,77.1466,82.2897,128.5777,31.4111,0.0,2.083411,3.25533,1.089297,30,192,222,8,0.05498276,0.00062781,0.08642944,0E-8,0.000000,0.909041,0.000000,-0.09079372,2026-03-23,2026-08-06,82,2690,1181,137,0.598540,0.376650,0.410924,0.183276,,,,,,,,GLOBAL_BASELINE_NO_ENTITY_RANKING,,,NOT_APPLICABLE_GLOBAL_BASELINE,HF9g-P5,,,,X 全窗基线 · 不参与实体赏罚,6876833,688,A168_HF9F_20260827_0900,2026-08-27 09:00:00
2026-03-27,70460261,1645,0,52.6634541960,-52.6634541960,-52.6634541960,0E-7,1,1,0.50665070000000000,0.506650700000,-1.013391052207602,-1.013391052207602,-1.013391052207602,0E-17,ELIGIBLE,R03b_20260811_FULL_v1,L1_ELIGIBILITY,v2026-08-11,2026-03-21..2026-08-06,baccarat_bet02_101_all_pairs_incl_sentinel,round_win = game_pnl > 0 (decisive only),COMPATIBILITY_ONLY_NOT_PRODUCTION,268817.8208,244366.2908,168.7661,6248,5610,-0.00062781,-0.08642944,0.00436428,-0.00062781,-168.7661,268817.8208,OK,0.0000,6.7506,4.0000,96.0000,AG03-UNRESOLVED,ALL5_LEVELS_bet23_to_bet27,6.7506,6.7506,6.7506,8.4383,8.4383,4.000000,4.000000,4.000000,5.000000,5.000000,96.000000,96.000000,96.000000,95.000000,95.000000,5.0,37.1285,34.0107,131.6376,134.7554,PENDING_AG03,FALSE,NOT_FOR_ENFORCEMENT,162.0155,234591.6392,168.7661,162.0155,6.7506,0.00062781,0.00060270,6.7506,162.0155,0.00060270,6.7506,6.7506,6.7506,8.4383,8.4383,162.0155,0.00060270,37.1285,34.0107,131.6376,134.7554,0.00048969,0.00050129,0.00002511,43.0246,43.5591,0.0301,2.0581,0.0627,3278.2661,68.4146,17.6798,46.9397,25.7155,39.4976,52.6635,77.1466,82.2897,128.5777,31.4111,0.0,2.083411,3.25533,1.089297,30,192,222,8,0.05498276,0.00062781,0.08642944,0E-8,0.000000,0.909041,0.000000,-0.09079372,2026-03-23,2026-08-06,82,2690,1181,137,0.598540,0.376650,0.410924,0.183276,,,,,,,,GLOBAL_BASELINE_NO_ENTITY_RANKING,,,NOT_APPLICABLE_GLOBAL_BASELINE,HF9g-P5,,,,X 全窗基线 · 不参与实体赏罚,6876834,688,A168_HF9F_20260827_0900,2026-08-27 09:00:00
2026-03-27,70460261,1710,0,26.3317270980,-26.3317270980,-26.3317270980,0E-7,1,1,0.49324550000000000,0.493245500000,-0.9865810262130424,-0.9865810262130424,-0.9865810262130424,0E-17,ELIGIBLE,R03b_20260811_FULL_v1,L1_ELIGIBILITY,v2026-08-11,2026-03-21..2026-08-06,baccarat_bet02_101_all_pairs_incl_sentinel,round_win = game_pnl > 0 (decisive only),COMPATIBILITY_ONLY_NOT_PRODUCTION,268817.8208,244366.2908,168.7661,6248,5610,-0.00062781,-0.08642944,0.00436428,-0.00062781,-168.7661,268817.8208,OK,0.0000,6.7506,4.0000,96.0000,AG03-UNRESOLVED,ALL5_LEVELS_bet23_to_bet27,6.7506,6.7506,6.7506,8.4383,8.4383,4.000000,4.000000,4.000000,5.000000,5.000000,96.000000,96.000000,96.000000,95.000000,95.000000,5.0,37.1285,34.0107,131.6376,134.7554,PENDING_AG03,FALSE,NOT_FOR_ENFORCEMENT,162.0155,234591.6392,168.7661,162.0155,6.7506,0.00062781,0.00060270,6.7506,162.0155,0.00060270,6.7506,6.7506,6.7506,8.4383,8.4383,162.0155,0.00060270,37.1285,34.0107,131.6376,134.7554,0.00048969,0.00050129,0.00002511,43.0246,43.5591,0.0301,2.0581,0.0627,3278.2661,68.4146,17.6798,46.9397,25.7155,39.4976,52.6635,77.1466,82.2897,128.5777,31.4111,0.0,2.083411,3.25533,1.089297,30,192,222,8,0.05498276,0.00062781,0.08642944,0E-8,0.000000,0.909041,0.000000,-0.09079372,2026-03-23,2026-08-06,82,2690,1181,137,0.598540,0.376650,0.410924,0.183276,,,,,,,,GLOBAL_BASELINE_NO_ENTITY_RANKING,,,NOT_APPLICABLE_GLOBAL_BASELINE,HF9g-P5,,,,X 全窗基线 · 不参与实体赏罚,6876835,688,A168_HF9F_20260827_0900,2026-08-27 09:00:00
2026-03-27,70460261,1714,0,26.3317270980,-26.3317270980,-26.3317270980,0E-7,1,1,0.50665070000000000,0.506650700000,-1.013391052207602,-1.013391052207602,-1.013391052207602,0E-17,ELIGIBLE,R03b_20260811_FULL_v1,L1_ELIGIBILITY,v2026-08-11,2026-03-21..2026-08-06,baccarat_bet02_101_all_pairs_incl_sentinel,round_win = game_pnl > 0 (decisive only),COMPATIBILITY_ONLY_NOT_PRODUCTION,268817.8208,244366.2908,168.7661,6248,5610,-0.00062781,-0.08642944,0.00436428,-0.00062781,-168.7661,268817.8208,OK,0.0000,6.7506,4.0000,96.0000,AG03-UNRESOLVED,ALL5_LEVELS_bet23_to_bet27,6.7506,6.7506,6.7506,8.4383,8.4383,4.000000,4.000000,4.000000,5.000000,5.000000,96.000000,96.000000,96.000000,95.000000,95.000000,5.0,37.1285,34.0107,131.6376,134.7554,PENDING_AG03,FALSE,NOT_FOR_ENFORCEMENT,162.0155,234591.6392,168.7661,162.0155,6.7506,0.00062781,0.00060270,6.7506,162.0155,0.00060270,6.7506,6.7506,6.7506,8.4383,8.4383,162.0155,0.00060270,37.1285,34.0107,131.6376,134.7554,0.00048969,0.00050129,0.00002511,43.0246,43.5591,0.0301,2.0581,0.0627,3278.2661,68.4146,17.6798,46.9397,25.7155,39.4976,52.6635,77.1466,82.2897,128.5777,31.4111,0.0,2.083411,3.25533,1.089297,30,192,222,8,0.05498276,0.00062781,0.08642944,0E-8,0.000000,0.909041,0.000000,-0.09079372,2026-03-23,2026-08-06,82,2690,1181,137,0.598540,0.376650,0.410924,0.183276,,,,,,,,GLOBAL_BASELINE_NO_ENTITY_RANKING,,,NOT_APPLICABLE_GLOBAL_BASELINE,HF9g-P5,,,,X 全窗基线 · 不参与实体赏罚,6876836,688,A168_HF9F_20260827_0900,2026-08-27 09:00:00
2026-03-27,70460261,1941,0,52.6634541960,50.0302814862,50.0302814862,1.0000000,1,1,0.50665070000000000,0.506650700000,0.9867858985152569,0.9867858985152569,0.9867858985152569,0E-17,ELIGIBLE,R03b_20260811_FULL_v1,L1_ELIGIBILITY,v2026-08-11,2026-03-21..2026-08-06,baccarat_bet02_101_all_pairs_incl_sentinel,round_win = game_pnl > 0 (decisive only),COMPATIBILITY_ONLY_NOT_PRODUCTION,268817.8208,244366.2908,168.7661,6248,5610,-0.00062781,-0.08642944,0.00436428,-0.00062781,-168.7661,268817.8208,OK,0.0000,6.7506,4.0000,96.0000,AG03-UNRESOLVED,ALL5_LEVELS_bet23_to_bet27,6.7506,6.7506,6.7506,8.4383,8.4383,4.000000,4.000000,4.000000,5.000000,5.000000,96.000000,96.000000,96.000000,95.000000,95.000000,5.0,37.1285,34.0107,131.6376,134.7554,PENDING_AG03,FALSE,NOT_FOR_ENFORCEMENT,162.0155,234591.6392,168.7661,162.0155,6.7506,0.00062781,0.00060270,6.7506,162.0155,0.00060270,6.7506,6.7506,6.7506,8.4383,8.4383,162.0155,0.00060270,37.1285,34.0107,131.6376,134.7554,0.00048969,0.00050129,0.00002511,43.0246,43.5591,0.0301,2.0581,0.0627,3278.2661,68.4146,17.6798,46.9397,25.7155,39.4976,52.6635,77.1466,82.2897,128.5777,31.4111,0.0,2.083411,3.25533,1.089297,30,192,222,8,0.05498276,0.00062781,0.08642944,0E-8,0.000000,0.909041,0.000000,-0.09079372,2026-03-23,2026-08-06,82,2690,1181,137,0.598540,0.376650,0.410924,0.183276,,,,,,,,GLOBAL_BASELINE_NO_ENTITY_RANKING,,,NOT_APPLICABLE_GLOBAL_BASELINE,HF9g-P5,,,,X 全窗基线 · 不参与实体赏罚,6876837,688,A168_HF9F_20260827_0900,2026-08-27 09:00:00
2026-03-27,70460261,1951,0,102.6937356822,0E-10,0E-10,0.5000000,2,2,0.50665070000000000,0.506650700000,-0.018812684590367487,-0.018812684590367487,-0.018812684590367487,0E-17,ELIGIBLE,R03b_20260811_FULL_v1,L1_ELIGIBILITY,v2026-08-11,2026-03-21..2026-08-06,baccarat_bet02_101_all_pairs_incl_sentinel,round_win = game_pnl > 0 (decisive only),COMPATIBILITY_ONLY_NOT_PRODUCTION,268817.8208,244366.2908,168.7661,6248,5610,-0.00062781,-0.08642944,0.00436428,-0.00062781,-168.7661,268817.8208,OK,0.0000,6.7506,4.0000,96.0000,AG03-UNRESOLVED,ALL5_LEVELS_bet23_to_bet27,6.7506,6.7506,6.7506,8.4383,8.4383,4.000000,4.000000,4.000000,5.000000,5.000000,96.000000,96.000000,96.000000,95.000000,95.000000,5.0,37.1285,34.0107,131.6376,134.7554,PENDING_AG03,FALSE,NOT_FOR_ENFORCEMENT,162.0155,234591.6392,168.7661,162.0155,6.7506,0.00062781,0.00060270,6.7506,162.0155,0.00060270,6.7506,6.7506,6.7506,8.4383,8.4383,162.0155,0.00060270,37.1285,34.0107,131.6376,134.7554,0.00048969,0.00050129,0.00002511,43.0246,43.5591,0.0301,2.0581,0.0627,3278.2661,68.4146,17.6798,46.9397,25.7155,39.4976,52.6635,77.1466,82.2897,128.5777,31.4111,0.0,2.083411,3.25533,1.089297,30,192,222,8,0.05498276,0.00062781,0.08642944,0E-8,0.000000,0.909041,0.000000,-0.09079372,2026-03-23,2026-08-06,82,2690,1181,137,0.598540,0.376650,0.410924,0.183276,,,,,,,,GLOBAL_BASELINE_NO_ENTITY_RANKING,,,NOT_APPLICABLE_GLOBAL_BASELINE,HF9g-P5,,,,X 全窗基线 · 不参与实体赏罚,6876838,688,A168_HF9F_20260827_0900,2026-08-27 09:00:00
2026-03-27,70460261,1984,0,156.9370935040,15.0880796270,15.0880796270,0.7500000,5,5,0.50396966000000000,0.503969660000,0.9841523774297893,0.9841523774297894,0.9841523774297893,0E-17,ELIGIBLE,R03b_20260811_FULL_v1,L1_ELIGIBILITY,v2026-08-11,2026-03-21..2026-08-06,baccarat_bet02_101_all_pairs_incl_sentinel,round_win = game_pnl > 0 (decisive only),COMPATIBILITY_ONLY_NOT_PRODUCTION,268817.8208,244366.2908,168.7661,6248,5610,-0.00062781,-0.08642944,0.00436428,-0.00062781,-168.7661,268817.8208,OK,0.0000,6.7506,4.0000,96.0000,AG03-UNRESOLVED,ALL5_LEVELS_bet23_to_bet27,6.7506,6.7506,6.7506,8.4383,8.4383,4.000000,4.000000,4.000000,5.000000,5.000000,96.000000,96.000000,96.000000,95.000000,95.000000,5.0,37.1285,34.0107,131.6376,134.7554,PENDING_AG03,FALSE,NOT_FOR_ENFORCEMENT,162.0155,234591.6392,168.7661,162.0155,6.7506,0.00062781,0.00060270,6.7506,162.0155,0.00060270,6.7506,6.7506,6.7506,8.4383,8.4383,162.0155,0.00060270,37.1285,34.0107,131.6376,134.7554,0.00048969,0.00050129,0.00002511,43.0246,43.5591,0.0301,2.0581,0.0627,3278.2661,68.4146,17.6798,46.9397,25.7155,39.4976,52.6635,77.1466,82.2897,128.5777,31.4111,0.0,2.083411,3.25533,1.089297,30,192,222,8,0.05498276,0.00062781,0.08642944,0E-8,0.000000,0.909041,0.000000,-0.09079372,2026-03-23,2026-08-06,82,2690,1181,137,0.598540,0.376650,0.410924,0.183276,,,,,,,,GLOBAL_BASELINE_NO_ENTITY_RANKING,,,NOT_APPLICABLE_GLOBAL_BASELINE,HF9g-P5,,,,X 全窗基线 · 不参与实体赏罚,6876839,688,A168_HF9F_20260827_0900,2026-08-27 09:00:00
2026-03-27,70460261,1990,0,89.5278721332,-89.5278721332,-89.5278721332,0E-7,2,2,0.50665070000000000,0.506650700000,-1.4331513700195317,-1.4331513700195317,-1.4331513700195317,0E-17,ELIGIBLE,R03b_20260811_FULL_v1,L1_ELIGIBILITY,v2026-08-11,2026-03-21..2026-08-06,baccarat_bet02_101_all_pairs_incl_sentinel,round_win = game_pnl > 0 (decisive only),COMPATIBILITY_ONLY_NOT_PRODUCTION,268817.8208,244366.2908,168.7661,6248,5610,-0.00062781,-0.08642944,0.00436428,-0.00062781,-168.7661,268817.8208,OK,0.0000,6.7506,4.0000,96.0000,AG03-UNRESOLVED,ALL5_LEVELS_bet23_to_bet27,6.7506,6.7506,6.7506,8.4383,8.4383,4.000000,4.000000,4.000000,5.000000,5.000000,96.000000,96.000000,96.000000,95.000000,95.000000,5.0,37.1285,34.0107,131.6376,134.7554,PENDING_AG03,FALSE,NOT_FOR_ENFORCEMENT,162.0155,234591.6392,168.7661,162.0155,6.7506,0.00062781,0.00060270,6.7506,162.0155,0.00060270,6.7506,6.7506,6.7506,8.4383,8.4383,162.0155,0.00060270,37.1285,34.0107,131.6376,134.7554,0.00048969,0.00050129,0.00002511,43.0246,43.5591,0.0301,2.0581,0.0627,3278.2661,68.4146,17.6798,46.9397,25.7155,39.4976,52.6635,77.1466,82.2897,128.5777,31.4111,0.0,2.083411,3.25533,1.089297,30,192,222,8,0.05498276,0.00062781,0.08642944,0E-8,0.000000,0.909041,0.000000,-0.09079372,2026-03-23,2026-08-06,82,2690,1181,137,0.598540,0.376650,0.410924,0.183276,,,,,,,,GLOBAL_BASELINE_NO_ENTITY_RANKING,,,NOT_APPLICABLE_GLOBAL_BASELINE,HF9g-P5,,,,X 全窗基线 · 不参与实体赏罚,6876840,688,A168_HF9F_20260827_0900,2026-08-27 09:00:00
2026-03-27,70460261,1996,0,78.9951812939,-78.9951812939,-78.9951812939,0E-7,1,1,0.50665070000000000,0.506650700000,-1.013391052207602,-1.013391052207602,-1.013391052207602,0E-17,ELIGIBLE,R03b_20260811_FULL_v1,L1_ELIGIBILITY,v2026-08-11,2026-03-21..2026-08-06,baccarat_bet02_101_all_pairs_incl_sentinel,round_win = game_pnl > 0 (decisive only),COMPATIBILITY_ONLY_NOT_PRODUCTION,268817.8208,244366.2908,168.7661,6248,5610,-0.00062781,-0.08642944,0.00436428,-0.00062781,-168.7661,268817.8208,OK,0.0000,6.7506,4.0000,96.0000,AG03-UNRESOLVED,ALL5_LEVELS_bet23_to_bet27,6.7506,6.7506,6.7506,8.4383,8.4383,4.000000,4.000000,4.000000,5.000000,5.000000,96.000000,96.000000,96.000000,95.000000,95.000000,5.0,37.1285,34.0107,131.6376,134.7554,PENDING_AG03,FALSE,NOT_FOR_ENFORCEMENT,162.0155,234591.6392,168.7661,162.0155,6.7506,0.00062781,0.00060270,6.7506,162.0155,0.00060270,6.7506,6.7506,6.7506,8.4383,8.4383,162.0155,0.00060270,37.1285,34.0107,131.6376,134.7554,0.00048969,0.00050129,0.00002511,43.0246,43.5591,0.0301,2.0581,0.0627,3278.2661,68.4146,17.6798,46.9397,25.7155,39.4976,52.6635,77.1466,82.2897,128.5777,31.4111,0.0,2.083411,3.25533,1.089297,30,192,222,8,0.05498276,0.00062781,0.08642944,0E-8,0.000000,0.909041,0.000000,-0.09079372,2026-03-23,2026-08-06,82,2690,1181,137,0.598540,0.376650,0.410924,0.183276,,,,,,,,GLOBAL_BASELINE_NO_ENTITY_RANKING,,,NOT_APPLICABLE_GLOBAL_BASELINE,HF9g-P5,,,,X 全窗基线 · 不参与实体赏罚,6876841,688,A168_HF9F_20260827_0900,2026-08-27 09:00:00
2026-03-27,70460261,2108,0,168.5230534271,160.0969007556,160.0969007556,1.0000000,3,3,0.50665070000000000,0.506650700000,1.7091633124209307,1.7091633124209307,1.7091633124209307,0E-17,ELIGIBLE,R03b_20260811_FULL_v1,L1_ELIGIBILITY,v2026-08-11,2026-03-21..2026-08-06,baccarat_bet02_101_all_pairs_incl_sentinel,round_win = game_pnl > 0 (decisive only),COMPATIBILITY_ONLY_NOT_PRODUCTION,268817.8208,244366.2908,168.7661,6248,5610,-0.00062781,-0.08642944,0.00436428,-0.00062781,-168.7661,268817.8208,OK,0.0000,6.7506,4.0000,96.0000,AG03-UNRESOLVED,ALL5_LEVELS_bet23_to_bet27,6.7506,6.7506,6.7506,8.4383,8.4383,4.000000,4.000000,4.000000,5.000000,5.000000,96.000000,96.000000,96.000000,95.000000,95.000000,5.0,37.1285,34.0107,131.6376,134.7554,PENDING_AG03,FALSE,NOT_FOR_ENFORCEMENT,162.0155,234591.6392,168.7661,162.0155,6.7506,0.00062781,0.00060270,6.7506,162.0155,0.00060270,6.7506,6.7506,6.7506,8.4383,8.4383,162.0155,0.00060270,37.1285,34.0107,131.6376,134.7554,0.00048969,0.00050129,0.00002511,43.0246,43.5591,0.0301,2.0581,0.0627,3278.2661,68.4146,17.6798,46.9397,25.7155,39.4976,52.6635,77.1466,82.2897,128.5777,31.4111,0.0,2.083411,3.25533,1.089297,30,192,222,8,0.05498276,0.00062781,0.08642944,0E-8,0.000000,0.909041,0.000000,-0.09079372,2026-03-23,2026-08-06,82,2690,1181,137,0.598540,0.376650,0.410924,0.183276,,,,,,,,GLOBAL_BASELINE_NO_ENTITY_RANKING,,,NOT_APPLICABLE_GLOBAL_BASELINE,HF9g-P5,,,,X 全窗基线 · 不参与实体赏罚,6876842,688,A168_HF9F_20260827_0900,2026-08-27 09:00:00
2026-03-27,70460261,2121,0,157.9903625880,50.0302814862,50.0302814862,0.6666667,3,3,0.49771390000000000,0.497713900000,0.5852756695216578,0.5852756695216578,0.5852756695216578,0E-17,ELIGIBLE,R03b_20260811_FULL_v1,L1_ELIGIBILITY,v2026-08-11,2026-03-21..2026-08-06,baccarat_bet02_101_all_pairs_incl_sentinel,round_win = game_pnl > 0 (decisive only),COMPATIBILITY_ONLY_NOT_PRODUCTION,268817.8208,244366.2908,168.7661,6248,5610,-0.00062781,-0.08642944,0.00436428,-0.00062781,-168.7661,268817.8208,OK,0.0000,6.7506,4.0000,96.0000,AG03-UNRESOLVED,ALL5_LEVELS_bet23_to_bet27,6.7506,6.7506,6.7506,8.4383,8.4383,4.000000,4.000000,4.000000,5.000000,5.000000,96.000000,96.000000,96.000000,95.000000,95.000000,5.0,37.1285,34.0107,131.6376,134.7554,PENDING_AG03,FALSE,NOT_FOR_ENFORCEMENT,162.0155,234591.6392,168.7661,162.0155,6.7506,0.00062781,0.00060270,6.7506,162.0155,0.00060270,6.7506,6.7506,6.7506,8.4383,8.4383,162.0155,0.00060270,37.1285,34.0107,131.6376,134.7554,0.00048969,0.00050129,0.00002511,43.0246,43.5591,0.0301,2.0581,0.0627,3278.2661,68.4146,17.6798,46.9397,25.7155,39.4976,52.6635,77.1466,82.2897,128.5777,31.4111,0.0,2.083411,3.25533,1.089297,30,192,222,8,0.05498276,0.00062781,0.08642944,0E-8,0.000000,0.909041,0.000000,-0.09079372,2026-03-23,2026-08-06,82,2690,1181,137,0.598540,0.376650,0.410924,0.183276,,,,,,,,GLOBAL_BASELINE_NO_ENTITY_RANKING,,,NOT_APPLICABLE_GLOBAL_BASELINE,HF9g-P5,,,,X 全窗基线 · 不参与实体赏罚,6876843,688,A168_HF9F_20260827_0900,2026-08-27 09:00:00
2026-03-27,70460261,2127,0,52.6634541960,-52.6634541960,-52.6634541960,0E-7,2,2,0.49994810000000000,0.499948100000,-1.4140667746232096,-1.4140667746232096,-1.4140667746232096,0E-17,ELIGIBLE,R03b_20260811_FULL_v1,L1_ELIGIBILITY,v2026-08-11,2026-03-21..2026-08-06,baccarat_bet02_101_all_pairs_incl_sentinel,round_win = game_pnl > 0 (decisive only),COMPATIBILITY_ONLY_NOT_PRODUCTION,268817.8208,244366.2908,168.7661,6248,5610,-0.00062781,-0.08642944,0.00436428,-0.00062781,-168.7661,268817.8208,OK,0.0000,6.7506,4.0000,96.0000,AG03-UNRESOLVED,ALL5_LEVELS_bet23_to_bet27,6.7506,6.7506,6.7506,8.4383,8.4383,4.000000,4.000000,4.000000,5.000000,5.000000,96.000000,96.000000,96.000000,95.000000,95.000000,5.0,37.1285,34.0107,131.6376,134.7554,PENDING_AG03,FALSE,NOT_FOR_ENFORCEMENT,162.0155,234591.6392,168.7661,162.0155,6.7506,0.00062781,0.00060270,6.7506,162.0155,0.00060270,6.7506,6.7506,6.7506,8.4383,8.4383,162.0155,0.00060270,37.1285,34.0107,131.6376,134.7554,0.00048969,0.00050129,0.00002511,43.0246,43.5591,0.0301,2.0581,0.0627,3278.2661,68.4146,17.6798,46.9397,25.7155,39.4976,52.6635,77.1466,82.2897,128.5777,31.4111,0.0,2.083411,3.25533,1.089297,30,192,222,8,0.05498276,0.00062781,0.08642944,0E-8,0.000000,0.909041,0.000000,-0.09079372,2026-03-23,2026-08-06,82,2690,1181,137,0.598540,0.376650,0.410924,0.183276,,,,,,,,GLOBAL_BASELINE_NO_ENTITY_RANKING,,,NOT_APPLICABLE_GLOBAL_BASELINE,HF9g-P5,,,,X 全窗基线 · 不参与实体赏罚,6876844,688,A168_HF9F_20260827_0900,2026-08-27 09:00:00
2026-03-27,70460261,2167,0,50.0302814862,-50.0302814862,-50.0302814862,0E-7,1,1,0.50665070000000000,0.506650700000,-1.013391052207602,-1.013391052207602,-1.013391052207602,0E-17,ELIGIBLE,R03b_20260811_FULL_v1,L1_ELIGIBILITY,v2026-08-11,2026-03-21..2026-08-06,baccarat_bet02_101_all_pairs_incl_sentinel,round_win = game_pnl > 0 (decisive only),COMPATIBILITY_ONLY_NOT_PRODUCTION,268817.8208,244366.2908,168.7661,6248,5610,-0.00062781,-0.08642944,0.00436428,-0.00062781,-168.7661,268817.8208,OK,0.0000,6.7506,4.0000,96.0000,AG03-UNRESOLVED,ALL5_LEVELS_bet23_to_bet27,6.7506,6.7506,6.7506,8.4383,8.4383,4.000000,4.000000,4.000000,5.000000,5.000000,96.000000,96.000000,96.000000,95.000000,95.000000,5.0,37.1285,34.0107,131.6376,134.7554,PENDING_AG03,FALSE,NOT_FOR_ENFORCEMENT,162.0155,234591.6392,168.7661,162.0155,6.7506,0.00062781,0.00060270,6.7506,162.0155,0.00060270,6.7506,6.7506,6.7506,8.4383,8.4383,162.0155,0.00060270,37.1285,34.0107,131.6376,134.7554,0.00048969,0.00050129,0.00002511,43.0246,43.5591,0.0301,2.0581,0.0627,3278.2661,68.4146,17.6798,46.9397,25.7155,39.4976,52.6635,77.1466,82.2897,128.5777,31.4111,0.0,2.083411,3.25533,1.089297,30,192,222,8,0.05498276,0.00062781,0.08642944,0E-8,0.000000,0.909041,0.000000,-0.09079372,2026-03-23,2026-08-06,82,2690,1181,137,0.598540,0.376650,0.410924,0.183276,,,,,,,,GLOBAL_BASELINE_NO_ENTITY_RANKING,,,NOT_APPLICABLE_GLOBAL_BASELINE,HF9g-P5,,,,X 全窗基线 · 不参与实体赏罚,6876845,688,A168_HF9F_20260827_0900,2026-08-27 09:00:00
2026-03-27,70460261,2169,0,26.3317270980,-26.3317270980,-26.3317270980,0E-7,1,1,0.50665070000000000,0.506650700000,-1.013391052207602,-1.013391052207602,-1.013391052207602,0E-17,ELIGIBLE,R03b_20260811_FULL_v1,L1_ELIGIBILITY,v2026-08-11,2026-03-21..2026-08-06,baccarat_bet02_101_all_pairs_incl_sentinel,round_win = game_pnl > 0 (decisive only),COMPATIBILITY_ONLY_NOT_PRODUCTION,268817.8208,244366.2908,168.7661,6248,5610,-0.00062781,-0.08642944,0.00436428,-0.00062781,-168.7661,268817.8208,OK,0.0000,6.7506,4.0000,96.0000,AG03-UNRESOLVED,ALL5_LEVELS_bet23_to_bet27,6.7506,6.7506,6.7506,8.4383,8.4383,4.000000,4.000000,4.000000,5.000000,5.000000,96.000000,96.000000,96.000000,95.000000,95.000000,5.0,37.1285,34.0107,131.6376,134.7554,PENDING_AG03,FALSE,NOT_FOR_ENFORCEMENT,162.0155,234591.6392,168.7661,162.0155,6.7506,0.00062781,0.00060270,6.7506,162.0155,0.00060270,6.7506,6.7506,6.7506,8.4383,8.4383,162.0155,0.00060270,37.1285,34.0107,131.6376,134.7554,0.00048969,0.00050129,0.00002511,43.0246,43.5591,0.0301,2.0581,0.0627,3278.2661,68.4146,17.6798,46.9397,25.7155,39.4976,52.6635,77.1466,82.2897,128.5777,31.4111,0.0,2.083411,3.25533,1.089297,30,192,222,8,0.05498276,0.00062781,0.08642944,0E-8,0.000000,0.909041,0.000000,-0.09079372,2026-03-23,2026-08-06,82,2690,1181,137,0.598540,0.376650,0.410924,0.183276,,,,,,,,GLOBAL_BASELINE_NO_ENTITY_RANKING,,,NOT_APPLICABLE_GLOBAL_BASELINE,HF9g-P5,,,,X 全窗基线 · 不参与实体赏罚,6876846,688,A168_HF9F_20260827_0900,2026-08-27 09:00:00
2026-03-27,70460261,2196,0,281.7494799485,-28.8332411722,-28.8332411722,0.5000000,5,5,0.50665070000000000,0.506650700000,-0.02660515369234503,-0.02660515369234503,-0.02660515369234503,0E-17,ELIGIBLE,R03b_20260811_FULL_v1,L1_ELIGIBILITY,v2026-08-11,2026-03-21..2026-08-06,baccarat_bet02_101_all_pairs_incl_sentinel,round_win = game_pnl > 0 (decisive only),COMPATIBILITY_ONLY_NOT_PRODUCTION,268817.8208,244366.2908,168.7661,6248,5610,-0.00062781,-0.08642944,0.00436428,-0.00062781,-168.7661,268817.8208,OK,0.0000,6.7506,4.0000,96.0000,AG03-UNRESOLVED,ALL5_LEVELS_bet23_to_bet27,6.7506,6.7506,6.7506,8.4383,8.4383,4.000000,4.000000,4.000000,5.000000,5.000000,96.000000,96.000000,96.000000,95.000000,95.000000,5.0,37.1285,34.0107,131.6376,134.7554,PENDING_AG03,FALSE,NOT_FOR_ENFORCEMENT,162.0155,234591.6392,168.7661,162.0155,6.7506,0.00062781,0.00060270,6.7506,162.0155,0.00060270,6.7506,6.7506,6.7506,8.4383,8.4383,162.0155,0.00060270,37.1285,34.0107,131.6376,134.7554,0.00048969,0.00050129,0.00002511,43.0246,43.5591,0.0301,2.0581,0.0627,3278.2661,68.4146,17.6798,46.9397,25.7155,39.4976,52.6635,77.1466,82.2897,128.5777,31.4111,0.0,2.083411,3.25533,1.089297,30,192,222,8,0.05498276,0.00062781,0.08642944,0E-8,0.000000,0.909041,0.000000,-0.09079372,2026-03-23,2026-08-06,82,2690,1181,137,0.598540,0.376650,0.410924,0.183276,,,,,,,,GLOBAL_BASELINE_NO_ENTITY_RANKING,,,NOT_APPLICABLE_GLOBAL_BASELINE,HF9g-P5,,,,X 全窗基线 · 不参与实体赏罚,6876847,688,A168_HF9F_20260827_0900,2026-08-27 09:00:00
2026-03-27,70460261,2209,0,50.0302814862,2.6331727098,2.6331727098,0.5000000,2,2,0.49324550000000000,0.493245500000,0.01910635448239258,0.01910635448239258,0.01910635448239258,0E-17,ELIGIBLE,R03b_20260811_FULL_v1,L1_ELIGIBILITY,v2026-08-11,2026-03-21..2026-08-06,baccarat_bet02_101_all_pairs_incl_sentinel,round_win = game_pnl > 0 (decisive only),COMPATIBILITY_ONLY_NOT_PRODUCTION,268817.8208,244366.2908,168.7661,6248,5610,-0.00062781,-0.08642944,0.00436428,-0.00062781,-168.7661,268817.8208,OK,0.0000,6.7506,4.0000,96.0000,AG03-UNRESOLVED,ALL5_LEVELS_bet23_to_bet27,6.7506,6.7506,6.7506,8.4383,8.4383,4.000000,4.000000,4.000000,5.000000,5.000000,96.000000,96.000000,96.000000,95.000000,95.000000,5.0,37.1285,34.0107,131.6376,134.7554,PENDING_AG03,FALSE,NOT_FOR_ENFORCEMENT,162.0155,234591.6392,168.7661,162.0155,6.7506,0.00062781,0.00060270,6.7506,162.0155,0.00060270,6.7506,6.7506,6.7506,8.4383,8.4383,162.0155,0.00060270,37.1285,34.0107,131.6376,134.7554,0.00048969,0.00050129,0.00002511,43.0246,43.5591,0.0301,2.0581,0.0627,3278.2661,68.4146,17.6798,46.9397,25.7155,39.4976,52.6635,77.1466,82.2897,128.5777,31.4111,0.0,2.083411,3.25533,1.089297,30,192,222,8,0.05498276,0.00062781,0.08642944,0E-8,0.000000,0.909041,0.000000,-0.09079372,2026-03-23,2026-08-06,82,2690,1181,137,0.598540,0.376650,0.410924,0.183276,,,,,,,,GLOBAL_BASELINE_NO_ENTITY_RANKING,,,NOT_APPLICABLE_GLOBAL_BASELINE,HF9g-P5,,,,X 全窗基线 · 不参与实体赏罚,6876848,688,A168_HF9F_20260827_0900,2026-08-27 09:00:00
2026-03-27,70460261,2220,0,26.3317270980,0E-10,0E-10,,1,1,0.50665070000000000,0.506650700000,,,,0E-17,NO_DECISIVE_ROUND,R03b_20260811_FULL_v1,L1_ELIGIBILITY,v2026-08-11,2026-03-21..2026-08-06,baccarat_bet02_101_all_pairs_incl_sentinel,round_win = game_pnl > 0 (decisive only),COMPATIBILITY_ONLY_NOT_PRODUCTION,268817.8208,244366.2908,168.7661,6248,5610,-0.00062781,-0.08642944,0.00436428,-0.00062781,-168.7661,268817.8208,OK,0.0000,6.7506,4.0000,96.0000,AG03-UNRESOLVED,ALL5_LEVELS_bet23_to_bet27,6.7506,6.7506,6.7506,8.4383,8.4383,4.000000,4.000000,4.000000,5.000000,5.000000,96.000000,96.000000,96.000000,95.000000,95.000000,5.0,37.1285,34.0107,131.6376,134.7554,PENDING_AG03,FALSE,NOT_FOR_ENFORCEMENT,162.0155,234591.6392,168.7661,162.0155,6.7506,0.00062781,0.00060270,6.7506,162.0155,0.00060270,6.7506,6.7506,6.7506,8.4383,8.4383,162.0155,0.00060270,37.1285,34.0107,131.6376,134.7554,0.00048969,0.00050129,0.00002511,43.0246,43.5591,0.0301,2.0581,0.0627,3278.2661,68.4146,17.6798,46.9397,25.7155,39.4976,52.6635,77.1466,82.2897,128.5777,31.4111,0.0,2.083411,3.25533,1.089297,30,192,222,8,0.05498276,0.00062781,0.08642944,0E-8,0.000000,0.909041,0.000000,-0.09079372,2026-03-23,2026-08-06,82,2690,1181,137,0.598540,0.376650,0.410924,0.183276,,,,,,,,GLOBAL_BASELINE_NO_ENTITY_RANKING,,,NOT_APPLICABLE_GLOBAL_BASELINE,HF9g-P5,,,,X 全窗基线 · 不参与实体赏罚,6876849,688,A168_HF9F_20260827_0900,2026-08-27 09:00:00
2026-03-27,70460261,2224,0,260.6840982700,-157.9903625878,-157.9903625878,0.2500000,4,4,0.50665070000000000,0.506650700000,-1.0266936290537745,-1.0266936290537745,-1.0266936290537745,0E-17,ELIGIBLE,R03b_20260811_FULL_v1,L1_ELIGIBILITY,v2026-08-11,2026-03-21..2026-08-06,baccarat_bet02_101_all_pairs_incl_sentinel,round_win = game_pnl > 0 (decisive only),COMPATIBILITY_ONLY_NOT_PRODUCTION,268817.8208,244366.2908,168.7661,6248,5610,-0.00062781,-0.08642944,0.00436428,-0.00062781,-168.7661,268817.8208,OK,0.0000,6.7506,4.0000,96.0000,AG03-UNRESOLVED,ALL5_LEVELS_bet23_to_bet27,6.7506,6.7506,6.7506,8.4383,8.4383,4.000000,4.000000,4.000000,5.000000,5.000000,96.000000,96.000000,96.000000,95.000000,95.000000,5.0,37.1285,34.0107,131.6376,134.7554,PENDING_AG03,FALSE,NOT_FOR_ENFORCEMENT,162.0155,234591.6392,168.7661,162.0155,6.7506,0.00062781,0.00060270,6.7506,162.0155,0.00060270,6.7506,6.7506,6.7506,8.4383,8.4383,162.0155,0.00060270,37.1285,34.0107,131.6376,134.7554,0.00048969,0.00050129,0.00002511,43.0246,43.5591,0.0301,2.0581,0.0627,3278.2661,68.4146,17.6798,46.9397,25.7155,39.4976,52.6635,77.1466,82.2897,128.5777,31.4111,0.0,2.083411,3.25533,1.089297,30,192,222,8,0.05498276,0.00062781,0.08642944,0E-8,0.000000,0.909041,0.000000,-0.09079372,2026-03-23,2026-08-06,82,2690,1181,137,0.598540,0.376650,0.410924,0.183276,,,,,,,,GLOBAL_BASELINE_NO_ENTITY_RANKING,,,NOT_APPLICABLE_GLOBAL_BASELINE,HF9g-P5,,,,X 全窗基线 · 不参与实体赏罚,6876850,688,A168_HF9F_20260827_0900,2026-08-27 09:00:00
2026-03-27,70460261,2232,0,508.2023329912,92.5560207492,92.5560207492,0.5555556,10,9,0.49138966666666667,0.483759150000,0.3850524314779789,0.4310058620392673,0.3850524314779789,0.00763051666666667,ELIGIBLE,R03b_20260811_FULL_v1,L1_ELIGIBILITY,v2026-08-11,2026-03-21..2026-08-06,baccarat_bet02_101_all_pairs_incl_sentinel,round_win = game_pnl > 0 (decisive only),COMPATIBILITY_ONLY_NOT_PRODUCTION,268817.8208,244366.2908,168.7661,6248,5610,-0.00062781,-0.08642944,0.00436428,-0.00062781,-168.7661,268817.8208,OK,0.0000,6.7506,4.0000,96.0000,AG03-UNRESOLVED,ALL5_LEVELS_bet23_to_bet27,6.7506,6.7506,6.7506,8.4383,8.4383,4.000000,4.000000,4.000000,5.000000,5.000000,96.000000,96.000000,96.000000,95.000000,95.000000,5.0,37.1285,34.0107,131.6376,134.7554,PENDING_AG03,FALSE,NOT_FOR_ENFORCEMENT,162.0155,234591.6392,168.7661,162.0155,6.7506,0.00062781,0.00060270,6.7506,162.0155,0.00060270,6.7506,6.7506,6.7506,8.4383,8.4383,162.0155,0.00060270,37.1285,34.0107,131.6376,134.7554,0.00048969,0.00050129,0.00002511,43.0246,43.5591,0.0301,2.0581,0.0627,3278.2661,68.4146,17.6798,46.9397,25.7155,39.4976,52.6635,77.1466,82.2897,128.5777,31.4111,0.0,2.083411,3.25533,1.089297,30,192,222,8,0.05498276,0.00062781,0.08642944,0E-8,0.000000,0.909041,0.000000,-0.09079372,2026-03-23,2026-08-06,82,2690,1181,137,0.598540,0.376650,0.410924,0.183276,,,,,,,,GLOBAL_BASELINE_NO_ENTITY_RANKING,,,NOT_APPLICABLE_GLOBAL_BASELINE,HF9g-P5,,,,X 全窗基线 · 不参与实体赏罚,6876851,688,A168_HF9F_20260827_0900,2026-08-27 09:00:00
2026-03-27,70460261,2233,0,226.7161703138,114.8063301473,114.8063301473,0.8333333,6,6,0.49994810000000000,0.499948100000,1.6332474276894162,1.6332474276894162,1.6332474276894162,0E-17,ELIGIBLE,R03b_20260811_FULL_v1,L1_ELIGIBILITY,v2026-08-11,2026-03-21..2026-08-06,baccarat_bet02_101_all_pairs_incl_sentinel,round_win = game_pnl > 0 (decisive only),COMPATIBILITY_ONLY_NOT_PRODUCTION,268817.8208,244366.2908,168.7661,6248,5610,-0.00062781,-0.08642944,0.00436428,-0.00062781,-168.7661,268817.8208,OK,0.0000,6.7506,4.0000,96.0000,AG03-UNRESOLVED,ALL5_LEVELS_bet23_to_bet27,6.7506,6.7506,6.7506,8.4383,8.4383,4.000000,4.000000,4.000000,5.000000,5.000000,96.000000,96.000000,96.000000,95.000000,95.000000,5.0,37.1285,34.0107,131.6376,134.7554,PENDING_AG03,FALSE,NOT_FOR_ENFORCEMENT,162.0155,234591.6392,168.7661,162.0155,6.7506,0.00062781,0.00060270,6.7506,162.0155,0.00060270,6.7506,6.7506,6.7506,8.4383,8.4383,162.0155,0.00060270,37.1285,34.0107,131.6376,134.7554,0.00048969,0.00050129,0.00002511,43.0246,43.5591,0.0301,2.0581,0.0627,3278.2661,68.4146,17.6798,46.9397,25.7155,39.4976,52.6635,77.1466,82.2897,128.5777,31.4111,0.0,2.083411,3.25533,1.089297,30,192,222,8,0.05498276,0.00062781,0.08642944,0E-8,0.000000,0.909041,0.000000,-0.09079372,2026-03-23,2026-08-06,82,2690,1181,137,0.598540,0.376650,0.410924,0.183276,,,,,,,,GLOBAL_BASELINE_NO_ENTITY_RANKING,,,NOT_APPLICABLE_GLOBAL_BASELINE,HF9g-P5,,,,X 全窗基线 · 不参与实体赏罚,6876852,688,A168_HF9F_20260827_0900,2026-08-27 09:00:00
2026-03-27,70460261,2242,0,52.6634541960,-1.3165863549,-1.3165863549,0.5000000,2,2,0.50665070000000000,0.506650700000,-0.018812684590367487,-0.018812684590367487,-0.018812684590367487,0E-17,ELIGIBLE,R03b_20260811_FULL_v1,L1_ELIGIBILITY,v2026-08-11,2026-03-21..2026-08-06,baccarat_bet02_101_all_pairs_incl_sentinel,round_win = game_pnl > 0 (decisive only),COMPATIBILITY_ONLY_NOT_PRODUCTION,268817.8208,244366.2908,168.7661,6248,5610,-0.00062781,-0.08642944,0.00436428,-0.00062781,-168.7661,268817.8208,OK,0.0000,6.7506,4.0000,96.0000,AG03-UNRESOLVED,ALL5_LEVELS_bet23_to_bet27,6.7506,6.7506,6.7506,8.4383,8.4383,4.000000,4.000000,4.000000,5.000000,5.000000,96.000000,96.000000,96.000000,95.000000,95.000000,5.0,37.1285,34.0107,131.6376,134.7554,PENDING_AG03,FALSE,NOT_FOR_ENFORCEMENT,162.0155,234591.6392,168.7661,162.0155,6.7506,0.00062781,0.00060270,6.7506,162.0155,0.00060270,6.7506,6.7506,6.7506,8.4383,8.4383,162.0155,0.00060270,37.1285,34.0107,131.6376,134.7554,0.00048969,0.00050129,0.00002511,43.0246,43.5591,0.0301,2.0581,0.0627,3278.2661,68.4146,17.6798,46.9397,25.7155,39.4976,52.6635,77.1466,82.2897,128.5777,31.4111,0.0,2.083411,3.25533,1.089297,30,192,222,8,0.05498276,0.00062781,0.08642944,0E-8,0.000000,0.909041,0.000000,-0.09079372,2026-03-23,2026-08-06,82,2690,1181,137,0.598540,0.376650,0.410924,0.183276,,,,,,,,GLOBAL_BASELINE_NO_ENTITY_RANKING,,,NOT_APPLICABLE_GLOBAL_BASELINE,HF9g-P5,,,,X 全窗基线 · 不参与实体赏罚,6876853,688,A168_HF9F_20260827_0900,2026-08-27 09:00:00
2026-03-27,70460261,2254,0,121.1259446508,27.7799720884,27.7799720884,0.6666667,3,3,0.50665070000000000,0.506650700000,0.5543606114942035,0.5543606114942035,0.5543606114942035,0E-17,ELIGIBLE,R03b_20260811_FULL_v1,L1_ELIGIBILITY,v2026-08-11,2026-03-21..2026-08-06,baccarat_bet02_101_all_pairs_incl_sentinel,round_win = game_pnl > 0 (decisive only),COMPATIBILITY_ONLY_NOT_PRODUCTION,268817.8208,244366.2908,168.7661,6248,5610,-0.00062781,-0.08642944,0.00436428,-0.00062781,-168.7661,268817.8208,OK,0.0000,6.7506,4.0000,96.0000,AG03-UNRESOLVED,ALL5_LEVELS_bet23_to_bet27,6.7506,6.7506,6.7506,8.4383,8.4383,4.000000,4.000000,4.000000,5.000000,5.000000,96.000000,96.000000,96.000000,95.000000,95.000000,5.0,37.1285,34.0107,131.6376,134.7554,PENDING_AG03,FALSE,NOT_FOR_ENFORCEMENT,162.0155,234591.6392,168.7661,162.0155,6.7506,0.00062781,0.00060270,6.7506,162.0155,0.00060270,6.7506,6.7506,6.7506,8.4383,8.4383,162.0155,0.00060270,37.1285,34.0107,131.6376,134.7554,0.00048969,0.00050129,0.00002511,43.0246,43.5591,0.0301,2.0581,0.0627,3278.2661,68.4146,17.6798,46.9397,25.7155,39.4976,52.6635,77.1466,82.2897,128.5777,31.4111,0.0,2.083411,3.25533,1.089297,30,192,222,8,0.05498276,0.00062781,0.08642944,0E-8,0.000000,0.909041,0.000000,-0.09079372,2026-03-23,2026-08-06,82,2690,1181,137,0.598540,0.376650,0.410924,0.183276,,,,,,,,GLOBAL_BASELINE_NO_ENTITY_RANKING,,,NOT_APPLICABLE_GLOBAL_BASELINE,HF9g-P5,,,,X 全窗基线 · 不参与实体赏罚,6876854,688,A168_HF9F_20260827_0900,2026-08-27 09:00:00
2026-03-27,70460261,2256,0,418.6744608581,141.0063986095,141.0063986095,0.7000000,10,10,0.50665070000000000,0.506650700000,1.2229565359475965,1.2229565359475965,1.2229565359475965,0E-17,ELIGIBLE,R03b_20260811_FULL_v1,L1_ELIGIBILITY,v2026-08-11,2026-03-21..2026-08-06,baccarat_bet02_101_all_pairs_incl_sentinel,round_win = game_pnl > 0 (decisive only),COMPATIBILITY_ONLY_NOT_PRODUCTION,268817.8208,244366.2908,168.7661,6248,5610,-0.00062781,-0.08642944,0.00436428,-0.00062781,-168.7661,268817.8208,OK,0.0000,6.7506,4.0000,96.0000,AG03-UNRESOLVED,ALL5_LEVELS_bet23_to_bet27,6.7506,6.7506,6.7506,8.4383,8.4383,4.000000,4.000000,4.000000,5.000000,5.000000,96.000000,96.000000,96.000000,95.000000,95.000000,5.0,37.1285,34.0107,131.6376,134.7554,PENDING_AG03,FALSE,NOT_FOR_ENFORCEMENT,162.0155,234591.6392,168.7661,162.0155,6.7506,0.00062781,0.00060270,6.7506,162.0155,0.00060270,6.7506,6.7506,6.7506,8.4383,8.4383,162.0155,0.00060270,37.1285,34.0107,131.6376,134.7554,0.00048969,0.00050129,0.00002511,43.0246,43.5591,0.0301,2.0581,0.0627,3278.2661,68.4146,17.6798,46.9397,25.7155,39.4976,52.6635,77.1466,82.2897,128.5777,31.4111,0.0,2.083411,3.25533,1.089297,30,192,222,8,0.05498276,0.00062781,0.08642944,0E-8,0.000000,0.909041,0.000000,-0.09079372,2026-03-23,2026-08-06,82,2690,1181,137,0.598540,0.376650,0.410924,0.183276,,,,,,,,GLOBAL_BASELINE_NO_ENTITY_RANKING,,,NOT_APPLICABLE_GLOBAL_BASELINE,HF9g-P5,,,,X 全窗基线 · 不参与实体赏罚,6876855,688,A168_HF9F_20260827_0900,2026-08-27 09:00:00
2026-03-27,70460261,2258,0,105.3269083920,-25.0151407431,-25.0151407431,0.3333333,4,4,0.50665070000000000,0.506650700000,-0.6004420894325239,-0.6004420894325239,-0.6004420894325239,0E-17,ELIGIBLE,R03b_20260811_FULL_v1,L1_ELIGIBILITY,v2026-08-11,2026-03-21..2026-08-06,baccarat_bet02_101_all_pairs_incl_sentinel,round_win = game_pnl > 0 (decisive only),COMPATIBILITY_ONLY_NOT_PRODUCTION,268817.8208,244366.2908,168.7661,6248,5610,-0.00062781,-0.08642944,0.00436428,-0.00062781,-168.7661,268817.8208,OK,0.0000,6.7506,4.0000,96.0000,AG03-UNRESOLVED,ALL5_LEVELS_bet23_to_bet27,6.7506,6.7506,6.7506,8.4383,8.4383,4.000000,4.000000,4.000000,5.000000,5.000000,96.000000,96.000000,96.000000,95.000000,95.000000,5.0,37.1285,34.0107,131.6376,134.7554,PENDING_AG03,FALSE,NOT_FOR_ENFORCEMENT,162.0155,234591.6392,168.7661,162.0155,6.7506,0.00062781,0.00060270,6.7506,162.0155,0.00060270,6.7506,6.7506,6.7506,8.4383,8.4383,162.0155,0.00060270,37.1285,34.0107,131.6376,134.7554,0.00048969,0.00050129,0.00002511,43.0246,43.5591,0.0301,2.0581,0.0627,3278.2661,68.4146,17.6798,46.9397,25.7155,39.4976,52.6635,77.1466,82.2897,128.5777,31.4111,0.0,2.083411,3.25533,1.089297,30,192,222,8,0.05498276,0.00062781,0.08642944,0E-8,0.000000,0.909041,0.000000,-0.09079372,2026-03-23,2026-08-06,82,2690,1181,137,0.598540,0.376650,0.410924,0.183276,,,,,,,,GLOBAL_BASELINE_NO_ENTITY_RANKING,,,NOT_APPLICABLE_GLOBAL_BASELINE,HF9g-P5,,,,X 全窗基线 · 不参与实体赏罚,6876856,688,A168_HF9F_20260827_0900,2026-08-27 09:00:00
2026-03-27,70460261,2264,0,181.6889169762,18.5638676041,18.5638676041,0.5000000,4,4,0.50665070000000000,0.506650700000,-0.02660515369234503,-0.02660515369234503,-0.02660515369234503,0E-17,ELIGIBLE,R03b_20260811_FULL_v1,L1_ELIGIBILITY,v2026-08-11,2026-03-21..2026-08-06,baccarat_bet02_101_all_pairs_incl_sentinel,round_win = game_pnl > 0 (decisive only),COMPATIBILITY_ONLY_NOT_PRODUCTION,268817.8208,244366.2908,168.7661,6248,5610,-0.00062781,-0.08642944,0.00436428,-0.00062781,-168.7661,268817.8208,OK,0.0000,6.7506,4.0000,96.0000,AG03-UNRESOLVED,ALL5_LEVELS_bet23_to_bet27,6.7506,6.7506,6.7506,8.4383,8.4383,4.000000,4.000000,4.000000,5.000000,5.000000,96.000000,96.000000,96.000000,95.000000,95.000000,5.0,37.1285,34.0107,131.6376,134.7554,PENDING_AG03,FALSE,NOT_FOR_ENFORCEMENT,162.0155,234591.6392,168.7661,162.0155,6.7506,0.00062781,0.00060270,6.7506,162.0155,0.00060270,6.7506,6.7506,6.7506,8.4383,8.4383,162.0155,0.00060270,37.1285,34.0107,131.6376,134.7554,0.00048969,0.00050129,0.00002511,43.0246,43.5591,0.0301,2.0581,0.0627,3278.2661,68.4146,17.6798,46.9397,25.7155,39.4976,52.6635,77.1466,82.2897,128.5777,31.4111,0.0,2.083411,3.25533,1.089297,30,192,222,8,0.05498276,0.00062781,0.08642944,0E-8,0.000000,0.909041,0.000000,-0.09079372,2026-03-23,2026-08-06,82,2690,1181,137,0.598540,0.376650,0.410924,0.183276,,,,,,,,GLOBAL_BASELINE_NO_ENTITY_RANKING,,,NOT_APPLICABLE_GLOBAL_BASELINE,HF9g-P5,,,,X 全窗基线 · 不参与实体赏罚,6876857,688,A168_HF9F_20260827_0900,2026-08-27 09:00:00
2026-03-27,70460261,2266,0,52.6634541960,50.0302814862,50.0302814862,1.0000000,1,1,0.50665070000000000,0.506650700000,0.9867858985152569,0.9867858985152569,0.9867858985152569,0E-17,ELIGIBLE,R03b_20260811_FULL_v1,L1_ELIGIBILITY,v2026-08-11,2026-03-21..2026-08-06,baccarat_bet02_101_all_pairs_incl_sentinel,round_win = game_pnl > 0 (decisive only),COMPATIBILITY_ONLY_NOT_PRODUCTION,268817.8208,244366.2908,168.7661,6248,5610,-0.00062781,-0.08642944,0.00436428,-0.00062781,-168.7661,268817.8208,OK,0.0000,6.7506,4.0000,96.0000,AG03-UNRESOLVED,ALL5_LEVELS_bet23_to_bet27,6.7506,6.7506,6.7506,8.4383,8.4383,4.000000,4.000000,4.000000,5.000000,5.000000,96.000000,96.000000,96.000000,95.000000,95.000000,5.0,37.1285,34.0107,131.6376,134.7554,PENDING_AG03,FALSE,NOT_FOR_ENFORCEMENT,162.0155,234591.6392,168.7661,162.0155,6.7506,0.00062781,0.00060270,6.7506,162.0155,0.00060270,6.7506,6.7506,6.7506,8.4383,8.4383,162.0155,0.00060270,37.1285,34.0107,131.6376,134.7554,0.00048969,0.00050129,0.00002511,43.0246,43.5591,0.0301,2.0581,0.0627,3278.2661,68.4146,17.6798,46.9397,25.7155,39.4976,52.6635,77.1466,82.2897,128.5777,31.4111,0.0,2.083411,3.25533,1.089297,30,192,222,8,0.05498276,0.00062781,0.08642944,0E-8,0.000000,0.909041,0.000000,-0.09079372,2026-03-23,2026-08-06,82,2690,1181,137,0.598540,0.376650,0.410924,0.183276,,,,,,,,GLOBAL_BASELINE_NO_ENTITY_RANKING,,,NOT_APPLICABLE_GLOBAL_BASELINE,HF9g-P5,,,,X 全窗基线 · 不参与实体赏罚,6876858,688,A168_HF9F_20260827_0900,2026-08-27 09:00:00
2026-03-27,70460261,462,0,279.1163072388,-42.9207151698,-42.9207151698,0.4285714,7,7,0.50473567142857143,0.504735671429,-0.403041368878626,-0.40304136888089725,-0.403041368878626,-4.2857E-13,ELIGIBLE,R03b_20260811_FULL_v1,L1_ELIGIBILITY,v2026-08-11,2026-03-21..2026-08-06,baccarat_bet02_101_all_pairs_incl_sentinel,round_win = game_pnl > 0 (decisive only),COMPATIBILITY_ONLY_NOT_PRODUCTION,268817.8208,244366.2908,168.7661,6248,5610,-0.00062781,-0.08642944,0.00436428,-0.00062781,-168.7661,268817.8208,OK,0.0000,6.7506,4.0000,96.0000,AG03-UNRESOLVED,ALL5_LEVELS_bet23_to_bet27,6.7506,6.7506,6.7506,8.4383,8.4383,4.000000,4.000000,4.000000,5.000000,5.000000,96.000000,96.000000,96.000000,95.000000,95.000000,5.0,37.1285,34.0107,131.6376,134.7554,PENDING_AG03,FALSE,NOT_FOR_ENFORCEMENT,162.0155,234591.6392,168.7661,162.0155,6.7506,0.00062781,0.00060270,6.7506,162.0155,0.00060270,6.7506,6.7506,6.7506,8.4383,8.4383,162.0155,0.00060270,37.1285,34.0107,131.6376,134.7554,0.00048969,0.00050129,0.00002511,43.0246,43.5591,0.0301,2.0581,0.0627,3278.2661,68.4146,17.6798,46.9397,25.7155,39.4976,52.6635,77.1466,82.2897,128.5777,31.4111,0.0,2.083411,3.25533,1.089297,30,192,222,8,0.05498276,0.00062781,0.08642944,0E-8,0.000000,0.909041,0.000000,-0.09079372,2026-03-23,2026-08-06,82,2690,1181,137,0.598540,0.376650,0.410924,0.183276,,,,,,,,GLOBAL_BASELINE_NO_ENTITY_RANKING,,,NOT_APPLICABLE_GLOBAL_BASELINE,HF9g-P5,,,,X 全窗基线 · 不参与实体赏罚,6876859,688,A168_HF9F_20260827_0900,2026-08-27 09:00:00
2026-03-27,70460261,595,0,26.3317270980,-26.3317270980,-26.3317270980,0E-7,1,1,0.50665070000000000,0.506650700000,-1.013391052207602,-1.013391052207602,-1.013391052207602,0E-17,ELIGIBLE,R03b_20260811_FULL_v1,L1_ELIGIBILITY,v2026-08-11,2026-03-21..2026-08-06,baccarat_bet02_101_all_pairs_incl_sentinel,round_win = game_pnl > 0 (decisive only),COMPATIBILITY_ONLY_NOT_PRODUCTION,268817.8208,244366.2908,168.7661,6248,5610,-0.00062781,-0.08642944,0.00436428,-0.00062781,-168.7661,268817.8208,OK,0.0000,6.7506,4.0000,96.0000,AG03-UNRESOLVED,ALL5_LEVELS_bet23_to_bet27,6.7506,6.7506,6.7506,8.4383,8.4383,4.000000,4.000000,4.000000,5.000000,5.000000,96.000000,96.000000,96.000000,95.000000,95.000000,5.0,37.1285,34.0107,131.6376,134.7554,PENDING_AG03,FALSE,NOT_FOR_ENFORCEMENT,162.0155,234591.6392,168.7661,162.0155,6.7506,0.00062781,0.00060270,6.7506,162.0155,0.00060270,6.7506,6.7506,6.7506,8.4383,8.4383,162.0155,0.00060270,37.1285,34.0107,131.6376,134.7554,0.00048969,0.00050129,0.00002511,43.0246,43.5591,0.0301,2.0581,0.0627,3278.2661,68.4146,17.6798,46.9397,25.7155,39.4976,52.6635,77.1466,82.2897,128.5777,31.4111,0.0,2.083411,3.25533,1.089297,30,192,222,8,0.05498276,0.00062781,0.08642944,0E-8,0.000000,0.909041,0.000000,-0.09079372,2026-03-23,2026-08-06,82,2690,1181,137,0.598540,0.376650,0.410924,0.183276,,,,,,,,GLOBAL_BASELINE_NO_ENTITY_RANKING,,,NOT_APPLICABLE_GLOBAL_BASELINE,HF9g-P5,,,,X 全窗基线 · 不参与实体赏罚,6876860,688,A168_HF9F_20260827_0900,2026-08-27 09:00:00
2026-03-27,70460261,752,0,26.3317270980,-26.3317270980,-26.3317270980,0E-7,1,1,0.50665070000000000,0.506650700000,-1.013391052207602,-1.013391052207602,-1.013391052207602,0E-17,ELIGIBLE,R03b_20260811_FULL_v1,L1_ELIGIBILITY,v2026-08-11,2026-03-21..2026-08-06,baccarat_bet02_101_all_pairs_incl_sentinel,round_win = game_pnl > 0 (decisive only),COMPATIBILITY_ONLY_NOT_PRODUCTION,268817.8208,244366.2908,168.7661,6248,5610,-0.00062781,-0.08642944,0.00436428,-0.00062781,-168.7661,268817.8208,OK,0.0000,6.7506,4.0000,96.0000,AG03-UNRESOLVED,ALL5_LEVELS_bet23_to_bet27,6.7506,6.7506,6.7506,8.4383,8.4383,4.000000,4.000000,4.000000,5.000000,5.000000,96.000000,96.000000,96.000000,95.000000,95.000000,5.0,37.1285,34.0107,131.6376,134.7554,PENDING_AG03,FALSE,NOT_FOR_ENFORCEMENT,162.0155,234591.6392,168.7661,162.0155,6.7506,0.00062781,0.00060270,6.7506,162.0155,0.00060270,6.7506,6.7506,6.7506,8.4383,8.4383,162.0155,0.00060270,37.1285,34.0107,131.6376,134.7554,0.00048969,0.00050129,0.00002511,43.0246,43.5591,0.0301,2.0581,0.0627,3278.2661,68.4146,17.6798,46.9397,25.7155,39.4976,52.6635,77.1466,82.2897,128.5777,31.4111,0.0,2.083411,3.25533,1.089297,30,192,222,8,0.05498276,0.00062781,0.08642944,0E-8,0.000000,0.909041,0.000000,-0.09079372,2026-03-23,2026-08-06,82,2690,1181,137,0.598540,0.376650,0.410924,0.183276,,,,,,,,GLOBAL_BASELINE_NO_ENTITY_RANKING,,,NOT_APPLICABLE_GLOBAL_BASELINE,HF9g-P5,,,,X 全窗基线 · 不参与实体赏罚,6876861,688,A168_HF9F_20260827_0900,2026-08-27 09:00:00
2026-03-27,70460261,925,0,63.1961450352,63.1961450352,63.1961450352,1.0000000,2,2,0.49324550000000000,0.493245500000,1.4334489766152358,1.4334489766152358,1.4334489766152358,0E-17,ELIGIBLE,R03b_20260811_FULL_v1,L1_ELIGIBILITY,v2026-08-11,2026-03-21..2026-08-06,baccarat_bet02_101_all_pairs_incl_sentinel,round_win = game_pnl > 0 (decisive only),COMPATIBILITY_ONLY_NOT_PRODUCTION,268817.8208,244366.2908,168.7661,6248,5610,-0.00062781,-0.08642944,0.00436428,-0.00062781,-168.7661,268817.8208,OK,0.0000,6.7506,4.0000,96.0000,AG03-UNRESOLVED,ALL5_LEVELS_bet23_to_bet27,6.7506,6.7506,6.7506,8.4383,8.4383,4.000000,4.000000,4.000000,5.000000,5.000000,96.000000,96.000000,96.000000,95.000000,95.000000,5.0,37.1285,34.0107,131.6376,134.7554,PENDING_AG03,FALSE,NOT_FOR_ENFORCEMENT,162.0155,234591.6392,168.7661,162.0155,6.7506,0.00062781,0.00060270,6.7506,162.0155,0.00060270,6.7506,6.7506,6.7506,8.4383,8.4383,162.0155,0.00060270,37.1285,34.0107,131.6376,134.7554,0.00048969,0.00050129,0.00002511,43.0246,43.5591,0.0301,2.0581,0.0627,3278.2661,68.4146,17.6798,46.9397,25.7155,39.4976,52.6635,77.1466,82.2897,128.5777,31.4111,0.0,2.083411,3.25533,1.089297,30,192,222,8,0.05498276,0.00062781,0.08642944,0E-8,0.000000,0.909041,0.000000,-0.09079372,2026-03-23,2026-08-06,82,2690,1181,137,0.598540,0.376650,0.410924,0.183276,,,,,,,,GLOBAL_BASELINE_NO_ENTITY_RANKING,,,NOT_APPLICABLE_GLOBAL_BASELINE,HF9g-P5,,,,X 全窗基线 · 不参与实体赏罚,6876862,688,A168_HF9F_20260827_0900,2026-08-27 09:00:00
2026-03-27,70460261,948,0,26.3317270980,-26.3317270980,-26.3317270980,0E-7,1,1,0.50665070000000000,0.506650700000,-1.013391052207602,-1.013391052207602,-1.013391052207602,0E-17,ELIGIBLE,R03b_20260811_FULL_v1,L1_ELIGIBILITY,v2026-08-11,2026-03-21..2026-08-06,baccarat_bet02_101_all_pairs_incl_sentinel,round_win = game_pnl > 0 (decisive only),COMPATIBILITY_ONLY_NOT_PRODUCTION,268817.8208,244366.2908,168.7661,6248,5610,-0.00062781,-0.08642944,0.00436428,-0.00062781,-168.7661,268817.8208,OK,0.0000,6.7506,4.0000,96.0000,AG03-UNRESOLVED,ALL5_LEVELS_bet23_to_bet27,6.7506,6.7506,6.7506,8.4383,8.4383,4.000000,4.000000,4.000000,5.000000,5.000000,96.000000,96.000000,96.000000,95.000000,95.000000,5.0,37.1285,34.0107,131.6376,134.7554,PENDING_AG03,FALSE,NOT_FOR_ENFORCEMENT,162.0155,234591.6392,168.7661,162.0155,6.7506,0.00062781,0.00060270,6.7506,162.0155,0.00060270,6.7506,6.7506,6.7506,8.4383,8.4383,162.0155,0.00060270,37.1285,34.0107,131.6376,134.7554,0.00048969,0.00050129,0.00002511,43.0246,43.5591,0.0301,2.0581,0.0627,3278.2661,68.4146,17.6798,46.9397,25.7155,39.4976,52.6635,77.1466,82.2897,128.5777,31.4111,0.0,2.083411,3.25533,1.089297,30,192,222,8,0.05498276,0.00062781,0.08642944,0E-8,0.000000,0.909041,0.000000,-0.09079372,2026-03-23,2026-08-06,82,2690,1181,137,0.598540,0.376650,0.410924,0.183276,,,,,,,,GLOBAL_BASELINE_NO_ENTITY_RANKING,,,NOT_APPLICABLE_GLOBAL_BASELINE,HF9g-P5,,,,X 全窗基线 · 不参与实体赏罚,6876863,688,A168_HF9F_20260827_0900,2026-08-27 09:00:00
2026-03-28,70460261,-1,1,8771.3616136113,72.6229033352,72.6229033352,0.5294118,169,169,0.50442972011834320,0.504429720118,0.6180459070589853,0.6180459070674722,0.6180459070589853,3.4320E-13,SENTINEL_DEALER,R03b_20260811_FULL_v1,L1_ELIGIBILITY,v2026-08-11,2026-03-21..2026-08-06,baccarat_bet02_101_all_pairs_incl_sentinel,round_win = game_pnl > 0 (decisive only),COMPATIBILITY_ONLY_NOT_PRODUCTION,268817.8208,244366.2908,168.7661,6248,5610,-0.00062781,-0.08642944,0.00436428,-0.00062781,-168.7661,268817.8208,OK,0.0000,6.7506,4.0000,96.0000,AG03-UNRESOLVED,ALL5_LEVELS_bet23_to_bet27,6.7506,6.7506,6.7506,8.4383,8.4383,4.000000,4.000000,4.000000,5.000000,5.000000,96.000000,96.000000,96.000000,95.000000,95.000000,5.0,37.1285,34.0107,131.6376,134.7554,PENDING_AG03,FALSE,NOT_FOR_ENFORCEMENT,162.0155,234591.6392,168.7661,162.0155,6.7506,0.00062781,0.00060270,6.7506,162.0155,0.00060270,6.7506,6.7506,6.7506,8.4383,8.4383,162.0155,0.00060270,37.1285,34.0107,131.6376,134.7554,0.00048969,0.00050129,0.00002511,43.0246,43.5591,0.0301,2.0581,0.0627,3278.2661,68.4146,17.6798,46.9397,25.7155,39.4976,52.6635,77.1466,82.2897,128.5777,31.4111,0.0,2.083411,3.25533,1.089297,30,192,222,8,0.05498276,0.00062781,0.08642944,0E-8,0.000000,0.909041,0.000000,-0.09079372,2026-03-23,2026-08-06,82,2690,1181,137,0.598540,0.376650,0.410924,0.183276,,,,,,,,GLOBAL_BASELINE_NO_ENTITY_RANKING,,,NOT_APPLICABLE_GLOBAL_BASELINE,HF9g-P5,,,,X 全窗基线 · 不参与实体赏罚,6876864,688,A168_HF9F_20260827_0900,2026-08-27 09:00:00
2026-03-28,70460261,1004,0,191.9582905444,136.3983463676,136.3983463676,1.0000000,3,3,0.49771390000000000,0.497713900000,1.4206944795187548,1.420694479518755,1.4206944795187548,0E-17,ELIGIBLE,R03b_20260811_FULL_v1,L1_ELIGIBILITY,v2026-08-11,2026-03-21..2026-08-06,baccarat_bet02_101_all_pairs_incl_sentinel,round_win = game_pnl > 0 (decisive only),COMPATIBILITY_ONLY_NOT_PRODUCTION,268817.8208,244366.2908,168.7661,6248,5610,-0.00062781,-0.08642944,0.00436428,-0.00062781,-168.7661,268817.8208,OK,0.0000,6.7506,4.0000,96.0000,AG03-UNRESOLVED,ALL5_LEVELS_bet23_to_bet27,6.7506,6.7506,6.7506,8.4383,8.4383,4.000000,4.000000,4.000000,5.000000,5.000000,96.000000,96.000000,96.000000,95.000000,95.000000,5.0,37.1285,34.0107,131.6376,134.7554,PENDING_AG03,FALSE,NOT_FOR_ENFORCEMENT,162.0155,234591.6392,168.7661,162.0155,6.7506,0.00062781,0.00060270,6.7506,162.0155,0.00060270,6.7506,6.7506,6.7506,8.4383,8.4383,162.0155,0.00060270,37.1285,34.0107,131.6376,134.7554,0.00048969,0.00050129,0.00002511,43.0246,43.5591,0.0301,2.0581,0.0627,3278.2661,68.4146,17.6798,46.9397,25.7155,39.4976,52.6635,77.1466,82.2897,128.5777,31.4111,0.0,2.083411,3.25533,1.089297,30,192,222,8,0.05498276,0.00062781,0.08642944,0E-8,0.000000,0.909041,0.000000,-0.09079372,2026-03-23,2026-08-06,82,2690,1181,137,0.598540,0.376650,0.410924,0.183276,,,,,,,,GLOBAL_BASELINE_NO_ENTITY_RANKING,,,NOT_APPLICABLE_GLOBAL_BASELINE,HF9g-P5,,,,X 全窗基线 · 不参与实体赏罚,6876865,688,A168_HF9F_20260827_0900,2026-08-27 09:00:00
2026-03-28,70460261,1078,0,287.0158253682,210.1271822419,210.1271822419,1.0000000,6,6,0.50665070000000000,0.506650700000,2.2065203483183233,2.2065203483183233,2.2065203483183233,0E-17,ELIGIBLE,R03b_20260811_FULL_v1,L1_ELIGIBILITY,v2026-08-11,2026-03-21..2026-08-06,baccarat_bet02_101_all_pairs_incl_sentinel,round_win = game_pnl > 0 (decisive only),COMPATIBILITY_ONLY_NOT_PRODUCTION,268817.8208,244366.2908,168.7661,6248,5610,-0.00062781,-0.08642944,0.00436428,-0.00062781,-168.7661,268817.8208,OK,0.0000,6.7506,4.0000,96.0000,AG03-UNRESOLVED,ALL5_LEVELS_bet23_to_bet27,6.7506,6.7506,6.7506,8.4383,8.4383,4.000000,4.000000,4.000000,5.000000,5.000000,96.000000,96.000000,96.000000,95.000000,95.000000,5.0,37.1285,34.0107,131.6376,134.7554,PENDING_AG03,FALSE,NOT_FOR_ENFORCEMENT,162.0155,234591.6392,168.7661,162.0155,6.7506,0.00062781,0.00060270,6.7506,162.0155,0.00060270,6.7506,6.7506,6.7506,8.4383,8.4383,162.0155,0.00060270,37.1285,34.0107,131.6376,134.7554,0.00048969,0.00050129,0.00002511,43.0246,43.5591,0.0301,2.0581,0.0627,3278.2661,68.4146,17.6798,46.9397,25.7155,39.4976,52.6635,77.1466,82.2897,128.5777,31.4111,0.0,2.083411,3.25533,1.089297,30,192,222,8,0.05498276,0.00062781,0.08642944,0E-8,0.000000,0.909041,0.000000,-0.09079372,2026-03-23,2026-08-06,82,2690,1181,137,0.598540,0.376650,0.410924,0.183276,,,,,,,,GLOBAL_BASELINE_NO_ENTITY_RANKING,,,NOT_APPLICABLE_GLOBAL_BASELINE,HF9g-P5,,,,X 全窗基线 · 不参与实体赏罚,6876866,688,A168_HF9F_20260827_0900,2026-08-27 09:00:00
2026-03-28,70460261,1094,0,63.1961450352,-63.1961450352,-63.1961450352,0E-7,2,2,0.50665070000000000,0.506650700000,-1.4331513700195317,-1.4331513700195317,-1.4331513700195317,0E-17,ELIGIBLE,R03b_20260811_FULL_v1,L1_ELIGIBILITY,v2026-08-11,2026-03-21..2026-08-06,baccarat_bet02_101_all_pairs_incl_sentinel,round_win = game_pnl > 0 (decisive only),COMPATIBILITY_ONLY_NOT_PRODUCTION,268817.8208,244366.2908,168.7661,6248,5610,-0.00062781,-0.08642944,0.00436428,-0.00062781,-168.7661,268817.8208,OK,0.0000,6.7506,4.0000,96.0000,AG03-UNRESOLVED,ALL5_LEVELS_bet23_to_bet27,6.7506,6.7506,6.7506,8.4383,8.4383,4.000000,4.000000,4.000000,5.000000,5.000000,96.000000,96.000000,96.000000,95.000000,95.000000,5.0,37.1285,34.0107,131.6376,134.7554,PENDING_AG03,FALSE,NOT_FOR_ENFORCEMENT,162.0155,234591.6392,168.7661,162.0155,6.7506,0.00062781,0.00060270,6.7506,162.0155,0.00060270,6.7506,6.7506,6.7506,8.4383,8.4383,162.0155,0.00060270,37.1285,34.0107,131.6376,134.7554,0.00048969,0.00050129,0.00002511,43.0246,43.5591,0.0301,2.0581,0.0627,3278.2661,68.4146,17.6798,46.9397,25.7155,39.4976,52.6635,77.1466,82.2897,128.5777,31.4111,0.0,2.083411,3.25533,1.089297,30,192,222,8,0.05498276,0.00062781,0.08642944,0E-8,0.000000,0.909041,0.000000,-0.09079372,2026-03-23,2026-08-06,82,2690,1181,137,0.598540,0.376650,0.410924,0.183276,,,,,,,,GLOBAL_BASELINE_NO_ENTITY_RANKING,,,NOT_APPLICABLE_GLOBAL_BASELINE,HF9g-P5,,,,X 全窗基线 · 不参与实体赏罚,6876867,688,A168_HF9F_20260827_0900,2026-08-27 09:00:00
2026-03-28,70460261,1109,0,76.3620085841,-76.3620085841,-76.3620085841,0E-7,1,1,0.50665070000000000,0.506650700000,-1.013391052207602,-1.013391052207602,-1.013391052207602,0E-17,ELIGIBLE,R03b_20260811_FULL_v1,L1_ELIGIBILITY,v2026-08-11,2026-03-21..2026-08-06,baccarat_bet02_101_all_pairs_incl_sentinel,round_win = game_pnl > 0 (decisive only),COMPATIBILITY_ONLY_NOT_PRODUCTION,268817.8208,244366.2908,168.7661,6248,5610,-0.00062781,-0.08642944,0.00436428,-0.00062781,-168.7661,268817.8208,OK,0.0000,6.7506,4.0000,96.0000,AG03-UNRESOLVED,ALL5_LEVELS_bet23_to_bet27,6.7506,6.7506,6.7506,8.4383,8.4383,4.000000,4.000000,4.000000,5.000000,5.000000,96.000000,96.000000,96.000000,95.000000,95.000000,5.0,37.1285,34.0107,131.6376,134.7554,PENDING_AG03,FALSE,NOT_FOR_ENFORCEMENT,162.0155,234591.6392,168.7661,162.0155,6.7506,0.00062781,0.00060270,6.7506,162.0155,0.00060270,6.7506,6.7506,6.7506,8.4383,8.4383,162.0155,0.00060270,37.1285,34.0107,131.6376,134.7554,0.00048969,0.00050129,0.00002511,43.0246,43.5591,0.0301,2.0581,0.0627,3278.2661,68.4146,17.6798,46.9397,25.7155,39.4976,52.6635,77.1466,82.2897,128.5777,31.4111,0.0,2.083411,3.25533,1.089297,30,192,222,8,0.05498276,0.00062781,0.08642944,0E-8,0.000000,0.909041,0.000000,-0.09079372,2026-03-23,2026-08-06,82,2690,1181,137,0.598540,0.376650,0.410924,0.183276,,,,,,,,GLOBAL_BASELINE_NO_ENTITY_RANKING,,,NOT_APPLICABLE_GLOBAL_BASELINE,HF9g-P5,,,,X 全窗基线 · 不参与实体赏罚,6876868,688,A168_HF9F_20260827_0900,2026-08-27 09:00:00
2026-03-28,70460261,1115,0,136.9249809095,-50.0302814862,-50.0302814862,0E-7,2,2,0.50665070000000000,0.506650700000,-1.013391052207602,-1.013391052207602,-1.013391052207602,0E-17,ELIGIBLE,R03b_20260811_FULL_v1,L1_ELIGIBILITY,v2026-08-11,2026-03-21..2026-08-06,baccarat_bet02_101_all_pairs_incl_sentinel,round_win = game_pnl > 0 (decisive only),COMPATIBILITY_ONLY_NOT_PRODUCTION,268817.8208,244366.2908,168.7661,6248,5610,-0.00062781,-0.08642944,0.00436428,-0.00062781,-168.7661,268817.8208,OK,0.0000,6.7506,4.0000,96.0000,AG03-UNRESOLVED,ALL5_LEVELS_bet23_to_bet27,6.7506,6.7506,6.7506,8.4383,8.4383,4.000000,4.000000,4.000000,5.000000,5.000000,96.000000,96.000000,96.000000,95.000000,95.000000,5.0,37.1285,34.0107,131.6376,134.7554,PENDING_AG03,FALSE,NOT_FOR_ENFORCEMENT,162.0155,234591.6392,168.7661,162.0155,6.7506,0.00062781,0.00060270,6.7506,162.0155,0.00060270,6.7506,6.7506,6.7506,8.4383,8.4383,162.0155,0.00060270,37.1285,34.0107,131.6376,134.7554,0.00048969,0.00050129,0.00002511,43.0246,43.5591,0.0301,2.0581,0.0627,3278.2661,68.4146,17.6798,46.9397,25.7155,39.4976,52.6635,77.1466,82.2897,128.5777,31.4111,0.0,2.083411,3.25533,1.089297,30,192,222,8,0.05498276,0.00062781,0.08642944,0E-8,0.000000,0.909041,0.000000,-0.09079372,2026-03-23,2026-08-06,82,2690,1181,137,0.598540,0.376650,0.410924,0.183276,,,,,,,,GLOBAL_BASELINE_NO_ENTITY_RANKING,,,NOT_APPLICABLE_GLOBAL_BASELINE,HF9g-P5,,,,X 全窗基线 · 不参与实体赏罚,6876869,688,A168_HF9F_20260827_0900,2026-08-27 09:00:00
2026-03-28,70460261,1150,0,26.3317270980,0E-10,0E-10,,1,1,0.50665070000000000,0.506650700000,,,,0E-17,NO_DECISIVE_ROUND,R03b_20260811_FULL_v1,L1_ELIGIBILITY,v2026-08-11,2026-03-21..2026-08-06,baccarat_bet02_101_all_pairs_incl_sentinel,round_win = game_pnl > 0 (decisive only),COMPATIBILITY_ONLY_NOT_PRODUCTION,268817.8208,244366.2908,168.7661,6248,5610,-0.00062781,-0.08642944,0.00436428,-0.00062781,-168.7661,268817.8208,OK,0.0000,6.7506,4.0000,96.0000,AG03-UNRESOLVED,ALL5_LEVELS_bet23_to_bet27,6.7506,6.7506,6.7506,8.4383,8.4383,4.000000,4.000000,4.000000,5.000000,5.000000,96.000000,96.000000,96.000000,95.000000,95.000000,5.0,37.1285,34.0107,131.6376,134.7554,PENDING_AG03,FALSE,NOT_FOR_ENFORCEMENT,162.0155,234591.6392,168.7661,162.0155,6.7506,0.00062781,0.00060270,6.7506,162.0155,0.00060270,6.7506,6.7506,6.7506,8.4383,8.4383,162.0155,0.00060270,37.1285,34.0107,131.6376,134.7554,0.00048969,0.00050129,0.00002511,43.0246,43.5591,0.0301,2.0581,0.0627,3278.2661,68.4146,17.6798,46.9397,25.7155,39.4976,52.6635,77.1466,82.2897,128.5777,31.4111,0.0,2.083411,3.25533,1.089297,30,192,222,8,0.05498276,0.00062781,0.08642944,0E-8,0.000000,0.909041,0.000000,-0.09079372,2026-03-23,2026-08-06,82,2690,1181,137,0.598540,0.376650,0.410924,0.183276,,,,,,,,GLOBAL_BASELINE_NO_ENTITY_RANKING,,,NOT_APPLICABLE_GLOBAL_BASELINE,HF9g-P5,,,,X 全窗基线 · 不参与实体赏罚,6876870,688,A168_HF9F_20260827_0900,2026-08-27 09:00:00
2026-03-28,70460261,1157,0,71.0956631646,-26.3317270980,-26.3317270980,0E-7,2,2,0.50665070000000000,0.506650700000,-1.013391052207602,-1.013391052207602,-1.013391052207602,0E-17,ELIGIBLE,R03b_20260811_FULL_v1,L1_ELIGIBILITY,v2026-08-11,2026-03-21..2026-08-06,baccarat_bet02_101_all_pairs_incl_sentinel,round_win = game_pnl > 0 (decisive only),COMPATIBILITY_ONLY_NOT_PRODUCTION,268817.8208,244366.2908,168.7661,6248,5610,-0.00062781,-0.08642944,0.00436428,-0.00062781,-168.7661,268817.8208,OK,0.0000,6.7506,4.0000,96.0000,AG03-UNRESOLVED,ALL5_LEVELS_bet23_to_bet27,6.7506,6.7506,6.7506,8.4383,8.4383,4.000000,4.000000,4.000000,5.000000,5.000000,96.000000,96.000000,96.000000,95.000000,95.000000,5.0,37.1285,34.0107,131.6376,134.7554,PENDING_AG03,FALSE,NOT_FOR_ENFORCEMENT,162.0155,234591.6392,168.7661,162.0155,6.7506,0.00062781,0.00060270,6.7506,162.0155,0.00060270,6.7506,6.7506,6.7506,8.4383,8.4383,162.0155,0.00060270,37.1285,34.0107,131.6376,134.7554,0.00048969,0.00050129,0.00002511,43.0246,43.5591,0.0301,2.0581,0.0627,3278.2661,68.4146,17.6798,46.9397,25.7155,39.4976,52.6635,77.1466,82.2897,128.5777,31.4111,0.0,2.083411,3.25533,1.089297,30,192,222,8,0.05498276,0.00062781,0.08642944,0E-8,0.000000,0.909041,0.000000,-0.09079372,2026-03-23,2026-08-06,82,2690,1181,137,0.598540,0.376650,0.410924,0.183276,,,,,,,,GLOBAL_BASELINE_NO_ENTITY_RANKING,,,NOT_APPLICABLE_GLOBAL_BASELINE,HF9g-P5,,,,X 全窗基线 · 不参与实体赏罚,6876871,688,A168_HF9F_20260827_0900,2026-08-27 09:00:00
2026-03-28,70460261,1210,0,373.9105247914,-215.9201622034,-215.9201622034,0.2000000,6,6,0.50218230000000000,0.502182300000,-1.351413200886205,-1.351413200886205,-1.351413200886205,0E-17,ELIGIBLE,R03b_20260811_FULL_v1,L1_ELIGIBILITY,v2026-08-11,2026-03-21..2026-08-06,baccarat_bet02_101_all_pairs_incl_sentinel,round_win = game_pnl > 0 (decisive only),COMPATIBILITY_ONLY_NOT_PRODUCTION,268817.8208,244366.2908,168.7661,6248,5610,-0.00062781,-0.08642944,0.00436428,-0.00062781,-168.7661,268817.8208,OK,0.0000,6.7506,4.0000,96.0000,AG03-UNRESOLVED,ALL5_LEVELS_bet23_to_bet27,6.7506,6.7506,6.7506,8.4383,8.4383,4.000000,4.000000,4.000000,5.000000,5.000000,96.000000,96.000000,96.000000,95.000000,95.000000,5.0,37.1285,34.0107,131.6376,134.7554,PENDING_AG03,FALSE,NOT_FOR_ENFORCEMENT,162.0155,234591.6392,168.7661,162.0155,6.7506,0.00062781,0.00060270,6.7506,162.0155,0.00060270,6.7506,6.7506,6.7506,8.4383,8.4383,162.0155,0.00060270,37.1285,34.0107,131.6376,134.7554,0.00048969,0.00050129,0.00002511,43.0246,43.5591,0.0301,2.0581,0.0627,3278.2661,68.4146,17.6798,46.9397,25.7155,39.4976,52.6635,77.1466,82.2897,128.5777,31.4111,0.0,2.083411,3.25533,1.089297,30,192,222,8,0.05498276,0.00062781,0.08642944,0E-8,0.000000,0.909041,0.000000,-0.09079372,2026-03-23,2026-08-06,82,2690,1181,137,0.598540,0.376650,0.410924,0.183276,,,,,,,,GLOBAL_BASELINE_NO_ENTITY_RANKING,,,NOT_APPLICABLE_GLOBAL_BASELINE,HF9g-P5,,,,X 全窗基线 · 不参与实体赏罚,6876872,688,A168_HF9F_20260827_0900,2026-08-27 09:00:00
2026-03-28,70460261,1291,0,133.7651736578,-26.9636885484,-26.9636885484,0.3333333,3,3,0.50665070000000000,0.506650700000,-0.6004420894325239,-0.6004420894325239,-0.6004420894325239,0E-17,ELIGIBLE,R03b_20260811_FULL_v1,L1_ELIGIBILITY,v2026-08-11,2026-03-21..2026-08-06,baccarat_bet02_101_all_pairs_incl_sentinel,round_win = game_pnl > 0 (decisive only),COMPATIBILITY_ONLY_NOT_PRODUCTION,268817.8208,244366.2908,168.7661,6248,5610,-0.00062781,-0.08642944,0.00436428,-0.00062781,-168.7661,268817.8208,OK,0.0000,6.7506,4.0000,96.0000,AG03-UNRESOLVED,ALL5_LEVELS_bet23_to_bet27,6.7506,6.7506,6.7506,8.4383,8.4383,4.000000,4.000000,4.000000,5.000000,5.000000,96.000000,96.000000,96.000000,95.000000,95.000000,5.0,37.1285,34.0107,131.6376,134.7554,PENDING_AG03,FALSE,NOT_FOR_ENFORCEMENT,162.0155,234591.6392,168.7661,162.0155,6.7506,0.00062781,0.00060270,6.7506,162.0155,0.00060270,6.7506,6.7506,6.7506,8.4383,8.4383,162.0155,0.00060270,37.1285,34.0107,131.6376,134.7554,0.00048969,0.00050129,0.00002511,43.0246,43.5591,0.0301,2.0581,0.0627,3278.2661,68.4146,17.6798,46.9397,25.7155,39.4976,52.6635,77.1466,82.2897,128.5777,31.4111,0.0,2.083411,3.25533,1.089297,30,192,222,8,0.05498276,0.00062781,0.08642944,0E-8,0.000000,0.909041,0.000000,-0.09079372,2026-03-23,2026-08-06,82,2690,1181,137,0.598540,0.376650,0.410924,0.183276,,,,,,,,GLOBAL_BASELINE_NO_ENTITY_RANKING,,,NOT_APPLICABLE_GLOBAL_BASELINE,HF9g-P5,,,,X 全窗基线 · 不参与实体赏罚,6876873,688,A168_HF9F_20260827_0900,2026-08-27 09:00:00
2026-03-28,70460261,1304,0,140.0847881613,14.9827527187,14.9827527187,0.5000000,2,2,0.50665070000000000,0.506650700000,-0.018812684590367487,-0.018812684590367487,-0.018812684590367487,0E-17,ELIGIBLE,R03b_20260811_FULL_v1,L1_ELIGIBILITY,v2026-08-11,2026-03-21..2026-08-06,baccarat_bet02_101_all_pairs_incl_sentinel,round_win = game_pnl > 0 (decisive only),COMPATIBILITY_ONLY_NOT_PRODUCTION,268817.8208,244366.2908,168.7661,6248,5610,-0.00062781,-0.08642944,0.00436428,-0.00062781,-168.7661,268817.8208,OK,0.0000,6.7506,4.0000,96.0000,AG03-UNRESOLVED,ALL5_LEVELS_bet23_to_bet27,6.7506,6.7506,6.7506,8.4383,8.4383,4.000000,4.000000,4.000000,5.000000,5.000000,96.000000,96.000000,96.000000,95.000000,95.000000,5.0,37.1285,34.0107,131.6376,134.7554,PENDING_AG03,FALSE,NOT_FOR_ENFORCEMENT,162.0155,234591.6392,168.7661,162.0155,6.7506,0.00062781,0.00060270,6.7506,162.0155,0.00060270,6.7506,6.7506,6.7506,8.4383,8.4383,162.0155,0.00060270,37.1285,34.0107,131.6376,134.7554,0.00048969,0.00050129,0.00002511,43.0246,43.5591,0.0301,2.0581,0.0627,3278.2661,68.4146,17.6798,46.9397,25.7155,39.4976,52.6635,77.1466,82.2897,128.5777,31.4111,0.0,2.083411,3.25533,1.089297,30,192,222,8,0.05498276,0.00062781,0.08642944,0E-8,0.000000,0.909041,0.000000,-0.09079372,2026-03-23,2026-08-06,82,2690,1181,137,0.598540,0.376650,0.410924,0.183276,,,,,,,,GLOBAL_BASELINE_NO_ENTITY_RANKING,,,NOT_APPLICABLE_GLOBAL_BASELINE,HF9g-P5,,,,X 全窗基线 · 不参与实体赏罚,6876874,688,A168_HF9F_20260827_0900,2026-08-27 09:00:00
2026-03-28,70460261,1307,0,261.4740500831,111.2120493983,111.2120493983,0.6666667,6,6,0.50218230000000000,0.502182300000,0.8058132132962729,0.8058132132962729,0.8058132132962729,0E-17,ELIGIBLE,R03b_20260811_FULL_v1,L1_ELIGIBILITY,v2026-08-11,2026-03-21..2026-08-06,baccarat_bet02_101_all_pairs_incl_sentinel,round_win = game_pnl > 0 (decisive only),COMPATIBILITY_ONLY_NOT_PRODUCTION,268817.8208,244366.2908,168.7661,6248,5610,-0.00062781,-0.08642944,0.00436428,-0.00062781,-168.7661,268817.8208,OK,0.0000,6.7506,4.0000,96.0000,AG03-UNRESOLVED,ALL5_LEVELS_bet23_to_bet27,6.7506,6.7506,6.7506,8.4383,8.4383,4.000000,4.000000,4.000000,5.000000,5.000000,96.000000,96.000000,96.000000,95.000000,95.000000,5.0,37.1285,34.0107,131.6376,134.7554,PENDING_AG03,FALSE,NOT_FOR_ENFORCEMENT,162.0155,234591.6392,168.7661,162.0155,6.7506,0.00062781,0.00060270,6.7506,162.0155,0.00060270,6.7506,6.7506,6.7506,8.4383,8.4383,162.0155,0.00060270,37.1285,34.0107,131.6376,134.7554,0.00048969,0.00050129,0.00002511,43.0246,43.5591,0.0301,2.0581,0.0627,3278.2661,68.4146,17.6798,46.9397,25.7155,39.4976,52.6635,77.1466,82.2897,128.5777,31.4111,0.0,2.083411,3.25533,1.089297,30,192,222,8,0.05498276,0.00062781,0.08642944,0E-8,0.000000,0.909041,0.000000,-0.09079372,2026-03-23,2026-08-06,82,2690,1181,137,0.598540,0.376650,0.410924,0.183276,,,,,,,,GLOBAL_BASELINE_NO_ENTITY_RANKING,,,NOT_APPLICABLE_GLOBAL_BASELINE,HF9g-P5,,,,X 全窗基线 · 不参与实体赏罚,6876875,688,A168_HF9F_20260827_0900,2026-08-27 09:00:00
2026-03-28,70460261,1323,0,102.6937356822,-102.6937356822,-102.6937356822,0E-7,2,2,0.50665070000000000,0.506650700000,-1.4331513700195317,-1.4331513700195317,-1.4331513700195317,0E-17,ELIGIBLE,R03b_20260811_FULL_v1,L1_ELIGIBILITY,v2026-08-11,2026-03-21..2026-08-06,baccarat_bet02_101_all_pairs_incl_sentinel,round_win = game_pnl > 0 (decisive only),COMPATIBILITY_ONLY_NOT_PRODUCTION,268817.8208,244366.2908,168.7661,6248,5610,-0.00062781,-0.08642944,0.00436428,-0.00062781,-168.7661,268817.8208,OK,0.0000,6.7506,4.0000,96.0000,AG03-UNRESOLVED,ALL5_LEVELS_bet23_to_bet27,6.7506,6.7506,6.7506,8.4383,8.4383,4.000000,4.000000,4.000000,5.000000,5.000000,96.000000,96.000000,96.000000,95.000000,95.000000,5.0,37.1285,34.0107,131.6376,134.7554,PENDING_AG03,FALSE,NOT_FOR_ENFORCEMENT,162.0155,234591.6392,168.7661,162.0155,6.7506,0.00062781,0.00060270,6.7506,162.0155,0.00060270,6.7506,6.7506,6.7506,8.4383,8.4383,162.0155,0.00060270,37.1285,34.0107,131.6376,134.7554,0.00048969,0.00050129,0.00002511,43.0246,43.5591,0.0301,2.0581,0.0627,3278.2661,68.4146,17.6798,46.9397,25.7155,39.4976,52.6635,77.1466,82.2897,128.5777,31.4111,0.0,2.083411,3.25533,1.089297,30,192,222,8,0.05498276,0.00062781,0.08642944,0E-8,0.000000,0.909041,0.000000,-0.09079372,2026-03-23,2026-08-06,82,2690,1181,137,0.598540,0.376650,0.410924,0.183276,,,,,,,,GLOBAL_BASELINE_NO_ENTITY_RANKING,,,NOT_APPLICABLE_GLOBAL_BASELINE,HF9g-P5,,,,X 全窗基线 · 不参与实体赏罚,6876876,688,A168_HF9F_20260827_0900,2026-08-27 09:00:00
2026-03-28,70460261,1325,0,136.9249809096,-136.9249809096,-136.9249809096,0E-7,4,4,0.50329940000000000,0.503299400000,-2.013241432932159,-2.013241432932159,-2.013241432932159,0E-17,ELIGIBLE,R03b_20260811_FULL_v1,L1_ELIGIBILITY,v2026-08-11,2026-03-21..2026-08-06,baccarat_bet02_101_all_pairs_incl_sentinel,round_win = game_pnl > 0 (decisive only),COMPATIBILITY_ONLY_NOT_PRODUCTION,268817.8208,244366.2908,168.7661,6248,5610,-0.00062781,-0.08642944,0.00436428,-0.00062781,-168.7661,268817.8208,OK,0.0000,6.7506,4.0000,96.0000,AG03-UNRESOLVED,ALL5_LEVELS_bet23_to_bet27,6.7506,6.7506,6.7506,8.4383,8.4383,4.000000,4.000000,4.000000,5.000000,5.000000,96.000000,96.000000,96.000000,95.000000,95.000000,5.0,37.1285,34.0107,131.6376,134.7554,PENDING_AG03,FALSE,NOT_FOR_ENFORCEMENT,162.0155,234591.6392,168.7661,162.0155,6.7506,0.00062781,0.00060270,6.7506,162.0155,0.00060270,6.7506,6.7506,6.7506,8.4383,8.4383,162.0155,0.00060270,37.1285,34.0107,131.6376,134.7554,0.00048969,0.00050129,0.00002511,43.0246,43.5591,0.0301,2.0581,0.0627,3278.2661,68.4146,17.6798,46.9397,25.7155,39.4976,52.6635,77.1466,82.2897,128.5777,31.4111,0.0,2.083411,3.25533,1.089297,30,192,222,8,0.05498276,0.00062781,0.08642944,0E-8,0.000000,0.909041,0.000000,-0.09079372,2026-03-23,2026-08-06,82,2690,1181,137,0.598540,0.376650,0.410924,0.183276,,,,,,,,GLOBAL_BASELINE_NO_ENTITY_RANKING,,,NOT_APPLICABLE_GLOBAL_BASELINE,HF9g-P5,,,,X 全窗基线 · 不参与实体赏罚,6876877,688,A168_HF9F_20260827_0900,2026-08-27 09:00:00
2026-03-28,70460261,1330,0,78.9951812940,-78.9951812940,-78.9951812940,0E-7,2,2,0.49994810000000000,0.499948100000,-1.4140667746232096,-1.4140667746232096,-1.4140667746232096,0E-17,ELIGIBLE,R03b_20260811_FULL_v1,L1_ELIGIBILITY,v2026-08-11,2026-03-21..2026-08-06,baccarat_bet02_101_all_pairs_incl_sentinel,round_win = game_pnl > 0 (decisive only),COMPATIBILITY_ONLY_NOT_PRODUCTION,268817.8208,244366.2908,168.7661,6248,5610,-0.00062781,-0.08642944,0.00436428,-0.00062781,-168.7661,268817.8208,OK,0.0000,6.7506,4.0000,96.0000,AG03-UNRESOLVED,ALL5_LEVELS_bet23_to_bet27,6.7506,6.7506,6.7506,8.4383,8.4383,4.000000,4.000000,4.000000,5.000000,5.000000,96.000000,96.000000,96.000000,95.000000,95.000000,5.0,37.1285,34.0107,131.6376,134.7554,PENDING_AG03,FALSE,NOT_FOR_ENFORCEMENT,162.0155,234591.6392,168.7661,162.0155,6.7506,0.00062781,0.00060270,6.7506,162.0155,0.00060270,6.7506,6.7506,6.7506,8.4383,8.4383,162.0155,0.00060270,37.1285,34.0107,131.6376,134.7554,0.00048969,0.00050129,0.00002511,43.0246,43.5591,0.0301,2.0581,0.0627,3278.2661,68.4146,17.6798,46.9397,25.7155,39.4976,52.6635,77.1466,82.2897,128.5777,31.4111,0.0,2.083411,3.25533,1.089297,30,192,222,8,0.05498276,0.00062781,0.08642944,0E-8,0.000000,0.909041,0.000000,-0.09079372,2026-03-23,2026-08-06,82,2690,1181,137,0.598540,0.376650,0.410924,0.183276,,,,,,,,GLOBAL_BASELINE_NO_ENTITY_RANKING,,,NOT_APPLICABLE_GLOBAL_BASELINE,HF9g-P5,,,,X 全窗基线 · 不参与实体赏罚,6876878,688,A168_HF9F_20260827_0900,2026-08-27 09:00:00
2026-03-28,70460261,1331,0,218.5533349134,-115.8595992312,-115.8595992312,0.2000000,5,5,0.50396966000000000,0.503969660000,-1.3594364909357963,-1.3594364909357963,-1.3594364909357963,0E-17,ELIGIBLE,R03b_20260811_FULL_v1,L1_ELIGIBILITY,v2026-08-11,2026-03-21..2026-08-06,baccarat_bet02_101_all_pairs_incl_sentinel,round_win = game_pnl > 0 (decisive only),COMPATIBILITY_ONLY_NOT_PRODUCTION,268817.8208,244366.2908,168.7661,6248,5610,-0.00062781,-0.08642944,0.00436428,-0.00062781,-168.7661,268817.8208,OK,0.0000,6.7506,4.0000,96.0000,AG03-UNRESOLVED,ALL5_LEVELS_bet23_to_bet27,6.7506,6.7506,6.7506,8.4383,8.4383,4.000000,4.000000,4.000000,5.000000,5.000000,96.000000,96.000000,96.000000,95.000000,95.000000,5.0,37.1285,34.0107,131.6376,134.7554,PENDING_AG03,FALSE,NOT_FOR_ENFORCEMENT,162.0155,234591.6392,168.7661,162.0155,6.7506,0.00062781,0.00060270,6.7506,162.0155,0.00060270,6.7506,6.7506,6.7506,8.4383,8.4383,162.0155,0.00060270,37.1285,34.0107,131.6376,134.7554,0.00048969,0.00050129,0.00002511,43.0246,43.5591,0.0301,2.0581,0.0627,3278.2661,68.4146,17.6798,46.9397,25.7155,39.4976,52.6635,77.1466,82.2897,128.5777,31.4111,0.0,2.083411,3.25533,1.089297,30,192,222,8,0.05498276,0.00062781,0.08642944,0E-8,0.000000,0.909041,0.000000,-0.09079372,2026-03-23,2026-08-06,82,2690,1181,137,0.598540,0.376650,0.410924,0.183276,,,,,,,,GLOBAL_BASELINE_NO_ENTITY_RANKING,,,NOT_APPLICABLE_GLOBAL_BASELINE,HF9g-P5,,,,X 全窗基线 · 不参与实体赏罚,6876879,688,A168_HF9F_20260827_0900,2026-08-27 09:00:00
2026-03-28,70460261,1354,0,78.7318640230,-26.5950443690,-26.5950443690,0.5000000,2,2,0.49324550000000000,0.493245500000,0.01910635448239258,0.01910635448239258,0.01910635448239258,0E-17,ELIGIBLE,R03b_20260811_FULL_v1,L1_ELIGIBILITY,v2026-08-11,2026-03-21..2026-08-06,baccarat_bet02_101_all_pairs_incl_sentinel,round_win = game_pnl > 0 (decisive only),COMPATIBILITY_ONLY_NOT_PRODUCTION,268817.8208,244366.2908,168.7661,6248,5610,-0.00062781,-0.08642944,0.00436428,-0.00062781,-168.7661,268817.8208,OK,0.0000,6.7506,4.0000,96.0000,AG03-UNRESOLVED,ALL5_LEVELS_bet23_to_bet27,6.7506,6.7506,6.7506,8.4383,8.4383,4.000000,4.000000,4.000000,5.000000,5.000000,96.000000,96.000000,96.000000,95.000000,95.000000,5.0,37.1285,34.0107,131.6376,134.7554,PENDING_AG03,FALSE,NOT_FOR_ENFORCEMENT,162.0155,234591.6392,168.7661,162.0155,6.7506,0.00062781,0.00060270,6.7506,162.0155,0.00060270,6.7506,6.7506,6.7506,8.4383,8.4383,162.0155,0.00060270,37.1285,34.0107,131.6376,134.7554,0.00048969,0.00050129,0.00002511,43.0246,43.5591,0.0301,2.0581,0.0627,3278.2661,68.4146,17.6798,46.9397,25.7155,39.4976,52.6635,77.1466,82.2897,128.5777,31.4111,0.0,2.083411,3.25533,1.089297,30,192,222,8,0.05498276,0.00062781,0.08642944,0E-8,0.000000,0.909041,0.000000,-0.09079372,2026-03-23,2026-08-06,82,2690,1181,137,0.598540,0.376650,0.410924,0.183276,,,,,,,,GLOBAL_BASELINE_NO_ENTITY_RANKING,,,NOT_APPLICABLE_GLOBAL_BASELINE,HF9g-P5,,,,X 全窗基线 · 不参与实体赏罚,6876880,688,A168_HF9F_20260827_0900,2026-08-27 09:00:00
2026-03-28,70460261,1363,0,115.8595992312,-39.4975906470,-39.4975906470,0E-7,3,3,0.50665070000000000,0.506650700000,-1.013391052207602,-1.013391052207602,-1.013391052207602,0E-17,ELIGIBLE,R03b_20260811_FULL_v1,L1_ELIGIBILITY,v2026-08-11,2026-03-21..2026-08-06,baccarat_bet02_101_all_pairs_incl_sentinel,round_win = game_pnl > 0 (decisive only),COMPATIBILITY_ONLY_NOT_PRODUCTION,268817.8208,244366.2908,168.7661,6248,5610,-0.00062781,-0.08642944,0.00436428,-0.00062781,-168.7661,268817.8208,OK,0.0000,6.7506,4.0000,96.0000,AG03-UNRESOLVED,ALL5_LEVELS_bet23_to_bet27,6.7506,6.7506,6.7506,8.4383,8.4383,4.000000,4.000000,4.000000,5.000000,5.000000,96.000000,96.000000,96.000000,95.000000,95.000000,5.0,37.1285,34.0107,131.6376,134.7554,PENDING_AG03,FALSE,NOT_FOR_ENFORCEMENT,162.0155,234591.6392,168.7661,162.0155,6.7506,0.00062781,0.00060270,6.7506,162.0155,0.00060270,6.7506,6.7506,6.7506,8.4383,8.4383,162.0155,0.00060270,37.1285,34.0107,131.6376,134.7554,0.00048969,0.00050129,0.00002511,43.0246,43.5591,0.0301,2.0581,0.0627,3278.2661,68.4146,17.6798,46.9397,25.7155,39.4976,52.6635,77.1466,82.2897,128.5777,31.4111,0.0,2.083411,3.25533,1.089297,30,192,222,8,0.05498276,0.00062781,0.08642944,0E-8,0.000000,0.909041,0.000000,-0.09079372,2026-03-23,2026-08-06,82,2690,1181,137,0.598540,0.376650,0.410924,0.183276,,,,,,,,GLOBAL_BASELINE_NO_ENTITY_RANKING,,,NOT_APPLICABLE_GLOBAL_BASELINE,HF9g-P5,,,,X 全窗基线 · 不参与实体赏罚,6876881,688,A168_HF9F_20260827_0900,2026-08-27 09:00:00
2026-03-28,70460261,1374,0,184.3220896859,-105.3269083920,-105.3269083920,0E-7,3,3,0.50665070000000000,0.506650700000,-1.4331513700195317,-1.4331513700195317,-1.4331513700195317,0E-17,ELIGIBLE,R03b_20260811_FULL_v1,L1_ELIGIBILITY,v2026-08-11,2026-03-21..2026-08-06,baccarat_bet02_101_all_pairs_incl_sentinel,round_win = game_pnl > 0 (decisive only),COMPATIBILITY_ONLY_NOT_PRODUCTION,268817.8208,244366.2908,168.7661,6248,5610,-0.00062781,-0.08642944,0.00436428,-0.00062781,-168.7661,268817.8208,OK,0.0000,6.7506,4.0000,96.0000,AG03-UNRESOLVED,ALL5_LEVELS_bet23_to_bet27,6.7506,6.7506,6.7506,8.4383,8.4383,4.000000,4.000000,4.000000,5.000000,5.000000,96.000000,96.000000,96.000000,95.000000,95.000000,5.0,37.1285,34.0107,131.6376,134.7554,PENDING_AG03,FALSE,NOT_FOR_ENFORCEMENT,162.0155,234591.6392,168.7661,162.0155,6.7506,0.00062781,0.00060270,6.7506,162.0155,0.00060270,6.7506,6.7506,6.7506,8.4383,8.4383,162.0155,0.00060270,37.1285,34.0107,131.6376,134.7554,0.00048969,0.00050129,0.00002511,43.0246,43.5591,0.0301,2.0581,0.0627,3278.2661,68.4146,17.6798,46.9397,25.7155,39.4976,52.6635,77.1466,82.2897,128.5777,31.4111,0.0,2.083411,3.25533,1.089297,30,192,222,8,0.05498276,0.00062781,0.08642944,0E-8,0.000000,0.909041,0.000000,-0.09079372,2026-03-23,2026-08-06,82,2690,1181,137,0.598540,0.376650,0.410924,0.183276,,,,,,,,GLOBAL_BASELINE_NO_ENTITY_RANKING,,,NOT_APPLICABLE_GLOBAL_BASELINE,HF9g-P5,,,,X 全窗基线 · 不参与实体赏罚,6876882,688,A168_HF9F_20260827_0900,2026-08-27 09:00:00
2026-03-28,70460261,1382,0,940.0426573983,166.5481738947,166.5481738947,0.6111111,20,20,0.50598044000000000,0.505980440000,0.8921271427596196,0.8921271427596195,0.8921271427596196,0E-17,ELIGIBLE,R03b_20260811_FULL_v1,L1_ELIGIBILITY,v2026-08-11,2026-03-21..2026-08-06,baccarat_bet02_101_all_pairs_incl_sentinel,round_win = game_pnl > 0 (decisive only),COMPATIBILITY_ONLY_NOT_PRODUCTION,268817.8208,244366.2908,168.7661,6248,5610,-0.00062781,-0.08642944,0.00436428,-0.00062781,-168.7661,268817.8208,OK,0.0000,6.7506,4.0000,96.0000,AG03-UNRESOLVED,ALL5_LEVELS_bet23_to_bet27,6.7506,6.7506,6.7506,8.4383,8.4383,4.000000,4.000000,4.000000,5.000000,5.000000,96.000000,96.000000,96.000000,95.000000,95.000000,5.0,37.1285,34.0107,131.6376,134.7554,PENDING_AG03,FALSE,NOT_FOR_ENFORCEMENT,162.0155,234591.6392,168.7661,162.0155,6.7506,0.00062781,0.00060270,6.7506,162.0155,0.00060270,6.7506,6.7506,6.7506,8.4383,8.4383,162.0155,0.00060270,37.1285,34.0107,131.6376,134.7554,0.00048969,0.00050129,0.00002511,43.0246,43.5591,0.0301,2.0581,0.0627,3278.2661,68.4146,17.6798,46.9397,25.7155,39.4976,52.6635,77.1466,82.2897,128.5777,31.4111,0.0,2.083411,3.25533,1.089297,30,192,222,8,0.05498276,0.00062781,0.08642944,0E-8,0.000000,0.909041,0.000000,-0.09079372,2026-03-23,2026-08-06,82,2690,1181,137,0.598540,0.376650,0.410924,0.183276,,,,,,,,GLOBAL_BASELINE_NO_ENTITY_RANKING,,,NOT_APPLICABLE_GLOBAL_BASELINE,HF9g-P5,,,,X 全窗基线 · 不参与实体赏罚,6876883,688,A168_HF9F_20260827_0900,2026-08-27 09:00:00
2026-03-28,70460261,1383,0,78.9951812940,-27.6483134529,-27.6483134529,0.3333333,3,3,0.50218230000000000,0.502182300000,-0.5849155494134425,-0.5849155494134426,-0.5849155494134425,0E-17,ELIGIBLE,R03b_20260811_FULL_v1,L1_ELIGIBILITY,v2026-08-11,2026-03-21..2026-08-06,baccarat_bet02_101_all_pairs_incl_sentinel,round_win = game_pnl > 0 (decisive only),COMPATIBILITY_ONLY_NOT_PRODUCTION,268817.8208,244366.2908,168.7661,6248,5610,-0.00062781,-0.08642944,0.00436428,-0.00062781,-168.7661,268817.8208,OK,0.0000,6.7506,4.0000,96.0000,AG03-UNRESOLVED,ALL5_LEVELS_bet23_to_bet27,6.7506,6.7506,6.7506,8.4383,8.4383,4.000000,4.000000,4.000000,5.000000,5.000000,96.000000,96.000000,96.000000,95.000000,95.000000,5.0,37.1285,34.0107,131.6376,134.7554,PENDING_AG03,FALSE,NOT_FOR_ENFORCEMENT,162.0155,234591.6392,168.7661,162.0155,6.7506,0.00062781,0.00060270,6.7506,162.0155,0.00060270,6.7506,6.7506,6.7506,8.4383,8.4383,162.0155,0.00060270,37.1285,34.0107,131.6376,134.7554,0.00048969,0.00050129,0.00002511,43.0246,43.5591,0.0301,2.0581,0.0627,3278.2661,68.4146,17.6798,46.9397,25.7155,39.4976,52.6635,77.1466,82.2897,128.5777,31.4111,0.0,2.083411,3.25533,1.089297,30,192,222,8,0.05498276,0.00062781,0.08642944,0E-8,0.000000,0.909041,0.000000,-0.09079372,2026-03-23,2026-08-06,82,2690,1181,137,0.598540,0.376650,0.410924,0.183276,,,,,,,,GLOBAL_BASELINE_NO_ENTITY_RANKING,,,NOT_APPLICABLE_GLOBAL_BASELINE,HF9g-P5,,,,X 全窗基线 · 不参与实体赏罚,6876884,688,A168_HF9F_20260827_0900,2026-08-27 09:00:00
2026-03-28,70460261,1384,0,323.8802433053,92.4243621140,92.4243621140,0.8000000,7,7,0.50473567142857143,0.504735671429,1.3205214509316394,1.3205214509297334,1.3205214509316394,-4.2857E-13,ELIGIBLE,R03b_20260811_FULL_v1,L1_ELIGIBILITY,v2026-08-11,2026-03-21..2026-08-06,baccarat_bet02_101_all_pairs_incl_sentinel,round_win = game_pnl > 0 (decisive only),COMPATIBILITY_ONLY_NOT_PRODUCTION,268817.8208,244366.2908,168.7661,6248,5610,-0.00062781,-0.08642944,0.00436428,-0.00062781,-168.7661,268817.8208,OK,0.0000,6.7506,4.0000,96.0000,AG03-UNRESOLVED,ALL5_LEVELS_bet23_to_bet27,6.7506,6.7506,6.7506,8.4383,8.4383,4.000000,4.000000,4.000000,5.000000,5.000000,96.000000,96.000000,96.000000,95.000000,95.000000,5.0,37.1285,34.0107,131.6376,134.7554,PENDING_AG03,FALSE,NOT_FOR_ENFORCEMENT,162.0155,234591.6392,168.7661,162.0155,6.7506,0.00062781,0.00060270,6.7506,162.0155,0.00060270,6.7506,6.7506,6.7506,8.4383,8.4383,162.0155,0.00060270,37.1285,34.0107,131.6376,134.7554,0.00048969,0.00050129,0.00002511,43.0246,43.5591,0.0301,2.0581,0.0627,3278.2661,68.4146,17.6798,46.9397,25.7155,39.4976,52.6635,77.1466,82.2897,128.5777,31.4111,0.0,2.083411,3.25533,1.089297,30,192,222,8,0.05498276,0.00062781,0.08642944,0E-8,0.000000,0.909041,0.000000,-0.09079372,2026-03-23,2026-08-06,82,2690,1181,137,0.598540,0.376650,0.410924,0.183276,,,,,,,,GLOBAL_BASELINE_NO_ENTITY_RANKING,,,NOT_APPLICABLE_GLOBAL_BASELINE,HF9g-P5,,,,X 全窗基线 · 不参与实体赏罚,6876885,688,A168_HF9F_20260827_0900,2026-08-27 09:00:00
2026-03-28,70460261,1399,0,52.6634541960,50.0302814862,50.0302814862,1.0000000,1,1,0.50665070000000000,0.506650700000,0.9867858985152569,0.9867858985152569,0.9867858985152569,0E-17,ELIGIBLE,R03b_20260811_FULL_v1,L1_ELIGIBILITY,v2026-08-11,2026-03-21..2026-08-06,baccarat_bet02_101_all_pairs_incl_sentinel,round_win = game_pnl > 0 (decisive only),COMPATIBILITY_ONLY_NOT_PRODUCTION,268817.8208,244366.2908,168.7661,6248,5610,-0.00062781,-0.08642944,0.00436428,-0.00062781,-168.7661,268817.8208,OK,0.0000,6.7506,4.0000,96.0000,AG03-UNRESOLVED,ALL5_LEVELS_bet23_to_bet27,6.7506,6.7506,6.7506,8.4383,8.4383,4.000000,4.000000,4.000000,5.000000,5.000000,96.000000,96.000000,96.000000,95.000000,95.000000,5.0,37.1285,34.0107,131.6376,134.7554,PENDING_AG03,FALSE,NOT_FOR_ENFORCEMENT,162.0155,234591.6392,168.7661,162.0155,6.7506,0.00062781,0.00060270,6.7506,162.0155,0.00060270,6.7506,6.7506,6.7506,8.4383,8.4383,162.0155,0.00060270,37.1285,34.0107,131.6376,134.7554,0.00048969,0.00050129,0.00002511,43.0246,43.5591,0.0301,2.0581,0.0627,3278.2661,68.4146,17.6798,46.9397,25.7155,39.4976,52.6635,77.1466,82.2897,128.5777,31.4111,0.0,2.083411,3.25533,1.089297,30,192,222,8,0.05498276,0.00062781,0.08642944,0E-8,0.000000,0.909041,0.000000,-0.09079372,2026-03-23,2026-08-06,82,2690,1181,137,0.598540,0.376650,0.410924,0.183276,,,,,,,,GLOBAL_BASELINE_NO_ENTITY_RANKING,,,NOT_APPLICABLE_GLOBAL_BASELINE,HF9g-P5,,,,X 全窗基线 · 不参与实体赏罚,6876886,688,A168_HF9F_20260827_0900,2026-08-27 09:00:00
2026-03-28,70460261,1401,0,168.5230534271,-70.9640045290,-70.9640045290,0.5000000,4,2,0.46014452777773853,0.367132183334,0.11308814289270237,0.38982264363586105,0.11308814289270237,0.09301234444373853,ELIGIBLE,R03b_20260811_FULL_v1,L1_ELIGIBILITY,v2026-08-11,2026-03-21..2026-08-06,baccarat_bet02_101_all_pairs_incl_sentinel,round_win = game_pnl > 0 (decisive only),COMPATIBILITY_ONLY_NOT_PRODUCTION,268817.8208,244366.2908,168.7661,6248,5610,-0.00062781,-0.08642944,0.00436428,-0.00062781,-168.7661,268817.8208,OK,0.0000,6.7506,4.0000,96.0000,AG03-UNRESOLVED,ALL5_LEVELS_bet23_to_bet27,6.7506,6.7506,6.7506,8.4383,8.4383,4.000000,4.000000,4.000000,5.000000,5.000000,96.000000,96.000000,96.000000,95.000000,95.000000,5.0,37.1285,34.0107,131.6376,134.7554,PENDING_AG03,FALSE,NOT_FOR_ENFORCEMENT,162.0155,234591.6392,168.7661,162.0155,6.7506,0.00062781,0.00060270,6.7506,162.0155,0.00060270,6.7506,6.7506,6.7506,8.4383,8.4383,162.0155,0.00060270,37.1285,34.0107,131.6376,134.7554,0.00048969,0.00050129,0.00002511,43.0246,43.5591,0.0301,2.0581,0.0627,3278.2661,68.4146,17.6798,46.9397,25.7155,39.4976,52.6635,77.1466,82.2897,128.5777,31.4111,0.0,2.083411,3.25533,1.089297,30,192,222,8,0.05498276,0.00062781,0.08642944,0E-8,0.000000,0.909041,0.000000,-0.09079372,2026-03-23,2026-08-06,82,2690,1181,137,0.598540,0.376650,0.410924,0.183276,,,,,,,,GLOBAL_BASELINE_NO_ENTITY_RANKING,,,NOT_APPLICABLE_GLOBAL_BASELINE,HF9g-P5,,,,X 全窗基线 · 不参与实体赏罚,6876887,688,A168_HF9F_20260827_0900,2026-08-27 09:00:00
2026-03-28,70460261,1402,0,255.4177528504,3.9497590647,3.9497590647,0.5000000,5,5,0.50128862000000000,0.501288620000,-0.0051544971185412255,-0.0051544971185412255,-0.0051544971185412255,0E-17,ELIGIBLE,R03b_20260811_FULL_v1,L1_ELIGIBILITY,v2026-08-11,2026-03-21..2026-08-06,baccarat_bet02_101_all_pairs_incl_sentinel,round_win = game_pnl > 0 (decisive only),COMPATIBILITY_ONLY_NOT_PRODUCTION,268817.8208,244366.2908,168.7661,6248,5610,-0.00062781,-0.08642944,0.00436428,-0.00062781,-168.7661,268817.8208,OK,0.0000,6.7506,4.0000,96.0000,AG03-UNRESOLVED,ALL5_LEVELS_bet23_to_bet27,6.7506,6.7506,6.7506,8.4383,8.4383,4.000000,4.000000,4.000000,5.000000,5.000000,96.000000,96.000000,96.000000,95.000000,95.000000,5.0,37.1285,34.0107,131.6376,134.7554,PENDING_AG03,FALSE,NOT_FOR_ENFORCEMENT,162.0155,234591.6392,168.7661,162.0155,6.7506,0.00062781,0.00060270,6.7506,162.0155,0.00060270,6.7506,6.7506,6.7506,8.4383,8.4383,162.0155,0.00060270,37.1285,34.0107,131.6376,134.7554,0.00048969,0.00050129,0.00002511,43.0246,43.5591,0.0301,2.0581,0.0627,3278.2661,68.4146,17.6798,46.9397,25.7155,39.4976,52.6635,77.1466,82.2897,128.5777,31.4111,0.0,2.083411,3.25533,1.089297,30,192,222,8,0.05498276,0.00062781,0.08642944,0E-8,0.000000,0.909041,0.000000,-0.09079372,2026-03-23,2026-08-06,82,2690,1181,137,0.598540,0.376650,0.410924,0.183276,,,,,,,,GLOBAL_BASELINE_NO_ENTITY_RANKING,,,NOT_APPLICABLE_GLOBAL_BASELINE,HF9g-P5,,,,X 全窗基线 · 不参与实体赏罚,6876888,688,A168_HF9F_20260827_0900,2026-08-27 09:00:00
2026-03-28,70460261,1405,0,52.6634541960,-52.6634541960,-52.6634541960,0E-7,1,1,0.50665070000000000,0.506650700000,-1.013391052207602,-1.013391052207602,-1.013391052207602,0E-17,ELIGIBLE,R03b_20260811_FULL_v1,L1_ELIGIBILITY,v2026-08-11,2026-03-21..2026-08-06,baccarat_bet02_101_all_pairs_incl_sentinel,round_win = game_pnl > 0 (decisive only),COMPATIBILITY_ONLY_NOT_PRODUCTION,268817.8208,244366.2908,168.7661,6248,5610,-0.00062781,-0.08642944,0.00436428,-0.00062781,-168.7661,268817.8208,OK,0.0000,6.7506,4.0000,96.0000,AG03-UNRESOLVED,ALL5_LEVELS_bet23_to_bet27,6.7506,6.7506,6.7506,8.4383,8.4383,4.000000,4.000000,4.000000,5.000000,5.000000,96.000000,96.000000,96.000000,95.000000,95.000000,5.0,37.1285,34.0107,131.6376,134.7554,PENDING_AG03,FALSE,NOT_FOR_ENFORCEMENT,162.0155,234591.6392,168.7661,162.0155,6.7506,0.00062781,0.00060270,6.7506,162.0155,0.00060270,6.7506,6.7506,6.7506,8.4383,8.4383,162.0155,0.00060270,37.1285,34.0107,131.6376,134.7554,0.00048969,0.00050129,0.00002511,43.0246,43.5591,0.0301,2.0581,0.0627,3278.2661,68.4146,17.6798,46.9397,25.7155,39.4976,52.6635,77.1466,82.2897,128.5777,31.4111,0.0,2.083411,3.25533,1.089297,30,192,222,8,0.05498276,0.00062781,0.08642944,0E-8,0.000000,0.909041,0.000000,-0.09079372,2026-03-23,2026-08-06,82,2690,1181,137,0.598540,0.376650,0.410924,0.183276,,,,,,,,GLOBAL_BASELINE_NO_ENTITY_RANKING,,,NOT_APPLICABLE_GLOBAL_BASELINE,HF9g-P5,,,,X 全窗基线 · 不参与实体赏罚,6876889,688,A168_HF9F_20260827_0900,2026-08-27 09:00:00
2026-03-28,70460261,1491,0,197.4879532350,84.9198198910,84.9198198910,0.7500000,4,4,0.50665070000000000,0.506650700000,0.9734833216690844,0.9734833216690844,0.9734833216690844,0E-17,ELIGIBLE,R03b_20260811_FULL_v1,L1_ELIGIBILITY,v2026-08-11,2026-03-21..2026-08-06,baccarat_bet02_101_all_pairs_incl_sentinel,round_win = game_pnl > 0 (decisive only),COMPATIBILITY_ONLY_NOT_PRODUCTION,268817.8208,244366.2908,168.7661,6248,5610,-0.00062781,-0.08642944,0.00436428,-0.00062781,-168.7661,268817.8208,OK,0.0000,6.7506,4.0000,96.0000,AG03-UNRESOLVED,ALL5_LEVELS_bet23_to_bet27,6.7506,6.7506,6.7506,8.4383,8.4383,4.000000,4.000000,4.000000,5.000000,5.000000,96.000000,96.000000,96.000000,95.000000,95.000000,5.0,37.1285,34.0107,131.6376,134.7554,PENDING_AG03,FALSE,NOT_FOR_ENFORCEMENT,162.0155,234591.6392,168.7661,162.0155,6.7506,0.00062781,0.00060270,6.7506,162.0155,0.00060270,6.7506,6.7506,6.7506,8.4383,8.4383,162.0155,0.00060270,37.1285,34.0107,131.6376,134.7554,0.00048969,0.00050129,0.00002511,43.0246,43.5591,0.0301,2.0581,0.0627,3278.2661,68.4146,17.6798,46.9397,25.7155,39.4976,52.6635,77.1466,82.2897,128.5777,31.4111,0.0,2.083411,3.25533,1.089297,30,192,222,8,0.05498276,0.00062781,0.08642944,0E-8,0.000000,0.909041,0.000000,-0.09079372,2026-03-23,2026-08-06,82,2690,1181,137,0.598540,0.376650,0.410924,0.183276,,,,,,,,GLOBAL_BASELINE_NO_ENTITY_RANKING,,,NOT_APPLICABLE_GLOBAL_BASELINE,HF9g-P5,,,,X 全窗基线 · 不参与实体赏罚,6876890,688,A168_HF9F_20260827_0900,2026-08-27 09:00:00
2026-03-28,70460261,1505,0,527.4244937727,189.8122547857,189.8122547857,0.7142857,9,9,0.50665070000000000,0.506650700000,1.098798430526454,1.098798430526454,1.098798430526454,0E-17,ELIGIBLE,R03b_20260811_FULL_v1,L1_ELIGIBILITY,v2026-08-11,2026-03-21..2026-08-06,baccarat_bet02_101_all_pairs_incl_sentinel,round_win = game_pnl > 0 (decisive only),COMPATIBILITY_ONLY_NOT_PRODUCTION,268817.8208,244366.2908,168.7661,6248,5610,-0.00062781,-0.08642944,0.00436428,-0.00062781,-168.7661,268817.8208,OK,0.0000,6.7506,4.0000,96.0000,AG03-UNRESOLVED,ALL5_LEVELS_bet23_to_bet27,6.7506,6.7506,6.7506,8.4383,8.4383,4.000000,4.000000,4.000000,5.000000,5.000000,96.000000,96.000000,96.000000,95.000000,95.000000,5.0,37.1285,34.0107,131.6376,134.7554,PENDING_AG03,FALSE,NOT_FOR_ENFORCEMENT,162.0155,234591.6392,168.7661,162.0155,6.7506,0.00062781,0.00060270,6.7506,162.0155,0.00060270,6.7506,6.7506,6.7506,8.4383,8.4383,162.0155,0.00060270,37.1285,34.0107,131.6376,134.7554,0.00048969,0.00050129,0.00002511,43.0246,43.5591,0.0301,2.0581,0.0627,3278.2661,68.4146,17.6798,46.9397,25.7155,39.4976,52.6635,77.1466,82.2897,128.5777,31.4111,0.0,2.083411,3.25533,1.089297,30,192,222,8,0.05498276,0.00062781,0.08642944,0E-8,0.000000,0.909041,0.000000,-0.09079372,2026-03-23,2026-08-06,82,2690,1181,137,0.598540,0.376650,0.410924,0.183276,,,,,,,,GLOBAL_BASELINE_NO_ENTITY_RANKING,,,NOT_APPLICABLE_GLOBAL_BASELINE,HF9g-P5,,,,X 全窗基线 · 不参与实体赏罚,6876891,688,A168_HF9F_20260827_0900,2026-08-27 09:00:00
2026-03-28,70460261,1509,0,191.9582905444,13.4291808200,13.4291808200,0.4000000,5,5,0.50665070000000000,0.506650700000,-0.4769986289884125,-0.4769986289884125,-0.4769986289884125,0E-17,ELIGIBLE,R03b_20260811_FULL_v1,L1_ELIGIBILITY,v2026-08-11,2026-03-21..2026-08-06,baccarat_bet02_101_all_pairs_incl_sentinel,round_win = game_pnl > 0 (decisive only),COMPATIBILITY_ONLY_NOT_PRODUCTION,268817.8208,244366.2908,168.7661,6248,5610,-0.00062781,-0.08642944,0.00436428,-0.00062781,-168.7661,268817.8208,OK,0.0000,6.7506,4.0000,96.0000,AG03-UNRESOLVED,ALL5_LEVELS_bet23_to_bet27,6.7506,6.7506,6.7506,8.4383,8.4383,4.000000,4.000000,4.000000,5.000000,5.000000,96.000000,96.000000,96.000000,95.000000,95.000000,5.0,37.1285,34.0107,131.6376,134.7554,PENDING_AG03,FALSE,NOT_FOR_ENFORCEMENT,162.0155,234591.6392,168.7661,162.0155,6.7506,0.00062781,0.00060270,6.7506,162.0155,0.00060270,6.7506,6.7506,6.7506,8.4383,8.4383,162.0155,0.00060270,37.1285,34.0107,131.6376,134.7554,0.00048969,0.00050129,0.00002511,43.0246,43.5591,0.0301,2.0581,0.0627,3278.2661,68.4146,17.6798,46.9397,25.7155,39.4976,52.6635,77.1466,82.2897,128.5777,31.4111,0.0,2.083411,3.25533,1.089297,30,192,222,8,0.05498276,0.00062781,0.08642944,0E-8,0.000000,0.909041,0.000000,-0.09079372,2026-03-23,2026-08-06,82,2690,1181,137,0.598540,0.376650,0.410924,0.183276,,,,,,,,GLOBAL_BASELINE_NO_ENTITY_RANKING,,,NOT_APPLICABLE_GLOBAL_BASELINE,HF9g-P5,,,,X 全窗基线 · 不参与实体赏罚,6876892,688,A168_HF9F_20260827_0900,2026-08-27 09:00:00
2026-03-28,70460261,1623,0,134.2918081998,76.2303499487,76.2303499487,0.6666667,3,3,0.50665070000000000,0.506650700000,0.5543606114942035,0.5543606114942035,0.5543606114942035,0E-17,ELIGIBLE,R03b_20260811_FULL_v1,L1_ELIGIBILITY,v2026-08-11,2026-03-21..2026-08-06,baccarat_bet02_101_all_pairs_incl_sentinel,round_win = game_pnl > 0 (decisive only),COMPATIBILITY_ONLY_NOT_PRODUCTION,268817.8208,244366.2908,168.7661,6248,5610,-0.00062781,-0.08642944,0.00436428,-0.00062781,-168.7661,268817.8208,OK,0.0000,6.7506,4.0000,96.0000,AG03-UNRESOLVED,ALL5_LEVELS_bet23_to_bet27,6.7506,6.7506,6.7506,8.4383,8.4383,4.000000,4.000000,4.000000,5.000000,5.000000,96.000000,96.000000,96.000000,95.000000,95.000000,5.0,37.1285,34.0107,131.6376,134.7554,PENDING_AG03,FALSE,NOT_FOR_ENFORCEMENT,162.0155,234591.6392,168.7661,162.0155,6.7506,0.00062781,0.00060270,6.7506,162.0155,0.00060270,6.7506,6.7506,6.7506,8.4383,8.4383,162.0155,0.00060270,37.1285,34.0107,131.6376,134.7554,0.00048969,0.00050129,0.00002511,43.0246,43.5591,0.0301,2.0581,0.0627,3278.2661,68.4146,17.6798,46.9397,25.7155,39.4976,52.6635,77.1466,82.2897,128.5777,31.4111,0.0,2.083411,3.25533,1.089297,30,192,222,8,0.05498276,0.00062781,0.08642944,0E-8,0.000000,0.909041,0.000000,-0.09079372,2026-03-23,2026-08-06,82,2690,1181,137,0.598540,0.376650,0.410924,0.183276,,,,,,,,GLOBAL_BASELINE_NO_ENTITY_RANKING,,,NOT_APPLICABLE_GLOBAL_BASELINE,HF9g-P5,,,,X 全窗基线 · 不参与实体赏罚,6876893,688,A168_HF9F_20260827_0900,2026-08-27 09:00:00
2026-03-28,70460261,1646,0,192.2216078154,-8.9527872133,-8.9527872133,0.5000000,5,5,0.50665070000000000,0.506650700000,-0.02660515369234503,-0.02660515369234503,-0.02660515369234503,0E-17,ELIGIBLE,R03b_20260811_FULL_v1,L1_ELIGIBILITY,v2026-08-11,2026-03-21..2026-08-06,baccarat_bet02_101_all_pairs_incl_sentinel,round_win = game_pnl > 0 (decisive only),COMPATIBILITY_ONLY_NOT_PRODUCTION,268817.8208,244366.2908,168.7661,6248,5610,-0.00062781,-0.08642944,0.00436428,-0.00062781,-168.7661,268817.8208,OK,0.0000,6.7506,4.0000,96.0000,AG03-UNRESOLVED,ALL5_LEVELS_bet23_to_bet27,6.7506,6.7506,6.7506,8.4383,8.4383,4.000000,4.000000,4.000000,5.000000,5.000000,96.000000,96.000000,96.000000,95.000000,95.000000,5.0,37.1285,34.0107,131.6376,134.7554,PENDING_AG03,FALSE,NOT_FOR_ENFORCEMENT,162.0155,234591.6392,168.7661,162.0155,6.7506,0.00062781,0.00060270,6.7506,162.0155,0.00060270,6.7506,6.7506,6.7506,8.4383,8.4383,162.0155,0.00060270,37.1285,34.0107,131.6376,134.7554,0.00048969,0.00050129,0.00002511,43.0246,43.5591,0.0301,2.0581,0.0627,3278.2661,68.4146,17.6798,46.9397,25.7155,39.4976,52.6635,77.1466,82.2897,128.5777,31.4111,0.0,2.083411,3.25533,1.089297,30,192,222,8,0.05498276,0.00062781,0.08642944,0E-8,0.000000,0.909041,0.000000,-0.09079372,2026-03-23,2026-08-06,82,2690,1181,137,0.598540,0.376650,0.410924,0.183276,,,,,,,,GLOBAL_BASELINE_NO_ENTITY_RANKING,,,NOT_APPLICABLE_GLOBAL_BASELINE,HF9g-P5,,,,X 全窗基线 · 不参与实体赏罚,6876894,688,A168_HF9F_20260827_0900,2026-08-27 09:00:00
2026-03-28,70460261,1654,0,182.2155515181,19.0641704189,19.0641704189,0.5000000,4,4,0.50665070000000000,0.506650700000,-0.02660515369234503,-0.02660515369234503,-0.02660515369234503,0E-17,ELIGIBLE,R03b_20260811_FULL_v1,L1_ELIGIBILITY,v2026-08-11,2026-03-21..2026-08-06,baccarat_bet02_101_all_pairs_incl_sentinel,round_win = game_pnl > 0 (decisive only),COMPATIBILITY_ONLY_NOT_PRODUCTION,268817.8208,244366.2908,168.7661,6248,5610,-0.00062781,-0.08642944,0.00436428,-0.00062781,-168.7661,268817.8208,OK,0.0000,6.7506,4.0000,96.0000,AG03-UNRESOLVED,ALL5_LEVELS_bet23_to_bet27,6.7506,6.7506,6.7506,8.4383,8.4383,4.000000,4.000000,4.000000,5.000000,5.000000,96.000000,96.000000,96.000000,95.000000,95.000000,5.0,37.1285,34.0107,131.6376,134.7554,PENDING_AG03,FALSE,NOT_FOR_ENFORCEMENT,162.0155,234591.6392,168.7661,162.0155,6.7506,0.00062781,0.00060270,6.7506,162.0155,0.00060270,6.7506,6.7506,6.7506,8.4383,8.4383,162.0155,0.00060270,37.1285,34.0107,131.6376,134.7554,0.00048969,0.00050129,0.00002511,43.0246,43.5591,0.0301,2.0581,0.0627,3278.2661,68.4146,17.6798,46.9397,25.7155,39.4976,52.6635,77.1466,82.2897,128.5777,31.4111,0.0,2.083411,3.25533,1.089297,30,192,222,8,0.05498276,0.00062781,0.08642944,0E-8,0.000000,0.909041,0.000000,-0.09079372,2026-03-23,2026-08-06,82,2690,1181,137,0.598540,0.376650,0.410924,0.183276,,,,,,,,GLOBAL_BASELINE_NO_ENTITY_RANKING,,,NOT_APPLICABLE_GLOBAL_BASELINE,HF9g-P5,,,,X 全窗基线 · 不参与实体赏罚,6876895,688,A168_HF9F_20260827_0900,2026-08-27 09:00:00
2026-03-28,70460261,1702,0,328.8832714540,168.6678779261,168.6678779261,0.7500000,8,8,0.50665070000000000,0.506650700000,1.3767133162484293,1.3767133162484293,1.3767133162484293,0E-17,ELIGIBLE,R03b_20260811_FULL_v1,L1_ELIGIBILITY,v2026-08-11,2026-03-21..2026-08-06,baccarat_bet02_101_all_pairs_incl_sentinel,round_win = game_pnl > 0 (decisive only),COMPATIBILITY_ONLY_NOT_PRODUCTION,268817.8208,244366.2908,168.7661,6248,5610,-0.00062781,-0.08642944,0.00436428,-0.00062781,-168.7661,268817.8208,OK,0.0000,6.7506,4.0000,96.0000,AG03-UNRESOLVED,ALL5_LEVELS_bet23_to_bet27,6.7506,6.7506,6.7506,8.4383,8.4383,4.000000,4.000000,4.000000,5.000000,5.000000,96.000000,96.000000,96.000000,95.000000,95.000000,5.0,37.1285,34.0107,131.6376,134.7554,PENDING_AG03,FALSE,NOT_FOR_ENFORCEMENT,162.0155,234591.6392,168.7661,162.0155,6.7506,0.00062781,0.00060270,6.7506,162.0155,0.00060270,6.7506,6.7506,6.7506,8.4383,8.4383,162.0155,0.00060270,37.1285,34.0107,131.6376,134.7554,0.00048969,0.00050129,0.00002511,43.0246,43.5591,0.0301,2.0581,0.0627,3278.2661,68.4146,17.6798,46.9397,25.7155,39.4976,52.6635,77.1466,82.2897,128.5777,31.4111,0.0,2.083411,3.25533,1.089297,30,192,222,8,0.05498276,0.00062781,0.08642944,0E-8,0.000000,0.909041,0.000000,-0.09079372,2026-03-23,2026-08-06,82,2690,1181,137,0.598540,0.376650,0.410924,0.183276,,,,,,,,GLOBAL_BASELINE_NO_ENTITY_RANKING,,,NOT_APPLICABLE_GLOBAL_BASELINE,HF9g-P5,,,,X 全窗基线 · 不参与实体赏罚,6876896,688,A168_HF9F_20260827_0900,2026-08-27 09:00:00
2026-03-28,70460261,1711,0,242.2518893015,2.5015140742,2.5015140742,0.5000000,5,5,0.50665070000000000,0.506650700000,-0.02660515369234503,-0.02660515369234503,-0.02660515369234503,0E-17,ELIGIBLE,R03b_20260811_FULL_v1,L1_ELIGIBILITY,v2026-08-11,2026-03-21..2026-08-06,baccarat_bet02_101_all_pairs_incl_sentinel,round_win = game_pnl > 0 (decisive only),COMPATIBILITY_ONLY_NOT_PRODUCTION,268817.8208,244366.2908,168.7661,6248,5610,-0.00062781,-0.08642944,0.00436428,-0.00062781,-168.7661,268817.8208,OK,0.0000,6.7506,4.0000,96.0000,AG03-UNRESOLVED,ALL5_LEVELS_bet23_to_bet27,6.7506,6.7506,6.7506,8.4383,8.4383,4.000000,4.000000,4.000000,5.000000,5.000000,96.000000,96.000000,96.000000,95.000000,95.000000,5.0,37.1285,34.0107,131.6376,134.7554,PENDING_AG03,FALSE,NOT_FOR_ENFORCEMENT,162.0155,234591.6392,168.7661,162.0155,6.7506,0.00062781,0.00060270,6.7506,162.0155,0.00060270,6.7506,6.7506,6.7506,8.4383,8.4383,162.0155,0.00060270,37.1285,34.0107,131.6376,134.7554,0.00048969,0.00050129,0.00002511,43.0246,43.5591,0.0301,2.0581,0.0627,3278.2661,68.4146,17.6798,46.9397,25.7155,39.4976,52.6635,77.1466,82.2897,128.5777,31.4111,0.0,2.083411,3.25533,1.089297,30,192,222,8,0.05498276,0.00062781,0.08642944,0E-8,0.000000,0.909041,0.000000,-0.09079372,2026-03-23,2026-08-06,82,2690,1181,137,0.598540,0.376650,0.410924,0.183276,,,,,,,,GLOBAL_BASELINE_NO_ENTITY_RANKING,,,NOT_APPLICABLE_GLOBAL_BASELINE,HF9g-P5,,,,X 全窗基线 · 不参与实体赏罚,6876897,688,A168_HF9F_20260827_0900,2026-08-27 09:00:00
2026-03-28,70460261,1750,0,484.5037786030,226.0578771362,226.0578771362,0.7777778,10,10,0.50531018000000000,0.505310180000,1.6348977910005758,1.6348977910005758,1.6348977910005758,0E-17,ELIGIBLE,R03b_20260811_FULL_v1,L1_ELIGIBILITY,v2026-08-11,2026-03-21..2026-08-06,baccarat_bet02_101_all_pairs_incl_sentinel,round_win = game_pnl > 0 (decisive only),COMPATIBILITY_ONLY_NOT_PRODUCTION,268817.8208,244366.2908,168.7661,6248,5610,-0.00062781,-0.08642944,0.00436428,-0.00062781,-168.7661,268817.8208,OK,0.0000,6.7506,4.0000,96.0000,AG03-UNRESOLVED,ALL5_LEVELS_bet23_to_bet27,6.7506,6.7506,6.7506,8.4383,8.4383,4.000000,4.000000,4.000000,5.000000,5.000000,96.000000,96.000000,96.000000,95.000000,95.000000,5.0,37.1285,34.0107,131.6376,134.7554,PENDING_AG03,FALSE,NOT_FOR_ENFORCEMENT,162.0155,234591.6392,168.7661,162.0155,6.7506,0.00062781,0.00060270,6.7506,162.0155,0.00060270,6.7506,6.7506,6.7506,8.4383,8.4383,162.0155,0.00060270,37.1285,34.0107,131.6376,134.7554,0.00048969,0.00050129,0.00002511,43.0246,43.5591,0.0301,2.0581,0.0627,3278.2661,68.4146,17.6798,46.9397,25.7155,39.4976,52.6635,77.1466,82.2897,128.5777,31.4111,0.0,2.083411,3.25533,1.089297,30,192,222,8,0.05498276,0.00062781,0.08642944,0E-8,0.000000,0.909041,0.000000,-0.09079372,2026-03-23,2026-08-06,82,2690,1181,137,0.598540,0.376650,0.410924,0.183276,,,,,,,,GLOBAL_BASELINE_NO_ENTITY_RANKING,,,NOT_APPLICABLE_GLOBAL_BASELINE,HF9g-P5,,,,X 全窗基线 · 不参与实体赏罚,6876898,688,A168_HF9F_20260827_0900,2026-08-27 09:00:00
2026-03-28,70460261,1935,0,276.4831345289,134.9501013771,134.9501013771,0.8000000,6,6,0.50665070000000000,0.506650700000,1.3120140225494112,1.3120140225494112,1.3120140225494112,0E-17,ELIGIBLE,R03b_20260811_FULL_v1,L1_ELIGIBILITY,v2026-08-11,2026-03-21..2026-08-06,baccarat_bet02_101_all_pairs_incl_sentinel,round_win = game_pnl > 0 (decisive only),COMPATIBILITY_ONLY_NOT_PRODUCTION,268817.8208,244366.2908,168.7661,6248,5610,-0.00062781,-0.08642944,0.00436428,-0.00062781,-168.7661,268817.8208,OK,0.0000,6.7506,4.0000,96.0000,AG03-UNRESOLVED,ALL5_LEVELS_bet23_to_bet27,6.7506,6.7506,6.7506,8.4383,8.4383,4.000000,4.000000,4.000000,5.000000,5.000000,96.000000,96.000000,96.000000,95.000000,95.000000,5.0,37.1285,34.0107,131.6376,134.7554,PENDING_AG03,FALSE,NOT_FOR_ENFORCEMENT,162.0155,234591.6392,168.7661,162.0155,6.7506,0.00062781,0.00060270,6.7506,162.0155,0.00060270,6.7506,6.7506,6.7506,8.4383,8.4383,162.0155,0.00060270,37.1285,34.0107,131.6376,134.7554,0.00048969,0.00050129,0.00002511,43.0246,43.5591,0.0301,2.0581,0.0627,3278.2661,68.4146,17.6798,46.9397,25.7155,39.4976,52.6635,77.1466,82.2897,128.5777,31.4111,0.0,2.083411,3.25533,1.089297,30,192,222,8,0.05498276,0.00062781,0.08642944,0E-8,0.000000,0.909041,0.000000,-0.09079372,2026-03-23,2026-08-06,82,2690,1181,137,0.598540,0.376650,0.410924,0.183276,,,,,,,,GLOBAL_BASELINE_NO_ENTITY_RANKING,,,NOT_APPLICABLE_GLOBAL_BASELINE,HF9g-P5,,,,X 全窗基线 · 不参与实体赏罚,6876899,688,A168_HF9F_20260827_0900,2026-08-27 09:00:00
2026-03-28,70460261,1941,0,313.3475524661,-190.1150696475,-190.1150696475,0.2857143,7,7,0.50665070000000000,0.506650700000,-1.169189050789051,-1.169189050789051,-1.169189050789051,0E-17,ELIGIBLE,R03b_20260811_FULL_v1,L1_ELIGIBILITY,v2026-08-11,2026-03-21..2026-08-06,baccarat_bet02_101_all_pairs_incl_sentinel,round_win = game_pnl > 0 (decisive only),COMPATIBILITY_ONLY_NOT_PRODUCTION,268817.8208,244366.2908,168.7661,6248,5610,-0.00062781,-0.08642944,0.00436428,-0.00062781,-168.7661,268817.8208,OK,0.0000,6.7506,4.0000,96.0000,AG03-UNRESOLVED,ALL5_LEVELS_bet23_to_bet27,6.7506,6.7506,6.7506,8.4383,8.4383,4.000000,4.000000,4.000000,5.000000,5.000000,96.000000,96.000000,96.000000,95.000000,95.000000,5.0,37.1285,34.0107,131.6376,134.7554,PENDING_AG03,FALSE,NOT_FOR_ENFORCEMENT,162.0155,234591.6392,168.7661,162.0155,6.7506,0.00062781,0.00060270,6.7506,162.0155,0.00060270,6.7506,6.7506,6.7506,8.4383,8.4383,162.0155,0.00060270,37.1285,34.0107,131.6376,134.7554,0.00048969,0.00050129,0.00002511,43.0246,43.5591,0.0301,2.0581,0.0627,3278.2661,68.4146,17.6798,46.9397,25.7155,39.4976,52.6635,77.1466,82.2897,128.5777,31.4111,0.0,2.083411,3.25533,1.089297,30,192,222,8,0.05498276,0.00062781,0.08642944,0E-8,0.000000,0.909041,0.000000,-0.09079372,2026-03-23,2026-08-06,82,2690,1181,137,0.598540,0.376650,0.410924,0.183276,,,,,,,,GLOBAL_BASELINE_NO_ENTITY_RANKING,,,NOT_APPLICABLE_GLOBAL_BASELINE,HF9g-P5,,,,X 全窗基线 · 不参与实体赏罚,6876900,688,A168_HF9F_20260827_0900,2026-08-27 09:00:00
2026-03-28,70460261,1949,0,105.3269083920,-105.3269083920,-105.3269083920,0E-7,2,2,0.50665070000000000,0.506650700000,-1.4331513700195317,-1.4331513700195317,-1.4331513700195317,0E-17,ELIGIBLE,R03b_20260811_FULL_v1,L1_ELIGIBILITY,v2026-08-11,2026-03-21..2026-08-06,baccarat_bet02_101_all_pairs_incl_sentinel,round_win = game_pnl > 0 (decisive only),COMPATIBILITY_ONLY_NOT_PRODUCTION,268817.8208,244366.2908,168.7661,6248,5610,-0.00062781,-0.08642944,0.00436428,-0.00062781,-168.7661,268817.8208,OK,0.0000,6.7506,4.0000,96.0000,AG03-UNRESOLVED,ALL5_LEVELS_bet23_to_bet27,6.7506,6.7506,6.7506,8.4383,8.4383,4.000000,4.000000,4.000000,5.000000,5.000000,96.000000,96.000000,96.000000,95.000000,95.000000,5.0,37.1285,34.0107,131.6376,134.7554,PENDING_AG03,FALSE,NOT_FOR_ENFORCEMENT,162.0155,234591.6392,168.7661,162.0155,6.7506,0.00062781,0.00060270,6.7506,162.0155,0.00060270,6.7506,6.7506,6.7506,8.4383,8.4383,162.0155,0.00060270,37.1285,34.0107,131.6376,134.7554,0.00048969,0.00050129,0.00002511,43.0246,43.5591,0.0301,2.0581,0.0627,3278.2661,68.4146,17.6798,46.9397,25.7155,39.4976,52.6635,77.1466,82.2897,128.5777,31.4111,0.0,2.083411,3.25533,1.089297,30,192,222,8,0.05498276,0.00062781,0.08642944,0E-8,0.000000,0.909041,0.000000,-0.09079372,2026-03-23,2026-08-06,82,2690,1181,137,0.598540,0.376650,0.410924,0.183276,,,,,,,,GLOBAL_BASELINE_NO_ENTITY_RANKING,,,NOT_APPLICABLE_GLOBAL_BASELINE,HF9g-P5,,,,X 全窗基线 · 不参与实体赏罚,6876901,688,A168_HF9F_20260827_0900,2026-08-27 09:00:00
2026-03-28,70460261,1951,0,131.6586354899,-26.3317270979,-26.3317270979,0.5000000,2,2,0.49324550000000000,0.493245500000,0.01910635448239258,0.01910635448239258,0.01910635448239258,0E-17,ELIGIBLE,R03b_20260811_FULL_v1,L1_ELIGIBILITY,v2026-08-11,2026-03-21..2026-08-06,baccarat_bet02_101_all_pairs_incl_sentinel,round_win = game_pnl > 0 (decisive only),COMPATIBILITY_ONLY_NOT_PRODUCTION,268817.8208,244366.2908,168.7661,6248,5610,-0.00062781,-0.08642944,0.00436428,-0.00062781,-168.7661,268817.8208,OK,0.0000,6.7506,4.0000,96.0000,AG03-UNRESOLVED,ALL5_LEVELS_bet23_to_bet27,6.7506,6.7506,6.7506,8.4383,8.4383,4.000000,4.000000,4.000000,5.000000,5.000000,96.000000,96.000000,96.000000,95.000000,95.000000,5.0,37.1285,34.0107,131.6376,134.7554,PENDING_AG03,FALSE,NOT_FOR_ENFORCEMENT,162.0155,234591.6392,168.7661,162.0155,6.7506,0.00062781,0.00060270,6.7506,162.0155,0.00060270,6.7506,6.7506,6.7506,8.4383,8.4383,162.0155,0.00060270,37.1285,34.0107,131.6376,134.7554,0.00048969,0.00050129,0.00002511,43.0246,43.5591,0.0301,2.0581,0.0627,3278.2661,68.4146,17.6798,46.9397,25.7155,39.4976,52.6635,77.1466,82.2897,128.5777,31.4111,0.0,2.083411,3.25533,1.089297,30,192,222,8,0.05498276,0.00062781,0.08642944,0E-8,0.000000,0.909041,0.000000,-0.09079372,2026-03-23,2026-08-06,82,2690,1181,137,0.598540,0.376650,0.410924,0.183276,,,,,,,,GLOBAL_BASELINE_NO_ENTITY_RANKING,,,NOT_APPLICABLE_GLOBAL_BASELINE,HF9g-P5,,,,X 全窗基线 · 不参与实体赏罚,6876902,688,A168_HF9F_20260827_0900,2026-08-27 09:00:00
2026-03-28,70460261,1963,0,26.3317270980,26.3317270980,26.3317270980,1.0000000,1,1,0.49324550000000000,0.493245500000,1.01360149184955,1.01360149184955,1.01360149184955,0E-17,ELIGIBLE,R03b_20260811_FULL_v1,L1_ELIGIBILITY,v2026-08-11,2026-03-21..2026-08-06,baccarat_bet02_101_all_pairs_incl_sentinel,round_win = game_pnl > 0 (decisive only),COMPATIBILITY_ONLY_NOT_PRODUCTION,268817.8208,244366.2908,168.7661,6248,5610,-0.00062781,-0.08642944,0.00436428,-0.00062781,-168.7661,268817.8208,OK,0.0000,6.7506,4.0000,96.0000,AG03-UNRESOLVED,ALL5_LEVELS_bet23_to_bet27,6.7506,6.7506,6.7506,8.4383,8.4383,4.000000,4.000000,4.000000,5.000000,5.000000,96.000000,96.000000,96.000000,95.000000,95.000000,5.0,37.1285,34.0107,131.6376,134.7554,PENDING_AG03,FALSE,NOT_FOR_ENFORCEMENT,162.0155,234591.6392,168.7661,162.0155,6.7506,0.00062781,0.00060270,6.7506,162.0155,0.00060270,6.7506,6.7506,6.7506,8.4383,8.4383,162.0155,0.00060270,37.1285,34.0107,131.6376,134.7554,0.00048969,0.00050129,0.00002511,43.0246,43.5591,0.0301,2.0581,0.0627,3278.2661,68.4146,17.6798,46.9397,25.7155,39.4976,52.6635,77.1466,82.2897,128.5777,31.4111,0.0,2.083411,3.25533,1.089297,30,192,222,8,0.05498276,0.00062781,0.08642944,0E-8,0.000000,0.909041,0.000000,-0.09079372,2026-03-23,2026-08-06,82,2690,1181,137,0.598540,0.376650,0.410924,0.183276,,,,,,,,GLOBAL_BASELINE_NO_ENTITY_RANKING,,,NOT_APPLICABLE_GLOBAL_BASELINE,HF9g-P5,,,,X 全窗基线 · 不参与实体赏罚,6876903,688,A168_HF9F_20260827_0900,2026-08-27 09:00:00
2026-03-28,70460261,1984,0,105.5902256629,-11.4543012877,-11.4543012877,0.5000000,3,3,0.50665070000000000,0.506650700000,-0.018812684590367487,-0.018812684590367487,-0.018812684590367487,0E-17,ELIGIBLE,R03b_20260811_FULL_v1,L1_ELIGIBILITY,v2026-08-11,2026-03-21..2026-08-06,baccarat_bet02_101_all_pairs_incl_sentinel,round_win = game_pnl > 0 (decisive only),COMPATIBILITY_ONLY_NOT_PRODUCTION,268817.8208,244366.2908,168.7661,6248,5610,-0.00062781,-0.08642944,0.00436428,-0.00062781,-168.7661,268817.8208,OK,0.0000,6.7506,4.0000,96.0000,AG03-UNRESOLVED,ALL5_LEVELS_bet23_to_bet27,6.7506,6.7506,6.7506,8.4383,8.4383,4.000000,4.000000,4.000000,5.000000,5.000000,96.000000,96.000000,96.000000,95.000000,95.000000,5.0,37.1285,34.0107,131.6376,134.7554,PENDING_AG03,FALSE,NOT_FOR_ENFORCEMENT,162.0155,234591.6392,168.7661,162.0155,6.7506,0.00062781,0.00060270,6.7506,162.0155,0.00060270,6.7506,6.7506,6.7506,8.4383,8.4383,162.0155,0.00060270,37.1285,34.0107,131.6376,134.7554,0.00048969,0.00050129,0.00002511,43.0246,43.5591,0.0301,2.0581,0.0627,3278.2661,68.4146,17.6798,46.9397,25.7155,39.4976,52.6635,77.1466,82.2897,128.5777,31.4111,0.0,2.083411,3.25533,1.089297,30,192,222,8,0.05498276,0.00062781,0.08642944,0E-8,0.000000,0.909041,0.000000,-0.09079372,2026-03-23,2026-08-06,82,2690,1181,137,0.598540,0.376650,0.410924,0.183276,,,,,,,,GLOBAL_BASELINE_NO_ENTITY_RANKING,,,NOT_APPLICABLE_GLOBAL_BASELINE,HF9g-P5,,,,X 全窗基线 · 不参与实体赏罚,6876904,688,A168_HF9F_20260827_0900,2026-08-27 09:00:00
2026-03-28,70460261,1990,0,305.4480343365,22.3819680332,22.3819680332,0.5000000,5,5,0.50665070000000000,0.506650700000,-0.018812684590367487,-0.018812684590367487,-0.018812684590367487,0E-17,ELIGIBLE,R03b_20260811_FULL_v1,L1_ELIGIBILITY,v2026-08-11,2026-03-21..2026-08-06,baccarat_bet02_101_all_pairs_incl_sentinel,round_win = game_pnl > 0 (decisive only),COMPATIBILITY_ONLY_NOT_PRODUCTION,268817.8208,244366.2908,168.7661,6248,5610,-0.00062781,-0.08642944,0.00436428,-0.00062781,-168.7661,268817.8208,OK,0.0000,6.7506,4.0000,96.0000,AG03-UNRESOLVED,ALL5_LEVELS_bet23_to_bet27,6.7506,6.7506,6.7506,8.4383,8.4383,4.000000,4.000000,4.000000,5.000000,5.000000,96.000000,96.000000,96.000000,95.000000,95.000000,5.0,37.1285,34.0107,131.6376,134.7554,PENDING_AG03,FALSE,NOT_FOR_ENFORCEMENT,162.0155,234591.6392,168.7661,162.0155,6.7506,0.00062781,0.00060270,6.7506,162.0155,0.00060270,6.7506,6.7506,6.7506,8.4383,8.4383,162.0155,0.00060270,37.1285,34.0107,131.6376,134.7554,0.00048969,0.00050129,0.00002511,43.0246,43.5591,0.0301,2.0581,0.0627,3278.2661,68.4146,17.6798,46.9397,25.7155,39.4976,52.6635,77.1466,82.2897,128.5777,31.4111,0.0,2.083411,3.25533,1.089297,30,192,222,8,0.05498276,0.00062781,0.08642944,0E-8,0.000000,0.909041,0.000000,-0.09079372,2026-03-23,2026-08-06,82,2690,1181,137,0.598540,0.376650,0.410924,0.183276,,,,,,,,GLOBAL_BASELINE_NO_ENTITY_RANKING,,,NOT_APPLICABLE_GLOBAL_BASELINE,HF9g-P5,,,,X 全窗基线 · 不参与实体赏罚,6876905,688,A168_HF9F_20260827_0900,2026-08-27 09:00:00
2026-03-28,70460261,1991,0,80.8384021908,-80.8384021908,-80.8384021908,0E-7,2,2,0.50665070000000000,0.506650700000,-1.4331513700195317,-1.4331513700195317,-1.4331513700195317,0E-17,ELIGIBLE,R03b_20260811_FULL_v1,L1_ELIGIBILITY,v2026-08-11,2026-03-21..2026-08-06,baccarat_bet02_101_all_pairs_incl_sentinel,round_win = game_pnl > 0 (decisive only),COMPATIBILITY_ONLY_NOT_PRODUCTION,268817.8208,244366.2908,168.7661,6248,5610,-0.00062781,-0.08642944,0.00436428,-0.00062781,-168.7661,268817.8208,OK,0.0000,6.7506,4.0000,96.0000,AG03-UNRESOLVED,ALL5_LEVELS_bet23_to_bet27,6.7506,6.7506,6.7506,8.4383,8.4383,4.000000,4.000000,4.000000,5.000000,5.000000,96.000000,96.000000,96.000000,95.000000,95.000000,5.0,37.1285,34.0107,131.6376,134.7554,PENDING_AG03,FALSE,NOT_FOR_ENFORCEMENT,162.0155,234591.6392,168.7661,162.0155,6.7506,0.00062781,0.00060270,6.7506,162.0155,0.00060270,6.7506,6.7506,6.7506,8.4383,8.4383,162.0155,0.00060270,37.1285,34.0107,131.6376,134.7554,0.00048969,0.00050129,0.00002511,43.0246,43.5591,0.0301,2.0581,0.0627,3278.2661,68.4146,17.6798,46.9397,25.7155,39.4976,52.6635,77.1466,82.2897,128.5777,31.4111,0.0,2.083411,3.25533,1.089297,30,192,222,8,0.05498276,0.00062781,0.08642944,0E-8,0.000000,0.909041,0.000000,-0.09079372,2026-03-23,2026-08-06,82,2690,1181,137,0.598540,0.376650,0.410924,0.183276,,,,,,,,GLOBAL_BASELINE_NO_ENTITY_RANKING,,,NOT_APPLICABLE_GLOBAL_BASELINE,HF9g-P5,,,,X 全窗基线 · 不参与实体赏罚,6876906,688,A168_HF9F_20260827_0900,2026-08-27 09:00:00
2026-03-28,70460261,1996,0,205.3874713643,-152.7240171683,-152.7240171683,0E-7,3,3,0.50665070000000000,0.506650700000,-1.4331513700195317,-1.4331513700195317,-1.4331513700195317,0E-17,ELIGIBLE,R03b_20260811_FULL_v1,L1_ELIGIBILITY,v2026-08-11,2026-03-21..2026-08-06,baccarat_bet02_101_all_pairs_incl_sentinel,round_win = game_pnl > 0 (decisive only),COMPATIBILITY_ONLY_NOT_PRODUCTION,268817.8208,244366.2908,168.7661,6248,5610,-0.00062781,-0.08642944,0.00436428,-0.00062781,-168.7661,268817.8208,OK,0.0000,6.7506,4.0000,96.0000,AG03-UNRESOLVED,ALL5_LEVELS_bet23_to_bet27,6.7506,6.7506,6.7506,8.4383,8.4383,4.000000,4.000000,4.000000,5.000000,5.000000,96.000000,96.000000,96.000000,95.000000,95.000000,5.0,37.1285,34.0107,131.6376,134.7554,PENDING_AG03,FALSE,NOT_FOR_ENFORCEMENT,162.0155,234591.6392,168.7661,162.0155,6.7506,0.00062781,0.00060270,6.7506,162.0155,0.00060270,6.7506,6.7506,6.7506,8.4383,8.4383,162.0155,0.00060270,37.1285,34.0107,131.6376,134.7554,0.00048969,0.00050129,0.00002511,43.0246,43.5591,0.0301,2.0581,0.0627,3278.2661,68.4146,17.6798,46.9397,25.7155,39.4976,52.6635,77.1466,82.2897,128.5777,31.4111,0.0,2.083411,3.25533,1.089297,30,192,222,8,0.05498276,0.00062781,0.08642944,0E-8,0.000000,0.909041,0.000000,-0.09079372,2026-03-23,2026-08-06,82,2690,1181,137,0.598540,0.376650,0.410924,0.183276,,,,,,,,GLOBAL_BASELINE_NO_ENTITY_RANKING,,,NOT_APPLICABLE_GLOBAL_BASELINE,HF9g-P5,,,,X 全窗基线 · 不参与实体赏罚,6876907,688,A168_HF9F_20260827_0900,2026-08-27 09:00:00
2026-03-28,70460261,2101,0,53.1900887379,-53.1900887379,-53.1900887379,0E-7,1,1,0.50665070000000000,0.506650700000,-1.013391052207602,-1.013391052207602,-1.013391052207602,0E-17,ELIGIBLE,R03b_20260811_FULL_v1,L1_ELIGIBILITY,v2026-08-11,2026-03-21..2026-08-06,baccarat_bet02_101_all_pairs_incl_sentinel,round_win = game_pnl > 0 (decisive only),COMPATIBILITY_ONLY_NOT_PRODUCTION,268817.8208,244366.2908,168.7661,6248,5610,-0.00062781,-0.08642944,0.00436428,-0.00062781,-168.7661,268817.8208,OK,0.0000,6.7506,4.0000,96.0000,AG03-UNRESOLVED,ALL5_LEVELS_bet23_to_bet27,6.7506,6.7506,6.7506,8.4383,8.4383,4.000000,4.000000,4.000000,5.000000,5.000000,96.000000,96.000000,96.000000,95.000000,95.000000,5.0,37.1285,34.0107,131.6376,134.7554,PENDING_AG03,FALSE,NOT_FOR_ENFORCEMENT,162.0155,234591.6392,168.7661,162.0155,6.7506,0.00062781,0.00060270,6.7506,162.0155,0.00060270,6.7506,6.7506,6.7506,8.4383,8.4383,162.0155,0.00060270,37.1285,34.0107,131.6376,134.7554,0.00048969,0.00050129,0.00002511,43.0246,43.5591,0.0301,2.0581,0.0627,3278.2661,68.4146,17.6798,46.9397,25.7155,39.4976,52.6635,77.1466,82.2897,128.5777,31.4111,0.0,2.083411,3.25533,1.089297,30,192,222,8,0.05498276,0.00062781,0.08642944,0E-8,0.000000,0.909041,0.000000,-0.09079372,2026-03-23,2026-08-06,82,2690,1181,137,0.598540,0.376650,0.410924,0.183276,,,,,,,,GLOBAL_BASELINE_NO_ENTITY_RANKING,,,NOT_APPLICABLE_GLOBAL_BASELINE,HF9g-P5,,,,X 全窗基线 · 不参与实体赏罚,6876908,688,A168_HF9F_20260827_0900,2026-08-27 09:00:00
2026-03-28,70460261,2105,0,78.9951812940,52.6634541960,52.6634541960,1.0000000,3,3,0.49771390000000000,0.497713900000,1.4206944795187548,1.420694479518755,1.4206944795187548,0E-17,ELIGIBLE,R03b_20260811_FULL_v1,L1_ELIGIBILITY,v2026-08-11,2026-03-21..2026-08-06,baccarat_bet02_101_all_pairs_incl_sentinel,round_win = game_pnl > 0 (decisive only),COMPATIBILITY_ONLY_NOT_PRODUCTION,268817.8208,244366.2908,168.7661,6248,5610,-0.00062781,-0.08642944,0.00436428,-0.00062781,-168.7661,268817.8208,OK,0.0000,6.7506,4.0000,96.0000,AG03-UNRESOLVED,ALL5_LEVELS_bet23_to_bet27,6.7506,6.7506,6.7506,8.4383,8.4383,4.000000,4.000000,4.000000,5.000000,5.000000,96.000000,96.000000,96.000000,95.000000,95.000000,5.0,37.1285,34.0107,131.6376,134.7554,PENDING_AG03,FALSE,NOT_FOR_ENFORCEMENT,162.0155,234591.6392,168.7661,162.0155,6.7506,0.00062781,0.00060270,6.7506,162.0155,0.00060270,6.7506,6.7506,6.7506,8.4383,8.4383,162.0155,0.00060270,37.1285,34.0107,131.6376,134.7554,0.00048969,0.00050129,0.00002511,43.0246,43.5591,0.0301,2.0581,0.0627,3278.2661,68.4146,17.6798,46.9397,25.7155,39.4976,52.6635,77.1466,82.2897,128.5777,31.4111,0.0,2.083411,3.25533,1.089297,30,192,222,8,0.05498276,0.00062781,0.08642944,0E-8,0.000000,0.909041,0.000000,-0.09079372,2026-03-23,2026-08-06,82,2690,1181,137,0.598540,0.376650,0.410924,0.183276,,,,,,,,GLOBAL_BASELINE_NO_ENTITY_RANKING,,,NOT_APPLICABLE_GLOBAL_BASELINE,HF9g-P5,,,,X 全窗基线 · 不参与实体赏罚,6876909,688,A168_HF9F_20260827_0900,2026-08-27 09:00:00
2026-03-28,70460261,2106,0,527.6878110436,135.2924138294,135.2924138294,0.6666667,10,9,0.49979412222221478,0.482652677778,0.8175052412386301,0.9020238114016291,0.8175052412386301,0.01714144444421478,ELIGIBLE,R03b_20260811_FULL_v1,L1_ELIGIBILITY,v2026-08-11,2026-03-21..2026-08-06,baccarat_bet02_101_all_pairs_incl_sentinel,round_win = game_pnl > 0 (decisive only),COMPATIBILITY_ONLY_NOT_PRODUCTION,268817.8208,244366.2908,168.7661,6248,5610,-0.00062781,-0.08642944,0.00436428,-0.00062781,-168.7661,268817.8208,OK,0.0000,6.7506,4.0000,96.0000,AG03-UNRESOLVED,ALL5_LEVELS_bet23_to_bet27,6.7506,6.7506,6.7506,8.4383,8.4383,4.000000,4.000000,4.000000,5.000000,5.000000,96.000000,96.000000,96.000000,95.000000,95.000000,5.0,37.1285,34.0107,131.6376,134.7554,PENDING_AG03,FALSE,NOT_FOR_ENFORCEMENT,162.0155,234591.6392,168.7661,162.0155,6.7506,0.00062781,0.00060270,6.7506,162.0155,0.00060270,6.7506,6.7506,6.7506,8.4383,8.4383,162.0155,0.00060270,37.1285,34.0107,131.6376,134.7554,0.00048969,0.00050129,0.00002511,43.0246,43.5591,0.0301,2.0581,0.0627,3278.2661,68.4146,17.6798,46.9397,25.7155,39.4976,52.6635,77.1466,82.2897,128.5777,31.4111,0.0,2.083411,3.25533,1.089297,30,192,222,8,0.05498276,0.00062781,0.08642944,0E-8,0.000000,0.909041,0.000000,-0.09079372,2026-03-23,2026-08-06,82,2690,1181,137,0.598540,0.376650,0.410924,0.183276,,,,,,,,GLOBAL_BASELINE_NO_ENTITY_RANKING,,,NOT_APPLICABLE_GLOBAL_BASELINE,HF9g-P5,,,,X 全窗基线 · 不参与实体赏罚,6876910,688,A168_HF9F_20260827_0900,2026-08-27 09:00:00
2026-03-28,70460261,2108,0,84.2615267135,80.3117676488,80.3117676488,1.0000000,2,2,0.49994810000000000,0.499948100000,1.4143603653603398,1.4143603653603398,1.4143603653603398,0E-17,ELIGIBLE,R03b_20260811_FULL_v1,L1_ELIGIBILITY,v2026-08-11,2026-03-21..2026-08-06,baccarat_bet02_101_all_pairs_incl_sentinel,round_win = game_pnl > 0 (decisive only),COMPATIBILITY_ONLY_NOT_PRODUCTION,268817.8208,244366.2908,168.7661,6248,5610,-0.00062781,-0.08642944,0.00436428,-0.00062781,-168.7661,268817.8208,OK,0.0000,6.7506,4.0000,96.0000,AG03-UNRESOLVED,ALL5_LEVELS_bet23_to_bet27,6.7506,6.7506,6.7506,8.4383,8.4383,4.000000,4.000000,4.000000,5.000000,5.000000,96.000000,96.000000,96.000000,95.000000,95.000000,5.0,37.1285,34.0107,131.6376,134.7554,PENDING_AG03,FALSE,NOT_FOR_ENFORCEMENT,162.0155,234591.6392,168.7661,162.0155,6.7506,0.00062781,0.00060270,6.7506,162.0155,0.00060270,6.7506,6.7506,6.7506,8.4383,8.4383,162.0155,0.00060270,37.1285,34.0107,131.6376,134.7554,0.00048969,0.00050129,0.00002511,43.0246,43.5591,0.0301,2.0581,0.0627,3278.2661,68.4146,17.6798,46.9397,25.7155,39.4976,52.6635,77.1466,82.2897,128.5777,31.4111,0.0,2.083411,3.25533,1.089297,30,192,222,8,0.05498276,0.00062781,0.08642944,0E-8,0.000000,0.909041,0.000000,-0.09079372,2026-03-23,2026-08-06,82,2690,1181,137,0.598540,0.376650,0.410924,0.183276,,,,,,,,GLOBAL_BASELINE_NO_ENTITY_RANKING,,,NOT_APPLICABLE_GLOBAL_BASELINE,HF9g-P5,,,,X 全窗基线 · 不参与实体赏罚,6876911,688,A168_HF9F_20260827_0900,2026-08-27 09:00:00
2026-03-28,70460261,2115,0,131.6586354899,-131.6586354899,-131.6586354899,0E-7,2,2,0.50665070000000000,0.506650700000,-1.4331513700195317,-1.4331513700195317,-1.4331513700195317,0E-17,ELIGIBLE,R03b_20260811_FULL_v1,L1_ELIGIBILITY,v2026-08-11,2026-03-21..2026-08-06,baccarat_bet02_101_all_pairs_incl_sentinel,round_win = game_pnl > 0 (decisive only),COMPATIBILITY_ONLY_NOT_PRODUCTION,268817.8208,244366.2908,168.7661,6248,5610,-0.00062781,-0.08642944,0.00436428,-0.00062781,-168.7661,268817.8208,OK,0.0000,6.7506,4.0000,96.0000,AG03-UNRESOLVED,ALL5_LEVELS_bet23_to_bet27,6.7506,6.7506,6.7506,8.4383,8.4383,4.000000,4.000000,4.000000,5.000000,5.000000,96.000000,96.000000,96.000000,95.000000,95.000000,5.0,37.1285,34.0107,131.6376,134.7554,PENDING_AG03,FALSE,NOT_FOR_ENFORCEMENT,162.0155,234591.6392,168.7661,162.0155,6.7506,0.00062781,0.00060270,6.7506,162.0155,0.00060270,6.7506,6.7506,6.7506,8.4383,8.4383,162.0155,0.00060270,37.1285,34.0107,131.6376,134.7554,0.00048969,0.00050129,0.00002511,43.0246,43.5591,0.0301,2.0581,0.0627,3278.2661,68.4146,17.6798,46.9397,25.7155,39.4976,52.6635,77.1466,82.2897,128.5777,31.4111,0.0,2.083411,3.25533,1.089297,30,192,222,8,0.05498276,0.00062781,0.08642944,0E-8,0.000000,0.909041,0.000000,-0.09079372,2026-03-23,2026-08-06,82,2690,1181,137,0.598540,0.376650,0.410924,0.183276,,,,,,,,GLOBAL_BASELINE_NO_ENTITY_RANKING,,,NOT_APPLICABLE_GLOBAL_BASELINE,HF9g-P5,,,,X 全窗基线 · 不参与实体赏罚,6876912,688,A168_HF9F_20260827_0900,2026-08-27 09:00:00
2026-03-28,70460261,2121,0,163.2567080075,-86.2364062459,-86.2364062459,0.3333333,4,3,0.46182367254901961,0.433572633333,-0.44640670841056107,-0.35034474486728023,-0.44640670841056107,0.02825103921601961,ELIGIBLE,R03b_20260811_FULL_v1,L1_ELIGIBILITY,v2026-08-11,2026-03-21..2026-08-06,baccarat_bet02_101_all_pairs_incl_sentinel,round_win = game_pnl > 0 (decisive only),COMPATIBILITY_ONLY_NOT_PRODUCTION,268817.8208,244366.2908,168.7661,6248,5610,-0.00062781,-0.08642944,0.00436428,-0.00062781,-168.7661,268817.8208,OK,0.0000,6.7506,4.0000,96.0000,AG03-UNRESOLVED,ALL5_LEVELS_bet23_to_bet27,6.7506,6.7506,6.7506,8.4383,8.4383,4.000000,4.000000,4.000000,5.000000,5.000000,96.000000,96.000000,96.000000,95.000000,95.000000,5.0,37.1285,34.0107,131.6376,134.7554,PENDING_AG03,FALSE,NOT_FOR_ENFORCEMENT,162.0155,234591.6392,168.7661,162.0155,6.7506,0.00062781,0.00060270,6.7506,162.0155,0.00060270,6.7506,6.7506,6.7506,8.4383,8.4383,162.0155,0.00060270,37.1285,34.0107,131.6376,134.7554,0.00048969,0.00050129,0.00002511,43.0246,43.5591,0.0301,2.0581,0.0627,3278.2661,68.4146,17.6798,46.9397,25.7155,39.4976,52.6635,77.1466,82.2897,128.5777,31.4111,0.0,2.083411,3.25533,1.089297,30,192,222,8,0.05498276,0.00062781,0.08642944,0E-8,0.000000,0.909041,0.000000,-0.09079372,2026-03-23,2026-08-06,82,2690,1181,137,0.598540,0.376650,0.410924,0.183276,,,,,,,,GLOBAL_BASELINE_NO_ENTITY_RANKING,,,NOT_APPLICABLE_GLOBAL_BASELINE,HF9g-P5,,,,X 全窗基线 · 不参与实体赏罚,6876913,688,A168_HF9F_20260827_0900,2026-08-27 09:00:00
2026-03-28,70460261,2127,0,704.6370171420,-92.9509966559,-92.9509966559,0.5000000,11,11,0.50543204545454545,0.505432045455,-0.034357299609462925,-0.034357299612338264,-0.034357299609462925,-4.5455E-13,ELIGIBLE,R03b_20260811_FULL_v1,L1_ELIGIBILITY,v2026-08-11,2026-03-21..2026-08-06,baccarat_bet02_101_all_pairs_incl_sentinel,round_win = game_pnl > 0 (decisive only),COMPATIBILITY_ONLY_NOT_PRODUCTION,268817.8208,244366.2908,168.7661,6248,5610,-0.00062781,-0.08642944,0.00436428,-0.00062781,-168.7661,268817.8208,OK,0.0000,6.7506,4.0000,96.0000,AG03-UNRESOLVED,ALL5_LEVELS_bet23_to_bet27,6.7506,6.7506,6.7506,8.4383,8.4383,4.000000,4.000000,4.000000,5.000000,5.000000,96.000000,96.000000,96.000000,95.000000,95.000000,5.0,37.1285,34.0107,131.6376,134.7554,PENDING_AG03,FALSE,NOT_FOR_ENFORCEMENT,162.0155,234591.6392,168.7661,162.0155,6.7506,0.00062781,0.00060270,6.7506,162.0155,0.00060270,6.7506,6.7506,6.7506,8.4383,8.4383,162.0155,0.00060270,37.1285,34.0107,131.6376,134.7554,0.00048969,0.00050129,0.00002511,43.0246,43.5591,0.0301,2.0581,0.0627,3278.2661,68.4146,17.6798,46.9397,25.7155,39.4976,52.6635,77.1466,82.2897,128.5777,31.4111,0.0,2.083411,3.25533,1.089297,30,192,222,8,0.05498276,0.00062781,0.08642944,0E-8,0.000000,0.909041,0.000000,-0.09079372,2026-03-23,2026-08-06,82,2690,1181,137,0.598540,0.376650,0.410924,0.183276,,,,,,,,GLOBAL_BASELINE_NO_ENTITY_RANKING,,,NOT_APPLICABLE_GLOBAL_BASELINE,HF9g-P5,,,,X 全窗基线 · 不参与实体赏罚,6876914,688,A168_HF9F_20260827_0900,2026-08-27 09:00:00
2026-03-28,70460261,2134,0,92.1610448430,-65.8293177450,-65.8293177450,0E-7,2,2,0.49994810000000000,0.499948100000,-0.9998962053866608,-0.9998962053866608,-0.9998962053866608,0E-17,ELIGIBLE,R03b_20260811_FULL_v1,L1_ELIGIBILITY,v2026-08-11,2026-03-21..2026-08-06,baccarat_bet02_101_all_pairs_incl_sentinel,round_win = game_pnl > 0 (decisive only),COMPATIBILITY_ONLY_NOT_PRODUCTION,268817.8208,244366.2908,168.7661,6248,5610,-0.00062781,-0.08642944,0.00436428,-0.00062781,-168.7661,268817.8208,OK,0.0000,6.7506,4.0000,96.0000,AG03-UNRESOLVED,ALL5_LEVELS_bet23_to_bet27,6.7506,6.7506,6.7506,8.4383,8.4383,4.000000,4.000000,4.000000,5.000000,5.000000,96.000000,96.000000,96.000000,95.000000,95.000000,5.0,37.1285,34.0107,131.6376,134.7554,PENDING_AG03,FALSE,NOT_FOR_ENFORCEMENT,162.0155,234591.6392,168.7661,162.0155,6.7506,0.00062781,0.00060270,6.7506,162.0155,0.00060270,6.7506,6.7506,6.7506,8.4383,8.4383,162.0155,0.00060270,37.1285,34.0107,131.6376,134.7554,0.00048969,0.00050129,0.00002511,43.0246,43.5591,0.0301,2.0581,0.0627,3278.2661,68.4146,17.6798,46.9397,25.7155,39.4976,52.6635,77.1466,82.2897,128.5777,31.4111,0.0,2.083411,3.25533,1.089297,30,192,222,8,0.05498276,0.00062781,0.08642944,0E-8,0.000000,0.909041,0.000000,-0.09079372,2026-03-23,2026-08-06,82,2690,1181,137,0.598540,0.376650,0.410924,0.183276,,,,,,,,GLOBAL_BASELINE_NO_ENTITY_RANKING,,,NOT_APPLICABLE_GLOBAL_BASELINE,HF9g-P5,,,,X 全窗基线 · 不参与实体赏罚,6876915,688,A168_HF9F_20260827_0900,2026-08-27 09:00:00
2026-03-28,70460261,2141,0,217.7633831004,23.5668957527,23.5668957527,0.6000000,5,5,0.50665070000000000,0.506650700000,0.4175076967804994,0.4175076967804994,0.4175076967804994,0E-17,ELIGIBLE,R03b_20260811_FULL_v1,L1_ELIGIBILITY,v2026-08-11,2026-03-21..2026-08-06,baccarat_bet02_101_all_pairs_incl_sentinel,round_win = game_pnl > 0 (decisive only),COMPATIBILITY_ONLY_NOT_PRODUCTION,268817.8208,244366.2908,168.7661,6248,5610,-0.00062781,-0.08642944,0.00436428,-0.00062781,-168.7661,268817.8208,OK,0.0000,6.7506,4.0000,96.0000,AG03-UNRESOLVED,ALL5_LEVELS_bet23_to_bet27,6.7506,6.7506,6.7506,8.4383,8.4383,4.000000,4.000000,4.000000,5.000000,5.000000,96.000000,96.000000,96.000000,95.000000,95.000000,5.0,37.1285,34.0107,131.6376,134.7554,PENDING_AG03,FALSE,NOT_FOR_ENFORCEMENT,162.0155,234591.6392,168.7661,162.0155,6.7506,0.00062781,0.00060270,6.7506,162.0155,0.00060270,6.7506,6.7506,6.7506,8.4383,8.4383,162.0155,0.00060270,37.1285,34.0107,131.6376,134.7554,0.00048969,0.00050129,0.00002511,43.0246,43.5591,0.0301,2.0581,0.0627,3278.2661,68.4146,17.6798,46.9397,25.7155,39.4976,52.6635,77.1466,82.2897,128.5777,31.4111,0.0,2.083411,3.25533,1.089297,30,192,222,8,0.05498276,0.00062781,0.08642944,0E-8,0.000000,0.909041,0.000000,-0.09079372,2026-03-23,2026-08-06,82,2690,1181,137,0.598540,0.376650,0.410924,0.183276,,,,,,,,GLOBAL_BASELINE_NO_ENTITY_RANKING,,,NOT_APPLICABLE_GLOBAL_BASELINE,HF9g-P5,,,,X 全窗基线 · 不参与实体赏罚,6876916,688,A168_HF9F_20260827_0900,2026-08-27 09:00:00
2026-03-28,70460261,2147,0,26.3317270980,-26.3317270980,-26.3317270980,0E-7,1,1,0.49324550000000000,0.493245500000,-0.9865810262130424,-0.9865810262130424,-0.9865810262130424,0E-17,ELIGIBLE,R03b_20260811_FULL_v1,L1_ELIGIBILITY,v2026-08-11,2026-03-21..2026-08-06,baccarat_bet02_101_all_pairs_incl_sentinel,round_win = game_pnl > 0 (decisive only),COMPATIBILITY_ONLY_NOT_PRODUCTION,268817.8208,244366.2908,168.7661,6248,5610,-0.00062781,-0.08642944,0.00436428,-0.00062781,-168.7661,268817.8208,OK,0.0000,6.7506,4.0000,96.0000,AG03-UNRESOLVED,ALL5_LEVELS_bet23_to_bet27,6.7506,6.7506,6.7506,8.4383,8.4383,4.000000,4.000000,4.000000,5.000000,5.000000,96.000000,96.000000,96.000000,95.000000,95.000000,5.0,37.1285,34.0107,131.6376,134.7554,PENDING_AG03,FALSE,NOT_FOR_ENFORCEMENT,162.0155,234591.6392,168.7661,162.0155,6.7506,0.00062781,0.00060270,6.7506,162.0155,0.00060270,6.7506,6.7506,6.7506,8.4383,8.4383,162.0155,0.00060270,37.1285,34.0107,131.6376,134.7554,0.00048969,0.00050129,0.00002511,43.0246,43.5591,0.0301,2.0581,0.0627,3278.2661,68.4146,17.6798,46.9397,25.7155,39.4976,52.6635,77.1466,82.2897,128.5777,31.4111,0.0,2.083411,3.25533,1.089297,30,192,222,8,0.05498276,0.00062781,0.08642944,0E-8,0.000000,0.909041,0.000000,-0.09079372,2026-03-23,2026-08-06,82,2690,1181,137,0.598540,0.376650,0.410924,0.183276,,,,,,,,GLOBAL_BASELINE_NO_ENTITY_RANKING,,,NOT_APPLICABLE_GLOBAL_BASELINE,HF9g-P5,,,,X 全窗基线 · 不参与实体赏罚,6876917,688,A168_HF9F_20260827_0900,2026-08-27 09:00:00
2026-03-28,70460261,2155,0,568.7653053164,-66.2242936515,-66.2242936515,0.5000000,9,9,0.50665070000000000,0.506650700000,-0.037625369180734974,-0.037625369180734974,-0.037625369180734974,0E-17,ELIGIBLE,R03b_20260811_FULL_v1,L1_ELIGIBILITY,v2026-08-11,2026-03-21..2026-08-06,baccarat_bet02_101_all_pairs_incl_sentinel,round_win = game_pnl > 0 (decisive only),COMPATIBILITY_ONLY_NOT_PRODUCTION,268817.8208,244366.2908,168.7661,6248,5610,-0.00062781,-0.08642944,0.00436428,-0.00062781,-168.7661,268817.8208,OK,0.0000,6.7506,4.0000,96.0000,AG03-UNRESOLVED,ALL5_LEVELS_bet23_to_bet27,6.7506,6.7506,6.7506,8.4383,8.4383,4.000000,4.000000,4.000000,5.000000,5.000000,96.000000,96.000000,96.000000,95.000000,95.000000,5.0,37.1285,34.0107,131.6376,134.7554,PENDING_AG03,FALSE,NOT_FOR_ENFORCEMENT,162.0155,234591.6392,168.7661,162.0155,6.7506,0.00062781,0.00060270,6.7506,162.0155,0.00060270,6.7506,6.7506,6.7506,8.4383,8.4383,162.0155,0.00060270,37.1285,34.0107,131.6376,134.7554,0.00048969,0.00050129,0.00002511,43.0246,43.5591,0.0301,2.0581,0.0627,3278.2661,68.4146,17.6798,46.9397,25.7155,39.4976,52.6635,77.1466,82.2897,128.5777,31.4111,0.0,2.083411,3.25533,1.089297,30,192,222,8,0.05498276,0.00062781,0.08642944,0E-8,0.000000,0.909041,0.000000,-0.09079372,2026-03-23,2026-08-06,82,2690,1181,137,0.598540,0.376650,0.410924,0.183276,,,,,,,,GLOBAL_BASELINE_NO_ENTITY_RANKING,,,NOT_APPLICABLE_GLOBAL_BASELINE,HF9g-P5,,,,X 全窗基线 · 不参与实体赏罚,6876918,688,A168_HF9F_20260827_0900,2026-08-27 09:00:00
2026-03-28,70460261,2156,0,81.1017194618,25.6997656476,25.6997656476,0.5000000,2,2,0.49994810000000000,0.499948100000,0.00014679536856514622,0.00014679536856514622,0.00014679536856514622,0E-17,ELIGIBLE,R03b_20260811_FULL_v1,L1_ELIGIBILITY,v2026-08-11,2026-03-21..2026-08-06,baccarat_bet02_101_all_pairs_incl_sentinel,round_win = game_pnl > 0 (decisive only),COMPATIBILITY_ONLY_NOT_PRODUCTION,268817.8208,244366.2908,168.7661,6248,5610,-0.00062781,-0.08642944,0.00436428,-0.00062781,-168.7661,268817.8208,OK,0.0000,6.7506,4.0000,96.0000,AG03-UNRESOLVED,ALL5_LEVELS_bet23_to_bet27,6.7506,6.7506,6.7506,8.4383,8.4383,4.000000,4.000000,4.000000,5.000000,5.000000,96.000000,96.000000,96.000000,95.000000,95.000000,5.0,37.1285,34.0107,131.6376,134.7554,PENDING_AG03,FALSE,NOT_FOR_ENFORCEMENT,162.0155,234591.6392,168.7661,162.0155,6.7506,0.00062781,0.00060270,6.7506,162.0155,0.00060270,6.7506,6.7506,6.7506,8.4383,8.4383,162.0155,0.00060270,37.1285,34.0107,131.6376,134.7554,0.00048969,0.00050129,0.00002511,43.0246,43.5591,0.0301,2.0581,0.0627,3278.2661,68.4146,17.6798,46.9397,25.7155,39.4976,52.6635,77.1466,82.2897,128.5777,31.4111,0.0,2.083411,3.25533,1.089297,30,192,222,8,0.05498276,0.00062781,0.08642944,0E-8,0.000000,0.909041,0.000000,-0.09079372,2026-03-23,2026-08-06,82,2690,1181,137,0.598540,0.376650,0.410924,0.183276,,,,,,,,GLOBAL_BASELINE_NO_ENTITY_RANKING,,,NOT_APPLICABLE_GLOBAL_BASELINE,HF9g-P5,,,,X 全窗基线 · 不参与实体赏罚,6876919,688,A168_HF9F_20260827_0900,2026-08-27 09:00:00
2026-03-28,70460261,2160,0,52.1368196540,-52.1368196540,-52.1368196540,0E-7,2,2,0.50665070000000000,0.506650700000,-1.4331513700195317,-1.4331513700195317,-1.4331513700195317,0E-17,ELIGIBLE,R03b_20260811_FULL_v1,L1_ELIGIBILITY,v2026-08-11,2026-03-21..2026-08-06,baccarat_bet02_101_all_pairs_incl_sentinel,round_win = game_pnl > 0 (decisive only),COMPATIBILITY_ONLY_NOT_PRODUCTION,268817.8208,244366.2908,168.7661,6248,5610,-0.00062781,-0.08642944,0.00436428,-0.00062781,-168.7661,268817.8208,OK,0.0000,6.7506,4.0000,96.0000,AG03-UNRESOLVED,ALL5_LEVELS_bet23_to_bet27,6.7506,6.7506,6.7506,8.4383,8.4383,4.000000,4.000000,4.000000,5.000000,5.000000,96.000000,96.000000,96.000000,95.000000,95.000000,5.0,37.1285,34.0107,131.6376,134.7554,PENDING_AG03,FALSE,NOT_FOR_ENFORCEMENT,162.0155,234591.6392,168.7661,162.0155,6.7506,0.00062781,0.00060270,6.7506,162.0155,0.00060270,6.7506,6.7506,6.7506,8.4383,8.4383,162.0155,0.00060270,37.1285,34.0107,131.6376,134.7554,0.00048969,0.00050129,0.00002511,43.0246,43.5591,0.0301,2.0581,0.0627,3278.2661,68.4146,17.6798,46.9397,25.7155,39.4976,52.6635,77.1466,82.2897,128.5777,31.4111,0.0,2.083411,3.25533,1.089297,30,192,222,8,0.05498276,0.00062781,0.08642944,0E-8,0.000000,0.909041,0.000000,-0.09079372,2026-03-23,2026-08-06,82,2690,1181,137,0.598540,0.376650,0.410924,0.183276,,,,,,,,GLOBAL_BASELINE_NO_ENTITY_RANKING,,,NOT_APPLICABLE_GLOBAL_BASELINE,HF9g-P5,,,,X 全窗基线 · 不参与实体赏罚,6876920,688,A168_HF9F_20260827_0900,2026-08-27 09:00:00
2026-03-28,70460261,2167,0,157.9903625880,-2.6331727098,-2.6331727098,0.5000000,3,3,0.49771390000000000,0.497713900000,0.006466134837551399,0.0064661348375514,0.006466134837551399,0E-17,ELIGIBLE,R03b_20260811_FULL_v1,L1_ELIGIBILITY,v2026-08-11,2026-03-21..2026-08-06,baccarat_bet02_101_all_pairs_incl_sentinel,round_win = game_pnl > 0 (decisive only),COMPATIBILITY_ONLY_NOT_PRODUCTION,268817.8208,244366.2908,168.7661,6248,5610,-0.00062781,-0.08642944,0.00436428,-0.00062781,-168.7661,268817.8208,OK,0.0000,6.7506,4.0000,96.0000,AG03-UNRESOLVED,ALL5_LEVELS_bet23_to_bet27,6.7506,6.7506,6.7506,8.4383,8.4383,4.000000,4.000000,4.000000,5.000000,5.000000,96.000000,96.000000,96.000000,95.000000,95.000000,5.0,37.1285,34.0107,131.6376,134.7554,PENDING_AG03,FALSE,NOT_FOR_ENFORCEMENT,162.0155,234591.6392,168.7661,162.0155,6.7506,0.00062781,0.00060270,6.7506,162.0155,0.00060270,6.7506,6.7506,6.7506,8.4383,8.4383,162.0155,0.00060270,37.1285,34.0107,131.6376,134.7554,0.00048969,0.00050129,0.00002511,43.0246,43.5591,0.0301,2.0581,0.0627,3278.2661,68.4146,17.6798,46.9397,25.7155,39.4976,52.6635,77.1466,82.2897,128.5777,31.4111,0.0,2.083411,3.25533,1.089297,30,192,222,8,0.05498276,0.00062781,0.08642944,0E-8,0.000000,0.909041,0.000000,-0.09079372,2026-03-23,2026-08-06,82,2690,1181,137,0.598540,0.376650,0.410924,0.183276,,,,,,,,GLOBAL_BASELINE_NO_ENTITY_RANKING,,,NOT_APPLICABLE_GLOBAL_BASELINE,HF9g-P5,,,,X 全窗基线 · 不参与实体赏罚,6876921,688,A168_HF9F_20260827_0900,2026-08-27 09:00:00
2026-03-28,70460261,2188,0,150.0908444586,142.5863022356,142.5863022356,1.0000000,4,4,0.50665070000000000,0.506650700000,1.9735717970305138,1.9735717970305138,1.9735717970305138,0E-17,ELIGIBLE,R03b_20260811_FULL_v1,L1_ELIGIBILITY,v2026-08-11,2026-03-21..2026-08-06,baccarat_bet02_101_all_pairs_incl_sentinel,round_win = game_pnl > 0 (decisive only),COMPATIBILITY_ONLY_NOT_PRODUCTION,268817.8208,244366.2908,168.7661,6248,5610,-0.00062781,-0.08642944,0.00436428,-0.00062781,-168.7661,268817.8208,OK,0.0000,6.7506,4.0000,96.0000,AG03-UNRESOLVED,ALL5_LEVELS_bet23_to_bet27,6.7506,6.7506,6.7506,8.4383,8.4383,4.000000,4.000000,4.000000,5.000000,5.000000,96.000000,96.000000,96.000000,95.000000,95.000000,5.0,37.1285,34.0107,131.6376,134.7554,PENDING_AG03,FALSE,NOT_FOR_ENFORCEMENT,162.0155,234591.6392,168.7661,162.0155,6.7506,0.00062781,0.00060270,6.7506,162.0155,0.00060270,6.7506,6.7506,6.7506,8.4383,8.4383,162.0155,0.00060270,37.1285,34.0107,131.6376,134.7554,0.00048969,0.00050129,0.00002511,43.0246,43.5591,0.0301,2.0581,0.0627,3278.2661,68.4146,17.6798,46.9397,25.7155,39.4976,52.6635,77.1466,82.2897,128.5777,31.4111,0.0,2.083411,3.25533,1.089297,30,192,222,8,0.05498276,0.00062781,0.08642944,0E-8,0.000000,0.909041,0.000000,-0.09079372,2026-03-23,2026-08-06,82,2690,1181,137,0.598540,0.376650,0.410924,0.183276,,,,,,,,GLOBAL_BASELINE_NO_ENTITY_RANKING,,,NOT_APPLICABLE_GLOBAL_BASELINE,HF9g-P5,,,,X 全窗基线 · 不参与实体赏罚,6876922,688,A168_HF9F_20260827_0900,2026-08-27 09:00:00
2026-03-28,70460261,2196,0,171.1562261369,-39.4975906469,-39.4975906469,0.3333333,3,3,0.49771390000000000,0.497713900000,-0.5694369385616226,-0.5694369385616226,-0.5694369385616226,0E-17,ELIGIBLE,R03b_20260811_FULL_v1,L1_ELIGIBILITY,v2026-08-11,2026-03-21..2026-08-06,baccarat_bet02_101_all_pairs_incl_sentinel,round_win = game_pnl > 0 (decisive only),COMPATIBILITY_ONLY_NOT_PRODUCTION,268817.8208,244366.2908,168.7661,6248,5610,-0.00062781,-0.08642944,0.00436428,-0.00062781,-168.7661,268817.8208,OK,0.0000,6.7506,4.0000,96.0000,AG03-UNRESOLVED,ALL5_LEVELS_bet23_to_bet27,6.7506,6.7506,6.7506,8.4383,8.4383,4.000000,4.000000,4.000000,5.000000,5.000000,96.000000,96.000000,96.000000,95.000000,95.000000,5.0,37.1285,34.0107,131.6376,134.7554,PENDING_AG03,FALSE,NOT_FOR_ENFORCEMENT,162.0155,234591.6392,168.7661,162.0155,6.7506,0.00062781,0.00060270,6.7506,162.0155,0.00060270,6.7506,6.7506,6.7506,8.4383,8.4383,162.0155,0.00060270,37.1285,34.0107,131.6376,134.7554,0.00048969,0.00050129,0.00002511,43.0246,43.5591,0.0301,2.0581,0.0627,3278.2661,68.4146,17.6798,46.9397,25.7155,39.4976,52.6635,77.1466,82.2897,128.5777,31.4111,0.0,2.083411,3.25533,1.089297,30,192,222,8,0.05498276,0.00062781,0.08642944,0E-8,0.000000,0.909041,0.000000,-0.09079372,2026-03-23,2026-08-06,82,2690,1181,137,0.598540,0.376650,0.410924,0.183276,,,,,,,,GLOBAL_BASELINE_NO_ENTITY_RANKING,,,NOT_APPLICABLE_GLOBAL_BASELINE,HF9g-P5,,,,X 全窗基线 · 不参与实体赏罚,6876923,688,A168_HF9F_20260827_0900,2026-08-27 09:00:00
2026-03-28,70460261,2201,0,376.2803802303,87.1711825578,87.1711825578,0.6000000,7,6,0.49001768666666667,0.468419466667,0.491953910692561,0.5896233075276113,0.491953910692561,0.02159821999966667,ELIGIBLE,R03b_20260811_FULL_v1,L1_ELIGIBILITY,v2026-08-11,2026-03-21..2026-08-06,baccarat_bet02_101_all_pairs_incl_sentinel,round_win = game_pnl > 0 (decisive only),COMPATIBILITY_ONLY_NOT_PRODUCTION,268817.8208,244366.2908,168.7661,6248,5610,-0.00062781,-0.08642944,0.00436428,-0.00062781,-168.7661,268817.8208,OK,0.0000,6.7506,4.0000,96.0000,AG03-UNRESOLVED,ALL5_LEVELS_bet23_to_bet27,6.7506,6.7506,6.7506,8.4383,8.4383,4.000000,4.000000,4.000000,5.000000,5.000000,96.000000,96.000000,96.000000,95.000000,95.000000,5.0,37.1285,34.0107,131.6376,134.7554,PENDING_AG03,FALSE,NOT_FOR_ENFORCEMENT,162.0155,234591.6392,168.7661,162.0155,6.7506,0.00062781,0.00060270,6.7506,162.0155,0.00060270,6.7506,6.7506,6.7506,8.4383,8.4383,162.0155,0.00060270,37.1285,34.0107,131.6376,134.7554,0.00048969,0.00050129,0.00002511,43.0246,43.5591,0.0301,2.0581,0.0627,3278.2661,68.4146,17.6798,46.9397,25.7155,39.4976,52.6635,77.1466,82.2897,128.5777,31.4111,0.0,2.083411,3.25533,1.089297,30,192,222,8,0.05498276,0.00062781,0.08642944,0E-8,0.000000,0.909041,0.000000,-0.09079372,2026-03-23,2026-08-06,82,2690,1181,137,0.598540,0.376650,0.410924,0.183276,,,,,,,,GLOBAL_BASELINE_NO_ENTITY_RANKING,,,NOT_APPLICABLE_GLOBAL_BASELINE,HF9g-P5,,,,X 全窗基线 · 不参与实体赏罚,6876924,688,A168_HF9F_20260827_0900,2026-08-27 09:00:00
2026-03-28,70460261,2209,0,571.3984780264,397.7407378150,397.7407378150,0.8333333,13,13,0.50665070000000000,0.506650700000,2.2635239239151344,2.2635239239151344,2.2635239239151344,0E-17,ELIGIBLE,R03b_20260811_FULL_v1,L1_ELIGIBILITY,v2026-08-11,2026-03-21..2026-08-06,baccarat_bet02_101_all_pairs_incl_sentinel,round_win = game_pnl > 0 (decisive only),COMPATIBILITY_ONLY_NOT_PRODUCTION,268817.8208,244366.2908,168.7661,6248,5610,-0.00062781,-0.08642944,0.00436428,-0.00062781,-168.7661,268817.8208,OK,0.0000,6.7506,4.0000,96.0000,AG03-UNRESOLVED,ALL5_LEVELS_bet23_to_bet27,6.7506,6.7506,6.7506,8.4383,8.4383,4.000000,4.000000,4.000000,5.000000,5.000000,96.000000,96.000000,96.000000,95.000000,95.000000,5.0,37.1285,34.0107,131.6376,134.7554,PENDING_AG03,FALSE,NOT_FOR_ENFORCEMENT,162.0155,234591.6392,168.7661,162.0155,6.7506,0.00062781,0.00060270,6.7506,162.0155,0.00060270,6.7506,6.7506,6.7506,8.4383,8.4383,162.0155,0.00060270,37.1285,34.0107,131.6376,134.7554,0.00048969,0.00050129,0.00002511,43.0246,43.5591,0.0301,2.0581,0.0627,3278.2661,68.4146,17.6798,46.9397,25.7155,39.4976,52.6635,77.1466,82.2897,128.5777,31.4111,0.0,2.083411,3.25533,1.089297,30,192,222,8,0.05498276,0.00062781,0.08642944,0E-8,0.000000,0.909041,0.000000,-0.09079372,2026-03-23,2026-08-06,82,2690,1181,137,0.598540,0.376650,0.410924,0.183276,,,,,,,,GLOBAL_BASELINE_NO_ENTITY_RANKING,,,NOT_APPLICABLE_GLOBAL_BASELINE,HF9g-P5,,,,X 全窗基线 · 不参与实体赏罚,6876925,688,A168_HF9F_20260827_0900,2026-08-27 09:00:00
2026-03-28,70460261,2216,0,173.7893988466,108.6183742791,108.6183742791,0.6666667,3,3,0.50665070000000000,0.506650700000,0.5543606114942035,0.5543606114942035,0.5543606114942035,0E-17,ELIGIBLE,R03b_20260811_FULL_v1,L1_ELIGIBILITY,v2026-08-11,2026-03-21..2026-08-06,baccarat_bet02_101_all_pairs_incl_sentinel,round_win = game_pnl > 0 (decisive only),COMPATIBILITY_ONLY_NOT_PRODUCTION,268817.8208,244366.2908,168.7661,6248,5610,-0.00062781,-0.08642944,0.00436428,-0.00062781,-168.7661,268817.8208,OK,0.0000,6.7506,4.0000,96.0000,AG03-UNRESOLVED,ALL5_LEVELS_bet23_to_bet27,6.7506,6.7506,6.7506,8.4383,8.4383,4.000000,4.000000,4.000000,5.000000,5.000000,96.000000,96.000000,96.000000,95.000000,95.000000,5.0,37.1285,34.0107,131.6376,134.7554,PENDING_AG03,FALSE,NOT_FOR_ENFORCEMENT,162.0155,234591.6392,168.7661,162.0155,6.7506,0.00062781,0.00060270,6.7506,162.0155,0.00060270,6.7506,6.7506,6.7506,8.4383,8.4383,162.0155,0.00060270,37.1285,34.0107,131.6376,134.7554,0.00048969,0.00050129,0.00002511,43.0246,43.5591,0.0301,2.0581,0.0627,3278.2661,68.4146,17.6798,46.9397,25.7155,39.4976,52.6635,77.1466,82.2897,128.5777,31.4111,0.0,2.083411,3.25533,1.089297,30,192,222,8,0.05498276,0.00062781,0.08642944,0E-8,0.000000,0.909041,0.000000,-0.09079372,2026-03-23,2026-08-06,82,2690,1181,137,0.598540,0.376650,0.410924,0.183276,,,,,,,,GLOBAL_BASELINE_NO_ENTITY_RANKING,,,NOT_APPLICABLE_GLOBAL_BASELINE,HF9g-P5,,,,X 全窗基线 · 不参与实体赏罚,6876926,688,A168_HF9F_20260827_0900,2026-08-27 09:00:00
2026-03-28,70460261,2218,0,539.8004055089,111.6465228955,111.6465228955,0.7692308,15,15,0.50575702000000000,0.505757020000,1.9000621779380114,1.9000621779380114,1.9000621779380114,0E-17,ELIGIBLE,R03b_20260811_FULL_v1,L1_ELIGIBILITY,v2026-08-11,2026-03-21..2026-08-06,baccarat_bet02_101_all_pairs_incl_sentinel,round_win = game_pnl > 0 (decisive only),COMPATIBILITY_ONLY_NOT_PRODUCTION,268817.8208,244366.2908,168.7661,6248,5610,-0.00062781,-0.08642944,0.00436428,-0.00062781,-168.7661,268817.8208,OK,0.0000,6.7506,4.0000,96.0000,AG03-UNRESOLVED,ALL5_LEVELS_bet23_to_bet27,6.7506,6.7506,6.7506,8.4383,8.4383,4.000000,4.000000,4.000000,5.000000,5.000000,96.000000,96.000000,96.000000,95.000000,95.000000,5.0,37.1285,34.0107,131.6376,134.7554,PENDING_AG03,FALSE,NOT_FOR_ENFORCEMENT,162.0155,234591.6392,168.7661,162.0155,6.7506,0.00062781,0.00060270,6.7506,162.0155,0.00060270,6.7506,6.7506,6.7506,8.4383,8.4383,162.0155,0.00060270,37.1285,34.0107,131.6376,134.7554,0.00048969,0.00050129,0.00002511,43.0246,43.5591,0.0301,2.0581,0.0627,3278.2661,68.4146,17.6798,46.9397,25.7155,39.4976,52.6635,77.1466,82.2897,128.5777,31.4111,0.0,2.083411,3.25533,1.089297,30,192,222,8,0.05498276,0.00062781,0.08642944,0E-8,0.000000,0.909041,0.000000,-0.09079372,2026-03-23,2026-08-06,82,2690,1181,137,0.598540,0.376650,0.410924,0.183276,,,,,,,,GLOBAL_BASELINE_NO_ENTITY_RANKING,,,NOT_APPLICABLE_GLOBAL_BASELINE,HF9g-P5,,,,X 全窗基线 · 不参与实体赏罚,6876927,688,A168_HF9F_20260827_0900,2026-08-27 09:00:00
2026-03-28,70460261,2220,0,131.6586354899,-28.9648998077,-28.9648998077,0.5000000,2,2,0.50665070000000000,0.506650700000,-0.018812684590367487,-0.018812684590367487,-0.018812684590367487,0E-17,ELIGIBLE,R03b_20260811_FULL_v1,L1_ELIGIBILITY,v2026-08-11,2026-03-21..2026-08-06,baccarat_bet02_101_all_pairs_incl_sentinel,round_win = game_pnl > 0 (decisive only),COMPATIBILITY_ONLY_NOT_PRODUCTION,268817.8208,244366.2908,168.7661,6248,5610,-0.00062781,-0.08642944,0.00436428,-0.00062781,-168.7661,268817.8208,OK,0.0000,6.7506,4.0000,96.0000,AG03-UNRESOLVED,ALL5_LEVELS_bet23_to_bet27,6.7506,6.7506,6.7506,8.4383,8.4383,4.000000,4.000000,4.000000,5.000000,5.000000,96.000000,96.000000,96.000000,95.000000,95.000000,5.0,37.1285,34.0107,131.6376,134.7554,PENDING_AG03,FALSE,NOT_FOR_ENFORCEMENT,162.0155,234591.6392,168.7661,162.0155,6.7506,0.00062781,0.00060270,6.7506,162.0155,0.00060270,6.7506,6.7506,6.7506,8.4383,8.4383,162.0155,0.00060270,37.1285,34.0107,131.6376,134.7554,0.00048969,0.00050129,0.00002511,43.0246,43.5591,0.0301,2.0581,0.0627,3278.2661,68.4146,17.6798,46.9397,25.7155,39.4976,52.6635,77.1466,82.2897,128.5777,31.4111,0.0,2.083411,3.25533,1.089297,30,192,222,8,0.05498276,0.00062781,0.08642944,0E-8,0.000000,0.909041,0.000000,-0.09079372,2026-03-23,2026-08-06,82,2690,1181,137,0.598540,0.376650,0.410924,0.183276,,,,,,,,GLOBAL_BASELINE_NO_ENTITY_RANKING,,,NOT_APPLICABLE_GLOBAL_BASELINE,HF9g-P5,,,,X 全窗基线 · 不参与实体赏罚,6876928,688,A168_HF9F_20260827_0900,2026-08-27 09:00:00
2026-03-28,70460261,2223,0,592.4638597048,149.4325512810,149.4325512810,0.6363636,11,11,0.50421339090909091,0.504213390909,0.8766166853658646,0.8766166853664662,0.8766166853658646,9.091E-14,ELIGIBLE,R03b_20260811_FULL_v1,L1_ELIGIBILITY,v2026-08-11,2026-03-21..2026-08-06,baccarat_bet02_101_all_pairs_incl_sentinel,round_win = game_pnl > 0 (decisive only),COMPATIBILITY_ONLY_NOT_PRODUCTION,268817.8208,244366.2908,168.7661,6248,5610,-0.00062781,-0.08642944,0.00436428,-0.00062781,-168.7661,268817.8208,OK,0.0000,6.7506,4.0000,96.0000,AG03-UNRESOLVED,ALL5_LEVELS_bet23_to_bet27,6.7506,6.7506,6.7506,8.4383,8.4383,4.000000,4.000000,4.000000,5.000000,5.000000,96.000000,96.000000,96.000000,95.000000,95.000000,5.0,37.1285,34.0107,131.6376,134.7554,PENDING_AG03,FALSE,NOT_FOR_ENFORCEMENT,162.0155,234591.6392,168.7661,162.0155,6.7506,0.00062781,0.00060270,6.7506,162.0155,0.00060270,6.7506,6.7506,6.7506,8.4383,8.4383,162.0155,0.00060270,37.1285,34.0107,131.6376,134.7554,0.00048969,0.00050129,0.00002511,43.0246,43.5591,0.0301,2.0581,0.0627,3278.2661,68.4146,17.6798,46.9397,25.7155,39.4976,52.6635,77.1466,82.2897,128.5777,31.4111,0.0,2.083411,3.25533,1.089297,30,192,222,8,0.05498276,0.00062781,0.08642944,0E-8,0.000000,0.909041,0.000000,-0.09079372,2026-03-23,2026-08-06,82,2690,1181,137,0.598540,0.376650,0.410924,0.183276,,,,,,,,GLOBAL_BASELINE_NO_ENTITY_RANKING,,,NOT_APPLICABLE_GLOBAL_BASELINE,HF9g-P5,,,,X 全窗基线 · 不参与实体赏罚,6876929,688,A168_HF9F_20260827_0900,2026-08-27 09:00:00
2026-03-28,70460261,2224,0,644.3373620875,-48.7136951312,-48.7136951312,0.4545455,11,11,0.50665070000000000,0.506650700000,-0.34565767704657374,-0.34565767704657374,-0.34565767704657374,0E-17,ELIGIBLE,R03b_20260811_FULL_v1,L1_ELIGIBILITY,v2026-08-11,2026-03-21..2026-08-06,baccarat_bet02_101_all_pairs_incl_sentinel,round_win = game_pnl > 0 (decisive only),COMPATIBILITY_ONLY_NOT_PRODUCTION,268817.8208,244366.2908,168.7661,6248,5610,-0.00062781,-0.08642944,0.00436428,-0.00062781,-168.7661,268817.8208,OK,0.0000,6.7506,4.0000,96.0000,AG03-UNRESOLVED,ALL5_LEVELS_bet23_to_bet27,6.7506,6.7506,6.7506,8.4383,8.4383,4.000000,4.000000,4.000000,5.000000,5.000000,96.000000,96.000000,96.000000,95.000000,95.000000,5.0,37.1285,34.0107,131.6376,134.7554,PENDING_AG03,FALSE,NOT_FOR_ENFORCEMENT,162.0155,234591.6392,168.7661,162.0155,6.7506,0.00062781,0.00060270,6.7506,162.0155,0.00060270,6.7506,6.7506,6.7506,8.4383,8.4383,162.0155,0.00060270,37.1285,34.0107,131.6376,134.7554,0.00048969,0.00050129,0.00002511,43.0246,43.5591,0.0301,2.0581,0.0627,3278.2661,68.4146,17.6798,46.9397,25.7155,39.4976,52.6635,77.1466,82.2897,128.5777,31.4111,0.0,2.083411,3.25533,1.089297,30,192,222,8,0.05498276,0.00062781,0.08642944,0E-8,0.000000,0.909041,0.000000,-0.09079372,2026-03-23,2026-08-06,82,2690,1181,137,0.598540,0.376650,0.410924,0.183276,,,,,,,,GLOBAL_BASELINE_NO_ENTITY_RANKING,,,NOT_APPLICABLE_GLOBAL_BASELINE,HF9g-P5,,,,X 全窗基线 · 不参与实体赏罚,6876930,688,A168_HF9F_20260827_0900,2026-08-27 09:00:00
2026-03-28,70460261,2232,0,139.5581536193,24.7518234720,24.7518234720,0.6666667,3,3,0.50665070000000000,0.506650700000,0.5543606114942035,0.5543606114942035,0.5543606114942035,0E-17,ELIGIBLE,R03b_20260811_FULL_v1,L1_ELIGIBILITY,v2026-08-11,2026-03-21..2026-08-06,baccarat_bet02_101_all_pairs_incl_sentinel,round_win = game_pnl > 0 (decisive only),COMPATIBILITY_ONLY_NOT_PRODUCTION,268817.8208,244366.2908,168.7661,6248,5610,-0.00062781,-0.08642944,0.00436428,-0.00062781,-168.7661,268817.8208,OK,0.0000,6.7506,4.0000,96.0000,AG03-UNRESOLVED,ALL5_LEVELS_bet23_to_bet27,6.7506,6.7506,6.7506,8.4383,8.4383,4.000000,4.000000,4.000000,5.000000,5.000000,96.000000,96.000000,96.000000,95.000000,95.000000,5.0,37.1285,34.0107,131.6376,134.7554,PENDING_AG03,FALSE,NOT_FOR_ENFORCEMENT,162.0155,234591.6392,168.7661,162.0155,6.7506,0.00062781,0.00060270,6.7506,162.0155,0.00060270,6.7506,6.7506,6.7506,8.4383,8.4383,162.0155,0.00060270,37.1285,34.0107,131.6376,134.7554,0.00048969,0.00050129,0.00002511,43.0246,43.5591,0.0301,2.0581,0.0627,3278.2661,68.4146,17.6798,46.9397,25.7155,39.4976,52.6635,77.1466,82.2897,128.5777,31.4111,0.0,2.083411,3.25533,1.089297,30,192,222,8,0.05498276,0.00062781,0.08642944,0E-8,0.000000,0.909041,0.000000,-0.09079372,2026-03-23,2026-08-06,82,2690,1181,137,0.598540,0.376650,0.410924,0.183276,,,,,,,,GLOBAL_BASELINE_NO_ENTITY_RANKING,,,NOT_APPLICABLE_GLOBAL_BASELINE,HF9g-P5,,,,X 全窗基线 · 不参与实体赏罚,6876931,688,A168_HF9F_20260827_0900,2026-08-27 09:00:00
2026-03-28,70460261,2233,0,411.3015772706,34.0995865919,34.0995865919,0.6666667,7,7,0.50473567142857143,0.504735671429,0.7933322080094374,0.7933322080073443,0.7933322080094374,-4.2857E-13,ELIGIBLE,R03b_20260811_FULL_v1,L1_ELIGIBILITY,v2026-08-11,2026-03-21..2026-08-06,baccarat_bet02_101_all_pairs_incl_sentinel,round_win = game_pnl > 0 (decisive only),COMPATIBILITY_ONLY_NOT_PRODUCTION,268817.8208,244366.2908,168.7661,6248,5610,-0.00062781,-0.08642944,0.00436428,-0.00062781,-168.7661,268817.8208,OK,0.0000,6.7506,4.0000,96.0000,AG03-UNRESOLVED,ALL5_LEVELS_bet23_to_bet27,6.7506,6.7506,6.7506,8.4383,8.4383,4.000000,4.000000,4.000000,5.000000,5.000000,96.000000,96.000000,96.000000,95.000000,95.000000,5.0,37.1285,34.0107,131.6376,134.7554,PENDING_AG03,FALSE,NOT_FOR_ENFORCEMENT,162.0155,234591.6392,168.7661,162.0155,6.7506,0.00062781,0.00060270,6.7506,162.0155,0.00060270,6.7506,6.7506,6.7506,8.4383,8.4383,162.0155,0.00060270,37.1285,34.0107,131.6376,134.7554,0.00048969,0.00050129,0.00002511,43.0246,43.5591,0.0301,2.0581,0.0627,3278.2661,68.4146,17.6798,46.9397,25.7155,39.4976,52.6635,77.1466,82.2897,128.5777,31.4111,0.0,2.083411,3.25533,1.089297,30,192,222,8,0.05498276,0.00062781,0.08642944,0E-8,0.000000,0.909041,0.000000,-0.09079372,2026-03-23,2026-08-06,82,2690,1181,137,0.598540,0.376650,0.410924,0.183276,,,,,,,,GLOBAL_BASELINE_NO_ENTITY_RANKING,,,NOT_APPLICABLE_GLOBAL_BASELINE,HF9g-P5,,,,X 全窗基线 · 不参与实体赏罚,6876932,688,A168_HF9F_20260827_0900,2026-08-27 09:00:00
2026-03-28,70460261,2239,0,250.6780419729,-18.5901993313,-18.5901993313,0.4000000,5,5,0.50396966000000000,0.503969660000,-0.4649811094771361,-0.4649811094771361,-0.4649811094771361,0E-17,ELIGIBLE,R03b_20260811_FULL_v1,L1_ELIGIBILITY,v2026-08-11,2026-03-21..2026-08-06,baccarat_bet02_101_all_pairs_incl_sentinel,round_win = game_pnl > 0 (decisive only),COMPATIBILITY_ONLY_NOT_PRODUCTION,268817.8208,244366.2908,168.7661,6248,5610,-0.00062781,-0.08642944,0.00436428,-0.00062781,-168.7661,268817.8208,OK,0.0000,6.7506,4.0000,96.0000,AG03-UNRESOLVED,ALL5_LEVELS_bet23_to_bet27,6.7506,6.7506,6.7506,8.4383,8.4383,4.000000,4.000000,4.000000,5.000000,5.000000,96.000000,96.000000,96.000000,95.000000,95.000000,5.0,37.1285,34.0107,131.6376,134.7554,PENDING_AG03,FALSE,NOT_FOR_ENFORCEMENT,162.0155,234591.6392,168.7661,162.0155,6.7506,0.00062781,0.00060270,6.7506,162.0155,0.00060270,6.7506,6.7506,6.7506,8.4383,8.4383,162.0155,0.00060270,37.1285,34.0107,131.6376,134.7554,0.00048969,0.00050129,0.00002511,43.0246,43.5591,0.0301,2.0581,0.0627,3278.2661,68.4146,17.6798,46.9397,25.7155,39.4976,52.6635,77.1466,82.2897,128.5777,31.4111,0.0,2.083411,3.25533,1.089297,30,192,222,8,0.05498276,0.00062781,0.08642944,0E-8,0.000000,0.909041,0.000000,-0.09079372,2026-03-23,2026-08-06,82,2690,1181,137,0.598540,0.376650,0.410924,0.183276,,,,,,,,GLOBAL_BASELINE_NO_ENTITY_RANKING,,,NOT_APPLICABLE_GLOBAL_BASELINE,HF9g-P5,,,,X 全窗基线 · 不参与实体赏罚,6876933,688,A168_HF9F_20260827_0900,2026-08-27 09:00:00
2026-03-28,70460261,2241,0,78.9951812939,-78.9951812939,-78.9951812939,0E-7,1,1,0.50665070000000000,0.506650700000,-1.013391052207602,-1.013391052207602,-1.013391052207602,0E-17,ELIGIBLE,R03b_20260811_FULL_v1,L1_ELIGIBILITY,v2026-08-11,2026-03-21..2026-08-06,baccarat_bet02_101_all_pairs_incl_sentinel,round_win = game_pnl > 0 (decisive only),COMPATIBILITY_ONLY_NOT_PRODUCTION,268817.8208,244366.2908,168.7661,6248,5610,-0.00062781,-0.08642944,0.00436428,-0.00062781,-168.7661,268817.8208,OK,0.0000,6.7506,4.0000,96.0000,AG03-UNRESOLVED,ALL5_LEVELS_bet23_to_bet27,6.7506,6.7506,6.7506,8.4383,8.4383,4.000000,4.000000,4.000000,5.000000,5.000000,96.000000,96.000000,96.000000,95.000000,95.000000,5.0,37.1285,34.0107,131.6376,134.7554,PENDING_AG03,FALSE,NOT_FOR_ENFORCEMENT,162.0155,234591.6392,168.7661,162.0155,6.7506,0.00062781,0.00060270,6.7506,162.0155,0.00060270,6.7506,6.7506,6.7506,8.4383,8.4383,162.0155,0.00060270,37.1285,34.0107,131.6376,134.7554,0.00048969,0.00050129,0.00002511,43.0246,43.5591,0.0301,2.0581,0.0627,3278.2661,68.4146,17.6798,46.9397,25.7155,39.4976,52.6635,77.1466,82.2897,128.5777,31.4111,0.0,2.083411,3.25533,1.089297,30,192,222,8,0.05498276,0.00062781,0.08642944,0E-8,0.000000,0.909041,0.000000,-0.09079372,2026-03-23,2026-08-06,82,2690,1181,137,0.598540,0.376650,0.410924,0.183276,,,,,,,,GLOBAL_BASELINE_NO_ENTITY_RANKING,,,NOT_APPLICABLE_GLOBAL_BASELINE,HF9g-P5,,,,X 全窗基线 · 不参与实体赏罚,6876934,688,A168_HF9F_20260827_0900,2026-08-27 09:00:00
2026-03-28,70460261,2242,0,52.6634541960,50.0302814862,50.0302814862,1.0000000,1,1,0.50665070000000000,0.506650700000,0.9867858985152569,0.9867858985152569,0.9867858985152569,0E-17,ELIGIBLE,R03b_20260811_FULL_v1,L1_ELIGIBILITY,v2026-08-11,2026-03-21..2026-08-06,baccarat_bet02_101_all_pairs_incl_sentinel,round_win = game_pnl > 0 (decisive only),COMPATIBILITY_ONLY_NOT_PRODUCTION,268817.8208,244366.2908,168.7661,6248,5610,-0.00062781,-0.08642944,0.00436428,-0.00062781,-168.7661,268817.8208,OK,0.0000,6.7506,4.0000,96.0000,AG03-UNRESOLVED,ALL5_LEVELS_bet23_to_bet27,6.7506,6.7506,6.7506,8.4383,8.4383,4.000000,4.000000,4.000000,5.000000,5.000000,96.000000,96.000000,96.000000,95.000000,95.000000,5.0,37.1285,34.0107,131.6376,134.7554,PENDING_AG03,FALSE,NOT_FOR_ENFORCEMENT,162.0155,234591.6392,168.7661,162.0155,6.7506,0.00062781,0.00060270,6.7506,162.0155,0.00060270,6.7506,6.7506,6.7506,8.4383,8.4383,162.0155,0.00060270,37.1285,34.0107,131.6376,134.7554,0.00048969,0.00050129,0.00002511,43.0246,43.5591,0.0301,2.0581,0.0627,3278.2661,68.4146,17.6798,46.9397,25.7155,39.4976,52.6635,77.1466,82.2897,128.5777,31.4111,0.0,2.083411,3.25533,1.089297,30,192,222,8,0.05498276,0.00062781,0.08642944,0E-8,0.000000,0.909041,0.000000,-0.09079372,2026-03-23,2026-08-06,82,2690,1181,137,0.598540,0.376650,0.410924,0.183276,,,,,,,,GLOBAL_BASELINE_NO_ENTITY_RANKING,,,NOT_APPLICABLE_GLOBAL_BASELINE,HF9g-P5,,,,X 全窗基线 · 不参与实体赏罚,6876935,688,A168_HF9F_20260827_0900,2026-08-27 09:00:00
2026-03-28,70460261,2244,0,531.9008873794,158.1220212234,158.1220212234,0.7000000,12,11,0.50334328280098066,0.486110990909,1.2437940924679793,1.3532750770667543,1.2437940924679793,0.01723229189198066,ELIGIBLE,R03b_20260811_FULL_v1,L1_ELIGIBILITY,v2026-08-11,2026-03-21..2026-08-06,baccarat_bet02_101_all_pairs_incl_sentinel,round_win = game_pnl > 0 (decisive only),COMPATIBILITY_ONLY_NOT_PRODUCTION,268817.8208,244366.2908,168.7661,6248,5610,-0.00062781,-0.08642944,0.00436428,-0.00062781,-168.7661,268817.8208,OK,0.0000,6.7506,4.0000,96.0000,AG03-UNRESOLVED,ALL5_LEVELS_bet23_to_bet27,6.7506,6.7506,6.7506,8.4383,8.4383,4.000000,4.000000,4.000000,5.000000,5.000000,96.000000,96.000000,96.000000,95.000000,95.000000,5.0,37.1285,34.0107,131.6376,134.7554,PENDING_AG03,FALSE,NOT_FOR_ENFORCEMENT,162.0155,234591.6392,168.7661,162.0155,6.7506,0.00062781,0.00060270,6.7506,162.0155,0.00060270,6.7506,6.7506,6.7506,8.4383,8.4383,162.0155,0.00060270,37.1285,34.0107,131.6376,134.7554,0.00048969,0.00050129,0.00002511,43.0246,43.5591,0.0301,2.0581,0.0627,3278.2661,68.4146,17.6798,46.9397,25.7155,39.4976,52.6635,77.1466,82.2897,128.5777,31.4111,0.0,2.083411,3.25533,1.089297,30,192,222,8,0.05498276,0.00062781,0.08642944,0E-8,0.000000,0.909041,0.000000,-0.09079372,2026-03-23,2026-08-06,82,2690,1181,137,0.598540,0.376650,0.410924,0.183276,,,,,,,,GLOBAL_BASELINE_NO_ENTITY_RANKING,,,NOT_APPLICABLE_GLOBAL_BASELINE,HF9g-P5,,,,X 全窗基线 · 不参与实体赏罚,6876936,688,A168_HF9F_20260827_0900,2026-08-27 09:00:00
2026-03-28,70460261,2252,0,471.3379150541,-149.1692340101,-149.1692340101,0.3000000,11,11,0.50665070000000000,0.506650700000,-1.3070894191142455,-1.3070894191142455,-1.3070894191142455,0E-17,ELIGIBLE,R03b_20260811_FULL_v1,L1_ELIGIBILITY,v2026-08-11,2026-03-21..2026-08-06,baccarat_bet02_101_all_pairs_incl_sentinel,round_win = game_pnl > 0 (decisive only),COMPATIBILITY_ONLY_NOT_PRODUCTION,268817.8208,244366.2908,168.7661,6248,5610,-0.00062781,-0.08642944,0.00436428,-0.00062781,-168.7661,268817.8208,OK,0.0000,6.7506,4.0000,96.0000,AG03-UNRESOLVED,ALL5_LEVELS_bet23_to_bet27,6.7506,6.7506,6.7506,8.4383,8.4383,4.000000,4.000000,4.000000,5.000000,5.000000,96.000000,96.000000,96.000000,95.000000,95.000000,5.0,37.1285,34.0107,131.6376,134.7554,PENDING_AG03,FALSE,NOT_FOR_ENFORCEMENT,162.0155,234591.6392,168.7661,162.0155,6.7506,0.00062781,0.00060270,6.7506,162.0155,0.00060270,6.7506,6.7506,6.7506,8.4383,8.4383,162.0155,0.00060270,37.1285,34.0107,131.6376,134.7554,0.00048969,0.00050129,0.00002511,43.0246,43.5591,0.0301,2.0581,0.0627,3278.2661,68.4146,17.6798,46.9397,25.7155,39.4976,52.6635,77.1466,82.2897,128.5777,31.4111,0.0,2.083411,3.25533,1.089297,30,192,222,8,0.05498276,0.00062781,0.08642944,0E-8,0.000000,0.909041,0.000000,-0.09079372,2026-03-23,2026-08-06,82,2690,1181,137,0.598540,0.376650,0.410924,0.183276,,,,,,,,GLOBAL_BASELINE_NO_ENTITY_RANKING,,,NOT_APPLICABLE_GLOBAL_BASELINE,HF9g-P5,,,,X 全窗基线 · 不参与实体赏罚,6876937,688,A168_HF9F_20260827_0900,2026-08-27 09:00:00
2026-03-28,70460261,2254,0,268.5836163995,-268.5836163995,-268.5836163995,0E-7,5,5,0.50665070000000000,0.506650700000,-2.266011280526236,-2.266011280526236,-2.266011280526236,0E-17,ELIGIBLE,R03b_20260811_FULL_v1,L1_ELIGIBILITY,v2026-08-11,2026-03-21..2026-08-06,baccarat_bet02_101_all_pairs_incl_sentinel,round_win = game_pnl > 0 (decisive only),COMPATIBILITY_ONLY_NOT_PRODUCTION,268817.8208,244366.2908,168.7661,6248,5610,-0.00062781,-0.08642944,0.00436428,-0.00062781,-168.7661,268817.8208,OK,0.0000,6.7506,4.0000,96.0000,AG03-UNRESOLVED,ALL5_LEVELS_bet23_to_bet27,6.7506,6.7506,6.7506,8.4383,8.4383,4.000000,4.000000,4.000000,5.000000,5.000000,96.000000,96.000000,96.000000,95.000000,95.000000,5.0,37.1285,34.0107,131.6376,134.7554,PENDING_AG03,FALSE,NOT_FOR_ENFORCEMENT,162.0155,234591.6392,168.7661,162.0155,6.7506,0.00062781,0.00060270,6.7506,162.0155,0.00060270,6.7506,6.7506,6.7506,8.4383,8.4383,162.0155,0.00060270,37.1285,34.0107,131.6376,134.7554,0.00048969,0.00050129,0.00002511,43.0246,43.5591,0.0301,2.0581,0.0627,3278.2661,68.4146,17.6798,46.9397,25.7155,39.4976,52.6635,77.1466,82.2897,128.5777,31.4111,0.0,2.083411,3.25533,1.089297,30,192,222,8,0.05498276,0.00062781,0.08642944,0E-8,0.000000,0.909041,0.000000,-0.09079372,2026-03-23,2026-08-06,82,2690,1181,137,0.598540,0.376650,0.410924,0.183276,,,,,,,,GLOBAL_BASELINE_NO_ENTITY_RANKING,,,NOT_APPLICABLE_GLOBAL_BASELINE,HF9g-P5,,,,X 全窗基线 · 不参与实体赏罚,6876938,688,A168_HF9F_20260827_0900,2026-08-27 09:00:00
2026-03-28,70460261,2258,0,71.0956631645,-71.0956631645,-71.0956631645,0E-7,1,1,0.50665070000000000,0.506650700000,-1.013391052207602,-1.013391052207602,-1.013391052207602,0E-17,ELIGIBLE,R03b_20260811_FULL_v1,L1_ELIGIBILITY,v2026-08-11,2026-03-21..2026-08-06,baccarat_bet02_101_all_pairs_incl_sentinel,round_win = game_pnl > 0 (decisive only),COMPATIBILITY_ONLY_NOT_PRODUCTION,268817.8208,244366.2908,168.7661,6248,5610,-0.00062781,-0.08642944,0.00436428,-0.00062781,-168.7661,268817.8208,OK,0.0000,6.7506,4.0000,96.0000,AG03-UNRESOLVED,ALL5_LEVELS_bet23_to_bet27,6.7506,6.7506,6.7506,8.4383,8.4383,4.000000,4.000000,4.000000,5.000000,5.000000,96.000000,96.000000,96.000000,95.000000,95.000000,5.0,37.1285,34.0107,131.6376,134.7554,PENDING_AG03,FALSE,NOT_FOR_ENFORCEMENT,162.0155,234591.6392,168.7661,162.0155,6.7506,0.00062781,0.00060270,6.7506,162.0155,0.00060270,6.7506,6.7506,6.7506,8.4383,8.4383,162.0155,0.00060270,37.1285,34.0107,131.6376,134.7554,0.00048969,0.00050129,0.00002511,43.0246,43.5591,0.0301,2.0581,0.0627,3278.2661,68.4146,17.6798,46.9397,25.7155,39.4976,52.6635,77.1466,82.2897,128.5777,31.4111,0.0,2.083411,3.25533,1.089297,30,192,222,8,0.05498276,0.00062781,0.08642944,0E-8,0.000000,0.909041,0.000000,-0.09079372,2026-03-23,2026-08-06,82,2690,1181,137,0.598540,0.376650,0.410924,0.183276,,,,,,,,GLOBAL_BASELINE_NO_ENTITY_RANKING,,,NOT_APPLICABLE_GLOBAL_BASELINE,HF9g-P5,,,,X 全窗基线 · 不参与实体赏罚,6876939,688,A168_HF9F_20260827_0900,2026-08-27 09:00:00
2026-03-28,70460261,2264,0,165.8898807174,54.9016509993,54.9016509993,0.6666667,3,3,0.50665070000000000,0.506650700000,0.5543606114942035,0.5543606114942035,0.5543606114942035,0E-17,ELIGIBLE,R03b_20260811_FULL_v1,L1_ELIGIBILITY,v2026-08-11,2026-03-21..2026-08-06,baccarat_bet02_101_all_pairs_incl_sentinel,round_win = game_pnl > 0 (decisive only),COMPATIBILITY_ONLY_NOT_PRODUCTION,268817.8208,244366.2908,168.7661,6248,5610,-0.00062781,-0.08642944,0.00436428,-0.00062781,-168.7661,268817.8208,OK,0.0000,6.7506,4.0000,96.0000,AG03-UNRESOLVED,ALL5_LEVELS_bet23_to_bet27,6.7506,6.7506,6.7506,8.4383,8.4383,4.000000,4.000000,4.000000,5.000000,5.000000,96.000000,96.000000,96.000000,95.000000,95.000000,5.0,37.1285,34.0107,131.6376,134.7554,PENDING_AG03,FALSE,NOT_FOR_ENFORCEMENT,162.0155,234591.6392,168.7661,162.0155,6.7506,0.00062781,0.00060270,6.7506,162.0155,0.00060270,6.7506,6.7506,6.7506,8.4383,8.4383,162.0155,0.00060270,37.1285,34.0107,131.6376,134.7554,0.00048969,0.00050129,0.00002511,43.0246,43.5591,0.0301,2.0581,0.0627,3278.2661,68.4146,17.6798,46.9397,25.7155,39.4976,52.6635,77.1466,82.2897,128.5777,31.4111,0.0,2.083411,3.25533,1.089297,30,192,222,8,0.05498276,0.00062781,0.08642944,0E-8,0.000000,0.909041,0.000000,-0.09079372,2026-03-23,2026-08-06,82,2690,1181,137,0.598540,0.376650,0.410924,0.183276,,,,,,,,GLOBAL_BASELINE_NO_ENTITY_RANKING,,,NOT_APPLICABLE_GLOBAL_BASELINE,HF9g-P5,,,,X 全窗基线 · 不参与实体赏罚,6876940,688,A168_HF9F_20260827_0900,2026-08-27 09:00:00
2026-03-28,70460261,2266,0,176.4225715565,-22.3819680334,-22.3819680334,0.3333333,3,3,0.50665070000000000,0.506650700000,-0.6004420894325239,-0.6004420894325239,-0.6004420894325239,0E-17,ELIGIBLE,R03b_20260811_FULL_v1,L1_ELIGIBILITY,v2026-08-11,2026-03-21..2026-08-06,baccarat_bet02_101_all_pairs_incl_sentinel,round_win = game_pnl > 0 (decisive only),COMPATIBILITY_ONLY_NOT_PRODUCTION,268817.8208,244366.2908,168.7661,6248,5610,-0.00062781,-0.08642944,0.00436428,-0.00062781,-168.7661,268817.8208,OK,0.0000,6.7506,4.0000,96.0000,AG03-UNRESOLVED,ALL5_LEVELS_bet23_to_bet27,6.7506,6.7506,6.7506,8.4383,8.4383,4.000000,4.000000,4.000000,5.000000,5.000000,96.000000,96.000000,96.000000,95.000000,95.000000,5.0,37.1285,34.0107,131.6376,134.7554,PENDING_AG03,FALSE,NOT_FOR_ENFORCEMENT,162.0155,234591.6392,168.7661,162.0155,6.7506,0.00062781,0.00060270,6.7506,162.0155,0.00060270,6.7506,6.7506,6.7506,8.4383,8.4383,162.0155,0.00060270,37.1285,34.0107,131.6376,134.7554,0.00048969,0.00050129,0.00002511,43.0246,43.5591,0.0301,2.0581,0.0627,3278.2661,68.4146,17.6798,46.9397,25.7155,39.4976,52.6635,77.1466,82.2897,128.5777,31.4111,0.0,2.083411,3.25533,1.089297,30,192,222,8,0.05498276,0.00062781,0.08642944,0E-8,0.000000,0.909041,0.000000,-0.09079372,2026-03-23,2026-08-06,82,2690,1181,137,0.598540,0.376650,0.410924,0.183276,,,,,,,,GLOBAL_BASELINE_NO_ENTITY_RANKING,,,NOT_APPLICABLE_GLOBAL_BASELINE,HF9g-P5,,,,X 全窗基线 · 不参与实体赏罚,6876941,688,A168_HF9F_20260827_0900,2026-08-27 09:00:00
2026-03-28,70460261,462,0,237.2488611529,-132.9752218449,-132.9752218449,0.2500000,5,5,0.50396966000000000,0.503969660000,-1.01591065835228,-1.0159106583522801,-1.01591065835228,0E-17,ELIGIBLE,R03b_20260811_FULL_v1,L1_ELIGIBILITY,v2026-08-11,2026-03-21..2026-08-06,baccarat_bet02_101_all_pairs_incl_sentinel,round_win = game_pnl > 0 (decisive only),COMPATIBILITY_ONLY_NOT_PRODUCTION,268817.8208,244366.2908,168.7661,6248,5610,-0.00062781,-0.08642944,0.00436428,-0.00062781,-168.7661,268817.8208,OK,0.0000,6.7506,4.0000,96.0000,AG03-UNRESOLVED,ALL5_LEVELS_bet23_to_bet27,6.7506,6.7506,6.7506,8.4383,8.4383,4.000000,4.000000,4.000000,5.000000,5.000000,96.000000,96.000000,96.000000,95.000000,95.000000,5.0,37.1285,34.0107,131.6376,134.7554,PENDING_AG03,FALSE,NOT_FOR_ENFORCEMENT,162.0155,234591.6392,168.7661,162.0155,6.7506,0.00062781,0.00060270,6.7506,162.0155,0.00060270,6.7506,6.7506,6.7506,8.4383,8.4383,162.0155,0.00060270,37.1285,34.0107,131.6376,134.7554,0.00048969,0.00050129,0.00002511,43.0246,43.5591,0.0301,2.0581,0.0627,3278.2661,68.4146,17.6798,46.9397,25.7155,39.4976,52.6635,77.1466,82.2897,128.5777,31.4111,0.0,2.083411,3.25533,1.089297,30,192,222,8,0.05498276,0.00062781,0.08642944,0E-8,0.000000,0.909041,0.000000,-0.09079372,2026-03-23,2026-08-06,82,2690,1181,137,0.598540,0.376650,0.410924,0.183276,,,,,,,,GLOBAL_BASELINE_NO_ENTITY_RANKING,,,NOT_APPLICABLE_GLOBAL_BASELINE,HF9g-P5,,,,X 全窗基线 · 不参与实体赏罚,6876942,688,A168_HF9F_20260827_0900,2026-08-27 09:00:00
2026-03-28,70460261,471,0,236.9855438819,-134.2918081997,-134.2918081997,0.3333333,3,3,0.50665070000000000,0.506650700000,-0.6004420894325239,-0.6004420894325239,-0.6004420894325239,0E-17,ELIGIBLE,R03b_20260811_FULL_v1,L1_ELIGIBILITY,v2026-08-11,2026-03-21..2026-08-06,baccarat_bet02_101_all_pairs_incl_sentinel,round_win = game_pnl > 0 (decisive only),COMPATIBILITY_ONLY_NOT_PRODUCTION,268817.8208,244366.2908,168.7661,6248,5610,-0.00062781,-0.08642944,0.00436428,-0.00062781,-168.7661,268817.8208,OK,0.0000,6.7506,4.0000,96.0000,AG03-UNRESOLVED,ALL5_LEVELS_bet23_to_bet27,6.7506,6.7506,6.7506,8.4383,8.4383,4.000000,4.000000,4.000000,5.000000,5.000000,96.000000,96.000000,96.000000,95.000000,95.000000,5.0,37.1285,34.0107,131.6376,134.7554,PENDING_AG03,FALSE,NOT_FOR_ENFORCEMENT,162.0155,234591.6392,168.7661,162.0155,6.7506,0.00062781,0.00060270,6.7506,162.0155,0.00060270,6.7506,6.7506,6.7506,8.4383,8.4383,162.0155,0.00060270,37.1285,34.0107,131.6376,134.7554,0.00048969,0.00050129,0.00002511,43.0246,43.5591,0.0301,2.0581,0.0627,3278.2661,68.4146,17.6798,46.9397,25.7155,39.4976,52.6635,77.1466,82.2897,128.5777,31.4111,0.0,2.083411,3.25533,1.089297,30,192,222,8,0.05498276,0.00062781,0.08642944,0E-8,0.000000,0.909041,0.000000,-0.09079372,2026-03-23,2026-08-06,82,2690,1181,137,0.598540,0.376650,0.410924,0.183276,,,,,,,,GLOBAL_BASELINE_NO_ENTITY_RANKING,,,NOT_APPLICABLE_GLOBAL_BASELINE,HF9g-P5,,,,X 全窗基线 · 不参与实体赏罚,6876943,688,A168_HF9F_20260827_0900,2026-08-27 09:00:00
2026-03-28,70460261,526,0,260.6840982700,172.6044711273,172.6044711273,1.0000000,4,4,0.50665070000000000,0.506650700000,1.7091633124209307,1.7091633124209307,1.7091633124209307,0E-17,ELIGIBLE,R03b_20260811_FULL_v1,L1_ELIGIBILITY,v2026-08-11,2026-03-21..2026-08-06,baccarat_bet02_101_all_pairs_incl_sentinel,round_win = game_pnl > 0 (decisive only),COMPATIBILITY_ONLY_NOT_PRODUCTION,268817.8208,244366.2908,168.7661,6248,5610,-0.00062781,-0.08642944,0.00436428,-0.00062781,-168.7661,268817.8208,OK,0.0000,6.7506,4.0000,96.0000,AG03-UNRESOLVED,ALL5_LEVELS_bet23_to_bet27,6.7506,6.7506,6.7506,8.4383,8.4383,4.000000,4.000000,4.000000,5.000000,5.000000,96.000000,96.000000,96.000000,95.000000,95.000000,5.0,37.1285,34.0107,131.6376,134.7554,PENDING_AG03,FALSE,NOT_FOR_ENFORCEMENT,162.0155,234591.6392,168.7661,162.0155,6.7506,0.00062781,0.00060270,6.7506,162.0155,0.00060270,6.7506,6.7506,6.7506,8.4383,8.4383,162.0155,0.00060270,37.1285,34.0107,131.6376,134.7554,0.00048969,0.00050129,0.00002511,43.0246,43.5591,0.0301,2.0581,0.0627,3278.2661,68.4146,17.6798,46.9397,25.7155,39.4976,52.6635,77.1466,82.2897,128.5777,31.4111,0.0,2.083411,3.25533,1.089297,30,192,222,8,0.05498276,0.00062781,0.08642944,0E-8,0.000000,0.909041,0.000000,-0.09079372,2026-03-23,2026-08-06,82,2690,1181,137,0.598540,0.376650,0.410924,0.183276,,,,,,,,GLOBAL_BASELINE_NO_ENTITY_RANKING,,,NOT_APPLICABLE_GLOBAL_BASELINE,HF9g-P5,,,,X 全窗基线 · 不参与实体赏罚,6876944,688,A168_HF9F_20260827_0900,2026-08-27 09:00:00
2026-03-28,70460261,595,0,597.7302051244,-139.9531295257,-139.9531295257,0.4285714,9,9,0.50516123333333333,0.505161233333,-0.4052967461577653,-0.40529674615599864,-0.4052967461577653,3.3333E-13,ELIGIBLE,R03b_20260811_FULL_v1,L1_ELIGIBILITY,v2026-08-11,2026-03-21..2026-08-06,baccarat_bet02_101_all_pairs_incl_sentinel,round_win = game_pnl > 0 (decisive only),COMPATIBILITY_ONLY_NOT_PRODUCTION,268817.8208,244366.2908,168.7661,6248,5610,-0.00062781,-0.08642944,0.00436428,-0.00062781,-168.7661,268817.8208,OK,0.0000,6.7506,4.0000,96.0000,AG03-UNRESOLVED,ALL5_LEVELS_bet23_to_bet27,6.7506,6.7506,6.7506,8.4383,8.4383,4.000000,4.000000,4.000000,5.000000,5.000000,96.000000,96.000000,96.000000,95.000000,95.000000,5.0,37.1285,34.0107,131.6376,134.7554,PENDING_AG03,FALSE,NOT_FOR_ENFORCEMENT,162.0155,234591.6392,168.7661,162.0155,6.7506,0.00062781,0.00060270,6.7506,162.0155,0.00060270,6.7506,6.7506,6.7506,8.4383,8.4383,162.0155,0.00060270,37.1285,34.0107,131.6376,134.7554,0.00048969,0.00050129,0.00002511,43.0246,43.5591,0.0301,2.0581,0.0627,3278.2661,68.4146,17.6798,46.9397,25.7155,39.4976,52.6635,77.1466,82.2897,128.5777,31.4111,0.0,2.083411,3.25533,1.089297,30,192,222,8,0.05498276,0.00062781,0.08642944,0E-8,0.000000,0.909041,0.000000,-0.09079372,2026-03-23,2026-08-06,82,2690,1181,137,0.598540,0.376650,0.410924,0.183276,,,,,,,,GLOBAL_BASELINE_NO_ENTITY_RANKING,,,NOT_APPLICABLE_GLOBAL_BASELINE,HF9g-P5,,,,X 全窗基线 · 不参与实体赏罚,6876945,688,A168_HF9F_20260827_0900,2026-08-27 09:00:00
2026-03-28,70460261,763,0,102.6937356822,97.5590488981,97.5590488981,1.0000000,2,2,0.50665070000000000,0.506650700000,1.3955260008387969,1.3955260008387969,1.3955260008387969,0E-17,ELIGIBLE,R03b_20260811_FULL_v1,L1_ELIGIBILITY,v2026-08-11,2026-03-21..2026-08-06,baccarat_bet02_101_all_pairs_incl_sentinel,round_win = game_pnl > 0 (decisive only),COMPATIBILITY_ONLY_NOT_PRODUCTION,268817.8208,244366.2908,168.7661,6248,5610,-0.00062781,-0.08642944,0.00436428,-0.00062781,-168.7661,268817.8208,OK,0.0000,6.7506,4.0000,96.0000,AG03-UNRESOLVED,ALL5_LEVELS_bet23_to_bet27,6.7506,6.7506,6.7506,8.4383,8.4383,4.000000,4.000000,4.000000,5.000000,5.000000,96.000000,96.000000,96.000000,95.000000,95.000000,5.0,37.1285,34.0107,131.6376,134.7554,PENDING_AG03,FALSE,NOT_FOR_ENFORCEMENT,162.0155,234591.6392,168.7661,162.0155,6.7506,0.00062781,0.00060270,6.7506,162.0155,0.00060270,6.7506,6.7506,6.7506,8.4383,8.4383,162.0155,0.00060270,37.1285,34.0107,131.6376,134.7554,0.00048969,0.00050129,0.00002511,43.0246,43.5591,0.0301,2.0581,0.0627,3278.2661,68.4146,17.6798,46.9397,25.7155,39.4976,52.6635,77.1466,82.2897,128.5777,31.4111,0.0,2.083411,3.25533,1.089297,30,192,222,8,0.05498276,0.00062781,0.08642944,0E-8,0.000000,0.909041,0.000000,-0.09079372,2026-03-23,2026-08-06,82,2690,1181,137,0.598540,0.376650,0.410924,0.183276,,,,,,,,GLOBAL_BASELINE_NO_ENTITY_RANKING,,,NOT_APPLICABLE_GLOBAL_BASELINE,HF9g-P5,,,,X 全窗基线 · 不参与实体赏罚,6876946,688,A168_HF9F_20260827_0900,2026-08-27 09:00:00
2026-03-28,70460261,772,0,52.6634541960,-52.6634541960,-52.6634541960,0E-7,1,1,0.50665070000000000,0.506650700000,-1.013391052207602,-1.013391052207602,-1.013391052207602,0E-17,ELIGIBLE,R03b_20260811_FULL_v1,L1_ELIGIBILITY,v2026-08-11,2026-03-21..2026-08-06,baccarat_bet02_101_all_pairs_incl_sentinel,round_win = game_pnl > 0 (decisive only),COMPATIBILITY_ONLY_NOT_PRODUCTION,268817.8208,244366.2908,168.7661,6248,5610,-0.00062781,-0.08642944,0.00436428,-0.00062781,-168.7661,268817.8208,OK,0.0000,6.7506,4.0000,96.0000,AG03-UNRESOLVED,ALL5_LEVELS_bet23_to_bet27,6.7506,6.7506,6.7506,8.4383,8.4383,4.000000,4.000000,4.000000,5.000000,5.000000,96.000000,96.000000,96.000000,95.000000,95.000000,5.0,37.1285,34.0107,131.6376,134.7554,PENDING_AG03,FALSE,NOT_FOR_ENFORCEMENT,162.0155,234591.6392,168.7661,162.0155,6.7506,0.00062781,0.00060270,6.7506,162.0155,0.00060270,6.7506,6.7506,6.7506,8.4383,8.4383,162.0155,0.00060270,37.1285,34.0107,131.6376,134.7554,0.00048969,0.00050129,0.00002511,43.0246,43.5591,0.0301,2.0581,0.0627,3278.2661,68.4146,17.6798,46.9397,25.7155,39.4976,52.6635,77.1466,82.2897,128.5777,31.4111,0.0,2.083411,3.25533,1.089297,30,192,222,8,0.05498276,0.00062781,0.08642944,0E-8,0.000000,0.909041,0.000000,-0.09079372,2026-03-23,2026-08-06,82,2690,1181,137,0.598540,0.376650,0.410924,0.183276,,,,,,,,GLOBAL_BASELINE_NO_ENTITY_RANKING,,,NOT_APPLICABLE_GLOBAL_BASELINE,HF9g-P5,,,,X 全窗基线 · 不参与实体赏罚,6876947,688,A168_HF9F_20260827_0900,2026-08-27 09:00:00
2026-03-28,70460261,789,0,255.4177528506,50.0302814862,50.0302814862,0.6666667,8,8,0.50497505000000000,0.504975050000,0.5601439195171192,0.5601439195171193,0.5601439195171192,0E-17,ELIGIBLE,R03b_20260811_FULL_v1,L1_ELIGIBILITY,v2026-08-11,2026-03-21..2026-08-06,baccarat_bet02_101_all_pairs_incl_sentinel,round_win = game_pnl > 0 (decisive only),COMPATIBILITY_ONLY_NOT_PRODUCTION,268817.8208,244366.2908,168.7661,6248,5610,-0.00062781,-0.08642944,0.00436428,-0.00062781,-168.7661,268817.8208,OK,0.0000,6.7506,4.0000,96.0000,AG03-UNRESOLVED,ALL5_LEVELS_bet23_to_bet27,6.7506,6.7506,6.7506,8.4383,8.4383,4.000000,4.000000,4.000000,5.000000,5.000000,96.000000,96.000000,96.000000,95.000000,95.000000,5.0,37.1285,34.0107,131.6376,134.7554,PENDING_AG03,FALSE,NOT_FOR_ENFORCEMENT,162.0155,234591.6392,168.7661,162.0155,6.7506,0.00062781,0.00060270,6.7506,162.0155,0.00060270,6.7506,6.7506,6.7506,8.4383,8.4383,162.0155,0.00060270,37.1285,34.0107,131.6376,134.7554,0.00048969,0.00050129,0.00002511,43.0246,43.5591,0.0301,2.0581,0.0627,3278.2661,68.4146,17.6798,46.9397,25.7155,39.4976,52.6635,77.1466,82.2897,128.5777,31.4111,0.0,2.083411,3.25533,1.089297,30,192,222,8,0.05498276,0.00062781,0.08642944,0E-8,0.000000,0.909041,0.000000,-0.09079372,2026-03-23,2026-08-06,82,2690,1181,137,0.598540,0.376650,0.410924,0.183276,,,,,,,,GLOBAL_BASELINE_NO_ENTITY_RANKING,,,NOT_APPLICABLE_GLOBAL_BASELINE,HF9g-P5,,,,X 全窗基线 · 不参与实体赏罚,6876948,688,A168_HF9F_20260827_0900,2026-08-27 09:00:00
2026-03-28,70460261,925,0,171.1562261369,-86.8946994233,-86.8946994233,0.3333333,3,3,0.49771390000000000,0.497713900000,-0.5694369385616226,-0.5694369385616226,-0.5694369385616226,0E-17,ELIGIBLE,R03b_20260811_FULL_v1,L1_ELIGIBILITY,v2026-08-11,2026-03-21..2026-08-06,baccarat_bet02_101_all_pairs_incl_sentinel,round_win = game_pnl > 0 (decisive only),COMPATIBILITY_ONLY_NOT_PRODUCTION,268817.8208,244366.2908,168.7661,6248,5610,-0.00062781,-0.08642944,0.00436428,-0.00062781,-168.7661,268817.8208,OK,0.0000,6.7506,4.0000,96.0000,AG03-UNRESOLVED,ALL5_LEVELS_bet23_to_bet27,6.7506,6.7506,6.7506,8.4383,8.4383,4.000000,4.000000,4.000000,5.000000,5.000000,96.000000,96.000000,96.000000,95.000000,95.000000,5.0,37.1285,34.0107,131.6376,134.7554,PENDING_AG03,FALSE,NOT_FOR_ENFORCEMENT,162.0155,234591.6392,168.7661,162.0155,6.7506,0.00062781,0.00060270,6.7506,162.0155,0.00060270,6.7506,6.7506,6.7506,8.4383,8.4383,162.0155,0.00060270,37.1285,34.0107,131.6376,134.7554,0.00048969,0.00050129,0.00002511,43.0246,43.5591,0.0301,2.0581,0.0627,3278.2661,68.4146,17.6798,46.9397,25.7155,39.4976,52.6635,77.1466,82.2897,128.5777,31.4111,0.0,2.083411,3.25533,1.089297,30,192,222,8,0.05498276,0.00062781,0.08642944,0E-8,0.000000,0.909041,0.000000,-0.09079372,2026-03-23,2026-08-06,82,2690,1181,137,0.598540,0.376650,0.410924,0.183276,,,,,,,,GLOBAL_BASELINE_NO_ENTITY_RANKING,,,NOT_APPLICABLE_GLOBAL_BASELINE,HF9g-P5,,,,X 全窗基线 · 不参与实体赏罚,6876949,688,A168_HF9F_20260827_0900,2026-08-27 09:00:00
2026-03-28,70460261,948,0,163.2567080076,-163.2567080076,-163.2567080076,0E-7,3,3,0.50665070000000000,0.506650700000,-1.7552447903592512,-1.7552447903592512,-1.7552447903592512,0E-17,ELIGIBLE,R03b_20260811_FULL_v1,L1_ELIGIBILITY,v2026-08-11,2026-03-21..2026-08-06,baccarat_bet02_101_all_pairs_incl_sentinel,round_win = game_pnl > 0 (decisive only),COMPATIBILITY_ONLY_NOT_PRODUCTION,268817.8208,244366.2908,168.7661,6248,5610,-0.00062781,-0.08642944,0.00436428,-0.00062781,-168.7661,268817.8208,OK,0.0000,6.7506,4.0000,96.0000,AG03-UNRESOLVED,ALL5_LEVELS_bet23_to_bet27,6.7506,6.7506,6.7506,8.4383,8.4383,4.000000,4.000000,4.000000,5.000000,5.000000,96.000000,96.000000,96.000000,95.000000,95.000000,5.0,37.1285,34.0107,131.6376,134.7554,PENDING_AG03,FALSE,NOT_FOR_ENFORCEMENT,162.0155,234591.6392,168.7661,162.0155,6.7506,0.00062781,0.00060270,6.7506,162.0155,0.00060270,6.7506,6.7506,6.7506,8.4383,8.4383,162.0155,0.00060270,37.1285,34.0107,131.6376,134.7554,0.00048969,0.00050129,0.00002511,43.0246,43.5591,0.0301,2.0581,0.0627,3278.2661,68.4146,17.6798,46.9397,25.7155,39.4976,52.6635,77.1466,82.2897,128.5777,31.4111,0.0,2.083411,3.25533,1.089297,30,192,222,8,0.05498276,0.00062781,0.08642944,0E-8,0.000000,0.909041,0.000000,-0.09079372,2026-03-23,2026-08-06,82,2690,1181,137,0.598540,0.376650,0.410924,0.183276,,,,,,,,GLOBAL_BASELINE_NO_ENTITY_RANKING,,,NOT_APPLICABLE_GLOBAL_BASELINE,HF9g-P5,,,,X 全窗基线 · 不参与实体赏罚,6876950,688,A168_HF9F_20260827_0900,2026-08-27 09:00:00
2026-03-28,70460261,986,0,26.3317270980,-26.3317270980,-26.3317270980,0E-7,1,1,0.49324550000000000,0.493245500000,-0.9865810262130424,-0.9865810262130424,-0.9865810262130424,0E-17,ELIGIBLE,R03b_20260811_FULL_v1,L1_ELIGIBILITY,v2026-08-11,2026-03-21..2026-08-06,baccarat_bet02_101_all_pairs_incl_sentinel,round_win = game_pnl > 0 (decisive only),COMPATIBILITY_ONLY_NOT_PRODUCTION,268817.8208,244366.2908,168.7661,6248,5610,-0.00062781,-0.08642944,0.00436428,-0.00062781,-168.7661,268817.8208,OK,0.0000,6.7506,4.0000,96.0000,AG03-UNRESOLVED,ALL5_LEVELS_bet23_to_bet27,6.7506,6.7506,6.7506,8.4383,8.4383,4.000000,4.000000,4.000000,5.000000,5.000000,96.000000,96.000000,96.000000,95.000000,95.000000,5.0,37.1285,34.0107,131.6376,134.7554,PENDING_AG03,FALSE,NOT_FOR_ENFORCEMENT,162.0155,234591.6392,168.7661,162.0155,6.7506,0.00062781,0.00060270,6.7506,162.0155,0.00060270,6.7506,6.7506,6.7506,8.4383,8.4383,162.0155,0.00060270,37.1285,34.0107,131.6376,134.7554,0.00048969,0.00050129,0.00002511,43.0246,43.5591,0.0301,2.0581,0.0627,3278.2661,68.4146,17.6798,46.9397,25.7155,39.4976,52.6635,77.1466,82.2897,128.5777,31.4111,0.0,2.083411,3.25533,1.089297,30,192,222,8,0.05498276,0.00062781,0.08642944,0E-8,0.000000,0.909041,0.000000,-0.09079372,2026-03-23,2026-08-06,82,2690,1181,137,0.598540,0.376650,0.410924,0.183276,,,,,,,,GLOBAL_BASELINE_NO_ENTITY_RANKING,,,NOT_APPLICABLE_GLOBAL_BASELINE,HF9g-P5,,,,X 全窗基线 · 不参与实体赏罚,6876951,688,A168_HF9F_20260827_0900,2026-08-27 09:00:00
2026-03-29,70460261,-1,1,3087.1316849673,22.7901098031,22.7901098031,0.5250000,43,43,0.50478020697674419,0.504780206977,0.2557740884193778,0.2557740884161432,0.2557740884193778,-2.5581E-13,SENTINEL_DEALER,R03b_20260811_FULL_v1,L1_ELIGIBILITY,v2026-08-11,2026-03-21..2026-08-06,baccarat_bet02_101_all_pairs_incl_sentinel,round_win = game_pnl > 0 (decisive only),COMPATIBILITY_ONLY_NOT_PRODUCTION,268817.8208,244366.2908,168.7661,6248,5610,-0.00062781,-0.08642944,0.00436428,-0.00062781,-168.7661,268817.8208,OK,0.0000,6.7506,4.0000,96.0000,AG03-UNRESOLVED,ALL5_LEVELS_bet23_to_bet27,6.7506,6.7506,6.7506,8.4383,8.4383,4.000000,4.000000,4.000000,5.000000,5.000000,96.000000,96.000000,96.000000,95.000000,95.000000,5.0,37.1285,34.0107,131.6376,134.7554,PENDING_AG03,FALSE,NOT_FOR_ENFORCEMENT,162.0155,234591.6392,168.7661,162.0155,6.7506,0.00062781,0.00060270,6.7506,162.0155,0.00060270,6.7506,6.7506,6.7506,8.4383,8.4383,162.0155,0.00060270,37.1285,34.0107,131.6376,134.7554,0.00048969,0.00050129,0.00002511,43.0246,43.5591,0.0301,2.0581,0.0627,3278.2661,68.4146,17.6798,46.9397,25.7155,39.4976,52.6635,77.1466,82.2897,128.5777,31.4111,0.0,2.083411,3.25533,1.089297,30,192,222,8,0.05498276,0.00062781,0.08642944,0E-8,0.000000,0.909041,0.000000,-0.09079372,2026-03-23,2026-08-06,82,2690,1181,137,0.598540,0.376650,0.410924,0.183276,,,,,,,,GLOBAL_BASELINE_NO_ENTITY_RANKING,,,NOT_APPLICABLE_GLOBAL_BASELINE,HF9g-P5,,,,X 全窗基线 · 不参与实体赏罚,6876952,688,A168_HF9F_20260827_0900,2026-08-27 09:00:00
2026-03-29,70460261,1004,0,118.4927719409,112.5681333438,112.5681333438,1.0000000,2,2,0.50665070000000000,0.506650700000,1.3955260008387969,1.3955260008387969,1.3955260008387969,0E-17,ELIGIBLE,R03b_20260811_FULL_v1,L1_ELIGIBILITY,v2026-08-11,2026-03-21..2026-08-06,baccarat_bet02_101_all_pairs_incl_sentinel,round_win = game_pnl > 0 (decisive only),COMPATIBILITY_ONLY_NOT_PRODUCTION,268817.8208,244366.2908,168.7661,6248,5610,-0.00062781,-0.08642944,0.00436428,-0.00062781,-168.7661,268817.8208,OK,0.0000,6.7506,4.0000,96.0000,AG03-UNRESOLVED,ALL5_LEVELS_bet23_to_bet27,6.7506,6.7506,6.7506,8.4383,8.4383,4.000000,4.000000,4.000000,5.000000,5.000000,96.000000,96.000000,96.000000,95.000000,95.000000,5.0,37.1285,34.0107,131.6376,134.7554,PENDING_AG03,FALSE,NOT_FOR_ENFORCEMENT,162.0155,234591.6392,168.7661,162.0155,6.7506,0.00062781,0.00060270,6.7506,162.0155,0.00060270,6.7506,6.7506,6.7506,8.4383,8.4383,162.0155,0.00060270,37.1285,34.0107,131.6376,134.7554,0.00048969,0.00050129,0.00002511,43.0246,43.5591,0.0301,2.0581,0.0627,3278.2661,68.4146,17.6798,46.9397,25.7155,39.4976,52.6635,77.1466,82.2897,128.5777,31.4111,0.0,2.083411,3.25533,1.089297,30,192,222,8,0.05498276,0.00062781,0.08642944,0E-8,0.000000,0.909041,0.000000,-0.09079372,2026-03-23,2026-08-06,82,2690,1181,137,0.598540,0.376650,0.410924,0.183276,,,,,,,,GLOBAL_BASELINE_NO_ENTITY_RANKING,,,NOT_APPLICABLE_GLOBAL_BASELINE,HF9g-P5,,,,X 全窗基线 · 不参与实体赏罚,6876953,688,A168_HF9F_20260827_0900,2026-08-27 09:00:00
2026-03-29,70460261,1017,0,26.3317270980,-26.3317270980,-26.3317270980,0E-7,1,1,0.49324550000000000,0.493245500000,-0.9865810262130424,-0.9865810262130424,-0.9865810262130424,0E-17,ELIGIBLE,R03b_20260811_FULL_v1,L1_ELIGIBILITY,v2026-08-11,2026-03-21..2026-08-06,baccarat_bet02_101_all_pairs_incl_sentinel,round_win = game_pnl > 0 (decisive only),COMPATIBILITY_ONLY_NOT_PRODUCTION,268817.8208,244366.2908,168.7661,6248,5610,-0.00062781,-0.08642944,0.00436428,-0.00062781,-168.7661,268817.8208,OK,0.0000,6.7506,4.0000,96.0000,AG03-UNRESOLVED,ALL5_LEVELS_bet23_to_bet27,6.7506,6.7506,6.7506,8.4383,8.4383,4.000000,4.000000,4.000000,5.000000,5.000000,96.000000,96.000000,96.000000,95.000000,95.000000,5.0,37.1285,34.0107,131.6376,134.7554,PENDING_AG03,FALSE,NOT_FOR_ENFORCEMENT,162.0155,234591.6392,168.7661,162.0155,6.7506,0.00062781,0.00060270,6.7506,162.0155,0.00060270,6.7506,6.7506,6.7506,8.4383,8.4383,162.0155,0.00060270,37.1285,34.0107,131.6376,134.7554,0.00048969,0.00050129,0.00002511,43.0246,43.5591,0.0301,2.0581,0.0627,3278.2661,68.4146,17.6798,46.9397,25.7155,39.4976,52.6635,77.1466,82.2897,128.5777,31.4111,0.0,2.083411,3.25533,1.089297,30,192,222,8,0.05498276,0.00062781,0.08642944,0E-8,0.000000,0.909041,0.000000,-0.09079372,2026-03-23,2026-08-06,82,2690,1181,137,0.598540,0.376650,0.410924,0.183276,,,,,,,,GLOBAL_BASELINE_NO_ENTITY_RANKING,,,NOT_APPLICABLE_GLOBAL_BASELINE,HF9g-P5,,,,X 全窗基线 · 不参与实体赏罚,6876954,688,A168_HF9F_20260827_0900,2026-08-27 09:00:00
2026-03-29,70460261,1151,0,57.9297996156,-57.9297996156,-57.9297996156,0E-7,1,1,0.50665070000000000,0.506650700000,-1.013391052207602,-1.013391052207602,-1.013391052207602,0E-17,ELIGIBLE,R03b_20260811_FULL_v1,L1_ELIGIBILITY,v2026-08-11,2026-03-21..2026-08-06,baccarat_bet02_101_all_pairs_incl_sentinel,round_win = game_pnl > 0 (decisive only),COMPATIBILITY_ONLY_NOT_PRODUCTION,268817.8208,244366.2908,168.7661,6248,5610,-0.00062781,-0.08642944,0.00436428,-0.00062781,-168.7661,268817.8208,OK,0.0000,6.7506,4.0000,96.0000,AG03-UNRESOLVED,ALL5_LEVELS_bet23_to_bet27,6.7506,6.7506,6.7506,8.4383,8.4383,4.000000,4.000000,4.000000,5.000000,5.000000,96.000000,96.000000,96.000000,95.000000,95.000000,5.0,37.1285,34.0107,131.6376,134.7554,PENDING_AG03,FALSE,NOT_FOR_ENFORCEMENT,162.0155,234591.6392,168.7661,162.0155,6.7506,0.00062781,0.00060270,6.7506,162.0155,0.00060270,6.7506,6.7506,6.7506,8.4383,8.4383,162.0155,0.00060270,37.1285,34.0107,131.6376,134.7554,0.00048969,0.00050129,0.00002511,43.0246,43.5591,0.0301,2.0581,0.0627,3278.2661,68.4146,17.6798,46.9397,25.7155,39.4976,52.6635,77.1466,82.2897,128.5777,31.4111,0.0,2.083411,3.25533,1.089297,30,192,222,8,0.05498276,0.00062781,0.08642944,0E-8,0.000000,0.909041,0.000000,-0.09079372,2026-03-23,2026-08-06,82,2690,1181,137,0.598540,0.376650,0.410924,0.183276,,,,,,,,GLOBAL_BASELINE_NO_ENTITY_RANKING,,,NOT_APPLICABLE_GLOBAL_BASELINE,HF9g-P5,,,,X 全窗基线 · 不参与实体赏罚,6876955,688,A168_HF9F_20260827_0900,2026-08-27 09:00:00
2026-03-29,70460261,1157,0,132.7119045738,-132.7119045738,-132.7119045738,0E-7,1,1,0.49324550000000000,0.493245500000,-0.9865810262130424,-0.9865810262130424,-0.9865810262130424,0E-17,ELIGIBLE,R03b_20260811_FULL_v1,L1_ELIGIBILITY,v2026-08-11,2026-03-21..2026-08-06,baccarat_bet02_101_all_pairs_incl_sentinel,round_win = game_pnl > 0 (decisive only),COMPATIBILITY_ONLY_NOT_PRODUCTION,268817.8208,244366.2908,168.7661,6248,5610,-0.00062781,-0.08642944,0.00436428,-0.00062781,-168.7661,268817.8208,OK,0.0000,6.7506,4.0000,96.0000,AG03-UNRESOLVED,ALL5_LEVELS_bet23_to_bet27,6.7506,6.7506,6.7506,8.4383,8.4383,4.000000,4.000000,4.000000,5.000000,5.000000,96.000000,96.000000,96.000000,95.000000,95.000000,5.0,37.1285,34.0107,131.6376,134.7554,PENDING_AG03,FALSE,NOT_FOR_ENFORCEMENT,162.0155,234591.6392,168.7661,162.0155,6.7506,0.00062781,0.00060270,6.7506,162.0155,0.00060270,6.7506,6.7506,6.7506,8.4383,8.4383,162.0155,0.00060270,37.1285,34.0107,131.6376,134.7554,0.00048969,0.00050129,0.00002511,43.0246,43.5591,0.0301,2.0581,0.0627,3278.2661,68.4146,17.6798,46.9397,25.7155,39.4976,52.6635,77.1466,82.2897,128.5777,31.4111,0.0,2.083411,3.25533,1.089297,30,192,222,8,0.05498276,0.00062781,0.08642944,0E-8,0.000000,0.909041,0.000000,-0.09079372,2026-03-23,2026-08-06,82,2690,1181,137,0.598540,0.376650,0.410924,0.183276,,,,,,,,GLOBAL_BASELINE_NO_ENTITY_RANKING,,,NOT_APPLICABLE_GLOBAL_BASELINE,HF9g-P5,,,,X 全窗基线 · 不参与实体赏罚,6876956,688,A168_HF9F_20260827_0900,2026-08-27 09:00:00
2026-03-29,70460261,1306,0,176.4225715565,80.3117676488,80.3117676488,0.5000000,2,2,0.50665070000000000,0.506650700000,-0.018812684590367487,-0.018812684590367487,-0.018812684590367487,0E-17,ELIGIBLE,R03b_20260811_FULL_v1,L1_ELIGIBILITY,v2026-08-11,2026-03-21..2026-08-06,baccarat_bet02_101_all_pairs_incl_sentinel,round_win = game_pnl > 0 (decisive only),COMPATIBILITY_ONLY_NOT_PRODUCTION,268817.8208,244366.2908,168.7661,6248,5610,-0.00062781,-0.08642944,0.00436428,-0.00062781,-168.7661,268817.8208,OK,0.0000,6.7506,4.0000,96.0000,AG03-UNRESOLVED,ALL5_LEVELS_bet23_to_bet27,6.7506,6.7506,6.7506,8.4383,8.4383,4.000000,4.000000,4.000000,5.000000,5.000000,96.000000,96.000000,96.000000,95.000000,95.000000,5.0,37.1285,34.0107,131.6376,134.7554,PENDING_AG03,FALSE,NOT_FOR_ENFORCEMENT,162.0155,234591.6392,168.7661,162.0155,6.7506,0.00062781,0.00060270,6.7506,162.0155,0.00060270,6.7506,6.7506,6.7506,8.4383,8.4383,162.0155,0.00060270,37.1285,34.0107,131.6376,134.7554,0.00048969,0.00050129,0.00002511,43.0246,43.5591,0.0301,2.0581,0.0627,3278.2661,68.4146,17.6798,46.9397,25.7155,39.4976,52.6635,77.1466,82.2897,128.5777,31.4111,0.0,2.083411,3.25533,1.089297,30,192,222,8,0.05498276,0.00062781,0.08642944,0E-8,0.000000,0.909041,0.000000,-0.09079372,2026-03-23,2026-08-06,82,2690,1181,137,0.598540,0.376650,0.410924,0.183276,,,,,,,,GLOBAL_BASELINE_NO_ENTITY_RANKING,,,NOT_APPLICABLE_GLOBAL_BASELINE,HF9g-P5,,,,X 全窗基线 · 不参与实体赏罚,6876957,688,A168_HF9F_20260827_0900,2026-08-27 09:00:00
2026-03-29,70460261,1307,0,223.8196803330,0.5266345419,0.5266345419,0.5000000,7,5,0.48846323263157895,0.449057053333,0.04615935845391387,0.20483774343139907,0.04615935845391387,0.03940617929857895,ELIGIBLE,R03b_20260811_FULL_v1,L1_ELIGIBILITY,v2026-08-11,2026-03-21..2026-08-06,baccarat_bet02_101_all_pairs_incl_sentinel,round_win = game_pnl > 0 (decisive only),COMPATIBILITY_ONLY_NOT_PRODUCTION,268817.8208,244366.2908,168.7661,6248,5610,-0.00062781,-0.08642944,0.00436428,-0.00062781,-168.7661,268817.8208,OK,0.0000,6.7506,4.0000,96.0000,AG03-UNRESOLVED,ALL5_LEVELS_bet23_to_bet27,6.7506,6.7506,6.7506,8.4383,8.4383,4.000000,4.000000,4.000000,5.000000,5.000000,96.000000,96.000000,96.000000,95.000000,95.000000,5.0,37.1285,34.0107,131.6376,134.7554,PENDING_AG03,FALSE,NOT_FOR_ENFORCEMENT,162.0155,234591.6392,168.7661,162.0155,6.7506,0.00062781,0.00060270,6.7506,162.0155,0.00060270,6.7506,6.7506,6.7506,8.4383,8.4383,162.0155,0.00060270,37.1285,34.0107,131.6376,134.7554,0.00048969,0.00050129,0.00002511,43.0246,43.5591,0.0301,2.0581,0.0627,3278.2661,68.4146,17.6798,46.9397,25.7155,39.4976,52.6635,77.1466,82.2897,128.5777,31.4111,0.0,2.083411,3.25533,1.089297,30,192,222,8,0.05498276,0.00062781,0.08642944,0E-8,0.000000,0.909041,0.000000,-0.09079372,2026-03-23,2026-08-06,82,2690,1181,137,0.598540,0.376650,0.410924,0.183276,,,,,,,,GLOBAL_BASELINE_NO_ENTITY_RANKING,,,NOT_APPLICABLE_GLOBAL_BASELINE,HF9g-P5,,,,X 全窗基线 · 不参与实体赏罚,6876958,688,A168_HF9F_20260827_0900,2026-08-27 09:00:00
2026-03-29,70460261,1331,0,26.3317270980,-26.3317270980,-26.3317270980,0E-7,1,1,0.50665070000000000,0.506650700000,-1.013391052207602,-1.013391052207602,-1.013391052207602,0E-17,ELIGIBLE,R03b_20260811_FULL_v1,L1_ELIGIBILITY,v2026-08-11,2026-03-21..2026-08-06,baccarat_bet02_101_all_pairs_incl_sentinel,round_win = game_pnl > 0 (decisive only),COMPATIBILITY_ONLY_NOT_PRODUCTION,268817.8208,244366.2908,168.7661,6248,5610,-0.00062781,-0.08642944,0.00436428,-0.00062781,-168.7661,268817.8208,OK,0.0000,6.7506,4.0000,96.0000,AG03-UNRESOLVED,ALL5_LEVELS_bet23_to_bet27,6.7506,6.7506,6.7506,8.4383,8.4383,4.000000,4.000000,4.000000,5.000000,5.000000,96.000000,96.000000,96.000000,95.000000,95.000000,5.0,37.1285,34.0107,131.6376,134.7554,PENDING_AG03,FALSE,NOT_FOR_ENFORCEMENT,162.0155,234591.6392,168.7661,162.0155,6.7506,0.00062781,0.00060270,6.7506,162.0155,0.00060270,6.7506,6.7506,6.7506,8.4383,8.4383,162.0155,0.00060270,37.1285,34.0107,131.6376,134.7554,0.00048969,0.00050129,0.00002511,43.0246,43.5591,0.0301,2.0581,0.0627,3278.2661,68.4146,17.6798,46.9397,25.7155,39.4976,52.6635,77.1466,82.2897,128.5777,31.4111,0.0,2.083411,3.25533,1.089297,30,192,222,8,0.05498276,0.00062781,0.08642944,0E-8,0.000000,0.909041,0.000000,-0.09079372,2026-03-23,2026-08-06,82,2690,1181,137,0.598540,0.376650,0.410924,0.183276,,,,,,,,GLOBAL_BASELINE_NO_ENTITY_RANKING,,,NOT_APPLICABLE_GLOBAL_BASELINE,HF9g-P5,,,,X 全窗基线 · 不参与实体赏罚,6876959,688,A168_HF9F_20260827_0900,2026-08-27 09:00:00
2026-03-29,70460261,1354,0,76.3620085841,-76.3620085841,-76.3620085841,0E-7,1,1,0.49324550000000000,0.493245500000,-0.9865810262130424,-0.9865810262130424,-0.9865810262130424,0E-17,ELIGIBLE,R03b_20260811_FULL_v1,L1_ELIGIBILITY,v2026-08-11,2026-03-21..2026-08-06,baccarat_bet02_101_all_pairs_incl_sentinel,round_win = game_pnl > 0 (decisive only),COMPATIBILITY_ONLY_NOT_PRODUCTION,268817.8208,244366.2908,168.7661,6248,5610,-0.00062781,-0.08642944,0.00436428,-0.00062781,-168.7661,268817.8208,OK,0.0000,6.7506,4.0000,96.0000,AG03-UNRESOLVED,ALL5_LEVELS_bet23_to_bet27,6.7506,6.7506,6.7506,8.4383,8.4383,4.000000,4.000000,4.000000,5.000000,5.000000,96.000000,96.000000,96.000000,95.000000,95.000000,5.0,37.1285,34.0107,131.6376,134.7554,PENDING_AG03,FALSE,NOT_FOR_ENFORCEMENT,162.0155,234591.6392,168.7661,162.0155,6.7506,0.00062781,0.00060270,6.7506,162.0155,0.00060270,6.7506,6.7506,6.7506,8.4383,8.4383,162.0155,0.00060270,37.1285,34.0107,131.6376,134.7554,0.00048969,0.00050129,0.00002511,43.0246,43.5591,0.0301,2.0581,0.0627,3278.2661,68.4146,17.6798,46.9397,25.7155,39.4976,52.6635,77.1466,82.2897,128.5777,31.4111,0.0,2.083411,3.25533,1.089297,30,192,222,8,0.05498276,0.00062781,0.08642944,0E-8,0.000000,0.909041,0.000000,-0.09079372,2026-03-23,2026-08-06,82,2690,1181,137,0.598540,0.376650,0.410924,0.183276,,,,,,,,GLOBAL_BASELINE_NO_ENTITY_RANKING,,,NOT_APPLICABLE_GLOBAL_BASELINE,HF9g-P5,,,,X 全窗基线 · 不参与实体赏罚,6876960,688,A168_HF9F_20260827_0900,2026-08-27 09:00:00
2026-03-29,70460261,1384,0,23.6985543882,-23.6985543882,-23.6985543882,0E-7,1,1,0.50665070000000000,0.506650700000,-1.013391052207602,-1.013391052207602,-1.013391052207602,0E-17,ELIGIBLE,R03b_20260811_FULL_v1,L1_ELIGIBILITY,v2026-08-11,2026-03-21..2026-08-06,baccarat_bet02_101_all_pairs_incl_sentinel,round_win = game_pnl > 0 (decisive only),COMPATIBILITY_ONLY_NOT_PRODUCTION,268817.8208,244366.2908,168.7661,6248,5610,-0.00062781,-0.08642944,0.00436428,-0.00062781,-168.7661,268817.8208,OK,0.0000,6.7506,4.0000,96.0000,AG03-UNRESOLVED,ALL5_LEVELS_bet23_to_bet27,6.7506,6.7506,6.7506,8.4383,8.4383,4.000000,4.000000,4.000000,5.000000,5.000000,96.000000,96.000000,96.000000,95.000000,95.000000,5.0,37.1285,34.0107,131.6376,134.7554,PENDING_AG03,FALSE,NOT_FOR_ENFORCEMENT,162.0155,234591.6392,168.7661,162.0155,6.7506,0.00062781,0.00060270,6.7506,162.0155,0.00060270,6.7506,6.7506,6.7506,8.4383,8.4383,162.0155,0.00060270,37.1285,34.0107,131.6376,134.7554,0.00048969,0.00050129,0.00002511,43.0246,43.5591,0.0301,2.0581,0.0627,3278.2661,68.4146,17.6798,46.9397,25.7155,39.4976,52.6635,77.1466,82.2897,128.5777,31.4111,0.0,2.083411,3.25533,1.089297,30,192,222,8,0.05498276,0.00062781,0.08642944,0E-8,0.000000,0.909041,0.000000,-0.09079372,2026-03-23,2026-08-06,82,2690,1181,137,0.598540,0.376650,0.410924,0.183276,,,,,,,,GLOBAL_BASELINE_NO_ENTITY_RANKING,,,NOT_APPLICABLE_GLOBAL_BASELINE,HF9g-P5,,,,X 全窗基线 · 不参与实体赏罚,6876961,688,A168_HF9F_20260827_0900,2026-08-27 09:00:00
2026-03-29,70460261,1399,0,36.8644179372,35.0211970403,35.0211970403,1.0000000,1,1,0.50665070000000000,0.506650700000,0.9867858985152569,0.9867858985152569,0.9867858985152569,0E-17,ELIGIBLE,R03b_20260811_FULL_v1,L1_ELIGIBILITY,v2026-08-11,2026-03-21..2026-08-06,baccarat_bet02_101_all_pairs_incl_sentinel,round_win = game_pnl > 0 (decisive only),COMPATIBILITY_ONLY_NOT_PRODUCTION,268817.8208,244366.2908,168.7661,6248,5610,-0.00062781,-0.08642944,0.00436428,-0.00062781,-168.7661,268817.8208,OK,0.0000,6.7506,4.0000,96.0000,AG03-UNRESOLVED,ALL5_LEVELS_bet23_to_bet27,6.7506,6.7506,6.7506,8.4383,8.4383,4.000000,4.000000,4.000000,5.000000,5.000000,96.000000,96.000000,96.000000,95.000000,95.000000,5.0,37.1285,34.0107,131.6376,134.7554,PENDING_AG03,FALSE,NOT_FOR_ENFORCEMENT,162.0155,234591.6392,168.7661,162.0155,6.7506,0.00062781,0.00060270,6.7506,162.0155,0.00060270,6.7506,6.7506,6.7506,8.4383,8.4383,162.0155,0.00060270,37.1285,34.0107,131.6376,134.7554,0.00048969,0.00050129,0.00002511,43.0246,43.5591,0.0301,2.0581,0.0627,3278.2661,68.4146,17.6798,46.9397,25.7155,39.4976,52.6635,77.1466,82.2897,128.5777,31.4111,0.0,2.083411,3.25533,1.089297,30,192,222,8,0.05498276,0.00062781,0.08642944,0E-8,0.000000,0.909041,0.000000,-0.09079372,2026-03-23,2026-08-06,82,2690,1181,137,0.598540,0.376650,0.410924,0.183276,,,,,,,,GLOBAL_BASELINE_NO_ENTITY_RANKING,,,NOT_APPLICABLE_GLOBAL_BASELINE,HF9g-P5,,,,X 全窗基线 · 不参与实体赏罚,6876962,688,A168_HF9F_20260827_0900,2026-08-27 09:00:00
2026-03-29,70460261,1405,0,258.0509255602,-1.3165863549,-1.3165863549,0.3333333,3,3,0.50665070000000000,0.506650700000,-0.6004420894325239,-0.6004420894325239,-0.6004420894325239,0E-17,ELIGIBLE,R03b_20260811_FULL_v1,L1_ELIGIBILITY,v2026-08-11,2026-03-21..2026-08-06,baccarat_bet02_101_all_pairs_incl_sentinel,round_win = game_pnl > 0 (decisive only),COMPATIBILITY_ONLY_NOT_PRODUCTION,268817.8208,244366.2908,168.7661,6248,5610,-0.00062781,-0.08642944,0.00436428,-0.00062781,-168.7661,268817.8208,OK,0.0000,6.7506,4.0000,96.0000,AG03-UNRESOLVED,ALL5_LEVELS_bet23_to_bet27,6.7506,6.7506,6.7506,8.4383,8.4383,4.000000,4.000000,4.000000,5.000000,5.000000,96.000000,96.000000,96.000000,95.000000,95.000000,5.0,37.1285,34.0107,131.6376,134.7554,PENDING_AG03,FALSE,NOT_FOR_ENFORCEMENT,162.0155,234591.6392,168.7661,162.0155,6.7506,0.00062781,0.00060270,6.7506,162.0155,0.00060270,6.7506,6.7506,6.7506,8.4383,8.4383,162.0155,0.00060270,37.1285,34.0107,131.6376,134.7554,0.00048969,0.00050129,0.00002511,43.0246,43.5591,0.0301,2.0581,0.0627,3278.2661,68.4146,17.6798,46.9397,25.7155,39.4976,52.6635,77.1466,82.2897,128.5777,31.4111,0.0,2.083411,3.25533,1.089297,30,192,222,8,0.05498276,0.00062781,0.08642944,0E-8,0.000000,0.909041,0.000000,-0.09079372,2026-03-23,2026-08-06,82,2690,1181,137,0.598540,0.376650,0.410924,0.183276,,,,,,,,GLOBAL_BASELINE_NO_ENTITY_RANKING,,,NOT_APPLICABLE_GLOBAL_BASELINE,HF9g-P5,,,,X 全窗基线 · 不参与实体赏罚,6876963,688,A168_HF9F_20260827_0900,2026-08-27 09:00:00
2026-03-29,70460261,1491,0,78.9951812939,75.0454222292,75.0454222292,1.0000000,1,1,0.50665070000000000,0.506650700000,0.9867858985152569,0.9867858985152569,0.9867858985152569,0E-17,ELIGIBLE,R03b_20260811_FULL_v1,L1_ELIGIBILITY,v2026-08-11,2026-03-21..2026-08-06,baccarat_bet02_101_all_pairs_incl_sentinel,round_win = game_pnl > 0 (decisive only),COMPATIBILITY_ONLY_NOT_PRODUCTION,268817.8208,244366.2908,168.7661,6248,5610,-0.00062781,-0.08642944,0.00436428,-0.00062781,-168.7661,268817.8208,OK,0.0000,6.7506,4.0000,96.0000,AG03-UNRESOLVED,ALL5_LEVELS_bet23_to_bet27,6.7506,6.7506,6.7506,8.4383,8.4383,4.000000,4.000000,4.000000,5.000000,5.000000,96.000000,96.000000,96.000000,95.000000,95.000000,5.0,37.1285,34.0107,131.6376,134.7554,PENDING_AG03,FALSE,NOT_FOR_ENFORCEMENT,162.0155,234591.6392,168.7661,162.0155,6.7506,0.00062781,0.00060270,6.7506,162.0155,0.00060270,6.7506,6.7506,6.7506,8.4383,8.4383,162.0155,0.00060270,37.1285,34.0107,131.6376,134.7554,0.00048969,0.00050129,0.00002511,43.0246,43.5591,0.0301,2.0581,0.0627,3278.2661,68.4146,17.6798,46.9397,25.7155,39.4976,52.6635,77.1466,82.2897,128.5777,31.4111,0.0,2.083411,3.25533,1.089297,30,192,222,8,0.05498276,0.00062781,0.08642944,0E-8,0.000000,0.909041,0.000000,-0.09079372,2026-03-23,2026-08-06,82,2690,1181,137,0.598540,0.376650,0.410924,0.183276,,,,,,,,GLOBAL_BASELINE_NO_ENTITY_RANKING,,,NOT_APPLICABLE_GLOBAL_BASELINE,HF9g-P5,,,,X 全窗基线 · 不参与实体赏罚,6876964,688,A168_HF9F_20260827_0900,2026-08-27 09:00:00
2026-03-29,70460261,1505,0,50.0302814862,-50.0302814862,-50.0302814862,0E-7,1,1,0.50665070000000000,0.506650700000,-1.013391052207602,-1.013391052207602,-1.013391052207602,0E-17,ELIGIBLE,R03b_20260811_FULL_v1,L1_ELIGIBILITY,v2026-08-11,2026-03-21..2026-08-06,baccarat_bet02_101_all_pairs_incl_sentinel,round_win = game_pnl > 0 (decisive only),COMPATIBILITY_ONLY_NOT_PRODUCTION,268817.8208,244366.2908,168.7661,6248,5610,-0.00062781,-0.08642944,0.00436428,-0.00062781,-168.7661,268817.8208,OK,0.0000,6.7506,4.0000,96.0000,AG03-UNRESOLVED,ALL5_LEVELS_bet23_to_bet27,6.7506,6.7506,6.7506,8.4383,8.4383,4.000000,4.000000,4.000000,5.000000,5.000000,96.000000,96.000000,96.000000,95.000000,95.000000,5.0,37.1285,34.0107,131.6376,134.7554,PENDING_AG03,FALSE,NOT_FOR_ENFORCEMENT,162.0155,234591.6392,168.7661,162.0155,6.7506,0.00062781,0.00060270,6.7506,162.0155,0.00060270,6.7506,6.7506,6.7506,8.4383,8.4383,162.0155,0.00060270,37.1285,34.0107,131.6376,134.7554,0.00048969,0.00050129,0.00002511,43.0246,43.5591,0.0301,2.0581,0.0627,3278.2661,68.4146,17.6798,46.9397,25.7155,39.4976,52.6635,77.1466,82.2897,128.5777,31.4111,0.0,2.083411,3.25533,1.089297,30,192,222,8,0.05498276,0.00062781,0.08642944,0E-8,0.000000,0.909041,0.000000,-0.09079372,2026-03-23,2026-08-06,82,2690,1181,137,0.598540,0.376650,0.410924,0.183276,,,,,,,,GLOBAL_BASELINE_NO_ENTITY_RANKING,,,NOT_APPLICABLE_GLOBAL_BASELINE,HF9g-P5,,,,X 全窗基线 · 不参与实体赏罚,6876965,688,A168_HF9F_20260827_0900,2026-08-27 09:00:00
2026-03-29,70460261,1507,0,75.0454222293,53.3217473734,53.3217473734,0.5000000,2,2,0.50665070000000000,0.506650700000,-0.018812684590367487,-0.018812684590367487,-0.018812684590367487,0E-17,ELIGIBLE,R03b_20260811_FULL_v1,L1_ELIGIBILITY,v2026-08-11,2026-03-21..2026-08-06,baccarat_bet02_101_all_pairs_incl_sentinel,round_win = game_pnl > 0 (decisive only),COMPATIBILITY_ONLY_NOT_PRODUCTION,268817.8208,244366.2908,168.7661,6248,5610,-0.00062781,-0.08642944,0.00436428,-0.00062781,-168.7661,268817.8208,OK,0.0000,6.7506,4.0000,96.0000,AG03-UNRESOLVED,ALL5_LEVELS_bet23_to_bet27,6.7506,6.7506,6.7506,8.4383,8.4383,4.000000,4.000000,4.000000,5.000000,5.000000,96.000000,96.000000,96.000000,95.000000,95.000000,5.0,37.1285,34.0107,131.6376,134.7554,PENDING_AG03,FALSE,NOT_FOR_ENFORCEMENT,162.0155,234591.6392,168.7661,162.0155,6.7506,0.00062781,0.00060270,6.7506,162.0155,0.00060270,6.7506,6.7506,6.7506,8.4383,8.4383,162.0155,0.00060270,37.1285,34.0107,131.6376,134.7554,0.00048969,0.00050129,0.00002511,43.0246,43.5591,0.0301,2.0581,0.0627,3278.2661,68.4146,17.6798,46.9397,25.7155,39.4976,52.6635,77.1466,82.2897,128.5777,31.4111,0.0,2.083411,3.25533,1.089297,30,192,222,8,0.05498276,0.00062781,0.08642944,0E-8,0.000000,0.909041,0.000000,-0.09079372,2026-03-23,2026-08-06,82,2690,1181,137,0.598540,0.376650,0.410924,0.183276,,,,,,,,GLOBAL_BASELINE_NO_ENTITY_RANKING,,,NOT_APPLICABLE_GLOBAL_BASELINE,HF9g-P5,,,,X 全窗基线 · 不参与实体赏罚,6876966,688,A168_HF9F_20260827_0900,2026-08-27 09:00:00
2026-03-29,70460261,1508,0,52.6634541960,50.0302814862,50.0302814862,1.0000000,1,1,0.50665070000000000,0.506650700000,0.9867858985152569,0.9867858985152569,0.9867858985152569,0E-17,ELIGIBLE,R03b_20260811_FULL_v1,L1_ELIGIBILITY,v2026-08-11,2026-03-21..2026-08-06,baccarat_bet02_101_all_pairs_incl_sentinel,round_win = game_pnl > 0 (decisive only),COMPATIBILITY_ONLY_NOT_PRODUCTION,268817.8208,244366.2908,168.7661,6248,5610,-0.00062781,-0.08642944,0.00436428,-0.00062781,-168.7661,268817.8208,OK,0.0000,6.7506,4.0000,96.0000,AG03-UNRESOLVED,ALL5_LEVELS_bet23_to_bet27,6.7506,6.7506,6.7506,8.4383,8.4383,4.000000,4.000000,4.000000,5.000000,5.000000,96.000000,96.000000,96.000000,95.000000,95.000000,5.0,37.1285,34.0107,131.6376,134.7554,PENDING_AG03,FALSE,NOT_FOR_ENFORCEMENT,162.0155,234591.6392,168.7661,162.0155,6.7506,0.00062781,0.00060270,6.7506,162.0155,0.00060270,6.7506,6.7506,6.7506,8.4383,8.4383,162.0155,0.00060270,37.1285,34.0107,131.6376,134.7554,0.00048969,0.00050129,0.00002511,43.0246,43.5591,0.0301,2.0581,0.0627,3278.2661,68.4146,17.6798,46.9397,25.7155,39.4976,52.6635,77.1466,82.2897,128.5777,31.4111,0.0,2.083411,3.25533,1.089297,30,192,222,8,0.05498276,0.00062781,0.08642944,0E-8,0.000000,0.909041,0.000000,-0.09079372,2026-03-23,2026-08-06,82,2690,1181,137,0.598540,0.376650,0.410924,0.183276,,,,,,,,GLOBAL_BASELINE_NO_ENTITY_RANKING,,,NOT_APPLICABLE_GLOBAL_BASELINE,HF9g-P5,,,,X 全窗基线 · 不参与实体赏罚,6876967,688,A168_HF9F_20260827_0900,2026-08-27 09:00:00
2026-03-29,70460261,1623,0,171.1562261369,-171.1562261369,-171.1562261369,0E-7,3,3,0.50665070000000000,0.506650700000,-1.7552447903592512,-1.7552447903592512,-1.7552447903592512,0E-17,ELIGIBLE,R03b_20260811_FULL_v1,L1_ELIGIBILITY,v2026-08-11,2026-03-21..2026-08-06,baccarat_bet02_101_all_pairs_incl_sentinel,round_win = game_pnl > 0 (decisive only),COMPATIBILITY_ONLY_NOT_PRODUCTION,268817.8208,244366.2908,168.7661,6248,5610,-0.00062781,-0.08642944,0.00436428,-0.00062781,-168.7661,268817.8208,OK,0.0000,6.7506,4.0000,96.0000,AG03-UNRESOLVED,ALL5_LEVELS_bet23_to_bet27,6.7506,6.7506,6.7506,8.4383,8.4383,4.000000,4.000000,4.000000,5.000000,5.000000,96.000000,96.000000,96.000000,95.000000,95.000000,5.0,37.1285,34.0107,131.6376,134.7554,PENDING_AG03,FALSE,NOT_FOR_ENFORCEMENT,162.0155,234591.6392,168.7661,162.0155,6.7506,0.00062781,0.00060270,6.7506,162.0155,0.00060270,6.7506,6.7506,6.7506,8.4383,8.4383,162.0155,0.00060270,37.1285,34.0107,131.6376,134.7554,0.00048969,0.00050129,0.00002511,43.0246,43.5591,0.0301,2.0581,0.0627,3278.2661,68.4146,17.6798,46.9397,25.7155,39.4976,52.6635,77.1466,82.2897,128.5777,31.4111,0.0,2.083411,3.25533,1.089297,30,192,222,8,0.05498276,0.00062781,0.08642944,0E-8,0.000000,0.909041,0.000000,-0.09079372,2026-03-23,2026-08-06,82,2690,1181,137,0.598540,0.376650,0.410924,0.183276,,,,,,,,GLOBAL_BASELINE_NO_ENTITY_RANKING,,,NOT_APPLICABLE_GLOBAL_BASELINE,HF9g-P5,,,,X 全窗基线 · 不参与实体赏罚,6876968,688,A168_HF9F_20260827_0900,2026-08-27 09:00:00
2026-03-29,70460261,1646,0,131.6586354899,-131.6586354899,-131.6586354899,0E-7,1,1,0.50665070000000000,0.506650700000,-1.013391052207602,-1.013391052207602,-1.013391052207602,0E-17,ELIGIBLE,R03b_20260811_FULL_v1,L1_ELIGIBILITY,v2026-08-11,2026-03-21..2026-08-06,baccarat_bet02_101_all_pairs_incl_sentinel,round_win = game_pnl > 0 (decisive only),COMPATIBILITY_ONLY_NOT_PRODUCTION,268817.8208,244366.2908,168.7661,6248,5610,-0.00062781,-0.08642944,0.00436428,-0.00062781,-168.7661,268817.8208,OK,0.0000,6.7506,4.0000,96.0000,AG03-UNRESOLVED,ALL5_LEVELS_bet23_to_bet27,6.7506,6.7506,6.7506,8.4383,8.4383,4.000000,4.000000,4.000000,5.000000,5.000000,96.000000,96.000000,96.000000,95.000000,95.000000,5.0,37.1285,34.0107,131.6376,134.7554,PENDING_AG03,FALSE,NOT_FOR_ENFORCEMENT,162.0155,234591.6392,168.7661,162.0155,6.7506,0.00062781,0.00060270,6.7506,162.0155,0.00060270,6.7506,6.7506,6.7506,8.4383,8.4383,162.0155,0.00060270,37.1285,34.0107,131.6376,134.7554,0.00048969,0.00050129,0.00002511,43.0246,43.5591,0.0301,2.0581,0.0627,3278.2661,68.4146,17.6798,46.9397,25.7155,39.4976,52.6635,77.1466,82.2897,128.5777,31.4111,0.0,2.083411,3.25533,1.089297,30,192,222,8,0.05498276,0.00062781,0.08642944,0E-8,0.000000,0.909041,0.000000,-0.09079372,2026-03-23,2026-08-06,82,2690,1181,137,0.598540,0.376650,0.410924,0.183276,,,,,,,,GLOBAL_BASELINE_NO_ENTITY_RANKING,,,NOT_APPLICABLE_GLOBAL_BASELINE,HF9g-P5,,,,X 全窗基线 · 不参与实体赏罚,6876969,688,A168_HF9F_20260827_0900,2026-08-27 09:00:00
2026-03-29,70460261,1654,0,78.9951812939,-78.9951812939,-78.9951812939,0E-7,1,1,0.50665070000000000,0.506650700000,-1.013391052207602,-1.013391052207602,-1.013391052207602,0E-17,ELIGIBLE,R03b_20260811_FULL_v1,L1_ELIGIBILITY,v2026-08-11,2026-03-21..2026-08-06,baccarat_bet02_101_all_pairs_incl_sentinel,round_win = game_pnl > 0 (decisive only),COMPATIBILITY_ONLY_NOT_PRODUCTION,268817.8208,244366.2908,168.7661,6248,5610,-0.00062781,-0.08642944,0.00436428,-0.00062781,-168.7661,268817.8208,OK,0.0000,6.7506,4.0000,96.0000,AG03-UNRESOLVED,ALL5_LEVELS_bet23_to_bet27,6.7506,6.7506,6.7506,8.4383,8.4383,4.000000,4.000000,4.000000,5.000000,5.000000,96.000000,96.000000,96.000000,95.000000,95.000000,5.0,37.1285,34.0107,131.6376,134.7554,PENDING_AG03,FALSE,NOT_FOR_ENFORCEMENT,162.0155,234591.6392,168.7661,162.0155,6.7506,0.00062781,0.00060270,6.7506,162.0155,0.00060270,6.7506,6.7506,6.7506,8.4383,8.4383,162.0155,0.00060270,37.1285,34.0107,131.6376,134.7554,0.00048969,0.00050129,0.00002511,43.0246,43.5591,0.0301,2.0581,0.0627,3278.2661,68.4146,17.6798,46.9397,25.7155,39.4976,52.6635,77.1466,82.2897,128.5777,31.4111,0.0,2.083411,3.25533,1.089297,30,192,222,8,0.05498276,0.00062781,0.08642944,0E-8,0.000000,0.909041,0.000000,-0.09079372,2026-03-23,2026-08-06,82,2690,1181,137,0.598540,0.376650,0.410924,0.183276,,,,,,,,GLOBAL_BASELINE_NO_ENTITY_RANKING,,,NOT_APPLICABLE_GLOBAL_BASELINE,HF9g-P5,,,,X 全窗基线 · 不参与实体赏罚,6876970,688,A168_HF9F_20260827_0900,2026-08-27 09:00:00
2026-03-29,70460261,1711,0,26.3317270980,-26.3317270980,-26.3317270980,0E-7,1,1,0.50665070000000000,0.506650700000,-1.013391052207602,-1.013391052207602,-1.013391052207602,0E-17,ELIGIBLE,R03b_20260811_FULL_v1,L1_ELIGIBILITY,v2026-08-11,2026-03-21..2026-08-06,baccarat_bet02_101_all_pairs_incl_sentinel,round_win = game_pnl > 0 (decisive only),COMPATIBILITY_ONLY_NOT_PRODUCTION,268817.8208,244366.2908,168.7661,6248,5610,-0.00062781,-0.08642944,0.00436428,-0.00062781,-168.7661,268817.8208,OK,0.0000,6.7506,4.0000,96.0000,AG03-UNRESOLVED,ALL5_LEVELS_bet23_to_bet27,6.7506,6.7506,6.7506,8.4383,8.4383,4.000000,4.000000,4.000000,5.000000,5.000000,96.000000,96.000000,96.000000,95.000000,95.000000,5.0,37.1285,34.0107,131.6376,134.7554,PENDING_AG03,FALSE,NOT_FOR_ENFORCEMENT,162.0155,234591.6392,168.7661,162.0155,6.7506,0.00062781,0.00060270,6.7506,162.0155,0.00060270,6.7506,6.7506,6.7506,8.4383,8.4383,162.0155,0.00060270,37.1285,34.0107,131.6376,134.7554,0.00048969,0.00050129,0.00002511,43.0246,43.5591,0.0301,2.0581,0.0627,3278.2661,68.4146,17.6798,46.9397,25.7155,39.4976,52.6635,77.1466,82.2897,128.5777,31.4111,0.0,2.083411,3.25533,1.089297,30,192,222,8,0.05498276,0.00062781,0.08642944,0E-8,0.000000,0.909041,0.000000,-0.09079372,2026-03-23,2026-08-06,82,2690,1181,137,0.598540,0.376650,0.410924,0.183276,,,,,,,,GLOBAL_BASELINE_NO_ENTITY_RANKING,,,NOT_APPLICABLE_GLOBAL_BASELINE,HF9g-P5,,,,X 全窗基线 · 不参与实体赏罚,6876971,688,A168_HF9F_20260827_0900,2026-08-27 09:00:00
2026-03-29,70460261,1941,0,92.1610448430,13.1658635490,13.1658635490,0.5000000,2,2,0.49994810000000000,0.499948100000,0.00014679536856514622,0.00014679536856514622,0.00014679536856514622,0E-17,ELIGIBLE,R03b_20260811_FULL_v1,L1_ELIGIBILITY,v2026-08-11,2026-03-21..2026-08-06,baccarat_bet02_101_all_pairs_incl_sentinel,round_win = game_pnl > 0 (decisive only),COMPATIBILITY_ONLY_NOT_PRODUCTION,268817.8208,244366.2908,168.7661,6248,5610,-0.00062781,-0.08642944,0.00436428,-0.00062781,-168.7661,268817.8208,OK,0.0000,6.7506,4.0000,96.0000,AG03-UNRESOLVED,ALL5_LEVELS_bet23_to_bet27,6.7506,6.7506,6.7506,8.4383,8.4383,4.000000,4.000000,4.000000,5.000000,5.000000,96.000000,96.000000,96.000000,95.000000,95.000000,5.0,37.1285,34.0107,131.6376,134.7554,PENDING_AG03,FALSE,NOT_FOR_ENFORCEMENT,162.0155,234591.6392,168.7661,162.0155,6.7506,0.00062781,0.00060270,6.7506,162.0155,0.00060270,6.7506,6.7506,6.7506,8.4383,8.4383,162.0155,0.00060270,37.1285,34.0107,131.6376,134.7554,0.00048969,0.00050129,0.00002511,43.0246,43.5591,0.0301,2.0581,0.0627,3278.2661,68.4146,17.6798,46.9397,25.7155,39.4976,52.6635,77.1466,82.2897,128.5777,31.4111,0.0,2.083411,3.25533,1.089297,30,192,222,8,0.05498276,0.00062781,0.08642944,0E-8,0.000000,0.909041,0.000000,-0.09079372,2026-03-23,2026-08-06,82,2690,1181,137,0.598540,0.376650,0.410924,0.183276,,,,,,,,GLOBAL_BASELINE_NO_ENTITY_RANKING,,,NOT_APPLICABLE_GLOBAL_BASELINE,HF9g-P5,,,,X 全窗基线 · 不参与实体赏罚,6876972,688,A168_HF9F_20260827_0900,2026-08-27 09:00:00
2026-03-29,70460261,1949,0,78.9951812939,-78.9951812939,-78.9951812939,0E-7,1,1,0.49324550000000000,0.493245500000,-0.9865810262130424,-0.9865810262130424,-0.9865810262130424,0E-17,ELIGIBLE,R03b_20260811_FULL_v1,L1_ELIGIBILITY,v2026-08-11,2026-03-21..2026-08-06,baccarat_bet02_101_all_pairs_incl_sentinel,round_win = game_pnl > 0 (decisive only),COMPATIBILITY_ONLY_NOT_PRODUCTION,268817.8208,244366.2908,168.7661,6248,5610,-0.00062781,-0.08642944,0.00436428,-0.00062781,-168.7661,268817.8208,OK,0.0000,6.7506,4.0000,96.0000,AG03-UNRESOLVED,ALL5_LEVELS_bet23_to_bet27,6.7506,6.7506,6.7506,8.4383,8.4383,4.000000,4.000000,4.000000,5.000000,5.000000,96.000000,96.000000,96.000000,95.000000,95.000000,5.0,37.1285,34.0107,131.6376,134.7554,PENDING_AG03,FALSE,NOT_FOR_ENFORCEMENT,162.0155,234591.6392,168.7661,162.0155,6.7506,0.00062781,0.00060270,6.7506,162.0155,0.00060270,6.7506,6.7506,6.7506,8.4383,8.4383,162.0155,0.00060270,37.1285,34.0107,131.6376,134.7554,0.00048969,0.00050129,0.00002511,43.0246,43.5591,0.0301,2.0581,0.0627,3278.2661,68.4146,17.6798,46.9397,25.7155,39.4976,52.6635,77.1466,82.2897,128.5777,31.4111,0.0,2.083411,3.25533,1.089297,30,192,222,8,0.05498276,0.00062781,0.08642944,0E-8,0.000000,0.909041,0.000000,-0.09079372,2026-03-23,2026-08-06,82,2690,1181,137,0.598540,0.376650,0.410924,0.183276,,,,,,,,GLOBAL_BASELINE_NO_ENTITY_RANKING,,,NOT_APPLICABLE_GLOBAL_BASELINE,HF9g-P5,,,,X 全窗基线 · 不参与实体赏罚,6876973,688,A168_HF9F_20260827_0900,2026-08-27 09:00:00
2026-03-29,70460261,1951,0,78.9951812939,75.0454222292,75.0454222292,1.0000000,1,1,0.50665070000000000,0.506650700000,0.9867858985152569,0.9867858985152569,0.9867858985152569,0E-17,ELIGIBLE,R03b_20260811_FULL_v1,L1_ELIGIBILITY,v2026-08-11,2026-03-21..2026-08-06,baccarat_bet02_101_all_pairs_incl_sentinel,round_win = game_pnl > 0 (decisive only),COMPATIBILITY_ONLY_NOT_PRODUCTION,268817.8208,244366.2908,168.7661,6248,5610,-0.00062781,-0.08642944,0.00436428,-0.00062781,-168.7661,268817.8208,OK,0.0000,6.7506,4.0000,96.0000,AG03-UNRESOLVED,ALL5_LEVELS_bet23_to_bet27,6.7506,6.7506,6.7506,8.4383,8.4383,4.000000,4.000000,4.000000,5.000000,5.000000,96.000000,96.000000,96.000000,95.000000,95.000000,5.0,37.1285,34.0107,131.6376,134.7554,PENDING_AG03,FALSE,NOT_FOR_ENFORCEMENT,162.0155,234591.6392,168.7661,162.0155,6.7506,0.00062781,0.00060270,6.7506,162.0155,0.00060270,6.7506,6.7506,6.7506,8.4383,8.4383,162.0155,0.00060270,37.1285,34.0107,131.6376,134.7554,0.00048969,0.00050129,0.00002511,43.0246,43.5591,0.0301,2.0581,0.0627,3278.2661,68.4146,17.6798,46.9397,25.7155,39.4976,52.6635,77.1466,82.2897,128.5777,31.4111,0.0,2.083411,3.25533,1.089297,30,192,222,8,0.05498276,0.00062781,0.08642944,0E-8,0.000000,0.909041,0.000000,-0.09079372,2026-03-23,2026-08-06,82,2690,1181,137,0.598540,0.376650,0.410924,0.183276,,,,,,,,GLOBAL_BASELINE_NO_ENTITY_RANKING,,,NOT_APPLICABLE_GLOBAL_BASELINE,HF9g-P5,,,,X 全窗基线 · 不参与实体赏罚,6876974,688,A168_HF9F_20260827_0900,2026-08-27 09:00:00
2026-03-29,70460261,1991,0,81.3650367328,25.9499170550,25.9499170550,0.5000000,2,2,0.50665070000000000,0.506650700000,-0.018812684590367487,-0.018812684590367487,-0.018812684590367487,0E-17,ELIGIBLE,R03b_20260811_FULL_v1,L1_ELIGIBILITY,v2026-08-11,2026-03-21..2026-08-06,baccarat_bet02_101_all_pairs_incl_sentinel,round_win = game_pnl > 0 (decisive only),COMPATIBILITY_ONLY_NOT_PRODUCTION,268817.8208,244366.2908,168.7661,6248,5610,-0.00062781,-0.08642944,0.00436428,-0.00062781,-168.7661,268817.8208,OK,0.0000,6.7506,4.0000,96.0000,AG03-UNRESOLVED,ALL5_LEVELS_bet23_to_bet27,6.7506,6.7506,6.7506,8.4383,8.4383,4.000000,4.000000,4.000000,5.000000,5.000000,96.000000,96.000000,96.000000,95.000000,95.000000,5.0,37.1285,34.0107,131.6376,134.7554,PENDING_AG03,FALSE,NOT_FOR_ENFORCEMENT,162.0155,234591.6392,168.7661,162.0155,6.7506,0.00062781,0.00060270,6.7506,162.0155,0.00060270,6.7506,6.7506,6.7506,8.4383,8.4383,162.0155,0.00060270,37.1285,34.0107,131.6376,134.7554,0.00048969,0.00050129,0.00002511,43.0246,43.5591,0.0301,2.0581,0.0627,3278.2661,68.4146,17.6798,46.9397,25.7155,39.4976,52.6635,77.1466,82.2897,128.5777,31.4111,0.0,2.083411,3.25533,1.089297,30,192,222,8,0.05498276,0.00062781,0.08642944,0E-8,0.000000,0.909041,0.000000,-0.09079372,2026-03-23,2026-08-06,82,2690,1181,137,0.598540,0.376650,0.410924,0.183276,,,,,,,,GLOBAL_BASELINE_NO_ENTITY_RANKING,,,NOT_APPLICABLE_GLOBAL_BASELINE,HF9g-P5,,,,X 全窗基线 · 不参与实体赏罚,6876975,688,A168_HF9F_20260827_0900,2026-08-27 09:00:00
2026-03-29,70460261,1994,0,26.3317270980,-26.3317270980,-26.3317270980,0E-7,1,1,0.50665070000000000,0.506650700000,-1.013391052207602,-1.013391052207602,-1.013391052207602,0E-17,ELIGIBLE,R03b_20260811_FULL_v1,L1_ELIGIBILITY,v2026-08-11,2026-03-21..2026-08-06,baccarat_bet02_101_all_pairs_incl_sentinel,round_win = game_pnl > 0 (decisive only),COMPATIBILITY_ONLY_NOT_PRODUCTION,268817.8208,244366.2908,168.7661,6248,5610,-0.00062781,-0.08642944,0.00436428,-0.00062781,-168.7661,268817.8208,OK,0.0000,6.7506,4.0000,96.0000,AG03-UNRESOLVED,ALL5_LEVELS_bet23_to_bet27,6.7506,6.7506,6.7506,8.4383,8.4383,4.000000,4.000000,4.000000,5.000000,5.000000,96.000000,96.000000,96.000000,95.000000,95.000000,5.0,37.1285,34.0107,131.6376,134.7554,PENDING_AG03,FALSE,NOT_FOR_ENFORCEMENT,162.0155,234591.6392,168.7661,162.0155,6.7506,0.00062781,0.00060270,6.7506,162.0155,0.00060270,6.7506,6.7506,6.7506,8.4383,8.4383,162.0155,0.00060270,37.1285,34.0107,131.6376,134.7554,0.00048969,0.00050129,0.00002511,43.0246,43.5591,0.0301,2.0581,0.0627,3278.2661,68.4146,17.6798,46.9397,25.7155,39.4976,52.6635,77.1466,82.2897,128.5777,31.4111,0.0,2.083411,3.25533,1.089297,30,192,222,8,0.05498276,0.00062781,0.08642944,0E-8,0.000000,0.909041,0.000000,-0.09079372,2026-03-23,2026-08-06,82,2690,1181,137,0.598540,0.376650,0.410924,0.183276,,,,,,,,GLOBAL_BASELINE_NO_ENTITY_RANKING,,,NOT_APPLICABLE_GLOBAL_BASELINE,HF9g-P5,,,,X 全窗基线 · 不参与实体赏罚,6876976,688,A168_HF9F_20260827_0900,2026-08-27 09:00:00
2026-03-29,70460261,2121,0,26.5950443690,-26.5950443690,-26.5950443690,0E-7,1,1,0.50665070000000000,0.506650700000,-1.013391052207602,-1.013391052207602,-1.013391052207602,0E-17,ELIGIBLE,R03b_20260811_FULL_v1,L1_ELIGIBILITY,v2026-08-11,2026-03-21..2026-08-06,baccarat_bet02_101_all_pairs_incl_sentinel,round_win = game_pnl > 0 (decisive only),COMPATIBILITY_ONLY_NOT_PRODUCTION,268817.8208,244366.2908,168.7661,6248,5610,-0.00062781,-0.08642944,0.00436428,-0.00062781,-168.7661,268817.8208,OK,0.0000,6.7506,4.0000,96.0000,AG03-UNRESOLVED,ALL5_LEVELS_bet23_to_bet27,6.7506,6.7506,6.7506,8.4383,8.4383,4.000000,4.000000,4.000000,5.000000,5.000000,96.000000,96.000000,96.000000,95.000000,95.000000,5.0,37.1285,34.0107,131.6376,134.7554,PENDING_AG03,FALSE,NOT_FOR_ENFORCEMENT,162.0155,234591.6392,168.7661,162.0155,6.7506,0.00062781,0.00060270,6.7506,162.0155,0.00060270,6.7506,6.7506,6.7506,8.4383,8.4383,162.0155,0.00060270,37.1285,34.0107,131.6376,134.7554,0.00048969,0.00050129,0.00002511,43.0246,43.5591,0.0301,2.0581,0.0627,3278.2661,68.4146,17.6798,46.9397,25.7155,39.4976,52.6635,77.1466,82.2897,128.5777,31.4111,0.0,2.083411,3.25533,1.089297,30,192,222,8,0.05498276,0.00062781,0.08642944,0E-8,0.000000,0.909041,0.000000,-0.09079372,2026-03-23,2026-08-06,82,2690,1181,137,0.598540,0.376650,0.410924,0.183276,,,,,,,,GLOBAL_BASELINE_NO_ENTITY_RANKING,,,NOT_APPLICABLE_GLOBAL_BASELINE,HF9g-P5,,,,X 全窗基线 · 不参与实体赏罚,6876977,688,A168_HF9F_20260827_0900,2026-08-27 09:00:00
2026-03-29,70460261,2124,0,126.3922900703,120.0726755668,120.0726755668,1.0000000,2,2,0.50665070000000000,0.506650700000,1.3955260008387969,1.3955260008387969,1.3955260008387969,0E-17,ELIGIBLE,R03b_20260811_FULL_v1,L1_ELIGIBILITY,v2026-08-11,2026-03-21..2026-08-06,baccarat_bet02_101_all_pairs_incl_sentinel,round_win = game_pnl > 0 (decisive only),COMPATIBILITY_ONLY_NOT_PRODUCTION,268817.8208,244366.2908,168.7661,6248,5610,-0.00062781,-0.08642944,0.00436428,-0.00062781,-168.7661,268817.8208,OK,0.0000,6.7506,4.0000,96.0000,AG03-UNRESOLVED,ALL5_LEVELS_bet23_to_bet27,6.7506,6.7506,6.7506,8.4383,8.4383,4.000000,4.000000,4.000000,5.000000,5.000000,96.000000,96.000000,96.000000,95.000000,95.000000,5.0,37.1285,34.0107,131.6376,134.7554,PENDING_AG03,FALSE,NOT_FOR_ENFORCEMENT,162.0155,234591.6392,168.7661,162.0155,6.7506,0.00062781,0.00060270,6.7506,162.0155,0.00060270,6.7506,6.7506,6.7506,8.4383,8.4383,162.0155,0.00060270,37.1285,34.0107,131.6376,134.7554,0.00048969,0.00050129,0.00002511,43.0246,43.5591,0.0301,2.0581,0.0627,3278.2661,68.4146,17.6798,46.9397,25.7155,39.4976,52.6635,77.1466,82.2897,128.5777,31.4111,0.0,2.083411,3.25533,1.089297,30,192,222,8,0.05498276,0.00062781,0.08642944,0E-8,0.000000,0.909041,0.000000,-0.09079372,2026-03-23,2026-08-06,82,2690,1181,137,0.598540,0.376650,0.410924,0.183276,,,,,,,,GLOBAL_BASELINE_NO_ENTITY_RANKING,,,NOT_APPLICABLE_GLOBAL_BASELINE,HF9g-P5,,,,X 全窗基线 · 不参与实体赏罚,6876978,688,A168_HF9F_20260827_0900,2026-08-27 09:00:00
2026-03-29,70460261,2130,0,257.5242910182,90.6074729442,90.6074729442,0.6666667,3,3,0.50665070000000000,0.506650700000,0.5543606114942035,0.5543606114942035,0.5543606114942035,0E-17,ELIGIBLE,R03b_20260811_FULL_v1,L1_ELIGIBILITY,v2026-08-11,2026-03-21..2026-08-06,baccarat_bet02_101_all_pairs_incl_sentinel,round_win = game_pnl > 0 (decisive only),COMPATIBILITY_ONLY_NOT_PRODUCTION,268817.8208,244366.2908,168.7661,6248,5610,-0.00062781,-0.08642944,0.00436428,-0.00062781,-168.7661,268817.8208,OK,0.0000,6.7506,4.0000,96.0000,AG03-UNRESOLVED,ALL5_LEVELS_bet23_to_bet27,6.7506,6.7506,6.7506,8.4383,8.4383,4.000000,4.000000,4.000000,5.000000,5.000000,96.000000,96.000000,96.000000,95.000000,95.000000,5.0,37.1285,34.0107,131.6376,134.7554,PENDING_AG03,FALSE,NOT_FOR_ENFORCEMENT,162.0155,234591.6392,168.7661,162.0155,6.7506,0.00062781,0.00060270,6.7506,162.0155,0.00060270,6.7506,6.7506,6.7506,8.4383,8.4383,162.0155,0.00060270,37.1285,34.0107,131.6376,134.7554,0.00048969,0.00050129,0.00002511,43.0246,43.5591,0.0301,2.0581,0.0627,3278.2661,68.4146,17.6798,46.9397,25.7155,39.4976,52.6635,77.1466,82.2897,128.5777,31.4111,0.0,2.083411,3.25533,1.089297,30,192,222,8,0.05498276,0.00062781,0.08642944,0E-8,0.000000,0.909041,0.000000,-0.09079372,2026-03-23,2026-08-06,82,2690,1181,137,0.598540,0.376650,0.410924,0.183276,,,,,,,,GLOBAL_BASELINE_NO_ENTITY_RANKING,,,NOT_APPLICABLE_GLOBAL_BASELINE,HF9g-P5,,,,X 全窗基线 · 不参与实体赏罚,6876979,688,A168_HF9F_20260827_0900,2026-08-27 09:00:00
2026-03-29,70460261,2147,0,211.9704031388,101.3113200095,101.3113200095,0.6666667,3,3,0.50218230000000000,0.502182300000,0.5697959874915163,0.5697959874915164,0.5697959874915163,0E-17,ELIGIBLE,R03b_20260811_FULL_v1,L1_ELIGIBILITY,v2026-08-11,2026-03-21..2026-08-06,baccarat_bet02_101_all_pairs_incl_sentinel,round_win = game_pnl > 0 (decisive only),COMPATIBILITY_ONLY_NOT_PRODUCTION,268817.8208,244366.2908,168.7661,6248,5610,-0.00062781,-0.08642944,0.00436428,-0.00062781,-168.7661,268817.8208,OK,0.0000,6.7506,4.0000,96.0000,AG03-UNRESOLVED,ALL5_LEVELS_bet23_to_bet27,6.7506,6.7506,6.7506,8.4383,8.4383,4.000000,4.000000,4.000000,5.000000,5.000000,96.000000,96.000000,96.000000,95.000000,95.000000,5.0,37.1285,34.0107,131.6376,134.7554,PENDING_AG03,FALSE,NOT_FOR_ENFORCEMENT,162.0155,234591.6392,168.7661,162.0155,6.7506,0.00062781,0.00060270,6.7506,162.0155,0.00060270,6.7506,6.7506,6.7506,8.4383,8.4383,162.0155,0.00060270,37.1285,34.0107,131.6376,134.7554,0.00048969,0.00050129,0.00002511,43.0246,43.5591,0.0301,2.0581,0.0627,3278.2661,68.4146,17.6798,46.9397,25.7155,39.4976,52.6635,77.1466,82.2897,128.5777,31.4111,0.0,2.083411,3.25533,1.089297,30,192,222,8,0.05498276,0.00062781,0.08642944,0E-8,0.000000,0.909041,0.000000,-0.09079372,2026-03-23,2026-08-06,82,2690,1181,137,0.598540,0.376650,0.410924,0.183276,,,,,,,,GLOBAL_BASELINE_NO_ENTITY_RANKING,,,NOT_APPLICABLE_GLOBAL_BASELINE,HF9g-P5,,,,X 全窗基线 · 不参与实体赏罚,6876980,688,A168_HF9F_20260827_0900,2026-08-27 09:00:00
2026-03-29,70460261,2155,0,102.6937356821,-51.3468678410,-51.3468678410,0.5000000,2,2,0.50665070000000000,0.506650700000,-0.018812684590367487,-0.018812684590367487,-0.018812684590367487,0E-17,ELIGIBLE,R03b_20260811_FULL_v1,L1_ELIGIBILITY,v2026-08-11,2026-03-21..2026-08-06,baccarat_bet02_101_all_pairs_incl_sentinel,round_win = game_pnl > 0 (decisive only),COMPATIBILITY_ONLY_NOT_PRODUCTION,268817.8208,244366.2908,168.7661,6248,5610,-0.00062781,-0.08642944,0.00436428,-0.00062781,-168.7661,268817.8208,OK,0.0000,6.7506,4.0000,96.0000,AG03-UNRESOLVED,ALL5_LEVELS_bet23_to_bet27,6.7506,6.7506,6.7506,8.4383,8.4383,4.000000,4.000000,4.000000,5.000000,5.000000,96.000000,96.000000,96.000000,95.000000,95.000000,5.0,37.1285,34.0107,131.6376,134.7554,PENDING_AG03,FALSE,NOT_FOR_ENFORCEMENT,162.0155,234591.6392,168.7661,162.0155,6.7506,0.00062781,0.00060270,6.7506,162.0155,0.00060270,6.7506,6.7506,6.7506,8.4383,8.4383,162.0155,0.00060270,37.1285,34.0107,131.6376,134.7554,0.00048969,0.00050129,0.00002511,43.0246,43.5591,0.0301,2.0581,0.0627,3278.2661,68.4146,17.6798,46.9397,25.7155,39.4976,52.6635,77.1466,82.2897,128.5777,31.4111,0.0,2.083411,3.25533,1.089297,30,192,222,8,0.05498276,0.00062781,0.08642944,0E-8,0.000000,0.909041,0.000000,-0.09079372,2026-03-23,2026-08-06,82,2690,1181,137,0.598540,0.376650,0.410924,0.183276,,,,,,,,GLOBAL_BASELINE_NO_ENTITY_RANKING,,,NOT_APPLICABLE_GLOBAL_BASELINE,HF9g-P5,,,,X 全窗基线 · 不参与实体赏罚,6876981,688,A168_HF9F_20260827_0900,2026-08-27 09:00:00
2026-03-29,70460261,2156,0,221.1865076231,-109.1450088211,-109.1450088211,0.2500000,5,4,0.49865180555555556,0.452658162500,-0.9946108378943276,-0.8142909259566681,-0.9946108378943276,0.04599364305555556,ELIGIBLE,R03b_20260811_FULL_v1,L1_ELIGIBILITY,v2026-08-11,2026-03-21..2026-08-06,baccarat_bet02_101_all_pairs_incl_sentinel,round_win = game_pnl > 0 (decisive only),COMPATIBILITY_ONLY_NOT_PRODUCTION,268817.8208,244366.2908,168.7661,6248,5610,-0.00062781,-0.08642944,0.00436428,-0.00062781,-168.7661,268817.8208,OK,0.0000,6.7506,4.0000,96.0000,AG03-UNRESOLVED,ALL5_LEVELS_bet23_to_bet27,6.7506,6.7506,6.7506,8.4383,8.4383,4.000000,4.000000,4.000000,5.000000,5.000000,96.000000,96.000000,96.000000,95.000000,95.000000,5.0,37.1285,34.0107,131.6376,134.7554,PENDING_AG03,FALSE,NOT_FOR_ENFORCEMENT,162.0155,234591.6392,168.7661,162.0155,6.7506,0.00062781,0.00060270,6.7506,162.0155,0.00060270,6.7506,6.7506,6.7506,8.4383,8.4383,162.0155,0.00060270,37.1285,34.0107,131.6376,134.7554,0.00048969,0.00050129,0.00002511,43.0246,43.5591,0.0301,2.0581,0.0627,3278.2661,68.4146,17.6798,46.9397,25.7155,39.4976,52.6635,77.1466,82.2897,128.5777,31.4111,0.0,2.083411,3.25533,1.089297,30,192,222,8,0.05498276,0.00062781,0.08642944,0E-8,0.000000,0.909041,0.000000,-0.09079372,2026-03-23,2026-08-06,82,2690,1181,137,0.598540,0.376650,0.410924,0.183276,,,,,,,,GLOBAL_BASELINE_NO_ENTITY_RANKING,,,NOT_APPLICABLE_GLOBAL_BASELINE,HF9g-P5,,,,X 全窗基线 · 不参与实体赏罚,6876982,688,A168_HF9F_20260827_0900,2026-08-27 09:00:00
2026-03-29,70460261,2167,0,50.0302814862,47.5287674119,47.5287674119,1.0000000,1,1,0.50665070000000000,0.506650700000,0.9867858985152569,0.9867858985152569,0.9867858985152569,0E-17,ELIGIBLE,R03b_20260811_FULL_v1,L1_ELIGIBILITY,v2026-08-11,2026-03-21..2026-08-06,baccarat_bet02_101_all_pairs_incl_sentinel,round_win = game_pnl > 0 (decisive only),COMPATIBILITY_ONLY_NOT_PRODUCTION,268817.8208,244366.2908,168.7661,6248,5610,-0.00062781,-0.08642944,0.00436428,-0.00062781,-168.7661,268817.8208,OK,0.0000,6.7506,4.0000,96.0000,AG03-UNRESOLVED,ALL5_LEVELS_bet23_to_bet27,6.7506,6.7506,6.7506,8.4383,8.4383,4.000000,4.000000,4.000000,5.000000,5.000000,96.000000,96.000000,96.000000,95.000000,95.000000,5.0,37.1285,34.0107,131.6376,134.7554,PENDING_AG03,FALSE,NOT_FOR_ENFORCEMENT,162.0155,234591.6392,168.7661,162.0155,6.7506,0.00062781,0.00060270,6.7506,162.0155,0.00060270,6.7506,6.7506,6.7506,8.4383,8.4383,162.0155,0.00060270,37.1285,34.0107,131.6376,134.7554,0.00048969,0.00050129,0.00002511,43.0246,43.5591,0.0301,2.0581,0.0627,3278.2661,68.4146,17.6798,46.9397,25.7155,39.4976,52.6635,77.1466,82.2897,128.5777,31.4111,0.0,2.083411,3.25533,1.089297,30,192,222,8,0.05498276,0.00062781,0.08642944,0E-8,0.000000,0.909041,0.000000,-0.09079372,2026-03-23,2026-08-06,82,2690,1181,137,0.598540,0.376650,0.410924,0.183276,,,,,,,,GLOBAL_BASELINE_NO_ENTITY_RANKING,,,NOT_APPLICABLE_GLOBAL_BASELINE,HF9g-P5,,,,X 全窗基线 · 不参与实体赏罚,6876983,688,A168_HF9F_20260827_0900,2026-08-27 09:00:00
2026-03-29,70460261,2171,0,131.6586354900,-2.6331727098,-2.6331727098,0.5000000,3,3,0.50218230000000000,0.502182300000,-0.00617253530718887,-0.00617253530718887,-0.00617253530718887,0E-17,ELIGIBLE,R03b_20260811_FULL_v1,L1_ELIGIBILITY,v2026-08-11,2026-03-21..2026-08-06,baccarat_bet02_101_all_pairs_incl_sentinel,round_win = game_pnl > 0 (decisive only),COMPATIBILITY_ONLY_NOT_PRODUCTION,268817.8208,244366.2908,168.7661,6248,5610,-0.00062781,-0.08642944,0.00436428,-0.00062781,-168.7661,268817.8208,OK,0.0000,6.7506,4.0000,96.0000,AG03-UNRESOLVED,ALL5_LEVELS_bet23_to_bet27,6.7506,6.7506,6.7506,8.4383,8.4383,4.000000,4.000000,4.000000,5.000000,5.000000,96.000000,96.000000,96.000000,95.000000,95.000000,5.0,37.1285,34.0107,131.6376,134.7554,PENDING_AG03,FALSE,NOT_FOR_ENFORCEMENT,162.0155,234591.6392,168.7661,162.0155,6.7506,0.00062781,0.00060270,6.7506,162.0155,0.00060270,6.7506,6.7506,6.7506,8.4383,8.4383,162.0155,0.00060270,37.1285,34.0107,131.6376,134.7554,0.00048969,0.00050129,0.00002511,43.0246,43.5591,0.0301,2.0581,0.0627,3278.2661,68.4146,17.6798,46.9397,25.7155,39.4976,52.6635,77.1466,82.2897,128.5777,31.4111,0.0,2.083411,3.25533,1.089297,30,192,222,8,0.05498276,0.00062781,0.08642944,0E-8,0.000000,0.909041,0.000000,-0.09079372,2026-03-23,2026-08-06,82,2690,1181,137,0.598540,0.376650,0.410924,0.183276,,,,,,,,GLOBAL_BASELINE_NO_ENTITY_RANKING,,,NOT_APPLICABLE_GLOBAL_BASELINE,HF9g-P5,,,,X 全窗基线 · 不参与实体赏罚,6876984,688,A168_HF9F_20260827_0900,2026-08-27 09:00:00
2026-03-29,70460261,2176,0,102.6937356822,-5.1346867841,-5.1346867841,0.5000000,2,2,0.50665070000000000,0.506650700000,-0.018812684590367487,-0.018812684590367487,-0.018812684590367487,0E-17,ELIGIBLE,R03b_20260811_FULL_v1,L1_ELIGIBILITY,v2026-08-11,2026-03-21..2026-08-06,baccarat_bet02_101_all_pairs_incl_sentinel,round_win = game_pnl > 0 (decisive only),COMPATIBILITY_ONLY_NOT_PRODUCTION,268817.8208,244366.2908,168.7661,6248,5610,-0.00062781,-0.08642944,0.00436428,-0.00062781,-168.7661,268817.8208,OK,0.0000,6.7506,4.0000,96.0000,AG03-UNRESOLVED,ALL5_LEVELS_bet23_to_bet27,6.7506,6.7506,6.7506,8.4383,8.4383,4.000000,4.000000,4.000000,5.000000,5.000000,96.000000,96.000000,96.000000,95.000000,95.000000,5.0,37.1285,34.0107,131.6376,134.7554,PENDING_AG03,FALSE,NOT_FOR_ENFORCEMENT,162.0155,234591.6392,168.7661,162.0155,6.7506,0.00062781,0.00060270,6.7506,162.0155,0.00060270,6.7506,6.7506,6.7506,8.4383,8.4383,162.0155,0.00060270,37.1285,34.0107,131.6376,134.7554,0.00048969,0.00050129,0.00002511,43.0246,43.5591,0.0301,2.0581,0.0627,3278.2661,68.4146,17.6798,46.9397,25.7155,39.4976,52.6635,77.1466,82.2897,128.5777,31.4111,0.0,2.083411,3.25533,1.089297,30,192,222,8,0.05498276,0.00062781,0.08642944,0E-8,0.000000,0.909041,0.000000,-0.09079372,2026-03-23,2026-08-06,82,2690,1181,137,0.598540,0.376650,0.410924,0.183276,,,,,,,,GLOBAL_BASELINE_NO_ENTITY_RANKING,,,NOT_APPLICABLE_GLOBAL_BASELINE,HF9g-P5,,,,X 全窗基线 · 不参与实体赏罚,6876985,688,A168_HF9F_20260827_0900,2026-08-27 09:00:00
2026-03-29,70460261,2202,0,405.5085973089,-91.5027516654,-91.5027516654,0.4000000,7,6,0.47757472592592593,0.468962075000,-0.34727418029289514,-0.3090037089567469,-0.34727418029289514,0.00861265092592593,ELIGIBLE,R03b_20260811_FULL_v1,L1_ELIGIBILITY,v2026-08-11,2026-03-21..2026-08-06,baccarat_bet02_101_all_pairs_incl_sentinel,round_win = game_pnl > 0 (decisive only),COMPATIBILITY_ONLY_NOT_PRODUCTION,268817.8208,244366.2908,168.7661,6248,5610,-0.00062781,-0.08642944,0.00436428,-0.00062781,-168.7661,268817.8208,OK,0.0000,6.7506,4.0000,96.0000,AG03-UNRESOLVED,ALL5_LEVELS_bet23_to_bet27,6.7506,6.7506,6.7506,8.4383,8.4383,4.000000,4.000000,4.000000,5.000000,5.000000,96.000000,96.000000,96.000000,95.000000,95.000000,5.0,37.1285,34.0107,131.6376,134.7554,PENDING_AG03,FALSE,NOT_FOR_ENFORCEMENT,162.0155,234591.6392,168.7661,162.0155,6.7506,0.00062781,0.00060270,6.7506,162.0155,0.00060270,6.7506,6.7506,6.7506,8.4383,8.4383,162.0155,0.00060270,37.1285,34.0107,131.6376,134.7554,0.00048969,0.00050129,0.00002511,43.0246,43.5591,0.0301,2.0581,0.0627,3278.2661,68.4146,17.6798,46.9397,25.7155,39.4976,52.6635,77.1466,82.2897,128.5777,31.4111,0.0,2.083411,3.25533,1.089297,30,192,222,8,0.05498276,0.00062781,0.08642944,0E-8,0.000000,0.909041,0.000000,-0.09079372,2026-03-23,2026-08-06,82,2690,1181,137,0.598540,0.376650,0.410924,0.183276,,,,,,,,GLOBAL_BASELINE_NO_ENTITY_RANKING,,,NOT_APPLICABLE_GLOBAL_BASELINE,HF9g-P5,,,,X 全窗基线 · 不参与实体赏罚,6876986,688,A168_HF9F_20260827_0900,2026-08-27 09:00:00
2026-03-29,70460261,2216,0,231.7191984622,-231.7191984622,-231.7191984622,0E-7,2,2,0.50665070000000000,0.506650700000,-1.4331513700195317,-1.4331513700195317,-1.4331513700195317,0E-17,ELIGIBLE,R03b_20260811_FULL_v1,L1_ELIGIBILITY,v2026-08-11,2026-03-21..2026-08-06,baccarat_bet02_101_all_pairs_incl_sentinel,round_win = game_pnl > 0 (decisive only),COMPATIBILITY_ONLY_NOT_PRODUCTION,268817.8208,244366.2908,168.7661,6248,5610,-0.00062781,-0.08642944,0.00436428,-0.00062781,-168.7661,268817.8208,OK,0.0000,6.7506,4.0000,96.0000,AG03-UNRESOLVED,ALL5_LEVELS_bet23_to_bet27,6.7506,6.7506,6.7506,8.4383,8.4383,4.000000,4.000000,4.000000,5.000000,5.000000,96.000000,96.000000,96.000000,95.000000,95.000000,5.0,37.1285,34.0107,131.6376,134.7554,PENDING_AG03,FALSE,NOT_FOR_ENFORCEMENT,162.0155,234591.6392,168.7661,162.0155,6.7506,0.00062781,0.00060270,6.7506,162.0155,0.00060270,6.7506,6.7506,6.7506,8.4383,8.4383,162.0155,0.00060270,37.1285,34.0107,131.6376,134.7554,0.00048969,0.00050129,0.00002511,43.0246,43.5591,0.0301,2.0581,0.0627,3278.2661,68.4146,17.6798,46.9397,25.7155,39.4976,52.6635,77.1466,82.2897,128.5777,31.4111,0.0,2.083411,3.25533,1.089297,30,192,222,8,0.05498276,0.00062781,0.08642944,0E-8,0.000000,0.909041,0.000000,-0.09079372,2026-03-23,2026-08-06,82,2690,1181,137,0.598540,0.376650,0.410924,0.183276,,,,,,,,GLOBAL_BASELINE_NO_ENTITY_RANKING,,,NOT_APPLICABLE_GLOBAL_BASELINE,HF9g-P5,,,,X 全窗基线 · 不参与实体赏罚,6876987,688,A168_HF9F_20260827_0900,2026-08-27 09:00:00
2026-03-29,70460261,2220,0,113.2264265213,0E-10,0E-10,,2,2,0.50665070000000000,0.506650700000,,,,0E-17,NO_DECISIVE_ROUND,R03b_20260811_FULL_v1,L1_ELIGIBILITY,v2026-08-11,2026-03-21..2026-08-06,baccarat_bet02_101_all_pairs_incl_sentinel,round_win = game_pnl > 0 (decisive only),COMPATIBILITY_ONLY_NOT_PRODUCTION,268817.8208,244366.2908,168.7661,6248,5610,-0.00062781,-0.08642944,0.00436428,-0.00062781,-168.7661,268817.8208,OK,0.0000,6.7506,4.0000,96.0000,AG03-UNRESOLVED,ALL5_LEVELS_bet23_to_bet27,6.7506,6.7506,6.7506,8.4383,8.4383,4.000000,4.000000,4.000000,5.000000,5.000000,96.000000,96.000000,96.000000,95.000000,95.000000,5.0,37.1285,34.0107,131.6376,134.7554,PENDING_AG03,FALSE,NOT_FOR_ENFORCEMENT,162.0155,234591.6392,168.7661,162.0155,6.7506,0.00062781,0.00060270,6.7506,162.0155,0.00060270,6.7506,6.7506,6.7506,8.4383,8.4383,162.0155,0.00060270,37.1285,34.0107,131.6376,134.7554,0.00048969,0.00050129,0.00002511,43.0246,43.5591,0.0301,2.0581,0.0627,3278.2661,68.4146,17.6798,46.9397,25.7155,39.4976,52.6635,77.1466,82.2897,128.5777,31.4111,0.0,2.083411,3.25533,1.089297,30,192,222,8,0.05498276,0.00062781,0.08642944,0E-8,0.000000,0.909041,0.000000,-0.09079372,2026-03-23,2026-08-06,82,2690,1181,137,0.598540,0.376650,0.410924,0.183276,,,,,,,,GLOBAL_BASELINE_NO_ENTITY_RANKING,,,NOT_APPLICABLE_GLOBAL_BASELINE,HF9g-P5,,,,X 全窗基线 · 不参与实体赏罚,6876988,688,A168_HF9F_20260827_0900,2026-08-27 09:00:00
2026-03-29,70460261,2224,0,53.7167232799,-53.7167232799,-53.7167232799,0E-7,1,1,0.50665070000000000,0.506650700000,-1.013391052207602,-1.013391052207602,-1.013391052207602,0E-17,ELIGIBLE,R03b_20260811_FULL_v1,L1_ELIGIBILITY,v2026-08-11,2026-03-21..2026-08-06,baccarat_bet02_101_all_pairs_incl_sentinel,round_win = game_pnl > 0 (decisive only),COMPATIBILITY_ONLY_NOT_PRODUCTION,268817.8208,244366.2908,168.7661,6248,5610,-0.00062781,-0.08642944,0.00436428,-0.00062781,-168.7661,268817.8208,OK,0.0000,6.7506,4.0000,96.0000,AG03-UNRESOLVED,ALL5_LEVELS_bet23_to_bet27,6.7506,6.7506,6.7506,8.4383,8.4383,4.000000,4.000000,4.000000,5.000000,5.000000,96.000000,96.000000,96.000000,95.000000,95.000000,5.0,37.1285,34.0107,131.6376,134.7554,PENDING_AG03,FALSE,NOT_FOR_ENFORCEMENT,162.0155,234591.6392,168.7661,162.0155,6.7506,0.00062781,0.00060270,6.7506,162.0155,0.00060270,6.7506,6.7506,6.7506,8.4383,8.4383,162.0155,0.00060270,37.1285,34.0107,131.6376,134.7554,0.00048969,0.00050129,0.00002511,43.0246,43.5591,0.0301,2.0581,0.0627,3278.2661,68.4146,17.6798,46.9397,25.7155,39.4976,52.6635,77.1466,82.2897,128.5777,31.4111,0.0,2.083411,3.25533,1.089297,30,192,222,8,0.05498276,0.00062781,0.08642944,0E-8,0.000000,0.909041,0.000000,-0.09079372,2026-03-23,2026-08-06,82,2690,1181,137,0.598540,0.376650,0.410924,0.183276,,,,,,,,GLOBAL_BASELINE_NO_ENTITY_RANKING,,,NOT_APPLICABLE_GLOBAL_BASELINE,HF9g-P5,,,,X 全窗基线 · 不参与实体赏罚,6876989,688,A168_HF9F_20260827_0900,2026-08-27 09:00:00
2026-03-29,70460261,2252,0,455.5388787951,104.1419806725,104.1419806725,0.6666667,9,6,0.49034068076921489,0.452892350000,0.8639786253706909,1.0519552512873076,0.8639786253706909,0.03744833076921489,ELIGIBLE,R03b_20260811_FULL_v1,L1_ELIGIBILITY,v2026-08-11,2026-03-21..2026-08-06,baccarat_bet02_101_all_pairs_incl_sentinel,round_win = game_pnl > 0 (decisive only),COMPATIBILITY_ONLY_NOT_PRODUCTION,268817.8208,244366.2908,168.7661,6248,5610,-0.00062781,-0.08642944,0.00436428,-0.00062781,-168.7661,268817.8208,OK,0.0000,6.7506,4.0000,96.0000,AG03-UNRESOLVED,ALL5_LEVELS_bet23_to_bet27,6.7506,6.7506,6.7506,8.4383,8.4383,4.000000,4.000000,4.000000,5.000000,5.000000,96.000000,96.000000,96.000000,95.000000,95.000000,5.0,37.1285,34.0107,131.6376,134.7554,PENDING_AG03,FALSE,NOT_FOR_ENFORCEMENT,162.0155,234591.6392,168.7661,162.0155,6.7506,0.00062781,0.00060270,6.7506,162.0155,0.00060270,6.7506,6.7506,6.7506,8.4383,8.4383,162.0155,0.00060270,37.1285,34.0107,131.6376,134.7554,0.00048969,0.00050129,0.00002511,43.0246,43.5591,0.0301,2.0581,0.0627,3278.2661,68.4146,17.6798,46.9397,25.7155,39.4976,52.6635,77.1466,82.2897,128.5777,31.4111,0.0,2.083411,3.25533,1.089297,30,192,222,8,0.05498276,0.00062781,0.08642944,0E-8,0.000000,0.909041,0.000000,-0.09079372,2026-03-23,2026-08-06,82,2690,1181,137,0.598540,0.376650,0.410924,0.183276,,,,,,,,GLOBAL_BASELINE_NO_ENTITY_RANKING,,,NOT_APPLICABLE_GLOBAL_BASELINE,HF9g-P5,,,,X 全窗基线 · 不参与实体赏罚,6876990,688,A168_HF9F_20260827_0900,2026-08-27 09:00:00
2026-03-29,70460261,2256,0,268.5836163994,106.2485188403,106.2485188403,0.7500000,4,4,0.50665070000000000,0.506650700000,0.9734833216690844,0.9734833216690844,0.9734833216690844,0E-17,ELIGIBLE,R03b_20260811_FULL_v1,L1_ELIGIBILITY,v2026-08-11,2026-03-21..2026-08-06,baccarat_bet02_101_all_pairs_incl_sentinel,round_win = game_pnl > 0 (decisive only),COMPATIBILITY_ONLY_NOT_PRODUCTION,268817.8208,244366.2908,168.7661,6248,5610,-0.00062781,-0.08642944,0.00436428,-0.00062781,-168.7661,268817.8208,OK,0.0000,6.7506,4.0000,96.0000,AG03-UNRESOLVED,ALL5_LEVELS_bet23_to_bet27,6.7506,6.7506,6.7506,8.4383,8.4383,4.000000,4.000000,4.000000,5.000000,5.000000,96.000000,96.000000,96.000000,95.000000,95.000000,5.0,37.1285,34.0107,131.6376,134.7554,PENDING_AG03,FALSE,NOT_FOR_ENFORCEMENT,162.0155,234591.6392,168.7661,162.0155,6.7506,0.00062781,0.00060270,6.7506,162.0155,0.00060270,6.7506,6.7506,6.7506,8.4383,8.4383,162.0155,0.00060270,37.1285,34.0107,131.6376,134.7554,0.00048969,0.00050129,0.00002511,43.0246,43.5591,0.0301,2.0581,0.0627,3278.2661,68.4146,17.6798,46.9397,25.7155,39.4976,52.6635,77.1466,82.2897,128.5777,31.4111,0.0,2.083411,3.25533,1.089297,30,192,222,8,0.05498276,0.00062781,0.08642944,0E-8,0.000000,0.909041,0.000000,-0.09079372,2026-03-23,2026-08-06,82,2690,1181,137,0.598540,0.376650,0.410924,0.183276,,,,,,,,GLOBAL_BASELINE_NO_ENTITY_RANKING,,,NOT_APPLICABLE_GLOBAL_BASELINE,HF9g-P5,,,,X 全窗基线 · 不参与实体赏罚,6876991,688,A168_HF9F_20260827_0900,2026-08-27 09:00:00
2026-03-29,70460261,2266,0,89.5278721332,87.6846512363,87.6846512363,1.0000000,2,2,0.49994810000000000,0.499948100000,1.4143603653603398,1.4143603653603398,1.4143603653603398,0E-17,ELIGIBLE,R03b_20260811_FULL_v1,L1_ELIGIBILITY,v2026-08-11,2026-03-21..2026-08-06,baccarat_bet02_101_all_pairs_incl_sentinel,round_win = game_pnl > 0 (decisive only),COMPATIBILITY_ONLY_NOT_PRODUCTION,268817.8208,244366.2908,168.7661,6248,5610,-0.00062781,-0.08642944,0.00436428,-0.00062781,-168.7661,268817.8208,OK,0.0000,6.7506,4.0000,96.0000,AG03-UNRESOLVED,ALL5_LEVELS_bet23_to_bet27,6.7506,6.7506,6.7506,8.4383,8.4383,4.000000,4.000000,4.000000,5.000000,5.000000,96.000000,96.000000,96.000000,95.000000,95.000000,5.0,37.1285,34.0107,131.6376,134.7554,PENDING_AG03,FALSE,NOT_FOR_ENFORCEMENT,162.0155,234591.6392,168.7661,162.0155,6.7506,0.00062781,0.00060270,6.7506,162.0155,0.00060270,6.7506,6.7506,6.7506,8.4383,8.4383,162.0155,0.00060270,37.1285,34.0107,131.6376,134.7554,0.00048969,0.00050129,0.00002511,43.0246,43.5591,0.0301,2.0581,0.0627,3278.2661,68.4146,17.6798,46.9397,25.7155,39.4976,52.6635,77.1466,82.2897,128.5777,31.4111,0.0,2.083411,3.25533,1.089297,30,192,222,8,0.05498276,0.00062781,0.08642944,0E-8,0.000000,0.909041,0.000000,-0.09079372,2026-03-23,2026-08-06,82,2690,1181,137,0.598540,0.376650,0.410924,0.183276,,,,,,,,GLOBAL_BASELINE_NO_ENTITY_RANKING,,,NOT_APPLICABLE_GLOBAL_BASELINE,HF9g-P5,,,,X 全窗基线 · 不参与实体赏罚,6876992,688,A168_HF9F_20260827_0900,2026-08-27 09:00:00
2026-03-29,70460261,471,0,142.1913263291,-142.1913263291,-142.1913263291,0E-7,2,2,0.50665070000000000,0.506650700000,-1.4331513700195317,-1.4331513700195317,-1.4331513700195317,0E-17,ELIGIBLE,R03b_20260811_FULL_v1,L1_ELIGIBILITY,v2026-08-11,2026-03-21..2026-08-06,baccarat_bet02_101_all_pairs_incl_sentinel,round_win = game_pnl > 0 (decisive only),COMPATIBILITY_ONLY_NOT_PRODUCTION,268817.8208,244366.2908,168.7661,6248,5610,-0.00062781,-0.08642944,0.00436428,-0.00062781,-168.7661,268817.8208,OK,0.0000,6.7506,4.0000,96.0000,AG03-UNRESOLVED,ALL5_LEVELS_bet23_to_bet27,6.7506,6.7506,6.7506,8.4383,8.4383,4.000000,4.000000,4.000000,5.000000,5.000000,96.000000,96.000000,96.000000,95.000000,95.000000,5.0,37.1285,34.0107,131.6376,134.7554,PENDING_AG03,FALSE,NOT_FOR_ENFORCEMENT,162.0155,234591.6392,168.7661,162.0155,6.7506,0.00062781,0.00060270,6.7506,162.0155,0.00060270,6.7506,6.7506,6.7506,8.4383,8.4383,162.0155,0.00060270,37.1285,34.0107,131.6376,134.7554,0.00048969,0.00050129,0.00002511,43.0246,43.5591,0.0301,2.0581,0.0627,3278.2661,68.4146,17.6798,46.9397,25.7155,39.4976,52.6635,77.1466,82.2897,128.5777,31.4111,0.0,2.083411,3.25533,1.089297,30,192,222,8,0.05498276,0.00062781,0.08642944,0E-8,0.000000,0.909041,0.000000,-0.09079372,2026-03-23,2026-08-06,82,2690,1181,137,0.598540,0.376650,0.410924,0.183276,,,,,,,,GLOBAL_BASELINE_NO_ENTITY_RANKING,,,NOT_APPLICABLE_GLOBAL_BASELINE,HF9g-P5,,,,X 全窗基线 · 不参与实体赏罚,6876993,688,A168_HF9F_20260827_0900,2026-08-27 09:00:00
2026-03-29,70460261,526,0,78.9951812939,-78.9951812939,-78.9951812939,0E-7,1,1,0.50665070000000000,0.506650700000,-1.013391052207602,-1.013391052207602,-1.013391052207602,0E-17,ELIGIBLE,R03b_20260811_FULL_v1,L1_ELIGIBILITY,v2026-08-11,2026-03-21..2026-08-06,baccarat_bet02_101_all_pairs_incl_sentinel,round_win = game_pnl > 0 (decisive only),COMPATIBILITY_ONLY_NOT_PRODUCTION,268817.8208,244366.2908,168.7661,6248,5610,-0.00062781,-0.08642944,0.00436428,-0.00062781,-168.7661,268817.8208,OK,0.0000,6.7506,4.0000,96.0000,AG03-UNRESOLVED,ALL5_LEVELS_bet23_to_bet27,6.7506,6.7506,6.7506,8.4383,8.4383,4.000000,4.000000,4.000000,5.000000,5.000000,96.000000,96.000000,96.000000,95.000000,95.000000,5.0,37.1285,34.0107,131.6376,134.7554,PENDING_AG03,FALSE,NOT_FOR_ENFORCEMENT,162.0155,234591.6392,168.7661,162.0155,6.7506,0.00062781,0.00060270,6.7506,162.0155,0.00060270,6.7506,6.7506,6.7506,8.4383,8.4383,162.0155,0.00060270,37.1285,34.0107,131.6376,134.7554,0.00048969,0.00050129,0.00002511,43.0246,43.5591,0.0301,2.0581,0.0627,3278.2661,68.4146,17.6798,46.9397,25.7155,39.4976,52.6635,77.1466,82.2897,128.5777,31.4111,0.0,2.083411,3.25533,1.089297,30,192,222,8,0.05498276,0.00062781,0.08642944,0E-8,0.000000,0.909041,0.000000,-0.09079372,2026-03-23,2026-08-06,82,2690,1181,137,0.598540,0.376650,0.410924,0.183276,,,,,,,,GLOBAL_BASELINE_NO_ENTITY_RANKING,,,NOT_APPLICABLE_GLOBAL_BASELINE,HF9g-P5,,,,X 全窗基线 · 不参与实体赏罚,6876994,688,A168_HF9F_20260827_0900,2026-08-27 09:00:00
2026-03-29,70460261,529,0,155.3571898781,-57.7981409800,-57.7981409800,0.5000000,2,2,0.50665070000000000,0.506650700000,-0.018812684590367487,-0.018812684590367487,-0.018812684590367487,0E-17,ELIGIBLE,R03b_20260811_FULL_v1,L1_ELIGIBILITY,v2026-08-11,2026-03-21..2026-08-06,baccarat_bet02_101_all_pairs_incl_sentinel,round_win = game_pnl > 0 (decisive only),COMPATIBILITY_ONLY_NOT_PRODUCTION,268817.8208,244366.2908,168.7661,6248,5610,-0.00062781,-0.08642944,0.00436428,-0.00062781,-168.7661,268817.8208,OK,0.0000,6.7506,4.0000,96.0000,AG03-UNRESOLVED,ALL5_LEVELS_bet23_to_bet27,6.7506,6.7506,6.7506,8.4383,8.4383,4.000000,4.000000,4.000000,5.000000,5.000000,96.000000,96.000000,96.000000,95.000000,95.000000,5.0,37.1285,34.0107,131.6376,134.7554,PENDING_AG03,FALSE,NOT_FOR_ENFORCEMENT,162.0155,234591.6392,168.7661,162.0155,6.7506,0.00062781,0.00060270,6.7506,162.0155,0.00060270,6.7506,6.7506,6.7506,8.4383,8.4383,162.0155,0.00060270,37.1285,34.0107,131.6376,134.7554,0.00048969,0.00050129,0.00002511,43.0246,43.5591,0.0301,2.0581,0.0627,3278.2661,68.4146,17.6798,46.9397,25.7155,39.4976,52.6635,77.1466,82.2897,128.5777,31.4111,0.0,2.083411,3.25533,1.089297,30,192,222,8,0.05498276,0.00062781,0.08642944,0E-8,0.000000,0.909041,0.000000,-0.09079372,2026-03-23,2026-08-06,82,2690,1181,137,0.598540,0.376650,0.410924,0.183276,,,,,,,,GLOBAL_BASELINE_NO_ENTITY_RANKING,,,NOT_APPLICABLE_GLOBAL_BASELINE,HF9g-P5,,,,X 全窗基线 · 不参与实体赏罚,6876995,688,A168_HF9F_20260827_0900,2026-08-27 09:00:00
2026-03-29,70460261,550,0,60.5629723254,57.5348237091,57.5348237091,1.0000000,1,1,0.50665070000000000,0.506650700000,0.9867858985152569,0.9867858985152569,0.9867858985152569,0E-17,ELIGIBLE,R03b_20260811_FULL_v1,L1_ELIGIBILITY,v2026-08-11,2026-03-21..2026-08-06,baccarat_bet02_101_all_pairs_incl_sentinel,round_win = game_pnl > 0 (decisive only),COMPATIBILITY_ONLY_NOT_PRODUCTION,268817.8208,244366.2908,168.7661,6248,5610,-0.00062781,-0.08642944,0.00436428,-0.00062781,-168.7661,268817.8208,OK,0.0000,6.7506,4.0000,96.0000,AG03-UNRESOLVED,ALL5_LEVELS_bet23_to_bet27,6.7506,6.7506,6.7506,8.4383,8.4383,4.000000,4.000000,4.000000,5.000000,5.000000,96.000000,96.000000,96.000000,95.000000,95.000000,5.0,37.1285,34.0107,131.6376,134.7554,PENDING_AG03,FALSE,NOT_FOR_ENFORCEMENT,162.0155,234591.6392,168.7661,162.0155,6.7506,0.00062781,0.00060270,6.7506,162.0155,0.00060270,6.7506,6.7506,6.7506,8.4383,8.4383,162.0155,0.00060270,37.1285,34.0107,131.6376,134.7554,0.00048969,0.00050129,0.00002511,43.0246,43.5591,0.0301,2.0581,0.0627,3278.2661,68.4146,17.6798,46.9397,25.7155,39.4976,52.6635,77.1466,82.2897,128.5777,31.4111,0.0,2.083411,3.25533,1.089297,30,192,222,8,0.05498276,0.00062781,0.08642944,0E-8,0.000000,0.909041,0.000000,-0.09079372,2026-03-23,2026-08-06,82,2690,1181,137,0.598540,0.376650,0.410924,0.183276,,,,,,,,GLOBAL_BASELINE_NO_ENTITY_RANKING,,,NOT_APPLICABLE_GLOBAL_BASELINE,HF9g-P5,,,,X 全窗基线 · 不参与实体赏罚,6876996,688,A168_HF9F_20260827_0900,2026-08-27 09:00:00
2026-03-29,70460261,595,0,52.6634541960,52.6634541960,52.6634541960,1.0000000,1,1,0.49324550000000000,0.493245500000,1.01360149184955,1.01360149184955,1.01360149184955,0E-17,ELIGIBLE,R03b_20260811_FULL_v1,L1_ELIGIBILITY,v2026-08-11,2026-03-21..2026-08-06,baccarat_bet02_101_all_pairs_incl_sentinel,round_win = game_pnl > 0 (decisive only),COMPATIBILITY_ONLY_NOT_PRODUCTION,268817.8208,244366.2908,168.7661,6248,5610,-0.00062781,-0.08642944,0.00436428,-0.00062781,-168.7661,268817.8208,OK,0.0000,6.7506,4.0000,96.0000,AG03-UNRESOLVED,ALL5_LEVELS_bet23_to_bet27,6.7506,6.7506,6.7506,8.4383,8.4383,4.000000,4.000000,4.000000,5.000000,5.000000,96.000000,96.000000,96.000000,95.000000,95.000000,5.0,37.1285,34.0107,131.6376,134.7554,PENDING_AG03,FALSE,NOT_FOR_ENFORCEMENT,162.0155,234591.6392,168.7661,162.0155,6.7506,0.00062781,0.00060270,6.7506,162.0155,0.00060270,6.7506,6.7506,6.7506,8.4383,8.4383,162.0155,0.00060270,37.1285,34.0107,131.6376,134.7554,0.00048969,0.00050129,0.00002511,43.0246,43.5591,0.0301,2.0581,0.0627,3278.2661,68.4146,17.6798,46.9397,25.7155,39.4976,52.6635,77.1466,82.2897,128.5777,31.4111,0.0,2.083411,3.25533,1.089297,30,192,222,8,0.05498276,0.00062781,0.08642944,0E-8,0.000000,0.909041,0.000000,-0.09079372,2026-03-23,2026-08-06,82,2690,1181,137,0.598540,0.376650,0.410924,0.183276,,,,,,,,GLOBAL_BASELINE_NO_ENTITY_RANKING,,,NOT_APPLICABLE_GLOBAL_BASELINE,HF9g-P5,,,,X 全窗基线 · 不参与实体赏罚,6876997,688,A168_HF9F_20260827_0900,2026-08-27 09:00:00
2026-03-29,70460261,772,0,279.1163072386,80.3117676489,80.3117676489,0.5000000,2,2,0.50665070000000000,0.506650700000,-0.018812684590367487,-0.018812684590367487,-0.018812684590367487,0E-17,ELIGIBLE,R03b_20260811_FULL_v1,L1_ELIGIBILITY,v2026-08-11,2026-03-21..2026-08-06,baccarat_bet02_101_all_pairs_incl_sentinel,round_win = game_pnl > 0 (decisive only),COMPATIBILITY_ONLY_NOT_PRODUCTION,268817.8208,244366.2908,168.7661,6248,5610,-0.00062781,-0.08642944,0.00436428,-0.00062781,-168.7661,268817.8208,OK,0.0000,6.7506,4.0000,96.0000,AG03-UNRESOLVED,ALL5_LEVELS_bet23_to_bet27,6.7506,6.7506,6.7506,8.4383,8.4383,4.000000,4.000000,4.000000,5.000000,5.000000,96.000000,96.000000,96.000000,95.000000,95.000000,5.0,37.1285,34.0107,131.6376,134.7554,PENDING_AG03,FALSE,NOT_FOR_ENFORCEMENT,162.0155,234591.6392,168.7661,162.0155,6.7506,0.00062781,0.00060270,6.7506,162.0155,0.00060270,6.7506,6.7506,6.7506,8.4383,8.4383,162.0155,0.00060270,37.1285,34.0107,131.6376,134.7554,0.00048969,0.00050129,0.00002511,43.0246,43.5591,0.0301,2.0581,0.0627,3278.2661,68.4146,17.6798,46.9397,25.7155,39.4976,52.6635,77.1466,82.2897,128.5777,31.4111,0.0,2.083411,3.25533,1.089297,30,192,222,8,0.05498276,0.00062781,0.08642944,0E-8,0.000000,0.909041,0.000000,-0.09079372,2026-03-23,2026-08-06,82,2690,1181,137,0.598540,0.376650,0.410924,0.183276,,,,,,,,GLOBAL_BASELINE_NO_ENTITY_RANKING,,,NOT_APPLICABLE_GLOBAL_BASELINE,HF9g-P5,,,,X 全窗基线 · 不参与实体赏罚,6876998,688,A168_HF9F_20260827_0900,2026-08-27 09:00:00
2026-03-29,70460261,915,0,78.9951812939,-78.9951812939,-78.9951812939,0E-7,1,1,0.50665070000000000,0.506650700000,-1.013391052207602,-1.013391052207602,-1.013391052207602,0E-17,ELIGIBLE,R03b_20260811_FULL_v1,L1_ELIGIBILITY,v2026-08-11,2026-03-21..2026-08-06,baccarat_bet02_101_all_pairs_incl_sentinel,round_win = game_pnl > 0 (decisive only),COMPATIBILITY_ONLY_NOT_PRODUCTION,268817.8208,244366.2908,168.7661,6248,5610,-0.00062781,-0.08642944,0.00436428,-0.00062781,-168.7661,268817.8208,OK,0.0000,6.7506,4.0000,96.0000,AG03-UNRESOLVED,ALL5_LEVELS_bet23_to_bet27,6.7506,6.7506,6.7506,8.4383,8.4383,4.000000,4.000000,4.000000,5.000000,5.000000,96.000000,96.000000,96.000000,95.000000,95.000000,5.0,37.1285,34.0107,131.6376,134.7554,PENDING_AG03,FALSE,NOT_FOR_ENFORCEMENT,162.0155,234591.6392,168.7661,162.0155,6.7506,0.00062781,0.00060270,6.7506,162.0155,0.00060270,6.7506,6.7506,6.7506,8.4383,8.4383,162.0155,0.00060270,37.1285,34.0107,131.6376,134.7554,0.00048969,0.00050129,0.00002511,43.0246,43.5591,0.0301,2.0581,0.0627,3278.2661,68.4146,17.6798,46.9397,25.7155,39.4976,52.6635,77.1466,82.2897,128.5777,31.4111,0.0,2.083411,3.25533,1.089297,30,192,222,8,0.05498276,0.00062781,0.08642944,0E-8,0.000000,0.909041,0.000000,-0.09079372,2026-03-23,2026-08-06,82,2690,1181,137,0.598540,0.376650,0.410924,0.183276,,,,,,,,GLOBAL_BASELINE_NO_ENTITY_RANKING,,,NOT_APPLICABLE_GLOBAL_BASELINE,HF9g-P5,,,,X 全窗基线 · 不参与实体赏罚,6876999,688,A168_HF9F_20260827_0900,2026-08-27 09:00:00
2026-03-29,70460261,925,0,52.6634541960,-52.6634541960,-52.6634541960,0E-7,1,1,0.50665070000000000,0.506650700000,-1.013391052207602,-1.013391052207602,-1.013391052207602,0E-17,ELIGIBLE,R03b_20260811_FULL_v1,L1_ELIGIBILITY,v2026-08-11,2026-03-21..2026-08-06,baccarat_bet02_101_all_pairs_incl_sentinel,round_win = game_pnl > 0 (decisive only),COMPATIBILITY_ONLY_NOT_PRODUCTION,268817.8208,244366.2908,168.7661,6248,5610,-0.00062781,-0.08642944,0.00436428,-0.00062781,-168.7661,268817.8208,OK,0.0000,6.7506,4.0000,96.0000,AG03-UNRESOLVED,ALL5_LEVELS_bet23_to_bet27,6.7506,6.7506,6.7506,8.4383,8.4383,4.000000,4.000000,4.000000,5.000000,5.000000,96.000000,96.000000,96.000000,95.000000,95.000000,5.0,37.1285,34.0107,131.6376,134.7554,PENDING_AG03,FALSE,NOT_FOR_ENFORCEMENT,162.0155,234591.6392,168.7661,162.0155,6.7506,0.00062781,0.00060270,6.7506,162.0155,0.00060270,6.7506,6.7506,6.7506,8.4383,8.4383,162.0155,0.00060270,37.1285,34.0107,131.6376,134.7554,0.00048969,0.00050129,0.00002511,43.0246,43.5591,0.0301,2.0581,0.0627,3278.2661,68.4146,17.6798,46.9397,25.7155,39.4976,52.6635,77.1466,82.2897,128.5777,31.4111,0.0,2.083411,3.25533,1.089297,30,192,222,8,0.05498276,0.00062781,0.08642944,0E-8,0.000000,0.909041,0.000000,-0.09079372,2026-03-23,2026-08-06,82,2690,1181,137,0.598540,0.376650,0.410924,0.183276,,,,,,,,GLOBAL_BASELINE_NO_ENTITY_RANKING,,,NOT_APPLICABLE_GLOBAL_BASELINE,HF9g-P5,,,,X 全窗基线 · 不参与实体赏罚,6877000,688,A168_HF9F_20260827_0900,2026-08-27 09:00:00
2026-03-29,70460261,970,0,131.6586354899,-131.6586354899,-131.6586354899,0E-7,1,1,0.50665070000000000,0.506650700000,-1.013391052207602,-1.013391052207602,-1.013391052207602,0E-17,ELIGIBLE,R03b_20260811_FULL_v1,L1_ELIGIBILITY,v2026-08-11,2026-03-21..2026-08-06,baccarat_bet02_101_all_pairs_incl_sentinel,round_win = game_pnl > 0 (decisive only),COMPATIBILITY_ONLY_NOT_PRODUCTION,268817.8208,244366.2908,168.7661,6248,5610,-0.00062781,-0.08642944,0.00436428,-0.00062781,-168.7661,268817.8208,OK,0.0000,6.7506,4.0000,96.0000,AG03-UNRESOLVED,ALL5_LEVELS_bet23_to_bet27,6.7506,6.7506,6.7506,8.4383,8.4383,4.000000,4.000000,4.000000,5.000000,5.000000,96.000000,96.000000,96.000000,95.000000,95.000000,5.0,37.1285,34.0107,131.6376,134.7554,PENDING_AG03,FALSE,NOT_FOR_ENFORCEMENT,162.0155,234591.6392,168.7661,162.0155,6.7506,0.00062781,0.00060270,6.7506,162.0155,0.00060270,6.7506,6.7506,6.7506,8.4383,8.4383,162.0155,0.00060270,37.1285,34.0107,131.6376,134.7554,0.00048969,0.00050129,0.00002511,43.0246,43.5591,0.0301,2.0581,0.0627,3278.2661,68.4146,17.6798,46.9397,25.7155,39.4976,52.6635,77.1466,82.2897,128.5777,31.4111,0.0,2.083411,3.25533,1.089297,30,192,222,8,0.05498276,0.00062781,0.08642944,0E-8,0.000000,0.909041,0.000000,-0.09079372,2026-03-23,2026-08-06,82,2690,1181,137,0.598540,0.376650,0.410924,0.183276,,,,,,,,GLOBAL_BASELINE_NO_ENTITY_RANKING,,,NOT_APPLICABLE_GLOBAL_BASELINE,HF9g-P5,,,,X 全窗基线 · 不参与实体赏罚,6877001,688,A168_HF9F_20260827_0900,2026-08-27 09:00:00
2026-03-29,70460261,986,0,273.8499618191,67.5408800062,67.5408800062,0.6666667,5,5,0.50396966000000000,0.503969660000,0.5636167270227992,0.5636167270227992,0.5636167270227992,0E-17,ELIGIBLE,R03b_20260811_FULL_v1,L1_ELIGIBILITY,v2026-08-11,2026-03-21..2026-08-06,baccarat_bet02_101_all_pairs_incl_sentinel,round_win = game_pnl > 0 (decisive only),COMPATIBILITY_ONLY_NOT_PRODUCTION,268817.8208,244366.2908,168.7661,6248,5610,-0.00062781,-0.08642944,0.00436428,-0.00062781,-168.7661,268817.8208,OK,0.0000,6.7506,4.0000,96.0000,AG03-UNRESOLVED,ALL5_LEVELS_bet23_to_bet27,6.7506,6.7506,6.7506,8.4383,8.4383,4.000000,4.000000,4.000000,5.000000,5.000000,96.000000,96.000000,96.000000,95.000000,95.000000,5.0,37.1285,34.0107,131.6376,134.7554,PENDING_AG03,FALSE,NOT_FOR_ENFORCEMENT,162.0155,234591.6392,168.7661,162.0155,6.7506,0.00062781,0.00060270,6.7506,162.0155,0.00060270,6.7506,6.7506,6.7506,8.4383,8.4383,162.0155,0.00060270,37.1285,34.0107,131.6376,134.7554,0.00048969,0.00050129,0.00002511,43.0246,43.5591,0.0301,2.0581,0.0627,3278.2661,68.4146,17.6798,46.9397,25.7155,39.4976,52.6635,77.1466,82.2897,128.5777,31.4111,0.0,2.083411,3.25533,1.089297,30,192,222,8,0.05498276,0.00062781,0.08642944,0E-8,0.000000,0.909041,0.000000,-0.09079372,2026-03-23,2026-08-06,82,2690,1181,137,0.598540,0.376650,0.410924,0.183276,,,,,,,,GLOBAL_BASELINE_NO_ENTITY_RANKING,,,NOT_APPLICABLE_GLOBAL_BASELINE,HF9g-P5,,,,X 全窗基线 · 不参与实体赏罚,6877002,688,A168_HF9F_20260827_0900,2026-08-27 09:00:00
2026-03-29,70460261,989,0,52.6634541960,0E-10,0E-10,,1,1,0.50665070000000000,0.506650700000,,,,0E-17,NO_DECISIVE_ROUND,R03b_20260811_FULL_v1,L1_ELIGIBILITY,v2026-08-11,2026-03-21..2026-08-06,baccarat_bet02_101_all_pairs_incl_sentinel,round_win = game_pnl > 0 (decisive only),COMPATIBILITY_ONLY_NOT_PRODUCTION,268817.8208,244366.2908,168.7661,6248,5610,-0.00062781,-0.08642944,0.00436428,-0.00062781,-168.7661,268817.8208,OK,0.0000,6.7506,4.0000,96.0000,AG03-UNRESOLVED,ALL5_LEVELS_bet23_to_bet27,6.7506,6.7506,6.7506,8.4383,8.4383,4.000000,4.000000,4.000000,5.000000,5.000000,96.000000,96.000000,96.000000,95.000000,95.000000,5.0,37.1285,34.0107,131.6376,134.7554,PENDING_AG03,FALSE,NOT_FOR_ENFORCEMENT,162.0155,234591.6392,168.7661,162.0155,6.7506,0.00062781,0.00060270,6.7506,162.0155,0.00060270,6.7506,6.7506,6.7506,8.4383,8.4383,162.0155,0.00060270,37.1285,34.0107,131.6376,134.7554,0.00048969,0.00050129,0.00002511,43.0246,43.5591,0.0301,2.0581,0.0627,3278.2661,68.4146,17.6798,46.9397,25.7155,39.4976,52.6635,77.1466,82.2897,128.5777,31.4111,0.0,2.083411,3.25533,1.089297,30,192,222,8,0.05498276,0.00062781,0.08642944,0E-8,0.000000,0.909041,0.000000,-0.09079372,2026-03-23,2026-08-06,82,2690,1181,137,0.598540,0.376650,0.410924,0.183276,,,,,,,,GLOBAL_BASELINE_NO_ENTITY_RANKING,,,NOT_APPLICABLE_GLOBAL_BASELINE,HF9g-P5,,,,X 全窗基线 · 不参与实体赏罚,6877003,688,A168_HF9F_20260827_0900,2026-08-27 09:00:00
2026-03-30,70460261,-1,1,341.5225004608,-290.1756326197,-290.1756326197,0.1666667,6,6,0.50665070000000000,0.506650700000,-1.6657221670529434,-1.6657221670529434,-1.6657221670529434,0E-17,SENTINEL_DEALER,R03b_20260811_FULL_v1,L1_ELIGIBILITY,v2026-08-11,2026-03-21..2026-08-06,baccarat_bet02_101_all_pairs_incl_sentinel,round_win = game_pnl > 0 (decisive only),COMPATIBILITY_ONLY_NOT_PRODUCTION,268817.8208,244366.2908,168.7661,6248,5610,-0.00062781,-0.08642944,0.00436428,-0.00062781,-168.7661,268817.8208,OK,0.0000,6.7506,4.0000,96.0000,AG03-UNRESOLVED,ALL5_LEVELS_bet23_to_bet27,6.7506,6.7506,6.7506,8.4383,8.4383,4.000000,4.000000,4.000000,5.000000,5.000000,96.000000,96.000000,96.000000,95.000000,95.000000,5.0,37.1285,34.0107,131.6376,134.7554,PENDING_AG03,FALSE,NOT_FOR_ENFORCEMENT,162.0155,234591.6392,168.7661,162.0155,6.7506,0.00062781,0.00060270,6.7506,162.0155,0.00060270,6.7506,6.7506,6.7506,8.4383,8.4383,162.0155,0.00060270,37.1285,34.0107,131.6376,134.7554,0.00048969,0.00050129,0.00002511,43.0246,43.5591,0.0301,2.0581,0.0627,3278.2661,68.4146,17.6798,46.9397,25.7155,39.4976,52.6635,77.1466,82.2897,128.5777,31.4111,0.0,2.083411,3.25533,1.089297,30,192,222,8,0.05498276,0.00062781,0.08642944,0E-8,0.000000,0.909041,0.000000,-0.09079372,2026-03-23,2026-08-06,82,2690,1181,137,0.598540,0.376650,0.410924,0.183276,,,,,,,,GLOBAL_BASELINE_NO_ENTITY_RANKING,,,NOT_APPLICABLE_GLOBAL_BASELINE,HF9g-P5,,,,X 全窗基线 · 不参与实体赏罚,6877004,688,A168_HF9F_20260827_0900,2026-08-27 09:00:00
2026-03-30,70460261,2088,0,52.6634541960,-52.6634541960,-52.6634541960,0E-7,1,1,0.50665070000000000,0.506650700000,-1.013391052207602,-1.013391052207602,-1.013391052207602,0E-17,ELIGIBLE,R03b_20260811_FULL_v1,L1_ELIGIBILITY,v2026-08-11,2026-03-21..2026-08-06,baccarat_bet02_101_all_pairs_incl_sentinel,round_win = game_pnl > 0 (decisive only),COMPATIBILITY_ONLY_NOT_PRODUCTION,268817.8208,244366.2908,168.7661,6248,5610,-0.00062781,-0.08642944,0.00436428,-0.00062781,-168.7661,268817.8208,OK,0.0000,6.7506,4.0000,96.0000,AG03-UNRESOLVED,ALL5_LEVELS_bet23_to_bet27,6.7506,6.7506,6.7506,8.4383,8.4383,4.000000,4.000000,4.000000,5.000000,5.000000,96.000000,96.000000,96.000000,95.000000,95.000000,5.0,37.1285,34.0107,131.6376,134.7554,PENDING_AG03,FALSE,NOT_FOR_ENFORCEMENT,162.0155,234591.6392,168.7661,162.0155,6.7506,0.00062781,0.00060270,6.7506,162.0155,0.00060270,6.7506,6.7506,6.7506,8.4383,8.4383,162.0155,0.00060270,37.1285,34.0107,131.6376,134.7554,0.00048969,0.00050129,0.00002511,43.0246,43.5591,0.0301,2.0581,0.0627,3278.2661,68.4146,17.6798,46.9397,25.7155,39.4976,52.6635,77.1466,82.2897,128.5777,31.4111,0.0,2.083411,3.25533,1.089297,30,192,222,8,0.05498276,0.00062781,0.08642944,0E-8,0.000000,0.909041,0.000000,-0.09079372,2026-03-23,2026-08-06,82,2690,1181,137,0.598540,0.376650,0.410924,0.183276,,,,,,,,GLOBAL_BASELINE_NO_ENTITY_RANKING,,,NOT_APPLICABLE_GLOBAL_BASELINE,HF9g-P5,,,,X 全窗基线 · 不参与实体赏罚,6877005,688,A168_HF9F_20260827_0900,2026-08-27 09:00:00
2026-03-30,70460261,2156,0,78.9951812939,-78.9951812939,-78.9951812939,0E-7,1,1,0.50665070000000000,0.506650700000,-1.013391052207602,-1.013391052207602,-1.013391052207602,0E-17,ELIGIBLE,R03b_20260811_FULL_v1,L1_ELIGIBILITY,v2026-08-11,2026-03-21..2026-08-06,baccarat_bet02_101_all_pairs_incl_sentinel,round_win = game_pnl > 0 (decisive only),COMPATIBILITY_ONLY_NOT_PRODUCTION,268817.8208,244366.2908,168.7661,6248,5610,-0.00062781,-0.08642944,0.00436428,-0.00062781,-168.7661,268817.8208,OK,0.0000,6.7506,4.0000,96.0000,AG03-UNRESOLVED,ALL5_LEVELS_bet23_to_bet27,6.7506,6.7506,6.7506,8.4383,8.4383,4.000000,4.000000,4.000000,5.000000,5.000000,96.000000,96.000000,96.000000,95.000000,95.000000,5.0,37.1285,34.0107,131.6376,134.7554,PENDING_AG03,FALSE,NOT_FOR_ENFORCEMENT,162.0155,234591.6392,168.7661,162.0155,6.7506,0.00062781,0.00060270,6.7506,162.0155,0.00060270,6.7506,6.7506,6.7506,8.4383,8.4383,162.0155,0.00060270,37.1285,34.0107,131.6376,134.7554,0.00048969,0.00050129,0.00002511,43.0246,43.5591,0.0301,2.0581,0.0627,3278.2661,68.4146,17.6798,46.9397,25.7155,39.4976,52.6635,77.1466,82.2897,128.5777,31.4111,0.0,2.083411,3.25533,1.089297,30,192,222,8,0.05498276,0.00062781,0.08642944,0E-8,0.000000,0.909041,0.000000,-0.09079372,2026-03-23,2026-08-06,82,2690,1181,137,0.598540,0.376650,0.410924,0.183276,,,,,,,,GLOBAL_BASELINE_NO_ENTITY_RANKING,,,NOT_APPLICABLE_GLOBAL_BASELINE,HF9g-P5,,,,X 全窗基线 · 不参与实体赏罚,6877006,688,A168_HF9F_20260827_0900,2026-08-27 09:00:00
2026-03-30,70460261,2167,0,23.6985543882,-23.6985543882,-23.6985543882,0E-7,1,1,0.50665070000000000,0.506650700000,-1.013391052207602,-1.013391052207602,-1.013391052207602,0E-17,ELIGIBLE,R03b_20260811_FULL_v1,L1_ELIGIBILITY,v2026-08-11,2026-03-21..2026-08-06,baccarat_bet02_101_all_pairs_incl_sentinel,round_win = game_pnl > 0 (decisive only),COMPATIBILITY_ONLY_NOT_PRODUCTION,268817.8208,244366.2908,168.7661,6248,5610,-0.00062781,-0.08642944,0.00436428,-0.00062781,-168.7661,268817.8208,OK,0.0000,6.7506,4.0000,96.0000,AG03-UNRESOLVED,ALL5_LEVELS_bet23_to_bet27,6.7506,6.7506,6.7506,8.4383,8.4383,4.000000,4.000000,4.000000,5.000000,5.000000,96.000000,96.000000,96.000000,95.000000,95.000000,5.0,37.1285,34.0107,131.6376,134.7554,PENDING_AG03,FALSE,NOT_FOR_ENFORCEMENT,162.0155,234591.6392,168.7661,162.0155,6.7506,0.00062781,0.00060270,6.7506,162.0155,0.00060270,6.7506,6.7506,6.7506,8.4383,8.4383,162.0155,0.00060270,37.1285,34.0107,131.6376,134.7554,0.00048969,0.00050129,0.00002511,43.0246,43.5591,0.0301,2.0581,0.0627,3278.2661,68.4146,17.6798,46.9397,25.7155,39.4976,52.6635,77.1466,82.2897,128.5777,31.4111,0.0,2.083411,3.25533,1.089297,30,192,222,8,0.05498276,0.00062781,0.08642944,0E-8,0.000000,0.909041,0.000000,-0.09079372,2026-03-23,2026-08-06,82,2690,1181,137,0.598540,0.376650,0.410924,0.183276,,,,,,,,GLOBAL_BASELINE_NO_ENTITY_RANKING,,,NOT_APPLICABLE_GLOBAL_BASELINE,HF9g-P5,,,,X 全窗基线 · 不参与实体赏罚,6877007,688,A168_HF9F_20260827_0900,2026-08-27 09:00:00
2026-03-30,70460261,471,0,8.1628354004,-8.1628354004,-8.1628354004,0E-7,1,1,0.49324550000000000,0.493245500000,-0.9865810262130424,-0.9865810262130424,-0.9865810262130424,0E-17,ELIGIBLE,R03b_20260811_FULL_v1,L1_ELIGIBILITY,v2026-08-11,2026-03-21..2026-08-06,baccarat_bet02_101_all_pairs_incl_sentinel,round_win = game_pnl > 0 (decisive only),COMPATIBILITY_ONLY_NOT_PRODUCTION,268817.8208,244366.2908,168.7661,6248,5610,-0.00062781,-0.08642944,0.00436428,-0.00062781,-168.7661,268817.8208,OK,0.0000,6.7506,4.0000,96.0000,AG03-UNRESOLVED,ALL5_LEVELS_bet23_to_bet27,6.7506,6.7506,6.7506,8.4383,8.4383,4.000000,4.000000,4.000000,5.000000,5.000000,96.000000,96.000000,96.000000,95.000000,95.000000,5.0,37.1285,34.0107,131.6376,134.7554,PENDING_AG03,FALSE,NOT_FOR_ENFORCEMENT,162.0155,234591.6392,168.7661,162.0155,6.7506,0.00062781,0.00060270,6.7506,162.0155,0.00060270,6.7506,6.7506,6.7506,8.4383,8.4383,162.0155,0.00060270,37.1285,34.0107,131.6376,134.7554,0.00048969,0.00050129,0.00002511,43.0246,43.5591,0.0301,2.0581,0.0627,3278.2661,68.4146,17.6798,46.9397,25.7155,39.4976,52.6635,77.1466,82.2897,128.5777,31.4111,0.0,2.083411,3.25533,1.089297,30,192,222,8,0.05498276,0.00062781,0.08642944,0E-8,0.000000,0.909041,0.000000,-0.09079372,2026-03-23,2026-08-06,82,2690,1181,137,0.598540,0.376650,0.410924,0.183276,,,,,,,,GLOBAL_BASELINE_NO_ENTITY_RANKING,,,NOT_APPLICABLE_GLOBAL_BASELINE,HF9g-P5,,,,X 全窗基线 · 不参与实体赏罚,6877008,688,A168_HF9F_20260827_0900,2026-08-27 09:00:00
2026-03-30,70460261,526,0,52.6634541960,50.0302814862,50.0302814862,1.0000000,1,1,0.50665070000000000,0.506650700000,0.9867858985152569,0.9867858985152569,0.9867858985152569,0E-17,ELIGIBLE,R03b_20260811_FULL_v1,L1_ELIGIBILITY,v2026-08-11,2026-03-21..2026-08-06,baccarat_bet02_101_all_pairs_incl_sentinel,round_win = game_pnl > 0 (decisive only),COMPATIBILITY_ONLY_NOT_PRODUCTION,268817.8208,244366.2908,168.7661,6248,5610,-0.00062781,-0.08642944,0.00436428,-0.00062781,-168.7661,268817.8208,OK,0.0000,6.7506,4.0000,96.0000,AG03-UNRESOLVED,ALL5_LEVELS_bet23_to_bet27,6.7506,6.7506,6.7506,8.4383,8.4383,4.000000,4.000000,4.000000,5.000000,5.000000,96.000000,96.000000,96.000000,95.000000,95.000000,5.0,37.1285,34.0107,131.6376,134.7554,PENDING_AG03,FALSE,NOT_FOR_ENFORCEMENT,162.0155,234591.6392,168.7661,162.0155,6.7506,0.00062781,0.00060270,6.7506,162.0155,0.00060270,6.7506,6.7506,6.7506,8.4383,8.4383,162.0155,0.00060270,37.1285,34.0107,131.6376,134.7554,0.00048969,0.00050129,0.00002511,43.0246,43.5591,0.0301,2.0581,0.0627,3278.2661,68.4146,17.6798,46.9397,25.7155,39.4976,52.6635,77.1466,82.2897,128.5777,31.4111,0.0,2.083411,3.25533,1.089297,30,192,222,8,0.05498276,0.00062781,0.08642944,0E-8,0.000000,0.909041,0.000000,-0.09079372,2026-03-23,2026-08-06,82,2690,1181,137,0.598540,0.376650,0.410924,0.183276,,,,,,,,GLOBAL_BASELINE_NO_ENTITY_RANKING,,,NOT_APPLICABLE_GLOBAL_BASELINE,HF9g-P5,,,,X 全窗基线 · 不参与实体赏罚,6877009,688,A168_HF9F_20260827_0900,2026-08-27 09:00:00
2026-03-31,70460261,-1,1,26.3317270980,-26.3317270980,-26.3317270980,0E-7,1,1,0.50665070000000000,0.506650700000,-1.013391052207602,-1.013391052207602,-1.013391052207602,0E-17,SENTINEL_DEALER,R03b_20260811_FULL_v1,L1_ELIGIBILITY,v2026-08-11,2026-03-21..2026-08-06,baccarat_bet02_101_all_pairs_incl_sentinel,round_win = game_pnl > 0 (decisive only),COMPATIBILITY_ONLY_NOT_PRODUCTION,268817.8208,244366.2908,168.7661,6248,5610,-0.00062781,-0.08642944,0.00436428,-0.00062781,-168.7661,268817.8208,OK,0.0000,6.7506,4.0000,96.0000,AG03-UNRESOLVED,ALL5_LEVELS_bet23_to_bet27,6.7506,6.7506,6.7506,8.4383,8.4383,4.000000,4.000000,4.000000,5.000000,5.000000,96.000000,96.000000,96.000000,95.000000,95.000000,5.0,37.1285,34.0107,131.6376,134.7554,PENDING_AG03,FALSE,NOT_FOR_ENFORCEMENT,162.0155,234591.6392,168.7661,162.0155,6.7506,0.00062781,0.00060270,6.7506,162.0155,0.00060270,6.7506,6.7506,6.7506,8.4383,8.4383,162.0155,0.00060270,37.1285,34.0107,131.6376,134.7554,0.00048969,0.00050129,0.00002511,43.0246,43.5591,0.0301,2.0581,0.0627,3278.2661,68.4146,17.6798,46.9397,25.7155,39.4976,52.6635,77.1466,82.2897,128.5777,31.4111,0.0,2.083411,3.25533,1.089297,30,192,222,8,0.05498276,0.00062781,0.08642944,0E-8,0.000000,0.909041,0.000000,-0.09079372,2026-03-23,2026-08-06,82,2690,1181,137,0.598540,0.376650,0.410924,0.183276,,,,,,,,GLOBAL_BASELINE_NO_ENTITY_RANKING,,,NOT_APPLICABLE_GLOBAL_BASELINE,HF9g-P5,,,,X 全窗基线 · 不参与实体赏罚,6877010,688,A168_HF9F_20260827_0900,2026-08-27 09:00:00
2026-03-31,70460261,595,0,17.1156226137,-5.8193116886,-5.8193116886,0.5000000,2,2,0.50665070000000000,0.506650700000,-0.018812684590367487,-0.018812684590367487,-0.018812684590367487,0E-17,ELIGIBLE,R03b_20260811_FULL_v1,L1_ELIGIBILITY,v2026-08-11,2026-03-21..2026-08-06,baccarat_bet02_101_all_pairs_incl_sentinel,round_win = game_pnl > 0 (decisive only),COMPATIBILITY_ONLY_NOT_PRODUCTION,268817.8208,244366.2908,168.7661,6248,5610,-0.00062781,-0.08642944,0.00436428,-0.00062781,-168.7661,268817.8208,OK,0.0000,6.7506,4.0000,96.0000,AG03-UNRESOLVED,ALL5_LEVELS_bet23_to_bet27,6.7506,6.7506,6.7506,8.4383,8.4383,4.000000,4.000000,4.000000,5.000000,5.000000,96.000000,96.000000,96.000000,95.000000,95.000000,5.0,37.1285,34.0107,131.6376,134.7554,PENDING_AG03,FALSE,NOT_FOR_ENFORCEMENT,162.0155,234591.6392,168.7661,162.0155,6.7506,0.00062781,0.00060270,6.7506,162.0155,0.00060270,6.7506,6.7506,6.7506,8.4383,8.4383,162.0155,0.00060270,37.1285,34.0107,131.6376,134.7554,0.00048969,0.00050129,0.00002511,43.0246,43.5591,0.0301,2.0581,0.0627,3278.2661,68.4146,17.6798,46.9397,25.7155,39.4976,52.6635,77.1466,82.2897,128.5777,31.4111,0.0,2.083411,3.25533,1.089297,30,192,222,8,0.05498276,0.00062781,0.08642944,0E-8,0.000000,0.909041,0.000000,-0.09079372,2026-03-23,2026-08-06,82,2690,1181,137,0.598540,0.376650,0.410924,0.183276,,,,,,,,GLOBAL_BASELINE_NO_ENTITY_RANKING,,,NOT_APPLICABLE_GLOBAL_BASELINE,HF9g-P5,,,,X 全窗基线 · 不参与实体赏罚,6877011,688,A168_HF9F_20260827_0900,2026-08-27 09:00:00
2026-04-01,70460261,-1,1,1691.7519566530,179.3969060022,179.3969060022,0.5365854,46,46,0.50606786521739130,0.506067865217,0.3908434779625544,0.39084347796756225,0.3908434779625544,3.9130E-13,SENTINEL_DEALER,R03b_20260811_FULL_v1,L1_ELIGIBILITY,v2026-08-11,2026-03-21..2026-08-06,baccarat_bet02_101_all_pairs_incl_sentinel,round_win = game_pnl > 0 (decisive only),COMPATIBILITY_ONLY_NOT_PRODUCTION,268817.8208,244366.2908,168.7661,6248,5610,-0.00062781,-0.08642944,0.00436428,-0.00062781,-168.7661,268817.8208,OK,0.0000,6.7506,4.0000,96.0000,AG03-UNRESOLVED,ALL5_LEVELS_bet23_to_bet27,6.7506,6.7506,6.7506,8.4383,8.4383,4.000000,4.000000,4.000000,5.000000,5.000000,96.000000,96.000000,96.000000,95.000000,95.000000,5.0,37.1285,34.0107,131.6376,134.7554,PENDING_AG03,FALSE,NOT_FOR_ENFORCEMENT,162.0155,234591.6392,168.7661,162.0155,6.7506,0.00062781,0.00060270,6.7506,162.0155,0.00060270,6.7506,6.7506,6.7506,8.4383,8.4383,162.0155,0.00060270,37.1285,34.0107,131.6376,134.7554,0.00048969,0.00050129,0.00002511,43.0246,43.5591,0.0301,2.0581,0.0627,3278.2661,68.4146,17.6798,46.9397,25.7155,39.4976,52.6635,77.1466,82.2897,128.5777,31.4111,0.0,2.083411,3.25533,1.089297,30,192,222,8,0.05498276,0.00062781,0.08642944,0E-8,0.000000,0.909041,0.000000,-0.09079372,2026-03-23,2026-08-06,82,2690,1181,137,0.598540,0.376650,0.410924,0.183276,,,,,,,,GLOBAL_BASELINE_NO_ENTITY_RANKING,,,NOT_APPLICABLE_GLOBAL_BASELINE,HF9g-P5,,,,X 全窗基线 · 不参与实体赏罚,6877012,688,A168_HF9F_20260827_0900,2026-08-27 09:00:00
2026-04-01,70460261,1109,0,52.3519095360,-52.3519095360,-52.3519095360,0E-7,2,2,0.50665070000000000,0.506650700000,-1.4331513700195317,-1.4331513700195317,-1.4331513700195317,0E-17,ELIGIBLE,R03b_20260811_FULL_v1,L1_ELIGIBILITY,v2026-08-11,2026-03-21..2026-08-06,baccarat_bet02_101_all_pairs_incl_sentinel,round_win = game_pnl > 0 (decisive only),COMPATIBILITY_ONLY_NOT_PRODUCTION,268817.8208,244366.2908,168.7661,6248,5610,-0.00062781,-0.08642944,0.00436428,-0.00062781,-168.7661,268817.8208,OK,0.0000,6.7506,4.0000,96.0000,AG03-UNRESOLVED,ALL5_LEVELS_bet23_to_bet27,6.7506,6.7506,6.7506,8.4383,8.4383,4.000000,4.000000,4.000000,5.000000,5.000000,96.000000,96.000000,96.000000,95.000000,95.000000,5.0,37.1285,34.0107,131.6376,134.7554,PENDING_AG03,FALSE,NOT_FOR_ENFORCEMENT,162.0155,234591.6392,168.7661,162.0155,6.7506,0.00062781,0.00060270,6.7506,162.0155,0.00060270,6.7506,6.7506,6.7506,8.4383,8.4383,162.0155,0.00060270,37.1285,34.0107,131.6376,134.7554,0.00048969,0.00050129,0.00002511,43.0246,43.5591,0.0301,2.0581,0.0627,3278.2661,68.4146,17.6798,46.9397,25.7155,39.4976,52.6635,77.1466,82.2897,128.5777,31.4111,0.0,2.083411,3.25533,1.089297,30,192,222,8,0.05498276,0.00062781,0.08642944,0E-8,0.000000,0.909041,0.000000,-0.09079372,2026-03-23,2026-08-06,82,2690,1181,137,0.598540,0.376650,0.410924,0.183276,,,,,,,,GLOBAL_BASELINE_NO_ENTITY_RANKING,,,NOT_APPLICABLE_GLOBAL_BASELINE,HF9g-P5,,,,X 全窗基线 · 不参与实体赏罚,6877013,688,A168_HF9F_20260827_0900,2026-08-27 09:00:00
2026-04-01,70460261,1115,0,159.6733240845,24.0818783865,24.0818783865,0.5000000,4,4,0.50665070000000000,0.506650700000,-0.02660515369234503,-0.02660515369234503,-0.02660515369234503,0E-17,ELIGIBLE,R03b_20260811_FULL_v1,L1_ELIGIBILITY,v2026-08-11,2026-03-21..2026-08-06,baccarat_bet02_101_all_pairs_incl_sentinel,round_win = game_pnl > 0 (decisive only),COMPATIBILITY_ONLY_NOT_PRODUCTION,268817.8208,244366.2908,168.7661,6248,5610,-0.00062781,-0.08642944,0.00436428,-0.00062781,-168.7661,268817.8208,OK,0.0000,6.7506,4.0000,96.0000,AG03-UNRESOLVED,ALL5_LEVELS_bet23_to_bet27,6.7506,6.7506,6.7506,8.4383,8.4383,4.000000,4.000000,4.000000,5.000000,5.000000,96.000000,96.000000,96.000000,95.000000,95.000000,5.0,37.1285,34.0107,131.6376,134.7554,PENDING_AG03,FALSE,NOT_FOR_ENFORCEMENT,162.0155,234591.6392,168.7661,162.0155,6.7506,0.00062781,0.00060270,6.7506,162.0155,0.00060270,6.7506,6.7506,6.7506,8.4383,8.4383,162.0155,0.00060270,37.1285,34.0107,131.6376,134.7554,0.00048969,0.00050129,0.00002511,43.0246,43.5591,0.0301,2.0581,0.0627,3278.2661,68.4146,17.6798,46.9397,25.7155,39.4976,52.6635,77.1466,82.2897,128.5777,31.4111,0.0,2.083411,3.25533,1.089297,30,192,222,8,0.05498276,0.00062781,0.08642944,0E-8,0.000000,0.909041,0.000000,-0.09079372,2026-03-23,2026-08-06,82,2690,1181,137,0.598540,0.376650,0.410924,0.183276,,,,,,,,GLOBAL_BASELINE_NO_ENTITY_RANKING,,,NOT_APPLICABLE_GLOBAL_BASELINE,HF9g-P5,,,,X 全窗基线 · 不参与实体赏罚,6877014,688,A168_HF9F_20260827_0900,2026-08-27 09:00:00
2026-04-01,70460261,1157,0,75.9102688271,-26.1759547680,-26.1759547680,0E-7,2,2,0.50665070000000000,0.506650700000,-1.013391052207602,-1.013391052207602,-1.013391052207602,0E-17,ELIGIBLE,R03b_20260811_FULL_v1,L1_ELIGIBILITY,v2026-08-11,2026-03-21..2026-08-06,baccarat_bet02_101_all_pairs_incl_sentinel,round_win = game_pnl > 0 (decisive only),COMPATIBILITY_ONLY_NOT_PRODUCTION,268817.8208,244366.2908,168.7661,6248,5610,-0.00062781,-0.08642944,0.00436428,-0.00062781,-168.7661,268817.8208,OK,0.0000,6.7506,4.0000,96.0000,AG03-UNRESOLVED,ALL5_LEVELS_bet23_to_bet27,6.7506,6.7506,6.7506,8.4383,8.4383,4.000000,4.000000,4.000000,5.000000,5.000000,96.000000,96.000000,96.000000,95.000000,95.000000,5.0,37.1285,34.0107,131.6376,134.7554,PENDING_AG03,FALSE,NOT_FOR_ENFORCEMENT,162.0155,234591.6392,168.7661,162.0155,6.7506,0.00062781,0.00060270,6.7506,162.0155,0.00060270,6.7506,6.7506,6.7506,8.4383,8.4383,162.0155,0.00060270,37.1285,34.0107,131.6376,134.7554,0.00048969,0.00050129,0.00002511,43.0246,43.5591,0.0301,2.0581,0.0627,3278.2661,68.4146,17.6798,46.9397,25.7155,39.4976,52.6635,77.1466,82.2897,128.5777,31.4111,0.0,2.083411,3.25533,1.089297,30,192,222,8,0.05498276,0.00062781,0.08642944,0E-8,0.000000,0.909041,0.000000,-0.09079372,2026-03-23,2026-08-06,82,2690,1181,137,0.598540,0.376650,0.410924,0.183276,,,,,,,,GLOBAL_BASELINE_NO_ENTITY_RANKING,,,NOT_APPLICABLE_GLOBAL_BASELINE,HF9g-P5,,,,X 全窗基线 · 不参与实体赏罚,6877015,688,A168_HF9F_20260827_0900,2026-08-27 09:00:00
2026-04-01,70460261,1210,0,452.8440174858,180.0905688036,180.0905688036,0.7500000,8,8,0.50665070000000000,0.506650700000,1.3767133162484293,1.3767133162484293,1.3767133162484293,0E-17,ELIGIBLE,R03b_20260811_FULL_v1,L1_ELIGIBILITY,v2026-08-11,2026-03-21..2026-08-06,baccarat_bet02_101_all_pairs_incl_sentinel,round_win = game_pnl > 0 (decisive only),COMPATIBILITY_ONLY_NOT_PRODUCTION,268817.8208,244366.2908,168.7661,6248,5610,-0.00062781,-0.08642944,0.00436428,-0.00062781,-168.7661,268817.8208,OK,0.0000,6.7506,4.0000,96.0000,AG03-UNRESOLVED,ALL5_LEVELS_bet23_to_bet27,6.7506,6.7506,6.7506,8.4383,8.4383,4.000000,4.000000,4.000000,5.000000,5.000000,96.000000,96.000000,96.000000,95.000000,95.000000,5.0,37.1285,34.0107,131.6376,134.7554,PENDING_AG03,FALSE,NOT_FOR_ENFORCEMENT,162.0155,234591.6392,168.7661,162.0155,6.7506,0.00062781,0.00060270,6.7506,162.0155,0.00060270,6.7506,6.7506,6.7506,8.4383,8.4383,162.0155,0.00060270,37.1285,34.0107,131.6376,134.7554,0.00048969,0.00050129,0.00002511,43.0246,43.5591,0.0301,2.0581,0.0627,3278.2661,68.4146,17.6798,46.9397,25.7155,39.4976,52.6635,77.1466,82.2897,128.5777,31.4111,0.0,2.083411,3.25533,1.089297,30,192,222,8,0.05498276,0.00062781,0.08642944,0E-8,0.000000,0.909041,0.000000,-0.09079372,2026-03-23,2026-08-06,82,2690,1181,137,0.598540,0.376650,0.410924,0.183276,,,,,,,,GLOBAL_BASELINE_NO_ENTITY_RANKING,,,NOT_APPLICABLE_GLOBAL_BASELINE,HF9g-P5,,,,X 全窗基线 · 不参与实体赏罚,6877016,688,A168_HF9F_20260827_0900,2026-08-27 09:00:00
2026-04-01,70460261,1299,0,151.8205376542,103.3950213334,103.3950213334,0.6666667,3,3,0.50218230000000000,0.502182300000,0.5697959874915163,0.5697959874915164,0.5697959874915163,0E-17,ELIGIBLE,R03b_20260811_FULL_v1,L1_ELIGIBILITY,v2026-08-11,2026-03-21..2026-08-06,baccarat_bet02_101_all_pairs_incl_sentinel,round_win = game_pnl > 0 (decisive only),COMPATIBILITY_ONLY_NOT_PRODUCTION,268817.8208,244366.2908,168.7661,6248,5610,-0.00062781,-0.08642944,0.00436428,-0.00062781,-168.7661,268817.8208,OK,0.0000,6.7506,4.0000,96.0000,AG03-UNRESOLVED,ALL5_LEVELS_bet23_to_bet27,6.7506,6.7506,6.7506,8.4383,8.4383,4.000000,4.000000,4.000000,5.000000,5.000000,96.000000,96.000000,96.000000,95.000000,95.000000,5.0,37.1285,34.0107,131.6376,134.7554,PENDING_AG03,FALSE,NOT_FOR_ENFORCEMENT,162.0155,234591.6392,168.7661,162.0155,6.7506,0.00062781,0.00060270,6.7506,162.0155,0.00060270,6.7506,6.7506,6.7506,8.4383,8.4383,162.0155,0.00060270,37.1285,34.0107,131.6376,134.7554,0.00048969,0.00050129,0.00002511,43.0246,43.5591,0.0301,2.0581,0.0627,3278.2661,68.4146,17.6798,46.9397,25.7155,39.4976,52.6635,77.1466,82.2897,128.5777,31.4111,0.0,2.083411,3.25533,1.089297,30,192,222,8,0.05498276,0.00062781,0.08642944,0E-8,0.000000,0.909041,0.000000,-0.09079372,2026-03-23,2026-08-06,82,2690,1181,137,0.598540,0.376650,0.410924,0.183276,,,,,,,,GLOBAL_BASELINE_NO_ENTITY_RANKING,,,NOT_APPLICABLE_GLOBAL_BASELINE,HF9g-P5,,,,X 全窗基线 · 不参与实体赏罚,6877017,688,A168_HF9F_20260827_0900,2026-08-27 09:00:00
2026-04-01,70460261,1302,0,180.6140878989,74.6014710887,74.6014710887,0.6666667,3,3,0.50665070000000000,0.506650700000,0.5543606114942035,0.5543606114942035,0.5543606114942035,0E-17,ELIGIBLE,R03b_20260811_FULL_v1,L1_ELIGIBILITY,v2026-08-11,2026-03-21..2026-08-06,baccarat_bet02_101_all_pairs_incl_sentinel,round_win = game_pnl > 0 (decisive only),COMPATIBILITY_ONLY_NOT_PRODUCTION,268817.8208,244366.2908,168.7661,6248,5610,-0.00062781,-0.08642944,0.00436428,-0.00062781,-168.7661,268817.8208,OK,0.0000,6.7506,4.0000,96.0000,AG03-UNRESOLVED,ALL5_LEVELS_bet23_to_bet27,6.7506,6.7506,6.7506,8.4383,8.4383,4.000000,4.000000,4.000000,5.000000,5.000000,96.000000,96.000000,96.000000,95.000000,95.000000,5.0,37.1285,34.0107,131.6376,134.7554,PENDING_AG03,FALSE,NOT_FOR_ENFORCEMENT,162.0155,234591.6392,168.7661,162.0155,6.7506,0.00062781,0.00060270,6.7506,162.0155,0.00060270,6.7506,6.7506,6.7506,8.4383,8.4383,162.0155,0.00060270,37.1285,34.0107,131.6376,134.7554,0.00048969,0.00050129,0.00002511,43.0246,43.5591,0.0301,2.0581,0.0627,3278.2661,68.4146,17.6798,46.9397,25.7155,39.4976,52.6635,77.1466,82.2897,128.5777,31.4111,0.0,2.083411,3.25533,1.089297,30,192,222,8,0.05498276,0.00062781,0.08642944,0E-8,0.000000,0.909041,0.000000,-0.09079372,2026-03-23,2026-08-06,82,2690,1181,137,0.598540,0.376650,0.410924,0.183276,,,,,,,,GLOBAL_BASELINE_NO_ENTITY_RANKING,,,NOT_APPLICABLE_GLOBAL_BASELINE,HF9g-P5,,,,X 全窗基线 · 不参与实体赏罚,6877018,688,A168_HF9F_20260827_0900,2026-08-27 09:00:00
2026-04-01,70460261,1304,0,96.8510326414,26.8303536372,26.8303536372,0.6666667,3,3,0.50218230000000000,0.502182300000,0.5697959874915163,0.5697959874915164,0.5697959874915163,0E-17,ELIGIBLE,R03b_20260811_FULL_v1,L1_ELIGIBILITY,v2026-08-11,2026-03-21..2026-08-06,baccarat_bet02_101_all_pairs_incl_sentinel,round_win = game_pnl > 0 (decisive only),COMPATIBILITY_ONLY_NOT_PRODUCTION,268817.8208,244366.2908,168.7661,6248,5610,-0.00062781,-0.08642944,0.00436428,-0.00062781,-168.7661,268817.8208,OK,0.0000,6.7506,4.0000,96.0000,AG03-UNRESOLVED,ALL5_LEVELS_bet23_to_bet27,6.7506,6.7506,6.7506,8.4383,8.4383,4.000000,4.000000,4.000000,5.000000,5.000000,96.000000,96.000000,96.000000,95.000000,95.000000,5.0,37.1285,34.0107,131.6376,134.7554,PENDING_AG03,FALSE,NOT_FOR_ENFORCEMENT,162.0155,234591.6392,168.7661,162.0155,6.7506,0.00062781,0.00060270,6.7506,162.0155,0.00060270,6.7506,6.7506,6.7506,8.4383,8.4383,162.0155,0.00060270,37.1285,34.0107,131.6376,134.7554,0.00048969,0.00050129,0.00002511,43.0246,43.5591,0.0301,2.0581,0.0627,3278.2661,68.4146,17.6798,46.9397,25.7155,39.4976,52.6635,77.1466,82.2897,128.5777,31.4111,0.0,2.083411,3.25533,1.089297,30,192,222,8,0.05498276,0.00062781,0.08642944,0E-8,0.000000,0.909041,0.000000,-0.09079372,2026-03-23,2026-08-06,82,2690,1181,137,0.598540,0.376650,0.410924,0.183276,,,,,,,,GLOBAL_BASELINE_NO_ENTITY_RANKING,,,NOT_APPLICABLE_GLOBAL_BASELINE,HF9g-P5,,,,X 全窗基线 · 不参与实体赏罚,6877019,688,A168_HF9F_20260827_0900,2026-08-27 09:00:00
2026-04-01,70460261,1382,0,57.5871004895,29.8405884355,29.8405884355,1.0000000,2,2,0.50665070000000000,0.506650700000,0.9867858985152569,0.9867858985152569,0.9867858985152569,0E-17,ELIGIBLE,R03b_20260811_FULL_v1,L1_ELIGIBILITY,v2026-08-11,2026-03-21..2026-08-06,baccarat_bet02_101_all_pairs_incl_sentinel,round_win = game_pnl > 0 (decisive only),COMPATIBILITY_ONLY_NOT_PRODUCTION,268817.8208,244366.2908,168.7661,6248,5610,-0.00062781,-0.08642944,0.00436428,-0.00062781,-168.7661,268817.8208,OK,0.0000,6.7506,4.0000,96.0000,AG03-UNRESOLVED,ALL5_LEVELS_bet23_to_bet27,6.7506,6.7506,6.7506,8.4383,8.4383,4.000000,4.000000,4.000000,5.000000,5.000000,96.000000,96.000000,96.000000,95.000000,95.000000,5.0,37.1285,34.0107,131.6376,134.7554,PENDING_AG03,FALSE,NOT_FOR_ENFORCEMENT,162.0155,234591.6392,168.7661,162.0155,6.7506,0.00062781,0.00060270,6.7506,162.0155,0.00060270,6.7506,6.7506,6.7506,8.4383,8.4383,162.0155,0.00060270,37.1285,34.0107,131.6376,134.7554,0.00048969,0.00050129,0.00002511,43.0246,43.5591,0.0301,2.0581,0.0627,3278.2661,68.4146,17.6798,46.9397,25.7155,39.4976,52.6635,77.1466,82.2897,128.5777,31.4111,0.0,2.083411,3.25533,1.089297,30,192,222,8,0.05498276,0.00062781,0.08642944,0E-8,0.000000,0.909041,0.000000,-0.09079372,2026-03-23,2026-08-06,82,2690,1181,137,0.598540,0.376650,0.410924,0.183276,,,,,,,,GLOBAL_BASELINE_NO_ENTITY_RANKING,,,NOT_APPLICABLE_GLOBAL_BASELINE,HF9g-P5,,,,X 全窗基线 · 不参与实体赏罚,6877020,688,A168_HF9F_20260827_0900,2026-08-27 09:00:00
2026-04-01,70460261,1396,0,130.8797738397,37.5624950921,37.5624950921,0.6666667,3,3,0.50665070000000000,0.506650700000,0.5543606114942035,0.5543606114942035,0.5543606114942035,0E-17,ELIGIBLE,R03b_20260811_FULL_v1,L1_ELIGIBILITY,v2026-08-11,2026-03-21..2026-08-06,baccarat_bet02_101_all_pairs_incl_sentinel,round_win = game_pnl > 0 (decisive only),COMPATIBILITY_ONLY_NOT_PRODUCTION,268817.8208,244366.2908,168.7661,6248,5610,-0.00062781,-0.08642944,0.00436428,-0.00062781,-168.7661,268817.8208,OK,0.0000,6.7506,4.0000,96.0000,AG03-UNRESOLVED,ALL5_LEVELS_bet23_to_bet27,6.7506,6.7506,6.7506,8.4383,8.4383,4.000000,4.000000,4.000000,5.000000,5.000000,96.000000,96.000000,96.000000,95.000000,95.000000,5.0,37.1285,34.0107,131.6376,134.7554,PENDING_AG03,FALSE,NOT_FOR_ENFORCEMENT,162.0155,234591.6392,168.7661,162.0155,6.7506,0.00062781,0.00060270,6.7506,162.0155,0.00060270,6.7506,6.7506,6.7506,8.4383,8.4383,162.0155,0.00060270,37.1285,34.0107,131.6376,134.7554,0.00048969,0.00050129,0.00002511,43.0246,43.5591,0.0301,2.0581,0.0627,3278.2661,68.4146,17.6798,46.9397,25.7155,39.4976,52.6635,77.1466,82.2897,128.5777,31.4111,0.0,2.083411,3.25533,1.089297,30,192,222,8,0.05498276,0.00062781,0.08642944,0E-8,0.000000,0.909041,0.000000,-0.09079372,2026-03-23,2026-08-06,82,2690,1181,137,0.598540,0.376650,0.410924,0.183276,,,,,,,,GLOBAL_BASELINE_NO_ENTITY_RANKING,,,NOT_APPLICABLE_GLOBAL_BASELINE,HF9g-P5,,,,X 全窗基线 · 不参与实体赏罚,6877021,688,A168_HF9F_20260827_0900,2026-08-27 09:00:00
2026-04-01,70460261,1399,0,120.6711514802,115.8285998482,115.8285998482,1.0000000,4,4,0.50329940000000000,0.503299400000,1.9868456582349654,1.9868456582349654,1.9868456582349654,0E-17,ELIGIBLE,R03b_20260811_FULL_v1,L1_ELIGIBILITY,v2026-08-11,2026-03-21..2026-08-06,baccarat_bet02_101_all_pairs_incl_sentinel,round_win = game_pnl > 0 (decisive only),COMPATIBILITY_ONLY_NOT_PRODUCTION,268817.8208,244366.2908,168.7661,6248,5610,-0.00062781,-0.08642944,0.00436428,-0.00062781,-168.7661,268817.8208,OK,0.0000,6.7506,4.0000,96.0000,AG03-UNRESOLVED,ALL5_LEVELS_bet23_to_bet27,6.7506,6.7506,6.7506,8.4383,8.4383,4.000000,4.000000,4.000000,5.000000,5.000000,96.000000,96.000000,96.000000,95.000000,95.000000,5.0,37.1285,34.0107,131.6376,134.7554,PENDING_AG03,FALSE,NOT_FOR_ENFORCEMENT,162.0155,234591.6392,168.7661,162.0155,6.7506,0.00062781,0.00060270,6.7506,162.0155,0.00060270,6.7506,6.7506,6.7506,8.4383,8.4383,162.0155,0.00060270,37.1285,34.0107,131.6376,134.7554,0.00048969,0.00050129,0.00002511,43.0246,43.5591,0.0301,2.0581,0.0627,3278.2661,68.4146,17.6798,46.9397,25.7155,39.4976,52.6635,77.1466,82.2897,128.5777,31.4111,0.0,2.083411,3.25533,1.089297,30,192,222,8,0.05498276,0.00062781,0.08642944,0E-8,0.000000,0.909041,0.000000,-0.09079372,2026-03-23,2026-08-06,82,2690,1181,137,0.598540,0.376650,0.410924,0.183276,,,,,,,,GLOBAL_BASELINE_NO_ENTITY_RANKING,,,NOT_APPLICABLE_GLOBAL_BASELINE,HF9g-P5,,,,X 全窗基线 · 不参与实体赏罚,6877022,688,A168_HF9F_20260827_0900,2026-08-27 09:00:00
2026-04-01,70460261,1401,0,50.7813522499,2.3034840195,2.3034840195,0.5000000,2,2,0.49994810000000000,0.499948100000,0.00014679536856514622,0.00014679536856514622,0.00014679536856514622,0E-17,ELIGIBLE,R03b_20260811_FULL_v1,L1_ELIGIBILITY,v2026-08-11,2026-03-21..2026-08-06,baccarat_bet02_101_all_pairs_incl_sentinel,round_win = game_pnl > 0 (decisive only),COMPATIBILITY_ONLY_NOT_PRODUCTION,268817.8208,244366.2908,168.7661,6248,5610,-0.00062781,-0.08642944,0.00436428,-0.00062781,-168.7661,268817.8208,OK,0.0000,6.7506,4.0000,96.0000,AG03-UNRESOLVED,ALL5_LEVELS_bet23_to_bet27,6.7506,6.7506,6.7506,8.4383,8.4383,4.000000,4.000000,4.000000,5.000000,5.000000,96.000000,96.000000,96.000000,95.000000,95.000000,5.0,37.1285,34.0107,131.6376,134.7554,PENDING_AG03,FALSE,NOT_FOR_ENFORCEMENT,162.0155,234591.6392,168.7661,162.0155,6.7506,0.00062781,0.00060270,6.7506,162.0155,0.00060270,6.7506,6.7506,6.7506,8.4383,8.4383,162.0155,0.00060270,37.1285,34.0107,131.6376,134.7554,0.00048969,0.00050129,0.00002511,43.0246,43.5591,0.0301,2.0581,0.0627,3278.2661,68.4146,17.6798,46.9397,25.7155,39.4976,52.6635,77.1466,82.2897,128.5777,31.4111,0.0,2.083411,3.25533,1.089297,30,192,222,8,0.05498276,0.00062781,0.08642944,0E-8,0.000000,0.909041,0.000000,-0.09079372,2026-03-23,2026-08-06,82,2690,1181,137,0.598540,0.376650,0.410924,0.183276,,,,,,,,GLOBAL_BASELINE_NO_ENTITY_RANKING,,,NOT_APPLICABLE_GLOBAL_BASELINE,HF9g-P5,,,,X 全窗基线 · 不参与实体赏罚,6877023,688,A168_HF9F_20260827_0900,2026-08-27 09:00:00
2026-04-01,70460261,1505,0,49.7343140592,47.2475983562,47.2475983562,1.0000000,2,2,0.50665070000000000,0.506650700000,1.3955260008387969,1.3955260008387969,1.3955260008387969,0E-17,ELIGIBLE,R03b_20260811_FULL_v1,L1_ELIGIBILITY,v2026-08-11,2026-03-21..2026-08-06,baccarat_bet02_101_all_pairs_incl_sentinel,round_win = game_pnl > 0 (decisive only),COMPATIBILITY_ONLY_NOT_PRODUCTION,268817.8208,244366.2908,168.7661,6248,5610,-0.00062781,-0.08642944,0.00436428,-0.00062781,-168.7661,268817.8208,OK,0.0000,6.7506,4.0000,96.0000,AG03-UNRESOLVED,ALL5_LEVELS_bet23_to_bet27,6.7506,6.7506,6.7506,8.4383,8.4383,4.000000,4.000000,4.000000,5.000000,5.000000,96.000000,96.000000,96.000000,95.000000,95.000000,5.0,37.1285,34.0107,131.6376,134.7554,PENDING_AG03,FALSE,NOT_FOR_ENFORCEMENT,162.0155,234591.6392,168.7661,162.0155,6.7506,0.00062781,0.00060270,6.7506,162.0155,0.00060270,6.7506,6.7506,6.7506,8.4383,8.4383,162.0155,0.00060270,37.1285,34.0107,131.6376,134.7554,0.00048969,0.00050129,0.00002511,43.0246,43.5591,0.0301,2.0581,0.0627,3278.2661,68.4146,17.6798,46.9397,25.7155,39.4976,52.6635,77.1466,82.2897,128.5777,31.4111,0.0,2.083411,3.25533,1.089297,30,192,222,8,0.05498276,0.00062781,0.08642944,0E-8,0.000000,0.909041,0.000000,-0.09079372,2026-03-23,2026-08-06,82,2690,1181,137,0.598540,0.376650,0.410924,0.183276,,,,,,,,GLOBAL_BASELINE_NO_ENTITY_RANKING,,,NOT_APPLICABLE_GLOBAL_BASELINE,HF9g-P5,,,,X 全窗基线 · 不参与实体赏罚,6877024,688,A168_HF9F_20260827_0900,2026-08-27 09:00:00
2026-04-01,70460261,1509,0,13.0879773840,-13.0879773840,-13.0879773840,0E-7,1,1,0.50665070000000000,0.506650700000,-1.013391052207602,-1.013391052207602,-1.013391052207602,0E-17,ELIGIBLE,R03b_20260811_FULL_v1,L1_ELIGIBILITY,v2026-08-11,2026-03-21..2026-08-06,baccarat_bet02_101_all_pairs_incl_sentinel,round_win = game_pnl > 0 (decisive only),COMPATIBILITY_ONLY_NOT_PRODUCTION,268817.8208,244366.2908,168.7661,6248,5610,-0.00062781,-0.08642944,0.00436428,-0.00062781,-168.7661,268817.8208,OK,0.0000,6.7506,4.0000,96.0000,AG03-UNRESOLVED,ALL5_LEVELS_bet23_to_bet27,6.7506,6.7506,6.7506,8.4383,8.4383,4.000000,4.000000,4.000000,5.000000,5.000000,96.000000,96.000000,96.000000,95.000000,95.000000,5.0,37.1285,34.0107,131.6376,134.7554,PENDING_AG03,FALSE,NOT_FOR_ENFORCEMENT,162.0155,234591.6392,168.7661,162.0155,6.7506,0.00062781,0.00060270,6.7506,162.0155,0.00060270,6.7506,6.7506,6.7506,8.4383,8.4383,162.0155,0.00060270,37.1285,34.0107,131.6376,134.7554,0.00048969,0.00050129,0.00002511,43.0246,43.5591,0.0301,2.0581,0.0627,3278.2661,68.4146,17.6798,46.9397,25.7155,39.4976,52.6635,77.1466,82.2897,128.5777,31.4111,0.0,2.083411,3.25533,1.089297,30,192,222,8,0.05498276,0.00062781,0.08642944,0E-8,0.000000,0.909041,0.000000,-0.09079372,2026-03-23,2026-08-06,82,2690,1181,137,0.598540,0.376650,0.410924,0.183276,,,,,,,,GLOBAL_BASELINE_NO_ENTITY_RANKING,,,NOT_APPLICABLE_GLOBAL_BASELINE,HF9g-P5,,,,X 全窗基线 · 不参与实体赏罚,6877025,688,A168_HF9F_20260827_0900,2026-08-27 09:00:00
2026-04-01,70460261,1623,0,158.8880454415,99.9005313718,99.9005313718,0.6666667,3,3,0.50665070000000000,0.506650700000,0.5543606114942035,0.5543606114942035,0.5543606114942035,0E-17,ELIGIBLE,R03b_20260811_FULL_v1,L1_ELIGIBILITY,v2026-08-11,2026-03-21..2026-08-06,baccarat_bet02_101_all_pairs_incl_sentinel,round_win = game_pnl > 0 (decisive only),COMPATIBILITY_ONLY_NOT_PRODUCTION,268817.8208,244366.2908,168.7661,6248,5610,-0.00062781,-0.08642944,0.00436428,-0.00062781,-168.7661,268817.8208,OK,0.0000,6.7506,4.0000,96.0000,AG03-UNRESOLVED,ALL5_LEVELS_bet23_to_bet27,6.7506,6.7506,6.7506,8.4383,8.4383,4.000000,4.000000,4.000000,5.000000,5.000000,96.000000,96.000000,96.000000,95.000000,95.000000,5.0,37.1285,34.0107,131.6376,134.7554,PENDING_AG03,FALSE,NOT_FOR_ENFORCEMENT,162.0155,234591.6392,168.7661,162.0155,6.7506,0.00062781,0.00060270,6.7506,162.0155,0.00060270,6.7506,6.7506,6.7506,8.4383,8.4383,162.0155,0.00060270,37.1285,34.0107,131.6376,134.7554,0.00048969,0.00050129,0.00002511,43.0246,43.5591,0.0301,2.0581,0.0627,3278.2661,68.4146,17.6798,46.9397,25.7155,39.4976,52.6635,77.1466,82.2897,128.5777,31.4111,0.0,2.083411,3.25533,1.089297,30,192,222,8,0.05498276,0.00062781,0.08642944,0E-8,0.000000,0.909041,0.000000,-0.09079372,2026-03-23,2026-08-06,82,2690,1181,137,0.598540,0.376650,0.410924,0.183276,,,,,,,,GLOBAL_BASELINE_NO_ENTITY_RANKING,,,NOT_APPLICABLE_GLOBAL_BASELINE,HF9g-P5,,,,X 全窗基线 · 不参与实体赏罚,6877026,688,A168_HF9F_20260827_0900,2026-08-27 09:00:00
2026-04-01,70460261,1645,0,91.6158416878,5.3660707274,5.3660707274,0.6666667,3,3,0.50665070000000000,0.506650700000,0.5543606114942035,0.5543606114942035,0.5543606114942035,0E-17,ELIGIBLE,R03b_20260811_FULL_v1,L1_ELIGIBILITY,v2026-08-11,2026-03-21..2026-08-06,baccarat_bet02_101_all_pairs_incl_sentinel,round_win = game_pnl > 0 (decisive only),COMPATIBILITY_ONLY_NOT_PRODUCTION,268817.8208,244366.2908,168.7661,6248,5610,-0.00062781,-0.08642944,0.00436428,-0.00062781,-168.7661,268817.8208,OK,0.0000,6.7506,4.0000,96.0000,AG03-UNRESOLVED,ALL5_LEVELS_bet23_to_bet27,6.7506,6.7506,6.7506,8.4383,8.4383,4.000000,4.000000,4.000000,5.000000,5.000000,96.000000,96.000000,96.000000,95.000000,95.000000,5.0,37.1285,34.0107,131.6376,134.7554,PENDING_AG03,FALSE,NOT_FOR_ENFORCEMENT,162.0155,234591.6392,168.7661,162.0155,6.7506,0.00062781,0.00060270,6.7506,162.0155,0.00060270,6.7506,6.7506,6.7506,8.4383,8.4383,162.0155,0.00060270,37.1285,34.0107,131.6376,134.7554,0.00048969,0.00050129,0.00002511,43.0246,43.5591,0.0301,2.0581,0.0627,3278.2661,68.4146,17.6798,46.9397,25.7155,39.4976,52.6635,77.1466,82.2897,128.5777,31.4111,0.0,2.083411,3.25533,1.089297,30,192,222,8,0.05498276,0.00062781,0.08642944,0E-8,0.000000,0.909041,0.000000,-0.09079372,2026-03-23,2026-08-06,82,2690,1181,137,0.598540,0.376650,0.410924,0.183276,,,,,,,,GLOBAL_BASELINE_NO_ENTITY_RANKING,,,NOT_APPLICABLE_GLOBAL_BASELINE,HF9g-P5,,,,X 全窗基线 · 不参与实体赏罚,6877027,688,A168_HF9F_20260827_0900,2026-08-27 09:00:00
2026-04-01,70460261,1704,0,183.2316833758,-30.1023479832,-30.1023479832,0.2500000,4,4,0.50329940000000000,0.503299400000,-1.013219660140378,-1.013219660140378,-1.013219660140378,0E-17,ELIGIBLE,R03b_20260811_FULL_v1,L1_ELIGIBILITY,v2026-08-11,2026-03-21..2026-08-06,baccarat_bet02_101_all_pairs_incl_sentinel,round_win = game_pnl > 0 (decisive only),COMPATIBILITY_ONLY_NOT_PRODUCTION,268817.8208,244366.2908,168.7661,6248,5610,-0.00062781,-0.08642944,0.00436428,-0.00062781,-168.7661,268817.8208,OK,0.0000,6.7506,4.0000,96.0000,AG03-UNRESOLVED,ALL5_LEVELS_bet23_to_bet27,6.7506,6.7506,6.7506,8.4383,8.4383,4.000000,4.000000,4.000000,5.000000,5.000000,96.000000,96.000000,96.000000,95.000000,95.000000,5.0,37.1285,34.0107,131.6376,134.7554,PENDING_AG03,FALSE,NOT_FOR_ENFORCEMENT,162.0155,234591.6392,168.7661,162.0155,6.7506,0.00062781,0.00060270,6.7506,162.0155,0.00060270,6.7506,6.7506,6.7506,8.4383,8.4383,162.0155,0.00060270,37.1285,34.0107,131.6376,134.7554,0.00048969,0.00050129,0.00002511,43.0246,43.5591,0.0301,2.0581,0.0627,3278.2661,68.4146,17.6798,46.9397,25.7155,39.4976,52.6635,77.1466,82.2897,128.5777,31.4111,0.0,2.083411,3.25533,1.089297,30,192,222,8,0.05498276,0.00062781,0.08642944,0E-8,0.000000,0.909041,0.000000,-0.09079372,2026-03-23,2026-08-06,82,2690,1181,137,0.598540,0.376650,0.410924,0.183276,,,,,,,,GLOBAL_BASELINE_NO_ENTITY_RANKING,,,NOT_APPLICABLE_GLOBAL_BASELINE,HF9g-P5,,,,X 全窗基线 · 不参与实体赏罚,6877028,688,A168_HF9F_20260827_0900,2026-08-27 09:00:00
2026-04-01,70460261,1710,0,102.0862235950,96.9819124153,96.9819124153,1.0000000,2,2,0.50665070000000000,0.506650700000,1.3955260008387969,1.3955260008387969,1.3955260008387969,0E-17,ELIGIBLE,R03b_20260811_FULL_v1,L1_ELIGIBILITY,v2026-08-11,2026-03-21..2026-08-06,baccarat_bet02_101_all_pairs_incl_sentinel,round_win = game_pnl > 0 (decisive only),COMPATIBILITY_ONLY_NOT_PRODUCTION,268817.8208,244366.2908,168.7661,6248,5610,-0.00062781,-0.08642944,0.00436428,-0.00062781,-168.7661,268817.8208,OK,0.0000,6.7506,4.0000,96.0000,AG03-UNRESOLVED,ALL5_LEVELS_bet23_to_bet27,6.7506,6.7506,6.7506,8.4383,8.4383,4.000000,4.000000,4.000000,5.000000,5.000000,96.000000,96.000000,96.000000,95.000000,95.000000,5.0,37.1285,34.0107,131.6376,134.7554,PENDING_AG03,FALSE,NOT_FOR_ENFORCEMENT,162.0155,234591.6392,168.7661,162.0155,6.7506,0.00062781,0.00060270,6.7506,162.0155,0.00060270,6.7506,6.7506,6.7506,8.4383,8.4383,162.0155,0.00060270,37.1285,34.0107,131.6376,134.7554,0.00048969,0.00050129,0.00002511,43.0246,43.5591,0.0301,2.0581,0.0627,3278.2661,68.4146,17.6798,46.9397,25.7155,39.4976,52.6635,77.1466,82.2897,128.5777,31.4111,0.0,2.083411,3.25533,1.089297,30,192,222,8,0.05498276,0.00062781,0.08642944,0E-8,0.000000,0.909041,0.000000,-0.09079372,2026-03-23,2026-08-06,82,2690,1181,137,0.598540,0.376650,0.410924,0.183276,,,,,,,,GLOBAL_BASELINE_NO_ENTITY_RANKING,,,NOT_APPLICABLE_GLOBAL_BASELINE,HF9g-P5,,,,X 全窗基线 · 不参与实体赏罚,6877029,688,A168_HF9F_20260827_0900,2026-08-27 09:00:00
2026-04-01,70460261,1714,0,78.7896238515,-78.7896238515,-78.7896238515,0E-7,1,1,0.50665070000000000,0.506650700000,-1.013391052207602,-1.013391052207602,-1.013391052207602,0E-17,ELIGIBLE,R03b_20260811_FULL_v1,L1_ELIGIBILITY,v2026-08-11,2026-03-21..2026-08-06,baccarat_bet02_101_all_pairs_incl_sentinel,round_win = game_pnl > 0 (decisive only),COMPATIBILITY_ONLY_NOT_PRODUCTION,268817.8208,244366.2908,168.7661,6248,5610,-0.00062781,-0.08642944,0.00436428,-0.00062781,-168.7661,268817.8208,OK,0.0000,6.7506,4.0000,96.0000,AG03-UNRESOLVED,ALL5_LEVELS_bet23_to_bet27,6.7506,6.7506,6.7506,8.4383,8.4383,4.000000,4.000000,4.000000,5.000000,5.000000,96.000000,96.000000,96.000000,95.000000,95.000000,5.0,37.1285,34.0107,131.6376,134.7554,PENDING_AG03,FALSE,NOT_FOR_ENFORCEMENT,162.0155,234591.6392,168.7661,162.0155,6.7506,0.00062781,0.00060270,6.7506,162.0155,0.00060270,6.7506,6.7506,6.7506,8.4383,8.4383,162.0155,0.00060270,37.1285,34.0107,131.6376,134.7554,0.00048969,0.00050129,0.00002511,43.0246,43.5591,0.0301,2.0581,0.0627,3278.2661,68.4146,17.6798,46.9397,25.7155,39.4976,52.6635,77.1466,82.2897,128.5777,31.4111,0.0,2.083411,3.25533,1.089297,30,192,222,8,0.05498276,0.00062781,0.08642944,0E-8,0.000000,0.909041,0.000000,-0.09079372,2026-03-23,2026-08-06,82,2690,1181,137,0.598540,0.376650,0.410924,0.183276,,,,,,,,GLOBAL_BASELINE_NO_ENTITY_RANKING,,,NOT_APPLICABLE_GLOBAL_BASELINE,HF9g-P5,,,,X 全窗基线 · 不参与实体赏罚,6877030,688,A168_HF9F_20260827_0900,2026-08-27 09:00:00
2026-04-01,70460261,1947,0,26.1759547680,24.8671570296,24.8671570296,1.0000000,1,1,0.50665070000000000,0.506650700000,0.9867858985152569,0.9867858985152569,0.9867858985152569,0E-17,ELIGIBLE,R03b_20260811_FULL_v1,L1_ELIGIBILITY,v2026-08-11,2026-03-21..2026-08-06,baccarat_bet02_101_all_pairs_incl_sentinel,round_win = game_pnl > 0 (decisive only),COMPATIBILITY_ONLY_NOT_PRODUCTION,268817.8208,244366.2908,168.7661,6248,5610,-0.00062781,-0.08642944,0.00436428,-0.00062781,-168.7661,268817.8208,OK,0.0000,6.7506,4.0000,96.0000,AG03-UNRESOLVED,ALL5_LEVELS_bet23_to_bet27,6.7506,6.7506,6.7506,8.4383,8.4383,4.000000,4.000000,4.000000,5.000000,5.000000,96.000000,96.000000,96.000000,95.000000,95.000000,5.0,37.1285,34.0107,131.6376,134.7554,PENDING_AG03,FALSE,NOT_FOR_ENFORCEMENT,162.0155,234591.6392,168.7661,162.0155,6.7506,0.00062781,0.00060270,6.7506,162.0155,0.00060270,6.7506,6.7506,6.7506,8.4383,8.4383,162.0155,0.00060270,37.1285,34.0107,131.6376,134.7554,0.00048969,0.00050129,0.00002511,43.0246,43.5591,0.0301,2.0581,0.0627,3278.2661,68.4146,17.6798,46.9397,25.7155,39.4976,52.6635,77.1466,82.2897,128.5777,31.4111,0.0,2.083411,3.25533,1.089297,30,192,222,8,0.05498276,0.00062781,0.08642944,0E-8,0.000000,0.909041,0.000000,-0.09079372,2026-03-23,2026-08-06,82,2690,1181,137,0.598540,0.376650,0.410924,0.183276,,,,,,,,GLOBAL_BASELINE_NO_ENTITY_RANKING,,,NOT_APPLICABLE_GLOBAL_BASELINE,HF9g-P5,,,,X 全窗基线 · 不参与实体赏罚,6877031,688,A168_HF9F_20260827_0900,2026-08-27 09:00:00
2026-04-01,70460261,1951,0,65.4398869199,-65.4398869199,-65.4398869199,0E-7,1,1,0.50665070000000000,0.506650700000,-1.013391052207602,-1.013391052207602,-1.013391052207602,0E-17,ELIGIBLE,R03b_20260811_FULL_v1,L1_ELIGIBILITY,v2026-08-11,2026-03-21..2026-08-06,baccarat_bet02_101_all_pairs_incl_sentinel,round_win = game_pnl > 0 (decisive only),COMPATIBILITY_ONLY_NOT_PRODUCTION,268817.8208,244366.2908,168.7661,6248,5610,-0.00062781,-0.08642944,0.00436428,-0.00062781,-168.7661,268817.8208,OK,0.0000,6.7506,4.0000,96.0000,AG03-UNRESOLVED,ALL5_LEVELS_bet23_to_bet27,6.7506,6.7506,6.7506,8.4383,8.4383,4.000000,4.000000,4.000000,5.000000,5.000000,96.000000,96.000000,96.000000,95.000000,95.000000,5.0,37.1285,34.0107,131.6376,134.7554,PENDING_AG03,FALSE,NOT_FOR_ENFORCEMENT,162.0155,234591.6392,168.7661,162.0155,6.7506,0.00062781,0.00060270,6.7506,162.0155,0.00060270,6.7506,6.7506,6.7506,8.4383,8.4383,162.0155,0.00060270,37.1285,34.0107,131.6376,134.7554,0.00048969,0.00050129,0.00002511,43.0246,43.5591,0.0301,2.0581,0.0627,3278.2661,68.4146,17.6798,46.9397,25.7155,39.4976,52.6635,77.1466,82.2897,128.5777,31.4111,0.0,2.083411,3.25533,1.089297,30,192,222,8,0.05498276,0.00062781,0.08642944,0E-8,0.000000,0.909041,0.000000,-0.09079372,2026-03-23,2026-08-06,82,2690,1181,137,0.598540,0.376650,0.410924,0.183276,,,,,,,,GLOBAL_BASELINE_NO_ENTITY_RANKING,,,NOT_APPLICABLE_GLOBAL_BASELINE,HF9g-P5,,,,X 全窗基线 · 不参与实体赏罚,6877032,688,A168_HF9F_20260827_0900,2026-08-27 09:00:00
2026-04-01,70460261,1966,0,23.8201188388,0E-10,0E-10,,1,1,0.49324550000000000,0.493245500000,,,,0E-17,NO_DECISIVE_ROUND,R03b_20260811_FULL_v1,L1_ELIGIBILITY,v2026-08-11,2026-03-21..2026-08-06,baccarat_bet02_101_all_pairs_incl_sentinel,round_win = game_pnl > 0 (decisive only),COMPATIBILITY_ONLY_NOT_PRODUCTION,268817.8208,244366.2908,168.7661,6248,5610,-0.00062781,-0.08642944,0.00436428,-0.00062781,-168.7661,268817.8208,OK,0.0000,6.7506,4.0000,96.0000,AG03-UNRESOLVED,ALL5_LEVELS_bet23_to_bet27,6.7506,6.7506,6.7506,8.4383,8.4383,4.000000,4.000000,4.000000,5.000000,5.000000,96.000000,96.000000,96.000000,95.000000,95.000000,5.0,37.1285,34.0107,131.6376,134.7554,PENDING_AG03,FALSE,NOT_FOR_ENFORCEMENT,162.0155,234591.6392,168.7661,162.0155,6.7506,0.00062781,0.00060270,6.7506,162.0155,0.00060270,6.7506,6.7506,6.7506,8.4383,8.4383,162.0155,0.00060270,37.1285,34.0107,131.6376,134.7554,0.00048969,0.00050129,0.00002511,43.0246,43.5591,0.0301,2.0581,0.0627,3278.2661,68.4146,17.6798,46.9397,25.7155,39.4976,52.6635,77.1466,82.2897,128.5777,31.4111,0.0,2.083411,3.25533,1.089297,30,192,222,8,0.05498276,0.00062781,0.08642944,0E-8,0.000000,0.909041,0.000000,-0.09079372,2026-03-23,2026-08-06,82,2690,1181,137,0.598540,0.376650,0.410924,0.183276,,,,,,,,GLOBAL_BASELINE_NO_ENTITY_RANKING,,,NOT_APPLICABLE_GLOBAL_BASELINE,HF9g-P5,,,,X 全窗基线 · 不参与实体赏罚,6877033,688,A168_HF9F_20260827_0900,2026-08-27 09:00:00
2026-04-01,70460261,2088,0,47.1167185823,-47.1167185823,-47.1167185823,0E-7,1,1,0.49324550000000000,0.493245500000,-0.9865810262130424,-0.9865810262130424,-0.9865810262130424,0E-17,ELIGIBLE,R03b_20260811_FULL_v1,L1_ELIGIBILITY,v2026-08-11,2026-03-21..2026-08-06,baccarat_bet02_101_all_pairs_incl_sentinel,round_win = game_pnl > 0 (decisive only),COMPATIBILITY_ONLY_NOT_PRODUCTION,268817.8208,244366.2908,168.7661,6248,5610,-0.00062781,-0.08642944,0.00436428,-0.00062781,-168.7661,268817.8208,OK,0.0000,6.7506,4.0000,96.0000,AG03-UNRESOLVED,ALL5_LEVELS_bet23_to_bet27,6.7506,6.7506,6.7506,8.4383,8.4383,4.000000,4.000000,4.000000,5.000000,5.000000,96.000000,96.000000,96.000000,95.000000,95.000000,5.0,37.1285,34.0107,131.6376,134.7554,PENDING_AG03,FALSE,NOT_FOR_ENFORCEMENT,162.0155,234591.6392,168.7661,162.0155,6.7506,0.00062781,0.00060270,6.7506,162.0155,0.00060270,6.7506,6.7506,6.7506,8.4383,8.4383,162.0155,0.00060270,37.1285,34.0107,131.6376,134.7554,0.00048969,0.00050129,0.00002511,43.0246,43.5591,0.0301,2.0581,0.0627,3278.2661,68.4146,17.6798,46.9397,25.7155,39.4976,52.6635,77.1466,82.2897,128.5777,31.4111,0.0,2.083411,3.25533,1.089297,30,192,222,8,0.05498276,0.00062781,0.08642944,0E-8,0.000000,0.909041,0.000000,-0.09079372,2026-03-23,2026-08-06,82,2690,1181,137,0.598540,0.376650,0.410924,0.183276,,,,,,,,GLOBAL_BASELINE_NO_ENTITY_RANKING,,,NOT_APPLICABLE_GLOBAL_BASELINE,HF9g-P5,,,,X 全窗基线 · 不参与实体赏罚,6877034,688,A168_HF9F_20260827_0900,2026-08-27 09:00:00
2026-04-01,70460261,2108,0,26.1759547680,24.8671570296,24.8671570296,1.0000000,1,1,0.50665070000000000,0.506650700000,0.9867858985152569,0.9867858985152569,0.9867858985152569,0E-17,ELIGIBLE,R03b_20260811_FULL_v1,L1_ELIGIBILITY,v2026-08-11,2026-03-21..2026-08-06,baccarat_bet02_101_all_pairs_incl_sentinel,round_win = game_pnl > 0 (decisive only),COMPATIBILITY_ONLY_NOT_PRODUCTION,268817.8208,244366.2908,168.7661,6248,5610,-0.00062781,-0.08642944,0.00436428,-0.00062781,-168.7661,268817.8208,OK,0.0000,6.7506,4.0000,96.0000,AG03-UNRESOLVED,ALL5_LEVELS_bet23_to_bet27,6.7506,6.7506,6.7506,8.4383,8.4383,4.000000,4.000000,4.000000,5.000000,5.000000,96.000000,96.000000,96.000000,95.000000,95.000000,5.0,37.1285,34.0107,131.6376,134.7554,PENDING_AG03,FALSE,NOT_FOR_ENFORCEMENT,162.0155,234591.6392,168.7661,162.0155,6.7506,0.00062781,0.00060270,6.7506,162.0155,0.00060270,6.7506,6.7506,6.7506,8.4383,8.4383,162.0155,0.00060270,37.1285,34.0107,131.6376,134.7554,0.00048969,0.00050129,0.00002511,43.0246,43.5591,0.0301,2.0581,0.0627,3278.2661,68.4146,17.6798,46.9397,25.7155,39.4976,52.6635,77.1466,82.2897,128.5777,31.4111,0.0,2.083411,3.25533,1.089297,30,192,222,8,0.05498276,0.00062781,0.08642944,0E-8,0.000000,0.909041,0.000000,-0.09079372,2026-03-23,2026-08-06,82,2690,1181,137,0.598540,0.376650,0.410924,0.183276,,,,,,,,GLOBAL_BASELINE_NO_ENTITY_RANKING,,,NOT_APPLICABLE_GLOBAL_BASELINE,HF9g-P5,,,,X 全窗基线 · 不参与实体赏罚,6877035,688,A168_HF9F_20260827_0900,2026-08-27 09:00:00
2026-04-01,70460261,2117,0,52.3519095359,-52.3519095359,-52.3519095359,0E-7,1,1,0.49324550000000000,0.493245500000,-0.9865810262130424,-0.9865810262130424,-0.9865810262130424,0E-17,ELIGIBLE,R03b_20260811_FULL_v1,L1_ELIGIBILITY,v2026-08-11,2026-03-21..2026-08-06,baccarat_bet02_101_all_pairs_incl_sentinel,round_win = game_pnl > 0 (decisive only),COMPATIBILITY_ONLY_NOT_PRODUCTION,268817.8208,244366.2908,168.7661,6248,5610,-0.00062781,-0.08642944,0.00436428,-0.00062781,-168.7661,268817.8208,OK,0.0000,6.7506,4.0000,96.0000,AG03-UNRESOLVED,ALL5_LEVELS_bet23_to_bet27,6.7506,6.7506,6.7506,8.4383,8.4383,4.000000,4.000000,4.000000,5.000000,5.000000,96.000000,96.000000,96.000000,95.000000,95.000000,5.0,37.1285,34.0107,131.6376,134.7554,PENDING_AG03,FALSE,NOT_FOR_ENFORCEMENT,162.0155,234591.6392,168.7661,162.0155,6.7506,0.00062781,0.00060270,6.7506,162.0155,0.00060270,6.7506,6.7506,6.7506,8.4383,8.4383,162.0155,0.00060270,37.1285,34.0107,131.6376,134.7554,0.00048969,0.00050129,0.00002511,43.0246,43.5591,0.0301,2.0581,0.0627,3278.2661,68.4146,17.6798,46.9397,25.7155,39.4976,52.6635,77.1466,82.2897,128.5777,31.4111,0.0,2.083411,3.25533,1.089297,30,192,222,8,0.05498276,0.00062781,0.08642944,0E-8,0.000000,0.909041,0.000000,-0.09079372,2026-03-23,2026-08-06,82,2690,1181,137,0.598540,0.376650,0.410924,0.183276,,,,,,,,GLOBAL_BASELINE_NO_ENTITY_RANKING,,,NOT_APPLICABLE_GLOBAL_BASELINE,HF9g-P5,,,,X 全窗基线 · 不参与实体赏罚,6877036,688,A168_HF9F_20260827_0900,2026-08-27 09:00:00
2026-04-01,70460261,2123,0,130.8797738398,6.9366280135,6.9366280135,0.5000000,4,4,0.50665070000000000,0.506650700000,-0.02660515369234503,-0.02660515369234503,-0.02660515369234503,0E-17,ELIGIBLE,R03b_20260811_FULL_v1,L1_ELIGIBILITY,v2026-08-11,2026-03-21..2026-08-06,baccarat_bet02_101_all_pairs_incl_sentinel,round_win = game_pnl > 0 (decisive only),COMPATIBILITY_ONLY_NOT_PRODUCTION,268817.8208,244366.2908,168.7661,6248,5610,-0.00062781,-0.08642944,0.00436428,-0.00062781,-168.7661,268817.8208,OK,0.0000,6.7506,4.0000,96.0000,AG03-UNRESOLVED,ALL5_LEVELS_bet23_to_bet27,6.7506,6.7506,6.7506,8.4383,8.4383,4.000000,4.000000,4.000000,5.000000,5.000000,96.000000,96.000000,96.000000,95.000000,95.000000,5.0,37.1285,34.0107,131.6376,134.7554,PENDING_AG03,FALSE,NOT_FOR_ENFORCEMENT,162.0155,234591.6392,168.7661,162.0155,6.7506,0.00062781,0.00060270,6.7506,162.0155,0.00060270,6.7506,6.7506,6.7506,8.4383,8.4383,162.0155,0.00060270,37.1285,34.0107,131.6376,134.7554,0.00048969,0.00050129,0.00002511,43.0246,43.5591,0.0301,2.0581,0.0627,3278.2661,68.4146,17.6798,46.9397,25.7155,39.4976,52.6635,77.1466,82.2897,128.5777,31.4111,0.0,2.083411,3.25533,1.089297,30,192,222,8,0.05498276,0.00062781,0.08642944,0E-8,0.000000,0.909041,0.000000,-0.09079372,2026-03-23,2026-08-06,82,2690,1181,137,0.598540,0.376650,0.410924,0.183276,,,,,,,,GLOBAL_BASELINE_NO_ENTITY_RANKING,,,NOT_APPLICABLE_GLOBAL_BASELINE,HF9g-P5,,,,X 全窗基线 · 不参与实体赏罚,6877037,688,A168_HF9F_20260827_0900,2026-08-27 09:00:00
2026-04-01,70460261,2130,0,57.5871004895,34.8140198414,34.8140198414,1.0000000,2,2,0.50665070000000000,0.506650700000,0.9867858985152569,0.9867858985152569,0.9867858985152569,0E-17,ELIGIBLE,R03b_20260811_FULL_v1,L1_ELIGIBILITY,v2026-08-11,2026-03-21..2026-08-06,baccarat_bet02_101_all_pairs_incl_sentinel,round_win = game_pnl > 0 (decisive only),COMPATIBILITY_ONLY_NOT_PRODUCTION,268817.8208,244366.2908,168.7661,6248,5610,-0.00062781,-0.08642944,0.00436428,-0.00062781,-168.7661,268817.8208,OK,0.0000,6.7506,4.0000,96.0000,AG03-UNRESOLVED,ALL5_LEVELS_bet23_to_bet27,6.7506,6.7506,6.7506,8.4383,8.4383,4.000000,4.000000,4.000000,5.000000,5.000000,96.000000,96.000000,96.000000,95.000000,95.000000,5.0,37.1285,34.0107,131.6376,134.7554,PENDING_AG03,FALSE,NOT_FOR_ENFORCEMENT,162.0155,234591.6392,168.7661,162.0155,6.7506,0.00062781,0.00060270,6.7506,162.0155,0.00060270,6.7506,6.7506,6.7506,8.4383,8.4383,162.0155,0.00060270,37.1285,34.0107,131.6376,134.7554,0.00048969,0.00050129,0.00002511,43.0246,43.5591,0.0301,2.0581,0.0627,3278.2661,68.4146,17.6798,46.9397,25.7155,39.4976,52.6635,77.1466,82.2897,128.5777,31.4111,0.0,2.083411,3.25533,1.089297,30,192,222,8,0.05498276,0.00062781,0.08642944,0E-8,0.000000,0.909041,0.000000,-0.09079372,2026-03-23,2026-08-06,82,2690,1181,137,0.598540,0.376650,0.410924,0.183276,,,,,,,,GLOBAL_BASELINE_NO_ENTITY_RANKING,,,NOT_APPLICABLE_GLOBAL_BASELINE,HF9g-P5,,,,X 全窗基线 · 不参与实体赏罚,6877038,688,A168_HF9F_20260827_0900,2026-08-27 09:00:00
2026-04-01,70460261,2134,0,65.4398869200,-39.9183310212,-39.9183310212,0.3333333,3,3,0.50665070000000000,0.506650700000,-0.6004420894325239,-0.6004420894325239,-0.6004420894325239,0E-17,ELIGIBLE,R03b_20260811_FULL_v1,L1_ELIGIBILITY,v2026-08-11,2026-03-21..2026-08-06,baccarat_bet02_101_all_pairs_incl_sentinel,round_win = game_pnl > 0 (decisive only),COMPATIBILITY_ONLY_NOT_PRODUCTION,268817.8208,244366.2908,168.7661,6248,5610,-0.00062781,-0.08642944,0.00436428,-0.00062781,-168.7661,268817.8208,OK,0.0000,6.7506,4.0000,96.0000,AG03-UNRESOLVED,ALL5_LEVELS_bet23_to_bet27,6.7506,6.7506,6.7506,8.4383,8.4383,4.000000,4.000000,4.000000,5.000000,5.000000,96.000000,96.000000,96.000000,95.000000,95.000000,5.0,37.1285,34.0107,131.6376,134.7554,PENDING_AG03,FALSE,NOT_FOR_ENFORCEMENT,162.0155,234591.6392,168.7661,162.0155,6.7506,0.00062781,0.00060270,6.7506,162.0155,0.00060270,6.7506,6.7506,6.7506,8.4383,8.4383,162.0155,0.00060270,37.1285,34.0107,131.6376,134.7554,0.00048969,0.00050129,0.00002511,43.0246,43.5591,0.0301,2.0581,0.0627,3278.2661,68.4146,17.6798,46.9397,25.7155,39.4976,52.6635,77.1466,82.2897,128.5777,31.4111,0.0,2.083411,3.25533,1.089297,30,192,222,8,0.05498276,0.00062781,0.08642944,0E-8,0.000000,0.909041,0.000000,-0.09079372,2026-03-23,2026-08-06,82,2690,1181,137,0.598540,0.376650,0.410924,0.183276,,,,,,,,GLOBAL_BASELINE_NO_ENTITY_RANKING,,,NOT_APPLICABLE_GLOBAL_BASELINE,HF9g-P5,,,,X 全窗基线 · 不参与实体赏罚,6877039,688,A168_HF9F_20260827_0900,2026-08-27 09:00:00
2026-04-01,70460261,2142,0,26.1759547680,-26.1759547680,-26.1759547680,0E-7,1,1,0.50665070000000000,0.506650700000,-1.013391052207602,-1.013391052207602,-1.013391052207602,0E-17,ELIGIBLE,R03b_20260811_FULL_v1,L1_ELIGIBILITY,v2026-08-11,2026-03-21..2026-08-06,baccarat_bet02_101_all_pairs_incl_sentinel,round_win = game_pnl > 0 (decisive only),COMPATIBILITY_ONLY_NOT_PRODUCTION,268817.8208,244366.2908,168.7661,6248,5610,-0.00062781,-0.08642944,0.00436428,-0.00062781,-168.7661,268817.8208,OK,0.0000,6.7506,4.0000,96.0000,AG03-UNRESOLVED,ALL5_LEVELS_bet23_to_bet27,6.7506,6.7506,6.7506,8.4383,8.4383,4.000000,4.000000,4.000000,5.000000,5.000000,96.000000,96.000000,96.000000,95.000000,95.000000,5.0,37.1285,34.0107,131.6376,134.7554,PENDING_AG03,FALSE,NOT_FOR_ENFORCEMENT,162.0155,234591.6392,168.7661,162.0155,6.7506,0.00062781,0.00060270,6.7506,162.0155,0.00060270,6.7506,6.7506,6.7506,8.4383,8.4383,162.0155,0.00060270,37.1285,34.0107,131.6376,134.7554,0.00048969,0.00050129,0.00002511,43.0246,43.5591,0.0301,2.0581,0.0627,3278.2661,68.4146,17.6798,46.9397,25.7155,39.4976,52.6635,77.1466,82.2897,128.5777,31.4111,0.0,2.083411,3.25533,1.089297,30,192,222,8,0.05498276,0.00062781,0.08642944,0E-8,0.000000,0.909041,0.000000,-0.09079372,2026-03-23,2026-08-06,82,2690,1181,137,0.598540,0.376650,0.410924,0.183276,,,,,,,,GLOBAL_BASELINE_NO_ENTITY_RANKING,,,NOT_APPLICABLE_GLOBAL_BASELINE,HF9g-P5,,,,X 全窗基线 · 不参与实体赏罚,6877040,688,A168_HF9F_20260827_0900,2026-08-27 09:00:00
2026-04-01,70460261,2160,0,15.7055728608,-15.7055728608,-15.7055728608,0E-7,1,1,0.50665070000000000,0.506650700000,-1.013391052207602,-1.013391052207602,-1.013391052207602,0E-17,ELIGIBLE,R03b_20260811_FULL_v1,L1_ELIGIBILITY,v2026-08-11,2026-03-21..2026-08-06,baccarat_bet02_101_all_pairs_incl_sentinel,round_win = game_pnl > 0 (decisive only),COMPATIBILITY_ONLY_NOT_PRODUCTION,268817.8208,244366.2908,168.7661,6248,5610,-0.00062781,-0.08642944,0.00436428,-0.00062781,-168.7661,268817.8208,OK,0.0000,6.7506,4.0000,96.0000,AG03-UNRESOLVED,ALL5_LEVELS_bet23_to_bet27,6.7506,6.7506,6.7506,8.4383,8.4383,4.000000,4.000000,4.000000,5.000000,5.000000,96.000000,96.000000,96.000000,95.000000,95.000000,5.0,37.1285,34.0107,131.6376,134.7554,PENDING_AG03,FALSE,NOT_FOR_ENFORCEMENT,162.0155,234591.6392,168.7661,162.0155,6.7506,0.00062781,0.00060270,6.7506,162.0155,0.00060270,6.7506,6.7506,6.7506,8.4383,8.4383,162.0155,0.00060270,37.1285,34.0107,131.6376,134.7554,0.00048969,0.00050129,0.00002511,43.0246,43.5591,0.0301,2.0581,0.0627,3278.2661,68.4146,17.6798,46.9397,25.7155,39.4976,52.6635,77.1466,82.2897,128.5777,31.4111,0.0,2.083411,3.25533,1.089297,30,192,222,8,0.05498276,0.00062781,0.08642944,0E-8,0.000000,0.909041,0.000000,-0.09079372,2026-03-23,2026-08-06,82,2690,1181,137,0.598540,0.376650,0.410924,0.183276,,,,,,,,GLOBAL_BASELINE_NO_ENTITY_RANKING,,,NOT_APPLICABLE_GLOBAL_BASELINE,HF9g-P5,,,,X 全窗基线 · 不参与实体赏罚,6877041,688,A168_HF9F_20260827_0900,2026-08-27 09:00:00
2026-04-01,70460261,2167,0,128.2621783630,70.8059576473,70.8059576473,0.6666667,3,3,0.50665070000000000,0.506650700000,0.5543606114942035,0.5543606114942035,0.5543606114942035,0E-17,ELIGIBLE,R03b_20260811_FULL_v1,L1_ELIGIBILITY,v2026-08-11,2026-03-21..2026-08-06,baccarat_bet02_101_all_pairs_incl_sentinel,round_win = game_pnl > 0 (decisive only),COMPATIBILITY_ONLY_NOT_PRODUCTION,268817.8208,244366.2908,168.7661,6248,5610,-0.00062781,-0.08642944,0.00436428,-0.00062781,-168.7661,268817.8208,OK,0.0000,6.7506,4.0000,96.0000,AG03-UNRESOLVED,ALL5_LEVELS_bet23_to_bet27,6.7506,6.7506,6.7506,8.4383,8.4383,4.000000,4.000000,4.000000,5.000000,5.000000,96.000000,96.000000,96.000000,95.000000,95.000000,5.0,37.1285,34.0107,131.6376,134.7554,PENDING_AG03,FALSE,NOT_FOR_ENFORCEMENT,162.0155,234591.6392,168.7661,162.0155,6.7506,0.00062781,0.00060270,6.7506,162.0155,0.00060270,6.7506,6.7506,6.7506,8.4383,8.4383,162.0155,0.00060270,37.1285,34.0107,131.6376,134.7554,0.00048969,0.00050129,0.00002511,43.0246,43.5591,0.0301,2.0581,0.0627,3278.2661,68.4146,17.6798,46.9397,25.7155,39.4976,52.6635,77.1466,82.2897,128.5777,31.4111,0.0,2.083411,3.25533,1.089297,30,192,222,8,0.05498276,0.00062781,0.08642944,0E-8,0.000000,0.909041,0.000000,-0.09079372,2026-03-23,2026-08-06,82,2690,1181,137,0.598540,0.376650,0.410924,0.183276,,,,,,,,GLOBAL_BASELINE_NO_ENTITY_RANKING,,,NOT_APPLICABLE_GLOBAL_BASELINE,HF9g-P5,,,,X 全窗基线 · 不参与实体赏罚,6877042,688,A168_HF9F_20260827_0900,2026-08-27 09:00:00
2026-04-01,70460261,2174,0,73.2926733503,24.8671570296,24.8671570296,1.0000000,2,2,0.50665070000000000,0.506650700000,0.9867858985152569,0.9867858985152569,0.9867858985152569,0E-17,ELIGIBLE,R03b_20260811_FULL_v1,L1_ELIGIBILITY,v2026-08-11,2026-03-21..2026-08-06,baccarat_bet02_101_all_pairs_incl_sentinel,round_win = game_pnl > 0 (decisive only),COMPATIBILITY_ONLY_NOT_PRODUCTION,268817.8208,244366.2908,168.7661,6248,5610,-0.00062781,-0.08642944,0.00436428,-0.00062781,-168.7661,268817.8208,OK,0.0000,6.7506,4.0000,96.0000,AG03-UNRESOLVED,ALL5_LEVELS_bet23_to_bet27,6.7506,6.7506,6.7506,8.4383,8.4383,4.000000,4.000000,4.000000,5.000000,5.000000,96.000000,96.000000,96.000000,95.000000,95.000000,5.0,37.1285,34.0107,131.6376,134.7554,PENDING_AG03,FALSE,NOT_FOR_ENFORCEMENT,162.0155,234591.6392,168.7661,162.0155,6.7506,0.00062781,0.00060270,6.7506,162.0155,0.00060270,6.7506,6.7506,6.7506,8.4383,8.4383,162.0155,0.00060270,37.1285,34.0107,131.6376,134.7554,0.00048969,0.00050129,0.00002511,43.0246,43.5591,0.0301,2.0581,0.0627,3278.2661,68.4146,17.6798,46.9397,25.7155,39.4976,52.6635,77.1466,82.2897,128.5777,31.4111,0.0,2.083411,3.25533,1.089297,30,192,222,8,0.05498276,0.00062781,0.08642944,0E-8,0.000000,0.909041,0.000000,-0.09079372,2026-03-23,2026-08-06,82,2690,1181,137,0.598540,0.376650,0.410924,0.183276,,,,,,,,GLOBAL_BASELINE_NO_ENTITY_RANKING,,,NOT_APPLICABLE_GLOBAL_BASELINE,HF9g-P5,,,,X 全窗基线 · 不参与实体赏罚,6877043,688,A168_HF9F_20260827_0900,2026-08-27 09:00:00
2026-04-01,70460261,2175,0,382.1689396121,211.7634740727,211.7634740727,0.7000000,10,10,0.50531018000000000,0.505310180000,1.2313959846913516,1.2313959846913516,1.2313959846913516,0E-17,ELIGIBLE,R03b_20260811_FULL_v1,L1_ELIGIBILITY,v2026-08-11,2026-03-21..2026-08-06,baccarat_bet02_101_all_pairs_incl_sentinel,round_win = game_pnl > 0 (decisive only),COMPATIBILITY_ONLY_NOT_PRODUCTION,268817.8208,244366.2908,168.7661,6248,5610,-0.00062781,-0.08642944,0.00436428,-0.00062781,-168.7661,268817.8208,OK,0.0000,6.7506,4.0000,96.0000,AG03-UNRESOLVED,ALL5_LEVELS_bet23_to_bet27,6.7506,6.7506,6.7506,8.4383,8.4383,4.000000,4.000000,4.000000,5.000000,5.000000,96.000000,96.000000,96.000000,95.000000,95.000000,5.0,37.1285,34.0107,131.6376,134.7554,PENDING_AG03,FALSE,NOT_FOR_ENFORCEMENT,162.0155,234591.6392,168.7661,162.0155,6.7506,0.00062781,0.00060270,6.7506,162.0155,0.00060270,6.7506,6.7506,6.7506,8.4383,8.4383,162.0155,0.00060270,37.1285,34.0107,131.6376,134.7554,0.00048969,0.00050129,0.00002511,43.0246,43.5591,0.0301,2.0581,0.0627,3278.2661,68.4146,17.6798,46.9397,25.7155,39.4976,52.6635,77.1466,82.2897,128.5777,31.4111,0.0,2.083411,3.25533,1.089297,30,192,222,8,0.05498276,0.00062781,0.08642944,0E-8,0.000000,0.909041,0.000000,-0.09079372,2026-03-23,2026-08-06,82,2690,1181,137,0.598540,0.376650,0.410924,0.183276,,,,,,,,GLOBAL_BASELINE_NO_ENTITY_RANKING,,,NOT_APPLICABLE_GLOBAL_BASELINE,HF9g-P5,,,,X 全窗基线 · 不参与实体赏罚,6877044,688,A168_HF9F_20260827_0900,2026-08-27 09:00:00
2026-04-01,70460261,2188,0,49.7343140591,47.2475983562,47.2475983562,1.0000000,1,1,0.50665070000000000,0.506650700000,0.9867858985152569,0.9867858985152569,0.9867858985152569,0E-17,ELIGIBLE,R03b_20260811_FULL_v1,L1_ELIGIBILITY,v2026-08-11,2026-03-21..2026-08-06,baccarat_bet02_101_all_pairs_incl_sentinel,round_win = game_pnl > 0 (decisive only),COMPATIBILITY_ONLY_NOT_PRODUCTION,268817.8208,244366.2908,168.7661,6248,5610,-0.00062781,-0.08642944,0.00436428,-0.00062781,-168.7661,268817.8208,OK,0.0000,6.7506,4.0000,96.0000,AG03-UNRESOLVED,ALL5_LEVELS_bet23_to_bet27,6.7506,6.7506,6.7506,8.4383,8.4383,4.000000,4.000000,4.000000,5.000000,5.000000,96.000000,96.000000,96.000000,95.000000,95.000000,5.0,37.1285,34.0107,131.6376,134.7554,PENDING_AG03,FALSE,NOT_FOR_ENFORCEMENT,162.0155,234591.6392,168.7661,162.0155,6.7506,0.00062781,0.00060270,6.7506,162.0155,0.00060270,6.7506,6.7506,6.7506,8.4383,8.4383,162.0155,0.00060270,37.1285,34.0107,131.6376,134.7554,0.00048969,0.00050129,0.00002511,43.0246,43.5591,0.0301,2.0581,0.0627,3278.2661,68.4146,17.6798,46.9397,25.7155,39.4976,52.6635,77.1466,82.2897,128.5777,31.4111,0.0,2.083411,3.25533,1.089297,30,192,222,8,0.05498276,0.00062781,0.08642944,0E-8,0.000000,0.909041,0.000000,-0.09079372,2026-03-23,2026-08-06,82,2690,1181,137,0.598540,0.376650,0.410924,0.183276,,,,,,,,GLOBAL_BASELINE_NO_ENTITY_RANKING,,,NOT_APPLICABLE_GLOBAL_BASELINE,HF9g-P5,,,,X 全窗基线 · 不参与实体赏罚,6877045,688,A168_HF9F_20260827_0900,2026-08-27 09:00:00
2026-04-01,70460261,2201,0,62.8222914431,-11.7791796455,-11.7791796455,0.5000000,2,2,0.50665070000000000,0.506650700000,-0.018812684590367487,-0.018812684590367487,-0.018812684590367487,0E-17,ELIGIBLE,R03b_20260811_FULL_v1,L1_ELIGIBILITY,v2026-08-11,2026-03-21..2026-08-06,baccarat_bet02_101_all_pairs_incl_sentinel,round_win = game_pnl > 0 (decisive only),COMPATIBILITY_ONLY_NOT_PRODUCTION,268817.8208,244366.2908,168.7661,6248,5610,-0.00062781,-0.08642944,0.00436428,-0.00062781,-168.7661,268817.8208,OK,0.0000,6.7506,4.0000,96.0000,AG03-UNRESOLVED,ALL5_LEVELS_bet23_to_bet27,6.7506,6.7506,6.7506,8.4383,8.4383,4.000000,4.000000,4.000000,5.000000,5.000000,96.000000,96.000000,96.000000,95.000000,95.000000,5.0,37.1285,34.0107,131.6376,134.7554,PENDING_AG03,FALSE,NOT_FOR_ENFORCEMENT,162.0155,234591.6392,168.7661,162.0155,6.7506,0.00062781,0.00060270,6.7506,162.0155,0.00060270,6.7506,6.7506,6.7506,8.4383,8.4383,162.0155,0.00060270,37.1285,34.0107,131.6376,134.7554,0.00048969,0.00050129,0.00002511,43.0246,43.5591,0.0301,2.0581,0.0627,3278.2661,68.4146,17.6798,46.9397,25.7155,39.4976,52.6635,77.1466,82.2897,128.5777,31.4111,0.0,2.083411,3.25533,1.089297,30,192,222,8,0.05498276,0.00062781,0.08642944,0E-8,0.000000,0.909041,0.000000,-0.09079372,2026-03-23,2026-08-06,82,2690,1181,137,0.598540,0.376650,0.410924,0.183276,,,,,,,,GLOBAL_BASELINE_NO_ENTITY_RANKING,,,NOT_APPLICABLE_GLOBAL_BASELINE,HF9g-P5,,,,X 全窗基线 · 不参与实体赏罚,6877046,688,A168_HF9F_20260827_0900,2026-08-27 09:00:00
2026-04-01,70460261,2216,0,67.7957228490,-67.7957228490,-67.7957228490,0E-7,2,2,0.50665070000000000,0.506650700000,-1.4331513700195317,-1.4331513700195317,-1.4331513700195317,0E-17,ELIGIBLE,R03b_20260811_FULL_v1,L1_ELIGIBILITY,v2026-08-11,2026-03-21..2026-08-06,baccarat_bet02_101_all_pairs_incl_sentinel,round_win = game_pnl > 0 (decisive only),COMPATIBILITY_ONLY_NOT_PRODUCTION,268817.8208,244366.2908,168.7661,6248,5610,-0.00062781,-0.08642944,0.00436428,-0.00062781,-168.7661,268817.8208,OK,0.0000,6.7506,4.0000,96.0000,AG03-UNRESOLVED,ALL5_LEVELS_bet23_to_bet27,6.7506,6.7506,6.7506,8.4383,8.4383,4.000000,4.000000,4.000000,5.000000,5.000000,96.000000,96.000000,96.000000,95.000000,95.000000,5.0,37.1285,34.0107,131.6376,134.7554,PENDING_AG03,FALSE,NOT_FOR_ENFORCEMENT,162.0155,234591.6392,168.7661,162.0155,6.7506,0.00062781,0.00060270,6.7506,162.0155,0.00060270,6.7506,6.7506,6.7506,8.4383,8.4383,162.0155,0.00060270,37.1285,34.0107,131.6376,134.7554,0.00048969,0.00050129,0.00002511,43.0246,43.5591,0.0301,2.0581,0.0627,3278.2661,68.4146,17.6798,46.9397,25.7155,39.4976,52.6635,77.1466,82.2897,128.5777,31.4111,0.0,2.083411,3.25533,1.089297,30,192,222,8,0.05498276,0.00062781,0.08642944,0E-8,0.000000,0.909041,0.000000,-0.09079372,2026-03-23,2026-08-06,82,2690,1181,137,0.598540,0.376650,0.410924,0.183276,,,,,,,,GLOBAL_BASELINE_NO_ENTITY_RANKING,,,NOT_APPLICABLE_GLOBAL_BASELINE,HF9g-P5,,,,X 全窗基线 · 不参与实体赏罚,6877047,688,A168_HF9F_20260827_0900,2026-08-27 09:00:00
2026-04-01,70460261,2218,0,125.6445828863,72.1147553858,72.1147553858,1.0000000,5,5,0.50665070000000000,0.506650700000,1.7091633124209307,1.7091633124209307,1.7091633124209307,0E-17,ELIGIBLE,R03b_20260811_FULL_v1,L1_ELIGIBILITY,v2026-08-11,2026-03-21..2026-08-06,baccarat_bet02_101_all_pairs_incl_sentinel,round_win = game_pnl > 0 (decisive only),COMPATIBILITY_ONLY_NOT_PRODUCTION,268817.8208,244366.2908,168.7661,6248,5610,-0.00062781,-0.08642944,0.00436428,-0.00062781,-168.7661,268817.8208,OK,0.0000,6.7506,4.0000,96.0000,AG03-UNRESOLVED,ALL5_LEVELS_bet23_to_bet27,6.7506,6.7506,6.7506,8.4383,8.4383,4.000000,4.000000,4.000000,5.000000,5.000000,96.000000,96.000000,96.000000,95.000000,95.000000,5.0,37.1285,34.0107,131.6376,134.7554,PENDING_AG03,FALSE,NOT_FOR_ENFORCEMENT,162.0155,234591.6392,168.7661,162.0155,6.7506,0.00062781,0.00060270,6.7506,162.0155,0.00060270,6.7506,6.7506,6.7506,8.4383,8.4383,162.0155,0.00060270,37.1285,34.0107,131.6376,134.7554,0.00048969,0.00050129,0.00002511,43.0246,43.5591,0.0301,2.0581,0.0627,3278.2661,68.4146,17.6798,46.9397,25.7155,39.4976,52.6635,77.1466,82.2897,128.5777,31.4111,0.0,2.083411,3.25533,1.089297,30,192,222,8,0.05498276,0.00062781,0.08642944,0E-8,0.000000,0.909041,0.000000,-0.09079372,2026-03-23,2026-08-06,82,2690,1181,137,0.598540,0.376650,0.410924,0.183276,,,,,,,,GLOBAL_BASELINE_NO_ENTITY_RANKING,,,NOT_APPLICABLE_GLOBAL_BASELINE,HF9g-P5,,,,X 全窗基线 · 不参与实体赏罚,6877048,688,A168_HF9F_20260827_0900,2026-08-27 09:00:00
2026-04-01,70460261,2223,0,26.1759547680,0E-10,0E-10,,1,1,0.49324550000000000,0.493245500000,,,,0E-17,NO_DECISIVE_ROUND,R03b_20260811_FULL_v1,L1_ELIGIBILITY,v2026-08-11,2026-03-21..2026-08-06,baccarat_bet02_101_all_pairs_incl_sentinel,round_win = game_pnl > 0 (decisive only),COMPATIBILITY_ONLY_NOT_PRODUCTION,268817.8208,244366.2908,168.7661,6248,5610,-0.00062781,-0.08642944,0.00436428,-0.00062781,-168.7661,268817.8208,OK,0.0000,6.7506,4.0000,96.0000,AG03-UNRESOLVED,ALL5_LEVELS_bet23_to_bet27,6.7506,6.7506,6.7506,8.4383,8.4383,4.000000,4.000000,4.000000,5.000000,5.000000,96.000000,96.000000,96.000000,95.000000,95.000000,5.0,37.1285,34.0107,131.6376,134.7554,PENDING_AG03,FALSE,NOT_FOR_ENFORCEMENT,162.0155,234591.6392,168.7661,162.0155,6.7506,0.00062781,0.00060270,6.7506,162.0155,0.00060270,6.7506,6.7506,6.7506,8.4383,8.4383,162.0155,0.00060270,37.1285,34.0107,131.6376,134.7554,0.00048969,0.00050129,0.00002511,43.0246,43.5591,0.0301,2.0581,0.0627,3278.2661,68.4146,17.6798,46.9397,25.7155,39.4976,52.6635,77.1466,82.2897,128.5777,31.4111,0.0,2.083411,3.25533,1.089297,30,192,222,8,0.05498276,0.00062781,0.08642944,0E-8,0.000000,0.909041,0.000000,-0.09079372,2026-03-23,2026-08-06,82,2690,1181,137,0.598540,0.376650,0.410924,0.183276,,,,,,,,GLOBAL_BASELINE_NO_ENTITY_RANKING,,,NOT_APPLICABLE_GLOBAL_BASELINE,HF9g-P5,,,,X 全窗基线 · 不参与实体赏罚,6877049,688,A168_HF9F_20260827_0900,2026-08-27 09:00:00
2026-04-01,70460261,2232,0,26.1759547680,-26.1759547680,-26.1759547680,0E-7,1,1,0.50665070000000000,0.506650700000,-1.013391052207602,-1.013391052207602,-1.013391052207602,0E-17,ELIGIBLE,R03b_20260811_FULL_v1,L1_ELIGIBILITY,v2026-08-11,2026-03-21..2026-08-06,baccarat_bet02_101_all_pairs_incl_sentinel,round_win = game_pnl > 0 (decisive only),COMPATIBILITY_ONLY_NOT_PRODUCTION,268817.8208,244366.2908,168.7661,6248,5610,-0.00062781,-0.08642944,0.00436428,-0.00062781,-168.7661,268817.8208,OK,0.0000,6.7506,4.0000,96.0000,AG03-UNRESOLVED,ALL5_LEVELS_bet23_to_bet27,6.7506,6.7506,6.7506,8.4383,8.4383,4.000000,4.000000,4.000000,5.000000,5.000000,96.000000,96.000000,96.000000,95.000000,95.000000,5.0,37.1285,34.0107,131.6376,134.7554,PENDING_AG03,FALSE,NOT_FOR_ENFORCEMENT,162.0155,234591.6392,168.7661,162.0155,6.7506,0.00062781,0.00060270,6.7506,162.0155,0.00060270,6.7506,6.7506,6.7506,8.4383,8.4383,162.0155,0.00060270,37.1285,34.0107,131.6376,134.7554,0.00048969,0.00050129,0.00002511,43.0246,43.5591,0.0301,2.0581,0.0627,3278.2661,68.4146,17.6798,46.9397,25.7155,39.4976,52.6635,77.1466,82.2897,128.5777,31.4111,0.0,2.083411,3.25533,1.089297,30,192,222,8,0.05498276,0.00062781,0.08642944,0E-8,0.000000,0.909041,0.000000,-0.09079372,2026-03-23,2026-08-06,82,2690,1181,137,0.598540,0.376650,0.410924,0.183276,,,,,,,,GLOBAL_BASELINE_NO_ENTITY_RANKING,,,NOT_APPLICABLE_GLOBAL_BASELINE,HF9g-P5,,,,X 全窗基线 · 不参与实体赏罚,6877050,688,A168_HF9F_20260827_0900,2026-08-27 09:00:00
2026-04-01,70460261,2233,0,28.7935502448,1.8323168337,1.8323168337,0.5000000,2,2,0.50665070000000000,0.506650700000,-0.018812684590367487,-0.018812684590367487,-0.018812684590367487,0E-17,ELIGIBLE,R03b_20260811_FULL_v1,L1_ELIGIBILITY,v2026-08-11,2026-03-21..2026-08-06,baccarat_bet02_101_all_pairs_incl_sentinel,round_win = game_pnl > 0 (decisive only),COMPATIBILITY_ONLY_NOT_PRODUCTION,268817.8208,244366.2908,168.7661,6248,5610,-0.00062781,-0.08642944,0.00436428,-0.00062781,-168.7661,268817.8208,OK,0.0000,6.7506,4.0000,96.0000,AG03-UNRESOLVED,ALL5_LEVELS_bet23_to_bet27,6.7506,6.7506,6.7506,8.4383,8.4383,4.000000,4.000000,4.000000,5.000000,5.000000,96.000000,96.000000,96.000000,95.000000,95.000000,5.0,37.1285,34.0107,131.6376,134.7554,PENDING_AG03,FALSE,NOT_FOR_ENFORCEMENT,162.0155,234591.6392,168.7661,162.0155,6.7506,0.00062781,0.00060270,6.7506,162.0155,0.00060270,6.7506,6.7506,6.7506,8.4383,8.4383,162.0155,0.00060270,37.1285,34.0107,131.6376,134.7554,0.00048969,0.00050129,0.00002511,43.0246,43.5591,0.0301,2.0581,0.0627,3278.2661,68.4146,17.6798,46.9397,25.7155,39.4976,52.6635,77.1466,82.2897,128.5777,31.4111,0.0,2.083411,3.25533,1.089297,30,192,222,8,0.05498276,0.00062781,0.08642944,0E-8,0.000000,0.909041,0.000000,-0.09079372,2026-03-23,2026-08-06,82,2690,1181,137,0.598540,0.376650,0.410924,0.183276,,,,,,,,GLOBAL_BASELINE_NO_ENTITY_RANKING,,,NOT_APPLICABLE_GLOBAL_BASELINE,HF9g-P5,,,,X 全窗基线 · 不参与实体赏罚,6877051,688,A168_HF9F_20260827_0900,2026-08-27 09:00:00
2026-04-01,70460261,2239,0,26.1759547680,-26.1759547680,-26.1759547680,0E-7,1,1,0.49324550000000000,0.493245500000,-0.9865810262130424,-0.9865810262130424,-0.9865810262130424,0E-17,ELIGIBLE,R03b_20260811_FULL_v1,L1_ELIGIBILITY,v2026-08-11,2026-03-21..2026-08-06,baccarat_bet02_101_all_pairs_incl_sentinel,round_win = game_pnl > 0 (decisive only),COMPATIBILITY_ONLY_NOT_PRODUCTION,268817.8208,244366.2908,168.7661,6248,5610,-0.00062781,-0.08642944,0.00436428,-0.00062781,-168.7661,268817.8208,OK,0.0000,6.7506,4.0000,96.0000,AG03-UNRESOLVED,ALL5_LEVELS_bet23_to_bet27,6.7506,6.7506,6.7506,8.4383,8.4383,4.000000,4.000000,4.000000,5.000000,5.000000,96.000000,96.000000,96.000000,95.000000,95.000000,5.0,37.1285,34.0107,131.6376,134.7554,PENDING_AG03,FALSE,NOT_FOR_ENFORCEMENT,162.0155,234591.6392,168.7661,162.0155,6.7506,0.00062781,0.00060270,6.7506,162.0155,0.00060270,6.7506,6.7506,6.7506,8.4383,8.4383,162.0155,0.00060270,37.1285,34.0107,131.6376,134.7554,0.00048969,0.00050129,0.00002511,43.0246,43.5591,0.0301,2.0581,0.0627,3278.2661,68.4146,17.6798,46.9397,25.7155,39.4976,52.6635,77.1466,82.2897,128.5777,31.4111,0.0,2.083411,3.25533,1.089297,30,192,222,8,0.05498276,0.00062781,0.08642944,0E-8,0.000000,0.909041,0.000000,-0.09079372,2026-03-23,2026-08-06,82,2690,1181,137,0.598540,0.376650,0.410924,0.183276,,,,,,,,GLOBAL_BASELINE_NO_ENTITY_RANKING,,,NOT_APPLICABLE_GLOBAL_BASELINE,HF9g-P5,,,,X 全窗基线 · 不参与实体赏罚,6877052,688,A168_HF9F_20260827_0900,2026-08-27 09:00:00
2026-04-01,70460261,2251,0,102.0862235950,-102.0862235950,-102.0862235950,0E-7,2,2,0.50665070000000000,0.506650700000,-1.4331513700195317,-1.4331513700195317,-1.4331513700195317,0E-17,ELIGIBLE,R03b_20260811_FULL_v1,L1_ELIGIBILITY,v2026-08-11,2026-03-21..2026-08-06,baccarat_bet02_101_all_pairs_incl_sentinel,round_win = game_pnl > 0 (decisive only),COMPATIBILITY_ONLY_NOT_PRODUCTION,268817.8208,244366.2908,168.7661,6248,5610,-0.00062781,-0.08642944,0.00436428,-0.00062781,-168.7661,268817.8208,OK,0.0000,6.7506,4.0000,96.0000,AG03-UNRESOLVED,ALL5_LEVELS_bet23_to_bet27,6.7506,6.7506,6.7506,8.4383,8.4383,4.000000,4.000000,4.000000,5.000000,5.000000,96.000000,96.000000,96.000000,95.000000,95.000000,5.0,37.1285,34.0107,131.6376,134.7554,PENDING_AG03,FALSE,NOT_FOR_ENFORCEMENT,162.0155,234591.6392,168.7661,162.0155,6.7506,0.00062781,0.00060270,6.7506,162.0155,0.00060270,6.7506,6.7506,6.7506,8.4383,8.4383,162.0155,0.00060270,37.1285,34.0107,131.6376,134.7554,0.00048969,0.00050129,0.00002511,43.0246,43.5591,0.0301,2.0581,0.0627,3278.2661,68.4146,17.6798,46.9397,25.7155,39.4976,52.6635,77.1466,82.2897,128.5777,31.4111,0.0,2.083411,3.25533,1.089297,30,192,222,8,0.05498276,0.00062781,0.08642944,0E-8,0.000000,0.909041,0.000000,-0.09079372,2026-03-23,2026-08-06,82,2690,1181,137,0.598540,0.376650,0.410924,0.183276,,,,,,,,GLOBAL_BASELINE_NO_ENTITY_RANKING,,,NOT_APPLICABLE_GLOBAL_BASELINE,HF9g-P5,,,,X 全窗基线 · 不参与实体赏罚,6877053,688,A168_HF9F_20260827_0900,2026-08-27 09:00:00
2026-04-01,70460261,2252,0,49.7343140591,0E-10,0E-10,,1,1,0.50665070000000000,0.506650700000,,,,0E-17,NO_DECISIVE_ROUND,R03b_20260811_FULL_v1,L1_ELIGIBILITY,v2026-08-11,2026-03-21..2026-08-06,baccarat_bet02_101_all_pairs_incl_sentinel,round_win = game_pnl > 0 (decisive only),COMPATIBILITY_ONLY_NOT_PRODUCTION,268817.8208,244366.2908,168.7661,6248,5610,-0.00062781,-0.08642944,0.00436428,-0.00062781,-168.7661,268817.8208,OK,0.0000,6.7506,4.0000,96.0000,AG03-UNRESOLVED,ALL5_LEVELS_bet23_to_bet27,6.7506,6.7506,6.7506,8.4383,8.4383,4.000000,4.000000,4.000000,5.000000,5.000000,96.000000,96.000000,96.000000,95.000000,95.000000,5.0,37.1285,34.0107,131.6376,134.7554,PENDING_AG03,FALSE,NOT_FOR_ENFORCEMENT,162.0155,234591.6392,168.7661,162.0155,6.7506,0.00062781,0.00060270,6.7506,162.0155,0.00060270,6.7506,6.7506,6.7506,8.4383,8.4383,162.0155,0.00060270,37.1285,34.0107,131.6376,134.7554,0.00048969,0.00050129,0.00002511,43.0246,43.5591,0.0301,2.0581,0.0627,3278.2661,68.4146,17.6798,46.9397,25.7155,39.4976,52.6635,77.1466,82.2897,128.5777,31.4111,0.0,2.083411,3.25533,1.089297,30,192,222,8,0.05498276,0.00062781,0.08642944,0E-8,0.000000,0.909041,0.000000,-0.09079372,2026-03-23,2026-08-06,82,2690,1181,137,0.598540,0.376650,0.410924,0.183276,,,,,,,,GLOBAL_BASELINE_NO_ENTITY_RANKING,,,NOT_APPLICABLE_GLOBAL_BASELINE,HF9g-P5,,,,X 全窗基线 · 不参与实体赏罚,6877054,688,A168_HF9F_20260827_0900,2026-08-27 09:00:00
2026-04-01,70460261,471,0,19.8937256236,-19.8937256236,-19.8937256236,0E-7,1,1,0.50665070000000000,0.506650700000,-1.013391052207602,-1.013391052207602,-1.013391052207602,0E-17,ELIGIBLE,R03b_20260811_FULL_v1,L1_ELIGIBILITY,v2026-08-11,2026-03-21..2026-08-06,baccarat_bet02_101_all_pairs_incl_sentinel,round_win = game_pnl > 0 (decisive only),COMPATIBILITY_ONLY_NOT_PRODUCTION,268817.8208,244366.2908,168.7661,6248,5610,-0.00062781,-0.08642944,0.00436428,-0.00062781,-168.7661,268817.8208,OK,0.0000,6.7506,4.0000,96.0000,AG03-UNRESOLVED,ALL5_LEVELS_bet23_to_bet27,6.7506,6.7506,6.7506,8.4383,8.4383,4.000000,4.000000,4.000000,5.000000,5.000000,96.000000,96.000000,96.000000,95.000000,95.000000,5.0,37.1285,34.0107,131.6376,134.7554,PENDING_AG03,FALSE,NOT_FOR_ENFORCEMENT,162.0155,234591.6392,168.7661,162.0155,6.7506,0.00062781,0.00060270,6.7506,162.0155,0.00060270,6.7506,6.7506,6.7506,8.4383,8.4383,162.0155,0.00060270,37.1285,34.0107,131.6376,134.7554,0.00048969,0.00050129,0.00002511,43.0246,43.5591,0.0301,2.0581,0.0627,3278.2661,68.4146,17.6798,46.9397,25.7155,39.4976,52.6635,77.1466,82.2897,128.5777,31.4111,0.0,2.083411,3.25533,1.089297,30,192,222,8,0.05498276,0.00062781,0.08642944,0E-8,0.000000,0.909041,0.000000,-0.09079372,2026-03-23,2026-08-06,82,2690,1181,137,0.598540,0.376650,0.410924,0.183276,,,,,,,,GLOBAL_BASELINE_NO_ENTITY_RANKING,,,NOT_APPLICABLE_GLOBAL_BASELINE,HF9g-P5,,,,X 全窗基线 · 不参与实体赏罚,6877055,688,A168_HF9F_20260827_0900,2026-08-27 09:00:00
2026-04-01,70460261,526,0,136.1149647933,62.8222914431,62.8222914431,0.6666667,3,3,0.49324550000000000,0.493245500000,0.6008033672792107,0.6008033672792106,0.6008033672792107,0E-17,ELIGIBLE,R03b_20260811_FULL_v1,L1_ELIGIBILITY,v2026-08-11,2026-03-21..2026-08-06,baccarat_bet02_101_all_pairs_incl_sentinel,round_win = game_pnl > 0 (decisive only),COMPATIBILITY_ONLY_NOT_PRODUCTION,268817.8208,244366.2908,168.7661,6248,5610,-0.00062781,-0.08642944,0.00436428,-0.00062781,-168.7661,268817.8208,OK,0.0000,6.7506,4.0000,96.0000,AG03-UNRESOLVED,ALL5_LEVELS_bet23_to_bet27,6.7506,6.7506,6.7506,8.4383,8.4383,4.000000,4.000000,4.000000,5.000000,5.000000,96.000000,96.000000,96.000000,95.000000,95.000000,5.0,37.1285,34.0107,131.6376,134.7554,PENDING_AG03,FALSE,NOT_FOR_ENFORCEMENT,162.0155,234591.6392,168.7661,162.0155,6.7506,0.00062781,0.00060270,6.7506,162.0155,0.00060270,6.7506,6.7506,6.7506,8.4383,8.4383,162.0155,0.00060270,37.1285,34.0107,131.6376,134.7554,0.00048969,0.00050129,0.00002511,43.0246,43.5591,0.0301,2.0581,0.0627,3278.2661,68.4146,17.6798,46.9397,25.7155,39.4976,52.6635,77.1466,82.2897,128.5777,31.4111,0.0,2.083411,3.25533,1.089297,30,192,222,8,0.05498276,0.00062781,0.08642944,0E-8,0.000000,0.909041,0.000000,-0.09079372,2026-03-23,2026-08-06,82,2690,1181,137,0.598540,0.376650,0.410924,0.183276,,,,,,,,GLOBAL_BASELINE_NO_ENTITY_RANKING,,,NOT_APPLICABLE_GLOBAL_BASELINE,HF9g-P5,,,,X 全窗基线 · 不参与实体赏罚,6877056,688,A168_HF9F_20260827_0900,2026-08-27 09:00:00
2026-04-01,70460261,550,0,167.7878700626,-2.6175954768,-2.6175954768,0.5000000,3,3,0.50218230000000000,0.502182300000,-0.00617253530718887,-0.00617253530718887,-0.00617253530718887,0E-17,ELIGIBLE,R03b_20260811_FULL_v1,L1_ELIGIBILITY,v2026-08-11,2026-03-21..2026-08-06,baccarat_bet02_101_all_pairs_incl_sentinel,round_win = game_pnl > 0 (decisive only),COMPATIBILITY_ONLY_NOT_PRODUCTION,268817.8208,244366.2908,168.7661,6248,5610,-0.00062781,-0.08642944,0.00436428,-0.00062781,-168.7661,268817.8208,OK,0.0000,6.7506,4.0000,96.0000,AG03-UNRESOLVED,ALL5_LEVELS_bet23_to_bet27,6.7506,6.7506,6.7506,8.4383,8.4383,4.000000,4.000000,4.000000,5.000000,5.000000,96.000000,96.000000,96.000000,95.000000,95.000000,5.0,37.1285,34.0107,131.6376,134.7554,PENDING_AG03,FALSE,NOT_FOR_ENFORCEMENT,162.0155,234591.6392,168.7661,162.0155,6.7506,0.00062781,0.00060270,6.7506,162.0155,0.00060270,6.7506,6.7506,6.7506,8.4383,8.4383,162.0155,0.00060270,37.1285,34.0107,131.6376,134.7554,0.00048969,0.00050129,0.00002511,43.0246,43.5591,0.0301,2.0581,0.0627,3278.2661,68.4146,17.6798,46.9397,25.7155,39.4976,52.6635,77.1466,82.2897,128.5777,31.4111,0.0,2.083411,3.25533,1.089297,30,192,222,8,0.05498276,0.00062781,0.08642944,0E-8,0.000000,0.909041,0.000000,-0.09079372,2026-03-23,2026-08-06,82,2690,1181,137,0.598540,0.376650,0.410924,0.183276,,,,,,,,GLOBAL_BASELINE_NO_ENTITY_RANKING,,,NOT_APPLICABLE_GLOBAL_BASELINE,HF9g-P5,,,,X 全窗基线 · 不参与实体赏罚,6877057,688,A168_HF9F_20260827_0900,2026-08-27 09:00:00
2026-04-01,70460261,752,0,26.1759547680,24.8671570296,24.8671570296,1.0000000,1,1,0.50665070000000000,0.506650700000,0.9867858985152569,0.9867858985152569,0.9867858985152569,0E-17,ELIGIBLE,R03b_20260811_FULL_v1,L1_ELIGIBILITY,v2026-08-11,2026-03-21..2026-08-06,baccarat_bet02_101_all_pairs_incl_sentinel,round_win = game_pnl > 0 (decisive only),COMPATIBILITY_ONLY_NOT_PRODUCTION,268817.8208,244366.2908,168.7661,6248,5610,-0.00062781,-0.08642944,0.00436428,-0.00062781,-168.7661,268817.8208,OK,0.0000,6.7506,4.0000,96.0000,AG03-UNRESOLVED,ALL5_LEVELS_bet23_to_bet27,6.7506,6.7506,6.7506,8.4383,8.4383,4.000000,4.000000,4.000000,5.000000,5.000000,96.000000,96.000000,96.000000,95.000000,95.000000,5.0,37.1285,34.0107,131.6376,134.7554,PENDING_AG03,FALSE,NOT_FOR_ENFORCEMENT,162.0155,234591.6392,168.7661,162.0155,6.7506,0.00062781,0.00060270,6.7506,162.0155,0.00060270,6.7506,6.7506,6.7506,8.4383,8.4383,162.0155,0.00060270,37.1285,34.0107,131.6376,134.7554,0.00048969,0.00050129,0.00002511,43.0246,43.5591,0.0301,2.0581,0.0627,3278.2661,68.4146,17.6798,46.9397,25.7155,39.4976,52.6635,77.1466,82.2897,128.5777,31.4111,0.0,2.083411,3.25533,1.089297,30,192,222,8,0.05498276,0.00062781,0.08642944,0E-8,0.000000,0.909041,0.000000,-0.09079372,2026-03-23,2026-08-06,82,2690,1181,137,0.598540,0.376650,0.410924,0.183276,,,,,,,,GLOBAL_BASELINE_NO_ENTITY_RANKING,,,NOT_APPLICABLE_GLOBAL_BASELINE,HF9g-P5,,,,X 全窗基线 · 不参与实体赏罚,6877058,688,A168_HF9F_20260827_0900,2026-08-27 09:00:00
2026-04-01,70460261,948,0,78.5278643039,23.5583592911,23.5583592911,0.5000000,2,2,0.50665070000000000,0.506650700000,-0.018812684590367487,-0.018812684590367487,-0.018812684590367487,0E-17,ELIGIBLE,R03b_20260811_FULL_v1,L1_ELIGIBILITY,v2026-08-11,2026-03-21..2026-08-06,baccarat_bet02_101_all_pairs_incl_sentinel,round_win = game_pnl > 0 (decisive only),COMPATIBILITY_ONLY_NOT_PRODUCTION,268817.8208,244366.2908,168.7661,6248,5610,-0.00062781,-0.08642944,0.00436428,-0.00062781,-168.7661,268817.8208,OK,0.0000,6.7506,4.0000,96.0000,AG03-UNRESOLVED,ALL5_LEVELS_bet23_to_bet27,6.7506,6.7506,6.7506,8.4383,8.4383,4.000000,4.000000,4.000000,5.000000,5.000000,96.000000,96.000000,96.000000,95.000000,95.000000,5.0,37.1285,34.0107,131.6376,134.7554,PENDING_AG03,FALSE,NOT_FOR_ENFORCEMENT,162.0155,234591.6392,168.7661,162.0155,6.7506,0.00062781,0.00060270,6.7506,162.0155,0.00060270,6.7506,6.7506,6.7506,8.4383,8.4383,162.0155,0.00060270,37.1285,34.0107,131.6376,134.7554,0.00048969,0.00050129,0.00002511,43.0246,43.5591,0.0301,2.0581,0.0627,3278.2661,68.4146,17.6798,46.9397,25.7155,39.4976,52.6635,77.1466,82.2897,128.5777,31.4111,0.0,2.083411,3.25533,1.089297,30,192,222,8,0.05498276,0.00062781,0.08642944,0E-8,0.000000,0.909041,0.000000,-0.09079372,2026-03-23,2026-08-06,82,2690,1181,137,0.598540,0.376650,0.410924,0.183276,,,,,,,,GLOBAL_BASELINE_NO_ENTITY_RANKING,,,NOT_APPLICABLE_GLOBAL_BASELINE,HF9g-P5,,,,X 全窗基线 · 不参与实体赏罚,6877059,688,A168_HF9F_20260827_0900,2026-08-27 09:00:00
2026-04-02,70460261,-1,1,1562.9662591949,-103.2772295370,-103.2772295370,0.4347826,26,24,0.49989913046736424,0.487213429167,-0.6245757483122067,-0.5030632881897291,-0.6245757483122067,0.01268570130036424,SENTINEL_DEALER,R03b_20260811_FULL_v1,L1_ELIGIBILITY,v2026-08-11,2026-03-21..2026-08-06,baccarat_bet02_101_all_pairs_incl_sentinel,round_win = game_pnl > 0 (decisive only),COMPATIBILITY_ONLY_NOT_PRODUCTION,268817.8208,244366.2908,168.7661,6248,5610,-0.00062781,-0.08642944,0.00436428,-0.00062781,-168.7661,268817.8208,OK,0.0000,6.7506,4.0000,96.0000,AG03-UNRESOLVED,ALL5_LEVELS_bet23_to_bet27,6.7506,6.7506,6.7506,8.4383,8.4383,4.000000,4.000000,4.000000,5.000000,5.000000,96.000000,96.000000,96.000000,95.000000,95.000000,5.0,37.1285,34.0107,131.6376,134.7554,PENDING_AG03,FALSE,NOT_FOR_ENFORCEMENT,162.0155,234591.6392,168.7661,162.0155,6.7506,0.00062781,0.00060270,6.7506,162.0155,0.00060270,6.7506,6.7506,6.7506,8.4383,8.4383,162.0155,0.00060270,37.1285,34.0107,131.6376,134.7554,0.00048969,0.00050129,0.00002511,43.0246,43.5591,0.0301,2.0581,0.0627,3278.2661,68.4146,17.6798,46.9397,25.7155,39.4976,52.6635,77.1466,82.2897,128.5777,31.4111,0.0,2.083411,3.25533,1.089297,30,192,222,8,0.05498276,0.00062781,0.08642944,0E-8,0.000000,0.909041,0.000000,-0.09079372,2026-03-23,2026-08-06,82,2690,1181,137,0.598540,0.376650,0.410924,0.183276,,,,,,,,GLOBAL_BASELINE_NO_ENTITY_RANKING,,,NOT_APPLICABLE_GLOBAL_BASELINE,HF9g-P5,,,,X 全窗基线 · 不参与实体赏罚,6877060,688,A168_HF9F_20260827_0900,2026-08-27 09:00:00
2026-04-02,70460261,1017,0,103.6567808811,-103.6567808811,-103.6567808811,0E-7,1,1,0.50665070000000000,0.506650700000,-1.013391052207602,-1.013391052207602,-1.013391052207602,0E-17,ELIGIBLE,R03b_20260811_FULL_v1,L1_ELIGIBILITY,v2026-08-11,2026-03-21..2026-08-06,baccarat_bet02_101_all_pairs_incl_sentinel,round_win = game_pnl > 0 (decisive only),COMPATIBILITY_ONLY_NOT_PRODUCTION,268817.8208,244366.2908,168.7661,6248,5610,-0.00062781,-0.08642944,0.00436428,-0.00062781,-168.7661,268817.8208,OK,0.0000,6.7506,4.0000,96.0000,AG03-UNRESOLVED,ALL5_LEVELS_bet23_to_bet27,6.7506,6.7506,6.7506,8.4383,8.4383,4.000000,4.000000,4.000000,5.000000,5.000000,96.000000,96.000000,96.000000,95.000000,95.000000,5.0,37.1285,34.0107,131.6376,134.7554,PENDING_AG03,FALSE,NOT_FOR_ENFORCEMENT,162.0155,234591.6392,168.7661,162.0155,6.7506,0.00062781,0.00060270,6.7506,162.0155,0.00060270,6.7506,6.7506,6.7506,8.4383,8.4383,162.0155,0.00060270,37.1285,34.0107,131.6376,134.7554,0.00048969,0.00050129,0.00002511,43.0246,43.5591,0.0301,2.0581,0.0627,3278.2661,68.4146,17.6798,46.9397,25.7155,39.4976,52.6635,77.1466,82.2897,128.5777,31.4111,0.0,2.083411,3.25533,1.089297,30,192,222,8,0.05498276,0.00062781,0.08642944,0E-8,0.000000,0.909041,0.000000,-0.09079372,2026-03-23,2026-08-06,82,2690,1181,137,0.598540,0.376650,0.410924,0.183276,,,,,,,,GLOBAL_BASELINE_NO_ENTITY_RANKING,,,NOT_APPLICABLE_GLOBAL_BASELINE,HF9g-P5,,,,X 全窗基线 · 不参与实体赏罚,6877061,688,A168_HF9F_20260827_0900,2026-08-27 09:00:00
2026-04-02,70460261,1094,0,52.3519095359,-52.3519095359,-52.3519095359,0E-7,1,1,0.49324550000000000,0.493245500000,-0.9865810262130424,-0.9865810262130424,-0.9865810262130424,0E-17,ELIGIBLE,R03b_20260811_FULL_v1,L1_ELIGIBILITY,v2026-08-11,2026-03-21..2026-08-06,baccarat_bet02_101_all_pairs_incl_sentinel,round_win = game_pnl > 0 (decisive only),COMPATIBILITY_ONLY_NOT_PRODUCTION,268817.8208,244366.2908,168.7661,6248,5610,-0.00062781,-0.08642944,0.00436428,-0.00062781,-168.7661,268817.8208,OK,0.0000,6.7506,4.0000,96.0000,AG03-UNRESOLVED,ALL5_LEVELS_bet23_to_bet27,6.7506,6.7506,6.7506,8.4383,8.4383,4.000000,4.000000,4.000000,5.000000,5.000000,96.000000,96.000000,96.000000,95.000000,95.000000,5.0,37.1285,34.0107,131.6376,134.7554,PENDING_AG03,FALSE,NOT_FOR_ENFORCEMENT,162.0155,234591.6392,168.7661,162.0155,6.7506,0.00062781,0.00060270,6.7506,162.0155,0.00060270,6.7506,6.7506,6.7506,8.4383,8.4383,162.0155,0.00060270,37.1285,34.0107,131.6376,134.7554,0.00048969,0.00050129,0.00002511,43.0246,43.5591,0.0301,2.0581,0.0627,3278.2661,68.4146,17.6798,46.9397,25.7155,39.4976,52.6635,77.1466,82.2897,128.5777,31.4111,0.0,2.083411,3.25533,1.089297,30,192,222,8,0.05498276,0.00062781,0.08642944,0E-8,0.000000,0.909041,0.000000,-0.09079372,2026-03-23,2026-08-06,82,2690,1181,137,0.598540,0.376650,0.410924,0.183276,,,,,,,,GLOBAL_BASELINE_NO_ENTITY_RANKING,,,NOT_APPLICABLE_GLOBAL_BASELINE,HF9g-P5,,,,X 全窗基线 · 不参与实体赏罚,6877062,688,A168_HF9F_20260827_0900,2026-08-27 09:00:00
2026-04-02,70460261,1151,0,78.5278643039,74.6014710887,74.6014710887,1.0000000,1,1,0.50665070000000000,0.506650700000,0.9867858985152569,0.9867858985152569,0.9867858985152569,0E-17,ELIGIBLE,R03b_20260811_FULL_v1,L1_ELIGIBILITY,v2026-08-11,2026-03-21..2026-08-06,baccarat_bet02_101_all_pairs_incl_sentinel,round_win = game_pnl > 0 (decisive only),COMPATIBILITY_ONLY_NOT_PRODUCTION,268817.8208,244366.2908,168.7661,6248,5610,-0.00062781,-0.08642944,0.00436428,-0.00062781,-168.7661,268817.8208,OK,0.0000,6.7506,4.0000,96.0000,AG03-UNRESOLVED,ALL5_LEVELS_bet23_to_bet27,6.7506,6.7506,6.7506,8.4383,8.4383,4.000000,4.000000,4.000000,5.000000,5.000000,96.000000,96.000000,96.000000,95.000000,95.000000,5.0,37.1285,34.0107,131.6376,134.7554,PENDING_AG03,FALSE,NOT_FOR_ENFORCEMENT,162.0155,234591.6392,168.7661,162.0155,6.7506,0.00062781,0.00060270,6.7506,162.0155,0.00060270,6.7506,6.7506,6.7506,8.4383,8.4383,162.0155,0.00060270,37.1285,34.0107,131.6376,134.7554,0.00048969,0.00050129,0.00002511,43.0246,43.5591,0.0301,2.0581,0.0627,3278.2661,68.4146,17.6798,46.9397,25.7155,39.4976,52.6635,77.1466,82.2897,128.5777,31.4111,0.0,2.083411,3.25533,1.089297,30,192,222,8,0.05498276,0.00062781,0.08642944,0E-8,0.000000,0.909041,0.000000,-0.09079372,2026-03-23,2026-08-06,82,2690,1181,137,0.598540,0.376650,0.410924,0.183276,,,,,,,,GLOBAL_BASELINE_NO_ENTITY_RANKING,,,NOT_APPLICABLE_GLOBAL_BASELINE,HF9g-P5,,,,X 全窗基线 · 不参与实体赏罚,6877063,688,A168_HF9F_20260827_0900,2026-08-27 09:00:00
2026-04-02,70460261,1205,0,52.3519095359,-52.3519095359,-52.3519095359,0E-7,1,1,0.50665070000000000,0.506650700000,-1.013391052207602,-1.013391052207602,-1.013391052207602,0E-17,ELIGIBLE,R03b_20260811_FULL_v1,L1_ELIGIBILITY,v2026-08-11,2026-03-21..2026-08-06,baccarat_bet02_101_all_pairs_incl_sentinel,round_win = game_pnl > 0 (decisive only),COMPATIBILITY_ONLY_NOT_PRODUCTION,268817.8208,244366.2908,168.7661,6248,5610,-0.00062781,-0.08642944,0.00436428,-0.00062781,-168.7661,268817.8208,OK,0.0000,6.7506,4.0000,96.0000,AG03-UNRESOLVED,ALL5_LEVELS_bet23_to_bet27,6.7506,6.7506,6.7506,8.4383,8.4383,4.000000,4.000000,4.000000,5.000000,5.000000,96.000000,96.000000,96.000000,95.000000,95.000000,5.0,37.1285,34.0107,131.6376,134.7554,PENDING_AG03,FALSE,NOT_FOR_ENFORCEMENT,162.0155,234591.6392,168.7661,162.0155,6.7506,0.00062781,0.00060270,6.7506,162.0155,0.00060270,6.7506,6.7506,6.7506,8.4383,8.4383,162.0155,0.00060270,37.1285,34.0107,131.6376,134.7554,0.00048969,0.00050129,0.00002511,43.0246,43.5591,0.0301,2.0581,0.0627,3278.2661,68.4146,17.6798,46.9397,25.7155,39.4976,52.6635,77.1466,82.2897,128.5777,31.4111,0.0,2.083411,3.25533,1.089297,30,192,222,8,0.05498276,0.00062781,0.08642944,0E-8,0.000000,0.909041,0.000000,-0.09079372,2026-03-23,2026-08-06,82,2690,1181,137,0.598540,0.376650,0.410924,0.183276,,,,,,,,GLOBAL_BASELINE_NO_ENTITY_RANKING,,,NOT_APPLICABLE_GLOBAL_BASELINE,HF9g-P5,,,,X 全窗基线 · 不参与实体赏罚,6877064,688,A168_HF9F_20260827_0900,2026-08-27 09:00:00
2026-04-02,70460261,1210,0,52.3519095359,-52.3519095359,-52.3519095359,0E-7,1,1,0.50665070000000000,0.506650700000,-1.013391052207602,-1.013391052207602,-1.013391052207602,0E-17,ELIGIBLE,R03b_20260811_FULL_v1,L1_ELIGIBILITY,v2026-08-11,2026-03-21..2026-08-06,baccarat_bet02_101_all_pairs_incl_sentinel,round_win = game_pnl > 0 (decisive only),COMPATIBILITY_ONLY_NOT_PRODUCTION,268817.8208,244366.2908,168.7661,6248,5610,-0.00062781,-0.08642944,0.00436428,-0.00062781,-168.7661,268817.8208,OK,0.0000,6.7506,4.0000,96.0000,AG03-UNRESOLVED,ALL5_LEVELS_bet23_to_bet27,6.7506,6.7506,6.7506,8.4383,8.4383,4.000000,4.000000,4.000000,5.000000,5.000000,96.000000,96.000000,96.000000,95.000000,95.000000,5.0,37.1285,34.0107,131.6376,134.7554,PENDING_AG03,FALSE,NOT_FOR_ENFORCEMENT,162.0155,234591.6392,168.7661,162.0155,6.7506,0.00062781,0.00060270,6.7506,162.0155,0.00060270,6.7506,6.7506,6.7506,8.4383,8.4383,162.0155,0.00060270,37.1285,34.0107,131.6376,134.7554,0.00048969,0.00050129,0.00002511,43.0246,43.5591,0.0301,2.0581,0.0627,3278.2661,68.4146,17.6798,46.9397,25.7155,39.4976,52.6635,77.1466,82.2897,128.5777,31.4111,0.0,2.083411,3.25533,1.089297,30,192,222,8,0.05498276,0.00062781,0.08642944,0E-8,0.000000,0.909041,0.000000,-0.09079372,2026-03-23,2026-08-06,82,2690,1181,137,0.598540,0.376650,0.410924,0.183276,,,,,,,,GLOBAL_BASELINE_NO_ENTITY_RANKING,,,NOT_APPLICABLE_GLOBAL_BASELINE,HF9g-P5,,,,X 全窗基线 · 不参与实体赏罚,6877065,688,A168_HF9F_20260827_0900,2026-08-27 09:00:00
2026-04-02,70460261,1221,0,52.3519095359,-52.3519095359,-52.3519095359,0E-7,1,1,0.49324550000000000,0.493245500000,-0.9865810262130424,-0.9865810262130424,-0.9865810262130424,0E-17,ELIGIBLE,R03b_20260811_FULL_v1,L1_ELIGIBILITY,v2026-08-11,2026-03-21..2026-08-06,baccarat_bet02_101_all_pairs_incl_sentinel,round_win = game_pnl > 0 (decisive only),COMPATIBILITY_ONLY_NOT_PRODUCTION,268817.8208,244366.2908,168.7661,6248,5610,-0.00062781,-0.08642944,0.00436428,-0.00062781,-168.7661,268817.8208,OK,0.0000,6.7506,4.0000,96.0000,AG03-UNRESOLVED,ALL5_LEVELS_bet23_to_bet27,6.7506,6.7506,6.7506,8.4383,8.4383,4.000000,4.000000,4.000000,5.000000,5.000000,96.000000,96.000000,96.000000,95.000000,95.000000,5.0,37.1285,34.0107,131.6376,134.7554,PENDING_AG03,FALSE,NOT_FOR_ENFORCEMENT,162.0155,234591.6392,168.7661,162.0155,6.7506,0.00062781,0.00060270,6.7506,162.0155,0.00060270,6.7506,6.7506,6.7506,8.4383,8.4383,162.0155,0.00060270,37.1285,34.0107,131.6376,134.7554,0.00048969,0.00050129,0.00002511,43.0246,43.5591,0.0301,2.0581,0.0627,3278.2661,68.4146,17.6798,46.9397,25.7155,39.4976,52.6635,77.1466,82.2897,128.5777,31.4111,0.0,2.083411,3.25533,1.089297,30,192,222,8,0.05498276,0.00062781,0.08642944,0E-8,0.000000,0.909041,0.000000,-0.09079372,2026-03-23,2026-08-06,82,2690,1181,137,0.598540,0.376650,0.410924,0.183276,,,,,,,,GLOBAL_BASELINE_NO_ENTITY_RANKING,,,NOT_APPLICABLE_GLOBAL_BASELINE,HF9g-P5,,,,X 全窗基线 · 不参与实体赏罚,6877066,688,A168_HF9F_20260827_0900,2026-08-27 09:00:00
2026-04-02,70460261,1383,0,80.3601811376,76.3421720807,76.3421720807,1.0000000,1,1,0.50665070000000000,0.506650700000,0.9867858985152569,0.9867858985152569,0.9867858985152569,0E-17,ELIGIBLE,R03b_20260811_FULL_v1,L1_ELIGIBILITY,v2026-08-11,2026-03-21..2026-08-06,baccarat_bet02_101_all_pairs_incl_sentinel,round_win = game_pnl > 0 (decisive only),COMPATIBILITY_ONLY_NOT_PRODUCTION,268817.8208,244366.2908,168.7661,6248,5610,-0.00062781,-0.08642944,0.00436428,-0.00062781,-168.7661,268817.8208,OK,0.0000,6.7506,4.0000,96.0000,AG03-UNRESOLVED,ALL5_LEVELS_bet23_to_bet27,6.7506,6.7506,6.7506,8.4383,8.4383,4.000000,4.000000,4.000000,5.000000,5.000000,96.000000,96.000000,96.000000,95.000000,95.000000,5.0,37.1285,34.0107,131.6376,134.7554,PENDING_AG03,FALSE,NOT_FOR_ENFORCEMENT,162.0155,234591.6392,168.7661,162.0155,6.7506,0.00062781,0.00060270,6.7506,162.0155,0.00060270,6.7506,6.7506,6.7506,8.4383,8.4383,162.0155,0.00060270,37.1285,34.0107,131.6376,134.7554,0.00048969,0.00050129,0.00002511,43.0246,43.5591,0.0301,2.0581,0.0627,3278.2661,68.4146,17.6798,46.9397,25.7155,39.4976,52.6635,77.1466,82.2897,128.5777,31.4111,0.0,2.083411,3.25533,1.089297,30,192,222,8,0.05498276,0.00062781,0.08642944,0E-8,0.000000,0.909041,0.000000,-0.09079372,2026-03-23,2026-08-06,82,2690,1181,137,0.598540,0.376650,0.410924,0.183276,,,,,,,,GLOBAL_BASELINE_NO_ENTITY_RANKING,,,NOT_APPLICABLE_GLOBAL_BASELINE,HF9g-P5,,,,X 全窗基线 · 不参与实体赏罚,6877067,688,A168_HF9F_20260827_0900,2026-08-27 09:00:00
2026-04-02,70460261,1401,0,130.8797738398,22.2495615528,22.2495615528,0.5000000,2,2,0.49994810000000000,0.499948100000,0.00014679536856514622,0.00014679536856514622,0.00014679536856514622,0E-17,ELIGIBLE,R03b_20260811_FULL_v1,L1_ELIGIBILITY,v2026-08-11,2026-03-21..2026-08-06,baccarat_bet02_101_all_pairs_incl_sentinel,round_win = game_pnl > 0 (decisive only),COMPATIBILITY_ONLY_NOT_PRODUCTION,268817.8208,244366.2908,168.7661,6248,5610,-0.00062781,-0.08642944,0.00436428,-0.00062781,-168.7661,268817.8208,OK,0.0000,6.7506,4.0000,96.0000,AG03-UNRESOLVED,ALL5_LEVELS_bet23_to_bet27,6.7506,6.7506,6.7506,8.4383,8.4383,4.000000,4.000000,4.000000,5.000000,5.000000,96.000000,96.000000,96.000000,95.000000,95.000000,5.0,37.1285,34.0107,131.6376,134.7554,PENDING_AG03,FALSE,NOT_FOR_ENFORCEMENT,162.0155,234591.6392,168.7661,162.0155,6.7506,0.00062781,0.00060270,6.7506,162.0155,0.00060270,6.7506,6.7506,6.7506,8.4383,8.4383,162.0155,0.00060270,37.1285,34.0107,131.6376,134.7554,0.00048969,0.00050129,0.00002511,43.0246,43.5591,0.0301,2.0581,0.0627,3278.2661,68.4146,17.6798,46.9397,25.7155,39.4976,52.6635,77.1466,82.2897,128.5777,31.4111,0.0,2.083411,3.25533,1.089297,30,192,222,8,0.05498276,0.00062781,0.08642944,0E-8,0.000000,0.909041,0.000000,-0.09079372,2026-03-23,2026-08-06,82,2690,1181,137,0.598540,0.376650,0.410924,0.183276,,,,,,,,GLOBAL_BASELINE_NO_ENTITY_RANKING,,,NOT_APPLICABLE_GLOBAL_BASELINE,HF9g-P5,,,,X 全窗基线 · 不参与实体赏罚,6877068,688,A168_HF9F_20260827_0900,2026-08-27 09:00:00
2026-04-02,70460261,1490,0,123.0269874094,-70.6750778735,-70.6750778735,0E-7,2,2,0.50665070000000000,0.506650700000,-1.013391052207602,-1.013391052207602,-1.013391052207602,0E-17,ELIGIBLE,R03b_20260811_FULL_v1,L1_ELIGIBILITY,v2026-08-11,2026-03-21..2026-08-06,baccarat_bet02_101_all_pairs_incl_sentinel,round_win = game_pnl > 0 (decisive only),COMPATIBILITY_ONLY_NOT_PRODUCTION,268817.8208,244366.2908,168.7661,6248,5610,-0.00062781,-0.08642944,0.00436428,-0.00062781,-168.7661,268817.8208,OK,0.0000,6.7506,4.0000,96.0000,AG03-UNRESOLVED,ALL5_LEVELS_bet23_to_bet27,6.7506,6.7506,6.7506,8.4383,8.4383,4.000000,4.000000,4.000000,5.000000,5.000000,96.000000,96.000000,96.000000,95.000000,95.000000,5.0,37.1285,34.0107,131.6376,134.7554,PENDING_AG03,FALSE,NOT_FOR_ENFORCEMENT,162.0155,234591.6392,168.7661,162.0155,6.7506,0.00062781,0.00060270,6.7506,162.0155,0.00060270,6.7506,6.7506,6.7506,8.4383,8.4383,162.0155,0.00060270,37.1285,34.0107,131.6376,134.7554,0.00048969,0.00050129,0.00002511,43.0246,43.5591,0.0301,2.0581,0.0627,3278.2661,68.4146,17.6798,46.9397,25.7155,39.4976,52.6635,77.1466,82.2897,128.5777,31.4111,0.0,2.083411,3.25533,1.089297,30,192,222,8,0.05498276,0.00062781,0.08642944,0E-8,0.000000,0.909041,0.000000,-0.09079372,2026-03-23,2026-08-06,82,2690,1181,137,0.598540,0.376650,0.410924,0.183276,,,,,,,,GLOBAL_BASELINE_NO_ENTITY_RANKING,,,NOT_APPLICABLE_GLOBAL_BASELINE,HF9g-P5,,,,X 全窗基线 · 不参与实体赏罚,6877069,688,A168_HF9F_20260827_0900,2026-08-27 09:00:00
2026-04-02,70460261,1654,0,107.3214145486,101.9553438212,101.9553438212,1.0000000,2,2,0.50665070000000000,0.506650700000,1.3955260008387969,1.3955260008387969,1.3955260008387969,0E-17,ELIGIBLE,R03b_20260811_FULL_v1,L1_ELIGIBILITY,v2026-08-11,2026-03-21..2026-08-06,baccarat_bet02_101_all_pairs_incl_sentinel,round_win = game_pnl > 0 (decisive only),COMPATIBILITY_ONLY_NOT_PRODUCTION,268817.8208,244366.2908,168.7661,6248,5610,-0.00062781,-0.08642944,0.00436428,-0.00062781,-168.7661,268817.8208,OK,0.0000,6.7506,4.0000,96.0000,AG03-UNRESOLVED,ALL5_LEVELS_bet23_to_bet27,6.7506,6.7506,6.7506,8.4383,8.4383,4.000000,4.000000,4.000000,5.000000,5.000000,96.000000,96.000000,96.000000,95.000000,95.000000,5.0,37.1285,34.0107,131.6376,134.7554,PENDING_AG03,FALSE,NOT_FOR_ENFORCEMENT,162.0155,234591.6392,168.7661,162.0155,6.7506,0.00062781,0.00060270,6.7506,162.0155,0.00060270,6.7506,6.7506,6.7506,8.4383,8.4383,162.0155,0.00060270,37.1285,34.0107,131.6376,134.7554,0.00048969,0.00050129,0.00002511,43.0246,43.5591,0.0301,2.0581,0.0627,3278.2661,68.4146,17.6798,46.9397,25.7155,39.4976,52.6635,77.1466,82.2897,128.5777,31.4111,0.0,2.083411,3.25533,1.089297,30,192,222,8,0.05498276,0.00062781,0.08642944,0E-8,0.000000,0.909041,0.000000,-0.09079372,2026-03-23,2026-08-06,82,2690,1181,137,0.598540,0.376650,0.410924,0.183276,,,,,,,,GLOBAL_BASELINE_NO_ENTITY_RANKING,,,NOT_APPLICABLE_GLOBAL_BASELINE,HF9g-P5,,,,X 全窗基线 · 不参与实体赏罚,6877070,688,A168_HF9F_20260827_0900,2026-08-27 09:00:00
2026-04-02,70460261,2088,0,39.2639321519,-39.2639321519,-39.2639321519,0E-7,1,1,0.50665070000000000,0.506650700000,-1.013391052207602,-1.013391052207602,-1.013391052207602,0E-17,ELIGIBLE,R03b_20260811_FULL_v1,L1_ELIGIBILITY,v2026-08-11,2026-03-21..2026-08-06,baccarat_bet02_101_all_pairs_incl_sentinel,round_win = game_pnl > 0 (decisive only),COMPATIBILITY_ONLY_NOT_PRODUCTION,268817.8208,244366.2908,168.7661,6248,5610,-0.00062781,-0.08642944,0.00436428,-0.00062781,-168.7661,268817.8208,OK,0.0000,6.7506,4.0000,96.0000,AG03-UNRESOLVED,ALL5_LEVELS_bet23_to_bet27,6.7506,6.7506,6.7506,8.4383,8.4383,4.000000,4.000000,4.000000,5.000000,5.000000,96.000000,96.000000,96.000000,95.000000,95.000000,5.0,37.1285,34.0107,131.6376,134.7554,PENDING_AG03,FALSE,NOT_FOR_ENFORCEMENT,162.0155,234591.6392,168.7661,162.0155,6.7506,0.00062781,0.00060270,6.7506,162.0155,0.00060270,6.7506,6.7506,6.7506,8.4383,8.4383,162.0155,0.00060270,37.1285,34.0107,131.6376,134.7554,0.00048969,0.00050129,0.00002511,43.0246,43.5591,0.0301,2.0581,0.0627,3278.2661,68.4146,17.6798,46.9397,25.7155,39.4976,52.6635,77.1466,82.2897,128.5777,31.4111,0.0,2.083411,3.25533,1.089297,30,192,222,8,0.05498276,0.00062781,0.08642944,0E-8,0.000000,0.909041,0.000000,-0.09079372,2026-03-23,2026-08-06,82,2690,1181,137,0.598540,0.376650,0.410924,0.183276,,,,,,,,GLOBAL_BASELINE_NO_ENTITY_RANKING,,,NOT_APPLICABLE_GLOBAL_BASELINE,HF9g-P5,,,,X 全窗基线 · 不参与实体赏罚,6877071,688,A168_HF9F_20260827_0900,2026-08-27 09:00:00
2026-04-02,70460261,2103,0,183.2316833757,-2.6175954768,-2.6175954768,0.5000000,3,3,0.50665070000000000,0.506650700000,-0.018812684590367487,-0.018812684590367487,-0.018812684590367487,0E-17,ELIGIBLE,R03b_20260811_FULL_v1,L1_ELIGIBILITY,v2026-08-11,2026-03-21..2026-08-06,baccarat_bet02_101_all_pairs_incl_sentinel,round_win = game_pnl > 0 (decisive only),COMPATIBILITY_ONLY_NOT_PRODUCTION,268817.8208,244366.2908,168.7661,6248,5610,-0.00062781,-0.08642944,0.00436428,-0.00062781,-168.7661,268817.8208,OK,0.0000,6.7506,4.0000,96.0000,AG03-UNRESOLVED,ALL5_LEVELS_bet23_to_bet27,6.7506,6.7506,6.7506,8.4383,8.4383,4.000000,4.000000,4.000000,5.000000,5.000000,96.000000,96.000000,96.000000,95.000000,95.000000,5.0,37.1285,34.0107,131.6376,134.7554,PENDING_AG03,FALSE,NOT_FOR_ENFORCEMENT,162.0155,234591.6392,168.7661,162.0155,6.7506,0.00062781,0.00060270,6.7506,162.0155,0.00060270,6.7506,6.7506,6.7506,8.4383,8.4383,162.0155,0.00060270,37.1285,34.0107,131.6376,134.7554,0.00048969,0.00050129,0.00002511,43.0246,43.5591,0.0301,2.0581,0.0627,3278.2661,68.4146,17.6798,46.9397,25.7155,39.4976,52.6635,77.1466,82.2897,128.5777,31.4111,0.0,2.083411,3.25533,1.089297,30,192,222,8,0.05498276,0.00062781,0.08642944,0E-8,0.000000,0.909041,0.000000,-0.09079372,2026-03-23,2026-08-06,82,2690,1181,137,0.598540,0.376650,0.410924,0.183276,,,,,,,,GLOBAL_BASELINE_NO_ENTITY_RANKING,,,NOT_APPLICABLE_GLOBAL_BASELINE,HF9g-P5,,,,X 全窗基线 · 不参与实体赏罚,6877072,688,A168_HF9F_20260827_0900,2026-08-27 09:00:00
2026-04-02,70460261,2129,0,52.3519095359,-52.3519095359,-52.3519095359,0E-7,1,1,0.50665070000000000,0.506650700000,-1.013391052207602,-1.013391052207602,-1.013391052207602,0E-17,ELIGIBLE,R03b_20260811_FULL_v1,L1_ELIGIBILITY,v2026-08-11,2026-03-21..2026-08-06,baccarat_bet02_101_all_pairs_incl_sentinel,round_win = game_pnl > 0 (decisive only),COMPATIBILITY_ONLY_NOT_PRODUCTION,268817.8208,244366.2908,168.7661,6248,5610,-0.00062781,-0.08642944,0.00436428,-0.00062781,-168.7661,268817.8208,OK,0.0000,6.7506,4.0000,96.0000,AG03-UNRESOLVED,ALL5_LEVELS_bet23_to_bet27,6.7506,6.7506,6.7506,8.4383,8.4383,4.000000,4.000000,4.000000,5.000000,5.000000,96.000000,96.000000,96.000000,95.000000,95.000000,5.0,37.1285,34.0107,131.6376,134.7554,PENDING_AG03,FALSE,NOT_FOR_ENFORCEMENT,162.0155,234591.6392,168.7661,162.0155,6.7506,0.00062781,0.00060270,6.7506,162.0155,0.00060270,6.7506,6.7506,6.7506,8.4383,8.4383,162.0155,0.00060270,37.1285,34.0107,131.6376,134.7554,0.00048969,0.00050129,0.00002511,43.0246,43.5591,0.0301,2.0581,0.0627,3278.2661,68.4146,17.6798,46.9397,25.7155,39.4976,52.6635,77.1466,82.2897,128.5777,31.4111,0.0,2.083411,3.25533,1.089297,30,192,222,8,0.05498276,0.00062781,0.08642944,0E-8,0.000000,0.909041,0.000000,-0.09079372,2026-03-23,2026-08-06,82,2690,1181,137,0.598540,0.376650,0.410924,0.183276,,,,,,,,GLOBAL_BASELINE_NO_ENTITY_RANKING,,,NOT_APPLICABLE_GLOBAL_BASELINE,HF9g-P5,,,,X 全窗基线 · 不参与实体赏罚,6877073,688,A168_HF9F_20260827_0900,2026-08-27 09:00:00
2026-04-02,70460261,2196,0,146.0618276052,-14.3705991677,-14.3705991677,0.5000000,2,2,0.50665070000000000,0.506650700000,-0.018812684590367487,-0.018812684590367487,-0.018812684590367487,0E-17,ELIGIBLE,R03b_20260811_FULL_v1,L1_ELIGIBILITY,v2026-08-11,2026-03-21..2026-08-06,baccarat_bet02_101_all_pairs_incl_sentinel,round_win = game_pnl > 0 (decisive only),COMPATIBILITY_ONLY_NOT_PRODUCTION,268817.8208,244366.2908,168.7661,6248,5610,-0.00062781,-0.08642944,0.00436428,-0.00062781,-168.7661,268817.8208,OK,0.0000,6.7506,4.0000,96.0000,AG03-UNRESOLVED,ALL5_LEVELS_bet23_to_bet27,6.7506,6.7506,6.7506,8.4383,8.4383,4.000000,4.000000,4.000000,5.000000,5.000000,96.000000,96.000000,96.000000,95.000000,95.000000,5.0,37.1285,34.0107,131.6376,134.7554,PENDING_AG03,FALSE,NOT_FOR_ENFORCEMENT,162.0155,234591.6392,168.7661,162.0155,6.7506,0.00062781,0.00060270,6.7506,162.0155,0.00060270,6.7506,6.7506,6.7506,8.4383,8.4383,162.0155,0.00060270,37.1285,34.0107,131.6376,134.7554,0.00048969,0.00050129,0.00002511,43.0246,43.5591,0.0301,2.0581,0.0627,3278.2661,68.4146,17.6798,46.9397,25.7155,39.4976,52.6635,77.1466,82.2897,128.5777,31.4111,0.0,2.083411,3.25533,1.089297,30,192,222,8,0.05498276,0.00062781,0.08642944,0E-8,0.000000,0.909041,0.000000,-0.09079372,2026-03-23,2026-08-06,82,2690,1181,137,0.598540,0.376650,0.410924,0.183276,,,,,,,,GLOBAL_BASELINE_NO_ENTITY_RANKING,,,NOT_APPLICABLE_GLOBAL_BASELINE,HF9g-P5,,,,X 全窗基线 · 不参与实体赏罚,6877074,688,A168_HF9F_20260827_0900,2026-08-27 09:00:00
2026-04-02,70460261,2201,0,132.7120906736,75.0333743423,75.0333743423,0.5000000,2,2,0.50665070000000000,0.506650700000,-0.018812684590367487,-0.018812684590367487,-0.018812684590367487,0E-17,ELIGIBLE,R03b_20260811_FULL_v1,L1_ELIGIBILITY,v2026-08-11,2026-03-21..2026-08-06,baccarat_bet02_101_all_pairs_incl_sentinel,round_win = game_pnl > 0 (decisive only),COMPATIBILITY_ONLY_NOT_PRODUCTION,268817.8208,244366.2908,168.7661,6248,5610,-0.00062781,-0.08642944,0.00436428,-0.00062781,-168.7661,268817.8208,OK,0.0000,6.7506,4.0000,96.0000,AG03-UNRESOLVED,ALL5_LEVELS_bet23_to_bet27,6.7506,6.7506,6.7506,8.4383,8.4383,4.000000,4.000000,4.000000,5.000000,5.000000,96.000000,96.000000,96.000000,95.000000,95.000000,5.0,37.1285,34.0107,131.6376,134.7554,PENDING_AG03,FALSE,NOT_FOR_ENFORCEMENT,162.0155,234591.6392,168.7661,162.0155,6.7506,0.00062781,0.00060270,6.7506,162.0155,0.00060270,6.7506,6.7506,6.7506,8.4383,8.4383,162.0155,0.00060270,37.1285,34.0107,131.6376,134.7554,0.00048969,0.00050129,0.00002511,43.0246,43.5591,0.0301,2.0581,0.0627,3278.2661,68.4146,17.6798,46.9397,25.7155,39.4976,52.6635,77.1466,82.2897,128.5777,31.4111,0.0,2.083411,3.25533,1.089297,30,192,222,8,0.05498276,0.00062781,0.08642944,0E-8,0.000000,0.909041,0.000000,-0.09079372,2026-03-23,2026-08-06,82,2690,1181,137,0.598540,0.376650,0.410924,0.183276,,,,,,,,GLOBAL_BASELINE_NO_ENTITY_RANKING,,,NOT_APPLICABLE_GLOBAL_BASELINE,HF9g-P5,,,,X 全窗基线 · 不参与实体赏罚,6877075,688,A168_HF9F_20260827_0900,2026-08-27 09:00:00
2026-04-02,70460261,2212,0,206.7900426668,7.5910268827,7.5910268827,0.5000000,4,4,0.50665070000000000,0.506650700000,-0.02660515369234503,-0.02660515369234503,-0.02660515369234503,0E-17,ELIGIBLE,R03b_20260811_FULL_v1,L1_ELIGIBILITY,v2026-08-11,2026-03-21..2026-08-06,baccarat_bet02_101_all_pairs_incl_sentinel,round_win = game_pnl > 0 (decisive only),COMPATIBILITY_ONLY_NOT_PRODUCTION,268817.8208,244366.2908,168.7661,6248,5610,-0.00062781,-0.08642944,0.00436428,-0.00062781,-168.7661,268817.8208,OK,0.0000,6.7506,4.0000,96.0000,AG03-UNRESOLVED,ALL5_LEVELS_bet23_to_bet27,6.7506,6.7506,6.7506,8.4383,8.4383,4.000000,4.000000,4.000000,5.000000,5.000000,96.000000,96.000000,96.000000,95.000000,95.000000,5.0,37.1285,34.0107,131.6376,134.7554,PENDING_AG03,FALSE,NOT_FOR_ENFORCEMENT,162.0155,234591.6392,168.7661,162.0155,6.7506,0.00062781,0.00060270,6.7506,162.0155,0.00060270,6.7506,6.7506,6.7506,8.4383,8.4383,162.0155,0.00060270,37.1285,34.0107,131.6376,134.7554,0.00048969,0.00050129,0.00002511,43.0246,43.5591,0.0301,2.0581,0.0627,3278.2661,68.4146,17.6798,46.9397,25.7155,39.4976,52.6635,77.1466,82.2897,128.5777,31.4111,0.0,2.083411,3.25533,1.089297,30,192,222,8,0.05498276,0.00062781,0.08642944,0E-8,0.000000,0.909041,0.000000,-0.09079372,2026-03-23,2026-08-06,82,2690,1181,137,0.598540,0.376650,0.410924,0.183276,,,,,,,,GLOBAL_BASELINE_NO_ENTITY_RANKING,,,NOT_APPLICABLE_GLOBAL_BASELINE,HF9g-P5,,,,X 全窗基线 · 不参与实体赏罚,6877076,688,A168_HF9F_20260827_0900,2026-08-27 09:00:00
2026-04-02,70460261,2220,0,53.1371881789,50.4803287700,50.4803287700,1.0000000,1,1,0.50665070000000000,0.506650700000,0.9867858985152569,0.9867858985152569,0.9867858985152569,0E-17,ELIGIBLE,R03b_20260811_FULL_v1,L1_ELIGIBILITY,v2026-08-11,2026-03-21..2026-08-06,baccarat_bet02_101_all_pairs_incl_sentinel,round_win = game_pnl > 0 (decisive only),COMPATIBILITY_ONLY_NOT_PRODUCTION,268817.8208,244366.2908,168.7661,6248,5610,-0.00062781,-0.08642944,0.00436428,-0.00062781,-168.7661,268817.8208,OK,0.0000,6.7506,4.0000,96.0000,AG03-UNRESOLVED,ALL5_LEVELS_bet23_to_bet27,6.7506,6.7506,6.7506,8.4383,8.4383,4.000000,4.000000,4.000000,5.000000,5.000000,96.000000,96.000000,96.000000,95.000000,95.000000,5.0,37.1285,34.0107,131.6376,134.7554,PENDING_AG03,FALSE,NOT_FOR_ENFORCEMENT,162.0155,234591.6392,168.7661,162.0155,6.7506,0.00062781,0.00060270,6.7506,162.0155,0.00060270,6.7506,6.7506,6.7506,8.4383,8.4383,162.0155,0.00060270,37.1285,34.0107,131.6376,134.7554,0.00048969,0.00050129,0.00002511,43.0246,43.5591,0.0301,2.0581,0.0627,3278.2661,68.4146,17.6798,46.9397,25.7155,39.4976,52.6635,77.1466,82.2897,128.5777,31.4111,0.0,2.083411,3.25533,1.089297,30,192,222,8,0.05498276,0.00062781,0.08642944,0E-8,0.000000,0.909041,0.000000,-0.09079372,2026-03-23,2026-08-06,82,2690,1181,137,0.598540,0.376650,0.410924,0.183276,,,,,,,,GLOBAL_BASELINE_NO_ENTITY_RANKING,,,NOT_APPLICABLE_GLOBAL_BASELINE,HF9g-P5,,,,X 全窗基线 · 不参与实体赏罚,6877077,688,A168_HF9F_20260827_0900,2026-08-27 09:00:00
2026-04-02,70460261,2224,0,180.6140878989,18.4540481114,18.4540481114,0.5000000,4,4,0.50665070000000000,0.506650700000,-0.02660515369234503,-0.02660515369234503,-0.02660515369234503,0E-17,ELIGIBLE,R03b_20260811_FULL_v1,L1_ELIGIBILITY,v2026-08-11,2026-03-21..2026-08-06,baccarat_bet02_101_all_pairs_incl_sentinel,round_win = game_pnl > 0 (decisive only),COMPATIBILITY_ONLY_NOT_PRODUCTION,268817.8208,244366.2908,168.7661,6248,5610,-0.00062781,-0.08642944,0.00436428,-0.00062781,-168.7661,268817.8208,OK,0.0000,6.7506,4.0000,96.0000,AG03-UNRESOLVED,ALL5_LEVELS_bet23_to_bet27,6.7506,6.7506,6.7506,8.4383,8.4383,4.000000,4.000000,4.000000,5.000000,5.000000,96.000000,96.000000,96.000000,95.000000,95.000000,5.0,37.1285,34.0107,131.6376,134.7554,PENDING_AG03,FALSE,NOT_FOR_ENFORCEMENT,162.0155,234591.6392,168.7661,162.0155,6.7506,0.00062781,0.00060270,6.7506,162.0155,0.00060270,6.7506,6.7506,6.7506,8.4383,8.4383,162.0155,0.00060270,37.1285,34.0107,131.6376,134.7554,0.00048969,0.00050129,0.00002511,43.0246,43.5591,0.0301,2.0581,0.0627,3278.2661,68.4146,17.6798,46.9397,25.7155,39.4976,52.6635,77.1466,82.2897,128.5777,31.4111,0.0,2.083411,3.25533,1.089297,30,192,222,8,0.05498276,0.00062781,0.08642944,0E-8,0.000000,0.909041,0.000000,-0.09079372,2026-03-23,2026-08-06,82,2690,1181,137,0.598540,0.376650,0.410924,0.183276,,,,,,,,GLOBAL_BASELINE_NO_ENTITY_RANKING,,,NOT_APPLICABLE_GLOBAL_BASELINE,HF9g-P5,,,,X 全窗基线 · 不参与实体赏罚,6877078,688,A168_HF9F_20260827_0900,2026-08-27 09:00:00
2026-04-02,70460261,2234,0,171.9760228254,-171.9760228254,-171.9760228254,0E-7,2,2,0.50665070000000000,0.506650700000,-1.4331513700195317,-1.4331513700195317,-1.4331513700195317,0E-17,ELIGIBLE,R03b_20260811_FULL_v1,L1_ELIGIBILITY,v2026-08-11,2026-03-21..2026-08-06,baccarat_bet02_101_all_pairs_incl_sentinel,round_win = game_pnl > 0 (decisive only),COMPATIBILITY_ONLY_NOT_PRODUCTION,268817.8208,244366.2908,168.7661,6248,5610,-0.00062781,-0.08642944,0.00436428,-0.00062781,-168.7661,268817.8208,OK,0.0000,6.7506,4.0000,96.0000,AG03-UNRESOLVED,ALL5_LEVELS_bet23_to_bet27,6.7506,6.7506,6.7506,8.4383,8.4383,4.000000,4.000000,4.000000,5.000000,5.000000,96.000000,96.000000,96.000000,95.000000,95.000000,5.0,37.1285,34.0107,131.6376,134.7554,PENDING_AG03,FALSE,NOT_FOR_ENFORCEMENT,162.0155,234591.6392,168.7661,162.0155,6.7506,0.00062781,0.00060270,6.7506,162.0155,0.00060270,6.7506,6.7506,6.7506,8.4383,8.4383,162.0155,0.00060270,37.1285,34.0107,131.6376,134.7554,0.00048969,0.00050129,0.00002511,43.0246,43.5591,0.0301,2.0581,0.0627,3278.2661,68.4146,17.6798,46.9397,25.7155,39.4976,52.6635,77.1466,82.2897,128.5777,31.4111,0.0,2.083411,3.25533,1.089297,30,192,222,8,0.05498276,0.00062781,0.08642944,0E-8,0.000000,0.909041,0.000000,-0.09079372,2026-03-23,2026-08-06,82,2690,1181,137,0.598540,0.376650,0.410924,0.183276,,,,,,,,GLOBAL_BASELINE_NO_ENTITY_RANKING,,,NOT_APPLICABLE_GLOBAL_BASELINE,HF9g-P5,,,,X 全窗基线 · 不参与实体赏罚,6877079,688,A168_HF9F_20260827_0900,2026-08-27 09:00:00
2026-04-02,70460261,2246,0,84.2865743528,-58.1106195848,-58.1106195848,0E-7,3,3,0.50665070000000000,0.506650700000,-1.4331513700195317,-1.4331513700195317,-1.4331513700195317,0E-17,ELIGIBLE,R03b_20260811_FULL_v1,L1_ELIGIBILITY,v2026-08-11,2026-03-21..2026-08-06,baccarat_bet02_101_all_pairs_incl_sentinel,round_win = game_pnl > 0 (decisive only),COMPATIBILITY_ONLY_NOT_PRODUCTION,268817.8208,244366.2908,168.7661,6248,5610,-0.00062781,-0.08642944,0.00436428,-0.00062781,-168.7661,268817.8208,OK,0.0000,6.7506,4.0000,96.0000,AG03-UNRESOLVED,ALL5_LEVELS_bet23_to_bet27,6.7506,6.7506,6.7506,8.4383,8.4383,4.000000,4.000000,4.000000,5.000000,5.000000,96.000000,96.000000,96.000000,95.000000,95.000000,5.0,37.1285,34.0107,131.6376,134.7554,PENDING_AG03,FALSE,NOT_FOR_ENFORCEMENT,162.0155,234591.6392,168.7661,162.0155,6.7506,0.00062781,0.00060270,6.7506,162.0155,0.00060270,6.7506,6.7506,6.7506,8.4383,8.4383,162.0155,0.00060270,37.1285,34.0107,131.6376,134.7554,0.00048969,0.00050129,0.00002511,43.0246,43.5591,0.0301,2.0581,0.0627,3278.2661,68.4146,17.6798,46.9397,25.7155,39.4976,52.6635,77.1466,82.2897,128.5777,31.4111,0.0,2.083411,3.25533,1.089297,30,192,222,8,0.05498276,0.00062781,0.08642944,0E-8,0.000000,0.909041,0.000000,-0.09079372,2026-03-23,2026-08-06,82,2690,1181,137,0.598540,0.376650,0.410924,0.183276,,,,,,,,GLOBAL_BASELINE_NO_ENTITY_RANKING,,,NOT_APPLICABLE_GLOBAL_BASELINE,HF9g-P5,,,,X 全窗基线 · 不参与实体赏罚,6877080,688,A168_HF9F_20260827_0900,2026-08-27 09:00:00
2026-04-02,70460261,2250,0,104.7038190718,0E-10,0E-10,,1,1,0.50665070000000000,0.506650700000,,,,0E-17,NO_DECISIVE_ROUND,R03b_20260811_FULL_v1,L1_ELIGIBILITY,v2026-08-11,2026-03-21..2026-08-06,baccarat_bet02_101_all_pairs_incl_sentinel,round_win = game_pnl > 0 (decisive only),COMPATIBILITY_ONLY_NOT_PRODUCTION,268817.8208,244366.2908,168.7661,6248,5610,-0.00062781,-0.08642944,0.00436428,-0.00062781,-168.7661,268817.8208,OK,0.0000,6.7506,4.0000,96.0000,AG03-UNRESOLVED,ALL5_LEVELS_bet23_to_bet27,6.7506,6.7506,6.7506,8.4383,8.4383,4.000000,4.000000,4.000000,5.000000,5.000000,96.000000,96.000000,96.000000,95.000000,95.000000,5.0,37.1285,34.0107,131.6376,134.7554,PENDING_AG03,FALSE,NOT_FOR_ENFORCEMENT,162.0155,234591.6392,168.7661,162.0155,6.7506,0.00062781,0.00060270,6.7506,162.0155,0.00060270,6.7506,6.7506,6.7506,8.4383,8.4383,162.0155,0.00060270,37.1285,34.0107,131.6376,134.7554,0.00048969,0.00050129,0.00002511,43.0246,43.5591,0.0301,2.0581,0.0627,3278.2661,68.4146,17.6798,46.9397,25.7155,39.4976,52.6635,77.1466,82.2897,128.5777,31.4111,0.0,2.083411,3.25533,1.089297,30,192,222,8,0.05498276,0.00062781,0.08642944,0E-8,0.000000,0.909041,0.000000,-0.09079372,2026-03-23,2026-08-06,82,2690,1181,137,0.598540,0.376650,0.410924,0.183276,,,,,,,,GLOBAL_BASELINE_NO_ENTITY_RANKING,,,NOT_APPLICABLE_GLOBAL_BASELINE,HF9g-P5,,,,X 全窗基线 · 不参与实体赏罚,6877081,688,A168_HF9F_20260827_0900,2026-08-27 09:00:00
2026-04-02,70460261,2266,0,125.6445828862,27.4847525064,27.4847525064,0.5000000,2,2,0.50665070000000000,0.506650700000,-0.018812684590367487,-0.018812684590367487,-0.018812684590367487,0E-17,ELIGIBLE,R03b_20260811_FULL_v1,L1_ELIGIBILITY,v2026-08-11,2026-03-21..2026-08-06,baccarat_bet02_101_all_pairs_incl_sentinel,round_win = game_pnl > 0 (decisive only),COMPATIBILITY_ONLY_NOT_PRODUCTION,268817.8208,244366.2908,168.7661,6248,5610,-0.00062781,-0.08642944,0.00436428,-0.00062781,-168.7661,268817.8208,OK,0.0000,6.7506,4.0000,96.0000,AG03-UNRESOLVED,ALL5_LEVELS_bet23_to_bet27,6.7506,6.7506,6.7506,8.4383,8.4383,4.000000,4.000000,4.000000,5.000000,5.000000,96.000000,96.000000,96.000000,95.000000,95.000000,5.0,37.1285,34.0107,131.6376,134.7554,PENDING_AG03,FALSE,NOT_FOR_ENFORCEMENT,162.0155,234591.6392,168.7661,162.0155,6.7506,0.00062781,0.00060270,6.7506,162.0155,0.00060270,6.7506,6.7506,6.7506,8.4383,8.4383,162.0155,0.00060270,37.1285,34.0107,131.6376,134.7554,0.00048969,0.00050129,0.00002511,43.0246,43.5591,0.0301,2.0581,0.0627,3278.2661,68.4146,17.6798,46.9397,25.7155,39.4976,52.6635,77.1466,82.2897,128.5777,31.4111,0.0,2.083411,3.25533,1.089297,30,192,222,8,0.05498276,0.00062781,0.08642944,0E-8,0.000000,0.909041,0.000000,-0.09079372,2026-03-23,2026-08-06,82,2690,1181,137,0.598540,0.376650,0.410924,0.183276,,,,,,,,GLOBAL_BASELINE_NO_ENTITY_RANKING,,,NOT_APPLICABLE_GLOBAL_BASELINE,HF9g-P5,,,,X 全窗基线 · 不参与实体赏罚,6877082,688,A168_HF9F_20260827_0900,2026-08-27 09:00:00
2026-04-02,70460261,526,0,115.1742009790,-13.0879773840,-13.0879773840,0.3333333,3,3,0.50665070000000000,0.506650700000,-0.6004420894325239,-0.6004420894325239,-0.6004420894325239,0E-17,ELIGIBLE,R03b_20260811_FULL_v1,L1_ELIGIBILITY,v2026-08-11,2026-03-21..2026-08-06,baccarat_bet02_101_all_pairs_incl_sentinel,round_win = game_pnl > 0 (decisive only),COMPATIBILITY_ONLY_NOT_PRODUCTION,268817.8208,244366.2908,168.7661,6248,5610,-0.00062781,-0.08642944,0.00436428,-0.00062781,-168.7661,268817.8208,OK,0.0000,6.7506,4.0000,96.0000,AG03-UNRESOLVED,ALL5_LEVELS_bet23_to_bet27,6.7506,6.7506,6.7506,8.4383,8.4383,4.000000,4.000000,4.000000,5.000000,5.000000,96.000000,96.000000,96.000000,95.000000,95.000000,5.0,37.1285,34.0107,131.6376,134.7554,PENDING_AG03,FALSE,NOT_FOR_ENFORCEMENT,162.0155,234591.6392,168.7661,162.0155,6.7506,0.00062781,0.00060270,6.7506,162.0155,0.00060270,6.7506,6.7506,6.7506,8.4383,8.4383,162.0155,0.00060270,37.1285,34.0107,131.6376,134.7554,0.00048969,0.00050129,0.00002511,43.0246,43.5591,0.0301,2.0581,0.0627,3278.2661,68.4146,17.6798,46.9397,25.7155,39.4976,52.6635,77.1466,82.2897,128.5777,31.4111,0.0,2.083411,3.25533,1.089297,30,192,222,8,0.05498276,0.00062781,0.08642944,0E-8,0.000000,0.909041,0.000000,-0.09079372,2026-03-23,2026-08-06,82,2690,1181,137,0.598540,0.376650,0.410924,0.183276,,,,,,,,GLOBAL_BASELINE_NO_ENTITY_RANKING,,,NOT_APPLICABLE_GLOBAL_BASELINE,HF9g-P5,,,,X 全窗基线 · 不参与实体赏罚,6877083,688,A168_HF9F_20260827_0900,2026-08-27 09:00:00
2026-04-02,70460261,595,0,47.1167185823,-47.1167185823,-47.1167185823,0E-7,2,1,0.44895186666657266,0.293924150000,-0.9026203549095304,-0.6451964315166089,-0.9026203549095304,0.15502771666657266,ELIGIBLE,R03b_20260811_FULL_v1,L1_ELIGIBILITY,v2026-08-11,2026-03-21..2026-08-06,baccarat_bet02_101_all_pairs_incl_sentinel,round_win = game_pnl > 0 (decisive only),COMPATIBILITY_ONLY_NOT_PRODUCTION,268817.8208,244366.2908,168.7661,6248,5610,-0.00062781,-0.08642944,0.00436428,-0.00062781,-168.7661,268817.8208,OK,0.0000,6.7506,4.0000,96.0000,AG03-UNRESOLVED,ALL5_LEVELS_bet23_to_bet27,6.7506,6.7506,6.7506,8.4383,8.4383,4.000000,4.000000,4.000000,5.000000,5.000000,96.000000,96.000000,96.000000,95.000000,95.000000,5.0,37.1285,34.0107,131.6376,134.7554,PENDING_AG03,FALSE,NOT_FOR_ENFORCEMENT,162.0155,234591.6392,168.7661,162.0155,6.7506,0.00062781,0.00060270,6.7506,162.0155,0.00060270,6.7506,6.7506,6.7506,8.4383,8.4383,162.0155,0.00060270,37.1285,34.0107,131.6376,134.7554,0.00048969,0.00050129,0.00002511,43.0246,43.5591,0.0301,2.0581,0.0627,3278.2661,68.4146,17.6798,46.9397,25.7155,39.4976,52.6635,77.1466,82.2897,128.5777,31.4111,0.0,2.083411,3.25533,1.089297,30,192,222,8,0.05498276,0.00062781,0.08642944,0E-8,0.000000,0.909041,0.000000,-0.09079372,2026-03-23,2026-08-06,82,2690,1181,137,0.598540,0.376650,0.410924,0.183276,,,,,,,,GLOBAL_BASELINE_NO_ENTITY_RANKING,,,NOT_APPLICABLE_GLOBAL_BASELINE,HF9g-P5,,,,X 全窗基线 · 不参与实体赏罚,6877084,688,A168_HF9F_20260827_0900,2026-08-27 09:00:00
2026-04-03,70460261,-1,1,52.6136690836,-52.6136690836,-52.6136690836,0E-7,1,1,0.50665070000000000,0.506650700000,-1.013391052207602,-1.013391052207602,-1.013391052207602,0E-17,SENTINEL_DEALER,R03b_20260811_FULL_v1,L1_ELIGIBILITY,v2026-08-11,2026-03-21..2026-08-06,baccarat_bet02_101_all_pairs_incl_sentinel,round_win = game_pnl > 0 (decisive only),COMPATIBILITY_ONLY_NOT_PRODUCTION,268817.8208,244366.2908,168.7661,6248,5610,-0.00062781,-0.08642944,0.00436428,-0.00062781,-168.7661,268817.8208,OK,0.0000,6.7506,4.0000,96.0000,AG03-UNRESOLVED,ALL5_LEVELS_bet23_to_bet27,6.7506,6.7506,6.7506,8.4383,8.4383,4.000000,4.000000,4.000000,5.000000,5.000000,96.000000,96.000000,96.000000,95.000000,95.000000,5.0,37.1285,34.0107,131.6376,134.7554,PENDING_AG03,FALSE,NOT_FOR_ENFORCEMENT,162.0155,234591.6392,168.7661,162.0155,6.7506,0.00062781,0.00060270,6.7506,162.0155,0.00060270,6.7506,6.7506,6.7506,8.4383,8.4383,162.0155,0.00060270,37.1285,34.0107,131.6376,134.7554,0.00048969,0.00050129,0.00002511,43.0246,43.5591,0.0301,2.0581,0.0627,3278.2661,68.4146,17.6798,46.9397,25.7155,39.4976,52.6635,77.1466,82.2897,128.5777,31.4111,0.0,2.083411,3.25533,1.089297,30,192,222,8,0.05498276,0.00062781,0.08642944,0E-8,0.000000,0.909041,0.000000,-0.09079372,2026-03-23,2026-08-06,82,2690,1181,137,0.598540,0.376650,0.410924,0.183276,,,,,,,,GLOBAL_BASELINE_NO_ENTITY_RANKING,,,NOT_APPLICABLE_GLOBAL_BASELINE,HF9g-P5,,,,X 全窗基线 · 不参与实体赏罚,6877085,688,A168_HF9F_20260827_0900,2026-08-27 09:00:00
2026-04-03,70460261,1714,0,31.4111457215,-31.4111457215,-31.4111457215,0E-7,1,1,0.50665070000000000,0.506650700000,-1.013391052207602,-1.013391052207602,-1.013391052207602,0E-17,ELIGIBLE,R03b_20260811_FULL_v1,L1_ELIGIBILITY,v2026-08-11,2026-03-21..2026-08-06,baccarat_bet02_101_all_pairs_incl_sentinel,round_win = game_pnl > 0 (decisive only),COMPATIBILITY_ONLY_NOT_PRODUCTION,268817.8208,244366.2908,168.7661,6248,5610,-0.00062781,-0.08642944,0.00436428,-0.00062781,-168.7661,268817.8208,OK,0.0000,6.7506,4.0000,96.0000,AG03-UNRESOLVED,ALL5_LEVELS_bet23_to_bet27,6.7506,6.7506,6.7506,8.4383,8.4383,4.000000,4.000000,4.000000,5.000000,5.000000,96.000000,96.000000,96.000000,95.000000,95.000000,5.0,37.1285,34.0107,131.6376,134.7554,PENDING_AG03,FALSE,NOT_FOR_ENFORCEMENT,162.0155,234591.6392,168.7661,162.0155,6.7506,0.00062781,0.00060270,6.7506,162.0155,0.00060270,6.7506,6.7506,6.7506,8.4383,8.4383,162.0155,0.00060270,37.1285,34.0107,131.6376,134.7554,0.00048969,0.00050129,0.00002511,43.0246,43.5591,0.0301,2.0581,0.0627,3278.2661,68.4146,17.6798,46.9397,25.7155,39.4976,52.6635,77.1466,82.2897,128.5777,31.4111,0.0,2.083411,3.25533,1.089297,30,192,222,8,0.05498276,0.00062781,0.08642944,0E-8,0.000000,0.909041,0.000000,-0.09079372,2026-03-23,2026-08-06,82,2690,1181,137,0.598540,0.376650,0.410924,0.183276,,,,,,,,GLOBAL_BASELINE_NO_ENTITY_RANKING,,,NOT_APPLICABLE_GLOBAL_BASELINE,HF9g-P5,,,,X 全窗基线 · 不参与实体赏罚,6877086,688,A168_HF9F_20260827_0900,2026-08-27 09:00:00
2026-04-09,70460261,-1,1,2698.7409365767,-152.6058162979,-152.6058162979,0.4418605,68,46,0.47465456699110509,0.422780131884,-0.43064425385345223,0.2532749641029522,-0.43064425385345223,0.05187443510710509,SENTINEL_DEALER,R03b_20260811_FULL_v1,L1_ELIGIBILITY,v2026-08-11,2026-03-21..2026-08-06,baccarat_bet02_101_all_pairs_incl_sentinel,round_win = game_pnl > 0 (decisive only),COMPATIBILITY_ONLY_NOT_PRODUCTION,268817.8208,244366.2908,168.7661,6248,5610,-0.00062781,-0.08642944,0.00436428,-0.00062781,-168.7661,268817.8208,OK,0.0000,6.7506,4.0000,96.0000,AG03-UNRESOLVED,ALL5_LEVELS_bet23_to_bet27,6.7506,6.7506,6.7506,8.4383,8.4383,4.000000,4.000000,4.000000,5.000000,5.000000,96.000000,96.000000,96.000000,95.000000,95.000000,5.0,37.1285,34.0107,131.6376,134.7554,PENDING_AG03,FALSE,NOT_FOR_ENFORCEMENT,162.0155,234591.6392,168.7661,162.0155,6.7506,0.00062781,0.00060270,6.7506,162.0155,0.00060270,6.7506,6.7506,6.7506,8.4383,8.4383,162.0155,0.00060270,37.1285,34.0107,131.6376,134.7554,0.00048969,0.00050129,0.00002511,43.0246,43.5591,0.0301,2.0581,0.0627,3278.2661,68.4146,17.6798,46.9397,25.7155,39.4976,52.6635,77.1466,82.2897,128.5777,31.4111,0.0,2.083411,3.25533,1.089297,30,192,222,8,0.05498276,0.00062781,0.08642944,0E-8,0.000000,0.909041,0.000000,-0.09079372,2026-03-23,2026-08-06,82,2690,1181,137,0.598540,0.376650,0.410924,0.183276,,,,,,,,GLOBAL_BASELINE_NO_ENTITY_RANKING,,,NOT_APPLICABLE_GLOBAL_BASELINE,HF9g-P5,,,,X 全窗基线 · 不参与实体赏罚,6877087,688,A168_HF9F_20260827_0900,2026-08-27 09:00:00
2026-04-09,70460261,1004,0,143.9677512238,9.1615841688,9.1615841688,0.5000000,3,2,0.47428717857139325,0.393378375000,0.07282319932933856,0.3086711997975373,0.07282319932933856,0.08090880357139325,ELIGIBLE,R03b_20260811_FULL_v1,L1_ELIGIBILITY,v2026-08-11,2026-03-21..2026-08-06,baccarat_bet02_101_all_pairs_incl_sentinel,round_win = game_pnl > 0 (decisive only),COMPATIBILITY_ONLY_NOT_PRODUCTION,268817.8208,244366.2908,168.7661,6248,5610,-0.00062781,-0.08642944,0.00436428,-0.00062781,-168.7661,268817.8208,OK,0.0000,6.7506,4.0000,96.0000,AG03-UNRESOLVED,ALL5_LEVELS_bet23_to_bet27,6.7506,6.7506,6.7506,8.4383,8.4383,4.000000,4.000000,4.000000,5.000000,5.000000,96.000000,96.000000,96.000000,95.000000,95.000000,5.0,37.1285,34.0107,131.6376,134.7554,PENDING_AG03,FALSE,NOT_FOR_ENFORCEMENT,162.0155,234591.6392,168.7661,162.0155,6.7506,0.00062781,0.00060270,6.7506,162.0155,0.00060270,6.7506,6.7506,6.7506,8.4383,8.4383,162.0155,0.00060270,37.1285,34.0107,131.6376,134.7554,0.00048969,0.00050129,0.00002511,43.0246,43.5591,0.0301,2.0581,0.0627,3278.2661,68.4146,17.6798,46.9397,25.7155,39.4976,52.6635,77.1466,82.2897,128.5777,31.4111,0.0,2.083411,3.25533,1.089297,30,192,222,8,0.05498276,0.00062781,0.08642944,0E-8,0.000000,0.909041,0.000000,-0.09079372,2026-03-23,2026-08-06,82,2690,1181,137,0.598540,0.376650,0.410924,0.183276,,,,,,,,GLOBAL_BASELINE_NO_ENTITY_RANKING,,,NOT_APPLICABLE_GLOBAL_BASELINE,HF9g-P5,,,,X 全窗基线 · 不参与实体赏罚,6877088,688,A168_HF9F_20260827_0900,2026-08-27 09:00:00
2026-04-09,70460261,1017,0,26.1759547680,-26.1759547680,-26.1759547680,0E-7,1,1,0.50665070000000000,0.506650700000,-1.013391052207602,-1.013391052207602,-1.013391052207602,0E-17,ELIGIBLE,R03b_20260811_FULL_v1,L1_ELIGIBILITY,v2026-08-11,2026-03-21..2026-08-06,baccarat_bet02_101_all_pairs_incl_sentinel,round_win = game_pnl > 0 (decisive only),COMPATIBILITY_ONLY_NOT_PRODUCTION,268817.8208,244366.2908,168.7661,6248,5610,-0.00062781,-0.08642944,0.00436428,-0.00062781,-168.7661,268817.8208,OK,0.0000,6.7506,4.0000,96.0000,AG03-UNRESOLVED,ALL5_LEVELS_bet23_to_bet27,6.7506,6.7506,6.7506,8.4383,8.4383,4.000000,4.000000,4.000000,5.000000,5.000000,96.000000,96.000000,96.000000,95.000000,95.000000,5.0,37.1285,34.0107,131.6376,134.7554,PENDING_AG03,FALSE,NOT_FOR_ENFORCEMENT,162.0155,234591.6392,168.7661,162.0155,6.7506,0.00062781,0.00060270,6.7506,162.0155,0.00060270,6.7506,6.7506,6.7506,8.4383,8.4383,162.0155,0.00060270,37.1285,34.0107,131.6376,134.7554,0.00048969,0.00050129,0.00002511,43.0246,43.5591,0.0301,2.0581,0.0627,3278.2661,68.4146,17.6798,46.9397,25.7155,39.4976,52.6635,77.1466,82.2897,128.5777,31.4111,0.0,2.083411,3.25533,1.089297,30,192,222,8,0.05498276,0.00062781,0.08642944,0E-8,0.000000,0.909041,0.000000,-0.09079372,2026-03-23,2026-08-06,82,2690,1181,137,0.598540,0.376650,0.410924,0.183276,,,,,,,,GLOBAL_BASELINE_NO_ENTITY_RANKING,,,NOT_APPLICABLE_GLOBAL_BASELINE,HF9g-P5,,,,X 全窗基线 · 不参与实体赏罚,6877089,688,A168_HF9F_20260827_0900,2026-08-27 09:00:00
2026-04-09,70460261,1094,0,49.7343140591,49.7343140591,49.7343140591,1.0000000,1,1,0.49324550000000000,0.493245500000,1.01360149184955,1.01360149184955,1.01360149184955,0E-17,ELIGIBLE,R03b_20260811_FULL_v1,L1_ELIGIBILITY,v2026-08-11,2026-03-21..2026-08-06,baccarat_bet02_101_all_pairs_incl_sentinel,round_win = game_pnl > 0 (decisive only),COMPATIBILITY_ONLY_NOT_PRODUCTION,268817.8208,244366.2908,168.7661,6248,5610,-0.00062781,-0.08642944,0.00436428,-0.00062781,-168.7661,268817.8208,OK,0.0000,6.7506,4.0000,96.0000,AG03-UNRESOLVED,ALL5_LEVELS_bet23_to_bet27,6.7506,6.7506,6.7506,8.4383,8.4383,4.000000,4.000000,4.000000,5.000000,5.000000,96.000000,96.000000,96.000000,95.000000,95.000000,5.0,37.1285,34.0107,131.6376,134.7554,PENDING_AG03,FALSE,NOT_FOR_ENFORCEMENT,162.0155,234591.6392,168.7661,162.0155,6.7506,0.00062781,0.00060270,6.7506,162.0155,0.00060270,6.7506,6.7506,6.7506,8.4383,8.4383,162.0155,0.00060270,37.1285,34.0107,131.6376,134.7554,0.00048969,0.00050129,0.00002511,43.0246,43.5591,0.0301,2.0581,0.0627,3278.2661,68.4146,17.6798,46.9397,25.7155,39.4976,52.6635,77.1466,82.2897,128.5777,31.4111,0.0,2.083411,3.25533,1.089297,30,192,222,8,0.05498276,0.00062781,0.08642944,0E-8,0.000000,0.909041,0.000000,-0.09079372,2026-03-23,2026-08-06,82,2690,1181,137,0.598540,0.376650,0.410924,0.183276,,,,,,,,GLOBAL_BASELINE_NO_ENTITY_RANKING,,,NOT_APPLICABLE_GLOBAL_BASELINE,HF9g-P5,,,,X 全窗基线 · 不参与实体赏罚,6877090,688,A168_HF9F_20260827_0900,2026-08-27 09:00:00
2026-04-09,70460261,1221,0,26.1759547680,26.1759547680,26.1759547680,1.0000000,1,1,0.49324550000000000,0.493245500000,1.01360149184955,1.01360149184955,1.01360149184955,0E-17,ELIGIBLE,R03b_20260811_FULL_v1,L1_ELIGIBILITY,v2026-08-11,2026-03-21..2026-08-06,baccarat_bet02_101_all_pairs_incl_sentinel,round_win = game_pnl > 0 (decisive only),COMPATIBILITY_ONLY_NOT_PRODUCTION,268817.8208,244366.2908,168.7661,6248,5610,-0.00062781,-0.08642944,0.00436428,-0.00062781,-168.7661,268817.8208,OK,0.0000,6.7506,4.0000,96.0000,AG03-UNRESOLVED,ALL5_LEVELS_bet23_to_bet27,6.7506,6.7506,6.7506,8.4383,8.4383,4.000000,4.000000,4.000000,5.000000,5.000000,96.000000,96.000000,96.000000,95.000000,95.000000,5.0,37.1285,34.0107,131.6376,134.7554,PENDING_AG03,FALSE,NOT_FOR_ENFORCEMENT,162.0155,234591.6392,168.7661,162.0155,6.7506,0.00062781,0.00060270,6.7506,162.0155,0.00060270,6.7506,6.7506,6.7506,8.4383,8.4383,162.0155,0.00060270,37.1285,34.0107,131.6376,134.7554,0.00048969,0.00050129,0.00002511,43.0246,43.5591,0.0301,2.0581,0.0627,3278.2661,68.4146,17.6798,46.9397,25.7155,39.4976,52.6635,77.1466,82.2897,128.5777,31.4111,0.0,2.083411,3.25533,1.089297,30,192,222,8,0.05498276,0.00062781,0.08642944,0E-8,0.000000,0.909041,0.000000,-0.09079372,2026-03-23,2026-08-06,82,2690,1181,137,0.598540,0.376650,0.410924,0.183276,,,,,,,,GLOBAL_BASELINE_NO_ENTITY_RANKING,,,NOT_APPLICABLE_GLOBAL_BASELINE,HF9g-P5,,,,X 全窗基线 · 不参与实体赏罚,6877091,688,A168_HF9F_20260827_0900,2026-08-27 09:00:00
2026-04-09,70460261,1302,0,235.5835929117,-235.5835929117,-235.5835929117,0E-7,5,3,0.47006101249996505,0.409078200000,-1.6312660863281867,-1.4411155007049594,-1.6312660863281867,0.06098281249996505,ELIGIBLE,R03b_20260811_FULL_v1,L1_ELIGIBILITY,v2026-08-11,2026-03-21..2026-08-06,baccarat_bet02_101_all_pairs_incl_sentinel,round_win = game_pnl > 0 (decisive only),COMPATIBILITY_ONLY_NOT_PRODUCTION,268817.8208,244366.2908,168.7661,6248,5610,-0.00062781,-0.08642944,0.00436428,-0.00062781,-168.7661,268817.8208,OK,0.0000,6.7506,4.0000,96.0000,AG03-UNRESOLVED,ALL5_LEVELS_bet23_to_bet27,6.7506,6.7506,6.7506,8.4383,8.4383,4.000000,4.000000,4.000000,5.000000,5.000000,96.000000,96.000000,96.000000,95.000000,95.000000,5.0,37.1285,34.0107,131.6376,134.7554,PENDING_AG03,FALSE,NOT_FOR_ENFORCEMENT,162.0155,234591.6392,168.7661,162.0155,6.7506,0.00062781,0.00060270,6.7506,162.0155,0.00060270,6.7506,6.7506,6.7506,8.4383,8.4383,162.0155,0.00060270,37.1285,34.0107,131.6376,134.7554,0.00048969,0.00050129,0.00002511,43.0246,43.5591,0.0301,2.0581,0.0627,3278.2661,68.4146,17.6798,46.9397,25.7155,39.4976,52.6635,77.1466,82.2897,128.5777,31.4111,0.0,2.083411,3.25533,1.089297,30,192,222,8,0.05498276,0.00062781,0.08642944,0E-8,0.000000,0.909041,0.000000,-0.09079372,2026-03-23,2026-08-06,82,2690,1181,137,0.598540,0.376650,0.410924,0.183276,,,,,,,,GLOBAL_BASELINE_NO_ENTITY_RANKING,,,NOT_APPLICABLE_GLOBAL_BASELINE,HF9g-P5,,,,X 全窗基线 · 不参与实体赏罚,6877092,688,A168_HF9F_20260827_0900,2026-08-27 09:00:00
2026-04-09,70460261,1363,0,79.3131429469,-79.3131429469,-79.3131429469,0E-7,1,1,0.50665070000000000,0.506650700000,-1.013391052207602,-1.013391052207602,-1.013391052207602,0E-17,ELIGIBLE,R03b_20260811_FULL_v1,L1_ELIGIBILITY,v2026-08-11,2026-03-21..2026-08-06,baccarat_bet02_101_all_pairs_incl_sentinel,round_win = game_pnl > 0 (decisive only),COMPATIBILITY_ONLY_NOT_PRODUCTION,268817.8208,244366.2908,168.7661,6248,5610,-0.00062781,-0.08642944,0.00436428,-0.00062781,-168.7661,268817.8208,OK,0.0000,6.7506,4.0000,96.0000,AG03-UNRESOLVED,ALL5_LEVELS_bet23_to_bet27,6.7506,6.7506,6.7506,8.4383,8.4383,4.000000,4.000000,4.000000,5.000000,5.000000,96.000000,96.000000,96.000000,95.000000,95.000000,5.0,37.1285,34.0107,131.6376,134.7554,PENDING_AG03,FALSE,NOT_FOR_ENFORCEMENT,162.0155,234591.6392,168.7661,162.0155,6.7506,0.00062781,0.00060270,6.7506,162.0155,0.00060270,6.7506,6.7506,6.7506,8.4383,8.4383,162.0155,0.00060270,37.1285,34.0107,131.6376,134.7554,0.00048969,0.00050129,0.00002511,43.0246,43.5591,0.0301,2.0581,0.0627,3278.2661,68.4146,17.6798,46.9397,25.7155,39.4976,52.6635,77.1466,82.2897,128.5777,31.4111,0.0,2.083411,3.25533,1.089297,30,192,222,8,0.05498276,0.00062781,0.08642944,0E-8,0.000000,0.909041,0.000000,-0.09079372,2026-03-23,2026-08-06,82,2690,1181,137,0.598540,0.376650,0.410924,0.183276,,,,,,,,GLOBAL_BASELINE_NO_ENTITY_RANKING,,,NOT_APPLICABLE_GLOBAL_BASELINE,HF9g-P5,,,,X 全窗基线 · 不参与实体赏罚,6877093,688,A168_HF9F_20260827_0900,2026-08-27 09:00:00
2026-04-09,70460261,1396,0,26.1759547680,26.1759547680,26.1759547680,1.0000000,1,1,0.49324550000000000,0.493245500000,1.01360149184955,1.01360149184955,1.01360149184955,0E-17,ELIGIBLE,R03b_20260811_FULL_v1,L1_ELIGIBILITY,v2026-08-11,2026-03-21..2026-08-06,baccarat_bet02_101_all_pairs_incl_sentinel,round_win = game_pnl > 0 (decisive only),COMPATIBILITY_ONLY_NOT_PRODUCTION,268817.8208,244366.2908,168.7661,6248,5610,-0.00062781,-0.08642944,0.00436428,-0.00062781,-168.7661,268817.8208,OK,0.0000,6.7506,4.0000,96.0000,AG03-UNRESOLVED,ALL5_LEVELS_bet23_to_bet27,6.7506,6.7506,6.7506,8.4383,8.4383,4.000000,4.000000,4.000000,5.000000,5.000000,96.000000,96.000000,96.000000,95.000000,95.000000,5.0,37.1285,34.0107,131.6376,134.7554,PENDING_AG03,FALSE,NOT_FOR_ENFORCEMENT,162.0155,234591.6392,168.7661,162.0155,6.7506,0.00062781,0.00060270,6.7506,162.0155,0.00060270,6.7506,6.7506,6.7506,8.4383,8.4383,162.0155,0.00060270,37.1285,34.0107,131.6376,134.7554,0.00048969,0.00050129,0.00002511,43.0246,43.5591,0.0301,2.0581,0.0627,3278.2661,68.4146,17.6798,46.9397,25.7155,39.4976,52.6635,77.1466,82.2897,128.5777,31.4111,0.0,2.083411,3.25533,1.089297,30,192,222,8,0.05498276,0.00062781,0.08642944,0E-8,0.000000,0.909041,0.000000,-0.09079372,2026-03-23,2026-08-06,82,2690,1181,137,0.598540,0.376650,0.410924,0.183276,,,,,,,,GLOBAL_BASELINE_NO_ENTITY_RANKING,,,NOT_APPLICABLE_GLOBAL_BASELINE,HF9g-P5,,,,X 全窗基线 · 不参与实体赏罚,6877094,688,A168_HF9F_20260827_0900,2026-08-27 09:00:00
2026-04-09,70460261,1402,0,78.5278643039,23.5583592911,23.5583592911,0.5000000,2,2,0.50665070000000000,0.506650700000,-0.018812684590367487,-0.018812684590367487,-0.018812684590367487,0E-17,ELIGIBLE,R03b_20260811_FULL_v1,L1_ELIGIBILITY,v2026-08-11,2026-03-21..2026-08-06,baccarat_bet02_101_all_pairs_incl_sentinel,round_win = game_pnl > 0 (decisive only),COMPATIBILITY_ONLY_NOT_PRODUCTION,268817.8208,244366.2908,168.7661,6248,5610,-0.00062781,-0.08642944,0.00436428,-0.00062781,-168.7661,268817.8208,OK,0.0000,6.7506,4.0000,96.0000,AG03-UNRESOLVED,ALL5_LEVELS_bet23_to_bet27,6.7506,6.7506,6.7506,8.4383,8.4383,4.000000,4.000000,4.000000,5.000000,5.000000,96.000000,96.000000,96.000000,95.000000,95.000000,5.0,37.1285,34.0107,131.6376,134.7554,PENDING_AG03,FALSE,NOT_FOR_ENFORCEMENT,162.0155,234591.6392,168.7661,162.0155,6.7506,0.00062781,0.00060270,6.7506,162.0155,0.00060270,6.7506,6.7506,6.7506,8.4383,8.4383,162.0155,0.00060270,37.1285,34.0107,131.6376,134.7554,0.00048969,0.00050129,0.00002511,43.0246,43.5591,0.0301,2.0581,0.0627,3278.2661,68.4146,17.6798,46.9397,25.7155,39.4976,52.6635,77.1466,82.2897,128.5777,31.4111,0.0,2.083411,3.25533,1.089297,30,192,222,8,0.05498276,0.00062781,0.08642944,0E-8,0.000000,0.909041,0.000000,-0.09079372,2026-03-23,2026-08-06,82,2690,1181,137,0.598540,0.376650,0.410924,0.183276,,,,,,,,GLOBAL_BASELINE_NO_ENTITY_RANKING,,,NOT_APPLICABLE_GLOBAL_BASELINE,HF9g-P5,,,,X 全窗基线 · 不参与实体赏罚,6877095,688,A168_HF9F_20260827_0900,2026-08-27 09:00:00
2026-04-09,70460261,1485,0,125.6445828862,-125.6445828862,-125.6445828862,0E-7,2,2,0.50665070000000000,0.506650700000,-1.4331513700195317,-1.4331513700195317,-1.4331513700195317,0E-17,ELIGIBLE,R03b_20260811_FULL_v1,L1_ELIGIBILITY,v2026-08-11,2026-03-21..2026-08-06,baccarat_bet02_101_all_pairs_incl_sentinel,round_win = game_pnl > 0 (decisive only),COMPATIBILITY_ONLY_NOT_PRODUCTION,268817.8208,244366.2908,168.7661,6248,5610,-0.00062781,-0.08642944,0.00436428,-0.00062781,-168.7661,268817.8208,OK,0.0000,6.7506,4.0000,96.0000,AG03-UNRESOLVED,ALL5_LEVELS_bet23_to_bet27,6.7506,6.7506,6.7506,8.4383,8.4383,4.000000,4.000000,4.000000,5.000000,5.000000,96.000000,96.000000,96.000000,95.000000,95.000000,5.0,37.1285,34.0107,131.6376,134.7554,PENDING_AG03,FALSE,NOT_FOR_ENFORCEMENT,162.0155,234591.6392,168.7661,162.0155,6.7506,0.00062781,0.00060270,6.7506,162.0155,0.00060270,6.7506,6.7506,6.7506,8.4383,8.4383,162.0155,0.00060270,37.1285,34.0107,131.6376,134.7554,0.00048969,0.00050129,0.00002511,43.0246,43.5591,0.0301,2.0581,0.0627,3278.2661,68.4146,17.6798,46.9397,25.7155,39.4976,52.6635,77.1466,82.2897,128.5777,31.4111,0.0,2.083411,3.25533,1.089297,30,192,222,8,0.05498276,0.00062781,0.08642944,0E-8,0.000000,0.909041,0.000000,-0.09079372,2026-03-23,2026-08-06,82,2690,1181,137,0.598540,0.376650,0.410924,0.183276,,,,,,,,GLOBAL_BASELINE_NO_ENTITY_RANKING,,,NOT_APPLICABLE_GLOBAL_BASELINE,HF9g-P5,,,,X 全窗基线 · 不参与实体赏罚,6877096,688,A168_HF9F_20260827_0900,2026-08-27 09:00:00
2026-04-09,70460261,1702,0,180.6140878990,51.0431117976,51.0431117976,0.7500000,4,4,0.49994810000000000,0.499948100000,1.0002076053883384,1.0002076053883384,1.0002076053883384,0E-17,ELIGIBLE,R03b_20260811_FULL_v1,L1_ELIGIBILITY,v2026-08-11,2026-03-21..2026-08-06,baccarat_bet02_101_all_pairs_incl_sentinel,round_win = game_pnl > 0 (decisive only),COMPATIBILITY_ONLY_NOT_PRODUCTION,268817.8208,244366.2908,168.7661,6248,5610,-0.00062781,-0.08642944,0.00436428,-0.00062781,-168.7661,268817.8208,OK,0.0000,6.7506,4.0000,96.0000,AG03-UNRESOLVED,ALL5_LEVELS_bet23_to_bet27,6.7506,6.7506,6.7506,8.4383,8.4383,4.000000,4.000000,4.000000,5.000000,5.000000,96.000000,96.000000,96.000000,95.000000,95.000000,5.0,37.1285,34.0107,131.6376,134.7554,PENDING_AG03,FALSE,NOT_FOR_ENFORCEMENT,162.0155,234591.6392,168.7661,162.0155,6.7506,0.00062781,0.00060270,6.7506,162.0155,0.00060270,6.7506,6.7506,6.7506,8.4383,8.4383,162.0155,0.00060270,37.1285,34.0107,131.6376,134.7554,0.00048969,0.00050129,0.00002511,43.0246,43.5591,0.0301,2.0581,0.0627,3278.2661,68.4146,17.6798,46.9397,25.7155,39.4976,52.6635,77.1466,82.2897,128.5777,31.4111,0.0,2.083411,3.25533,1.089297,30,192,222,8,0.05498276,0.00062781,0.08642944,0E-8,0.000000,0.909041,0.000000,-0.09079372,2026-03-23,2026-08-06,82,2690,1181,137,0.598540,0.376650,0.410924,0.183276,,,,,,,,GLOBAL_BASELINE_NO_ENTITY_RANKING,,,NOT_APPLICABLE_GLOBAL_BASELINE,HF9g-P5,,,,X 全窗基线 · 不参与实体赏罚,6877097,688,A168_HF9F_20260827_0900,2026-08-27 09:00:00
2026-04-09,70460261,1714,0,49.7343140591,-49.7343140591,-49.7343140591,0E-7,1,1,0.50665070000000000,0.506650700000,-1.013391052207602,-1.013391052207602,-1.013391052207602,0E-17,ELIGIBLE,R03b_20260811_FULL_v1,L1_ELIGIBILITY,v2026-08-11,2026-03-21..2026-08-06,baccarat_bet02_101_all_pairs_incl_sentinel,round_win = game_pnl > 0 (decisive only),COMPATIBILITY_ONLY_NOT_PRODUCTION,268817.8208,244366.2908,168.7661,6248,5610,-0.00062781,-0.08642944,0.00436428,-0.00062781,-168.7661,268817.8208,OK,0.0000,6.7506,4.0000,96.0000,AG03-UNRESOLVED,ALL5_LEVELS_bet23_to_bet27,6.7506,6.7506,6.7506,8.4383,8.4383,4.000000,4.000000,4.000000,5.000000,5.000000,96.000000,96.000000,96.000000,95.000000,95.000000,5.0,37.1285,34.0107,131.6376,134.7554,PENDING_AG03,FALSE,NOT_FOR_ENFORCEMENT,162.0155,234591.6392,168.7661,162.0155,6.7506,0.00062781,0.00060270,6.7506,162.0155,0.00060270,6.7506,6.7506,6.7506,8.4383,8.4383,162.0155,0.00060270,37.1285,34.0107,131.6376,134.7554,0.00048969,0.00050129,0.00002511,43.0246,43.5591,0.0301,2.0581,0.0627,3278.2661,68.4146,17.6798,46.9397,25.7155,39.4976,52.6635,77.1466,82.2897,128.5777,31.4111,0.0,2.083411,3.25533,1.089297,30,192,222,8,0.05498276,0.00062781,0.08642944,0E-8,0.000000,0.909041,0.000000,-0.09079372,2026-03-23,2026-08-06,82,2690,1181,137,0.598540,0.376650,0.410924,0.183276,,,,,,,,GLOBAL_BASELINE_NO_ENTITY_RANKING,,,NOT_APPLICABLE_GLOBAL_BASELINE,HF9g-P5,,,,X 全窗基线 · 不参与实体赏罚,6877098,688,A168_HF9F_20260827_0900,2026-08-27 09:00:00
2026-04-09,70460261,1942,0,52.3519095359,-52.3519095359,-52.3519095359,0E-7,1,1,0.49324550000000000,0.493245500000,-0.9865810262130424,-0.9865810262130424,-0.9865810262130424,0E-17,ELIGIBLE,R03b_20260811_FULL_v1,L1_ELIGIBILITY,v2026-08-11,2026-03-21..2026-08-06,baccarat_bet02_101_all_pairs_incl_sentinel,round_win = game_pnl > 0 (decisive only),COMPATIBILITY_ONLY_NOT_PRODUCTION,268817.8208,244366.2908,168.7661,6248,5610,-0.00062781,-0.08642944,0.00436428,-0.00062781,-168.7661,268817.8208,OK,0.0000,6.7506,4.0000,96.0000,AG03-UNRESOLVED,ALL5_LEVELS_bet23_to_bet27,6.7506,6.7506,6.7506,8.4383,8.4383,4.000000,4.000000,4.000000,5.000000,5.000000,96.000000,96.000000,96.000000,95.000000,95.000000,5.0,37.1285,34.0107,131.6376,134.7554,PENDING_AG03,FALSE,NOT_FOR_ENFORCEMENT,162.0155,234591.6392,168.7661,162.0155,6.7506,0.00062781,0.00060270,6.7506,162.0155,0.00060270,6.7506,6.7506,6.7506,8.4383,8.4383,162.0155,0.00060270,37.1285,34.0107,131.6376,134.7554,0.00048969,0.00050129,0.00002511,43.0246,43.5591,0.0301,2.0581,0.0627,3278.2661,68.4146,17.6798,46.9397,25.7155,39.4976,52.6635,77.1466,82.2897,128.5777,31.4111,0.0,2.083411,3.25533,1.089297,30,192,222,8,0.05498276,0.00062781,0.08642944,0E-8,0.000000,0.909041,0.000000,-0.09079372,2026-03-23,2026-08-06,82,2690,1181,137,0.598540,0.376650,0.410924,0.183276,,,,,,,,GLOBAL_BASELINE_NO_ENTITY_RANKING,,,NOT_APPLICABLE_GLOBAL_BASELINE,HF9g-P5,,,,X 全窗基线 · 不参与实体赏罚,6877099,688,A168_HF9F_20260827_0900,2026-08-27 09:00:00
2026-04-09,70460261,1963,0,188.4668743293,66.7486846583,66.7486846583,0.5000000,4,2,0.47006101249995341,0.360291950000,0.08483245884815543,0.4115458640332922,0.08483245884815543,0.10976906249995341,ELIGIBLE,R03b_20260811_FULL_v1,L1_ELIGIBILITY,v2026-08-11,2026-03-21..2026-08-06,baccarat_bet02_101_all_pairs_incl_sentinel,round_win = game_pnl > 0 (decisive only),COMPATIBILITY_ONLY_NOT_PRODUCTION,268817.8208,244366.2908,168.7661,6248,5610,-0.00062781,-0.08642944,0.00436428,-0.00062781,-168.7661,268817.8208,OK,0.0000,6.7506,4.0000,96.0000,AG03-UNRESOLVED,ALL5_LEVELS_bet23_to_bet27,6.7506,6.7506,6.7506,8.4383,8.4383,4.000000,4.000000,4.000000,5.000000,5.000000,96.000000,96.000000,96.000000,95.000000,95.000000,5.0,37.1285,34.0107,131.6376,134.7554,PENDING_AG03,FALSE,NOT_FOR_ENFORCEMENT,162.0155,234591.6392,168.7661,162.0155,6.7506,0.00062781,0.00060270,6.7506,162.0155,0.00060270,6.7506,6.7506,6.7506,8.4383,8.4383,162.0155,0.00060270,37.1285,34.0107,131.6376,134.7554,0.00048969,0.00050129,0.00002511,43.0246,43.5591,0.0301,2.0581,0.0627,3278.2661,68.4146,17.6798,46.9397,25.7155,39.4976,52.6635,77.1466,82.2897,128.5777,31.4111,0.0,2.083411,3.25533,1.089297,30,192,222,8,0.05498276,0.00062781,0.08642944,0E-8,0.000000,0.909041,0.000000,-0.09079372,2026-03-23,2026-08-06,82,2690,1181,137,0.598540,0.376650,0.410924,0.183276,,,,,,,,GLOBAL_BASELINE_NO_ENTITY_RANKING,,,NOT_APPLICABLE_GLOBAL_BASELINE,HF9g-P5,,,,X 全窗基线 · 不参与实体赏罚,6877100,688,A168_HF9F_20260827_0900,2026-08-27 09:00:00
2026-04-09,70460261,1966,0,104.7038190718,0E-10,0E-10,0.5000000,2,2,0.49324550000000000,0.493245500000,0.01910635448239258,0.01910635448239258,0.01910635448239258,0E-17,ELIGIBLE,R03b_20260811_FULL_v1,L1_ELIGIBILITY,v2026-08-11,2026-03-21..2026-08-06,baccarat_bet02_101_all_pairs_incl_sentinel,round_win = game_pnl > 0 (decisive only),COMPATIBILITY_ONLY_NOT_PRODUCTION,268817.8208,244366.2908,168.7661,6248,5610,-0.00062781,-0.08642944,0.00436428,-0.00062781,-168.7661,268817.8208,OK,0.0000,6.7506,4.0000,96.0000,AG03-UNRESOLVED,ALL5_LEVELS_bet23_to_bet27,6.7506,6.7506,6.7506,8.4383,8.4383,4.000000,4.000000,4.000000,5.000000,5.000000,96.000000,96.000000,96.000000,95.000000,95.000000,5.0,37.1285,34.0107,131.6376,134.7554,PENDING_AG03,FALSE,NOT_FOR_ENFORCEMENT,162.0155,234591.6392,168.7661,162.0155,6.7506,0.00062781,0.00060270,6.7506,162.0155,0.00060270,6.7506,6.7506,6.7506,8.4383,8.4383,162.0155,0.00060270,37.1285,34.0107,131.6376,134.7554,0.00048969,0.00050129,0.00002511,43.0246,43.5591,0.0301,2.0581,0.0627,3278.2661,68.4146,17.6798,46.9397,25.7155,39.4976,52.6635,77.1466,82.2897,128.5777,31.4111,0.0,2.083411,3.25533,1.089297,30,192,222,8,0.05498276,0.00062781,0.08642944,0E-8,0.000000,0.909041,0.000000,-0.09079372,2026-03-23,2026-08-06,82,2690,1181,137,0.598540,0.376650,0.410924,0.183276,,,,,,,,GLOBAL_BASELINE_NO_ENTITY_RANKING,,,NOT_APPLICABLE_GLOBAL_BASELINE,HF9g-P5,,,,X 全窗基线 · 不参与实体赏罚,6877101,688,A168_HF9F_20260827_0900,2026-08-27 09:00:00
2026-04-09,70460261,2117,0,248.9333298433,88.4616391383,88.4616391383,0.7500000,4,4,0.50665070000000000,0.506650700000,0.9734833216690844,0.9734833216690844,0.9734833216690844,0E-17,ELIGIBLE,R03b_20260811_FULL_v1,L1_ELIGIBILITY,v2026-08-11,2026-03-21..2026-08-06,baccarat_bet02_101_all_pairs_incl_sentinel,round_win = game_pnl > 0 (decisive only),COMPATIBILITY_ONLY_NOT_PRODUCTION,268817.8208,244366.2908,168.7661,6248,5610,-0.00062781,-0.08642944,0.00436428,-0.00062781,-168.7661,268817.8208,OK,0.0000,6.7506,4.0000,96.0000,AG03-UNRESOLVED,ALL5_LEVELS_bet23_to_bet27,6.7506,6.7506,6.7506,8.4383,8.4383,4.000000,4.000000,4.000000,5.000000,5.000000,96.000000,96.000000,96.000000,95.000000,95.000000,5.0,37.1285,34.0107,131.6376,134.7554,PENDING_AG03,FALSE,NOT_FOR_ENFORCEMENT,162.0155,234591.6392,168.7661,162.0155,6.7506,0.00062781,0.00060270,6.7506,162.0155,0.00060270,6.7506,6.7506,6.7506,8.4383,8.4383,162.0155,0.00060270,37.1285,34.0107,131.6376,134.7554,0.00048969,0.00050129,0.00002511,43.0246,43.5591,0.0301,2.0581,0.0627,3278.2661,68.4146,17.6798,46.9397,25.7155,39.4976,52.6635,77.1466,82.2897,128.5777,31.4111,0.0,2.083411,3.25533,1.089297,30,192,222,8,0.05498276,0.00062781,0.08642944,0E-8,0.000000,0.909041,0.000000,-0.09079372,2026-03-23,2026-08-06,82,2690,1181,137,0.598540,0.376650,0.410924,0.183276,,,,,,,,GLOBAL_BASELINE_NO_ENTITY_RANKING,,,NOT_APPLICABLE_GLOBAL_BASELINE,HF9g-P5,,,,X 全窗基线 · 不参与实体赏罚,6877102,688,A168_HF9F_20260827_0900,2026-08-27 09:00:00
2026-04-09,70460261,2127,0,91.6158416878,-91.6158416878,-91.6158416878,0E-7,1,1,0.50665070000000000,0.506650700000,-1.013391052207602,-1.013391052207602,-1.013391052207602,0E-17,ELIGIBLE,R03b_20260811_FULL_v1,L1_ELIGIBILITY,v2026-08-11,2026-03-21..2026-08-06,baccarat_bet02_101_all_pairs_incl_sentinel,round_win = game_pnl > 0 (decisive only),COMPATIBILITY_ONLY_NOT_PRODUCTION,268817.8208,244366.2908,168.7661,6248,5610,-0.00062781,-0.08642944,0.00436428,-0.00062781,-168.7661,268817.8208,OK,0.0000,6.7506,4.0000,96.0000,AG03-UNRESOLVED,ALL5_LEVELS_bet23_to_bet27,6.7506,6.7506,6.7506,8.4383,8.4383,4.000000,4.000000,4.000000,5.000000,5.000000,96.000000,96.000000,96.000000,95.000000,95.000000,5.0,37.1285,34.0107,131.6376,134.7554,PENDING_AG03,FALSE,NOT_FOR_ENFORCEMENT,162.0155,234591.6392,168.7661,162.0155,6.7506,0.00062781,0.00060270,6.7506,162.0155,0.00060270,6.7506,6.7506,6.7506,8.4383,8.4383,162.0155,0.00060270,37.1285,34.0107,131.6376,134.7554,0.00048969,0.00050129,0.00002511,43.0246,43.5591,0.0301,2.0581,0.0627,3278.2661,68.4146,17.6798,46.9397,25.7155,39.4976,52.6635,77.1466,82.2897,128.5777,31.4111,0.0,2.083411,3.25533,1.089297,30,192,222,8,0.05498276,0.00062781,0.08642944,0E-8,0.000000,0.909041,0.000000,-0.09079372,2026-03-23,2026-08-06,82,2690,1181,137,0.598540,0.376650,0.410924,0.183276,,,,,,,,GLOBAL_BASELINE_NO_ENTITY_RANKING,,,NOT_APPLICABLE_GLOBAL_BASELINE,HF9g-P5,,,,X 全窗基线 · 不参与实体赏罚,6877103,688,A168_HF9F_20260827_0900,2026-08-27 09:00:00
2026-04-09,70460261,2130,0,157.0557286078,-157.0557286078,-157.0557286078,0E-7,4,4,0.50329940000000000,0.503299400000,-2.013241432932159,-2.013241432932159,-2.013241432932159,0E-17,ELIGIBLE,R03b_20260811_FULL_v1,L1_ELIGIBILITY,v2026-08-11,2026-03-21..2026-08-06,baccarat_bet02_101_all_pairs_incl_sentinel,round_win = game_pnl > 0 (decisive only),COMPATIBILITY_ONLY_NOT_PRODUCTION,268817.8208,244366.2908,168.7661,6248,5610,-0.00062781,-0.08642944,0.00436428,-0.00062781,-168.7661,268817.8208,OK,0.0000,6.7506,4.0000,96.0000,AG03-UNRESOLVED,ALL5_LEVELS_bet23_to_bet27,6.7506,6.7506,6.7506,8.4383,8.4383,4.000000,4.000000,4.000000,5.000000,5.000000,96.000000,96.000000,96.000000,95.000000,95.000000,5.0,37.1285,34.0107,131.6376,134.7554,PENDING_AG03,FALSE,NOT_FOR_ENFORCEMENT,162.0155,234591.6392,168.7661,162.0155,6.7506,0.00062781,0.00060270,6.7506,162.0155,0.00060270,6.7506,6.7506,6.7506,8.4383,8.4383,162.0155,0.00060270,37.1285,34.0107,131.6376,134.7554,0.00048969,0.00050129,0.00002511,43.0246,43.5591,0.0301,2.0581,0.0627,3278.2661,68.4146,17.6798,46.9397,25.7155,39.4976,52.6635,77.1466,82.2897,128.5777,31.4111,0.0,2.083411,3.25533,1.089297,30,192,222,8,0.05498276,0.00062781,0.08642944,0E-8,0.000000,0.909041,0.000000,-0.09079372,2026-03-23,2026-08-06,82,2690,1181,137,0.598540,0.376650,0.410924,0.183276,,,,,,,,GLOBAL_BASELINE_NO_ENTITY_RANKING,,,NOT_APPLICABLE_GLOBAL_BASELINE,HF9g-P5,,,,X 全窗基线 · 不参与实体赏罚,6877104,688,A168_HF9F_20260827_0900,2026-08-27 09:00:00
2026-04-09,70460261,2134,0,79.3131429469,0E-10,0E-10,,1,1,0.50665070000000000,0.506650700000,,,,0E-17,NO_DECISIVE_ROUND,R03b_20260811_FULL_v1,L1_ELIGIBILITY,v2026-08-11,2026-03-21..2026-08-06,baccarat_bet02_101_all_pairs_incl_sentinel,round_win = game_pnl > 0 (decisive only),COMPATIBILITY_ONLY_NOT_PRODUCTION,268817.8208,244366.2908,168.7661,6248,5610,-0.00062781,-0.08642944,0.00436428,-0.00062781,-168.7661,268817.8208,OK,0.0000,6.7506,4.0000,96.0000,AG03-UNRESOLVED,ALL5_LEVELS_bet23_to_bet27,6.7506,6.7506,6.7506,8.4383,8.4383,4.000000,4.000000,4.000000,5.000000,5.000000,96.000000,96.000000,96.000000,95.000000,95.000000,5.0,37.1285,34.0107,131.6376,134.7554,PENDING_AG03,FALSE,NOT_FOR_ENFORCEMENT,162.0155,234591.6392,168.7661,162.0155,6.7506,0.00062781,0.00060270,6.7506,162.0155,0.00060270,6.7506,6.7506,6.7506,8.4383,8.4383,162.0155,0.00060270,37.1285,34.0107,131.6376,134.7554,0.00048969,0.00050129,0.00002511,43.0246,43.5591,0.0301,2.0581,0.0627,3278.2661,68.4146,17.6798,46.9397,25.7155,39.4976,52.6635,77.1466,82.2897,128.5777,31.4111,0.0,2.083411,3.25533,1.089297,30,192,222,8,0.05498276,0.00062781,0.08642944,0E-8,0.000000,0.909041,0.000000,-0.09079372,2026-03-23,2026-08-06,82,2690,1181,137,0.598540,0.376650,0.410924,0.183276,,,,,,,,GLOBAL_BASELINE_NO_ENTITY_RANKING,,,NOT_APPLICABLE_GLOBAL_BASELINE,HF9g-P5,,,,X 全窗基线 · 不参与实体赏罚,6877105,688,A168_HF9F_20260827_0900,2026-08-27 09:00:00
2026-04-09,70460261,2155,0,107.3214145487,-107.3214145487,-107.3214145487,0E-7,5,2,0.39259760316081904,0.245873441667,-1.1369740932600723,-0.8075114520225477,-1.1369740932600723,0.14672416149381904,ELIGIBLE,R03b_20260811_FULL_v1,L1_ELIGIBILITY,v2026-08-11,2026-03-21..2026-08-06,baccarat_bet02_101_all_pairs_incl_sentinel,round_win = game_pnl > 0 (decisive only),COMPATIBILITY_ONLY_NOT_PRODUCTION,268817.8208,244366.2908,168.7661,6248,5610,-0.00062781,-0.08642944,0.00436428,-0.00062781,-168.7661,268817.8208,OK,0.0000,6.7506,4.0000,96.0000,AG03-UNRESOLVED,ALL5_LEVELS_bet23_to_bet27,6.7506,6.7506,6.7506,8.4383,8.4383,4.000000,4.000000,4.000000,5.000000,5.000000,96.000000,96.000000,96.000000,95.000000,95.000000,5.0,37.1285,34.0107,131.6376,134.7554,PENDING_AG03,FALSE,NOT_FOR_ENFORCEMENT,162.0155,234591.6392,168.7661,162.0155,6.7506,0.00062781,0.00060270,6.7506,162.0155,0.00060270,6.7506,6.7506,6.7506,8.4383,8.4383,162.0155,0.00060270,37.1285,34.0107,131.6376,134.7554,0.00048969,0.00050129,0.00002511,43.0246,43.5591,0.0301,2.0581,0.0627,3278.2661,68.4146,17.6798,46.9397,25.7155,39.4976,52.6635,77.1466,82.2897,128.5777,31.4111,0.0,2.083411,3.25533,1.089297,30,192,222,8,0.05498276,0.00062781,0.08642944,0E-8,0.000000,0.909041,0.000000,-0.09079372,2026-03-23,2026-08-06,82,2690,1181,137,0.598540,0.376650,0.410924,0.183276,,,,,,,,GLOBAL_BASELINE_NO_ENTITY_RANKING,,,NOT_APPLICABLE_GLOBAL_BASELINE,HF9g-P5,,,,X 全窗基线 · 不参与实体赏罚,6877106,688,A168_HF9F_20260827_0900,2026-08-27 09:00:00
2026-04-09,70460261,2171,0,99.4686281182,94.4951967123,94.4951967123,1.0000000,3,3,0.50665070000000000,0.506650700000,1.7091633124209307,1.7091633124209307,1.7091633124209307,0E-17,ELIGIBLE,R03b_20260811_FULL_v1,L1_ELIGIBILITY,v2026-08-11,2026-03-21..2026-08-06,baccarat_bet02_101_all_pairs_incl_sentinel,round_win = game_pnl > 0 (decisive only),COMPATIBILITY_ONLY_NOT_PRODUCTION,268817.8208,244366.2908,168.7661,6248,5610,-0.00062781,-0.08642944,0.00436428,-0.00062781,-168.7661,268817.8208,OK,0.0000,6.7506,4.0000,96.0000,AG03-UNRESOLVED,ALL5_LEVELS_bet23_to_bet27,6.7506,6.7506,6.7506,8.4383,8.4383,4.000000,4.000000,4.000000,5.000000,5.000000,96.000000,96.000000,96.000000,95.000000,95.000000,5.0,37.1285,34.0107,131.6376,134.7554,PENDING_AG03,FALSE,NOT_FOR_ENFORCEMENT,162.0155,234591.6392,168.7661,162.0155,6.7506,0.00062781,0.00060270,6.7506,162.0155,0.00060270,6.7506,6.7506,6.7506,8.4383,8.4383,162.0155,0.00060270,37.1285,34.0107,131.6376,134.7554,0.00048969,0.00050129,0.00002511,43.0246,43.5591,0.0301,2.0581,0.0627,3278.2661,68.4146,17.6798,46.9397,25.7155,39.4976,52.6635,77.1466,82.2897,128.5777,31.4111,0.0,2.083411,3.25533,1.089297,30,192,222,8,0.05498276,0.00062781,0.08642944,0E-8,0.000000,0.909041,0.000000,-0.09079372,2026-03-23,2026-08-06,82,2690,1181,137,0.598540,0.376650,0.410924,0.183276,,,,,,,,GLOBAL_BASELINE_NO_ENTITY_RANKING,,,NOT_APPLICABLE_GLOBAL_BASELINE,HF9g-P5,,,,X 全窗基线 · 不参与实体赏罚,6877107,688,A168_HF9F_20260827_0900,2026-08-27 09:00:00
2026-04-09,70460261,2174,0,327.1994345996,201.5548517132,201.5548517132,0.6000000,11,5,0.42664445406052051,0.296674013333,0.7837502295597464,1.4848293234782932,0.7837502295597464,0.12997044072752051,ELIGIBLE,R03b_20260811_FULL_v1,L1_ELIGIBILITY,v2026-08-11,2026-03-21..2026-08-06,baccarat_bet02_101_all_pairs_incl_sentinel,round_win = game_pnl > 0 (decisive only),COMPATIBILITY_ONLY_NOT_PRODUCTION,268817.8208,244366.2908,168.7661,6248,5610,-0.00062781,-0.08642944,0.00436428,-0.00062781,-168.7661,268817.8208,OK,0.0000,6.7506,4.0000,96.0000,AG03-UNRESOLVED,ALL5_LEVELS_bet23_to_bet27,6.7506,6.7506,6.7506,8.4383,8.4383,4.000000,4.000000,4.000000,5.000000,5.000000,96.000000,96.000000,96.000000,95.000000,95.000000,5.0,37.1285,34.0107,131.6376,134.7554,PENDING_AG03,FALSE,NOT_FOR_ENFORCEMENT,162.0155,234591.6392,168.7661,162.0155,6.7506,0.00062781,0.00060270,6.7506,162.0155,0.00060270,6.7506,6.7506,6.7506,8.4383,8.4383,162.0155,0.00060270,37.1285,34.0107,131.6376,134.7554,0.00048969,0.00050129,0.00002511,43.0246,43.5591,0.0301,2.0581,0.0627,3278.2661,68.4146,17.6798,46.9397,25.7155,39.4976,52.6635,77.1466,82.2897,128.5777,31.4111,0.0,2.083411,3.25533,1.089297,30,192,222,8,0.05498276,0.00062781,0.08642944,0E-8,0.000000,0.909041,0.000000,-0.09079372,2026-03-23,2026-08-06,82,2690,1181,137,0.598540,0.376650,0.410924,0.183276,,,,,,,,GLOBAL_BASELINE_NO_ENTITY_RANKING,,,NOT_APPLICABLE_GLOBAL_BASELINE,HF9g-P5,,,,X 全窗基线 · 不参与实体赏罚,6877108,688,A168_HF9F_20260827_0900,2026-08-27 09:00:00
2026-04-09,70460261,2177,0,447.6088265322,103.3950213332,103.3950213332,0.6000000,12,6,0.43798093342584550,0.366777530556,0.7302103777962556,1.082121116774568,0.7302103777962556,0.07120340286984550,ELIGIBLE,R03b_20260811_FULL_v1,L1_ELIGIBILITY,v2026-08-11,2026-03-21..2026-08-06,baccarat_bet02_101_all_pairs_incl_sentinel,round_win = game_pnl > 0 (decisive only),COMPATIBILITY_ONLY_NOT_PRODUCTION,268817.8208,244366.2908,168.7661,6248,5610,-0.00062781,-0.08642944,0.00436428,-0.00062781,-168.7661,268817.8208,OK,0.0000,6.7506,4.0000,96.0000,AG03-UNRESOLVED,ALL5_LEVELS_bet23_to_bet27,6.7506,6.7506,6.7506,8.4383,8.4383,4.000000,4.000000,4.000000,5.000000,5.000000,96.000000,96.000000,96.000000,95.000000,95.000000,5.0,37.1285,34.0107,131.6376,134.7554,PENDING_AG03,FALSE,NOT_FOR_ENFORCEMENT,162.0155,234591.6392,168.7661,162.0155,6.7506,0.00062781,0.00060270,6.7506,162.0155,0.00060270,6.7506,6.7506,6.7506,8.4383,8.4383,162.0155,0.00060270,37.1285,34.0107,131.6376,134.7554,0.00048969,0.00050129,0.00002511,43.0246,43.5591,0.0301,2.0581,0.0627,3278.2661,68.4146,17.6798,46.9397,25.7155,39.4976,52.6635,77.1466,82.2897,128.5777,31.4111,0.0,2.083411,3.25533,1.089297,30,192,222,8,0.05498276,0.00062781,0.08642944,0E-8,0.000000,0.909041,0.000000,-0.09079372,2026-03-23,2026-08-06,82,2690,1181,137,0.598540,0.376650,0.410924,0.183276,,,,,,,,GLOBAL_BASELINE_NO_ENTITY_RANKING,,,NOT_APPLICABLE_GLOBAL_BASELINE,HF9g-P5,,,,X 全窗基线 · 不参与实体赏罚,6877109,688,A168_HF9F_20260827_0900,2026-08-27 09:00:00
2026-04-09,70460261,2188,0,627.6993953358,-164.2279402143,-164.2279402143,0.5000000,13,9,0.47730253777774408,0.441347659259,0.128528733446267,0.3340943392832529,0.128528733446267,0.03595487851874408,ELIGIBLE,R03b_20260811_FULL_v1,L1_ELIGIBILITY,v2026-08-11,2026-03-21..2026-08-06,baccarat_bet02_101_all_pairs_incl_sentinel,round_win = game_pnl > 0 (decisive only),COMPATIBILITY_ONLY_NOT_PRODUCTION,268817.8208,244366.2908,168.7661,6248,5610,-0.00062781,-0.08642944,0.00436428,-0.00062781,-168.7661,268817.8208,OK,0.0000,6.7506,4.0000,96.0000,AG03-UNRESOLVED,ALL5_LEVELS_bet23_to_bet27,6.7506,6.7506,6.7506,8.4383,8.4383,4.000000,4.000000,4.000000,5.000000,5.000000,96.000000,96.000000,96.000000,95.000000,95.000000,5.0,37.1285,34.0107,131.6376,134.7554,PENDING_AG03,FALSE,NOT_FOR_ENFORCEMENT,162.0155,234591.6392,168.7661,162.0155,6.7506,0.00062781,0.00060270,6.7506,162.0155,0.00060270,6.7506,6.7506,6.7506,8.4383,8.4383,162.0155,0.00060270,37.1285,34.0107,131.6376,134.7554,0.00048969,0.00050129,0.00002511,43.0246,43.5591,0.0301,2.0581,0.0627,3278.2661,68.4146,17.6798,46.9397,25.7155,39.4976,52.6635,77.1466,82.2897,128.5777,31.4111,0.0,2.083411,3.25533,1.089297,30,192,222,8,0.05498276,0.00062781,0.08642944,0E-8,0.000000,0.909041,0.000000,-0.09079372,2026-03-23,2026-08-06,82,2690,1181,137,0.598540,0.376650,0.410924,0.183276,,,,,,,,GLOBAL_BASELINE_NO_ENTITY_RANKING,,,NOT_APPLICABLE_GLOBAL_BASELINE,HF9g-P5,,,,X 全窗基线 · 不参与实体赏罚,6877110,688,A168_HF9F_20260827_0900,2026-08-27 09:00:00
2026-04-09,70460261,2196,0,306.2586707852,328.1155930164,328.1155930164,0.8333333,9,6,0.47257617970080467,0.420107008333,1.770006222892713,2.050735798637935,1.770006222892713,0.05246917136780467,ELIGIBLE,R03b_20260811_FULL_v1,L1_ELIGIBILITY,v2026-08-11,2026-03-21..2026-08-06,baccarat_bet02_101_all_pairs_incl_sentinel,round_win = game_pnl > 0 (decisive only),COMPATIBILITY_ONLY_NOT_PRODUCTION,268817.8208,244366.2908,168.7661,6248,5610,-0.00062781,-0.08642944,0.00436428,-0.00062781,-168.7661,268817.8208,OK,0.0000,6.7506,4.0000,96.0000,AG03-UNRESOLVED,ALL5_LEVELS_bet23_to_bet27,6.7506,6.7506,6.7506,8.4383,8.4383,4.000000,4.000000,4.000000,5.000000,5.000000,96.000000,96.000000,96.000000,95.000000,95.000000,5.0,37.1285,34.0107,131.6376,134.7554,PENDING_AG03,FALSE,NOT_FOR_ENFORCEMENT,162.0155,234591.6392,168.7661,162.0155,6.7506,0.00062781,0.00060270,6.7506,162.0155,0.00060270,6.7506,6.7506,6.7506,8.4383,8.4383,162.0155,0.00060270,37.1285,34.0107,131.6376,134.7554,0.00048969,0.00050129,0.00002511,43.0246,43.5591,0.0301,2.0581,0.0627,3278.2661,68.4146,17.6798,46.9397,25.7155,39.4976,52.6635,77.1466,82.2897,128.5777,31.4111,0.0,2.083411,3.25533,1.089297,30,192,222,8,0.05498276,0.00062781,0.08642944,0E-8,0.000000,0.909041,0.000000,-0.09079372,2026-03-23,2026-08-06,82,2690,1181,137,0.598540,0.376650,0.410924,0.183276,,,,,,,,GLOBAL_BASELINE_NO_ENTITY_RANKING,,,NOT_APPLICABLE_GLOBAL_BASELINE,HF9g-P5,,,,X 全窗基线 · 不参与实体赏罚,6877111,688,A168_HF9F_20260827_0900,2026-08-27 09:00:00
2026-04-09,70460261,2216,0,52.3519095360,-52.3519095360,-52.3519095360,0E-7,2,2,0.50665070000000000,0.506650700000,-1.4331513700195317,-1.4331513700195317,-1.4331513700195317,0E-17,ELIGIBLE,R03b_20260811_FULL_v1,L1_ELIGIBILITY,v2026-08-11,2026-03-21..2026-08-06,baccarat_bet02_101_all_pairs_incl_sentinel,round_win = game_pnl > 0 (decisive only),COMPATIBILITY_ONLY_NOT_PRODUCTION,268817.8208,244366.2908,168.7661,6248,5610,-0.00062781,-0.08642944,0.00436428,-0.00062781,-168.7661,268817.8208,OK,0.0000,6.7506,4.0000,96.0000,AG03-UNRESOLVED,ALL5_LEVELS_bet23_to_bet27,6.7506,6.7506,6.7506,8.4383,8.4383,4.000000,4.000000,4.000000,5.000000,5.000000,96.000000,96.000000,96.000000,95.000000,95.000000,5.0,37.1285,34.0107,131.6376,134.7554,PENDING_AG03,FALSE,NOT_FOR_ENFORCEMENT,162.0155,234591.6392,168.7661,162.0155,6.7506,0.00062781,0.00060270,6.7506,162.0155,0.00060270,6.7506,6.7506,6.7506,8.4383,8.4383,162.0155,0.00060270,37.1285,34.0107,131.6376,134.7554,0.00048969,0.00050129,0.00002511,43.0246,43.5591,0.0301,2.0581,0.0627,3278.2661,68.4146,17.6798,46.9397,25.7155,39.4976,52.6635,77.1466,82.2897,128.5777,31.4111,0.0,2.083411,3.25533,1.089297,30,192,222,8,0.05498276,0.00062781,0.08642944,0E-8,0.000000,0.909041,0.000000,-0.09079372,2026-03-23,2026-08-06,82,2690,1181,137,0.598540,0.376650,0.410924,0.183276,,,,,,,,GLOBAL_BASELINE_NO_ENTITY_RANKING,,,NOT_APPLICABLE_GLOBAL_BASELINE,HF9g-P5,,,,X 全窗基线 · 不参与实体赏罚,6877112,688,A168_HF9F_20260827_0900,2026-08-27 09:00:00
2026-04-09,70460261,2220,0,31.4111457216,19.6319660760,19.6319660760,1.0000000,2,1,0.43113581666666667,0.280106050000,1.1486751971590754,1.6031457840727341,1.1486751971590754,0.15102976666666667,ELIGIBLE,R03b_20260811_FULL_v1,L1_ELIGIBILITY,v2026-08-11,2026-03-21..2026-08-06,baccarat_bet02_101_all_pairs_incl_sentinel,round_win = game_pnl > 0 (decisive only),COMPATIBILITY_ONLY_NOT_PRODUCTION,268817.8208,244366.2908,168.7661,6248,5610,-0.00062781,-0.08642944,0.00436428,-0.00062781,-168.7661,268817.8208,OK,0.0000,6.7506,4.0000,96.0000,AG03-UNRESOLVED,ALL5_LEVELS_bet23_to_bet27,6.7506,6.7506,6.7506,8.4383,8.4383,4.000000,4.000000,4.000000,5.000000,5.000000,96.000000,96.000000,96.000000,95.000000,95.000000,5.0,37.1285,34.0107,131.6376,134.7554,PENDING_AG03,FALSE,NOT_FOR_ENFORCEMENT,162.0155,234591.6392,168.7661,162.0155,6.7506,0.00062781,0.00060270,6.7506,162.0155,0.00060270,6.7506,6.7506,6.7506,8.4383,8.4383,162.0155,0.00060270,37.1285,34.0107,131.6376,134.7554,0.00048969,0.00050129,0.00002511,43.0246,43.5591,0.0301,2.0581,0.0627,3278.2661,68.4146,17.6798,46.9397,25.7155,39.4976,52.6635,77.1466,82.2897,128.5777,31.4111,0.0,2.083411,3.25533,1.089297,30,192,222,8,0.05498276,0.00062781,0.08642944,0E-8,0.000000,0.909041,0.000000,-0.09079372,2026-03-23,2026-08-06,82,2690,1181,137,0.598540,0.376650,0.410924,0.183276,,,,,,,,GLOBAL_BASELINE_NO_ENTITY_RANKING,,,NOT_APPLICABLE_GLOBAL_BASELINE,HF9g-P5,,,,X 全窗基线 · 不参与实体赏罚,6877113,688,A168_HF9F_20260827_0900,2026-08-27 09:00:00
2026-04-09,70460261,2222,0,230.6101615057,65.9503180378,65.9503180378,0.6666667,3,3,0.50665070000000000,0.506650700000,0.5543606114942035,0.5543606114942035,0.5543606114942035,0E-17,ELIGIBLE,R03b_20260811_FULL_v1,L1_ELIGIBILITY,v2026-08-11,2026-03-21..2026-08-06,baccarat_bet02_101_all_pairs_incl_sentinel,round_win = game_pnl > 0 (decisive only),COMPATIBILITY_ONLY_NOT_PRODUCTION,268817.8208,244366.2908,168.7661,6248,5610,-0.00062781,-0.08642944,0.00436428,-0.00062781,-168.7661,268817.8208,OK,0.0000,6.7506,4.0000,96.0000,AG03-UNRESOLVED,ALL5_LEVELS_bet23_to_bet27,6.7506,6.7506,6.7506,8.4383,8.4383,4.000000,4.000000,4.000000,5.000000,5.000000,96.000000,96.000000,96.000000,95.000000,95.000000,5.0,37.1285,34.0107,131.6376,134.7554,PENDING_AG03,FALSE,NOT_FOR_ENFORCEMENT,162.0155,234591.6392,168.7661,162.0155,6.7506,0.00062781,0.00060270,6.7506,162.0155,0.00060270,6.7506,6.7506,6.7506,8.4383,8.4383,162.0155,0.00060270,37.1285,34.0107,131.6376,134.7554,0.00048969,0.00050129,0.00002511,43.0246,43.5591,0.0301,2.0581,0.0627,3278.2661,68.4146,17.6798,46.9397,25.7155,39.4976,52.6635,77.1466,82.2897,128.5777,31.4111,0.0,2.083411,3.25533,1.089297,30,192,222,8,0.05498276,0.00062781,0.08642944,0E-8,0.000000,0.909041,0.000000,-0.09079372,2026-03-23,2026-08-06,82,2690,1181,137,0.598540,0.376650,0.410924,0.183276,,,,,,,,GLOBAL_BASELINE_NO_ENTITY_RANKING,,,NOT_APPLICABLE_GLOBAL_BASELINE,HF9g-P5,,,,X 全窗基线 · 不参与实体赏罚,6877114,688,A168_HF9F_20260827_0900,2026-08-27 09:00:00
2026-04-09,70460261,2223,0,70.6750778735,146.1927073789,146.1927073789,1.0000000,4,2,0.46007019473674845,0.359145766667,1.5320452740905992,1.8891187161617804,1.5320452740905992,0.10092442806974845,ELIGIBLE,R03b_20260811_FULL_v1,L1_ELIGIBILITY,v2026-08-11,2026-03-21..2026-08-06,baccarat_bet02_101_all_pairs_incl_sentinel,round_win = game_pnl > 0 (decisive only),COMPATIBILITY_ONLY_NOT_PRODUCTION,268817.8208,244366.2908,168.7661,6248,5610,-0.00062781,-0.08642944,0.00436428,-0.00062781,-168.7661,268817.8208,OK,0.0000,6.7506,4.0000,96.0000,AG03-UNRESOLVED,ALL5_LEVELS_bet23_to_bet27,6.7506,6.7506,6.7506,8.4383,8.4383,4.000000,4.000000,4.000000,5.000000,5.000000,96.000000,96.000000,96.000000,95.000000,95.000000,5.0,37.1285,34.0107,131.6376,134.7554,PENDING_AG03,FALSE,NOT_FOR_ENFORCEMENT,162.0155,234591.6392,168.7661,162.0155,6.7506,0.00062781,0.00060270,6.7506,162.0155,0.00060270,6.7506,6.7506,6.7506,8.4383,8.4383,162.0155,0.00060270,37.1285,34.0107,131.6376,134.7554,0.00048969,0.00050129,0.00002511,43.0246,43.5591,0.0301,2.0581,0.0627,3278.2661,68.4146,17.6798,46.9397,25.7155,39.4976,52.6635,77.1466,82.2897,128.5777,31.4111,0.0,2.083411,3.25533,1.089297,30,192,222,8,0.05498276,0.00062781,0.08642944,0E-8,0.000000,0.909041,0.000000,-0.09079372,2026-03-23,2026-08-06,82,2690,1181,137,0.598540,0.376650,0.410924,0.183276,,,,,,,,GLOBAL_BASELINE_NO_ENTITY_RANKING,,,NOT_APPLICABLE_GLOBAL_BASELINE,HF9g-P5,,,,X 全窗基线 · 不参与实体赏罚,6877115,688,A168_HF9F_20260827_0900,2026-08-27 09:00:00
2026-04-09,70460261,2233,0,439.7560401018,87.1659293772,87.1659293772,0.6250000,13,8,0.44485759996129957,0.386934381250,1.0252935646460644,1.3825139810330185,1.0252935646460644,0.05792321871129957,ELIGIBLE,R03b_20260811_FULL_v1,L1_ELIGIBILITY,v2026-08-11,2026-03-21..2026-08-06,baccarat_bet02_101_all_pairs_incl_sentinel,round_win = game_pnl > 0 (decisive only),COMPATIBILITY_ONLY_NOT_PRODUCTION,268817.8208,244366.2908,168.7661,6248,5610,-0.00062781,-0.08642944,0.00436428,-0.00062781,-168.7661,268817.8208,OK,0.0000,6.7506,4.0000,96.0000,AG03-UNRESOLVED,ALL5_LEVELS_bet23_to_bet27,6.7506,6.7506,6.7506,8.4383,8.4383,4.000000,4.000000,4.000000,5.000000,5.000000,96.000000,96.000000,96.000000,95.000000,95.000000,5.0,37.1285,34.0107,131.6376,134.7554,PENDING_AG03,FALSE,NOT_FOR_ENFORCEMENT,162.0155,234591.6392,168.7661,162.0155,6.7506,0.00062781,0.00060270,6.7506,162.0155,0.00060270,6.7506,6.7506,6.7506,8.4383,8.4383,162.0155,0.00060270,37.1285,34.0107,131.6376,134.7554,0.00048969,0.00050129,0.00002511,43.0246,43.5591,0.0301,2.0581,0.0627,3278.2661,68.4146,17.6798,46.9397,25.7155,39.4976,52.6635,77.1466,82.2897,128.5777,31.4111,0.0,2.083411,3.25533,1.089297,30,192,222,8,0.05498276,0.00062781,0.08642944,0E-8,0.000000,0.909041,0.000000,-0.09079372,2026-03-23,2026-08-06,82,2690,1181,137,0.598540,0.376650,0.410924,0.183276,,,,,,,,GLOBAL_BASELINE_NO_ENTITY_RANKING,,,NOT_APPLICABLE_GLOBAL_BASELINE,HF9g-P5,,,,X 全窗基线 · 不参与实体赏罚,6877116,688,A168_HF9F_20260827_0900,2026-08-27 09:00:00
2026-04-09,70460261,2241,0,269.6123341099,-167.5261105149,-167.5261105149,0.2500000,4,4,0.50665070000000000,0.506650700000,-1.0266936290537745,-1.0266936290537745,-1.0266936290537745,0E-17,ELIGIBLE,R03b_20260811_FULL_v1,L1_ELIGIBILITY,v2026-08-11,2026-03-21..2026-08-06,baccarat_bet02_101_all_pairs_incl_sentinel,round_win = game_pnl > 0 (decisive only),COMPATIBILITY_ONLY_NOT_PRODUCTION,268817.8208,244366.2908,168.7661,6248,5610,-0.00062781,-0.08642944,0.00436428,-0.00062781,-168.7661,268817.8208,OK,0.0000,6.7506,4.0000,96.0000,AG03-UNRESOLVED,ALL5_LEVELS_bet23_to_bet27,6.7506,6.7506,6.7506,8.4383,8.4383,4.000000,4.000000,4.000000,5.000000,5.000000,96.000000,96.000000,96.000000,95.000000,95.000000,5.0,37.1285,34.0107,131.6376,134.7554,PENDING_AG03,FALSE,NOT_FOR_ENFORCEMENT,162.0155,234591.6392,168.7661,162.0155,6.7506,0.00062781,0.00060270,6.7506,162.0155,0.00060270,6.7506,6.7506,6.7506,8.4383,8.4383,162.0155,0.00060270,37.1285,34.0107,131.6376,134.7554,0.00048969,0.00050129,0.00002511,43.0246,43.5591,0.0301,2.0581,0.0627,3278.2661,68.4146,17.6798,46.9397,25.7155,39.4976,52.6635,77.1466,82.2897,128.5777,31.4111,0.0,2.083411,3.25533,1.089297,30,192,222,8,0.05498276,0.00062781,0.08642944,0E-8,0.000000,0.909041,0.000000,-0.09079372,2026-03-23,2026-08-06,82,2690,1181,137,0.598540,0.376650,0.410924,0.183276,,,,,,,,GLOBAL_BASELINE_NO_ENTITY_RANKING,,,NOT_APPLICABLE_GLOBAL_BASELINE,HF9g-P5,,,,X 全窗基线 · 不参与实体赏罚,6877117,688,A168_HF9F_20260827_0900,2026-08-27 09:00:00
2026-04-09,70460261,2250,0,287.9355024475,-17.6687694685,-17.6687694685,0.5000000,4,3,0.46889325833329727,0.431135816667,0.08815391793240988,0.19665140439026974,0.08815391793240988,0.03775744166629727,ELIGIBLE,R03b_20260811_FULL_v1,L1_ELIGIBILITY,v2026-08-11,2026-03-21..2026-08-06,baccarat_bet02_101_all_pairs_incl_sentinel,round_win = game_pnl > 0 (decisive only),COMPATIBILITY_ONLY_NOT_PRODUCTION,268817.8208,244366.2908,168.7661,6248,5610,-0.00062781,-0.08642944,0.00436428,-0.00062781,-168.7661,268817.8208,OK,0.0000,6.7506,4.0000,96.0000,AG03-UNRESOLVED,ALL5_LEVELS_bet23_to_bet27,6.7506,6.7506,6.7506,8.4383,8.4383,4.000000,4.000000,4.000000,5.000000,5.000000,96.000000,96.000000,96.000000,95.000000,95.000000,5.0,37.1285,34.0107,131.6376,134.7554,PENDING_AG03,FALSE,NOT_FOR_ENFORCEMENT,162.0155,234591.6392,168.7661,162.0155,6.7506,0.00062781,0.00060270,6.7506,162.0155,0.00060270,6.7506,6.7506,6.7506,8.4383,8.4383,162.0155,0.00060270,37.1285,34.0107,131.6376,134.7554,0.00048969,0.00050129,0.00002511,43.0246,43.5591,0.0301,2.0581,0.0627,3278.2661,68.4146,17.6798,46.9397,25.7155,39.4976,52.6635,77.1466,82.2897,128.5777,31.4111,0.0,2.083411,3.25533,1.089297,30,192,222,8,0.05498276,0.00062781,0.08642944,0E-8,0.000000,0.909041,0.000000,-0.09079372,2026-03-23,2026-08-06,82,2690,1181,137,0.598540,0.376650,0.410924,0.183276,,,,,,,,GLOBAL_BASELINE_NO_ENTITY_RANKING,,,NOT_APPLICABLE_GLOBAL_BASELINE,HF9g-P5,,,,X 全窗基线 · 不参与实体赏罚,6877118,688,A168_HF9F_20260827_0900,2026-08-27 09:00:00
2026-04-09,70460261,526,0,88.9982462110,-88.9982462110,-88.9982462110,0E-7,2,2,0.50665070000000000,0.506650700000,-1.4331513700195317,-1.4331513700195317,-1.4331513700195317,0E-17,ELIGIBLE,R03b_20260811_FULL_v1,L1_ELIGIBILITY,v2026-08-11,2026-03-21..2026-08-06,baccarat_bet02_101_all_pairs_incl_sentinel,round_win = game_pnl > 0 (decisive only),COMPATIBILITY_ONLY_NOT_PRODUCTION,268817.8208,244366.2908,168.7661,6248,5610,-0.00062781,-0.08642944,0.00436428,-0.00062781,-168.7661,268817.8208,OK,0.0000,6.7506,4.0000,96.0000,AG03-UNRESOLVED,ALL5_LEVELS_bet23_to_bet27,6.7506,6.7506,6.7506,8.4383,8.4383,4.000000,4.000000,4.000000,5.000000,5.000000,96.000000,96.000000,96.000000,95.000000,95.000000,5.0,37.1285,34.0107,131.6376,134.7554,PENDING_AG03,FALSE,NOT_FOR_ENFORCEMENT,162.0155,234591.6392,168.7661,162.0155,6.7506,0.00062781,0.00060270,6.7506,162.0155,0.00060270,6.7506,6.7506,6.7506,8.4383,8.4383,162.0155,0.00060270,37.1285,34.0107,131.6376,134.7554,0.00048969,0.00050129,0.00002511,43.0246,43.5591,0.0301,2.0581,0.0627,3278.2661,68.4146,17.6798,46.9397,25.7155,39.4976,52.6635,77.1466,82.2897,128.5777,31.4111,0.0,2.083411,3.25533,1.089297,30,192,222,8,0.05498276,0.00062781,0.08642944,0E-8,0.000000,0.909041,0.000000,-0.09079372,2026-03-23,2026-08-06,82,2690,1181,137,0.598540,0.376650,0.410924,0.183276,,,,,,,,GLOBAL_BASELINE_NO_ENTITY_RANKING,,,NOT_APPLICABLE_GLOBAL_BASELINE,HF9g-P5,,,,X 全窗基线 · 不参与实体赏罚,6877119,688,A168_HF9F_20260827_0900,2026-08-27 09:00:00
2026-04-09,70460261,583,0,138.7325602702,-138.7325602702,-138.7325602702,0E-7,2,2,0.49994810000000000,0.499948100000,-1.4140667746232096,-1.4140667746232096,-1.4140667746232096,0E-17,ELIGIBLE,R03b_20260811_FULL_v1,L1_ELIGIBILITY,v2026-08-11,2026-03-21..2026-08-06,baccarat_bet02_101_all_pairs_incl_sentinel,round_win = game_pnl > 0 (decisive only),COMPATIBILITY_ONLY_NOT_PRODUCTION,268817.8208,244366.2908,168.7661,6248,5610,-0.00062781,-0.08642944,0.00436428,-0.00062781,-168.7661,268817.8208,OK,0.0000,6.7506,4.0000,96.0000,AG03-UNRESOLVED,ALL5_LEVELS_bet23_to_bet27,6.7506,6.7506,6.7506,8.4383,8.4383,4.000000,4.000000,4.000000,5.000000,5.000000,96.000000,96.000000,96.000000,95.000000,95.000000,5.0,37.1285,34.0107,131.6376,134.7554,PENDING_AG03,FALSE,NOT_FOR_ENFORCEMENT,162.0155,234591.6392,168.7661,162.0155,6.7506,0.00062781,0.00060270,6.7506,162.0155,0.00060270,6.7506,6.7506,6.7506,8.4383,8.4383,162.0155,0.00060270,37.1285,34.0107,131.6376,134.7554,0.00048969,0.00050129,0.00002511,43.0246,43.5591,0.0301,2.0581,0.0627,3278.2661,68.4146,17.6798,46.9397,25.7155,39.4976,52.6635,77.1466,82.2897,128.5777,31.4111,0.0,2.083411,3.25533,1.089297,30,192,222,8,0.05498276,0.00062781,0.08642944,0E-8,0.000000,0.909041,0.000000,-0.09079372,2026-03-23,2026-08-06,82,2690,1181,137,0.598540,0.376650,0.410924,0.183276,,,,,,,,GLOBAL_BASELINE_NO_ENTITY_RANKING,,,NOT_APPLICABLE_GLOBAL_BASELINE,HF9g-P5,,,,X 全窗基线 · 不参与实体赏罚,6877120,688,A168_HF9F_20260827_0900,2026-08-27 09:00:00
2026-04-09,70460261,595,0,212.2869931681,-4.5415281522,-4.5415281522,0.6666667,3,3,0.50665070000000000,0.506650700000,0.5543606114942035,0.5543606114942035,0.5543606114942035,0E-17,ELIGIBLE,R03b_20260811_FULL_v1,L1_ELIGIBILITY,v2026-08-11,2026-03-21..2026-08-06,baccarat_bet02_101_all_pairs_incl_sentinel,round_win = game_pnl > 0 (decisive only),COMPATIBILITY_ONLY_NOT_PRODUCTION,268817.8208,244366.2908,168.7661,6248,5610,-0.00062781,-0.08642944,0.00436428,-0.00062781,-168.7661,268817.8208,OK,0.0000,6.7506,4.0000,96.0000,AG03-UNRESOLVED,ALL5_LEVELS_bet23_to_bet27,6.7506,6.7506,6.7506,8.4383,8.4383,4.000000,4.000000,4.000000,5.000000,5.000000,96.000000,96.000000,96.000000,95.000000,95.000000,5.0,37.1285,34.0107,131.6376,134.7554,PENDING_AG03,FALSE,NOT_FOR_ENFORCEMENT,162.0155,234591.6392,168.7661,162.0155,6.7506,0.00062781,0.00060270,6.7506,162.0155,0.00060270,6.7506,6.7506,6.7506,8.4383,8.4383,162.0155,0.00060270,37.1285,34.0107,131.6376,134.7554,0.00048969,0.00050129,0.00002511,43.0246,43.5591,0.0301,2.0581,0.0627,3278.2661,68.4146,17.6798,46.9397,25.7155,39.4976,52.6635,77.1466,82.2897,128.5777,31.4111,0.0,2.083411,3.25533,1.089297,30,192,222,8,0.05498276,0.00062781,0.08642944,0E-8,0.000000,0.909041,0.000000,-0.09079372,2026-03-23,2026-08-06,82,2690,1181,137,0.598540,0.376650,0.410924,0.183276,,,,,,,,GLOBAL_BASELINE_NO_ENTITY_RANKING,,,NOT_APPLICABLE_GLOBAL_BASELINE,HF9g-P5,,,,X 全窗基线 · 不参与实体赏罚,6877121,688,A168_HF9F_20260827_0900,2026-08-27 09:00:00
2026-04-10,70460261,-1,1,1505.1173991579,-92.7937596529,-92.7937596529,0.5454545,49,22,0.43948253310614215,0.341880384545,1.0014681387551467,2.0130032881163564,1.0014681387551467,0.09760214856114215,SENTINEL_DEALER,R03b_20260811_FULL_v1,L1_ELIGIBILITY,v2026-08-11,2026-03-21..2026-08-06,baccarat_bet02_101_all_pairs_incl_sentinel,round_win = game_pnl > 0 (decisive only),COMPATIBILITY_ONLY_NOT_PRODUCTION,268817.8208,244366.2908,168.7661,6248,5610,-0.00062781,-0.08642944,0.00436428,-0.00062781,-168.7661,268817.8208,OK,0.0000,6.7506,4.0000,96.0000,AG03-UNRESOLVED,ALL5_LEVELS_bet23_to_bet27,6.7506,6.7506,6.7506,8.4383,8.4383,4.000000,4.000000,4.000000,5.000000,5.000000,96.000000,96.000000,96.000000,95.000000,95.000000,5.0,37.1285,34.0107,131.6376,134.7554,PENDING_AG03,FALSE,NOT_FOR_ENFORCEMENT,162.0155,234591.6392,168.7661,162.0155,6.7506,0.00062781,0.00060270,6.7506,162.0155,0.00060270,6.7506,6.7506,6.7506,8.4383,8.4383,162.0155,0.00060270,37.1285,34.0107,131.6376,134.7554,0.00048969,0.00050129,0.00002511,43.0246,43.5591,0.0301,2.0581,0.0627,3278.2661,68.4146,17.6798,46.9397,25.7155,39.4976,52.6635,77.1466,82.2897,128.5777,31.4111,0.0,2.083411,3.25533,1.089297,30,192,222,8,0.05498276,0.00062781,0.08642944,0E-8,0.000000,0.909041,0.000000,-0.09079372,2026-03-23,2026-08-06,82,2690,1181,137,0.598540,0.376650,0.410924,0.183276,,,,,,,,GLOBAL_BASELINE_NO_ENTITY_RANKING,,,NOT_APPLICABLE_GLOBAL_BASELINE,HF9g-P5,,,,X 全窗基线 · 不参与实体赏罚,6877122,688,A168_HF9F_20260827_0900,2026-08-27 09:00:00
2026-04-10,70460261,1060,0,130.8797738398,-130.8797738398,-130.8797738398,0E-7,3,1,0.41883544999986581,0.213933200000,-0.8489305427649659,-0.5216862217126026,-0.8489305427649659,0.20490224999986581,ELIGIBLE,R03b_20260811_FULL_v1,L1_ELIGIBILITY,v2026-08-11,2026-03-21..2026-08-06,baccarat_bet02_101_all_pairs_incl_sentinel,round_win = game_pnl > 0 (decisive only),COMPATIBILITY_ONLY_NOT_PRODUCTION,268817.8208,244366.2908,168.7661,6248,5610,-0.00062781,-0.08642944,0.00436428,-0.00062781,-168.7661,268817.8208,OK,0.0000,6.7506,4.0000,96.0000,AG03-UNRESOLVED,ALL5_LEVELS_bet23_to_bet27,6.7506,6.7506,6.7506,8.4383,8.4383,4.000000,4.000000,4.000000,5.000000,5.000000,96.000000,96.000000,96.000000,95.000000,95.000000,5.0,37.1285,34.0107,131.6376,134.7554,PENDING_AG03,FALSE,NOT_FOR_ENFORCEMENT,162.0155,234591.6392,168.7661,162.0155,6.7506,0.00062781,0.00060270,6.7506,162.0155,0.00060270,6.7506,6.7506,6.7506,8.4383,8.4383,162.0155,0.00060270,37.1285,34.0107,131.6376,134.7554,0.00048969,0.00050129,0.00002511,43.0246,43.5591,0.0301,2.0581,0.0627,3278.2661,68.4146,17.6798,46.9397,25.7155,39.4976,52.6635,77.1466,82.2897,128.5777,31.4111,0.0,2.083411,3.25533,1.089297,30,192,222,8,0.05498276,0.00062781,0.08642944,0E-8,0.000000,0.909041,0.000000,-0.09079372,2026-03-23,2026-08-06,82,2690,1181,137,0.598540,0.376650,0.410924,0.183276,,,,,,,,GLOBAL_BASELINE_NO_ENTITY_RANKING,,,NOT_APPLICABLE_GLOBAL_BASELINE,HF9g-P5,,,,X 全窗基线 · 不参与实体赏罚,6877123,688,A168_HF9F_20260827_0900,2026-08-27 09:00:00
2026-04-10,70460261,1323,0,39.2639321519,0E-10,0E-10,,1,1,0.50665070000000000,0.506650700000,,,,0E-17,NO_DECISIVE_ROUND,R03b_20260811_FULL_v1,L1_ELIGIBILITY,v2026-08-11,2026-03-21..2026-08-06,baccarat_bet02_101_all_pairs_incl_sentinel,round_win = game_pnl > 0 (decisive only),COMPATIBILITY_ONLY_NOT_PRODUCTION,268817.8208,244366.2908,168.7661,6248,5610,-0.00062781,-0.08642944,0.00436428,-0.00062781,-168.7661,268817.8208,OK,0.0000,6.7506,4.0000,96.0000,AG03-UNRESOLVED,ALL5_LEVELS_bet23_to_bet27,6.7506,6.7506,6.7506,8.4383,8.4383,4.000000,4.000000,4.000000,5.000000,5.000000,96.000000,96.000000,96.000000,95.000000,95.000000,5.0,37.1285,34.0107,131.6376,134.7554,PENDING_AG03,FALSE,NOT_FOR_ENFORCEMENT,162.0155,234591.6392,168.7661,162.0155,6.7506,0.00062781,0.00060270,6.7506,162.0155,0.00060270,6.7506,6.7506,6.7506,8.4383,8.4383,162.0155,0.00060270,37.1285,34.0107,131.6376,134.7554,0.00048969,0.00050129,0.00002511,43.0246,43.5591,0.0301,2.0581,0.0627,3278.2661,68.4146,17.6798,46.9397,25.7155,39.4976,52.6635,77.1466,82.2897,128.5777,31.4111,0.0,2.083411,3.25533,1.089297,30,192,222,8,0.05498276,0.00062781,0.08642944,0E-8,0.000000,0.909041,0.000000,-0.09079372,2026-03-23,2026-08-06,82,2690,1181,137,0.598540,0.376650,0.410924,0.183276,,,,,,,,GLOBAL_BASELINE_NO_ENTITY_RANKING,,,NOT_APPLICABLE_GLOBAL_BASELINE,HF9g-P5,,,,X 全窗基线 · 不参与实体赏罚,6877124,688,A168_HF9F_20260827_0900,2026-08-27 09:00:00
2026-04-10,70460261,1330,0,264.3771431563,154.1763735832,154.1763735832,1.0000000,5,5,0.50128862000000000,0.501288620000,1.7275926344336499,1.7275926344336499,1.7275926344336499,0E-17,ELIGIBLE,R03b_20260811_FULL_v1,L1_ELIGIBILITY,v2026-08-11,2026-03-21..2026-08-06,baccarat_bet02_101_all_pairs_incl_sentinel,round_win = game_pnl > 0 (decisive only),COMPATIBILITY_ONLY_NOT_PRODUCTION,268817.8208,244366.2908,168.7661,6248,5610,-0.00062781,-0.08642944,0.00436428,-0.00062781,-168.7661,268817.8208,OK,0.0000,6.7506,4.0000,96.0000,AG03-UNRESOLVED,ALL5_LEVELS_bet23_to_bet27,6.7506,6.7506,6.7506,8.4383,8.4383,4.000000,4.000000,4.000000,5.000000,5.000000,96.000000,96.000000,96.000000,95.000000,95.000000,5.0,37.1285,34.0107,131.6376,134.7554,PENDING_AG03,FALSE,NOT_FOR_ENFORCEMENT,162.0155,234591.6392,168.7661,162.0155,6.7506,0.00062781,0.00060270,6.7506,162.0155,0.00060270,6.7506,6.7506,6.7506,8.4383,8.4383,162.0155,0.00060270,37.1285,34.0107,131.6376,134.7554,0.00048969,0.00050129,0.00002511,43.0246,43.5591,0.0301,2.0581,0.0627,3278.2661,68.4146,17.6798,46.9397,25.7155,39.4976,52.6635,77.1466,82.2897,128.5777,31.4111,0.0,2.083411,3.25533,1.089297,30,192,222,8,0.05498276,0.00062781,0.08642944,0E-8,0.000000,0.909041,0.000000,-0.09079372,2026-03-23,2026-08-06,82,2690,1181,137,0.598540,0.376650,0.410924,0.183276,,,,,,,,GLOBAL_BASELINE_NO_ENTITY_RANKING,,,NOT_APPLICABLE_GLOBAL_BASELINE,HF9g-P5,,,,X 全窗基线 · 不参与实体赏罚,6877125,688,A168_HF9F_20260827_0900,2026-08-27 09:00:00
2026-04-10,70460261,1382,0,183.2316833757,-81.1454597807,-81.1454597807,0.5000000,2,2,0.50665070000000000,0.506650700000,-0.018812684590367487,-0.018812684590367487,-0.018812684590367487,0E-17,ELIGIBLE,R03b_20260811_FULL_v1,L1_ELIGIBILITY,v2026-08-11,2026-03-21..2026-08-06,baccarat_bet02_101_all_pairs_incl_sentinel,round_win = game_pnl > 0 (decisive only),COMPATIBILITY_ONLY_NOT_PRODUCTION,268817.8208,244366.2908,168.7661,6248,5610,-0.00062781,-0.08642944,0.00436428,-0.00062781,-168.7661,268817.8208,OK,0.0000,6.7506,4.0000,96.0000,AG03-UNRESOLVED,ALL5_LEVELS_bet23_to_bet27,6.7506,6.7506,6.7506,8.4383,8.4383,4.000000,4.000000,4.000000,5.000000,5.000000,96.000000,96.000000,96.000000,95.000000,95.000000,5.0,37.1285,34.0107,131.6376,134.7554,PENDING_AG03,FALSE,NOT_FOR_ENFORCEMENT,162.0155,234591.6392,168.7661,162.0155,6.7506,0.00062781,0.00060270,6.7506,162.0155,0.00060270,6.7506,6.7506,6.7506,8.4383,8.4383,162.0155,0.00060270,37.1285,34.0107,131.6376,134.7554,0.00048969,0.00050129,0.00002511,43.0246,43.5591,0.0301,2.0581,0.0627,3278.2661,68.4146,17.6798,46.9397,25.7155,39.4976,52.6635,77.1466,82.2897,128.5777,31.4111,0.0,2.083411,3.25533,1.089297,30,192,222,8,0.05498276,0.00062781,0.08642944,0E-8,0.000000,0.909041,0.000000,-0.09079372,2026-03-23,2026-08-06,82,2690,1181,137,0.598540,0.376650,0.410924,0.183276,,,,,,,,GLOBAL_BASELINE_NO_ENTITY_RANKING,,,NOT_APPLICABLE_GLOBAL_BASELINE,HF9g-P5,,,,X 全窗基线 · 不参与实体赏罚,6877126,688,A168_HF9F_20260827_0900,2026-08-27 09:00:00
2026-04-10,70460261,1383,0,112.5566055022,15.0511739916,15.0511739916,0.5000000,2,2,0.50665070000000000,0.506650700000,-0.018812684590367487,-0.018812684590367487,-0.018812684590367487,0E-17,ELIGIBLE,R03b_20260811_FULL_v1,L1_ELIGIBILITY,v2026-08-11,2026-03-21..2026-08-06,baccarat_bet02_101_all_pairs_incl_sentinel,round_win = game_pnl > 0 (decisive only),COMPATIBILITY_ONLY_NOT_PRODUCTION,268817.8208,244366.2908,168.7661,6248,5610,-0.00062781,-0.08642944,0.00436428,-0.00062781,-168.7661,268817.8208,OK,0.0000,6.7506,4.0000,96.0000,AG03-UNRESOLVED,ALL5_LEVELS_bet23_to_bet27,6.7506,6.7506,6.7506,8.4383,8.4383,4.000000,4.000000,4.000000,5.000000,5.000000,96.000000,96.000000,96.000000,95.000000,95.000000,5.0,37.1285,34.0107,131.6376,134.7554,PENDING_AG03,FALSE,NOT_FOR_ENFORCEMENT,162.0155,234591.6392,168.7661,162.0155,6.7506,0.00062781,0.00060270,6.7506,162.0155,0.00060270,6.7506,6.7506,6.7506,8.4383,8.4383,162.0155,0.00060270,37.1285,34.0107,131.6376,134.7554,0.00048969,0.00050129,0.00002511,43.0246,43.5591,0.0301,2.0581,0.0627,3278.2661,68.4146,17.6798,46.9397,25.7155,39.4976,52.6635,77.1466,82.2897,128.5777,31.4111,0.0,2.083411,3.25533,1.089297,30,192,222,8,0.05498276,0.00062781,0.08642944,0E-8,0.000000,0.909041,0.000000,-0.09079372,2026-03-23,2026-08-06,82,2690,1181,137,0.598540,0.376650,0.410924,0.183276,,,,,,,,GLOBAL_BASELINE_NO_ENTITY_RANKING,,,NOT_APPLICABLE_GLOBAL_BASELINE,HF9g-P5,,,,X 全窗基线 · 不参与实体赏罚,6877127,688,A168_HF9F_20260827_0900,2026-08-27 09:00:00
2026-04-10,70460261,1400,0,272.2299295868,-117.7917964559,-117.7917964559,0.2500000,7,5,0.48933378499997670,0.445426160000,-0.9575530428550523,-0.7864029692154979,-0.9575530428550523,0.04390762499997670,ELIGIBLE,R03b_20260811_FULL_v1,L1_ELIGIBILITY,v2026-08-11,2026-03-21..2026-08-06,baccarat_bet02_101_all_pairs_incl_sentinel,round_win = game_pnl > 0 (decisive only),COMPATIBILITY_ONLY_NOT_PRODUCTION,268817.8208,244366.2908,168.7661,6248,5610,-0.00062781,-0.08642944,0.00436428,-0.00062781,-168.7661,268817.8208,OK,0.0000,6.7506,4.0000,96.0000,AG03-UNRESOLVED,ALL5_LEVELS_bet23_to_bet27,6.7506,6.7506,6.7506,8.4383,8.4383,4.000000,4.000000,4.000000,5.000000,5.000000,96.000000,96.000000,96.000000,95.000000,95.000000,5.0,37.1285,34.0107,131.6376,134.7554,PENDING_AG03,FALSE,NOT_FOR_ENFORCEMENT,162.0155,234591.6392,168.7661,162.0155,6.7506,0.00062781,0.00060270,6.7506,162.0155,0.00060270,6.7506,6.7506,6.7506,8.4383,8.4383,162.0155,0.00060270,37.1285,34.0107,131.6376,134.7554,0.00048969,0.00050129,0.00002511,43.0246,43.5591,0.0301,2.0581,0.0627,3278.2661,68.4146,17.6798,46.9397,25.7155,39.4976,52.6635,77.1466,82.2897,128.5777,31.4111,0.0,2.083411,3.25533,1.089297,30,192,222,8,0.05498276,0.00062781,0.08642944,0E-8,0.000000,0.909041,0.000000,-0.09079372,2026-03-23,2026-08-06,82,2690,1181,137,0.598540,0.376650,0.410924,0.183276,,,,,,,,GLOBAL_BASELINE_NO_ENTITY_RANKING,,,NOT_APPLICABLE_GLOBAL_BASELINE,HF9g-P5,,,,X 全窗基线 · 不参与实体赏罚,6877128,688,A168_HF9F_20260827_0900,2026-08-27 09:00:00
2026-04-10,70460261,1704,0,94.2334371646,91.8776012355,91.8776012355,1.0000000,2,2,0.49994810000000000,0.499948100000,1.4143603653603398,1.4143603653603398,1.4143603653603398,0E-17,ELIGIBLE,R03b_20260811_FULL_v1,L1_ELIGIBILITY,v2026-08-11,2026-03-21..2026-08-06,baccarat_bet02_101_all_pairs_incl_sentinel,round_win = game_pnl > 0 (decisive only),COMPATIBILITY_ONLY_NOT_PRODUCTION,268817.8208,244366.2908,168.7661,6248,5610,-0.00062781,-0.08642944,0.00436428,-0.00062781,-168.7661,268817.8208,OK,0.0000,6.7506,4.0000,96.0000,AG03-UNRESOLVED,ALL5_LEVELS_bet23_to_bet27,6.7506,6.7506,6.7506,8.4383,8.4383,4.000000,4.000000,4.000000,5.000000,5.000000,96.000000,96.000000,96.000000,95.000000,95.000000,5.0,37.1285,34.0107,131.6376,134.7554,PENDING_AG03,FALSE,NOT_FOR_ENFORCEMENT,162.0155,234591.6392,168.7661,162.0155,6.7506,0.00062781,0.00060270,6.7506,162.0155,0.00060270,6.7506,6.7506,6.7506,8.4383,8.4383,162.0155,0.00060270,37.1285,34.0107,131.6376,134.7554,0.00048969,0.00050129,0.00002511,43.0246,43.5591,0.0301,2.0581,0.0627,3278.2661,68.4146,17.6798,46.9397,25.7155,39.4976,52.6635,77.1466,82.2897,128.5777,31.4111,0.0,2.083411,3.25533,1.089297,30,192,222,8,0.05498276,0.00062781,0.08642944,0E-8,0.000000,0.909041,0.000000,-0.09079372,2026-03-23,2026-08-06,82,2690,1181,137,0.598540,0.376650,0.410924,0.183276,,,,,,,,GLOBAL_BASELINE_NO_ENTITY_RANKING,,,NOT_APPLICABLE_GLOBAL_BASELINE,HF9g-P5,,,,X 全窗基线 · 不参与实体赏罚,6877129,688,A168_HF9F_20260827_0900,2026-08-27 09:00:00
2026-04-10,70460261,1957,0,52.3519095359,-52.3519095359,-52.3519095359,0E-7,1,1,0.50665070000000000,0.506650700000,-1.013391052207602,-1.013391052207602,-1.013391052207602,0E-17,ELIGIBLE,R03b_20260811_FULL_v1,L1_ELIGIBILITY,v2026-08-11,2026-03-21..2026-08-06,baccarat_bet02_101_all_pairs_incl_sentinel,round_win = game_pnl > 0 (decisive only),COMPATIBILITY_ONLY_NOT_PRODUCTION,268817.8208,244366.2908,168.7661,6248,5610,-0.00062781,-0.08642944,0.00436428,-0.00062781,-168.7661,268817.8208,OK,0.0000,6.7506,4.0000,96.0000,AG03-UNRESOLVED,ALL5_LEVELS_bet23_to_bet27,6.7506,6.7506,6.7506,8.4383,8.4383,4.000000,4.000000,4.000000,5.000000,5.000000,96.000000,96.000000,96.000000,95.000000,95.000000,5.0,37.1285,34.0107,131.6376,134.7554,PENDING_AG03,FALSE,NOT_FOR_ENFORCEMENT,162.0155,234591.6392,168.7661,162.0155,6.7506,0.00062781,0.00060270,6.7506,162.0155,0.00060270,6.7506,6.7506,6.7506,8.4383,8.4383,162.0155,0.00060270,37.1285,34.0107,131.6376,134.7554,0.00048969,0.00050129,0.00002511,43.0246,43.5591,0.0301,2.0581,0.0627,3278.2661,68.4146,17.6798,46.9397,25.7155,39.4976,52.6635,77.1466,82.2897,128.5777,31.4111,0.0,2.083411,3.25533,1.089297,30,192,222,8,0.05498276,0.00062781,0.08642944,0E-8,0.000000,0.909041,0.000000,-0.09079372,2026-03-23,2026-08-06,82,2690,1181,137,0.598540,0.376650,0.410924,0.183276,,,,,,,,GLOBAL_BASELINE_NO_ENTITY_RANKING,,,NOT_APPLICABLE_GLOBAL_BASELINE,HF9g-P5,,,,X 全窗基线 · 不参与实体赏罚,6877130,688,A168_HF9F_20260827_0900,2026-08-27 09:00:00
2026-04-10,70460261,2108,0,209.4076381437,-104.7038190719,-104.7038190719,0E-7,4,2,0.46274307499993291,0.360291950000,-1.3124837978745079,-1.0613322701661767,-1.3124837978745079,0.10245112499993291,ELIGIBLE,R03b_20260811_FULL_v1,L1_ELIGIBILITY,v2026-08-11,2026-03-21..2026-08-06,baccarat_bet02_101_all_pairs_incl_sentinel,round_win = game_pnl > 0 (decisive only),COMPATIBILITY_ONLY_NOT_PRODUCTION,268817.8208,244366.2908,168.7661,6248,5610,-0.00062781,-0.08642944,0.00436428,-0.00062781,-168.7661,268817.8208,OK,0.0000,6.7506,4.0000,96.0000,AG03-UNRESOLVED,ALL5_LEVELS_bet23_to_bet27,6.7506,6.7506,6.7506,8.4383,8.4383,4.000000,4.000000,4.000000,5.000000,5.000000,96.000000,96.000000,96.000000,95.000000,95.000000,5.0,37.1285,34.0107,131.6376,134.7554,PENDING_AG03,FALSE,NOT_FOR_ENFORCEMENT,162.0155,234591.6392,168.7661,162.0155,6.7506,0.00062781,0.00060270,6.7506,162.0155,0.00060270,6.7506,6.7506,6.7506,8.4383,8.4383,162.0155,0.00060270,37.1285,34.0107,131.6376,134.7554,0.00048969,0.00050129,0.00002511,43.0246,43.5591,0.0301,2.0581,0.0627,3278.2661,68.4146,17.6798,46.9397,25.7155,39.4976,52.6635,77.1466,82.2897,128.5777,31.4111,0.0,2.083411,3.25533,1.089297,30,192,222,8,0.05498276,0.00062781,0.08642944,0E-8,0.000000,0.909041,0.000000,-0.09079372,2026-03-23,2026-08-06,82,2690,1181,137,0.598540,0.376650,0.410924,0.183276,,,,,,,,GLOBAL_BASELINE_NO_ENTITY_RANKING,,,NOT_APPLICABLE_GLOBAL_BASELINE,HF9g-P5,,,,X 全窗基线 · 不参与实体赏罚,6877131,688,A168_HF9F_20260827_0900,2026-08-27 09:00:00
2026-04-10,70460261,2171,0,54.9695050127,-54.9695050127,-54.9695050127,0E-7,1,1,0.50665070000000000,0.506650700000,-1.013391052207602,-1.013391052207602,-1.013391052207602,0E-17,ELIGIBLE,R03b_20260811_FULL_v1,L1_ELIGIBILITY,v2026-08-11,2026-03-21..2026-08-06,baccarat_bet02_101_all_pairs_incl_sentinel,round_win = game_pnl > 0 (decisive only),COMPATIBILITY_ONLY_NOT_PRODUCTION,268817.8208,244366.2908,168.7661,6248,5610,-0.00062781,-0.08642944,0.00436428,-0.00062781,-168.7661,268817.8208,OK,0.0000,6.7506,4.0000,96.0000,AG03-UNRESOLVED,ALL5_LEVELS_bet23_to_bet27,6.7506,6.7506,6.7506,8.4383,8.4383,4.000000,4.000000,4.000000,5.000000,5.000000,96.000000,96.000000,96.000000,95.000000,95.000000,5.0,37.1285,34.0107,131.6376,134.7554,PENDING_AG03,FALSE,NOT_FOR_ENFORCEMENT,162.0155,234591.6392,168.7661,162.0155,6.7506,0.00062781,0.00060270,6.7506,162.0155,0.00060270,6.7506,6.7506,6.7506,8.4383,8.4383,162.0155,0.00060270,37.1285,34.0107,131.6376,134.7554,0.00048969,0.00050129,0.00002511,43.0246,43.5591,0.0301,2.0581,0.0627,3278.2661,68.4146,17.6798,46.9397,25.7155,39.4976,52.6635,77.1466,82.2897,128.5777,31.4111,0.0,2.083411,3.25533,1.089297,30,192,222,8,0.05498276,0.00062781,0.08642944,0E-8,0.000000,0.909041,0.000000,-0.09079372,2026-03-23,2026-08-06,82,2690,1181,137,0.598540,0.376650,0.410924,0.183276,,,,,,,,GLOBAL_BASELINE_NO_ENTITY_RANKING,,,NOT_APPLICABLE_GLOBAL_BASELINE,HF9g-P5,,,,X 全窗基线 · 不参与实体赏罚,6877132,688,A168_HF9F_20260827_0900,2026-08-27 09:00:00
2026-04-10,70460261,2209,0,191.0844698062,168.5731487055,168.5731487055,0.6666667,9,3,0.31718050964574422,0.213933200000,1.3007217571438956,1.912204808722431,1.3007217571438956,0.10324730964574422,ELIGIBLE,R03b_20260811_FULL_v1,L1_ELIGIBILITY,v2026-08-11,2026-03-21..2026-08-06,baccarat_bet02_101_all_pairs_incl_sentinel,round_win = game_pnl > 0 (decisive only),COMPATIBILITY_ONLY_NOT_PRODUCTION,268817.8208,244366.2908,168.7661,6248,5610,-0.00062781,-0.08642944,0.00436428,-0.00062781,-168.7661,268817.8208,OK,0.0000,6.7506,4.0000,96.0000,AG03-UNRESOLVED,ALL5_LEVELS_bet23_to_bet27,6.7506,6.7506,6.7506,8.4383,8.4383,4.000000,4.000000,4.000000,5.000000,5.000000,96.000000,96.000000,96.000000,95.000000,95.000000,5.0,37.1285,34.0107,131.6376,134.7554,PENDING_AG03,FALSE,NOT_FOR_ENFORCEMENT,162.0155,234591.6392,168.7661,162.0155,6.7506,0.00062781,0.00060270,6.7506,162.0155,0.00060270,6.7506,6.7506,6.7506,8.4383,8.4383,162.0155,0.00060270,37.1285,34.0107,131.6376,134.7554,0.00048969,0.00050129,0.00002511,43.0246,43.5591,0.0301,2.0581,0.0627,3278.2661,68.4146,17.6798,46.9397,25.7155,39.4976,52.6635,77.1466,82.2897,128.5777,31.4111,0.0,2.083411,3.25533,1.089297,30,192,222,8,0.05498276,0.00062781,0.08642944,0E-8,0.000000,0.909041,0.000000,-0.09079372,2026-03-23,2026-08-06,82,2690,1181,137,0.598540,0.376650,0.410924,0.183276,,,,,,,,GLOBAL_BASELINE_NO_ENTITY_RANKING,,,NOT_APPLICABLE_GLOBAL_BASELINE,HF9g-P5,,,,X 全窗基线 · 不参与实体赏罚,6877133,688,A168_HF9F_20260827_0900,2026-08-27 09:00:00
2026-04-10,70460261,2216,0,132.9738502212,-132.9738502212,-132.9738502212,0E-7,4,2,0.47006101249994176,0.360291950000,-1.3319231820702548,-1.0613322701661767,-1.3319231820702548,0.10976906249994176,ELIGIBLE,R03b_20260811_FULL_v1,L1_ELIGIBILITY,v2026-08-11,2026-03-21..2026-08-06,baccarat_bet02_101_all_pairs_incl_sentinel,round_win = game_pnl > 0 (decisive only),COMPATIBILITY_ONLY_NOT_PRODUCTION,268817.8208,244366.2908,168.7661,6248,5610,-0.00062781,-0.08642944,0.00436428,-0.00062781,-168.7661,268817.8208,OK,0.0000,6.7506,4.0000,96.0000,AG03-UNRESOLVED,ALL5_LEVELS_bet23_to_bet27,6.7506,6.7506,6.7506,8.4383,8.4383,4.000000,4.000000,4.000000,5.000000,5.000000,96.000000,96.000000,96.000000,95.000000,95.000000,5.0,37.1285,34.0107,131.6376,134.7554,PENDING_AG03,FALSE,NOT_FOR_ENFORCEMENT,162.0155,234591.6392,168.7661,162.0155,6.7506,0.00062781,0.00060270,6.7506,162.0155,0.00060270,6.7506,6.7506,6.7506,8.4383,8.4383,162.0155,0.00060270,37.1285,34.0107,131.6376,134.7554,0.00048969,0.00050129,0.00002511,43.0246,43.5591,0.0301,2.0581,0.0627,3278.2661,68.4146,17.6798,46.9397,25.7155,39.4976,52.6635,77.1466,82.2897,128.5777,31.4111,0.0,2.083411,3.25533,1.089297,30,192,222,8,0.05498276,0.00062781,0.08642944,0E-8,0.000000,0.909041,0.000000,-0.09079372,2026-03-23,2026-08-06,82,2690,1181,137,0.598540,0.376650,0.410924,0.183276,,,,,,,,GLOBAL_BASELINE_NO_ENTITY_RANKING,,,NOT_APPLICABLE_GLOBAL_BASELINE,HF9g-P5,,,,X 全窗基线 · 不参与实体赏罚,6877134,688,A168_HF9F_20260827_0900,2026-08-27 09:00:00
2026-04-10,70460261,2246,0,91.6158416879,-65.4398869199,-65.4398869199,0E-7,3,2,0.43113581666666667,0.393378375000,-1.231169233801473,-1.138836281904872,-1.231169233801473,0.03775744166666667,ELIGIBLE,R03b_20260811_FULL_v1,L1_ELIGIBILITY,v2026-08-11,2026-03-21..2026-08-06,baccarat_bet02_101_all_pairs_incl_sentinel,round_win = game_pnl > 0 (decisive only),COMPATIBILITY_ONLY_NOT_PRODUCTION,268817.8208,244366.2908,168.7661,6248,5610,-0.00062781,-0.08642944,0.00436428,-0.00062781,-168.7661,268817.8208,OK,0.0000,6.7506,4.0000,96.0000,AG03-UNRESOLVED,ALL5_LEVELS_bet23_to_bet27,6.7506,6.7506,6.7506,8.4383,8.4383,4.000000,4.000000,4.000000,5.000000,5.000000,96.000000,96.000000,96.000000,95.000000,95.000000,5.0,37.1285,34.0107,131.6376,134.7554,PENDING_AG03,FALSE,NOT_FOR_ENFORCEMENT,162.0155,234591.6392,168.7661,162.0155,6.7506,0.00062781,0.00060270,6.7506,162.0155,0.00060270,6.7506,6.7506,6.7506,8.4383,8.4383,162.0155,0.00060270,37.1285,34.0107,131.6376,134.7554,0.00048969,0.00050129,0.00002511,43.0246,43.5591,0.0301,2.0581,0.0627,3278.2661,68.4146,17.6798,46.9397,25.7155,39.4976,52.6635,77.1466,82.2897,128.5777,31.4111,0.0,2.083411,3.25533,1.089297,30,192,222,8,0.05498276,0.00062781,0.08642944,0E-8,0.000000,0.909041,0.000000,-0.09079372,2026-03-23,2026-08-06,82,2690,1181,137,0.598540,0.376650,0.410924,0.183276,,,,,,,,GLOBAL_BASELINE_NO_ENTITY_RANKING,,,NOT_APPLICABLE_GLOBAL_BASELINE,HF9g-P5,,,,X 全窗基线 · 不参与实体赏罚,6877135,688,A168_HF9F_20260827_0900,2026-08-27 09:00:00
2026-04-10,70460261,2254,0,128.2621783630,-31.2802659477,-31.2802659477,0.5000000,2,2,0.50665070000000000,0.506650700000,-0.018812684590367487,-0.018812684590367487,-0.018812684590367487,0E-17,ELIGIBLE,R03b_20260811_FULL_v1,L1_ELIGIBILITY,v2026-08-11,2026-03-21..2026-08-06,baccarat_bet02_101_all_pairs_incl_sentinel,round_win = game_pnl > 0 (decisive only),COMPATIBILITY_ONLY_NOT_PRODUCTION,268817.8208,244366.2908,168.7661,6248,5610,-0.00062781,-0.08642944,0.00436428,-0.00062781,-168.7661,268817.8208,OK,0.0000,6.7506,4.0000,96.0000,AG03-UNRESOLVED,ALL5_LEVELS_bet23_to_bet27,6.7506,6.7506,6.7506,8.4383,8.4383,4.000000,4.000000,4.000000,5.000000,5.000000,96.000000,96.000000,96.000000,95.000000,95.000000,5.0,37.1285,34.0107,131.6376,134.7554,PENDING_AG03,FALSE,NOT_FOR_ENFORCEMENT,162.0155,234591.6392,168.7661,162.0155,6.7506,0.00062781,0.00060270,6.7506,162.0155,0.00060270,6.7506,6.7506,6.7506,8.4383,8.4383,162.0155,0.00060270,37.1285,34.0107,131.6376,134.7554,0.00048969,0.00050129,0.00002511,43.0246,43.5591,0.0301,2.0581,0.0627,3278.2661,68.4146,17.6798,46.9397,25.7155,39.4976,52.6635,77.1466,82.2897,128.5777,31.4111,0.0,2.083411,3.25533,1.089297,30,192,222,8,0.05498276,0.00062781,0.08642944,0E-8,0.000000,0.909041,0.000000,-0.09079372,2026-03-23,2026-08-06,82,2690,1181,137,0.598540,0.376650,0.410924,0.183276,,,,,,,,GLOBAL_BASELINE_NO_ENTITY_RANKING,,,NOT_APPLICABLE_GLOBAL_BASELINE,HF9g-P5,,,,X 全窗基线 · 不参与实体赏罚,6877136,688,A168_HF9F_20260827_0900,2026-08-27 09:00:00
2026-04-10,70460261,772,0,123.0269874095,56.2783027511,56.2783027511,0.6666667,7,3,0.44812316987175604,0.311505700000,0.7611648677406639,1.3283199129266543,0.7611648677406639,0.13661746987175604,ELIGIBLE,R03b_20260811_FULL_v1,L1_ELIGIBILITY,v2026-08-11,2026-03-21..2026-08-06,baccarat_bet02_101_all_pairs_incl_sentinel,round_win = game_pnl > 0 (decisive only),COMPATIBILITY_ONLY_NOT_PRODUCTION,268817.8208,244366.2908,168.7661,6248,5610,-0.00062781,-0.08642944,0.00436428,-0.00062781,-168.7661,268817.8208,OK,0.0000,6.7506,4.0000,96.0000,AG03-UNRESOLVED,ALL5_LEVELS_bet23_to_bet27,6.7506,6.7506,6.7506,8.4383,8.4383,4.000000,4.000000,4.000000,5.000000,5.000000,96.000000,96.000000,96.000000,95.000000,95.000000,5.0,37.1285,34.0107,131.6376,134.7554,PENDING_AG03,FALSE,NOT_FOR_ENFORCEMENT,162.0155,234591.6392,168.7661,162.0155,6.7506,0.00062781,0.00060270,6.7506,162.0155,0.00060270,6.7506,6.7506,6.7506,8.4383,8.4383,162.0155,0.00060270,37.1285,34.0107,131.6376,134.7554,0.00048969,0.00050129,0.00002511,43.0246,43.5591,0.0301,2.0581,0.0627,3278.2661,68.4146,17.6798,46.9397,25.7155,39.4976,52.6635,77.1466,82.2897,128.5777,31.4111,0.0,2.083411,3.25533,1.089297,30,192,222,8,0.05498276,0.00062781,0.08642944,0E-8,0.000000,0.909041,0.000000,-0.09079372,2026-03-23,2026-08-06,82,2690,1181,137,0.598540,0.376650,0.410924,0.183276,,,,,,,,GLOBAL_BASELINE_NO_ENTITY_RANKING,,,NOT_APPLICABLE_GLOBAL_BASELINE,HF9g-P5,,,,X 全窗基线 · 不参与实体赏罚,6877137,688,A168_HF9F_20260827_0900,2026-08-27 09:00:00
2026-04-10,70460261,789,0,49.7343140591,-49.7343140591,-49.7343140591,0E-7,1,1,0.50665070000000000,0.506650700000,-1.013391052207602,-1.013391052207602,-1.013391052207602,0E-17,ELIGIBLE,R03b_20260811_FULL_v1,L1_ELIGIBILITY,v2026-08-11,2026-03-21..2026-08-06,baccarat_bet02_101_all_pairs_incl_sentinel,round_win = game_pnl > 0 (decisive only),COMPATIBILITY_ONLY_NOT_PRODUCTION,268817.8208,244366.2908,168.7661,6248,5610,-0.00062781,-0.08642944,0.00436428,-0.00062781,-168.7661,268817.8208,OK,0.0000,6.7506,4.0000,96.0000,AG03-UNRESOLVED,ALL5_LEVELS_bet23_to_bet27,6.7506,6.7506,6.7506,8.4383,8.4383,4.000000,4.000000,4.000000,5.000000,5.000000,96.000000,96.000000,96.000000,95.000000,95.000000,5.0,37.1285,34.0107,131.6376,134.7554,PENDING_AG03,FALSE,NOT_FOR_ENFORCEMENT,162.0155,234591.6392,168.7661,162.0155,6.7506,0.00062781,0.00060270,6.7506,162.0155,0.00060270,6.7506,6.7506,6.7506,8.4383,8.4383,162.0155,0.00060270,37.1285,34.0107,131.6376,134.7554,0.00048969,0.00050129,0.00002511,43.0246,43.5591,0.0301,2.0581,0.0627,3278.2661,68.4146,17.6798,46.9397,25.7155,39.4976,52.6635,77.1466,82.2897,128.5777,31.4111,0.0,2.083411,3.25533,1.089297,30,192,222,8,0.05498276,0.00062781,0.08642944,0E-8,0.000000,0.909041,0.000000,-0.09079372,2026-03-23,2026-08-06,82,2690,1181,137,0.598540,0.376650,0.410924,0.183276,,,,,,,,GLOBAL_BASELINE_NO_ENTITY_RANKING,,,NOT_APPLICABLE_GLOBAL_BASELINE,HF9g-P5,,,,X 全窗基线 · 不参与实体赏罚,6877138,688,A168_HF9F_20260827_0900,2026-08-27 09:00:00
2026-04-10,70460261,987,0,13.0879773840,-13.0879773840,-13.0879773840,0E-7,1,1,0.49324550000000000,0.493245500000,-0.9865810262130424,-0.9865810262130424,-0.9865810262130424,0E-17,ELIGIBLE,R03b_20260811_FULL_v1,L1_ELIGIBILITY,v2026-08-11,2026-03-21..2026-08-06,baccarat_bet02_101_all_pairs_incl_sentinel,round_win = game_pnl > 0 (decisive only),COMPATIBILITY_ONLY_NOT_PRODUCTION,268817.8208,244366.2908,168.7661,6248,5610,-0.00062781,-0.08642944,0.00436428,-0.00062781,-168.7661,268817.8208,OK,0.0000,6.7506,4.0000,96.0000,AG03-UNRESOLVED,ALL5_LEVELS_bet23_to_bet27,6.7506,6.7506,6.7506,8.4383,8.4383,4.000000,4.000000,4.000000,5.000000,5.000000,96.000000,96.000000,96.000000,95.000000,95.000000,5.0,37.1285,34.0107,131.6376,134.7554,PENDING_AG03,FALSE,NOT_FOR_ENFORCEMENT,162.0155,234591.6392,168.7661,162.0155,6.7506,0.00062781,0.00060270,6.7506,162.0155,0.00060270,6.7506,6.7506,6.7506,8.4383,8.4383,162.0155,0.00060270,37.1285,34.0107,131.6376,134.7554,0.00048969,0.00050129,0.00002511,43.0246,43.5591,0.0301,2.0581,0.0627,3278.2661,68.4146,17.6798,46.9397,25.7155,39.4976,52.6635,77.1466,82.2897,128.5777,31.4111,0.0,2.083411,3.25533,1.089297,30,192,222,8,0.05498276,0.00062781,0.08642944,0E-8,0.000000,0.909041,0.000000,-0.09079372,2026-03-23,2026-08-06,82,2690,1181,137,0.598540,0.376650,0.410924,0.183276,,,,,,,,GLOBAL_BASELINE_NO_ENTITY_RANKING,,,NOT_APPLICABLE_GLOBAL_BASELINE,HF9g-P5,,,,X 全窗基线 · 不参与实体赏罚,6877139,688,A168_HF9F_20260827_0900,2026-08-27 09:00:00
2026-04-11,70460261,-1,1,427.4533413606,-177.8656126482,-177.8656126482,0.2500000,10,8,0.49819346679687091,0.465034062500,-1.4040034314811278,-1.2194017267217103,-1.4040034314811278,0.03315940429687091,SENTINEL_DEALER,R03b_20260811_FULL_v1,L1_ELIGIBILITY,v2026-08-11,2026-03-21..2026-08-06,baccarat_bet02_101_all_pairs_incl_sentinel,round_win = game_pnl > 0 (decisive only),COMPATIBILITY_ONLY_NOT_PRODUCTION,268817.8208,244366.2908,168.7661,6248,5610,-0.00062781,-0.08642944,0.00436428,-0.00062781,-168.7661,268817.8208,OK,0.0000,6.7506,4.0000,96.0000,AG03-UNRESOLVED,ALL5_LEVELS_bet23_to_bet27,6.7506,6.7506,6.7506,8.4383,8.4383,4.000000,4.000000,4.000000,5.000000,5.000000,96.000000,96.000000,96.000000,95.000000,95.000000,5.0,37.1285,34.0107,131.6376,134.7554,PENDING_AG03,FALSE,NOT_FOR_ENFORCEMENT,162.0155,234591.6392,168.7661,162.0155,6.7506,0.00062781,0.00060270,6.7506,162.0155,0.00060270,6.7506,6.7506,6.7506,8.4383,8.4383,162.0155,0.00060270,37.1285,34.0107,131.6376,134.7554,0.00048969,0.00050129,0.00002511,43.0246,43.5591,0.0301,2.0581,0.0627,3278.2661,68.4146,17.6798,46.9397,25.7155,39.4976,52.6635,77.1466,82.2897,128.5777,31.4111,0.0,2.083411,3.25533,1.089297,30,192,222,8,0.05498276,0.00062781,0.08642944,0E-8,0.000000,0.909041,0.000000,-0.09079372,2026-03-23,2026-08-06,82,2690,1181,137,0.598540,0.376650,0.410924,0.183276,,,,,,,,GLOBAL_BASELINE_NO_ENTITY_RANKING,,,NOT_APPLICABLE_GLOBAL_BASELINE,HF9g-P5,,,,X 全窗基线 · 不参与实体赏罚,6877140,688,A168_HF9F_20260827_0900,2026-08-27 09:00:00
2026-04-11,70460261,1330,0,91.6158416880,-39.2639321520,-39.2639321520,0E-7,6,2,0.31634966416666667,0.209464800000,-0.6802470595071117,-0.514748298204155,-0.6802470595071117,0.10688486416666667,ELIGIBLE,R03b_20260811_FULL_v1,L1_ELIGIBILITY,v2026-08-11,2026-03-21..2026-08-06,baccarat_bet02_101_all_pairs_incl_sentinel,round_win = game_pnl > 0 (decisive only),COMPATIBILITY_ONLY_NOT_PRODUCTION,268817.8208,244366.2908,168.7661,6248,5610,-0.00062781,-0.08642944,0.00436428,-0.00062781,-168.7661,268817.8208,OK,0.0000,6.7506,4.0000,96.0000,AG03-UNRESOLVED,ALL5_LEVELS_bet23_to_bet27,6.7506,6.7506,6.7506,8.4383,8.4383,4.000000,4.000000,4.000000,5.000000,5.000000,96.000000,96.000000,96.000000,95.000000,95.000000,5.0,37.1285,34.0107,131.6376,134.7554,PENDING_AG03,FALSE,NOT_FOR_ENFORCEMENT,162.0155,234591.6392,168.7661,162.0155,6.7506,0.00062781,0.00060270,6.7506,162.0155,0.00060270,6.7506,6.7506,6.7506,8.4383,8.4383,162.0155,0.00060270,37.1285,34.0107,131.6376,134.7554,0.00048969,0.00050129,0.00002511,43.0246,43.5591,0.0301,2.0581,0.0627,3278.2661,68.4146,17.6798,46.9397,25.7155,39.4976,52.6635,77.1466,82.2897,128.5777,31.4111,0.0,2.083411,3.25533,1.089297,30,192,222,8,0.05498276,0.00062781,0.08642944,0E-8,0.000000,0.909041,0.000000,-0.09079372,2026-03-23,2026-08-06,82,2690,1181,137,0.598540,0.376650,0.410924,0.183276,,,,,,,,GLOBAL_BASELINE_NO_ENTITY_RANKING,,,NOT_APPLICABLE_GLOBAL_BASELINE,HF9g-P5,,,,X 全窗基线 · 不参与实体赏罚,6877141,688,A168_HF9F_20260827_0900,2026-08-27 09:00:00
2026-04-11,70460261,1363,0,112.5566055022,47.1167185823,47.1167185823,1.0000000,2,2,0.49994810000000000,0.499948100000,1.0001038053877793,1.0001038053877793,1.0001038053877793,0E-17,ELIGIBLE,R03b_20260811_FULL_v1,L1_ELIGIBILITY,v2026-08-11,2026-03-21..2026-08-06,baccarat_bet02_101_all_pairs_incl_sentinel,round_win = game_pnl > 0 (decisive only),COMPATIBILITY_ONLY_NOT_PRODUCTION,268817.8208,244366.2908,168.7661,6248,5610,-0.00062781,-0.08642944,0.00436428,-0.00062781,-168.7661,268817.8208,OK,0.0000,6.7506,4.0000,96.0000,AG03-UNRESOLVED,ALL5_LEVELS_bet23_to_bet27,6.7506,6.7506,6.7506,8.4383,8.4383,4.000000,4.000000,4.000000,5.000000,5.000000,96.000000,96.000000,96.000000,95.000000,95.000000,5.0,37.1285,34.0107,131.6376,134.7554,PENDING_AG03,FALSE,NOT_FOR_ENFORCEMENT,162.0155,234591.6392,168.7661,162.0155,6.7506,0.00062781,0.00060270,6.7506,162.0155,0.00060270,6.7506,6.7506,6.7506,8.4383,8.4383,162.0155,0.00060270,37.1285,34.0107,131.6376,134.7554,0.00048969,0.00050129,0.00002511,43.0246,43.5591,0.0301,2.0581,0.0627,3278.2661,68.4146,17.6798,46.9397,25.7155,39.4976,52.6635,77.1466,82.2897,128.5777,31.4111,0.0,2.083411,3.25533,1.089297,30,192,222,8,0.05498276,0.00062781,0.08642944,0E-8,0.000000,0.909041,0.000000,-0.09079372,2026-03-23,2026-08-06,82,2690,1181,137,0.598540,0.376650,0.410924,0.183276,,,,,,,,GLOBAL_BASELINE_NO_ENTITY_RANKING,,,NOT_APPLICABLE_GLOBAL_BASELINE,HF9g-P5,,,,X 全窗基线 · 不参与实体赏罚,6877142,688,A168_HF9F_20260827_0900,2026-08-27 09:00:00
2026-04-11,70460261,1383,0,91.6158416878,10.4703819072,10.4703819072,0.5000000,2,2,0.50665070000000000,0.506650700000,-0.018812684590367487,-0.018812684590367487,-0.018812684590367487,0E-17,ELIGIBLE,R03b_20260811_FULL_v1,L1_ELIGIBILITY,v2026-08-11,2026-03-21..2026-08-06,baccarat_bet02_101_all_pairs_incl_sentinel,round_win = game_pnl > 0 (decisive only),COMPATIBILITY_ONLY_NOT_PRODUCTION,268817.8208,244366.2908,168.7661,6248,5610,-0.00062781,-0.08642944,0.00436428,-0.00062781,-168.7661,268817.8208,OK,0.0000,6.7506,4.0000,96.0000,AG03-UNRESOLVED,ALL5_LEVELS_bet23_to_bet27,6.7506,6.7506,6.7506,8.4383,8.4383,4.000000,4.000000,4.000000,5.000000,5.000000,96.000000,96.000000,96.000000,95.000000,95.000000,5.0,37.1285,34.0107,131.6376,134.7554,PENDING_AG03,FALSE,NOT_FOR_ENFORCEMENT,162.0155,234591.6392,168.7661,162.0155,6.7506,0.00062781,0.00060270,6.7506,162.0155,0.00060270,6.7506,6.7506,6.7506,8.4383,8.4383,162.0155,0.00060270,37.1285,34.0107,131.6376,134.7554,0.00048969,0.00050129,0.00002511,43.0246,43.5591,0.0301,2.0581,0.0627,3278.2661,68.4146,17.6798,46.9397,25.7155,39.4976,52.6635,77.1466,82.2897,128.5777,31.4111,0.0,2.083411,3.25533,1.089297,30,192,222,8,0.05498276,0.00062781,0.08642944,0E-8,0.000000,0.909041,0.000000,-0.09079372,2026-03-23,2026-08-06,82,2690,1181,137,0.598540,0.376650,0.410924,0.183276,,,,,,,,GLOBAL_BASELINE_NO_ENTITY_RANKING,,,NOT_APPLICABLE_GLOBAL_BASELINE,HF9g-P5,,,,X 全窗基线 · 不参与实体赏罚,6877143,688,A168_HF9F_20260827_0900,2026-08-27 09:00:00
2026-04-11,70460261,1405,0,10.4703819072,-10.4703819072,-10.4703819072,0E-7,1,1,0.50665070000000000,0.506650700000,-1.013391052207602,-1.013391052207602,-1.013391052207602,0E-17,ELIGIBLE,R03b_20260811_FULL_v1,L1_ELIGIBILITY,v2026-08-11,2026-03-21..2026-08-06,baccarat_bet02_101_all_pairs_incl_sentinel,round_win = game_pnl > 0 (decisive only),COMPATIBILITY_ONLY_NOT_PRODUCTION,268817.8208,244366.2908,168.7661,6248,5610,-0.00062781,-0.08642944,0.00436428,-0.00062781,-168.7661,268817.8208,OK,0.0000,6.7506,4.0000,96.0000,AG03-UNRESOLVED,ALL5_LEVELS_bet23_to_bet27,6.7506,6.7506,6.7506,8.4383,8.4383,4.000000,4.000000,4.000000,5.000000,5.000000,96.000000,96.000000,96.000000,95.000000,95.000000,5.0,37.1285,34.0107,131.6376,134.7554,PENDING_AG03,FALSE,NOT_FOR_ENFORCEMENT,162.0155,234591.6392,168.7661,162.0155,6.7506,0.00062781,0.00060270,6.7506,162.0155,0.00060270,6.7506,6.7506,6.7506,8.4383,8.4383,162.0155,0.00060270,37.1285,34.0107,131.6376,134.7554,0.00048969,0.00050129,0.00002511,43.0246,43.5591,0.0301,2.0581,0.0627,3278.2661,68.4146,17.6798,46.9397,25.7155,39.4976,52.6635,77.1466,82.2897,128.5777,31.4111,0.0,2.083411,3.25533,1.089297,30,192,222,8,0.05498276,0.00062781,0.08642944,0E-8,0.000000,0.909041,0.000000,-0.09079372,2026-03-23,2026-08-06,82,2690,1181,137,0.598540,0.376650,0.410924,0.183276,,,,,,,,GLOBAL_BASELINE_NO_ENTITY_RANKING,,,NOT_APPLICABLE_GLOBAL_BASELINE,HF9g-P5,,,,X 全窗基线 · 不参与实体赏罚,6877144,688,A168_HF9F_20260827_0900,2026-08-27 09:00:00
2026-04-11,70460261,1509,0,39.2639321519,-39.2639321519,-39.2639321519,0E-7,1,1,0.50665070000000000,0.506650700000,-1.013391052207602,-1.013391052207602,-1.013391052207602,0E-17,ELIGIBLE,R03b_20260811_FULL_v1,L1_ELIGIBILITY,v2026-08-11,2026-03-21..2026-08-06,baccarat_bet02_101_all_pairs_incl_sentinel,round_win = game_pnl > 0 (decisive only),COMPATIBILITY_ONLY_NOT_PRODUCTION,268817.8208,244366.2908,168.7661,6248,5610,-0.00062781,-0.08642944,0.00436428,-0.00062781,-168.7661,268817.8208,OK,0.0000,6.7506,4.0000,96.0000,AG03-UNRESOLVED,ALL5_LEVELS_bet23_to_bet27,6.7506,6.7506,6.7506,8.4383,8.4383,4.000000,4.000000,4.000000,5.000000,5.000000,96.000000,96.000000,96.000000,95.000000,95.000000,5.0,37.1285,34.0107,131.6376,134.7554,PENDING_AG03,FALSE,NOT_FOR_ENFORCEMENT,162.0155,234591.6392,168.7661,162.0155,6.7506,0.00062781,0.00060270,6.7506,162.0155,0.00060270,6.7506,6.7506,6.7506,8.4383,8.4383,162.0155,0.00060270,37.1285,34.0107,131.6376,134.7554,0.00048969,0.00050129,0.00002511,43.0246,43.5591,0.0301,2.0581,0.0627,3278.2661,68.4146,17.6798,46.9397,25.7155,39.4976,52.6635,77.1466,82.2897,128.5777,31.4111,0.0,2.083411,3.25533,1.089297,30,192,222,8,0.05498276,0.00062781,0.08642944,0E-8,0.000000,0.909041,0.000000,-0.09079372,2026-03-23,2026-08-06,82,2690,1181,137,0.598540,0.376650,0.410924,0.183276,,,,,,,,GLOBAL_BASELINE_NO_ENTITY_RANKING,,,NOT_APPLICABLE_GLOBAL_BASELINE,HF9g-P5,,,,X 全窗基线 · 不参与实体赏罚,6877145,688,A168_HF9F_20260827_0900,2026-08-27 09:00:00
2026-04-11,70460261,1646,0,52.3519095359,49.7343140591,49.7343140591,1.0000000,1,1,0.50665070000000000,0.506650700000,0.9867858985152569,0.9867858985152569,0.9867858985152569,0E-17,ELIGIBLE,R03b_20260811_FULL_v1,L1_ELIGIBILITY,v2026-08-11,2026-03-21..2026-08-06,baccarat_bet02_101_all_pairs_incl_sentinel,round_win = game_pnl > 0 (decisive only),COMPATIBILITY_ONLY_NOT_PRODUCTION,268817.8208,244366.2908,168.7661,6248,5610,-0.00062781,-0.08642944,0.00436428,-0.00062781,-168.7661,268817.8208,OK,0.0000,6.7506,4.0000,96.0000,AG03-UNRESOLVED,ALL5_LEVELS_bet23_to_bet27,6.7506,6.7506,6.7506,8.4383,8.4383,4.000000,4.000000,4.000000,5.000000,5.000000,96.000000,96.000000,96.000000,95.000000,95.000000,5.0,37.1285,34.0107,131.6376,134.7554,PENDING_AG03,FALSE,NOT_FOR_ENFORCEMENT,162.0155,234591.6392,168.7661,162.0155,6.7506,0.00062781,0.00060270,6.7506,162.0155,0.00060270,6.7506,6.7506,6.7506,8.4383,8.4383,162.0155,0.00060270,37.1285,34.0107,131.6376,134.7554,0.00048969,0.00050129,0.00002511,43.0246,43.5591,0.0301,2.0581,0.0627,3278.2661,68.4146,17.6798,46.9397,25.7155,39.4976,52.6635,77.1466,82.2897,128.5777,31.4111,0.0,2.083411,3.25533,1.089297,30,192,222,8,0.05498276,0.00062781,0.08642944,0E-8,0.000000,0.909041,0.000000,-0.09079372,2026-03-23,2026-08-06,82,2690,1181,137,0.598540,0.376650,0.410924,0.183276,,,,,,,,GLOBAL_BASELINE_NO_ENTITY_RANKING,,,NOT_APPLICABLE_GLOBAL_BASELINE,HF9g-P5,,,,X 全窗基线 · 不参与实体赏罚,6877146,688,A168_HF9F_20260827_0900,2026-08-27 09:00:00
2026-04-11,70460261,1710,0,70.6750778734,0.7852786431,0.7852786431,0.5000000,2,2,0.50665070000000000,0.506650700000,-0.018812684590367487,-0.018812684590367487,-0.018812684590367487,0E-17,ELIGIBLE,R03b_20260811_FULL_v1,L1_ELIGIBILITY,v2026-08-11,2026-03-21..2026-08-06,baccarat_bet02_101_all_pairs_incl_sentinel,round_win = game_pnl > 0 (decisive only),COMPATIBILITY_ONLY_NOT_PRODUCTION,268817.8208,244366.2908,168.7661,6248,5610,-0.00062781,-0.08642944,0.00436428,-0.00062781,-168.7661,268817.8208,OK,0.0000,6.7506,4.0000,96.0000,AG03-UNRESOLVED,ALL5_LEVELS_bet23_to_bet27,6.7506,6.7506,6.7506,8.4383,8.4383,4.000000,4.000000,4.000000,5.000000,5.000000,96.000000,96.000000,96.000000,95.000000,95.000000,5.0,37.1285,34.0107,131.6376,134.7554,PENDING_AG03,FALSE,NOT_FOR_ENFORCEMENT,162.0155,234591.6392,168.7661,162.0155,6.7506,0.00062781,0.00060270,6.7506,162.0155,0.00060270,6.7506,6.7506,6.7506,8.4383,8.4383,162.0155,0.00060270,37.1285,34.0107,131.6376,134.7554,0.00048969,0.00050129,0.00002511,43.0246,43.5591,0.0301,2.0581,0.0627,3278.2661,68.4146,17.6798,46.9397,25.7155,39.4976,52.6635,77.1466,82.2897,128.5777,31.4111,0.0,2.083411,3.25533,1.089297,30,192,222,8,0.05498276,0.00062781,0.08642944,0E-8,0.000000,0.909041,0.000000,-0.09079372,2026-03-23,2026-08-06,82,2690,1181,137,0.598540,0.376650,0.410924,0.183276,,,,,,,,GLOBAL_BASELINE_NO_ENTITY_RANKING,,,NOT_APPLICABLE_GLOBAL_BASELINE,HF9g-P5,,,,X 全窗基线 · 不参与实体赏罚,6877147,688,A168_HF9F_20260827_0900,2026-08-27 09:00:00
2026-04-11,70460261,1941,0,43.1903253671,-43.1903253671,-43.1903253671,0E-7,1,1,0.50665070000000000,0.506650700000,-1.013391052207602,-1.013391052207602,-1.013391052207602,0E-17,ELIGIBLE,R03b_20260811_FULL_v1,L1_ELIGIBILITY,v2026-08-11,2026-03-21..2026-08-06,baccarat_bet02_101_all_pairs_incl_sentinel,round_win = game_pnl > 0 (decisive only),COMPATIBILITY_ONLY_NOT_PRODUCTION,268817.8208,244366.2908,168.7661,6248,5610,-0.00062781,-0.08642944,0.00436428,-0.00062781,-168.7661,268817.8208,OK,0.0000,6.7506,4.0000,96.0000,AG03-UNRESOLVED,ALL5_LEVELS_bet23_to_bet27,6.7506,6.7506,6.7506,8.4383,8.4383,4.000000,4.000000,4.000000,5.000000,5.000000,96.000000,96.000000,96.000000,95.000000,95.000000,5.0,37.1285,34.0107,131.6376,134.7554,PENDING_AG03,FALSE,NOT_FOR_ENFORCEMENT,162.0155,234591.6392,168.7661,162.0155,6.7506,0.00062781,0.00060270,6.7506,162.0155,0.00060270,6.7506,6.7506,6.7506,8.4383,8.4383,162.0155,0.00060270,37.1285,34.0107,131.6376,134.7554,0.00048969,0.00050129,0.00002511,43.0246,43.5591,0.0301,2.0581,0.0627,3278.2661,68.4146,17.6798,46.9397,25.7155,39.4976,52.6635,77.1466,82.2897,128.5777,31.4111,0.0,2.083411,3.25533,1.089297,30,192,222,8,0.05498276,0.00062781,0.08642944,0E-8,0.000000,0.909041,0.000000,-0.09079372,2026-03-23,2026-08-06,82,2690,1181,137,0.598540,0.376650,0.410924,0.183276,,,,,,,,GLOBAL_BASELINE_NO_ENTITY_RANKING,,,NOT_APPLICABLE_GLOBAL_BASELINE,HF9g-P5,,,,X 全窗基线 · 不参与实体赏罚,6877148,688,A168_HF9F_20260827_0900,2026-08-27 09:00:00
2026-04-11,70460261,2103,0,102.0862235951,-102.0862235951,-102.0862235951,0E-7,4,2,0.47636957931030494,0.360291950000,-1.3488839065140386,-1.0613322701661767,-1.3488839065140386,0.11607762931030494,ELIGIBLE,R03b_20260811_FULL_v1,L1_ELIGIBILITY,v2026-08-11,2026-03-21..2026-08-06,baccarat_bet02_101_all_pairs_incl_sentinel,round_win = game_pnl > 0 (decisive only),COMPATIBILITY_ONLY_NOT_PRODUCTION,268817.8208,244366.2908,168.7661,6248,5610,-0.00062781,-0.08642944,0.00436428,-0.00062781,-168.7661,268817.8208,OK,0.0000,6.7506,4.0000,96.0000,AG03-UNRESOLVED,ALL5_LEVELS_bet23_to_bet27,6.7506,6.7506,6.7506,8.4383,8.4383,4.000000,4.000000,4.000000,5.000000,5.000000,96.000000,96.000000,96.000000,95.000000,95.000000,5.0,37.1285,34.0107,131.6376,134.7554,PENDING_AG03,FALSE,NOT_FOR_ENFORCEMENT,162.0155,234591.6392,168.7661,162.0155,6.7506,0.00062781,0.00060270,6.7506,162.0155,0.00060270,6.7506,6.7506,6.7506,8.4383,8.4383,162.0155,0.00060270,37.1285,34.0107,131.6376,134.7554,0.00048969,0.00050129,0.00002511,43.0246,43.5591,0.0301,2.0581,0.0627,3278.2661,68.4146,17.6798,46.9397,25.7155,39.4976,52.6635,77.1466,82.2897,128.5777,31.4111,0.0,2.083411,3.25533,1.089297,30,192,222,8,0.05498276,0.00062781,0.08642944,0E-8,0.000000,0.909041,0.000000,-0.09079372,2026-03-23,2026-08-06,82,2690,1181,137,0.598540,0.376650,0.410924,0.183276,,,,,,,,GLOBAL_BASELINE_NO_ENTITY_RANKING,,,NOT_APPLICABLE_GLOBAL_BASELINE,HF9g-P5,,,,X 全窗基线 · 不参与实体赏罚,6877149,688,A168_HF9F_20260827_0900,2026-08-27 09:00:00
2026-04-11,70460261,2142,0,26.1759547680,24.8671570296,24.8671570296,1.0000000,1,1,0.50665070000000000,0.506650700000,0.9867858985152569,0.9867858985152569,0.9867858985152569,0E-17,ELIGIBLE,R03b_20260811_FULL_v1,L1_ELIGIBILITY,v2026-08-11,2026-03-21..2026-08-06,baccarat_bet02_101_all_pairs_incl_sentinel,round_win = game_pnl > 0 (decisive only),COMPATIBILITY_ONLY_NOT_PRODUCTION,268817.8208,244366.2908,168.7661,6248,5610,-0.00062781,-0.08642944,0.00436428,-0.00062781,-168.7661,268817.8208,OK,0.0000,6.7506,4.0000,96.0000,AG03-UNRESOLVED,ALL5_LEVELS_bet23_to_bet27,6.7506,6.7506,6.7506,8.4383,8.4383,4.000000,4.000000,4.000000,5.000000,5.000000,96.000000,96.000000,96.000000,95.000000,95.000000,5.0,37.1285,34.0107,131.6376,134.7554,PENDING_AG03,FALSE,NOT_FOR_ENFORCEMENT,162.0155,234591.6392,168.7661,162.0155,6.7506,0.00062781,0.00060270,6.7506,162.0155,0.00060270,6.7506,6.7506,6.7506,8.4383,8.4383,162.0155,0.00060270,37.1285,34.0107,131.6376,134.7554,0.00048969,0.00050129,0.00002511,43.0246,43.5591,0.0301,2.0581,0.0627,3278.2661,68.4146,17.6798,46.9397,25.7155,39.4976,52.6635,77.1466,82.2897,128.5777,31.4111,0.0,2.083411,3.25533,1.089297,30,192,222,8,0.05498276,0.00062781,0.08642944,0E-8,0.000000,0.909041,0.000000,-0.09079372,2026-03-23,2026-08-06,82,2690,1181,137,0.598540,0.376650,0.410924,0.183276,,,,,,,,GLOBAL_BASELINE_NO_ENTITY_RANKING,,,NOT_APPLICABLE_GLOBAL_BASELINE,HF9g-P5,,,,X 全窗基线 · 不参与实体赏罚,6877150,688,A168_HF9F_20260827_0900,2026-08-27 09:00:00
2026-04-11,70460261,2201,0,73.2926733502,-6.9366280135,-6.9366280135,0.5000000,2,2,0.50665070000000000,0.506650700000,-0.018812684590367487,-0.018812684590367487,-0.018812684590367487,0E-17,ELIGIBLE,R03b_20260811_FULL_v1,L1_ELIGIBILITY,v2026-08-11,2026-03-21..2026-08-06,baccarat_bet02_101_all_pairs_incl_sentinel,round_win = game_pnl > 0 (decisive only),COMPATIBILITY_ONLY_NOT_PRODUCTION,268817.8208,244366.2908,168.7661,6248,5610,-0.00062781,-0.08642944,0.00436428,-0.00062781,-168.7661,268817.8208,OK,0.0000,6.7506,4.0000,96.0000,AG03-UNRESOLVED,ALL5_LEVELS_bet23_to_bet27,6.7506,6.7506,6.7506,8.4383,8.4383,4.000000,4.000000,4.000000,5.000000,5.000000,96.000000,96.000000,96.000000,95.000000,95.000000,5.0,37.1285,34.0107,131.6376,134.7554,PENDING_AG03,FALSE,NOT_FOR_ENFORCEMENT,162.0155,234591.6392,168.7661,162.0155,6.7506,0.00062781,0.00060270,6.7506,162.0155,0.00060270,6.7506,6.7506,6.7506,8.4383,8.4383,162.0155,0.00060270,37.1285,34.0107,131.6376,134.7554,0.00048969,0.00050129,0.00002511,43.0246,43.5591,0.0301,2.0581,0.0627,3278.2661,68.4146,17.6798,46.9397,25.7155,39.4976,52.6635,77.1466,82.2897,128.5777,31.4111,0.0,2.083411,3.25533,1.089297,30,192,222,8,0.05498276,0.00062781,0.08642944,0E-8,0.000000,0.909041,0.000000,-0.09079372,2026-03-23,2026-08-06,82,2690,1181,137,0.598540,0.376650,0.410924,0.183276,,,,,,,,GLOBAL_BASELINE_NO_ENTITY_RANKING,,,NOT_APPLICABLE_GLOBAL_BASELINE,HF9g-P5,,,,X 全窗基线 · 不参与实体赏罚,6877151,688,A168_HF9F_20260827_0900,2026-08-27 09:00:00
2026-04-11,70460261,2246,0,26.1759547680,-26.1759547680,-26.1759547680,0E-7,1,1,0.50665070000000000,0.506650700000,-1.013391052207602,-1.013391052207602,-1.013391052207602,0E-17,ELIGIBLE,R03b_20260811_FULL_v1,L1_ELIGIBILITY,v2026-08-11,2026-03-21..2026-08-06,baccarat_bet02_101_all_pairs_incl_sentinel,round_win = game_pnl > 0 (decisive only),COMPATIBILITY_ONLY_NOT_PRODUCTION,268817.8208,244366.2908,168.7661,6248,5610,-0.00062781,-0.08642944,0.00436428,-0.00062781,-168.7661,268817.8208,OK,0.0000,6.7506,4.0000,96.0000,AG03-UNRESOLVED,ALL5_LEVELS_bet23_to_bet27,6.7506,6.7506,6.7506,8.4383,8.4383,4.000000,4.000000,4.000000,5.000000,5.000000,96.000000,96.000000,96.000000,95.000000,95.000000,5.0,37.1285,34.0107,131.6376,134.7554,PENDING_AG03,FALSE,NOT_FOR_ENFORCEMENT,162.0155,234591.6392,168.7661,162.0155,6.7506,0.00062781,0.00060270,6.7506,162.0155,0.00060270,6.7506,6.7506,6.7506,8.4383,8.4383,162.0155,0.00060270,37.1285,34.0107,131.6376,134.7554,0.00048969,0.00050129,0.00002511,43.0246,43.5591,0.0301,2.0581,0.0627,3278.2661,68.4146,17.6798,46.9397,25.7155,39.4976,52.6635,77.1466,82.2897,128.5777,31.4111,0.0,2.083411,3.25533,1.089297,30,192,222,8,0.05498276,0.00062781,0.08642944,0E-8,0.000000,0.909041,0.000000,-0.09079372,2026-03-23,2026-08-06,82,2690,1181,137,0.598540,0.376650,0.410924,0.183276,,,,,,,,GLOBAL_BASELINE_NO_ENTITY_RANKING,,,NOT_APPLICABLE_GLOBAL_BASELINE,HF9g-P5,,,,X 全窗基线 · 不参与实体赏罚,6877152,688,A168_HF9F_20260827_0900,2026-08-27 09:00:00
2026-04-11,70460261,2248,0,77.2190665655,-26.1759547679,-26.1759547679,0.5000000,2,2,0.50665070000000000,0.506650700000,-0.018812684590367487,-0.018812684590367487,-0.018812684590367487,0E-17,ELIGIBLE,R03b_20260811_FULL_v1,L1_ELIGIBILITY,v2026-08-11,2026-03-21..2026-08-06,baccarat_bet02_101_all_pairs_incl_sentinel,round_win = game_pnl > 0 (decisive only),COMPATIBILITY_ONLY_NOT_PRODUCTION,268817.8208,244366.2908,168.7661,6248,5610,-0.00062781,-0.08642944,0.00436428,-0.00062781,-168.7661,268817.8208,OK,0.0000,6.7506,4.0000,96.0000,AG03-UNRESOLVED,ALL5_LEVELS_bet23_to_bet27,6.7506,6.7506,6.7506,8.4383,8.4383,4.000000,4.000000,4.000000,5.000000,5.000000,96.000000,96.000000,96.000000,95.000000,95.000000,5.0,37.1285,34.0107,131.6376,134.7554,PENDING_AG03,FALSE,NOT_FOR_ENFORCEMENT,162.0155,234591.6392,168.7661,162.0155,6.7506,0.00062781,0.00060270,6.7506,162.0155,0.00060270,6.7506,6.7506,6.7506,8.4383,8.4383,162.0155,0.00060270,37.1285,34.0107,131.6376,134.7554,0.00048969,0.00050129,0.00002511,43.0246,43.5591,0.0301,2.0581,0.0627,3278.2661,68.4146,17.6798,46.9397,25.7155,39.4976,52.6635,77.1466,82.2897,128.5777,31.4111,0.0,2.083411,3.25533,1.089297,30,192,222,8,0.05498276,0.00062781,0.08642944,0E-8,0.000000,0.909041,0.000000,-0.09079372,2026-03-23,2026-08-06,82,2690,1181,137,0.598540,0.376650,0.410924,0.183276,,,,,,,,GLOBAL_BASELINE_NO_ENTITY_RANKING,,,NOT_APPLICABLE_GLOBAL_BASELINE,HF9g-P5,,,,X 全窗基线 · 不参与实体赏罚,6877153,688,A168_HF9F_20260827_0900,2026-08-27 09:00:00
2026-04-11,70460261,2254,0,146.5853467006,114.3889223360,114.3889223360,1.0000000,4,4,0.50665070000000000,0.506650700000,1.7091633124209307,1.7091633124209307,1.7091633124209307,0E-17,ELIGIBLE,R03b_20260811_FULL_v1,L1_ELIGIBILITY,v2026-08-11,2026-03-21..2026-08-06,baccarat_bet02_101_all_pairs_incl_sentinel,round_win = game_pnl > 0 (decisive only),COMPATIBILITY_ONLY_NOT_PRODUCTION,268817.8208,244366.2908,168.7661,6248,5610,-0.00062781,-0.08642944,0.00436428,-0.00062781,-168.7661,268817.8208,OK,0.0000,6.7506,4.0000,96.0000,AG03-UNRESOLVED,ALL5_LEVELS_bet23_to_bet27,6.7506,6.7506,6.7506,8.4383,8.4383,4.000000,4.000000,4.000000,5.000000,5.000000,96.000000,96.000000,96.000000,95.000000,95.000000,5.0,37.1285,34.0107,131.6376,134.7554,PENDING_AG03,FALSE,NOT_FOR_ENFORCEMENT,162.0155,234591.6392,168.7661,162.0155,6.7506,0.00062781,0.00060270,6.7506,162.0155,0.00060270,6.7506,6.7506,6.7506,8.4383,8.4383,162.0155,0.00060270,37.1285,34.0107,131.6376,134.7554,0.00048969,0.00050129,0.00002511,43.0246,43.5591,0.0301,2.0581,0.0627,3278.2661,68.4146,17.6798,46.9397,25.7155,39.4976,52.6635,77.1466,82.2897,128.5777,31.4111,0.0,2.083411,3.25533,1.089297,30,192,222,8,0.05498276,0.00062781,0.08642944,0E-8,0.000000,0.909041,0.000000,-0.09079372,2026-03-23,2026-08-06,82,2690,1181,137,0.598540,0.376650,0.410924,0.183276,,,,,,,,GLOBAL_BASELINE_NO_ENTITY_RANKING,,,NOT_APPLICABLE_GLOBAL_BASELINE,HF9g-P5,,,,X 全窗基线 · 不参与实体赏罚,6877154,688,A168_HF9F_20260827_0900,2026-08-27 09:00:00
2026-04-11,70460261,987,0,143.9677512238,48.4255163207,48.4255163207,1.0000000,5,3,0.45786444999993787,0.409078200000,1.538864846075466,1.699717851612134,1.538864846075466,0.04878624999993787,ELIGIBLE,R03b_20260811_FULL_v1,L1_ELIGIBILITY,v2026-08-11,2026-03-21..2026-08-06,baccarat_bet02_101_all_pairs_incl_sentinel,round_win = game_pnl > 0 (decisive only),COMPATIBILITY_ONLY_NOT_PRODUCTION,268817.8208,244366.2908,168.7661,6248,5610,-0.00062781,-0.08642944,0.00436428,-0.00062781,-168.7661,268817.8208,OK,0.0000,6.7506,4.0000,96.0000,AG03-UNRESOLVED,ALL5_LEVELS_bet23_to_bet27,6.7506,6.7506,6.7506,8.4383,8.4383,4.000000,4.000000,4.000000,5.000000,5.000000,96.000000,96.000000,96.000000,95.000000,95.000000,5.0,37.1285,34.0107,131.6376,134.7554,PENDING_AG03,FALSE,NOT_FOR_ENFORCEMENT,162.0155,234591.6392,168.7661,162.0155,6.7506,0.00062781,0.00060270,6.7506,162.0155,0.00060270,6.7506,6.7506,6.7506,8.4383,8.4383,162.0155,0.00060270,37.1285,34.0107,131.6376,134.7554,0.00048969,0.00050129,0.00002511,43.0246,43.5591,0.0301,2.0581,0.0627,3278.2661,68.4146,17.6798,46.9397,25.7155,39.4976,52.6635,77.1466,82.2897,128.5777,31.4111,0.0,2.083411,3.25533,1.089297,30,192,222,8,0.05498276,0.00062781,0.08642944,0E-8,0.000000,0.909041,0.000000,-0.09079372,2026-03-23,2026-08-06,82,2690,1181,137,0.598540,0.376650,0.410924,0.183276,,,,,,,,GLOBAL_BASELINE_NO_ENTITY_RANKING,,,NOT_APPLICABLE_GLOBAL_BASELINE,HF9g-P5,,,,X 全窗基线 · 不参与实体赏罚,6877155,688,A168_HF9F_20260827_0900,2026-08-27 09:00:00
2026-04-12,70460261,-1,1,180.6140878989,10.6928775226,10.6928775226,0.5000000,8,4,0.47006101249994176,0.360291950000,0.11997121383256573,0.5820137424544356,0.11997121383256573,0.10976906249994176,SENTINEL_DEALER,R03b_20260811_FULL_v1,L1_ELIGIBILITY,v2026-08-11,2026-03-21..2026-08-06,baccarat_bet02_101_all_pairs_incl_sentinel,round_win = game_pnl > 0 (decisive only),COMPATIBILITY_ONLY_NOT_PRODUCTION,268817.8208,244366.2908,168.7661,6248,5610,-0.00062781,-0.08642944,0.00436428,-0.00062781,-168.7661,268817.8208,OK,0.0000,6.7506,4.0000,96.0000,AG03-UNRESOLVED,ALL5_LEVELS_bet23_to_bet27,6.7506,6.7506,6.7506,8.4383,8.4383,4.000000,4.000000,4.000000,5.000000,5.000000,96.000000,96.000000,96.000000,95.000000,95.000000,5.0,37.1285,34.0107,131.6376,134.7554,PENDING_AG03,FALSE,NOT_FOR_ENFORCEMENT,162.0155,234591.6392,168.7661,162.0155,6.7506,0.00062781,0.00060270,6.7506,162.0155,0.00060270,6.7506,6.7506,6.7506,8.4383,8.4383,162.0155,0.00060270,37.1285,34.0107,131.6376,134.7554,0.00048969,0.00050129,0.00002511,43.0246,43.5591,0.0301,2.0581,0.0627,3278.2661,68.4146,17.6798,46.9397,25.7155,39.4976,52.6635,77.1466,82.2897,128.5777,31.4111,0.0,2.083411,3.25533,1.089297,30,192,222,8,0.05498276,0.00062781,0.08642944,0E-8,0.000000,0.909041,0.000000,-0.09079372,2026-03-23,2026-08-06,82,2690,1181,137,0.598540,0.376650,0.410924,0.183276,,,,,,,,GLOBAL_BASELINE_NO_ENTITY_RANKING,,,NOT_APPLICABLE_GLOBAL_BASELINE,HF9g-P5,,,,X 全窗基线 · 不参与实体赏罚,6877156,688,A168_HF9F_20260827_0900,2026-08-27 09:00:00
2026-04-12,70460261,1078,0,26.1759547680,-26.1759547680,-26.1759547680,0E-7,1,1,0.50665070000000000,0.506650700000,-1.013391052207602,-1.013391052207602,-1.013391052207602,0E-17,ELIGIBLE,R03b_20260811_FULL_v1,L1_ELIGIBILITY,v2026-08-11,2026-03-21..2026-08-06,baccarat_bet02_101_all_pairs_incl_sentinel,round_win = game_pnl > 0 (decisive only),COMPATIBILITY_ONLY_NOT_PRODUCTION,268817.8208,244366.2908,168.7661,6248,5610,-0.00062781,-0.08642944,0.00436428,-0.00062781,-168.7661,268817.8208,OK,0.0000,6.7506,4.0000,96.0000,AG03-UNRESOLVED,ALL5_LEVELS_bet23_to_bet27,6.7506,6.7506,6.7506,8.4383,8.4383,4.000000,4.000000,4.000000,5.000000,5.000000,96.000000,96.000000,96.000000,95.000000,95.000000,5.0,37.1285,34.0107,131.6376,134.7554,PENDING_AG03,FALSE,NOT_FOR_ENFORCEMENT,162.0155,234591.6392,168.7661,162.0155,6.7506,0.00062781,0.00060270,6.7506,162.0155,0.00060270,6.7506,6.7506,6.7506,8.4383,8.4383,162.0155,0.00060270,37.1285,34.0107,131.6376,134.7554,0.00048969,0.00050129,0.00002511,43.0246,43.5591,0.0301,2.0581,0.0627,3278.2661,68.4146,17.6798,46.9397,25.7155,39.4976,52.6635,77.1466,82.2897,128.5777,31.4111,0.0,2.083411,3.25533,1.089297,30,192,222,8,0.05498276,0.00062781,0.08642944,0E-8,0.000000,0.909041,0.000000,-0.09079372,2026-03-23,2026-08-06,82,2690,1181,137,0.598540,0.376650,0.410924,0.183276,,,,,,,,GLOBAL_BASELINE_NO_ENTITY_RANKING,,,NOT_APPLICABLE_GLOBAL_BASELINE,HF9g-P5,,,,X 全窗基线 · 不参与实体赏罚,6877157,688,A168_HF9F_20260827_0900,2026-08-27 09:00:00
2026-04-12,70460261,1115,0,109.9390100254,18.9775672068,18.9775672068,0.6666667,4,3,0.48441409215682282,0.426667416667,0.6316483930227729,0.8404704731446164,0.6316483930227729,0.05774667548982282,ELIGIBLE,R03b_20260811_FULL_v1,L1_ELIGIBILITY,v2026-08-11,2026-03-21..2026-08-06,baccarat_bet02_101_all_pairs_incl_sentinel,round_win = game_pnl > 0 (decisive only),COMPATIBILITY_ONLY_NOT_PRODUCTION,268817.8208,244366.2908,168.7661,6248,5610,-0.00062781,-0.08642944,0.00436428,-0.00062781,-168.7661,268817.8208,OK,0.0000,6.7506,4.0000,96.0000,AG03-UNRESOLVED,ALL5_LEVELS_bet23_to_bet27,6.7506,6.7506,6.7506,8.4383,8.4383,4.000000,4.000000,4.000000,5.000000,5.000000,96.000000,96.000000,96.000000,95.000000,95.000000,5.0,37.1285,34.0107,131.6376,134.7554,PENDING_AG03,FALSE,NOT_FOR_ENFORCEMENT,162.0155,234591.6392,168.7661,162.0155,6.7506,0.00062781,0.00060270,6.7506,162.0155,0.00060270,6.7506,6.7506,6.7506,8.4383,8.4383,162.0155,0.00060270,37.1285,34.0107,131.6376,134.7554,0.00048969,0.00050129,0.00002511,43.0246,43.5591,0.0301,2.0581,0.0627,3278.2661,68.4146,17.6798,46.9397,25.7155,39.4976,52.6635,77.1466,82.2897,128.5777,31.4111,0.0,2.083411,3.25533,1.089297,30,192,222,8,0.05498276,0.00062781,0.08642944,0E-8,0.000000,0.909041,0.000000,-0.09079372,2026-03-23,2026-08-06,82,2690,1181,137,0.598540,0.376650,0.410924,0.183276,,,,,,,,GLOBAL_BASELINE_NO_ENTITY_RANKING,,,NOT_APPLICABLE_GLOBAL_BASELINE,HF9g-P5,,,,X 全窗基线 · 不参与实体赏罚,6877158,688,A168_HF9F_20260827_0900,2026-08-27 09:00:00
2026-04-12,70460261,1330,0,58.3723791325,-58.3723791325,-58.3723791325,0E-7,2,2,0.50665070000000000,0.506650700000,-1.4331513700195317,-1.4331513700195317,-1.4331513700195317,0E-17,ELIGIBLE,R03b_20260811_FULL_v1,L1_ELIGIBILITY,v2026-08-11,2026-03-21..2026-08-06,baccarat_bet02_101_all_pairs_incl_sentinel,round_win = game_pnl > 0 (decisive only),COMPATIBILITY_ONLY_NOT_PRODUCTION,268817.8208,244366.2908,168.7661,6248,5610,-0.00062781,-0.08642944,0.00436428,-0.00062781,-168.7661,268817.8208,OK,0.0000,6.7506,4.0000,96.0000,AG03-UNRESOLVED,ALL5_LEVELS_bet23_to_bet27,6.7506,6.7506,6.7506,8.4383,8.4383,4.000000,4.000000,4.000000,5.000000,5.000000,96.000000,96.000000,96.000000,95.000000,95.000000,5.0,37.1285,34.0107,131.6376,134.7554,PENDING_AG03,FALSE,NOT_FOR_ENFORCEMENT,162.0155,234591.6392,168.7661,162.0155,6.7506,0.00062781,0.00060270,6.7506,162.0155,0.00060270,6.7506,6.7506,6.7506,8.4383,8.4383,162.0155,0.00060270,37.1285,34.0107,131.6376,134.7554,0.00048969,0.00050129,0.00002511,43.0246,43.5591,0.0301,2.0581,0.0627,3278.2661,68.4146,17.6798,46.9397,25.7155,39.4976,52.6635,77.1466,82.2897,128.5777,31.4111,0.0,2.083411,3.25533,1.089297,30,192,222,8,0.05498276,0.00062781,0.08642944,0E-8,0.000000,0.909041,0.000000,-0.09079372,2026-03-23,2026-08-06,82,2690,1181,137,0.598540,0.376650,0.410924,0.183276,,,,,,,,GLOBAL_BASELINE_NO_ENTITY_RANKING,,,NOT_APPLICABLE_GLOBAL_BASELINE,HF9g-P5,,,,X 全窗基线 · 不参与实体赏罚,6877159,688,A168_HF9F_20260827_0900,2026-08-27 09:00:00
2026-04-12,70460261,1374,0,34.0287411984,-7.8527864304,-7.8527864304,0.5000000,2,2,0.49324550000000000,0.493245500000,0.01910635448239258,0.01910635448239258,0.01910635448239258,0E-17,ELIGIBLE,R03b_20260811_FULL_v1,L1_ELIGIBILITY,v2026-08-11,2026-03-21..2026-08-06,baccarat_bet02_101_all_pairs_incl_sentinel,round_win = game_pnl > 0 (decisive only),COMPATIBILITY_ONLY_NOT_PRODUCTION,268817.8208,244366.2908,168.7661,6248,5610,-0.00062781,-0.08642944,0.00436428,-0.00062781,-168.7661,268817.8208,OK,0.0000,6.7506,4.0000,96.0000,AG03-UNRESOLVED,ALL5_LEVELS_bet23_to_bet27,6.7506,6.7506,6.7506,8.4383,8.4383,4.000000,4.000000,4.000000,5.000000,5.000000,96.000000,96.000000,96.000000,95.000000,95.000000,5.0,37.1285,34.0107,131.6376,134.7554,PENDING_AG03,FALSE,NOT_FOR_ENFORCEMENT,162.0155,234591.6392,168.7661,162.0155,6.7506,0.00062781,0.00060270,6.7506,162.0155,0.00060270,6.7506,6.7506,6.7506,8.4383,8.4383,162.0155,0.00060270,37.1285,34.0107,131.6376,134.7554,0.00048969,0.00050129,0.00002511,43.0246,43.5591,0.0301,2.0581,0.0627,3278.2661,68.4146,17.6798,46.9397,25.7155,39.4976,52.6635,77.1466,82.2897,128.5777,31.4111,0.0,2.083411,3.25533,1.089297,30,192,222,8,0.05498276,0.00062781,0.08642944,0E-8,0.000000,0.909041,0.000000,-0.09079372,2026-03-23,2026-08-06,82,2690,1181,137,0.598540,0.376650,0.410924,0.183276,,,,,,,,GLOBAL_BASELINE_NO_ENTITY_RANKING,,,NOT_APPLICABLE_GLOBAL_BASELINE,HF9g-P5,,,,X 全窗基线 · 不参与实体赏罚,6877160,688,A168_HF9F_20260827_0900,2026-08-27 09:00:00
2026-04-12,70460261,1507,0,54.4459859174,0.6805748239,0.6805748239,0.5000000,2,2,0.50665070000000000,0.506650700000,-0.018812684590367487,-0.018812684590367487,-0.018812684590367487,0E-17,ELIGIBLE,R03b_20260811_FULL_v1,L1_ELIGIBILITY,v2026-08-11,2026-03-21..2026-08-06,baccarat_bet02_101_all_pairs_incl_sentinel,round_win = game_pnl > 0 (decisive only),COMPATIBILITY_ONLY_NOT_PRODUCTION,268817.8208,244366.2908,168.7661,6248,5610,-0.00062781,-0.08642944,0.00436428,-0.00062781,-168.7661,268817.8208,OK,0.0000,6.7506,4.0000,96.0000,AG03-UNRESOLVED,ALL5_LEVELS_bet23_to_bet27,6.7506,6.7506,6.7506,8.4383,8.4383,4.000000,4.000000,4.000000,5.000000,5.000000,96.000000,96.000000,96.000000,95.000000,95.000000,5.0,37.1285,34.0107,131.6376,134.7554,PENDING_AG03,FALSE,NOT_FOR_ENFORCEMENT,162.0155,234591.6392,168.7661,162.0155,6.7506,0.00062781,0.00060270,6.7506,162.0155,0.00060270,6.7506,6.7506,6.7506,8.4383,8.4383,162.0155,0.00060270,37.1285,34.0107,131.6376,134.7554,0.00048969,0.00050129,0.00002511,43.0246,43.5591,0.0301,2.0581,0.0627,3278.2661,68.4146,17.6798,46.9397,25.7155,39.4976,52.6635,77.1466,82.2897,128.5777,31.4111,0.0,2.083411,3.25533,1.089297,30,192,222,8,0.05498276,0.00062781,0.08642944,0E-8,0.000000,0.909041,0.000000,-0.09079372,2026-03-23,2026-08-06,82,2690,1181,137,0.598540,0.376650,0.410924,0.183276,,,,,,,,GLOBAL_BASELINE_NO_ENTITY_RANKING,,,NOT_APPLICABLE_GLOBAL_BASELINE,HF9g-P5,,,,X 全窗基线 · 不参与实体赏罚,6877161,688,A168_HF9F_20260827_0900,2026-08-27 09:00:00
2026-04-12,70460261,2134,0,97.6363112846,31.5027615632,31.5027615632,0.6000000,5,5,0.50665070000000000,0.506650700000,0.4175076967804994,0.4175076967804994,0.4175076967804994,0E-17,ELIGIBLE,R03b_20260811_FULL_v1,L1_ELIGIBILITY,v2026-08-11,2026-03-21..2026-08-06,baccarat_bet02_101_all_pairs_incl_sentinel,round_win = game_pnl > 0 (decisive only),COMPATIBILITY_ONLY_NOT_PRODUCTION,268817.8208,244366.2908,168.7661,6248,5610,-0.00062781,-0.08642944,0.00436428,-0.00062781,-168.7661,268817.8208,OK,0.0000,6.7506,4.0000,96.0000,AG03-UNRESOLVED,ALL5_LEVELS_bet23_to_bet27,6.7506,6.7506,6.7506,8.4383,8.4383,4.000000,4.000000,4.000000,5.000000,5.000000,96.000000,96.000000,96.000000,95.000000,95.000000,5.0,37.1285,34.0107,131.6376,134.7554,PENDING_AG03,FALSE,NOT_FOR_ENFORCEMENT,162.0155,234591.6392,168.7661,162.0155,6.7506,0.00062781,0.00060270,6.7506,162.0155,0.00060270,6.7506,6.7506,6.7506,8.4383,8.4383,162.0155,0.00060270,37.1285,34.0107,131.6376,134.7554,0.00048969,0.00050129,0.00002511,43.0246,43.5591,0.0301,2.0581,0.0627,3278.2661,68.4146,17.6798,46.9397,25.7155,39.4976,52.6635,77.1466,82.2897,128.5777,31.4111,0.0,2.083411,3.25533,1.089297,30,192,222,8,0.05498276,0.00062781,0.08642944,0E-8,0.000000,0.909041,0.000000,-0.09079372,2026-03-23,2026-08-06,82,2690,1181,137,0.598540,0.376650,0.410924,0.183276,,,,,,,,GLOBAL_BASELINE_NO_ENTITY_RANKING,,,NOT_APPLICABLE_GLOBAL_BASELINE,HF9g-P5,,,,X 全窗基线 · 不参与实体赏罚,6877162,688,A168_HF9F_20260827_0900,2026-08-27 09:00:00
2026-04-12,70460261,2142,0,47.1167185824,19.8937256236,19.8937256236,0.6666667,3,3,0.49771390000000000,0.497713900000,0.5852756695216578,0.5852756695216578,0.5852756695216578,0E-17,ELIGIBLE,R03b_20260811_FULL_v1,L1_ELIGIBILITY,v2026-08-11,2026-03-21..2026-08-06,baccarat_bet02_101_all_pairs_incl_sentinel,round_win = game_pnl > 0 (decisive only),COMPATIBILITY_ONLY_NOT_PRODUCTION,268817.8208,244366.2908,168.7661,6248,5610,-0.00062781,-0.08642944,0.00436428,-0.00062781,-168.7661,268817.8208,OK,0.0000,6.7506,4.0000,96.0000,AG03-UNRESOLVED,ALL5_LEVELS_bet23_to_bet27,6.7506,6.7506,6.7506,8.4383,8.4383,4.000000,4.000000,4.000000,5.000000,5.000000,96.000000,96.000000,96.000000,95.000000,95.000000,5.0,37.1285,34.0107,131.6376,134.7554,PENDING_AG03,FALSE,NOT_FOR_ENFORCEMENT,162.0155,234591.6392,168.7661,162.0155,6.7506,0.00062781,0.00060270,6.7506,162.0155,0.00060270,6.7506,6.7506,6.7506,8.4383,8.4383,162.0155,0.00060270,37.1285,34.0107,131.6376,134.7554,0.00048969,0.00050129,0.00002511,43.0246,43.5591,0.0301,2.0581,0.0627,3278.2661,68.4146,17.6798,46.9397,25.7155,39.4976,52.6635,77.1466,82.2897,128.5777,31.4111,0.0,2.083411,3.25533,1.089297,30,192,222,8,0.05498276,0.00062781,0.08642944,0E-8,0.000000,0.909041,0.000000,-0.09079372,2026-03-23,2026-08-06,82,2690,1181,137,0.598540,0.376650,0.410924,0.183276,,,,,,,,GLOBAL_BASELINE_NO_ENTITY_RANKING,,,NOT_APPLICABLE_GLOBAL_BASELINE,HF9g-P5,,,,X 全窗基线 · 不参与实体赏罚,6877163,688,A168_HF9F_20260827_0900,2026-08-27 09:00:00
2026-04-12,70460261,2145,0,57.5871004896,-31.4111457216,-31.4111457216,0E-7,3,2,0.46889325833333334,0.393378375000,-0.9396066616173425,-0.8052788575962098,-0.9396066616173425,0.07551488333333334,ELIGIBLE,R03b_20260811_FULL_v1,L1_ELIGIBILITY,v2026-08-11,2026-03-21..2026-08-06,baccarat_bet02_101_all_pairs_incl_sentinel,round_win = game_pnl > 0 (decisive only),COMPATIBILITY_ONLY_NOT_PRODUCTION,268817.8208,244366.2908,168.7661,6248,5610,-0.00062781,-0.08642944,0.00436428,-0.00062781,-168.7661,268817.8208,OK,0.0000,6.7506,4.0000,96.0000,AG03-UNRESOLVED,ALL5_LEVELS_bet23_to_bet27,6.7506,6.7506,6.7506,8.4383,8.4383,4.000000,4.000000,4.000000,5.000000,5.000000,96.000000,96.000000,96.000000,95.000000,95.000000,5.0,37.1285,34.0107,131.6376,134.7554,PENDING_AG03,FALSE,NOT_FOR_ENFORCEMENT,162.0155,234591.6392,168.7661,162.0155,6.7506,0.00062781,0.00060270,6.7506,162.0155,0.00060270,6.7506,6.7506,6.7506,8.4383,8.4383,162.0155,0.00060270,37.1285,34.0107,131.6376,134.7554,0.00048969,0.00050129,0.00002511,43.0246,43.5591,0.0301,2.0581,0.0627,3278.2661,68.4146,17.6798,46.9397,25.7155,39.4976,52.6635,77.1466,82.2897,128.5777,31.4111,0.0,2.083411,3.25533,1.089297,30,192,222,8,0.05498276,0.00062781,0.08642944,0E-8,0.000000,0.909041,0.000000,-0.09079372,2026-03-23,2026-08-06,82,2690,1181,137,0.598540,0.376650,0.410924,0.183276,,,,,,,,GLOBAL_BASELINE_NO_ENTITY_RANKING,,,NOT_APPLICABLE_GLOBAL_BASELINE,HF9g-P5,,,,X 全窗基线 · 不参与实体赏罚,6877164,688,A168_HF9F_20260827_0900,2026-08-27 09:00:00
2026-04-12,70460261,2171,0,68.0574823967,-49.7343140591,-49.7343140591,0E-7,3,1,0.47287560384610422,0.213933200000,-0.9471459273660651,-0.5216862217126026,-0.9471459273660651,0.25894240384610422,ELIGIBLE,R03b_20260811_FULL_v1,L1_ELIGIBILITY,v2026-08-11,2026-03-21..2026-08-06,baccarat_bet02_101_all_pairs_incl_sentinel,round_win = game_pnl > 0 (decisive only),COMPATIBILITY_ONLY_NOT_PRODUCTION,268817.8208,244366.2908,168.7661,6248,5610,-0.00062781,-0.08642944,0.00436428,-0.00062781,-168.7661,268817.8208,OK,0.0000,6.7506,4.0000,96.0000,AG03-UNRESOLVED,ALL5_LEVELS_bet23_to_bet27,6.7506,6.7506,6.7506,8.4383,8.4383,4.000000,4.000000,4.000000,5.000000,5.000000,96.000000,96.000000,96.000000,95.000000,95.000000,5.0,37.1285,34.0107,131.6376,134.7554,PENDING_AG03,FALSE,NOT_FOR_ENFORCEMENT,162.0155,234591.6392,168.7661,162.0155,6.7506,0.00062781,0.00060270,6.7506,162.0155,0.00060270,6.7506,6.7506,6.7506,8.4383,8.4383,162.0155,0.00060270,37.1285,34.0107,131.6376,134.7554,0.00048969,0.00050129,0.00002511,43.0246,43.5591,0.0301,2.0581,0.0627,3278.2661,68.4146,17.6798,46.9397,25.7155,39.4976,52.6635,77.1466,82.2897,128.5777,31.4111,0.0,2.083411,3.25533,1.089297,30,192,222,8,0.05498276,0.00062781,0.08642944,0E-8,0.000000,0.909041,0.000000,-0.09079372,2026-03-23,2026-08-06,82,2690,1181,137,0.598540,0.376650,0.410924,0.183276,,,,,,,,GLOBAL_BASELINE_NO_ENTITY_RANKING,,,NOT_APPLICABLE_GLOBAL_BASELINE,HF9g-P5,,,,X 全窗基线 · 不参与实体赏罚,6877165,688,A168_HF9F_20260827_0900,2026-08-27 09:00:00
2026-04-12,70460261,2188,0,26.1759547680,-26.1759547680,-26.1759547680,0E-7,1,1,0.49324550000000000,0.493245500000,-0.9865810262130424,-0.9865810262130424,-0.9865810262130424,0E-17,ELIGIBLE,R03b_20260811_FULL_v1,L1_ELIGIBILITY,v2026-08-11,2026-03-21..2026-08-06,baccarat_bet02_101_all_pairs_incl_sentinel,round_win = game_pnl > 0 (decisive only),COMPATIBILITY_ONLY_NOT_PRODUCTION,268817.8208,244366.2908,168.7661,6248,5610,-0.00062781,-0.08642944,0.00436428,-0.00062781,-168.7661,268817.8208,OK,0.0000,6.7506,4.0000,96.0000,AG03-UNRESOLVED,ALL5_LEVELS_bet23_to_bet27,6.7506,6.7506,6.7506,8.4383,8.4383,4.000000,4.000000,4.000000,5.000000,5.000000,96.000000,96.000000,96.000000,95.000000,95.000000,5.0,37.1285,34.0107,131.6376,134.7554,PENDING_AG03,FALSE,NOT_FOR_ENFORCEMENT,162.0155,234591.6392,168.7661,162.0155,6.7506,0.00062781,0.00060270,6.7506,162.0155,0.00060270,6.7506,6.7506,6.7506,8.4383,8.4383,162.0155,0.00060270,37.1285,34.0107,131.6376,134.7554,0.00048969,0.00050129,0.00002511,43.0246,43.5591,0.0301,2.0581,0.0627,3278.2661,68.4146,17.6798,46.9397,25.7155,39.4976,52.6635,77.1466,82.2897,128.5777,31.4111,0.0,2.083411,3.25533,1.089297,30,192,222,8,0.05498276,0.00062781,0.08642944,0E-8,0.000000,0.909041,0.000000,-0.09079372,2026-03-23,2026-08-06,82,2690,1181,137,0.598540,0.376650,0.410924,0.183276,,,,,,,,GLOBAL_BASELINE_NO_ENTITY_RANKING,,,NOT_APPLICABLE_GLOBAL_BASELINE,HF9g-P5,,,,X 全窗基线 · 不参与实体赏罚,6877166,688,A168_HF9F_20260827_0900,2026-08-27 09:00:00
2026-04-12,70460261,2209,0,28.7935502447,-28.7935502447,-28.7935502447,0E-7,1,1,0.50665070000000000,0.506650700000,-1.013391052207602,-1.013391052207602,-1.013391052207602,0E-17,ELIGIBLE,R03b_20260811_FULL_v1,L1_ELIGIBILITY,v2026-08-11,2026-03-21..2026-08-06,baccarat_bet02_101_all_pairs_incl_sentinel,round_win = game_pnl > 0 (decisive only),COMPATIBILITY_ONLY_NOT_PRODUCTION,268817.8208,244366.2908,168.7661,6248,5610,-0.00062781,-0.08642944,0.00436428,-0.00062781,-168.7661,268817.8208,OK,0.0000,6.7506,4.0000,96.0000,AG03-UNRESOLVED,ALL5_LEVELS_bet23_to_bet27,6.7506,6.7506,6.7506,8.4383,8.4383,4.000000,4.000000,4.000000,5.000000,5.000000,96.000000,96.000000,96.000000,95.000000,95.000000,5.0,37.1285,34.0107,131.6376,134.7554,PENDING_AG03,FALSE,NOT_FOR_ENFORCEMENT,162.0155,234591.6392,168.7661,162.0155,6.7506,0.00062781,0.00060270,6.7506,162.0155,0.00060270,6.7506,6.7506,6.7506,8.4383,8.4383,162.0155,0.00060270,37.1285,34.0107,131.6376,134.7554,0.00048969,0.00050129,0.00002511,43.0246,43.5591,0.0301,2.0581,0.0627,3278.2661,68.4146,17.6798,46.9397,25.7155,39.4976,52.6635,77.1466,82.2897,128.5777,31.4111,0.0,2.083411,3.25533,1.089297,30,192,222,8,0.05498276,0.00062781,0.08642944,0E-8,0.000000,0.909041,0.000000,-0.09079372,2026-03-23,2026-08-06,82,2690,1181,137,0.598540,0.376650,0.410924,0.183276,,,,,,,,GLOBAL_BASELINE_NO_ENTITY_RANKING,,,NOT_APPLICABLE_GLOBAL_BASELINE,HF9g-P5,,,,X 全窗基线 · 不参与实体赏罚,6877167,688,A168_HF9F_20260827_0900,2026-08-27 09:00:00
2026-04-12,70460261,2233,0,36.6463366752,22.3804413266,22.3804413266,1.0000000,2,2,0.50665070000000000,0.506650700000,0.9867858985152569,0.9867858985152569,0.9867858985152569,0E-17,ELIGIBLE,R03b_20260811_FULL_v1,L1_ELIGIBILITY,v2026-08-11,2026-03-21..2026-08-06,baccarat_bet02_101_all_pairs_incl_sentinel,round_win = game_pnl > 0 (decisive only),COMPATIBILITY_ONLY_NOT_PRODUCTION,268817.8208,244366.2908,168.7661,6248,5610,-0.00062781,-0.08642944,0.00436428,-0.00062781,-168.7661,268817.8208,OK,0.0000,6.7506,4.0000,96.0000,AG03-UNRESOLVED,ALL5_LEVELS_bet23_to_bet27,6.7506,6.7506,6.7506,8.4383,8.4383,4.000000,4.000000,4.000000,5.000000,5.000000,96.000000,96.000000,96.000000,95.000000,95.000000,5.0,37.1285,34.0107,131.6376,134.7554,PENDING_AG03,FALSE,NOT_FOR_ENFORCEMENT,162.0155,234591.6392,168.7661,162.0155,6.7506,0.00062781,0.00060270,6.7506,162.0155,0.00060270,6.7506,6.7506,6.7506,8.4383,8.4383,162.0155,0.00060270,37.1285,34.0107,131.6376,134.7554,0.00048969,0.00050129,0.00002511,43.0246,43.5591,0.0301,2.0581,0.0627,3278.2661,68.4146,17.6798,46.9397,25.7155,39.4976,52.6635,77.1466,82.2897,128.5777,31.4111,0.0,2.083411,3.25533,1.089297,30,192,222,8,0.05498276,0.00062781,0.08642944,0E-8,0.000000,0.909041,0.000000,-0.09079372,2026-03-23,2026-08-06,82,2690,1181,137,0.598540,0.376650,0.410924,0.183276,,,,,,,,GLOBAL_BASELINE_NO_ENTITY_RANKING,,,NOT_APPLICABLE_GLOBAL_BASELINE,HF9g-P5,,,,X 全窗基线 · 不参与实体赏罚,6877168,688,A168_HF9F_20260827_0900,2026-08-27 09:00:00
2026-04-12,70460261,2248,0,41.8815276288,-6.1513493705,-6.1513493705,0.5000000,2,2,0.50665070000000000,0.506650700000,-0.018812684590367487,-0.018812684590367487,-0.018812684590367487,0E-17,ELIGIBLE,R03b_20260811_FULL_v1,L1_ELIGIBILITY,v2026-08-11,2026-03-21..2026-08-06,baccarat_bet02_101_all_pairs_incl_sentinel,round_win = game_pnl > 0 (decisive only),COMPATIBILITY_ONLY_NOT_PRODUCTION,268817.8208,244366.2908,168.7661,6248,5610,-0.00062781,-0.08642944,0.00436428,-0.00062781,-168.7661,268817.8208,OK,0.0000,6.7506,4.0000,96.0000,AG03-UNRESOLVED,ALL5_LEVELS_bet23_to_bet27,6.7506,6.7506,6.7506,8.4383,8.4383,4.000000,4.000000,4.000000,5.000000,5.000000,96.000000,96.000000,96.000000,95.000000,95.000000,5.0,37.1285,34.0107,131.6376,134.7554,PENDING_AG03,FALSE,NOT_FOR_ENFORCEMENT,162.0155,234591.6392,168.7661,162.0155,6.7506,0.00062781,0.00060270,6.7506,162.0155,0.00060270,6.7506,6.7506,6.7506,8.4383,8.4383,162.0155,0.00060270,37.1285,34.0107,131.6376,134.7554,0.00048969,0.00050129,0.00002511,43.0246,43.5591,0.0301,2.0581,0.0627,3278.2661,68.4146,17.6798,46.9397,25.7155,39.4976,52.6635,77.1466,82.2897,128.5777,31.4111,0.0,2.083411,3.25533,1.089297,30,192,222,8,0.05498276,0.00062781,0.08642944,0E-8,0.000000,0.909041,0.000000,-0.09079372,2026-03-23,2026-08-06,82,2690,1181,137,0.598540,0.376650,0.410924,0.183276,,,,,,,,GLOBAL_BASELINE_NO_ENTITY_RANKING,,,NOT_APPLICABLE_GLOBAL_BASELINE,HF9g-P5,,,,X 全窗基线 · 不参与实体赏罚,6877169,688,A168_HF9F_20260827_0900,2026-08-27 09:00:00
2026-04-12,70460261,550,0,39.2639321520,-39.2639321520,-39.2639321520,0E-7,2,2,0.50665070000000000,0.506650700000,-1.4331513700195317,-1.4331513700195317,-1.4331513700195317,0E-17,ELIGIBLE,R03b_20260811_FULL_v1,L1_ELIGIBILITY,v2026-08-11,2026-03-21..2026-08-06,baccarat_bet02_101_all_pairs_incl_sentinel,round_win = game_pnl > 0 (decisive only),COMPATIBILITY_ONLY_NOT_PRODUCTION,268817.8208,244366.2908,168.7661,6248,5610,-0.00062781,-0.08642944,0.00436428,-0.00062781,-168.7661,268817.8208,OK,0.0000,6.7506,4.0000,96.0000,AG03-UNRESOLVED,ALL5_LEVELS_bet23_to_bet27,6.7506,6.7506,6.7506,8.4383,8.4383,4.000000,4.000000,4.000000,5.000000,5.000000,96.000000,96.000000,96.000000,95.000000,95.000000,5.0,37.1285,34.0107,131.6376,134.7554,PENDING_AG03,FALSE,NOT_FOR_ENFORCEMENT,162.0155,234591.6392,168.7661,162.0155,6.7506,0.00062781,0.00060270,6.7506,162.0155,0.00060270,6.7506,6.7506,6.7506,8.4383,8.4383,162.0155,0.00060270,37.1285,34.0107,131.6376,134.7554,0.00048969,0.00050129,0.00002511,43.0246,43.5591,0.0301,2.0581,0.0627,3278.2661,68.4146,17.6798,46.9397,25.7155,39.4976,52.6635,77.1466,82.2897,128.5777,31.4111,0.0,2.083411,3.25533,1.089297,30,192,222,8,0.05498276,0.00062781,0.08642944,0E-8,0.000000,0.909041,0.000000,-0.09079372,2026-03-23,2026-08-06,82,2690,1181,137,0.598540,0.376650,0.410924,0.183276,,,,,,,,GLOBAL_BASELINE_NO_ENTITY_RANKING,,,NOT_APPLICABLE_GLOBAL_BASELINE,HF9g-P5,,,,X 全窗基线 · 不参与实体赏罚,6877170,688,A168_HF9F_20260827_0900,2026-08-27 09:00:00
2026-04-13,70460261,-1,1,349.9725152479,-154.8962123395,-154.8962123395,0.2857143,18,15,0.49802474867756991,0.472033223333,-1.588798421888672,-1.3964694405994653,-1.588798421888672,0.02599152534456991,SENTINEL_DEALER,R03b_20260811_FULL_v1,L1_ELIGIBILITY,v2026-08-11,2026-03-21..2026-08-06,baccarat_bet02_101_all_pairs_incl_sentinel,round_win = game_pnl > 0 (decisive only),COMPATIBILITY_ONLY_NOT_PRODUCTION,268817.8208,244366.2908,168.7661,6248,5610,-0.00062781,-0.08642944,0.00436428,-0.00062781,-168.7661,268817.8208,OK,0.0000,6.7506,4.0000,96.0000,AG03-UNRESOLVED,ALL5_LEVELS_bet23_to_bet27,6.7506,6.7506,6.7506,8.4383,8.4383,4.000000,4.000000,4.000000,5.000000,5.000000,96.000000,96.000000,96.000000,95.000000,95.000000,5.0,37.1285,34.0107,131.6376,134.7554,PENDING_AG03,FALSE,NOT_FOR_ENFORCEMENT,162.0155,234591.6392,168.7661,162.0155,6.7506,0.00062781,0.00060270,6.7506,162.0155,0.00060270,6.7506,6.7506,6.7506,8.4383,8.4383,162.0155,0.00060270,37.1285,34.0107,131.6376,134.7554,0.00048969,0.00050129,0.00002511,43.0246,43.5591,0.0301,2.0581,0.0627,3278.2661,68.4146,17.6798,46.9397,25.7155,39.4976,52.6635,77.1466,82.2897,128.5777,31.4111,0.0,2.083411,3.25533,1.089297,30,192,222,8,0.05498276,0.00062781,0.08642944,0E-8,0.000000,0.909041,0.000000,-0.09079372,2026-03-23,2026-08-06,82,2690,1181,137,0.598540,0.376650,0.410924,0.183276,,,,,,,,GLOBAL_BASELINE_NO_ENTITY_RANKING,,,NOT_APPLICABLE_GLOBAL_BASELINE,HF9g-P5,,,,X 全窗基线 · 不参与实体赏罚,6877171,688,A168_HF9F_20260827_0900,2026-08-27 09:00:00
2026-04-13,70460261,1205,0,54.1842263697,-54.1842263697,-54.1842263697,0E-7,1,1,0.50665070000000000,0.506650700000,-1.013391052207602,-1.013391052207602,-1.013391052207602,0E-17,ELIGIBLE,R03b_20260811_FULL_v1,L1_ELIGIBILITY,v2026-08-11,2026-03-21..2026-08-06,baccarat_bet02_101_all_pairs_incl_sentinel,round_win = game_pnl > 0 (decisive only),COMPATIBILITY_ONLY_NOT_PRODUCTION,268817.8208,244366.2908,168.7661,6248,5610,-0.00062781,-0.08642944,0.00436428,-0.00062781,-168.7661,268817.8208,OK,0.0000,6.7506,4.0000,96.0000,AG03-UNRESOLVED,ALL5_LEVELS_bet23_to_bet27,6.7506,6.7506,6.7506,8.4383,8.4383,4.000000,4.000000,4.000000,5.000000,5.000000,96.000000,96.000000,96.000000,95.000000,95.000000,5.0,37.1285,34.0107,131.6376,134.7554,PENDING_AG03,FALSE,NOT_FOR_ENFORCEMENT,162.0155,234591.6392,168.7661,162.0155,6.7506,0.00062781,0.00060270,6.7506,162.0155,0.00060270,6.7506,6.7506,6.7506,8.4383,8.4383,162.0155,0.00060270,37.1285,34.0107,131.6376,134.7554,0.00048969,0.00050129,0.00002511,43.0246,43.5591,0.0301,2.0581,0.0627,3278.2661,68.4146,17.6798,46.9397,25.7155,39.4976,52.6635,77.1466,82.2897,128.5777,31.4111,0.0,2.083411,3.25533,1.089297,30,192,222,8,0.05498276,0.00062781,0.08642944,0E-8,0.000000,0.909041,0.000000,-0.09079372,2026-03-23,2026-08-06,82,2690,1181,137,0.598540,0.376650,0.410924,0.183276,,,,,,,,GLOBAL_BASELINE_NO_ENTITY_RANKING,,,NOT_APPLICABLE_GLOBAL_BASELINE,HF9g-P5,,,,X 全窗基线 · 不参与实体赏罚,6877172,688,A168_HF9F_20260827_0900,2026-08-27 09:00:00
2026-04-13,70460261,1210,0,10.2086223595,9.6981912415,9.6981912415,1.0000000,1,1,0.50665070000000000,0.506650700000,0.9867858985152569,0.9867858985152569,0.9867858985152569,0E-17,ELIGIBLE,R03b_20260811_FULL_v1,L1_ELIGIBILITY,v2026-08-11,2026-03-21..2026-08-06,baccarat_bet02_101_all_pairs_incl_sentinel,round_win = game_pnl > 0 (decisive only),COMPATIBILITY_ONLY_NOT_PRODUCTION,268817.8208,244366.2908,168.7661,6248,5610,-0.00062781,-0.08642944,0.00436428,-0.00062781,-168.7661,268817.8208,OK,0.0000,6.7506,4.0000,96.0000,AG03-UNRESOLVED,ALL5_LEVELS_bet23_to_bet27,6.7506,6.7506,6.7506,8.4383,8.4383,4.000000,4.000000,4.000000,5.000000,5.000000,96.000000,96.000000,96.000000,95.000000,95.000000,5.0,37.1285,34.0107,131.6376,134.7554,PENDING_AG03,FALSE,NOT_FOR_ENFORCEMENT,162.0155,234591.6392,168.7661,162.0155,6.7506,0.00062781,0.00060270,6.7506,162.0155,0.00060270,6.7506,6.7506,6.7506,8.4383,8.4383,162.0155,0.00060270,37.1285,34.0107,131.6376,134.7554,0.00048969,0.00050129,0.00002511,43.0246,43.5591,0.0301,2.0581,0.0627,3278.2661,68.4146,17.6798,46.9397,25.7155,39.4976,52.6635,77.1466,82.2897,128.5777,31.4111,0.0,2.083411,3.25533,1.089297,30,192,222,8,0.05498276,0.00062781,0.08642944,0E-8,0.000000,0.909041,0.000000,-0.09079372,2026-03-23,2026-08-06,82,2690,1181,137,0.598540,0.376650,0.410924,0.183276,,,,,,,,GLOBAL_BASELINE_NO_ENTITY_RANKING,,,NOT_APPLICABLE_GLOBAL_BASELINE,HF9g-P5,,,,X 全窗基线 · 不参与实体赏罚,6877173,688,A168_HF9F_20260827_0900,2026-08-27 09:00:00
2026-04-13,70460261,1302,0,26.1759547680,-26.1759547680,-26.1759547680,0E-7,1,1,0.50665070000000000,0.506650700000,-1.013391052207602,-1.013391052207602,-1.013391052207602,0E-17,ELIGIBLE,R03b_20260811_FULL_v1,L1_ELIGIBILITY,v2026-08-11,2026-03-21..2026-08-06,baccarat_bet02_101_all_pairs_incl_sentinel,round_win = game_pnl > 0 (decisive only),COMPATIBILITY_ONLY_NOT_PRODUCTION,268817.8208,244366.2908,168.7661,6248,5610,-0.00062781,-0.08642944,0.00436428,-0.00062781,-168.7661,268817.8208,OK,0.0000,6.7506,4.0000,96.0000,AG03-UNRESOLVED,ALL5_LEVELS_bet23_to_bet27,6.7506,6.7506,6.7506,8.4383,8.4383,4.000000,4.000000,4.000000,5.000000,5.000000,96.000000,96.000000,96.000000,95.000000,95.000000,5.0,37.1285,34.0107,131.6376,134.7554,PENDING_AG03,FALSE,NOT_FOR_ENFORCEMENT,162.0155,234591.6392,168.7661,162.0155,6.7506,0.00062781,0.00060270,6.7506,162.0155,0.00060270,6.7506,6.7506,6.7506,8.4383,8.4383,162.0155,0.00060270,37.1285,34.0107,131.6376,134.7554,0.00048969,0.00050129,0.00002511,43.0246,43.5591,0.0301,2.0581,0.0627,3278.2661,68.4146,17.6798,46.9397,25.7155,39.4976,52.6635,77.1466,82.2897,128.5777,31.4111,0.0,2.083411,3.25533,1.089297,30,192,222,8,0.05498276,0.00062781,0.08642944,0E-8,0.000000,0.909041,0.000000,-0.09079372,2026-03-23,2026-08-06,82,2690,1181,137,0.598540,0.376650,0.410924,0.183276,,,,,,,,GLOBAL_BASELINE_NO_ENTITY_RANKING,,,NOT_APPLICABLE_GLOBAL_BASELINE,HF9g-P5,,,,X 全窗基线 · 不参与实体赏罚,6877174,688,A168_HF9F_20260827_0900,2026-08-27 09:00:00
2026-04-13,70460261,1399,0,26.1759547680,-26.1759547680,-26.1759547680,0E-7,1,1,0.50665070000000000,0.506650700000,-1.013391052207602,-1.013391052207602,-1.013391052207602,0E-17,ELIGIBLE,R03b_20260811_FULL_v1,L1_ELIGIBILITY,v2026-08-11,2026-03-21..2026-08-06,baccarat_bet02_101_all_pairs_incl_sentinel,round_win = game_pnl > 0 (decisive only),COMPATIBILITY_ONLY_NOT_PRODUCTION,268817.8208,244366.2908,168.7661,6248,5610,-0.00062781,-0.08642944,0.00436428,-0.00062781,-168.7661,268817.8208,OK,0.0000,6.7506,4.0000,96.0000,AG03-UNRESOLVED,ALL5_LEVELS_bet23_to_bet27,6.7506,6.7506,6.7506,8.4383,8.4383,4.000000,4.000000,4.000000,5.000000,5.000000,96.000000,96.000000,96.000000,95.000000,95.000000,5.0,37.1285,34.0107,131.6376,134.7554,PENDING_AG03,FALSE,NOT_FOR_ENFORCEMENT,162.0155,234591.6392,168.7661,162.0155,6.7506,0.00062781,0.00060270,6.7506,162.0155,0.00060270,6.7506,6.7506,6.7506,8.4383,8.4383,162.0155,0.00060270,37.1285,34.0107,131.6376,134.7554,0.00048969,0.00050129,0.00002511,43.0246,43.5591,0.0301,2.0581,0.0627,3278.2661,68.4146,17.6798,46.9397,25.7155,39.4976,52.6635,77.1466,82.2897,128.5777,31.4111,0.0,2.083411,3.25533,1.089297,30,192,222,8,0.05498276,0.00062781,0.08642944,0E-8,0.000000,0.909041,0.000000,-0.09079372,2026-03-23,2026-08-06,82,2690,1181,137,0.598540,0.376650,0.410924,0.183276,,,,,,,,GLOBAL_BASELINE_NO_ENTITY_RANKING,,,NOT_APPLICABLE_GLOBAL_BASELINE,HF9g-P5,,,,X 全窗基线 · 不参与实体赏罚,6877175,688,A168_HF9F_20260827_0900,2026-08-27 09:00:00
2026-04-13,70460261,1402,0,39.2639321520,-39.2639321520,-39.2639321520,0E-7,4,2,0.44392552142857143,0.360291950000,-1.263582413940935,-1.0613322701661767,-1.263582413940935,0.08363357142857143,ELIGIBLE,R03b_20260811_FULL_v1,L1_ELIGIBILITY,v2026-08-11,2026-03-21..2026-08-06,baccarat_bet02_101_all_pairs_incl_sentinel,round_win = game_pnl > 0 (decisive only),COMPATIBILITY_ONLY_NOT_PRODUCTION,268817.8208,244366.2908,168.7661,6248,5610,-0.00062781,-0.08642944,0.00436428,-0.00062781,-168.7661,268817.8208,OK,0.0000,6.7506,4.0000,96.0000,AG03-UNRESOLVED,ALL5_LEVELS_bet23_to_bet27,6.7506,6.7506,6.7506,8.4383,8.4383,4.000000,4.000000,4.000000,5.000000,5.000000,96.000000,96.000000,96.000000,95.000000,95.000000,5.0,37.1285,34.0107,131.6376,134.7554,PENDING_AG03,FALSE,NOT_FOR_ENFORCEMENT,162.0155,234591.6392,168.7661,162.0155,6.7506,0.00062781,0.00060270,6.7506,162.0155,0.00060270,6.7506,6.7506,6.7506,8.4383,8.4383,162.0155,0.00060270,37.1285,34.0107,131.6376,134.7554,0.00048969,0.00050129,0.00002511,43.0246,43.5591,0.0301,2.0581,0.0627,3278.2661,68.4146,17.6798,46.9397,25.7155,39.4976,52.6635,77.1466,82.2897,128.5777,31.4111,0.0,2.083411,3.25533,1.089297,30,192,222,8,0.05498276,0.00062781,0.08642944,0E-8,0.000000,0.909041,0.000000,-0.09079372,2026-03-23,2026-08-06,82,2690,1181,137,0.598540,0.376650,0.410924,0.183276,,,,,,,,GLOBAL_BASELINE_NO_ENTITY_RANKING,,,NOT_APPLICABLE_GLOBAL_BASELINE,HF9g-P5,,,,X 全窗基线 · 不参与实体赏罚,6877176,688,A168_HF9F_20260827_0900,2026-08-27 09:00:00
2026-04-13,70460261,1490,0,13.0879773840,-13.0879773840,-13.0879773840,0E-7,1,1,0.50665070000000000,0.506650700000,-1.013391052207602,-1.013391052207602,-1.013391052207602,0E-17,ELIGIBLE,R03b_20260811_FULL_v1,L1_ELIGIBILITY,v2026-08-11,2026-03-21..2026-08-06,baccarat_bet02_101_all_pairs_incl_sentinel,round_win = game_pnl > 0 (decisive only),COMPATIBILITY_ONLY_NOT_PRODUCTION,268817.8208,244366.2908,168.7661,6248,5610,-0.00062781,-0.08642944,0.00436428,-0.00062781,-168.7661,268817.8208,OK,0.0000,6.7506,4.0000,96.0000,AG03-UNRESOLVED,ALL5_LEVELS_bet23_to_bet27,6.7506,6.7506,6.7506,8.4383,8.4383,4.000000,4.000000,4.000000,5.000000,5.000000,96.000000,96.000000,96.000000,95.000000,95.000000,5.0,37.1285,34.0107,131.6376,134.7554,PENDING_AG03,FALSE,NOT_FOR_ENFORCEMENT,162.0155,234591.6392,168.7661,162.0155,6.7506,0.00062781,0.00060270,6.7506,162.0155,0.00060270,6.7506,6.7506,6.7506,8.4383,8.4383,162.0155,0.00060270,37.1285,34.0107,131.6376,134.7554,0.00048969,0.00050129,0.00002511,43.0246,43.5591,0.0301,2.0581,0.0627,3278.2661,68.4146,17.6798,46.9397,25.7155,39.4976,52.6635,77.1466,82.2897,128.5777,31.4111,0.0,2.083411,3.25533,1.089297,30,192,222,8,0.05498276,0.00062781,0.08642944,0E-8,0.000000,0.909041,0.000000,-0.09079372,2026-03-23,2026-08-06,82,2690,1181,137,0.598540,0.376650,0.410924,0.183276,,,,,,,,GLOBAL_BASELINE_NO_ENTITY_RANKING,,,NOT_APPLICABLE_GLOBAL_BASELINE,HF9g-P5,,,,X 全窗基线 · 不参与实体赏罚,6877177,688,A168_HF9F_20260827_0900,2026-08-27 09:00:00
2026-04-13,70460261,1940,0,60.2046959663,84.4174541266,84.4174541266,0.5000000,4,2,0.46967176111103263,0.360291950000,0.08593945377884694,0.4115458640332922,0.08593945377884694,0.10937981111103263,ELIGIBLE,R03b_20260811_FULL_v1,L1_ELIGIBILITY,v2026-08-11,2026-03-21..2026-08-06,baccarat_bet02_101_all_pairs_incl_sentinel,round_win = game_pnl > 0 (decisive only),COMPATIBILITY_ONLY_NOT_PRODUCTION,268817.8208,244366.2908,168.7661,6248,5610,-0.00062781,-0.08642944,0.00436428,-0.00062781,-168.7661,268817.8208,OK,0.0000,6.7506,4.0000,96.0000,AG03-UNRESOLVED,ALL5_LEVELS_bet23_to_bet27,6.7506,6.7506,6.7506,8.4383,8.4383,4.000000,4.000000,4.000000,5.000000,5.000000,96.000000,96.000000,96.000000,95.000000,95.000000,5.0,37.1285,34.0107,131.6376,134.7554,PENDING_AG03,FALSE,NOT_FOR_ENFORCEMENT,162.0155,234591.6392,168.7661,162.0155,6.7506,0.00062781,0.00060270,6.7506,162.0155,0.00060270,6.7506,6.7506,6.7506,8.4383,8.4383,162.0155,0.00060270,37.1285,34.0107,131.6376,134.7554,0.00048969,0.00050129,0.00002511,43.0246,43.5591,0.0301,2.0581,0.0627,3278.2661,68.4146,17.6798,46.9397,25.7155,39.4976,52.6635,77.1466,82.2897,128.5777,31.4111,0.0,2.083411,3.25533,1.089297,30,192,222,8,0.05498276,0.00062781,0.08642944,0E-8,0.000000,0.909041,0.000000,-0.09079372,2026-03-23,2026-08-06,82,2690,1181,137,0.598540,0.376650,0.410924,0.183276,,,,,,,,GLOBAL_BASELINE_NO_ENTITY_RANKING,,,NOT_APPLICABLE_GLOBAL_BASELINE,HF9g-P5,,,,X 全窗基线 · 不参与实体赏罚,6877178,688,A168_HF9F_20260827_0900,2026-08-27 09:00:00
2026-04-13,70460261,2129,0,52.3519095360,24.8671570296,24.8671570296,1.0000000,2,2,0.50665070000000000,0.506650700000,0.9867858985152569,0.9867858985152569,0.9867858985152569,0E-17,ELIGIBLE,R03b_20260811_FULL_v1,L1_ELIGIBILITY,v2026-08-11,2026-03-21..2026-08-06,baccarat_bet02_101_all_pairs_incl_sentinel,round_win = game_pnl > 0 (decisive only),COMPATIBILITY_ONLY_NOT_PRODUCTION,268817.8208,244366.2908,168.7661,6248,5610,-0.00062781,-0.08642944,0.00436428,-0.00062781,-168.7661,268817.8208,OK,0.0000,6.7506,4.0000,96.0000,AG03-UNRESOLVED,ALL5_LEVELS_bet23_to_bet27,6.7506,6.7506,6.7506,8.4383,8.4383,4.000000,4.000000,4.000000,5.000000,5.000000,96.000000,96.000000,96.000000,95.000000,95.000000,5.0,37.1285,34.0107,131.6376,134.7554,PENDING_AG03,FALSE,NOT_FOR_ENFORCEMENT,162.0155,234591.6392,168.7661,162.0155,6.7506,0.00062781,0.00060270,6.7506,162.0155,0.00060270,6.7506,6.7506,6.7506,8.4383,8.4383,162.0155,0.00060270,37.1285,34.0107,131.6376,134.7554,0.00048969,0.00050129,0.00002511,43.0246,43.5591,0.0301,2.0581,0.0627,3278.2661,68.4146,17.6798,46.9397,25.7155,39.4976,52.6635,77.1466,82.2897,128.5777,31.4111,0.0,2.083411,3.25533,1.089297,30,192,222,8,0.05498276,0.00062781,0.08642944,0E-8,0.000000,0.909041,0.000000,-0.09079372,2026-03-23,2026-08-06,82,2690,1181,137,0.598540,0.376650,0.410924,0.183276,,,,,,,,GLOBAL_BASELINE_NO_ENTITY_RANKING,,,NOT_APPLICABLE_GLOBAL_BASELINE,HF9g-P5,,,,X 全窗基线 · 不参与实体赏罚,6877179,688,A168_HF9F_20260827_0900,2026-08-27 09:00:00
2026-04-13,70460261,2134,0,13.0879773840,12.4335785148,12.4335785148,1.0000000,1,1,0.50665070000000000,0.506650700000,0.9867858985152569,0.9867858985152569,0.9867858985152569,0E-17,ELIGIBLE,R03b_20260811_FULL_v1,L1_ELIGIBILITY,v2026-08-11,2026-03-21..2026-08-06,baccarat_bet02_101_all_pairs_incl_sentinel,round_win = game_pnl > 0 (decisive only),COMPATIBILITY_ONLY_NOT_PRODUCTION,268817.8208,244366.2908,168.7661,6248,5610,-0.00062781,-0.08642944,0.00436428,-0.00062781,-168.7661,268817.8208,OK,0.0000,6.7506,4.0000,96.0000,AG03-UNRESOLVED,ALL5_LEVELS_bet23_to_bet27,6.7506,6.7506,6.7506,8.4383,8.4383,4.000000,4.000000,4.000000,5.000000,5.000000,96.000000,96.000000,96.000000,95.000000,95.000000,5.0,37.1285,34.0107,131.6376,134.7554,PENDING_AG03,FALSE,NOT_FOR_ENFORCEMENT,162.0155,234591.6392,168.7661,162.0155,6.7506,0.00062781,0.00060270,6.7506,162.0155,0.00060270,6.7506,6.7506,6.7506,8.4383,8.4383,162.0155,0.00060270,37.1285,34.0107,131.6376,134.7554,0.00048969,0.00050129,0.00002511,43.0246,43.5591,0.0301,2.0581,0.0627,3278.2661,68.4146,17.6798,46.9397,25.7155,39.4976,52.6635,77.1466,82.2897,128.5777,31.4111,0.0,2.083411,3.25533,1.089297,30,192,222,8,0.05498276,0.00062781,0.08642944,0E-8,0.000000,0.909041,0.000000,-0.09079372,2026-03-23,2026-08-06,82,2690,1181,137,0.598540,0.376650,0.410924,0.183276,,,,,,,,GLOBAL_BASELINE_NO_ENTITY_RANKING,,,NOT_APPLICABLE_GLOBAL_BASELINE,HF9g-P5,,,,X 全窗基线 · 不参与实体赏罚,6877180,688,A168_HF9F_20260827_0900,2026-08-27 09:00:00
2026-04-13,70460261,2169,0,26.1759547680,0E-10,0E-10,,1,1,0.50665070000000000,0.506650700000,,,,0E-17,NO_DECISIVE_ROUND,R03b_20260811_FULL_v1,L1_ELIGIBILITY,v2026-08-11,2026-03-21..2026-08-06,baccarat_bet02_101_all_pairs_incl_sentinel,round_win = game_pnl > 0 (decisive only),COMPATIBILITY_ONLY_NOT_PRODUCTION,268817.8208,244366.2908,168.7661,6248,5610,-0.00062781,-0.08642944,0.00436428,-0.00062781,-168.7661,268817.8208,OK,0.0000,6.7506,4.0000,96.0000,AG03-UNRESOLVED,ALL5_LEVELS_bet23_to_bet27,6.7506,6.7506,6.7506,8.4383,8.4383,4.000000,4.000000,4.000000,5.000000,5.000000,96.000000,96.000000,96.000000,95.000000,95.000000,5.0,37.1285,34.0107,131.6376,134.7554,PENDING_AG03,FALSE,NOT_FOR_ENFORCEMENT,162.0155,234591.6392,168.7661,162.0155,6.7506,0.00062781,0.00060270,6.7506,162.0155,0.00060270,6.7506,6.7506,6.7506,8.4383,8.4383,162.0155,0.00060270,37.1285,34.0107,131.6376,134.7554,0.00048969,0.00050129,0.00002511,43.0246,43.5591,0.0301,2.0581,0.0627,3278.2661,68.4146,17.6798,46.9397,25.7155,39.4976,52.6635,77.1466,82.2897,128.5777,31.4111,0.0,2.083411,3.25533,1.089297,30,192,222,8,0.05498276,0.00062781,0.08642944,0E-8,0.000000,0.909041,0.000000,-0.09079372,2026-03-23,2026-08-06,82,2690,1181,137,0.598540,0.376650,0.410924,0.183276,,,,,,,,GLOBAL_BASELINE_NO_ENTITY_RANKING,,,NOT_APPLICABLE_GLOBAL_BASELINE,HF9g-P5,,,,X 全窗基线 · 不参与实体赏罚,6877181,688,A168_HF9F_20260827_0900,2026-08-27 09:00:00
2026-04-13,70460261,2177,0,26.1759547680,-8.1145459781,-8.1145459781,0.5000000,3,3,0.50665070000000000,0.506650700000,-0.018812684590367487,-0.018812684590367487,-0.018812684590367487,0E-17,ELIGIBLE,R03b_20260811_FULL_v1,L1_ELIGIBILITY,v2026-08-11,2026-03-21..2026-08-06,baccarat_bet02_101_all_pairs_incl_sentinel,round_win = game_pnl > 0 (decisive only),COMPATIBILITY_ONLY_NOT_PRODUCTION,268817.8208,244366.2908,168.7661,6248,5610,-0.00062781,-0.08642944,0.00436428,-0.00062781,-168.7661,268817.8208,OK,0.0000,6.7506,4.0000,96.0000,AG03-UNRESOLVED,ALL5_LEVELS_bet23_to_bet27,6.7506,6.7506,6.7506,8.4383,8.4383,4.000000,4.000000,4.000000,5.000000,5.000000,96.000000,96.000000,96.000000,95.000000,95.000000,5.0,37.1285,34.0107,131.6376,134.7554,PENDING_AG03,FALSE,NOT_FOR_ENFORCEMENT,162.0155,234591.6392,168.7661,162.0155,6.7506,0.00062781,0.00060270,6.7506,162.0155,0.00060270,6.7506,6.7506,6.7506,8.4383,8.4383,162.0155,0.00060270,37.1285,34.0107,131.6376,134.7554,0.00048969,0.00050129,0.00002511,43.0246,43.5591,0.0301,2.0581,0.0627,3278.2661,68.4146,17.6798,46.9397,25.7155,39.4976,52.6635,77.1466,82.2897,128.5777,31.4111,0.0,2.083411,3.25533,1.089297,30,192,222,8,0.05498276,0.00062781,0.08642944,0E-8,0.000000,0.909041,0.000000,-0.09079372,2026-03-23,2026-08-06,82,2690,1181,137,0.598540,0.376650,0.410924,0.183276,,,,,,,,GLOBAL_BASELINE_NO_ENTITY_RANKING,,,NOT_APPLICABLE_GLOBAL_BASELINE,HF9g-P5,,,,X 全窗基线 · 不参与实体赏罚,6877182,688,A168_HF9F_20260827_0900,2026-08-27 09:00:00
2026-04-13,70460261,2196,0,31.4111457216,4.3190325367,4.3190325367,0.5000000,2,2,0.50665070000000000,0.506650700000,-0.018812684590367487,-0.018812684590367487,-0.018812684590367487,0E-17,ELIGIBLE,R03b_20260811_FULL_v1,L1_ELIGIBILITY,v2026-08-11,2026-03-21..2026-08-06,baccarat_bet02_101_all_pairs_incl_sentinel,round_win = game_pnl > 0 (decisive only),COMPATIBILITY_ONLY_NOT_PRODUCTION,268817.8208,244366.2908,168.7661,6248,5610,-0.00062781,-0.08642944,0.00436428,-0.00062781,-168.7661,268817.8208,OK,0.0000,6.7506,4.0000,96.0000,AG03-UNRESOLVED,ALL5_LEVELS_bet23_to_bet27,6.7506,6.7506,6.7506,8.4383,8.4383,4.000000,4.000000,4.000000,5.000000,5.000000,96.000000,96.000000,96.000000,95.000000,95.000000,5.0,37.1285,34.0107,131.6376,134.7554,PENDING_AG03,FALSE,NOT_FOR_ENFORCEMENT,162.0155,234591.6392,168.7661,162.0155,6.7506,0.00062781,0.00060270,6.7506,162.0155,0.00060270,6.7506,6.7506,6.7506,8.4383,8.4383,162.0155,0.00060270,37.1285,34.0107,131.6376,134.7554,0.00048969,0.00050129,0.00002511,43.0246,43.5591,0.0301,2.0581,0.0627,3278.2661,68.4146,17.6798,46.9397,25.7155,39.4976,52.6635,77.1466,82.2897,128.5777,31.4111,0.0,2.083411,3.25533,1.089297,30,192,222,8,0.05498276,0.00062781,0.08642944,0E-8,0.000000,0.909041,0.000000,-0.09079372,2026-03-23,2026-08-06,82,2690,1181,137,0.598540,0.376650,0.410924,0.183276,,,,,,,,GLOBAL_BASELINE_NO_ENTITY_RANKING,,,NOT_APPLICABLE_GLOBAL_BASELINE,HF9g-P5,,,,X 全窗基线 · 不参与实体赏罚,6877183,688,A168_HF9F_20260827_0900,2026-08-27 09:00:00
2026-04-13,70460261,2205,0,31.4111457216,-31.4111457216,-31.4111457216,0E-7,3,1,0.43347132500000000,0.213933200000,-0.8747203660932799,-0.5216862217126026,-0.8747203660932799,0.21953812500000000,ELIGIBLE,R03b_20260811_FULL_v1,L1_ELIGIBILITY,v2026-08-11,2026-03-21..2026-08-06,baccarat_bet02_101_all_pairs_incl_sentinel,round_win = game_pnl > 0 (decisive only),COMPATIBILITY_ONLY_NOT_PRODUCTION,268817.8208,244366.2908,168.7661,6248,5610,-0.00062781,-0.08642944,0.00436428,-0.00062781,-168.7661,268817.8208,OK,0.0000,6.7506,4.0000,96.0000,AG03-UNRESOLVED,ALL5_LEVELS_bet23_to_bet27,6.7506,6.7506,6.7506,8.4383,8.4383,4.000000,4.000000,4.000000,5.000000,5.000000,96.000000,96.000000,96.000000,95.000000,95.000000,5.0,37.1285,34.0107,131.6376,134.7554,PENDING_AG03,FALSE,NOT_FOR_ENFORCEMENT,162.0155,234591.6392,168.7661,162.0155,6.7506,0.00062781,0.00060270,6.7506,162.0155,0.00060270,6.7506,6.7506,6.7506,8.4383,8.4383,162.0155,0.00060270,37.1285,34.0107,131.6376,134.7554,0.00048969,0.00050129,0.00002511,43.0246,43.5591,0.0301,2.0581,0.0627,3278.2661,68.4146,17.6798,46.9397,25.7155,39.4976,52.6635,77.1466,82.2897,128.5777,31.4111,0.0,2.083411,3.25533,1.089297,30,192,222,8,0.05498276,0.00062781,0.08642944,0E-8,0.000000,0.909041,0.000000,-0.09079372,2026-03-23,2026-08-06,82,2690,1181,137,0.598540,0.376650,0.410924,0.183276,,,,,,,,GLOBAL_BASELINE_NO_ENTITY_RANKING,,,NOT_APPLICABLE_GLOBAL_BASELINE,HF9g-P5,,,,X 全窗基线 · 不参与实体赏罚,6877184,688,A168_HF9F_20260827_0900,2026-08-27 09:00:00
2026-04-13,70460261,2256,0,13.0879773840,13.0879773840,13.0879773840,1.0000000,1,1,0.49324550000000000,0.493245500000,1.01360149184955,1.01360149184955,1.01360149184955,0E-17,ELIGIBLE,R03b_20260811_FULL_v1,L1_ELIGIBILITY,v2026-08-11,2026-03-21..2026-08-06,baccarat_bet02_101_all_pairs_incl_sentinel,round_win = game_pnl > 0 (decisive only),COMPATIBILITY_ONLY_NOT_PRODUCTION,268817.8208,244366.2908,168.7661,6248,5610,-0.00062781,-0.08642944,0.00436428,-0.00062781,-168.7661,268817.8208,OK,0.0000,6.7506,4.0000,96.0000,AG03-UNRESOLVED,ALL5_LEVELS_bet23_to_bet27,6.7506,6.7506,6.7506,8.4383,8.4383,4.000000,4.000000,4.000000,5.000000,5.000000,96.000000,96.000000,96.000000,95.000000,95.000000,5.0,37.1285,34.0107,131.6376,134.7554,PENDING_AG03,FALSE,NOT_FOR_ENFORCEMENT,162.0155,234591.6392,168.7661,162.0155,6.7506,0.00062781,0.00060270,6.7506,162.0155,0.00060270,6.7506,6.7506,6.7506,8.4383,8.4383,162.0155,0.00060270,37.1285,34.0107,131.6376,134.7554,0.00048969,0.00050129,0.00002511,43.0246,43.5591,0.0301,2.0581,0.0627,3278.2661,68.4146,17.6798,46.9397,25.7155,39.4976,52.6635,77.1466,82.2897,128.5777,31.4111,0.0,2.083411,3.25533,1.089297,30,192,222,8,0.05498276,0.00062781,0.08642944,0E-8,0.000000,0.909041,0.000000,-0.09079372,2026-03-23,2026-08-06,82,2690,1181,137,0.598540,0.376650,0.410924,0.183276,,,,,,,,GLOBAL_BASELINE_NO_ENTITY_RANKING,,,NOT_APPLICABLE_GLOBAL_BASELINE,HF9g-P5,,,,X 全窗基线 · 不参与实体赏罚,6877185,688,A168_HF9F_20260827_0900,2026-08-27 09:00:00
2026-04-13,70460261,763,0,53.1371881790,-10.4703819072,-10.4703819072,0E-7,3,1,0.42013321231520581,0.213933200000,-0.8511956389740511,-0.5216862217126026,-0.8511956389740511,0.20620001231520581,ELIGIBLE,R03b_20260811_FULL_v1,L1_ELIGIBILITY,v2026-08-11,2026-03-21..2026-08-06,baccarat_bet02_101_all_pairs_incl_sentinel,round_win = game_pnl > 0 (decisive only),COMPATIBILITY_ONLY_NOT_PRODUCTION,268817.8208,244366.2908,168.7661,6248,5610,-0.00062781,-0.08642944,0.00436428,-0.00062781,-168.7661,268817.8208,OK,0.0000,6.7506,4.0000,96.0000,AG03-UNRESOLVED,ALL5_LEVELS_bet23_to_bet27,6.7506,6.7506,6.7506,8.4383,8.4383,4.000000,4.000000,4.000000,5.000000,5.000000,96.000000,96.000000,96.000000,95.000000,95.000000,5.0,37.1285,34.0107,131.6376,134.7554,PENDING_AG03,FALSE,NOT_FOR_ENFORCEMENT,162.0155,234591.6392,168.7661,162.0155,6.7506,0.00062781,0.00060270,6.7506,162.0155,0.00060270,6.7506,6.7506,6.7506,8.4383,8.4383,162.0155,0.00060270,37.1285,34.0107,131.6376,134.7554,0.00048969,0.00050129,0.00002511,43.0246,43.5591,0.0301,2.0581,0.0627,3278.2661,68.4146,17.6798,46.9397,25.7155,39.4976,52.6635,77.1466,82.2897,128.5777,31.4111,0.0,2.083411,3.25533,1.089297,30,192,222,8,0.05498276,0.00062781,0.08642944,0E-8,0.000000,0.909041,0.000000,-0.09079372,2026-03-23,2026-08-06,82,2690,1181,137,0.598540,0.376650,0.410924,0.183276,,,,,,,,GLOBAL_BASELINE_NO_ENTITY_RANKING,,,NOT_APPLICABLE_GLOBAL_BASELINE,HF9g-P5,,,,X 全窗基线 · 不参与实体赏罚,6877186,688,A168_HF9F_20260827_0900,2026-08-27 09:00:00
2026-04-14,70460261,-1,1,321.9642436457,-27.6156322801,-27.6156322801,0.4285714,8,8,0.50497505000000000,0.504975050000,-0.4043099778764335,-0.4043099778764335,-0.4043099778764335,0E-17,SENTINEL_DEALER,R03b_20260811_FULL_v1,L1_ELIGIBILITY,v2026-08-11,2026-03-21..2026-08-06,baccarat_bet02_101_all_pairs_incl_sentinel,round_win = game_pnl > 0 (decisive only),COMPATIBILITY_ONLY_NOT_PRODUCTION,268817.8208,244366.2908,168.7661,6248,5610,-0.00062781,-0.08642944,0.00436428,-0.00062781,-168.7661,268817.8208,OK,0.0000,6.7506,4.0000,96.0000,AG03-UNRESOLVED,ALL5_LEVELS_bet23_to_bet27,6.7506,6.7506,6.7506,8.4383,8.4383,4.000000,4.000000,4.000000,5.000000,5.000000,96.000000,96.000000,96.000000,95.000000,95.000000,5.0,37.1285,34.0107,131.6376,134.7554,PENDING_AG03,FALSE,NOT_FOR_ENFORCEMENT,162.0155,234591.6392,168.7661,162.0155,6.7506,0.00062781,0.00060270,6.7506,162.0155,0.00060270,6.7506,6.7506,6.7506,8.4383,8.4383,162.0155,0.00060270,37.1285,34.0107,131.6376,134.7554,0.00048969,0.00050129,0.00002511,43.0246,43.5591,0.0301,2.0581,0.0627,3278.2661,68.4146,17.6798,46.9397,25.7155,39.4976,52.6635,77.1466,82.2897,128.5777,31.4111,0.0,2.083411,3.25533,1.089297,30,192,222,8,0.05498276,0.00062781,0.08642944,0E-8,0.000000,0.909041,0.000000,-0.09079372,2026-03-23,2026-08-06,82,2690,1181,137,0.598540,0.376650,0.410924,0.183276,,,,,,,,GLOBAL_BASELINE_NO_ENTITY_RANKING,,,NOT_APPLICABLE_GLOBAL_BASELINE,HF9g-P5,,,,X 全窗基线 · 不参与实体赏罚,6877187,688,A168_HF9F_20260827_0900,2026-08-27 09:00:00
2026-04-14,70460261,1318,0,13.0879773840,0E-10,0E-10,,1,1,0.49324550000000000,0.493245500000,,,,0E-17,NO_DECISIVE_ROUND,R03b_20260811_FULL_v1,L1_ELIGIBILITY,v2026-08-11,2026-03-21..2026-08-06,baccarat_bet02_101_all_pairs_incl_sentinel,round_win = game_pnl > 0 (decisive only),COMPATIBILITY_ONLY_NOT_PRODUCTION,268817.8208,244366.2908,168.7661,6248,5610,-0.00062781,-0.08642944,0.00436428,-0.00062781,-168.7661,268817.8208,OK,0.0000,6.7506,4.0000,96.0000,AG03-UNRESOLVED,ALL5_LEVELS_bet23_to_bet27,6.7506,6.7506,6.7506,8.4383,8.4383,4.000000,4.000000,4.000000,5.000000,5.000000,96.000000,96.000000,96.000000,95.000000,95.000000,5.0,37.1285,34.0107,131.6376,134.7554,PENDING_AG03,FALSE,NOT_FOR_ENFORCEMENT,162.0155,234591.6392,168.7661,162.0155,6.7506,0.00062781,0.00060270,6.7506,162.0155,0.00060270,6.7506,6.7506,6.7506,8.4383,8.4383,162.0155,0.00060270,37.1285,34.0107,131.6376,134.7554,0.00048969,0.00050129,0.00002511,43.0246,43.5591,0.0301,2.0581,0.0627,3278.2661,68.4146,17.6798,46.9397,25.7155,39.4976,52.6635,77.1466,82.2897,128.5777,31.4111,0.0,2.083411,3.25533,1.089297,30,192,222,8,0.05498276,0.00062781,0.08642944,0E-8,0.000000,0.909041,0.000000,-0.09079372,2026-03-23,2026-08-06,82,2690,1181,137,0.598540,0.376650,0.410924,0.183276,,,,,,,,GLOBAL_BASELINE_NO_ENTITY_RANKING,,,NOT_APPLICABLE_GLOBAL_BASELINE,HF9g-P5,,,,X 全窗基线 · 不参与实体赏罚,6877188,688,A168_HF9F_20260827_0900,2026-08-27 09:00:00
2026-04-14,70460261,1963,0,52.3519095359,-52.3519095359,-52.3519095359,0E-7,1,1,0.50665070000000000,0.506650700000,-1.013391052207602,-1.013391052207602,-1.013391052207602,0E-17,ELIGIBLE,R03b_20260811_FULL_v1,L1_ELIGIBILITY,v2026-08-11,2026-03-21..2026-08-06,baccarat_bet02_101_all_pairs_incl_sentinel,round_win = game_pnl > 0 (decisive only),COMPATIBILITY_ONLY_NOT_PRODUCTION,268817.8208,244366.2908,168.7661,6248,5610,-0.00062781,-0.08642944,0.00436428,-0.00062781,-168.7661,268817.8208,OK,0.0000,6.7506,4.0000,96.0000,AG03-UNRESOLVED,ALL5_LEVELS_bet23_to_bet27,6.7506,6.7506,6.7506,8.4383,8.4383,4.000000,4.000000,4.000000,5.000000,5.000000,96.000000,96.000000,96.000000,95.000000,95.000000,5.0,37.1285,34.0107,131.6376,134.7554,PENDING_AG03,FALSE,NOT_FOR_ENFORCEMENT,162.0155,234591.6392,168.7661,162.0155,6.7506,0.00062781,0.00060270,6.7506,162.0155,0.00060270,6.7506,6.7506,6.7506,8.4383,8.4383,162.0155,0.00060270,37.1285,34.0107,131.6376,134.7554,0.00048969,0.00050129,0.00002511,43.0246,43.5591,0.0301,2.0581,0.0627,3278.2661,68.4146,17.6798,46.9397,25.7155,39.4976,52.6635,77.1466,82.2897,128.5777,31.4111,0.0,2.083411,3.25533,1.089297,30,192,222,8,0.05498276,0.00062781,0.08642944,0E-8,0.000000,0.909041,0.000000,-0.09079372,2026-03-23,2026-08-06,82,2690,1181,137,0.598540,0.376650,0.410924,0.183276,,,,,,,,GLOBAL_BASELINE_NO_ENTITY_RANKING,,,NOT_APPLICABLE_GLOBAL_BASELINE,HF9g-P5,,,,X 全窗基线 · 不参与实体赏罚,6877189,688,A168_HF9F_20260827_0900,2026-08-27 09:00:00
2026-04-14,70460261,2063,0,15.7055728608,14.9202942177,14.9202942177,1.0000000,1,1,0.50665070000000000,0.506650700000,0.9867858985152569,0.9867858985152569,0.9867858985152569,0E-17,ELIGIBLE,R03b_20260811_FULL_v1,L1_ELIGIBILITY,v2026-08-11,2026-03-21..2026-08-06,baccarat_bet02_101_all_pairs_incl_sentinel,round_win = game_pnl > 0 (decisive only),COMPATIBILITY_ONLY_NOT_PRODUCTION,268817.8208,244366.2908,168.7661,6248,5610,-0.00062781,-0.08642944,0.00436428,-0.00062781,-168.7661,268817.8208,OK,0.0000,6.7506,4.0000,96.0000,AG03-UNRESOLVED,ALL5_LEVELS_bet23_to_bet27,6.7506,6.7506,6.7506,8.4383,8.4383,4.000000,4.000000,4.000000,5.000000,5.000000,96.000000,96.000000,96.000000,95.000000,95.000000,5.0,37.1285,34.0107,131.6376,134.7554,PENDING_AG03,FALSE,NOT_FOR_ENFORCEMENT,162.0155,234591.6392,168.7661,162.0155,6.7506,0.00062781,0.00060270,6.7506,162.0155,0.00060270,6.7506,6.7506,6.7506,8.4383,8.4383,162.0155,0.00060270,37.1285,34.0107,131.6376,134.7554,0.00048969,0.00050129,0.00002511,43.0246,43.5591,0.0301,2.0581,0.0627,3278.2661,68.4146,17.6798,46.9397,25.7155,39.4976,52.6635,77.1466,82.2897,128.5777,31.4111,0.0,2.083411,3.25533,1.089297,30,192,222,8,0.05498276,0.00062781,0.08642944,0E-8,0.000000,0.909041,0.000000,-0.09079372,2026-03-23,2026-08-06,82,2690,1181,137,0.598540,0.376650,0.410924,0.183276,,,,,,,,GLOBAL_BASELINE_NO_ENTITY_RANKING,,,NOT_APPLICABLE_GLOBAL_BASELINE,HF9g-P5,,,,X 全窗基线 · 不参与实体赏罚,6877190,688,A168_HF9F_20260827_0900,2026-08-27 09:00:00
2026-04-14,70460261,2107,0,39.2639321519,0E-10,0E-10,,1,1,0.50665070000000000,0.506650700000,,,,0E-17,NO_DECISIVE_ROUND,R03b_20260811_FULL_v1,L1_ELIGIBILITY,v2026-08-11,2026-03-21..2026-08-06,baccarat_bet02_101_all_pairs_incl_sentinel,round_win = game_pnl > 0 (decisive only),COMPATIBILITY_ONLY_NOT_PRODUCTION,268817.8208,244366.2908,168.7661,6248,5610,-0.00062781,-0.08642944,0.00436428,-0.00062781,-168.7661,268817.8208,OK,0.0000,6.7506,4.0000,96.0000,AG03-UNRESOLVED,ALL5_LEVELS_bet23_to_bet27,6.7506,6.7506,6.7506,8.4383,8.4383,4.000000,4.000000,4.000000,5.000000,5.000000,96.000000,96.000000,96.000000,95.000000,95.000000,5.0,37.1285,34.0107,131.6376,134.7554,PENDING_AG03,FALSE,NOT_FOR_ENFORCEMENT,162.0155,234591.6392,168.7661,162.0155,6.7506,0.00062781,0.00060270,6.7506,162.0155,0.00060270,6.7506,6.7506,6.7506,8.4383,8.4383,162.0155,0.00060270,37.1285,34.0107,131.6376,134.7554,0.00048969,0.00050129,0.00002511,43.0246,43.5591,0.0301,2.0581,0.0627,3278.2661,68.4146,17.6798,46.9397,25.7155,39.4976,52.6635,77.1466,82.2897,128.5777,31.4111,0.0,2.083411,3.25533,1.089297,30,192,222,8,0.05498276,0.00062781,0.08642944,0E-8,0.000000,0.909041,0.000000,-0.09079372,2026-03-23,2026-08-06,82,2690,1181,137,0.598540,0.376650,0.410924,0.183276,,,,,,,,GLOBAL_BASELINE_NO_ENTITY_RANKING,,,NOT_APPLICABLE_GLOBAL_BASELINE,HF9g-P5,,,,X 全窗基线 · 不参与实体赏罚,6877191,688,A168_HF9F_20260827_0900,2026-08-27 09:00:00
2026-04-14,70460261,2115,0,22.5113211004,0E-10,0E-10,,1,1,0.50665070000000000,0.506650700000,,,,0E-17,NO_DECISIVE_ROUND,R03b_20260811_FULL_v1,L1_ELIGIBILITY,v2026-08-11,2026-03-21..2026-08-06,baccarat_bet02_101_all_pairs_incl_sentinel,round_win = game_pnl > 0 (decisive only),COMPATIBILITY_ONLY_NOT_PRODUCTION,268817.8208,244366.2908,168.7661,6248,5610,-0.00062781,-0.08642944,0.00436428,-0.00062781,-168.7661,268817.8208,OK,0.0000,6.7506,4.0000,96.0000,AG03-UNRESOLVED,ALL5_LEVELS_bet23_to_bet27,6.7506,6.7506,6.7506,8.4383,8.4383,4.000000,4.000000,4.000000,5.000000,5.000000,96.000000,96.000000,96.000000,95.000000,95.000000,5.0,37.1285,34.0107,131.6376,134.7554,PENDING_AG03,FALSE,NOT_FOR_ENFORCEMENT,162.0155,234591.6392,168.7661,162.0155,6.7506,0.00062781,0.00060270,6.7506,162.0155,0.00060270,6.7506,6.7506,6.7506,8.4383,8.4383,162.0155,0.00060270,37.1285,34.0107,131.6376,134.7554,0.00048969,0.00050129,0.00002511,43.0246,43.5591,0.0301,2.0581,0.0627,3278.2661,68.4146,17.6798,46.9397,25.7155,39.4976,52.6635,77.1466,82.2897,128.5777,31.4111,0.0,2.083411,3.25533,1.089297,30,192,222,8,0.05498276,0.00062781,0.08642944,0E-8,0.000000,0.909041,0.000000,-0.09079372,2026-03-23,2026-08-06,82,2690,1181,137,0.598540,0.376650,0.410924,0.183276,,,,,,,,GLOBAL_BASELINE_NO_ENTITY_RANKING,,,NOT_APPLICABLE_GLOBAL_BASELINE,HF9g-P5,,,,X 全窗基线 · 不参与实体赏罚,6877192,688,A168_HF9F_20260827_0900,2026-08-27 09:00:00
2026-04-14,70460261,2167,0,107.3214145486,-5.2351909536,-5.2351909536,0.3333333,3,3,0.50218230000000000,0.502182300000,-0.5849155494134425,-0.5849155494134426,-0.5849155494134425,0E-17,ELIGIBLE,R03b_20260811_FULL_v1,L1_ELIGIBILITY,v2026-08-11,2026-03-21..2026-08-06,baccarat_bet02_101_all_pairs_incl_sentinel,round_win = game_pnl > 0 (decisive only),COMPATIBILITY_ONLY_NOT_PRODUCTION,268817.8208,244366.2908,168.7661,6248,5610,-0.00062781,-0.08642944,0.00436428,-0.00062781,-168.7661,268817.8208,OK,0.0000,6.7506,4.0000,96.0000,AG03-UNRESOLVED,ALL5_LEVELS_bet23_to_bet27,6.7506,6.7506,6.7506,8.4383,8.4383,4.000000,4.000000,4.000000,5.000000,5.000000,96.000000,96.000000,96.000000,95.000000,95.000000,5.0,37.1285,34.0107,131.6376,134.7554,PENDING_AG03,FALSE,NOT_FOR_ENFORCEMENT,162.0155,234591.6392,168.7661,162.0155,6.7506,0.00062781,0.00060270,6.7506,162.0155,0.00060270,6.7506,6.7506,6.7506,8.4383,8.4383,162.0155,0.00060270,37.1285,34.0107,131.6376,134.7554,0.00048969,0.00050129,0.00002511,43.0246,43.5591,0.0301,2.0581,0.0627,3278.2661,68.4146,17.6798,46.9397,25.7155,39.4976,52.6635,77.1466,82.2897,128.5777,31.4111,0.0,2.083411,3.25533,1.089297,30,192,222,8,0.05498276,0.00062781,0.08642944,0E-8,0.000000,0.909041,0.000000,-0.09079372,2026-03-23,2026-08-06,82,2690,1181,137,0.598540,0.376650,0.410924,0.183276,,,,,,,,GLOBAL_BASELINE_NO_ENTITY_RANKING,,,NOT_APPLICABLE_GLOBAL_BASELINE,HF9g-P5,,,,X 全窗基线 · 不参与实体赏罚,6877193,688,A168_HF9F_20260827_0900,2026-08-27 09:00:00
2026-04-14,70460261,2174,0,35.5992984844,33.8193335602,33.8193335602,1.0000000,1,1,0.50665070000000000,0.506650700000,0.9867858985152569,0.9867858985152569,0.9867858985152569,0E-17,ELIGIBLE,R03b_20260811_FULL_v1,L1_ELIGIBILITY,v2026-08-11,2026-03-21..2026-08-06,baccarat_bet02_101_all_pairs_incl_sentinel,round_win = game_pnl > 0 (decisive only),COMPATIBILITY_ONLY_NOT_PRODUCTION,268817.8208,244366.2908,168.7661,6248,5610,-0.00062781,-0.08642944,0.00436428,-0.00062781,-168.7661,268817.8208,OK,0.0000,6.7506,4.0000,96.0000,AG03-UNRESOLVED,ALL5_LEVELS_bet23_to_bet27,6.7506,6.7506,6.7506,8.4383,8.4383,4.000000,4.000000,4.000000,5.000000,5.000000,96.000000,96.000000,96.000000,95.000000,95.000000,5.0,37.1285,34.0107,131.6376,134.7554,PENDING_AG03,FALSE,NOT_FOR_ENFORCEMENT,162.0155,234591.6392,168.7661,162.0155,6.7506,0.00062781,0.00060270,6.7506,162.0155,0.00060270,6.7506,6.7506,6.7506,8.4383,8.4383,162.0155,0.00060270,37.1285,34.0107,131.6376,134.7554,0.00048969,0.00050129,0.00002511,43.0246,43.5591,0.0301,2.0581,0.0627,3278.2661,68.4146,17.6798,46.9397,25.7155,39.4976,52.6635,77.1466,82.2897,128.5777,31.4111,0.0,2.083411,3.25533,1.089297,30,192,222,8,0.05498276,0.00062781,0.08642944,0E-8,0.000000,0.909041,0.000000,-0.09079372,2026-03-23,2026-08-06,82,2690,1181,137,0.598540,0.376650,0.410924,0.183276,,,,,,,,GLOBAL_BASELINE_NO_ENTITY_RANKING,,,NOT_APPLICABLE_GLOBAL_BASELINE,HF9g-P5,,,,X 全窗基线 · 不参与实体赏罚,6877194,688,A168_HF9F_20260827_0900,2026-08-27 09:00:00
2026-04-14,70460261,2175,0,47.1167185823,32.3273041384,32.3273041384,1.0000000,2,2,0.49994810000000000,0.499948100000,1.0001038053877793,1.0001038053877793,1.0001038053877793,0E-17,ELIGIBLE,R03b_20260811_FULL_v1,L1_ELIGIBILITY,v2026-08-11,2026-03-21..2026-08-06,baccarat_bet02_101_all_pairs_incl_sentinel,round_win = game_pnl > 0 (decisive only),COMPATIBILITY_ONLY_NOT_PRODUCTION,268817.8208,244366.2908,168.7661,6248,5610,-0.00062781,-0.08642944,0.00436428,-0.00062781,-168.7661,268817.8208,OK,0.0000,6.7506,4.0000,96.0000,AG03-UNRESOLVED,ALL5_LEVELS_bet23_to_bet27,6.7506,6.7506,6.7506,8.4383,8.4383,4.000000,4.000000,4.000000,5.000000,5.000000,96.000000,96.000000,96.000000,95.000000,95.000000,5.0,37.1285,34.0107,131.6376,134.7554,PENDING_AG03,FALSE,NOT_FOR_ENFORCEMENT,162.0155,234591.6392,168.7661,162.0155,6.7506,0.00062781,0.00060270,6.7506,162.0155,0.00060270,6.7506,6.7506,6.7506,8.4383,8.4383,162.0155,0.00060270,37.1285,34.0107,131.6376,134.7554,0.00048969,0.00050129,0.00002511,43.0246,43.5591,0.0301,2.0581,0.0627,3278.2661,68.4146,17.6798,46.9397,25.7155,39.4976,52.6635,77.1466,82.2897,128.5777,31.4111,0.0,2.083411,3.25533,1.089297,30,192,222,8,0.05498276,0.00062781,0.08642944,0E-8,0.000000,0.909041,0.000000,-0.09079372,2026-03-23,2026-08-06,82,2690,1181,137,0.598540,0.376650,0.410924,0.183276,,,,,,,,GLOBAL_BASELINE_NO_ENTITY_RANKING,,,NOT_APPLICABLE_GLOBAL_BASELINE,HF9g-P5,,,,X 全窗基线 · 不参与实体赏罚,6877195,688,A168_HF9F_20260827_0900,2026-08-27 09:00:00
2026-04-14,70460261,2256,0,20.9407638144,-20.9407638144,-20.9407638144,0E-7,1,1,0.50665070000000000,0.506650700000,-1.013391052207602,-1.013391052207602,-1.013391052207602,0E-17,ELIGIBLE,R03b_20260811_FULL_v1,L1_ELIGIBILITY,v2026-08-11,2026-03-21..2026-08-06,baccarat_bet02_101_all_pairs_incl_sentinel,round_win = game_pnl > 0 (decisive only),COMPATIBILITY_ONLY_NOT_PRODUCTION,268817.8208,244366.2908,168.7661,6248,5610,-0.00062781,-0.08642944,0.00436428,-0.00062781,-168.7661,268817.8208,OK,0.0000,6.7506,4.0000,96.0000,AG03-UNRESOLVED,ALL5_LEVELS_bet23_to_bet27,6.7506,6.7506,6.7506,8.4383,8.4383,4.000000,4.000000,4.000000,5.000000,5.000000,96.000000,96.000000,96.000000,95.000000,95.000000,5.0,37.1285,34.0107,131.6376,134.7554,PENDING_AG03,FALSE,NOT_FOR_ENFORCEMENT,162.0155,234591.6392,168.7661,162.0155,6.7506,0.00062781,0.00060270,6.7506,162.0155,0.00060270,6.7506,6.7506,6.7506,8.4383,8.4383,162.0155,0.00060270,37.1285,34.0107,131.6376,134.7554,0.00048969,0.00050129,0.00002511,43.0246,43.5591,0.0301,2.0581,0.0627,3278.2661,68.4146,17.6798,46.9397,25.7155,39.4976,52.6635,77.1466,82.2897,128.5777,31.4111,0.0,2.083411,3.25533,1.089297,30,192,222,8,0.05498276,0.00062781,0.08642944,0E-8,0.000000,0.909041,0.000000,-0.09079372,2026-03-23,2026-08-06,82,2690,1181,137,0.598540,0.376650,0.410924,0.183276,,,,,,,,GLOBAL_BASELINE_NO_ENTITY_RANKING,,,NOT_APPLICABLE_GLOBAL_BASELINE,HF9g-P5,,,,X 全窗基线 · 不参与实体赏罚,6877196,688,A168_HF9F_20260827_0900,2026-08-27 09:00:00
2026-04-14,70460261,2258,0,13.3497369317,-13.3497369317,-13.3497369317,0E-7,1,1,0.50665070000000000,0.506650700000,-1.013391052207602,-1.013391052207602,-1.013391052207602,0E-17,ELIGIBLE,R03b_20260811_FULL_v1,L1_ELIGIBILITY,v2026-08-11,2026-03-21..2026-08-06,baccarat_bet02_101_all_pairs_incl_sentinel,round_win = game_pnl > 0 (decisive only),COMPATIBILITY_ONLY_NOT_PRODUCTION,268817.8208,244366.2908,168.7661,6248,5610,-0.00062781,-0.08642944,0.00436428,-0.00062781,-168.7661,268817.8208,OK,0.0000,6.7506,4.0000,96.0000,AG03-UNRESOLVED,ALL5_LEVELS_bet23_to_bet27,6.7506,6.7506,6.7506,8.4383,8.4383,4.000000,4.000000,4.000000,5.000000,5.000000,96.000000,96.000000,96.000000,95.000000,95.000000,5.0,37.1285,34.0107,131.6376,134.7554,PENDING_AG03,FALSE,NOT_FOR_ENFORCEMENT,162.0155,234591.6392,168.7661,162.0155,6.7506,0.00062781,0.00060270,6.7506,162.0155,0.00060270,6.7506,6.7506,6.7506,8.4383,8.4383,162.0155,0.00060270,37.1285,34.0107,131.6376,134.7554,0.00048969,0.00050129,0.00002511,43.0246,43.5591,0.0301,2.0581,0.0627,3278.2661,68.4146,17.6798,46.9397,25.7155,39.4976,52.6635,77.1466,82.2897,128.5777,31.4111,0.0,2.083411,3.25533,1.089297,30,192,222,8,0.05498276,0.00062781,0.08642944,0E-8,0.000000,0.909041,0.000000,-0.09079372,2026-03-23,2026-08-06,82,2690,1181,137,0.598540,0.376650,0.410924,0.183276,,,,,,,,GLOBAL_BASELINE_NO_ENTITY_RANKING,,,NOT_APPLICABLE_GLOBAL_BASELINE,HF9g-P5,,,,X 全窗基线 · 不参与实体赏罚,6877197,688,A168_HF9F_20260827_0900,2026-08-27 09:00:00
2026-04-17,70460261,-1,1,680.3130644194,-98.4215899275,-98.4215899275,0.4210526,21,19,0.49509606184210526,0.491244515789,-0.645526708686533,-0.6120124989756923,-0.645526708686533,0.00385154605310526,SENTINEL_DEALER,R03b_20260811_FULL_v1,L1_ELIGIBILITY,v2026-08-11,2026-03-21..2026-08-06,baccarat_bet02_101_all_pairs_incl_sentinel,round_win = game_pnl > 0 (decisive only),COMPATIBILITY_ONLY_NOT_PRODUCTION,268817.8208,244366.2908,168.7661,6248,5610,-0.00062781,-0.08642944,0.00436428,-0.00062781,-168.7661,268817.8208,OK,0.0000,6.7506,4.0000,96.0000,AG03-UNRESOLVED,ALL5_LEVELS_bet23_to_bet27,6.7506,6.7506,6.7506,8.4383,8.4383,4.000000,4.000000,4.000000,5.000000,5.000000,96.000000,96.000000,96.000000,95.000000,95.000000,5.0,37.1285,34.0107,131.6376,134.7554,PENDING_AG03,FALSE,NOT_FOR_ENFORCEMENT,162.0155,234591.6392,168.7661,162.0155,6.7506,0.00062781,0.00060270,6.7506,162.0155,0.00060270,6.7506,6.7506,6.7506,8.4383,8.4383,162.0155,0.00060270,37.1285,34.0107,131.6376,134.7554,0.00048969,0.00050129,0.00002511,43.0246,43.5591,0.0301,2.0581,0.0627,3278.2661,68.4146,17.6798,46.9397,25.7155,39.4976,52.6635,77.1466,82.2897,128.5777,31.4111,0.0,2.083411,3.25533,1.089297,30,192,222,8,0.05498276,0.00062781,0.08642944,0E-8,0.000000,0.909041,0.000000,-0.09079372,2026-03-23,2026-08-06,82,2690,1181,137,0.598540,0.376650,0.410924,0.183276,,,,,,,,GLOBAL_BASELINE_NO_ENTITY_RANKING,,,NOT_APPLICABLE_GLOBAL_BASELINE,HF9g-P5,,,,X 全窗基线 · 不参与实体赏罚,6877198,688,A168_HF9F_20260827_0900,2026-08-27 09:00:00
2026-04-17,70460261,1157,0,115.1742009790,36.6463366751,36.6463366751,0.5000000,3,3,0.50665070000000000,0.506650700000,-0.018812684590367487,-0.018812684590367487,-0.018812684590367487,0E-17,ELIGIBLE,R03b_20260811_FULL_v1,L1_ELIGIBILITY,v2026-08-11,2026-03-21..2026-08-06,baccarat_bet02_101_all_pairs_incl_sentinel,round_win = game_pnl > 0 (decisive only),COMPATIBILITY_ONLY_NOT_PRODUCTION,268817.8208,244366.2908,168.7661,6248,5610,-0.00062781,-0.08642944,0.00436428,-0.00062781,-168.7661,268817.8208,OK,0.0000,6.7506,4.0000,96.0000,AG03-UNRESOLVED,ALL5_LEVELS_bet23_to_bet27,6.7506,6.7506,6.7506,8.4383,8.4383,4.000000,4.000000,4.000000,5.000000,5.000000,96.000000,96.000000,96.000000,95.000000,95.000000,5.0,37.1285,34.0107,131.6376,134.7554,PENDING_AG03,FALSE,NOT_FOR_ENFORCEMENT,162.0155,234591.6392,168.7661,162.0155,6.7506,0.00062781,0.00060270,6.7506,162.0155,0.00060270,6.7506,6.7506,6.7506,8.4383,8.4383,162.0155,0.00060270,37.1285,34.0107,131.6376,134.7554,0.00048969,0.00050129,0.00002511,43.0246,43.5591,0.0301,2.0581,0.0627,3278.2661,68.4146,17.6798,46.9397,25.7155,39.4976,52.6635,77.1466,82.2897,128.5777,31.4111,0.0,2.083411,3.25533,1.089297,30,192,222,8,0.05498276,0.00062781,0.08642944,0E-8,0.000000,0.909041,0.000000,-0.09079372,2026-03-23,2026-08-06,82,2690,1181,137,0.598540,0.376650,0.410924,0.183276,,,,,,,,GLOBAL_BASELINE_NO_ENTITY_RANKING,,,NOT_APPLICABLE_GLOBAL_BASELINE,HF9g-P5,,,,X 全窗基线 · 不参与实体赏罚,6877199,688,A168_HF9F_20260827_0900,2026-08-27 09:00:00
2026-04-17,70460261,1210,0,36.6463366751,34.8140198414,34.8140198414,1.0000000,1,1,0.50665070000000000,0.506650700000,0.9867858985152569,0.9867858985152569,0.9867858985152569,0E-17,ELIGIBLE,R03b_20260811_FULL_v1,L1_ELIGIBILITY,v2026-08-11,2026-03-21..2026-08-06,baccarat_bet02_101_all_pairs_incl_sentinel,round_win = game_pnl > 0 (decisive only),COMPATIBILITY_ONLY_NOT_PRODUCTION,268817.8208,244366.2908,168.7661,6248,5610,-0.00062781,-0.08642944,0.00436428,-0.00062781,-168.7661,268817.8208,OK,0.0000,6.7506,4.0000,96.0000,AG03-UNRESOLVED,ALL5_LEVELS_bet23_to_bet27,6.7506,6.7506,6.7506,8.4383,8.4383,4.000000,4.000000,4.000000,5.000000,5.000000,96.000000,96.000000,96.000000,95.000000,95.000000,5.0,37.1285,34.0107,131.6376,134.7554,PENDING_AG03,FALSE,NOT_FOR_ENFORCEMENT,162.0155,234591.6392,168.7661,162.0155,6.7506,0.00062781,0.00060270,6.7506,162.0155,0.00060270,6.7506,6.7506,6.7506,8.4383,8.4383,162.0155,0.00060270,37.1285,34.0107,131.6376,134.7554,0.00048969,0.00050129,0.00002511,43.0246,43.5591,0.0301,2.0581,0.0627,3278.2661,68.4146,17.6798,46.9397,25.7155,39.4976,52.6635,77.1466,82.2897,128.5777,31.4111,0.0,2.083411,3.25533,1.089297,30,192,222,8,0.05498276,0.00062781,0.08642944,0E-8,0.000000,0.909041,0.000000,-0.09079372,2026-03-23,2026-08-06,82,2690,1181,137,0.598540,0.376650,0.410924,0.183276,,,,,,,,GLOBAL_BASELINE_NO_ENTITY_RANKING,,,NOT_APPLICABLE_GLOBAL_BASELINE,HF9g-P5,,,,X 全窗基线 · 不参与实体赏罚,6877200,688,A168_HF9F_20260827_0900,2026-08-27 09:00:00
2026-04-17,70460261,1302,0,13.0879773840,12.4335785148,12.4335785148,1.0000000,1,1,0.50665070000000000,0.506650700000,0.9867858985152569,0.9867858985152569,0.9867858985152569,0E-17,ELIGIBLE,R03b_20260811_FULL_v1,L1_ELIGIBILITY,v2026-08-11,2026-03-21..2026-08-06,baccarat_bet02_101_all_pairs_incl_sentinel,round_win = game_pnl > 0 (decisive only),COMPATIBILITY_ONLY_NOT_PRODUCTION,268817.8208,244366.2908,168.7661,6248,5610,-0.00062781,-0.08642944,0.00436428,-0.00062781,-168.7661,268817.8208,OK,0.0000,6.7506,4.0000,96.0000,AG03-UNRESOLVED,ALL5_LEVELS_bet23_to_bet27,6.7506,6.7506,6.7506,8.4383,8.4383,4.000000,4.000000,4.000000,5.000000,5.000000,96.000000,96.000000,96.000000,95.000000,95.000000,5.0,37.1285,34.0107,131.6376,134.7554,PENDING_AG03,FALSE,NOT_FOR_ENFORCEMENT,162.0155,234591.6392,168.7661,162.0155,6.7506,0.00062781,0.00060270,6.7506,162.0155,0.00060270,6.7506,6.7506,6.7506,8.4383,8.4383,162.0155,0.00060270,37.1285,34.0107,131.6376,134.7554,0.00048969,0.00050129,0.00002511,43.0246,43.5591,0.0301,2.0581,0.0627,3278.2661,68.4146,17.6798,46.9397,25.7155,39.4976,52.6635,77.1466,82.2897,128.5777,31.4111,0.0,2.083411,3.25533,1.089297,30,192,222,8,0.05498276,0.00062781,0.08642944,0E-8,0.000000,0.909041,0.000000,-0.09079372,2026-03-23,2026-08-06,82,2690,1181,137,0.598540,0.376650,0.410924,0.183276,,,,,,,,GLOBAL_BASELINE_NO_ENTITY_RANKING,,,NOT_APPLICABLE_GLOBAL_BASELINE,HF9g-P5,,,,X 全窗基线 · 不参与实体赏罚,6877201,688,A168_HF9F_20260827_0900,2026-08-27 09:00:00
2026-04-17,70460261,1363,0,94.2334371646,33.3743423292,33.3743423292,0.6666667,3,3,0.50665070000000000,0.506650700000,0.5543606114942035,0.5543606114942035,0.5543606114942035,0E-17,ELIGIBLE,R03b_20260811_FULL_v1,L1_ELIGIBILITY,v2026-08-11,2026-03-21..2026-08-06,baccarat_bet02_101_all_pairs_incl_sentinel,round_win = game_pnl > 0 (decisive only),COMPATIBILITY_ONLY_NOT_PRODUCTION,268817.8208,244366.2908,168.7661,6248,5610,-0.00062781,-0.08642944,0.00436428,-0.00062781,-168.7661,268817.8208,OK,0.0000,6.7506,4.0000,96.0000,AG03-UNRESOLVED,ALL5_LEVELS_bet23_to_bet27,6.7506,6.7506,6.7506,8.4383,8.4383,4.000000,4.000000,4.000000,5.000000,5.000000,96.000000,96.000000,96.000000,95.000000,95.000000,5.0,37.1285,34.0107,131.6376,134.7554,PENDING_AG03,FALSE,NOT_FOR_ENFORCEMENT,162.0155,234591.6392,168.7661,162.0155,6.7506,0.00062781,0.00060270,6.7506,162.0155,0.00060270,6.7506,6.7506,6.7506,8.4383,8.4383,162.0155,0.00060270,37.1285,34.0107,131.6376,134.7554,0.00048969,0.00050129,0.00002511,43.0246,43.5591,0.0301,2.0581,0.0627,3278.2661,68.4146,17.6798,46.9397,25.7155,39.4976,52.6635,77.1466,82.2897,128.5777,31.4111,0.0,2.083411,3.25533,1.089297,30,192,222,8,0.05498276,0.00062781,0.08642944,0E-8,0.000000,0.909041,0.000000,-0.09079372,2026-03-23,2026-08-06,82,2690,1181,137,0.598540,0.376650,0.410924,0.183276,,,,,,,,GLOBAL_BASELINE_NO_ENTITY_RANKING,,,NOT_APPLICABLE_GLOBAL_BASELINE,HF9g-P5,,,,X 全窗基线 · 不参与实体赏罚,6877202,688,A168_HF9F_20260827_0900,2026-08-27 09:00:00
2026-04-17,70460261,1374,0,23.5583592912,22.3804413266,22.3804413266,1.0000000,1,1,0.50665070000000000,0.506650700000,0.9867858985152569,0.9867858985152569,0.9867858985152569,0E-17,ELIGIBLE,R03b_20260811_FULL_v1,L1_ELIGIBILITY,v2026-08-11,2026-03-21..2026-08-06,baccarat_bet02_101_all_pairs_incl_sentinel,round_win = game_pnl > 0 (decisive only),COMPATIBILITY_ONLY_NOT_PRODUCTION,268817.8208,244366.2908,168.7661,6248,5610,-0.00062781,-0.08642944,0.00436428,-0.00062781,-168.7661,268817.8208,OK,0.0000,6.7506,4.0000,96.0000,AG03-UNRESOLVED,ALL5_LEVELS_bet23_to_bet27,6.7506,6.7506,6.7506,8.4383,8.4383,4.000000,4.000000,4.000000,5.000000,5.000000,96.000000,96.000000,96.000000,95.000000,95.000000,5.0,37.1285,34.0107,131.6376,134.7554,PENDING_AG03,FALSE,NOT_FOR_ENFORCEMENT,162.0155,234591.6392,168.7661,162.0155,6.7506,0.00062781,0.00060270,6.7506,162.0155,0.00060270,6.7506,6.7506,6.7506,8.4383,8.4383,162.0155,0.00060270,37.1285,34.0107,131.6376,134.7554,0.00048969,0.00050129,0.00002511,43.0246,43.5591,0.0301,2.0581,0.0627,3278.2661,68.4146,17.6798,46.9397,25.7155,39.4976,52.6635,77.1466,82.2897,128.5777,31.4111,0.0,2.083411,3.25533,1.089297,30,192,222,8,0.05498276,0.00062781,0.08642944,0E-8,0.000000,0.909041,0.000000,-0.09079372,2026-03-23,2026-08-06,82,2690,1181,137,0.598540,0.376650,0.410924,0.183276,,,,,,,,GLOBAL_BASELINE_NO_ENTITY_RANKING,,,NOT_APPLICABLE_GLOBAL_BASELINE,HF9g-P5,,,,X 全窗基线 · 不参与实体赏罚,6877203,688,A168_HF9F_20260827_0900,2026-08-27 09:00:00
2026-04-17,70460261,1405,0,143.9677512238,4.7116718583,4.7116718583,0.5000000,5,5,0.50665070000000000,0.506650700000,-0.02660515369234503,-0.02660515369234503,-0.02660515369234503,0E-17,ELIGIBLE,R03b_20260811_FULL_v1,L1_ELIGIBILITY,v2026-08-11,2026-03-21..2026-08-06,baccarat_bet02_101_all_pairs_incl_sentinel,round_win = game_pnl > 0 (decisive only),COMPATIBILITY_ONLY_NOT_PRODUCTION,268817.8208,244366.2908,168.7661,6248,5610,-0.00062781,-0.08642944,0.00436428,-0.00062781,-168.7661,268817.8208,OK,0.0000,6.7506,4.0000,96.0000,AG03-UNRESOLVED,ALL5_LEVELS_bet23_to_bet27,6.7506,6.7506,6.7506,8.4383,8.4383,4.000000,4.000000,4.000000,5.000000,5.000000,96.000000,96.000000,96.000000,95.000000,95.000000,5.0,37.1285,34.0107,131.6376,134.7554,PENDING_AG03,FALSE,NOT_FOR_ENFORCEMENT,162.0155,234591.6392,168.7661,162.0155,6.7506,0.00062781,0.00060270,6.7506,162.0155,0.00060270,6.7506,6.7506,6.7506,8.4383,8.4383,162.0155,0.00060270,37.1285,34.0107,131.6376,134.7554,0.00048969,0.00050129,0.00002511,43.0246,43.5591,0.0301,2.0581,0.0627,3278.2661,68.4146,17.6798,46.9397,25.7155,39.4976,52.6635,77.1466,82.2897,128.5777,31.4111,0.0,2.083411,3.25533,1.089297,30,192,222,8,0.05498276,0.00062781,0.08642944,0E-8,0.000000,0.909041,0.000000,-0.09079372,2026-03-23,2026-08-06,82,2690,1181,137,0.598540,0.376650,0.410924,0.183276,,,,,,,,GLOBAL_BASELINE_NO_ENTITY_RANKING,,,NOT_APPLICABLE_GLOBAL_BASELINE,HF9g-P5,,,,X 全窗基线 · 不参与实体赏罚,6877204,688,A168_HF9F_20260827_0900,2026-08-27 09:00:00
2026-04-17,70460261,1507,0,65.4398869198,-9.2924639426,-9.2924639426,0.5000000,2,2,0.50665070000000000,0.506650700000,-0.018812684590367487,-0.018812684590367487,-0.018812684590367487,0E-17,ELIGIBLE,R03b_20260811_FULL_v1,L1_ELIGIBILITY,v2026-08-11,2026-03-21..2026-08-06,baccarat_bet02_101_all_pairs_incl_sentinel,round_win = game_pnl > 0 (decisive only),COMPATIBILITY_ONLY_NOT_PRODUCTION,268817.8208,244366.2908,168.7661,6248,5610,-0.00062781,-0.08642944,0.00436428,-0.00062781,-168.7661,268817.8208,OK,0.0000,6.7506,4.0000,96.0000,AG03-UNRESOLVED,ALL5_LEVELS_bet23_to_bet27,6.7506,6.7506,6.7506,8.4383,8.4383,4.000000,4.000000,4.000000,5.000000,5.000000,96.000000,96.000000,96.000000,95.000000,95.000000,5.0,37.1285,34.0107,131.6376,134.7554,PENDING_AG03,FALSE,NOT_FOR_ENFORCEMENT,162.0155,234591.6392,168.7661,162.0155,6.7506,0.00062781,0.00060270,6.7506,162.0155,0.00060270,6.7506,6.7506,6.7506,8.4383,8.4383,162.0155,0.00060270,37.1285,34.0107,131.6376,134.7554,0.00048969,0.00050129,0.00002511,43.0246,43.5591,0.0301,2.0581,0.0627,3278.2661,68.4146,17.6798,46.9397,25.7155,39.4976,52.6635,77.1466,82.2897,128.5777,31.4111,0.0,2.083411,3.25533,1.089297,30,192,222,8,0.05498276,0.00062781,0.08642944,0E-8,0.000000,0.909041,0.000000,-0.09079372,2026-03-23,2026-08-06,82,2690,1181,137,0.598540,0.376650,0.410924,0.183276,,,,,,,,GLOBAL_BASELINE_NO_ENTITY_RANKING,,,NOT_APPLICABLE_GLOBAL_BASELINE,HF9g-P5,,,,X 全窗基线 · 不参与实体赏罚,6877205,688,A168_HF9F_20260827_0900,2026-08-27 09:00:00
2026-04-17,70460261,1941,0,149.2029421773,-21.5951626835,-21.5951626835,0.5000000,4,4,0.50665070000000000,0.506650700000,-0.02660515369234503,-0.02660515369234503,-0.02660515369234503,0E-17,ELIGIBLE,R03b_20260811_FULL_v1,L1_ELIGIBILITY,v2026-08-11,2026-03-21..2026-08-06,baccarat_bet02_101_all_pairs_incl_sentinel,round_win = game_pnl > 0 (decisive only),COMPATIBILITY_ONLY_NOT_PRODUCTION,268817.8208,244366.2908,168.7661,6248,5610,-0.00062781,-0.08642944,0.00436428,-0.00062781,-168.7661,268817.8208,OK,0.0000,6.7506,4.0000,96.0000,AG03-UNRESOLVED,ALL5_LEVELS_bet23_to_bet27,6.7506,6.7506,6.7506,8.4383,8.4383,4.000000,4.000000,4.000000,5.000000,5.000000,96.000000,96.000000,96.000000,95.000000,95.000000,5.0,37.1285,34.0107,131.6376,134.7554,PENDING_AG03,FALSE,NOT_FOR_ENFORCEMENT,162.0155,234591.6392,168.7661,162.0155,6.7506,0.00062781,0.00060270,6.7506,162.0155,0.00060270,6.7506,6.7506,6.7506,8.4383,8.4383,162.0155,0.00060270,37.1285,34.0107,131.6376,134.7554,0.00048969,0.00050129,0.00002511,43.0246,43.5591,0.0301,2.0581,0.0627,3278.2661,68.4146,17.6798,46.9397,25.7155,39.4976,52.6635,77.1466,82.2897,128.5777,31.4111,0.0,2.083411,3.25533,1.089297,30,192,222,8,0.05498276,0.00062781,0.08642944,0E-8,0.000000,0.909041,0.000000,-0.09079372,2026-03-23,2026-08-06,82,2690,1181,137,0.598540,0.376650,0.410924,0.183276,,,,,,,,GLOBAL_BASELINE_NO_ENTITY_RANKING,,,NOT_APPLICABLE_GLOBAL_BASELINE,HF9g-P5,,,,X 全窗基线 · 不参与实体赏罚,6877206,688,A168_HF9F_20260827_0900,2026-08-27 09:00:00
2026-04-17,70460261,1966,0,23.5583592912,0E-10,0E-10,,1,1,0.50665070000000000,0.506650700000,,,,0E-17,NO_DECISIVE_ROUND,R03b_20260811_FULL_v1,L1_ELIGIBILITY,v2026-08-11,2026-03-21..2026-08-06,baccarat_bet02_101_all_pairs_incl_sentinel,round_win = game_pnl > 0 (decisive only),COMPATIBILITY_ONLY_NOT_PRODUCTION,268817.8208,244366.2908,168.7661,6248,5610,-0.00062781,-0.08642944,0.00436428,-0.00062781,-168.7661,268817.8208,OK,0.0000,6.7506,4.0000,96.0000,AG03-UNRESOLVED,ALL5_LEVELS_bet23_to_bet27,6.7506,6.7506,6.7506,8.4383,8.4383,4.000000,4.000000,4.000000,5.000000,5.000000,96.000000,96.000000,96.000000,95.000000,95.000000,5.0,37.1285,34.0107,131.6376,134.7554,PENDING_AG03,FALSE,NOT_FOR_ENFORCEMENT,162.0155,234591.6392,168.7661,162.0155,6.7506,0.00062781,0.00060270,6.7506,162.0155,0.00060270,6.7506,6.7506,6.7506,8.4383,8.4383,162.0155,0.00060270,37.1285,34.0107,131.6376,134.7554,0.00048969,0.00050129,0.00002511,43.0246,43.5591,0.0301,2.0581,0.0627,3278.2661,68.4146,17.6798,46.9397,25.7155,39.4976,52.6635,77.1466,82.2897,128.5777,31.4111,0.0,2.083411,3.25533,1.089297,30,192,222,8,0.05498276,0.00062781,0.08642944,0E-8,0.000000,0.909041,0.000000,-0.09079372,2026-03-23,2026-08-06,82,2690,1181,137,0.598540,0.376650,0.410924,0.183276,,,,,,,,GLOBAL_BASELINE_NO_ENTITY_RANKING,,,NOT_APPLICABLE_GLOBAL_BASELINE,HF9g-P5,,,,X 全窗基线 · 不参与实体赏罚,6877207,688,A168_HF9F_20260827_0900,2026-08-27 09:00:00
2026-04-17,70460261,2134,0,78.5278643039,23.5583592911,23.5583592911,0.5000000,2,2,0.50665070000000000,0.506650700000,-0.018812684590367487,-0.018812684590367487,-0.018812684590367487,0E-17,ELIGIBLE,R03b_20260811_FULL_v1,L1_ELIGIBILITY,v2026-08-11,2026-03-21..2026-08-06,baccarat_bet02_101_all_pairs_incl_sentinel,round_win = game_pnl > 0 (decisive only),COMPATIBILITY_ONLY_NOT_PRODUCTION,268817.8208,244366.2908,168.7661,6248,5610,-0.00062781,-0.08642944,0.00436428,-0.00062781,-168.7661,268817.8208,OK,0.0000,6.7506,4.0000,96.0000,AG03-UNRESOLVED,ALL5_LEVELS_bet23_to_bet27,6.7506,6.7506,6.7506,8.4383,8.4383,4.000000,4.000000,4.000000,5.000000,5.000000,96.000000,96.000000,96.000000,95.000000,95.000000,5.0,37.1285,34.0107,131.6376,134.7554,PENDING_AG03,FALSE,NOT_FOR_ENFORCEMENT,162.0155,234591.6392,168.7661,162.0155,6.7506,0.00062781,0.00060270,6.7506,162.0155,0.00060270,6.7506,6.7506,6.7506,8.4383,8.4383,162.0155,0.00060270,37.1285,34.0107,131.6376,134.7554,0.00048969,0.00050129,0.00002511,43.0246,43.5591,0.0301,2.0581,0.0627,3278.2661,68.4146,17.6798,46.9397,25.7155,39.4976,52.6635,77.1466,82.2897,128.5777,31.4111,0.0,2.083411,3.25533,1.089297,30,192,222,8,0.05498276,0.00062781,0.08642944,0E-8,0.000000,0.909041,0.000000,-0.09079372,2026-03-23,2026-08-06,82,2690,1181,137,0.598540,0.376650,0.410924,0.183276,,,,,,,,GLOBAL_BASELINE_NO_ENTITY_RANKING,,,NOT_APPLICABLE_GLOBAL_BASELINE,HF9g-P5,,,,X 全窗基线 · 不参与实体赏罚,6877208,688,A168_HF9F_20260827_0900,2026-08-27 09:00:00
2026-04-17,70460261,2141,0,49.7343140591,-49.7343140591,-49.7343140591,0E-7,1,1,0.50665070000000000,0.506650700000,-1.013391052207602,-1.013391052207602,-1.013391052207602,0E-17,ELIGIBLE,R03b_20260811_FULL_v1,L1_ELIGIBILITY,v2026-08-11,2026-03-21..2026-08-06,baccarat_bet02_101_all_pairs_incl_sentinel,round_win = game_pnl > 0 (decisive only),COMPATIBILITY_ONLY_NOT_PRODUCTION,268817.8208,244366.2908,168.7661,6248,5610,-0.00062781,-0.08642944,0.00436428,-0.00062781,-168.7661,268817.8208,OK,0.0000,6.7506,4.0000,96.0000,AG03-UNRESOLVED,ALL5_LEVELS_bet23_to_bet27,6.7506,6.7506,6.7506,8.4383,8.4383,4.000000,4.000000,4.000000,5.000000,5.000000,96.000000,96.000000,96.000000,95.000000,95.000000,5.0,37.1285,34.0107,131.6376,134.7554,PENDING_AG03,FALSE,NOT_FOR_ENFORCEMENT,162.0155,234591.6392,168.7661,162.0155,6.7506,0.00062781,0.00060270,6.7506,162.0155,0.00060270,6.7506,6.7506,6.7506,8.4383,8.4383,162.0155,0.00060270,37.1285,34.0107,131.6376,134.7554,0.00048969,0.00050129,0.00002511,43.0246,43.5591,0.0301,2.0581,0.0627,3278.2661,68.4146,17.6798,46.9397,25.7155,39.4976,52.6635,77.1466,82.2897,128.5777,31.4111,0.0,2.083411,3.25533,1.089297,30,192,222,8,0.05498276,0.00062781,0.08642944,0E-8,0.000000,0.909041,0.000000,-0.09079372,2026-03-23,2026-08-06,82,2690,1181,137,0.598540,0.376650,0.410924,0.183276,,,,,,,,GLOBAL_BASELINE_NO_ENTITY_RANKING,,,NOT_APPLICABLE_GLOBAL_BASELINE,HF9g-P5,,,,X 全窗基线 · 不参与实体赏罚,6877209,688,A168_HF9F_20260827_0900,2026-08-27 09:00:00
2026-04-17,70460261,2155,0,23.5583592912,-23.5583592912,-23.5583592912,0E-7,1,1,0.50665070000000000,0.506650700000,-1.013391052207602,-1.013391052207602,-1.013391052207602,0E-17,ELIGIBLE,R03b_20260811_FULL_v1,L1_ELIGIBILITY,v2026-08-11,2026-03-21..2026-08-06,baccarat_bet02_101_all_pairs_incl_sentinel,round_win = game_pnl > 0 (decisive only),COMPATIBILITY_ONLY_NOT_PRODUCTION,268817.8208,244366.2908,168.7661,6248,5610,-0.00062781,-0.08642944,0.00436428,-0.00062781,-168.7661,268817.8208,OK,0.0000,6.7506,4.0000,96.0000,AG03-UNRESOLVED,ALL5_LEVELS_bet23_to_bet27,6.7506,6.7506,6.7506,8.4383,8.4383,4.000000,4.000000,4.000000,5.000000,5.000000,96.000000,96.000000,96.000000,95.000000,95.000000,5.0,37.1285,34.0107,131.6376,134.7554,PENDING_AG03,FALSE,NOT_FOR_ENFORCEMENT,162.0155,234591.6392,168.7661,162.0155,6.7506,0.00062781,0.00060270,6.7506,162.0155,0.00060270,6.7506,6.7506,6.7506,8.4383,8.4383,162.0155,0.00060270,37.1285,34.0107,131.6376,134.7554,0.00048969,0.00050129,0.00002511,43.0246,43.5591,0.0301,2.0581,0.0627,3278.2661,68.4146,17.6798,46.9397,25.7155,39.4976,52.6635,77.1466,82.2897,128.5777,31.4111,0.0,2.083411,3.25533,1.089297,30,192,222,8,0.05498276,0.00062781,0.08642944,0E-8,0.000000,0.909041,0.000000,-0.09079372,2026-03-23,2026-08-06,82,2690,1181,137,0.598540,0.376650,0.410924,0.183276,,,,,,,,GLOBAL_BASELINE_NO_ENTITY_RANKING,,,NOT_APPLICABLE_GLOBAL_BASELINE,HF9g-P5,,,,X 全窗基线 · 不参与实体赏罚,6877210,688,A168_HF9F_20260827_0900,2026-08-27 09:00:00
2026-04-17,70460261,2174,0,28.7935502447,-28.7935502447,-28.7935502447,0E-7,1,1,0.50665070000000000,0.506650700000,-1.013391052207602,-1.013391052207602,-1.013391052207602,0E-17,ELIGIBLE,R03b_20260811_FULL_v1,L1_ELIGIBILITY,v2026-08-11,2026-03-21..2026-08-06,baccarat_bet02_101_all_pairs_incl_sentinel,round_win = game_pnl > 0 (decisive only),COMPATIBILITY_ONLY_NOT_PRODUCTION,268817.8208,244366.2908,168.7661,6248,5610,-0.00062781,-0.08642944,0.00436428,-0.00062781,-168.7661,268817.8208,OK,0.0000,6.7506,4.0000,96.0000,AG03-UNRESOLVED,ALL5_LEVELS_bet23_to_bet27,6.7506,6.7506,6.7506,8.4383,8.4383,4.000000,4.000000,4.000000,5.000000,5.000000,96.000000,96.000000,96.000000,95.000000,95.000000,5.0,37.1285,34.0107,131.6376,134.7554,PENDING_AG03,FALSE,NOT_FOR_ENFORCEMENT,162.0155,234591.6392,168.7661,162.0155,6.7506,0.00062781,0.00060270,6.7506,162.0155,0.00060270,6.7506,6.7506,6.7506,8.4383,8.4383,162.0155,0.00060270,37.1285,34.0107,131.6376,134.7554,0.00048969,0.00050129,0.00002511,43.0246,43.5591,0.0301,2.0581,0.0627,3278.2661,68.4146,17.6798,46.9397,25.7155,39.4976,52.6635,77.1466,82.2897,128.5777,31.4111,0.0,2.083411,3.25533,1.089297,30,192,222,8,0.05498276,0.00062781,0.08642944,0E-8,0.000000,0.909041,0.000000,-0.09079372,2026-03-23,2026-08-06,82,2690,1181,137,0.598540,0.376650,0.410924,0.183276,,,,,,,,GLOBAL_BASELINE_NO_ENTITY_RANKING,,,NOT_APPLICABLE_GLOBAL_BASELINE,HF9g-P5,,,,X 全窗基线 · 不参与实体赏罚,6877211,688,A168_HF9F_20260827_0900,2026-08-27 09:00:00
2026-04-17,70460261,2175,0,26.1759547680,-26.1759547680,-26.1759547680,0E-7,1,1,0.50665070000000000,0.506650700000,-1.013391052207602,-1.013391052207602,-1.013391052207602,0E-17,ELIGIBLE,R03b_20260811_FULL_v1,L1_ELIGIBILITY,v2026-08-11,2026-03-21..2026-08-06,baccarat_bet02_101_all_pairs_incl_sentinel,round_win = game_pnl > 0 (decisive only),COMPATIBILITY_ONLY_NOT_PRODUCTION,268817.8208,244366.2908,168.7661,6248,5610,-0.00062781,-0.08642944,0.00436428,-0.00062781,-168.7661,268817.8208,OK,0.0000,6.7506,4.0000,96.0000,AG03-UNRESOLVED,ALL5_LEVELS_bet23_to_bet27,6.7506,6.7506,6.7506,8.4383,8.4383,4.000000,4.000000,4.000000,5.000000,5.000000,96.000000,96.000000,96.000000,95.000000,95.000000,5.0,37.1285,34.0107,131.6376,134.7554,PENDING_AG03,FALSE,NOT_FOR_ENFORCEMENT,162.0155,234591.6392,168.7661,162.0155,6.7506,0.00062781,0.00060270,6.7506,162.0155,0.00060270,6.7506,6.7506,6.7506,8.4383,8.4383,162.0155,0.00060270,37.1285,34.0107,131.6376,134.7554,0.00048969,0.00050129,0.00002511,43.0246,43.5591,0.0301,2.0581,0.0627,3278.2661,68.4146,17.6798,46.9397,25.7155,39.4976,52.6635,77.1466,82.2897,128.5777,31.4111,0.0,2.083411,3.25533,1.089297,30,192,222,8,0.05498276,0.00062781,0.08642944,0E-8,0.000000,0.909041,0.000000,-0.09079372,2026-03-23,2026-08-06,82,2690,1181,137,0.598540,0.376650,0.410924,0.183276,,,,,,,,GLOBAL_BASELINE_NO_ENTITY_RANKING,,,NOT_APPLICABLE_GLOBAL_BASELINE,HF9g-P5,,,,X 全窗基线 · 不参与实体赏罚,6877212,688,A168_HF9F_20260827_0900,2026-08-27 09:00:00
2026-04-17,70460261,2205,0,47.1167185823,-47.1167185823,-47.1167185823,0E-7,1,1,0.50665070000000000,0.506650700000,-1.013391052207602,-1.013391052207602,-1.013391052207602,0E-17,ELIGIBLE,R03b_20260811_FULL_v1,L1_ELIGIBILITY,v2026-08-11,2026-03-21..2026-08-06,baccarat_bet02_101_all_pairs_incl_sentinel,round_win = game_pnl > 0 (decisive only),COMPATIBILITY_ONLY_NOT_PRODUCTION,268817.8208,244366.2908,168.7661,6248,5610,-0.00062781,-0.08642944,0.00436428,-0.00062781,-168.7661,268817.8208,OK,0.0000,6.7506,4.0000,96.0000,AG03-UNRESOLVED,ALL5_LEVELS_bet23_to_bet27,6.7506,6.7506,6.7506,8.4383,8.4383,4.000000,4.000000,4.000000,5.000000,5.000000,96.000000,96.000000,96.000000,95.000000,95.000000,5.0,37.1285,34.0107,131.6376,134.7554,PENDING_AG03,FALSE,NOT_FOR_ENFORCEMENT,162.0155,234591.6392,168.7661,162.0155,6.7506,0.00062781,0.00060270,6.7506,162.0155,0.00060270,6.7506,6.7506,6.7506,8.4383,8.4383,162.0155,0.00060270,37.1285,34.0107,131.6376,134.7554,0.00048969,0.00050129,0.00002511,43.0246,43.5591,0.0301,2.0581,0.0627,3278.2661,68.4146,17.6798,46.9397,25.7155,39.4976,52.6635,77.1466,82.2897,128.5777,31.4111,0.0,2.083411,3.25533,1.089297,30,192,222,8,0.05498276,0.00062781,0.08642944,0E-8,0.000000,0.909041,0.000000,-0.09079372,2026-03-23,2026-08-06,82,2690,1181,137,0.598540,0.376650,0.410924,0.183276,,,,,,,,GLOBAL_BASELINE_NO_ENTITY_RANKING,,,NOT_APPLICABLE_GLOBAL_BASELINE,HF9g-P5,,,,X 全窗基线 · 不参与实体赏罚,6877213,688,A168_HF9F_20260827_0900,2026-08-27 09:00:00
2026-04-17,70460261,2222,0,26.1759547680,24.8671570296,24.8671570296,1.0000000,1,1,0.50665070000000000,0.506650700000,0.9867858985152569,0.9867858985152569,0.9867858985152569,0E-17,ELIGIBLE,R03b_20260811_FULL_v1,L1_ELIGIBILITY,v2026-08-11,2026-03-21..2026-08-06,baccarat_bet02_101_all_pairs_incl_sentinel,round_win = game_pnl > 0 (decisive only),COMPATIBILITY_ONLY_NOT_PRODUCTION,268817.8208,244366.2908,168.7661,6248,5610,-0.00062781,-0.08642944,0.00436428,-0.00062781,-168.7661,268817.8208,OK,0.0000,6.7506,4.0000,96.0000,AG03-UNRESOLVED,ALL5_LEVELS_bet23_to_bet27,6.7506,6.7506,6.7506,8.4383,8.4383,4.000000,4.000000,4.000000,5.000000,5.000000,96.000000,96.000000,96.000000,95.000000,95.000000,5.0,37.1285,34.0107,131.6376,134.7554,PENDING_AG03,FALSE,NOT_FOR_ENFORCEMENT,162.0155,234591.6392,168.7661,162.0155,6.7506,0.00062781,0.00060270,6.7506,162.0155,0.00060270,6.7506,6.7506,6.7506,8.4383,8.4383,162.0155,0.00060270,37.1285,34.0107,131.6376,134.7554,0.00048969,0.00050129,0.00002511,43.0246,43.5591,0.0301,2.0581,0.0627,3278.2661,68.4146,17.6798,46.9397,25.7155,39.4976,52.6635,77.1466,82.2897,128.5777,31.4111,0.0,2.083411,3.25533,1.089297,30,192,222,8,0.05498276,0.00062781,0.08642944,0E-8,0.000000,0.909041,0.000000,-0.09079372,2026-03-23,2026-08-06,82,2690,1181,137,0.598540,0.376650,0.410924,0.183276,,,,,,,,GLOBAL_BASELINE_NO_ENTITY_RANKING,,,NOT_APPLICABLE_GLOBAL_BASELINE,HF9g-P5,,,,X 全窗基线 · 不参与实体赏罚,6877214,688,A168_HF9F_20260827_0900,2026-08-27 09:00:00
2026-04-17,70460261,2242,0,23.5583592912,23.5583592912,23.5583592912,1.0000000,1,1,0.49324550000000000,0.493245500000,1.01360149184955,1.01360149184955,1.01360149184955,0E-17,ELIGIBLE,R03b_20260811_FULL_v1,L1_ELIGIBILITY,v2026-08-11,2026-03-21..2026-08-06,baccarat_bet02_101_all_pairs_incl_sentinel,round_win = game_pnl > 0 (decisive only),COMPATIBILITY_ONLY_NOT_PRODUCTION,268817.8208,244366.2908,168.7661,6248,5610,-0.00062781,-0.08642944,0.00436428,-0.00062781,-168.7661,268817.8208,OK,0.0000,6.7506,4.0000,96.0000,AG03-UNRESOLVED,ALL5_LEVELS_bet23_to_bet27,6.7506,6.7506,6.7506,8.4383,8.4383,4.000000,4.000000,4.000000,5.000000,5.000000,96.000000,96.000000,96.000000,95.000000,95.000000,5.0,37.1285,34.0107,131.6376,134.7554,PENDING_AG03,FALSE,NOT_FOR_ENFORCEMENT,162.0155,234591.6392,168.7661,162.0155,6.7506,0.00062781,0.00060270,6.7506,162.0155,0.00060270,6.7506,6.7506,6.7506,8.4383,8.4383,162.0155,0.00060270,37.1285,34.0107,131.6376,134.7554,0.00048969,0.00050129,0.00002511,43.0246,43.5591,0.0301,2.0581,0.0627,3278.2661,68.4146,17.6798,46.9397,25.7155,39.4976,52.6635,77.1466,82.2897,128.5777,31.4111,0.0,2.083411,3.25533,1.089297,30,192,222,8,0.05498276,0.00062781,0.08642944,0E-8,0.000000,0.909041,0.000000,-0.09079372,2026-03-23,2026-08-06,82,2690,1181,137,0.598540,0.376650,0.410924,0.183276,,,,,,,,GLOBAL_BASELINE_NO_ENTITY_RANKING,,,NOT_APPLICABLE_GLOBAL_BASELINE,HF9g-P5,,,,X 全窗基线 · 不参与实体赏罚,6877215,688,A168_HF9F_20260827_0900,2026-08-27 09:00:00
2026-04-17,70460261,2248,0,62.8222914432,37.3007355444,37.3007355444,1.0000000,3,3,0.50665070000000000,0.506650700000,1.3955260008387969,1.3955260008387969,1.3955260008387969,0E-17,ELIGIBLE,R03b_20260811_FULL_v1,L1_ELIGIBILITY,v2026-08-11,2026-03-21..2026-08-06,baccarat_bet02_101_all_pairs_incl_sentinel,round_win = game_pnl > 0 (decisive only),COMPATIBILITY_ONLY_NOT_PRODUCTION,268817.8208,244366.2908,168.7661,6248,5610,-0.00062781,-0.08642944,0.00436428,-0.00062781,-168.7661,268817.8208,OK,0.0000,6.7506,4.0000,96.0000,AG03-UNRESOLVED,ALL5_LEVELS_bet23_to_bet27,6.7506,6.7506,6.7506,8.4383,8.4383,4.000000,4.000000,4.000000,5.000000,5.000000,96.000000,96.000000,96.000000,95.000000,95.000000,5.0,37.1285,34.0107,131.6376,134.7554,PENDING_AG03,FALSE,NOT_FOR_ENFORCEMENT,162.0155,234591.6392,168.7661,162.0155,6.7506,0.00062781,0.00060270,6.7506,162.0155,0.00060270,6.7506,6.7506,6.7506,8.4383,8.4383,162.0155,0.00060270,37.1285,34.0107,131.6376,134.7554,0.00048969,0.00050129,0.00002511,43.0246,43.5591,0.0301,2.0581,0.0627,3278.2661,68.4146,17.6798,46.9397,25.7155,39.4976,52.6635,77.1466,82.2897,128.5777,31.4111,0.0,2.083411,3.25533,1.089297,30,192,222,8,0.05498276,0.00062781,0.08642944,0E-8,0.000000,0.909041,0.000000,-0.09079372,2026-03-23,2026-08-06,82,2690,1181,137,0.598540,0.376650,0.410924,0.183276,,,,,,,,GLOBAL_BASELINE_NO_ENTITY_RANKING,,,NOT_APPLICABLE_GLOBAL_BASELINE,HF9g-P5,,,,X 全窗基线 · 不参与实体赏罚,6877216,688,A168_HF9F_20260827_0900,2026-08-27 09:00:00
2026-04-17,70460261,2256,0,183.2316833758,26.1759547680,26.1759547680,0.7500000,4,4,0.49659680000000000,0.496596800000,1.0136362796769356,1.0136362796769358,1.0136362796769356,0E-17,ELIGIBLE,R03b_20260811_FULL_v1,L1_ELIGIBILITY,v2026-08-11,2026-03-21..2026-08-06,baccarat_bet02_101_all_pairs_incl_sentinel,round_win = game_pnl > 0 (decisive only),COMPATIBILITY_ONLY_NOT_PRODUCTION,268817.8208,244366.2908,168.7661,6248,5610,-0.00062781,-0.08642944,0.00436428,-0.00062781,-168.7661,268817.8208,OK,0.0000,6.7506,4.0000,96.0000,AG03-UNRESOLVED,ALL5_LEVELS_bet23_to_bet27,6.7506,6.7506,6.7506,8.4383,8.4383,4.000000,4.000000,4.000000,5.000000,5.000000,96.000000,96.000000,96.000000,95.000000,95.000000,5.0,37.1285,34.0107,131.6376,134.7554,PENDING_AG03,FALSE,NOT_FOR_ENFORCEMENT,162.0155,234591.6392,168.7661,162.0155,6.7506,0.00062781,0.00060270,6.7506,162.0155,0.00060270,6.7506,6.7506,6.7506,8.4383,8.4383,162.0155,0.00060270,37.1285,34.0107,131.6376,134.7554,0.00048969,0.00050129,0.00002511,43.0246,43.5591,0.0301,2.0581,0.0627,3278.2661,68.4146,17.6798,46.9397,25.7155,39.4976,52.6635,77.1466,82.2897,128.5777,31.4111,0.0,2.083411,3.25533,1.089297,30,192,222,8,0.05498276,0.00062781,0.08642944,0E-8,0.000000,0.909041,0.000000,-0.09079372,2026-03-23,2026-08-06,82,2690,1181,137,0.598540,0.376650,0.410924,0.183276,,,,,,,,GLOBAL_BASELINE_NO_ENTITY_RANKING,,,NOT_APPLICABLE_GLOBAL_BASELINE,HF9g-P5,,,,X 全窗基线 · 不参与实体赏罚,6877217,688,A168_HF9F_20260827_0900,2026-08-27 09:00:00
2026-04-17,70460261,763,0,52.3519095360,24.8671570296,24.8671570296,1.0000000,2,2,0.49994810000000000,0.499948100000,1.0001038053877793,1.0001038053877793,1.0001038053877793,0E-17,ELIGIBLE,R03b_20260811_FULL_v1,L1_ELIGIBILITY,v2026-08-11,2026-03-21..2026-08-06,baccarat_bet02_101_all_pairs_incl_sentinel,round_win = game_pnl > 0 (decisive only),COMPATIBILITY_ONLY_NOT_PRODUCTION,268817.8208,244366.2908,168.7661,6248,5610,-0.00062781,-0.08642944,0.00436428,-0.00062781,-168.7661,268817.8208,OK,0.0000,6.7506,4.0000,96.0000,AG03-UNRESOLVED,ALL5_LEVELS_bet23_to_bet27,6.7506,6.7506,6.7506,8.4383,8.4383,4.000000,4.000000,4.000000,5.000000,5.000000,96.000000,96.000000,96.000000,95.000000,95.000000,5.0,37.1285,34.0107,131.6376,134.7554,PENDING_AG03,FALSE,NOT_FOR_ENFORCEMENT,162.0155,234591.6392,168.7661,162.0155,6.7506,0.00062781,0.00060270,6.7506,162.0155,0.00060270,6.7506,6.7506,6.7506,8.4383,8.4383,162.0155,0.00060270,37.1285,34.0107,131.6376,134.7554,0.00048969,0.00050129,0.00002511,43.0246,43.5591,0.0301,2.0581,0.0627,3278.2661,68.4146,17.6798,46.9397,25.7155,39.4976,52.6635,77.1466,82.2897,128.5777,31.4111,0.0,2.083411,3.25533,1.089297,30,192,222,8,0.05498276,0.00062781,0.08642944,0E-8,0.000000,0.909041,0.000000,-0.09079372,2026-03-23,2026-08-06,82,2690,1181,137,0.598540,0.376650,0.410924,0.183276,,,,,,,,GLOBAL_BASELINE_NO_ENTITY_RANKING,,,NOT_APPLICABLE_GLOBAL_BASELINE,HF9g-P5,,,,X 全窗基线 · 不参与实体赏罚,6877218,688,A168_HF9F_20260827_0900,2026-08-27 09:00:00
2026-04-17,70460261,772,0,52.3519095359,49.7343140591,49.7343140591,1.0000000,1,1,0.50665070000000000,0.506650700000,0.9867858985152569,0.9867858985152569,0.9867858985152569,0E-17,ELIGIBLE,R03b_20260811_FULL_v1,L1_ELIGIBILITY,v2026-08-11,2026-03-21..2026-08-06,baccarat_bet02_101_all_pairs_incl_sentinel,round_win = game_pnl > 0 (decisive only),COMPATIBILITY_ONLY_NOT_PRODUCTION,268817.8208,244366.2908,168.7661,6248,5610,-0.00062781,-0.08642944,0.00436428,-0.00062781,-168.7661,268817.8208,OK,0.0000,6.7506,4.0000,96.0000,AG03-UNRESOLVED,ALL5_LEVELS_bet23_to_bet27,6.7506,6.7506,6.7506,8.4383,8.4383,4.000000,4.000000,4.000000,5.000000,5.000000,96.000000,96.000000,96.000000,95.000000,95.000000,5.0,37.1285,34.0107,131.6376,134.7554,PENDING_AG03,FALSE,NOT_FOR_ENFORCEMENT,162.0155,234591.6392,168.7661,162.0155,6.7506,0.00062781,0.00060270,6.7506,162.0155,0.00060270,6.7506,6.7506,6.7506,8.4383,8.4383,162.0155,0.00060270,37.1285,34.0107,131.6376,134.7554,0.00048969,0.00050129,0.00002511,43.0246,43.5591,0.0301,2.0581,0.0627,3278.2661,68.4146,17.6798,46.9397,25.7155,39.4976,52.6635,77.1466,82.2897,128.5777,31.4111,0.0,2.083411,3.25533,1.089297,30,192,222,8,0.05498276,0.00062781,0.08642944,0E-8,0.000000,0.909041,0.000000,-0.09079372,2026-03-23,2026-08-06,82,2690,1181,137,0.598540,0.376650,0.410924,0.183276,,,,,,,,GLOBAL_BASELINE_NO_ENTITY_RANKING,,,NOT_APPLICABLE_GLOBAL_BASELINE,HF9g-P5,,,,X 全窗基线 · 不参与实体赏罚,6877219,688,A168_HF9F_20260827_0900,2026-08-27 09:00:00
2026-04-17,70460261,948,0,26.1759547680,-26.1759547680,-26.1759547680,0E-7,1,1,0.50665070000000000,0.506650700000,-1.013391052207602,-1.013391052207602,-1.013391052207602,0E-17,ELIGIBLE,R03b_20260811_FULL_v1,L1_ELIGIBILITY,v2026-08-11,2026-03-21..2026-08-06,baccarat_bet02_101_all_pairs_incl_sentinel,round_win = game_pnl > 0 (decisive only),COMPATIBILITY_ONLY_NOT_PRODUCTION,268817.8208,244366.2908,168.7661,6248,5610,-0.00062781,-0.08642944,0.00436428,-0.00062781,-168.7661,268817.8208,OK,0.0000,6.7506,4.0000,96.0000,AG03-UNRESOLVED,ALL5_LEVELS_bet23_to_bet27,6.7506,6.7506,6.7506,8.4383,8.4383,4.000000,4.000000,4.000000,5.000000,5.000000,96.000000,96.000000,96.000000,95.000000,95.000000,5.0,37.1285,34.0107,131.6376,134.7554,PENDING_AG03,FALSE,NOT_FOR_ENFORCEMENT,162.0155,234591.6392,168.7661,162.0155,6.7506,0.00062781,0.00060270,6.7506,162.0155,0.00060270,6.7506,6.7506,6.7506,8.4383,8.4383,162.0155,0.00060270,37.1285,34.0107,131.6376,134.7554,0.00048969,0.00050129,0.00002511,43.0246,43.5591,0.0301,2.0581,0.0627,3278.2661,68.4146,17.6798,46.9397,25.7155,39.4976,52.6635,77.1466,82.2897,128.5777,31.4111,0.0,2.083411,3.25533,1.089297,30,192,222,8,0.05498276,0.00062781,0.08642944,0E-8,0.000000,0.909041,0.000000,-0.09079372,2026-03-23,2026-08-06,82,2690,1181,137,0.598540,0.376650,0.410924,0.183276,,,,,,,,GLOBAL_BASELINE_NO_ENTITY_RANKING,,,NOT_APPLICABLE_GLOBAL_BASELINE,HF9g-P5,,,,X 全窗基线 · 不参与实体赏罚,6877220,688,A168_HF9F_20260827_0900,2026-08-27 09:00:00
2026-04-18,70460261,-1,1,219.0927414080,-117.0065178128,-117.0065178128,0.3333333,9,9,0.50665070000000000,0.506650700000,-1.0399962058999468,-1.0399962058999468,-1.0399962058999468,0E-17,SENTINEL_DEALER,R03b_20260811_FULL_v1,L1_ELIGIBILITY,v2026-08-11,2026-03-21..2026-08-06,baccarat_bet02_101_all_pairs_incl_sentinel,round_win = game_pnl > 0 (decisive only),COMPATIBILITY_ONLY_NOT_PRODUCTION,268817.8208,244366.2908,168.7661,6248,5610,-0.00062781,-0.08642944,0.00436428,-0.00062781,-168.7661,268817.8208,OK,0.0000,6.7506,4.0000,96.0000,AG03-UNRESOLVED,ALL5_LEVELS_bet23_to_bet27,6.7506,6.7506,6.7506,8.4383,8.4383,4.000000,4.000000,4.000000,5.000000,5.000000,96.000000,96.000000,96.000000,95.000000,95.000000,5.0,37.1285,34.0107,131.6376,134.7554,PENDING_AG03,FALSE,NOT_FOR_ENFORCEMENT,162.0155,234591.6392,168.7661,162.0155,6.7506,0.00062781,0.00060270,6.7506,162.0155,0.00060270,6.7506,6.7506,6.7506,8.4383,8.4383,162.0155,0.00060270,37.1285,34.0107,131.6376,134.7554,0.00048969,0.00050129,0.00002511,43.0246,43.5591,0.0301,2.0581,0.0627,3278.2661,68.4146,17.6798,46.9397,25.7155,39.4976,52.6635,77.1466,82.2897,128.5777,31.4111,0.0,2.083411,3.25533,1.089297,30,192,222,8,0.05498276,0.00062781,0.08642944,0E-8,0.000000,0.909041,0.000000,-0.09079372,2026-03-23,2026-08-06,82,2690,1181,137,0.598540,0.376650,0.410924,0.183276,,,,,,,,GLOBAL_BASELINE_NO_ENTITY_RANKING,,,NOT_APPLICABLE_GLOBAL_BASELINE,HF9g-P5,,,,X 全窗基线 · 不参与实体赏罚,6877221,688,A168_HF9F_20260827_0900,2026-08-27 09:00:00
2026-04-18,70460261,1115,0,27.7465120540,26.3591864513,26.3591864513,1.0000000,1,1,0.50665070000000000,0.506650700000,0.9867858985152569,0.9867858985152569,0.9867858985152569,0E-17,ELIGIBLE,R03b_20260811_FULL_v1,L1_ELIGIBILITY,v2026-08-11,2026-03-21..2026-08-06,baccarat_bet02_101_all_pairs_incl_sentinel,round_win = game_pnl > 0 (decisive only),COMPATIBILITY_ONLY_NOT_PRODUCTION,268817.8208,244366.2908,168.7661,6248,5610,-0.00062781,-0.08642944,0.00436428,-0.00062781,-168.7661,268817.8208,OK,0.0000,6.7506,4.0000,96.0000,AG03-UNRESOLVED,ALL5_LEVELS_bet23_to_bet27,6.7506,6.7506,6.7506,8.4383,8.4383,4.000000,4.000000,4.000000,5.000000,5.000000,96.000000,96.000000,96.000000,95.000000,95.000000,5.0,37.1285,34.0107,131.6376,134.7554,PENDING_AG03,FALSE,NOT_FOR_ENFORCEMENT,162.0155,234591.6392,168.7661,162.0155,6.7506,0.00062781,0.00060270,6.7506,162.0155,0.00060270,6.7506,6.7506,6.7506,8.4383,8.4383,162.0155,0.00060270,37.1285,34.0107,131.6376,134.7554,0.00048969,0.00050129,0.00002511,43.0246,43.5591,0.0301,2.0581,0.0627,3278.2661,68.4146,17.6798,46.9397,25.7155,39.4976,52.6635,77.1466,82.2897,128.5777,31.4111,0.0,2.083411,3.25533,1.089297,30,192,222,8,0.05498276,0.00062781,0.08642944,0E-8,0.000000,0.909041,0.000000,-0.09079372,2026-03-23,2026-08-06,82,2690,1181,137,0.598540,0.376650,0.410924,0.183276,,,,,,,,GLOBAL_BASELINE_NO_ENTITY_RANKING,,,NOT_APPLICABLE_GLOBAL_BASELINE,HF9g-P5,,,,X 全窗基线 · 不参与实体赏罚,6877222,688,A168_HF9F_20260827_0900,2026-08-27 09:00:00
2026-04-18,70460261,1374,0,26.1759547680,-26.1759547680,-26.1759547680,0E-7,1,1,0.50665070000000000,0.506650700000,-1.013391052207602,-1.013391052207602,-1.013391052207602,0E-17,ELIGIBLE,R03b_20260811_FULL_v1,L1_ELIGIBILITY,v2026-08-11,2026-03-21..2026-08-06,baccarat_bet02_101_all_pairs_incl_sentinel,round_win = game_pnl > 0 (decisive only),COMPATIBILITY_ONLY_NOT_PRODUCTION,268817.8208,244366.2908,168.7661,6248,5610,-0.00062781,-0.08642944,0.00436428,-0.00062781,-168.7661,268817.8208,OK,0.0000,6.7506,4.0000,96.0000,AG03-UNRESOLVED,ALL5_LEVELS_bet23_to_bet27,6.7506,6.7506,6.7506,8.4383,8.4383,4.000000,4.000000,4.000000,5.000000,5.000000,96.000000,96.000000,96.000000,95.000000,95.000000,5.0,37.1285,34.0107,131.6376,134.7554,PENDING_AG03,FALSE,NOT_FOR_ENFORCEMENT,162.0155,234591.6392,168.7661,162.0155,6.7506,0.00062781,0.00060270,6.7506,162.0155,0.00060270,6.7506,6.7506,6.7506,8.4383,8.4383,162.0155,0.00060270,37.1285,34.0107,131.6376,134.7554,0.00048969,0.00050129,0.00002511,43.0246,43.5591,0.0301,2.0581,0.0627,3278.2661,68.4146,17.6798,46.9397,25.7155,39.4976,52.6635,77.1466,82.2897,128.5777,31.4111,0.0,2.083411,3.25533,1.089297,30,192,222,8,0.05498276,0.00062781,0.08642944,0E-8,0.000000,0.909041,0.000000,-0.09079372,2026-03-23,2026-08-06,82,2690,1181,137,0.598540,0.376650,0.410924,0.183276,,,,,,,,GLOBAL_BASELINE_NO_ENTITY_RANKING,,,NOT_APPLICABLE_GLOBAL_BASELINE,HF9g-P5,,,,X 全窗基线 · 不参与实体赏罚,6877223,688,A168_HF9F_20260827_0900,2026-08-27 09:00:00
2026-04-18,70460261,1405,0,65.4398869199,-65.4398869199,-65.4398869199,0E-7,2,2,0.50665070000000000,0.506650700000,-1.4331513700195317,-1.4331513700195317,-1.4331513700195317,0E-17,ELIGIBLE,R03b_20260811_FULL_v1,L1_ELIGIBILITY,v2026-08-11,2026-03-21..2026-08-06,baccarat_bet02_101_all_pairs_incl_sentinel,round_win = game_pnl > 0 (decisive only),COMPATIBILITY_ONLY_NOT_PRODUCTION,268817.8208,244366.2908,168.7661,6248,5610,-0.00062781,-0.08642944,0.00436428,-0.00062781,-168.7661,268817.8208,OK,0.0000,6.7506,4.0000,96.0000,AG03-UNRESOLVED,ALL5_LEVELS_bet23_to_bet27,6.7506,6.7506,6.7506,8.4383,8.4383,4.000000,4.000000,4.000000,5.000000,5.000000,96.000000,96.000000,96.000000,95.000000,95.000000,5.0,37.1285,34.0107,131.6376,134.7554,PENDING_AG03,FALSE,NOT_FOR_ENFORCEMENT,162.0155,234591.6392,168.7661,162.0155,6.7506,0.00062781,0.00060270,6.7506,162.0155,0.00060270,6.7506,6.7506,6.7506,8.4383,8.4383,162.0155,0.00060270,37.1285,34.0107,131.6376,134.7554,0.00048969,0.00050129,0.00002511,43.0246,43.5591,0.0301,2.0581,0.0627,3278.2661,68.4146,17.6798,46.9397,25.7155,39.4976,52.6635,77.1466,82.2897,128.5777,31.4111,0.0,2.083411,3.25533,1.089297,30,192,222,8,0.05498276,0.00062781,0.08642944,0E-8,0.000000,0.909041,0.000000,-0.09079372,2026-03-23,2026-08-06,82,2690,1181,137,0.598540,0.376650,0.410924,0.183276,,,,,,,,GLOBAL_BASELINE_NO_ENTITY_RANKING,,,NOT_APPLICABLE_GLOBAL_BASELINE,HF9g-P5,,,,X 全窗基线 · 不参与实体赏罚,6877224,688,A168_HF9F_20260827_0900,2026-08-27 09:00:00
2026-04-18,70460261,1963,0,26.1759547680,-26.1759547680,-26.1759547680,0E-7,1,1,0.50665070000000000,0.506650700000,-1.013391052207602,-1.013391052207602,-1.013391052207602,0E-17,ELIGIBLE,R03b_20260811_FULL_v1,L1_ELIGIBILITY,v2026-08-11,2026-03-21..2026-08-06,baccarat_bet02_101_all_pairs_incl_sentinel,round_win = game_pnl > 0 (decisive only),COMPATIBILITY_ONLY_NOT_PRODUCTION,268817.8208,244366.2908,168.7661,6248,5610,-0.00062781,-0.08642944,0.00436428,-0.00062781,-168.7661,268817.8208,OK,0.0000,6.7506,4.0000,96.0000,AG03-UNRESOLVED,ALL5_LEVELS_bet23_to_bet27,6.7506,6.7506,6.7506,8.4383,8.4383,4.000000,4.000000,4.000000,5.000000,5.000000,96.000000,96.000000,96.000000,95.000000,95.000000,5.0,37.1285,34.0107,131.6376,134.7554,PENDING_AG03,FALSE,NOT_FOR_ENFORCEMENT,162.0155,234591.6392,168.7661,162.0155,6.7506,0.00062781,0.00060270,6.7506,162.0155,0.00060270,6.7506,6.7506,6.7506,8.4383,8.4383,162.0155,0.00060270,37.1285,34.0107,131.6376,134.7554,0.00048969,0.00050129,0.00002511,43.0246,43.5591,0.0301,2.0581,0.0627,3278.2661,68.4146,17.6798,46.9397,25.7155,39.4976,52.6635,77.1466,82.2897,128.5777,31.4111,0.0,2.083411,3.25533,1.089297,30,192,222,8,0.05498276,0.00062781,0.08642944,0E-8,0.000000,0.909041,0.000000,-0.09079372,2026-03-23,2026-08-06,82,2690,1181,137,0.598540,0.376650,0.410924,0.183276,,,,,,,,GLOBAL_BASELINE_NO_ENTITY_RANKING,,,NOT_APPLICABLE_GLOBAL_BASELINE,HF9g-P5,,,,X 全窗基线 · 不参与实体赏罚,6877225,688,A168_HF9F_20260827_0900,2026-08-27 09:00:00
2026-04-18,70460261,2155,0,13.0879773840,13.0879773840,13.0879773840,1.0000000,1,1,0.49324550000000000,0.493245500000,1.01360149184955,1.01360149184955,1.01360149184955,0E-17,ELIGIBLE,R03b_20260811_FULL_v1,L1_ELIGIBILITY,v2026-08-11,2026-03-21..2026-08-06,baccarat_bet02_101_all_pairs_incl_sentinel,round_win = game_pnl > 0 (decisive only),COMPATIBILITY_ONLY_NOT_PRODUCTION,268817.8208,244366.2908,168.7661,6248,5610,-0.00062781,-0.08642944,0.00436428,-0.00062781,-168.7661,268817.8208,OK,0.0000,6.7506,4.0000,96.0000,AG03-UNRESOLVED,ALL5_LEVELS_bet23_to_bet27,6.7506,6.7506,6.7506,8.4383,8.4383,4.000000,4.000000,4.000000,5.000000,5.000000,96.000000,96.000000,96.000000,95.000000,95.000000,5.0,37.1285,34.0107,131.6376,134.7554,PENDING_AG03,FALSE,NOT_FOR_ENFORCEMENT,162.0155,234591.6392,168.7661,162.0155,6.7506,0.00062781,0.00060270,6.7506,162.0155,0.00060270,6.7506,6.7506,6.7506,8.4383,8.4383,162.0155,0.00060270,37.1285,34.0107,131.6376,134.7554,0.00048969,0.00050129,0.00002511,43.0246,43.5591,0.0301,2.0581,0.0627,3278.2661,68.4146,17.6798,46.9397,25.7155,39.4976,52.6635,77.1466,82.2897,128.5777,31.4111,0.0,2.083411,3.25533,1.089297,30,192,222,8,0.05498276,0.00062781,0.08642944,0E-8,0.000000,0.909041,0.000000,-0.09079372,2026-03-23,2026-08-06,82,2690,1181,137,0.598540,0.376650,0.410924,0.183276,,,,,,,,GLOBAL_BASELINE_NO_ENTITY_RANKING,,,NOT_APPLICABLE_GLOBAL_BASELINE,HF9g-P5,,,,X 全窗基线 · 不参与实体赏罚,6877226,688,A168_HF9F_20260827_0900,2026-08-27 09:00:00
2026-04-18,70460261,2156,0,26.1759547680,-26.1759547680,-26.1759547680,0E-7,1,1,0.50665070000000000,0.506650700000,-1.013391052207602,-1.013391052207602,-1.013391052207602,0E-17,ELIGIBLE,R03b_20260811_FULL_v1,L1_ELIGIBILITY,v2026-08-11,2026-03-21..2026-08-06,baccarat_bet02_101_all_pairs_incl_sentinel,round_win = game_pnl > 0 (decisive only),COMPATIBILITY_ONLY_NOT_PRODUCTION,268817.8208,244366.2908,168.7661,6248,5610,-0.00062781,-0.08642944,0.00436428,-0.00062781,-168.7661,268817.8208,OK,0.0000,6.7506,4.0000,96.0000,AG03-UNRESOLVED,ALL5_LEVELS_bet23_to_bet27,6.7506,6.7506,6.7506,8.4383,8.4383,4.000000,4.000000,4.000000,5.000000,5.000000,96.000000,96.000000,96.000000,95.000000,95.000000,5.0,37.1285,34.0107,131.6376,134.7554,PENDING_AG03,FALSE,NOT_FOR_ENFORCEMENT,162.0155,234591.6392,168.7661,162.0155,6.7506,0.00062781,0.00060270,6.7506,162.0155,0.00060270,6.7506,6.7506,6.7506,8.4383,8.4383,162.0155,0.00060270,37.1285,34.0107,131.6376,134.7554,0.00048969,0.00050129,0.00002511,43.0246,43.5591,0.0301,2.0581,0.0627,3278.2661,68.4146,17.6798,46.9397,25.7155,39.4976,52.6635,77.1466,82.2897,128.5777,31.4111,0.0,2.083411,3.25533,1.089297,30,192,222,8,0.05498276,0.00062781,0.08642944,0E-8,0.000000,0.909041,0.000000,-0.09079372,2026-03-23,2026-08-06,82,2690,1181,137,0.598540,0.376650,0.410924,0.183276,,,,,,,,GLOBAL_BASELINE_NO_ENTITY_RANKING,,,NOT_APPLICABLE_GLOBAL_BASELINE,HF9g-P5,,,,X 全窗基线 · 不参与实体赏罚,6877227,688,A168_HF9F_20260827_0900,2026-08-27 09:00:00
2026-04-18,70460261,2160,0,39.5256916996,-39.5256916996,-39.5256916996,0E-7,1,1,0.50665070000000000,0.506650700000,-1.013391052207602,-1.013391052207602,-1.013391052207602,0E-17,ELIGIBLE,R03b_20260811_FULL_v1,L1_ELIGIBILITY,v2026-08-11,2026-03-21..2026-08-06,baccarat_bet02_101_all_pairs_incl_sentinel,round_win = game_pnl > 0 (decisive only),COMPATIBILITY_ONLY_NOT_PRODUCTION,268817.8208,244366.2908,168.7661,6248,5610,-0.00062781,-0.08642944,0.00436428,-0.00062781,-168.7661,268817.8208,OK,0.0000,6.7506,4.0000,96.0000,AG03-UNRESOLVED,ALL5_LEVELS_bet23_to_bet27,6.7506,6.7506,6.7506,8.4383,8.4383,4.000000,4.000000,4.000000,5.000000,5.000000,96.000000,96.000000,96.000000,95.000000,95.000000,5.0,37.1285,34.0107,131.6376,134.7554,PENDING_AG03,FALSE,NOT_FOR_ENFORCEMENT,162.0155,234591.6392,168.7661,162.0155,6.7506,0.00062781,0.00060270,6.7506,162.0155,0.00060270,6.7506,6.7506,6.7506,8.4383,8.4383,162.0155,0.00060270,37.1285,34.0107,131.6376,134.7554,0.00048969,0.00050129,0.00002511,43.0246,43.5591,0.0301,2.0581,0.0627,3278.2661,68.4146,17.6798,46.9397,25.7155,39.4976,52.6635,77.1466,82.2897,128.5777,31.4111,0.0,2.083411,3.25533,1.089297,30,192,222,8,0.05498276,0.00062781,0.08642944,0E-8,0.000000,0.909041,0.000000,-0.09079372,2026-03-23,2026-08-06,82,2690,1181,137,0.598540,0.376650,0.410924,0.183276,,,,,,,,GLOBAL_BASELINE_NO_ENTITY_RANKING,,,NOT_APPLICABLE_GLOBAL_BASELINE,HF9g-P5,,,,X 全窗基线 · 不参与实体赏罚,6877228,688,A168_HF9F_20260827_0900,2026-08-27 09:00:00
2026-04-18,70460261,2193,0,26.1759547680,0E-10,0E-10,,1,1,0.50665070000000000,0.506650700000,,,,0E-17,NO_DECISIVE_ROUND,R03b_20260811_FULL_v1,L1_ELIGIBILITY,v2026-08-11,2026-03-21..2026-08-06,baccarat_bet02_101_all_pairs_incl_sentinel,round_win = game_pnl > 0 (decisive only),COMPATIBILITY_ONLY_NOT_PRODUCTION,268817.8208,244366.2908,168.7661,6248,5610,-0.00062781,-0.08642944,0.00436428,-0.00062781,-168.7661,268817.8208,OK,0.0000,6.7506,4.0000,96.0000,AG03-UNRESOLVED,ALL5_LEVELS_bet23_to_bet27,6.7506,6.7506,6.7506,8.4383,8.4383,4.000000,4.000000,4.000000,5.000000,5.000000,96.000000,96.000000,96.000000,95.000000,95.000000,5.0,37.1285,34.0107,131.6376,134.7554,PENDING_AG03,FALSE,NOT_FOR_ENFORCEMENT,162.0155,234591.6392,168.7661,162.0155,6.7506,0.00062781,0.00060270,6.7506,162.0155,0.00060270,6.7506,6.7506,6.7506,8.4383,8.4383,162.0155,0.00060270,37.1285,34.0107,131.6376,134.7554,0.00048969,0.00050129,0.00002511,43.0246,43.5591,0.0301,2.0581,0.0627,3278.2661,68.4146,17.6798,46.9397,25.7155,39.4976,52.6635,77.1466,82.2897,128.5777,31.4111,0.0,2.083411,3.25533,1.089297,30,192,222,8,0.05498276,0.00062781,0.08642944,0E-8,0.000000,0.909041,0.000000,-0.09079372,2026-03-23,2026-08-06,82,2690,1181,137,0.598540,0.376650,0.410924,0.183276,,,,,,,,GLOBAL_BASELINE_NO_ENTITY_RANKING,,,NOT_APPLICABLE_GLOBAL_BASELINE,HF9g-P5,,,,X 全窗基线 · 不参与实体赏罚,6877229,688,A168_HF9F_20260827_0900,2026-08-27 09:00:00
2026-04-18,70460261,2252,0,39.2639321520,11.7791796456,11.7791796456,0.5000000,2,2,0.49994810000000000,0.499948100000,0.00014679536856514622,0.00014679536856514622,0.00014679536856514622,0E-17,ELIGIBLE,R03b_20260811_FULL_v1,L1_ELIGIBILITY,v2026-08-11,2026-03-21..2026-08-06,baccarat_bet02_101_all_pairs_incl_sentinel,round_win = game_pnl > 0 (decisive only),COMPATIBILITY_ONLY_NOT_PRODUCTION,268817.8208,244366.2908,168.7661,6248,5610,-0.00062781,-0.08642944,0.00436428,-0.00062781,-168.7661,268817.8208,OK,0.0000,6.7506,4.0000,96.0000,AG03-UNRESOLVED,ALL5_LEVELS_bet23_to_bet27,6.7506,6.7506,6.7506,8.4383,8.4383,4.000000,4.000000,4.000000,5.000000,5.000000,96.000000,96.000000,96.000000,95.000000,95.000000,5.0,37.1285,34.0107,131.6376,134.7554,PENDING_AG03,FALSE,NOT_FOR_ENFORCEMENT,162.0155,234591.6392,168.7661,162.0155,6.7506,0.00062781,0.00060270,6.7506,162.0155,0.00060270,6.7506,6.7506,6.7506,8.4383,8.4383,162.0155,0.00060270,37.1285,34.0107,131.6376,134.7554,0.00048969,0.00050129,0.00002511,43.0246,43.5591,0.0301,2.0581,0.0627,3278.2661,68.4146,17.6798,46.9397,25.7155,39.4976,52.6635,77.1466,82.2897,128.5777,31.4111,0.0,2.083411,3.25533,1.089297,30,192,222,8,0.05498276,0.00062781,0.08642944,0E-8,0.000000,0.909041,0.000000,-0.09079372,2026-03-23,2026-08-06,82,2690,1181,137,0.598540,0.376650,0.410924,0.183276,,,,,,,,GLOBAL_BASELINE_NO_ENTITY_RANKING,,,NOT_APPLICABLE_GLOBAL_BASELINE,HF9g-P5,,,,X 全窗基线 · 不参与实体赏罚,6877230,688,A168_HF9F_20260827_0900,2026-08-27 09:00:00
2026-04-18,70460261,550,0,13.0879773840,-13.0879773840,-13.0879773840,0E-7,1,1,0.49324550000000000,0.493245500000,-0.9865810262130424,-0.9865810262130424,-0.9865810262130424,0E-17,ELIGIBLE,R03b_20260811_FULL_v1,L1_ELIGIBILITY,v2026-08-11,2026-03-21..2026-08-06,baccarat_bet02_101_all_pairs_incl_sentinel,round_win = game_pnl > 0 (decisive only),COMPATIBILITY_ONLY_NOT_PRODUCTION,268817.8208,244366.2908,168.7661,6248,5610,-0.00062781,-0.08642944,0.00436428,-0.00062781,-168.7661,268817.8208,OK,0.0000,6.7506,4.0000,96.0000,AG03-UNRESOLVED,ALL5_LEVELS_bet23_to_bet27,6.7506,6.7506,6.7506,8.4383,8.4383,4.000000,4.000000,4.000000,5.000000,5.000000,96.000000,96.000000,96.000000,95.000000,95.000000,5.0,37.1285,34.0107,131.6376,134.7554,PENDING_AG03,FALSE,NOT_FOR_ENFORCEMENT,162.0155,234591.6392,168.7661,162.0155,6.7506,0.00062781,0.00060270,6.7506,162.0155,0.00060270,6.7506,6.7506,6.7506,8.4383,8.4383,162.0155,0.00060270,37.1285,34.0107,131.6376,134.7554,0.00048969,0.00050129,0.00002511,43.0246,43.5591,0.0301,2.0581,0.0627,3278.2661,68.4146,17.6798,46.9397,25.7155,39.4976,52.6635,77.1466,82.2897,128.5777,31.4111,0.0,2.083411,3.25533,1.089297,30,192,222,8,0.05498276,0.00062781,0.08642944,0E-8,0.000000,0.909041,0.000000,-0.09079372,2026-03-23,2026-08-06,82,2690,1181,137,0.598540,0.376650,0.410924,0.183276,,,,,,,,GLOBAL_BASELINE_NO_ENTITY_RANKING,,,NOT_APPLICABLE_GLOBAL_BASELINE,HF9g-P5,,,,X 全窗基线 · 不参与实体赏罚,6877231,688,A168_HF9F_20260827_0900,2026-08-27 09:00:00
2026-04-18,70460261,994,0,26.1759547680,0E-10,0E-10,,1,1,0.50665070000000000,0.506650700000,,,,0E-17,NO_DECISIVE_ROUND,R03b_20260811_FULL_v1,L1_ELIGIBILITY,v2026-08-11,2026-03-21..2026-08-06,baccarat_bet02_101_all_pairs_incl_sentinel,round_win = game_pnl > 0 (decisive only),COMPATIBILITY_ONLY_NOT_PRODUCTION,268817.8208,244366.2908,168.7661,6248,5610,-0.00062781,-0.08642944,0.00436428,-0.00062781,-168.7661,268817.8208,OK,0.0000,6.7506,4.0000,96.0000,AG03-UNRESOLVED,ALL5_LEVELS_bet23_to_bet27,6.7506,6.7506,6.7506,8.4383,8.4383,4.000000,4.000000,4.000000,5.000000,5.000000,96.000000,96.000000,96.000000,95.000000,95.000000,5.0,37.1285,34.0107,131.6376,134.7554,PENDING_AG03,FALSE,NOT_FOR_ENFORCEMENT,162.0155,234591.6392,168.7661,162.0155,6.7506,0.00062781,0.00060270,6.7506,162.0155,0.00060270,6.7506,6.7506,6.7506,8.4383,8.4383,162.0155,0.00060270,37.1285,34.0107,131.6376,134.7554,0.00048969,0.00050129,0.00002511,43.0246,43.5591,0.0301,2.0581,0.0627,3278.2661,68.4146,17.6798,46.9397,25.7155,39.4976,52.6635,77.1466,82.2897,128.5777,31.4111,0.0,2.083411,3.25533,1.089297,30,192,222,8,0.05498276,0.00062781,0.08642944,0E-8,0.000000,0.909041,0.000000,-0.09079372,2026-03-23,2026-08-06,82,2690,1181,137,0.598540,0.376650,0.410924,0.183276,,,,,,,,GLOBAL_BASELINE_NO_ENTITY_RANKING,,,NOT_APPLICABLE_GLOBAL_BASELINE,HF9g-P5,,,,X 全窗基线 · 不参与实体赏罚,6877232,688,A168_HF9F_20260827_0900,2026-08-27 09:00:00
2026-04-20,70460261,-1,1,1423.9719393771,685.8100149201,685.8100149201,0.6000000,39,25,0.46934426098680088,0.422008760000,1.3090200736147162,1.8019688191187397,1.3090200736147162,0.04733550098680088,SENTINEL_DEALER,R03b_20260811_FULL_v1,L1_ELIGIBILITY,v2026-08-11,2026-03-21..2026-08-06,baccarat_bet02_101_all_pairs_incl_sentinel,round_win = game_pnl > 0 (decisive only),COMPATIBILITY_ONLY_NOT_PRODUCTION,268817.8208,244366.2908,168.7661,6248,5610,-0.00062781,-0.08642944,0.00436428,-0.00062781,-168.7661,268817.8208,OK,0.0000,6.7506,4.0000,96.0000,AG03-UNRESOLVED,ALL5_LEVELS_bet23_to_bet27,6.7506,6.7506,6.7506,8.4383,8.4383,4.000000,4.000000,4.000000,5.000000,5.000000,96.000000,96.000000,96.000000,95.000000,95.000000,5.0,37.1285,34.0107,131.6376,134.7554,PENDING_AG03,FALSE,NOT_FOR_ENFORCEMENT,162.0155,234591.6392,168.7661,162.0155,6.7506,0.00062781,0.00060270,6.7506,162.0155,0.00060270,6.7506,6.7506,6.7506,8.4383,8.4383,162.0155,0.00060270,37.1285,34.0107,131.6376,134.7554,0.00048969,0.00050129,0.00002511,43.0246,43.5591,0.0301,2.0581,0.0627,3278.2661,68.4146,17.6798,46.9397,25.7155,39.4976,52.6635,77.1466,82.2897,128.5777,31.4111,0.0,2.083411,3.25533,1.089297,30,192,222,8,0.05498276,0.00062781,0.08642944,0E-8,0.000000,0.909041,0.000000,-0.09079372,2026-03-23,2026-08-06,82,2690,1181,137,0.598540,0.376650,0.410924,0.183276,,,,,,,,GLOBAL_BASELINE_NO_ENTITY_RANKING,,,NOT_APPLICABLE_GLOBAL_BASELINE,HF9g-P5,,,,X 全窗基线 · 不参与实体赏罚,6877233,688,A168_HF9F_20260827_0900,2026-08-27 09:00:00
2026-04-20,70460261,1157,0,444.9912310553,259.6654712979,259.6654712979,0.8000000,13,5,0.40675804301122890,0.270689340000,1.7900322144030747,2.6638133146435035,1.7900322144030747,0.13606870301122890,ELIGIBLE,R03b_20260811_FULL_v1,L1_ELIGIBILITY,v2026-08-11,2026-03-21..2026-08-06,baccarat_bet02_101_all_pairs_incl_sentinel,round_win = game_pnl > 0 (decisive only),COMPATIBILITY_ONLY_NOT_PRODUCTION,268817.8208,244366.2908,168.7661,6248,5610,-0.00062781,-0.08642944,0.00436428,-0.00062781,-168.7661,268817.8208,OK,0.0000,6.7506,4.0000,96.0000,AG03-UNRESOLVED,ALL5_LEVELS_bet23_to_bet27,6.7506,6.7506,6.7506,8.4383,8.4383,4.000000,4.000000,4.000000,5.000000,5.000000,96.000000,96.000000,96.000000,95.000000,95.000000,5.0,37.1285,34.0107,131.6376,134.7554,PENDING_AG03,FALSE,NOT_FOR_ENFORCEMENT,162.0155,234591.6392,168.7661,162.0155,6.7506,0.00062781,0.00060270,6.7506,162.0155,0.00060270,6.7506,6.7506,6.7506,8.4383,8.4383,162.0155,0.00060270,37.1285,34.0107,131.6376,134.7554,0.00048969,0.00050129,0.00002511,43.0246,43.5591,0.0301,2.0581,0.0627,3278.2661,68.4146,17.6798,46.9397,25.7155,39.4976,52.6635,77.1466,82.2897,128.5777,31.4111,0.0,2.083411,3.25533,1.089297,30,192,222,8,0.05498276,0.00062781,0.08642944,0E-8,0.000000,0.909041,0.000000,-0.09079372,2026-03-23,2026-08-06,82,2690,1181,137,0.598540,0.376650,0.410924,0.183276,,,,,,,,GLOBAL_BASELINE_NO_ENTITY_RANKING,,,NOT_APPLICABLE_GLOBAL_BASELINE,HF9g-P5,,,,X 全窗基线 · 不参与实体赏罚,6877234,688,A168_HF9F_20260827_0900,2026-08-27 09:00:00
2026-04-20,70460261,1323,0,78.5278643039,-78.5278643039,-78.5278643039,0E-7,1,1,0.50665070000000000,0.506650700000,-1.013391052207602,-1.013391052207602,-1.013391052207602,0E-17,ELIGIBLE,R03b_20260811_FULL_v1,L1_ELIGIBILITY,v2026-08-11,2026-03-21..2026-08-06,baccarat_bet02_101_all_pairs_incl_sentinel,round_win = game_pnl > 0 (decisive only),COMPATIBILITY_ONLY_NOT_PRODUCTION,268817.8208,244366.2908,168.7661,6248,5610,-0.00062781,-0.08642944,0.00436428,-0.00062781,-168.7661,268817.8208,OK,0.0000,6.7506,4.0000,96.0000,AG03-UNRESOLVED,ALL5_LEVELS_bet23_to_bet27,6.7506,6.7506,6.7506,8.4383,8.4383,4.000000,4.000000,4.000000,5.000000,5.000000,96.000000,96.000000,96.000000,95.000000,95.000000,5.0,37.1285,34.0107,131.6376,134.7554,PENDING_AG03,FALSE,NOT_FOR_ENFORCEMENT,162.0155,234591.6392,168.7661,162.0155,6.7506,0.00062781,0.00060270,6.7506,162.0155,0.00060270,6.7506,6.7506,6.7506,8.4383,8.4383,162.0155,0.00060270,37.1285,34.0107,131.6376,134.7554,0.00048969,0.00050129,0.00002511,43.0246,43.5591,0.0301,2.0581,0.0627,3278.2661,68.4146,17.6798,46.9397,25.7155,39.4976,52.6635,77.1466,82.2897,128.5777,31.4111,0.0,2.083411,3.25533,1.089297,30,192,222,8,0.05498276,0.00062781,0.08642944,0E-8,0.000000,0.909041,0.000000,-0.09079372,2026-03-23,2026-08-06,82,2690,1181,137,0.598540,0.376650,0.410924,0.183276,,,,,,,,GLOBAL_BASELINE_NO_ENTITY_RANKING,,,NOT_APPLICABLE_GLOBAL_BASELINE,HF9g-P5,,,,X 全窗基线 · 不参与实体赏罚,6877235,688,A168_HF9F_20260827_0900,2026-08-27 09:00:00
2026-04-20,70460261,1325,0,99.4686281182,-2.4867157029,-2.4867157029,0.5000000,2,2,0.50665070000000000,0.506650700000,-0.018812684590367487,-0.018812684590367487,-0.018812684590367487,0E-17,ELIGIBLE,R03b_20260811_FULL_v1,L1_ELIGIBILITY,v2026-08-11,2026-03-21..2026-08-06,baccarat_bet02_101_all_pairs_incl_sentinel,round_win = game_pnl > 0 (decisive only),COMPATIBILITY_ONLY_NOT_PRODUCTION,268817.8208,244366.2908,168.7661,6248,5610,-0.00062781,-0.08642944,0.00436428,-0.00062781,-168.7661,268817.8208,OK,0.0000,6.7506,4.0000,96.0000,AG03-UNRESOLVED,ALL5_LEVELS_bet23_to_bet27,6.7506,6.7506,6.7506,8.4383,8.4383,4.000000,4.000000,4.000000,5.000000,5.000000,96.000000,96.000000,96.000000,95.000000,95.000000,5.0,37.1285,34.0107,131.6376,134.7554,PENDING_AG03,FALSE,NOT_FOR_ENFORCEMENT,162.0155,234591.6392,168.7661,162.0155,6.7506,0.00062781,0.00060270,6.7506,162.0155,0.00060270,6.7506,6.7506,6.7506,8.4383,8.4383,162.0155,0.00060270,37.1285,34.0107,131.6376,134.7554,0.00048969,0.00050129,0.00002511,43.0246,43.5591,0.0301,2.0581,0.0627,3278.2661,68.4146,17.6798,46.9397,25.7155,39.4976,52.6635,77.1466,82.2897,128.5777,31.4111,0.0,2.083411,3.25533,1.089297,30,192,222,8,0.05498276,0.00062781,0.08642944,0E-8,0.000000,0.909041,0.000000,-0.09079372,2026-03-23,2026-08-06,82,2690,1181,137,0.598540,0.376650,0.410924,0.183276,,,,,,,,GLOBAL_BASELINE_NO_ENTITY_RANKING,,,NOT_APPLICABLE_GLOBAL_BASELINE,HF9g-P5,,,,X 全窗基线 · 不参与实体赏罚,6877236,688,A168_HF9F_20260827_0900,2026-08-27 09:00:00
2026-04-20,70460261,1353,0,117.7917964558,-117.7917964558,-117.7917964558,0E-7,4,2,0.42676872499990681,0.353589350000,-1.2202430758800429,-1.0459485787892566,-1.2202430758800429,0.07317937499990681,ELIGIBLE,R03b_20260811_FULL_v1,L1_ELIGIBILITY,v2026-08-11,2026-03-21..2026-08-06,baccarat_bet02_101_all_pairs_incl_sentinel,round_win = game_pnl > 0 (decisive only),COMPATIBILITY_ONLY_NOT_PRODUCTION,268817.8208,244366.2908,168.7661,6248,5610,-0.00062781,-0.08642944,0.00436428,-0.00062781,-168.7661,268817.8208,OK,0.0000,6.7506,4.0000,96.0000,AG03-UNRESOLVED,ALL5_LEVELS_bet23_to_bet27,6.7506,6.7506,6.7506,8.4383,8.4383,4.000000,4.000000,4.000000,5.000000,5.000000,96.000000,96.000000,96.000000,95.000000,95.000000,5.0,37.1285,34.0107,131.6376,134.7554,PENDING_AG03,FALSE,NOT_FOR_ENFORCEMENT,162.0155,234591.6392,168.7661,162.0155,6.7506,0.00062781,0.00060270,6.7506,162.0155,0.00060270,6.7506,6.7506,6.7506,8.4383,8.4383,162.0155,0.00060270,37.1285,34.0107,131.6376,134.7554,0.00048969,0.00050129,0.00002511,43.0246,43.5591,0.0301,2.0581,0.0627,3278.2661,68.4146,17.6798,46.9397,25.7155,39.4976,52.6635,77.1466,82.2897,128.5777,31.4111,0.0,2.083411,3.25533,1.089297,30,192,222,8,0.05498276,0.00062781,0.08642944,0E-8,0.000000,0.909041,0.000000,-0.09079372,2026-03-23,2026-08-06,82,2690,1181,137,0.598540,0.376650,0.410924,0.183276,,,,,,,,GLOBAL_BASELINE_NO_ENTITY_RANKING,,,NOT_APPLICABLE_GLOBAL_BASELINE,HF9g-P5,,,,X 全窗基线 · 不参与实体赏罚,6877237,688,A168_HF9F_20260827_0900,2026-08-27 09:00:00
2026-04-20,70460261,1374,0,324.5818391227,68.4501217181,68.4501217181,0.6666667,10,6,0.45786444999993787,0.409078200000,1.0265694227898867,1.283316756335007,1.0265694227898867,0.04878624999993787,ELIGIBLE,R03b_20260811_FULL_v1,L1_ELIGIBILITY,v2026-08-11,2026-03-21..2026-08-06,baccarat_bet02_101_all_pairs_incl_sentinel,round_win = game_pnl > 0 (decisive only),COMPATIBILITY_ONLY_NOT_PRODUCTION,268817.8208,244366.2908,168.7661,6248,5610,-0.00062781,-0.08642944,0.00436428,-0.00062781,-168.7661,268817.8208,OK,0.0000,6.7506,4.0000,96.0000,AG03-UNRESOLVED,ALL5_LEVELS_bet23_to_bet27,6.7506,6.7506,6.7506,8.4383,8.4383,4.000000,4.000000,4.000000,5.000000,5.000000,96.000000,96.000000,96.000000,95.000000,95.000000,5.0,37.1285,34.0107,131.6376,134.7554,PENDING_AG03,FALSE,NOT_FOR_ENFORCEMENT,162.0155,234591.6392,168.7661,162.0155,6.7506,0.00062781,0.00060270,6.7506,162.0155,0.00060270,6.7506,6.7506,6.7506,8.4383,8.4383,162.0155,0.00060270,37.1285,34.0107,131.6376,134.7554,0.00048969,0.00050129,0.00002511,43.0246,43.5591,0.0301,2.0581,0.0627,3278.2661,68.4146,17.6798,46.9397,25.7155,39.4976,52.6635,77.1466,82.2897,128.5777,31.4111,0.0,2.083411,3.25533,1.089297,30,192,222,8,0.05498276,0.00062781,0.08642944,0E-8,0.000000,0.909041,0.000000,-0.09079372,2026-03-23,2026-08-06,82,2690,1181,137,0.598540,0.376650,0.410924,0.183276,,,,,,,,GLOBAL_BASELINE_NO_ENTITY_RANKING,,,NOT_APPLICABLE_GLOBAL_BASELINE,HF9g-P5,,,,X 全窗基线 · 不参与实体赏罚,6877238,688,A168_HF9F_20260827_0900,2026-08-27 09:00:00
2026-04-20,70460261,1384,0,26.1759547680,24.8671570296,24.8671570296,1.0000000,1,1,0.50665070000000000,0.506650700000,0.9867858985152569,0.9867858985152569,0.9867858985152569,0E-17,ELIGIBLE,R03b_20260811_FULL_v1,L1_ELIGIBILITY,v2026-08-11,2026-03-21..2026-08-06,baccarat_bet02_101_all_pairs_incl_sentinel,round_win = game_pnl > 0 (decisive only),COMPATIBILITY_ONLY_NOT_PRODUCTION,268817.8208,244366.2908,168.7661,6248,5610,-0.00062781,-0.08642944,0.00436428,-0.00062781,-168.7661,268817.8208,OK,0.0000,6.7506,4.0000,96.0000,AG03-UNRESOLVED,ALL5_LEVELS_bet23_to_bet27,6.7506,6.7506,6.7506,8.4383,8.4383,4.000000,4.000000,4.000000,5.000000,5.000000,96.000000,96.000000,96.000000,95.000000,95.000000,5.0,37.1285,34.0107,131.6376,134.7554,PENDING_AG03,FALSE,NOT_FOR_ENFORCEMENT,162.0155,234591.6392,168.7661,162.0155,6.7506,0.00062781,0.00060270,6.7506,162.0155,0.00060270,6.7506,6.7506,6.7506,8.4383,8.4383,162.0155,0.00060270,37.1285,34.0107,131.6376,134.7554,0.00048969,0.00050129,0.00002511,43.0246,43.5591,0.0301,2.0581,0.0627,3278.2661,68.4146,17.6798,46.9397,25.7155,39.4976,52.6635,77.1466,82.2897,128.5777,31.4111,0.0,2.083411,3.25533,1.089297,30,192,222,8,0.05498276,0.00062781,0.08642944,0E-8,0.000000,0.909041,0.000000,-0.09079372,2026-03-23,2026-08-06,82,2690,1181,137,0.598540,0.376650,0.410924,0.183276,,,,,,,,GLOBAL_BASELINE_NO_ENTITY_RANKING,,,NOT_APPLICABLE_GLOBAL_BASELINE,HF9g-P5,,,,X 全窗基线 · 不参与实体赏罚,6877239,688,A168_HF9F_20260827_0900,2026-08-27 09:00:00
2026-04-20,70460261,1485,0,26.1759547680,-26.1759547680,-26.1759547680,0E-7,1,1,0.50665070000000000,0.506650700000,-1.013391052207602,-1.013391052207602,-1.013391052207602,0E-17,ELIGIBLE,R03b_20260811_FULL_v1,L1_ELIGIBILITY,v2026-08-11,2026-03-21..2026-08-06,baccarat_bet02_101_all_pairs_incl_sentinel,round_win = game_pnl > 0 (decisive only),COMPATIBILITY_ONLY_NOT_PRODUCTION,268817.8208,244366.2908,168.7661,6248,5610,-0.00062781,-0.08642944,0.00436428,-0.00062781,-168.7661,268817.8208,OK,0.0000,6.7506,4.0000,96.0000,AG03-UNRESOLVED,ALL5_LEVELS_bet23_to_bet27,6.7506,6.7506,6.7506,8.4383,8.4383,4.000000,4.000000,4.000000,5.000000,5.000000,96.000000,96.000000,96.000000,95.000000,95.000000,5.0,37.1285,34.0107,131.6376,134.7554,PENDING_AG03,FALSE,NOT_FOR_ENFORCEMENT,162.0155,234591.6392,168.7661,162.0155,6.7506,0.00062781,0.00060270,6.7506,162.0155,0.00060270,6.7506,6.7506,6.7506,8.4383,8.4383,162.0155,0.00060270,37.1285,34.0107,131.6376,134.7554,0.00048969,0.00050129,0.00002511,43.0246,43.5591,0.0301,2.0581,0.0627,3278.2661,68.4146,17.6798,46.9397,25.7155,39.4976,52.6635,77.1466,82.2897,128.5777,31.4111,0.0,2.083411,3.25533,1.089297,30,192,222,8,0.05498276,0.00062781,0.08642944,0E-8,0.000000,0.909041,0.000000,-0.09079372,2026-03-23,2026-08-06,82,2690,1181,137,0.598540,0.376650,0.410924,0.183276,,,,,,,,GLOBAL_BASELINE_NO_ENTITY_RANKING,,,NOT_APPLICABLE_GLOBAL_BASELINE,HF9g-P5,,,,X 全窗基线 · 不参与实体赏罚,6877240,688,A168_HF9F_20260827_0900,2026-08-27 09:00:00
2026-04-20,70460261,1702,0,52.3519095359,49.7343140591,49.7343140591,1.0000000,1,1,0.50665070000000000,0.506650700000,0.9867858985152569,0.9867858985152569,0.9867858985152569,0E-17,ELIGIBLE,R03b_20260811_FULL_v1,L1_ELIGIBILITY,v2026-08-11,2026-03-21..2026-08-06,baccarat_bet02_101_all_pairs_incl_sentinel,round_win = game_pnl > 0 (decisive only),COMPATIBILITY_ONLY_NOT_PRODUCTION,268817.8208,244366.2908,168.7661,6248,5610,-0.00062781,-0.08642944,0.00436428,-0.00062781,-168.7661,268817.8208,OK,0.0000,6.7506,4.0000,96.0000,AG03-UNRESOLVED,ALL5_LEVELS_bet23_to_bet27,6.7506,6.7506,6.7506,8.4383,8.4383,4.000000,4.000000,4.000000,5.000000,5.000000,96.000000,96.000000,96.000000,95.000000,95.000000,5.0,37.1285,34.0107,131.6376,134.7554,PENDING_AG03,FALSE,NOT_FOR_ENFORCEMENT,162.0155,234591.6392,168.7661,162.0155,6.7506,0.00062781,0.00060270,6.7506,162.0155,0.00060270,6.7506,6.7506,6.7506,8.4383,8.4383,162.0155,0.00060270,37.1285,34.0107,131.6376,134.7554,0.00048969,0.00050129,0.00002511,43.0246,43.5591,0.0301,2.0581,0.0627,3278.2661,68.4146,17.6798,46.9397,25.7155,39.4976,52.6635,77.1466,82.2897,128.5777,31.4111,0.0,2.083411,3.25533,1.089297,30,192,222,8,0.05498276,0.00062781,0.08642944,0E-8,0.000000,0.909041,0.000000,-0.09079372,2026-03-23,2026-08-06,82,2690,1181,137,0.598540,0.376650,0.410924,0.183276,,,,,,,,GLOBAL_BASELINE_NO_ENTITY_RANKING,,,NOT_APPLICABLE_GLOBAL_BASELINE,HF9g-P5,,,,X 全窗基线 · 不参与实体赏罚,6877241,688,A168_HF9F_20260827_0900,2026-08-27 09:00:00
2026-04-20,70460261,1751,0,130.8797738398,-130.8797738398,-130.8797738398,0E-7,3,1,0.41883544999986581,0.213933200000,-0.8489305427649659,-0.5216862217126026,-0.8489305427649659,0.20490224999986581,ELIGIBLE,R03b_20260811_FULL_v1,L1_ELIGIBILITY,v2026-08-11,2026-03-21..2026-08-06,baccarat_bet02_101_all_pairs_incl_sentinel,round_win = game_pnl > 0 (decisive only),COMPATIBILITY_ONLY_NOT_PRODUCTION,268817.8208,244366.2908,168.7661,6248,5610,-0.00062781,-0.08642944,0.00436428,-0.00062781,-168.7661,268817.8208,OK,0.0000,6.7506,4.0000,96.0000,AG03-UNRESOLVED,ALL5_LEVELS_bet23_to_bet27,6.7506,6.7506,6.7506,8.4383,8.4383,4.000000,4.000000,4.000000,5.000000,5.000000,96.000000,96.000000,96.000000,95.000000,95.000000,5.0,37.1285,34.0107,131.6376,134.7554,PENDING_AG03,FALSE,NOT_FOR_ENFORCEMENT,162.0155,234591.6392,168.7661,162.0155,6.7506,0.00062781,0.00060270,6.7506,162.0155,0.00060270,6.7506,6.7506,6.7506,8.4383,8.4383,162.0155,0.00060270,37.1285,34.0107,131.6376,134.7554,0.00048969,0.00050129,0.00002511,43.0246,43.5591,0.0301,2.0581,0.0627,3278.2661,68.4146,17.6798,46.9397,25.7155,39.4976,52.6635,77.1466,82.2897,128.5777,31.4111,0.0,2.083411,3.25533,1.089297,30,192,222,8,0.05498276,0.00062781,0.08642944,0E-8,0.000000,0.909041,0.000000,-0.09079372,2026-03-23,2026-08-06,82,2690,1181,137,0.598540,0.376650,0.410924,0.183276,,,,,,,,GLOBAL_BASELINE_NO_ENTITY_RANKING,,,NOT_APPLICABLE_GLOBAL_BASELINE,HF9g-P5,,,,X 全窗基线 · 不参与实体赏罚,6877242,688,A168_HF9F_20260827_0900,2026-08-27 09:00:00
2026-04-20,70460261,1942,0,130.8797738398,-130.8797738398,-130.8797738398,0E-7,1,1,0.50665070000000000,0.506650700000,-1.013391052207602,-1.013391052207602,-1.013391052207602,0E-17,ELIGIBLE,R03b_20260811_FULL_v1,L1_ELIGIBILITY,v2026-08-11,2026-03-21..2026-08-06,baccarat_bet02_101_all_pairs_incl_sentinel,round_win = game_pnl > 0 (decisive only),COMPATIBILITY_ONLY_NOT_PRODUCTION,268817.8208,244366.2908,168.7661,6248,5610,-0.00062781,-0.08642944,0.00436428,-0.00062781,-168.7661,268817.8208,OK,0.0000,6.7506,4.0000,96.0000,AG03-UNRESOLVED,ALL5_LEVELS_bet23_to_bet27,6.7506,6.7506,6.7506,8.4383,8.4383,4.000000,4.000000,4.000000,5.000000,5.000000,96.000000,96.000000,96.000000,95.000000,95.000000,5.0,37.1285,34.0107,131.6376,134.7554,PENDING_AG03,FALSE,NOT_FOR_ENFORCEMENT,162.0155,234591.6392,168.7661,162.0155,6.7506,0.00062781,0.00060270,6.7506,162.0155,0.00060270,6.7506,6.7506,6.7506,8.4383,8.4383,162.0155,0.00060270,37.1285,34.0107,131.6376,134.7554,0.00048969,0.00050129,0.00002511,43.0246,43.5591,0.0301,2.0581,0.0627,3278.2661,68.4146,17.6798,46.9397,25.7155,39.4976,52.6635,77.1466,82.2897,128.5777,31.4111,0.0,2.083411,3.25533,1.089297,30,192,222,8,0.05498276,0.00062781,0.08642944,0E-8,0.000000,0.909041,0.000000,-0.09079372,2026-03-23,2026-08-06,82,2690,1181,137,0.598540,0.376650,0.410924,0.183276,,,,,,,,GLOBAL_BASELINE_NO_ENTITY_RANKING,,,NOT_APPLICABLE_GLOBAL_BASELINE,HF9g-P5,,,,X 全窗基线 · 不参与实体赏罚,6877243,688,A168_HF9F_20260827_0900,2026-08-27 09:00:00
2026-04-20,70460261,1963,0,280.0827160172,41.4888883071,41.4888883071,0.6666667,7,3,0.43434250803562011,0.311505700000,0.8118243270167532,1.3283199129266543,0.8118243270167532,0.12283680803562011,ELIGIBLE,R03b_20260811_FULL_v1,L1_ELIGIBILITY,v2026-08-11,2026-03-21..2026-08-06,baccarat_bet02_101_all_pairs_incl_sentinel,round_win = game_pnl > 0 (decisive only),COMPATIBILITY_ONLY_NOT_PRODUCTION,268817.8208,244366.2908,168.7661,6248,5610,-0.00062781,-0.08642944,0.00436428,-0.00062781,-168.7661,268817.8208,OK,0.0000,6.7506,4.0000,96.0000,AG03-UNRESOLVED,ALL5_LEVELS_bet23_to_bet27,6.7506,6.7506,6.7506,8.4383,8.4383,4.000000,4.000000,4.000000,5.000000,5.000000,96.000000,96.000000,96.000000,95.000000,95.000000,5.0,37.1285,34.0107,131.6376,134.7554,PENDING_AG03,FALSE,NOT_FOR_ENFORCEMENT,162.0155,234591.6392,168.7661,162.0155,6.7506,0.00062781,0.00060270,6.7506,162.0155,0.00060270,6.7506,6.7506,6.7506,8.4383,8.4383,162.0155,0.00060270,37.1285,34.0107,131.6376,134.7554,0.00048969,0.00050129,0.00002511,43.0246,43.5591,0.0301,2.0581,0.0627,3278.2661,68.4146,17.6798,46.9397,25.7155,39.4976,52.6635,77.1466,82.2897,128.5777,31.4111,0.0,2.083411,3.25533,1.089297,30,192,222,8,0.05498276,0.00062781,0.08642944,0E-8,0.000000,0.909041,0.000000,-0.09079372,2026-03-23,2026-08-06,82,2690,1181,137,0.598540,0.376650,0.410924,0.183276,,,,,,,,GLOBAL_BASELINE_NO_ENTITY_RANKING,,,NOT_APPLICABLE_GLOBAL_BASELINE,HF9g-P5,,,,X 全窗基线 · 不参与实体赏罚,6877244,688,A168_HF9F_20260827_0900,2026-08-27 09:00:00
2026-04-20,70460261,2117,0,26.1759547680,-26.1759547680,-26.1759547680,0E-7,1,1,0.50665070000000000,0.506650700000,-1.013391052207602,-1.013391052207602,-1.013391052207602,0E-17,ELIGIBLE,R03b_20260811_FULL_v1,L1_ELIGIBILITY,v2026-08-11,2026-03-21..2026-08-06,baccarat_bet02_101_all_pairs_incl_sentinel,round_win = game_pnl > 0 (decisive only),COMPATIBILITY_ONLY_NOT_PRODUCTION,268817.8208,244366.2908,168.7661,6248,5610,-0.00062781,-0.08642944,0.00436428,-0.00062781,-168.7661,268817.8208,OK,0.0000,6.7506,4.0000,96.0000,AG03-UNRESOLVED,ALL5_LEVELS_bet23_to_bet27,6.7506,6.7506,6.7506,8.4383,8.4383,4.000000,4.000000,4.000000,5.000000,5.000000,96.000000,96.000000,96.000000,95.000000,95.000000,5.0,37.1285,34.0107,131.6376,134.7554,PENDING_AG03,FALSE,NOT_FOR_ENFORCEMENT,162.0155,234591.6392,168.7661,162.0155,6.7506,0.00062781,0.00060270,6.7506,162.0155,0.00060270,6.7506,6.7506,6.7506,8.4383,8.4383,162.0155,0.00060270,37.1285,34.0107,131.6376,134.7554,0.00048969,0.00050129,0.00002511,43.0246,43.5591,0.0301,2.0581,0.0627,3278.2661,68.4146,17.6798,46.9397,25.7155,39.4976,52.6635,77.1466,82.2897,128.5777,31.4111,0.0,2.083411,3.25533,1.089297,30,192,222,8,0.05498276,0.00062781,0.08642944,0E-8,0.000000,0.909041,0.000000,-0.09079372,2026-03-23,2026-08-06,82,2690,1181,137,0.598540,0.376650,0.410924,0.183276,,,,,,,,GLOBAL_BASELINE_NO_ENTITY_RANKING,,,NOT_APPLICABLE_GLOBAL_BASELINE,HF9g-P5,,,,X 全窗基线 · 不参与实体赏罚,6877245,688,A168_HF9F_20260827_0900,2026-08-27 09:00:00
2026-04-20,70460261,2134,0,222.4956155277,-52.3519095359,-52.3519095359,0E-7,5,2,0.43037955357132615,0.247019625000,-1.2292721097629453,-0.8100072353820208,-1.2292721097629453,0.18335992857132615,ELIGIBLE,R03b_20260811_FULL_v1,L1_ELIGIBILITY,v2026-08-11,2026-03-21..2026-08-06,baccarat_bet02_101_all_pairs_incl_sentinel,round_win = game_pnl > 0 (decisive only),COMPATIBILITY_ONLY_NOT_PRODUCTION,268817.8208,244366.2908,168.7661,6248,5610,-0.00062781,-0.08642944,0.00436428,-0.00062781,-168.7661,268817.8208,OK,0.0000,6.7506,4.0000,96.0000,AG03-UNRESOLVED,ALL5_LEVELS_bet23_to_bet27,6.7506,6.7506,6.7506,8.4383,8.4383,4.000000,4.000000,4.000000,5.000000,5.000000,96.000000,96.000000,96.000000,95.000000,95.000000,5.0,37.1285,34.0107,131.6376,134.7554,PENDING_AG03,FALSE,NOT_FOR_ENFORCEMENT,162.0155,234591.6392,168.7661,162.0155,6.7506,0.00062781,0.00060270,6.7506,162.0155,0.00060270,6.7506,6.7506,6.7506,8.4383,8.4383,162.0155,0.00060270,37.1285,34.0107,131.6376,134.7554,0.00048969,0.00050129,0.00002511,43.0246,43.5591,0.0301,2.0581,0.0627,3278.2661,68.4146,17.6798,46.9397,25.7155,39.4976,52.6635,77.1466,82.2897,128.5777,31.4111,0.0,2.083411,3.25533,1.089297,30,192,222,8,0.05498276,0.00062781,0.08642944,0E-8,0.000000,0.909041,0.000000,-0.09079372,2026-03-23,2026-08-06,82,2690,1181,137,0.598540,0.376650,0.410924,0.183276,,,,,,,,GLOBAL_BASELINE_NO_ENTITY_RANKING,,,NOT_APPLICABLE_GLOBAL_BASELINE,HF9g-P5,,,,X 全窗基线 · 不参与实体赏罚,6877246,688,A168_HF9F_20260827_0900,2026-08-27 09:00:00
2026-04-20,70460261,2155,0,39.2639321519,37.3007355443,37.3007355443,1.0000000,1,1,0.50665070000000000,0.506650700000,0.9867858985152569,0.9867858985152569,0.9867858985152569,0E-17,ELIGIBLE,R03b_20260811_FULL_v1,L1_ELIGIBILITY,v2026-08-11,2026-03-21..2026-08-06,baccarat_bet02_101_all_pairs_incl_sentinel,round_win = game_pnl > 0 (decisive only),COMPATIBILITY_ONLY_NOT_PRODUCTION,268817.8208,244366.2908,168.7661,6248,5610,-0.00062781,-0.08642944,0.00436428,-0.00062781,-168.7661,268817.8208,OK,0.0000,6.7506,4.0000,96.0000,AG03-UNRESOLVED,ALL5_LEVELS_bet23_to_bet27,6.7506,6.7506,6.7506,8.4383,8.4383,4.000000,4.000000,4.000000,5.000000,5.000000,96.000000,96.000000,96.000000,95.000000,95.000000,5.0,37.1285,34.0107,131.6376,134.7554,PENDING_AG03,FALSE,NOT_FOR_ENFORCEMENT,162.0155,234591.6392,168.7661,162.0155,6.7506,0.00062781,0.00060270,6.7506,162.0155,0.00060270,6.7506,6.7506,6.7506,8.4383,8.4383,162.0155,0.00060270,37.1285,34.0107,131.6376,134.7554,0.00048969,0.00050129,0.00002511,43.0246,43.5591,0.0301,2.0581,0.0627,3278.2661,68.4146,17.6798,46.9397,25.7155,39.4976,52.6635,77.1466,82.2897,128.5777,31.4111,0.0,2.083411,3.25533,1.089297,30,192,222,8,0.05498276,0.00062781,0.08642944,0E-8,0.000000,0.909041,0.000000,-0.09079372,2026-03-23,2026-08-06,82,2690,1181,137,0.598540,0.376650,0.410924,0.183276,,,,,,,,GLOBAL_BASELINE_NO_ENTITY_RANKING,,,NOT_APPLICABLE_GLOBAL_BASELINE,HF9g-P5,,,,X 全窗基线 · 不参与实体赏罚,6877247,688,A168_HF9F_20260827_0900,2026-08-27 09:00:00
2026-04-20,70460261,2160,0,49.7343140591,-49.7343140591,-49.7343140591,0E-7,1,1,0.50665070000000000,0.506650700000,-1.013391052207602,-1.013391052207602,-1.013391052207602,0E-17,ELIGIBLE,R03b_20260811_FULL_v1,L1_ELIGIBILITY,v2026-08-11,2026-03-21..2026-08-06,baccarat_bet02_101_all_pairs_incl_sentinel,round_win = game_pnl > 0 (decisive only),COMPATIBILITY_ONLY_NOT_PRODUCTION,268817.8208,244366.2908,168.7661,6248,5610,-0.00062781,-0.08642944,0.00436428,-0.00062781,-168.7661,268817.8208,OK,0.0000,6.7506,4.0000,96.0000,AG03-UNRESOLVED,ALL5_LEVELS_bet23_to_bet27,6.7506,6.7506,6.7506,8.4383,8.4383,4.000000,4.000000,4.000000,5.000000,5.000000,96.000000,96.000000,96.000000,95.000000,95.000000,5.0,37.1285,34.0107,131.6376,134.7554,PENDING_AG03,FALSE,NOT_FOR_ENFORCEMENT,162.0155,234591.6392,168.7661,162.0155,6.7506,0.00062781,0.00060270,6.7506,162.0155,0.00060270,6.7506,6.7506,6.7506,8.4383,8.4383,162.0155,0.00060270,37.1285,34.0107,131.6376,134.7554,0.00048969,0.00050129,0.00002511,43.0246,43.5591,0.0301,2.0581,0.0627,3278.2661,68.4146,17.6798,46.9397,25.7155,39.4976,52.6635,77.1466,82.2897,128.5777,31.4111,0.0,2.083411,3.25533,1.089297,30,192,222,8,0.05498276,0.00062781,0.08642944,0E-8,0.000000,0.909041,0.000000,-0.09079372,2026-03-23,2026-08-06,82,2690,1181,137,0.598540,0.376650,0.410924,0.183276,,,,,,,,GLOBAL_BASELINE_NO_ENTITY_RANKING,,,NOT_APPLICABLE_GLOBAL_BASELINE,HF9g-P5,,,,X 全窗基线 · 不参与实体赏罚,6877248,688,A168_HF9F_20260827_0900,2026-08-27 09:00:00
2026-04-20,70460261,2177,0,26.1759547680,26.1759547680,26.1759547680,1.0000000,1,1,0.49324550000000000,0.493245500000,1.01360149184955,1.01360149184955,1.01360149184955,0E-17,ELIGIBLE,R03b_20260811_FULL_v1,L1_ELIGIBILITY,v2026-08-11,2026-03-21..2026-08-06,baccarat_bet02_101_all_pairs_incl_sentinel,round_win = game_pnl > 0 (decisive only),COMPATIBILITY_ONLY_NOT_PRODUCTION,268817.8208,244366.2908,168.7661,6248,5610,-0.00062781,-0.08642944,0.00436428,-0.00062781,-168.7661,268817.8208,OK,0.0000,6.7506,4.0000,96.0000,AG03-UNRESOLVED,ALL5_LEVELS_bet23_to_bet27,6.7506,6.7506,6.7506,8.4383,8.4383,4.000000,4.000000,4.000000,5.000000,5.000000,96.000000,96.000000,96.000000,95.000000,95.000000,5.0,37.1285,34.0107,131.6376,134.7554,PENDING_AG03,FALSE,NOT_FOR_ENFORCEMENT,162.0155,234591.6392,168.7661,162.0155,6.7506,0.00062781,0.00060270,6.7506,162.0155,0.00060270,6.7506,6.7506,6.7506,8.4383,8.4383,162.0155,0.00060270,37.1285,34.0107,131.6376,134.7554,0.00048969,0.00050129,0.00002511,43.0246,43.5591,0.0301,2.0581,0.0627,3278.2661,68.4146,17.6798,46.9397,25.7155,39.4976,52.6635,77.1466,82.2897,128.5777,31.4111,0.0,2.083411,3.25533,1.089297,30,192,222,8,0.05498276,0.00062781,0.08642944,0E-8,0.000000,0.909041,0.000000,-0.09079372,2026-03-23,2026-08-06,82,2690,1181,137,0.598540,0.376650,0.410924,0.183276,,,,,,,,GLOBAL_BASELINE_NO_ENTITY_RANKING,,,NOT_APPLICABLE_GLOBAL_BASELINE,HF9g-P5,,,,X 全窗基线 · 不参与实体赏罚,6877249,688,A168_HF9F_20260827_0900,2026-08-27 09:00:00
2026-04-20,70460261,2208,0,236.3688715546,71.4210925843,71.4210925843,0.6666667,5,3,0.47755353300193503,0.409078200000,0.655768254697149,0.9074419808148078,0.655768254697149,0.06847533300193503,ELIGIBLE,R03b_20260811_FULL_v1,L1_ELIGIBILITY,v2026-08-11,2026-03-21..2026-08-06,baccarat_bet02_101_all_pairs_incl_sentinel,round_win = game_pnl > 0 (decisive only),COMPATIBILITY_ONLY_NOT_PRODUCTION,268817.8208,244366.2908,168.7661,6248,5610,-0.00062781,-0.08642944,0.00436428,-0.00062781,-168.7661,268817.8208,OK,0.0000,6.7506,4.0000,96.0000,AG03-UNRESOLVED,ALL5_LEVELS_bet23_to_bet27,6.7506,6.7506,6.7506,8.4383,8.4383,4.000000,4.000000,4.000000,5.000000,5.000000,96.000000,96.000000,96.000000,95.000000,95.000000,5.0,37.1285,34.0107,131.6376,134.7554,PENDING_AG03,FALSE,NOT_FOR_ENFORCEMENT,162.0155,234591.6392,168.7661,162.0155,6.7506,0.00062781,0.00060270,6.7506,162.0155,0.00060270,6.7506,6.7506,6.7506,8.4383,8.4383,162.0155,0.00060270,37.1285,34.0107,131.6376,134.7554,0.00048969,0.00050129,0.00002511,43.0246,43.5591,0.0301,2.0581,0.0627,3278.2661,68.4146,17.6798,46.9397,25.7155,39.4976,52.6635,77.1466,82.2897,128.5777,31.4111,0.0,2.083411,3.25533,1.089297,30,192,222,8,0.05498276,0.00062781,0.08642944,0E-8,0.000000,0.909041,0.000000,-0.09079372,2026-03-23,2026-08-06,82,2690,1181,137,0.598540,0.376650,0.410924,0.183276,,,,,,,,GLOBAL_BASELINE_NO_ENTITY_RANKING,,,NOT_APPLICABLE_GLOBAL_BASELINE,HF9g-P5,,,,X 全窗基线 · 不参与实体赏罚,6877250,688,A168_HF9F_20260827_0900,2026-08-27 09:00:00
2026-04-20,70460261,2222,0,65.4398869200,11.1247807764,11.1247807764,0.6666667,3,3,0.50665070000000000,0.506650700000,0.5543606114942035,0.5543606114942035,0.5543606114942035,0E-17,ELIGIBLE,R03b_20260811_FULL_v1,L1_ELIGIBILITY,v2026-08-11,2026-03-21..2026-08-06,baccarat_bet02_101_all_pairs_incl_sentinel,round_win = game_pnl > 0 (decisive only),COMPATIBILITY_ONLY_NOT_PRODUCTION,268817.8208,244366.2908,168.7661,6248,5610,-0.00062781,-0.08642944,0.00436428,-0.00062781,-168.7661,268817.8208,OK,0.0000,6.7506,4.0000,96.0000,AG03-UNRESOLVED,ALL5_LEVELS_bet23_to_bet27,6.7506,6.7506,6.7506,8.4383,8.4383,4.000000,4.000000,4.000000,5.000000,5.000000,96.000000,96.000000,96.000000,95.000000,95.000000,5.0,37.1285,34.0107,131.6376,134.7554,PENDING_AG03,FALSE,NOT_FOR_ENFORCEMENT,162.0155,234591.6392,168.7661,162.0155,6.7506,0.00062781,0.00060270,6.7506,162.0155,0.00060270,6.7506,6.7506,6.7506,8.4383,8.4383,162.0155,0.00060270,37.1285,34.0107,131.6376,134.7554,0.00048969,0.00050129,0.00002511,43.0246,43.5591,0.0301,2.0581,0.0627,3278.2661,68.4146,17.6798,46.9397,25.7155,39.4976,52.6635,77.1466,82.2897,128.5777,31.4111,0.0,2.083411,3.25533,1.089297,30,192,222,8,0.05498276,0.00062781,0.08642944,0E-8,0.000000,0.909041,0.000000,-0.09079372,2026-03-23,2026-08-06,82,2690,1181,137,0.598540,0.376650,0.410924,0.183276,,,,,,,,GLOBAL_BASELINE_NO_ENTITY_RANKING,,,NOT_APPLICABLE_GLOBAL_BASELINE,HF9g-P5,,,,X 全窗基线 · 不参与实体赏罚,6877251,688,A168_HF9F_20260827_0900,2026-08-27 09:00:00
2026-04-20,70460261,2223,0,447.6088265324,-8.2454257521,-8.2454257521,0.5714286,14,7,0.41132367933670016,0.350838685714,0.8608420694370533,1.2229383453626264,0.8608420694370533,0.06048499362270016,ELIGIBLE,R03b_20260811_FULL_v1,L1_ELIGIBILITY,v2026-08-11,2026-03-21..2026-08-06,baccarat_bet02_101_all_pairs_incl_sentinel,round_win = game_pnl > 0 (decisive only),COMPATIBILITY_ONLY_NOT_PRODUCTION,268817.8208,244366.2908,168.7661,6248,5610,-0.00062781,-0.08642944,0.00436428,-0.00062781,-168.7661,268817.8208,OK,0.0000,6.7506,4.0000,96.0000,AG03-UNRESOLVED,ALL5_LEVELS_bet23_to_bet27,6.7506,6.7506,6.7506,8.4383,8.4383,4.000000,4.000000,4.000000,5.000000,5.000000,96.000000,96.000000,96.000000,95.000000,95.000000,5.0,37.1285,34.0107,131.6376,134.7554,PENDING_AG03,FALSE,NOT_FOR_ENFORCEMENT,162.0155,234591.6392,168.7661,162.0155,6.7506,0.00062781,0.00060270,6.7506,162.0155,0.00060270,6.7506,6.7506,6.7506,8.4383,8.4383,162.0155,0.00060270,37.1285,34.0107,131.6376,134.7554,0.00048969,0.00050129,0.00002511,43.0246,43.5591,0.0301,2.0581,0.0627,3278.2661,68.4146,17.6798,46.9397,25.7155,39.4976,52.6635,77.1466,82.2897,128.5777,31.4111,0.0,2.083411,3.25533,1.089297,30,192,222,8,0.05498276,0.00062781,0.08642944,0E-8,0.000000,0.909041,0.000000,-0.09079372,2026-03-23,2026-08-06,82,2690,1181,137,0.598540,0.376650,0.410924,0.183276,,,,,,,,GLOBAL_BASELINE_NO_ENTITY_RANKING,,,NOT_APPLICABLE_GLOBAL_BASELINE,HF9g-P5,,,,X 全窗基线 · 不参与实体赏罚,6877252,688,A168_HF9F_20260827_0900,2026-08-27 09:00:00
2026-04-20,70460261,2266,0,26.1759547680,-26.1759547680,-26.1759547680,0E-7,1,1,0.50665070000000000,0.506650700000,-1.013391052207602,-1.013391052207602,-1.013391052207602,0E-17,ELIGIBLE,R03b_20260811_FULL_v1,L1_ELIGIBILITY,v2026-08-11,2026-03-21..2026-08-06,baccarat_bet02_101_all_pairs_incl_sentinel,round_win = game_pnl > 0 (decisive only),COMPATIBILITY_ONLY_NOT_PRODUCTION,268817.8208,244366.2908,168.7661,6248,5610,-0.00062781,-0.08642944,0.00436428,-0.00062781,-168.7661,268817.8208,OK,0.0000,6.7506,4.0000,96.0000,AG03-UNRESOLVED,ALL5_LEVELS_bet23_to_bet27,6.7506,6.7506,6.7506,8.4383,8.4383,4.000000,4.000000,4.000000,5.000000,5.000000,96.000000,96.000000,96.000000,95.000000,95.000000,5.0,37.1285,34.0107,131.6376,134.7554,PENDING_AG03,FALSE,NOT_FOR_ENFORCEMENT,162.0155,234591.6392,168.7661,162.0155,6.7506,0.00062781,0.00060270,6.7506,162.0155,0.00060270,6.7506,6.7506,6.7506,8.4383,8.4383,162.0155,0.00060270,37.1285,34.0107,131.6376,134.7554,0.00048969,0.00050129,0.00002511,43.0246,43.5591,0.0301,2.0581,0.0627,3278.2661,68.4146,17.6798,46.9397,25.7155,39.4976,52.6635,77.1466,82.2897,128.5777,31.4111,0.0,2.083411,3.25533,1.089297,30,192,222,8,0.05498276,0.00062781,0.08642944,0E-8,0.000000,0.909041,0.000000,-0.09079372,2026-03-23,2026-08-06,82,2690,1181,137,0.598540,0.376650,0.410924,0.183276,,,,,,,,GLOBAL_BASELINE_NO_ENTITY_RANKING,,,NOT_APPLICABLE_GLOBAL_BASELINE,HF9g-P5,,,,X 全窗基线 · 不参与实体赏罚,6877253,688,A168_HF9F_20260827_0900,2026-08-27 09:00:00
2026-04-20,70460261,2271,0,130.8797738398,-130.8797738398,-130.8797738398,0E-7,2,2,0.50665070000000000,0.506650700000,-1.4331513700195317,-1.4331513700195317,-1.4331513700195317,0E-17,ELIGIBLE,R03b_20260811_FULL_v1,L1_ELIGIBILITY,v2026-08-11,2026-03-21..2026-08-06,baccarat_bet02_101_all_pairs_incl_sentinel,round_win = game_pnl > 0 (decisive only),COMPATIBILITY_ONLY_NOT_PRODUCTION,268817.8208,244366.2908,168.7661,6248,5610,-0.00062781,-0.08642944,0.00436428,-0.00062781,-168.7661,268817.8208,OK,0.0000,6.7506,4.0000,96.0000,AG03-UNRESOLVED,ALL5_LEVELS_bet23_to_bet27,6.7506,6.7506,6.7506,8.4383,8.4383,4.000000,4.000000,4.000000,5.000000,5.000000,96.000000,96.000000,96.000000,95.000000,95.000000,5.0,37.1285,34.0107,131.6376,134.7554,PENDING_AG03,FALSE,NOT_FOR_ENFORCEMENT,162.0155,234591.6392,168.7661,162.0155,6.7506,0.00062781,0.00060270,6.7506,162.0155,0.00060270,6.7506,6.7506,6.7506,8.4383,8.4383,162.0155,0.00060270,37.1285,34.0107,131.6376,134.7554,0.00048969,0.00050129,0.00002511,43.0246,43.5591,0.0301,2.0581,0.0627,3278.2661,68.4146,17.6798,46.9397,25.7155,39.4976,52.6635,77.1466,82.2897,128.5777,31.4111,0.0,2.083411,3.25533,1.089297,30,192,222,8,0.05498276,0.00062781,0.08642944,0E-8,0.000000,0.909041,0.000000,-0.09079372,2026-03-23,2026-08-06,82,2690,1181,137,0.598540,0.376650,0.410924,0.183276,,,,,,,,GLOBAL_BASELINE_NO_ENTITY_RANKING,,,NOT_APPLICABLE_GLOBAL_BASELINE,HF9g-P5,,,,X 全窗基线 · 不参与实体赏罚,6877254,688,A168_HF9F_20260827_0900,2026-08-27 09:00:00
2026-04-20,70460261,462,0,573.2534094183,156.7939690598,156.7939690598,0.7500000,18,9,0.39242142055914892,0.326278316667,2.071280460940083,2.556179298752915,2.071280460940083,0.06614310389214892,ELIGIBLE,R03b_20260811_FULL_v1,L1_ELIGIBILITY,v2026-08-11,2026-03-21..2026-08-06,baccarat_bet02_101_all_pairs_incl_sentinel,round_win = game_pnl > 0 (decisive only),COMPATIBILITY_ONLY_NOT_PRODUCTION,268817.8208,244366.2908,168.7661,6248,5610,-0.00062781,-0.08642944,0.00436428,-0.00062781,-168.7661,268817.8208,OK,0.0000,6.7506,4.0000,96.0000,AG03-UNRESOLVED,ALL5_LEVELS_bet23_to_bet27,6.7506,6.7506,6.7506,8.4383,8.4383,4.000000,4.000000,4.000000,5.000000,5.000000,96.000000,96.000000,96.000000,95.000000,95.000000,5.0,37.1285,34.0107,131.6376,134.7554,PENDING_AG03,FALSE,NOT_FOR_ENFORCEMENT,162.0155,234591.6392,168.7661,162.0155,6.7506,0.00062781,0.00060270,6.7506,162.0155,0.00060270,6.7506,6.7506,6.7506,8.4383,8.4383,162.0155,0.00060270,37.1285,34.0107,131.6376,134.7554,0.00048969,0.00050129,0.00002511,43.0246,43.5591,0.0301,2.0581,0.0627,3278.2661,68.4146,17.6798,46.9397,25.7155,39.4976,52.6635,77.1466,82.2897,128.5777,31.4111,0.0,2.083411,3.25533,1.089297,30,192,222,8,0.05498276,0.00062781,0.08642944,0E-8,0.000000,0.909041,0.000000,-0.09079372,2026-03-23,2026-08-06,82,2690,1181,137,0.598540,0.376650,0.410924,0.183276,,,,,,,,GLOBAL_BASELINE_NO_ENTITY_RANKING,,,NOT_APPLICABLE_GLOBAL_BASELINE,HF9g-P5,,,,X 全窗基线 · 不参与实体赏罚,6877255,688,A168_HF9F_20260827_0900,2026-08-27 09:00:00
2026-04-21,70460261,-1,1,2263.9583278810,-330.6677486066,-330.6677486066,0.5135135,61,39,0.46110171406232024,0.407285053205,0.6395553896387851,1.3151326898875981,0.6395553896387851,0.05381666085732024,SENTINEL_DEALER,R03b_20260811_FULL_v1,L1_ELIGIBILITY,v2026-08-11,2026-03-21..2026-08-06,baccarat_bet02_101_all_pairs_incl_sentinel,round_win = game_pnl > 0 (decisive only),COMPATIBILITY_ONLY_NOT_PRODUCTION,268817.8208,244366.2908,168.7661,6248,5610,-0.00062781,-0.08642944,0.00436428,-0.00062781,-168.7661,268817.8208,OK,0.0000,6.7506,4.0000,96.0000,AG03-UNRESOLVED,ALL5_LEVELS_bet23_to_bet27,6.7506,6.7506,6.7506,8.4383,8.4383,4.000000,4.000000,4.000000,5.000000,5.000000,96.000000,96.000000,96.000000,95.000000,95.000000,5.0,37.1285,34.0107,131.6376,134.7554,PENDING_AG03,FALSE,NOT_FOR_ENFORCEMENT,162.0155,234591.6392,168.7661,162.0155,6.7506,0.00062781,0.00060270,6.7506,162.0155,0.00060270,6.7506,6.7506,6.7506,8.4383,8.4383,162.0155,0.00060270,37.1285,34.0107,131.6376,134.7554,0.00048969,0.00050129,0.00002511,43.0246,43.5591,0.0301,2.0581,0.0627,3278.2661,68.4146,17.6798,46.9397,25.7155,39.4976,52.6635,77.1466,82.2897,128.5777,31.4111,0.0,2.083411,3.25533,1.089297,30,192,222,8,0.05498276,0.00062781,0.08642944,0E-8,0.000000,0.909041,0.000000,-0.09079372,2026-03-23,2026-08-06,82,2690,1181,137,0.598540,0.376650,0.410924,0.183276,,,,,,,,GLOBAL_BASELINE_NO_ENTITY_RANKING,,,NOT_APPLICABLE_GLOBAL_BASELINE,HF9g-P5,,,,X 全窗基线 · 不参与实体赏罚,6877256,688,A168_HF9F_20260827_0900,2026-08-27 09:00:00
2026-04-21,70460261,1157,0,179.3052901605,-74.6669109756,-74.6669109756,0.3333333,3,3,0.50665070000000000,0.506650700000,-0.6004420894325239,-0.6004420894325239,-0.6004420894325239,0E-17,ELIGIBLE,R03b_20260811_FULL_v1,L1_ELIGIBILITY,v2026-08-11,2026-03-21..2026-08-06,baccarat_bet02_101_all_pairs_incl_sentinel,round_win = game_pnl > 0 (decisive only),COMPATIBILITY_ONLY_NOT_PRODUCTION,268817.8208,244366.2908,168.7661,6248,5610,-0.00062781,-0.08642944,0.00436428,-0.00062781,-168.7661,268817.8208,OK,0.0000,6.7506,4.0000,96.0000,AG03-UNRESOLVED,ALL5_LEVELS_bet23_to_bet27,6.7506,6.7506,6.7506,8.4383,8.4383,4.000000,4.000000,4.000000,5.000000,5.000000,96.000000,96.000000,96.000000,95.000000,95.000000,5.0,37.1285,34.0107,131.6376,134.7554,PENDING_AG03,FALSE,NOT_FOR_ENFORCEMENT,162.0155,234591.6392,168.7661,162.0155,6.7506,0.00062781,0.00060270,6.7506,162.0155,0.00060270,6.7506,6.7506,6.7506,8.4383,8.4383,162.0155,0.00060270,37.1285,34.0107,131.6376,134.7554,0.00048969,0.00050129,0.00002511,43.0246,43.5591,0.0301,2.0581,0.0627,3278.2661,68.4146,17.6798,46.9397,25.7155,39.4976,52.6635,77.1466,82.2897,128.5777,31.4111,0.0,2.083411,3.25533,1.089297,30,192,222,8,0.05498276,0.00062781,0.08642944,0E-8,0.000000,0.909041,0.000000,-0.09079372,2026-03-23,2026-08-06,82,2690,1181,137,0.598540,0.376650,0.410924,0.183276,,,,,,,,GLOBAL_BASELINE_NO_ENTITY_RANKING,,,NOT_APPLICABLE_GLOBAL_BASELINE,HF9g-P5,,,,X 全窗基线 · 不参与实体赏罚,6877257,688,A168_HF9F_20260827_0900,2026-08-27 09:00:00
2026-04-21,70460261,1205,0,75.9102688271,21.0716435882,21.0716435882,0.5000000,2,2,0.49994810000000000,0.499948100000,0.00014679536856514622,0.00014679536856514622,0.00014679536856514622,0E-17,ELIGIBLE,R03b_20260811_FULL_v1,L1_ELIGIBILITY,v2026-08-11,2026-03-21..2026-08-06,baccarat_bet02_101_all_pairs_incl_sentinel,round_win = game_pnl > 0 (decisive only),COMPATIBILITY_ONLY_NOT_PRODUCTION,268817.8208,244366.2908,168.7661,6248,5610,-0.00062781,-0.08642944,0.00436428,-0.00062781,-168.7661,268817.8208,OK,0.0000,6.7506,4.0000,96.0000,AG03-UNRESOLVED,ALL5_LEVELS_bet23_to_bet27,6.7506,6.7506,6.7506,8.4383,8.4383,4.000000,4.000000,4.000000,5.000000,5.000000,96.000000,96.000000,96.000000,95.000000,95.000000,5.0,37.1285,34.0107,131.6376,134.7554,PENDING_AG03,FALSE,NOT_FOR_ENFORCEMENT,162.0155,234591.6392,168.7661,162.0155,6.7506,0.00062781,0.00060270,6.7506,162.0155,0.00060270,6.7506,6.7506,6.7506,8.4383,8.4383,162.0155,0.00060270,37.1285,34.0107,131.6376,134.7554,0.00048969,0.00050129,0.00002511,43.0246,43.5591,0.0301,2.0581,0.0627,3278.2661,68.4146,17.6798,46.9397,25.7155,39.4976,52.6635,77.1466,82.2897,128.5777,31.4111,0.0,2.083411,3.25533,1.089297,30,192,222,8,0.05498276,0.00062781,0.08642944,0E-8,0.000000,0.909041,0.000000,-0.09079372,2026-03-23,2026-08-06,82,2690,1181,137,0.598540,0.376650,0.410924,0.183276,,,,,,,,GLOBAL_BASELINE_NO_ENTITY_RANKING,,,NOT_APPLICABLE_GLOBAL_BASELINE,HF9g-P5,,,,X 全窗基线 · 不参与实体赏罚,6877258,688,A168_HF9F_20260827_0900,2026-08-27 09:00:00
2026-04-21,70460261,1210,0,78.5278643039,-78.5278643039,-78.5278643039,0E-7,1,1,0.50665070000000000,0.506650700000,-1.013391052207602,-1.013391052207602,-1.013391052207602,0E-17,ELIGIBLE,R03b_20260811_FULL_v1,L1_ELIGIBILITY,v2026-08-11,2026-03-21..2026-08-06,baccarat_bet02_101_all_pairs_incl_sentinel,round_win = game_pnl > 0 (decisive only),COMPATIBILITY_ONLY_NOT_PRODUCTION,268817.8208,244366.2908,168.7661,6248,5610,-0.00062781,-0.08642944,0.00436428,-0.00062781,-168.7661,268817.8208,OK,0.0000,6.7506,4.0000,96.0000,AG03-UNRESOLVED,ALL5_LEVELS_bet23_to_bet27,6.7506,6.7506,6.7506,8.4383,8.4383,4.000000,4.000000,4.000000,5.000000,5.000000,96.000000,96.000000,96.000000,95.000000,95.000000,5.0,37.1285,34.0107,131.6376,134.7554,PENDING_AG03,FALSE,NOT_FOR_ENFORCEMENT,162.0155,234591.6392,168.7661,162.0155,6.7506,0.00062781,0.00060270,6.7506,162.0155,0.00060270,6.7506,6.7506,6.7506,8.4383,8.4383,162.0155,0.00060270,37.1285,34.0107,131.6376,134.7554,0.00048969,0.00050129,0.00002511,43.0246,43.5591,0.0301,2.0581,0.0627,3278.2661,68.4146,17.6798,46.9397,25.7155,39.4976,52.6635,77.1466,82.2897,128.5777,31.4111,0.0,2.083411,3.25533,1.089297,30,192,222,8,0.05498276,0.00062781,0.08642944,0E-8,0.000000,0.909041,0.000000,-0.09079372,2026-03-23,2026-08-06,82,2690,1181,137,0.598540,0.376650,0.410924,0.183276,,,,,,,,GLOBAL_BASELINE_NO_ENTITY_RANKING,,,NOT_APPLICABLE_GLOBAL_BASELINE,HF9g-P5,,,,X 全窗基线 · 不参与实体赏罚,6877259,688,A168_HF9F_20260827_0900,2026-08-27 09:00:00
2026-04-21,70460261,1221,0,26.1759547680,-26.1759547680,-26.1759547680,0E-7,1,1,0.49324550000000000,0.493245500000,-0.9865810262130424,-0.9865810262130424,-0.9865810262130424,0E-17,ELIGIBLE,R03b_20260811_FULL_v1,L1_ELIGIBILITY,v2026-08-11,2026-03-21..2026-08-06,baccarat_bet02_101_all_pairs_incl_sentinel,round_win = game_pnl > 0 (decisive only),COMPATIBILITY_ONLY_NOT_PRODUCTION,268817.8208,244366.2908,168.7661,6248,5610,-0.00062781,-0.08642944,0.00436428,-0.00062781,-168.7661,268817.8208,OK,0.0000,6.7506,4.0000,96.0000,AG03-UNRESOLVED,ALL5_LEVELS_bet23_to_bet27,6.7506,6.7506,6.7506,8.4383,8.4383,4.000000,4.000000,4.000000,5.000000,5.000000,96.000000,96.000000,96.000000,95.000000,95.000000,5.0,37.1285,34.0107,131.6376,134.7554,PENDING_AG03,FALSE,NOT_FOR_ENFORCEMENT,162.0155,234591.6392,168.7661,162.0155,6.7506,0.00062781,0.00060270,6.7506,162.0155,0.00060270,6.7506,6.7506,6.7506,8.4383,8.4383,162.0155,0.00060270,37.1285,34.0107,131.6376,134.7554,0.00048969,0.00050129,0.00002511,43.0246,43.5591,0.0301,2.0581,0.0627,3278.2661,68.4146,17.6798,46.9397,25.7155,39.4976,52.6635,77.1466,82.2897,128.5777,31.4111,0.0,2.083411,3.25533,1.089297,30,192,222,8,0.05498276,0.00062781,0.08642944,0E-8,0.000000,0.909041,0.000000,-0.09079372,2026-03-23,2026-08-06,82,2690,1181,137,0.598540,0.376650,0.410924,0.183276,,,,,,,,GLOBAL_BASELINE_NO_ENTITY_RANKING,,,NOT_APPLICABLE_GLOBAL_BASELINE,HF9g-P5,,,,X 全窗基线 · 不参与实体赏罚,6877260,688,A168_HF9F_20260827_0900,2026-08-27 09:00:00
2026-04-21,70460261,1325,0,80.3601811376,-80.3601811376,-80.3601811376,0E-7,1,1,0.50665070000000000,0.506650700000,-1.013391052207602,-1.013391052207602,-1.013391052207602,0E-17,ELIGIBLE,R03b_20260811_FULL_v1,L1_ELIGIBILITY,v2026-08-11,2026-03-21..2026-08-06,baccarat_bet02_101_all_pairs_incl_sentinel,round_win = game_pnl > 0 (decisive only),COMPATIBILITY_ONLY_NOT_PRODUCTION,268817.8208,244366.2908,168.7661,6248,5610,-0.00062781,-0.08642944,0.00436428,-0.00062781,-168.7661,268817.8208,OK,0.0000,6.7506,4.0000,96.0000,AG03-UNRESOLVED,ALL5_LEVELS_bet23_to_bet27,6.7506,6.7506,6.7506,8.4383,8.4383,4.000000,4.000000,4.000000,5.000000,5.000000,96.000000,96.000000,96.000000,95.000000,95.000000,5.0,37.1285,34.0107,131.6376,134.7554,PENDING_AG03,FALSE,NOT_FOR_ENFORCEMENT,162.0155,234591.6392,168.7661,162.0155,6.7506,0.00062781,0.00060270,6.7506,162.0155,0.00060270,6.7506,6.7506,6.7506,8.4383,8.4383,162.0155,0.00060270,37.1285,34.0107,131.6376,134.7554,0.00048969,0.00050129,0.00002511,43.0246,43.5591,0.0301,2.0581,0.0627,3278.2661,68.4146,17.6798,46.9397,25.7155,39.4976,52.6635,77.1466,82.2897,128.5777,31.4111,0.0,2.083411,3.25533,1.089297,30,192,222,8,0.05498276,0.00062781,0.08642944,0E-8,0.000000,0.909041,0.000000,-0.09079372,2026-03-23,2026-08-06,82,2690,1181,137,0.598540,0.376650,0.410924,0.183276,,,,,,,,GLOBAL_BASELINE_NO_ENTITY_RANKING,,,NOT_APPLICABLE_GLOBAL_BASELINE,HF9g-P5,,,,X 全窗基线 · 不参与实体赏罚,6877261,688,A168_HF9F_20260827_0900,2026-08-27 09:00:00
2026-04-21,70460261,1330,0,209.4076381437,-136.1149647934,-136.1149647934,0E-7,4,4,0.50665070000000000,0.506650700000,-1.7552447903592512,-1.7552447903592512,-1.7552447903592512,0E-17,ELIGIBLE,R03b_20260811_FULL_v1,L1_ELIGIBILITY,v2026-08-11,2026-03-21..2026-08-06,baccarat_bet02_101_all_pairs_incl_sentinel,round_win = game_pnl > 0 (decisive only),COMPATIBILITY_ONLY_NOT_PRODUCTION,268817.8208,244366.2908,168.7661,6248,5610,-0.00062781,-0.08642944,0.00436428,-0.00062781,-168.7661,268817.8208,OK,0.0000,6.7506,4.0000,96.0000,AG03-UNRESOLVED,ALL5_LEVELS_bet23_to_bet27,6.7506,6.7506,6.7506,8.4383,8.4383,4.000000,4.000000,4.000000,5.000000,5.000000,96.000000,96.000000,96.000000,95.000000,95.000000,5.0,37.1285,34.0107,131.6376,134.7554,PENDING_AG03,FALSE,NOT_FOR_ENFORCEMENT,162.0155,234591.6392,168.7661,162.0155,6.7506,0.00062781,0.00060270,6.7506,162.0155,0.00060270,6.7506,6.7506,6.7506,8.4383,8.4383,162.0155,0.00060270,37.1285,34.0107,131.6376,134.7554,0.00048969,0.00050129,0.00002511,43.0246,43.5591,0.0301,2.0581,0.0627,3278.2661,68.4146,17.6798,46.9397,25.7155,39.4976,52.6635,77.1466,82.2897,128.5777,31.4111,0.0,2.083411,3.25533,1.089297,30,192,222,8,0.05498276,0.00062781,0.08642944,0E-8,0.000000,0.909041,0.000000,-0.09079372,2026-03-23,2026-08-06,82,2690,1181,137,0.598540,0.376650,0.410924,0.183276,,,,,,,,GLOBAL_BASELINE_NO_ENTITY_RANKING,,,NOT_APPLICABLE_GLOBAL_BASELINE,HF9g-P5,,,,X 全窗基线 · 不参与实体赏罚,6877262,688,A168_HF9F_20260827_0900,2026-08-27 09:00:00
2026-04-21,70460261,1331,0,26.1759547680,-26.1759547680,-26.1759547680,0E-7,1,1,0.50665070000000000,0.506650700000,-1.013391052207602,-1.013391052207602,-1.013391052207602,0E-17,ELIGIBLE,R03b_20260811_FULL_v1,L1_ELIGIBILITY,v2026-08-11,2026-03-21..2026-08-06,baccarat_bet02_101_all_pairs_incl_sentinel,round_win = game_pnl > 0 (decisive only),COMPATIBILITY_ONLY_NOT_PRODUCTION,268817.8208,244366.2908,168.7661,6248,5610,-0.00062781,-0.08642944,0.00436428,-0.00062781,-168.7661,268817.8208,OK,0.0000,6.7506,4.0000,96.0000,AG03-UNRESOLVED,ALL5_LEVELS_bet23_to_bet27,6.7506,6.7506,6.7506,8.4383,8.4383,4.000000,4.000000,4.000000,5.000000,5.000000,96.000000,96.000000,96.000000,95.000000,95.000000,5.0,37.1285,34.0107,131.6376,134.7554,PENDING_AG03,FALSE,NOT_FOR_ENFORCEMENT,162.0155,234591.6392,168.7661,162.0155,6.7506,0.00062781,0.00060270,6.7506,162.0155,0.00060270,6.7506,6.7506,6.7506,8.4383,8.4383,162.0155,0.00060270,37.1285,34.0107,131.6376,134.7554,0.00048969,0.00050129,0.00002511,43.0246,43.5591,0.0301,2.0581,0.0627,3278.2661,68.4146,17.6798,46.9397,25.7155,39.4976,52.6635,77.1466,82.2897,128.5777,31.4111,0.0,2.083411,3.25533,1.089297,30,192,222,8,0.05498276,0.00062781,0.08642944,0E-8,0.000000,0.909041,0.000000,-0.09079372,2026-03-23,2026-08-06,82,2690,1181,137,0.598540,0.376650,0.410924,0.183276,,,,,,,,GLOBAL_BASELINE_NO_ENTITY_RANKING,,,NOT_APPLICABLE_GLOBAL_BASELINE,HF9g-P5,,,,X 全窗基线 · 不参与实体赏罚,6877263,688,A168_HF9F_20260827_0900,2026-08-27 09:00:00
2026-04-21,70460261,1353,0,52.3519095359,49.7343140591,49.7343140591,1.0000000,1,1,0.50665070000000000,0.506650700000,0.9867858985152569,0.9867858985152569,0.9867858985152569,0E-17,ELIGIBLE,R03b_20260811_FULL_v1,L1_ELIGIBILITY,v2026-08-11,2026-03-21..2026-08-06,baccarat_bet02_101_all_pairs_incl_sentinel,round_win = game_pnl > 0 (decisive only),COMPATIBILITY_ONLY_NOT_PRODUCTION,268817.8208,244366.2908,168.7661,6248,5610,-0.00062781,-0.08642944,0.00436428,-0.00062781,-168.7661,268817.8208,OK,0.0000,6.7506,4.0000,96.0000,AG03-UNRESOLVED,ALL5_LEVELS_bet23_to_bet27,6.7506,6.7506,6.7506,8.4383,8.4383,4.000000,4.000000,4.000000,5.000000,5.000000,96.000000,96.000000,96.000000,95.000000,95.000000,5.0,37.1285,34.0107,131.6376,134.7554,PENDING_AG03,FALSE,NOT_FOR_ENFORCEMENT,162.0155,234591.6392,168.7661,162.0155,6.7506,0.00062781,0.00060270,6.7506,162.0155,0.00060270,6.7506,6.7506,6.7506,8.4383,8.4383,162.0155,0.00060270,37.1285,34.0107,131.6376,134.7554,0.00048969,0.00050129,0.00002511,43.0246,43.5591,0.0301,2.0581,0.0627,3278.2661,68.4146,17.6798,46.9397,25.7155,39.4976,52.6635,77.1466,82.2897,128.5777,31.4111,0.0,2.083411,3.25533,1.089297,30,192,222,8,0.05498276,0.00062781,0.08642944,0E-8,0.000000,0.909041,0.000000,-0.09079372,2026-03-23,2026-08-06,82,2690,1181,137,0.598540,0.376650,0.410924,0.183276,,,,,,,,GLOBAL_BASELINE_NO_ENTITY_RANKING,,,NOT_APPLICABLE_GLOBAL_BASELINE,HF9g-P5,,,,X 全窗基线 · 不参与实体赏罚,6877264,688,A168_HF9F_20260827_0900,2026-08-27 09:00:00
2026-04-21,70460261,1374,0,18.3231683376,17.4070099207,17.4070099207,1.0000000,1,1,0.50665070000000000,0.506650700000,0.9867858985152569,0.9867858985152569,0.9867858985152569,0E-17,ELIGIBLE,R03b_20260811_FULL_v1,L1_ELIGIBILITY,v2026-08-11,2026-03-21..2026-08-06,baccarat_bet02_101_all_pairs_incl_sentinel,round_win = game_pnl > 0 (decisive only),COMPATIBILITY_ONLY_NOT_PRODUCTION,268817.8208,244366.2908,168.7661,6248,5610,-0.00062781,-0.08642944,0.00436428,-0.00062781,-168.7661,268817.8208,OK,0.0000,6.7506,4.0000,96.0000,AG03-UNRESOLVED,ALL5_LEVELS_bet23_to_bet27,6.7506,6.7506,6.7506,8.4383,8.4383,4.000000,4.000000,4.000000,5.000000,5.000000,96.000000,96.000000,96.000000,95.000000,95.000000,5.0,37.1285,34.0107,131.6376,134.7554,PENDING_AG03,FALSE,NOT_FOR_ENFORCEMENT,162.0155,234591.6392,168.7661,162.0155,6.7506,0.00062781,0.00060270,6.7506,162.0155,0.00060270,6.7506,6.7506,6.7506,8.4383,8.4383,162.0155,0.00060270,37.1285,34.0107,131.6376,134.7554,0.00048969,0.00050129,0.00002511,43.0246,43.5591,0.0301,2.0581,0.0627,3278.2661,68.4146,17.6798,46.9397,25.7155,39.4976,52.6635,77.1466,82.2897,128.5777,31.4111,0.0,2.083411,3.25533,1.089297,30,192,222,8,0.05498276,0.00062781,0.08642944,0E-8,0.000000,0.909041,0.000000,-0.09079372,2026-03-23,2026-08-06,82,2690,1181,137,0.598540,0.376650,0.410924,0.183276,,,,,,,,GLOBAL_BASELINE_NO_ENTITY_RANKING,,,NOT_APPLICABLE_GLOBAL_BASELINE,HF9g-P5,,,,X 全窗基线 · 不参与实体赏罚,6877265,688,A168_HF9F_20260827_0900,2026-08-27 09:00:00
2026-04-21,70460261,1384,0,460.9585634638,47.4962699262,47.4962699262,0.5714286,13,7,0.44241166142640207,0.355736714286,0.6872670646640011,1.1920287594401364,0.6872670646640011,0.08667494714040207,ELIGIBLE,R03b_20260811_FULL_v1,L1_ELIGIBILITY,v2026-08-11,2026-03-21..2026-08-06,baccarat_bet02_101_all_pairs_incl_sentinel,round_win = game_pnl > 0 (decisive only),COMPATIBILITY_ONLY_NOT_PRODUCTION,268817.8208,244366.2908,168.7661,6248,5610,-0.00062781,-0.08642944,0.00436428,-0.00062781,-168.7661,268817.8208,OK,0.0000,6.7506,4.0000,96.0000,AG03-UNRESOLVED,ALL5_LEVELS_bet23_to_bet27,6.7506,6.7506,6.7506,8.4383,8.4383,4.000000,4.000000,4.000000,5.000000,5.000000,96.000000,96.000000,96.000000,95.000000,95.000000,5.0,37.1285,34.0107,131.6376,134.7554,PENDING_AG03,FALSE,NOT_FOR_ENFORCEMENT,162.0155,234591.6392,168.7661,162.0155,6.7506,0.00062781,0.00060270,6.7506,162.0155,0.00060270,6.7506,6.7506,6.7506,8.4383,8.4383,162.0155,0.00060270,37.1285,34.0107,131.6376,134.7554,0.00048969,0.00050129,0.00002511,43.0246,43.5591,0.0301,2.0581,0.0627,3278.2661,68.4146,17.6798,46.9397,25.7155,39.4976,52.6635,77.1466,82.2897,128.5777,31.4111,0.0,2.083411,3.25533,1.089297,30,192,222,8,0.05498276,0.00062781,0.08642944,0E-8,0.000000,0.909041,0.000000,-0.09079372,2026-03-23,2026-08-06,82,2690,1181,137,0.598540,0.376650,0.410924,0.183276,,,,,,,,GLOBAL_BASELINE_NO_ENTITY_RANKING,,,NOT_APPLICABLE_GLOBAL_BASELINE,HF9g-P5,,,,X 全窗基线 · 不参与实体赏罚,6877266,688,A168_HF9F_20260827_0900,2026-08-27 09:00:00
2026-04-21,70460261,1396,0,180.6140878990,-32.5890636862,-32.5890636862,0.5000000,5,2,0.37538295320497812,0.247019625000,0.3639554803004058,0.8295532557773775,0.3639554803004058,0.12836332820497812,ELIGIBLE,R03b_20260811_FULL_v1,L1_ELIGIBILITY,v2026-08-11,2026-03-21..2026-08-06,baccarat_bet02_101_all_pairs_incl_sentinel,round_win = game_pnl > 0 (decisive only),COMPATIBILITY_ONLY_NOT_PRODUCTION,268817.8208,244366.2908,168.7661,6248,5610,-0.00062781,-0.08642944,0.00436428,-0.00062781,-168.7661,268817.8208,OK,0.0000,6.7506,4.0000,96.0000,AG03-UNRESOLVED,ALL5_LEVELS_bet23_to_bet27,6.7506,6.7506,6.7506,8.4383,8.4383,4.000000,4.000000,4.000000,5.000000,5.000000,96.000000,96.000000,96.000000,95.000000,95.000000,5.0,37.1285,34.0107,131.6376,134.7554,PENDING_AG03,FALSE,NOT_FOR_ENFORCEMENT,162.0155,234591.6392,168.7661,162.0155,6.7506,0.00062781,0.00060270,6.7506,162.0155,0.00060270,6.7506,6.7506,6.7506,8.4383,8.4383,162.0155,0.00060270,37.1285,34.0107,131.6376,134.7554,0.00048969,0.00050129,0.00002511,43.0246,43.5591,0.0301,2.0581,0.0627,3278.2661,68.4146,17.6798,46.9397,25.7155,39.4976,52.6635,77.1466,82.2897,128.5777,31.4111,0.0,2.083411,3.25533,1.089297,30,192,222,8,0.05498276,0.00062781,0.08642944,0E-8,0.000000,0.909041,0.000000,-0.09079372,2026-03-23,2026-08-06,82,2690,1181,137,0.598540,0.376650,0.410924,0.183276,,,,,,,,GLOBAL_BASELINE_NO_ENTITY_RANKING,,,NOT_APPLICABLE_GLOBAL_BASELINE,HF9g-P5,,,,X 全窗基线 · 不参与实体赏罚,6877267,688,A168_HF9F_20260827_0900,2026-08-27 09:00:00
2026-04-21,70460261,1399,0,177.7347328745,5.5100384787,5.5100384787,0.7500000,8,4,0.41251659201381609,0.360291950000,1.3710835123466416,1.6234958590082698,1.3710835123466416,0.05222464201381609,ELIGIBLE,R03b_20260811_FULL_v1,L1_ELIGIBILITY,v2026-08-11,2026-03-21..2026-08-06,baccarat_bet02_101_all_pairs_incl_sentinel,round_win = game_pnl > 0 (decisive only),COMPATIBILITY_ONLY_NOT_PRODUCTION,268817.8208,244366.2908,168.7661,6248,5610,-0.00062781,-0.08642944,0.00436428,-0.00062781,-168.7661,268817.8208,OK,0.0000,6.7506,4.0000,96.0000,AG03-UNRESOLVED,ALL5_LEVELS_bet23_to_bet27,6.7506,6.7506,6.7506,8.4383,8.4383,4.000000,4.000000,4.000000,5.000000,5.000000,96.000000,96.000000,96.000000,95.000000,95.000000,5.0,37.1285,34.0107,131.6376,134.7554,PENDING_AG03,FALSE,NOT_FOR_ENFORCEMENT,162.0155,234591.6392,168.7661,162.0155,6.7506,0.00062781,0.00060270,6.7506,162.0155,0.00060270,6.7506,6.7506,6.7506,8.4383,8.4383,162.0155,0.00060270,37.1285,34.0107,131.6376,134.7554,0.00048969,0.00050129,0.00002511,43.0246,43.5591,0.0301,2.0581,0.0627,3278.2661,68.4146,17.6798,46.9397,25.7155,39.4976,52.6635,77.1466,82.2897,128.5777,31.4111,0.0,2.083411,3.25533,1.089297,30,192,222,8,0.05498276,0.00062781,0.08642944,0E-8,0.000000,0.909041,0.000000,-0.09079372,2026-03-23,2026-08-06,82,2690,1181,137,0.598540,0.376650,0.410924,0.183276,,,,,,,,GLOBAL_BASELINE_NO_ENTITY_RANKING,,,NOT_APPLICABLE_GLOBAL_BASELINE,HF9g-P5,,,,X 全窗基线 · 不参与实体赏罚,6877268,688,A168_HF9F_20260827_0900,2026-08-27 09:00:00
2026-04-21,70460261,1402,0,26.1759547680,-26.1759547680,-26.1759547680,0E-7,1,1,0.50665070000000000,0.506650700000,-1.013391052207602,-1.013391052207602,-1.013391052207602,0E-17,ELIGIBLE,R03b_20260811_FULL_v1,L1_ELIGIBILITY,v2026-08-11,2026-03-21..2026-08-06,baccarat_bet02_101_all_pairs_incl_sentinel,round_win = game_pnl > 0 (decisive only),COMPATIBILITY_ONLY_NOT_PRODUCTION,268817.8208,244366.2908,168.7661,6248,5610,-0.00062781,-0.08642944,0.00436428,-0.00062781,-168.7661,268817.8208,OK,0.0000,6.7506,4.0000,96.0000,AG03-UNRESOLVED,ALL5_LEVELS_bet23_to_bet27,6.7506,6.7506,6.7506,8.4383,8.4383,4.000000,4.000000,4.000000,5.000000,5.000000,96.000000,96.000000,96.000000,95.000000,95.000000,5.0,37.1285,34.0107,131.6376,134.7554,PENDING_AG03,FALSE,NOT_FOR_ENFORCEMENT,162.0155,234591.6392,168.7661,162.0155,6.7506,0.00062781,0.00060270,6.7506,162.0155,0.00060270,6.7506,6.7506,6.7506,8.4383,8.4383,162.0155,0.00060270,37.1285,34.0107,131.6376,134.7554,0.00048969,0.00050129,0.00002511,43.0246,43.5591,0.0301,2.0581,0.0627,3278.2661,68.4146,17.6798,46.9397,25.7155,39.4976,52.6635,77.1466,82.2897,128.5777,31.4111,0.0,2.083411,3.25533,1.089297,30,192,222,8,0.05498276,0.00062781,0.08642944,0E-8,0.000000,0.909041,0.000000,-0.09079372,2026-03-23,2026-08-06,82,2690,1181,137,0.598540,0.376650,0.410924,0.183276,,,,,,,,GLOBAL_BASELINE_NO_ENTITY_RANKING,,,NOT_APPLICABLE_GLOBAL_BASELINE,HF9g-P5,,,,X 全窗基线 · 不参与实体赏罚,6877269,688,A168_HF9F_20260827_0900,2026-08-27 09:00:00
2026-04-21,70460261,1485,0,104.7038190718,42.2741669502,42.2741669502,1.0000000,2,2,0.50665070000000000,0.506650700000,0.9867858985152569,0.9867858985152569,0.9867858985152569,0E-17,ELIGIBLE,R03b_20260811_FULL_v1,L1_ELIGIBILITY,v2026-08-11,2026-03-21..2026-08-06,baccarat_bet02_101_all_pairs_incl_sentinel,round_win = game_pnl > 0 (decisive only),COMPATIBILITY_ONLY_NOT_PRODUCTION,268817.8208,244366.2908,168.7661,6248,5610,-0.00062781,-0.08642944,0.00436428,-0.00062781,-168.7661,268817.8208,OK,0.0000,6.7506,4.0000,96.0000,AG03-UNRESOLVED,ALL5_LEVELS_bet23_to_bet27,6.7506,6.7506,6.7506,8.4383,8.4383,4.000000,4.000000,4.000000,5.000000,5.000000,96.000000,96.000000,96.000000,95.000000,95.000000,5.0,37.1285,34.0107,131.6376,134.7554,PENDING_AG03,FALSE,NOT_FOR_ENFORCEMENT,162.0155,234591.6392,168.7661,162.0155,6.7506,0.00062781,0.00060270,6.7506,162.0155,0.00060270,6.7506,6.7506,6.7506,8.4383,8.4383,162.0155,0.00060270,37.1285,34.0107,131.6376,134.7554,0.00048969,0.00050129,0.00002511,43.0246,43.5591,0.0301,2.0581,0.0627,3278.2661,68.4146,17.6798,46.9397,25.7155,39.4976,52.6635,77.1466,82.2897,128.5777,31.4111,0.0,2.083411,3.25533,1.089297,30,192,222,8,0.05498276,0.00062781,0.08642944,0E-8,0.000000,0.909041,0.000000,-0.09079372,2026-03-23,2026-08-06,82,2690,1181,137,0.598540,0.376650,0.410924,0.183276,,,,,,,,GLOBAL_BASELINE_NO_ENTITY_RANKING,,,NOT_APPLICABLE_GLOBAL_BASELINE,HF9g-P5,,,,X 全窗基线 · 不参与实体赏罚,6877270,688,A168_HF9F_20260827_0900,2026-08-27 09:00:00
2026-04-21,70460261,1490,0,36.6463366752,14.3967751224,14.3967751224,1.0000000,2,1,0.37719661428571429,0.280106050000,1.2849658610380124,1.6031457840727341,1.2849658610380124,0.09709056428571429,ELIGIBLE,R03b_20260811_FULL_v1,L1_ELIGIBILITY,v2026-08-11,2026-03-21..2026-08-06,baccarat_bet02_101_all_pairs_incl_sentinel,round_win = game_pnl > 0 (decisive only),COMPATIBILITY_ONLY_NOT_PRODUCTION,268817.8208,244366.2908,168.7661,6248,5610,-0.00062781,-0.08642944,0.00436428,-0.00062781,-168.7661,268817.8208,OK,0.0000,6.7506,4.0000,96.0000,AG03-UNRESOLVED,ALL5_LEVELS_bet23_to_bet27,6.7506,6.7506,6.7506,8.4383,8.4383,4.000000,4.000000,4.000000,5.000000,5.000000,96.000000,96.000000,96.000000,95.000000,95.000000,5.0,37.1285,34.0107,131.6376,134.7554,PENDING_AG03,FALSE,NOT_FOR_ENFORCEMENT,162.0155,234591.6392,168.7661,162.0155,6.7506,0.00062781,0.00060270,6.7506,162.0155,0.00060270,6.7506,6.7506,6.7506,8.4383,8.4383,162.0155,0.00060270,37.1285,34.0107,131.6376,134.7554,0.00048969,0.00050129,0.00002511,43.0246,43.5591,0.0301,2.0581,0.0627,3278.2661,68.4146,17.6798,46.9397,25.7155,39.4976,52.6635,77.1466,82.2897,128.5777,31.4111,0.0,2.083411,3.25533,1.089297,30,192,222,8,0.05498276,0.00062781,0.08642944,0E-8,0.000000,0.909041,0.000000,-0.09079372,2026-03-23,2026-08-06,82,2690,1181,137,0.598540,0.376650,0.410924,0.183276,,,,,,,,GLOBAL_BASELINE_NO_ENTITY_RANKING,,,NOT_APPLICABLE_GLOBAL_BASELINE,HF9g-P5,,,,X 全窗基线 · 不参与实体赏罚,6877271,688,A168_HF9F_20260827_0900,2026-08-27 09:00:00
2026-04-21,70460261,1505,0,91.6158416879,-91.6158416879,-91.6158416879,0E-7,2,1,0.44192365714278649,0.280106050000,-0.8898705189123105,-0.6237735893609975,-0.8898705189123105,0.16181760714278649,ELIGIBLE,R03b_20260811_FULL_v1,L1_ELIGIBILITY,v2026-08-11,2026-03-21..2026-08-06,baccarat_bet02_101_all_pairs_incl_sentinel,round_win = game_pnl > 0 (decisive only),COMPATIBILITY_ONLY_NOT_PRODUCTION,268817.8208,244366.2908,168.7661,6248,5610,-0.00062781,-0.08642944,0.00436428,-0.00062781,-168.7661,268817.8208,OK,0.0000,6.7506,4.0000,96.0000,AG03-UNRESOLVED,ALL5_LEVELS_bet23_to_bet27,6.7506,6.7506,6.7506,8.4383,8.4383,4.000000,4.000000,4.000000,5.000000,5.000000,96.000000,96.000000,96.000000,95.000000,95.000000,5.0,37.1285,34.0107,131.6376,134.7554,PENDING_AG03,FALSE,NOT_FOR_ENFORCEMENT,162.0155,234591.6392,168.7661,162.0155,6.7506,0.00062781,0.00060270,6.7506,162.0155,0.00060270,6.7506,6.7506,6.7506,8.4383,8.4383,162.0155,0.00060270,37.1285,34.0107,131.6376,134.7554,0.00048969,0.00050129,0.00002511,43.0246,43.5591,0.0301,2.0581,0.0627,3278.2661,68.4146,17.6798,46.9397,25.7155,39.4976,52.6635,77.1466,82.2897,128.5777,31.4111,0.0,2.083411,3.25533,1.089297,30,192,222,8,0.05498276,0.00062781,0.08642944,0E-8,0.000000,0.909041,0.000000,-0.09079372,2026-03-23,2026-08-06,82,2690,1181,137,0.598540,0.376650,0.410924,0.183276,,,,,,,,GLOBAL_BASELINE_NO_ENTITY_RANKING,,,NOT_APPLICABLE_GLOBAL_BASELINE,HF9g-P5,,,,X 全窗基线 · 不参与实体赏罚,6877272,688,A168_HF9F_20260827_0900,2026-08-27 09:00:00
2026-04-21,70460261,1509,0,52.3519095359,-52.3519095359,-52.3519095359,0E-7,1,1,0.50665070000000000,0.506650700000,-1.013391052207602,-1.013391052207602,-1.013391052207602,0E-17,ELIGIBLE,R03b_20260811_FULL_v1,L1_ELIGIBILITY,v2026-08-11,2026-03-21..2026-08-06,baccarat_bet02_101_all_pairs_incl_sentinel,round_win = game_pnl > 0 (decisive only),COMPATIBILITY_ONLY_NOT_PRODUCTION,268817.8208,244366.2908,168.7661,6248,5610,-0.00062781,-0.08642944,0.00436428,-0.00062781,-168.7661,268817.8208,OK,0.0000,6.7506,4.0000,96.0000,AG03-UNRESOLVED,ALL5_LEVELS_bet23_to_bet27,6.7506,6.7506,6.7506,8.4383,8.4383,4.000000,4.000000,4.000000,5.000000,5.000000,96.000000,96.000000,96.000000,95.000000,95.000000,5.0,37.1285,34.0107,131.6376,134.7554,PENDING_AG03,FALSE,NOT_FOR_ENFORCEMENT,162.0155,234591.6392,168.7661,162.0155,6.7506,0.00062781,0.00060270,6.7506,162.0155,0.00060270,6.7506,6.7506,6.7506,8.4383,8.4383,162.0155,0.00060270,37.1285,34.0107,131.6376,134.7554,0.00048969,0.00050129,0.00002511,43.0246,43.5591,0.0301,2.0581,0.0627,3278.2661,68.4146,17.6798,46.9397,25.7155,39.4976,52.6635,77.1466,82.2897,128.5777,31.4111,0.0,2.083411,3.25533,1.089297,30,192,222,8,0.05498276,0.00062781,0.08642944,0E-8,0.000000,0.909041,0.000000,-0.09079372,2026-03-23,2026-08-06,82,2690,1181,137,0.598540,0.376650,0.410924,0.183276,,,,,,,,GLOBAL_BASELINE_NO_ENTITY_RANKING,,,NOT_APPLICABLE_GLOBAL_BASELINE,HF9g-P5,,,,X 全窗基线 · 不参与实体赏罚,6877273,688,A168_HF9F_20260827_0900,2026-08-27 09:00:00
2026-04-21,70460261,1646,0,104.7038190719,-104.7038190719,-104.7038190719,0E-7,2,1,0.39337837499989182,0.280106050000,-0.8052788575960274,-0.6237735893609975,-0.8052788575960274,0.11327232499989182,ELIGIBLE,R03b_20260811_FULL_v1,L1_ELIGIBILITY,v2026-08-11,2026-03-21..2026-08-06,baccarat_bet02_101_all_pairs_incl_sentinel,round_win = game_pnl > 0 (decisive only),COMPATIBILITY_ONLY_NOT_PRODUCTION,268817.8208,244366.2908,168.7661,6248,5610,-0.00062781,-0.08642944,0.00436428,-0.00062781,-168.7661,268817.8208,OK,0.0000,6.7506,4.0000,96.0000,AG03-UNRESOLVED,ALL5_LEVELS_bet23_to_bet27,6.7506,6.7506,6.7506,8.4383,8.4383,4.000000,4.000000,4.000000,5.000000,5.000000,96.000000,96.000000,96.000000,95.000000,95.000000,5.0,37.1285,34.0107,131.6376,134.7554,PENDING_AG03,FALSE,NOT_FOR_ENFORCEMENT,162.0155,234591.6392,168.7661,162.0155,6.7506,0.00062781,0.00060270,6.7506,162.0155,0.00060270,6.7506,6.7506,6.7506,8.4383,8.4383,162.0155,0.00060270,37.1285,34.0107,131.6376,134.7554,0.00048969,0.00050129,0.00002511,43.0246,43.5591,0.0301,2.0581,0.0627,3278.2661,68.4146,17.6798,46.9397,25.7155,39.4976,52.6635,77.1466,82.2897,128.5777,31.4111,0.0,2.083411,3.25533,1.089297,30,192,222,8,0.05498276,0.00062781,0.08642944,0E-8,0.000000,0.909041,0.000000,-0.09079372,2026-03-23,2026-08-06,82,2690,1181,137,0.598540,0.376650,0.410924,0.183276,,,,,,,,GLOBAL_BASELINE_NO_ENTITY_RANKING,,,NOT_APPLICABLE_GLOBAL_BASELINE,HF9g-P5,,,,X 全窗基线 · 不参与实体赏罚,6877274,688,A168_HF9F_20260827_0900,2026-08-27 09:00:00
2026-04-21,70460261,1702,0,105.7508572625,100.4633143994,100.4633143994,1.0000000,1,1,0.50665070000000000,0.506650700000,0.9867858985152569,0.9867858985152569,0.9867858985152569,0E-17,ELIGIBLE,R03b_20260811_FULL_v1,L1_ELIGIBILITY,v2026-08-11,2026-03-21..2026-08-06,baccarat_bet02_101_all_pairs_incl_sentinel,round_win = game_pnl > 0 (decisive only),COMPATIBILITY_ONLY_NOT_PRODUCTION,268817.8208,244366.2908,168.7661,6248,5610,-0.00062781,-0.08642944,0.00436428,-0.00062781,-168.7661,268817.8208,OK,0.0000,6.7506,4.0000,96.0000,AG03-UNRESOLVED,ALL5_LEVELS_bet23_to_bet27,6.7506,6.7506,6.7506,8.4383,8.4383,4.000000,4.000000,4.000000,5.000000,5.000000,96.000000,96.000000,96.000000,95.000000,95.000000,5.0,37.1285,34.0107,131.6376,134.7554,PENDING_AG03,FALSE,NOT_FOR_ENFORCEMENT,162.0155,234591.6392,168.7661,162.0155,6.7506,0.00062781,0.00060270,6.7506,162.0155,0.00060270,6.7506,6.7506,6.7506,8.4383,8.4383,162.0155,0.00060270,37.1285,34.0107,131.6376,134.7554,0.00048969,0.00050129,0.00002511,43.0246,43.5591,0.0301,2.0581,0.0627,3278.2661,68.4146,17.6798,46.9397,25.7155,39.4976,52.6635,77.1466,82.2897,128.5777,31.4111,0.0,2.083411,3.25533,1.089297,30,192,222,8,0.05498276,0.00062781,0.08642944,0E-8,0.000000,0.909041,0.000000,-0.09079372,2026-03-23,2026-08-06,82,2690,1181,137,0.598540,0.376650,0.410924,0.183276,,,,,,,,GLOBAL_BASELINE_NO_ENTITY_RANKING,,,NOT_APPLICABLE_GLOBAL_BASELINE,HF9g-P5,,,,X 全窗基线 · 不参与实体赏罚,6877275,688,A168_HF9F_20260827_0900,2026-08-27 09:00:00
2026-04-21,70460261,1714,0,146.5853467005,88.2129675680,88.2129675680,1.0000000,4,3,0.44372163055545539,0.431135816667,1.9393286514814692,1.9895638028723637,1.9393286514814692,0.01258581388845539,ELIGIBLE,R03b_20260811_FULL_v1,L1_ELIGIBILITY,v2026-08-11,2026-03-21..2026-08-06,baccarat_bet02_101_all_pairs_incl_sentinel,round_win = game_pnl > 0 (decisive only),COMPATIBILITY_ONLY_NOT_PRODUCTION,268817.8208,244366.2908,168.7661,6248,5610,-0.00062781,-0.08642944,0.00436428,-0.00062781,-168.7661,268817.8208,OK,0.0000,6.7506,4.0000,96.0000,AG03-UNRESOLVED,ALL5_LEVELS_bet23_to_bet27,6.7506,6.7506,6.7506,8.4383,8.4383,4.000000,4.000000,4.000000,5.000000,5.000000,96.000000,96.000000,96.000000,95.000000,95.000000,5.0,37.1285,34.0107,131.6376,134.7554,PENDING_AG03,FALSE,NOT_FOR_ENFORCEMENT,162.0155,234591.6392,168.7661,162.0155,6.7506,0.00062781,0.00060270,6.7506,162.0155,0.00060270,6.7506,6.7506,6.7506,8.4383,8.4383,162.0155,0.00060270,37.1285,34.0107,131.6376,134.7554,0.00048969,0.00050129,0.00002511,43.0246,43.5591,0.0301,2.0581,0.0627,3278.2661,68.4146,17.6798,46.9397,25.7155,39.4976,52.6635,77.1466,82.2897,128.5777,31.4111,0.0,2.083411,3.25533,1.089297,30,192,222,8,0.05498276,0.00062781,0.08642944,0E-8,0.000000,0.909041,0.000000,-0.09079372,2026-03-23,2026-08-06,82,2690,1181,137,0.598540,0.376650,0.410924,0.183276,,,,,,,,GLOBAL_BASELINE_NO_ENTITY_RANKING,,,NOT_APPLICABLE_GLOBAL_BASELINE,HF9g-P5,,,,X 全窗基线 · 不参与实体赏罚,6877276,688,A168_HF9F_20260827_0900,2026-08-27 09:00:00
2026-04-21,70460261,1942,0,78.5278643039,23.5583592911,23.5583592911,1.0000000,3,1,0.36029194999981362,0.213933200000,1.3324889877815909,1.9168610524486898,1.3324889877815909,0.14635874999981362,ELIGIBLE,R03b_20260811_FULL_v1,L1_ELIGIBILITY,v2026-08-11,2026-03-21..2026-08-06,baccarat_bet02_101_all_pairs_incl_sentinel,round_win = game_pnl > 0 (decisive only),COMPATIBILITY_ONLY_NOT_PRODUCTION,268817.8208,244366.2908,168.7661,6248,5610,-0.00062781,-0.08642944,0.00436428,-0.00062781,-168.7661,268817.8208,OK,0.0000,6.7506,4.0000,96.0000,AG03-UNRESOLVED,ALL5_LEVELS_bet23_to_bet27,6.7506,6.7506,6.7506,8.4383,8.4383,4.000000,4.000000,4.000000,5.000000,5.000000,96.000000,96.000000,96.000000,95.000000,95.000000,5.0,37.1285,34.0107,131.6376,134.7554,PENDING_AG03,FALSE,NOT_FOR_ENFORCEMENT,162.0155,234591.6392,168.7661,162.0155,6.7506,0.00062781,0.00060270,6.7506,162.0155,0.00060270,6.7506,6.7506,6.7506,8.4383,8.4383,162.0155,0.00060270,37.1285,34.0107,131.6376,134.7554,0.00048969,0.00050129,0.00002511,43.0246,43.5591,0.0301,2.0581,0.0627,3278.2661,68.4146,17.6798,46.9397,25.7155,39.4976,52.6635,77.1466,82.2897,128.5777,31.4111,0.0,2.083411,3.25533,1.089297,30,192,222,8,0.05498276,0.00062781,0.08642944,0E-8,0.000000,0.909041,0.000000,-0.09079372,2026-03-23,2026-08-06,82,2690,1181,137,0.598540,0.376650,0.410924,0.183276,,,,,,,,GLOBAL_BASELINE_NO_ENTITY_RANKING,,,NOT_APPLICABLE_GLOBAL_BASELINE,HF9g-P5,,,,X 全窗基线 · 不参与实体赏罚,6877277,688,A168_HF9F_20260827_0900,2026-08-27 09:00:00
2026-04-21,70460261,1963,0,315.1584954062,-42.9285658195,-42.9285658195,0.6666667,7,4,0.43230357083323866,0.376835162500,0.819402643871083,1.0359267270657855,0.819402643871083,0.05546840833323866,ELIGIBLE,R03b_20260811_FULL_v1,L1_ELIGIBILITY,v2026-08-11,2026-03-21..2026-08-06,baccarat_bet02_101_all_pairs_incl_sentinel,round_win = game_pnl > 0 (decisive only),COMPATIBILITY_ONLY_NOT_PRODUCTION,268817.8208,244366.2908,168.7661,6248,5610,-0.00062781,-0.08642944,0.00436428,-0.00062781,-168.7661,268817.8208,OK,0.0000,6.7506,4.0000,96.0000,AG03-UNRESOLVED,ALL5_LEVELS_bet23_to_bet27,6.7506,6.7506,6.7506,8.4383,8.4383,4.000000,4.000000,4.000000,5.000000,5.000000,96.000000,96.000000,96.000000,95.000000,95.000000,5.0,37.1285,34.0107,131.6376,134.7554,PENDING_AG03,FALSE,NOT_FOR_ENFORCEMENT,162.0155,234591.6392,168.7661,162.0155,6.7506,0.00062781,0.00060270,6.7506,162.0155,0.00060270,6.7506,6.7506,6.7506,8.4383,8.4383,162.0155,0.00060270,37.1285,34.0107,131.6376,134.7554,0.00048969,0.00050129,0.00002511,43.0246,43.5591,0.0301,2.0581,0.0627,3278.2661,68.4146,17.6798,46.9397,25.7155,39.4976,52.6635,77.1466,82.2897,128.5777,31.4111,0.0,2.083411,3.25533,1.089297,30,192,222,8,0.05498276,0.00062781,0.08642944,0E-8,0.000000,0.909041,0.000000,-0.09079372,2026-03-23,2026-08-06,82,2690,1181,137,0.598540,0.376650,0.410924,0.183276,,,,,,,,GLOBAL_BASELINE_NO_ENTITY_RANKING,,,NOT_APPLICABLE_GLOBAL_BASELINE,HF9g-P5,,,,X 全窗基线 · 不参与实体赏罚,6877278,688,A168_HF9F_20260827_0900,2026-08-27 09:00:00
2026-04-21,70460261,2109,0,44.4991231056,-44.4991231056,-44.4991231056,0E-7,3,1,0.32338170588235294,0.213933200000,-0.6913307204079704,-0.5216862217126026,-0.6913307204079704,0.10944850588235294,ELIGIBLE,R03b_20260811_FULL_v1,L1_ELIGIBILITY,v2026-08-11,2026-03-21..2026-08-06,baccarat_bet02_101_all_pairs_incl_sentinel,round_win = game_pnl > 0 (decisive only),COMPATIBILITY_ONLY_NOT_PRODUCTION,268817.8208,244366.2908,168.7661,6248,5610,-0.00062781,-0.08642944,0.00436428,-0.00062781,-168.7661,268817.8208,OK,0.0000,6.7506,4.0000,96.0000,AG03-UNRESOLVED,ALL5_LEVELS_bet23_to_bet27,6.7506,6.7506,6.7506,8.4383,8.4383,4.000000,4.000000,4.000000,5.000000,5.000000,96.000000,96.000000,96.000000,95.000000,95.000000,5.0,37.1285,34.0107,131.6376,134.7554,PENDING_AG03,FALSE,NOT_FOR_ENFORCEMENT,162.0155,234591.6392,168.7661,162.0155,6.7506,0.00062781,0.00060270,6.7506,162.0155,0.00060270,6.7506,6.7506,6.7506,8.4383,8.4383,162.0155,0.00060270,37.1285,34.0107,131.6376,134.7554,0.00048969,0.00050129,0.00002511,43.0246,43.5591,0.0301,2.0581,0.0627,3278.2661,68.4146,17.6798,46.9397,25.7155,39.4976,52.6635,77.1466,82.2897,128.5777,31.4111,0.0,2.083411,3.25533,1.089297,30,192,222,8,0.05498276,0.00062781,0.08642944,0E-8,0.000000,0.909041,0.000000,-0.09079372,2026-03-23,2026-08-06,82,2690,1181,137,0.598540,0.376650,0.410924,0.183276,,,,,,,,GLOBAL_BASELINE_NO_ENTITY_RANKING,,,NOT_APPLICABLE_GLOBAL_BASELINE,HF9g-P5,,,,X 全窗基线 · 不参与实体赏罚,6877279,688,A168_HF9F_20260827_0900,2026-08-27 09:00:00
2026-04-21,70460261,2127,0,70.6750778735,-70.6750778735,-70.6750778735,0E-7,1,1,0.50665070000000000,0.506650700000,-1.013391052207602,-1.013391052207602,-1.013391052207602,0E-17,ELIGIBLE,R03b_20260811_FULL_v1,L1_ELIGIBILITY,v2026-08-11,2026-03-21..2026-08-06,baccarat_bet02_101_all_pairs_incl_sentinel,round_win = game_pnl > 0 (decisive only),COMPATIBILITY_ONLY_NOT_PRODUCTION,268817.8208,244366.2908,168.7661,6248,5610,-0.00062781,-0.08642944,0.00436428,-0.00062781,-168.7661,268817.8208,OK,0.0000,6.7506,4.0000,96.0000,AG03-UNRESOLVED,ALL5_LEVELS_bet23_to_bet27,6.7506,6.7506,6.7506,8.4383,8.4383,4.000000,4.000000,4.000000,5.000000,5.000000,96.000000,96.000000,96.000000,95.000000,95.000000,5.0,37.1285,34.0107,131.6376,134.7554,PENDING_AG03,FALSE,NOT_FOR_ENFORCEMENT,162.0155,234591.6392,168.7661,162.0155,6.7506,0.00062781,0.00060270,6.7506,162.0155,0.00060270,6.7506,6.7506,6.7506,8.4383,8.4383,162.0155,0.00060270,37.1285,34.0107,131.6376,134.7554,0.00048969,0.00050129,0.00002511,43.0246,43.5591,0.0301,2.0581,0.0627,3278.2661,68.4146,17.6798,46.9397,25.7155,39.4976,52.6635,77.1466,82.2897,128.5777,31.4111,0.0,2.083411,3.25533,1.089297,30,192,222,8,0.05498276,0.00062781,0.08642944,0E-8,0.000000,0.909041,0.000000,-0.09079372,2026-03-23,2026-08-06,82,2690,1181,137,0.598540,0.376650,0.410924,0.183276,,,,,,,,GLOBAL_BASELINE_NO_ENTITY_RANKING,,,NOT_APPLICABLE_GLOBAL_BASELINE,HF9g-P5,,,,X 全窗基线 · 不参与实体赏罚,6877280,688,A168_HF9F_20260827_0900,2026-08-27 09:00:00
2026-04-21,70460261,2129,0,172.7613014685,115.6977200743,115.6977200743,1.0000000,4,3,0.45346302043004749,0.426667416667,1.901513728669718,2.0077942226227,1.901513728669718,0.02679560376304749,ELIGIBLE,R03b_20260811_FULL_v1,L1_ELIGIBILITY,v2026-08-11,2026-03-21..2026-08-06,baccarat_bet02_101_all_pairs_incl_sentinel,round_win = game_pnl > 0 (decisive only),COMPATIBILITY_ONLY_NOT_PRODUCTION,268817.8208,244366.2908,168.7661,6248,5610,-0.00062781,-0.08642944,0.00436428,-0.00062781,-168.7661,268817.8208,OK,0.0000,6.7506,4.0000,96.0000,AG03-UNRESOLVED,ALL5_LEVELS_bet23_to_bet27,6.7506,6.7506,6.7506,8.4383,8.4383,4.000000,4.000000,4.000000,5.000000,5.000000,96.000000,96.000000,96.000000,95.000000,95.000000,5.0,37.1285,34.0107,131.6376,134.7554,PENDING_AG03,FALSE,NOT_FOR_ENFORCEMENT,162.0155,234591.6392,168.7661,162.0155,6.7506,0.00062781,0.00060270,6.7506,162.0155,0.00060270,6.7506,6.7506,6.7506,8.4383,8.4383,162.0155,0.00060270,37.1285,34.0107,131.6376,134.7554,0.00048969,0.00050129,0.00002511,43.0246,43.5591,0.0301,2.0581,0.0627,3278.2661,68.4146,17.6798,46.9397,25.7155,39.4976,52.6635,77.1466,82.2897,128.5777,31.4111,0.0,2.083411,3.25533,1.089297,30,192,222,8,0.05498276,0.00062781,0.08642944,0E-8,0.000000,0.909041,0.000000,-0.09079372,2026-03-23,2026-08-06,82,2690,1181,137,0.598540,0.376650,0.410924,0.183276,,,,,,,,GLOBAL_BASELINE_NO_ENTITY_RANKING,,,NOT_APPLICABLE_GLOBAL_BASELINE,HF9g-P5,,,,X 全窗基线 · 不参与实体赏罚,6877281,688,A168_HF9F_20260827_0900,2026-08-27 09:00:00
2026-04-21,70460261,2134,0,39.2639321519,37.3007355443,37.3007355443,1.0000000,1,1,0.50665070000000000,0.506650700000,0.9867858985152569,0.9867858985152569,0.9867858985152569,0E-17,ELIGIBLE,R03b_20260811_FULL_v1,L1_ELIGIBILITY,v2026-08-11,2026-03-21..2026-08-06,baccarat_bet02_101_all_pairs_incl_sentinel,round_win = game_pnl > 0 (decisive only),COMPATIBILITY_ONLY_NOT_PRODUCTION,268817.8208,244366.2908,168.7661,6248,5610,-0.00062781,-0.08642944,0.00436428,-0.00062781,-168.7661,268817.8208,OK,0.0000,6.7506,4.0000,96.0000,AG03-UNRESOLVED,ALL5_LEVELS_bet23_to_bet27,6.7506,6.7506,6.7506,8.4383,8.4383,4.000000,4.000000,4.000000,5.000000,5.000000,96.000000,96.000000,96.000000,95.000000,95.000000,5.0,37.1285,34.0107,131.6376,134.7554,PENDING_AG03,FALSE,NOT_FOR_ENFORCEMENT,162.0155,234591.6392,168.7661,162.0155,6.7506,0.00062781,0.00060270,6.7506,162.0155,0.00060270,6.7506,6.7506,6.7506,8.4383,8.4383,162.0155,0.00060270,37.1285,34.0107,131.6376,134.7554,0.00048969,0.00050129,0.00002511,43.0246,43.5591,0.0301,2.0581,0.0627,3278.2661,68.4146,17.6798,46.9397,25.7155,39.4976,52.6635,77.1466,82.2897,128.5777,31.4111,0.0,2.083411,3.25533,1.089297,30,192,222,8,0.05498276,0.00062781,0.08642944,0E-8,0.000000,0.909041,0.000000,-0.09079372,2026-03-23,2026-08-06,82,2690,1181,137,0.598540,0.376650,0.410924,0.183276,,,,,,,,GLOBAL_BASELINE_NO_ENTITY_RANKING,,,NOT_APPLICABLE_GLOBAL_BASELINE,HF9g-P5,,,,X 全窗基线 · 不参与实体赏罚,6877282,688,A168_HF9F_20260827_0900,2026-08-27 09:00:00
2026-04-21,70460261,2147,0,14.6585346701,-14.6585346701,-14.6585346701,0E-7,1,1,0.49324550000000000,0.493245500000,-0.9865810262130424,-0.9865810262130424,-0.9865810262130424,0E-17,ELIGIBLE,R03b_20260811_FULL_v1,L1_ELIGIBILITY,v2026-08-11,2026-03-21..2026-08-06,baccarat_bet02_101_all_pairs_incl_sentinel,round_win = game_pnl > 0 (decisive only),COMPATIBILITY_ONLY_NOT_PRODUCTION,268817.8208,244366.2908,168.7661,6248,5610,-0.00062781,-0.08642944,0.00436428,-0.00062781,-168.7661,268817.8208,OK,0.0000,6.7506,4.0000,96.0000,AG03-UNRESOLVED,ALL5_LEVELS_bet23_to_bet27,6.7506,6.7506,6.7506,8.4383,8.4383,4.000000,4.000000,4.000000,5.000000,5.000000,96.000000,96.000000,96.000000,95.000000,95.000000,5.0,37.1285,34.0107,131.6376,134.7554,PENDING_AG03,FALSE,NOT_FOR_ENFORCEMENT,162.0155,234591.6392,168.7661,162.0155,6.7506,0.00062781,0.00060270,6.7506,162.0155,0.00060270,6.7506,6.7506,6.7506,8.4383,8.4383,162.0155,0.00060270,37.1285,34.0107,131.6376,134.7554,0.00048969,0.00050129,0.00002511,43.0246,43.5591,0.0301,2.0581,0.0627,3278.2661,68.4146,17.6798,46.9397,25.7155,39.4976,52.6635,77.1466,82.2897,128.5777,31.4111,0.0,2.083411,3.25533,1.089297,30,192,222,8,0.05498276,0.00062781,0.08642944,0E-8,0.000000,0.909041,0.000000,-0.09079372,2026-03-23,2026-08-06,82,2690,1181,137,0.598540,0.376650,0.410924,0.183276,,,,,,,,GLOBAL_BASELINE_NO_ENTITY_RANKING,,,NOT_APPLICABLE_GLOBAL_BASELINE,HF9g-P5,,,,X 全窗基线 · 不参与实体赏罚,6877283,688,A168_HF9F_20260827_0900,2026-08-27 09:00:00
2026-04-21,70460261,2155,0,54.9695050127,-54.9695050127,-54.9695050127,0E-7,2,1,0.29089389047579797,0.280106050000,-0.640489016245346,-0.6237735893609975,-0.640489016245346,0.01078784047579797,ELIGIBLE,R03b_20260811_FULL_v1,L1_ELIGIBILITY,v2026-08-11,2026-03-21..2026-08-06,baccarat_bet02_101_all_pairs_incl_sentinel,round_win = game_pnl > 0 (decisive only),COMPATIBILITY_ONLY_NOT_PRODUCTION,268817.8208,244366.2908,168.7661,6248,5610,-0.00062781,-0.08642944,0.00436428,-0.00062781,-168.7661,268817.8208,OK,0.0000,6.7506,4.0000,96.0000,AG03-UNRESOLVED,ALL5_LEVELS_bet23_to_bet27,6.7506,6.7506,6.7506,8.4383,8.4383,4.000000,4.000000,4.000000,5.000000,5.000000,96.000000,96.000000,96.000000,95.000000,95.000000,5.0,37.1285,34.0107,131.6376,134.7554,PENDING_AG03,FALSE,NOT_FOR_ENFORCEMENT,162.0155,234591.6392,168.7661,162.0155,6.7506,0.00062781,0.00060270,6.7506,162.0155,0.00060270,6.7506,6.7506,6.7506,8.4383,8.4383,162.0155,0.00060270,37.1285,34.0107,131.6376,134.7554,0.00048969,0.00050129,0.00002511,43.0246,43.5591,0.0301,2.0581,0.0627,3278.2661,68.4146,17.6798,46.9397,25.7155,39.4976,52.6635,77.1466,82.2897,128.5777,31.4111,0.0,2.083411,3.25533,1.089297,30,192,222,8,0.05498276,0.00062781,0.08642944,0E-8,0.000000,0.909041,0.000000,-0.09079372,2026-03-23,2026-08-06,82,2690,1181,137,0.598540,0.376650,0.410924,0.183276,,,,,,,,GLOBAL_BASELINE_NO_ENTITY_RANKING,,,NOT_APPLICABLE_GLOBAL_BASELINE,HF9g-P5,,,,X 全窗基线 · 不参与实体赏罚,6877284,688,A168_HF9F_20260827_0900,2026-08-27 09:00:00
2026-04-21,70460261,2156,0,296.8353270686,230.4792817318,230.4792817318,0.3333333,6,4,0.42983383591944070,0.393378375000,-0.3376285645241887,-0.21289898594033782,-0.3376285645241887,0.03645546091944070,ELIGIBLE,R03b_20260811_FULL_v1,L1_ELIGIBILITY,v2026-08-11,2026-03-21..2026-08-06,baccarat_bet02_101_all_pairs_incl_sentinel,round_win = game_pnl > 0 (decisive only),COMPATIBILITY_ONLY_NOT_PRODUCTION,268817.8208,244366.2908,168.7661,6248,5610,-0.00062781,-0.08642944,0.00436428,-0.00062781,-168.7661,268817.8208,OK,0.0000,6.7506,4.0000,96.0000,AG03-UNRESOLVED,ALL5_LEVELS_bet23_to_bet27,6.7506,6.7506,6.7506,8.4383,8.4383,4.000000,4.000000,4.000000,5.000000,5.000000,96.000000,96.000000,96.000000,95.000000,95.000000,5.0,37.1285,34.0107,131.6376,134.7554,PENDING_AG03,FALSE,NOT_FOR_ENFORCEMENT,162.0155,234591.6392,168.7661,162.0155,6.7506,0.00062781,0.00060270,6.7506,162.0155,0.00060270,6.7506,6.7506,6.7506,8.4383,8.4383,162.0155,0.00060270,37.1285,34.0107,131.6376,134.7554,0.00048969,0.00050129,0.00002511,43.0246,43.5591,0.0301,2.0581,0.0627,3278.2661,68.4146,17.6798,46.9397,25.7155,39.4976,52.6635,77.1466,82.2897,128.5777,31.4111,0.0,2.083411,3.25533,1.089297,30,192,222,8,0.05498276,0.00062781,0.08642944,0E-8,0.000000,0.909041,0.000000,-0.09079372,2026-03-23,2026-08-06,82,2690,1181,137,0.598540,0.376650,0.410924,0.183276,,,,,,,,GLOBAL_BASELINE_NO_ENTITY_RANKING,,,NOT_APPLICABLE_GLOBAL_BASELINE,HF9g-P5,,,,X 全窗基线 · 不参与实体赏罚,6877285,688,A168_HF9F_20260827_0900,2026-08-27 09:00:00
2026-04-21,70460261,2167,0,112.5566055023,76.3029081485,76.3029081485,0.7500000,4,4,0.50665070000000000,0.506650700000,0.9734833216690844,0.9734833216690844,0.9734833216690844,0E-17,ELIGIBLE,R03b_20260811_FULL_v1,L1_ELIGIBILITY,v2026-08-11,2026-03-21..2026-08-06,baccarat_bet02_101_all_pairs_incl_sentinel,round_win = game_pnl > 0 (decisive only),COMPATIBILITY_ONLY_NOT_PRODUCTION,268817.8208,244366.2908,168.7661,6248,5610,-0.00062781,-0.08642944,0.00436428,-0.00062781,-168.7661,268817.8208,OK,0.0000,6.7506,4.0000,96.0000,AG03-UNRESOLVED,ALL5_LEVELS_bet23_to_bet27,6.7506,6.7506,6.7506,8.4383,8.4383,4.000000,4.000000,4.000000,5.000000,5.000000,96.000000,96.000000,96.000000,95.000000,95.000000,5.0,37.1285,34.0107,131.6376,134.7554,PENDING_AG03,FALSE,NOT_FOR_ENFORCEMENT,162.0155,234591.6392,168.7661,162.0155,6.7506,0.00062781,0.00060270,6.7506,162.0155,0.00060270,6.7506,6.7506,6.7506,8.4383,8.4383,162.0155,0.00060270,37.1285,34.0107,131.6376,134.7554,0.00048969,0.00050129,0.00002511,43.0246,43.5591,0.0301,2.0581,0.0627,3278.2661,68.4146,17.6798,46.9397,25.7155,39.4976,52.6635,77.1466,82.2897,128.5777,31.4111,0.0,2.083411,3.25533,1.089297,30,192,222,8,0.05498276,0.00062781,0.08642944,0E-8,0.000000,0.909041,0.000000,-0.09079372,2026-03-23,2026-08-06,82,2690,1181,137,0.598540,0.376650,0.410924,0.183276,,,,,,,,GLOBAL_BASELINE_NO_ENTITY_RANKING,,,NOT_APPLICABLE_GLOBAL_BASELINE,HF9g-P5,,,,X 全窗基线 · 不参与实体赏罚,6877286,688,A168_HF9F_20260827_0900,2026-08-27 09:00:00
2026-04-21,70460261,2170,0,54.9695050127,54.9695050127,54.9695050127,1.0000000,2,2,0.49324550000000000,0.493245500000,1.4334489766152358,1.4334489766152358,1.4334489766152358,0E-17,ELIGIBLE,R03b_20260811_FULL_v1,L1_ELIGIBILITY,v2026-08-11,2026-03-21..2026-08-06,baccarat_bet02_101_all_pairs_incl_sentinel,round_win = game_pnl > 0 (decisive only),COMPATIBILITY_ONLY_NOT_PRODUCTION,268817.8208,244366.2908,168.7661,6248,5610,-0.00062781,-0.08642944,0.00436428,-0.00062781,-168.7661,268817.8208,OK,0.0000,6.7506,4.0000,96.0000,AG03-UNRESOLVED,ALL5_LEVELS_bet23_to_bet27,6.7506,6.7506,6.7506,8.4383,8.4383,4.000000,4.000000,4.000000,5.000000,5.000000,96.000000,96.000000,96.000000,95.000000,95.000000,5.0,37.1285,34.0107,131.6376,134.7554,PENDING_AG03,FALSE,NOT_FOR_ENFORCEMENT,162.0155,234591.6392,168.7661,162.0155,6.7506,0.00062781,0.00060270,6.7506,162.0155,0.00060270,6.7506,6.7506,6.7506,8.4383,8.4383,162.0155,0.00060270,37.1285,34.0107,131.6376,134.7554,0.00048969,0.00050129,0.00002511,43.0246,43.5591,0.0301,2.0581,0.0627,3278.2661,68.4146,17.6798,46.9397,25.7155,39.4976,52.6635,77.1466,82.2897,128.5777,31.4111,0.0,2.083411,3.25533,1.089297,30,192,222,8,0.05498276,0.00062781,0.08642944,0E-8,0.000000,0.909041,0.000000,-0.09079372,2026-03-23,2026-08-06,82,2690,1181,137,0.598540,0.376650,0.410924,0.183276,,,,,,,,GLOBAL_BASELINE_NO_ENTITY_RANKING,,,NOT_APPLICABLE_GLOBAL_BASELINE,HF9g-P5,,,,X 全窗基线 · 不参与实体赏罚,6877287,688,A168_HF9F_20260827_0900,2026-08-27 09:00:00
2026-04-21,70460261,2174,0,172.7613014685,-41.8815276288,-41.8815276288,0.5000000,4,3,0.47931241111106257,0.433572633333,0.0585634866034761,0.18956536400541962,0.0585634866034761,0.04573977777806257,ELIGIBLE,R03b_20260811_FULL_v1,L1_ELIGIBILITY,v2026-08-11,2026-03-21..2026-08-06,baccarat_bet02_101_all_pairs_incl_sentinel,round_win = game_pnl > 0 (decisive only),COMPATIBILITY_ONLY_NOT_PRODUCTION,268817.8208,244366.2908,168.7661,6248,5610,-0.00062781,-0.08642944,0.00436428,-0.00062781,-168.7661,268817.8208,OK,0.0000,6.7506,4.0000,96.0000,AG03-UNRESOLVED,ALL5_LEVELS_bet23_to_bet27,6.7506,6.7506,6.7506,8.4383,8.4383,4.000000,4.000000,4.000000,5.000000,5.000000,96.000000,96.000000,96.000000,95.000000,95.000000,5.0,37.1285,34.0107,131.6376,134.7554,PENDING_AG03,FALSE,NOT_FOR_ENFORCEMENT,162.0155,234591.6392,168.7661,162.0155,6.7506,0.00062781,0.00060270,6.7506,162.0155,0.00060270,6.7506,6.7506,6.7506,8.4383,8.4383,162.0155,0.00060270,37.1285,34.0107,131.6376,134.7554,0.00048969,0.00050129,0.00002511,43.0246,43.5591,0.0301,2.0581,0.0627,3278.2661,68.4146,17.6798,46.9397,25.7155,39.4976,52.6635,77.1466,82.2897,128.5777,31.4111,0.0,2.083411,3.25533,1.089297,30,192,222,8,0.05498276,0.00062781,0.08642944,0E-8,0.000000,0.909041,0.000000,-0.09079372,2026-03-23,2026-08-06,82,2690,1181,137,0.598540,0.376650,0.410924,0.183276,,,,,,,,GLOBAL_BASELINE_NO_ENTITY_RANKING,,,NOT_APPLICABLE_GLOBAL_BASELINE,HF9g-P5,,,,X 全窗基线 · 不参与实体赏罚,6877288,688,A168_HF9F_20260827_0900,2026-08-27 09:00:00
2026-04-21,70460261,2188,0,52.3519095359,49.7343140591,49.7343140591,1.0000000,1,1,0.50665070000000000,0.506650700000,0.9867858985152569,0.9867858985152569,0.9867858985152569,0E-17,ELIGIBLE,R03b_20260811_FULL_v1,L1_ELIGIBILITY,v2026-08-11,2026-03-21..2026-08-06,baccarat_bet02_101_all_pairs_incl_sentinel,round_win = game_pnl > 0 (decisive only),COMPATIBILITY_ONLY_NOT_PRODUCTION,268817.8208,244366.2908,168.7661,6248,5610,-0.00062781,-0.08642944,0.00436428,-0.00062781,-168.7661,268817.8208,OK,0.0000,6.7506,4.0000,96.0000,AG03-UNRESOLVED,ALL5_LEVELS_bet23_to_bet27,6.7506,6.7506,6.7506,8.4383,8.4383,4.000000,4.000000,4.000000,5.000000,5.000000,96.000000,96.000000,96.000000,95.000000,95.000000,5.0,37.1285,34.0107,131.6376,134.7554,PENDING_AG03,FALSE,NOT_FOR_ENFORCEMENT,162.0155,234591.6392,168.7661,162.0155,6.7506,0.00062781,0.00060270,6.7506,162.0155,0.00060270,6.7506,6.7506,6.7506,8.4383,8.4383,162.0155,0.00060270,37.1285,34.0107,131.6376,134.7554,0.00048969,0.00050129,0.00002511,43.0246,43.5591,0.0301,2.0581,0.0627,3278.2661,68.4146,17.6798,46.9397,25.7155,39.4976,52.6635,77.1466,82.2897,128.5777,31.4111,0.0,2.083411,3.25533,1.089297,30,192,222,8,0.05498276,0.00062781,0.08642944,0E-8,0.000000,0.909041,0.000000,-0.09079372,2026-03-23,2026-08-06,82,2690,1181,137,0.598540,0.376650,0.410924,0.183276,,,,,,,,GLOBAL_BASELINE_NO_ENTITY_RANKING,,,NOT_APPLICABLE_GLOBAL_BASELINE,HF9g-P5,,,,X 全窗基线 · 不参与实体赏罚,6877289,688,A168_HF9F_20260827_0900,2026-08-27 09:00:00
2026-04-21,70460261,2201,0,157.0557286078,-54.9695050128,-54.9695050128,0.3333333,5,3,0.44623879333324102,0.355620933333,-0.39339664012845016,-0.08064167904833064,-0.39339664012845016,0.09061786000024102,ELIGIBLE,R03b_20260811_FULL_v1,L1_ELIGIBILITY,v2026-08-11,2026-03-21..2026-08-06,baccarat_bet02_101_all_pairs_incl_sentinel,round_win = game_pnl > 0 (decisive only),COMPATIBILITY_ONLY_NOT_PRODUCTION,268817.8208,244366.2908,168.7661,6248,5610,-0.00062781,-0.08642944,0.00436428,-0.00062781,-168.7661,268817.8208,OK,0.0000,6.7506,4.0000,96.0000,AG03-UNRESOLVED,ALL5_LEVELS_bet23_to_bet27,6.7506,6.7506,6.7506,8.4383,8.4383,4.000000,4.000000,4.000000,5.000000,5.000000,96.000000,96.000000,96.000000,95.000000,95.000000,5.0,37.1285,34.0107,131.6376,134.7554,PENDING_AG03,FALSE,NOT_FOR_ENFORCEMENT,162.0155,234591.6392,168.7661,162.0155,6.7506,0.00062781,0.00060270,6.7506,162.0155,0.00060270,6.7506,6.7506,6.7506,8.4383,8.4383,162.0155,0.00060270,37.1285,34.0107,131.6376,134.7554,0.00048969,0.00050129,0.00002511,43.0246,43.5591,0.0301,2.0581,0.0627,3278.2661,68.4146,17.6798,46.9397,25.7155,39.4976,52.6635,77.1466,82.2897,128.5777,31.4111,0.0,2.083411,3.25533,1.089297,30,192,222,8,0.05498276,0.00062781,0.08642944,0E-8,0.000000,0.909041,0.000000,-0.09079372,2026-03-23,2026-08-06,82,2690,1181,137,0.598540,0.376650,0.410924,0.183276,,,,,,,,GLOBAL_BASELINE_NO_ENTITY_RANKING,,,NOT_APPLICABLE_GLOBAL_BASELINE,HF9g-P5,,,,X 全窗基线 · 不参与实体赏罚,6877290,688,A168_HF9F_20260827_0900,2026-08-27 09:00:00
2026-04-21,70460261,2205,0,70.6750778735,56.9327016203,56.9327016203,1.0000000,3,2,0.47999838823523423,0.393378375000,1.4719648969072727,1.756178681499947,1.4719648969072727,0.08662001323523423,ELIGIBLE,R03b_20260811_FULL_v1,L1_ELIGIBILITY,v2026-08-11,2026-03-21..2026-08-06,baccarat_bet02_101_all_pairs_incl_sentinel,round_win = game_pnl > 0 (decisive only),COMPATIBILITY_ONLY_NOT_PRODUCTION,268817.8208,244366.2908,168.7661,6248,5610,-0.00062781,-0.08642944,0.00436428,-0.00062781,-168.7661,268817.8208,OK,0.0000,6.7506,4.0000,96.0000,AG03-UNRESOLVED,ALL5_LEVELS_bet23_to_bet27,6.7506,6.7506,6.7506,8.4383,8.4383,4.000000,4.000000,4.000000,5.000000,5.000000,96.000000,96.000000,96.000000,95.000000,95.000000,5.0,37.1285,34.0107,131.6376,134.7554,PENDING_AG03,FALSE,NOT_FOR_ENFORCEMENT,162.0155,234591.6392,168.7661,162.0155,6.7506,0.00062781,0.00060270,6.7506,162.0155,0.00060270,6.7506,6.7506,6.7506,8.4383,8.4383,162.0155,0.00060270,37.1285,34.0107,131.6376,134.7554,0.00048969,0.00050129,0.00002511,43.0246,43.5591,0.0301,2.0581,0.0627,3278.2661,68.4146,17.6798,46.9397,25.7155,39.4976,52.6635,77.1466,82.2897,128.5777,31.4111,0.0,2.083411,3.25533,1.089297,30,192,222,8,0.05498276,0.00062781,0.08642944,0E-8,0.000000,0.909041,0.000000,-0.09079372,2026-03-23,2026-08-06,82,2690,1181,137,0.598540,0.376650,0.410924,0.183276,,,,,,,,GLOBAL_BASELINE_NO_ENTITY_RANKING,,,NOT_APPLICABLE_GLOBAL_BASELINE,HF9g-P5,,,,X 全窗基线 · 不参与实体赏罚,6877291,688,A168_HF9F_20260827_0900,2026-08-27 09:00:00
2026-04-21,70460261,2208,0,78.5278643039,-78.5278643039,-78.5278643039,0E-7,2,2,0.50665070000000000,0.506650700000,-1.4331513700195317,-1.4331513700195317,-1.4331513700195317,0E-17,ELIGIBLE,R03b_20260811_FULL_v1,L1_ELIGIBILITY,v2026-08-11,2026-03-21..2026-08-06,baccarat_bet02_101_all_pairs_incl_sentinel,round_win = game_pnl > 0 (decisive only),COMPATIBILITY_ONLY_NOT_PRODUCTION,268817.8208,244366.2908,168.7661,6248,5610,-0.00062781,-0.08642944,0.00436428,-0.00062781,-168.7661,268817.8208,OK,0.0000,6.7506,4.0000,96.0000,AG03-UNRESOLVED,ALL5_LEVELS_bet23_to_bet27,6.7506,6.7506,6.7506,8.4383,8.4383,4.000000,4.000000,4.000000,5.000000,5.000000,96.000000,96.000000,96.000000,95.000000,95.000000,5.0,37.1285,34.0107,131.6376,134.7554,PENDING_AG03,FALSE,NOT_FOR_ENFORCEMENT,162.0155,234591.6392,168.7661,162.0155,6.7506,0.00062781,0.00060270,6.7506,162.0155,0.00060270,6.7506,6.7506,6.7506,8.4383,8.4383,162.0155,0.00060270,37.1285,34.0107,131.6376,134.7554,0.00048969,0.00050129,0.00002511,43.0246,43.5591,0.0301,2.0581,0.0627,3278.2661,68.4146,17.6798,46.9397,25.7155,39.4976,52.6635,77.1466,82.2897,128.5777,31.4111,0.0,2.083411,3.25533,1.089297,30,192,222,8,0.05498276,0.00062781,0.08642944,0E-8,0.000000,0.909041,0.000000,-0.09079372,2026-03-23,2026-08-06,82,2690,1181,137,0.598540,0.376650,0.410924,0.183276,,,,,,,,GLOBAL_BASELINE_NO_ENTITY_RANKING,,,NOT_APPLICABLE_GLOBAL_BASELINE,HF9g-P5,,,,X 全窗基线 · 不参与实体赏罚,6877292,688,A168_HF9F_20260827_0900,2026-08-27 09:00:00
2026-04-21,70460261,2222,0,117.7917964559,-117.7917964559,-117.7917964559,0E-7,3,2,0.47428717857139325,0.393378375000,-1.3432640925988677,-1.138836281904872,-1.3432640925988677,0.08090880357139325,ELIGIBLE,R03b_20260811_FULL_v1,L1_ELIGIBILITY,v2026-08-11,2026-03-21..2026-08-06,baccarat_bet02_101_all_pairs_incl_sentinel,round_win = game_pnl > 0 (decisive only),COMPATIBILITY_ONLY_NOT_PRODUCTION,268817.8208,244366.2908,168.7661,6248,5610,-0.00062781,-0.08642944,0.00436428,-0.00062781,-168.7661,268817.8208,OK,0.0000,6.7506,4.0000,96.0000,AG03-UNRESOLVED,ALL5_LEVELS_bet23_to_bet27,6.7506,6.7506,6.7506,8.4383,8.4383,4.000000,4.000000,4.000000,5.000000,5.000000,96.000000,96.000000,96.000000,95.000000,95.000000,5.0,37.1285,34.0107,131.6376,134.7554,PENDING_AG03,FALSE,NOT_FOR_ENFORCEMENT,162.0155,234591.6392,168.7661,162.0155,6.7506,0.00062781,0.00060270,6.7506,162.0155,0.00060270,6.7506,6.7506,6.7506,8.4383,8.4383,162.0155,0.00060270,37.1285,34.0107,131.6376,134.7554,0.00048969,0.00050129,0.00002511,43.0246,43.5591,0.0301,2.0581,0.0627,3278.2661,68.4146,17.6798,46.9397,25.7155,39.4976,52.6635,77.1466,82.2897,128.5777,31.4111,0.0,2.083411,3.25533,1.089297,30,192,222,8,0.05498276,0.00062781,0.08642944,0E-8,0.000000,0.909041,0.000000,-0.09079372,2026-03-23,2026-08-06,82,2690,1181,137,0.598540,0.376650,0.410924,0.183276,,,,,,,,GLOBAL_BASELINE_NO_ENTITY_RANKING,,,NOT_APPLICABLE_GLOBAL_BASELINE,HF9g-P5,,,,X 全窗基线 · 不参与实体赏罚,6877293,688,A168_HF9F_20260827_0900,2026-08-27 09:00:00
2026-04-21,70460261,2223,0,272.2299295867,87.0350496035,87.0350496035,0.7500000,6,6,0.50665070000000000,0.506650700000,0.9734833216690844,0.9734833216690844,0.9734833216690844,0E-17,ELIGIBLE,R03b_20260811_FULL_v1,L1_ELIGIBILITY,v2026-08-11,2026-03-21..2026-08-06,baccarat_bet02_101_all_pairs_incl_sentinel,round_win = game_pnl > 0 (decisive only),COMPATIBILITY_ONLY_NOT_PRODUCTION,268817.8208,244366.2908,168.7661,6248,5610,-0.00062781,-0.08642944,0.00436428,-0.00062781,-168.7661,268817.8208,OK,0.0000,6.7506,4.0000,96.0000,AG03-UNRESOLVED,ALL5_LEVELS_bet23_to_bet27,6.7506,6.7506,6.7506,8.4383,8.4383,4.000000,4.000000,4.000000,5.000000,5.000000,96.000000,96.000000,96.000000,95.000000,95.000000,5.0,37.1285,34.0107,131.6376,134.7554,PENDING_AG03,FALSE,NOT_FOR_ENFORCEMENT,162.0155,234591.6392,168.7661,162.0155,6.7506,0.00062781,0.00060270,6.7506,162.0155,0.00060270,6.7506,6.7506,6.7506,8.4383,8.4383,162.0155,0.00060270,37.1285,34.0107,131.6376,134.7554,0.00048969,0.00050129,0.00002511,43.0246,43.5591,0.0301,2.0581,0.0627,3278.2661,68.4146,17.6798,46.9397,25.7155,39.4976,52.6635,77.1466,82.2897,128.5777,31.4111,0.0,2.083411,3.25533,1.089297,30,192,222,8,0.05498276,0.00062781,0.08642944,0E-8,0.000000,0.909041,0.000000,-0.09079372,2026-03-23,2026-08-06,82,2690,1181,137,0.598540,0.376650,0.410924,0.183276,,,,,,,,GLOBAL_BASELINE_NO_ENTITY_RANKING,,,NOT_APPLICABLE_GLOBAL_BASELINE,HF9g-P5,,,,X 全窗基线 · 不参与实体赏罚,6877294,688,A168_HF9F_20260827_0900,2026-08-27 09:00:00
2026-04-21,70460261,2229,0,26.1759547680,24.8671570296,24.8671570296,1.0000000,1,1,0.50665070000000000,0.506650700000,0.9867858985152569,0.9867858985152569,0.9867858985152569,0E-17,ELIGIBLE,R03b_20260811_FULL_v1,L1_ELIGIBILITY,v2026-08-11,2026-03-21..2026-08-06,baccarat_bet02_101_all_pairs_incl_sentinel,round_win = game_pnl > 0 (decisive only),COMPATIBILITY_ONLY_NOT_PRODUCTION,268817.8208,244366.2908,168.7661,6248,5610,-0.00062781,-0.08642944,0.00436428,-0.00062781,-168.7661,268817.8208,OK,0.0000,6.7506,4.0000,96.0000,AG03-UNRESOLVED,ALL5_LEVELS_bet23_to_bet27,6.7506,6.7506,6.7506,8.4383,8.4383,4.000000,4.000000,4.000000,5.000000,5.000000,96.000000,96.000000,96.000000,95.000000,95.000000,5.0,37.1285,34.0107,131.6376,134.7554,PENDING_AG03,FALSE,NOT_FOR_ENFORCEMENT,162.0155,234591.6392,168.7661,162.0155,6.7506,0.00062781,0.00060270,6.7506,162.0155,0.00060270,6.7506,6.7506,6.7506,8.4383,8.4383,162.0155,0.00060270,37.1285,34.0107,131.6376,134.7554,0.00048969,0.00050129,0.00002511,43.0246,43.5591,0.0301,2.0581,0.0627,3278.2661,68.4146,17.6798,46.9397,25.7155,39.4976,52.6635,77.1466,82.2897,128.5777,31.4111,0.0,2.083411,3.25533,1.089297,30,192,222,8,0.05498276,0.00062781,0.08642944,0E-8,0.000000,0.909041,0.000000,-0.09079372,2026-03-23,2026-08-06,82,2690,1181,137,0.598540,0.376650,0.410924,0.183276,,,,,,,,GLOBAL_BASELINE_NO_ENTITY_RANKING,,,NOT_APPLICABLE_GLOBAL_BASELINE,HF9g-P5,,,,X 全窗基线 · 不参与实体赏罚,6877295,688,A168_HF9F_20260827_0900,2026-08-27 09:00:00
2026-04-21,70460261,2235,0,52.8754286313,-0.8114545979,-0.8114545979,0E-7,3,1,0.28928621980173355,0.213933200000,-0.637993868837648,-0.5216862217126026,-0.637993868837648,0.07535301980173355,ELIGIBLE,R03b_20260811_FULL_v1,L1_ELIGIBILITY,v2026-08-11,2026-03-21..2026-08-06,baccarat_bet02_101_all_pairs_incl_sentinel,round_win = game_pnl > 0 (decisive only),COMPATIBILITY_ONLY_NOT_PRODUCTION,268817.8208,244366.2908,168.7661,6248,5610,-0.00062781,-0.08642944,0.00436428,-0.00062781,-168.7661,268817.8208,OK,0.0000,6.7506,4.0000,96.0000,AG03-UNRESOLVED,ALL5_LEVELS_bet23_to_bet27,6.7506,6.7506,6.7506,8.4383,8.4383,4.000000,4.000000,4.000000,5.000000,5.000000,96.000000,96.000000,96.000000,95.000000,95.000000,5.0,37.1285,34.0107,131.6376,134.7554,PENDING_AG03,FALSE,NOT_FOR_ENFORCEMENT,162.0155,234591.6392,168.7661,162.0155,6.7506,0.00062781,0.00060270,6.7506,162.0155,0.00060270,6.7506,6.7506,6.7506,8.4383,8.4383,162.0155,0.00060270,37.1285,34.0107,131.6376,134.7554,0.00048969,0.00050129,0.00002511,43.0246,43.5591,0.0301,2.0581,0.0627,3278.2661,68.4146,17.6798,46.9397,25.7155,39.4976,52.6635,77.1466,82.2897,128.5777,31.4111,0.0,2.083411,3.25533,1.089297,30,192,222,8,0.05498276,0.00062781,0.08642944,0E-8,0.000000,0.909041,0.000000,-0.09079372,2026-03-23,2026-08-06,82,2690,1181,137,0.598540,0.376650,0.410924,0.183276,,,,,,,,GLOBAL_BASELINE_NO_ENTITY_RANKING,,,NOT_APPLICABLE_GLOBAL_BASELINE,HF9g-P5,,,,X 全窗基线 · 不参与实体赏罚,6877296,688,A168_HF9F_20260827_0900,2026-08-27 09:00:00
2026-04-21,70460261,2239,0,102.0862235951,-51.0431117975,-51.0431117975,0.5000000,2,2,0.50665070000000000,0.506650700000,-0.018812684590367487,-0.018812684590367487,-0.018812684590367487,0E-17,ELIGIBLE,R03b_20260811_FULL_v1,L1_ELIGIBILITY,v2026-08-11,2026-03-21..2026-08-06,baccarat_bet02_101_all_pairs_incl_sentinel,round_win = game_pnl > 0 (decisive only),COMPATIBILITY_ONLY_NOT_PRODUCTION,268817.8208,244366.2908,168.7661,6248,5610,-0.00062781,-0.08642944,0.00436428,-0.00062781,-168.7661,268817.8208,OK,0.0000,6.7506,4.0000,96.0000,AG03-UNRESOLVED,ALL5_LEVELS_bet23_to_bet27,6.7506,6.7506,6.7506,8.4383,8.4383,4.000000,4.000000,4.000000,5.000000,5.000000,96.000000,96.000000,96.000000,95.000000,95.000000,5.0,37.1285,34.0107,131.6376,134.7554,PENDING_AG03,FALSE,NOT_FOR_ENFORCEMENT,162.0155,234591.6392,168.7661,162.0155,6.7506,0.00062781,0.00060270,6.7506,162.0155,0.00060270,6.7506,6.7506,6.7506,8.4383,8.4383,162.0155,0.00060270,37.1285,34.0107,131.6376,134.7554,0.00048969,0.00050129,0.00002511,43.0246,43.5591,0.0301,2.0581,0.0627,3278.2661,68.4146,17.6798,46.9397,25.7155,39.4976,52.6635,77.1466,82.2897,128.5777,31.4111,0.0,2.083411,3.25533,1.089297,30,192,222,8,0.05498276,0.00062781,0.08642944,0E-8,0.000000,0.909041,0.000000,-0.09079372,2026-03-23,2026-08-06,82,2690,1181,137,0.598540,0.376650,0.410924,0.183276,,,,,,,,GLOBAL_BASELINE_NO_ENTITY_RANKING,,,NOT_APPLICABLE_GLOBAL_BASELINE,HF9g-P5,,,,X 全窗基线 · 不参与实体赏罚,6877297,688,A168_HF9F_20260827_0900,2026-08-27 09:00:00
2026-04-21,70460261,2241,0,230.3484019581,-112.9492448238,-112.9492448238,0.2500000,5,4,0.48051093269226929,0.450014537500,-0.9227449581035666,-0.8040863340071203,-0.9227449581035666,0.03049639519226929,ELIGIBLE,R03b_20260811_FULL_v1,L1_ELIGIBILITY,v2026-08-11,2026-03-21..2026-08-06,baccarat_bet02_101_all_pairs_incl_sentinel,round_win = game_pnl > 0 (decisive only),COMPATIBILITY_ONLY_NOT_PRODUCTION,268817.8208,244366.2908,168.7661,6248,5610,-0.00062781,-0.08642944,0.00436428,-0.00062781,-168.7661,268817.8208,OK,0.0000,6.7506,4.0000,96.0000,AG03-UNRESOLVED,ALL5_LEVELS_bet23_to_bet27,6.7506,6.7506,6.7506,8.4383,8.4383,4.000000,4.000000,4.000000,5.000000,5.000000,96.000000,96.000000,96.000000,95.000000,95.000000,5.0,37.1285,34.0107,131.6376,134.7554,PENDING_AG03,FALSE,NOT_FOR_ENFORCEMENT,162.0155,234591.6392,168.7661,162.0155,6.7506,0.00062781,0.00060270,6.7506,162.0155,0.00060270,6.7506,6.7506,6.7506,8.4383,8.4383,162.0155,0.00060270,37.1285,34.0107,131.6376,134.7554,0.00048969,0.00050129,0.00002511,43.0246,43.5591,0.0301,2.0581,0.0627,3278.2661,68.4146,17.6798,46.9397,25.7155,39.4976,52.6635,77.1466,82.2897,128.5777,31.4111,0.0,2.083411,3.25533,1.089297,30,192,222,8,0.05498276,0.00062781,0.08642944,0E-8,0.000000,0.909041,0.000000,-0.09079372,2026-03-23,2026-08-06,82,2690,1181,137,0.598540,0.376650,0.410924,0.183276,,,,,,,,GLOBAL_BASELINE_NO_ENTITY_RANKING,,,NOT_APPLICABLE_GLOBAL_BASELINE,HF9g-P5,,,,X 全窗基线 · 不参与实体赏罚,6877298,688,A168_HF9F_20260827_0900,2026-08-27 09:00:00
2026-04-21,70460261,2242,0,104.7038190719,-104.7038190719,-104.7038190719,0E-7,2,1,0.39337837499989182,0.280106050000,-0.8052788575960274,-0.6237735893609975,-0.8052788575960274,0.11327232499989182,ELIGIBLE,R03b_20260811_FULL_v1,L1_ELIGIBILITY,v2026-08-11,2026-03-21..2026-08-06,baccarat_bet02_101_all_pairs_incl_sentinel,round_win = game_pnl > 0 (decisive only),COMPATIBILITY_ONLY_NOT_PRODUCTION,268817.8208,244366.2908,168.7661,6248,5610,-0.00062781,-0.08642944,0.00436428,-0.00062781,-168.7661,268817.8208,OK,0.0000,6.7506,4.0000,96.0000,AG03-UNRESOLVED,ALL5_LEVELS_bet23_to_bet27,6.7506,6.7506,6.7506,8.4383,8.4383,4.000000,4.000000,4.000000,5.000000,5.000000,96.000000,96.000000,96.000000,95.000000,95.000000,5.0,37.1285,34.0107,131.6376,134.7554,PENDING_AG03,FALSE,NOT_FOR_ENFORCEMENT,162.0155,234591.6392,168.7661,162.0155,6.7506,0.00062781,0.00060270,6.7506,162.0155,0.00060270,6.7506,6.7506,6.7506,8.4383,8.4383,162.0155,0.00060270,37.1285,34.0107,131.6376,134.7554,0.00048969,0.00050129,0.00002511,43.0246,43.5591,0.0301,2.0581,0.0627,3278.2661,68.4146,17.6798,46.9397,25.7155,39.4976,52.6635,77.1466,82.2897,128.5777,31.4111,0.0,2.083411,3.25533,1.089297,30,192,222,8,0.05498276,0.00062781,0.08642944,0E-8,0.000000,0.909041,0.000000,-0.09079372,2026-03-23,2026-08-06,82,2690,1181,137,0.598540,0.376650,0.410924,0.183276,,,,,,,,GLOBAL_BASELINE_NO_ENTITY_RANKING,,,NOT_APPLICABLE_GLOBAL_BASELINE,HF9g-P5,,,,X 全窗基线 · 不参与实体赏罚,6877299,688,A168_HF9F_20260827_0900,2026-08-27 09:00:00
2026-04-21,70460261,2252,0,75.9102688271,21.0716435882,21.0716435882,0.5000000,2,2,0.50665070000000000,0.506650700000,-0.018812684590367487,-0.018812684590367487,-0.018812684590367487,0E-17,ELIGIBLE,R03b_20260811_FULL_v1,L1_ELIGIBILITY,v2026-08-11,2026-03-21..2026-08-06,baccarat_bet02_101_all_pairs_incl_sentinel,round_win = game_pnl > 0 (decisive only),COMPATIBILITY_ONLY_NOT_PRODUCTION,268817.8208,244366.2908,168.7661,6248,5610,-0.00062781,-0.08642944,0.00436428,-0.00062781,-168.7661,268817.8208,OK,0.0000,6.7506,4.0000,96.0000,AG03-UNRESOLVED,ALL5_LEVELS_bet23_to_bet27,6.7506,6.7506,6.7506,8.4383,8.4383,4.000000,4.000000,4.000000,5.000000,5.000000,96.000000,96.000000,96.000000,95.000000,95.000000,5.0,37.1285,34.0107,131.6376,134.7554,PENDING_AG03,FALSE,NOT_FOR_ENFORCEMENT,162.0155,234591.6392,168.7661,162.0155,6.7506,0.00062781,0.00060270,6.7506,162.0155,0.00060270,6.7506,6.7506,6.7506,8.4383,8.4383,162.0155,0.00060270,37.1285,34.0107,131.6376,134.7554,0.00048969,0.00050129,0.00002511,43.0246,43.5591,0.0301,2.0581,0.0627,3278.2661,68.4146,17.6798,46.9397,25.7155,39.4976,52.6635,77.1466,82.2897,128.5777,31.4111,0.0,2.083411,3.25533,1.089297,30,192,222,8,0.05498276,0.00062781,0.08642944,0E-8,0.000000,0.909041,0.000000,-0.09079372,2026-03-23,2026-08-06,82,2690,1181,137,0.598540,0.376650,0.410924,0.183276,,,,,,,,GLOBAL_BASELINE_NO_ENTITY_RANKING,,,NOT_APPLICABLE_GLOBAL_BASELINE,HF9g-P5,,,,X 全窗基线 · 不参与实体赏罚,6877300,688,A168_HF9F_20260827_0900,2026-08-27 09:00:00
2026-04-21,70460261,2266,0,39.2639321519,37.3007355443,37.3007355443,1.0000000,1,1,0.50665070000000000,0.506650700000,0.9867858985152569,0.9867858985152569,0.9867858985152569,0E-17,ELIGIBLE,R03b_20260811_FULL_v1,L1_ELIGIBILITY,v2026-08-11,2026-03-21..2026-08-06,baccarat_bet02_101_all_pairs_incl_sentinel,round_win = game_pnl > 0 (decisive only),COMPATIBILITY_ONLY_NOT_PRODUCTION,268817.8208,244366.2908,168.7661,6248,5610,-0.00062781,-0.08642944,0.00436428,-0.00062781,-168.7661,268817.8208,OK,0.0000,6.7506,4.0000,96.0000,AG03-UNRESOLVED,ALL5_LEVELS_bet23_to_bet27,6.7506,6.7506,6.7506,8.4383,8.4383,4.000000,4.000000,4.000000,5.000000,5.000000,96.000000,96.000000,96.000000,95.000000,95.000000,5.0,37.1285,34.0107,131.6376,134.7554,PENDING_AG03,FALSE,NOT_FOR_ENFORCEMENT,162.0155,234591.6392,168.7661,162.0155,6.7506,0.00062781,0.00060270,6.7506,162.0155,0.00060270,6.7506,6.7506,6.7506,8.4383,8.4383,162.0155,0.00060270,37.1285,34.0107,131.6376,134.7554,0.00048969,0.00050129,0.00002511,43.0246,43.5591,0.0301,2.0581,0.0627,3278.2661,68.4146,17.6798,46.9397,25.7155,39.4976,52.6635,77.1466,82.2897,128.5777,31.4111,0.0,2.083411,3.25533,1.089297,30,192,222,8,0.05498276,0.00062781,0.08642944,0E-8,0.000000,0.909041,0.000000,-0.09079372,2026-03-23,2026-08-06,82,2690,1181,137,0.598540,0.376650,0.410924,0.183276,,,,,,,,GLOBAL_BASELINE_NO_ENTITY_RANKING,,,NOT_APPLICABLE_GLOBAL_BASELINE,HF9g-P5,,,,X 全窗基线 · 不参与实体赏罚,6877301,688,A168_HF9F_20260827_0900,2026-08-27 09:00:00
2026-04-21,70460261,526,0,26.1759547680,24.8671570296,24.8671570296,1.0000000,1,1,0.50665070000000000,0.506650700000,0.9867858985152569,0.9867858985152569,0.9867858985152569,0E-17,ELIGIBLE,R03b_20260811_FULL_v1,L1_ELIGIBILITY,v2026-08-11,2026-03-21..2026-08-06,baccarat_bet02_101_all_pairs_incl_sentinel,round_win = game_pnl > 0 (decisive only),COMPATIBILITY_ONLY_NOT_PRODUCTION,268817.8208,244366.2908,168.7661,6248,5610,-0.00062781,-0.08642944,0.00436428,-0.00062781,-168.7661,268817.8208,OK,0.0000,6.7506,4.0000,96.0000,AG03-UNRESOLVED,ALL5_LEVELS_bet23_to_bet27,6.7506,6.7506,6.7506,8.4383,8.4383,4.000000,4.000000,4.000000,5.000000,5.000000,96.000000,96.000000,96.000000,95.000000,95.000000,5.0,37.1285,34.0107,131.6376,134.7554,PENDING_AG03,FALSE,NOT_FOR_ENFORCEMENT,162.0155,234591.6392,168.7661,162.0155,6.7506,0.00062781,0.00060270,6.7506,162.0155,0.00060270,6.7506,6.7506,6.7506,8.4383,8.4383,162.0155,0.00060270,37.1285,34.0107,131.6376,134.7554,0.00048969,0.00050129,0.00002511,43.0246,43.5591,0.0301,2.0581,0.0627,3278.2661,68.4146,17.6798,46.9397,25.7155,39.4976,52.6635,77.1466,82.2897,128.5777,31.4111,0.0,2.083411,3.25533,1.089297,30,192,222,8,0.05498276,0.00062781,0.08642944,0E-8,0.000000,0.909041,0.000000,-0.09079372,2026-03-23,2026-08-06,82,2690,1181,137,0.598540,0.376650,0.410924,0.183276,,,,,,,,GLOBAL_BASELINE_NO_ENTITY_RANKING,,,NOT_APPLICABLE_GLOBAL_BASELINE,HF9g-P5,,,,X 全窗基线 · 不参与实体赏罚,6877302,688,A168_HF9F_20260827_0900,2026-08-27 09:00:00
2026-04-21,70460261,583,0,261.7595476796,140.4339973300,140.4339973300,0.6666667,4,4,0.50665070000000000,0.506650700000,0.5543606114942035,0.5543606114942035,0.5543606114942035,0E-17,ELIGIBLE,R03b_20260811_FULL_v1,L1_ELIGIBILITY,v2026-08-11,2026-03-21..2026-08-06,baccarat_bet02_101_all_pairs_incl_sentinel,round_win = game_pnl > 0 (decisive only),COMPATIBILITY_ONLY_NOT_PRODUCTION,268817.8208,244366.2908,168.7661,6248,5610,-0.00062781,-0.08642944,0.00436428,-0.00062781,-168.7661,268817.8208,OK,0.0000,6.7506,4.0000,96.0000,AG03-UNRESOLVED,ALL5_LEVELS_bet23_to_bet27,6.7506,6.7506,6.7506,8.4383,8.4383,4.000000,4.000000,4.000000,5.000000,5.000000,96.000000,96.000000,96.000000,95.000000,95.000000,5.0,37.1285,34.0107,131.6376,134.7554,PENDING_AG03,FALSE,NOT_FOR_ENFORCEMENT,162.0155,234591.6392,168.7661,162.0155,6.7506,0.00062781,0.00060270,6.7506,162.0155,0.00060270,6.7506,6.7506,6.7506,8.4383,8.4383,162.0155,0.00060270,37.1285,34.0107,131.6376,134.7554,0.00048969,0.00050129,0.00002511,43.0246,43.5591,0.0301,2.0581,0.0627,3278.2661,68.4146,17.6798,46.9397,25.7155,39.4976,52.6635,77.1466,82.2897,128.5777,31.4111,0.0,2.083411,3.25533,1.089297,30,192,222,8,0.05498276,0.00062781,0.08642944,0E-8,0.000000,0.909041,0.000000,-0.09079372,2026-03-23,2026-08-06,82,2690,1181,137,0.598540,0.376650,0.410924,0.183276,,,,,,,,GLOBAL_BASELINE_NO_ENTITY_RANKING,,,NOT_APPLICABLE_GLOBAL_BASELINE,HF9g-P5,,,,X 全窗基线 · 不参与实体赏罚,6877303,688,A168_HF9F_20260827_0900,2026-08-27 09:00:00
2026-04-21,70460261,772,0,62.8222914432,-11.7791796456,-11.7791796456,0.5000000,3,2,0.43113581666666667,0.393378375000,0.19665140439124,0.3086711997975373,0.19665140439124,0.03775744166666667,ELIGIBLE,R03b_20260811_FULL_v1,L1_ELIGIBILITY,v2026-08-11,2026-03-21..2026-08-06,baccarat_bet02_101_all_pairs_incl_sentinel,round_win = game_pnl > 0 (decisive only),COMPATIBILITY_ONLY_NOT_PRODUCTION,268817.8208,244366.2908,168.7661,6248,5610,-0.00062781,-0.08642944,0.00436428,-0.00062781,-168.7661,268817.8208,OK,0.0000,6.7506,4.0000,96.0000,AG03-UNRESOLVED,ALL5_LEVELS_bet23_to_bet27,6.7506,6.7506,6.7506,8.4383,8.4383,4.000000,4.000000,4.000000,5.000000,5.000000,96.000000,96.000000,96.000000,95.000000,95.000000,5.0,37.1285,34.0107,131.6376,134.7554,PENDING_AG03,FALSE,NOT_FOR_ENFORCEMENT,162.0155,234591.6392,168.7661,162.0155,6.7506,0.00062781,0.00060270,6.7506,162.0155,0.00060270,6.7506,6.7506,6.7506,8.4383,8.4383,162.0155,0.00060270,37.1285,34.0107,131.6376,134.7554,0.00048969,0.00050129,0.00002511,43.0246,43.5591,0.0301,2.0581,0.0627,3278.2661,68.4146,17.6798,46.9397,25.7155,39.4976,52.6635,77.1466,82.2897,128.5777,31.4111,0.0,2.083411,3.25533,1.089297,30,192,222,8,0.05498276,0.00062781,0.08642944,0E-8,0.000000,0.909041,0.000000,-0.09079372,2026-03-23,2026-08-06,82,2690,1181,137,0.598540,0.376650,0.410924,0.183276,,,,,,,,GLOBAL_BASELINE_NO_ENTITY_RANKING,,,NOT_APPLICABLE_GLOBAL_BASELINE,HF9g-P5,,,,X 全窗基线 · 不参与实体赏罚,6877304,688,A168_HF9F_20260827_0900,2026-08-27 09:00:00
2026-04-22,70460261,-1,1,479.2817318015,19.5665261889,19.5665261889,0.6000000,14,11,0.46424210909089161,0.443647140909,0.860812428726176,0.9952033324467418,0.860812428726176,0.02059496818189161,SENTINEL_DEALER,R03b_20260811_FULL_v1,L1_ELIGIBILITY,v2026-08-11,2026-03-21..2026-08-06,baccarat_bet02_101_all_pairs_incl_sentinel,round_win = game_pnl > 0 (decisive only),COMPATIBILITY_ONLY_NOT_PRODUCTION,268817.8208,244366.2908,168.7661,6248,5610,-0.00062781,-0.08642944,0.00436428,-0.00062781,-168.7661,268817.8208,OK,0.0000,6.7506,4.0000,96.0000,AG03-UNRESOLVED,ALL5_LEVELS_bet23_to_bet27,6.7506,6.7506,6.7506,8.4383,8.4383,4.000000,4.000000,4.000000,5.000000,5.000000,96.000000,96.000000,96.000000,95.000000,95.000000,5.0,37.1285,34.0107,131.6376,134.7554,PENDING_AG03,FALSE,NOT_FOR_ENFORCEMENT,162.0155,234591.6392,168.7661,162.0155,6.7506,0.00062781,0.00060270,6.7506,162.0155,0.00060270,6.7506,6.7506,6.7506,8.4383,8.4383,162.0155,0.00060270,37.1285,34.0107,131.6376,134.7554,0.00048969,0.00050129,0.00002511,43.0246,43.5591,0.0301,2.0581,0.0627,3278.2661,68.4146,17.6798,46.9397,25.7155,39.4976,52.6635,77.1466,82.2897,128.5777,31.4111,0.0,2.083411,3.25533,1.089297,30,192,222,8,0.05498276,0.00062781,0.08642944,0E-8,0.000000,0.909041,0.000000,-0.09079372,2026-03-23,2026-08-06,82,2690,1181,137,0.598540,0.376650,0.410924,0.183276,,,,,,,,GLOBAL_BASELINE_NO_ENTITY_RANKING,,,NOT_APPLICABLE_GLOBAL_BASELINE,HF9g-P5,,,,X 全窗基线 · 不参与实体赏罚,6877305,688,A168_HF9F_20260827_0900,2026-08-27 09:00:00
2026-04-22,70460261,1017,0,26.1759547680,-26.1759547680,-26.1759547680,0E-7,1,1,0.50665070000000000,0.506650700000,-1.013391052207602,-1.013391052207602,-1.013391052207602,0E-17,ELIGIBLE,R03b_20260811_FULL_v1,L1_ELIGIBILITY,v2026-08-11,2026-03-21..2026-08-06,baccarat_bet02_101_all_pairs_incl_sentinel,round_win = game_pnl > 0 (decisive only),COMPATIBILITY_ONLY_NOT_PRODUCTION,268817.8208,244366.2908,168.7661,6248,5610,-0.00062781,-0.08642944,0.00436428,-0.00062781,-168.7661,268817.8208,OK,0.0000,6.7506,4.0000,96.0000,AG03-UNRESOLVED,ALL5_LEVELS_bet23_to_bet27,6.7506,6.7506,6.7506,8.4383,8.4383,4.000000,4.000000,4.000000,5.000000,5.000000,96.000000,96.000000,96.000000,95.000000,95.000000,5.0,37.1285,34.0107,131.6376,134.7554,PENDING_AG03,FALSE,NOT_FOR_ENFORCEMENT,162.0155,234591.6392,168.7661,162.0155,6.7506,0.00062781,0.00060270,6.7506,162.0155,0.00060270,6.7506,6.7506,6.7506,8.4383,8.4383,162.0155,0.00060270,37.1285,34.0107,131.6376,134.7554,0.00048969,0.00050129,0.00002511,43.0246,43.5591,0.0301,2.0581,0.0627,3278.2661,68.4146,17.6798,46.9397,25.7155,39.4976,52.6635,77.1466,82.2897,128.5777,31.4111,0.0,2.083411,3.25533,1.089297,30,192,222,8,0.05498276,0.00062781,0.08642944,0E-8,0.000000,0.909041,0.000000,-0.09079372,2026-03-23,2026-08-06,82,2690,1181,137,0.598540,0.376650,0.410924,0.183276,,,,,,,,GLOBAL_BASELINE_NO_ENTITY_RANKING,,,NOT_APPLICABLE_GLOBAL_BASELINE,HF9g-P5,,,,X 全窗基线 · 不参与实体赏罚,6877306,688,A168_HF9F_20260827_0900,2026-08-27 09:00:00
2026-04-22,70460261,1078,0,26.1759547680,24.8671570296,24.8671570296,1.0000000,1,1,0.50665070000000000,0.506650700000,0.9867858985152569,0.9867858985152569,0.9867858985152569,0E-17,ELIGIBLE,R03b_20260811_FULL_v1,L1_ELIGIBILITY,v2026-08-11,2026-03-21..2026-08-06,baccarat_bet02_101_all_pairs_incl_sentinel,round_win = game_pnl > 0 (decisive only),COMPATIBILITY_ONLY_NOT_PRODUCTION,268817.8208,244366.2908,168.7661,6248,5610,-0.00062781,-0.08642944,0.00436428,-0.00062781,-168.7661,268817.8208,OK,0.0000,6.7506,4.0000,96.0000,AG03-UNRESOLVED,ALL5_LEVELS_bet23_to_bet27,6.7506,6.7506,6.7506,8.4383,8.4383,4.000000,4.000000,4.000000,5.000000,5.000000,96.000000,96.000000,96.000000,95.000000,95.000000,5.0,37.1285,34.0107,131.6376,134.7554,PENDING_AG03,FALSE,NOT_FOR_ENFORCEMENT,162.0155,234591.6392,168.7661,162.0155,6.7506,0.00062781,0.00060270,6.7506,162.0155,0.00060270,6.7506,6.7506,6.7506,8.4383,8.4383,162.0155,0.00060270,37.1285,34.0107,131.6376,134.7554,0.00048969,0.00050129,0.00002511,43.0246,43.5591,0.0301,2.0581,0.0627,3278.2661,68.4146,17.6798,46.9397,25.7155,39.4976,52.6635,77.1466,82.2897,128.5777,31.4111,0.0,2.083411,3.25533,1.089297,30,192,222,8,0.05498276,0.00062781,0.08642944,0E-8,0.000000,0.909041,0.000000,-0.09079372,2026-03-23,2026-08-06,82,2690,1181,137,0.598540,0.376650,0.410924,0.183276,,,,,,,,GLOBAL_BASELINE_NO_ENTITY_RANKING,,,NOT_APPLICABLE_GLOBAL_BASELINE,HF9g-P5,,,,X 全窗基线 · 不参与实体赏罚,6877307,688,A168_HF9F_20260827_0900,2026-08-27 09:00:00
2026-04-22,70460261,1304,0,47.1167185823,-47.1167185823,-47.1167185823,0E-7,1,1,0.50665070000000000,0.506650700000,-1.013391052207602,-1.013391052207602,-1.013391052207602,0E-17,ELIGIBLE,R03b_20260811_FULL_v1,L1_ELIGIBILITY,v2026-08-11,2026-03-21..2026-08-06,baccarat_bet02_101_all_pairs_incl_sentinel,round_win = game_pnl > 0 (decisive only),COMPATIBILITY_ONLY_NOT_PRODUCTION,268817.8208,244366.2908,168.7661,6248,5610,-0.00062781,-0.08642944,0.00436428,-0.00062781,-168.7661,268817.8208,OK,0.0000,6.7506,4.0000,96.0000,AG03-UNRESOLVED,ALL5_LEVELS_bet23_to_bet27,6.7506,6.7506,6.7506,8.4383,8.4383,4.000000,4.000000,4.000000,5.000000,5.000000,96.000000,96.000000,96.000000,95.000000,95.000000,5.0,37.1285,34.0107,131.6376,134.7554,PENDING_AG03,FALSE,NOT_FOR_ENFORCEMENT,162.0155,234591.6392,168.7661,162.0155,6.7506,0.00062781,0.00060270,6.7506,162.0155,0.00060270,6.7506,6.7506,6.7506,8.4383,8.4383,162.0155,0.00060270,37.1285,34.0107,131.6376,134.7554,0.00048969,0.00050129,0.00002511,43.0246,43.5591,0.0301,2.0581,0.0627,3278.2661,68.4146,17.6798,46.9397,25.7155,39.4976,52.6635,77.1466,82.2897,128.5777,31.4111,0.0,2.083411,3.25533,1.089297,30,192,222,8,0.05498276,0.00062781,0.08642944,0E-8,0.000000,0.909041,0.000000,-0.09079372,2026-03-23,2026-08-06,82,2690,1181,137,0.598540,0.376650,0.410924,0.183276,,,,,,,,GLOBAL_BASELINE_NO_ENTITY_RANKING,,,NOT_APPLICABLE_GLOBAL_BASELINE,HF9g-P5,,,,X 全窗基线 · 不参与实体赏罚,6877308,688,A168_HF9F_20260827_0900,2026-08-27 09:00:00
2026-04-22,70460261,1400,0,49.7343140592,1.3087977384,1.3087977384,0.5000000,2,2,0.50665070000000000,0.506650700000,-0.018812684590367487,-0.018812684590367487,-0.018812684590367487,0E-17,ELIGIBLE,R03b_20260811_FULL_v1,L1_ELIGIBILITY,v2026-08-11,2026-03-21..2026-08-06,baccarat_bet02_101_all_pairs_incl_sentinel,round_win = game_pnl > 0 (decisive only),COMPATIBILITY_ONLY_NOT_PRODUCTION,268817.8208,244366.2908,168.7661,6248,5610,-0.00062781,-0.08642944,0.00436428,-0.00062781,-168.7661,268817.8208,OK,0.0000,6.7506,4.0000,96.0000,AG03-UNRESOLVED,ALL5_LEVELS_bet23_to_bet27,6.7506,6.7506,6.7506,8.4383,8.4383,4.000000,4.000000,4.000000,5.000000,5.000000,96.000000,96.000000,96.000000,95.000000,95.000000,5.0,37.1285,34.0107,131.6376,134.7554,PENDING_AG03,FALSE,NOT_FOR_ENFORCEMENT,162.0155,234591.6392,168.7661,162.0155,6.7506,0.00062781,0.00060270,6.7506,162.0155,0.00060270,6.7506,6.7506,6.7506,8.4383,8.4383,162.0155,0.00060270,37.1285,34.0107,131.6376,134.7554,0.00048969,0.00050129,0.00002511,43.0246,43.5591,0.0301,2.0581,0.0627,3278.2661,68.4146,17.6798,46.9397,25.7155,39.4976,52.6635,77.1466,82.2897,128.5777,31.4111,0.0,2.083411,3.25533,1.089297,30,192,222,8,0.05498276,0.00062781,0.08642944,0E-8,0.000000,0.909041,0.000000,-0.09079372,2026-03-23,2026-08-06,82,2690,1181,137,0.598540,0.376650,0.410924,0.183276,,,,,,,,GLOBAL_BASELINE_NO_ENTITY_RANKING,,,NOT_APPLICABLE_GLOBAL_BASELINE,HF9g-P5,,,,X 全窗基线 · 不参与实体赏罚,6877309,688,A168_HF9F_20260827_0900,2026-08-27 09:00:00
2026-04-22,70460261,1942,0,78.5278643039,23.5583592911,23.5583592911,0.5000000,2,2,0.50665070000000000,0.506650700000,-0.018812684590367487,-0.018812684590367487,-0.018812684590367487,0E-17,ELIGIBLE,R03b_20260811_FULL_v1,L1_ELIGIBILITY,v2026-08-11,2026-03-21..2026-08-06,baccarat_bet02_101_all_pairs_incl_sentinel,round_win = game_pnl > 0 (decisive only),COMPATIBILITY_ONLY_NOT_PRODUCTION,268817.8208,244366.2908,168.7661,6248,5610,-0.00062781,-0.08642944,0.00436428,-0.00062781,-168.7661,268817.8208,OK,0.0000,6.7506,4.0000,96.0000,AG03-UNRESOLVED,ALL5_LEVELS_bet23_to_bet27,6.7506,6.7506,6.7506,8.4383,8.4383,4.000000,4.000000,4.000000,5.000000,5.000000,96.000000,96.000000,96.000000,95.000000,95.000000,5.0,37.1285,34.0107,131.6376,134.7554,PENDING_AG03,FALSE,NOT_FOR_ENFORCEMENT,162.0155,234591.6392,168.7661,162.0155,6.7506,0.00062781,0.00060270,6.7506,162.0155,0.00060270,6.7506,6.7506,6.7506,8.4383,8.4383,162.0155,0.00060270,37.1285,34.0107,131.6376,134.7554,0.00048969,0.00050129,0.00002511,43.0246,43.5591,0.0301,2.0581,0.0627,3278.2661,68.4146,17.6798,46.9397,25.7155,39.4976,52.6635,77.1466,82.2897,128.5777,31.4111,0.0,2.083411,3.25533,1.089297,30,192,222,8,0.05498276,0.00062781,0.08642944,0E-8,0.000000,0.909041,0.000000,-0.09079372,2026-03-23,2026-08-06,82,2690,1181,137,0.598540,0.376650,0.410924,0.183276,,,,,,,,GLOBAL_BASELINE_NO_ENTITY_RANKING,,,NOT_APPLICABLE_GLOBAL_BASELINE,HF9g-P5,,,,X 全窗基线 · 不参与实体赏罚,6877310,688,A168_HF9F_20260827_0900,2026-08-27 09:00:00
2026-04-22,70460261,1966,0,52.3519095360,-52.3519095360,-52.3519095360,0E-7,3,1,0.28711257500000000,0.213933200000,-0.6346227403959189,-0.5216862217126026,-0.6346227403959189,0.07317937500000000,ELIGIBLE,R03b_20260811_FULL_v1,L1_ELIGIBILITY,v2026-08-11,2026-03-21..2026-08-06,baccarat_bet02_101_all_pairs_incl_sentinel,round_win = game_pnl > 0 (decisive only),COMPATIBILITY_ONLY_NOT_PRODUCTION,268817.8208,244366.2908,168.7661,6248,5610,-0.00062781,-0.08642944,0.00436428,-0.00062781,-168.7661,268817.8208,OK,0.0000,6.7506,4.0000,96.0000,AG03-UNRESOLVED,ALL5_LEVELS_bet23_to_bet27,6.7506,6.7506,6.7506,8.4383,8.4383,4.000000,4.000000,4.000000,5.000000,5.000000,96.000000,96.000000,96.000000,95.000000,95.000000,5.0,37.1285,34.0107,131.6376,134.7554,PENDING_AG03,FALSE,NOT_FOR_ENFORCEMENT,162.0155,234591.6392,168.7661,162.0155,6.7506,0.00062781,0.00060270,6.7506,162.0155,0.00060270,6.7506,6.7506,6.7506,8.4383,8.4383,162.0155,0.00060270,37.1285,34.0107,131.6376,134.7554,0.00048969,0.00050129,0.00002511,43.0246,43.5591,0.0301,2.0581,0.0627,3278.2661,68.4146,17.6798,46.9397,25.7155,39.4976,52.6635,77.1466,82.2897,128.5777,31.4111,0.0,2.083411,3.25533,1.089297,30,192,222,8,0.05498276,0.00062781,0.08642944,0E-8,0.000000,0.909041,0.000000,-0.09079372,2026-03-23,2026-08-06,82,2690,1181,137,0.598540,0.376650,0.410924,0.183276,,,,,,,,GLOBAL_BASELINE_NO_ENTITY_RANKING,,,NOT_APPLICABLE_GLOBAL_BASELINE,HF9g-P5,,,,X 全窗基线 · 不参与实体赏罚,6877311,688,A168_HF9F_20260827_0900,2026-08-27 09:00:00
2026-04-22,70460261,2117,0,51.0431117975,0E-10,0E-10,,1,1,0.50665070000000000,0.506650700000,,,,0E-17,NO_DECISIVE_ROUND,R03b_20260811_FULL_v1,L1_ELIGIBILITY,v2026-08-11,2026-03-21..2026-08-06,baccarat_bet02_101_all_pairs_incl_sentinel,round_win = game_pnl > 0 (decisive only),COMPATIBILITY_ONLY_NOT_PRODUCTION,268817.8208,244366.2908,168.7661,6248,5610,-0.00062781,-0.08642944,0.00436428,-0.00062781,-168.7661,268817.8208,OK,0.0000,6.7506,4.0000,96.0000,AG03-UNRESOLVED,ALL5_LEVELS_bet23_to_bet27,6.7506,6.7506,6.7506,8.4383,8.4383,4.000000,4.000000,4.000000,5.000000,5.000000,96.000000,96.000000,96.000000,95.000000,95.000000,5.0,37.1285,34.0107,131.6376,134.7554,PENDING_AG03,FALSE,NOT_FOR_ENFORCEMENT,162.0155,234591.6392,168.7661,162.0155,6.7506,0.00062781,0.00060270,6.7506,162.0155,0.00060270,6.7506,6.7506,6.7506,8.4383,8.4383,162.0155,0.00060270,37.1285,34.0107,131.6376,134.7554,0.00048969,0.00050129,0.00002511,43.0246,43.5591,0.0301,2.0581,0.0627,3278.2661,68.4146,17.6798,46.9397,25.7155,39.4976,52.6635,77.1466,82.2897,128.5777,31.4111,0.0,2.083411,3.25533,1.089297,30,192,222,8,0.05498276,0.00062781,0.08642944,0E-8,0.000000,0.909041,0.000000,-0.09079372,2026-03-23,2026-08-06,82,2690,1181,137,0.598540,0.376650,0.410924,0.183276,,,,,,,,GLOBAL_BASELINE_NO_ENTITY_RANKING,,,NOT_APPLICABLE_GLOBAL_BASELINE,HF9g-P5,,,,X 全窗基线 · 不参与实体赏罚,6877312,688,A168_HF9F_20260827_0900,2026-08-27 09:00:00
2026-04-22,70460261,2266,0,26.1759547680,-26.1759547680,-26.1759547680,0E-7,1,1,0.50665070000000000,0.506650700000,-1.013391052207602,-1.013391052207602,-1.013391052207602,0E-17,ELIGIBLE,R03b_20260811_FULL_v1,L1_ELIGIBILITY,v2026-08-11,2026-03-21..2026-08-06,baccarat_bet02_101_all_pairs_incl_sentinel,round_win = game_pnl > 0 (decisive only),COMPATIBILITY_ONLY_NOT_PRODUCTION,268817.8208,244366.2908,168.7661,6248,5610,-0.00062781,-0.08642944,0.00436428,-0.00062781,-168.7661,268817.8208,OK,0.0000,6.7506,4.0000,96.0000,AG03-UNRESOLVED,ALL5_LEVELS_bet23_to_bet27,6.7506,6.7506,6.7506,8.4383,8.4383,4.000000,4.000000,4.000000,5.000000,5.000000,96.000000,96.000000,96.000000,95.000000,95.000000,5.0,37.1285,34.0107,131.6376,134.7554,PENDING_AG03,FALSE,NOT_FOR_ENFORCEMENT,162.0155,234591.6392,168.7661,162.0155,6.7506,0.00062781,0.00060270,6.7506,162.0155,0.00060270,6.7506,6.7506,6.7506,8.4383,8.4383,162.0155,0.00060270,37.1285,34.0107,131.6376,134.7554,0.00048969,0.00050129,0.00002511,43.0246,43.5591,0.0301,2.0581,0.0627,3278.2661,68.4146,17.6798,46.9397,25.7155,39.4976,52.6635,77.1466,82.2897,128.5777,31.4111,0.0,2.083411,3.25533,1.089297,30,192,222,8,0.05498276,0.00062781,0.08642944,0E-8,0.000000,0.909041,0.000000,-0.09079372,2026-03-23,2026-08-06,82,2690,1181,137,0.598540,0.376650,0.410924,0.183276,,,,,,,,GLOBAL_BASELINE_NO_ENTITY_RANKING,,,NOT_APPLICABLE_GLOBAL_BASELINE,HF9g-P5,,,,X 全窗基线 · 不参与实体赏罚,6877313,688,A168_HF9F_20260827_0900,2026-08-27 09:00:00
2026-04-23,70460261,-1,1,169.0966678009,-26.9612334109,-26.9612334109,0.5000000,4,4,0.50665070000000000,0.506650700000,-0.018812684590367487,-0.018812684590367487,-0.018812684590367487,0E-17,SENTINEL_DEALER,R03b_20260811_FULL_v1,L1_ELIGIBILITY,v2026-08-11,2026-03-21..2026-08-06,baccarat_bet02_101_all_pairs_incl_sentinel,round_win = game_pnl > 0 (decisive only),COMPATIBILITY_ONLY_NOT_PRODUCTION,268817.8208,244366.2908,168.7661,6248,5610,-0.00062781,-0.08642944,0.00436428,-0.00062781,-168.7661,268817.8208,OK,0.0000,6.7506,4.0000,96.0000,AG03-UNRESOLVED,ALL5_LEVELS_bet23_to_bet27,6.7506,6.7506,6.7506,8.4383,8.4383,4.000000,4.000000,4.000000,5.000000,5.000000,96.000000,96.000000,96.000000,95.000000,95.000000,5.0,37.1285,34.0107,131.6376,134.7554,PENDING_AG03,FALSE,NOT_FOR_ENFORCEMENT,162.0155,234591.6392,168.7661,162.0155,6.7506,0.00062781,0.00060270,6.7506,162.0155,0.00060270,6.7506,6.7506,6.7506,8.4383,8.4383,162.0155,0.00060270,37.1285,34.0107,131.6376,134.7554,0.00048969,0.00050129,0.00002511,43.0246,43.5591,0.0301,2.0581,0.0627,3278.2661,68.4146,17.6798,46.9397,25.7155,39.4976,52.6635,77.1466,82.2897,128.5777,31.4111,0.0,2.083411,3.25533,1.089297,30,192,222,8,0.05498276,0.00062781,0.08642944,0E-8,0.000000,0.909041,0.000000,-0.09079372,2026-03-23,2026-08-06,82,2690,1181,137,0.598540,0.376650,0.410924,0.183276,,,,,,,,GLOBAL_BASELINE_NO_ENTITY_RANKING,,,NOT_APPLICABLE_GLOBAL_BASELINE,HF9g-P5,,,,X 全窗基线 · 不参与实体赏罚,6877314,688,A168_HF9F_20260827_0900,2026-08-27 09:00:00
2026-04-23,70460261,1323,0,39.2639321519,-39.2639321519,-39.2639321519,0E-7,1,1,0.50665070000000000,0.506650700000,-1.013391052207602,-1.013391052207602,-1.013391052207602,0E-17,ELIGIBLE,R03b_20260811_FULL_v1,L1_ELIGIBILITY,v2026-08-11,2026-03-21..2026-08-06,baccarat_bet02_101_all_pairs_incl_sentinel,round_win = game_pnl > 0 (decisive only),COMPATIBILITY_ONLY_NOT_PRODUCTION,268817.8208,244366.2908,168.7661,6248,5610,-0.00062781,-0.08642944,0.00436428,-0.00062781,-168.7661,268817.8208,OK,0.0000,6.7506,4.0000,96.0000,AG03-UNRESOLVED,ALL5_LEVELS_bet23_to_bet27,6.7506,6.7506,6.7506,8.4383,8.4383,4.000000,4.000000,4.000000,5.000000,5.000000,96.000000,96.000000,96.000000,95.000000,95.000000,5.0,37.1285,34.0107,131.6376,134.7554,PENDING_AG03,FALSE,NOT_FOR_ENFORCEMENT,162.0155,234591.6392,168.7661,162.0155,6.7506,0.00062781,0.00060270,6.7506,162.0155,0.00060270,6.7506,6.7506,6.7506,8.4383,8.4383,162.0155,0.00060270,37.1285,34.0107,131.6376,134.7554,0.00048969,0.00050129,0.00002511,43.0246,43.5591,0.0301,2.0581,0.0627,3278.2661,68.4146,17.6798,46.9397,25.7155,39.4976,52.6635,77.1466,82.2897,128.5777,31.4111,0.0,2.083411,3.25533,1.089297,30,192,222,8,0.05498276,0.00062781,0.08642944,0E-8,0.000000,0.909041,0.000000,-0.09079372,2026-03-23,2026-08-06,82,2690,1181,137,0.598540,0.376650,0.410924,0.183276,,,,,,,,GLOBAL_BASELINE_NO_ENTITY_RANKING,,,NOT_APPLICABLE_GLOBAL_BASELINE,HF9g-P5,,,,X 全窗基线 · 不参与实体赏罚,6877315,688,A168_HF9F_20260827_0900,2026-08-27 09:00:00
2026-04-23,70460261,2174,0,13.0879773840,12.4335785148,12.4335785148,1.0000000,1,1,0.50665070000000000,0.506650700000,0.9867858985152569,0.9867858985152569,0.9867858985152569,0E-17,ELIGIBLE,R03b_20260811_FULL_v1,L1_ELIGIBILITY,v2026-08-11,2026-03-21..2026-08-06,baccarat_bet02_101_all_pairs_incl_sentinel,round_win = game_pnl > 0 (decisive only),COMPATIBILITY_ONLY_NOT_PRODUCTION,268817.8208,244366.2908,168.7661,6248,5610,-0.00062781,-0.08642944,0.00436428,-0.00062781,-168.7661,268817.8208,OK,0.0000,6.7506,4.0000,96.0000,AG03-UNRESOLVED,ALL5_LEVELS_bet23_to_bet27,6.7506,6.7506,6.7506,8.4383,8.4383,4.000000,4.000000,4.000000,5.000000,5.000000,96.000000,96.000000,96.000000,95.000000,95.000000,5.0,37.1285,34.0107,131.6376,134.7554,PENDING_AG03,FALSE,NOT_FOR_ENFORCEMENT,162.0155,234591.6392,168.7661,162.0155,6.7506,0.00062781,0.00060270,6.7506,162.0155,0.00060270,6.7506,6.7506,6.7506,8.4383,8.4383,162.0155,0.00060270,37.1285,34.0107,131.6376,134.7554,0.00048969,0.00050129,0.00002511,43.0246,43.5591,0.0301,2.0581,0.0627,3278.2661,68.4146,17.6798,46.9397,25.7155,39.4976,52.6635,77.1466,82.2897,128.5777,31.4111,0.0,2.083411,3.25533,1.089297,30,192,222,8,0.05498276,0.00062781,0.08642944,0E-8,0.000000,0.909041,0.000000,-0.09079372,2026-03-23,2026-08-06,82,2690,1181,137,0.598540,0.376650,0.410924,0.183276,,,,,,,,GLOBAL_BASELINE_NO_ENTITY_RANKING,,,NOT_APPLICABLE_GLOBAL_BASELINE,HF9g-P5,,,,X 全窗基线 · 不参与实体赏罚,6877316,688,A168_HF9F_20260827_0900,2026-08-27 09:00:00
2026-04-23,70460261,2220,0,51.0431117975,48.4909562076,48.4909562076,1.0000000,1,1,0.50665070000000000,0.506650700000,0.9867858985152569,0.9867858985152569,0.9867858985152569,0E-17,ELIGIBLE,R03b_20260811_FULL_v1,L1_ELIGIBILITY,v2026-08-11,2026-03-21..2026-08-06,baccarat_bet02_101_all_pairs_incl_sentinel,round_win = game_pnl > 0 (decisive only),COMPATIBILITY_ONLY_NOT_PRODUCTION,268817.8208,244366.2908,168.7661,6248,5610,-0.00062781,-0.08642944,0.00436428,-0.00062781,-168.7661,268817.8208,OK,0.0000,6.7506,4.0000,96.0000,AG03-UNRESOLVED,ALL5_LEVELS_bet23_to_bet27,6.7506,6.7506,6.7506,8.4383,8.4383,4.000000,4.000000,4.000000,5.000000,5.000000,96.000000,96.000000,96.000000,95.000000,95.000000,5.0,37.1285,34.0107,131.6376,134.7554,PENDING_AG03,FALSE,NOT_FOR_ENFORCEMENT,162.0155,234591.6392,168.7661,162.0155,6.7506,0.00062781,0.00060270,6.7506,162.0155,0.00060270,6.7506,6.7506,6.7506,8.4383,8.4383,162.0155,0.00060270,37.1285,34.0107,131.6376,134.7554,0.00048969,0.00050129,0.00002511,43.0246,43.5591,0.0301,2.0581,0.0627,3278.2661,68.4146,17.6798,46.9397,25.7155,39.4976,52.6635,77.1466,82.2897,128.5777,31.4111,0.0,2.083411,3.25533,1.089297,30,192,222,8,0.05498276,0.00062781,0.08642944,0E-8,0.000000,0.909041,0.000000,-0.09079372,2026-03-23,2026-08-06,82,2690,1181,137,0.598540,0.376650,0.410924,0.183276,,,,,,,,GLOBAL_BASELINE_NO_ENTITY_RANKING,,,NOT_APPLICABLE_GLOBAL_BASELINE,HF9g-P5,,,,X 全窗基线 · 不参与实体赏罚,6877317,688,A168_HF9F_20260827_0900,2026-08-27 09:00:00
2026-04-23,70460261,2266,0,78.7896238516,-78.7896238516,-78.7896238516,0E-7,3,1,0.36077819169420405,0.213933200000,-0.7512670597007858,-0.5216862217126026,-0.7512670597007858,0.14684499169420405,ELIGIBLE,R03b_20260811_FULL_v1,L1_ELIGIBILITY,v2026-08-11,2026-03-21..2026-08-06,baccarat_bet02_101_all_pairs_incl_sentinel,round_win = game_pnl > 0 (decisive only),COMPATIBILITY_ONLY_NOT_PRODUCTION,268817.8208,244366.2908,168.7661,6248,5610,-0.00062781,-0.08642944,0.00436428,-0.00062781,-168.7661,268817.8208,OK,0.0000,6.7506,4.0000,96.0000,AG03-UNRESOLVED,ALL5_LEVELS_bet23_to_bet27,6.7506,6.7506,6.7506,8.4383,8.4383,4.000000,4.000000,4.000000,5.000000,5.000000,96.000000,96.000000,96.000000,95.000000,95.000000,5.0,37.1285,34.0107,131.6376,134.7554,PENDING_AG03,FALSE,NOT_FOR_ENFORCEMENT,162.0155,234591.6392,168.7661,162.0155,6.7506,0.00062781,0.00060270,6.7506,162.0155,0.00060270,6.7506,6.7506,6.7506,8.4383,8.4383,162.0155,0.00060270,37.1285,34.0107,131.6376,134.7554,0.00048969,0.00050129,0.00002511,43.0246,43.5591,0.0301,2.0581,0.0627,3278.2661,68.4146,17.6798,46.9397,25.7155,39.4976,52.6635,77.1466,82.2897,128.5777,31.4111,0.0,2.083411,3.25533,1.089297,30,192,222,8,0.05498276,0.00062781,0.08642944,0E-8,0.000000,0.909041,0.000000,-0.09079372,2026-03-23,2026-08-06,82,2690,1181,137,0.598540,0.376650,0.410924,0.183276,,,,,,,,GLOBAL_BASELINE_NO_ENTITY_RANKING,,,NOT_APPLICABLE_GLOBAL_BASELINE,HF9g-P5,,,,X 全窗基线 · 不参与实体赏罚,6877318,688,A168_HF9F_20260827_0900,2026-08-27 09:00:00
2026-04-23,70460261,583,0,20.9407638144,-20.9407638144,-20.9407638144,0E-7,1,1,0.50665070000000000,0.506650700000,-1.013391052207602,-1.013391052207602,-1.013391052207602,0E-17,ELIGIBLE,R03b_20260811_FULL_v1,L1_ELIGIBILITY,v2026-08-11,2026-03-21..2026-08-06,baccarat_bet02_101_all_pairs_incl_sentinel,round_win = game_pnl > 0 (decisive only),COMPATIBILITY_ONLY_NOT_PRODUCTION,268817.8208,244366.2908,168.7661,6248,5610,-0.00062781,-0.08642944,0.00436428,-0.00062781,-168.7661,268817.8208,OK,0.0000,6.7506,4.0000,96.0000,AG03-UNRESOLVED,ALL5_LEVELS_bet23_to_bet27,6.7506,6.7506,6.7506,8.4383,8.4383,4.000000,4.000000,4.000000,5.000000,5.000000,96.000000,96.000000,96.000000,95.000000,95.000000,5.0,37.1285,34.0107,131.6376,134.7554,PENDING_AG03,FALSE,NOT_FOR_ENFORCEMENT,162.0155,234591.6392,168.7661,162.0155,6.7506,0.00062781,0.00060270,6.7506,162.0155,0.00060270,6.7506,6.7506,6.7506,8.4383,8.4383,162.0155,0.00060270,37.1285,34.0107,131.6376,134.7554,0.00048969,0.00050129,0.00002511,43.0246,43.5591,0.0301,2.0581,0.0627,3278.2661,68.4146,17.6798,46.9397,25.7155,39.4976,52.6635,77.1466,82.2897,128.5777,31.4111,0.0,2.083411,3.25533,1.089297,30,192,222,8,0.05498276,0.00062781,0.08642944,0E-8,0.000000,0.909041,0.000000,-0.09079372,2026-03-23,2026-08-06,82,2690,1181,137,0.598540,0.376650,0.410924,0.183276,,,,,,,,GLOBAL_BASELINE_NO_ENTITY_RANKING,,,NOT_APPLICABLE_GLOBAL_BASELINE,HF9g-P5,,,,X 全窗基线 · 不参与实体赏罚,6877319,688,A168_HF9F_20260827_0900,2026-08-27 09:00:00
2026-04-28,70460261,-1,1,39.2639321520,11.7791796456,11.7791796456,0.5000000,2,2,0.49994810000000000,0.499948100000,0.00014679536856514622,0.00014679536856514622,0.00014679536856514622,0E-17,SENTINEL_DEALER,R03b_20260811_FULL_v1,L1_ELIGIBILITY,v2026-08-11,2026-03-21..2026-08-06,baccarat_bet02_101_all_pairs_incl_sentinel,round_win = game_pnl > 0 (decisive only),COMPATIBILITY_ONLY_NOT_PRODUCTION,268817.8208,244366.2908,168.7661,6248,5610,-0.00062781,-0.08642944,0.00436428,-0.00062781,-168.7661,268817.8208,OK,0.0000,6.7506,4.0000,96.0000,AG03-UNRESOLVED,ALL5_LEVELS_bet23_to_bet27,6.7506,6.7506,6.7506,8.4383,8.4383,4.000000,4.000000,4.000000,5.000000,5.000000,96.000000,96.000000,96.000000,95.000000,95.000000,5.0,37.1285,34.0107,131.6376,134.7554,PENDING_AG03,FALSE,NOT_FOR_ENFORCEMENT,162.0155,234591.6392,168.7661,162.0155,6.7506,0.00062781,0.00060270,6.7506,162.0155,0.00060270,6.7506,6.7506,6.7506,8.4383,8.4383,162.0155,0.00060270,37.1285,34.0107,131.6376,134.7554,0.00048969,0.00050129,0.00002511,43.0246,43.5591,0.0301,2.0581,0.0627,3278.2661,68.4146,17.6798,46.9397,25.7155,39.4976,52.6635,77.1466,82.2897,128.5777,31.4111,0.0,2.083411,3.25533,1.089297,30,192,222,8,0.05498276,0.00062781,0.08642944,0E-8,0.000000,0.909041,0.000000,-0.09079372,2026-03-23,2026-08-06,82,2690,1181,137,0.598540,0.376650,0.410924,0.183276,,,,,,,,GLOBAL_BASELINE_NO_ENTITY_RANKING,,,NOT_APPLICABLE_GLOBAL_BASELINE,HF9g-P5,,,,X 全窗基线 · 不参与实体赏罚,6877320,688,A168_HF9F_20260827_0900,2026-08-27 09:00:00
2026-04-28,70460261,1115,0,26.1759547680,24.8671570296,24.8671570296,1.0000000,1,1,0.50665070000000000,0.506650700000,0.9867858985152569,0.9867858985152569,0.9867858985152569,0E-17,ELIGIBLE,R03b_20260811_FULL_v1,L1_ELIGIBILITY,v2026-08-11,2026-03-21..2026-08-06,baccarat_bet02_101_all_pairs_incl_sentinel,round_win = game_pnl > 0 (decisive only),COMPATIBILITY_ONLY_NOT_PRODUCTION,268817.8208,244366.2908,168.7661,6248,5610,-0.00062781,-0.08642944,0.00436428,-0.00062781,-168.7661,268817.8208,OK,0.0000,6.7506,4.0000,96.0000,AG03-UNRESOLVED,ALL5_LEVELS_bet23_to_bet27,6.7506,6.7506,6.7506,8.4383,8.4383,4.000000,4.000000,4.000000,5.000000,5.000000,96.000000,96.000000,96.000000,95.000000,95.000000,5.0,37.1285,34.0107,131.6376,134.7554,PENDING_AG03,FALSE,NOT_FOR_ENFORCEMENT,162.0155,234591.6392,168.7661,162.0155,6.7506,0.00062781,0.00060270,6.7506,162.0155,0.00060270,6.7506,6.7506,6.7506,8.4383,8.4383,162.0155,0.00060270,37.1285,34.0107,131.6376,134.7554,0.00048969,0.00050129,0.00002511,43.0246,43.5591,0.0301,2.0581,0.0627,3278.2661,68.4146,17.6798,46.9397,25.7155,39.4976,52.6635,77.1466,82.2897,128.5777,31.4111,0.0,2.083411,3.25533,1.089297,30,192,222,8,0.05498276,0.00062781,0.08642944,0E-8,0.000000,0.909041,0.000000,-0.09079372,2026-03-23,2026-08-06,82,2690,1181,137,0.598540,0.376650,0.410924,0.183276,,,,,,,,GLOBAL_BASELINE_NO_ENTITY_RANKING,,,NOT_APPLICABLE_GLOBAL_BASELINE,HF9g-P5,,,,X 全窗基线 · 不参与实体赏罚,6877321,688,A168_HF9F_20260827_0900,2026-08-27 09:00:00
2026-04-28,70460261,2130,0,49.7343140591,-49.7343140591,-49.7343140591,0E-7,2,1,0.41126347894717663,0.280106050000,-0.8357946442708564,-0.6237735893609975,-0.8357946442708564,0.13115742894717663,ELIGIBLE,R03b_20260811_FULL_v1,L1_ELIGIBILITY,v2026-08-11,2026-03-21..2026-08-06,baccarat_bet02_101_all_pairs_incl_sentinel,round_win = game_pnl > 0 (decisive only),COMPATIBILITY_ONLY_NOT_PRODUCTION,268817.8208,244366.2908,168.7661,6248,5610,-0.00062781,-0.08642944,0.00436428,-0.00062781,-168.7661,268817.8208,OK,0.0000,6.7506,4.0000,96.0000,AG03-UNRESOLVED,ALL5_LEVELS_bet23_to_bet27,6.7506,6.7506,6.7506,8.4383,8.4383,4.000000,4.000000,4.000000,5.000000,5.000000,96.000000,96.000000,96.000000,95.000000,95.000000,5.0,37.1285,34.0107,131.6376,134.7554,PENDING_AG03,FALSE,NOT_FOR_ENFORCEMENT,162.0155,234591.6392,168.7661,162.0155,6.7506,0.00062781,0.00060270,6.7506,162.0155,0.00060270,6.7506,6.7506,6.7506,8.4383,8.4383,162.0155,0.00060270,37.1285,34.0107,131.6376,134.7554,0.00048969,0.00050129,0.00002511,43.0246,43.5591,0.0301,2.0581,0.0627,3278.2661,68.4146,17.6798,46.9397,25.7155,39.4976,52.6635,77.1466,82.2897,128.5777,31.4111,0.0,2.083411,3.25533,1.089297,30,192,222,8,0.05498276,0.00062781,0.08642944,0E-8,0.000000,0.909041,0.000000,-0.09079372,2026-03-23,2026-08-06,82,2690,1181,137,0.598540,0.376650,0.410924,0.183276,,,,,,,,GLOBAL_BASELINE_NO_ENTITY_RANKING,,,NOT_APPLICABLE_GLOBAL_BASELINE,HF9g-P5,,,,X 全窗基线 · 不参与实体赏罚,6877322,688,A168_HF9F_20260827_0900,2026-08-27 09:00:00
2026-05-01,70460261,1645,0,51.8914431010,-51.8914431010,-51.8914431010,0E-7,1,1,0.50665070000000000,0.506650700000,-1.013391052207602,-1.013391052207602,-1.013391052207602,0E-17,ELIGIBLE,R03b_20260811_FULL_v1,L1_ELIGIBILITY,v2026-08-11,2026-03-21..2026-08-06,baccarat_bet02_101_all_pairs_incl_sentinel,round_win = game_pnl > 0 (decisive only),COMPATIBILITY_ONLY_NOT_PRODUCTION,268817.8208,244366.2908,168.7661,6248,5610,-0.00062781,-0.08642944,0.00436428,-0.00062781,-168.7661,268817.8208,OK,0.0000,6.7506,4.0000,96.0000,AG03-UNRESOLVED,ALL5_LEVELS_bet23_to_bet27,6.7506,6.7506,6.7506,8.4383,8.4383,4.000000,4.000000,4.000000,5.000000,5.000000,96.000000,96.000000,96.000000,95.000000,95.000000,5.0,37.1285,34.0107,131.6376,134.7554,PENDING_AG03,FALSE,NOT_FOR_ENFORCEMENT,162.0155,234591.6392,168.7661,162.0155,6.7506,0.00062781,0.00060270,6.7506,162.0155,0.00060270,6.7506,6.7506,6.7506,8.4383,8.4383,162.0155,0.00060270,37.1285,34.0107,131.6376,134.7554,0.00048969,0.00050129,0.00002511,43.0246,43.5591,0.0301,2.0581,0.0627,3278.2661,68.4146,17.6798,46.9397,25.7155,39.4976,52.6635,77.1466,82.2897,128.5777,31.4111,0.0,2.083411,3.25533,1.089297,30,192,222,8,0.05498276,0.00062781,0.08642944,0E-8,0.000000,0.909041,0.000000,-0.09079372,2026-03-23,2026-08-06,82,2690,1181,137,0.598540,0.376650,0.410924,0.183276,,,,,,,,GLOBAL_BASELINE_NO_ENTITY_RANKING,,,NOT_APPLICABLE_GLOBAL_BASELINE,HF9g-P5,,,,X 全窗基线 · 不参与实体赏罚,6877323,688,A168_HF9F_20260827_0900,2026-08-27 09:00:00
2026-05-01,70460261,1994,0,25.9457215505,24.6484354730,24.6484354730,1.0000000,1,1,0.50665070000000000,0.506650700000,0.9867858985152569,0.9867858985152569,0.9867858985152569,0E-17,ELIGIBLE,R03b_20260811_FULL_v1,L1_ELIGIBILITY,v2026-08-11,2026-03-21..2026-08-06,baccarat_bet02_101_all_pairs_incl_sentinel,round_win = game_pnl > 0 (decisive only),COMPATIBILITY_ONLY_NOT_PRODUCTION,268817.8208,244366.2908,168.7661,6248,5610,-0.00062781,-0.08642944,0.00436428,-0.00062781,-168.7661,268817.8208,OK,0.0000,6.7506,4.0000,96.0000,AG03-UNRESOLVED,ALL5_LEVELS_bet23_to_bet27,6.7506,6.7506,6.7506,8.4383,8.4383,4.000000,4.000000,4.000000,5.000000,5.000000,96.000000,96.000000,96.000000,95.000000,95.000000,5.0,37.1285,34.0107,131.6376,134.7554,PENDING_AG03,FALSE,NOT_FOR_ENFORCEMENT,162.0155,234591.6392,168.7661,162.0155,6.7506,0.00062781,0.00060270,6.7506,162.0155,0.00060270,6.7506,6.7506,6.7506,8.4383,8.4383,162.0155,0.00060270,37.1285,34.0107,131.6376,134.7554,0.00048969,0.00050129,0.00002511,43.0246,43.5591,0.0301,2.0581,0.0627,3278.2661,68.4146,17.6798,46.9397,25.7155,39.4976,52.6635,77.1466,82.2897,128.5777,31.4111,0.0,2.083411,3.25533,1.089297,30,192,222,8,0.05498276,0.00062781,0.08642944,0E-8,0.000000,0.909041,0.000000,-0.09079372,2026-03-23,2026-08-06,82,2690,1181,137,0.598540,0.376650,0.410924,0.183276,,,,,,,,GLOBAL_BASELINE_NO_ENTITY_RANKING,,,NOT_APPLICABLE_GLOBAL_BASELINE,HF9g-P5,,,,X 全窗基线 · 不参与实体赏罚,6877324,688,A168_HF9F_20260827_0900,2026-08-27 09:00:00
2026-05-01,70460261,595,0,25.9457215505,-25.9457215505,-25.9457215505,0E-7,1,1,0.50665070000000000,0.506650700000,-1.013391052207602,-1.013391052207602,-1.013391052207602,0E-17,ELIGIBLE,R03b_20260811_FULL_v1,L1_ELIGIBILITY,v2026-08-11,2026-03-21..2026-08-06,baccarat_bet02_101_all_pairs_incl_sentinel,round_win = game_pnl > 0 (decisive only),COMPATIBILITY_ONLY_NOT_PRODUCTION,268817.8208,244366.2908,168.7661,6248,5610,-0.00062781,-0.08642944,0.00436428,-0.00062781,-168.7661,268817.8208,OK,0.0000,6.7506,4.0000,96.0000,AG03-UNRESOLVED,ALL5_LEVELS_bet23_to_bet27,6.7506,6.7506,6.7506,8.4383,8.4383,4.000000,4.000000,4.000000,5.000000,5.000000,96.000000,96.000000,96.000000,95.000000,95.000000,5.0,37.1285,34.0107,131.6376,134.7554,PENDING_AG03,FALSE,NOT_FOR_ENFORCEMENT,162.0155,234591.6392,168.7661,162.0155,6.7506,0.00062781,0.00060270,6.7506,162.0155,0.00060270,6.7506,6.7506,6.7506,8.4383,8.4383,162.0155,0.00060270,37.1285,34.0107,131.6376,134.7554,0.00048969,0.00050129,0.00002511,43.0246,43.5591,0.0301,2.0581,0.0627,3278.2661,68.4146,17.6798,46.9397,25.7155,39.4976,52.6635,77.1466,82.2897,128.5777,31.4111,0.0,2.083411,3.25533,1.089297,30,192,222,8,0.05498276,0.00062781,0.08642944,0E-8,0.000000,0.909041,0.000000,-0.09079372,2026-03-23,2026-08-06,82,2690,1181,137,0.598540,0.376650,0.410924,0.183276,,,,,,,,GLOBAL_BASELINE_NO_ENTITY_RANKING,,,NOT_APPLICABLE_GLOBAL_BASELINE,HF9g-P5,,,,X 全窗基线 · 不参与实体赏罚,6877325,688,A168_HF9F_20260827_0900,2026-08-27 09:00:00
2026-05-05,70460261,1115,0,25.9457215505,-25.9457215505,-25.9457215505,0E-7,1,1,0.50665070000000000,0.506650700000,-1.013391052207602,-1.013391052207602,-1.013391052207602,0E-17,ELIGIBLE,R03b_20260811_FULL_v1,L1_ELIGIBILITY,v2026-08-11,2026-03-21..2026-08-06,baccarat_bet02_101_all_pairs_incl_sentinel,round_win = game_pnl > 0 (decisive only),COMPATIBILITY_ONLY_NOT_PRODUCTION,268817.8208,244366.2908,168.7661,6248,5610,-0.00062781,-0.08642944,0.00436428,-0.00062781,-168.7661,268817.8208,OK,0.0000,6.7506,4.0000,96.0000,AG03-UNRESOLVED,ALL5_LEVELS_bet23_to_bet27,6.7506,6.7506,6.7506,8.4383,8.4383,4.000000,4.000000,4.000000,5.000000,5.000000,96.000000,96.000000,96.000000,95.000000,95.000000,5.0,37.1285,34.0107,131.6376,134.7554,PENDING_AG03,FALSE,NOT_FOR_ENFORCEMENT,162.0155,234591.6392,168.7661,162.0155,6.7506,0.00062781,0.00060270,6.7506,162.0155,0.00060270,6.7506,6.7506,6.7506,8.4383,8.4383,162.0155,0.00060270,37.1285,34.0107,131.6376,134.7554,0.00048969,0.00050129,0.00002511,43.0246,43.5591,0.0301,2.0581,0.0627,3278.2661,68.4146,17.6798,46.9397,25.7155,39.4976,52.6635,77.1466,82.2897,128.5777,31.4111,0.0,2.083411,3.25533,1.089297,30,192,222,8,0.05498276,0.00062781,0.08642944,0E-8,0.000000,0.909041,0.000000,-0.09079372,2026-03-23,2026-08-06,82,2690,1181,137,0.598540,0.376650,0.410924,0.183276,,,,,,,,GLOBAL_BASELINE_NO_ENTITY_RANKING,,,NOT_APPLICABLE_GLOBAL_BASELINE,HF9g-P5,,,,X 全窗基线 · 不参与实体赏罚,6877326,688,A168_HF9F_20260827_0900,2026-08-27 09:00:00
2026-05-07,70460261,-1,1,119.3503191324,2.0756577240,2.0756577240,0.5000000,4,4,0.50665070000000000,0.506650700000,-0.02660515369234503,-0.02660515369234503,-0.02660515369234503,0E-17,SENTINEL_DEALER,R03b_20260811_FULL_v1,L1_ELIGIBILITY,v2026-08-11,2026-03-21..2026-08-06,baccarat_bet02_101_all_pairs_incl_sentinel,round_win = game_pnl > 0 (decisive only),COMPATIBILITY_ONLY_NOT_PRODUCTION,268817.8208,244366.2908,168.7661,6248,5610,-0.00062781,-0.08642944,0.00436428,-0.00062781,-168.7661,268817.8208,OK,0.0000,6.7506,4.0000,96.0000,AG03-UNRESOLVED,ALL5_LEVELS_bet23_to_bet27,6.7506,6.7506,6.7506,8.4383,8.4383,4.000000,4.000000,4.000000,5.000000,5.000000,96.000000,96.000000,96.000000,95.000000,95.000000,5.0,37.1285,34.0107,131.6376,134.7554,PENDING_AG03,FALSE,NOT_FOR_ENFORCEMENT,162.0155,234591.6392,168.7661,162.0155,6.7506,0.00062781,0.00060270,6.7506,162.0155,0.00060270,6.7506,6.7506,6.7506,8.4383,8.4383,162.0155,0.00060270,37.1285,34.0107,131.6376,134.7554,0.00048969,0.00050129,0.00002511,43.0246,43.5591,0.0301,2.0581,0.0627,3278.2661,68.4146,17.6798,46.9397,25.7155,39.4976,52.6635,77.1466,82.2897,128.5777,31.4111,0.0,2.083411,3.25533,1.089297,30,192,222,8,0.05498276,0.00062781,0.08642944,0E-8,0.000000,0.909041,0.000000,-0.09079372,2026-03-23,2026-08-06,82,2690,1181,137,0.598540,0.376650,0.410924,0.183276,,,,,,,,GLOBAL_BASELINE_NO_ENTITY_RANKING,,,NOT_APPLICABLE_GLOBAL_BASELINE,HF9g-P5,,,,X 全窗基线 · 不参与实体赏罚,6877327,688,A168_HF9F_20260827_0900,2026-08-27 09:00:00
2026-05-07,70460261,1330,0,12.9728607753,0E-10,0E-10,,1,1,0.49324550000000000,0.493245500000,,,,0E-17,NO_DECISIVE_ROUND,R03b_20260811_FULL_v1,L1_ELIGIBILITY,v2026-08-11,2026-03-21..2026-08-06,baccarat_bet02_101_all_pairs_incl_sentinel,round_win = game_pnl > 0 (decisive only),COMPATIBILITY_ONLY_NOT_PRODUCTION,268817.8208,244366.2908,168.7661,6248,5610,-0.00062781,-0.08642944,0.00436428,-0.00062781,-168.7661,268817.8208,OK,0.0000,6.7506,4.0000,96.0000,AG03-UNRESOLVED,ALL5_LEVELS_bet23_to_bet27,6.7506,6.7506,6.7506,8.4383,8.4383,4.000000,4.000000,4.000000,5.000000,5.000000,96.000000,96.000000,96.000000,95.000000,95.000000,5.0,37.1285,34.0107,131.6376,134.7554,PENDING_AG03,FALSE,NOT_FOR_ENFORCEMENT,162.0155,234591.6392,168.7661,162.0155,6.7506,0.00062781,0.00060270,6.7506,162.0155,0.00060270,6.7506,6.7506,6.7506,8.4383,8.4383,162.0155,0.00060270,37.1285,34.0107,131.6376,134.7554,0.00048969,0.00050129,0.00002511,43.0246,43.5591,0.0301,2.0581,0.0627,3278.2661,68.4146,17.6798,46.9397,25.7155,39.4976,52.6635,77.1466,82.2897,128.5777,31.4111,0.0,2.083411,3.25533,1.089297,30,192,222,8,0.05498276,0.00062781,0.08642944,0E-8,0.000000,0.909041,0.000000,-0.09079372,2026-03-23,2026-08-06,82,2690,1181,137,0.598540,0.376650,0.410924,0.183276,,,,,,,,GLOBAL_BASELINE_NO_ENTITY_RANKING,,,NOT_APPLICABLE_GLOBAL_BASELINE,HF9g-P5,,,,X 全窗基线 · 不参与实体赏罚,6877328,688,A168_HF9F_20260827_0900,2026-08-27 09:00:00
2026-05-07,70460261,1654,0,38.9185823258,-38.9185823258,-38.9185823258,0E-7,1,1,0.50665070000000000,0.506650700000,-1.013391052207602,-1.013391052207602,-1.013391052207602,0E-17,ELIGIBLE,R03b_20260811_FULL_v1,L1_ELIGIBILITY,v2026-08-11,2026-03-21..2026-08-06,baccarat_bet02_101_all_pairs_incl_sentinel,round_win = game_pnl > 0 (decisive only),COMPATIBILITY_ONLY_NOT_PRODUCTION,268817.8208,244366.2908,168.7661,6248,5610,-0.00062781,-0.08642944,0.00436428,-0.00062781,-168.7661,268817.8208,OK,0.0000,6.7506,4.0000,96.0000,AG03-UNRESOLVED,ALL5_LEVELS_bet23_to_bet27,6.7506,6.7506,6.7506,8.4383,8.4383,4.000000,4.000000,4.000000,5.000000,5.000000,96.000000,96.000000,96.000000,95.000000,95.000000,5.0,37.1285,34.0107,131.6376,134.7554,PENDING_AG03,FALSE,NOT_FOR_ENFORCEMENT,162.0155,234591.6392,168.7661,162.0155,6.7506,0.00062781,0.00060270,6.7506,162.0155,0.00060270,6.7506,6.7506,6.7506,8.4383,8.4383,162.0155,0.00060270,37.1285,34.0107,131.6376,134.7554,0.00048969,0.00050129,0.00002511,43.0246,43.5591,0.0301,2.0581,0.0627,3278.2661,68.4146,17.6798,46.9397,25.7155,39.4976,52.6635,77.1466,82.2897,128.5777,31.4111,0.0,2.083411,3.25533,1.089297,30,192,222,8,0.05498276,0.00062781,0.08642944,0E-8,0.000000,0.909041,0.000000,-0.09079372,2026-03-23,2026-08-06,82,2690,1181,137,0.598540,0.376650,0.410924,0.183276,,,,,,,,GLOBAL_BASELINE_NO_ENTITY_RANKING,,,NOT_APPLICABLE_GLOBAL_BASELINE,HF9g-P5,,,,X 全窗基线 · 不参与实体赏罚,6877329,688,A168_HF9F_20260827_0900,2026-08-27 09:00:00
2026-05-08,70460261,-1,1,210.1603445591,-53.5389964194,-53.5389964194,0.3333333,4,4,0.50329940000000000,0.503299400000,-0.5887925454369916,-0.5887925454369916,-0.5887925454369916,0E-17,SENTINEL_DEALER,R03b_20260811_FULL_v1,L1_ELIGIBILITY,v2026-08-11,2026-03-21..2026-08-06,baccarat_bet02_101_all_pairs_incl_sentinel,round_win = game_pnl > 0 (decisive only),COMPATIBILITY_ONLY_NOT_PRODUCTION,268817.8208,244366.2908,168.7661,6248,5610,-0.00062781,-0.08642944,0.00436428,-0.00062781,-168.7661,268817.8208,OK,0.0000,6.7506,4.0000,96.0000,AG03-UNRESOLVED,ALL5_LEVELS_bet23_to_bet27,6.7506,6.7506,6.7506,8.4383,8.4383,4.000000,4.000000,4.000000,5.000000,5.000000,96.000000,96.000000,96.000000,95.000000,95.000000,5.0,37.1285,34.0107,131.6376,134.7554,PENDING_AG03,FALSE,NOT_FOR_ENFORCEMENT,162.0155,234591.6392,168.7661,162.0155,6.7506,0.00062781,0.00060270,6.7506,162.0155,0.00060270,6.7506,6.7506,6.7506,8.4383,8.4383,162.0155,0.00060270,37.1285,34.0107,131.6376,134.7554,0.00048969,0.00050129,0.00002511,43.0246,43.5591,0.0301,2.0581,0.0627,3278.2661,68.4146,17.6798,46.9397,25.7155,39.4976,52.6635,77.1466,82.2897,128.5777,31.4111,0.0,2.083411,3.25533,1.089297,30,192,222,8,0.05498276,0.00062781,0.08642944,0E-8,0.000000,0.909041,0.000000,-0.09079372,2026-03-23,2026-08-06,82,2690,1181,137,0.598540,0.376650,0.410924,0.183276,,,,,,,,GLOBAL_BASELINE_NO_ENTITY_RANKING,,,NOT_APPLICABLE_GLOBAL_BASELINE,HF9g-P5,,,,X 全窗基线 · 不参与实体赏罚,6877330,688,A168_HF9F_20260827_0900,2026-08-27 09:00:00
2026-05-08,70460261,2130,0,51.8914431010,-51.8914431010,-51.8914431010,0E-7,1,1,0.50665070000000000,0.506650700000,-1.013391052207602,-1.013391052207602,-1.013391052207602,0E-17,ELIGIBLE,R03b_20260811_FULL_v1,L1_ELIGIBILITY,v2026-08-11,2026-03-21..2026-08-06,baccarat_bet02_101_all_pairs_incl_sentinel,round_win = game_pnl > 0 (decisive only),COMPATIBILITY_ONLY_NOT_PRODUCTION,268817.8208,244366.2908,168.7661,6248,5610,-0.00062781,-0.08642944,0.00436428,-0.00062781,-168.7661,268817.8208,OK,0.0000,6.7506,4.0000,96.0000,AG03-UNRESOLVED,ALL5_LEVELS_bet23_to_bet27,6.7506,6.7506,6.7506,8.4383,8.4383,4.000000,4.000000,4.000000,5.000000,5.000000,96.000000,96.000000,96.000000,95.000000,95.000000,5.0,37.1285,34.0107,131.6376,134.7554,PENDING_AG03,FALSE,NOT_FOR_ENFORCEMENT,162.0155,234591.6392,168.7661,162.0155,6.7506,0.00062781,0.00060270,6.7506,162.0155,0.00060270,6.7506,6.7506,6.7506,8.4383,8.4383,162.0155,0.00060270,37.1285,34.0107,131.6376,134.7554,0.00048969,0.00050129,0.00002511,43.0246,43.5591,0.0301,2.0581,0.0627,3278.2661,68.4146,17.6798,46.9397,25.7155,39.4976,52.6635,77.1466,82.2897,128.5777,31.4111,0.0,2.083411,3.25533,1.089297,30,192,222,8,0.05498276,0.00062781,0.08642944,0E-8,0.000000,0.909041,0.000000,-0.09079372,2026-03-23,2026-08-06,82,2690,1181,137,0.598540,0.376650,0.410924,0.183276,,,,,,,,GLOBAL_BASELINE_NO_ENTITY_RANKING,,,NOT_APPLICABLE_GLOBAL_BASELINE,HF9g-P5,,,,X 全窗基线 · 不参与实体赏罚,6877331,688,A168_HF9F_20260827_0900,2026-08-27 09:00:00
2026-05-08,70460261,2175,0,77.8371646515,-77.8371646515,-77.8371646515,0E-7,1,1,0.50665070000000000,0.506650700000,-1.013391052207602,-1.013391052207602,-1.013391052207602,0E-17,ELIGIBLE,R03b_20260811_FULL_v1,L1_ELIGIBILITY,v2026-08-11,2026-03-21..2026-08-06,baccarat_bet02_101_all_pairs_incl_sentinel,round_win = game_pnl > 0 (decisive only),COMPATIBILITY_ONLY_NOT_PRODUCTION,268817.8208,244366.2908,168.7661,6248,5610,-0.00062781,-0.08642944,0.00436428,-0.00062781,-168.7661,268817.8208,OK,0.0000,6.7506,4.0000,96.0000,AG03-UNRESOLVED,ALL5_LEVELS_bet23_to_bet27,6.7506,6.7506,6.7506,8.4383,8.4383,4.000000,4.000000,4.000000,5.000000,5.000000,96.000000,96.000000,96.000000,95.000000,95.000000,5.0,37.1285,34.0107,131.6376,134.7554,PENDING_AG03,FALSE,NOT_FOR_ENFORCEMENT,162.0155,234591.6392,168.7661,162.0155,6.7506,0.00062781,0.00060270,6.7506,162.0155,0.00060270,6.7506,6.7506,6.7506,8.4383,8.4383,162.0155,0.00060270,37.1285,34.0107,131.6376,134.7554,0.00048969,0.00050129,0.00002511,43.0246,43.5591,0.0301,2.0581,0.0627,3278.2661,68.4146,17.6798,46.9397,25.7155,39.4976,52.6635,77.1466,82.2897,128.5777,31.4111,0.0,2.083411,3.25533,1.089297,30,192,222,8,0.05498276,0.00062781,0.08642944,0E-8,0.000000,0.909041,0.000000,-0.09079372,2026-03-23,2026-08-06,82,2690,1181,137,0.598540,0.376650,0.410924,0.183276,,,,,,,,GLOBAL_BASELINE_NO_ENTITY_RANKING,,,NOT_APPLICABLE_GLOBAL_BASELINE,HF9g-P5,,,,X 全窗基线 · 不参与实体赏罚,6877332,688,A168_HF9F_20260827_0900,2026-08-27 09:00:00
2026-05-09,70460261,2233,0,477.1418193141,-57.2103160189,-57.2103160189,0.5000000,15,8,0.42540507227803482,0.353989035417,0.42674856075132916,0.8636059260322391,0.42674856075132916,0.07141603686103482,ELIGIBLE,R03b_20260811_FULL_v1,L1_ELIGIBILITY,v2026-08-11,2026-03-21..2026-08-06,baccarat_bet02_101_all_pairs_incl_sentinel,round_win = game_pnl > 0 (decisive only),COMPATIBILITY_ONLY_NOT_PRODUCTION,268817.8208,244366.2908,168.7661,6248,5610,-0.00062781,-0.08642944,0.00436428,-0.00062781,-168.7661,268817.8208,OK,0.0000,6.7506,4.0000,96.0000,AG03-UNRESOLVED,ALL5_LEVELS_bet23_to_bet27,6.7506,6.7506,6.7506,8.4383,8.4383,4.000000,4.000000,4.000000,5.000000,5.000000,96.000000,96.000000,96.000000,95.000000,95.000000,5.0,37.1285,34.0107,131.6376,134.7554,PENDING_AG03,FALSE,NOT_FOR_ENFORCEMENT,162.0155,234591.6392,168.7661,162.0155,6.7506,0.00062781,0.00060270,6.7506,162.0155,0.00060270,6.7506,6.7506,6.7506,8.4383,8.4383,162.0155,0.00060270,37.1285,34.0107,131.6376,134.7554,0.00048969,0.00050129,0.00002511,43.0246,43.5591,0.0301,2.0581,0.0627,3278.2661,68.4146,17.6798,46.9397,25.7155,39.4976,52.6635,77.1466,82.2897,128.5777,31.4111,0.0,2.083411,3.25533,1.089297,30,192,222,8,0.05498276,0.00062781,0.08642944,0E-8,0.000000,0.909041,0.000000,-0.09079372,2026-03-23,2026-08-06,82,2690,1181,137,0.598540,0.376650,0.410924,0.183276,,,,,,,,GLOBAL_BASELINE_NO_ENTITY_RANKING,,,NOT_APPLICABLE_GLOBAL_BASELINE,HF9g-P5,,,,X 全窗基线 · 不参与实体赏罚,6877333,688,A168_HF9F_20260827_0900,2026-08-27 09:00:00
2026-05-10,70460261,-1,1,241.2952104198,-104.6909864563,-104.6909864563,0.3333333,6,6,0.50665070000000000,0.506650700000,-0.8491533462951141,-0.8491533462951141,-0.8491533462951141,0E-17,SENTINEL_DEALER,R03b_20260811_FULL_v1,L1_ELIGIBILITY,v2026-08-11,2026-03-21..2026-08-06,baccarat_bet02_101_all_pairs_incl_sentinel,round_win = game_pnl > 0 (decisive only),COMPATIBILITY_ONLY_NOT_PRODUCTION,268817.8208,244366.2908,168.7661,6248,5610,-0.00062781,-0.08642944,0.00436428,-0.00062781,-168.7661,268817.8208,OK,0.0000,6.7506,4.0000,96.0000,AG03-UNRESOLVED,ALL5_LEVELS_bet23_to_bet27,6.7506,6.7506,6.7506,8.4383,8.4383,4.000000,4.000000,4.000000,5.000000,5.000000,96.000000,96.000000,96.000000,95.000000,95.000000,5.0,37.1285,34.0107,131.6376,134.7554,PENDING_AG03,FALSE,NOT_FOR_ENFORCEMENT,162.0155,234591.6392,168.7661,162.0155,6.7506,0.00062781,0.00060270,6.7506,162.0155,0.00060270,6.7506,6.7506,6.7506,8.4383,8.4383,162.0155,0.00060270,37.1285,34.0107,131.6376,134.7554,0.00048969,0.00050129,0.00002511,43.0246,43.5591,0.0301,2.0581,0.0627,3278.2661,68.4146,17.6798,46.9397,25.7155,39.4976,52.6635,77.1466,82.2897,128.5777,31.4111,0.0,2.083411,3.25533,1.089297,30,192,222,8,0.05498276,0.00062781,0.08642944,0E-8,0.000000,0.909041,0.000000,-0.09079372,2026-03-23,2026-08-06,82,2690,1181,137,0.598540,0.376650,0.410924,0.183276,,,,,,,,GLOBAL_BASELINE_NO_ENTITY_RANKING,,,NOT_APPLICABLE_GLOBAL_BASELINE,HF9g-P5,,,,X 全窗基线 · 不参与实体赏罚,6877334,688,A168_HF9F_20260827_0900,2026-08-27 09:00:00
2026-05-10,70460261,1330,0,25.9457215505,25.9457215505,25.9457215505,1.0000000,1,1,0.49324550000000000,0.493245500000,1.01360149184955,1.01360149184955,1.01360149184955,0E-17,ELIGIBLE,R03b_20260811_FULL_v1,L1_ELIGIBILITY,v2026-08-11,2026-03-21..2026-08-06,baccarat_bet02_101_all_pairs_incl_sentinel,round_win = game_pnl > 0 (decisive only),COMPATIBILITY_ONLY_NOT_PRODUCTION,268817.8208,244366.2908,168.7661,6248,5610,-0.00062781,-0.08642944,0.00436428,-0.00062781,-168.7661,268817.8208,OK,0.0000,6.7506,4.0000,96.0000,AG03-UNRESOLVED,ALL5_LEVELS_bet23_to_bet27,6.7506,6.7506,6.7506,8.4383,8.4383,4.000000,4.000000,4.000000,5.000000,5.000000,96.000000,96.000000,96.000000,95.000000,95.000000,5.0,37.1285,34.0107,131.6376,134.7554,PENDING_AG03,FALSE,NOT_FOR_ENFORCEMENT,162.0155,234591.6392,168.7661,162.0155,6.7506,0.00062781,0.00060270,6.7506,162.0155,0.00060270,6.7506,6.7506,6.7506,8.4383,8.4383,162.0155,0.00060270,37.1285,34.0107,131.6376,134.7554,0.00048969,0.00050129,0.00002511,43.0246,43.5591,0.0301,2.0581,0.0627,3278.2661,68.4146,17.6798,46.9397,25.7155,39.4976,52.6635,77.1466,82.2897,128.5777,31.4111,0.0,2.083411,3.25533,1.089297,30,192,222,8,0.05498276,0.00062781,0.08642944,0E-8,0.000000,0.909041,0.000000,-0.09079372,2026-03-23,2026-08-06,82,2690,1181,137,0.598540,0.376650,0.410924,0.183276,,,,,,,,GLOBAL_BASELINE_NO_ENTITY_RANKING,,,NOT_APPLICABLE_GLOBAL_BASELINE,HF9g-P5,,,,X 全窗基线 · 不参与实体赏罚,6877335,688,A168_HF9F_20260827_0900,2026-08-27 09:00:00
2026-05-10,70460261,1942,0,25.9457215505,-25.9457215505,-25.9457215505,0E-7,1,1,0.50665070000000000,0.506650700000,-1.013391052207602,-1.013391052207602,-1.013391052207602,0E-17,ELIGIBLE,R03b_20260811_FULL_v1,L1_ELIGIBILITY,v2026-08-11,2026-03-21..2026-08-06,baccarat_bet02_101_all_pairs_incl_sentinel,round_win = game_pnl > 0 (decisive only),COMPATIBILITY_ONLY_NOT_PRODUCTION,268817.8208,244366.2908,168.7661,6248,5610,-0.00062781,-0.08642944,0.00436428,-0.00062781,-168.7661,268817.8208,OK,0.0000,6.7506,4.0000,96.0000,AG03-UNRESOLVED,ALL5_LEVELS_bet23_to_bet27,6.7506,6.7506,6.7506,8.4383,8.4383,4.000000,4.000000,4.000000,5.000000,5.000000,96.000000,96.000000,96.000000,95.000000,95.000000,5.0,37.1285,34.0107,131.6376,134.7554,PENDING_AG03,FALSE,NOT_FOR_ENFORCEMENT,162.0155,234591.6392,168.7661,162.0155,6.7506,0.00062781,0.00060270,6.7506,162.0155,0.00060270,6.7506,6.7506,6.7506,8.4383,8.4383,162.0155,0.00060270,37.1285,34.0107,131.6376,134.7554,0.00048969,0.00050129,0.00002511,43.0246,43.5591,0.0301,2.0581,0.0627,3278.2661,68.4146,17.6798,46.9397,25.7155,39.4976,52.6635,77.1466,82.2897,128.5777,31.4111,0.0,2.083411,3.25533,1.089297,30,192,222,8,0.05498276,0.00062781,0.08642944,0E-8,0.000000,0.909041,0.000000,-0.09079372,2026-03-23,2026-08-06,82,2690,1181,137,0.598540,0.376650,0.410924,0.183276,,,,,,,,GLOBAL_BASELINE_NO_ENTITY_RANKING,,,NOT_APPLICABLE_GLOBAL_BASELINE,HF9g-P5,,,,X 全窗基线 · 不参与实体赏罚,6877336,688,A168_HF9F_20260827_0900,2026-08-27 09:00:00
2026-05-10,70460261,1990,0,25.9457215505,-25.9457215505,-25.9457215505,0E-7,1,1,0.50665070000000000,0.506650700000,-1.013391052207602,-1.013391052207602,-1.013391052207602,0E-17,ELIGIBLE,R03b_20260811_FULL_v1,L1_ELIGIBILITY,v2026-08-11,2026-03-21..2026-08-06,baccarat_bet02_101_all_pairs_incl_sentinel,round_win = game_pnl > 0 (decisive only),COMPATIBILITY_ONLY_NOT_PRODUCTION,268817.8208,244366.2908,168.7661,6248,5610,-0.00062781,-0.08642944,0.00436428,-0.00062781,-168.7661,268817.8208,OK,0.0000,6.7506,4.0000,96.0000,AG03-UNRESOLVED,ALL5_LEVELS_bet23_to_bet27,6.7506,6.7506,6.7506,8.4383,8.4383,4.000000,4.000000,4.000000,5.000000,5.000000,96.000000,96.000000,96.000000,95.000000,95.000000,5.0,37.1285,34.0107,131.6376,134.7554,PENDING_AG03,FALSE,NOT_FOR_ENFORCEMENT,162.0155,234591.6392,168.7661,162.0155,6.7506,0.00062781,0.00060270,6.7506,162.0155,0.00060270,6.7506,6.7506,6.7506,8.4383,8.4383,162.0155,0.00060270,37.1285,34.0107,131.6376,134.7554,0.00048969,0.00050129,0.00002511,43.0246,43.5591,0.0301,2.0581,0.0627,3278.2661,68.4146,17.6798,46.9397,25.7155,39.4976,52.6635,77.1466,82.2897,128.5777,31.4111,0.0,2.083411,3.25533,1.089297,30,192,222,8,0.05498276,0.00062781,0.08642944,0E-8,0.000000,0.909041,0.000000,-0.09079372,2026-03-23,2026-08-06,82,2690,1181,137,0.598540,0.376650,0.410924,0.183276,,,,,,,,GLOBAL_BASELINE_NO_ENTITY_RANKING,,,NOT_APPLICABLE_GLOBAL_BASELINE,HF9g-P5,,,,X 全窗基线 · 不参与实体赏罚,6877337,688,A168_HF9F_20260827_0900,2026-08-27 09:00:00
2026-05-10,70460261,1994,0,259.4572155050,259.4572155050,259.4572155050,1.0000000,5,5,0.49324550000000000,0.493245500000,2.266481837870793,2.266481837870793,2.266481837870793,0E-17,ELIGIBLE,R03b_20260811_FULL_v1,L1_ELIGIBILITY,v2026-08-11,2026-03-21..2026-08-06,baccarat_bet02_101_all_pairs_incl_sentinel,round_win = game_pnl > 0 (decisive only),COMPATIBILITY_ONLY_NOT_PRODUCTION,268817.8208,244366.2908,168.7661,6248,5610,-0.00062781,-0.08642944,0.00436428,-0.00062781,-168.7661,268817.8208,OK,0.0000,6.7506,4.0000,96.0000,AG03-UNRESOLVED,ALL5_LEVELS_bet23_to_bet27,6.7506,6.7506,6.7506,8.4383,8.4383,4.000000,4.000000,4.000000,5.000000,5.000000,96.000000,96.000000,96.000000,95.000000,95.000000,5.0,37.1285,34.0107,131.6376,134.7554,PENDING_AG03,FALSE,NOT_FOR_ENFORCEMENT,162.0155,234591.6392,168.7661,162.0155,6.7506,0.00062781,0.00060270,6.7506,162.0155,0.00060270,6.7506,6.7506,6.7506,8.4383,8.4383,162.0155,0.00060270,37.1285,34.0107,131.6376,134.7554,0.00048969,0.00050129,0.00002511,43.0246,43.5591,0.0301,2.0581,0.0627,3278.2661,68.4146,17.6798,46.9397,25.7155,39.4976,52.6635,77.1466,82.2897,128.5777,31.4111,0.0,2.083411,3.25533,1.089297,30,192,222,8,0.05498276,0.00062781,0.08642944,0E-8,0.000000,0.909041,0.000000,-0.09079372,2026-03-23,2026-08-06,82,2690,1181,137,0.598540,0.376650,0.410924,0.183276,,,,,,,,GLOBAL_BASELINE_NO_ENTITY_RANKING,,,NOT_APPLICABLE_GLOBAL_BASELINE,HF9g-P5,,,,X 全窗基线 · 不参与实体赏罚,6877338,688,A168_HF9F_20260827_0900,2026-08-27 09:00:00
2026-05-10,70460261,2088,0,25.9457215505,25.9457215505,25.9457215505,1.0000000,1,1,0.49324550000000000,0.493245500000,1.01360149184955,1.01360149184955,1.01360149184955,0E-17,ELIGIBLE,R03b_20260811_FULL_v1,L1_ELIGIBILITY,v2026-08-11,2026-03-21..2026-08-06,baccarat_bet02_101_all_pairs_incl_sentinel,round_win = game_pnl > 0 (decisive only),COMPATIBILITY_ONLY_NOT_PRODUCTION,268817.8208,244366.2908,168.7661,6248,5610,-0.00062781,-0.08642944,0.00436428,-0.00062781,-168.7661,268817.8208,OK,0.0000,6.7506,4.0000,96.0000,AG03-UNRESOLVED,ALL5_LEVELS_bet23_to_bet27,6.7506,6.7506,6.7506,8.4383,8.4383,4.000000,4.000000,4.000000,5.000000,5.000000,96.000000,96.000000,96.000000,95.000000,95.000000,5.0,37.1285,34.0107,131.6376,134.7554,PENDING_AG03,FALSE,NOT_FOR_ENFORCEMENT,162.0155,234591.6392,168.7661,162.0155,6.7506,0.00062781,0.00060270,6.7506,162.0155,0.00060270,6.7506,6.7506,6.7506,8.4383,8.4383,162.0155,0.00060270,37.1285,34.0107,131.6376,134.7554,0.00048969,0.00050129,0.00002511,43.0246,43.5591,0.0301,2.0581,0.0627,3278.2661,68.4146,17.6798,46.9397,25.7155,39.4976,52.6635,77.1466,82.2897,128.5777,31.4111,0.0,2.083411,3.25533,1.089297,30,192,222,8,0.05498276,0.00062781,0.08642944,0E-8,0.000000,0.909041,0.000000,-0.09079372,2026-03-23,2026-08-06,82,2690,1181,137,0.598540,0.376650,0.410924,0.183276,,,,,,,,GLOBAL_BASELINE_NO_ENTITY_RANKING,,,NOT_APPLICABLE_GLOBAL_BASELINE,HF9g-P5,,,,X 全窗基线 · 不参与实体赏罚,6877339,688,A168_HF9F_20260827_0900,2026-08-27 09:00:00
2026-05-10,70460261,2155,0,220.5386331794,91.5883970733,91.5883970733,0.8000000,7,5,0.45836437052626742,0.410670760000,1.5331657932636096,1.7696041921542054,1.5331657932636096,0.04769361052626742,ELIGIBLE,R03b_20260811_FULL_v1,L1_ELIGIBILITY,v2026-08-11,2026-03-21..2026-08-06,baccarat_bet02_101_all_pairs_incl_sentinel,round_win = game_pnl > 0 (decisive only),COMPATIBILITY_ONLY_NOT_PRODUCTION,268817.8208,244366.2908,168.7661,6248,5610,-0.00062781,-0.08642944,0.00436428,-0.00062781,-168.7661,268817.8208,OK,0.0000,6.7506,4.0000,96.0000,AG03-UNRESOLVED,ALL5_LEVELS_bet23_to_bet27,6.7506,6.7506,6.7506,8.4383,8.4383,4.000000,4.000000,4.000000,5.000000,5.000000,96.000000,96.000000,96.000000,95.000000,95.000000,5.0,37.1285,34.0107,131.6376,134.7554,PENDING_AG03,FALSE,NOT_FOR_ENFORCEMENT,162.0155,234591.6392,168.7661,162.0155,6.7506,0.00062781,0.00060270,6.7506,162.0155,0.00060270,6.7506,6.7506,6.7506,8.4383,8.4383,162.0155,0.00060270,37.1285,34.0107,131.6376,134.7554,0.00048969,0.00050129,0.00002511,43.0246,43.5591,0.0301,2.0581,0.0627,3278.2661,68.4146,17.6798,46.9397,25.7155,39.4976,52.6635,77.1466,82.2897,128.5777,31.4111,0.0,2.083411,3.25533,1.089297,30,192,222,8,0.05498276,0.00062781,0.08642944,0E-8,0.000000,0.909041,0.000000,-0.09079372,2026-03-23,2026-08-06,82,2690,1181,137,0.598540,0.376650,0.410924,0.183276,,,,,,,,GLOBAL_BASELINE_NO_ENTITY_RANKING,,,NOT_APPLICABLE_GLOBAL_BASELINE,HF9g-P5,,,,X 全窗基线 · 不参与实体赏罚,6877340,688,A168_HF9F_20260827_0900,2026-08-27 09:00:00
2026-05-10,70460261,2171,0,51.8914431010,-51.8914431010,-51.8914431010,0E-7,1,1,0.50665070000000000,0.506650700000,-1.013391052207602,-1.013391052207602,-1.013391052207602,0E-17,ELIGIBLE,R03b_20260811_FULL_v1,L1_ELIGIBILITY,v2026-08-11,2026-03-21..2026-08-06,baccarat_bet02_101_all_pairs_incl_sentinel,round_win = game_pnl > 0 (decisive only),COMPATIBILITY_ONLY_NOT_PRODUCTION,268817.8208,244366.2908,168.7661,6248,5610,-0.00062781,-0.08642944,0.00436428,-0.00062781,-168.7661,268817.8208,OK,0.0000,6.7506,4.0000,96.0000,AG03-UNRESOLVED,ALL5_LEVELS_bet23_to_bet27,6.7506,6.7506,6.7506,8.4383,8.4383,4.000000,4.000000,4.000000,5.000000,5.000000,96.000000,96.000000,96.000000,95.000000,95.000000,5.0,37.1285,34.0107,131.6376,134.7554,PENDING_AG03,FALSE,NOT_FOR_ENFORCEMENT,162.0155,234591.6392,168.7661,162.0155,6.7506,0.00062781,0.00060270,6.7506,162.0155,0.00060270,6.7506,6.7506,6.7506,8.4383,8.4383,162.0155,0.00060270,37.1285,34.0107,131.6376,134.7554,0.00048969,0.00050129,0.00002511,43.0246,43.5591,0.0301,2.0581,0.0627,3278.2661,68.4146,17.6798,46.9397,25.7155,39.4976,52.6635,77.1466,82.2897,128.5777,31.4111,0.0,2.083411,3.25533,1.089297,30,192,222,8,0.05498276,0.00062781,0.08642944,0E-8,0.000000,0.909041,0.000000,-0.09079372,2026-03-23,2026-08-06,82,2690,1181,137,0.598540,0.376650,0.410924,0.183276,,,,,,,,GLOBAL_BASELINE_NO_ENTITY_RANKING,,,NOT_APPLICABLE_GLOBAL_BASELINE,HF9g-P5,,,,X 全窗基线 · 不参与实体赏罚,6877341,688,A168_HF9F_20260827_0900,2026-08-27 09:00:00
2026-05-10,70460261,2196,0,98.5937418919,95.9991697369,95.9991697369,1.0000000,2,2,0.49994810000000000,0.499948100000,1.4143603653603398,1.4143603653603398,1.4143603653603398,0E-17,ELIGIBLE,R03b_20260811_FULL_v1,L1_ELIGIBILITY,v2026-08-11,2026-03-21..2026-08-06,baccarat_bet02_101_all_pairs_incl_sentinel,round_win = game_pnl > 0 (decisive only),COMPATIBILITY_ONLY_NOT_PRODUCTION,268817.8208,244366.2908,168.7661,6248,5610,-0.00062781,-0.08642944,0.00436428,-0.00062781,-168.7661,268817.8208,OK,0.0000,6.7506,4.0000,96.0000,AG03-UNRESOLVED,ALL5_LEVELS_bet23_to_bet27,6.7506,6.7506,6.7506,8.4383,8.4383,4.000000,4.000000,4.000000,5.000000,5.000000,96.000000,96.000000,96.000000,95.000000,95.000000,5.0,37.1285,34.0107,131.6376,134.7554,PENDING_AG03,FALSE,NOT_FOR_ENFORCEMENT,162.0155,234591.6392,168.7661,162.0155,6.7506,0.00062781,0.00060270,6.7506,162.0155,0.00060270,6.7506,6.7506,6.7506,8.4383,8.4383,162.0155,0.00060270,37.1285,34.0107,131.6376,134.7554,0.00048969,0.00050129,0.00002511,43.0246,43.5591,0.0301,2.0581,0.0627,3278.2661,68.4146,17.6798,46.9397,25.7155,39.4976,52.6635,77.1466,82.2897,128.5777,31.4111,0.0,2.083411,3.25533,1.089297,30,192,222,8,0.05498276,0.00062781,0.08642944,0E-8,0.000000,0.909041,0.000000,-0.09079372,2026-03-23,2026-08-06,82,2690,1181,137,0.598540,0.376650,0.410924,0.183276,,,,,,,,GLOBAL_BASELINE_NO_ENTITY_RANKING,,,NOT_APPLICABLE_GLOBAL_BASELINE,HF9g-P5,,,,X 全窗基线 · 不参与实体赏罚,6877342,688,A168_HF9F_20260827_0900,2026-08-27 09:00:00
2026-05-10,70460261,2254,0,204.9712002490,-22.8322349644,-22.8322349644,0.5000000,4,4,0.50665070000000000,0.506650700000,-0.02660515369234503,-0.02660515369234503,-0.02660515369234503,0E-17,ELIGIBLE,R03b_20260811_FULL_v1,L1_ELIGIBILITY,v2026-08-11,2026-03-21..2026-08-06,baccarat_bet02_101_all_pairs_incl_sentinel,round_win = game_pnl > 0 (decisive only),COMPATIBILITY_ONLY_NOT_PRODUCTION,268817.8208,244366.2908,168.7661,6248,5610,-0.00062781,-0.08642944,0.00436428,-0.00062781,-168.7661,268817.8208,OK,0.0000,6.7506,4.0000,96.0000,AG03-UNRESOLVED,ALL5_LEVELS_bet23_to_bet27,6.7506,6.7506,6.7506,8.4383,8.4383,4.000000,4.000000,4.000000,5.000000,5.000000,96.000000,96.000000,96.000000,95.000000,95.000000,5.0,37.1285,34.0107,131.6376,134.7554,PENDING_AG03,FALSE,NOT_FOR_ENFORCEMENT,162.0155,234591.6392,168.7661,162.0155,6.7506,0.00062781,0.00060270,6.7506,162.0155,0.00060270,6.7506,6.7506,6.7506,8.4383,8.4383,162.0155,0.00060270,37.1285,34.0107,131.6376,134.7554,0.00048969,0.00050129,0.00002511,43.0246,43.5591,0.0301,2.0581,0.0627,3278.2661,68.4146,17.6798,46.9397,25.7155,39.4976,52.6635,77.1466,82.2897,128.5777,31.4111,0.0,2.083411,3.25533,1.089297,30,192,222,8,0.05498276,0.00062781,0.08642944,0E-8,0.000000,0.909041,0.000000,-0.09079372,2026-03-23,2026-08-06,82,2690,1181,137,0.598540,0.376650,0.410924,0.183276,,,,,,,,GLOBAL_BASELINE_NO_ENTITY_RANKING,,,NOT_APPLICABLE_GLOBAL_BASELINE,HF9g-P5,,,,X 全窗基线 · 不参与实体赏罚,6877343,688,A168_HF9F_20260827_0900,2026-08-27 09:00:00
2026-05-10,70460261,529,0,77.8371646515,-77.8371646515,-77.8371646515,0E-7,1,1,0.50665070000000000,0.506650700000,-1.013391052207602,-1.013391052207602,-1.013391052207602,0E-17,ELIGIBLE,R03b_20260811_FULL_v1,L1_ELIGIBILITY,v2026-08-11,2026-03-21..2026-08-06,baccarat_bet02_101_all_pairs_incl_sentinel,round_win = game_pnl > 0 (decisive only),COMPATIBILITY_ONLY_NOT_PRODUCTION,268817.8208,244366.2908,168.7661,6248,5610,-0.00062781,-0.08642944,0.00436428,-0.00062781,-168.7661,268817.8208,OK,0.0000,6.7506,4.0000,96.0000,AG03-UNRESOLVED,ALL5_LEVELS_bet23_to_bet27,6.7506,6.7506,6.7506,8.4383,8.4383,4.000000,4.000000,4.000000,5.000000,5.000000,96.000000,96.000000,96.000000,95.000000,95.000000,5.0,37.1285,34.0107,131.6376,134.7554,PENDING_AG03,FALSE,NOT_FOR_ENFORCEMENT,162.0155,234591.6392,168.7661,162.0155,6.7506,0.00062781,0.00060270,6.7506,162.0155,0.00060270,6.7506,6.7506,6.7506,8.4383,8.4383,162.0155,0.00060270,37.1285,34.0107,131.6376,134.7554,0.00048969,0.00050129,0.00002511,43.0246,43.5591,0.0301,2.0581,0.0627,3278.2661,68.4146,17.6798,46.9397,25.7155,39.4976,52.6635,77.1466,82.2897,128.5777,31.4111,0.0,2.083411,3.25533,1.089297,30,192,222,8,0.05498276,0.00062781,0.08642944,0E-8,0.000000,0.909041,0.000000,-0.09079372,2026-03-23,2026-08-06,82,2690,1181,137,0.598540,0.376650,0.410924,0.183276,,,,,,,,GLOBAL_BASELINE_NO_ENTITY_RANKING,,,NOT_APPLICABLE_GLOBAL_BASELINE,HF9g-P5,,,,X 全窗基线 · 不参与实体赏罚,6877344,688,A168_HF9F_20260827_0900,2026-08-27 09:00:00
2026-05-10,70460261,583,0,38.9185823258,0E-10,0E-10,,1,1,0.50665070000000000,0.506650700000,,,,0E-17,NO_DECISIVE_ROUND,R03b_20260811_FULL_v1,L1_ELIGIBILITY,v2026-08-11,2026-03-21..2026-08-06,baccarat_bet02_101_all_pairs_incl_sentinel,round_win = game_pnl > 0 (decisive only),COMPATIBILITY_ONLY_NOT_PRODUCTION,268817.8208,244366.2908,168.7661,6248,5610,-0.00062781,-0.08642944,0.00436428,-0.00062781,-168.7661,268817.8208,OK,0.0000,6.7506,4.0000,96.0000,AG03-UNRESOLVED,ALL5_LEVELS_bet23_to_bet27,6.7506,6.7506,6.7506,8.4383,8.4383,4.000000,4.000000,4.000000,5.000000,5.000000,96.000000,96.000000,96.000000,95.000000,95.000000,5.0,37.1285,34.0107,131.6376,134.7554,PENDING_AG03,FALSE,NOT_FOR_ENFORCEMENT,162.0155,234591.6392,168.7661,162.0155,6.7506,0.00062781,0.00060270,6.7506,162.0155,0.00060270,6.7506,6.7506,6.7506,8.4383,8.4383,162.0155,0.00060270,37.1285,34.0107,131.6376,134.7554,0.00048969,0.00050129,0.00002511,43.0246,43.5591,0.0301,2.0581,0.0627,3278.2661,68.4146,17.6798,46.9397,25.7155,39.4976,52.6635,77.1466,82.2897,128.5777,31.4111,0.0,2.083411,3.25533,1.089297,30,192,222,8,0.05498276,0.00062781,0.08642944,0E-8,0.000000,0.909041,0.000000,-0.09079372,2026-03-23,2026-08-06,82,2690,1181,137,0.598540,0.376650,0.410924,0.183276,,,,,,,,GLOBAL_BASELINE_NO_ENTITY_RANKING,,,NOT_APPLICABLE_GLOBAL_BASELINE,HF9g-P5,,,,X 全窗基线 · 不参与实体赏罚,6877345,688,A168_HF9F_20260827_0900,2026-08-27 09:00:00
2026-05-10,70460261,772,0,25.9457215505,-25.9457215505,-25.9457215505,0E-7,1,1,0.49324550000000000,0.493245500000,-0.9865810262130424,-0.9865810262130424,-0.9865810262130424,0E-17,ELIGIBLE,R03b_20260811_FULL_v1,L1_ELIGIBILITY,v2026-08-11,2026-03-21..2026-08-06,baccarat_bet02_101_all_pairs_incl_sentinel,round_win = game_pnl > 0 (decisive only),COMPATIBILITY_ONLY_NOT_PRODUCTION,268817.8208,244366.2908,168.7661,6248,5610,-0.00062781,-0.08642944,0.00436428,-0.00062781,-168.7661,268817.8208,OK,0.0000,6.7506,4.0000,96.0000,AG03-UNRESOLVED,ALL5_LEVELS_bet23_to_bet27,6.7506,6.7506,6.7506,8.4383,8.4383,4.000000,4.000000,4.000000,5.000000,5.000000,96.000000,96.000000,96.000000,95.000000,95.000000,5.0,37.1285,34.0107,131.6376,134.7554,PENDING_AG03,FALSE,NOT_FOR_ENFORCEMENT,162.0155,234591.6392,168.7661,162.0155,6.7506,0.00062781,0.00060270,6.7506,162.0155,0.00060270,6.7506,6.7506,6.7506,8.4383,8.4383,162.0155,0.00060270,37.1285,34.0107,131.6376,134.7554,0.00048969,0.00050129,0.00002511,43.0246,43.5591,0.0301,2.0581,0.0627,3278.2661,68.4146,17.6798,46.9397,25.7155,39.4976,52.6635,77.1466,82.2897,128.5777,31.4111,0.0,2.083411,3.25533,1.089297,30,192,222,8,0.05498276,0.00062781,0.08642944,0E-8,0.000000,0.909041,0.000000,-0.09079372,2026-03-23,2026-08-06,82,2690,1181,137,0.598540,0.376650,0.410924,0.183276,,,,,,,,GLOBAL_BASELINE_NO_ENTITY_RANKING,,,NOT_APPLICABLE_GLOBAL_BASELINE,HF9g-P5,,,,X 全窗基线 · 不参与实体赏罚,6877346,688,A168_HF9F_20260827_0900,2026-08-27 09:00:00
2026-05-11,70460261,-1,1,25.1673499040,-25.1673499040,-25.1673499040,0E-7,1,1,0.49324550000000000,0.493245500000,-0.9865810262130424,-0.9865810262130424,-0.9865810262130424,0E-17,SENTINEL_DEALER,R03b_20260811_FULL_v1,L1_ELIGIBILITY,v2026-08-11,2026-03-21..2026-08-06,baccarat_bet02_101_all_pairs_incl_sentinel,round_win = game_pnl > 0 (decisive only),COMPATIBILITY_ONLY_NOT_PRODUCTION,268817.8208,244366.2908,168.7661,6248,5610,-0.00062781,-0.08642944,0.00436428,-0.00062781,-168.7661,268817.8208,OK,0.0000,6.7506,4.0000,96.0000,AG03-UNRESOLVED,ALL5_LEVELS_bet23_to_bet27,6.7506,6.7506,6.7506,8.4383,8.4383,4.000000,4.000000,4.000000,5.000000,5.000000,96.000000,96.000000,96.000000,95.000000,95.000000,5.0,37.1285,34.0107,131.6376,134.7554,PENDING_AG03,FALSE,NOT_FOR_ENFORCEMENT,162.0155,234591.6392,168.7661,162.0155,6.7506,0.00062781,0.00060270,6.7506,162.0155,0.00060270,6.7506,6.7506,6.7506,8.4383,8.4383,162.0155,0.00060270,37.1285,34.0107,131.6376,134.7554,0.00048969,0.00050129,0.00002511,43.0246,43.5591,0.0301,2.0581,0.0627,3278.2661,68.4146,17.6798,46.9397,25.7155,39.4976,52.6635,77.1466,82.2897,128.5777,31.4111,0.0,2.083411,3.25533,1.089297,30,192,222,8,0.05498276,0.00062781,0.08642944,0E-8,0.000000,0.909041,0.000000,-0.09079372,2026-03-23,2026-08-06,82,2690,1181,137,0.598540,0.376650,0.410924,0.183276,,,,,,,,GLOBAL_BASELINE_NO_ENTITY_RANKING,,,NOT_APPLICABLE_GLOBAL_BASELINE,HF9g-P5,,,,X 全窗基线 · 不参与实体赏罚,6877347,688,A168_HF9F_20260827_0900,2026-08-27 09:00:00
2026-05-11,70460261,1966,0,25.9457215505,-25.9457215505,-25.9457215505,0E-7,1,1,0.50665070000000000,0.506650700000,-1.013391052207602,-1.013391052207602,-1.013391052207602,0E-17,ELIGIBLE,R03b_20260811_FULL_v1,L1_ELIGIBILITY,v2026-08-11,2026-03-21..2026-08-06,baccarat_bet02_101_all_pairs_incl_sentinel,round_win = game_pnl > 0 (decisive only),COMPATIBILITY_ONLY_NOT_PRODUCTION,268817.8208,244366.2908,168.7661,6248,5610,-0.00062781,-0.08642944,0.00436428,-0.00062781,-168.7661,268817.8208,OK,0.0000,6.7506,4.0000,96.0000,AG03-UNRESOLVED,ALL5_LEVELS_bet23_to_bet27,6.7506,6.7506,6.7506,8.4383,8.4383,4.000000,4.000000,4.000000,5.000000,5.000000,96.000000,96.000000,96.000000,95.000000,95.000000,5.0,37.1285,34.0107,131.6376,134.7554,PENDING_AG03,FALSE,NOT_FOR_ENFORCEMENT,162.0155,234591.6392,168.7661,162.0155,6.7506,0.00062781,0.00060270,6.7506,162.0155,0.00060270,6.7506,6.7506,6.7506,8.4383,8.4383,162.0155,0.00060270,37.1285,34.0107,131.6376,134.7554,0.00048969,0.00050129,0.00002511,43.0246,43.5591,0.0301,2.0581,0.0627,3278.2661,68.4146,17.6798,46.9397,25.7155,39.4976,52.6635,77.1466,82.2897,128.5777,31.4111,0.0,2.083411,3.25533,1.089297,30,192,222,8,0.05498276,0.00062781,0.08642944,0E-8,0.000000,0.909041,0.000000,-0.09079372,2026-03-23,2026-08-06,82,2690,1181,137,0.598540,0.376650,0.410924,0.183276,,,,,,,,GLOBAL_BASELINE_NO_ENTITY_RANKING,,,NOT_APPLICABLE_GLOBAL_BASELINE,HF9g-P5,,,,X 全窗基线 · 不参与实体赏罚,6877348,688,A168_HF9F_20260827_0900,2026-08-27 09:00:00
2026-05-11,70460261,2177,0,38.9185823258,-25.9457215505,-25.9457215505,0E-7,2,2,0.50665070000000000,0.506650700000,-1.013391052207602,-1.013391052207602,-1.013391052207602,0E-17,ELIGIBLE,R03b_20260811_FULL_v1,L1_ELIGIBILITY,v2026-08-11,2026-03-21..2026-08-06,baccarat_bet02_101_all_pairs_incl_sentinel,round_win = game_pnl > 0 (decisive only),COMPATIBILITY_ONLY_NOT_PRODUCTION,268817.8208,244366.2908,168.7661,6248,5610,-0.00062781,-0.08642944,0.00436428,-0.00062781,-168.7661,268817.8208,OK,0.0000,6.7506,4.0000,96.0000,AG03-UNRESOLVED,ALL5_LEVELS_bet23_to_bet27,6.7506,6.7506,6.7506,8.4383,8.4383,4.000000,4.000000,4.000000,5.000000,5.000000,96.000000,96.000000,96.000000,95.000000,95.000000,5.0,37.1285,34.0107,131.6376,134.7554,PENDING_AG03,FALSE,NOT_FOR_ENFORCEMENT,162.0155,234591.6392,168.7661,162.0155,6.7506,0.00062781,0.00060270,6.7506,162.0155,0.00060270,6.7506,6.7506,6.7506,8.4383,8.4383,162.0155,0.00060270,37.1285,34.0107,131.6376,134.7554,0.00048969,0.00050129,0.00002511,43.0246,43.5591,0.0301,2.0581,0.0627,3278.2661,68.4146,17.6798,46.9397,25.7155,39.4976,52.6635,77.1466,82.2897,128.5777,31.4111,0.0,2.083411,3.25533,1.089297,30,192,222,8,0.05498276,0.00062781,0.08642944,0E-8,0.000000,0.909041,0.000000,-0.09079372,2026-03-23,2026-08-06,82,2690,1181,137,0.598540,0.376650,0.410924,0.183276,,,,,,,,GLOBAL_BASELINE_NO_ENTITY_RANKING,,,NOT_APPLICABLE_GLOBAL_BASELINE,HF9g-P5,,,,X 全窗基线 · 不参与实体赏罚,6877349,688,A168_HF9F_20260827_0900,2026-08-27 09:00:00
2026-05-11,70460261,462,0,52.1509003165,-1.0508017228,-1.0508017228,0.5000000,2,2,0.50665070000000000,0.506650700000,-0.018812684590367487,-0.018812684590367487,-0.018812684590367487,0E-17,ELIGIBLE,R03b_20260811_FULL_v1,L1_ELIGIBILITY,v2026-08-11,2026-03-21..2026-08-06,baccarat_bet02_101_all_pairs_incl_sentinel,round_win = game_pnl > 0 (decisive only),COMPATIBILITY_ONLY_NOT_PRODUCTION,268817.8208,244366.2908,168.7661,6248,5610,-0.00062781,-0.08642944,0.00436428,-0.00062781,-168.7661,268817.8208,OK,0.0000,6.7506,4.0000,96.0000,AG03-UNRESOLVED,ALL5_LEVELS_bet23_to_bet27,6.7506,6.7506,6.7506,8.4383,8.4383,4.000000,4.000000,4.000000,5.000000,5.000000,96.000000,96.000000,96.000000,95.000000,95.000000,5.0,37.1285,34.0107,131.6376,134.7554,PENDING_AG03,FALSE,NOT_FOR_ENFORCEMENT,162.0155,234591.6392,168.7661,162.0155,6.7506,0.00062781,0.00060270,6.7506,162.0155,0.00060270,6.7506,6.7506,6.7506,8.4383,8.4383,162.0155,0.00060270,37.1285,34.0107,131.6376,134.7554,0.00048969,0.00050129,0.00002511,43.0246,43.5591,0.0301,2.0581,0.0627,3278.2661,68.4146,17.6798,46.9397,25.7155,39.4976,52.6635,77.1466,82.2897,128.5777,31.4111,0.0,2.083411,3.25533,1.089297,30,192,222,8,0.05498276,0.00062781,0.08642944,0E-8,0.000000,0.909041,0.000000,-0.09079372,2026-03-23,2026-08-06,82,2690,1181,137,0.598540,0.376650,0.410924,0.183276,,,,,,,,GLOBAL_BASELINE_NO_ENTITY_RANKING,,,NOT_APPLICABLE_GLOBAL_BASELINE,HF9g-P5,,,,X 全窗基线 · 不参与实体赏罚,6877350,688,A168_HF9F_20260827_0900,2026-08-27 09:00:00
2026-05-13,70460261,-1,1,25.9457215505,-25.9457215505,-25.9457215505,0E-7,1,1,0.50665070000000000,0.506650700000,-1.013391052207602,-1.013391052207602,-1.013391052207602,0E-17,SENTINEL_DEALER,R03b_20260811_FULL_v1,L1_ELIGIBILITY,v2026-08-11,2026-03-21..2026-08-06,baccarat_bet02_101_all_pairs_incl_sentinel,round_win = game_pnl > 0 (decisive only),COMPATIBILITY_ONLY_NOT_PRODUCTION,268817.8208,244366.2908,168.7661,6248,5610,-0.00062781,-0.08642944,0.00436428,-0.00062781,-168.7661,268817.8208,OK,0.0000,6.7506,4.0000,96.0000,AG03-UNRESOLVED,ALL5_LEVELS_bet23_to_bet27,6.7506,6.7506,6.7506,8.4383,8.4383,4.000000,4.000000,4.000000,5.000000,5.000000,96.000000,96.000000,96.000000,95.000000,95.000000,5.0,37.1285,34.0107,131.6376,134.7554,PENDING_AG03,FALSE,NOT_FOR_ENFORCEMENT,162.0155,234591.6392,168.7661,162.0155,6.7506,0.00062781,0.00060270,6.7506,162.0155,0.00060270,6.7506,6.7506,6.7506,8.4383,8.4383,162.0155,0.00060270,37.1285,34.0107,131.6376,134.7554,0.00048969,0.00050129,0.00002511,43.0246,43.5591,0.0301,2.0581,0.0627,3278.2661,68.4146,17.6798,46.9397,25.7155,39.4976,52.6635,77.1466,82.2897,128.5777,31.4111,0.0,2.083411,3.25533,1.089297,30,192,222,8,0.05498276,0.00062781,0.08642944,0E-8,0.000000,0.909041,0.000000,-0.09079372,2026-03-23,2026-08-06,82,2690,1181,137,0.598540,0.376650,0.410924,0.183276,,,,,,,,GLOBAL_BASELINE_NO_ENTITY_RANKING,,,NOT_APPLICABLE_GLOBAL_BASELINE,HF9g-P5,,,,X 全窗基线 · 不参与实体赏罚,6877351,688,A168_HF9F_20260827_0900,2026-08-27 09:00:00
2026-05-13,70460261,1221,0,12.9728607753,-12.9728607753,-12.9728607753,0E-7,1,1,0.49324550000000000,0.493245500000,-0.9865810262130424,-0.9865810262130424,-0.9865810262130424,0E-17,ELIGIBLE,R03b_20260811_FULL_v1,L1_ELIGIBILITY,v2026-08-11,2026-03-21..2026-08-06,baccarat_bet02_101_all_pairs_incl_sentinel,round_win = game_pnl > 0 (decisive only),COMPATIBILITY_ONLY_NOT_PRODUCTION,268817.8208,244366.2908,168.7661,6248,5610,-0.00062781,-0.08642944,0.00436428,-0.00062781,-168.7661,268817.8208,OK,0.0000,6.7506,4.0000,96.0000,AG03-UNRESOLVED,ALL5_LEVELS_bet23_to_bet27,6.7506,6.7506,6.7506,8.4383,8.4383,4.000000,4.000000,4.000000,5.000000,5.000000,96.000000,96.000000,96.000000,95.000000,95.000000,5.0,37.1285,34.0107,131.6376,134.7554,PENDING_AG03,FALSE,NOT_FOR_ENFORCEMENT,162.0155,234591.6392,168.7661,162.0155,6.7506,0.00062781,0.00060270,6.7506,162.0155,0.00060270,6.7506,6.7506,6.7506,8.4383,8.4383,162.0155,0.00060270,37.1285,34.0107,131.6376,134.7554,0.00048969,0.00050129,0.00002511,43.0246,43.5591,0.0301,2.0581,0.0627,3278.2661,68.4146,17.6798,46.9397,25.7155,39.4976,52.6635,77.1466,82.2897,128.5777,31.4111,0.0,2.083411,3.25533,1.089297,30,192,222,8,0.05498276,0.00062781,0.08642944,0E-8,0.000000,0.909041,0.000000,-0.09079372,2026-03-23,2026-08-06,82,2690,1181,137,0.598540,0.376650,0.410924,0.183276,,,,,,,,GLOBAL_BASELINE_NO_ENTITY_RANKING,,,NOT_APPLICABLE_GLOBAL_BASELINE,HF9g-P5,,,,X 全窗基线 · 不参与实体赏罚,6877352,688,A168_HF9F_20260827_0900,2026-08-27 09:00:00
2026-05-13,70460261,2175,0,38.9185823258,-38.9185823258,-38.9185823258,0E-7,2,1,0.35562093333294527,0.280106050000,-0.7428873223040543,-0.6237735893609975,-0.7428873223040543,0.07551488333294527,ELIGIBLE,R03b_20260811_FULL_v1,L1_ELIGIBILITY,v2026-08-11,2026-03-21..2026-08-06,baccarat_bet02_101_all_pairs_incl_sentinel,round_win = game_pnl > 0 (decisive only),COMPATIBILITY_ONLY_NOT_PRODUCTION,268817.8208,244366.2908,168.7661,6248,5610,-0.00062781,-0.08642944,0.00436428,-0.00062781,-168.7661,268817.8208,OK,0.0000,6.7506,4.0000,96.0000,AG03-UNRESOLVED,ALL5_LEVELS_bet23_to_bet27,6.7506,6.7506,6.7506,8.4383,8.4383,4.000000,4.000000,4.000000,5.000000,5.000000,96.000000,96.000000,96.000000,95.000000,95.000000,5.0,37.1285,34.0107,131.6376,134.7554,PENDING_AG03,FALSE,NOT_FOR_ENFORCEMENT,162.0155,234591.6392,168.7661,162.0155,6.7506,0.00062781,0.00060270,6.7506,162.0155,0.00060270,6.7506,6.7506,6.7506,8.4383,8.4383,162.0155,0.00060270,37.1285,34.0107,131.6376,134.7554,0.00048969,0.00050129,0.00002511,43.0246,43.5591,0.0301,2.0581,0.0627,3278.2661,68.4146,17.6798,46.9397,25.7155,39.4976,52.6635,77.1466,82.2897,128.5777,31.4111,0.0,2.083411,3.25533,1.089297,30,192,222,8,0.05498276,0.00062781,0.08642944,0E-8,0.000000,0.909041,0.000000,-0.09079372,2026-03-23,2026-08-06,82,2690,1181,137,0.598540,0.376650,0.410924,0.183276,,,,,,,,GLOBAL_BASELINE_NO_ENTITY_RANKING,,,NOT_APPLICABLE_GLOBAL_BASELINE,HF9g-P5,,,,X 全窗基线 · 不参与实体赏罚,6877353,688,A168_HF9F_20260827_0900,2026-08-27 09:00:00
2026-05-13,70460261,2188,0,12.9728607753,12.3242177365,12.3242177365,1.0000000,1,1,0.50665070000000000,0.506650700000,0.9867858985152569,0.9867858985152569,0.9867858985152569,0E-17,ELIGIBLE,R03b_20260811_FULL_v1,L1_ELIGIBILITY,v2026-08-11,2026-03-21..2026-08-06,baccarat_bet02_101_all_pairs_incl_sentinel,round_win = game_pnl > 0 (decisive only),COMPATIBILITY_ONLY_NOT_PRODUCTION,268817.8208,244366.2908,168.7661,6248,5610,-0.00062781,-0.08642944,0.00436428,-0.00062781,-168.7661,268817.8208,OK,0.0000,6.7506,4.0000,96.0000,AG03-UNRESOLVED,ALL5_LEVELS_bet23_to_bet27,6.7506,6.7506,6.7506,8.4383,8.4383,4.000000,4.000000,4.000000,5.000000,5.000000,96.000000,96.000000,96.000000,95.000000,95.000000,5.0,37.1285,34.0107,131.6376,134.7554,PENDING_AG03,FALSE,NOT_FOR_ENFORCEMENT,162.0155,234591.6392,168.7661,162.0155,6.7506,0.00062781,0.00060270,6.7506,162.0155,0.00060270,6.7506,6.7506,6.7506,8.4383,8.4383,162.0155,0.00060270,37.1285,34.0107,131.6376,134.7554,0.00048969,0.00050129,0.00002511,43.0246,43.5591,0.0301,2.0581,0.0627,3278.2661,68.4146,17.6798,46.9397,25.7155,39.4976,52.6635,77.1466,82.2897,128.5777,31.4111,0.0,2.083411,3.25533,1.089297,30,192,222,8,0.05498276,0.00062781,0.08642944,0E-8,0.000000,0.909041,0.000000,-0.09079372,2026-03-23,2026-08-06,82,2690,1181,137,0.598540,0.376650,0.410924,0.183276,,,,,,,,GLOBAL_BASELINE_NO_ENTITY_RANKING,,,NOT_APPLICABLE_GLOBAL_BASELINE,HF9g-P5,,,,X 全窗基线 · 不参与实体赏罚,6877354,688,A168_HF9F_20260827_0900,2026-08-27 09:00:00
2026-05-13,70460261,550,0,25.9457215506,-0.6486430388,-0.6486430388,0.5000000,2,2,0.50665070000000000,0.506650700000,-0.018812684590367487,-0.018812684590367487,-0.018812684590367487,0E-17,ELIGIBLE,R03b_20260811_FULL_v1,L1_ELIGIBILITY,v2026-08-11,2026-03-21..2026-08-06,baccarat_bet02_101_all_pairs_incl_sentinel,round_win = game_pnl > 0 (decisive only),COMPATIBILITY_ONLY_NOT_PRODUCTION,268817.8208,244366.2908,168.7661,6248,5610,-0.00062781,-0.08642944,0.00436428,-0.00062781,-168.7661,268817.8208,OK,0.0000,6.7506,4.0000,96.0000,AG03-UNRESOLVED,ALL5_LEVELS_bet23_to_bet27,6.7506,6.7506,6.7506,8.4383,8.4383,4.000000,4.000000,4.000000,5.000000,5.000000,96.000000,96.000000,96.000000,95.000000,95.000000,5.0,37.1285,34.0107,131.6376,134.7554,PENDING_AG03,FALSE,NOT_FOR_ENFORCEMENT,162.0155,234591.6392,168.7661,162.0155,6.7506,0.00062781,0.00060270,6.7506,162.0155,0.00060270,6.7506,6.7506,6.7506,8.4383,8.4383,162.0155,0.00060270,37.1285,34.0107,131.6376,134.7554,0.00048969,0.00050129,0.00002511,43.0246,43.5591,0.0301,2.0581,0.0627,3278.2661,68.4146,17.6798,46.9397,25.7155,39.4976,52.6635,77.1466,82.2897,128.5777,31.4111,0.0,2.083411,3.25533,1.089297,30,192,222,8,0.05498276,0.00062781,0.08642944,0E-8,0.000000,0.909041,0.000000,-0.09079372,2026-03-23,2026-08-06,82,2690,1181,137,0.598540,0.376650,0.410924,0.183276,,,,,,,,GLOBAL_BASELINE_NO_ENTITY_RANKING,,,NOT_APPLICABLE_GLOBAL_BASELINE,HF9g-P5,,,,X 全窗基线 · 不参与实体赏罚,6877355,688,A168_HF9F_20260827_0900,2026-08-27 09:00:00
2026-05-14,70460261,-1,1,420.3206891184,188.1064812412,188.1064812412,0.6875000,17,17,0.49955382941176471,0.499553829412,1.503569963331915,1.5035699633300323,1.503569963331915,-2.3529E-13,SENTINEL_DEALER,R03b_20260811_FULL_v1,L1_ELIGIBILITY,v2026-08-11,2026-03-21..2026-08-06,baccarat_bet02_101_all_pairs_incl_sentinel,round_win = game_pnl > 0 (decisive only),COMPATIBILITY_ONLY_NOT_PRODUCTION,268817.8208,244366.2908,168.7661,6248,5610,-0.00062781,-0.08642944,0.00436428,-0.00062781,-168.7661,268817.8208,OK,0.0000,6.7506,4.0000,96.0000,AG03-UNRESOLVED,ALL5_LEVELS_bet23_to_bet27,6.7506,6.7506,6.7506,8.4383,8.4383,4.000000,4.000000,4.000000,5.000000,5.000000,96.000000,96.000000,96.000000,95.000000,95.000000,5.0,37.1285,34.0107,131.6376,134.7554,PENDING_AG03,FALSE,NOT_FOR_ENFORCEMENT,162.0155,234591.6392,168.7661,162.0155,6.7506,0.00062781,0.00060270,6.7506,162.0155,0.00060270,6.7506,6.7506,6.7506,8.4383,8.4383,162.0155,0.00060270,37.1285,34.0107,131.6376,134.7554,0.00048969,0.00050129,0.00002511,43.0246,43.5591,0.0301,2.0581,0.0627,3278.2661,68.4146,17.6798,46.9397,25.7155,39.4976,52.6635,77.1466,82.2897,128.5777,31.4111,0.0,2.083411,3.25533,1.089297,30,192,222,8,0.05498276,0.00062781,0.08642944,0E-8,0.000000,0.909041,0.000000,-0.09079372,2026-03-23,2026-08-06,82,2690,1181,137,0.598540,0.376650,0.410924,0.183276,,,,,,,,GLOBAL_BASELINE_NO_ENTITY_RANKING,,,NOT_APPLICABLE_GLOBAL_BASELINE,HF9g-P5,,,,X 全窗基线 · 不参与实体赏罚,6877356,688,A168_HF9F_20260827_0900,2026-08-27 09:00:00
2026-05-14,70460261,1109,0,13.2323179908,-13.2323179908,-13.2323179908,0E-7,1,1,0.50665070000000000,0.506650700000,-1.013391052207602,-1.013391052207602,-1.013391052207602,0E-17,ELIGIBLE,R03b_20260811_FULL_v1,L1_ELIGIBILITY,v2026-08-11,2026-03-21..2026-08-06,baccarat_bet02_101_all_pairs_incl_sentinel,round_win = game_pnl > 0 (decisive only),COMPATIBILITY_ONLY_NOT_PRODUCTION,268817.8208,244366.2908,168.7661,6248,5610,-0.00062781,-0.08642944,0.00436428,-0.00062781,-168.7661,268817.8208,OK,0.0000,6.7506,4.0000,96.0000,AG03-UNRESOLVED,ALL5_LEVELS_bet23_to_bet27,6.7506,6.7506,6.7506,8.4383,8.4383,4.000000,4.000000,4.000000,5.000000,5.000000,96.000000,96.000000,96.000000,95.000000,95.000000,5.0,37.1285,34.0107,131.6376,134.7554,PENDING_AG03,FALSE,NOT_FOR_ENFORCEMENT,162.0155,234591.6392,168.7661,162.0155,6.7506,0.00062781,0.00060270,6.7506,162.0155,0.00060270,6.7506,6.7506,6.7506,8.4383,8.4383,162.0155,0.00060270,37.1285,34.0107,131.6376,134.7554,0.00048969,0.00050129,0.00002511,43.0246,43.5591,0.0301,2.0581,0.0627,3278.2661,68.4146,17.6798,46.9397,25.7155,39.4976,52.6635,77.1466,82.2897,128.5777,31.4111,0.0,2.083411,3.25533,1.089297,30,192,222,8,0.05498276,0.00062781,0.08642944,0E-8,0.000000,0.909041,0.000000,-0.09079372,2026-03-23,2026-08-06,82,2690,1181,137,0.598540,0.376650,0.410924,0.183276,,,,,,,,GLOBAL_BASELINE_NO_ENTITY_RANKING,,,NOT_APPLICABLE_GLOBAL_BASELINE,HF9g-P5,,,,X 全窗基线 · 不参与实体赏罚,6877357,688,A168_HF9F_20260827_0900,2026-08-27 09:00:00
2026-05-14,70460261,1302,0,25.9457215505,-25.9457215505,-25.9457215505,0E-7,1,1,0.49324550000000000,0.493245500000,-0.9865810262130424,-0.9865810262130424,-0.9865810262130424,0E-17,ELIGIBLE,R03b_20260811_FULL_v1,L1_ELIGIBILITY,v2026-08-11,2026-03-21..2026-08-06,baccarat_bet02_101_all_pairs_incl_sentinel,round_win = game_pnl > 0 (decisive only),COMPATIBILITY_ONLY_NOT_PRODUCTION,268817.8208,244366.2908,168.7661,6248,5610,-0.00062781,-0.08642944,0.00436428,-0.00062781,-168.7661,268817.8208,OK,0.0000,6.7506,4.0000,96.0000,AG03-UNRESOLVED,ALL5_LEVELS_bet23_to_bet27,6.7506,6.7506,6.7506,8.4383,8.4383,4.000000,4.000000,4.000000,5.000000,5.000000,96.000000,96.000000,96.000000,95.000000,95.000000,5.0,37.1285,34.0107,131.6376,134.7554,PENDING_AG03,FALSE,NOT_FOR_ENFORCEMENT,162.0155,234591.6392,168.7661,162.0155,6.7506,0.00062781,0.00060270,6.7506,162.0155,0.00060270,6.7506,6.7506,6.7506,8.4383,8.4383,162.0155,0.00060270,37.1285,34.0107,131.6376,134.7554,0.00048969,0.00050129,0.00002511,43.0246,43.5591,0.0301,2.0581,0.0627,3278.2661,68.4146,17.6798,46.9397,25.7155,39.4976,52.6635,77.1466,82.2897,128.5777,31.4111,0.0,2.083411,3.25533,1.089297,30,192,222,8,0.05498276,0.00062781,0.08642944,0E-8,0.000000,0.909041,0.000000,-0.09079372,2026-03-23,2026-08-06,82,2690,1181,137,0.598540,0.376650,0.410924,0.183276,,,,,,,,GLOBAL_BASELINE_NO_ENTITY_RANKING,,,NOT_APPLICABLE_GLOBAL_BASELINE,HF9g-P5,,,,X 全窗基线 · 不参与实体赏罚,6877358,688,A168_HF9F_20260827_0900,2026-08-27 09:00:00
2026-05-14,70460261,1307,0,51.8914431010,-1.2972860775,-1.2972860775,0.5000000,2,2,0.49994810000000000,0.499948100000,0.00014679536856514622,0.00014679536856514622,0.00014679536856514622,0E-17,ELIGIBLE,R03b_20260811_FULL_v1,L1_ELIGIBILITY,v2026-08-11,2026-03-21..2026-08-06,baccarat_bet02_101_all_pairs_incl_sentinel,round_win = game_pnl > 0 (decisive only),COMPATIBILITY_ONLY_NOT_PRODUCTION,268817.8208,244366.2908,168.7661,6248,5610,-0.00062781,-0.08642944,0.00436428,-0.00062781,-168.7661,268817.8208,OK,0.0000,6.7506,4.0000,96.0000,AG03-UNRESOLVED,ALL5_LEVELS_bet23_to_bet27,6.7506,6.7506,6.7506,8.4383,8.4383,4.000000,4.000000,4.000000,5.000000,5.000000,96.000000,96.000000,96.000000,95.000000,95.000000,5.0,37.1285,34.0107,131.6376,134.7554,PENDING_AG03,FALSE,NOT_FOR_ENFORCEMENT,162.0155,234591.6392,168.7661,162.0155,6.7506,0.00062781,0.00060270,6.7506,162.0155,0.00060270,6.7506,6.7506,6.7506,8.4383,8.4383,162.0155,0.00060270,37.1285,34.0107,131.6376,134.7554,0.00048969,0.00050129,0.00002511,43.0246,43.5591,0.0301,2.0581,0.0627,3278.2661,68.4146,17.6798,46.9397,25.7155,39.4976,52.6635,77.1466,82.2897,128.5777,31.4111,0.0,2.083411,3.25533,1.089297,30,192,222,8,0.05498276,0.00062781,0.08642944,0E-8,0.000000,0.909041,0.000000,-0.09079372,2026-03-23,2026-08-06,82,2690,1181,137,0.598540,0.376650,0.410924,0.183276,,,,,,,,GLOBAL_BASELINE_NO_ENTITY_RANKING,,,NOT_APPLICABLE_GLOBAL_BASELINE,HF9g-P5,,,,X 全窗基线 · 不参与实体赏罚,6877359,688,A168_HF9F_20260827_0900,2026-08-27 09:00:00
2026-05-14,70460261,1318,0,25.9457215505,24.6484354730,24.6484354730,1.0000000,1,1,0.50665070000000000,0.506650700000,0.9867858985152569,0.9867858985152569,0.9867858985152569,0E-17,ELIGIBLE,R03b_20260811_FULL_v1,L1_ELIGIBILITY,v2026-08-11,2026-03-21..2026-08-06,baccarat_bet02_101_all_pairs_incl_sentinel,round_win = game_pnl > 0 (decisive only),COMPATIBILITY_ONLY_NOT_PRODUCTION,268817.8208,244366.2908,168.7661,6248,5610,-0.00062781,-0.08642944,0.00436428,-0.00062781,-168.7661,268817.8208,OK,0.0000,6.7506,4.0000,96.0000,AG03-UNRESOLVED,ALL5_LEVELS_bet23_to_bet27,6.7506,6.7506,6.7506,8.4383,8.4383,4.000000,4.000000,4.000000,5.000000,5.000000,96.000000,96.000000,96.000000,95.000000,95.000000,5.0,37.1285,34.0107,131.6376,134.7554,PENDING_AG03,FALSE,NOT_FOR_ENFORCEMENT,162.0155,234591.6392,168.7661,162.0155,6.7506,0.00062781,0.00060270,6.7506,162.0155,0.00060270,6.7506,6.7506,6.7506,8.4383,8.4383,162.0155,0.00060270,37.1285,34.0107,131.6376,134.7554,0.00048969,0.00050129,0.00002511,43.0246,43.5591,0.0301,2.0581,0.0627,3278.2661,68.4146,17.6798,46.9397,25.7155,39.4976,52.6635,77.1466,82.2897,128.5777,31.4111,0.0,2.083411,3.25533,1.089297,30,192,222,8,0.05498276,0.00062781,0.08642944,0E-8,0.000000,0.909041,0.000000,-0.09079372,2026-03-23,2026-08-06,82,2690,1181,137,0.598540,0.376650,0.410924,0.183276,,,,,,,,GLOBAL_BASELINE_NO_ENTITY_RANKING,,,NOT_APPLICABLE_GLOBAL_BASELINE,HF9g-P5,,,,X 全窗基线 · 不参与实体赏罚,6877360,688,A168_HF9F_20260827_0900,2026-08-27 09:00:00
2026-05-14,70460261,1396,0,64.8643038763,-64.8643038763,-64.8643038763,0E-7,2,2,0.49994810000000000,0.499948100000,-1.4140667746232096,-1.4140667746232096,-1.4140667746232096,0E-17,ELIGIBLE,R03b_20260811_FULL_v1,L1_ELIGIBILITY,v2026-08-11,2026-03-21..2026-08-06,baccarat_bet02_101_all_pairs_incl_sentinel,round_win = game_pnl > 0 (decisive only),COMPATIBILITY_ONLY_NOT_PRODUCTION,268817.8208,244366.2908,168.7661,6248,5610,-0.00062781,-0.08642944,0.00436428,-0.00062781,-168.7661,268817.8208,OK,0.0000,6.7506,4.0000,96.0000,AG03-UNRESOLVED,ALL5_LEVELS_bet23_to_bet27,6.7506,6.7506,6.7506,8.4383,8.4383,4.000000,4.000000,4.000000,5.000000,5.000000,96.000000,96.000000,96.000000,95.000000,95.000000,5.0,37.1285,34.0107,131.6376,134.7554,PENDING_AG03,FALSE,NOT_FOR_ENFORCEMENT,162.0155,234591.6392,168.7661,162.0155,6.7506,0.00062781,0.00060270,6.7506,162.0155,0.00060270,6.7506,6.7506,6.7506,8.4383,8.4383,162.0155,0.00060270,37.1285,34.0107,131.6376,134.7554,0.00048969,0.00050129,0.00002511,43.0246,43.5591,0.0301,2.0581,0.0627,3278.2661,68.4146,17.6798,46.9397,25.7155,39.4976,52.6635,77.1466,82.2897,128.5777,31.4111,0.0,2.083411,3.25533,1.089297,30,192,222,8,0.05498276,0.00062781,0.08642944,0E-8,0.000000,0.909041,0.000000,-0.09079372,2026-03-23,2026-08-06,82,2690,1181,137,0.598540,0.376650,0.410924,0.183276,,,,,,,,GLOBAL_BASELINE_NO_ENTITY_RANKING,,,NOT_APPLICABLE_GLOBAL_BASELINE,HF9g-P5,,,,X 全窗基线 · 不参与实体赏罚,6877361,688,A168_HF9F_20260827_0900,2026-08-27 09:00:00
2026-05-14,70460261,1623,0,18.1620050854,-18.1620050854,-18.1620050854,0E-7,1,1,0.50665070000000000,0.506650700000,-1.013391052207602,-1.013391052207602,-1.013391052207602,0E-17,ELIGIBLE,R03b_20260811_FULL_v1,L1_ELIGIBILITY,v2026-08-11,2026-03-21..2026-08-06,baccarat_bet02_101_all_pairs_incl_sentinel,round_win = game_pnl > 0 (decisive only),COMPATIBILITY_ONLY_NOT_PRODUCTION,268817.8208,244366.2908,168.7661,6248,5610,-0.00062781,-0.08642944,0.00436428,-0.00062781,-168.7661,268817.8208,OK,0.0000,6.7506,4.0000,96.0000,AG03-UNRESOLVED,ALL5_LEVELS_bet23_to_bet27,6.7506,6.7506,6.7506,8.4383,8.4383,4.000000,4.000000,4.000000,5.000000,5.000000,96.000000,96.000000,96.000000,95.000000,95.000000,5.0,37.1285,34.0107,131.6376,134.7554,PENDING_AG03,FALSE,NOT_FOR_ENFORCEMENT,162.0155,234591.6392,168.7661,162.0155,6.7506,0.00062781,0.00060270,6.7506,162.0155,0.00060270,6.7506,6.7506,6.7506,8.4383,8.4383,162.0155,0.00060270,37.1285,34.0107,131.6376,134.7554,0.00048969,0.00050129,0.00002511,43.0246,43.5591,0.0301,2.0581,0.0627,3278.2661,68.4146,17.6798,46.9397,25.7155,39.4976,52.6635,77.1466,82.2897,128.5777,31.4111,0.0,2.083411,3.25533,1.089297,30,192,222,8,0.05498276,0.00062781,0.08642944,0E-8,0.000000,0.909041,0.000000,-0.09079372,2026-03-23,2026-08-06,82,2690,1181,137,0.598540,0.376650,0.410924,0.183276,,,,,,,,GLOBAL_BASELINE_NO_ENTITY_RANKING,,,NOT_APPLICABLE_GLOBAL_BASELINE,HF9g-P5,,,,X 全窗基线 · 不参与实体赏罚,6877362,688,A168_HF9F_20260827_0900,2026-08-27 09:00:00
2026-05-14,70460261,1654,0,23.3511493955,-23.3511493955,-23.3511493955,0E-7,1,1,0.49324550000000000,0.493245500000,-0.9865810262130424,-0.9865810262130424,-0.9865810262130424,0E-17,ELIGIBLE,R03b_20260811_FULL_v1,L1_ELIGIBILITY,v2026-08-11,2026-03-21..2026-08-06,baccarat_bet02_101_all_pairs_incl_sentinel,round_win = game_pnl > 0 (decisive only),COMPATIBILITY_ONLY_NOT_PRODUCTION,268817.8208,244366.2908,168.7661,6248,5610,-0.00062781,-0.08642944,0.00436428,-0.00062781,-168.7661,268817.8208,OK,0.0000,6.7506,4.0000,96.0000,AG03-UNRESOLVED,ALL5_LEVELS_bet23_to_bet27,6.7506,6.7506,6.7506,8.4383,8.4383,4.000000,4.000000,4.000000,5.000000,5.000000,96.000000,96.000000,96.000000,95.000000,95.000000,5.0,37.1285,34.0107,131.6376,134.7554,PENDING_AG03,FALSE,NOT_FOR_ENFORCEMENT,162.0155,234591.6392,168.7661,162.0155,6.7506,0.00062781,0.00060270,6.7506,162.0155,0.00060270,6.7506,6.7506,6.7506,8.4383,8.4383,162.0155,0.00060270,37.1285,34.0107,131.6376,134.7554,0.00048969,0.00050129,0.00002511,43.0246,43.5591,0.0301,2.0581,0.0627,3278.2661,68.4146,17.6798,46.9397,25.7155,39.4976,52.6635,77.1466,82.2897,128.5777,31.4111,0.0,2.083411,3.25533,1.089297,30,192,222,8,0.05498276,0.00062781,0.08642944,0E-8,0.000000,0.909041,0.000000,-0.09079372,2026-03-23,2026-08-06,82,2690,1181,137,0.598540,0.376650,0.410924,0.183276,,,,,,,,GLOBAL_BASELINE_NO_ENTITY_RANKING,,,NOT_APPLICABLE_GLOBAL_BASELINE,HF9g-P5,,,,X 全窗基线 · 不参与实体赏罚,6877363,688,A168_HF9F_20260827_0900,2026-08-27 09:00:00
2026-05-14,70460261,1941,0,101.1883140472,33.8591666235,33.8591666235,0.8000000,6,6,0.50441650000000000,0.504416500000,1.3219411692341432,1.3219411692341432,1.3219411692341432,0E-17,ELIGIBLE,R03b_20260811_FULL_v1,L1_ELIGIBILITY,v2026-08-11,2026-03-21..2026-08-06,baccarat_bet02_101_all_pairs_incl_sentinel,round_win = game_pnl > 0 (decisive only),COMPATIBILITY_ONLY_NOT_PRODUCTION,268817.8208,244366.2908,168.7661,6248,5610,-0.00062781,-0.08642944,0.00436428,-0.00062781,-168.7661,268817.8208,OK,0.0000,6.7506,4.0000,96.0000,AG03-UNRESOLVED,ALL5_LEVELS_bet23_to_bet27,6.7506,6.7506,6.7506,8.4383,8.4383,4.000000,4.000000,4.000000,5.000000,5.000000,96.000000,96.000000,96.000000,95.000000,95.000000,5.0,37.1285,34.0107,131.6376,134.7554,PENDING_AG03,FALSE,NOT_FOR_ENFORCEMENT,162.0155,234591.6392,168.7661,162.0155,6.7506,0.00062781,0.00060270,6.7506,162.0155,0.00060270,6.7506,6.7506,6.7506,8.4383,8.4383,162.0155,0.00060270,37.1285,34.0107,131.6376,134.7554,0.00048969,0.00050129,0.00002511,43.0246,43.5591,0.0301,2.0581,0.0627,3278.2661,68.4146,17.6798,46.9397,25.7155,39.4976,52.6635,77.1466,82.2897,128.5777,31.4111,0.0,2.083411,3.25533,1.089297,30,192,222,8,0.05498276,0.00062781,0.08642944,0E-8,0.000000,0.909041,0.000000,-0.09079372,2026-03-23,2026-08-06,82,2690,1181,137,0.598540,0.376650,0.410924,0.183276,,,,,,,,GLOBAL_BASELINE_NO_ENTITY_RANKING,,,NOT_APPLICABLE_GLOBAL_BASELINE,HF9g-P5,,,,X 全窗基线 · 不参与实体赏罚,6877364,688,A168_HF9F_20260827_0900,2026-08-27 09:00:00
2026-05-14,70460261,1942,0,12.9728607753,-12.9728607753,-12.9728607753,0E-7,1,1,0.50665070000000000,0.506650700000,-1.013391052207602,-1.013391052207602,-1.013391052207602,0E-17,ELIGIBLE,R03b_20260811_FULL_v1,L1_ELIGIBILITY,v2026-08-11,2026-03-21..2026-08-06,baccarat_bet02_101_all_pairs_incl_sentinel,round_win = game_pnl > 0 (decisive only),COMPATIBILITY_ONLY_NOT_PRODUCTION,268817.8208,244366.2908,168.7661,6248,5610,-0.00062781,-0.08642944,0.00436428,-0.00062781,-168.7661,268817.8208,OK,0.0000,6.7506,4.0000,96.0000,AG03-UNRESOLVED,ALL5_LEVELS_bet23_to_bet27,6.7506,6.7506,6.7506,8.4383,8.4383,4.000000,4.000000,4.000000,5.000000,5.000000,96.000000,96.000000,96.000000,95.000000,95.000000,5.0,37.1285,34.0107,131.6376,134.7554,PENDING_AG03,FALSE,NOT_FOR_ENFORCEMENT,162.0155,234591.6392,168.7661,162.0155,6.7506,0.00062781,0.00060270,6.7506,162.0155,0.00060270,6.7506,6.7506,6.7506,8.4383,8.4383,162.0155,0.00060270,37.1285,34.0107,131.6376,134.7554,0.00048969,0.00050129,0.00002511,43.0246,43.5591,0.0301,2.0581,0.0627,3278.2661,68.4146,17.6798,46.9397,25.7155,39.4976,52.6635,77.1466,82.2897,128.5777,31.4111,0.0,2.083411,3.25533,1.089297,30,192,222,8,0.05498276,0.00062781,0.08642944,0E-8,0.000000,0.909041,0.000000,-0.09079372,2026-03-23,2026-08-06,82,2690,1181,137,0.598540,0.376650,0.410924,0.183276,,,,,,,,GLOBAL_BASELINE_NO_ENTITY_RANKING,,,NOT_APPLICABLE_GLOBAL_BASELINE,HF9g-P5,,,,X 全窗基线 · 不参与实体赏罚,6877365,688,A168_HF9F_20260827_0900,2026-08-27 09:00:00
2026-05-14,70460261,2093,0,36.3240101707,-36.3240101707,-36.3240101707,0E-7,1,1,0.50665070000000000,0.506650700000,-1.013391052207602,-1.013391052207602,-1.013391052207602,0E-17,ELIGIBLE,R03b_20260811_FULL_v1,L1_ELIGIBILITY,v2026-08-11,2026-03-21..2026-08-06,baccarat_bet02_101_all_pairs_incl_sentinel,round_win = game_pnl > 0 (decisive only),COMPATIBILITY_ONLY_NOT_PRODUCTION,268817.8208,244366.2908,168.7661,6248,5610,-0.00062781,-0.08642944,0.00436428,-0.00062781,-168.7661,268817.8208,OK,0.0000,6.7506,4.0000,96.0000,AG03-UNRESOLVED,ALL5_LEVELS_bet23_to_bet27,6.7506,6.7506,6.7506,8.4383,8.4383,4.000000,4.000000,4.000000,5.000000,5.000000,96.000000,96.000000,96.000000,95.000000,95.000000,5.0,37.1285,34.0107,131.6376,134.7554,PENDING_AG03,FALSE,NOT_FOR_ENFORCEMENT,162.0155,234591.6392,168.7661,162.0155,6.7506,0.00062781,0.00060270,6.7506,162.0155,0.00060270,6.7506,6.7506,6.7506,8.4383,8.4383,162.0155,0.00060270,37.1285,34.0107,131.6376,134.7554,0.00048969,0.00050129,0.00002511,43.0246,43.5591,0.0301,2.0581,0.0627,3278.2661,68.4146,17.6798,46.9397,25.7155,39.4976,52.6635,77.1466,82.2897,128.5777,31.4111,0.0,2.083411,3.25533,1.089297,30,192,222,8,0.05498276,0.00062781,0.08642944,0E-8,0.000000,0.909041,0.000000,-0.09079372,2026-03-23,2026-08-06,82,2690,1181,137,0.598540,0.376650,0.410924,0.183276,,,,,,,,GLOBAL_BASELINE_NO_ENTITY_RANKING,,,NOT_APPLICABLE_GLOBAL_BASELINE,HF9g-P5,,,,X 全窗基线 · 不参与实体赏罚,6877366,688,A168_HF9F_20260827_0900,2026-08-27 09:00:00
2026-05-14,70460261,2108,0,12.9728607753,12.3242177365,12.3242177365,1.0000000,1,1,0.50665070000000000,0.506650700000,0.9867858985152569,0.9867858985152569,0.9867858985152569,0E-17,ELIGIBLE,R03b_20260811_FULL_v1,L1_ELIGIBILITY,v2026-08-11,2026-03-21..2026-08-06,baccarat_bet02_101_all_pairs_incl_sentinel,round_win = game_pnl > 0 (decisive only),COMPATIBILITY_ONLY_NOT_PRODUCTION,268817.8208,244366.2908,168.7661,6248,5610,-0.00062781,-0.08642944,0.00436428,-0.00062781,-168.7661,268817.8208,OK,0.0000,6.7506,4.0000,96.0000,AG03-UNRESOLVED,ALL5_LEVELS_bet23_to_bet27,6.7506,6.7506,6.7506,8.4383,8.4383,4.000000,4.000000,4.000000,5.000000,5.000000,96.000000,96.000000,96.000000,95.000000,95.000000,5.0,37.1285,34.0107,131.6376,134.7554,PENDING_AG03,FALSE,NOT_FOR_ENFORCEMENT,162.0155,234591.6392,168.7661,162.0155,6.7506,0.00062781,0.00060270,6.7506,162.0155,0.00060270,6.7506,6.7506,6.7506,8.4383,8.4383,162.0155,0.00060270,37.1285,34.0107,131.6376,134.7554,0.00048969,0.00050129,0.00002511,43.0246,43.5591,0.0301,2.0581,0.0627,3278.2661,68.4146,17.6798,46.9397,25.7155,39.4976,52.6635,77.1466,82.2897,128.5777,31.4111,0.0,2.083411,3.25533,1.089297,30,192,222,8,0.05498276,0.00062781,0.08642944,0E-8,0.000000,0.909041,0.000000,-0.09079372,2026-03-23,2026-08-06,82,2690,1181,137,0.598540,0.376650,0.410924,0.183276,,,,,,,,GLOBAL_BASELINE_NO_ENTITY_RANKING,,,NOT_APPLICABLE_GLOBAL_BASELINE,HF9g-P5,,,,X 全窗基线 · 不参与实体赏罚,6877367,688,A168_HF9F_20260827_0900,2026-08-27 09:00:00
2026-05-14,70460261,2156,0,189.4037673189,84.4533236469,84.4533236469,0.7142857,8,8,0.50665070000000000,0.506650700000,1.098798430526454,1.098798430526454,1.098798430526454,0E-17,ELIGIBLE,R03b_20260811_FULL_v1,L1_ELIGIBILITY,v2026-08-11,2026-03-21..2026-08-06,baccarat_bet02_101_all_pairs_incl_sentinel,round_win = game_pnl > 0 (decisive only),COMPATIBILITY_ONLY_NOT_PRODUCTION,268817.8208,244366.2908,168.7661,6248,5610,-0.00062781,-0.08642944,0.00436428,-0.00062781,-168.7661,268817.8208,OK,0.0000,6.7506,4.0000,96.0000,AG03-UNRESOLVED,ALL5_LEVELS_bet23_to_bet27,6.7506,6.7506,6.7506,8.4383,8.4383,4.000000,4.000000,4.000000,5.000000,5.000000,96.000000,96.000000,96.000000,95.000000,95.000000,5.0,37.1285,34.0107,131.6376,134.7554,PENDING_AG03,FALSE,NOT_FOR_ENFORCEMENT,162.0155,234591.6392,168.7661,162.0155,6.7506,0.00062781,0.00060270,6.7506,162.0155,0.00060270,6.7506,6.7506,6.7506,8.4383,8.4383,162.0155,0.00060270,37.1285,34.0107,131.6376,134.7554,0.00048969,0.00050129,0.00002511,43.0246,43.5591,0.0301,2.0581,0.0627,3278.2661,68.4146,17.6798,46.9397,25.7155,39.4976,52.6635,77.1466,82.2897,128.5777,31.4111,0.0,2.083411,3.25533,1.089297,30,192,222,8,0.05498276,0.00062781,0.08642944,0E-8,0.000000,0.909041,0.000000,-0.09079372,2026-03-23,2026-08-06,82,2690,1181,137,0.598540,0.376650,0.410924,0.183276,,,,,,,,GLOBAL_BASELINE_NO_ENTITY_RANKING,,,NOT_APPLICABLE_GLOBAL_BASELINE,HF9g-P5,,,,X 全窗基线 · 不参与实体赏罚,6877368,688,A168_HF9F_20260827_0900,2026-08-27 09:00:00
2026-05-14,70460261,2175,0,64.8643038763,0.9081002543,0.9081002543,0.6666667,3,3,0.50218230000000000,0.502182300000,0.5697959874915163,0.5697959874915164,0.5697959874915163,0E-17,ELIGIBLE,R03b_20260811_FULL_v1,L1_ELIGIBILITY,v2026-08-11,2026-03-21..2026-08-06,baccarat_bet02_101_all_pairs_incl_sentinel,round_win = game_pnl > 0 (decisive only),COMPATIBILITY_ONLY_NOT_PRODUCTION,268817.8208,244366.2908,168.7661,6248,5610,-0.00062781,-0.08642944,0.00436428,-0.00062781,-168.7661,268817.8208,OK,0.0000,6.7506,4.0000,96.0000,AG03-UNRESOLVED,ALL5_LEVELS_bet23_to_bet27,6.7506,6.7506,6.7506,8.4383,8.4383,4.000000,4.000000,4.000000,5.000000,5.000000,96.000000,96.000000,96.000000,95.000000,95.000000,5.0,37.1285,34.0107,131.6376,134.7554,PENDING_AG03,FALSE,NOT_FOR_ENFORCEMENT,162.0155,234591.6392,168.7661,162.0155,6.7506,0.00062781,0.00060270,6.7506,162.0155,0.00060270,6.7506,6.7506,6.7506,8.4383,8.4383,162.0155,0.00060270,37.1285,34.0107,131.6376,134.7554,0.00048969,0.00050129,0.00002511,43.0246,43.5591,0.0301,2.0581,0.0627,3278.2661,68.4146,17.6798,46.9397,25.7155,39.4976,52.6635,77.1466,82.2897,128.5777,31.4111,0.0,2.083411,3.25533,1.089297,30,192,222,8,0.05498276,0.00062781,0.08642944,0E-8,0.000000,0.909041,0.000000,-0.09079372,2026-03-23,2026-08-06,82,2690,1181,137,0.598540,0.376650,0.410924,0.183276,,,,,,,,GLOBAL_BASELINE_NO_ENTITY_RANKING,,,NOT_APPLICABLE_GLOBAL_BASELINE,HF9g-P5,,,,X 全窗基线 · 不参与实体赏罚,6877369,688,A168_HF9F_20260827_0900,2026-08-27 09:00:00
2026-05-14,70460261,2224,0,134.9177520627,12.9728607753,12.9728607753,0.6000000,5,5,0.50128862000000000,0.501288620000,0.4414521777673877,0.4414521777673877,0.4414521777673877,0E-17,ELIGIBLE,R03b_20260811_FULL_v1,L1_ELIGIBILITY,v2026-08-11,2026-03-21..2026-08-06,baccarat_bet02_101_all_pairs_incl_sentinel,round_win = game_pnl > 0 (decisive only),COMPATIBILITY_ONLY_NOT_PRODUCTION,268817.8208,244366.2908,168.7661,6248,5610,-0.00062781,-0.08642944,0.00436428,-0.00062781,-168.7661,268817.8208,OK,0.0000,6.7506,4.0000,96.0000,AG03-UNRESOLVED,ALL5_LEVELS_bet23_to_bet27,6.7506,6.7506,6.7506,8.4383,8.4383,4.000000,4.000000,4.000000,5.000000,5.000000,96.000000,96.000000,96.000000,95.000000,95.000000,5.0,37.1285,34.0107,131.6376,134.7554,PENDING_AG03,FALSE,NOT_FOR_ENFORCEMENT,162.0155,234591.6392,168.7661,162.0155,6.7506,0.00062781,0.00060270,6.7506,162.0155,0.00060270,6.7506,6.7506,6.7506,8.4383,8.4383,162.0155,0.00060270,37.1285,34.0107,131.6376,134.7554,0.00048969,0.00050129,0.00002511,43.0246,43.5591,0.0301,2.0581,0.0627,3278.2661,68.4146,17.6798,46.9397,25.7155,39.4976,52.6635,77.1466,82.2897,128.5777,31.4111,0.0,2.083411,3.25533,1.089297,30,192,222,8,0.05498276,0.00062781,0.08642944,0E-8,0.000000,0.909041,0.000000,-0.09079372,2026-03-23,2026-08-06,82,2690,1181,137,0.598540,0.376650,0.410924,0.183276,,,,,,,,GLOBAL_BASELINE_NO_ENTITY_RANKING,,,NOT_APPLICABLE_GLOBAL_BASELINE,HF9g-P5,,,,X 全窗基线 · 不参与实体赏罚,6877370,688,A168_HF9F_20260827_0900,2026-08-27 09:00:00
2026-05-14,70460261,2234,0,44.1077266359,41.9023403041,41.9023403041,1.0000000,2,2,0.50665070000000000,0.506650700000,1.3955260008387969,1.3955260008387969,1.3955260008387969,0E-17,ELIGIBLE,R03b_20260811_FULL_v1,L1_ELIGIBILITY,v2026-08-11,2026-03-21..2026-08-06,baccarat_bet02_101_all_pairs_incl_sentinel,round_win = game_pnl > 0 (decisive only),COMPATIBILITY_ONLY_NOT_PRODUCTION,268817.8208,244366.2908,168.7661,6248,5610,-0.00062781,-0.08642944,0.00436428,-0.00062781,-168.7661,268817.8208,OK,0.0000,6.7506,4.0000,96.0000,AG03-UNRESOLVED,ALL5_LEVELS_bet23_to_bet27,6.7506,6.7506,6.7506,8.4383,8.4383,4.000000,4.000000,4.000000,5.000000,5.000000,96.000000,96.000000,96.000000,95.000000,95.000000,5.0,37.1285,34.0107,131.6376,134.7554,PENDING_AG03,FALSE,NOT_FOR_ENFORCEMENT,162.0155,234591.6392,168.7661,162.0155,6.7506,0.00062781,0.00060270,6.7506,162.0155,0.00060270,6.7506,6.7506,6.7506,8.4383,8.4383,162.0155,0.00060270,37.1285,34.0107,131.6376,134.7554,0.00048969,0.00050129,0.00002511,43.0246,43.5591,0.0301,2.0581,0.0627,3278.2661,68.4146,17.6798,46.9397,25.7155,39.4976,52.6635,77.1466,82.2897,128.5777,31.4111,0.0,2.083411,3.25533,1.089297,30,192,222,8,0.05498276,0.00062781,0.08642944,0E-8,0.000000,0.909041,0.000000,-0.09079372,2026-03-23,2026-08-06,82,2690,1181,137,0.598540,0.376650,0.410924,0.183276,,,,,,,,GLOBAL_BASELINE_NO_ENTITY_RANKING,,,NOT_APPLICABLE_GLOBAL_BASELINE,HF9g-P5,,,,X 全窗基线 · 不参与实体赏罚,6877371,688,A168_HF9F_20260827_0900,2026-08-27 09:00:00
2026-05-14,70460261,2246,0,155.6743293030,40.2158684033,40.2158684033,0.7500000,5,5,0.50128862000000000,0.501288620000,0.9948488239810122,0.9948488239810122,0.9948488239810122,0E-17,ELIGIBLE,R03b_20260811_FULL_v1,L1_ELIGIBILITY,v2026-08-11,2026-03-21..2026-08-06,baccarat_bet02_101_all_pairs_incl_sentinel,round_win = game_pnl > 0 (decisive only),COMPATIBILITY_ONLY_NOT_PRODUCTION,268817.8208,244366.2908,168.7661,6248,5610,-0.00062781,-0.08642944,0.00436428,-0.00062781,-168.7661,268817.8208,OK,0.0000,6.7506,4.0000,96.0000,AG03-UNRESOLVED,ALL5_LEVELS_bet23_to_bet27,6.7506,6.7506,6.7506,8.4383,8.4383,4.000000,4.000000,4.000000,5.000000,5.000000,96.000000,96.000000,96.000000,95.000000,95.000000,5.0,37.1285,34.0107,131.6376,134.7554,PENDING_AG03,FALSE,NOT_FOR_ENFORCEMENT,162.0155,234591.6392,168.7661,162.0155,6.7506,0.00062781,0.00060270,6.7506,162.0155,0.00060270,6.7506,6.7506,6.7506,8.4383,8.4383,162.0155,0.00060270,37.1285,34.0107,131.6376,134.7554,0.00048969,0.00050129,0.00002511,43.0246,43.5591,0.0301,2.0581,0.0627,3278.2661,68.4146,17.6798,46.9397,25.7155,39.4976,52.6635,77.1466,82.2897,128.5777,31.4111,0.0,2.083411,3.25533,1.089297,30,192,222,8,0.05498276,0.00062781,0.08642944,0E-8,0.000000,0.909041,0.000000,-0.09079372,2026-03-23,2026-08-06,82,2690,1181,137,0.598540,0.376650,0.410924,0.183276,,,,,,,,GLOBAL_BASELINE_NO_ENTITY_RANKING,,,NOT_APPLICABLE_GLOBAL_BASELINE,HF9g-P5,,,,X 全窗基线 · 不参与实体赏罚,6877372,688,A168_HF9F_20260827_0900,2026-08-27 09:00:00
2026-05-14,70460261,2250,0,121.9448912874,-25.8159929427,-25.8159929427,0.5000000,4,4,0.50665070000000000,0.506650700000,-0.02660515369234503,-0.02660515369234503,-0.02660515369234503,0E-17,ELIGIBLE,R03b_20260811_FULL_v1,L1_ELIGIBILITY,v2026-08-11,2026-03-21..2026-08-06,baccarat_bet02_101_all_pairs_incl_sentinel,round_win = game_pnl > 0 (decisive only),COMPATIBILITY_ONLY_NOT_PRODUCTION,268817.8208,244366.2908,168.7661,6248,5610,-0.00062781,-0.08642944,0.00436428,-0.00062781,-168.7661,268817.8208,OK,0.0000,6.7506,4.0000,96.0000,AG03-UNRESOLVED,ALL5_LEVELS_bet23_to_bet27,6.7506,6.7506,6.7506,8.4383,8.4383,4.000000,4.000000,4.000000,5.000000,5.000000,96.000000,96.000000,96.000000,95.000000,95.000000,5.0,37.1285,34.0107,131.6376,134.7554,PENDING_AG03,FALSE,NOT_FOR_ENFORCEMENT,162.0155,234591.6392,168.7661,162.0155,6.7506,0.00062781,0.00060270,6.7506,162.0155,0.00060270,6.7506,6.7506,6.7506,8.4383,8.4383,162.0155,0.00060270,37.1285,34.0107,131.6376,134.7554,0.00048969,0.00050129,0.00002511,43.0246,43.5591,0.0301,2.0581,0.0627,3278.2661,68.4146,17.6798,46.9397,25.7155,39.4976,52.6635,77.1466,82.2897,128.5777,31.4111,0.0,2.083411,3.25533,1.089297,30,192,222,8,0.05498276,0.00062781,0.08642944,0E-8,0.000000,0.909041,0.000000,-0.09079372,2026-03-23,2026-08-06,82,2690,1181,137,0.598540,0.376650,0.410924,0.183276,,,,,,,,GLOBAL_BASELINE_NO_ENTITY_RANKING,,,NOT_APPLICABLE_GLOBAL_BASELINE,HF9g-P5,,,,X 全窗基线 · 不参与实体赏罚,6877373,688,A168_HF9F_20260827_0900,2026-08-27 09:00:00
2026-05-14,70460261,2251,0,153.0797571480,51.8914431010,51.8914431010,0.6000000,5,5,0.50128862000000000,0.501288620000,0.4414521777673877,0.4414521777673877,0.4414521777673877,0E-17,ELIGIBLE,R03b_20260811_FULL_v1,L1_ELIGIBILITY,v2026-08-11,2026-03-21..2026-08-06,baccarat_bet02_101_all_pairs_incl_sentinel,round_win = game_pnl > 0 (decisive only),COMPATIBILITY_ONLY_NOT_PRODUCTION,268817.8208,244366.2908,168.7661,6248,5610,-0.00062781,-0.08642944,0.00436428,-0.00062781,-168.7661,268817.8208,OK,0.0000,6.7506,4.0000,96.0000,AG03-UNRESOLVED,ALL5_LEVELS_bet23_to_bet27,6.7506,6.7506,6.7506,8.4383,8.4383,4.000000,4.000000,4.000000,5.000000,5.000000,96.000000,96.000000,96.000000,95.000000,95.000000,5.0,37.1285,34.0107,131.6376,134.7554,PENDING_AG03,FALSE,NOT_FOR_ENFORCEMENT,162.0155,234591.6392,168.7661,162.0155,6.7506,0.00062781,0.00060270,6.7506,162.0155,0.00060270,6.7506,6.7506,6.7506,8.4383,8.4383,162.0155,0.00060270,37.1285,34.0107,131.6376,134.7554,0.00048969,0.00050129,0.00002511,43.0246,43.5591,0.0301,2.0581,0.0627,3278.2661,68.4146,17.6798,46.9397,25.7155,39.4976,52.6635,77.1466,82.2897,128.5777,31.4111,0.0,2.083411,3.25533,1.089297,30,192,222,8,0.05498276,0.00062781,0.08642944,0E-8,0.000000,0.909041,0.000000,-0.09079372,2026-03-23,2026-08-06,82,2690,1181,137,0.598540,0.376650,0.410924,0.183276,,,,,,,,GLOBAL_BASELINE_NO_ENTITY_RANKING,,,NOT_APPLICABLE_GLOBAL_BASELINE,HF9g-P5,,,,X 全窗基线 · 不参与实体赏罚,6877374,688,A168_HF9F_20260827_0900,2026-08-27 09:00:00
2026-05-14,70460261,2266,0,25.9457215505,-25.9457215505,-25.9457215505,0E-7,1,1,0.50665070000000000,0.506650700000,-1.013391052207602,-1.013391052207602,-1.013391052207602,0E-17,ELIGIBLE,R03b_20260811_FULL_v1,L1_ELIGIBILITY,v2026-08-11,2026-03-21..2026-08-06,baccarat_bet02_101_all_pairs_incl_sentinel,round_win = game_pnl > 0 (decisive only),COMPATIBILITY_ONLY_NOT_PRODUCTION,268817.8208,244366.2908,168.7661,6248,5610,-0.00062781,-0.08642944,0.00436428,-0.00062781,-168.7661,268817.8208,OK,0.0000,6.7506,4.0000,96.0000,AG03-UNRESOLVED,ALL5_LEVELS_bet23_to_bet27,6.7506,6.7506,6.7506,8.4383,8.4383,4.000000,4.000000,4.000000,5.000000,5.000000,96.000000,96.000000,96.000000,95.000000,95.000000,5.0,37.1285,34.0107,131.6376,134.7554,PENDING_AG03,FALSE,NOT_FOR_ENFORCEMENT,162.0155,234591.6392,168.7661,162.0155,6.7506,0.00062781,0.00060270,6.7506,162.0155,0.00060270,6.7506,6.7506,6.7506,8.4383,8.4383,162.0155,0.00060270,37.1285,34.0107,131.6376,134.7554,0.00048969,0.00050129,0.00002511,43.0246,43.5591,0.0301,2.0581,0.0627,3278.2661,68.4146,17.6798,46.9397,25.7155,39.4976,52.6635,77.1466,82.2897,128.5777,31.4111,0.0,2.083411,3.25533,1.089297,30,192,222,8,0.05498276,0.00062781,0.08642944,0E-8,0.000000,0.909041,0.000000,-0.09079372,2026-03-23,2026-08-06,82,2690,1181,137,0.598540,0.376650,0.410924,0.183276,,,,,,,,GLOBAL_BASELINE_NO_ENTITY_RANKING,,,NOT_APPLICABLE_GLOBAL_BASELINE,HF9g-P5,,,,X 全窗基线 · 不参与实体赏罚,6877375,688,A168_HF9F_20260827_0900,2026-08-27 09:00:00
2026-05-14,70460261,2274,0,59.6751595662,42.9401691661,42.9401691661,1.0000000,3,3,0.50218230000000000,0.502182300000,1.4080544974538591,1.4080544974538591,1.4080544974538591,0E-17,ELIGIBLE,R03b_20260811_FULL_v1,L1_ELIGIBILITY,v2026-08-11,2026-03-21..2026-08-06,baccarat_bet02_101_all_pairs_incl_sentinel,round_win = game_pnl > 0 (decisive only),COMPATIBILITY_ONLY_NOT_PRODUCTION,268817.8208,244366.2908,168.7661,6248,5610,-0.00062781,-0.08642944,0.00436428,-0.00062781,-168.7661,268817.8208,OK,0.0000,6.7506,4.0000,96.0000,AG03-UNRESOLVED,ALL5_LEVELS_bet23_to_bet27,6.7506,6.7506,6.7506,8.4383,8.4383,4.000000,4.000000,4.000000,5.000000,5.000000,96.000000,96.000000,96.000000,95.000000,95.000000,5.0,37.1285,34.0107,131.6376,134.7554,PENDING_AG03,FALSE,NOT_FOR_ENFORCEMENT,162.0155,234591.6392,168.7661,162.0155,6.7506,0.00062781,0.00060270,6.7506,162.0155,0.00060270,6.7506,6.7506,6.7506,8.4383,8.4383,162.0155,0.00060270,37.1285,34.0107,131.6376,134.7554,0.00048969,0.00050129,0.00002511,43.0246,43.5591,0.0301,2.0581,0.0627,3278.2661,68.4146,17.6798,46.9397,25.7155,39.4976,52.6635,77.1466,82.2897,128.5777,31.4111,0.0,2.083411,3.25533,1.089297,30,192,222,8,0.05498276,0.00062781,0.08642944,0E-8,0.000000,0.909041,0.000000,-0.09079372,2026-03-23,2026-08-06,82,2690,1181,137,0.598540,0.376650,0.410924,0.183276,,,,,,,,GLOBAL_BASELINE_NO_ENTITY_RANKING,,,NOT_APPLICABLE_GLOBAL_BASELINE,HF9g-P5,,,,X 全窗基线 · 不参与实体赏罚,6877376,688,A168_HF9F_20260827_0900,2026-08-27 09:00:00
2026-05-14,70460261,462,0,25.9457215505,24.6484354730,24.6484354730,1.0000000,1,1,0.50665070000000000,0.506650700000,0.9867858985152569,0.9867858985152569,0.9867858985152569,0E-17,ELIGIBLE,R03b_20260811_FULL_v1,L1_ELIGIBILITY,v2026-08-11,2026-03-21..2026-08-06,baccarat_bet02_101_all_pairs_incl_sentinel,round_win = game_pnl > 0 (decisive only),COMPATIBILITY_ONLY_NOT_PRODUCTION,268817.8208,244366.2908,168.7661,6248,5610,-0.00062781,-0.08642944,0.00436428,-0.00062781,-168.7661,268817.8208,OK,0.0000,6.7506,4.0000,96.0000,AG03-UNRESOLVED,ALL5_LEVELS_bet23_to_bet27,6.7506,6.7506,6.7506,8.4383,8.4383,4.000000,4.000000,4.000000,5.000000,5.000000,96.000000,96.000000,96.000000,95.000000,95.000000,5.0,37.1285,34.0107,131.6376,134.7554,PENDING_AG03,FALSE,NOT_FOR_ENFORCEMENT,162.0155,234591.6392,168.7661,162.0155,6.7506,0.00062781,0.00060270,6.7506,162.0155,0.00060270,6.7506,6.7506,6.7506,8.4383,8.4383,162.0155,0.00060270,37.1285,34.0107,131.6376,134.7554,0.00048969,0.00050129,0.00002511,43.0246,43.5591,0.0301,2.0581,0.0627,3278.2661,68.4146,17.6798,46.9397,25.7155,39.4976,52.6635,77.1466,82.2897,128.5777,31.4111,0.0,2.083411,3.25533,1.089297,30,192,222,8,0.05498276,0.00062781,0.08642944,0E-8,0.000000,0.909041,0.000000,-0.09079372,2026-03-23,2026-08-06,82,2690,1181,137,0.598540,0.376650,0.410924,0.183276,,,,,,,,GLOBAL_BASELINE_NO_ENTITY_RANKING,,,NOT_APPLICABLE_GLOBAL_BASELINE,HF9g-P5,,,,X 全窗基线 · 不参与实体赏罚,6877377,688,A168_HF9F_20260827_0900,2026-08-27 09:00:00
2026-05-14,70460261,526,0,176.4309065435,41.1239686576,41.1239686576,0.6666667,6,6,0.50665070000000000,0.506650700000,0.7839842952205449,0.7839842952205449,0.7839842952205449,0E-17,ELIGIBLE,R03b_20260811_FULL_v1,L1_ELIGIBILITY,v2026-08-11,2026-03-21..2026-08-06,baccarat_bet02_101_all_pairs_incl_sentinel,round_win = game_pnl > 0 (decisive only),COMPATIBILITY_ONLY_NOT_PRODUCTION,268817.8208,244366.2908,168.7661,6248,5610,-0.00062781,-0.08642944,0.00436428,-0.00062781,-168.7661,268817.8208,OK,0.0000,6.7506,4.0000,96.0000,AG03-UNRESOLVED,ALL5_LEVELS_bet23_to_bet27,6.7506,6.7506,6.7506,8.4383,8.4383,4.000000,4.000000,4.000000,5.000000,5.000000,96.000000,96.000000,96.000000,95.000000,95.000000,5.0,37.1285,34.0107,131.6376,134.7554,PENDING_AG03,FALSE,NOT_FOR_ENFORCEMENT,162.0155,234591.6392,168.7661,162.0155,6.7506,0.00062781,0.00060270,6.7506,162.0155,0.00060270,6.7506,6.7506,6.7506,8.4383,8.4383,162.0155,0.00060270,37.1285,34.0107,131.6376,134.7554,0.00048969,0.00050129,0.00002511,43.0246,43.5591,0.0301,2.0581,0.0627,3278.2661,68.4146,17.6798,46.9397,25.7155,39.4976,52.6635,77.1466,82.2897,128.5777,31.4111,0.0,2.083411,3.25533,1.089297,30,192,222,8,0.05498276,0.00062781,0.08642944,0E-8,0.000000,0.909041,0.000000,-0.09079372,2026-03-23,2026-08-06,82,2690,1181,137,0.598540,0.376650,0.410924,0.183276,,,,,,,,GLOBAL_BASELINE_NO_ENTITY_RANKING,,,NOT_APPLICABLE_GLOBAL_BASELINE,HF9g-P5,,,,X 全窗基线 · 不参与实体赏罚,6877378,688,A168_HF9F_20260827_0900,2026-08-27 09:00:00
2026-05-14,70460261,595,0,103.7828862020,-103.7828862020,-103.7828862020,0E-7,4,4,0.50329940000000000,0.503299400000,-2.013241432932159,-2.013241432932159,-2.013241432932159,0E-17,ELIGIBLE,R03b_20260811_FULL_v1,L1_ELIGIBILITY,v2026-08-11,2026-03-21..2026-08-06,baccarat_bet02_101_all_pairs_incl_sentinel,round_win = game_pnl > 0 (decisive only),COMPATIBILITY_ONLY_NOT_PRODUCTION,268817.8208,244366.2908,168.7661,6248,5610,-0.00062781,-0.08642944,0.00436428,-0.00062781,-168.7661,268817.8208,OK,0.0000,6.7506,4.0000,96.0000,AG03-UNRESOLVED,ALL5_LEVELS_bet23_to_bet27,6.7506,6.7506,6.7506,8.4383,8.4383,4.000000,4.000000,4.000000,5.000000,5.000000,96.000000,96.000000,96.000000,95.000000,95.000000,5.0,37.1285,34.0107,131.6376,134.7554,PENDING_AG03,FALSE,NOT_FOR_ENFORCEMENT,162.0155,234591.6392,168.7661,162.0155,6.7506,0.00062781,0.00060270,6.7506,162.0155,0.00060270,6.7506,6.7506,6.7506,8.4383,8.4383,162.0155,0.00060270,37.1285,34.0107,131.6376,134.7554,0.00048969,0.00050129,0.00002511,43.0246,43.5591,0.0301,2.0581,0.0627,3278.2661,68.4146,17.6798,46.9397,25.7155,39.4976,52.6635,77.1466,82.2897,128.5777,31.4111,0.0,2.083411,3.25533,1.089297,30,192,222,8,0.05498276,0.00062781,0.08642944,0E-8,0.000000,0.909041,0.000000,-0.09079372,2026-03-23,2026-08-06,82,2690,1181,137,0.598540,0.376650,0.410924,0.183276,,,,,,,,GLOBAL_BASELINE_NO_ENTITY_RANKING,,,NOT_APPLICABLE_GLOBAL_BASELINE,HF9g-P5,,,,X 全窗基线 · 不参与实体赏罚,6877379,688,A168_HF9F_20260827_0900,2026-08-27 09:00:00
2026-05-14,70460261,763,0,101.1883140471,-1E-10,-1E-10,0.2500000,4,4,0.50329940000000000,0.503299400000,-1.013219660140378,-1.013219660140378,-1.013219660140378,0E-17,ELIGIBLE,R03b_20260811_FULL_v1,L1_ELIGIBILITY,v2026-08-11,2026-03-21..2026-08-06,baccarat_bet02_101_all_pairs_incl_sentinel,round_win = game_pnl > 0 (decisive only),COMPATIBILITY_ONLY_NOT_PRODUCTION,268817.8208,244366.2908,168.7661,6248,5610,-0.00062781,-0.08642944,0.00436428,-0.00062781,-168.7661,268817.8208,OK,0.0000,6.7506,4.0000,96.0000,AG03-UNRESOLVED,ALL5_LEVELS_bet23_to_bet27,6.7506,6.7506,6.7506,8.4383,8.4383,4.000000,4.000000,4.000000,5.000000,5.000000,96.000000,96.000000,96.000000,95.000000,95.000000,5.0,37.1285,34.0107,131.6376,134.7554,PENDING_AG03,FALSE,NOT_FOR_ENFORCEMENT,162.0155,234591.6392,168.7661,162.0155,6.7506,0.00062781,0.00060270,6.7506,162.0155,0.00060270,6.7506,6.7506,6.7506,8.4383,8.4383,162.0155,0.00060270,37.1285,34.0107,131.6376,134.7554,0.00048969,0.00050129,0.00002511,43.0246,43.5591,0.0301,2.0581,0.0627,3278.2661,68.4146,17.6798,46.9397,25.7155,39.4976,52.6635,77.1466,82.2897,128.5777,31.4111,0.0,2.083411,3.25533,1.089297,30,192,222,8,0.05498276,0.00062781,0.08642944,0E-8,0.000000,0.909041,0.000000,-0.09079372,2026-03-23,2026-08-06,82,2690,1181,137,0.598540,0.376650,0.410924,0.183276,,,,,,,,GLOBAL_BASELINE_NO_ENTITY_RANKING,,,NOT_APPLICABLE_GLOBAL_BASELINE,HF9g-P5,,,,X 全窗基线 · 不参与实体赏罚,6877380,688,A168_HF9F_20260827_0900,2026-08-27 09:00:00
2026-05-14,70460261,789,0,12.9728607753,12.3242177365,12.3242177365,1.0000000,1,1,0.50665070000000000,0.506650700000,0.9867858985152569,0.9867858985152569,0.9867858985152569,0E-17,ELIGIBLE,R03b_20260811_FULL_v1,L1_ELIGIBILITY,v2026-08-11,2026-03-21..2026-08-06,baccarat_bet02_101_all_pairs_incl_sentinel,round_win = game_pnl > 0 (decisive only),COMPATIBILITY_ONLY_NOT_PRODUCTION,268817.8208,244366.2908,168.7661,6248,5610,-0.00062781,-0.08642944,0.00436428,-0.00062781,-168.7661,268817.8208,OK,0.0000,6.7506,4.0000,96.0000,AG03-UNRESOLVED,ALL5_LEVELS_bet23_to_bet27,6.7506,6.7506,6.7506,8.4383,8.4383,4.000000,4.000000,4.000000,5.000000,5.000000,96.000000,96.000000,96.000000,95.000000,95.000000,5.0,37.1285,34.0107,131.6376,134.7554,PENDING_AG03,FALSE,NOT_FOR_ENFORCEMENT,162.0155,234591.6392,168.7661,162.0155,6.7506,0.00062781,0.00060270,6.7506,162.0155,0.00060270,6.7506,6.7506,6.7506,8.4383,8.4383,162.0155,0.00060270,37.1285,34.0107,131.6376,134.7554,0.00048969,0.00050129,0.00002511,43.0246,43.5591,0.0301,2.0581,0.0627,3278.2661,68.4146,17.6798,46.9397,25.7155,39.4976,52.6635,77.1466,82.2897,128.5777,31.4111,0.0,2.083411,3.25533,1.089297,30,192,222,8,0.05498276,0.00062781,0.08642944,0E-8,0.000000,0.909041,0.000000,-0.09079372,2026-03-23,2026-08-06,82,2690,1181,137,0.598540,0.376650,0.410924,0.183276,,,,,,,,GLOBAL_BASELINE_NO_ENTITY_RANKING,,,NOT_APPLICABLE_GLOBAL_BASELINE,HF9g-P5,,,,X 全窗基线 · 不参与实体赏罚,6877381,688,A168_HF9F_20260827_0900,2026-08-27 09:00:00
2026-05-14,70460261,925,0,25.9457215505,-25.9457215505,-25.9457215505,0E-7,1,1,0.50665070000000000,0.506650700000,-1.013391052207602,-1.013391052207602,-1.013391052207602,0E-17,ELIGIBLE,R03b_20260811_FULL_v1,L1_ELIGIBILITY,v2026-08-11,2026-03-21..2026-08-06,baccarat_bet02_101_all_pairs_incl_sentinel,round_win = game_pnl > 0 (decisive only),COMPATIBILITY_ONLY_NOT_PRODUCTION,268817.8208,244366.2908,168.7661,6248,5610,-0.00062781,-0.08642944,0.00436428,-0.00062781,-168.7661,268817.8208,OK,0.0000,6.7506,4.0000,96.0000,AG03-UNRESOLVED,ALL5_LEVELS_bet23_to_bet27,6.7506,6.7506,6.7506,8.4383,8.4383,4.000000,4.000000,4.000000,5.000000,5.000000,96.000000,96.000000,96.000000,95.000000,95.000000,5.0,37.1285,34.0107,131.6376,134.7554,PENDING_AG03,FALSE,NOT_FOR_ENFORCEMENT,162.0155,234591.6392,168.7661,162.0155,6.7506,0.00062781,0.00060270,6.7506,162.0155,0.00060270,6.7506,6.7506,6.7506,8.4383,8.4383,162.0155,0.00060270,37.1285,34.0107,131.6376,134.7554,0.00048969,0.00050129,0.00002511,43.0246,43.5591,0.0301,2.0581,0.0627,3278.2661,68.4146,17.6798,46.9397,25.7155,39.4976,52.6635,77.1466,82.2897,128.5777,31.4111,0.0,2.083411,3.25533,1.089297,30,192,222,8,0.05498276,0.00062781,0.08642944,0E-8,0.000000,0.909041,0.000000,-0.09079372,2026-03-23,2026-08-06,82,2690,1181,137,0.598540,0.376650,0.410924,0.183276,,,,,,,,GLOBAL_BASELINE_NO_ENTITY_RANKING,,,NOT_APPLICABLE_GLOBAL_BASELINE,HF9g-P5,,,,X 全窗基线 · 不参与实体赏罚,6877382,688,A168_HF9F_20260827_0900,2026-08-27 09:00:00
2026-05-15,70460261,-1,1,101.1883140470,-25.2970785117,-25.2970785117,0.3333333,3,3,0.50665070000000000,0.506650700000,-0.6004420894325239,-0.6004420894325239,-0.6004420894325239,0E-17,SENTINEL_DEALER,R03b_20260811_FULL_v1,L1_ELIGIBILITY,v2026-08-11,2026-03-21..2026-08-06,baccarat_bet02_101_all_pairs_incl_sentinel,round_win = game_pnl > 0 (decisive only),COMPATIBILITY_ONLY_NOT_PRODUCTION,268817.8208,244366.2908,168.7661,6248,5610,-0.00062781,-0.08642944,0.00436428,-0.00062781,-168.7661,268817.8208,OK,0.0000,6.7506,4.0000,96.0000,AG03-UNRESOLVED,ALL5_LEVELS_bet23_to_bet27,6.7506,6.7506,6.7506,8.4383,8.4383,4.000000,4.000000,4.000000,5.000000,5.000000,96.000000,96.000000,96.000000,95.000000,95.000000,5.0,37.1285,34.0107,131.6376,134.7554,PENDING_AG03,FALSE,NOT_FOR_ENFORCEMENT,162.0155,234591.6392,168.7661,162.0155,6.7506,0.00062781,0.00060270,6.7506,162.0155,0.00060270,6.7506,6.7506,6.7506,8.4383,8.4383,162.0155,0.00060270,37.1285,34.0107,131.6376,134.7554,0.00048969,0.00050129,0.00002511,43.0246,43.5591,0.0301,2.0581,0.0627,3278.2661,68.4146,17.6798,46.9397,25.7155,39.4976,52.6635,77.1466,82.2897,128.5777,31.4111,0.0,2.083411,3.25533,1.089297,30,192,222,8,0.05498276,0.00062781,0.08642944,0E-8,0.000000,0.909041,0.000000,-0.09079372,2026-03-23,2026-08-06,82,2690,1181,137,0.598540,0.376650,0.410924,0.183276,,,,,,,,GLOBAL_BASELINE_NO_ENTITY_RANKING,,,NOT_APPLICABLE_GLOBAL_BASELINE,HF9g-P5,,,,X 全窗基线 · 不参与实体赏罚,6877383,688,A168_HF9F_20260827_0900,2026-08-27 09:00:00
2026-05-15,70460261,529,0,25.9457215505,-25.9457215505,-25.9457215505,0E-7,1,1,0.50665070000000000,0.506650700000,-1.013391052207602,-1.013391052207602,-1.013391052207602,0E-17,ELIGIBLE,R03b_20260811_FULL_v1,L1_ELIGIBILITY,v2026-08-11,2026-03-21..2026-08-06,baccarat_bet02_101_all_pairs_incl_sentinel,round_win = game_pnl > 0 (decisive only),COMPATIBILITY_ONLY_NOT_PRODUCTION,268817.8208,244366.2908,168.7661,6248,5610,-0.00062781,-0.08642944,0.00436428,-0.00062781,-168.7661,268817.8208,OK,0.0000,6.7506,4.0000,96.0000,AG03-UNRESOLVED,ALL5_LEVELS_bet23_to_bet27,6.7506,6.7506,6.7506,8.4383,8.4383,4.000000,4.000000,4.000000,5.000000,5.000000,96.000000,96.000000,96.000000,95.000000,95.000000,5.0,37.1285,34.0107,131.6376,134.7554,PENDING_AG03,FALSE,NOT_FOR_ENFORCEMENT,162.0155,234591.6392,168.7661,162.0155,6.7506,0.00062781,0.00060270,6.7506,162.0155,0.00060270,6.7506,6.7506,6.7506,8.4383,8.4383,162.0155,0.00060270,37.1285,34.0107,131.6376,134.7554,0.00048969,0.00050129,0.00002511,43.0246,43.5591,0.0301,2.0581,0.0627,3278.2661,68.4146,17.6798,46.9397,25.7155,39.4976,52.6635,77.1466,82.2897,128.5777,31.4111,0.0,2.083411,3.25533,1.089297,30,192,222,8,0.05498276,0.00062781,0.08642944,0E-8,0.000000,0.909041,0.000000,-0.09079372,2026-03-23,2026-08-06,82,2690,1181,137,0.598540,0.376650,0.410924,0.183276,,,,,,,,GLOBAL_BASELINE_NO_ENTITY_RANKING,,,NOT_APPLICABLE_GLOBAL_BASELINE,HF9g-P5,,,,X 全窗基线 · 不参与实体赏罚,6877384,688,A168_HF9F_20260827_0900,2026-08-27 09:00:00
2026-05-15,70460261,583,0,25.9457215505,-25.9457215505,-25.9457215505,0E-7,1,1,0.50665070000000000,0.506650700000,-1.013391052207602,-1.013391052207602,-1.013391052207602,0E-17,ELIGIBLE,R03b_20260811_FULL_v1,L1_ELIGIBILITY,v2026-08-11,2026-03-21..2026-08-06,baccarat_bet02_101_all_pairs_incl_sentinel,round_win = game_pnl > 0 (decisive only),COMPATIBILITY_ONLY_NOT_PRODUCTION,268817.8208,244366.2908,168.7661,6248,5610,-0.00062781,-0.08642944,0.00436428,-0.00062781,-168.7661,268817.8208,OK,0.0000,6.7506,4.0000,96.0000,AG03-UNRESOLVED,ALL5_LEVELS_bet23_to_bet27,6.7506,6.7506,6.7506,8.4383,8.4383,4.000000,4.000000,4.000000,5.000000,5.000000,96.000000,96.000000,96.000000,95.000000,95.000000,5.0,37.1285,34.0107,131.6376,134.7554,PENDING_AG03,FALSE,NOT_FOR_ENFORCEMENT,162.0155,234591.6392,168.7661,162.0155,6.7506,0.00062781,0.00060270,6.7506,162.0155,0.00060270,6.7506,6.7506,6.7506,8.4383,8.4383,162.0155,0.00060270,37.1285,34.0107,131.6376,134.7554,0.00048969,0.00050129,0.00002511,43.0246,43.5591,0.0301,2.0581,0.0627,3278.2661,68.4146,17.6798,46.9397,25.7155,39.4976,52.6635,77.1466,82.2897,128.5777,31.4111,0.0,2.083411,3.25533,1.089297,30,192,222,8,0.05498276,0.00062781,0.08642944,0E-8,0.000000,0.909041,0.000000,-0.09079372,2026-03-23,2026-08-06,82,2690,1181,137,0.598540,0.376650,0.410924,0.183276,,,,,,,,GLOBAL_BASELINE_NO_ENTITY_RANKING,,,NOT_APPLICABLE_GLOBAL_BASELINE,HF9g-P5,,,,X 全窗基线 · 不参与实体赏罚,6877385,688,A168_HF9F_20260827_0900,2026-08-27 09:00:00
2026-05-16,70460261,2103,0,3.6324010171,-3.6324010171,-3.6324010171,0E-7,1,1,0.49324550000000000,0.493245500000,-0.9865810262130424,-0.9865810262130424,-0.9865810262130424,0E-17,ELIGIBLE,R03b_20260811_FULL_v1,L1_ELIGIBILITY,v2026-08-11,2026-03-21..2026-08-06,baccarat_bet02_101_all_pairs_incl_sentinel,round_win = game_pnl > 0 (decisive only),COMPATIBILITY_ONLY_NOT_PRODUCTION,268817.8208,244366.2908,168.7661,6248,5610,-0.00062781,-0.08642944,0.00436428,-0.00062781,-168.7661,268817.8208,OK,0.0000,6.7506,4.0000,96.0000,AG03-UNRESOLVED,ALL5_LEVELS_bet23_to_bet27,6.7506,6.7506,6.7506,8.4383,8.4383,4.000000,4.000000,4.000000,5.000000,5.000000,96.000000,96.000000,96.000000,95.000000,95.000000,5.0,37.1285,34.0107,131.6376,134.7554,PENDING_AG03,FALSE,NOT_FOR_ENFORCEMENT,162.0155,234591.6392,168.7661,162.0155,6.7506,0.00062781,0.00060270,6.7506,162.0155,0.00060270,6.7506,6.7506,6.7506,8.4383,8.4383,162.0155,0.00060270,37.1285,34.0107,131.6376,134.7554,0.00048969,0.00050129,0.00002511,43.0246,43.5591,0.0301,2.0581,0.0627,3278.2661,68.4146,17.6798,46.9397,25.7155,39.4976,52.6635,77.1466,82.2897,128.5777,31.4111,0.0,2.083411,3.25533,1.089297,30,192,222,8,0.05498276,0.00062781,0.08642944,0E-8,0.000000,0.909041,0.000000,-0.09079372,2026-03-23,2026-08-06,82,2690,1181,137,0.598540,0.376650,0.410924,0.183276,,,,,,,,GLOBAL_BASELINE_NO_ENTITY_RANKING,,,NOT_APPLICABLE_GLOBAL_BASELINE,HF9g-P5,,,,X 全窗基线 · 不参与实体赏罚,6877386,688,A168_HF9F_20260827_0900,2026-08-27 09:00:00
2026-05-16,70460261,2241,0,20.4971200249,-20.4971200249,-20.4971200249,0E-7,1,1,0.50665070000000000,0.506650700000,-1.013391052207602,-1.013391052207602,-1.013391052207602,0E-17,ELIGIBLE,R03b_20260811_FULL_v1,L1_ELIGIBILITY,v2026-08-11,2026-03-21..2026-08-06,baccarat_bet02_101_all_pairs_incl_sentinel,round_win = game_pnl > 0 (decisive only),COMPATIBILITY_ONLY_NOT_PRODUCTION,268817.8208,244366.2908,168.7661,6248,5610,-0.00062781,-0.08642944,0.00436428,-0.00062781,-168.7661,268817.8208,OK,0.0000,6.7506,4.0000,96.0000,AG03-UNRESOLVED,ALL5_LEVELS_bet23_to_bet27,6.7506,6.7506,6.7506,8.4383,8.4383,4.000000,4.000000,4.000000,5.000000,5.000000,96.000000,96.000000,96.000000,95.000000,95.000000,5.0,37.1285,34.0107,131.6376,134.7554,PENDING_AG03,FALSE,NOT_FOR_ENFORCEMENT,162.0155,234591.6392,168.7661,162.0155,6.7506,0.00062781,0.00060270,6.7506,162.0155,0.00060270,6.7506,6.7506,6.7506,8.4383,8.4383,162.0155,0.00060270,37.1285,34.0107,131.6376,134.7554,0.00048969,0.00050129,0.00002511,43.0246,43.5591,0.0301,2.0581,0.0627,3278.2661,68.4146,17.6798,46.9397,25.7155,39.4976,52.6635,77.1466,82.2897,128.5777,31.4111,0.0,2.083411,3.25533,1.089297,30,192,222,8,0.05498276,0.00062781,0.08642944,0E-8,0.000000,0.909041,0.000000,-0.09079372,2026-03-23,2026-08-06,82,2690,1181,137,0.598540,0.376650,0.410924,0.183276,,,,,,,,GLOBAL_BASELINE_NO_ENTITY_RANKING,,,NOT_APPLICABLE_GLOBAL_BASELINE,HF9g-P5,,,,X 全窗基线 · 不参与实体赏罚,6877387,688,A168_HF9F_20260827_0900,2026-08-27 09:00:00
2026-05-18,70460261,-1,1,25.9457215505,24.6484354730,24.6484354730,1.0000000,1,1,0.50665070000000000,0.506650700000,0.9867858985152569,0.9867858985152569,0.9867858985152569,0E-17,SENTINEL_DEALER,R03b_20260811_FULL_v1,L1_ELIGIBILITY,v2026-08-11,2026-03-21..2026-08-06,baccarat_bet02_101_all_pairs_incl_sentinel,round_win = game_pnl > 0 (decisive only),COMPATIBILITY_ONLY_NOT_PRODUCTION,268817.8208,244366.2908,168.7661,6248,5610,-0.00062781,-0.08642944,0.00436428,-0.00062781,-168.7661,268817.8208,OK,0.0000,6.7506,4.0000,96.0000,AG03-UNRESOLVED,ALL5_LEVELS_bet23_to_bet27,6.7506,6.7506,6.7506,8.4383,8.4383,4.000000,4.000000,4.000000,5.000000,5.000000,96.000000,96.000000,96.000000,95.000000,95.000000,5.0,37.1285,34.0107,131.6376,134.7554,PENDING_AG03,FALSE,NOT_FOR_ENFORCEMENT,162.0155,234591.6392,168.7661,162.0155,6.7506,0.00062781,0.00060270,6.7506,162.0155,0.00060270,6.7506,6.7506,6.7506,8.4383,8.4383,162.0155,0.00060270,37.1285,34.0107,131.6376,134.7554,0.00048969,0.00050129,0.00002511,43.0246,43.5591,0.0301,2.0581,0.0627,3278.2661,68.4146,17.6798,46.9397,25.7155,39.4976,52.6635,77.1466,82.2897,128.5777,31.4111,0.0,2.083411,3.25533,1.089297,30,192,222,8,0.05498276,0.00062781,0.08642944,0E-8,0.000000,0.909041,0.000000,-0.09079372,2026-03-23,2026-08-06,82,2690,1181,137,0.598540,0.376650,0.410924,0.183276,,,,,,,,GLOBAL_BASELINE_NO_ENTITY_RANKING,,,NOT_APPLICABLE_GLOBAL_BASELINE,HF9g-P5,,,,X 全窗基线 · 不参与实体赏罚,6877388,688,A168_HF9F_20260827_0900,2026-08-27 09:00:00
2026-05-18,70460261,2088,0,12.9728607753,12.3242177365,12.3242177365,1.0000000,1,1,0.50665070000000000,0.506650700000,0.9867858985152569,0.9867858985152569,0.9867858985152569,0E-17,ELIGIBLE,R03b_20260811_FULL_v1,L1_ELIGIBILITY,v2026-08-11,2026-03-21..2026-08-06,baccarat_bet02_101_all_pairs_incl_sentinel,round_win = game_pnl > 0 (decisive only),COMPATIBILITY_ONLY_NOT_PRODUCTION,268817.8208,244366.2908,168.7661,6248,5610,-0.00062781,-0.08642944,0.00436428,-0.00062781,-168.7661,268817.8208,OK,0.0000,6.7506,4.0000,96.0000,AG03-UNRESOLVED,ALL5_LEVELS_bet23_to_bet27,6.7506,6.7506,6.7506,8.4383,8.4383,4.000000,4.000000,4.000000,5.000000,5.000000,96.000000,96.000000,96.000000,95.000000,95.000000,5.0,37.1285,34.0107,131.6376,134.7554,PENDING_AG03,FALSE,NOT_FOR_ENFORCEMENT,162.0155,234591.6392,168.7661,162.0155,6.7506,0.00062781,0.00060270,6.7506,162.0155,0.00060270,6.7506,6.7506,6.7506,8.4383,8.4383,162.0155,0.00060270,37.1285,34.0107,131.6376,134.7554,0.00048969,0.00050129,0.00002511,43.0246,43.5591,0.0301,2.0581,0.0627,3278.2661,68.4146,17.6798,46.9397,25.7155,39.4976,52.6635,77.1466,82.2897,128.5777,31.4111,0.0,2.083411,3.25533,1.089297,30,192,222,8,0.05498276,0.00062781,0.08642944,0E-8,0.000000,0.909041,0.000000,-0.09079372,2026-03-23,2026-08-06,82,2690,1181,137,0.598540,0.376650,0.410924,0.183276,,,,,,,,GLOBAL_BASELINE_NO_ENTITY_RANKING,,,NOT_APPLICABLE_GLOBAL_BASELINE,HF9g-P5,,,,X 全窗基线 · 不参与实体赏罚,6877389,688,A168_HF9F_20260827_0900,2026-08-27 09:00:00
2026-05-18,70460261,2171,0,62.2697317213,-16.7349904001,-16.7349904001,0.3333333,3,3,0.50665070000000000,0.506650700000,-0.6004420894325239,-0.6004420894325239,-0.6004420894325239,0E-17,ELIGIBLE,R03b_20260811_FULL_v1,L1_ELIGIBILITY,v2026-08-11,2026-03-21..2026-08-06,baccarat_bet02_101_all_pairs_incl_sentinel,round_win = game_pnl > 0 (decisive only),COMPATIBILITY_ONLY_NOT_PRODUCTION,268817.8208,244366.2908,168.7661,6248,5610,-0.00062781,-0.08642944,0.00436428,-0.00062781,-168.7661,268817.8208,OK,0.0000,6.7506,4.0000,96.0000,AG03-UNRESOLVED,ALL5_LEVELS_bet23_to_bet27,6.7506,6.7506,6.7506,8.4383,8.4383,4.000000,4.000000,4.000000,5.000000,5.000000,96.000000,96.000000,96.000000,95.000000,95.000000,5.0,37.1285,34.0107,131.6376,134.7554,PENDING_AG03,FALSE,NOT_FOR_ENFORCEMENT,162.0155,234591.6392,168.7661,162.0155,6.7506,0.00062781,0.00060270,6.7506,162.0155,0.00060270,6.7506,6.7506,6.7506,8.4383,8.4383,162.0155,0.00060270,37.1285,34.0107,131.6376,134.7554,0.00048969,0.00050129,0.00002511,43.0246,43.5591,0.0301,2.0581,0.0627,3278.2661,68.4146,17.6798,46.9397,25.7155,39.4976,52.6635,77.1466,82.2897,128.5777,31.4111,0.0,2.083411,3.25533,1.089297,30,192,222,8,0.05498276,0.00062781,0.08642944,0E-8,0.000000,0.909041,0.000000,-0.09079372,2026-03-23,2026-08-06,82,2690,1181,137,0.598540,0.376650,0.410924,0.183276,,,,,,,,GLOBAL_BASELINE_NO_ENTITY_RANKING,,,NOT_APPLICABLE_GLOBAL_BASELINE,HF9g-P5,,,,X 全窗基线 · 不参与实体赏罚,6877390,688,A168_HF9F_20260827_0900,2026-08-27 09:00:00
2026-05-18,70460261,2201,0,18.1620050854,-18.1620050854,-18.1620050854,0E-7,1,1,0.50665070000000000,0.506650700000,-1.013391052207602,-1.013391052207602,-1.013391052207602,0E-17,ELIGIBLE,R03b_20260811_FULL_v1,L1_ELIGIBILITY,v2026-08-11,2026-03-21..2026-08-06,baccarat_bet02_101_all_pairs_incl_sentinel,round_win = game_pnl > 0 (decisive only),COMPATIBILITY_ONLY_NOT_PRODUCTION,268817.8208,244366.2908,168.7661,6248,5610,-0.00062781,-0.08642944,0.00436428,-0.00062781,-168.7661,268817.8208,OK,0.0000,6.7506,4.0000,96.0000,AG03-UNRESOLVED,ALL5_LEVELS_bet23_to_bet27,6.7506,6.7506,6.7506,8.4383,8.4383,4.000000,4.000000,4.000000,5.000000,5.000000,96.000000,96.000000,96.000000,95.000000,95.000000,5.0,37.1285,34.0107,131.6376,134.7554,PENDING_AG03,FALSE,NOT_FOR_ENFORCEMENT,162.0155,234591.6392,168.7661,162.0155,6.7506,0.00062781,0.00060270,6.7506,162.0155,0.00060270,6.7506,6.7506,6.7506,8.4383,8.4383,162.0155,0.00060270,37.1285,34.0107,131.6376,134.7554,0.00048969,0.00050129,0.00002511,43.0246,43.5591,0.0301,2.0581,0.0627,3278.2661,68.4146,17.6798,46.9397,25.7155,39.4976,52.6635,77.1466,82.2897,128.5777,31.4111,0.0,2.083411,3.25533,1.089297,30,192,222,8,0.05498276,0.00062781,0.08642944,0E-8,0.000000,0.909041,0.000000,-0.09079372,2026-03-23,2026-08-06,82,2690,1181,137,0.598540,0.376650,0.410924,0.183276,,,,,,,,GLOBAL_BASELINE_NO_ENTITY_RANKING,,,NOT_APPLICABLE_GLOBAL_BASELINE,HF9g-P5,,,,X 全窗基线 · 不参与实体赏罚,6877391,688,A168_HF9F_20260827_0900,2026-08-27 09:00:00
2026-05-18,70460261,789,0,12.9728607753,-12.9728607753,-12.9728607753,0E-7,1,1,0.50665070000000000,0.506650700000,-1.013391052207602,-1.013391052207602,-1.013391052207602,0E-17,ELIGIBLE,R03b_20260811_FULL_v1,L1_ELIGIBILITY,v2026-08-11,2026-03-21..2026-08-06,baccarat_bet02_101_all_pairs_incl_sentinel,round_win = game_pnl > 0 (decisive only),COMPATIBILITY_ONLY_NOT_PRODUCTION,268817.8208,244366.2908,168.7661,6248,5610,-0.00062781,-0.08642944,0.00436428,-0.00062781,-168.7661,268817.8208,OK,0.0000,6.7506,4.0000,96.0000,AG03-UNRESOLVED,ALL5_LEVELS_bet23_to_bet27,6.7506,6.7506,6.7506,8.4383,8.4383,4.000000,4.000000,4.000000,5.000000,5.000000,96.000000,96.000000,96.000000,95.000000,95.000000,5.0,37.1285,34.0107,131.6376,134.7554,PENDING_AG03,FALSE,NOT_FOR_ENFORCEMENT,162.0155,234591.6392,168.7661,162.0155,6.7506,0.00062781,0.00060270,6.7506,162.0155,0.00060270,6.7506,6.7506,6.7506,8.4383,8.4383,162.0155,0.00060270,37.1285,34.0107,131.6376,134.7554,0.00048969,0.00050129,0.00002511,43.0246,43.5591,0.0301,2.0581,0.0627,3278.2661,68.4146,17.6798,46.9397,25.7155,39.4976,52.6635,77.1466,82.2897,128.5777,31.4111,0.0,2.083411,3.25533,1.089297,30,192,222,8,0.05498276,0.00062781,0.08642944,0E-8,0.000000,0.909041,0.000000,-0.09079372,2026-03-23,2026-08-06,82,2690,1181,137,0.598540,0.376650,0.410924,0.183276,,,,,,,,GLOBAL_BASELINE_NO_ENTITY_RANKING,,,NOT_APPLICABLE_GLOBAL_BASELINE,HF9g-P5,,,,X 全窗基线 · 不参与实体赏罚,6877392,688,A168_HF9F_20260827_0900,2026-08-27 09:00:00
2026-05-21,70460261,-1,1,51.8914431010,-51.8914431010,-51.8914431010,0E-7,1,1,0.49324550000000000,0.493245500000,-0.9865810262130424,-0.9865810262130424,-0.9865810262130424,0E-17,SENTINEL_DEALER,R03b_20260811_FULL_v1,L1_ELIGIBILITY,v2026-08-11,2026-03-21..2026-08-06,baccarat_bet02_101_all_pairs_incl_sentinel,round_win = game_pnl > 0 (decisive only),COMPATIBILITY_ONLY_NOT_PRODUCTION,268817.8208,244366.2908,168.7661,6248,5610,-0.00062781,-0.08642944,0.00436428,-0.00062781,-168.7661,268817.8208,OK,0.0000,6.7506,4.0000,96.0000,AG03-UNRESOLVED,ALL5_LEVELS_bet23_to_bet27,6.7506,6.7506,6.7506,8.4383,8.4383,4.000000,4.000000,4.000000,5.000000,5.000000,96.000000,96.000000,96.000000,95.000000,95.000000,5.0,37.1285,34.0107,131.6376,134.7554,PENDING_AG03,FALSE,NOT_FOR_ENFORCEMENT,162.0155,234591.6392,168.7661,162.0155,6.7506,0.00062781,0.00060270,6.7506,162.0155,0.00060270,6.7506,6.7506,6.7506,8.4383,8.4383,162.0155,0.00060270,37.1285,34.0107,131.6376,134.7554,0.00048969,0.00050129,0.00002511,43.0246,43.5591,0.0301,2.0581,0.0627,3278.2661,68.4146,17.6798,46.9397,25.7155,39.4976,52.6635,77.1466,82.2897,128.5777,31.4111,0.0,2.083411,3.25533,1.089297,30,192,222,8,0.05498276,0.00062781,0.08642944,0E-8,0.000000,0.909041,0.000000,-0.09079372,2026-03-23,2026-08-06,82,2690,1181,137,0.598540,0.376650,0.410924,0.183276,,,,,,,,GLOBAL_BASELINE_NO_ENTITY_RANKING,,,NOT_APPLICABLE_GLOBAL_BASELINE,HF9g-P5,,,,X 全窗基线 · 不参与实体赏罚,6877393,688,A168_HF9F_20260827_0900,2026-08-27 09:00:00
2026-05-21,70460261,1384,0,25.9457215505,24.6484354730,24.6484354730,1.0000000,1,1,0.50665070000000000,0.506650700000,0.9867858985152569,0.9867858985152569,0.9867858985152569,0E-17,ELIGIBLE,R03b_20260811_FULL_v1,L1_ELIGIBILITY,v2026-08-11,2026-03-21..2026-08-06,baccarat_bet02_101_all_pairs_incl_sentinel,round_win = game_pnl > 0 (decisive only),COMPATIBILITY_ONLY_NOT_PRODUCTION,268817.8208,244366.2908,168.7661,6248,5610,-0.00062781,-0.08642944,0.00436428,-0.00062781,-168.7661,268817.8208,OK,0.0000,6.7506,4.0000,96.0000,AG03-UNRESOLVED,ALL5_LEVELS_bet23_to_bet27,6.7506,6.7506,6.7506,8.4383,8.4383,4.000000,4.000000,4.000000,5.000000,5.000000,96.000000,96.000000,96.000000,95.000000,95.000000,5.0,37.1285,34.0107,131.6376,134.7554,PENDING_AG03,FALSE,NOT_FOR_ENFORCEMENT,162.0155,234591.6392,168.7661,162.0155,6.7506,0.00062781,0.00060270,6.7506,162.0155,0.00060270,6.7506,6.7506,6.7506,8.4383,8.4383,162.0155,0.00060270,37.1285,34.0107,131.6376,134.7554,0.00048969,0.00050129,0.00002511,43.0246,43.5591,0.0301,2.0581,0.0627,3278.2661,68.4146,17.6798,46.9397,25.7155,39.4976,52.6635,77.1466,82.2897,128.5777,31.4111,0.0,2.083411,3.25533,1.089297,30,192,222,8,0.05498276,0.00062781,0.08642944,0E-8,0.000000,0.909041,0.000000,-0.09079372,2026-03-23,2026-08-06,82,2690,1181,137,0.598540,0.376650,0.410924,0.183276,,,,,,,,GLOBAL_BASELINE_NO_ENTITY_RANKING,,,NOT_APPLICABLE_GLOBAL_BASELINE,HF9g-P5,,,,X 全窗基线 · 不参与实体赏罚,6877394,688,A168_HF9F_20260827_0900,2026-08-27 09:00:00
2026-05-21,70460261,789,0,50.5941570235,-50.5941570235,-50.5941570235,0E-7,1,1,0.49324550000000000,0.493245500000,-0.9865810262130424,-0.9865810262130424,-0.9865810262130424,0E-17,ELIGIBLE,R03b_20260811_FULL_v1,L1_ELIGIBILITY,v2026-08-11,2026-03-21..2026-08-06,baccarat_bet02_101_all_pairs_incl_sentinel,round_win = game_pnl > 0 (decisive only),COMPATIBILITY_ONLY_NOT_PRODUCTION,268817.8208,244366.2908,168.7661,6248,5610,-0.00062781,-0.08642944,0.00436428,-0.00062781,-168.7661,268817.8208,OK,0.0000,6.7506,4.0000,96.0000,AG03-UNRESOLVED,ALL5_LEVELS_bet23_to_bet27,6.7506,6.7506,6.7506,8.4383,8.4383,4.000000,4.000000,4.000000,5.000000,5.000000,96.000000,96.000000,96.000000,95.000000,95.000000,5.0,37.1285,34.0107,131.6376,134.7554,PENDING_AG03,FALSE,NOT_FOR_ENFORCEMENT,162.0155,234591.6392,168.7661,162.0155,6.7506,0.00062781,0.00060270,6.7506,162.0155,0.00060270,6.7506,6.7506,6.7506,8.4383,8.4383,162.0155,0.00060270,37.1285,34.0107,131.6376,134.7554,0.00048969,0.00050129,0.00002511,43.0246,43.5591,0.0301,2.0581,0.0627,3278.2661,68.4146,17.6798,46.9397,25.7155,39.4976,52.6635,77.1466,82.2897,128.5777,31.4111,0.0,2.083411,3.25533,1.089297,30,192,222,8,0.05498276,0.00062781,0.08642944,0E-8,0.000000,0.909041,0.000000,-0.09079372,2026-03-23,2026-08-06,82,2690,1181,137,0.598540,0.376650,0.410924,0.183276,,,,,,,,GLOBAL_BASELINE_NO_ENTITY_RANKING,,,NOT_APPLICABLE_GLOBAL_BASELINE,HF9g-P5,,,,X 全窗基线 · 不参与实体赏罚,6877395,688,A168_HF9F_20260827_0900,2026-08-27 09:00:00
2026-05-21,70460261,986,0,25.9457215505,-25.9457215505,-25.9457215505,0E-7,1,1,0.50665070000000000,0.506650700000,-1.013391052207602,-1.013391052207602,-1.013391052207602,0E-17,ELIGIBLE,R03b_20260811_FULL_v1,L1_ELIGIBILITY,v2026-08-11,2026-03-21..2026-08-06,baccarat_bet02_101_all_pairs_incl_sentinel,round_win = game_pnl > 0 (decisive only),COMPATIBILITY_ONLY_NOT_PRODUCTION,268817.8208,244366.2908,168.7661,6248,5610,-0.00062781,-0.08642944,0.00436428,-0.00062781,-168.7661,268817.8208,OK,0.0000,6.7506,4.0000,96.0000,AG03-UNRESOLVED,ALL5_LEVELS_bet23_to_bet27,6.7506,6.7506,6.7506,8.4383,8.4383,4.000000,4.000000,4.000000,5.000000,5.000000,96.000000,96.000000,96.000000,95.000000,95.000000,5.0,37.1285,34.0107,131.6376,134.7554,PENDING_AG03,FALSE,NOT_FOR_ENFORCEMENT,162.0155,234591.6392,168.7661,162.0155,6.7506,0.00062781,0.00060270,6.7506,162.0155,0.00060270,6.7506,6.7506,6.7506,8.4383,8.4383,162.0155,0.00060270,37.1285,34.0107,131.6376,134.7554,0.00048969,0.00050129,0.00002511,43.0246,43.5591,0.0301,2.0581,0.0627,3278.2661,68.4146,17.6798,46.9397,25.7155,39.4976,52.6635,77.1466,82.2897,128.5777,31.4111,0.0,2.083411,3.25533,1.089297,30,192,222,8,0.05498276,0.00062781,0.08642944,0E-8,0.000000,0.909041,0.000000,-0.09079372,2026-03-23,2026-08-06,82,2690,1181,137,0.598540,0.376650,0.410924,0.183276,,,,,,,,GLOBAL_BASELINE_NO_ENTITY_RANKING,,,NOT_APPLICABLE_GLOBAL_BASELINE,HF9g-P5,,,,X 全窗基线 · 不参与实体赏罚,6877396,688,A168_HF9F_20260827_0900,2026-08-27 09:00:00
2026-05-23,70460261,-1,1,3313.5280992162,83.1041461267,83.1041461267,0.5135135,43,43,0.50478020697674419,0.504780206977,0.10625011535665205,0.10625011535354036,0.10625011535665205,-2.5581E-13,SENTINEL_DEALER,R03b_20260811_FULL_v1,L1_ELIGIBILITY,v2026-08-11,2026-03-21..2026-08-06,baccarat_bet02_101_all_pairs_incl_sentinel,round_win = game_pnl > 0 (decisive only),COMPATIBILITY_ONLY_NOT_PRODUCTION,268817.8208,244366.2908,168.7661,6248,5610,-0.00062781,-0.08642944,0.00436428,-0.00062781,-168.7661,268817.8208,OK,0.0000,6.7506,4.0000,96.0000,AG03-UNRESOLVED,ALL5_LEVELS_bet23_to_bet27,6.7506,6.7506,6.7506,8.4383,8.4383,4.000000,4.000000,4.000000,5.000000,5.000000,96.000000,96.000000,96.000000,95.000000,95.000000,5.0,37.1285,34.0107,131.6376,134.7554,PENDING_AG03,FALSE,NOT_FOR_ENFORCEMENT,162.0155,234591.6392,168.7661,162.0155,6.7506,0.00062781,0.00060270,6.7506,162.0155,0.00060270,6.7506,6.7506,6.7506,8.4383,8.4383,162.0155,0.00060270,37.1285,34.0107,131.6376,134.7554,0.00048969,0.00050129,0.00002511,43.0246,43.5591,0.0301,2.0581,0.0627,3278.2661,68.4146,17.6798,46.9397,25.7155,39.4976,52.6635,77.1466,82.2897,128.5777,31.4111,0.0,2.083411,3.25533,1.089297,30,192,222,8,0.05498276,0.00062781,0.08642944,0E-8,0.000000,0.909041,0.000000,-0.09079372,2026-03-23,2026-08-06,82,2690,1181,137,0.598540,0.376650,0.410924,0.183276,,,,,,,,GLOBAL_BASELINE_NO_ENTITY_RANKING,,,NOT_APPLICABLE_GLOBAL_BASELINE,HF9g-P5,,,,X 全窗基线 · 不参与实体赏罚,6877397,688,A168_HF9F_20260827_0900,2026-08-27 09:00:00
2026-05-23,70460261,1017,0,53.7076436096,-53.7076436096,-53.7076436096,0E-7,1,1,0.50665070000000000,0.506650700000,-1.013391052207602,-1.013391052207602,-1.013391052207602,0E-17,ELIGIBLE,R03b_20260811_FULL_v1,L1_ELIGIBILITY,v2026-08-11,2026-03-21..2026-08-06,baccarat_bet02_101_all_pairs_incl_sentinel,round_win = game_pnl > 0 (decisive only),COMPATIBILITY_ONLY_NOT_PRODUCTION,268817.8208,244366.2908,168.7661,6248,5610,-0.00062781,-0.08642944,0.00436428,-0.00062781,-168.7661,268817.8208,OK,0.0000,6.7506,4.0000,96.0000,AG03-UNRESOLVED,ALL5_LEVELS_bet23_to_bet27,6.7506,6.7506,6.7506,8.4383,8.4383,4.000000,4.000000,4.000000,5.000000,5.000000,96.000000,96.000000,96.000000,95.000000,95.000000,5.0,37.1285,34.0107,131.6376,134.7554,PENDING_AG03,FALSE,NOT_FOR_ENFORCEMENT,162.0155,234591.6392,168.7661,162.0155,6.7506,0.00062781,0.00060270,6.7506,162.0155,0.00060270,6.7506,6.7506,6.7506,8.4383,8.4383,162.0155,0.00060270,37.1285,34.0107,131.6376,134.7554,0.00048969,0.00050129,0.00002511,43.0246,43.5591,0.0301,2.0581,0.0627,3278.2661,68.4146,17.6798,46.9397,25.7155,39.4976,52.6635,77.1466,82.2897,128.5777,31.4111,0.0,2.083411,3.25533,1.089297,30,192,222,8,0.05498276,0.00062781,0.08642944,0E-8,0.000000,0.909041,0.000000,-0.09079372,2026-03-23,2026-08-06,82,2690,1181,137,0.598540,0.376650,0.410924,0.183276,,,,,,,,GLOBAL_BASELINE_NO_ENTITY_RANKING,,,NOT_APPLICABLE_GLOBAL_BASELINE,HF9g-P5,,,,X 全窗基线 · 不参与实体赏罚,6877398,688,A168_HF9F_20260827_0900,2026-08-27 09:00:00
2026-05-23,70460261,1109,0,51.8914431010,51.8914431010,51.8914431010,1.0000000,1,1,0.49324550000000000,0.493245500000,1.01360149184955,1.01360149184955,1.01360149184955,0E-17,ELIGIBLE,R03b_20260811_FULL_v1,L1_ELIGIBILITY,v2026-08-11,2026-03-21..2026-08-06,baccarat_bet02_101_all_pairs_incl_sentinel,round_win = game_pnl > 0 (decisive only),COMPATIBILITY_ONLY_NOT_PRODUCTION,268817.8208,244366.2908,168.7661,6248,5610,-0.00062781,-0.08642944,0.00436428,-0.00062781,-168.7661,268817.8208,OK,0.0000,6.7506,4.0000,96.0000,AG03-UNRESOLVED,ALL5_LEVELS_bet23_to_bet27,6.7506,6.7506,6.7506,8.4383,8.4383,4.000000,4.000000,4.000000,5.000000,5.000000,96.000000,96.000000,96.000000,95.000000,95.000000,5.0,37.1285,34.0107,131.6376,134.7554,PENDING_AG03,FALSE,NOT_FOR_ENFORCEMENT,162.0155,234591.6392,168.7661,162.0155,6.7506,0.00062781,0.00060270,6.7506,162.0155,0.00060270,6.7506,6.7506,6.7506,8.4383,8.4383,162.0155,0.00060270,37.1285,34.0107,131.6376,134.7554,0.00048969,0.00050129,0.00002511,43.0246,43.5591,0.0301,2.0581,0.0627,3278.2661,68.4146,17.6798,46.9397,25.7155,39.4976,52.6635,77.1466,82.2897,128.5777,31.4111,0.0,2.083411,3.25533,1.089297,30,192,222,8,0.05498276,0.00062781,0.08642944,0E-8,0.000000,0.909041,0.000000,-0.09079372,2026-03-23,2026-08-06,82,2690,1181,137,0.598540,0.376650,0.410924,0.183276,,,,,,,,GLOBAL_BASELINE_NO_ENTITY_RANKING,,,NOT_APPLICABLE_GLOBAL_BASELINE,HF9g-P5,,,,X 全窗基线 · 不参与实体赏罚,6877399,688,A168_HF9F_20260827_0900,2026-08-27 09:00:00
2026-05-23,70460261,1151,0,51.8914431010,-51.8914431010,-51.8914431010,0E-7,1,1,0.50665070000000000,0.506650700000,-1.013391052207602,-1.013391052207602,-1.013391052207602,0E-17,ELIGIBLE,R03b_20260811_FULL_v1,L1_ELIGIBILITY,v2026-08-11,2026-03-21..2026-08-06,baccarat_bet02_101_all_pairs_incl_sentinel,round_win = game_pnl > 0 (decisive only),COMPATIBILITY_ONLY_NOT_PRODUCTION,268817.8208,244366.2908,168.7661,6248,5610,-0.00062781,-0.08642944,0.00436428,-0.00062781,-168.7661,268817.8208,OK,0.0000,6.7506,4.0000,96.0000,AG03-UNRESOLVED,ALL5_LEVELS_bet23_to_bet27,6.7506,6.7506,6.7506,8.4383,8.4383,4.000000,4.000000,4.000000,5.000000,5.000000,96.000000,96.000000,96.000000,95.000000,95.000000,5.0,37.1285,34.0107,131.6376,134.7554,PENDING_AG03,FALSE,NOT_FOR_ENFORCEMENT,162.0155,234591.6392,168.7661,162.0155,6.7506,0.00062781,0.00060270,6.7506,162.0155,0.00060270,6.7506,6.7506,6.7506,8.4383,8.4383,162.0155,0.00060270,37.1285,34.0107,131.6376,134.7554,0.00048969,0.00050129,0.00002511,43.0246,43.5591,0.0301,2.0581,0.0627,3278.2661,68.4146,17.6798,46.9397,25.7155,39.4976,52.6635,77.1466,82.2897,128.5777,31.4111,0.0,2.083411,3.25533,1.089297,30,192,222,8,0.05498276,0.00062781,0.08642944,0E-8,0.000000,0.909041,0.000000,-0.09079372,2026-03-23,2026-08-06,82,2690,1181,137,0.598540,0.376650,0.410924,0.183276,,,,,,,,GLOBAL_BASELINE_NO_ENTITY_RANKING,,,NOT_APPLICABLE_GLOBAL_BASELINE,HF9g-P5,,,,X 全窗基线 · 不参与实体赏罚,6877400,688,A168_HF9F_20260827_0900,2026-08-27 09:00:00
2026-05-23,70460261,1205,0,407.3478283430,36.7131959940,36.7131959940,0.6666667,6,6,0.50441650000000000,0.504416500000,0.7948912480929629,0.7948912480929629,0.7948912480929629,0E-17,ELIGIBLE,R03b_20260811_FULL_v1,L1_ELIGIBILITY,v2026-08-11,2026-03-21..2026-08-06,baccarat_bet02_101_all_pairs_incl_sentinel,round_win = game_pnl > 0 (decisive only),COMPATIBILITY_ONLY_NOT_PRODUCTION,268817.8208,244366.2908,168.7661,6248,5610,-0.00062781,-0.08642944,0.00436428,-0.00062781,-168.7661,268817.8208,OK,0.0000,6.7506,4.0000,96.0000,AG03-UNRESOLVED,ALL5_LEVELS_bet23_to_bet27,6.7506,6.7506,6.7506,8.4383,8.4383,4.000000,4.000000,4.000000,5.000000,5.000000,96.000000,96.000000,96.000000,95.000000,95.000000,5.0,37.1285,34.0107,131.6376,134.7554,PENDING_AG03,FALSE,NOT_FOR_ENFORCEMENT,162.0155,234591.6392,168.7661,162.0155,6.7506,0.00062781,0.00060270,6.7506,162.0155,0.00060270,6.7506,6.7506,6.7506,8.4383,8.4383,162.0155,0.00060270,37.1285,34.0107,131.6376,134.7554,0.00048969,0.00050129,0.00002511,43.0246,43.5591,0.0301,2.0581,0.0627,3278.2661,68.4146,17.6798,46.9397,25.7155,39.4976,52.6635,77.1466,82.2897,128.5777,31.4111,0.0,2.083411,3.25533,1.089297,30,192,222,8,0.05498276,0.00062781,0.08642944,0E-8,0.000000,0.909041,0.000000,-0.09079372,2026-03-23,2026-08-06,82,2690,1181,137,0.598540,0.376650,0.410924,0.183276,,,,,,,,GLOBAL_BASELINE_NO_ENTITY_RANKING,,,NOT_APPLICABLE_GLOBAL_BASELINE,HF9g-P5,,,,X 全窗基线 · 不参与实体赏罚,6877401,688,A168_HF9F_20260827_0900,2026-08-27 09:00:00
2026-05-23,70460261,1210,0,246.4843547298,41.9023403042,41.9023403042,0.6000000,5,5,0.50665070000000000,0.506650700000,0.4175076967804994,0.4175076967804994,0.4175076967804994,0E-17,ELIGIBLE,R03b_20260811_FULL_v1,L1_ELIGIBILITY,v2026-08-11,2026-03-21..2026-08-06,baccarat_bet02_101_all_pairs_incl_sentinel,round_win = game_pnl > 0 (decisive only),COMPATIBILITY_ONLY_NOT_PRODUCTION,268817.8208,244366.2908,168.7661,6248,5610,-0.00062781,-0.08642944,0.00436428,-0.00062781,-168.7661,268817.8208,OK,0.0000,6.7506,4.0000,96.0000,AG03-UNRESOLVED,ALL5_LEVELS_bet23_to_bet27,6.7506,6.7506,6.7506,8.4383,8.4383,4.000000,4.000000,4.000000,5.000000,5.000000,96.000000,96.000000,96.000000,95.000000,95.000000,5.0,37.1285,34.0107,131.6376,134.7554,PENDING_AG03,FALSE,NOT_FOR_ENFORCEMENT,162.0155,234591.6392,168.7661,162.0155,6.7506,0.00062781,0.00060270,6.7506,162.0155,0.00060270,6.7506,6.7506,6.7506,8.4383,8.4383,162.0155,0.00060270,37.1285,34.0107,131.6376,134.7554,0.00048969,0.00050129,0.00002511,43.0246,43.5591,0.0301,2.0581,0.0627,3278.2661,68.4146,17.6798,46.9397,25.7155,39.4976,52.6635,77.1466,82.2897,128.5777,31.4111,0.0,2.083411,3.25533,1.089297,30,192,222,8,0.05498276,0.00062781,0.08642944,0E-8,0.000000,0.909041,0.000000,-0.09079372,2026-03-23,2026-08-06,82,2690,1181,137,0.598540,0.376650,0.410924,0.183276,,,,,,,,GLOBAL_BASELINE_NO_ENTITY_RANKING,,,NOT_APPLICABLE_GLOBAL_BASELINE,HF9g-P5,,,,X 全窗基线 · 不参与实体赏罚,6877402,688,A168_HF9F_20260827_0900,2026-08-27 09:00:00
2026-05-23,70460261,1323,0,77.8371646515,-77.8371646515,-77.8371646515,0E-7,1,1,0.50665070000000000,0.506650700000,-1.013391052207602,-1.013391052207602,-1.013391052207602,0E-17,ELIGIBLE,R03b_20260811_FULL_v1,L1_ELIGIBILITY,v2026-08-11,2026-03-21..2026-08-06,baccarat_bet02_101_all_pairs_incl_sentinel,round_win = game_pnl > 0 (decisive only),COMPATIBILITY_ONLY_NOT_PRODUCTION,268817.8208,244366.2908,168.7661,6248,5610,-0.00062781,-0.08642944,0.00436428,-0.00062781,-168.7661,268817.8208,OK,0.0000,6.7506,4.0000,96.0000,AG03-UNRESOLVED,ALL5_LEVELS_bet23_to_bet27,6.7506,6.7506,6.7506,8.4383,8.4383,4.000000,4.000000,4.000000,5.000000,5.000000,96.000000,96.000000,96.000000,95.000000,95.000000,5.0,37.1285,34.0107,131.6376,134.7554,PENDING_AG03,FALSE,NOT_FOR_ENFORCEMENT,162.0155,234591.6392,168.7661,162.0155,6.7506,0.00062781,0.00060270,6.7506,162.0155,0.00060270,6.7506,6.7506,6.7506,8.4383,8.4383,162.0155,0.00060270,37.1285,34.0107,131.6376,134.7554,0.00048969,0.00050129,0.00002511,43.0246,43.5591,0.0301,2.0581,0.0627,3278.2661,68.4146,17.6798,46.9397,25.7155,39.4976,52.6635,77.1466,82.2897,128.5777,31.4111,0.0,2.083411,3.25533,1.089297,30,192,222,8,0.05498276,0.00062781,0.08642944,0E-8,0.000000,0.909041,0.000000,-0.09079372,2026-03-23,2026-08-06,82,2690,1181,137,0.598540,0.376650,0.410924,0.183276,,,,,,,,GLOBAL_BASELINE_NO_ENTITY_RANKING,,,NOT_APPLICABLE_GLOBAL_BASELINE,HF9g-P5,,,,X 全窗基线 · 不参与实体赏罚,6877403,688,A168_HF9F_20260827_0900,2026-08-27 09:00:00
2026-05-23,70460261,1325,0,70.0534481864,66.5507757771,66.5507757771,1.0000000,1,1,0.50665070000000000,0.506650700000,0.9867858985152569,0.9867858985152569,0.9867858985152569,0E-17,ELIGIBLE,R03b_20260811_FULL_v1,L1_ELIGIBILITY,v2026-08-11,2026-03-21..2026-08-06,baccarat_bet02_101_all_pairs_incl_sentinel,round_win = game_pnl > 0 (decisive only),COMPATIBILITY_ONLY_NOT_PRODUCTION,268817.8208,244366.2908,168.7661,6248,5610,-0.00062781,-0.08642944,0.00436428,-0.00062781,-168.7661,268817.8208,OK,0.0000,6.7506,4.0000,96.0000,AG03-UNRESOLVED,ALL5_LEVELS_bet23_to_bet27,6.7506,6.7506,6.7506,8.4383,8.4383,4.000000,4.000000,4.000000,5.000000,5.000000,96.000000,96.000000,96.000000,95.000000,95.000000,5.0,37.1285,34.0107,131.6376,134.7554,PENDING_AG03,FALSE,NOT_FOR_ENFORCEMENT,162.0155,234591.6392,168.7661,162.0155,6.7506,0.00062781,0.00060270,6.7506,162.0155,0.00060270,6.7506,6.7506,6.7506,8.4383,8.4383,162.0155,0.00060270,37.1285,34.0107,131.6376,134.7554,0.00048969,0.00050129,0.00002511,43.0246,43.5591,0.0301,2.0581,0.0627,3278.2661,68.4146,17.6798,46.9397,25.7155,39.4976,52.6635,77.1466,82.2897,128.5777,31.4111,0.0,2.083411,3.25533,1.089297,30,192,222,8,0.05498276,0.00062781,0.08642944,0E-8,0.000000,0.909041,0.000000,-0.09079372,2026-03-23,2026-08-06,82,2690,1181,137,0.598540,0.376650,0.410924,0.183276,,,,,,,,GLOBAL_BASELINE_NO_ENTITY_RANKING,,,NOT_APPLICABLE_GLOBAL_BASELINE,HF9g-P5,,,,X 全窗基线 · 不参与实体赏罚,6877404,688,A168_HF9F_20260827_0900,2026-08-27 09:00:00
2026-05-23,70460261,1363,0,51.8914431010,49.2968709460,49.2968709460,1.0000000,1,1,0.50665070000000000,0.506650700000,0.9867858985152569,0.9867858985152569,0.9867858985152569,0E-17,ELIGIBLE,R03b_20260811_FULL_v1,L1_ELIGIBILITY,v2026-08-11,2026-03-21..2026-08-06,baccarat_bet02_101_all_pairs_incl_sentinel,round_win = game_pnl > 0 (decisive only),COMPATIBILITY_ONLY_NOT_PRODUCTION,268817.8208,244366.2908,168.7661,6248,5610,-0.00062781,-0.08642944,0.00436428,-0.00062781,-168.7661,268817.8208,OK,0.0000,6.7506,4.0000,96.0000,AG03-UNRESOLVED,ALL5_LEVELS_bet23_to_bet27,6.7506,6.7506,6.7506,8.4383,8.4383,4.000000,4.000000,4.000000,5.000000,5.000000,96.000000,96.000000,96.000000,95.000000,95.000000,5.0,37.1285,34.0107,131.6376,134.7554,PENDING_AG03,FALSE,NOT_FOR_ENFORCEMENT,162.0155,234591.6392,168.7661,162.0155,6.7506,0.00062781,0.00060270,6.7506,162.0155,0.00060270,6.7506,6.7506,6.7506,8.4383,8.4383,162.0155,0.00060270,37.1285,34.0107,131.6376,134.7554,0.00048969,0.00050129,0.00002511,43.0246,43.5591,0.0301,2.0581,0.0627,3278.2661,68.4146,17.6798,46.9397,25.7155,39.4976,52.6635,77.1466,82.2897,128.5777,31.4111,0.0,2.083411,3.25533,1.089297,30,192,222,8,0.05498276,0.00062781,0.08642944,0E-8,0.000000,0.909041,0.000000,-0.09079372,2026-03-23,2026-08-06,82,2690,1181,137,0.598540,0.376650,0.410924,0.183276,,,,,,,,GLOBAL_BASELINE_NO_ENTITY_RANKING,,,NOT_APPLICABLE_GLOBAL_BASELINE,HF9g-P5,,,,X 全窗基线 · 不参与实体赏罚,6877405,688,A168_HF9F_20260827_0900,2026-08-27 09:00:00
2026-05-23,70460261,1385,0,25.9457215505,24.6484354730,24.6484354730,1.0000000,1,1,0.50665070000000000,0.506650700000,0.9867858985152569,0.9867858985152569,0.9867858985152569,0E-17,ELIGIBLE,R03b_20260811_FULL_v1,L1_ELIGIBILITY,v2026-08-11,2026-03-21..2026-08-06,baccarat_bet02_101_all_pairs_incl_sentinel,round_win = game_pnl > 0 (decisive only),COMPATIBILITY_ONLY_NOT_PRODUCTION,268817.8208,244366.2908,168.7661,6248,5610,-0.00062781,-0.08642944,0.00436428,-0.00062781,-168.7661,268817.8208,OK,0.0000,6.7506,4.0000,96.0000,AG03-UNRESOLVED,ALL5_LEVELS_bet23_to_bet27,6.7506,6.7506,6.7506,8.4383,8.4383,4.000000,4.000000,4.000000,5.000000,5.000000,96.000000,96.000000,96.000000,95.000000,95.000000,5.0,37.1285,34.0107,131.6376,134.7554,PENDING_AG03,FALSE,NOT_FOR_ENFORCEMENT,162.0155,234591.6392,168.7661,162.0155,6.7506,0.00062781,0.00060270,6.7506,162.0155,0.00060270,6.7506,6.7506,6.7506,8.4383,8.4383,162.0155,0.00060270,37.1285,34.0107,131.6376,134.7554,0.00048969,0.00050129,0.00002511,43.0246,43.5591,0.0301,2.0581,0.0627,3278.2661,68.4146,17.6798,46.9397,25.7155,39.4976,52.6635,77.1466,82.2897,128.5777,31.4111,0.0,2.083411,3.25533,1.089297,30,192,222,8,0.05498276,0.00062781,0.08642944,0E-8,0.000000,0.909041,0.000000,-0.09079372,2026-03-23,2026-08-06,82,2690,1181,137,0.598540,0.376650,0.410924,0.183276,,,,,,,,GLOBAL_BASELINE_NO_ENTITY_RANKING,,,NOT_APPLICABLE_GLOBAL_BASELINE,HF9g-P5,,,,X 全窗基线 · 不参与实体赏罚,6877406,688,A168_HF9F_20260827_0900,2026-08-27 09:00:00
2026-05-23,70460261,1400,0,207.5657724041,-116.4962897618,-116.4962897618,0.3333333,3,3,0.50665070000000000,0.506650700000,-0.6004420894325239,-0.6004420894325239,-0.6004420894325239,0E-17,ELIGIBLE,R03b_20260811_FULL_v1,L1_ELIGIBILITY,v2026-08-11,2026-03-21..2026-08-06,baccarat_bet02_101_all_pairs_incl_sentinel,round_win = game_pnl > 0 (decisive only),COMPATIBILITY_ONLY_NOT_PRODUCTION,268817.8208,244366.2908,168.7661,6248,5610,-0.00062781,-0.08642944,0.00436428,-0.00062781,-168.7661,268817.8208,OK,0.0000,6.7506,4.0000,96.0000,AG03-UNRESOLVED,ALL5_LEVELS_bet23_to_bet27,6.7506,6.7506,6.7506,8.4383,8.4383,4.000000,4.000000,4.000000,5.000000,5.000000,96.000000,96.000000,96.000000,95.000000,95.000000,5.0,37.1285,34.0107,131.6376,134.7554,PENDING_AG03,FALSE,NOT_FOR_ENFORCEMENT,162.0155,234591.6392,168.7661,162.0155,6.7506,0.00062781,0.00060270,6.7506,162.0155,0.00060270,6.7506,6.7506,6.7506,8.4383,8.4383,162.0155,0.00060270,37.1285,34.0107,131.6376,134.7554,0.00048969,0.00050129,0.00002511,43.0246,43.5591,0.0301,2.0581,0.0627,3278.2661,68.4146,17.6798,46.9397,25.7155,39.4976,52.6635,77.1466,82.2897,128.5777,31.4111,0.0,2.083411,3.25533,1.089297,30,192,222,8,0.05498276,0.00062781,0.08642944,0E-8,0.000000,0.909041,0.000000,-0.09079372,2026-03-23,2026-08-06,82,2690,1181,137,0.598540,0.376650,0.410924,0.183276,,,,,,,,GLOBAL_BASELINE_NO_ENTITY_RANKING,,,NOT_APPLICABLE_GLOBAL_BASELINE,HF9g-P5,,,,X 全窗基线 · 不参与实体赏罚,6877407,688,A168_HF9F_20260827_0900,2026-08-27 09:00:00
2026-05-23,70460261,1505,0,376.2129624824,28.5402937057,28.5402937057,0.4000000,5,5,0.50665070000000000,0.506650700000,-0.4769986289884125,-0.4769986289884125,-0.4769986289884125,0E-17,ELIGIBLE,R03b_20260811_FULL_v1,L1_ELIGIBILITY,v2026-08-11,2026-03-21..2026-08-06,baccarat_bet02_101_all_pairs_incl_sentinel,round_win = game_pnl > 0 (decisive only),COMPATIBILITY_ONLY_NOT_PRODUCTION,268817.8208,244366.2908,168.7661,6248,5610,-0.00062781,-0.08642944,0.00436428,-0.00062781,-168.7661,268817.8208,OK,0.0000,6.7506,4.0000,96.0000,AG03-UNRESOLVED,ALL5_LEVELS_bet23_to_bet27,6.7506,6.7506,6.7506,8.4383,8.4383,4.000000,4.000000,4.000000,5.000000,5.000000,96.000000,96.000000,96.000000,95.000000,95.000000,5.0,37.1285,34.0107,131.6376,134.7554,PENDING_AG03,FALSE,NOT_FOR_ENFORCEMENT,162.0155,234591.6392,168.7661,162.0155,6.7506,0.00062781,0.00060270,6.7506,162.0155,0.00060270,6.7506,6.7506,6.7506,8.4383,8.4383,162.0155,0.00060270,37.1285,34.0107,131.6376,134.7554,0.00048969,0.00050129,0.00002511,43.0246,43.5591,0.0301,2.0581,0.0627,3278.2661,68.4146,17.6798,46.9397,25.7155,39.4976,52.6635,77.1466,82.2897,128.5777,31.4111,0.0,2.083411,3.25533,1.089297,30,192,222,8,0.05498276,0.00062781,0.08642944,0E-8,0.000000,0.909041,0.000000,-0.09079372,2026-03-23,2026-08-06,82,2690,1181,137,0.598540,0.376650,0.410924,0.183276,,,,,,,,GLOBAL_BASELINE_NO_ENTITY_RANKING,,,NOT_APPLICABLE_GLOBAL_BASELINE,HF9g-P5,,,,X 全窗基线 · 不参与实体赏罚,6877408,688,A168_HF9F_20260827_0900,2026-08-27 09:00:00
2026-05-23,70460261,1509,0,103.7828862020,0E-10,0E-10,0.5000000,2,2,0.49324550000000000,0.493245500000,0.01910635448239258,0.01910635448239258,0.01910635448239258,0E-17,ELIGIBLE,R03b_20260811_FULL_v1,L1_ELIGIBILITY,v2026-08-11,2026-03-21..2026-08-06,baccarat_bet02_101_all_pairs_incl_sentinel,round_win = game_pnl > 0 (decisive only),COMPATIBILITY_ONLY_NOT_PRODUCTION,268817.8208,244366.2908,168.7661,6248,5610,-0.00062781,-0.08642944,0.00436428,-0.00062781,-168.7661,268817.8208,OK,0.0000,6.7506,4.0000,96.0000,AG03-UNRESOLVED,ALL5_LEVELS_bet23_to_bet27,6.7506,6.7506,6.7506,8.4383,8.4383,4.000000,4.000000,4.000000,5.000000,5.000000,96.000000,96.000000,96.000000,95.000000,95.000000,5.0,37.1285,34.0107,131.6376,134.7554,PENDING_AG03,FALSE,NOT_FOR_ENFORCEMENT,162.0155,234591.6392,168.7661,162.0155,6.7506,0.00062781,0.00060270,6.7506,162.0155,0.00060270,6.7506,6.7506,6.7506,8.4383,8.4383,162.0155,0.00060270,37.1285,34.0107,131.6376,134.7554,0.00048969,0.00050129,0.00002511,43.0246,43.5591,0.0301,2.0581,0.0627,3278.2661,68.4146,17.6798,46.9397,25.7155,39.4976,52.6635,77.1466,82.2897,128.5777,31.4111,0.0,2.083411,3.25533,1.089297,30,192,222,8,0.05498276,0.00062781,0.08642944,0E-8,0.000000,0.909041,0.000000,-0.09079372,2026-03-23,2026-08-06,82,2690,1181,137,0.598540,0.376650,0.410924,0.183276,,,,,,,,GLOBAL_BASELINE_NO_ENTITY_RANKING,,,NOT_APPLICABLE_GLOBAL_BASELINE,HF9g-P5,,,,X 全窗基线 · 不参与实体赏罚,6877409,688,A168_HF9F_20260827_0900,2026-08-27 09:00:00
2026-05-23,70460261,1623,0,407.3478283431,289.4245238961,289.4245238961,0.8750000,8,8,0.49994810000000000,0.499948100000,2.1216139457247922,2.1216139457247922,2.1216139457247922,0E-17,ELIGIBLE,R03b_20260811_FULL_v1,L1_ELIGIBILITY,v2026-08-11,2026-03-21..2026-08-06,baccarat_bet02_101_all_pairs_incl_sentinel,round_win = game_pnl > 0 (decisive only),COMPATIBILITY_ONLY_NOT_PRODUCTION,268817.8208,244366.2908,168.7661,6248,5610,-0.00062781,-0.08642944,0.00436428,-0.00062781,-168.7661,268817.8208,OK,0.0000,6.7506,4.0000,96.0000,AG03-UNRESOLVED,ALL5_LEVELS_bet23_to_bet27,6.7506,6.7506,6.7506,8.4383,8.4383,4.000000,4.000000,4.000000,5.000000,5.000000,96.000000,96.000000,96.000000,95.000000,95.000000,5.0,37.1285,34.0107,131.6376,134.7554,PENDING_AG03,FALSE,NOT_FOR_ENFORCEMENT,162.0155,234591.6392,168.7661,162.0155,6.7506,0.00062781,0.00060270,6.7506,162.0155,0.00060270,6.7506,6.7506,6.7506,8.4383,8.4383,162.0155,0.00060270,37.1285,34.0107,131.6376,134.7554,0.00048969,0.00050129,0.00002511,43.0246,43.5591,0.0301,2.0581,0.0627,3278.2661,68.4146,17.6798,46.9397,25.7155,39.4976,52.6635,77.1466,82.2897,128.5777,31.4111,0.0,2.083411,3.25533,1.089297,30,192,222,8,0.05498276,0.00062781,0.08642944,0E-8,0.000000,0.909041,0.000000,-0.09079372,2026-03-23,2026-08-06,82,2690,1181,137,0.598540,0.376650,0.410924,0.183276,,,,,,,,GLOBAL_BASELINE_NO_ENTITY_RANKING,,,NOT_APPLICABLE_GLOBAL_BASELINE,HF9g-P5,,,,X 全窗基线 · 不参与实体赏罚,6877410,688,A168_HF9F_20260827_0900,2026-08-27 09:00:00
2026-05-23,70460261,1710,0,347.6726687769,77.4479788284,77.4479788284,0.6666667,4,4,0.50665070000000000,0.506650700000,0.5543606114942035,0.5543606114942035,0.5543606114942035,0E-17,ELIGIBLE,R03b_20260811_FULL_v1,L1_ELIGIBILITY,v2026-08-11,2026-03-21..2026-08-06,baccarat_bet02_101_all_pairs_incl_sentinel,round_win = game_pnl > 0 (decisive only),COMPATIBILITY_ONLY_NOT_PRODUCTION,268817.8208,244366.2908,168.7661,6248,5610,-0.00062781,-0.08642944,0.00436428,-0.00062781,-168.7661,268817.8208,OK,0.0000,6.7506,4.0000,96.0000,AG03-UNRESOLVED,ALL5_LEVELS_bet23_to_bet27,6.7506,6.7506,6.7506,8.4383,8.4383,4.000000,4.000000,4.000000,5.000000,5.000000,96.000000,96.000000,96.000000,95.000000,95.000000,5.0,37.1285,34.0107,131.6376,134.7554,PENDING_AG03,FALSE,NOT_FOR_ENFORCEMENT,162.0155,234591.6392,168.7661,162.0155,6.7506,0.00062781,0.00060270,6.7506,162.0155,0.00060270,6.7506,6.7506,6.7506,8.4383,8.4383,162.0155,0.00060270,37.1285,34.0107,131.6376,134.7554,0.00048969,0.00050129,0.00002511,43.0246,43.5591,0.0301,2.0581,0.0627,3278.2661,68.4146,17.6798,46.9397,25.7155,39.4976,52.6635,77.1466,82.2897,128.5777,31.4111,0.0,2.083411,3.25533,1.089297,30,192,222,8,0.05498276,0.00062781,0.08642944,0E-8,0.000000,0.909041,0.000000,-0.09079372,2026-03-23,2026-08-06,82,2690,1181,137,0.598540,0.376650,0.410924,0.183276,,,,,,,,GLOBAL_BASELINE_NO_ENTITY_RANKING,,,NOT_APPLICABLE_GLOBAL_BASELINE,HF9g-P5,,,,X 全窗基线 · 不参与实体赏罚,6877411,688,A168_HF9F_20260827_0900,2026-08-27 09:00:00
2026-05-23,70460261,1750,0,51.8914431010,49.2968709460,49.2968709460,1.0000000,1,1,0.50665070000000000,0.506650700000,0.9867858985152569,0.9867858985152569,0.9867858985152569,0E-17,ELIGIBLE,R03b_20260811_FULL_v1,L1_ELIGIBILITY,v2026-08-11,2026-03-21..2026-08-06,baccarat_bet02_101_all_pairs_incl_sentinel,round_win = game_pnl > 0 (decisive only),COMPATIBILITY_ONLY_NOT_PRODUCTION,268817.8208,244366.2908,168.7661,6248,5610,-0.00062781,-0.08642944,0.00436428,-0.00062781,-168.7661,268817.8208,OK,0.0000,6.7506,4.0000,96.0000,AG03-UNRESOLVED,ALL5_LEVELS_bet23_to_bet27,6.7506,6.7506,6.7506,8.4383,8.4383,4.000000,4.000000,4.000000,5.000000,5.000000,96.000000,96.000000,96.000000,95.000000,95.000000,5.0,37.1285,34.0107,131.6376,134.7554,PENDING_AG03,FALSE,NOT_FOR_ENFORCEMENT,162.0155,234591.6392,168.7661,162.0155,6.7506,0.00062781,0.00060270,6.7506,162.0155,0.00060270,6.7506,6.7506,6.7506,8.4383,8.4383,162.0155,0.00060270,37.1285,34.0107,131.6376,134.7554,0.00048969,0.00050129,0.00002511,43.0246,43.5591,0.0301,2.0581,0.0627,3278.2661,68.4146,17.6798,46.9397,25.7155,39.4976,52.6635,77.1466,82.2897,128.5777,31.4111,0.0,2.083411,3.25533,1.089297,30,192,222,8,0.05498276,0.00062781,0.08642944,0E-8,0.000000,0.909041,0.000000,-0.09079372,2026-03-23,2026-08-06,82,2690,1181,137,0.598540,0.376650,0.410924,0.183276,,,,,,,,GLOBAL_BASELINE_NO_ENTITY_RANKING,,,NOT_APPLICABLE_GLOBAL_BASELINE,HF9g-P5,,,,X 全窗基线 · 不参与实体赏罚,6877412,688,A168_HF9F_20260827_0900,2026-08-27 09:00:00
2026-05-23,70460261,1942,0,163.4580457682,44.3671838514,44.3671838514,1.0000000,3,3,0.50218230000000000,0.502182300000,0.99564488342984,0.99564488342984,0.99564488342984,0E-17,ELIGIBLE,R03b_20260811_FULL_v1,L1_ELIGIBILITY,v2026-08-11,2026-03-21..2026-08-06,baccarat_bet02_101_all_pairs_incl_sentinel,round_win = game_pnl > 0 (decisive only),COMPATIBILITY_ONLY_NOT_PRODUCTION,268817.8208,244366.2908,168.7661,6248,5610,-0.00062781,-0.08642944,0.00436428,-0.00062781,-168.7661,268817.8208,OK,0.0000,6.7506,4.0000,96.0000,AG03-UNRESOLVED,ALL5_LEVELS_bet23_to_bet27,6.7506,6.7506,6.7506,8.4383,8.4383,4.000000,4.000000,4.000000,5.000000,5.000000,96.000000,96.000000,96.000000,95.000000,95.000000,5.0,37.1285,34.0107,131.6376,134.7554,PENDING_AG03,FALSE,NOT_FOR_ENFORCEMENT,162.0155,234591.6392,168.7661,162.0155,6.7506,0.00062781,0.00060270,6.7506,162.0155,0.00060270,6.7506,6.7506,6.7506,8.4383,8.4383,162.0155,0.00060270,37.1285,34.0107,131.6376,134.7554,0.00048969,0.00050129,0.00002511,43.0246,43.5591,0.0301,2.0581,0.0627,3278.2661,68.4146,17.6798,46.9397,25.7155,39.4976,52.6635,77.1466,82.2897,128.5777,31.4111,0.0,2.083411,3.25533,1.089297,30,192,222,8,0.05498276,0.00062781,0.08642944,0E-8,0.000000,0.909041,0.000000,-0.09079372,2026-03-23,2026-08-06,82,2690,1181,137,0.598540,0.376650,0.410924,0.183276,,,,,,,,GLOBAL_BASELINE_NO_ENTITY_RANKING,,,NOT_APPLICABLE_GLOBAL_BASELINE,HF9g-P5,,,,X 全窗基线 · 不参与实体赏罚,6877413,688,A168_HF9F_20260827_0900,2026-08-27 09:00:00
2026-05-23,70460261,1951,0,129.7286077526,-129.7286077526,-129.7286077526,0E-7,1,1,0.50665070000000000,0.506650700000,-1.013391052207602,-1.013391052207602,-1.013391052207602,0E-17,ELIGIBLE,R03b_20260811_FULL_v1,L1_ELIGIBILITY,v2026-08-11,2026-03-21..2026-08-06,baccarat_bet02_101_all_pairs_incl_sentinel,round_win = game_pnl > 0 (decisive only),COMPATIBILITY_ONLY_NOT_PRODUCTION,268817.8208,244366.2908,168.7661,6248,5610,-0.00062781,-0.08642944,0.00436428,-0.00062781,-168.7661,268817.8208,OK,0.0000,6.7506,4.0000,96.0000,AG03-UNRESOLVED,ALL5_LEVELS_bet23_to_bet27,6.7506,6.7506,6.7506,8.4383,8.4383,4.000000,4.000000,4.000000,5.000000,5.000000,96.000000,96.000000,96.000000,95.000000,95.000000,5.0,37.1285,34.0107,131.6376,134.7554,PENDING_AG03,FALSE,NOT_FOR_ENFORCEMENT,162.0155,234591.6392,168.7661,162.0155,6.7506,0.00062781,0.00060270,6.7506,162.0155,0.00060270,6.7506,6.7506,6.7506,8.4383,8.4383,162.0155,0.00060270,37.1285,34.0107,131.6376,134.7554,0.00048969,0.00050129,0.00002511,43.0246,43.5591,0.0301,2.0581,0.0627,3278.2661,68.4146,17.6798,46.9397,25.7155,39.4976,52.6635,77.1466,82.2897,128.5777,31.4111,0.0,2.083411,3.25533,1.089297,30,192,222,8,0.05498276,0.00062781,0.08642944,0E-8,0.000000,0.909041,0.000000,-0.09079372,2026-03-23,2026-08-06,82,2690,1181,137,0.598540,0.376650,0.410924,0.183276,,,,,,,,GLOBAL_BASELINE_NO_ENTITY_RANKING,,,NOT_APPLICABLE_GLOBAL_BASELINE,HF9g-P5,,,,X 全窗基线 · 不参与实体赏罚,6877414,688,A168_HF9F_20260827_0900,2026-08-27 09:00:00
2026-05-23,70460261,1957,0,38.9185823258,-38.9185823258,-38.9185823258,0E-7,1,1,0.50665070000000000,0.506650700000,-1.013391052207602,-1.013391052207602,-1.013391052207602,0E-17,ELIGIBLE,R03b_20260811_FULL_v1,L1_ELIGIBILITY,v2026-08-11,2026-03-21..2026-08-06,baccarat_bet02_101_all_pairs_incl_sentinel,round_win = game_pnl > 0 (decisive only),COMPATIBILITY_ONLY_NOT_PRODUCTION,268817.8208,244366.2908,168.7661,6248,5610,-0.00062781,-0.08642944,0.00436428,-0.00062781,-168.7661,268817.8208,OK,0.0000,6.7506,4.0000,96.0000,AG03-UNRESOLVED,ALL5_LEVELS_bet23_to_bet27,6.7506,6.7506,6.7506,8.4383,8.4383,4.000000,4.000000,4.000000,5.000000,5.000000,96.000000,96.000000,96.000000,95.000000,95.000000,5.0,37.1285,34.0107,131.6376,134.7554,PENDING_AG03,FALSE,NOT_FOR_ENFORCEMENT,162.0155,234591.6392,168.7661,162.0155,6.7506,0.00062781,0.00060270,6.7506,162.0155,0.00060270,6.7506,6.7506,6.7506,8.4383,8.4383,162.0155,0.00060270,37.1285,34.0107,131.6376,134.7554,0.00048969,0.00050129,0.00002511,43.0246,43.5591,0.0301,2.0581,0.0627,3278.2661,68.4146,17.6798,46.9397,25.7155,39.4976,52.6635,77.1466,82.2897,128.5777,31.4111,0.0,2.083411,3.25533,1.089297,30,192,222,8,0.05498276,0.00062781,0.08642944,0E-8,0.000000,0.909041,0.000000,-0.09079372,2026-03-23,2026-08-06,82,2690,1181,137,0.598540,0.376650,0.410924,0.183276,,,,,,,,GLOBAL_BASELINE_NO_ENTITY_RANKING,,,NOT_APPLICABLE_GLOBAL_BASELINE,HF9g-P5,,,,X 全窗基线 · 不参与实体赏罚,6877415,688,A168_HF9F_20260827_0900,2026-08-27 09:00:00
2026-05-23,70460261,1963,0,46.7022987909,44.3671838514,44.3671838514,1.0000000,1,1,0.50665070000000000,0.506650700000,0.9867858985152569,0.9867858985152569,0.9867858985152569,0E-17,ELIGIBLE,R03b_20260811_FULL_v1,L1_ELIGIBILITY,v2026-08-11,2026-03-21..2026-08-06,baccarat_bet02_101_all_pairs_incl_sentinel,round_win = game_pnl > 0 (decisive only),COMPATIBILITY_ONLY_NOT_PRODUCTION,268817.8208,244366.2908,168.7661,6248,5610,-0.00062781,-0.08642944,0.00436428,-0.00062781,-168.7661,268817.8208,OK,0.0000,6.7506,4.0000,96.0000,AG03-UNRESOLVED,ALL5_LEVELS_bet23_to_bet27,6.7506,6.7506,6.7506,8.4383,8.4383,4.000000,4.000000,4.000000,5.000000,5.000000,96.000000,96.000000,96.000000,95.000000,95.000000,5.0,37.1285,34.0107,131.6376,134.7554,PENDING_AG03,FALSE,NOT_FOR_ENFORCEMENT,162.0155,234591.6392,168.7661,162.0155,6.7506,0.00062781,0.00060270,6.7506,162.0155,0.00060270,6.7506,6.7506,6.7506,8.4383,8.4383,162.0155,0.00060270,37.1285,34.0107,131.6376,134.7554,0.00048969,0.00050129,0.00002511,43.0246,43.5591,0.0301,2.0581,0.0627,3278.2661,68.4146,17.6798,46.9397,25.7155,39.4976,52.6635,77.1466,82.2897,128.5777,31.4111,0.0,2.083411,3.25533,1.089297,30,192,222,8,0.05498276,0.00062781,0.08642944,0E-8,0.000000,0.909041,0.000000,-0.09079372,2026-03-23,2026-08-06,82,2690,1181,137,0.598540,0.376650,0.410924,0.183276,,,,,,,,GLOBAL_BASELINE_NO_ENTITY_RANKING,,,NOT_APPLICABLE_GLOBAL_BASELINE,HF9g-P5,,,,X 全窗基线 · 不参与实体赏罚,6877416,688,A168_HF9F_20260827_0900,2026-08-27 09:00:00
2026-05-23,70460261,1985,0,319.1323750712,-49.0374137303,-49.0374137303,0.5000000,6,6,0.50441650000000000,0.504416500000,-0.02163718700157003,-0.02163718700157003,-0.02163718700157003,0E-17,ELIGIBLE,R03b_20260811_FULL_v1,L1_ELIGIBILITY,v2026-08-11,2026-03-21..2026-08-06,baccarat_bet02_101_all_pairs_incl_sentinel,round_win = game_pnl > 0 (decisive only),COMPATIBILITY_ONLY_NOT_PRODUCTION,268817.8208,244366.2908,168.7661,6248,5610,-0.00062781,-0.08642944,0.00436428,-0.00062781,-168.7661,268817.8208,OK,0.0000,6.7506,4.0000,96.0000,AG03-UNRESOLVED,ALL5_LEVELS_bet23_to_bet27,6.7506,6.7506,6.7506,8.4383,8.4383,4.000000,4.000000,4.000000,5.000000,5.000000,96.000000,96.000000,96.000000,95.000000,95.000000,5.0,37.1285,34.0107,131.6376,134.7554,PENDING_AG03,FALSE,NOT_FOR_ENFORCEMENT,162.0155,234591.6392,168.7661,162.0155,6.7506,0.00062781,0.00060270,6.7506,162.0155,0.00060270,6.7506,6.7506,6.7506,8.4383,8.4383,162.0155,0.00060270,37.1285,34.0107,131.6376,134.7554,0.00048969,0.00050129,0.00002511,43.0246,43.5591,0.0301,2.0581,0.0627,3278.2661,68.4146,17.6798,46.9397,25.7155,39.4976,52.6635,77.1466,82.2897,128.5777,31.4111,0.0,2.083411,3.25533,1.089297,30,192,222,8,0.05498276,0.00062781,0.08642944,0E-8,0.000000,0.909041,0.000000,-0.09079372,2026-03-23,2026-08-06,82,2690,1181,137,0.598540,0.376650,0.410924,0.183276,,,,,,,,GLOBAL_BASELINE_NO_ENTITY_RANKING,,,NOT_APPLICABLE_GLOBAL_BASELINE,HF9g-P5,,,,X 全窗基线 · 不参与实体赏罚,6877417,688,A168_HF9F_20260827_0900,2026-08-27 09:00:00
2026-05-23,70460261,2103,0,103.7828862021,98.5937418920,98.5937418920,1.0000000,1,1,0.50665070000000000,0.506650700000,0.9867858985152569,0.9867858985152569,0.9867858985152569,0E-17,ELIGIBLE,R03b_20260811_FULL_v1,L1_ELIGIBILITY,v2026-08-11,2026-03-21..2026-08-06,baccarat_bet02_101_all_pairs_incl_sentinel,round_win = game_pnl > 0 (decisive only),COMPATIBILITY_ONLY_NOT_PRODUCTION,268817.8208,244366.2908,168.7661,6248,5610,-0.00062781,-0.08642944,0.00436428,-0.00062781,-168.7661,268817.8208,OK,0.0000,6.7506,4.0000,96.0000,AG03-UNRESOLVED,ALL5_LEVELS_bet23_to_bet27,6.7506,6.7506,6.7506,8.4383,8.4383,4.000000,4.000000,4.000000,5.000000,5.000000,96.000000,96.000000,96.000000,95.000000,95.000000,5.0,37.1285,34.0107,131.6376,134.7554,PENDING_AG03,FALSE,NOT_FOR_ENFORCEMENT,162.0155,234591.6392,168.7661,162.0155,6.7506,0.00062781,0.00060270,6.7506,162.0155,0.00060270,6.7506,6.7506,6.7506,8.4383,8.4383,162.0155,0.00060270,37.1285,34.0107,131.6376,134.7554,0.00048969,0.00050129,0.00002511,43.0246,43.5591,0.0301,2.0581,0.0627,3278.2661,68.4146,17.6798,46.9397,25.7155,39.4976,52.6635,77.1466,82.2897,128.5777,31.4111,0.0,2.083411,3.25533,1.089297,30,192,222,8,0.05498276,0.00062781,0.08642944,0E-8,0.000000,0.909041,0.000000,-0.09079372,2026-03-23,2026-08-06,82,2690,1181,137,0.598540,0.376650,0.410924,0.183276,,,,,,,,GLOBAL_BASELINE_NO_ENTITY_RANKING,,,NOT_APPLICABLE_GLOBAL_BASELINE,HF9g-P5,,,,X 全窗基线 · 不参与实体赏罚,6877418,688,A168_HF9F_20260827_0900,2026-08-27 09:00:00
2026-05-23,70460261,2115,0,168.6471900783,-57.3400446266,-57.3400446266,0.3333333,3,3,0.50665070000000000,0.506650700000,-0.6004420894325239,-0.6004420894325239,-0.6004420894325239,0E-17,ELIGIBLE,R03b_20260811_FULL_v1,L1_ELIGIBILITY,v2026-08-11,2026-03-21..2026-08-06,baccarat_bet02_101_all_pairs_incl_sentinel,round_win = game_pnl > 0 (decisive only),COMPATIBILITY_ONLY_NOT_PRODUCTION,268817.8208,244366.2908,168.7661,6248,5610,-0.00062781,-0.08642944,0.00436428,-0.00062781,-168.7661,268817.8208,OK,0.0000,6.7506,4.0000,96.0000,AG03-UNRESOLVED,ALL5_LEVELS_bet23_to_bet27,6.7506,6.7506,6.7506,8.4383,8.4383,4.000000,4.000000,4.000000,5.000000,5.000000,96.000000,96.000000,96.000000,95.000000,95.000000,5.0,37.1285,34.0107,131.6376,134.7554,PENDING_AG03,FALSE,NOT_FOR_ENFORCEMENT,162.0155,234591.6392,168.7661,162.0155,6.7506,0.00062781,0.00060270,6.7506,162.0155,0.00060270,6.7506,6.7506,6.7506,8.4383,8.4383,162.0155,0.00060270,37.1285,34.0107,131.6376,134.7554,0.00048969,0.00050129,0.00002511,43.0246,43.5591,0.0301,2.0581,0.0627,3278.2661,68.4146,17.6798,46.9397,25.7155,39.4976,52.6635,77.1466,82.2897,128.5777,31.4111,0.0,2.083411,3.25533,1.089297,30,192,222,8,0.05498276,0.00062781,0.08642944,0E-8,0.000000,0.909041,0.000000,-0.09079372,2026-03-23,2026-08-06,82,2690,1181,137,0.598540,0.376650,0.410924,0.183276,,,,,,,,GLOBAL_BASELINE_NO_ENTITY_RANKING,,,NOT_APPLICABLE_GLOBAL_BASELINE,HF9g-P5,,,,X 全窗基线 · 不参与实体赏罚,6877419,688,A168_HF9F_20260827_0900,2026-08-27 09:00:00
2026-05-23,70460261,2142,0,36.3240101707,-36.3240101707,-36.3240101707,0E-7,1,1,0.50665070000000000,0.506650700000,-1.013391052207602,-1.013391052207602,-1.013391052207602,0E-17,ELIGIBLE,R03b_20260811_FULL_v1,L1_ELIGIBILITY,v2026-08-11,2026-03-21..2026-08-06,baccarat_bet02_101_all_pairs_incl_sentinel,round_win = game_pnl > 0 (decisive only),COMPATIBILITY_ONLY_NOT_PRODUCTION,268817.8208,244366.2908,168.7661,6248,5610,-0.00062781,-0.08642944,0.00436428,-0.00062781,-168.7661,268817.8208,OK,0.0000,6.7506,4.0000,96.0000,AG03-UNRESOLVED,ALL5_LEVELS_bet23_to_bet27,6.7506,6.7506,6.7506,8.4383,8.4383,4.000000,4.000000,4.000000,5.000000,5.000000,96.000000,96.000000,96.000000,95.000000,95.000000,5.0,37.1285,34.0107,131.6376,134.7554,PENDING_AG03,FALSE,NOT_FOR_ENFORCEMENT,162.0155,234591.6392,168.7661,162.0155,6.7506,0.00062781,0.00060270,6.7506,162.0155,0.00060270,6.7506,6.7506,6.7506,8.4383,8.4383,162.0155,0.00060270,37.1285,34.0107,131.6376,134.7554,0.00048969,0.00050129,0.00002511,43.0246,43.5591,0.0301,2.0581,0.0627,3278.2661,68.4146,17.6798,46.9397,25.7155,39.4976,52.6635,77.1466,82.2897,128.5777,31.4111,0.0,2.083411,3.25533,1.089297,30,192,222,8,0.05498276,0.00062781,0.08642944,0E-8,0.000000,0.909041,0.000000,-0.09079372,2026-03-23,2026-08-06,82,2690,1181,137,0.598540,0.376650,0.410924,0.183276,,,,,,,,GLOBAL_BASELINE_NO_ENTITY_RANKING,,,NOT_APPLICABLE_GLOBAL_BASELINE,HF9g-P5,,,,X 全窗基线 · 不参与实体赏罚,6877420,688,A168_HF9F_20260827_0900,2026-08-27 09:00:00
2026-05-23,70460261,2147,0,54.4860152561,-54.4860152561,-54.4860152561,0E-7,1,1,0.50665070000000000,0.506650700000,-1.013391052207602,-1.013391052207602,-1.013391052207602,0E-17,ELIGIBLE,R03b_20260811_FULL_v1,L1_ELIGIBILITY,v2026-08-11,2026-03-21..2026-08-06,baccarat_bet02_101_all_pairs_incl_sentinel,round_win = game_pnl > 0 (decisive only),COMPATIBILITY_ONLY_NOT_PRODUCTION,268817.8208,244366.2908,168.7661,6248,5610,-0.00062781,-0.08642944,0.00436428,-0.00062781,-168.7661,268817.8208,OK,0.0000,6.7506,4.0000,96.0000,AG03-UNRESOLVED,ALL5_LEVELS_bet23_to_bet27,6.7506,6.7506,6.7506,8.4383,8.4383,4.000000,4.000000,4.000000,5.000000,5.000000,96.000000,96.000000,96.000000,95.000000,95.000000,5.0,37.1285,34.0107,131.6376,134.7554,PENDING_AG03,FALSE,NOT_FOR_ENFORCEMENT,162.0155,234591.6392,168.7661,162.0155,6.7506,0.00062781,0.00060270,6.7506,162.0155,0.00060270,6.7506,6.7506,6.7506,8.4383,8.4383,162.0155,0.00060270,37.1285,34.0107,131.6376,134.7554,0.00048969,0.00050129,0.00002511,43.0246,43.5591,0.0301,2.0581,0.0627,3278.2661,68.4146,17.6798,46.9397,25.7155,39.4976,52.6635,77.1466,82.2897,128.5777,31.4111,0.0,2.083411,3.25533,1.089297,30,192,222,8,0.05498276,0.00062781,0.08642944,0E-8,0.000000,0.909041,0.000000,-0.09079372,2026-03-23,2026-08-06,82,2690,1181,137,0.598540,0.376650,0.410924,0.183276,,,,,,,,GLOBAL_BASELINE_NO_ENTITY_RANKING,,,NOT_APPLICABLE_GLOBAL_BASELINE,HF9g-P5,,,,X 全窗基线 · 不参与实体赏罚,6877421,688,A168_HF9F_20260827_0900,2026-08-27 09:00:00
2026-05-23,70460261,2152,0,80.4317368066,-80.4317368066,-80.4317368066,0E-7,1,1,0.50665070000000000,0.506650700000,-1.013391052207602,-1.013391052207602,-1.013391052207602,0E-17,ELIGIBLE,R03b_20260811_FULL_v1,L1_ELIGIBILITY,v2026-08-11,2026-03-21..2026-08-06,baccarat_bet02_101_all_pairs_incl_sentinel,round_win = game_pnl > 0 (decisive only),COMPATIBILITY_ONLY_NOT_PRODUCTION,268817.8208,244366.2908,168.7661,6248,5610,-0.00062781,-0.08642944,0.00436428,-0.00062781,-168.7661,268817.8208,OK,0.0000,6.7506,4.0000,96.0000,AG03-UNRESOLVED,ALL5_LEVELS_bet23_to_bet27,6.7506,6.7506,6.7506,8.4383,8.4383,4.000000,4.000000,4.000000,5.000000,5.000000,96.000000,96.000000,96.000000,95.000000,95.000000,5.0,37.1285,34.0107,131.6376,134.7554,PENDING_AG03,FALSE,NOT_FOR_ENFORCEMENT,162.0155,234591.6392,168.7661,162.0155,6.7506,0.00062781,0.00060270,6.7506,162.0155,0.00060270,6.7506,6.7506,6.7506,8.4383,8.4383,162.0155,0.00060270,37.1285,34.0107,131.6376,134.7554,0.00048969,0.00050129,0.00002511,43.0246,43.5591,0.0301,2.0581,0.0627,3278.2661,68.4146,17.6798,46.9397,25.7155,39.4976,52.6635,77.1466,82.2897,128.5777,31.4111,0.0,2.083411,3.25533,1.089297,30,192,222,8,0.05498276,0.00062781,0.08642944,0E-8,0.000000,0.909041,0.000000,-0.09079372,2026-03-23,2026-08-06,82,2690,1181,137,0.598540,0.376650,0.410924,0.183276,,,,,,,,GLOBAL_BASELINE_NO_ENTITY_RANKING,,,NOT_APPLICABLE_GLOBAL_BASELINE,HF9g-P5,,,,X 全窗基线 · 不参与实体赏罚,6877422,688,A168_HF9F_20260827_0900,2026-08-27 09:00:00
2026-05-23,70460261,2154,0,147.8906128379,89.9019251726,89.9019251726,0.6666667,3,3,0.50665070000000000,0.506650700000,0.5543606114942035,0.5543606114942035,0.5543606114942035,0E-17,ELIGIBLE,R03b_20260811_FULL_v1,L1_ELIGIBILITY,v2026-08-11,2026-03-21..2026-08-06,baccarat_bet02_101_all_pairs_incl_sentinel,round_win = game_pnl > 0 (decisive only),COMPATIBILITY_ONLY_NOT_PRODUCTION,268817.8208,244366.2908,168.7661,6248,5610,-0.00062781,-0.08642944,0.00436428,-0.00062781,-168.7661,268817.8208,OK,0.0000,6.7506,4.0000,96.0000,AG03-UNRESOLVED,ALL5_LEVELS_bet23_to_bet27,6.7506,6.7506,6.7506,8.4383,8.4383,4.000000,4.000000,4.000000,5.000000,5.000000,96.000000,96.000000,96.000000,95.000000,95.000000,5.0,37.1285,34.0107,131.6376,134.7554,PENDING_AG03,FALSE,NOT_FOR_ENFORCEMENT,162.0155,234591.6392,168.7661,162.0155,6.7506,0.00062781,0.00060270,6.7506,162.0155,0.00060270,6.7506,6.7506,6.7506,8.4383,8.4383,162.0155,0.00060270,37.1285,34.0107,131.6376,134.7554,0.00048969,0.00050129,0.00002511,43.0246,43.5591,0.0301,2.0581,0.0627,3278.2661,68.4146,17.6798,46.9397,25.7155,39.4976,52.6635,77.1466,82.2897,128.5777,31.4111,0.0,2.083411,3.25533,1.089297,30,192,222,8,0.05498276,0.00062781,0.08642944,0E-8,0.000000,0.909041,0.000000,-0.09079372,2026-03-23,2026-08-06,82,2690,1181,137,0.598540,0.376650,0.410924,0.183276,,,,,,,,GLOBAL_BASELINE_NO_ENTITY_RANKING,,,NOT_APPLICABLE_GLOBAL_BASELINE,HF9g-P5,,,,X 全窗基线 · 不参与实体赏罚,6877423,688,A168_HF9F_20260827_0900,2026-08-27 09:00:00
2026-05-23,70460261,2156,0,83.0263089617,0E-10,0E-10,,1,1,0.50665070000000000,0.506650700000,,,,0E-17,NO_DECISIVE_ROUND,R03b_20260811_FULL_v1,L1_ELIGIBILITY,v2026-08-11,2026-03-21..2026-08-06,baccarat_bet02_101_all_pairs_incl_sentinel,round_win = game_pnl > 0 (decisive only),COMPATIBILITY_ONLY_NOT_PRODUCTION,268817.8208,244366.2908,168.7661,6248,5610,-0.00062781,-0.08642944,0.00436428,-0.00062781,-168.7661,268817.8208,OK,0.0000,6.7506,4.0000,96.0000,AG03-UNRESOLVED,ALL5_LEVELS_bet23_to_bet27,6.7506,6.7506,6.7506,8.4383,8.4383,4.000000,4.000000,4.000000,5.000000,5.000000,96.000000,96.000000,96.000000,95.000000,95.000000,5.0,37.1285,34.0107,131.6376,134.7554,PENDING_AG03,FALSE,NOT_FOR_ENFORCEMENT,162.0155,234591.6392,168.7661,162.0155,6.7506,0.00062781,0.00060270,6.7506,162.0155,0.00060270,6.7506,6.7506,6.7506,8.4383,8.4383,162.0155,0.00060270,37.1285,34.0107,131.6376,134.7554,0.00048969,0.00050129,0.00002511,43.0246,43.5591,0.0301,2.0581,0.0627,3278.2661,68.4146,17.6798,46.9397,25.7155,39.4976,52.6635,77.1466,82.2897,128.5777,31.4111,0.0,2.083411,3.25533,1.089297,30,192,222,8,0.05498276,0.00062781,0.08642944,0E-8,0.000000,0.909041,0.000000,-0.09079372,2026-03-23,2026-08-06,82,2690,1181,137,0.598540,0.376650,0.410924,0.183276,,,,,,,,GLOBAL_BASELINE_NO_ENTITY_RANKING,,,NOT_APPLICABLE_GLOBAL_BASELINE,HF9g-P5,,,,X 全窗基线 · 不参与实体赏罚,6877424,688,A168_HF9F_20260827_0900,2026-08-27 09:00:00
2026-05-23,70460261,2160,0,51.8914431010,49.2968709460,49.2968709460,1.0000000,1,1,0.50665070000000000,0.506650700000,0.9867858985152569,0.9867858985152569,0.9867858985152569,0E-17,ELIGIBLE,R03b_20260811_FULL_v1,L1_ELIGIBILITY,v2026-08-11,2026-03-21..2026-08-06,baccarat_bet02_101_all_pairs_incl_sentinel,round_win = game_pnl > 0 (decisive only),COMPATIBILITY_ONLY_NOT_PRODUCTION,268817.8208,244366.2908,168.7661,6248,5610,-0.00062781,-0.08642944,0.00436428,-0.00062781,-168.7661,268817.8208,OK,0.0000,6.7506,4.0000,96.0000,AG03-UNRESOLVED,ALL5_LEVELS_bet23_to_bet27,6.7506,6.7506,6.7506,8.4383,8.4383,4.000000,4.000000,4.000000,5.000000,5.000000,96.000000,96.000000,96.000000,95.000000,95.000000,5.0,37.1285,34.0107,131.6376,134.7554,PENDING_AG03,FALSE,NOT_FOR_ENFORCEMENT,162.0155,234591.6392,168.7661,162.0155,6.7506,0.00062781,0.00060270,6.7506,162.0155,0.00060270,6.7506,6.7506,6.7506,8.4383,8.4383,162.0155,0.00060270,37.1285,34.0107,131.6376,134.7554,0.00048969,0.00050129,0.00002511,43.0246,43.5591,0.0301,2.0581,0.0627,3278.2661,68.4146,17.6798,46.9397,25.7155,39.4976,52.6635,77.1466,82.2897,128.5777,31.4111,0.0,2.083411,3.25533,1.089297,30,192,222,8,0.05498276,0.00062781,0.08642944,0E-8,0.000000,0.909041,0.000000,-0.09079372,2026-03-23,2026-08-06,82,2690,1181,137,0.598540,0.376650,0.410924,0.183276,,,,,,,,GLOBAL_BASELINE_NO_ENTITY_RANKING,,,NOT_APPLICABLE_GLOBAL_BASELINE,HF9g-P5,,,,X 全窗基线 · 不参与实体赏罚,6877425,688,A168_HF9F_20260827_0900,2026-08-27 09:00:00
2026-05-23,70460261,2170,0,394.3749675677,154.6365004411,154.6365004411,0.6666667,6,6,0.49771390000000000,0.497713900000,0.8277047895645219,0.8277047895645219,0.8277047895645219,0E-17,ELIGIBLE,R03b_20260811_FULL_v1,L1_ELIGIBILITY,v2026-08-11,2026-03-21..2026-08-06,baccarat_bet02_101_all_pairs_incl_sentinel,round_win = game_pnl > 0 (decisive only),COMPATIBILITY_ONLY_NOT_PRODUCTION,268817.8208,244366.2908,168.7661,6248,5610,-0.00062781,-0.08642944,0.00436428,-0.00062781,-168.7661,268817.8208,OK,0.0000,6.7506,4.0000,96.0000,AG03-UNRESOLVED,ALL5_LEVELS_bet23_to_bet27,6.7506,6.7506,6.7506,8.4383,8.4383,4.000000,4.000000,4.000000,5.000000,5.000000,96.000000,96.000000,96.000000,95.000000,95.000000,5.0,37.1285,34.0107,131.6376,134.7554,PENDING_AG03,FALSE,NOT_FOR_ENFORCEMENT,162.0155,234591.6392,168.7661,162.0155,6.7506,0.00062781,0.00060270,6.7506,162.0155,0.00060270,6.7506,6.7506,6.7506,8.4383,8.4383,162.0155,0.00060270,37.1285,34.0107,131.6376,134.7554,0.00048969,0.00050129,0.00002511,43.0246,43.5591,0.0301,2.0581,0.0627,3278.2661,68.4146,17.6798,46.9397,25.7155,39.4976,52.6635,77.1466,82.2897,128.5777,31.4111,0.0,2.083411,3.25533,1.089297,30,192,222,8,0.05498276,0.00062781,0.08642944,0E-8,0.000000,0.909041,0.000000,-0.09079372,2026-03-23,2026-08-06,82,2690,1181,137,0.598540,0.376650,0.410924,0.183276,,,,,,,,GLOBAL_BASELINE_NO_ENTITY_RANKING,,,NOT_APPLICABLE_GLOBAL_BASELINE,HF9g-P5,,,,X 全窗基线 · 不参与实体赏罚,6877426,688,A168_HF9F_20260827_0900,2026-08-27 09:00:00
2026-05-23,70460261,2177,0,155.9337865186,-54.2395309014,-54.2395309014,0.5000000,4,2,0.45257962499984370,0.362461166667,0.1347323869304313,0.40462831483233347,0.1347323869304313,0.09011845833284370,ELIGIBLE,R03b_20260811_FULL_v1,L1_ELIGIBILITY,v2026-08-11,2026-03-21..2026-08-06,baccarat_bet02_101_all_pairs_incl_sentinel,round_win = game_pnl > 0 (decisive only),COMPATIBILITY_ONLY_NOT_PRODUCTION,268817.8208,244366.2908,168.7661,6248,5610,-0.00062781,-0.08642944,0.00436428,-0.00062781,-168.7661,268817.8208,OK,0.0000,6.7506,4.0000,96.0000,AG03-UNRESOLVED,ALL5_LEVELS_bet23_to_bet27,6.7506,6.7506,6.7506,8.4383,8.4383,4.000000,4.000000,4.000000,5.000000,5.000000,96.000000,96.000000,96.000000,95.000000,95.000000,5.0,37.1285,34.0107,131.6376,134.7554,PENDING_AG03,FALSE,NOT_FOR_ENFORCEMENT,162.0155,234591.6392,168.7661,162.0155,6.7506,0.00062781,0.00060270,6.7506,162.0155,0.00060270,6.7506,6.7506,6.7506,8.4383,8.4383,162.0155,0.00060270,37.1285,34.0107,131.6376,134.7554,0.00048969,0.00050129,0.00002511,43.0246,43.5591,0.0301,2.0581,0.0627,3278.2661,68.4146,17.6798,46.9397,25.7155,39.4976,52.6635,77.1466,82.2897,128.5777,31.4111,0.0,2.083411,3.25533,1.089297,30,192,222,8,0.05498276,0.00062781,0.08642944,0E-8,0.000000,0.909041,0.000000,-0.09079372,2026-03-23,2026-08-06,82,2690,1181,137,0.598540,0.376650,0.410924,0.183276,,,,,,,,GLOBAL_BASELINE_NO_ENTITY_RANKING,,,NOT_APPLICABLE_GLOBAL_BASELINE,HF9g-P5,,,,X 全窗基线 · 不参与实体赏罚,6877427,688,A168_HF9F_20260827_0900,2026-08-27 09:00:00
2026-05-23,70460261,2188,0,57.0805874111,-57.0805874111,-57.0805874111,0E-7,1,1,0.50665070000000000,0.506650700000,-1.013391052207602,-1.013391052207602,-1.013391052207602,0E-17,ELIGIBLE,R03b_20260811_FULL_v1,L1_ELIGIBILITY,v2026-08-11,2026-03-21..2026-08-06,baccarat_bet02_101_all_pairs_incl_sentinel,round_win = game_pnl > 0 (decisive only),COMPATIBILITY_ONLY_NOT_PRODUCTION,268817.8208,244366.2908,168.7661,6248,5610,-0.00062781,-0.08642944,0.00436428,-0.00062781,-168.7661,268817.8208,OK,0.0000,6.7506,4.0000,96.0000,AG03-UNRESOLVED,ALL5_LEVELS_bet23_to_bet27,6.7506,6.7506,6.7506,8.4383,8.4383,4.000000,4.000000,4.000000,5.000000,5.000000,96.000000,96.000000,96.000000,95.000000,95.000000,5.0,37.1285,34.0107,131.6376,134.7554,PENDING_AG03,FALSE,NOT_FOR_ENFORCEMENT,162.0155,234591.6392,168.7661,162.0155,6.7506,0.00062781,0.00060270,6.7506,162.0155,0.00060270,6.7506,6.7506,6.7506,8.4383,8.4383,162.0155,0.00060270,37.1285,34.0107,131.6376,134.7554,0.00048969,0.00050129,0.00002511,43.0246,43.5591,0.0301,2.0581,0.0627,3278.2661,68.4146,17.6798,46.9397,25.7155,39.4976,52.6635,77.1466,82.2897,128.5777,31.4111,0.0,2.083411,3.25533,1.089297,30,192,222,8,0.05498276,0.00062781,0.08642944,0E-8,0.000000,0.909041,0.000000,-0.09079372,2026-03-23,2026-08-06,82,2690,1181,137,0.598540,0.376650,0.410924,0.183276,,,,,,,,GLOBAL_BASELINE_NO_ENTITY_RANKING,,,NOT_APPLICABLE_GLOBAL_BASELINE,HF9g-P5,,,,X 全窗基线 · 不参与实体赏罚,6877428,688,A168_HF9F_20260827_0900,2026-08-27 09:00:00
2026-05-23,70460261,2196,0,98.5937418920,-98.5937418920,-98.5937418920,0E-7,1,1,0.50665070000000000,0.506650700000,-1.013391052207602,-1.013391052207602,-1.013391052207602,0E-17,ELIGIBLE,R03b_20260811_FULL_v1,L1_ELIGIBILITY,v2026-08-11,2026-03-21..2026-08-06,baccarat_bet02_101_all_pairs_incl_sentinel,round_win = game_pnl > 0 (decisive only),COMPATIBILITY_ONLY_NOT_PRODUCTION,268817.8208,244366.2908,168.7661,6248,5610,-0.00062781,-0.08642944,0.00436428,-0.00062781,-168.7661,268817.8208,OK,0.0000,6.7506,4.0000,96.0000,AG03-UNRESOLVED,ALL5_LEVELS_bet23_to_bet27,6.7506,6.7506,6.7506,8.4383,8.4383,4.000000,4.000000,4.000000,5.000000,5.000000,96.000000,96.000000,96.000000,95.000000,95.000000,5.0,37.1285,34.0107,131.6376,134.7554,PENDING_AG03,FALSE,NOT_FOR_ENFORCEMENT,162.0155,234591.6392,168.7661,162.0155,6.7506,0.00062781,0.00060270,6.7506,162.0155,0.00060270,6.7506,6.7506,6.7506,8.4383,8.4383,162.0155,0.00060270,37.1285,34.0107,131.6376,134.7554,0.00048969,0.00050129,0.00002511,43.0246,43.5591,0.0301,2.0581,0.0627,3278.2661,68.4146,17.6798,46.9397,25.7155,39.4976,52.6635,77.1466,82.2897,128.5777,31.4111,0.0,2.083411,3.25533,1.089297,30,192,222,8,0.05498276,0.00062781,0.08642944,0E-8,0.000000,0.909041,0.000000,-0.09079372,2026-03-23,2026-08-06,82,2690,1181,137,0.598540,0.376650,0.410924,0.183276,,,,,,,,GLOBAL_BASELINE_NO_ENTITY_RANKING,,,NOT_APPLICABLE_GLOBAL_BASELINE,HF9g-P5,,,,X 全窗基线 · 不参与实体赏罚,6877429,688,A168_HF9F_20260827_0900,2026-08-27 09:00:00
2026-05-23,70460261,2209,0,534.4818639405,507.7577707437,507.7577707437,1.0000000,5,5,0.50665070000000000,0.506650700000,2.2065203483183233,2.2065203483183233,2.2065203483183233,0E-17,ELIGIBLE,R03b_20260811_FULL_v1,L1_ELIGIBILITY,v2026-08-11,2026-03-21..2026-08-06,baccarat_bet02_101_all_pairs_incl_sentinel,round_win = game_pnl > 0 (decisive only),COMPATIBILITY_ONLY_NOT_PRODUCTION,268817.8208,244366.2908,168.7661,6248,5610,-0.00062781,-0.08642944,0.00436428,-0.00062781,-168.7661,268817.8208,OK,0.0000,6.7506,4.0000,96.0000,AG03-UNRESOLVED,ALL5_LEVELS_bet23_to_bet27,6.7506,6.7506,6.7506,8.4383,8.4383,4.000000,4.000000,4.000000,5.000000,5.000000,96.000000,96.000000,96.000000,95.000000,95.000000,5.0,37.1285,34.0107,131.6376,134.7554,PENDING_AG03,FALSE,NOT_FOR_ENFORCEMENT,162.0155,234591.6392,168.7661,162.0155,6.7506,0.00062781,0.00060270,6.7506,162.0155,0.00060270,6.7506,6.7506,6.7506,8.4383,8.4383,162.0155,0.00060270,37.1285,34.0107,131.6376,134.7554,0.00048969,0.00050129,0.00002511,43.0246,43.5591,0.0301,2.0581,0.0627,3278.2661,68.4146,17.6798,46.9397,25.7155,39.4976,52.6635,77.1466,82.2897,128.5777,31.4111,0.0,2.083411,3.25533,1.089297,30,192,222,8,0.05498276,0.00062781,0.08642944,0E-8,0.000000,0.909041,0.000000,-0.09079372,2026-03-23,2026-08-06,82,2690,1181,137,0.598540,0.376650,0.410924,0.183276,,,,,,,,GLOBAL_BASELINE_NO_ENTITY_RANKING,,,NOT_APPLICABLE_GLOBAL_BASELINE,HF9g-P5,,,,X 全窗基线 · 不参与实体赏罚,6877430,688,A168_HF9F_20260827_0900,2026-08-27 09:00:00
2026-05-23,70460261,2216,0,51.8914431010,49.2968709460,49.2968709460,1.0000000,1,1,0.50665070000000000,0.506650700000,0.9867858985152569,0.9867858985152569,0.9867858985152569,0E-17,ELIGIBLE,R03b_20260811_FULL_v1,L1_ELIGIBILITY,v2026-08-11,2026-03-21..2026-08-06,baccarat_bet02_101_all_pairs_incl_sentinel,round_win = game_pnl > 0 (decisive only),COMPATIBILITY_ONLY_NOT_PRODUCTION,268817.8208,244366.2908,168.7661,6248,5610,-0.00062781,-0.08642944,0.00436428,-0.00062781,-168.7661,268817.8208,OK,0.0000,6.7506,4.0000,96.0000,AG03-UNRESOLVED,ALL5_LEVELS_bet23_to_bet27,6.7506,6.7506,6.7506,8.4383,8.4383,4.000000,4.000000,4.000000,5.000000,5.000000,96.000000,96.000000,96.000000,95.000000,95.000000,5.0,37.1285,34.0107,131.6376,134.7554,PENDING_AG03,FALSE,NOT_FOR_ENFORCEMENT,162.0155,234591.6392,168.7661,162.0155,6.7506,0.00062781,0.00060270,6.7506,162.0155,0.00060270,6.7506,6.7506,6.7506,8.4383,8.4383,162.0155,0.00060270,37.1285,34.0107,131.6376,134.7554,0.00048969,0.00050129,0.00002511,43.0246,43.5591,0.0301,2.0581,0.0627,3278.2661,68.4146,17.6798,46.9397,25.7155,39.4976,52.6635,77.1466,82.2897,128.5777,31.4111,0.0,2.083411,3.25533,1.089297,30,192,222,8,0.05498276,0.00062781,0.08642944,0E-8,0.000000,0.909041,0.000000,-0.09079372,2026-03-23,2026-08-06,82,2690,1181,137,0.598540,0.376650,0.410924,0.183276,,,,,,,,GLOBAL_BASELINE_NO_ENTITY_RANKING,,,NOT_APPLICABLE_GLOBAL_BASELINE,HF9g-P5,,,,X 全窗基线 · 不参与实体赏罚,6877431,688,A168_HF9F_20260827_0900,2026-08-27 09:00:00
2026-05-23,70460261,2218,0,311.3486586063,-210.1603445593,-210.1603445593,0.3333333,8,3,0.39823887111097683,0.314998670000,-0.22964579127916235,0.06836494986881303,-0.22964579127916235,0.08324020111097683,ELIGIBLE,R03b_20260811_FULL_v1,L1_ELIGIBILITY,v2026-08-11,2026-03-21..2026-08-06,baccarat_bet02_101_all_pairs_incl_sentinel,round_win = game_pnl > 0 (decisive only),COMPATIBILITY_ONLY_NOT_PRODUCTION,268817.8208,244366.2908,168.7661,6248,5610,-0.00062781,-0.08642944,0.00436428,-0.00062781,-168.7661,268817.8208,OK,0.0000,6.7506,4.0000,96.0000,AG03-UNRESOLVED,ALL5_LEVELS_bet23_to_bet27,6.7506,6.7506,6.7506,8.4383,8.4383,4.000000,4.000000,4.000000,5.000000,5.000000,96.000000,96.000000,96.000000,95.000000,95.000000,5.0,37.1285,34.0107,131.6376,134.7554,PENDING_AG03,FALSE,NOT_FOR_ENFORCEMENT,162.0155,234591.6392,168.7661,162.0155,6.7506,0.00062781,0.00060270,6.7506,162.0155,0.00060270,6.7506,6.7506,6.7506,8.4383,8.4383,162.0155,0.00060270,37.1285,34.0107,131.6376,134.7554,0.00048969,0.00050129,0.00002511,43.0246,43.5591,0.0301,2.0581,0.0627,3278.2661,68.4146,17.6798,46.9397,25.7155,39.4976,52.6635,77.1466,82.2897,128.5777,31.4111,0.0,2.083411,3.25533,1.089297,30,192,222,8,0.05498276,0.00062781,0.08642944,0E-8,0.000000,0.909041,0.000000,-0.09079372,2026-03-23,2026-08-06,82,2690,1181,137,0.598540,0.376650,0.410924,0.183276,,,,,,,,GLOBAL_BASELINE_NO_ENTITY_RANKING,,,NOT_APPLICABLE_GLOBAL_BASELINE,HF9g-P5,,,,X 全窗基线 · 不参与实体赏罚,6877432,688,A168_HF9F_20260827_0900,2026-08-27 09:00:00
2026-05-23,70460261,2222,0,62.2697317213,60.3238026050,60.3238026050,1.0000000,2,2,0.49994810000000000,0.499948100000,1.4143603653603398,1.4143603653603398,1.4143603653603398,0E-17,ELIGIBLE,R03b_20260811_FULL_v1,L1_ELIGIBILITY,v2026-08-11,2026-03-21..2026-08-06,baccarat_bet02_101_all_pairs_incl_sentinel,round_win = game_pnl > 0 (decisive only),COMPATIBILITY_ONLY_NOT_PRODUCTION,268817.8208,244366.2908,168.7661,6248,5610,-0.00062781,-0.08642944,0.00436428,-0.00062781,-168.7661,268817.8208,OK,0.0000,6.7506,4.0000,96.0000,AG03-UNRESOLVED,ALL5_LEVELS_bet23_to_bet27,6.7506,6.7506,6.7506,8.4383,8.4383,4.000000,4.000000,4.000000,5.000000,5.000000,96.000000,96.000000,96.000000,95.000000,95.000000,5.0,37.1285,34.0107,131.6376,134.7554,PENDING_AG03,FALSE,NOT_FOR_ENFORCEMENT,162.0155,234591.6392,168.7661,162.0155,6.7506,0.00062781,0.00060270,6.7506,162.0155,0.00060270,6.7506,6.7506,6.7506,8.4383,8.4383,162.0155,0.00060270,37.1285,34.0107,131.6376,134.7554,0.00048969,0.00050129,0.00002511,43.0246,43.5591,0.0301,2.0581,0.0627,3278.2661,68.4146,17.6798,46.9397,25.7155,39.4976,52.6635,77.1466,82.2897,128.5777,31.4111,0.0,2.083411,3.25533,1.089297,30,192,222,8,0.05498276,0.00062781,0.08642944,0E-8,0.000000,0.909041,0.000000,-0.09079372,2026-03-23,2026-08-06,82,2690,1181,137,0.598540,0.376650,0.410924,0.183276,,,,,,,,GLOBAL_BASELINE_NO_ENTITY_RANKING,,,NOT_APPLICABLE_GLOBAL_BASELINE,HF9g-P5,,,,X 全窗基线 · 不参与实体赏罚,6877433,688,A168_HF9F_20260827_0900,2026-08-27 09:00:00
2026-05-23,70460261,2224,0,534.4818639405,406.5694566968,406.5694566968,0.8750000,8,8,0.50665070000000000,0.506650700000,2.0838826589630113,2.0838826589630113,2.0838826589630113,0E-17,ELIGIBLE,R03b_20260811_FULL_v1,L1_ELIGIBILITY,v2026-08-11,2026-03-21..2026-08-06,baccarat_bet02_101_all_pairs_incl_sentinel,round_win = game_pnl > 0 (decisive only),COMPATIBILITY_ONLY_NOT_PRODUCTION,268817.8208,244366.2908,168.7661,6248,5610,-0.00062781,-0.08642944,0.00436428,-0.00062781,-168.7661,268817.8208,OK,0.0000,6.7506,4.0000,96.0000,AG03-UNRESOLVED,ALL5_LEVELS_bet23_to_bet27,6.7506,6.7506,6.7506,8.4383,8.4383,4.000000,4.000000,4.000000,5.000000,5.000000,96.000000,96.000000,96.000000,95.000000,95.000000,5.0,37.1285,34.0107,131.6376,134.7554,PENDING_AG03,FALSE,NOT_FOR_ENFORCEMENT,162.0155,234591.6392,168.7661,162.0155,6.7506,0.00062781,0.00060270,6.7506,162.0155,0.00060270,6.7506,6.7506,6.7506,8.4383,8.4383,162.0155,0.00060270,37.1285,34.0107,131.6376,134.7554,0.00048969,0.00050129,0.00002511,43.0246,43.5591,0.0301,2.0581,0.0627,3278.2661,68.4146,17.6798,46.9397,25.7155,39.4976,52.6635,77.1466,82.2897,128.5777,31.4111,0.0,2.083411,3.25533,1.089297,30,192,222,8,0.05498276,0.00062781,0.08642944,0E-8,0.000000,0.909041,0.000000,-0.09079372,2026-03-23,2026-08-06,82,2690,1181,137,0.598540,0.376650,0.410924,0.183276,,,,,,,,GLOBAL_BASELINE_NO_ENTITY_RANKING,,,NOT_APPLICABLE_GLOBAL_BASELINE,HF9g-P5,,,,X 全窗基线 · 不参与实体赏罚,6877434,688,A168_HF9F_20260827_0900,2026-08-27 09:00:00
2026-05-23,70460261,2229,0,477.4012765293,132.4529085154,132.4529085154,0.6250000,8,8,0.49994810000000000,0.499948100000,0.7074003757330176,0.7074003757330176,0.7074003757330176,0E-17,ELIGIBLE,R03b_20260811_FULL_v1,L1_ELIGIBILITY,v2026-08-11,2026-03-21..2026-08-06,baccarat_bet02_101_all_pairs_incl_sentinel,round_win = game_pnl > 0 (decisive only),COMPATIBILITY_ONLY_NOT_PRODUCTION,268817.8208,244366.2908,168.7661,6248,5610,-0.00062781,-0.08642944,0.00436428,-0.00062781,-168.7661,268817.8208,OK,0.0000,6.7506,4.0000,96.0000,AG03-UNRESOLVED,ALL5_LEVELS_bet23_to_bet27,6.7506,6.7506,6.7506,8.4383,8.4383,4.000000,4.000000,4.000000,5.000000,5.000000,96.000000,96.000000,96.000000,95.000000,95.000000,5.0,37.1285,34.0107,131.6376,134.7554,PENDING_AG03,FALSE,NOT_FOR_ENFORCEMENT,162.0155,234591.6392,168.7661,162.0155,6.7506,0.00062781,0.00060270,6.7506,162.0155,0.00060270,6.7506,6.7506,6.7506,8.4383,8.4383,162.0155,0.00060270,37.1285,34.0107,131.6376,134.7554,0.00048969,0.00050129,0.00002511,43.0246,43.5591,0.0301,2.0581,0.0627,3278.2661,68.4146,17.6798,46.9397,25.7155,39.4976,52.6635,77.1466,82.2897,128.5777,31.4111,0.0,2.083411,3.25533,1.089297,30,192,222,8,0.05498276,0.00062781,0.08642944,0E-8,0.000000,0.909041,0.000000,-0.09079372,2026-03-23,2026-08-06,82,2690,1181,137,0.598540,0.376650,0.410924,0.183276,,,,,,,,GLOBAL_BASELINE_NO_ENTITY_RANKING,,,NOT_APPLICABLE_GLOBAL_BASELINE,HF9g-P5,,,,X 全窗基线 · 不参与实体赏罚,6877435,688,A168_HF9F_20260827_0900,2026-08-27 09:00:00
2026-05-23,70460261,2234,0,155.6743293031,-155.6743293031,-155.6743293031,0E-7,2,2,0.50665070000000000,0.506650700000,-1.4331513700195317,-1.4331513700195317,-1.4331513700195317,0E-17,ELIGIBLE,R03b_20260811_FULL_v1,L1_ELIGIBILITY,v2026-08-11,2026-03-21..2026-08-06,baccarat_bet02_101_all_pairs_incl_sentinel,round_win = game_pnl > 0 (decisive only),COMPATIBILITY_ONLY_NOT_PRODUCTION,268817.8208,244366.2908,168.7661,6248,5610,-0.00062781,-0.08642944,0.00436428,-0.00062781,-168.7661,268817.8208,OK,0.0000,6.7506,4.0000,96.0000,AG03-UNRESOLVED,ALL5_LEVELS_bet23_to_bet27,6.7506,6.7506,6.7506,8.4383,8.4383,4.000000,4.000000,4.000000,5.000000,5.000000,96.000000,96.000000,96.000000,95.000000,95.000000,5.0,37.1285,34.0107,131.6376,134.7554,PENDING_AG03,FALSE,NOT_FOR_ENFORCEMENT,162.0155,234591.6392,168.7661,162.0155,6.7506,0.00062781,0.00060270,6.7506,162.0155,0.00060270,6.7506,6.7506,6.7506,8.4383,8.4383,162.0155,0.00060270,37.1285,34.0107,131.6376,134.7554,0.00048969,0.00050129,0.00002511,43.0246,43.5591,0.0301,2.0581,0.0627,3278.2661,68.4146,17.6798,46.9397,25.7155,39.4976,52.6635,77.1466,82.2897,128.5777,31.4111,0.0,2.083411,3.25533,1.089297,30,192,222,8,0.05498276,0.00062781,0.08642944,0E-8,0.000000,0.909041,0.000000,-0.09079372,2026-03-23,2026-08-06,82,2690,1181,137,0.598540,0.376650,0.410924,0.183276,,,,,,,,GLOBAL_BASELINE_NO_ENTITY_RANKING,,,NOT_APPLICABLE_GLOBAL_BASELINE,HF9g-P5,,,,X 全窗基线 · 不参与实体赏罚,6877436,688,A168_HF9F_20260827_0900,2026-08-27 09:00:00
2026-05-23,70460261,2252,0,51.8914431010,49.2968709460,49.2968709460,1.0000000,1,1,0.50665070000000000,0.506650700000,0.9867858985152569,0.9867858985152569,0.9867858985152569,0E-17,ELIGIBLE,R03b_20260811_FULL_v1,L1_ELIGIBILITY,v2026-08-11,2026-03-21..2026-08-06,baccarat_bet02_101_all_pairs_incl_sentinel,round_win = game_pnl > 0 (decisive only),COMPATIBILITY_ONLY_NOT_PRODUCTION,268817.8208,244366.2908,168.7661,6248,5610,-0.00062781,-0.08642944,0.00436428,-0.00062781,-168.7661,268817.8208,OK,0.0000,6.7506,4.0000,96.0000,AG03-UNRESOLVED,ALL5_LEVELS_bet23_to_bet27,6.7506,6.7506,6.7506,8.4383,8.4383,4.000000,4.000000,4.000000,5.000000,5.000000,96.000000,96.000000,96.000000,95.000000,95.000000,5.0,37.1285,34.0107,131.6376,134.7554,PENDING_AG03,FALSE,NOT_FOR_ENFORCEMENT,162.0155,234591.6392,168.7661,162.0155,6.7506,0.00062781,0.00060270,6.7506,162.0155,0.00060270,6.7506,6.7506,6.7506,8.4383,8.4383,162.0155,0.00060270,37.1285,34.0107,131.6376,134.7554,0.00048969,0.00050129,0.00002511,43.0246,43.5591,0.0301,2.0581,0.0627,3278.2661,68.4146,17.6798,46.9397,25.7155,39.4976,52.6635,77.1466,82.2897,128.5777,31.4111,0.0,2.083411,3.25533,1.089297,30,192,222,8,0.05498276,0.00062781,0.08642944,0E-8,0.000000,0.909041,0.000000,-0.09079372,2026-03-23,2026-08-06,82,2690,1181,137,0.598540,0.376650,0.410924,0.183276,,,,,,,,GLOBAL_BASELINE_NO_ENTITY_RANKING,,,NOT_APPLICABLE_GLOBAL_BASELINE,HF9g-P5,,,,X 全窗基线 · 不参与实体赏罚,6877437,688,A168_HF9F_20260827_0900,2026-08-27 09:00:00
2026-05-23,70460261,2256,0,77.8371646515,-77.8371646515,-77.8371646515,0E-7,1,1,0.50665070000000000,0.506650700000,-1.013391052207602,-1.013391052207602,-1.013391052207602,0E-17,ELIGIBLE,R03b_20260811_FULL_v1,L1_ELIGIBILITY,v2026-08-11,2026-03-21..2026-08-06,baccarat_bet02_101_all_pairs_incl_sentinel,round_win = game_pnl > 0 (decisive only),COMPATIBILITY_ONLY_NOT_PRODUCTION,268817.8208,244366.2908,168.7661,6248,5610,-0.00062781,-0.08642944,0.00436428,-0.00062781,-168.7661,268817.8208,OK,0.0000,6.7506,4.0000,96.0000,AG03-UNRESOLVED,ALL5_LEVELS_bet23_to_bet27,6.7506,6.7506,6.7506,8.4383,8.4383,4.000000,4.000000,4.000000,5.000000,5.000000,96.000000,96.000000,96.000000,95.000000,95.000000,5.0,37.1285,34.0107,131.6376,134.7554,PENDING_AG03,FALSE,NOT_FOR_ENFORCEMENT,162.0155,234591.6392,168.7661,162.0155,6.7506,0.00062781,0.00060270,6.7506,162.0155,0.00060270,6.7506,6.7506,6.7506,8.4383,8.4383,162.0155,0.00060270,37.1285,34.0107,131.6376,134.7554,0.00048969,0.00050129,0.00002511,43.0246,43.5591,0.0301,2.0581,0.0627,3278.2661,68.4146,17.6798,46.9397,25.7155,39.4976,52.6635,77.1466,82.2897,128.5777,31.4111,0.0,2.083411,3.25533,1.089297,30,192,222,8,0.05498276,0.00062781,0.08642944,0E-8,0.000000,0.909041,0.000000,-0.09079372,2026-03-23,2026-08-06,82,2690,1181,137,0.598540,0.376650,0.410924,0.183276,,,,,,,,GLOBAL_BASELINE_NO_ENTITY_RANKING,,,NOT_APPLICABLE_GLOBAL_BASELINE,HF9g-P5,,,,X 全窗基线 · 不参与实体赏罚,6877438,688,A168_HF9F_20260827_0900,2026-08-27 09:00:00
2026-05-23,70460261,462,0,129.7286077526,-129.7286077526,-129.7286077526,0E-7,1,1,0.50665070000000000,0.506650700000,-1.013391052207602,-1.013391052207602,-1.013391052207602,0E-17,ELIGIBLE,R03b_20260811_FULL_v1,L1_ELIGIBILITY,v2026-08-11,2026-03-21..2026-08-06,baccarat_bet02_101_all_pairs_incl_sentinel,round_win = game_pnl > 0 (decisive only),COMPATIBILITY_ONLY_NOT_PRODUCTION,268817.8208,244366.2908,168.7661,6248,5610,-0.00062781,-0.08642944,0.00436428,-0.00062781,-168.7661,268817.8208,OK,0.0000,6.7506,4.0000,96.0000,AG03-UNRESOLVED,ALL5_LEVELS_bet23_to_bet27,6.7506,6.7506,6.7506,8.4383,8.4383,4.000000,4.000000,4.000000,5.000000,5.000000,96.000000,96.000000,96.000000,95.000000,95.000000,5.0,37.1285,34.0107,131.6376,134.7554,PENDING_AG03,FALSE,NOT_FOR_ENFORCEMENT,162.0155,234591.6392,168.7661,162.0155,6.7506,0.00062781,0.00060270,6.7506,162.0155,0.00060270,6.7506,6.7506,6.7506,8.4383,8.4383,162.0155,0.00060270,37.1285,34.0107,131.6376,134.7554,0.00048969,0.00050129,0.00002511,43.0246,43.5591,0.0301,2.0581,0.0627,3278.2661,68.4146,17.6798,46.9397,25.7155,39.4976,52.6635,77.1466,82.2897,128.5777,31.4111,0.0,2.083411,3.25533,1.089297,30,192,222,8,0.05498276,0.00062781,0.08642944,0E-8,0.000000,0.909041,0.000000,-0.09079372,2026-03-23,2026-08-06,82,2690,1181,137,0.598540,0.376650,0.410924,0.183276,,,,,,,,GLOBAL_BASELINE_NO_ENTITY_RANKING,,,NOT_APPLICABLE_GLOBAL_BASELINE,HF9g-P5,,,,X 全窗基线 · 不参与实体赏罚,6877439,688,A168_HF9F_20260827_0900,2026-08-27 09:00:00
2026-05-23,70460261,583,0,153.0797571480,-11.4161174822,-11.4161174822,0.5000000,2,2,0.50665070000000000,0.506650700000,-0.018812684590367487,-0.018812684590367487,-0.018812684590367487,0E-17,ELIGIBLE,R03b_20260811_FULL_v1,L1_ELIGIBILITY,v2026-08-11,2026-03-21..2026-08-06,baccarat_bet02_101_all_pairs_incl_sentinel,round_win = game_pnl > 0 (decisive only),COMPATIBILITY_ONLY_NOT_PRODUCTION,268817.8208,244366.2908,168.7661,6248,5610,-0.00062781,-0.08642944,0.00436428,-0.00062781,-168.7661,268817.8208,OK,0.0000,6.7506,4.0000,96.0000,AG03-UNRESOLVED,ALL5_LEVELS_bet23_to_bet27,6.7506,6.7506,6.7506,8.4383,8.4383,4.000000,4.000000,4.000000,5.000000,5.000000,96.000000,96.000000,96.000000,95.000000,95.000000,5.0,37.1285,34.0107,131.6376,134.7554,PENDING_AG03,FALSE,NOT_FOR_ENFORCEMENT,162.0155,234591.6392,168.7661,162.0155,6.7506,0.00062781,0.00060270,6.7506,162.0155,0.00060270,6.7506,6.7506,6.7506,8.4383,8.4383,162.0155,0.00060270,37.1285,34.0107,131.6376,134.7554,0.00048969,0.00050129,0.00002511,43.0246,43.5591,0.0301,2.0581,0.0627,3278.2661,68.4146,17.6798,46.9397,25.7155,39.4976,52.6635,77.1466,82.2897,128.5777,31.4111,0.0,2.083411,3.25533,1.089297,30,192,222,8,0.05498276,0.00062781,0.08642944,0E-8,0.000000,0.909041,0.000000,-0.09079372,2026-03-23,2026-08-06,82,2690,1181,137,0.598540,0.376650,0.410924,0.183276,,,,,,,,GLOBAL_BASELINE_NO_ENTITY_RANKING,,,NOT_APPLICABLE_GLOBAL_BASELINE,HF9g-P5,,,,X 全窗基线 · 不参与实体赏罚,6877440,688,A168_HF9F_20260827_0900,2026-08-27 09:00:00
2026-05-23,70460261,752,0,77.8371646515,-27.2430076280,-27.2430076280,0.5000000,2,2,0.50665070000000000,0.506650700000,-0.018812684590367487,-0.018812684590367487,-0.018812684590367487,0E-17,ELIGIBLE,R03b_20260811_FULL_v1,L1_ELIGIBILITY,v2026-08-11,2026-03-21..2026-08-06,baccarat_bet02_101_all_pairs_incl_sentinel,round_win = game_pnl > 0 (decisive only),COMPATIBILITY_ONLY_NOT_PRODUCTION,268817.8208,244366.2908,168.7661,6248,5610,-0.00062781,-0.08642944,0.00436428,-0.00062781,-168.7661,268817.8208,OK,0.0000,6.7506,4.0000,96.0000,AG03-UNRESOLVED,ALL5_LEVELS_bet23_to_bet27,6.7506,6.7506,6.7506,8.4383,8.4383,4.000000,4.000000,4.000000,5.000000,5.000000,96.000000,96.000000,96.000000,95.000000,95.000000,5.0,37.1285,34.0107,131.6376,134.7554,PENDING_AG03,FALSE,NOT_FOR_ENFORCEMENT,162.0155,234591.6392,168.7661,162.0155,6.7506,0.00062781,0.00060270,6.7506,162.0155,0.00060270,6.7506,6.7506,6.7506,8.4383,8.4383,162.0155,0.00060270,37.1285,34.0107,131.6376,134.7554,0.00048969,0.00050129,0.00002511,43.0246,43.5591,0.0301,2.0581,0.0627,3278.2661,68.4146,17.6798,46.9397,25.7155,39.4976,52.6635,77.1466,82.2897,128.5777,31.4111,0.0,2.083411,3.25533,1.089297,30,192,222,8,0.05498276,0.00062781,0.08642944,0E-8,0.000000,0.909041,0.000000,-0.09079372,2026-03-23,2026-08-06,82,2690,1181,137,0.598540,0.376650,0.410924,0.183276,,,,,,,,GLOBAL_BASELINE_NO_ENTITY_RANKING,,,NOT_APPLICABLE_GLOBAL_BASELINE,HF9g-P5,,,,X 全窗基线 · 不参与实体赏罚,6877441,688,A168_HF9F_20260827_0900,2026-08-27 09:00:00
2026-05-23,70460261,986,0,287.9975092107,-110.9179596284,-110.9179596284,0.4000000,5,5,0.50396966000000000,0.503969660000,-0.4649811094771361,-0.4649811094771361,-0.4649811094771361,0E-17,ELIGIBLE,R03b_20260811_FULL_v1,L1_ELIGIBILITY,v2026-08-11,2026-03-21..2026-08-06,baccarat_bet02_101_all_pairs_incl_sentinel,round_win = game_pnl > 0 (decisive only),COMPATIBILITY_ONLY_NOT_PRODUCTION,268817.8208,244366.2908,168.7661,6248,5610,-0.00062781,-0.08642944,0.00436428,-0.00062781,-168.7661,268817.8208,OK,0.0000,6.7506,4.0000,96.0000,AG03-UNRESOLVED,ALL5_LEVELS_bet23_to_bet27,6.7506,6.7506,6.7506,8.4383,8.4383,4.000000,4.000000,4.000000,5.000000,5.000000,96.000000,96.000000,96.000000,95.000000,95.000000,5.0,37.1285,34.0107,131.6376,134.7554,PENDING_AG03,FALSE,NOT_FOR_ENFORCEMENT,162.0155,234591.6392,168.7661,162.0155,6.7506,0.00062781,0.00060270,6.7506,162.0155,0.00060270,6.7506,6.7506,6.7506,8.4383,8.4383,162.0155,0.00060270,37.1285,34.0107,131.6376,134.7554,0.00048969,0.00050129,0.00002511,43.0246,43.5591,0.0301,2.0581,0.0627,3278.2661,68.4146,17.6798,46.9397,25.7155,39.4976,52.6635,77.1466,82.2897,128.5777,31.4111,0.0,2.083411,3.25533,1.089297,30,192,222,8,0.05498276,0.00062781,0.08642944,0E-8,0.000000,0.909041,0.000000,-0.09079372,2026-03-23,2026-08-06,82,2690,1181,137,0.598540,0.376650,0.410924,0.183276,,,,,,,,GLOBAL_BASELINE_NO_ENTITY_RANKING,,,NOT_APPLICABLE_GLOBAL_BASELINE,HF9g-P5,,,,X 全窗基线 · 不参与实体赏罚,6877442,688,A168_HF9F_20260827_0900,2026-08-27 09:00:00
2026-05-23,70460261,994,0,171.2417622334,-171.2417622334,-171.2417622334,0E-7,2,2,0.50665070000000000,0.506650700000,-1.4331513700195317,-1.4331513700195317,-1.4331513700195317,0E-17,ELIGIBLE,R03b_20260811_FULL_v1,L1_ELIGIBILITY,v2026-08-11,2026-03-21..2026-08-06,baccarat_bet02_101_all_pairs_incl_sentinel,round_win = game_pnl > 0 (decisive only),COMPATIBILITY_ONLY_NOT_PRODUCTION,268817.8208,244366.2908,168.7661,6248,5610,-0.00062781,-0.08642944,0.00436428,-0.00062781,-168.7661,268817.8208,OK,0.0000,6.7506,4.0000,96.0000,AG03-UNRESOLVED,ALL5_LEVELS_bet23_to_bet27,6.7506,6.7506,6.7506,8.4383,8.4383,4.000000,4.000000,4.000000,5.000000,5.000000,96.000000,96.000000,96.000000,95.000000,95.000000,5.0,37.1285,34.0107,131.6376,134.7554,PENDING_AG03,FALSE,NOT_FOR_ENFORCEMENT,162.0155,234591.6392,168.7661,162.0155,6.7506,0.00062781,0.00060270,6.7506,162.0155,0.00060270,6.7506,6.7506,6.7506,8.4383,8.4383,162.0155,0.00060270,37.1285,34.0107,131.6376,134.7554,0.00048969,0.00050129,0.00002511,43.0246,43.5591,0.0301,2.0581,0.0627,3278.2661,68.4146,17.6798,46.9397,25.7155,39.4976,52.6635,77.1466,82.2897,128.5777,31.4111,0.0,2.083411,3.25533,1.089297,30,192,222,8,0.05498276,0.00062781,0.08642944,0E-8,0.000000,0.909041,0.000000,-0.09079372,2026-03-23,2026-08-06,82,2690,1181,137,0.598540,0.376650,0.410924,0.183276,,,,,,,,GLOBAL_BASELINE_NO_ENTITY_RANKING,,,NOT_APPLICABLE_GLOBAL_BASELINE,HF9g-P5,,,,X 全窗基线 · 不参与实体赏罚,6877443,688,A168_HF9F_20260827_0900,2026-08-27 09:00:00
2026-05-24,70460261,-1,1,300.1919983395,-144.8679362773,-144.8679362773,0.3750000,8,8,0.50497505000000000,0.504975050000,-0.7352863131446508,-0.7352863131446508,-0.7352863131446508,0E-17,SENTINEL_DEALER,R03b_20260811_FULL_v1,L1_ELIGIBILITY,v2026-08-11,2026-03-21..2026-08-06,baccarat_bet02_101_all_pairs_incl_sentinel,round_win = game_pnl > 0 (decisive only),COMPATIBILITY_ONLY_NOT_PRODUCTION,268817.8208,244366.2908,168.7661,6248,5610,-0.00062781,-0.08642944,0.00436428,-0.00062781,-168.7661,268817.8208,OK,0.0000,6.7506,4.0000,96.0000,AG03-UNRESOLVED,ALL5_LEVELS_bet23_to_bet27,6.7506,6.7506,6.7506,8.4383,8.4383,4.000000,4.000000,4.000000,5.000000,5.000000,96.000000,96.000000,96.000000,95.000000,95.000000,5.0,37.1285,34.0107,131.6376,134.7554,PENDING_AG03,FALSE,NOT_FOR_ENFORCEMENT,162.0155,234591.6392,168.7661,162.0155,6.7506,0.00062781,0.00060270,6.7506,162.0155,0.00060270,6.7506,6.7506,6.7506,8.4383,8.4383,162.0155,0.00060270,37.1285,34.0107,131.6376,134.7554,0.00048969,0.00050129,0.00002511,43.0246,43.5591,0.0301,2.0581,0.0627,3278.2661,68.4146,17.6798,46.9397,25.7155,39.4976,52.6635,77.1466,82.2897,128.5777,31.4111,0.0,2.083411,3.25533,1.089297,30,192,222,8,0.05498276,0.00062781,0.08642944,0E-8,0.000000,0.909041,0.000000,-0.09079372,2026-03-23,2026-08-06,82,2690,1181,137,0.598540,0.376650,0.410924,0.183276,,,,,,,,GLOBAL_BASELINE_NO_ENTITY_RANKING,,,NOT_APPLICABLE_GLOBAL_BASELINE,HF9g-P5,,,,X 全窗基线 · 不参与实体赏罚,6877444,688,A168_HF9F_20260827_0900,2026-08-27 09:00:00
2026-05-24,70460261,1304,0,124.5394634424,118.3124902704,118.3124902704,1.0000000,2,2,0.50665070000000000,0.506650700000,1.3955260008387969,1.3955260008387969,1.3955260008387969,0E-17,ELIGIBLE,R03b_20260811_FULL_v1,L1_ELIGIBILITY,v2026-08-11,2026-03-21..2026-08-06,baccarat_bet02_101_all_pairs_incl_sentinel,round_win = game_pnl > 0 (decisive only),COMPATIBILITY_ONLY_NOT_PRODUCTION,268817.8208,244366.2908,168.7661,6248,5610,-0.00062781,-0.08642944,0.00436428,-0.00062781,-168.7661,268817.8208,OK,0.0000,6.7506,4.0000,96.0000,AG03-UNRESOLVED,ALL5_LEVELS_bet23_to_bet27,6.7506,6.7506,6.7506,8.4383,8.4383,4.000000,4.000000,4.000000,5.000000,5.000000,96.000000,96.000000,96.000000,95.000000,95.000000,5.0,37.1285,34.0107,131.6376,134.7554,PENDING_AG03,FALSE,NOT_FOR_ENFORCEMENT,162.0155,234591.6392,168.7661,162.0155,6.7506,0.00062781,0.00060270,6.7506,162.0155,0.00060270,6.7506,6.7506,6.7506,8.4383,8.4383,162.0155,0.00060270,37.1285,34.0107,131.6376,134.7554,0.00048969,0.00050129,0.00002511,43.0246,43.5591,0.0301,2.0581,0.0627,3278.2661,68.4146,17.6798,46.9397,25.7155,39.4976,52.6635,77.1466,82.2897,128.5777,31.4111,0.0,2.083411,3.25533,1.089297,30,192,222,8,0.05498276,0.00062781,0.08642944,0E-8,0.000000,0.909041,0.000000,-0.09079372,2026-03-23,2026-08-06,82,2690,1181,137,0.598540,0.376650,0.410924,0.183276,,,,,,,,GLOBAL_BASELINE_NO_ENTITY_RANKING,,,NOT_APPLICABLE_GLOBAL_BASELINE,HF9g-P5,,,,X 全窗基线 · 不参与实体赏罚,6877445,688,A168_HF9F_20260827_0900,2026-08-27 09:00:00
2026-05-24,70460261,1325,0,25.9457215505,-25.9457215505,-25.9457215505,0E-7,1,1,0.50665070000000000,0.506650700000,-1.013391052207602,-1.013391052207602,-1.013391052207602,0E-17,ELIGIBLE,R03b_20260811_FULL_v1,L1_ELIGIBILITY,v2026-08-11,2026-03-21..2026-08-06,baccarat_bet02_101_all_pairs_incl_sentinel,round_win = game_pnl > 0 (decisive only),COMPATIBILITY_ONLY_NOT_PRODUCTION,268817.8208,244366.2908,168.7661,6248,5610,-0.00062781,-0.08642944,0.00436428,-0.00062781,-168.7661,268817.8208,OK,0.0000,6.7506,4.0000,96.0000,AG03-UNRESOLVED,ALL5_LEVELS_bet23_to_bet27,6.7506,6.7506,6.7506,8.4383,8.4383,4.000000,4.000000,4.000000,5.000000,5.000000,96.000000,96.000000,96.000000,95.000000,95.000000,5.0,37.1285,34.0107,131.6376,134.7554,PENDING_AG03,FALSE,NOT_FOR_ENFORCEMENT,162.0155,234591.6392,168.7661,162.0155,6.7506,0.00062781,0.00060270,6.7506,162.0155,0.00060270,6.7506,6.7506,6.7506,8.4383,8.4383,162.0155,0.00060270,37.1285,34.0107,131.6376,134.7554,0.00048969,0.00050129,0.00002511,43.0246,43.5591,0.0301,2.0581,0.0627,3278.2661,68.4146,17.6798,46.9397,25.7155,39.4976,52.6635,77.1466,82.2897,128.5777,31.4111,0.0,2.083411,3.25533,1.089297,30,192,222,8,0.05498276,0.00062781,0.08642944,0E-8,0.000000,0.909041,0.000000,-0.09079372,2026-03-23,2026-08-06,82,2690,1181,137,0.598540,0.376650,0.410924,0.183276,,,,,,,,GLOBAL_BASELINE_NO_ENTITY_RANKING,,,NOT_APPLICABLE_GLOBAL_BASELINE,HF9g-P5,,,,X 全窗基线 · 不参与实体赏罚,6877446,688,A168_HF9F_20260827_0900,2026-08-27 09:00:00
2026-05-24,70460261,1331,0,191.7388822582,120.4011208551,120.4011208551,1.0000000,3,3,0.50218230000000000,0.502182300000,1.4080544974538591,1.4080544974538591,1.4080544974538591,0E-17,ELIGIBLE,R03b_20260811_FULL_v1,L1_ELIGIBILITY,v2026-08-11,2026-03-21..2026-08-06,baccarat_bet02_101_all_pairs_incl_sentinel,round_win = game_pnl > 0 (decisive only),COMPATIBILITY_ONLY_NOT_PRODUCTION,268817.8208,244366.2908,168.7661,6248,5610,-0.00062781,-0.08642944,0.00436428,-0.00062781,-168.7661,268817.8208,OK,0.0000,6.7506,4.0000,96.0000,AG03-UNRESOLVED,ALL5_LEVELS_bet23_to_bet27,6.7506,6.7506,6.7506,8.4383,8.4383,4.000000,4.000000,4.000000,5.000000,5.000000,96.000000,96.000000,96.000000,95.000000,95.000000,5.0,37.1285,34.0107,131.6376,134.7554,PENDING_AG03,FALSE,NOT_FOR_ENFORCEMENT,162.0155,234591.6392,168.7661,162.0155,6.7506,0.00062781,0.00060270,6.7506,162.0155,0.00060270,6.7506,6.7506,6.7506,8.4383,8.4383,162.0155,0.00060270,37.1285,34.0107,131.6376,134.7554,0.00048969,0.00050129,0.00002511,43.0246,43.5591,0.0301,2.0581,0.0627,3278.2661,68.4146,17.6798,46.9397,25.7155,39.4976,52.6635,77.1466,82.2897,128.5777,31.4111,0.0,2.083411,3.25533,1.089297,30,192,222,8,0.05498276,0.00062781,0.08642944,0E-8,0.000000,0.909041,0.000000,-0.09079372,2026-03-23,2026-08-06,82,2690,1181,137,0.598540,0.376650,0.410924,0.183276,,,,,,,,GLOBAL_BASELINE_NO_ENTITY_RANKING,,,NOT_APPLICABLE_GLOBAL_BASELINE,HF9g-P5,,,,X 全窗基线 · 不参与实体赏罚,6877447,688,A168_HF9F_20260827_0900,2026-08-27 09:00:00
2026-05-24,70460261,1385,0,67.4588760313,-67.4588760313,-67.4588760313,0E-7,1,1,0.50665070000000000,0.506650700000,-1.013391052207602,-1.013391052207602,-1.013391052207602,0E-17,ELIGIBLE,R03b_20260811_FULL_v1,L1_ELIGIBILITY,v2026-08-11,2026-03-21..2026-08-06,baccarat_bet02_101_all_pairs_incl_sentinel,round_win = game_pnl > 0 (decisive only),COMPATIBILITY_ONLY_NOT_PRODUCTION,268817.8208,244366.2908,168.7661,6248,5610,-0.00062781,-0.08642944,0.00436428,-0.00062781,-168.7661,268817.8208,OK,0.0000,6.7506,4.0000,96.0000,AG03-UNRESOLVED,ALL5_LEVELS_bet23_to_bet27,6.7506,6.7506,6.7506,8.4383,8.4383,4.000000,4.000000,4.000000,5.000000,5.000000,96.000000,96.000000,96.000000,95.000000,95.000000,5.0,37.1285,34.0107,131.6376,134.7554,PENDING_AG03,FALSE,NOT_FOR_ENFORCEMENT,162.0155,234591.6392,168.7661,162.0155,6.7506,0.00062781,0.00060270,6.7506,162.0155,0.00060270,6.7506,6.7506,6.7506,8.4383,8.4383,162.0155,0.00060270,37.1285,34.0107,131.6376,134.7554,0.00048969,0.00050129,0.00002511,43.0246,43.5591,0.0301,2.0581,0.0627,3278.2661,68.4146,17.6798,46.9397,25.7155,39.4976,52.6635,77.1466,82.2897,128.5777,31.4111,0.0,2.083411,3.25533,1.089297,30,192,222,8,0.05498276,0.00062781,0.08642944,0E-8,0.000000,0.909041,0.000000,-0.09079372,2026-03-23,2026-08-06,82,2690,1181,137,0.598540,0.376650,0.410924,0.183276,,,,,,,,GLOBAL_BASELINE_NO_ENTITY_RANKING,,,NOT_APPLICABLE_GLOBAL_BASELINE,HF9g-P5,,,,X 全窗基线 · 不参与实体赏罚,6877448,688,A168_HF9F_20260827_0900,2026-08-27 09:00:00
2026-05-24,70460261,2169,0,72.3885631260,68.7691349697,68.7691349697,1.0000000,4,4,0.50665070000000000,0.506650700000,1.9735717970305138,1.9735717970305138,1.9735717970305138,0E-17,ELIGIBLE,R03b_20260811_FULL_v1,L1_ELIGIBILITY,v2026-08-11,2026-03-21..2026-08-06,baccarat_bet02_101_all_pairs_incl_sentinel,round_win = game_pnl > 0 (decisive only),COMPATIBILITY_ONLY_NOT_PRODUCTION,268817.8208,244366.2908,168.7661,6248,5610,-0.00062781,-0.08642944,0.00436428,-0.00062781,-168.7661,268817.8208,OK,0.0000,6.7506,4.0000,96.0000,AG03-UNRESOLVED,ALL5_LEVELS_bet23_to_bet27,6.7506,6.7506,6.7506,8.4383,8.4383,4.000000,4.000000,4.000000,5.000000,5.000000,96.000000,96.000000,96.000000,95.000000,95.000000,5.0,37.1285,34.0107,131.6376,134.7554,PENDING_AG03,FALSE,NOT_FOR_ENFORCEMENT,162.0155,234591.6392,168.7661,162.0155,6.7506,0.00062781,0.00060270,6.7506,162.0155,0.00060270,6.7506,6.7506,6.7506,8.4383,8.4383,162.0155,0.00060270,37.1285,34.0107,131.6376,134.7554,0.00048969,0.00050129,0.00002511,43.0246,43.5591,0.0301,2.0581,0.0627,3278.2661,68.4146,17.6798,46.9397,25.7155,39.4976,52.6635,77.1466,82.2897,128.5777,31.4111,0.0,2.083411,3.25533,1.089297,30,192,222,8,0.05498276,0.00062781,0.08642944,0E-8,0.000000,0.909041,0.000000,-0.09079372,2026-03-23,2026-08-06,82,2690,1181,137,0.598540,0.376650,0.410924,0.183276,,,,,,,,GLOBAL_BASELINE_NO_ENTITY_RANKING,,,NOT_APPLICABLE_GLOBAL_BASELINE,HF9g-P5,,,,X 全窗基线 · 不参与实体赏罚,6877449,688,A168_HF9F_20260827_0900,2026-08-27 09:00:00
2026-05-24,70460261,2205,0,139.5879819418,-69.7939909709,-69.7939909709,0E-7,2,2,0.50665070000000000,0.506650700000,-1.013391052207602,-1.013391052207602,-1.013391052207602,0E-17,ELIGIBLE,R03b_20260811_FULL_v1,L1_ELIGIBILITY,v2026-08-11,2026-03-21..2026-08-06,baccarat_bet02_101_all_pairs_incl_sentinel,round_win = game_pnl > 0 (decisive only),COMPATIBILITY_ONLY_NOT_PRODUCTION,268817.8208,244366.2908,168.7661,6248,5610,-0.00062781,-0.08642944,0.00436428,-0.00062781,-168.7661,268817.8208,OK,0.0000,6.7506,4.0000,96.0000,AG03-UNRESOLVED,ALL5_LEVELS_bet23_to_bet27,6.7506,6.7506,6.7506,8.4383,8.4383,4.000000,4.000000,4.000000,5.000000,5.000000,96.000000,96.000000,96.000000,95.000000,95.000000,5.0,37.1285,34.0107,131.6376,134.7554,PENDING_AG03,FALSE,NOT_FOR_ENFORCEMENT,162.0155,234591.6392,168.7661,162.0155,6.7506,0.00062781,0.00060270,6.7506,162.0155,0.00060270,6.7506,6.7506,6.7506,8.4383,8.4383,162.0155,0.00060270,37.1285,34.0107,131.6376,134.7554,0.00048969,0.00050129,0.00002511,43.0246,43.5591,0.0301,2.0581,0.0627,3278.2661,68.4146,17.6798,46.9397,25.7155,39.4976,52.6635,77.1466,82.2897,128.5777,31.4111,0.0,2.083411,3.25533,1.089297,30,192,222,8,0.05498276,0.00062781,0.08642944,0E-8,0.000000,0.909041,0.000000,-0.09079372,2026-03-23,2026-08-06,82,2690,1181,137,0.598540,0.376650,0.410924,0.183276,,,,,,,,GLOBAL_BASELINE_NO_ENTITY_RANKING,,,NOT_APPLICABLE_GLOBAL_BASELINE,HF9g-P5,,,,X 全窗基线 · 不参与实体赏罚,6877450,688,A168_HF9F_20260827_0900,2026-08-27 09:00:00
2026-05-24,70460261,2220,0,207.5657724040,-51.8914431010,-51.8914431010,0.3333333,3,3,0.49771390000000000,0.497713900000,-0.5694369385616226,-0.5694369385616226,-0.5694369385616226,0E-17,ELIGIBLE,R03b_20260811_FULL_v1,L1_ELIGIBILITY,v2026-08-11,2026-03-21..2026-08-06,baccarat_bet02_101_all_pairs_incl_sentinel,round_win = game_pnl > 0 (decisive only),COMPATIBILITY_ONLY_NOT_PRODUCTION,268817.8208,244366.2908,168.7661,6248,5610,-0.00062781,-0.08642944,0.00436428,-0.00062781,-168.7661,268817.8208,OK,0.0000,6.7506,4.0000,96.0000,AG03-UNRESOLVED,ALL5_LEVELS_bet23_to_bet27,6.7506,6.7506,6.7506,8.4383,8.4383,4.000000,4.000000,4.000000,5.000000,5.000000,96.000000,96.000000,96.000000,95.000000,95.000000,5.0,37.1285,34.0107,131.6376,134.7554,PENDING_AG03,FALSE,NOT_FOR_ENFORCEMENT,162.0155,234591.6392,168.7661,162.0155,6.7506,0.00062781,0.00060270,6.7506,162.0155,0.00060270,6.7506,6.7506,6.7506,8.4383,8.4383,162.0155,0.00060270,37.1285,34.0107,131.6376,134.7554,0.00048969,0.00050129,0.00002511,43.0246,43.5591,0.0301,2.0581,0.0627,3278.2661,68.4146,17.6798,46.9397,25.7155,39.4976,52.6635,77.1466,82.2897,128.5777,31.4111,0.0,2.083411,3.25533,1.089297,30,192,222,8,0.05498276,0.00062781,0.08642944,0E-8,0.000000,0.909041,0.000000,-0.09079372,2026-03-23,2026-08-06,82,2690,1181,137,0.598540,0.376650,0.410924,0.183276,,,,,,,,GLOBAL_BASELINE_NO_ENTITY_RANKING,,,NOT_APPLICABLE_GLOBAL_BASELINE,HF9g-P5,,,,X 全窗基线 · 不参与实体赏罚,6877451,688,A168_HF9F_20260827_0900,2026-08-27 09:00:00
2026-05-25,70460261,-1,1,171.2417622334,-24.5187068652,-24.5187068652,0.5000000,4,4,0.50329940000000000,0.503299400000,-0.01319788734859681,-0.01319788734859681,-0.01319788734859681,0E-17,SENTINEL_DEALER,R03b_20260811_FULL_v1,L1_ELIGIBILITY,v2026-08-11,2026-03-21..2026-08-06,baccarat_bet02_101_all_pairs_incl_sentinel,round_win = game_pnl > 0 (decisive only),COMPATIBILITY_ONLY_NOT_PRODUCTION,268817.8208,244366.2908,168.7661,6248,5610,-0.00062781,-0.08642944,0.00436428,-0.00062781,-168.7661,268817.8208,OK,0.0000,6.7506,4.0000,96.0000,AG03-UNRESOLVED,ALL5_LEVELS_bet23_to_bet27,6.7506,6.7506,6.7506,8.4383,8.4383,4.000000,4.000000,4.000000,5.000000,5.000000,96.000000,96.000000,96.000000,95.000000,95.000000,5.0,37.1285,34.0107,131.6376,134.7554,PENDING_AG03,FALSE,NOT_FOR_ENFORCEMENT,162.0155,234591.6392,168.7661,162.0155,6.7506,0.00062781,0.00060270,6.7506,162.0155,0.00060270,6.7506,6.7506,6.7506,8.4383,8.4383,162.0155,0.00060270,37.1285,34.0107,131.6376,134.7554,0.00048969,0.00050129,0.00002511,43.0246,43.5591,0.0301,2.0581,0.0627,3278.2661,68.4146,17.6798,46.9397,25.7155,39.4976,52.6635,77.1466,82.2897,128.5777,31.4111,0.0,2.083411,3.25533,1.089297,30,192,222,8,0.05498276,0.00062781,0.08642944,0E-8,0.000000,0.909041,0.000000,-0.09079372,2026-03-23,2026-08-06,82,2690,1181,137,0.598540,0.376650,0.410924,0.183276,,,,,,,,GLOBAL_BASELINE_NO_ENTITY_RANKING,,,NOT_APPLICABLE_GLOBAL_BASELINE,HF9g-P5,,,,X 全窗基线 · 不参与实体赏罚,6877452,688,A168_HF9F_20260827_0900,2026-08-27 09:00:00
2026-05-25,70460261,1151,0,44.3671838514,-15.0225727778,-15.0225727778,0.5000000,2,2,0.50665070000000000,0.506650700000,-0.018812684590367487,-0.018812684590367487,-0.018812684590367487,0E-17,ELIGIBLE,R03b_20260811_FULL_v1,L1_ELIGIBILITY,v2026-08-11,2026-03-21..2026-08-06,baccarat_bet02_101_all_pairs_incl_sentinel,round_win = game_pnl > 0 (decisive only),COMPATIBILITY_ONLY_NOT_PRODUCTION,268817.8208,244366.2908,168.7661,6248,5610,-0.00062781,-0.08642944,0.00436428,-0.00062781,-168.7661,268817.8208,OK,0.0000,6.7506,4.0000,96.0000,AG03-UNRESOLVED,ALL5_LEVELS_bet23_to_bet27,6.7506,6.7506,6.7506,8.4383,8.4383,4.000000,4.000000,4.000000,5.000000,5.000000,96.000000,96.000000,96.000000,95.000000,95.000000,5.0,37.1285,34.0107,131.6376,134.7554,PENDING_AG03,FALSE,NOT_FOR_ENFORCEMENT,162.0155,234591.6392,168.7661,162.0155,6.7506,0.00062781,0.00060270,6.7506,162.0155,0.00060270,6.7506,6.7506,6.7506,8.4383,8.4383,162.0155,0.00060270,37.1285,34.0107,131.6376,134.7554,0.00048969,0.00050129,0.00002511,43.0246,43.5591,0.0301,2.0581,0.0627,3278.2661,68.4146,17.6798,46.9397,25.7155,39.4976,52.6635,77.1466,82.2897,128.5777,31.4111,0.0,2.083411,3.25533,1.089297,30,192,222,8,0.05498276,0.00062781,0.08642944,0E-8,0.000000,0.909041,0.000000,-0.09079372,2026-03-23,2026-08-06,82,2690,1181,137,0.598540,0.376650,0.410924,0.183276,,,,,,,,GLOBAL_BASELINE_NO_ENTITY_RANKING,,,NOT_APPLICABLE_GLOBAL_BASELINE,HF9g-P5,,,,X 全窗基线 · 不参与实体赏罚,6877453,688,A168_HF9F_20260827_0900,2026-08-27 09:00:00
2026-05-25,70460261,1405,0,15.5674329303,-15.5674329303,-15.5674329303,0E-7,1,1,0.50665070000000000,0.506650700000,-1.013391052207602,-1.013391052207602,-1.013391052207602,0E-17,ELIGIBLE,R03b_20260811_FULL_v1,L1_ELIGIBILITY,v2026-08-11,2026-03-21..2026-08-06,baccarat_bet02_101_all_pairs_incl_sentinel,round_win = game_pnl > 0 (decisive only),COMPATIBILITY_ONLY_NOT_PRODUCTION,268817.8208,244366.2908,168.7661,6248,5610,-0.00062781,-0.08642944,0.00436428,-0.00062781,-168.7661,268817.8208,OK,0.0000,6.7506,4.0000,96.0000,AG03-UNRESOLVED,ALL5_LEVELS_bet23_to_bet27,6.7506,6.7506,6.7506,8.4383,8.4383,4.000000,4.000000,4.000000,5.000000,5.000000,96.000000,96.000000,96.000000,95.000000,95.000000,5.0,37.1285,34.0107,131.6376,134.7554,PENDING_AG03,FALSE,NOT_FOR_ENFORCEMENT,162.0155,234591.6392,168.7661,162.0155,6.7506,0.00062781,0.00060270,6.7506,162.0155,0.00060270,6.7506,6.7506,6.7506,8.4383,8.4383,162.0155,0.00060270,37.1285,34.0107,131.6376,134.7554,0.00048969,0.00050129,0.00002511,43.0246,43.5591,0.0301,2.0581,0.0627,3278.2661,68.4146,17.6798,46.9397,25.7155,39.4976,52.6635,77.1466,82.2897,128.5777,31.4111,0.0,2.083411,3.25533,1.089297,30,192,222,8,0.05498276,0.00062781,0.08642944,0E-8,0.000000,0.909041,0.000000,-0.09079372,2026-03-23,2026-08-06,82,2690,1181,137,0.598540,0.376650,0.410924,0.183276,,,,,,,,GLOBAL_BASELINE_NO_ENTITY_RANKING,,,NOT_APPLICABLE_GLOBAL_BASELINE,HF9g-P5,,,,X 全窗基线 · 不参与实体赏罚,6877454,688,A168_HF9F_20260827_0900,2026-08-27 09:00:00
2026-05-25,70460261,1940,0,29.3186653521,0E-10,0E-10,,1,1,0.50665070000000000,0.506650700000,,,,0E-17,NO_DECISIVE_ROUND,R03b_20260811_FULL_v1,L1_ELIGIBILITY,v2026-08-11,2026-03-21..2026-08-06,baccarat_bet02_101_all_pairs_incl_sentinel,round_win = game_pnl > 0 (decisive only),COMPATIBILITY_ONLY_NOT_PRODUCTION,268817.8208,244366.2908,168.7661,6248,5610,-0.00062781,-0.08642944,0.00436428,-0.00062781,-168.7661,268817.8208,OK,0.0000,6.7506,4.0000,96.0000,AG03-UNRESOLVED,ALL5_LEVELS_bet23_to_bet27,6.7506,6.7506,6.7506,8.4383,8.4383,4.000000,4.000000,4.000000,5.000000,5.000000,96.000000,96.000000,96.000000,95.000000,95.000000,5.0,37.1285,34.0107,131.6376,134.7554,PENDING_AG03,FALSE,NOT_FOR_ENFORCEMENT,162.0155,234591.6392,168.7661,162.0155,6.7506,0.00062781,0.00060270,6.7506,162.0155,0.00060270,6.7506,6.7506,6.7506,8.4383,8.4383,162.0155,0.00060270,37.1285,34.0107,131.6376,134.7554,0.00048969,0.00050129,0.00002511,43.0246,43.5591,0.0301,2.0581,0.0627,3278.2661,68.4146,17.6798,46.9397,25.7155,39.4976,52.6635,77.1466,82.2897,128.5777,31.4111,0.0,2.083411,3.25533,1.089297,30,192,222,8,0.05498276,0.00062781,0.08642944,0E-8,0.000000,0.909041,0.000000,-0.09079372,2026-03-23,2026-08-06,82,2690,1181,137,0.598540,0.376650,0.410924,0.183276,,,,,,,,GLOBAL_BASELINE_NO_ENTITY_RANKING,,,NOT_APPLICABLE_GLOBAL_BASELINE,HF9g-P5,,,,X 全窗基线 · 不参与实体赏罚,6877455,688,A168_HF9F_20260827_0900,2026-08-27 09:00:00
2026-05-26,70460261,1485,0,51.8914431010,-51.8914431010,-51.8914431010,0E-7,1,1,0.50665070000000000,0.506650700000,-1.013391052207602,-1.013391052207602,-1.013391052207602,0E-17,ELIGIBLE,R03b_20260811_FULL_v1,L1_ELIGIBILITY,v2026-08-11,2026-03-21..2026-08-06,baccarat_bet02_101_all_pairs_incl_sentinel,round_win = game_pnl > 0 (decisive only),COMPATIBILITY_ONLY_NOT_PRODUCTION,268817.8208,244366.2908,168.7661,6248,5610,-0.00062781,-0.08642944,0.00436428,-0.00062781,-168.7661,268817.8208,OK,0.0000,6.7506,4.0000,96.0000,AG03-UNRESOLVED,ALL5_LEVELS_bet23_to_bet27,6.7506,6.7506,6.7506,8.4383,8.4383,4.000000,4.000000,4.000000,5.000000,5.000000,96.000000,96.000000,96.000000,95.000000,95.000000,5.0,37.1285,34.0107,131.6376,134.7554,PENDING_AG03,FALSE,NOT_FOR_ENFORCEMENT,162.0155,234591.6392,168.7661,162.0155,6.7506,0.00062781,0.00060270,6.7506,162.0155,0.00060270,6.7506,6.7506,6.7506,8.4383,8.4383,162.0155,0.00060270,37.1285,34.0107,131.6376,134.7554,0.00048969,0.00050129,0.00002511,43.0246,43.5591,0.0301,2.0581,0.0627,3278.2661,68.4146,17.6798,46.9397,25.7155,39.4976,52.6635,77.1466,82.2897,128.5777,31.4111,0.0,2.083411,3.25533,1.089297,30,192,222,8,0.05498276,0.00062781,0.08642944,0E-8,0.000000,0.909041,0.000000,-0.09079372,2026-03-23,2026-08-06,82,2690,1181,137,0.598540,0.376650,0.410924,0.183276,,,,,,,,GLOBAL_BASELINE_NO_ENTITY_RANKING,,,NOT_APPLICABLE_GLOBAL_BASELINE,HF9g-P5,,,,X 全窗基线 · 不参与实体赏罚,6877456,688,A168_HF9F_20260827_0900,2026-08-27 09:00:00
2026-05-26,70460261,2175,0,179.0254786986,84.0641378237,84.0641378237,0.7500000,4,4,0.50665070000000000,0.506650700000,0.9734833216690844,0.9734833216690844,0.9734833216690844,0E-17,ELIGIBLE,R03b_20260811_FULL_v1,L1_ELIGIBILITY,v2026-08-11,2026-03-21..2026-08-06,baccarat_bet02_101_all_pairs_incl_sentinel,round_win = game_pnl > 0 (decisive only),COMPATIBILITY_ONLY_NOT_PRODUCTION,268817.8208,244366.2908,168.7661,6248,5610,-0.00062781,-0.08642944,0.00436428,-0.00062781,-168.7661,268817.8208,OK,0.0000,6.7506,4.0000,96.0000,AG03-UNRESOLVED,ALL5_LEVELS_bet23_to_bet27,6.7506,6.7506,6.7506,8.4383,8.4383,4.000000,4.000000,4.000000,5.000000,5.000000,96.000000,96.000000,96.000000,95.000000,95.000000,5.0,37.1285,34.0107,131.6376,134.7554,PENDING_AG03,FALSE,NOT_FOR_ENFORCEMENT,162.0155,234591.6392,168.7661,162.0155,6.7506,0.00062781,0.00060270,6.7506,162.0155,0.00060270,6.7506,6.7506,6.7506,8.4383,8.4383,162.0155,0.00060270,37.1285,34.0107,131.6376,134.7554,0.00048969,0.00050129,0.00002511,43.0246,43.5591,0.0301,2.0581,0.0627,3278.2661,68.4146,17.6798,46.9397,25.7155,39.4976,52.6635,77.1466,82.2897,128.5777,31.4111,0.0,2.083411,3.25533,1.089297,30,192,222,8,0.05498276,0.00062781,0.08642944,0E-8,0.000000,0.909041,0.000000,-0.09079372,2026-03-23,2026-08-06,82,2690,1181,137,0.598540,0.376650,0.410924,0.183276,,,,,,,,GLOBAL_BASELINE_NO_ENTITY_RANKING,,,NOT_APPLICABLE_GLOBAL_BASELINE,HF9g-P5,,,,X 全窗基线 · 不参与实体赏罚,6877457,688,A168_HF9F_20260827_0900,2026-08-27 09:00:00
2026-05-26,70460261,2262,0,102.2261429091,51.5800944424,51.5800944424,0.5000000,2,2,0.50665070000000000,0.506650700000,-0.018812684590367487,-0.018812684590367487,-0.018812684590367487,0E-17,ELIGIBLE,R03b_20260811_FULL_v1,L1_ELIGIBILITY,v2026-08-11,2026-03-21..2026-08-06,baccarat_bet02_101_all_pairs_incl_sentinel,round_win = game_pnl > 0 (decisive only),COMPATIBILITY_ONLY_NOT_PRODUCTION,268817.8208,244366.2908,168.7661,6248,5610,-0.00062781,-0.08642944,0.00436428,-0.00062781,-168.7661,268817.8208,OK,0.0000,6.7506,4.0000,96.0000,AG03-UNRESOLVED,ALL5_LEVELS_bet23_to_bet27,6.7506,6.7506,6.7506,8.4383,8.4383,4.000000,4.000000,4.000000,5.000000,5.000000,96.000000,96.000000,96.000000,95.000000,95.000000,5.0,37.1285,34.0107,131.6376,134.7554,PENDING_AG03,FALSE,NOT_FOR_ENFORCEMENT,162.0155,234591.6392,168.7661,162.0155,6.7506,0.00062781,0.00060270,6.7506,162.0155,0.00060270,6.7506,6.7506,6.7506,8.4383,8.4383,162.0155,0.00060270,37.1285,34.0107,131.6376,134.7554,0.00048969,0.00050129,0.00002511,43.0246,43.5591,0.0301,2.0581,0.0627,3278.2661,68.4146,17.6798,46.9397,25.7155,39.4976,52.6635,77.1466,82.2897,128.5777,31.4111,0.0,2.083411,3.25533,1.089297,30,192,222,8,0.05498276,0.00062781,0.08642944,0E-8,0.000000,0.909041,0.000000,-0.09079372,2026-03-23,2026-08-06,82,2690,1181,137,0.598540,0.376650,0.410924,0.183276,,,,,,,,GLOBAL_BASELINE_NO_ENTITY_RANKING,,,NOT_APPLICABLE_GLOBAL_BASELINE,HF9g-P5,,,,X 全窗基线 · 不参与实体赏罚,6877458,688,A168_HF9F_20260827_0900,2026-08-27 09:00:00
2026-05-27,70460261,-1,1,1100.0985937416,448.0826111779,448.0826111779,0.7058824,17,17,0.50665070000000000,0.506650700000,1.643051654814258,1.643051654814258,1.643051654814258,0E-17,SENTINEL_DEALER,R03b_20260811_FULL_v1,L1_ELIGIBILITY,v2026-08-11,2026-03-21..2026-08-06,baccarat_bet02_101_all_pairs_incl_sentinel,round_win = game_pnl > 0 (decisive only),COMPATIBILITY_ONLY_NOT_PRODUCTION,268817.8208,244366.2908,168.7661,6248,5610,-0.00062781,-0.08642944,0.00436428,-0.00062781,-168.7661,268817.8208,OK,0.0000,6.7506,4.0000,96.0000,AG03-UNRESOLVED,ALL5_LEVELS_bet23_to_bet27,6.7506,6.7506,6.7506,8.4383,8.4383,4.000000,4.000000,4.000000,5.000000,5.000000,96.000000,96.000000,96.000000,95.000000,95.000000,5.0,37.1285,34.0107,131.6376,134.7554,PENDING_AG03,FALSE,NOT_FOR_ENFORCEMENT,162.0155,234591.6392,168.7661,162.0155,6.7506,0.00062781,0.00060270,6.7506,162.0155,0.00060270,6.7506,6.7506,6.7506,8.4383,8.4383,162.0155,0.00060270,37.1285,34.0107,131.6376,134.7554,0.00048969,0.00050129,0.00002511,43.0246,43.5591,0.0301,2.0581,0.0627,3278.2661,68.4146,17.6798,46.9397,25.7155,39.4976,52.6635,77.1466,82.2897,128.5777,31.4111,0.0,2.083411,3.25533,1.089297,30,192,222,8,0.05498276,0.00062781,0.08642944,0E-8,0.000000,0.909041,0.000000,-0.09079372,2026-03-23,2026-08-06,82,2690,1181,137,0.598540,0.376650,0.410924,0.183276,,,,,,,,GLOBAL_BASELINE_NO_ENTITY_RANKING,,,NOT_APPLICABLE_GLOBAL_BASELINE,HF9g-P5,,,,X 全窗基线 · 不参与实体赏罚,6877459,688,A168_HF9F_20260827_0900,2026-08-27 09:00:00
2026-05-27,70460261,1004,0,41.5131544808,39.4374967568,39.4374967568,1.0000000,1,1,0.50665070000000000,0.506650700000,0.9867858985152569,0.9867858985152569,0.9867858985152569,0E-17,ELIGIBLE,R03b_20260811_FULL_v1,L1_ELIGIBILITY,v2026-08-11,2026-03-21..2026-08-06,baccarat_bet02_101_all_pairs_incl_sentinel,round_win = game_pnl > 0 (decisive only),COMPATIBILITY_ONLY_NOT_PRODUCTION,268817.8208,244366.2908,168.7661,6248,5610,-0.00062781,-0.08642944,0.00436428,-0.00062781,-168.7661,268817.8208,OK,0.0000,6.7506,4.0000,96.0000,AG03-UNRESOLVED,ALL5_LEVELS_bet23_to_bet27,6.7506,6.7506,6.7506,8.4383,8.4383,4.000000,4.000000,4.000000,5.000000,5.000000,96.000000,96.000000,96.000000,95.000000,95.000000,5.0,37.1285,34.0107,131.6376,134.7554,PENDING_AG03,FALSE,NOT_FOR_ENFORCEMENT,162.0155,234591.6392,168.7661,162.0155,6.7506,0.00062781,0.00060270,6.7506,162.0155,0.00060270,6.7506,6.7506,6.7506,8.4383,8.4383,162.0155,0.00060270,37.1285,34.0107,131.6376,134.7554,0.00048969,0.00050129,0.00002511,43.0246,43.5591,0.0301,2.0581,0.0627,3278.2661,68.4146,17.6798,46.9397,25.7155,39.4976,52.6635,77.1466,82.2897,128.5777,31.4111,0.0,2.083411,3.25533,1.089297,30,192,222,8,0.05498276,0.00062781,0.08642944,0E-8,0.000000,0.909041,0.000000,-0.09079372,2026-03-23,2026-08-06,82,2690,1181,137,0.598540,0.376650,0.410924,0.183276,,,,,,,,GLOBAL_BASELINE_NO_ENTITY_RANKING,,,NOT_APPLICABLE_GLOBAL_BASELINE,HF9g-P5,,,,X 全窗基线 · 不参与实体赏罚,6877460,688,A168_HF9F_20260827_0900,2026-08-27 09:00:00
2026-05-27,70460261,1157,0,51.8914431010,49.2968709460,49.2968709460,1.0000000,1,1,0.50665070000000000,0.506650700000,0.9867858985152569,0.9867858985152569,0.9867858985152569,0E-17,ELIGIBLE,R03b_20260811_FULL_v1,L1_ELIGIBILITY,v2026-08-11,2026-03-21..2026-08-06,baccarat_bet02_101_all_pairs_incl_sentinel,round_win = game_pnl > 0 (decisive only),COMPATIBILITY_ONLY_NOT_PRODUCTION,268817.8208,244366.2908,168.7661,6248,5610,-0.00062781,-0.08642944,0.00436428,-0.00062781,-168.7661,268817.8208,OK,0.0000,6.7506,4.0000,96.0000,AG03-UNRESOLVED,ALL5_LEVELS_bet23_to_bet27,6.7506,6.7506,6.7506,8.4383,8.4383,4.000000,4.000000,4.000000,5.000000,5.000000,96.000000,96.000000,96.000000,95.000000,95.000000,5.0,37.1285,34.0107,131.6376,134.7554,PENDING_AG03,FALSE,NOT_FOR_ENFORCEMENT,162.0155,234591.6392,168.7661,162.0155,6.7506,0.00062781,0.00060270,6.7506,162.0155,0.00060270,6.7506,6.7506,6.7506,8.4383,8.4383,162.0155,0.00060270,37.1285,34.0107,131.6376,134.7554,0.00048969,0.00050129,0.00002511,43.0246,43.5591,0.0301,2.0581,0.0627,3278.2661,68.4146,17.6798,46.9397,25.7155,39.4976,52.6635,77.1466,82.2897,128.5777,31.4111,0.0,2.083411,3.25533,1.089297,30,192,222,8,0.05498276,0.00062781,0.08642944,0E-8,0.000000,0.909041,0.000000,-0.09079372,2026-03-23,2026-08-06,82,2690,1181,137,0.598540,0.376650,0.410924,0.183276,,,,,,,,GLOBAL_BASELINE_NO_ENTITY_RANKING,,,NOT_APPLICABLE_GLOBAL_BASELINE,HF9g-P5,,,,X 全窗基线 · 不参与实体赏罚,6877461,688,A168_HF9F_20260827_0900,2026-08-27 09:00:00
2026-05-27,70460261,1205,0,51.8914431010,49.2968709460,49.2968709460,1.0000000,1,1,0.50665070000000000,0.506650700000,0.9867858985152569,0.9867858985152569,0.9867858985152569,0E-17,ELIGIBLE,R03b_20260811_FULL_v1,L1_ELIGIBILITY,v2026-08-11,2026-03-21..2026-08-06,baccarat_bet02_101_all_pairs_incl_sentinel,round_win = game_pnl > 0 (decisive only),COMPATIBILITY_ONLY_NOT_PRODUCTION,268817.8208,244366.2908,168.7661,6248,5610,-0.00062781,-0.08642944,0.00436428,-0.00062781,-168.7661,268817.8208,OK,0.0000,6.7506,4.0000,96.0000,AG03-UNRESOLVED,ALL5_LEVELS_bet23_to_bet27,6.7506,6.7506,6.7506,8.4383,8.4383,4.000000,4.000000,4.000000,5.000000,5.000000,96.000000,96.000000,96.000000,95.000000,95.000000,5.0,37.1285,34.0107,131.6376,134.7554,PENDING_AG03,FALSE,NOT_FOR_ENFORCEMENT,162.0155,234591.6392,168.7661,162.0155,6.7506,0.00062781,0.00060270,6.7506,162.0155,0.00060270,6.7506,6.7506,6.7506,8.4383,8.4383,162.0155,0.00060270,37.1285,34.0107,131.6376,134.7554,0.00048969,0.00050129,0.00002511,43.0246,43.5591,0.0301,2.0581,0.0627,3278.2661,68.4146,17.6798,46.9397,25.7155,39.4976,52.6635,77.1466,82.2897,128.5777,31.4111,0.0,2.083411,3.25533,1.089297,30,192,222,8,0.05498276,0.00062781,0.08642944,0E-8,0.000000,0.909041,0.000000,-0.09079372,2026-03-23,2026-08-06,82,2690,1181,137,0.598540,0.376650,0.410924,0.183276,,,,,,,,GLOBAL_BASELINE_NO_ENTITY_RANKING,,,NOT_APPLICABLE_GLOBAL_BASELINE,HF9g-P5,,,,X 全窗基线 · 不参与实体赏罚,6877462,688,A168_HF9F_20260827_0900,2026-08-27 09:00:00
2026-05-27,70460261,1299,0,51.8914431010,-51.8914431010,-51.8914431010,0E-7,1,1,0.50665070000000000,0.506650700000,-1.013391052207602,-1.013391052207602,-1.013391052207602,0E-17,ELIGIBLE,R03b_20260811_FULL_v1,L1_ELIGIBILITY,v2026-08-11,2026-03-21..2026-08-06,baccarat_bet02_101_all_pairs_incl_sentinel,round_win = game_pnl > 0 (decisive only),COMPATIBILITY_ONLY_NOT_PRODUCTION,268817.8208,244366.2908,168.7661,6248,5610,-0.00062781,-0.08642944,0.00436428,-0.00062781,-168.7661,268817.8208,OK,0.0000,6.7506,4.0000,96.0000,AG03-UNRESOLVED,ALL5_LEVELS_bet23_to_bet27,6.7506,6.7506,6.7506,8.4383,8.4383,4.000000,4.000000,4.000000,5.000000,5.000000,96.000000,96.000000,96.000000,95.000000,95.000000,5.0,37.1285,34.0107,131.6376,134.7554,PENDING_AG03,FALSE,NOT_FOR_ENFORCEMENT,162.0155,234591.6392,168.7661,162.0155,6.7506,0.00062781,0.00060270,6.7506,162.0155,0.00060270,6.7506,6.7506,6.7506,8.4383,8.4383,162.0155,0.00060270,37.1285,34.0107,131.6376,134.7554,0.00048969,0.00050129,0.00002511,43.0246,43.5591,0.0301,2.0581,0.0627,3278.2661,68.4146,17.6798,46.9397,25.7155,39.4976,52.6635,77.1466,82.2897,128.5777,31.4111,0.0,2.083411,3.25533,1.089297,30,192,222,8,0.05498276,0.00062781,0.08642944,0E-8,0.000000,0.909041,0.000000,-0.09079372,2026-03-23,2026-08-06,82,2690,1181,137,0.598540,0.376650,0.410924,0.183276,,,,,,,,GLOBAL_BASELINE_NO_ENTITY_RANKING,,,NOT_APPLICABLE_GLOBAL_BASELINE,HF9g-P5,,,,X 全窗基线 · 不参与实体赏罚,6877463,688,A168_HF9F_20260827_0900,2026-08-27 09:00:00
2026-05-27,70460261,1302,0,25.9457215505,-25.9457215505,-25.9457215505,0E-7,1,1,0.50665070000000000,0.506650700000,-1.013391052207602,-1.013391052207602,-1.013391052207602,0E-17,ELIGIBLE,R03b_20260811_FULL_v1,L1_ELIGIBILITY,v2026-08-11,2026-03-21..2026-08-06,baccarat_bet02_101_all_pairs_incl_sentinel,round_win = game_pnl > 0 (decisive only),COMPATIBILITY_ONLY_NOT_PRODUCTION,268817.8208,244366.2908,168.7661,6248,5610,-0.00062781,-0.08642944,0.00436428,-0.00062781,-168.7661,268817.8208,OK,0.0000,6.7506,4.0000,96.0000,AG03-UNRESOLVED,ALL5_LEVELS_bet23_to_bet27,6.7506,6.7506,6.7506,8.4383,8.4383,4.000000,4.000000,4.000000,5.000000,5.000000,96.000000,96.000000,96.000000,95.000000,95.000000,5.0,37.1285,34.0107,131.6376,134.7554,PENDING_AG03,FALSE,NOT_FOR_ENFORCEMENT,162.0155,234591.6392,168.7661,162.0155,6.7506,0.00062781,0.00060270,6.7506,162.0155,0.00060270,6.7506,6.7506,6.7506,8.4383,8.4383,162.0155,0.00060270,37.1285,34.0107,131.6376,134.7554,0.00048969,0.00050129,0.00002511,43.0246,43.5591,0.0301,2.0581,0.0627,3278.2661,68.4146,17.6798,46.9397,25.7155,39.4976,52.6635,77.1466,82.2897,128.5777,31.4111,0.0,2.083411,3.25533,1.089297,30,192,222,8,0.05498276,0.00062781,0.08642944,0E-8,0.000000,0.909041,0.000000,-0.09079372,2026-03-23,2026-08-06,82,2690,1181,137,0.598540,0.376650,0.410924,0.183276,,,,,,,,GLOBAL_BASELINE_NO_ENTITY_RANKING,,,NOT_APPLICABLE_GLOBAL_BASELINE,HF9g-P5,,,,X 全窗基线 · 不参与实体赏罚,6877464,688,A168_HF9F_20260827_0900,2026-08-27 09:00:00
2026-05-27,70460261,1307,0,25.9457215505,-25.9457215505,-25.9457215505,0E-7,1,1,0.50665070000000000,0.506650700000,-1.013391052207602,-1.013391052207602,-1.013391052207602,0E-17,ELIGIBLE,R03b_20260811_FULL_v1,L1_ELIGIBILITY,v2026-08-11,2026-03-21..2026-08-06,baccarat_bet02_101_all_pairs_incl_sentinel,round_win = game_pnl > 0 (decisive only),COMPATIBILITY_ONLY_NOT_PRODUCTION,268817.8208,244366.2908,168.7661,6248,5610,-0.00062781,-0.08642944,0.00436428,-0.00062781,-168.7661,268817.8208,OK,0.0000,6.7506,4.0000,96.0000,AG03-UNRESOLVED,ALL5_LEVELS_bet23_to_bet27,6.7506,6.7506,6.7506,8.4383,8.4383,4.000000,4.000000,4.000000,5.000000,5.000000,96.000000,96.000000,96.000000,95.000000,95.000000,5.0,37.1285,34.0107,131.6376,134.7554,PENDING_AG03,FALSE,NOT_FOR_ENFORCEMENT,162.0155,234591.6392,168.7661,162.0155,6.7506,0.00062781,0.00060270,6.7506,162.0155,0.00060270,6.7506,6.7506,6.7506,8.4383,8.4383,162.0155,0.00060270,37.1285,34.0107,131.6376,134.7554,0.00048969,0.00050129,0.00002511,43.0246,43.5591,0.0301,2.0581,0.0627,3278.2661,68.4146,17.6798,46.9397,25.7155,39.4976,52.6635,77.1466,82.2897,128.5777,31.4111,0.0,2.083411,3.25533,1.089297,30,192,222,8,0.05498276,0.00062781,0.08642944,0E-8,0.000000,0.909041,0.000000,-0.09079372,2026-03-23,2026-08-06,82,2690,1181,137,0.598540,0.376650,0.410924,0.183276,,,,,,,,GLOBAL_BASELINE_NO_ENTITY_RANKING,,,NOT_APPLICABLE_GLOBAL_BASELINE,HF9g-P5,,,,X 全窗基线 · 不参与实体赏罚,6877465,688,A168_HF9F_20260827_0900,2026-08-27 09:00:00
2026-05-27,70460261,1400,0,108.9720305121,-51.8914431010,-51.8914431010,0E-7,2,2,0.50665070000000000,0.506650700000,-1.013391052207602,-1.013391052207602,-1.013391052207602,0E-17,ELIGIBLE,R03b_20260811_FULL_v1,L1_ELIGIBILITY,v2026-08-11,2026-03-21..2026-08-06,baccarat_bet02_101_all_pairs_incl_sentinel,round_win = game_pnl > 0 (decisive only),COMPATIBILITY_ONLY_NOT_PRODUCTION,268817.8208,244366.2908,168.7661,6248,5610,-0.00062781,-0.08642944,0.00436428,-0.00062781,-168.7661,268817.8208,OK,0.0000,6.7506,4.0000,96.0000,AG03-UNRESOLVED,ALL5_LEVELS_bet23_to_bet27,6.7506,6.7506,6.7506,8.4383,8.4383,4.000000,4.000000,4.000000,5.000000,5.000000,96.000000,96.000000,96.000000,95.000000,95.000000,5.0,37.1285,34.0107,131.6376,134.7554,PENDING_AG03,FALSE,NOT_FOR_ENFORCEMENT,162.0155,234591.6392,168.7661,162.0155,6.7506,0.00062781,0.00060270,6.7506,162.0155,0.00060270,6.7506,6.7506,6.7506,8.4383,8.4383,162.0155,0.00060270,37.1285,34.0107,131.6376,134.7554,0.00048969,0.00050129,0.00002511,43.0246,43.5591,0.0301,2.0581,0.0627,3278.2661,68.4146,17.6798,46.9397,25.7155,39.4976,52.6635,77.1466,82.2897,128.5777,31.4111,0.0,2.083411,3.25533,1.089297,30,192,222,8,0.05498276,0.00062781,0.08642944,0E-8,0.000000,0.909041,0.000000,-0.09079372,2026-03-23,2026-08-06,82,2690,1181,137,0.598540,0.376650,0.410924,0.183276,,,,,,,,GLOBAL_BASELINE_NO_ENTITY_RANKING,,,NOT_APPLICABLE_GLOBAL_BASELINE,HF9g-P5,,,,X 全窗基线 · 不参与实体赏罚,6877466,688,A168_HF9F_20260827_0900,2026-08-27 09:00:00
2026-05-27,70460261,1509,0,77.8371646515,73.9453064190,73.9453064190,1.0000000,1,1,0.50665070000000000,0.506650700000,0.9867858985152569,0.9867858985152569,0.9867858985152569,0E-17,ELIGIBLE,R03b_20260811_FULL_v1,L1_ELIGIBILITY,v2026-08-11,2026-03-21..2026-08-06,baccarat_bet02_101_all_pairs_incl_sentinel,round_win = game_pnl > 0 (decisive only),COMPATIBILITY_ONLY_NOT_PRODUCTION,268817.8208,244366.2908,168.7661,6248,5610,-0.00062781,-0.08642944,0.00436428,-0.00062781,-168.7661,268817.8208,OK,0.0000,6.7506,4.0000,96.0000,AG03-UNRESOLVED,ALL5_LEVELS_bet23_to_bet27,6.7506,6.7506,6.7506,8.4383,8.4383,4.000000,4.000000,4.000000,5.000000,5.000000,96.000000,96.000000,96.000000,95.000000,95.000000,5.0,37.1285,34.0107,131.6376,134.7554,PENDING_AG03,FALSE,NOT_FOR_ENFORCEMENT,162.0155,234591.6392,168.7661,162.0155,6.7506,0.00062781,0.00060270,6.7506,162.0155,0.00060270,6.7506,6.7506,6.7506,8.4383,8.4383,162.0155,0.00060270,37.1285,34.0107,131.6376,134.7554,0.00048969,0.00050129,0.00002511,43.0246,43.5591,0.0301,2.0581,0.0627,3278.2661,68.4146,17.6798,46.9397,25.7155,39.4976,52.6635,77.1466,82.2897,128.5777,31.4111,0.0,2.083411,3.25533,1.089297,30,192,222,8,0.05498276,0.00062781,0.08642944,0E-8,0.000000,0.909041,0.000000,-0.09079372,2026-03-23,2026-08-06,82,2690,1181,137,0.598540,0.376650,0.410924,0.183276,,,,,,,,GLOBAL_BASELINE_NO_ENTITY_RANKING,,,NOT_APPLICABLE_GLOBAL_BASELINE,HF9g-P5,,,,X 全窗基线 · 不参与实体赏罚,6877467,688,A168_HF9F_20260827_0900,2026-08-27 09:00:00
2026-05-27,70460261,1654,0,70.0534481864,-70.0534481864,-70.0534481864,0E-7,2,2,0.49994810000000000,0.499948100000,-1.4140667746232096,-1.4140667746232096,-1.4140667746232096,0E-17,ELIGIBLE,R03b_20260811_FULL_v1,L1_ELIGIBILITY,v2026-08-11,2026-03-21..2026-08-06,baccarat_bet02_101_all_pairs_incl_sentinel,round_win = game_pnl > 0 (decisive only),COMPATIBILITY_ONLY_NOT_PRODUCTION,268817.8208,244366.2908,168.7661,6248,5610,-0.00062781,-0.08642944,0.00436428,-0.00062781,-168.7661,268817.8208,OK,0.0000,6.7506,4.0000,96.0000,AG03-UNRESOLVED,ALL5_LEVELS_bet23_to_bet27,6.7506,6.7506,6.7506,8.4383,8.4383,4.000000,4.000000,4.000000,5.000000,5.000000,96.000000,96.000000,96.000000,95.000000,95.000000,5.0,37.1285,34.0107,131.6376,134.7554,PENDING_AG03,FALSE,NOT_FOR_ENFORCEMENT,162.0155,234591.6392,168.7661,162.0155,6.7506,0.00062781,0.00060270,6.7506,162.0155,0.00060270,6.7506,6.7506,6.7506,8.4383,8.4383,162.0155,0.00060270,37.1285,34.0107,131.6376,134.7554,0.00048969,0.00050129,0.00002511,43.0246,43.5591,0.0301,2.0581,0.0627,3278.2661,68.4146,17.6798,46.9397,25.7155,39.4976,52.6635,77.1466,82.2897,128.5777,31.4111,0.0,2.083411,3.25533,1.089297,30,192,222,8,0.05498276,0.00062781,0.08642944,0E-8,0.000000,0.909041,0.000000,-0.09079372,2026-03-23,2026-08-06,82,2690,1181,137,0.598540,0.376650,0.410924,0.183276,,,,,,,,GLOBAL_BASELINE_NO_ENTITY_RANKING,,,NOT_APPLICABLE_GLOBAL_BASELINE,HF9g-P5,,,,X 全窗基线 · 不参与实体赏罚,6877468,688,A168_HF9F_20260827_0900,2026-08-27 09:00:00
2026-05-27,70460261,1951,0,153.0797571480,99.8910279695,99.8910279695,0.6666667,3,3,0.50665070000000000,0.506650700000,0.5543606114942035,0.5543606114942035,0.5543606114942035,0E-17,ELIGIBLE,R03b_20260811_FULL_v1,L1_ELIGIBILITY,v2026-08-11,2026-03-21..2026-08-06,baccarat_bet02_101_all_pairs_incl_sentinel,round_win = game_pnl > 0 (decisive only),COMPATIBILITY_ONLY_NOT_PRODUCTION,268817.8208,244366.2908,168.7661,6248,5610,-0.00062781,-0.08642944,0.00436428,-0.00062781,-168.7661,268817.8208,OK,0.0000,6.7506,4.0000,96.0000,AG03-UNRESOLVED,ALL5_LEVELS_bet23_to_bet27,6.7506,6.7506,6.7506,8.4383,8.4383,4.000000,4.000000,4.000000,5.000000,5.000000,96.000000,96.000000,96.000000,95.000000,95.000000,5.0,37.1285,34.0107,131.6376,134.7554,PENDING_AG03,FALSE,NOT_FOR_ENFORCEMENT,162.0155,234591.6392,168.7661,162.0155,6.7506,0.00062781,0.00060270,6.7506,162.0155,0.00060270,6.7506,6.7506,6.7506,8.4383,8.4383,162.0155,0.00060270,37.1285,34.0107,131.6376,134.7554,0.00048969,0.00050129,0.00002511,43.0246,43.5591,0.0301,2.0581,0.0627,3278.2661,68.4146,17.6798,46.9397,25.7155,39.4976,52.6635,77.1466,82.2897,128.5777,31.4111,0.0,2.083411,3.25533,1.089297,30,192,222,8,0.05498276,0.00062781,0.08642944,0E-8,0.000000,0.909041,0.000000,-0.09079372,2026-03-23,2026-08-06,82,2690,1181,137,0.598540,0.376650,0.410924,0.183276,,,,,,,,GLOBAL_BASELINE_NO_ENTITY_RANKING,,,NOT_APPLICABLE_GLOBAL_BASELINE,HF9g-P5,,,,X 全窗基线 · 不参与实体赏罚,6877469,688,A168_HF9F_20260827_0900,2026-08-27 09:00:00
2026-05-27,70460261,1994,0,368.4292460171,168.9066472940,168.9066472940,0.8000000,6,6,0.50665070000000000,0.506650700000,1.3120140225494112,1.3120140225494112,1.3120140225494112,0E-17,ELIGIBLE,R03b_20260811_FULL_v1,L1_ELIGIBILITY,v2026-08-11,2026-03-21..2026-08-06,baccarat_bet02_101_all_pairs_incl_sentinel,round_win = game_pnl > 0 (decisive only),COMPATIBILITY_ONLY_NOT_PRODUCTION,268817.8208,244366.2908,168.7661,6248,5610,-0.00062781,-0.08642944,0.00436428,-0.00062781,-168.7661,268817.8208,OK,0.0000,6.7506,4.0000,96.0000,AG03-UNRESOLVED,ALL5_LEVELS_bet23_to_bet27,6.7506,6.7506,6.7506,8.4383,8.4383,4.000000,4.000000,4.000000,5.000000,5.000000,96.000000,96.000000,96.000000,95.000000,95.000000,5.0,37.1285,34.0107,131.6376,134.7554,PENDING_AG03,FALSE,NOT_FOR_ENFORCEMENT,162.0155,234591.6392,168.7661,162.0155,6.7506,0.00062781,0.00060270,6.7506,162.0155,0.00060270,6.7506,6.7506,6.7506,8.4383,8.4383,162.0155,0.00060270,37.1285,34.0107,131.6376,134.7554,0.00048969,0.00050129,0.00002511,43.0246,43.5591,0.0301,2.0581,0.0627,3278.2661,68.4146,17.6798,46.9397,25.7155,39.4976,52.6635,77.1466,82.2897,128.5777,31.4111,0.0,2.083411,3.25533,1.089297,30,192,222,8,0.05498276,0.00062781,0.08642944,0E-8,0.000000,0.909041,0.000000,-0.09079372,2026-03-23,2026-08-06,82,2690,1181,137,0.598540,0.376650,0.410924,0.183276,,,,,,,,GLOBAL_BASELINE_NO_ENTITY_RANKING,,,NOT_APPLICABLE_GLOBAL_BASELINE,HF9g-P5,,,,X 全窗基线 · 不参与实体赏罚,6877470,688,A168_HF9F_20260827_0900,2026-08-27 09:00:00
2026-05-27,70460261,2088,0,254.2680711949,190.9605106119,190.9605106119,0.8333333,6,6,0.50665070000000000,0.506650700000,1.6005531159783741,1.6005531159783741,1.6005531159783741,0E-17,ELIGIBLE,R03b_20260811_FULL_v1,L1_ELIGIBILITY,v2026-08-11,2026-03-21..2026-08-06,baccarat_bet02_101_all_pairs_incl_sentinel,round_win = game_pnl > 0 (decisive only),COMPATIBILITY_ONLY_NOT_PRODUCTION,268817.8208,244366.2908,168.7661,6248,5610,-0.00062781,-0.08642944,0.00436428,-0.00062781,-168.7661,268817.8208,OK,0.0000,6.7506,4.0000,96.0000,AG03-UNRESOLVED,ALL5_LEVELS_bet23_to_bet27,6.7506,6.7506,6.7506,8.4383,8.4383,4.000000,4.000000,4.000000,5.000000,5.000000,96.000000,96.000000,96.000000,95.000000,95.000000,5.0,37.1285,34.0107,131.6376,134.7554,PENDING_AG03,FALSE,NOT_FOR_ENFORCEMENT,162.0155,234591.6392,168.7661,162.0155,6.7506,0.00062781,0.00060270,6.7506,162.0155,0.00060270,6.7506,6.7506,6.7506,8.4383,8.4383,162.0155,0.00060270,37.1285,34.0107,131.6376,134.7554,0.00048969,0.00050129,0.00002511,43.0246,43.5591,0.0301,2.0581,0.0627,3278.2661,68.4146,17.6798,46.9397,25.7155,39.4976,52.6635,77.1466,82.2897,128.5777,31.4111,0.0,2.083411,3.25533,1.089297,30,192,222,8,0.05498276,0.00062781,0.08642944,0E-8,0.000000,0.909041,0.000000,-0.09079372,2026-03-23,2026-08-06,82,2690,1181,137,0.598540,0.376650,0.410924,0.183276,,,,,,,,GLOBAL_BASELINE_NO_ENTITY_RANKING,,,NOT_APPLICABLE_GLOBAL_BASELINE,HF9g-P5,,,,X 全窗基线 · 不参与实体赏罚,6877471,688,A168_HF9F_20260827_0900,2026-08-27 09:00:00
2026-05-27,70460261,2101,0,77.8371646515,-77.8371646515,-77.8371646515,0E-7,1,1,0.50665070000000000,0.506650700000,-1.013391052207602,-1.013391052207602,-1.013391052207602,0E-17,ELIGIBLE,R03b_20260811_FULL_v1,L1_ELIGIBILITY,v2026-08-11,2026-03-21..2026-08-06,baccarat_bet02_101_all_pairs_incl_sentinel,round_win = game_pnl > 0 (decisive only),COMPATIBILITY_ONLY_NOT_PRODUCTION,268817.8208,244366.2908,168.7661,6248,5610,-0.00062781,-0.08642944,0.00436428,-0.00062781,-168.7661,268817.8208,OK,0.0000,6.7506,4.0000,96.0000,AG03-UNRESOLVED,ALL5_LEVELS_bet23_to_bet27,6.7506,6.7506,6.7506,8.4383,8.4383,4.000000,4.000000,4.000000,5.000000,5.000000,96.000000,96.000000,96.000000,95.000000,95.000000,5.0,37.1285,34.0107,131.6376,134.7554,PENDING_AG03,FALSE,NOT_FOR_ENFORCEMENT,162.0155,234591.6392,168.7661,162.0155,6.7506,0.00062781,0.00060270,6.7506,162.0155,0.00060270,6.7506,6.7506,6.7506,8.4383,8.4383,162.0155,0.00060270,37.1285,34.0107,131.6376,134.7554,0.00048969,0.00050129,0.00002511,43.0246,43.5591,0.0301,2.0581,0.0627,3278.2661,68.4146,17.6798,46.9397,25.7155,39.4976,52.6635,77.1466,82.2897,128.5777,31.4111,0.0,2.083411,3.25533,1.089297,30,192,222,8,0.05498276,0.00062781,0.08642944,0E-8,0.000000,0.909041,0.000000,-0.09079372,2026-03-23,2026-08-06,82,2690,1181,137,0.598540,0.376650,0.410924,0.183276,,,,,,,,GLOBAL_BASELINE_NO_ENTITY_RANKING,,,NOT_APPLICABLE_GLOBAL_BASELINE,HF9g-P5,,,,X 全窗基线 · 不参与实体赏罚,6877472,688,A168_HF9F_20260827_0900,2026-08-27 09:00:00
2026-05-27,70460261,2127,0,59.6751595662,16.2160759691,16.2160759691,0.5000000,2,2,0.50665070000000000,0.506650700000,-0.018812684590367487,-0.018812684590367487,-0.018812684590367487,0E-17,ELIGIBLE,R03b_20260811_FULL_v1,L1_ELIGIBILITY,v2026-08-11,2026-03-21..2026-08-06,baccarat_bet02_101_all_pairs_incl_sentinel,round_win = game_pnl > 0 (decisive only),COMPATIBILITY_ONLY_NOT_PRODUCTION,268817.8208,244366.2908,168.7661,6248,5610,-0.00062781,-0.08642944,0.00436428,-0.00062781,-168.7661,268817.8208,OK,0.0000,6.7506,4.0000,96.0000,AG03-UNRESOLVED,ALL5_LEVELS_bet23_to_bet27,6.7506,6.7506,6.7506,8.4383,8.4383,4.000000,4.000000,4.000000,5.000000,5.000000,96.000000,96.000000,96.000000,95.000000,95.000000,5.0,37.1285,34.0107,131.6376,134.7554,PENDING_AG03,FALSE,NOT_FOR_ENFORCEMENT,162.0155,234591.6392,168.7661,162.0155,6.7506,0.00062781,0.00060270,6.7506,162.0155,0.00060270,6.7506,6.7506,6.7506,8.4383,8.4383,162.0155,0.00060270,37.1285,34.0107,131.6376,134.7554,0.00048969,0.00050129,0.00002511,43.0246,43.5591,0.0301,2.0581,0.0627,3278.2661,68.4146,17.6798,46.9397,25.7155,39.4976,52.6635,77.1466,82.2897,128.5777,31.4111,0.0,2.083411,3.25533,1.089297,30,192,222,8,0.05498276,0.00062781,0.08642944,0E-8,0.000000,0.909041,0.000000,-0.09079372,2026-03-23,2026-08-06,82,2690,1181,137,0.598540,0.376650,0.410924,0.183276,,,,,,,,GLOBAL_BASELINE_NO_ENTITY_RANKING,,,NOT_APPLICABLE_GLOBAL_BASELINE,HF9g-P5,,,,X 全窗基线 · 不参与实体赏罚,6877473,688,A168_HF9F_20260827_0900,2026-08-27 09:00:00
2026-05-27,70460261,2147,0,176.4309065435,56.3022157647,56.3022157647,0.7500000,4,4,0.50665070000000000,0.506650700000,0.9734833216690844,0.9734833216690844,0.9734833216690844,0E-17,ELIGIBLE,R03b_20260811_FULL_v1,L1_ELIGIBILITY,v2026-08-11,2026-03-21..2026-08-06,baccarat_bet02_101_all_pairs_incl_sentinel,round_win = game_pnl > 0 (decisive only),COMPATIBILITY_ONLY_NOT_PRODUCTION,268817.8208,244366.2908,168.7661,6248,5610,-0.00062781,-0.08642944,0.00436428,-0.00062781,-168.7661,268817.8208,OK,0.0000,6.7506,4.0000,96.0000,AG03-UNRESOLVED,ALL5_LEVELS_bet23_to_bet27,6.7506,6.7506,6.7506,8.4383,8.4383,4.000000,4.000000,4.000000,5.000000,5.000000,96.000000,96.000000,96.000000,95.000000,95.000000,5.0,37.1285,34.0107,131.6376,134.7554,PENDING_AG03,FALSE,NOT_FOR_ENFORCEMENT,162.0155,234591.6392,168.7661,162.0155,6.7506,0.00062781,0.00060270,6.7506,162.0155,0.00060270,6.7506,6.7506,6.7506,8.4383,8.4383,162.0155,0.00060270,37.1285,34.0107,131.6376,134.7554,0.00048969,0.00050129,0.00002511,43.0246,43.5591,0.0301,2.0581,0.0627,3278.2661,68.4146,17.6798,46.9397,25.7155,39.4976,52.6635,77.1466,82.2897,128.5777,31.4111,0.0,2.083411,3.25533,1.089297,30,192,222,8,0.05498276,0.00062781,0.08642944,0E-8,0.000000,0.909041,0.000000,-0.09079372,2026-03-23,2026-08-06,82,2690,1181,137,0.598540,0.376650,0.410924,0.183276,,,,,,,,GLOBAL_BASELINE_NO_ENTITY_RANKING,,,NOT_APPLICABLE_GLOBAL_BASELINE,HF9g-P5,,,,X 全窗基线 · 不参与实体赏罚,6877474,688,A168_HF9F_20260827_0900,2026-08-27 09:00:00
2026-05-27,70460261,2152,0,77.8371646515,73.9453064190,73.9453064190,1.0000000,1,1,0.50665070000000000,0.506650700000,0.9867858985152569,0.9867858985152569,0.9867858985152569,0E-17,ELIGIBLE,R03b_20260811_FULL_v1,L1_ELIGIBILITY,v2026-08-11,2026-03-21..2026-08-06,baccarat_bet02_101_all_pairs_incl_sentinel,round_win = game_pnl > 0 (decisive only),COMPATIBILITY_ONLY_NOT_PRODUCTION,268817.8208,244366.2908,168.7661,6248,5610,-0.00062781,-0.08642944,0.00436428,-0.00062781,-168.7661,268817.8208,OK,0.0000,6.7506,4.0000,96.0000,AG03-UNRESOLVED,ALL5_LEVELS_bet23_to_bet27,6.7506,6.7506,6.7506,8.4383,8.4383,4.000000,4.000000,4.000000,5.000000,5.000000,96.000000,96.000000,96.000000,95.000000,95.000000,5.0,37.1285,34.0107,131.6376,134.7554,PENDING_AG03,FALSE,NOT_FOR_ENFORCEMENT,162.0155,234591.6392,168.7661,162.0155,6.7506,0.00062781,0.00060270,6.7506,162.0155,0.00060270,6.7506,6.7506,6.7506,8.4383,8.4383,162.0155,0.00060270,37.1285,34.0107,131.6376,134.7554,0.00048969,0.00050129,0.00002511,43.0246,43.5591,0.0301,2.0581,0.0627,3278.2661,68.4146,17.6798,46.9397,25.7155,39.4976,52.6635,77.1466,82.2897,128.5777,31.4111,0.0,2.083411,3.25533,1.089297,30,192,222,8,0.05498276,0.00062781,0.08642944,0E-8,0.000000,0.909041,0.000000,-0.09079372,2026-03-23,2026-08-06,82,2690,1181,137,0.598540,0.376650,0.410924,0.183276,,,,,,,,GLOBAL_BASELINE_NO_ENTITY_RANKING,,,NOT_APPLICABLE_GLOBAL_BASELINE,HF9g-P5,,,,X 全窗基线 · 不参与实体赏罚,6877475,688,A168_HF9F_20260827_0900,2026-08-27 09:00:00
2026-05-27,70460261,2170,0,75.2425924965,-75.2425924965,-75.2425924965,0E-7,1,1,0.50665070000000000,0.506650700000,-1.013391052207602,-1.013391052207602,-1.013391052207602,0E-17,ELIGIBLE,R03b_20260811_FULL_v1,L1_ELIGIBILITY,v2026-08-11,2026-03-21..2026-08-06,baccarat_bet02_101_all_pairs_incl_sentinel,round_win = game_pnl > 0 (decisive only),COMPATIBILITY_ONLY_NOT_PRODUCTION,268817.8208,244366.2908,168.7661,6248,5610,-0.00062781,-0.08642944,0.00436428,-0.00062781,-168.7661,268817.8208,OK,0.0000,6.7506,4.0000,96.0000,AG03-UNRESOLVED,ALL5_LEVELS_bet23_to_bet27,6.7506,6.7506,6.7506,8.4383,8.4383,4.000000,4.000000,4.000000,5.000000,5.000000,96.000000,96.000000,96.000000,95.000000,95.000000,5.0,37.1285,34.0107,131.6376,134.7554,PENDING_AG03,FALSE,NOT_FOR_ENFORCEMENT,162.0155,234591.6392,168.7661,162.0155,6.7506,0.00062781,0.00060270,6.7506,162.0155,0.00060270,6.7506,6.7506,6.7506,8.4383,8.4383,162.0155,0.00060270,37.1285,34.0107,131.6376,134.7554,0.00048969,0.00050129,0.00002511,43.0246,43.5591,0.0301,2.0581,0.0627,3278.2661,68.4146,17.6798,46.9397,25.7155,39.4976,52.6635,77.1466,82.2897,128.5777,31.4111,0.0,2.083411,3.25533,1.089297,30,192,222,8,0.05498276,0.00062781,0.08642944,0E-8,0.000000,0.909041,0.000000,-0.09079372,2026-03-23,2026-08-06,82,2690,1181,137,0.598540,0.376650,0.410924,0.183276,,,,,,,,GLOBAL_BASELINE_NO_ENTITY_RANKING,,,NOT_APPLICABLE_GLOBAL_BASELINE,HF9g-P5,,,,X 全窗基线 · 不参与实体赏罚,6877476,688,A168_HF9F_20260827_0900,2026-08-27 09:00:00
2026-05-27,70460261,2223,0,137.5123242177,29.4483939599,29.4483939599,0.6666667,3,3,0.50665070000000000,0.506650700000,0.5543606114942035,0.5543606114942035,0.5543606114942035,0E-17,ELIGIBLE,R03b_20260811_FULL_v1,L1_ELIGIBILITY,v2026-08-11,2026-03-21..2026-08-06,baccarat_bet02_101_all_pairs_incl_sentinel,round_win = game_pnl > 0 (decisive only),COMPATIBILITY_ONLY_NOT_PRODUCTION,268817.8208,244366.2908,168.7661,6248,5610,-0.00062781,-0.08642944,0.00436428,-0.00062781,-168.7661,268817.8208,OK,0.0000,6.7506,4.0000,96.0000,AG03-UNRESOLVED,ALL5_LEVELS_bet23_to_bet27,6.7506,6.7506,6.7506,8.4383,8.4383,4.000000,4.000000,4.000000,5.000000,5.000000,96.000000,96.000000,96.000000,95.000000,95.000000,5.0,37.1285,34.0107,131.6376,134.7554,PENDING_AG03,FALSE,NOT_FOR_ENFORCEMENT,162.0155,234591.6392,168.7661,162.0155,6.7506,0.00062781,0.00060270,6.7506,162.0155,0.00060270,6.7506,6.7506,6.7506,8.4383,8.4383,162.0155,0.00060270,37.1285,34.0107,131.6376,134.7554,0.00048969,0.00050129,0.00002511,43.0246,43.5591,0.0301,2.0581,0.0627,3278.2661,68.4146,17.6798,46.9397,25.7155,39.4976,52.6635,77.1466,82.2897,128.5777,31.4111,0.0,2.083411,3.25533,1.089297,30,192,222,8,0.05498276,0.00062781,0.08642944,0E-8,0.000000,0.909041,0.000000,-0.09079372,2026-03-23,2026-08-06,82,2690,1181,137,0.598540,0.376650,0.410924,0.183276,,,,,,,,GLOBAL_BASELINE_NO_ENTITY_RANKING,,,NOT_APPLICABLE_GLOBAL_BASELINE,HF9g-P5,,,,X 全窗基线 · 不参与实体赏罚,6877477,688,A168_HF9F_20260827_0900,2026-08-27 09:00:00
2026-05-27,70460261,2241,0,25.9457215505,24.6484354730,24.6484354730,1.0000000,1,1,0.50665070000000000,0.506650700000,0.9867858985152569,0.9867858985152569,0.9867858985152569,0E-17,ELIGIBLE,R03b_20260811_FULL_v1,L1_ELIGIBILITY,v2026-08-11,2026-03-21..2026-08-06,baccarat_bet02_101_all_pairs_incl_sentinel,round_win = game_pnl > 0 (decisive only),COMPATIBILITY_ONLY_NOT_PRODUCTION,268817.8208,244366.2908,168.7661,6248,5610,-0.00062781,-0.08642944,0.00436428,-0.00062781,-168.7661,268817.8208,OK,0.0000,6.7506,4.0000,96.0000,AG03-UNRESOLVED,ALL5_LEVELS_bet23_to_bet27,6.7506,6.7506,6.7506,8.4383,8.4383,4.000000,4.000000,4.000000,5.000000,5.000000,96.000000,96.000000,96.000000,95.000000,95.000000,5.0,37.1285,34.0107,131.6376,134.7554,PENDING_AG03,FALSE,NOT_FOR_ENFORCEMENT,162.0155,234591.6392,168.7661,162.0155,6.7506,0.00062781,0.00060270,6.7506,162.0155,0.00060270,6.7506,6.7506,6.7506,8.4383,8.4383,162.0155,0.00060270,37.1285,34.0107,131.6376,134.7554,0.00048969,0.00050129,0.00002511,43.0246,43.5591,0.0301,2.0581,0.0627,3278.2661,68.4146,17.6798,46.9397,25.7155,39.4976,52.6635,77.1466,82.2897,128.5777,31.4111,0.0,2.083411,3.25533,1.089297,30,192,222,8,0.05498276,0.00062781,0.08642944,0E-8,0.000000,0.909041,0.000000,-0.09079372,2026-03-23,2026-08-06,82,2690,1181,137,0.598540,0.376650,0.410924,0.183276,,,,,,,,GLOBAL_BASELINE_NO_ENTITY_RANKING,,,NOT_APPLICABLE_GLOBAL_BASELINE,HF9g-P5,,,,X 全窗基线 · 不参与实体赏罚,6877478,688,A168_HF9F_20260827_0900,2026-08-27 09:00:00
2026-05-27,70460261,2242,0,467.0229879092,307.0676145505,307.0676145505,0.8333333,6,6,0.50665070000000000,0.506650700000,1.6005531159783741,1.6005531159783741,1.6005531159783741,0E-17,ELIGIBLE,R03b_20260811_FULL_v1,L1_ELIGIBILITY,v2026-08-11,2026-03-21..2026-08-06,baccarat_bet02_101_all_pairs_incl_sentinel,round_win = game_pnl > 0 (decisive only),COMPATIBILITY_ONLY_NOT_PRODUCTION,268817.8208,244366.2908,168.7661,6248,5610,-0.00062781,-0.08642944,0.00436428,-0.00062781,-168.7661,268817.8208,OK,0.0000,6.7506,4.0000,96.0000,AG03-UNRESOLVED,ALL5_LEVELS_bet23_to_bet27,6.7506,6.7506,6.7506,8.4383,8.4383,4.000000,4.000000,4.000000,5.000000,5.000000,96.000000,96.000000,96.000000,95.000000,95.000000,5.0,37.1285,34.0107,131.6376,134.7554,PENDING_AG03,FALSE,NOT_FOR_ENFORCEMENT,162.0155,234591.6392,168.7661,162.0155,6.7506,0.00062781,0.00060270,6.7506,162.0155,0.00060270,6.7506,6.7506,6.7506,8.4383,8.4383,162.0155,0.00060270,37.1285,34.0107,131.6376,134.7554,0.00048969,0.00050129,0.00002511,43.0246,43.5591,0.0301,2.0581,0.0627,3278.2661,68.4146,17.6798,46.9397,25.7155,39.4976,52.6635,77.1466,82.2897,128.5777,31.4111,0.0,2.083411,3.25533,1.089297,30,192,222,8,0.05498276,0.00062781,0.08642944,0E-8,0.000000,0.909041,0.000000,-0.09079372,2026-03-23,2026-08-06,82,2690,1181,137,0.598540,0.376650,0.410924,0.183276,,,,,,,,GLOBAL_BASELINE_NO_ENTITY_RANKING,,,NOT_APPLICABLE_GLOBAL_BASELINE,HF9g-P5,,,,X 全窗基线 · 不参与实体赏罚,6877479,688,A168_HF9F_20260827_0900,2026-08-27 09:00:00
2026-05-27,70460261,2248,0,77.8371646515,73.9453064190,73.9453064190,1.0000000,1,1,0.50665070000000000,0.506650700000,0.9867858985152569,0.9867858985152569,0.9867858985152569,0E-17,ELIGIBLE,R03b_20260811_FULL_v1,L1_ELIGIBILITY,v2026-08-11,2026-03-21..2026-08-06,baccarat_bet02_101_all_pairs_incl_sentinel,round_win = game_pnl > 0 (decisive only),COMPATIBILITY_ONLY_NOT_PRODUCTION,268817.8208,244366.2908,168.7661,6248,5610,-0.00062781,-0.08642944,0.00436428,-0.00062781,-168.7661,268817.8208,OK,0.0000,6.7506,4.0000,96.0000,AG03-UNRESOLVED,ALL5_LEVELS_bet23_to_bet27,6.7506,6.7506,6.7506,8.4383,8.4383,4.000000,4.000000,4.000000,5.000000,5.000000,96.000000,96.000000,96.000000,95.000000,95.000000,5.0,37.1285,34.0107,131.6376,134.7554,PENDING_AG03,FALSE,NOT_FOR_ENFORCEMENT,162.0155,234591.6392,168.7661,162.0155,6.7506,0.00062781,0.00060270,6.7506,162.0155,0.00060270,6.7506,6.7506,6.7506,8.4383,8.4383,162.0155,0.00060270,37.1285,34.0107,131.6376,134.7554,0.00048969,0.00050129,0.00002511,43.0246,43.5591,0.0301,2.0581,0.0627,3278.2661,68.4146,17.6798,46.9397,25.7155,39.4976,52.6635,77.1466,82.2897,128.5777,31.4111,0.0,2.083411,3.25533,1.089297,30,192,222,8,0.05498276,0.00062781,0.08642944,0E-8,0.000000,0.909041,0.000000,-0.09079372,2026-03-23,2026-08-06,82,2690,1181,137,0.598540,0.376650,0.410924,0.183276,,,,,,,,GLOBAL_BASELINE_NO_ENTITY_RANKING,,,NOT_APPLICABLE_GLOBAL_BASELINE,HF9g-P5,,,,X 全窗基线 · 不参与实体赏罚,6877480,688,A168_HF9F_20260827_0900,2026-08-27 09:00:00
2026-05-27,70460261,2252,0,124.5394634425,-49.2968709460,-49.2968709460,0E-7,2,2,0.50665070000000000,0.506650700000,-1.013391052207602,-1.013391052207602,-1.013391052207602,0E-17,ELIGIBLE,R03b_20260811_FULL_v1,L1_ELIGIBILITY,v2026-08-11,2026-03-21..2026-08-06,baccarat_bet02_101_all_pairs_incl_sentinel,round_win = game_pnl > 0 (decisive only),COMPATIBILITY_ONLY_NOT_PRODUCTION,268817.8208,244366.2908,168.7661,6248,5610,-0.00062781,-0.08642944,0.00436428,-0.00062781,-168.7661,268817.8208,OK,0.0000,6.7506,4.0000,96.0000,AG03-UNRESOLVED,ALL5_LEVELS_bet23_to_bet27,6.7506,6.7506,6.7506,8.4383,8.4383,4.000000,4.000000,4.000000,5.000000,5.000000,96.000000,96.000000,96.000000,95.000000,95.000000,5.0,37.1285,34.0107,131.6376,134.7554,PENDING_AG03,FALSE,NOT_FOR_ENFORCEMENT,162.0155,234591.6392,168.7661,162.0155,6.7506,0.00062781,0.00060270,6.7506,162.0155,0.00060270,6.7506,6.7506,6.7506,8.4383,8.4383,162.0155,0.00060270,37.1285,34.0107,131.6376,134.7554,0.00048969,0.00050129,0.00002511,43.0246,43.5591,0.0301,2.0581,0.0627,3278.2661,68.4146,17.6798,46.9397,25.7155,39.4976,52.6635,77.1466,82.2897,128.5777,31.4111,0.0,2.083411,3.25533,1.089297,30,192,222,8,0.05498276,0.00062781,0.08642944,0E-8,0.000000,0.909041,0.000000,-0.09079372,2026-03-23,2026-08-06,82,2690,1181,137,0.598540,0.376650,0.410924,0.183276,,,,,,,,GLOBAL_BASELINE_NO_ENTITY_RANKING,,,NOT_APPLICABLE_GLOBAL_BASELINE,HF9g-P5,,,,X 全窗基线 · 不参与实体赏罚,6877481,688,A168_HF9F_20260827_0900,2026-08-27 09:00:00
2026-05-27,70460261,789,0,51.8914431010,-51.8914431010,-51.8914431010,0E-7,1,1,0.50665070000000000,0.506650700000,-1.013391052207602,-1.013391052207602,-1.013391052207602,0E-17,ELIGIBLE,R03b_20260811_FULL_v1,L1_ELIGIBILITY,v2026-08-11,2026-03-21..2026-08-06,baccarat_bet02_101_all_pairs_incl_sentinel,round_win = game_pnl > 0 (decisive only),COMPATIBILITY_ONLY_NOT_PRODUCTION,268817.8208,244366.2908,168.7661,6248,5610,-0.00062781,-0.08642944,0.00436428,-0.00062781,-168.7661,268817.8208,OK,0.0000,6.7506,4.0000,96.0000,AG03-UNRESOLVED,ALL5_LEVELS_bet23_to_bet27,6.7506,6.7506,6.7506,8.4383,8.4383,4.000000,4.000000,4.000000,5.000000,5.000000,96.000000,96.000000,96.000000,95.000000,95.000000,5.0,37.1285,34.0107,131.6376,134.7554,PENDING_AG03,FALSE,NOT_FOR_ENFORCEMENT,162.0155,234591.6392,168.7661,162.0155,6.7506,0.00062781,0.00060270,6.7506,162.0155,0.00060270,6.7506,6.7506,6.7506,8.4383,8.4383,162.0155,0.00060270,37.1285,34.0107,131.6376,134.7554,0.00048969,0.00050129,0.00002511,43.0246,43.5591,0.0301,2.0581,0.0627,3278.2661,68.4146,17.6798,46.9397,25.7155,39.4976,52.6635,77.1466,82.2897,128.5777,31.4111,0.0,2.083411,3.25533,1.089297,30,192,222,8,0.05498276,0.00062781,0.08642944,0E-8,0.000000,0.909041,0.000000,-0.09079372,2026-03-23,2026-08-06,82,2690,1181,137,0.598540,0.376650,0.410924,0.183276,,,,,,,,GLOBAL_BASELINE_NO_ENTITY_RANKING,,,NOT_APPLICABLE_GLOBAL_BASELINE,HF9g-P5,,,,X 全窗基线 · 不参与实体赏罚,6877482,688,A168_HF9F_20260827_0900,2026-08-27 09:00:00
2026-05-28,70460261,-1,1,179.0254786985,-77.8371646515,-77.8371646515,0E-7,4,4,0.50665070000000000,0.506650700000,-1.4331513700195317,-1.4331513700195317,-1.4331513700195317,0E-17,SENTINEL_DEALER,R03b_20260811_FULL_v1,L1_ELIGIBILITY,v2026-08-11,2026-03-21..2026-08-06,baccarat_bet02_101_all_pairs_incl_sentinel,round_win = game_pnl > 0 (decisive only),COMPATIBILITY_ONLY_NOT_PRODUCTION,268817.8208,244366.2908,168.7661,6248,5610,-0.00062781,-0.08642944,0.00436428,-0.00062781,-168.7661,268817.8208,OK,0.0000,6.7506,4.0000,96.0000,AG03-UNRESOLVED,ALL5_LEVELS_bet23_to_bet27,6.7506,6.7506,6.7506,8.4383,8.4383,4.000000,4.000000,4.000000,5.000000,5.000000,96.000000,96.000000,96.000000,95.000000,95.000000,5.0,37.1285,34.0107,131.6376,134.7554,PENDING_AG03,FALSE,NOT_FOR_ENFORCEMENT,162.0155,234591.6392,168.7661,162.0155,6.7506,0.00062781,0.00060270,6.7506,162.0155,0.00060270,6.7506,6.7506,6.7506,8.4383,8.4383,162.0155,0.00060270,37.1285,34.0107,131.6376,134.7554,0.00048969,0.00050129,0.00002511,43.0246,43.5591,0.0301,2.0581,0.0627,3278.2661,68.4146,17.6798,46.9397,25.7155,39.4976,52.6635,77.1466,82.2897,128.5777,31.4111,0.0,2.083411,3.25533,1.089297,30,192,222,8,0.05498276,0.00062781,0.08642944,0E-8,0.000000,0.909041,0.000000,-0.09079372,2026-03-23,2026-08-06,82,2690,1181,137,0.598540,0.376650,0.410924,0.183276,,,,,,,,GLOBAL_BASELINE_NO_ENTITY_RANKING,,,NOT_APPLICABLE_GLOBAL_BASELINE,HF9g-P5,,,,X 全窗基线 · 不参与实体赏罚,6877483,688,A168_HF9F_20260827_0900,2026-08-27 09:00:00
2026-05-28,70460261,1205,0,77.8371646515,73.9453064190,73.9453064190,1.0000000,1,1,0.50665070000000000,0.506650700000,0.9867858985152569,0.9867858985152569,0.9867858985152569,0E-17,ELIGIBLE,R03b_20260811_FULL_v1,L1_ELIGIBILITY,v2026-08-11,2026-03-21..2026-08-06,baccarat_bet02_101_all_pairs_incl_sentinel,round_win = game_pnl > 0 (decisive only),COMPATIBILITY_ONLY_NOT_PRODUCTION,268817.8208,244366.2908,168.7661,6248,5610,-0.00062781,-0.08642944,0.00436428,-0.00062781,-168.7661,268817.8208,OK,0.0000,6.7506,4.0000,96.0000,AG03-UNRESOLVED,ALL5_LEVELS_bet23_to_bet27,6.7506,6.7506,6.7506,8.4383,8.4383,4.000000,4.000000,4.000000,5.000000,5.000000,96.000000,96.000000,96.000000,95.000000,95.000000,5.0,37.1285,34.0107,131.6376,134.7554,PENDING_AG03,FALSE,NOT_FOR_ENFORCEMENT,162.0155,234591.6392,168.7661,162.0155,6.7506,0.00062781,0.00060270,6.7506,162.0155,0.00060270,6.7506,6.7506,6.7506,8.4383,8.4383,162.0155,0.00060270,37.1285,34.0107,131.6376,134.7554,0.00048969,0.00050129,0.00002511,43.0246,43.5591,0.0301,2.0581,0.0627,3278.2661,68.4146,17.6798,46.9397,25.7155,39.4976,52.6635,77.1466,82.2897,128.5777,31.4111,0.0,2.083411,3.25533,1.089297,30,192,222,8,0.05498276,0.00062781,0.08642944,0E-8,0.000000,0.909041,0.000000,-0.09079372,2026-03-23,2026-08-06,82,2690,1181,137,0.598540,0.376650,0.410924,0.183276,,,,,,,,GLOBAL_BASELINE_NO_ENTITY_RANKING,,,NOT_APPLICABLE_GLOBAL_BASELINE,HF9g-P5,,,,X 全窗基线 · 不参与实体赏罚,6877484,688,A168_HF9F_20260827_0900,2026-08-27 09:00:00
2026-05-28,70460261,1221,0,72.6480203414,-72.6480203414,-72.6480203414,0E-7,1,1,0.50665070000000000,0.506650700000,-1.013391052207602,-1.013391052207602,-1.013391052207602,0E-17,ELIGIBLE,R03b_20260811_FULL_v1,L1_ELIGIBILITY,v2026-08-11,2026-03-21..2026-08-06,baccarat_bet02_101_all_pairs_incl_sentinel,round_win = game_pnl > 0 (decisive only),COMPATIBILITY_ONLY_NOT_PRODUCTION,268817.8208,244366.2908,168.7661,6248,5610,-0.00062781,-0.08642944,0.00436428,-0.00062781,-168.7661,268817.8208,OK,0.0000,6.7506,4.0000,96.0000,AG03-UNRESOLVED,ALL5_LEVELS_bet23_to_bet27,6.7506,6.7506,6.7506,8.4383,8.4383,4.000000,4.000000,4.000000,5.000000,5.000000,96.000000,96.000000,96.000000,95.000000,95.000000,5.0,37.1285,34.0107,131.6376,134.7554,PENDING_AG03,FALSE,NOT_FOR_ENFORCEMENT,162.0155,234591.6392,168.7661,162.0155,6.7506,0.00062781,0.00060270,6.7506,162.0155,0.00060270,6.7506,6.7506,6.7506,8.4383,8.4383,162.0155,0.00060270,37.1285,34.0107,131.6376,134.7554,0.00048969,0.00050129,0.00002511,43.0246,43.5591,0.0301,2.0581,0.0627,3278.2661,68.4146,17.6798,46.9397,25.7155,39.4976,52.6635,77.1466,82.2897,128.5777,31.4111,0.0,2.083411,3.25533,1.089297,30,192,222,8,0.05498276,0.00062781,0.08642944,0E-8,0.000000,0.909041,0.000000,-0.09079372,2026-03-23,2026-08-06,82,2690,1181,137,0.598540,0.376650,0.410924,0.183276,,,,,,,,GLOBAL_BASELINE_NO_ENTITY_RANKING,,,NOT_APPLICABLE_GLOBAL_BASELINE,HF9g-P5,,,,X 全窗基线 · 不参与实体赏罚,6877485,688,A168_HF9F_20260827_0900,2026-08-27 09:00:00
2026-05-28,70460261,2134,0,51.8914431010,-51.8914431010,-51.8914431010,0E-7,1,1,0.50665070000000000,0.506650700000,-1.013391052207602,-1.013391052207602,-1.013391052207602,0E-17,ELIGIBLE,R03b_20260811_FULL_v1,L1_ELIGIBILITY,v2026-08-11,2026-03-21..2026-08-06,baccarat_bet02_101_all_pairs_incl_sentinel,round_win = game_pnl > 0 (decisive only),COMPATIBILITY_ONLY_NOT_PRODUCTION,268817.8208,244366.2908,168.7661,6248,5610,-0.00062781,-0.08642944,0.00436428,-0.00062781,-168.7661,268817.8208,OK,0.0000,6.7506,4.0000,96.0000,AG03-UNRESOLVED,ALL5_LEVELS_bet23_to_bet27,6.7506,6.7506,6.7506,8.4383,8.4383,4.000000,4.000000,4.000000,5.000000,5.000000,96.000000,96.000000,96.000000,95.000000,95.000000,5.0,37.1285,34.0107,131.6376,134.7554,PENDING_AG03,FALSE,NOT_FOR_ENFORCEMENT,162.0155,234591.6392,168.7661,162.0155,6.7506,0.00062781,0.00060270,6.7506,162.0155,0.00060270,6.7506,6.7506,6.7506,8.4383,8.4383,162.0155,0.00060270,37.1285,34.0107,131.6376,134.7554,0.00048969,0.00050129,0.00002511,43.0246,43.5591,0.0301,2.0581,0.0627,3278.2661,68.4146,17.6798,46.9397,25.7155,39.4976,52.6635,77.1466,82.2897,128.5777,31.4111,0.0,2.083411,3.25533,1.089297,30,192,222,8,0.05498276,0.00062781,0.08642944,0E-8,0.000000,0.909041,0.000000,-0.09079372,2026-03-23,2026-08-06,82,2690,1181,137,0.598540,0.376650,0.410924,0.183276,,,,,,,,GLOBAL_BASELINE_NO_ENTITY_RANKING,,,NOT_APPLICABLE_GLOBAL_BASELINE,HF9g-P5,,,,X 全窗基线 · 不参与实体赏罚,6877486,688,A168_HF9F_20260827_0900,2026-08-27 09:00:00
2026-05-28,70460261,2145,0,179.0254786985,-27.2430076280,-27.2430076280,0.3333333,3,3,0.50665070000000000,0.506650700000,-0.6004420894325239,-0.6004420894325239,-0.6004420894325239,0E-17,ELIGIBLE,R03b_20260811_FULL_v1,L1_ELIGIBILITY,v2026-08-11,2026-03-21..2026-08-06,baccarat_bet02_101_all_pairs_incl_sentinel,round_win = game_pnl > 0 (decisive only),COMPATIBILITY_ONLY_NOT_PRODUCTION,268817.8208,244366.2908,168.7661,6248,5610,-0.00062781,-0.08642944,0.00436428,-0.00062781,-168.7661,268817.8208,OK,0.0000,6.7506,4.0000,96.0000,AG03-UNRESOLVED,ALL5_LEVELS_bet23_to_bet27,6.7506,6.7506,6.7506,8.4383,8.4383,4.000000,4.000000,4.000000,5.000000,5.000000,96.000000,96.000000,96.000000,95.000000,95.000000,5.0,37.1285,34.0107,131.6376,134.7554,PENDING_AG03,FALSE,NOT_FOR_ENFORCEMENT,162.0155,234591.6392,168.7661,162.0155,6.7506,0.00062781,0.00060270,6.7506,162.0155,0.00060270,6.7506,6.7506,6.7506,8.4383,8.4383,162.0155,0.00060270,37.1285,34.0107,131.6376,134.7554,0.00048969,0.00050129,0.00002511,43.0246,43.5591,0.0301,2.0581,0.0627,3278.2661,68.4146,17.6798,46.9397,25.7155,39.4976,52.6635,77.1466,82.2897,128.5777,31.4111,0.0,2.083411,3.25533,1.089297,30,192,222,8,0.05498276,0.00062781,0.08642944,0E-8,0.000000,0.909041,0.000000,-0.09079372,2026-03-23,2026-08-06,82,2690,1181,137,0.598540,0.376650,0.410924,0.183276,,,,,,,,GLOBAL_BASELINE_NO_ENTITY_RANKING,,,NOT_APPLICABLE_GLOBAL_BASELINE,HF9g-P5,,,,X 全窗基线 · 不参与实体赏罚,6877487,688,A168_HF9F_20260827_0900,2026-08-27 09:00:00
2026-05-28,70460261,2153,0,62.2697317212,0E-10,0E-10,,1,1,0.50665070000000000,0.506650700000,,,,0E-17,NO_DECISIVE_ROUND,R03b_20260811_FULL_v1,L1_ELIGIBILITY,v2026-08-11,2026-03-21..2026-08-06,baccarat_bet02_101_all_pairs_incl_sentinel,round_win = game_pnl > 0 (decisive only),COMPATIBILITY_ONLY_NOT_PRODUCTION,268817.8208,244366.2908,168.7661,6248,5610,-0.00062781,-0.08642944,0.00436428,-0.00062781,-168.7661,268817.8208,OK,0.0000,6.7506,4.0000,96.0000,AG03-UNRESOLVED,ALL5_LEVELS_bet23_to_bet27,6.7506,6.7506,6.7506,8.4383,8.4383,4.000000,4.000000,4.000000,5.000000,5.000000,96.000000,96.000000,96.000000,95.000000,95.000000,5.0,37.1285,34.0107,131.6376,134.7554,PENDING_AG03,FALSE,NOT_FOR_ENFORCEMENT,162.0155,234591.6392,168.7661,162.0155,6.7506,0.00062781,0.00060270,6.7506,162.0155,0.00060270,6.7506,6.7506,6.7506,8.4383,8.4383,162.0155,0.00060270,37.1285,34.0107,131.6376,134.7554,0.00048969,0.00050129,0.00002511,43.0246,43.5591,0.0301,2.0581,0.0627,3278.2661,68.4146,17.6798,46.9397,25.7155,39.4976,52.6635,77.1466,82.2897,128.5777,31.4111,0.0,2.083411,3.25533,1.089297,30,192,222,8,0.05498276,0.00062781,0.08642944,0E-8,0.000000,0.909041,0.000000,-0.09079372,2026-03-23,2026-08-06,82,2690,1181,137,0.598540,0.376650,0.410924,0.183276,,,,,,,,GLOBAL_BASELINE_NO_ENTITY_RANKING,,,NOT_APPLICABLE_GLOBAL_BASELINE,HF9g-P5,,,,X 全窗基线 · 不参与实体赏罚,6877488,688,A168_HF9F_20260827_0900,2026-08-27 09:00:00
2026-05-28,70460261,2222,0,116.7557469773,110.9179596285,110.9179596285,1.0000000,3,3,0.50665070000000000,0.506650700000,1.7091633124209307,1.7091633124209307,1.7091633124209307,0E-17,ELIGIBLE,R03b_20260811_FULL_v1,L1_ELIGIBILITY,v2026-08-11,2026-03-21..2026-08-06,baccarat_bet02_101_all_pairs_incl_sentinel,round_win = game_pnl > 0 (decisive only),COMPATIBILITY_ONLY_NOT_PRODUCTION,268817.8208,244366.2908,168.7661,6248,5610,-0.00062781,-0.08642944,0.00436428,-0.00062781,-168.7661,268817.8208,OK,0.0000,6.7506,4.0000,96.0000,AG03-UNRESOLVED,ALL5_LEVELS_bet23_to_bet27,6.7506,6.7506,6.7506,8.4383,8.4383,4.000000,4.000000,4.000000,5.000000,5.000000,96.000000,96.000000,96.000000,95.000000,95.000000,5.0,37.1285,34.0107,131.6376,134.7554,PENDING_AG03,FALSE,NOT_FOR_ENFORCEMENT,162.0155,234591.6392,168.7661,162.0155,6.7506,0.00062781,0.00060270,6.7506,162.0155,0.00060270,6.7506,6.7506,6.7506,8.4383,8.4383,162.0155,0.00060270,37.1285,34.0107,131.6376,134.7554,0.00048969,0.00050129,0.00002511,43.0246,43.5591,0.0301,2.0581,0.0627,3278.2661,68.4146,17.6798,46.9397,25.7155,39.4976,52.6635,77.1466,82.2897,128.5777,31.4111,0.0,2.083411,3.25533,1.089297,30,192,222,8,0.05498276,0.00062781,0.08642944,0E-8,0.000000,0.909041,0.000000,-0.09079372,2026-03-23,2026-08-06,82,2690,1181,137,0.598540,0.376650,0.410924,0.183276,,,,,,,,GLOBAL_BASELINE_NO_ENTITY_RANKING,,,NOT_APPLICABLE_GLOBAL_BASELINE,HF9g-P5,,,,X 全窗基线 · 不参与实体赏罚,6877489,688,A168_HF9F_20260827_0900,2026-08-27 09:00:00
2026-05-28,70460261,2229,0,101.1883140470,-101.1883140470,-101.1883140470,0E-7,1,1,0.50665070000000000,0.506650700000,-1.013391052207602,-1.013391052207602,-1.013391052207602,0E-17,ELIGIBLE,R03b_20260811_FULL_v1,L1_ELIGIBILITY,v2026-08-11,2026-03-21..2026-08-06,baccarat_bet02_101_all_pairs_incl_sentinel,round_win = game_pnl > 0 (decisive only),COMPATIBILITY_ONLY_NOT_PRODUCTION,268817.8208,244366.2908,168.7661,6248,5610,-0.00062781,-0.08642944,0.00436428,-0.00062781,-168.7661,268817.8208,OK,0.0000,6.7506,4.0000,96.0000,AG03-UNRESOLVED,ALL5_LEVELS_bet23_to_bet27,6.7506,6.7506,6.7506,8.4383,8.4383,4.000000,4.000000,4.000000,5.000000,5.000000,96.000000,96.000000,96.000000,95.000000,95.000000,5.0,37.1285,34.0107,131.6376,134.7554,PENDING_AG03,FALSE,NOT_FOR_ENFORCEMENT,162.0155,234591.6392,168.7661,162.0155,6.7506,0.00062781,0.00060270,6.7506,162.0155,0.00060270,6.7506,6.7506,6.7506,8.4383,8.4383,162.0155,0.00060270,37.1285,34.0107,131.6376,134.7554,0.00048969,0.00050129,0.00002511,43.0246,43.5591,0.0301,2.0581,0.0627,3278.2661,68.4146,17.6798,46.9397,25.7155,39.4976,52.6635,77.1466,82.2897,128.5777,31.4111,0.0,2.083411,3.25533,1.089297,30,192,222,8,0.05498276,0.00062781,0.08642944,0E-8,0.000000,0.909041,0.000000,-0.09079372,2026-03-23,2026-08-06,82,2690,1181,137,0.598540,0.376650,0.410924,0.183276,,,,,,,,GLOBAL_BASELINE_NO_ENTITY_RANKING,,,NOT_APPLICABLE_GLOBAL_BASELINE,HF9g-P5,,,,X 全窗基线 · 不参与实体赏罚,6877490,688,A168_HF9F_20260827_0900,2026-08-27 09:00:00
2026-05-30,70460261,2256,0,38.9185823258,36.9726532095,36.9726532095,1.0000000,1,1,0.50665070000000000,0.506650700000,0.9867858985152569,0.9867858985152569,0.9867858985152569,0E-17,ELIGIBLE,R03b_20260811_FULL_v1,L1_ELIGIBILITY,v2026-08-11,2026-03-21..2026-08-06,baccarat_bet02_101_all_pairs_incl_sentinel,round_win = game_pnl > 0 (decisive only),COMPATIBILITY_ONLY_NOT_PRODUCTION,268817.8208,244366.2908,168.7661,6248,5610,-0.00062781,-0.08642944,0.00436428,-0.00062781,-168.7661,268817.8208,OK,0.0000,6.7506,4.0000,96.0000,AG03-UNRESOLVED,ALL5_LEVELS_bet23_to_bet27,6.7506,6.7506,6.7506,8.4383,8.4383,4.000000,4.000000,4.000000,5.000000,5.000000,96.000000,96.000000,96.000000,95.000000,95.000000,5.0,37.1285,34.0107,131.6376,134.7554,PENDING_AG03,FALSE,NOT_FOR_ENFORCEMENT,162.0155,234591.6392,168.7661,162.0155,6.7506,0.00062781,0.00060270,6.7506,162.0155,0.00060270,6.7506,6.7506,6.7506,8.4383,8.4383,162.0155,0.00060270,37.1285,34.0107,131.6376,134.7554,0.00048969,0.00050129,0.00002511,43.0246,43.5591,0.0301,2.0581,0.0627,3278.2661,68.4146,17.6798,46.9397,25.7155,39.4976,52.6635,77.1466,82.2897,128.5777,31.4111,0.0,2.083411,3.25533,1.089297,30,192,222,8,0.05498276,0.00062781,0.08642944,0E-8,0.000000,0.909041,0.000000,-0.09079372,2026-03-23,2026-08-06,82,2690,1181,137,0.598540,0.376650,0.410924,0.183276,,,,,,,,GLOBAL_BASELINE_NO_ENTITY_RANKING,,,NOT_APPLICABLE_GLOBAL_BASELINE,HF9g-P5,,,,X 全窗基线 · 不参与实体赏罚,6877491,688,A168_HF9F_20260827_0900,2026-08-27 09:00:00
2026-05-31,70460261,1158,0,102.8621390182,-102.8621390182,-102.8621390182,0E-7,1,1,0.50665070000000000,0.506650700000,-1.013391052207602,-1.013391052207602,-1.013391052207602,0E-17,ELIGIBLE,R03b_20260811_FULL_v1,L1_ELIGIBILITY,v2026-08-11,2026-03-21..2026-08-06,baccarat_bet02_101_all_pairs_incl_sentinel,round_win = game_pnl > 0 (decisive only),COMPATIBILITY_ONLY_NOT_PRODUCTION,268817.8208,244366.2908,168.7661,6248,5610,-0.00062781,-0.08642944,0.00436428,-0.00062781,-168.7661,268817.8208,OK,0.0000,6.7506,4.0000,96.0000,AG03-UNRESOLVED,ALL5_LEVELS_bet23_to_bet27,6.7506,6.7506,6.7506,8.4383,8.4383,4.000000,4.000000,4.000000,5.000000,5.000000,96.000000,96.000000,96.000000,95.000000,95.000000,5.0,37.1285,34.0107,131.6376,134.7554,PENDING_AG03,FALSE,NOT_FOR_ENFORCEMENT,162.0155,234591.6392,168.7661,162.0155,6.7506,0.00062781,0.00060270,6.7506,162.0155,0.00060270,6.7506,6.7506,6.7506,8.4383,8.4383,162.0155,0.00060270,37.1285,34.0107,131.6376,134.7554,0.00048969,0.00050129,0.00002511,43.0246,43.5591,0.0301,2.0581,0.0627,3278.2661,68.4146,17.6798,46.9397,25.7155,39.4976,52.6635,77.1466,82.2897,128.5777,31.4111,0.0,2.083411,3.25533,1.089297,30,192,222,8,0.05498276,0.00062781,0.08642944,0E-8,0.000000,0.909041,0.000000,-0.09079372,2026-03-23,2026-08-06,82,2690,1181,137,0.598540,0.376650,0.410924,0.183276,,,,,,,,GLOBAL_BASELINE_NO_ENTITY_RANKING,,,NOT_APPLICABLE_GLOBAL_BASELINE,HF9g-P5,,,,X 全窗基线 · 不参与实体赏罚,6877492,688,A168_HF9F_20260827_0900,2026-08-27 09:00:00
2026-05-31,70460261,1623,0,129.6062951629,123.1259804048,123.1259804048,1.0000000,1,1,0.50665070000000000,0.506650700000,0.9867858985152569,0.9867858985152569,0.9867858985152569,0E-17,ELIGIBLE,R03b_20260811_FULL_v1,L1_ELIGIBILITY,v2026-08-11,2026-03-21..2026-08-06,baccarat_bet02_101_all_pairs_incl_sentinel,round_win = game_pnl > 0 (decisive only),COMPATIBILITY_ONLY_NOT_PRODUCTION,268817.8208,244366.2908,168.7661,6248,5610,-0.00062781,-0.08642944,0.00436428,-0.00062781,-168.7661,268817.8208,OK,0.0000,6.7506,4.0000,96.0000,AG03-UNRESOLVED,ALL5_LEVELS_bet23_to_bet27,6.7506,6.7506,6.7506,8.4383,8.4383,4.000000,4.000000,4.000000,5.000000,5.000000,96.000000,96.000000,96.000000,95.000000,95.000000,5.0,37.1285,34.0107,131.6376,134.7554,PENDING_AG03,FALSE,NOT_FOR_ENFORCEMENT,162.0155,234591.6392,168.7661,162.0155,6.7506,0.00062781,0.00060270,6.7506,162.0155,0.00060270,6.7506,6.7506,6.7506,8.4383,8.4383,162.0155,0.00060270,37.1285,34.0107,131.6376,134.7554,0.00048969,0.00050129,0.00002511,43.0246,43.5591,0.0301,2.0581,0.0627,3278.2661,68.4146,17.6798,46.9397,25.7155,39.4976,52.6635,77.1466,82.2897,128.5777,31.4111,0.0,2.083411,3.25533,1.089297,30,192,222,8,0.05498276,0.00062781,0.08642944,0E-8,0.000000,0.909041,0.000000,-0.09079372,2026-03-23,2026-08-06,82,2690,1181,137,0.598540,0.376650,0.410924,0.183276,,,,,,,,GLOBAL_BASELINE_NO_ENTITY_RANKING,,,NOT_APPLICABLE_GLOBAL_BASELINE,HF9g-P5,,,,X 全窗基线 · 不参与实体赏罚,6877493,688,A168_HF9F_20260827_0900,2026-08-27 09:00:00
2026-05-31,70460261,2175,0,51.4310695091,-51.4310695091,-51.4310695091,0E-7,1,1,0.50665070000000000,0.506650700000,-1.013391052207602,-1.013391052207602,-1.013391052207602,0E-17,ELIGIBLE,R03b_20260811_FULL_v1,L1_ELIGIBILITY,v2026-08-11,2026-03-21..2026-08-06,baccarat_bet02_101_all_pairs_incl_sentinel,round_win = game_pnl > 0 (decisive only),COMPATIBILITY_ONLY_NOT_PRODUCTION,268817.8208,244366.2908,168.7661,6248,5610,-0.00062781,-0.08642944,0.00436428,-0.00062781,-168.7661,268817.8208,OK,0.0000,6.7506,4.0000,96.0000,AG03-UNRESOLVED,ALL5_LEVELS_bet23_to_bet27,6.7506,6.7506,6.7506,8.4383,8.4383,4.000000,4.000000,4.000000,5.000000,5.000000,96.000000,96.000000,96.000000,95.000000,95.000000,5.0,37.1285,34.0107,131.6376,134.7554,PENDING_AG03,FALSE,NOT_FOR_ENFORCEMENT,162.0155,234591.6392,168.7661,162.0155,6.7506,0.00062781,0.00060270,6.7506,162.0155,0.00060270,6.7506,6.7506,6.7506,8.4383,8.4383,162.0155,0.00060270,37.1285,34.0107,131.6376,134.7554,0.00048969,0.00050129,0.00002511,43.0246,43.5591,0.0301,2.0581,0.0627,3278.2661,68.4146,17.6798,46.9397,25.7155,39.4976,52.6635,77.1466,82.2897,128.5777,31.4111,0.0,2.083411,3.25533,1.089297,30,192,222,8,0.05498276,0.00062781,0.08642944,0E-8,0.000000,0.909041,0.000000,-0.09079372,2026-03-23,2026-08-06,82,2690,1181,137,0.598540,0.376650,0.410924,0.183276,,,,,,,,GLOBAL_BASELINE_NO_ENTITY_RANKING,,,NOT_APPLICABLE_GLOBAL_BASELINE,HF9g-P5,,,,X 全窗基线 · 不参与实体赏罚,6877494,688,A168_HF9F_20260827_0900,2026-08-27 09:00:00
2026-05-31,70460261,2224,0,120.8630133464,-20.5724278037,-20.5724278037,0.5000000,2,2,0.50665070000000000,0.506650700000,-0.018812684590367487,-0.018812684590367487,-0.018812684590367487,0E-17,ELIGIBLE,R03b_20260811_FULL_v1,L1_ELIGIBILITY,v2026-08-11,2026-03-21..2026-08-06,baccarat_bet02_101_all_pairs_incl_sentinel,round_win = game_pnl > 0 (decisive only),COMPATIBILITY_ONLY_NOT_PRODUCTION,268817.8208,244366.2908,168.7661,6248,5610,-0.00062781,-0.08642944,0.00436428,-0.00062781,-168.7661,268817.8208,OK,0.0000,6.7506,4.0000,96.0000,AG03-UNRESOLVED,ALL5_LEVELS_bet23_to_bet27,6.7506,6.7506,6.7506,8.4383,8.4383,4.000000,4.000000,4.000000,5.000000,5.000000,96.000000,96.000000,96.000000,95.000000,95.000000,5.0,37.1285,34.0107,131.6376,134.7554,PENDING_AG03,FALSE,NOT_FOR_ENFORCEMENT,162.0155,234591.6392,168.7661,162.0155,6.7506,0.00062781,0.00060270,6.7506,162.0155,0.00060270,6.7506,6.7506,6.7506,8.4383,8.4383,162.0155,0.00060270,37.1285,34.0107,131.6376,134.7554,0.00048969,0.00050129,0.00002511,43.0246,43.5591,0.0301,2.0581,0.0627,3278.2661,68.4146,17.6798,46.9397,25.7155,39.4976,52.6635,77.1466,82.2897,128.5777,31.4111,0.0,2.083411,3.25533,1.089297,30,192,222,8,0.05498276,0.00062781,0.08642944,0E-8,0.000000,0.909041,0.000000,-0.09079372,2026-03-23,2026-08-06,82,2690,1181,137,0.598540,0.376650,0.410924,0.183276,,,,,,,,GLOBAL_BASELINE_NO_ENTITY_RANKING,,,NOT_APPLICABLE_GLOBAL_BASELINE,HF9g-P5,,,,X 全窗基线 · 不参与实体赏罚,6877495,688,A168_HF9F_20260827_0900,2026-08-27 09:00:00
2026-05-31,70460261,2250,0,77.1466042636,0E-10,0E-10,,1,1,0.50665070000000000,0.506650700000,,,,0E-17,NO_DECISIVE_ROUND,R03b_20260811_FULL_v1,L1_ELIGIBILITY,v2026-08-11,2026-03-21..2026-08-06,baccarat_bet02_101_all_pairs_incl_sentinel,round_win = game_pnl > 0 (decisive only),COMPATIBILITY_ONLY_NOT_PRODUCTION,268817.8208,244366.2908,168.7661,6248,5610,-0.00062781,-0.08642944,0.00436428,-0.00062781,-168.7661,268817.8208,OK,0.0000,6.7506,4.0000,96.0000,AG03-UNRESOLVED,ALL5_LEVELS_bet23_to_bet27,6.7506,6.7506,6.7506,8.4383,8.4383,4.000000,4.000000,4.000000,5.000000,5.000000,96.000000,96.000000,96.000000,95.000000,95.000000,5.0,37.1285,34.0107,131.6376,134.7554,PENDING_AG03,FALSE,NOT_FOR_ENFORCEMENT,162.0155,234591.6392,168.7661,162.0155,6.7506,0.00062781,0.00060270,6.7506,162.0155,0.00060270,6.7506,6.7506,6.7506,8.4383,8.4383,162.0155,0.00060270,37.1285,34.0107,131.6376,134.7554,0.00048969,0.00050129,0.00002511,43.0246,43.5591,0.0301,2.0581,0.0627,3278.2661,68.4146,17.6798,46.9397,25.7155,39.4976,52.6635,77.1466,82.2897,128.5777,31.4111,0.0,2.083411,3.25533,1.089297,30,192,222,8,0.05498276,0.00062781,0.08642944,0E-8,0.000000,0.909041,0.000000,-0.09079372,2026-03-23,2026-08-06,82,2690,1181,137,0.598540,0.376650,0.410924,0.183276,,,,,,,,GLOBAL_BASELINE_NO_ENTITY_RANKING,,,NOT_APPLICABLE_GLOBAL_BASELINE,HF9g-P5,,,,X 全窗基线 · 不参与实体赏罚,6877496,688,A168_HF9F_20260827_0900,2026-08-27 09:00:00
2026-05-31,70460261,526,0,239.1544732173,76.7608712423,76.7608712423,0.7500000,5,4,0.48777197916664220,0.450014537500,1.0492259002063513,1.205983394067321,1.0492259002063513,0.03775744166664220,ELIGIBLE,R03b_20260811_FULL_v1,L1_ELIGIBILITY,v2026-08-11,2026-03-21..2026-08-06,baccarat_bet02_101_all_pairs_incl_sentinel,round_win = game_pnl > 0 (decisive only),COMPATIBILITY_ONLY_NOT_PRODUCTION,268817.8208,244366.2908,168.7661,6248,5610,-0.00062781,-0.08642944,0.00436428,-0.00062781,-168.7661,268817.8208,OK,0.0000,6.7506,4.0000,96.0000,AG03-UNRESOLVED,ALL5_LEVELS_bet23_to_bet27,6.7506,6.7506,6.7506,8.4383,8.4383,4.000000,4.000000,4.000000,5.000000,5.000000,96.000000,96.000000,96.000000,95.000000,95.000000,5.0,37.1285,34.0107,131.6376,134.7554,PENDING_AG03,FALSE,NOT_FOR_ENFORCEMENT,162.0155,234591.6392,168.7661,162.0155,6.7506,0.00062781,0.00060270,6.7506,162.0155,0.00060270,6.7506,6.7506,6.7506,8.4383,8.4383,162.0155,0.00060270,37.1285,34.0107,131.6376,134.7554,0.00048969,0.00050129,0.00002511,43.0246,43.5591,0.0301,2.0581,0.0627,3278.2661,68.4146,17.6798,46.9397,25.7155,39.4976,52.6635,77.1466,82.2897,128.5777,31.4111,0.0,2.083411,3.25533,1.089297,30,192,222,8,0.05498276,0.00062781,0.08642944,0E-8,0.000000,0.909041,0.000000,-0.09079372,2026-03-23,2026-08-06,82,2690,1181,137,0.598540,0.376650,0.410924,0.183276,,,,,,,,GLOBAL_BASELINE_NO_ENTITY_RANKING,,,NOT_APPLICABLE_GLOBAL_BASELINE,HF9g-P5,,,,X 全窗基线 · 不参与实体赏罚,6877497,688,A168_HF9F_20260827_0900,2026-08-27 09:00:00
2026-06-02,70460261,-1,1,990.0480880498,270.6560032916,270.6560032916,0.6666667,13,13,0.50665070000000000,0.506650700000,0.9601807448229117,0.9601807448229117,0.9601807448229117,0E-17,SENTINEL_DEALER,R03b_20260811_FULL_v1,L1_ELIGIBILITY,v2026-08-11,2026-03-21..2026-08-06,baccarat_bet02_101_all_pairs_incl_sentinel,round_win = game_pnl > 0 (decisive only),COMPATIBILITY_ONLY_NOT_PRODUCTION,268817.8208,244366.2908,168.7661,6248,5610,-0.00062781,-0.08642944,0.00436428,-0.00062781,-168.7661,268817.8208,OK,0.0000,6.7506,4.0000,96.0000,AG03-UNRESOLVED,ALL5_LEVELS_bet23_to_bet27,6.7506,6.7506,6.7506,8.4383,8.4383,4.000000,4.000000,4.000000,5.000000,5.000000,96.000000,96.000000,96.000000,95.000000,95.000000,5.0,37.1285,34.0107,131.6376,134.7554,PENDING_AG03,FALSE,NOT_FOR_ENFORCEMENT,162.0155,234591.6392,168.7661,162.0155,6.7506,0.00062781,0.00060270,6.7506,162.0155,0.00060270,6.7506,6.7506,6.7506,8.4383,8.4383,162.0155,0.00060270,37.1285,34.0107,131.6376,134.7554,0.00048969,0.00050129,0.00002511,43.0246,43.5591,0.0301,2.0581,0.0627,3278.2661,68.4146,17.6798,46.9397,25.7155,39.4976,52.6635,77.1466,82.2897,128.5777,31.4111,0.0,2.083411,3.25533,1.089297,30,192,222,8,0.05498276,0.00062781,0.08642944,0E-8,0.000000,0.909041,0.000000,-0.09079372,2026-03-23,2026-08-06,82,2690,1181,137,0.598540,0.376650,0.410924,0.183276,,,,,,,,GLOBAL_BASELINE_NO_ENTITY_RANKING,,,NOT_APPLICABLE_GLOBAL_BASELINE,HF9g-P5,,,,X 全窗基线 · 不参与实体赏罚,6877498,688,A168_HF9F_20260827_0900,2026-08-27 09:00:00
2026-06-02,70460261,1004,0,326.5872913827,310.2579268136,310.2579268136,1.0000000,3,3,0.50665070000000000,0.506650700000,1.7091633124209307,1.7091633124209307,1.7091633124209307,0E-17,ELIGIBLE,R03b_20260811_FULL_v1,L1_ELIGIBILITY,v2026-08-11,2026-03-21..2026-08-06,baccarat_bet02_101_all_pairs_incl_sentinel,round_win = game_pnl > 0 (decisive only),COMPATIBILITY_ONLY_NOT_PRODUCTION,268817.8208,244366.2908,168.7661,6248,5610,-0.00062781,-0.08642944,0.00436428,-0.00062781,-168.7661,268817.8208,OK,0.0000,6.7506,4.0000,96.0000,AG03-UNRESOLVED,ALL5_LEVELS_bet23_to_bet27,6.7506,6.7506,6.7506,8.4383,8.4383,4.000000,4.000000,4.000000,5.000000,5.000000,96.000000,96.000000,96.000000,95.000000,95.000000,5.0,37.1285,34.0107,131.6376,134.7554,PENDING_AG03,FALSE,NOT_FOR_ENFORCEMENT,162.0155,234591.6392,168.7661,162.0155,6.7506,0.00062781,0.00060270,6.7506,162.0155,0.00060270,6.7506,6.7506,6.7506,8.4383,8.4383,162.0155,0.00060270,37.1285,34.0107,131.6376,134.7554,0.00048969,0.00050129,0.00002511,43.0246,43.5591,0.0301,2.0581,0.0627,3278.2661,68.4146,17.6798,46.9397,25.7155,39.4976,52.6635,77.1466,82.2897,128.5777,31.4111,0.0,2.083411,3.25533,1.089297,30,192,222,8,0.05498276,0.00062781,0.08642944,0E-8,0.000000,0.909041,0.000000,-0.09079372,2026-03-23,2026-08-06,82,2690,1181,137,0.598540,0.376650,0.410924,0.183276,,,,,,,,GLOBAL_BASELINE_NO_ENTITY_RANKING,,,NOT_APPLICABLE_GLOBAL_BASELINE,HF9g-P5,,,,X 全窗基线 · 不参与实体赏罚,6877499,688,A168_HF9F_20260827_0900,2026-08-27 09:00:00
2026-06-02,70460261,1150,0,167.1509759046,-51.8168025304,-51.8168025304,0.3333333,3,3,0.50665070000000000,0.506650700000,-0.6004420894325239,-0.6004420894325239,-0.6004420894325239,0E-17,ELIGIBLE,R03b_20260811_FULL_v1,L1_ELIGIBILITY,v2026-08-11,2026-03-21..2026-08-06,baccarat_bet02_101_all_pairs_incl_sentinel,round_win = game_pnl > 0 (decisive only),COMPATIBILITY_ONLY_NOT_PRODUCTION,268817.8208,244366.2908,168.7661,6248,5610,-0.00062781,-0.08642944,0.00436428,-0.00062781,-168.7661,268817.8208,OK,0.0000,6.7506,4.0000,96.0000,AG03-UNRESOLVED,ALL5_LEVELS_bet23_to_bet27,6.7506,6.7506,6.7506,8.4383,8.4383,4.000000,4.000000,4.000000,5.000000,5.000000,96.000000,96.000000,96.000000,95.000000,95.000000,5.0,37.1285,34.0107,131.6376,134.7554,PENDING_AG03,FALSE,NOT_FOR_ENFORCEMENT,162.0155,234591.6392,168.7661,162.0155,6.7506,0.00062781,0.00060270,6.7506,162.0155,0.00060270,6.7506,6.7506,6.7506,8.4383,8.4383,162.0155,0.00060270,37.1285,34.0107,131.6376,134.7554,0.00048969,0.00050129,0.00002511,43.0246,43.5591,0.0301,2.0581,0.0627,3278.2661,68.4146,17.6798,46.9397,25.7155,39.4976,52.6635,77.1466,82.2897,128.5777,31.4111,0.0,2.083411,3.25533,1.089297,30,192,222,8,0.05498276,0.00062781,0.08642944,0E-8,0.000000,0.909041,0.000000,-0.09079372,2026-03-23,2026-08-06,82,2690,1181,137,0.598540,0.376650,0.410924,0.183276,,,,,,,,GLOBAL_BASELINE_NO_ENTITY_RANKING,,,NOT_APPLICABLE_GLOBAL_BASELINE,HF9g-P5,,,,X 全窗基线 · 不参与实体赏罚,6877500,688,A168_HF9F_20260827_0900,2026-08-27 09:00:00
2026-06-02,70460261,1330,0,185.1518502328,5.4002622984,5.4002622984,0.5000000,2,2,0.50665070000000000,0.506650700000,-0.018812684590367487,-0.018812684590367487,-0.018812684590367487,0E-17,ELIGIBLE,R03b_20260811_FULL_v1,L1_ELIGIBILITY,v2026-08-11,2026-03-21..2026-08-06,baccarat_bet02_101_all_pairs_incl_sentinel,round_win = game_pnl > 0 (decisive only),COMPATIBILITY_ONLY_NOT_PRODUCTION,268817.8208,244366.2908,168.7661,6248,5610,-0.00062781,-0.08642944,0.00436428,-0.00062781,-168.7661,268817.8208,OK,0.0000,6.7506,4.0000,96.0000,AG03-UNRESOLVED,ALL5_LEVELS_bet23_to_bet27,6.7506,6.7506,6.7506,8.4383,8.4383,4.000000,4.000000,4.000000,5.000000,5.000000,96.000000,96.000000,96.000000,95.000000,95.000000,5.0,37.1285,34.0107,131.6376,134.7554,PENDING_AG03,FALSE,NOT_FOR_ENFORCEMENT,162.0155,234591.6392,168.7661,162.0155,6.7506,0.00062781,0.00060270,6.7506,162.0155,0.00060270,6.7506,6.7506,6.7506,8.4383,8.4383,162.0155,0.00060270,37.1285,34.0107,131.6376,134.7554,0.00048969,0.00050129,0.00002511,43.0246,43.5591,0.0301,2.0581,0.0627,3278.2661,68.4146,17.6798,46.9397,25.7155,39.4976,52.6635,77.1466,82.2897,128.5777,31.4111,0.0,2.083411,3.25533,1.089297,30,192,222,8,0.05498276,0.00062781,0.08642944,0E-8,0.000000,0.909041,0.000000,-0.09079372,2026-03-23,2026-08-06,82,2690,1181,137,0.598540,0.376650,0.410924,0.183276,,,,,,,,GLOBAL_BASELINE_NO_ENTITY_RANKING,,,NOT_APPLICABLE_GLOBAL_BASELINE,HF9g-P5,,,,X 全窗基线 · 不参与实体赏罚,6877501,688,A168_HF9F_20260827_0900,2026-08-27 09:00:00
2026-06-02,70460261,1383,0,90.0043716409,10.2862139018,10.2862139018,0.5000000,2,2,0.50665070000000000,0.506650700000,-0.018812684590367487,-0.018812684590367487,-0.018812684590367487,0E-17,ELIGIBLE,R03b_20260811_FULL_v1,L1_ELIGIBILITY,v2026-08-11,2026-03-21..2026-08-06,baccarat_bet02_101_all_pairs_incl_sentinel,round_win = game_pnl > 0 (decisive only),COMPATIBILITY_ONLY_NOT_PRODUCTION,268817.8208,244366.2908,168.7661,6248,5610,-0.00062781,-0.08642944,0.00436428,-0.00062781,-168.7661,268817.8208,OK,0.0000,6.7506,4.0000,96.0000,AG03-UNRESOLVED,ALL5_LEVELS_bet23_to_bet27,6.7506,6.7506,6.7506,8.4383,8.4383,4.000000,4.000000,4.000000,5.000000,5.000000,96.000000,96.000000,96.000000,95.000000,95.000000,5.0,37.1285,34.0107,131.6376,134.7554,PENDING_AG03,FALSE,NOT_FOR_ENFORCEMENT,162.0155,234591.6392,168.7661,162.0155,6.7506,0.00062781,0.00060270,6.7506,162.0155,0.00060270,6.7506,6.7506,6.7506,8.4383,8.4383,162.0155,0.00060270,37.1285,34.0107,131.6376,134.7554,0.00048969,0.00050129,0.00002511,43.0246,43.5591,0.0301,2.0581,0.0627,3278.2661,68.4146,17.6798,46.9397,25.7155,39.4976,52.6635,77.1466,82.2897,128.5777,31.4111,0.0,2.083411,3.25533,1.089297,30,192,222,8,0.05498276,0.00062781,0.08642944,0E-8,0.000000,0.909041,0.000000,-0.09079372,2026-03-23,2026-08-06,82,2690,1181,137,0.598540,0.376650,0.410924,0.183276,,,,,,,,GLOBAL_BASELINE_NO_ENTITY_RANKING,,,NOT_APPLICABLE_GLOBAL_BASELINE,HF9g-P5,,,,X 全窗基线 · 不参与实体赏罚,6877502,688,A168_HF9F_20260827_0900,2026-08-27 09:00:00
2026-06-02,70460261,1384,0,19.8009617610,-6.7631856404,-6.7631856404,0.5000000,2,2,0.50665070000000000,0.506650700000,-0.018812684590367487,-0.018812684590367487,-0.018812684590367487,0E-17,ELIGIBLE,R03b_20260811_FULL_v1,L1_ELIGIBILITY,v2026-08-11,2026-03-21..2026-08-06,baccarat_bet02_101_all_pairs_incl_sentinel,round_win = game_pnl > 0 (decisive only),COMPATIBILITY_ONLY_NOT_PRODUCTION,268817.8208,244366.2908,168.7661,6248,5610,-0.00062781,-0.08642944,0.00436428,-0.00062781,-168.7661,268817.8208,OK,0.0000,6.7506,4.0000,96.0000,AG03-UNRESOLVED,ALL5_LEVELS_bet23_to_bet27,6.7506,6.7506,6.7506,8.4383,8.4383,4.000000,4.000000,4.000000,5.000000,5.000000,96.000000,96.000000,96.000000,95.000000,95.000000,5.0,37.1285,34.0107,131.6376,134.7554,PENDING_AG03,FALSE,NOT_FOR_ENFORCEMENT,162.0155,234591.6392,168.7661,162.0155,6.7506,0.00062781,0.00060270,6.7506,162.0155,0.00060270,6.7506,6.7506,6.7506,8.4383,8.4383,162.0155,0.00060270,37.1285,34.0107,131.6376,134.7554,0.00048969,0.00050129,0.00002511,43.0246,43.5591,0.0301,2.0581,0.0627,3278.2661,68.4146,17.6798,46.9397,25.7155,39.4976,52.6635,77.1466,82.2897,128.5777,31.4111,0.0,2.083411,3.25533,1.089297,30,192,222,8,0.05498276,0.00062781,0.08642944,0E-8,0.000000,0.909041,0.000000,-0.09079372,2026-03-23,2026-08-06,82,2690,1181,137,0.598540,0.376650,0.410924,0.183276,,,,,,,,GLOBAL_BASELINE_NO_ENTITY_RANKING,,,NOT_APPLICABLE_GLOBAL_BASELINE,HF9g-P5,,,,X 全窗基线 · 不参与实体赏罚,6877503,688,A168_HF9F_20260827_0900,2026-08-27 09:00:00
2026-06-02,70460261,1942,0,72.0034973127,0E-10,0E-10,,1,1,0.50665070000000000,0.506650700000,,,,0E-17,NO_DECISIVE_ROUND,R03b_20260811_FULL_v1,L1_ELIGIBILITY,v2026-08-11,2026-03-21..2026-08-06,baccarat_bet02_101_all_pairs_incl_sentinel,round_win = game_pnl > 0 (decisive only),COMPATIBILITY_ONLY_NOT_PRODUCTION,268817.8208,244366.2908,168.7661,6248,5610,-0.00062781,-0.08642944,0.00436428,-0.00062781,-168.7661,268817.8208,OK,0.0000,6.7506,4.0000,96.0000,AG03-UNRESOLVED,ALL5_LEVELS_bet23_to_bet27,6.7506,6.7506,6.7506,8.4383,8.4383,4.000000,4.000000,4.000000,5.000000,5.000000,96.000000,96.000000,96.000000,95.000000,95.000000,5.0,37.1285,34.0107,131.6376,134.7554,PENDING_AG03,FALSE,NOT_FOR_ENFORCEMENT,162.0155,234591.6392,168.7661,162.0155,6.7506,0.00062781,0.00060270,6.7506,162.0155,0.00060270,6.7506,6.7506,6.7506,8.4383,8.4383,162.0155,0.00060270,37.1285,34.0107,131.6376,134.7554,0.00048969,0.00050129,0.00002511,43.0246,43.5591,0.0301,2.0581,0.0627,3278.2661,68.4146,17.6798,46.9397,25.7155,39.4976,52.6635,77.1466,82.2897,128.5777,31.4111,0.0,2.083411,3.25533,1.089297,30,192,222,8,0.05498276,0.00062781,0.08642944,0E-8,0.000000,0.909041,0.000000,-0.09079372,2026-03-23,2026-08-06,82,2690,1181,137,0.598540,0.376650,0.410924,0.183276,,,,,,,,GLOBAL_BASELINE_NO_ENTITY_RANKING,,,NOT_APPLICABLE_GLOBAL_BASELINE,HF9g-P5,,,,X 全窗基线 · 不参与实体赏罚,6877504,688,A168_HF9F_20260827_0900,2026-08-27 09:00:00
2026-06-02,70460261,2117,0,61.7172834109,0E-10,0E-10,,1,1,0.50665070000000000,0.506650700000,,,,0E-17,NO_DECISIVE_ROUND,R03b_20260811_FULL_v1,L1_ELIGIBILITY,v2026-08-11,2026-03-21..2026-08-06,baccarat_bet02_101_all_pairs_incl_sentinel,round_win = game_pnl > 0 (decisive only),COMPATIBILITY_ONLY_NOT_PRODUCTION,268817.8208,244366.2908,168.7661,6248,5610,-0.00062781,-0.08642944,0.00436428,-0.00062781,-168.7661,268817.8208,OK,0.0000,6.7506,4.0000,96.0000,AG03-UNRESOLVED,ALL5_LEVELS_bet23_to_bet27,6.7506,6.7506,6.7506,8.4383,8.4383,4.000000,4.000000,4.000000,5.000000,5.000000,96.000000,96.000000,96.000000,95.000000,95.000000,5.0,37.1285,34.0107,131.6376,134.7554,PENDING_AG03,FALSE,NOT_FOR_ENFORCEMENT,162.0155,234591.6392,168.7661,162.0155,6.7506,0.00062781,0.00060270,6.7506,162.0155,0.00060270,6.7506,6.7506,6.7506,8.4383,8.4383,162.0155,0.00060270,37.1285,34.0107,131.6376,134.7554,0.00048969,0.00050129,0.00002511,43.0246,43.5591,0.0301,2.0581,0.0627,3278.2661,68.4146,17.6798,46.9397,25.7155,39.4976,52.6635,77.1466,82.2897,128.5777,31.4111,0.0,2.083411,3.25533,1.089297,30,192,222,8,0.05498276,0.00062781,0.08642944,0E-8,0.000000,0.909041,0.000000,-0.09079372,2026-03-23,2026-08-06,82,2690,1181,137,0.598540,0.376650,0.410924,0.183276,,,,,,,,GLOBAL_BASELINE_NO_ENTITY_RANKING,,,NOT_APPLICABLE_GLOBAL_BASELINE,HF9g-P5,,,,X 全窗基线 · 不参与实体赏罚,6877505,688,A168_HF9F_20260827_0900,2026-08-27 09:00:00
2026-06-02,70460261,2169,0,77.1466042636,73.2892740505,73.2892740505,1.0000000,1,1,0.50665070000000000,0.506650700000,0.9867858985152569,0.9867858985152569,0.9867858985152569,0E-17,ELIGIBLE,R03b_20260811_FULL_v1,L1_ELIGIBILITY,v2026-08-11,2026-03-21..2026-08-06,baccarat_bet02_101_all_pairs_incl_sentinel,round_win = game_pnl > 0 (decisive only),COMPATIBILITY_ONLY_NOT_PRODUCTION,268817.8208,244366.2908,168.7661,6248,5610,-0.00062781,-0.08642944,0.00436428,-0.00062781,-168.7661,268817.8208,OK,0.0000,6.7506,4.0000,96.0000,AG03-UNRESOLVED,ALL5_LEVELS_bet23_to_bet27,6.7506,6.7506,6.7506,8.4383,8.4383,4.000000,4.000000,4.000000,5.000000,5.000000,96.000000,96.000000,96.000000,95.000000,95.000000,5.0,37.1285,34.0107,131.6376,134.7554,PENDING_AG03,FALSE,NOT_FOR_ENFORCEMENT,162.0155,234591.6392,168.7661,162.0155,6.7506,0.00062781,0.00060270,6.7506,162.0155,0.00060270,6.7506,6.7506,6.7506,8.4383,8.4383,162.0155,0.00060270,37.1285,34.0107,131.6376,134.7554,0.00048969,0.00050129,0.00002511,43.0246,43.5591,0.0301,2.0581,0.0627,3278.2661,68.4146,17.6798,46.9397,25.7155,39.4976,52.6635,77.1466,82.2897,128.5777,31.4111,0.0,2.083411,3.25533,1.089297,30,192,222,8,0.05498276,0.00062781,0.08642944,0E-8,0.000000,0.909041,0.000000,-0.09079372,2026-03-23,2026-08-06,82,2690,1181,137,0.598540,0.376650,0.410924,0.183276,,,,,,,,GLOBAL_BASELINE_NO_ENTITY_RANKING,,,NOT_APPLICABLE_GLOBAL_BASELINE,HF9g-P5,,,,X 全窗基线 · 不参与实体赏罚,6877506,688,A168_HF9F_20260827_0900,2026-08-27 09:00:00
2026-06-02,70460261,2171,0,51.4310695091,48.8595160336,48.8595160336,1.0000000,1,1,0.50665070000000000,0.506650700000,0.9867858985152569,0.9867858985152569,0.9867858985152569,0E-17,ELIGIBLE,R03b_20260811_FULL_v1,L1_ELIGIBILITY,v2026-08-11,2026-03-21..2026-08-06,baccarat_bet02_101_all_pairs_incl_sentinel,round_win = game_pnl > 0 (decisive only),COMPATIBILITY_ONLY_NOT_PRODUCTION,268817.8208,244366.2908,168.7661,6248,5610,-0.00062781,-0.08642944,0.00436428,-0.00062781,-168.7661,268817.8208,OK,0.0000,6.7506,4.0000,96.0000,AG03-UNRESOLVED,ALL5_LEVELS_bet23_to_bet27,6.7506,6.7506,6.7506,8.4383,8.4383,4.000000,4.000000,4.000000,5.000000,5.000000,96.000000,96.000000,96.000000,95.000000,95.000000,5.0,37.1285,34.0107,131.6376,134.7554,PENDING_AG03,FALSE,NOT_FOR_ENFORCEMENT,162.0155,234591.6392,168.7661,162.0155,6.7506,0.00062781,0.00060270,6.7506,162.0155,0.00060270,6.7506,6.7506,6.7506,8.4383,8.4383,162.0155,0.00060270,37.1285,34.0107,131.6376,134.7554,0.00048969,0.00050129,0.00002511,43.0246,43.5591,0.0301,2.0581,0.0627,3278.2661,68.4146,17.6798,46.9397,25.7155,39.4976,52.6635,77.1466,82.2897,128.5777,31.4111,0.0,2.083411,3.25533,1.089297,30,192,222,8,0.05498276,0.00062781,0.08642944,0E-8,0.000000,0.909041,0.000000,-0.09079372,2026-03-23,2026-08-06,82,2690,1181,137,0.598540,0.376650,0.410924,0.183276,,,,,,,,GLOBAL_BASELINE_NO_ENTITY_RANKING,,,NOT_APPLICABLE_GLOBAL_BASELINE,HF9g-P5,,,,X 全窗基线 · 不参与实体赏罚,6877507,688,A168_HF9F_20260827_0900,2026-08-27 09:00:00
2026-06-02,70460261,2196,0,113.1483529200,110.0624887495,110.0624887495,1.0000000,2,2,0.49994810000000000,0.499948100000,1.4143603653603398,1.4143603653603398,1.4143603653603398,0E-17,ELIGIBLE,R03b_20260811_FULL_v1,L1_ELIGIBILITY,v2026-08-11,2026-03-21..2026-08-06,baccarat_bet02_101_all_pairs_incl_sentinel,round_win = game_pnl > 0 (decisive only),COMPATIBILITY_ONLY_NOT_PRODUCTION,268817.8208,244366.2908,168.7661,6248,5610,-0.00062781,-0.08642944,0.00436428,-0.00062781,-168.7661,268817.8208,OK,0.0000,6.7506,4.0000,96.0000,AG03-UNRESOLVED,ALL5_LEVELS_bet23_to_bet27,6.7506,6.7506,6.7506,8.4383,8.4383,4.000000,4.000000,4.000000,5.000000,5.000000,96.000000,96.000000,96.000000,95.000000,95.000000,5.0,37.1285,34.0107,131.6376,134.7554,PENDING_AG03,FALSE,NOT_FOR_ENFORCEMENT,162.0155,234591.6392,168.7661,162.0155,6.7506,0.00062781,0.00060270,6.7506,162.0155,0.00060270,6.7506,6.7506,6.7506,8.4383,8.4383,162.0155,0.00060270,37.1285,34.0107,131.6376,134.7554,0.00048969,0.00050129,0.00002511,43.0246,43.5591,0.0301,2.0581,0.0627,3278.2661,68.4146,17.6798,46.9397,25.7155,39.4976,52.6635,77.1466,82.2897,128.5777,31.4111,0.0,2.083411,3.25533,1.089297,30,192,222,8,0.05498276,0.00062781,0.08642944,0E-8,0.000000,0.909041,0.000000,-0.09079372,2026-03-23,2026-08-06,82,2690,1181,137,0.598540,0.376650,0.410924,0.183276,,,,,,,,GLOBAL_BASELINE_NO_ENTITY_RANKING,,,NOT_APPLICABLE_GLOBAL_BASELINE,HF9g-P5,,,,X 全窗基线 · 不参与实体赏罚,6877508,688,A168_HF9F_20260827_0900,2026-08-27 09:00:00
2026-06-02,70460261,2212,0,385.7330213182,55.5455550699,55.5455550699,0.6000000,5,5,0.50665070000000000,0.506650700000,0.4175076967804994,0.4175076967804994,0.4175076967804994,0E-17,ELIGIBLE,R03b_20260811_FULL_v1,L1_ELIGIBILITY,v2026-08-11,2026-03-21..2026-08-06,baccarat_bet02_101_all_pairs_incl_sentinel,round_win = game_pnl > 0 (decisive only),COMPATIBILITY_ONLY_NOT_PRODUCTION,268817.8208,244366.2908,168.7661,6248,5610,-0.00062781,-0.08642944,0.00436428,-0.00062781,-168.7661,268817.8208,OK,0.0000,6.7506,4.0000,96.0000,AG03-UNRESOLVED,ALL5_LEVELS_bet23_to_bet27,6.7506,6.7506,6.7506,8.4383,8.4383,4.000000,4.000000,4.000000,5.000000,5.000000,96.000000,96.000000,96.000000,95.000000,95.000000,5.0,37.1285,34.0107,131.6376,134.7554,PENDING_AG03,FALSE,NOT_FOR_ENFORCEMENT,162.0155,234591.6392,168.7661,162.0155,6.7506,0.00062781,0.00060270,6.7506,162.0155,0.00060270,6.7506,6.7506,6.7506,8.4383,8.4383,162.0155,0.00060270,37.1285,34.0107,131.6376,134.7554,0.00048969,0.00050129,0.00002511,43.0246,43.5591,0.0301,2.0581,0.0627,3278.2661,68.4146,17.6798,46.9397,25.7155,39.4976,52.6635,77.1466,82.2897,128.5777,31.4111,0.0,2.083411,3.25533,1.089297,30,192,222,8,0.05498276,0.00062781,0.08642944,0E-8,0.000000,0.909041,0.000000,-0.09079372,2026-03-23,2026-08-06,82,2690,1181,137,0.598540,0.376650,0.410924,0.183276,,,,,,,,GLOBAL_BASELINE_NO_ENTITY_RANKING,,,NOT_APPLICABLE_GLOBAL_BASELINE,HF9g-P5,,,,X 全窗基线 · 不参与实体赏罚,6877509,688,A168_HF9F_20260827_0900,2026-08-27 09:00:00
2026-06-02,70460261,471,0,51.4310695091,-51.4310695091,-51.4310695091,0E-7,1,1,0.50665070000000000,0.506650700000,-1.013391052207602,-1.013391052207602,-1.013391052207602,0E-17,ELIGIBLE,R03b_20260811_FULL_v1,L1_ELIGIBILITY,v2026-08-11,2026-03-21..2026-08-06,baccarat_bet02_101_all_pairs_incl_sentinel,round_win = game_pnl > 0 (decisive only),COMPATIBILITY_ONLY_NOT_PRODUCTION,268817.8208,244366.2908,168.7661,6248,5610,-0.00062781,-0.08642944,0.00436428,-0.00062781,-168.7661,268817.8208,OK,0.0000,6.7506,4.0000,96.0000,AG03-UNRESOLVED,ALL5_LEVELS_bet23_to_bet27,6.7506,6.7506,6.7506,8.4383,8.4383,4.000000,4.000000,4.000000,5.000000,5.000000,96.000000,96.000000,96.000000,95.000000,95.000000,5.0,37.1285,34.0107,131.6376,134.7554,PENDING_AG03,FALSE,NOT_FOR_ENFORCEMENT,162.0155,234591.6392,168.7661,162.0155,6.7506,0.00062781,0.00060270,6.7506,162.0155,0.00060270,6.7506,6.7506,6.7506,8.4383,8.4383,162.0155,0.00060270,37.1285,34.0107,131.6376,134.7554,0.00048969,0.00050129,0.00002511,43.0246,43.5591,0.0301,2.0581,0.0627,3278.2661,68.4146,17.6798,46.9397,25.7155,39.4976,52.6635,77.1466,82.2897,128.5777,31.4111,0.0,2.083411,3.25533,1.089297,30,192,222,8,0.05498276,0.00062781,0.08642944,0E-8,0.000000,0.909041,0.000000,-0.09079372,2026-03-23,2026-08-06,82,2690,1181,137,0.598540,0.376650,0.410924,0.183276,,,,,,,,GLOBAL_BASELINE_NO_ENTITY_RANKING,,,NOT_APPLICABLE_GLOBAL_BASELINE,HF9g-P5,,,,X 全窗基线 · 不参与实体赏罚,6877510,688,A168_HF9F_20260827_0900,2026-08-27 09:00:00
2026-06-02,70460261,550,0,110.5767994446,-10.2862139019,-10.2862139019,0.5000000,2,2,0.50665070000000000,0.506650700000,-0.018812684590367487,-0.018812684590367487,-0.018812684590367487,0E-17,ELIGIBLE,R03b_20260811_FULL_v1,L1_ELIGIBILITY,v2026-08-11,2026-03-21..2026-08-06,baccarat_bet02_101_all_pairs_incl_sentinel,round_win = game_pnl > 0 (decisive only),COMPATIBILITY_ONLY_NOT_PRODUCTION,268817.8208,244366.2908,168.7661,6248,5610,-0.00062781,-0.08642944,0.00436428,-0.00062781,-168.7661,268817.8208,OK,0.0000,6.7506,4.0000,96.0000,AG03-UNRESOLVED,ALL5_LEVELS_bet23_to_bet27,6.7506,6.7506,6.7506,8.4383,8.4383,4.000000,4.000000,4.000000,5.000000,5.000000,96.000000,96.000000,96.000000,95.000000,95.000000,5.0,37.1285,34.0107,131.6376,134.7554,PENDING_AG03,FALSE,NOT_FOR_ENFORCEMENT,162.0155,234591.6392,168.7661,162.0155,6.7506,0.00062781,0.00060270,6.7506,162.0155,0.00060270,6.7506,6.7506,6.7506,8.4383,8.4383,162.0155,0.00060270,37.1285,34.0107,131.6376,134.7554,0.00048969,0.00050129,0.00002511,43.0246,43.5591,0.0301,2.0581,0.0627,3278.2661,68.4146,17.6798,46.9397,25.7155,39.4976,52.6635,77.1466,82.2897,128.5777,31.4111,0.0,2.083411,3.25533,1.089297,30,192,222,8,0.05498276,0.00062781,0.08642944,0E-8,0.000000,0.909041,0.000000,-0.09079372,2026-03-23,2026-08-06,82,2690,1181,137,0.598540,0.376650,0.410924,0.183276,,,,,,,,GLOBAL_BASELINE_NO_ENTITY_RANKING,,,NOT_APPLICABLE_GLOBAL_BASELINE,HF9g-P5,,,,X 全窗基线 · 不参与实体赏罚,6877511,688,A168_HF9F_20260827_0900,2026-08-27 09:00:00
2026-06-04,70460261,-1,1,192.8665106591,-192.8665106591,-192.8665106591,0E-7,3,3,0.50665070000000000,0.506650700000,-1.7552447903592512,-1.7552447903592512,-1.7552447903592512,0E-17,SENTINEL_DEALER,R03b_20260811_FULL_v1,L1_ELIGIBILITY,v2026-08-11,2026-03-21..2026-08-06,baccarat_bet02_101_all_pairs_incl_sentinel,round_win = game_pnl > 0 (decisive only),COMPATIBILITY_ONLY_NOT_PRODUCTION,268817.8208,244366.2908,168.7661,6248,5610,-0.00062781,-0.08642944,0.00436428,-0.00062781,-168.7661,268817.8208,OK,0.0000,6.7506,4.0000,96.0000,AG03-UNRESOLVED,ALL5_LEVELS_bet23_to_bet27,6.7506,6.7506,6.7506,8.4383,8.4383,4.000000,4.000000,4.000000,5.000000,5.000000,96.000000,96.000000,96.000000,95.000000,95.000000,5.0,37.1285,34.0107,131.6376,134.7554,PENDING_AG03,FALSE,NOT_FOR_ENFORCEMENT,162.0155,234591.6392,168.7661,162.0155,6.7506,0.00062781,0.00060270,6.7506,162.0155,0.00060270,6.7506,6.7506,6.7506,8.4383,8.4383,162.0155,0.00060270,37.1285,34.0107,131.6376,134.7554,0.00048969,0.00050129,0.00002511,43.0246,43.5591,0.0301,2.0581,0.0627,3278.2661,68.4146,17.6798,46.9397,25.7155,39.4976,52.6635,77.1466,82.2897,128.5777,31.4111,0.0,2.083411,3.25533,1.089297,30,192,222,8,0.05498276,0.00062781,0.08642944,0E-8,0.000000,0.909041,0.000000,-0.09079372,2026-03-23,2026-08-06,82,2690,1181,137,0.598540,0.376650,0.410924,0.183276,,,,,,,,GLOBAL_BASELINE_NO_ENTITY_RANKING,,,NOT_APPLICABLE_GLOBAL_BASELINE,HF9g-P5,,,,X 全窗基线 · 不参与实体赏罚,6877512,688,A168_HF9F_20260827_0900,2026-08-27 09:00:00
2026-06-04,70460261,1078,0,102.8621390181,47.5737392960,47.5737392960,1.0000000,2,1,0.40363872500010015,0.300626750000,1.215509351572591,1.5252488199758223,1.215509351572591,0.10301197500010015,ELIGIBLE,R03b_20260811_FULL_v1,L1_ELIGIBILITY,v2026-08-11,2026-03-21..2026-08-06,baccarat_bet02_101_all_pairs_incl_sentinel,round_win = game_pnl > 0 (decisive only),COMPATIBILITY_ONLY_NOT_PRODUCTION,268817.8208,244366.2908,168.7661,6248,5610,-0.00062781,-0.08642944,0.00436428,-0.00062781,-168.7661,268817.8208,OK,0.0000,6.7506,4.0000,96.0000,AG03-UNRESOLVED,ALL5_LEVELS_bet23_to_bet27,6.7506,6.7506,6.7506,8.4383,8.4383,4.000000,4.000000,4.000000,5.000000,5.000000,96.000000,96.000000,96.000000,95.000000,95.000000,5.0,37.1285,34.0107,131.6376,134.7554,PENDING_AG03,FALSE,NOT_FOR_ENFORCEMENT,162.0155,234591.6392,168.7661,162.0155,6.7506,0.00062781,0.00060270,6.7506,162.0155,0.00060270,6.7506,6.7506,6.7506,8.4383,8.4383,162.0155,0.00060270,37.1285,34.0107,131.6376,134.7554,0.00048969,0.00050129,0.00002511,43.0246,43.5591,0.0301,2.0581,0.0627,3278.2661,68.4146,17.6798,46.9397,25.7155,39.4976,52.6635,77.1466,82.2897,128.5777,31.4111,0.0,2.083411,3.25533,1.089297,30,192,222,8,0.05498276,0.00062781,0.08642944,0E-8,0.000000,0.909041,0.000000,-0.09079372,2026-03-23,2026-08-06,82,2690,1181,137,0.598540,0.376650,0.410924,0.183276,,,,,,,,GLOBAL_BASELINE_NO_ENTITY_RANKING,,,NOT_APPLICABLE_GLOBAL_BASELINE,HF9g-P5,,,,X 全窗基线 · 不参与实体赏罚,6877513,688,A168_HF9F_20260827_0900,2026-08-27 09:00:00
2026-06-04,70460261,1150,0,84.8612646900,81.9039781932,81.9039781932,1.0000000,2,2,0.49994810000000000,0.499948100000,1.4143603653603398,1.4143603653603398,1.4143603653603398,0E-17,ELIGIBLE,R03b_20260811_FULL_v1,L1_ELIGIBILITY,v2026-08-11,2026-03-21..2026-08-06,baccarat_bet02_101_all_pairs_incl_sentinel,round_win = game_pnl > 0 (decisive only),COMPATIBILITY_ONLY_NOT_PRODUCTION,268817.8208,244366.2908,168.7661,6248,5610,-0.00062781,-0.08642944,0.00436428,-0.00062781,-168.7661,268817.8208,OK,0.0000,6.7506,4.0000,96.0000,AG03-UNRESOLVED,ALL5_LEVELS_bet23_to_bet27,6.7506,6.7506,6.7506,8.4383,8.4383,4.000000,4.000000,4.000000,5.000000,5.000000,96.000000,96.000000,96.000000,95.000000,95.000000,5.0,37.1285,34.0107,131.6376,134.7554,PENDING_AG03,FALSE,NOT_FOR_ENFORCEMENT,162.0155,234591.6392,168.7661,162.0155,6.7506,0.00062781,0.00060270,6.7506,162.0155,0.00060270,6.7506,6.7506,6.7506,8.4383,8.4383,162.0155,0.00060270,37.1285,34.0107,131.6376,134.7554,0.00048969,0.00050129,0.00002511,43.0246,43.5591,0.0301,2.0581,0.0627,3278.2661,68.4146,17.6798,46.9397,25.7155,39.4976,52.6635,77.1466,82.2897,128.5777,31.4111,0.0,2.083411,3.25533,1.089297,30,192,222,8,0.05498276,0.00062781,0.08642944,0E-8,0.000000,0.909041,0.000000,-0.09079372,2026-03-23,2026-08-06,82,2690,1181,137,0.598540,0.376650,0.410924,0.183276,,,,,,,,GLOBAL_BASELINE_NO_ENTITY_RANKING,,,NOT_APPLICABLE_GLOBAL_BASELINE,HF9g-P5,,,,X 全窗基线 · 不参与实体赏罚,6877514,688,A168_HF9F_20260827_0900,2026-08-27 09:00:00
2026-06-04,70460261,1151,0,164.5794224291,36.0017486563,36.0017486563,0.6666667,3,3,0.50665070000000000,0.506650700000,0.5543606114942035,0.5543606114942035,0.5543606114942035,0E-17,ELIGIBLE,R03b_20260811_FULL_v1,L1_ELIGIBILITY,v2026-08-11,2026-03-21..2026-08-06,baccarat_bet02_101_all_pairs_incl_sentinel,round_win = game_pnl > 0 (decisive only),COMPATIBILITY_ONLY_NOT_PRODUCTION,268817.8208,244366.2908,168.7661,6248,5610,-0.00062781,-0.08642944,0.00436428,-0.00062781,-168.7661,268817.8208,OK,0.0000,6.7506,4.0000,96.0000,AG03-UNRESOLVED,ALL5_LEVELS_bet23_to_bet27,6.7506,6.7506,6.7506,8.4383,8.4383,4.000000,4.000000,4.000000,5.000000,5.000000,96.000000,96.000000,96.000000,95.000000,95.000000,5.0,37.1285,34.0107,131.6376,134.7554,PENDING_AG03,FALSE,NOT_FOR_ENFORCEMENT,162.0155,234591.6392,168.7661,162.0155,6.7506,0.00062781,0.00060270,6.7506,162.0155,0.00060270,6.7506,6.7506,6.7506,8.4383,8.4383,162.0155,0.00060270,37.1285,34.0107,131.6376,134.7554,0.00048969,0.00050129,0.00002511,43.0246,43.5591,0.0301,2.0581,0.0627,3278.2661,68.4146,17.6798,46.9397,25.7155,39.4976,52.6635,77.1466,82.2897,128.5777,31.4111,0.0,2.083411,3.25533,1.089297,30,192,222,8,0.05498276,0.00062781,0.08642944,0E-8,0.000000,0.909041,0.000000,-0.09079372,2026-03-23,2026-08-06,82,2690,1181,137,0.598540,0.376650,0.410924,0.183276,,,,,,,,GLOBAL_BASELINE_NO_ENTITY_RANKING,,,NOT_APPLICABLE_GLOBAL_BASELINE,HF9g-P5,,,,X 全窗基线 · 不参与实体赏罚,6877515,688,A168_HF9F_20260827_0900,2026-08-27 09:00:00
2026-06-04,70460261,1704,0,51.4310695091,-51.4310695091,-51.4310695091,0E-7,1,1,0.50665070000000000,0.506650700000,-1.013391052207602,-1.013391052207602,-1.013391052207602,0E-17,ELIGIBLE,R03b_20260811_FULL_v1,L1_ELIGIBILITY,v2026-08-11,2026-03-21..2026-08-06,baccarat_bet02_101_all_pairs_incl_sentinel,round_win = game_pnl > 0 (decisive only),COMPATIBILITY_ONLY_NOT_PRODUCTION,268817.8208,244366.2908,168.7661,6248,5610,-0.00062781,-0.08642944,0.00436428,-0.00062781,-168.7661,268817.8208,OK,0.0000,6.7506,4.0000,96.0000,AG03-UNRESOLVED,ALL5_LEVELS_bet23_to_bet27,6.7506,6.7506,6.7506,8.4383,8.4383,4.000000,4.000000,4.000000,5.000000,5.000000,96.000000,96.000000,96.000000,95.000000,95.000000,5.0,37.1285,34.0107,131.6376,134.7554,PENDING_AG03,FALSE,NOT_FOR_ENFORCEMENT,162.0155,234591.6392,168.7661,162.0155,6.7506,0.00062781,0.00060270,6.7506,162.0155,0.00060270,6.7506,6.7506,6.7506,8.4383,8.4383,162.0155,0.00060270,37.1285,34.0107,131.6376,134.7554,0.00048969,0.00050129,0.00002511,43.0246,43.5591,0.0301,2.0581,0.0627,3278.2661,68.4146,17.6798,46.9397,25.7155,39.4976,52.6635,77.1466,82.2897,128.5777,31.4111,0.0,2.083411,3.25533,1.089297,30,192,222,8,0.05498276,0.00062781,0.08642944,0E-8,0.000000,0.909041,0.000000,-0.09079372,2026-03-23,2026-08-06,82,2690,1181,137,0.598540,0.376650,0.410924,0.183276,,,,,,,,GLOBAL_BASELINE_NO_ENTITY_RANKING,,,NOT_APPLICABLE_GLOBAL_BASELINE,HF9g-P5,,,,X 全窗基线 · 不参与实体赏罚,6877516,688,A168_HF9F_20260827_0900,2026-08-27 09:00:00
2026-06-04,70460261,2266,0,51.4310695091,23.7868696479,23.7868696479,1.0000000,2,1,0.40363872499979971,0.300626750000,1.2155093515733495,1.5252488199758223,1.2155093515733495,0.10301197499979971,ELIGIBLE,R03b_20260811_FULL_v1,L1_ELIGIBILITY,v2026-08-11,2026-03-21..2026-08-06,baccarat_bet02_101_all_pairs_incl_sentinel,round_win = game_pnl > 0 (decisive only),COMPATIBILITY_ONLY_NOT_PRODUCTION,268817.8208,244366.2908,168.7661,6248,5610,-0.00062781,-0.08642944,0.00436428,-0.00062781,-168.7661,268817.8208,OK,0.0000,6.7506,4.0000,96.0000,AG03-UNRESOLVED,ALL5_LEVELS_bet23_to_bet27,6.7506,6.7506,6.7506,8.4383,8.4383,4.000000,4.000000,4.000000,5.000000,5.000000,96.000000,96.000000,96.000000,95.000000,95.000000,5.0,37.1285,34.0107,131.6376,134.7554,PENDING_AG03,FALSE,NOT_FOR_ENFORCEMENT,162.0155,234591.6392,168.7661,162.0155,6.7506,0.00062781,0.00060270,6.7506,162.0155,0.00060270,6.7506,6.7506,6.7506,8.4383,8.4383,162.0155,0.00060270,37.1285,34.0107,131.6376,134.7554,0.00048969,0.00050129,0.00002511,43.0246,43.5591,0.0301,2.0581,0.0627,3278.2661,68.4146,17.6798,46.9397,25.7155,39.4976,52.6635,77.1466,82.2897,128.5777,31.4111,0.0,2.083411,3.25533,1.089297,30,192,222,8,0.05498276,0.00062781,0.08642944,0E-8,0.000000,0.909041,0.000000,-0.09079372,2026-03-23,2026-08-06,82,2690,1181,137,0.598540,0.376650,0.410924,0.183276,,,,,,,,GLOBAL_BASELINE_NO_ENTITY_RANKING,,,NOT_APPLICABLE_GLOBAL_BASELINE,HF9g-P5,,,,X 全窗基线 · 不参与实体赏罚,6877517,688,A168_HF9F_20260827_0900,2026-08-27 09:00:00
2026-06-05,70460261,-1,1,1267.7758633989,81.1325121505,81.1325121505,0.5000000,20,20,0.50665070000000000,0.506650700000,-0.059490932207913017,-0.059490932207913017,-0.059490932207913017,0E-17,SENTINEL_DEALER,R03b_20260811_FULL_v1,L1_ELIGIBILITY,v2026-08-11,2026-03-21..2026-08-06,baccarat_bet02_101_all_pairs_incl_sentinel,round_win = game_pnl > 0 (decisive only),COMPATIBILITY_ONLY_NOT_PRODUCTION,268817.8208,244366.2908,168.7661,6248,5610,-0.00062781,-0.08642944,0.00436428,-0.00062781,-168.7661,268817.8208,OK,0.0000,6.7506,4.0000,96.0000,AG03-UNRESOLVED,ALL5_LEVELS_bet23_to_bet27,6.7506,6.7506,6.7506,8.4383,8.4383,4.000000,4.000000,4.000000,5.000000,5.000000,96.000000,96.000000,96.000000,95.000000,95.000000,5.0,37.1285,34.0107,131.6376,134.7554,PENDING_AG03,FALSE,NOT_FOR_ENFORCEMENT,162.0155,234591.6392,168.7661,162.0155,6.7506,0.00062781,0.00060270,6.7506,162.0155,0.00060270,6.7506,6.7506,6.7506,8.4383,8.4383,162.0155,0.00060270,37.1285,34.0107,131.6376,134.7554,0.00048969,0.00050129,0.00002511,43.0246,43.5591,0.0301,2.0581,0.0627,3278.2661,68.4146,17.6798,46.9397,25.7155,39.4976,52.6635,77.1466,82.2897,128.5777,31.4111,0.0,2.083411,3.25533,1.089297,30,192,222,8,0.05498276,0.00062781,0.08642944,0E-8,0.000000,0.909041,0.000000,-0.09079372,2026-03-23,2026-08-06,82,2690,1181,137,0.598540,0.376650,0.410924,0.183276,,,,,,,,GLOBAL_BASELINE_NO_ENTITY_RANKING,,,NOT_APPLICABLE_GLOBAL_BASELINE,HF9g-P5,,,,X 全窗基线 · 不参与实体赏罚,6877518,688,A168_HF9F_20260827_0900,2026-08-27 09:00:00
2026-06-05,70460261,1307,0,25.7155347545,24.4297580168,24.4297580168,1.0000000,1,1,0.50665070000000000,0.506650700000,0.9867858985152569,0.9867858985152569,0.9867858985152569,0E-17,ELIGIBLE,R03b_20260811_FULL_v1,L1_ELIGIBILITY,v2026-08-11,2026-03-21..2026-08-06,baccarat_bet02_101_all_pairs_incl_sentinel,round_win = game_pnl > 0 (decisive only),COMPATIBILITY_ONLY_NOT_PRODUCTION,268817.8208,244366.2908,168.7661,6248,5610,-0.00062781,-0.08642944,0.00436428,-0.00062781,-168.7661,268817.8208,OK,0.0000,6.7506,4.0000,96.0000,AG03-UNRESOLVED,ALL5_LEVELS_bet23_to_bet27,6.7506,6.7506,6.7506,8.4383,8.4383,4.000000,4.000000,4.000000,5.000000,5.000000,96.000000,96.000000,96.000000,95.000000,95.000000,5.0,37.1285,34.0107,131.6376,134.7554,PENDING_AG03,FALSE,NOT_FOR_ENFORCEMENT,162.0155,234591.6392,168.7661,162.0155,6.7506,0.00062781,0.00060270,6.7506,162.0155,0.00060270,6.7506,6.7506,6.7506,8.4383,8.4383,162.0155,0.00060270,37.1285,34.0107,131.6376,134.7554,0.00048969,0.00050129,0.00002511,43.0246,43.5591,0.0301,2.0581,0.0627,3278.2661,68.4146,17.6798,46.9397,25.7155,39.4976,52.6635,77.1466,82.2897,128.5777,31.4111,0.0,2.083411,3.25533,1.089297,30,192,222,8,0.05498276,0.00062781,0.08642944,0E-8,0.000000,0.909041,0.000000,-0.09079372,2026-03-23,2026-08-06,82,2690,1181,137,0.598540,0.376650,0.410924,0.183276,,,,,,,,GLOBAL_BASELINE_NO_ENTITY_RANKING,,,NOT_APPLICABLE_GLOBAL_BASELINE,HF9g-P5,,,,X 全窗基线 · 不参与实体赏罚,6877519,688,A168_HF9F_20260827_0900,2026-08-27 09:00:00
2026-06-05,70460261,1330,0,159.4363154781,31.1157970530,31.1157970530,0.6666667,3,3,0.50665070000000000,0.506650700000,0.5543606114942035,0.5543606114942035,0.5543606114942035,0E-17,ELIGIBLE,R03b_20260811_FULL_v1,L1_ELIGIBILITY,v2026-08-11,2026-03-21..2026-08-06,baccarat_bet02_101_all_pairs_incl_sentinel,round_win = game_pnl > 0 (decisive only),COMPATIBILITY_ONLY_NOT_PRODUCTION,268817.8208,244366.2908,168.7661,6248,5610,-0.00062781,-0.08642944,0.00436428,-0.00062781,-168.7661,268817.8208,OK,0.0000,6.7506,4.0000,96.0000,AG03-UNRESOLVED,ALL5_LEVELS_bet23_to_bet27,6.7506,6.7506,6.7506,8.4383,8.4383,4.000000,4.000000,4.000000,5.000000,5.000000,96.000000,96.000000,96.000000,95.000000,95.000000,5.0,37.1285,34.0107,131.6376,134.7554,PENDING_AG03,FALSE,NOT_FOR_ENFORCEMENT,162.0155,234591.6392,168.7661,162.0155,6.7506,0.00062781,0.00060270,6.7506,162.0155,0.00060270,6.7506,6.7506,6.7506,8.4383,8.4383,162.0155,0.00060270,37.1285,34.0107,131.6376,134.7554,0.00048969,0.00050129,0.00002511,43.0246,43.5591,0.0301,2.0581,0.0627,3278.2661,68.4146,17.6798,46.9397,25.7155,39.4976,52.6635,77.1466,82.2897,128.5777,31.4111,0.0,2.083411,3.25533,1.089297,30,192,222,8,0.05498276,0.00062781,0.08642944,0E-8,0.000000,0.909041,0.000000,-0.09079372,2026-03-23,2026-08-06,82,2690,1181,137,0.598540,0.376650,0.410924,0.183276,,,,,,,,GLOBAL_BASELINE_NO_ENTITY_RANKING,,,NOT_APPLICABLE_GLOBAL_BASELINE,HF9g-P5,,,,X 全窗基线 · 不参与实体赏罚,6877520,688,A168_HF9F_20260827_0900,2026-08-27 09:00:00
2026-06-05,70460261,2130,0,77.1466042636,0E-10,0E-10,,1,1,0.50665070000000000,0.506650700000,,,,0E-17,NO_DECISIVE_ROUND,R03b_20260811_FULL_v1,L1_ELIGIBILITY,v2026-08-11,2026-03-21..2026-08-06,baccarat_bet02_101_all_pairs_incl_sentinel,round_win = game_pnl > 0 (decisive only),COMPATIBILITY_ONLY_NOT_PRODUCTION,268817.8208,244366.2908,168.7661,6248,5610,-0.00062781,-0.08642944,0.00436428,-0.00062781,-168.7661,268817.8208,OK,0.0000,6.7506,4.0000,96.0000,AG03-UNRESOLVED,ALL5_LEVELS_bet23_to_bet27,6.7506,6.7506,6.7506,8.4383,8.4383,4.000000,4.000000,4.000000,5.000000,5.000000,96.000000,96.000000,96.000000,95.000000,95.000000,5.0,37.1285,34.0107,131.6376,134.7554,PENDING_AG03,FALSE,NOT_FOR_ENFORCEMENT,162.0155,234591.6392,168.7661,162.0155,6.7506,0.00062781,0.00060270,6.7506,162.0155,0.00060270,6.7506,6.7506,6.7506,8.4383,8.4383,162.0155,0.00060270,37.1285,34.0107,131.6376,134.7554,0.00048969,0.00050129,0.00002511,43.0246,43.5591,0.0301,2.0581,0.0627,3278.2661,68.4146,17.6798,46.9397,25.7155,39.4976,52.6635,77.1466,82.2897,128.5777,31.4111,0.0,2.083411,3.25533,1.089297,30,192,222,8,0.05498276,0.00062781,0.08642944,0E-8,0.000000,0.909041,0.000000,-0.09079372,2026-03-23,2026-08-06,82,2690,1181,137,0.598540,0.376650,0.410924,0.183276,,,,,,,,GLOBAL_BASELINE_NO_ENTITY_RANKING,,,NOT_APPLICABLE_GLOBAL_BASELINE,HF9g-P5,,,,X 全窗基线 · 不参与实体赏罚,6877521,688,A168_HF9F_20260827_0900,2026-08-27 09:00:00
2026-06-05,70460261,2152,0,77.1466042636,-77.1466042636,-77.1466042636,0E-7,1,1,0.50665070000000000,0.506650700000,-1.013391052207602,-1.013391052207602,-1.013391052207602,0E-17,ELIGIBLE,R03b_20260811_FULL_v1,L1_ELIGIBILITY,v2026-08-11,2026-03-21..2026-08-06,baccarat_bet02_101_all_pairs_incl_sentinel,round_win = game_pnl > 0 (decisive only),COMPATIBILITY_ONLY_NOT_PRODUCTION,268817.8208,244366.2908,168.7661,6248,5610,-0.00062781,-0.08642944,0.00436428,-0.00062781,-168.7661,268817.8208,OK,0.0000,6.7506,4.0000,96.0000,AG03-UNRESOLVED,ALL5_LEVELS_bet23_to_bet27,6.7506,6.7506,6.7506,8.4383,8.4383,4.000000,4.000000,4.000000,5.000000,5.000000,96.000000,96.000000,96.000000,95.000000,95.000000,5.0,37.1285,34.0107,131.6376,134.7554,PENDING_AG03,FALSE,NOT_FOR_ENFORCEMENT,162.0155,234591.6392,168.7661,162.0155,6.7506,0.00062781,0.00060270,6.7506,162.0155,0.00060270,6.7506,6.7506,6.7506,8.4383,8.4383,162.0155,0.00060270,37.1285,34.0107,131.6376,134.7554,0.00048969,0.00050129,0.00002511,43.0246,43.5591,0.0301,2.0581,0.0627,3278.2661,68.4146,17.6798,46.9397,25.7155,39.4976,52.6635,77.1466,82.2897,128.5777,31.4111,0.0,2.083411,3.25533,1.089297,30,192,222,8,0.05498276,0.00062781,0.08642944,0E-8,0.000000,0.909041,0.000000,-0.09079372,2026-03-23,2026-08-06,82,2690,1181,137,0.598540,0.376650,0.410924,0.183276,,,,,,,,GLOBAL_BASELINE_NO_ENTITY_RANKING,,,NOT_APPLICABLE_GLOBAL_BASELINE,HF9g-P5,,,,X 全窗基线 · 不参与实体赏罚,6877522,688,A168_HF9F_20260827_0900,2026-08-27 09:00:00
2026-06-05,70460261,2167,0,77.1466042636,-77.1466042636,-77.1466042636,0E-7,1,1,0.50665070000000000,0.506650700000,-1.013391052207602,-1.013391052207602,-1.013391052207602,0E-17,ELIGIBLE,R03b_20260811_FULL_v1,L1_ELIGIBILITY,v2026-08-11,2026-03-21..2026-08-06,baccarat_bet02_101_all_pairs_incl_sentinel,round_win = game_pnl > 0 (decisive only),COMPATIBILITY_ONLY_NOT_PRODUCTION,268817.8208,244366.2908,168.7661,6248,5610,-0.00062781,-0.08642944,0.00436428,-0.00062781,-168.7661,268817.8208,OK,0.0000,6.7506,4.0000,96.0000,AG03-UNRESOLVED,ALL5_LEVELS_bet23_to_bet27,6.7506,6.7506,6.7506,8.4383,8.4383,4.000000,4.000000,4.000000,5.000000,5.000000,96.000000,96.000000,96.000000,95.000000,95.000000,5.0,37.1285,34.0107,131.6376,134.7554,PENDING_AG03,FALSE,NOT_FOR_ENFORCEMENT,162.0155,234591.6392,168.7661,162.0155,6.7506,0.00062781,0.00060270,6.7506,162.0155,0.00060270,6.7506,6.7506,6.7506,8.4383,8.4383,162.0155,0.00060270,37.1285,34.0107,131.6376,134.7554,0.00048969,0.00050129,0.00002511,43.0246,43.5591,0.0301,2.0581,0.0627,3278.2661,68.4146,17.6798,46.9397,25.7155,39.4976,52.6635,77.1466,82.2897,128.5777,31.4111,0.0,2.083411,3.25533,1.089297,30,192,222,8,0.05498276,0.00062781,0.08642944,0E-8,0.000000,0.909041,0.000000,-0.09079372,2026-03-23,2026-08-06,82,2690,1181,137,0.598540,0.376650,0.410924,0.183276,,,,,,,,GLOBAL_BASELINE_NO_ENTITY_RANKING,,,NOT_APPLICABLE_GLOBAL_BASELINE,HF9g-P5,,,,X 全窗基线 · 不参与实体赏罚,6877523,688,A168_HF9F_20260827_0900,2026-08-27 09:00:00
2026-06-05,70460261,2177,0,97.7190320673,2.5715534754,2.5715534754,0.5000000,2,2,0.50665070000000000,0.506650700000,-0.018812684590367487,-0.018812684590367487,-0.018812684590367487,0E-17,ELIGIBLE,R03b_20260811_FULL_v1,L1_ELIGIBILITY,v2026-08-11,2026-03-21..2026-08-06,baccarat_bet02_101_all_pairs_incl_sentinel,round_win = game_pnl > 0 (decisive only),COMPATIBILITY_ONLY_NOT_PRODUCTION,268817.8208,244366.2908,168.7661,6248,5610,-0.00062781,-0.08642944,0.00436428,-0.00062781,-168.7661,268817.8208,OK,0.0000,6.7506,4.0000,96.0000,AG03-UNRESOLVED,ALL5_LEVELS_bet23_to_bet27,6.7506,6.7506,6.7506,8.4383,8.4383,4.000000,4.000000,4.000000,5.000000,5.000000,96.000000,96.000000,96.000000,95.000000,95.000000,5.0,37.1285,34.0107,131.6376,134.7554,PENDING_AG03,FALSE,NOT_FOR_ENFORCEMENT,162.0155,234591.6392,168.7661,162.0155,6.7506,0.00062781,0.00060270,6.7506,162.0155,0.00060270,6.7506,6.7506,6.7506,8.4383,8.4383,162.0155,0.00060270,37.1285,34.0107,131.6376,134.7554,0.00048969,0.00050129,0.00002511,43.0246,43.5591,0.0301,2.0581,0.0627,3278.2661,68.4146,17.6798,46.9397,25.7155,39.4976,52.6635,77.1466,82.2897,128.5777,31.4111,0.0,2.083411,3.25533,1.089297,30,192,222,8,0.05498276,0.00062781,0.08642944,0E-8,0.000000,0.909041,0.000000,-0.09079372,2026-03-23,2026-08-06,82,2690,1181,137,0.598540,0.376650,0.410924,0.183276,,,,,,,,GLOBAL_BASELINE_NO_ENTITY_RANKING,,,NOT_APPLICABLE_GLOBAL_BASELINE,HF9g-P5,,,,X 全窗基线 · 不参与实体赏罚,6877524,688,A168_HF9F_20260827_0900,2026-08-27 09:00:00
2026-06-05,70460261,2239,0,154.2932085272,-77.1466042636,-77.1466042636,0E-7,2,2,0.50665070000000000,0.506650700000,-1.013391052207602,-1.013391052207602,-1.013391052207602,0E-17,ELIGIBLE,R03b_20260811_FULL_v1,L1_ELIGIBILITY,v2026-08-11,2026-03-21..2026-08-06,baccarat_bet02_101_all_pairs_incl_sentinel,round_win = game_pnl > 0 (decisive only),COMPATIBILITY_ONLY_NOT_PRODUCTION,268817.8208,244366.2908,168.7661,6248,5610,-0.00062781,-0.08642944,0.00436428,-0.00062781,-168.7661,268817.8208,OK,0.0000,6.7506,4.0000,96.0000,AG03-UNRESOLVED,ALL5_LEVELS_bet23_to_bet27,6.7506,6.7506,6.7506,8.4383,8.4383,4.000000,4.000000,4.000000,5.000000,5.000000,96.000000,96.000000,96.000000,95.000000,95.000000,5.0,37.1285,34.0107,131.6376,134.7554,PENDING_AG03,FALSE,NOT_FOR_ENFORCEMENT,162.0155,234591.6392,168.7661,162.0155,6.7506,0.00062781,0.00060270,6.7506,162.0155,0.00060270,6.7506,6.7506,6.7506,8.4383,8.4383,162.0155,0.00060270,37.1285,34.0107,131.6376,134.7554,0.00048969,0.00050129,0.00002511,43.0246,43.5591,0.0301,2.0581,0.0627,3278.2661,68.4146,17.6798,46.9397,25.7155,39.4976,52.6635,77.1466,82.2897,128.5777,31.4111,0.0,2.083411,3.25533,1.089297,30,192,222,8,0.05498276,0.00062781,0.08642944,0E-8,0.000000,0.909041,0.000000,-0.09079372,2026-03-23,2026-08-06,82,2690,1181,137,0.598540,0.376650,0.410924,0.183276,,,,,,,,GLOBAL_BASELINE_NO_ENTITY_RANKING,,,NOT_APPLICABLE_GLOBAL_BASELINE,HF9g-P5,,,,X 全窗基线 · 不参与实体赏罚,6877525,688,A168_HF9F_20260827_0900,2026-08-27 09:00:00
2026-06-05,70460261,2244,0,169.7225293800,161.2364029110,161.2364029110,1.0000000,3,3,0.50665070000000000,0.506650700000,1.7091633124209307,1.7091633124209307,1.7091633124209307,0E-17,ELIGIBLE,R03b_20260811_FULL_v1,L1_ELIGIBILITY,v2026-08-11,2026-03-21..2026-08-06,baccarat_bet02_101_all_pairs_incl_sentinel,round_win = game_pnl > 0 (decisive only),COMPATIBILITY_ONLY_NOT_PRODUCTION,268817.8208,244366.2908,168.7661,6248,5610,-0.00062781,-0.08642944,0.00436428,-0.00062781,-168.7661,268817.8208,OK,0.0000,6.7506,4.0000,96.0000,AG03-UNRESOLVED,ALL5_LEVELS_bet23_to_bet27,6.7506,6.7506,6.7506,8.4383,8.4383,4.000000,4.000000,4.000000,5.000000,5.000000,96.000000,96.000000,96.000000,95.000000,95.000000,5.0,37.1285,34.0107,131.6376,134.7554,PENDING_AG03,FALSE,NOT_FOR_ENFORCEMENT,162.0155,234591.6392,168.7661,162.0155,6.7506,0.00062781,0.00060270,6.7506,162.0155,0.00060270,6.7506,6.7506,6.7506,8.4383,8.4383,162.0155,0.00060270,37.1285,34.0107,131.6376,134.7554,0.00048969,0.00050129,0.00002511,43.0246,43.5591,0.0301,2.0581,0.0627,3278.2661,68.4146,17.6798,46.9397,25.7155,39.4976,52.6635,77.1466,82.2897,128.5777,31.4111,0.0,2.083411,3.25533,1.089297,30,192,222,8,0.05498276,0.00062781,0.08642944,0E-8,0.000000,0.909041,0.000000,-0.09079372,2026-03-23,2026-08-06,82,2690,1181,137,0.598540,0.376650,0.410924,0.183276,,,,,,,,GLOBAL_BASELINE_NO_ENTITY_RANKING,,,NOT_APPLICABLE_GLOBAL_BASELINE,HF9g-P5,,,,X 全窗基线 · 不参与实体赏罚,6877526,688,A168_HF9F_20260827_0900,2026-08-27 09:00:00
2026-06-06,70460261,-1,1,181.8088307146,-31.3729524005,-31.3729524005,0.5000000,2,2,0.50665070000000000,0.506650700000,-0.018812684590367487,-0.018812684590367487,-0.018812684590367487,0E-17,SENTINEL_DEALER,R03b_20260811_FULL_v1,L1_ELIGIBILITY,v2026-08-11,2026-03-21..2026-08-06,baccarat_bet02_101_all_pairs_incl_sentinel,round_win = game_pnl > 0 (decisive only),COMPATIBILITY_ONLY_NOT_PRODUCTION,268817.8208,244366.2908,168.7661,6248,5610,-0.00062781,-0.08642944,0.00436428,-0.00062781,-168.7661,268817.8208,OK,0.0000,6.7506,4.0000,96.0000,AG03-UNRESOLVED,ALL5_LEVELS_bet23_to_bet27,6.7506,6.7506,6.7506,8.4383,8.4383,4.000000,4.000000,4.000000,5.000000,5.000000,96.000000,96.000000,96.000000,95.000000,95.000000,5.0,37.1285,34.0107,131.6376,134.7554,PENDING_AG03,FALSE,NOT_FOR_ENFORCEMENT,162.0155,234591.6392,168.7661,162.0155,6.7506,0.00062781,0.00060270,6.7506,162.0155,0.00060270,6.7506,6.7506,6.7506,8.4383,8.4383,162.0155,0.00060270,37.1285,34.0107,131.6376,134.7554,0.00048969,0.00050129,0.00002511,43.0246,43.5591,0.0301,2.0581,0.0627,3278.2661,68.4146,17.6798,46.9397,25.7155,39.4976,52.6635,77.1466,82.2897,128.5777,31.4111,0.0,2.083411,3.25533,1.089297,30,192,222,8,0.05498276,0.00062781,0.08642944,0E-8,0.000000,0.909041,0.000000,-0.09079372,2026-03-23,2026-08-06,82,2690,1181,137,0.598540,0.376650,0.410924,0.183276,,,,,,,,GLOBAL_BASELINE_NO_ENTITY_RANKING,,,NOT_APPLICABLE_GLOBAL_BASELINE,HF9g-P5,,,,X 全窗基线 · 不参与实体赏罚,6877527,688,A168_HF9F_20260827_0900,2026-08-27 09:00:00
2026-06-06,70460261,1382,0,51.4310695091,0E-10,0E-10,,1,1,0.49324550000000000,0.493245500000,,,,0E-17,NO_DECISIVE_ROUND,R03b_20260811_FULL_v1,L1_ELIGIBILITY,v2026-08-11,2026-03-21..2026-08-06,baccarat_bet02_101_all_pairs_incl_sentinel,round_win = game_pnl > 0 (decisive only),COMPATIBILITY_ONLY_NOT_PRODUCTION,268817.8208,244366.2908,168.7661,6248,5610,-0.00062781,-0.08642944,0.00436428,-0.00062781,-168.7661,268817.8208,OK,0.0000,6.7506,4.0000,96.0000,AG03-UNRESOLVED,ALL5_LEVELS_bet23_to_bet27,6.7506,6.7506,6.7506,8.4383,8.4383,4.000000,4.000000,4.000000,5.000000,5.000000,96.000000,96.000000,96.000000,95.000000,95.000000,5.0,37.1285,34.0107,131.6376,134.7554,PENDING_AG03,FALSE,NOT_FOR_ENFORCEMENT,162.0155,234591.6392,168.7661,162.0155,6.7506,0.00062781,0.00060270,6.7506,162.0155,0.00060270,6.7506,6.7506,6.7506,8.4383,8.4383,162.0155,0.00060270,37.1285,34.0107,131.6376,134.7554,0.00048969,0.00050129,0.00002511,43.0246,43.5591,0.0301,2.0581,0.0627,3278.2661,68.4146,17.6798,46.9397,25.7155,39.4976,52.6635,77.1466,82.2897,128.5777,31.4111,0.0,2.083411,3.25533,1.089297,30,192,222,8,0.05498276,0.00062781,0.08642944,0E-8,0.000000,0.909041,0.000000,-0.09079372,2026-03-23,2026-08-06,82,2690,1181,137,0.598540,0.376650,0.410924,0.183276,,,,,,,,GLOBAL_BASELINE_NO_ENTITY_RANKING,,,NOT_APPLICABLE_GLOBAL_BASELINE,HF9g-P5,,,,X 全窗基线 · 不参与实体赏罚,6877528,688,A168_HF9F_20260827_0900,2026-08-27 09:00:00
2026-06-06,70460261,1405,0,77.1466042636,-77.1466042636,-77.1466042636,0E-7,1,1,0.50665070000000000,0.506650700000,-1.013391052207602,-1.013391052207602,-1.013391052207602,0E-17,ELIGIBLE,R03b_20260811_FULL_v1,L1_ELIGIBILITY,v2026-08-11,2026-03-21..2026-08-06,baccarat_bet02_101_all_pairs_incl_sentinel,round_win = game_pnl > 0 (decisive only),COMPATIBILITY_ONLY_NOT_PRODUCTION,268817.8208,244366.2908,168.7661,6248,5610,-0.00062781,-0.08642944,0.00436428,-0.00062781,-168.7661,268817.8208,OK,0.0000,6.7506,4.0000,96.0000,AG03-UNRESOLVED,ALL5_LEVELS_bet23_to_bet27,6.7506,6.7506,6.7506,8.4383,8.4383,4.000000,4.000000,4.000000,5.000000,5.000000,96.000000,96.000000,96.000000,95.000000,95.000000,5.0,37.1285,34.0107,131.6376,134.7554,PENDING_AG03,FALSE,NOT_FOR_ENFORCEMENT,162.0155,234591.6392,168.7661,162.0155,6.7506,0.00062781,0.00060270,6.7506,162.0155,0.00060270,6.7506,6.7506,6.7506,8.4383,8.4383,162.0155,0.00060270,37.1285,34.0107,131.6376,134.7554,0.00048969,0.00050129,0.00002511,43.0246,43.5591,0.0301,2.0581,0.0627,3278.2661,68.4146,17.6798,46.9397,25.7155,39.4976,52.6635,77.1466,82.2897,128.5777,31.4111,0.0,2.083411,3.25533,1.089297,30,192,222,8,0.05498276,0.00062781,0.08642944,0E-8,0.000000,0.909041,0.000000,-0.09079372,2026-03-23,2026-08-06,82,2690,1181,137,0.598540,0.376650,0.410924,0.183276,,,,,,,,GLOBAL_BASELINE_NO_ENTITY_RANKING,,,NOT_APPLICABLE_GLOBAL_BASELINE,HF9g-P5,,,,X 全窗基线 · 不参与实体赏罚,6877529,688,A168_HF9F_20260827_0900,2026-08-27 09:00:00
2026-06-06,70460261,2147,0,51.4310695091,-51.4310695091,-51.4310695091,0E-7,1,1,0.50665070000000000,0.506650700000,-1.013391052207602,-1.013391052207602,-1.013391052207602,0E-17,ELIGIBLE,R03b_20260811_FULL_v1,L1_ELIGIBILITY,v2026-08-11,2026-03-21..2026-08-06,baccarat_bet02_101_all_pairs_incl_sentinel,round_win = game_pnl > 0 (decisive only),COMPATIBILITY_ONLY_NOT_PRODUCTION,268817.8208,244366.2908,168.7661,6248,5610,-0.00062781,-0.08642944,0.00436428,-0.00062781,-168.7661,268817.8208,OK,0.0000,6.7506,4.0000,96.0000,AG03-UNRESOLVED,ALL5_LEVELS_bet23_to_bet27,6.7506,6.7506,6.7506,8.4383,8.4383,4.000000,4.000000,4.000000,5.000000,5.000000,96.000000,96.000000,96.000000,95.000000,95.000000,5.0,37.1285,34.0107,131.6376,134.7554,PENDING_AG03,FALSE,NOT_FOR_ENFORCEMENT,162.0155,234591.6392,168.7661,162.0155,6.7506,0.00062781,0.00060270,6.7506,162.0155,0.00060270,6.7506,6.7506,6.7506,8.4383,8.4383,162.0155,0.00060270,37.1285,34.0107,131.6376,134.7554,0.00048969,0.00050129,0.00002511,43.0246,43.5591,0.0301,2.0581,0.0627,3278.2661,68.4146,17.6798,46.9397,25.7155,39.4976,52.6635,77.1466,82.2897,128.5777,31.4111,0.0,2.083411,3.25533,1.089297,30,192,222,8,0.05498276,0.00062781,0.08642944,0E-8,0.000000,0.909041,0.000000,-0.09079372,2026-03-23,2026-08-06,82,2690,1181,137,0.598540,0.376650,0.410924,0.183276,,,,,,,,GLOBAL_BASELINE_NO_ENTITY_RANKING,,,NOT_APPLICABLE_GLOBAL_BASELINE,HF9g-P5,,,,X 全窗基线 · 不参与实体赏罚,6877530,688,A168_HF9F_20260827_0900,2026-08-27 09:00:00
2026-06-06,70460261,2261,0,51.4310695091,-51.4310695091,-51.4310695091,0E-7,1,1,0.50665070000000000,0.506650700000,-1.013391052207602,-1.013391052207602,-1.013391052207602,0E-17,ELIGIBLE,R03b_20260811_FULL_v1,L1_ELIGIBILITY,v2026-08-11,2026-03-21..2026-08-06,baccarat_bet02_101_all_pairs_incl_sentinel,round_win = game_pnl > 0 (decisive only),COMPATIBILITY_ONLY_NOT_PRODUCTION,268817.8208,244366.2908,168.7661,6248,5610,-0.00062781,-0.08642944,0.00436428,-0.00062781,-168.7661,268817.8208,OK,0.0000,6.7506,4.0000,96.0000,AG03-UNRESOLVED,ALL5_LEVELS_bet23_to_bet27,6.7506,6.7506,6.7506,8.4383,8.4383,4.000000,4.000000,4.000000,5.000000,5.000000,96.000000,96.000000,96.000000,95.000000,95.000000,5.0,37.1285,34.0107,131.6376,134.7554,PENDING_AG03,FALSE,NOT_FOR_ENFORCEMENT,162.0155,234591.6392,168.7661,162.0155,6.7506,0.00062781,0.00060270,6.7506,162.0155,0.00060270,6.7506,6.7506,6.7506,8.4383,8.4383,162.0155,0.00060270,37.1285,34.0107,131.6376,134.7554,0.00048969,0.00050129,0.00002511,43.0246,43.5591,0.0301,2.0581,0.0627,3278.2661,68.4146,17.6798,46.9397,25.7155,39.4976,52.6635,77.1466,82.2897,128.5777,31.4111,0.0,2.083411,3.25533,1.089297,30,192,222,8,0.05498276,0.00062781,0.08642944,0E-8,0.000000,0.909041,0.000000,-0.09079372,2026-03-23,2026-08-06,82,2690,1181,137,0.598540,0.376650,0.410924,0.183276,,,,,,,,GLOBAL_BASELINE_NO_ENTITY_RANKING,,,NOT_APPLICABLE_GLOBAL_BASELINE,HF9g-P5,,,,X 全窗基线 · 不参与实体赏罚,6877531,688,A168_HF9F_20260827_0900,2026-08-27 09:00:00
2026-06-07,70460261,-1,1,558.0271041736,-242.1117597140,-242.1117597140,0.3000000,10,10,0.50665070000000000,0.506650700000,-1.3070894191142455,-1.3070894191142455,-1.3070894191142455,0E-17,SENTINEL_DEALER,R03b_20260811_FULL_v1,L1_ELIGIBILITY,v2026-08-11,2026-03-21..2026-08-06,baccarat_bet02_101_all_pairs_incl_sentinel,round_win = game_pnl > 0 (decisive only),COMPATIBILITY_ONLY_NOT_PRODUCTION,268817.8208,244366.2908,168.7661,6248,5610,-0.00062781,-0.08642944,0.00436428,-0.00062781,-168.7661,268817.8208,OK,0.0000,6.7506,4.0000,96.0000,AG03-UNRESOLVED,ALL5_LEVELS_bet23_to_bet27,6.7506,6.7506,6.7506,8.4383,8.4383,4.000000,4.000000,4.000000,5.000000,5.000000,96.000000,96.000000,96.000000,95.000000,95.000000,5.0,37.1285,34.0107,131.6376,134.7554,PENDING_AG03,FALSE,NOT_FOR_ENFORCEMENT,162.0155,234591.6392,168.7661,162.0155,6.7506,0.00062781,0.00060270,6.7506,162.0155,0.00060270,6.7506,6.7506,6.7506,8.4383,8.4383,162.0155,0.00060270,37.1285,34.0107,131.6376,134.7554,0.00048969,0.00050129,0.00002511,43.0246,43.5591,0.0301,2.0581,0.0627,3278.2661,68.4146,17.6798,46.9397,25.7155,39.4976,52.6635,77.1466,82.2897,128.5777,31.4111,0.0,2.083411,3.25533,1.089297,30,192,222,8,0.05498276,0.00062781,0.08642944,0E-8,0.000000,0.909041,0.000000,-0.09079372,2026-03-23,2026-08-06,82,2690,1181,137,0.598540,0.376650,0.410924,0.183276,,,,,,,,GLOBAL_BASELINE_NO_ENTITY_RANKING,,,NOT_APPLICABLE_GLOBAL_BASELINE,HF9g-P5,,,,X 全窗基线 · 不参与实体赏罚,6877532,688,A168_HF9F_20260827_0900,2026-08-27 09:00:00
2026-06-07,70460261,1325,0,51.4310695091,-51.4310695091,-51.4310695091,0E-7,1,1,0.50665070000000000,0.506650700000,-1.013391052207602,-1.013391052207602,-1.013391052207602,0E-17,ELIGIBLE,R03b_20260811_FULL_v1,L1_ELIGIBILITY,v2026-08-11,2026-03-21..2026-08-06,baccarat_bet02_101_all_pairs_incl_sentinel,round_win = game_pnl > 0 (decisive only),COMPATIBILITY_ONLY_NOT_PRODUCTION,268817.8208,244366.2908,168.7661,6248,5610,-0.00062781,-0.08642944,0.00436428,-0.00062781,-168.7661,268817.8208,OK,0.0000,6.7506,4.0000,96.0000,AG03-UNRESOLVED,ALL5_LEVELS_bet23_to_bet27,6.7506,6.7506,6.7506,8.4383,8.4383,4.000000,4.000000,4.000000,5.000000,5.000000,96.000000,96.000000,96.000000,95.000000,95.000000,5.0,37.1285,34.0107,131.6376,134.7554,PENDING_AG03,FALSE,NOT_FOR_ENFORCEMENT,162.0155,234591.6392,168.7661,162.0155,6.7506,0.00062781,0.00060270,6.7506,162.0155,0.00060270,6.7506,6.7506,6.7506,8.4383,8.4383,162.0155,0.00060270,37.1285,34.0107,131.6376,134.7554,0.00048969,0.00050129,0.00002511,43.0246,43.5591,0.0301,2.0581,0.0627,3278.2661,68.4146,17.6798,46.9397,25.7155,39.4976,52.6635,77.1466,82.2897,128.5777,31.4111,0.0,2.083411,3.25533,1.089297,30,192,222,8,0.05498276,0.00062781,0.08642944,0E-8,0.000000,0.909041,0.000000,-0.09079372,2026-03-23,2026-08-06,82,2690,1181,137,0.598540,0.376650,0.410924,0.183276,,,,,,,,GLOBAL_BASELINE_NO_ENTITY_RANKING,,,NOT_APPLICABLE_GLOBAL_BASELINE,HF9g-P5,,,,X 全窗基线 · 不参与实体赏罚,6877533,688,A168_HF9F_20260827_0900,2026-08-27 09:00:00
2026-06-07,70460261,1383,0,48.8595160336,-48.8595160336,-48.8595160336,0E-7,1,1,0.50665070000000000,0.506650700000,-1.013391052207602,-1.013391052207602,-1.013391052207602,0E-17,ELIGIBLE,R03b_20260811_FULL_v1,L1_ELIGIBILITY,v2026-08-11,2026-03-21..2026-08-06,baccarat_bet02_101_all_pairs_incl_sentinel,round_win = game_pnl > 0 (decisive only),COMPATIBILITY_ONLY_NOT_PRODUCTION,268817.8208,244366.2908,168.7661,6248,5610,-0.00062781,-0.08642944,0.00436428,-0.00062781,-168.7661,268817.8208,OK,0.0000,6.7506,4.0000,96.0000,AG03-UNRESOLVED,ALL5_LEVELS_bet23_to_bet27,6.7506,6.7506,6.7506,8.4383,8.4383,4.000000,4.000000,4.000000,5.000000,5.000000,96.000000,96.000000,96.000000,95.000000,95.000000,5.0,37.1285,34.0107,131.6376,134.7554,PENDING_AG03,FALSE,NOT_FOR_ENFORCEMENT,162.0155,234591.6392,168.7661,162.0155,6.7506,0.00062781,0.00060270,6.7506,162.0155,0.00060270,6.7506,6.7506,6.7506,8.4383,8.4383,162.0155,0.00060270,37.1285,34.0107,131.6376,134.7554,0.00048969,0.00050129,0.00002511,43.0246,43.5591,0.0301,2.0581,0.0627,3278.2661,68.4146,17.6798,46.9397,25.7155,39.4976,52.6635,77.1466,82.2897,128.5777,31.4111,0.0,2.083411,3.25533,1.089297,30,192,222,8,0.05498276,0.00062781,0.08642944,0E-8,0.000000,0.909041,0.000000,-0.09079372,2026-03-23,2026-08-06,82,2690,1181,137,0.598540,0.376650,0.410924,0.183276,,,,,,,,GLOBAL_BASELINE_NO_ENTITY_RANKING,,,NOT_APPLICABLE_GLOBAL_BASELINE,HF9g-P5,,,,X 全窗基线 · 不参与实体赏罚,6877534,688,A168_HF9F_20260827_0900,2026-08-27 09:00:00
2026-06-07,70460261,2110,0,51.4310695091,-51.4310695091,-51.4310695091,0E-7,1,1,0.50665070000000000,0.506650700000,-1.013391052207602,-1.013391052207602,-1.013391052207602,0E-17,ELIGIBLE,R03b_20260811_FULL_v1,L1_ELIGIBILITY,v2026-08-11,2026-03-21..2026-08-06,baccarat_bet02_101_all_pairs_incl_sentinel,round_win = game_pnl > 0 (decisive only),COMPATIBILITY_ONLY_NOT_PRODUCTION,268817.8208,244366.2908,168.7661,6248,5610,-0.00062781,-0.08642944,0.00436428,-0.00062781,-168.7661,268817.8208,OK,0.0000,6.7506,4.0000,96.0000,AG03-UNRESOLVED,ALL5_LEVELS_bet23_to_bet27,6.7506,6.7506,6.7506,8.4383,8.4383,4.000000,4.000000,4.000000,5.000000,5.000000,96.000000,96.000000,96.000000,95.000000,95.000000,5.0,37.1285,34.0107,131.6376,134.7554,PENDING_AG03,FALSE,NOT_FOR_ENFORCEMENT,162.0155,234591.6392,168.7661,162.0155,6.7506,0.00062781,0.00060270,6.7506,162.0155,0.00060270,6.7506,6.7506,6.7506,8.4383,8.4383,162.0155,0.00060270,37.1285,34.0107,131.6376,134.7554,0.00048969,0.00050129,0.00002511,43.0246,43.5591,0.0301,2.0581,0.0627,3278.2661,68.4146,17.6798,46.9397,25.7155,39.4976,52.6635,77.1466,82.2897,128.5777,31.4111,0.0,2.083411,3.25533,1.089297,30,192,222,8,0.05498276,0.00062781,0.08642944,0E-8,0.000000,0.909041,0.000000,-0.09079372,2026-03-23,2026-08-06,82,2690,1181,137,0.598540,0.376650,0.410924,0.183276,,,,,,,,GLOBAL_BASELINE_NO_ENTITY_RANKING,,,NOT_APPLICABLE_GLOBAL_BASELINE,HF9g-P5,,,,X 全窗基线 · 不参与实体赏罚,6877535,688,A168_HF9F_20260827_0900,2026-08-27 09:00:00
2026-06-07,70460261,2130,0,319.3869416514,157.9962455319,157.9962455319,0.8000000,5,5,0.50665070000000000,0.506650700000,1.3120140225494112,1.3120140225494112,1.3120140225494112,0E-17,ELIGIBLE,R03b_20260811_FULL_v1,L1_ELIGIBILITY,v2026-08-11,2026-03-21..2026-08-06,baccarat_bet02_101_all_pairs_incl_sentinel,round_win = game_pnl > 0 (decisive only),COMPATIBILITY_ONLY_NOT_PRODUCTION,268817.8208,244366.2908,168.7661,6248,5610,-0.00062781,-0.08642944,0.00436428,-0.00062781,-168.7661,268817.8208,OK,0.0000,6.7506,4.0000,96.0000,AG03-UNRESOLVED,ALL5_LEVELS_bet23_to_bet27,6.7506,6.7506,6.7506,8.4383,8.4383,4.000000,4.000000,4.000000,5.000000,5.000000,96.000000,96.000000,96.000000,95.000000,95.000000,5.0,37.1285,34.0107,131.6376,134.7554,PENDING_AG03,FALSE,NOT_FOR_ENFORCEMENT,162.0155,234591.6392,168.7661,162.0155,6.7506,0.00062781,0.00060270,6.7506,162.0155,0.00060270,6.7506,6.7506,6.7506,8.4383,8.4383,162.0155,0.00060270,37.1285,34.0107,131.6376,134.7554,0.00048969,0.00050129,0.00002511,43.0246,43.5591,0.0301,2.0581,0.0627,3278.2661,68.4146,17.6798,46.9397,25.7155,39.4976,52.6635,77.1466,82.2897,128.5777,31.4111,0.0,2.083411,3.25533,1.089297,30,192,222,8,0.05498276,0.00062781,0.08642944,0E-8,0.000000,0.909041,0.000000,-0.09079372,2026-03-23,2026-08-06,82,2690,1181,137,0.598540,0.376650,0.410924,0.183276,,,,,,,,GLOBAL_BASELINE_NO_ENTITY_RANKING,,,NOT_APPLICABLE_GLOBAL_BASELINE,HF9g-P5,,,,X 全窗基线 · 不参与实体赏罚,6877536,688,A168_HF9F_20260827_0900,2026-08-27 09:00:00
2026-06-07,70460261,2155,0,51.4310695091,-51.4310695091,-51.4310695091,0E-7,1,1,0.50665070000000000,0.506650700000,-1.013391052207602,-1.013391052207602,-1.013391052207602,0E-17,ELIGIBLE,R03b_20260811_FULL_v1,L1_ELIGIBILITY,v2026-08-11,2026-03-21..2026-08-06,baccarat_bet02_101_all_pairs_incl_sentinel,round_win = game_pnl > 0 (decisive only),COMPATIBILITY_ONLY_NOT_PRODUCTION,268817.8208,244366.2908,168.7661,6248,5610,-0.00062781,-0.08642944,0.00436428,-0.00062781,-168.7661,268817.8208,OK,0.0000,6.7506,4.0000,96.0000,AG03-UNRESOLVED,ALL5_LEVELS_bet23_to_bet27,6.7506,6.7506,6.7506,8.4383,8.4383,4.000000,4.000000,4.000000,5.000000,5.000000,96.000000,96.000000,96.000000,95.000000,95.000000,5.0,37.1285,34.0107,131.6376,134.7554,PENDING_AG03,FALSE,NOT_FOR_ENFORCEMENT,162.0155,234591.6392,168.7661,162.0155,6.7506,0.00062781,0.00060270,6.7506,162.0155,0.00060270,6.7506,6.7506,6.7506,8.4383,8.4383,162.0155,0.00060270,37.1285,34.0107,131.6376,134.7554,0.00048969,0.00050129,0.00002511,43.0246,43.5591,0.0301,2.0581,0.0627,3278.2661,68.4146,17.6798,46.9397,25.7155,39.4976,52.6635,77.1466,82.2897,128.5777,31.4111,0.0,2.083411,3.25533,1.089297,30,192,222,8,0.05498276,0.00062781,0.08642944,0E-8,0.000000,0.909041,0.000000,-0.09079372,2026-03-23,2026-08-06,82,2690,1181,137,0.598540,0.376650,0.410924,0.183276,,,,,,,,GLOBAL_BASELINE_NO_ENTITY_RANKING,,,NOT_APPLICABLE_GLOBAL_BASELINE,HF9g-P5,,,,X 全窗基线 · 不参与实体赏罚,6877537,688,A168_HF9F_20260827_0900,2026-08-27 09:00:00
2026-06-07,70460261,2196,0,51.4310695091,0E-10,0E-10,,1,1,0.49324550000000000,0.493245500000,,,,0E-17,NO_DECISIVE_ROUND,R03b_20260811_FULL_v1,L1_ELIGIBILITY,v2026-08-11,2026-03-21..2026-08-06,baccarat_bet02_101_all_pairs_incl_sentinel,round_win = game_pnl > 0 (decisive only),COMPATIBILITY_ONLY_NOT_PRODUCTION,268817.8208,244366.2908,168.7661,6248,5610,-0.00062781,-0.08642944,0.00436428,-0.00062781,-168.7661,268817.8208,OK,0.0000,6.7506,4.0000,96.0000,AG03-UNRESOLVED,ALL5_LEVELS_bet23_to_bet27,6.7506,6.7506,6.7506,8.4383,8.4383,4.000000,4.000000,4.000000,5.000000,5.000000,96.000000,96.000000,96.000000,95.000000,95.000000,5.0,37.1285,34.0107,131.6376,134.7554,PENDING_AG03,FALSE,NOT_FOR_ENFORCEMENT,162.0155,234591.6392,168.7661,162.0155,6.7506,0.00062781,0.00060270,6.7506,162.0155,0.00060270,6.7506,6.7506,6.7506,8.4383,8.4383,162.0155,0.00060270,37.1285,34.0107,131.6376,134.7554,0.00048969,0.00050129,0.00002511,43.0246,43.5591,0.0301,2.0581,0.0627,3278.2661,68.4146,17.6798,46.9397,25.7155,39.4976,52.6635,77.1466,82.2897,128.5777,31.4111,0.0,2.083411,3.25533,1.089297,30,192,222,8,0.05498276,0.00062781,0.08642944,0E-8,0.000000,0.909041,0.000000,-0.09079372,2026-03-23,2026-08-06,82,2690,1181,137,0.598540,0.376650,0.410924,0.183276,,,,,,,,GLOBAL_BASELINE_NO_ENTITY_RANKING,,,NOT_APPLICABLE_GLOBAL_BASELINE,HF9g-P5,,,,X 全窗基线 · 不参与实体赏罚,6877538,688,A168_HF9F_20260827_0900,2026-08-27 09:00:00
2026-06-07,70460261,925,0,195.4380641345,185.6661609279,185.6661609279,1.0000000,3,3,0.50665070000000000,0.506650700000,1.7091633124209307,1.7091633124209307,1.7091633124209307,0E-17,ELIGIBLE,R03b_20260811_FULL_v1,L1_ELIGIBILITY,v2026-08-11,2026-03-21..2026-08-06,baccarat_bet02_101_all_pairs_incl_sentinel,round_win = game_pnl > 0 (decisive only),COMPATIBILITY_ONLY_NOT_PRODUCTION,268817.8208,244366.2908,168.7661,6248,5610,-0.00062781,-0.08642944,0.00436428,-0.00062781,-168.7661,268817.8208,OK,0.0000,6.7506,4.0000,96.0000,AG03-UNRESOLVED,ALL5_LEVELS_bet23_to_bet27,6.7506,6.7506,6.7506,8.4383,8.4383,4.000000,4.000000,4.000000,5.000000,5.000000,96.000000,96.000000,96.000000,95.000000,95.000000,5.0,37.1285,34.0107,131.6376,134.7554,PENDING_AG03,FALSE,NOT_FOR_ENFORCEMENT,162.0155,234591.6392,168.7661,162.0155,6.7506,0.00062781,0.00060270,6.7506,162.0155,0.00060270,6.7506,6.7506,6.7506,8.4383,8.4383,162.0155,0.00060270,37.1285,34.0107,131.6376,134.7554,0.00048969,0.00050129,0.00002511,43.0246,43.5591,0.0301,2.0581,0.0627,3278.2661,68.4146,17.6798,46.9397,25.7155,39.4976,52.6635,77.1466,82.2897,128.5777,31.4111,0.0,2.083411,3.25533,1.089297,30,192,222,8,0.05498276,0.00062781,0.08642944,0E-8,0.000000,0.909041,0.000000,-0.09079372,2026-03-23,2026-08-06,82,2690,1181,137,0.598540,0.376650,0.410924,0.183276,,,,,,,,GLOBAL_BASELINE_NO_ENTITY_RANKING,,,NOT_APPLICABLE_GLOBAL_BASELINE,HF9g-P5,,,,X 全窗基线 · 不参与实体赏罚,6877539,688,A168_HF9F_20260827_0900,2026-08-27 09:00:00
2026-06-08,70460261,-1,1,3826.4715714755,580.9139301059,580.9139301059,0.4400000,74,52,0.45705694087010092,0.411635173077,-0.24211619998810702,0.4075543665146472,-0.24211619998810702,0.04542176779310092,SENTINEL_DEALER,R03b_20260811_FULL_v1,L1_ELIGIBILITY,v2026-08-11,2026-03-21..2026-08-06,baccarat_bet02_101_all_pairs_incl_sentinel,round_win = game_pnl > 0 (decisive only),COMPATIBILITY_ONLY_NOT_PRODUCTION,268817.8208,244366.2908,168.7661,6248,5610,-0.00062781,-0.08642944,0.00436428,-0.00062781,-168.7661,268817.8208,OK,0.0000,6.7506,4.0000,96.0000,AG03-UNRESOLVED,ALL5_LEVELS_bet23_to_bet27,6.7506,6.7506,6.7506,8.4383,8.4383,4.000000,4.000000,4.000000,5.000000,5.000000,96.000000,96.000000,96.000000,95.000000,95.000000,5.0,37.1285,34.0107,131.6376,134.7554,PENDING_AG03,FALSE,NOT_FOR_ENFORCEMENT,162.0155,234591.6392,168.7661,162.0155,6.7506,0.00062781,0.00060270,6.7506,162.0155,0.00060270,6.7506,6.7506,6.7506,8.4383,8.4383,162.0155,0.00060270,37.1285,34.0107,131.6376,134.7554,0.00048969,0.00050129,0.00002511,43.0246,43.5591,0.0301,2.0581,0.0627,3278.2661,68.4146,17.6798,46.9397,25.7155,39.4976,52.6635,77.1466,82.2897,128.5777,31.4111,0.0,2.083411,3.25533,1.089297,30,192,222,8,0.05498276,0.00062781,0.08642944,0E-8,0.000000,0.909041,0.000000,-0.09079372,2026-03-23,2026-08-06,82,2690,1181,137,0.598540,0.376650,0.410924,0.183276,,,,,,,,GLOBAL_BASELINE_NO_ENTITY_RANKING,,,NOT_APPLICABLE_GLOBAL_BASELINE,HF9g-P5,,,,X 全窗基线 · 不参与实体赏罚,6877540,688,A168_HF9F_20260827_0900,2026-08-27 09:00:00
2026-06-08,70460261,1157,0,378.0183608917,-27.0013114922,-27.0013114922,0.3333333,4,3,0.48777197916669420,0.431135816667,-0.5351512228386395,-0.3420575356522062,-0.5351512228386395,0.05663616249969420,ELIGIBLE,R03b_20260811_FULL_v1,L1_ELIGIBILITY,v2026-08-11,2026-03-21..2026-08-06,baccarat_bet02_101_all_pairs_incl_sentinel,round_win = game_pnl > 0 (decisive only),COMPATIBILITY_ONLY_NOT_PRODUCTION,268817.8208,244366.2908,168.7661,6248,5610,-0.00062781,-0.08642944,0.00436428,-0.00062781,-168.7661,268817.8208,OK,0.0000,6.7506,4.0000,96.0000,AG03-UNRESOLVED,ALL5_LEVELS_bet23_to_bet27,6.7506,6.7506,6.7506,8.4383,8.4383,4.000000,4.000000,4.000000,5.000000,5.000000,96.000000,96.000000,96.000000,95.000000,95.000000,5.0,37.1285,34.0107,131.6376,134.7554,PENDING_AG03,FALSE,NOT_FOR_ENFORCEMENT,162.0155,234591.6392,168.7661,162.0155,6.7506,0.00062781,0.00060270,6.7506,162.0155,0.00060270,6.7506,6.7506,6.7506,8.4383,8.4383,162.0155,0.00060270,37.1285,34.0107,131.6376,134.7554,0.00048969,0.00050129,0.00002511,43.0246,43.5591,0.0301,2.0581,0.0627,3278.2661,68.4146,17.6798,46.9397,25.7155,39.4976,52.6635,77.1466,82.2897,128.5777,31.4111,0.0,2.083411,3.25533,1.089297,30,192,222,8,0.05498276,0.00062781,0.08642944,0E-8,0.000000,0.909041,0.000000,-0.09079372,2026-03-23,2026-08-06,82,2690,1181,137,0.598540,0.376650,0.410924,0.183276,,,,,,,,GLOBAL_BASELINE_NO_ENTITY_RANKING,,,NOT_APPLICABLE_GLOBAL_BASELINE,HF9g-P5,,,,X 全窗基线 · 不参与实体赏罚,6877541,688,A168_HF9F_20260827_0900,2026-08-27 09:00:00
2026-06-08,70460261,1210,0,717.4634196518,277.3420423277,277.3420423277,0.7000000,13,10,0.47721565351575435,0.438687305000,1.410477116802356,1.6652542216278512,1.410477116802356,0.03852834851575435,ELIGIBLE,R03b_20260811_FULL_v1,L1_ELIGIBILITY,v2026-08-11,2026-03-21..2026-08-06,baccarat_bet02_101_all_pairs_incl_sentinel,round_win = game_pnl > 0 (decisive only),COMPATIBILITY_ONLY_NOT_PRODUCTION,268817.8208,244366.2908,168.7661,6248,5610,-0.00062781,-0.08642944,0.00436428,-0.00062781,-168.7661,268817.8208,OK,0.0000,6.7506,4.0000,96.0000,AG03-UNRESOLVED,ALL5_LEVELS_bet23_to_bet27,6.7506,6.7506,6.7506,8.4383,8.4383,4.000000,4.000000,4.000000,5.000000,5.000000,96.000000,96.000000,96.000000,95.000000,95.000000,5.0,37.1285,34.0107,131.6376,134.7554,PENDING_AG03,FALSE,NOT_FOR_ENFORCEMENT,162.0155,234591.6392,168.7661,162.0155,6.7506,0.00062781,0.00060270,6.7506,162.0155,0.00060270,6.7506,6.7506,6.7506,8.4383,8.4383,162.0155,0.00060270,37.1285,34.0107,131.6376,134.7554,0.00048969,0.00050129,0.00002511,43.0246,43.5591,0.0301,2.0581,0.0627,3278.2661,68.4146,17.6798,46.9397,25.7155,39.4976,52.6635,77.1466,82.2897,128.5777,31.4111,0.0,2.083411,3.25533,1.089297,30,192,222,8,0.05498276,0.00062781,0.08642944,0E-8,0.000000,0.909041,0.000000,-0.09079372,2026-03-23,2026-08-06,82,2690,1181,137,0.598540,0.376650,0.410924,0.183276,,,,,,,,GLOBAL_BASELINE_NO_ENTITY_RANKING,,,NOT_APPLICABLE_GLOBAL_BASELINE,HF9g-P5,,,,X 全窗基线 · 不参与实体赏罚,6877542,688,A168_HF9F_20260827_0900,2026-08-27 09:00:00
2026-06-08,70460261,1299,0,272.5846683980,-72.0034973126,-72.0034973126,0.5000000,7,4,0.38874149619890986,0.336742212500,0.4564784745287502,0.6908980115991367,0.4564784745287502,0.05199928369890986,ELIGIBLE,R03b_20260811_FULL_v1,L1_ELIGIBILITY,v2026-08-11,2026-03-21..2026-08-06,baccarat_bet02_101_all_pairs_incl_sentinel,round_win = game_pnl > 0 (decisive only),COMPATIBILITY_ONLY_NOT_PRODUCTION,268817.8208,244366.2908,168.7661,6248,5610,-0.00062781,-0.08642944,0.00436428,-0.00062781,-168.7661,268817.8208,OK,0.0000,6.7506,4.0000,96.0000,AG03-UNRESOLVED,ALL5_LEVELS_bet23_to_bet27,6.7506,6.7506,6.7506,8.4383,8.4383,4.000000,4.000000,4.000000,5.000000,5.000000,96.000000,96.000000,96.000000,95.000000,95.000000,5.0,37.1285,34.0107,131.6376,134.7554,PENDING_AG03,FALSE,NOT_FOR_ENFORCEMENT,162.0155,234591.6392,168.7661,162.0155,6.7506,0.00062781,0.00060270,6.7506,162.0155,0.00060270,6.7506,6.7506,6.7506,8.4383,8.4383,162.0155,0.00060270,37.1285,34.0107,131.6376,134.7554,0.00048969,0.00050129,0.00002511,43.0246,43.5591,0.0301,2.0581,0.0627,3278.2661,68.4146,17.6798,46.9397,25.7155,39.4976,52.6635,77.1466,82.2897,128.5777,31.4111,0.0,2.083411,3.25533,1.089297,30,192,222,8,0.05498276,0.00062781,0.08642944,0E-8,0.000000,0.909041,0.000000,-0.09079372,2026-03-23,2026-08-06,82,2690,1181,137,0.598540,0.376650,0.410924,0.183276,,,,,,,,GLOBAL_BASELINE_NO_ENTITY_RANKING,,,NOT_APPLICABLE_GLOBAL_BASELINE,HF9g-P5,,,,X 全窗基线 · 不参与实体赏罚,6877543,688,A168_HF9F_20260827_0900,2026-08-27 09:00:00
2026-06-08,70460261,1383,0,262.2984544964,190.5521125311,190.5521125311,1.0000000,4,4,0.50665070000000000,0.506650700000,1.7091633124209307,1.7091633124209307,1.7091633124209307,0E-17,ELIGIBLE,R03b_20260811_FULL_v1,L1_ELIGIBILITY,v2026-08-11,2026-03-21..2026-08-06,baccarat_bet02_101_all_pairs_incl_sentinel,round_win = game_pnl > 0 (decisive only),COMPATIBILITY_ONLY_NOT_PRODUCTION,268817.8208,244366.2908,168.7661,6248,5610,-0.00062781,-0.08642944,0.00436428,-0.00062781,-168.7661,268817.8208,OK,0.0000,6.7506,4.0000,96.0000,AG03-UNRESOLVED,ALL5_LEVELS_bet23_to_bet27,6.7506,6.7506,6.7506,8.4383,8.4383,4.000000,4.000000,4.000000,5.000000,5.000000,96.000000,96.000000,96.000000,95.000000,95.000000,5.0,37.1285,34.0107,131.6376,134.7554,PENDING_AG03,FALSE,NOT_FOR_ENFORCEMENT,162.0155,234591.6392,168.7661,162.0155,6.7506,0.00062781,0.00060270,6.7506,162.0155,0.00060270,6.7506,6.7506,6.7506,8.4383,8.4383,162.0155,0.00060270,37.1285,34.0107,131.6376,134.7554,0.00048969,0.00050129,0.00002511,43.0246,43.5591,0.0301,2.0581,0.0627,3278.2661,68.4146,17.6798,46.9397,25.7155,39.4976,52.6635,77.1466,82.2897,128.5777,31.4111,0.0,2.083411,3.25533,1.089297,30,192,222,8,0.05498276,0.00062781,0.08642944,0E-8,0.000000,0.909041,0.000000,-0.09079372,2026-03-23,2026-08-06,82,2690,1181,137,0.598540,0.376650,0.410924,0.183276,,,,,,,,GLOBAL_BASELINE_NO_ENTITY_RANKING,,,NOT_APPLICABLE_GLOBAL_BASELINE,HF9g-P5,,,,X 全窗基线 · 不参与实体赏罚,6877544,688,A168_HF9F_20260827_0900,2026-08-27 09:00:00
2026-06-08,70460261,1485,0,77.1466042636,-77.1466042636,-77.1466042636,0E-7,2,2,0.50665070000000000,0.506650700000,-1.4331513700195317,-1.4331513700195317,-1.4331513700195317,0E-17,ELIGIBLE,R03b_20260811_FULL_v1,L1_ELIGIBILITY,v2026-08-11,2026-03-21..2026-08-06,baccarat_bet02_101_all_pairs_incl_sentinel,round_win = game_pnl > 0 (decisive only),COMPATIBILITY_ONLY_NOT_PRODUCTION,268817.8208,244366.2908,168.7661,6248,5610,-0.00062781,-0.08642944,0.00436428,-0.00062781,-168.7661,268817.8208,OK,0.0000,6.7506,4.0000,96.0000,AG03-UNRESOLVED,ALL5_LEVELS_bet23_to_bet27,6.7506,6.7506,6.7506,8.4383,8.4383,4.000000,4.000000,4.000000,5.000000,5.000000,96.000000,96.000000,96.000000,95.000000,95.000000,5.0,37.1285,34.0107,131.6376,134.7554,PENDING_AG03,FALSE,NOT_FOR_ENFORCEMENT,162.0155,234591.6392,168.7661,162.0155,6.7506,0.00062781,0.00060270,6.7506,162.0155,0.00060270,6.7506,6.7506,6.7506,8.4383,8.4383,162.0155,0.00060270,37.1285,34.0107,131.6376,134.7554,0.00048969,0.00050129,0.00002511,43.0246,43.5591,0.0301,2.0581,0.0627,3278.2661,68.4146,17.6798,46.9397,25.7155,39.4976,52.6635,77.1466,82.2897,128.5777,31.4111,0.0,2.083411,3.25533,1.089297,30,192,222,8,0.05498276,0.00062781,0.08642944,0E-8,0.000000,0.909041,0.000000,-0.09079372,2026-03-23,2026-08-06,82,2690,1181,137,0.598540,0.376650,0.410924,0.183276,,,,,,,,GLOBAL_BASELINE_NO_ENTITY_RANKING,,,NOT_APPLICABLE_GLOBAL_BASELINE,HF9g-P5,,,,X 全窗基线 · 不参与实体赏罚,6877545,688,A168_HF9F_20260827_0900,2026-08-27 09:00:00
2026-06-08,70460261,1490,0,61.7172834109,0E-10,0E-10,,1,1,0.50665070000000000,0.506650700000,,,,0E-17,NO_DECISIVE_ROUND,R03b_20260811_FULL_v1,L1_ELIGIBILITY,v2026-08-11,2026-03-21..2026-08-06,baccarat_bet02_101_all_pairs_incl_sentinel,round_win = game_pnl > 0 (decisive only),COMPATIBILITY_ONLY_NOT_PRODUCTION,268817.8208,244366.2908,168.7661,6248,5610,-0.00062781,-0.08642944,0.00436428,-0.00062781,-168.7661,268817.8208,OK,0.0000,6.7506,4.0000,96.0000,AG03-UNRESOLVED,ALL5_LEVELS_bet23_to_bet27,6.7506,6.7506,6.7506,8.4383,8.4383,4.000000,4.000000,4.000000,5.000000,5.000000,96.000000,96.000000,96.000000,95.000000,95.000000,5.0,37.1285,34.0107,131.6376,134.7554,PENDING_AG03,FALSE,NOT_FOR_ENFORCEMENT,162.0155,234591.6392,168.7661,162.0155,6.7506,0.00062781,0.00060270,6.7506,162.0155,0.00060270,6.7506,6.7506,6.7506,8.4383,8.4383,162.0155,0.00060270,37.1285,34.0107,131.6376,134.7554,0.00048969,0.00050129,0.00002511,43.0246,43.5591,0.0301,2.0581,0.0627,3278.2661,68.4146,17.6798,46.9397,25.7155,39.4976,52.6635,77.1466,82.2897,128.5777,31.4111,0.0,2.083411,3.25533,1.089297,30,192,222,8,0.05498276,0.00062781,0.08642944,0E-8,0.000000,0.909041,0.000000,-0.09079372,2026-03-23,2026-08-06,82,2690,1181,137,0.598540,0.376650,0.410924,0.183276,,,,,,,,GLOBAL_BASELINE_NO_ENTITY_RANKING,,,NOT_APPLICABLE_GLOBAL_BASELINE,HF9g-P5,,,,X 全窗基线 · 不参与实体赏罚,6877546,688,A168_HF9F_20260827_0900,2026-08-27 09:00:00
2026-06-08,70460261,1704,0,102.8621390182,-102.8621390182,-102.8621390182,0E-7,2,2,0.50665070000000000,0.506650700000,-1.4331513700195317,-1.4331513700195317,-1.4331513700195317,0E-17,ELIGIBLE,R03b_20260811_FULL_v1,L1_ELIGIBILITY,v2026-08-11,2026-03-21..2026-08-06,baccarat_bet02_101_all_pairs_incl_sentinel,round_win = game_pnl > 0 (decisive only),COMPATIBILITY_ONLY_NOT_PRODUCTION,268817.8208,244366.2908,168.7661,6248,5610,-0.00062781,-0.08642944,0.00436428,-0.00062781,-168.7661,268817.8208,OK,0.0000,6.7506,4.0000,96.0000,AG03-UNRESOLVED,ALL5_LEVELS_bet23_to_bet27,6.7506,6.7506,6.7506,8.4383,8.4383,4.000000,4.000000,4.000000,5.000000,5.000000,96.000000,96.000000,96.000000,95.000000,95.000000,5.0,37.1285,34.0107,131.6376,134.7554,PENDING_AG03,FALSE,NOT_FOR_ENFORCEMENT,162.0155,234591.6392,168.7661,162.0155,6.7506,0.00062781,0.00060270,6.7506,162.0155,0.00060270,6.7506,6.7506,6.7506,8.4383,8.4383,162.0155,0.00060270,37.1285,34.0107,131.6376,134.7554,0.00048969,0.00050129,0.00002511,43.0246,43.5591,0.0301,2.0581,0.0627,3278.2661,68.4146,17.6798,46.9397,25.7155,39.4976,52.6635,77.1466,82.2897,128.5777,31.4111,0.0,2.083411,3.25533,1.089297,30,192,222,8,0.05498276,0.00062781,0.08642944,0E-8,0.000000,0.909041,0.000000,-0.09079372,2026-03-23,2026-08-06,82,2690,1181,137,0.598540,0.376650,0.410924,0.183276,,,,,,,,GLOBAL_BASELINE_NO_ENTITY_RANKING,,,NOT_APPLICABLE_GLOBAL_BASELINE,HF9g-P5,,,,X 全窗基线 · 不参与实体赏罚,6877547,688,A168_HF9F_20260827_0900,2026-08-27 09:00:00
2026-06-08,70460261,1710,0,493.7382672873,121.2487463676,121.2487463676,0.7142857,8,7,0.49179026285716299,0.472372150000,1.1774940010280681,1.2820449208247888,1.1774940010280681,0.01941811285716299,ELIGIBLE,R03b_20260811_FULL_v1,L1_ELIGIBILITY,v2026-08-11,2026-03-21..2026-08-06,baccarat_bet02_101_all_pairs_incl_sentinel,round_win = game_pnl > 0 (decisive only),COMPATIBILITY_ONLY_NOT_PRODUCTION,268817.8208,244366.2908,168.7661,6248,5610,-0.00062781,-0.08642944,0.00436428,-0.00062781,-168.7661,268817.8208,OK,0.0000,6.7506,4.0000,96.0000,AG03-UNRESOLVED,ALL5_LEVELS_bet23_to_bet27,6.7506,6.7506,6.7506,8.4383,8.4383,4.000000,4.000000,4.000000,5.000000,5.000000,96.000000,96.000000,96.000000,95.000000,95.000000,5.0,37.1285,34.0107,131.6376,134.7554,PENDING_AG03,FALSE,NOT_FOR_ENFORCEMENT,162.0155,234591.6392,168.7661,162.0155,6.7506,0.00062781,0.00060270,6.7506,162.0155,0.00060270,6.7506,6.7506,6.7506,8.4383,8.4383,162.0155,0.00060270,37.1285,34.0107,131.6376,134.7554,0.00048969,0.00050129,0.00002511,43.0246,43.5591,0.0301,2.0581,0.0627,3278.2661,68.4146,17.6798,46.9397,25.7155,39.4976,52.6635,77.1466,82.2897,128.5777,31.4111,0.0,2.083411,3.25533,1.089297,30,192,222,8,0.05498276,0.00062781,0.08642944,0E-8,0.000000,0.909041,0.000000,-0.09079372,2026-03-23,2026-08-06,82,2690,1181,137,0.598540,0.376650,0.410924,0.183276,,,,,,,,GLOBAL_BASELINE_NO_ENTITY_RANKING,,,NOT_APPLICABLE_GLOBAL_BASELINE,HF9g-P5,,,,X 全窗基线 · 不参与实体赏罚,6877548,688,A168_HF9F_20260827_0900,2026-08-27 09:00:00
2026-06-08,70460261,1952,0,149.1501015763,-48.8595160336,-48.8595160336,0.5000000,4,2,0.36640877380971159,0.280106050000,0.39210774836688017,0.6925207201862208,0.39210774836688017,0.08630272380971159,ELIGIBLE,R03b_20260811_FULL_v1,L1_ELIGIBILITY,v2026-08-11,2026-03-21..2026-08-06,baccarat_bet02_101_all_pairs_incl_sentinel,round_win = game_pnl > 0 (decisive only),COMPATIBILITY_ONLY_NOT_PRODUCTION,268817.8208,244366.2908,168.7661,6248,5610,-0.00062781,-0.08642944,0.00436428,-0.00062781,-168.7661,268817.8208,OK,0.0000,6.7506,4.0000,96.0000,AG03-UNRESOLVED,ALL5_LEVELS_bet23_to_bet27,6.7506,6.7506,6.7506,8.4383,8.4383,4.000000,4.000000,4.000000,5.000000,5.000000,96.000000,96.000000,96.000000,95.000000,95.000000,5.0,37.1285,34.0107,131.6376,134.7554,PENDING_AG03,FALSE,NOT_FOR_ENFORCEMENT,162.0155,234591.6392,168.7661,162.0155,6.7506,0.00062781,0.00060270,6.7506,162.0155,0.00060270,6.7506,6.7506,6.7506,8.4383,8.4383,162.0155,0.00060270,37.1285,34.0107,131.6376,134.7554,0.00048969,0.00050129,0.00002511,43.0246,43.5591,0.0301,2.0581,0.0627,3278.2661,68.4146,17.6798,46.9397,25.7155,39.4976,52.6635,77.1466,82.2897,128.5777,31.4111,0.0,2.083411,3.25533,1.089297,30,192,222,8,0.05498276,0.00062781,0.08642944,0E-8,0.000000,0.909041,0.000000,-0.09079372,2026-03-23,2026-08-06,82,2690,1181,137,0.598540,0.376650,0.410924,0.183276,,,,,,,,GLOBAL_BASELINE_NO_ENTITY_RANKING,,,NOT_APPLICABLE_GLOBAL_BASELINE,HF9g-P5,,,,X 全窗基线 · 不参与实体赏罚,6877549,688,A168_HF9F_20260827_0900,2026-08-27 09:00:00
2026-06-08,70460261,1963,0,149.1501015762,1.2857767379,1.2857767379,0.5000000,4,2,0.34932802638894395,0.280106050000,0.4469404987953356,0.6925207201862208,0.4469404987953356,0.06922197638894395,ELIGIBLE,R03b_20260811_FULL_v1,L1_ELIGIBILITY,v2026-08-11,2026-03-21..2026-08-06,baccarat_bet02_101_all_pairs_incl_sentinel,round_win = game_pnl > 0 (decisive only),COMPATIBILITY_ONLY_NOT_PRODUCTION,268817.8208,244366.2908,168.7661,6248,5610,-0.00062781,-0.08642944,0.00436428,-0.00062781,-168.7661,268817.8208,OK,0.0000,6.7506,4.0000,96.0000,AG03-UNRESOLVED,ALL5_LEVELS_bet23_to_bet27,6.7506,6.7506,6.7506,8.4383,8.4383,4.000000,4.000000,4.000000,5.000000,5.000000,96.000000,96.000000,96.000000,95.000000,95.000000,5.0,37.1285,34.0107,131.6376,134.7554,PENDING_AG03,FALSE,NOT_FOR_ENFORCEMENT,162.0155,234591.6392,168.7661,162.0155,6.7506,0.00062781,0.00060270,6.7506,162.0155,0.00060270,6.7506,6.7506,6.7506,8.4383,8.4383,162.0155,0.00060270,37.1285,34.0107,131.6376,134.7554,0.00048969,0.00050129,0.00002511,43.0246,43.5591,0.0301,2.0581,0.0627,3278.2661,68.4146,17.6798,46.9397,25.7155,39.4976,52.6635,77.1466,82.2897,128.5777,31.4111,0.0,2.083411,3.25533,1.089297,30,192,222,8,0.05498276,0.00062781,0.08642944,0E-8,0.000000,0.909041,0.000000,-0.09079372,2026-03-23,2026-08-06,82,2690,1181,137,0.598540,0.376650,0.410924,0.183276,,,,,,,,GLOBAL_BASELINE_NO_ENTITY_RANKING,,,NOT_APPLICABLE_GLOBAL_BASELINE,HF9g-P5,,,,X 全窗基线 · 不参与实体赏罚,6877550,688,A168_HF9F_20260827_0900,2026-08-27 09:00:00
2026-06-08,70460261,2088,0,889.7575025070,403.7338956465,403.7338956465,0.4444444,15,11,0.47145960423278043,0.420614863636,-0.1623556695091285,0.14481437516850598,-0.1623556695091285,0.05084474059678043,ELIGIBLE,R03b_20260811_FULL_v1,L1_ELIGIBILITY,v2026-08-11,2026-03-21..2026-08-06,baccarat_bet02_101_all_pairs_incl_sentinel,round_win = game_pnl > 0 (decisive only),COMPATIBILITY_ONLY_NOT_PRODUCTION,268817.8208,244366.2908,168.7661,6248,5610,-0.00062781,-0.08642944,0.00436428,-0.00062781,-168.7661,268817.8208,OK,0.0000,6.7506,4.0000,96.0000,AG03-UNRESOLVED,ALL5_LEVELS_bet23_to_bet27,6.7506,6.7506,6.7506,8.4383,8.4383,4.000000,4.000000,4.000000,5.000000,5.000000,96.000000,96.000000,96.000000,95.000000,95.000000,5.0,37.1285,34.0107,131.6376,134.7554,PENDING_AG03,FALSE,NOT_FOR_ENFORCEMENT,162.0155,234591.6392,168.7661,162.0155,6.7506,0.00062781,0.00060270,6.7506,162.0155,0.00060270,6.7506,6.7506,6.7506,8.4383,8.4383,162.0155,0.00060270,37.1285,34.0107,131.6376,134.7554,0.00048969,0.00050129,0.00002511,43.0246,43.5591,0.0301,2.0581,0.0627,3278.2661,68.4146,17.6798,46.9397,25.7155,39.4976,52.6635,77.1466,82.2897,128.5777,31.4111,0.0,2.083411,3.25533,1.089297,30,192,222,8,0.05498276,0.00062781,0.08642944,0E-8,0.000000,0.909041,0.000000,-0.09079372,2026-03-23,2026-08-06,82,2690,1181,137,0.598540,0.376650,0.410924,0.183276,,,,,,,,GLOBAL_BASELINE_NO_ENTITY_RANKING,,,NOT_APPLICABLE_GLOBAL_BASELINE,HF9g-P5,,,,X 全窗基线 · 不参与实体赏罚,6877551,688,A168_HF9F_20260827_0900,2026-08-27 09:00:00
2026-06-08,70460261,2108,0,102.8621390181,-102.8621390181,-102.8621390181,0E-7,2,1,0.39337837500011012,0.280106050000,-0.8052788575963955,-0.6237735893609975,-0.8052788575963955,0.11327232500011012,ELIGIBLE,R03b_20260811_FULL_v1,L1_ELIGIBILITY,v2026-08-11,2026-03-21..2026-08-06,baccarat_bet02_101_all_pairs_incl_sentinel,round_win = game_pnl > 0 (decisive only),COMPATIBILITY_ONLY_NOT_PRODUCTION,268817.8208,244366.2908,168.7661,6248,5610,-0.00062781,-0.08642944,0.00436428,-0.00062781,-168.7661,268817.8208,OK,0.0000,6.7506,4.0000,96.0000,AG03-UNRESOLVED,ALL5_LEVELS_bet23_to_bet27,6.7506,6.7506,6.7506,8.4383,8.4383,4.000000,4.000000,4.000000,5.000000,5.000000,96.000000,96.000000,96.000000,95.000000,95.000000,5.0,37.1285,34.0107,131.6376,134.7554,PENDING_AG03,FALSE,NOT_FOR_ENFORCEMENT,162.0155,234591.6392,168.7661,162.0155,6.7506,0.00062781,0.00060270,6.7506,162.0155,0.00060270,6.7506,6.7506,6.7506,8.4383,8.4383,162.0155,0.00060270,37.1285,34.0107,131.6376,134.7554,0.00048969,0.00050129,0.00002511,43.0246,43.5591,0.0301,2.0581,0.0627,3278.2661,68.4146,17.6798,46.9397,25.7155,39.4976,52.6635,77.1466,82.2897,128.5777,31.4111,0.0,2.083411,3.25533,1.089297,30,192,222,8,0.05498276,0.00062781,0.08642944,0E-8,0.000000,0.909041,0.000000,-0.09079372,2026-03-23,2026-08-06,82,2690,1181,137,0.598540,0.376650,0.410924,0.183276,,,,,,,,GLOBAL_BASELINE_NO_ENTITY_RANKING,,,NOT_APPLICABLE_GLOBAL_BASELINE,HF9g-P5,,,,X 全窗基线 · 不参与实体赏罚,6877552,688,A168_HF9F_20260827_0900,2026-08-27 09:00:00
2026-06-08,70460261,2115,0,82.2897112146,-82.2897112146,-82.2897112146,0E-7,2,1,0.43585549687489676,0.280106050000,-0.878974110282693,-0.6237735893609975,-0.878974110282693,0.15574944687489676,ELIGIBLE,R03b_20260811_FULL_v1,L1_ELIGIBILITY,v2026-08-11,2026-03-21..2026-08-06,baccarat_bet02_101_all_pairs_incl_sentinel,round_win = game_pnl > 0 (decisive only),COMPATIBILITY_ONLY_NOT_PRODUCTION,268817.8208,244366.2908,168.7661,6248,5610,-0.00062781,-0.08642944,0.00436428,-0.00062781,-168.7661,268817.8208,OK,0.0000,6.7506,4.0000,96.0000,AG03-UNRESOLVED,ALL5_LEVELS_bet23_to_bet27,6.7506,6.7506,6.7506,8.4383,8.4383,4.000000,4.000000,4.000000,5.000000,5.000000,96.000000,96.000000,96.000000,95.000000,95.000000,5.0,37.1285,34.0107,131.6376,134.7554,PENDING_AG03,FALSE,NOT_FOR_ENFORCEMENT,162.0155,234591.6392,168.7661,162.0155,6.7506,0.00062781,0.00060270,6.7506,162.0155,0.00060270,6.7506,6.7506,6.7506,8.4383,8.4383,162.0155,0.00060270,37.1285,34.0107,131.6376,134.7554,0.00048969,0.00050129,0.00002511,43.0246,43.5591,0.0301,2.0581,0.0627,3278.2661,68.4146,17.6798,46.9397,25.7155,39.4976,52.6635,77.1466,82.2897,128.5777,31.4111,0.0,2.083411,3.25533,1.089297,30,192,222,8,0.05498276,0.00062781,0.08642944,0E-8,0.000000,0.909041,0.000000,-0.09079372,2026-03-23,2026-08-06,82,2690,1181,137,0.598540,0.376650,0.410924,0.183276,,,,,,,,GLOBAL_BASELINE_NO_ENTITY_RANKING,,,NOT_APPLICABLE_GLOBAL_BASELINE,HF9g-P5,,,,X 全窗基线 · 不参与实体赏罚,6877553,688,A168_HF9F_20260827_0900,2026-08-27 09:00:00
2026-06-08,70460261,2130,0,25.7155347545,-25.7155347545,-25.7155347545,0E-7,1,1,0.49324550000000000,0.493245500000,-0.9865810262130424,-0.9865810262130424,-0.9865810262130424,0E-17,ELIGIBLE,R03b_20260811_FULL_v1,L1_ELIGIBILITY,v2026-08-11,2026-03-21..2026-08-06,baccarat_bet02_101_all_pairs_incl_sentinel,round_win = game_pnl > 0 (decisive only),COMPATIBILITY_ONLY_NOT_PRODUCTION,268817.8208,244366.2908,168.7661,6248,5610,-0.00062781,-0.08642944,0.00436428,-0.00062781,-168.7661,268817.8208,OK,0.0000,6.7506,4.0000,96.0000,AG03-UNRESOLVED,ALL5_LEVELS_bet23_to_bet27,6.7506,6.7506,6.7506,8.4383,8.4383,4.000000,4.000000,4.000000,5.000000,5.000000,96.000000,96.000000,96.000000,95.000000,95.000000,5.0,37.1285,34.0107,131.6376,134.7554,PENDING_AG03,FALSE,NOT_FOR_ENFORCEMENT,162.0155,234591.6392,168.7661,162.0155,6.7506,0.00062781,0.00060270,6.7506,162.0155,0.00060270,6.7506,6.7506,6.7506,8.4383,8.4383,162.0155,0.00060270,37.1285,34.0107,131.6376,134.7554,0.00048969,0.00050129,0.00002511,43.0246,43.5591,0.0301,2.0581,0.0627,3278.2661,68.4146,17.6798,46.9397,25.7155,39.4976,52.6635,77.1466,82.2897,128.5777,31.4111,0.0,2.083411,3.25533,1.089297,30,192,222,8,0.05498276,0.00062781,0.08642944,0E-8,0.000000,0.909041,0.000000,-0.09079372,2026-03-23,2026-08-06,82,2690,1181,137,0.598540,0.376650,0.410924,0.183276,,,,,,,,GLOBAL_BASELINE_NO_ENTITY_RANKING,,,NOT_APPLICABLE_GLOBAL_BASELINE,HF9g-P5,,,,X 全窗基线 · 不参与实体赏罚,6877554,688,A168_HF9F_20260827_0900,2026-08-27 09:00:00
2026-06-08,70460261,2142,0,738.0358474553,29.1871319466,29.1871319466,0.5000000,12,8,0.45689178580364327,0.393378375000,0.24476829624221924,0.6173423995950746,0.24476829624221924,0.06351341080364327,ELIGIBLE,R03b_20260811_FULL_v1,L1_ELIGIBILITY,v2026-08-11,2026-03-21..2026-08-06,baccarat_bet02_101_all_pairs_incl_sentinel,round_win = game_pnl > 0 (decisive only),COMPATIBILITY_ONLY_NOT_PRODUCTION,268817.8208,244366.2908,168.7661,6248,5610,-0.00062781,-0.08642944,0.00436428,-0.00062781,-168.7661,268817.8208,OK,0.0000,6.7506,4.0000,96.0000,AG03-UNRESOLVED,ALL5_LEVELS_bet23_to_bet27,6.7506,6.7506,6.7506,8.4383,8.4383,4.000000,4.000000,4.000000,5.000000,5.000000,96.000000,96.000000,96.000000,95.000000,95.000000,5.0,37.1285,34.0107,131.6376,134.7554,PENDING_AG03,FALSE,NOT_FOR_ENFORCEMENT,162.0155,234591.6392,168.7661,162.0155,6.7506,0.00062781,0.00060270,6.7506,162.0155,0.00060270,6.7506,6.7506,6.7506,8.4383,8.4383,162.0155,0.00060270,37.1285,34.0107,131.6376,134.7554,0.00048969,0.00050129,0.00002511,43.0246,43.5591,0.0301,2.0581,0.0627,3278.2661,68.4146,17.6798,46.9397,25.7155,39.4976,52.6635,77.1466,82.2897,128.5777,31.4111,0.0,2.083411,3.25533,1.089297,30,192,222,8,0.05498276,0.00062781,0.08642944,0E-8,0.000000,0.909041,0.000000,-0.09079372,2026-03-23,2026-08-06,82,2690,1181,137,0.598540,0.376650,0.410924,0.183276,,,,,,,,GLOBAL_BASELINE_NO_ENTITY_RANKING,,,NOT_APPLICABLE_GLOBAL_BASELINE,HF9g-P5,,,,X 全窗基线 · 不参与实体赏罚,6877555,688,A168_HF9F_20260827_0900,2026-08-27 09:00:00
2026-06-08,70460261,2147,0,221.1535988892,181.6802530408,181.6802530408,0.6666667,4,3,0.48147907222218959,0.431135816667,0.6419492051449348,0.8237531336100787,0.6419492051449348,0.05034325555518959,ELIGIBLE,R03b_20260811_FULL_v1,L1_ELIGIBILITY,v2026-08-11,2026-03-21..2026-08-06,baccarat_bet02_101_all_pairs_incl_sentinel,round_win = game_pnl > 0 (decisive only),COMPATIBILITY_ONLY_NOT_PRODUCTION,268817.8208,244366.2908,168.7661,6248,5610,-0.00062781,-0.08642944,0.00436428,-0.00062781,-168.7661,268817.8208,OK,0.0000,6.7506,4.0000,96.0000,AG03-UNRESOLVED,ALL5_LEVELS_bet23_to_bet27,6.7506,6.7506,6.7506,8.4383,8.4383,4.000000,4.000000,4.000000,5.000000,5.000000,96.000000,96.000000,96.000000,95.000000,95.000000,5.0,37.1285,34.0107,131.6376,134.7554,PENDING_AG03,FALSE,NOT_FOR_ENFORCEMENT,162.0155,234591.6392,168.7661,162.0155,6.7506,0.00062781,0.00060270,6.7506,162.0155,0.00060270,6.7506,6.7506,6.7506,8.4383,8.4383,162.0155,0.00060270,37.1285,34.0107,131.6376,134.7554,0.00048969,0.00050129,0.00002511,43.0246,43.5591,0.0301,2.0581,0.0627,3278.2661,68.4146,17.6798,46.9397,25.7155,39.4976,52.6635,77.1466,82.2897,128.5777,31.4111,0.0,2.083411,3.25533,1.089297,30,192,222,8,0.05498276,0.00062781,0.08642944,0E-8,0.000000,0.909041,0.000000,-0.09079372,2026-03-23,2026-08-06,82,2690,1181,137,0.598540,0.376650,0.410924,0.183276,,,,,,,,GLOBAL_BASELINE_NO_ENTITY_RANKING,,,NOT_APPLICABLE_GLOBAL_BASELINE,HF9g-P5,,,,X 全窗基线 · 不参与实体赏罚,6877556,688,A168_HF9F_20260827_0900,2026-08-27 09:00:00
2026-06-08,70460261,2152,0,630.0306014863,276.8277316328,276.8277316328,0.7500000,10,8,0.47065316981496857,0.441636287500,1.582953249759154,1.7563751781847277,1.582953249759154,0.02901688231496857,ELIGIBLE,R03b_20260811_FULL_v1,L1_ELIGIBILITY,v2026-08-11,2026-03-21..2026-08-06,baccarat_bet02_101_all_pairs_incl_sentinel,round_win = game_pnl > 0 (decisive only),COMPATIBILITY_ONLY_NOT_PRODUCTION,268817.8208,244366.2908,168.7661,6248,5610,-0.00062781,-0.08642944,0.00436428,-0.00062781,-168.7661,268817.8208,OK,0.0000,6.7506,4.0000,96.0000,AG03-UNRESOLVED,ALL5_LEVELS_bet23_to_bet27,6.7506,6.7506,6.7506,8.4383,8.4383,4.000000,4.000000,4.000000,5.000000,5.000000,96.000000,96.000000,96.000000,95.000000,95.000000,5.0,37.1285,34.0107,131.6376,134.7554,PENDING_AG03,FALSE,NOT_FOR_ENFORCEMENT,162.0155,234591.6392,168.7661,162.0155,6.7506,0.00062781,0.00060270,6.7506,162.0155,0.00060270,6.7506,6.7506,6.7506,8.4383,8.4383,162.0155,0.00060270,37.1285,34.0107,131.6376,134.7554,0.00048969,0.00050129,0.00002511,43.0246,43.5591,0.0301,2.0581,0.0627,3278.2661,68.4146,17.6798,46.9397,25.7155,39.4976,52.6635,77.1466,82.2897,128.5777,31.4111,0.0,2.083411,3.25533,1.089297,30,192,222,8,0.05498276,0.00062781,0.08642944,0E-8,0.000000,0.909041,0.000000,-0.09079372,2026-03-23,2026-08-06,82,2690,1181,137,0.598540,0.376650,0.410924,0.183276,,,,,,,,GLOBAL_BASELINE_NO_ENTITY_RANKING,,,NOT_APPLICABLE_GLOBAL_BASELINE,HF9g-P5,,,,X 全窗基线 · 不参与实体赏罚,6877557,688,A168_HF9F_20260827_0900,2026-08-27 09:00:00
2026-06-08,70460261,2155,0,177.4371898063,144.1355722992,144.1355722992,1.0000000,4,4,0.50665070000000000,0.506650700000,1.7091633124209307,1.7091633124209307,1.7091633124209307,0E-17,ELIGIBLE,R03b_20260811_FULL_v1,L1_ELIGIBILITY,v2026-08-11,2026-03-21..2026-08-06,baccarat_bet02_101_all_pairs_incl_sentinel,round_win = game_pnl > 0 (decisive only),COMPATIBILITY_ONLY_NOT_PRODUCTION,268817.8208,244366.2908,168.7661,6248,5610,-0.00062781,-0.08642944,0.00436428,-0.00062781,-168.7661,268817.8208,OK,0.0000,6.7506,4.0000,96.0000,AG03-UNRESOLVED,ALL5_LEVELS_bet23_to_bet27,6.7506,6.7506,6.7506,8.4383,8.4383,4.000000,4.000000,4.000000,5.000000,5.000000,96.000000,96.000000,96.000000,95.000000,95.000000,5.0,37.1285,34.0107,131.6376,134.7554,PENDING_AG03,FALSE,NOT_FOR_ENFORCEMENT,162.0155,234591.6392,168.7661,162.0155,6.7506,0.00062781,0.00060270,6.7506,162.0155,0.00060270,6.7506,6.7506,6.7506,8.4383,8.4383,162.0155,0.00060270,37.1285,34.0107,131.6376,134.7554,0.00048969,0.00050129,0.00002511,43.0246,43.5591,0.0301,2.0581,0.0627,3278.2661,68.4146,17.6798,46.9397,25.7155,39.4976,52.6635,77.1466,82.2897,128.5777,31.4111,0.0,2.083411,3.25533,1.089297,30,192,222,8,0.05498276,0.00062781,0.08642944,0E-8,0.000000,0.909041,0.000000,-0.09079372,2026-03-23,2026-08-06,82,2690,1181,137,0.598540,0.376650,0.410924,0.183276,,,,,,,,GLOBAL_BASELINE_NO_ENTITY_RANKING,,,NOT_APPLICABLE_GLOBAL_BASELINE,HF9g-P5,,,,X 全窗基线 · 不参与实体赏罚,6877558,688,A168_HF9F_20260827_0900,2026-08-27 09:00:00
2026-06-08,70460261,2156,0,154.2932085273,46.2879625582,46.2879625582,0.5000000,2,2,0.50665070000000000,0.506650700000,-0.018812684590367487,-0.018812684590367487,-0.018812684590367487,0E-17,ELIGIBLE,R03b_20260811_FULL_v1,L1_ELIGIBILITY,v2026-08-11,2026-03-21..2026-08-06,baccarat_bet02_101_all_pairs_incl_sentinel,round_win = game_pnl > 0 (decisive only),COMPATIBILITY_ONLY_NOT_PRODUCTION,268817.8208,244366.2908,168.7661,6248,5610,-0.00062781,-0.08642944,0.00436428,-0.00062781,-168.7661,268817.8208,OK,0.0000,6.7506,4.0000,96.0000,AG03-UNRESOLVED,ALL5_LEVELS_bet23_to_bet27,6.7506,6.7506,6.7506,8.4383,8.4383,4.000000,4.000000,4.000000,5.000000,5.000000,96.000000,96.000000,96.000000,95.000000,95.000000,5.0,37.1285,34.0107,131.6376,134.7554,PENDING_AG03,FALSE,NOT_FOR_ENFORCEMENT,162.0155,234591.6392,168.7661,162.0155,6.7506,0.00062781,0.00060270,6.7506,162.0155,0.00060270,6.7506,6.7506,6.7506,8.4383,8.4383,162.0155,0.00060270,37.1285,34.0107,131.6376,134.7554,0.00048969,0.00050129,0.00002511,43.0246,43.5591,0.0301,2.0581,0.0627,3278.2661,68.4146,17.6798,46.9397,25.7155,39.4976,52.6635,77.1466,82.2897,128.5777,31.4111,0.0,2.083411,3.25533,1.089297,30,192,222,8,0.05498276,0.00062781,0.08642944,0E-8,0.000000,0.909041,0.000000,-0.09079372,2026-03-23,2026-08-06,82,2690,1181,137,0.598540,0.376650,0.410924,0.183276,,,,,,,,GLOBAL_BASELINE_NO_ENTITY_RANKING,,,NOT_APPLICABLE_GLOBAL_BASELINE,HF9g-P5,,,,X 全窗基线 · 不参与实体赏罚,6877559,688,A168_HF9F_20260827_0900,2026-08-27 09:00:00
2026-06-08,70460261,2160,0,324.0157379073,-123.4345668218,-123.4345668218,0.3333333,4,3,0.47071776527782876,0.426667416667,-0.4767318816114151,-0.326853276333467,-0.4767318816114151,0.04405034861082876,ELIGIBLE,R03b_20260811_FULL_v1,L1_ELIGIBILITY,v2026-08-11,2026-03-21..2026-08-06,baccarat_bet02_101_all_pairs_incl_sentinel,round_win = game_pnl > 0 (decisive only),COMPATIBILITY_ONLY_NOT_PRODUCTION,268817.8208,244366.2908,168.7661,6248,5610,-0.00062781,-0.08642944,0.00436428,-0.00062781,-168.7661,268817.8208,OK,0.0000,6.7506,4.0000,96.0000,AG03-UNRESOLVED,ALL5_LEVELS_bet23_to_bet27,6.7506,6.7506,6.7506,8.4383,8.4383,4.000000,4.000000,4.000000,5.000000,5.000000,96.000000,96.000000,96.000000,95.000000,95.000000,5.0,37.1285,34.0107,131.6376,134.7554,PENDING_AG03,FALSE,NOT_FOR_ENFORCEMENT,162.0155,234591.6392,168.7661,162.0155,6.7506,0.00062781,0.00060270,6.7506,162.0155,0.00060270,6.7506,6.7506,6.7506,8.4383,8.4383,162.0155,0.00060270,37.1285,34.0107,131.6376,134.7554,0.00048969,0.00050129,0.00002511,43.0246,43.5591,0.0301,2.0581,0.0627,3278.2661,68.4146,17.6798,46.9397,25.7155,39.4976,52.6635,77.1466,82.2897,128.5777,31.4111,0.0,2.083411,3.25533,1.089297,30,192,222,8,0.05498276,0.00062781,0.08642944,0E-8,0.000000,0.909041,0.000000,-0.09079372,2026-03-23,2026-08-06,82,2690,1181,137,0.598540,0.376650,0.410924,0.183276,,,,,,,,GLOBAL_BASELINE_NO_ENTITY_RANKING,,,NOT_APPLICABLE_GLOBAL_BASELINE,HF9g-P5,,,,X 全窗基线 · 不参与实体赏罚,6877560,688,A168_HF9F_20260827_0900,2026-08-27 09:00:00
2026-06-08,70460261,2174,0,1221.4879008408,513.4106513745,513.4106513745,0.5714286,25,14,0.42534222859452188,0.350604075000,1.1056043570843253,1.731601715067881,1.1056043570843253,0.07473815359452188,ELIGIBLE,R03b_20260811_FULL_v1,L1_ELIGIBILITY,v2026-08-11,2026-03-21..2026-08-06,baccarat_bet02_101_all_pairs_incl_sentinel,round_win = game_pnl > 0 (decisive only),COMPATIBILITY_ONLY_NOT_PRODUCTION,268817.8208,244366.2908,168.7661,6248,5610,-0.00062781,-0.08642944,0.00436428,-0.00062781,-168.7661,268817.8208,OK,0.0000,6.7506,4.0000,96.0000,AG03-UNRESOLVED,ALL5_LEVELS_bet23_to_bet27,6.7506,6.7506,6.7506,8.4383,8.4383,4.000000,4.000000,4.000000,5.000000,5.000000,96.000000,96.000000,96.000000,95.000000,95.000000,5.0,37.1285,34.0107,131.6376,134.7554,PENDING_AG03,FALSE,NOT_FOR_ENFORCEMENT,162.0155,234591.6392,168.7661,162.0155,6.7506,0.00062781,0.00060270,6.7506,162.0155,0.00060270,6.7506,6.7506,6.7506,8.4383,8.4383,162.0155,0.00060270,37.1285,34.0107,131.6376,134.7554,0.00048969,0.00050129,0.00002511,43.0246,43.5591,0.0301,2.0581,0.0627,3278.2661,68.4146,17.6798,46.9397,25.7155,39.4976,52.6635,77.1466,82.2897,128.5777,31.4111,0.0,2.083411,3.25533,1.089297,30,192,222,8,0.05498276,0.00062781,0.08642944,0E-8,0.000000,0.909041,0.000000,-0.09079372,2026-03-23,2026-08-06,82,2690,1181,137,0.598540,0.376650,0.410924,0.183276,,,,,,,,GLOBAL_BASELINE_NO_ENTITY_RANKING,,,NOT_APPLICABLE_GLOBAL_BASELINE,HF9g-P5,,,,X 全窗基线 · 不参与实体赏罚,6877561,688,A168_HF9F_20260827_0900,2026-08-27 09:00:00
2026-06-08,70460261,2177,0,326.5872913826,-126.0061202972,-126.0061202972,0.5000000,7,4,0.41982933001379137,0.336742212500,0.3248861786382651,0.6908980115991367,0.3248861786382651,0.08308711751379137,ELIGIBLE,R03b_20260811_FULL_v1,L1_ELIGIBILITY,v2026-08-11,2026-03-21..2026-08-06,baccarat_bet02_101_all_pairs_incl_sentinel,round_win = game_pnl > 0 (decisive only),COMPATIBILITY_ONLY_NOT_PRODUCTION,268817.8208,244366.2908,168.7661,6248,5610,-0.00062781,-0.08642944,0.00436428,-0.00062781,-168.7661,268817.8208,OK,0.0000,6.7506,4.0000,96.0000,AG03-UNRESOLVED,ALL5_LEVELS_bet23_to_bet27,6.7506,6.7506,6.7506,8.4383,8.4383,4.000000,4.000000,4.000000,5.000000,5.000000,96.000000,96.000000,96.000000,95.000000,95.000000,5.0,37.1285,34.0107,131.6376,134.7554,PENDING_AG03,FALSE,NOT_FOR_ENFORCEMENT,162.0155,234591.6392,168.7661,162.0155,6.7506,0.00062781,0.00060270,6.7506,162.0155,0.00060270,6.7506,6.7506,6.7506,8.4383,8.4383,162.0155,0.00060270,37.1285,34.0107,131.6376,134.7554,0.00048969,0.00050129,0.00002511,43.0246,43.5591,0.0301,2.0581,0.0627,3278.2661,68.4146,17.6798,46.9397,25.7155,39.4976,52.6635,77.1466,82.2897,128.5777,31.4111,0.0,2.083411,3.25533,1.089297,30,192,222,8,0.05498276,0.00062781,0.08642944,0E-8,0.000000,0.909041,0.000000,-0.09079372,2026-03-23,2026-08-06,82,2690,1181,137,0.598540,0.376650,0.410924,0.183276,,,,,,,,GLOBAL_BASELINE_NO_ENTITY_RANKING,,,NOT_APPLICABLE_GLOBAL_BASELINE,HF9g-P5,,,,X 全窗基线 · 不参与实体赏罚,6877562,688,A168_HF9F_20260827_0900,2026-08-27 09:00:00
2026-06-08,70460261,2205,0,385.7330213180,-104.1479157559,-104.1479157559,0.5000000,6,5,0.48584608800002819,0.458660730000,0.05663834563275608,0.16592516320072664,0.05663834563275608,0.02718535800002819,ELIGIBLE,R03b_20260811_FULL_v1,L1_ELIGIBILITY,v2026-08-11,2026-03-21..2026-08-06,baccarat_bet02_101_all_pairs_incl_sentinel,round_win = game_pnl > 0 (decisive only),COMPATIBILITY_ONLY_NOT_PRODUCTION,268817.8208,244366.2908,168.7661,6248,5610,-0.00062781,-0.08642944,0.00436428,-0.00062781,-168.7661,268817.8208,OK,0.0000,6.7506,4.0000,96.0000,AG03-UNRESOLVED,ALL5_LEVELS_bet23_to_bet27,6.7506,6.7506,6.7506,8.4383,8.4383,4.000000,4.000000,4.000000,5.000000,5.000000,96.000000,96.000000,96.000000,95.000000,95.000000,5.0,37.1285,34.0107,131.6376,134.7554,PENDING_AG03,FALSE,NOT_FOR_ENFORCEMENT,162.0155,234591.6392,168.7661,162.0155,6.7506,0.00062781,0.00060270,6.7506,162.0155,0.00060270,6.7506,6.7506,6.7506,8.4383,8.4383,162.0155,0.00060270,37.1285,34.0107,131.6376,134.7554,0.00048969,0.00050129,0.00002511,43.0246,43.5591,0.0301,2.0581,0.0627,3278.2661,68.4146,17.6798,46.9397,25.7155,39.4976,52.6635,77.1466,82.2897,128.5777,31.4111,0.0,2.083411,3.25533,1.089297,30,192,222,8,0.05498276,0.00062781,0.08642944,0E-8,0.000000,0.909041,0.000000,-0.09079372,2026-03-23,2026-08-06,82,2690,1181,137,0.598540,0.376650,0.410924,0.183276,,,,,,,,GLOBAL_BASELINE_NO_ENTITY_RANKING,,,NOT_APPLICABLE_GLOBAL_BASELINE,HF9g-P5,,,,X 全窗基线 · 不参与实体赏罚,6877563,688,A168_HF9F_20260827_0900,2026-08-27 09:00:00
2026-06-08,70460261,2209,0,306.0148635791,149.1501015763,149.1501015763,0.8000000,6,6,0.49994810000000000,0.499948100000,1.3418728975849028,1.3418728975849028,1.3418728975849028,0E-17,ELIGIBLE,R03b_20260811_FULL_v1,L1_ELIGIBILITY,v2026-08-11,2026-03-21..2026-08-06,baccarat_bet02_101_all_pairs_incl_sentinel,round_win = game_pnl > 0 (decisive only),COMPATIBILITY_ONLY_NOT_PRODUCTION,268817.8208,244366.2908,168.7661,6248,5610,-0.00062781,-0.08642944,0.00436428,-0.00062781,-168.7661,268817.8208,OK,0.0000,6.7506,4.0000,96.0000,AG03-UNRESOLVED,ALL5_LEVELS_bet23_to_bet27,6.7506,6.7506,6.7506,8.4383,8.4383,4.000000,4.000000,4.000000,5.000000,5.000000,96.000000,96.000000,96.000000,95.000000,95.000000,5.0,37.1285,34.0107,131.6376,134.7554,PENDING_AG03,FALSE,NOT_FOR_ENFORCEMENT,162.0155,234591.6392,168.7661,162.0155,6.7506,0.00062781,0.00060270,6.7506,162.0155,0.00060270,6.7506,6.7506,6.7506,8.4383,8.4383,162.0155,0.00060270,37.1285,34.0107,131.6376,134.7554,0.00048969,0.00050129,0.00002511,43.0246,43.5591,0.0301,2.0581,0.0627,3278.2661,68.4146,17.6798,46.9397,25.7155,39.4976,52.6635,77.1466,82.2897,128.5777,31.4111,0.0,2.083411,3.25533,1.089297,30,192,222,8,0.05498276,0.00062781,0.08642944,0E-8,0.000000,0.909041,0.000000,-0.09079372,2026-03-23,2026-08-06,82,2690,1181,137,0.598540,0.376650,0.410924,0.183276,,,,,,,,GLOBAL_BASELINE_NO_ENTITY_RANKING,,,NOT_APPLICABLE_GLOBAL_BASELINE,HF9g-P5,,,,X 全窗基线 · 不参与实体赏罚,6877564,688,A168_HF9F_20260827_0900,2026-08-27 09:00:00
2026-06-08,70460261,2216,0,658.3176897163,339.4450587599,339.4450587599,0.7500000,9,9,0.49324550000000000,0.493245500000,1.4525553310976282,1.4525553310976282,1.4525553310976282,0E-17,ELIGIBLE,R03b_20260811_FULL_v1,L1_ELIGIBILITY,v2026-08-11,2026-03-21..2026-08-06,baccarat_bet02_101_all_pairs_incl_sentinel,round_win = game_pnl > 0 (decisive only),COMPATIBILITY_ONLY_NOT_PRODUCTION,268817.8208,244366.2908,168.7661,6248,5610,-0.00062781,-0.08642944,0.00436428,-0.00062781,-168.7661,268817.8208,OK,0.0000,6.7506,4.0000,96.0000,AG03-UNRESOLVED,ALL5_LEVELS_bet23_to_bet27,6.7506,6.7506,6.7506,8.4383,8.4383,4.000000,4.000000,4.000000,5.000000,5.000000,96.000000,96.000000,96.000000,95.000000,95.000000,5.0,37.1285,34.0107,131.6376,134.7554,PENDING_AG03,FALSE,NOT_FOR_ENFORCEMENT,162.0155,234591.6392,168.7661,162.0155,6.7506,0.00062781,0.00060270,6.7506,162.0155,0.00060270,6.7506,6.7506,6.7506,8.4383,8.4383,162.0155,0.00060270,37.1285,34.0107,131.6376,134.7554,0.00048969,0.00050129,0.00002511,43.0246,43.5591,0.0301,2.0581,0.0627,3278.2661,68.4146,17.6798,46.9397,25.7155,39.4976,52.6635,77.1466,82.2897,128.5777,31.4111,0.0,2.083411,3.25533,1.089297,30,192,222,8,0.05498276,0.00062781,0.08642944,0E-8,0.000000,0.909041,0.000000,-0.09079372,2026-03-23,2026-08-06,82,2690,1181,137,0.598540,0.376650,0.410924,0.183276,,,,,,,,GLOBAL_BASELINE_NO_ENTITY_RANKING,,,NOT_APPLICABLE_GLOBAL_BASELINE,HF9g-P5,,,,X 全窗基线 · 不参与实体赏罚,6877565,688,A168_HF9F_20260827_0900,2026-08-27 09:00:00
2026-06-08,70460261,2222,0,432.0209838762,232.0827011599,232.0827011599,0.2500000,8,4,0.42351708473691219,0.316847700000,-0.7023337691546987,-0.28736403825170925,-0.7023337691546987,0.10666938473691219,ELIGIBLE,R03b_20260811_FULL_v1,L1_ELIGIBILITY,v2026-08-11,2026-03-21..2026-08-06,baccarat_bet02_101_all_pairs_incl_sentinel,round_win = game_pnl > 0 (decisive only),COMPATIBILITY_ONLY_NOT_PRODUCTION,268817.8208,244366.2908,168.7661,6248,5610,-0.00062781,-0.08642944,0.00436428,-0.00062781,-168.7661,268817.8208,OK,0.0000,6.7506,4.0000,96.0000,AG03-UNRESOLVED,ALL5_LEVELS_bet23_to_bet27,6.7506,6.7506,6.7506,8.4383,8.4383,4.000000,4.000000,4.000000,5.000000,5.000000,96.000000,96.000000,96.000000,95.000000,95.000000,5.0,37.1285,34.0107,131.6376,134.7554,PENDING_AG03,FALSE,NOT_FOR_ENFORCEMENT,162.0155,234591.6392,168.7661,162.0155,6.7506,0.00062781,0.00060270,6.7506,162.0155,0.00060270,6.7506,6.7506,6.7506,8.4383,8.4383,162.0155,0.00060270,37.1285,34.0107,131.6376,134.7554,0.00048969,0.00050129,0.00002511,43.0246,43.5591,0.0301,2.0581,0.0627,3278.2661,68.4146,17.6798,46.9397,25.7155,39.4976,52.6635,77.1466,82.2897,128.5777,31.4111,0.0,2.083411,3.25533,1.089297,30,192,222,8,0.05498276,0.00062781,0.08642944,0E-8,0.000000,0.909041,0.000000,-0.09079372,2026-03-23,2026-08-06,82,2690,1181,137,0.598540,0.376650,0.410924,0.183276,,,,,,,,GLOBAL_BASELINE_NO_ENTITY_RANKING,,,NOT_APPLICABLE_GLOBAL_BASELINE,HF9g-P5,,,,X 全窗基线 · 不参与实体赏罚,6877566,688,A168_HF9F_20260827_0900,2026-08-27 09:00:00
2026-06-08,70460261,2224,0,128.5776737727,-25.7155347545,-25.7155347545,0E-7,2,1,0.41603284000014095,0.280106050000,-0.8440527600281129,-0.6237735893609975,-0.8440527600281129,0.13592679000014095,ELIGIBLE,R03b_20260811_FULL_v1,L1_ELIGIBILITY,v2026-08-11,2026-03-21..2026-08-06,baccarat_bet02_101_all_pairs_incl_sentinel,round_win = game_pnl > 0 (decisive only),COMPATIBILITY_ONLY_NOT_PRODUCTION,268817.8208,244366.2908,168.7661,6248,5610,-0.00062781,-0.08642944,0.00436428,-0.00062781,-168.7661,268817.8208,OK,0.0000,6.7506,4.0000,96.0000,AG03-UNRESOLVED,ALL5_LEVELS_bet23_to_bet27,6.7506,6.7506,6.7506,8.4383,8.4383,4.000000,4.000000,4.000000,5.000000,5.000000,96.000000,96.000000,96.000000,95.000000,95.000000,5.0,37.1285,34.0107,131.6376,134.7554,PENDING_AG03,FALSE,NOT_FOR_ENFORCEMENT,162.0155,234591.6392,168.7661,162.0155,6.7506,0.00062781,0.00060270,6.7506,162.0155,0.00060270,6.7506,6.7506,6.7506,8.4383,8.4383,162.0155,0.00060270,37.1285,34.0107,131.6376,134.7554,0.00048969,0.00050129,0.00002511,43.0246,43.5591,0.0301,2.0581,0.0627,3278.2661,68.4146,17.6798,46.9397,25.7155,39.4976,52.6635,77.1466,82.2897,128.5777,31.4111,0.0,2.083411,3.25533,1.089297,30,192,222,8,0.05498276,0.00062781,0.08642944,0E-8,0.000000,0.909041,0.000000,-0.09079372,2026-03-23,2026-08-06,82,2690,1181,137,0.598540,0.376650,0.410924,0.183276,,,,,,,,GLOBAL_BASELINE_NO_ENTITY_RANKING,,,NOT_APPLICABLE_GLOBAL_BASELINE,HF9g-P5,,,,X 全窗基线 · 不参与实体赏罚,6877567,688,A168_HF9F_20260827_0900,2026-08-27 09:00:00
2026-06-08,70460261,2229,0,151.7216550518,-51.4310695091,-51.4310695091,0.5000000,4,2,0.36082885632192649,0.280106050000,0.4098311674381719,0.6925207201862208,0.4098311674381719,0.08072280632192649,ELIGIBLE,R03b_20260811_FULL_v1,L1_ELIGIBILITY,v2026-08-11,2026-03-21..2026-08-06,baccarat_bet02_101_all_pairs_incl_sentinel,round_win = game_pnl > 0 (decisive only),COMPATIBILITY_ONLY_NOT_PRODUCTION,268817.8208,244366.2908,168.7661,6248,5610,-0.00062781,-0.08642944,0.00436428,-0.00062781,-168.7661,268817.8208,OK,0.0000,6.7506,4.0000,96.0000,AG03-UNRESOLVED,ALL5_LEVELS_bet23_to_bet27,6.7506,6.7506,6.7506,8.4383,8.4383,4.000000,4.000000,4.000000,5.000000,5.000000,96.000000,96.000000,96.000000,95.000000,95.000000,5.0,37.1285,34.0107,131.6376,134.7554,PENDING_AG03,FALSE,NOT_FOR_ENFORCEMENT,162.0155,234591.6392,168.7661,162.0155,6.7506,0.00062781,0.00060270,6.7506,162.0155,0.00060270,6.7506,6.7506,6.7506,8.4383,8.4383,162.0155,0.00060270,37.1285,34.0107,131.6376,134.7554,0.00048969,0.00050129,0.00002511,43.0246,43.5591,0.0301,2.0581,0.0627,3278.2661,68.4146,17.6798,46.9397,25.7155,39.4976,52.6635,77.1466,82.2897,128.5777,31.4111,0.0,2.083411,3.25533,1.089297,30,192,222,8,0.05498276,0.00062781,0.08642944,0E-8,0.000000,0.909041,0.000000,-0.09079372,2026-03-23,2026-08-06,82,2690,1181,137,0.598540,0.376650,0.410924,0.183276,,,,,,,,GLOBAL_BASELINE_NO_ENTITY_RANKING,,,NOT_APPLICABLE_GLOBAL_BASELINE,HF9g-P5,,,,X 全窗基线 · 不参与实体赏罚,6877568,688,A168_HF9F_20260827_0900,2026-08-27 09:00:00
2026-06-08,70460261,2252,0,573.4564250260,-169.7225293798,-169.7225293798,0.5000000,12,8,0.44372163055562455,0.393378375000,0.27746981505762164,0.5346342008825788,0.27746981505762164,0.05034325555562455,ELIGIBLE,R03b_20260811_FULL_v1,L1_ELIGIBILITY,v2026-08-11,2026-03-21..2026-08-06,baccarat_bet02_101_all_pairs_incl_sentinel,round_win = game_pnl > 0 (decisive only),COMPATIBILITY_ONLY_NOT_PRODUCTION,268817.8208,244366.2908,168.7661,6248,5610,-0.00062781,-0.08642944,0.00436428,-0.00062781,-168.7661,268817.8208,OK,0.0000,6.7506,4.0000,96.0000,AG03-UNRESOLVED,ALL5_LEVELS_bet23_to_bet27,6.7506,6.7506,6.7506,8.4383,8.4383,4.000000,4.000000,4.000000,5.000000,5.000000,96.000000,96.000000,96.000000,95.000000,95.000000,5.0,37.1285,34.0107,131.6376,134.7554,PENDING_AG03,FALSE,NOT_FOR_ENFORCEMENT,162.0155,234591.6392,168.7661,162.0155,6.7506,0.00062781,0.00060270,6.7506,162.0155,0.00060270,6.7506,6.7506,6.7506,8.4383,8.4383,162.0155,0.00060270,37.1285,34.0107,131.6376,134.7554,0.00048969,0.00050129,0.00002511,43.0246,43.5591,0.0301,2.0581,0.0627,3278.2661,68.4146,17.6798,46.9397,25.7155,39.4976,52.6635,77.1466,82.2897,128.5777,31.4111,0.0,2.083411,3.25533,1.089297,30,192,222,8,0.05498276,0.00062781,0.08642944,0E-8,0.000000,0.909041,0.000000,-0.09079372,2026-03-23,2026-08-06,82,2690,1181,137,0.598540,0.376650,0.410924,0.183276,,,,,,,,GLOBAL_BASELINE_NO_ENTITY_RANKING,,,NOT_APPLICABLE_GLOBAL_BASELINE,HF9g-P5,,,,X 全窗基线 · 不参与实体赏罚,6877569,688,A168_HF9F_20260827_0900,2026-08-27 09:00:00
2026-06-08,70460261,2278,0,532.3115694190,-6.4288836886,-6.4288836886,0.5000000,9,8,0.49249165937501377,0.478332618750,0.03678735471372013,0.10624786464898839,0.03678735471372013,0.01415904062501377,ELIGIBLE,R03b_20260811_FULL_v1,L1_ELIGIBILITY,v2026-08-11,2026-03-21..2026-08-06,baccarat_bet02_101_all_pairs_incl_sentinel,round_win = game_pnl > 0 (decisive only),COMPATIBILITY_ONLY_NOT_PRODUCTION,268817.8208,244366.2908,168.7661,6248,5610,-0.00062781,-0.08642944,0.00436428,-0.00062781,-168.7661,268817.8208,OK,0.0000,6.7506,4.0000,96.0000,AG03-UNRESOLVED,ALL5_LEVELS_bet23_to_bet27,6.7506,6.7506,6.7506,8.4383,8.4383,4.000000,4.000000,4.000000,5.000000,5.000000,96.000000,96.000000,96.000000,95.000000,95.000000,5.0,37.1285,34.0107,131.6376,134.7554,PENDING_AG03,FALSE,NOT_FOR_ENFORCEMENT,162.0155,234591.6392,168.7661,162.0155,6.7506,0.00062781,0.00060270,6.7506,162.0155,0.00060270,6.7506,6.7506,6.7506,8.4383,8.4383,162.0155,0.00060270,37.1285,34.0107,131.6376,134.7554,0.00048969,0.00050129,0.00002511,43.0246,43.5591,0.0301,2.0581,0.0627,3278.2661,68.4146,17.6798,46.9397,25.7155,39.4976,52.6635,77.1466,82.2897,128.5777,31.4111,0.0,2.083411,3.25533,1.089297,30,192,222,8,0.05498276,0.00062781,0.08642944,0E-8,0.000000,0.909041,0.000000,-0.09079372,2026-03-23,2026-08-06,82,2690,1181,137,0.598540,0.376650,0.410924,0.183276,,,,,,,,GLOBAL_BASELINE_NO_ENTITY_RANKING,,,NOT_APPLICABLE_GLOBAL_BASELINE,HF9g-P5,,,,X 全窗基线 · 不参与实体赏罚,6877570,688,A168_HF9F_20260827_0900,2026-08-27 09:00:00
2026-06-08,70460261,2280,0,120.8630133464,-120.8630133464,-120.8630133464,0E-7,2,2,0.50665070000000000,0.506650700000,-1.4331513700195317,-1.4331513700195317,-1.4331513700195317,0E-17,ELIGIBLE,R03b_20260811_FULL_v1,L1_ELIGIBILITY,v2026-08-11,2026-03-21..2026-08-06,baccarat_bet02_101_all_pairs_incl_sentinel,round_win = game_pnl > 0 (decisive only),COMPATIBILITY_ONLY_NOT_PRODUCTION,268817.8208,244366.2908,168.7661,6248,5610,-0.00062781,-0.08642944,0.00436428,-0.00062781,-168.7661,268817.8208,OK,0.0000,6.7506,4.0000,96.0000,AG03-UNRESOLVED,ALL5_LEVELS_bet23_to_bet27,6.7506,6.7506,6.7506,8.4383,8.4383,4.000000,4.000000,4.000000,5.000000,5.000000,96.000000,96.000000,96.000000,95.000000,95.000000,5.0,37.1285,34.0107,131.6376,134.7554,PENDING_AG03,FALSE,NOT_FOR_ENFORCEMENT,162.0155,234591.6392,168.7661,162.0155,6.7506,0.00062781,0.00060270,6.7506,162.0155,0.00060270,6.7506,6.7506,6.7506,8.4383,8.4383,162.0155,0.00060270,37.1285,34.0107,131.6376,134.7554,0.00048969,0.00050129,0.00002511,43.0246,43.5591,0.0301,2.0581,0.0627,3278.2661,68.4146,17.6798,46.9397,25.7155,39.4976,52.6635,77.1466,82.2897,128.5777,31.4111,0.0,2.083411,3.25533,1.089297,30,192,222,8,0.05498276,0.00062781,0.08642944,0E-8,0.000000,0.909041,0.000000,-0.09079372,2026-03-23,2026-08-06,82,2690,1181,137,0.598540,0.376650,0.410924,0.183276,,,,,,,,GLOBAL_BASELINE_NO_ENTITY_RANKING,,,NOT_APPLICABLE_GLOBAL_BASELINE,HF9g-P5,,,,X 全窗基线 · 不参与实体赏罚,6877571,688,A168_HF9F_20260827_0900,2026-08-27 09:00:00
2026-06-08,70460261,763,0,77.1466042636,77.1466042636,77.1466042636,1.0000000,2,2,0.49324550000000000,0.493245500000,1.4334489766152358,1.4334489766152358,1.4334489766152358,0E-17,ELIGIBLE,R03b_20260811_FULL_v1,L1_ELIGIBILITY,v2026-08-11,2026-03-21..2026-08-06,baccarat_bet02_101_all_pairs_incl_sentinel,round_win = game_pnl > 0 (decisive only),COMPATIBILITY_ONLY_NOT_PRODUCTION,268817.8208,244366.2908,168.7661,6248,5610,-0.00062781,-0.08642944,0.00436428,-0.00062781,-168.7661,268817.8208,OK,0.0000,6.7506,4.0000,96.0000,AG03-UNRESOLVED,ALL5_LEVELS_bet23_to_bet27,6.7506,6.7506,6.7506,8.4383,8.4383,4.000000,4.000000,4.000000,5.000000,5.000000,96.000000,96.000000,96.000000,95.000000,95.000000,5.0,37.1285,34.0107,131.6376,134.7554,PENDING_AG03,FALSE,NOT_FOR_ENFORCEMENT,162.0155,234591.6392,168.7661,162.0155,6.7506,0.00062781,0.00060270,6.7506,162.0155,0.00060270,6.7506,6.7506,6.7506,8.4383,8.4383,162.0155,0.00060270,37.1285,34.0107,131.6376,134.7554,0.00048969,0.00050129,0.00002511,43.0246,43.5591,0.0301,2.0581,0.0627,3278.2661,68.4146,17.6798,46.9397,25.7155,39.4976,52.6635,77.1466,82.2897,128.5777,31.4111,0.0,2.083411,3.25533,1.089297,30,192,222,8,0.05498276,0.00062781,0.08642944,0E-8,0.000000,0.909041,0.000000,-0.09079372,2026-03-23,2026-08-06,82,2690,1181,137,0.598540,0.376650,0.410924,0.183276,,,,,,,,GLOBAL_BASELINE_NO_ENTITY_RANKING,,,NOT_APPLICABLE_GLOBAL_BASELINE,HF9g-P5,,,,X 全窗基线 · 不参与实体赏罚,6877572,688,A168_HF9F_20260827_0900,2026-08-27 09:00:00
2026-06-09,70460261,-1,1,7814.9510119049,1065.5231825551,1065.5231825551,0.5806452,135,99,0.46928715241196030,0.423404152020,2.1518589374313755,3.068979485224782,2.1518589374313755,0.04588300039196030,SENTINEL_DEALER,R03b_20260811_FULL_v1,L1_ELIGIBILITY,v2026-08-11,2026-03-21..2026-08-06,baccarat_bet02_101_all_pairs_incl_sentinel,round_win = game_pnl > 0 (decisive only),COMPATIBILITY_ONLY_NOT_PRODUCTION,268817.8208,244366.2908,168.7661,6248,5610,-0.00062781,-0.08642944,0.00436428,-0.00062781,-168.7661,268817.8208,OK,0.0000,6.7506,4.0000,96.0000,AG03-UNRESOLVED,ALL5_LEVELS_bet23_to_bet27,6.7506,6.7506,6.7506,8.4383,8.4383,4.000000,4.000000,4.000000,5.000000,5.000000,96.000000,96.000000,96.000000,95.000000,95.000000,5.0,37.1285,34.0107,131.6376,134.7554,PENDING_AG03,FALSE,NOT_FOR_ENFORCEMENT,162.0155,234591.6392,168.7661,162.0155,6.7506,0.00062781,0.00060270,6.7506,162.0155,0.00060270,6.7506,6.7506,6.7506,8.4383,8.4383,162.0155,0.00060270,37.1285,34.0107,131.6376,134.7554,0.00048969,0.00050129,0.00002511,43.0246,43.5591,0.0301,2.0581,0.0627,3278.2661,68.4146,17.6798,46.9397,25.7155,39.4976,52.6635,77.1466,82.2897,128.5777,31.4111,0.0,2.083411,3.25533,1.089297,30,192,222,8,0.05498276,0.00062781,0.08642944,0E-8,0.000000,0.909041,0.000000,-0.09079372,2026-03-23,2026-08-06,82,2690,1181,137,0.598540,0.376650,0.410924,0.183276,,,,,,,,GLOBAL_BASELINE_NO_ENTITY_RANKING,,,NOT_APPLICABLE_GLOBAL_BASELINE,HF9g-P5,,,,X 全窗基线 · 不参与实体赏罚,6877573,688,A168_HF9F_20260827_0900,2026-08-27 09:00:00
2026-06-09,70460261,1094,0,302.4146887134,101.7563710238,101.7563710238,0.6666667,4,3,0.48172829625966275,0.431135816667,0.6410735020205792,0.8237531336100787,0.6410735020205792,0.05059247959266275,ELIGIBLE,R03b_20260811_FULL_v1,L1_ELIGIBILITY,v2026-08-11,2026-03-21..2026-08-06,baccarat_bet02_101_all_pairs_incl_sentinel,round_win = game_pnl > 0 (decisive only),COMPATIBILITY_ONLY_NOT_PRODUCTION,268817.8208,244366.2908,168.7661,6248,5610,-0.00062781,-0.08642944,0.00436428,-0.00062781,-168.7661,268817.8208,OK,0.0000,6.7506,4.0000,96.0000,AG03-UNRESOLVED,ALL5_LEVELS_bet23_to_bet27,6.7506,6.7506,6.7506,8.4383,8.4383,4.000000,4.000000,4.000000,5.000000,5.000000,96.000000,96.000000,96.000000,95.000000,95.000000,5.0,37.1285,34.0107,131.6376,134.7554,PENDING_AG03,FALSE,NOT_FOR_ENFORCEMENT,162.0155,234591.6392,168.7661,162.0155,6.7506,0.00062781,0.00060270,6.7506,162.0155,0.00060270,6.7506,6.7506,6.7506,8.4383,8.4383,162.0155,0.00060270,37.1285,34.0107,131.6376,134.7554,0.00048969,0.00050129,0.00002511,43.0246,43.5591,0.0301,2.0581,0.0627,3278.2661,68.4146,17.6798,46.9397,25.7155,39.4976,52.6635,77.1466,82.2897,128.5777,31.4111,0.0,2.083411,3.25533,1.089297,30,192,222,8,0.05498276,0.00062781,0.08642944,0E-8,0.000000,0.909041,0.000000,-0.09079372,2026-03-23,2026-08-06,82,2690,1181,137,0.598540,0.376650,0.410924,0.183276,,,,,,,,GLOBAL_BASELINE_NO_ENTITY_RANKING,,,NOT_APPLICABLE_GLOBAL_BASELINE,HF9g-P5,,,,X 全窗基线 · 不参与实体赏罚,6877574,688,A168_HF9F_20260827_0900,2026-08-27 09:00:00
2026-06-09,70460261,1210,0,288.0139892509,-177.6943451539,-177.6943451539,0.3333333,5,3,0.45756602583334361,0.355620933333,-0.4319129229073258,-0.08064167904833064,-0.4319129229073258,0.10194509250034361,ELIGIBLE,R03b_20260811_FULL_v1,L1_ELIGIBILITY,v2026-08-11,2026-03-21..2026-08-06,baccarat_bet02_101_all_pairs_incl_sentinel,round_win = game_pnl > 0 (decisive only),COMPATIBILITY_ONLY_NOT_PRODUCTION,268817.8208,244366.2908,168.7661,6248,5610,-0.00062781,-0.08642944,0.00436428,-0.00062781,-168.7661,268817.8208,OK,0.0000,6.7506,4.0000,96.0000,AG03-UNRESOLVED,ALL5_LEVELS_bet23_to_bet27,6.7506,6.7506,6.7506,8.4383,8.4383,4.000000,4.000000,4.000000,5.000000,5.000000,96.000000,96.000000,96.000000,95.000000,95.000000,5.0,37.1285,34.0107,131.6376,134.7554,PENDING_AG03,FALSE,NOT_FOR_ENFORCEMENT,162.0155,234591.6392,168.7661,162.0155,6.7506,0.00062781,0.00060270,6.7506,162.0155,0.00060270,6.7506,6.7506,6.7506,8.4383,8.4383,162.0155,0.00060270,37.1285,34.0107,131.6376,134.7554,0.00048969,0.00050129,0.00002511,43.0246,43.5591,0.0301,2.0581,0.0627,3278.2661,68.4146,17.6798,46.9397,25.7155,39.4976,52.6635,77.1466,82.2897,128.5777,31.4111,0.0,2.083411,3.25533,1.089297,30,192,222,8,0.05498276,0.00062781,0.08642944,0E-8,0.000000,0.909041,0.000000,-0.09079372,2026-03-23,2026-08-06,82,2690,1181,137,0.598540,0.376650,0.410924,0.183276,,,,,,,,GLOBAL_BASELINE_NO_ENTITY_RANKING,,,NOT_APPLICABLE_GLOBAL_BASELINE,HF9g-P5,,,,X 全窗基线 · 不参与实体赏罚,6877575,688,A168_HF9F_20260827_0900,2026-08-27 09:00:00
2026-06-09,70460261,1306,0,243.7832694731,-39.8590788695,-39.8590788695,0.5000000,3,3,0.50218230000000000,0.502182300000,-0.00617253530718887,-0.00617253530718887,-0.00617253530718887,0E-17,ELIGIBLE,R03b_20260811_FULL_v1,L1_ELIGIBILITY,v2026-08-11,2026-03-21..2026-08-06,baccarat_bet02_101_all_pairs_incl_sentinel,round_win = game_pnl > 0 (decisive only),COMPATIBILITY_ONLY_NOT_PRODUCTION,268817.8208,244366.2908,168.7661,6248,5610,-0.00062781,-0.08642944,0.00436428,-0.00062781,-168.7661,268817.8208,OK,0.0000,6.7506,4.0000,96.0000,AG03-UNRESOLVED,ALL5_LEVELS_bet23_to_bet27,6.7506,6.7506,6.7506,8.4383,8.4383,4.000000,4.000000,4.000000,5.000000,5.000000,96.000000,96.000000,96.000000,95.000000,95.000000,5.0,37.1285,34.0107,131.6376,134.7554,PENDING_AG03,FALSE,NOT_FOR_ENFORCEMENT,162.0155,234591.6392,168.7661,162.0155,6.7506,0.00062781,0.00060270,6.7506,162.0155,0.00060270,6.7506,6.7506,6.7506,8.4383,8.4383,162.0155,0.00060270,37.1285,34.0107,131.6376,134.7554,0.00048969,0.00050129,0.00002511,43.0246,43.5591,0.0301,2.0581,0.0627,3278.2661,68.4146,17.6798,46.9397,25.7155,39.4976,52.6635,77.1466,82.2897,128.5777,31.4111,0.0,2.083411,3.25533,1.089297,30,192,222,8,0.05498276,0.00062781,0.08642944,0E-8,0.000000,0.909041,0.000000,-0.09079372,2026-03-23,2026-08-06,82,2690,1181,137,0.598540,0.376650,0.410924,0.183276,,,,,,,,GLOBAL_BASELINE_NO_ENTITY_RANKING,,,NOT_APPLICABLE_GLOBAL_BASELINE,HF9g-P5,,,,X 全窗基线 · 不参与实体赏罚,6877576,688,A168_HF9F_20260827_0900,2026-08-27 09:00:00
2026-06-09,70460261,1318,0,426.8778769254,-21.4724715200,-21.4724715200,0.5000000,7,7,0.50665070000000000,0.506650700000,-0.032584525537284574,-0.032584525537284574,-0.032584525537284574,0E-17,ELIGIBLE,R03b_20260811_FULL_v1,L1_ELIGIBILITY,v2026-08-11,2026-03-21..2026-08-06,baccarat_bet02_101_all_pairs_incl_sentinel,round_win = game_pnl > 0 (decisive only),COMPATIBILITY_ONLY_NOT_PRODUCTION,268817.8208,244366.2908,168.7661,6248,5610,-0.00062781,-0.08642944,0.00436428,-0.00062781,-168.7661,268817.8208,OK,0.0000,6.7506,4.0000,96.0000,AG03-UNRESOLVED,ALL5_LEVELS_bet23_to_bet27,6.7506,6.7506,6.7506,8.4383,8.4383,4.000000,4.000000,4.000000,5.000000,5.000000,96.000000,96.000000,96.000000,95.000000,95.000000,5.0,37.1285,34.0107,131.6376,134.7554,PENDING_AG03,FALSE,NOT_FOR_ENFORCEMENT,162.0155,234591.6392,168.7661,162.0155,6.7506,0.00062781,0.00060270,6.7506,162.0155,0.00060270,6.7506,6.7506,6.7506,8.4383,8.4383,162.0155,0.00060270,37.1285,34.0107,131.6376,134.7554,0.00048969,0.00050129,0.00002511,43.0246,43.5591,0.0301,2.0581,0.0627,3278.2661,68.4146,17.6798,46.9397,25.7155,39.4976,52.6635,77.1466,82.2897,128.5777,31.4111,0.0,2.083411,3.25533,1.089297,30,192,222,8,0.05498276,0.00062781,0.08642944,0E-8,0.000000,0.909041,0.000000,-0.09079372,2026-03-23,2026-08-06,82,2690,1181,137,0.598540,0.376650,0.410924,0.183276,,,,,,,,GLOBAL_BASELINE_NO_ENTITY_RANKING,,,NOT_APPLICABLE_GLOBAL_BASELINE,HF9g-P5,,,,X 全窗基线 · 不参与实体赏罚,6877577,688,A168_HF9F_20260827_0900,2026-08-27 09:00:00
2026-06-09,70460261,1330,0,378.0183608918,-124.7203435595,-124.7203435595,0.3333333,6,6,0.50218230000000000,0.502182300000,-0.8271955028234007,-0.8271955028234007,-0.8271955028234007,0E-17,ELIGIBLE,R03b_20260811_FULL_v1,L1_ELIGIBILITY,v2026-08-11,2026-03-21..2026-08-06,baccarat_bet02_101_all_pairs_incl_sentinel,round_win = game_pnl > 0 (decisive only),COMPATIBILITY_ONLY_NOT_PRODUCTION,268817.8208,244366.2908,168.7661,6248,5610,-0.00062781,-0.08642944,0.00436428,-0.00062781,-168.7661,268817.8208,OK,0.0000,6.7506,4.0000,96.0000,AG03-UNRESOLVED,ALL5_LEVELS_bet23_to_bet27,6.7506,6.7506,6.7506,8.4383,8.4383,4.000000,4.000000,4.000000,5.000000,5.000000,96.000000,96.000000,96.000000,95.000000,95.000000,5.0,37.1285,34.0107,131.6376,134.7554,PENDING_AG03,FALSE,NOT_FOR_ENFORCEMENT,162.0155,234591.6392,168.7661,162.0155,6.7506,0.00062781,0.00060270,6.7506,162.0155,0.00060270,6.7506,6.7506,6.7506,8.4383,8.4383,162.0155,0.00060270,37.1285,34.0107,131.6376,134.7554,0.00048969,0.00050129,0.00002511,43.0246,43.5591,0.0301,2.0581,0.0627,3278.2661,68.4146,17.6798,46.9397,25.7155,39.4976,52.6635,77.1466,82.2897,128.5777,31.4111,0.0,2.083411,3.25533,1.089297,30,192,222,8,0.05498276,0.00062781,0.08642944,0E-8,0.000000,0.909041,0.000000,-0.09079372,2026-03-23,2026-08-06,82,2690,1181,137,0.598540,0.376650,0.410924,0.183276,,,,,,,,GLOBAL_BASELINE_NO_ENTITY_RANKING,,,NOT_APPLICABLE_GLOBAL_BASELINE,HF9g-P5,,,,X 全窗基线 · 不参与实体赏罚,6877578,688,A168_HF9F_20260827_0900,2026-08-27 09:00:00
2026-06-09,70460261,1331,0,663.4607966673,-262.2984544964,-262.2984544964,0.4285714,12,7,0.45523017065018917,0.343962414286,-0.14163370973243675,0.47124396375863714,-0.14163370973243675,0.11126775636418917,ELIGIBLE,R03b_20260811_FULL_v1,L1_ELIGIBILITY,v2026-08-11,2026-03-21..2026-08-06,baccarat_bet02_101_all_pairs_incl_sentinel,round_win = game_pnl > 0 (decisive only),COMPATIBILITY_ONLY_NOT_PRODUCTION,268817.8208,244366.2908,168.7661,6248,5610,-0.00062781,-0.08642944,0.00436428,-0.00062781,-168.7661,268817.8208,OK,0.0000,6.7506,4.0000,96.0000,AG03-UNRESOLVED,ALL5_LEVELS_bet23_to_bet27,6.7506,6.7506,6.7506,8.4383,8.4383,4.000000,4.000000,4.000000,5.000000,5.000000,96.000000,96.000000,96.000000,95.000000,95.000000,5.0,37.1285,34.0107,131.6376,134.7554,PENDING_AG03,FALSE,NOT_FOR_ENFORCEMENT,162.0155,234591.6392,168.7661,162.0155,6.7506,0.00062781,0.00060270,6.7506,162.0155,0.00060270,6.7506,6.7506,6.7506,8.4383,8.4383,162.0155,0.00060270,37.1285,34.0107,131.6376,134.7554,0.00048969,0.00050129,0.00002511,43.0246,43.5591,0.0301,2.0581,0.0627,3278.2661,68.4146,17.6798,46.9397,25.7155,39.4976,52.6635,77.1466,82.2897,128.5777,31.4111,0.0,2.083411,3.25533,1.089297,30,192,222,8,0.05498276,0.00062781,0.08642944,0E-8,0.000000,0.909041,0.000000,-0.09079372,2026-03-23,2026-08-06,82,2690,1181,137,0.598540,0.376650,0.410924,0.183276,,,,,,,,GLOBAL_BASELINE_NO_ENTITY_RANKING,,,NOT_APPLICABLE_GLOBAL_BASELINE,HF9g-P5,,,,X 全窗基线 · 不参与实体赏罚,6877579,688,A168_HF9F_20260827_0900,2026-08-27 09:00:00
2026-06-09,70460261,1353,0,102.8621390181,47.5737392960,47.5737392960,1.0000000,2,1,0.39337837500011012,0.280106050000,1.241805854663576,1.6031457840727341,1.241805854663576,0.11327232500011012,ELIGIBLE,R03b_20260811_FULL_v1,L1_ELIGIBILITY,v2026-08-11,2026-03-21..2026-08-06,baccarat_bet02_101_all_pairs_incl_sentinel,round_win = game_pnl > 0 (decisive only),COMPATIBILITY_ONLY_NOT_PRODUCTION,268817.8208,244366.2908,168.7661,6248,5610,-0.00062781,-0.08642944,0.00436428,-0.00062781,-168.7661,268817.8208,OK,0.0000,6.7506,4.0000,96.0000,AG03-UNRESOLVED,ALL5_LEVELS_bet23_to_bet27,6.7506,6.7506,6.7506,8.4383,8.4383,4.000000,4.000000,4.000000,5.000000,5.000000,96.000000,96.000000,96.000000,95.000000,95.000000,5.0,37.1285,34.0107,131.6376,134.7554,PENDING_AG03,FALSE,NOT_FOR_ENFORCEMENT,162.0155,234591.6392,168.7661,162.0155,6.7506,0.00062781,0.00060270,6.7506,162.0155,0.00060270,6.7506,6.7506,6.7506,8.4383,8.4383,162.0155,0.00060270,37.1285,34.0107,131.6376,134.7554,0.00048969,0.00050129,0.00002511,43.0246,43.5591,0.0301,2.0581,0.0627,3278.2661,68.4146,17.6798,46.9397,25.7155,39.4976,52.6635,77.1466,82.2897,128.5777,31.4111,0.0,2.083411,3.25533,1.089297,30,192,222,8,0.05498276,0.00062781,0.08642944,0E-8,0.000000,0.909041,0.000000,-0.09079372,2026-03-23,2026-08-06,82,2690,1181,137,0.598540,0.376650,0.410924,0.183276,,,,,,,,GLOBAL_BASELINE_NO_ENTITY_RANKING,,,NOT_APPLICABLE_GLOBAL_BASELINE,HF9g-P5,,,,X 全窗基线 · 不参与实体赏罚,6877580,688,A168_HF9F_20260827_0900,2026-08-27 09:00:00
2026-06-09,70460261,1382,0,77.1466042636,-77.1466042636,-77.1466042636,0E-7,1,1,0.50665070000000000,0.506650700000,-1.013391052207602,-1.013391052207602,-1.013391052207602,0E-17,ELIGIBLE,R03b_20260811_FULL_v1,L1_ELIGIBILITY,v2026-08-11,2026-03-21..2026-08-06,baccarat_bet02_101_all_pairs_incl_sentinel,round_win = game_pnl > 0 (decisive only),COMPATIBILITY_ONLY_NOT_PRODUCTION,268817.8208,244366.2908,168.7661,6248,5610,-0.00062781,-0.08642944,0.00436428,-0.00062781,-168.7661,268817.8208,OK,0.0000,6.7506,4.0000,96.0000,AG03-UNRESOLVED,ALL5_LEVELS_bet23_to_bet27,6.7506,6.7506,6.7506,8.4383,8.4383,4.000000,4.000000,4.000000,5.000000,5.000000,96.000000,96.000000,96.000000,95.000000,95.000000,5.0,37.1285,34.0107,131.6376,134.7554,PENDING_AG03,FALSE,NOT_FOR_ENFORCEMENT,162.0155,234591.6392,168.7661,162.0155,6.7506,0.00062781,0.00060270,6.7506,162.0155,0.00060270,6.7506,6.7506,6.7506,8.4383,8.4383,162.0155,0.00060270,37.1285,34.0107,131.6376,134.7554,0.00048969,0.00050129,0.00002511,43.0246,43.5591,0.0301,2.0581,0.0627,3278.2661,68.4146,17.6798,46.9397,25.7155,39.4976,52.6635,77.1466,82.2897,128.5777,31.4111,0.0,2.083411,3.25533,1.089297,30,192,222,8,0.05498276,0.00062781,0.08642944,0E-8,0.000000,0.909041,0.000000,-0.09079372,2026-03-23,2026-08-06,82,2690,1181,137,0.598540,0.376650,0.410924,0.183276,,,,,,,,GLOBAL_BASELINE_NO_ENTITY_RANKING,,,NOT_APPLICABLE_GLOBAL_BASELINE,HF9g-P5,,,,X 全窗基线 · 不参与实体赏罚,6877581,688,A168_HF9F_20260827_0900,2026-08-27 09:00:00
2026-06-09,70460261,1385,0,154.2932085273,-154.2932085273,-154.2932085273,0E-7,2,2,0.50665070000000000,0.506650700000,-1.4331513700195317,-1.4331513700195317,-1.4331513700195317,0E-17,ELIGIBLE,R03b_20260811_FULL_v1,L1_ELIGIBILITY,v2026-08-11,2026-03-21..2026-08-06,baccarat_bet02_101_all_pairs_incl_sentinel,round_win = game_pnl > 0 (decisive only),COMPATIBILITY_ONLY_NOT_PRODUCTION,268817.8208,244366.2908,168.7661,6248,5610,-0.00062781,-0.08642944,0.00436428,-0.00062781,-168.7661,268817.8208,OK,0.0000,6.7506,4.0000,96.0000,AG03-UNRESOLVED,ALL5_LEVELS_bet23_to_bet27,6.7506,6.7506,6.7506,8.4383,8.4383,4.000000,4.000000,4.000000,5.000000,5.000000,96.000000,96.000000,96.000000,95.000000,95.000000,5.0,37.1285,34.0107,131.6376,134.7554,PENDING_AG03,FALSE,NOT_FOR_ENFORCEMENT,162.0155,234591.6392,168.7661,162.0155,6.7506,0.00062781,0.00060270,6.7506,162.0155,0.00060270,6.7506,6.7506,6.7506,8.4383,8.4383,162.0155,0.00060270,37.1285,34.0107,131.6376,134.7554,0.00048969,0.00050129,0.00002511,43.0246,43.5591,0.0301,2.0581,0.0627,3278.2661,68.4146,17.6798,46.9397,25.7155,39.4976,52.6635,77.1466,82.2897,128.5777,31.4111,0.0,2.083411,3.25533,1.089297,30,192,222,8,0.05498276,0.00062781,0.08642944,0E-8,0.000000,0.909041,0.000000,-0.09079372,2026-03-23,2026-08-06,82,2690,1181,137,0.598540,0.376650,0.410924,0.183276,,,,,,,,GLOBAL_BASELINE_NO_ENTITY_RANKING,,,NOT_APPLICABLE_GLOBAL_BASELINE,HF9g-P5,,,,X 全窗基线 · 不参与实体赏罚,6877582,688,A168_HF9F_20260827_0900,2026-08-27 09:00:00
2026-06-09,70460261,1399,0,115.7199063955,-115.7199063955,-115.7199063955,0E-7,2,2,0.50665070000000000,0.506650700000,-1.4331513700195317,-1.4331513700195317,-1.4331513700195317,0E-17,ELIGIBLE,R03b_20260811_FULL_v1,L1_ELIGIBILITY,v2026-08-11,2026-03-21..2026-08-06,baccarat_bet02_101_all_pairs_incl_sentinel,round_win = game_pnl > 0 (decisive only),COMPATIBILITY_ONLY_NOT_PRODUCTION,268817.8208,244366.2908,168.7661,6248,5610,-0.00062781,-0.08642944,0.00436428,-0.00062781,-168.7661,268817.8208,OK,0.0000,6.7506,4.0000,96.0000,AG03-UNRESOLVED,ALL5_LEVELS_bet23_to_bet27,6.7506,6.7506,6.7506,8.4383,8.4383,4.000000,4.000000,4.000000,5.000000,5.000000,96.000000,96.000000,96.000000,95.000000,95.000000,5.0,37.1285,34.0107,131.6376,134.7554,PENDING_AG03,FALSE,NOT_FOR_ENFORCEMENT,162.0155,234591.6392,168.7661,162.0155,6.7506,0.00062781,0.00060270,6.7506,162.0155,0.00060270,6.7506,6.7506,6.7506,8.4383,8.4383,162.0155,0.00060270,37.1285,34.0107,131.6376,134.7554,0.00048969,0.00050129,0.00002511,43.0246,43.5591,0.0301,2.0581,0.0627,3278.2661,68.4146,17.6798,46.9397,25.7155,39.4976,52.6635,77.1466,82.2897,128.5777,31.4111,0.0,2.083411,3.25533,1.089297,30,192,222,8,0.05498276,0.00062781,0.08642944,0E-8,0.000000,0.909041,0.000000,-0.09079372,2026-03-23,2026-08-06,82,2690,1181,137,0.598540,0.376650,0.410924,0.183276,,,,,,,,GLOBAL_BASELINE_NO_ENTITY_RANKING,,,NOT_APPLICABLE_GLOBAL_BASELINE,HF9g-P5,,,,X 全窗基线 · 不参与实体赏罚,6877583,688,A168_HF9F_20260827_0900,2026-08-27 09:00:00
2026-06-09,70460261,1490,0,659.3463111064,12.8063363078,12.8063363078,0.5555556,12,9,0.46889325833331294,0.431135816667,0.5209829977328944,0.7537011765840123,0.5209829977328944,0.03775744166631294,ELIGIBLE,R03b_20260811_FULL_v1,L1_ELIGIBILITY,v2026-08-11,2026-03-21..2026-08-06,baccarat_bet02_101_all_pairs_incl_sentinel,round_win = game_pnl > 0 (decisive only),COMPATIBILITY_ONLY_NOT_PRODUCTION,268817.8208,244366.2908,168.7661,6248,5610,-0.00062781,-0.08642944,0.00436428,-0.00062781,-168.7661,268817.8208,OK,0.0000,6.7506,4.0000,96.0000,AG03-UNRESOLVED,ALL5_LEVELS_bet23_to_bet27,6.7506,6.7506,6.7506,8.4383,8.4383,4.000000,4.000000,4.000000,5.000000,5.000000,96.000000,96.000000,96.000000,95.000000,95.000000,5.0,37.1285,34.0107,131.6376,134.7554,PENDING_AG03,FALSE,NOT_FOR_ENFORCEMENT,162.0155,234591.6392,168.7661,162.0155,6.7506,0.00062781,0.00060270,6.7506,162.0155,0.00060270,6.7506,6.7506,6.7506,8.4383,8.4383,162.0155,0.00060270,37.1285,34.0107,131.6376,134.7554,0.00048969,0.00050129,0.00002511,43.0246,43.5591,0.0301,2.0581,0.0627,3278.2661,68.4146,17.6798,46.9397,25.7155,39.4976,52.6635,77.1466,82.2897,128.5777,31.4111,0.0,2.083411,3.25533,1.089297,30,192,222,8,0.05498276,0.00062781,0.08642944,0E-8,0.000000,0.909041,0.000000,-0.09079372,2026-03-23,2026-08-06,82,2690,1181,137,0.598540,0.376650,0.410924,0.183276,,,,,,,,GLOBAL_BASELINE_NO_ENTITY_RANKING,,,NOT_APPLICABLE_GLOBAL_BASELINE,HF9g-P5,,,,X 全窗基线 · 不参与实体赏罚,6877584,688,A168_HF9F_20260827_0900,2026-08-27 09:00:00
2026-06-09,70460261,1505,0,359.5031758685,67.6575719393,67.6575719393,0.6000000,8,5,0.45047953062395709,0.370723910000,0.6719797499258271,1.0614458788521095,0.6719797499258271,0.07975562062395709,ELIGIBLE,R03b_20260811_FULL_v1,L1_ELIGIBILITY,v2026-08-11,2026-03-21..2026-08-06,baccarat_bet02_101_all_pairs_incl_sentinel,round_win = game_pnl > 0 (decisive only),COMPATIBILITY_ONLY_NOT_PRODUCTION,268817.8208,244366.2908,168.7661,6248,5610,-0.00062781,-0.08642944,0.00436428,-0.00062781,-168.7661,268817.8208,OK,0.0000,6.7506,4.0000,96.0000,AG03-UNRESOLVED,ALL5_LEVELS_bet23_to_bet27,6.7506,6.7506,6.7506,8.4383,8.4383,4.000000,4.000000,4.000000,5.000000,5.000000,96.000000,96.000000,96.000000,95.000000,95.000000,5.0,37.1285,34.0107,131.6376,134.7554,PENDING_AG03,FALSE,NOT_FOR_ENFORCEMENT,162.0155,234591.6392,168.7661,162.0155,6.7506,0.00062781,0.00060270,6.7506,162.0155,0.00060270,6.7506,6.7506,6.7506,8.4383,8.4383,162.0155,0.00060270,37.1285,34.0107,131.6376,134.7554,0.00048969,0.00050129,0.00002511,43.0246,43.5591,0.0301,2.0581,0.0627,3278.2661,68.4146,17.6798,46.9397,25.7155,39.4976,52.6635,77.1466,82.2897,128.5777,31.4111,0.0,2.083411,3.25533,1.089297,30,192,222,8,0.05498276,0.00062781,0.08642944,0E-8,0.000000,0.909041,0.000000,-0.09079372,2026-03-23,2026-08-06,82,2690,1181,137,0.598540,0.376650,0.410924,0.183276,,,,,,,,GLOBAL_BASELINE_NO_ENTITY_RANKING,,,NOT_APPLICABLE_GLOBAL_BASELINE,HF9g-P5,,,,X 全窗基线 · 不参与实体赏罚,6877585,688,A168_HF9F_20260827_0900,2026-08-27 09:00:00
2026-06-09,70460261,1507,0,251.7550852469,-36.2589040039,-36.2589040039,0.5000000,5,4,0.48327064411766230,0.439960637500,0.06695491154684233,0.24190780470361914,0.06695491154684233,0.04331000661766230,ELIGIBLE,R03b_20260811_FULL_v1,L1_ELIGIBILITY,v2026-08-11,2026-03-21..2026-08-06,baccarat_bet02_101_all_pairs_incl_sentinel,round_win = game_pnl > 0 (decisive only),COMPATIBILITY_ONLY_NOT_PRODUCTION,268817.8208,244366.2908,168.7661,6248,5610,-0.00062781,-0.08642944,0.00436428,-0.00062781,-168.7661,268817.8208,OK,0.0000,6.7506,4.0000,96.0000,AG03-UNRESOLVED,ALL5_LEVELS_bet23_to_bet27,6.7506,6.7506,6.7506,8.4383,8.4383,4.000000,4.000000,4.000000,5.000000,5.000000,96.000000,96.000000,96.000000,95.000000,95.000000,5.0,37.1285,34.0107,131.6376,134.7554,PENDING_AG03,FALSE,NOT_FOR_ENFORCEMENT,162.0155,234591.6392,168.7661,162.0155,6.7506,0.00062781,0.00060270,6.7506,162.0155,0.00060270,6.7506,6.7506,6.7506,8.4383,8.4383,162.0155,0.00060270,37.1285,34.0107,131.6376,134.7554,0.00048969,0.00050129,0.00002511,43.0246,43.5591,0.0301,2.0581,0.0627,3278.2661,68.4146,17.6798,46.9397,25.7155,39.4976,52.6635,77.1466,82.2897,128.5777,31.4111,0.0,2.083411,3.25533,1.089297,30,192,222,8,0.05498276,0.00062781,0.08642944,0E-8,0.000000,0.909041,0.000000,-0.09079372,2026-03-23,2026-08-06,82,2690,1181,137,0.598540,0.376650,0.410924,0.183276,,,,,,,,GLOBAL_BASELINE_NO_ENTITY_RANKING,,,NOT_APPLICABLE_GLOBAL_BASELINE,HF9g-P5,,,,X 全窗基线 · 不参与实体赏罚,6877586,688,A168_HF9F_20260827_0900,2026-08-27 09:00:00
2026-06-09,70460261,1509,0,252.7837066371,-50.6981767685,-50.6981767685,0.5000000,4,2,0.42385456052033069,0.280106050000,0.21791363287811535,0.6925207201862208,0.21791363287811535,0.14374851052033069,ELIGIBLE,R03b_20260811_FULL_v1,L1_ELIGIBILITY,v2026-08-11,2026-03-21..2026-08-06,baccarat_bet02_101_all_pairs_incl_sentinel,round_win = game_pnl > 0 (decisive only),COMPATIBILITY_ONLY_NOT_PRODUCTION,268817.8208,244366.2908,168.7661,6248,5610,-0.00062781,-0.08642944,0.00436428,-0.00062781,-168.7661,268817.8208,OK,0.0000,6.7506,4.0000,96.0000,AG03-UNRESOLVED,ALL5_LEVELS_bet23_to_bet27,6.7506,6.7506,6.7506,8.4383,8.4383,4.000000,4.000000,4.000000,5.000000,5.000000,96.000000,96.000000,96.000000,95.000000,95.000000,5.0,37.1285,34.0107,131.6376,134.7554,PENDING_AG03,FALSE,NOT_FOR_ENFORCEMENT,162.0155,234591.6392,168.7661,162.0155,6.7506,0.00062781,0.00060270,6.7506,162.0155,0.00060270,6.7506,6.7506,6.7506,8.4383,8.4383,162.0155,0.00060270,37.1285,34.0107,131.6376,134.7554,0.00048969,0.00050129,0.00002511,43.0246,43.5591,0.0301,2.0581,0.0627,3278.2661,68.4146,17.6798,46.9397,25.7155,39.4976,52.6635,77.1466,82.2897,128.5777,31.4111,0.0,2.083411,3.25533,1.089297,30,192,222,8,0.05498276,0.00062781,0.08642944,0E-8,0.000000,0.909041,0.000000,-0.09079372,2026-03-23,2026-08-06,82,2690,1181,137,0.598540,0.376650,0.410924,0.183276,,,,,,,,GLOBAL_BASELINE_NO_ENTITY_RANKING,,,NOT_APPLICABLE_GLOBAL_BASELINE,HF9g-P5,,,,X 全窗基线 · 不参与实体赏罚,6877587,688,A168_HF9F_20260827_0900,2026-08-27 09:00:00
2026-06-09,70460261,1623,0,928.0736492914,210.3530742924,210.3530742924,0.5000000,17,12,0.46409321994472427,0.407788695833,0.24941343682479541,0.650008221243568,0.24941343682479541,0.05630452411172427,ELIGIBLE,R03b_20260811_FULL_v1,L1_ELIGIBILITY,v2026-08-11,2026-03-21..2026-08-06,baccarat_bet02_101_all_pairs_incl_sentinel,round_win = game_pnl > 0 (decisive only),COMPATIBILITY_ONLY_NOT_PRODUCTION,268817.8208,244366.2908,168.7661,6248,5610,-0.00062781,-0.08642944,0.00436428,-0.00062781,-168.7661,268817.8208,OK,0.0000,6.7506,4.0000,96.0000,AG03-UNRESOLVED,ALL5_LEVELS_bet23_to_bet27,6.7506,6.7506,6.7506,8.4383,8.4383,4.000000,4.000000,4.000000,5.000000,5.000000,96.000000,96.000000,96.000000,95.000000,95.000000,5.0,37.1285,34.0107,131.6376,134.7554,PENDING_AG03,FALSE,NOT_FOR_ENFORCEMENT,162.0155,234591.6392,168.7661,162.0155,6.7506,0.00062781,0.00060270,6.7506,162.0155,0.00060270,6.7506,6.7506,6.7506,8.4383,8.4383,162.0155,0.00060270,37.1285,34.0107,131.6376,134.7554,0.00048969,0.00050129,0.00002511,43.0246,43.5591,0.0301,2.0581,0.0627,3278.2661,68.4146,17.6798,46.9397,25.7155,39.4976,52.6635,77.1466,82.2897,128.5777,31.4111,0.0,2.083411,3.25533,1.089297,30,192,222,8,0.05498276,0.00062781,0.08642944,0E-8,0.000000,0.909041,0.000000,-0.09079372,2026-03-23,2026-08-06,82,2690,1181,137,0.598540,0.376650,0.410924,0.183276,,,,,,,,GLOBAL_BASELINE_NO_ENTITY_RANKING,,,NOT_APPLICABLE_GLOBAL_BASELINE,HF9g-P5,,,,X 全窗基线 · 不参与实体赏罚,6877588,688,A168_HF9F_20260827_0900,2026-08-27 09:00:00
2026-06-09,70460261,1704,0,714.6347108289,259.0968704192,259.0968704192,0.8000000,15,11,0.47753262965361162,0.438850081818,2.041524817137114,2.301388703539915,2.041524817137114,0.03868254783561162,ELIGIBLE,R03b_20260811_FULL_v1,L1_ELIGIBILITY,v2026-08-11,2026-03-21..2026-08-06,baccarat_bet02_101_all_pairs_incl_sentinel,round_win = game_pnl > 0 (decisive only),COMPATIBILITY_ONLY_NOT_PRODUCTION,268817.8208,244366.2908,168.7661,6248,5610,-0.00062781,-0.08642944,0.00436428,-0.00062781,-168.7661,268817.8208,OK,0.0000,6.7506,4.0000,96.0000,AG03-UNRESOLVED,ALL5_LEVELS_bet23_to_bet27,6.7506,6.7506,6.7506,8.4383,8.4383,4.000000,4.000000,4.000000,5.000000,5.000000,96.000000,96.000000,96.000000,95.000000,95.000000,5.0,37.1285,34.0107,131.6376,134.7554,PENDING_AG03,FALSE,NOT_FOR_ENFORCEMENT,162.0155,234591.6392,168.7661,162.0155,6.7506,0.00062781,0.00060270,6.7506,162.0155,0.00060270,6.7506,6.7506,6.7506,8.4383,8.4383,162.0155,0.00060270,37.1285,34.0107,131.6376,134.7554,0.00048969,0.00050129,0.00002511,43.0246,43.5591,0.0301,2.0581,0.0627,3278.2661,68.4146,17.6798,46.9397,25.7155,39.4976,52.6635,77.1466,82.2897,128.5777,31.4111,0.0,2.083411,3.25533,1.089297,30,192,222,8,0.05498276,0.00062781,0.08642944,0E-8,0.000000,0.909041,0.000000,-0.09079372,2026-03-23,2026-08-06,82,2690,1181,137,0.598540,0.376650,0.410924,0.183276,,,,,,,,GLOBAL_BASELINE_NO_ENTITY_RANKING,,,NOT_APPLICABLE_GLOBAL_BASELINE,HF9g-P5,,,,X 全窗基线 · 不参与实体赏罚,6877589,688,A168_HF9F_20260827_0900,2026-08-27 09:00:00
2026-06-09,70460261,1710,0,527.1684624681,196.2095301773,196.2095301773,0.7142857,9,8,0.49081600937501377,0.476656968750,1.1826900559350015,1.2587856957808403,1.1826900559350015,0.01415904062501377,ELIGIBLE,R03b_20260811_FULL_v1,L1_ELIGIBILITY,v2026-08-11,2026-03-21..2026-08-06,baccarat_bet02_101_all_pairs_incl_sentinel,round_win = game_pnl > 0 (decisive only),COMPATIBILITY_ONLY_NOT_PRODUCTION,268817.8208,244366.2908,168.7661,6248,5610,-0.00062781,-0.08642944,0.00436428,-0.00062781,-168.7661,268817.8208,OK,0.0000,6.7506,4.0000,96.0000,AG03-UNRESOLVED,ALL5_LEVELS_bet23_to_bet27,6.7506,6.7506,6.7506,8.4383,8.4383,4.000000,4.000000,4.000000,5.000000,5.000000,96.000000,96.000000,96.000000,95.000000,95.000000,5.0,37.1285,34.0107,131.6376,134.7554,PENDING_AG03,FALSE,NOT_FOR_ENFORCEMENT,162.0155,234591.6392,168.7661,162.0155,6.7506,0.00062781,0.00060270,6.7506,162.0155,0.00060270,6.7506,6.7506,6.7506,8.4383,8.4383,162.0155,0.00060270,37.1285,34.0107,131.6376,134.7554,0.00048969,0.00050129,0.00002511,43.0246,43.5591,0.0301,2.0581,0.0627,3278.2661,68.4146,17.6798,46.9397,25.7155,39.4976,52.6635,77.1466,82.2897,128.5777,31.4111,0.0,2.083411,3.25533,1.089297,30,192,222,8,0.05498276,0.00062781,0.08642944,0E-8,0.000000,0.909041,0.000000,-0.09079372,2026-03-23,2026-08-06,82,2690,1181,137,0.598540,0.376650,0.410924,0.183276,,,,,,,,GLOBAL_BASELINE_NO_ENTITY_RANKING,,,NOT_APPLICABLE_GLOBAL_BASELINE,HF9g-P5,,,,X 全窗基线 · 不参与实体赏罚,6877590,688,A168_HF9F_20260827_0900,2026-08-27 09:00:00
2026-06-09,70460261,1714,0,102.8621390181,47.5737392960,47.5737392960,1.0000000,2,1,0.39337837500011012,0.280106050000,1.241805854663576,1.6031457840727341,1.241805854663576,0.11327232500011012,ELIGIBLE,R03b_20260811_FULL_v1,L1_ELIGIBILITY,v2026-08-11,2026-03-21..2026-08-06,baccarat_bet02_101_all_pairs_incl_sentinel,round_win = game_pnl > 0 (decisive only),COMPATIBILITY_ONLY_NOT_PRODUCTION,268817.8208,244366.2908,168.7661,6248,5610,-0.00062781,-0.08642944,0.00436428,-0.00062781,-168.7661,268817.8208,OK,0.0000,6.7506,4.0000,96.0000,AG03-UNRESOLVED,ALL5_LEVELS_bet23_to_bet27,6.7506,6.7506,6.7506,8.4383,8.4383,4.000000,4.000000,4.000000,5.000000,5.000000,96.000000,96.000000,96.000000,95.000000,95.000000,5.0,37.1285,34.0107,131.6376,134.7554,PENDING_AG03,FALSE,NOT_FOR_ENFORCEMENT,162.0155,234591.6392,168.7661,162.0155,6.7506,0.00062781,0.00060270,6.7506,162.0155,0.00060270,6.7506,6.7506,6.7506,8.4383,8.4383,162.0155,0.00060270,37.1285,34.0107,131.6376,134.7554,0.00048969,0.00050129,0.00002511,43.0246,43.5591,0.0301,2.0581,0.0627,3278.2661,68.4146,17.6798,46.9397,25.7155,39.4976,52.6635,77.1466,82.2897,128.5777,31.4111,0.0,2.083411,3.25533,1.089297,30,192,222,8,0.05498276,0.00062781,0.08642944,0E-8,0.000000,0.909041,0.000000,-0.09079372,2026-03-23,2026-08-06,82,2690,1181,137,0.598540,0.376650,0.410924,0.183276,,,,,,,,GLOBAL_BASELINE_NO_ENTITY_RANKING,,,NOT_APPLICABLE_GLOBAL_BASELINE,HF9g-P5,,,,X 全窗基线 · 不参与实体赏罚,6877591,688,A168_HF9F_20260827_0900,2026-08-27 09:00:00
2026-06-09,70460261,1940,0,77.1466042636,-77.1466042636,-77.1466042636,0E-7,1,1,0.50665070000000000,0.506650700000,-1.013391052207602,-1.013391052207602,-1.013391052207602,0E-17,ELIGIBLE,R03b_20260811_FULL_v1,L1_ELIGIBILITY,v2026-08-11,2026-03-21..2026-08-06,baccarat_bet02_101_all_pairs_incl_sentinel,round_win = game_pnl > 0 (decisive only),COMPATIBILITY_ONLY_NOT_PRODUCTION,268817.8208,244366.2908,168.7661,6248,5610,-0.00062781,-0.08642944,0.00436428,-0.00062781,-168.7661,268817.8208,OK,0.0000,6.7506,4.0000,96.0000,AG03-UNRESOLVED,ALL5_LEVELS_bet23_to_bet27,6.7506,6.7506,6.7506,8.4383,8.4383,4.000000,4.000000,4.000000,5.000000,5.000000,96.000000,96.000000,96.000000,95.000000,95.000000,5.0,37.1285,34.0107,131.6376,134.7554,PENDING_AG03,FALSE,NOT_FOR_ENFORCEMENT,162.0155,234591.6392,168.7661,162.0155,6.7506,0.00062781,0.00060270,6.7506,162.0155,0.00060270,6.7506,6.7506,6.7506,8.4383,8.4383,162.0155,0.00060270,37.1285,34.0107,131.6376,134.7554,0.00048969,0.00050129,0.00002511,43.0246,43.5591,0.0301,2.0581,0.0627,3278.2661,68.4146,17.6798,46.9397,25.7155,39.4976,52.6635,77.1466,82.2897,128.5777,31.4111,0.0,2.083411,3.25533,1.089297,30,192,222,8,0.05498276,0.00062781,0.08642944,0E-8,0.000000,0.909041,0.000000,-0.09079372,2026-03-23,2026-08-06,82,2690,1181,137,0.598540,0.376650,0.410924,0.183276,,,,,,,,GLOBAL_BASELINE_NO_ENTITY_RANKING,,,NOT_APPLICABLE_GLOBAL_BASELINE,HF9g-P5,,,,X 全窗基线 · 不参与实体赏罚,6877592,688,A168_HF9F_20260827_0900,2026-08-27 09:00:00
2026-06-09,70460261,1952,0,100.2905855427,-100.2905855427,-100.2905855427,0E-7,2,1,0.40209163076916127,0.280106050000,-0.8200591913068448,-0.6237735893609975,-0.8200591913068448,0.12198558076916127,ELIGIBLE,R03b_20260811_FULL_v1,L1_ELIGIBILITY,v2026-08-11,2026-03-21..2026-08-06,baccarat_bet02_101_all_pairs_incl_sentinel,round_win = game_pnl > 0 (decisive only),COMPATIBILITY_ONLY_NOT_PRODUCTION,268817.8208,244366.2908,168.7661,6248,5610,-0.00062781,-0.08642944,0.00436428,-0.00062781,-168.7661,268817.8208,OK,0.0000,6.7506,4.0000,96.0000,AG03-UNRESOLVED,ALL5_LEVELS_bet23_to_bet27,6.7506,6.7506,6.7506,8.4383,8.4383,4.000000,4.000000,4.000000,5.000000,5.000000,96.000000,96.000000,96.000000,95.000000,95.000000,5.0,37.1285,34.0107,131.6376,134.7554,PENDING_AG03,FALSE,NOT_FOR_ENFORCEMENT,162.0155,234591.6392,168.7661,162.0155,6.7506,0.00062781,0.00060270,6.7506,162.0155,0.00060270,6.7506,6.7506,6.7506,8.4383,8.4383,162.0155,0.00060270,37.1285,34.0107,131.6376,134.7554,0.00048969,0.00050129,0.00002511,43.0246,43.5591,0.0301,2.0581,0.0627,3278.2661,68.4146,17.6798,46.9397,25.7155,39.4976,52.6635,77.1466,82.2897,128.5777,31.4111,0.0,2.083411,3.25533,1.089297,30,192,222,8,0.05498276,0.00062781,0.08642944,0E-8,0.000000,0.909041,0.000000,-0.09079372,2026-03-23,2026-08-06,82,2690,1181,137,0.598540,0.376650,0.410924,0.183276,,,,,,,,GLOBAL_BASELINE_NO_ENTITY_RANKING,,,NOT_APPLICABLE_GLOBAL_BASELINE,HF9g-P5,,,,X 全窗基线 · 不参与实体赏罚,6877593,688,A168_HF9F_20260827_0900,2026-08-27 09:00:00
2026-06-09,70460261,1957,0,97.7190320672,-97.7190320672,-97.7190320672,0E-7,2,1,0.41126347894746603,0.280106050000,-0.8357946442713557,-0.6237735893609975,-0.8357946442713557,0.13115742894746603,ELIGIBLE,R03b_20260811_FULL_v1,L1_ELIGIBILITY,v2026-08-11,2026-03-21..2026-08-06,baccarat_bet02_101_all_pairs_incl_sentinel,round_win = game_pnl > 0 (decisive only),COMPATIBILITY_ONLY_NOT_PRODUCTION,268817.8208,244366.2908,168.7661,6248,5610,-0.00062781,-0.08642944,0.00436428,-0.00062781,-168.7661,268817.8208,OK,0.0000,6.7506,4.0000,96.0000,AG03-UNRESOLVED,ALL5_LEVELS_bet23_to_bet27,6.7506,6.7506,6.7506,8.4383,8.4383,4.000000,4.000000,4.000000,5.000000,5.000000,96.000000,96.000000,96.000000,95.000000,95.000000,5.0,37.1285,34.0107,131.6376,134.7554,PENDING_AG03,FALSE,NOT_FOR_ENFORCEMENT,162.0155,234591.6392,168.7661,162.0155,6.7506,0.00062781,0.00060270,6.7506,162.0155,0.00060270,6.7506,6.7506,6.7506,8.4383,8.4383,162.0155,0.00060270,37.1285,34.0107,131.6376,134.7554,0.00048969,0.00050129,0.00002511,43.0246,43.5591,0.0301,2.0581,0.0627,3278.2661,68.4146,17.6798,46.9397,25.7155,39.4976,52.6635,77.1466,82.2897,128.5777,31.4111,0.0,2.083411,3.25533,1.089297,30,192,222,8,0.05498276,0.00062781,0.08642944,0E-8,0.000000,0.909041,0.000000,-0.09079372,2026-03-23,2026-08-06,82,2690,1181,137,0.598540,0.376650,0.410924,0.183276,,,,,,,,GLOBAL_BASELINE_NO_ENTITY_RANKING,,,NOT_APPLICABLE_GLOBAL_BASELINE,HF9g-P5,,,,X 全窗基线 · 不参与实体赏罚,6877594,688,A168_HF9F_20260827_0900,2026-08-27 09:00:00
2026-06-09,70460261,1963,0,612.0297271583,200.3240157379,200.3240157379,0.7142857,11,7,0.46065884228356926,0.377196614286,1.3462409541242701,1.8400700399932237,1.3462409541242701,0.08346222799756926,ELIGIBLE,R03b_20260811_FULL_v1,L1_ELIGIBILITY,v2026-08-11,2026-03-21..2026-08-06,baccarat_bet02_101_all_pairs_incl_sentinel,round_win = game_pnl > 0 (decisive only),COMPATIBILITY_ONLY_NOT_PRODUCTION,268817.8208,244366.2908,168.7661,6248,5610,-0.00062781,-0.08642944,0.00436428,-0.00062781,-168.7661,268817.8208,OK,0.0000,6.7506,4.0000,96.0000,AG03-UNRESOLVED,ALL5_LEVELS_bet23_to_bet27,6.7506,6.7506,6.7506,8.4383,8.4383,4.000000,4.000000,4.000000,5.000000,5.000000,96.000000,96.000000,96.000000,95.000000,95.000000,5.0,37.1285,34.0107,131.6376,134.7554,PENDING_AG03,FALSE,NOT_FOR_ENFORCEMENT,162.0155,234591.6392,168.7661,162.0155,6.7506,0.00062781,0.00060270,6.7506,162.0155,0.00060270,6.7506,6.7506,6.7506,8.4383,8.4383,162.0155,0.00060270,37.1285,34.0107,131.6376,134.7554,0.00048969,0.00050129,0.00002511,43.0246,43.5591,0.0301,2.0581,0.0627,3278.2661,68.4146,17.6798,46.9397,25.7155,39.4976,52.6635,77.1466,82.2897,128.5777,31.4111,0.0,2.083411,3.25533,1.089297,30,192,222,8,0.05498276,0.00062781,0.08642944,0E-8,0.000000,0.909041,0.000000,-0.09079372,2026-03-23,2026-08-06,82,2690,1181,137,0.598540,0.376650,0.410924,0.183276,,,,,,,,GLOBAL_BASELINE_NO_ENTITY_RANKING,,,NOT_APPLICABLE_GLOBAL_BASELINE,HF9g-P5,,,,X 全窗基线 · 不参与实体赏罚,6877595,688,A168_HF9F_20260827_0900,2026-08-27 09:00:00
2026-06-09,70460261,2103,0,765.2943142952,49.5024044026,49.5024044026,0.4285714,14,9,0.45857438926767395,0.397934455556,-0.1593084592478174,0.1656026243557366,-0.1593084592478174,0.06063993371167395,ELIGIBLE,R03b_20260811_FULL_v1,L1_ELIGIBILITY,v2026-08-11,2026-03-21..2026-08-06,baccarat_bet02_101_all_pairs_incl_sentinel,round_win = game_pnl > 0 (decisive only),COMPATIBILITY_ONLY_NOT_PRODUCTION,268817.8208,244366.2908,168.7661,6248,5610,-0.00062781,-0.08642944,0.00436428,-0.00062781,-168.7661,268817.8208,OK,0.0000,6.7506,4.0000,96.0000,AG03-UNRESOLVED,ALL5_LEVELS_bet23_to_bet27,6.7506,6.7506,6.7506,8.4383,8.4383,4.000000,4.000000,4.000000,5.000000,5.000000,96.000000,96.000000,96.000000,95.000000,95.000000,5.0,37.1285,34.0107,131.6376,134.7554,PENDING_AG03,FALSE,NOT_FOR_ENFORCEMENT,162.0155,234591.6392,168.7661,162.0155,6.7506,0.00062781,0.00060270,6.7506,162.0155,0.00060270,6.7506,6.7506,6.7506,8.4383,8.4383,162.0155,0.00060270,37.1285,34.0107,131.6376,134.7554,0.00048969,0.00050129,0.00002511,43.0246,43.5591,0.0301,2.0581,0.0627,3278.2661,68.4146,17.6798,46.9397,25.7155,39.4976,52.6635,77.1466,82.2897,128.5777,31.4111,0.0,2.083411,3.25533,1.089297,30,192,222,8,0.05498276,0.00062781,0.08642944,0E-8,0.000000,0.909041,0.000000,-0.09079372,2026-03-23,2026-08-06,82,2690,1181,137,0.598540,0.376650,0.410924,0.183276,,,,,,,,GLOBAL_BASELINE_NO_ENTITY_RANKING,,,NOT_APPLICABLE_GLOBAL_BASELINE,HF9g-P5,,,,X 全窗基线 · 不参与实体赏罚,6877596,688,A168_HF9F_20260827_0900,2026-08-27 09:00:00
2026-06-09,70460261,2108,0,313.7295240055,29.0585542726,29.0585542726,0.5000000,5,5,0.50396966000000000,0.503969660000,-0.0158791404612453,-0.0158791404612453,-0.0158791404612453,0E-17,ELIGIBLE,R03b_20260811_FULL_v1,L1_ELIGIBILITY,v2026-08-11,2026-03-21..2026-08-06,baccarat_bet02_101_all_pairs_incl_sentinel,round_win = game_pnl > 0 (decisive only),COMPATIBILITY_ONLY_NOT_PRODUCTION,268817.8208,244366.2908,168.7661,6248,5610,-0.00062781,-0.08642944,0.00436428,-0.00062781,-168.7661,268817.8208,OK,0.0000,6.7506,4.0000,96.0000,AG03-UNRESOLVED,ALL5_LEVELS_bet23_to_bet27,6.7506,6.7506,6.7506,8.4383,8.4383,4.000000,4.000000,4.000000,5.000000,5.000000,96.000000,96.000000,96.000000,95.000000,95.000000,5.0,37.1285,34.0107,131.6376,134.7554,PENDING_AG03,FALSE,NOT_FOR_ENFORCEMENT,162.0155,234591.6392,168.7661,162.0155,6.7506,0.00062781,0.00060270,6.7506,162.0155,0.00060270,6.7506,6.7506,6.7506,8.4383,8.4383,162.0155,0.00060270,37.1285,34.0107,131.6376,134.7554,0.00048969,0.00050129,0.00002511,43.0246,43.5591,0.0301,2.0581,0.0627,3278.2661,68.4146,17.6798,46.9397,25.7155,39.4976,52.6635,77.1466,82.2897,128.5777,31.4111,0.0,2.083411,3.25533,1.089297,30,192,222,8,0.05498276,0.00062781,0.08642944,0E-8,0.000000,0.909041,0.000000,-0.09079372,2026-03-23,2026-08-06,82,2690,1181,137,0.598540,0.376650,0.410924,0.183276,,,,,,,,GLOBAL_BASELINE_NO_ENTITY_RANKING,,,NOT_APPLICABLE_GLOBAL_BASELINE,HF9g-P5,,,,X 全窗基线 · 不参与实体赏罚,6877597,688,A168_HF9F_20260827_0900,2026-08-27 09:00:00
2026-06-09,70460261,2115,0,102.8621390182,0E-10,0E-10,,2,2,0.50665070000000000,0.506650700000,,,,0E-17,NO_DECISIVE_ROUND,R03b_20260811_FULL_v1,L1_ELIGIBILITY,v2026-08-11,2026-03-21..2026-08-06,baccarat_bet02_101_all_pairs_incl_sentinel,round_win = game_pnl > 0 (decisive only),COMPATIBILITY_ONLY_NOT_PRODUCTION,268817.8208,244366.2908,168.7661,6248,5610,-0.00062781,-0.08642944,0.00436428,-0.00062781,-168.7661,268817.8208,OK,0.0000,6.7506,4.0000,96.0000,AG03-UNRESOLVED,ALL5_LEVELS_bet23_to_bet27,6.7506,6.7506,6.7506,8.4383,8.4383,4.000000,4.000000,4.000000,5.000000,5.000000,96.000000,96.000000,96.000000,95.000000,95.000000,5.0,37.1285,34.0107,131.6376,134.7554,PENDING_AG03,FALSE,NOT_FOR_ENFORCEMENT,162.0155,234591.6392,168.7661,162.0155,6.7506,0.00062781,0.00060270,6.7506,162.0155,0.00060270,6.7506,6.7506,6.7506,8.4383,8.4383,162.0155,0.00060270,37.1285,34.0107,131.6376,134.7554,0.00048969,0.00050129,0.00002511,43.0246,43.5591,0.0301,2.0581,0.0627,3278.2661,68.4146,17.6798,46.9397,25.7155,39.4976,52.6635,77.1466,82.2897,128.5777,31.4111,0.0,2.083411,3.25533,1.089297,30,192,222,8,0.05498276,0.00062781,0.08642944,0E-8,0.000000,0.909041,0.000000,-0.09079372,2026-03-23,2026-08-06,82,2690,1181,137,0.598540,0.376650,0.410924,0.183276,,,,,,,,GLOBAL_BASELINE_NO_ENTITY_RANKING,,,NOT_APPLICABLE_GLOBAL_BASELINE,HF9g-P5,,,,X 全窗基线 · 不参与实体赏罚,6877598,688,A168_HF9F_20260827_0900,2026-08-27 09:00:00
2026-06-09,70460261,2117,0,51.4310695091,51.4310695091,51.4310695091,1.0000000,1,1,0.49324550000000000,0.493245500000,1.01360149184955,1.01360149184955,1.01360149184955,0E-17,ELIGIBLE,R03b_20260811_FULL_v1,L1_ELIGIBILITY,v2026-08-11,2026-03-21..2026-08-06,baccarat_bet02_101_all_pairs_incl_sentinel,round_win = game_pnl > 0 (decisive only),COMPATIBILITY_ONLY_NOT_PRODUCTION,268817.8208,244366.2908,168.7661,6248,5610,-0.00062781,-0.08642944,0.00436428,-0.00062781,-168.7661,268817.8208,OK,0.0000,6.7506,4.0000,96.0000,AG03-UNRESOLVED,ALL5_LEVELS_bet23_to_bet27,6.7506,6.7506,6.7506,8.4383,8.4383,4.000000,4.000000,4.000000,5.000000,5.000000,96.000000,96.000000,96.000000,95.000000,95.000000,5.0,37.1285,34.0107,131.6376,134.7554,PENDING_AG03,FALSE,NOT_FOR_ENFORCEMENT,162.0155,234591.6392,168.7661,162.0155,6.7506,0.00062781,0.00060270,6.7506,162.0155,0.00060270,6.7506,6.7506,6.7506,8.4383,8.4383,162.0155,0.00060270,37.1285,34.0107,131.6376,134.7554,0.00048969,0.00050129,0.00002511,43.0246,43.5591,0.0301,2.0581,0.0627,3278.2661,68.4146,17.6798,46.9397,25.7155,39.4976,52.6635,77.1466,82.2897,128.5777,31.4111,0.0,2.083411,3.25533,1.089297,30,192,222,8,0.05498276,0.00062781,0.08642944,0E-8,0.000000,0.909041,0.000000,-0.09079372,2026-03-23,2026-08-06,82,2690,1181,137,0.598540,0.376650,0.410924,0.183276,,,,,,,,GLOBAL_BASELINE_NO_ENTITY_RANKING,,,NOT_APPLICABLE_GLOBAL_BASELINE,HF9g-P5,,,,X 全窗基线 · 不参与实体赏罚,6877599,688,A168_HF9F_20260827_0900,2026-08-27 09:00:00
2026-06-09,70460261,2127,0,282.8708823000,25.7155347546,25.7155347546,0.5000000,4,4,0.49324550000000000,0.493245500000,0.027020465636507562,0.027020465636507562,0.027020465636507562,0E-17,ELIGIBLE,R03b_20260811_FULL_v1,L1_ELIGIBILITY,v2026-08-11,2026-03-21..2026-08-06,baccarat_bet02_101_all_pairs_incl_sentinel,round_win = game_pnl > 0 (decisive only),COMPATIBILITY_ONLY_NOT_PRODUCTION,268817.8208,244366.2908,168.7661,6248,5610,-0.00062781,-0.08642944,0.00436428,-0.00062781,-168.7661,268817.8208,OK,0.0000,6.7506,4.0000,96.0000,AG03-UNRESOLVED,ALL5_LEVELS_bet23_to_bet27,6.7506,6.7506,6.7506,8.4383,8.4383,4.000000,4.000000,4.000000,5.000000,5.000000,96.000000,96.000000,96.000000,95.000000,95.000000,5.0,37.1285,34.0107,131.6376,134.7554,PENDING_AG03,FALSE,NOT_FOR_ENFORCEMENT,162.0155,234591.6392,168.7661,162.0155,6.7506,0.00062781,0.00060270,6.7506,162.0155,0.00060270,6.7506,6.7506,6.7506,8.4383,8.4383,162.0155,0.00060270,37.1285,34.0107,131.6376,134.7554,0.00048969,0.00050129,0.00002511,43.0246,43.5591,0.0301,2.0581,0.0627,3278.2661,68.4146,17.6798,46.9397,25.7155,39.4976,52.6635,77.1466,82.2897,128.5777,31.4111,0.0,2.083411,3.25533,1.089297,30,192,222,8,0.05498276,0.00062781,0.08642944,0E-8,0.000000,0.909041,0.000000,-0.09079372,2026-03-23,2026-08-06,82,2690,1181,137,0.598540,0.376650,0.410924,0.183276,,,,,,,,GLOBAL_BASELINE_NO_ENTITY_RANKING,,,NOT_APPLICABLE_GLOBAL_BASELINE,HF9g-P5,,,,X 全窗基线 · 不参与实体赏罚,6877600,688,A168_HF9F_20260827_0900,2026-08-27 09:00:00
2026-06-09,70460261,2130,0,696.8909918480,-24.9440687117,-24.9440687117,0.5000000,13,8,0.46755735449452643,0.365060293750,0.18391086709057425,0.7927499276696549,0.18391086709057425,0.10249706074452643,ELIGIBLE,R03b_20260811_FULL_v1,L1_ELIGIBILITY,v2026-08-11,2026-03-21..2026-08-06,baccarat_bet02_101_all_pairs_incl_sentinel,round_win = game_pnl > 0 (decisive only),COMPATIBILITY_ONLY_NOT_PRODUCTION,268817.8208,244366.2908,168.7661,6248,5610,-0.00062781,-0.08642944,0.00436428,-0.00062781,-168.7661,268817.8208,OK,0.0000,6.7506,4.0000,96.0000,AG03-UNRESOLVED,ALL5_LEVELS_bet23_to_bet27,6.7506,6.7506,6.7506,8.4383,8.4383,4.000000,4.000000,4.000000,5.000000,5.000000,96.000000,96.000000,96.000000,95.000000,95.000000,5.0,37.1285,34.0107,131.6376,134.7554,PENDING_AG03,FALSE,NOT_FOR_ENFORCEMENT,162.0155,234591.6392,168.7661,162.0155,6.7506,0.00062781,0.00060270,6.7506,162.0155,0.00060270,6.7506,6.7506,6.7506,8.4383,8.4383,162.0155,0.00060270,37.1285,34.0107,131.6376,134.7554,0.00048969,0.00050129,0.00002511,43.0246,43.5591,0.0301,2.0581,0.0627,3278.2661,68.4146,17.6798,46.9397,25.7155,39.4976,52.6635,77.1466,82.2897,128.5777,31.4111,0.0,2.083411,3.25533,1.089297,30,192,222,8,0.05498276,0.00062781,0.08642944,0E-8,0.000000,0.909041,0.000000,-0.09079372,2026-03-23,2026-08-06,82,2690,1181,137,0.598540,0.376650,0.410924,0.183276,,,,,,,,GLOBAL_BASELINE_NO_ENTITY_RANKING,,,NOT_APPLICABLE_GLOBAL_BASELINE,HF9g-P5,,,,X 全窗基线 · 不参与实体赏罚,6877601,688,A168_HF9F_20260827_0900,2026-08-27 09:00:00
2026-06-09,70460261,2142,0,129.8634505104,-51.4310695090,-51.4310695090,0E-7,3,2,0.45071374938281004,0.393378375000,-1.2810498711916751,-1.138836281904872,-1.2810498711916751,0.05733537438281004,ELIGIBLE,R03b_20260811_FULL_v1,L1_ELIGIBILITY,v2026-08-11,2026-03-21..2026-08-06,baccarat_bet02_101_all_pairs_incl_sentinel,round_win = game_pnl > 0 (decisive only),COMPATIBILITY_ONLY_NOT_PRODUCTION,268817.8208,244366.2908,168.7661,6248,5610,-0.00062781,-0.08642944,0.00436428,-0.00062781,-168.7661,268817.8208,OK,0.0000,6.7506,4.0000,96.0000,AG03-UNRESOLVED,ALL5_LEVELS_bet23_to_bet27,6.7506,6.7506,6.7506,8.4383,8.4383,4.000000,4.000000,4.000000,5.000000,5.000000,96.000000,96.000000,96.000000,95.000000,95.000000,5.0,37.1285,34.0107,131.6376,134.7554,PENDING_AG03,FALSE,NOT_FOR_ENFORCEMENT,162.0155,234591.6392,168.7661,162.0155,6.7506,0.00062781,0.00060270,6.7506,162.0155,0.00060270,6.7506,6.7506,6.7506,8.4383,8.4383,162.0155,0.00060270,37.1285,34.0107,131.6376,134.7554,0.00048969,0.00050129,0.00002511,43.0246,43.5591,0.0301,2.0581,0.0627,3278.2661,68.4146,17.6798,46.9397,25.7155,39.4976,52.6635,77.1466,82.2897,128.5777,31.4111,0.0,2.083411,3.25533,1.089297,30,192,222,8,0.05498276,0.00062781,0.08642944,0E-8,0.000000,0.909041,0.000000,-0.09079372,2026-03-23,2026-08-06,82,2690,1181,137,0.598540,0.376650,0.410924,0.183276,,,,,,,,GLOBAL_BASELINE_NO_ENTITY_RANKING,,,NOT_APPLICABLE_GLOBAL_BASELINE,HF9g-P5,,,,X 全窗基线 · 不参与实体赏罚,6877602,688,A168_HF9F_20260827_0900,2026-08-27 09:00:00
2026-06-09,70460261,2147,0,308.5864170545,-32.7873068120,-32.7873068120,0.5000000,5,4,0.47728380092590780,0.450014537500,0.09095871886107258,0.20094853003010038,0.09095871886107258,0.02726926342590780,ELIGIBLE,R03b_20260811_FULL_v1,L1_ELIGIBILITY,v2026-08-11,2026-03-21..2026-08-06,baccarat_bet02_101_all_pairs_incl_sentinel,round_win = game_pnl > 0 (decisive only),COMPATIBILITY_ONLY_NOT_PRODUCTION,268817.8208,244366.2908,168.7661,6248,5610,-0.00062781,-0.08642944,0.00436428,-0.00062781,-168.7661,268817.8208,OK,0.0000,6.7506,4.0000,96.0000,AG03-UNRESOLVED,ALL5_LEVELS_bet23_to_bet27,6.7506,6.7506,6.7506,8.4383,8.4383,4.000000,4.000000,4.000000,5.000000,5.000000,96.000000,96.000000,96.000000,95.000000,95.000000,5.0,37.1285,34.0107,131.6376,134.7554,PENDING_AG03,FALSE,NOT_FOR_ENFORCEMENT,162.0155,234591.6392,168.7661,162.0155,6.7506,0.00062781,0.00060270,6.7506,162.0155,0.00060270,6.7506,6.7506,6.7506,8.4383,8.4383,162.0155,0.00060270,37.1285,34.0107,131.6376,134.7554,0.00048969,0.00050129,0.00002511,43.0246,43.5591,0.0301,2.0581,0.0627,3278.2661,68.4146,17.6798,46.9397,25.7155,39.4976,52.6635,77.1466,82.2897,128.5777,31.4111,0.0,2.083411,3.25533,1.089297,30,192,222,8,0.05498276,0.00062781,0.08642944,0E-8,0.000000,0.909041,0.000000,-0.09079372,2026-03-23,2026-08-06,82,2690,1181,137,0.598540,0.376650,0.410924,0.183276,,,,,,,,GLOBAL_BASELINE_NO_ENTITY_RANKING,,,NOT_APPLICABLE_GLOBAL_BASELINE,HF9g-P5,,,,X 全窗基线 · 不参与实体赏罚,6877603,688,A168_HF9F_20260827_0900,2026-08-27 09:00:00
2026-06-09,70460261,2152,0,102.8621390182,-102.8621390182,-102.8621390182,0E-7,3,1,0.38845464999979625,0.213803233333,-0.796995424470412,-0.5214846238917924,-0.796995424470412,0.17465141666679625,ELIGIBLE,R03b_20260811_FULL_v1,L1_ELIGIBILITY,v2026-08-11,2026-03-21..2026-08-06,baccarat_bet02_101_all_pairs_incl_sentinel,round_win = game_pnl > 0 (decisive only),COMPATIBILITY_ONLY_NOT_PRODUCTION,268817.8208,244366.2908,168.7661,6248,5610,-0.00062781,-0.08642944,0.00436428,-0.00062781,-168.7661,268817.8208,OK,0.0000,6.7506,4.0000,96.0000,AG03-UNRESOLVED,ALL5_LEVELS_bet23_to_bet27,6.7506,6.7506,6.7506,8.4383,8.4383,4.000000,4.000000,4.000000,5.000000,5.000000,96.000000,96.000000,96.000000,95.000000,95.000000,5.0,37.1285,34.0107,131.6376,134.7554,PENDING_AG03,FALSE,NOT_FOR_ENFORCEMENT,162.0155,234591.6392,168.7661,162.0155,6.7506,0.00062781,0.00060270,6.7506,162.0155,0.00060270,6.7506,6.7506,6.7506,8.4383,8.4383,162.0155,0.00060270,37.1285,34.0107,131.6376,134.7554,0.00048969,0.00050129,0.00002511,43.0246,43.5591,0.0301,2.0581,0.0627,3278.2661,68.4146,17.6798,46.9397,25.7155,39.4976,52.6635,77.1466,82.2897,128.5777,31.4111,0.0,2.083411,3.25533,1.089297,30,192,222,8,0.05498276,0.00062781,0.08642944,0E-8,0.000000,0.909041,0.000000,-0.09079372,2026-03-23,2026-08-06,82,2690,1181,137,0.598540,0.376650,0.410924,0.183276,,,,,,,,GLOBAL_BASELINE_NO_ENTITY_RANKING,,,NOT_APPLICABLE_GLOBAL_BASELINE,HF9g-P5,,,,X 全窗基线 · 不参与实体赏罚,6877604,688,A168_HF9F_20260827_0900,2026-08-27 09:00:00
2026-06-09,70460261,2156,0,257.1553475455,257.1553475455,257.1553475455,1.0000000,5,5,0.49324550000000000,0.493245500000,2.266481837870793,2.266481837870793,2.266481837870793,0E-17,ELIGIBLE,R03b_20260811_FULL_v1,L1_ELIGIBILITY,v2026-08-11,2026-03-21..2026-08-06,baccarat_bet02_101_all_pairs_incl_sentinel,round_win = game_pnl > 0 (decisive only),COMPATIBILITY_ONLY_NOT_PRODUCTION,268817.8208,244366.2908,168.7661,6248,5610,-0.00062781,-0.08642944,0.00436428,-0.00062781,-168.7661,268817.8208,OK,0.0000,6.7506,4.0000,96.0000,AG03-UNRESOLVED,ALL5_LEVELS_bet23_to_bet27,6.7506,6.7506,6.7506,8.4383,8.4383,4.000000,4.000000,4.000000,5.000000,5.000000,96.000000,96.000000,96.000000,95.000000,95.000000,5.0,37.1285,34.0107,131.6376,134.7554,PENDING_AG03,FALSE,NOT_FOR_ENFORCEMENT,162.0155,234591.6392,168.7661,162.0155,6.7506,0.00062781,0.00060270,6.7506,162.0155,0.00060270,6.7506,6.7506,6.7506,8.4383,8.4383,162.0155,0.00060270,37.1285,34.0107,131.6376,134.7554,0.00048969,0.00050129,0.00002511,43.0246,43.5591,0.0301,2.0581,0.0627,3278.2661,68.4146,17.6798,46.9397,25.7155,39.4976,52.6635,77.1466,82.2897,128.5777,31.4111,0.0,2.083411,3.25533,1.089297,30,192,222,8,0.05498276,0.00062781,0.08642944,0E-8,0.000000,0.909041,0.000000,-0.09079372,2026-03-23,2026-08-06,82,2690,1181,137,0.598540,0.376650,0.410924,0.183276,,,,,,,,GLOBAL_BASELINE_NO_ENTITY_RANKING,,,NOT_APPLICABLE_GLOBAL_BASELINE,HF9g-P5,,,,X 全窗基线 · 不参与实体赏罚,6877605,688,A168_HF9F_20260827_0900,2026-08-27 09:00:00
2026-06-09,70460261,2160,0,262.2984544963,-91.8044590736,-91.8044590736,0.3333333,4,3,0.47485495964915534,0.431135816667,-0.4908664104703473,-0.3420575356522062,-0.4908664104703473,0.04371914298215534,ELIGIBLE,R03b_20260811_FULL_v1,L1_ELIGIBILITY,v2026-08-11,2026-03-21..2026-08-06,baccarat_bet02_101_all_pairs_incl_sentinel,round_win = game_pnl > 0 (decisive only),COMPATIBILITY_ONLY_NOT_PRODUCTION,268817.8208,244366.2908,168.7661,6248,5610,-0.00062781,-0.08642944,0.00436428,-0.00062781,-168.7661,268817.8208,OK,0.0000,6.7506,4.0000,96.0000,AG03-UNRESOLVED,ALL5_LEVELS_bet23_to_bet27,6.7506,6.7506,6.7506,8.4383,8.4383,4.000000,4.000000,4.000000,5.000000,5.000000,96.000000,96.000000,96.000000,95.000000,95.000000,5.0,37.1285,34.0107,131.6376,134.7554,PENDING_AG03,FALSE,NOT_FOR_ENFORCEMENT,162.0155,234591.6392,168.7661,162.0155,6.7506,0.00062781,0.00060270,6.7506,162.0155,0.00060270,6.7506,6.7506,6.7506,8.4383,8.4383,162.0155,0.00060270,37.1285,34.0107,131.6376,134.7554,0.00048969,0.00050129,0.00002511,43.0246,43.5591,0.0301,2.0581,0.0627,3278.2661,68.4146,17.6798,46.9397,25.7155,39.4976,52.6635,77.1466,82.2897,128.5777,31.4111,0.0,2.083411,3.25533,1.089297,30,192,222,8,0.05498276,0.00062781,0.08642944,0E-8,0.000000,0.909041,0.000000,-0.09079372,2026-03-23,2026-08-06,82,2690,1181,137,0.598540,0.376650,0.410924,0.183276,,,,,,,,GLOBAL_BASELINE_NO_ENTITY_RANKING,,,NOT_APPLICABLE_GLOBAL_BASELINE,HF9g-P5,,,,X 全窗基线 · 不参与实体赏罚,6877606,688,A168_HF9F_20260827_0900,2026-08-27 09:00:00
2026-06-09,70460261,2171,0,464.9368683621,-284.9281250803,-284.9281250803,0E-7,7,4,0.44246304916669114,0.336742212500,-1.7816880691513983,-1.4250745927678579,-1.7816880691513983,0.10572083666669114,ELIGIBLE,R03b_20260811_FULL_v1,L1_ELIGIBILITY,v2026-08-11,2026-03-21..2026-08-06,baccarat_bet02_101_all_pairs_incl_sentinel,round_win = game_pnl > 0 (decisive only),COMPATIBILITY_ONLY_NOT_PRODUCTION,268817.8208,244366.2908,168.7661,6248,5610,-0.00062781,-0.08642944,0.00436428,-0.00062781,-168.7661,268817.8208,OK,0.0000,6.7506,4.0000,96.0000,AG03-UNRESOLVED,ALL5_LEVELS_bet23_to_bet27,6.7506,6.7506,6.7506,8.4383,8.4383,4.000000,4.000000,4.000000,5.000000,5.000000,96.000000,96.000000,96.000000,95.000000,95.000000,5.0,37.1285,34.0107,131.6376,134.7554,PENDING_AG03,FALSE,NOT_FOR_ENFORCEMENT,162.0155,234591.6392,168.7661,162.0155,6.7506,0.00062781,0.00060270,6.7506,162.0155,0.00060270,6.7506,6.7506,6.7506,8.4383,8.4383,162.0155,0.00060270,37.1285,34.0107,131.6376,134.7554,0.00048969,0.00050129,0.00002511,43.0246,43.5591,0.0301,2.0581,0.0627,3278.2661,68.4146,17.6798,46.9397,25.7155,39.4976,52.6635,77.1466,82.2897,128.5777,31.4111,0.0,2.083411,3.25533,1.089297,30,192,222,8,0.05498276,0.00062781,0.08642944,0E-8,0.000000,0.909041,0.000000,-0.09079372,2026-03-23,2026-08-06,82,2690,1181,137,0.598540,0.376650,0.410924,0.183276,,,,,,,,GLOBAL_BASELINE_NO_ENTITY_RANKING,,,NOT_APPLICABLE_GLOBAL_BASELINE,HF9g-P5,,,,X 全窗基线 · 不参与实体赏罚,6877607,688,A168_HF9F_20260827_0900,2026-08-27 09:00:00
2026-06-09,70460261,2174,0,128.5776737727,-128.5776737727,-128.5776737727,0E-7,2,1,0.41603284000014095,0.280106050000,-0.8440527600281129,-0.6237735893609975,-0.8440527600281129,0.13592679000014095,ELIGIBLE,R03b_20260811_FULL_v1,L1_ELIGIBILITY,v2026-08-11,2026-03-21..2026-08-06,baccarat_bet02_101_all_pairs_incl_sentinel,round_win = game_pnl > 0 (decisive only),COMPATIBILITY_ONLY_NOT_PRODUCTION,268817.8208,244366.2908,168.7661,6248,5610,-0.00062781,-0.08642944,0.00436428,-0.00062781,-168.7661,268817.8208,OK,0.0000,6.7506,4.0000,96.0000,AG03-UNRESOLVED,ALL5_LEVELS_bet23_to_bet27,6.7506,6.7506,6.7506,8.4383,8.4383,4.000000,4.000000,4.000000,5.000000,5.000000,96.000000,96.000000,96.000000,95.000000,95.000000,5.0,37.1285,34.0107,131.6376,134.7554,PENDING_AG03,FALSE,NOT_FOR_ENFORCEMENT,162.0155,234591.6392,168.7661,162.0155,6.7506,0.00062781,0.00060270,6.7506,162.0155,0.00060270,6.7506,6.7506,6.7506,8.4383,8.4383,162.0155,0.00060270,37.1285,34.0107,131.6376,134.7554,0.00048969,0.00050129,0.00002511,43.0246,43.5591,0.0301,2.0581,0.0627,3278.2661,68.4146,17.6798,46.9397,25.7155,39.4976,52.6635,77.1466,82.2897,128.5777,31.4111,0.0,2.083411,3.25533,1.089297,30,192,222,8,0.05498276,0.00062781,0.08642944,0E-8,0.000000,0.909041,0.000000,-0.09079372,2026-03-23,2026-08-06,82,2690,1181,137,0.598540,0.376650,0.410924,0.183276,,,,,,,,GLOBAL_BASELINE_NO_ENTITY_RANKING,,,NOT_APPLICABLE_GLOBAL_BASELINE,HF9g-P5,,,,X 全窗基线 · 不参与实体赏罚,6877608,688,A168_HF9F_20260827_0900,2026-08-27 09:00:00
2026-06-09,70460261,2175,0,282.8708823000,-30.2157533367,-30.2157533367,0.6666667,6,4,0.47361293854161467,0.393378375000,0.6696909624919747,0.9689859237369827,0.6696909624919747,0.08023456354161467,ELIGIBLE,R03b_20260811_FULL_v1,L1_ELIGIBILITY,v2026-08-11,2026-03-21..2026-08-06,baccarat_bet02_101_all_pairs_incl_sentinel,round_win = game_pnl > 0 (decisive only),COMPATIBILITY_ONLY_NOT_PRODUCTION,268817.8208,244366.2908,168.7661,6248,5610,-0.00062781,-0.08642944,0.00436428,-0.00062781,-168.7661,268817.8208,OK,0.0000,6.7506,4.0000,96.0000,AG03-UNRESOLVED,ALL5_LEVELS_bet23_to_bet27,6.7506,6.7506,6.7506,8.4383,8.4383,4.000000,4.000000,4.000000,5.000000,5.000000,96.000000,96.000000,96.000000,95.000000,95.000000,5.0,37.1285,34.0107,131.6376,134.7554,PENDING_AG03,FALSE,NOT_FOR_ENFORCEMENT,162.0155,234591.6392,168.7661,162.0155,6.7506,0.00062781,0.00060270,6.7506,162.0155,0.00060270,6.7506,6.7506,6.7506,8.4383,8.4383,162.0155,0.00060270,37.1285,34.0107,131.6376,134.7554,0.00048969,0.00050129,0.00002511,43.0246,43.5591,0.0301,2.0581,0.0627,3278.2661,68.4146,17.6798,46.9397,25.7155,39.4976,52.6635,77.1466,82.2897,128.5777,31.4111,0.0,2.083411,3.25533,1.089297,30,192,222,8,0.05498276,0.00062781,0.08642944,0E-8,0.000000,0.909041,0.000000,-0.09079372,2026-03-23,2026-08-06,82,2690,1181,137,0.598540,0.376650,0.410924,0.183276,,,,,,,,GLOBAL_BASELINE_NO_ENTITY_RANKING,,,NOT_APPLICABLE_GLOBAL_BASELINE,HF9g-P5,,,,X 全窗基线 · 不参与实体赏罚,6877609,688,A168_HF9F_20260827_0900,2026-08-27 09:00:00
2026-06-09,70460261,2177,0,51.4310695091,48.8595160336,48.8595160336,1.0000000,1,1,0.50665070000000000,0.506650700000,0.9867858985152569,0.9867858985152569,0.9867858985152569,0E-17,ELIGIBLE,R03b_20260811_FULL_v1,L1_ELIGIBILITY,v2026-08-11,2026-03-21..2026-08-06,baccarat_bet02_101_all_pairs_incl_sentinel,round_win = game_pnl > 0 (decisive only),COMPATIBILITY_ONLY_NOT_PRODUCTION,268817.8208,244366.2908,168.7661,6248,5610,-0.00062781,-0.08642944,0.00436428,-0.00062781,-168.7661,268817.8208,OK,0.0000,6.7506,4.0000,96.0000,AG03-UNRESOLVED,ALL5_LEVELS_bet23_to_bet27,6.7506,6.7506,6.7506,8.4383,8.4383,4.000000,4.000000,4.000000,5.000000,5.000000,96.000000,96.000000,96.000000,95.000000,95.000000,5.0,37.1285,34.0107,131.6376,134.7554,PENDING_AG03,FALSE,NOT_FOR_ENFORCEMENT,162.0155,234591.6392,168.7661,162.0155,6.7506,0.00062781,0.00060270,6.7506,162.0155,0.00060270,6.7506,6.7506,6.7506,8.4383,8.4383,162.0155,0.00060270,37.1285,34.0107,131.6376,134.7554,0.00048969,0.00050129,0.00002511,43.0246,43.5591,0.0301,2.0581,0.0627,3278.2661,68.4146,17.6798,46.9397,25.7155,39.4976,52.6635,77.1466,82.2897,128.5777,31.4111,0.0,2.083411,3.25533,1.089297,30,192,222,8,0.05498276,0.00062781,0.08642944,0E-8,0.000000,0.909041,0.000000,-0.09079372,2026-03-23,2026-08-06,82,2690,1181,137,0.598540,0.376650,0.410924,0.183276,,,,,,,,GLOBAL_BASELINE_NO_ENTITY_RANKING,,,NOT_APPLICABLE_GLOBAL_BASELINE,HF9g-P5,,,,X 全窗基线 · 不参与实体赏罚,6877610,688,A168_HF9F_20260827_0900,2026-08-27 09:00:00
2026-06-09,70460261,2202,0,280.2993288245,-29.5728649677,-29.5728649677,0.5000000,5,4,0.48712098879306679,0.450014537500,0.05153314315888171,0.20094853003010038,0.05153314315888171,0.03710645129306679,ELIGIBLE,R03b_20260811_FULL_v1,L1_ELIGIBILITY,v2026-08-11,2026-03-21..2026-08-06,baccarat_bet02_101_all_pairs_incl_sentinel,round_win = game_pnl > 0 (decisive only),COMPATIBILITY_ONLY_NOT_PRODUCTION,268817.8208,244366.2908,168.7661,6248,5610,-0.00062781,-0.08642944,0.00436428,-0.00062781,-168.7661,268817.8208,OK,0.0000,6.7506,4.0000,96.0000,AG03-UNRESOLVED,ALL5_LEVELS_bet23_to_bet27,6.7506,6.7506,6.7506,8.4383,8.4383,4.000000,4.000000,4.000000,5.000000,5.000000,96.000000,96.000000,96.000000,95.000000,95.000000,5.0,37.1285,34.0107,131.6376,134.7554,PENDING_AG03,FALSE,NOT_FOR_ENFORCEMENT,162.0155,234591.6392,168.7661,162.0155,6.7506,0.00062781,0.00060270,6.7506,162.0155,0.00060270,6.7506,6.7506,6.7506,8.4383,8.4383,162.0155,0.00060270,37.1285,34.0107,131.6376,134.7554,0.00048969,0.00050129,0.00002511,43.0246,43.5591,0.0301,2.0581,0.0627,3278.2661,68.4146,17.6798,46.9397,25.7155,39.4976,52.6635,77.1466,82.2897,128.5777,31.4111,0.0,2.083411,3.25533,1.089297,30,192,222,8,0.05498276,0.00062781,0.08642944,0E-8,0.000000,0.909041,0.000000,-0.09079372,2026-03-23,2026-08-06,82,2690,1181,137,0.598540,0.376650,0.410924,0.183276,,,,,,,,GLOBAL_BASELINE_NO_ENTITY_RANKING,,,NOT_APPLICABLE_GLOBAL_BASELINE,HF9g-P5,,,,X 全窗基线 · 不参与实体赏罚,6877611,688,A168_HF9F_20260827_0900,2026-08-27 09:00:00
2026-06-09,70460261,2205,0,720.0349731274,-224.7537737548,-224.7537737548,0.4444444,13,10,0.47460219968558436,0.436006265000,-0.18118042264844192,0.05104891391509447,-0.18118042264844192,0.03859593468558436,ELIGIBLE,R03b_20260811_FULL_v1,L1_ELIGIBILITY,v2026-08-11,2026-03-21..2026-08-06,baccarat_bet02_101_all_pairs_incl_sentinel,round_win = game_pnl > 0 (decisive only),COMPATIBILITY_ONLY_NOT_PRODUCTION,268817.8208,244366.2908,168.7661,6248,5610,-0.00062781,-0.08642944,0.00436428,-0.00062781,-168.7661,268817.8208,OK,0.0000,6.7506,4.0000,96.0000,AG03-UNRESOLVED,ALL5_LEVELS_bet23_to_bet27,6.7506,6.7506,6.7506,8.4383,8.4383,4.000000,4.000000,4.000000,5.000000,5.000000,96.000000,96.000000,96.000000,95.000000,95.000000,5.0,37.1285,34.0107,131.6376,134.7554,PENDING_AG03,FALSE,NOT_FOR_ENFORCEMENT,162.0155,234591.6392,168.7661,162.0155,6.7506,0.00062781,0.00060270,6.7506,162.0155,0.00060270,6.7506,6.7506,6.7506,8.4383,8.4383,162.0155,0.00060270,37.1285,34.0107,131.6376,134.7554,0.00048969,0.00050129,0.00002511,43.0246,43.5591,0.0301,2.0581,0.0627,3278.2661,68.4146,17.6798,46.9397,25.7155,39.4976,52.6635,77.1466,82.2897,128.5777,31.4111,0.0,2.083411,3.25533,1.089297,30,192,222,8,0.05498276,0.00062781,0.08642944,0E-8,0.000000,0.909041,0.000000,-0.09079372,2026-03-23,2026-08-06,82,2690,1181,137,0.598540,0.376650,0.410924,0.183276,,,,,,,,GLOBAL_BASELINE_NO_ENTITY_RANKING,,,NOT_APPLICABLE_GLOBAL_BASELINE,HF9g-P5,,,,X 全窗基线 · 不参与实体赏罚,6877612,688,A168_HF9F_20260827_0900,2026-08-27 09:00:00
2026-06-09,70460261,2209,0,77.1466042636,-77.1466042636,-77.1466042636,0E-7,1,1,0.50665070000000000,0.506650700000,-1.013391052207602,-1.013391052207602,-1.013391052207602,0E-17,ELIGIBLE,R03b_20260811_FULL_v1,L1_ELIGIBILITY,v2026-08-11,2026-03-21..2026-08-06,baccarat_bet02_101_all_pairs_incl_sentinel,round_win = game_pnl > 0 (decisive only),COMPATIBILITY_ONLY_NOT_PRODUCTION,268817.8208,244366.2908,168.7661,6248,5610,-0.00062781,-0.08642944,0.00436428,-0.00062781,-168.7661,268817.8208,OK,0.0000,6.7506,4.0000,96.0000,AG03-UNRESOLVED,ALL5_LEVELS_bet23_to_bet27,6.7506,6.7506,6.7506,8.4383,8.4383,4.000000,4.000000,4.000000,5.000000,5.000000,96.000000,96.000000,96.000000,95.000000,95.000000,5.0,37.1285,34.0107,131.6376,134.7554,PENDING_AG03,FALSE,NOT_FOR_ENFORCEMENT,162.0155,234591.6392,168.7661,162.0155,6.7506,0.00062781,0.00060270,6.7506,162.0155,0.00060270,6.7506,6.7506,6.7506,8.4383,8.4383,162.0155,0.00060270,37.1285,34.0107,131.6376,134.7554,0.00048969,0.00050129,0.00002511,43.0246,43.5591,0.0301,2.0581,0.0627,3278.2661,68.4146,17.6798,46.9397,25.7155,39.4976,52.6635,77.1466,82.2897,128.5777,31.4111,0.0,2.083411,3.25533,1.089297,30,192,222,8,0.05498276,0.00062781,0.08642944,0E-8,0.000000,0.909041,0.000000,-0.09079372,2026-03-23,2026-08-06,82,2690,1181,137,0.598540,0.376650,0.410924,0.183276,,,,,,,,GLOBAL_BASELINE_NO_ENTITY_RANKING,,,NOT_APPLICABLE_GLOBAL_BASELINE,HF9g-P5,,,,X 全窗基线 · 不参与实体赏罚,6877613,688,A168_HF9F_20260827_0900,2026-08-27 09:00:00
2026-06-09,70460261,2222,0,403.7338956463,-77.7894926325,-77.7894926325,0.6000000,8,5,0.44961286258867886,0.370723910000,0.6759929916127976,1.0614458788521095,0.6759929916127976,0.07888895258867886,ELIGIBLE,R03b_20260811_FULL_v1,L1_ELIGIBILITY,v2026-08-11,2026-03-21..2026-08-06,baccarat_bet02_101_all_pairs_incl_sentinel,round_win = game_pnl > 0 (decisive only),COMPATIBILITY_ONLY_NOT_PRODUCTION,268817.8208,244366.2908,168.7661,6248,5610,-0.00062781,-0.08642944,0.00436428,-0.00062781,-168.7661,268817.8208,OK,0.0000,6.7506,4.0000,96.0000,AG03-UNRESOLVED,ALL5_LEVELS_bet23_to_bet27,6.7506,6.7506,6.7506,8.4383,8.4383,4.000000,4.000000,4.000000,5.000000,5.000000,96.000000,96.000000,96.000000,95.000000,95.000000,5.0,37.1285,34.0107,131.6376,134.7554,PENDING_AG03,FALSE,NOT_FOR_ENFORCEMENT,162.0155,234591.6392,168.7661,162.0155,6.7506,0.00062781,0.00060270,6.7506,162.0155,0.00060270,6.7506,6.7506,6.7506,8.4383,8.4383,162.0155,0.00060270,37.1285,34.0107,131.6376,134.7554,0.00048969,0.00050129,0.00002511,43.0246,43.5591,0.0301,2.0581,0.0627,3278.2661,68.4146,17.6798,46.9397,25.7155,39.4976,52.6635,77.1466,82.2897,128.5777,31.4111,0.0,2.083411,3.25533,1.089297,30,192,222,8,0.05498276,0.00062781,0.08642944,0E-8,0.000000,0.909041,0.000000,-0.09079372,2026-03-23,2026-08-06,82,2690,1181,137,0.598540,0.376650,0.410924,0.183276,,,,,,,,GLOBAL_BASELINE_NO_ENTITY_RANKING,,,NOT_APPLICABLE_GLOBAL_BASELINE,HF9g-P5,,,,X 全窗基线 · 不参与实体赏罚,6877614,688,A168_HF9F_20260827_0900,2026-08-27 09:00:00
2026-06-09,70460261,2224,0,588.8857458790,-160.7220922159,-160.7220922159,0.4285714,11,7,0.45557394125853189,0.375281585714,-0.14345124088719294,0.2911874668537457,-0.14345124088719294,0.08029235554453189,ELIGIBLE,R03b_20260811_FULL_v1,L1_ELIGIBILITY,v2026-08-11,2026-03-21..2026-08-06,baccarat_bet02_101_all_pairs_incl_sentinel,round_win = game_pnl > 0 (decisive only),COMPATIBILITY_ONLY_NOT_PRODUCTION,268817.8208,244366.2908,168.7661,6248,5610,-0.00062781,-0.08642944,0.00436428,-0.00062781,-168.7661,268817.8208,OK,0.0000,6.7506,4.0000,96.0000,AG03-UNRESOLVED,ALL5_LEVELS_bet23_to_bet27,6.7506,6.7506,6.7506,8.4383,8.4383,4.000000,4.000000,4.000000,5.000000,5.000000,96.000000,96.000000,96.000000,95.000000,95.000000,5.0,37.1285,34.0107,131.6376,134.7554,PENDING_AG03,FALSE,NOT_FOR_ENFORCEMENT,162.0155,234591.6392,168.7661,162.0155,6.7506,0.00062781,0.00060270,6.7506,162.0155,0.00060270,6.7506,6.7506,6.7506,8.4383,8.4383,162.0155,0.00060270,37.1285,34.0107,131.6376,134.7554,0.00048969,0.00050129,0.00002511,43.0246,43.5591,0.0301,2.0581,0.0627,3278.2661,68.4146,17.6798,46.9397,25.7155,39.4976,52.6635,77.1466,82.2897,128.5777,31.4111,0.0,2.083411,3.25533,1.089297,30,192,222,8,0.05498276,0.00062781,0.08642944,0E-8,0.000000,0.909041,0.000000,-0.09079372,2026-03-23,2026-08-06,82,2690,1181,137,0.598540,0.376650,0.410924,0.183276,,,,,,,,GLOBAL_BASELINE_NO_ENTITY_RANKING,,,NOT_APPLICABLE_GLOBAL_BASELINE,HF9g-P5,,,,X 全窗基线 · 不参与实体赏罚,6877615,688,A168_HF9F_20260827_0900,2026-08-27 09:00:00
2026-06-09,70460261,2229,0,149.1501015763,1.2857767378,1.2857767378,0.5000000,2,2,0.50665070000000000,0.506650700000,-0.018812684590367487,-0.018812684590367487,-0.018812684590367487,0E-17,ELIGIBLE,R03b_20260811_FULL_v1,L1_ELIGIBILITY,v2026-08-11,2026-03-21..2026-08-06,baccarat_bet02_101_all_pairs_incl_sentinel,round_win = game_pnl > 0 (decisive only),COMPATIBILITY_ONLY_NOT_PRODUCTION,268817.8208,244366.2908,168.7661,6248,5610,-0.00062781,-0.08642944,0.00436428,-0.00062781,-168.7661,268817.8208,OK,0.0000,6.7506,4.0000,96.0000,AG03-UNRESOLVED,ALL5_LEVELS_bet23_to_bet27,6.7506,6.7506,6.7506,8.4383,8.4383,4.000000,4.000000,4.000000,5.000000,5.000000,96.000000,96.000000,96.000000,95.000000,95.000000,5.0,37.1285,34.0107,131.6376,134.7554,PENDING_AG03,FALSE,NOT_FOR_ENFORCEMENT,162.0155,234591.6392,168.7661,162.0155,6.7506,0.00062781,0.00060270,6.7506,162.0155,0.00060270,6.7506,6.7506,6.7506,8.4383,8.4383,162.0155,0.00060270,37.1285,34.0107,131.6376,134.7554,0.00048969,0.00050129,0.00002511,43.0246,43.5591,0.0301,2.0581,0.0627,3278.2661,68.4146,17.6798,46.9397,25.7155,39.4976,52.6635,77.1466,82.2897,128.5777,31.4111,0.0,2.083411,3.25533,1.089297,30,192,222,8,0.05498276,0.00062781,0.08642944,0E-8,0.000000,0.909041,0.000000,-0.09079372,2026-03-23,2026-08-06,82,2690,1181,137,0.598540,0.376650,0.410924,0.183276,,,,,,,,GLOBAL_BASELINE_NO_ENTITY_RANKING,,,NOT_APPLICABLE_GLOBAL_BASELINE,HF9g-P5,,,,X 全窗基线 · 不参与实体赏罚,6877616,688,A168_HF9F_20260827_0900,2026-08-27 09:00:00
2026-06-09,70460261,2252,0,516.8822485663,119.9629696299,119.9629696299,0.6666667,9,6,0.46093865210677610,0.393378375000,1.0109470278934427,1.3703530350974624,1.0109470278934427,0.06756027710677610,ELIGIBLE,R03b_20260811_FULL_v1,L1_ELIGIBILITY,v2026-08-11,2026-03-21..2026-08-06,baccarat_bet02_101_all_pairs_incl_sentinel,round_win = game_pnl > 0 (decisive only),COMPATIBILITY_ONLY_NOT_PRODUCTION,268817.8208,244366.2908,168.7661,6248,5610,-0.00062781,-0.08642944,0.00436428,-0.00062781,-168.7661,268817.8208,OK,0.0000,6.7506,4.0000,96.0000,AG03-UNRESOLVED,ALL5_LEVELS_bet23_to_bet27,6.7506,6.7506,6.7506,8.4383,8.4383,4.000000,4.000000,4.000000,5.000000,5.000000,96.000000,96.000000,96.000000,95.000000,95.000000,5.0,37.1285,34.0107,131.6376,134.7554,PENDING_AG03,FALSE,NOT_FOR_ENFORCEMENT,162.0155,234591.6392,168.7661,162.0155,6.7506,0.00062781,0.00060270,6.7506,162.0155,0.00060270,6.7506,6.7506,6.7506,8.4383,8.4383,162.0155,0.00060270,37.1285,34.0107,131.6376,134.7554,0.00048969,0.00050129,0.00002511,43.0246,43.5591,0.0301,2.0581,0.0627,3278.2661,68.4146,17.6798,46.9397,25.7155,39.4976,52.6635,77.1466,82.2897,128.5777,31.4111,0.0,2.083411,3.25533,1.089297,30,192,222,8,0.05498276,0.00062781,0.08642944,0E-8,0.000000,0.909041,0.000000,-0.09079372,2026-03-23,2026-08-06,82,2690,1181,137,0.598540,0.376650,0.410924,0.183276,,,,,,,,GLOBAL_BASELINE_NO_ENTITY_RANKING,,,NOT_APPLICABLE_GLOBAL_BASELINE,HF9g-P5,,,,X 全窗基线 · 不参与实体赏罚,6877617,688,A168_HF9F_20260827_0900,2026-08-27 09:00:00
2026-06-09,70460261,2272,0,180.0087432818,-29.5728649677,-29.5728649677,0.5000000,3,2,0.47833261874994494,0.393378375000,0.061342233256072534,0.3086711997975373,0.061342233256072534,0.08495424374994494,ELIGIBLE,R03b_20260811_FULL_v1,L1_ELIGIBILITY,v2026-08-11,2026-03-21..2026-08-06,baccarat_bet02_101_all_pairs_incl_sentinel,round_win = game_pnl > 0 (decisive only),COMPATIBILITY_ONLY_NOT_PRODUCTION,268817.8208,244366.2908,168.7661,6248,5610,-0.00062781,-0.08642944,0.00436428,-0.00062781,-168.7661,268817.8208,OK,0.0000,6.7506,4.0000,96.0000,AG03-UNRESOLVED,ALL5_LEVELS_bet23_to_bet27,6.7506,6.7506,6.7506,8.4383,8.4383,4.000000,4.000000,4.000000,5.000000,5.000000,96.000000,96.000000,96.000000,95.000000,95.000000,5.0,37.1285,34.0107,131.6376,134.7554,PENDING_AG03,FALSE,NOT_FOR_ENFORCEMENT,162.0155,234591.6392,168.7661,162.0155,6.7506,0.00062781,0.00060270,6.7506,162.0155,0.00060270,6.7506,6.7506,6.7506,8.4383,8.4383,162.0155,0.00060270,37.1285,34.0107,131.6376,134.7554,0.00048969,0.00050129,0.00002511,43.0246,43.5591,0.0301,2.0581,0.0627,3278.2661,68.4146,17.6798,46.9397,25.7155,39.4976,52.6635,77.1466,82.2897,128.5777,31.4111,0.0,2.083411,3.25533,1.089297,30,192,222,8,0.05498276,0.00062781,0.08642944,0E-8,0.000000,0.909041,0.000000,-0.09079372,2026-03-23,2026-08-06,82,2690,1181,137,0.598540,0.376650,0.410924,0.183276,,,,,,,,GLOBAL_BASELINE_NO_ENTITY_RANKING,,,NOT_APPLICABLE_GLOBAL_BASELINE,HF9g-P5,,,,X 全窗基线 · 不参与实体赏罚,6877618,688,A168_HF9F_20260827_0900,2026-08-27 09:00:00
2026-06-09,70460261,2276,0,159.4363154782,131.4063825957,131.4063825957,1.0000000,4,3,0.48147907222226301,0.431135816667,1.7974427414344423,1.9895638028723637,1.7974427414344423,0.05034325555526301,ELIGIBLE,R03b_20260811_FULL_v1,L1_ELIGIBILITY,v2026-08-11,2026-03-21..2026-08-06,baccarat_bet02_101_all_pairs_incl_sentinel,round_win = game_pnl > 0 (decisive only),COMPATIBILITY_ONLY_NOT_PRODUCTION,268817.8208,244366.2908,168.7661,6248,5610,-0.00062781,-0.08642944,0.00436428,-0.00062781,-168.7661,268817.8208,OK,0.0000,6.7506,4.0000,96.0000,AG03-UNRESOLVED,ALL5_LEVELS_bet23_to_bet27,6.7506,6.7506,6.7506,8.4383,8.4383,4.000000,4.000000,4.000000,5.000000,5.000000,96.000000,96.000000,96.000000,95.000000,95.000000,5.0,37.1285,34.0107,131.6376,134.7554,PENDING_AG03,FALSE,NOT_FOR_ENFORCEMENT,162.0155,234591.6392,168.7661,162.0155,6.7506,0.00062781,0.00060270,6.7506,162.0155,0.00060270,6.7506,6.7506,6.7506,8.4383,8.4383,162.0155,0.00060270,37.1285,34.0107,131.6376,134.7554,0.00048969,0.00050129,0.00002511,43.0246,43.5591,0.0301,2.0581,0.0627,3278.2661,68.4146,17.6798,46.9397,25.7155,39.4976,52.6635,77.1466,82.2897,128.5777,31.4111,0.0,2.083411,3.25533,1.089297,30,192,222,8,0.05498276,0.00062781,0.08642944,0E-8,0.000000,0.909041,0.000000,-0.09079372,2026-03-23,2026-08-06,82,2690,1181,137,0.598540,0.376650,0.410924,0.183276,,,,,,,,GLOBAL_BASELINE_NO_ENTITY_RANKING,,,NOT_APPLICABLE_GLOBAL_BASELINE,HF9g-P5,,,,X 全窗基线 · 不参与实体赏罚,6877619,688,A168_HF9F_20260827_0900,2026-08-27 09:00:00
2026-06-09,70460261,2278,0,126.0061202973,-51.4310695091,-51.4310695091,0E-7,2,2,0.49324550000000000,0.493245500000,-0.9865810262130424,-0.9865810262130424,-0.9865810262130424,0E-17,ELIGIBLE,R03b_20260811_FULL_v1,L1_ELIGIBILITY,v2026-08-11,2026-03-21..2026-08-06,baccarat_bet02_101_all_pairs_incl_sentinel,round_win = game_pnl > 0 (decisive only),COMPATIBILITY_ONLY_NOT_PRODUCTION,268817.8208,244366.2908,168.7661,6248,5610,-0.00062781,-0.08642944,0.00436428,-0.00062781,-168.7661,268817.8208,OK,0.0000,6.7506,4.0000,96.0000,AG03-UNRESOLVED,ALL5_LEVELS_bet23_to_bet27,6.7506,6.7506,6.7506,8.4383,8.4383,4.000000,4.000000,4.000000,5.000000,5.000000,96.000000,96.000000,96.000000,95.000000,95.000000,5.0,37.1285,34.0107,131.6376,134.7554,PENDING_AG03,FALSE,NOT_FOR_ENFORCEMENT,162.0155,234591.6392,168.7661,162.0155,6.7506,0.00062781,0.00060270,6.7506,162.0155,0.00060270,6.7506,6.7506,6.7506,8.4383,8.4383,162.0155,0.00060270,37.1285,34.0107,131.6376,134.7554,0.00048969,0.00050129,0.00002511,43.0246,43.5591,0.0301,2.0581,0.0627,3278.2661,68.4146,17.6798,46.9397,25.7155,39.4976,52.6635,77.1466,82.2897,128.5777,31.4111,0.0,2.083411,3.25533,1.089297,30,192,222,8,0.05498276,0.00062781,0.08642944,0E-8,0.000000,0.909041,0.000000,-0.09079372,2026-03-23,2026-08-06,82,2690,1181,137,0.598540,0.376650,0.410924,0.183276,,,,,,,,GLOBAL_BASELINE_NO_ENTITY_RANKING,,,NOT_APPLICABLE_GLOBAL_BASELINE,HF9g-P5,,,,X 全窗基线 · 不参与实体赏罚,6877620,688,A168_HF9F_20260827_0900,2026-08-27 09:00:00
2026-06-09,70460261,2281,0,192.8665106591,9.0004371641,9.0004371641,0.5000000,3,3,0.50665070000000000,0.506650700000,-0.018812684590367487,-0.018812684590367487,-0.018812684590367487,0E-17,ELIGIBLE,R03b_20260811_FULL_v1,L1_ELIGIBILITY,v2026-08-11,2026-03-21..2026-08-06,baccarat_bet02_101_all_pairs_incl_sentinel,round_win = game_pnl > 0 (decisive only),COMPATIBILITY_ONLY_NOT_PRODUCTION,268817.8208,244366.2908,168.7661,6248,5610,-0.00062781,-0.08642944,0.00436428,-0.00062781,-168.7661,268817.8208,OK,0.0000,6.7506,4.0000,96.0000,AG03-UNRESOLVED,ALL5_LEVELS_bet23_to_bet27,6.7506,6.7506,6.7506,8.4383,8.4383,4.000000,4.000000,4.000000,5.000000,5.000000,96.000000,96.000000,96.000000,95.000000,95.000000,5.0,37.1285,34.0107,131.6376,134.7554,PENDING_AG03,FALSE,NOT_FOR_ENFORCEMENT,162.0155,234591.6392,168.7661,162.0155,6.7506,0.00062781,0.00060270,6.7506,162.0155,0.00060270,6.7506,6.7506,6.7506,8.4383,8.4383,162.0155,0.00060270,37.1285,34.0107,131.6376,134.7554,0.00048969,0.00050129,0.00002511,43.0246,43.5591,0.0301,2.0581,0.0627,3278.2661,68.4146,17.6798,46.9397,25.7155,39.4976,52.6635,77.1466,82.2897,128.5777,31.4111,0.0,2.083411,3.25533,1.089297,30,192,222,8,0.05498276,0.00062781,0.08642944,0E-8,0.000000,0.909041,0.000000,-0.09079372,2026-03-23,2026-08-06,82,2690,1181,137,0.598540,0.376650,0.410924,0.183276,,,,,,,,GLOBAL_BASELINE_NO_ENTITY_RANKING,,,NOT_APPLICABLE_GLOBAL_BASELINE,HF9g-P5,,,,X 全窗基线 · 不参与实体赏罚,6877621,688,A168_HF9F_20260827_0900,2026-08-27 09:00:00
2026-06-09,70460261,526,0,177.4371898064,171.1368837915,171.1368837915,1.0000000,3,3,0.50218230000000000,0.502182300000,1.724507524396475,1.7245075243964754,1.724507524396475,0E-17,ELIGIBLE,R03b_20260811_FULL_v1,L1_ELIGIBILITY,v2026-08-11,2026-03-21..2026-08-06,baccarat_bet02_101_all_pairs_incl_sentinel,round_win = game_pnl > 0 (decisive only),COMPATIBILITY_ONLY_NOT_PRODUCTION,268817.8208,244366.2908,168.7661,6248,5610,-0.00062781,-0.08642944,0.00436428,-0.00062781,-168.7661,268817.8208,OK,0.0000,6.7506,4.0000,96.0000,AG03-UNRESOLVED,ALL5_LEVELS_bet23_to_bet27,6.7506,6.7506,6.7506,8.4383,8.4383,4.000000,4.000000,4.000000,5.000000,5.000000,96.000000,96.000000,96.000000,95.000000,95.000000,5.0,37.1285,34.0107,131.6376,134.7554,PENDING_AG03,FALSE,NOT_FOR_ENFORCEMENT,162.0155,234591.6392,168.7661,162.0155,6.7506,0.00062781,0.00060270,6.7506,162.0155,0.00060270,6.7506,6.7506,6.7506,8.4383,8.4383,162.0155,0.00060270,37.1285,34.0107,131.6376,134.7554,0.00048969,0.00050129,0.00002511,43.0246,43.5591,0.0301,2.0581,0.0627,3278.2661,68.4146,17.6798,46.9397,25.7155,39.4976,52.6635,77.1466,82.2897,128.5777,31.4111,0.0,2.083411,3.25533,1.089297,30,192,222,8,0.05498276,0.00062781,0.08642944,0E-8,0.000000,0.909041,0.000000,-0.09079372,2026-03-23,2026-08-06,82,2690,1181,137,0.598540,0.376650,0.410924,0.183276,,,,,,,,GLOBAL_BASELINE_NO_ENTITY_RANKING,,,NOT_APPLICABLE_GLOBAL_BASELINE,HF9g-P5,,,,X 全窗基线 · 不参与实体赏罚,6877622,688,A168_HF9F_20260827_0900,2026-08-27 09:00:00
2026-06-09,70460261,550,0,277.7277753491,-226.2967058400,-226.2967058400,0E-7,5,4,0.47914297908162899,0.443311937500,-1.661245931875607,-1.5456436933292337,-1.661245931875607,0.03583104158162899,ELIGIBLE,R03b_20260811_FULL_v1,L1_ELIGIBILITY,v2026-08-11,2026-03-21..2026-08-06,baccarat_bet02_101_all_pairs_incl_sentinel,round_win = game_pnl > 0 (decisive only),COMPATIBILITY_ONLY_NOT_PRODUCTION,268817.8208,244366.2908,168.7661,6248,5610,-0.00062781,-0.08642944,0.00436428,-0.00062781,-168.7661,268817.8208,OK,0.0000,6.7506,4.0000,96.0000,AG03-UNRESOLVED,ALL5_LEVELS_bet23_to_bet27,6.7506,6.7506,6.7506,8.4383,8.4383,4.000000,4.000000,4.000000,5.000000,5.000000,96.000000,96.000000,96.000000,95.000000,95.000000,5.0,37.1285,34.0107,131.6376,134.7554,PENDING_AG03,FALSE,NOT_FOR_ENFORCEMENT,162.0155,234591.6392,168.7661,162.0155,6.7506,0.00062781,0.00060270,6.7506,162.0155,0.00060270,6.7506,6.7506,6.7506,8.4383,8.4383,162.0155,0.00060270,37.1285,34.0107,131.6376,134.7554,0.00048969,0.00050129,0.00002511,43.0246,43.5591,0.0301,2.0581,0.0627,3278.2661,68.4146,17.6798,46.9397,25.7155,39.4976,52.6635,77.1466,82.2897,128.5777,31.4111,0.0,2.083411,3.25533,1.089297,30,192,222,8,0.05498276,0.00062781,0.08642944,0E-8,0.000000,0.909041,0.000000,-0.09079372,2026-03-23,2026-08-06,82,2690,1181,137,0.598540,0.376650,0.410924,0.183276,,,,,,,,GLOBAL_BASELINE_NO_ENTITY_RANKING,,,NOT_APPLICABLE_GLOBAL_BASELINE,HF9g-P5,,,,X 全窗基线 · 不参与实体赏罚,6877623,688,A168_HF9F_20260827_0900,2026-08-27 09:00:00
2026-06-09,70460261,763,0,51.4310695091,48.8595160336,48.8595160336,1.0000000,1,1,0.50665070000000000,0.506650700000,0.9867858985152569,0.9867858985152569,0.9867858985152569,0E-17,ELIGIBLE,R03b_20260811_FULL_v1,L1_ELIGIBILITY,v2026-08-11,2026-03-21..2026-08-06,baccarat_bet02_101_all_pairs_incl_sentinel,round_win = game_pnl > 0 (decisive only),COMPATIBILITY_ONLY_NOT_PRODUCTION,268817.8208,244366.2908,168.7661,6248,5610,-0.00062781,-0.08642944,0.00436428,-0.00062781,-168.7661,268817.8208,OK,0.0000,6.7506,4.0000,96.0000,AG03-UNRESOLVED,ALL5_LEVELS_bet23_to_bet27,6.7506,6.7506,6.7506,8.4383,8.4383,4.000000,4.000000,4.000000,5.000000,5.000000,96.000000,96.000000,96.000000,95.000000,95.000000,5.0,37.1285,34.0107,131.6376,134.7554,PENDING_AG03,FALSE,NOT_FOR_ENFORCEMENT,162.0155,234591.6392,168.7661,162.0155,6.7506,0.00062781,0.00060270,6.7506,162.0155,0.00060270,6.7506,6.7506,6.7506,8.4383,8.4383,162.0155,0.00060270,37.1285,34.0107,131.6376,134.7554,0.00048969,0.00050129,0.00002511,43.0246,43.5591,0.0301,2.0581,0.0627,3278.2661,68.4146,17.6798,46.9397,25.7155,39.4976,52.6635,77.1466,82.2897,128.5777,31.4111,0.0,2.083411,3.25533,1.089297,30,192,222,8,0.05498276,0.00062781,0.08642944,0E-8,0.000000,0.909041,0.000000,-0.09079372,2026-03-23,2026-08-06,82,2690,1181,137,0.598540,0.376650,0.410924,0.183276,,,,,,,,GLOBAL_BASELINE_NO_ENTITY_RANKING,,,NOT_APPLICABLE_GLOBAL_BASELINE,HF9g-P5,,,,X 全窗基线 · 不参与实体赏罚,6877624,688,A168_HF9F_20260827_0900,2026-08-27 09:00:00
2026-06-09,70460261,919,0,174.8656363309,-24.4297580168,-24.4297580168,0.5000000,2,2,0.50665070000000000,0.506650700000,-0.018812684590367487,-0.018812684590367487,-0.018812684590367487,0E-17,ELIGIBLE,R03b_20260811_FULL_v1,L1_ELIGIBILITY,v2026-08-11,2026-03-21..2026-08-06,baccarat_bet02_101_all_pairs_incl_sentinel,round_win = game_pnl > 0 (decisive only),COMPATIBILITY_ONLY_NOT_PRODUCTION,268817.8208,244366.2908,168.7661,6248,5610,-0.00062781,-0.08642944,0.00436428,-0.00062781,-168.7661,268817.8208,OK,0.0000,6.7506,4.0000,96.0000,AG03-UNRESOLVED,ALL5_LEVELS_bet23_to_bet27,6.7506,6.7506,6.7506,8.4383,8.4383,4.000000,4.000000,4.000000,5.000000,5.000000,96.000000,96.000000,96.000000,95.000000,95.000000,5.0,37.1285,34.0107,131.6376,134.7554,PENDING_AG03,FALSE,NOT_FOR_ENFORCEMENT,162.0155,234591.6392,168.7661,162.0155,6.7506,0.00062781,0.00060270,6.7506,162.0155,0.00060270,6.7506,6.7506,6.7506,8.4383,8.4383,162.0155,0.00060270,37.1285,34.0107,131.6376,134.7554,0.00048969,0.00050129,0.00002511,43.0246,43.5591,0.0301,2.0581,0.0627,3278.2661,68.4146,17.6798,46.9397,25.7155,39.4976,52.6635,77.1466,82.2897,128.5777,31.4111,0.0,2.083411,3.25533,1.089297,30,192,222,8,0.05498276,0.00062781,0.08642944,0E-8,0.000000,0.909041,0.000000,-0.09079372,2026-03-23,2026-08-06,82,2690,1181,137,0.598540,0.376650,0.410924,0.183276,,,,,,,,GLOBAL_BASELINE_NO_ENTITY_RANKING,,,NOT_APPLICABLE_GLOBAL_BASELINE,HF9g-P5,,,,X 全窗基线 · 不参与实体赏罚,6877625,688,A168_HF9F_20260827_0900,2026-08-27 09:00:00
2026-06-10,70460261,-1,1,1915.8073392135,365.9320595571,365.9320595571,0.5172414,38,31,0.47998973324115233,0.453333327419,0.4015341929328598,0.6913284905576164,0.4015341929328598,0.02665640582215233,SENTINEL_DEALER,R03b_20260811_FULL_v1,L1_ELIGIBILITY,v2026-08-11,2026-03-21..2026-08-06,baccarat_bet02_101_all_pairs_incl_sentinel,round_win = game_pnl > 0 (decisive only),COMPATIBILITY_ONLY_NOT_PRODUCTION,268817.8208,244366.2908,168.7661,6248,5610,-0.00062781,-0.08642944,0.00436428,-0.00062781,-168.7661,268817.8208,OK,0.0000,6.7506,4.0000,96.0000,AG03-UNRESOLVED,ALL5_LEVELS_bet23_to_bet27,6.7506,6.7506,6.7506,8.4383,8.4383,4.000000,4.000000,4.000000,5.000000,5.000000,96.000000,96.000000,96.000000,95.000000,95.000000,5.0,37.1285,34.0107,131.6376,134.7554,PENDING_AG03,FALSE,NOT_FOR_ENFORCEMENT,162.0155,234591.6392,168.7661,162.0155,6.7506,0.00062781,0.00060270,6.7506,162.0155,0.00060270,6.7506,6.7506,6.7506,8.4383,8.4383,162.0155,0.00060270,37.1285,34.0107,131.6376,134.7554,0.00048969,0.00050129,0.00002511,43.0246,43.5591,0.0301,2.0581,0.0627,3278.2661,68.4146,17.6798,46.9397,25.7155,39.4976,52.6635,77.1466,82.2897,128.5777,31.4111,0.0,2.083411,3.25533,1.089297,30,192,222,8,0.05498276,0.00062781,0.08642944,0E-8,0.000000,0.909041,0.000000,-0.09079372,2026-03-23,2026-08-06,82,2690,1181,137,0.598540,0.376650,0.410924,0.183276,,,,,,,,GLOBAL_BASELINE_NO_ENTITY_RANKING,,,NOT_APPLICABLE_GLOBAL_BASELINE,HF9g-P5,,,,X 全窗基线 · 不参与实体赏罚,6877626,688,A168_HF9F_20260827_0900,2026-08-27 09:00:00
2026-06-10,70460261,1004,0,151.7216550518,-151.7216550518,-151.7216550518,0E-7,4,2,0.43157397413791667,0.353589350000,-1.2322693433495988,-1.0459485787892566,-1.2322693433495988,0.07798462413791667,ELIGIBLE,R03b_20260811_FULL_v1,L1_ELIGIBILITY,v2026-08-11,2026-03-21..2026-08-06,baccarat_bet02_101_all_pairs_incl_sentinel,round_win = game_pnl > 0 (decisive only),COMPATIBILITY_ONLY_NOT_PRODUCTION,268817.8208,244366.2908,168.7661,6248,5610,-0.00062781,-0.08642944,0.00436428,-0.00062781,-168.7661,268817.8208,OK,0.0000,6.7506,4.0000,96.0000,AG03-UNRESOLVED,ALL5_LEVELS_bet23_to_bet27,6.7506,6.7506,6.7506,8.4383,8.4383,4.000000,4.000000,4.000000,5.000000,5.000000,96.000000,96.000000,96.000000,95.000000,95.000000,5.0,37.1285,34.0107,131.6376,134.7554,PENDING_AG03,FALSE,NOT_FOR_ENFORCEMENT,162.0155,234591.6392,168.7661,162.0155,6.7506,0.00062781,0.00060270,6.7506,162.0155,0.00060270,6.7506,6.7506,6.7506,8.4383,8.4383,162.0155,0.00060270,37.1285,34.0107,131.6376,134.7554,0.00048969,0.00050129,0.00002511,43.0246,43.5591,0.0301,2.0581,0.0627,3278.2661,68.4146,17.6798,46.9397,25.7155,39.4976,52.6635,77.1466,82.2897,128.5777,31.4111,0.0,2.083411,3.25533,1.089297,30,192,222,8,0.05498276,0.00062781,0.08642944,0E-8,0.000000,0.909041,0.000000,-0.09079372,2026-03-23,2026-08-06,82,2690,1181,137,0.598540,0.376650,0.410924,0.183276,,,,,,,,GLOBAL_BASELINE_NO_ENTITY_RANKING,,,NOT_APPLICABLE_GLOBAL_BASELINE,HF9g-P5,,,,X 全窗基线 · 不参与实体赏罚,6877627,688,A168_HF9F_20260827_0900,2026-08-27 09:00:00
2026-06-10,70460261,1302,0,149.1501015763,1.2857767378,1.2857767378,0.5000000,2,2,0.49994810000000000,0.499948100000,0.00014679536856514622,0.00014679536856514622,0.00014679536856514622,0E-17,ELIGIBLE,R03b_20260811_FULL_v1,L1_ELIGIBILITY,v2026-08-11,2026-03-21..2026-08-06,baccarat_bet02_101_all_pairs_incl_sentinel,round_win = game_pnl > 0 (decisive only),COMPATIBILITY_ONLY_NOT_PRODUCTION,268817.8208,244366.2908,168.7661,6248,5610,-0.00062781,-0.08642944,0.00436428,-0.00062781,-168.7661,268817.8208,OK,0.0000,6.7506,4.0000,96.0000,AG03-UNRESOLVED,ALL5_LEVELS_bet23_to_bet27,6.7506,6.7506,6.7506,8.4383,8.4383,4.000000,4.000000,4.000000,5.000000,5.000000,96.000000,96.000000,96.000000,95.000000,95.000000,5.0,37.1285,34.0107,131.6376,134.7554,PENDING_AG03,FALSE,NOT_FOR_ENFORCEMENT,162.0155,234591.6392,168.7661,162.0155,6.7506,0.00062781,0.00060270,6.7506,162.0155,0.00060270,6.7506,6.7506,6.7506,8.4383,8.4383,162.0155,0.00060270,37.1285,34.0107,131.6376,134.7554,0.00048969,0.00050129,0.00002511,43.0246,43.5591,0.0301,2.0581,0.0627,3278.2661,68.4146,17.6798,46.9397,25.7155,39.4976,52.6635,77.1466,82.2897,128.5777,31.4111,0.0,2.083411,3.25533,1.089297,30,192,222,8,0.05498276,0.00062781,0.08642944,0E-8,0.000000,0.909041,0.000000,-0.09079372,2026-03-23,2026-08-06,82,2690,1181,137,0.598540,0.376650,0.410924,0.183276,,,,,,,,GLOBAL_BASELINE_NO_ENTITY_RANKING,,,NOT_APPLICABLE_GLOBAL_BASELINE,HF9g-P5,,,,X 全窗基线 · 不参与实体赏罚,6877628,688,A168_HF9F_20260827_0900,2026-08-27 09:00:00
2026-06-10,70460261,1306,0,106.2051585363,-56.0598657649,-56.0598657649,0.2000000,9,5,0.37725916562561814,0.356516293333,-0.8177492054480185,-0.7306949195243007,-0.8177492054480185,0.02074287229261814,ELIGIBLE,R03b_20260811_FULL_v1,L1_ELIGIBILITY,v2026-08-11,2026-03-21..2026-08-06,baccarat_bet02_101_all_pairs_incl_sentinel,round_win = game_pnl > 0 (decisive only),COMPATIBILITY_ONLY_NOT_PRODUCTION,268817.8208,244366.2908,168.7661,6248,5610,-0.00062781,-0.08642944,0.00436428,-0.00062781,-168.7661,268817.8208,OK,0.0000,6.7506,4.0000,96.0000,AG03-UNRESOLVED,ALL5_LEVELS_bet23_to_bet27,6.7506,6.7506,6.7506,8.4383,8.4383,4.000000,4.000000,4.000000,5.000000,5.000000,96.000000,96.000000,96.000000,95.000000,95.000000,5.0,37.1285,34.0107,131.6376,134.7554,PENDING_AG03,FALSE,NOT_FOR_ENFORCEMENT,162.0155,234591.6392,168.7661,162.0155,6.7506,0.00062781,0.00060270,6.7506,162.0155,0.00060270,6.7506,6.7506,6.7506,8.4383,8.4383,162.0155,0.00060270,37.1285,34.0107,131.6376,134.7554,0.00048969,0.00050129,0.00002511,43.0246,43.5591,0.0301,2.0581,0.0627,3278.2661,68.4146,17.6798,46.9397,25.7155,39.4976,52.6635,77.1466,82.2897,128.5777,31.4111,0.0,2.083411,3.25533,1.089297,30,192,222,8,0.05498276,0.00062781,0.08642944,0E-8,0.000000,0.909041,0.000000,-0.09079372,2026-03-23,2026-08-06,82,2690,1181,137,0.598540,0.376650,0.410924,0.183276,,,,,,,,GLOBAL_BASELINE_NO_ENTITY_RANKING,,,NOT_APPLICABLE_GLOBAL_BASELINE,HF9g-P5,,,,X 全窗基线 · 不参与实体赏罚,6877629,688,A168_HF9F_20260827_0900,2026-08-27 09:00:00
2026-06-10,70460261,1307,0,154.2932085273,-154.2932085273,-154.2932085273,0E-7,3,2,0.46889325833328439,0.393378375000,-1.3288044841552227,-1.138836281904872,-1.3288044841552227,0.07551488333328439,ELIGIBLE,R03b_20260811_FULL_v1,L1_ELIGIBILITY,v2026-08-11,2026-03-21..2026-08-06,baccarat_bet02_101_all_pairs_incl_sentinel,round_win = game_pnl > 0 (decisive only),COMPATIBILITY_ONLY_NOT_PRODUCTION,268817.8208,244366.2908,168.7661,6248,5610,-0.00062781,-0.08642944,0.00436428,-0.00062781,-168.7661,268817.8208,OK,0.0000,6.7506,4.0000,96.0000,AG03-UNRESOLVED,ALL5_LEVELS_bet23_to_bet27,6.7506,6.7506,6.7506,8.4383,8.4383,4.000000,4.000000,4.000000,5.000000,5.000000,96.000000,96.000000,96.000000,95.000000,95.000000,5.0,37.1285,34.0107,131.6376,134.7554,PENDING_AG03,FALSE,NOT_FOR_ENFORCEMENT,162.0155,234591.6392,168.7661,162.0155,6.7506,0.00062781,0.00060270,6.7506,162.0155,0.00060270,6.7506,6.7506,6.7506,8.4383,8.4383,162.0155,0.00060270,37.1285,34.0107,131.6376,134.7554,0.00048969,0.00050129,0.00002511,43.0246,43.5591,0.0301,2.0581,0.0627,3278.2661,68.4146,17.6798,46.9397,25.7155,39.4976,52.6635,77.1466,82.2897,128.5777,31.4111,0.0,2.083411,3.25533,1.089297,30,192,222,8,0.05498276,0.00062781,0.08642944,0E-8,0.000000,0.909041,0.000000,-0.09079372,2026-03-23,2026-08-06,82,2690,1181,137,0.598540,0.376650,0.410924,0.183276,,,,,,,,GLOBAL_BASELINE_NO_ENTITY_RANKING,,,NOT_APPLICABLE_GLOBAL_BASELINE,HF9g-P5,,,,X 全窗基线 · 不参与实体赏罚,6877630,688,A168_HF9F_20260827_0900,2026-08-27 09:00:00
2026-06-10,70460261,1325,0,246.8691336437,61.9744387585,61.9744387585,0.7500000,6,4,0.43540546467239358,0.386675775000,1.2690124918277512,1.4921270715560784,1.2690124918277512,0.04872968967239358,ELIGIBLE,R03b_20260811_FULL_v1,L1_ELIGIBILITY,v2026-08-11,2026-03-21..2026-08-06,baccarat_bet02_101_all_pairs_incl_sentinel,round_win = game_pnl > 0 (decisive only),COMPATIBILITY_ONLY_NOT_PRODUCTION,268817.8208,244366.2908,168.7661,6248,5610,-0.00062781,-0.08642944,0.00436428,-0.00062781,-168.7661,268817.8208,OK,0.0000,6.7506,4.0000,96.0000,AG03-UNRESOLVED,ALL5_LEVELS_bet23_to_bet27,6.7506,6.7506,6.7506,8.4383,8.4383,4.000000,4.000000,4.000000,5.000000,5.000000,96.000000,96.000000,96.000000,95.000000,95.000000,5.0,37.1285,34.0107,131.6376,134.7554,PENDING_AG03,FALSE,NOT_FOR_ENFORCEMENT,162.0155,234591.6392,168.7661,162.0155,6.7506,0.00062781,0.00060270,6.7506,162.0155,0.00060270,6.7506,6.7506,6.7506,8.4383,8.4383,162.0155,0.00060270,37.1285,34.0107,131.6376,134.7554,0.00048969,0.00050129,0.00002511,43.0246,43.5591,0.0301,2.0581,0.0627,3278.2661,68.4146,17.6798,46.9397,25.7155,39.4976,52.6635,77.1466,82.2897,128.5777,31.4111,0.0,2.083411,3.25533,1.089297,30,192,222,8,0.05498276,0.00062781,0.08642944,0E-8,0.000000,0.909041,0.000000,-0.09079372,2026-03-23,2026-08-06,82,2690,1181,137,0.598540,0.376650,0.410924,0.183276,,,,,,,,GLOBAL_BASELINE_NO_ENTITY_RANKING,,,NOT_APPLICABLE_GLOBAL_BASELINE,HF9g-P5,,,,X 全窗基线 · 不参与实体赏罚,6877631,688,A168_HF9F_20260827_0900,2026-08-27 09:00:00
2026-06-10,70460261,1382,0,25.7155347545,24.4297580168,24.4297580168,1.0000000,1,1,0.50665070000000000,0.506650700000,0.9867858985152569,0.9867858985152569,0.9867858985152569,0E-17,ELIGIBLE,R03b_20260811_FULL_v1,L1_ELIGIBILITY,v2026-08-11,2026-03-21..2026-08-06,baccarat_bet02_101_all_pairs_incl_sentinel,round_win = game_pnl > 0 (decisive only),COMPATIBILITY_ONLY_NOT_PRODUCTION,268817.8208,244366.2908,168.7661,6248,5610,-0.00062781,-0.08642944,0.00436428,-0.00062781,-168.7661,268817.8208,OK,0.0000,6.7506,4.0000,96.0000,AG03-UNRESOLVED,ALL5_LEVELS_bet23_to_bet27,6.7506,6.7506,6.7506,8.4383,8.4383,4.000000,4.000000,4.000000,5.000000,5.000000,96.000000,96.000000,96.000000,95.000000,95.000000,5.0,37.1285,34.0107,131.6376,134.7554,PENDING_AG03,FALSE,NOT_FOR_ENFORCEMENT,162.0155,234591.6392,168.7661,162.0155,6.7506,0.00062781,0.00060270,6.7506,162.0155,0.00060270,6.7506,6.7506,6.7506,8.4383,8.4383,162.0155,0.00060270,37.1285,34.0107,131.6376,134.7554,0.00048969,0.00050129,0.00002511,43.0246,43.5591,0.0301,2.0581,0.0627,3278.2661,68.4146,17.6798,46.9397,25.7155,39.4976,52.6635,77.1466,82.2897,128.5777,31.4111,0.0,2.083411,3.25533,1.089297,30,192,222,8,0.05498276,0.00062781,0.08642944,0E-8,0.000000,0.909041,0.000000,-0.09079372,2026-03-23,2026-08-06,82,2690,1181,137,0.598540,0.376650,0.410924,0.183276,,,,,,,,GLOBAL_BASELINE_NO_ENTITY_RANKING,,,NOT_APPLICABLE_GLOBAL_BASELINE,HF9g-P5,,,,X 全窗基线 · 不参与实体赏罚,6877632,688,A168_HF9F_20260827_0900,2026-08-27 09:00:00
2026-06-10,70460261,1383,0,115.7199063955,-115.7199063955,-115.7199063955,0E-7,2,2,0.50665070000000000,0.506650700000,-1.4331513700195317,-1.4331513700195317,-1.4331513700195317,0E-17,ELIGIBLE,R03b_20260811_FULL_v1,L1_ELIGIBILITY,v2026-08-11,2026-03-21..2026-08-06,baccarat_bet02_101_all_pairs_incl_sentinel,round_win = game_pnl > 0 (decisive only),COMPATIBILITY_ONLY_NOT_PRODUCTION,268817.8208,244366.2908,168.7661,6248,5610,-0.00062781,-0.08642944,0.00436428,-0.00062781,-168.7661,268817.8208,OK,0.0000,6.7506,4.0000,96.0000,AG03-UNRESOLVED,ALL5_LEVELS_bet23_to_bet27,6.7506,6.7506,6.7506,8.4383,8.4383,4.000000,4.000000,4.000000,5.000000,5.000000,96.000000,96.000000,96.000000,95.000000,95.000000,5.0,37.1285,34.0107,131.6376,134.7554,PENDING_AG03,FALSE,NOT_FOR_ENFORCEMENT,162.0155,234591.6392,168.7661,162.0155,6.7506,0.00062781,0.00060270,6.7506,162.0155,0.00060270,6.7506,6.7506,6.7506,8.4383,8.4383,162.0155,0.00060270,37.1285,34.0107,131.6376,134.7554,0.00048969,0.00050129,0.00002511,43.0246,43.5591,0.0301,2.0581,0.0627,3278.2661,68.4146,17.6798,46.9397,25.7155,39.4976,52.6635,77.1466,82.2897,128.5777,31.4111,0.0,2.083411,3.25533,1.089297,30,192,222,8,0.05498276,0.00062781,0.08642944,0E-8,0.000000,0.909041,0.000000,-0.09079372,2026-03-23,2026-08-06,82,2690,1181,137,0.598540,0.376650,0.410924,0.183276,,,,,,,,GLOBAL_BASELINE_NO_ENTITY_RANKING,,,NOT_APPLICABLE_GLOBAL_BASELINE,HF9g-P5,,,,X 全窗基线 · 不参与实体赏罚,6877633,688,A168_HF9F_20260827_0900,2026-08-27 09:00:00
2026-06-10,70460261,1384,0,74.5750507882,70.8462982488,70.8462982488,1.0000000,1,1,0.50665070000000000,0.506650700000,0.9867858985152569,0.9867858985152569,0.9867858985152569,0E-17,ELIGIBLE,R03b_20260811_FULL_v1,L1_ELIGIBILITY,v2026-08-11,2026-03-21..2026-08-06,baccarat_bet02_101_all_pairs_incl_sentinel,round_win = game_pnl > 0 (decisive only),COMPATIBILITY_ONLY_NOT_PRODUCTION,268817.8208,244366.2908,168.7661,6248,5610,-0.00062781,-0.08642944,0.00436428,-0.00062781,-168.7661,268817.8208,OK,0.0000,6.7506,4.0000,96.0000,AG03-UNRESOLVED,ALL5_LEVELS_bet23_to_bet27,6.7506,6.7506,6.7506,8.4383,8.4383,4.000000,4.000000,4.000000,5.000000,5.000000,96.000000,96.000000,96.000000,95.000000,95.000000,5.0,37.1285,34.0107,131.6376,134.7554,PENDING_AG03,FALSE,NOT_FOR_ENFORCEMENT,162.0155,234591.6392,168.7661,162.0155,6.7506,0.00062781,0.00060270,6.7506,162.0155,0.00060270,6.7506,6.7506,6.7506,8.4383,8.4383,162.0155,0.00060270,37.1285,34.0107,131.6376,134.7554,0.00048969,0.00050129,0.00002511,43.0246,43.5591,0.0301,2.0581,0.0627,3278.2661,68.4146,17.6798,46.9397,25.7155,39.4976,52.6635,77.1466,82.2897,128.5777,31.4111,0.0,2.083411,3.25533,1.089297,30,192,222,8,0.05498276,0.00062781,0.08642944,0E-8,0.000000,0.909041,0.000000,-0.09079372,2026-03-23,2026-08-06,82,2690,1181,137,0.598540,0.376650,0.410924,0.183276,,,,,,,,GLOBAL_BASELINE_NO_ENTITY_RANKING,,,NOT_APPLICABLE_GLOBAL_BASELINE,HF9g-P5,,,,X 全窗基线 · 不参与实体赏罚,6877634,688,A168_HF9F_20260827_0900,2026-08-27 09:00:00
2026-06-10,70460261,1401,0,77.1466042636,73.2892740504,73.2892740504,1.0000000,2,2,0.50665070000000000,0.506650700000,1.3955260008387969,1.3955260008387969,1.3955260008387969,0E-17,ELIGIBLE,R03b_20260811_FULL_v1,L1_ELIGIBILITY,v2026-08-11,2026-03-21..2026-08-06,baccarat_bet02_101_all_pairs_incl_sentinel,round_win = game_pnl > 0 (decisive only),COMPATIBILITY_ONLY_NOT_PRODUCTION,268817.8208,244366.2908,168.7661,6248,5610,-0.00062781,-0.08642944,0.00436428,-0.00062781,-168.7661,268817.8208,OK,0.0000,6.7506,4.0000,96.0000,AG03-UNRESOLVED,ALL5_LEVELS_bet23_to_bet27,6.7506,6.7506,6.7506,8.4383,8.4383,4.000000,4.000000,4.000000,5.000000,5.000000,96.000000,96.000000,96.000000,95.000000,95.000000,5.0,37.1285,34.0107,131.6376,134.7554,PENDING_AG03,FALSE,NOT_FOR_ENFORCEMENT,162.0155,234591.6392,168.7661,162.0155,6.7506,0.00062781,0.00060270,6.7506,162.0155,0.00060270,6.7506,6.7506,6.7506,8.4383,8.4383,162.0155,0.00060270,37.1285,34.0107,131.6376,134.7554,0.00048969,0.00050129,0.00002511,43.0246,43.5591,0.0301,2.0581,0.0627,3278.2661,68.4146,17.6798,46.9397,25.7155,39.4976,52.6635,77.1466,82.2897,128.5777,31.4111,0.0,2.083411,3.25533,1.089297,30,192,222,8,0.05498276,0.00062781,0.08642944,0E-8,0.000000,0.909041,0.000000,-0.09079372,2026-03-23,2026-08-06,82,2690,1181,137,0.598540,0.376650,0.410924,0.183276,,,,,,,,GLOBAL_BASELINE_NO_ENTITY_RANKING,,,NOT_APPLICABLE_GLOBAL_BASELINE,HF9g-P5,,,,X 全窗基线 · 不参与实体赏罚,6877635,688,A168_HF9F_20260827_0900,2026-08-27 09:00:00
2026-06-10,70460261,1490,0,77.1466042636,73.2892740505,73.2892740505,1.0000000,1,1,0.50665070000000000,0.506650700000,0.9867858985152569,0.9867858985152569,0.9867858985152569,0E-17,ELIGIBLE,R03b_20260811_FULL_v1,L1_ELIGIBILITY,v2026-08-11,2026-03-21..2026-08-06,baccarat_bet02_101_all_pairs_incl_sentinel,round_win = game_pnl > 0 (decisive only),COMPATIBILITY_ONLY_NOT_PRODUCTION,268817.8208,244366.2908,168.7661,6248,5610,-0.00062781,-0.08642944,0.00436428,-0.00062781,-168.7661,268817.8208,OK,0.0000,6.7506,4.0000,96.0000,AG03-UNRESOLVED,ALL5_LEVELS_bet23_to_bet27,6.7506,6.7506,6.7506,8.4383,8.4383,4.000000,4.000000,4.000000,5.000000,5.000000,96.000000,96.000000,96.000000,95.000000,95.000000,5.0,37.1285,34.0107,131.6376,134.7554,PENDING_AG03,FALSE,NOT_FOR_ENFORCEMENT,162.0155,234591.6392,168.7661,162.0155,6.7506,0.00062781,0.00060270,6.7506,162.0155,0.00060270,6.7506,6.7506,6.7506,8.4383,8.4383,162.0155,0.00060270,37.1285,34.0107,131.6376,134.7554,0.00048969,0.00050129,0.00002511,43.0246,43.5591,0.0301,2.0581,0.0627,3278.2661,68.4146,17.6798,46.9397,25.7155,39.4976,52.6635,77.1466,82.2897,128.5777,31.4111,0.0,2.083411,3.25533,1.089297,30,192,222,8,0.05498276,0.00062781,0.08642944,0E-8,0.000000,0.909041,0.000000,-0.09079372,2026-03-23,2026-08-06,82,2690,1181,137,0.598540,0.376650,0.410924,0.183276,,,,,,,,GLOBAL_BASELINE_NO_ENTITY_RANKING,,,NOT_APPLICABLE_GLOBAL_BASELINE,HF9g-P5,,,,X 全窗基线 · 不参与实体赏罚,6877636,688,A168_HF9F_20260827_0900,2026-08-27 09:00:00
2026-06-10,70460261,1509,0,151.7216550518,-1.2857767377,-1.2857767377,0.5000000,2,2,0.50665070000000000,0.506650700000,-0.018812684590367487,-0.018812684590367487,-0.018812684590367487,0E-17,ELIGIBLE,R03b_20260811_FULL_v1,L1_ELIGIBILITY,v2026-08-11,2026-03-21..2026-08-06,baccarat_bet02_101_all_pairs_incl_sentinel,round_win = game_pnl > 0 (decisive only),COMPATIBILITY_ONLY_NOT_PRODUCTION,268817.8208,244366.2908,168.7661,6248,5610,-0.00062781,-0.08642944,0.00436428,-0.00062781,-168.7661,268817.8208,OK,0.0000,6.7506,4.0000,96.0000,AG03-UNRESOLVED,ALL5_LEVELS_bet23_to_bet27,6.7506,6.7506,6.7506,8.4383,8.4383,4.000000,4.000000,4.000000,5.000000,5.000000,96.000000,96.000000,96.000000,95.000000,95.000000,5.0,37.1285,34.0107,131.6376,134.7554,PENDING_AG03,FALSE,NOT_FOR_ENFORCEMENT,162.0155,234591.6392,168.7661,162.0155,6.7506,0.00062781,0.00060270,6.7506,162.0155,0.00060270,6.7506,6.7506,6.7506,8.4383,8.4383,162.0155,0.00060270,37.1285,34.0107,131.6376,134.7554,0.00048969,0.00050129,0.00002511,43.0246,43.5591,0.0301,2.0581,0.0627,3278.2661,68.4146,17.6798,46.9397,25.7155,39.4976,52.6635,77.1466,82.2897,128.5777,31.4111,0.0,2.083411,3.25533,1.089297,30,192,222,8,0.05498276,0.00062781,0.08642944,0E-8,0.000000,0.909041,0.000000,-0.09079372,2026-03-23,2026-08-06,82,2690,1181,137,0.598540,0.376650,0.410924,0.183276,,,,,,,,GLOBAL_BASELINE_NO_ENTITY_RANKING,,,NOT_APPLICABLE_GLOBAL_BASELINE,HF9g-P5,,,,X 全窗基线 · 不参与实体赏罚,6877637,688,A168_HF9F_20260827_0900,2026-08-27 09:00:00
2026-06-10,70460261,1702,0,277.7277753490,23.1439812792,23.1439812792,0.5000000,4,4,0.50665070000000000,0.506650700000,-0.02660515369234503,-0.02660515369234503,-0.02660515369234503,0E-17,ELIGIBLE,R03b_20260811_FULL_v1,L1_ELIGIBILITY,v2026-08-11,2026-03-21..2026-08-06,baccarat_bet02_101_all_pairs_incl_sentinel,round_win = game_pnl > 0 (decisive only),COMPATIBILITY_ONLY_NOT_PRODUCTION,268817.8208,244366.2908,168.7661,6248,5610,-0.00062781,-0.08642944,0.00436428,-0.00062781,-168.7661,268817.8208,OK,0.0000,6.7506,4.0000,96.0000,AG03-UNRESOLVED,ALL5_LEVELS_bet23_to_bet27,6.7506,6.7506,6.7506,8.4383,8.4383,4.000000,4.000000,4.000000,5.000000,5.000000,96.000000,96.000000,96.000000,95.000000,95.000000,5.0,37.1285,34.0107,131.6376,134.7554,PENDING_AG03,FALSE,NOT_FOR_ENFORCEMENT,162.0155,234591.6392,168.7661,162.0155,6.7506,0.00062781,0.00060270,6.7506,162.0155,0.00060270,6.7506,6.7506,6.7506,8.4383,8.4383,162.0155,0.00060270,37.1285,34.0107,131.6376,134.7554,0.00048969,0.00050129,0.00002511,43.0246,43.5591,0.0301,2.0581,0.0627,3278.2661,68.4146,17.6798,46.9397,25.7155,39.4976,52.6635,77.1466,82.2897,128.5777,31.4111,0.0,2.083411,3.25533,1.089297,30,192,222,8,0.05498276,0.00062781,0.08642944,0E-8,0.000000,0.909041,0.000000,-0.09079372,2026-03-23,2026-08-06,82,2690,1181,137,0.598540,0.376650,0.410924,0.183276,,,,,,,,GLOBAL_BASELINE_NO_ENTITY_RANKING,,,NOT_APPLICABLE_GLOBAL_BASELINE,HF9g-P5,,,,X 全窗基线 · 不参与实体赏罚,6877638,688,A168_HF9F_20260827_0900,2026-08-27 09:00:00
2026-06-10,70460261,1704,0,90.0043716409,-90.0043716409,-90.0043716409,0E-7,2,1,0.44192365714271331,0.280106050000,-0.8898705189121784,-0.6237735893609975,-0.8898705189121784,0.16181760714271331,ELIGIBLE,R03b_20260811_FULL_v1,L1_ELIGIBILITY,v2026-08-11,2026-03-21..2026-08-06,baccarat_bet02_101_all_pairs_incl_sentinel,round_win = game_pnl > 0 (decisive only),COMPATIBILITY_ONLY_NOT_PRODUCTION,268817.8208,244366.2908,168.7661,6248,5610,-0.00062781,-0.08642944,0.00436428,-0.00062781,-168.7661,268817.8208,OK,0.0000,6.7506,4.0000,96.0000,AG03-UNRESOLVED,ALL5_LEVELS_bet23_to_bet27,6.7506,6.7506,6.7506,8.4383,8.4383,4.000000,4.000000,4.000000,5.000000,5.000000,96.000000,96.000000,96.000000,95.000000,95.000000,5.0,37.1285,34.0107,131.6376,134.7554,PENDING_AG03,FALSE,NOT_FOR_ENFORCEMENT,162.0155,234591.6392,168.7661,162.0155,6.7506,0.00062781,0.00060270,6.7506,162.0155,0.00060270,6.7506,6.7506,6.7506,8.4383,8.4383,162.0155,0.00060270,37.1285,34.0107,131.6376,134.7554,0.00048969,0.00050129,0.00002511,43.0246,43.5591,0.0301,2.0581,0.0627,3278.2661,68.4146,17.6798,46.9397,25.7155,39.4976,52.6635,77.1466,82.2897,128.5777,31.4111,0.0,2.083411,3.25533,1.089297,30,192,222,8,0.05498276,0.00062781,0.08642944,0E-8,0.000000,0.909041,0.000000,-0.09079372,2026-03-23,2026-08-06,82,2690,1181,137,0.598540,0.376650,0.410924,0.183276,,,,,,,,GLOBAL_BASELINE_NO_ENTITY_RANKING,,,NOT_APPLICABLE_GLOBAL_BASELINE,HF9g-P5,,,,X 全窗基线 · 不参与实体赏罚,6877639,688,A168_HF9F_20260827_0900,2026-08-27 09:00:00
2026-06-10,70460261,1947,0,177.4371898063,-27.0013114922,-27.0013114922,0.5000000,2,2,0.50665070000000000,0.506650700000,-0.018812684590367487,-0.018812684590367487,-0.018812684590367487,0E-17,ELIGIBLE,R03b_20260811_FULL_v1,L1_ELIGIBILITY,v2026-08-11,2026-03-21..2026-08-06,baccarat_bet02_101_all_pairs_incl_sentinel,round_win = game_pnl > 0 (decisive only),COMPATIBILITY_ONLY_NOT_PRODUCTION,268817.8208,244366.2908,168.7661,6248,5610,-0.00062781,-0.08642944,0.00436428,-0.00062781,-168.7661,268817.8208,OK,0.0000,6.7506,4.0000,96.0000,AG03-UNRESOLVED,ALL5_LEVELS_bet23_to_bet27,6.7506,6.7506,6.7506,8.4383,8.4383,4.000000,4.000000,4.000000,5.000000,5.000000,96.000000,96.000000,96.000000,95.000000,95.000000,5.0,37.1285,34.0107,131.6376,134.7554,PENDING_AG03,FALSE,NOT_FOR_ENFORCEMENT,162.0155,234591.6392,168.7661,162.0155,6.7506,0.00062781,0.00060270,6.7506,162.0155,0.00060270,6.7506,6.7506,6.7506,8.4383,8.4383,162.0155,0.00060270,37.1285,34.0107,131.6376,134.7554,0.00048969,0.00050129,0.00002511,43.0246,43.5591,0.0301,2.0581,0.0627,3278.2661,68.4146,17.6798,46.9397,25.7155,39.4976,52.6635,77.1466,82.2897,128.5777,31.4111,0.0,2.083411,3.25533,1.089297,30,192,222,8,0.05498276,0.00062781,0.08642944,0E-8,0.000000,0.909041,0.000000,-0.09079372,2026-03-23,2026-08-06,82,2690,1181,137,0.598540,0.376650,0.410924,0.183276,,,,,,,,GLOBAL_BASELINE_NO_ENTITY_RANKING,,,NOT_APPLICABLE_GLOBAL_BASELINE,HF9g-P5,,,,X 全窗基线 · 不参与实体赏罚,6877640,688,A168_HF9F_20260827_0900,2026-08-27 09:00:00
2026-06-10,70460261,1966,0,144.0069946254,-12.8577673772,-12.8577673772,0.5000000,3,3,0.49324550000000000,0.493245500000,0.01910635448239258,0.01910635448239258,0.01910635448239258,0E-17,ELIGIBLE,R03b_20260811_FULL_v1,L1_ELIGIBILITY,v2026-08-11,2026-03-21..2026-08-06,baccarat_bet02_101_all_pairs_incl_sentinel,round_win = game_pnl > 0 (decisive only),COMPATIBILITY_ONLY_NOT_PRODUCTION,268817.8208,244366.2908,168.7661,6248,5610,-0.00062781,-0.08642944,0.00436428,-0.00062781,-168.7661,268817.8208,OK,0.0000,6.7506,4.0000,96.0000,AG03-UNRESOLVED,ALL5_LEVELS_bet23_to_bet27,6.7506,6.7506,6.7506,8.4383,8.4383,4.000000,4.000000,4.000000,5.000000,5.000000,96.000000,96.000000,96.000000,95.000000,95.000000,5.0,37.1285,34.0107,131.6376,134.7554,PENDING_AG03,FALSE,NOT_FOR_ENFORCEMENT,162.0155,234591.6392,168.7661,162.0155,6.7506,0.00062781,0.00060270,6.7506,162.0155,0.00060270,6.7506,6.7506,6.7506,8.4383,8.4383,162.0155,0.00060270,37.1285,34.0107,131.6376,134.7554,0.00048969,0.00050129,0.00002511,43.0246,43.5591,0.0301,2.0581,0.0627,3278.2661,68.4146,17.6798,46.9397,25.7155,39.4976,52.6635,77.1466,82.2897,128.5777,31.4111,0.0,2.083411,3.25533,1.089297,30,192,222,8,0.05498276,0.00062781,0.08642944,0E-8,0.000000,0.909041,0.000000,-0.09079372,2026-03-23,2026-08-06,82,2690,1181,137,0.598540,0.376650,0.410924,0.183276,,,,,,,,GLOBAL_BASELINE_NO_ENTITY_RANKING,,,NOT_APPLICABLE_GLOBAL_BASELINE,HF9g-P5,,,,X 全窗基线 · 不参与实体赏罚,6877641,688,A168_HF9F_20260827_0900,2026-08-27 09:00:00
2026-06-10,70460261,1985,0,380.5899143672,-139.8925090647,-139.8925090647,0.4000000,5,5,0.50665070000000000,0.506650700000,-0.4769986289884125,-0.4769986289884125,-0.4769986289884125,0E-17,ELIGIBLE,R03b_20260811_FULL_v1,L1_ELIGIBILITY,v2026-08-11,2026-03-21..2026-08-06,baccarat_bet02_101_all_pairs_incl_sentinel,round_win = game_pnl > 0 (decisive only),COMPATIBILITY_ONLY_NOT_PRODUCTION,268817.8208,244366.2908,168.7661,6248,5610,-0.00062781,-0.08642944,0.00436428,-0.00062781,-168.7661,268817.8208,OK,0.0000,6.7506,4.0000,96.0000,AG03-UNRESOLVED,ALL5_LEVELS_bet23_to_bet27,6.7506,6.7506,6.7506,8.4383,8.4383,4.000000,4.000000,4.000000,5.000000,5.000000,96.000000,96.000000,96.000000,95.000000,95.000000,5.0,37.1285,34.0107,131.6376,134.7554,PENDING_AG03,FALSE,NOT_FOR_ENFORCEMENT,162.0155,234591.6392,168.7661,162.0155,6.7506,0.00062781,0.00060270,6.7506,162.0155,0.00060270,6.7506,6.7506,6.7506,8.4383,8.4383,162.0155,0.00060270,37.1285,34.0107,131.6376,134.7554,0.00048969,0.00050129,0.00002511,43.0246,43.5591,0.0301,2.0581,0.0627,3278.2661,68.4146,17.6798,46.9397,25.7155,39.4976,52.6635,77.1466,82.2897,128.5777,31.4111,0.0,2.083411,3.25533,1.089297,30,192,222,8,0.05498276,0.00062781,0.08642944,0E-8,0.000000,0.909041,0.000000,-0.09079372,2026-03-23,2026-08-06,82,2690,1181,137,0.598540,0.376650,0.410924,0.183276,,,,,,,,GLOBAL_BASELINE_NO_ENTITY_RANKING,,,NOT_APPLICABLE_GLOBAL_BASELINE,HF9g-P5,,,,X 全窗基线 · 不参与实体赏罚,6877642,688,A168_HF9F_20260827_0900,2026-08-27 09:00:00
2026-06-10,70460261,1990,0,115.7199063955,-15.4293208528,-15.4293208528,0.5000000,3,2,0.46134176999992953,0.393378375000,0.10967027307096613,0.3086711997975373,0.10967027307096613,0.06796339499992953,ELIGIBLE,R03b_20260811_FULL_v1,L1_ELIGIBILITY,v2026-08-11,2026-03-21..2026-08-06,baccarat_bet02_101_all_pairs_incl_sentinel,round_win = game_pnl > 0 (decisive only),COMPATIBILITY_ONLY_NOT_PRODUCTION,268817.8208,244366.2908,168.7661,6248,5610,-0.00062781,-0.08642944,0.00436428,-0.00062781,-168.7661,268817.8208,OK,0.0000,6.7506,4.0000,96.0000,AG03-UNRESOLVED,ALL5_LEVELS_bet23_to_bet27,6.7506,6.7506,6.7506,8.4383,8.4383,4.000000,4.000000,4.000000,5.000000,5.000000,96.000000,96.000000,96.000000,95.000000,95.000000,5.0,37.1285,34.0107,131.6376,134.7554,PENDING_AG03,FALSE,NOT_FOR_ENFORCEMENT,162.0155,234591.6392,168.7661,162.0155,6.7506,0.00062781,0.00060270,6.7506,162.0155,0.00060270,6.7506,6.7506,6.7506,8.4383,8.4383,162.0155,0.00060270,37.1285,34.0107,131.6376,134.7554,0.00048969,0.00050129,0.00002511,43.0246,43.5591,0.0301,2.0581,0.0627,3278.2661,68.4146,17.6798,46.9397,25.7155,39.4976,52.6635,77.1466,82.2897,128.5777,31.4111,0.0,2.083411,3.25533,1.089297,30,192,222,8,0.05498276,0.00062781,0.08642944,0E-8,0.000000,0.909041,0.000000,-0.09079372,2026-03-23,2026-08-06,82,2690,1181,137,0.598540,0.376650,0.410924,0.183276,,,,,,,,GLOBAL_BASELINE_NO_ENTITY_RANKING,,,NOT_APPLICABLE_GLOBAL_BASELINE,HF9g-P5,,,,X 全窗基线 · 不参与实体赏罚,6877643,688,A168_HF9F_20260827_0900,2026-08-27 09:00:00
2026-06-10,70460261,1994,0,102.8621390181,-77.1466042636,-77.1466042636,0E-7,2,2,0.50665070000000000,0.506650700000,-1.013391052207602,-1.013391052207602,-1.013391052207602,0E-17,ELIGIBLE,R03b_20260811_FULL_v1,L1_ELIGIBILITY,v2026-08-11,2026-03-21..2026-08-06,baccarat_bet02_101_all_pairs_incl_sentinel,round_win = game_pnl > 0 (decisive only),COMPATIBILITY_ONLY_NOT_PRODUCTION,268817.8208,244366.2908,168.7661,6248,5610,-0.00062781,-0.08642944,0.00436428,-0.00062781,-168.7661,268817.8208,OK,0.0000,6.7506,4.0000,96.0000,AG03-UNRESOLVED,ALL5_LEVELS_bet23_to_bet27,6.7506,6.7506,6.7506,8.4383,8.4383,4.000000,4.000000,4.000000,5.000000,5.000000,96.000000,96.000000,96.000000,95.000000,95.000000,5.0,37.1285,34.0107,131.6376,134.7554,PENDING_AG03,FALSE,NOT_FOR_ENFORCEMENT,162.0155,234591.6392,168.7661,162.0155,6.7506,0.00062781,0.00060270,6.7506,162.0155,0.00060270,6.7506,6.7506,6.7506,8.4383,8.4383,162.0155,0.00060270,37.1285,34.0107,131.6376,134.7554,0.00048969,0.00050129,0.00002511,43.0246,43.5591,0.0301,2.0581,0.0627,3278.2661,68.4146,17.6798,46.9397,25.7155,39.4976,52.6635,77.1466,82.2897,128.5777,31.4111,0.0,2.083411,3.25533,1.089297,30,192,222,8,0.05498276,0.00062781,0.08642944,0E-8,0.000000,0.909041,0.000000,-0.09079372,2026-03-23,2026-08-06,82,2690,1181,137,0.598540,0.376650,0.410924,0.183276,,,,,,,,GLOBAL_BASELINE_NO_ENTITY_RANKING,,,NOT_APPLICABLE_GLOBAL_BASELINE,HF9g-P5,,,,X 全窗基线 · 不参与实体赏罚,6877644,688,A168_HF9F_20260827_0900,2026-08-27 09:00:00
2026-06-10,70460261,2081,0,128.5776737726,-78.4323810013,-78.4323810013,0.5000000,3,2,0.45001453750005506,0.393378375000,0.14209206825359447,0.3086711997975373,0.14209206825359447,0.05663616250005506,ELIGIBLE,R03b_20260811_FULL_v1,L1_ELIGIBILITY,v2026-08-11,2026-03-21..2026-08-06,baccarat_bet02_101_all_pairs_incl_sentinel,round_win = game_pnl > 0 (decisive only),COMPATIBILITY_ONLY_NOT_PRODUCTION,268817.8208,244366.2908,168.7661,6248,5610,-0.00062781,-0.08642944,0.00436428,-0.00062781,-168.7661,268817.8208,OK,0.0000,6.7506,4.0000,96.0000,AG03-UNRESOLVED,ALL5_LEVELS_bet23_to_bet27,6.7506,6.7506,6.7506,8.4383,8.4383,4.000000,4.000000,4.000000,5.000000,5.000000,96.000000,96.000000,96.000000,95.000000,95.000000,5.0,37.1285,34.0107,131.6376,134.7554,PENDING_AG03,FALSE,NOT_FOR_ENFORCEMENT,162.0155,234591.6392,168.7661,162.0155,6.7506,0.00062781,0.00060270,6.7506,162.0155,0.00060270,6.7506,6.7506,6.7506,8.4383,8.4383,162.0155,0.00060270,37.1285,34.0107,131.6376,134.7554,0.00048969,0.00050129,0.00002511,43.0246,43.5591,0.0301,2.0581,0.0627,3278.2661,68.4146,17.6798,46.9397,25.7155,39.4976,52.6635,77.1466,82.2897,128.5777,31.4111,0.0,2.083411,3.25533,1.089297,30,192,222,8,0.05498276,0.00062781,0.08642944,0E-8,0.000000,0.909041,0.000000,-0.09079372,2026-03-23,2026-08-06,82,2690,1181,137,0.598540,0.376650,0.410924,0.183276,,,,,,,,GLOBAL_BASELINE_NO_ENTITY_RANKING,,,NOT_APPLICABLE_GLOBAL_BASELINE,HF9g-P5,,,,X 全窗基线 · 不参与实体赏罚,6877645,688,A168_HF9F_20260827_0900,2026-08-27 09:00:00
2026-06-10,70460261,2121,0,152.7502764420,-0.3085864171,-0.3085864171,0.5000000,2,2,0.50665070000000000,0.506650700000,-0.018812684590367487,-0.018812684590367487,-0.018812684590367487,0E-17,ELIGIBLE,R03b_20260811_FULL_v1,L1_ELIGIBILITY,v2026-08-11,2026-03-21..2026-08-06,baccarat_bet02_101_all_pairs_incl_sentinel,round_win = game_pnl > 0 (decisive only),COMPATIBILITY_ONLY_NOT_PRODUCTION,268817.8208,244366.2908,168.7661,6248,5610,-0.00062781,-0.08642944,0.00436428,-0.00062781,-168.7661,268817.8208,OK,0.0000,6.7506,4.0000,96.0000,AG03-UNRESOLVED,ALL5_LEVELS_bet23_to_bet27,6.7506,6.7506,6.7506,8.4383,8.4383,4.000000,4.000000,4.000000,5.000000,5.000000,96.000000,96.000000,96.000000,95.000000,95.000000,5.0,37.1285,34.0107,131.6376,134.7554,PENDING_AG03,FALSE,NOT_FOR_ENFORCEMENT,162.0155,234591.6392,168.7661,162.0155,6.7506,0.00062781,0.00060270,6.7506,162.0155,0.00060270,6.7506,6.7506,6.7506,8.4383,8.4383,162.0155,0.00060270,37.1285,34.0107,131.6376,134.7554,0.00048969,0.00050129,0.00002511,43.0246,43.5591,0.0301,2.0581,0.0627,3278.2661,68.4146,17.6798,46.9397,25.7155,39.4976,52.6635,77.1466,82.2897,128.5777,31.4111,0.0,2.083411,3.25533,1.089297,30,192,222,8,0.05498276,0.00062781,0.08642944,0E-8,0.000000,0.909041,0.000000,-0.09079372,2026-03-23,2026-08-06,82,2690,1181,137,0.598540,0.376650,0.410924,0.183276,,,,,,,,GLOBAL_BASELINE_NO_ENTITY_RANKING,,,NOT_APPLICABLE_GLOBAL_BASELINE,HF9g-P5,,,,X 全窗基线 · 不参与实体赏罚,6877646,688,A168_HF9F_20260827_0900,2026-08-27 09:00:00
2026-06-10,70460261,2153,0,141.4354411500,-41.1448556073,-41.1448556073,0.5000000,3,2,0.47428717857135666,0.393378375000,0.07282319932944248,0.3086711997975373,0.07282319932944248,0.08090880357135666,ELIGIBLE,R03b_20260811_FULL_v1,L1_ELIGIBILITY,v2026-08-11,2026-03-21..2026-08-06,baccarat_bet02_101_all_pairs_incl_sentinel,round_win = game_pnl > 0 (decisive only),COMPATIBILITY_ONLY_NOT_PRODUCTION,268817.8208,244366.2908,168.7661,6248,5610,-0.00062781,-0.08642944,0.00436428,-0.00062781,-168.7661,268817.8208,OK,0.0000,6.7506,4.0000,96.0000,AG03-UNRESOLVED,ALL5_LEVELS_bet23_to_bet27,6.7506,6.7506,6.7506,8.4383,8.4383,4.000000,4.000000,4.000000,5.000000,5.000000,96.000000,96.000000,96.000000,95.000000,95.000000,5.0,37.1285,34.0107,131.6376,134.7554,PENDING_AG03,FALSE,NOT_FOR_ENFORCEMENT,162.0155,234591.6392,168.7661,162.0155,6.7506,0.00062781,0.00060270,6.7506,162.0155,0.00060270,6.7506,6.7506,6.7506,8.4383,8.4383,162.0155,0.00060270,37.1285,34.0107,131.6376,134.7554,0.00048969,0.00050129,0.00002511,43.0246,43.5591,0.0301,2.0581,0.0627,3278.2661,68.4146,17.6798,46.9397,25.7155,39.4976,52.6635,77.1466,82.2897,128.5777,31.4111,0.0,2.083411,3.25533,1.089297,30,192,222,8,0.05498276,0.00062781,0.08642944,0E-8,0.000000,0.909041,0.000000,-0.09079372,2026-03-23,2026-08-06,82,2690,1181,137,0.598540,0.376650,0.410924,0.183276,,,,,,,,GLOBAL_BASELINE_NO_ENTITY_RANKING,,,NOT_APPLICABLE_GLOBAL_BASELINE,HF9g-P5,,,,X 全窗基线 · 不参与实体赏罚,6877647,688,A168_HF9F_20260827_0900,2026-08-27 09:00:00
2026-06-10,70460261,2175,0,217.2962686760,-91.9330367476,-91.9330367476,0.3333333,6,3,0.39349285735280397,0.333563316667,-0.2132939967369544,-0.0008448671093200932,-0.2132939967369544,0.05992954068580397,ELIGIBLE,R03b_20260811_FULL_v1,L1_ELIGIBILITY,v2026-08-11,2026-03-21..2026-08-06,baccarat_bet02_101_all_pairs_incl_sentinel,round_win = game_pnl > 0 (decisive only),COMPATIBILITY_ONLY_NOT_PRODUCTION,268817.8208,244366.2908,168.7661,6248,5610,-0.00062781,-0.08642944,0.00436428,-0.00062781,-168.7661,268817.8208,OK,0.0000,6.7506,4.0000,96.0000,AG03-UNRESOLVED,ALL5_LEVELS_bet23_to_bet27,6.7506,6.7506,6.7506,8.4383,8.4383,4.000000,4.000000,4.000000,5.000000,5.000000,96.000000,96.000000,96.000000,95.000000,95.000000,5.0,37.1285,34.0107,131.6376,134.7554,PENDING_AG03,FALSE,NOT_FOR_ENFORCEMENT,162.0155,234591.6392,168.7661,162.0155,6.7506,0.00062781,0.00060270,6.7506,162.0155,0.00060270,6.7506,6.7506,6.7506,8.4383,8.4383,162.0155,0.00060270,37.1285,34.0107,131.6376,134.7554,0.00048969,0.00050129,0.00002511,43.0246,43.5591,0.0301,2.0581,0.0627,3278.2661,68.4146,17.6798,46.9397,25.7155,39.4976,52.6635,77.1466,82.2897,128.5777,31.4111,0.0,2.083411,3.25533,1.089297,30,192,222,8,0.05498276,0.00062781,0.08642944,0E-8,0.000000,0.909041,0.000000,-0.09079372,2026-03-23,2026-08-06,82,2690,1181,137,0.598540,0.376650,0.410924,0.183276,,,,,,,,GLOBAL_BASELINE_NO_ENTITY_RANKING,,,NOT_APPLICABLE_GLOBAL_BASELINE,HF9g-P5,,,,X 全窗基线 · 不参与实体赏罚,6877648,688,A168_HF9F_20260827_0900,2026-08-27 09:00:00
2026-06-10,70460261,2209,0,51.4310695091,51.4310695091,51.4310695091,1.0000000,1,1,0.49324550000000000,0.493245500000,1.01360149184955,1.01360149184955,1.01360149184955,0E-17,ELIGIBLE,R03b_20260811_FULL_v1,L1_ELIGIBILITY,v2026-08-11,2026-03-21..2026-08-06,baccarat_bet02_101_all_pairs_incl_sentinel,round_win = game_pnl > 0 (decisive only),COMPATIBILITY_ONLY_NOT_PRODUCTION,268817.8208,244366.2908,168.7661,6248,5610,-0.00062781,-0.08642944,0.00436428,-0.00062781,-168.7661,268817.8208,OK,0.0000,6.7506,4.0000,96.0000,AG03-UNRESOLVED,ALL5_LEVELS_bet23_to_bet27,6.7506,6.7506,6.7506,8.4383,8.4383,4.000000,4.000000,4.000000,5.000000,5.000000,96.000000,96.000000,96.000000,95.000000,95.000000,5.0,37.1285,34.0107,131.6376,134.7554,PENDING_AG03,FALSE,NOT_FOR_ENFORCEMENT,162.0155,234591.6392,168.7661,162.0155,6.7506,0.00062781,0.00060270,6.7506,162.0155,0.00060270,6.7506,6.7506,6.7506,8.4383,8.4383,162.0155,0.00060270,37.1285,34.0107,131.6376,134.7554,0.00048969,0.00050129,0.00002511,43.0246,43.5591,0.0301,2.0581,0.0627,3278.2661,68.4146,17.6798,46.9397,25.7155,39.4976,52.6635,77.1466,82.2897,128.5777,31.4111,0.0,2.083411,3.25533,1.089297,30,192,222,8,0.05498276,0.00062781,0.08642944,0E-8,0.000000,0.909041,0.000000,-0.09079372,2026-03-23,2026-08-06,82,2690,1181,137,0.598540,0.376650,0.410924,0.183276,,,,,,,,GLOBAL_BASELINE_NO_ENTITY_RANKING,,,NOT_APPLICABLE_GLOBAL_BASELINE,HF9g-P5,,,,X 全窗基线 · 不参与实体赏罚,6877649,688,A168_HF9F_20260827_0900,2026-08-27 09:00:00
2026-06-10,70460261,2216,0,51.4310695091,-51.4310695091,-51.4310695091,0E-7,1,1,0.50665070000000000,0.506650700000,-1.013391052207602,-1.013391052207602,-1.013391052207602,0E-17,ELIGIBLE,R03b_20260811_FULL_v1,L1_ELIGIBILITY,v2026-08-11,2026-03-21..2026-08-06,baccarat_bet02_101_all_pairs_incl_sentinel,round_win = game_pnl > 0 (decisive only),COMPATIBILITY_ONLY_NOT_PRODUCTION,268817.8208,244366.2908,168.7661,6248,5610,-0.00062781,-0.08642944,0.00436428,-0.00062781,-168.7661,268817.8208,OK,0.0000,6.7506,4.0000,96.0000,AG03-UNRESOLVED,ALL5_LEVELS_bet23_to_bet27,6.7506,6.7506,6.7506,8.4383,8.4383,4.000000,4.000000,4.000000,5.000000,5.000000,96.000000,96.000000,96.000000,95.000000,95.000000,5.0,37.1285,34.0107,131.6376,134.7554,PENDING_AG03,FALSE,NOT_FOR_ENFORCEMENT,162.0155,234591.6392,168.7661,162.0155,6.7506,0.00062781,0.00060270,6.7506,162.0155,0.00060270,6.7506,6.7506,6.7506,8.4383,8.4383,162.0155,0.00060270,37.1285,34.0107,131.6376,134.7554,0.00048969,0.00050129,0.00002511,43.0246,43.5591,0.0301,2.0581,0.0627,3278.2661,68.4146,17.6798,46.9397,25.7155,39.4976,52.6635,77.1466,82.2897,128.5777,31.4111,0.0,2.083411,3.25533,1.089297,30,192,222,8,0.05498276,0.00062781,0.08642944,0E-8,0.000000,0.909041,0.000000,-0.09079372,2026-03-23,2026-08-06,82,2690,1181,137,0.598540,0.376650,0.410924,0.183276,,,,,,,,GLOBAL_BASELINE_NO_ENTITY_RANKING,,,NOT_APPLICABLE_GLOBAL_BASELINE,HF9g-P5,,,,X 全窗基线 · 不参与实体赏罚,6877650,688,A168_HF9F_20260827_0900,2026-08-27 09:00:00
2026-06-10,70460261,2222,0,236.5829197418,-16.7150975905,-16.7150975905,0.6000000,7,5,0.45459319085711467,0.407989720000,0.6529771821915824,0.8736153350176359,0.6529771821915824,0.04660347085711467,ELIGIBLE,R03b_20260811_FULL_v1,L1_ELIGIBILITY,v2026-08-11,2026-03-21..2026-08-06,baccarat_bet02_101_all_pairs_incl_sentinel,round_win = game_pnl > 0 (decisive only),COMPATIBILITY_ONLY_NOT_PRODUCTION,268817.8208,244366.2908,168.7661,6248,5610,-0.00062781,-0.08642944,0.00436428,-0.00062781,-168.7661,268817.8208,OK,0.0000,6.7506,4.0000,96.0000,AG03-UNRESOLVED,ALL5_LEVELS_bet23_to_bet27,6.7506,6.7506,6.7506,8.4383,8.4383,4.000000,4.000000,4.000000,5.000000,5.000000,96.000000,96.000000,96.000000,95.000000,95.000000,5.0,37.1285,34.0107,131.6376,134.7554,PENDING_AG03,FALSE,NOT_FOR_ENFORCEMENT,162.0155,234591.6392,168.7661,162.0155,6.7506,0.00062781,0.00060270,6.7506,162.0155,0.00060270,6.7506,6.7506,6.7506,8.4383,8.4383,162.0155,0.00060270,37.1285,34.0107,131.6376,134.7554,0.00048969,0.00050129,0.00002511,43.0246,43.5591,0.0301,2.0581,0.0627,3278.2661,68.4146,17.6798,46.9397,25.7155,39.4976,52.6635,77.1466,82.2897,128.5777,31.4111,0.0,2.083411,3.25533,1.089297,30,192,222,8,0.05498276,0.00062781,0.08642944,0E-8,0.000000,0.909041,0.000000,-0.09079372,2026-03-23,2026-08-06,82,2690,1181,137,0.598540,0.376650,0.410924,0.183276,,,,,,,,GLOBAL_BASELINE_NO_ENTITY_RANKING,,,NOT_APPLICABLE_GLOBAL_BASELINE,HF9g-P5,,,,X 全窗基线 · 不参与实体赏罚,6877651,688,A168_HF9F_20260827_0900,2026-08-27 09:00:00
2026-06-10,70460261,2223,0,74.5750507882,-74.5750507882,-74.5750507882,0E-7,2,1,0.42853185517226714,0.280106050000,-0.865955434683308,-0.6237735893609975,-0.865955434683308,0.14842580517226714,ELIGIBLE,R03b_20260811_FULL_v1,L1_ELIGIBILITY,v2026-08-11,2026-03-21..2026-08-06,baccarat_bet02_101_all_pairs_incl_sentinel,round_win = game_pnl > 0 (decisive only),COMPATIBILITY_ONLY_NOT_PRODUCTION,268817.8208,244366.2908,168.7661,6248,5610,-0.00062781,-0.08642944,0.00436428,-0.00062781,-168.7661,268817.8208,OK,0.0000,6.7506,4.0000,96.0000,AG03-UNRESOLVED,ALL5_LEVELS_bet23_to_bet27,6.7506,6.7506,6.7506,8.4383,8.4383,4.000000,4.000000,4.000000,5.000000,5.000000,96.000000,96.000000,96.000000,95.000000,95.000000,5.0,37.1285,34.0107,131.6376,134.7554,PENDING_AG03,FALSE,NOT_FOR_ENFORCEMENT,162.0155,234591.6392,168.7661,162.0155,6.7506,0.00062781,0.00060270,6.7506,162.0155,0.00060270,6.7506,6.7506,6.7506,8.4383,8.4383,162.0155,0.00060270,37.1285,34.0107,131.6376,134.7554,0.00048969,0.00050129,0.00002511,43.0246,43.5591,0.0301,2.0581,0.0627,3278.2661,68.4146,17.6798,46.9397,25.7155,39.4976,52.6635,77.1466,82.2897,128.5777,31.4111,0.0,2.083411,3.25533,1.089297,30,192,222,8,0.05498276,0.00062781,0.08642944,0E-8,0.000000,0.909041,0.000000,-0.09079372,2026-03-23,2026-08-06,82,2690,1181,137,0.598540,0.376650,0.410924,0.183276,,,,,,,,GLOBAL_BASELINE_NO_ENTITY_RANKING,,,NOT_APPLICABLE_GLOBAL_BASELINE,HF9g-P5,,,,X 全窗基线 · 不参与实体赏罚,6877652,688,A168_HF9F_20260827_0900,2026-08-27 09:00:00
2026-06-10,70460261,2224,0,51.4310695091,48.8595160336,48.8595160336,1.0000000,1,1,0.50665070000000000,0.506650700000,0.9867858985152569,0.9867858985152569,0.9867858985152569,0E-17,ELIGIBLE,R03b_20260811_FULL_v1,L1_ELIGIBILITY,v2026-08-11,2026-03-21..2026-08-06,baccarat_bet02_101_all_pairs_incl_sentinel,round_win = game_pnl > 0 (decisive only),COMPATIBILITY_ONLY_NOT_PRODUCTION,268817.8208,244366.2908,168.7661,6248,5610,-0.00062781,-0.08642944,0.00436428,-0.00062781,-168.7661,268817.8208,OK,0.0000,6.7506,4.0000,96.0000,AG03-UNRESOLVED,ALL5_LEVELS_bet23_to_bet27,6.7506,6.7506,6.7506,8.4383,8.4383,4.000000,4.000000,4.000000,5.000000,5.000000,96.000000,96.000000,96.000000,95.000000,95.000000,5.0,37.1285,34.0107,131.6376,134.7554,PENDING_AG03,FALSE,NOT_FOR_ENFORCEMENT,162.0155,234591.6392,168.7661,162.0155,6.7506,0.00062781,0.00060270,6.7506,162.0155,0.00060270,6.7506,6.7506,6.7506,8.4383,8.4383,162.0155,0.00060270,37.1285,34.0107,131.6376,134.7554,0.00048969,0.00050129,0.00002511,43.0246,43.5591,0.0301,2.0581,0.0627,3278.2661,68.4146,17.6798,46.9397,25.7155,39.4976,52.6635,77.1466,82.2897,128.5777,31.4111,0.0,2.083411,3.25533,1.089297,30,192,222,8,0.05498276,0.00062781,0.08642944,0E-8,0.000000,0.909041,0.000000,-0.09079372,2026-03-23,2026-08-06,82,2690,1181,137,0.598540,0.376650,0.410924,0.183276,,,,,,,,GLOBAL_BASELINE_NO_ENTITY_RANKING,,,NOT_APPLICABLE_GLOBAL_BASELINE,HF9g-P5,,,,X 全窗基线 · 不参与实体赏罚,6877653,688,A168_HF9F_20260827_0900,2026-08-27 09:00:00
2026-06-10,70460261,2229,0,77.1466042636,73.2892740505,73.2892740505,1.0000000,1,1,0.50665070000000000,0.506650700000,0.9867858985152569,0.9867858985152569,0.9867858985152569,0E-17,ELIGIBLE,R03b_20260811_FULL_v1,L1_ELIGIBILITY,v2026-08-11,2026-03-21..2026-08-06,baccarat_bet02_101_all_pairs_incl_sentinel,round_win = game_pnl > 0 (decisive only),COMPATIBILITY_ONLY_NOT_PRODUCTION,268817.8208,244366.2908,168.7661,6248,5610,-0.00062781,-0.08642944,0.00436428,-0.00062781,-168.7661,268817.8208,OK,0.0000,6.7506,4.0000,96.0000,AG03-UNRESOLVED,ALL5_LEVELS_bet23_to_bet27,6.7506,6.7506,6.7506,8.4383,8.4383,4.000000,4.000000,4.000000,5.000000,5.000000,96.000000,96.000000,96.000000,95.000000,95.000000,5.0,37.1285,34.0107,131.6376,134.7554,PENDING_AG03,FALSE,NOT_FOR_ENFORCEMENT,162.0155,234591.6392,168.7661,162.0155,6.7506,0.00062781,0.00060270,6.7506,162.0155,0.00060270,6.7506,6.7506,6.7506,8.4383,8.4383,162.0155,0.00060270,37.1285,34.0107,131.6376,134.7554,0.00048969,0.00050129,0.00002511,43.0246,43.5591,0.0301,2.0581,0.0627,3278.2661,68.4146,17.6798,46.9397,25.7155,39.4976,52.6635,77.1466,82.2897,128.5777,31.4111,0.0,2.083411,3.25533,1.089297,30,192,222,8,0.05498276,0.00062781,0.08642944,0E-8,0.000000,0.909041,0.000000,-0.09079372,2026-03-23,2026-08-06,82,2690,1181,137,0.598540,0.376650,0.410924,0.183276,,,,,,,,GLOBAL_BASELINE_NO_ENTITY_RANKING,,,NOT_APPLICABLE_GLOBAL_BASELINE,HF9g-P5,,,,X 全窗基线 · 不参与实体赏罚,6877654,688,A168_HF9F_20260827_0900,2026-08-27 09:00:00
2026-06-10,70460261,2233,0,500.4243063235,189.5620644431,189.5620644431,0.6666667,6,6,0.50441650000000000,0.504416500000,0.7948912480929629,0.7948912480929629,0.7948912480929629,0E-17,ELIGIBLE,R03b_20260811_FULL_v1,L1_ELIGIBILITY,v2026-08-11,2026-03-21..2026-08-06,baccarat_bet02_101_all_pairs_incl_sentinel,round_win = game_pnl > 0 (decisive only),COMPATIBILITY_ONLY_NOT_PRODUCTION,268817.8208,244366.2908,168.7661,6248,5610,-0.00062781,-0.08642944,0.00436428,-0.00062781,-168.7661,268817.8208,OK,0.0000,6.7506,4.0000,96.0000,AG03-UNRESOLVED,ALL5_LEVELS_bet23_to_bet27,6.7506,6.7506,6.7506,8.4383,8.4383,4.000000,4.000000,4.000000,5.000000,5.000000,96.000000,96.000000,96.000000,95.000000,95.000000,5.0,37.1285,34.0107,131.6376,134.7554,PENDING_AG03,FALSE,NOT_FOR_ENFORCEMENT,162.0155,234591.6392,168.7661,162.0155,6.7506,0.00062781,0.00060270,6.7506,162.0155,0.00060270,6.7506,6.7506,6.7506,8.4383,8.4383,162.0155,0.00060270,37.1285,34.0107,131.6376,134.7554,0.00048969,0.00050129,0.00002511,43.0246,43.5591,0.0301,2.0581,0.0627,3278.2661,68.4146,17.6798,46.9397,25.7155,39.4976,52.6635,77.1466,82.2897,128.5777,31.4111,0.0,2.083411,3.25533,1.089297,30,192,222,8,0.05498276,0.00062781,0.08642944,0E-8,0.000000,0.909041,0.000000,-0.09079372,2026-03-23,2026-08-06,82,2690,1181,137,0.598540,0.376650,0.410924,0.183276,,,,,,,,GLOBAL_BASELINE_NO_ENTITY_RANKING,,,NOT_APPLICABLE_GLOBAL_BASELINE,HF9g-P5,,,,X 全窗基线 · 不参与实体赏罚,6877655,688,A168_HF9F_20260827_0900,2026-08-27 09:00:00
2026-06-10,70460261,2235,0,102.8621390181,0E-10,0E-10,,2,2,0.49994810000000000,0.499948100000,,,,0E-17,NO_DECISIVE_ROUND,R03b_20260811_FULL_v1,L1_ELIGIBILITY,v2026-08-11,2026-03-21..2026-08-06,baccarat_bet02_101_all_pairs_incl_sentinel,round_win = game_pnl > 0 (decisive only),COMPATIBILITY_ONLY_NOT_PRODUCTION,268817.8208,244366.2908,168.7661,6248,5610,-0.00062781,-0.08642944,0.00436428,-0.00062781,-168.7661,268817.8208,OK,0.0000,6.7506,4.0000,96.0000,AG03-UNRESOLVED,ALL5_LEVELS_bet23_to_bet27,6.7506,6.7506,6.7506,8.4383,8.4383,4.000000,4.000000,4.000000,5.000000,5.000000,96.000000,96.000000,96.000000,95.000000,95.000000,5.0,37.1285,34.0107,131.6376,134.7554,PENDING_AG03,FALSE,NOT_FOR_ENFORCEMENT,162.0155,234591.6392,168.7661,162.0155,6.7506,0.00062781,0.00060270,6.7506,162.0155,0.00060270,6.7506,6.7506,6.7506,8.4383,8.4383,162.0155,0.00060270,37.1285,34.0107,131.6376,134.7554,0.00048969,0.00050129,0.00002511,43.0246,43.5591,0.0301,2.0581,0.0627,3278.2661,68.4146,17.6798,46.9397,25.7155,39.4976,52.6635,77.1466,82.2897,128.5777,31.4111,0.0,2.083411,3.25533,1.089297,30,192,222,8,0.05498276,0.00062781,0.08642944,0E-8,0.000000,0.909041,0.000000,-0.09079372,2026-03-23,2026-08-06,82,2690,1181,137,0.598540,0.376650,0.410924,0.183276,,,,,,,,GLOBAL_BASELINE_NO_ENTITY_RANKING,,,NOT_APPLICABLE_GLOBAL_BASELINE,HF9g-P5,,,,X 全窗基线 · 不参与实体赏罚,6877656,688,A168_HF9F_20260827_0900,2026-08-27 09:00:00
2026-06-10,70460261,2239,0,51.4310695091,-51.4310695091,-51.4310695091,0E-7,1,1,0.49324550000000000,0.493245500000,-0.9865810262130424,-0.9865810262130424,-0.9865810262130424,0E-17,ELIGIBLE,R03b_20260811_FULL_v1,L1_ELIGIBILITY,v2026-08-11,2026-03-21..2026-08-06,baccarat_bet02_101_all_pairs_incl_sentinel,round_win = game_pnl > 0 (decisive only),COMPATIBILITY_ONLY_NOT_PRODUCTION,268817.8208,244366.2908,168.7661,6248,5610,-0.00062781,-0.08642944,0.00436428,-0.00062781,-168.7661,268817.8208,OK,0.0000,6.7506,4.0000,96.0000,AG03-UNRESOLVED,ALL5_LEVELS_bet23_to_bet27,6.7506,6.7506,6.7506,8.4383,8.4383,4.000000,4.000000,4.000000,5.000000,5.000000,96.000000,96.000000,96.000000,95.000000,95.000000,5.0,37.1285,34.0107,131.6376,134.7554,PENDING_AG03,FALSE,NOT_FOR_ENFORCEMENT,162.0155,234591.6392,168.7661,162.0155,6.7506,0.00062781,0.00060270,6.7506,162.0155,0.00060270,6.7506,6.7506,6.7506,8.4383,8.4383,162.0155,0.00060270,37.1285,34.0107,131.6376,134.7554,0.00048969,0.00050129,0.00002511,43.0246,43.5591,0.0301,2.0581,0.0627,3278.2661,68.4146,17.6798,46.9397,25.7155,39.4976,52.6635,77.1466,82.2897,128.5777,31.4111,0.0,2.083411,3.25533,1.089297,30,192,222,8,0.05498276,0.00062781,0.08642944,0E-8,0.000000,0.909041,0.000000,-0.09079372,2026-03-23,2026-08-06,82,2690,1181,137,0.598540,0.376650,0.410924,0.183276,,,,,,,,GLOBAL_BASELINE_NO_ENTITY_RANKING,,,NOT_APPLICABLE_GLOBAL_BASELINE,HF9g-P5,,,,X 全窗基线 · 不参与实体赏罚,6877657,688,A168_HF9F_20260827_0900,2026-08-27 09:00:00
2026-06-10,70460261,2248,0,406.3054491217,-205.7242780362,-205.7242780362,0.2000000,7,5,0.47040355600005638,0.416032840000,-1.2114055876356697,-0.980046671443084,-1.2114055876356697,0.05437071600005638,ELIGIBLE,R03b_20260811_FULL_v1,L1_ELIGIBILITY,v2026-08-11,2026-03-21..2026-08-06,baccarat_bet02_101_all_pairs_incl_sentinel,round_win = game_pnl > 0 (decisive only),COMPATIBILITY_ONLY_NOT_PRODUCTION,268817.8208,244366.2908,168.7661,6248,5610,-0.00062781,-0.08642944,0.00436428,-0.00062781,-168.7661,268817.8208,OK,0.0000,6.7506,4.0000,96.0000,AG03-UNRESOLVED,ALL5_LEVELS_bet23_to_bet27,6.7506,6.7506,6.7506,8.4383,8.4383,4.000000,4.000000,4.000000,5.000000,5.000000,96.000000,96.000000,96.000000,95.000000,95.000000,5.0,37.1285,34.0107,131.6376,134.7554,PENDING_AG03,FALSE,NOT_FOR_ENFORCEMENT,162.0155,234591.6392,168.7661,162.0155,6.7506,0.00062781,0.00060270,6.7506,162.0155,0.00060270,6.7506,6.7506,6.7506,8.4383,8.4383,162.0155,0.00060270,37.1285,34.0107,131.6376,134.7554,0.00048969,0.00050129,0.00002511,43.0246,43.5591,0.0301,2.0581,0.0627,3278.2661,68.4146,17.6798,46.9397,25.7155,39.4976,52.6635,77.1466,82.2897,128.5777,31.4111,0.0,2.083411,3.25533,1.089297,30,192,222,8,0.05498276,0.00062781,0.08642944,0E-8,0.000000,0.909041,0.000000,-0.09079372,2026-03-23,2026-08-06,82,2690,1181,137,0.598540,0.376650,0.410924,0.183276,,,,,,,,GLOBAL_BASELINE_NO_ENTITY_RANKING,,,NOT_APPLICABLE_GLOBAL_BASELINE,HF9g-P5,,,,X 全窗基线 · 不参与实体赏罚,6877658,688,A168_HF9F_20260827_0900,2026-08-27 09:00:00
2026-06-10,70460261,2250,0,87.4328181655,-87.4328181655,-87.4328181655,0E-7,1,1,0.50665070000000000,0.506650700000,-1.013391052207602,-1.013391052207602,-1.013391052207602,0E-17,ELIGIBLE,R03b_20260811_FULL_v1,L1_ELIGIBILITY,v2026-08-11,2026-03-21..2026-08-06,baccarat_bet02_101_all_pairs_incl_sentinel,round_win = game_pnl > 0 (decisive only),COMPATIBILITY_ONLY_NOT_PRODUCTION,268817.8208,244366.2908,168.7661,6248,5610,-0.00062781,-0.08642944,0.00436428,-0.00062781,-168.7661,268817.8208,OK,0.0000,6.7506,4.0000,96.0000,AG03-UNRESOLVED,ALL5_LEVELS_bet23_to_bet27,6.7506,6.7506,6.7506,8.4383,8.4383,4.000000,4.000000,4.000000,5.000000,5.000000,96.000000,96.000000,96.000000,95.000000,95.000000,5.0,37.1285,34.0107,131.6376,134.7554,PENDING_AG03,FALSE,NOT_FOR_ENFORCEMENT,162.0155,234591.6392,168.7661,162.0155,6.7506,0.00062781,0.00060270,6.7506,162.0155,0.00060270,6.7506,6.7506,6.7506,8.4383,8.4383,162.0155,0.00060270,37.1285,34.0107,131.6376,134.7554,0.00048969,0.00050129,0.00002511,43.0246,43.5591,0.0301,2.0581,0.0627,3278.2661,68.4146,17.6798,46.9397,25.7155,39.4976,52.6635,77.1466,82.2897,128.5777,31.4111,0.0,2.083411,3.25533,1.089297,30,192,222,8,0.05498276,0.00062781,0.08642944,0E-8,0.000000,0.909041,0.000000,-0.09079372,2026-03-23,2026-08-06,82,2690,1181,137,0.598540,0.376650,0.410924,0.183276,,,,,,,,GLOBAL_BASELINE_NO_ENTITY_RANKING,,,NOT_APPLICABLE_GLOBAL_BASELINE,HF9g-P5,,,,X 全窗基线 · 不参与实体赏罚,6877659,688,A168_HF9F_20260827_0900,2026-08-27 09:00:00
2026-06-10,70460261,2251,0,7.9718157739,-7.9718157739,-7.9718157739,0E-7,1,1,0.50665070000000000,0.506650700000,-1.013391052207602,-1.013391052207602,-1.013391052207602,0E-17,ELIGIBLE,R03b_20260811_FULL_v1,L1_ELIGIBILITY,v2026-08-11,2026-03-21..2026-08-06,baccarat_bet02_101_all_pairs_incl_sentinel,round_win = game_pnl > 0 (decisive only),COMPATIBILITY_ONLY_NOT_PRODUCTION,268817.8208,244366.2908,168.7661,6248,5610,-0.00062781,-0.08642944,0.00436428,-0.00062781,-168.7661,268817.8208,OK,0.0000,6.7506,4.0000,96.0000,AG03-UNRESOLVED,ALL5_LEVELS_bet23_to_bet27,6.7506,6.7506,6.7506,8.4383,8.4383,4.000000,4.000000,4.000000,5.000000,5.000000,96.000000,96.000000,96.000000,95.000000,95.000000,5.0,37.1285,34.0107,131.6376,134.7554,PENDING_AG03,FALSE,NOT_FOR_ENFORCEMENT,162.0155,234591.6392,168.7661,162.0155,6.7506,0.00062781,0.00060270,6.7506,162.0155,0.00060270,6.7506,6.7506,6.7506,8.4383,8.4383,162.0155,0.00060270,37.1285,34.0107,131.6376,134.7554,0.00048969,0.00050129,0.00002511,43.0246,43.5591,0.0301,2.0581,0.0627,3278.2661,68.4146,17.6798,46.9397,25.7155,39.4976,52.6635,77.1466,82.2897,128.5777,31.4111,0.0,2.083411,3.25533,1.089297,30,192,222,8,0.05498276,0.00062781,0.08642944,0E-8,0.000000,0.909041,0.000000,-0.09079372,2026-03-23,2026-08-06,82,2690,1181,137,0.598540,0.376650,0.410924,0.183276,,,,,,,,GLOBAL_BASELINE_NO_ENTITY_RANKING,,,NOT_APPLICABLE_GLOBAL_BASELINE,HF9g-P5,,,,X 全窗基线 · 不参与实体赏罚,6877660,688,A168_HF9F_20260827_0900,2026-08-27 09:00:00
2026-06-10,70460261,2256,0,156.8647620027,-156.8647620027,-156.8647620027,0E-7,2,2,0.50665070000000000,0.506650700000,-1.4331513700195317,-1.4331513700195317,-1.4331513700195317,0E-17,ELIGIBLE,R03b_20260811_FULL_v1,L1_ELIGIBILITY,v2026-08-11,2026-03-21..2026-08-06,baccarat_bet02_101_all_pairs_incl_sentinel,round_win = game_pnl > 0 (decisive only),COMPATIBILITY_ONLY_NOT_PRODUCTION,268817.8208,244366.2908,168.7661,6248,5610,-0.00062781,-0.08642944,0.00436428,-0.00062781,-168.7661,268817.8208,OK,0.0000,6.7506,4.0000,96.0000,AG03-UNRESOLVED,ALL5_LEVELS_bet23_to_bet27,6.7506,6.7506,6.7506,8.4383,8.4383,4.000000,4.000000,4.000000,5.000000,5.000000,96.000000,96.000000,96.000000,95.000000,95.000000,5.0,37.1285,34.0107,131.6376,134.7554,PENDING_AG03,FALSE,NOT_FOR_ENFORCEMENT,162.0155,234591.6392,168.7661,162.0155,6.7506,0.00062781,0.00060270,6.7506,162.0155,0.00060270,6.7506,6.7506,6.7506,8.4383,8.4383,162.0155,0.00060270,37.1285,34.0107,131.6376,134.7554,0.00048969,0.00050129,0.00002511,43.0246,43.5591,0.0301,2.0581,0.0627,3278.2661,68.4146,17.6798,46.9397,25.7155,39.4976,52.6635,77.1466,82.2897,128.5777,31.4111,0.0,2.083411,3.25533,1.089297,30,192,222,8,0.05498276,0.00062781,0.08642944,0E-8,0.000000,0.909041,0.000000,-0.09079372,2026-03-23,2026-08-06,82,2690,1181,137,0.598540,0.376650,0.410924,0.183276,,,,,,,,GLOBAL_BASELINE_NO_ENTITY_RANKING,,,NOT_APPLICABLE_GLOBAL_BASELINE,HF9g-P5,,,,X 全窗基线 · 不参与实体赏罚,6877661,688,A168_HF9F_20260827_0900,2026-08-27 09:00:00
2026-06-10,70460261,2258,0,78.1752256538,-78.1752256538,-78.1752256538,0E-7,1,1,0.50665070000000000,0.506650700000,-1.013391052207602,-1.013391052207602,-1.013391052207602,0E-17,ELIGIBLE,R03b_20260811_FULL_v1,L1_ELIGIBILITY,v2026-08-11,2026-03-21..2026-08-06,baccarat_bet02_101_all_pairs_incl_sentinel,round_win = game_pnl > 0 (decisive only),COMPATIBILITY_ONLY_NOT_PRODUCTION,268817.8208,244366.2908,168.7661,6248,5610,-0.00062781,-0.08642944,0.00436428,-0.00062781,-168.7661,268817.8208,OK,0.0000,6.7506,4.0000,96.0000,AG03-UNRESOLVED,ALL5_LEVELS_bet23_to_bet27,6.7506,6.7506,6.7506,8.4383,8.4383,4.000000,4.000000,4.000000,5.000000,5.000000,96.000000,96.000000,96.000000,95.000000,95.000000,5.0,37.1285,34.0107,131.6376,134.7554,PENDING_AG03,FALSE,NOT_FOR_ENFORCEMENT,162.0155,234591.6392,168.7661,162.0155,6.7506,0.00062781,0.00060270,6.7506,162.0155,0.00060270,6.7506,6.7506,6.7506,8.4383,8.4383,162.0155,0.00060270,37.1285,34.0107,131.6376,134.7554,0.00048969,0.00050129,0.00002511,43.0246,43.5591,0.0301,2.0581,0.0627,3278.2661,68.4146,17.6798,46.9397,25.7155,39.4976,52.6635,77.1466,82.2897,128.5777,31.4111,0.0,2.083411,3.25533,1.089297,30,192,222,8,0.05498276,0.00062781,0.08642944,0E-8,0.000000,0.909041,0.000000,-0.09079372,2026-03-23,2026-08-06,82,2690,1181,137,0.598540,0.376650,0.410924,0.183276,,,,,,,,GLOBAL_BASELINE_NO_ENTITY_RANKING,,,NOT_APPLICABLE_GLOBAL_BASELINE,HF9g-P5,,,,X 全窗基线 · 不参与实体赏罚,6877662,688,A168_HF9F_20260827_0900,2026-08-27 09:00:00
2026-06-10,70460261,2266,0,154.8075192223,-154.8075192223,-154.8075192223,0E-7,2,1,0.43138669667784296,0.280106050000,-0.8710134590622511,-0.6237735893609975,-0.8710134590622511,0.15128064667784296,ELIGIBLE,R03b_20260811_FULL_v1,L1_ELIGIBILITY,v2026-08-11,2026-03-21..2026-08-06,baccarat_bet02_101_all_pairs_incl_sentinel,round_win = game_pnl > 0 (decisive only),COMPATIBILITY_ONLY_NOT_PRODUCTION,268817.8208,244366.2908,168.7661,6248,5610,-0.00062781,-0.08642944,0.00436428,-0.00062781,-168.7661,268817.8208,OK,0.0000,6.7506,4.0000,96.0000,AG03-UNRESOLVED,ALL5_LEVELS_bet23_to_bet27,6.7506,6.7506,6.7506,8.4383,8.4383,4.000000,4.000000,4.000000,5.000000,5.000000,96.000000,96.000000,96.000000,95.000000,95.000000,5.0,37.1285,34.0107,131.6376,134.7554,PENDING_AG03,FALSE,NOT_FOR_ENFORCEMENT,162.0155,234591.6392,168.7661,162.0155,6.7506,0.00062781,0.00060270,6.7506,162.0155,0.00060270,6.7506,6.7506,6.7506,8.4383,8.4383,162.0155,0.00060270,37.1285,34.0107,131.6376,134.7554,0.00048969,0.00050129,0.00002511,43.0246,43.5591,0.0301,2.0581,0.0627,3278.2661,68.4146,17.6798,46.9397,25.7155,39.4976,52.6635,77.1466,82.2897,128.5777,31.4111,0.0,2.083411,3.25533,1.089297,30,192,222,8,0.05498276,0.00062781,0.08642944,0E-8,0.000000,0.909041,0.000000,-0.09079372,2026-03-23,2026-08-06,82,2690,1181,137,0.598540,0.376650,0.410924,0.183276,,,,,,,,GLOBAL_BASELINE_NO_ENTITY_RANKING,,,NOT_APPLICABLE_GLOBAL_BASELINE,HF9g-P5,,,,X 全窗基线 · 不参与实体赏罚,6877663,688,A168_HF9F_20260827_0900,2026-08-27 09:00:00
2026-06-10,70460261,2276,0,64.2888368864,-64.2888368864,-64.2888368864,0E-7,2,1,0.41091389999987193,0.287416500000,-0.8351914284999125,-0.6350939377956173,-0.8351914284999125,0.12349739999987193,ELIGIBLE,R03b_20260811_FULL_v1,L1_ELIGIBILITY,v2026-08-11,2026-03-21..2026-08-06,baccarat_bet02_101_all_pairs_incl_sentinel,round_win = game_pnl > 0 (decisive only),COMPATIBILITY_ONLY_NOT_PRODUCTION,268817.8208,244366.2908,168.7661,6248,5610,-0.00062781,-0.08642944,0.00436428,-0.00062781,-168.7661,268817.8208,OK,0.0000,6.7506,4.0000,96.0000,AG03-UNRESOLVED,ALL5_LEVELS_bet23_to_bet27,6.7506,6.7506,6.7506,8.4383,8.4383,4.000000,4.000000,4.000000,5.000000,5.000000,96.000000,96.000000,96.000000,95.000000,95.000000,5.0,37.1285,34.0107,131.6376,134.7554,PENDING_AG03,FALSE,NOT_FOR_ENFORCEMENT,162.0155,234591.6392,168.7661,162.0155,6.7506,0.00062781,0.00060270,6.7506,162.0155,0.00060270,6.7506,6.7506,6.7506,8.4383,8.4383,162.0155,0.00060270,37.1285,34.0107,131.6376,134.7554,0.00048969,0.00050129,0.00002511,43.0246,43.5591,0.0301,2.0581,0.0627,3278.2661,68.4146,17.6798,46.9397,25.7155,39.4976,52.6635,77.1466,82.2897,128.5777,31.4111,0.0,2.083411,3.25533,1.089297,30,192,222,8,0.05498276,0.00062781,0.08642944,0E-8,0.000000,0.909041,0.000000,-0.09079372,2026-03-23,2026-08-06,82,2690,1181,137,0.598540,0.376650,0.410924,0.183276,,,,,,,,GLOBAL_BASELINE_NO_ENTITY_RANKING,,,NOT_APPLICABLE_GLOBAL_BASELINE,HF9g-P5,,,,X 全窗基线 · 不参与实体赏罚,6877664,688,A168_HF9F_20260827_0900,2026-08-27 09:00:00
2026-06-10,70460261,772,0,64.2888368864,-64.2888368864,-64.2888368864,0E-7,1,1,0.50665070000000000,0.506650700000,-1.013391052207602,-1.013391052207602,-1.013391052207602,0E-17,ELIGIBLE,R03b_20260811_FULL_v1,L1_ELIGIBILITY,v2026-08-11,2026-03-21..2026-08-06,baccarat_bet02_101_all_pairs_incl_sentinel,round_win = game_pnl > 0 (decisive only),COMPATIBILITY_ONLY_NOT_PRODUCTION,268817.8208,244366.2908,168.7661,6248,5610,-0.00062781,-0.08642944,0.00436428,-0.00062781,-168.7661,268817.8208,OK,0.0000,6.7506,4.0000,96.0000,AG03-UNRESOLVED,ALL5_LEVELS_bet23_to_bet27,6.7506,6.7506,6.7506,8.4383,8.4383,4.000000,4.000000,4.000000,5.000000,5.000000,96.000000,96.000000,96.000000,95.000000,95.000000,5.0,37.1285,34.0107,131.6376,134.7554,PENDING_AG03,FALSE,NOT_FOR_ENFORCEMENT,162.0155,234591.6392,168.7661,162.0155,6.7506,0.00062781,0.00060270,6.7506,162.0155,0.00060270,6.7506,6.7506,6.7506,8.4383,8.4383,162.0155,0.00060270,37.1285,34.0107,131.6376,134.7554,0.00048969,0.00050129,0.00002511,43.0246,43.5591,0.0301,2.0581,0.0627,3278.2661,68.4146,17.6798,46.9397,25.7155,39.4976,52.6635,77.1466,82.2897,128.5777,31.4111,0.0,2.083411,3.25533,1.089297,30,192,222,8,0.05498276,0.00062781,0.08642944,0E-8,0.000000,0.909041,0.000000,-0.09079372,2026-03-23,2026-08-06,82,2690,1181,137,0.598540,0.376650,0.410924,0.183276,,,,,,,,GLOBAL_BASELINE_NO_ENTITY_RANKING,,,NOT_APPLICABLE_GLOBAL_BASELINE,HF9g-P5,,,,X 全窗基线 · 不参与实体赏罚,6877665,688,A168_HF9F_20260827_0900,2026-08-27 09:00:00
2026-06-10,70460261,789,0,59.1457299355,56.1884434386,56.1884434386,1.0000000,2,2,0.50665070000000000,0.506650700000,1.3955260008387969,1.3955260008387969,1.3955260008387969,0E-17,ELIGIBLE,R03b_20260811_FULL_v1,L1_ELIGIBILITY,v2026-08-11,2026-03-21..2026-08-06,baccarat_bet02_101_all_pairs_incl_sentinel,round_win = game_pnl > 0 (decisive only),COMPATIBILITY_ONLY_NOT_PRODUCTION,268817.8208,244366.2908,168.7661,6248,5610,-0.00062781,-0.08642944,0.00436428,-0.00062781,-168.7661,268817.8208,OK,0.0000,6.7506,4.0000,96.0000,AG03-UNRESOLVED,ALL5_LEVELS_bet23_to_bet27,6.7506,6.7506,6.7506,8.4383,8.4383,4.000000,4.000000,4.000000,5.000000,5.000000,96.000000,96.000000,96.000000,95.000000,95.000000,5.0,37.1285,34.0107,131.6376,134.7554,PENDING_AG03,FALSE,NOT_FOR_ENFORCEMENT,162.0155,234591.6392,168.7661,162.0155,6.7506,0.00062781,0.00060270,6.7506,162.0155,0.00060270,6.7506,6.7506,6.7506,8.4383,8.4383,162.0155,0.00060270,37.1285,34.0107,131.6376,134.7554,0.00048969,0.00050129,0.00002511,43.0246,43.5591,0.0301,2.0581,0.0627,3278.2661,68.4146,17.6798,46.9397,25.7155,39.4976,52.6635,77.1466,82.2897,128.5777,31.4111,0.0,2.083411,3.25533,1.089297,30,192,222,8,0.05498276,0.00062781,0.08642944,0E-8,0.000000,0.909041,0.000000,-0.09079372,2026-03-23,2026-08-06,82,2690,1181,137,0.598540,0.376650,0.410924,0.183276,,,,,,,,GLOBAL_BASELINE_NO_ENTITY_RANKING,,,NOT_APPLICABLE_GLOBAL_BASELINE,HF9g-P5,,,,X 全窗基线 · 不参与实体赏罚,6877666,688,A168_HF9F_20260827_0900,2026-08-27 09:00:00
2026-06-10,70460261,925,0,102.8621390182,97.7190320672,97.7190320672,1.0000000,2,2,0.50665070000000000,0.506650700000,1.3955260008387969,1.3955260008387969,1.3955260008387969,0E-17,ELIGIBLE,R03b_20260811_FULL_v1,L1_ELIGIBILITY,v2026-08-11,2026-03-21..2026-08-06,baccarat_bet02_101_all_pairs_incl_sentinel,round_win = game_pnl > 0 (decisive only),COMPATIBILITY_ONLY_NOT_PRODUCTION,268817.8208,244366.2908,168.7661,6248,5610,-0.00062781,-0.08642944,0.00436428,-0.00062781,-168.7661,268817.8208,OK,0.0000,6.7506,4.0000,96.0000,AG03-UNRESOLVED,ALL5_LEVELS_bet23_to_bet27,6.7506,6.7506,6.7506,8.4383,8.4383,4.000000,4.000000,4.000000,5.000000,5.000000,96.000000,96.000000,96.000000,95.000000,95.000000,5.0,37.1285,34.0107,131.6376,134.7554,PENDING_AG03,FALSE,NOT_FOR_ENFORCEMENT,162.0155,234591.6392,168.7661,162.0155,6.7506,0.00062781,0.00060270,6.7506,162.0155,0.00060270,6.7506,6.7506,6.7506,8.4383,8.4383,162.0155,0.00060270,37.1285,34.0107,131.6376,134.7554,0.00048969,0.00050129,0.00002511,43.0246,43.5591,0.0301,2.0581,0.0627,3278.2661,68.4146,17.6798,46.9397,25.7155,39.4976,52.6635,77.1466,82.2897,128.5777,31.4111,0.0,2.083411,3.25533,1.089297,30,192,222,8,0.05498276,0.00062781,0.08642944,0E-8,0.000000,0.909041,0.000000,-0.09079372,2026-03-23,2026-08-06,82,2690,1181,137,0.598540,0.376650,0.410924,0.183276,,,,,,,,GLOBAL_BASELINE_NO_ENTITY_RANKING,,,NOT_APPLICABLE_GLOBAL_BASELINE,HF9g-P5,,,,X 全窗基线 · 不参与实体赏罚,6877667,688,A168_HF9F_20260827_0900,2026-08-27 09:00:00
2026-06-11,70460261,-1,1,102.8621390181,-102.8621390181,-102.8621390181,0E-7,2,1,0.39337837500011012,0.280106050000,-0.8052788575963955,-0.6237735893609975,-0.8052788575963955,0.11327232500011012,SENTINEL_DEALER,R03b_20260811_FULL_v1,L1_ELIGIBILITY,v2026-08-11,2026-03-21..2026-08-06,baccarat_bet02_101_all_pairs_incl_sentinel,round_win = game_pnl > 0 (decisive only),COMPATIBILITY_ONLY_NOT_PRODUCTION,268817.8208,244366.2908,168.7661,6248,5610,-0.00062781,-0.08642944,0.00436428,-0.00062781,-168.7661,268817.8208,OK,0.0000,6.7506,4.0000,96.0000,AG03-UNRESOLVED,ALL5_LEVELS_bet23_to_bet27,6.7506,6.7506,6.7506,8.4383,8.4383,4.000000,4.000000,4.000000,5.000000,5.000000,96.000000,96.000000,96.000000,95.000000,95.000000,5.0,37.1285,34.0107,131.6376,134.7554,PENDING_AG03,FALSE,NOT_FOR_ENFORCEMENT,162.0155,234591.6392,168.7661,162.0155,6.7506,0.00062781,0.00060270,6.7506,162.0155,0.00060270,6.7506,6.7506,6.7506,8.4383,8.4383,162.0155,0.00060270,37.1285,34.0107,131.6376,134.7554,0.00048969,0.00050129,0.00002511,43.0246,43.5591,0.0301,2.0581,0.0627,3278.2661,68.4146,17.6798,46.9397,25.7155,39.4976,52.6635,77.1466,82.2897,128.5777,31.4111,0.0,2.083411,3.25533,1.089297,30,192,222,8,0.05498276,0.00062781,0.08642944,0E-8,0.000000,0.909041,0.000000,-0.09079372,2026-03-23,2026-08-06,82,2690,1181,137,0.598540,0.376650,0.410924,0.183276,,,,,,,,GLOBAL_BASELINE_NO_ENTITY_RANKING,,,NOT_APPLICABLE_GLOBAL_BASELINE,HF9g-P5,,,,X 全窗基线 · 不参与实体赏罚,6877668,688,A168_HF9F_20260827_0900,2026-08-27 09:00:00
2026-06-11,70460261,1490,0,154.2932085272,-154.2932085272,-154.2932085272,0E-7,2,1,0.43113581666676455,0.280106050000,-0.8705681140094413,-0.6237735893609975,-0.8705681140094413,0.15102976666676455,ELIGIBLE,R03b_20260811_FULL_v1,L1_ELIGIBILITY,v2026-08-11,2026-03-21..2026-08-06,baccarat_bet02_101_all_pairs_incl_sentinel,round_win = game_pnl > 0 (decisive only),COMPATIBILITY_ONLY_NOT_PRODUCTION,268817.8208,244366.2908,168.7661,6248,5610,-0.00062781,-0.08642944,0.00436428,-0.00062781,-168.7661,268817.8208,OK,0.0000,6.7506,4.0000,96.0000,AG03-UNRESOLVED,ALL5_LEVELS_bet23_to_bet27,6.7506,6.7506,6.7506,8.4383,8.4383,4.000000,4.000000,4.000000,5.000000,5.000000,96.000000,96.000000,96.000000,95.000000,95.000000,5.0,37.1285,34.0107,131.6376,134.7554,PENDING_AG03,FALSE,NOT_FOR_ENFORCEMENT,162.0155,234591.6392,168.7661,162.0155,6.7506,0.00062781,0.00060270,6.7506,162.0155,0.00060270,6.7506,6.7506,6.7506,8.4383,8.4383,162.0155,0.00060270,37.1285,34.0107,131.6376,134.7554,0.00048969,0.00050129,0.00002511,43.0246,43.5591,0.0301,2.0581,0.0627,3278.2661,68.4146,17.6798,46.9397,25.7155,39.4976,52.6635,77.1466,82.2897,128.5777,31.4111,0.0,2.083411,3.25533,1.089297,30,192,222,8,0.05498276,0.00062781,0.08642944,0E-8,0.000000,0.909041,0.000000,-0.09079372,2026-03-23,2026-08-06,82,2690,1181,137,0.598540,0.376650,0.410924,0.183276,,,,,,,,GLOBAL_BASELINE_NO_ENTITY_RANKING,,,NOT_APPLICABLE_GLOBAL_BASELINE,HF9g-P5,,,,X 全窗基线 · 不参与实体赏罚,6877669,688,A168_HF9F_20260827_0900,2026-08-27 09:00:00
2026-06-11,70460261,2281,0,102.8621390181,-102.8621390181,-102.8621390181,0E-7,2,1,0.39337837500011012,0.280106050000,-0.8052788575963955,-0.6237735893609975,-0.8052788575963955,0.11327232500011012,ELIGIBLE,R03b_20260811_FULL_v1,L1_ELIGIBILITY,v2026-08-11,2026-03-21..2026-08-06,baccarat_bet02_101_all_pairs_incl_sentinel,round_win = game_pnl > 0 (decisive only),COMPATIBILITY_ONLY_NOT_PRODUCTION,268817.8208,244366.2908,168.7661,6248,5610,-0.00062781,-0.08642944,0.00436428,-0.00062781,-168.7661,268817.8208,OK,0.0000,6.7506,4.0000,96.0000,AG03-UNRESOLVED,ALL5_LEVELS_bet23_to_bet27,6.7506,6.7506,6.7506,8.4383,8.4383,4.000000,4.000000,4.000000,5.000000,5.000000,96.000000,96.000000,96.000000,95.000000,95.000000,5.0,37.1285,34.0107,131.6376,134.7554,PENDING_AG03,FALSE,NOT_FOR_ENFORCEMENT,162.0155,234591.6392,168.7661,162.0155,6.7506,0.00062781,0.00060270,6.7506,162.0155,0.00060270,6.7506,6.7506,6.7506,8.4383,8.4383,162.0155,0.00060270,37.1285,34.0107,131.6376,134.7554,0.00048969,0.00050129,0.00002511,43.0246,43.5591,0.0301,2.0581,0.0627,3278.2661,68.4146,17.6798,46.9397,25.7155,39.4976,52.6635,77.1466,82.2897,128.5777,31.4111,0.0,2.083411,3.25533,1.089297,30,192,222,8,0.05498276,0.00062781,0.08642944,0E-8,0.000000,0.909041,0.000000,-0.09079372,2026-03-23,2026-08-06,82,2690,1181,137,0.598540,0.376650,0.410924,0.183276,,,,,,,,GLOBAL_BASELINE_NO_ENTITY_RANKING,,,NOT_APPLICABLE_GLOBAL_BASELINE,HF9g-P5,,,,X 全窗基线 · 不参与实体赏罚,6877670,688,A168_HF9F_20260827_0900,2026-08-27 09:00:00
2026-06-11,70460261,763,0,16.9722529380,-16.9722529380,-16.9722529380,0E-7,1,1,0.50665070000000000,0.506650700000,-1.013391052207602,-1.013391052207602,-1.013391052207602,0E-17,ELIGIBLE,R03b_20260811_FULL_v1,L1_ELIGIBILITY,v2026-08-11,2026-03-21..2026-08-06,baccarat_bet02_101_all_pairs_incl_sentinel,round_win = game_pnl > 0 (decisive only),COMPATIBILITY_ONLY_NOT_PRODUCTION,268817.8208,244366.2908,168.7661,6248,5610,-0.00062781,-0.08642944,0.00436428,-0.00062781,-168.7661,268817.8208,OK,0.0000,6.7506,4.0000,96.0000,AG03-UNRESOLVED,ALL5_LEVELS_bet23_to_bet27,6.7506,6.7506,6.7506,8.4383,8.4383,4.000000,4.000000,4.000000,5.000000,5.000000,96.000000,96.000000,96.000000,95.000000,95.000000,5.0,37.1285,34.0107,131.6376,134.7554,PENDING_AG03,FALSE,NOT_FOR_ENFORCEMENT,162.0155,234591.6392,168.7661,162.0155,6.7506,0.00062781,0.00060270,6.7506,162.0155,0.00060270,6.7506,6.7506,6.7506,8.4383,8.4383,162.0155,0.00060270,37.1285,34.0107,131.6376,134.7554,0.00048969,0.00050129,0.00002511,43.0246,43.5591,0.0301,2.0581,0.0627,3278.2661,68.4146,17.6798,46.9397,25.7155,39.4976,52.6635,77.1466,82.2897,128.5777,31.4111,0.0,2.083411,3.25533,1.089297,30,192,222,8,0.05498276,0.00062781,0.08642944,0E-8,0.000000,0.909041,0.000000,-0.09079372,2026-03-23,2026-08-06,82,2690,1181,137,0.598540,0.376650,0.410924,0.183276,,,,,,,,GLOBAL_BASELINE_NO_ENTITY_RANKING,,,NOT_APPLICABLE_GLOBAL_BASELINE,HF9g-P5,,,,X 全窗基线 · 不参与实体赏罚,6877671,688,A168_HF9F_20260827_0900,2026-08-27 09:00:00
2026-06-12,70460261,-1,1,1739.6559261443,-164.8365777761,-164.8365777761,0.4090909,30,23,0.46921499402546587,0.437119493478,-0.5650860108332388,-0.26503566087497166,-0.5650860108332388,0.03209550054746587,SENTINEL_DEALER,R03b_20260811_FULL_v1,L1_ELIGIBILITY,v2026-08-11,2026-03-21..2026-08-06,baccarat_bet02_101_all_pairs_incl_sentinel,round_win = game_pnl > 0 (decisive only),COMPATIBILITY_ONLY_NOT_PRODUCTION,268817.8208,244366.2908,168.7661,6248,5610,-0.00062781,-0.08642944,0.00436428,-0.00062781,-168.7661,268817.8208,OK,0.0000,6.7506,4.0000,96.0000,AG03-UNRESOLVED,ALL5_LEVELS_bet23_to_bet27,6.7506,6.7506,6.7506,8.4383,8.4383,4.000000,4.000000,4.000000,5.000000,5.000000,96.000000,96.000000,96.000000,95.000000,95.000000,5.0,37.1285,34.0107,131.6376,134.7554,PENDING_AG03,FALSE,NOT_FOR_ENFORCEMENT,162.0155,234591.6392,168.7661,162.0155,6.7506,0.00062781,0.00060270,6.7506,162.0155,0.00060270,6.7506,6.7506,6.7506,8.4383,8.4383,162.0155,0.00060270,37.1285,34.0107,131.6376,134.7554,0.00048969,0.00050129,0.00002511,43.0246,43.5591,0.0301,2.0581,0.0627,3278.2661,68.4146,17.6798,46.9397,25.7155,39.4976,52.6635,77.1466,82.2897,128.5777,31.4111,0.0,2.083411,3.25533,1.089297,30,192,222,8,0.05498276,0.00062781,0.08642944,0E-8,0.000000,0.909041,0.000000,-0.09079372,2026-03-23,2026-08-06,82,2690,1181,137,0.598540,0.376650,0.410924,0.183276,,,,,,,,GLOBAL_BASELINE_NO_ENTITY_RANKING,,,NOT_APPLICABLE_GLOBAL_BASELINE,HF9g-P5,,,,X 全窗基线 · 不参与实体赏罚,6877672,688,A168_HF9F_20260827_0900,2026-08-27 09:00:00
2026-06-12,70460261,1017,0,177.4371898064,23.1439812790,23.1439812790,0.6666667,3,3,0.50665070000000000,0.506650700000,0.5543606114942035,0.5543606114942035,0.5543606114942035,0E-17,ELIGIBLE,R03b_20260811_FULL_v1,L1_ELIGIBILITY,v2026-08-11,2026-03-21..2026-08-06,baccarat_bet02_101_all_pairs_incl_sentinel,round_win = game_pnl > 0 (decisive only),COMPATIBILITY_ONLY_NOT_PRODUCTION,268817.8208,244366.2908,168.7661,6248,5610,-0.00062781,-0.08642944,0.00436428,-0.00062781,-168.7661,268817.8208,OK,0.0000,6.7506,4.0000,96.0000,AG03-UNRESOLVED,ALL5_LEVELS_bet23_to_bet27,6.7506,6.7506,6.7506,8.4383,8.4383,4.000000,4.000000,4.000000,5.000000,5.000000,96.000000,96.000000,96.000000,95.000000,95.000000,5.0,37.1285,34.0107,131.6376,134.7554,PENDING_AG03,FALSE,NOT_FOR_ENFORCEMENT,162.0155,234591.6392,168.7661,162.0155,6.7506,0.00062781,0.00060270,6.7506,162.0155,0.00060270,6.7506,6.7506,6.7506,8.4383,8.4383,162.0155,0.00060270,37.1285,34.0107,131.6376,134.7554,0.00048969,0.00050129,0.00002511,43.0246,43.5591,0.0301,2.0581,0.0627,3278.2661,68.4146,17.6798,46.9397,25.7155,39.4976,52.6635,77.1466,82.2897,128.5777,31.4111,0.0,2.083411,3.25533,1.089297,30,192,222,8,0.05498276,0.00062781,0.08642944,0E-8,0.000000,0.909041,0.000000,-0.09079372,2026-03-23,2026-08-06,82,2690,1181,137,0.598540,0.376650,0.410924,0.183276,,,,,,,,GLOBAL_BASELINE_NO_ENTITY_RANKING,,,NOT_APPLICABLE_GLOBAL_BASELINE,HF9g-P5,,,,X 全窗基线 · 不参与实体赏罚,6877673,688,A168_HF9F_20260827_0900,2026-08-27 09:00:00
2026-06-12,70460261,1078,0,72.0034973127,-72.0034973127,-72.0034973127,0E-7,1,1,0.50665070000000000,0.506650700000,-1.013391052207602,-1.013391052207602,-1.013391052207602,0E-17,ELIGIBLE,R03b_20260811_FULL_v1,L1_ELIGIBILITY,v2026-08-11,2026-03-21..2026-08-06,baccarat_bet02_101_all_pairs_incl_sentinel,round_win = game_pnl > 0 (decisive only),COMPATIBILITY_ONLY_NOT_PRODUCTION,268817.8208,244366.2908,168.7661,6248,5610,-0.00062781,-0.08642944,0.00436428,-0.00062781,-168.7661,268817.8208,OK,0.0000,6.7506,4.0000,96.0000,AG03-UNRESOLVED,ALL5_LEVELS_bet23_to_bet27,6.7506,6.7506,6.7506,8.4383,8.4383,4.000000,4.000000,4.000000,5.000000,5.000000,96.000000,96.000000,96.000000,95.000000,95.000000,5.0,37.1285,34.0107,131.6376,134.7554,PENDING_AG03,FALSE,NOT_FOR_ENFORCEMENT,162.0155,234591.6392,168.7661,162.0155,6.7506,0.00062781,0.00060270,6.7506,162.0155,0.00060270,6.7506,6.7506,6.7506,8.4383,8.4383,162.0155,0.00060270,37.1285,34.0107,131.6376,134.7554,0.00048969,0.00050129,0.00002511,43.0246,43.5591,0.0301,2.0581,0.0627,3278.2661,68.4146,17.6798,46.9397,25.7155,39.4976,52.6635,77.1466,82.2897,128.5777,31.4111,0.0,2.083411,3.25533,1.089297,30,192,222,8,0.05498276,0.00062781,0.08642944,0E-8,0.000000,0.909041,0.000000,-0.09079372,2026-03-23,2026-08-06,82,2690,1181,137,0.598540,0.376650,0.410924,0.183276,,,,,,,,GLOBAL_BASELINE_NO_ENTITY_RANKING,,,NOT_APPLICABLE_GLOBAL_BASELINE,HF9g-P5,,,,X 全窗基线 · 不参与实体赏罚,6877674,688,A168_HF9F_20260827_0900,2026-08-27 09:00:00
2026-06-12,70460261,1115,0,77.1466042636,-77.1466042636,-77.1466042636,0E-7,1,1,0.50665070000000000,0.506650700000,-1.013391052207602,-1.013391052207602,-1.013391052207602,0E-17,ELIGIBLE,R03b_20260811_FULL_v1,L1_ELIGIBILITY,v2026-08-11,2026-03-21..2026-08-06,baccarat_bet02_101_all_pairs_incl_sentinel,round_win = game_pnl > 0 (decisive only),COMPATIBILITY_ONLY_NOT_PRODUCTION,268817.8208,244366.2908,168.7661,6248,5610,-0.00062781,-0.08642944,0.00436428,-0.00062781,-168.7661,268817.8208,OK,0.0000,6.7506,4.0000,96.0000,AG03-UNRESOLVED,ALL5_LEVELS_bet23_to_bet27,6.7506,6.7506,6.7506,8.4383,8.4383,4.000000,4.000000,4.000000,5.000000,5.000000,96.000000,96.000000,96.000000,95.000000,95.000000,5.0,37.1285,34.0107,131.6376,134.7554,PENDING_AG03,FALSE,NOT_FOR_ENFORCEMENT,162.0155,234591.6392,168.7661,162.0155,6.7506,0.00062781,0.00060270,6.7506,162.0155,0.00060270,6.7506,6.7506,6.7506,8.4383,8.4383,162.0155,0.00060270,37.1285,34.0107,131.6376,134.7554,0.00048969,0.00050129,0.00002511,43.0246,43.5591,0.0301,2.0581,0.0627,3278.2661,68.4146,17.6798,46.9397,25.7155,39.4976,52.6635,77.1466,82.2897,128.5777,31.4111,0.0,2.083411,3.25533,1.089297,30,192,222,8,0.05498276,0.00062781,0.08642944,0E-8,0.000000,0.909041,0.000000,-0.09079372,2026-03-23,2026-08-06,82,2690,1181,137,0.598540,0.376650,0.410924,0.183276,,,,,,,,GLOBAL_BASELINE_NO_ENTITY_RANKING,,,NOT_APPLICABLE_GLOBAL_BASELINE,HF9g-P5,,,,X 全窗基线 · 不参与实体赏罚,6877675,688,A168_HF9F_20260827_0900,2026-08-27 09:00:00
2026-06-12,70460261,1157,0,154.2932085272,150.4358783141,150.4358783141,1.0000000,2,2,0.49994810000000000,0.499948100000,1.4143603653603398,1.4143603653603398,1.4143603653603398,0E-17,ELIGIBLE,R03b_20260811_FULL_v1,L1_ELIGIBILITY,v2026-08-11,2026-03-21..2026-08-06,baccarat_bet02_101_all_pairs_incl_sentinel,round_win = game_pnl > 0 (decisive only),COMPATIBILITY_ONLY_NOT_PRODUCTION,268817.8208,244366.2908,168.7661,6248,5610,-0.00062781,-0.08642944,0.00436428,-0.00062781,-168.7661,268817.8208,OK,0.0000,6.7506,4.0000,96.0000,AG03-UNRESOLVED,ALL5_LEVELS_bet23_to_bet27,6.7506,6.7506,6.7506,8.4383,8.4383,4.000000,4.000000,4.000000,5.000000,5.000000,96.000000,96.000000,96.000000,95.000000,95.000000,5.0,37.1285,34.0107,131.6376,134.7554,PENDING_AG03,FALSE,NOT_FOR_ENFORCEMENT,162.0155,234591.6392,168.7661,162.0155,6.7506,0.00062781,0.00060270,6.7506,162.0155,0.00060270,6.7506,6.7506,6.7506,8.4383,8.4383,162.0155,0.00060270,37.1285,34.0107,131.6376,134.7554,0.00048969,0.00050129,0.00002511,43.0246,43.5591,0.0301,2.0581,0.0627,3278.2661,68.4146,17.6798,46.9397,25.7155,39.4976,52.6635,77.1466,82.2897,128.5777,31.4111,0.0,2.083411,3.25533,1.089297,30,192,222,8,0.05498276,0.00062781,0.08642944,0E-8,0.000000,0.909041,0.000000,-0.09079372,2026-03-23,2026-08-06,82,2690,1181,137,0.598540,0.376650,0.410924,0.183276,,,,,,,,GLOBAL_BASELINE_NO_ENTITY_RANKING,,,NOT_APPLICABLE_GLOBAL_BASELINE,HF9g-P5,,,,X 全窗基线 · 不参与实体赏罚,6877676,688,A168_HF9F_20260827_0900,2026-08-27 09:00:00
2026-06-12,70460261,1304,0,108.0052459691,108.0052459691,108.0052459691,1.0000000,2,2,0.49324550000000000,0.493245500000,1.4334489766152358,1.4334489766152358,1.4334489766152358,0E-17,ELIGIBLE,R03b_20260811_FULL_v1,L1_ELIGIBILITY,v2026-08-11,2026-03-21..2026-08-06,baccarat_bet02_101_all_pairs_incl_sentinel,round_win = game_pnl > 0 (decisive only),COMPATIBILITY_ONLY_NOT_PRODUCTION,268817.8208,244366.2908,168.7661,6248,5610,-0.00062781,-0.08642944,0.00436428,-0.00062781,-168.7661,268817.8208,OK,0.0000,6.7506,4.0000,96.0000,AG03-UNRESOLVED,ALL5_LEVELS_bet23_to_bet27,6.7506,6.7506,6.7506,8.4383,8.4383,4.000000,4.000000,4.000000,5.000000,5.000000,96.000000,96.000000,96.000000,95.000000,95.000000,5.0,37.1285,34.0107,131.6376,134.7554,PENDING_AG03,FALSE,NOT_FOR_ENFORCEMENT,162.0155,234591.6392,168.7661,162.0155,6.7506,0.00062781,0.00060270,6.7506,162.0155,0.00060270,6.7506,6.7506,6.7506,8.4383,8.4383,162.0155,0.00060270,37.1285,34.0107,131.6376,134.7554,0.00048969,0.00050129,0.00002511,43.0246,43.5591,0.0301,2.0581,0.0627,3278.2661,68.4146,17.6798,46.9397,25.7155,39.4976,52.6635,77.1466,82.2897,128.5777,31.4111,0.0,2.083411,3.25533,1.089297,30,192,222,8,0.05498276,0.00062781,0.08642944,0E-8,0.000000,0.909041,0.000000,-0.09079372,2026-03-23,2026-08-06,82,2690,1181,137,0.598540,0.376650,0.410924,0.183276,,,,,,,,GLOBAL_BASELINE_NO_ENTITY_RANKING,,,NOT_APPLICABLE_GLOBAL_BASELINE,HF9g-P5,,,,X 全窗基线 · 不参与实体赏罚,6877677,688,A168_HF9F_20260827_0900,2026-08-27 09:00:00
2026-06-12,70460261,1323,0,64.2888368864,-64.2888368864,-64.2888368864,0E-7,2,1,0.41603283999985905,0.280106050000,-0.8440527600276232,-0.6237735893609975,-0.8440527600276232,0.13592678999985905,ELIGIBLE,R03b_20260811_FULL_v1,L1_ELIGIBILITY,v2026-08-11,2026-03-21..2026-08-06,baccarat_bet02_101_all_pairs_incl_sentinel,round_win = game_pnl > 0 (decisive only),COMPATIBILITY_ONLY_NOT_PRODUCTION,268817.8208,244366.2908,168.7661,6248,5610,-0.00062781,-0.08642944,0.00436428,-0.00062781,-168.7661,268817.8208,OK,0.0000,6.7506,4.0000,96.0000,AG03-UNRESOLVED,ALL5_LEVELS_bet23_to_bet27,6.7506,6.7506,6.7506,8.4383,8.4383,4.000000,4.000000,4.000000,5.000000,5.000000,96.000000,96.000000,96.000000,95.000000,95.000000,5.0,37.1285,34.0107,131.6376,134.7554,PENDING_AG03,FALSE,NOT_FOR_ENFORCEMENT,162.0155,234591.6392,168.7661,162.0155,6.7506,0.00062781,0.00060270,6.7506,162.0155,0.00060270,6.7506,6.7506,6.7506,8.4383,8.4383,162.0155,0.00060270,37.1285,34.0107,131.6376,134.7554,0.00048969,0.00050129,0.00002511,43.0246,43.5591,0.0301,2.0581,0.0627,3278.2661,68.4146,17.6798,46.9397,25.7155,39.4976,52.6635,77.1466,82.2897,128.5777,31.4111,0.0,2.083411,3.25533,1.089297,30,192,222,8,0.05498276,0.00062781,0.08642944,0E-8,0.000000,0.909041,0.000000,-0.09079372,2026-03-23,2026-08-06,82,2690,1181,137,0.598540,0.376650,0.410924,0.183276,,,,,,,,GLOBAL_BASELINE_NO_ENTITY_RANKING,,,NOT_APPLICABLE_GLOBAL_BASELINE,HF9g-P5,,,,X 全窗基线 · 不参与实体赏罚,6877678,688,A168_HF9F_20260827_0900,2026-08-27 09:00:00
2026-06-12,70460261,1325,0,252.0122405946,-151.7216550519,-151.7216550519,0.2500000,6,4,0.45799046999992953,0.390027075000,-0.8349140126714376,-0.5741684906404108,-0.8349140126714376,0.06796339499992953,ELIGIBLE,R03b_20260811_FULL_v1,L1_ELIGIBILITY,v2026-08-11,2026-03-21..2026-08-06,baccarat_bet02_101_all_pairs_incl_sentinel,round_win = game_pnl > 0 (decisive only),COMPATIBILITY_ONLY_NOT_PRODUCTION,268817.8208,244366.2908,168.7661,6248,5610,-0.00062781,-0.08642944,0.00436428,-0.00062781,-168.7661,268817.8208,OK,0.0000,6.7506,4.0000,96.0000,AG03-UNRESOLVED,ALL5_LEVELS_bet23_to_bet27,6.7506,6.7506,6.7506,8.4383,8.4383,4.000000,4.000000,4.000000,5.000000,5.000000,96.000000,96.000000,96.000000,95.000000,95.000000,5.0,37.1285,34.0107,131.6376,134.7554,PENDING_AG03,FALSE,NOT_FOR_ENFORCEMENT,162.0155,234591.6392,168.7661,162.0155,6.7506,0.00062781,0.00060270,6.7506,162.0155,0.00060270,6.7506,6.7506,6.7506,8.4383,8.4383,162.0155,0.00060270,37.1285,34.0107,131.6376,134.7554,0.00048969,0.00050129,0.00002511,43.0246,43.5591,0.0301,2.0581,0.0627,3278.2661,68.4146,17.6798,46.9397,25.7155,39.4976,52.6635,77.1466,82.2897,128.5777,31.4111,0.0,2.083411,3.25533,1.089297,30,192,222,8,0.05498276,0.00062781,0.08642944,0E-8,0.000000,0.909041,0.000000,-0.09079372,2026-03-23,2026-08-06,82,2690,1181,137,0.598540,0.376650,0.410924,0.183276,,,,,,,,GLOBAL_BASELINE_NO_ENTITY_RANKING,,,NOT_APPLICABLE_GLOBAL_BASELINE,HF9g-P5,,,,X 全窗基线 · 不参与实体赏罚,6877679,688,A168_HF9F_20260827_0900,2026-08-27 09:00:00
2026-06-12,70460261,1384,0,102.8621390181,-102.8621390181,-102.8621390181,0E-7,2,1,0.39337837500011012,0.280106050000,-0.8052788575963955,-0.6237735893609975,-0.8052788575963955,0.11327232500011012,ELIGIBLE,R03b_20260811_FULL_v1,L1_ELIGIBILITY,v2026-08-11,2026-03-21..2026-08-06,baccarat_bet02_101_all_pairs_incl_sentinel,round_win = game_pnl > 0 (decisive only),COMPATIBILITY_ONLY_NOT_PRODUCTION,268817.8208,244366.2908,168.7661,6248,5610,-0.00062781,-0.08642944,0.00436428,-0.00062781,-168.7661,268817.8208,OK,0.0000,6.7506,4.0000,96.0000,AG03-UNRESOLVED,ALL5_LEVELS_bet23_to_bet27,6.7506,6.7506,6.7506,8.4383,8.4383,4.000000,4.000000,4.000000,5.000000,5.000000,96.000000,96.000000,96.000000,95.000000,95.000000,5.0,37.1285,34.0107,131.6376,134.7554,PENDING_AG03,FALSE,NOT_FOR_ENFORCEMENT,162.0155,234591.6392,168.7661,162.0155,6.7506,0.00062781,0.00060270,6.7506,162.0155,0.00060270,6.7506,6.7506,6.7506,8.4383,8.4383,162.0155,0.00060270,37.1285,34.0107,131.6376,134.7554,0.00048969,0.00050129,0.00002511,43.0246,43.5591,0.0301,2.0581,0.0627,3278.2661,68.4146,17.6798,46.9397,25.7155,39.4976,52.6635,77.1466,82.2897,128.5777,31.4111,0.0,2.083411,3.25533,1.089297,30,192,222,8,0.05498276,0.00062781,0.08642944,0E-8,0.000000,0.909041,0.000000,-0.09079372,2026-03-23,2026-08-06,82,2690,1181,137,0.598540,0.376650,0.410924,0.183276,,,,,,,,GLOBAL_BASELINE_NO_ENTITY_RANKING,,,NOT_APPLICABLE_GLOBAL_BASELINE,HF9g-P5,,,,X 全窗基线 · 不参与实体赏罚,6877680,688,A168_HF9F_20260827_0900,2026-08-27 09:00:00
2026-06-12,70460261,1396,0,126.0061202973,-23.1439812791,-23.1439812791,0.5000000,2,2,0.49994810000000000,0.499948100000,0.00014679536856514622,0.00014679536856514622,0.00014679536856514622,0E-17,ELIGIBLE,R03b_20260811_FULL_v1,L1_ELIGIBILITY,v2026-08-11,2026-03-21..2026-08-06,baccarat_bet02_101_all_pairs_incl_sentinel,round_win = game_pnl > 0 (decisive only),COMPATIBILITY_ONLY_NOT_PRODUCTION,268817.8208,244366.2908,168.7661,6248,5610,-0.00062781,-0.08642944,0.00436428,-0.00062781,-168.7661,268817.8208,OK,0.0000,6.7506,4.0000,96.0000,AG03-UNRESOLVED,ALL5_LEVELS_bet23_to_bet27,6.7506,6.7506,6.7506,8.4383,8.4383,4.000000,4.000000,4.000000,5.000000,5.000000,96.000000,96.000000,96.000000,95.000000,95.000000,5.0,37.1285,34.0107,131.6376,134.7554,PENDING_AG03,FALSE,NOT_FOR_ENFORCEMENT,162.0155,234591.6392,168.7661,162.0155,6.7506,0.00062781,0.00060270,6.7506,162.0155,0.00060270,6.7506,6.7506,6.7506,8.4383,8.4383,162.0155,0.00060270,37.1285,34.0107,131.6376,134.7554,0.00048969,0.00050129,0.00002511,43.0246,43.5591,0.0301,2.0581,0.0627,3278.2661,68.4146,17.6798,46.9397,25.7155,39.4976,52.6635,77.1466,82.2897,128.5777,31.4111,0.0,2.083411,3.25533,1.089297,30,192,222,8,0.05498276,0.00062781,0.08642944,0E-8,0.000000,0.909041,0.000000,-0.09079372,2026-03-23,2026-08-06,82,2690,1181,137,0.598540,0.376650,0.410924,0.183276,,,,,,,,GLOBAL_BASELINE_NO_ENTITY_RANKING,,,NOT_APPLICABLE_GLOBAL_BASELINE,HF9g-P5,,,,X 全窗基线 · 不参与实体赏罚,6877681,688,A168_HF9F_20260827_0900,2026-08-27 09:00:00
2026-06-12,70460261,1405,0,61.7172834109,-61.7172834109,-61.7172834109,0E-7,1,1,0.49324550000000000,0.493245500000,-0.9865810262130424,-0.9865810262130424,-0.9865810262130424,0E-17,ELIGIBLE,R03b_20260811_FULL_v1,L1_ELIGIBILITY,v2026-08-11,2026-03-21..2026-08-06,baccarat_bet02_101_all_pairs_incl_sentinel,round_win = game_pnl > 0 (decisive only),COMPATIBILITY_ONLY_NOT_PRODUCTION,268817.8208,244366.2908,168.7661,6248,5610,-0.00062781,-0.08642944,0.00436428,-0.00062781,-168.7661,268817.8208,OK,0.0000,6.7506,4.0000,96.0000,AG03-UNRESOLVED,ALL5_LEVELS_bet23_to_bet27,6.7506,6.7506,6.7506,8.4383,8.4383,4.000000,4.000000,4.000000,5.000000,5.000000,96.000000,96.000000,96.000000,95.000000,95.000000,5.0,37.1285,34.0107,131.6376,134.7554,PENDING_AG03,FALSE,NOT_FOR_ENFORCEMENT,162.0155,234591.6392,168.7661,162.0155,6.7506,0.00062781,0.00060270,6.7506,162.0155,0.00060270,6.7506,6.7506,6.7506,8.4383,8.4383,162.0155,0.00060270,37.1285,34.0107,131.6376,134.7554,0.00048969,0.00050129,0.00002511,43.0246,43.5591,0.0301,2.0581,0.0627,3278.2661,68.4146,17.6798,46.9397,25.7155,39.4976,52.6635,77.1466,82.2897,128.5777,31.4111,0.0,2.083411,3.25533,1.089297,30,192,222,8,0.05498276,0.00062781,0.08642944,0E-8,0.000000,0.909041,0.000000,-0.09079372,2026-03-23,2026-08-06,82,2690,1181,137,0.598540,0.376650,0.410924,0.183276,,,,,,,,GLOBAL_BASELINE_NO_ENTITY_RANKING,,,NOT_APPLICABLE_GLOBAL_BASELINE,HF9g-P5,,,,X 全窗基线 · 不参与实体赏罚,6877682,688,A168_HF9F_20260827_0900,2026-08-27 09:00:00
2026-06-12,70460261,1485,0,128.5776737727,21.8582045414,21.8582045414,0.5000000,2,2,0.49994810000000000,0.499948100000,0.00014679536856514622,0.00014679536856514622,0.00014679536856514622,0E-17,ELIGIBLE,R03b_20260811_FULL_v1,L1_ELIGIBILITY,v2026-08-11,2026-03-21..2026-08-06,baccarat_bet02_101_all_pairs_incl_sentinel,round_win = game_pnl > 0 (decisive only),COMPATIBILITY_ONLY_NOT_PRODUCTION,268817.8208,244366.2908,168.7661,6248,5610,-0.00062781,-0.08642944,0.00436428,-0.00062781,-168.7661,268817.8208,OK,0.0000,6.7506,4.0000,96.0000,AG03-UNRESOLVED,ALL5_LEVELS_bet23_to_bet27,6.7506,6.7506,6.7506,8.4383,8.4383,4.000000,4.000000,4.000000,5.000000,5.000000,96.000000,96.000000,96.000000,95.000000,95.000000,5.0,37.1285,34.0107,131.6376,134.7554,PENDING_AG03,FALSE,NOT_FOR_ENFORCEMENT,162.0155,234591.6392,168.7661,162.0155,6.7506,0.00062781,0.00060270,6.7506,162.0155,0.00060270,6.7506,6.7506,6.7506,8.4383,8.4383,162.0155,0.00060270,37.1285,34.0107,131.6376,134.7554,0.00048969,0.00050129,0.00002511,43.0246,43.5591,0.0301,2.0581,0.0627,3278.2661,68.4146,17.6798,46.9397,25.7155,39.4976,52.6635,77.1466,82.2897,128.5777,31.4111,0.0,2.083411,3.25533,1.089297,30,192,222,8,0.05498276,0.00062781,0.08642944,0E-8,0.000000,0.909041,0.000000,-0.09079372,2026-03-23,2026-08-06,82,2690,1181,137,0.598540,0.376650,0.410924,0.183276,,,,,,,,GLOBAL_BASELINE_NO_ENTITY_RANKING,,,NOT_APPLICABLE_GLOBAL_BASELINE,HF9g-P5,,,,X 全窗基线 · 不参与实体赏罚,6877683,688,A168_HF9F_20260827_0900,2026-08-27 09:00:00
2026-06-12,70460261,1490,0,231.4398127908,-231.4398127908,-231.4398127908,0E-7,3,2,0.46889325833338228,0.393378375000,-1.3288044841554836,-1.138836281904872,-1.3288044841554836,0.07551488333338228,ELIGIBLE,R03b_20260811_FULL_v1,L1_ELIGIBILITY,v2026-08-11,2026-03-21..2026-08-06,baccarat_bet02_101_all_pairs_incl_sentinel,round_win = game_pnl > 0 (decisive only),COMPATIBILITY_ONLY_NOT_PRODUCTION,268817.8208,244366.2908,168.7661,6248,5610,-0.00062781,-0.08642944,0.00436428,-0.00062781,-168.7661,268817.8208,OK,0.0000,6.7506,4.0000,96.0000,AG03-UNRESOLVED,ALL5_LEVELS_bet23_to_bet27,6.7506,6.7506,6.7506,8.4383,8.4383,4.000000,4.000000,4.000000,5.000000,5.000000,96.000000,96.000000,96.000000,95.000000,95.000000,5.0,37.1285,34.0107,131.6376,134.7554,PENDING_AG03,FALSE,NOT_FOR_ENFORCEMENT,162.0155,234591.6392,168.7661,162.0155,6.7506,0.00062781,0.00060270,6.7506,162.0155,0.00060270,6.7506,6.7506,6.7506,8.4383,8.4383,162.0155,0.00060270,37.1285,34.0107,131.6376,134.7554,0.00048969,0.00050129,0.00002511,43.0246,43.5591,0.0301,2.0581,0.0627,3278.2661,68.4146,17.6798,46.9397,25.7155,39.4976,52.6635,77.1466,82.2897,128.5777,31.4111,0.0,2.083411,3.25533,1.089297,30,192,222,8,0.05498276,0.00062781,0.08642944,0E-8,0.000000,0.909041,0.000000,-0.09079372,2026-03-23,2026-08-06,82,2690,1181,137,0.598540,0.376650,0.410924,0.183276,,,,,,,,GLOBAL_BASELINE_NO_ENTITY_RANKING,,,NOT_APPLICABLE_GLOBAL_BASELINE,HF9g-P5,,,,X 全窗基线 · 不参与实体赏罚,6877684,688,A168_HF9F_20260827_0900,2026-08-27 09:00:00
2026-06-12,70460261,1646,0,77.1466042636,73.2892740505,73.2892740505,1.0000000,1,1,0.50665070000000000,0.506650700000,0.9867858985152569,0.9867858985152569,0.9867858985152569,0E-17,ELIGIBLE,R03b_20260811_FULL_v1,L1_ELIGIBILITY,v2026-08-11,2026-03-21..2026-08-06,baccarat_bet02_101_all_pairs_incl_sentinel,round_win = game_pnl > 0 (decisive only),COMPATIBILITY_ONLY_NOT_PRODUCTION,268817.8208,244366.2908,168.7661,6248,5610,-0.00062781,-0.08642944,0.00436428,-0.00062781,-168.7661,268817.8208,OK,0.0000,6.7506,4.0000,96.0000,AG03-UNRESOLVED,ALL5_LEVELS_bet23_to_bet27,6.7506,6.7506,6.7506,8.4383,8.4383,4.000000,4.000000,4.000000,5.000000,5.000000,96.000000,96.000000,96.000000,95.000000,95.000000,5.0,37.1285,34.0107,131.6376,134.7554,PENDING_AG03,FALSE,NOT_FOR_ENFORCEMENT,162.0155,234591.6392,168.7661,162.0155,6.7506,0.00062781,0.00060270,6.7506,162.0155,0.00060270,6.7506,6.7506,6.7506,8.4383,8.4383,162.0155,0.00060270,37.1285,34.0107,131.6376,134.7554,0.00048969,0.00050129,0.00002511,43.0246,43.5591,0.0301,2.0581,0.0627,3278.2661,68.4146,17.6798,46.9397,25.7155,39.4976,52.6635,77.1466,82.2897,128.5777,31.4111,0.0,2.083411,3.25533,1.089297,30,192,222,8,0.05498276,0.00062781,0.08642944,0E-8,0.000000,0.909041,0.000000,-0.09079372,2026-03-23,2026-08-06,82,2690,1181,137,0.598540,0.376650,0.410924,0.183276,,,,,,,,GLOBAL_BASELINE_NO_ENTITY_RANKING,,,NOT_APPLICABLE_GLOBAL_BASELINE,HF9g-P5,,,,X 全窗基线 · 不参与实体赏罚,6877685,688,A168_HF9F_20260827_0900,2026-08-27 09:00:00
2026-06-12,70460261,1704,0,159.4363154782,-39.0876128269,-39.0876128269,0.5000000,2,2,0.50665070000000000,0.506650700000,-0.018812684590367487,-0.018812684590367487,-0.018812684590367487,0E-17,ELIGIBLE,R03b_20260811_FULL_v1,L1_ELIGIBILITY,v2026-08-11,2026-03-21..2026-08-06,baccarat_bet02_101_all_pairs_incl_sentinel,round_win = game_pnl > 0 (decisive only),COMPATIBILITY_ONLY_NOT_PRODUCTION,268817.8208,244366.2908,168.7661,6248,5610,-0.00062781,-0.08642944,0.00436428,-0.00062781,-168.7661,268817.8208,OK,0.0000,6.7506,4.0000,96.0000,AG03-UNRESOLVED,ALL5_LEVELS_bet23_to_bet27,6.7506,6.7506,6.7506,8.4383,8.4383,4.000000,4.000000,4.000000,5.000000,5.000000,96.000000,96.000000,96.000000,95.000000,95.000000,5.0,37.1285,34.0107,131.6376,134.7554,PENDING_AG03,FALSE,NOT_FOR_ENFORCEMENT,162.0155,234591.6392,168.7661,162.0155,6.7506,0.00062781,0.00060270,6.7506,162.0155,0.00060270,6.7506,6.7506,6.7506,8.4383,8.4383,162.0155,0.00060270,37.1285,34.0107,131.6376,134.7554,0.00048969,0.00050129,0.00002511,43.0246,43.5591,0.0301,2.0581,0.0627,3278.2661,68.4146,17.6798,46.9397,25.7155,39.4976,52.6635,77.1466,82.2897,128.5777,31.4111,0.0,2.083411,3.25533,1.089297,30,192,222,8,0.05498276,0.00062781,0.08642944,0E-8,0.000000,0.909041,0.000000,-0.09079372,2026-03-23,2026-08-06,82,2690,1181,137,0.598540,0.376650,0.410924,0.183276,,,,,,,,GLOBAL_BASELINE_NO_ENTITY_RANKING,,,NOT_APPLICABLE_GLOBAL_BASELINE,HF9g-P5,,,,X 全窗基线 · 不参与实体赏罚,6877686,688,A168_HF9F_20260827_0900,2026-08-27 09:00:00
2026-06-12,70460261,1951,0,203.1527245609,51.4310695090,51.4310695090,0.7500000,4,4,0.49994810000000000,0.499948100000,1.0002076053883384,1.0002076053883384,1.0002076053883384,0E-17,ELIGIBLE,R03b_20260811_FULL_v1,L1_ELIGIBILITY,v2026-08-11,2026-03-21..2026-08-06,baccarat_bet02_101_all_pairs_incl_sentinel,round_win = game_pnl > 0 (decisive only),COMPATIBILITY_ONLY_NOT_PRODUCTION,268817.8208,244366.2908,168.7661,6248,5610,-0.00062781,-0.08642944,0.00436428,-0.00062781,-168.7661,268817.8208,OK,0.0000,6.7506,4.0000,96.0000,AG03-UNRESOLVED,ALL5_LEVELS_bet23_to_bet27,6.7506,6.7506,6.7506,8.4383,8.4383,4.000000,4.000000,4.000000,5.000000,5.000000,96.000000,96.000000,96.000000,95.000000,95.000000,5.0,37.1285,34.0107,131.6376,134.7554,PENDING_AG03,FALSE,NOT_FOR_ENFORCEMENT,162.0155,234591.6392,168.7661,162.0155,6.7506,0.00062781,0.00060270,6.7506,162.0155,0.00060270,6.7506,6.7506,6.7506,8.4383,8.4383,162.0155,0.00060270,37.1285,34.0107,131.6376,134.7554,0.00048969,0.00050129,0.00002511,43.0246,43.5591,0.0301,2.0581,0.0627,3278.2661,68.4146,17.6798,46.9397,25.7155,39.4976,52.6635,77.1466,82.2897,128.5777,31.4111,0.0,2.083411,3.25533,1.089297,30,192,222,8,0.05498276,0.00062781,0.08642944,0E-8,0.000000,0.909041,0.000000,-0.09079372,2026-03-23,2026-08-06,82,2690,1181,137,0.598540,0.376650,0.410924,0.183276,,,,,,,,GLOBAL_BASELINE_NO_ENTITY_RANKING,,,NOT_APPLICABLE_GLOBAL_BASELINE,HF9g-P5,,,,X 全窗基线 · 不参与实体赏罚,6877687,688,A168_HF9F_20260827_0900,2026-08-27 09:00:00
2026-06-12,70460261,2108,0,74.5750507882,70.8462982488,70.8462982488,1.0000000,1,1,0.50665070000000000,0.506650700000,0.9867858985152569,0.9867858985152569,0.9867858985152569,0E-17,ELIGIBLE,R03b_20260811_FULL_v1,L1_ELIGIBILITY,v2026-08-11,2026-03-21..2026-08-06,baccarat_bet02_101_all_pairs_incl_sentinel,round_win = game_pnl > 0 (decisive only),COMPATIBILITY_ONLY_NOT_PRODUCTION,268817.8208,244366.2908,168.7661,6248,5610,-0.00062781,-0.08642944,0.00436428,-0.00062781,-168.7661,268817.8208,OK,0.0000,6.7506,4.0000,96.0000,AG03-UNRESOLVED,ALL5_LEVELS_bet23_to_bet27,6.7506,6.7506,6.7506,8.4383,8.4383,4.000000,4.000000,4.000000,5.000000,5.000000,96.000000,96.000000,96.000000,95.000000,95.000000,5.0,37.1285,34.0107,131.6376,134.7554,PENDING_AG03,FALSE,NOT_FOR_ENFORCEMENT,162.0155,234591.6392,168.7661,162.0155,6.7506,0.00062781,0.00060270,6.7506,162.0155,0.00060270,6.7506,6.7506,6.7506,8.4383,8.4383,162.0155,0.00060270,37.1285,34.0107,131.6376,134.7554,0.00048969,0.00050129,0.00002511,43.0246,43.5591,0.0301,2.0581,0.0627,3278.2661,68.4146,17.6798,46.9397,25.7155,39.4976,52.6635,77.1466,82.2897,128.5777,31.4111,0.0,2.083411,3.25533,1.089297,30,192,222,8,0.05498276,0.00062781,0.08642944,0E-8,0.000000,0.909041,0.000000,-0.09079372,2026-03-23,2026-08-06,82,2690,1181,137,0.598540,0.376650,0.410924,0.183276,,,,,,,,GLOBAL_BASELINE_NO_ENTITY_RANKING,,,NOT_APPLICABLE_GLOBAL_BASELINE,HF9g-P5,,,,X 全窗基线 · 不参与实体赏罚,6877688,688,A168_HF9F_20260827_0900,2026-08-27 09:00:00
2026-06-12,70460261,2136,0,77.1466042636,-27.0013114923,-27.0013114923,0.5000000,2,2,0.50665070000000000,0.506650700000,-0.018812684590367487,-0.018812684590367487,-0.018812684590367487,0E-17,ELIGIBLE,R03b_20260811_FULL_v1,L1_ELIGIBILITY,v2026-08-11,2026-03-21..2026-08-06,baccarat_bet02_101_all_pairs_incl_sentinel,round_win = game_pnl > 0 (decisive only),COMPATIBILITY_ONLY_NOT_PRODUCTION,268817.8208,244366.2908,168.7661,6248,5610,-0.00062781,-0.08642944,0.00436428,-0.00062781,-168.7661,268817.8208,OK,0.0000,6.7506,4.0000,96.0000,AG03-UNRESOLVED,ALL5_LEVELS_bet23_to_bet27,6.7506,6.7506,6.7506,8.4383,8.4383,4.000000,4.000000,4.000000,5.000000,5.000000,96.000000,96.000000,96.000000,95.000000,95.000000,5.0,37.1285,34.0107,131.6376,134.7554,PENDING_AG03,FALSE,NOT_FOR_ENFORCEMENT,162.0155,234591.6392,168.7661,162.0155,6.7506,0.00062781,0.00060270,6.7506,162.0155,0.00060270,6.7506,6.7506,6.7506,8.4383,8.4383,162.0155,0.00060270,37.1285,34.0107,131.6376,134.7554,0.00048969,0.00050129,0.00002511,43.0246,43.5591,0.0301,2.0581,0.0627,3278.2661,68.4146,17.6798,46.9397,25.7155,39.4976,52.6635,77.1466,82.2897,128.5777,31.4111,0.0,2.083411,3.25533,1.089297,30,192,222,8,0.05498276,0.00062781,0.08642944,0E-8,0.000000,0.909041,0.000000,-0.09079372,2026-03-23,2026-08-06,82,2690,1181,137,0.598540,0.376650,0.410924,0.183276,,,,,,,,GLOBAL_BASELINE_NO_ENTITY_RANKING,,,NOT_APPLICABLE_GLOBAL_BASELINE,HF9g-P5,,,,X 全窗基线 · 不参与实体赏罚,6877689,688,A168_HF9F_20260827_0900,2026-08-27 09:00:00
2026-06-12,70460261,2155,0,64.2888368864,-64.2888368864,-64.2888368864,0E-7,1,1,0.50665070000000000,0.506650700000,-1.013391052207602,-1.013391052207602,-1.013391052207602,0E-17,ELIGIBLE,R03b_20260811_FULL_v1,L1_ELIGIBILITY,v2026-08-11,2026-03-21..2026-08-06,baccarat_bet02_101_all_pairs_incl_sentinel,round_win = game_pnl > 0 (decisive only),COMPATIBILITY_ONLY_NOT_PRODUCTION,268817.8208,244366.2908,168.7661,6248,5610,-0.00062781,-0.08642944,0.00436428,-0.00062781,-168.7661,268817.8208,OK,0.0000,6.7506,4.0000,96.0000,AG03-UNRESOLVED,ALL5_LEVELS_bet23_to_bet27,6.7506,6.7506,6.7506,8.4383,8.4383,4.000000,4.000000,4.000000,5.000000,5.000000,96.000000,96.000000,96.000000,95.000000,95.000000,5.0,37.1285,34.0107,131.6376,134.7554,PENDING_AG03,FALSE,NOT_FOR_ENFORCEMENT,162.0155,234591.6392,168.7661,162.0155,6.7506,0.00062781,0.00060270,6.7506,162.0155,0.00060270,6.7506,6.7506,6.7506,8.4383,8.4383,162.0155,0.00060270,37.1285,34.0107,131.6376,134.7554,0.00048969,0.00050129,0.00002511,43.0246,43.5591,0.0301,2.0581,0.0627,3278.2661,68.4146,17.6798,46.9397,25.7155,39.4976,52.6635,77.1466,82.2897,128.5777,31.4111,0.0,2.083411,3.25533,1.089297,30,192,222,8,0.05498276,0.00062781,0.08642944,0E-8,0.000000,0.909041,0.000000,-0.09079372,2026-03-23,2026-08-06,82,2690,1181,137,0.598540,0.376650,0.410924,0.183276,,,,,,,,GLOBAL_BASELINE_NO_ENTITY_RANKING,,,NOT_APPLICABLE_GLOBAL_BASELINE,HF9g-P5,,,,X 全窗基线 · 不参与实体赏罚,6877690,688,A168_HF9F_20260827_0900,2026-08-27 09:00:00
2026-06-12,70460261,2156,0,51.4310695091,48.8595160336,48.8595160336,1.0000000,1,1,0.50665070000000000,0.506650700000,0.9867858985152569,0.9867858985152569,0.9867858985152569,0E-17,ELIGIBLE,R03b_20260811_FULL_v1,L1_ELIGIBILITY,v2026-08-11,2026-03-21..2026-08-06,baccarat_bet02_101_all_pairs_incl_sentinel,round_win = game_pnl > 0 (decisive only),COMPATIBILITY_ONLY_NOT_PRODUCTION,268817.8208,244366.2908,168.7661,6248,5610,-0.00062781,-0.08642944,0.00436428,-0.00062781,-168.7661,268817.8208,OK,0.0000,6.7506,4.0000,96.0000,AG03-UNRESOLVED,ALL5_LEVELS_bet23_to_bet27,6.7506,6.7506,6.7506,8.4383,8.4383,4.000000,4.000000,4.000000,5.000000,5.000000,96.000000,96.000000,96.000000,95.000000,95.000000,5.0,37.1285,34.0107,131.6376,134.7554,PENDING_AG03,FALSE,NOT_FOR_ENFORCEMENT,162.0155,234591.6392,168.7661,162.0155,6.7506,0.00062781,0.00060270,6.7506,162.0155,0.00060270,6.7506,6.7506,6.7506,8.4383,8.4383,162.0155,0.00060270,37.1285,34.0107,131.6376,134.7554,0.00048969,0.00050129,0.00002511,43.0246,43.5591,0.0301,2.0581,0.0627,3278.2661,68.4146,17.6798,46.9397,25.7155,39.4976,52.6635,77.1466,82.2897,128.5777,31.4111,0.0,2.083411,3.25533,1.089297,30,192,222,8,0.05498276,0.00062781,0.08642944,0E-8,0.000000,0.909041,0.000000,-0.09079372,2026-03-23,2026-08-06,82,2690,1181,137,0.598540,0.376650,0.410924,0.183276,,,,,,,,GLOBAL_BASELINE_NO_ENTITY_RANKING,,,NOT_APPLICABLE_GLOBAL_BASELINE,HF9g-P5,,,,X 全窗基线 · 不参与实体赏罚,6877691,688,A168_HF9F_20260827_0900,2026-08-27 09:00:00
2026-06-12,70460261,2160,0,174.8656363309,-74.5750507882,-74.5750507882,0.3333333,3,3,0.50218230000000000,0.502182300000,-0.5849155494134425,-0.5849155494134426,-0.5849155494134425,0E-17,ELIGIBLE,R03b_20260811_FULL_v1,L1_ELIGIBILITY,v2026-08-11,2026-03-21..2026-08-06,baccarat_bet02_101_all_pairs_incl_sentinel,round_win = game_pnl > 0 (decisive only),COMPATIBILITY_ONLY_NOT_PRODUCTION,268817.8208,244366.2908,168.7661,6248,5610,-0.00062781,-0.08642944,0.00436428,-0.00062781,-168.7661,268817.8208,OK,0.0000,6.7506,4.0000,96.0000,AG03-UNRESOLVED,ALL5_LEVELS_bet23_to_bet27,6.7506,6.7506,6.7506,8.4383,8.4383,4.000000,4.000000,4.000000,5.000000,5.000000,96.000000,96.000000,96.000000,95.000000,95.000000,5.0,37.1285,34.0107,131.6376,134.7554,PENDING_AG03,FALSE,NOT_FOR_ENFORCEMENT,162.0155,234591.6392,168.7661,162.0155,6.7506,0.00062781,0.00060270,6.7506,162.0155,0.00060270,6.7506,6.7506,6.7506,8.4383,8.4383,162.0155,0.00060270,37.1285,34.0107,131.6376,134.7554,0.00048969,0.00050129,0.00002511,43.0246,43.5591,0.0301,2.0581,0.0627,3278.2661,68.4146,17.6798,46.9397,25.7155,39.4976,52.6635,77.1466,82.2897,128.5777,31.4111,0.0,2.083411,3.25533,1.089297,30,192,222,8,0.05498276,0.00062781,0.08642944,0E-8,0.000000,0.909041,0.000000,-0.09079372,2026-03-23,2026-08-06,82,2690,1181,137,0.598540,0.376650,0.410924,0.183276,,,,,,,,GLOBAL_BASELINE_NO_ENTITY_RANKING,,,NOT_APPLICABLE_GLOBAL_BASELINE,HF9g-P5,,,,X 全窗基线 · 不参与实体赏罚,6877692,688,A168_HF9F_20260827_0900,2026-08-27 09:00:00
2026-06-12,70460261,2170,0,252.0122405945,-252.0122405945,-252.0122405945,0E-7,4,3,0.46690602456144418,0.431135816667,-1.620964407777313,-1.5078682049144911,-1.620964407777313,0.03577020789444418,ELIGIBLE,R03b_20260811_FULL_v1,L1_ELIGIBILITY,v2026-08-11,2026-03-21..2026-08-06,baccarat_bet02_101_all_pairs_incl_sentinel,round_win = game_pnl > 0 (decisive only),COMPATIBILITY_ONLY_NOT_PRODUCTION,268817.8208,244366.2908,168.7661,6248,5610,-0.00062781,-0.08642944,0.00436428,-0.00062781,-168.7661,268817.8208,OK,0.0000,6.7506,4.0000,96.0000,AG03-UNRESOLVED,ALL5_LEVELS_bet23_to_bet27,6.7506,6.7506,6.7506,8.4383,8.4383,4.000000,4.000000,4.000000,5.000000,5.000000,96.000000,96.000000,96.000000,95.000000,95.000000,5.0,37.1285,34.0107,131.6376,134.7554,PENDING_AG03,FALSE,NOT_FOR_ENFORCEMENT,162.0155,234591.6392,168.7661,162.0155,6.7506,0.00062781,0.00060270,6.7506,162.0155,0.00060270,6.7506,6.7506,6.7506,8.4383,8.4383,162.0155,0.00060270,37.1285,34.0107,131.6376,134.7554,0.00048969,0.00050129,0.00002511,43.0246,43.5591,0.0301,2.0581,0.0627,3278.2661,68.4146,17.6798,46.9397,25.7155,39.4976,52.6635,77.1466,82.2897,128.5777,31.4111,0.0,2.083411,3.25533,1.089297,30,192,222,8,0.05498276,0.00062781,0.08642944,0E-8,0.000000,0.909041,0.000000,-0.09079372,2026-03-23,2026-08-06,82,2690,1181,137,0.598540,0.376650,0.410924,0.183276,,,,,,,,GLOBAL_BASELINE_NO_ENTITY_RANKING,,,NOT_APPLICABLE_GLOBAL_BASELINE,HF9g-P5,,,,X 全窗基线 · 不参与实体赏罚,6877693,688,A168_HF9F_20260827_0900,2026-08-27 09:00:00
2026-06-12,70460261,2174,0,128.5776737727,122.1487900841,122.1487900841,1.0000000,1,1,0.50665070000000000,0.506650700000,0.9867858985152569,0.9867858985152569,0.9867858985152569,0E-17,ELIGIBLE,R03b_20260811_FULL_v1,L1_ELIGIBILITY,v2026-08-11,2026-03-21..2026-08-06,baccarat_bet02_101_all_pairs_incl_sentinel,round_win = game_pnl > 0 (decisive only),COMPATIBILITY_ONLY_NOT_PRODUCTION,268817.8208,244366.2908,168.7661,6248,5610,-0.00062781,-0.08642944,0.00436428,-0.00062781,-168.7661,268817.8208,OK,0.0000,6.7506,4.0000,96.0000,AG03-UNRESOLVED,ALL5_LEVELS_bet23_to_bet27,6.7506,6.7506,6.7506,8.4383,8.4383,4.000000,4.000000,4.000000,5.000000,5.000000,96.000000,96.000000,96.000000,95.000000,95.000000,5.0,37.1285,34.0107,131.6376,134.7554,PENDING_AG03,FALSE,NOT_FOR_ENFORCEMENT,162.0155,234591.6392,168.7661,162.0155,6.7506,0.00062781,0.00060270,6.7506,162.0155,0.00060270,6.7506,6.7506,6.7506,8.4383,8.4383,162.0155,0.00060270,37.1285,34.0107,131.6376,134.7554,0.00048969,0.00050129,0.00002511,43.0246,43.5591,0.0301,2.0581,0.0627,3278.2661,68.4146,17.6798,46.9397,25.7155,39.4976,52.6635,77.1466,82.2897,128.5777,31.4111,0.0,2.083411,3.25533,1.089297,30,192,222,8,0.05498276,0.00062781,0.08642944,0E-8,0.000000,0.909041,0.000000,-0.09079372,2026-03-23,2026-08-06,82,2690,1181,137,0.598540,0.376650,0.410924,0.183276,,,,,,,,GLOBAL_BASELINE_NO_ENTITY_RANKING,,,NOT_APPLICABLE_GLOBAL_BASELINE,HF9g-P5,,,,X 全窗基线 · 不参与实体赏罚,6877694,688,A168_HF9F_20260827_0900,2026-08-27 09:00:00
2026-06-12,70460261,2208,0,51.4310695091,-51.4310695091,-51.4310695091,0E-7,1,1,0.50665070000000000,0.506650700000,-1.013391052207602,-1.013391052207602,-1.013391052207602,0E-17,ELIGIBLE,R03b_20260811_FULL_v1,L1_ELIGIBILITY,v2026-08-11,2026-03-21..2026-08-06,baccarat_bet02_101_all_pairs_incl_sentinel,round_win = game_pnl > 0 (decisive only),COMPATIBILITY_ONLY_NOT_PRODUCTION,268817.8208,244366.2908,168.7661,6248,5610,-0.00062781,-0.08642944,0.00436428,-0.00062781,-168.7661,268817.8208,OK,0.0000,6.7506,4.0000,96.0000,AG03-UNRESOLVED,ALL5_LEVELS_bet23_to_bet27,6.7506,6.7506,6.7506,8.4383,8.4383,4.000000,4.000000,4.000000,5.000000,5.000000,96.000000,96.000000,96.000000,95.000000,95.000000,5.0,37.1285,34.0107,131.6376,134.7554,PENDING_AG03,FALSE,NOT_FOR_ENFORCEMENT,162.0155,234591.6392,168.7661,162.0155,6.7506,0.00062781,0.00060270,6.7506,162.0155,0.00060270,6.7506,6.7506,6.7506,8.4383,8.4383,162.0155,0.00060270,37.1285,34.0107,131.6376,134.7554,0.00048969,0.00050129,0.00002511,43.0246,43.5591,0.0301,2.0581,0.0627,3278.2661,68.4146,17.6798,46.9397,25.7155,39.4976,52.6635,77.1466,82.2897,128.5777,31.4111,0.0,2.083411,3.25533,1.089297,30,192,222,8,0.05498276,0.00062781,0.08642944,0E-8,0.000000,0.909041,0.000000,-0.09079372,2026-03-23,2026-08-06,82,2690,1181,137,0.598540,0.376650,0.410924,0.183276,,,,,,,,GLOBAL_BASELINE_NO_ENTITY_RANKING,,,NOT_APPLICABLE_GLOBAL_BASELINE,HF9g-P5,,,,X 全窗基线 · 不参与实体赏罚,6877695,688,A168_HF9F_20260827_0900,2026-08-27 09:00:00
2026-06-12,70460261,2222,0,162.0078689536,-51.6882248566,-51.6882248566,0.3333333,3,3,0.50665070000000000,0.506650700000,-0.6004420894325239,-0.6004420894325239,-0.6004420894325239,0E-17,ELIGIBLE,R03b_20260811_FULL_v1,L1_ELIGIBILITY,v2026-08-11,2026-03-21..2026-08-06,baccarat_bet02_101_all_pairs_incl_sentinel,round_win = game_pnl > 0 (decisive only),COMPATIBILITY_ONLY_NOT_PRODUCTION,268817.8208,244366.2908,168.7661,6248,5610,-0.00062781,-0.08642944,0.00436428,-0.00062781,-168.7661,268817.8208,OK,0.0000,6.7506,4.0000,96.0000,AG03-UNRESOLVED,ALL5_LEVELS_bet23_to_bet27,6.7506,6.7506,6.7506,8.4383,8.4383,4.000000,4.000000,4.000000,5.000000,5.000000,96.000000,96.000000,96.000000,95.000000,95.000000,5.0,37.1285,34.0107,131.6376,134.7554,PENDING_AG03,FALSE,NOT_FOR_ENFORCEMENT,162.0155,234591.6392,168.7661,162.0155,6.7506,0.00062781,0.00060270,6.7506,162.0155,0.00060270,6.7506,6.7506,6.7506,8.4383,8.4383,162.0155,0.00060270,37.1285,34.0107,131.6376,134.7554,0.00048969,0.00050129,0.00002511,43.0246,43.5591,0.0301,2.0581,0.0627,3278.2661,68.4146,17.6798,46.9397,25.7155,39.4976,52.6635,77.1466,82.2897,128.5777,31.4111,0.0,2.083411,3.25533,1.089297,30,192,222,8,0.05498276,0.00062781,0.08642944,0E-8,0.000000,0.909041,0.000000,-0.09079372,2026-03-23,2026-08-06,82,2690,1181,137,0.598540,0.376650,0.410924,0.183276,,,,,,,,GLOBAL_BASELINE_NO_ENTITY_RANKING,,,NOT_APPLICABLE_GLOBAL_BASELINE,HF9g-P5,,,,X 全窗基线 · 不参与实体赏罚,6877696,688,A168_HF9F_20260827_0900,2026-08-27 09:00:00
2026-06-12,70460261,2223,0,110.5767994446,-12.8577673773,-12.8577673773,0E-7,2,1,0.45396589767433284,0.280106050000,-0.9118044997917452,-0.6237735893609975,-0.9118044997917452,0.17385984767433284,ELIGIBLE,R03b_20260811_FULL_v1,L1_ELIGIBILITY,v2026-08-11,2026-03-21..2026-08-06,baccarat_bet02_101_all_pairs_incl_sentinel,round_win = game_pnl > 0 (decisive only),COMPATIBILITY_ONLY_NOT_PRODUCTION,268817.8208,244366.2908,168.7661,6248,5610,-0.00062781,-0.08642944,0.00436428,-0.00062781,-168.7661,268817.8208,OK,0.0000,6.7506,4.0000,96.0000,AG03-UNRESOLVED,ALL5_LEVELS_bet23_to_bet27,6.7506,6.7506,6.7506,8.4383,8.4383,4.000000,4.000000,4.000000,5.000000,5.000000,96.000000,96.000000,96.000000,95.000000,95.000000,5.0,37.1285,34.0107,131.6376,134.7554,PENDING_AG03,FALSE,NOT_FOR_ENFORCEMENT,162.0155,234591.6392,168.7661,162.0155,6.7506,0.00062781,0.00060270,6.7506,162.0155,0.00060270,6.7506,6.7506,6.7506,8.4383,8.4383,162.0155,0.00060270,37.1285,34.0107,131.6376,134.7554,0.00048969,0.00050129,0.00002511,43.0246,43.5591,0.0301,2.0581,0.0627,3278.2661,68.4146,17.6798,46.9397,25.7155,39.4976,52.6635,77.1466,82.2897,128.5777,31.4111,0.0,2.083411,3.25533,1.089297,30,192,222,8,0.05498276,0.00062781,0.08642944,0E-8,0.000000,0.909041,0.000000,-0.09079372,2026-03-23,2026-08-06,82,2690,1181,137,0.598540,0.376650,0.410924,0.183276,,,,,,,,GLOBAL_BASELINE_NO_ENTITY_RANKING,,,NOT_APPLICABLE_GLOBAL_BASELINE,HF9g-P5,,,,X 全窗基线 · 不参与实体赏罚,6877697,688,A168_HF9F_20260827_0900,2026-08-27 09:00:00
2026-06-12,70460261,2224,0,354.8743796128,86.5327744490,86.5327744490,0.6000000,6,5,0.48618564333335780,0.455979690000,0.5091876568757111,0.6465891865600716,0.5091876568757111,0.03020595333335780,ELIGIBLE,R03b_20260811_FULL_v1,L1_ELIGIBILITY,v2026-08-11,2026-03-21..2026-08-06,baccarat_bet02_101_all_pairs_incl_sentinel,round_win = game_pnl > 0 (decisive only),COMPATIBILITY_ONLY_NOT_PRODUCTION,268817.8208,244366.2908,168.7661,6248,5610,-0.00062781,-0.08642944,0.00436428,-0.00062781,-168.7661,268817.8208,OK,0.0000,6.7506,4.0000,96.0000,AG03-UNRESOLVED,ALL5_LEVELS_bet23_to_bet27,6.7506,6.7506,6.7506,8.4383,8.4383,4.000000,4.000000,4.000000,5.000000,5.000000,96.000000,96.000000,96.000000,95.000000,95.000000,5.0,37.1285,34.0107,131.6376,134.7554,PENDING_AG03,FALSE,NOT_FOR_ENFORCEMENT,162.0155,234591.6392,168.7661,162.0155,6.7506,0.00062781,0.00060270,6.7506,162.0155,0.00060270,6.7506,6.7506,6.7506,8.4383,8.4383,162.0155,0.00060270,37.1285,34.0107,131.6376,134.7554,0.00048969,0.00050129,0.00002511,43.0246,43.5591,0.0301,2.0581,0.0627,3278.2661,68.4146,17.6798,46.9397,25.7155,39.4976,52.6635,77.1466,82.2897,128.5777,31.4111,0.0,2.083411,3.25533,1.089297,30,192,222,8,0.05498276,0.00062781,0.08642944,0E-8,0.000000,0.909041,0.000000,-0.09079372,2026-03-23,2026-08-06,82,2690,1181,137,0.598540,0.376650,0.410924,0.183276,,,,,,,,GLOBAL_BASELINE_NO_ENTITY_RANKING,,,NOT_APPLICABLE_GLOBAL_BASELINE,HF9g-P5,,,,X 全窗基线 · 不参与实体赏罚,6877698,688,A168_HF9F_20260827_0900,2026-08-27 09:00:00
2026-06-12,70460261,2229,0,370.3037004654,15.0435878314,15.0435878314,0.6666667,6,5,0.49204625736839909,0.458660730000,0.6049793911680387,0.7230291588405547,0.6049793911680387,0.03338552736839909,ELIGIBLE,R03b_20260811_FULL_v1,L1_ELIGIBILITY,v2026-08-11,2026-03-21..2026-08-06,baccarat_bet02_101_all_pairs_incl_sentinel,round_win = game_pnl > 0 (decisive only),COMPATIBILITY_ONLY_NOT_PRODUCTION,268817.8208,244366.2908,168.7661,6248,5610,-0.00062781,-0.08642944,0.00436428,-0.00062781,-168.7661,268817.8208,OK,0.0000,6.7506,4.0000,96.0000,AG03-UNRESOLVED,ALL5_LEVELS_bet23_to_bet27,6.7506,6.7506,6.7506,8.4383,8.4383,4.000000,4.000000,4.000000,5.000000,5.000000,96.000000,96.000000,96.000000,95.000000,95.000000,5.0,37.1285,34.0107,131.6376,134.7554,PENDING_AG03,FALSE,NOT_FOR_ENFORCEMENT,162.0155,234591.6392,168.7661,162.0155,6.7506,0.00062781,0.00060270,6.7506,162.0155,0.00060270,6.7506,6.7506,6.7506,8.4383,8.4383,162.0155,0.00060270,37.1285,34.0107,131.6376,134.7554,0.00048969,0.00050129,0.00002511,43.0246,43.5591,0.0301,2.0581,0.0627,3278.2661,68.4146,17.6798,46.9397,25.7155,39.4976,52.6635,77.1466,82.2897,128.5777,31.4111,0.0,2.083411,3.25533,1.089297,30,192,222,8,0.05498276,0.00062781,0.08642944,0E-8,0.000000,0.909041,0.000000,-0.09079372,2026-03-23,2026-08-06,82,2690,1181,137,0.598540,0.376650,0.410924,0.183276,,,,,,,,GLOBAL_BASELINE_NO_ENTITY_RANKING,,,NOT_APPLICABLE_GLOBAL_BASELINE,HF9g-P5,,,,X 全窗基线 · 不参与实体赏罚,6877699,688,A168_HF9F_20260827_0900,2026-08-27 09:00:00
2026-06-12,70460261,2233,0,316.3010774809,-216.0104919382,-216.0104919382,0.2000000,7,5,0.44355775333341164,0.413351800000,-1.096230361463008,-0.9687964207028018,-1.096230361463008,0.03020595333341164,ELIGIBLE,R03b_20260811_FULL_v1,L1_ELIGIBILITY,v2026-08-11,2026-03-21..2026-08-06,baccarat_bet02_101_all_pairs_incl_sentinel,round_win = game_pnl > 0 (decisive only),COMPATIBILITY_ONLY_NOT_PRODUCTION,268817.8208,244366.2908,168.7661,6248,5610,-0.00062781,-0.08642944,0.00436428,-0.00062781,-168.7661,268817.8208,OK,0.0000,6.7506,4.0000,96.0000,AG03-UNRESOLVED,ALL5_LEVELS_bet23_to_bet27,6.7506,6.7506,6.7506,8.4383,8.4383,4.000000,4.000000,4.000000,5.000000,5.000000,96.000000,96.000000,96.000000,95.000000,95.000000,5.0,37.1285,34.0107,131.6376,134.7554,PENDING_AG03,FALSE,NOT_FOR_ENFORCEMENT,162.0155,234591.6392,168.7661,162.0155,6.7506,0.00062781,0.00060270,6.7506,162.0155,0.00060270,6.7506,6.7506,6.7506,8.4383,8.4383,162.0155,0.00060270,37.1285,34.0107,131.6376,134.7554,0.00048969,0.00050129,0.00002511,43.0246,43.5591,0.0301,2.0581,0.0627,3278.2661,68.4146,17.6798,46.9397,25.7155,39.4976,52.6635,77.1466,82.2897,128.5777,31.4111,0.0,2.083411,3.25533,1.089297,30,192,222,8,0.05498276,0.00062781,0.08642944,0E-8,0.000000,0.909041,0.000000,-0.09079372,2026-03-23,2026-08-06,82,2690,1181,137,0.598540,0.376650,0.410924,0.183276,,,,,,,,GLOBAL_BASELINE_NO_ENTITY_RANKING,,,NOT_APPLICABLE_GLOBAL_BASELINE,HF9g-P5,,,,X 全窗基线 · 不参与实体赏罚,6877700,688,A168_HF9F_20260827_0900,2026-08-27 09:00:00
2026-06-12,70460261,2248,0,154.2932085273,-154.2932085273,-154.2932085273,0E-7,2,1,0.46889325833325992,0.280106050000,-0.9396066616172039,-0.6237735893609975,-0.9396066616172039,0.18878720833325992,ELIGIBLE,R03b_20260811_FULL_v1,L1_ELIGIBILITY,v2026-08-11,2026-03-21..2026-08-06,baccarat_bet02_101_all_pairs_incl_sentinel,round_win = game_pnl > 0 (decisive only),COMPATIBILITY_ONLY_NOT_PRODUCTION,268817.8208,244366.2908,168.7661,6248,5610,-0.00062781,-0.08642944,0.00436428,-0.00062781,-168.7661,268817.8208,OK,0.0000,6.7506,4.0000,96.0000,AG03-UNRESOLVED,ALL5_LEVELS_bet23_to_bet27,6.7506,6.7506,6.7506,8.4383,8.4383,4.000000,4.000000,4.000000,5.000000,5.000000,96.000000,96.000000,96.000000,95.000000,95.000000,5.0,37.1285,34.0107,131.6376,134.7554,PENDING_AG03,FALSE,NOT_FOR_ENFORCEMENT,162.0155,234591.6392,168.7661,162.0155,6.7506,0.00062781,0.00060270,6.7506,162.0155,0.00060270,6.7506,6.7506,6.7506,8.4383,8.4383,162.0155,0.00060270,37.1285,34.0107,131.6376,134.7554,0.00048969,0.00050129,0.00002511,43.0246,43.5591,0.0301,2.0581,0.0627,3278.2661,68.4146,17.6798,46.9397,25.7155,39.4976,52.6635,77.1466,82.2897,128.5777,31.4111,0.0,2.083411,3.25533,1.089297,30,192,222,8,0.05498276,0.00062781,0.08642944,0E-8,0.000000,0.909041,0.000000,-0.09079372,2026-03-23,2026-08-06,82,2690,1181,137,0.598540,0.376650,0.410924,0.183276,,,,,,,,GLOBAL_BASELINE_NO_ENTITY_RANKING,,,NOT_APPLICABLE_GLOBAL_BASELINE,HF9g-P5,,,,X 全窗基线 · 不参与实体赏罚,6877701,688,A168_HF9F_20260827_0900,2026-08-27 09:00:00
2026-06-12,70460261,2261,0,25.7155347545,-25.7155347545,-25.7155347545,0E-7,1,1,0.50665070000000000,0.506650700000,-1.013391052207602,-1.013391052207602,-1.013391052207602,0E-17,ELIGIBLE,R03b_20260811_FULL_v1,L1_ELIGIBILITY,v2026-08-11,2026-03-21..2026-08-06,baccarat_bet02_101_all_pairs_incl_sentinel,round_win = game_pnl > 0 (decisive only),COMPATIBILITY_ONLY_NOT_PRODUCTION,268817.8208,244366.2908,168.7661,6248,5610,-0.00062781,-0.08642944,0.00436428,-0.00062781,-168.7661,268817.8208,OK,0.0000,6.7506,4.0000,96.0000,AG03-UNRESOLVED,ALL5_LEVELS_bet23_to_bet27,6.7506,6.7506,6.7506,8.4383,8.4383,4.000000,4.000000,4.000000,5.000000,5.000000,96.000000,96.000000,96.000000,95.000000,95.000000,5.0,37.1285,34.0107,131.6376,134.7554,PENDING_AG03,FALSE,NOT_FOR_ENFORCEMENT,162.0155,234591.6392,168.7661,162.0155,6.7506,0.00062781,0.00060270,6.7506,162.0155,0.00060270,6.7506,6.7506,6.7506,8.4383,8.4383,162.0155,0.00060270,37.1285,34.0107,131.6376,134.7554,0.00048969,0.00050129,0.00002511,43.0246,43.5591,0.0301,2.0581,0.0627,3278.2661,68.4146,17.6798,46.9397,25.7155,39.4976,52.6635,77.1466,82.2897,128.5777,31.4111,0.0,2.083411,3.25533,1.089297,30,192,222,8,0.05498276,0.00062781,0.08642944,0E-8,0.000000,0.909041,0.000000,-0.09079372,2026-03-23,2026-08-06,82,2690,1181,137,0.598540,0.376650,0.410924,0.183276,,,,,,,,GLOBAL_BASELINE_NO_ENTITY_RANKING,,,NOT_APPLICABLE_GLOBAL_BASELINE,HF9g-P5,,,,X 全窗基线 · 不参与实体赏罚,6877702,688,A168_HF9F_20260827_0900,2026-08-27 09:00:00
2026-06-12,70460261,2266,0,282.8708822999,222.4393756269,222.4393756269,1.0000000,4,3,0.47197634666671365,0.426667416667,1.8320072964227867,2.0077942226227,1.8320072964227867,0.04530892999971365,ELIGIBLE,R03b_20260811_FULL_v1,L1_ELIGIBILITY,v2026-08-11,2026-03-21..2026-08-06,baccarat_bet02_101_all_pairs_incl_sentinel,round_win = game_pnl > 0 (decisive only),COMPATIBILITY_ONLY_NOT_PRODUCTION,268817.8208,244366.2908,168.7661,6248,5610,-0.00062781,-0.08642944,0.00436428,-0.00062781,-168.7661,268817.8208,OK,0.0000,6.7506,4.0000,96.0000,AG03-UNRESOLVED,ALL5_LEVELS_bet23_to_bet27,6.7506,6.7506,6.7506,8.4383,8.4383,4.000000,4.000000,4.000000,5.000000,5.000000,96.000000,96.000000,96.000000,95.000000,95.000000,5.0,37.1285,34.0107,131.6376,134.7554,PENDING_AG03,FALSE,NOT_FOR_ENFORCEMENT,162.0155,234591.6392,168.7661,162.0155,6.7506,0.00062781,0.00060270,6.7506,162.0155,0.00060270,6.7506,6.7506,6.7506,8.4383,8.4383,162.0155,0.00060270,37.1285,34.0107,131.6376,134.7554,0.00048969,0.00050129,0.00002511,43.0246,43.5591,0.0301,2.0581,0.0627,3278.2661,68.4146,17.6798,46.9397,25.7155,39.4976,52.6635,77.1466,82.2897,128.5777,31.4111,0.0,2.083411,3.25533,1.089297,30,192,222,8,0.05498276,0.00062781,0.08642944,0E-8,0.000000,0.909041,0.000000,-0.09079372,2026-03-23,2026-08-06,82,2690,1181,137,0.598540,0.376650,0.410924,0.183276,,,,,,,,GLOBAL_BASELINE_NO_ENTITY_RANKING,,,NOT_APPLICABLE_GLOBAL_BASELINE,HF9g-P5,,,,X 全窗基线 · 不参与实体赏罚,6877703,688,A168_HF9F_20260827_0900,2026-08-27 09:00:00
2026-06-12,70460261,2267,0,51.4310695091,48.8595160336,48.8595160336,1.0000000,1,1,0.50665070000000000,0.506650700000,0.9867858985152569,0.9867858985152569,0.9867858985152569,0E-17,ELIGIBLE,R03b_20260811_FULL_v1,L1_ELIGIBILITY,v2026-08-11,2026-03-21..2026-08-06,baccarat_bet02_101_all_pairs_incl_sentinel,round_win = game_pnl > 0 (decisive only),COMPATIBILITY_ONLY_NOT_PRODUCTION,268817.8208,244366.2908,168.7661,6248,5610,-0.00062781,-0.08642944,0.00436428,-0.00062781,-168.7661,268817.8208,OK,0.0000,6.7506,4.0000,96.0000,AG03-UNRESOLVED,ALL5_LEVELS_bet23_to_bet27,6.7506,6.7506,6.7506,8.4383,8.4383,4.000000,4.000000,4.000000,5.000000,5.000000,96.000000,96.000000,96.000000,95.000000,95.000000,5.0,37.1285,34.0107,131.6376,134.7554,PENDING_AG03,FALSE,NOT_FOR_ENFORCEMENT,162.0155,234591.6392,168.7661,162.0155,6.7506,0.00062781,0.00060270,6.7506,162.0155,0.00060270,6.7506,6.7506,6.7506,8.4383,8.4383,162.0155,0.00060270,37.1285,34.0107,131.6376,134.7554,0.00048969,0.00050129,0.00002511,43.0246,43.5591,0.0301,2.0581,0.0627,3278.2661,68.4146,17.6798,46.9397,25.7155,39.4976,52.6635,77.1466,82.2897,128.5777,31.4111,0.0,2.083411,3.25533,1.089297,30,192,222,8,0.05498276,0.00062781,0.08642944,0E-8,0.000000,0.909041,0.000000,-0.09079372,2026-03-23,2026-08-06,82,2690,1181,137,0.598540,0.376650,0.410924,0.183276,,,,,,,,GLOBAL_BASELINE_NO_ENTITY_RANKING,,,NOT_APPLICABLE_GLOBAL_BASELINE,HF9g-P5,,,,X 全窗基线 · 不参与实体赏罚,6877704,688,A168_HF9F_20260827_0900,2026-08-27 09:00:00
2026-06-12,70460261,2278,0,232.7255895286,70.6534317381,70.6534317381,0.5000000,3,2,0.46781410709224733,0.386675775000,0.09122465375918977,0.3290934312765982,0.09122465375918977,0.08113833209224733,ELIGIBLE,R03b_20260811_FULL_v1,L1_ELIGIBILITY,v2026-08-11,2026-03-21..2026-08-06,baccarat_bet02_101_all_pairs_incl_sentinel,round_win = game_pnl > 0 (decisive only),COMPATIBILITY_ONLY_NOT_PRODUCTION,268817.8208,244366.2908,168.7661,6248,5610,-0.00062781,-0.08642944,0.00436428,-0.00062781,-168.7661,268817.8208,OK,0.0000,6.7506,4.0000,96.0000,AG03-UNRESOLVED,ALL5_LEVELS_bet23_to_bet27,6.7506,6.7506,6.7506,8.4383,8.4383,4.000000,4.000000,4.000000,5.000000,5.000000,96.000000,96.000000,96.000000,95.000000,95.000000,5.0,37.1285,34.0107,131.6376,134.7554,PENDING_AG03,FALSE,NOT_FOR_ENFORCEMENT,162.0155,234591.6392,168.7661,162.0155,6.7506,0.00062781,0.00060270,6.7506,162.0155,0.00060270,6.7506,6.7506,6.7506,8.4383,8.4383,162.0155,0.00060270,37.1285,34.0107,131.6376,134.7554,0.00048969,0.00050129,0.00002511,43.0246,43.5591,0.0301,2.0581,0.0627,3278.2661,68.4146,17.6798,46.9397,25.7155,39.4976,52.6635,77.1466,82.2897,128.5777,31.4111,0.0,2.083411,3.25533,1.089297,30,192,222,8,0.05498276,0.00062781,0.08642944,0E-8,0.000000,0.909041,0.000000,-0.09079372,2026-03-23,2026-08-06,82,2690,1181,137,0.598540,0.376650,0.410924,0.183276,,,,,,,,GLOBAL_BASELINE_NO_ENTITY_RANKING,,,NOT_APPLICABLE_GLOBAL_BASELINE,HF9g-P5,,,,X 全窗基线 · 不参与实体赏罚,6877705,688,A168_HF9F_20260827_0900,2026-08-27 09:00:00
2026-06-12,70460261,471,0,77.1466042636,73.2892740505,73.2892740505,1.0000000,1,1,0.50665070000000000,0.506650700000,0.9867858985152569,0.9867858985152569,0.9867858985152569,0E-17,ELIGIBLE,R03b_20260811_FULL_v1,L1_ELIGIBILITY,v2026-08-11,2026-03-21..2026-08-06,baccarat_bet02_101_all_pairs_incl_sentinel,round_win = game_pnl > 0 (decisive only),COMPATIBILITY_ONLY_NOT_PRODUCTION,268817.8208,244366.2908,168.7661,6248,5610,-0.00062781,-0.08642944,0.00436428,-0.00062781,-168.7661,268817.8208,OK,0.0000,6.7506,4.0000,96.0000,AG03-UNRESOLVED,ALL5_LEVELS_bet23_to_bet27,6.7506,6.7506,6.7506,8.4383,8.4383,4.000000,4.000000,4.000000,5.000000,5.000000,96.000000,96.000000,96.000000,95.000000,95.000000,5.0,37.1285,34.0107,131.6376,134.7554,PENDING_AG03,FALSE,NOT_FOR_ENFORCEMENT,162.0155,234591.6392,168.7661,162.0155,6.7506,0.00062781,0.00060270,6.7506,162.0155,0.00060270,6.7506,6.7506,6.7506,8.4383,8.4383,162.0155,0.00060270,37.1285,34.0107,131.6376,134.7554,0.00048969,0.00050129,0.00002511,43.0246,43.5591,0.0301,2.0581,0.0627,3278.2661,68.4146,17.6798,46.9397,25.7155,39.4976,52.6635,77.1466,82.2897,128.5777,31.4111,0.0,2.083411,3.25533,1.089297,30,192,222,8,0.05498276,0.00062781,0.08642944,0E-8,0.000000,0.909041,0.000000,-0.09079372,2026-03-23,2026-08-06,82,2690,1181,137,0.598540,0.376650,0.410924,0.183276,,,,,,,,GLOBAL_BASELINE_NO_ENTITY_RANKING,,,NOT_APPLICABLE_GLOBAL_BASELINE,HF9g-P5,,,,X 全窗基线 · 不参与实体赏罚,6877706,688,A168_HF9F_20260827_0900,2026-08-27 09:00:00
2026-06-12,70460261,526,0,241.7260266927,21.8582045414,21.8582045414,0.5000000,4,4,0.50329940000000000,0.503299400000,-0.009332315641528947,-0.009332315641528947,-0.009332315641528947,0E-17,ELIGIBLE,R03b_20260811_FULL_v1,L1_ELIGIBILITY,v2026-08-11,2026-03-21..2026-08-06,baccarat_bet02_101_all_pairs_incl_sentinel,round_win = game_pnl > 0 (decisive only),COMPATIBILITY_ONLY_NOT_PRODUCTION,268817.8208,244366.2908,168.7661,6248,5610,-0.00062781,-0.08642944,0.00436428,-0.00062781,-168.7661,268817.8208,OK,0.0000,6.7506,4.0000,96.0000,AG03-UNRESOLVED,ALL5_LEVELS_bet23_to_bet27,6.7506,6.7506,6.7506,8.4383,8.4383,4.000000,4.000000,4.000000,5.000000,5.000000,96.000000,96.000000,96.000000,95.000000,95.000000,5.0,37.1285,34.0107,131.6376,134.7554,PENDING_AG03,FALSE,NOT_FOR_ENFORCEMENT,162.0155,234591.6392,168.7661,162.0155,6.7506,0.00062781,0.00060270,6.7506,162.0155,0.00060270,6.7506,6.7506,6.7506,8.4383,8.4383,162.0155,0.00060270,37.1285,34.0107,131.6376,134.7554,0.00048969,0.00050129,0.00002511,43.0246,43.5591,0.0301,2.0581,0.0627,3278.2661,68.4146,17.6798,46.9397,25.7155,39.4976,52.6635,77.1466,82.2897,128.5777,31.4111,0.0,2.083411,3.25533,1.089297,30,192,222,8,0.05498276,0.00062781,0.08642944,0E-8,0.000000,0.909041,0.000000,-0.09079372,2026-03-23,2026-08-06,82,2690,1181,137,0.598540,0.376650,0.410924,0.183276,,,,,,,,GLOBAL_BASELINE_NO_ENTITY_RANKING,,,NOT_APPLICABLE_GLOBAL_BASELINE,HF9g-P5,,,,X 全窗基线 · 不参与实体赏罚,6877707,688,A168_HF9F_20260827_0900,2026-08-27 09:00:00
2026-06-12,70460261,550,0,126.0061202973,-126.0061202973,-126.0061202973,0E-7,2,2,0.50665070000000000,0.506650700000,-1.4331513700195317,-1.4331513700195317,-1.4331513700195317,0E-17,ELIGIBLE,R03b_20260811_FULL_v1,L1_ELIGIBILITY,v2026-08-11,2026-03-21..2026-08-06,baccarat_bet02_101_all_pairs_incl_sentinel,round_win = game_pnl > 0 (decisive only),COMPATIBILITY_ONLY_NOT_PRODUCTION,268817.8208,244366.2908,168.7661,6248,5610,-0.00062781,-0.08642944,0.00436428,-0.00062781,-168.7661,268817.8208,OK,0.0000,6.7506,4.0000,96.0000,AG03-UNRESOLVED,ALL5_LEVELS_bet23_to_bet27,6.7506,6.7506,6.7506,8.4383,8.4383,4.000000,4.000000,4.000000,5.000000,5.000000,96.000000,96.000000,96.000000,95.000000,95.000000,5.0,37.1285,34.0107,131.6376,134.7554,PENDING_AG03,FALSE,NOT_FOR_ENFORCEMENT,162.0155,234591.6392,168.7661,162.0155,6.7506,0.00062781,0.00060270,6.7506,162.0155,0.00060270,6.7506,6.7506,6.7506,8.4383,8.4383,162.0155,0.00060270,37.1285,34.0107,131.6376,134.7554,0.00048969,0.00050129,0.00002511,43.0246,43.5591,0.0301,2.0581,0.0627,3278.2661,68.4146,17.6798,46.9397,25.7155,39.4976,52.6635,77.1466,82.2897,128.5777,31.4111,0.0,2.083411,3.25533,1.089297,30,192,222,8,0.05498276,0.00062781,0.08642944,0E-8,0.000000,0.909041,0.000000,-0.09079372,2026-03-23,2026-08-06,82,2690,1181,137,0.598540,0.376650,0.410924,0.183276,,,,,,,,GLOBAL_BASELINE_NO_ENTITY_RANKING,,,NOT_APPLICABLE_GLOBAL_BASELINE,HF9g-P5,,,,X 全窗基线 · 不参与实体赏罚,6877708,688,A168_HF9F_20260827_0900,2026-08-27 09:00:00
2026-06-12,70460261,752,0,64.2888368864,-64.2888368864,-64.2888368864,0E-7,2,1,0.41603283999985905,0.280106050000,-0.8440527600276232,-0.6237735893609975,-0.8440527600276232,0.13592678999985905,ELIGIBLE,R03b_20260811_FULL_v1,L1_ELIGIBILITY,v2026-08-11,2026-03-21..2026-08-06,baccarat_bet02_101_all_pairs_incl_sentinel,round_win = game_pnl > 0 (decisive only),COMPATIBILITY_ONLY_NOT_PRODUCTION,268817.8208,244366.2908,168.7661,6248,5610,-0.00062781,-0.08642944,0.00436428,-0.00062781,-168.7661,268817.8208,OK,0.0000,6.7506,4.0000,96.0000,AG03-UNRESOLVED,ALL5_LEVELS_bet23_to_bet27,6.7506,6.7506,6.7506,8.4383,8.4383,4.000000,4.000000,4.000000,5.000000,5.000000,96.000000,96.000000,96.000000,95.000000,95.000000,5.0,37.1285,34.0107,131.6376,134.7554,PENDING_AG03,FALSE,NOT_FOR_ENFORCEMENT,162.0155,234591.6392,168.7661,162.0155,6.7506,0.00062781,0.00060270,6.7506,162.0155,0.00060270,6.7506,6.7506,6.7506,8.4383,8.4383,162.0155,0.00060270,37.1285,34.0107,131.6376,134.7554,0.00048969,0.00050129,0.00002511,43.0246,43.5591,0.0301,2.0581,0.0627,3278.2661,68.4146,17.6798,46.9397,25.7155,39.4976,52.6635,77.1466,82.2897,128.5777,31.4111,0.0,2.083411,3.25533,1.089297,30,192,222,8,0.05498276,0.00062781,0.08642944,0E-8,0.000000,0.909041,0.000000,-0.09079372,2026-03-23,2026-08-06,82,2690,1181,137,0.598540,0.376650,0.410924,0.183276,,,,,,,,GLOBAL_BASELINE_NO_ENTITY_RANKING,,,NOT_APPLICABLE_GLOBAL_BASELINE,HF9g-P5,,,,X 全窗基线 · 不参与实体赏罚,6877709,688,A168_HF9F_20260827_0900,2026-08-27 09:00:00
2026-06-12,70460261,970,0,167.1509759045,-81.9039781932,-81.9039781932,0.3333333,3,3,0.50665070000000000,0.506650700000,-0.6004420894325239,-0.6004420894325239,-0.6004420894325239,0E-17,ELIGIBLE,R03b_20260811_FULL_v1,L1_ELIGIBILITY,v2026-08-11,2026-03-21..2026-08-06,baccarat_bet02_101_all_pairs_incl_sentinel,round_win = game_pnl > 0 (decisive only),COMPATIBILITY_ONLY_NOT_PRODUCTION,268817.8208,244366.2908,168.7661,6248,5610,-0.00062781,-0.08642944,0.00436428,-0.00062781,-168.7661,268817.8208,OK,0.0000,6.7506,4.0000,96.0000,AG03-UNRESOLVED,ALL5_LEVELS_bet23_to_bet27,6.7506,6.7506,6.7506,8.4383,8.4383,4.000000,4.000000,4.000000,5.000000,5.000000,96.000000,96.000000,96.000000,95.000000,95.000000,5.0,37.1285,34.0107,131.6376,134.7554,PENDING_AG03,FALSE,NOT_FOR_ENFORCEMENT,162.0155,234591.6392,168.7661,162.0155,6.7506,0.00062781,0.00060270,6.7506,162.0155,0.00060270,6.7506,6.7506,6.7506,8.4383,8.4383,162.0155,0.00060270,37.1285,34.0107,131.6376,134.7554,0.00048969,0.00050129,0.00002511,43.0246,43.5591,0.0301,2.0581,0.0627,3278.2661,68.4146,17.6798,46.9397,25.7155,39.4976,52.6635,77.1466,82.2897,128.5777,31.4111,0.0,2.083411,3.25533,1.089297,30,192,222,8,0.05498276,0.00062781,0.08642944,0E-8,0.000000,0.909041,0.000000,-0.09079372,2026-03-23,2026-08-06,82,2690,1181,137,0.598540,0.376650,0.410924,0.183276,,,,,,,,GLOBAL_BASELINE_NO_ENTITY_RANKING,,,NOT_APPLICABLE_GLOBAL_BASELINE,HF9g-P5,,,,X 全窗基线 · 不参与实体赏罚,6877710,688,A168_HF9F_20260827_0900,2026-08-27 09:00:00
2026-06-12,70460261,986,0,599.1719597810,-69.4319438374,-69.4319438374,0.5000000,12,10,0.48743274785916067,0.460732295000,0.07950739949071615,0.24912022405029438,0.07950739949071615,0.02670045285916067,ELIGIBLE,R03b_20260811_FULL_v1,L1_ELIGIBILITY,v2026-08-11,2026-03-21..2026-08-06,baccarat_bet02_101_all_pairs_incl_sentinel,round_win = game_pnl > 0 (decisive only),COMPATIBILITY_ONLY_NOT_PRODUCTION,268817.8208,244366.2908,168.7661,6248,5610,-0.00062781,-0.08642944,0.00436428,-0.00062781,-168.7661,268817.8208,OK,0.0000,6.7506,4.0000,96.0000,AG03-UNRESOLVED,ALL5_LEVELS_bet23_to_bet27,6.7506,6.7506,6.7506,8.4383,8.4383,4.000000,4.000000,4.000000,5.000000,5.000000,96.000000,96.000000,96.000000,95.000000,95.000000,5.0,37.1285,34.0107,131.6376,134.7554,PENDING_AG03,FALSE,NOT_FOR_ENFORCEMENT,162.0155,234591.6392,168.7661,162.0155,6.7506,0.00062781,0.00060270,6.7506,162.0155,0.00060270,6.7506,6.7506,6.7506,8.4383,8.4383,162.0155,0.00060270,37.1285,34.0107,131.6376,134.7554,0.00048969,0.00050129,0.00002511,43.0246,43.5591,0.0301,2.0581,0.0627,3278.2661,68.4146,17.6798,46.9397,25.7155,39.4976,52.6635,77.1466,82.2897,128.5777,31.4111,0.0,2.083411,3.25533,1.089297,30,192,222,8,0.05498276,0.00062781,0.08642944,0E-8,0.000000,0.909041,0.000000,-0.09079372,2026-03-23,2026-08-06,82,2690,1181,137,0.598540,0.376650,0.410924,0.183276,,,,,,,,GLOBAL_BASELINE_NO_ENTITY_RANKING,,,NOT_APPLICABLE_GLOBAL_BASELINE,HF9g-P5,,,,X 全窗基线 · 不参与实体赏罚,6877711,688,A168_HF9F_20260827_0900,2026-08-27 09:00:00
2026-06-12,70460261,987,0,77.1466042636,73.2892740505,73.2892740505,1.0000000,1,1,0.50665070000000000,0.506650700000,0.9867858985152569,0.9867858985152569,0.9867858985152569,0E-17,ELIGIBLE,R03b_20260811_FULL_v1,L1_ELIGIBILITY,v2026-08-11,2026-03-21..2026-08-06,baccarat_bet02_101_all_pairs_incl_sentinel,round_win = game_pnl > 0 (decisive only),COMPATIBILITY_ONLY_NOT_PRODUCTION,268817.8208,244366.2908,168.7661,6248,5610,-0.00062781,-0.08642944,0.00436428,-0.00062781,-168.7661,268817.8208,OK,0.0000,6.7506,4.0000,96.0000,AG03-UNRESOLVED,ALL5_LEVELS_bet23_to_bet27,6.7506,6.7506,6.7506,8.4383,8.4383,4.000000,4.000000,4.000000,5.000000,5.000000,96.000000,96.000000,96.000000,95.000000,95.000000,5.0,37.1285,34.0107,131.6376,134.7554,PENDING_AG03,FALSE,NOT_FOR_ENFORCEMENT,162.0155,234591.6392,168.7661,162.0155,6.7506,0.00062781,0.00060270,6.7506,162.0155,0.00060270,6.7506,6.7506,6.7506,8.4383,8.4383,162.0155,0.00060270,37.1285,34.0107,131.6376,134.7554,0.00048969,0.00050129,0.00002511,43.0246,43.5591,0.0301,2.0581,0.0627,3278.2661,68.4146,17.6798,46.9397,25.7155,39.4976,52.6635,77.1466,82.2897,128.5777,31.4111,0.0,2.083411,3.25533,1.089297,30,192,222,8,0.05498276,0.00062781,0.08642944,0E-8,0.000000,0.909041,0.000000,-0.09079372,2026-03-23,2026-08-06,82,2690,1181,137,0.598540,0.376650,0.410924,0.183276,,,,,,,,GLOBAL_BASELINE_NO_ENTITY_RANKING,,,NOT_APPLICABLE_GLOBAL_BASELINE,HF9g-P5,,,,X 全窗基线 · 不参与实体赏罚,6877712,688,A168_HF9F_20260827_0900,2026-08-27 09:00:00
2026-06-12,70460261,994,0,208.2958315117,-100.2905855427,-100.2905855427,0.5000000,3,2,0.46219065833338228,0.386675775000,0.10724803922018426,0.3290934312765982,0.10724803922018426,0.07551488333338228,ELIGIBLE,R03b_20260811_FULL_v1,L1_ELIGIBILITY,v2026-08-11,2026-03-21..2026-08-06,baccarat_bet02_101_all_pairs_incl_sentinel,round_win = game_pnl > 0 (decisive only),COMPATIBILITY_ONLY_NOT_PRODUCTION,268817.8208,244366.2908,168.7661,6248,5610,-0.00062781,-0.08642944,0.00436428,-0.00062781,-168.7661,268817.8208,OK,0.0000,6.7506,4.0000,96.0000,AG03-UNRESOLVED,ALL5_LEVELS_bet23_to_bet27,6.7506,6.7506,6.7506,8.4383,8.4383,4.000000,4.000000,4.000000,5.000000,5.000000,96.000000,96.000000,96.000000,95.000000,95.000000,5.0,37.1285,34.0107,131.6376,134.7554,PENDING_AG03,FALSE,NOT_FOR_ENFORCEMENT,162.0155,234591.6392,168.7661,162.0155,6.7506,0.00062781,0.00060270,6.7506,162.0155,0.00060270,6.7506,6.7506,6.7506,8.4383,8.4383,162.0155,0.00060270,37.1285,34.0107,131.6376,134.7554,0.00048969,0.00050129,0.00002511,43.0246,43.5591,0.0301,2.0581,0.0627,3278.2661,68.4146,17.6798,46.9397,25.7155,39.4976,52.6635,77.1466,82.2897,128.5777,31.4111,0.0,2.083411,3.25533,1.089297,30,192,222,8,0.05498276,0.00062781,0.08642944,0E-8,0.000000,0.909041,0.000000,-0.09079372,2026-03-23,2026-08-06,82,2690,1181,137,0.598540,0.376650,0.410924,0.183276,,,,,,,,GLOBAL_BASELINE_NO_ENTITY_RANKING,,,NOT_APPLICABLE_GLOBAL_BASELINE,HF9g-P5,,,,X 全窗基线 · 不参与实体赏罚,6877713,688,A168_HF9F_20260827_0900,2026-08-27 09:00:00
2026-06-13,70460261,-1,1,741.8931776684,-501.1957723659,-501.1957723659,0.1250000,9,8,0.49688584439656482,0.478332618750,-2.1037448236843472,-2.0006305022473603,-2.1037448236843472,0.01855322564656482,SENTINEL_DEALER,R03b_20260811_FULL_v1,L1_ELIGIBILITY,v2026-08-11,2026-03-21..2026-08-06,baccarat_bet02_101_all_pairs_incl_sentinel,round_win = game_pnl > 0 (decisive only),COMPATIBILITY_ONLY_NOT_PRODUCTION,268817.8208,244366.2908,168.7661,6248,5610,-0.00062781,-0.08642944,0.00436428,-0.00062781,-168.7661,268817.8208,OK,0.0000,6.7506,4.0000,96.0000,AG03-UNRESOLVED,ALL5_LEVELS_bet23_to_bet27,6.7506,6.7506,6.7506,8.4383,8.4383,4.000000,4.000000,4.000000,5.000000,5.000000,96.000000,96.000000,96.000000,95.000000,95.000000,5.0,37.1285,34.0107,131.6376,134.7554,PENDING_AG03,FALSE,NOT_FOR_ENFORCEMENT,162.0155,234591.6392,168.7661,162.0155,6.7506,0.00062781,0.00060270,6.7506,162.0155,0.00060270,6.7506,6.7506,6.7506,8.4383,8.4383,162.0155,0.00060270,37.1285,34.0107,131.6376,134.7554,0.00048969,0.00050129,0.00002511,43.0246,43.5591,0.0301,2.0581,0.0627,3278.2661,68.4146,17.6798,46.9397,25.7155,39.4976,52.6635,77.1466,82.2897,128.5777,31.4111,0.0,2.083411,3.25533,1.089297,30,192,222,8,0.05498276,0.00062781,0.08642944,0E-8,0.000000,0.909041,0.000000,-0.09079372,2026-03-23,2026-08-06,82,2690,1181,137,0.598540,0.376650,0.410924,0.183276,,,,,,,,GLOBAL_BASELINE_NO_ENTITY_RANKING,,,NOT_APPLICABLE_GLOBAL_BASELINE,HF9g-P5,,,,X 全窗基线 · 不参与实体赏罚,6877714,688,A168_HF9F_20260827_0900,2026-08-27 09:00:00
2026-06-13,70460261,1205,0,87.4328181655,0E-10,0E-10,,1,1,0.49324550000000000,0.493245500000,,,,0E-17,NO_DECISIVE_ROUND,R03b_20260811_FULL_v1,L1_ELIGIBILITY,v2026-08-11,2026-03-21..2026-08-06,baccarat_bet02_101_all_pairs_incl_sentinel,round_win = game_pnl > 0 (decisive only),COMPATIBILITY_ONLY_NOT_PRODUCTION,268817.8208,244366.2908,168.7661,6248,5610,-0.00062781,-0.08642944,0.00436428,-0.00062781,-168.7661,268817.8208,OK,0.0000,6.7506,4.0000,96.0000,AG03-UNRESOLVED,ALL5_LEVELS_bet23_to_bet27,6.7506,6.7506,6.7506,8.4383,8.4383,4.000000,4.000000,4.000000,5.000000,5.000000,96.000000,96.000000,96.000000,95.000000,95.000000,5.0,37.1285,34.0107,131.6376,134.7554,PENDING_AG03,FALSE,NOT_FOR_ENFORCEMENT,162.0155,234591.6392,168.7661,162.0155,6.7506,0.00062781,0.00060270,6.7506,162.0155,0.00060270,6.7506,6.7506,6.7506,8.4383,8.4383,162.0155,0.00060270,37.1285,34.0107,131.6376,134.7554,0.00048969,0.00050129,0.00002511,43.0246,43.5591,0.0301,2.0581,0.0627,3278.2661,68.4146,17.6798,46.9397,25.7155,39.4976,52.6635,77.1466,82.2897,128.5777,31.4111,0.0,2.083411,3.25533,1.089297,30,192,222,8,0.05498276,0.00062781,0.08642944,0E-8,0.000000,0.909041,0.000000,-0.09079372,2026-03-23,2026-08-06,82,2690,1181,137,0.598540,0.376650,0.410924,0.183276,,,,,,,,GLOBAL_BASELINE_NO_ENTITY_RANKING,,,NOT_APPLICABLE_GLOBAL_BASELINE,HF9g-P5,,,,X 全窗基线 · 不参与实体赏罚,6877715,688,A168_HF9F_20260827_0900,2026-08-27 09:00:00
2026-06-13,70460261,1296,0,226.2967058399,-3.8573302131,-3.8573302131,0.5000000,3,3,0.50218230000000000,0.502182300000,-0.00617253530718887,-0.00617253530718887,-0.00617253530718887,0E-17,ELIGIBLE,R03b_20260811_FULL_v1,L1_ELIGIBILITY,v2026-08-11,2026-03-21..2026-08-06,baccarat_bet02_101_all_pairs_incl_sentinel,round_win = game_pnl > 0 (decisive only),COMPATIBILITY_ONLY_NOT_PRODUCTION,268817.8208,244366.2908,168.7661,6248,5610,-0.00062781,-0.08642944,0.00436428,-0.00062781,-168.7661,268817.8208,OK,0.0000,6.7506,4.0000,96.0000,AG03-UNRESOLVED,ALL5_LEVELS_bet23_to_bet27,6.7506,6.7506,6.7506,8.4383,8.4383,4.000000,4.000000,4.000000,5.000000,5.000000,96.000000,96.000000,96.000000,95.000000,95.000000,5.0,37.1285,34.0107,131.6376,134.7554,PENDING_AG03,FALSE,NOT_FOR_ENFORCEMENT,162.0155,234591.6392,168.7661,162.0155,6.7506,0.00062781,0.00060270,6.7506,162.0155,0.00060270,6.7506,6.7506,6.7506,8.4383,8.4383,162.0155,0.00060270,37.1285,34.0107,131.6376,134.7554,0.00048969,0.00050129,0.00002511,43.0246,43.5591,0.0301,2.0581,0.0627,3278.2661,68.4146,17.6798,46.9397,25.7155,39.4976,52.6635,77.1466,82.2897,128.5777,31.4111,0.0,2.083411,3.25533,1.089297,30,192,222,8,0.05498276,0.00062781,0.08642944,0E-8,0.000000,0.909041,0.000000,-0.09079372,2026-03-23,2026-08-06,82,2690,1181,137,0.598540,0.376650,0.410924,0.183276,,,,,,,,GLOBAL_BASELINE_NO_ENTITY_RANKING,,,NOT_APPLICABLE_GLOBAL_BASELINE,HF9g-P5,,,,X 全窗基线 · 不参与实体赏罚,6877716,688,A168_HF9F_20260827_0900,2026-08-27 09:00:00
2026-06-13,70460261,1402,0,77.1466042636,73.2892740505,73.2892740505,1.0000000,1,1,0.50665070000000000,0.506650700000,0.9867858985152569,0.9867858985152569,0.9867858985152569,0E-17,ELIGIBLE,R03b_20260811_FULL_v1,L1_ELIGIBILITY,v2026-08-11,2026-03-21..2026-08-06,baccarat_bet02_101_all_pairs_incl_sentinel,round_win = game_pnl > 0 (decisive only),COMPATIBILITY_ONLY_NOT_PRODUCTION,268817.8208,244366.2908,168.7661,6248,5610,-0.00062781,-0.08642944,0.00436428,-0.00062781,-168.7661,268817.8208,OK,0.0000,6.7506,4.0000,96.0000,AG03-UNRESOLVED,ALL5_LEVELS_bet23_to_bet27,6.7506,6.7506,6.7506,8.4383,8.4383,4.000000,4.000000,4.000000,5.000000,5.000000,96.000000,96.000000,96.000000,95.000000,95.000000,5.0,37.1285,34.0107,131.6376,134.7554,PENDING_AG03,FALSE,NOT_FOR_ENFORCEMENT,162.0155,234591.6392,168.7661,162.0155,6.7506,0.00062781,0.00060270,6.7506,162.0155,0.00060270,6.7506,6.7506,6.7506,8.4383,8.4383,162.0155,0.00060270,37.1285,34.0107,131.6376,134.7554,0.00048969,0.00050129,0.00002511,43.0246,43.5591,0.0301,2.0581,0.0627,3278.2661,68.4146,17.6798,46.9397,25.7155,39.4976,52.6635,77.1466,82.2897,128.5777,31.4111,0.0,2.083411,3.25533,1.089297,30,192,222,8,0.05498276,0.00062781,0.08642944,0E-8,0.000000,0.909041,0.000000,-0.09079372,2026-03-23,2026-08-06,82,2690,1181,137,0.598540,0.376650,0.410924,0.183276,,,,,,,,GLOBAL_BASELINE_NO_ENTITY_RANKING,,,NOT_APPLICABLE_GLOBAL_BASELINE,HF9g-P5,,,,X 全窗基线 · 不参与实体赏罚,6877717,688,A168_HF9F_20260827_0900,2026-08-27 09:00:00
2026-06-13,70460261,1507,0,233.4970555713,72.6721012164,72.6721012164,0.6666667,4,4,0.50665070000000000,0.506650700000,0.5543606114942035,0.5543606114942035,0.5543606114942035,0E-17,ELIGIBLE,R03b_20260811_FULL_v1,L1_ELIGIBILITY,v2026-08-11,2026-03-21..2026-08-06,baccarat_bet02_101_all_pairs_incl_sentinel,round_win = game_pnl > 0 (decisive only),COMPATIBILITY_ONLY_NOT_PRODUCTION,268817.8208,244366.2908,168.7661,6248,5610,-0.00062781,-0.08642944,0.00436428,-0.00062781,-168.7661,268817.8208,OK,0.0000,6.7506,4.0000,96.0000,AG03-UNRESOLVED,ALL5_LEVELS_bet23_to_bet27,6.7506,6.7506,6.7506,8.4383,8.4383,4.000000,4.000000,4.000000,5.000000,5.000000,96.000000,96.000000,96.000000,95.000000,95.000000,5.0,37.1285,34.0107,131.6376,134.7554,PENDING_AG03,FALSE,NOT_FOR_ENFORCEMENT,162.0155,234591.6392,168.7661,162.0155,6.7506,0.00062781,0.00060270,6.7506,162.0155,0.00060270,6.7506,6.7506,6.7506,8.4383,8.4383,162.0155,0.00060270,37.1285,34.0107,131.6376,134.7554,0.00048969,0.00050129,0.00002511,43.0246,43.5591,0.0301,2.0581,0.0627,3278.2661,68.4146,17.6798,46.9397,25.7155,39.4976,52.6635,77.1466,82.2897,128.5777,31.4111,0.0,2.083411,3.25533,1.089297,30,192,222,8,0.05498276,0.00062781,0.08642944,0E-8,0.000000,0.909041,0.000000,-0.09079372,2026-03-23,2026-08-06,82,2690,1181,137,0.598540,0.376650,0.410924,0.183276,,,,,,,,GLOBAL_BASELINE_NO_ENTITY_RANKING,,,NOT_APPLICABLE_GLOBAL_BASELINE,HF9g-P5,,,,X 全窗基线 · 不参与实体赏罚,6877718,688,A168_HF9F_20260827_0900,2026-08-27 09:00:00
2026-06-13,70460261,1710,0,102.8621390181,47.5737392960,47.5737392960,1.0000000,2,1,0.39337837500011012,0.280106050000,1.241805854663576,1.6031457840727341,1.241805854663576,0.11327232500011012,ELIGIBLE,R03b_20260811_FULL_v1,L1_ELIGIBILITY,v2026-08-11,2026-03-21..2026-08-06,baccarat_bet02_101_all_pairs_incl_sentinel,round_win = game_pnl > 0 (decisive only),COMPATIBILITY_ONLY_NOT_PRODUCTION,268817.8208,244366.2908,168.7661,6248,5610,-0.00062781,-0.08642944,0.00436428,-0.00062781,-168.7661,268817.8208,OK,0.0000,6.7506,4.0000,96.0000,AG03-UNRESOLVED,ALL5_LEVELS_bet23_to_bet27,6.7506,6.7506,6.7506,8.4383,8.4383,4.000000,4.000000,4.000000,5.000000,5.000000,96.000000,96.000000,96.000000,95.000000,95.000000,5.0,37.1285,34.0107,131.6376,134.7554,PENDING_AG03,FALSE,NOT_FOR_ENFORCEMENT,162.0155,234591.6392,168.7661,162.0155,6.7506,0.00062781,0.00060270,6.7506,162.0155,0.00060270,6.7506,6.7506,6.7506,8.4383,8.4383,162.0155,0.00060270,37.1285,34.0107,131.6376,134.7554,0.00048969,0.00050129,0.00002511,43.0246,43.5591,0.0301,2.0581,0.0627,3278.2661,68.4146,17.6798,46.9397,25.7155,39.4976,52.6635,77.1466,82.2897,128.5777,31.4111,0.0,2.083411,3.25533,1.089297,30,192,222,8,0.05498276,0.00062781,0.08642944,0E-8,0.000000,0.909041,0.000000,-0.09079372,2026-03-23,2026-08-06,82,2690,1181,137,0.598540,0.376650,0.410924,0.183276,,,,,,,,GLOBAL_BASELINE_NO_ENTITY_RANKING,,,NOT_APPLICABLE_GLOBAL_BASELINE,HF9g-P5,,,,X 全窗基线 · 不参与实体赏罚,6877719,688,A168_HF9F_20260827_0900,2026-08-27 09:00:00
2026-06-13,70460261,1951,0,77.1466042636,-77.1466042636,-77.1466042636,0E-7,1,1,0.50665070000000000,0.506650700000,-1.013391052207602,-1.013391052207602,-1.013391052207602,0E-17,ELIGIBLE,R03b_20260811_FULL_v1,L1_ELIGIBILITY,v2026-08-11,2026-03-21..2026-08-06,baccarat_bet02_101_all_pairs_incl_sentinel,round_win = game_pnl > 0 (decisive only),COMPATIBILITY_ONLY_NOT_PRODUCTION,268817.8208,244366.2908,168.7661,6248,5610,-0.00062781,-0.08642944,0.00436428,-0.00062781,-168.7661,268817.8208,OK,0.0000,6.7506,4.0000,96.0000,AG03-UNRESOLVED,ALL5_LEVELS_bet23_to_bet27,6.7506,6.7506,6.7506,8.4383,8.4383,4.000000,4.000000,4.000000,5.000000,5.000000,96.000000,96.000000,96.000000,95.000000,95.000000,5.0,37.1285,34.0107,131.6376,134.7554,PENDING_AG03,FALSE,NOT_FOR_ENFORCEMENT,162.0155,234591.6392,168.7661,162.0155,6.7506,0.00062781,0.00060270,6.7506,162.0155,0.00060270,6.7506,6.7506,6.7506,8.4383,8.4383,162.0155,0.00060270,37.1285,34.0107,131.6376,134.7554,0.00048969,0.00050129,0.00002511,43.0246,43.5591,0.0301,2.0581,0.0627,3278.2661,68.4146,17.6798,46.9397,25.7155,39.4976,52.6635,77.1466,82.2897,128.5777,31.4111,0.0,2.083411,3.25533,1.089297,30,192,222,8,0.05498276,0.00062781,0.08642944,0E-8,0.000000,0.909041,0.000000,-0.09079372,2026-03-23,2026-08-06,82,2690,1181,137,0.598540,0.376650,0.410924,0.183276,,,,,,,,GLOBAL_BASELINE_NO_ENTITY_RANKING,,,NOT_APPLICABLE_GLOBAL_BASELINE,HF9g-P5,,,,X 全窗基线 · 不参与实体赏罚,6877720,688,A168_HF9F_20260827_0900,2026-08-27 09:00:00
2026-06-13,70460261,1991,0,128.5776737727,-28.2870882300,-28.2870882300,0.5000000,3,2,0.43113581666676455,0.393378375000,0.1966514043909551,0.3086711997975373,0.1966514043909551,0.03775744166676455,ELIGIBLE,R03b_20260811_FULL_v1,L1_ELIGIBILITY,v2026-08-11,2026-03-21..2026-08-06,baccarat_bet02_101_all_pairs_incl_sentinel,round_win = game_pnl > 0 (decisive only),COMPATIBILITY_ONLY_NOT_PRODUCTION,268817.8208,244366.2908,168.7661,6248,5610,-0.00062781,-0.08642944,0.00436428,-0.00062781,-168.7661,268817.8208,OK,0.0000,6.7506,4.0000,96.0000,AG03-UNRESOLVED,ALL5_LEVELS_bet23_to_bet27,6.7506,6.7506,6.7506,8.4383,8.4383,4.000000,4.000000,4.000000,5.000000,5.000000,96.000000,96.000000,96.000000,95.000000,95.000000,5.0,37.1285,34.0107,131.6376,134.7554,PENDING_AG03,FALSE,NOT_FOR_ENFORCEMENT,162.0155,234591.6392,168.7661,162.0155,6.7506,0.00062781,0.00060270,6.7506,162.0155,0.00060270,6.7506,6.7506,6.7506,8.4383,8.4383,162.0155,0.00060270,37.1285,34.0107,131.6376,134.7554,0.00048969,0.00050129,0.00002511,43.0246,43.5591,0.0301,2.0581,0.0627,3278.2661,68.4146,17.6798,46.9397,25.7155,39.4976,52.6635,77.1466,82.2897,128.5777,31.4111,0.0,2.083411,3.25533,1.089297,30,192,222,8,0.05498276,0.00062781,0.08642944,0E-8,0.000000,0.909041,0.000000,-0.09079372,2026-03-23,2026-08-06,82,2690,1181,137,0.598540,0.376650,0.410924,0.183276,,,,,,,,GLOBAL_BASELINE_NO_ENTITY_RANKING,,,NOT_APPLICABLE_GLOBAL_BASELINE,HF9g-P5,,,,X 全窗基线 · 不参与实体赏罚,6877721,688,A168_HF9F_20260827_0900,2026-08-27 09:00:00
2026-06-13,70460261,2108,0,77.1466042636,0E-10,0E-10,,1,1,0.50665070000000000,0.506650700000,,,,0E-17,NO_DECISIVE_ROUND,R03b_20260811_FULL_v1,L1_ELIGIBILITY,v2026-08-11,2026-03-21..2026-08-06,baccarat_bet02_101_all_pairs_incl_sentinel,round_win = game_pnl > 0 (decisive only),COMPATIBILITY_ONLY_NOT_PRODUCTION,268817.8208,244366.2908,168.7661,6248,5610,-0.00062781,-0.08642944,0.00436428,-0.00062781,-168.7661,268817.8208,OK,0.0000,6.7506,4.0000,96.0000,AG03-UNRESOLVED,ALL5_LEVELS_bet23_to_bet27,6.7506,6.7506,6.7506,8.4383,8.4383,4.000000,4.000000,4.000000,5.000000,5.000000,96.000000,96.000000,96.000000,95.000000,95.000000,5.0,37.1285,34.0107,131.6376,134.7554,PENDING_AG03,FALSE,NOT_FOR_ENFORCEMENT,162.0155,234591.6392,168.7661,162.0155,6.7506,0.00062781,0.00060270,6.7506,162.0155,0.00060270,6.7506,6.7506,6.7506,8.4383,8.4383,162.0155,0.00060270,37.1285,34.0107,131.6376,134.7554,0.00048969,0.00050129,0.00002511,43.0246,43.5591,0.0301,2.0581,0.0627,3278.2661,68.4146,17.6798,46.9397,25.7155,39.4976,52.6635,77.1466,82.2897,128.5777,31.4111,0.0,2.083411,3.25533,1.089297,30,192,222,8,0.05498276,0.00062781,0.08642944,0E-8,0.000000,0.909041,0.000000,-0.09079372,2026-03-23,2026-08-06,82,2690,1181,137,0.598540,0.376650,0.410924,0.183276,,,,,,,,GLOBAL_BASELINE_NO_ENTITY_RANKING,,,NOT_APPLICABLE_GLOBAL_BASELINE,HF9g-P5,,,,X 全窗基线 · 不参与实体赏罚,6877722,688,A168_HF9F_20260827_0900,2026-08-27 09:00:00
2026-06-13,70460261,2123,0,110.5767994445,29.8300203153,29.8300203153,0.5000000,2,2,0.50665070000000000,0.506650700000,-0.018812684590367487,-0.018812684590367487,-0.018812684590367487,0E-17,ELIGIBLE,R03b_20260811_FULL_v1,L1_ELIGIBILITY,v2026-08-11,2026-03-21..2026-08-06,baccarat_bet02_101_all_pairs_incl_sentinel,round_win = game_pnl > 0 (decisive only),COMPATIBILITY_ONLY_NOT_PRODUCTION,268817.8208,244366.2908,168.7661,6248,5610,-0.00062781,-0.08642944,0.00436428,-0.00062781,-168.7661,268817.8208,OK,0.0000,6.7506,4.0000,96.0000,AG03-UNRESOLVED,ALL5_LEVELS_bet23_to_bet27,6.7506,6.7506,6.7506,8.4383,8.4383,4.000000,4.000000,4.000000,5.000000,5.000000,96.000000,96.000000,96.000000,95.000000,95.000000,5.0,37.1285,34.0107,131.6376,134.7554,PENDING_AG03,FALSE,NOT_FOR_ENFORCEMENT,162.0155,234591.6392,168.7661,162.0155,6.7506,0.00062781,0.00060270,6.7506,162.0155,0.00060270,6.7506,6.7506,6.7506,8.4383,8.4383,162.0155,0.00060270,37.1285,34.0107,131.6376,134.7554,0.00048969,0.00050129,0.00002511,43.0246,43.5591,0.0301,2.0581,0.0627,3278.2661,68.4146,17.6798,46.9397,25.7155,39.4976,52.6635,77.1466,82.2897,128.5777,31.4111,0.0,2.083411,3.25533,1.089297,30,192,222,8,0.05498276,0.00062781,0.08642944,0E-8,0.000000,0.909041,0.000000,-0.09079372,2026-03-23,2026-08-06,82,2690,1181,137,0.598540,0.376650,0.410924,0.183276,,,,,,,,GLOBAL_BASELINE_NO_ENTITY_RANKING,,,NOT_APPLICABLE_GLOBAL_BASELINE,HF9g-P5,,,,X 全窗基线 · 不参与实体赏罚,6877723,688,A168_HF9F_20260827_0900,2026-08-27 09:00:00
2026-06-13,70460261,2156,0,51.4310695091,-51.4310695091,-51.4310695091,0E-7,1,1,0.50665070000000000,0.506650700000,-1.013391052207602,-1.013391052207602,-1.013391052207602,0E-17,ELIGIBLE,R03b_20260811_FULL_v1,L1_ELIGIBILITY,v2026-08-11,2026-03-21..2026-08-06,baccarat_bet02_101_all_pairs_incl_sentinel,round_win = game_pnl > 0 (decisive only),COMPATIBILITY_ONLY_NOT_PRODUCTION,268817.8208,244366.2908,168.7661,6248,5610,-0.00062781,-0.08642944,0.00436428,-0.00062781,-168.7661,268817.8208,OK,0.0000,6.7506,4.0000,96.0000,AG03-UNRESOLVED,ALL5_LEVELS_bet23_to_bet27,6.7506,6.7506,6.7506,8.4383,8.4383,4.000000,4.000000,4.000000,5.000000,5.000000,96.000000,96.000000,96.000000,95.000000,95.000000,5.0,37.1285,34.0107,131.6376,134.7554,PENDING_AG03,FALSE,NOT_FOR_ENFORCEMENT,162.0155,234591.6392,168.7661,162.0155,6.7506,0.00062781,0.00060270,6.7506,162.0155,0.00060270,6.7506,6.7506,6.7506,8.4383,8.4383,162.0155,0.00060270,37.1285,34.0107,131.6376,134.7554,0.00048969,0.00050129,0.00002511,43.0246,43.5591,0.0301,2.0581,0.0627,3278.2661,68.4146,17.6798,46.9397,25.7155,39.4976,52.6635,77.1466,82.2897,128.5777,31.4111,0.0,2.083411,3.25533,1.089297,30,192,222,8,0.05498276,0.00062781,0.08642944,0E-8,0.000000,0.909041,0.000000,-0.09079372,2026-03-23,2026-08-06,82,2690,1181,137,0.598540,0.376650,0.410924,0.183276,,,,,,,,GLOBAL_BASELINE_NO_ENTITY_RANKING,,,NOT_APPLICABLE_GLOBAL_BASELINE,HF9g-P5,,,,X 全窗基线 · 不参与实体赏罚,6877724,688,A168_HF9F_20260827_0900,2026-08-27 09:00:00
2026-06-13,70460261,2201,0,313.7295240055,178.3372335228,178.3372335228,0.8000000,6,5,0.48510685928569631,0.455979690000,1.4088700659134026,1.544503080176981,1.4088700659134026,0.02912716928569631,ELIGIBLE,R03b_20260811_FULL_v1,L1_ELIGIBILITY,v2026-08-11,2026-03-21..2026-08-06,baccarat_bet02_101_all_pairs_incl_sentinel,round_win = game_pnl > 0 (decisive only),COMPATIBILITY_ONLY_NOT_PRODUCTION,268817.8208,244366.2908,168.7661,6248,5610,-0.00062781,-0.08642944,0.00436428,-0.00062781,-168.7661,268817.8208,OK,0.0000,6.7506,4.0000,96.0000,AG03-UNRESOLVED,ALL5_LEVELS_bet23_to_bet27,6.7506,6.7506,6.7506,8.4383,8.4383,4.000000,4.000000,4.000000,5.000000,5.000000,96.000000,96.000000,96.000000,95.000000,95.000000,5.0,37.1285,34.0107,131.6376,134.7554,PENDING_AG03,FALSE,NOT_FOR_ENFORCEMENT,162.0155,234591.6392,168.7661,162.0155,6.7506,0.00062781,0.00060270,6.7506,162.0155,0.00060270,6.7506,6.7506,6.7506,8.4383,8.4383,162.0155,0.00060270,37.1285,34.0107,131.6376,134.7554,0.00048969,0.00050129,0.00002511,43.0246,43.5591,0.0301,2.0581,0.0627,3278.2661,68.4146,17.6798,46.9397,25.7155,39.4976,52.6635,77.1466,82.2897,128.5777,31.4111,0.0,2.083411,3.25533,1.089297,30,192,222,8,0.05498276,0.00062781,0.08642944,0E-8,0.000000,0.909041,0.000000,-0.09079372,2026-03-23,2026-08-06,82,2690,1181,137,0.598540,0.376650,0.410924,0.183276,,,,,,,,GLOBAL_BASELINE_NO_ENTITY_RANKING,,,NOT_APPLICABLE_GLOBAL_BASELINE,HF9g-P5,,,,X 全窗基线 · 不参与实体赏罚,6877725,688,A168_HF9F_20260827_0900,2026-08-27 09:00:00
2026-06-13,70460261,526,0,77.1466042636,-77.1466042636,-77.1466042636,0E-7,1,1,0.50665070000000000,0.506650700000,-1.013391052207602,-1.013391052207602,-1.013391052207602,0E-17,ELIGIBLE,R03b_20260811_FULL_v1,L1_ELIGIBILITY,v2026-08-11,2026-03-21..2026-08-06,baccarat_bet02_101_all_pairs_incl_sentinel,round_win = game_pnl > 0 (decisive only),COMPATIBILITY_ONLY_NOT_PRODUCTION,268817.8208,244366.2908,168.7661,6248,5610,-0.00062781,-0.08642944,0.00436428,-0.00062781,-168.7661,268817.8208,OK,0.0000,6.7506,4.0000,96.0000,AG03-UNRESOLVED,ALL5_LEVELS_bet23_to_bet27,6.7506,6.7506,6.7506,8.4383,8.4383,4.000000,4.000000,4.000000,5.000000,5.000000,96.000000,96.000000,96.000000,95.000000,95.000000,5.0,37.1285,34.0107,131.6376,134.7554,PENDING_AG03,FALSE,NOT_FOR_ENFORCEMENT,162.0155,234591.6392,168.7661,162.0155,6.7506,0.00062781,0.00060270,6.7506,162.0155,0.00060270,6.7506,6.7506,6.7506,8.4383,8.4383,162.0155,0.00060270,37.1285,34.0107,131.6376,134.7554,0.00048969,0.00050129,0.00002511,43.0246,43.5591,0.0301,2.0581,0.0627,3278.2661,68.4146,17.6798,46.9397,25.7155,39.4976,52.6635,77.1466,82.2897,128.5777,31.4111,0.0,2.083411,3.25533,1.089297,30,192,222,8,0.05498276,0.00062781,0.08642944,0E-8,0.000000,0.909041,0.000000,-0.09079372,2026-03-23,2026-08-06,82,2690,1181,137,0.598540,0.376650,0.410924,0.183276,,,,,,,,GLOBAL_BASELINE_NO_ENTITY_RANKING,,,NOT_APPLICABLE_GLOBAL_BASELINE,HF9g-P5,,,,X 全窗基线 · 不参与实体赏罚,6877726,688,A168_HF9F_20260827_0900,2026-08-27 09:00:00
2026-06-13,70460261,919,0,51.4310695091,-51.4310695091,-51.4310695091,0E-7,1,1,0.49324550000000000,0.493245500000,-0.9865810262130424,-0.9865810262130424,-0.9865810262130424,0E-17,ELIGIBLE,R03b_20260811_FULL_v1,L1_ELIGIBILITY,v2026-08-11,2026-03-21..2026-08-06,baccarat_bet02_101_all_pairs_incl_sentinel,round_win = game_pnl > 0 (decisive only),COMPATIBILITY_ONLY_NOT_PRODUCTION,268817.8208,244366.2908,168.7661,6248,5610,-0.00062781,-0.08642944,0.00436428,-0.00062781,-168.7661,268817.8208,OK,0.0000,6.7506,4.0000,96.0000,AG03-UNRESOLVED,ALL5_LEVELS_bet23_to_bet27,6.7506,6.7506,6.7506,8.4383,8.4383,4.000000,4.000000,4.000000,5.000000,5.000000,96.000000,96.000000,96.000000,95.000000,95.000000,5.0,37.1285,34.0107,131.6376,134.7554,PENDING_AG03,FALSE,NOT_FOR_ENFORCEMENT,162.0155,234591.6392,168.7661,162.0155,6.7506,0.00062781,0.00060270,6.7506,162.0155,0.00060270,6.7506,6.7506,6.7506,8.4383,8.4383,162.0155,0.00060270,37.1285,34.0107,131.6376,134.7554,0.00048969,0.00050129,0.00002511,43.0246,43.5591,0.0301,2.0581,0.0627,3278.2661,68.4146,17.6798,46.9397,25.7155,39.4976,52.6635,77.1466,82.2897,128.5777,31.4111,0.0,2.083411,3.25533,1.089297,30,192,222,8,0.05498276,0.00062781,0.08642944,0E-8,0.000000,0.909041,0.000000,-0.09079372,2026-03-23,2026-08-06,82,2690,1181,137,0.598540,0.376650,0.410924,0.183276,,,,,,,,GLOBAL_BASELINE_NO_ENTITY_RANKING,,,NOT_APPLICABLE_GLOBAL_BASELINE,HF9g-P5,,,,X 全窗基线 · 不参与实体赏罚,6877727,688,A168_HF9F_20260827_0900,2026-08-27 09:00:00
2026-06-13,70460261,986,0,92.5759251163,2.7001311493,2.7001311493,0.5000000,2,2,0.50665070000000000,0.506650700000,-0.018812684590367487,-0.018812684590367487,-0.018812684590367487,0E-17,ELIGIBLE,R03b_20260811_FULL_v1,L1_ELIGIBILITY,v2026-08-11,2026-03-21..2026-08-06,baccarat_bet02_101_all_pairs_incl_sentinel,round_win = game_pnl > 0 (decisive only),COMPATIBILITY_ONLY_NOT_PRODUCTION,268817.8208,244366.2908,168.7661,6248,5610,-0.00062781,-0.08642944,0.00436428,-0.00062781,-168.7661,268817.8208,OK,0.0000,6.7506,4.0000,96.0000,AG03-UNRESOLVED,ALL5_LEVELS_bet23_to_bet27,6.7506,6.7506,6.7506,8.4383,8.4383,4.000000,4.000000,4.000000,5.000000,5.000000,96.000000,96.000000,96.000000,95.000000,95.000000,5.0,37.1285,34.0107,131.6376,134.7554,PENDING_AG03,FALSE,NOT_FOR_ENFORCEMENT,162.0155,234591.6392,168.7661,162.0155,6.7506,0.00062781,0.00060270,6.7506,162.0155,0.00060270,6.7506,6.7506,6.7506,8.4383,8.4383,162.0155,0.00060270,37.1285,34.0107,131.6376,134.7554,0.00048969,0.00050129,0.00002511,43.0246,43.5591,0.0301,2.0581,0.0627,3278.2661,68.4146,17.6798,46.9397,25.7155,39.4976,52.6635,77.1466,82.2897,128.5777,31.4111,0.0,2.083411,3.25533,1.089297,30,192,222,8,0.05498276,0.00062781,0.08642944,0E-8,0.000000,0.909041,0.000000,-0.09079372,2026-03-23,2026-08-06,82,2690,1181,137,0.598540,0.376650,0.410924,0.183276,,,,,,,,GLOBAL_BASELINE_NO_ENTITY_RANKING,,,NOT_APPLICABLE_GLOBAL_BASELINE,HF9g-P5,,,,X 全窗基线 · 不参与实体赏罚,6877728,688,A168_HF9F_20260827_0900,2026-08-27 09:00:00
2026-06-14,70460261,-1,1,761.1798287346,-75.9894051998,-75.9894051998,0.5000000,14,14,0.50377815714285714,0.503778157143,-0.028273946366728184,-0.028273946367797342,-0.028273946366728184,-1.4286E-13,SENTINEL_DEALER,R03b_20260811_FULL_v1,L1_ELIGIBILITY,v2026-08-11,2026-03-21..2026-08-06,baccarat_bet02_101_all_pairs_incl_sentinel,round_win = game_pnl > 0 (decisive only),COMPATIBILITY_ONLY_NOT_PRODUCTION,268817.8208,244366.2908,168.7661,6248,5610,-0.00062781,-0.08642944,0.00436428,-0.00062781,-168.7661,268817.8208,OK,0.0000,6.7506,4.0000,96.0000,AG03-UNRESOLVED,ALL5_LEVELS_bet23_to_bet27,6.7506,6.7506,6.7506,8.4383,8.4383,4.000000,4.000000,4.000000,5.000000,5.000000,96.000000,96.000000,96.000000,95.000000,95.000000,5.0,37.1285,34.0107,131.6376,134.7554,PENDING_AG03,FALSE,NOT_FOR_ENFORCEMENT,162.0155,234591.6392,168.7661,162.0155,6.7506,0.00062781,0.00060270,6.7506,162.0155,0.00060270,6.7506,6.7506,6.7506,8.4383,8.4383,162.0155,0.00060270,37.1285,34.0107,131.6376,134.7554,0.00048969,0.00050129,0.00002511,43.0246,43.5591,0.0301,2.0581,0.0627,3278.2661,68.4146,17.6798,46.9397,25.7155,39.4976,52.6635,77.1466,82.2897,128.5777,31.4111,0.0,2.083411,3.25533,1.089297,30,192,222,8,0.05498276,0.00062781,0.08642944,0E-8,0.000000,0.909041,0.000000,-0.09079372,2026-03-23,2026-08-06,82,2690,1181,137,0.598540,0.376650,0.410924,0.183276,,,,,,,,GLOBAL_BASELINE_NO_ENTITY_RANKING,,,NOT_APPLICABLE_GLOBAL_BASELINE,HF9g-P5,,,,X 全窗基线 · 不参与实体赏罚,6877729,688,A168_HF9F_20260827_0900,2026-08-27 09:00:00
2026-06-14,70460261,1151,0,396.0192352200,326.0729806877,326.0729806877,0.8750000,8,8,0.50665070000000000,0.506650700000,2.0838826589630113,2.0838826589630113,2.0838826589630113,0E-17,ELIGIBLE,R03b_20260811_FULL_v1,L1_ELIGIBILITY,v2026-08-11,2026-03-21..2026-08-06,baccarat_bet02_101_all_pairs_incl_sentinel,round_win = game_pnl > 0 (decisive only),COMPATIBILITY_ONLY_NOT_PRODUCTION,268817.8208,244366.2908,168.7661,6248,5610,-0.00062781,-0.08642944,0.00436428,-0.00062781,-168.7661,268817.8208,OK,0.0000,6.7506,4.0000,96.0000,AG03-UNRESOLVED,ALL5_LEVELS_bet23_to_bet27,6.7506,6.7506,6.7506,8.4383,8.4383,4.000000,4.000000,4.000000,5.000000,5.000000,96.000000,96.000000,96.000000,95.000000,95.000000,5.0,37.1285,34.0107,131.6376,134.7554,PENDING_AG03,FALSE,NOT_FOR_ENFORCEMENT,162.0155,234591.6392,168.7661,162.0155,6.7506,0.00062781,0.00060270,6.7506,162.0155,0.00060270,6.7506,6.7506,6.7506,8.4383,8.4383,162.0155,0.00060270,37.1285,34.0107,131.6376,134.7554,0.00048969,0.00050129,0.00002511,43.0246,43.5591,0.0301,2.0581,0.0627,3278.2661,68.4146,17.6798,46.9397,25.7155,39.4976,52.6635,77.1466,82.2897,128.5777,31.4111,0.0,2.083411,3.25533,1.089297,30,192,222,8,0.05498276,0.00062781,0.08642944,0E-8,0.000000,0.909041,0.000000,-0.09079372,2026-03-23,2026-08-06,82,2690,1181,137,0.598540,0.376650,0.410924,0.183276,,,,,,,,GLOBAL_BASELINE_NO_ENTITY_RANKING,,,NOT_APPLICABLE_GLOBAL_BASELINE,HF9g-P5,,,,X 全窗基线 · 不参与实体赏罚,6877730,688,A168_HF9F_20260827_0900,2026-08-27 09:00:00
2026-06-14,70460261,1205,0,56.5741764600,53.7454676370,53.7454676370,1.0000000,1,1,0.50665070000000000,0.506650700000,0.9867858985152569,0.9867858985152569,0.9867858985152569,0E-17,ELIGIBLE,R03b_20260811_FULL_v1,L1_ELIGIBILITY,v2026-08-11,2026-03-21..2026-08-06,baccarat_bet02_101_all_pairs_incl_sentinel,round_win = game_pnl > 0 (decisive only),COMPATIBILITY_ONLY_NOT_PRODUCTION,268817.8208,244366.2908,168.7661,6248,5610,-0.00062781,-0.08642944,0.00436428,-0.00062781,-168.7661,268817.8208,OK,0.0000,6.7506,4.0000,96.0000,AG03-UNRESOLVED,ALL5_LEVELS_bet23_to_bet27,6.7506,6.7506,6.7506,8.4383,8.4383,4.000000,4.000000,4.000000,5.000000,5.000000,96.000000,96.000000,96.000000,95.000000,95.000000,5.0,37.1285,34.0107,131.6376,134.7554,PENDING_AG03,FALSE,NOT_FOR_ENFORCEMENT,162.0155,234591.6392,168.7661,162.0155,6.7506,0.00062781,0.00060270,6.7506,162.0155,0.00060270,6.7506,6.7506,6.7506,8.4383,8.4383,162.0155,0.00060270,37.1285,34.0107,131.6376,134.7554,0.00048969,0.00050129,0.00002511,43.0246,43.5591,0.0301,2.0581,0.0627,3278.2661,68.4146,17.6798,46.9397,25.7155,39.4976,52.6635,77.1466,82.2897,128.5777,31.4111,0.0,2.083411,3.25533,1.089297,30,192,222,8,0.05498276,0.00062781,0.08642944,0E-8,0.000000,0.909041,0.000000,-0.09079372,2026-03-23,2026-08-06,82,2690,1181,137,0.598540,0.376650,0.410924,0.183276,,,,,,,,GLOBAL_BASELINE_NO_ENTITY_RANKING,,,NOT_APPLICABLE_GLOBAL_BASELINE,HF9g-P5,,,,X 全窗基线 · 不参与实体赏罚,6877731,688,A168_HF9F_20260827_0900,2026-08-27 09:00:00
2026-06-14,70460261,1323,0,203.1527245609,-102.8621390182,-102.8621390182,0.3333333,3,3,0.50665070000000000,0.506650700000,-0.6004420894325239,-0.6004420894325239,-0.6004420894325239,0E-17,ELIGIBLE,R03b_20260811_FULL_v1,L1_ELIGIBILITY,v2026-08-11,2026-03-21..2026-08-06,baccarat_bet02_101_all_pairs_incl_sentinel,round_win = game_pnl > 0 (decisive only),COMPATIBILITY_ONLY_NOT_PRODUCTION,268817.8208,244366.2908,168.7661,6248,5610,-0.00062781,-0.08642944,0.00436428,-0.00062781,-168.7661,268817.8208,OK,0.0000,6.7506,4.0000,96.0000,AG03-UNRESOLVED,ALL5_LEVELS_bet23_to_bet27,6.7506,6.7506,6.7506,8.4383,8.4383,4.000000,4.000000,4.000000,5.000000,5.000000,96.000000,96.000000,96.000000,95.000000,95.000000,5.0,37.1285,34.0107,131.6376,134.7554,PENDING_AG03,FALSE,NOT_FOR_ENFORCEMENT,162.0155,234591.6392,168.7661,162.0155,6.7506,0.00062781,0.00060270,6.7506,162.0155,0.00060270,6.7506,6.7506,6.7506,8.4383,8.4383,162.0155,0.00060270,37.1285,34.0107,131.6376,134.7554,0.00048969,0.00050129,0.00002511,43.0246,43.5591,0.0301,2.0581,0.0627,3278.2661,68.4146,17.6798,46.9397,25.7155,39.4976,52.6635,77.1466,82.2897,128.5777,31.4111,0.0,2.083411,3.25533,1.089297,30,192,222,8,0.05498276,0.00062781,0.08642944,0E-8,0.000000,0.909041,0.000000,-0.09079372,2026-03-23,2026-08-06,82,2690,1181,137,0.598540,0.376650,0.410924,0.183276,,,,,,,,GLOBAL_BASELINE_NO_ENTITY_RANKING,,,NOT_APPLICABLE_GLOBAL_BASELINE,HF9g-P5,,,,X 全窗基线 · 不参与实体赏罚,6877732,688,A168_HF9F_20260827_0900,2026-08-27 09:00:00
2026-06-14,70460261,1363,0,192.8665106591,82.9325995834,82.9325995834,0.7500000,4,4,0.50665070000000000,0.506650700000,0.9734833216690844,0.9734833216690844,0.9734833216690844,0E-17,ELIGIBLE,R03b_20260811_FULL_v1,L1_ELIGIBILITY,v2026-08-11,2026-03-21..2026-08-06,baccarat_bet02_101_all_pairs_incl_sentinel,round_win = game_pnl > 0 (decisive only),COMPATIBILITY_ONLY_NOT_PRODUCTION,268817.8208,244366.2908,168.7661,6248,5610,-0.00062781,-0.08642944,0.00436428,-0.00062781,-168.7661,268817.8208,OK,0.0000,6.7506,4.0000,96.0000,AG03-UNRESOLVED,ALL5_LEVELS_bet23_to_bet27,6.7506,6.7506,6.7506,8.4383,8.4383,4.000000,4.000000,4.000000,5.000000,5.000000,96.000000,96.000000,96.000000,95.000000,95.000000,5.0,37.1285,34.0107,131.6376,134.7554,PENDING_AG03,FALSE,NOT_FOR_ENFORCEMENT,162.0155,234591.6392,168.7661,162.0155,6.7506,0.00062781,0.00060270,6.7506,162.0155,0.00060270,6.7506,6.7506,6.7506,8.4383,8.4383,162.0155,0.00060270,37.1285,34.0107,131.6376,134.7554,0.00048969,0.00050129,0.00002511,43.0246,43.5591,0.0301,2.0581,0.0627,3278.2661,68.4146,17.6798,46.9397,25.7155,39.4976,52.6635,77.1466,82.2897,128.5777,31.4111,0.0,2.083411,3.25533,1.089297,30,192,222,8,0.05498276,0.00062781,0.08642944,0E-8,0.000000,0.909041,0.000000,-0.09079372,2026-03-23,2026-08-06,82,2690,1181,137,0.598540,0.376650,0.410924,0.183276,,,,,,,,GLOBAL_BASELINE_NO_ENTITY_RANKING,,,NOT_APPLICABLE_GLOBAL_BASELINE,HF9g-P5,,,,X 全窗基线 · 不参与实体赏罚,6877733,688,A168_HF9F_20260827_0900,2026-08-27 09:00:00
2026-06-14,70460261,1401,0,31.3729524005,-31.3729524005,-31.3729524005,0E-7,1,1,0.50665070000000000,0.506650700000,-1.013391052207602,-1.013391052207602,-1.013391052207602,0E-17,ELIGIBLE,R03b_20260811_FULL_v1,L1_ELIGIBILITY,v2026-08-11,2026-03-21..2026-08-06,baccarat_bet02_101_all_pairs_incl_sentinel,round_win = game_pnl > 0 (decisive only),COMPATIBILITY_ONLY_NOT_PRODUCTION,268817.8208,244366.2908,168.7661,6248,5610,-0.00062781,-0.08642944,0.00436428,-0.00062781,-168.7661,268817.8208,OK,0.0000,6.7506,4.0000,96.0000,AG03-UNRESOLVED,ALL5_LEVELS_bet23_to_bet27,6.7506,6.7506,6.7506,8.4383,8.4383,4.000000,4.000000,4.000000,5.000000,5.000000,96.000000,96.000000,96.000000,95.000000,95.000000,5.0,37.1285,34.0107,131.6376,134.7554,PENDING_AG03,FALSE,NOT_FOR_ENFORCEMENT,162.0155,234591.6392,168.7661,162.0155,6.7506,0.00062781,0.00060270,6.7506,162.0155,0.00060270,6.7506,6.7506,6.7506,8.4383,8.4383,162.0155,0.00060270,37.1285,34.0107,131.6376,134.7554,0.00048969,0.00050129,0.00002511,43.0246,43.5591,0.0301,2.0581,0.0627,3278.2661,68.4146,17.6798,46.9397,25.7155,39.4976,52.6635,77.1466,82.2897,128.5777,31.4111,0.0,2.083411,3.25533,1.089297,30,192,222,8,0.05498276,0.00062781,0.08642944,0E-8,0.000000,0.909041,0.000000,-0.09079372,2026-03-23,2026-08-06,82,2690,1181,137,0.598540,0.376650,0.410924,0.183276,,,,,,,,GLOBAL_BASELINE_NO_ENTITY_RANKING,,,NOT_APPLICABLE_GLOBAL_BASELINE,HF9g-P5,,,,X 全窗基线 · 不参与实体赏罚,6877734,688,A168_HF9F_20260827_0900,2026-08-27 09:00:00
2026-06-14,70460261,1485,0,128.5776737727,73.2892740505,73.2892740505,1.0000000,2,2,0.50665070000000000,0.506650700000,0.9867858985152569,0.9867858985152569,0.9867858985152569,0E-17,ELIGIBLE,R03b_20260811_FULL_v1,L1_ELIGIBILITY,v2026-08-11,2026-03-21..2026-08-06,baccarat_bet02_101_all_pairs_incl_sentinel,round_win = game_pnl > 0 (decisive only),COMPATIBILITY_ONLY_NOT_PRODUCTION,268817.8208,244366.2908,168.7661,6248,5610,-0.00062781,-0.08642944,0.00436428,-0.00062781,-168.7661,268817.8208,OK,0.0000,6.7506,4.0000,96.0000,AG03-UNRESOLVED,ALL5_LEVELS_bet23_to_bet27,6.7506,6.7506,6.7506,8.4383,8.4383,4.000000,4.000000,4.000000,5.000000,5.000000,96.000000,96.000000,96.000000,95.000000,95.000000,5.0,37.1285,34.0107,131.6376,134.7554,PENDING_AG03,FALSE,NOT_FOR_ENFORCEMENT,162.0155,234591.6392,168.7661,162.0155,6.7506,0.00062781,0.00060270,6.7506,162.0155,0.00060270,6.7506,6.7506,6.7506,8.4383,8.4383,162.0155,0.00060270,37.1285,34.0107,131.6376,134.7554,0.00048969,0.00050129,0.00002511,43.0246,43.5591,0.0301,2.0581,0.0627,3278.2661,68.4146,17.6798,46.9397,25.7155,39.4976,52.6635,77.1466,82.2897,128.5777,31.4111,0.0,2.083411,3.25533,1.089297,30,192,222,8,0.05498276,0.00062781,0.08642944,0E-8,0.000000,0.909041,0.000000,-0.09079372,2026-03-23,2026-08-06,82,2690,1181,137,0.598540,0.376650,0.410924,0.183276,,,,,,,,GLOBAL_BASELINE_NO_ENTITY_RANKING,,,NOT_APPLICABLE_GLOBAL_BASELINE,HF9g-P5,,,,X 全窗基线 · 不参与实体赏罚,6877735,688,A168_HF9F_20260827_0900,2026-08-27 09:00:00
2026-06-14,70460261,1714,0,77.1466042636,-77.1466042636,-77.1466042636,0E-7,1,1,0.50665070000000000,0.506650700000,-1.013391052207602,-1.013391052207602,-1.013391052207602,0E-17,ELIGIBLE,R03b_20260811_FULL_v1,L1_ELIGIBILITY,v2026-08-11,2026-03-21..2026-08-06,baccarat_bet02_101_all_pairs_incl_sentinel,round_win = game_pnl > 0 (decisive only),COMPATIBILITY_ONLY_NOT_PRODUCTION,268817.8208,244366.2908,168.7661,6248,5610,-0.00062781,-0.08642944,0.00436428,-0.00062781,-168.7661,268817.8208,OK,0.0000,6.7506,4.0000,96.0000,AG03-UNRESOLVED,ALL5_LEVELS_bet23_to_bet27,6.7506,6.7506,6.7506,8.4383,8.4383,4.000000,4.000000,4.000000,5.000000,5.000000,96.000000,96.000000,96.000000,95.000000,95.000000,5.0,37.1285,34.0107,131.6376,134.7554,PENDING_AG03,FALSE,NOT_FOR_ENFORCEMENT,162.0155,234591.6392,168.7661,162.0155,6.7506,0.00062781,0.00060270,6.7506,162.0155,0.00060270,6.7506,6.7506,6.7506,8.4383,8.4383,162.0155,0.00060270,37.1285,34.0107,131.6376,134.7554,0.00048969,0.00050129,0.00002511,43.0246,43.5591,0.0301,2.0581,0.0627,3278.2661,68.4146,17.6798,46.9397,25.7155,39.4976,52.6635,77.1466,82.2897,128.5777,31.4111,0.0,2.083411,3.25533,1.089297,30,192,222,8,0.05498276,0.00062781,0.08642944,0E-8,0.000000,0.909041,0.000000,-0.09079372,2026-03-23,2026-08-06,82,2690,1181,137,0.598540,0.376650,0.410924,0.183276,,,,,,,,GLOBAL_BASELINE_NO_ENTITY_RANKING,,,NOT_APPLICABLE_GLOBAL_BASELINE,HF9g-P5,,,,X 全窗基线 · 不参与实体赏罚,6877736,688,A168_HF9F_20260827_0900,2026-08-27 09:00:00
2026-06-14,70460261,1942,0,51.4310695091,-51.4310695091,-51.4310695091,0E-7,1,1,0.50665070000000000,0.506650700000,-1.013391052207602,-1.013391052207602,-1.013391052207602,0E-17,ELIGIBLE,R03b_20260811_FULL_v1,L1_ELIGIBILITY,v2026-08-11,2026-03-21..2026-08-06,baccarat_bet02_101_all_pairs_incl_sentinel,round_win = game_pnl > 0 (decisive only),COMPATIBILITY_ONLY_NOT_PRODUCTION,268817.8208,244366.2908,168.7661,6248,5610,-0.00062781,-0.08642944,0.00436428,-0.00062781,-168.7661,268817.8208,OK,0.0000,6.7506,4.0000,96.0000,AG03-UNRESOLVED,ALL5_LEVELS_bet23_to_bet27,6.7506,6.7506,6.7506,8.4383,8.4383,4.000000,4.000000,4.000000,5.000000,5.000000,96.000000,96.000000,96.000000,95.000000,95.000000,5.0,37.1285,34.0107,131.6376,134.7554,PENDING_AG03,FALSE,NOT_FOR_ENFORCEMENT,162.0155,234591.6392,168.7661,162.0155,6.7506,0.00062781,0.00060270,6.7506,162.0155,0.00060270,6.7506,6.7506,6.7506,8.4383,8.4383,162.0155,0.00060270,37.1285,34.0107,131.6376,134.7554,0.00048969,0.00050129,0.00002511,43.0246,43.5591,0.0301,2.0581,0.0627,3278.2661,68.4146,17.6798,46.9397,25.7155,39.4976,52.6635,77.1466,82.2897,128.5777,31.4111,0.0,2.083411,3.25533,1.089297,30,192,222,8,0.05498276,0.00062781,0.08642944,0E-8,0.000000,0.909041,0.000000,-0.09079372,2026-03-23,2026-08-06,82,2690,1181,137,0.598540,0.376650,0.410924,0.183276,,,,,,,,GLOBAL_BASELINE_NO_ENTITY_RANKING,,,NOT_APPLICABLE_GLOBAL_BASELINE,HF9g-P5,,,,X 全窗基线 · 不参与实体赏罚,6877737,688,A168_HF9F_20260827_0900,2026-08-27 09:00:00
2026-06-14,70460261,1949,0,51.4310695091,48.8595160336,48.8595160336,1.0000000,1,1,0.50665070000000000,0.506650700000,0.9867858985152569,0.9867858985152569,0.9867858985152569,0E-17,ELIGIBLE,R03b_20260811_FULL_v1,L1_ELIGIBILITY,v2026-08-11,2026-03-21..2026-08-06,baccarat_bet02_101_all_pairs_incl_sentinel,round_win = game_pnl > 0 (decisive only),COMPATIBILITY_ONLY_NOT_PRODUCTION,268817.8208,244366.2908,168.7661,6248,5610,-0.00062781,-0.08642944,0.00436428,-0.00062781,-168.7661,268817.8208,OK,0.0000,6.7506,4.0000,96.0000,AG03-UNRESOLVED,ALL5_LEVELS_bet23_to_bet27,6.7506,6.7506,6.7506,8.4383,8.4383,4.000000,4.000000,4.000000,5.000000,5.000000,96.000000,96.000000,96.000000,95.000000,95.000000,5.0,37.1285,34.0107,131.6376,134.7554,PENDING_AG03,FALSE,NOT_FOR_ENFORCEMENT,162.0155,234591.6392,168.7661,162.0155,6.7506,0.00062781,0.00060270,6.7506,162.0155,0.00060270,6.7506,6.7506,6.7506,8.4383,8.4383,162.0155,0.00060270,37.1285,34.0107,131.6376,134.7554,0.00048969,0.00050129,0.00002511,43.0246,43.5591,0.0301,2.0581,0.0627,3278.2661,68.4146,17.6798,46.9397,25.7155,39.4976,52.6635,77.1466,82.2897,128.5777,31.4111,0.0,2.083411,3.25533,1.089297,30,192,222,8,0.05498276,0.00062781,0.08642944,0E-8,0.000000,0.909041,0.000000,-0.09079372,2026-03-23,2026-08-06,82,2690,1181,137,0.598540,0.376650,0.410924,0.183276,,,,,,,,GLOBAL_BASELINE_NO_ENTITY_RANKING,,,NOT_APPLICABLE_GLOBAL_BASELINE,HF9g-P5,,,,X 全窗基线 · 不参与实体赏罚,6877738,688,A168_HF9F_20260827_0900,2026-08-27 09:00:00
2026-06-14,70460261,2101,0,126.0061202972,73.2892740505,73.2892740505,1.0000000,2,2,0.50665070000000000,0.506650700000,0.9867858985152569,0.9867858985152569,0.9867858985152569,0E-17,ELIGIBLE,R03b_20260811_FULL_v1,L1_ELIGIBILITY,v2026-08-11,2026-03-21..2026-08-06,baccarat_bet02_101_all_pairs_incl_sentinel,round_win = game_pnl > 0 (decisive only),COMPATIBILITY_ONLY_NOT_PRODUCTION,268817.8208,244366.2908,168.7661,6248,5610,-0.00062781,-0.08642944,0.00436428,-0.00062781,-168.7661,268817.8208,OK,0.0000,6.7506,4.0000,96.0000,AG03-UNRESOLVED,ALL5_LEVELS_bet23_to_bet27,6.7506,6.7506,6.7506,8.4383,8.4383,4.000000,4.000000,4.000000,5.000000,5.000000,96.000000,96.000000,96.000000,95.000000,95.000000,5.0,37.1285,34.0107,131.6376,134.7554,PENDING_AG03,FALSE,NOT_FOR_ENFORCEMENT,162.0155,234591.6392,168.7661,162.0155,6.7506,0.00062781,0.00060270,6.7506,162.0155,0.00060270,6.7506,6.7506,6.7506,8.4383,8.4383,162.0155,0.00060270,37.1285,34.0107,131.6376,134.7554,0.00048969,0.00050129,0.00002511,43.0246,43.5591,0.0301,2.0581,0.0627,3278.2661,68.4146,17.6798,46.9397,25.7155,39.4976,52.6635,77.1466,82.2897,128.5777,31.4111,0.0,2.083411,3.25533,1.089297,30,192,222,8,0.05498276,0.00062781,0.08642944,0E-8,0.000000,0.909041,0.000000,-0.09079372,2026-03-23,2026-08-06,82,2690,1181,137,0.598540,0.376650,0.410924,0.183276,,,,,,,,GLOBAL_BASELINE_NO_ENTITY_RANKING,,,NOT_APPLICABLE_GLOBAL_BASELINE,HF9g-P5,,,,X 全窗基线 · 不参与实体赏罚,6877739,688,A168_HF9F_20260827_0900,2026-08-27 09:00:00
2026-06-14,70460261,2129,0,164.5794224291,-64.2888368864,-64.2888368864,0.3333333,4,3,0.47644474666661968,0.431135816667,-0.4963035319839006,-0.3420575356522062,-0.4963035319839006,0.04530892999961968,ELIGIBLE,R03b_20260811_FULL_v1,L1_ELIGIBILITY,v2026-08-11,2026-03-21..2026-08-06,baccarat_bet02_101_all_pairs_incl_sentinel,round_win = game_pnl > 0 (decisive only),COMPATIBILITY_ONLY_NOT_PRODUCTION,268817.8208,244366.2908,168.7661,6248,5610,-0.00062781,-0.08642944,0.00436428,-0.00062781,-168.7661,268817.8208,OK,0.0000,6.7506,4.0000,96.0000,AG03-UNRESOLVED,ALL5_LEVELS_bet23_to_bet27,6.7506,6.7506,6.7506,8.4383,8.4383,4.000000,4.000000,4.000000,5.000000,5.000000,96.000000,96.000000,96.000000,95.000000,95.000000,5.0,37.1285,34.0107,131.6376,134.7554,PENDING_AG03,FALSE,NOT_FOR_ENFORCEMENT,162.0155,234591.6392,168.7661,162.0155,6.7506,0.00062781,0.00060270,6.7506,162.0155,0.00060270,6.7506,6.7506,6.7506,8.4383,8.4383,162.0155,0.00060270,37.1285,34.0107,131.6376,134.7554,0.00048969,0.00050129,0.00002511,43.0246,43.5591,0.0301,2.0581,0.0627,3278.2661,68.4146,17.6798,46.9397,25.7155,39.4976,52.6635,77.1466,82.2897,128.5777,31.4111,0.0,2.083411,3.25533,1.089297,30,192,222,8,0.05498276,0.00062781,0.08642944,0E-8,0.000000,0.909041,0.000000,-0.09079372,2026-03-23,2026-08-06,82,2690,1181,137,0.598540,0.376650,0.410924,0.183276,,,,,,,,GLOBAL_BASELINE_NO_ENTITY_RANKING,,,NOT_APPLICABLE_GLOBAL_BASELINE,HF9g-P5,,,,X 全窗基线 · 不参与实体赏罚,6877740,688,A168_HF9F_20260827_0900,2026-08-27 09:00:00
2026-06-14,70460261,2141,0,126.0061202973,-25.7155347546,-25.7155347546,0.5000000,2,2,0.50665070000000000,0.506650700000,-0.018812684590367487,-0.018812684590367487,-0.018812684590367487,0E-17,ELIGIBLE,R03b_20260811_FULL_v1,L1_ELIGIBILITY,v2026-08-11,2026-03-21..2026-08-06,baccarat_bet02_101_all_pairs_incl_sentinel,round_win = game_pnl > 0 (decisive only),COMPATIBILITY_ONLY_NOT_PRODUCTION,268817.8208,244366.2908,168.7661,6248,5610,-0.00062781,-0.08642944,0.00436428,-0.00062781,-168.7661,268817.8208,OK,0.0000,6.7506,4.0000,96.0000,AG03-UNRESOLVED,ALL5_LEVELS_bet23_to_bet27,6.7506,6.7506,6.7506,8.4383,8.4383,4.000000,4.000000,4.000000,5.000000,5.000000,96.000000,96.000000,96.000000,95.000000,95.000000,5.0,37.1285,34.0107,131.6376,134.7554,PENDING_AG03,FALSE,NOT_FOR_ENFORCEMENT,162.0155,234591.6392,168.7661,162.0155,6.7506,0.00062781,0.00060270,6.7506,162.0155,0.00060270,6.7506,6.7506,6.7506,8.4383,8.4383,162.0155,0.00060270,37.1285,34.0107,131.6376,134.7554,0.00048969,0.00050129,0.00002511,43.0246,43.5591,0.0301,2.0581,0.0627,3278.2661,68.4146,17.6798,46.9397,25.7155,39.4976,52.6635,77.1466,82.2897,128.5777,31.4111,0.0,2.083411,3.25533,1.089297,30,192,222,8,0.05498276,0.00062781,0.08642944,0E-8,0.000000,0.909041,0.000000,-0.09079372,2026-03-23,2026-08-06,82,2690,1181,137,0.598540,0.376650,0.410924,0.183276,,,,,,,,GLOBAL_BASELINE_NO_ENTITY_RANKING,,,NOT_APPLICABLE_GLOBAL_BASELINE,HF9g-P5,,,,X 全窗基线 · 不参与实体赏罚,6877741,688,A168_HF9F_20260827_0900,2026-08-27 09:00:00
2026-06-14,70460261,2156,0,72.0034973127,0E-10,0E-10,,1,1,0.50665070000000000,0.506650700000,,,,0E-17,NO_DECISIVE_ROUND,R03b_20260811_FULL_v1,L1_ELIGIBILITY,v2026-08-11,2026-03-21..2026-08-06,baccarat_bet02_101_all_pairs_incl_sentinel,round_win = game_pnl > 0 (decisive only),COMPATIBILITY_ONLY_NOT_PRODUCTION,268817.8208,244366.2908,168.7661,6248,5610,-0.00062781,-0.08642944,0.00436428,-0.00062781,-168.7661,268817.8208,OK,0.0000,6.7506,4.0000,96.0000,AG03-UNRESOLVED,ALL5_LEVELS_bet23_to_bet27,6.7506,6.7506,6.7506,8.4383,8.4383,4.000000,4.000000,4.000000,5.000000,5.000000,96.000000,96.000000,96.000000,95.000000,95.000000,5.0,37.1285,34.0107,131.6376,134.7554,PENDING_AG03,FALSE,NOT_FOR_ENFORCEMENT,162.0155,234591.6392,168.7661,162.0155,6.7506,0.00062781,0.00060270,6.7506,162.0155,0.00060270,6.7506,6.7506,6.7506,8.4383,8.4383,162.0155,0.00060270,37.1285,34.0107,131.6376,134.7554,0.00048969,0.00050129,0.00002511,43.0246,43.5591,0.0301,2.0581,0.0627,3278.2661,68.4146,17.6798,46.9397,25.7155,39.4976,52.6635,77.1466,82.2897,128.5777,31.4111,0.0,2.083411,3.25533,1.089297,30,192,222,8,0.05498276,0.00062781,0.08642944,0E-8,0.000000,0.909041,0.000000,-0.09079372,2026-03-23,2026-08-06,82,2690,1181,137,0.598540,0.376650,0.410924,0.183276,,,,,,,,GLOBAL_BASELINE_NO_ENTITY_RANKING,,,NOT_APPLICABLE_GLOBAL_BASELINE,HF9g-P5,,,,X 全窗基线 · 不参与实体赏罚,6877742,688,A168_HF9F_20260827_0900,2026-08-27 09:00:00
2026-06-14,70460261,2171,0,450.0218582045,155.8361406125,155.8361406125,0.8000000,8,7,0.49740397959181619,0.474287178571,1.3532687830582077,1.4585619506262697,1.3532687830582077,0.02311680102081619,ELIGIBLE,R03b_20260811_FULL_v1,L1_ELIGIBILITY,v2026-08-11,2026-03-21..2026-08-06,baccarat_bet02_101_all_pairs_incl_sentinel,round_win = game_pnl > 0 (decisive only),COMPATIBILITY_ONLY_NOT_PRODUCTION,268817.8208,244366.2908,168.7661,6248,5610,-0.00062781,-0.08642944,0.00436428,-0.00062781,-168.7661,268817.8208,OK,0.0000,6.7506,4.0000,96.0000,AG03-UNRESOLVED,ALL5_LEVELS_bet23_to_bet27,6.7506,6.7506,6.7506,8.4383,8.4383,4.000000,4.000000,4.000000,5.000000,5.000000,96.000000,96.000000,96.000000,95.000000,95.000000,5.0,37.1285,34.0107,131.6376,134.7554,PENDING_AG03,FALSE,NOT_FOR_ENFORCEMENT,162.0155,234591.6392,168.7661,162.0155,6.7506,0.00062781,0.00060270,6.7506,162.0155,0.00060270,6.7506,6.7506,6.7506,8.4383,8.4383,162.0155,0.00060270,37.1285,34.0107,131.6376,134.7554,0.00048969,0.00050129,0.00002511,43.0246,43.5591,0.0301,2.0581,0.0627,3278.2661,68.4146,17.6798,46.9397,25.7155,39.4976,52.6635,77.1466,82.2897,128.5777,31.4111,0.0,2.083411,3.25533,1.089297,30,192,222,8,0.05498276,0.00062781,0.08642944,0E-8,0.000000,0.909041,0.000000,-0.09079372,2026-03-23,2026-08-06,82,2690,1181,137,0.598540,0.376650,0.410924,0.183276,,,,,,,,GLOBAL_BASELINE_NO_ENTITY_RANKING,,,NOT_APPLICABLE_GLOBAL_BASELINE,HF9g-P5,,,,X 全窗基线 · 不参与实体赏罚,6877743,688,A168_HF9F_20260827_0900,2026-08-27 09:00:00
2026-06-14,70460261,2191,0,51.4310695091,-51.4310695091,-51.4310695091,0E-7,1,1,0.50665070000000000,0.506650700000,-1.013391052207602,-1.013391052207602,-1.013391052207602,0E-17,ELIGIBLE,R03b_20260811_FULL_v1,L1_ELIGIBILITY,v2026-08-11,2026-03-21..2026-08-06,baccarat_bet02_101_all_pairs_incl_sentinel,round_win = game_pnl > 0 (decisive only),COMPATIBILITY_ONLY_NOT_PRODUCTION,268817.8208,244366.2908,168.7661,6248,5610,-0.00062781,-0.08642944,0.00436428,-0.00062781,-168.7661,268817.8208,OK,0.0000,6.7506,4.0000,96.0000,AG03-UNRESOLVED,ALL5_LEVELS_bet23_to_bet27,6.7506,6.7506,6.7506,8.4383,8.4383,4.000000,4.000000,4.000000,5.000000,5.000000,96.000000,96.000000,96.000000,95.000000,95.000000,5.0,37.1285,34.0107,131.6376,134.7554,PENDING_AG03,FALSE,NOT_FOR_ENFORCEMENT,162.0155,234591.6392,168.7661,162.0155,6.7506,0.00062781,0.00060270,6.7506,162.0155,0.00060270,6.7506,6.7506,6.7506,8.4383,8.4383,162.0155,0.00060270,37.1285,34.0107,131.6376,134.7554,0.00048969,0.00050129,0.00002511,43.0246,43.5591,0.0301,2.0581,0.0627,3278.2661,68.4146,17.6798,46.9397,25.7155,39.4976,52.6635,77.1466,82.2897,128.5777,31.4111,0.0,2.083411,3.25533,1.089297,30,192,222,8,0.05498276,0.00062781,0.08642944,0E-8,0.000000,0.909041,0.000000,-0.09079372,2026-03-23,2026-08-06,82,2690,1181,137,0.598540,0.376650,0.410924,0.183276,,,,,,,,GLOBAL_BASELINE_NO_ENTITY_RANKING,,,NOT_APPLICABLE_GLOBAL_BASELINE,HF9g-P5,,,,X 全窗基线 · 不参与实体赏罚,6877744,688,A168_HF9F_20260827_0900,2026-08-27 09:00:00
2026-06-14,70460261,2220,0,77.1466042636,-51.4310695091,-51.4310695091,0E-7,2,2,0.49994810000000000,0.499948100000,-0.9998962053866608,-0.9998962053866608,-0.9998962053866608,0E-17,ELIGIBLE,R03b_20260811_FULL_v1,L1_ELIGIBILITY,v2026-08-11,2026-03-21..2026-08-06,baccarat_bet02_101_all_pairs_incl_sentinel,round_win = game_pnl > 0 (decisive only),COMPATIBILITY_ONLY_NOT_PRODUCTION,268817.8208,244366.2908,168.7661,6248,5610,-0.00062781,-0.08642944,0.00436428,-0.00062781,-168.7661,268817.8208,OK,0.0000,6.7506,4.0000,96.0000,AG03-UNRESOLVED,ALL5_LEVELS_bet23_to_bet27,6.7506,6.7506,6.7506,8.4383,8.4383,4.000000,4.000000,4.000000,5.000000,5.000000,96.000000,96.000000,96.000000,95.000000,95.000000,5.0,37.1285,34.0107,131.6376,134.7554,PENDING_AG03,FALSE,NOT_FOR_ENFORCEMENT,162.0155,234591.6392,168.7661,162.0155,6.7506,0.00062781,0.00060270,6.7506,162.0155,0.00060270,6.7506,6.7506,6.7506,8.4383,8.4383,162.0155,0.00060270,37.1285,34.0107,131.6376,134.7554,0.00048969,0.00050129,0.00002511,43.0246,43.5591,0.0301,2.0581,0.0627,3278.2661,68.4146,17.6798,46.9397,25.7155,39.4976,52.6635,77.1466,82.2897,128.5777,31.4111,0.0,2.083411,3.25533,1.089297,30,192,222,8,0.05498276,0.00062781,0.08642944,0E-8,0.000000,0.909041,0.000000,-0.09079372,2026-03-23,2026-08-06,82,2690,1181,137,0.598540,0.376650,0.410924,0.183276,,,,,,,,GLOBAL_BASELINE_NO_ENTITY_RANKING,,,NOT_APPLICABLE_GLOBAL_BASELINE,HF9g-P5,,,,X 全窗基线 · 不参与实体赏罚,6877745,688,A168_HF9F_20260827_0900,2026-08-27 09:00:00
2026-06-14,70460261,2234,0,69.4319438373,-69.4319438373,-69.4319438373,0E-7,1,1,0.50665070000000000,0.506650700000,-1.013391052207602,-1.013391052207602,-1.013391052207602,0E-17,ELIGIBLE,R03b_20260811_FULL_v1,L1_ELIGIBILITY,v2026-08-11,2026-03-21..2026-08-06,baccarat_bet02_101_all_pairs_incl_sentinel,round_win = game_pnl > 0 (decisive only),COMPATIBILITY_ONLY_NOT_PRODUCTION,268817.8208,244366.2908,168.7661,6248,5610,-0.00062781,-0.08642944,0.00436428,-0.00062781,-168.7661,268817.8208,OK,0.0000,6.7506,4.0000,96.0000,AG03-UNRESOLVED,ALL5_LEVELS_bet23_to_bet27,6.7506,6.7506,6.7506,8.4383,8.4383,4.000000,4.000000,4.000000,5.000000,5.000000,96.000000,96.000000,96.000000,95.000000,95.000000,5.0,37.1285,34.0107,131.6376,134.7554,PENDING_AG03,FALSE,NOT_FOR_ENFORCEMENT,162.0155,234591.6392,168.7661,162.0155,6.7506,0.00062781,0.00060270,6.7506,162.0155,0.00060270,6.7506,6.7506,6.7506,8.4383,8.4383,162.0155,0.00060270,37.1285,34.0107,131.6376,134.7554,0.00048969,0.00050129,0.00002511,43.0246,43.5591,0.0301,2.0581,0.0627,3278.2661,68.4146,17.6798,46.9397,25.7155,39.4976,52.6635,77.1466,82.2897,128.5777,31.4111,0.0,2.083411,3.25533,1.089297,30,192,222,8,0.05498276,0.00062781,0.08642944,0E-8,0.000000,0.909041,0.000000,-0.09079372,2026-03-23,2026-08-06,82,2690,1181,137,0.598540,0.376650,0.410924,0.183276,,,,,,,,GLOBAL_BASELINE_NO_ENTITY_RANKING,,,NOT_APPLICABLE_GLOBAL_BASELINE,HF9g-P5,,,,X 全窗基线 · 不参与实体赏罚,6877746,688,A168_HF9F_20260827_0900,2026-08-27 09:00:00
2026-06-14,70460261,2239,0,84.8612646900,-84.8612646900,-84.8612646900,0E-7,3,2,0.45740186304341165,0.393378375000,-1.2984487520372487,-1.138836281904872,-1.2984487520372487,0.06402348804341165,ELIGIBLE,R03b_20260811_FULL_v1,L1_ELIGIBILITY,v2026-08-11,2026-03-21..2026-08-06,baccarat_bet02_101_all_pairs_incl_sentinel,round_win = game_pnl > 0 (decisive only),COMPATIBILITY_ONLY_NOT_PRODUCTION,268817.8208,244366.2908,168.7661,6248,5610,-0.00062781,-0.08642944,0.00436428,-0.00062781,-168.7661,268817.8208,OK,0.0000,6.7506,4.0000,96.0000,AG03-UNRESOLVED,ALL5_LEVELS_bet23_to_bet27,6.7506,6.7506,6.7506,8.4383,8.4383,4.000000,4.000000,4.000000,5.000000,5.000000,96.000000,96.000000,96.000000,95.000000,95.000000,5.0,37.1285,34.0107,131.6376,134.7554,PENDING_AG03,FALSE,NOT_FOR_ENFORCEMENT,162.0155,234591.6392,168.7661,162.0155,6.7506,0.00062781,0.00060270,6.7506,162.0155,0.00060270,6.7506,6.7506,6.7506,8.4383,8.4383,162.0155,0.00060270,37.1285,34.0107,131.6376,134.7554,0.00048969,0.00050129,0.00002511,43.0246,43.5591,0.0301,2.0581,0.0627,3278.2661,68.4146,17.6798,46.9397,25.7155,39.4976,52.6635,77.1466,82.2897,128.5777,31.4111,0.0,2.083411,3.25533,1.089297,30,192,222,8,0.05498276,0.00062781,0.08642944,0E-8,0.000000,0.909041,0.000000,-0.09079372,2026-03-23,2026-08-06,82,2690,1181,137,0.598540,0.376650,0.410924,0.183276,,,,,,,,GLOBAL_BASELINE_NO_ENTITY_RANKING,,,NOT_APPLICABLE_GLOBAL_BASELINE,HF9g-P5,,,,X 全窗基线 · 不参与实体赏罚,6877747,688,A168_HF9F_20260827_0900,2026-08-27 09:00:00
2026-06-14,70460261,583,0,128.5776737727,21.8582045414,21.8582045414,0.5000000,2,2,0.49994810000000000,0.499948100000,0.00014679536856514622,0.00014679536856514622,0.00014679536856514622,0E-17,ELIGIBLE,R03b_20260811_FULL_v1,L1_ELIGIBILITY,v2026-08-11,2026-03-21..2026-08-06,baccarat_bet02_101_all_pairs_incl_sentinel,round_win = game_pnl > 0 (decisive only),COMPATIBILITY_ONLY_NOT_PRODUCTION,268817.8208,244366.2908,168.7661,6248,5610,-0.00062781,-0.08642944,0.00436428,-0.00062781,-168.7661,268817.8208,OK,0.0000,6.7506,4.0000,96.0000,AG03-UNRESOLVED,ALL5_LEVELS_bet23_to_bet27,6.7506,6.7506,6.7506,8.4383,8.4383,4.000000,4.000000,4.000000,5.000000,5.000000,96.000000,96.000000,96.000000,95.000000,95.000000,5.0,37.1285,34.0107,131.6376,134.7554,PENDING_AG03,FALSE,NOT_FOR_ENFORCEMENT,162.0155,234591.6392,168.7661,162.0155,6.7506,0.00062781,0.00060270,6.7506,162.0155,0.00060270,6.7506,6.7506,6.7506,8.4383,8.4383,162.0155,0.00060270,37.1285,34.0107,131.6376,134.7554,0.00048969,0.00050129,0.00002511,43.0246,43.5591,0.0301,2.0581,0.0627,3278.2661,68.4146,17.6798,46.9397,25.7155,39.4976,52.6635,77.1466,82.2897,128.5777,31.4111,0.0,2.083411,3.25533,1.089297,30,192,222,8,0.05498276,0.00062781,0.08642944,0E-8,0.000000,0.909041,0.000000,-0.09079372,2026-03-23,2026-08-06,82,2690,1181,137,0.598540,0.376650,0.410924,0.183276,,,,,,,,GLOBAL_BASELINE_NO_ENTITY_RANKING,,,NOT_APPLICABLE_GLOBAL_BASELINE,HF9g-P5,,,,X 全窗基线 · 不参与实体赏罚,6877748,688,A168_HF9F_20260827_0900,2026-08-27 09:00:00
2026-06-19,70460261,-1,1,51.4310695091,-51.4310695091,-51.4310695091,0E-7,1,1,0.49324550000000000,0.493245500000,-0.9865810262130424,-0.9865810262130424,-0.9865810262130424,0E-17,SENTINEL_DEALER,R03b_20260811_FULL_v1,L1_ELIGIBILITY,v2026-08-11,2026-03-21..2026-08-06,baccarat_bet02_101_all_pairs_incl_sentinel,round_win = game_pnl > 0 (decisive only),COMPATIBILITY_ONLY_NOT_PRODUCTION,268817.8208,244366.2908,168.7661,6248,5610,-0.00062781,-0.08642944,0.00436428,-0.00062781,-168.7661,268817.8208,OK,0.0000,6.7506,4.0000,96.0000,AG03-UNRESOLVED,ALL5_LEVELS_bet23_to_bet27,6.7506,6.7506,6.7506,8.4383,8.4383,4.000000,4.000000,4.000000,5.000000,5.000000,96.000000,96.000000,96.000000,95.000000,95.000000,5.0,37.1285,34.0107,131.6376,134.7554,PENDING_AG03,FALSE,NOT_FOR_ENFORCEMENT,162.0155,234591.6392,168.7661,162.0155,6.7506,0.00062781,0.00060270,6.7506,162.0155,0.00060270,6.7506,6.7506,6.7506,8.4383,8.4383,162.0155,0.00060270,37.1285,34.0107,131.6376,134.7554,0.00048969,0.00050129,0.00002511,43.0246,43.5591,0.0301,2.0581,0.0627,3278.2661,68.4146,17.6798,46.9397,25.7155,39.4976,52.6635,77.1466,82.2897,128.5777,31.4111,0.0,2.083411,3.25533,1.089297,30,192,222,8,0.05498276,0.00062781,0.08642944,0E-8,0.000000,0.909041,0.000000,-0.09079372,2026-03-23,2026-08-06,82,2690,1181,137,0.598540,0.376650,0.410924,0.183276,,,,,,,,GLOBAL_BASELINE_NO_ENTITY_RANKING,,,NOT_APPLICABLE_GLOBAL_BASELINE,HF9g-P5,,,,X 全窗基线 · 不参与实体赏罚,6877749,688,A168_HF9F_20260827_0900,2026-08-27 09:00:00
2026-06-19,70460261,1985,0,51.4310695091,-51.4310695091,-51.4310695091,0E-7,1,1,0.50665070000000000,0.506650700000,-1.013391052207602,-1.013391052207602,-1.013391052207602,0E-17,ELIGIBLE,R03b_20260811_FULL_v1,L1_ELIGIBILITY,v2026-08-11,2026-03-21..2026-08-06,baccarat_bet02_101_all_pairs_incl_sentinel,round_win = game_pnl > 0 (decisive only),COMPATIBILITY_ONLY_NOT_PRODUCTION,268817.8208,244366.2908,168.7661,6248,5610,-0.00062781,-0.08642944,0.00436428,-0.00062781,-168.7661,268817.8208,OK,0.0000,6.7506,4.0000,96.0000,AG03-UNRESOLVED,ALL5_LEVELS_bet23_to_bet27,6.7506,6.7506,6.7506,8.4383,8.4383,4.000000,4.000000,4.000000,5.000000,5.000000,96.000000,96.000000,96.000000,95.000000,95.000000,5.0,37.1285,34.0107,131.6376,134.7554,PENDING_AG03,FALSE,NOT_FOR_ENFORCEMENT,162.0155,234591.6392,168.7661,162.0155,6.7506,0.00062781,0.00060270,6.7506,162.0155,0.00060270,6.7506,6.7506,6.7506,8.4383,8.4383,162.0155,0.00060270,37.1285,34.0107,131.6376,134.7554,0.00048969,0.00050129,0.00002511,43.0246,43.5591,0.0301,2.0581,0.0627,3278.2661,68.4146,17.6798,46.9397,25.7155,39.4976,52.6635,77.1466,82.2897,128.5777,31.4111,0.0,2.083411,3.25533,1.089297,30,192,222,8,0.05498276,0.00062781,0.08642944,0E-8,0.000000,0.909041,0.000000,-0.09079372,2026-03-23,2026-08-06,82,2690,1181,137,0.598540,0.376650,0.410924,0.183276,,,,,,,,GLOBAL_BASELINE_NO_ENTITY_RANKING,,,NOT_APPLICABLE_GLOBAL_BASELINE,HF9g-P5,,,,X 全窗基线 · 不参与实体赏罚,6877750,688,A168_HF9F_20260827_0900,2026-08-27 09:00:00
2026-06-20,70460261,-1,1,3443.3101036333,-84.6298248767,-84.6298248767,0.4444444,54,49,0.49644428454021540,0.480798143878,-0.6976687052703867,-0.4880961249040181,-0.6976687052703867,0.01564614066221540,SENTINEL_DEALER,R03b_20260811_FULL_v1,L1_ELIGIBILITY,v2026-08-11,2026-03-21..2026-08-06,baccarat_bet02_101_all_pairs_incl_sentinel,round_win = game_pnl > 0 (decisive only),COMPATIBILITY_ONLY_NOT_PRODUCTION,268817.8208,244366.2908,168.7661,6248,5610,-0.00062781,-0.08642944,0.00436428,-0.00062781,-168.7661,268817.8208,OK,0.0000,6.7506,4.0000,96.0000,AG03-UNRESOLVED,ALL5_LEVELS_bet23_to_bet27,6.7506,6.7506,6.7506,8.4383,8.4383,4.000000,4.000000,4.000000,5.000000,5.000000,96.000000,96.000000,96.000000,95.000000,95.000000,5.0,37.1285,34.0107,131.6376,134.7554,PENDING_AG03,FALSE,NOT_FOR_ENFORCEMENT,162.0155,234591.6392,168.7661,162.0155,6.7506,0.00062781,0.00060270,6.7506,162.0155,0.00060270,6.7506,6.7506,6.7506,8.4383,8.4383,162.0155,0.00060270,37.1285,34.0107,131.6376,134.7554,0.00048969,0.00050129,0.00002511,43.0246,43.5591,0.0301,2.0581,0.0627,3278.2661,68.4146,17.6798,46.9397,25.7155,39.4976,52.6635,77.1466,82.2897,128.5777,31.4111,0.0,2.083411,3.25533,1.089297,30,192,222,8,0.05498276,0.00062781,0.08642944,0E-8,0.000000,0.909041,0.000000,-0.09079372,2026-03-23,2026-08-06,82,2690,1181,137,0.598540,0.376650,0.410924,0.183276,,,,,,,,GLOBAL_BASELINE_NO_ENTITY_RANKING,,,NOT_APPLICABLE_GLOBAL_BASELINE,HF9g-P5,,,,X 全窗基线 · 不参与实体赏罚,6877751,688,A168_HF9F_20260827_0900,2026-08-27 09:00:00
2026-06-20,70460261,1004,0,74.5750507882,70.8462982488,70.8462982488,1.0000000,1,1,0.50665070000000000,0.506650700000,0.9867858985152569,0.9867858985152569,0.9867858985152569,0E-17,ELIGIBLE,R03b_20260811_FULL_v1,L1_ELIGIBILITY,v2026-08-11,2026-03-21..2026-08-06,baccarat_bet02_101_all_pairs_incl_sentinel,round_win = game_pnl > 0 (decisive only),COMPATIBILITY_ONLY_NOT_PRODUCTION,268817.8208,244366.2908,168.7661,6248,5610,-0.00062781,-0.08642944,0.00436428,-0.00062781,-168.7661,268817.8208,OK,0.0000,6.7506,4.0000,96.0000,AG03-UNRESOLVED,ALL5_LEVELS_bet23_to_bet27,6.7506,6.7506,6.7506,8.4383,8.4383,4.000000,4.000000,4.000000,5.000000,5.000000,96.000000,96.000000,96.000000,95.000000,95.000000,5.0,37.1285,34.0107,131.6376,134.7554,PENDING_AG03,FALSE,NOT_FOR_ENFORCEMENT,162.0155,234591.6392,168.7661,162.0155,6.7506,0.00062781,0.00060270,6.7506,162.0155,0.00060270,6.7506,6.7506,6.7506,8.4383,8.4383,162.0155,0.00060270,37.1285,34.0107,131.6376,134.7554,0.00048969,0.00050129,0.00002511,43.0246,43.5591,0.0301,2.0581,0.0627,3278.2661,68.4146,17.6798,46.9397,25.7155,39.4976,52.6635,77.1466,82.2897,128.5777,31.4111,0.0,2.083411,3.25533,1.089297,30,192,222,8,0.05498276,0.00062781,0.08642944,0E-8,0.000000,0.909041,0.000000,-0.09079372,2026-03-23,2026-08-06,82,2690,1181,137,0.598540,0.376650,0.410924,0.183276,,,,,,,,GLOBAL_BASELINE_NO_ENTITY_RANKING,,,NOT_APPLICABLE_GLOBAL_BASELINE,HF9g-P5,,,,X 全窗基线 · 不参与实体赏罚,6877752,688,A168_HF9F_20260827_0900,2026-08-27 09:00:00
2026-06-20,70460261,1109,0,149.1501015763,141.6925964976,141.6925964976,1.0000000,2,2,0.50665070000000000,0.506650700000,1.3955260008387969,1.3955260008387969,1.3955260008387969,0E-17,ELIGIBLE,R03b_20260811_FULL_v1,L1_ELIGIBILITY,v2026-08-11,2026-03-21..2026-08-06,baccarat_bet02_101_all_pairs_incl_sentinel,round_win = game_pnl > 0 (decisive only),COMPATIBILITY_ONLY_NOT_PRODUCTION,268817.8208,244366.2908,168.7661,6248,5610,-0.00062781,-0.08642944,0.00436428,-0.00062781,-168.7661,268817.8208,OK,0.0000,6.7506,4.0000,96.0000,AG03-UNRESOLVED,ALL5_LEVELS_bet23_to_bet27,6.7506,6.7506,6.7506,8.4383,8.4383,4.000000,4.000000,4.000000,5.000000,5.000000,96.000000,96.000000,96.000000,95.000000,95.000000,5.0,37.1285,34.0107,131.6376,134.7554,PENDING_AG03,FALSE,NOT_FOR_ENFORCEMENT,162.0155,234591.6392,168.7661,162.0155,6.7506,0.00062781,0.00060270,6.7506,162.0155,0.00060270,6.7506,6.7506,6.7506,8.4383,8.4383,162.0155,0.00060270,37.1285,34.0107,131.6376,134.7554,0.00048969,0.00050129,0.00002511,43.0246,43.5591,0.0301,2.0581,0.0627,3278.2661,68.4146,17.6798,46.9397,25.7155,39.4976,52.6635,77.1466,82.2897,128.5777,31.4111,0.0,2.083411,3.25533,1.089297,30,192,222,8,0.05498276,0.00062781,0.08642944,0E-8,0.000000,0.909041,0.000000,-0.09079372,2026-03-23,2026-08-06,82,2690,1181,137,0.598540,0.376650,0.410924,0.183276,,,,,,,,GLOBAL_BASELINE_NO_ENTITY_RANKING,,,NOT_APPLICABLE_GLOBAL_BASELINE,HF9g-P5,,,,X 全窗基线 · 不参与实体赏罚,6877753,688,A168_HF9F_20260827_0900,2026-08-27 09:00:00
2026-06-20,70460261,1157,0,154.2932085273,-54.0026229846,-54.0026229846,0.5000000,2,2,0.50665070000000000,0.506650700000,-0.018812684590367487,-0.018812684590367487,-0.018812684590367487,0E-17,ELIGIBLE,R03b_20260811_FULL_v1,L1_ELIGIBILITY,v2026-08-11,2026-03-21..2026-08-06,baccarat_bet02_101_all_pairs_incl_sentinel,round_win = game_pnl > 0 (decisive only),COMPATIBILITY_ONLY_NOT_PRODUCTION,268817.8208,244366.2908,168.7661,6248,5610,-0.00062781,-0.08642944,0.00436428,-0.00062781,-168.7661,268817.8208,OK,0.0000,6.7506,4.0000,96.0000,AG03-UNRESOLVED,ALL5_LEVELS_bet23_to_bet27,6.7506,6.7506,6.7506,8.4383,8.4383,4.000000,4.000000,4.000000,5.000000,5.000000,96.000000,96.000000,96.000000,95.000000,95.000000,5.0,37.1285,34.0107,131.6376,134.7554,PENDING_AG03,FALSE,NOT_FOR_ENFORCEMENT,162.0155,234591.6392,168.7661,162.0155,6.7506,0.00062781,0.00060270,6.7506,162.0155,0.00060270,6.7506,6.7506,6.7506,8.4383,8.4383,162.0155,0.00060270,37.1285,34.0107,131.6376,134.7554,0.00048969,0.00050129,0.00002511,43.0246,43.5591,0.0301,2.0581,0.0627,3278.2661,68.4146,17.6798,46.9397,25.7155,39.4976,52.6635,77.1466,82.2897,128.5777,31.4111,0.0,2.083411,3.25533,1.089297,30,192,222,8,0.05498276,0.00062781,0.08642944,0E-8,0.000000,0.909041,0.000000,-0.09079372,2026-03-23,2026-08-06,82,2690,1181,137,0.598540,0.376650,0.410924,0.183276,,,,,,,,GLOBAL_BASELINE_NO_ENTITY_RANKING,,,NOT_APPLICABLE_GLOBAL_BASELINE,HF9g-P5,,,,X 全窗基线 · 不参与实体赏罚,6877754,688,A168_HF9F_20260827_0900,2026-08-27 09:00:00
2026-06-20,70460261,1323,0,154.2932085273,-2.5715534755,-2.5715534755,0.5000000,3,3,0.50218230000000000,0.502182300000,-0.00617253530718887,-0.00617253530718887,-0.00617253530718887,0E-17,ELIGIBLE,R03b_20260811_FULL_v1,L1_ELIGIBILITY,v2026-08-11,2026-03-21..2026-08-06,baccarat_bet02_101_all_pairs_incl_sentinel,round_win = game_pnl > 0 (decisive only),COMPATIBILITY_ONLY_NOT_PRODUCTION,268817.8208,244366.2908,168.7661,6248,5610,-0.00062781,-0.08642944,0.00436428,-0.00062781,-168.7661,268817.8208,OK,0.0000,6.7506,4.0000,96.0000,AG03-UNRESOLVED,ALL5_LEVELS_bet23_to_bet27,6.7506,6.7506,6.7506,8.4383,8.4383,4.000000,4.000000,4.000000,5.000000,5.000000,96.000000,96.000000,96.000000,95.000000,95.000000,5.0,37.1285,34.0107,131.6376,134.7554,PENDING_AG03,FALSE,NOT_FOR_ENFORCEMENT,162.0155,234591.6392,168.7661,162.0155,6.7506,0.00062781,0.00060270,6.7506,162.0155,0.00060270,6.7506,6.7506,6.7506,8.4383,8.4383,162.0155,0.00060270,37.1285,34.0107,131.6376,134.7554,0.00048969,0.00050129,0.00002511,43.0246,43.5591,0.0301,2.0581,0.0627,3278.2661,68.4146,17.6798,46.9397,25.7155,39.4976,52.6635,77.1466,82.2897,128.5777,31.4111,0.0,2.083411,3.25533,1.089297,30,192,222,8,0.05498276,0.00062781,0.08642944,0E-8,0.000000,0.909041,0.000000,-0.09079372,2026-03-23,2026-08-06,82,2690,1181,137,0.598540,0.376650,0.410924,0.183276,,,,,,,,GLOBAL_BASELINE_NO_ENTITY_RANKING,,,NOT_APPLICABLE_GLOBAL_BASELINE,HF9g-P5,,,,X 全窗基线 · 不参与实体赏罚,6877755,688,A168_HF9F_20260827_0900,2026-08-27 09:00:00
2026-06-20,70460261,1384,0,77.1466042636,-77.1466042636,-77.1466042636,0E-7,1,1,0.49324550000000000,0.493245500000,-0.9865810262130424,-0.9865810262130424,-0.9865810262130424,0E-17,ELIGIBLE,R03b_20260811_FULL_v1,L1_ELIGIBILITY,v2026-08-11,2026-03-21..2026-08-06,baccarat_bet02_101_all_pairs_incl_sentinel,round_win = game_pnl > 0 (decisive only),COMPATIBILITY_ONLY_NOT_PRODUCTION,268817.8208,244366.2908,168.7661,6248,5610,-0.00062781,-0.08642944,0.00436428,-0.00062781,-168.7661,268817.8208,OK,0.0000,6.7506,4.0000,96.0000,AG03-UNRESOLVED,ALL5_LEVELS_bet23_to_bet27,6.7506,6.7506,6.7506,8.4383,8.4383,4.000000,4.000000,4.000000,5.000000,5.000000,96.000000,96.000000,96.000000,95.000000,95.000000,5.0,37.1285,34.0107,131.6376,134.7554,PENDING_AG03,FALSE,NOT_FOR_ENFORCEMENT,162.0155,234591.6392,168.7661,162.0155,6.7506,0.00062781,0.00060270,6.7506,162.0155,0.00060270,6.7506,6.7506,6.7506,8.4383,8.4383,162.0155,0.00060270,37.1285,34.0107,131.6376,134.7554,0.00048969,0.00050129,0.00002511,43.0246,43.5591,0.0301,2.0581,0.0627,3278.2661,68.4146,17.6798,46.9397,25.7155,39.4976,52.6635,77.1466,82.2897,128.5777,31.4111,0.0,2.083411,3.25533,1.089297,30,192,222,8,0.05498276,0.00062781,0.08642944,0E-8,0.000000,0.909041,0.000000,-0.09079372,2026-03-23,2026-08-06,82,2690,1181,137,0.598540,0.376650,0.410924,0.183276,,,,,,,,GLOBAL_BASELINE_NO_ENTITY_RANKING,,,NOT_APPLICABLE_GLOBAL_BASELINE,HF9g-P5,,,,X 全窗基线 · 不参与实体赏罚,6877756,688,A168_HF9F_20260827_0900,2026-08-27 09:00:00
2026-06-20,70460261,1385,0,660.8892431918,64.4174145601,64.4174145601,0.6250000,9,9,0.50665070000000000,0.506650700000,0.6695439735338472,0.6695439735338472,0.6695439735338472,0E-17,ELIGIBLE,R03b_20260811_FULL_v1,L1_ELIGIBILITY,v2026-08-11,2026-03-21..2026-08-06,baccarat_bet02_101_all_pairs_incl_sentinel,round_win = game_pnl > 0 (decisive only),COMPATIBILITY_ONLY_NOT_PRODUCTION,268817.8208,244366.2908,168.7661,6248,5610,-0.00062781,-0.08642944,0.00436428,-0.00062781,-168.7661,268817.8208,OK,0.0000,6.7506,4.0000,96.0000,AG03-UNRESOLVED,ALL5_LEVELS_bet23_to_bet27,6.7506,6.7506,6.7506,8.4383,8.4383,4.000000,4.000000,4.000000,5.000000,5.000000,96.000000,96.000000,96.000000,95.000000,95.000000,5.0,37.1285,34.0107,131.6376,134.7554,PENDING_AG03,FALSE,NOT_FOR_ENFORCEMENT,162.0155,234591.6392,168.7661,162.0155,6.7506,0.00062781,0.00060270,6.7506,162.0155,0.00060270,6.7506,6.7506,6.7506,8.4383,8.4383,162.0155,0.00060270,37.1285,34.0107,131.6376,134.7554,0.00048969,0.00050129,0.00002511,43.0246,43.5591,0.0301,2.0581,0.0627,3278.2661,68.4146,17.6798,46.9397,25.7155,39.4976,52.6635,77.1466,82.2897,128.5777,31.4111,0.0,2.083411,3.25533,1.089297,30,192,222,8,0.05498276,0.00062781,0.08642944,0E-8,0.000000,0.909041,0.000000,-0.09079372,2026-03-23,2026-08-06,82,2690,1181,137,0.598540,0.376650,0.410924,0.183276,,,,,,,,GLOBAL_BASELINE_NO_ENTITY_RANKING,,,NOT_APPLICABLE_GLOBAL_BASELINE,HF9g-P5,,,,X 全窗基线 · 不参与实体赏罚,6877757,688,A168_HF9F_20260827_0900,2026-08-27 09:00:00
2026-06-20,70460261,1401,0,51.4310695091,-51.4310695091,-51.4310695091,0E-7,1,1,0.49324550000000000,0.493245500000,-0.9865810262130424,-0.9865810262130424,-0.9865810262130424,0E-17,ELIGIBLE,R03b_20260811_FULL_v1,L1_ELIGIBILITY,v2026-08-11,2026-03-21..2026-08-06,baccarat_bet02_101_all_pairs_incl_sentinel,round_win = game_pnl > 0 (decisive only),COMPATIBILITY_ONLY_NOT_PRODUCTION,268817.8208,244366.2908,168.7661,6248,5610,-0.00062781,-0.08642944,0.00436428,-0.00062781,-168.7661,268817.8208,OK,0.0000,6.7506,4.0000,96.0000,AG03-UNRESOLVED,ALL5_LEVELS_bet23_to_bet27,6.7506,6.7506,6.7506,8.4383,8.4383,4.000000,4.000000,4.000000,5.000000,5.000000,96.000000,96.000000,96.000000,95.000000,95.000000,5.0,37.1285,34.0107,131.6376,134.7554,PENDING_AG03,FALSE,NOT_FOR_ENFORCEMENT,162.0155,234591.6392,168.7661,162.0155,6.7506,0.00062781,0.00060270,6.7506,162.0155,0.00060270,6.7506,6.7506,6.7506,8.4383,8.4383,162.0155,0.00060270,37.1285,34.0107,131.6376,134.7554,0.00048969,0.00050129,0.00002511,43.0246,43.5591,0.0301,2.0581,0.0627,3278.2661,68.4146,17.6798,46.9397,25.7155,39.4976,52.6635,77.1466,82.2897,128.5777,31.4111,0.0,2.083411,3.25533,1.089297,30,192,222,8,0.05498276,0.00062781,0.08642944,0E-8,0.000000,0.909041,0.000000,-0.09079372,2026-03-23,2026-08-06,82,2690,1181,137,0.598540,0.376650,0.410924,0.183276,,,,,,,,GLOBAL_BASELINE_NO_ENTITY_RANKING,,,NOT_APPLICABLE_GLOBAL_BASELINE,HF9g-P5,,,,X 全窗基线 · 不参与实体赏罚,6877758,688,A168_HF9F_20260827_0900,2026-08-27 09:00:00
2026-06-20,70460261,1402,0,77.1466042636,-77.1466042636,-77.1466042636,0E-7,1,1,0.49324550000000000,0.493245500000,-0.9865810262130424,-0.9865810262130424,-0.9865810262130424,0E-17,ELIGIBLE,R03b_20260811_FULL_v1,L1_ELIGIBILITY,v2026-08-11,2026-03-21..2026-08-06,baccarat_bet02_101_all_pairs_incl_sentinel,round_win = game_pnl > 0 (decisive only),COMPATIBILITY_ONLY_NOT_PRODUCTION,268817.8208,244366.2908,168.7661,6248,5610,-0.00062781,-0.08642944,0.00436428,-0.00062781,-168.7661,268817.8208,OK,0.0000,6.7506,4.0000,96.0000,AG03-UNRESOLVED,ALL5_LEVELS_bet23_to_bet27,6.7506,6.7506,6.7506,8.4383,8.4383,4.000000,4.000000,4.000000,5.000000,5.000000,96.000000,96.000000,96.000000,95.000000,95.000000,5.0,37.1285,34.0107,131.6376,134.7554,PENDING_AG03,FALSE,NOT_FOR_ENFORCEMENT,162.0155,234591.6392,168.7661,162.0155,6.7506,0.00062781,0.00060270,6.7506,162.0155,0.00060270,6.7506,6.7506,6.7506,8.4383,8.4383,162.0155,0.00060270,37.1285,34.0107,131.6376,134.7554,0.00048969,0.00050129,0.00002511,43.0246,43.5591,0.0301,2.0581,0.0627,3278.2661,68.4146,17.6798,46.9397,25.7155,39.4976,52.6635,77.1466,82.2897,128.5777,31.4111,0.0,2.083411,3.25533,1.089297,30,192,222,8,0.05498276,0.00062781,0.08642944,0E-8,0.000000,0.909041,0.000000,-0.09079372,2026-03-23,2026-08-06,82,2690,1181,137,0.598540,0.376650,0.410924,0.183276,,,,,,,,GLOBAL_BASELINE_NO_ENTITY_RANKING,,,NOT_APPLICABLE_GLOBAL_BASELINE,HF9g-P5,,,,X 全窗基线 · 不参与实体赏罚,6877759,688,A168_HF9F_20260827_0900,2026-08-27 09:00:00
2026-06-20,70460261,1490,0,51.4310695091,-51.4310695091,-51.4310695091,0E-7,1,1,0.49324550000000000,0.493245500000,-0.9865810262130424,-0.9865810262130424,-0.9865810262130424,0E-17,ELIGIBLE,R03b_20260811_FULL_v1,L1_ELIGIBILITY,v2026-08-11,2026-03-21..2026-08-06,baccarat_bet02_101_all_pairs_incl_sentinel,round_win = game_pnl > 0 (decisive only),COMPATIBILITY_ONLY_NOT_PRODUCTION,268817.8208,244366.2908,168.7661,6248,5610,-0.00062781,-0.08642944,0.00436428,-0.00062781,-168.7661,268817.8208,OK,0.0000,6.7506,4.0000,96.0000,AG03-UNRESOLVED,ALL5_LEVELS_bet23_to_bet27,6.7506,6.7506,6.7506,8.4383,8.4383,4.000000,4.000000,4.000000,5.000000,5.000000,96.000000,96.000000,96.000000,95.000000,95.000000,5.0,37.1285,34.0107,131.6376,134.7554,PENDING_AG03,FALSE,NOT_FOR_ENFORCEMENT,162.0155,234591.6392,168.7661,162.0155,6.7506,0.00062781,0.00060270,6.7506,162.0155,0.00060270,6.7506,6.7506,6.7506,8.4383,8.4383,162.0155,0.00060270,37.1285,34.0107,131.6376,134.7554,0.00048969,0.00050129,0.00002511,43.0246,43.5591,0.0301,2.0581,0.0627,3278.2661,68.4146,17.6798,46.9397,25.7155,39.4976,52.6635,77.1466,82.2897,128.5777,31.4111,0.0,2.083411,3.25533,1.089297,30,192,222,8,0.05498276,0.00062781,0.08642944,0E-8,0.000000,0.909041,0.000000,-0.09079372,2026-03-23,2026-08-06,82,2690,1181,137,0.598540,0.376650,0.410924,0.183276,,,,,,,,GLOBAL_BASELINE_NO_ENTITY_RANKING,,,NOT_APPLICABLE_GLOBAL_BASELINE,HF9g-P5,,,,X 全窗基线 · 不参与实体赏罚,6877760,688,A168_HF9F_20260827_0900,2026-08-27 09:00:00
2026-06-20,70460261,1507,0,365.1605935144,176.4085684163,176.4085684163,0.8000000,6,5,0.49598977529412984,0.461341770000,1.3596187878106427,1.5190728359856285,1.3596187878106427,0.03464800529412984,ELIGIBLE,R03b_20260811_FULL_v1,L1_ELIGIBILITY,v2026-08-11,2026-03-21..2026-08-06,baccarat_bet02_101_all_pairs_incl_sentinel,round_win = game_pnl > 0 (decisive only),COMPATIBILITY_ONLY_NOT_PRODUCTION,268817.8208,244366.2908,168.7661,6248,5610,-0.00062781,-0.08642944,0.00436428,-0.00062781,-168.7661,268817.8208,OK,0.0000,6.7506,4.0000,96.0000,AG03-UNRESOLVED,ALL5_LEVELS_bet23_to_bet27,6.7506,6.7506,6.7506,8.4383,8.4383,4.000000,4.000000,4.000000,5.000000,5.000000,96.000000,96.000000,96.000000,95.000000,95.000000,5.0,37.1285,34.0107,131.6376,134.7554,PENDING_AG03,FALSE,NOT_FOR_ENFORCEMENT,162.0155,234591.6392,168.7661,162.0155,6.7506,0.00062781,0.00060270,6.7506,162.0155,0.00060270,6.7506,6.7506,6.7506,8.4383,8.4383,162.0155,0.00060270,37.1285,34.0107,131.6376,134.7554,0.00048969,0.00050129,0.00002511,43.0246,43.5591,0.0301,2.0581,0.0627,3278.2661,68.4146,17.6798,46.9397,25.7155,39.4976,52.6635,77.1466,82.2897,128.5777,31.4111,0.0,2.083411,3.25533,1.089297,30,192,222,8,0.05498276,0.00062781,0.08642944,0E-8,0.000000,0.909041,0.000000,-0.09079372,2026-03-23,2026-08-06,82,2690,1181,137,0.598540,0.376650,0.410924,0.183276,,,,,,,,GLOBAL_BASELINE_NO_ENTITY_RANKING,,,NOT_APPLICABLE_GLOBAL_BASELINE,HF9g-P5,,,,X 全窗基线 · 不参与实体赏罚,6877761,688,A168_HF9F_20260827_0900,2026-08-27 09:00:00
2026-06-20,70460261,1509,0,25.7155347545,25.7155347545,25.7155347545,1.0000000,1,1,0.49324550000000000,0.493245500000,1.01360149184955,1.01360149184955,1.01360149184955,0E-17,ELIGIBLE,R03b_20260811_FULL_v1,L1_ELIGIBILITY,v2026-08-11,2026-03-21..2026-08-06,baccarat_bet02_101_all_pairs_incl_sentinel,round_win = game_pnl > 0 (decisive only),COMPATIBILITY_ONLY_NOT_PRODUCTION,268817.8208,244366.2908,168.7661,6248,5610,-0.00062781,-0.08642944,0.00436428,-0.00062781,-168.7661,268817.8208,OK,0.0000,6.7506,4.0000,96.0000,AG03-UNRESOLVED,ALL5_LEVELS_bet23_to_bet27,6.7506,6.7506,6.7506,8.4383,8.4383,4.000000,4.000000,4.000000,5.000000,5.000000,96.000000,96.000000,96.000000,95.000000,95.000000,5.0,37.1285,34.0107,131.6376,134.7554,PENDING_AG03,FALSE,NOT_FOR_ENFORCEMENT,162.0155,234591.6392,168.7661,162.0155,6.7506,0.00062781,0.00060270,6.7506,162.0155,0.00060270,6.7506,6.7506,6.7506,8.4383,8.4383,162.0155,0.00060270,37.1285,34.0107,131.6376,134.7554,0.00048969,0.00050129,0.00002511,43.0246,43.5591,0.0301,2.0581,0.0627,3278.2661,68.4146,17.6798,46.9397,25.7155,39.4976,52.6635,77.1466,82.2897,128.5777,31.4111,0.0,2.083411,3.25533,1.089297,30,192,222,8,0.05498276,0.00062781,0.08642944,0E-8,0.000000,0.909041,0.000000,-0.09079372,2026-03-23,2026-08-06,82,2690,1181,137,0.598540,0.376650,0.410924,0.183276,,,,,,,,GLOBAL_BASELINE_NO_ENTITY_RANKING,,,NOT_APPLICABLE_GLOBAL_BASELINE,HF9g-P5,,,,X 全窗基线 · 不参与实体赏罚,6877762,688,A168_HF9F_20260827_0900,2026-08-27 09:00:00
2026-06-20,70460261,1654,0,51.4310695091,48.8595160336,48.8595160336,1.0000000,1,1,0.50665070000000000,0.506650700000,0.9867858985152569,0.9867858985152569,0.9867858985152569,0E-17,ELIGIBLE,R03b_20260811_FULL_v1,L1_ELIGIBILITY,v2026-08-11,2026-03-21..2026-08-06,baccarat_bet02_101_all_pairs_incl_sentinel,round_win = game_pnl > 0 (decisive only),COMPATIBILITY_ONLY_NOT_PRODUCTION,268817.8208,244366.2908,168.7661,6248,5610,-0.00062781,-0.08642944,0.00436428,-0.00062781,-168.7661,268817.8208,OK,0.0000,6.7506,4.0000,96.0000,AG03-UNRESOLVED,ALL5_LEVELS_bet23_to_bet27,6.7506,6.7506,6.7506,8.4383,8.4383,4.000000,4.000000,4.000000,5.000000,5.000000,96.000000,96.000000,96.000000,95.000000,95.000000,5.0,37.1285,34.0107,131.6376,134.7554,PENDING_AG03,FALSE,NOT_FOR_ENFORCEMENT,162.0155,234591.6392,168.7661,162.0155,6.7506,0.00062781,0.00060270,6.7506,162.0155,0.00060270,6.7506,6.7506,6.7506,8.4383,8.4383,162.0155,0.00060270,37.1285,34.0107,131.6376,134.7554,0.00048969,0.00050129,0.00002511,43.0246,43.5591,0.0301,2.0581,0.0627,3278.2661,68.4146,17.6798,46.9397,25.7155,39.4976,52.6635,77.1466,82.2897,128.5777,31.4111,0.0,2.083411,3.25533,1.089297,30,192,222,8,0.05498276,0.00062781,0.08642944,0E-8,0.000000,0.909041,0.000000,-0.09079372,2026-03-23,2026-08-06,82,2690,1181,137,0.598540,0.376650,0.410924,0.183276,,,,,,,,GLOBAL_BASELINE_NO_ENTITY_RANKING,,,NOT_APPLICABLE_GLOBAL_BASELINE,HF9g-P5,,,,X 全窗基线 · 不参与实体赏罚,6877763,688,A168_HF9F_20260827_0900,2026-08-27 09:00:00
2026-06-20,70460261,1710,0,128.5776737727,-128.5776737727,-128.5776737727,0E-7,1,1,0.49324550000000000,0.493245500000,-0.9865810262130424,-0.9865810262130424,-0.9865810262130424,0E-17,ELIGIBLE,R03b_20260811_FULL_v1,L1_ELIGIBILITY,v2026-08-11,2026-03-21..2026-08-06,baccarat_bet02_101_all_pairs_incl_sentinel,round_win = game_pnl > 0 (decisive only),COMPATIBILITY_ONLY_NOT_PRODUCTION,268817.8208,244366.2908,168.7661,6248,5610,-0.00062781,-0.08642944,0.00436428,-0.00062781,-168.7661,268817.8208,OK,0.0000,6.7506,4.0000,96.0000,AG03-UNRESOLVED,ALL5_LEVELS_bet23_to_bet27,6.7506,6.7506,6.7506,8.4383,8.4383,4.000000,4.000000,4.000000,5.000000,5.000000,96.000000,96.000000,96.000000,95.000000,95.000000,5.0,37.1285,34.0107,131.6376,134.7554,PENDING_AG03,FALSE,NOT_FOR_ENFORCEMENT,162.0155,234591.6392,168.7661,162.0155,6.7506,0.00062781,0.00060270,6.7506,162.0155,0.00060270,6.7506,6.7506,6.7506,8.4383,8.4383,162.0155,0.00060270,37.1285,34.0107,131.6376,134.7554,0.00048969,0.00050129,0.00002511,43.0246,43.5591,0.0301,2.0581,0.0627,3278.2661,68.4146,17.6798,46.9397,25.7155,39.4976,52.6635,77.1466,82.2897,128.5777,31.4111,0.0,2.083411,3.25533,1.089297,30,192,222,8,0.05498276,0.00062781,0.08642944,0E-8,0.000000,0.909041,0.000000,-0.09079372,2026-03-23,2026-08-06,82,2690,1181,137,0.598540,0.376650,0.410924,0.183276,,,,,,,,GLOBAL_BASELINE_NO_ENTITY_RANKING,,,NOT_APPLICABLE_GLOBAL_BASELINE,HF9g-P5,,,,X 全窗基线 · 不参与实体赏罚,6877764,688,A168_HF9F_20260827_0900,2026-08-27 09:00:00
2026-06-20,70460261,1714,0,77.9180703063,74.0221667910,74.0221667910,1.0000000,1,1,0.50665070000000000,0.506650700000,0.9867858985152569,0.9867858985152569,0.9867858985152569,0E-17,ELIGIBLE,R03b_20260811_FULL_v1,L1_ELIGIBILITY,v2026-08-11,2026-03-21..2026-08-06,baccarat_bet02_101_all_pairs_incl_sentinel,round_win = game_pnl > 0 (decisive only),COMPATIBILITY_ONLY_NOT_PRODUCTION,268817.8208,244366.2908,168.7661,6248,5610,-0.00062781,-0.08642944,0.00436428,-0.00062781,-168.7661,268817.8208,OK,0.0000,6.7506,4.0000,96.0000,AG03-UNRESOLVED,ALL5_LEVELS_bet23_to_bet27,6.7506,6.7506,6.7506,8.4383,8.4383,4.000000,4.000000,4.000000,5.000000,5.000000,96.000000,96.000000,96.000000,95.000000,95.000000,5.0,37.1285,34.0107,131.6376,134.7554,PENDING_AG03,FALSE,NOT_FOR_ENFORCEMENT,162.0155,234591.6392,168.7661,162.0155,6.7506,0.00062781,0.00060270,6.7506,162.0155,0.00060270,6.7506,6.7506,6.7506,8.4383,8.4383,162.0155,0.00060270,37.1285,34.0107,131.6376,134.7554,0.00048969,0.00050129,0.00002511,43.0246,43.5591,0.0301,2.0581,0.0627,3278.2661,68.4146,17.6798,46.9397,25.7155,39.4976,52.6635,77.1466,82.2897,128.5777,31.4111,0.0,2.083411,3.25533,1.089297,30,192,222,8,0.05498276,0.00062781,0.08642944,0E-8,0.000000,0.909041,0.000000,-0.09079372,2026-03-23,2026-08-06,82,2690,1181,137,0.598540,0.376650,0.410924,0.183276,,,,,,,,GLOBAL_BASELINE_NO_ENTITY_RANKING,,,NOT_APPLICABLE_GLOBAL_BASELINE,HF9g-P5,,,,X 全窗基线 · 不参与实体赏罚,6877765,688,A168_HF9F_20260827_0900,2026-08-27 09:00:00
2026-06-20,70460261,1935,0,511.7391416154,-101.1906292589,-101.1906292589,0.4285714,7,7,0.50282064285714286,0.502820642857,-0.39289616391791987,-0.3928961639171632,-0.39289616391791987,1.4286E-13,ELIGIBLE,R03b_20260811_FULL_v1,L1_ELIGIBILITY,v2026-08-11,2026-03-21..2026-08-06,baccarat_bet02_101_all_pairs_incl_sentinel,round_win = game_pnl > 0 (decisive only),COMPATIBILITY_ONLY_NOT_PRODUCTION,268817.8208,244366.2908,168.7661,6248,5610,-0.00062781,-0.08642944,0.00436428,-0.00062781,-168.7661,268817.8208,OK,0.0000,6.7506,4.0000,96.0000,AG03-UNRESOLVED,ALL5_LEVELS_bet23_to_bet27,6.7506,6.7506,6.7506,8.4383,8.4383,4.000000,4.000000,4.000000,5.000000,5.000000,96.000000,96.000000,96.000000,95.000000,95.000000,5.0,37.1285,34.0107,131.6376,134.7554,PENDING_AG03,FALSE,NOT_FOR_ENFORCEMENT,162.0155,234591.6392,168.7661,162.0155,6.7506,0.00062781,0.00060270,6.7506,162.0155,0.00060270,6.7506,6.7506,6.7506,8.4383,8.4383,162.0155,0.00060270,37.1285,34.0107,131.6376,134.7554,0.00048969,0.00050129,0.00002511,43.0246,43.5591,0.0301,2.0581,0.0627,3278.2661,68.4146,17.6798,46.9397,25.7155,39.4976,52.6635,77.1466,82.2897,128.5777,31.4111,0.0,2.083411,3.25533,1.089297,30,192,222,8,0.05498276,0.00062781,0.08642944,0E-8,0.000000,0.909041,0.000000,-0.09079372,2026-03-23,2026-08-06,82,2690,1181,137,0.598540,0.376650,0.410924,0.183276,,,,,,,,GLOBAL_BASELINE_NO_ENTITY_RANKING,,,NOT_APPLICABLE_GLOBAL_BASELINE,HF9g-P5,,,,X 全窗基线 · 不参与实体赏罚,6877766,688,A168_HF9F_20260827_0900,2026-08-27 09:00:00
2026-06-20,70460261,1941,0,52.4596908993,49.8367063543,49.8367063543,1.0000000,1,1,0.50665070000000000,0.506650700000,0.9867858985152569,0.9867858985152569,0.9867858985152569,0E-17,ELIGIBLE,R03b_20260811_FULL_v1,L1_ELIGIBILITY,v2026-08-11,2026-03-21..2026-08-06,baccarat_bet02_101_all_pairs_incl_sentinel,round_win = game_pnl > 0 (decisive only),COMPATIBILITY_ONLY_NOT_PRODUCTION,268817.8208,244366.2908,168.7661,6248,5610,-0.00062781,-0.08642944,0.00436428,-0.00062781,-168.7661,268817.8208,OK,0.0000,6.7506,4.0000,96.0000,AG03-UNRESOLVED,ALL5_LEVELS_bet23_to_bet27,6.7506,6.7506,6.7506,8.4383,8.4383,4.000000,4.000000,4.000000,5.000000,5.000000,96.000000,96.000000,96.000000,95.000000,95.000000,5.0,37.1285,34.0107,131.6376,134.7554,PENDING_AG03,FALSE,NOT_FOR_ENFORCEMENT,162.0155,234591.6392,168.7661,162.0155,6.7506,0.00062781,0.00060270,6.7506,162.0155,0.00060270,6.7506,6.7506,6.7506,8.4383,8.4383,162.0155,0.00060270,37.1285,34.0107,131.6376,134.7554,0.00048969,0.00050129,0.00002511,43.0246,43.5591,0.0301,2.0581,0.0627,3278.2661,68.4146,17.6798,46.9397,25.7155,39.4976,52.6635,77.1466,82.2897,128.5777,31.4111,0.0,2.083411,3.25533,1.089297,30,192,222,8,0.05498276,0.00062781,0.08642944,0E-8,0.000000,0.909041,0.000000,-0.09079372,2026-03-23,2026-08-06,82,2690,1181,137,0.598540,0.376650,0.410924,0.183276,,,,,,,,GLOBAL_BASELINE_NO_ENTITY_RANKING,,,NOT_APPLICABLE_GLOBAL_BASELINE,HF9g-P5,,,,X 全窗基线 · 不参与实体赏罚,6877767,688,A168_HF9F_20260827_0900,2026-08-27 09:00:00
2026-06-20,70460261,1985,0,25.7155347545,24.4297580168,24.4297580168,1.0000000,1,1,0.50665070000000000,0.506650700000,0.9867858985152569,0.9867858985152569,0.9867858985152569,0E-17,ELIGIBLE,R03b_20260811_FULL_v1,L1_ELIGIBILITY,v2026-08-11,2026-03-21..2026-08-06,baccarat_bet02_101_all_pairs_incl_sentinel,round_win = game_pnl > 0 (decisive only),COMPATIBILITY_ONLY_NOT_PRODUCTION,268817.8208,244366.2908,168.7661,6248,5610,-0.00062781,-0.08642944,0.00436428,-0.00062781,-168.7661,268817.8208,OK,0.0000,6.7506,4.0000,96.0000,AG03-UNRESOLVED,ALL5_LEVELS_bet23_to_bet27,6.7506,6.7506,6.7506,8.4383,8.4383,4.000000,4.000000,4.000000,5.000000,5.000000,96.000000,96.000000,96.000000,95.000000,95.000000,5.0,37.1285,34.0107,131.6376,134.7554,PENDING_AG03,FALSE,NOT_FOR_ENFORCEMENT,162.0155,234591.6392,168.7661,162.0155,6.7506,0.00062781,0.00060270,6.7506,162.0155,0.00060270,6.7506,6.7506,6.7506,8.4383,8.4383,162.0155,0.00060270,37.1285,34.0107,131.6376,134.7554,0.00048969,0.00050129,0.00002511,43.0246,43.5591,0.0301,2.0581,0.0627,3278.2661,68.4146,17.6798,46.9397,25.7155,39.4976,52.6635,77.1466,82.2897,128.5777,31.4111,0.0,2.083411,3.25533,1.089297,30,192,222,8,0.05498276,0.00062781,0.08642944,0E-8,0.000000,0.909041,0.000000,-0.09079372,2026-03-23,2026-08-06,82,2690,1181,137,0.598540,0.376650,0.410924,0.183276,,,,,,,,GLOBAL_BASELINE_NO_ENTITY_RANKING,,,NOT_APPLICABLE_GLOBAL_BASELINE,HF9g-P5,,,,X 全窗基线 · 不参与实体赏罚,6877768,688,A168_HF9F_20260827_0900,2026-08-27 09:00:00
2026-06-20,70460261,2087,0,722.6065266026,211.2531180087,211.2531180087,0.6666667,11,10,0.49204625736843325,0.481315195000,1.047855043034923,1.1128861674312078,1.047855043034923,0.01073106236843325,ELIGIBLE,R03b_20260811_FULL_v1,L1_ELIGIBILITY,v2026-08-11,2026-03-21..2026-08-06,baccarat_bet02_101_all_pairs_incl_sentinel,round_win = game_pnl > 0 (decisive only),COMPATIBILITY_ONLY_NOT_PRODUCTION,268817.8208,244366.2908,168.7661,6248,5610,-0.00062781,-0.08642944,0.00436428,-0.00062781,-168.7661,268817.8208,OK,0.0000,6.7506,4.0000,96.0000,AG03-UNRESOLVED,ALL5_LEVELS_bet23_to_bet27,6.7506,6.7506,6.7506,8.4383,8.4383,4.000000,4.000000,4.000000,5.000000,5.000000,96.000000,96.000000,96.000000,95.000000,95.000000,5.0,37.1285,34.0107,131.6376,134.7554,PENDING_AG03,FALSE,NOT_FOR_ENFORCEMENT,162.0155,234591.6392,168.7661,162.0155,6.7506,0.00062781,0.00060270,6.7506,162.0155,0.00060270,6.7506,6.7506,6.7506,8.4383,8.4383,162.0155,0.00060270,37.1285,34.0107,131.6376,134.7554,0.00048969,0.00050129,0.00002511,43.0246,43.5591,0.0301,2.0581,0.0627,3278.2661,68.4146,17.6798,46.9397,25.7155,39.4976,52.6635,77.1466,82.2897,128.5777,31.4111,0.0,2.083411,3.25533,1.089297,30,192,222,8,0.05498276,0.00062781,0.08642944,0E-8,0.000000,0.909041,0.000000,-0.09079372,2026-03-23,2026-08-06,82,2690,1181,137,0.598540,0.376650,0.410924,0.183276,,,,,,,,GLOBAL_BASELINE_NO_ENTITY_RANKING,,,NOT_APPLICABLE_GLOBAL_BASELINE,HF9g-P5,,,,X 全窗基线 · 不参与实体赏罚,6877769,688,A168_HF9F_20260827_0900,2026-08-27 09:00:00
2026-06-20,70460261,2093,0,138.8638876746,-36.0017486564,-36.0017486564,0.5000000,2,2,0.49994810000000000,0.499948100000,0.00014679536856514622,0.00014679536856514622,0.00014679536856514622,0E-17,ELIGIBLE,R03b_20260811_FULL_v1,L1_ELIGIBILITY,v2026-08-11,2026-03-21..2026-08-06,baccarat_bet02_101_all_pairs_incl_sentinel,round_win = game_pnl > 0 (decisive only),COMPATIBILITY_ONLY_NOT_PRODUCTION,268817.8208,244366.2908,168.7661,6248,5610,-0.00062781,-0.08642944,0.00436428,-0.00062781,-168.7661,268817.8208,OK,0.0000,6.7506,4.0000,96.0000,AG03-UNRESOLVED,ALL5_LEVELS_bet23_to_bet27,6.7506,6.7506,6.7506,8.4383,8.4383,4.000000,4.000000,4.000000,5.000000,5.000000,96.000000,96.000000,96.000000,95.000000,95.000000,5.0,37.1285,34.0107,131.6376,134.7554,PENDING_AG03,FALSE,NOT_FOR_ENFORCEMENT,162.0155,234591.6392,168.7661,162.0155,6.7506,0.00062781,0.00060270,6.7506,162.0155,0.00060270,6.7506,6.7506,6.7506,8.4383,8.4383,162.0155,0.00060270,37.1285,34.0107,131.6376,134.7554,0.00048969,0.00050129,0.00002511,43.0246,43.5591,0.0301,2.0581,0.0627,3278.2661,68.4146,17.6798,46.9397,25.7155,39.4976,52.6635,77.1466,82.2897,128.5777,31.4111,0.0,2.083411,3.25533,1.089297,30,192,222,8,0.05498276,0.00062781,0.08642944,0E-8,0.000000,0.909041,0.000000,-0.09079372,2026-03-23,2026-08-06,82,2690,1181,137,0.598540,0.376650,0.410924,0.183276,,,,,,,,GLOBAL_BASELINE_NO_ENTITY_RANKING,,,NOT_APPLICABLE_GLOBAL_BASELINE,HF9g-P5,,,,X 全窗基线 · 不参与实体赏罚,6877770,688,A168_HF9F_20260827_0900,2026-08-27 09:00:00
2026-06-20,70460261,2103,0,177.4371898064,25.7155347545,25.7155347545,0.6666667,3,3,0.50218230000000000,0.502182300000,0.5697959874915163,0.5697959874915164,0.5697959874915163,0E-17,ELIGIBLE,R03b_20260811_FULL_v1,L1_ELIGIBILITY,v2026-08-11,2026-03-21..2026-08-06,baccarat_bet02_101_all_pairs_incl_sentinel,round_win = game_pnl > 0 (decisive only),COMPATIBILITY_ONLY_NOT_PRODUCTION,268817.8208,244366.2908,168.7661,6248,5610,-0.00062781,-0.08642944,0.00436428,-0.00062781,-168.7661,268817.8208,OK,0.0000,6.7506,4.0000,96.0000,AG03-UNRESOLVED,ALL5_LEVELS_bet23_to_bet27,6.7506,6.7506,6.7506,8.4383,8.4383,4.000000,4.000000,4.000000,5.000000,5.000000,96.000000,96.000000,96.000000,95.000000,95.000000,5.0,37.1285,34.0107,131.6376,134.7554,PENDING_AG03,FALSE,NOT_FOR_ENFORCEMENT,162.0155,234591.6392,168.7661,162.0155,6.7506,0.00062781,0.00060270,6.7506,162.0155,0.00060270,6.7506,6.7506,6.7506,8.4383,8.4383,162.0155,0.00060270,37.1285,34.0107,131.6376,134.7554,0.00048969,0.00050129,0.00002511,43.0246,43.5591,0.0301,2.0581,0.0627,3278.2661,68.4146,17.6798,46.9397,25.7155,39.4976,52.6635,77.1466,82.2897,128.5777,31.4111,0.0,2.083411,3.25533,1.089297,30,192,222,8,0.05498276,0.00062781,0.08642944,0E-8,0.000000,0.909041,0.000000,-0.09079372,2026-03-23,2026-08-06,82,2690,1181,137,0.598540,0.376650,0.410924,0.183276,,,,,,,,GLOBAL_BASELINE_NO_ENTITY_RANKING,,,NOT_APPLICABLE_GLOBAL_BASELINE,HF9g-P5,,,,X 全窗基线 · 不参与实体赏罚,6877771,688,A168_HF9F_20260827_0900,2026-08-27 09:00:00
2026-06-20,70460261,2141,0,331.7303983336,19.2866510659,19.2866510659,0.5000000,6,6,0.50441650000000000,0.504416500000,-0.02163718700157003,-0.02163718700157003,-0.02163718700157003,0E-17,ELIGIBLE,R03b_20260811_FULL_v1,L1_ELIGIBILITY,v2026-08-11,2026-03-21..2026-08-06,baccarat_bet02_101_all_pairs_incl_sentinel,round_win = game_pnl > 0 (decisive only),COMPATIBILITY_ONLY_NOT_PRODUCTION,268817.8208,244366.2908,168.7661,6248,5610,-0.00062781,-0.08642944,0.00436428,-0.00062781,-168.7661,268817.8208,OK,0.0000,6.7506,4.0000,96.0000,AG03-UNRESOLVED,ALL5_LEVELS_bet23_to_bet27,6.7506,6.7506,6.7506,8.4383,8.4383,4.000000,4.000000,4.000000,5.000000,5.000000,96.000000,96.000000,96.000000,95.000000,95.000000,5.0,37.1285,34.0107,131.6376,134.7554,PENDING_AG03,FALSE,NOT_FOR_ENFORCEMENT,162.0155,234591.6392,168.7661,162.0155,6.7506,0.00062781,0.00060270,6.7506,162.0155,0.00060270,6.7506,6.7506,6.7506,8.4383,8.4383,162.0155,0.00060270,37.1285,34.0107,131.6376,134.7554,0.00048969,0.00050129,0.00002511,43.0246,43.5591,0.0301,2.0581,0.0627,3278.2661,68.4146,17.6798,46.9397,25.7155,39.4976,52.6635,77.1466,82.2897,128.5777,31.4111,0.0,2.083411,3.25533,1.089297,30,192,222,8,0.05498276,0.00062781,0.08642944,0E-8,0.000000,0.909041,0.000000,-0.09079372,2026-03-23,2026-08-06,82,2690,1181,137,0.598540,0.376650,0.410924,0.183276,,,,,,,,GLOBAL_BASELINE_NO_ENTITY_RANKING,,,NOT_APPLICABLE_GLOBAL_BASELINE,HF9g-P5,,,,X 全窗基线 · 不参与实体赏罚,6877772,688,A168_HF9F_20260827_0900,2026-08-27 09:00:00
2026-06-20,70460261,2147,0,79.7181577391,0E-10,0E-10,,1,1,0.49324550000000000,0.493245500000,,,,0E-17,NO_DECISIVE_ROUND,R03b_20260811_FULL_v1,L1_ELIGIBILITY,v2026-08-11,2026-03-21..2026-08-06,baccarat_bet02_101_all_pairs_incl_sentinel,round_win = game_pnl > 0 (decisive only),COMPATIBILITY_ONLY_NOT_PRODUCTION,268817.8208,244366.2908,168.7661,6248,5610,-0.00062781,-0.08642944,0.00436428,-0.00062781,-168.7661,268817.8208,OK,0.0000,6.7506,4.0000,96.0000,AG03-UNRESOLVED,ALL5_LEVELS_bet23_to_bet27,6.7506,6.7506,6.7506,8.4383,8.4383,4.000000,4.000000,4.000000,5.000000,5.000000,96.000000,96.000000,96.000000,95.000000,95.000000,5.0,37.1285,34.0107,131.6376,134.7554,PENDING_AG03,FALSE,NOT_FOR_ENFORCEMENT,162.0155,234591.6392,168.7661,162.0155,6.7506,0.00062781,0.00060270,6.7506,162.0155,0.00060270,6.7506,6.7506,6.7506,8.4383,8.4383,162.0155,0.00060270,37.1285,34.0107,131.6376,134.7554,0.00048969,0.00050129,0.00002511,43.0246,43.5591,0.0301,2.0581,0.0627,3278.2661,68.4146,17.6798,46.9397,25.7155,39.4976,52.6635,77.1466,82.2897,128.5777,31.4111,0.0,2.083411,3.25533,1.089297,30,192,222,8,0.05498276,0.00062781,0.08642944,0E-8,0.000000,0.909041,0.000000,-0.09079372,2026-03-23,2026-08-06,82,2690,1181,137,0.598540,0.376650,0.410924,0.183276,,,,,,,,GLOBAL_BASELINE_NO_ENTITY_RANKING,,,NOT_APPLICABLE_GLOBAL_BASELINE,HF9g-P5,,,,X 全窗基线 · 不参与实体赏罚,6877773,688,A168_HF9F_20260827_0900,2026-08-27 09:00:00
2026-06-20,70460261,2156,0,228.8682593154,21.8582045414,21.8582045414,0.6666667,3,3,0.50665070000000000,0.506650700000,0.5543606114942035,0.5543606114942035,0.5543606114942035,0E-17,ELIGIBLE,R03b_20260811_FULL_v1,L1_ELIGIBILITY,v2026-08-11,2026-03-21..2026-08-06,baccarat_bet02_101_all_pairs_incl_sentinel,round_win = game_pnl > 0 (decisive only),COMPATIBILITY_ONLY_NOT_PRODUCTION,268817.8208,244366.2908,168.7661,6248,5610,-0.00062781,-0.08642944,0.00436428,-0.00062781,-168.7661,268817.8208,OK,0.0000,6.7506,4.0000,96.0000,AG03-UNRESOLVED,ALL5_LEVELS_bet23_to_bet27,6.7506,6.7506,6.7506,8.4383,8.4383,4.000000,4.000000,4.000000,5.000000,5.000000,96.000000,96.000000,96.000000,95.000000,95.000000,5.0,37.1285,34.0107,131.6376,134.7554,PENDING_AG03,FALSE,NOT_FOR_ENFORCEMENT,162.0155,234591.6392,168.7661,162.0155,6.7506,0.00062781,0.00060270,6.7506,162.0155,0.00060270,6.7506,6.7506,6.7506,8.4383,8.4383,162.0155,0.00060270,37.1285,34.0107,131.6376,134.7554,0.00048969,0.00050129,0.00002511,43.0246,43.5591,0.0301,2.0581,0.0627,3278.2661,68.4146,17.6798,46.9397,25.7155,39.4976,52.6635,77.1466,82.2897,128.5777,31.4111,0.0,2.083411,3.25533,1.089297,30,192,222,8,0.05498276,0.00062781,0.08642944,0E-8,0.000000,0.909041,0.000000,-0.09079372,2026-03-23,2026-08-06,82,2690,1181,137,0.598540,0.376650,0.410924,0.183276,,,,,,,,GLOBAL_BASELINE_NO_ENTITY_RANKING,,,NOT_APPLICABLE_GLOBAL_BASELINE,HF9g-P5,,,,X 全窗基线 · 不参与实体赏罚,6877774,688,A168_HF9F_20260827_0900,2026-08-27 09:00:00
2026-06-20,70460261,2169,0,77.1466042636,73.2892740505,73.2892740505,1.0000000,1,1,0.50665070000000000,0.506650700000,0.9867858985152569,0.9867858985152569,0.9867858985152569,0E-17,ELIGIBLE,R03b_20260811_FULL_v1,L1_ELIGIBILITY,v2026-08-11,2026-03-21..2026-08-06,baccarat_bet02_101_all_pairs_incl_sentinel,round_win = game_pnl > 0 (decisive only),COMPATIBILITY_ONLY_NOT_PRODUCTION,268817.8208,244366.2908,168.7661,6248,5610,-0.00062781,-0.08642944,0.00436428,-0.00062781,-168.7661,268817.8208,OK,0.0000,6.7506,4.0000,96.0000,AG03-UNRESOLVED,ALL5_LEVELS_bet23_to_bet27,6.7506,6.7506,6.7506,8.4383,8.4383,4.000000,4.000000,4.000000,5.000000,5.000000,96.000000,96.000000,96.000000,95.000000,95.000000,5.0,37.1285,34.0107,131.6376,134.7554,PENDING_AG03,FALSE,NOT_FOR_ENFORCEMENT,162.0155,234591.6392,168.7661,162.0155,6.7506,0.00062781,0.00060270,6.7506,162.0155,0.00060270,6.7506,6.7506,6.7506,8.4383,8.4383,162.0155,0.00060270,37.1285,34.0107,131.6376,134.7554,0.00048969,0.00050129,0.00002511,43.0246,43.5591,0.0301,2.0581,0.0627,3278.2661,68.4146,17.6798,46.9397,25.7155,39.4976,52.6635,77.1466,82.2897,128.5777,31.4111,0.0,2.083411,3.25533,1.089297,30,192,222,8,0.05498276,0.00062781,0.08642944,0E-8,0.000000,0.909041,0.000000,-0.09079372,2026-03-23,2026-08-06,82,2690,1181,137,0.598540,0.376650,0.410924,0.183276,,,,,,,,GLOBAL_BASELINE_NO_ENTITY_RANKING,,,NOT_APPLICABLE_GLOBAL_BASELINE,HF9g-P5,,,,X 全窗基线 · 不参与实体赏罚,6877775,688,A168_HF9F_20260827_0900,2026-08-27 09:00:00
2026-06-20,70460261,2175,0,48.8595160336,-48.8595160336,-48.8595160336,0E-7,1,1,0.50665070000000000,0.506650700000,-1.013391052207602,-1.013391052207602,-1.013391052207602,0E-17,ELIGIBLE,R03b_20260811_FULL_v1,L1_ELIGIBILITY,v2026-08-11,2026-03-21..2026-08-06,baccarat_bet02_101_all_pairs_incl_sentinel,round_win = game_pnl > 0 (decisive only),COMPATIBILITY_ONLY_NOT_PRODUCTION,268817.8208,244366.2908,168.7661,6248,5610,-0.00062781,-0.08642944,0.00436428,-0.00062781,-168.7661,268817.8208,OK,0.0000,6.7506,4.0000,96.0000,AG03-UNRESOLVED,ALL5_LEVELS_bet23_to_bet27,6.7506,6.7506,6.7506,8.4383,8.4383,4.000000,4.000000,4.000000,5.000000,5.000000,96.000000,96.000000,96.000000,95.000000,95.000000,5.0,37.1285,34.0107,131.6376,134.7554,PENDING_AG03,FALSE,NOT_FOR_ENFORCEMENT,162.0155,234591.6392,168.7661,162.0155,6.7506,0.00062781,0.00060270,6.7506,162.0155,0.00060270,6.7506,6.7506,6.7506,8.4383,8.4383,162.0155,0.00060270,37.1285,34.0107,131.6376,134.7554,0.00048969,0.00050129,0.00002511,43.0246,43.5591,0.0301,2.0581,0.0627,3278.2661,68.4146,17.6798,46.9397,25.7155,39.4976,52.6635,77.1466,82.2897,128.5777,31.4111,0.0,2.083411,3.25533,1.089297,30,192,222,8,0.05498276,0.00062781,0.08642944,0E-8,0.000000,0.909041,0.000000,-0.09079372,2026-03-23,2026-08-06,82,2690,1181,137,0.598540,0.376650,0.410924,0.183276,,,,,,,,GLOBAL_BASELINE_NO_ENTITY_RANKING,,,NOT_APPLICABLE_GLOBAL_BASELINE,HF9g-P5,,,,X 全窗基线 · 不参与实体赏罚,6877776,688,A168_HF9F_20260827_0900,2026-08-27 09:00:00
2026-06-20,70460261,2209,0,190.2949571837,-90.0043716410,-90.0043716410,0.3333333,4,3,0.47644474666661968,0.431135816667,-0.4963035319839006,-0.3420575356522062,-0.4963035319839006,0.04530892999961968,ELIGIBLE,R03b_20260811_FULL_v1,L1_ELIGIBILITY,v2026-08-11,2026-03-21..2026-08-06,baccarat_bet02_101_all_pairs_incl_sentinel,round_win = game_pnl > 0 (decisive only),COMPATIBILITY_ONLY_NOT_PRODUCTION,268817.8208,244366.2908,168.7661,6248,5610,-0.00062781,-0.08642944,0.00436428,-0.00062781,-168.7661,268817.8208,OK,0.0000,6.7506,4.0000,96.0000,AG03-UNRESOLVED,ALL5_LEVELS_bet23_to_bet27,6.7506,6.7506,6.7506,8.4383,8.4383,4.000000,4.000000,4.000000,5.000000,5.000000,96.000000,96.000000,96.000000,95.000000,95.000000,5.0,37.1285,34.0107,131.6376,134.7554,PENDING_AG03,FALSE,NOT_FOR_ENFORCEMENT,162.0155,234591.6392,168.7661,162.0155,6.7506,0.00062781,0.00060270,6.7506,162.0155,0.00060270,6.7506,6.7506,6.7506,8.4383,8.4383,162.0155,0.00060270,37.1285,34.0107,131.6376,134.7554,0.00048969,0.00050129,0.00002511,43.0246,43.5591,0.0301,2.0581,0.0627,3278.2661,68.4146,17.6798,46.9397,25.7155,39.4976,52.6635,77.1466,82.2897,128.5777,31.4111,0.0,2.083411,3.25533,1.089297,30,192,222,8,0.05498276,0.00062781,0.08642944,0E-8,0.000000,0.909041,0.000000,-0.09079372,2026-03-23,2026-08-06,82,2690,1181,137,0.598540,0.376650,0.410924,0.183276,,,,,,,,GLOBAL_BASELINE_NO_ENTITY_RANKING,,,NOT_APPLICABLE_GLOBAL_BASELINE,HF9g-P5,,,,X 全窗基线 · 不参与实体赏罚,6877777,688,A168_HF9F_20260827_0900,2026-08-27 09:00:00
2026-06-20,70460261,2218,0,231.4398127909,0E-10,0E-10,,2,2,0.50665070000000000,0.506650700000,,,,0E-17,NO_DECISIVE_ROUND,R03b_20260811_FULL_v1,L1_ELIGIBILITY,v2026-08-11,2026-03-21..2026-08-06,baccarat_bet02_101_all_pairs_incl_sentinel,round_win = game_pnl > 0 (decisive only),COMPATIBILITY_ONLY_NOT_PRODUCTION,268817.8208,244366.2908,168.7661,6248,5610,-0.00062781,-0.08642944,0.00436428,-0.00062781,-168.7661,268817.8208,OK,0.0000,6.7506,4.0000,96.0000,AG03-UNRESOLVED,ALL5_LEVELS_bet23_to_bet27,6.7506,6.7506,6.7506,8.4383,8.4383,4.000000,4.000000,4.000000,5.000000,5.000000,96.000000,96.000000,96.000000,95.000000,95.000000,5.0,37.1285,34.0107,131.6376,134.7554,PENDING_AG03,FALSE,NOT_FOR_ENFORCEMENT,162.0155,234591.6392,168.7661,162.0155,6.7506,0.00062781,0.00060270,6.7506,162.0155,0.00060270,6.7506,6.7506,6.7506,8.4383,8.4383,162.0155,0.00060270,37.1285,34.0107,131.6376,134.7554,0.00048969,0.00050129,0.00002511,43.0246,43.5591,0.0301,2.0581,0.0627,3278.2661,68.4146,17.6798,46.9397,25.7155,39.4976,52.6635,77.1466,82.2897,128.5777,31.4111,0.0,2.083411,3.25533,1.089297,30,192,222,8,0.05498276,0.00062781,0.08642944,0E-8,0.000000,0.909041,0.000000,-0.09079372,2026-03-23,2026-08-06,82,2690,1181,137,0.598540,0.376650,0.410924,0.183276,,,,,,,,GLOBAL_BASELINE_NO_ENTITY_RANKING,,,NOT_APPLICABLE_GLOBAL_BASELINE,HF9g-P5,,,,X 全窗基线 · 不参与实体赏罚,6877778,688,A168_HF9F_20260827_0900,2026-08-27 09:00:00
2026-06-20,70460261,2222,0,491.1667138118,292.7713631806,292.7713631806,0.8000000,7,6,0.49553239607844153,0.466659058333,1.3616748763731417,1.494071385629057,1.3616748763731417,0.02887333774544153,ELIGIBLE,R03b_20260811_FULL_v1,L1_ELIGIBILITY,v2026-08-11,2026-03-21..2026-08-06,baccarat_bet02_101_all_pairs_incl_sentinel,round_win = game_pnl > 0 (decisive only),COMPATIBILITY_ONLY_NOT_PRODUCTION,268817.8208,244366.2908,168.7661,6248,5610,-0.00062781,-0.08642944,0.00436428,-0.00062781,-168.7661,268817.8208,OK,0.0000,6.7506,4.0000,96.0000,AG03-UNRESOLVED,ALL5_LEVELS_bet23_to_bet27,6.7506,6.7506,6.7506,8.4383,8.4383,4.000000,4.000000,4.000000,5.000000,5.000000,96.000000,96.000000,96.000000,95.000000,95.000000,5.0,37.1285,34.0107,131.6376,134.7554,PENDING_AG03,FALSE,NOT_FOR_ENFORCEMENT,162.0155,234591.6392,168.7661,162.0155,6.7506,0.00062781,0.00060270,6.7506,162.0155,0.00060270,6.7506,6.7506,6.7506,8.4383,8.4383,162.0155,0.00060270,37.1285,34.0107,131.6376,134.7554,0.00048969,0.00050129,0.00002511,43.0246,43.5591,0.0301,2.0581,0.0627,3278.2661,68.4146,17.6798,46.9397,25.7155,39.4976,52.6635,77.1466,82.2897,128.5777,31.4111,0.0,2.083411,3.25533,1.089297,30,192,222,8,0.05498276,0.00062781,0.08642944,0E-8,0.000000,0.909041,0.000000,-0.09079372,2026-03-23,2026-08-06,82,2690,1181,137,0.598540,0.376650,0.410924,0.183276,,,,,,,,GLOBAL_BASELINE_NO_ENTITY_RANKING,,,NOT_APPLICABLE_GLOBAL_BASELINE,HF9g-P5,,,,X 全窗基线 · 不参与实体赏罚,6877779,688,A168_HF9F_20260827_0900,2026-08-27 09:00:00
2026-06-20,70460261,2248,0,180.0087432818,20.5724278037,20.5724278037,0.5000000,3,2,0.46134177000007048,0.393378375000,0.10967027307056387,0.3086711997975373,0.10967027307056387,0.06796339500007048,ELIGIBLE,R03b_20260811_FULL_v1,L1_ELIGIBILITY,v2026-08-11,2026-03-21..2026-08-06,baccarat_bet02_101_all_pairs_incl_sentinel,round_win = game_pnl > 0 (decisive only),COMPATIBILITY_ONLY_NOT_PRODUCTION,268817.8208,244366.2908,168.7661,6248,5610,-0.00062781,-0.08642944,0.00436428,-0.00062781,-168.7661,268817.8208,OK,0.0000,6.7506,4.0000,96.0000,AG03-UNRESOLVED,ALL5_LEVELS_bet23_to_bet27,6.7506,6.7506,6.7506,8.4383,8.4383,4.000000,4.000000,4.000000,5.000000,5.000000,96.000000,96.000000,96.000000,95.000000,95.000000,5.0,37.1285,34.0107,131.6376,134.7554,PENDING_AG03,FALSE,NOT_FOR_ENFORCEMENT,162.0155,234591.6392,168.7661,162.0155,6.7506,0.00062781,0.00060270,6.7506,162.0155,0.00060270,6.7506,6.7506,6.7506,8.4383,8.4383,162.0155,0.00060270,37.1285,34.0107,131.6376,134.7554,0.00048969,0.00050129,0.00002511,43.0246,43.5591,0.0301,2.0581,0.0627,3278.2661,68.4146,17.6798,46.9397,25.7155,39.4976,52.6635,77.1466,82.2897,128.5777,31.4111,0.0,2.083411,3.25533,1.089297,30,192,222,8,0.05498276,0.00062781,0.08642944,0E-8,0.000000,0.909041,0.000000,-0.09079372,2026-03-23,2026-08-06,82,2690,1181,137,0.598540,0.376650,0.410924,0.183276,,,,,,,,GLOBAL_BASELINE_NO_ENTITY_RANKING,,,NOT_APPLICABLE_GLOBAL_BASELINE,HF9g-P5,,,,X 全窗基线 · 不参与实体赏罚,6877780,688,A168_HF9F_20260827_0900,2026-08-27 09:00:00
2026-06-20,70460261,2261,0,343.0452336256,-143.4669683956,-143.4669683956,0.4000000,5,5,0.50396966000000000,0.503969660000,-0.4649811094771361,-0.4649811094771361,-0.4649811094771361,0E-17,ELIGIBLE,R03b_20260811_FULL_v1,L1_ELIGIBILITY,v2026-08-11,2026-03-21..2026-08-06,baccarat_bet02_101_all_pairs_incl_sentinel,round_win = game_pnl > 0 (decisive only),COMPATIBILITY_ONLY_NOT_PRODUCTION,268817.8208,244366.2908,168.7661,6248,5610,-0.00062781,-0.08642944,0.00436428,-0.00062781,-168.7661,268817.8208,OK,0.0000,6.7506,4.0000,96.0000,AG03-UNRESOLVED,ALL5_LEVELS_bet23_to_bet27,6.7506,6.7506,6.7506,8.4383,8.4383,4.000000,4.000000,4.000000,5.000000,5.000000,96.000000,96.000000,96.000000,95.000000,95.000000,5.0,37.1285,34.0107,131.6376,134.7554,PENDING_AG03,FALSE,NOT_FOR_ENFORCEMENT,162.0155,234591.6392,168.7661,162.0155,6.7506,0.00062781,0.00060270,6.7506,162.0155,0.00060270,6.7506,6.7506,6.7506,8.4383,8.4383,162.0155,0.00060270,37.1285,34.0107,131.6376,134.7554,0.00048969,0.00050129,0.00002511,43.0246,43.5591,0.0301,2.0581,0.0627,3278.2661,68.4146,17.6798,46.9397,25.7155,39.4976,52.6635,77.1466,82.2897,128.5777,31.4111,0.0,2.083411,3.25533,1.089297,30,192,222,8,0.05498276,0.00062781,0.08642944,0E-8,0.000000,0.909041,0.000000,-0.09079372,2026-03-23,2026-08-06,82,2690,1181,137,0.598540,0.376650,0.410924,0.183276,,,,,,,,GLOBAL_BASELINE_NO_ENTITY_RANKING,,,NOT_APPLICABLE_GLOBAL_BASELINE,HF9g-P5,,,,X 全窗基线 · 不参与实体赏罚,6877781,688,A168_HF9F_20260827_0900,2026-08-27 09:00:00
2026-06-20,70460261,2272,0,77.1466042636,-77.1466042636,-77.1466042636,0E-7,1,1,0.50665070000000000,0.506650700000,-1.013391052207602,-1.013391052207602,-1.013391052207602,0E-17,ELIGIBLE,R03b_20260811_FULL_v1,L1_ELIGIBILITY,v2026-08-11,2026-03-21..2026-08-06,baccarat_bet02_101_all_pairs_incl_sentinel,round_win = game_pnl > 0 (decisive only),COMPATIBILITY_ONLY_NOT_PRODUCTION,268817.8208,244366.2908,168.7661,6248,5610,-0.00062781,-0.08642944,0.00436428,-0.00062781,-168.7661,268817.8208,OK,0.0000,6.7506,4.0000,96.0000,AG03-UNRESOLVED,ALL5_LEVELS_bet23_to_bet27,6.7506,6.7506,6.7506,8.4383,8.4383,4.000000,4.000000,4.000000,5.000000,5.000000,96.000000,96.000000,96.000000,95.000000,95.000000,5.0,37.1285,34.0107,131.6376,134.7554,PENDING_AG03,FALSE,NOT_FOR_ENFORCEMENT,162.0155,234591.6392,168.7661,162.0155,6.7506,0.00062781,0.00060270,6.7506,162.0155,0.00060270,6.7506,6.7506,6.7506,8.4383,8.4383,162.0155,0.00060270,37.1285,34.0107,131.6376,134.7554,0.00048969,0.00050129,0.00002511,43.0246,43.5591,0.0301,2.0581,0.0627,3278.2661,68.4146,17.6798,46.9397,25.7155,39.4976,52.6635,77.1466,82.2897,128.5777,31.4111,0.0,2.083411,3.25533,1.089297,30,192,222,8,0.05498276,0.00062781,0.08642944,0E-8,0.000000,0.909041,0.000000,-0.09079372,2026-03-23,2026-08-06,82,2690,1181,137,0.598540,0.376650,0.410924,0.183276,,,,,,,,GLOBAL_BASELINE_NO_ENTITY_RANKING,,,NOT_APPLICABLE_GLOBAL_BASELINE,HF9g-P5,,,,X 全窗基线 · 不参与实体赏罚,6877782,688,A168_HF9F_20260827_0900,2026-08-27 09:00:00
2026-06-20,70460261,2278,0,368.2464576851,23.1439812791,23.1439812791,0.5000000,4,4,0.50665070000000000,0.506650700000,-0.018812684590367487,-0.018812684590367487,-0.018812684590367487,0E-17,ELIGIBLE,R03b_20260811_FULL_v1,L1_ELIGIBILITY,v2026-08-11,2026-03-21..2026-08-06,baccarat_bet02_101_all_pairs_incl_sentinel,round_win = game_pnl > 0 (decisive only),COMPATIBILITY_ONLY_NOT_PRODUCTION,268817.8208,244366.2908,168.7661,6248,5610,-0.00062781,-0.08642944,0.00436428,-0.00062781,-168.7661,268817.8208,OK,0.0000,6.7506,4.0000,96.0000,AG03-UNRESOLVED,ALL5_LEVELS_bet23_to_bet27,6.7506,6.7506,6.7506,8.4383,8.4383,4.000000,4.000000,4.000000,5.000000,5.000000,96.000000,96.000000,96.000000,95.000000,95.000000,5.0,37.1285,34.0107,131.6376,134.7554,PENDING_AG03,FALSE,NOT_FOR_ENFORCEMENT,162.0155,234591.6392,168.7661,162.0155,6.7506,0.00062781,0.00060270,6.7506,162.0155,0.00060270,6.7506,6.7506,6.7506,8.4383,8.4383,162.0155,0.00060270,37.1285,34.0107,131.6376,134.7554,0.00048969,0.00050129,0.00002511,43.0246,43.5591,0.0301,2.0581,0.0627,3278.2661,68.4146,17.6798,46.9397,25.7155,39.4976,52.6635,77.1466,82.2897,128.5777,31.4111,0.0,2.083411,3.25533,1.089297,30,192,222,8,0.05498276,0.00062781,0.08642944,0E-8,0.000000,0.909041,0.000000,-0.09079372,2026-03-23,2026-08-06,82,2690,1181,137,0.598540,0.376650,0.410924,0.183276,,,,,,,,GLOBAL_BASELINE_NO_ENTITY_RANKING,,,NOT_APPLICABLE_GLOBAL_BASELINE,HF9g-P5,,,,X 全窗基线 · 不参与实体赏罚,6877783,688,A168_HF9F_20260827_0900,2026-08-27 09:00:00
2026-06-20,70460261,2280,0,52.4596908993,0E-10,0E-10,,1,1,0.50665070000000000,0.506650700000,,,,0E-17,NO_DECISIVE_ROUND,R03b_20260811_FULL_v1,L1_ELIGIBILITY,v2026-08-11,2026-03-21..2026-08-06,baccarat_bet02_101_all_pairs_incl_sentinel,round_win = game_pnl > 0 (decisive only),COMPATIBILITY_ONLY_NOT_PRODUCTION,268817.8208,244366.2908,168.7661,6248,5610,-0.00062781,-0.08642944,0.00436428,-0.00062781,-168.7661,268817.8208,OK,0.0000,6.7506,4.0000,96.0000,AG03-UNRESOLVED,ALL5_LEVELS_bet23_to_bet27,6.7506,6.7506,6.7506,8.4383,8.4383,4.000000,4.000000,4.000000,5.000000,5.000000,96.000000,96.000000,96.000000,95.000000,95.000000,5.0,37.1285,34.0107,131.6376,134.7554,PENDING_AG03,FALSE,NOT_FOR_ENFORCEMENT,162.0155,234591.6392,168.7661,162.0155,6.7506,0.00062781,0.00060270,6.7506,162.0155,0.00060270,6.7506,6.7506,6.7506,8.4383,8.4383,162.0155,0.00060270,37.1285,34.0107,131.6376,134.7554,0.00048969,0.00050129,0.00002511,43.0246,43.5591,0.0301,2.0581,0.0627,3278.2661,68.4146,17.6798,46.9397,25.7155,39.4976,52.6635,77.1466,82.2897,128.5777,31.4111,0.0,2.083411,3.25533,1.089297,30,192,222,8,0.05498276,0.00062781,0.08642944,0E-8,0.000000,0.909041,0.000000,-0.09079372,2026-03-23,2026-08-06,82,2690,1181,137,0.598540,0.376650,0.410924,0.183276,,,,,,,,GLOBAL_BASELINE_NO_ENTITY_RANKING,,,NOT_APPLICABLE_GLOBAL_BASELINE,HF9g-P5,,,,X 全窗基线 · 不参与实体赏罚,6877784,688,A168_HF9F_20260827_0900,2026-08-27 09:00:00
2026-06-20,70460261,462,0,102.8621390182,48.8595160336,48.8595160336,1.0000000,2,2,0.50665070000000000,0.506650700000,0.9867858985152569,0.9867858985152569,0.9867858985152569,0E-17,ELIGIBLE,R03b_20260811_FULL_v1,L1_ELIGIBILITY,v2026-08-11,2026-03-21..2026-08-06,baccarat_bet02_101_all_pairs_incl_sentinel,round_win = game_pnl > 0 (decisive only),COMPATIBILITY_ONLY_NOT_PRODUCTION,268817.8208,244366.2908,168.7661,6248,5610,-0.00062781,-0.08642944,0.00436428,-0.00062781,-168.7661,268817.8208,OK,0.0000,6.7506,4.0000,96.0000,AG03-UNRESOLVED,ALL5_LEVELS_bet23_to_bet27,6.7506,6.7506,6.7506,8.4383,8.4383,4.000000,4.000000,4.000000,5.000000,5.000000,96.000000,96.000000,96.000000,95.000000,95.000000,5.0,37.1285,34.0107,131.6376,134.7554,PENDING_AG03,FALSE,NOT_FOR_ENFORCEMENT,162.0155,234591.6392,168.7661,162.0155,6.7506,0.00062781,0.00060270,6.7506,162.0155,0.00060270,6.7506,6.7506,6.7506,8.4383,8.4383,162.0155,0.00060270,37.1285,34.0107,131.6376,134.7554,0.00048969,0.00050129,0.00002511,43.0246,43.5591,0.0301,2.0581,0.0627,3278.2661,68.4146,17.6798,46.9397,25.7155,39.4976,52.6635,77.1466,82.2897,128.5777,31.4111,0.0,2.083411,3.25533,1.089297,30,192,222,8,0.05498276,0.00062781,0.08642944,0E-8,0.000000,0.909041,0.000000,-0.09079372,2026-03-23,2026-08-06,82,2690,1181,137,0.598540,0.376650,0.410924,0.183276,,,,,,,,GLOBAL_BASELINE_NO_ENTITY_RANKING,,,NOT_APPLICABLE_GLOBAL_BASELINE,HF9g-P5,,,,X 全窗基线 · 不参与实体赏罚,6877785,688,A168_HF9F_20260827_0900,2026-08-27 09:00:00
2026-06-20,70460261,529,0,92.5759251164,0E-10,0E-10,,1,1,0.50665070000000000,0.506650700000,,,,0E-17,NO_DECISIVE_ROUND,R03b_20260811_FULL_v1,L1_ELIGIBILITY,v2026-08-11,2026-03-21..2026-08-06,baccarat_bet02_101_all_pairs_incl_sentinel,round_win = game_pnl > 0 (decisive only),COMPATIBILITY_ONLY_NOT_PRODUCTION,268817.8208,244366.2908,168.7661,6248,5610,-0.00062781,-0.08642944,0.00436428,-0.00062781,-168.7661,268817.8208,OK,0.0000,6.7506,4.0000,96.0000,AG03-UNRESOLVED,ALL5_LEVELS_bet23_to_bet27,6.7506,6.7506,6.7506,8.4383,8.4383,4.000000,4.000000,4.000000,5.000000,5.000000,96.000000,96.000000,96.000000,95.000000,95.000000,5.0,37.1285,34.0107,131.6376,134.7554,PENDING_AG03,FALSE,NOT_FOR_ENFORCEMENT,162.0155,234591.6392,168.7661,162.0155,6.7506,0.00062781,0.00060270,6.7506,162.0155,0.00060270,6.7506,6.7506,6.7506,8.4383,8.4383,162.0155,0.00060270,37.1285,34.0107,131.6376,134.7554,0.00048969,0.00050129,0.00002511,43.0246,43.5591,0.0301,2.0581,0.0627,3278.2661,68.4146,17.6798,46.9397,25.7155,39.4976,52.6635,77.1466,82.2897,128.5777,31.4111,0.0,2.083411,3.25533,1.089297,30,192,222,8,0.05498276,0.00062781,0.08642944,0E-8,0.000000,0.909041,0.000000,-0.09079372,2026-03-23,2026-08-06,82,2690,1181,137,0.598540,0.376650,0.410924,0.183276,,,,,,,,GLOBAL_BASELINE_NO_ENTITY_RANKING,,,NOT_APPLICABLE_GLOBAL_BASELINE,HF9g-P5,,,,X 全窗基线 · 不参与实体赏罚,6877786,688,A168_HF9F_20260827_0900,2026-08-27 09:00:00
2026-06-20,70460261,763,0,92.5759251164,-92.5759251164,-92.5759251164,0E-7,1,1,0.50665070000000000,0.506650700000,-1.013391052207602,-1.013391052207602,-1.013391052207602,0E-17,ELIGIBLE,R03b_20260811_FULL_v1,L1_ELIGIBILITY,v2026-08-11,2026-03-21..2026-08-06,baccarat_bet02_101_all_pairs_incl_sentinel,round_win = game_pnl > 0 (decisive only),COMPATIBILITY_ONLY_NOT_PRODUCTION,268817.8208,244366.2908,168.7661,6248,5610,-0.00062781,-0.08642944,0.00436428,-0.00062781,-168.7661,268817.8208,OK,0.0000,6.7506,4.0000,96.0000,AG03-UNRESOLVED,ALL5_LEVELS_bet23_to_bet27,6.7506,6.7506,6.7506,8.4383,8.4383,4.000000,4.000000,4.000000,5.000000,5.000000,96.000000,96.000000,96.000000,95.000000,95.000000,5.0,37.1285,34.0107,131.6376,134.7554,PENDING_AG03,FALSE,NOT_FOR_ENFORCEMENT,162.0155,234591.6392,168.7661,162.0155,6.7506,0.00062781,0.00060270,6.7506,162.0155,0.00060270,6.7506,6.7506,6.7506,8.4383,8.4383,162.0155,0.00060270,37.1285,34.0107,131.6376,134.7554,0.00048969,0.00050129,0.00002511,43.0246,43.5591,0.0301,2.0581,0.0627,3278.2661,68.4146,17.6798,46.9397,25.7155,39.4976,52.6635,77.1466,82.2897,128.5777,31.4111,0.0,2.083411,3.25533,1.089297,30,192,222,8,0.05498276,0.00062781,0.08642944,0E-8,0.000000,0.909041,0.000000,-0.09079372,2026-03-23,2026-08-06,82,2690,1181,137,0.598540,0.376650,0.410924,0.183276,,,,,,,,GLOBAL_BASELINE_NO_ENTITY_RANKING,,,NOT_APPLICABLE_GLOBAL_BASELINE,HF9g-P5,,,,X 全窗基线 · 不参与实体赏罚,6877787,688,A168_HF9F_20260827_0900,2026-08-27 09:00:00
2026-06-20,70460261,948,0,87.4328181655,-87.4328181655,-87.4328181655,0E-7,1,1,0.50665070000000000,0.506650700000,-1.013391052207602,-1.013391052207602,-1.013391052207602,0E-17,ELIGIBLE,R03b_20260811_FULL_v1,L1_ELIGIBILITY,v2026-08-11,2026-03-21..2026-08-06,baccarat_bet02_101_all_pairs_incl_sentinel,round_win = game_pnl > 0 (decisive only),COMPATIBILITY_ONLY_NOT_PRODUCTION,268817.8208,244366.2908,168.7661,6248,5610,-0.00062781,-0.08642944,0.00436428,-0.00062781,-168.7661,268817.8208,OK,0.0000,6.7506,4.0000,96.0000,AG03-UNRESOLVED,ALL5_LEVELS_bet23_to_bet27,6.7506,6.7506,6.7506,8.4383,8.4383,4.000000,4.000000,4.000000,5.000000,5.000000,96.000000,96.000000,96.000000,95.000000,95.000000,5.0,37.1285,34.0107,131.6376,134.7554,PENDING_AG03,FALSE,NOT_FOR_ENFORCEMENT,162.0155,234591.6392,168.7661,162.0155,6.7506,0.00062781,0.00060270,6.7506,162.0155,0.00060270,6.7506,6.7506,6.7506,8.4383,8.4383,162.0155,0.00060270,37.1285,34.0107,131.6376,134.7554,0.00048969,0.00050129,0.00002511,43.0246,43.5591,0.0301,2.0581,0.0627,3278.2661,68.4146,17.6798,46.9397,25.7155,39.4976,52.6635,77.1466,82.2897,128.5777,31.4111,0.0,2.083411,3.25533,1.089297,30,192,222,8,0.05498276,0.00062781,0.08642944,0E-8,0.000000,0.909041,0.000000,-0.09079372,2026-03-23,2026-08-06,82,2690,1181,137,0.598540,0.376650,0.410924,0.183276,,,,,,,,GLOBAL_BASELINE_NO_ENTITY_RANKING,,,NOT_APPLICABLE_GLOBAL_BASELINE,HF9g-P5,,,,X 全窗基线 · 不参与实体赏罚,6877788,688,A168_HF9F_20260827_0900,2026-08-27 09:00:00
2026-06-20,70460261,970,0,265.8986293621,-213.4389384628,-213.4389384628,0E-7,4,4,0.50329940000000000,0.503299400000,-1.743518224870635,-1.743518224870635,-1.743518224870635,0E-17,ELIGIBLE,R03b_20260811_FULL_v1,L1_ELIGIBILITY,v2026-08-11,2026-03-21..2026-08-06,baccarat_bet02_101_all_pairs_incl_sentinel,round_win = game_pnl > 0 (decisive only),COMPATIBILITY_ONLY_NOT_PRODUCTION,268817.8208,244366.2908,168.7661,6248,5610,-0.00062781,-0.08642944,0.00436428,-0.00062781,-168.7661,268817.8208,OK,0.0000,6.7506,4.0000,96.0000,AG03-UNRESOLVED,ALL5_LEVELS_bet23_to_bet27,6.7506,6.7506,6.7506,8.4383,8.4383,4.000000,4.000000,4.000000,5.000000,5.000000,96.000000,96.000000,96.000000,95.000000,95.000000,5.0,37.1285,34.0107,131.6376,134.7554,PENDING_AG03,FALSE,NOT_FOR_ENFORCEMENT,162.0155,234591.6392,168.7661,162.0155,6.7506,0.00062781,0.00060270,6.7506,162.0155,0.00060270,6.7506,6.7506,6.7506,8.4383,8.4383,162.0155,0.00060270,37.1285,34.0107,131.6376,134.7554,0.00048969,0.00050129,0.00002511,43.0246,43.5591,0.0301,2.0581,0.0627,3278.2661,68.4146,17.6798,46.9397,25.7155,39.4976,52.6635,77.1466,82.2897,128.5777,31.4111,0.0,2.083411,3.25533,1.089297,30,192,222,8,0.05498276,0.00062781,0.08642944,0E-8,0.000000,0.909041,0.000000,-0.09079372,2026-03-23,2026-08-06,82,2690,1181,137,0.598540,0.376650,0.410924,0.183276,,,,,,,,GLOBAL_BASELINE_NO_ENTITY_RANKING,,,NOT_APPLICABLE_GLOBAL_BASELINE,HF9g-P5,,,,X 全窗基线 · 不参与实体赏罚,6877789,688,A168_HF9F_20260827_0900,2026-08-27 09:00:00
2026-06-21,70460261,-1,1,1378.3526628434,51.7267981589,51.7267981589,0.5555556,19,19,0.50382855263157895,0.503828552632,0.43893104218486845,0.4389310421812984,0.43893104218486845,-4.2105E-13,SENTINEL_DEALER,R03b_20260811_FULL_v1,L1_ELIGIBILITY,v2026-08-11,2026-03-21..2026-08-06,baccarat_bet02_101_all_pairs_incl_sentinel,round_win = game_pnl > 0 (decisive only),COMPATIBILITY_ONLY_NOT_PRODUCTION,268817.8208,244366.2908,168.7661,6248,5610,-0.00062781,-0.08642944,0.00436428,-0.00062781,-168.7661,268817.8208,OK,0.0000,6.7506,4.0000,96.0000,AG03-UNRESOLVED,ALL5_LEVELS_bet23_to_bet27,6.7506,6.7506,6.7506,8.4383,8.4383,4.000000,4.000000,4.000000,5.000000,5.000000,96.000000,96.000000,96.000000,95.000000,95.000000,5.0,37.1285,34.0107,131.6376,134.7554,PENDING_AG03,FALSE,NOT_FOR_ENFORCEMENT,162.0155,234591.6392,168.7661,162.0155,6.7506,0.00062781,0.00060270,6.7506,162.0155,0.00060270,6.7506,6.7506,6.7506,8.4383,8.4383,162.0155,0.00060270,37.1285,34.0107,131.6376,134.7554,0.00048969,0.00050129,0.00002511,43.0246,43.5591,0.0301,2.0581,0.0627,3278.2661,68.4146,17.6798,46.9397,25.7155,39.4976,52.6635,77.1466,82.2897,128.5777,31.4111,0.0,2.083411,3.25533,1.089297,30,192,222,8,0.05498276,0.00062781,0.08642944,0E-8,0.000000,0.909041,0.000000,-0.09079372,2026-03-23,2026-08-06,82,2690,1181,137,0.598540,0.376650,0.410924,0.183276,,,,,,,,GLOBAL_BASELINE_NO_ENTITY_RANKING,,,NOT_APPLICABLE_GLOBAL_BASELINE,HF9g-P5,,,,X 全窗基线 · 不参与实体赏罚,6877790,688,A168_HF9F_20260827_0900,2026-08-27 09:00:00
2026-06-21,70460261,1004,0,203.1527245609,-57.7313755239,-57.7313755239,0.3333333,3,3,0.50665070000000000,0.506650700000,-0.6004420894325239,-0.6004420894325239,-0.6004420894325239,0E-17,ELIGIBLE,R03b_20260811_FULL_v1,L1_ELIGIBILITY,v2026-08-11,2026-03-21..2026-08-06,baccarat_bet02_101_all_pairs_incl_sentinel,round_win = game_pnl > 0 (decisive only),COMPATIBILITY_ONLY_NOT_PRODUCTION,268817.8208,244366.2908,168.7661,6248,5610,-0.00062781,-0.08642944,0.00436428,-0.00062781,-168.7661,268817.8208,OK,0.0000,6.7506,4.0000,96.0000,AG03-UNRESOLVED,ALL5_LEVELS_bet23_to_bet27,6.7506,6.7506,6.7506,8.4383,8.4383,4.000000,4.000000,4.000000,5.000000,5.000000,96.000000,96.000000,96.000000,95.000000,95.000000,5.0,37.1285,34.0107,131.6376,134.7554,PENDING_AG03,FALSE,NOT_FOR_ENFORCEMENT,162.0155,234591.6392,168.7661,162.0155,6.7506,0.00062781,0.00060270,6.7506,162.0155,0.00060270,6.7506,6.7506,6.7506,8.4383,8.4383,162.0155,0.00060270,37.1285,34.0107,131.6376,134.7554,0.00048969,0.00050129,0.00002511,43.0246,43.5591,0.0301,2.0581,0.0627,3278.2661,68.4146,17.6798,46.9397,25.7155,39.4976,52.6635,77.1466,82.2897,128.5777,31.4111,0.0,2.083411,3.25533,1.089297,30,192,222,8,0.05498276,0.00062781,0.08642944,0E-8,0.000000,0.909041,0.000000,-0.09079372,2026-03-23,2026-08-06,82,2690,1181,137,0.598540,0.376650,0.410924,0.183276,,,,,,,,GLOBAL_BASELINE_NO_ENTITY_RANKING,,,NOT_APPLICABLE_GLOBAL_BASELINE,HF9g-P5,,,,X 全窗基线 · 不参与实体赏罚,6877791,688,A168_HF9F_20260827_0900,2026-08-27 09:00:00
2026-06-21,70460261,1205,0,128.5776737727,-128.5776737727,-128.5776737727,0E-7,1,1,0.49324550000000000,0.493245500000,-0.9865810262130424,-0.9865810262130424,-0.9865810262130424,0E-17,ELIGIBLE,R03b_20260811_FULL_v1,L1_ELIGIBILITY,v2026-08-11,2026-03-21..2026-08-06,baccarat_bet02_101_all_pairs_incl_sentinel,round_win = game_pnl > 0 (decisive only),COMPATIBILITY_ONLY_NOT_PRODUCTION,268817.8208,244366.2908,168.7661,6248,5610,-0.00062781,-0.08642944,0.00436428,-0.00062781,-168.7661,268817.8208,OK,0.0000,6.7506,4.0000,96.0000,AG03-UNRESOLVED,ALL5_LEVELS_bet23_to_bet27,6.7506,6.7506,6.7506,8.4383,8.4383,4.000000,4.000000,4.000000,5.000000,5.000000,96.000000,96.000000,96.000000,95.000000,95.000000,5.0,37.1285,34.0107,131.6376,134.7554,PENDING_AG03,FALSE,NOT_FOR_ENFORCEMENT,162.0155,234591.6392,168.7661,162.0155,6.7506,0.00062781,0.00060270,6.7506,162.0155,0.00060270,6.7506,6.7506,6.7506,8.4383,8.4383,162.0155,0.00060270,37.1285,34.0107,131.6376,134.7554,0.00048969,0.00050129,0.00002511,43.0246,43.5591,0.0301,2.0581,0.0627,3278.2661,68.4146,17.6798,46.9397,25.7155,39.4976,52.6635,77.1466,82.2897,128.5777,31.4111,0.0,2.083411,3.25533,1.089297,30,192,222,8,0.05498276,0.00062781,0.08642944,0E-8,0.000000,0.909041,0.000000,-0.09079372,2026-03-23,2026-08-06,82,2690,1181,137,0.598540,0.376650,0.410924,0.183276,,,,,,,,GLOBAL_BASELINE_NO_ENTITY_RANKING,,,NOT_APPLICABLE_GLOBAL_BASELINE,HF9g-P5,,,,X 全窗基线 · 不参与实体赏罚,6877792,688,A168_HF9F_20260827_0900,2026-08-27 09:00:00
2026-06-21,70460261,1299,0,74.5750507882,-74.5750507882,-74.5750507882,0E-7,1,1,0.50665070000000000,0.506650700000,-1.013391052207602,-1.013391052207602,-1.013391052207602,0E-17,ELIGIBLE,R03b_20260811_FULL_v1,L1_ELIGIBILITY,v2026-08-11,2026-03-21..2026-08-06,baccarat_bet02_101_all_pairs_incl_sentinel,round_win = game_pnl > 0 (decisive only),COMPATIBILITY_ONLY_NOT_PRODUCTION,268817.8208,244366.2908,168.7661,6248,5610,-0.00062781,-0.08642944,0.00436428,-0.00062781,-168.7661,268817.8208,OK,0.0000,6.7506,4.0000,96.0000,AG03-UNRESOLVED,ALL5_LEVELS_bet23_to_bet27,6.7506,6.7506,6.7506,8.4383,8.4383,4.000000,4.000000,4.000000,5.000000,5.000000,96.000000,96.000000,96.000000,95.000000,95.000000,5.0,37.1285,34.0107,131.6376,134.7554,PENDING_AG03,FALSE,NOT_FOR_ENFORCEMENT,162.0155,234591.6392,168.7661,162.0155,6.7506,0.00062781,0.00060270,6.7506,162.0155,0.00060270,6.7506,6.7506,6.7506,8.4383,8.4383,162.0155,0.00060270,37.1285,34.0107,131.6376,134.7554,0.00048969,0.00050129,0.00002511,43.0246,43.5591,0.0301,2.0581,0.0627,3278.2661,68.4146,17.6798,46.9397,25.7155,39.4976,52.6635,77.1466,82.2897,128.5777,31.4111,0.0,2.083411,3.25533,1.089297,30,192,222,8,0.05498276,0.00062781,0.08642944,0E-8,0.000000,0.909041,0.000000,-0.09079372,2026-03-23,2026-08-06,82,2690,1181,137,0.598540,0.376650,0.410924,0.183276,,,,,,,,GLOBAL_BASELINE_NO_ENTITY_RANKING,,,NOT_APPLICABLE_GLOBAL_BASELINE,HF9g-P5,,,,X 全窗基线 · 不参与实体赏罚,6877793,688,A168_HF9F_20260827_0900,2026-08-27 09:00:00
2026-06-21,70460261,1353,0,167.1509759046,-2.5715534755,-2.5715534755,0.5000000,3,3,0.50665070000000000,0.506650700000,-0.018812684590367487,-0.018812684590367487,-0.018812684590367487,0E-17,ELIGIBLE,R03b_20260811_FULL_v1,L1_ELIGIBILITY,v2026-08-11,2026-03-21..2026-08-06,baccarat_bet02_101_all_pairs_incl_sentinel,round_win = game_pnl > 0 (decisive only),COMPATIBILITY_ONLY_NOT_PRODUCTION,268817.8208,244366.2908,168.7661,6248,5610,-0.00062781,-0.08642944,0.00436428,-0.00062781,-168.7661,268817.8208,OK,0.0000,6.7506,4.0000,96.0000,AG03-UNRESOLVED,ALL5_LEVELS_bet23_to_bet27,6.7506,6.7506,6.7506,8.4383,8.4383,4.000000,4.000000,4.000000,5.000000,5.000000,96.000000,96.000000,96.000000,95.000000,95.000000,5.0,37.1285,34.0107,131.6376,134.7554,PENDING_AG03,FALSE,NOT_FOR_ENFORCEMENT,162.0155,234591.6392,168.7661,162.0155,6.7506,0.00062781,0.00060270,6.7506,162.0155,0.00060270,6.7506,6.7506,6.7506,8.4383,8.4383,162.0155,0.00060270,37.1285,34.0107,131.6376,134.7554,0.00048969,0.00050129,0.00002511,43.0246,43.5591,0.0301,2.0581,0.0627,3278.2661,68.4146,17.6798,46.9397,25.7155,39.4976,52.6635,77.1466,82.2897,128.5777,31.4111,0.0,2.083411,3.25533,1.089297,30,192,222,8,0.05498276,0.00062781,0.08642944,0E-8,0.000000,0.909041,0.000000,-0.09079372,2026-03-23,2026-08-06,82,2690,1181,137,0.598540,0.376650,0.410924,0.183276,,,,,,,,GLOBAL_BASELINE_NO_ENTITY_RANKING,,,NOT_APPLICABLE_GLOBAL_BASELINE,HF9g-P5,,,,X 全窗基线 · 不参与实体赏罚,6877794,688,A168_HF9F_20260827_0900,2026-08-27 09:00:00
2026-06-21,70460261,1396,0,51.4310695091,-51.4310695091,-51.4310695091,0E-7,1,1,0.50665070000000000,0.506650700000,-1.013391052207602,-1.013391052207602,-1.013391052207602,0E-17,ELIGIBLE,R03b_20260811_FULL_v1,L1_ELIGIBILITY,v2026-08-11,2026-03-21..2026-08-06,baccarat_bet02_101_all_pairs_incl_sentinel,round_win = game_pnl > 0 (decisive only),COMPATIBILITY_ONLY_NOT_PRODUCTION,268817.8208,244366.2908,168.7661,6248,5610,-0.00062781,-0.08642944,0.00436428,-0.00062781,-168.7661,268817.8208,OK,0.0000,6.7506,4.0000,96.0000,AG03-UNRESOLVED,ALL5_LEVELS_bet23_to_bet27,6.7506,6.7506,6.7506,8.4383,8.4383,4.000000,4.000000,4.000000,5.000000,5.000000,96.000000,96.000000,96.000000,95.000000,95.000000,5.0,37.1285,34.0107,131.6376,134.7554,PENDING_AG03,FALSE,NOT_FOR_ENFORCEMENT,162.0155,234591.6392,168.7661,162.0155,6.7506,0.00062781,0.00060270,6.7506,162.0155,0.00060270,6.7506,6.7506,6.7506,8.4383,8.4383,162.0155,0.00060270,37.1285,34.0107,131.6376,134.7554,0.00048969,0.00050129,0.00002511,43.0246,43.5591,0.0301,2.0581,0.0627,3278.2661,68.4146,17.6798,46.9397,25.7155,39.4976,52.6635,77.1466,82.2897,128.5777,31.4111,0.0,2.083411,3.25533,1.089297,30,192,222,8,0.05498276,0.00062781,0.08642944,0E-8,0.000000,0.909041,0.000000,-0.09079372,2026-03-23,2026-08-06,82,2690,1181,137,0.598540,0.376650,0.410924,0.183276,,,,,,,,GLOBAL_BASELINE_NO_ENTITY_RANKING,,,NOT_APPLICABLE_GLOBAL_BASELINE,HF9g-P5,,,,X 全窗基线 · 不参与实体赏罚,6877795,688,A168_HF9F_20260827_0900,2026-08-27 09:00:00
2026-06-21,70460261,1405,0,226.2967058399,5.1431069509,5.1431069509,0.5000000,3,3,0.50218230000000000,0.502182300000,-0.00617253530718887,-0.00617253530718887,-0.00617253530718887,0E-17,ELIGIBLE,R03b_20260811_FULL_v1,L1_ELIGIBILITY,v2026-08-11,2026-03-21..2026-08-06,baccarat_bet02_101_all_pairs_incl_sentinel,round_win = game_pnl > 0 (decisive only),COMPATIBILITY_ONLY_NOT_PRODUCTION,268817.8208,244366.2908,168.7661,6248,5610,-0.00062781,-0.08642944,0.00436428,-0.00062781,-168.7661,268817.8208,OK,0.0000,6.7506,4.0000,96.0000,AG03-UNRESOLVED,ALL5_LEVELS_bet23_to_bet27,6.7506,6.7506,6.7506,8.4383,8.4383,4.000000,4.000000,4.000000,5.000000,5.000000,96.000000,96.000000,96.000000,95.000000,95.000000,5.0,37.1285,34.0107,131.6376,134.7554,PENDING_AG03,FALSE,NOT_FOR_ENFORCEMENT,162.0155,234591.6392,168.7661,162.0155,6.7506,0.00062781,0.00060270,6.7506,162.0155,0.00060270,6.7506,6.7506,6.7506,8.4383,8.4383,162.0155,0.00060270,37.1285,34.0107,131.6376,134.7554,0.00048969,0.00050129,0.00002511,43.0246,43.5591,0.0301,2.0581,0.0627,3278.2661,68.4146,17.6798,46.9397,25.7155,39.4976,52.6635,77.1466,82.2897,128.5777,31.4111,0.0,2.083411,3.25533,1.089297,30,192,222,8,0.05498276,0.00062781,0.08642944,0E-8,0.000000,0.909041,0.000000,-0.09079372,2026-03-23,2026-08-06,82,2690,1181,137,0.598540,0.376650,0.410924,0.183276,,,,,,,,GLOBAL_BASELINE_NO_ENTITY_RANKING,,,NOT_APPLICABLE_GLOBAL_BASELINE,HF9g-P5,,,,X 全窗基线 · 不参与实体赏罚,6877796,688,A168_HF9F_20260827_0900,2026-08-27 09:00:00
2026-06-21,70460261,1704,0,28.2870882300,-28.2870882300,-28.2870882300,0E-7,1,1,0.49324550000000000,0.493245500000,-0.9865810262130424,-0.9865810262130424,-0.9865810262130424,0E-17,ELIGIBLE,R03b_20260811_FULL_v1,L1_ELIGIBILITY,v2026-08-11,2026-03-21..2026-08-06,baccarat_bet02_101_all_pairs_incl_sentinel,round_win = game_pnl > 0 (decisive only),COMPATIBILITY_ONLY_NOT_PRODUCTION,268817.8208,244366.2908,168.7661,6248,5610,-0.00062781,-0.08642944,0.00436428,-0.00062781,-168.7661,268817.8208,OK,0.0000,6.7506,4.0000,96.0000,AG03-UNRESOLVED,ALL5_LEVELS_bet23_to_bet27,6.7506,6.7506,6.7506,8.4383,8.4383,4.000000,4.000000,4.000000,5.000000,5.000000,96.000000,96.000000,96.000000,95.000000,95.000000,5.0,37.1285,34.0107,131.6376,134.7554,PENDING_AG03,FALSE,NOT_FOR_ENFORCEMENT,162.0155,234591.6392,168.7661,162.0155,6.7506,0.00062781,0.00060270,6.7506,162.0155,0.00060270,6.7506,6.7506,6.7506,8.4383,8.4383,162.0155,0.00060270,37.1285,34.0107,131.6376,134.7554,0.00048969,0.00050129,0.00002511,43.0246,43.5591,0.0301,2.0581,0.0627,3278.2661,68.4146,17.6798,46.9397,25.7155,39.4976,52.6635,77.1466,82.2897,128.5777,31.4111,0.0,2.083411,3.25533,1.089297,30,192,222,8,0.05498276,0.00062781,0.08642944,0E-8,0.000000,0.909041,0.000000,-0.09079372,2026-03-23,2026-08-06,82,2690,1181,137,0.598540,0.376650,0.410924,0.183276,,,,,,,,GLOBAL_BASELINE_NO_ENTITY_RANKING,,,NOT_APPLICABLE_GLOBAL_BASELINE,HF9g-P5,,,,X 全窗基线 · 不参与实体赏罚,6877797,688,A168_HF9F_20260827_0900,2026-08-27 09:00:00
2026-06-21,70460261,1957,0,126.0061202972,73.2892740505,73.2892740505,1.0000000,2,2,0.50665070000000000,0.506650700000,0.9867858985152569,0.9867858985152569,0.9867858985152569,0E-17,ELIGIBLE,R03b_20260811_FULL_v1,L1_ELIGIBILITY,v2026-08-11,2026-03-21..2026-08-06,baccarat_bet02_101_all_pairs_incl_sentinel,round_win = game_pnl > 0 (decisive only),COMPATIBILITY_ONLY_NOT_PRODUCTION,268817.8208,244366.2908,168.7661,6248,5610,-0.00062781,-0.08642944,0.00436428,-0.00062781,-168.7661,268817.8208,OK,0.0000,6.7506,4.0000,96.0000,AG03-UNRESOLVED,ALL5_LEVELS_bet23_to_bet27,6.7506,6.7506,6.7506,8.4383,8.4383,4.000000,4.000000,4.000000,5.000000,5.000000,96.000000,96.000000,96.000000,95.000000,95.000000,5.0,37.1285,34.0107,131.6376,134.7554,PENDING_AG03,FALSE,NOT_FOR_ENFORCEMENT,162.0155,234591.6392,168.7661,162.0155,6.7506,0.00062781,0.00060270,6.7506,162.0155,0.00060270,6.7506,6.7506,6.7506,8.4383,8.4383,162.0155,0.00060270,37.1285,34.0107,131.6376,134.7554,0.00048969,0.00050129,0.00002511,43.0246,43.5591,0.0301,2.0581,0.0627,3278.2661,68.4146,17.6798,46.9397,25.7155,39.4976,52.6635,77.1466,82.2897,128.5777,31.4111,0.0,2.083411,3.25533,1.089297,30,192,222,8,0.05498276,0.00062781,0.08642944,0E-8,0.000000,0.909041,0.000000,-0.09079372,2026-03-23,2026-08-06,82,2690,1181,137,0.598540,0.376650,0.410924,0.183276,,,,,,,,GLOBAL_BASELINE_NO_ENTITY_RANKING,,,NOT_APPLICABLE_GLOBAL_BASELINE,HF9g-P5,,,,X 全窗基线 · 不参与实体赏罚,6877798,688,A168_HF9F_20260827_0900,2026-08-27 09:00:00
2026-06-21,70460261,1966,0,126.2632756448,-10.2862139018,-10.2862139018,0.5000000,3,3,0.50218230000000000,0.502182300000,-0.00617253530718887,-0.00617253530718887,-0.00617253530718887,0E-17,ELIGIBLE,R03b_20260811_FULL_v1,L1_ELIGIBILITY,v2026-08-11,2026-03-21..2026-08-06,baccarat_bet02_101_all_pairs_incl_sentinel,round_win = game_pnl > 0 (decisive only),COMPATIBILITY_ONLY_NOT_PRODUCTION,268817.8208,244366.2908,168.7661,6248,5610,-0.00062781,-0.08642944,0.00436428,-0.00062781,-168.7661,268817.8208,OK,0.0000,6.7506,4.0000,96.0000,AG03-UNRESOLVED,ALL5_LEVELS_bet23_to_bet27,6.7506,6.7506,6.7506,8.4383,8.4383,4.000000,4.000000,4.000000,5.000000,5.000000,96.000000,96.000000,96.000000,95.000000,95.000000,5.0,37.1285,34.0107,131.6376,134.7554,PENDING_AG03,FALSE,NOT_FOR_ENFORCEMENT,162.0155,234591.6392,168.7661,162.0155,6.7506,0.00062781,0.00060270,6.7506,162.0155,0.00060270,6.7506,6.7506,6.7506,8.4383,8.4383,162.0155,0.00060270,37.1285,34.0107,131.6376,134.7554,0.00048969,0.00050129,0.00002511,43.0246,43.5591,0.0301,2.0581,0.0627,3278.2661,68.4146,17.6798,46.9397,25.7155,39.4976,52.6635,77.1466,82.2897,128.5777,31.4111,0.0,2.083411,3.25533,1.089297,30,192,222,8,0.05498276,0.00062781,0.08642944,0E-8,0.000000,0.909041,0.000000,-0.09079372,2026-03-23,2026-08-06,82,2690,1181,137,0.598540,0.376650,0.410924,0.183276,,,,,,,,GLOBAL_BASELINE_NO_ENTITY_RANKING,,,NOT_APPLICABLE_GLOBAL_BASELINE,HF9g-P5,,,,X 全窗基线 · 不参与实体赏罚,6877799,688,A168_HF9F_20260827_0900,2026-08-27 09:00:00
2026-06-21,70460261,2034,0,92.5759251163,-11.7005683133,-11.7005683133,0.5000000,3,3,0.50665070000000000,0.506650700000,-0.018812684590367487,-0.018812684590367487,-0.018812684590367487,0E-17,ELIGIBLE,R03b_20260811_FULL_v1,L1_ELIGIBILITY,v2026-08-11,2026-03-21..2026-08-06,baccarat_bet02_101_all_pairs_incl_sentinel,round_win = game_pnl > 0 (decisive only),COMPATIBILITY_ONLY_NOT_PRODUCTION,268817.8208,244366.2908,168.7661,6248,5610,-0.00062781,-0.08642944,0.00436428,-0.00062781,-168.7661,268817.8208,OK,0.0000,6.7506,4.0000,96.0000,AG03-UNRESOLVED,ALL5_LEVELS_bet23_to_bet27,6.7506,6.7506,6.7506,8.4383,8.4383,4.000000,4.000000,4.000000,5.000000,5.000000,96.000000,96.000000,96.000000,95.000000,95.000000,5.0,37.1285,34.0107,131.6376,134.7554,PENDING_AG03,FALSE,NOT_FOR_ENFORCEMENT,162.0155,234591.6392,168.7661,162.0155,6.7506,0.00062781,0.00060270,6.7506,162.0155,0.00060270,6.7506,6.7506,6.7506,8.4383,8.4383,162.0155,0.00060270,37.1285,34.0107,131.6376,134.7554,0.00048969,0.00050129,0.00002511,43.0246,43.5591,0.0301,2.0581,0.0627,3278.2661,68.4146,17.6798,46.9397,25.7155,39.4976,52.6635,77.1466,82.2897,128.5777,31.4111,0.0,2.083411,3.25533,1.089297,30,192,222,8,0.05498276,0.00062781,0.08642944,0E-8,0.000000,0.909041,0.000000,-0.09079372,2026-03-23,2026-08-06,82,2690,1181,137,0.598540,0.376650,0.410924,0.183276,,,,,,,,GLOBAL_BASELINE_NO_ENTITY_RANKING,,,NOT_APPLICABLE_GLOBAL_BASELINE,HF9g-P5,,,,X 全窗基线 · 不参与实体赏罚,6877800,688,A168_HF9F_20260827_0900,2026-08-27 09:00:00
2026-06-21,70460261,2118,0,264.8700079718,142.7212178877,142.7212178877,0.7500000,4,4,0.49994810000000000,0.499948100000,1.0002076053883384,1.0002076053883384,1.0002076053883384,0E-17,ELIGIBLE,R03b_20260811_FULL_v1,L1_ELIGIBILITY,v2026-08-11,2026-03-21..2026-08-06,baccarat_bet02_101_all_pairs_incl_sentinel,round_win = game_pnl > 0 (decisive only),COMPATIBILITY_ONLY_NOT_PRODUCTION,268817.8208,244366.2908,168.7661,6248,5610,-0.00062781,-0.08642944,0.00436428,-0.00062781,-168.7661,268817.8208,OK,0.0000,6.7506,4.0000,96.0000,AG03-UNRESOLVED,ALL5_LEVELS_bet23_to_bet27,6.7506,6.7506,6.7506,8.4383,8.4383,4.000000,4.000000,4.000000,5.000000,5.000000,96.000000,96.000000,96.000000,95.000000,95.000000,5.0,37.1285,34.0107,131.6376,134.7554,PENDING_AG03,FALSE,NOT_FOR_ENFORCEMENT,162.0155,234591.6392,168.7661,162.0155,6.7506,0.00062781,0.00060270,6.7506,162.0155,0.00060270,6.7506,6.7506,6.7506,8.4383,8.4383,162.0155,0.00060270,37.1285,34.0107,131.6376,134.7554,0.00048969,0.00050129,0.00002511,43.0246,43.5591,0.0301,2.0581,0.0627,3278.2661,68.4146,17.6798,46.9397,25.7155,39.4976,52.6635,77.1466,82.2897,128.5777,31.4111,0.0,2.083411,3.25533,1.089297,30,192,222,8,0.05498276,0.00062781,0.08642944,0E-8,0.000000,0.909041,0.000000,-0.09079372,2026-03-23,2026-08-06,82,2690,1181,137,0.598540,0.376650,0.410924,0.183276,,,,,,,,GLOBAL_BASELINE_NO_ENTITY_RANKING,,,NOT_APPLICABLE_GLOBAL_BASELINE,HF9g-P5,,,,X 全窗基线 · 不参与实体赏罚,6877801,688,A168_HF9F_20260827_0900,2026-08-27 09:00:00
2026-06-21,70460261,2127,0,128.5776737727,24.4297580168,24.4297580168,0.6666667,3,3,0.50218230000000000,0.502182300000,0.5697959874915163,0.5697959874915164,0.5697959874915163,0E-17,ELIGIBLE,R03b_20260811_FULL_v1,L1_ELIGIBILITY,v2026-08-11,2026-03-21..2026-08-06,baccarat_bet02_101_all_pairs_incl_sentinel,round_win = game_pnl > 0 (decisive only),COMPATIBILITY_ONLY_NOT_PRODUCTION,268817.8208,244366.2908,168.7661,6248,5610,-0.00062781,-0.08642944,0.00436428,-0.00062781,-168.7661,268817.8208,OK,0.0000,6.7506,4.0000,96.0000,AG03-UNRESOLVED,ALL5_LEVELS_bet23_to_bet27,6.7506,6.7506,6.7506,8.4383,8.4383,4.000000,4.000000,4.000000,5.000000,5.000000,96.000000,96.000000,96.000000,95.000000,95.000000,5.0,37.1285,34.0107,131.6376,134.7554,PENDING_AG03,FALSE,NOT_FOR_ENFORCEMENT,162.0155,234591.6392,168.7661,162.0155,6.7506,0.00062781,0.00060270,6.7506,162.0155,0.00060270,6.7506,6.7506,6.7506,8.4383,8.4383,162.0155,0.00060270,37.1285,34.0107,131.6376,134.7554,0.00048969,0.00050129,0.00002511,43.0246,43.5591,0.0301,2.0581,0.0627,3278.2661,68.4146,17.6798,46.9397,25.7155,39.4976,52.6635,77.1466,82.2897,128.5777,31.4111,0.0,2.083411,3.25533,1.089297,30,192,222,8,0.05498276,0.00062781,0.08642944,0E-8,0.000000,0.909041,0.000000,-0.09079372,2026-03-23,2026-08-06,82,2690,1181,137,0.598540,0.376650,0.410924,0.183276,,,,,,,,GLOBAL_BASELINE_NO_ENTITY_RANKING,,,NOT_APPLICABLE_GLOBAL_BASELINE,HF9g-P5,,,,X 全窗基线 · 不参与实体赏罚,6877802,688,A168_HF9F_20260827_0900,2026-08-27 09:00:00
2026-06-21,70460261,2141,0,228.8682593154,66.9889680357,66.9889680357,0.6666667,3,3,0.50665070000000000,0.506650700000,0.5543606114942035,0.5543606114942035,0.5543606114942035,0E-17,ELIGIBLE,R03b_20260811_FULL_v1,L1_ELIGIBILITY,v2026-08-11,2026-03-21..2026-08-06,baccarat_bet02_101_all_pairs_incl_sentinel,round_win = game_pnl > 0 (decisive only),COMPATIBILITY_ONLY_NOT_PRODUCTION,268817.8208,244366.2908,168.7661,6248,5610,-0.00062781,-0.08642944,0.00436428,-0.00062781,-168.7661,268817.8208,OK,0.0000,6.7506,4.0000,96.0000,AG03-UNRESOLVED,ALL5_LEVELS_bet23_to_bet27,6.7506,6.7506,6.7506,8.4383,8.4383,4.000000,4.000000,4.000000,5.000000,5.000000,96.000000,96.000000,96.000000,95.000000,95.000000,5.0,37.1285,34.0107,131.6376,134.7554,PENDING_AG03,FALSE,NOT_FOR_ENFORCEMENT,162.0155,234591.6392,168.7661,162.0155,6.7506,0.00062781,0.00060270,6.7506,162.0155,0.00060270,6.7506,6.7506,6.7506,8.4383,8.4383,162.0155,0.00060270,37.1285,34.0107,131.6376,134.7554,0.00048969,0.00050129,0.00002511,43.0246,43.5591,0.0301,2.0581,0.0627,3278.2661,68.4146,17.6798,46.9397,25.7155,39.4976,52.6635,77.1466,82.2897,128.5777,31.4111,0.0,2.083411,3.25533,1.089297,30,192,222,8,0.05498276,0.00062781,0.08642944,0E-8,0.000000,0.909041,0.000000,-0.09079372,2026-03-23,2026-08-06,82,2690,1181,137,0.598540,0.376650,0.410924,0.183276,,,,,,,,GLOBAL_BASELINE_NO_ENTITY_RANKING,,,NOT_APPLICABLE_GLOBAL_BASELINE,HF9g-P5,,,,X 全窗基线 · 不参与实体赏罚,6877803,688,A168_HF9F_20260827_0900,2026-08-27 09:00:00
2026-06-21,70460261,2153,0,205.7242780363,-55.2883997222,-55.2883997222,0.5000000,2,2,0.50665070000000000,0.506650700000,-0.018812684590367487,-0.018812684590367487,-0.018812684590367487,0E-17,ELIGIBLE,R03b_20260811_FULL_v1,L1_ELIGIBILITY,v2026-08-11,2026-03-21..2026-08-06,baccarat_bet02_101_all_pairs_incl_sentinel,round_win = game_pnl > 0 (decisive only),COMPATIBILITY_ONLY_NOT_PRODUCTION,268817.8208,244366.2908,168.7661,6248,5610,-0.00062781,-0.08642944,0.00436428,-0.00062781,-168.7661,268817.8208,OK,0.0000,6.7506,4.0000,96.0000,AG03-UNRESOLVED,ALL5_LEVELS_bet23_to_bet27,6.7506,6.7506,6.7506,8.4383,8.4383,4.000000,4.000000,4.000000,5.000000,5.000000,96.000000,96.000000,96.000000,95.000000,95.000000,5.0,37.1285,34.0107,131.6376,134.7554,PENDING_AG03,FALSE,NOT_FOR_ENFORCEMENT,162.0155,234591.6392,168.7661,162.0155,6.7506,0.00062781,0.00060270,6.7506,162.0155,0.00060270,6.7506,6.7506,6.7506,8.4383,8.4383,162.0155,0.00060270,37.1285,34.0107,131.6376,134.7554,0.00048969,0.00050129,0.00002511,43.0246,43.5591,0.0301,2.0581,0.0627,3278.2661,68.4146,17.6798,46.9397,25.7155,39.4976,52.6635,77.1466,82.2897,128.5777,31.4111,0.0,2.083411,3.25533,1.089297,30,192,222,8,0.05498276,0.00062781,0.08642944,0E-8,0.000000,0.909041,0.000000,-0.09079372,2026-03-23,2026-08-06,82,2690,1181,137,0.598540,0.376650,0.410924,0.183276,,,,,,,,GLOBAL_BASELINE_NO_ENTITY_RANKING,,,NOT_APPLICABLE_GLOBAL_BASELINE,HF9g-P5,,,,X 全窗基线 · 不参与实体赏罚,6877804,688,A168_HF9F_20260827_0900,2026-08-27 09:00:00
2026-06-21,70460261,2205,0,77.1466042636,-77.1466042636,-77.1466042636,0E-7,1,1,0.50665070000000000,0.506650700000,-1.013391052207602,-1.013391052207602,-1.013391052207602,0E-17,ELIGIBLE,R03b_20260811_FULL_v1,L1_ELIGIBILITY,v2026-08-11,2026-03-21..2026-08-06,baccarat_bet02_101_all_pairs_incl_sentinel,round_win = game_pnl > 0 (decisive only),COMPATIBILITY_ONLY_NOT_PRODUCTION,268817.8208,244366.2908,168.7661,6248,5610,-0.00062781,-0.08642944,0.00436428,-0.00062781,-168.7661,268817.8208,OK,0.0000,6.7506,4.0000,96.0000,AG03-UNRESOLVED,ALL5_LEVELS_bet23_to_bet27,6.7506,6.7506,6.7506,8.4383,8.4383,4.000000,4.000000,4.000000,5.000000,5.000000,96.000000,96.000000,96.000000,95.000000,95.000000,5.0,37.1285,34.0107,131.6376,134.7554,PENDING_AG03,FALSE,NOT_FOR_ENFORCEMENT,162.0155,234591.6392,168.7661,162.0155,6.7506,0.00062781,0.00060270,6.7506,162.0155,0.00060270,6.7506,6.7506,6.7506,8.4383,8.4383,162.0155,0.00060270,37.1285,34.0107,131.6376,134.7554,0.00048969,0.00050129,0.00002511,43.0246,43.5591,0.0301,2.0581,0.0627,3278.2661,68.4146,17.6798,46.9397,25.7155,39.4976,52.6635,77.1466,82.2897,128.5777,31.4111,0.0,2.083411,3.25533,1.089297,30,192,222,8,0.05498276,0.00062781,0.08642944,0E-8,0.000000,0.909041,0.000000,-0.09079372,2026-03-23,2026-08-06,82,2690,1181,137,0.598540,0.376650,0.410924,0.183276,,,,,,,,GLOBAL_BASELINE_NO_ENTITY_RANKING,,,NOT_APPLICABLE_GLOBAL_BASELINE,HF9g-P5,,,,X 全窗基线 · 不参与实体赏罚,6877805,688,A168_HF9F_20260827_0900,2026-08-27 09:00:00
2026-06-21,70460261,2218,0,51.4310695091,51.4310695091,51.4310695091,1.0000000,1,1,0.49324550000000000,0.493245500000,1.01360149184955,1.01360149184955,1.01360149184955,0E-17,ELIGIBLE,R03b_20260811_FULL_v1,L1_ELIGIBILITY,v2026-08-11,2026-03-21..2026-08-06,baccarat_bet02_101_all_pairs_incl_sentinel,round_win = game_pnl > 0 (decisive only),COMPATIBILITY_ONLY_NOT_PRODUCTION,268817.8208,244366.2908,168.7661,6248,5610,-0.00062781,-0.08642944,0.00436428,-0.00062781,-168.7661,268817.8208,OK,0.0000,6.7506,4.0000,96.0000,AG03-UNRESOLVED,ALL5_LEVELS_bet23_to_bet27,6.7506,6.7506,6.7506,8.4383,8.4383,4.000000,4.000000,4.000000,5.000000,5.000000,96.000000,96.000000,96.000000,95.000000,95.000000,5.0,37.1285,34.0107,131.6376,134.7554,PENDING_AG03,FALSE,NOT_FOR_ENFORCEMENT,162.0155,234591.6392,168.7661,162.0155,6.7506,0.00062781,0.00060270,6.7506,162.0155,0.00060270,6.7506,6.7506,6.7506,8.4383,8.4383,162.0155,0.00060270,37.1285,34.0107,131.6376,134.7554,0.00048969,0.00050129,0.00002511,43.0246,43.5591,0.0301,2.0581,0.0627,3278.2661,68.4146,17.6798,46.9397,25.7155,39.4976,52.6635,77.1466,82.2897,128.5777,31.4111,0.0,2.083411,3.25533,1.089297,30,192,222,8,0.05498276,0.00062781,0.08642944,0E-8,0.000000,0.909041,0.000000,-0.09079372,2026-03-23,2026-08-06,82,2690,1181,137,0.598540,0.376650,0.410924,0.183276,,,,,,,,GLOBAL_BASELINE_NO_ENTITY_RANKING,,,NOT_APPLICABLE_GLOBAL_BASELINE,HF9g-P5,,,,X 全窗基线 · 不参与实体赏罚,6877806,688,A168_HF9F_20260827_0900,2026-08-27 09:00:00
2026-06-21,70460261,2229,0,51.4310695091,0E-10,0E-10,,1,1,0.50665070000000000,0.506650700000,,,,0E-17,NO_DECISIVE_ROUND,R03b_20260811_FULL_v1,L1_ELIGIBILITY,v2026-08-11,2026-03-21..2026-08-06,baccarat_bet02_101_all_pairs_incl_sentinel,round_win = game_pnl > 0 (decisive only),COMPATIBILITY_ONLY_NOT_PRODUCTION,268817.8208,244366.2908,168.7661,6248,5610,-0.00062781,-0.08642944,0.00436428,-0.00062781,-168.7661,268817.8208,OK,0.0000,6.7506,4.0000,96.0000,AG03-UNRESOLVED,ALL5_LEVELS_bet23_to_bet27,6.7506,6.7506,6.7506,8.4383,8.4383,4.000000,4.000000,4.000000,5.000000,5.000000,96.000000,96.000000,96.000000,95.000000,95.000000,5.0,37.1285,34.0107,131.6376,134.7554,PENDING_AG03,FALSE,NOT_FOR_ENFORCEMENT,162.0155,234591.6392,168.7661,162.0155,6.7506,0.00062781,0.00060270,6.7506,162.0155,0.00060270,6.7506,6.7506,6.7506,8.4383,8.4383,162.0155,0.00060270,37.1285,34.0107,131.6376,134.7554,0.00048969,0.00050129,0.00002511,43.0246,43.5591,0.0301,2.0581,0.0627,3278.2661,68.4146,17.6798,46.9397,25.7155,39.4976,52.6635,77.1466,82.2897,128.5777,31.4111,0.0,2.083411,3.25533,1.089297,30,192,222,8,0.05498276,0.00062781,0.08642944,0E-8,0.000000,0.909041,0.000000,-0.09079372,2026-03-23,2026-08-06,82,2690,1181,137,0.598540,0.376650,0.410924,0.183276,,,,,,,,GLOBAL_BASELINE_NO_ENTITY_RANKING,,,NOT_APPLICABLE_GLOBAL_BASELINE,HF9g-P5,,,,X 全窗基线 · 不参与实体赏罚,6877807,688,A168_HF9F_20260827_0900,2026-08-27 09:00:00
2026-06-21,70460261,2235,0,257.4125028929,81.6468228457,81.6468228457,0.6000000,6,6,0.50441650000000000,0.504416500000,0.42747908374280613,0.42747908374280613,0.42747908374280613,0E-17,ELIGIBLE,R03b_20260811_FULL_v1,L1_ELIGIBILITY,v2026-08-11,2026-03-21..2026-08-06,baccarat_bet02_101_all_pairs_incl_sentinel,round_win = game_pnl > 0 (decisive only),COMPATIBILITY_ONLY_NOT_PRODUCTION,268817.8208,244366.2908,168.7661,6248,5610,-0.00062781,-0.08642944,0.00436428,-0.00062781,-168.7661,268817.8208,OK,0.0000,6.7506,4.0000,96.0000,AG03-UNRESOLVED,ALL5_LEVELS_bet23_to_bet27,6.7506,6.7506,6.7506,8.4383,8.4383,4.000000,4.000000,4.000000,5.000000,5.000000,96.000000,96.000000,96.000000,95.000000,95.000000,5.0,37.1285,34.0107,131.6376,134.7554,PENDING_AG03,FALSE,NOT_FOR_ENFORCEMENT,162.0155,234591.6392,168.7661,162.0155,6.7506,0.00062781,0.00060270,6.7506,162.0155,0.00060270,6.7506,6.7506,6.7506,8.4383,8.4383,162.0155,0.00060270,37.1285,34.0107,131.6376,134.7554,0.00048969,0.00050129,0.00002511,43.0246,43.5591,0.0301,2.0581,0.0627,3278.2661,68.4146,17.6798,46.9397,25.7155,39.4976,52.6635,77.1466,82.2897,128.5777,31.4111,0.0,2.083411,3.25533,1.089297,30,192,222,8,0.05498276,0.00062781,0.08642944,0E-8,0.000000,0.909041,0.000000,-0.09079372,2026-03-23,2026-08-06,82,2690,1181,137,0.598540,0.376650,0.410924,0.183276,,,,,,,,GLOBAL_BASELINE_NO_ENTITY_RANKING,,,NOT_APPLICABLE_GLOBAL_BASELINE,HF9g-P5,,,,X 全窗基线 · 不参与实体赏罚,6877808,688,A168_HF9F_20260827_0900,2026-08-27 09:00:00
2026-06-21,70460261,2251,0,51.4310695091,-51.4310695091,-51.4310695091,0E-7,1,1,0.50665070000000000,0.506650700000,-1.013391052207602,-1.013391052207602,-1.013391052207602,0E-17,ELIGIBLE,R03b_20260811_FULL_v1,L1_ELIGIBILITY,v2026-08-11,2026-03-21..2026-08-06,baccarat_bet02_101_all_pairs_incl_sentinel,round_win = game_pnl > 0 (decisive only),COMPATIBILITY_ONLY_NOT_PRODUCTION,268817.8208,244366.2908,168.7661,6248,5610,-0.00062781,-0.08642944,0.00436428,-0.00062781,-168.7661,268817.8208,OK,0.0000,6.7506,4.0000,96.0000,AG03-UNRESOLVED,ALL5_LEVELS_bet23_to_bet27,6.7506,6.7506,6.7506,8.4383,8.4383,4.000000,4.000000,4.000000,5.000000,5.000000,96.000000,96.000000,96.000000,95.000000,95.000000,5.0,37.1285,34.0107,131.6376,134.7554,PENDING_AG03,FALSE,NOT_FOR_ENFORCEMENT,162.0155,234591.6392,168.7661,162.0155,6.7506,0.00062781,0.00060270,6.7506,162.0155,0.00060270,6.7506,6.7506,6.7506,8.4383,8.4383,162.0155,0.00060270,37.1285,34.0107,131.6376,134.7554,0.00048969,0.00050129,0.00002511,43.0246,43.5591,0.0301,2.0581,0.0627,3278.2661,68.4146,17.6798,46.9397,25.7155,39.4976,52.6635,77.1466,82.2897,128.5777,31.4111,0.0,2.083411,3.25533,1.089297,30,192,222,8,0.05498276,0.00062781,0.08642944,0E-8,0.000000,0.909041,0.000000,-0.09079372,2026-03-23,2026-08-06,82,2690,1181,137,0.598540,0.376650,0.410924,0.183276,,,,,,,,GLOBAL_BASELINE_NO_ENTITY_RANKING,,,NOT_APPLICABLE_GLOBAL_BASELINE,HF9g-P5,,,,X 全窗基线 · 不参与实体赏罚,6877809,688,A168_HF9F_20260827_0900,2026-08-27 09:00:00
2026-06-21,70460261,2267,0,74.5750507882,-74.5750507882,-74.5750507882,0E-7,1,1,0.50665070000000000,0.506650700000,-1.013391052207602,-1.013391052207602,-1.013391052207602,0E-17,ELIGIBLE,R03b_20260811_FULL_v1,L1_ELIGIBILITY,v2026-08-11,2026-03-21..2026-08-06,baccarat_bet02_101_all_pairs_incl_sentinel,round_win = game_pnl > 0 (decisive only),COMPATIBILITY_ONLY_NOT_PRODUCTION,268817.8208,244366.2908,168.7661,6248,5610,-0.00062781,-0.08642944,0.00436428,-0.00062781,-168.7661,268817.8208,OK,0.0000,6.7506,4.0000,96.0000,AG03-UNRESOLVED,ALL5_LEVELS_bet23_to_bet27,6.7506,6.7506,6.7506,8.4383,8.4383,4.000000,4.000000,4.000000,5.000000,5.000000,96.000000,96.000000,96.000000,95.000000,95.000000,5.0,37.1285,34.0107,131.6376,134.7554,PENDING_AG03,FALSE,NOT_FOR_ENFORCEMENT,162.0155,234591.6392,168.7661,162.0155,6.7506,0.00062781,0.00060270,6.7506,162.0155,0.00060270,6.7506,6.7506,6.7506,8.4383,8.4383,162.0155,0.00060270,37.1285,34.0107,131.6376,134.7554,0.00048969,0.00050129,0.00002511,43.0246,43.5591,0.0301,2.0581,0.0627,3278.2661,68.4146,17.6798,46.9397,25.7155,39.4976,52.6635,77.1466,82.2897,128.5777,31.4111,0.0,2.083411,3.25533,1.089297,30,192,222,8,0.05498276,0.00062781,0.08642944,0E-8,0.000000,0.909041,0.000000,-0.09079372,2026-03-23,2026-08-06,82,2690,1181,137,0.598540,0.376650,0.410924,0.183276,,,,,,,,GLOBAL_BASELINE_NO_ENTITY_RANKING,,,NOT_APPLICABLE_GLOBAL_BASELINE,HF9g-P5,,,,X 全窗基线 · 不参与实体赏罚,6877810,688,A168_HF9F_20260827_0900,2026-08-27 09:00:00
2026-06-21,70460261,2280,0,77.1466042636,-77.1466042636,-77.1466042636,0E-7,1,1,0.50665070000000000,0.506650700000,-1.013391052207602,-1.013391052207602,-1.013391052207602,0E-17,ELIGIBLE,R03b_20260811_FULL_v1,L1_ELIGIBILITY,v2026-08-11,2026-03-21..2026-08-06,baccarat_bet02_101_all_pairs_incl_sentinel,round_win = game_pnl > 0 (decisive only),COMPATIBILITY_ONLY_NOT_PRODUCTION,268817.8208,244366.2908,168.7661,6248,5610,-0.00062781,-0.08642944,0.00436428,-0.00062781,-168.7661,268817.8208,OK,0.0000,6.7506,4.0000,96.0000,AG03-UNRESOLVED,ALL5_LEVELS_bet23_to_bet27,6.7506,6.7506,6.7506,8.4383,8.4383,4.000000,4.000000,4.000000,5.000000,5.000000,96.000000,96.000000,96.000000,95.000000,95.000000,5.0,37.1285,34.0107,131.6376,134.7554,PENDING_AG03,FALSE,NOT_FOR_ENFORCEMENT,162.0155,234591.6392,168.7661,162.0155,6.7506,0.00062781,0.00060270,6.7506,162.0155,0.00060270,6.7506,6.7506,6.7506,8.4383,8.4383,162.0155,0.00060270,37.1285,34.0107,131.6376,134.7554,0.00048969,0.00050129,0.00002511,43.0246,43.5591,0.0301,2.0581,0.0627,3278.2661,68.4146,17.6798,46.9397,25.7155,39.4976,52.6635,77.1466,82.2897,128.5777,31.4111,0.0,2.083411,3.25533,1.089297,30,192,222,8,0.05498276,0.00062781,0.08642944,0E-8,0.000000,0.909041,0.000000,-0.09079372,2026-03-23,2026-08-06,82,2690,1181,137,0.598540,0.376650,0.410924,0.183276,,,,,,,,GLOBAL_BASELINE_NO_ENTITY_RANKING,,,NOT_APPLICABLE_GLOBAL_BASELINE,HF9g-P5,,,,X 全窗基线 · 不参与实体赏罚,6877811,688,A168_HF9F_20260827_0900,2026-08-27 09:00:00
2026-06-21,70460261,919,0,303.4433101035,147.8643248388,147.8643248388,0.7500000,4,4,0.50665070000000000,0.506650700000,0.9734833216690844,0.9734833216690844,0.9734833216690844,0E-17,ELIGIBLE,R03b_20260811_FULL_v1,L1_ELIGIBILITY,v2026-08-11,2026-03-21..2026-08-06,baccarat_bet02_101_all_pairs_incl_sentinel,round_win = game_pnl > 0 (decisive only),COMPATIBILITY_ONLY_NOT_PRODUCTION,268817.8208,244366.2908,168.7661,6248,5610,-0.00062781,-0.08642944,0.00436428,-0.00062781,-168.7661,268817.8208,OK,0.0000,6.7506,4.0000,96.0000,AG03-UNRESOLVED,ALL5_LEVELS_bet23_to_bet27,6.7506,6.7506,6.7506,8.4383,8.4383,4.000000,4.000000,4.000000,5.000000,5.000000,96.000000,96.000000,96.000000,95.000000,95.000000,5.0,37.1285,34.0107,131.6376,134.7554,PENDING_AG03,FALSE,NOT_FOR_ENFORCEMENT,162.0155,234591.6392,168.7661,162.0155,6.7506,0.00062781,0.00060270,6.7506,162.0155,0.00060270,6.7506,6.7506,6.7506,8.4383,8.4383,162.0155,0.00060270,37.1285,34.0107,131.6376,134.7554,0.00048969,0.00050129,0.00002511,43.0246,43.5591,0.0301,2.0581,0.0627,3278.2661,68.4146,17.6798,46.9397,25.7155,39.4976,52.6635,77.1466,82.2897,128.5777,31.4111,0.0,2.083411,3.25533,1.089297,30,192,222,8,0.05498276,0.00062781,0.08642944,0E-8,0.000000,0.909041,0.000000,-0.09079372,2026-03-23,2026-08-06,82,2690,1181,137,0.598540,0.376650,0.410924,0.183276,,,,,,,,GLOBAL_BASELINE_NO_ENTITY_RANKING,,,NOT_APPLICABLE_GLOBAL_BASELINE,HF9g-P5,,,,X 全窗基线 · 不参与实体赏罚,6877812,688,A168_HF9F_20260827_0900,2026-08-27 09:00:00
2026-06-21,70460261,986,0,228.8682593154,-29.4442872940,-29.4442872940,0.5000000,4,4,0.49994810000000000,0.499948100000,0.00014679536856514622,0.00014679536856514622,0.00014679536856514622,0E-17,ELIGIBLE,R03b_20260811_FULL_v1,L1_ELIGIBILITY,v2026-08-11,2026-03-21..2026-08-06,baccarat_bet02_101_all_pairs_incl_sentinel,round_win = game_pnl > 0 (decisive only),COMPATIBILITY_ONLY_NOT_PRODUCTION,268817.8208,244366.2908,168.7661,6248,5610,-0.00062781,-0.08642944,0.00436428,-0.00062781,-168.7661,268817.8208,OK,0.0000,6.7506,4.0000,96.0000,AG03-UNRESOLVED,ALL5_LEVELS_bet23_to_bet27,6.7506,6.7506,6.7506,8.4383,8.4383,4.000000,4.000000,4.000000,5.000000,5.000000,96.000000,96.000000,96.000000,95.000000,95.000000,5.0,37.1285,34.0107,131.6376,134.7554,PENDING_AG03,FALSE,NOT_FOR_ENFORCEMENT,162.0155,234591.6392,168.7661,162.0155,6.7506,0.00062781,0.00060270,6.7506,162.0155,0.00060270,6.7506,6.7506,6.7506,8.4383,8.4383,162.0155,0.00060270,37.1285,34.0107,131.6376,134.7554,0.00048969,0.00050129,0.00002511,43.0246,43.5591,0.0301,2.0581,0.0627,3278.2661,68.4146,17.6798,46.9397,25.7155,39.4976,52.6635,77.1466,82.2897,128.5777,31.4111,0.0,2.083411,3.25533,1.089297,30,192,222,8,0.05498276,0.00062781,0.08642944,0E-8,0.000000,0.909041,0.000000,-0.09079372,2026-03-23,2026-08-06,82,2690,1181,137,0.598540,0.376650,0.410924,0.183276,,,,,,,,GLOBAL_BASELINE_NO_ENTITY_RANKING,,,NOT_APPLICABLE_GLOBAL_BASELINE,HF9g-P5,,,,X 全窗基线 · 不参与实体赏罚,6877813,688,A168_HF9F_20260827_0900,2026-08-27 09:00:00
2026-06-22,70460261,-1,1,1993.9825648670,93.6045465069,93.6045465069,0.5384615,32,27,0.48366347741715794,0.461222564815,0.559131288956469,0.7900656781559077,0.559131288956469,0.02244091260215794,SENTINEL_DEALER,R03b_20260811_FULL_v1,L1_ELIGIBILITY,v2026-08-11,2026-03-21..2026-08-06,baccarat_bet02_101_all_pairs_incl_sentinel,round_win = game_pnl > 0 (decisive only),COMPATIBILITY_ONLY_NOT_PRODUCTION,268817.8208,244366.2908,168.7661,6248,5610,-0.00062781,-0.08642944,0.00436428,-0.00062781,-168.7661,268817.8208,OK,0.0000,6.7506,4.0000,96.0000,AG03-UNRESOLVED,ALL5_LEVELS_bet23_to_bet27,6.7506,6.7506,6.7506,8.4383,8.4383,4.000000,4.000000,4.000000,5.000000,5.000000,96.000000,96.000000,96.000000,95.000000,95.000000,5.0,37.1285,34.0107,131.6376,134.7554,PENDING_AG03,FALSE,NOT_FOR_ENFORCEMENT,162.0155,234591.6392,168.7661,162.0155,6.7506,0.00062781,0.00060270,6.7506,162.0155,0.00060270,6.7506,6.7506,6.7506,8.4383,8.4383,162.0155,0.00060270,37.1285,34.0107,131.6376,134.7554,0.00048969,0.00050129,0.00002511,43.0246,43.5591,0.0301,2.0581,0.0627,3278.2661,68.4146,17.6798,46.9397,25.7155,39.4976,52.6635,77.1466,82.2897,128.5777,31.4111,0.0,2.083411,3.25533,1.089297,30,192,222,8,0.05498276,0.00062781,0.08642944,0E-8,0.000000,0.909041,0.000000,-0.09079372,2026-03-23,2026-08-06,82,2690,1181,137,0.598540,0.376650,0.410924,0.183276,,,,,,,,GLOBAL_BASELINE_NO_ENTITY_RANKING,,,NOT_APPLICABLE_GLOBAL_BASELINE,HF9g-P5,,,,X 全窗基线 · 不参与实体赏罚,6877814,688,A168_HF9F_20260827_0900,2026-08-27 09:00:00
2026-06-22,70460261,1004,0,230.6683467482,-77.6609149587,-77.6609149587,0.6666667,4,3,0.43064188421044497,0.426667416667,0.8255955474541604,0.8404704731446164,0.8255955474541604,0.00397446754344497,ELIGIBLE,R03b_20260811_FULL_v1,L1_ELIGIBILITY,v2026-08-11,2026-03-21..2026-08-06,baccarat_bet02_101_all_pairs_incl_sentinel,round_win = game_pnl > 0 (decisive only),COMPATIBILITY_ONLY_NOT_PRODUCTION,268817.8208,244366.2908,168.7661,6248,5610,-0.00062781,-0.08642944,0.00436428,-0.00062781,-168.7661,268817.8208,OK,0.0000,6.7506,4.0000,96.0000,AG03-UNRESOLVED,ALL5_LEVELS_bet23_to_bet27,6.7506,6.7506,6.7506,8.4383,8.4383,4.000000,4.000000,4.000000,5.000000,5.000000,96.000000,96.000000,96.000000,95.000000,95.000000,5.0,37.1285,34.0107,131.6376,134.7554,PENDING_AG03,FALSE,NOT_FOR_ENFORCEMENT,162.0155,234591.6392,168.7661,162.0155,6.7506,0.00062781,0.00060270,6.7506,162.0155,0.00060270,6.7506,6.7506,6.7506,8.4383,8.4383,162.0155,0.00060270,37.1285,34.0107,131.6376,134.7554,0.00048969,0.00050129,0.00002511,43.0246,43.5591,0.0301,2.0581,0.0627,3278.2661,68.4146,17.6798,46.9397,25.7155,39.4976,52.6635,77.1466,82.2897,128.5777,31.4111,0.0,2.083411,3.25533,1.089297,30,192,222,8,0.05498276,0.00062781,0.08642944,0E-8,0.000000,0.909041,0.000000,-0.09079372,2026-03-23,2026-08-06,82,2690,1181,137,0.598540,0.376650,0.410924,0.183276,,,,,,,,GLOBAL_BASELINE_NO_ENTITY_RANKING,,,NOT_APPLICABLE_GLOBAL_BASELINE,HF9g-P5,,,,X 全窗基线 · 不参与实体赏罚,6877815,688,A168_HF9F_20260827_0900,2026-08-27 09:00:00
2026-06-22,70460261,1094,0,394.9906138298,-39.2161905007,-39.2161905007,0.5000000,5,5,0.50665070000000000,0.506650700000,-0.02660515369234503,-0.02660515369234503,-0.02660515369234503,0E-17,ELIGIBLE,R03b_20260811_FULL_v1,L1_ELIGIBILITY,v2026-08-11,2026-03-21..2026-08-06,baccarat_bet02_101_all_pairs_incl_sentinel,round_win = game_pnl > 0 (decisive only),COMPATIBILITY_ONLY_NOT_PRODUCTION,268817.8208,244366.2908,168.7661,6248,5610,-0.00062781,-0.08642944,0.00436428,-0.00062781,-168.7661,268817.8208,OK,0.0000,6.7506,4.0000,96.0000,AG03-UNRESOLVED,ALL5_LEVELS_bet23_to_bet27,6.7506,6.7506,6.7506,8.4383,8.4383,4.000000,4.000000,4.000000,5.000000,5.000000,96.000000,96.000000,96.000000,95.000000,95.000000,5.0,37.1285,34.0107,131.6376,134.7554,PENDING_AG03,FALSE,NOT_FOR_ENFORCEMENT,162.0155,234591.6392,168.7661,162.0155,6.7506,0.00062781,0.00060270,6.7506,162.0155,0.00060270,6.7506,6.7506,6.7506,8.4383,8.4383,162.0155,0.00060270,37.1285,34.0107,131.6376,134.7554,0.00048969,0.00050129,0.00002511,43.0246,43.5591,0.0301,2.0581,0.0627,3278.2661,68.4146,17.6798,46.9397,25.7155,39.4976,52.6635,77.1466,82.2897,128.5777,31.4111,0.0,2.083411,3.25533,1.089297,30,192,222,8,0.05498276,0.00062781,0.08642944,0E-8,0.000000,0.909041,0.000000,-0.09079372,2026-03-23,2026-08-06,82,2690,1181,137,0.598540,0.376650,0.410924,0.183276,,,,,,,,GLOBAL_BASELINE_NO_ENTITY_RANKING,,,NOT_APPLICABLE_GLOBAL_BASELINE,HF9g-P5,,,,X 全窗基线 · 不参与实体赏罚,6877816,688,A168_HF9F_20260827_0900,2026-08-27 09:00:00
2026-06-22,70460261,1205,0,360.0174865636,246.7405559698,246.7405559698,1.0000000,6,6,0.50441650000000000,0.504416500000,1.9824113372471823,1.9824113372471825,1.9824113372471823,0E-17,ELIGIBLE,R03b_20260811_FULL_v1,L1_ELIGIBILITY,v2026-08-11,2026-03-21..2026-08-06,baccarat_bet02_101_all_pairs_incl_sentinel,round_win = game_pnl > 0 (decisive only),COMPATIBILITY_ONLY_NOT_PRODUCTION,268817.8208,244366.2908,168.7661,6248,5610,-0.00062781,-0.08642944,0.00436428,-0.00062781,-168.7661,268817.8208,OK,0.0000,6.7506,4.0000,96.0000,AG03-UNRESOLVED,ALL5_LEVELS_bet23_to_bet27,6.7506,6.7506,6.7506,8.4383,8.4383,4.000000,4.000000,4.000000,5.000000,5.000000,96.000000,96.000000,96.000000,95.000000,95.000000,5.0,37.1285,34.0107,131.6376,134.7554,PENDING_AG03,FALSE,NOT_FOR_ENFORCEMENT,162.0155,234591.6392,168.7661,162.0155,6.7506,0.00062781,0.00060270,6.7506,162.0155,0.00060270,6.7506,6.7506,6.7506,8.4383,8.4383,162.0155,0.00060270,37.1285,34.0107,131.6376,134.7554,0.00048969,0.00050129,0.00002511,43.0246,43.5591,0.0301,2.0581,0.0627,3278.2661,68.4146,17.6798,46.9397,25.7155,39.4976,52.6635,77.1466,82.2897,128.5777,31.4111,0.0,2.083411,3.25533,1.089297,30,192,222,8,0.05498276,0.00062781,0.08642944,0E-8,0.000000,0.909041,0.000000,-0.09079372,2026-03-23,2026-08-06,82,2690,1181,137,0.598540,0.376650,0.410924,0.183276,,,,,,,,GLOBAL_BASELINE_NO_ENTITY_RANKING,,,NOT_APPLICABLE_GLOBAL_BASELINE,HF9g-P5,,,,X 全窗基线 · 不参与实体赏罚,6877817,688,A168_HF9F_20260827_0900,2026-08-27 09:00:00
2026-06-22,70460261,1221,0,205.7242780363,-205.7242780363,-205.7242780363,0E-7,3,3,0.49324550000000000,0.493245500000,-1.708808463184432,-1.7088084631844318,-1.708808463184432,0E-17,ELIGIBLE,R03b_20260811_FULL_v1,L1_ELIGIBILITY,v2026-08-11,2026-03-21..2026-08-06,baccarat_bet02_101_all_pairs_incl_sentinel,round_win = game_pnl > 0 (decisive only),COMPATIBILITY_ONLY_NOT_PRODUCTION,268817.8208,244366.2908,168.7661,6248,5610,-0.00062781,-0.08642944,0.00436428,-0.00062781,-168.7661,268817.8208,OK,0.0000,6.7506,4.0000,96.0000,AG03-UNRESOLVED,ALL5_LEVELS_bet23_to_bet27,6.7506,6.7506,6.7506,8.4383,8.4383,4.000000,4.000000,4.000000,5.000000,5.000000,96.000000,96.000000,96.000000,95.000000,95.000000,5.0,37.1285,34.0107,131.6376,134.7554,PENDING_AG03,FALSE,NOT_FOR_ENFORCEMENT,162.0155,234591.6392,168.7661,162.0155,6.7506,0.00062781,0.00060270,6.7506,162.0155,0.00060270,6.7506,6.7506,6.7506,8.4383,8.4383,162.0155,0.00060270,37.1285,34.0107,131.6376,134.7554,0.00048969,0.00050129,0.00002511,43.0246,43.5591,0.0301,2.0581,0.0627,3278.2661,68.4146,17.6798,46.9397,25.7155,39.4976,52.6635,77.1466,82.2897,128.5777,31.4111,0.0,2.083411,3.25533,1.089297,30,192,222,8,0.05498276,0.00062781,0.08642944,0E-8,0.000000,0.909041,0.000000,-0.09079372,2026-03-23,2026-08-06,82,2690,1181,137,0.598540,0.376650,0.410924,0.183276,,,,,,,,GLOBAL_BASELINE_NO_ENTITY_RANKING,,,NOT_APPLICABLE_GLOBAL_BASELINE,HF9g-P5,,,,X 全窗基线 · 不参与实体赏罚,6877818,688,A168_HF9F_20260827_0900,2026-08-27 09:00:00
2026-06-22,70460261,1302,0,90.0043716409,-90.0043716409,-90.0043716409,0E-7,2,2,0.49994810000000000,0.499948100000,-1.4140667746232096,-1.4140667746232096,-1.4140667746232096,0E-17,ELIGIBLE,R03b_20260811_FULL_v1,L1_ELIGIBILITY,v2026-08-11,2026-03-21..2026-08-06,baccarat_bet02_101_all_pairs_incl_sentinel,round_win = game_pnl > 0 (decisive only),COMPATIBILITY_ONLY_NOT_PRODUCTION,268817.8208,244366.2908,168.7661,6248,5610,-0.00062781,-0.08642944,0.00436428,-0.00062781,-168.7661,268817.8208,OK,0.0000,6.7506,4.0000,96.0000,AG03-UNRESOLVED,ALL5_LEVELS_bet23_to_bet27,6.7506,6.7506,6.7506,8.4383,8.4383,4.000000,4.000000,4.000000,5.000000,5.000000,96.000000,96.000000,96.000000,95.000000,95.000000,5.0,37.1285,34.0107,131.6376,134.7554,PENDING_AG03,FALSE,NOT_FOR_ENFORCEMENT,162.0155,234591.6392,168.7661,162.0155,6.7506,0.00062781,0.00060270,6.7506,162.0155,0.00060270,6.7506,6.7506,6.7506,8.4383,8.4383,162.0155,0.00060270,37.1285,34.0107,131.6376,134.7554,0.00048969,0.00050129,0.00002511,43.0246,43.5591,0.0301,2.0581,0.0627,3278.2661,68.4146,17.6798,46.9397,25.7155,39.4976,52.6635,77.1466,82.2897,128.5777,31.4111,0.0,2.083411,3.25533,1.089297,30,192,222,8,0.05498276,0.00062781,0.08642944,0E-8,0.000000,0.909041,0.000000,-0.09079372,2026-03-23,2026-08-06,82,2690,1181,137,0.598540,0.376650,0.410924,0.183276,,,,,,,,GLOBAL_BASELINE_NO_ENTITY_RANKING,,,NOT_APPLICABLE_GLOBAL_BASELINE,HF9g-P5,,,,X 全窗基线 · 不参与实体赏罚,6877819,688,A168_HF9F_20260827_0900,2026-08-27 09:00:00
2026-06-22,70460261,1307,0,77.1466042636,-77.1466042636,-77.1466042636,0E-7,1,1,0.50665070000000000,0.506650700000,-1.013391052207602,-1.013391052207602,-1.013391052207602,0E-17,ELIGIBLE,R03b_20260811_FULL_v1,L1_ELIGIBILITY,v2026-08-11,2026-03-21..2026-08-06,baccarat_bet02_101_all_pairs_incl_sentinel,round_win = game_pnl > 0 (decisive only),COMPATIBILITY_ONLY_NOT_PRODUCTION,268817.8208,244366.2908,168.7661,6248,5610,-0.00062781,-0.08642944,0.00436428,-0.00062781,-168.7661,268817.8208,OK,0.0000,6.7506,4.0000,96.0000,AG03-UNRESOLVED,ALL5_LEVELS_bet23_to_bet27,6.7506,6.7506,6.7506,8.4383,8.4383,4.000000,4.000000,4.000000,5.000000,5.000000,96.000000,96.000000,96.000000,95.000000,95.000000,5.0,37.1285,34.0107,131.6376,134.7554,PENDING_AG03,FALSE,NOT_FOR_ENFORCEMENT,162.0155,234591.6392,168.7661,162.0155,6.7506,0.00062781,0.00060270,6.7506,162.0155,0.00060270,6.7506,6.7506,6.7506,8.4383,8.4383,162.0155,0.00060270,37.1285,34.0107,131.6376,134.7554,0.00048969,0.00050129,0.00002511,43.0246,43.5591,0.0301,2.0581,0.0627,3278.2661,68.4146,17.6798,46.9397,25.7155,39.4976,52.6635,77.1466,82.2897,128.5777,31.4111,0.0,2.083411,3.25533,1.089297,30,192,222,8,0.05498276,0.00062781,0.08642944,0E-8,0.000000,0.909041,0.000000,-0.09079372,2026-03-23,2026-08-06,82,2690,1181,137,0.598540,0.376650,0.410924,0.183276,,,,,,,,GLOBAL_BASELINE_NO_ENTITY_RANKING,,,NOT_APPLICABLE_GLOBAL_BASELINE,HF9g-P5,,,,X 全窗基线 · 不参与实体赏罚,6877820,688,A168_HF9F_20260827_0900,2026-08-27 09:00:00
2026-06-22,70460261,1325,0,270.0131149226,133.0778923548,133.0778923548,0.7500000,5,5,0.50665070000000000,0.506650700000,0.9734833216690844,0.9734833216690844,0.9734833216690844,0E-17,ELIGIBLE,R03b_20260811_FULL_v1,L1_ELIGIBILITY,v2026-08-11,2026-03-21..2026-08-06,baccarat_bet02_101_all_pairs_incl_sentinel,round_win = game_pnl > 0 (decisive only),COMPATIBILITY_ONLY_NOT_PRODUCTION,268817.8208,244366.2908,168.7661,6248,5610,-0.00062781,-0.08642944,0.00436428,-0.00062781,-168.7661,268817.8208,OK,0.0000,6.7506,4.0000,96.0000,AG03-UNRESOLVED,ALL5_LEVELS_bet23_to_bet27,6.7506,6.7506,6.7506,8.4383,8.4383,4.000000,4.000000,4.000000,5.000000,5.000000,96.000000,96.000000,96.000000,95.000000,95.000000,5.0,37.1285,34.0107,131.6376,134.7554,PENDING_AG03,FALSE,NOT_FOR_ENFORCEMENT,162.0155,234591.6392,168.7661,162.0155,6.7506,0.00062781,0.00060270,6.7506,162.0155,0.00060270,6.7506,6.7506,6.7506,8.4383,8.4383,162.0155,0.00060270,37.1285,34.0107,131.6376,134.7554,0.00048969,0.00050129,0.00002511,43.0246,43.5591,0.0301,2.0581,0.0627,3278.2661,68.4146,17.6798,46.9397,25.7155,39.4976,52.6635,77.1466,82.2897,128.5777,31.4111,0.0,2.083411,3.25533,1.089297,30,192,222,8,0.05498276,0.00062781,0.08642944,0E-8,0.000000,0.909041,0.000000,-0.09079372,2026-03-23,2026-08-06,82,2690,1181,137,0.598540,0.376650,0.410924,0.183276,,,,,,,,GLOBAL_BASELINE_NO_ENTITY_RANKING,,,NOT_APPLICABLE_GLOBAL_BASELINE,HF9g-P5,,,,X 全窗基线 · 不参与实体赏罚,6877821,688,A168_HF9F_20260827_0900,2026-08-27 09:00:00
2026-06-22,70460261,1353,0,162.0078689536,73.2892740505,73.2892740505,1.0000000,2,2,0.50665070000000000,0.506650700000,0.9867858985152569,0.9867858985152569,0.9867858985152569,0E-17,ELIGIBLE,R03b_20260811_FULL_v1,L1_ELIGIBILITY,v2026-08-11,2026-03-21..2026-08-06,baccarat_bet02_101_all_pairs_incl_sentinel,round_win = game_pnl > 0 (decisive only),COMPATIBILITY_ONLY_NOT_PRODUCTION,268817.8208,244366.2908,168.7661,6248,5610,-0.00062781,-0.08642944,0.00436428,-0.00062781,-168.7661,268817.8208,OK,0.0000,6.7506,4.0000,96.0000,AG03-UNRESOLVED,ALL5_LEVELS_bet23_to_bet27,6.7506,6.7506,6.7506,8.4383,8.4383,4.000000,4.000000,4.000000,5.000000,5.000000,96.000000,96.000000,96.000000,95.000000,95.000000,5.0,37.1285,34.0107,131.6376,134.7554,PENDING_AG03,FALSE,NOT_FOR_ENFORCEMENT,162.0155,234591.6392,168.7661,162.0155,6.7506,0.00062781,0.00060270,6.7506,162.0155,0.00060270,6.7506,6.7506,6.7506,8.4383,8.4383,162.0155,0.00060270,37.1285,34.0107,131.6376,134.7554,0.00048969,0.00050129,0.00002511,43.0246,43.5591,0.0301,2.0581,0.0627,3278.2661,68.4146,17.6798,46.9397,25.7155,39.4976,52.6635,77.1466,82.2897,128.5777,31.4111,0.0,2.083411,3.25533,1.089297,30,192,222,8,0.05498276,0.00062781,0.08642944,0E-8,0.000000,0.909041,0.000000,-0.09079372,2026-03-23,2026-08-06,82,2690,1181,137,0.598540,0.376650,0.410924,0.183276,,,,,,,,GLOBAL_BASELINE_NO_ENTITY_RANKING,,,NOT_APPLICABLE_GLOBAL_BASELINE,HF9g-P5,,,,X 全窗基线 · 不参与实体赏罚,6877822,688,A168_HF9F_20260827_0900,2026-08-27 09:00:00
2026-06-22,70460261,1363,0,267.4415614472,-117.0056831331,-117.0056831331,0.2500000,5,4,0.47715963269229032,0.446663237500,-0.9095880585038225,-0.7911672706255539,-0.9095880585038225,0.03049639519229032,ELIGIBLE,R03b_20260811_FULL_v1,L1_ELIGIBILITY,v2026-08-11,2026-03-21..2026-08-06,baccarat_bet02_101_all_pairs_incl_sentinel,round_win = game_pnl > 0 (decisive only),COMPATIBILITY_ONLY_NOT_PRODUCTION,268817.8208,244366.2908,168.7661,6248,5610,-0.00062781,-0.08642944,0.00436428,-0.00062781,-168.7661,268817.8208,OK,0.0000,6.7506,4.0000,96.0000,AG03-UNRESOLVED,ALL5_LEVELS_bet23_to_bet27,6.7506,6.7506,6.7506,8.4383,8.4383,4.000000,4.000000,4.000000,5.000000,5.000000,96.000000,96.000000,96.000000,95.000000,95.000000,5.0,37.1285,34.0107,131.6376,134.7554,PENDING_AG03,FALSE,NOT_FOR_ENFORCEMENT,162.0155,234591.6392,168.7661,162.0155,6.7506,0.00062781,0.00060270,6.7506,162.0155,0.00060270,6.7506,6.7506,6.7506,8.4383,8.4383,162.0155,0.00060270,37.1285,34.0107,131.6376,134.7554,0.00048969,0.00050129,0.00002511,43.0246,43.5591,0.0301,2.0581,0.0627,3278.2661,68.4146,17.6798,46.9397,25.7155,39.4976,52.6635,77.1466,82.2897,128.5777,31.4111,0.0,2.083411,3.25533,1.089297,30,192,222,8,0.05498276,0.00062781,0.08642944,0E-8,0.000000,0.909041,0.000000,-0.09079372,2026-03-23,2026-08-06,82,2690,1181,137,0.598540,0.376650,0.410924,0.183276,,,,,,,,GLOBAL_BASELINE_NO_ENTITY_RANKING,,,NOT_APPLICABLE_GLOBAL_BASELINE,HF9g-P5,,,,X 全窗基线 · 不参与实体赏罚,6877823,688,A168_HF9F_20260827_0900,2026-08-27 09:00:00
2026-06-22,70460261,1382,0,51.4310695091,-51.4310695091,-51.4310695091,0E-7,1,1,0.50665070000000000,0.506650700000,-1.013391052207602,-1.013391052207602,-1.013391052207602,0E-17,ELIGIBLE,R03b_20260811_FULL_v1,L1_ELIGIBILITY,v2026-08-11,2026-03-21..2026-08-06,baccarat_bet02_101_all_pairs_incl_sentinel,round_win = game_pnl > 0 (decisive only),COMPATIBILITY_ONLY_NOT_PRODUCTION,268817.8208,244366.2908,168.7661,6248,5610,-0.00062781,-0.08642944,0.00436428,-0.00062781,-168.7661,268817.8208,OK,0.0000,6.7506,4.0000,96.0000,AG03-UNRESOLVED,ALL5_LEVELS_bet23_to_bet27,6.7506,6.7506,6.7506,8.4383,8.4383,4.000000,4.000000,4.000000,5.000000,5.000000,96.000000,96.000000,96.000000,95.000000,95.000000,5.0,37.1285,34.0107,131.6376,134.7554,PENDING_AG03,FALSE,NOT_FOR_ENFORCEMENT,162.0155,234591.6392,168.7661,162.0155,6.7506,0.00062781,0.00060270,6.7506,162.0155,0.00060270,6.7506,6.7506,6.7506,8.4383,8.4383,162.0155,0.00060270,37.1285,34.0107,131.6376,134.7554,0.00048969,0.00050129,0.00002511,43.0246,43.5591,0.0301,2.0581,0.0627,3278.2661,68.4146,17.6798,46.9397,25.7155,39.4976,52.6635,77.1466,82.2897,128.5777,31.4111,0.0,2.083411,3.25533,1.089297,30,192,222,8,0.05498276,0.00062781,0.08642944,0E-8,0.000000,0.909041,0.000000,-0.09079372,2026-03-23,2026-08-06,82,2690,1181,137,0.598540,0.376650,0.410924,0.183276,,,,,,,,GLOBAL_BASELINE_NO_ENTITY_RANKING,,,NOT_APPLICABLE_GLOBAL_BASELINE,HF9g-P5,,,,X 全窗基线 · 不参与实体赏罚,6877824,688,A168_HF9F_20260827_0900,2026-08-27 09:00:00
2026-06-22,70460261,1399,0,308.5864170544,-181.2945200195,-181.2945200195,0.2500000,6,5,0.48852712800002819,0.461341770000,-0.9543597837119064,-0.8479051974750506,-0.9543597837119064,0.02718535800002819,ELIGIBLE,R03b_20260811_FULL_v1,L1_ELIGIBILITY,v2026-08-11,2026-03-21..2026-08-06,baccarat_bet02_101_all_pairs_incl_sentinel,round_win = game_pnl > 0 (decisive only),COMPATIBILITY_ONLY_NOT_PRODUCTION,268817.8208,244366.2908,168.7661,6248,5610,-0.00062781,-0.08642944,0.00436428,-0.00062781,-168.7661,268817.8208,OK,0.0000,6.7506,4.0000,96.0000,AG03-UNRESOLVED,ALL5_LEVELS_bet23_to_bet27,6.7506,6.7506,6.7506,8.4383,8.4383,4.000000,4.000000,4.000000,5.000000,5.000000,96.000000,96.000000,96.000000,95.000000,95.000000,5.0,37.1285,34.0107,131.6376,134.7554,PENDING_AG03,FALSE,NOT_FOR_ENFORCEMENT,162.0155,234591.6392,168.7661,162.0155,6.7506,0.00062781,0.00060270,6.7506,162.0155,0.00060270,6.7506,6.7506,6.7506,8.4383,8.4383,162.0155,0.00060270,37.1285,34.0107,131.6376,134.7554,0.00048969,0.00050129,0.00002511,43.0246,43.5591,0.0301,2.0581,0.0627,3278.2661,68.4146,17.6798,46.9397,25.7155,39.4976,52.6635,77.1466,82.2897,128.5777,31.4111,0.0,2.083411,3.25533,1.089297,30,192,222,8,0.05498276,0.00062781,0.08642944,0E-8,0.000000,0.909041,0.000000,-0.09079372,2026-03-23,2026-08-06,82,2690,1181,137,0.598540,0.376650,0.410924,0.183276,,,,,,,,GLOBAL_BASELINE_NO_ENTITY_RANKING,,,NOT_APPLICABLE_GLOBAL_BASELINE,HF9g-P5,,,,X 全窗基线 · 不参与实体赏罚,6877825,688,A168_HF9F_20260827_0900,2026-08-27 09:00:00
2026-06-22,70460261,1401,0,725.1780800779,43.9735644303,43.9735644303,0.6363636,13,12,0.49700649305556235,0.484420679167,0.9244072799480517,1.00836516716353,0.9244072799480517,0.01258581388856235,ELIGIBLE,R03b_20260811_FULL_v1,L1_ELIGIBILITY,v2026-08-11,2026-03-21..2026-08-06,baccarat_bet02_101_all_pairs_incl_sentinel,round_win = game_pnl > 0 (decisive only),COMPATIBILITY_ONLY_NOT_PRODUCTION,268817.8208,244366.2908,168.7661,6248,5610,-0.00062781,-0.08642944,0.00436428,-0.00062781,-168.7661,268817.8208,OK,0.0000,6.7506,4.0000,96.0000,AG03-UNRESOLVED,ALL5_LEVELS_bet23_to_bet27,6.7506,6.7506,6.7506,8.4383,8.4383,4.000000,4.000000,4.000000,5.000000,5.000000,96.000000,96.000000,96.000000,95.000000,95.000000,5.0,37.1285,34.0107,131.6376,134.7554,PENDING_AG03,FALSE,NOT_FOR_ENFORCEMENT,162.0155,234591.6392,168.7661,162.0155,6.7506,0.00062781,0.00060270,6.7506,162.0155,0.00060270,6.7506,6.7506,6.7506,8.4383,8.4383,162.0155,0.00060270,37.1285,34.0107,131.6376,134.7554,0.00048969,0.00050129,0.00002511,43.0246,43.5591,0.0301,2.0581,0.0627,3278.2661,68.4146,17.6798,46.9397,25.7155,39.4976,52.6635,77.1466,82.2897,128.5777,31.4111,0.0,2.083411,3.25533,1.089297,30,192,222,8,0.05498276,0.00062781,0.08642944,0E-8,0.000000,0.909041,0.000000,-0.09079372,2026-03-23,2026-08-06,82,2690,1181,137,0.598540,0.376650,0.410924,0.183276,,,,,,,,GLOBAL_BASELINE_NO_ENTITY_RANKING,,,NOT_APPLICABLE_GLOBAL_BASELINE,HF9g-P5,,,,X 全窗基线 · 不参与实体赏罚,6877826,688,A168_HF9F_20260827_0900,2026-08-27 09:00:00
2026-06-22,70460261,1405,0,102.8621390182,0E-10,0E-10,0.5000000,2,2,0.49324550000000000,0.493245500000,0.01910635448239258,0.01910635448239258,0.01910635448239258,0E-17,ELIGIBLE,R03b_20260811_FULL_v1,L1_ELIGIBILITY,v2026-08-11,2026-03-21..2026-08-06,baccarat_bet02_101_all_pairs_incl_sentinel,round_win = game_pnl > 0 (decisive only),COMPATIBILITY_ONLY_NOT_PRODUCTION,268817.8208,244366.2908,168.7661,6248,5610,-0.00062781,-0.08642944,0.00436428,-0.00062781,-168.7661,268817.8208,OK,0.0000,6.7506,4.0000,96.0000,AG03-UNRESOLVED,ALL5_LEVELS_bet23_to_bet27,6.7506,6.7506,6.7506,8.4383,8.4383,4.000000,4.000000,4.000000,5.000000,5.000000,96.000000,96.000000,96.000000,95.000000,95.000000,5.0,37.1285,34.0107,131.6376,134.7554,PENDING_AG03,FALSE,NOT_FOR_ENFORCEMENT,162.0155,234591.6392,168.7661,162.0155,6.7506,0.00062781,0.00060270,6.7506,162.0155,0.00060270,6.7506,6.7506,6.7506,8.4383,8.4383,162.0155,0.00060270,37.1285,34.0107,131.6376,134.7554,0.00048969,0.00050129,0.00002511,43.0246,43.5591,0.0301,2.0581,0.0627,3278.2661,68.4146,17.6798,46.9397,25.7155,39.4976,52.6635,77.1466,82.2897,128.5777,31.4111,0.0,2.083411,3.25533,1.089297,30,192,222,8,0.05498276,0.00062781,0.08642944,0E-8,0.000000,0.909041,0.000000,-0.09079372,2026-03-23,2026-08-06,82,2690,1181,137,0.598540,0.376650,0.410924,0.183276,,,,,,,,GLOBAL_BASELINE_NO_ENTITY_RANKING,,,NOT_APPLICABLE_GLOBAL_BASELINE,HF9g-P5,,,,X 全窗基线 · 不参与实体赏罚,6877827,688,A168_HF9F_20260827_0900,2026-08-27 09:00:00
2026-06-22,70460261,1490,0,231.4398127908,96.4332553296,96.4332553296,0.5000000,3,3,0.50665070000000000,0.506650700000,-0.018812684590367487,-0.018812684590367487,-0.018812684590367487,0E-17,ELIGIBLE,R03b_20260811_FULL_v1,L1_ELIGIBILITY,v2026-08-11,2026-03-21..2026-08-06,baccarat_bet02_101_all_pairs_incl_sentinel,round_win = game_pnl > 0 (decisive only),COMPATIBILITY_ONLY_NOT_PRODUCTION,268817.8208,244366.2908,168.7661,6248,5610,-0.00062781,-0.08642944,0.00436428,-0.00062781,-168.7661,268817.8208,OK,0.0000,6.7506,4.0000,96.0000,AG03-UNRESOLVED,ALL5_LEVELS_bet23_to_bet27,6.7506,6.7506,6.7506,8.4383,8.4383,4.000000,4.000000,4.000000,5.000000,5.000000,96.000000,96.000000,96.000000,95.000000,95.000000,5.0,37.1285,34.0107,131.6376,134.7554,PENDING_AG03,FALSE,NOT_FOR_ENFORCEMENT,162.0155,234591.6392,168.7661,162.0155,6.7506,0.00062781,0.00060270,6.7506,162.0155,0.00060270,6.7506,6.7506,6.7506,8.4383,8.4383,162.0155,0.00060270,37.1285,34.0107,131.6376,134.7554,0.00048969,0.00050129,0.00002511,43.0246,43.5591,0.0301,2.0581,0.0627,3278.2661,68.4146,17.6798,46.9397,25.7155,39.4976,52.6635,77.1466,82.2897,128.5777,31.4111,0.0,2.083411,3.25533,1.089297,30,192,222,8,0.05498276,0.00062781,0.08642944,0E-8,0.000000,0.909041,0.000000,-0.09079372,2026-03-23,2026-08-06,82,2690,1181,137,0.598540,0.376650,0.410924,0.183276,,,,,,,,GLOBAL_BASELINE_NO_ENTITY_RANKING,,,NOT_APPLICABLE_GLOBAL_BASELINE,HF9g-P5,,,,X 全窗基线 · 不参与实体赏罚,6877828,688,A168_HF9F_20260827_0900,2026-08-27 09:00:00
2026-06-22,70460261,1509,0,56.5741764600,-56.5741764600,-56.5741764600,0E-7,1,1,0.50665070000000000,0.506650700000,-1.013391052207602,-1.013391052207602,-1.013391052207602,0E-17,ELIGIBLE,R03b_20260811_FULL_v1,L1_ELIGIBILITY,v2026-08-11,2026-03-21..2026-08-06,baccarat_bet02_101_all_pairs_incl_sentinel,round_win = game_pnl > 0 (decisive only),COMPATIBILITY_ONLY_NOT_PRODUCTION,268817.8208,244366.2908,168.7661,6248,5610,-0.00062781,-0.08642944,0.00436428,-0.00062781,-168.7661,268817.8208,OK,0.0000,6.7506,4.0000,96.0000,AG03-UNRESOLVED,ALL5_LEVELS_bet23_to_bet27,6.7506,6.7506,6.7506,8.4383,8.4383,4.000000,4.000000,4.000000,5.000000,5.000000,96.000000,96.000000,96.000000,95.000000,95.000000,5.0,37.1285,34.0107,131.6376,134.7554,PENDING_AG03,FALSE,NOT_FOR_ENFORCEMENT,162.0155,234591.6392,168.7661,162.0155,6.7506,0.00062781,0.00060270,6.7506,162.0155,0.00060270,6.7506,6.7506,6.7506,8.4383,8.4383,162.0155,0.00060270,37.1285,34.0107,131.6376,134.7554,0.00048969,0.00050129,0.00002511,43.0246,43.5591,0.0301,2.0581,0.0627,3278.2661,68.4146,17.6798,46.9397,25.7155,39.4976,52.6635,77.1466,82.2897,128.5777,31.4111,0.0,2.083411,3.25533,1.089297,30,192,222,8,0.05498276,0.00062781,0.08642944,0E-8,0.000000,0.909041,0.000000,-0.09079372,2026-03-23,2026-08-06,82,2690,1181,137,0.598540,0.376650,0.410924,0.183276,,,,,,,,GLOBAL_BASELINE_NO_ENTITY_RANKING,,,NOT_APPLICABLE_GLOBAL_BASELINE,HF9g-P5,,,,X 全窗基线 · 不参与实体赏罚,6877829,688,A168_HF9F_20260827_0900,2026-08-27 09:00:00
2026-06-22,70460261,1654,0,77.1466042636,-27.0013114923,-27.0013114923,0.5000000,2,2,0.49994810000000000,0.499948100000,0.00014679536856514622,0.00014679536856514622,0.00014679536856514622,0E-17,ELIGIBLE,R03b_20260811_FULL_v1,L1_ELIGIBILITY,v2026-08-11,2026-03-21..2026-08-06,baccarat_bet02_101_all_pairs_incl_sentinel,round_win = game_pnl > 0 (decisive only),COMPATIBILITY_ONLY_NOT_PRODUCTION,268817.8208,244366.2908,168.7661,6248,5610,-0.00062781,-0.08642944,0.00436428,-0.00062781,-168.7661,268817.8208,OK,0.0000,6.7506,4.0000,96.0000,AG03-UNRESOLVED,ALL5_LEVELS_bet23_to_bet27,6.7506,6.7506,6.7506,8.4383,8.4383,4.000000,4.000000,4.000000,5.000000,5.000000,96.000000,96.000000,96.000000,95.000000,95.000000,5.0,37.1285,34.0107,131.6376,134.7554,PENDING_AG03,FALSE,NOT_FOR_ENFORCEMENT,162.0155,234591.6392,168.7661,162.0155,6.7506,0.00062781,0.00060270,6.7506,162.0155,0.00060270,6.7506,6.7506,6.7506,8.4383,8.4383,162.0155,0.00060270,37.1285,34.0107,131.6376,134.7554,0.00048969,0.00050129,0.00002511,43.0246,43.5591,0.0301,2.0581,0.0627,3278.2661,68.4146,17.6798,46.9397,25.7155,39.4976,52.6635,77.1466,82.2897,128.5777,31.4111,0.0,2.083411,3.25533,1.089297,30,192,222,8,0.05498276,0.00062781,0.08642944,0E-8,0.000000,0.909041,0.000000,-0.09079372,2026-03-23,2026-08-06,82,2690,1181,137,0.598540,0.376650,0.410924,0.183276,,,,,,,,GLOBAL_BASELINE_NO_ENTITY_RANKING,,,NOT_APPLICABLE_GLOBAL_BASELINE,HF9g-P5,,,,X 全窗基线 · 不参与实体赏罚,6877830,688,A168_HF9F_20260827_0900,2026-08-27 09:00:00
2026-06-22,70460261,1704,0,77.1466042636,-77.1466042636,-77.1466042636,0E-7,1,1,0.50665070000000000,0.506650700000,-1.013391052207602,-1.013391052207602,-1.013391052207602,0E-17,ELIGIBLE,R03b_20260811_FULL_v1,L1_ELIGIBILITY,v2026-08-11,2026-03-21..2026-08-06,baccarat_bet02_101_all_pairs_incl_sentinel,round_win = game_pnl > 0 (decisive only),COMPATIBILITY_ONLY_NOT_PRODUCTION,268817.8208,244366.2908,168.7661,6248,5610,-0.00062781,-0.08642944,0.00436428,-0.00062781,-168.7661,268817.8208,OK,0.0000,6.7506,4.0000,96.0000,AG03-UNRESOLVED,ALL5_LEVELS_bet23_to_bet27,6.7506,6.7506,6.7506,8.4383,8.4383,4.000000,4.000000,4.000000,5.000000,5.000000,96.000000,96.000000,96.000000,95.000000,95.000000,5.0,37.1285,34.0107,131.6376,134.7554,PENDING_AG03,FALSE,NOT_FOR_ENFORCEMENT,162.0155,234591.6392,168.7661,162.0155,6.7506,0.00062781,0.00060270,6.7506,162.0155,0.00060270,6.7506,6.7506,6.7506,8.4383,8.4383,162.0155,0.00060270,37.1285,34.0107,131.6376,134.7554,0.00048969,0.00050129,0.00002511,43.0246,43.5591,0.0301,2.0581,0.0627,3278.2661,68.4146,17.6798,46.9397,25.7155,39.4976,52.6635,77.1466,82.2897,128.5777,31.4111,0.0,2.083411,3.25533,1.089297,30,192,222,8,0.05498276,0.00062781,0.08642944,0E-8,0.000000,0.909041,0.000000,-0.09079372,2026-03-23,2026-08-06,82,2690,1181,137,0.598540,0.376650,0.410924,0.183276,,,,,,,,GLOBAL_BASELINE_NO_ENTITY_RANKING,,,NOT_APPLICABLE_GLOBAL_BASELINE,HF9g-P5,,,,X 全窗基线 · 不参与实体赏罚,6877831,688,A168_HF9F_20260827_0900,2026-08-27 09:00:00
2026-06-22,70460261,1714,0,51.4310695091,-51.4310695091,-51.4310695091,0E-7,1,1,0.50665070000000000,0.506650700000,-1.013391052207602,-1.013391052207602,-1.013391052207602,0E-17,ELIGIBLE,R03b_20260811_FULL_v1,L1_ELIGIBILITY,v2026-08-11,2026-03-21..2026-08-06,baccarat_bet02_101_all_pairs_incl_sentinel,round_win = game_pnl > 0 (decisive only),COMPATIBILITY_ONLY_NOT_PRODUCTION,268817.8208,244366.2908,168.7661,6248,5610,-0.00062781,-0.08642944,0.00436428,-0.00062781,-168.7661,268817.8208,OK,0.0000,6.7506,4.0000,96.0000,AG03-UNRESOLVED,ALL5_LEVELS_bet23_to_bet27,6.7506,6.7506,6.7506,8.4383,8.4383,4.000000,4.000000,4.000000,5.000000,5.000000,96.000000,96.000000,96.000000,95.000000,95.000000,5.0,37.1285,34.0107,131.6376,134.7554,PENDING_AG03,FALSE,NOT_FOR_ENFORCEMENT,162.0155,234591.6392,168.7661,162.0155,6.7506,0.00062781,0.00060270,6.7506,162.0155,0.00060270,6.7506,6.7506,6.7506,8.4383,8.4383,162.0155,0.00060270,37.1285,34.0107,131.6376,134.7554,0.00048969,0.00050129,0.00002511,43.0246,43.5591,0.0301,2.0581,0.0627,3278.2661,68.4146,17.6798,46.9397,25.7155,39.4976,52.6635,77.1466,82.2897,128.5777,31.4111,0.0,2.083411,3.25533,1.089297,30,192,222,8,0.05498276,0.00062781,0.08642944,0E-8,0.000000,0.909041,0.000000,-0.09079372,2026-03-23,2026-08-06,82,2690,1181,137,0.598540,0.376650,0.410924,0.183276,,,,,,,,GLOBAL_BASELINE_NO_ENTITY_RANKING,,,NOT_APPLICABLE_GLOBAL_BASELINE,HF9g-P5,,,,X 全窗基线 · 不参与实体赏罚,6877832,688,A168_HF9F_20260827_0900,2026-08-27 09:00:00
2026-06-22,70460261,1957,0,102.8621390182,-102.8621390182,-102.8621390182,0E-7,1,1,0.50665070000000000,0.506650700000,-1.013391052207602,-1.013391052207602,-1.013391052207602,0E-17,ELIGIBLE,R03b_20260811_FULL_v1,L1_ELIGIBILITY,v2026-08-11,2026-03-21..2026-08-06,baccarat_bet02_101_all_pairs_incl_sentinel,round_win = game_pnl > 0 (decisive only),COMPATIBILITY_ONLY_NOT_PRODUCTION,268817.8208,244366.2908,168.7661,6248,5610,-0.00062781,-0.08642944,0.00436428,-0.00062781,-168.7661,268817.8208,OK,0.0000,6.7506,4.0000,96.0000,AG03-UNRESOLVED,ALL5_LEVELS_bet23_to_bet27,6.7506,6.7506,6.7506,8.4383,8.4383,4.000000,4.000000,4.000000,5.000000,5.000000,96.000000,96.000000,96.000000,95.000000,95.000000,5.0,37.1285,34.0107,131.6376,134.7554,PENDING_AG03,FALSE,NOT_FOR_ENFORCEMENT,162.0155,234591.6392,168.7661,162.0155,6.7506,0.00062781,0.00060270,6.7506,162.0155,0.00060270,6.7506,6.7506,6.7506,8.4383,8.4383,162.0155,0.00060270,37.1285,34.0107,131.6376,134.7554,0.00048969,0.00050129,0.00002511,43.0246,43.5591,0.0301,2.0581,0.0627,3278.2661,68.4146,17.6798,46.9397,25.7155,39.4976,52.6635,77.1466,82.2897,128.5777,31.4111,0.0,2.083411,3.25533,1.089297,30,192,222,8,0.05498276,0.00062781,0.08642944,0E-8,0.000000,0.909041,0.000000,-0.09079372,2026-03-23,2026-08-06,82,2690,1181,137,0.598540,0.376650,0.410924,0.183276,,,,,,,,GLOBAL_BASELINE_NO_ENTITY_RANKING,,,NOT_APPLICABLE_GLOBAL_BASELINE,HF9g-P5,,,,X 全窗基线 · 不参与实体赏罚,6877833,688,A168_HF9F_20260827_0900,2026-08-27 09:00:00
2026-06-22,70460261,1966,0,66.8603903618,-66.8603903618,-66.8603903618,0E-7,1,1,0.50665070000000000,0.506650700000,-1.013391052207602,-1.013391052207602,-1.013391052207602,0E-17,ELIGIBLE,R03b_20260811_FULL_v1,L1_ELIGIBILITY,v2026-08-11,2026-03-21..2026-08-06,baccarat_bet02_101_all_pairs_incl_sentinel,round_win = game_pnl > 0 (decisive only),COMPATIBILITY_ONLY_NOT_PRODUCTION,268817.8208,244366.2908,168.7661,6248,5610,-0.00062781,-0.08642944,0.00436428,-0.00062781,-168.7661,268817.8208,OK,0.0000,6.7506,4.0000,96.0000,AG03-UNRESOLVED,ALL5_LEVELS_bet23_to_bet27,6.7506,6.7506,6.7506,8.4383,8.4383,4.000000,4.000000,4.000000,5.000000,5.000000,96.000000,96.000000,96.000000,95.000000,95.000000,5.0,37.1285,34.0107,131.6376,134.7554,PENDING_AG03,FALSE,NOT_FOR_ENFORCEMENT,162.0155,234591.6392,168.7661,162.0155,6.7506,0.00062781,0.00060270,6.7506,162.0155,0.00060270,6.7506,6.7506,6.7506,8.4383,8.4383,162.0155,0.00060270,37.1285,34.0107,131.6376,134.7554,0.00048969,0.00050129,0.00002511,43.0246,43.5591,0.0301,2.0581,0.0627,3278.2661,68.4146,17.6798,46.9397,25.7155,39.4976,52.6635,77.1466,82.2897,128.5777,31.4111,0.0,2.083411,3.25533,1.089297,30,192,222,8,0.05498276,0.00062781,0.08642944,0E-8,0.000000,0.909041,0.000000,-0.09079372,2026-03-23,2026-08-06,82,2690,1181,137,0.598540,0.376650,0.410924,0.183276,,,,,,,,GLOBAL_BASELINE_NO_ENTITY_RANKING,,,NOT_APPLICABLE_GLOBAL_BASELINE,HF9g-P5,,,,X 全窗基线 · 不参与实体赏罚,6877834,688,A168_HF9F_20260827_0900,2026-08-27 09:00:00
2026-06-22,70460261,2117,0,257.1553475454,-257.1553475454,-257.1553475454,0E-7,4,3,0.47644474666671365,0.431135816667,-1.6522875783161874,-1.5078682049144911,-1.6522875783161874,0.04530892999971365,ELIGIBLE,R03b_20260811_FULL_v1,L1_ELIGIBILITY,v2026-08-11,2026-03-21..2026-08-06,baccarat_bet02_101_all_pairs_incl_sentinel,round_win = game_pnl > 0 (decisive only),COMPATIBILITY_ONLY_NOT_PRODUCTION,268817.8208,244366.2908,168.7661,6248,5610,-0.00062781,-0.08642944,0.00436428,-0.00062781,-168.7661,268817.8208,OK,0.0000,6.7506,4.0000,96.0000,AG03-UNRESOLVED,ALL5_LEVELS_bet23_to_bet27,6.7506,6.7506,6.7506,8.4383,8.4383,4.000000,4.000000,4.000000,5.000000,5.000000,96.000000,96.000000,96.000000,95.000000,95.000000,5.0,37.1285,34.0107,131.6376,134.7554,PENDING_AG03,FALSE,NOT_FOR_ENFORCEMENT,162.0155,234591.6392,168.7661,162.0155,6.7506,0.00062781,0.00060270,6.7506,162.0155,0.00060270,6.7506,6.7506,6.7506,8.4383,8.4383,162.0155,0.00060270,37.1285,34.0107,131.6376,134.7554,0.00048969,0.00050129,0.00002511,43.0246,43.5591,0.0301,2.0581,0.0627,3278.2661,68.4146,17.6798,46.9397,25.7155,39.4976,52.6635,77.1466,82.2897,128.5777,31.4111,0.0,2.083411,3.25533,1.089297,30,192,222,8,0.05498276,0.00062781,0.08642944,0E-8,0.000000,0.909041,0.000000,-0.09079372,2026-03-23,2026-08-06,82,2690,1181,137,0.598540,0.376650,0.410924,0.183276,,,,,,,,GLOBAL_BASELINE_NO_ENTITY_RANKING,,,NOT_APPLICABLE_GLOBAL_BASELINE,HF9g-P5,,,,X 全窗基线 · 不参与实体赏罚,6877835,688,A168_HF9F_20260827_0900,2026-08-27 09:00:00
2026-06-22,70460261,2127,0,77.1466042636,77.1466042636,77.1466042636,1.0000000,1,1,0.49324550000000000,0.493245500000,1.01360149184955,1.01360149184955,1.01360149184955,0E-17,ELIGIBLE,R03b_20260811_FULL_v1,L1_ELIGIBILITY,v2026-08-11,2026-03-21..2026-08-06,baccarat_bet02_101_all_pairs_incl_sentinel,round_win = game_pnl > 0 (decisive only),COMPATIBILITY_ONLY_NOT_PRODUCTION,268817.8208,244366.2908,168.7661,6248,5610,-0.00062781,-0.08642944,0.00436428,-0.00062781,-168.7661,268817.8208,OK,0.0000,6.7506,4.0000,96.0000,AG03-UNRESOLVED,ALL5_LEVELS_bet23_to_bet27,6.7506,6.7506,6.7506,8.4383,8.4383,4.000000,4.000000,4.000000,5.000000,5.000000,96.000000,96.000000,96.000000,95.000000,95.000000,5.0,37.1285,34.0107,131.6376,134.7554,PENDING_AG03,FALSE,NOT_FOR_ENFORCEMENT,162.0155,234591.6392,168.7661,162.0155,6.7506,0.00062781,0.00060270,6.7506,162.0155,0.00060270,6.7506,6.7506,6.7506,8.4383,8.4383,162.0155,0.00060270,37.1285,34.0107,131.6376,134.7554,0.00048969,0.00050129,0.00002511,43.0246,43.5591,0.0301,2.0581,0.0627,3278.2661,68.4146,17.6798,46.9397,25.7155,39.4976,52.6635,77.1466,82.2897,128.5777,31.4111,0.0,2.083411,3.25533,1.089297,30,192,222,8,0.05498276,0.00062781,0.08642944,0E-8,0.000000,0.909041,0.000000,-0.09079372,2026-03-23,2026-08-06,82,2690,1181,137,0.598540,0.376650,0.410924,0.183276,,,,,,,,GLOBAL_BASELINE_NO_ENTITY_RANKING,,,NOT_APPLICABLE_GLOBAL_BASELINE,HF9g-P5,,,,X 全窗基线 · 不参与实体赏罚,6877836,688,A168_HF9F_20260827_0900,2026-08-27 09:00:00
2026-06-22,70460261,2134,0,77.1466042636,-77.1466042636,-77.1466042636,0E-7,1,1,0.50665070000000000,0.506650700000,-1.013391052207602,-1.013391052207602,-1.013391052207602,0E-17,ELIGIBLE,R03b_20260811_FULL_v1,L1_ELIGIBILITY,v2026-08-11,2026-03-21..2026-08-06,baccarat_bet02_101_all_pairs_incl_sentinel,round_win = game_pnl > 0 (decisive only),COMPATIBILITY_ONLY_NOT_PRODUCTION,268817.8208,244366.2908,168.7661,6248,5610,-0.00062781,-0.08642944,0.00436428,-0.00062781,-168.7661,268817.8208,OK,0.0000,6.7506,4.0000,96.0000,AG03-UNRESOLVED,ALL5_LEVELS_bet23_to_bet27,6.7506,6.7506,6.7506,8.4383,8.4383,4.000000,4.000000,4.000000,5.000000,5.000000,96.000000,96.000000,96.000000,95.000000,95.000000,5.0,37.1285,34.0107,131.6376,134.7554,PENDING_AG03,FALSE,NOT_FOR_ENFORCEMENT,162.0155,234591.6392,168.7661,162.0155,6.7506,0.00062781,0.00060270,6.7506,162.0155,0.00060270,6.7506,6.7506,6.7506,8.4383,8.4383,162.0155,0.00060270,37.1285,34.0107,131.6376,134.7554,0.00048969,0.00050129,0.00002511,43.0246,43.5591,0.0301,2.0581,0.0627,3278.2661,68.4146,17.6798,46.9397,25.7155,39.4976,52.6635,77.1466,82.2897,128.5777,31.4111,0.0,2.083411,3.25533,1.089297,30,192,222,8,0.05498276,0.00062781,0.08642944,0E-8,0.000000,0.909041,0.000000,-0.09079372,2026-03-23,2026-08-06,82,2690,1181,137,0.598540,0.376650,0.410924,0.183276,,,,,,,,GLOBAL_BASELINE_NO_ENTITY_RANKING,,,NOT_APPLICABLE_GLOBAL_BASELINE,HF9g-P5,,,,X 全窗基线 · 不参与实体赏罚,6877837,688,A168_HF9F_20260827_0900,2026-08-27 09:00:00
2026-06-22,70460261,2141,0,51.4310695091,-51.4310695091,-51.4310695091,0E-7,1,1,0.50665070000000000,0.506650700000,-1.013391052207602,-1.013391052207602,-1.013391052207602,0E-17,ELIGIBLE,R03b_20260811_FULL_v1,L1_ELIGIBILITY,v2026-08-11,2026-03-21..2026-08-06,baccarat_bet02_101_all_pairs_incl_sentinel,round_win = game_pnl > 0 (decisive only),COMPATIBILITY_ONLY_NOT_PRODUCTION,268817.8208,244366.2908,168.7661,6248,5610,-0.00062781,-0.08642944,0.00436428,-0.00062781,-168.7661,268817.8208,OK,0.0000,6.7506,4.0000,96.0000,AG03-UNRESOLVED,ALL5_LEVELS_bet23_to_bet27,6.7506,6.7506,6.7506,8.4383,8.4383,4.000000,4.000000,4.000000,5.000000,5.000000,96.000000,96.000000,96.000000,95.000000,95.000000,5.0,37.1285,34.0107,131.6376,134.7554,PENDING_AG03,FALSE,NOT_FOR_ENFORCEMENT,162.0155,234591.6392,168.7661,162.0155,6.7506,0.00062781,0.00060270,6.7506,162.0155,0.00060270,6.7506,6.7506,6.7506,8.4383,8.4383,162.0155,0.00060270,37.1285,34.0107,131.6376,134.7554,0.00048969,0.00050129,0.00002511,43.0246,43.5591,0.0301,2.0581,0.0627,3278.2661,68.4146,17.6798,46.9397,25.7155,39.4976,52.6635,77.1466,82.2897,128.5777,31.4111,0.0,2.083411,3.25533,1.089297,30,192,222,8,0.05498276,0.00062781,0.08642944,0E-8,0.000000,0.909041,0.000000,-0.09079372,2026-03-23,2026-08-06,82,2690,1181,137,0.598540,0.376650,0.410924,0.183276,,,,,,,,GLOBAL_BASELINE_NO_ENTITY_RANKING,,,NOT_APPLICABLE_GLOBAL_BASELINE,HF9g-P5,,,,X 全窗基线 · 不参与实体赏罚,6877838,688,A168_HF9F_20260827_0900,2026-08-27 09:00:00
2026-06-22,70460261,2145,0,493.7382672871,-77.6609149585,-77.6609149585,0.4444444,9,9,0.50367176666666667,0.503671766667,-0.35537351566192493,-0.3553735156639268,-0.35537351566192493,-3.3333E-13,ELIGIBLE,R03b_20260811_FULL_v1,L1_ELIGIBILITY,v2026-08-11,2026-03-21..2026-08-06,baccarat_bet02_101_all_pairs_incl_sentinel,round_win = game_pnl > 0 (decisive only),COMPATIBILITY_ONLY_NOT_PRODUCTION,268817.8208,244366.2908,168.7661,6248,5610,-0.00062781,-0.08642944,0.00436428,-0.00062781,-168.7661,268817.8208,OK,0.0000,6.7506,4.0000,96.0000,AG03-UNRESOLVED,ALL5_LEVELS_bet23_to_bet27,6.7506,6.7506,6.7506,8.4383,8.4383,4.000000,4.000000,4.000000,5.000000,5.000000,96.000000,96.000000,96.000000,95.000000,95.000000,5.0,37.1285,34.0107,131.6376,134.7554,PENDING_AG03,FALSE,NOT_FOR_ENFORCEMENT,162.0155,234591.6392,168.7661,162.0155,6.7506,0.00062781,0.00060270,6.7506,162.0155,0.00060270,6.7506,6.7506,6.7506,8.4383,8.4383,162.0155,0.00060270,37.1285,34.0107,131.6376,134.7554,0.00048969,0.00050129,0.00002511,43.0246,43.5591,0.0301,2.0581,0.0627,3278.2661,68.4146,17.6798,46.9397,25.7155,39.4976,52.6635,77.1466,82.2897,128.5777,31.4111,0.0,2.083411,3.25533,1.089297,30,192,222,8,0.05498276,0.00062781,0.08642944,0E-8,0.000000,0.909041,0.000000,-0.09079372,2026-03-23,2026-08-06,82,2690,1181,137,0.598540,0.376650,0.410924,0.183276,,,,,,,,GLOBAL_BASELINE_NO_ENTITY_RANKING,,,NOT_APPLICABLE_GLOBAL_BASELINE,HF9g-P5,,,,X 全窗基线 · 不参与实体赏罚,6877839,688,A168_HF9F_20260827_0900,2026-08-27 09:00:00
2026-06-22,70460261,2153,0,77.1466042636,73.2892740505,73.2892740505,1.0000000,1,1,0.50665070000000000,0.506650700000,0.9867858985152569,0.9867858985152569,0.9867858985152569,0E-17,ELIGIBLE,R03b_20260811_FULL_v1,L1_ELIGIBILITY,v2026-08-11,2026-03-21..2026-08-06,baccarat_bet02_101_all_pairs_incl_sentinel,round_win = game_pnl > 0 (decisive only),COMPATIBILITY_ONLY_NOT_PRODUCTION,268817.8208,244366.2908,168.7661,6248,5610,-0.00062781,-0.08642944,0.00436428,-0.00062781,-168.7661,268817.8208,OK,0.0000,6.7506,4.0000,96.0000,AG03-UNRESOLVED,ALL5_LEVELS_bet23_to_bet27,6.7506,6.7506,6.7506,8.4383,8.4383,4.000000,4.000000,4.000000,5.000000,5.000000,96.000000,96.000000,96.000000,95.000000,95.000000,5.0,37.1285,34.0107,131.6376,134.7554,PENDING_AG03,FALSE,NOT_FOR_ENFORCEMENT,162.0155,234591.6392,168.7661,162.0155,6.7506,0.00062781,0.00060270,6.7506,162.0155,0.00060270,6.7506,6.7506,6.7506,8.4383,8.4383,162.0155,0.00060270,37.1285,34.0107,131.6376,134.7554,0.00048969,0.00050129,0.00002511,43.0246,43.5591,0.0301,2.0581,0.0627,3278.2661,68.4146,17.6798,46.9397,25.7155,39.4976,52.6635,77.1466,82.2897,128.5777,31.4111,0.0,2.083411,3.25533,1.089297,30,192,222,8,0.05498276,0.00062781,0.08642944,0E-8,0.000000,0.909041,0.000000,-0.09079372,2026-03-23,2026-08-06,82,2690,1181,137,0.598540,0.376650,0.410924,0.183276,,,,,,,,GLOBAL_BASELINE_NO_ENTITY_RANKING,,,NOT_APPLICABLE_GLOBAL_BASELINE,HF9g-P5,,,,X 全窗基线 · 不参与实体赏罚,6877840,688,A168_HF9F_20260827_0900,2026-08-27 09:00:00
2026-06-22,70460261,2169,0,406.0482937741,296.8987065087,296.8987065087,0.8571429,7,7,0.50282064285714286,0.502820642857,1.8749267601414201,1.8749267601421726,1.8749267601414201,1.4286E-13,ELIGIBLE,R03b_20260811_FULL_v1,L1_ELIGIBILITY,v2026-08-11,2026-03-21..2026-08-06,baccarat_bet02_101_all_pairs_incl_sentinel,round_win = game_pnl > 0 (decisive only),COMPATIBILITY_ONLY_NOT_PRODUCTION,268817.8208,244366.2908,168.7661,6248,5610,-0.00062781,-0.08642944,0.00436428,-0.00062781,-168.7661,268817.8208,OK,0.0000,6.7506,4.0000,96.0000,AG03-UNRESOLVED,ALL5_LEVELS_bet23_to_bet27,6.7506,6.7506,6.7506,8.4383,8.4383,4.000000,4.000000,4.000000,5.000000,5.000000,96.000000,96.000000,96.000000,95.000000,95.000000,5.0,37.1285,34.0107,131.6376,134.7554,PENDING_AG03,FALSE,NOT_FOR_ENFORCEMENT,162.0155,234591.6392,168.7661,162.0155,6.7506,0.00062781,0.00060270,6.7506,162.0155,0.00060270,6.7506,6.7506,6.7506,8.4383,8.4383,162.0155,0.00060270,37.1285,34.0107,131.6376,134.7554,0.00048969,0.00050129,0.00002511,43.0246,43.5591,0.0301,2.0581,0.0627,3278.2661,68.4146,17.6798,46.9397,25.7155,39.4976,52.6635,77.1466,82.2897,128.5777,31.4111,0.0,2.083411,3.25533,1.089297,30,192,222,8,0.05498276,0.00062781,0.08642944,0E-8,0.000000,0.909041,0.000000,-0.09079372,2026-03-23,2026-08-06,82,2690,1181,137,0.598540,0.376650,0.410924,0.183276,,,,,,,,GLOBAL_BASELINE_NO_ENTITY_RANKING,,,NOT_APPLICABLE_GLOBAL_BASELINE,HF9g-P5,,,,X 全窗基线 · 不参与实体赏罚,6877841,688,A168_HF9F_20260827_0900,2026-08-27 09:00:00
2026-06-22,70460261,2175,0,213.4389384627,-141.4354411500,-141.4354411500,0E-7,3,3,0.50218230000000000,0.502182300000,-1.4203995680682369,-1.4203995680682369,-1.4203995680682369,0E-17,ELIGIBLE,R03b_20260811_FULL_v1,L1_ELIGIBILITY,v2026-08-11,2026-03-21..2026-08-06,baccarat_bet02_101_all_pairs_incl_sentinel,round_win = game_pnl > 0 (decisive only),COMPATIBILITY_ONLY_NOT_PRODUCTION,268817.8208,244366.2908,168.7661,6248,5610,-0.00062781,-0.08642944,0.00436428,-0.00062781,-168.7661,268817.8208,OK,0.0000,6.7506,4.0000,96.0000,AG03-UNRESOLVED,ALL5_LEVELS_bet23_to_bet27,6.7506,6.7506,6.7506,8.4383,8.4383,4.000000,4.000000,4.000000,5.000000,5.000000,96.000000,96.000000,96.000000,95.000000,95.000000,5.0,37.1285,34.0107,131.6376,134.7554,PENDING_AG03,FALSE,NOT_FOR_ENFORCEMENT,162.0155,234591.6392,168.7661,162.0155,6.7506,0.00062781,0.00060270,6.7506,162.0155,0.00060270,6.7506,6.7506,6.7506,8.4383,8.4383,162.0155,0.00060270,37.1285,34.0107,131.6376,134.7554,0.00048969,0.00050129,0.00002511,43.0246,43.5591,0.0301,2.0581,0.0627,3278.2661,68.4146,17.6798,46.9397,25.7155,39.4976,52.6635,77.1466,82.2897,128.5777,31.4111,0.0,2.083411,3.25533,1.089297,30,192,222,8,0.05498276,0.00062781,0.08642944,0E-8,0.000000,0.909041,0.000000,-0.09079372,2026-03-23,2026-08-06,82,2690,1181,137,0.598540,0.376650,0.410924,0.183276,,,,,,,,GLOBAL_BASELINE_NO_ENTITY_RANKING,,,NOT_APPLICABLE_GLOBAL_BASELINE,HF9g-P5,,,,X 全窗基线 · 不参与实体赏罚,6877842,688,A168_HF9F_20260827_0900,2026-08-27 09:00:00
2026-06-22,70460261,2188,0,100.2905855427,-100.2905855427,-100.2905855427,0E-7,2,2,0.50665070000000000,0.506650700000,-1.4331513700195317,-1.4331513700195317,-1.4331513700195317,0E-17,ELIGIBLE,R03b_20260811_FULL_v1,L1_ELIGIBILITY,v2026-08-11,2026-03-21..2026-08-06,baccarat_bet02_101_all_pairs_incl_sentinel,round_win = game_pnl > 0 (decisive only),COMPATIBILITY_ONLY_NOT_PRODUCTION,268817.8208,244366.2908,168.7661,6248,5610,-0.00062781,-0.08642944,0.00436428,-0.00062781,-168.7661,268817.8208,OK,0.0000,6.7506,4.0000,96.0000,AG03-UNRESOLVED,ALL5_LEVELS_bet23_to_bet27,6.7506,6.7506,6.7506,8.4383,8.4383,4.000000,4.000000,4.000000,5.000000,5.000000,96.000000,96.000000,96.000000,95.000000,95.000000,5.0,37.1285,34.0107,131.6376,134.7554,PENDING_AG03,FALSE,NOT_FOR_ENFORCEMENT,162.0155,234591.6392,168.7661,162.0155,6.7506,0.00062781,0.00060270,6.7506,162.0155,0.00060270,6.7506,6.7506,6.7506,8.4383,8.4383,162.0155,0.00060270,37.1285,34.0107,131.6376,134.7554,0.00048969,0.00050129,0.00002511,43.0246,43.5591,0.0301,2.0581,0.0627,3278.2661,68.4146,17.6798,46.9397,25.7155,39.4976,52.6635,77.1466,82.2897,128.5777,31.4111,0.0,2.083411,3.25533,1.089297,30,192,222,8,0.05498276,0.00062781,0.08642944,0E-8,0.000000,0.909041,0.000000,-0.09079372,2026-03-23,2026-08-06,82,2690,1181,137,0.598540,0.376650,0.410924,0.183276,,,,,,,,GLOBAL_BASELINE_NO_ENTITY_RANKING,,,NOT_APPLICABLE_GLOBAL_BASELINE,HF9g-P5,,,,X 全窗基线 · 不参与实体赏罚,6877843,688,A168_HF9F_20260827_0900,2026-08-27 09:00:00
2026-06-22,70460261,2196,0,167.1509759045,111.8625761824,111.8625761824,0.6666667,3,3,0.49771390000000000,0.497713900000,0.5852756695216578,0.5852756695216578,0.5852756695216578,0E-17,ELIGIBLE,R03b_20260811_FULL_v1,L1_ELIGIBILITY,v2026-08-11,2026-03-21..2026-08-06,baccarat_bet02_101_all_pairs_incl_sentinel,round_win = game_pnl > 0 (decisive only),COMPATIBILITY_ONLY_NOT_PRODUCTION,268817.8208,244366.2908,168.7661,6248,5610,-0.00062781,-0.08642944,0.00436428,-0.00062781,-168.7661,268817.8208,OK,0.0000,6.7506,4.0000,96.0000,AG03-UNRESOLVED,ALL5_LEVELS_bet23_to_bet27,6.7506,6.7506,6.7506,8.4383,8.4383,4.000000,4.000000,4.000000,5.000000,5.000000,96.000000,96.000000,96.000000,95.000000,95.000000,5.0,37.1285,34.0107,131.6376,134.7554,PENDING_AG03,FALSE,NOT_FOR_ENFORCEMENT,162.0155,234591.6392,168.7661,162.0155,6.7506,0.00062781,0.00060270,6.7506,162.0155,0.00060270,6.7506,6.7506,6.7506,8.4383,8.4383,162.0155,0.00060270,37.1285,34.0107,131.6376,134.7554,0.00048969,0.00050129,0.00002511,43.0246,43.5591,0.0301,2.0581,0.0627,3278.2661,68.4146,17.6798,46.9397,25.7155,39.4976,52.6635,77.1466,82.2897,128.5777,31.4111,0.0,2.083411,3.25533,1.089297,30,192,222,8,0.05498276,0.00062781,0.08642944,0E-8,0.000000,0.909041,0.000000,-0.09079372,2026-03-23,2026-08-06,82,2690,1181,137,0.598540,0.376650,0.410924,0.183276,,,,,,,,GLOBAL_BASELINE_NO_ENTITY_RANKING,,,NOT_APPLICABLE_GLOBAL_BASELINE,HF9g-P5,,,,X 全窗基线 · 不参与实体赏罚,6877844,688,A168_HF9F_20260827_0900,2026-08-27 09:00:00
2026-06-22,70460261,2205,0,51.4310695091,48.8595160336,48.8595160336,1.0000000,1,1,0.50665070000000000,0.506650700000,0.9867858985152569,0.9867858985152569,0.9867858985152569,0E-17,ELIGIBLE,R03b_20260811_FULL_v1,L1_ELIGIBILITY,v2026-08-11,2026-03-21..2026-08-06,baccarat_bet02_101_all_pairs_incl_sentinel,round_win = game_pnl > 0 (decisive only),COMPATIBILITY_ONLY_NOT_PRODUCTION,268817.8208,244366.2908,168.7661,6248,5610,-0.00062781,-0.08642944,0.00436428,-0.00062781,-168.7661,268817.8208,OK,0.0000,6.7506,4.0000,96.0000,AG03-UNRESOLVED,ALL5_LEVELS_bet23_to_bet27,6.7506,6.7506,6.7506,8.4383,8.4383,4.000000,4.000000,4.000000,5.000000,5.000000,96.000000,96.000000,96.000000,95.000000,95.000000,5.0,37.1285,34.0107,131.6376,134.7554,PENDING_AG03,FALSE,NOT_FOR_ENFORCEMENT,162.0155,234591.6392,168.7661,162.0155,6.7506,0.00062781,0.00060270,6.7506,162.0155,0.00060270,6.7506,6.7506,6.7506,8.4383,8.4383,162.0155,0.00060270,37.1285,34.0107,131.6376,134.7554,0.00048969,0.00050129,0.00002511,43.0246,43.5591,0.0301,2.0581,0.0627,3278.2661,68.4146,17.6798,46.9397,25.7155,39.4976,52.6635,77.1466,82.2897,128.5777,31.4111,0.0,2.083411,3.25533,1.089297,30,192,222,8,0.05498276,0.00062781,0.08642944,0E-8,0.000000,0.909041,0.000000,-0.09079372,2026-03-23,2026-08-06,82,2690,1181,137,0.598540,0.376650,0.410924,0.183276,,,,,,,,GLOBAL_BASELINE_NO_ENTITY_RANKING,,,NOT_APPLICABLE_GLOBAL_BASELINE,HF9g-P5,,,,X 全窗基线 · 不参与实体赏罚,6877845,688,A168_HF9F_20260827_0900,2026-08-27 09:00:00
2026-06-22,70460261,2216,0,136.2923341991,34.2016612236,34.2016612236,0.5000000,2,2,0.49994810000000000,0.499948100000,0.00014679536856514622,0.00014679536856514622,0.00014679536856514622,0E-17,ELIGIBLE,R03b_20260811_FULL_v1,L1_ELIGIBILITY,v2026-08-11,2026-03-21..2026-08-06,baccarat_bet02_101_all_pairs_incl_sentinel,round_win = game_pnl > 0 (decisive only),COMPATIBILITY_ONLY_NOT_PRODUCTION,268817.8208,244366.2908,168.7661,6248,5610,-0.00062781,-0.08642944,0.00436428,-0.00062781,-168.7661,268817.8208,OK,0.0000,6.7506,4.0000,96.0000,AG03-UNRESOLVED,ALL5_LEVELS_bet23_to_bet27,6.7506,6.7506,6.7506,8.4383,8.4383,4.000000,4.000000,4.000000,5.000000,5.000000,96.000000,96.000000,96.000000,95.000000,95.000000,5.0,37.1285,34.0107,131.6376,134.7554,PENDING_AG03,FALSE,NOT_FOR_ENFORCEMENT,162.0155,234591.6392,168.7661,162.0155,6.7506,0.00062781,0.00060270,6.7506,162.0155,0.00060270,6.7506,6.7506,6.7506,8.4383,8.4383,162.0155,0.00060270,37.1285,34.0107,131.6376,134.7554,0.00048969,0.00050129,0.00002511,43.0246,43.5591,0.0301,2.0581,0.0627,3278.2661,68.4146,17.6798,46.9397,25.7155,39.4976,52.6635,77.1466,82.2897,128.5777,31.4111,0.0,2.083411,3.25533,1.089297,30,192,222,8,0.05498276,0.00062781,0.08642944,0E-8,0.000000,0.909041,0.000000,-0.09079372,2026-03-23,2026-08-06,82,2690,1181,137,0.598540,0.376650,0.410924,0.183276,,,,,,,,GLOBAL_BASELINE_NO_ENTITY_RANKING,,,NOT_APPLICABLE_GLOBAL_BASELINE,HF9g-P5,,,,X 全窗基线 · 不参与实体赏罚,6877846,688,A168_HF9F_20260827_0900,2026-08-27 09:00:00
2026-06-22,70460261,2229,0,77.1466042636,77.1466042636,77.1466042636,1.0000000,2,2,0.49324550000000000,0.493245500000,1.4334489766152358,1.4334489766152358,1.4334489766152358,0E-17,ELIGIBLE,R03b_20260811_FULL_v1,L1_ELIGIBILITY,v2026-08-11,2026-03-21..2026-08-06,baccarat_bet02_101_all_pairs_incl_sentinel,round_win = game_pnl > 0 (decisive only),COMPATIBILITY_ONLY_NOT_PRODUCTION,268817.8208,244366.2908,168.7661,6248,5610,-0.00062781,-0.08642944,0.00436428,-0.00062781,-168.7661,268817.8208,OK,0.0000,6.7506,4.0000,96.0000,AG03-UNRESOLVED,ALL5_LEVELS_bet23_to_bet27,6.7506,6.7506,6.7506,8.4383,8.4383,4.000000,4.000000,4.000000,5.000000,5.000000,96.000000,96.000000,96.000000,95.000000,95.000000,5.0,37.1285,34.0107,131.6376,134.7554,PENDING_AG03,FALSE,NOT_FOR_ENFORCEMENT,162.0155,234591.6392,168.7661,162.0155,6.7506,0.00062781,0.00060270,6.7506,162.0155,0.00060270,6.7506,6.7506,6.7506,8.4383,8.4383,162.0155,0.00060270,37.1285,34.0107,131.6376,134.7554,0.00048969,0.00050129,0.00002511,43.0246,43.5591,0.0301,2.0581,0.0627,3278.2661,68.4146,17.6798,46.9397,25.7155,39.4976,52.6635,77.1466,82.2897,128.5777,31.4111,0.0,2.083411,3.25533,1.089297,30,192,222,8,0.05498276,0.00062781,0.08642944,0E-8,0.000000,0.909041,0.000000,-0.09079372,2026-03-23,2026-08-06,82,2690,1181,137,0.598540,0.376650,0.410924,0.183276,,,,,,,,GLOBAL_BASELINE_NO_ENTITY_RANKING,,,NOT_APPLICABLE_GLOBAL_BASELINE,HF9g-P5,,,,X 全窗基线 · 不参与实体赏罚,6877847,688,A168_HF9F_20260827_0900,2026-08-27 09:00:00
2026-06-22,70460261,2234,0,334.3019518090,158.1505387404,158.1505387404,0.8333333,6,6,0.50441650000000000,0.504416500000,1.6114196831874958,1.6114196831874958,1.6114196831874958,0E-17,ELIGIBLE,R03b_20260811_FULL_v1,L1_ELIGIBILITY,v2026-08-11,2026-03-21..2026-08-06,baccarat_bet02_101_all_pairs_incl_sentinel,round_win = game_pnl > 0 (decisive only),COMPATIBILITY_ONLY_NOT_PRODUCTION,268817.8208,244366.2908,168.7661,6248,5610,-0.00062781,-0.08642944,0.00436428,-0.00062781,-168.7661,268817.8208,OK,0.0000,6.7506,4.0000,96.0000,AG03-UNRESOLVED,ALL5_LEVELS_bet23_to_bet27,6.7506,6.7506,6.7506,8.4383,8.4383,4.000000,4.000000,4.000000,5.000000,5.000000,96.000000,96.000000,96.000000,95.000000,95.000000,5.0,37.1285,34.0107,131.6376,134.7554,PENDING_AG03,FALSE,NOT_FOR_ENFORCEMENT,162.0155,234591.6392,168.7661,162.0155,6.7506,0.00062781,0.00060270,6.7506,162.0155,0.00060270,6.7506,6.7506,6.7506,8.4383,8.4383,162.0155,0.00060270,37.1285,34.0107,131.6376,134.7554,0.00048969,0.00050129,0.00002511,43.0246,43.5591,0.0301,2.0581,0.0627,3278.2661,68.4146,17.6798,46.9397,25.7155,39.4976,52.6635,77.1466,82.2897,128.5777,31.4111,0.0,2.083411,3.25533,1.089297,30,192,222,8,0.05498276,0.00062781,0.08642944,0E-8,0.000000,0.909041,0.000000,-0.09079372,2026-03-23,2026-08-06,82,2690,1181,137,0.598540,0.376650,0.410924,0.183276,,,,,,,,GLOBAL_BASELINE_NO_ENTITY_RANKING,,,NOT_APPLICABLE_GLOBAL_BASELINE,HF9g-P5,,,,X 全窗基线 · 不参与实体赏罚,6877848,688,A168_HF9F_20260827_0900,2026-08-27 09:00:00
2026-06-22,70460261,2251,0,170.4939954226,161.9692956515,161.9692956515,1.0000000,1,1,0.50665070000000000,0.506650700000,0.9867858985152569,0.9867858985152569,0.9867858985152569,0E-17,ELIGIBLE,R03b_20260811_FULL_v1,L1_ELIGIBILITY,v2026-08-11,2026-03-21..2026-08-06,baccarat_bet02_101_all_pairs_incl_sentinel,round_win = game_pnl > 0 (decisive only),COMPATIBILITY_ONLY_NOT_PRODUCTION,268817.8208,244366.2908,168.7661,6248,5610,-0.00062781,-0.08642944,0.00436428,-0.00062781,-168.7661,268817.8208,OK,0.0000,6.7506,4.0000,96.0000,AG03-UNRESOLVED,ALL5_LEVELS_bet23_to_bet27,6.7506,6.7506,6.7506,8.4383,8.4383,4.000000,4.000000,4.000000,5.000000,5.000000,96.000000,96.000000,96.000000,95.000000,95.000000,5.0,37.1285,34.0107,131.6376,134.7554,PENDING_AG03,FALSE,NOT_FOR_ENFORCEMENT,162.0155,234591.6392,168.7661,162.0155,6.7506,0.00062781,0.00060270,6.7506,162.0155,0.00060270,6.7506,6.7506,6.7506,8.4383,8.4383,162.0155,0.00060270,37.1285,34.0107,131.6376,134.7554,0.00048969,0.00050129,0.00002511,43.0246,43.5591,0.0301,2.0581,0.0627,3278.2661,68.4146,17.6798,46.9397,25.7155,39.4976,52.6635,77.1466,82.2897,128.5777,31.4111,0.0,2.083411,3.25533,1.089297,30,192,222,8,0.05498276,0.00062781,0.08642944,0E-8,0.000000,0.909041,0.000000,-0.09079372,2026-03-23,2026-08-06,82,2690,1181,137,0.598540,0.376650,0.410924,0.183276,,,,,,,,GLOBAL_BASELINE_NO_ENTITY_RANKING,,,NOT_APPLICABLE_GLOBAL_BASELINE,HF9g-P5,,,,X 全窗基线 · 不参与实体赏罚,6877849,688,A168_HF9F_20260827_0900,2026-08-27 09:00:00
2026-06-22,70460261,2254,0,257.1553475454,-29.5728649677,-29.5728649677,0.3333333,4,4,0.50665070000000000,0.506650700000,-0.6004420894325239,-0.6004420894325239,-0.6004420894325239,0E-17,ELIGIBLE,R03b_20260811_FULL_v1,L1_ELIGIBILITY,v2026-08-11,2026-03-21..2026-08-06,baccarat_bet02_101_all_pairs_incl_sentinel,round_win = game_pnl > 0 (decisive only),COMPATIBILITY_ONLY_NOT_PRODUCTION,268817.8208,244366.2908,168.7661,6248,5610,-0.00062781,-0.08642944,0.00436428,-0.00062781,-168.7661,268817.8208,OK,0.0000,6.7506,4.0000,96.0000,AG03-UNRESOLVED,ALL5_LEVELS_bet23_to_bet27,6.7506,6.7506,6.7506,8.4383,8.4383,4.000000,4.000000,4.000000,5.000000,5.000000,96.000000,96.000000,96.000000,95.000000,95.000000,5.0,37.1285,34.0107,131.6376,134.7554,PENDING_AG03,FALSE,NOT_FOR_ENFORCEMENT,162.0155,234591.6392,168.7661,162.0155,6.7506,0.00062781,0.00060270,6.7506,162.0155,0.00060270,6.7506,6.7506,6.7506,8.4383,8.4383,162.0155,0.00060270,37.1285,34.0107,131.6376,134.7554,0.00048969,0.00050129,0.00002511,43.0246,43.5591,0.0301,2.0581,0.0627,3278.2661,68.4146,17.6798,46.9397,25.7155,39.4976,52.6635,77.1466,82.2897,128.5777,31.4111,0.0,2.083411,3.25533,1.089297,30,192,222,8,0.05498276,0.00062781,0.08642944,0E-8,0.000000,0.909041,0.000000,-0.09079372,2026-03-23,2026-08-06,82,2690,1181,137,0.598540,0.376650,0.410924,0.183276,,,,,,,,GLOBAL_BASELINE_NO_ENTITY_RANKING,,,NOT_APPLICABLE_GLOBAL_BASELINE,HF9g-P5,,,,X 全窗基线 · 不参与实体赏罚,6877850,688,A168_HF9F_20260827_0900,2026-08-27 09:00:00
2026-06-22,70460261,2287,0,100.2905855427,0E-10,0E-10,0.5000000,2,2,0.49994810000000000,0.499948100000,0.00014679536856514622,0.00014679536856514622,0.00014679536856514622,0E-17,ELIGIBLE,R03b_20260811_FULL_v1,L1_ELIGIBILITY,v2026-08-11,2026-03-21..2026-08-06,baccarat_bet02_101_all_pairs_incl_sentinel,round_win = game_pnl > 0 (decisive only),COMPATIBILITY_ONLY_NOT_PRODUCTION,268817.8208,244366.2908,168.7661,6248,5610,-0.00062781,-0.08642944,0.00436428,-0.00062781,-168.7661,268817.8208,OK,0.0000,6.7506,4.0000,96.0000,AG03-UNRESOLVED,ALL5_LEVELS_bet23_to_bet27,6.7506,6.7506,6.7506,8.4383,8.4383,4.000000,4.000000,4.000000,5.000000,5.000000,96.000000,96.000000,96.000000,95.000000,95.000000,5.0,37.1285,34.0107,131.6376,134.7554,PENDING_AG03,FALSE,NOT_FOR_ENFORCEMENT,162.0155,234591.6392,168.7661,162.0155,6.7506,0.00062781,0.00060270,6.7506,162.0155,0.00060270,6.7506,6.7506,6.7506,8.4383,8.4383,162.0155,0.00060270,37.1285,34.0107,131.6376,134.7554,0.00048969,0.00050129,0.00002511,43.0246,43.5591,0.0301,2.0581,0.0627,3278.2661,68.4146,17.6798,46.9397,25.7155,39.4976,52.6635,77.1466,82.2897,128.5777,31.4111,0.0,2.083411,3.25533,1.089297,30,192,222,8,0.05498276,0.00062781,0.08642944,0E-8,0.000000,0.909041,0.000000,-0.09079372,2026-03-23,2026-08-06,82,2690,1181,137,0.598540,0.376650,0.410924,0.183276,,,,,,,,GLOBAL_BASELINE_NO_ENTITY_RANKING,,,NOT_APPLICABLE_GLOBAL_BASELINE,HF9g-P5,,,,X 全窗基线 · 不参与实体赏罚,6877851,688,A168_HF9F_20260827_0900,2026-08-27 09:00:00
2026-06-22,70460261,789,0,462.8796255819,151.7216550518,151.7216550518,0.6666667,9,9,0.49473496666666667,0.494734966667,1.0316473973057527,1.0316473973037454,1.0316473973057527,-3.3333E-13,ELIGIBLE,R03b_20260811_FULL_v1,L1_ELIGIBILITY,v2026-08-11,2026-03-21..2026-08-06,baccarat_bet02_101_all_pairs_incl_sentinel,round_win = game_pnl > 0 (decisive only),COMPATIBILITY_ONLY_NOT_PRODUCTION,268817.8208,244366.2908,168.7661,6248,5610,-0.00062781,-0.08642944,0.00436428,-0.00062781,-168.7661,268817.8208,OK,0.0000,6.7506,4.0000,96.0000,AG03-UNRESOLVED,ALL5_LEVELS_bet23_to_bet27,6.7506,6.7506,6.7506,8.4383,8.4383,4.000000,4.000000,4.000000,5.000000,5.000000,96.000000,96.000000,96.000000,95.000000,95.000000,5.0,37.1285,34.0107,131.6376,134.7554,PENDING_AG03,FALSE,NOT_FOR_ENFORCEMENT,162.0155,234591.6392,168.7661,162.0155,6.7506,0.00062781,0.00060270,6.7506,162.0155,0.00060270,6.7506,6.7506,6.7506,8.4383,8.4383,162.0155,0.00060270,37.1285,34.0107,131.6376,134.7554,0.00048969,0.00050129,0.00002511,43.0246,43.5591,0.0301,2.0581,0.0627,3278.2661,68.4146,17.6798,46.9397,25.7155,39.4976,52.6635,77.1466,82.2897,128.5777,31.4111,0.0,2.083411,3.25533,1.089297,30,192,222,8,0.05498276,0.00062781,0.08642944,0E-8,0.000000,0.909041,0.000000,-0.09079372,2026-03-23,2026-08-06,82,2690,1181,137,0.598540,0.376650,0.410924,0.183276,,,,,,,,GLOBAL_BASELINE_NO_ENTITY_RANKING,,,NOT_APPLICABLE_GLOBAL_BASELINE,HF9g-P5,,,,X 全窗基线 · 不参与实体赏罚,6877852,688,A168_HF9F_20260827_0900,2026-08-27 09:00:00
2026-06-22,70460261,919,0,228.8682593154,66.9889680356,66.9889680356,0.7500000,4,4,0.50665070000000000,0.506650700000,0.9734833216690844,0.9734833216690844,0.9734833216690844,0E-17,ELIGIBLE,R03b_20260811_FULL_v1,L1_ELIGIBILITY,v2026-08-11,2026-03-21..2026-08-06,baccarat_bet02_101_all_pairs_incl_sentinel,round_win = game_pnl > 0 (decisive only),COMPATIBILITY_ONLY_NOT_PRODUCTION,268817.8208,244366.2908,168.7661,6248,5610,-0.00062781,-0.08642944,0.00436428,-0.00062781,-168.7661,268817.8208,OK,0.0000,6.7506,4.0000,96.0000,AG03-UNRESOLVED,ALL5_LEVELS_bet23_to_bet27,6.7506,6.7506,6.7506,8.4383,8.4383,4.000000,4.000000,4.000000,5.000000,5.000000,96.000000,96.000000,96.000000,95.000000,95.000000,5.0,37.1285,34.0107,131.6376,134.7554,PENDING_AG03,FALSE,NOT_FOR_ENFORCEMENT,162.0155,234591.6392,168.7661,162.0155,6.7506,0.00062781,0.00060270,6.7506,162.0155,0.00060270,6.7506,6.7506,6.7506,8.4383,8.4383,162.0155,0.00060270,37.1285,34.0107,131.6376,134.7554,0.00048969,0.00050129,0.00002511,43.0246,43.5591,0.0301,2.0581,0.0627,3278.2661,68.4146,17.6798,46.9397,25.7155,39.4976,52.6635,77.1466,82.2897,128.5777,31.4111,0.0,2.083411,3.25533,1.089297,30,192,222,8,0.05498276,0.00062781,0.08642944,0E-8,0.000000,0.909041,0.000000,-0.09079372,2026-03-23,2026-08-06,82,2690,1181,137,0.598540,0.376650,0.410924,0.183276,,,,,,,,GLOBAL_BASELINE_NO_ENTITY_RANKING,,,NOT_APPLICABLE_GLOBAL_BASELINE,HF9g-P5,,,,X 全窗基线 · 不参与实体赏罚,6877853,688,A168_HF9F_20260827_0900,2026-08-27 09:00:00
2026-06-22,70460261,969,0,128.5776737727,72.0034973128,72.0034973128,0.5000000,2,2,0.49994810000000000,0.499948100000,0.00014679536856514622,0.00014679536856514622,0.00014679536856514622,0E-17,ELIGIBLE,R03b_20260811_FULL_v1,L1_ELIGIBILITY,v2026-08-11,2026-03-21..2026-08-06,baccarat_bet02_101_all_pairs_incl_sentinel,round_win = game_pnl > 0 (decisive only),COMPATIBILITY_ONLY_NOT_PRODUCTION,268817.8208,244366.2908,168.7661,6248,5610,-0.00062781,-0.08642944,0.00436428,-0.00062781,-168.7661,268817.8208,OK,0.0000,6.7506,4.0000,96.0000,AG03-UNRESOLVED,ALL5_LEVELS_bet23_to_bet27,6.7506,6.7506,6.7506,8.4383,8.4383,4.000000,4.000000,4.000000,5.000000,5.000000,96.000000,96.000000,96.000000,95.000000,95.000000,5.0,37.1285,34.0107,131.6376,134.7554,PENDING_AG03,FALSE,NOT_FOR_ENFORCEMENT,162.0155,234591.6392,168.7661,162.0155,6.7506,0.00062781,0.00060270,6.7506,162.0155,0.00060270,6.7506,6.7506,6.7506,8.4383,8.4383,162.0155,0.00060270,37.1285,34.0107,131.6376,134.7554,0.00048969,0.00050129,0.00002511,43.0246,43.5591,0.0301,2.0581,0.0627,3278.2661,68.4146,17.6798,46.9397,25.7155,39.4976,52.6635,77.1466,82.2897,128.5777,31.4111,0.0,2.083411,3.25533,1.089297,30,192,222,8,0.05498276,0.00062781,0.08642944,0E-8,0.000000,0.909041,0.000000,-0.09079372,2026-03-23,2026-08-06,82,2690,1181,137,0.598540,0.376650,0.410924,0.183276,,,,,,,,GLOBAL_BASELINE_NO_ENTITY_RANKING,,,NOT_APPLICABLE_GLOBAL_BASELINE,HF9g-P5,,,,X 全窗基线 · 不参与实体赏罚,6877854,688,A168_HF9F_20260827_0900,2026-08-27 09:00:00
2026-06-23,70460261,-1,1,2005.8117108537,-79.7181577389,-79.7181577389,0.5116279,52,49,0.49789540568554556,0.492038420068,0.1801016614657165,0.25694628830129496,0.1801016614657165,0.00585698561754556,SENTINEL_DEALER,R03b_20260811_FULL_v1,L1_ELIGIBILITY,v2026-08-11,2026-03-21..2026-08-06,baccarat_bet02_101_all_pairs_incl_sentinel,round_win = game_pnl > 0 (decisive only),COMPATIBILITY_ONLY_NOT_PRODUCTION,268817.8208,244366.2908,168.7661,6248,5610,-0.00062781,-0.08642944,0.00436428,-0.00062781,-168.7661,268817.8208,OK,0.0000,6.7506,4.0000,96.0000,AG03-UNRESOLVED,ALL5_LEVELS_bet23_to_bet27,6.7506,6.7506,6.7506,8.4383,8.4383,4.000000,4.000000,4.000000,5.000000,5.000000,96.000000,96.000000,96.000000,95.000000,95.000000,5.0,37.1285,34.0107,131.6376,134.7554,PENDING_AG03,FALSE,NOT_FOR_ENFORCEMENT,162.0155,234591.6392,168.7661,162.0155,6.7506,0.00062781,0.00060270,6.7506,162.0155,0.00060270,6.7506,6.7506,6.7506,8.4383,8.4383,162.0155,0.00060270,37.1285,34.0107,131.6376,134.7554,0.00048969,0.00050129,0.00002511,43.0246,43.5591,0.0301,2.0581,0.0627,3278.2661,68.4146,17.6798,46.9397,25.7155,39.4976,52.6635,77.1466,82.2897,128.5777,31.4111,0.0,2.083411,3.25533,1.089297,30,192,222,8,0.05498276,0.00062781,0.08642944,0E-8,0.000000,0.909041,0.000000,-0.09079372,2026-03-23,2026-08-06,82,2690,1181,137,0.598540,0.376650,0.410924,0.183276,,,,,,,,GLOBAL_BASELINE_NO_ENTITY_RANKING,,,NOT_APPLICABLE_GLOBAL_BASELINE,HF9g-P5,,,,X 全窗基线 · 不参与实体赏罚,6877855,688,A168_HF9F_20260827_0900,2026-08-27 09:00:00
2026-06-23,70460261,1017,0,25.7155347545,-25.7155347545,-25.7155347545,0E-7,1,1,0.50665070000000000,0.506650700000,-1.013391052207602,-1.013391052207602,-1.013391052207602,0E-17,ELIGIBLE,R03b_20260811_FULL_v1,L1_ELIGIBILITY,v2026-08-11,2026-03-21..2026-08-06,baccarat_bet02_101_all_pairs_incl_sentinel,round_win = game_pnl > 0 (decisive only),COMPATIBILITY_ONLY_NOT_PRODUCTION,268817.8208,244366.2908,168.7661,6248,5610,-0.00062781,-0.08642944,0.00436428,-0.00062781,-168.7661,268817.8208,OK,0.0000,6.7506,4.0000,96.0000,AG03-UNRESOLVED,ALL5_LEVELS_bet23_to_bet27,6.7506,6.7506,6.7506,8.4383,8.4383,4.000000,4.000000,4.000000,5.000000,5.000000,96.000000,96.000000,96.000000,95.000000,95.000000,5.0,37.1285,34.0107,131.6376,134.7554,PENDING_AG03,FALSE,NOT_FOR_ENFORCEMENT,162.0155,234591.6392,168.7661,162.0155,6.7506,0.00062781,0.00060270,6.7506,162.0155,0.00060270,6.7506,6.7506,6.7506,8.4383,8.4383,162.0155,0.00060270,37.1285,34.0107,131.6376,134.7554,0.00048969,0.00050129,0.00002511,43.0246,43.5591,0.0301,2.0581,0.0627,3278.2661,68.4146,17.6798,46.9397,25.7155,39.4976,52.6635,77.1466,82.2897,128.5777,31.4111,0.0,2.083411,3.25533,1.089297,30,192,222,8,0.05498276,0.00062781,0.08642944,0E-8,0.000000,0.909041,0.000000,-0.09079372,2026-03-23,2026-08-06,82,2690,1181,137,0.598540,0.376650,0.410924,0.183276,,,,,,,,GLOBAL_BASELINE_NO_ENTITY_RANKING,,,NOT_APPLICABLE_GLOBAL_BASELINE,HF9g-P5,,,,X 全窗基线 · 不参与实体赏罚,6877856,688,A168_HF9F_20260827_0900,2026-08-27 09:00:00
2026-06-23,70460261,1157,0,102.8621390180,48.8595160336,48.8595160336,1.0000000,4,4,0.50665070000000000,0.506650700000,1.3955260008387969,1.3955260008387969,1.3955260008387969,0E-17,ELIGIBLE,R03b_20260811_FULL_v1,L1_ELIGIBILITY,v2026-08-11,2026-03-21..2026-08-06,baccarat_bet02_101_all_pairs_incl_sentinel,round_win = game_pnl > 0 (decisive only),COMPATIBILITY_ONLY_NOT_PRODUCTION,268817.8208,244366.2908,168.7661,6248,5610,-0.00062781,-0.08642944,0.00436428,-0.00062781,-168.7661,268817.8208,OK,0.0000,6.7506,4.0000,96.0000,AG03-UNRESOLVED,ALL5_LEVELS_bet23_to_bet27,6.7506,6.7506,6.7506,8.4383,8.4383,4.000000,4.000000,4.000000,5.000000,5.000000,96.000000,96.000000,96.000000,95.000000,95.000000,5.0,37.1285,34.0107,131.6376,134.7554,PENDING_AG03,FALSE,NOT_FOR_ENFORCEMENT,162.0155,234591.6392,168.7661,162.0155,6.7506,0.00062781,0.00060270,6.7506,162.0155,0.00060270,6.7506,6.7506,6.7506,8.4383,8.4383,162.0155,0.00060270,37.1285,34.0107,131.6376,134.7554,0.00048969,0.00050129,0.00002511,43.0246,43.5591,0.0301,2.0581,0.0627,3278.2661,68.4146,17.6798,46.9397,25.7155,39.4976,52.6635,77.1466,82.2897,128.5777,31.4111,0.0,2.083411,3.25533,1.089297,30,192,222,8,0.05498276,0.00062781,0.08642944,0E-8,0.000000,0.909041,0.000000,-0.09079372,2026-03-23,2026-08-06,82,2690,1181,137,0.598540,0.376650,0.410924,0.183276,,,,,,,,GLOBAL_BASELINE_NO_ENTITY_RANKING,,,NOT_APPLICABLE_GLOBAL_BASELINE,HF9g-P5,,,,X 全窗基线 · 不参与实体赏罚,6877857,688,A168_HF9F_20260827_0900,2026-08-27 09:00:00
2026-06-23,70460261,1221,0,51.4310695091,48.8595160336,48.8595160336,1.0000000,1,1,0.50665070000000000,0.506650700000,0.9867858985152569,0.9867858985152569,0.9867858985152569,0E-17,ELIGIBLE,R03b_20260811_FULL_v1,L1_ELIGIBILITY,v2026-08-11,2026-03-21..2026-08-06,baccarat_bet02_101_all_pairs_incl_sentinel,round_win = game_pnl > 0 (decisive only),COMPATIBILITY_ONLY_NOT_PRODUCTION,268817.8208,244366.2908,168.7661,6248,5610,-0.00062781,-0.08642944,0.00436428,-0.00062781,-168.7661,268817.8208,OK,0.0000,6.7506,4.0000,96.0000,AG03-UNRESOLVED,ALL5_LEVELS_bet23_to_bet27,6.7506,6.7506,6.7506,8.4383,8.4383,4.000000,4.000000,4.000000,5.000000,5.000000,96.000000,96.000000,96.000000,95.000000,95.000000,5.0,37.1285,34.0107,131.6376,134.7554,PENDING_AG03,FALSE,NOT_FOR_ENFORCEMENT,162.0155,234591.6392,168.7661,162.0155,6.7506,0.00062781,0.00060270,6.7506,162.0155,0.00060270,6.7506,6.7506,6.7506,8.4383,8.4383,162.0155,0.00060270,37.1285,34.0107,131.6376,134.7554,0.00048969,0.00050129,0.00002511,43.0246,43.5591,0.0301,2.0581,0.0627,3278.2661,68.4146,17.6798,46.9397,25.7155,39.4976,52.6635,77.1466,82.2897,128.5777,31.4111,0.0,2.083411,3.25533,1.089297,30,192,222,8,0.05498276,0.00062781,0.08642944,0E-8,0.000000,0.909041,0.000000,-0.09079372,2026-03-23,2026-08-06,82,2690,1181,137,0.598540,0.376650,0.410924,0.183276,,,,,,,,GLOBAL_BASELINE_NO_ENTITY_RANKING,,,NOT_APPLICABLE_GLOBAL_BASELINE,HF9g-P5,,,,X 全窗基线 · 不参与实体赏罚,6877858,688,A168_HF9F_20260827_0900,2026-08-27 09:00:00
2026-06-23,70460261,1306,0,25.7155347545,24.4297580168,24.4297580168,1.0000000,1,1,0.50665070000000000,0.506650700000,0.9867858985152569,0.9867858985152569,0.9867858985152569,0E-17,ELIGIBLE,R03b_20260811_FULL_v1,L1_ELIGIBILITY,v2026-08-11,2026-03-21..2026-08-06,baccarat_bet02_101_all_pairs_incl_sentinel,round_win = game_pnl > 0 (decisive only),COMPATIBILITY_ONLY_NOT_PRODUCTION,268817.8208,244366.2908,168.7661,6248,5610,-0.00062781,-0.08642944,0.00436428,-0.00062781,-168.7661,268817.8208,OK,0.0000,6.7506,4.0000,96.0000,AG03-UNRESOLVED,ALL5_LEVELS_bet23_to_bet27,6.7506,6.7506,6.7506,8.4383,8.4383,4.000000,4.000000,4.000000,5.000000,5.000000,96.000000,96.000000,96.000000,95.000000,95.000000,5.0,37.1285,34.0107,131.6376,134.7554,PENDING_AG03,FALSE,NOT_FOR_ENFORCEMENT,162.0155,234591.6392,168.7661,162.0155,6.7506,0.00062781,0.00060270,6.7506,162.0155,0.00060270,6.7506,6.7506,6.7506,8.4383,8.4383,162.0155,0.00060270,37.1285,34.0107,131.6376,134.7554,0.00048969,0.00050129,0.00002511,43.0246,43.5591,0.0301,2.0581,0.0627,3278.2661,68.4146,17.6798,46.9397,25.7155,39.4976,52.6635,77.1466,82.2897,128.5777,31.4111,0.0,2.083411,3.25533,1.089297,30,192,222,8,0.05498276,0.00062781,0.08642944,0E-8,0.000000,0.909041,0.000000,-0.09079372,2026-03-23,2026-08-06,82,2690,1181,137,0.598540,0.376650,0.410924,0.183276,,,,,,,,GLOBAL_BASELINE_NO_ENTITY_RANKING,,,NOT_APPLICABLE_GLOBAL_BASELINE,HF9g-P5,,,,X 全窗基线 · 不参与实体赏罚,6877859,688,A168_HF9F_20260827_0900,2026-08-27 09:00:00
2026-06-23,70460261,1307,0,69.4319438372,-18.0008743282,-18.0008743282,0.5000000,2,2,0.49994810000000000,0.499948100000,0.00014679536856514622,0.00014679536856514622,0.00014679536856514622,0E-17,ELIGIBLE,R03b_20260811_FULL_v1,L1_ELIGIBILITY,v2026-08-11,2026-03-21..2026-08-06,baccarat_bet02_101_all_pairs_incl_sentinel,round_win = game_pnl > 0 (decisive only),COMPATIBILITY_ONLY_NOT_PRODUCTION,268817.8208,244366.2908,168.7661,6248,5610,-0.00062781,-0.08642944,0.00436428,-0.00062781,-168.7661,268817.8208,OK,0.0000,6.7506,4.0000,96.0000,AG03-UNRESOLVED,ALL5_LEVELS_bet23_to_bet27,6.7506,6.7506,6.7506,8.4383,8.4383,4.000000,4.000000,4.000000,5.000000,5.000000,96.000000,96.000000,96.000000,95.000000,95.000000,5.0,37.1285,34.0107,131.6376,134.7554,PENDING_AG03,FALSE,NOT_FOR_ENFORCEMENT,162.0155,234591.6392,168.7661,162.0155,6.7506,0.00062781,0.00060270,6.7506,162.0155,0.00060270,6.7506,6.7506,6.7506,8.4383,8.4383,162.0155,0.00060270,37.1285,34.0107,131.6376,134.7554,0.00048969,0.00050129,0.00002511,43.0246,43.5591,0.0301,2.0581,0.0627,3278.2661,68.4146,17.6798,46.9397,25.7155,39.4976,52.6635,77.1466,82.2897,128.5777,31.4111,0.0,2.083411,3.25533,1.089297,30,192,222,8,0.05498276,0.00062781,0.08642944,0E-8,0.000000,0.909041,0.000000,-0.09079372,2026-03-23,2026-08-06,82,2690,1181,137,0.598540,0.376650,0.410924,0.183276,,,,,,,,GLOBAL_BASELINE_NO_ENTITY_RANKING,,,NOT_APPLICABLE_GLOBAL_BASELINE,HF9g-P5,,,,X 全窗基线 · 不参与实体赏罚,6877860,688,A168_HF9F_20260827_0900,2026-08-27 09:00:00
2026-06-23,70460261,1318,0,149.1501015764,-48.8595160337,-48.8595160337,0.3333333,3,3,0.50665070000000000,0.506650700000,-0.6004420894325239,-0.6004420894325239,-0.6004420894325239,0E-17,ELIGIBLE,R03b_20260811_FULL_v1,L1_ELIGIBILITY,v2026-08-11,2026-03-21..2026-08-06,baccarat_bet02_101_all_pairs_incl_sentinel,round_win = game_pnl > 0 (decisive only),COMPATIBILITY_ONLY_NOT_PRODUCTION,268817.8208,244366.2908,168.7661,6248,5610,-0.00062781,-0.08642944,0.00436428,-0.00062781,-168.7661,268817.8208,OK,0.0000,6.7506,4.0000,96.0000,AG03-UNRESOLVED,ALL5_LEVELS_bet23_to_bet27,6.7506,6.7506,6.7506,8.4383,8.4383,4.000000,4.000000,4.000000,5.000000,5.000000,96.000000,96.000000,96.000000,95.000000,95.000000,5.0,37.1285,34.0107,131.6376,134.7554,PENDING_AG03,FALSE,NOT_FOR_ENFORCEMENT,162.0155,234591.6392,168.7661,162.0155,6.7506,0.00062781,0.00060270,6.7506,162.0155,0.00060270,6.7506,6.7506,6.7506,8.4383,8.4383,162.0155,0.00060270,37.1285,34.0107,131.6376,134.7554,0.00048969,0.00050129,0.00002511,43.0246,43.5591,0.0301,2.0581,0.0627,3278.2661,68.4146,17.6798,46.9397,25.7155,39.4976,52.6635,77.1466,82.2897,128.5777,31.4111,0.0,2.083411,3.25533,1.089297,30,192,222,8,0.05498276,0.00062781,0.08642944,0E-8,0.000000,0.909041,0.000000,-0.09079372,2026-03-23,2026-08-06,82,2690,1181,137,0.598540,0.376650,0.410924,0.183276,,,,,,,,GLOBAL_BASELINE_NO_ENTITY_RANKING,,,NOT_APPLICABLE_GLOBAL_BASELINE,HF9g-P5,,,,X 全窗基线 · 不参与实体赏罚,6877861,688,A168_HF9F_20260827_0900,2026-08-27 09:00:00
2026-06-23,70460261,1353,0,223.7251523644,-48.8595160336,-48.8595160336,0.3333333,7,7,0.50282064285714286,0.502820642857,-0.8303280647496518,-0.8303280647489506,-0.8303280647496518,1.4286E-13,ELIGIBLE,R03b_20260811_FULL_v1,L1_ELIGIBILITY,v2026-08-11,2026-03-21..2026-08-06,baccarat_bet02_101_all_pairs_incl_sentinel,round_win = game_pnl > 0 (decisive only),COMPATIBILITY_ONLY_NOT_PRODUCTION,268817.8208,244366.2908,168.7661,6248,5610,-0.00062781,-0.08642944,0.00436428,-0.00062781,-168.7661,268817.8208,OK,0.0000,6.7506,4.0000,96.0000,AG03-UNRESOLVED,ALL5_LEVELS_bet23_to_bet27,6.7506,6.7506,6.7506,8.4383,8.4383,4.000000,4.000000,4.000000,5.000000,5.000000,96.000000,96.000000,96.000000,95.000000,95.000000,5.0,37.1285,34.0107,131.6376,134.7554,PENDING_AG03,FALSE,NOT_FOR_ENFORCEMENT,162.0155,234591.6392,168.7661,162.0155,6.7506,0.00062781,0.00060270,6.7506,162.0155,0.00060270,6.7506,6.7506,6.7506,8.4383,8.4383,162.0155,0.00060270,37.1285,34.0107,131.6376,134.7554,0.00048969,0.00050129,0.00002511,43.0246,43.5591,0.0301,2.0581,0.0627,3278.2661,68.4146,17.6798,46.9397,25.7155,39.4976,52.6635,77.1466,82.2897,128.5777,31.4111,0.0,2.083411,3.25533,1.089297,30,192,222,8,0.05498276,0.00062781,0.08642944,0E-8,0.000000,0.909041,0.000000,-0.09079372,2026-03-23,2026-08-06,82,2690,1181,137,0.598540,0.376650,0.410924,0.183276,,,,,,,,GLOBAL_BASELINE_NO_ENTITY_RANKING,,,NOT_APPLICABLE_GLOBAL_BASELINE,HF9g-P5,,,,X 全窗基线 · 不参与实体赏罚,6877862,688,A168_HF9F_20260827_0900,2026-08-27 09:00:00
2026-06-23,70460261,1384,0,185.1518502327,2.5715534755,2.5715534755,0.5000000,5,5,0.49592654000000000,0.495926540000,0.016294380756781617,0.016294380756781617,0.016294380756781617,0E-17,ELIGIBLE,R03b_20260811_FULL_v1,L1_ELIGIBILITY,v2026-08-11,2026-03-21..2026-08-06,baccarat_bet02_101_all_pairs_incl_sentinel,round_win = game_pnl > 0 (decisive only),COMPATIBILITY_ONLY_NOT_PRODUCTION,268817.8208,244366.2908,168.7661,6248,5610,-0.00062781,-0.08642944,0.00436428,-0.00062781,-168.7661,268817.8208,OK,0.0000,6.7506,4.0000,96.0000,AG03-UNRESOLVED,ALL5_LEVELS_bet23_to_bet27,6.7506,6.7506,6.7506,8.4383,8.4383,4.000000,4.000000,4.000000,5.000000,5.000000,96.000000,96.000000,96.000000,95.000000,95.000000,5.0,37.1285,34.0107,131.6376,134.7554,PENDING_AG03,FALSE,NOT_FOR_ENFORCEMENT,162.0155,234591.6392,168.7661,162.0155,6.7506,0.00062781,0.00060270,6.7506,162.0155,0.00060270,6.7506,6.7506,6.7506,8.4383,8.4383,162.0155,0.00060270,37.1285,34.0107,131.6376,134.7554,0.00048969,0.00050129,0.00002511,43.0246,43.5591,0.0301,2.0581,0.0627,3278.2661,68.4146,17.6798,46.9397,25.7155,39.4976,52.6635,77.1466,82.2897,128.5777,31.4111,0.0,2.083411,3.25533,1.089297,30,192,222,8,0.05498276,0.00062781,0.08642944,0E-8,0.000000,0.909041,0.000000,-0.09079372,2026-03-23,2026-08-06,82,2690,1181,137,0.598540,0.376650,0.410924,0.183276,,,,,,,,GLOBAL_BASELINE_NO_ENTITY_RANKING,,,NOT_APPLICABLE_GLOBAL_BASELINE,HF9g-P5,,,,X 全窗基线 · 不参与实体赏罚,6877863,688,A168_HF9F_20260827_0900,2026-08-27 09:00:00
2026-06-23,70460261,1385,0,77.1466042636,-77.1466042636,-77.1466042636,0E-7,1,1,0.50665070000000000,0.506650700000,-1.013391052207602,-1.013391052207602,-1.013391052207602,0E-17,ELIGIBLE,R03b_20260811_FULL_v1,L1_ELIGIBILITY,v2026-08-11,2026-03-21..2026-08-06,baccarat_bet02_101_all_pairs_incl_sentinel,round_win = game_pnl > 0 (decisive only),COMPATIBILITY_ONLY_NOT_PRODUCTION,268817.8208,244366.2908,168.7661,6248,5610,-0.00062781,-0.08642944,0.00436428,-0.00062781,-168.7661,268817.8208,OK,0.0000,6.7506,4.0000,96.0000,AG03-UNRESOLVED,ALL5_LEVELS_bet23_to_bet27,6.7506,6.7506,6.7506,8.4383,8.4383,4.000000,4.000000,4.000000,5.000000,5.000000,96.000000,96.000000,96.000000,95.000000,95.000000,5.0,37.1285,34.0107,131.6376,134.7554,PENDING_AG03,FALSE,NOT_FOR_ENFORCEMENT,162.0155,234591.6392,168.7661,162.0155,6.7506,0.00062781,0.00060270,6.7506,162.0155,0.00060270,6.7506,6.7506,6.7506,8.4383,8.4383,162.0155,0.00060270,37.1285,34.0107,131.6376,134.7554,0.00048969,0.00050129,0.00002511,43.0246,43.5591,0.0301,2.0581,0.0627,3278.2661,68.4146,17.6798,46.9397,25.7155,39.4976,52.6635,77.1466,82.2897,128.5777,31.4111,0.0,2.083411,3.25533,1.089297,30,192,222,8,0.05498276,0.00062781,0.08642944,0E-8,0.000000,0.909041,0.000000,-0.09079372,2026-03-23,2026-08-06,82,2690,1181,137,0.598540,0.376650,0.410924,0.183276,,,,,,,,GLOBAL_BASELINE_NO_ENTITY_RANKING,,,NOT_APPLICABLE_GLOBAL_BASELINE,HF9g-P5,,,,X 全窗基线 · 不参与实体赏罚,6877864,688,A168_HF9F_20260827_0900,2026-08-27 09:00:00
2026-06-23,70460261,1396,0,25.7155347545,24.4297580168,24.4297580168,1.0000000,1,1,0.50665070000000000,0.506650700000,0.9867858985152569,0.9867858985152569,0.9867858985152569,0E-17,ELIGIBLE,R03b_20260811_FULL_v1,L1_ELIGIBILITY,v2026-08-11,2026-03-21..2026-08-06,baccarat_bet02_101_all_pairs_incl_sentinel,round_win = game_pnl > 0 (decisive only),COMPATIBILITY_ONLY_NOT_PRODUCTION,268817.8208,244366.2908,168.7661,6248,5610,-0.00062781,-0.08642944,0.00436428,-0.00062781,-168.7661,268817.8208,OK,0.0000,6.7506,4.0000,96.0000,AG03-UNRESOLVED,ALL5_LEVELS_bet23_to_bet27,6.7506,6.7506,6.7506,8.4383,8.4383,4.000000,4.000000,4.000000,5.000000,5.000000,96.000000,96.000000,96.000000,95.000000,95.000000,5.0,37.1285,34.0107,131.6376,134.7554,PENDING_AG03,FALSE,NOT_FOR_ENFORCEMENT,162.0155,234591.6392,168.7661,162.0155,6.7506,0.00062781,0.00060270,6.7506,162.0155,0.00060270,6.7506,6.7506,6.7506,8.4383,8.4383,162.0155,0.00060270,37.1285,34.0107,131.6376,134.7554,0.00048969,0.00050129,0.00002511,43.0246,43.5591,0.0301,2.0581,0.0627,3278.2661,68.4146,17.6798,46.9397,25.7155,39.4976,52.6635,77.1466,82.2897,128.5777,31.4111,0.0,2.083411,3.25533,1.089297,30,192,222,8,0.05498276,0.00062781,0.08642944,0E-8,0.000000,0.909041,0.000000,-0.09079372,2026-03-23,2026-08-06,82,2690,1181,137,0.598540,0.376650,0.410924,0.183276,,,,,,,,GLOBAL_BASELINE_NO_ENTITY_RANKING,,,NOT_APPLICABLE_GLOBAL_BASELINE,HF9g-P5,,,,X 全窗基线 · 不参与实体赏罚,6877865,688,A168_HF9F_20260827_0900,2026-08-27 09:00:00
2026-06-23,70460261,1399,0,20.5724278036,-20.5724278036,-20.5724278036,0E-7,1,1,0.49324550000000000,0.493245500000,-0.9865810262130424,-0.9865810262130424,-0.9865810262130424,0E-17,ELIGIBLE,R03b_20260811_FULL_v1,L1_ELIGIBILITY,v2026-08-11,2026-03-21..2026-08-06,baccarat_bet02_101_all_pairs_incl_sentinel,round_win = game_pnl > 0 (decisive only),COMPATIBILITY_ONLY_NOT_PRODUCTION,268817.8208,244366.2908,168.7661,6248,5610,-0.00062781,-0.08642944,0.00436428,-0.00062781,-168.7661,268817.8208,OK,0.0000,6.7506,4.0000,96.0000,AG03-UNRESOLVED,ALL5_LEVELS_bet23_to_bet27,6.7506,6.7506,6.7506,8.4383,8.4383,4.000000,4.000000,4.000000,5.000000,5.000000,96.000000,96.000000,96.000000,95.000000,95.000000,5.0,37.1285,34.0107,131.6376,134.7554,PENDING_AG03,FALSE,NOT_FOR_ENFORCEMENT,162.0155,234591.6392,168.7661,162.0155,6.7506,0.00062781,0.00060270,6.7506,162.0155,0.00060270,6.7506,6.7506,6.7506,8.4383,8.4383,162.0155,0.00060270,37.1285,34.0107,131.6376,134.7554,0.00048969,0.00050129,0.00002511,43.0246,43.5591,0.0301,2.0581,0.0627,3278.2661,68.4146,17.6798,46.9397,25.7155,39.4976,52.6635,77.1466,82.2897,128.5777,31.4111,0.0,2.083411,3.25533,1.089297,30,192,222,8,0.05498276,0.00062781,0.08642944,0E-8,0.000000,0.909041,0.000000,-0.09079372,2026-03-23,2026-08-06,82,2690,1181,137,0.598540,0.376650,0.410924,0.183276,,,,,,,,GLOBAL_BASELINE_NO_ENTITY_RANKING,,,NOT_APPLICABLE_GLOBAL_BASELINE,HF9g-P5,,,,X 全窗基线 · 不参与实体赏罚,6877866,688,A168_HF9F_20260827_0900,2026-08-27 09:00:00
2026-06-23,70460261,1402,0,102.8621390181,1E-10,1E-10,0.3333333,3,3,0.49771390000000000,0.497713900000,-0.5694369385616226,-0.5694369385616226,-0.5694369385616226,0E-17,ELIGIBLE,R03b_20260811_FULL_v1,L1_ELIGIBILITY,v2026-08-11,2026-03-21..2026-08-06,baccarat_bet02_101_all_pairs_incl_sentinel,round_win = game_pnl > 0 (decisive only),COMPATIBILITY_ONLY_NOT_PRODUCTION,268817.8208,244366.2908,168.7661,6248,5610,-0.00062781,-0.08642944,0.00436428,-0.00062781,-168.7661,268817.8208,OK,0.0000,6.7506,4.0000,96.0000,AG03-UNRESOLVED,ALL5_LEVELS_bet23_to_bet27,6.7506,6.7506,6.7506,8.4383,8.4383,4.000000,4.000000,4.000000,5.000000,5.000000,96.000000,96.000000,96.000000,95.000000,95.000000,5.0,37.1285,34.0107,131.6376,134.7554,PENDING_AG03,FALSE,NOT_FOR_ENFORCEMENT,162.0155,234591.6392,168.7661,162.0155,6.7506,0.00062781,0.00060270,6.7506,162.0155,0.00060270,6.7506,6.7506,6.7506,8.4383,8.4383,162.0155,0.00060270,37.1285,34.0107,131.6376,134.7554,0.00048969,0.00050129,0.00002511,43.0246,43.5591,0.0301,2.0581,0.0627,3278.2661,68.4146,17.6798,46.9397,25.7155,39.4976,52.6635,77.1466,82.2897,128.5777,31.4111,0.0,2.083411,3.25533,1.089297,30,192,222,8,0.05498276,0.00062781,0.08642944,0E-8,0.000000,0.909041,0.000000,-0.09079372,2026-03-23,2026-08-06,82,2690,1181,137,0.598540,0.376650,0.410924,0.183276,,,,,,,,GLOBAL_BASELINE_NO_ENTITY_RANKING,,,NOT_APPLICABLE_GLOBAL_BASELINE,HF9g-P5,,,,X 全窗基线 · 不参与实体赏罚,6877867,688,A168_HF9F_20260827_0900,2026-08-27 09:00:00
2026-06-23,70460261,1485,0,177.4371898063,-5.0145292772,-5.0145292772,0.6666667,4,4,0.50329940000000000,0.503299400000,0.5659331339966515,0.5659331339966515,0.5659331339966515,0E-17,ELIGIBLE,R03b_20260811_FULL_v1,L1_ELIGIBILITY,v2026-08-11,2026-03-21..2026-08-06,baccarat_bet02_101_all_pairs_incl_sentinel,round_win = game_pnl > 0 (decisive only),COMPATIBILITY_ONLY_NOT_PRODUCTION,268817.8208,244366.2908,168.7661,6248,5610,-0.00062781,-0.08642944,0.00436428,-0.00062781,-168.7661,268817.8208,OK,0.0000,6.7506,4.0000,96.0000,AG03-UNRESOLVED,ALL5_LEVELS_bet23_to_bet27,6.7506,6.7506,6.7506,8.4383,8.4383,4.000000,4.000000,4.000000,5.000000,5.000000,96.000000,96.000000,96.000000,95.000000,95.000000,5.0,37.1285,34.0107,131.6376,134.7554,PENDING_AG03,FALSE,NOT_FOR_ENFORCEMENT,162.0155,234591.6392,168.7661,162.0155,6.7506,0.00062781,0.00060270,6.7506,162.0155,0.00060270,6.7506,6.7506,6.7506,8.4383,8.4383,162.0155,0.00060270,37.1285,34.0107,131.6376,134.7554,0.00048969,0.00050129,0.00002511,43.0246,43.5591,0.0301,2.0581,0.0627,3278.2661,68.4146,17.6798,46.9397,25.7155,39.4976,52.6635,77.1466,82.2897,128.5777,31.4111,0.0,2.083411,3.25533,1.089297,30,192,222,8,0.05498276,0.00062781,0.08642944,0E-8,0.000000,0.909041,0.000000,-0.09079372,2026-03-23,2026-08-06,82,2690,1181,137,0.598540,0.376650,0.410924,0.183276,,,,,,,,GLOBAL_BASELINE_NO_ENTITY_RANKING,,,NOT_APPLICABLE_GLOBAL_BASELINE,HF9g-P5,,,,X 全窗基线 · 不参与实体赏罚,6877868,688,A168_HF9F_20260827_0900,2026-08-27 09:00:00
2026-06-23,70460261,1645,0,51.4310695091,51.4310695091,51.4310695091,1.0000000,1,1,0.49324550000000000,0.493245500000,1.01360149184955,1.01360149184955,1.01360149184955,0E-17,ELIGIBLE,R03b_20260811_FULL_v1,L1_ELIGIBILITY,v2026-08-11,2026-03-21..2026-08-06,baccarat_bet02_101_all_pairs_incl_sentinel,round_win = game_pnl > 0 (decisive only),COMPATIBILITY_ONLY_NOT_PRODUCTION,268817.8208,244366.2908,168.7661,6248,5610,-0.00062781,-0.08642944,0.00436428,-0.00062781,-168.7661,268817.8208,OK,0.0000,6.7506,4.0000,96.0000,AG03-UNRESOLVED,ALL5_LEVELS_bet23_to_bet27,6.7506,6.7506,6.7506,8.4383,8.4383,4.000000,4.000000,4.000000,5.000000,5.000000,96.000000,96.000000,96.000000,95.000000,95.000000,5.0,37.1285,34.0107,131.6376,134.7554,PENDING_AG03,FALSE,NOT_FOR_ENFORCEMENT,162.0155,234591.6392,168.7661,162.0155,6.7506,0.00062781,0.00060270,6.7506,162.0155,0.00060270,6.7506,6.7506,6.7506,8.4383,8.4383,162.0155,0.00060270,37.1285,34.0107,131.6376,134.7554,0.00048969,0.00050129,0.00002511,43.0246,43.5591,0.0301,2.0581,0.0627,3278.2661,68.4146,17.6798,46.9397,25.7155,39.4976,52.6635,77.1466,82.2897,128.5777,31.4111,0.0,2.083411,3.25533,1.089297,30,192,222,8,0.05498276,0.00062781,0.08642944,0E-8,0.000000,0.909041,0.000000,-0.09079372,2026-03-23,2026-08-06,82,2690,1181,137,0.598540,0.376650,0.410924,0.183276,,,,,,,,GLOBAL_BASELINE_NO_ENTITY_RANKING,,,NOT_APPLICABLE_GLOBAL_BASELINE,HF9g-P5,,,,X 全窗基线 · 不参与实体赏罚,6877869,688,A168_HF9F_20260827_0900,2026-08-27 09:00:00
2026-06-23,70460261,1714,0,25.7155347545,25.7155347545,25.7155347545,1.0000000,1,1,0.49324550000000000,0.493245500000,1.01360149184955,1.01360149184955,1.01360149184955,0E-17,ELIGIBLE,R03b_20260811_FULL_v1,L1_ELIGIBILITY,v2026-08-11,2026-03-21..2026-08-06,baccarat_bet02_101_all_pairs_incl_sentinel,round_win = game_pnl > 0 (decisive only),COMPATIBILITY_ONLY_NOT_PRODUCTION,268817.8208,244366.2908,168.7661,6248,5610,-0.00062781,-0.08642944,0.00436428,-0.00062781,-168.7661,268817.8208,OK,0.0000,6.7506,4.0000,96.0000,AG03-UNRESOLVED,ALL5_LEVELS_bet23_to_bet27,6.7506,6.7506,6.7506,8.4383,8.4383,4.000000,4.000000,4.000000,5.000000,5.000000,96.000000,96.000000,96.000000,95.000000,95.000000,5.0,37.1285,34.0107,131.6376,134.7554,PENDING_AG03,FALSE,NOT_FOR_ENFORCEMENT,162.0155,234591.6392,168.7661,162.0155,6.7506,0.00062781,0.00060270,6.7506,162.0155,0.00060270,6.7506,6.7506,6.7506,8.4383,8.4383,162.0155,0.00060270,37.1285,34.0107,131.6376,134.7554,0.00048969,0.00050129,0.00002511,43.0246,43.5591,0.0301,2.0581,0.0627,3278.2661,68.4146,17.6798,46.9397,25.7155,39.4976,52.6635,77.1466,82.2897,128.5777,31.4111,0.0,2.083411,3.25533,1.089297,30,192,222,8,0.05498276,0.00062781,0.08642944,0E-8,0.000000,0.909041,0.000000,-0.09079372,2026-03-23,2026-08-06,82,2690,1181,137,0.598540,0.376650,0.410924,0.183276,,,,,,,,GLOBAL_BASELINE_NO_ENTITY_RANKING,,,NOT_APPLICABLE_GLOBAL_BASELINE,HF9g-P5,,,,X 全窗基线 · 不参与实体赏罚,6877870,688,A168_HF9F_20260827_0900,2026-08-27 09:00:00
2026-06-23,70460261,1940,0,38.5733021318,-38.5733021318,-38.5733021318,0E-7,1,1,0.50665070000000000,0.506650700000,-1.013391052207602,-1.013391052207602,-1.013391052207602,0E-17,ELIGIBLE,R03b_20260811_FULL_v1,L1_ELIGIBILITY,v2026-08-11,2026-03-21..2026-08-06,baccarat_bet02_101_all_pairs_incl_sentinel,round_win = game_pnl > 0 (decisive only),COMPATIBILITY_ONLY_NOT_PRODUCTION,268817.8208,244366.2908,168.7661,6248,5610,-0.00062781,-0.08642944,0.00436428,-0.00062781,-168.7661,268817.8208,OK,0.0000,6.7506,4.0000,96.0000,AG03-UNRESOLVED,ALL5_LEVELS_bet23_to_bet27,6.7506,6.7506,6.7506,8.4383,8.4383,4.000000,4.000000,4.000000,5.000000,5.000000,96.000000,96.000000,96.000000,95.000000,95.000000,5.0,37.1285,34.0107,131.6376,134.7554,PENDING_AG03,FALSE,NOT_FOR_ENFORCEMENT,162.0155,234591.6392,168.7661,162.0155,6.7506,0.00062781,0.00060270,6.7506,162.0155,0.00060270,6.7506,6.7506,6.7506,8.4383,8.4383,162.0155,0.00060270,37.1285,34.0107,131.6376,134.7554,0.00048969,0.00050129,0.00002511,43.0246,43.5591,0.0301,2.0581,0.0627,3278.2661,68.4146,17.6798,46.9397,25.7155,39.4976,52.6635,77.1466,82.2897,128.5777,31.4111,0.0,2.083411,3.25533,1.089297,30,192,222,8,0.05498276,0.00062781,0.08642944,0E-8,0.000000,0.909041,0.000000,-0.09079372,2026-03-23,2026-08-06,82,2690,1181,137,0.598540,0.376650,0.410924,0.183276,,,,,,,,GLOBAL_BASELINE_NO_ENTITY_RANKING,,,NOT_APPLICABLE_GLOBAL_BASELINE,HF9g-P5,,,,X 全窗基线 · 不参与实体赏罚,6877871,688,A168_HF9F_20260827_0900,2026-08-27 09:00:00
2026-06-23,70460261,1957,0,51.4310695091,-51.4310695091,-51.4310695091,0E-7,1,1,0.50665070000000000,0.506650700000,-1.013391052207602,-1.013391052207602,-1.013391052207602,0E-17,ELIGIBLE,R03b_20260811_FULL_v1,L1_ELIGIBILITY,v2026-08-11,2026-03-21..2026-08-06,baccarat_bet02_101_all_pairs_incl_sentinel,round_win = game_pnl > 0 (decisive only),COMPATIBILITY_ONLY_NOT_PRODUCTION,268817.8208,244366.2908,168.7661,6248,5610,-0.00062781,-0.08642944,0.00436428,-0.00062781,-168.7661,268817.8208,OK,0.0000,6.7506,4.0000,96.0000,AG03-UNRESOLVED,ALL5_LEVELS_bet23_to_bet27,6.7506,6.7506,6.7506,8.4383,8.4383,4.000000,4.000000,4.000000,5.000000,5.000000,96.000000,96.000000,96.000000,95.000000,95.000000,5.0,37.1285,34.0107,131.6376,134.7554,PENDING_AG03,FALSE,NOT_FOR_ENFORCEMENT,162.0155,234591.6392,168.7661,162.0155,6.7506,0.00062781,0.00060270,6.7506,162.0155,0.00060270,6.7506,6.7506,6.7506,8.4383,8.4383,162.0155,0.00060270,37.1285,34.0107,131.6376,134.7554,0.00048969,0.00050129,0.00002511,43.0246,43.5591,0.0301,2.0581,0.0627,3278.2661,68.4146,17.6798,46.9397,25.7155,39.4976,52.6635,77.1466,82.2897,128.5777,31.4111,0.0,2.083411,3.25533,1.089297,30,192,222,8,0.05498276,0.00062781,0.08642944,0E-8,0.000000,0.909041,0.000000,-0.09079372,2026-03-23,2026-08-06,82,2690,1181,137,0.598540,0.376650,0.410924,0.183276,,,,,,,,GLOBAL_BASELINE_NO_ENTITY_RANKING,,,NOT_APPLICABLE_GLOBAL_BASELINE,HF9g-P5,,,,X 全窗基线 · 不参与实体赏罚,6877872,688,A168_HF9F_20260827_0900,2026-08-27 09:00:00
2026-06-23,70460261,1966,0,18.0008743282,17.1008306118,17.1008306118,1.0000000,1,1,0.50665070000000000,0.506650700000,0.9867858985152569,0.9867858985152569,0.9867858985152569,0E-17,ELIGIBLE,R03b_20260811_FULL_v1,L1_ELIGIBILITY,v2026-08-11,2026-03-21..2026-08-06,baccarat_bet02_101_all_pairs_incl_sentinel,round_win = game_pnl > 0 (decisive only),COMPATIBILITY_ONLY_NOT_PRODUCTION,268817.8208,244366.2908,168.7661,6248,5610,-0.00062781,-0.08642944,0.00436428,-0.00062781,-168.7661,268817.8208,OK,0.0000,6.7506,4.0000,96.0000,AG03-UNRESOLVED,ALL5_LEVELS_bet23_to_bet27,6.7506,6.7506,6.7506,8.4383,8.4383,4.000000,4.000000,4.000000,5.000000,5.000000,96.000000,96.000000,96.000000,95.000000,95.000000,5.0,37.1285,34.0107,131.6376,134.7554,PENDING_AG03,FALSE,NOT_FOR_ENFORCEMENT,162.0155,234591.6392,168.7661,162.0155,6.7506,0.00062781,0.00060270,6.7506,162.0155,0.00060270,6.7506,6.7506,6.7506,8.4383,8.4383,162.0155,0.00060270,37.1285,34.0107,131.6376,134.7554,0.00048969,0.00050129,0.00002511,43.0246,43.5591,0.0301,2.0581,0.0627,3278.2661,68.4146,17.6798,46.9397,25.7155,39.4976,52.6635,77.1466,82.2897,128.5777,31.4111,0.0,2.083411,3.25533,1.089297,30,192,222,8,0.05498276,0.00062781,0.08642944,0E-8,0.000000,0.909041,0.000000,-0.09079372,2026-03-23,2026-08-06,82,2690,1181,137,0.598540,0.376650,0.410924,0.183276,,,,,,,,GLOBAL_BASELINE_NO_ENTITY_RANKING,,,NOT_APPLICABLE_GLOBAL_BASELINE,HF9g-P5,,,,X 全窗基线 · 不参与实体赏罚,6877873,688,A168_HF9F_20260827_0900,2026-08-27 09:00:00
2026-06-23,70460261,2103,0,167.1509759045,62.3601717798,62.3601717798,0.6666667,4,4,0.49994810000000000,0.499948100000,0.5775300591747329,0.5775300591747329,0.5775300591747329,0E-17,ELIGIBLE,R03b_20260811_FULL_v1,L1_ELIGIBILITY,v2026-08-11,2026-03-21..2026-08-06,baccarat_bet02_101_all_pairs_incl_sentinel,round_win = game_pnl > 0 (decisive only),COMPATIBILITY_ONLY_NOT_PRODUCTION,268817.8208,244366.2908,168.7661,6248,5610,-0.00062781,-0.08642944,0.00436428,-0.00062781,-168.7661,268817.8208,OK,0.0000,6.7506,4.0000,96.0000,AG03-UNRESOLVED,ALL5_LEVELS_bet23_to_bet27,6.7506,6.7506,6.7506,8.4383,8.4383,4.000000,4.000000,4.000000,5.000000,5.000000,96.000000,96.000000,96.000000,95.000000,95.000000,5.0,37.1285,34.0107,131.6376,134.7554,PENDING_AG03,FALSE,NOT_FOR_ENFORCEMENT,162.0155,234591.6392,168.7661,162.0155,6.7506,0.00062781,0.00060270,6.7506,162.0155,0.00060270,6.7506,6.7506,6.7506,8.4383,8.4383,162.0155,0.00060270,37.1285,34.0107,131.6376,134.7554,0.00048969,0.00050129,0.00002511,43.0246,43.5591,0.0301,2.0581,0.0627,3278.2661,68.4146,17.6798,46.9397,25.7155,39.4976,52.6635,77.1466,82.2897,128.5777,31.4111,0.0,2.083411,3.25533,1.089297,30,192,222,8,0.05498276,0.00062781,0.08642944,0E-8,0.000000,0.909041,0.000000,-0.09079372,2026-03-23,2026-08-06,82,2690,1181,137,0.598540,0.376650,0.410924,0.183276,,,,,,,,GLOBAL_BASELINE_NO_ENTITY_RANKING,,,NOT_APPLICABLE_GLOBAL_BASELINE,HF9g-P5,,,,X 全窗基线 · 不参与实体赏罚,6877874,688,A168_HF9F_20260827_0900,2026-08-27 09:00:00
2026-06-23,70460261,2115,0,223.7251523645,-123.4345668218,-123.4345668218,0.2000000,5,5,0.50396966000000000,0.503969660000,-1.3594364909357963,-1.3594364909357963,-1.3594364909357963,0E-17,ELIGIBLE,R03b_20260811_FULL_v1,L1_ELIGIBILITY,v2026-08-11,2026-03-21..2026-08-06,baccarat_bet02_101_all_pairs_incl_sentinel,round_win = game_pnl > 0 (decisive only),COMPATIBILITY_ONLY_NOT_PRODUCTION,268817.8208,244366.2908,168.7661,6248,5610,-0.00062781,-0.08642944,0.00436428,-0.00062781,-168.7661,268817.8208,OK,0.0000,6.7506,4.0000,96.0000,AG03-UNRESOLVED,ALL5_LEVELS_bet23_to_bet27,6.7506,6.7506,6.7506,8.4383,8.4383,4.000000,4.000000,4.000000,5.000000,5.000000,96.000000,96.000000,96.000000,95.000000,95.000000,5.0,37.1285,34.0107,131.6376,134.7554,PENDING_AG03,FALSE,NOT_FOR_ENFORCEMENT,162.0155,234591.6392,168.7661,162.0155,6.7506,0.00062781,0.00060270,6.7506,162.0155,0.00060270,6.7506,6.7506,6.7506,8.4383,8.4383,162.0155,0.00060270,37.1285,34.0107,131.6376,134.7554,0.00048969,0.00050129,0.00002511,43.0246,43.5591,0.0301,2.0581,0.0627,3278.2661,68.4146,17.6798,46.9397,25.7155,39.4976,52.6635,77.1466,82.2897,128.5777,31.4111,0.0,2.083411,3.25533,1.089297,30,192,222,8,0.05498276,0.00062781,0.08642944,0E-8,0.000000,0.909041,0.000000,-0.09079372,2026-03-23,2026-08-06,82,2690,1181,137,0.598540,0.376650,0.410924,0.183276,,,,,,,,GLOBAL_BASELINE_NO_ENTITY_RANKING,,,NOT_APPLICABLE_GLOBAL_BASELINE,HF9g-P5,,,,X 全窗基线 · 不参与实体赏罚,6877875,688,A168_HF9F_20260827_0900,2026-08-27 09:00:00
2026-06-23,70460261,2127,0,23.1439812791,21.9867822151,21.9867822151,1.0000000,1,1,0.50665070000000000,0.506650700000,0.9867858985152569,0.9867858985152569,0.9867858985152569,0E-17,ELIGIBLE,R03b_20260811_FULL_v1,L1_ELIGIBILITY,v2026-08-11,2026-03-21..2026-08-06,baccarat_bet02_101_all_pairs_incl_sentinel,round_win = game_pnl > 0 (decisive only),COMPATIBILITY_ONLY_NOT_PRODUCTION,268817.8208,244366.2908,168.7661,6248,5610,-0.00062781,-0.08642944,0.00436428,-0.00062781,-168.7661,268817.8208,OK,0.0000,6.7506,4.0000,96.0000,AG03-UNRESOLVED,ALL5_LEVELS_bet23_to_bet27,6.7506,6.7506,6.7506,8.4383,8.4383,4.000000,4.000000,4.000000,5.000000,5.000000,96.000000,96.000000,96.000000,95.000000,95.000000,5.0,37.1285,34.0107,131.6376,134.7554,PENDING_AG03,FALSE,NOT_FOR_ENFORCEMENT,162.0155,234591.6392,168.7661,162.0155,6.7506,0.00062781,0.00060270,6.7506,162.0155,0.00060270,6.7506,6.7506,6.7506,8.4383,8.4383,162.0155,0.00060270,37.1285,34.0107,131.6376,134.7554,0.00048969,0.00050129,0.00002511,43.0246,43.5591,0.0301,2.0581,0.0627,3278.2661,68.4146,17.6798,46.9397,25.7155,39.4976,52.6635,77.1466,82.2897,128.5777,31.4111,0.0,2.083411,3.25533,1.089297,30,192,222,8,0.05498276,0.00062781,0.08642944,0E-8,0.000000,0.909041,0.000000,-0.09079372,2026-03-23,2026-08-06,82,2690,1181,137,0.598540,0.376650,0.410924,0.183276,,,,,,,,GLOBAL_BASELINE_NO_ENTITY_RANKING,,,NOT_APPLICABLE_GLOBAL_BASELINE,HF9g-P5,,,,X 全窗基线 · 不参与实体赏罚,6877876,688,A168_HF9F_20260827_0900,2026-08-27 09:00:00
2026-06-23,70460261,2129,0,174.8656363310,133.7207807236,133.7207807236,1.0000000,4,4,0.49994810000000000,0.499948100000,1.7322306037746105,1.7322306037746105,1.7322306037746105,0E-17,ELIGIBLE,R03b_20260811_FULL_v1,L1_ELIGIBILITY,v2026-08-11,2026-03-21..2026-08-06,baccarat_bet02_101_all_pairs_incl_sentinel,round_win = game_pnl > 0 (decisive only),COMPATIBILITY_ONLY_NOT_PRODUCTION,268817.8208,244366.2908,168.7661,6248,5610,-0.00062781,-0.08642944,0.00436428,-0.00062781,-168.7661,268817.8208,OK,0.0000,6.7506,4.0000,96.0000,AG03-UNRESOLVED,ALL5_LEVELS_bet23_to_bet27,6.7506,6.7506,6.7506,8.4383,8.4383,4.000000,4.000000,4.000000,5.000000,5.000000,96.000000,96.000000,96.000000,95.000000,95.000000,5.0,37.1285,34.0107,131.6376,134.7554,PENDING_AG03,FALSE,NOT_FOR_ENFORCEMENT,162.0155,234591.6392,168.7661,162.0155,6.7506,0.00062781,0.00060270,6.7506,162.0155,0.00060270,6.7506,6.7506,6.7506,8.4383,8.4383,162.0155,0.00060270,37.1285,34.0107,131.6376,134.7554,0.00048969,0.00050129,0.00002511,43.0246,43.5591,0.0301,2.0581,0.0627,3278.2661,68.4146,17.6798,46.9397,25.7155,39.4976,52.6635,77.1466,82.2897,128.5777,31.4111,0.0,2.083411,3.25533,1.089297,30,192,222,8,0.05498276,0.00062781,0.08642944,0E-8,0.000000,0.909041,0.000000,-0.09079372,2026-03-23,2026-08-06,82,2690,1181,137,0.598540,0.376650,0.410924,0.183276,,,,,,,,GLOBAL_BASELINE_NO_ENTITY_RANKING,,,NOT_APPLICABLE_GLOBAL_BASELINE,HF9g-P5,,,,X 全窗基线 · 不参与实体赏罚,6877877,688,A168_HF9F_20260827_0900,2026-08-27 09:00:00
2026-06-23,70460261,2153,0,64.2888368863,-14.1435441150,-14.1435441150,0.5000000,2,2,0.50665070000000000,0.506650700000,-0.018812684590367487,-0.018812684590367487,-0.018812684590367487,0E-17,ELIGIBLE,R03b_20260811_FULL_v1,L1_ELIGIBILITY,v2026-08-11,2026-03-21..2026-08-06,baccarat_bet02_101_all_pairs_incl_sentinel,round_win = game_pnl > 0 (decisive only),COMPATIBILITY_ONLY_NOT_PRODUCTION,268817.8208,244366.2908,168.7661,6248,5610,-0.00062781,-0.08642944,0.00436428,-0.00062781,-168.7661,268817.8208,OK,0.0000,6.7506,4.0000,96.0000,AG03-UNRESOLVED,ALL5_LEVELS_bet23_to_bet27,6.7506,6.7506,6.7506,8.4383,8.4383,4.000000,4.000000,4.000000,5.000000,5.000000,96.000000,96.000000,96.000000,95.000000,95.000000,5.0,37.1285,34.0107,131.6376,134.7554,PENDING_AG03,FALSE,NOT_FOR_ENFORCEMENT,162.0155,234591.6392,168.7661,162.0155,6.7506,0.00062781,0.00060270,6.7506,162.0155,0.00060270,6.7506,6.7506,6.7506,8.4383,8.4383,162.0155,0.00060270,37.1285,34.0107,131.6376,134.7554,0.00048969,0.00050129,0.00002511,43.0246,43.5591,0.0301,2.0581,0.0627,3278.2661,68.4146,17.6798,46.9397,25.7155,39.4976,52.6635,77.1466,82.2897,128.5777,31.4111,0.0,2.083411,3.25533,1.089297,30,192,222,8,0.05498276,0.00062781,0.08642944,0E-8,0.000000,0.909041,0.000000,-0.09079372,2026-03-23,2026-08-06,82,2690,1181,137,0.598540,0.376650,0.410924,0.183276,,,,,,,,GLOBAL_BASELINE_NO_ENTITY_RANKING,,,NOT_APPLICABLE_GLOBAL_BASELINE,HF9g-P5,,,,X 全窗基线 · 不参与实体赏罚,6877878,688,A168_HF9F_20260827_0900,2026-08-27 09:00:00
2026-06-23,70460261,2155,0,154.2932085272,-3.8573302131,-3.8573302131,0.5000000,2,2,0.50665070000000000,0.506650700000,-0.018812684590367487,-0.018812684590367487,-0.018812684590367487,0E-17,ELIGIBLE,R03b_20260811_FULL_v1,L1_ELIGIBILITY,v2026-08-11,2026-03-21..2026-08-06,baccarat_bet02_101_all_pairs_incl_sentinel,round_win = game_pnl > 0 (decisive only),COMPATIBILITY_ONLY_NOT_PRODUCTION,268817.8208,244366.2908,168.7661,6248,5610,-0.00062781,-0.08642944,0.00436428,-0.00062781,-168.7661,268817.8208,OK,0.0000,6.7506,4.0000,96.0000,AG03-UNRESOLVED,ALL5_LEVELS_bet23_to_bet27,6.7506,6.7506,6.7506,8.4383,8.4383,4.000000,4.000000,4.000000,5.000000,5.000000,96.000000,96.000000,96.000000,95.000000,95.000000,5.0,37.1285,34.0107,131.6376,134.7554,PENDING_AG03,FALSE,NOT_FOR_ENFORCEMENT,162.0155,234591.6392,168.7661,162.0155,6.7506,0.00062781,0.00060270,6.7506,162.0155,0.00060270,6.7506,6.7506,6.7506,8.4383,8.4383,162.0155,0.00060270,37.1285,34.0107,131.6376,134.7554,0.00048969,0.00050129,0.00002511,43.0246,43.5591,0.0301,2.0581,0.0627,3278.2661,68.4146,17.6798,46.9397,25.7155,39.4976,52.6635,77.1466,82.2897,128.5777,31.4111,0.0,2.083411,3.25533,1.089297,30,192,222,8,0.05498276,0.00062781,0.08642944,0E-8,0.000000,0.909041,0.000000,-0.09079372,2026-03-23,2026-08-06,82,2690,1181,137,0.598540,0.376650,0.410924,0.183276,,,,,,,,GLOBAL_BASELINE_NO_ENTITY_RANKING,,,NOT_APPLICABLE_GLOBAL_BASELINE,HF9g-P5,,,,X 全窗基线 · 不参与实体赏罚,6877879,688,A168_HF9F_20260827_0900,2026-08-27 09:00:00
2026-06-23,70460261,2169,0,25.7155347545,-25.7155347545,-25.7155347545,0E-7,1,1,0.49324550000000000,0.493245500000,-0.9865810262130424,-0.9865810262130424,-0.9865810262130424,0E-17,ELIGIBLE,R03b_20260811_FULL_v1,L1_ELIGIBILITY,v2026-08-11,2026-03-21..2026-08-06,baccarat_bet02_101_all_pairs_incl_sentinel,round_win = game_pnl > 0 (decisive only),COMPATIBILITY_ONLY_NOT_PRODUCTION,268817.8208,244366.2908,168.7661,6248,5610,-0.00062781,-0.08642944,0.00436428,-0.00062781,-168.7661,268817.8208,OK,0.0000,6.7506,4.0000,96.0000,AG03-UNRESOLVED,ALL5_LEVELS_bet23_to_bet27,6.7506,6.7506,6.7506,8.4383,8.4383,4.000000,4.000000,4.000000,5.000000,5.000000,96.000000,96.000000,96.000000,95.000000,95.000000,5.0,37.1285,34.0107,131.6376,134.7554,PENDING_AG03,FALSE,NOT_FOR_ENFORCEMENT,162.0155,234591.6392,168.7661,162.0155,6.7506,0.00062781,0.00060270,6.7506,162.0155,0.00060270,6.7506,6.7506,6.7506,8.4383,8.4383,162.0155,0.00060270,37.1285,34.0107,131.6376,134.7554,0.00048969,0.00050129,0.00002511,43.0246,43.5591,0.0301,2.0581,0.0627,3278.2661,68.4146,17.6798,46.9397,25.7155,39.4976,52.6635,77.1466,82.2897,128.5777,31.4111,0.0,2.083411,3.25533,1.089297,30,192,222,8,0.05498276,0.00062781,0.08642944,0E-8,0.000000,0.909041,0.000000,-0.09079372,2026-03-23,2026-08-06,82,2690,1181,137,0.598540,0.376650,0.410924,0.183276,,,,,,,,GLOBAL_BASELINE_NO_ENTITY_RANKING,,,NOT_APPLICABLE_GLOBAL_BASELINE,HF9g-P5,,,,X 全窗基线 · 不参与实体赏罚,6877880,688,A168_HF9F_20260827_0900,2026-08-27 09:00:00
2026-06-23,70460261,2177,0,144.0069946253,-13.6292334198,-13.6292334198,0.4000000,5,5,0.50665070000000000,0.506650700000,-0.4769986289884125,-0.4769986289884125,-0.4769986289884125,0E-17,ELIGIBLE,R03b_20260811_FULL_v1,L1_ELIGIBILITY,v2026-08-11,2026-03-21..2026-08-06,baccarat_bet02_101_all_pairs_incl_sentinel,round_win = game_pnl > 0 (decisive only),COMPATIBILITY_ONLY_NOT_PRODUCTION,268817.8208,244366.2908,168.7661,6248,5610,-0.00062781,-0.08642944,0.00436428,-0.00062781,-168.7661,268817.8208,OK,0.0000,6.7506,4.0000,96.0000,AG03-UNRESOLVED,ALL5_LEVELS_bet23_to_bet27,6.7506,6.7506,6.7506,8.4383,8.4383,4.000000,4.000000,4.000000,5.000000,5.000000,96.000000,96.000000,96.000000,95.000000,95.000000,5.0,37.1285,34.0107,131.6376,134.7554,PENDING_AG03,FALSE,NOT_FOR_ENFORCEMENT,162.0155,234591.6392,168.7661,162.0155,6.7506,0.00062781,0.00060270,6.7506,162.0155,0.00060270,6.7506,6.7506,6.7506,8.4383,8.4383,162.0155,0.00060270,37.1285,34.0107,131.6376,134.7554,0.00048969,0.00050129,0.00002511,43.0246,43.5591,0.0301,2.0581,0.0627,3278.2661,68.4146,17.6798,46.9397,25.7155,39.4976,52.6635,77.1466,82.2897,128.5777,31.4111,0.0,2.083411,3.25533,1.089297,30,192,222,8,0.05498276,0.00062781,0.08642944,0E-8,0.000000,0.909041,0.000000,-0.09079372,2026-03-23,2026-08-06,82,2690,1181,137,0.598540,0.376650,0.410924,0.183276,,,,,,,,GLOBAL_BASELINE_NO_ENTITY_RANKING,,,NOT_APPLICABLE_GLOBAL_BASELINE,HF9g-P5,,,,X 全窗基线 · 不参与实体赏罚,6877881,688,A168_HF9F_20260827_0900,2026-08-27 09:00:00
2026-06-23,70460261,2188,0,77.1466042636,23.1439812791,23.1439812791,0.5000000,2,2,0.50665070000000000,0.506650700000,-0.018812684590367487,-0.018812684590367487,-0.018812684590367487,0E-17,ELIGIBLE,R03b_20260811_FULL_v1,L1_ELIGIBILITY,v2026-08-11,2026-03-21..2026-08-06,baccarat_bet02_101_all_pairs_incl_sentinel,round_win = game_pnl > 0 (decisive only),COMPATIBILITY_ONLY_NOT_PRODUCTION,268817.8208,244366.2908,168.7661,6248,5610,-0.00062781,-0.08642944,0.00436428,-0.00062781,-168.7661,268817.8208,OK,0.0000,6.7506,4.0000,96.0000,AG03-UNRESOLVED,ALL5_LEVELS_bet23_to_bet27,6.7506,6.7506,6.7506,8.4383,8.4383,4.000000,4.000000,4.000000,5.000000,5.000000,96.000000,96.000000,96.000000,95.000000,95.000000,5.0,37.1285,34.0107,131.6376,134.7554,PENDING_AG03,FALSE,NOT_FOR_ENFORCEMENT,162.0155,234591.6392,168.7661,162.0155,6.7506,0.00062781,0.00060270,6.7506,162.0155,0.00060270,6.7506,6.7506,6.7506,8.4383,8.4383,162.0155,0.00060270,37.1285,34.0107,131.6376,134.7554,0.00048969,0.00050129,0.00002511,43.0246,43.5591,0.0301,2.0581,0.0627,3278.2661,68.4146,17.6798,46.9397,25.7155,39.4976,52.6635,77.1466,82.2897,128.5777,31.4111,0.0,2.083411,3.25533,1.089297,30,192,222,8,0.05498276,0.00062781,0.08642944,0E-8,0.000000,0.909041,0.000000,-0.09079372,2026-03-23,2026-08-06,82,2690,1181,137,0.598540,0.376650,0.410924,0.183276,,,,,,,,GLOBAL_BASELINE_NO_ENTITY_RANKING,,,NOT_APPLICABLE_GLOBAL_BASELINE,HF9g-P5,,,,X 全窗基线 · 不参与实体赏罚,6877882,688,A168_HF9F_20260827_0900,2026-08-27 09:00:00
2026-06-23,70460261,2201,0,36.0017486564,34.2016612235,34.2016612235,1.0000000,1,1,0.50665070000000000,0.506650700000,0.9867858985152569,0.9867858985152569,0.9867858985152569,0E-17,ELIGIBLE,R03b_20260811_FULL_v1,L1_ELIGIBILITY,v2026-08-11,2026-03-21..2026-08-06,baccarat_bet02_101_all_pairs_incl_sentinel,round_win = game_pnl > 0 (decisive only),COMPATIBILITY_ONLY_NOT_PRODUCTION,268817.8208,244366.2908,168.7661,6248,5610,-0.00062781,-0.08642944,0.00436428,-0.00062781,-168.7661,268817.8208,OK,0.0000,6.7506,4.0000,96.0000,AG03-UNRESOLVED,ALL5_LEVELS_bet23_to_bet27,6.7506,6.7506,6.7506,8.4383,8.4383,4.000000,4.000000,4.000000,5.000000,5.000000,96.000000,96.000000,96.000000,95.000000,95.000000,5.0,37.1285,34.0107,131.6376,134.7554,PENDING_AG03,FALSE,NOT_FOR_ENFORCEMENT,162.0155,234591.6392,168.7661,162.0155,6.7506,0.00062781,0.00060270,6.7506,162.0155,0.00060270,6.7506,6.7506,6.7506,8.4383,8.4383,162.0155,0.00060270,37.1285,34.0107,131.6376,134.7554,0.00048969,0.00050129,0.00002511,43.0246,43.5591,0.0301,2.0581,0.0627,3278.2661,68.4146,17.6798,46.9397,25.7155,39.4976,52.6635,77.1466,82.2897,128.5777,31.4111,0.0,2.083411,3.25533,1.089297,30,192,222,8,0.05498276,0.00062781,0.08642944,0E-8,0.000000,0.909041,0.000000,-0.09079372,2026-03-23,2026-08-06,82,2690,1181,137,0.598540,0.376650,0.410924,0.183276,,,,,,,,GLOBAL_BASELINE_NO_ENTITY_RANKING,,,NOT_APPLICABLE_GLOBAL_BASELINE,HF9g-P5,,,,X 全窗基线 · 不参与实体赏罚,6877883,688,A168_HF9F_20260827_0900,2026-08-27 09:00:00
2026-06-23,70460261,2208,0,51.4310695091,48.8595160336,48.8595160336,1.0000000,1,1,0.50665070000000000,0.506650700000,0.9867858985152569,0.9867858985152569,0.9867858985152569,0E-17,ELIGIBLE,R03b_20260811_FULL_v1,L1_ELIGIBILITY,v2026-08-11,2026-03-21..2026-08-06,baccarat_bet02_101_all_pairs_incl_sentinel,round_win = game_pnl > 0 (decisive only),COMPATIBILITY_ONLY_NOT_PRODUCTION,268817.8208,244366.2908,168.7661,6248,5610,-0.00062781,-0.08642944,0.00436428,-0.00062781,-168.7661,268817.8208,OK,0.0000,6.7506,4.0000,96.0000,AG03-UNRESOLVED,ALL5_LEVELS_bet23_to_bet27,6.7506,6.7506,6.7506,8.4383,8.4383,4.000000,4.000000,4.000000,5.000000,5.000000,96.000000,96.000000,96.000000,95.000000,95.000000,5.0,37.1285,34.0107,131.6376,134.7554,PENDING_AG03,FALSE,NOT_FOR_ENFORCEMENT,162.0155,234591.6392,168.7661,162.0155,6.7506,0.00062781,0.00060270,6.7506,162.0155,0.00060270,6.7506,6.7506,6.7506,8.4383,8.4383,162.0155,0.00060270,37.1285,34.0107,131.6376,134.7554,0.00048969,0.00050129,0.00002511,43.0246,43.5591,0.0301,2.0581,0.0627,3278.2661,68.4146,17.6798,46.9397,25.7155,39.4976,52.6635,77.1466,82.2897,128.5777,31.4111,0.0,2.083411,3.25533,1.089297,30,192,222,8,0.05498276,0.00062781,0.08642944,0E-8,0.000000,0.909041,0.000000,-0.09079372,2026-03-23,2026-08-06,82,2690,1181,137,0.598540,0.376650,0.410924,0.183276,,,,,,,,GLOBAL_BASELINE_NO_ENTITY_RANKING,,,NOT_APPLICABLE_GLOBAL_BASELINE,HF9g-P5,,,,X 全窗基线 · 不参与实体赏罚,6877884,688,A168_HF9F_20260827_0900,2026-08-27 09:00:00
2026-06-23,70460261,2212,0,102.8621390182,0E-10,0E-10,0.5000000,2,2,0.49994810000000000,0.499948100000,0.00014679536856514622,0.00014679536856514622,0.00014679536856514622,0E-17,ELIGIBLE,R03b_20260811_FULL_v1,L1_ELIGIBILITY,v2026-08-11,2026-03-21..2026-08-06,baccarat_bet02_101_all_pairs_incl_sentinel,round_win = game_pnl > 0 (decisive only),COMPATIBILITY_ONLY_NOT_PRODUCTION,268817.8208,244366.2908,168.7661,6248,5610,-0.00062781,-0.08642944,0.00436428,-0.00062781,-168.7661,268817.8208,OK,0.0000,6.7506,4.0000,96.0000,AG03-UNRESOLVED,ALL5_LEVELS_bet23_to_bet27,6.7506,6.7506,6.7506,8.4383,8.4383,4.000000,4.000000,4.000000,5.000000,5.000000,96.000000,96.000000,96.000000,95.000000,95.000000,5.0,37.1285,34.0107,131.6376,134.7554,PENDING_AG03,FALSE,NOT_FOR_ENFORCEMENT,162.0155,234591.6392,168.7661,162.0155,6.7506,0.00062781,0.00060270,6.7506,162.0155,0.00060270,6.7506,6.7506,6.7506,8.4383,8.4383,162.0155,0.00060270,37.1285,34.0107,131.6376,134.7554,0.00048969,0.00050129,0.00002511,43.0246,43.5591,0.0301,2.0581,0.0627,3278.2661,68.4146,17.6798,46.9397,25.7155,39.4976,52.6635,77.1466,82.2897,128.5777,31.4111,0.0,2.083411,3.25533,1.089297,30,192,222,8,0.05498276,0.00062781,0.08642944,0E-8,0.000000,0.909041,0.000000,-0.09079372,2026-03-23,2026-08-06,82,2690,1181,137,0.598540,0.376650,0.410924,0.183276,,,,,,,,GLOBAL_BASELINE_NO_ENTITY_RANKING,,,NOT_APPLICABLE_GLOBAL_BASELINE,HF9g-P5,,,,X 全窗基线 · 不参与实体赏罚,6877885,688,A168_HF9F_20260827_0900,2026-08-27 09:00:00
2026-06-23,70460261,2222,0,159.4363154781,5.1431069509,5.1431069509,0.5000000,4,4,0.49324550000000000,0.493245500000,0.027020465636507562,0.027020465636507562,0.027020465636507562,0E-17,ELIGIBLE,R03b_20260811_FULL_v1,L1_ELIGIBILITY,v2026-08-11,2026-03-21..2026-08-06,baccarat_bet02_101_all_pairs_incl_sentinel,round_win = game_pnl > 0 (decisive only),COMPATIBILITY_ONLY_NOT_PRODUCTION,268817.8208,244366.2908,168.7661,6248,5610,-0.00062781,-0.08642944,0.00436428,-0.00062781,-168.7661,268817.8208,OK,0.0000,6.7506,4.0000,96.0000,AG03-UNRESOLVED,ALL5_LEVELS_bet23_to_bet27,6.7506,6.7506,6.7506,8.4383,8.4383,4.000000,4.000000,4.000000,5.000000,5.000000,96.000000,96.000000,96.000000,95.000000,95.000000,5.0,37.1285,34.0107,131.6376,134.7554,PENDING_AG03,FALSE,NOT_FOR_ENFORCEMENT,162.0155,234591.6392,168.7661,162.0155,6.7506,0.00062781,0.00060270,6.7506,162.0155,0.00060270,6.7506,6.7506,6.7506,8.4383,8.4383,162.0155,0.00060270,37.1285,34.0107,131.6376,134.7554,0.00048969,0.00050129,0.00002511,43.0246,43.5591,0.0301,2.0581,0.0627,3278.2661,68.4146,17.6798,46.9397,25.7155,39.4976,52.6635,77.1466,82.2897,128.5777,31.4111,0.0,2.083411,3.25533,1.089297,30,192,222,8,0.05498276,0.00062781,0.08642944,0E-8,0.000000,0.909041,0.000000,-0.09079372,2026-03-23,2026-08-06,82,2690,1181,137,0.598540,0.376650,0.410924,0.183276,,,,,,,,GLOBAL_BASELINE_NO_ENTITY_RANKING,,,NOT_APPLICABLE_GLOBAL_BASELINE,HF9g-P5,,,,X 全窗基线 · 不参与实体赏罚,6877886,688,A168_HF9F_20260827_0900,2026-08-27 09:00:00
2026-06-23,70460261,2223,0,77.1466042636,23.1439812791,23.1439812791,0.5000000,2,2,0.49994810000000000,0.499948100000,0.00014679536856514622,0.00014679536856514622,0.00014679536856514622,0E-17,ELIGIBLE,R03b_20260811_FULL_v1,L1_ELIGIBILITY,v2026-08-11,2026-03-21..2026-08-06,baccarat_bet02_101_all_pairs_incl_sentinel,round_win = game_pnl > 0 (decisive only),COMPATIBILITY_ONLY_NOT_PRODUCTION,268817.8208,244366.2908,168.7661,6248,5610,-0.00062781,-0.08642944,0.00436428,-0.00062781,-168.7661,268817.8208,OK,0.0000,6.7506,4.0000,96.0000,AG03-UNRESOLVED,ALL5_LEVELS_bet23_to_bet27,6.7506,6.7506,6.7506,8.4383,8.4383,4.000000,4.000000,4.000000,5.000000,5.000000,96.000000,96.000000,96.000000,95.000000,95.000000,5.0,37.1285,34.0107,131.6376,134.7554,PENDING_AG03,FALSE,NOT_FOR_ENFORCEMENT,162.0155,234591.6392,168.7661,162.0155,6.7506,0.00062781,0.00060270,6.7506,162.0155,0.00060270,6.7506,6.7506,6.7506,8.4383,8.4383,162.0155,0.00060270,37.1285,34.0107,131.6376,134.7554,0.00048969,0.00050129,0.00002511,43.0246,43.5591,0.0301,2.0581,0.0627,3278.2661,68.4146,17.6798,46.9397,25.7155,39.4976,52.6635,77.1466,82.2897,128.5777,31.4111,0.0,2.083411,3.25533,1.089297,30,192,222,8,0.05498276,0.00062781,0.08642944,0E-8,0.000000,0.909041,0.000000,-0.09079372,2026-03-23,2026-08-06,82,2690,1181,137,0.598540,0.376650,0.410924,0.183276,,,,,,,,GLOBAL_BASELINE_NO_ENTITY_RANKING,,,NOT_APPLICABLE_GLOBAL_BASELINE,HF9g-P5,,,,X 全窗基线 · 不参与实体赏罚,6877887,688,A168_HF9F_20260827_0900,2026-08-27 09:00:00
2026-06-23,70460261,2229,0,223.7251523645,25.7155347545,25.7155347545,0.5000000,5,5,0.50128862000000000,0.501288620000,-0.0051544971185412255,-0.0051544971185412255,-0.0051544971185412255,0E-17,ELIGIBLE,R03b_20260811_FULL_v1,L1_ELIGIBILITY,v2026-08-11,2026-03-21..2026-08-06,baccarat_bet02_101_all_pairs_incl_sentinel,round_win = game_pnl > 0 (decisive only),COMPATIBILITY_ONLY_NOT_PRODUCTION,268817.8208,244366.2908,168.7661,6248,5610,-0.00062781,-0.08642944,0.00436428,-0.00062781,-168.7661,268817.8208,OK,0.0000,6.7506,4.0000,96.0000,AG03-UNRESOLVED,ALL5_LEVELS_bet23_to_bet27,6.7506,6.7506,6.7506,8.4383,8.4383,4.000000,4.000000,4.000000,5.000000,5.000000,96.000000,96.000000,96.000000,95.000000,95.000000,5.0,37.1285,34.0107,131.6376,134.7554,PENDING_AG03,FALSE,NOT_FOR_ENFORCEMENT,162.0155,234591.6392,168.7661,162.0155,6.7506,0.00062781,0.00060270,6.7506,162.0155,0.00060270,6.7506,6.7506,6.7506,8.4383,8.4383,162.0155,0.00060270,37.1285,34.0107,131.6376,134.7554,0.00048969,0.00050129,0.00002511,43.0246,43.5591,0.0301,2.0581,0.0627,3278.2661,68.4146,17.6798,46.9397,25.7155,39.4976,52.6635,77.1466,82.2897,128.5777,31.4111,0.0,2.083411,3.25533,1.089297,30,192,222,8,0.05498276,0.00062781,0.08642944,0E-8,0.000000,0.909041,0.000000,-0.09079372,2026-03-23,2026-08-06,82,2690,1181,137,0.598540,0.376650,0.410924,0.183276,,,,,,,,GLOBAL_BASELINE_NO_ENTITY_RANKING,,,NOT_APPLICABLE_GLOBAL_BASELINE,HF9g-P5,,,,X 全窗基线 · 不参与实体赏罚,6877888,688,A168_HF9F_20260827_0900,2026-08-27 09:00:00
2026-06-23,70460261,2234,0,180.0087432818,-4.5002185821,-4.5002185821,0.5000000,4,4,0.50665070000000000,0.506650700000,-0.02660515369234503,-0.02660515369234503,-0.02660515369234503,0E-17,ELIGIBLE,R03b_20260811_FULL_v1,L1_ELIGIBILITY,v2026-08-11,2026-03-21..2026-08-06,baccarat_bet02_101_all_pairs_incl_sentinel,round_win = game_pnl > 0 (decisive only),COMPATIBILITY_ONLY_NOT_PRODUCTION,268817.8208,244366.2908,168.7661,6248,5610,-0.00062781,-0.08642944,0.00436428,-0.00062781,-168.7661,268817.8208,OK,0.0000,6.7506,4.0000,96.0000,AG03-UNRESOLVED,ALL5_LEVELS_bet23_to_bet27,6.7506,6.7506,6.7506,8.4383,8.4383,4.000000,4.000000,4.000000,5.000000,5.000000,96.000000,96.000000,96.000000,95.000000,95.000000,5.0,37.1285,34.0107,131.6376,134.7554,PENDING_AG03,FALSE,NOT_FOR_ENFORCEMENT,162.0155,234591.6392,168.7661,162.0155,6.7506,0.00062781,0.00060270,6.7506,162.0155,0.00060270,6.7506,6.7506,6.7506,8.4383,8.4383,162.0155,0.00060270,37.1285,34.0107,131.6376,134.7554,0.00048969,0.00050129,0.00002511,43.0246,43.5591,0.0301,2.0581,0.0627,3278.2661,68.4146,17.6798,46.9397,25.7155,39.4976,52.6635,77.1466,82.2897,128.5777,31.4111,0.0,2.083411,3.25533,1.089297,30,192,222,8,0.05498276,0.00062781,0.08642944,0E-8,0.000000,0.909041,0.000000,-0.09079372,2026-03-23,2026-08-06,82,2690,1181,137,0.598540,0.376650,0.410924,0.183276,,,,,,,,GLOBAL_BASELINE_NO_ENTITY_RANKING,,,NOT_APPLICABLE_GLOBAL_BASELINE,HF9g-P5,,,,X 全窗基线 · 不参与实体赏罚,6877889,688,A168_HF9F_20260827_0900,2026-08-27 09:00:00
2026-06-23,70460261,2241,0,51.4310695091,48.8595160336,48.8595160336,1.0000000,1,1,0.50665070000000000,0.506650700000,0.9867858985152569,0.9867858985152569,0.9867858985152569,0E-17,ELIGIBLE,R03b_20260811_FULL_v1,L1_ELIGIBILITY,v2026-08-11,2026-03-21..2026-08-06,baccarat_bet02_101_all_pairs_incl_sentinel,round_win = game_pnl > 0 (decisive only),COMPATIBILITY_ONLY_NOT_PRODUCTION,268817.8208,244366.2908,168.7661,6248,5610,-0.00062781,-0.08642944,0.00436428,-0.00062781,-168.7661,268817.8208,OK,0.0000,6.7506,4.0000,96.0000,AG03-UNRESOLVED,ALL5_LEVELS_bet23_to_bet27,6.7506,6.7506,6.7506,8.4383,8.4383,4.000000,4.000000,4.000000,5.000000,5.000000,96.000000,96.000000,96.000000,95.000000,95.000000,5.0,37.1285,34.0107,131.6376,134.7554,PENDING_AG03,FALSE,NOT_FOR_ENFORCEMENT,162.0155,234591.6392,168.7661,162.0155,6.7506,0.00062781,0.00060270,6.7506,162.0155,0.00060270,6.7506,6.7506,6.7506,8.4383,8.4383,162.0155,0.00060270,37.1285,34.0107,131.6376,134.7554,0.00048969,0.00050129,0.00002511,43.0246,43.5591,0.0301,2.0581,0.0627,3278.2661,68.4146,17.6798,46.9397,25.7155,39.4976,52.6635,77.1466,82.2897,128.5777,31.4111,0.0,2.083411,3.25533,1.089297,30,192,222,8,0.05498276,0.00062781,0.08642944,0E-8,0.000000,0.909041,0.000000,-0.09079372,2026-03-23,2026-08-06,82,2690,1181,137,0.598540,0.376650,0.410924,0.183276,,,,,,,,GLOBAL_BASELINE_NO_ENTITY_RANKING,,,NOT_APPLICABLE_GLOBAL_BASELINE,HF9g-P5,,,,X 全窗基线 · 不参与实体赏罚,6877890,688,A168_HF9F_20260827_0900,2026-08-27 09:00:00
2026-06-23,70460261,2251,0,77.1466042635,23.1439812791,23.1439812791,0.6666667,3,3,0.50665070000000000,0.506650700000,0.5543606114942035,0.5543606114942035,0.5543606114942035,0E-17,ELIGIBLE,R03b_20260811_FULL_v1,L1_ELIGIBILITY,v2026-08-11,2026-03-21..2026-08-06,baccarat_bet02_101_all_pairs_incl_sentinel,round_win = game_pnl > 0 (decisive only),COMPATIBILITY_ONLY_NOT_PRODUCTION,268817.8208,244366.2908,168.7661,6248,5610,-0.00062781,-0.08642944,0.00436428,-0.00062781,-168.7661,268817.8208,OK,0.0000,6.7506,4.0000,96.0000,AG03-UNRESOLVED,ALL5_LEVELS_bet23_to_bet27,6.7506,6.7506,6.7506,8.4383,8.4383,4.000000,4.000000,4.000000,5.000000,5.000000,96.000000,96.000000,96.000000,95.000000,95.000000,5.0,37.1285,34.0107,131.6376,134.7554,PENDING_AG03,FALSE,NOT_FOR_ENFORCEMENT,162.0155,234591.6392,168.7661,162.0155,6.7506,0.00062781,0.00060270,6.7506,162.0155,0.00060270,6.7506,6.7506,6.7506,8.4383,8.4383,162.0155,0.00060270,37.1285,34.0107,131.6376,134.7554,0.00048969,0.00050129,0.00002511,43.0246,43.5591,0.0301,2.0581,0.0627,3278.2661,68.4146,17.6798,46.9397,25.7155,39.4976,52.6635,77.1466,82.2897,128.5777,31.4111,0.0,2.083411,3.25533,1.089297,30,192,222,8,0.05498276,0.00062781,0.08642944,0E-8,0.000000,0.909041,0.000000,-0.09079372,2026-03-23,2026-08-06,82,2690,1181,137,0.598540,0.376650,0.410924,0.183276,,,,,,,,GLOBAL_BASELINE_NO_ENTITY_RANKING,,,NOT_APPLICABLE_GLOBAL_BASELINE,HF9g-P5,,,,X 全窗基线 · 不参与实体赏罚,6877891,688,A168_HF9F_20260827_0900,2026-08-27 09:00:00
2026-06-23,70460261,2256,0,46.2879625582,43.9735644303,43.9735644303,1.0000000,1,1,0.50665070000000000,0.506650700000,0.9867858985152569,0.9867858985152569,0.9867858985152569,0E-17,ELIGIBLE,R03b_20260811_FULL_v1,L1_ELIGIBILITY,v2026-08-11,2026-03-21..2026-08-06,baccarat_bet02_101_all_pairs_incl_sentinel,round_win = game_pnl > 0 (decisive only),COMPATIBILITY_ONLY_NOT_PRODUCTION,268817.8208,244366.2908,168.7661,6248,5610,-0.00062781,-0.08642944,0.00436428,-0.00062781,-168.7661,268817.8208,OK,0.0000,6.7506,4.0000,96.0000,AG03-UNRESOLVED,ALL5_LEVELS_bet23_to_bet27,6.7506,6.7506,6.7506,8.4383,8.4383,4.000000,4.000000,4.000000,5.000000,5.000000,96.000000,96.000000,96.000000,95.000000,95.000000,5.0,37.1285,34.0107,131.6376,134.7554,PENDING_AG03,FALSE,NOT_FOR_ENFORCEMENT,162.0155,234591.6392,168.7661,162.0155,6.7506,0.00062781,0.00060270,6.7506,162.0155,0.00060270,6.7506,6.7506,6.7506,8.4383,8.4383,162.0155,0.00060270,37.1285,34.0107,131.6376,134.7554,0.00048969,0.00050129,0.00002511,43.0246,43.5591,0.0301,2.0581,0.0627,3278.2661,68.4146,17.6798,46.9397,25.7155,39.4976,52.6635,77.1466,82.2897,128.5777,31.4111,0.0,2.083411,3.25533,1.089297,30,192,222,8,0.05498276,0.00062781,0.08642944,0E-8,0.000000,0.909041,0.000000,-0.09079372,2026-03-23,2026-08-06,82,2690,1181,137,0.598540,0.376650,0.410924,0.183276,,,,,,,,GLOBAL_BASELINE_NO_ENTITY_RANKING,,,NOT_APPLICABLE_GLOBAL_BASELINE,HF9g-P5,,,,X 全窗基线 · 不参与实体赏罚,6877892,688,A168_HF9F_20260827_0900,2026-08-27 09:00:00
2026-06-23,70460261,2280,0,38.5733021318,-38.5733021318,-38.5733021318,0E-7,1,1,0.50665070000000000,0.506650700000,-1.013391052207602,-1.013391052207602,-1.013391052207602,0E-17,ELIGIBLE,R03b_20260811_FULL_v1,L1_ELIGIBILITY,v2026-08-11,2026-03-21..2026-08-06,baccarat_bet02_101_all_pairs_incl_sentinel,round_win = game_pnl > 0 (decisive only),COMPATIBILITY_ONLY_NOT_PRODUCTION,268817.8208,244366.2908,168.7661,6248,5610,-0.00062781,-0.08642944,0.00436428,-0.00062781,-168.7661,268817.8208,OK,0.0000,6.7506,4.0000,96.0000,AG03-UNRESOLVED,ALL5_LEVELS_bet23_to_bet27,6.7506,6.7506,6.7506,8.4383,8.4383,4.000000,4.000000,4.000000,5.000000,5.000000,96.000000,96.000000,96.000000,95.000000,95.000000,5.0,37.1285,34.0107,131.6376,134.7554,PENDING_AG03,FALSE,NOT_FOR_ENFORCEMENT,162.0155,234591.6392,168.7661,162.0155,6.7506,0.00062781,0.00060270,6.7506,162.0155,0.00060270,6.7506,6.7506,6.7506,8.4383,8.4383,162.0155,0.00060270,37.1285,34.0107,131.6376,134.7554,0.00048969,0.00050129,0.00002511,43.0246,43.5591,0.0301,2.0581,0.0627,3278.2661,68.4146,17.6798,46.9397,25.7155,39.4976,52.6635,77.1466,82.2897,128.5777,31.4111,0.0,2.083411,3.25533,1.089297,30,192,222,8,0.05498276,0.00062781,0.08642944,0E-8,0.000000,0.909041,0.000000,-0.09079372,2026-03-23,2026-08-06,82,2690,1181,137,0.598540,0.376650,0.410924,0.183276,,,,,,,,GLOBAL_BASELINE_NO_ENTITY_RANKING,,,NOT_APPLICABLE_GLOBAL_BASELINE,HF9g-P5,,,,X 全窗基线 · 不参与实体赏罚,6877893,688,A168_HF9F_20260827_0900,2026-08-27 09:00:00
2026-06-23,70460261,462,0,25.7155347545,-25.7155347545,-25.7155347545,0E-7,1,1,0.50665070000000000,0.506650700000,-1.013391052207602,-1.013391052207602,-1.013391052207602,0E-17,ELIGIBLE,R03b_20260811_FULL_v1,L1_ELIGIBILITY,v2026-08-11,2026-03-21..2026-08-06,baccarat_bet02_101_all_pairs_incl_sentinel,round_win = game_pnl > 0 (decisive only),COMPATIBILITY_ONLY_NOT_PRODUCTION,268817.8208,244366.2908,168.7661,6248,5610,-0.00062781,-0.08642944,0.00436428,-0.00062781,-168.7661,268817.8208,OK,0.0000,6.7506,4.0000,96.0000,AG03-UNRESOLVED,ALL5_LEVELS_bet23_to_bet27,6.7506,6.7506,6.7506,8.4383,8.4383,4.000000,4.000000,4.000000,5.000000,5.000000,96.000000,96.000000,96.000000,95.000000,95.000000,5.0,37.1285,34.0107,131.6376,134.7554,PENDING_AG03,FALSE,NOT_FOR_ENFORCEMENT,162.0155,234591.6392,168.7661,162.0155,6.7506,0.00062781,0.00060270,6.7506,162.0155,0.00060270,6.7506,6.7506,6.7506,8.4383,8.4383,162.0155,0.00060270,37.1285,34.0107,131.6376,134.7554,0.00048969,0.00050129,0.00002511,43.0246,43.5591,0.0301,2.0581,0.0627,3278.2661,68.4146,17.6798,46.9397,25.7155,39.4976,52.6635,77.1466,82.2897,128.5777,31.4111,0.0,2.083411,3.25533,1.089297,30,192,222,8,0.05498276,0.00062781,0.08642944,0E-8,0.000000,0.909041,0.000000,-0.09079372,2026-03-23,2026-08-06,82,2690,1181,137,0.598540,0.376650,0.410924,0.183276,,,,,,,,GLOBAL_BASELINE_NO_ENTITY_RANKING,,,NOT_APPLICABLE_GLOBAL_BASELINE,HF9g-P5,,,,X 全窗基线 · 不参与实体赏罚,6877894,688,A168_HF9F_20260827_0900,2026-08-27 09:00:00
2026-06-23,70460261,529,0,203.1527245609,82.4182888882,82.4182888882,0.7500000,6,5,0.48399623499995595,0.461341770000,1.064560511265675,1.158099572606724,1.064560511265675,0.02265446499995595,ELIGIBLE,R03b_20260811_FULL_v1,L1_ELIGIBILITY,v2026-08-11,2026-03-21..2026-08-06,baccarat_bet02_101_all_pairs_incl_sentinel,round_win = game_pnl > 0 (decisive only),COMPATIBILITY_ONLY_NOT_PRODUCTION,268817.8208,244366.2908,168.7661,6248,5610,-0.00062781,-0.08642944,0.00436428,-0.00062781,-168.7661,268817.8208,OK,0.0000,6.7506,4.0000,96.0000,AG03-UNRESOLVED,ALL5_LEVELS_bet23_to_bet27,6.7506,6.7506,6.7506,8.4383,8.4383,4.000000,4.000000,4.000000,5.000000,5.000000,96.000000,96.000000,96.000000,95.000000,95.000000,5.0,37.1285,34.0107,131.6376,134.7554,PENDING_AG03,FALSE,NOT_FOR_ENFORCEMENT,162.0155,234591.6392,168.7661,162.0155,6.7506,0.00062781,0.00060270,6.7506,162.0155,0.00060270,6.7506,6.7506,6.7506,8.4383,8.4383,162.0155,0.00060270,37.1285,34.0107,131.6376,134.7554,0.00048969,0.00050129,0.00002511,43.0246,43.5591,0.0301,2.0581,0.0627,3278.2661,68.4146,17.6798,46.9397,25.7155,39.4976,52.6635,77.1466,82.2897,128.5777,31.4111,0.0,2.083411,3.25533,1.089297,30,192,222,8,0.05498276,0.00062781,0.08642944,0E-8,0.000000,0.909041,0.000000,-0.09079372,2026-03-23,2026-08-06,82,2690,1181,137,0.598540,0.376650,0.410924,0.183276,,,,,,,,GLOBAL_BASELINE_NO_ENTITY_RANKING,,,NOT_APPLICABLE_GLOBAL_BASELINE,HF9g-P5,,,,X 全窗基线 · 不参与实体赏罚,6877895,688,A168_HF9F_20260827_0900,2026-08-27 09:00:00
2026-06-23,70460261,583,0,141.4354411499,-141.4354411499,-141.4354411499,0E-7,3,3,0.50218230000000000,0.502182300000,-1.7396270863184011,-1.7396270863184016,-1.7396270863184011,0E-17,ELIGIBLE,R03b_20260811_FULL_v1,L1_ELIGIBILITY,v2026-08-11,2026-03-21..2026-08-06,baccarat_bet02_101_all_pairs_incl_sentinel,round_win = game_pnl > 0 (decisive only),COMPATIBILITY_ONLY_NOT_PRODUCTION,268817.8208,244366.2908,168.7661,6248,5610,-0.00062781,-0.08642944,0.00436428,-0.00062781,-168.7661,268817.8208,OK,0.0000,6.7506,4.0000,96.0000,AG03-UNRESOLVED,ALL5_LEVELS_bet23_to_bet27,6.7506,6.7506,6.7506,8.4383,8.4383,4.000000,4.000000,4.000000,5.000000,5.000000,96.000000,96.000000,96.000000,95.000000,95.000000,5.0,37.1285,34.0107,131.6376,134.7554,PENDING_AG03,FALSE,NOT_FOR_ENFORCEMENT,162.0155,234591.6392,168.7661,162.0155,6.7506,0.00062781,0.00060270,6.7506,162.0155,0.00060270,6.7506,6.7506,6.7506,8.4383,8.4383,162.0155,0.00060270,37.1285,34.0107,131.6376,134.7554,0.00048969,0.00050129,0.00002511,43.0246,43.5591,0.0301,2.0581,0.0627,3278.2661,68.4146,17.6798,46.9397,25.7155,39.4976,52.6635,77.1466,82.2897,128.5777,31.4111,0.0,2.083411,3.25533,1.089297,30,192,222,8,0.05498276,0.00062781,0.08642944,0E-8,0.000000,0.909041,0.000000,-0.09079372,2026-03-23,2026-08-06,82,2690,1181,137,0.598540,0.376650,0.410924,0.183276,,,,,,,,GLOBAL_BASELINE_NO_ENTITY_RANKING,,,NOT_APPLICABLE_GLOBAL_BASELINE,HF9g-P5,,,,X 全窗基线 · 不参与实体赏罚,6877896,688,A168_HF9F_20260827_0900,2026-08-27 09:00:00
2026-06-23,70460261,970,0,64.2888368863,37.2875253940,37.2875253940,1.0000000,3,2,0.43127344999982197,0.396936125000,1.6240163148255897,1.7431563486697372,1.6240163148255897,0.03433732499982197,ELIGIBLE,R03b_20260811_FULL_v1,L1_ELIGIBILITY,v2026-08-11,2026-03-21..2026-08-06,baccarat_bet02_101_all_pairs_incl_sentinel,round_win = game_pnl > 0 (decisive only),COMPATIBILITY_ONLY_NOT_PRODUCTION,268817.8208,244366.2908,168.7661,6248,5610,-0.00062781,-0.08642944,0.00436428,-0.00062781,-168.7661,268817.8208,OK,0.0000,6.7506,4.0000,96.0000,AG03-UNRESOLVED,ALL5_LEVELS_bet23_to_bet27,6.7506,6.7506,6.7506,8.4383,8.4383,4.000000,4.000000,4.000000,5.000000,5.000000,96.000000,96.000000,96.000000,95.000000,95.000000,5.0,37.1285,34.0107,131.6376,134.7554,PENDING_AG03,FALSE,NOT_FOR_ENFORCEMENT,162.0155,234591.6392,168.7661,162.0155,6.7506,0.00062781,0.00060270,6.7506,162.0155,0.00060270,6.7506,6.7506,6.7506,8.4383,8.4383,162.0155,0.00060270,37.1285,34.0107,131.6376,134.7554,0.00048969,0.00050129,0.00002511,43.0246,43.5591,0.0301,2.0581,0.0627,3278.2661,68.4146,17.6798,46.9397,25.7155,39.4976,52.6635,77.1466,82.2897,128.5777,31.4111,0.0,2.083411,3.25533,1.089297,30,192,222,8,0.05498276,0.00062781,0.08642944,0E-8,0.000000,0.909041,0.000000,-0.09079372,2026-03-23,2026-08-06,82,2690,1181,137,0.598540,0.376650,0.410924,0.183276,,,,,,,,GLOBAL_BASELINE_NO_ENTITY_RANKING,,,NOT_APPLICABLE_GLOBAL_BASELINE,HF9g-P5,,,,X 全窗基线 · 不参与实体赏罚,6877897,688,A168_HF9F_20260827_0900,2026-08-27 09:00:00
2026-06-24,70460261,-1,1,262.2984544963,10.2862139018,10.2862139018,0.6000000,14,14,0.50569318571428571,0.505693185714,0.5964873324166744,0.5964873324184775,0.5964873324166744,2.8571E-13,SENTINEL_DEALER,R03b_20260811_FULL_v1,L1_ELIGIBILITY,v2026-08-11,2026-03-21..2026-08-06,baccarat_bet02_101_all_pairs_incl_sentinel,round_win = game_pnl > 0 (decisive only),COMPATIBILITY_ONLY_NOT_PRODUCTION,268817.8208,244366.2908,168.7661,6248,5610,-0.00062781,-0.08642944,0.00436428,-0.00062781,-168.7661,268817.8208,OK,0.0000,6.7506,4.0000,96.0000,AG03-UNRESOLVED,ALL5_LEVELS_bet23_to_bet27,6.7506,6.7506,6.7506,8.4383,8.4383,4.000000,4.000000,4.000000,5.000000,5.000000,96.000000,96.000000,96.000000,95.000000,95.000000,5.0,37.1285,34.0107,131.6376,134.7554,PENDING_AG03,FALSE,NOT_FOR_ENFORCEMENT,162.0155,234591.6392,168.7661,162.0155,6.7506,0.00062781,0.00060270,6.7506,162.0155,0.00060270,6.7506,6.7506,6.7506,8.4383,8.4383,162.0155,0.00060270,37.1285,34.0107,131.6376,134.7554,0.00048969,0.00050129,0.00002511,43.0246,43.5591,0.0301,2.0581,0.0627,3278.2661,68.4146,17.6798,46.9397,25.7155,39.4976,52.6635,77.1466,82.2897,128.5777,31.4111,0.0,2.083411,3.25533,1.089297,30,192,222,8,0.05498276,0.00062781,0.08642944,0E-8,0.000000,0.909041,0.000000,-0.09079372,2026-03-23,2026-08-06,82,2690,1181,137,0.598540,0.376650,0.410924,0.183276,,,,,,,,GLOBAL_BASELINE_NO_ENTITY_RANKING,,,NOT_APPLICABLE_GLOBAL_BASELINE,HF9g-P5,,,,X 全窗基线 · 不参与实体赏罚,6877898,688,A168_HF9F_20260827_0900,2026-08-27 09:00:00
2026-06-24,70460261,1017,0,51.4310695091,-51.4310695091,-51.4310695091,0E-7,1,1,0.50665070000000000,0.506650700000,-1.013391052207602,-1.013391052207602,-1.013391052207602,0E-17,ELIGIBLE,R03b_20260811_FULL_v1,L1_ELIGIBILITY,v2026-08-11,2026-03-21..2026-08-06,baccarat_bet02_101_all_pairs_incl_sentinel,round_win = game_pnl > 0 (decisive only),COMPATIBILITY_ONLY_NOT_PRODUCTION,268817.8208,244366.2908,168.7661,6248,5610,-0.00062781,-0.08642944,0.00436428,-0.00062781,-168.7661,268817.8208,OK,0.0000,6.7506,4.0000,96.0000,AG03-UNRESOLVED,ALL5_LEVELS_bet23_to_bet27,6.7506,6.7506,6.7506,8.4383,8.4383,4.000000,4.000000,4.000000,5.000000,5.000000,96.000000,96.000000,96.000000,95.000000,95.000000,5.0,37.1285,34.0107,131.6376,134.7554,PENDING_AG03,FALSE,NOT_FOR_ENFORCEMENT,162.0155,234591.6392,168.7661,162.0155,6.7506,0.00062781,0.00060270,6.7506,162.0155,0.00060270,6.7506,6.7506,6.7506,8.4383,8.4383,162.0155,0.00060270,37.1285,34.0107,131.6376,134.7554,0.00048969,0.00050129,0.00002511,43.0246,43.5591,0.0301,2.0581,0.0627,3278.2661,68.4146,17.6798,46.9397,25.7155,39.4976,52.6635,77.1466,82.2897,128.5777,31.4111,0.0,2.083411,3.25533,1.089297,30,192,222,8,0.05498276,0.00062781,0.08642944,0E-8,0.000000,0.909041,0.000000,-0.09079372,2026-03-23,2026-08-06,82,2690,1181,137,0.598540,0.376650,0.410924,0.183276,,,,,,,,GLOBAL_BASELINE_NO_ENTITY_RANKING,,,NOT_APPLICABLE_GLOBAL_BASELINE,HF9g-P5,,,,X 全窗基线 · 不参与实体赏罚,6877899,688,A168_HF9F_20260827_0900,2026-08-27 09:00:00
2026-06-24,70460261,1405,0,12.8577673773,12.8577673773,12.8577673773,1.0000000,1,1,0.49324550000000000,0.493245500000,1.01360149184955,1.01360149184955,1.01360149184955,0E-17,ELIGIBLE,R03b_20260811_FULL_v1,L1_ELIGIBILITY,v2026-08-11,2026-03-21..2026-08-06,baccarat_bet02_101_all_pairs_incl_sentinel,round_win = game_pnl > 0 (decisive only),COMPATIBILITY_ONLY_NOT_PRODUCTION,268817.8208,244366.2908,168.7661,6248,5610,-0.00062781,-0.08642944,0.00436428,-0.00062781,-168.7661,268817.8208,OK,0.0000,6.7506,4.0000,96.0000,AG03-UNRESOLVED,ALL5_LEVELS_bet23_to_bet27,6.7506,6.7506,6.7506,8.4383,8.4383,4.000000,4.000000,4.000000,5.000000,5.000000,96.000000,96.000000,96.000000,95.000000,95.000000,5.0,37.1285,34.0107,131.6376,134.7554,PENDING_AG03,FALSE,NOT_FOR_ENFORCEMENT,162.0155,234591.6392,168.7661,162.0155,6.7506,0.00062781,0.00060270,6.7506,162.0155,0.00060270,6.7506,6.7506,6.7506,8.4383,8.4383,162.0155,0.00060270,37.1285,34.0107,131.6376,134.7554,0.00048969,0.00050129,0.00002511,43.0246,43.5591,0.0301,2.0581,0.0627,3278.2661,68.4146,17.6798,46.9397,25.7155,39.4976,52.6635,77.1466,82.2897,128.5777,31.4111,0.0,2.083411,3.25533,1.089297,30,192,222,8,0.05498276,0.00062781,0.08642944,0E-8,0.000000,0.909041,0.000000,-0.09079372,2026-03-23,2026-08-06,82,2690,1181,137,0.598540,0.376650,0.410924,0.183276,,,,,,,,GLOBAL_BASELINE_NO_ENTITY_RANKING,,,NOT_APPLICABLE_GLOBAL_BASELINE,HF9g-P5,,,,X 全窗基线 · 不参与实体赏罚,6877900,688,A168_HF9F_20260827_0900,2026-08-27 09:00:00
2026-06-24,70460261,1704,0,12.8577673773,-12.8577673773,-12.8577673773,0E-7,1,1,0.50665070000000000,0.506650700000,-1.013391052207602,-1.013391052207602,-1.013391052207602,0E-17,ELIGIBLE,R03b_20260811_FULL_v1,L1_ELIGIBILITY,v2026-08-11,2026-03-21..2026-08-06,baccarat_bet02_101_all_pairs_incl_sentinel,round_win = game_pnl > 0 (decisive only),COMPATIBILITY_ONLY_NOT_PRODUCTION,268817.8208,244366.2908,168.7661,6248,5610,-0.00062781,-0.08642944,0.00436428,-0.00062781,-168.7661,268817.8208,OK,0.0000,6.7506,4.0000,96.0000,AG03-UNRESOLVED,ALL5_LEVELS_bet23_to_bet27,6.7506,6.7506,6.7506,8.4383,8.4383,4.000000,4.000000,4.000000,5.000000,5.000000,96.000000,96.000000,96.000000,95.000000,95.000000,5.0,37.1285,34.0107,131.6376,134.7554,PENDING_AG03,FALSE,NOT_FOR_ENFORCEMENT,162.0155,234591.6392,168.7661,162.0155,6.7506,0.00062781,0.00060270,6.7506,162.0155,0.00060270,6.7506,6.7506,6.7506,8.4383,8.4383,162.0155,0.00060270,37.1285,34.0107,131.6376,134.7554,0.00048969,0.00050129,0.00002511,43.0246,43.5591,0.0301,2.0581,0.0627,3278.2661,68.4146,17.6798,46.9397,25.7155,39.4976,52.6635,77.1466,82.2897,128.5777,31.4111,0.0,2.083411,3.25533,1.089297,30,192,222,8,0.05498276,0.00062781,0.08642944,0E-8,0.000000,0.909041,0.000000,-0.09079372,2026-03-23,2026-08-06,82,2690,1181,137,0.598540,0.376650,0.410924,0.183276,,,,,,,,GLOBAL_BASELINE_NO_ENTITY_RANKING,,,NOT_APPLICABLE_GLOBAL_BASELINE,HF9g-P5,,,,X 全窗基线 · 不参与实体赏罚,6877901,688,A168_HF9F_20260827_0900,2026-08-27 09:00:00
2026-06-24,70460261,2101,0,136.2923341991,6.3003060148,6.3003060148,0.5000000,8,8,0.49994810000000000,0.499948100000,0.00029359073713029245,0.00029359073713029245,0.00029359073713029245,0E-17,ELIGIBLE,R03b_20260811_FULL_v1,L1_ELIGIBILITY,v2026-08-11,2026-03-21..2026-08-06,baccarat_bet02_101_all_pairs_incl_sentinel,round_win = game_pnl > 0 (decisive only),COMPATIBILITY_ONLY_NOT_PRODUCTION,268817.8208,244366.2908,168.7661,6248,5610,-0.00062781,-0.08642944,0.00436428,-0.00062781,-168.7661,268817.8208,OK,0.0000,6.7506,4.0000,96.0000,AG03-UNRESOLVED,ALL5_LEVELS_bet23_to_bet27,6.7506,6.7506,6.7506,8.4383,8.4383,4.000000,4.000000,4.000000,5.000000,5.000000,96.000000,96.000000,96.000000,95.000000,95.000000,5.0,37.1285,34.0107,131.6376,134.7554,PENDING_AG03,FALSE,NOT_FOR_ENFORCEMENT,162.0155,234591.6392,168.7661,162.0155,6.7506,0.00062781,0.00060270,6.7506,162.0155,0.00060270,6.7506,6.7506,6.7506,8.4383,8.4383,162.0155,0.00060270,37.1285,34.0107,131.6376,134.7554,0.00048969,0.00050129,0.00002511,43.0246,43.5591,0.0301,2.0581,0.0627,3278.2661,68.4146,17.6798,46.9397,25.7155,39.4976,52.6635,77.1466,82.2897,128.5777,31.4111,0.0,2.083411,3.25533,1.089297,30,192,222,8,0.05498276,0.00062781,0.08642944,0E-8,0.000000,0.909041,0.000000,-0.09079372,2026-03-23,2026-08-06,82,2690,1181,137,0.598540,0.376650,0.410924,0.183276,,,,,,,,GLOBAL_BASELINE_NO_ENTITY_RANKING,,,NOT_APPLICABLE_GLOBAL_BASELINE,HF9g-P5,,,,X 全窗基线 · 不参与实体赏罚,6877902,688,A168_HF9F_20260827_0900,2026-08-27 09:00:00
2026-06-24,70460261,2106,0,25.7155347546,24.4297580168,24.4297580168,1.0000000,2,2,0.50665070000000000,0.506650700000,1.3955260008387969,1.3955260008387969,1.3955260008387969,0E-17,ELIGIBLE,R03b_20260811_FULL_v1,L1_ELIGIBILITY,v2026-08-11,2026-03-21..2026-08-06,baccarat_bet02_101_all_pairs_incl_sentinel,round_win = game_pnl > 0 (decisive only),COMPATIBILITY_ONLY_NOT_PRODUCTION,268817.8208,244366.2908,168.7661,6248,5610,-0.00062781,-0.08642944,0.00436428,-0.00062781,-168.7661,268817.8208,OK,0.0000,6.7506,4.0000,96.0000,AG03-UNRESOLVED,ALL5_LEVELS_bet23_to_bet27,6.7506,6.7506,6.7506,8.4383,8.4383,4.000000,4.000000,4.000000,5.000000,5.000000,96.000000,96.000000,96.000000,95.000000,95.000000,5.0,37.1285,34.0107,131.6376,134.7554,PENDING_AG03,FALSE,NOT_FOR_ENFORCEMENT,162.0155,234591.6392,168.7661,162.0155,6.7506,0.00062781,0.00060270,6.7506,162.0155,0.00060270,6.7506,6.7506,6.7506,8.4383,8.4383,162.0155,0.00060270,37.1285,34.0107,131.6376,134.7554,0.00048969,0.00050129,0.00002511,43.0246,43.5591,0.0301,2.0581,0.0627,3278.2661,68.4146,17.6798,46.9397,25.7155,39.4976,52.6635,77.1466,82.2897,128.5777,31.4111,0.0,2.083411,3.25533,1.089297,30,192,222,8,0.05498276,0.00062781,0.08642944,0E-8,0.000000,0.909041,0.000000,-0.09079372,2026-03-23,2026-08-06,82,2690,1181,137,0.598540,0.376650,0.410924,0.183276,,,,,,,,GLOBAL_BASELINE_NO_ENTITY_RANKING,,,NOT_APPLICABLE_GLOBAL_BASELINE,HF9g-P5,,,,X 全窗基线 · 不参与实体赏罚,6877903,688,A168_HF9F_20260827_0900,2026-08-27 09:00:00
2026-06-24,70460261,2117,0,51.4310695090,-1.2857767377,-1.2857767377,0.5000000,2,2,0.49994810000000000,0.499948100000,0.00014679536856514622,0.00014679536856514622,0.00014679536856514622,0E-17,ELIGIBLE,R03b_20260811_FULL_v1,L1_ELIGIBILITY,v2026-08-11,2026-03-21..2026-08-06,baccarat_bet02_101_all_pairs_incl_sentinel,round_win = game_pnl > 0 (decisive only),COMPATIBILITY_ONLY_NOT_PRODUCTION,268817.8208,244366.2908,168.7661,6248,5610,-0.00062781,-0.08642944,0.00436428,-0.00062781,-168.7661,268817.8208,OK,0.0000,6.7506,4.0000,96.0000,AG03-UNRESOLVED,ALL5_LEVELS_bet23_to_bet27,6.7506,6.7506,6.7506,8.4383,8.4383,4.000000,4.000000,4.000000,5.000000,5.000000,96.000000,96.000000,96.000000,95.000000,95.000000,5.0,37.1285,34.0107,131.6376,134.7554,PENDING_AG03,FALSE,NOT_FOR_ENFORCEMENT,162.0155,234591.6392,168.7661,162.0155,6.7506,0.00062781,0.00060270,6.7506,162.0155,0.00060270,6.7506,6.7506,6.7506,8.4383,8.4383,162.0155,0.00060270,37.1285,34.0107,131.6376,134.7554,0.00048969,0.00050129,0.00002511,43.0246,43.5591,0.0301,2.0581,0.0627,3278.2661,68.4146,17.6798,46.9397,25.7155,39.4976,52.6635,77.1466,82.2897,128.5777,31.4111,0.0,2.083411,3.25533,1.089297,30,192,222,8,0.05498276,0.00062781,0.08642944,0E-8,0.000000,0.909041,0.000000,-0.09079372,2026-03-23,2026-08-06,82,2690,1181,137,0.598540,0.376650,0.410924,0.183276,,,,,,,,GLOBAL_BASELINE_NO_ENTITY_RANKING,,,NOT_APPLICABLE_GLOBAL_BASELINE,HF9g-P5,,,,X 全窗基线 · 不参与实体赏罚,6877904,688,A168_HF9F_20260827_0900,2026-08-27 09:00:00
2026-06-24,70460261,2127,0,25.7155347545,-25.7155347545,-25.7155347545,0E-7,1,1,0.50665070000000000,0.506650700000,-1.013391052207602,-1.013391052207602,-1.013391052207602,0E-17,ELIGIBLE,R03b_20260811_FULL_v1,L1_ELIGIBILITY,v2026-08-11,2026-03-21..2026-08-06,baccarat_bet02_101_all_pairs_incl_sentinel,round_win = game_pnl > 0 (decisive only),COMPATIBILITY_ONLY_NOT_PRODUCTION,268817.8208,244366.2908,168.7661,6248,5610,-0.00062781,-0.08642944,0.00436428,-0.00062781,-168.7661,268817.8208,OK,0.0000,6.7506,4.0000,96.0000,AG03-UNRESOLVED,ALL5_LEVELS_bet23_to_bet27,6.7506,6.7506,6.7506,8.4383,8.4383,4.000000,4.000000,4.000000,5.000000,5.000000,96.000000,96.000000,96.000000,95.000000,95.000000,5.0,37.1285,34.0107,131.6376,134.7554,PENDING_AG03,FALSE,NOT_FOR_ENFORCEMENT,162.0155,234591.6392,168.7661,162.0155,6.7506,0.00062781,0.00060270,6.7506,162.0155,0.00060270,6.7506,6.7506,6.7506,8.4383,8.4383,162.0155,0.00060270,37.1285,34.0107,131.6376,134.7554,0.00048969,0.00050129,0.00002511,43.0246,43.5591,0.0301,2.0581,0.0627,3278.2661,68.4146,17.6798,46.9397,25.7155,39.4976,52.6635,77.1466,82.2897,128.5777,31.4111,0.0,2.083411,3.25533,1.089297,30,192,222,8,0.05498276,0.00062781,0.08642944,0E-8,0.000000,0.909041,0.000000,-0.09079372,2026-03-23,2026-08-06,82,2690,1181,137,0.598540,0.376650,0.410924,0.183276,,,,,,,,GLOBAL_BASELINE_NO_ENTITY_RANKING,,,NOT_APPLICABLE_GLOBAL_BASELINE,HF9g-P5,,,,X 全窗基线 · 不参与实体赏罚,6877905,688,A168_HF9F_20260827_0900,2026-08-27 09:00:00
2026-06-24,70460261,2141,0,12.8577673773,-12.8577673773,-12.8577673773,0E-7,1,1,0.50665070000000000,0.506650700000,-1.013391052207602,-1.013391052207602,-1.013391052207602,0E-17,ELIGIBLE,R03b_20260811_FULL_v1,L1_ELIGIBILITY,v2026-08-11,2026-03-21..2026-08-06,baccarat_bet02_101_all_pairs_incl_sentinel,round_win = game_pnl > 0 (decisive only),COMPATIBILITY_ONLY_NOT_PRODUCTION,268817.8208,244366.2908,168.7661,6248,5610,-0.00062781,-0.08642944,0.00436428,-0.00062781,-168.7661,268817.8208,OK,0.0000,6.7506,4.0000,96.0000,AG03-UNRESOLVED,ALL5_LEVELS_bet23_to_bet27,6.7506,6.7506,6.7506,8.4383,8.4383,4.000000,4.000000,4.000000,5.000000,5.000000,96.000000,96.000000,96.000000,95.000000,95.000000,5.0,37.1285,34.0107,131.6376,134.7554,PENDING_AG03,FALSE,NOT_FOR_ENFORCEMENT,162.0155,234591.6392,168.7661,162.0155,6.7506,0.00062781,0.00060270,6.7506,162.0155,0.00060270,6.7506,6.7506,6.7506,8.4383,8.4383,162.0155,0.00060270,37.1285,34.0107,131.6376,134.7554,0.00048969,0.00050129,0.00002511,43.0246,43.5591,0.0301,2.0581,0.0627,3278.2661,68.4146,17.6798,46.9397,25.7155,39.4976,52.6635,77.1466,82.2897,128.5777,31.4111,0.0,2.083411,3.25533,1.089297,30,192,222,8,0.05498276,0.00062781,0.08642944,0E-8,0.000000,0.909041,0.000000,-0.09079372,2026-03-23,2026-08-06,82,2690,1181,137,0.598540,0.376650,0.410924,0.183276,,,,,,,,GLOBAL_BASELINE_NO_ENTITY_RANKING,,,NOT_APPLICABLE_GLOBAL_BASELINE,HF9g-P5,,,,X 全窗基线 · 不参与实体赏罚,6877906,688,A168_HF9F_20260827_0900,2026-08-27 09:00:00
2026-06-24,70460261,2177,0,25.7155347545,-25.7155347545,-25.7155347545,0E-7,1,1,0.50665070000000000,0.506650700000,-1.013391052207602,-1.013391052207602,-1.013391052207602,0E-17,ELIGIBLE,R03b_20260811_FULL_v1,L1_ELIGIBILITY,v2026-08-11,2026-03-21..2026-08-06,baccarat_bet02_101_all_pairs_incl_sentinel,round_win = game_pnl > 0 (decisive only),COMPATIBILITY_ONLY_NOT_PRODUCTION,268817.8208,244366.2908,168.7661,6248,5610,-0.00062781,-0.08642944,0.00436428,-0.00062781,-168.7661,268817.8208,OK,0.0000,6.7506,4.0000,96.0000,AG03-UNRESOLVED,ALL5_LEVELS_bet23_to_bet27,6.7506,6.7506,6.7506,8.4383,8.4383,4.000000,4.000000,4.000000,5.000000,5.000000,96.000000,96.000000,96.000000,95.000000,95.000000,5.0,37.1285,34.0107,131.6376,134.7554,PENDING_AG03,FALSE,NOT_FOR_ENFORCEMENT,162.0155,234591.6392,168.7661,162.0155,6.7506,0.00062781,0.00060270,6.7506,162.0155,0.00060270,6.7506,6.7506,6.7506,8.4383,8.4383,162.0155,0.00060270,37.1285,34.0107,131.6376,134.7554,0.00048969,0.00050129,0.00002511,43.0246,43.5591,0.0301,2.0581,0.0627,3278.2661,68.4146,17.6798,46.9397,25.7155,39.4976,52.6635,77.1466,82.2897,128.5777,31.4111,0.0,2.083411,3.25533,1.089297,30,192,222,8,0.05498276,0.00062781,0.08642944,0E-8,0.000000,0.909041,0.000000,-0.09079372,2026-03-23,2026-08-06,82,2690,1181,137,0.598540,0.376650,0.410924,0.183276,,,,,,,,GLOBAL_BASELINE_NO_ENTITY_RANKING,,,NOT_APPLICABLE_GLOBAL_BASELINE,HF9g-P5,,,,X 全窗基线 · 不参与实体赏罚,6877907,688,A168_HF9F_20260827_0900,2026-08-27 09:00:00
2026-06-24,70460261,2188,0,12.8577673773,-12.8577673773,-12.8577673773,0E-7,1,1,0.49324550000000000,0.493245500000,-0.9865810262130424,-0.9865810262130424,-0.9865810262130424,0E-17,ELIGIBLE,R03b_20260811_FULL_v1,L1_ELIGIBILITY,v2026-08-11,2026-03-21..2026-08-06,baccarat_bet02_101_all_pairs_incl_sentinel,round_win = game_pnl > 0 (decisive only),COMPATIBILITY_ONLY_NOT_PRODUCTION,268817.8208,244366.2908,168.7661,6248,5610,-0.00062781,-0.08642944,0.00436428,-0.00062781,-168.7661,268817.8208,OK,0.0000,6.7506,4.0000,96.0000,AG03-UNRESOLVED,ALL5_LEVELS_bet23_to_bet27,6.7506,6.7506,6.7506,8.4383,8.4383,4.000000,4.000000,4.000000,5.000000,5.000000,96.000000,96.000000,96.000000,95.000000,95.000000,5.0,37.1285,34.0107,131.6376,134.7554,PENDING_AG03,FALSE,NOT_FOR_ENFORCEMENT,162.0155,234591.6392,168.7661,162.0155,6.7506,0.00062781,0.00060270,6.7506,162.0155,0.00060270,6.7506,6.7506,6.7506,8.4383,8.4383,162.0155,0.00060270,37.1285,34.0107,131.6376,134.7554,0.00048969,0.00050129,0.00002511,43.0246,43.5591,0.0301,2.0581,0.0627,3278.2661,68.4146,17.6798,46.9397,25.7155,39.4976,52.6635,77.1466,82.2897,128.5777,31.4111,0.0,2.083411,3.25533,1.089297,30,192,222,8,0.05498276,0.00062781,0.08642944,0E-8,0.000000,0.909041,0.000000,-0.09079372,2026-03-23,2026-08-06,82,2690,1181,137,0.598540,0.376650,0.410924,0.183276,,,,,,,,GLOBAL_BASELINE_NO_ENTITY_RANKING,,,NOT_APPLICABLE_GLOBAL_BASELINE,HF9g-P5,,,,X 全窗基线 · 不参与实体赏罚,6877908,688,A168_HF9F_20260827_0900,2026-08-27 09:00:00
2026-06-24,70460261,2280,0,12.8577673773,-12.8577673773,-12.8577673773,0E-7,1,1,0.50665070000000000,0.506650700000,-1.013391052207602,-1.013391052207602,-1.013391052207602,0E-17,ELIGIBLE,R03b_20260811_FULL_v1,L1_ELIGIBILITY,v2026-08-11,2026-03-21..2026-08-06,baccarat_bet02_101_all_pairs_incl_sentinel,round_win = game_pnl > 0 (decisive only),COMPATIBILITY_ONLY_NOT_PRODUCTION,268817.8208,244366.2908,168.7661,6248,5610,-0.00062781,-0.08642944,0.00436428,-0.00062781,-168.7661,268817.8208,OK,0.0000,6.7506,4.0000,96.0000,AG03-UNRESOLVED,ALL5_LEVELS_bet23_to_bet27,6.7506,6.7506,6.7506,8.4383,8.4383,4.000000,4.000000,4.000000,5.000000,5.000000,96.000000,96.000000,96.000000,95.000000,95.000000,5.0,37.1285,34.0107,131.6376,134.7554,PENDING_AG03,FALSE,NOT_FOR_ENFORCEMENT,162.0155,234591.6392,168.7661,162.0155,6.7506,0.00062781,0.00060270,6.7506,162.0155,0.00060270,6.7506,6.7506,6.7506,8.4383,8.4383,162.0155,0.00060270,37.1285,34.0107,131.6376,134.7554,0.00048969,0.00050129,0.00002511,43.0246,43.5591,0.0301,2.0581,0.0627,3278.2661,68.4146,17.6798,46.9397,25.7155,39.4976,52.6635,77.1466,82.2897,128.5777,31.4111,0.0,2.083411,3.25533,1.089297,30,192,222,8,0.05498276,0.00062781,0.08642944,0E-8,0.000000,0.909041,0.000000,-0.09079372,2026-03-23,2026-08-06,82,2690,1181,137,0.598540,0.376650,0.410924,0.183276,,,,,,,,GLOBAL_BASELINE_NO_ENTITY_RANKING,,,NOT_APPLICABLE_GLOBAL_BASELINE,HF9g-P5,,,,X 全窗基线 · 不参与实体赏罚,6877909,688,A168_HF9F_20260827_0900,2026-08-27 09:00:00
2026-06-24,70460261,583,0,38.5733021318,11.5719906395,11.5719906395,0.5000000,2,2,0.49994810000000000,0.499948100000,0.00014679536856514622,0.00014679536856514622,0.00014679536856514622,0E-17,ELIGIBLE,R03b_20260811_FULL_v1,L1_ELIGIBILITY,v2026-08-11,2026-03-21..2026-08-06,baccarat_bet02_101_all_pairs_incl_sentinel,round_win = game_pnl > 0 (decisive only),COMPATIBILITY_ONLY_NOT_PRODUCTION,268817.8208,244366.2908,168.7661,6248,5610,-0.00062781,-0.08642944,0.00436428,-0.00062781,-168.7661,268817.8208,OK,0.0000,6.7506,4.0000,96.0000,AG03-UNRESOLVED,ALL5_LEVELS_bet23_to_bet27,6.7506,6.7506,6.7506,8.4383,8.4383,4.000000,4.000000,4.000000,5.000000,5.000000,96.000000,96.000000,96.000000,95.000000,95.000000,5.0,37.1285,34.0107,131.6376,134.7554,PENDING_AG03,FALSE,NOT_FOR_ENFORCEMENT,162.0155,234591.6392,168.7661,162.0155,6.7506,0.00062781,0.00060270,6.7506,162.0155,0.00060270,6.7506,6.7506,6.7506,8.4383,8.4383,162.0155,0.00060270,37.1285,34.0107,131.6376,134.7554,0.00048969,0.00050129,0.00002511,43.0246,43.5591,0.0301,2.0581,0.0627,3278.2661,68.4146,17.6798,46.9397,25.7155,39.4976,52.6635,77.1466,82.2897,128.5777,31.4111,0.0,2.083411,3.25533,1.089297,30,192,222,8,0.05498276,0.00062781,0.08642944,0E-8,0.000000,0.909041,0.000000,-0.09079372,2026-03-23,2026-08-06,82,2690,1181,137,0.598540,0.376650,0.410924,0.183276,,,,,,,,GLOBAL_BASELINE_NO_ENTITY_RANKING,,,NOT_APPLICABLE_GLOBAL_BASELINE,HF9g-P5,,,,X 全窗基线 · 不参与实体赏罚,6877910,688,A168_HF9F_20260827_0900,2026-08-27 09:00:00
2026-06-24,70460261,994,0,29.5728649678,-10.0162007869,-10.0162007869,0.5000000,2,2,0.50665070000000000,0.506650700000,-0.018812684590367487,-0.018812684590367487,-0.018812684590367487,0E-17,ELIGIBLE,R03b_20260811_FULL_v1,L1_ELIGIBILITY,v2026-08-11,2026-03-21..2026-08-06,baccarat_bet02_101_all_pairs_incl_sentinel,round_win = game_pnl > 0 (decisive only),COMPATIBILITY_ONLY_NOT_PRODUCTION,268817.8208,244366.2908,168.7661,6248,5610,-0.00062781,-0.08642944,0.00436428,-0.00062781,-168.7661,268817.8208,OK,0.0000,6.7506,4.0000,96.0000,AG03-UNRESOLVED,ALL5_LEVELS_bet23_to_bet27,6.7506,6.7506,6.7506,8.4383,8.4383,4.000000,4.000000,4.000000,5.000000,5.000000,96.000000,96.000000,96.000000,95.000000,95.000000,5.0,37.1285,34.0107,131.6376,134.7554,PENDING_AG03,FALSE,NOT_FOR_ENFORCEMENT,162.0155,234591.6392,168.7661,162.0155,6.7506,0.00062781,0.00060270,6.7506,162.0155,0.00060270,6.7506,6.7506,6.7506,8.4383,8.4383,162.0155,0.00060270,37.1285,34.0107,131.6376,134.7554,0.00048969,0.00050129,0.00002511,43.0246,43.5591,0.0301,2.0581,0.0627,3278.2661,68.4146,17.6798,46.9397,25.7155,39.4976,52.6635,77.1466,82.2897,128.5777,31.4111,0.0,2.083411,3.25533,1.089297,30,192,222,8,0.05498276,0.00062781,0.08642944,0E-8,0.000000,0.909041,0.000000,-0.09079372,2026-03-23,2026-08-06,82,2690,1181,137,0.598540,0.376650,0.410924,0.183276,,,,,,,,GLOBAL_BASELINE_NO_ENTITY_RANKING,,,NOT_APPLICABLE_GLOBAL_BASELINE,HF9g-P5,,,,X 全窗基线 · 不参与实体赏罚,6877911,688,A168_HF9F_20260827_0900,2026-08-27 09:00:00
2026-06-25,70460261,-1,1,582.1997068426,63.3887931699,63.3887931699,0.5833333,28,28,0.50521442857142857,0.505214428571,0.7654474502973692,0.7654474503015617,0.7654474502973692,4.2857E-13,SENTINEL_DEALER,R03b_20260811_FULL_v1,L1_ELIGIBILITY,v2026-08-11,2026-03-21..2026-08-06,baccarat_bet02_101_all_pairs_incl_sentinel,round_win = game_pnl > 0 (decisive only),COMPATIBILITY_ONLY_NOT_PRODUCTION,268817.8208,244366.2908,168.7661,6248,5610,-0.00062781,-0.08642944,0.00436428,-0.00062781,-168.7661,268817.8208,OK,0.0000,6.7506,4.0000,96.0000,AG03-UNRESOLVED,ALL5_LEVELS_bet23_to_bet27,6.7506,6.7506,6.7506,8.4383,8.4383,4.000000,4.000000,4.000000,5.000000,5.000000,96.000000,96.000000,96.000000,95.000000,95.000000,5.0,37.1285,34.0107,131.6376,134.7554,PENDING_AG03,FALSE,NOT_FOR_ENFORCEMENT,162.0155,234591.6392,168.7661,162.0155,6.7506,0.00062781,0.00060270,6.7506,162.0155,0.00060270,6.7506,6.7506,6.7506,8.4383,8.4383,162.0155,0.00060270,37.1285,34.0107,131.6376,134.7554,0.00048969,0.00050129,0.00002511,43.0246,43.5591,0.0301,2.0581,0.0627,3278.2661,68.4146,17.6798,46.9397,25.7155,39.4976,52.6635,77.1466,82.2897,128.5777,31.4111,0.0,2.083411,3.25533,1.089297,30,192,222,8,0.05498276,0.00062781,0.08642944,0E-8,0.000000,0.909041,0.000000,-0.09079372,2026-03-23,2026-08-06,82,2690,1181,137,0.598540,0.376650,0.410924,0.183276,,,,,,,,GLOBAL_BASELINE_NO_ENTITY_RANKING,,,NOT_APPLICABLE_GLOBAL_BASELINE,HF9g-P5,,,,X 全窗基线 · 不参与实体赏罚,6877912,688,A168_HF9F_20260827_0900,2026-08-27 09:00:00
2026-06-25,70460261,1151,0,64.2888368863,36.6446370252,36.6446370252,1.0000000,2,2,0.50665070000000000,0.506650700000,0.9867858985152569,0.9867858985152569,0.9867858985152569,0E-17,ELIGIBLE,R03b_20260811_FULL_v1,L1_ELIGIBILITY,v2026-08-11,2026-03-21..2026-08-06,baccarat_bet02_101_all_pairs_incl_sentinel,round_win = game_pnl > 0 (decisive only),COMPATIBILITY_ONLY_NOT_PRODUCTION,268817.8208,244366.2908,168.7661,6248,5610,-0.00062781,-0.08642944,0.00436428,-0.00062781,-168.7661,268817.8208,OK,0.0000,6.7506,4.0000,96.0000,AG03-UNRESOLVED,ALL5_LEVELS_bet23_to_bet27,6.7506,6.7506,6.7506,8.4383,8.4383,4.000000,4.000000,4.000000,5.000000,5.000000,96.000000,96.000000,96.000000,95.000000,95.000000,5.0,37.1285,34.0107,131.6376,134.7554,PENDING_AG03,FALSE,NOT_FOR_ENFORCEMENT,162.0155,234591.6392,168.7661,162.0155,6.7506,0.00062781,0.00060270,6.7506,162.0155,0.00060270,6.7506,6.7506,6.7506,8.4383,8.4383,162.0155,0.00060270,37.1285,34.0107,131.6376,134.7554,0.00048969,0.00050129,0.00002511,43.0246,43.5591,0.0301,2.0581,0.0627,3278.2661,68.4146,17.6798,46.9397,25.7155,39.4976,52.6635,77.1466,82.2897,128.5777,31.4111,0.0,2.083411,3.25533,1.089297,30,192,222,8,0.05498276,0.00062781,0.08642944,0E-8,0.000000,0.909041,0.000000,-0.09079372,2026-03-23,2026-08-06,82,2690,1181,137,0.598540,0.376650,0.410924,0.183276,,,,,,,,GLOBAL_BASELINE_NO_ENTITY_RANKING,,,NOT_APPLICABLE_GLOBAL_BASELINE,HF9g-P5,,,,X 全窗基线 · 不参与实体赏罚,6877913,688,A168_HF9F_20260827_0900,2026-08-27 09:00:00
2026-06-25,70460261,1221,0,12.8577673773,12.2148790084,12.2148790084,1.0000000,1,1,0.50665070000000000,0.506650700000,0.9867858985152569,0.9867858985152569,0.9867858985152569,0E-17,ELIGIBLE,R03b_20260811_FULL_v1,L1_ELIGIBILITY,v2026-08-11,2026-03-21..2026-08-06,baccarat_bet02_101_all_pairs_incl_sentinel,round_win = game_pnl > 0 (decisive only),COMPATIBILITY_ONLY_NOT_PRODUCTION,268817.8208,244366.2908,168.7661,6248,5610,-0.00062781,-0.08642944,0.00436428,-0.00062781,-168.7661,268817.8208,OK,0.0000,6.7506,4.0000,96.0000,AG03-UNRESOLVED,ALL5_LEVELS_bet23_to_bet27,6.7506,6.7506,6.7506,8.4383,8.4383,4.000000,4.000000,4.000000,5.000000,5.000000,96.000000,96.000000,96.000000,95.000000,95.000000,5.0,37.1285,34.0107,131.6376,134.7554,PENDING_AG03,FALSE,NOT_FOR_ENFORCEMENT,162.0155,234591.6392,168.7661,162.0155,6.7506,0.00062781,0.00060270,6.7506,162.0155,0.00060270,6.7506,6.7506,6.7506,8.4383,8.4383,162.0155,0.00060270,37.1285,34.0107,131.6376,134.7554,0.00048969,0.00050129,0.00002511,43.0246,43.5591,0.0301,2.0581,0.0627,3278.2661,68.4146,17.6798,46.9397,25.7155,39.4976,52.6635,77.1466,82.2897,128.5777,31.4111,0.0,2.083411,3.25533,1.089297,30,192,222,8,0.05498276,0.00062781,0.08642944,0E-8,0.000000,0.909041,0.000000,-0.09079372,2026-03-23,2026-08-06,82,2690,1181,137,0.598540,0.376650,0.410924,0.183276,,,,,,,,GLOBAL_BASELINE_NO_ENTITY_RANKING,,,NOT_APPLICABLE_GLOBAL_BASELINE,HF9g-P5,,,,X 全窗基线 · 不参与实体赏罚,6877914,688,A168_HF9F_20260827_0900,2026-08-27 09:00:00
2026-06-25,70460261,1302,0,14.1435441150,-14.1435441150,-14.1435441150,0E-7,1,1,0.50665070000000000,0.506650700000,-1.013391052207602,-1.013391052207602,-1.013391052207602,0E-17,ELIGIBLE,R03b_20260811_FULL_v1,L1_ELIGIBILITY,v2026-08-11,2026-03-21..2026-08-06,baccarat_bet02_101_all_pairs_incl_sentinel,round_win = game_pnl > 0 (decisive only),COMPATIBILITY_ONLY_NOT_PRODUCTION,268817.8208,244366.2908,168.7661,6248,5610,-0.00062781,-0.08642944,0.00436428,-0.00062781,-168.7661,268817.8208,OK,0.0000,6.7506,4.0000,96.0000,AG03-UNRESOLVED,ALL5_LEVELS_bet23_to_bet27,6.7506,6.7506,6.7506,8.4383,8.4383,4.000000,4.000000,4.000000,5.000000,5.000000,96.000000,96.000000,96.000000,95.000000,95.000000,5.0,37.1285,34.0107,131.6376,134.7554,PENDING_AG03,FALSE,NOT_FOR_ENFORCEMENT,162.0155,234591.6392,168.7661,162.0155,6.7506,0.00062781,0.00060270,6.7506,162.0155,0.00060270,6.7506,6.7506,6.7506,8.4383,8.4383,162.0155,0.00060270,37.1285,34.0107,131.6376,134.7554,0.00048969,0.00050129,0.00002511,43.0246,43.5591,0.0301,2.0581,0.0627,3278.2661,68.4146,17.6798,46.9397,25.7155,39.4976,52.6635,77.1466,82.2897,128.5777,31.4111,0.0,2.083411,3.25533,1.089297,30,192,222,8,0.05498276,0.00062781,0.08642944,0E-8,0.000000,0.909041,0.000000,-0.09079372,2026-03-23,2026-08-06,82,2690,1181,137,0.598540,0.376650,0.410924,0.183276,,,,,,,,GLOBAL_BASELINE_NO_ENTITY_RANKING,,,NOT_APPLICABLE_GLOBAL_BASELINE,HF9g-P5,,,,X 全窗基线 · 不参与实体赏罚,6877915,688,A168_HF9F_20260827_0900,2026-08-27 09:00:00
2026-06-25,70460261,1353,0,18.0008743282,-18.0008743282,-18.0008743282,0E-7,1,1,0.50665070000000000,0.506650700000,-1.013391052207602,-1.013391052207602,-1.013391052207602,0E-17,ELIGIBLE,R03b_20260811_FULL_v1,L1_ELIGIBILITY,v2026-08-11,2026-03-21..2026-08-06,baccarat_bet02_101_all_pairs_incl_sentinel,round_win = game_pnl > 0 (decisive only),COMPATIBILITY_ONLY_NOT_PRODUCTION,268817.8208,244366.2908,168.7661,6248,5610,-0.00062781,-0.08642944,0.00436428,-0.00062781,-168.7661,268817.8208,OK,0.0000,6.7506,4.0000,96.0000,AG03-UNRESOLVED,ALL5_LEVELS_bet23_to_bet27,6.7506,6.7506,6.7506,8.4383,8.4383,4.000000,4.000000,4.000000,5.000000,5.000000,96.000000,96.000000,96.000000,95.000000,95.000000,5.0,37.1285,34.0107,131.6376,134.7554,PENDING_AG03,FALSE,NOT_FOR_ENFORCEMENT,162.0155,234591.6392,168.7661,162.0155,6.7506,0.00062781,0.00060270,6.7506,162.0155,0.00060270,6.7506,6.7506,6.7506,8.4383,8.4383,162.0155,0.00060270,37.1285,34.0107,131.6376,134.7554,0.00048969,0.00050129,0.00002511,43.0246,43.5591,0.0301,2.0581,0.0627,3278.2661,68.4146,17.6798,46.9397,25.7155,39.4976,52.6635,77.1466,82.2897,128.5777,31.4111,0.0,2.083411,3.25533,1.089297,30,192,222,8,0.05498276,0.00062781,0.08642944,0E-8,0.000000,0.909041,0.000000,-0.09079372,2026-03-23,2026-08-06,82,2690,1181,137,0.598540,0.376650,0.410924,0.183276,,,,,,,,GLOBAL_BASELINE_NO_ENTITY_RANKING,,,NOT_APPLICABLE_GLOBAL_BASELINE,HF9g-P5,,,,X 全窗基线 · 不参与实体赏罚,6877916,688,A168_HF9F_20260827_0900,2026-08-27 09:00:00
2026-06-25,70460261,1363,0,12.8577673773,-12.8577673773,-12.8577673773,0E-7,1,1,0.50665070000000000,0.506650700000,-1.013391052207602,-1.013391052207602,-1.013391052207602,0E-17,ELIGIBLE,R03b_20260811_FULL_v1,L1_ELIGIBILITY,v2026-08-11,2026-03-21..2026-08-06,baccarat_bet02_101_all_pairs_incl_sentinel,round_win = game_pnl > 0 (decisive only),COMPATIBILITY_ONLY_NOT_PRODUCTION,268817.8208,244366.2908,168.7661,6248,5610,-0.00062781,-0.08642944,0.00436428,-0.00062781,-168.7661,268817.8208,OK,0.0000,6.7506,4.0000,96.0000,AG03-UNRESOLVED,ALL5_LEVELS_bet23_to_bet27,6.7506,6.7506,6.7506,8.4383,8.4383,4.000000,4.000000,4.000000,5.000000,5.000000,96.000000,96.000000,96.000000,95.000000,95.000000,5.0,37.1285,34.0107,131.6376,134.7554,PENDING_AG03,FALSE,NOT_FOR_ENFORCEMENT,162.0155,234591.6392,168.7661,162.0155,6.7506,0.00062781,0.00060270,6.7506,162.0155,0.00060270,6.7506,6.7506,6.7506,8.4383,8.4383,162.0155,0.00060270,37.1285,34.0107,131.6376,134.7554,0.00048969,0.00050129,0.00002511,43.0246,43.5591,0.0301,2.0581,0.0627,3278.2661,68.4146,17.6798,46.9397,25.7155,39.4976,52.6635,77.1466,82.2897,128.5777,31.4111,0.0,2.083411,3.25533,1.089297,30,192,222,8,0.05498276,0.00062781,0.08642944,0E-8,0.000000,0.909041,0.000000,-0.09079372,2026-03-23,2026-08-06,82,2690,1181,137,0.598540,0.376650,0.410924,0.183276,,,,,,,,GLOBAL_BASELINE_NO_ENTITY_RANKING,,,NOT_APPLICABLE_GLOBAL_BASELINE,HF9g-P5,,,,X 全窗基线 · 不参与实体赏罚,6877917,688,A168_HF9F_20260827_0900,2026-08-27 09:00:00
2026-06-25,70460261,1385,0,12.8577673773,-12.8577673773,-12.8577673773,0E-7,1,1,0.49324550000000000,0.493245500000,-0.9865810262130424,-0.9865810262130424,-0.9865810262130424,0E-17,ELIGIBLE,R03b_20260811_FULL_v1,L1_ELIGIBILITY,v2026-08-11,2026-03-21..2026-08-06,baccarat_bet02_101_all_pairs_incl_sentinel,round_win = game_pnl > 0 (decisive only),COMPATIBILITY_ONLY_NOT_PRODUCTION,268817.8208,244366.2908,168.7661,6248,5610,-0.00062781,-0.08642944,0.00436428,-0.00062781,-168.7661,268817.8208,OK,0.0000,6.7506,4.0000,96.0000,AG03-UNRESOLVED,ALL5_LEVELS_bet23_to_bet27,6.7506,6.7506,6.7506,8.4383,8.4383,4.000000,4.000000,4.000000,5.000000,5.000000,96.000000,96.000000,96.000000,95.000000,95.000000,5.0,37.1285,34.0107,131.6376,134.7554,PENDING_AG03,FALSE,NOT_FOR_ENFORCEMENT,162.0155,234591.6392,168.7661,162.0155,6.7506,0.00062781,0.00060270,6.7506,162.0155,0.00060270,6.7506,6.7506,6.7506,8.4383,8.4383,162.0155,0.00060270,37.1285,34.0107,131.6376,134.7554,0.00048969,0.00050129,0.00002511,43.0246,43.5591,0.0301,2.0581,0.0627,3278.2661,68.4146,17.6798,46.9397,25.7155,39.4976,52.6635,77.1466,82.2897,128.5777,31.4111,0.0,2.083411,3.25533,1.089297,30,192,222,8,0.05498276,0.00062781,0.08642944,0E-8,0.000000,0.909041,0.000000,-0.09079372,2026-03-23,2026-08-06,82,2690,1181,137,0.598540,0.376650,0.410924,0.183276,,,,,,,,GLOBAL_BASELINE_NO_ENTITY_RANKING,,,NOT_APPLICABLE_GLOBAL_BASELINE,HF9g-P5,,,,X 全窗基线 · 不参与实体赏罚,6877918,688,A168_HF9F_20260827_0900,2026-08-27 09:00:00
2026-06-25,70460261,1654,0,51.4310695091,-38.5733021318,-38.5733021318,0E-7,3,3,0.50665070000000000,0.506650700000,-1.4331513700195317,-1.4331513700195317,-1.4331513700195317,0E-17,ELIGIBLE,R03b_20260811_FULL_v1,L1_ELIGIBILITY,v2026-08-11,2026-03-21..2026-08-06,baccarat_bet02_101_all_pairs_incl_sentinel,round_win = game_pnl > 0 (decisive only),COMPATIBILITY_ONLY_NOT_PRODUCTION,268817.8208,244366.2908,168.7661,6248,5610,-0.00062781,-0.08642944,0.00436428,-0.00062781,-168.7661,268817.8208,OK,0.0000,6.7506,4.0000,96.0000,AG03-UNRESOLVED,ALL5_LEVELS_bet23_to_bet27,6.7506,6.7506,6.7506,8.4383,8.4383,4.000000,4.000000,4.000000,5.000000,5.000000,96.000000,96.000000,96.000000,95.000000,95.000000,5.0,37.1285,34.0107,131.6376,134.7554,PENDING_AG03,FALSE,NOT_FOR_ENFORCEMENT,162.0155,234591.6392,168.7661,162.0155,6.7506,0.00062781,0.00060270,6.7506,162.0155,0.00060270,6.7506,6.7506,6.7506,8.4383,8.4383,162.0155,0.00060270,37.1285,34.0107,131.6376,134.7554,0.00048969,0.00050129,0.00002511,43.0246,43.5591,0.0301,2.0581,0.0627,3278.2661,68.4146,17.6798,46.9397,25.7155,39.4976,52.6635,77.1466,82.2897,128.5777,31.4111,0.0,2.083411,3.25533,1.089297,30,192,222,8,0.05498276,0.00062781,0.08642944,0E-8,0.000000,0.909041,0.000000,-0.09079372,2026-03-23,2026-08-06,82,2690,1181,137,0.598540,0.376650,0.410924,0.183276,,,,,,,,GLOBAL_BASELINE_NO_ENTITY_RANKING,,,NOT_APPLICABLE_GLOBAL_BASELINE,HF9g-P5,,,,X 全窗基线 · 不参与实体赏罚,6877919,688,A168_HF9F_20260827_0900,2026-08-27 09:00:00
2026-06-25,70460261,1704,0,126.0061202972,96.9475660246,96.9475660246,1.0000000,6,6,0.50218230000000000,0.502182300000,2.2263296407989763,2.2263296407989763,2.2263296407989763,0E-17,ELIGIBLE,R03b_20260811_FULL_v1,L1_ELIGIBILITY,v2026-08-11,2026-03-21..2026-08-06,baccarat_bet02_101_all_pairs_incl_sentinel,round_win = game_pnl > 0 (decisive only),COMPATIBILITY_ONLY_NOT_PRODUCTION,268817.8208,244366.2908,168.7661,6248,5610,-0.00062781,-0.08642944,0.00436428,-0.00062781,-168.7661,268817.8208,OK,0.0000,6.7506,4.0000,96.0000,AG03-UNRESOLVED,ALL5_LEVELS_bet23_to_bet27,6.7506,6.7506,6.7506,8.4383,8.4383,4.000000,4.000000,4.000000,5.000000,5.000000,96.000000,96.000000,96.000000,95.000000,95.000000,5.0,37.1285,34.0107,131.6376,134.7554,PENDING_AG03,FALSE,NOT_FOR_ENFORCEMENT,162.0155,234591.6392,168.7661,162.0155,6.7506,0.00062781,0.00060270,6.7506,162.0155,0.00060270,6.7506,6.7506,6.7506,8.4383,8.4383,162.0155,0.00060270,37.1285,34.0107,131.6376,134.7554,0.00048969,0.00050129,0.00002511,43.0246,43.5591,0.0301,2.0581,0.0627,3278.2661,68.4146,17.6798,46.9397,25.7155,39.4976,52.6635,77.1466,82.2897,128.5777,31.4111,0.0,2.083411,3.25533,1.089297,30,192,222,8,0.05498276,0.00062781,0.08642944,0E-8,0.000000,0.909041,0.000000,-0.09079372,2026-03-23,2026-08-06,82,2690,1181,137,0.598540,0.376650,0.410924,0.183276,,,,,,,,GLOBAL_BASELINE_NO_ENTITY_RANKING,,,NOT_APPLICABLE_GLOBAL_BASELINE,HF9g-P5,,,,X 全窗基线 · 不参与实体赏罚,6877920,688,A168_HF9F_20260827_0900,2026-08-27 09:00:00
2026-06-25,70460261,1941,0,12.8577673773,12.2148790084,12.2148790084,1.0000000,1,1,0.50665070000000000,0.506650700000,0.9867858985152569,0.9867858985152569,0.9867858985152569,0E-17,ELIGIBLE,R03b_20260811_FULL_v1,L1_ELIGIBILITY,v2026-08-11,2026-03-21..2026-08-06,baccarat_bet02_101_all_pairs_incl_sentinel,round_win = game_pnl > 0 (decisive only),COMPATIBILITY_ONLY_NOT_PRODUCTION,268817.8208,244366.2908,168.7661,6248,5610,-0.00062781,-0.08642944,0.00436428,-0.00062781,-168.7661,268817.8208,OK,0.0000,6.7506,4.0000,96.0000,AG03-UNRESOLVED,ALL5_LEVELS_bet23_to_bet27,6.7506,6.7506,6.7506,8.4383,8.4383,4.000000,4.000000,4.000000,5.000000,5.000000,96.000000,96.000000,96.000000,95.000000,95.000000,5.0,37.1285,34.0107,131.6376,134.7554,PENDING_AG03,FALSE,NOT_FOR_ENFORCEMENT,162.0155,234591.6392,168.7661,162.0155,6.7506,0.00062781,0.00060270,6.7506,162.0155,0.00060270,6.7506,6.7506,6.7506,8.4383,8.4383,162.0155,0.00060270,37.1285,34.0107,131.6376,134.7554,0.00048969,0.00050129,0.00002511,43.0246,43.5591,0.0301,2.0581,0.0627,3278.2661,68.4146,17.6798,46.9397,25.7155,39.4976,52.6635,77.1466,82.2897,128.5777,31.4111,0.0,2.083411,3.25533,1.089297,30,192,222,8,0.05498276,0.00062781,0.08642944,0E-8,0.000000,0.909041,0.000000,-0.09079372,2026-03-23,2026-08-06,82,2690,1181,137,0.598540,0.376650,0.410924,0.183276,,,,,,,,GLOBAL_BASELINE_NO_ENTITY_RANKING,,,NOT_APPLICABLE_GLOBAL_BASELINE,HF9g-P5,,,,X 全窗基线 · 不参与实体赏罚,6877921,688,A168_HF9F_20260827_0900,2026-08-27 09:00:00
2026-06-25,70460261,1942,0,90.0043716409,18.1294520019,18.1294520019,0.5000000,5,5,0.50665070000000000,0.506650700000,-0.02660515369234503,-0.02660515369234503,-0.02660515369234503,0E-17,ELIGIBLE,R03b_20260811_FULL_v1,L1_ELIGIBILITY,v2026-08-11,2026-03-21..2026-08-06,baccarat_bet02_101_all_pairs_incl_sentinel,round_win = game_pnl > 0 (decisive only),COMPATIBILITY_ONLY_NOT_PRODUCTION,268817.8208,244366.2908,168.7661,6248,5610,-0.00062781,-0.08642944,0.00436428,-0.00062781,-168.7661,268817.8208,OK,0.0000,6.7506,4.0000,96.0000,AG03-UNRESOLVED,ALL5_LEVELS_bet23_to_bet27,6.7506,6.7506,6.7506,8.4383,8.4383,4.000000,4.000000,4.000000,5.000000,5.000000,96.000000,96.000000,96.000000,95.000000,95.000000,5.0,37.1285,34.0107,131.6376,134.7554,PENDING_AG03,FALSE,NOT_FOR_ENFORCEMENT,162.0155,234591.6392,168.7661,162.0155,6.7506,0.00062781,0.00060270,6.7506,162.0155,0.00060270,6.7506,6.7506,6.7506,8.4383,8.4383,162.0155,0.00060270,37.1285,34.0107,131.6376,134.7554,0.00048969,0.00050129,0.00002511,43.0246,43.5591,0.0301,2.0581,0.0627,3278.2661,68.4146,17.6798,46.9397,25.7155,39.4976,52.6635,77.1466,82.2897,128.5777,31.4111,0.0,2.083411,3.25533,1.089297,30,192,222,8,0.05498276,0.00062781,0.08642944,0E-8,0.000000,0.909041,0.000000,-0.09079372,2026-03-23,2026-08-06,82,2690,1181,137,0.598540,0.376650,0.410924,0.183276,,,,,,,,GLOBAL_BASELINE_NO_ENTITY_RANKING,,,NOT_APPLICABLE_GLOBAL_BASELINE,HF9g-P5,,,,X 全窗基线 · 不参与实体赏罚,6877922,688,A168_HF9F_20260827_0900,2026-08-27 09:00:00
2026-06-25,70460261,1957,0,12.8577673773,-12.8577673773,-12.8577673773,0E-7,1,1,0.50665070000000000,0.506650700000,-1.013391052207602,-1.013391052207602,-1.013391052207602,0E-17,ELIGIBLE,R03b_20260811_FULL_v1,L1_ELIGIBILITY,v2026-08-11,2026-03-21..2026-08-06,baccarat_bet02_101_all_pairs_incl_sentinel,round_win = game_pnl > 0 (decisive only),COMPATIBILITY_ONLY_NOT_PRODUCTION,268817.8208,244366.2908,168.7661,6248,5610,-0.00062781,-0.08642944,0.00436428,-0.00062781,-168.7661,268817.8208,OK,0.0000,6.7506,4.0000,96.0000,AG03-UNRESOLVED,ALL5_LEVELS_bet23_to_bet27,6.7506,6.7506,6.7506,8.4383,8.4383,4.000000,4.000000,4.000000,5.000000,5.000000,96.000000,96.000000,96.000000,95.000000,95.000000,5.0,37.1285,34.0107,131.6376,134.7554,PENDING_AG03,FALSE,NOT_FOR_ENFORCEMENT,162.0155,234591.6392,168.7661,162.0155,6.7506,0.00062781,0.00060270,6.7506,162.0155,0.00060270,6.7506,6.7506,6.7506,8.4383,8.4383,162.0155,0.00060270,37.1285,34.0107,131.6376,134.7554,0.00048969,0.00050129,0.00002511,43.0246,43.5591,0.0301,2.0581,0.0627,3278.2661,68.4146,17.6798,46.9397,25.7155,39.4976,52.6635,77.1466,82.2897,128.5777,31.4111,0.0,2.083411,3.25533,1.089297,30,192,222,8,0.05498276,0.00062781,0.08642944,0E-8,0.000000,0.909041,0.000000,-0.09079372,2026-03-23,2026-08-06,82,2690,1181,137,0.598540,0.376650,0.410924,0.183276,,,,,,,,GLOBAL_BASELINE_NO_ENTITY_RANKING,,,NOT_APPLICABLE_GLOBAL_BASELINE,HF9g-P5,,,,X 全窗基线 · 不参与实体赏罚,6877923,688,A168_HF9F_20260827_0900,2026-08-27 09:00:00
2026-06-25,70460261,2117,0,84.8612646899,50.5310257927,50.5310257927,0.7500000,4,4,0.50665070000000000,0.506650700000,0.9734833216690844,0.9734833216690844,0.9734833216690844,0E-17,ELIGIBLE,R03b_20260811_FULL_v1,L1_ELIGIBILITY,v2026-08-11,2026-03-21..2026-08-06,baccarat_bet02_101_all_pairs_incl_sentinel,round_win = game_pnl > 0 (decisive only),COMPATIBILITY_ONLY_NOT_PRODUCTION,268817.8208,244366.2908,168.7661,6248,5610,-0.00062781,-0.08642944,0.00436428,-0.00062781,-168.7661,268817.8208,OK,0.0000,6.7506,4.0000,96.0000,AG03-UNRESOLVED,ALL5_LEVELS_bet23_to_bet27,6.7506,6.7506,6.7506,8.4383,8.4383,4.000000,4.000000,4.000000,5.000000,5.000000,96.000000,96.000000,96.000000,95.000000,95.000000,5.0,37.1285,34.0107,131.6376,134.7554,PENDING_AG03,FALSE,NOT_FOR_ENFORCEMENT,162.0155,234591.6392,168.7661,162.0155,6.7506,0.00062781,0.00060270,6.7506,162.0155,0.00060270,6.7506,6.7506,6.7506,8.4383,8.4383,162.0155,0.00060270,37.1285,34.0107,131.6376,134.7554,0.00048969,0.00050129,0.00002511,43.0246,43.5591,0.0301,2.0581,0.0627,3278.2661,68.4146,17.6798,46.9397,25.7155,39.4976,52.6635,77.1466,82.2897,128.5777,31.4111,0.0,2.083411,3.25533,1.089297,30,192,222,8,0.05498276,0.00062781,0.08642944,0E-8,0.000000,0.909041,0.000000,-0.09079372,2026-03-23,2026-08-06,82,2690,1181,137,0.598540,0.376650,0.410924,0.183276,,,,,,,,GLOBAL_BASELINE_NO_ENTITY_RANKING,,,NOT_APPLICABLE_GLOBAL_BASELINE,HF9g-P5,,,,X 全窗基线 · 不参与实体赏罚,6877924,688,A168_HF9F_20260827_0900,2026-08-27 09:00:00
2026-06-25,70460261,2123,0,12.8577673773,-12.8577673773,-12.8577673773,0E-7,1,1,0.49324550000000000,0.493245500000,-0.9865810262130424,-0.9865810262130424,-0.9865810262130424,0E-17,ELIGIBLE,R03b_20260811_FULL_v1,L1_ELIGIBILITY,v2026-08-11,2026-03-21..2026-08-06,baccarat_bet02_101_all_pairs_incl_sentinel,round_win = game_pnl > 0 (decisive only),COMPATIBILITY_ONLY_NOT_PRODUCTION,268817.8208,244366.2908,168.7661,6248,5610,-0.00062781,-0.08642944,0.00436428,-0.00062781,-168.7661,268817.8208,OK,0.0000,6.7506,4.0000,96.0000,AG03-UNRESOLVED,ALL5_LEVELS_bet23_to_bet27,6.7506,6.7506,6.7506,8.4383,8.4383,4.000000,4.000000,4.000000,5.000000,5.000000,96.000000,96.000000,96.000000,95.000000,95.000000,5.0,37.1285,34.0107,131.6376,134.7554,PENDING_AG03,FALSE,NOT_FOR_ENFORCEMENT,162.0155,234591.6392,168.7661,162.0155,6.7506,0.00062781,0.00060270,6.7506,162.0155,0.00060270,6.7506,6.7506,6.7506,8.4383,8.4383,162.0155,0.00060270,37.1285,34.0107,131.6376,134.7554,0.00048969,0.00050129,0.00002511,43.0246,43.5591,0.0301,2.0581,0.0627,3278.2661,68.4146,17.6798,46.9397,25.7155,39.4976,52.6635,77.1466,82.2897,128.5777,31.4111,0.0,2.083411,3.25533,1.089297,30,192,222,8,0.05498276,0.00062781,0.08642944,0E-8,0.000000,0.909041,0.000000,-0.09079372,2026-03-23,2026-08-06,82,2690,1181,137,0.598540,0.376650,0.410924,0.183276,,,,,,,,GLOBAL_BASELINE_NO_ENTITY_RANKING,,,NOT_APPLICABLE_GLOBAL_BASELINE,HF9g-P5,,,,X 全窗基线 · 不参与实体赏罚,6877925,688,A168_HF9F_20260827_0900,2026-08-27 09:00:00
2026-06-25,70460261,2130,0,38.5733021318,36.6446370252,36.6446370252,1.0000000,2,2,0.50665070000000000,0.506650700000,1.3955260008387969,1.3955260008387969,1.3955260008387969,0E-17,ELIGIBLE,R03b_20260811_FULL_v1,L1_ELIGIBILITY,v2026-08-11,2026-03-21..2026-08-06,baccarat_bet02_101_all_pairs_incl_sentinel,round_win = game_pnl > 0 (decisive only),COMPATIBILITY_ONLY_NOT_PRODUCTION,268817.8208,244366.2908,168.7661,6248,5610,-0.00062781,-0.08642944,0.00436428,-0.00062781,-168.7661,268817.8208,OK,0.0000,6.7506,4.0000,96.0000,AG03-UNRESOLVED,ALL5_LEVELS_bet23_to_bet27,6.7506,6.7506,6.7506,8.4383,8.4383,4.000000,4.000000,4.000000,5.000000,5.000000,96.000000,96.000000,96.000000,95.000000,95.000000,5.0,37.1285,34.0107,131.6376,134.7554,PENDING_AG03,FALSE,NOT_FOR_ENFORCEMENT,162.0155,234591.6392,168.7661,162.0155,6.7506,0.00062781,0.00060270,6.7506,162.0155,0.00060270,6.7506,6.7506,6.7506,8.4383,8.4383,162.0155,0.00060270,37.1285,34.0107,131.6376,134.7554,0.00048969,0.00050129,0.00002511,43.0246,43.5591,0.0301,2.0581,0.0627,3278.2661,68.4146,17.6798,46.9397,25.7155,39.4976,52.6635,77.1466,82.2897,128.5777,31.4111,0.0,2.083411,3.25533,1.089297,30,192,222,8,0.05498276,0.00062781,0.08642944,0E-8,0.000000,0.909041,0.000000,-0.09079372,2026-03-23,2026-08-06,82,2690,1181,137,0.598540,0.376650,0.410924,0.183276,,,,,,,,GLOBAL_BASELINE_NO_ENTITY_RANKING,,,NOT_APPLICABLE_GLOBAL_BASELINE,HF9g-P5,,,,X 全窗基线 · 不参与实体赏罚,6877926,688,A168_HF9F_20260827_0900,2026-08-27 09:00:00
2026-06-25,70460261,2145,0,79.7181577391,41.7877439761,41.7877439761,0.7500000,4,4,0.50329940000000000,0.503299400000,0.9868238854431842,0.9868238854431842,0.9868238854431842,0E-17,ELIGIBLE,R03b_20260811_FULL_v1,L1_ELIGIBILITY,v2026-08-11,2026-03-21..2026-08-06,baccarat_bet02_101_all_pairs_incl_sentinel,round_win = game_pnl > 0 (decisive only),COMPATIBILITY_ONLY_NOT_PRODUCTION,268817.8208,244366.2908,168.7661,6248,5610,-0.00062781,-0.08642944,0.00436428,-0.00062781,-168.7661,268817.8208,OK,0.0000,6.7506,4.0000,96.0000,AG03-UNRESOLVED,ALL5_LEVELS_bet23_to_bet27,6.7506,6.7506,6.7506,8.4383,8.4383,4.000000,4.000000,4.000000,5.000000,5.000000,96.000000,96.000000,96.000000,95.000000,95.000000,5.0,37.1285,34.0107,131.6376,134.7554,PENDING_AG03,FALSE,NOT_FOR_ENFORCEMENT,162.0155,234591.6392,168.7661,162.0155,6.7506,0.00062781,0.00060270,6.7506,162.0155,0.00060270,6.7506,6.7506,6.7506,8.4383,8.4383,162.0155,0.00060270,37.1285,34.0107,131.6376,134.7554,0.00048969,0.00050129,0.00002511,43.0246,43.5591,0.0301,2.0581,0.0627,3278.2661,68.4146,17.6798,46.9397,25.7155,39.4976,52.6635,77.1466,82.2897,128.5777,31.4111,0.0,2.083411,3.25533,1.089297,30,192,222,8,0.05498276,0.00062781,0.08642944,0E-8,0.000000,0.909041,0.000000,-0.09079372,2026-03-23,2026-08-06,82,2690,1181,137,0.598540,0.376650,0.410924,0.183276,,,,,,,,GLOBAL_BASELINE_NO_ENTITY_RANKING,,,NOT_APPLICABLE_GLOBAL_BASELINE,HF9g-P5,,,,X 全窗基线 · 不参与实体赏罚,6877927,688,A168_HF9F_20260827_0900,2026-08-27 09:00:00
2026-06-25,70460261,2153,0,12.8577673773,-12.8577673773,-12.8577673773,0E-7,1,1,0.50665070000000000,0.506650700000,-1.013391052207602,-1.013391052207602,-1.013391052207602,0E-17,ELIGIBLE,R03b_20260811_FULL_v1,L1_ELIGIBILITY,v2026-08-11,2026-03-21..2026-08-06,baccarat_bet02_101_all_pairs_incl_sentinel,round_win = game_pnl > 0 (decisive only),COMPATIBILITY_ONLY_NOT_PRODUCTION,268817.8208,244366.2908,168.7661,6248,5610,-0.00062781,-0.08642944,0.00436428,-0.00062781,-168.7661,268817.8208,OK,0.0000,6.7506,4.0000,96.0000,AG03-UNRESOLVED,ALL5_LEVELS_bet23_to_bet27,6.7506,6.7506,6.7506,8.4383,8.4383,4.000000,4.000000,4.000000,5.000000,5.000000,96.000000,96.000000,96.000000,95.000000,95.000000,5.0,37.1285,34.0107,131.6376,134.7554,PENDING_AG03,FALSE,NOT_FOR_ENFORCEMENT,162.0155,234591.6392,168.7661,162.0155,6.7506,0.00062781,0.00060270,6.7506,162.0155,0.00060270,6.7506,6.7506,6.7506,8.4383,8.4383,162.0155,0.00060270,37.1285,34.0107,131.6376,134.7554,0.00048969,0.00050129,0.00002511,43.0246,43.5591,0.0301,2.0581,0.0627,3278.2661,68.4146,17.6798,46.9397,25.7155,39.4976,52.6635,77.1466,82.2897,128.5777,31.4111,0.0,2.083411,3.25533,1.089297,30,192,222,8,0.05498276,0.00062781,0.08642944,0E-8,0.000000,0.909041,0.000000,-0.09079372,2026-03-23,2026-08-06,82,2690,1181,137,0.598540,0.376650,0.410924,0.183276,,,,,,,,GLOBAL_BASELINE_NO_ENTITY_RANKING,,,NOT_APPLICABLE_GLOBAL_BASELINE,HF9g-P5,,,,X 全窗基线 · 不参与实体赏罚,6877928,688,A168_HF9F_20260827_0900,2026-08-27 09:00:00
2026-06-25,70460261,2171,0,77.1466042635,23.1439812791,23.1439812791,0.6666667,3,3,0.50665070000000000,0.506650700000,0.5543606114942035,0.5543606114942035,0.5543606114942035,0E-17,ELIGIBLE,R03b_20260811_FULL_v1,L1_ELIGIBILITY,v2026-08-11,2026-03-21..2026-08-06,baccarat_bet02_101_all_pairs_incl_sentinel,round_win = game_pnl > 0 (decisive only),COMPATIBILITY_ONLY_NOT_PRODUCTION,268817.8208,244366.2908,168.7661,6248,5610,-0.00062781,-0.08642944,0.00436428,-0.00062781,-168.7661,268817.8208,OK,0.0000,6.7506,4.0000,96.0000,AG03-UNRESOLVED,ALL5_LEVELS_bet23_to_bet27,6.7506,6.7506,6.7506,8.4383,8.4383,4.000000,4.000000,4.000000,5.000000,5.000000,96.000000,96.000000,96.000000,95.000000,95.000000,5.0,37.1285,34.0107,131.6376,134.7554,PENDING_AG03,FALSE,NOT_FOR_ENFORCEMENT,162.0155,234591.6392,168.7661,162.0155,6.7506,0.00062781,0.00060270,6.7506,162.0155,0.00060270,6.7506,6.7506,6.7506,8.4383,8.4383,162.0155,0.00060270,37.1285,34.0107,131.6376,134.7554,0.00048969,0.00050129,0.00002511,43.0246,43.5591,0.0301,2.0581,0.0627,3278.2661,68.4146,17.6798,46.9397,25.7155,39.4976,52.6635,77.1466,82.2897,128.5777,31.4111,0.0,2.083411,3.25533,1.089297,30,192,222,8,0.05498276,0.00062781,0.08642944,0E-8,0.000000,0.909041,0.000000,-0.09079372,2026-03-23,2026-08-06,82,2690,1181,137,0.598540,0.376650,0.410924,0.183276,,,,,,,,GLOBAL_BASELINE_NO_ENTITY_RANKING,,,NOT_APPLICABLE_GLOBAL_BASELINE,HF9g-P5,,,,X 全窗基线 · 不参与实体赏罚,6877929,688,A168_HF9F_20260827_0900,2026-08-27 09:00:00
2026-06-25,70460261,2188,0,48.8595160336,1.2857767377,1.2857767377,0.5000000,3,2,0.45630744444455321,0.393378375000,0.12405577169162696,0.3086711997975373,0.12405577169162696,0.06292906944455321,ELIGIBLE,R03b_20260811_FULL_v1,L1_ELIGIBILITY,v2026-08-11,2026-03-21..2026-08-06,baccarat_bet02_101_all_pairs_incl_sentinel,round_win = game_pnl > 0 (decisive only),COMPATIBILITY_ONLY_NOT_PRODUCTION,268817.8208,244366.2908,168.7661,6248,5610,-0.00062781,-0.08642944,0.00436428,-0.00062781,-168.7661,268817.8208,OK,0.0000,6.7506,4.0000,96.0000,AG03-UNRESOLVED,ALL5_LEVELS_bet23_to_bet27,6.7506,6.7506,6.7506,8.4383,8.4383,4.000000,4.000000,4.000000,5.000000,5.000000,96.000000,96.000000,96.000000,95.000000,95.000000,5.0,37.1285,34.0107,131.6376,134.7554,PENDING_AG03,FALSE,NOT_FOR_ENFORCEMENT,162.0155,234591.6392,168.7661,162.0155,6.7506,0.00062781,0.00060270,6.7506,162.0155,0.00060270,6.7506,6.7506,6.7506,8.4383,8.4383,162.0155,0.00060270,37.1285,34.0107,131.6376,134.7554,0.00048969,0.00050129,0.00002511,43.0246,43.5591,0.0301,2.0581,0.0627,3278.2661,68.4146,17.6798,46.9397,25.7155,39.4976,52.6635,77.1466,82.2897,128.5777,31.4111,0.0,2.083411,3.25533,1.089297,30,192,222,8,0.05498276,0.00062781,0.08642944,0E-8,0.000000,0.909041,0.000000,-0.09079372,2026-03-23,2026-08-06,82,2690,1181,137,0.598540,0.376650,0.410924,0.183276,,,,,,,,GLOBAL_BASELINE_NO_ENTITY_RANKING,,,NOT_APPLICABLE_GLOBAL_BASELINE,HF9g-P5,,,,X 全窗基线 · 不参与实体赏罚,6877930,688,A168_HF9F_20260827_0900,2026-08-27 09:00:00
2026-06-25,70460261,2216,0,25.7155347546,25.7155347546,25.7155347546,1.0000000,2,2,0.49324550000000000,0.493245500000,1.4334489766152358,1.4334489766152358,1.4334489766152358,0E-17,ELIGIBLE,R03b_20260811_FULL_v1,L1_ELIGIBILITY,v2026-08-11,2026-03-21..2026-08-06,baccarat_bet02_101_all_pairs_incl_sentinel,round_win = game_pnl > 0 (decisive only),COMPATIBILITY_ONLY_NOT_PRODUCTION,268817.8208,244366.2908,168.7661,6248,5610,-0.00062781,-0.08642944,0.00436428,-0.00062781,-168.7661,268817.8208,OK,0.0000,6.7506,4.0000,96.0000,AG03-UNRESOLVED,ALL5_LEVELS_bet23_to_bet27,6.7506,6.7506,6.7506,8.4383,8.4383,4.000000,4.000000,4.000000,5.000000,5.000000,96.000000,96.000000,96.000000,95.000000,95.000000,5.0,37.1285,34.0107,131.6376,134.7554,PENDING_AG03,FALSE,NOT_FOR_ENFORCEMENT,162.0155,234591.6392,168.7661,162.0155,6.7506,0.00062781,0.00060270,6.7506,162.0155,0.00060270,6.7506,6.7506,6.7506,8.4383,8.4383,162.0155,0.00060270,37.1285,34.0107,131.6376,134.7554,0.00048969,0.00050129,0.00002511,43.0246,43.5591,0.0301,2.0581,0.0627,3278.2661,68.4146,17.6798,46.9397,25.7155,39.4976,52.6635,77.1466,82.2897,128.5777,31.4111,0.0,2.083411,3.25533,1.089297,30,192,222,8,0.05498276,0.00062781,0.08642944,0E-8,0.000000,0.909041,0.000000,-0.09079372,2026-03-23,2026-08-06,82,2690,1181,137,0.598540,0.376650,0.410924,0.183276,,,,,,,,GLOBAL_BASELINE_NO_ENTITY_RANKING,,,NOT_APPLICABLE_GLOBAL_BASELINE,HF9g-P5,,,,X 全窗基线 · 不参与实体赏罚,6877931,688,A168_HF9F_20260827_0900,2026-08-27 09:00:00
2026-06-25,70460261,2234,0,51.4310695091,-51.4310695091,-51.4310695091,0E-7,1,1,0.50665070000000000,0.506650700000,-1.013391052207602,-1.013391052207602,-1.013391052207602,0E-17,ELIGIBLE,R03b_20260811_FULL_v1,L1_ELIGIBILITY,v2026-08-11,2026-03-21..2026-08-06,baccarat_bet02_101_all_pairs_incl_sentinel,round_win = game_pnl > 0 (decisive only),COMPATIBILITY_ONLY_NOT_PRODUCTION,268817.8208,244366.2908,168.7661,6248,5610,-0.00062781,-0.08642944,0.00436428,-0.00062781,-168.7661,268817.8208,OK,0.0000,6.7506,4.0000,96.0000,AG03-UNRESOLVED,ALL5_LEVELS_bet23_to_bet27,6.7506,6.7506,6.7506,8.4383,8.4383,4.000000,4.000000,4.000000,5.000000,5.000000,96.000000,96.000000,96.000000,95.000000,95.000000,5.0,37.1285,34.0107,131.6376,134.7554,PENDING_AG03,FALSE,NOT_FOR_ENFORCEMENT,162.0155,234591.6392,168.7661,162.0155,6.7506,0.00062781,0.00060270,6.7506,162.0155,0.00060270,6.7506,6.7506,6.7506,8.4383,8.4383,162.0155,0.00060270,37.1285,34.0107,131.6376,134.7554,0.00048969,0.00050129,0.00002511,43.0246,43.5591,0.0301,2.0581,0.0627,3278.2661,68.4146,17.6798,46.9397,25.7155,39.4976,52.6635,77.1466,82.2897,128.5777,31.4111,0.0,2.083411,3.25533,1.089297,30,192,222,8,0.05498276,0.00062781,0.08642944,0E-8,0.000000,0.909041,0.000000,-0.09079372,2026-03-23,2026-08-06,82,2690,1181,137,0.598540,0.376650,0.410924,0.183276,,,,,,,,GLOBAL_BASELINE_NO_ENTITY_RANKING,,,NOT_APPLICABLE_GLOBAL_BASELINE,HF9g-P5,,,,X 全窗基线 · 不参与实体赏罚,6877932,688,A168_HF9F_20260827_0900,2026-08-27 09:00:00
2026-06-25,70460261,2235,0,12.8577673773,-12.8577673773,-12.8577673773,0E-7,1,1,0.50665070000000000,0.506650700000,-1.013391052207602,-1.013391052207602,-1.013391052207602,0E-17,ELIGIBLE,R03b_20260811_FULL_v1,L1_ELIGIBILITY,v2026-08-11,2026-03-21..2026-08-06,baccarat_bet02_101_all_pairs_incl_sentinel,round_win = game_pnl > 0 (decisive only),COMPATIBILITY_ONLY_NOT_PRODUCTION,268817.8208,244366.2908,168.7661,6248,5610,-0.00062781,-0.08642944,0.00436428,-0.00062781,-168.7661,268817.8208,OK,0.0000,6.7506,4.0000,96.0000,AG03-UNRESOLVED,ALL5_LEVELS_bet23_to_bet27,6.7506,6.7506,6.7506,8.4383,8.4383,4.000000,4.000000,4.000000,5.000000,5.000000,96.000000,96.000000,96.000000,95.000000,95.000000,5.0,37.1285,34.0107,131.6376,134.7554,PENDING_AG03,FALSE,NOT_FOR_ENFORCEMENT,162.0155,234591.6392,168.7661,162.0155,6.7506,0.00062781,0.00060270,6.7506,162.0155,0.00060270,6.7506,6.7506,6.7506,8.4383,8.4383,162.0155,0.00060270,37.1285,34.0107,131.6376,134.7554,0.00048969,0.00050129,0.00002511,43.0246,43.5591,0.0301,2.0581,0.0627,3278.2661,68.4146,17.6798,46.9397,25.7155,39.4976,52.6635,77.1466,82.2897,128.5777,31.4111,0.0,2.083411,3.25533,1.089297,30,192,222,8,0.05498276,0.00062781,0.08642944,0E-8,0.000000,0.909041,0.000000,-0.09079372,2026-03-23,2026-08-06,82,2690,1181,137,0.598540,0.376650,0.410924,0.183276,,,,,,,,GLOBAL_BASELINE_NO_ENTITY_RANKING,,,NOT_APPLICABLE_GLOBAL_BASELINE,HF9g-P5,,,,X 全窗基线 · 不参与实体赏罚,6877933,688,A168_HF9F_20260827_0900,2026-08-27 09:00:00
2026-06-25,70460261,2252,0,18.0008743282,17.1008306118,17.1008306118,1.0000000,1,1,0.50665070000000000,0.506650700000,0.9867858985152569,0.9867858985152569,0.9867858985152569,0E-17,ELIGIBLE,R03b_20260811_FULL_v1,L1_ELIGIBILITY,v2026-08-11,2026-03-21..2026-08-06,baccarat_bet02_101_all_pairs_incl_sentinel,round_win = game_pnl > 0 (decisive only),COMPATIBILITY_ONLY_NOT_PRODUCTION,268817.8208,244366.2908,168.7661,6248,5610,-0.00062781,-0.08642944,0.00436428,-0.00062781,-168.7661,268817.8208,OK,0.0000,6.7506,4.0000,96.0000,AG03-UNRESOLVED,ALL5_LEVELS_bet23_to_bet27,6.7506,6.7506,6.7506,8.4383,8.4383,4.000000,4.000000,4.000000,5.000000,5.000000,96.000000,96.000000,96.000000,95.000000,95.000000,5.0,37.1285,34.0107,131.6376,134.7554,PENDING_AG03,FALSE,NOT_FOR_ENFORCEMENT,162.0155,234591.6392,168.7661,162.0155,6.7506,0.00062781,0.00060270,6.7506,162.0155,0.00060270,6.7506,6.7506,6.7506,8.4383,8.4383,162.0155,0.00060270,37.1285,34.0107,131.6376,134.7554,0.00048969,0.00050129,0.00002511,43.0246,43.5591,0.0301,2.0581,0.0627,3278.2661,68.4146,17.6798,46.9397,25.7155,39.4976,52.6635,77.1466,82.2897,128.5777,31.4111,0.0,2.083411,3.25533,1.089297,30,192,222,8,0.05498276,0.00062781,0.08642944,0E-8,0.000000,0.909041,0.000000,-0.09079372,2026-03-23,2026-08-06,82,2690,1181,137,0.598540,0.376650,0.410924,0.183276,,,,,,,,GLOBAL_BASELINE_NO_ENTITY_RANKING,,,NOT_APPLICABLE_GLOBAL_BASELINE,HF9g-P5,,,,X 全窗基线 · 不参与实体赏罚,6877934,688,A168_HF9F_20260827_0900,2026-08-27 09:00:00
2026-06-25,70460261,2254,0,59.1457299354,21.8582045413,21.8582045413,0.6666667,3,3,0.50218230000000000,0.502182300000,0.5697959874915163,0.5697959874915164,0.5697959874915163,0E-17,ELIGIBLE,R03b_20260811_FULL_v1,L1_ELIGIBILITY,v2026-08-11,2026-03-21..2026-08-06,baccarat_bet02_101_all_pairs_incl_sentinel,round_win = game_pnl > 0 (decisive only),COMPATIBILITY_ONLY_NOT_PRODUCTION,268817.8208,244366.2908,168.7661,6248,5610,-0.00062781,-0.08642944,0.00436428,-0.00062781,-168.7661,268817.8208,OK,0.0000,6.7506,4.0000,96.0000,AG03-UNRESOLVED,ALL5_LEVELS_bet23_to_bet27,6.7506,6.7506,6.7506,8.4383,8.4383,4.000000,4.000000,4.000000,5.000000,5.000000,96.000000,96.000000,96.000000,95.000000,95.000000,5.0,37.1285,34.0107,131.6376,134.7554,PENDING_AG03,FALSE,NOT_FOR_ENFORCEMENT,162.0155,234591.6392,168.7661,162.0155,6.7506,0.00062781,0.00060270,6.7506,162.0155,0.00060270,6.7506,6.7506,6.7506,8.4383,8.4383,162.0155,0.00060270,37.1285,34.0107,131.6376,134.7554,0.00048969,0.00050129,0.00002511,43.0246,43.5591,0.0301,2.0581,0.0627,3278.2661,68.4146,17.6798,46.9397,25.7155,39.4976,52.6635,77.1466,82.2897,128.5777,31.4111,0.0,2.083411,3.25533,1.089297,30,192,222,8,0.05498276,0.00062781,0.08642944,0E-8,0.000000,0.909041,0.000000,-0.09079372,2026-03-23,2026-08-06,82,2690,1181,137,0.598540,0.376650,0.410924,0.183276,,,,,,,,GLOBAL_BASELINE_NO_ENTITY_RANKING,,,NOT_APPLICABLE_GLOBAL_BASELINE,HF9g-P5,,,,X 全窗基线 · 不参与实体赏罚,6877935,688,A168_HF9F_20260827_0900,2026-08-27 09:00:00
2026-06-25,70460261,2261,0,25.7155347545,-25.7155347545,-25.7155347545,0E-7,1,1,0.49324550000000000,0.493245500000,-0.9865810262130424,-0.9865810262130424,-0.9865810262130424,0E-17,ELIGIBLE,R03b_20260811_FULL_v1,L1_ELIGIBILITY,v2026-08-11,2026-03-21..2026-08-06,baccarat_bet02_101_all_pairs_incl_sentinel,round_win = game_pnl > 0 (decisive only),COMPATIBILITY_ONLY_NOT_PRODUCTION,268817.8208,244366.2908,168.7661,6248,5610,-0.00062781,-0.08642944,0.00436428,-0.00062781,-168.7661,268817.8208,OK,0.0000,6.7506,4.0000,96.0000,AG03-UNRESOLVED,ALL5_LEVELS_bet23_to_bet27,6.7506,6.7506,6.7506,8.4383,8.4383,4.000000,4.000000,4.000000,5.000000,5.000000,96.000000,96.000000,96.000000,95.000000,95.000000,5.0,37.1285,34.0107,131.6376,134.7554,PENDING_AG03,FALSE,NOT_FOR_ENFORCEMENT,162.0155,234591.6392,168.7661,162.0155,6.7506,0.00062781,0.00060270,6.7506,162.0155,0.00060270,6.7506,6.7506,6.7506,8.4383,8.4383,162.0155,0.00060270,37.1285,34.0107,131.6376,134.7554,0.00048969,0.00050129,0.00002511,43.0246,43.5591,0.0301,2.0581,0.0627,3278.2661,68.4146,17.6798,46.9397,25.7155,39.4976,52.6635,77.1466,82.2897,128.5777,31.4111,0.0,2.083411,3.25533,1.089297,30,192,222,8,0.05498276,0.00062781,0.08642944,0E-8,0.000000,0.909041,0.000000,-0.09079372,2026-03-23,2026-08-06,82,2690,1181,137,0.598540,0.376650,0.410924,0.183276,,,,,,,,GLOBAL_BASELINE_NO_ENTITY_RANKING,,,NOT_APPLICABLE_GLOBAL_BASELINE,HF9g-P5,,,,X 全窗基线 · 不参与实体赏罚,6877936,688,A168_HF9F_20260827_0900,2026-08-27 09:00:00
2026-06-25,70460261,2266,0,33.4301951809,32.7873068120,32.7873068120,1.0000000,2,2,0.49994810000000000,0.499948100000,1.4143603653603398,1.4143603653603398,1.4143603653603398,0E-17,ELIGIBLE,R03b_20260811_FULL_v1,L1_ELIGIBILITY,v2026-08-11,2026-03-21..2026-08-06,baccarat_bet02_101_all_pairs_incl_sentinel,round_win = game_pnl > 0 (decisive only),COMPATIBILITY_ONLY_NOT_PRODUCTION,268817.8208,244366.2908,168.7661,6248,5610,-0.00062781,-0.08642944,0.00436428,-0.00062781,-168.7661,268817.8208,OK,0.0000,6.7506,4.0000,96.0000,AG03-UNRESOLVED,ALL5_LEVELS_bet23_to_bet27,6.7506,6.7506,6.7506,8.4383,8.4383,4.000000,4.000000,4.000000,5.000000,5.000000,96.000000,96.000000,96.000000,95.000000,95.000000,5.0,37.1285,34.0107,131.6376,134.7554,PENDING_AG03,FALSE,NOT_FOR_ENFORCEMENT,162.0155,234591.6392,168.7661,162.0155,6.7506,0.00062781,0.00060270,6.7506,162.0155,0.00060270,6.7506,6.7506,6.7506,8.4383,8.4383,162.0155,0.00060270,37.1285,34.0107,131.6376,134.7554,0.00048969,0.00050129,0.00002511,43.0246,43.5591,0.0301,2.0581,0.0627,3278.2661,68.4146,17.6798,46.9397,25.7155,39.4976,52.6635,77.1466,82.2897,128.5777,31.4111,0.0,2.083411,3.25533,1.089297,30,192,222,8,0.05498276,0.00062781,0.08642944,0E-8,0.000000,0.909041,0.000000,-0.09079372,2026-03-23,2026-08-06,82,2690,1181,137,0.598540,0.376650,0.410924,0.183276,,,,,,,,GLOBAL_BASELINE_NO_ENTITY_RANKING,,,NOT_APPLICABLE_GLOBAL_BASELINE,HF9g-P5,,,,X 全窗基线 · 不参与实体赏罚,6877937,688,A168_HF9F_20260827_0900,2026-08-27 09:00:00
2026-06-25,70460261,2288,0,51.4310695090,0E-10,0E-10,,2,2,0.49994810000000000,0.499948100000,,,,0E-17,NO_DECISIVE_ROUND,R03b_20260811_FULL_v1,L1_ELIGIBILITY,v2026-08-11,2026-03-21..2026-08-06,baccarat_bet02_101_all_pairs_incl_sentinel,round_win = game_pnl > 0 (decisive only),COMPATIBILITY_ONLY_NOT_PRODUCTION,268817.8208,244366.2908,168.7661,6248,5610,-0.00062781,-0.08642944,0.00436428,-0.00062781,-168.7661,268817.8208,OK,0.0000,6.7506,4.0000,96.0000,AG03-UNRESOLVED,ALL5_LEVELS_bet23_to_bet27,6.7506,6.7506,6.7506,8.4383,8.4383,4.000000,4.000000,4.000000,5.000000,5.000000,96.000000,96.000000,96.000000,95.000000,95.000000,5.0,37.1285,34.0107,131.6376,134.7554,PENDING_AG03,FALSE,NOT_FOR_ENFORCEMENT,162.0155,234591.6392,168.7661,162.0155,6.7506,0.00062781,0.00060270,6.7506,162.0155,0.00060270,6.7506,6.7506,6.7506,8.4383,8.4383,162.0155,0.00060270,37.1285,34.0107,131.6376,134.7554,0.00048969,0.00050129,0.00002511,43.0246,43.5591,0.0301,2.0581,0.0627,3278.2661,68.4146,17.6798,46.9397,25.7155,39.4976,52.6635,77.1466,82.2897,128.5777,31.4111,0.0,2.083411,3.25533,1.089297,30,192,222,8,0.05498276,0.00062781,0.08642944,0E-8,0.000000,0.909041,0.000000,-0.09079372,2026-03-23,2026-08-06,82,2690,1181,137,0.598540,0.376650,0.410924,0.183276,,,,,,,,GLOBAL_BASELINE_NO_ENTITY_RANKING,,,NOT_APPLICABLE_GLOBAL_BASELINE,HF9g-P5,,,,X 全窗基线 · 不参与实体赏罚,6877938,688,A168_HF9F_20260827_0900,2026-08-27 09:00:00
2026-06-25,70460261,789,0,25.7155347545,-25.7155347545,-25.7155347545,0E-7,1,1,0.50665070000000000,0.506650700000,-1.013391052207602,-1.013391052207602,-1.013391052207602,0E-17,ELIGIBLE,R03b_20260811_FULL_v1,L1_ELIGIBILITY,v2026-08-11,2026-03-21..2026-08-06,baccarat_bet02_101_all_pairs_incl_sentinel,round_win = game_pnl > 0 (decisive only),COMPATIBILITY_ONLY_NOT_PRODUCTION,268817.8208,244366.2908,168.7661,6248,5610,-0.00062781,-0.08642944,0.00436428,-0.00062781,-168.7661,268817.8208,OK,0.0000,6.7506,4.0000,96.0000,AG03-UNRESOLVED,ALL5_LEVELS_bet23_to_bet27,6.7506,6.7506,6.7506,8.4383,8.4383,4.000000,4.000000,4.000000,5.000000,5.000000,96.000000,96.000000,96.000000,95.000000,95.000000,5.0,37.1285,34.0107,131.6376,134.7554,PENDING_AG03,FALSE,NOT_FOR_ENFORCEMENT,162.0155,234591.6392,168.7661,162.0155,6.7506,0.00062781,0.00060270,6.7506,162.0155,0.00060270,6.7506,6.7506,6.7506,8.4383,8.4383,162.0155,0.00060270,37.1285,34.0107,131.6376,134.7554,0.00048969,0.00050129,0.00002511,43.0246,43.5591,0.0301,2.0581,0.0627,3278.2661,68.4146,17.6798,46.9397,25.7155,39.4976,52.6635,77.1466,82.2897,128.5777,31.4111,0.0,2.083411,3.25533,1.089297,30,192,222,8,0.05498276,0.00062781,0.08642944,0E-8,0.000000,0.909041,0.000000,-0.09079372,2026-03-23,2026-08-06,82,2690,1181,137,0.598540,0.376650,0.410924,0.183276,,,,,,,,GLOBAL_BASELINE_NO_ENTITY_RANKING,,,NOT_APPLICABLE_GLOBAL_BASELINE,HF9g-P5,,,,X 全窗基线 · 不参与实体赏罚,6877939,688,A168_HF9F_20260827_0900,2026-08-27 09:00:00
2026-06-25,70460261,970,0,12.8577673773,-12.8577673773,-12.8577673773,0E-7,1,1,0.50665070000000000,0.506650700000,-1.013391052207602,-1.013391052207602,-1.013391052207602,0E-17,ELIGIBLE,R03b_20260811_FULL_v1,L1_ELIGIBILITY,v2026-08-11,2026-03-21..2026-08-06,baccarat_bet02_101_all_pairs_incl_sentinel,round_win = game_pnl > 0 (decisive only),COMPATIBILITY_ONLY_NOT_PRODUCTION,268817.8208,244366.2908,168.7661,6248,5610,-0.00062781,-0.08642944,0.00436428,-0.00062781,-168.7661,268817.8208,OK,0.0000,6.7506,4.0000,96.0000,AG03-UNRESOLVED,ALL5_LEVELS_bet23_to_bet27,6.7506,6.7506,6.7506,8.4383,8.4383,4.000000,4.000000,4.000000,5.000000,5.000000,96.000000,96.000000,96.000000,95.000000,95.000000,5.0,37.1285,34.0107,131.6376,134.7554,PENDING_AG03,FALSE,NOT_FOR_ENFORCEMENT,162.0155,234591.6392,168.7661,162.0155,6.7506,0.00062781,0.00060270,6.7506,162.0155,0.00060270,6.7506,6.7506,6.7506,8.4383,8.4383,162.0155,0.00060270,37.1285,34.0107,131.6376,134.7554,0.00048969,0.00050129,0.00002511,43.0246,43.5591,0.0301,2.0581,0.0627,3278.2661,68.4146,17.6798,46.9397,25.7155,39.4976,52.6635,77.1466,82.2897,128.5777,31.4111,0.0,2.083411,3.25533,1.089297,30,192,222,8,0.05498276,0.00062781,0.08642944,0E-8,0.000000,0.909041,0.000000,-0.09079372,2026-03-23,2026-08-06,82,2690,1181,137,0.598540,0.376650,0.410924,0.183276,,,,,,,,GLOBAL_BASELINE_NO_ENTITY_RANKING,,,NOT_APPLICABLE_GLOBAL_BASELINE,HF9g-P5,,,,X 全窗基线 · 不参与实体赏罚,6877940,688,A168_HF9F_20260827_0900,2026-08-27 09:00:00
2026-06-26,70460261,-1,1,161.4935582586,49.3738267287,49.3738267287,0.5714286,8,8,0.50329940000000000,0.503299400000,0.36051353847308226,0.3605135384730823,0.36051353847308226,0E-17,SENTINEL_DEALER,R03b_20260811_FULL_v1,L1_ELIGIBILITY,v2026-08-11,2026-03-21..2026-08-06,baccarat_bet02_101_all_pairs_incl_sentinel,round_win = game_pnl > 0 (decisive only),COMPATIBILITY_ONLY_NOT_PRODUCTION,268817.8208,244366.2908,168.7661,6248,5610,-0.00062781,-0.08642944,0.00436428,-0.00062781,-168.7661,268817.8208,OK,0.0000,6.7506,4.0000,96.0000,AG03-UNRESOLVED,ALL5_LEVELS_bet23_to_bet27,6.7506,6.7506,6.7506,8.4383,8.4383,4.000000,4.000000,4.000000,5.000000,5.000000,96.000000,96.000000,96.000000,95.000000,95.000000,5.0,37.1285,34.0107,131.6376,134.7554,PENDING_AG03,FALSE,NOT_FOR_ENFORCEMENT,162.0155,234591.6392,168.7661,162.0155,6.7506,0.00062781,0.00060270,6.7506,162.0155,0.00060270,6.7506,6.7506,6.7506,8.4383,8.4383,162.0155,0.00060270,37.1285,34.0107,131.6376,134.7554,0.00048969,0.00050129,0.00002511,43.0246,43.5591,0.0301,2.0581,0.0627,3278.2661,68.4146,17.6798,46.9397,25.7155,39.4976,52.6635,77.1466,82.2897,128.5777,31.4111,0.0,2.083411,3.25533,1.089297,30,192,222,8,0.05498276,0.00062781,0.08642944,0E-8,0.000000,0.909041,0.000000,-0.09079372,2026-03-23,2026-08-06,82,2690,1181,137,0.598540,0.376650,0.410924,0.183276,,,,,,,,GLOBAL_BASELINE_NO_ENTITY_RANKING,,,NOT_APPLICABLE_GLOBAL_BASELINE,HF9g-P5,,,,X 全窗基线 · 不参与实体赏罚,6877941,688,A168_HF9F_20260827_0900,2026-08-27 09:00:00
2026-06-26,70460261,1151,0,48.8595160337,1.2857767377,1.2857767377,0.6666667,3,3,0.50665070000000000,0.506650700000,0.5543606114942035,0.5543606114942035,0.5543606114942035,0E-17,ELIGIBLE,R03b_20260811_FULL_v1,L1_ELIGIBILITY,v2026-08-11,2026-03-21..2026-08-06,baccarat_bet02_101_all_pairs_incl_sentinel,round_win = game_pnl > 0 (decisive only),COMPATIBILITY_ONLY_NOT_PRODUCTION,268817.8208,244366.2908,168.7661,6248,5610,-0.00062781,-0.08642944,0.00436428,-0.00062781,-168.7661,268817.8208,OK,0.0000,6.7506,4.0000,96.0000,AG03-UNRESOLVED,ALL5_LEVELS_bet23_to_bet27,6.7506,6.7506,6.7506,8.4383,8.4383,4.000000,4.000000,4.000000,5.000000,5.000000,96.000000,96.000000,96.000000,95.000000,95.000000,5.0,37.1285,34.0107,131.6376,134.7554,PENDING_AG03,FALSE,NOT_FOR_ENFORCEMENT,162.0155,234591.6392,168.7661,162.0155,6.7506,0.00062781,0.00060270,6.7506,162.0155,0.00060270,6.7506,6.7506,6.7506,8.4383,8.4383,162.0155,0.00060270,37.1285,34.0107,131.6376,134.7554,0.00048969,0.00050129,0.00002511,43.0246,43.5591,0.0301,2.0581,0.0627,3278.2661,68.4146,17.6798,46.9397,25.7155,39.4976,52.6635,77.1466,82.2897,128.5777,31.4111,0.0,2.083411,3.25533,1.089297,30,192,222,8,0.05498276,0.00062781,0.08642944,0E-8,0.000000,0.909041,0.000000,-0.09079372,2026-03-23,2026-08-06,82,2690,1181,137,0.598540,0.376650,0.410924,0.183276,,,,,,,,GLOBAL_BASELINE_NO_ENTITY_RANKING,,,NOT_APPLICABLE_GLOBAL_BASELINE,HF9g-P5,,,,X 全窗基线 · 不参与实体赏罚,6877942,688,A168_HF9F_20260827_0900,2026-08-27 09:00:00
2026-06-26,70460261,1221,0,38.5733021318,-38.5733021318,-38.5733021318,0E-7,2,2,0.49324550000000000,0.493245500000,-1.3952362676504506,-1.3952362676504506,-1.3952362676504506,0E-17,ELIGIBLE,R03b_20260811_FULL_v1,L1_ELIGIBILITY,v2026-08-11,2026-03-21..2026-08-06,baccarat_bet02_101_all_pairs_incl_sentinel,round_win = game_pnl > 0 (decisive only),COMPATIBILITY_ONLY_NOT_PRODUCTION,268817.8208,244366.2908,168.7661,6248,5610,-0.00062781,-0.08642944,0.00436428,-0.00062781,-168.7661,268817.8208,OK,0.0000,6.7506,4.0000,96.0000,AG03-UNRESOLVED,ALL5_LEVELS_bet23_to_bet27,6.7506,6.7506,6.7506,8.4383,8.4383,4.000000,4.000000,4.000000,5.000000,5.000000,96.000000,96.000000,96.000000,95.000000,95.000000,5.0,37.1285,34.0107,131.6376,134.7554,PENDING_AG03,FALSE,NOT_FOR_ENFORCEMENT,162.0155,234591.6392,168.7661,162.0155,6.7506,0.00062781,0.00060270,6.7506,162.0155,0.00060270,6.7506,6.7506,6.7506,8.4383,8.4383,162.0155,0.00060270,37.1285,34.0107,131.6376,134.7554,0.00048969,0.00050129,0.00002511,43.0246,43.5591,0.0301,2.0581,0.0627,3278.2661,68.4146,17.6798,46.9397,25.7155,39.4976,52.6635,77.1466,82.2897,128.5777,31.4111,0.0,2.083411,3.25533,1.089297,30,192,222,8,0.05498276,0.00062781,0.08642944,0E-8,0.000000,0.909041,0.000000,-0.09079372,2026-03-23,2026-08-06,82,2690,1181,137,0.598540,0.376650,0.410924,0.183276,,,,,,,,GLOBAL_BASELINE_NO_ENTITY_RANKING,,,NOT_APPLICABLE_GLOBAL_BASELINE,HF9g-P5,,,,X 全窗基线 · 不参与实体赏罚,6877943,688,A168_HF9F_20260827_0900,2026-08-27 09:00:00
2026-06-26,70460261,1363,0,51.4310695091,-51.4310695091,-51.4310695091,0E-7,3,3,0.50218230000000000,0.502182300000,-1.7396270863184011,-1.7396270863184016,-1.7396270863184011,0E-17,ELIGIBLE,R03b_20260811_FULL_v1,L1_ELIGIBILITY,v2026-08-11,2026-03-21..2026-08-06,baccarat_bet02_101_all_pairs_incl_sentinel,round_win = game_pnl > 0 (decisive only),COMPATIBILITY_ONLY_NOT_PRODUCTION,268817.8208,244366.2908,168.7661,6248,5610,-0.00062781,-0.08642944,0.00436428,-0.00062781,-168.7661,268817.8208,OK,0.0000,6.7506,4.0000,96.0000,AG03-UNRESOLVED,ALL5_LEVELS_bet23_to_bet27,6.7506,6.7506,6.7506,8.4383,8.4383,4.000000,4.000000,4.000000,5.000000,5.000000,96.000000,96.000000,96.000000,95.000000,95.000000,5.0,37.1285,34.0107,131.6376,134.7554,PENDING_AG03,FALSE,NOT_FOR_ENFORCEMENT,162.0155,234591.6392,168.7661,162.0155,6.7506,0.00062781,0.00060270,6.7506,162.0155,0.00060270,6.7506,6.7506,6.7506,8.4383,8.4383,162.0155,0.00060270,37.1285,34.0107,131.6376,134.7554,0.00048969,0.00050129,0.00002511,43.0246,43.5591,0.0301,2.0581,0.0627,3278.2661,68.4146,17.6798,46.9397,25.7155,39.4976,52.6635,77.1466,82.2897,128.5777,31.4111,0.0,2.083411,3.25533,1.089297,30,192,222,8,0.05498276,0.00062781,0.08642944,0E-8,0.000000,0.909041,0.000000,-0.09079372,2026-03-23,2026-08-06,82,2690,1181,137,0.598540,0.376650,0.410924,0.183276,,,,,,,,GLOBAL_BASELINE_NO_ENTITY_RANKING,,,NOT_APPLICABLE_GLOBAL_BASELINE,HF9g-P5,,,,X 全窗基线 · 不参与实体赏罚,6877944,688,A168_HF9F_20260827_0900,2026-08-27 09:00:00
2026-06-26,70460261,1385,0,25.7155347545,24.4297580168,24.4297580168,1.0000000,1,1,0.50665070000000000,0.506650700000,0.9867858985152569,0.9867858985152569,0.9867858985152569,0E-17,ELIGIBLE,R03b_20260811_FULL_v1,L1_ELIGIBILITY,v2026-08-11,2026-03-21..2026-08-06,baccarat_bet02_101_all_pairs_incl_sentinel,round_win = game_pnl > 0 (decisive only),COMPATIBILITY_ONLY_NOT_PRODUCTION,268817.8208,244366.2908,168.7661,6248,5610,-0.00062781,-0.08642944,0.00436428,-0.00062781,-168.7661,268817.8208,OK,0.0000,6.7506,4.0000,96.0000,AG03-UNRESOLVED,ALL5_LEVELS_bet23_to_bet27,6.7506,6.7506,6.7506,8.4383,8.4383,4.000000,4.000000,4.000000,5.000000,5.000000,96.000000,96.000000,96.000000,95.000000,95.000000,5.0,37.1285,34.0107,131.6376,134.7554,PENDING_AG03,FALSE,NOT_FOR_ENFORCEMENT,162.0155,234591.6392,168.7661,162.0155,6.7506,0.00062781,0.00060270,6.7506,162.0155,0.00060270,6.7506,6.7506,6.7506,8.4383,8.4383,162.0155,0.00060270,37.1285,34.0107,131.6376,134.7554,0.00048969,0.00050129,0.00002511,43.0246,43.5591,0.0301,2.0581,0.0627,3278.2661,68.4146,17.6798,46.9397,25.7155,39.4976,52.6635,77.1466,82.2897,128.5777,31.4111,0.0,2.083411,3.25533,1.089297,30,192,222,8,0.05498276,0.00062781,0.08642944,0E-8,0.000000,0.909041,0.000000,-0.09079372,2026-03-23,2026-08-06,82,2690,1181,137,0.598540,0.376650,0.410924,0.183276,,,,,,,,GLOBAL_BASELINE_NO_ENTITY_RANKING,,,NOT_APPLICABLE_GLOBAL_BASELINE,HF9g-P5,,,,X 全窗基线 · 不参与实体赏罚,6877945,688,A168_HF9F_20260827_0900,2026-08-27 09:00:00
2026-06-26,70460261,1509,0,100.2905855427,48.8595160337,48.8595160337,0.8000000,5,5,0.49324550000000000,0.493245500000,1.3719730223118614,1.3719730223118614,1.3719730223118614,0E-17,ELIGIBLE,R03b_20260811_FULL_v1,L1_ELIGIBILITY,v2026-08-11,2026-03-21..2026-08-06,baccarat_bet02_101_all_pairs_incl_sentinel,round_win = game_pnl > 0 (decisive only),COMPATIBILITY_ONLY_NOT_PRODUCTION,268817.8208,244366.2908,168.7661,6248,5610,-0.00062781,-0.08642944,0.00436428,-0.00062781,-168.7661,268817.8208,OK,0.0000,6.7506,4.0000,96.0000,AG03-UNRESOLVED,ALL5_LEVELS_bet23_to_bet27,6.7506,6.7506,6.7506,8.4383,8.4383,4.000000,4.000000,4.000000,5.000000,5.000000,96.000000,96.000000,96.000000,95.000000,95.000000,5.0,37.1285,34.0107,131.6376,134.7554,PENDING_AG03,FALSE,NOT_FOR_ENFORCEMENT,162.0155,234591.6392,168.7661,162.0155,6.7506,0.00062781,0.00060270,6.7506,162.0155,0.00060270,6.7506,6.7506,6.7506,8.4383,8.4383,162.0155,0.00060270,37.1285,34.0107,131.6376,134.7554,0.00048969,0.00050129,0.00002511,43.0246,43.5591,0.0301,2.0581,0.0627,3278.2661,68.4146,17.6798,46.9397,25.7155,39.4976,52.6635,77.1466,82.2897,128.5777,31.4111,0.0,2.083411,3.25533,1.089297,30,192,222,8,0.05498276,0.00062781,0.08642944,0E-8,0.000000,0.909041,0.000000,-0.09079372,2026-03-23,2026-08-06,82,2690,1181,137,0.598540,0.376650,0.410924,0.183276,,,,,,,,GLOBAL_BASELINE_NO_ENTITY_RANKING,,,NOT_APPLICABLE_GLOBAL_BASELINE,HF9g-P5,,,,X 全窗基线 · 不参与实体赏罚,6877946,688,A168_HF9F_20260827_0900,2026-08-27 09:00:00
2026-06-26,70460261,1941,0,25.7155347546,-25.7155347546,-25.7155347546,0E-7,2,2,0.49994810000000000,0.499948100000,-1.4140667746232096,-1.4140667746232096,-1.4140667746232096,0E-17,ELIGIBLE,R03b_20260811_FULL_v1,L1_ELIGIBILITY,v2026-08-11,2026-03-21..2026-08-06,baccarat_bet02_101_all_pairs_incl_sentinel,round_win = game_pnl > 0 (decisive only),COMPATIBILITY_ONLY_NOT_PRODUCTION,268817.8208,244366.2908,168.7661,6248,5610,-0.00062781,-0.08642944,0.00436428,-0.00062781,-168.7661,268817.8208,OK,0.0000,6.7506,4.0000,96.0000,AG03-UNRESOLVED,ALL5_LEVELS_bet23_to_bet27,6.7506,6.7506,6.7506,8.4383,8.4383,4.000000,4.000000,4.000000,5.000000,5.000000,96.000000,96.000000,96.000000,95.000000,95.000000,5.0,37.1285,34.0107,131.6376,134.7554,PENDING_AG03,FALSE,NOT_FOR_ENFORCEMENT,162.0155,234591.6392,168.7661,162.0155,6.7506,0.00062781,0.00060270,6.7506,162.0155,0.00060270,6.7506,6.7506,6.7506,8.4383,8.4383,162.0155,0.00060270,37.1285,34.0107,131.6376,134.7554,0.00048969,0.00050129,0.00002511,43.0246,43.5591,0.0301,2.0581,0.0627,3278.2661,68.4146,17.6798,46.9397,25.7155,39.4976,52.6635,77.1466,82.2897,128.5777,31.4111,0.0,2.083411,3.25533,1.089297,30,192,222,8,0.05498276,0.00062781,0.08642944,0E-8,0.000000,0.909041,0.000000,-0.09079372,2026-03-23,2026-08-06,82,2690,1181,137,0.598540,0.376650,0.410924,0.183276,,,,,,,,GLOBAL_BASELINE_NO_ENTITY_RANKING,,,NOT_APPLICABLE_GLOBAL_BASELINE,HF9g-P5,,,,X 全窗基线 · 不参与实体赏罚,6877947,688,A168_HF9F_20260827_0900,2026-08-27 09:00:00
2026-06-26,70460261,2106,0,25.7155347545,-25.7155347545,-25.7155347545,0E-7,1,1,0.50665070000000000,0.506650700000,-1.013391052207602,-1.013391052207602,-1.013391052207602,0E-17,ELIGIBLE,R03b_20260811_FULL_v1,L1_ELIGIBILITY,v2026-08-11,2026-03-21..2026-08-06,baccarat_bet02_101_all_pairs_incl_sentinel,round_win = game_pnl > 0 (decisive only),COMPATIBILITY_ONLY_NOT_PRODUCTION,268817.8208,244366.2908,168.7661,6248,5610,-0.00062781,-0.08642944,0.00436428,-0.00062781,-168.7661,268817.8208,OK,0.0000,6.7506,4.0000,96.0000,AG03-UNRESOLVED,ALL5_LEVELS_bet23_to_bet27,6.7506,6.7506,6.7506,8.4383,8.4383,4.000000,4.000000,4.000000,5.000000,5.000000,96.000000,96.000000,96.000000,95.000000,95.000000,5.0,37.1285,34.0107,131.6376,134.7554,PENDING_AG03,FALSE,NOT_FOR_ENFORCEMENT,162.0155,234591.6392,168.7661,162.0155,6.7506,0.00062781,0.00060270,6.7506,162.0155,0.00060270,6.7506,6.7506,6.7506,8.4383,8.4383,162.0155,0.00060270,37.1285,34.0107,131.6376,134.7554,0.00048969,0.00050129,0.00002511,43.0246,43.5591,0.0301,2.0581,0.0627,3278.2661,68.4146,17.6798,46.9397,25.7155,39.4976,52.6635,77.1466,82.2897,128.5777,31.4111,0.0,2.083411,3.25533,1.089297,30,192,222,8,0.05498276,0.00062781,0.08642944,0E-8,0.000000,0.909041,0.000000,-0.09079372,2026-03-23,2026-08-06,82,2690,1181,137,0.598540,0.376650,0.410924,0.183276,,,,,,,,GLOBAL_BASELINE_NO_ENTITY_RANKING,,,NOT_APPLICABLE_GLOBAL_BASELINE,HF9g-P5,,,,X 全窗基线 · 不参与实体赏罚,6877948,688,A168_HF9F_20260827_0900,2026-08-27 09:00:00
2026-06-26,70460261,2117,0,138.8638876744,-17.8722966544,-17.8722966544,0.4000000,6,6,0.50441650000000000,0.504416500000,-0.466983001748531,-0.466983001748531,-0.466983001748531,0E-17,ELIGIBLE,R03b_20260811_FULL_v1,L1_ELIGIBILITY,v2026-08-11,2026-03-21..2026-08-06,baccarat_bet02_101_all_pairs_incl_sentinel,round_win = game_pnl > 0 (decisive only),COMPATIBILITY_ONLY_NOT_PRODUCTION,268817.8208,244366.2908,168.7661,6248,5610,-0.00062781,-0.08642944,0.00436428,-0.00062781,-168.7661,268817.8208,OK,0.0000,6.7506,4.0000,96.0000,AG03-UNRESOLVED,ALL5_LEVELS_bet23_to_bet27,6.7506,6.7506,6.7506,8.4383,8.4383,4.000000,4.000000,4.000000,5.000000,5.000000,96.000000,96.000000,96.000000,95.000000,95.000000,5.0,37.1285,34.0107,131.6376,134.7554,PENDING_AG03,FALSE,NOT_FOR_ENFORCEMENT,162.0155,234591.6392,168.7661,162.0155,6.7506,0.00062781,0.00060270,6.7506,162.0155,0.00060270,6.7506,6.7506,6.7506,8.4383,8.4383,162.0155,0.00060270,37.1285,34.0107,131.6376,134.7554,0.00048969,0.00050129,0.00002511,43.0246,43.5591,0.0301,2.0581,0.0627,3278.2661,68.4146,17.6798,46.9397,25.7155,39.4976,52.6635,77.1466,82.2897,128.5777,31.4111,0.0,2.083411,3.25533,1.089297,30,192,222,8,0.05498276,0.00062781,0.08642944,0E-8,0.000000,0.909041,0.000000,-0.09079372,2026-03-23,2026-08-06,82,2690,1181,137,0.598540,0.376650,0.410924,0.183276,,,,,,,,GLOBAL_BASELINE_NO_ENTITY_RANKING,,,NOT_APPLICABLE_GLOBAL_BASELINE,HF9g-P5,,,,X 全窗基线 · 不参与实体赏罚,6877949,688,A168_HF9F_20260827_0900,2026-08-27 09:00:00
2026-06-26,70460261,2127,0,12.8577673773,-12.8577673773,-12.8577673773,0E-7,1,1,0.50665070000000000,0.506650700000,-1.013391052207602,-1.013391052207602,-1.013391052207602,0E-17,ELIGIBLE,R03b_20260811_FULL_v1,L1_ELIGIBILITY,v2026-08-11,2026-03-21..2026-08-06,baccarat_bet02_101_all_pairs_incl_sentinel,round_win = game_pnl > 0 (decisive only),COMPATIBILITY_ONLY_NOT_PRODUCTION,268817.8208,244366.2908,168.7661,6248,5610,-0.00062781,-0.08642944,0.00436428,-0.00062781,-168.7661,268817.8208,OK,0.0000,6.7506,4.0000,96.0000,AG03-UNRESOLVED,ALL5_LEVELS_bet23_to_bet27,6.7506,6.7506,6.7506,8.4383,8.4383,4.000000,4.000000,4.000000,5.000000,5.000000,96.000000,96.000000,96.000000,95.000000,95.000000,5.0,37.1285,34.0107,131.6376,134.7554,PENDING_AG03,FALSE,NOT_FOR_ENFORCEMENT,162.0155,234591.6392,168.7661,162.0155,6.7506,0.00062781,0.00060270,6.7506,162.0155,0.00060270,6.7506,6.7506,6.7506,8.4383,8.4383,162.0155,0.00060270,37.1285,34.0107,131.6376,134.7554,0.00048969,0.00050129,0.00002511,43.0246,43.5591,0.0301,2.0581,0.0627,3278.2661,68.4146,17.6798,46.9397,25.7155,39.4976,52.6635,77.1466,82.2897,128.5777,31.4111,0.0,2.083411,3.25533,1.089297,30,192,222,8,0.05498276,0.00062781,0.08642944,0E-8,0.000000,0.909041,0.000000,-0.09079372,2026-03-23,2026-08-06,82,2690,1181,137,0.598540,0.376650,0.410924,0.183276,,,,,,,,GLOBAL_BASELINE_NO_ENTITY_RANKING,,,NOT_APPLICABLE_GLOBAL_BASELINE,HF9g-P5,,,,X 全窗基线 · 不参与实体赏罚,6877950,688,A168_HF9F_20260827_0900,2026-08-27 09:00:00
2026-06-26,70460261,2141,0,25.7155347545,-25.7155347545,-25.7155347545,0E-7,1,1,0.50665070000000000,0.506650700000,-1.013391052207602,-1.013391052207602,-1.013391052207602,0E-17,ELIGIBLE,R03b_20260811_FULL_v1,L1_ELIGIBILITY,v2026-08-11,2026-03-21..2026-08-06,baccarat_bet02_101_all_pairs_incl_sentinel,round_win = game_pnl > 0 (decisive only),COMPATIBILITY_ONLY_NOT_PRODUCTION,268817.8208,244366.2908,168.7661,6248,5610,-0.00062781,-0.08642944,0.00436428,-0.00062781,-168.7661,268817.8208,OK,0.0000,6.7506,4.0000,96.0000,AG03-UNRESOLVED,ALL5_LEVELS_bet23_to_bet27,6.7506,6.7506,6.7506,8.4383,8.4383,4.000000,4.000000,4.000000,5.000000,5.000000,96.000000,96.000000,96.000000,95.000000,95.000000,5.0,37.1285,34.0107,131.6376,134.7554,PENDING_AG03,FALSE,NOT_FOR_ENFORCEMENT,162.0155,234591.6392,168.7661,162.0155,6.7506,0.00062781,0.00060270,6.7506,162.0155,0.00060270,6.7506,6.7506,6.7506,8.4383,8.4383,162.0155,0.00060270,37.1285,34.0107,131.6376,134.7554,0.00048969,0.00050129,0.00002511,43.0246,43.5591,0.0301,2.0581,0.0627,3278.2661,68.4146,17.6798,46.9397,25.7155,39.4976,52.6635,77.1466,82.2897,128.5777,31.4111,0.0,2.083411,3.25533,1.089297,30,192,222,8,0.05498276,0.00062781,0.08642944,0E-8,0.000000,0.909041,0.000000,-0.09079372,2026-03-23,2026-08-06,82,2690,1181,137,0.598540,0.376650,0.410924,0.183276,,,,,,,,GLOBAL_BASELINE_NO_ENTITY_RANKING,,,NOT_APPLICABLE_GLOBAL_BASELINE,HF9g-P5,,,,X 全窗基线 · 不参与实体赏罚,6877951,688,A168_HF9F_20260827_0900,2026-08-27 09:00:00
2026-06-26,70460261,2169,0,159.4363154780,68.7890554683,68.7890554683,0.7142857,7,7,0.50090561428571429,0.500905614286,1.129103210700875,1.1291032106993646,1.129103210700875,-2.8571E-13,ELIGIBLE,R03b_20260811_FULL_v1,L1_ELIGIBILITY,v2026-08-11,2026-03-21..2026-08-06,baccarat_bet02_101_all_pairs_incl_sentinel,round_win = game_pnl > 0 (decisive only),COMPATIBILITY_ONLY_NOT_PRODUCTION,268817.8208,244366.2908,168.7661,6248,5610,-0.00062781,-0.08642944,0.00436428,-0.00062781,-168.7661,268817.8208,OK,0.0000,6.7506,4.0000,96.0000,AG03-UNRESOLVED,ALL5_LEVELS_bet23_to_bet27,6.7506,6.7506,6.7506,8.4383,8.4383,4.000000,4.000000,4.000000,5.000000,5.000000,96.000000,96.000000,96.000000,95.000000,95.000000,5.0,37.1285,34.0107,131.6376,134.7554,PENDING_AG03,FALSE,NOT_FOR_ENFORCEMENT,162.0155,234591.6392,168.7661,162.0155,6.7506,0.00062781,0.00060270,6.7506,162.0155,0.00060270,6.7506,6.7506,6.7506,8.4383,8.4383,162.0155,0.00060270,37.1285,34.0107,131.6376,134.7554,0.00048969,0.00050129,0.00002511,43.0246,43.5591,0.0301,2.0581,0.0627,3278.2661,68.4146,17.6798,46.9397,25.7155,39.4976,52.6635,77.1466,82.2897,128.5777,31.4111,0.0,2.083411,3.25533,1.089297,30,192,222,8,0.05498276,0.00062781,0.08642944,0E-8,0.000000,0.909041,0.000000,-0.09079372,2026-03-23,2026-08-06,82,2690,1181,137,0.598540,0.376650,0.410924,0.183276,,,,,,,,GLOBAL_BASELINE_NO_ENTITY_RANKING,,,NOT_APPLICABLE_GLOBAL_BASELINE,HF9g-P5,,,,X 全窗基线 · 不参与实体赏罚,6877952,688,A168_HF9F_20260827_0900,2026-08-27 09:00:00
2026-06-26,70460261,2170,0,48.8595160336,1.2857767377,1.2857767377,0.5000000,2,2,0.50665070000000000,0.506650700000,-0.018812684590367487,-0.018812684590367487,-0.018812684590367487,0E-17,ELIGIBLE,R03b_20260811_FULL_v1,L1_ELIGIBILITY,v2026-08-11,2026-03-21..2026-08-06,baccarat_bet02_101_all_pairs_incl_sentinel,round_win = game_pnl > 0 (decisive only),COMPATIBILITY_ONLY_NOT_PRODUCTION,268817.8208,244366.2908,168.7661,6248,5610,-0.00062781,-0.08642944,0.00436428,-0.00062781,-168.7661,268817.8208,OK,0.0000,6.7506,4.0000,96.0000,AG03-UNRESOLVED,ALL5_LEVELS_bet23_to_bet27,6.7506,6.7506,6.7506,8.4383,8.4383,4.000000,4.000000,4.000000,5.000000,5.000000,96.000000,96.000000,96.000000,95.000000,95.000000,5.0,37.1285,34.0107,131.6376,134.7554,PENDING_AG03,FALSE,NOT_FOR_ENFORCEMENT,162.0155,234591.6392,168.7661,162.0155,6.7506,0.00062781,0.00060270,6.7506,162.0155,0.00060270,6.7506,6.7506,6.7506,8.4383,8.4383,162.0155,0.00060270,37.1285,34.0107,131.6376,134.7554,0.00048969,0.00050129,0.00002511,43.0246,43.5591,0.0301,2.0581,0.0627,3278.2661,68.4146,17.6798,46.9397,25.7155,39.4976,52.6635,77.1466,82.2897,128.5777,31.4111,0.0,2.083411,3.25533,1.089297,30,192,222,8,0.05498276,0.00062781,0.08642944,0E-8,0.000000,0.909041,0.000000,-0.09079372,2026-03-23,2026-08-06,82,2690,1181,137,0.598540,0.376650,0.410924,0.183276,,,,,,,,GLOBAL_BASELINE_NO_ENTITY_RANKING,,,NOT_APPLICABLE_GLOBAL_BASELINE,HF9g-P5,,,,X 全窗基线 · 不参与实体赏罚,6877953,688,A168_HF9F_20260827_0900,2026-08-27 09:00:00
2026-06-26,70460261,2171,0,72.0034973127,-72.0034973127,-72.0034973127,0E-7,4,3,0.45197412222210364,0.429104233333,-1.5729571040353805,-1.5016323492384864,-1.5729571040353805,0.02286988888910364,ELIGIBLE,R03b_20260811_FULL_v1,L1_ELIGIBILITY,v2026-08-11,2026-03-21..2026-08-06,baccarat_bet02_101_all_pairs_incl_sentinel,round_win = game_pnl > 0 (decisive only),COMPATIBILITY_ONLY_NOT_PRODUCTION,268817.8208,244366.2908,168.7661,6248,5610,-0.00062781,-0.08642944,0.00436428,-0.00062781,-168.7661,268817.8208,OK,0.0000,6.7506,4.0000,96.0000,AG03-UNRESOLVED,ALL5_LEVELS_bet23_to_bet27,6.7506,6.7506,6.7506,8.4383,8.4383,4.000000,4.000000,4.000000,5.000000,5.000000,96.000000,96.000000,96.000000,95.000000,95.000000,5.0,37.1285,34.0107,131.6376,134.7554,PENDING_AG03,FALSE,NOT_FOR_ENFORCEMENT,162.0155,234591.6392,168.7661,162.0155,6.7506,0.00062781,0.00060270,6.7506,162.0155,0.00060270,6.7506,6.7506,6.7506,8.4383,8.4383,162.0155,0.00060270,37.1285,34.0107,131.6376,134.7554,0.00048969,0.00050129,0.00002511,43.0246,43.5591,0.0301,2.0581,0.0627,3278.2661,68.4146,17.6798,46.9397,25.7155,39.4976,52.6635,77.1466,82.2897,128.5777,31.4111,0.0,2.083411,3.25533,1.089297,30,192,222,8,0.05498276,0.00062781,0.08642944,0E-8,0.000000,0.909041,0.000000,-0.09079372,2026-03-23,2026-08-06,82,2690,1181,137,0.598540,0.376650,0.410924,0.183276,,,,,,,,GLOBAL_BASELINE_NO_ENTITY_RANKING,,,NOT_APPLICABLE_GLOBAL_BASELINE,HF9g-P5,,,,X 全窗基线 · 不参与实体赏罚,6877954,688,A168_HF9F_20260827_0900,2026-08-27 09:00:00
2026-06-26,70460261,2188,0,25.7155347545,-25.7155347545,-25.7155347545,0E-7,1,1,0.49324550000000000,0.493245500000,-0.9865810262130424,-0.9865810262130424,-0.9865810262130424,0E-17,ELIGIBLE,R03b_20260811_FULL_v1,L1_ELIGIBILITY,v2026-08-11,2026-03-21..2026-08-06,baccarat_bet02_101_all_pairs_incl_sentinel,round_win = game_pnl > 0 (decisive only),COMPATIBILITY_ONLY_NOT_PRODUCTION,268817.8208,244366.2908,168.7661,6248,5610,-0.00062781,-0.08642944,0.00436428,-0.00062781,-168.7661,268817.8208,OK,0.0000,6.7506,4.0000,96.0000,AG03-UNRESOLVED,ALL5_LEVELS_bet23_to_bet27,6.7506,6.7506,6.7506,8.4383,8.4383,4.000000,4.000000,4.000000,5.000000,5.000000,96.000000,96.000000,96.000000,95.000000,95.000000,5.0,37.1285,34.0107,131.6376,134.7554,PENDING_AG03,FALSE,NOT_FOR_ENFORCEMENT,162.0155,234591.6392,168.7661,162.0155,6.7506,0.00062781,0.00060270,6.7506,162.0155,0.00060270,6.7506,6.7506,6.7506,8.4383,8.4383,162.0155,0.00060270,37.1285,34.0107,131.6376,134.7554,0.00048969,0.00050129,0.00002511,43.0246,43.5591,0.0301,2.0581,0.0627,3278.2661,68.4146,17.6798,46.9397,25.7155,39.4976,52.6635,77.1466,82.2897,128.5777,31.4111,0.0,2.083411,3.25533,1.089297,30,192,222,8,0.05498276,0.00062781,0.08642944,0E-8,0.000000,0.909041,0.000000,-0.09079372,2026-03-23,2026-08-06,82,2690,1181,137,0.598540,0.376650,0.410924,0.183276,,,,,,,,GLOBAL_BASELINE_NO_ENTITY_RANKING,,,NOT_APPLICABLE_GLOBAL_BASELINE,HF9g-P5,,,,X 全窗基线 · 不参与实体赏罚,6877955,688,A168_HF9F_20260827_0900,2026-08-27 09:00:00
2026-06-26,70460261,2216,0,38.5733021319,-12.8577673773,-12.8577673773,0.3333333,3,3,0.49771390000000000,0.497713900000,-0.5694369385616226,-0.5694369385616226,-0.5694369385616226,0E-17,ELIGIBLE,R03b_20260811_FULL_v1,L1_ELIGIBILITY,v2026-08-11,2026-03-21..2026-08-06,baccarat_bet02_101_all_pairs_incl_sentinel,round_win = game_pnl > 0 (decisive only),COMPATIBILITY_ONLY_NOT_PRODUCTION,268817.8208,244366.2908,168.7661,6248,5610,-0.00062781,-0.08642944,0.00436428,-0.00062781,-168.7661,268817.8208,OK,0.0000,6.7506,4.0000,96.0000,AG03-UNRESOLVED,ALL5_LEVELS_bet23_to_bet27,6.7506,6.7506,6.7506,8.4383,8.4383,4.000000,4.000000,4.000000,5.000000,5.000000,96.000000,96.000000,96.000000,95.000000,95.000000,5.0,37.1285,34.0107,131.6376,134.7554,PENDING_AG03,FALSE,NOT_FOR_ENFORCEMENT,162.0155,234591.6392,168.7661,162.0155,6.7506,0.00062781,0.00060270,6.7506,162.0155,0.00060270,6.7506,6.7506,6.7506,8.4383,8.4383,162.0155,0.00060270,37.1285,34.0107,131.6376,134.7554,0.00048969,0.00050129,0.00002511,43.0246,43.5591,0.0301,2.0581,0.0627,3278.2661,68.4146,17.6798,46.9397,25.7155,39.4976,52.6635,77.1466,82.2897,128.5777,31.4111,0.0,2.083411,3.25533,1.089297,30,192,222,8,0.05498276,0.00062781,0.08642944,0E-8,0.000000,0.909041,0.000000,-0.09079372,2026-03-23,2026-08-06,82,2690,1181,137,0.598540,0.376650,0.410924,0.183276,,,,,,,,GLOBAL_BASELINE_NO_ENTITY_RANKING,,,NOT_APPLICABLE_GLOBAL_BASELINE,HF9g-P5,,,,X 全窗基线 · 不参与实体赏罚,6877956,688,A168_HF9F_20260827_0900,2026-08-27 09:00:00
2026-06-26,70460261,2250,0,12.8577673773,12.2148790084,12.2148790084,1.0000000,1,1,0.50665070000000000,0.506650700000,0.9867858985152569,0.9867858985152569,0.9867858985152569,0E-17,ELIGIBLE,R03b_20260811_FULL_v1,L1_ELIGIBILITY,v2026-08-11,2026-03-21..2026-08-06,baccarat_bet02_101_all_pairs_incl_sentinel,round_win = game_pnl > 0 (decisive only),COMPATIBILITY_ONLY_NOT_PRODUCTION,268817.8208,244366.2908,168.7661,6248,5610,-0.00062781,-0.08642944,0.00436428,-0.00062781,-168.7661,268817.8208,OK,0.0000,6.7506,4.0000,96.0000,AG03-UNRESOLVED,ALL5_LEVELS_bet23_to_bet27,6.7506,6.7506,6.7506,8.4383,8.4383,4.000000,4.000000,4.000000,5.000000,5.000000,96.000000,96.000000,96.000000,95.000000,95.000000,5.0,37.1285,34.0107,131.6376,134.7554,PENDING_AG03,FALSE,NOT_FOR_ENFORCEMENT,162.0155,234591.6392,168.7661,162.0155,6.7506,0.00062781,0.00060270,6.7506,162.0155,0.00060270,6.7506,6.7506,6.7506,8.4383,8.4383,162.0155,0.00060270,37.1285,34.0107,131.6376,134.7554,0.00048969,0.00050129,0.00002511,43.0246,43.5591,0.0301,2.0581,0.0627,3278.2661,68.4146,17.6798,46.9397,25.7155,39.4976,52.6635,77.1466,82.2897,128.5777,31.4111,0.0,2.083411,3.25533,1.089297,30,192,222,8,0.05498276,0.00062781,0.08642944,0E-8,0.000000,0.909041,0.000000,-0.09079372,2026-03-23,2026-08-06,82,2690,1181,137,0.598540,0.376650,0.410924,0.183276,,,,,,,,GLOBAL_BASELINE_NO_ENTITY_RANKING,,,NOT_APPLICABLE_GLOBAL_BASELINE,HF9g-P5,,,,X 全窗基线 · 不参与实体赏罚,6877957,688,A168_HF9F_20260827_0900,2026-08-27 09:00:00
2026-06-26,70460261,2252,0,15.4293208527,-15.4293208527,-15.4293208527,0E-7,1,1,0.50665070000000000,0.506650700000,-1.013391052207602,-1.013391052207602,-1.013391052207602,0E-17,ELIGIBLE,R03b_20260811_FULL_v1,L1_ELIGIBILITY,v2026-08-11,2026-03-21..2026-08-06,baccarat_bet02_101_all_pairs_incl_sentinel,round_win = game_pnl > 0 (decisive only),COMPATIBILITY_ONLY_NOT_PRODUCTION,268817.8208,244366.2908,168.7661,6248,5610,-0.00062781,-0.08642944,0.00436428,-0.00062781,-168.7661,268817.8208,OK,0.0000,6.7506,4.0000,96.0000,AG03-UNRESOLVED,ALL5_LEVELS_bet23_to_bet27,6.7506,6.7506,6.7506,8.4383,8.4383,4.000000,4.000000,4.000000,5.000000,5.000000,96.000000,96.000000,96.000000,95.000000,95.000000,5.0,37.1285,34.0107,131.6376,134.7554,PENDING_AG03,FALSE,NOT_FOR_ENFORCEMENT,162.0155,234591.6392,168.7661,162.0155,6.7506,0.00062781,0.00060270,6.7506,162.0155,0.00060270,6.7506,6.7506,6.7506,8.4383,8.4383,162.0155,0.00060270,37.1285,34.0107,131.6376,134.7554,0.00048969,0.00050129,0.00002511,43.0246,43.5591,0.0301,2.0581,0.0627,3278.2661,68.4146,17.6798,46.9397,25.7155,39.4976,52.6635,77.1466,82.2897,128.5777,31.4111,0.0,2.083411,3.25533,1.089297,30,192,222,8,0.05498276,0.00062781,0.08642944,0E-8,0.000000,0.909041,0.000000,-0.09079372,2026-03-23,2026-08-06,82,2690,1181,137,0.598540,0.376650,0.410924,0.183276,,,,,,,,GLOBAL_BASELINE_NO_ENTITY_RANKING,,,NOT_APPLICABLE_GLOBAL_BASELINE,HF9g-P5,,,,X 全窗基线 · 不参与实体赏罚,6877958,688,A168_HF9F_20260827_0900,2026-08-27 09:00:00
2026-06-26,70460261,2266,0,25.7155347545,-25.7155347545,-25.7155347545,0E-7,1,1,0.50665070000000000,0.506650700000,-1.013391052207602,-1.013391052207602,-1.013391052207602,0E-17,ELIGIBLE,R03b_20260811_FULL_v1,L1_ELIGIBILITY,v2026-08-11,2026-03-21..2026-08-06,baccarat_bet02_101_all_pairs_incl_sentinel,round_win = game_pnl > 0 (decisive only),COMPATIBILITY_ONLY_NOT_PRODUCTION,268817.8208,244366.2908,168.7661,6248,5610,-0.00062781,-0.08642944,0.00436428,-0.00062781,-168.7661,268817.8208,OK,0.0000,6.7506,4.0000,96.0000,AG03-UNRESOLVED,ALL5_LEVELS_bet23_to_bet27,6.7506,6.7506,6.7506,8.4383,8.4383,4.000000,4.000000,4.000000,5.000000,5.000000,96.000000,96.000000,96.000000,95.000000,95.000000,5.0,37.1285,34.0107,131.6376,134.7554,PENDING_AG03,FALSE,NOT_FOR_ENFORCEMENT,162.0155,234591.6392,168.7661,162.0155,6.7506,0.00062781,0.00060270,6.7506,162.0155,0.00060270,6.7506,6.7506,6.7506,8.4383,8.4383,162.0155,0.00060270,37.1285,34.0107,131.6376,134.7554,0.00048969,0.00050129,0.00002511,43.0246,43.5591,0.0301,2.0581,0.0627,3278.2661,68.4146,17.6798,46.9397,25.7155,39.4976,52.6635,77.1466,82.2897,128.5777,31.4111,0.0,2.083411,3.25533,1.089297,30,192,222,8,0.05498276,0.00062781,0.08642944,0E-8,0.000000,0.909041,0.000000,-0.09079372,2026-03-23,2026-08-06,82,2690,1181,137,0.598540,0.376650,0.410924,0.183276,,,,,,,,GLOBAL_BASELINE_NO_ENTITY_RANKING,,,NOT_APPLICABLE_GLOBAL_BASELINE,HF9g-P5,,,,X 全窗基线 · 不参与实体赏罚,6877959,688,A168_HF9F_20260827_0900,2026-08-27 09:00:00
2026-06-26,70460261,2288,0,12.8577673773,-12.8577673773,-12.8577673773,0E-7,1,1,0.50665070000000000,0.506650700000,-1.013391052207602,-1.013391052207602,-1.013391052207602,0E-17,ELIGIBLE,R03b_20260811_FULL_v1,L1_ELIGIBILITY,v2026-08-11,2026-03-21..2026-08-06,baccarat_bet02_101_all_pairs_incl_sentinel,round_win = game_pnl > 0 (decisive only),COMPATIBILITY_ONLY_NOT_PRODUCTION,268817.8208,244366.2908,168.7661,6248,5610,-0.00062781,-0.08642944,0.00436428,-0.00062781,-168.7661,268817.8208,OK,0.0000,6.7506,4.0000,96.0000,AG03-UNRESOLVED,ALL5_LEVELS_bet23_to_bet27,6.7506,6.7506,6.7506,8.4383,8.4383,4.000000,4.000000,4.000000,5.000000,5.000000,96.000000,96.000000,96.000000,95.000000,95.000000,5.0,37.1285,34.0107,131.6376,134.7554,PENDING_AG03,FALSE,NOT_FOR_ENFORCEMENT,162.0155,234591.6392,168.7661,162.0155,6.7506,0.00062781,0.00060270,6.7506,162.0155,0.00060270,6.7506,6.7506,6.7506,8.4383,8.4383,162.0155,0.00060270,37.1285,34.0107,131.6376,134.7554,0.00048969,0.00050129,0.00002511,43.0246,43.5591,0.0301,2.0581,0.0627,3278.2661,68.4146,17.6798,46.9397,25.7155,39.4976,52.6635,77.1466,82.2897,128.5777,31.4111,0.0,2.083411,3.25533,1.089297,30,192,222,8,0.05498276,0.00062781,0.08642944,0E-8,0.000000,0.909041,0.000000,-0.09079372,2026-03-23,2026-08-06,82,2690,1181,137,0.598540,0.376650,0.410924,0.183276,,,,,,,,GLOBAL_BASELINE_NO_ENTITY_RANKING,,,NOT_APPLICABLE_GLOBAL_BASELINE,HF9g-P5,,,,X 全窗基线 · 不参与实体赏罚,6877960,688,A168_HF9F_20260827_0900,2026-08-27 09:00:00
2026-06-26,70460261,925,0,141.4354411500,-32.1444184432,-32.1444184432,0.3333333,8,7,0.47663297321424639,0.468542092857,-0.7027898873514663,-0.6636998362998789,-0.7027898873514663,0.00809088035724639,ELIGIBLE,R03b_20260811_FULL_v1,L1_ELIGIBILITY,v2026-08-11,2026-03-21..2026-08-06,baccarat_bet02_101_all_pairs_incl_sentinel,round_win = game_pnl > 0 (decisive only),COMPATIBILITY_ONLY_NOT_PRODUCTION,268817.8208,244366.2908,168.7661,6248,5610,-0.00062781,-0.08642944,0.00436428,-0.00062781,-168.7661,268817.8208,OK,0.0000,6.7506,4.0000,96.0000,AG03-UNRESOLVED,ALL5_LEVELS_bet23_to_bet27,6.7506,6.7506,6.7506,8.4383,8.4383,4.000000,4.000000,4.000000,5.000000,5.000000,96.000000,96.000000,96.000000,95.000000,95.000000,5.0,37.1285,34.0107,131.6376,134.7554,PENDING_AG03,FALSE,NOT_FOR_ENFORCEMENT,162.0155,234591.6392,168.7661,162.0155,6.7506,0.00062781,0.00060270,6.7506,162.0155,0.00060270,6.7506,6.7506,6.7506,8.4383,8.4383,162.0155,0.00060270,37.1285,34.0107,131.6376,134.7554,0.00048969,0.00050129,0.00002511,43.0246,43.5591,0.0301,2.0581,0.0627,3278.2661,68.4146,17.6798,46.9397,25.7155,39.4976,52.6635,77.1466,82.2897,128.5777,31.4111,0.0,2.083411,3.25533,1.089297,30,192,222,8,0.05498276,0.00062781,0.08642944,0E-8,0.000000,0.909041,0.000000,-0.09079372,2026-03-23,2026-08-06,82,2690,1181,137,0.598540,0.376650,0.410924,0.183276,,,,,,,,GLOBAL_BASELINE_NO_ENTITY_RANKING,,,NOT_APPLICABLE_GLOBAL_BASELINE,HF9g-P5,,,,X 全窗基线 · 不参与实体赏罚,6877961,688,A168_HF9F_20260827_0900,2026-08-27 09:00:00
2026-06-26,70460261,970,0,38.5733021318,-12.8577673772,-12.8577673772,0.5000000,2,2,0.49994810000000000,0.499948100000,0.00014679536856514622,0.00014679536856514622,0.00014679536856514622,0E-17,ELIGIBLE,R03b_20260811_FULL_v1,L1_ELIGIBILITY,v2026-08-11,2026-03-21..2026-08-06,baccarat_bet02_101_all_pairs_incl_sentinel,round_win = game_pnl > 0 (decisive only),COMPATIBILITY_ONLY_NOT_PRODUCTION,268817.8208,244366.2908,168.7661,6248,5610,-0.00062781,-0.08642944,0.00436428,-0.00062781,-168.7661,268817.8208,OK,0.0000,6.7506,4.0000,96.0000,AG03-UNRESOLVED,ALL5_LEVELS_bet23_to_bet27,6.7506,6.7506,6.7506,8.4383,8.4383,4.000000,4.000000,4.000000,5.000000,5.000000,96.000000,96.000000,96.000000,95.000000,95.000000,5.0,37.1285,34.0107,131.6376,134.7554,PENDING_AG03,FALSE,NOT_FOR_ENFORCEMENT,162.0155,234591.6392,168.7661,162.0155,6.7506,0.00062781,0.00060270,6.7506,162.0155,0.00060270,6.7506,6.7506,6.7506,8.4383,8.4383,162.0155,0.00060270,37.1285,34.0107,131.6376,134.7554,0.00048969,0.00050129,0.00002511,43.0246,43.5591,0.0301,2.0581,0.0627,3278.2661,68.4146,17.6798,46.9397,25.7155,39.4976,52.6635,77.1466,82.2897,128.5777,31.4111,0.0,2.083411,3.25533,1.089297,30,192,222,8,0.05498276,0.00062781,0.08642944,0E-8,0.000000,0.909041,0.000000,-0.09079372,2026-03-23,2026-08-06,82,2690,1181,137,0.598540,0.376650,0.410924,0.183276,,,,,,,,GLOBAL_BASELINE_NO_ENTITY_RANKING,,,NOT_APPLICABLE_GLOBAL_BASELINE,HF9g-P5,,,,X 全窗基线 · 不参与实体赏罚,6877962,688,A168_HF9F_20260827_0900,2026-08-27 09:00:00
2026-07-07,70460261,-1,1,103.2711124880,51.6355562440,51.6355562440,1.0000000,2,2,0.49994810000000000,0.499948100000,1.0001038053877793,1.0001038053877793,1.0001038053877793,0E-17,SENTINEL_DEALER,R03b_20260811_FULL_v1,L1_ELIGIBILITY,v2026-08-11,2026-03-21..2026-08-06,baccarat_bet02_101_all_pairs_incl_sentinel,round_win = game_pnl > 0 (decisive only),COMPATIBILITY_ONLY_NOT_PRODUCTION,268817.8208,244366.2908,168.7661,6248,5610,-0.00062781,-0.08642944,0.00436428,-0.00062781,-168.7661,268817.8208,OK,0.0000,6.7506,4.0000,96.0000,AG03-UNRESOLVED,ALL5_LEVELS_bet23_to_bet27,6.7506,6.7506,6.7506,8.4383,8.4383,4.000000,4.000000,4.000000,5.000000,5.000000,96.000000,96.000000,96.000000,95.000000,95.000000,5.0,37.1285,34.0107,131.6376,134.7554,PENDING_AG03,FALSE,NOT_FOR_ENFORCEMENT,162.0155,234591.6392,168.7661,162.0155,6.7506,0.00062781,0.00060270,6.7506,162.0155,0.00060270,6.7506,6.7506,6.7506,8.4383,8.4383,162.0155,0.00060270,37.1285,34.0107,131.6376,134.7554,0.00048969,0.00050129,0.00002511,43.0246,43.5591,0.0301,2.0581,0.0627,3278.2661,68.4146,17.6798,46.9397,25.7155,39.4976,52.6635,77.1466,82.2897,128.5777,31.4111,0.0,2.083411,3.25533,1.089297,30,192,222,8,0.05498276,0.00062781,0.08642944,0E-8,0.000000,0.909041,0.000000,-0.09079372,2026-03-23,2026-08-06,82,2690,1181,137,0.598540,0.376650,0.410924,0.183276,,,,,,,,GLOBAL_BASELINE_NO_ENTITY_RANKING,,,NOT_APPLICABLE_GLOBAL_BASELINE,HF9g-P5,,,,X 全窗基线 · 不参与实体赏罚,6877963,688,A168_HF9F_20260827_0900,2026-08-27 09:00:00
2026-07-07,70460261,1323,0,12.3925334986,0E-10,0E-10,,1,1,0.50665070000000000,0.506650700000,,,,0E-17,NO_DECISIVE_ROUND,R03b_20260811_FULL_v1,L1_ELIGIBILITY,v2026-08-11,2026-03-21..2026-08-06,baccarat_bet02_101_all_pairs_incl_sentinel,round_win = game_pnl > 0 (decisive only),COMPATIBILITY_ONLY_NOT_PRODUCTION,268817.8208,244366.2908,168.7661,6248,5610,-0.00062781,-0.08642944,0.00436428,-0.00062781,-168.7661,268817.8208,OK,0.0000,6.7506,4.0000,96.0000,AG03-UNRESOLVED,ALL5_LEVELS_bet23_to_bet27,6.7506,6.7506,6.7506,8.4383,8.4383,4.000000,4.000000,4.000000,5.000000,5.000000,96.000000,96.000000,96.000000,95.000000,95.000000,5.0,37.1285,34.0107,131.6376,134.7554,PENDING_AG03,FALSE,NOT_FOR_ENFORCEMENT,162.0155,234591.6392,168.7661,162.0155,6.7506,0.00062781,0.00060270,6.7506,162.0155,0.00060270,6.7506,6.7506,6.7506,8.4383,8.4383,162.0155,0.00060270,37.1285,34.0107,131.6376,134.7554,0.00048969,0.00050129,0.00002511,43.0246,43.5591,0.0301,2.0581,0.0627,3278.2661,68.4146,17.6798,46.9397,25.7155,39.4976,52.6635,77.1466,82.2897,128.5777,31.4111,0.0,2.083411,3.25533,1.089297,30,192,222,8,0.05498276,0.00062781,0.08642944,0E-8,0.000000,0.909041,0.000000,-0.09079372,2026-03-23,2026-08-06,82,2690,1181,137,0.598540,0.376650,0.410924,0.183276,,,,,,,,GLOBAL_BASELINE_NO_ENTITY_RANKING,,,NOT_APPLICABLE_GLOBAL_BASELINE,HF9g-P5,,,,X 全窗基线 · 不参与实体赏罚,6877964,688,A168_HF9F_20260827_0900,2026-08-27 09:00:00
2026-07-07,70460261,1383,0,228.4873363797,-127.7980017039,-127.7980017039,0.2500000,4,4,0.50329940000000000,0.503299400000,-1.013219660140378,-1.013219660140378,-1.013219660140378,0E-17,ELIGIBLE,R03b_20260811_FULL_v1,L1_ELIGIBILITY,v2026-08-11,2026-03-21..2026-08-06,baccarat_bet02_101_all_pairs_incl_sentinel,round_win = game_pnl > 0 (decisive only),COMPATIBILITY_ONLY_NOT_PRODUCTION,268817.8208,244366.2908,168.7661,6248,5610,-0.00062781,-0.08642944,0.00436428,-0.00062781,-168.7661,268817.8208,OK,0.0000,6.7506,4.0000,96.0000,AG03-UNRESOLVED,ALL5_LEVELS_bet23_to_bet27,6.7506,6.7506,6.7506,8.4383,8.4383,4.000000,4.000000,4.000000,5.000000,5.000000,96.000000,96.000000,96.000000,95.000000,95.000000,5.0,37.1285,34.0107,131.6376,134.7554,PENDING_AG03,FALSE,NOT_FOR_ENFORCEMENT,162.0155,234591.6392,168.7661,162.0155,6.7506,0.00062781,0.00060270,6.7506,162.0155,0.00060270,6.7506,6.7506,6.7506,8.4383,8.4383,162.0155,0.00060270,37.1285,34.0107,131.6376,134.7554,0.00048969,0.00050129,0.00002511,43.0246,43.5591,0.0301,2.0581,0.0627,3278.2661,68.4146,17.6798,46.9397,25.7155,39.4976,52.6635,77.1466,82.2897,128.5777,31.4111,0.0,2.083411,3.25533,1.089297,30,192,222,8,0.05498276,0.00062781,0.08642944,0E-8,0.000000,0.909041,0.000000,-0.09079372,2026-03-23,2026-08-06,82,2690,1181,137,0.598540,0.376650,0.410924,0.183276,,,,,,,,GLOBAL_BASELINE_NO_ENTITY_RANKING,,,NOT_APPLICABLE_GLOBAL_BASELINE,HF9g-P5,,,,X 全窗基线 · 不参与实体赏罚,6877965,688,A168_HF9F_20260827_0900,2026-08-27 09:00:00
2026-07-07,70460261,1384,0,12.3925334986,-12.3925334986,-12.3925334986,0E-7,1,1,0.50665070000000000,0.506650700000,-1.013391052207602,-1.013391052207602,-1.013391052207602,0E-17,ELIGIBLE,R03b_20260811_FULL_v1,L1_ELIGIBILITY,v2026-08-11,2026-03-21..2026-08-06,baccarat_bet02_101_all_pairs_incl_sentinel,round_win = game_pnl > 0 (decisive only),COMPATIBILITY_ONLY_NOT_PRODUCTION,268817.8208,244366.2908,168.7661,6248,5610,-0.00062781,-0.08642944,0.00436428,-0.00062781,-168.7661,268817.8208,OK,0.0000,6.7506,4.0000,96.0000,AG03-UNRESOLVED,ALL5_LEVELS_bet23_to_bet27,6.7506,6.7506,6.7506,8.4383,8.4383,4.000000,4.000000,4.000000,5.000000,5.000000,96.000000,96.000000,96.000000,95.000000,95.000000,5.0,37.1285,34.0107,131.6376,134.7554,PENDING_AG03,FALSE,NOT_FOR_ENFORCEMENT,162.0155,234591.6392,168.7661,162.0155,6.7506,0.00062781,0.00060270,6.7506,162.0155,0.00060270,6.7506,6.7506,6.7506,8.4383,8.4383,162.0155,0.00060270,37.1285,34.0107,131.6376,134.7554,0.00048969,0.00050129,0.00002511,43.0246,43.5591,0.0301,2.0581,0.0627,3278.2661,68.4146,17.6798,46.9397,25.7155,39.4976,52.6635,77.1466,82.2897,128.5777,31.4111,0.0,2.083411,3.25533,1.089297,30,192,222,8,0.05498276,0.00062781,0.08642944,0E-8,0.000000,0.909041,0.000000,-0.09079372,2026-03-23,2026-08-06,82,2690,1181,137,0.598540,0.376650,0.410924,0.183276,,,,,,,,GLOBAL_BASELINE_NO_ENTITY_RANKING,,,NOT_APPLICABLE_GLOBAL_BASELINE,HF9g-P5,,,,X 全窗基线 · 不参与实体赏罚,6877966,688,A168_HF9F_20260827_0900,2026-08-27 09:00:00
2026-07-07,70460261,1396,0,103.2711124880,0E-10,0E-10,0.5000000,2,2,0.49994810000000000,0.499948100000,0.00014679536856514622,0.00014679536856514622,0.00014679536856514622,0E-17,ELIGIBLE,R03b_20260811_FULL_v1,L1_ELIGIBILITY,v2026-08-11,2026-03-21..2026-08-06,baccarat_bet02_101_all_pairs_incl_sentinel,round_win = game_pnl > 0 (decisive only),COMPATIBILITY_ONLY_NOT_PRODUCTION,268817.8208,244366.2908,168.7661,6248,5610,-0.00062781,-0.08642944,0.00436428,-0.00062781,-168.7661,268817.8208,OK,0.0000,6.7506,4.0000,96.0000,AG03-UNRESOLVED,ALL5_LEVELS_bet23_to_bet27,6.7506,6.7506,6.7506,8.4383,8.4383,4.000000,4.000000,4.000000,5.000000,5.000000,96.000000,96.000000,96.000000,95.000000,95.000000,5.0,37.1285,34.0107,131.6376,134.7554,PENDING_AG03,FALSE,NOT_FOR_ENFORCEMENT,162.0155,234591.6392,168.7661,162.0155,6.7506,0.00062781,0.00060270,6.7506,162.0155,0.00060270,6.7506,6.7506,6.7506,8.4383,8.4383,162.0155,0.00060270,37.1285,34.0107,131.6376,134.7554,0.00048969,0.00050129,0.00002511,43.0246,43.5591,0.0301,2.0581,0.0627,3278.2661,68.4146,17.6798,46.9397,25.7155,39.4976,52.6635,77.1466,82.2897,128.5777,31.4111,0.0,2.083411,3.25533,1.089297,30,192,222,8,0.05498276,0.00062781,0.08642944,0E-8,0.000000,0.909041,0.000000,-0.09079372,2026-03-23,2026-08-06,82,2690,1181,137,0.598540,0.376650,0.410924,0.183276,,,,,,,,GLOBAL_BASELINE_NO_ENTITY_RANKING,,,NOT_APPLICABLE_GLOBAL_BASELINE,HF9g-P5,,,,X 全窗基线 · 不参与实体赏罚,6877967,688,A168_HF9F_20260827_0900,2026-08-27 09:00:00
2026-07-07,70460261,1704,0,25.8177781220,-25.8177781220,-25.8177781220,0E-7,1,1,0.50665070000000000,0.506650700000,-1.013391052207602,-1.013391052207602,-1.013391052207602,0E-17,ELIGIBLE,R03b_20260811_FULL_v1,L1_ELIGIBILITY,v2026-08-11,2026-03-21..2026-08-06,baccarat_bet02_101_all_pairs_incl_sentinel,round_win = game_pnl > 0 (decisive only),COMPATIBILITY_ONLY_NOT_PRODUCTION,268817.8208,244366.2908,168.7661,6248,5610,-0.00062781,-0.08642944,0.00436428,-0.00062781,-168.7661,268817.8208,OK,0.0000,6.7506,4.0000,96.0000,AG03-UNRESOLVED,ALL5_LEVELS_bet23_to_bet27,6.7506,6.7506,6.7506,8.4383,8.4383,4.000000,4.000000,4.000000,5.000000,5.000000,96.000000,96.000000,96.000000,95.000000,95.000000,5.0,37.1285,34.0107,131.6376,134.7554,PENDING_AG03,FALSE,NOT_FOR_ENFORCEMENT,162.0155,234591.6392,168.7661,162.0155,6.7506,0.00062781,0.00060270,6.7506,162.0155,0.00060270,6.7506,6.7506,6.7506,8.4383,8.4383,162.0155,0.00060270,37.1285,34.0107,131.6376,134.7554,0.00048969,0.00050129,0.00002511,43.0246,43.5591,0.0301,2.0581,0.0627,3278.2661,68.4146,17.6798,46.9397,25.7155,39.4976,52.6635,77.1466,82.2897,128.5777,31.4111,0.0,2.083411,3.25533,1.089297,30,192,222,8,0.05498276,0.00062781,0.08642944,0E-8,0.000000,0.909041,0.000000,-0.09079372,2026-03-23,2026-08-06,82,2690,1181,137,0.598540,0.376650,0.410924,0.183276,,,,,,,,GLOBAL_BASELINE_NO_ENTITY_RANKING,,,NOT_APPLICABLE_GLOBAL_BASELINE,HF9g-P5,,,,X 全窗基线 · 不参与实体赏罚,6877968,688,A168_HF9F_20260827_0900,2026-08-27 09:00:00
2026-07-07,70460261,2088,0,51.6355562440,-51.6355562440,-51.6355562440,0E-7,1,1,0.49324550000000000,0.493245500000,-0.9865810262130424,-0.9865810262130424,-0.9865810262130424,0E-17,ELIGIBLE,R03b_20260811_FULL_v1,L1_ELIGIBILITY,v2026-08-11,2026-03-21..2026-08-06,baccarat_bet02_101_all_pairs_incl_sentinel,round_win = game_pnl > 0 (decisive only),COMPATIBILITY_ONLY_NOT_PRODUCTION,268817.8208,244366.2908,168.7661,6248,5610,-0.00062781,-0.08642944,0.00436428,-0.00062781,-168.7661,268817.8208,OK,0.0000,6.7506,4.0000,96.0000,AG03-UNRESOLVED,ALL5_LEVELS_bet23_to_bet27,6.7506,6.7506,6.7506,8.4383,8.4383,4.000000,4.000000,4.000000,5.000000,5.000000,96.000000,96.000000,96.000000,95.000000,95.000000,5.0,37.1285,34.0107,131.6376,134.7554,PENDING_AG03,FALSE,NOT_FOR_ENFORCEMENT,162.0155,234591.6392,168.7661,162.0155,6.7506,0.00062781,0.00060270,6.7506,162.0155,0.00060270,6.7506,6.7506,6.7506,8.4383,8.4383,162.0155,0.00060270,37.1285,34.0107,131.6376,134.7554,0.00048969,0.00050129,0.00002511,43.0246,43.5591,0.0301,2.0581,0.0627,3278.2661,68.4146,17.6798,46.9397,25.7155,39.4976,52.6635,77.1466,82.2897,128.5777,31.4111,0.0,2.083411,3.25533,1.089297,30,192,222,8,0.05498276,0.00062781,0.08642944,0E-8,0.000000,0.909041,0.000000,-0.09079372,2026-03-23,2026-08-06,82,2690,1181,137,0.598540,0.376650,0.410924,0.183276,,,,,,,,GLOBAL_BASELINE_NO_ENTITY_RANKING,,,NOT_APPLICABLE_GLOBAL_BASELINE,HF9g-P5,,,,X 全窗基线 · 不参与实体赏罚,6877969,688,A168_HF9F_20260827_0900,2026-08-27 09:00:00
2026-07-07,70460261,2123,0,178.1426690418,23.2360003098,23.2360003098,0.6666667,3,3,0.50218230000000000,0.502182300000,0.5697959874915163,0.5697959874915164,0.5697959874915163,0E-17,ELIGIBLE,R03b_20260811_FULL_v1,L1_ELIGIBILITY,v2026-08-11,2026-03-21..2026-08-06,baccarat_bet02_101_all_pairs_incl_sentinel,round_win = game_pnl > 0 (decisive only),COMPATIBILITY_ONLY_NOT_PRODUCTION,268817.8208,244366.2908,168.7661,6248,5610,-0.00062781,-0.08642944,0.00436428,-0.00062781,-168.7661,268817.8208,OK,0.0000,6.7506,4.0000,96.0000,AG03-UNRESOLVED,ALL5_LEVELS_bet23_to_bet27,6.7506,6.7506,6.7506,8.4383,8.4383,4.000000,4.000000,4.000000,5.000000,5.000000,96.000000,96.000000,96.000000,95.000000,95.000000,5.0,37.1285,34.0107,131.6376,134.7554,PENDING_AG03,FALSE,NOT_FOR_ENFORCEMENT,162.0155,234591.6392,168.7661,162.0155,6.7506,0.00062781,0.00060270,6.7506,162.0155,0.00060270,6.7506,6.7506,6.7506,8.4383,8.4383,162.0155,0.00060270,37.1285,34.0107,131.6376,134.7554,0.00048969,0.00050129,0.00002511,43.0246,43.5591,0.0301,2.0581,0.0627,3278.2661,68.4146,17.6798,46.9397,25.7155,39.4976,52.6635,77.1466,82.2897,128.5777,31.4111,0.0,2.083411,3.25533,1.089297,30,192,222,8,0.05498276,0.00062781,0.08642944,0E-8,0.000000,0.909041,0.000000,-0.09079372,2026-03-23,2026-08-06,82,2690,1181,137,0.598540,0.376650,0.410924,0.183276,,,,,,,,GLOBAL_BASELINE_NO_ENTITY_RANKING,,,NOT_APPLICABLE_GLOBAL_BASELINE,HF9g-P5,,,,X 全窗基线 · 不参与实体赏罚,6877970,688,A168_HF9F_20260827_0900,2026-08-27 09:00:00
2026-07-07,70460261,2156,0,77.4533343660,-77.4533343660,-77.4533343660,0E-7,1,1,0.50665070000000000,0.506650700000,-1.013391052207602,-1.013391052207602,-1.013391052207602,0E-17,ELIGIBLE,R03b_20260811_FULL_v1,L1_ELIGIBILITY,v2026-08-11,2026-03-21..2026-08-06,baccarat_bet02_101_all_pairs_incl_sentinel,round_win = game_pnl > 0 (decisive only),COMPATIBILITY_ONLY_NOT_PRODUCTION,268817.8208,244366.2908,168.7661,6248,5610,-0.00062781,-0.08642944,0.00436428,-0.00062781,-168.7661,268817.8208,OK,0.0000,6.7506,4.0000,96.0000,AG03-UNRESOLVED,ALL5_LEVELS_bet23_to_bet27,6.7506,6.7506,6.7506,8.4383,8.4383,4.000000,4.000000,4.000000,5.000000,5.000000,96.000000,96.000000,96.000000,95.000000,95.000000,5.0,37.1285,34.0107,131.6376,134.7554,PENDING_AG03,FALSE,NOT_FOR_ENFORCEMENT,162.0155,234591.6392,168.7661,162.0155,6.7506,0.00062781,0.00060270,6.7506,162.0155,0.00060270,6.7506,6.7506,6.7506,8.4383,8.4383,162.0155,0.00060270,37.1285,34.0107,131.6376,134.7554,0.00048969,0.00050129,0.00002511,43.0246,43.5591,0.0301,2.0581,0.0627,3278.2661,68.4146,17.6798,46.9397,25.7155,39.4976,52.6635,77.1466,82.2897,128.5777,31.4111,0.0,2.083411,3.25533,1.089297,30,192,222,8,0.05498276,0.00062781,0.08642944,0E-8,0.000000,0.909041,0.000000,-0.09079372,2026-03-23,2026-08-06,82,2690,1181,137,0.598540,0.376650,0.410924,0.183276,,,,,,,,GLOBAL_BASELINE_NO_ENTITY_RANKING,,,NOT_APPLICABLE_GLOBAL_BASELINE,HF9g-P5,,,,X 全窗基线 · 不参与实体赏罚,6877971,688,A168_HF9F_20260827_0900,2026-08-27 09:00:00
2026-07-07,70460261,2170,0,49.0537784318,0E-10,0E-10,,1,1,0.50665070000000000,0.506650700000,,,,0E-17,NO_DECISIVE_ROUND,R03b_20260811_FULL_v1,L1_ELIGIBILITY,v2026-08-11,2026-03-21..2026-08-06,baccarat_bet02_101_all_pairs_incl_sentinel,round_win = game_pnl > 0 (decisive only),COMPATIBILITY_ONLY_NOT_PRODUCTION,268817.8208,244366.2908,168.7661,6248,5610,-0.00062781,-0.08642944,0.00436428,-0.00062781,-168.7661,268817.8208,OK,0.0000,6.7506,4.0000,96.0000,AG03-UNRESOLVED,ALL5_LEVELS_bet23_to_bet27,6.7506,6.7506,6.7506,8.4383,8.4383,4.000000,4.000000,4.000000,5.000000,5.000000,96.000000,96.000000,96.000000,95.000000,95.000000,5.0,37.1285,34.0107,131.6376,134.7554,PENDING_AG03,FALSE,NOT_FOR_ENFORCEMENT,162.0155,234591.6392,168.7661,162.0155,6.7506,0.00062781,0.00060270,6.7506,162.0155,0.00060270,6.7506,6.7506,6.7506,8.4383,8.4383,162.0155,0.00060270,37.1285,34.0107,131.6376,134.7554,0.00048969,0.00050129,0.00002511,43.0246,43.5591,0.0301,2.0581,0.0627,3278.2661,68.4146,17.6798,46.9397,25.7155,39.4976,52.6635,77.1466,82.2897,128.5777,31.4111,0.0,2.083411,3.25533,1.089297,30,192,222,8,0.05498276,0.00062781,0.08642944,0E-8,0.000000,0.909041,0.000000,-0.09079372,2026-03-23,2026-08-06,82,2690,1181,137,0.598540,0.376650,0.410924,0.183276,,,,,,,,GLOBAL_BASELINE_NO_ENTITY_RANKING,,,NOT_APPLICABLE_GLOBAL_BASELINE,HF9g-P5,,,,X 全窗基线 · 不参与实体赏罚,6877972,688,A168_HF9F_20260827_0900,2026-08-27 09:00:00
2026-07-07,70460261,2280,0,51.6355562440,-51.6355562440,-51.6355562440,0E-7,1,1,0.50665070000000000,0.506650700000,-1.013391052207602,-1.013391052207602,-1.013391052207602,0E-17,ELIGIBLE,R03b_20260811_FULL_v1,L1_ELIGIBILITY,v2026-08-11,2026-03-21..2026-08-06,baccarat_bet02_101_all_pairs_incl_sentinel,round_win = game_pnl > 0 (decisive only),COMPATIBILITY_ONLY_NOT_PRODUCTION,268817.8208,244366.2908,168.7661,6248,5610,-0.00062781,-0.08642944,0.00436428,-0.00062781,-168.7661,268817.8208,OK,0.0000,6.7506,4.0000,96.0000,AG03-UNRESOLVED,ALL5_LEVELS_bet23_to_bet27,6.7506,6.7506,6.7506,8.4383,8.4383,4.000000,4.000000,4.000000,5.000000,5.000000,96.000000,96.000000,96.000000,95.000000,95.000000,5.0,37.1285,34.0107,131.6376,134.7554,PENDING_AG03,FALSE,NOT_FOR_ENFORCEMENT,162.0155,234591.6392,168.7661,162.0155,6.7506,0.00062781,0.00060270,6.7506,162.0155,0.00060270,6.7506,6.7506,6.7506,8.4383,8.4383,162.0155,0.00060270,37.1285,34.0107,131.6376,134.7554,0.00048969,0.00050129,0.00002511,43.0246,43.5591,0.0301,2.0581,0.0627,3278.2661,68.4146,17.6798,46.9397,25.7155,39.4976,52.6635,77.1466,82.2897,128.5777,31.4111,0.0,2.083411,3.25533,1.089297,30,192,222,8,0.05498276,0.00062781,0.08642944,0E-8,0.000000,0.909041,0.000000,-0.09079372,2026-03-23,2026-08-06,82,2690,1181,137,0.598540,0.376650,0.410924,0.183276,,,,,,,,GLOBAL_BASELINE_NO_ENTITY_RANKING,,,NOT_APPLICABLE_GLOBAL_BASELINE,HF9g-P5,,,,X 全窗基线 · 不参与实体赏罚,6877973,688,A168_HF9F_20260827_0900,2026-08-27 09:00:00
2026-07-07,70460261,789,0,118.7617793612,27.2377559188,27.2377559188,0.5000000,2,2,0.49994810000000000,0.499948100000,0.00014679536856514622,0.00014679536856514622,0.00014679536856514622,0E-17,ELIGIBLE,R03b_20260811_FULL_v1,L1_ELIGIBILITY,v2026-08-11,2026-03-21..2026-08-06,baccarat_bet02_101_all_pairs_incl_sentinel,round_win = game_pnl > 0 (decisive only),COMPATIBILITY_ONLY_NOT_PRODUCTION,268817.8208,244366.2908,168.7661,6248,5610,-0.00062781,-0.08642944,0.00436428,-0.00062781,-168.7661,268817.8208,OK,0.0000,6.7506,4.0000,96.0000,AG03-UNRESOLVED,ALL5_LEVELS_bet23_to_bet27,6.7506,6.7506,6.7506,8.4383,8.4383,4.000000,4.000000,4.000000,5.000000,5.000000,96.000000,96.000000,96.000000,95.000000,95.000000,5.0,37.1285,34.0107,131.6376,134.7554,PENDING_AG03,FALSE,NOT_FOR_ENFORCEMENT,162.0155,234591.6392,168.7661,162.0155,6.7506,0.00062781,0.00060270,6.7506,162.0155,0.00060270,6.7506,6.7506,6.7506,8.4383,8.4383,162.0155,0.00060270,37.1285,34.0107,131.6376,134.7554,0.00048969,0.00050129,0.00002511,43.0246,43.5591,0.0301,2.0581,0.0627,3278.2661,68.4146,17.6798,46.9397,25.7155,39.4976,52.6635,77.1466,82.2897,128.5777,31.4111,0.0,2.083411,3.25533,1.089297,30,192,222,8,0.05498276,0.00062781,0.08642944,0E-8,0.000000,0.909041,0.000000,-0.09079372,2026-03-23,2026-08-06,82,2690,1181,137,0.598540,0.376650,0.410924,0.183276,,,,,,,,GLOBAL_BASELINE_NO_ENTITY_RANKING,,,NOT_APPLICABLE_GLOBAL_BASELINE,HF9g-P5,,,,X 全窗基线 · 不参与实体赏罚,6877974,688,A168_HF9F_20260827_0900,2026-08-27 09:00:00
2026-07-08,70460261,-1,1,209.6403583507,42.0829783389,42.0829783389,0.5000000,6,6,0.50441650000000000,0.504416500000,-0.02163718700157003,-0.02163718700157003,-0.02163718700157003,0E-17,SENTINEL_DEALER,R03b_20260811_FULL_v1,L1_ELIGIBILITY,v2026-08-11,2026-03-21..2026-08-06,baccarat_bet02_101_all_pairs_incl_sentinel,round_win = game_pnl > 0 (decisive only),COMPATIBILITY_ONLY_NOT_PRODUCTION,268817.8208,244366.2908,168.7661,6248,5610,-0.00062781,-0.08642944,0.00436428,-0.00062781,-168.7661,268817.8208,OK,0.0000,6.7506,4.0000,96.0000,AG03-UNRESOLVED,ALL5_LEVELS_bet23_to_bet27,6.7506,6.7506,6.7506,8.4383,8.4383,4.000000,4.000000,4.000000,5.000000,5.000000,96.000000,96.000000,96.000000,95.000000,95.000000,5.0,37.1285,34.0107,131.6376,134.7554,PENDING_AG03,FALSE,NOT_FOR_ENFORCEMENT,162.0155,234591.6392,168.7661,162.0155,6.7506,0.00062781,0.00060270,6.7506,162.0155,0.00060270,6.7506,6.7506,6.7506,8.4383,8.4383,162.0155,0.00060270,37.1285,34.0107,131.6376,134.7554,0.00048969,0.00050129,0.00002511,43.0246,43.5591,0.0301,2.0581,0.0627,3278.2661,68.4146,17.6798,46.9397,25.7155,39.4976,52.6635,77.1466,82.2897,128.5777,31.4111,0.0,2.083411,3.25533,1.089297,30,192,222,8,0.05498276,0.00062781,0.08642944,0E-8,0.000000,0.909041,0.000000,-0.09079372,2026-03-23,2026-08-06,82,2690,1181,137,0.598540,0.376650,0.410924,0.183276,,,,,,,,GLOBAL_BASELINE_NO_ENTITY_RANKING,,,NOT_APPLICABLE_GLOBAL_BASELINE,HF9g-P5,,,,X 全窗基线 · 不参与实体赏罚,6877975,688,A168_HF9F_20260827_0900,2026-08-27 09:00:00
2026-07-08,70460261,1221,0,25.8177781220,-25.8177781220,-25.8177781220,0E-7,1,1,0.50665070000000000,0.506650700000,-1.013391052207602,-1.013391052207602,-1.013391052207602,0E-17,ELIGIBLE,R03b_20260811_FULL_v1,L1_ELIGIBILITY,v2026-08-11,2026-03-21..2026-08-06,baccarat_bet02_101_all_pairs_incl_sentinel,round_win = game_pnl > 0 (decisive only),COMPATIBILITY_ONLY_NOT_PRODUCTION,268817.8208,244366.2908,168.7661,6248,5610,-0.00062781,-0.08642944,0.00436428,-0.00062781,-168.7661,268817.8208,OK,0.0000,6.7506,4.0000,96.0000,AG03-UNRESOLVED,ALL5_LEVELS_bet23_to_bet27,6.7506,6.7506,6.7506,8.4383,8.4383,4.000000,4.000000,4.000000,5.000000,5.000000,96.000000,96.000000,96.000000,95.000000,95.000000,5.0,37.1285,34.0107,131.6376,134.7554,PENDING_AG03,FALSE,NOT_FOR_ENFORCEMENT,162.0155,234591.6392,168.7661,162.0155,6.7506,0.00062781,0.00060270,6.7506,162.0155,0.00060270,6.7506,6.7506,6.7506,8.4383,8.4383,162.0155,0.00060270,37.1285,34.0107,131.6376,134.7554,0.00048969,0.00050129,0.00002511,43.0246,43.5591,0.0301,2.0581,0.0627,3278.2661,68.4146,17.6798,46.9397,25.7155,39.4976,52.6635,77.1466,82.2897,128.5777,31.4111,0.0,2.083411,3.25533,1.089297,30,192,222,8,0.05498276,0.00062781,0.08642944,0E-8,0.000000,0.909041,0.000000,-0.09079372,2026-03-23,2026-08-06,82,2690,1181,137,0.598540,0.376650,0.410924,0.183276,,,,,,,,GLOBAL_BASELINE_NO_ENTITY_RANKING,,,NOT_APPLICABLE_GLOBAL_BASELINE,HF9g-P5,,,,X 全窗基线 · 不参与实体赏罚,6877976,688,A168_HF9F_20260827_0900,2026-08-27 09:00:00
2026-07-08,70460261,1331,0,30.9813337464,30.9813337464,30.9813337464,1.0000000,1,1,0.49324550000000000,0.493245500000,1.01360149184955,1.01360149184955,1.01360149184955,0E-17,ELIGIBLE,R03b_20260811_FULL_v1,L1_ELIGIBILITY,v2026-08-11,2026-03-21..2026-08-06,baccarat_bet02_101_all_pairs_incl_sentinel,round_win = game_pnl > 0 (decisive only),COMPATIBILITY_ONLY_NOT_PRODUCTION,268817.8208,244366.2908,168.7661,6248,5610,-0.00062781,-0.08642944,0.00436428,-0.00062781,-168.7661,268817.8208,OK,0.0000,6.7506,4.0000,96.0000,AG03-UNRESOLVED,ALL5_LEVELS_bet23_to_bet27,6.7506,6.7506,6.7506,8.4383,8.4383,4.000000,4.000000,4.000000,5.000000,5.000000,96.000000,96.000000,96.000000,95.000000,95.000000,5.0,37.1285,34.0107,131.6376,134.7554,PENDING_AG03,FALSE,NOT_FOR_ENFORCEMENT,162.0155,234591.6392,168.7661,162.0155,6.7506,0.00062781,0.00060270,6.7506,162.0155,0.00060270,6.7506,6.7506,6.7506,8.4383,8.4383,162.0155,0.00060270,37.1285,34.0107,131.6376,134.7554,0.00048969,0.00050129,0.00002511,43.0246,43.5591,0.0301,2.0581,0.0627,3278.2661,68.4146,17.6798,46.9397,25.7155,39.4976,52.6635,77.1466,82.2897,128.5777,31.4111,0.0,2.083411,3.25533,1.089297,30,192,222,8,0.05498276,0.00062781,0.08642944,0E-8,0.000000,0.909041,0.000000,-0.09079372,2026-03-23,2026-08-06,82,2690,1181,137,0.598540,0.376650,0.410924,0.183276,,,,,,,,GLOBAL_BASELINE_NO_ENTITY_RANKING,,,NOT_APPLICABLE_GLOBAL_BASELINE,HF9g-P5,,,,X 全窗基线 · 不参与实体赏罚,6877977,688,A168_HF9F_20260827_0900,2026-08-27 09:00:00
2026-07-08,70460261,1363,0,51.6355562440,-51.6355562440,-51.6355562440,0E-7,1,1,0.50665070000000000,0.506650700000,-1.013391052207602,-1.013391052207602,-1.013391052207602,0E-17,ELIGIBLE,R03b_20260811_FULL_v1,L1_ELIGIBILITY,v2026-08-11,2026-03-21..2026-08-06,baccarat_bet02_101_all_pairs_incl_sentinel,round_win = game_pnl > 0 (decisive only),COMPATIBILITY_ONLY_NOT_PRODUCTION,268817.8208,244366.2908,168.7661,6248,5610,-0.00062781,-0.08642944,0.00436428,-0.00062781,-168.7661,268817.8208,OK,0.0000,6.7506,4.0000,96.0000,AG03-UNRESOLVED,ALL5_LEVELS_bet23_to_bet27,6.7506,6.7506,6.7506,8.4383,8.4383,4.000000,4.000000,4.000000,5.000000,5.000000,96.000000,96.000000,96.000000,95.000000,95.000000,5.0,37.1285,34.0107,131.6376,134.7554,PENDING_AG03,FALSE,NOT_FOR_ENFORCEMENT,162.0155,234591.6392,168.7661,162.0155,6.7506,0.00062781,0.00060270,6.7506,162.0155,0.00060270,6.7506,6.7506,6.7506,8.4383,8.4383,162.0155,0.00060270,37.1285,34.0107,131.6376,134.7554,0.00048969,0.00050129,0.00002511,43.0246,43.5591,0.0301,2.0581,0.0627,3278.2661,68.4146,17.6798,46.9397,25.7155,39.4976,52.6635,77.1466,82.2897,128.5777,31.4111,0.0,2.083411,3.25533,1.089297,30,192,222,8,0.05498276,0.00062781,0.08642944,0E-8,0.000000,0.909041,0.000000,-0.09079372,2026-03-23,2026-08-06,82,2690,1181,137,0.598540,0.376650,0.410924,0.183276,,,,,,,,GLOBAL_BASELINE_NO_ENTITY_RANKING,,,NOT_APPLICABLE_GLOBAL_BASELINE,HF9g-P5,,,,X 全窗基线 · 不参与实体赏罚,6877978,688,A168_HF9F_20260827_0900,2026-08-27 09:00:00
2026-07-08,70460261,1750,0,26.5923114657,-26.5923114657,-26.5923114657,0E-7,1,1,0.50665070000000000,0.506650700000,-1.013391052207602,-1.013391052207602,-1.013391052207602,0E-17,ELIGIBLE,R03b_20260811_FULL_v1,L1_ELIGIBILITY,v2026-08-11,2026-03-21..2026-08-06,baccarat_bet02_101_all_pairs_incl_sentinel,round_win = game_pnl > 0 (decisive only),COMPATIBILITY_ONLY_NOT_PRODUCTION,268817.8208,244366.2908,168.7661,6248,5610,-0.00062781,-0.08642944,0.00436428,-0.00062781,-168.7661,268817.8208,OK,0.0000,6.7506,4.0000,96.0000,AG03-UNRESOLVED,ALL5_LEVELS_bet23_to_bet27,6.7506,6.7506,6.7506,8.4383,8.4383,4.000000,4.000000,4.000000,5.000000,5.000000,96.000000,96.000000,96.000000,95.000000,95.000000,5.0,37.1285,34.0107,131.6376,134.7554,PENDING_AG03,FALSE,NOT_FOR_ENFORCEMENT,162.0155,234591.6392,168.7661,162.0155,6.7506,0.00062781,0.00060270,6.7506,162.0155,0.00060270,6.7506,6.7506,6.7506,8.4383,8.4383,162.0155,0.00060270,37.1285,34.0107,131.6376,134.7554,0.00048969,0.00050129,0.00002511,43.0246,43.5591,0.0301,2.0581,0.0627,3278.2661,68.4146,17.6798,46.9397,25.7155,39.4976,52.6635,77.1466,82.2897,128.5777,31.4111,0.0,2.083411,3.25533,1.089297,30,192,222,8,0.05498276,0.00062781,0.08642944,0E-8,0.000000,0.909041,0.000000,-0.09079372,2026-03-23,2026-08-06,82,2690,1181,137,0.598540,0.376650,0.410924,0.183276,,,,,,,,GLOBAL_BASELINE_NO_ENTITY_RANKING,,,NOT_APPLICABLE_GLOBAL_BASELINE,HF9g-P5,,,,X 全窗基线 · 不参与实体赏罚,6877979,688,A168_HF9F_20260827_0900,2026-08-27 09:00:00
2026-07-08,70460261,1957,0,25.8177781220,-25.8177781220,-25.8177781220,0E-7,1,1,0.50665070000000000,0.506650700000,-1.013391052207602,-1.013391052207602,-1.013391052207602,0E-17,ELIGIBLE,R03b_20260811_FULL_v1,L1_ELIGIBILITY,v2026-08-11,2026-03-21..2026-08-06,baccarat_bet02_101_all_pairs_incl_sentinel,round_win = game_pnl > 0 (decisive only),COMPATIBILITY_ONLY_NOT_PRODUCTION,268817.8208,244366.2908,168.7661,6248,5610,-0.00062781,-0.08642944,0.00436428,-0.00062781,-168.7661,268817.8208,OK,0.0000,6.7506,4.0000,96.0000,AG03-UNRESOLVED,ALL5_LEVELS_bet23_to_bet27,6.7506,6.7506,6.7506,8.4383,8.4383,4.000000,4.000000,4.000000,5.000000,5.000000,96.000000,96.000000,96.000000,95.000000,95.000000,5.0,37.1285,34.0107,131.6376,134.7554,PENDING_AG03,FALSE,NOT_FOR_ENFORCEMENT,162.0155,234591.6392,168.7661,162.0155,6.7506,0.00062781,0.00060270,6.7506,162.0155,0.00060270,6.7506,6.7506,6.7506,8.4383,8.4383,162.0155,0.00060270,37.1285,34.0107,131.6376,134.7554,0.00048969,0.00050129,0.00002511,43.0246,43.5591,0.0301,2.0581,0.0627,3278.2661,68.4146,17.6798,46.9397,25.7155,39.4976,52.6635,77.1466,82.2897,128.5777,31.4111,0.0,2.083411,3.25533,1.089297,30,192,222,8,0.05498276,0.00062781,0.08642944,0E-8,0.000000,0.909041,0.000000,-0.09079372,2026-03-23,2026-08-06,82,2690,1181,137,0.598540,0.376650,0.410924,0.183276,,,,,,,,GLOBAL_BASELINE_NO_ENTITY_RANKING,,,NOT_APPLICABLE_GLOBAL_BASELINE,HF9g-P5,,,,X 全窗基线 · 不参与实体赏罚,6877980,688,A168_HF9F_20260827_0900,2026-08-27 09:00:00
2026-07-08,70460261,2167,0,51.6355562440,0E-10,0E-10,0.5000000,2,2,0.49994810000000000,0.499948100000,0.00014679536856514622,0.00014679536856514622,0.00014679536856514622,0E-17,ELIGIBLE,R03b_20260811_FULL_v1,L1_ELIGIBILITY,v2026-08-11,2026-03-21..2026-08-06,baccarat_bet02_101_all_pairs_incl_sentinel,round_win = game_pnl > 0 (decisive only),COMPATIBILITY_ONLY_NOT_PRODUCTION,268817.8208,244366.2908,168.7661,6248,5610,-0.00062781,-0.08642944,0.00436428,-0.00062781,-168.7661,268817.8208,OK,0.0000,6.7506,4.0000,96.0000,AG03-UNRESOLVED,ALL5_LEVELS_bet23_to_bet27,6.7506,6.7506,6.7506,8.4383,8.4383,4.000000,4.000000,4.000000,5.000000,5.000000,96.000000,96.000000,96.000000,95.000000,95.000000,5.0,37.1285,34.0107,131.6376,134.7554,PENDING_AG03,FALSE,NOT_FOR_ENFORCEMENT,162.0155,234591.6392,168.7661,162.0155,6.7506,0.00062781,0.00060270,6.7506,162.0155,0.00060270,6.7506,6.7506,6.7506,8.4383,8.4383,162.0155,0.00060270,37.1285,34.0107,131.6376,134.7554,0.00048969,0.00050129,0.00002511,43.0246,43.5591,0.0301,2.0581,0.0627,3278.2661,68.4146,17.6798,46.9397,25.7155,39.4976,52.6635,77.1466,82.2897,128.5777,31.4111,0.0,2.083411,3.25533,1.089297,30,192,222,8,0.05498276,0.00062781,0.08642944,0E-8,0.000000,0.909041,0.000000,-0.09079372,2026-03-23,2026-08-06,82,2690,1181,137,0.598540,0.376650,0.410924,0.183276,,,,,,,,GLOBAL_BASELINE_NO_ENTITY_RANKING,,,NOT_APPLICABLE_GLOBAL_BASELINE,HF9g-P5,,,,X 全窗基线 · 不参与实体赏罚,6877981,688,A168_HF9F_20260827_0900,2026-08-27 09:00:00
2026-07-08,70460261,2169,0,49.0537784318,2.5817778122,2.5817778122,0.5000000,2,2,0.49324550000000000,0.493245500000,0.01910635448239258,0.01910635448239258,0.01910635448239258,0E-17,ELIGIBLE,R03b_20260811_FULL_v1,L1_ELIGIBILITY,v2026-08-11,2026-03-21..2026-08-06,baccarat_bet02_101_all_pairs_incl_sentinel,round_win = game_pnl > 0 (decisive only),COMPATIBILITY_ONLY_NOT_PRODUCTION,268817.8208,244366.2908,168.7661,6248,5610,-0.00062781,-0.08642944,0.00436428,-0.00062781,-168.7661,268817.8208,OK,0.0000,6.7506,4.0000,96.0000,AG03-UNRESOLVED,ALL5_LEVELS_bet23_to_bet27,6.7506,6.7506,6.7506,8.4383,8.4383,4.000000,4.000000,4.000000,5.000000,5.000000,96.000000,96.000000,96.000000,95.000000,95.000000,5.0,37.1285,34.0107,131.6376,134.7554,PENDING_AG03,FALSE,NOT_FOR_ENFORCEMENT,162.0155,234591.6392,168.7661,162.0155,6.7506,0.00062781,0.00060270,6.7506,162.0155,0.00060270,6.7506,6.7506,6.7506,8.4383,8.4383,162.0155,0.00060270,37.1285,34.0107,131.6376,134.7554,0.00048969,0.00050129,0.00002511,43.0246,43.5591,0.0301,2.0581,0.0627,3278.2661,68.4146,17.6798,46.9397,25.7155,39.4976,52.6635,77.1466,82.2897,128.5777,31.4111,0.0,2.083411,3.25533,1.089297,30,192,222,8,0.05498276,0.00062781,0.08642944,0E-8,0.000000,0.909041,0.000000,-0.09079372,2026-03-23,2026-08-06,82,2690,1181,137,0.598540,0.376650,0.410924,0.183276,,,,,,,,GLOBAL_BASELINE_NO_ENTITY_RANKING,,,NOT_APPLICABLE_GLOBAL_BASELINE,HF9g-P5,,,,X 全窗基线 · 不参与实体赏罚,6877982,688,A168_HF9F_20260827_0900,2026-08-27 09:00:00
2026-07-08,70460261,2267,0,25.8177781220,-25.8177781220,-25.8177781220,0E-7,1,1,0.50665070000000000,0.506650700000,-1.013391052207602,-1.013391052207602,-1.013391052207602,0E-17,ELIGIBLE,R03b_20260811_FULL_v1,L1_ELIGIBILITY,v2026-08-11,2026-03-21..2026-08-06,baccarat_bet02_101_all_pairs_incl_sentinel,round_win = game_pnl > 0 (decisive only),COMPATIBILITY_ONLY_NOT_PRODUCTION,268817.8208,244366.2908,168.7661,6248,5610,-0.00062781,-0.08642944,0.00436428,-0.00062781,-168.7661,268817.8208,OK,0.0000,6.7506,4.0000,96.0000,AG03-UNRESOLVED,ALL5_LEVELS_bet23_to_bet27,6.7506,6.7506,6.7506,8.4383,8.4383,4.000000,4.000000,4.000000,5.000000,5.000000,96.000000,96.000000,96.000000,95.000000,95.000000,5.0,37.1285,34.0107,131.6376,134.7554,PENDING_AG03,FALSE,NOT_FOR_ENFORCEMENT,162.0155,234591.6392,168.7661,162.0155,6.7506,0.00062781,0.00060270,6.7506,162.0155,0.00060270,6.7506,6.7506,6.7506,8.4383,8.4383,162.0155,0.00060270,37.1285,34.0107,131.6376,134.7554,0.00048969,0.00050129,0.00002511,43.0246,43.5591,0.0301,2.0581,0.0627,3278.2661,68.4146,17.6798,46.9397,25.7155,39.4976,52.6635,77.1466,82.2897,128.5777,31.4111,0.0,2.083411,3.25533,1.089297,30,192,222,8,0.05498276,0.00062781,0.08642944,0E-8,0.000000,0.909041,0.000000,-0.09079372,2026-03-23,2026-08-06,82,2690,1181,137,0.598540,0.376650,0.410924,0.183276,,,,,,,,GLOBAL_BASELINE_NO_ENTITY_RANKING,,,NOT_APPLICABLE_GLOBAL_BASELINE,HF9g-P5,,,,X 全窗基线 · 不参与实体赏罚,6877983,688,A168_HF9F_20260827_0900,2026-08-27 09:00:00
2026-07-08,70460261,2288,0,25.8177781220,-25.8177781220,-25.8177781220,0E-7,1,1,0.50665070000000000,0.506650700000,-1.013391052207602,-1.013391052207602,-1.013391052207602,0E-17,ELIGIBLE,R03b_20260811_FULL_v1,L1_ELIGIBILITY,v2026-08-11,2026-03-21..2026-08-06,baccarat_bet02_101_all_pairs_incl_sentinel,round_win = game_pnl > 0 (decisive only),COMPATIBILITY_ONLY_NOT_PRODUCTION,268817.8208,244366.2908,168.7661,6248,5610,-0.00062781,-0.08642944,0.00436428,-0.00062781,-168.7661,268817.8208,OK,0.0000,6.7506,4.0000,96.0000,AG03-UNRESOLVED,ALL5_LEVELS_bet23_to_bet27,6.7506,6.7506,6.7506,8.4383,8.4383,4.000000,4.000000,4.000000,5.000000,5.000000,96.000000,96.000000,96.000000,95.000000,95.000000,5.0,37.1285,34.0107,131.6376,134.7554,PENDING_AG03,FALSE,NOT_FOR_ENFORCEMENT,162.0155,234591.6392,168.7661,162.0155,6.7506,0.00062781,0.00060270,6.7506,162.0155,0.00060270,6.7506,6.7506,6.7506,8.4383,8.4383,162.0155,0.00060270,37.1285,34.0107,131.6376,134.7554,0.00048969,0.00050129,0.00002511,43.0246,43.5591,0.0301,2.0581,0.0627,3278.2661,68.4146,17.6798,46.9397,25.7155,39.4976,52.6635,77.1466,82.2897,128.5777,31.4111,0.0,2.083411,3.25533,1.089297,30,192,222,8,0.05498276,0.00062781,0.08642944,0E-8,0.000000,0.909041,0.000000,-0.09079372,2026-03-23,2026-08-06,82,2690,1181,137,0.598540,0.376650,0.410924,0.183276,,,,,,,,GLOBAL_BASELINE_NO_ENTITY_RANKING,,,NOT_APPLICABLE_GLOBAL_BASELINE,HF9g-P5,,,,X 全窗基线 · 不参与实体赏罚,6877984,688,A168_HF9F_20260827_0900,2026-08-27 09:00:00
2026-07-08,70460261,994,0,87.7804456148,25.8177781220,25.8177781220,0.6666667,4,4,0.49324550000000000,0.493245500000,0.6008033672792107,0.6008033672792106,0.6008033672792107,0E-17,ELIGIBLE,R03b_20260811_FULL_v1,L1_ELIGIBILITY,v2026-08-11,2026-03-21..2026-08-06,baccarat_bet02_101_all_pairs_incl_sentinel,round_win = game_pnl > 0 (decisive only),COMPATIBILITY_ONLY_NOT_PRODUCTION,268817.8208,244366.2908,168.7661,6248,5610,-0.00062781,-0.08642944,0.00436428,-0.00062781,-168.7661,268817.8208,OK,0.0000,6.7506,4.0000,96.0000,AG03-UNRESOLVED,ALL5_LEVELS_bet23_to_bet27,6.7506,6.7506,6.7506,8.4383,8.4383,4.000000,4.000000,4.000000,5.000000,5.000000,96.000000,96.000000,96.000000,95.000000,95.000000,5.0,37.1285,34.0107,131.6376,134.7554,PENDING_AG03,FALSE,NOT_FOR_ENFORCEMENT,162.0155,234591.6392,168.7661,162.0155,6.7506,0.00062781,0.00060270,6.7506,162.0155,0.00060270,6.7506,6.7506,6.7506,8.4383,8.4383,162.0155,0.00060270,37.1285,34.0107,131.6376,134.7554,0.00048969,0.00050129,0.00002511,43.0246,43.5591,0.0301,2.0581,0.0627,3278.2661,68.4146,17.6798,46.9397,25.7155,39.4976,52.6635,77.1466,82.2897,128.5777,31.4111,0.0,2.083411,3.25533,1.089297,30,192,222,8,0.05498276,0.00062781,0.08642944,0E-8,0.000000,0.909041,0.000000,-0.09079372,2026-03-23,2026-08-06,82,2690,1181,137,0.598540,0.376650,0.410924,0.183276,,,,,,,,GLOBAL_BASELINE_NO_ENTITY_RANKING,,,NOT_APPLICABLE_GLOBAL_BASELINE,HF9g-P5,,,,X 全窗基线 · 不参与实体赏罚,6877985,688,A168_HF9F_20260827_0900,2026-08-27 09:00:00
2026-07-09,70460261,-1,1,400.1755608910,-56.7991118683,-56.7991118683,0.5000000,21,19,0.48219237280701754,0.478217905263,0.14255145566839386,0.17442234923365424,0.14255145566839386,0.00397446754401754,SENTINEL_DEALER,R03b_20260811_FULL_v1,L1_ELIGIBILITY,v2026-08-11,2026-03-21..2026-08-06,baccarat_bet02_101_all_pairs_incl_sentinel,round_win = game_pnl > 0 (decisive only),COMPATIBILITY_ONLY_NOT_PRODUCTION,268817.8208,244366.2908,168.7661,6248,5610,-0.00062781,-0.08642944,0.00436428,-0.00062781,-168.7661,268817.8208,OK,0.0000,6.7506,4.0000,96.0000,AG03-UNRESOLVED,ALL5_LEVELS_bet23_to_bet27,6.7506,6.7506,6.7506,8.4383,8.4383,4.000000,4.000000,4.000000,5.000000,5.000000,96.000000,96.000000,96.000000,95.000000,95.000000,5.0,37.1285,34.0107,131.6376,134.7554,PENDING_AG03,FALSE,NOT_FOR_ENFORCEMENT,162.0155,234591.6392,168.7661,162.0155,6.7506,0.00062781,0.00060270,6.7506,162.0155,0.00060270,6.7506,6.7506,6.7506,8.4383,8.4383,162.0155,0.00060270,37.1285,34.0107,131.6376,134.7554,0.00048969,0.00050129,0.00002511,43.0246,43.5591,0.0301,2.0581,0.0627,3278.2661,68.4146,17.6798,46.9397,25.7155,39.4976,52.6635,77.1466,82.2897,128.5777,31.4111,0.0,2.083411,3.25533,1.089297,30,192,222,8,0.05498276,0.00062781,0.08642944,0E-8,0.000000,0.909041,0.000000,-0.09079372,2026-03-23,2026-08-06,82,2690,1181,137,0.598540,0.376650,0.410924,0.183276,,,,,,,,GLOBAL_BASELINE_NO_ENTITY_RANKING,,,NOT_APPLICABLE_GLOBAL_BASELINE,HF9g-P5,,,,X 全窗基线 · 不参与实体赏罚,6877986,688,A168_HF9F_20260827_0900,2026-08-27 09:00:00
2026-07-09,70460261,1318,0,12.9088890610,12.2634446080,12.2634446080,1.0000000,1,1,0.50665070000000000,0.506650700000,0.9867858985152569,0.9867858985152569,0.9867858985152569,0E-17,ELIGIBLE,R03b_20260811_FULL_v1,L1_ELIGIBILITY,v2026-08-11,2026-03-21..2026-08-06,baccarat_bet02_101_all_pairs_incl_sentinel,round_win = game_pnl > 0 (decisive only),COMPATIBILITY_ONLY_NOT_PRODUCTION,268817.8208,244366.2908,168.7661,6248,5610,-0.00062781,-0.08642944,0.00436428,-0.00062781,-168.7661,268817.8208,OK,0.0000,6.7506,4.0000,96.0000,AG03-UNRESOLVED,ALL5_LEVELS_bet23_to_bet27,6.7506,6.7506,6.7506,8.4383,8.4383,4.000000,4.000000,4.000000,5.000000,5.000000,96.000000,96.000000,96.000000,95.000000,95.000000,5.0,37.1285,34.0107,131.6376,134.7554,PENDING_AG03,FALSE,NOT_FOR_ENFORCEMENT,162.0155,234591.6392,168.7661,162.0155,6.7506,0.00062781,0.00060270,6.7506,162.0155,0.00060270,6.7506,6.7506,6.7506,8.4383,8.4383,162.0155,0.00060270,37.1285,34.0107,131.6376,134.7554,0.00048969,0.00050129,0.00002511,43.0246,43.5591,0.0301,2.0581,0.0627,3278.2661,68.4146,17.6798,46.9397,25.7155,39.4976,52.6635,77.1466,82.2897,128.5777,31.4111,0.0,2.083411,3.25533,1.089297,30,192,222,8,0.05498276,0.00062781,0.08642944,0E-8,0.000000,0.909041,0.000000,-0.09079372,2026-03-23,2026-08-06,82,2690,1181,137,0.598540,0.376650,0.410924,0.183276,,,,,,,,GLOBAL_BASELINE_NO_ENTITY_RANKING,,,NOT_APPLICABLE_GLOBAL_BASELINE,HF9g-P5,,,,X 全窗基线 · 不参与实体赏罚,6877987,688,A168_HF9F_20260827_0900,2026-08-27 09:00:00
2026-07-09,70460261,1485,0,51.6355562440,-0.6454444530,-0.6454444530,0.5000000,3,3,0.50665070000000000,0.506650700000,-0.018812684590367487,-0.018812684590367487,-0.018812684590367487,0E-17,ELIGIBLE,R03b_20260811_FULL_v1,L1_ELIGIBILITY,v2026-08-11,2026-03-21..2026-08-06,baccarat_bet02_101_all_pairs_incl_sentinel,round_win = game_pnl > 0 (decisive only),COMPATIBILITY_ONLY_NOT_PRODUCTION,268817.8208,244366.2908,168.7661,6248,5610,-0.00062781,-0.08642944,0.00436428,-0.00062781,-168.7661,268817.8208,OK,0.0000,6.7506,4.0000,96.0000,AG03-UNRESOLVED,ALL5_LEVELS_bet23_to_bet27,6.7506,6.7506,6.7506,8.4383,8.4383,4.000000,4.000000,4.000000,5.000000,5.000000,96.000000,96.000000,96.000000,95.000000,95.000000,5.0,37.1285,34.0107,131.6376,134.7554,PENDING_AG03,FALSE,NOT_FOR_ENFORCEMENT,162.0155,234591.6392,168.7661,162.0155,6.7506,0.00062781,0.00060270,6.7506,162.0155,0.00060270,6.7506,6.7506,6.7506,8.4383,8.4383,162.0155,0.00060270,37.1285,34.0107,131.6376,134.7554,0.00048969,0.00050129,0.00002511,43.0246,43.5591,0.0301,2.0581,0.0627,3278.2661,68.4146,17.6798,46.9397,25.7155,39.4976,52.6635,77.1466,82.2897,128.5777,31.4111,0.0,2.083411,3.25533,1.089297,30,192,222,8,0.05498276,0.00062781,0.08642944,0E-8,0.000000,0.909041,0.000000,-0.09079372,2026-03-23,2026-08-06,82,2690,1181,137,0.598540,0.376650,0.410924,0.183276,,,,,,,,GLOBAL_BASELINE_NO_ENTITY_RANKING,,,NOT_APPLICABLE_GLOBAL_BASELINE,HF9g-P5,,,,X 全窗基线 · 不参与实体赏罚,6877988,688,A168_HF9F_20260827_0900,2026-08-27 09:00:00
2026-07-09,70460261,1990,0,12.9088890610,12.2634446080,12.2634446080,1.0000000,1,1,0.50665070000000000,0.506650700000,0.9867858985152569,0.9867858985152569,0.9867858985152569,0E-17,ELIGIBLE,R03b_20260811_FULL_v1,L1_ELIGIBILITY,v2026-08-11,2026-03-21..2026-08-06,baccarat_bet02_101_all_pairs_incl_sentinel,round_win = game_pnl > 0 (decisive only),COMPATIBILITY_ONLY_NOT_PRODUCTION,268817.8208,244366.2908,168.7661,6248,5610,-0.00062781,-0.08642944,0.00436428,-0.00062781,-168.7661,268817.8208,OK,0.0000,6.7506,4.0000,96.0000,AG03-UNRESOLVED,ALL5_LEVELS_bet23_to_bet27,6.7506,6.7506,6.7506,8.4383,8.4383,4.000000,4.000000,4.000000,5.000000,5.000000,96.000000,96.000000,96.000000,95.000000,95.000000,5.0,37.1285,34.0107,131.6376,134.7554,PENDING_AG03,FALSE,NOT_FOR_ENFORCEMENT,162.0155,234591.6392,168.7661,162.0155,6.7506,0.00062781,0.00060270,6.7506,162.0155,0.00060270,6.7506,6.7506,6.7506,8.4383,8.4383,162.0155,0.00060270,37.1285,34.0107,131.6376,134.7554,0.00048969,0.00050129,0.00002511,43.0246,43.5591,0.0301,2.0581,0.0627,3278.2661,68.4146,17.6798,46.9397,25.7155,39.4976,52.6635,77.1466,82.2897,128.5777,31.4111,0.0,2.083411,3.25533,1.089297,30,192,222,8,0.05498276,0.00062781,0.08642944,0E-8,0.000000,0.909041,0.000000,-0.09079372,2026-03-23,2026-08-06,82,2690,1181,137,0.598540,0.376650,0.410924,0.183276,,,,,,,,GLOBAL_BASELINE_NO_ENTITY_RANKING,,,NOT_APPLICABLE_GLOBAL_BASELINE,HF9g-P5,,,,X 全窗基线 · 不参与实体赏罚,6877989,688,A168_HF9F_20260827_0900,2026-08-27 09:00:00
2026-07-09,70460261,2106,0,25.8177781220,0E-10,0E-10,,1,1,0.50665070000000000,0.506650700000,,,,0E-17,NO_DECISIVE_ROUND,R03b_20260811_FULL_v1,L1_ELIGIBILITY,v2026-08-11,2026-03-21..2026-08-06,baccarat_bet02_101_all_pairs_incl_sentinel,round_win = game_pnl > 0 (decisive only),COMPATIBILITY_ONLY_NOT_PRODUCTION,268817.8208,244366.2908,168.7661,6248,5610,-0.00062781,-0.08642944,0.00436428,-0.00062781,-168.7661,268817.8208,OK,0.0000,6.7506,4.0000,96.0000,AG03-UNRESOLVED,ALL5_LEVELS_bet23_to_bet27,6.7506,6.7506,6.7506,8.4383,8.4383,4.000000,4.000000,4.000000,5.000000,5.000000,96.000000,96.000000,96.000000,95.000000,95.000000,5.0,37.1285,34.0107,131.6376,134.7554,PENDING_AG03,FALSE,NOT_FOR_ENFORCEMENT,162.0155,234591.6392,168.7661,162.0155,6.7506,0.00062781,0.00060270,6.7506,162.0155,0.00060270,6.7506,6.7506,6.7506,8.4383,8.4383,162.0155,0.00060270,37.1285,34.0107,131.6376,134.7554,0.00048969,0.00050129,0.00002511,43.0246,43.5591,0.0301,2.0581,0.0627,3278.2661,68.4146,17.6798,46.9397,25.7155,39.4976,52.6635,77.1466,82.2897,128.5777,31.4111,0.0,2.083411,3.25533,1.089297,30,192,222,8,0.05498276,0.00062781,0.08642944,0E-8,0.000000,0.909041,0.000000,-0.09079372,2026-03-23,2026-08-06,82,2690,1181,137,0.598540,0.376650,0.410924,0.183276,,,,,,,,GLOBAL_BASELINE_NO_ENTITY_RANKING,,,NOT_APPLICABLE_GLOBAL_BASELINE,HF9g-P5,,,,X 全窗基线 · 不参与实体赏罚,6877990,688,A168_HF9F_20260827_0900,2026-08-27 09:00:00
2026-07-09,70460261,2123,0,51.6355562440,-38.7266671830,-38.7266671830,0E-7,3,2,0.39337837500000000,0.393378375000,-1.138836281904872,-1.138836281904872,-1.138836281904872,0E-17,ELIGIBLE,R03b_20260811_FULL_v1,L1_ELIGIBILITY,v2026-08-11,2026-03-21..2026-08-06,baccarat_bet02_101_all_pairs_incl_sentinel,round_win = game_pnl > 0 (decisive only),COMPATIBILITY_ONLY_NOT_PRODUCTION,268817.8208,244366.2908,168.7661,6248,5610,-0.00062781,-0.08642944,0.00436428,-0.00062781,-168.7661,268817.8208,OK,0.0000,6.7506,4.0000,96.0000,AG03-UNRESOLVED,ALL5_LEVELS_bet23_to_bet27,6.7506,6.7506,6.7506,8.4383,8.4383,4.000000,4.000000,4.000000,5.000000,5.000000,96.000000,96.000000,96.000000,95.000000,95.000000,5.0,37.1285,34.0107,131.6376,134.7554,PENDING_AG03,FALSE,NOT_FOR_ENFORCEMENT,162.0155,234591.6392,168.7661,162.0155,6.7506,0.00062781,0.00060270,6.7506,162.0155,0.00060270,6.7506,6.7506,6.7506,8.4383,8.4383,162.0155,0.00060270,37.1285,34.0107,131.6376,134.7554,0.00048969,0.00050129,0.00002511,43.0246,43.5591,0.0301,2.0581,0.0627,3278.2661,68.4146,17.6798,46.9397,25.7155,39.4976,52.6635,77.1466,82.2897,128.5777,31.4111,0.0,2.083411,3.25533,1.089297,30,192,222,8,0.05498276,0.00062781,0.08642944,0E-8,0.000000,0.909041,0.000000,-0.09079372,2026-03-23,2026-08-06,82,2690,1181,137,0.598540,0.376650,0.410924,0.183276,,,,,,,,GLOBAL_BASELINE_NO_ENTITY_RANKING,,,NOT_APPLICABLE_GLOBAL_BASELINE,HF9g-P5,,,,X 全窗基线 · 不参与实体赏罚,6877991,688,A168_HF9F_20260827_0900,2026-08-27 09:00:00
2026-07-09,70460261,2170,0,90.3622234270,35.4994449178,35.4994449178,0.6000000,5,5,0.50396966000000000,0.503969660000,0.4294742719815242,0.4294742719815242,0.4294742719815242,0E-17,ELIGIBLE,R03b_20260811_FULL_v1,L1_ELIGIBILITY,v2026-08-11,2026-03-21..2026-08-06,baccarat_bet02_101_all_pairs_incl_sentinel,round_win = game_pnl > 0 (decisive only),COMPATIBILITY_ONLY_NOT_PRODUCTION,268817.8208,244366.2908,168.7661,6248,5610,-0.00062781,-0.08642944,0.00436428,-0.00062781,-168.7661,268817.8208,OK,0.0000,6.7506,4.0000,96.0000,AG03-UNRESOLVED,ALL5_LEVELS_bet23_to_bet27,6.7506,6.7506,6.7506,8.4383,8.4383,4.000000,4.000000,4.000000,5.000000,5.000000,96.000000,96.000000,96.000000,95.000000,95.000000,5.0,37.1285,34.0107,131.6376,134.7554,PENDING_AG03,FALSE,NOT_FOR_ENFORCEMENT,162.0155,234591.6392,168.7661,162.0155,6.7506,0.00062781,0.00060270,6.7506,162.0155,0.00060270,6.7506,6.7506,6.7506,8.4383,8.4383,162.0155,0.00060270,37.1285,34.0107,131.6376,134.7554,0.00048969,0.00050129,0.00002511,43.0246,43.5591,0.0301,2.0581,0.0627,3278.2661,68.4146,17.6798,46.9397,25.7155,39.4976,52.6635,77.1466,82.2897,128.5777,31.4111,0.0,2.083411,3.25533,1.089297,30,192,222,8,0.05498276,0.00062781,0.08642944,0E-8,0.000000,0.909041,0.000000,-0.09079372,2026-03-23,2026-08-06,82,2690,1181,137,0.598540,0.376650,0.410924,0.183276,,,,,,,,GLOBAL_BASELINE_NO_ENTITY_RANKING,,,NOT_APPLICABLE_GLOBAL_BASELINE,HF9g-P5,,,,X 全窗基线 · 不参与实体赏罚,6877992,688,A168_HF9F_20260827_0900,2026-08-27 09:00:00
2026-07-09,70460261,2258,0,69.7080009294,15.8779335450,15.8779335450,0.6666667,3,3,0.50665070000000000,0.506650700000,0.5543606114942035,0.5543606114942035,0.5543606114942035,0E-17,ELIGIBLE,R03b_20260811_FULL_v1,L1_ELIGIBILITY,v2026-08-11,2026-03-21..2026-08-06,baccarat_bet02_101_all_pairs_incl_sentinel,round_win = game_pnl > 0 (decisive only),COMPATIBILITY_ONLY_NOT_PRODUCTION,268817.8208,244366.2908,168.7661,6248,5610,-0.00062781,-0.08642944,0.00436428,-0.00062781,-168.7661,268817.8208,OK,0.0000,6.7506,4.0000,96.0000,AG03-UNRESOLVED,ALL5_LEVELS_bet23_to_bet27,6.7506,6.7506,6.7506,8.4383,8.4383,4.000000,4.000000,4.000000,5.000000,5.000000,96.000000,96.000000,96.000000,95.000000,95.000000,5.0,37.1285,34.0107,131.6376,134.7554,PENDING_AG03,FALSE,NOT_FOR_ENFORCEMENT,162.0155,234591.6392,168.7661,162.0155,6.7506,0.00062781,0.00060270,6.7506,162.0155,0.00060270,6.7506,6.7506,6.7506,8.4383,8.4383,162.0155,0.00060270,37.1285,34.0107,131.6376,134.7554,0.00048969,0.00050129,0.00002511,43.0246,43.5591,0.0301,2.0581,0.0627,3278.2661,68.4146,17.6798,46.9397,25.7155,39.4976,52.6635,77.1466,82.2897,128.5777,31.4111,0.0,2.083411,3.25533,1.089297,30,192,222,8,0.05498276,0.00062781,0.08642944,0E-8,0.000000,0.909041,0.000000,-0.09079372,2026-03-23,2026-08-06,82,2690,1181,137,0.598540,0.376650,0.410924,0.183276,,,,,,,,GLOBAL_BASELINE_NO_ENTITY_RANKING,,,NOT_APPLICABLE_GLOBAL_BASELINE,HF9g-P5,,,,X 全窗基线 · 不参与实体赏罚,6877993,688,A168_HF9F_20260827_0900,2026-08-27 09:00:00
2026-07-09,70460261,2261,0,12.9088890610,12.9088890610,12.9088890610,1.0000000,1,1,0.49324550000000000,0.493245500000,1.01360149184955,1.01360149184955,1.01360149184955,0E-17,ELIGIBLE,R03b_20260811_FULL_v1,L1_ELIGIBILITY,v2026-08-11,2026-03-21..2026-08-06,baccarat_bet02_101_all_pairs_incl_sentinel,round_win = game_pnl > 0 (decisive only),COMPATIBILITY_ONLY_NOT_PRODUCTION,268817.8208,244366.2908,168.7661,6248,5610,-0.00062781,-0.08642944,0.00436428,-0.00062781,-168.7661,268817.8208,OK,0.0000,6.7506,4.0000,96.0000,AG03-UNRESOLVED,ALL5_LEVELS_bet23_to_bet27,6.7506,6.7506,6.7506,8.4383,8.4383,4.000000,4.000000,4.000000,5.000000,5.000000,96.000000,96.000000,96.000000,95.000000,95.000000,5.0,37.1285,34.0107,131.6376,134.7554,PENDING_AG03,FALSE,NOT_FOR_ENFORCEMENT,162.0155,234591.6392,168.7661,162.0155,6.7506,0.00062781,0.00060270,6.7506,162.0155,0.00060270,6.7506,6.7506,6.7506,8.4383,8.4383,162.0155,0.00060270,37.1285,34.0107,131.6376,134.7554,0.00048969,0.00050129,0.00002511,43.0246,43.5591,0.0301,2.0581,0.0627,3278.2661,68.4146,17.6798,46.9397,25.7155,39.4976,52.6635,77.1466,82.2897,128.5777,31.4111,0.0,2.083411,3.25533,1.089297,30,192,222,8,0.05498276,0.00062781,0.08642944,0E-8,0.000000,0.909041,0.000000,-0.09079372,2026-03-23,2026-08-06,82,2690,1181,137,0.598540,0.376650,0.410924,0.183276,,,,,,,,GLOBAL_BASELINE_NO_ENTITY_RANKING,,,NOT_APPLICABLE_GLOBAL_BASELINE,HF9g-P5,,,,X 全窗基线 · 不参与实体赏罚,6877994,688,A168_HF9F_20260827_0900,2026-08-27 09:00:00
2026-07-09,70460261,2278,0,23.2360003098,-23.2360003098,-23.2360003098,0E-7,1,1,0.49324550000000000,0.493245500000,-0.9865810262130424,-0.9865810262130424,-0.9865810262130424,0E-17,ELIGIBLE,R03b_20260811_FULL_v1,L1_ELIGIBILITY,v2026-08-11,2026-03-21..2026-08-06,baccarat_bet02_101_all_pairs_incl_sentinel,round_win = game_pnl > 0 (decisive only),COMPATIBILITY_ONLY_NOT_PRODUCTION,268817.8208,244366.2908,168.7661,6248,5610,-0.00062781,-0.08642944,0.00436428,-0.00062781,-168.7661,268817.8208,OK,0.0000,6.7506,4.0000,96.0000,AG03-UNRESOLVED,ALL5_LEVELS_bet23_to_bet27,6.7506,6.7506,6.7506,8.4383,8.4383,4.000000,4.000000,4.000000,5.000000,5.000000,96.000000,96.000000,96.000000,95.000000,95.000000,5.0,37.1285,34.0107,131.6376,134.7554,PENDING_AG03,FALSE,NOT_FOR_ENFORCEMENT,162.0155,234591.6392,168.7661,162.0155,6.7506,0.00062781,0.00060270,6.7506,162.0155,0.00060270,6.7506,6.7506,6.7506,8.4383,8.4383,162.0155,0.00060270,37.1285,34.0107,131.6376,134.7554,0.00048969,0.00050129,0.00002511,43.0246,43.5591,0.0301,2.0581,0.0627,3278.2661,68.4146,17.6798,46.9397,25.7155,39.4976,52.6635,77.1466,82.2897,128.5777,31.4111,0.0,2.083411,3.25533,1.089297,30,192,222,8,0.05498276,0.00062781,0.08642944,0E-8,0.000000,0.909041,0.000000,-0.09079372,2026-03-23,2026-08-06,82,2690,1181,137,0.598540,0.376650,0.410924,0.183276,,,,,,,,GLOBAL_BASELINE_NO_ENTITY_RANKING,,,NOT_APPLICABLE_GLOBAL_BASELINE,HF9g-P5,,,,X 全窗基线 · 不参与实体赏罚,6877995,688,A168_HF9F_20260827_0900,2026-08-27 09:00:00
2026-07-09,70460261,526,0,23.2360003098,-23.2360003098,-23.2360003098,0E-7,1,1,0.50665070000000000,0.506650700000,-1.013391052207602,-1.013391052207602,-1.013391052207602,0E-17,ELIGIBLE,R03b_20260811_FULL_v1,L1_ELIGIBILITY,v2026-08-11,2026-03-21..2026-08-06,baccarat_bet02_101_all_pairs_incl_sentinel,round_win = game_pnl > 0 (decisive only),COMPATIBILITY_ONLY_NOT_PRODUCTION,268817.8208,244366.2908,168.7661,6248,5610,-0.00062781,-0.08642944,0.00436428,-0.00062781,-168.7661,268817.8208,OK,0.0000,6.7506,4.0000,96.0000,AG03-UNRESOLVED,ALL5_LEVELS_bet23_to_bet27,6.7506,6.7506,6.7506,8.4383,8.4383,4.000000,4.000000,4.000000,5.000000,5.000000,96.000000,96.000000,96.000000,95.000000,95.000000,5.0,37.1285,34.0107,131.6376,134.7554,PENDING_AG03,FALSE,NOT_FOR_ENFORCEMENT,162.0155,234591.6392,168.7661,162.0155,6.7506,0.00062781,0.00060270,6.7506,162.0155,0.00060270,6.7506,6.7506,6.7506,8.4383,8.4383,162.0155,0.00060270,37.1285,34.0107,131.6376,134.7554,0.00048969,0.00050129,0.00002511,43.0246,43.5591,0.0301,2.0581,0.0627,3278.2661,68.4146,17.6798,46.9397,25.7155,39.4976,52.6635,77.1466,82.2897,128.5777,31.4111,0.0,2.083411,3.25533,1.089297,30,192,222,8,0.05498276,0.00062781,0.08642944,0E-8,0.000000,0.909041,0.000000,-0.09079372,2026-03-23,2026-08-06,82,2690,1181,137,0.598540,0.376650,0.410924,0.183276,,,,,,,,GLOBAL_BASELINE_NO_ENTITY_RANKING,,,NOT_APPLICABLE_GLOBAL_BASELINE,HF9g-P5,,,,X 全窗基线 · 不参与实体赏罚,6877996,688,A168_HF9F_20260827_0900,2026-08-27 09:00:00
2026-07-09,70460261,986,0,36.1448893708,14.1997779672,14.1997779672,0.6666667,3,3,0.50218230000000000,0.502182300000,0.5697959874915163,0.5697959874915164,0.5697959874915163,0E-17,ELIGIBLE,R03b_20260811_FULL_v1,L1_ELIGIBILITY,v2026-08-11,2026-03-21..2026-08-06,baccarat_bet02_101_all_pairs_incl_sentinel,round_win = game_pnl > 0 (decisive only),COMPATIBILITY_ONLY_NOT_PRODUCTION,268817.8208,244366.2908,168.7661,6248,5610,-0.00062781,-0.08642944,0.00436428,-0.00062781,-168.7661,268817.8208,OK,0.0000,6.7506,4.0000,96.0000,AG03-UNRESOLVED,ALL5_LEVELS_bet23_to_bet27,6.7506,6.7506,6.7506,8.4383,8.4383,4.000000,4.000000,4.000000,5.000000,5.000000,96.000000,96.000000,96.000000,95.000000,95.000000,5.0,37.1285,34.0107,131.6376,134.7554,PENDING_AG03,FALSE,NOT_FOR_ENFORCEMENT,162.0155,234591.6392,168.7661,162.0155,6.7506,0.00062781,0.00060270,6.7506,162.0155,0.00060270,6.7506,6.7506,6.7506,8.4383,8.4383,162.0155,0.00060270,37.1285,34.0107,131.6376,134.7554,0.00048969,0.00050129,0.00002511,43.0246,43.5591,0.0301,2.0581,0.0627,3278.2661,68.4146,17.6798,46.9397,25.7155,39.4976,52.6635,77.1466,82.2897,128.5777,31.4111,0.0,2.083411,3.25533,1.089297,30,192,222,8,0.05498276,0.00062781,0.08642944,0E-8,0.000000,0.909041,0.000000,-0.09079372,2026-03-23,2026-08-06,82,2690,1181,137,0.598540,0.376650,0.410924,0.183276,,,,,,,,GLOBAL_BASELINE_NO_ENTITY_RANKING,,,NOT_APPLICABLE_GLOBAL_BASELINE,HF9g-P5,,,,X 全窗基线 · 不参与实体赏罚,6877997,688,A168_HF9F_20260827_0900,2026-08-27 09:00:00
2026-07-10,70460261,-1,1,38.7266671830,-12.9088890610,-12.9088890610,0.3333333,3,3,0.50218230000000000,0.502182300000,-0.5849155494134425,-0.5849155494134426,-0.5849155494134425,0E-17,SENTINEL_DEALER,R03b_20260811_FULL_v1,L1_ELIGIBILITY,v2026-08-11,2026-03-21..2026-08-06,baccarat_bet02_101_all_pairs_incl_sentinel,round_win = game_pnl > 0 (decisive only),COMPATIBILITY_ONLY_NOT_PRODUCTION,268817.8208,244366.2908,168.7661,6248,5610,-0.00062781,-0.08642944,0.00436428,-0.00062781,-168.7661,268817.8208,OK,0.0000,6.7506,4.0000,96.0000,AG03-UNRESOLVED,ALL5_LEVELS_bet23_to_bet27,6.7506,6.7506,6.7506,8.4383,8.4383,4.000000,4.000000,4.000000,5.000000,5.000000,96.000000,96.000000,96.000000,95.000000,95.000000,5.0,37.1285,34.0107,131.6376,134.7554,PENDING_AG03,FALSE,NOT_FOR_ENFORCEMENT,162.0155,234591.6392,168.7661,162.0155,6.7506,0.00062781,0.00060270,6.7506,162.0155,0.00060270,6.7506,6.7506,6.7506,8.4383,8.4383,162.0155,0.00060270,37.1285,34.0107,131.6376,134.7554,0.00048969,0.00050129,0.00002511,43.0246,43.5591,0.0301,2.0581,0.0627,3278.2661,68.4146,17.6798,46.9397,25.7155,39.4976,52.6635,77.1466,82.2897,128.5777,31.4111,0.0,2.083411,3.25533,1.089297,30,192,222,8,0.05498276,0.00062781,0.08642944,0E-8,0.000000,0.909041,0.000000,-0.09079372,2026-03-23,2026-08-06,82,2690,1181,137,0.598540,0.376650,0.410924,0.183276,,,,,,,,GLOBAL_BASELINE_NO_ENTITY_RANKING,,,NOT_APPLICABLE_GLOBAL_BASELINE,HF9g-P5,,,,X 全窗基线 · 不参与实体赏罚,6877998,688,A168_HF9F_20260827_0900,2026-08-27 09:00:00
2026-07-10,70460261,1017,0,38.7266671830,11.6180001549,11.6180001549,0.5000000,2,2,0.50665070000000000,0.506650700000,-0.018812684590367487,-0.018812684590367487,-0.018812684590367487,0E-17,ELIGIBLE,R03b_20260811_FULL_v1,L1_ELIGIBILITY,v2026-08-11,2026-03-21..2026-08-06,baccarat_bet02_101_all_pairs_incl_sentinel,round_win = game_pnl > 0 (decisive only),COMPATIBILITY_ONLY_NOT_PRODUCTION,268817.8208,244366.2908,168.7661,6248,5610,-0.00062781,-0.08642944,0.00436428,-0.00062781,-168.7661,268817.8208,OK,0.0000,6.7506,4.0000,96.0000,AG03-UNRESOLVED,ALL5_LEVELS_bet23_to_bet27,6.7506,6.7506,6.7506,8.4383,8.4383,4.000000,4.000000,4.000000,5.000000,5.000000,96.000000,96.000000,96.000000,95.000000,95.000000,5.0,37.1285,34.0107,131.6376,134.7554,PENDING_AG03,FALSE,NOT_FOR_ENFORCEMENT,162.0155,234591.6392,168.7661,162.0155,6.7506,0.00062781,0.00060270,6.7506,162.0155,0.00060270,6.7506,6.7506,6.7506,8.4383,8.4383,162.0155,0.00060270,37.1285,34.0107,131.6376,134.7554,0.00048969,0.00050129,0.00002511,43.0246,43.5591,0.0301,2.0581,0.0627,3278.2661,68.4146,17.6798,46.9397,25.7155,39.4976,52.6635,77.1466,82.2897,128.5777,31.4111,0.0,2.083411,3.25533,1.089297,30,192,222,8,0.05498276,0.00062781,0.08642944,0E-8,0.000000,0.909041,0.000000,-0.09079372,2026-03-23,2026-08-06,82,2690,1181,137,0.598540,0.376650,0.410924,0.183276,,,,,,,,GLOBAL_BASELINE_NO_ENTITY_RANKING,,,NOT_APPLICABLE_GLOBAL_BASELINE,HF9g-P5,,,,X 全窗基线 · 不参与实体赏罚,6877999,688,A168_HF9F_20260827_0900,2026-08-27 09:00:00
2026-07-10,70460261,1210,0,12.9088890610,0E-10,0E-10,,1,1,0.50665070000000000,0.506650700000,,,,0E-17,NO_DECISIVE_ROUND,R03b_20260811_FULL_v1,L1_ELIGIBILITY,v2026-08-11,2026-03-21..2026-08-06,baccarat_bet02_101_all_pairs_incl_sentinel,round_win = game_pnl > 0 (decisive only),COMPATIBILITY_ONLY_NOT_PRODUCTION,268817.8208,244366.2908,168.7661,6248,5610,-0.00062781,-0.08642944,0.00436428,-0.00062781,-168.7661,268817.8208,OK,0.0000,6.7506,4.0000,96.0000,AG03-UNRESOLVED,ALL5_LEVELS_bet23_to_bet27,6.7506,6.7506,6.7506,8.4383,8.4383,4.000000,4.000000,4.000000,5.000000,5.000000,96.000000,96.000000,96.000000,95.000000,95.000000,5.0,37.1285,34.0107,131.6376,134.7554,PENDING_AG03,FALSE,NOT_FOR_ENFORCEMENT,162.0155,234591.6392,168.7661,162.0155,6.7506,0.00062781,0.00060270,6.7506,162.0155,0.00060270,6.7506,6.7506,6.7506,8.4383,8.4383,162.0155,0.00060270,37.1285,34.0107,131.6376,134.7554,0.00048969,0.00050129,0.00002511,43.0246,43.5591,0.0301,2.0581,0.0627,3278.2661,68.4146,17.6798,46.9397,25.7155,39.4976,52.6635,77.1466,82.2897,128.5777,31.4111,0.0,2.083411,3.25533,1.089297,30,192,222,8,0.05498276,0.00062781,0.08642944,0E-8,0.000000,0.909041,0.000000,-0.09079372,2026-03-23,2026-08-06,82,2690,1181,137,0.598540,0.376650,0.410924,0.183276,,,,,,,,GLOBAL_BASELINE_NO_ENTITY_RANKING,,,NOT_APPLICABLE_GLOBAL_BASELINE,HF9g-P5,,,,X 全窗基线 · 不参与实体赏罚,6878000,688,A168_HF9F_20260827_0900,2026-08-27 09:00:00
2026-07-10,70460261,2171,0,51.6355562440,25.1723336690,25.1723336690,0.7500000,4,4,0.49994810000000000,0.499948100000,1.0002076053883384,1.0002076053883384,1.0002076053883384,0E-17,ELIGIBLE,R03b_20260811_FULL_v1,L1_ELIGIBILITY,v2026-08-11,2026-03-21..2026-08-06,baccarat_bet02_101_all_pairs_incl_sentinel,round_win = game_pnl > 0 (decisive only),COMPATIBILITY_ONLY_NOT_PRODUCTION,268817.8208,244366.2908,168.7661,6248,5610,-0.00062781,-0.08642944,0.00436428,-0.00062781,-168.7661,268817.8208,OK,0.0000,6.7506,4.0000,96.0000,AG03-UNRESOLVED,ALL5_LEVELS_bet23_to_bet27,6.7506,6.7506,6.7506,8.4383,8.4383,4.000000,4.000000,4.000000,5.000000,5.000000,96.000000,96.000000,96.000000,95.000000,95.000000,5.0,37.1285,34.0107,131.6376,134.7554,PENDING_AG03,FALSE,NOT_FOR_ENFORCEMENT,162.0155,234591.6392,168.7661,162.0155,6.7506,0.00062781,0.00060270,6.7506,162.0155,0.00060270,6.7506,6.7506,6.7506,8.4383,8.4383,162.0155,0.00060270,37.1285,34.0107,131.6376,134.7554,0.00048969,0.00050129,0.00002511,43.0246,43.5591,0.0301,2.0581,0.0627,3278.2661,68.4146,17.6798,46.9397,25.7155,39.4976,52.6635,77.1466,82.2897,128.5777,31.4111,0.0,2.083411,3.25533,1.089297,30,192,222,8,0.05498276,0.00062781,0.08642944,0E-8,0.000000,0.909041,0.000000,-0.09079372,2026-03-23,2026-08-06,82,2690,1181,137,0.598540,0.376650,0.410924,0.183276,,,,,,,,GLOBAL_BASELINE_NO_ENTITY_RANKING,,,NOT_APPLICABLE_GLOBAL_BASELINE,HF9g-P5,,,,X 全窗基线 · 不参与实体赏罚,6878001,688,A168_HF9F_20260827_0900,2026-08-27 09:00:00
2026-07-10,70460261,2209,0,12.9088890610,0E-10,0E-10,,1,1,0.50665070000000000,0.506650700000,,,,0E-17,NO_DECISIVE_ROUND,R03b_20260811_FULL_v1,L1_ELIGIBILITY,v2026-08-11,2026-03-21..2026-08-06,baccarat_bet02_101_all_pairs_incl_sentinel,round_win = game_pnl > 0 (decisive only),COMPATIBILITY_ONLY_NOT_PRODUCTION,268817.8208,244366.2908,168.7661,6248,5610,-0.00062781,-0.08642944,0.00436428,-0.00062781,-168.7661,268817.8208,OK,0.0000,6.7506,4.0000,96.0000,AG03-UNRESOLVED,ALL5_LEVELS_bet23_to_bet27,6.7506,6.7506,6.7506,8.4383,8.4383,4.000000,4.000000,4.000000,5.000000,5.000000,96.000000,96.000000,96.000000,95.000000,95.000000,5.0,37.1285,34.0107,131.6376,134.7554,PENDING_AG03,FALSE,NOT_FOR_ENFORCEMENT,162.0155,234591.6392,168.7661,162.0155,6.7506,0.00062781,0.00060270,6.7506,162.0155,0.00060270,6.7506,6.7506,6.7506,8.4383,8.4383,162.0155,0.00060270,37.1285,34.0107,131.6376,134.7554,0.00048969,0.00050129,0.00002511,43.0246,43.5591,0.0301,2.0581,0.0627,3278.2661,68.4146,17.6798,46.9397,25.7155,39.4976,52.6635,77.1466,82.2897,128.5777,31.4111,0.0,2.083411,3.25533,1.089297,30,192,222,8,0.05498276,0.00062781,0.08642944,0E-8,0.000000,0.909041,0.000000,-0.09079372,2026-03-23,2026-08-06,82,2690,1181,137,0.598540,0.376650,0.410924,0.183276,,,,,,,,GLOBAL_BASELINE_NO_ENTITY_RANKING,,,NOT_APPLICABLE_GLOBAL_BASELINE,HF9g-P5,,,,X 全窗基线 · 不参与实体赏罚,6878002,688,A168_HF9F_20260827_0900,2026-08-27 09:00:00
2026-07-10,70460261,529,0,38.7266671830,-12.9088890610,-12.9088890610,0.3333333,3,3,0.49324550000000000,0.493245500000,-0.5540025479526107,-0.5540025479526106,-0.5540025479526107,0E-17,ELIGIBLE,R03b_20260811_FULL_v1,L1_ELIGIBILITY,v2026-08-11,2026-03-21..2026-08-06,baccarat_bet02_101_all_pairs_incl_sentinel,round_win = game_pnl > 0 (decisive only),COMPATIBILITY_ONLY_NOT_PRODUCTION,268817.8208,244366.2908,168.7661,6248,5610,-0.00062781,-0.08642944,0.00436428,-0.00062781,-168.7661,268817.8208,OK,0.0000,6.7506,4.0000,96.0000,AG03-UNRESOLVED,ALL5_LEVELS_bet23_to_bet27,6.7506,6.7506,6.7506,8.4383,8.4383,4.000000,4.000000,4.000000,5.000000,5.000000,96.000000,96.000000,96.000000,95.000000,95.000000,5.0,37.1285,34.0107,131.6376,134.7554,PENDING_AG03,FALSE,NOT_FOR_ENFORCEMENT,162.0155,234591.6392,168.7661,162.0155,6.7506,0.00062781,0.00060270,6.7506,162.0155,0.00060270,6.7506,6.7506,6.7506,8.4383,8.4383,162.0155,0.00060270,37.1285,34.0107,131.6376,134.7554,0.00048969,0.00050129,0.00002511,43.0246,43.5591,0.0301,2.0581,0.0627,3278.2661,68.4146,17.6798,46.9397,25.7155,39.4976,52.6635,77.1466,82.2897,128.5777,31.4111,0.0,2.083411,3.25533,1.089297,30,192,222,8,0.05498276,0.00062781,0.08642944,0E-8,0.000000,0.909041,0.000000,-0.09079372,2026-03-23,2026-08-06,82,2690,1181,137,0.598540,0.376650,0.410924,0.183276,,,,,,,,GLOBAL_BASELINE_NO_ENTITY_RANKING,,,NOT_APPLICABLE_GLOBAL_BASELINE,HF9g-P5,,,,X 全窗基线 · 不参与实体赏罚,6878003,688,A168_HF9F_20260827_0900,2026-08-27 09:00:00
2026-07-10,70460261,550,0,10.3271112488,9.8107556864,9.8107556864,1.0000000,1,1,0.50665070000000000,0.506650700000,0.9867858985152569,0.9867858985152569,0.9867858985152569,0E-17,ELIGIBLE,R03b_20260811_FULL_v1,L1_ELIGIBILITY,v2026-08-11,2026-03-21..2026-08-06,baccarat_bet02_101_all_pairs_incl_sentinel,round_win = game_pnl > 0 (decisive only),COMPATIBILITY_ONLY_NOT_PRODUCTION,268817.8208,244366.2908,168.7661,6248,5610,-0.00062781,-0.08642944,0.00436428,-0.00062781,-168.7661,268817.8208,OK,0.0000,6.7506,4.0000,96.0000,AG03-UNRESOLVED,ALL5_LEVELS_bet23_to_bet27,6.7506,6.7506,6.7506,8.4383,8.4383,4.000000,4.000000,4.000000,5.000000,5.000000,96.000000,96.000000,96.000000,95.000000,95.000000,5.0,37.1285,34.0107,131.6376,134.7554,PENDING_AG03,FALSE,NOT_FOR_ENFORCEMENT,162.0155,234591.6392,168.7661,162.0155,6.7506,0.00062781,0.00060270,6.7506,162.0155,0.00060270,6.7506,6.7506,6.7506,8.4383,8.4383,162.0155,0.00060270,37.1285,34.0107,131.6376,134.7554,0.00048969,0.00050129,0.00002511,43.0246,43.5591,0.0301,2.0581,0.0627,3278.2661,68.4146,17.6798,46.9397,25.7155,39.4976,52.6635,77.1466,82.2897,128.5777,31.4111,0.0,2.083411,3.25533,1.089297,30,192,222,8,0.05498276,0.00062781,0.08642944,0E-8,0.000000,0.909041,0.000000,-0.09079372,2026-03-23,2026-08-06,82,2690,1181,137,0.598540,0.376650,0.410924,0.183276,,,,,,,,GLOBAL_BASELINE_NO_ENTITY_RANKING,,,NOT_APPLICABLE_GLOBAL_BASELINE,HF9g-P5,,,,X 全窗基线 · 不参与实体赏罚,6878004,688,A168_HF9F_20260827_0900,2026-08-27 09:00:00
2026-07-11,70460261,-1,1,1012.5732579449,-105.7238014095,-105.7238014095,0.4150943,67,58,0.48773778367063492,0.467336985345,-1.0580227313864556,-0.762292680788958,-1.0580227313864556,0.02040079832563492,SENTINEL_DEALER,R03b_20260811_FULL_v1,L1_ELIGIBILITY,v2026-08-11,2026-03-21..2026-08-06,baccarat_bet02_101_all_pairs_incl_sentinel,round_win = game_pnl > 0 (decisive only),COMPATIBILITY_ONLY_NOT_PRODUCTION,268817.8208,244366.2908,168.7661,6248,5610,-0.00062781,-0.08642944,0.00436428,-0.00062781,-168.7661,268817.8208,OK,0.0000,6.7506,4.0000,96.0000,AG03-UNRESOLVED,ALL5_LEVELS_bet23_to_bet27,6.7506,6.7506,6.7506,8.4383,8.4383,4.000000,4.000000,4.000000,5.000000,5.000000,96.000000,96.000000,96.000000,95.000000,95.000000,5.0,37.1285,34.0107,131.6376,134.7554,PENDING_AG03,FALSE,NOT_FOR_ENFORCEMENT,162.0155,234591.6392,168.7661,162.0155,6.7506,0.00062781,0.00060270,6.7506,162.0155,0.00060270,6.7506,6.7506,6.7506,8.4383,8.4383,162.0155,0.00060270,37.1285,34.0107,131.6376,134.7554,0.00048969,0.00050129,0.00002511,43.0246,43.5591,0.0301,2.0581,0.0627,3278.2661,68.4146,17.6798,46.9397,25.7155,39.4976,52.6635,77.1466,82.2897,128.5777,31.4111,0.0,2.083411,3.25533,1.089297,30,192,222,8,0.05498276,0.00062781,0.08642944,0E-8,0.000000,0.909041,0.000000,-0.09079372,2026-03-23,2026-08-06,82,2690,1181,137,0.598540,0.376650,0.410924,0.183276,,,,,,,,GLOBAL_BASELINE_NO_ENTITY_RANKING,,,NOT_APPLICABLE_GLOBAL_BASELINE,HF9g-P5,,,,X 全窗基线 · 不参与实体赏罚,6878005,688,A168_HF9F_20260827_0900,2026-08-27 09:00:00
2026-07-11,70460261,1017,0,95.5257790514,-14.0706890764,-14.0706890764,0.5000000,5,5,0.50665070000000000,0.506650700000,-0.02660515369234503,-0.02660515369234503,-0.02660515369234503,0E-17,ELIGIBLE,R03b_20260811_FULL_v1,L1_ELIGIBILITY,v2026-08-11,2026-03-21..2026-08-06,baccarat_bet02_101_all_pairs_incl_sentinel,round_win = game_pnl > 0 (decisive only),COMPATIBILITY_ONLY_NOT_PRODUCTION,268817.8208,244366.2908,168.7661,6248,5610,-0.00062781,-0.08642944,0.00436428,-0.00062781,-168.7661,268817.8208,OK,0.0000,6.7506,4.0000,96.0000,AG03-UNRESOLVED,ALL5_LEVELS_bet23_to_bet27,6.7506,6.7506,6.7506,8.4383,8.4383,4.000000,4.000000,4.000000,5.000000,5.000000,96.000000,96.000000,96.000000,95.000000,95.000000,5.0,37.1285,34.0107,131.6376,134.7554,PENDING_AG03,FALSE,NOT_FOR_ENFORCEMENT,162.0155,234591.6392,168.7661,162.0155,6.7506,0.00062781,0.00060270,6.7506,162.0155,0.00060270,6.7506,6.7506,6.7506,8.4383,8.4383,162.0155,0.00060270,37.1285,34.0107,131.6376,134.7554,0.00048969,0.00050129,0.00002511,43.0246,43.5591,0.0301,2.0581,0.0627,3278.2661,68.4146,17.6798,46.9397,25.7155,39.4976,52.6635,77.1466,82.2897,128.5777,31.4111,0.0,2.083411,3.25533,1.089297,30,192,222,8,0.05498276,0.00062781,0.08642944,0E-8,0.000000,0.909041,0.000000,-0.09079372,2026-03-23,2026-08-06,82,2690,1181,137,0.598540,0.376650,0.410924,0.183276,,,,,,,,GLOBAL_BASELINE_NO_ENTITY_RANKING,,,NOT_APPLICABLE_GLOBAL_BASELINE,HF9g-P5,,,,X 全窗基线 · 不参与实体赏罚,6878006,688,A168_HF9F_20260827_0900,2026-08-27 09:00:00
2026-07-11,70460261,1109,0,69.7080009294,6.4544445306,6.4544445306,0.6000000,5,5,0.50128862000000000,0.501288620000,0.4414521777673877,0.4414521777673877,0.4414521777673877,0E-17,ELIGIBLE,R03b_20260811_FULL_v1,L1_ELIGIBILITY,v2026-08-11,2026-03-21..2026-08-06,baccarat_bet02_101_all_pairs_incl_sentinel,round_win = game_pnl > 0 (decisive only),COMPATIBILITY_ONLY_NOT_PRODUCTION,268817.8208,244366.2908,168.7661,6248,5610,-0.00062781,-0.08642944,0.00436428,-0.00062781,-168.7661,268817.8208,OK,0.0000,6.7506,4.0000,96.0000,AG03-UNRESOLVED,ALL5_LEVELS_bet23_to_bet27,6.7506,6.7506,6.7506,8.4383,8.4383,4.000000,4.000000,4.000000,5.000000,5.000000,96.000000,96.000000,96.000000,95.000000,95.000000,5.0,37.1285,34.0107,131.6376,134.7554,PENDING_AG03,FALSE,NOT_FOR_ENFORCEMENT,162.0155,234591.6392,168.7661,162.0155,6.7506,0.00062781,0.00060270,6.7506,162.0155,0.00060270,6.7506,6.7506,6.7506,8.4383,8.4383,162.0155,0.00060270,37.1285,34.0107,131.6376,134.7554,0.00048969,0.00050129,0.00002511,43.0246,43.5591,0.0301,2.0581,0.0627,3278.2661,68.4146,17.6798,46.9397,25.7155,39.4976,52.6635,77.1466,82.2897,128.5777,31.4111,0.0,2.083411,3.25533,1.089297,30,192,222,8,0.05498276,0.00062781,0.08642944,0E-8,0.000000,0.909041,0.000000,-0.09079372,2026-03-23,2026-08-06,82,2690,1181,137,0.598540,0.376650,0.410924,0.183276,,,,,,,,GLOBAL_BASELINE_NO_ENTITY_RANKING,,,NOT_APPLICABLE_GLOBAL_BASELINE,HF9g-P5,,,,X 全窗基线 · 不参与实体赏罚,6878007,688,A168_HF9F_20260827_0900,2026-08-27 09:00:00
2026-07-11,70460261,1205,0,67.9007564609,-23.0940025301,-23.0940025301,0.3333333,3,3,0.50665070000000000,0.506650700000,-0.6004420894325239,-0.6004420894325239,-0.6004420894325239,0E-17,ELIGIBLE,R03b_20260811_FULL_v1,L1_ELIGIBILITY,v2026-08-11,2026-03-21..2026-08-06,baccarat_bet02_101_all_pairs_incl_sentinel,round_win = game_pnl > 0 (decisive only),COMPATIBILITY_ONLY_NOT_PRODUCTION,268817.8208,244366.2908,168.7661,6248,5610,-0.00062781,-0.08642944,0.00436428,-0.00062781,-168.7661,268817.8208,OK,0.0000,6.7506,4.0000,96.0000,AG03-UNRESOLVED,ALL5_LEVELS_bet23_to_bet27,6.7506,6.7506,6.7506,8.4383,8.4383,4.000000,4.000000,4.000000,5.000000,5.000000,96.000000,96.000000,96.000000,95.000000,95.000000,5.0,37.1285,34.0107,131.6376,134.7554,PENDING_AG03,FALSE,NOT_FOR_ENFORCEMENT,162.0155,234591.6392,168.7661,162.0155,6.7506,0.00062781,0.00060270,6.7506,162.0155,0.00060270,6.7506,6.7506,6.7506,8.4383,8.4383,162.0155,0.00060270,37.1285,34.0107,131.6376,134.7554,0.00048969,0.00050129,0.00002511,43.0246,43.5591,0.0301,2.0581,0.0627,3278.2661,68.4146,17.6798,46.9397,25.7155,39.4976,52.6635,77.1466,82.2897,128.5777,31.4111,0.0,2.083411,3.25533,1.089297,30,192,222,8,0.05498276,0.00062781,0.08642944,0E-8,0.000000,0.909041,0.000000,-0.09079372,2026-03-23,2026-08-06,82,2690,1181,137,0.598540,0.376650,0.410924,0.183276,,,,,,,,GLOBAL_BASELINE_NO_ENTITY_RANKING,,,NOT_APPLICABLE_GLOBAL_BASELINE,HF9g-P5,,,,X 全窗基线 · 不参与实体赏罚,6878008,688,A168_HF9F_20260827_0900,2026-08-27 09:00:00
2026-07-11,70460261,1210,0,54.2173340562,-28.3995559342,-28.3995559342,0.2500000,4,4,0.49994810000000000,0.499948100000,-0.9997924053861017,-0.9997924053861017,-0.9997924053861017,0E-17,ELIGIBLE,R03b_20260811_FULL_v1,L1_ELIGIBILITY,v2026-08-11,2026-03-21..2026-08-06,baccarat_bet02_101_all_pairs_incl_sentinel,round_win = game_pnl > 0 (decisive only),COMPATIBILITY_ONLY_NOT_PRODUCTION,268817.8208,244366.2908,168.7661,6248,5610,-0.00062781,-0.08642944,0.00436428,-0.00062781,-168.7661,268817.8208,OK,0.0000,6.7506,4.0000,96.0000,AG03-UNRESOLVED,ALL5_LEVELS_bet23_to_bet27,6.7506,6.7506,6.7506,8.4383,8.4383,4.000000,4.000000,4.000000,5.000000,5.000000,96.000000,96.000000,96.000000,95.000000,95.000000,5.0,37.1285,34.0107,131.6376,134.7554,PENDING_AG03,FALSE,NOT_FOR_ENFORCEMENT,162.0155,234591.6392,168.7661,162.0155,6.7506,0.00062781,0.00060270,6.7506,162.0155,0.00060270,6.7506,6.7506,6.7506,8.4383,8.4383,162.0155,0.00060270,37.1285,34.0107,131.6376,134.7554,0.00048969,0.00050129,0.00002511,43.0246,43.5591,0.0301,2.0581,0.0627,3278.2661,68.4146,17.6798,46.9397,25.7155,39.4976,52.6635,77.1466,82.2897,128.5777,31.4111,0.0,2.083411,3.25533,1.089297,30,192,222,8,0.05498276,0.00062781,0.08642944,0E-8,0.000000,0.909041,0.000000,-0.09079372,2026-03-23,2026-08-06,82,2690,1181,137,0.598540,0.376650,0.410924,0.183276,,,,,,,,GLOBAL_BASELINE_NO_ENTITY_RANKING,,,NOT_APPLICABLE_GLOBAL_BASELINE,HF9g-P5,,,,X 全窗基线 · 不参与实体赏罚,6878009,688,A168_HF9F_20260827_0900,2026-08-27 09:00:00
2026-07-11,70460261,1323,0,25.8177781220,-0.6454444530,-0.6454444530,0.5000000,2,2,0.50665070000000000,0.506650700000,-0.018812684590367487,-0.018812684590367487,-0.018812684590367487,0E-17,ELIGIBLE,R03b_20260811_FULL_v1,L1_ELIGIBILITY,v2026-08-11,2026-03-21..2026-08-06,baccarat_bet02_101_all_pairs_incl_sentinel,round_win = game_pnl > 0 (decisive only),COMPATIBILITY_ONLY_NOT_PRODUCTION,268817.8208,244366.2908,168.7661,6248,5610,-0.00062781,-0.08642944,0.00436428,-0.00062781,-168.7661,268817.8208,OK,0.0000,6.7506,4.0000,96.0000,AG03-UNRESOLVED,ALL5_LEVELS_bet23_to_bet27,6.7506,6.7506,6.7506,8.4383,8.4383,4.000000,4.000000,4.000000,5.000000,5.000000,96.000000,96.000000,96.000000,95.000000,95.000000,5.0,37.1285,34.0107,131.6376,134.7554,PENDING_AG03,FALSE,NOT_FOR_ENFORCEMENT,162.0155,234591.6392,168.7661,162.0155,6.7506,0.00062781,0.00060270,6.7506,162.0155,0.00060270,6.7506,6.7506,6.7506,8.4383,8.4383,162.0155,0.00060270,37.1285,34.0107,131.6376,134.7554,0.00048969,0.00050129,0.00002511,43.0246,43.5591,0.0301,2.0581,0.0627,3278.2661,68.4146,17.6798,46.9397,25.7155,39.4976,52.6635,77.1466,82.2897,128.5777,31.4111,0.0,2.083411,3.25533,1.089297,30,192,222,8,0.05498276,0.00062781,0.08642944,0E-8,0.000000,0.909041,0.000000,-0.09079372,2026-03-23,2026-08-06,82,2690,1181,137,0.598540,0.376650,0.410924,0.183276,,,,,,,,GLOBAL_BASELINE_NO_ENTITY_RANKING,,,NOT_APPLICABLE_GLOBAL_BASELINE,HF9g-P5,,,,X 全窗基线 · 不参与实体赏罚,6878010,688,A168_HF9F_20260827_0900,2026-08-27 09:00:00
2026-07-11,70460261,1330,0,20.6542224976,-20.6542224976,-20.6542224976,0E-7,1,1,0.50665070000000000,0.506650700000,-1.013391052207602,-1.013391052207602,-1.013391052207602,0E-17,ELIGIBLE,R03b_20260811_FULL_v1,L1_ELIGIBILITY,v2026-08-11,2026-03-21..2026-08-06,baccarat_bet02_101_all_pairs_incl_sentinel,round_win = game_pnl > 0 (decisive only),COMPATIBILITY_ONLY_NOT_PRODUCTION,268817.8208,244366.2908,168.7661,6248,5610,-0.00062781,-0.08642944,0.00436428,-0.00062781,-168.7661,268817.8208,OK,0.0000,6.7506,4.0000,96.0000,AG03-UNRESOLVED,ALL5_LEVELS_bet23_to_bet27,6.7506,6.7506,6.7506,8.4383,8.4383,4.000000,4.000000,4.000000,5.000000,5.000000,96.000000,96.000000,96.000000,95.000000,95.000000,5.0,37.1285,34.0107,131.6376,134.7554,PENDING_AG03,FALSE,NOT_FOR_ENFORCEMENT,162.0155,234591.6392,168.7661,162.0155,6.7506,0.00062781,0.00060270,6.7506,162.0155,0.00060270,6.7506,6.7506,6.7506,8.4383,8.4383,162.0155,0.00060270,37.1285,34.0107,131.6376,134.7554,0.00048969,0.00050129,0.00002511,43.0246,43.5591,0.0301,2.0581,0.0627,3278.2661,68.4146,17.6798,46.9397,25.7155,39.4976,52.6635,77.1466,82.2897,128.5777,31.4111,0.0,2.083411,3.25533,1.089297,30,192,222,8,0.05498276,0.00062781,0.08642944,0E-8,0.000000,0.909041,0.000000,-0.09079372,2026-03-23,2026-08-06,82,2690,1181,137,0.598540,0.376650,0.410924,0.183276,,,,,,,,GLOBAL_BASELINE_NO_ENTITY_RANKING,,,NOT_APPLICABLE_GLOBAL_BASELINE,HF9g-P5,,,,X 全窗基线 · 不参与实体赏罚,6878011,688,A168_HF9F_20260827_0900,2026-08-27 09:00:00
2026-07-11,70460261,1331,0,51.6355562440,24.5268892159,24.5268892159,1.0000000,2,2,0.50665070000000000,0.506650700000,0.9867858985152569,0.9867858985152569,0.9867858985152569,0E-17,ELIGIBLE,R03b_20260811_FULL_v1,L1_ELIGIBILITY,v2026-08-11,2026-03-21..2026-08-06,baccarat_bet02_101_all_pairs_incl_sentinel,round_win = game_pnl > 0 (decisive only),COMPATIBILITY_ONLY_NOT_PRODUCTION,268817.8208,244366.2908,168.7661,6248,5610,-0.00062781,-0.08642944,0.00436428,-0.00062781,-168.7661,268817.8208,OK,0.0000,6.7506,4.0000,96.0000,AG03-UNRESOLVED,ALL5_LEVELS_bet23_to_bet27,6.7506,6.7506,6.7506,8.4383,8.4383,4.000000,4.000000,4.000000,5.000000,5.000000,96.000000,96.000000,96.000000,95.000000,95.000000,5.0,37.1285,34.0107,131.6376,134.7554,PENDING_AG03,FALSE,NOT_FOR_ENFORCEMENT,162.0155,234591.6392,168.7661,162.0155,6.7506,0.00062781,0.00060270,6.7506,162.0155,0.00060270,6.7506,6.7506,6.7506,8.4383,8.4383,162.0155,0.00060270,37.1285,34.0107,131.6376,134.7554,0.00048969,0.00050129,0.00002511,43.0246,43.5591,0.0301,2.0581,0.0627,3278.2661,68.4146,17.6798,46.9397,25.7155,39.4976,52.6635,77.1466,82.2897,128.5777,31.4111,0.0,2.083411,3.25533,1.089297,30,192,222,8,0.05498276,0.00062781,0.08642944,0E-8,0.000000,0.909041,0.000000,-0.09079372,2026-03-23,2026-08-06,82,2690,1181,137,0.598540,0.376650,0.410924,0.183276,,,,,,,,GLOBAL_BASELINE_NO_ENTITY_RANKING,,,NOT_APPLICABLE_GLOBAL_BASELINE,HF9g-P5,,,,X 全窗基线 · 不参与实体赏罚,6878012,688,A168_HF9F_20260827_0900,2026-08-27 09:00:00
2026-07-11,70460261,1383,0,152.3248909198,69.1916453672,69.1916453672,0.8000000,12,11,0.48804610303030303,0.481181113636,1.973533778193324,2.0178174125222412,1.973533778193324,0.00686498939430303,ELIGIBLE,R03b_20260811_FULL_v1,L1_ELIGIBILITY,v2026-08-11,2026-03-21..2026-08-06,baccarat_bet02_101_all_pairs_incl_sentinel,round_win = game_pnl > 0 (decisive only),COMPATIBILITY_ONLY_NOT_PRODUCTION,268817.8208,244366.2908,168.7661,6248,5610,-0.00062781,-0.08642944,0.00436428,-0.00062781,-168.7661,268817.8208,OK,0.0000,6.7506,4.0000,96.0000,AG03-UNRESOLVED,ALL5_LEVELS_bet23_to_bet27,6.7506,6.7506,6.7506,8.4383,8.4383,4.000000,4.000000,4.000000,5.000000,5.000000,96.000000,96.000000,96.000000,95.000000,95.000000,5.0,37.1285,34.0107,131.6376,134.7554,PENDING_AG03,FALSE,NOT_FOR_ENFORCEMENT,162.0155,234591.6392,168.7661,162.0155,6.7506,0.00062781,0.00060270,6.7506,162.0155,0.00060270,6.7506,6.7506,6.7506,8.4383,8.4383,162.0155,0.00060270,37.1285,34.0107,131.6376,134.7554,0.00048969,0.00050129,0.00002511,43.0246,43.5591,0.0301,2.0581,0.0627,3278.2661,68.4146,17.6798,46.9397,25.7155,39.4976,52.6635,77.1466,82.2897,128.5777,31.4111,0.0,2.083411,3.25533,1.089297,30,192,222,8,0.05498276,0.00062781,0.08642944,0E-8,0.000000,0.909041,0.000000,-0.09079372,2026-03-23,2026-08-06,82,2690,1181,137,0.598540,0.376650,0.410924,0.183276,,,,,,,,GLOBAL_BASELINE_NO_ENTITY_RANKING,,,NOT_APPLICABLE_GLOBAL_BASELINE,HF9g-P5,,,,X 全窗基线 · 不参与实体赏罚,6878013,688,A168_HF9F_20260827_0900,2026-08-27 09:00:00
2026-07-11,70460261,1384,0,103.2711124880,36.7903338239,36.7903338239,0.7500000,5,5,0.50128862000000000,0.501288620000,0.9948488239810122,0.9948488239810122,0.9948488239810122,0E-17,ELIGIBLE,R03b_20260811_FULL_v1,L1_ELIGIBILITY,v2026-08-11,2026-03-21..2026-08-06,baccarat_bet02_101_all_pairs_incl_sentinel,round_win = game_pnl > 0 (decisive only),COMPATIBILITY_ONLY_NOT_PRODUCTION,268817.8208,244366.2908,168.7661,6248,5610,-0.00062781,-0.08642944,0.00436428,-0.00062781,-168.7661,268817.8208,OK,0.0000,6.7506,4.0000,96.0000,AG03-UNRESOLVED,ALL5_LEVELS_bet23_to_bet27,6.7506,6.7506,6.7506,8.4383,8.4383,4.000000,4.000000,4.000000,5.000000,5.000000,96.000000,96.000000,96.000000,95.000000,95.000000,5.0,37.1285,34.0107,131.6376,134.7554,PENDING_AG03,FALSE,NOT_FOR_ENFORCEMENT,162.0155,234591.6392,168.7661,162.0155,6.7506,0.00062781,0.00060270,6.7506,162.0155,0.00060270,6.7506,6.7506,6.7506,8.4383,8.4383,162.0155,0.00060270,37.1285,34.0107,131.6376,134.7554,0.00048969,0.00050129,0.00002511,43.0246,43.5591,0.0301,2.0581,0.0627,3278.2661,68.4146,17.6798,46.9397,25.7155,39.4976,52.6635,77.1466,82.2897,128.5777,31.4111,0.0,2.083411,3.25533,1.089297,30,192,222,8,0.05498276,0.00062781,0.08642944,0E-8,0.000000,0.909041,0.000000,-0.09079372,2026-03-23,2026-08-06,82,2690,1181,137,0.598540,0.376650,0.410924,0.183276,,,,,,,,GLOBAL_BASELINE_NO_ENTITY_RANKING,,,NOT_APPLICABLE_GLOBAL_BASELINE,HF9g-P5,,,,X 全窗基线 · 不参与实体赏罚,6878014,688,A168_HF9F_20260827_0900,2026-08-27 09:00:00
2026-07-11,70460261,1401,0,68.9334675858,-24.0105336534,-24.0105336534,0.2500000,5,4,0.48914035937500000,0.446663237500,-0.9567871353677591,-0.7911672706255539,-0.9567871353677591,0.04247712187500000,ELIGIBLE,R03b_20260811_FULL_v1,L1_ELIGIBILITY,v2026-08-11,2026-03-21..2026-08-06,baccarat_bet02_101_all_pairs_incl_sentinel,round_win = game_pnl > 0 (decisive only),COMPATIBILITY_ONLY_NOT_PRODUCTION,268817.8208,244366.2908,168.7661,6248,5610,-0.00062781,-0.08642944,0.00436428,-0.00062781,-168.7661,268817.8208,OK,0.0000,6.7506,4.0000,96.0000,AG03-UNRESOLVED,ALL5_LEVELS_bet23_to_bet27,6.7506,6.7506,6.7506,8.4383,8.4383,4.000000,4.000000,4.000000,5.000000,5.000000,96.000000,96.000000,96.000000,95.000000,95.000000,5.0,37.1285,34.0107,131.6376,134.7554,PENDING_AG03,FALSE,NOT_FOR_ENFORCEMENT,162.0155,234591.6392,168.7661,162.0155,6.7506,0.00062781,0.00060270,6.7506,162.0155,0.00060270,6.7506,6.7506,6.7506,8.4383,8.4383,162.0155,0.00060270,37.1285,34.0107,131.6376,134.7554,0.00048969,0.00050129,0.00002511,43.0246,43.5591,0.0301,2.0581,0.0627,3278.2661,68.4146,17.6798,46.9397,25.7155,39.4976,52.6635,77.1466,82.2897,128.5777,31.4111,0.0,2.083411,3.25533,1.089297,30,192,222,8,0.05498276,0.00062781,0.08642944,0E-8,0.000000,0.909041,0.000000,-0.09079372,2026-03-23,2026-08-06,82,2690,1181,137,0.598540,0.376650,0.410924,0.183276,,,,,,,,GLOBAL_BASELINE_NO_ENTITY_RANKING,,,NOT_APPLICABLE_GLOBAL_BASELINE,HF9g-P5,,,,X 全窗基线 · 不参与实体赏罚,6878015,688,A168_HF9F_20260827_0900,2026-08-27 09:00:00
2026-07-11,70460261,1490,0,12.9088890610,-12.9088890610,-12.9088890610,0E-7,1,1,0.50665070000000000,0.506650700000,-1.013391052207602,-1.013391052207602,-1.013391052207602,0E-17,ELIGIBLE,R03b_20260811_FULL_v1,L1_ELIGIBILITY,v2026-08-11,2026-03-21..2026-08-06,baccarat_bet02_101_all_pairs_incl_sentinel,round_win = game_pnl > 0 (decisive only),COMPATIBILITY_ONLY_NOT_PRODUCTION,268817.8208,244366.2908,168.7661,6248,5610,-0.00062781,-0.08642944,0.00436428,-0.00062781,-168.7661,268817.8208,OK,0.0000,6.7506,4.0000,96.0000,AG03-UNRESOLVED,ALL5_LEVELS_bet23_to_bet27,6.7506,6.7506,6.7506,8.4383,8.4383,4.000000,4.000000,4.000000,5.000000,5.000000,96.000000,96.000000,96.000000,95.000000,95.000000,5.0,37.1285,34.0107,131.6376,134.7554,PENDING_AG03,FALSE,NOT_FOR_ENFORCEMENT,162.0155,234591.6392,168.7661,162.0155,6.7506,0.00062781,0.00060270,6.7506,162.0155,0.00060270,6.7506,6.7506,6.7506,8.4383,8.4383,162.0155,0.00060270,37.1285,34.0107,131.6376,134.7554,0.00048969,0.00050129,0.00002511,43.0246,43.5591,0.0301,2.0581,0.0627,3278.2661,68.4146,17.6798,46.9397,25.7155,39.4976,52.6635,77.1466,82.2897,128.5777,31.4111,0.0,2.083411,3.25533,1.089297,30,192,222,8,0.05498276,0.00062781,0.08642944,0E-8,0.000000,0.909041,0.000000,-0.09079372,2026-03-23,2026-08-06,82,2690,1181,137,0.598540,0.376650,0.410924,0.183276,,,,,,,,GLOBAL_BASELINE_NO_ENTITY_RANKING,,,NOT_APPLICABLE_GLOBAL_BASELINE,HF9g-P5,,,,X 全窗基线 · 不参与实体赏罚,6878016,688,A168_HF9F_20260827_0900,2026-08-27 09:00:00
2026-07-11,70460261,1704,0,77.4533343660,-38.7266671830,-38.7266671830,0E-7,5,4,0.47729363500000000,0.443311937500,-1.351384473841582,-1.2620127909358219,-1.351384473841582,0.03398169750000000,ELIGIBLE,R03b_20260811_FULL_v1,L1_ELIGIBILITY,v2026-08-11,2026-03-21..2026-08-06,baccarat_bet02_101_all_pairs_incl_sentinel,round_win = game_pnl > 0 (decisive only),COMPATIBILITY_ONLY_NOT_PRODUCTION,268817.8208,244366.2908,168.7661,6248,5610,-0.00062781,-0.08642944,0.00436428,-0.00062781,-168.7661,268817.8208,OK,0.0000,6.7506,4.0000,96.0000,AG03-UNRESOLVED,ALL5_LEVELS_bet23_to_bet27,6.7506,6.7506,6.7506,8.4383,8.4383,4.000000,4.000000,4.000000,5.000000,5.000000,96.000000,96.000000,96.000000,95.000000,95.000000,5.0,37.1285,34.0107,131.6376,134.7554,PENDING_AG03,FALSE,NOT_FOR_ENFORCEMENT,162.0155,234591.6392,168.7661,162.0155,6.7506,0.00062781,0.00060270,6.7506,162.0155,0.00060270,6.7506,6.7506,6.7506,8.4383,8.4383,162.0155,0.00060270,37.1285,34.0107,131.6376,134.7554,0.00048969,0.00050129,0.00002511,43.0246,43.5591,0.0301,2.0581,0.0627,3278.2661,68.4146,17.6798,46.9397,25.7155,39.4976,52.6635,77.1466,82.2897,128.5777,31.4111,0.0,2.083411,3.25533,1.089297,30,192,222,8,0.05498276,0.00062781,0.08642944,0E-8,0.000000,0.909041,0.000000,-0.09079372,2026-03-23,2026-08-06,82,2690,1181,137,0.598540,0.376650,0.410924,0.183276,,,,,,,,GLOBAL_BASELINE_NO_ENTITY_RANKING,,,NOT_APPLICABLE_GLOBAL_BASELINE,HF9g-P5,,,,X 全窗基线 · 不参与实体赏罚,6878017,688,A168_HF9F_20260827_0900,2026-08-27 09:00:00
2026-07-11,70460261,1710,0,36.1448893708,-10.9725557018,-10.9725557018,0.3333333,3,3,0.50665070000000000,0.506650700000,-0.6004420894325239,-0.6004420894325239,-0.6004420894325239,0E-17,ELIGIBLE,R03b_20260811_FULL_v1,L1_ELIGIBILITY,v2026-08-11,2026-03-21..2026-08-06,baccarat_bet02_101_all_pairs_incl_sentinel,round_win = game_pnl > 0 (decisive only),COMPATIBILITY_ONLY_NOT_PRODUCTION,268817.8208,244366.2908,168.7661,6248,5610,-0.00062781,-0.08642944,0.00436428,-0.00062781,-168.7661,268817.8208,OK,0.0000,6.7506,4.0000,96.0000,AG03-UNRESOLVED,ALL5_LEVELS_bet23_to_bet27,6.7506,6.7506,6.7506,8.4383,8.4383,4.000000,4.000000,4.000000,5.000000,5.000000,96.000000,96.000000,96.000000,95.000000,95.000000,5.0,37.1285,34.0107,131.6376,134.7554,PENDING_AG03,FALSE,NOT_FOR_ENFORCEMENT,162.0155,234591.6392,168.7661,162.0155,6.7506,0.00062781,0.00060270,6.7506,162.0155,0.00060270,6.7506,6.7506,6.7506,8.4383,8.4383,162.0155,0.00060270,37.1285,34.0107,131.6376,134.7554,0.00048969,0.00050129,0.00002511,43.0246,43.5591,0.0301,2.0581,0.0627,3278.2661,68.4146,17.6798,46.9397,25.7155,39.4976,52.6635,77.1466,82.2897,128.5777,31.4111,0.0,2.083411,3.25533,1.089297,30,192,222,8,0.05498276,0.00062781,0.08642944,0E-8,0.000000,0.909041,0.000000,-0.09079372,2026-03-23,2026-08-06,82,2690,1181,137,0.598540,0.376650,0.410924,0.183276,,,,,,,,GLOBAL_BASELINE_NO_ENTITY_RANKING,,,NOT_APPLICABLE_GLOBAL_BASELINE,HF9g-P5,,,,X 全窗基线 · 不参与实体赏罚,6878018,688,A168_HF9F_20260827_0900,2026-08-27 09:00:00
2026-07-11,70460261,1994,0,201.3786693516,87.5222678337,87.5222678337,0.7500000,16,12,0.46811070382936508,0.426667416667,1.956970581397265,2.2646028210282747,1.956970581397265,0.04144328716236508,ELIGIBLE,R03b_20260811_FULL_v1,L1_ELIGIBILITY,v2026-08-11,2026-03-21..2026-08-06,baccarat_bet02_101_all_pairs_incl_sentinel,round_win = game_pnl > 0 (decisive only),COMPATIBILITY_ONLY_NOT_PRODUCTION,268817.8208,244366.2908,168.7661,6248,5610,-0.00062781,-0.08642944,0.00436428,-0.00062781,-168.7661,268817.8208,OK,0.0000,6.7506,4.0000,96.0000,AG03-UNRESOLVED,ALL5_LEVELS_bet23_to_bet27,6.7506,6.7506,6.7506,8.4383,8.4383,4.000000,4.000000,4.000000,5.000000,5.000000,96.000000,96.000000,96.000000,95.000000,95.000000,5.0,37.1285,34.0107,131.6376,134.7554,PENDING_AG03,FALSE,NOT_FOR_ENFORCEMENT,162.0155,234591.6392,168.7661,162.0155,6.7506,0.00062781,0.00060270,6.7506,162.0155,0.00060270,6.7506,6.7506,6.7506,8.4383,8.4383,162.0155,0.00060270,37.1285,34.0107,131.6376,134.7554,0.00048969,0.00050129,0.00002511,43.0246,43.5591,0.0301,2.0581,0.0627,3278.2661,68.4146,17.6798,46.9397,25.7155,39.4976,52.6635,77.1466,82.2897,128.5777,31.4111,0.0,2.083411,3.25533,1.089297,30,192,222,8,0.05498276,0.00062781,0.08642944,0E-8,0.000000,0.909041,0.000000,-0.09079372,2026-03-23,2026-08-06,82,2690,1181,137,0.598540,0.376650,0.410924,0.183276,,,,,,,,GLOBAL_BASELINE_NO_ENTITY_RANKING,,,NOT_APPLICABLE_GLOBAL_BASELINE,HF9g-P5,,,,X 全窗基线 · 不参与实体赏罚,6878019,688,A168_HF9F_20260827_0900,2026-08-27 09:00:00
2026-07-11,70460261,2087,0,43.8902228074,-8.3907778896,-8.3907778896,0.5000000,3,3,0.49771390000000000,0.497713900000,0.006466134837551399,0.0064661348375514,0.006466134837551399,0E-17,ELIGIBLE,R03b_20260811_FULL_v1,L1_ELIGIBILITY,v2026-08-11,2026-03-21..2026-08-06,baccarat_bet02_101_all_pairs_incl_sentinel,round_win = game_pnl > 0 (decisive only),COMPATIBILITY_ONLY_NOT_PRODUCTION,268817.8208,244366.2908,168.7661,6248,5610,-0.00062781,-0.08642944,0.00436428,-0.00062781,-168.7661,268817.8208,OK,0.0000,6.7506,4.0000,96.0000,AG03-UNRESOLVED,ALL5_LEVELS_bet23_to_bet27,6.7506,6.7506,6.7506,8.4383,8.4383,4.000000,4.000000,4.000000,5.000000,5.000000,96.000000,96.000000,96.000000,95.000000,95.000000,5.0,37.1285,34.0107,131.6376,134.7554,PENDING_AG03,FALSE,NOT_FOR_ENFORCEMENT,162.0155,234591.6392,168.7661,162.0155,6.7506,0.00062781,0.00060270,6.7506,162.0155,0.00060270,6.7506,6.7506,6.7506,8.4383,8.4383,162.0155,0.00060270,37.1285,34.0107,131.6376,134.7554,0.00048969,0.00050129,0.00002511,43.0246,43.5591,0.0301,2.0581,0.0627,3278.2661,68.4146,17.6798,46.9397,25.7155,39.4976,52.6635,77.1466,82.2897,128.5777,31.4111,0.0,2.083411,3.25533,1.089297,30,192,222,8,0.05498276,0.00062781,0.08642944,0E-8,0.000000,0.909041,0.000000,-0.09079372,2026-03-23,2026-08-06,82,2690,1181,137,0.598540,0.376650,0.410924,0.183276,,,,,,,,GLOBAL_BASELINE_NO_ENTITY_RANKING,,,NOT_APPLICABLE_GLOBAL_BASELINE,HF9g-P5,,,,X 全窗基线 · 不参与实体赏罚,6878020,688,A168_HF9F_20260827_0900,2026-08-27 09:00:00
2026-07-11,70460261,2117,0,25.8177781220,-12.9088890610,-12.9088890610,0E-7,2,2,0.49994810000000000,0.499948100000,-0.9998962053866608,-0.9998962053866608,-0.9998962053866608,0E-17,ELIGIBLE,R03b_20260811_FULL_v1,L1_ELIGIBILITY,v2026-08-11,2026-03-21..2026-08-06,baccarat_bet02_101_all_pairs_incl_sentinel,round_win = game_pnl > 0 (decisive only),COMPATIBILITY_ONLY_NOT_PRODUCTION,268817.8208,244366.2908,168.7661,6248,5610,-0.00062781,-0.08642944,0.00436428,-0.00062781,-168.7661,268817.8208,OK,0.0000,6.7506,4.0000,96.0000,AG03-UNRESOLVED,ALL5_LEVELS_bet23_to_bet27,6.7506,6.7506,6.7506,8.4383,8.4383,4.000000,4.000000,4.000000,5.000000,5.000000,96.000000,96.000000,96.000000,95.000000,95.000000,5.0,37.1285,34.0107,131.6376,134.7554,PENDING_AG03,FALSE,NOT_FOR_ENFORCEMENT,162.0155,234591.6392,168.7661,162.0155,6.7506,0.00062781,0.00060270,6.7506,162.0155,0.00060270,6.7506,6.7506,6.7506,8.4383,8.4383,162.0155,0.00060270,37.1285,34.0107,131.6376,134.7554,0.00048969,0.00050129,0.00002511,43.0246,43.5591,0.0301,2.0581,0.0627,3278.2661,68.4146,17.6798,46.9397,25.7155,39.4976,52.6635,77.1466,82.2897,128.5777,31.4111,0.0,2.083411,3.25533,1.089297,30,192,222,8,0.05498276,0.00062781,0.08642944,0E-8,0.000000,0.909041,0.000000,-0.09079372,2026-03-23,2026-08-06,82,2690,1181,137,0.598540,0.376650,0.410924,0.183276,,,,,,,,GLOBAL_BASELINE_NO_ENTITY_RANKING,,,NOT_APPLICABLE_GLOBAL_BASELINE,HF9g-P5,,,,X 全窗基线 · 不参与实体赏罚,6878021,688,A168_HF9F_20260827_0900,2026-08-27 09:00:00
2026-07-11,70460261,2121,0,168.0737355742,13.4252446235,13.4252446235,0.6250000,12,10,0.48451092500000000,0.458782300000,0.7951078234264599,0.9434805232697809,0.7951078234264599,0.02572862500000000,ELIGIBLE,R03b_20260811_FULL_v1,L1_ELIGIBILITY,v2026-08-11,2026-03-21..2026-08-06,baccarat_bet02_101_all_pairs_incl_sentinel,round_win = game_pnl > 0 (decisive only),COMPATIBILITY_ONLY_NOT_PRODUCTION,268817.8208,244366.2908,168.7661,6248,5610,-0.00062781,-0.08642944,0.00436428,-0.00062781,-168.7661,268817.8208,OK,0.0000,6.7506,4.0000,96.0000,AG03-UNRESOLVED,ALL5_LEVELS_bet23_to_bet27,6.7506,6.7506,6.7506,8.4383,8.4383,4.000000,4.000000,4.000000,5.000000,5.000000,96.000000,96.000000,96.000000,95.000000,95.000000,5.0,37.1285,34.0107,131.6376,134.7554,PENDING_AG03,FALSE,NOT_FOR_ENFORCEMENT,162.0155,234591.6392,168.7661,162.0155,6.7506,0.00062781,0.00060270,6.7506,162.0155,0.00060270,6.7506,6.7506,6.7506,8.4383,8.4383,162.0155,0.00060270,37.1285,34.0107,131.6376,134.7554,0.00048969,0.00050129,0.00002511,43.0246,43.5591,0.0301,2.0581,0.0627,3278.2661,68.4146,17.6798,46.9397,25.7155,39.4976,52.6635,77.1466,82.2897,128.5777,31.4111,0.0,2.083411,3.25533,1.089297,30,192,222,8,0.05498276,0.00062781,0.08642944,0E-8,0.000000,0.909041,0.000000,-0.09079372,2026-03-23,2026-08-06,82,2690,1181,137,0.598540,0.376650,0.410924,0.183276,,,,,,,,GLOBAL_BASELINE_NO_ENTITY_RANKING,,,NOT_APPLICABLE_GLOBAL_BASELINE,HF9g-P5,,,,X 全窗基线 · 不参与实体赏罚,6878022,688,A168_HF9F_20260827_0900,2026-08-27 09:00:00
2026-07-11,70460261,2141,0,121.6017349546,-19.7506002633,-19.7506002633,0.5000000,8,8,0.50162375000000000,0.501623750000,-0.009185365523350236,-0.009185365523350236,-0.009185365523350236,0E-17,ELIGIBLE,R03b_20260811_FULL_v1,L1_ELIGIBILITY,v2026-08-11,2026-03-21..2026-08-06,baccarat_bet02_101_all_pairs_incl_sentinel,round_win = game_pnl > 0 (decisive only),COMPATIBILITY_ONLY_NOT_PRODUCTION,268817.8208,244366.2908,168.7661,6248,5610,-0.00062781,-0.08642944,0.00436428,-0.00062781,-168.7661,268817.8208,OK,0.0000,6.7506,4.0000,96.0000,AG03-UNRESOLVED,ALL5_LEVELS_bet23_to_bet27,6.7506,6.7506,6.7506,8.4383,8.4383,4.000000,4.000000,4.000000,5.000000,5.000000,96.000000,96.000000,96.000000,95.000000,95.000000,5.0,37.1285,34.0107,131.6376,134.7554,PENDING_AG03,FALSE,NOT_FOR_ENFORCEMENT,162.0155,234591.6392,168.7661,162.0155,6.7506,0.00062781,0.00060270,6.7506,162.0155,0.00060270,6.7506,6.7506,6.7506,8.4383,8.4383,162.0155,0.00060270,37.1285,34.0107,131.6376,134.7554,0.00048969,0.00050129,0.00002511,43.0246,43.5591,0.0301,2.0581,0.0627,3278.2661,68.4146,17.6798,46.9397,25.7155,39.4976,52.6635,77.1466,82.2897,128.5777,31.4111,0.0,2.083411,3.25533,1.089297,30,192,222,8,0.05498276,0.00062781,0.08642944,0E-8,0.000000,0.909041,0.000000,-0.09079372,2026-03-23,2026-08-06,82,2690,1181,137,0.598540,0.376650,0.410924,0.183276,,,,,,,,GLOBAL_BASELINE_NO_ENTITY_RANKING,,,NOT_APPLICABLE_GLOBAL_BASELINE,HF9g-P5,,,,X 全窗基线 · 不参与实体赏罚,6878023,688,A168_HF9F_20260827_0900,2026-08-27 09:00:00
2026-07-11,70460261,2153,0,43.8902228074,-18.0724446854,-18.0724446854,0.2500000,4,4,0.50329940000000000,0.503299400000,-1.013219660140378,-1.013219660140378,-1.013219660140378,0E-17,ELIGIBLE,R03b_20260811_FULL_v1,L1_ELIGIBILITY,v2026-08-11,2026-03-21..2026-08-06,baccarat_bet02_101_all_pairs_incl_sentinel,round_win = game_pnl > 0 (decisive only),COMPATIBILITY_ONLY_NOT_PRODUCTION,268817.8208,244366.2908,168.7661,6248,5610,-0.00062781,-0.08642944,0.00436428,-0.00062781,-168.7661,268817.8208,OK,0.0000,6.7506,4.0000,96.0000,AG03-UNRESOLVED,ALL5_LEVELS_bet23_to_bet27,6.7506,6.7506,6.7506,8.4383,8.4383,4.000000,4.000000,4.000000,5.000000,5.000000,96.000000,96.000000,96.000000,95.000000,95.000000,5.0,37.1285,34.0107,131.6376,134.7554,PENDING_AG03,FALSE,NOT_FOR_ENFORCEMENT,162.0155,234591.6392,168.7661,162.0155,6.7506,0.00062781,0.00060270,6.7506,162.0155,0.00060270,6.7506,6.7506,6.7506,8.4383,8.4383,162.0155,0.00060270,37.1285,34.0107,131.6376,134.7554,0.00048969,0.00050129,0.00002511,43.0246,43.5591,0.0301,2.0581,0.0627,3278.2661,68.4146,17.6798,46.9397,25.7155,39.4976,52.6635,77.1466,82.2897,128.5777,31.4111,0.0,2.083411,3.25533,1.089297,30,192,222,8,0.05498276,0.00062781,0.08642944,0E-8,0.000000,0.909041,0.000000,-0.09079372,2026-03-23,2026-08-06,82,2690,1181,137,0.598540,0.376650,0.410924,0.183276,,,,,,,,GLOBAL_BASELINE_NO_ENTITY_RANKING,,,NOT_APPLICABLE_GLOBAL_BASELINE,HF9g-P5,,,,X 全窗基线 · 不参与实体赏罚,6878024,688,A168_HF9F_20260827_0900,2026-08-27 09:00:00
2026-07-11,70460261,2155,0,38.7266671830,12.9088890610,12.9088890610,0.5000000,2,2,0.49324550000000000,0.493245500000,0.01910635448239258,0.01910635448239258,0.01910635448239258,0E-17,ELIGIBLE,R03b_20260811_FULL_v1,L1_ELIGIBILITY,v2026-08-11,2026-03-21..2026-08-06,baccarat_bet02_101_all_pairs_incl_sentinel,round_win = game_pnl > 0 (decisive only),COMPATIBILITY_ONLY_NOT_PRODUCTION,268817.8208,244366.2908,168.7661,6248,5610,-0.00062781,-0.08642944,0.00436428,-0.00062781,-168.7661,268817.8208,OK,0.0000,6.7506,4.0000,96.0000,AG03-UNRESOLVED,ALL5_LEVELS_bet23_to_bet27,6.7506,6.7506,6.7506,8.4383,8.4383,4.000000,4.000000,4.000000,5.000000,5.000000,96.000000,96.000000,96.000000,95.000000,95.000000,5.0,37.1285,34.0107,131.6376,134.7554,PENDING_AG03,FALSE,NOT_FOR_ENFORCEMENT,162.0155,234591.6392,168.7661,162.0155,6.7506,0.00062781,0.00060270,6.7506,162.0155,0.00060270,6.7506,6.7506,6.7506,8.4383,8.4383,162.0155,0.00060270,37.1285,34.0107,131.6376,134.7554,0.00048969,0.00050129,0.00002511,43.0246,43.5591,0.0301,2.0581,0.0627,3278.2661,68.4146,17.6798,46.9397,25.7155,39.4976,52.6635,77.1466,82.2897,128.5777,31.4111,0.0,2.083411,3.25533,1.089297,30,192,222,8,0.05498276,0.00062781,0.08642944,0E-8,0.000000,0.909041,0.000000,-0.09079372,2026-03-23,2026-08-06,82,2690,1181,137,0.598540,0.376650,0.410924,0.183276,,,,,,,,GLOBAL_BASELINE_NO_ENTITY_RANKING,,,NOT_APPLICABLE_GLOBAL_BASELINE,HF9g-P5,,,,X 全窗基线 · 不参与实体赏罚,6878025,688,A168_HF9F_20260827_0900,2026-08-27 09:00:00
2026-07-11,70460261,2171,0,167.8155577930,-8.2616889990,-8.2616889990,0.4444444,10,10,0.50262914000000000,0.502629140000,-0.3491129997681332,-0.34911299976813326,-0.3491129997681332,0E-17,ELIGIBLE,R03b_20260811_FULL_v1,L1_ELIGIBILITY,v2026-08-11,2026-03-21..2026-08-06,baccarat_bet02_101_all_pairs_incl_sentinel,round_win = game_pnl > 0 (decisive only),COMPATIBILITY_ONLY_NOT_PRODUCTION,268817.8208,244366.2908,168.7661,6248,5610,-0.00062781,-0.08642944,0.00436428,-0.00062781,-168.7661,268817.8208,OK,0.0000,6.7506,4.0000,96.0000,AG03-UNRESOLVED,ALL5_LEVELS_bet23_to_bet27,6.7506,6.7506,6.7506,8.4383,8.4383,4.000000,4.000000,4.000000,5.000000,5.000000,96.000000,96.000000,96.000000,95.000000,95.000000,5.0,37.1285,34.0107,131.6376,134.7554,PENDING_AG03,FALSE,NOT_FOR_ENFORCEMENT,162.0155,234591.6392,168.7661,162.0155,6.7506,0.00062781,0.00060270,6.7506,162.0155,0.00060270,6.7506,6.7506,6.7506,8.4383,8.4383,162.0155,0.00060270,37.1285,34.0107,131.6376,134.7554,0.00048969,0.00050129,0.00002511,43.0246,43.5591,0.0301,2.0581,0.0627,3278.2661,68.4146,17.6798,46.9397,25.7155,39.4976,52.6635,77.1466,82.2897,128.5777,31.4111,0.0,2.083411,3.25533,1.089297,30,192,222,8,0.05498276,0.00062781,0.08642944,0E-8,0.000000,0.909041,0.000000,-0.09079372,2026-03-23,2026-08-06,82,2690,1181,137,0.598540,0.376650,0.410924,0.183276,,,,,,,,GLOBAL_BASELINE_NO_ENTITY_RANKING,,,NOT_APPLICABLE_GLOBAL_BASELINE,HF9g-P5,,,,X 全窗基线 · 不参与实体赏罚,6878026,688,A168_HF9F_20260827_0900,2026-08-27 09:00:00
2026-07-11,70460261,2175,0,52.6682673689,24.8625203315,24.8625203315,0.6666667,3,3,0.50218230000000000,0.502182300000,0.5697959874915163,0.5697959874915164,0.5697959874915163,0E-17,ELIGIBLE,R03b_20260811_FULL_v1,L1_ELIGIBILITY,v2026-08-11,2026-03-21..2026-08-06,baccarat_bet02_101_all_pairs_incl_sentinel,round_win = game_pnl > 0 (decisive only),COMPATIBILITY_ONLY_NOT_PRODUCTION,268817.8208,244366.2908,168.7661,6248,5610,-0.00062781,-0.08642944,0.00436428,-0.00062781,-168.7661,268817.8208,OK,0.0000,6.7506,4.0000,96.0000,AG03-UNRESOLVED,ALL5_LEVELS_bet23_to_bet27,6.7506,6.7506,6.7506,8.4383,8.4383,4.000000,4.000000,4.000000,5.000000,5.000000,96.000000,96.000000,96.000000,95.000000,95.000000,5.0,37.1285,34.0107,131.6376,134.7554,PENDING_AG03,FALSE,NOT_FOR_ENFORCEMENT,162.0155,234591.6392,168.7661,162.0155,6.7506,0.00062781,0.00060270,6.7506,162.0155,0.00060270,6.7506,6.7506,6.7506,8.4383,8.4383,162.0155,0.00060270,37.1285,34.0107,131.6376,134.7554,0.00048969,0.00050129,0.00002511,43.0246,43.5591,0.0301,2.0581,0.0627,3278.2661,68.4146,17.6798,46.9397,25.7155,39.4976,52.6635,77.1466,82.2897,128.5777,31.4111,0.0,2.083411,3.25533,1.089297,30,192,222,8,0.05498276,0.00062781,0.08642944,0E-8,0.000000,0.909041,0.000000,-0.09079372,2026-03-23,2026-08-06,82,2690,1181,137,0.598540,0.376650,0.410924,0.183276,,,,,,,,GLOBAL_BASELINE_NO_ENTITY_RANKING,,,NOT_APPLICABLE_GLOBAL_BASELINE,HF9g-P5,,,,X 全窗基线 · 不参与实体赏罚,6878027,688,A168_HF9F_20260827_0900,2026-08-27 09:00:00
2026-07-11,70460261,2196,0,51.6355562440,0E-10,0E-10,0.5000000,2,2,0.49994810000000000,0.499948100000,0.00014679536856514622,0.00014679536856514622,0.00014679536856514622,0E-17,ELIGIBLE,R03b_20260811_FULL_v1,L1_ELIGIBILITY,v2026-08-11,2026-03-21..2026-08-06,baccarat_bet02_101_all_pairs_incl_sentinel,round_win = game_pnl > 0 (decisive only),COMPATIBILITY_ONLY_NOT_PRODUCTION,268817.8208,244366.2908,168.7661,6248,5610,-0.00062781,-0.08642944,0.00436428,-0.00062781,-168.7661,268817.8208,OK,0.0000,6.7506,4.0000,96.0000,AG03-UNRESOLVED,ALL5_LEVELS_bet23_to_bet27,6.7506,6.7506,6.7506,8.4383,8.4383,4.000000,4.000000,4.000000,5.000000,5.000000,96.000000,96.000000,96.000000,95.000000,95.000000,5.0,37.1285,34.0107,131.6376,134.7554,PENDING_AG03,FALSE,NOT_FOR_ENFORCEMENT,162.0155,234591.6392,168.7661,162.0155,6.7506,0.00062781,0.00060270,6.7506,162.0155,0.00060270,6.7506,6.7506,6.7506,8.4383,8.4383,162.0155,0.00060270,37.1285,34.0107,131.6376,134.7554,0.00048969,0.00050129,0.00002511,43.0246,43.5591,0.0301,2.0581,0.0627,3278.2661,68.4146,17.6798,46.9397,25.7155,39.4976,52.6635,77.1466,82.2897,128.5777,31.4111,0.0,2.083411,3.25533,1.089297,30,192,222,8,0.05498276,0.00062781,0.08642944,0E-8,0.000000,0.909041,0.000000,-0.09079372,2026-03-23,2026-08-06,82,2690,1181,137,0.598540,0.376650,0.410924,0.183276,,,,,,,,GLOBAL_BASELINE_NO_ENTITY_RANKING,,,NOT_APPLICABLE_GLOBAL_BASELINE,HF9g-P5,,,,X 全窗基线 · 不参与实体赏罚,6878028,688,A168_HF9F_20260827_0900,2026-08-27 09:00:00
2026-07-11,70460261,2205,0,82.6168899904,-57.4445563214,-57.4445563214,0.1666667,6,6,0.49994810000000000,0.499948100000,-1.6327389136160748,-1.6327389136160748,-1.6327389136160748,0E-17,ELIGIBLE,R03b_20260811_FULL_v1,L1_ELIGIBILITY,v2026-08-11,2026-03-21..2026-08-06,baccarat_bet02_101_all_pairs_incl_sentinel,round_win = game_pnl > 0 (decisive only),COMPATIBILITY_ONLY_NOT_PRODUCTION,268817.8208,244366.2908,168.7661,6248,5610,-0.00062781,-0.08642944,0.00436428,-0.00062781,-168.7661,268817.8208,OK,0.0000,6.7506,4.0000,96.0000,AG03-UNRESOLVED,ALL5_LEVELS_bet23_to_bet27,6.7506,6.7506,6.7506,8.4383,8.4383,4.000000,4.000000,4.000000,5.000000,5.000000,96.000000,96.000000,96.000000,95.000000,95.000000,5.0,37.1285,34.0107,131.6376,134.7554,PENDING_AG03,FALSE,NOT_FOR_ENFORCEMENT,162.0155,234591.6392,168.7661,162.0155,6.7506,0.00062781,0.00060270,6.7506,162.0155,0.00060270,6.7506,6.7506,6.7506,8.4383,8.4383,162.0155,0.00060270,37.1285,34.0107,131.6376,134.7554,0.00048969,0.00050129,0.00002511,43.0246,43.5591,0.0301,2.0581,0.0627,3278.2661,68.4146,17.6798,46.9397,25.7155,39.4976,52.6635,77.1466,82.2897,128.5777,31.4111,0.0,2.083411,3.25533,1.089297,30,192,222,8,0.05498276,0.00062781,0.08642944,0E-8,0.000000,0.909041,0.000000,-0.09079372,2026-03-23,2026-08-06,82,2690,1181,137,0.598540,0.376650,0.410924,0.183276,,,,,,,,GLOBAL_BASELINE_NO_ENTITY_RANKING,,,NOT_APPLICABLE_GLOBAL_BASELINE,HF9g-P5,,,,X 全窗基线 · 不参与实体赏罚,6878029,688,A168_HF9F_20260827_0900,2026-08-27 09:00:00
2026-07-11,70460261,2209,0,185.8880024784,32.2722226526,32.2722226526,0.6363636,14,11,0.47381025717171717,0.440655763636,1.0797393438275904,1.307420612835103,1.0797393438275904,0.03315449353571717,ELIGIBLE,R03b_20260811_FULL_v1,L1_ELIGIBILITY,v2026-08-11,2026-03-21..2026-08-06,baccarat_bet02_101_all_pairs_incl_sentinel,round_win = game_pnl > 0 (decisive only),COMPATIBILITY_ONLY_NOT_PRODUCTION,268817.8208,244366.2908,168.7661,6248,5610,-0.00062781,-0.08642944,0.00436428,-0.00062781,-168.7661,268817.8208,OK,0.0000,6.7506,4.0000,96.0000,AG03-UNRESOLVED,ALL5_LEVELS_bet23_to_bet27,6.7506,6.7506,6.7506,8.4383,8.4383,4.000000,4.000000,4.000000,5.000000,5.000000,96.000000,96.000000,96.000000,95.000000,95.000000,5.0,37.1285,34.0107,131.6376,134.7554,PENDING_AG03,FALSE,NOT_FOR_ENFORCEMENT,162.0155,234591.6392,168.7661,162.0155,6.7506,0.00062781,0.00060270,6.7506,162.0155,0.00060270,6.7506,6.7506,6.7506,8.4383,8.4383,162.0155,0.00060270,37.1285,34.0107,131.6376,134.7554,0.00048969,0.00050129,0.00002511,43.0246,43.5591,0.0301,2.0581,0.0627,3278.2661,68.4146,17.6798,46.9397,25.7155,39.4976,52.6635,77.1466,82.2897,128.5777,31.4111,0.0,2.083411,3.25533,1.089297,30,192,222,8,0.05498276,0.00062781,0.08642944,0E-8,0.000000,0.909041,0.000000,-0.09079372,2026-03-23,2026-08-06,82,2690,1181,137,0.598540,0.376650,0.410924,0.183276,,,,,,,,GLOBAL_BASELINE_NO_ENTITY_RANKING,,,NOT_APPLICABLE_GLOBAL_BASELINE,HF9g-P5,,,,X 全窗基线 · 不参与实体赏罚,6878030,688,A168_HF9F_20260827_0900,2026-08-27 09:00:00
2026-07-11,70460261,2210,0,34.0794671211,-21.1705780601,-21.1705780601,0E-7,2,2,0.50665070000000000,0.506650700000,-1.013391052207602,-1.013391052207602,-1.013391052207602,0E-17,ELIGIBLE,R03b_20260811_FULL_v1,L1_ELIGIBILITY,v2026-08-11,2026-03-21..2026-08-06,baccarat_bet02_101_all_pairs_incl_sentinel,round_win = game_pnl > 0 (decisive only),COMPATIBILITY_ONLY_NOT_PRODUCTION,268817.8208,244366.2908,168.7661,6248,5610,-0.00062781,-0.08642944,0.00436428,-0.00062781,-168.7661,268817.8208,OK,0.0000,6.7506,4.0000,96.0000,AG03-UNRESOLVED,ALL5_LEVELS_bet23_to_bet27,6.7506,6.7506,6.7506,8.4383,8.4383,4.000000,4.000000,4.000000,5.000000,5.000000,96.000000,96.000000,96.000000,95.000000,95.000000,5.0,37.1285,34.0107,131.6376,134.7554,PENDING_AG03,FALSE,NOT_FOR_ENFORCEMENT,162.0155,234591.6392,168.7661,162.0155,6.7506,0.00062781,0.00060270,6.7506,162.0155,0.00060270,6.7506,6.7506,6.7506,8.4383,8.4383,162.0155,0.00060270,37.1285,34.0107,131.6376,134.7554,0.00048969,0.00050129,0.00002511,43.0246,43.5591,0.0301,2.0581,0.0627,3278.2661,68.4146,17.6798,46.9397,25.7155,39.4976,52.6635,77.1466,82.2897,128.5777,31.4111,0.0,2.083411,3.25533,1.089297,30,192,222,8,0.05498276,0.00062781,0.08642944,0E-8,0.000000,0.909041,0.000000,-0.09079372,2026-03-23,2026-08-06,82,2690,1181,137,0.598540,0.376650,0.410924,0.183276,,,,,,,,GLOBAL_BASELINE_NO_ENTITY_RANKING,,,NOT_APPLICABLE_GLOBAL_BASELINE,HF9g-P5,,,,X 全窗基线 · 不参与实体赏罚,6878031,688,A168_HF9F_20260827_0900,2026-08-27 09:00:00
2026-07-11,70460261,2224,0,12.9088890610,12.2634446080,12.2634446080,1.0000000,1,1,0.50665070000000000,0.506650700000,0.9867858985152569,0.9867858985152569,0.9867858985152569,0E-17,ELIGIBLE,R03b_20260811_FULL_v1,L1_ELIGIBILITY,v2026-08-11,2026-03-21..2026-08-06,baccarat_bet02_101_all_pairs_incl_sentinel,round_win = game_pnl > 0 (decisive only),COMPATIBILITY_ONLY_NOT_PRODUCTION,268817.8208,244366.2908,168.7661,6248,5610,-0.00062781,-0.08642944,0.00436428,-0.00062781,-168.7661,268817.8208,OK,0.0000,6.7506,4.0000,96.0000,AG03-UNRESOLVED,ALL5_LEVELS_bet23_to_bet27,6.7506,6.7506,6.7506,8.4383,8.4383,4.000000,4.000000,4.000000,5.000000,5.000000,96.000000,96.000000,96.000000,95.000000,95.000000,5.0,37.1285,34.0107,131.6376,134.7554,PENDING_AG03,FALSE,NOT_FOR_ENFORCEMENT,162.0155,234591.6392,168.7661,162.0155,6.7506,0.00062781,0.00060270,6.7506,162.0155,0.00060270,6.7506,6.7506,6.7506,8.4383,8.4383,162.0155,0.00060270,37.1285,34.0107,131.6376,134.7554,0.00048969,0.00050129,0.00002511,43.0246,43.5591,0.0301,2.0581,0.0627,3278.2661,68.4146,17.6798,46.9397,25.7155,39.4976,52.6635,77.1466,82.2897,128.5777,31.4111,0.0,2.083411,3.25533,1.089297,30,192,222,8,0.05498276,0.00062781,0.08642944,0E-8,0.000000,0.909041,0.000000,-0.09079372,2026-03-23,2026-08-06,82,2690,1181,137,0.598540,0.376650,0.410924,0.183276,,,,,,,,GLOBAL_BASELINE_NO_ENTITY_RANKING,,,NOT_APPLICABLE_GLOBAL_BASELINE,HF9g-P5,,,,X 全窗基线 · 不参与实体赏罚,6878032,688,A168_HF9F_20260827_0900,2026-08-27 09:00:00
2026-07-11,70460261,2229,0,51.6355562440,-51.6355562440,-51.6355562440,0E-7,2,2,0.50665070000000000,0.506650700000,-1.4331513700195317,-1.4331513700195317,-1.4331513700195317,0E-17,ELIGIBLE,R03b_20260811_FULL_v1,L1_ELIGIBILITY,v2026-08-11,2026-03-21..2026-08-06,baccarat_bet02_101_all_pairs_incl_sentinel,round_win = game_pnl > 0 (decisive only),COMPATIBILITY_ONLY_NOT_PRODUCTION,268817.8208,244366.2908,168.7661,6248,5610,-0.00062781,-0.08642944,0.00436428,-0.00062781,-168.7661,268817.8208,OK,0.0000,6.7506,4.0000,96.0000,AG03-UNRESOLVED,ALL5_LEVELS_bet23_to_bet27,6.7506,6.7506,6.7506,8.4383,8.4383,4.000000,4.000000,4.000000,5.000000,5.000000,96.000000,96.000000,96.000000,95.000000,95.000000,5.0,37.1285,34.0107,131.6376,134.7554,PENDING_AG03,FALSE,NOT_FOR_ENFORCEMENT,162.0155,234591.6392,168.7661,162.0155,6.7506,0.00062781,0.00060270,6.7506,162.0155,0.00060270,6.7506,6.7506,6.7506,8.4383,8.4383,162.0155,0.00060270,37.1285,34.0107,131.6376,134.7554,0.00048969,0.00050129,0.00002511,43.0246,43.5591,0.0301,2.0581,0.0627,3278.2661,68.4146,17.6798,46.9397,25.7155,39.4976,52.6635,77.1466,82.2897,128.5777,31.4111,0.0,2.083411,3.25533,1.089297,30,192,222,8,0.05498276,0.00062781,0.08642944,0E-8,0.000000,0.909041,0.000000,-0.09079372,2026-03-23,2026-08-06,82,2690,1181,137,0.598540,0.376650,0.410924,0.183276,,,,,,,,GLOBAL_BASELINE_NO_ENTITY_RANKING,,,NOT_APPLICABLE_GLOBAL_BASELINE,HF9g-P5,,,,X 全窗基线 · 不参与实体赏罚,6878033,688,A168_HF9F_20260827_0900,2026-08-27 09:00:00
2026-07-11,70460261,2242,0,95.5257790514,-23.8814447628,-23.8814447628,0.3333333,5,5,0.50128862000000000,0.501288620000,-0.5818161120757372,-0.5818161120757372,-0.5818161120757372,0E-17,ELIGIBLE,R03b_20260811_FULL_v1,L1_ELIGIBILITY,v2026-08-11,2026-03-21..2026-08-06,baccarat_bet02_101_all_pairs_incl_sentinel,round_win = game_pnl > 0 (decisive only),COMPATIBILITY_ONLY_NOT_PRODUCTION,268817.8208,244366.2908,168.7661,6248,5610,-0.00062781,-0.08642944,0.00436428,-0.00062781,-168.7661,268817.8208,OK,0.0000,6.7506,4.0000,96.0000,AG03-UNRESOLVED,ALL5_LEVELS_bet23_to_bet27,6.7506,6.7506,6.7506,8.4383,8.4383,4.000000,4.000000,4.000000,5.000000,5.000000,96.000000,96.000000,96.000000,95.000000,95.000000,5.0,37.1285,34.0107,131.6376,134.7554,PENDING_AG03,FALSE,NOT_FOR_ENFORCEMENT,162.0155,234591.6392,168.7661,162.0155,6.7506,0.00062781,0.00060270,6.7506,162.0155,0.00060270,6.7506,6.7506,6.7506,8.4383,8.4383,162.0155,0.00060270,37.1285,34.0107,131.6376,134.7554,0.00048969,0.00050129,0.00002511,43.0246,43.5591,0.0301,2.0581,0.0627,3278.2661,68.4146,17.6798,46.9397,25.7155,39.4976,52.6635,77.1466,82.2897,128.5777,31.4111,0.0,2.083411,3.25533,1.089297,30,192,222,8,0.05498276,0.00062781,0.08642944,0E-8,0.000000,0.909041,0.000000,-0.09079372,2026-03-23,2026-08-06,82,2690,1181,137,0.598540,0.376650,0.410924,0.183276,,,,,,,,GLOBAL_BASELINE_NO_ENTITY_RANKING,,,NOT_APPLICABLE_GLOBAL_BASELINE,HF9g-P5,,,,X 全窗基线 · 不参与实体赏罚,6878034,688,A168_HF9F_20260827_0900,2026-08-27 09:00:00
2026-07-11,70460261,2258,0,242.1707587844,76.8078899130,76.8078899130,0.6666667,16,15,0.49758398848484848,0.487973003333,1.3097240835613007,1.384555770526569,1.3097240835613007,0.00961098515184848,ELIGIBLE,R03b_20260811_FULL_v1,L1_ELIGIBILITY,v2026-08-11,2026-03-21..2026-08-06,baccarat_bet02_101_all_pairs_incl_sentinel,round_win = game_pnl > 0 (decisive only),COMPATIBILITY_ONLY_NOT_PRODUCTION,268817.8208,244366.2908,168.7661,6248,5610,-0.00062781,-0.08642944,0.00436428,-0.00062781,-168.7661,268817.8208,OK,0.0000,6.7506,4.0000,96.0000,AG03-UNRESOLVED,ALL5_LEVELS_bet23_to_bet27,6.7506,6.7506,6.7506,8.4383,8.4383,4.000000,4.000000,4.000000,5.000000,5.000000,96.000000,96.000000,96.000000,95.000000,95.000000,5.0,37.1285,34.0107,131.6376,134.7554,PENDING_AG03,FALSE,NOT_FOR_ENFORCEMENT,162.0155,234591.6392,168.7661,162.0155,6.7506,0.00062781,0.00060270,6.7506,162.0155,0.00060270,6.7506,6.7506,6.7506,8.4383,8.4383,162.0155,0.00060270,37.1285,34.0107,131.6376,134.7554,0.00048969,0.00050129,0.00002511,43.0246,43.5591,0.0301,2.0581,0.0627,3278.2661,68.4146,17.6798,46.9397,25.7155,39.4976,52.6635,77.1466,82.2897,128.5777,31.4111,0.0,2.083411,3.25533,1.089297,30,192,222,8,0.05498276,0.00062781,0.08642944,0E-8,0.000000,0.909041,0.000000,-0.09079372,2026-03-23,2026-08-06,82,2690,1181,137,0.598540,0.376650,0.410924,0.183276,,,,,,,,GLOBAL_BASELINE_NO_ENTITY_RANKING,,,NOT_APPLICABLE_GLOBAL_BASELINE,HF9g-P5,,,,X 全窗基线 · 不参与实体赏罚,6878035,688,A168_HF9F_20260827_0900,2026-08-27 09:00:00
2026-07-11,70460261,2280,0,54.2173340562,-29.0450003872,-29.0450003872,0.3333333,3,3,0.50665070000000000,0.506650700000,-0.6004420894325239,-0.6004420894325239,-0.6004420894325239,0E-17,ELIGIBLE,R03b_20260811_FULL_v1,L1_ELIGIBILITY,v2026-08-11,2026-03-21..2026-08-06,baccarat_bet02_101_all_pairs_incl_sentinel,round_win = game_pnl > 0 (decisive only),COMPATIBILITY_ONLY_NOT_PRODUCTION,268817.8208,244366.2908,168.7661,6248,5610,-0.00062781,-0.08642944,0.00436428,-0.00062781,-168.7661,268817.8208,OK,0.0000,6.7506,4.0000,96.0000,AG03-UNRESOLVED,ALL5_LEVELS_bet23_to_bet27,6.7506,6.7506,6.7506,8.4383,8.4383,4.000000,4.000000,4.000000,5.000000,5.000000,96.000000,96.000000,96.000000,95.000000,95.000000,5.0,37.1285,34.0107,131.6376,134.7554,PENDING_AG03,FALSE,NOT_FOR_ENFORCEMENT,162.0155,234591.6392,168.7661,162.0155,6.7506,0.00062781,0.00060270,6.7506,162.0155,0.00060270,6.7506,6.7506,6.7506,8.4383,8.4383,162.0155,0.00060270,37.1285,34.0107,131.6376,134.7554,0.00048969,0.00050129,0.00002511,43.0246,43.5591,0.0301,2.0581,0.0627,3278.2661,68.4146,17.6798,46.9397,25.7155,39.4976,52.6635,77.1466,82.2897,128.5777,31.4111,0.0,2.083411,3.25533,1.089297,30,192,222,8,0.05498276,0.00062781,0.08642944,0E-8,0.000000,0.909041,0.000000,-0.09079372,2026-03-23,2026-08-06,82,2690,1181,137,0.598540,0.376650,0.410924,0.183276,,,,,,,,GLOBAL_BASELINE_NO_ENTITY_RANKING,,,NOT_APPLICABLE_GLOBAL_BASELINE,HF9g-P5,,,,X 全窗基线 · 不参与实体赏罚,6878036,688,A168_HF9F_20260827_0900,2026-08-27 09:00:00
2026-07-11,70460261,2289,0,95.5257790514,-3.2272222652,-3.2272222652,0.4000000,6,5,0.48316504800000000,0.455979690000,-0.37213639970583845,-0.25132470705683785,-0.37213639970583845,0.02718535800000000,ELIGIBLE,R03b_20260811_FULL_v1,L1_ELIGIBILITY,v2026-08-11,2026-03-21..2026-08-06,baccarat_bet02_101_all_pairs_incl_sentinel,round_win = game_pnl > 0 (decisive only),COMPATIBILITY_ONLY_NOT_PRODUCTION,268817.8208,244366.2908,168.7661,6248,5610,-0.00062781,-0.08642944,0.00436428,-0.00062781,-168.7661,268817.8208,OK,0.0000,6.7506,4.0000,96.0000,AG03-UNRESOLVED,ALL5_LEVELS_bet23_to_bet27,6.7506,6.7506,6.7506,8.4383,8.4383,4.000000,4.000000,4.000000,5.000000,5.000000,96.000000,96.000000,96.000000,95.000000,95.000000,5.0,37.1285,34.0107,131.6376,134.7554,PENDING_AG03,FALSE,NOT_FOR_ENFORCEMENT,162.0155,234591.6392,168.7661,162.0155,6.7506,0.00062781,0.00060270,6.7506,162.0155,0.00060270,6.7506,6.7506,6.7506,8.4383,8.4383,162.0155,0.00060270,37.1285,34.0107,131.6376,134.7554,0.00048969,0.00050129,0.00002511,43.0246,43.5591,0.0301,2.0581,0.0627,3278.2661,68.4146,17.6798,46.9397,25.7155,39.4976,52.6635,77.1466,82.2897,128.5777,31.4111,0.0,2.083411,3.25533,1.089297,30,192,222,8,0.05498276,0.00062781,0.08642944,0E-8,0.000000,0.909041,0.000000,-0.09079372,2026-03-23,2026-08-06,82,2690,1181,137,0.598540,0.376650,0.410924,0.183276,,,,,,,,GLOBAL_BASELINE_NO_ENTITY_RANKING,,,NOT_APPLICABLE_GLOBAL_BASELINE,HF9g-P5,,,,X 全窗基线 · 不参与实体赏罚,6878037,688,A168_HF9F_20260827_0900,2026-08-27 09:00:00
2026-07-11,70460261,471,0,53.4428007125,1.0327111248,1.0327111248,0.6666667,3,3,0.49771390000000000,0.497713900000,0.5852756695216578,0.5852756695216578,0.5852756695216578,0E-17,ELIGIBLE,R03b_20260811_FULL_v1,L1_ELIGIBILITY,v2026-08-11,2026-03-21..2026-08-06,baccarat_bet02_101_all_pairs_incl_sentinel,round_win = game_pnl > 0 (decisive only),COMPATIBILITY_ONLY_NOT_PRODUCTION,268817.8208,244366.2908,168.7661,6248,5610,-0.00062781,-0.08642944,0.00436428,-0.00062781,-168.7661,268817.8208,OK,0.0000,6.7506,4.0000,96.0000,AG03-UNRESOLVED,ALL5_LEVELS_bet23_to_bet27,6.7506,6.7506,6.7506,8.4383,8.4383,4.000000,4.000000,4.000000,5.000000,5.000000,96.000000,96.000000,96.000000,95.000000,95.000000,5.0,37.1285,34.0107,131.6376,134.7554,PENDING_AG03,FALSE,NOT_FOR_ENFORCEMENT,162.0155,234591.6392,168.7661,162.0155,6.7506,0.00062781,0.00060270,6.7506,162.0155,0.00060270,6.7506,6.7506,6.7506,8.4383,8.4383,162.0155,0.00060270,37.1285,34.0107,131.6376,134.7554,0.00048969,0.00050129,0.00002511,43.0246,43.5591,0.0301,2.0581,0.0627,3278.2661,68.4146,17.6798,46.9397,25.7155,39.4976,52.6635,77.1466,82.2897,128.5777,31.4111,0.0,2.083411,3.25533,1.089297,30,192,222,8,0.05498276,0.00062781,0.08642944,0E-8,0.000000,0.909041,0.000000,-0.09079372,2026-03-23,2026-08-06,82,2690,1181,137,0.598540,0.376650,0.410924,0.183276,,,,,,,,GLOBAL_BASELINE_NO_ENTITY_RANKING,,,NOT_APPLICABLE_GLOBAL_BASELINE,HF9g-P5,,,,X 全窗基线 · 不参与实体赏罚,6878038,688,A168_HF9F_20260827_0900,2026-08-27 09:00:00
2026-07-11,70460261,526,0,41.3084449952,14.0706890765,14.0706890765,0.6666667,3,3,0.50665070000000000,0.506650700000,0.5543606114942035,0.5543606114942035,0.5543606114942035,0E-17,ELIGIBLE,R03b_20260811_FULL_v1,L1_ELIGIBILITY,v2026-08-11,2026-03-21..2026-08-06,baccarat_bet02_101_all_pairs_incl_sentinel,round_win = game_pnl > 0 (decisive only),COMPATIBILITY_ONLY_NOT_PRODUCTION,268817.8208,244366.2908,168.7661,6248,5610,-0.00062781,-0.08642944,0.00436428,-0.00062781,-168.7661,268817.8208,OK,0.0000,6.7506,4.0000,96.0000,AG03-UNRESOLVED,ALL5_LEVELS_bet23_to_bet27,6.7506,6.7506,6.7506,8.4383,8.4383,4.000000,4.000000,4.000000,5.000000,5.000000,96.000000,96.000000,96.000000,95.000000,95.000000,5.0,37.1285,34.0107,131.6376,134.7554,PENDING_AG03,FALSE,NOT_FOR_ENFORCEMENT,162.0155,234591.6392,168.7661,162.0155,6.7506,0.00062781,0.00060270,6.7506,162.0155,0.00060270,6.7506,6.7506,6.7506,8.4383,8.4383,162.0155,0.00060270,37.1285,34.0107,131.6376,134.7554,0.00048969,0.00050129,0.00002511,43.0246,43.5591,0.0301,2.0581,0.0627,3278.2661,68.4146,17.6798,46.9397,25.7155,39.4976,52.6635,77.1466,82.2897,128.5777,31.4111,0.0,2.083411,3.25533,1.089297,30,192,222,8,0.05498276,0.00062781,0.08642944,0E-8,0.000000,0.909041,0.000000,-0.09079372,2026-03-23,2026-08-06,82,2690,1181,137,0.598540,0.376650,0.410924,0.183276,,,,,,,,GLOBAL_BASELINE_NO_ENTITY_RANKING,,,NOT_APPLICABLE_GLOBAL_BASELINE,HF9g-P5,,,,X 全窗基线 · 不参与实体赏罚,6878039,688,A168_HF9F_20260827_0900,2026-08-27 09:00:00
2026-07-11,70460261,529,0,64.5444453050,-1.2908889060,-1.2908889060,0.5000000,5,5,0.50128862000000000,0.501288620000,-0.0051544971185412255,-0.0051544971185412255,-0.0051544971185412255,0E-17,ELIGIBLE,R03b_20260811_FULL_v1,L1_ELIGIBILITY,v2026-08-11,2026-03-21..2026-08-06,baccarat_bet02_101_all_pairs_incl_sentinel,round_win = game_pnl > 0 (decisive only),COMPATIBILITY_ONLY_NOT_PRODUCTION,268817.8208,244366.2908,168.7661,6248,5610,-0.00062781,-0.08642944,0.00436428,-0.00062781,-168.7661,268817.8208,OK,0.0000,6.7506,4.0000,96.0000,AG03-UNRESOLVED,ALL5_LEVELS_bet23_to_bet27,6.7506,6.7506,6.7506,8.4383,8.4383,4.000000,4.000000,4.000000,5.000000,5.000000,96.000000,96.000000,96.000000,95.000000,95.000000,5.0,37.1285,34.0107,131.6376,134.7554,PENDING_AG03,FALSE,NOT_FOR_ENFORCEMENT,162.0155,234591.6392,168.7661,162.0155,6.7506,0.00062781,0.00060270,6.7506,162.0155,0.00060270,6.7506,6.7506,6.7506,8.4383,8.4383,162.0155,0.00060270,37.1285,34.0107,131.6376,134.7554,0.00048969,0.00050129,0.00002511,43.0246,43.5591,0.0301,2.0581,0.0627,3278.2661,68.4146,17.6798,46.9397,25.7155,39.4976,52.6635,77.1466,82.2897,128.5777,31.4111,0.0,2.083411,3.25533,1.089297,30,192,222,8,0.05498276,0.00062781,0.08642944,0E-8,0.000000,0.909041,0.000000,-0.09079372,2026-03-23,2026-08-06,82,2690,1181,137,0.598540,0.376650,0.410924,0.183276,,,,,,,,GLOBAL_BASELINE_NO_ENTITY_RANKING,,,NOT_APPLICABLE_GLOBAL_BASELINE,HF9g-P5,,,,X 全窗基线 · 不参与实体赏罚,6878040,688,A168_HF9F_20260827_0900,2026-08-27 09:00:00
2026-07-11,70460261,550,0,74.8715565538,40.9211783233,40.9211783233,0.7500000,4,4,0.50665070000000000,0.506650700000,0.9734833216690844,0.9734833216690844,0.9734833216690844,0E-17,ELIGIBLE,R03b_20260811_FULL_v1,L1_ELIGIBILITY,v2026-08-11,2026-03-21..2026-08-06,baccarat_bet02_101_all_pairs_incl_sentinel,round_win = game_pnl > 0 (decisive only),COMPATIBILITY_ONLY_NOT_PRODUCTION,268817.8208,244366.2908,168.7661,6248,5610,-0.00062781,-0.08642944,0.00436428,-0.00062781,-168.7661,268817.8208,OK,0.0000,6.7506,4.0000,96.0000,AG03-UNRESOLVED,ALL5_LEVELS_bet23_to_bet27,6.7506,6.7506,6.7506,8.4383,8.4383,4.000000,4.000000,4.000000,5.000000,5.000000,96.000000,96.000000,96.000000,95.000000,95.000000,5.0,37.1285,34.0107,131.6376,134.7554,PENDING_AG03,FALSE,NOT_FOR_ENFORCEMENT,162.0155,234591.6392,168.7661,162.0155,6.7506,0.00062781,0.00060270,6.7506,162.0155,0.00060270,6.7506,6.7506,6.7506,8.4383,8.4383,162.0155,0.00060270,37.1285,34.0107,131.6376,134.7554,0.00048969,0.00050129,0.00002511,43.0246,43.5591,0.0301,2.0581,0.0627,3278.2661,68.4146,17.6798,46.9397,25.7155,39.4976,52.6635,77.1466,82.2897,128.5777,31.4111,0.0,2.083411,3.25533,1.089297,30,192,222,8,0.05498276,0.00062781,0.08642944,0E-8,0.000000,0.909041,0.000000,-0.09079372,2026-03-23,2026-08-06,82,2690,1181,137,0.598540,0.376650,0.410924,0.183276,,,,,,,,GLOBAL_BASELINE_NO_ENTITY_RANKING,,,NOT_APPLICABLE_GLOBAL_BASELINE,HF9g-P5,,,,X 全窗基线 · 不参与实体赏罚,6878041,688,A168_HF9F_20260827_0900,2026-08-27 09:00:00
2026-07-11,70460261,583,0,111.0164459246,14.8452224202,14.8452224202,0.4285714,7,7,0.50473567142857143,0.504735671429,-0.403041368878626,-0.40304136888089725,-0.403041368878626,-4.2857E-13,ELIGIBLE,R03b_20260811_FULL_v1,L1_ELIGIBILITY,v2026-08-11,2026-03-21..2026-08-06,baccarat_bet02_101_all_pairs_incl_sentinel,round_win = game_pnl > 0 (decisive only),COMPATIBILITY_ONLY_NOT_PRODUCTION,268817.8208,244366.2908,168.7661,6248,5610,-0.00062781,-0.08642944,0.00436428,-0.00062781,-168.7661,268817.8208,OK,0.0000,6.7506,4.0000,96.0000,AG03-UNRESOLVED,ALL5_LEVELS_bet23_to_bet27,6.7506,6.7506,6.7506,8.4383,8.4383,4.000000,4.000000,4.000000,5.000000,5.000000,96.000000,96.000000,96.000000,95.000000,95.000000,5.0,37.1285,34.0107,131.6376,134.7554,PENDING_AG03,FALSE,NOT_FOR_ENFORCEMENT,162.0155,234591.6392,168.7661,162.0155,6.7506,0.00062781,0.00060270,6.7506,162.0155,0.00060270,6.7506,6.7506,6.7506,8.4383,8.4383,162.0155,0.00060270,37.1285,34.0107,131.6376,134.7554,0.00048969,0.00050129,0.00002511,43.0246,43.5591,0.0301,2.0581,0.0627,3278.2661,68.4146,17.6798,46.9397,25.7155,39.4976,52.6635,77.1466,82.2897,128.5777,31.4111,0.0,2.083411,3.25533,1.089297,30,192,222,8,0.05498276,0.00062781,0.08642944,0E-8,0.000000,0.909041,0.000000,-0.09079372,2026-03-23,2026-08-06,82,2690,1181,137,0.598540,0.376650,0.410924,0.183276,,,,,,,,GLOBAL_BASELINE_NO_ENTITY_RANKING,,,NOT_APPLICABLE_GLOBAL_BASELINE,HF9g-P5,,,,X 全窗基线 · 不参与实体赏罚,6878042,688,A168_HF9F_20260827_0900,2026-08-27 09:00:00
2026-07-11,70460261,919,0,30.9813337464,4.2599333901,4.2599333901,0.5000000,2,2,0.50665070000000000,0.506650700000,-0.018812684590367487,-0.018812684590367487,-0.018812684590367487,0E-17,ELIGIBLE,R03b_20260811_FULL_v1,L1_ELIGIBILITY,v2026-08-11,2026-03-21..2026-08-06,baccarat_bet02_101_all_pairs_incl_sentinel,round_win = game_pnl > 0 (decisive only),COMPATIBILITY_ONLY_NOT_PRODUCTION,268817.8208,244366.2908,168.7661,6248,5610,-0.00062781,-0.08642944,0.00436428,-0.00062781,-168.7661,268817.8208,OK,0.0000,6.7506,4.0000,96.0000,AG03-UNRESOLVED,ALL5_LEVELS_bet23_to_bet27,6.7506,6.7506,6.7506,8.4383,8.4383,4.000000,4.000000,4.000000,5.000000,5.000000,96.000000,96.000000,96.000000,95.000000,95.000000,5.0,37.1285,34.0107,131.6376,134.7554,PENDING_AG03,FALSE,NOT_FOR_ENFORCEMENT,162.0155,234591.6392,168.7661,162.0155,6.7506,0.00062781,0.00060270,6.7506,162.0155,0.00060270,6.7506,6.7506,6.7506,8.4383,8.4383,162.0155,0.00060270,37.1285,34.0107,131.6376,134.7554,0.00048969,0.00050129,0.00002511,43.0246,43.5591,0.0301,2.0581,0.0627,3278.2661,68.4146,17.6798,46.9397,25.7155,39.4976,52.6635,77.1466,82.2897,128.5777,31.4111,0.0,2.083411,3.25533,1.089297,30,192,222,8,0.05498276,0.00062781,0.08642944,0E-8,0.000000,0.909041,0.000000,-0.09079372,2026-03-23,2026-08-06,82,2690,1181,137,0.598540,0.376650,0.410924,0.183276,,,,,,,,GLOBAL_BASELINE_NO_ENTITY_RANKING,,,NOT_APPLICABLE_GLOBAL_BASELINE,HF9g-P5,,,,X 全窗基线 · 不参与实体赏罚,6878043,688,A168_HF9F_20260827_0900,2026-08-27 09:00:00
2026-07-12,70460261,-1,1,1280.3036170700,-0.0645444452,-0.0645444452,0.5076923,74,70,0.49513584524376417,0.488534714286,0.20247645474712425,0.3089881571411762,0.20247645474712425,0.00660113095776417,SENTINEL_DEALER,R03b_20260811_FULL_v1,L1_ELIGIBILITY,v2026-08-11,2026-03-21..2026-08-06,baccarat_bet02_101_all_pairs_incl_sentinel,round_win = game_pnl > 0 (decisive only),COMPATIBILITY_ONLY_NOT_PRODUCTION,268817.8208,244366.2908,168.7661,6248,5610,-0.00062781,-0.08642944,0.00436428,-0.00062781,-168.7661,268817.8208,OK,0.0000,6.7506,4.0000,96.0000,AG03-UNRESOLVED,ALL5_LEVELS_bet23_to_bet27,6.7506,6.7506,6.7506,8.4383,8.4383,4.000000,4.000000,4.000000,5.000000,5.000000,96.000000,96.000000,96.000000,95.000000,95.000000,5.0,37.1285,34.0107,131.6376,134.7554,PENDING_AG03,FALSE,NOT_FOR_ENFORCEMENT,162.0155,234591.6392,168.7661,162.0155,6.7506,0.00062781,0.00060270,6.7506,162.0155,0.00060270,6.7506,6.7506,6.7506,8.4383,8.4383,162.0155,0.00060270,37.1285,34.0107,131.6376,134.7554,0.00048969,0.00050129,0.00002511,43.0246,43.5591,0.0301,2.0581,0.0627,3278.2661,68.4146,17.6798,46.9397,25.7155,39.4976,52.6635,77.1466,82.2897,128.5777,31.4111,0.0,2.083411,3.25533,1.089297,30,192,222,8,0.05498276,0.00062781,0.08642944,0E-8,0.000000,0.909041,0.000000,-0.09079372,2026-03-23,2026-08-06,82,2690,1181,137,0.598540,0.376650,0.410924,0.183276,,,,,,,,GLOBAL_BASELINE_NO_ENTITY_RANKING,,,NOT_APPLICABLE_GLOBAL_BASELINE,HF9g-P5,,,,X 全窗基线 · 不参与实体赏罚,6878044,688,A168_HF9F_20260827_0900,2026-08-27 09:00:00
2026-07-12,70460261,1004,0,43.8902228074,2.5817778122,2.5817778122,0.5000000,2,2,0.49324550000000000,0.493245500000,0.01910635448239258,0.01910635448239258,0.01910635448239258,0E-17,ELIGIBLE,R03b_20260811_FULL_v1,L1_ELIGIBILITY,v2026-08-11,2026-03-21..2026-08-06,baccarat_bet02_101_all_pairs_incl_sentinel,round_win = game_pnl > 0 (decisive only),COMPATIBILITY_ONLY_NOT_PRODUCTION,268817.8208,244366.2908,168.7661,6248,5610,-0.00062781,-0.08642944,0.00436428,-0.00062781,-168.7661,268817.8208,OK,0.0000,6.7506,4.0000,96.0000,AG03-UNRESOLVED,ALL5_LEVELS_bet23_to_bet27,6.7506,6.7506,6.7506,8.4383,8.4383,4.000000,4.000000,4.000000,5.000000,5.000000,96.000000,96.000000,96.000000,95.000000,95.000000,5.0,37.1285,34.0107,131.6376,134.7554,PENDING_AG03,FALSE,NOT_FOR_ENFORCEMENT,162.0155,234591.6392,168.7661,162.0155,6.7506,0.00062781,0.00060270,6.7506,162.0155,0.00060270,6.7506,6.7506,6.7506,8.4383,8.4383,162.0155,0.00060270,37.1285,34.0107,131.6376,134.7554,0.00048969,0.00050129,0.00002511,43.0246,43.5591,0.0301,2.0581,0.0627,3278.2661,68.4146,17.6798,46.9397,25.7155,39.4976,52.6635,77.1466,82.2897,128.5777,31.4111,0.0,2.083411,3.25533,1.089297,30,192,222,8,0.05498276,0.00062781,0.08642944,0E-8,0.000000,0.909041,0.000000,-0.09079372,2026-03-23,2026-08-06,82,2690,1181,137,0.598540,0.376650,0.410924,0.183276,,,,,,,,GLOBAL_BASELINE_NO_ENTITY_RANKING,,,NOT_APPLICABLE_GLOBAL_BASELINE,HF9g-P5,,,,X 全窗基线 · 不参与实体赏罚,6878045,688,A168_HF9F_20260827_0900,2026-08-27 09:00:00
2026-07-12,70460261,1157,0,12.9088890610,12.2634446080,12.2634446080,1.0000000,1,1,0.50665070000000000,0.506650700000,0.9867858985152569,0.9867858985152569,0.9867858985152569,0E-17,ELIGIBLE,R03b_20260811_FULL_v1,L1_ELIGIBILITY,v2026-08-11,2026-03-21..2026-08-06,baccarat_bet02_101_all_pairs_incl_sentinel,round_win = game_pnl > 0 (decisive only),COMPATIBILITY_ONLY_NOT_PRODUCTION,268817.8208,244366.2908,168.7661,6248,5610,-0.00062781,-0.08642944,0.00436428,-0.00062781,-168.7661,268817.8208,OK,0.0000,6.7506,4.0000,96.0000,AG03-UNRESOLVED,ALL5_LEVELS_bet23_to_bet27,6.7506,6.7506,6.7506,8.4383,8.4383,4.000000,4.000000,4.000000,5.000000,5.000000,96.000000,96.000000,96.000000,95.000000,95.000000,5.0,37.1285,34.0107,131.6376,134.7554,PENDING_AG03,FALSE,NOT_FOR_ENFORCEMENT,162.0155,234591.6392,168.7661,162.0155,6.7506,0.00062781,0.00060270,6.7506,162.0155,0.00060270,6.7506,6.7506,6.7506,8.4383,8.4383,162.0155,0.00060270,37.1285,34.0107,131.6376,134.7554,0.00048969,0.00050129,0.00002511,43.0246,43.5591,0.0301,2.0581,0.0627,3278.2661,68.4146,17.6798,46.9397,25.7155,39.4976,52.6635,77.1466,82.2897,128.5777,31.4111,0.0,2.083411,3.25533,1.089297,30,192,222,8,0.05498276,0.00062781,0.08642944,0E-8,0.000000,0.909041,0.000000,-0.09079372,2026-03-23,2026-08-06,82,2690,1181,137,0.598540,0.376650,0.410924,0.183276,,,,,,,,GLOBAL_BASELINE_NO_ENTITY_RANKING,,,NOT_APPLICABLE_GLOBAL_BASELINE,HF9g-P5,,,,X 全窗基线 · 不参与实体赏罚,6878046,688,A168_HF9F_20260827_0900,2026-08-27 09:00:00
2026-07-12,70460261,1302,0,64.5444453050,36.1448893709,36.1448893709,0.7500000,4,4,0.50665070000000000,0.506650700000,0.9734833216690844,0.9734833216690844,0.9734833216690844,0E-17,ELIGIBLE,R03b_20260811_FULL_v1,L1_ELIGIBILITY,v2026-08-11,2026-03-21..2026-08-06,baccarat_bet02_101_all_pairs_incl_sentinel,round_win = game_pnl > 0 (decisive only),COMPATIBILITY_ONLY_NOT_PRODUCTION,268817.8208,244366.2908,168.7661,6248,5610,-0.00062781,-0.08642944,0.00436428,-0.00062781,-168.7661,268817.8208,OK,0.0000,6.7506,4.0000,96.0000,AG03-UNRESOLVED,ALL5_LEVELS_bet23_to_bet27,6.7506,6.7506,6.7506,8.4383,8.4383,4.000000,4.000000,4.000000,5.000000,5.000000,96.000000,96.000000,96.000000,95.000000,95.000000,5.0,37.1285,34.0107,131.6376,134.7554,PENDING_AG03,FALSE,NOT_FOR_ENFORCEMENT,162.0155,234591.6392,168.7661,162.0155,6.7506,0.00062781,0.00060270,6.7506,162.0155,0.00060270,6.7506,6.7506,6.7506,8.4383,8.4383,162.0155,0.00060270,37.1285,34.0107,131.6376,134.7554,0.00048969,0.00050129,0.00002511,43.0246,43.5591,0.0301,2.0581,0.0627,3278.2661,68.4146,17.6798,46.9397,25.7155,39.4976,52.6635,77.1466,82.2897,128.5777,31.4111,0.0,2.083411,3.25533,1.089297,30,192,222,8,0.05498276,0.00062781,0.08642944,0E-8,0.000000,0.909041,0.000000,-0.09079372,2026-03-23,2026-08-06,82,2690,1181,137,0.598540,0.376650,0.410924,0.183276,,,,,,,,GLOBAL_BASELINE_NO_ENTITY_RANKING,,,NOT_APPLICABLE_GLOBAL_BASELINE,HF9g-P5,,,,X 全窗基线 · 不参与实体赏罚,6878047,688,A168_HF9F_20260827_0900,2026-08-27 09:00:00
2026-07-12,70460261,1304,0,12.9088890610,12.2634446080,12.2634446080,1.0000000,1,1,0.50665070000000000,0.506650700000,0.9867858985152569,0.9867858985152569,0.9867858985152569,0E-17,ELIGIBLE,R03b_20260811_FULL_v1,L1_ELIGIBILITY,v2026-08-11,2026-03-21..2026-08-06,baccarat_bet02_101_all_pairs_incl_sentinel,round_win = game_pnl > 0 (decisive only),COMPATIBILITY_ONLY_NOT_PRODUCTION,268817.8208,244366.2908,168.7661,6248,5610,-0.00062781,-0.08642944,0.00436428,-0.00062781,-168.7661,268817.8208,OK,0.0000,6.7506,4.0000,96.0000,AG03-UNRESOLVED,ALL5_LEVELS_bet23_to_bet27,6.7506,6.7506,6.7506,8.4383,8.4383,4.000000,4.000000,4.000000,5.000000,5.000000,96.000000,96.000000,96.000000,95.000000,95.000000,5.0,37.1285,34.0107,131.6376,134.7554,PENDING_AG03,FALSE,NOT_FOR_ENFORCEMENT,162.0155,234591.6392,168.7661,162.0155,6.7506,0.00062781,0.00060270,6.7506,162.0155,0.00060270,6.7506,6.7506,6.7506,8.4383,8.4383,162.0155,0.00060270,37.1285,34.0107,131.6376,134.7554,0.00048969,0.00050129,0.00002511,43.0246,43.5591,0.0301,2.0581,0.0627,3278.2661,68.4146,17.6798,46.9397,25.7155,39.4976,52.6635,77.1466,82.2897,128.5777,31.4111,0.0,2.083411,3.25533,1.089297,30,192,222,8,0.05498276,0.00062781,0.08642944,0E-8,0.000000,0.909041,0.000000,-0.09079372,2026-03-23,2026-08-06,82,2690,1181,137,0.598540,0.376650,0.410924,0.183276,,,,,,,,GLOBAL_BASELINE_NO_ENTITY_RANKING,,,NOT_APPLICABLE_GLOBAL_BASELINE,HF9g-P5,,,,X 全窗基线 · 不参与实体赏罚,6878048,688,A168_HF9F_20260827_0900,2026-08-27 09:00:00
2026-07-12,70460261,1382,0,87.7804456148,38.0812227300,38.0812227300,0.7500000,4,4,0.50665070000000000,0.506650700000,0.9734833216690844,0.9734833216690844,0.9734833216690844,0E-17,ELIGIBLE,R03b_20260811_FULL_v1,L1_ELIGIBILITY,v2026-08-11,2026-03-21..2026-08-06,baccarat_bet02_101_all_pairs_incl_sentinel,round_win = game_pnl > 0 (decisive only),COMPATIBILITY_ONLY_NOT_PRODUCTION,268817.8208,244366.2908,168.7661,6248,5610,-0.00062781,-0.08642944,0.00436428,-0.00062781,-168.7661,268817.8208,OK,0.0000,6.7506,4.0000,96.0000,AG03-UNRESOLVED,ALL5_LEVELS_bet23_to_bet27,6.7506,6.7506,6.7506,8.4383,8.4383,4.000000,4.000000,4.000000,5.000000,5.000000,96.000000,96.000000,96.000000,95.000000,95.000000,5.0,37.1285,34.0107,131.6376,134.7554,PENDING_AG03,FALSE,NOT_FOR_ENFORCEMENT,162.0155,234591.6392,168.7661,162.0155,6.7506,0.00062781,0.00060270,6.7506,162.0155,0.00060270,6.7506,6.7506,6.7506,8.4383,8.4383,162.0155,0.00060270,37.1285,34.0107,131.6376,134.7554,0.00048969,0.00050129,0.00002511,43.0246,43.5591,0.0301,2.0581,0.0627,3278.2661,68.4146,17.6798,46.9397,25.7155,39.4976,52.6635,77.1466,82.2897,128.5777,31.4111,0.0,2.083411,3.25533,1.089297,30,192,222,8,0.05498276,0.00062781,0.08642944,0E-8,0.000000,0.909041,0.000000,-0.09079372,2026-03-23,2026-08-06,82,2690,1181,137,0.598540,0.376650,0.410924,0.183276,,,,,,,,GLOBAL_BASELINE_NO_ENTITY_RANKING,,,NOT_APPLICABLE_GLOBAL_BASELINE,HF9g-P5,,,,X 全窗基线 · 不参与实体赏罚,6878049,688,A168_HF9F_20260827_0900,2026-08-27 09:00:00
2026-07-12,70460261,1383,0,61.9626674928,28.6577337154,28.6577337154,0.6666667,3,3,0.50218230000000000,0.502182300000,0.5697959874915163,0.5697959874915164,0.5697959874915163,0E-17,ELIGIBLE,R03b_20260811_FULL_v1,L1_ELIGIBILITY,v2026-08-11,2026-03-21..2026-08-06,baccarat_bet02_101_all_pairs_incl_sentinel,round_win = game_pnl > 0 (decisive only),COMPATIBILITY_ONLY_NOT_PRODUCTION,268817.8208,244366.2908,168.7661,6248,5610,-0.00062781,-0.08642944,0.00436428,-0.00062781,-168.7661,268817.8208,OK,0.0000,6.7506,4.0000,96.0000,AG03-UNRESOLVED,ALL5_LEVELS_bet23_to_bet27,6.7506,6.7506,6.7506,8.4383,8.4383,4.000000,4.000000,4.000000,5.000000,5.000000,96.000000,96.000000,96.000000,95.000000,95.000000,5.0,37.1285,34.0107,131.6376,134.7554,PENDING_AG03,FALSE,NOT_FOR_ENFORCEMENT,162.0155,234591.6392,168.7661,162.0155,6.7506,0.00062781,0.00060270,6.7506,162.0155,0.00060270,6.7506,6.7506,6.7506,8.4383,8.4383,162.0155,0.00060270,37.1285,34.0107,131.6376,134.7554,0.00048969,0.00050129,0.00002511,43.0246,43.5591,0.0301,2.0581,0.0627,3278.2661,68.4146,17.6798,46.9397,25.7155,39.4976,52.6635,77.1466,82.2897,128.5777,31.4111,0.0,2.083411,3.25533,1.089297,30,192,222,8,0.05498276,0.00062781,0.08642944,0E-8,0.000000,0.909041,0.000000,-0.09079372,2026-03-23,2026-08-06,82,2690,1181,137,0.598540,0.376650,0.410924,0.183276,,,,,,,,GLOBAL_BASELINE_NO_ENTITY_RANKING,,,NOT_APPLICABLE_GLOBAL_BASELINE,HF9g-P5,,,,X 全窗基线 · 不参与实体赏罚,6878050,688,A168_HF9F_20260827_0900,2026-08-27 09:00:00
2026-07-12,70460261,1385,0,25.8177781220,-25.8177781220,-25.8177781220,0E-7,1,1,0.49324550000000000,0.493245500000,-0.9865810262130424,-0.9865810262130424,-0.9865810262130424,0E-17,ELIGIBLE,R03b_20260811_FULL_v1,L1_ELIGIBILITY,v2026-08-11,2026-03-21..2026-08-06,baccarat_bet02_101_all_pairs_incl_sentinel,round_win = game_pnl > 0 (decisive only),COMPATIBILITY_ONLY_NOT_PRODUCTION,268817.8208,244366.2908,168.7661,6248,5610,-0.00062781,-0.08642944,0.00436428,-0.00062781,-168.7661,268817.8208,OK,0.0000,6.7506,4.0000,96.0000,AG03-UNRESOLVED,ALL5_LEVELS_bet23_to_bet27,6.7506,6.7506,6.7506,8.4383,8.4383,4.000000,4.000000,4.000000,5.000000,5.000000,96.000000,96.000000,96.000000,95.000000,95.000000,5.0,37.1285,34.0107,131.6376,134.7554,PENDING_AG03,FALSE,NOT_FOR_ENFORCEMENT,162.0155,234591.6392,168.7661,162.0155,6.7506,0.00062781,0.00060270,6.7506,162.0155,0.00060270,6.7506,6.7506,6.7506,8.4383,8.4383,162.0155,0.00060270,37.1285,34.0107,131.6376,134.7554,0.00048969,0.00050129,0.00002511,43.0246,43.5591,0.0301,2.0581,0.0627,3278.2661,68.4146,17.6798,46.9397,25.7155,39.4976,52.6635,77.1466,82.2897,128.5777,31.4111,0.0,2.083411,3.25533,1.089297,30,192,222,8,0.05498276,0.00062781,0.08642944,0E-8,0.000000,0.909041,0.000000,-0.09079372,2026-03-23,2026-08-06,82,2690,1181,137,0.598540,0.376650,0.410924,0.183276,,,,,,,,GLOBAL_BASELINE_NO_ENTITY_RANKING,,,NOT_APPLICABLE_GLOBAL_BASELINE,HF9g-P5,,,,X 全窗基线 · 不参与实体赏罚,6878051,688,A168_HF9F_20260827_0900,2026-08-27 09:00:00
2026-07-12,70460261,1399,0,100.6893346758,-60.4136008055,-60.4136008055,0.2000000,7,5,0.47342415133333333,0.416032840000,-1.2245209003073088,-0.980046671443084,-1.2245209003073088,0.05739131133333333,ELIGIBLE,R03b_20260811_FULL_v1,L1_ELIGIBILITY,v2026-08-11,2026-03-21..2026-08-06,baccarat_bet02_101_all_pairs_incl_sentinel,round_win = game_pnl > 0 (decisive only),COMPATIBILITY_ONLY_NOT_PRODUCTION,268817.8208,244366.2908,168.7661,6248,5610,-0.00062781,-0.08642944,0.00436428,-0.00062781,-168.7661,268817.8208,OK,0.0000,6.7506,4.0000,96.0000,AG03-UNRESOLVED,ALL5_LEVELS_bet23_to_bet27,6.7506,6.7506,6.7506,8.4383,8.4383,4.000000,4.000000,4.000000,5.000000,5.000000,96.000000,96.000000,96.000000,95.000000,95.000000,5.0,37.1285,34.0107,131.6376,134.7554,PENDING_AG03,FALSE,NOT_FOR_ENFORCEMENT,162.0155,234591.6392,168.7661,162.0155,6.7506,0.00062781,0.00060270,6.7506,162.0155,0.00060270,6.7506,6.7506,6.7506,8.4383,8.4383,162.0155,0.00060270,37.1285,34.0107,131.6376,134.7554,0.00048969,0.00050129,0.00002511,43.0246,43.5591,0.0301,2.0581,0.0627,3278.2661,68.4146,17.6798,46.9397,25.7155,39.4976,52.6635,77.1466,82.2897,128.5777,31.4111,0.0,2.083411,3.25533,1.089297,30,192,222,8,0.05498276,0.00062781,0.08642944,0E-8,0.000000,0.909041,0.000000,-0.09079372,2026-03-23,2026-08-06,82,2690,1181,137,0.598540,0.376650,0.410924,0.183276,,,,,,,,GLOBAL_BASELINE_NO_ENTITY_RANKING,,,NOT_APPLICABLE_GLOBAL_BASELINE,HF9g-P5,,,,X 全窗基线 · 不参与实体赏罚,6878052,688,A168_HF9F_20260827_0900,2026-08-27 09:00:00
2026-07-12,70460261,1402,0,72.2897787416,-21.9451114037,-21.9451114037,0.3333333,3,3,0.49771390000000000,0.497713900000,-0.5694369385616226,-0.5694369385616226,-0.5694369385616226,0E-17,ELIGIBLE,R03b_20260811_FULL_v1,L1_ELIGIBILITY,v2026-08-11,2026-03-21..2026-08-06,baccarat_bet02_101_all_pairs_incl_sentinel,round_win = game_pnl > 0 (decisive only),COMPATIBILITY_ONLY_NOT_PRODUCTION,268817.8208,244366.2908,168.7661,6248,5610,-0.00062781,-0.08642944,0.00436428,-0.00062781,-168.7661,268817.8208,OK,0.0000,6.7506,4.0000,96.0000,AG03-UNRESOLVED,ALL5_LEVELS_bet23_to_bet27,6.7506,6.7506,6.7506,8.4383,8.4383,4.000000,4.000000,4.000000,5.000000,5.000000,96.000000,96.000000,96.000000,95.000000,95.000000,5.0,37.1285,34.0107,131.6376,134.7554,PENDING_AG03,FALSE,NOT_FOR_ENFORCEMENT,162.0155,234591.6392,168.7661,162.0155,6.7506,0.00062781,0.00060270,6.7506,162.0155,0.00060270,6.7506,6.7506,6.7506,8.4383,8.4383,162.0155,0.00060270,37.1285,34.0107,131.6376,134.7554,0.00048969,0.00050129,0.00002511,43.0246,43.5591,0.0301,2.0581,0.0627,3278.2661,68.4146,17.6798,46.9397,25.7155,39.4976,52.6635,77.1466,82.2897,128.5777,31.4111,0.0,2.083411,3.25533,1.089297,30,192,222,8,0.05498276,0.00062781,0.08642944,0E-8,0.000000,0.909041,0.000000,-0.09079372,2026-03-23,2026-08-06,82,2690,1181,137,0.598540,0.376650,0.410924,0.183276,,,,,,,,GLOBAL_BASELINE_NO_ENTITY_RANKING,,,NOT_APPLICABLE_GLOBAL_BASELINE,HF9g-P5,,,,X 全窗基线 · 不参与实体赏罚,6878053,688,A168_HF9F_20260827_0900,2026-08-27 09:00:00
2026-07-12,70460261,1405,0,124.9580461105,-17.2204580073,-17.2204580073,0.5000000,6,6,0.50441650000000000,0.504416500000,-0.02163718700157003,-0.02163718700157003,-0.02163718700157003,0E-17,ELIGIBLE,R03b_20260811_FULL_v1,L1_ELIGIBILITY,v2026-08-11,2026-03-21..2026-08-06,baccarat_bet02_101_all_pairs_incl_sentinel,round_win = game_pnl > 0 (decisive only),COMPATIBILITY_ONLY_NOT_PRODUCTION,268817.8208,244366.2908,168.7661,6248,5610,-0.00062781,-0.08642944,0.00436428,-0.00062781,-168.7661,268817.8208,OK,0.0000,6.7506,4.0000,96.0000,AG03-UNRESOLVED,ALL5_LEVELS_bet23_to_bet27,6.7506,6.7506,6.7506,8.4383,8.4383,4.000000,4.000000,4.000000,5.000000,5.000000,96.000000,96.000000,96.000000,95.000000,95.000000,5.0,37.1285,34.0107,131.6376,134.7554,PENDING_AG03,FALSE,NOT_FOR_ENFORCEMENT,162.0155,234591.6392,168.7661,162.0155,6.7506,0.00062781,0.00060270,6.7506,162.0155,0.00060270,6.7506,6.7506,6.7506,8.4383,8.4383,162.0155,0.00060270,37.1285,34.0107,131.6376,134.7554,0.00048969,0.00050129,0.00002511,43.0246,43.5591,0.0301,2.0581,0.0627,3278.2661,68.4146,17.6798,46.9397,25.7155,39.4976,52.6635,77.1466,82.2897,128.5777,31.4111,0.0,2.083411,3.25533,1.089297,30,192,222,8,0.05498276,0.00062781,0.08642944,0E-8,0.000000,0.909041,0.000000,-0.09079372,2026-03-23,2026-08-06,82,2690,1181,137,0.598540,0.376650,0.410924,0.183276,,,,,,,,GLOBAL_BASELINE_NO_ENTITY_RANKING,,,NOT_APPLICABLE_GLOBAL_BASELINE,HF9g-P5,,,,X 全窗基线 · 不参与实体赏罚,6878054,688,A168_HF9F_20260827_0900,2026-08-27 09:00:00
2026-07-12,70460261,1490,0,43.8902228074,-8.6489556709,-8.6489556709,0.5000000,2,2,0.50665070000000000,0.506650700000,-0.018812684590367487,-0.018812684590367487,-0.018812684590367487,0E-17,ELIGIBLE,R03b_20260811_FULL_v1,L1_ELIGIBILITY,v2026-08-11,2026-03-21..2026-08-06,baccarat_bet02_101_all_pairs_incl_sentinel,round_win = game_pnl > 0 (decisive only),COMPATIBILITY_ONLY_NOT_PRODUCTION,268817.8208,244366.2908,168.7661,6248,5610,-0.00062781,-0.08642944,0.00436428,-0.00062781,-168.7661,268817.8208,OK,0.0000,6.7506,4.0000,96.0000,AG03-UNRESOLVED,ALL5_LEVELS_bet23_to_bet27,6.7506,6.7506,6.7506,8.4383,8.4383,4.000000,4.000000,4.000000,5.000000,5.000000,96.000000,96.000000,96.000000,95.000000,95.000000,5.0,37.1285,34.0107,131.6376,134.7554,PENDING_AG03,FALSE,NOT_FOR_ENFORCEMENT,162.0155,234591.6392,168.7661,162.0155,6.7506,0.00062781,0.00060270,6.7506,162.0155,0.00060270,6.7506,6.7506,6.7506,8.4383,8.4383,162.0155,0.00060270,37.1285,34.0107,131.6376,134.7554,0.00048969,0.00050129,0.00002511,43.0246,43.5591,0.0301,2.0581,0.0627,3278.2661,68.4146,17.6798,46.9397,25.7155,39.4976,52.6635,77.1466,82.2897,128.5777,31.4111,0.0,2.083411,3.25533,1.089297,30,192,222,8,0.05498276,0.00062781,0.08642944,0E-8,0.000000,0.909041,0.000000,-0.09079372,2026-03-23,2026-08-06,82,2690,1181,137,0.598540,0.376650,0.410924,0.183276,,,,,,,,GLOBAL_BASELINE_NO_ENTITY_RANKING,,,NOT_APPLICABLE_GLOBAL_BASELINE,HF9g-P5,,,,X 全窗基线 · 不参与实体赏罚,6878055,688,A168_HF9F_20260827_0900,2026-08-27 09:00:00
2026-07-12,70460261,1507,0,64.5444453050,-12.9088890610,-12.9088890610,0.5000000,4,4,0.49994810000000000,0.499948100000,0.00020760000111838688,0.00020760000111838688,0.00020760000111838688,0E-17,ELIGIBLE,R03b_20260811_FULL_v1,L1_ELIGIBILITY,v2026-08-11,2026-03-21..2026-08-06,baccarat_bet02_101_all_pairs_incl_sentinel,round_win = game_pnl > 0 (decisive only),COMPATIBILITY_ONLY_NOT_PRODUCTION,268817.8208,244366.2908,168.7661,6248,5610,-0.00062781,-0.08642944,0.00436428,-0.00062781,-168.7661,268817.8208,OK,0.0000,6.7506,4.0000,96.0000,AG03-UNRESOLVED,ALL5_LEVELS_bet23_to_bet27,6.7506,6.7506,6.7506,8.4383,8.4383,4.000000,4.000000,4.000000,5.000000,5.000000,96.000000,96.000000,96.000000,95.000000,95.000000,5.0,37.1285,34.0107,131.6376,134.7554,PENDING_AG03,FALSE,NOT_FOR_ENFORCEMENT,162.0155,234591.6392,168.7661,162.0155,6.7506,0.00062781,0.00060270,6.7506,162.0155,0.00060270,6.7506,6.7506,6.7506,8.4383,8.4383,162.0155,0.00060270,37.1285,34.0107,131.6376,134.7554,0.00048969,0.00050129,0.00002511,43.0246,43.5591,0.0301,2.0581,0.0627,3278.2661,68.4146,17.6798,46.9397,25.7155,39.4976,52.6635,77.1466,82.2897,128.5777,31.4111,0.0,2.083411,3.25533,1.089297,30,192,222,8,0.05498276,0.00062781,0.08642944,0E-8,0.000000,0.909041,0.000000,-0.09079372,2026-03-23,2026-08-06,82,2690,1181,137,0.598540,0.376650,0.410924,0.183276,,,,,,,,GLOBAL_BASELINE_NO_ENTITY_RANKING,,,NOT_APPLICABLE_GLOBAL_BASELINE,HF9g-P5,,,,X 全窗基线 · 不参与实体赏罚,6878056,688,A168_HF9F_20260827_0900,2026-08-27 09:00:00
2026-07-12,70460261,1509,0,51.6355562440,-26.4632225750,-26.4632225750,0.3333333,3,3,0.50665070000000000,0.506650700000,-0.6004420894325239,-0.6004420894325239,-0.6004420894325239,0E-17,ELIGIBLE,R03b_20260811_FULL_v1,L1_ELIGIBILITY,v2026-08-11,2026-03-21..2026-08-06,baccarat_bet02_101_all_pairs_incl_sentinel,round_win = game_pnl > 0 (decisive only),COMPATIBILITY_ONLY_NOT_PRODUCTION,268817.8208,244366.2908,168.7661,6248,5610,-0.00062781,-0.08642944,0.00436428,-0.00062781,-168.7661,268817.8208,OK,0.0000,6.7506,4.0000,96.0000,AG03-UNRESOLVED,ALL5_LEVELS_bet23_to_bet27,6.7506,6.7506,6.7506,8.4383,8.4383,4.000000,4.000000,4.000000,5.000000,5.000000,96.000000,96.000000,96.000000,95.000000,95.000000,5.0,37.1285,34.0107,131.6376,134.7554,PENDING_AG03,FALSE,NOT_FOR_ENFORCEMENT,162.0155,234591.6392,168.7661,162.0155,6.7506,0.00062781,0.00060270,6.7506,162.0155,0.00060270,6.7506,6.7506,6.7506,8.4383,8.4383,162.0155,0.00060270,37.1285,34.0107,131.6376,134.7554,0.00048969,0.00050129,0.00002511,43.0246,43.5591,0.0301,2.0581,0.0627,3278.2661,68.4146,17.6798,46.9397,25.7155,39.4976,52.6635,77.1466,82.2897,128.5777,31.4111,0.0,2.083411,3.25533,1.089297,30,192,222,8,0.05498276,0.00062781,0.08642944,0E-8,0.000000,0.909041,0.000000,-0.09079372,2026-03-23,2026-08-06,82,2690,1181,137,0.598540,0.376650,0.410924,0.183276,,,,,,,,GLOBAL_BASELINE_NO_ENTITY_RANKING,,,NOT_APPLICABLE_GLOBAL_BASELINE,HF9g-P5,,,,X 全窗基线 · 不参与实体赏罚,6878057,688,A168_HF9F_20260827_0900,2026-08-27 09:00:00
2026-07-12,70460261,1646,0,10.3271112488,9.8107556864,9.8107556864,1.0000000,1,1,0.50665070000000000,0.506650700000,0.9867858985152569,0.9867858985152569,0.9867858985152569,0E-17,ELIGIBLE,R03b_20260811_FULL_v1,L1_ELIGIBILITY,v2026-08-11,2026-03-21..2026-08-06,baccarat_bet02_101_all_pairs_incl_sentinel,round_win = game_pnl > 0 (decisive only),COMPATIBILITY_ONLY_NOT_PRODUCTION,268817.8208,244366.2908,168.7661,6248,5610,-0.00062781,-0.08642944,0.00436428,-0.00062781,-168.7661,268817.8208,OK,0.0000,6.7506,4.0000,96.0000,AG03-UNRESOLVED,ALL5_LEVELS_bet23_to_bet27,6.7506,6.7506,6.7506,8.4383,8.4383,4.000000,4.000000,4.000000,5.000000,5.000000,96.000000,96.000000,96.000000,95.000000,95.000000,5.0,37.1285,34.0107,131.6376,134.7554,PENDING_AG03,FALSE,NOT_FOR_ENFORCEMENT,162.0155,234591.6392,168.7661,162.0155,6.7506,0.00062781,0.00060270,6.7506,162.0155,0.00060270,6.7506,6.7506,6.7506,8.4383,8.4383,162.0155,0.00060270,37.1285,34.0107,131.6376,134.7554,0.00048969,0.00050129,0.00002511,43.0246,43.5591,0.0301,2.0581,0.0627,3278.2661,68.4146,17.6798,46.9397,25.7155,39.4976,52.6635,77.1466,82.2897,128.5777,31.4111,0.0,2.083411,3.25533,1.089297,30,192,222,8,0.05498276,0.00062781,0.08642944,0E-8,0.000000,0.909041,0.000000,-0.09079372,2026-03-23,2026-08-06,82,2690,1181,137,0.598540,0.376650,0.410924,0.183276,,,,,,,,GLOBAL_BASELINE_NO_ENTITY_RANKING,,,NOT_APPLICABLE_GLOBAL_BASELINE,HF9g-P5,,,,X 全窗基线 · 不参与实体赏罚,6878058,688,A168_HF9F_20260827_0900,2026-08-27 09:00:00
2026-07-12,70460261,1654,0,77.4533343660,-1.9363333591,-1.9363333591,0.5000000,4,4,0.50665070000000000,0.506650700000,-0.02660515369234503,-0.02660515369234503,-0.02660515369234503,0E-17,ELIGIBLE,R03b_20260811_FULL_v1,L1_ELIGIBILITY,v2026-08-11,2026-03-21..2026-08-06,baccarat_bet02_101_all_pairs_incl_sentinel,round_win = game_pnl > 0 (decisive only),COMPATIBILITY_ONLY_NOT_PRODUCTION,268817.8208,244366.2908,168.7661,6248,5610,-0.00062781,-0.08642944,0.00436428,-0.00062781,-168.7661,268817.8208,OK,0.0000,6.7506,4.0000,96.0000,AG03-UNRESOLVED,ALL5_LEVELS_bet23_to_bet27,6.7506,6.7506,6.7506,8.4383,8.4383,4.000000,4.000000,4.000000,5.000000,5.000000,96.000000,96.000000,96.000000,95.000000,95.000000,5.0,37.1285,34.0107,131.6376,134.7554,PENDING_AG03,FALSE,NOT_FOR_ENFORCEMENT,162.0155,234591.6392,168.7661,162.0155,6.7506,0.00062781,0.00060270,6.7506,162.0155,0.00060270,6.7506,6.7506,6.7506,8.4383,8.4383,162.0155,0.00060270,37.1285,34.0107,131.6376,134.7554,0.00048969,0.00050129,0.00002511,43.0246,43.5591,0.0301,2.0581,0.0627,3278.2661,68.4146,17.6798,46.9397,25.7155,39.4976,52.6635,77.1466,82.2897,128.5777,31.4111,0.0,2.083411,3.25533,1.089297,30,192,222,8,0.05498276,0.00062781,0.08642944,0E-8,0.000000,0.909041,0.000000,-0.09079372,2026-03-23,2026-08-06,82,2690,1181,137,0.598540,0.376650,0.410924,0.183276,,,,,,,,GLOBAL_BASELINE_NO_ENTITY_RANKING,,,NOT_APPLICABLE_GLOBAL_BASELINE,HF9g-P5,,,,X 全窗基线 · 不参与实体赏罚,6878059,688,A168_HF9F_20260827_0900,2026-08-27 09:00:00
2026-07-12,70460261,1704,0,152.3248909198,59.1227118995,59.1227118995,0.7142857,7,7,0.50473567142857143,0.504735671429,1.1088843393366314,1.1088843393343726,1.1088843393366314,-4.2857E-13,ELIGIBLE,R03b_20260811_FULL_v1,L1_ELIGIBILITY,v2026-08-11,2026-03-21..2026-08-06,baccarat_bet02_101_all_pairs_incl_sentinel,round_win = game_pnl > 0 (decisive only),COMPATIBILITY_ONLY_NOT_PRODUCTION,268817.8208,244366.2908,168.7661,6248,5610,-0.00062781,-0.08642944,0.00436428,-0.00062781,-168.7661,268817.8208,OK,0.0000,6.7506,4.0000,96.0000,AG03-UNRESOLVED,ALL5_LEVELS_bet23_to_bet27,6.7506,6.7506,6.7506,8.4383,8.4383,4.000000,4.000000,4.000000,5.000000,5.000000,96.000000,96.000000,96.000000,95.000000,95.000000,5.0,37.1285,34.0107,131.6376,134.7554,PENDING_AG03,FALSE,NOT_FOR_ENFORCEMENT,162.0155,234591.6392,168.7661,162.0155,6.7506,0.00062781,0.00060270,6.7506,162.0155,0.00060270,6.7506,6.7506,6.7506,8.4383,8.4383,162.0155,0.00060270,37.1285,34.0107,131.6376,134.7554,0.00048969,0.00050129,0.00002511,43.0246,43.5591,0.0301,2.0581,0.0627,3278.2661,68.4146,17.6798,46.9397,25.7155,39.4976,52.6635,77.1466,82.2897,128.5777,31.4111,0.0,2.083411,3.25533,1.089297,30,192,222,8,0.05498276,0.00062781,0.08642944,0E-8,0.000000,0.909041,0.000000,-0.09079372,2026-03-23,2026-08-06,82,2690,1181,137,0.598540,0.376650,0.410924,0.183276,,,,,,,,GLOBAL_BASELINE_NO_ENTITY_RANKING,,,NOT_APPLICABLE_GLOBAL_BASELINE,HF9g-P5,,,,X 全窗基线 · 不参与实体赏罚,6878060,688,A168_HF9F_20260827_0900,2026-08-27 09:00:00
2026-07-12,70460261,1957,0,25.8177781220,-25.8177781220,-25.8177781220,0E-7,2,2,0.49994810000000000,0.499948100000,-1.4140667746232096,-1.4140667746232096,-1.4140667746232096,0E-17,ELIGIBLE,R03b_20260811_FULL_v1,L1_ELIGIBILITY,v2026-08-11,2026-03-21..2026-08-06,baccarat_bet02_101_all_pairs_incl_sentinel,round_win = game_pnl > 0 (decisive only),COMPATIBILITY_ONLY_NOT_PRODUCTION,268817.8208,244366.2908,168.7661,6248,5610,-0.00062781,-0.08642944,0.00436428,-0.00062781,-168.7661,268817.8208,OK,0.0000,6.7506,4.0000,96.0000,AG03-UNRESOLVED,ALL5_LEVELS_bet23_to_bet27,6.7506,6.7506,6.7506,8.4383,8.4383,4.000000,4.000000,4.000000,5.000000,5.000000,96.000000,96.000000,96.000000,95.000000,95.000000,5.0,37.1285,34.0107,131.6376,134.7554,PENDING_AG03,FALSE,NOT_FOR_ENFORCEMENT,162.0155,234591.6392,168.7661,162.0155,6.7506,0.00062781,0.00060270,6.7506,162.0155,0.00060270,6.7506,6.7506,6.7506,8.4383,8.4383,162.0155,0.00060270,37.1285,34.0107,131.6376,134.7554,0.00048969,0.00050129,0.00002511,43.0246,43.5591,0.0301,2.0581,0.0627,3278.2661,68.4146,17.6798,46.9397,25.7155,39.4976,52.6635,77.1466,82.2897,128.5777,31.4111,0.0,2.083411,3.25533,1.089297,30,192,222,8,0.05498276,0.00062781,0.08642944,0E-8,0.000000,0.909041,0.000000,-0.09079372,2026-03-23,2026-08-06,82,2690,1181,137,0.598540,0.376650,0.410924,0.183276,,,,,,,,GLOBAL_BASELINE_NO_ENTITY_RANKING,,,NOT_APPLICABLE_GLOBAL_BASELINE,HF9g-P5,,,,X 全窗基线 · 不参与实体赏罚,6878061,688,A168_HF9F_20260827_0900,2026-08-27 09:00:00
2026-07-12,70460261,1990,0,87.7804456148,14.1997779671,14.1997779671,0.5000000,4,4,0.50329940000000000,0.503299400000,-0.01319788734859681,-0.01319788734859681,-0.01319788734859681,0E-17,ELIGIBLE,R03b_20260811_FULL_v1,L1_ELIGIBILITY,v2026-08-11,2026-03-21..2026-08-06,baccarat_bet02_101_all_pairs_incl_sentinel,round_win = game_pnl > 0 (decisive only),COMPATIBILITY_ONLY_NOT_PRODUCTION,268817.8208,244366.2908,168.7661,6248,5610,-0.00062781,-0.08642944,0.00436428,-0.00062781,-168.7661,268817.8208,OK,0.0000,6.7506,4.0000,96.0000,AG03-UNRESOLVED,ALL5_LEVELS_bet23_to_bet27,6.7506,6.7506,6.7506,8.4383,8.4383,4.000000,4.000000,4.000000,5.000000,5.000000,96.000000,96.000000,96.000000,95.000000,95.000000,5.0,37.1285,34.0107,131.6376,134.7554,PENDING_AG03,FALSE,NOT_FOR_ENFORCEMENT,162.0155,234591.6392,168.7661,162.0155,6.7506,0.00062781,0.00060270,6.7506,162.0155,0.00060270,6.7506,6.7506,6.7506,8.4383,8.4383,162.0155,0.00060270,37.1285,34.0107,131.6376,134.7554,0.00048969,0.00050129,0.00002511,43.0246,43.5591,0.0301,2.0581,0.0627,3278.2661,68.4146,17.6798,46.9397,25.7155,39.4976,52.6635,77.1466,82.2897,128.5777,31.4111,0.0,2.083411,3.25533,1.089297,30,192,222,8,0.05498276,0.00062781,0.08642944,0E-8,0.000000,0.909041,0.000000,-0.09079372,2026-03-23,2026-08-06,82,2690,1181,137,0.598540,0.376650,0.410924,0.183276,,,,,,,,GLOBAL_BASELINE_NO_ENTITY_RANKING,,,NOT_APPLICABLE_GLOBAL_BASELINE,HF9g-P5,,,,X 全窗基线 · 不参与实体赏罚,6878062,688,A168_HF9F_20260827_0900,2026-08-27 09:00:00
2026-07-12,70460261,2071,0,46.4720006196,-5.1635556244,-5.1635556244,0.3333333,4,3,0.46442485833333333,0.426667416667,-0.45526819199459256,-0.326853276333467,-0.45526819199459256,0.03775744166633333,ELIGIBLE,R03b_20260811_FULL_v1,L1_ELIGIBILITY,v2026-08-11,2026-03-21..2026-08-06,baccarat_bet02_101_all_pairs_incl_sentinel,round_win = game_pnl > 0 (decisive only),COMPATIBILITY_ONLY_NOT_PRODUCTION,268817.8208,244366.2908,168.7661,6248,5610,-0.00062781,-0.08642944,0.00436428,-0.00062781,-168.7661,268817.8208,OK,0.0000,6.7506,4.0000,96.0000,AG03-UNRESOLVED,ALL5_LEVELS_bet23_to_bet27,6.7506,6.7506,6.7506,8.4383,8.4383,4.000000,4.000000,4.000000,5.000000,5.000000,96.000000,96.000000,96.000000,95.000000,95.000000,5.0,37.1285,34.0107,131.6376,134.7554,PENDING_AG03,FALSE,NOT_FOR_ENFORCEMENT,162.0155,234591.6392,168.7661,162.0155,6.7506,0.00062781,0.00060270,6.7506,162.0155,0.00060270,6.7506,6.7506,6.7506,8.4383,8.4383,162.0155,0.00060270,37.1285,34.0107,131.6376,134.7554,0.00048969,0.00050129,0.00002511,43.0246,43.5591,0.0301,2.0581,0.0627,3278.2661,68.4146,17.6798,46.9397,25.7155,39.4976,52.6635,77.1466,82.2897,128.5777,31.4111,0.0,2.083411,3.25533,1.089297,30,192,222,8,0.05498276,0.00062781,0.08642944,0E-8,0.000000,0.909041,0.000000,-0.09079372,2026-03-23,2026-08-06,82,2690,1181,137,0.598540,0.376650,0.410924,0.183276,,,,,,,,GLOBAL_BASELINE_NO_ENTITY_RANKING,,,NOT_APPLICABLE_GLOBAL_BASELINE,HF9g-P5,,,,X 全窗基线 · 不参与实体赏罚,6878063,688,A168_HF9F_20260827_0900,2026-08-27 09:00:00
2026-07-12,70460261,2101,0,15.4906668732,-15.4906668732,-15.4906668732,0E-7,1,1,0.49324550000000000,0.493245500000,-0.9865810262130424,-0.9865810262130424,-0.9865810262130424,0E-17,ELIGIBLE,R03b_20260811_FULL_v1,L1_ELIGIBILITY,v2026-08-11,2026-03-21..2026-08-06,baccarat_bet02_101_all_pairs_incl_sentinel,round_win = game_pnl > 0 (decisive only),COMPATIBILITY_ONLY_NOT_PRODUCTION,268817.8208,244366.2908,168.7661,6248,5610,-0.00062781,-0.08642944,0.00436428,-0.00062781,-168.7661,268817.8208,OK,0.0000,6.7506,4.0000,96.0000,AG03-UNRESOLVED,ALL5_LEVELS_bet23_to_bet27,6.7506,6.7506,6.7506,8.4383,8.4383,4.000000,4.000000,4.000000,5.000000,5.000000,96.000000,96.000000,96.000000,95.000000,95.000000,5.0,37.1285,34.0107,131.6376,134.7554,PENDING_AG03,FALSE,NOT_FOR_ENFORCEMENT,162.0155,234591.6392,168.7661,162.0155,6.7506,0.00062781,0.00060270,6.7506,162.0155,0.00060270,6.7506,6.7506,6.7506,8.4383,8.4383,162.0155,0.00060270,37.1285,34.0107,131.6376,134.7554,0.00048969,0.00050129,0.00002511,43.0246,43.5591,0.0301,2.0581,0.0627,3278.2661,68.4146,17.6798,46.9397,25.7155,39.4976,52.6635,77.1466,82.2897,128.5777,31.4111,0.0,2.083411,3.25533,1.089297,30,192,222,8,0.05498276,0.00062781,0.08642944,0E-8,0.000000,0.909041,0.000000,-0.09079372,2026-03-23,2026-08-06,82,2690,1181,137,0.598540,0.376650,0.410924,0.183276,,,,,,,,GLOBAL_BASELINE_NO_ENTITY_RANKING,,,NOT_APPLICABLE_GLOBAL_BASELINE,HF9g-P5,,,,X 全窗基线 · 不参与实体赏罚,6878064,688,A168_HF9F_20260827_0900,2026-08-27 09:00:00
2026-07-12,70460261,2103,0,80.0351121782,26.3341336844,26.3341336844,0.6000000,5,5,0.50396966000000000,0.503969660000,0.4294742719815242,0.4294742719815242,0.4294742719815242,0E-17,ELIGIBLE,R03b_20260811_FULL_v1,L1_ELIGIBILITY,v2026-08-11,2026-03-21..2026-08-06,baccarat_bet02_101_all_pairs_incl_sentinel,round_win = game_pnl > 0 (decisive only),COMPATIBILITY_ONLY_NOT_PRODUCTION,268817.8208,244366.2908,168.7661,6248,5610,-0.00062781,-0.08642944,0.00436428,-0.00062781,-168.7661,268817.8208,OK,0.0000,6.7506,4.0000,96.0000,AG03-UNRESOLVED,ALL5_LEVELS_bet23_to_bet27,6.7506,6.7506,6.7506,8.4383,8.4383,4.000000,4.000000,4.000000,5.000000,5.000000,96.000000,96.000000,96.000000,95.000000,95.000000,5.0,37.1285,34.0107,131.6376,134.7554,PENDING_AG03,FALSE,NOT_FOR_ENFORCEMENT,162.0155,234591.6392,168.7661,162.0155,6.7506,0.00062781,0.00060270,6.7506,162.0155,0.00060270,6.7506,6.7506,6.7506,8.4383,8.4383,162.0155,0.00060270,37.1285,34.0107,131.6376,134.7554,0.00048969,0.00050129,0.00002511,43.0246,43.5591,0.0301,2.0581,0.0627,3278.2661,68.4146,17.6798,46.9397,25.7155,39.4976,52.6635,77.1466,82.2897,128.5777,31.4111,0.0,2.083411,3.25533,1.089297,30,192,222,8,0.05498276,0.00062781,0.08642944,0E-8,0.000000,0.909041,0.000000,-0.09079372,2026-03-23,2026-08-06,82,2690,1181,137,0.598540,0.376650,0.410924,0.183276,,,,,,,,GLOBAL_BASELINE_NO_ENTITY_RANKING,,,NOT_APPLICABLE_GLOBAL_BASELINE,HF9g-P5,,,,X 全窗基线 · 不参与实体赏罚,6878065,688,A168_HF9F_20260827_0900,2026-08-27 09:00:00
2026-07-12,70460261,2106,0,116.1800015490,-91.0076678800,-91.0076678800,0.1428571,7,7,0.50282064285714286,0.502820642857,-1.904778113290813,-1.904778113290054,-1.904778113290813,1.4286E-13,ELIGIBLE,R03b_20260811_FULL_v1,L1_ELIGIBILITY,v2026-08-11,2026-03-21..2026-08-06,baccarat_bet02_101_all_pairs_incl_sentinel,round_win = game_pnl > 0 (decisive only),COMPATIBILITY_ONLY_NOT_PRODUCTION,268817.8208,244366.2908,168.7661,6248,5610,-0.00062781,-0.08642944,0.00436428,-0.00062781,-168.7661,268817.8208,OK,0.0000,6.7506,4.0000,96.0000,AG03-UNRESOLVED,ALL5_LEVELS_bet23_to_bet27,6.7506,6.7506,6.7506,8.4383,8.4383,4.000000,4.000000,4.000000,5.000000,5.000000,96.000000,96.000000,96.000000,95.000000,95.000000,5.0,37.1285,34.0107,131.6376,134.7554,PENDING_AG03,FALSE,NOT_FOR_ENFORCEMENT,162.0155,234591.6392,168.7661,162.0155,6.7506,0.00062781,0.00060270,6.7506,162.0155,0.00060270,6.7506,6.7506,6.7506,8.4383,8.4383,162.0155,0.00060270,37.1285,34.0107,131.6376,134.7554,0.00048969,0.00050129,0.00002511,43.0246,43.5591,0.0301,2.0581,0.0627,3278.2661,68.4146,17.6798,46.9397,25.7155,39.4976,52.6635,77.1466,82.2897,128.5777,31.4111,0.0,2.083411,3.25533,1.089297,30,192,222,8,0.05498276,0.00062781,0.08642944,0E-8,0.000000,0.909041,0.000000,-0.09079372,2026-03-23,2026-08-06,82,2690,1181,137,0.598540,0.376650,0.410924,0.183276,,,,,,,,GLOBAL_BASELINE_NO_ENTITY_RANKING,,,NOT_APPLICABLE_GLOBAL_BASELINE,HF9g-P5,,,,X 全窗基线 · 不参与实体赏罚,6878066,688,A168_HF9F_20260827_0900,2026-08-27 09:00:00
2026-07-12,70460261,2115,0,25.8177781220,-25.8177781220,-25.8177781220,0E-7,1,1,0.50665070000000000,0.506650700000,-1.013391052207602,-1.013391052207602,-1.013391052207602,0E-17,ELIGIBLE,R03b_20260811_FULL_v1,L1_ELIGIBILITY,v2026-08-11,2026-03-21..2026-08-06,baccarat_bet02_101_all_pairs_incl_sentinel,round_win = game_pnl > 0 (decisive only),COMPATIBILITY_ONLY_NOT_PRODUCTION,268817.8208,244366.2908,168.7661,6248,5610,-0.00062781,-0.08642944,0.00436428,-0.00062781,-168.7661,268817.8208,OK,0.0000,6.7506,4.0000,96.0000,AG03-UNRESOLVED,ALL5_LEVELS_bet23_to_bet27,6.7506,6.7506,6.7506,8.4383,8.4383,4.000000,4.000000,4.000000,5.000000,5.000000,96.000000,96.000000,96.000000,95.000000,95.000000,5.0,37.1285,34.0107,131.6376,134.7554,PENDING_AG03,FALSE,NOT_FOR_ENFORCEMENT,162.0155,234591.6392,168.7661,162.0155,6.7506,0.00062781,0.00060270,6.7506,162.0155,0.00060270,6.7506,6.7506,6.7506,8.4383,8.4383,162.0155,0.00060270,37.1285,34.0107,131.6376,134.7554,0.00048969,0.00050129,0.00002511,43.0246,43.5591,0.0301,2.0581,0.0627,3278.2661,68.4146,17.6798,46.9397,25.7155,39.4976,52.6635,77.1466,82.2897,128.5777,31.4111,0.0,2.083411,3.25533,1.089297,30,192,222,8,0.05498276,0.00062781,0.08642944,0E-8,0.000000,0.909041,0.000000,-0.09079372,2026-03-23,2026-08-06,82,2690,1181,137,0.598540,0.376650,0.410924,0.183276,,,,,,,,GLOBAL_BASELINE_NO_ENTITY_RANKING,,,NOT_APPLICABLE_GLOBAL_BASELINE,HF9g-P5,,,,X 全窗基线 · 不参与实体赏罚,6878067,688,A168_HF9F_20260827_0900,2026-08-27 09:00:00
2026-07-12,70460261,2117,0,25.8177781220,-25.8177781220,-25.8177781220,0E-7,1,1,0.50665070000000000,0.506650700000,-1.013391052207602,-1.013391052207602,-1.013391052207602,0E-17,ELIGIBLE,R03b_20260811_FULL_v1,L1_ELIGIBILITY,v2026-08-11,2026-03-21..2026-08-06,baccarat_bet02_101_all_pairs_incl_sentinel,round_win = game_pnl > 0 (decisive only),COMPATIBILITY_ONLY_NOT_PRODUCTION,268817.8208,244366.2908,168.7661,6248,5610,-0.00062781,-0.08642944,0.00436428,-0.00062781,-168.7661,268817.8208,OK,0.0000,6.7506,4.0000,96.0000,AG03-UNRESOLVED,ALL5_LEVELS_bet23_to_bet27,6.7506,6.7506,6.7506,8.4383,8.4383,4.000000,4.000000,4.000000,5.000000,5.000000,96.000000,96.000000,96.000000,95.000000,95.000000,5.0,37.1285,34.0107,131.6376,134.7554,PENDING_AG03,FALSE,NOT_FOR_ENFORCEMENT,162.0155,234591.6392,168.7661,162.0155,6.7506,0.00062781,0.00060270,6.7506,162.0155,0.00060270,6.7506,6.7506,6.7506,8.4383,8.4383,162.0155,0.00060270,37.1285,34.0107,131.6376,134.7554,0.00048969,0.00050129,0.00002511,43.0246,43.5591,0.0301,2.0581,0.0627,3278.2661,68.4146,17.6798,46.9397,25.7155,39.4976,52.6635,77.1466,82.2897,128.5777,31.4111,0.0,2.083411,3.25533,1.089297,30,192,222,8,0.05498276,0.00062781,0.08642944,0E-8,0.000000,0.909041,0.000000,-0.09079372,2026-03-23,2026-08-06,82,2690,1181,137,0.598540,0.376650,0.410924,0.183276,,,,,,,,GLOBAL_BASELINE_NO_ENTITY_RANKING,,,NOT_APPLICABLE_GLOBAL_BASELINE,HF9g-P5,,,,X 全窗基线 · 不参与实体赏罚,6878068,688,A168_HF9F_20260827_0900,2026-08-27 09:00:00
2026-07-12,70460261,2129,0,12.9088890610,12.9088890610,12.9088890610,1.0000000,1,1,0.49324550000000000,0.493245500000,1.01360149184955,1.01360149184955,1.01360149184955,0E-17,ELIGIBLE,R03b_20260811_FULL_v1,L1_ELIGIBILITY,v2026-08-11,2026-03-21..2026-08-06,baccarat_bet02_101_all_pairs_incl_sentinel,round_win = game_pnl > 0 (decisive only),COMPATIBILITY_ONLY_NOT_PRODUCTION,268817.8208,244366.2908,168.7661,6248,5610,-0.00062781,-0.08642944,0.00436428,-0.00062781,-168.7661,268817.8208,OK,0.0000,6.7506,4.0000,96.0000,AG03-UNRESOLVED,ALL5_LEVELS_bet23_to_bet27,6.7506,6.7506,6.7506,8.4383,8.4383,4.000000,4.000000,4.000000,5.000000,5.000000,96.000000,96.000000,96.000000,95.000000,95.000000,5.0,37.1285,34.0107,131.6376,134.7554,PENDING_AG03,FALSE,NOT_FOR_ENFORCEMENT,162.0155,234591.6392,168.7661,162.0155,6.7506,0.00062781,0.00060270,6.7506,162.0155,0.00060270,6.7506,6.7506,6.7506,8.4383,8.4383,162.0155,0.00060270,37.1285,34.0107,131.6376,134.7554,0.00048969,0.00050129,0.00002511,43.0246,43.5591,0.0301,2.0581,0.0627,3278.2661,68.4146,17.6798,46.9397,25.7155,39.4976,52.6635,77.1466,82.2897,128.5777,31.4111,0.0,2.083411,3.25533,1.089297,30,192,222,8,0.05498276,0.00062781,0.08642944,0E-8,0.000000,0.909041,0.000000,-0.09079372,2026-03-23,2026-08-06,82,2690,1181,137,0.598540,0.376650,0.410924,0.183276,,,,,,,,GLOBAL_BASELINE_NO_ENTITY_RANKING,,,NOT_APPLICABLE_GLOBAL_BASELINE,HF9g-P5,,,,X 全窗基线 · 不参与实体赏罚,6878069,688,A168_HF9F_20260827_0900,2026-08-27 09:00:00
2026-07-12,70460261,2130,0,12.9088890610,-12.9088890610,-12.9088890610,0E-7,1,1,0.50665070000000000,0.506650700000,-1.013391052207602,-1.013391052207602,-1.013391052207602,0E-17,ELIGIBLE,R03b_20260811_FULL_v1,L1_ELIGIBILITY,v2026-08-11,2026-03-21..2026-08-06,baccarat_bet02_101_all_pairs_incl_sentinel,round_win = game_pnl > 0 (decisive only),COMPATIBILITY_ONLY_NOT_PRODUCTION,268817.8208,244366.2908,168.7661,6248,5610,-0.00062781,-0.08642944,0.00436428,-0.00062781,-168.7661,268817.8208,OK,0.0000,6.7506,4.0000,96.0000,AG03-UNRESOLVED,ALL5_LEVELS_bet23_to_bet27,6.7506,6.7506,6.7506,8.4383,8.4383,4.000000,4.000000,4.000000,5.000000,5.000000,96.000000,96.000000,96.000000,95.000000,95.000000,5.0,37.1285,34.0107,131.6376,134.7554,PENDING_AG03,FALSE,NOT_FOR_ENFORCEMENT,162.0155,234591.6392,168.7661,162.0155,6.7506,0.00062781,0.00060270,6.7506,162.0155,0.00060270,6.7506,6.7506,6.7506,8.4383,8.4383,162.0155,0.00060270,37.1285,34.0107,131.6376,134.7554,0.00048969,0.00050129,0.00002511,43.0246,43.5591,0.0301,2.0581,0.0627,3278.2661,68.4146,17.6798,46.9397,25.7155,39.4976,52.6635,77.1466,82.2897,128.5777,31.4111,0.0,2.083411,3.25533,1.089297,30,192,222,8,0.05498276,0.00062781,0.08642944,0E-8,0.000000,0.909041,0.000000,-0.09079372,2026-03-23,2026-08-06,82,2690,1181,137,0.598540,0.376650,0.410924,0.183276,,,,,,,,GLOBAL_BASELINE_NO_ENTITY_RANKING,,,NOT_APPLICABLE_GLOBAL_BASELINE,HF9g-P5,,,,X 全窗基线 · 不参与实体赏罚,6878070,688,A168_HF9F_20260827_0900,2026-08-27 09:00:00
2026-07-12,70460261,2134,0,67.1262231172,-36.9194227145,-36.9194227145,0.2500000,4,4,0.50329940000000000,0.503299400000,-1.013219660140378,-1.013219660140378,-1.013219660140378,0E-17,ELIGIBLE,R03b_20260811_FULL_v1,L1_ELIGIBILITY,v2026-08-11,2026-03-21..2026-08-06,baccarat_bet02_101_all_pairs_incl_sentinel,round_win = game_pnl > 0 (decisive only),COMPATIBILITY_ONLY_NOT_PRODUCTION,268817.8208,244366.2908,168.7661,6248,5610,-0.00062781,-0.08642944,0.00436428,-0.00062781,-168.7661,268817.8208,OK,0.0000,6.7506,4.0000,96.0000,AG03-UNRESOLVED,ALL5_LEVELS_bet23_to_bet27,6.7506,6.7506,6.7506,8.4383,8.4383,4.000000,4.000000,4.000000,5.000000,5.000000,96.000000,96.000000,96.000000,95.000000,95.000000,5.0,37.1285,34.0107,131.6376,134.7554,PENDING_AG03,FALSE,NOT_FOR_ENFORCEMENT,162.0155,234591.6392,168.7661,162.0155,6.7506,0.00062781,0.00060270,6.7506,162.0155,0.00060270,6.7506,6.7506,6.7506,8.4383,8.4383,162.0155,0.00060270,37.1285,34.0107,131.6376,134.7554,0.00048969,0.00050129,0.00002511,43.0246,43.5591,0.0301,2.0581,0.0627,3278.2661,68.4146,17.6798,46.9397,25.7155,39.4976,52.6635,77.1466,82.2897,128.5777,31.4111,0.0,2.083411,3.25533,1.089297,30,192,222,8,0.05498276,0.00062781,0.08642944,0E-8,0.000000,0.909041,0.000000,-0.09079372,2026-03-23,2026-08-06,82,2690,1181,137,0.598540,0.376650,0.410924,0.183276,,,,,,,,GLOBAL_BASELINE_NO_ENTITY_RANKING,,,NOT_APPLICABLE_GLOBAL_BASELINE,HF9g-P5,,,,X 全窗基线 · 不参与实体赏罚,6878071,688,A168_HF9F_20260827_0900,2026-08-27 09:00:00
2026-07-12,70460261,2142,0,51.6355562440,-1.2908889061,-1.2908889061,0.5000000,2,2,0.50665070000000000,0.506650700000,-0.018812684590367487,-0.018812684590367487,-0.018812684590367487,0E-17,ELIGIBLE,R03b_20260811_FULL_v1,L1_ELIGIBILITY,v2026-08-11,2026-03-21..2026-08-06,baccarat_bet02_101_all_pairs_incl_sentinel,round_win = game_pnl > 0 (decisive only),COMPATIBILITY_ONLY_NOT_PRODUCTION,268817.8208,244366.2908,168.7661,6248,5610,-0.00062781,-0.08642944,0.00436428,-0.00062781,-168.7661,268817.8208,OK,0.0000,6.7506,4.0000,96.0000,AG03-UNRESOLVED,ALL5_LEVELS_bet23_to_bet27,6.7506,6.7506,6.7506,8.4383,8.4383,4.000000,4.000000,4.000000,5.000000,5.000000,96.000000,96.000000,96.000000,95.000000,95.000000,5.0,37.1285,34.0107,131.6376,134.7554,PENDING_AG03,FALSE,NOT_FOR_ENFORCEMENT,162.0155,234591.6392,168.7661,162.0155,6.7506,0.00062781,0.00060270,6.7506,162.0155,0.00060270,6.7506,6.7506,6.7506,8.4383,8.4383,162.0155,0.00060270,37.1285,34.0107,131.6376,134.7554,0.00048969,0.00050129,0.00002511,43.0246,43.5591,0.0301,2.0581,0.0627,3278.2661,68.4146,17.6798,46.9397,25.7155,39.4976,52.6635,77.1466,82.2897,128.5777,31.4111,0.0,2.083411,3.25533,1.089297,30,192,222,8,0.05498276,0.00062781,0.08642944,0E-8,0.000000,0.909041,0.000000,-0.09079372,2026-03-23,2026-08-06,82,2690,1181,137,0.598540,0.376650,0.410924,0.183276,,,,,,,,GLOBAL_BASELINE_NO_ENTITY_RANKING,,,NOT_APPLICABLE_GLOBAL_BASELINE,HF9g-P5,,,,X 全窗基线 · 不参与实体赏罚,6878072,688,A168_HF9F_20260827_0900,2026-08-27 09:00:00
2026-07-12,70460261,2145,0,52.4100895876,-13.3219735109,-13.3219735109,0.5000000,3,3,0.50665070000000000,0.506650700000,-0.018812684590367487,-0.018812684590367487,-0.018812684590367487,0E-17,ELIGIBLE,R03b_20260811_FULL_v1,L1_ELIGIBILITY,v2026-08-11,2026-03-21..2026-08-06,baccarat_bet02_101_all_pairs_incl_sentinel,round_win = game_pnl > 0 (decisive only),COMPATIBILITY_ONLY_NOT_PRODUCTION,268817.8208,244366.2908,168.7661,6248,5610,-0.00062781,-0.08642944,0.00436428,-0.00062781,-168.7661,268817.8208,OK,0.0000,6.7506,4.0000,96.0000,AG03-UNRESOLVED,ALL5_LEVELS_bet23_to_bet27,6.7506,6.7506,6.7506,8.4383,8.4383,4.000000,4.000000,4.000000,5.000000,5.000000,96.000000,96.000000,96.000000,95.000000,95.000000,5.0,37.1285,34.0107,131.6376,134.7554,PENDING_AG03,FALSE,NOT_FOR_ENFORCEMENT,162.0155,234591.6392,168.7661,162.0155,6.7506,0.00062781,0.00060270,6.7506,162.0155,0.00060270,6.7506,6.7506,6.7506,8.4383,8.4383,162.0155,0.00060270,37.1285,34.0107,131.6376,134.7554,0.00048969,0.00050129,0.00002511,43.0246,43.5591,0.0301,2.0581,0.0627,3278.2661,68.4146,17.6798,46.9397,25.7155,39.4976,52.6635,77.1466,82.2897,128.5777,31.4111,0.0,2.083411,3.25533,1.089297,30,192,222,8,0.05498276,0.00062781,0.08642944,0E-8,0.000000,0.909041,0.000000,-0.09079372,2026-03-23,2026-08-06,82,2690,1181,137,0.598540,0.376650,0.410924,0.183276,,,,,,,,GLOBAL_BASELINE_NO_ENTITY_RANKING,,,NOT_APPLICABLE_GLOBAL_BASELINE,HF9g-P5,,,,X 全窗基线 · 不参与实体赏罚,6878073,688,A168_HF9F_20260827_0900,2026-08-27 09:00:00
2026-07-12,70460261,2152,0,51.6355562440,49.0537784319,49.0537784319,1.0000000,3,3,0.50665070000000000,0.506650700000,1.7091633124209307,1.7091633124209307,1.7091633124209307,0E-17,ELIGIBLE,R03b_20260811_FULL_v1,L1_ELIGIBILITY,v2026-08-11,2026-03-21..2026-08-06,baccarat_bet02_101_all_pairs_incl_sentinel,round_win = game_pnl > 0 (decisive only),COMPATIBILITY_ONLY_NOT_PRODUCTION,268817.8208,244366.2908,168.7661,6248,5610,-0.00062781,-0.08642944,0.00436428,-0.00062781,-168.7661,268817.8208,OK,0.0000,6.7506,4.0000,96.0000,AG03-UNRESOLVED,ALL5_LEVELS_bet23_to_bet27,6.7506,6.7506,6.7506,8.4383,8.4383,4.000000,4.000000,4.000000,5.000000,5.000000,96.000000,96.000000,96.000000,95.000000,95.000000,5.0,37.1285,34.0107,131.6376,134.7554,PENDING_AG03,FALSE,NOT_FOR_ENFORCEMENT,162.0155,234591.6392,168.7661,162.0155,6.7506,0.00062781,0.00060270,6.7506,162.0155,0.00060270,6.7506,6.7506,6.7506,8.4383,8.4383,162.0155,0.00060270,37.1285,34.0107,131.6376,134.7554,0.00048969,0.00050129,0.00002511,43.0246,43.5591,0.0301,2.0581,0.0627,3278.2661,68.4146,17.6798,46.9397,25.7155,39.4976,52.6635,77.1466,82.2897,128.5777,31.4111,0.0,2.083411,3.25533,1.089297,30,192,222,8,0.05498276,0.00062781,0.08642944,0E-8,0.000000,0.909041,0.000000,-0.09079372,2026-03-23,2026-08-06,82,2690,1181,137,0.598540,0.376650,0.410924,0.183276,,,,,,,,GLOBAL_BASELINE_NO_ENTITY_RANKING,,,NOT_APPLICABLE_GLOBAL_BASELINE,HF9g-P5,,,,X 全窗基线 · 不参与实体赏罚,6878074,688,A168_HF9F_20260827_0900,2026-08-27 09:00:00
2026-07-12,70460261,2155,0,20.6542224976,-20.6542224976,-20.6542224976,0E-7,1,1,0.50665070000000000,0.506650700000,-1.013391052207602,-1.013391052207602,-1.013391052207602,0E-17,ELIGIBLE,R03b_20260811_FULL_v1,L1_ELIGIBILITY,v2026-08-11,2026-03-21..2026-08-06,baccarat_bet02_101_all_pairs_incl_sentinel,round_win = game_pnl > 0 (decisive only),COMPATIBILITY_ONLY_NOT_PRODUCTION,268817.8208,244366.2908,168.7661,6248,5610,-0.00062781,-0.08642944,0.00436428,-0.00062781,-168.7661,268817.8208,OK,0.0000,6.7506,4.0000,96.0000,AG03-UNRESOLVED,ALL5_LEVELS_bet23_to_bet27,6.7506,6.7506,6.7506,8.4383,8.4383,4.000000,4.000000,4.000000,5.000000,5.000000,96.000000,96.000000,96.000000,95.000000,95.000000,5.0,37.1285,34.0107,131.6376,134.7554,PENDING_AG03,FALSE,NOT_FOR_ENFORCEMENT,162.0155,234591.6392,168.7661,162.0155,6.7506,0.00062781,0.00060270,6.7506,162.0155,0.00060270,6.7506,6.7506,6.7506,8.4383,8.4383,162.0155,0.00060270,37.1285,34.0107,131.6376,134.7554,0.00048969,0.00050129,0.00002511,43.0246,43.5591,0.0301,2.0581,0.0627,3278.2661,68.4146,17.6798,46.9397,25.7155,39.4976,52.6635,77.1466,82.2897,128.5777,31.4111,0.0,2.083411,3.25533,1.089297,30,192,222,8,0.05498276,0.00062781,0.08642944,0E-8,0.000000,0.909041,0.000000,-0.09079372,2026-03-23,2026-08-06,82,2690,1181,137,0.598540,0.376650,0.410924,0.183276,,,,,,,,GLOBAL_BASELINE_NO_ENTITY_RANKING,,,NOT_APPLICABLE_GLOBAL_BASELINE,HF9g-P5,,,,X 全窗基线 · 不参与实体赏罚,6878075,688,A168_HF9F_20260827_0900,2026-08-27 09:00:00
2026-07-12,70460261,2169,0,291.7408927786,72.2897787416,72.2897787416,0.6428571,17,14,0.47737240378510379,0.454275360714,1.239644459346781,1.417155090908213,1.239644459346781,0.02309704307110379,ELIGIBLE,R03b_20260811_FULL_v1,L1_ELIGIBILITY,v2026-08-11,2026-03-21..2026-08-06,baccarat_bet02_101_all_pairs_incl_sentinel,round_win = game_pnl > 0 (decisive only),COMPATIBILITY_ONLY_NOT_PRODUCTION,268817.8208,244366.2908,168.7661,6248,5610,-0.00062781,-0.08642944,0.00436428,-0.00062781,-168.7661,268817.8208,OK,0.0000,6.7506,4.0000,96.0000,AG03-UNRESOLVED,ALL5_LEVELS_bet23_to_bet27,6.7506,6.7506,6.7506,8.4383,8.4383,4.000000,4.000000,4.000000,5.000000,5.000000,96.000000,96.000000,96.000000,95.000000,95.000000,5.0,37.1285,34.0107,131.6376,134.7554,PENDING_AG03,FALSE,NOT_FOR_ENFORCEMENT,162.0155,234591.6392,168.7661,162.0155,6.7506,0.00062781,0.00060270,6.7506,162.0155,0.00060270,6.7506,6.7506,6.7506,8.4383,8.4383,162.0155,0.00060270,37.1285,34.0107,131.6376,134.7554,0.00048969,0.00050129,0.00002511,43.0246,43.5591,0.0301,2.0581,0.0627,3278.2661,68.4146,17.6798,46.9397,25.7155,39.4976,52.6635,77.1466,82.2897,128.5777,31.4111,0.0,2.083411,3.25533,1.089297,30,192,222,8,0.05498276,0.00062781,0.08642944,0E-8,0.000000,0.909041,0.000000,-0.09079372,2026-03-23,2026-08-06,82,2690,1181,137,0.598540,0.376650,0.410924,0.183276,,,,,,,,GLOBAL_BASELINE_NO_ENTITY_RANKING,,,NOT_APPLICABLE_GLOBAL_BASELINE,HF9g-P5,,,,X 全窗基线 · 不参与实体赏罚,6878076,688,A168_HF9F_20260827_0900,2026-08-27 09:00:00
2026-07-12,70460261,2174,0,155.4230242944,24.3719825472,24.3719825472,0.5714286,8,8,0.50162375000000000,0.501623750000,0.36937434338991915,0.36937434338991915,0.36937434338991915,0E-17,ELIGIBLE,R03b_20260811_FULL_v1,L1_ELIGIBILITY,v2026-08-11,2026-03-21..2026-08-06,baccarat_bet02_101_all_pairs_incl_sentinel,round_win = game_pnl > 0 (decisive only),COMPATIBILITY_ONLY_NOT_PRODUCTION,268817.8208,244366.2908,168.7661,6248,5610,-0.00062781,-0.08642944,0.00436428,-0.00062781,-168.7661,268817.8208,OK,0.0000,6.7506,4.0000,96.0000,AG03-UNRESOLVED,ALL5_LEVELS_bet23_to_bet27,6.7506,6.7506,6.7506,8.4383,8.4383,4.000000,4.000000,4.000000,5.000000,5.000000,96.000000,96.000000,96.000000,95.000000,95.000000,5.0,37.1285,34.0107,131.6376,134.7554,PENDING_AG03,FALSE,NOT_FOR_ENFORCEMENT,162.0155,234591.6392,168.7661,162.0155,6.7506,0.00062781,0.00060270,6.7506,162.0155,0.00060270,6.7506,6.7506,6.7506,8.4383,8.4383,162.0155,0.00060270,37.1285,34.0107,131.6376,134.7554,0.00048969,0.00050129,0.00002511,43.0246,43.5591,0.0301,2.0581,0.0627,3278.2661,68.4146,17.6798,46.9397,25.7155,39.4976,52.6635,77.1466,82.2897,128.5777,31.4111,0.0,2.083411,3.25533,1.089297,30,192,222,8,0.05498276,0.00062781,0.08642944,0E-8,0.000000,0.909041,0.000000,-0.09079372,2026-03-23,2026-08-06,82,2690,1181,137,0.598540,0.376650,0.410924,0.183276,,,,,,,,GLOBAL_BASELINE_NO_ENTITY_RANKING,,,NOT_APPLICABLE_GLOBAL_BASELINE,HF9g-P5,,,,X 全窗基线 · 不参与实体赏罚,6878077,688,A168_HF9F_20260827_0900,2026-08-27 09:00:00
2026-07-12,70460261,2188,0,51.6355562440,-26.4632225750,-26.4632225750,0.3333333,3,3,0.50218230000000000,0.502182300000,-0.5849155494134425,-0.5849155494134426,-0.5849155494134425,0E-17,ELIGIBLE,R03b_20260811_FULL_v1,L1_ELIGIBILITY,v2026-08-11,2026-03-21..2026-08-06,baccarat_bet02_101_all_pairs_incl_sentinel,round_win = game_pnl > 0 (decisive only),COMPATIBILITY_ONLY_NOT_PRODUCTION,268817.8208,244366.2908,168.7661,6248,5610,-0.00062781,-0.08642944,0.00436428,-0.00062781,-168.7661,268817.8208,OK,0.0000,6.7506,4.0000,96.0000,AG03-UNRESOLVED,ALL5_LEVELS_bet23_to_bet27,6.7506,6.7506,6.7506,8.4383,8.4383,4.000000,4.000000,4.000000,5.000000,5.000000,96.000000,96.000000,96.000000,95.000000,95.000000,5.0,37.1285,34.0107,131.6376,134.7554,PENDING_AG03,FALSE,NOT_FOR_ENFORCEMENT,162.0155,234591.6392,168.7661,162.0155,6.7506,0.00062781,0.00060270,6.7506,162.0155,0.00060270,6.7506,6.7506,6.7506,8.4383,8.4383,162.0155,0.00060270,37.1285,34.0107,131.6376,134.7554,0.00048969,0.00050129,0.00002511,43.0246,43.5591,0.0301,2.0581,0.0627,3278.2661,68.4146,17.6798,46.9397,25.7155,39.4976,52.6635,77.1466,82.2897,128.5777,31.4111,0.0,2.083411,3.25533,1.089297,30,192,222,8,0.05498276,0.00062781,0.08642944,0E-8,0.000000,0.909041,0.000000,-0.09079372,2026-03-23,2026-08-06,82,2690,1181,137,0.598540,0.376650,0.410924,0.183276,,,,,,,,GLOBAL_BASELINE_NO_ENTITY_RANKING,,,NOT_APPLICABLE_GLOBAL_BASELINE,HF9g-P5,,,,X 全窗基线 · 不参与实体赏罚,6878078,688,A168_HF9F_20260827_0900,2026-08-27 09:00:00
2026-07-12,70460261,2205,0,12.9088890610,-12.9088890610,-12.9088890610,0E-7,1,1,0.50665070000000000,0.506650700000,-1.013391052207602,-1.013391052207602,-1.013391052207602,0E-17,ELIGIBLE,R03b_20260811_FULL_v1,L1_ELIGIBILITY,v2026-08-11,2026-03-21..2026-08-06,baccarat_bet02_101_all_pairs_incl_sentinel,round_win = game_pnl > 0 (decisive only),COMPATIBILITY_ONLY_NOT_PRODUCTION,268817.8208,244366.2908,168.7661,6248,5610,-0.00062781,-0.08642944,0.00436428,-0.00062781,-168.7661,268817.8208,OK,0.0000,6.7506,4.0000,96.0000,AG03-UNRESOLVED,ALL5_LEVELS_bet23_to_bet27,6.7506,6.7506,6.7506,8.4383,8.4383,4.000000,4.000000,4.000000,5.000000,5.000000,96.000000,96.000000,96.000000,95.000000,95.000000,5.0,37.1285,34.0107,131.6376,134.7554,PENDING_AG03,FALSE,NOT_FOR_ENFORCEMENT,162.0155,234591.6392,168.7661,162.0155,6.7506,0.00062781,0.00060270,6.7506,162.0155,0.00060270,6.7506,6.7506,6.7506,8.4383,8.4383,162.0155,0.00060270,37.1285,34.0107,131.6376,134.7554,0.00048969,0.00050129,0.00002511,43.0246,43.5591,0.0301,2.0581,0.0627,3278.2661,68.4146,17.6798,46.9397,25.7155,39.4976,52.6635,77.1466,82.2897,128.5777,31.4111,0.0,2.083411,3.25533,1.089297,30,192,222,8,0.05498276,0.00062781,0.08642944,0E-8,0.000000,0.909041,0.000000,-0.09079372,2026-03-23,2026-08-06,82,2690,1181,137,0.598540,0.376650,0.410924,0.183276,,,,,,,,GLOBAL_BASELINE_NO_ENTITY_RANKING,,,NOT_APPLICABLE_GLOBAL_BASELINE,HF9g-P5,,,,X 全窗基线 · 不参与实体赏罚,6878079,688,A168_HF9F_20260827_0900,2026-08-27 09:00:00
2026-07-12,70460261,2209,0,12.9088890610,-12.9088890610,-12.9088890610,0E-7,1,1,0.50665070000000000,0.506650700000,-1.013391052207602,-1.013391052207602,-1.013391052207602,0E-17,ELIGIBLE,R03b_20260811_FULL_v1,L1_ELIGIBILITY,v2026-08-11,2026-03-21..2026-08-06,baccarat_bet02_101_all_pairs_incl_sentinel,round_win = game_pnl > 0 (decisive only),COMPATIBILITY_ONLY_NOT_PRODUCTION,268817.8208,244366.2908,168.7661,6248,5610,-0.00062781,-0.08642944,0.00436428,-0.00062781,-168.7661,268817.8208,OK,0.0000,6.7506,4.0000,96.0000,AG03-UNRESOLVED,ALL5_LEVELS_bet23_to_bet27,6.7506,6.7506,6.7506,8.4383,8.4383,4.000000,4.000000,4.000000,5.000000,5.000000,96.000000,96.000000,96.000000,95.000000,95.000000,5.0,37.1285,34.0107,131.6376,134.7554,PENDING_AG03,FALSE,NOT_FOR_ENFORCEMENT,162.0155,234591.6392,168.7661,162.0155,6.7506,0.00062781,0.00060270,6.7506,162.0155,0.00060270,6.7506,6.7506,6.7506,8.4383,8.4383,162.0155,0.00060270,37.1285,34.0107,131.6376,134.7554,0.00048969,0.00050129,0.00002511,43.0246,43.5591,0.0301,2.0581,0.0627,3278.2661,68.4146,17.6798,46.9397,25.7155,39.4976,52.6635,77.1466,82.2897,128.5777,31.4111,0.0,2.083411,3.25533,1.089297,30,192,222,8,0.05498276,0.00062781,0.08642944,0E-8,0.000000,0.909041,0.000000,-0.09079372,2026-03-23,2026-08-06,82,2690,1181,137,0.598540,0.376650,0.410924,0.183276,,,,,,,,GLOBAL_BASELINE_NO_ENTITY_RANKING,,,NOT_APPLICABLE_GLOBAL_BASELINE,HF9g-P5,,,,X 全窗基线 · 不参与实体赏罚,6878080,688,A168_HF9F_20260827_0900,2026-08-27 09:00:00
2026-07-12,70460261,2224,0,12.9088890610,-12.9088890610,-12.9088890610,0E-7,1,1,0.50665070000000000,0.506650700000,-1.013391052207602,-1.013391052207602,-1.013391052207602,0E-17,ELIGIBLE,R03b_20260811_FULL_v1,L1_ELIGIBILITY,v2026-08-11,2026-03-21..2026-08-06,baccarat_bet02_101_all_pairs_incl_sentinel,round_win = game_pnl > 0 (decisive only),COMPATIBILITY_ONLY_NOT_PRODUCTION,268817.8208,244366.2908,168.7661,6248,5610,-0.00062781,-0.08642944,0.00436428,-0.00062781,-168.7661,268817.8208,OK,0.0000,6.7506,4.0000,96.0000,AG03-UNRESOLVED,ALL5_LEVELS_bet23_to_bet27,6.7506,6.7506,6.7506,8.4383,8.4383,4.000000,4.000000,4.000000,5.000000,5.000000,96.000000,96.000000,96.000000,95.000000,95.000000,5.0,37.1285,34.0107,131.6376,134.7554,PENDING_AG03,FALSE,NOT_FOR_ENFORCEMENT,162.0155,234591.6392,168.7661,162.0155,6.7506,0.00062781,0.00060270,6.7506,162.0155,0.00060270,6.7506,6.7506,6.7506,8.4383,8.4383,162.0155,0.00060270,37.1285,34.0107,131.6376,134.7554,0.00048969,0.00050129,0.00002511,43.0246,43.5591,0.0301,2.0581,0.0627,3278.2661,68.4146,17.6798,46.9397,25.7155,39.4976,52.6635,77.1466,82.2897,128.5777,31.4111,0.0,2.083411,3.25533,1.089297,30,192,222,8,0.05498276,0.00062781,0.08642944,0E-8,0.000000,0.909041,0.000000,-0.09079372,2026-03-23,2026-08-06,82,2690,1181,137,0.598540,0.376650,0.410924,0.183276,,,,,,,,GLOBAL_BASELINE_NO_ENTITY_RANKING,,,NOT_APPLICABLE_GLOBAL_BASELINE,HF9g-P5,,,,X 全窗基线 · 不参与实体赏罚,6878081,688,A168_HF9F_20260827_0900,2026-08-27 09:00:00
2026-07-12,70460261,2234,0,49.0537784318,22.5905558568,22.5905558568,0.6666667,3,3,0.50218230000000000,0.502182300000,0.5697959874915163,0.5697959874915164,0.5697959874915163,0E-17,ELIGIBLE,R03b_20260811_FULL_v1,L1_ELIGIBILITY,v2026-08-11,2026-03-21..2026-08-06,baccarat_bet02_101_all_pairs_incl_sentinel,round_win = game_pnl > 0 (decisive only),COMPATIBILITY_ONLY_NOT_PRODUCTION,268817.8208,244366.2908,168.7661,6248,5610,-0.00062781,-0.08642944,0.00436428,-0.00062781,-168.7661,268817.8208,OK,0.0000,6.7506,4.0000,96.0000,AG03-UNRESOLVED,ALL5_LEVELS_bet23_to_bet27,6.7506,6.7506,6.7506,8.4383,8.4383,4.000000,4.000000,4.000000,5.000000,5.000000,96.000000,96.000000,96.000000,95.000000,95.000000,5.0,37.1285,34.0107,131.6376,134.7554,PENDING_AG03,FALSE,NOT_FOR_ENFORCEMENT,162.0155,234591.6392,168.7661,162.0155,6.7506,0.00062781,0.00060270,6.7506,162.0155,0.00060270,6.7506,6.7506,6.7506,8.4383,8.4383,162.0155,0.00060270,37.1285,34.0107,131.6376,134.7554,0.00048969,0.00050129,0.00002511,43.0246,43.5591,0.0301,2.0581,0.0627,3278.2661,68.4146,17.6798,46.9397,25.7155,39.4976,52.6635,77.1466,82.2897,128.5777,31.4111,0.0,2.083411,3.25533,1.089297,30,192,222,8,0.05498276,0.00062781,0.08642944,0E-8,0.000000,0.909041,0.000000,-0.09079372,2026-03-23,2026-08-06,82,2690,1181,137,0.598540,0.376650,0.410924,0.183276,,,,,,,,GLOBAL_BASELINE_NO_ENTITY_RANKING,,,NOT_APPLICABLE_GLOBAL_BASELINE,HF9g-P5,,,,X 全窗基线 · 不参与实体赏罚,6878082,688,A168_HF9F_20260827_0900,2026-08-27 09:00:00
2026-07-12,70460261,2242,0,15.4906668732,-15.4906668732,-15.4906668732,0E-7,1,1,0.50665070000000000,0.506650700000,-1.013391052207602,-1.013391052207602,-1.013391052207602,0E-17,ELIGIBLE,R03b_20260811_FULL_v1,L1_ELIGIBILITY,v2026-08-11,2026-03-21..2026-08-06,baccarat_bet02_101_all_pairs_incl_sentinel,round_win = game_pnl > 0 (decisive only),COMPATIBILITY_ONLY_NOT_PRODUCTION,268817.8208,244366.2908,168.7661,6248,5610,-0.00062781,-0.08642944,0.00436428,-0.00062781,-168.7661,268817.8208,OK,0.0000,6.7506,4.0000,96.0000,AG03-UNRESOLVED,ALL5_LEVELS_bet23_to_bet27,6.7506,6.7506,6.7506,8.4383,8.4383,4.000000,4.000000,4.000000,5.000000,5.000000,96.000000,96.000000,96.000000,95.000000,95.000000,5.0,37.1285,34.0107,131.6376,134.7554,PENDING_AG03,FALSE,NOT_FOR_ENFORCEMENT,162.0155,234591.6392,168.7661,162.0155,6.7506,0.00062781,0.00060270,6.7506,162.0155,0.00060270,6.7506,6.7506,6.7506,8.4383,8.4383,162.0155,0.00060270,37.1285,34.0107,131.6376,134.7554,0.00048969,0.00050129,0.00002511,43.0246,43.5591,0.0301,2.0581,0.0627,3278.2661,68.4146,17.6798,46.9397,25.7155,39.4976,52.6635,77.1466,82.2897,128.5777,31.4111,0.0,2.083411,3.25533,1.089297,30,192,222,8,0.05498276,0.00062781,0.08642944,0E-8,0.000000,0.909041,0.000000,-0.09079372,2026-03-23,2026-08-06,82,2690,1181,137,0.598540,0.376650,0.410924,0.183276,,,,,,,,GLOBAL_BASELINE_NO_ENTITY_RANKING,,,NOT_APPLICABLE_GLOBAL_BASELINE,HF9g-P5,,,,X 全窗基线 · 不参与实体赏罚,6878083,688,A168_HF9F_20260827_0900,2026-08-27 09:00:00
2026-07-12,70460261,2250,0,211.7057806004,-11.1016445923,-11.1016445923,0.5833333,15,13,0.47515691982905983,0.469735338462,0.7503950053781032,0.7884757287292627,0.7503950053781032,0.00542158136705983,ELIGIBLE,R03b_20260811_FULL_v1,L1_ELIGIBILITY,v2026-08-11,2026-03-21..2026-08-06,baccarat_bet02_101_all_pairs_incl_sentinel,round_win = game_pnl > 0 (decisive only),COMPATIBILITY_ONLY_NOT_PRODUCTION,268817.8208,244366.2908,168.7661,6248,5610,-0.00062781,-0.08642944,0.00436428,-0.00062781,-168.7661,268817.8208,OK,0.0000,6.7506,4.0000,96.0000,AG03-UNRESOLVED,ALL5_LEVELS_bet23_to_bet27,6.7506,6.7506,6.7506,8.4383,8.4383,4.000000,4.000000,4.000000,5.000000,5.000000,96.000000,96.000000,96.000000,95.000000,95.000000,5.0,37.1285,34.0107,131.6376,134.7554,PENDING_AG03,FALSE,NOT_FOR_ENFORCEMENT,162.0155,234591.6392,168.7661,162.0155,6.7506,0.00062781,0.00060270,6.7506,162.0155,0.00060270,6.7506,6.7506,6.7506,8.4383,8.4383,162.0155,0.00060270,37.1285,34.0107,131.6376,134.7554,0.00048969,0.00050129,0.00002511,43.0246,43.5591,0.0301,2.0581,0.0627,3278.2661,68.4146,17.6798,46.9397,25.7155,39.4976,52.6635,77.1466,82.2897,128.5777,31.4111,0.0,2.083411,3.25533,1.089297,30,192,222,8,0.05498276,0.00062781,0.08642944,0E-8,0.000000,0.909041,0.000000,-0.09079372,2026-03-23,2026-08-06,82,2690,1181,137,0.598540,0.376650,0.410924,0.183276,,,,,,,,GLOBAL_BASELINE_NO_ENTITY_RANKING,,,NOT_APPLICABLE_GLOBAL_BASELINE,HF9g-P5,,,,X 全窗基线 · 不参与实体赏罚,6878084,688,A168_HF9F_20260827_0900,2026-08-27 09:00:00
2026-07-12,70460261,2252,0,141.9977796710,-90.3622234270,-90.3622234270,0.1666667,7,7,0.49899058571428571,0.498990585714,-1.6280513796797877,-1.6280513796783902,-1.6280513796797877,2.8571E-13,ELIGIBLE,R03b_20260811_FULL_v1,L1_ELIGIBILITY,v2026-08-11,2026-03-21..2026-08-06,baccarat_bet02_101_all_pairs_incl_sentinel,round_win = game_pnl > 0 (decisive only),COMPATIBILITY_ONLY_NOT_PRODUCTION,268817.8208,244366.2908,168.7661,6248,5610,-0.00062781,-0.08642944,0.00436428,-0.00062781,-168.7661,268817.8208,OK,0.0000,6.7506,4.0000,96.0000,AG03-UNRESOLVED,ALL5_LEVELS_bet23_to_bet27,6.7506,6.7506,6.7506,8.4383,8.4383,4.000000,4.000000,4.000000,5.000000,5.000000,96.000000,96.000000,96.000000,95.000000,95.000000,5.0,37.1285,34.0107,131.6376,134.7554,PENDING_AG03,FALSE,NOT_FOR_ENFORCEMENT,162.0155,234591.6392,168.7661,162.0155,6.7506,0.00062781,0.00060270,6.7506,162.0155,0.00060270,6.7506,6.7506,6.7506,8.4383,8.4383,162.0155,0.00060270,37.1285,34.0107,131.6376,134.7554,0.00048969,0.00050129,0.00002511,43.0246,43.5591,0.0301,2.0581,0.0627,3278.2661,68.4146,17.6798,46.9397,25.7155,39.4976,52.6635,77.1466,82.2897,128.5777,31.4111,0.0,2.083411,3.25533,1.089297,30,192,222,8,0.05498276,0.00062781,0.08642944,0E-8,0.000000,0.909041,0.000000,-0.09079372,2026-03-23,2026-08-06,82,2690,1181,137,0.598540,0.376650,0.410924,0.183276,,,,,,,,GLOBAL_BASELINE_NO_ENTITY_RANKING,,,NOT_APPLICABLE_GLOBAL_BASELINE,HF9g-P5,,,,X 全窗基线 · 不参与实体赏罚,6878085,688,A168_HF9F_20260827_0900,2026-08-27 09:00:00
2026-07-12,70460261,2261,0,38.7266671830,-38.7266671830,-38.7266671830,0E-7,2,2,0.50665070000000000,0.506650700000,-1.4331513700195317,-1.4331513700195317,-1.4331513700195317,0E-17,ELIGIBLE,R03b_20260811_FULL_v1,L1_ELIGIBILITY,v2026-08-11,2026-03-21..2026-08-06,baccarat_bet02_101_all_pairs_incl_sentinel,round_win = game_pnl > 0 (decisive only),COMPATIBILITY_ONLY_NOT_PRODUCTION,268817.8208,244366.2908,168.7661,6248,5610,-0.00062781,-0.08642944,0.00436428,-0.00062781,-168.7661,268817.8208,OK,0.0000,6.7506,4.0000,96.0000,AG03-UNRESOLVED,ALL5_LEVELS_bet23_to_bet27,6.7506,6.7506,6.7506,8.4383,8.4383,4.000000,4.000000,4.000000,5.000000,5.000000,96.000000,96.000000,96.000000,95.000000,95.000000,5.0,37.1285,34.0107,131.6376,134.7554,PENDING_AG03,FALSE,NOT_FOR_ENFORCEMENT,162.0155,234591.6392,168.7661,162.0155,6.7506,0.00062781,0.00060270,6.7506,162.0155,0.00060270,6.7506,6.7506,6.7506,8.4383,8.4383,162.0155,0.00060270,37.1285,34.0107,131.6376,134.7554,0.00048969,0.00050129,0.00002511,43.0246,43.5591,0.0301,2.0581,0.0627,3278.2661,68.4146,17.6798,46.9397,25.7155,39.4976,52.6635,77.1466,82.2897,128.5777,31.4111,0.0,2.083411,3.25533,1.089297,30,192,222,8,0.05498276,0.00062781,0.08642944,0E-8,0.000000,0.909041,0.000000,-0.09079372,2026-03-23,2026-08-06,82,2690,1181,137,0.598540,0.376650,0.410924,0.183276,,,,,,,,GLOBAL_BASELINE_NO_ENTITY_RANKING,,,NOT_APPLICABLE_GLOBAL_BASELINE,HF9g-P5,,,,X 全窗基线 · 不参与实体赏罚,6878086,688,A168_HF9F_20260827_0900,2026-08-27 09:00:00
2026-07-12,70460261,2267,0,61.9626674928,-26.7214003563,-26.7214003563,0.3333333,4,3,0.47308852962962963,0.431135816667,-0.4848289632238067,-0.3420575356522062,-0.4848289632238067,0.04195271296262963,ELIGIBLE,R03b_20260811_FULL_v1,L1_ELIGIBILITY,v2026-08-11,2026-03-21..2026-08-06,baccarat_bet02_101_all_pairs_incl_sentinel,round_win = game_pnl > 0 (decisive only),COMPATIBILITY_ONLY_NOT_PRODUCTION,268817.8208,244366.2908,168.7661,6248,5610,-0.00062781,-0.08642944,0.00436428,-0.00062781,-168.7661,268817.8208,OK,0.0000,6.7506,4.0000,96.0000,AG03-UNRESOLVED,ALL5_LEVELS_bet23_to_bet27,6.7506,6.7506,6.7506,8.4383,8.4383,4.000000,4.000000,4.000000,5.000000,5.000000,96.000000,96.000000,96.000000,95.000000,95.000000,5.0,37.1285,34.0107,131.6376,134.7554,PENDING_AG03,FALSE,NOT_FOR_ENFORCEMENT,162.0155,234591.6392,168.7661,162.0155,6.7506,0.00062781,0.00060270,6.7506,162.0155,0.00060270,6.7506,6.7506,6.7506,8.4383,8.4383,162.0155,0.00060270,37.1285,34.0107,131.6376,134.7554,0.00048969,0.00050129,0.00002511,43.0246,43.5591,0.0301,2.0581,0.0627,3278.2661,68.4146,17.6798,46.9397,25.7155,39.4976,52.6635,77.1466,82.2897,128.5777,31.4111,0.0,2.083411,3.25533,1.089297,30,192,222,8,0.05498276,0.00062781,0.08642944,0E-8,0.000000,0.909041,0.000000,-0.09079372,2026-03-23,2026-08-06,82,2690,1181,137,0.598540,0.376650,0.410924,0.183276,,,,,,,,GLOBAL_BASELINE_NO_ENTITY_RANKING,,,NOT_APPLICABLE_GLOBAL_BASELINE,HF9g-P5,,,,X 全窗基线 · 不参与实体赏罚,6878087,688,A168_HF9F_20260827_0900,2026-08-27 09:00:00
2026-07-12,70460261,2281,0,247.8506699712,25.6886892313,25.6886892313,0.5833333,15,13,0.48939310972222222,0.466641830769,0.6509834564063307,0.8102677352508794,0.6509834564063307,0.02275127895322222,ELIGIBLE,R03b_20260811_FULL_v1,L1_ELIGIBILITY,v2026-08-11,2026-03-21..2026-08-06,baccarat_bet02_101_all_pairs_incl_sentinel,round_win = game_pnl > 0 (decisive only),COMPATIBILITY_ONLY_NOT_PRODUCTION,268817.8208,244366.2908,168.7661,6248,5610,-0.00062781,-0.08642944,0.00436428,-0.00062781,-168.7661,268817.8208,OK,0.0000,6.7506,4.0000,96.0000,AG03-UNRESOLVED,ALL5_LEVELS_bet23_to_bet27,6.7506,6.7506,6.7506,8.4383,8.4383,4.000000,4.000000,4.000000,5.000000,5.000000,96.000000,96.000000,96.000000,95.000000,95.000000,5.0,37.1285,34.0107,131.6376,134.7554,PENDING_AG03,FALSE,NOT_FOR_ENFORCEMENT,162.0155,234591.6392,168.7661,162.0155,6.7506,0.00062781,0.00060270,6.7506,162.0155,0.00060270,6.7506,6.7506,6.7506,8.4383,8.4383,162.0155,0.00060270,37.1285,34.0107,131.6376,134.7554,0.00048969,0.00050129,0.00002511,43.0246,43.5591,0.0301,2.0581,0.0627,3278.2661,68.4146,17.6798,46.9397,25.7155,39.4976,52.6635,77.1466,82.2897,128.5777,31.4111,0.0,2.083411,3.25533,1.089297,30,192,222,8,0.05498276,0.00062781,0.08642944,0E-8,0.000000,0.909041,0.000000,-0.09079372,2026-03-23,2026-08-06,82,2690,1181,137,0.598540,0.376650,0.410924,0.183276,,,,,,,,GLOBAL_BASELINE_NO_ENTITY_RANKING,,,NOT_APPLICABLE_GLOBAL_BASELINE,HF9g-P5,,,,X 全窗基线 · 不参与实体赏罚,6878088,688,A168_HF9F_20260827_0900,2026-08-27 09:00:00
2026-07-12,70460261,772,0,45.4392894947,7.9260578835,7.9260578835,0.5000000,2,2,0.50665070000000000,0.506650700000,-0.018812684590367487,-0.018812684590367487,-0.018812684590367487,0E-17,ELIGIBLE,R03b_20260811_FULL_v1,L1_ELIGIBILITY,v2026-08-11,2026-03-21..2026-08-06,baccarat_bet02_101_all_pairs_incl_sentinel,round_win = game_pnl > 0 (decisive only),COMPATIBILITY_ONLY_NOT_PRODUCTION,268817.8208,244366.2908,168.7661,6248,5610,-0.00062781,-0.08642944,0.00436428,-0.00062781,-168.7661,268817.8208,OK,0.0000,6.7506,4.0000,96.0000,AG03-UNRESOLVED,ALL5_LEVELS_bet23_to_bet27,6.7506,6.7506,6.7506,8.4383,8.4383,4.000000,4.000000,4.000000,5.000000,5.000000,96.000000,96.000000,96.000000,95.000000,95.000000,5.0,37.1285,34.0107,131.6376,134.7554,PENDING_AG03,FALSE,NOT_FOR_ENFORCEMENT,162.0155,234591.6392,168.7661,162.0155,6.7506,0.00062781,0.00060270,6.7506,162.0155,0.00060270,6.7506,6.7506,6.7506,8.4383,8.4383,162.0155,0.00060270,37.1285,34.0107,131.6376,134.7554,0.00048969,0.00050129,0.00002511,43.0246,43.5591,0.0301,2.0581,0.0627,3278.2661,68.4146,17.6798,46.9397,25.7155,39.4976,52.6635,77.1466,82.2897,128.5777,31.4111,0.0,2.083411,3.25533,1.089297,30,192,222,8,0.05498276,0.00062781,0.08642944,0E-8,0.000000,0.909041,0.000000,-0.09079372,2026-03-23,2026-08-06,82,2690,1181,137,0.598540,0.376650,0.410924,0.183276,,,,,,,,GLOBAL_BASELINE_NO_ENTITY_RANKING,,,NOT_APPLICABLE_GLOBAL_BASELINE,HF9g-P5,,,,X 全窗基线 · 不参与实体赏罚,6878089,688,A168_HF9F_20260827_0900,2026-08-27 09:00:00
2026-07-12,70460261,919,0,26.3341336845,26.3341336845,26.3341336845,1.0000000,1,1,0.49324550000000000,0.493245500000,1.01360149184955,1.01360149184955,1.01360149184955,0E-17,ELIGIBLE,R03b_20260811_FULL_v1,L1_ELIGIBILITY,v2026-08-11,2026-03-21..2026-08-06,baccarat_bet02_101_all_pairs_incl_sentinel,round_win = game_pnl > 0 (decisive only),COMPATIBILITY_ONLY_NOT_PRODUCTION,268817.8208,244366.2908,168.7661,6248,5610,-0.00062781,-0.08642944,0.00436428,-0.00062781,-168.7661,268817.8208,OK,0.0000,6.7506,4.0000,96.0000,AG03-UNRESOLVED,ALL5_LEVELS_bet23_to_bet27,6.7506,6.7506,6.7506,8.4383,8.4383,4.000000,4.000000,4.000000,5.000000,5.000000,96.000000,96.000000,96.000000,95.000000,95.000000,5.0,37.1285,34.0107,131.6376,134.7554,PENDING_AG03,FALSE,NOT_FOR_ENFORCEMENT,162.0155,234591.6392,168.7661,162.0155,6.7506,0.00062781,0.00060270,6.7506,162.0155,0.00060270,6.7506,6.7506,6.7506,8.4383,8.4383,162.0155,0.00060270,37.1285,34.0107,131.6376,134.7554,0.00048969,0.00050129,0.00002511,43.0246,43.5591,0.0301,2.0581,0.0627,3278.2661,68.4146,17.6798,46.9397,25.7155,39.4976,52.6635,77.1466,82.2897,128.5777,31.4111,0.0,2.083411,3.25533,1.089297,30,192,222,8,0.05498276,0.00062781,0.08642944,0E-8,0.000000,0.909041,0.000000,-0.09079372,2026-03-23,2026-08-06,82,2690,1181,137,0.598540,0.376650,0.410924,0.183276,,,,,,,,GLOBAL_BASELINE_NO_ENTITY_RANKING,,,NOT_APPLICABLE_GLOBAL_BASELINE,HF9g-P5,,,,X 全窗基线 · 不参与实体赏罚,6878090,688,A168_HF9F_20260827_0900,2026-08-27 09:00:00
2026-07-12,70460261,948,0,12.9088890610,-12.9088890610,-12.9088890610,0E-7,1,1,0.50665070000000000,0.506650700000,-1.013391052207602,-1.013391052207602,-1.013391052207602,0E-17,ELIGIBLE,R03b_20260811_FULL_v1,L1_ELIGIBILITY,v2026-08-11,2026-03-21..2026-08-06,baccarat_bet02_101_all_pairs_incl_sentinel,round_win = game_pnl > 0 (decisive only),COMPATIBILITY_ONLY_NOT_PRODUCTION,268817.8208,244366.2908,168.7661,6248,5610,-0.00062781,-0.08642944,0.00436428,-0.00062781,-168.7661,268817.8208,OK,0.0000,6.7506,4.0000,96.0000,AG03-UNRESOLVED,ALL5_LEVELS_bet23_to_bet27,6.7506,6.7506,6.7506,8.4383,8.4383,4.000000,4.000000,4.000000,5.000000,5.000000,96.000000,96.000000,96.000000,95.000000,95.000000,5.0,37.1285,34.0107,131.6376,134.7554,PENDING_AG03,FALSE,NOT_FOR_ENFORCEMENT,162.0155,234591.6392,168.7661,162.0155,6.7506,0.00062781,0.00060270,6.7506,162.0155,0.00060270,6.7506,6.7506,6.7506,8.4383,8.4383,162.0155,0.00060270,37.1285,34.0107,131.6376,134.7554,0.00048969,0.00050129,0.00002511,43.0246,43.5591,0.0301,2.0581,0.0627,3278.2661,68.4146,17.6798,46.9397,25.7155,39.4976,52.6635,77.1466,82.2897,128.5777,31.4111,0.0,2.083411,3.25533,1.089297,30,192,222,8,0.05498276,0.00062781,0.08642944,0E-8,0.000000,0.909041,0.000000,-0.09079372,2026-03-23,2026-08-06,82,2690,1181,137,0.598540,0.376650,0.410924,0.183276,,,,,,,,GLOBAL_BASELINE_NO_ENTITY_RANKING,,,NOT_APPLICABLE_GLOBAL_BASELINE,HF9g-P5,,,,X 全窗基线 · 不参与实体赏罚,6878091,688,A168_HF9F_20260827_0900,2026-08-27 09:00:00
2026-07-14,70460261,-1,1,33.5631115586,-33.5631115586,-33.5631115586,0E-7,3,3,0.50665070000000000,0.506650700000,-1.7552447903592512,-1.7552447903592512,-1.7552447903592512,0E-17,SENTINEL_DEALER,R03b_20260811_FULL_v1,L1_ELIGIBILITY,v2026-08-11,2026-03-21..2026-08-06,baccarat_bet02_101_all_pairs_incl_sentinel,round_win = game_pnl > 0 (decisive only),COMPATIBILITY_ONLY_NOT_PRODUCTION,268817.8208,244366.2908,168.7661,6248,5610,-0.00062781,-0.08642944,0.00436428,-0.00062781,-168.7661,268817.8208,OK,0.0000,6.7506,4.0000,96.0000,AG03-UNRESOLVED,ALL5_LEVELS_bet23_to_bet27,6.7506,6.7506,6.7506,8.4383,8.4383,4.000000,4.000000,4.000000,5.000000,5.000000,96.000000,96.000000,96.000000,95.000000,95.000000,5.0,37.1285,34.0107,131.6376,134.7554,PENDING_AG03,FALSE,NOT_FOR_ENFORCEMENT,162.0155,234591.6392,168.7661,162.0155,6.7506,0.00062781,0.00060270,6.7506,162.0155,0.00060270,6.7506,6.7506,6.7506,8.4383,8.4383,162.0155,0.00060270,37.1285,34.0107,131.6376,134.7554,0.00048969,0.00050129,0.00002511,43.0246,43.5591,0.0301,2.0581,0.0627,3278.2661,68.4146,17.6798,46.9397,25.7155,39.4976,52.6635,77.1466,82.2897,128.5777,31.4111,0.0,2.083411,3.25533,1.089297,30,192,222,8,0.05498276,0.00062781,0.08642944,0E-8,0.000000,0.909041,0.000000,-0.09079372,2026-03-23,2026-08-06,82,2690,1181,137,0.598540,0.376650,0.410924,0.183276,,,,,,,,GLOBAL_BASELINE_NO_ENTITY_RANKING,,,NOT_APPLICABLE_GLOBAL_BASELINE,HF9g-P5,,,,X 全窗基线 · 不参与实体赏罚,6878092,688,A168_HF9F_20260827_0900,2026-08-27 09:00:00
2026-07-14,70460261,1205,0,12.9088890610,12.2634446080,12.2634446080,1.0000000,1,1,0.50665070000000000,0.506650700000,0.9867858985152569,0.9867858985152569,0.9867858985152569,0E-17,ELIGIBLE,R03b_20260811_FULL_v1,L1_ELIGIBILITY,v2026-08-11,2026-03-21..2026-08-06,baccarat_bet02_101_all_pairs_incl_sentinel,round_win = game_pnl > 0 (decisive only),COMPATIBILITY_ONLY_NOT_PRODUCTION,268817.8208,244366.2908,168.7661,6248,5610,-0.00062781,-0.08642944,0.00436428,-0.00062781,-168.7661,268817.8208,OK,0.0000,6.7506,4.0000,96.0000,AG03-UNRESOLVED,ALL5_LEVELS_bet23_to_bet27,6.7506,6.7506,6.7506,8.4383,8.4383,4.000000,4.000000,4.000000,5.000000,5.000000,96.000000,96.000000,96.000000,95.000000,95.000000,5.0,37.1285,34.0107,131.6376,134.7554,PENDING_AG03,FALSE,NOT_FOR_ENFORCEMENT,162.0155,234591.6392,168.7661,162.0155,6.7506,0.00062781,0.00060270,6.7506,162.0155,0.00060270,6.7506,6.7506,6.7506,8.4383,8.4383,162.0155,0.00060270,37.1285,34.0107,131.6376,134.7554,0.00048969,0.00050129,0.00002511,43.0246,43.5591,0.0301,2.0581,0.0627,3278.2661,68.4146,17.6798,46.9397,25.7155,39.4976,52.6635,77.1466,82.2897,128.5777,31.4111,0.0,2.083411,3.25533,1.089297,30,192,222,8,0.05498276,0.00062781,0.08642944,0E-8,0.000000,0.909041,0.000000,-0.09079372,2026-03-23,2026-08-06,82,2690,1181,137,0.598540,0.376650,0.410924,0.183276,,,,,,,,GLOBAL_BASELINE_NO_ENTITY_RANKING,,,NOT_APPLICABLE_GLOBAL_BASELINE,HF9g-P5,,,,X 全窗基线 · 不参与实体赏罚,6878093,688,A168_HF9F_20260827_0900,2026-08-27 09:00:00
2026-07-14,70460261,1710,0,12.9088890610,12.9088890610,12.9088890610,1.0000000,1,1,0.49324550000000000,0.493245500000,1.01360149184955,1.01360149184955,1.01360149184955,0E-17,ELIGIBLE,R03b_20260811_FULL_v1,L1_ELIGIBILITY,v2026-08-11,2026-03-21..2026-08-06,baccarat_bet02_101_all_pairs_incl_sentinel,round_win = game_pnl > 0 (decisive only),COMPATIBILITY_ONLY_NOT_PRODUCTION,268817.8208,244366.2908,168.7661,6248,5610,-0.00062781,-0.08642944,0.00436428,-0.00062781,-168.7661,268817.8208,OK,0.0000,6.7506,4.0000,96.0000,AG03-UNRESOLVED,ALL5_LEVELS_bet23_to_bet27,6.7506,6.7506,6.7506,8.4383,8.4383,4.000000,4.000000,4.000000,5.000000,5.000000,96.000000,96.000000,96.000000,95.000000,95.000000,5.0,37.1285,34.0107,131.6376,134.7554,PENDING_AG03,FALSE,NOT_FOR_ENFORCEMENT,162.0155,234591.6392,168.7661,162.0155,6.7506,0.00062781,0.00060270,6.7506,162.0155,0.00060270,6.7506,6.7506,6.7506,8.4383,8.4383,162.0155,0.00060270,37.1285,34.0107,131.6376,134.7554,0.00048969,0.00050129,0.00002511,43.0246,43.5591,0.0301,2.0581,0.0627,3278.2661,68.4146,17.6798,46.9397,25.7155,39.4976,52.6635,77.1466,82.2897,128.5777,31.4111,0.0,2.083411,3.25533,1.089297,30,192,222,8,0.05498276,0.00062781,0.08642944,0E-8,0.000000,0.909041,0.000000,-0.09079372,2026-03-23,2026-08-06,82,2690,1181,137,0.598540,0.376650,0.410924,0.183276,,,,,,,,GLOBAL_BASELINE_NO_ENTITY_RANKING,,,NOT_APPLICABLE_GLOBAL_BASELINE,HF9g-P5,,,,X 全窗基线 · 不参与实体赏罚,6878094,688,A168_HF9F_20260827_0900,2026-08-27 09:00:00
2026-07-14,70460261,2233,0,69.7080009294,8.5198667804,8.5198667804,0.7500000,6,5,0.46134177000000000,0.461341770000,1.1580995726067238,1.158099572606724,1.1580995726067238,0E-17,ELIGIBLE,R03b_20260811_FULL_v1,L1_ELIGIBILITY,v2026-08-11,2026-03-21..2026-08-06,baccarat_bet02_101_all_pairs_incl_sentinel,round_win = game_pnl > 0 (decisive only),COMPATIBILITY_ONLY_NOT_PRODUCTION,268817.8208,244366.2908,168.7661,6248,5610,-0.00062781,-0.08642944,0.00436428,-0.00062781,-168.7661,268817.8208,OK,0.0000,6.7506,4.0000,96.0000,AG03-UNRESOLVED,ALL5_LEVELS_bet23_to_bet27,6.7506,6.7506,6.7506,8.4383,8.4383,4.000000,4.000000,4.000000,5.000000,5.000000,96.000000,96.000000,96.000000,95.000000,95.000000,5.0,37.1285,34.0107,131.6376,134.7554,PENDING_AG03,FALSE,NOT_FOR_ENFORCEMENT,162.0155,234591.6392,168.7661,162.0155,6.7506,0.00062781,0.00060270,6.7506,162.0155,0.00060270,6.7506,6.7506,6.7506,8.4383,8.4383,162.0155,0.00060270,37.1285,34.0107,131.6376,134.7554,0.00048969,0.00050129,0.00002511,43.0246,43.5591,0.0301,2.0581,0.0627,3278.2661,68.4146,17.6798,46.9397,25.7155,39.4976,52.6635,77.1466,82.2897,128.5777,31.4111,0.0,2.083411,3.25533,1.089297,30,192,222,8,0.05498276,0.00062781,0.08642944,0E-8,0.000000,0.909041,0.000000,-0.09079372,2026-03-23,2026-08-06,82,2690,1181,137,0.598540,0.376650,0.410924,0.183276,,,,,,,,GLOBAL_BASELINE_NO_ENTITY_RANKING,,,NOT_APPLICABLE_GLOBAL_BASELINE,HF9g-P5,,,,X 全窗基线 · 不参与实体赏罚,6878095,688,A168_HF9F_20260827_0900,2026-08-27 09:00:00
2026-07-14,70460261,2242,0,64.5444453050,38.7266671830,38.7266671830,0.8000000,5,5,0.49324550000000000,0.493245500000,1.3719730223118614,1.3719730223118614,1.3719730223118614,0E-17,ELIGIBLE,R03b_20260811_FULL_v1,L1_ELIGIBILITY,v2026-08-11,2026-03-21..2026-08-06,baccarat_bet02_101_all_pairs_incl_sentinel,round_win = game_pnl > 0 (decisive only),COMPATIBILITY_ONLY_NOT_PRODUCTION,268817.8208,244366.2908,168.7661,6248,5610,-0.00062781,-0.08642944,0.00436428,-0.00062781,-168.7661,268817.8208,OK,0.0000,6.7506,4.0000,96.0000,AG03-UNRESOLVED,ALL5_LEVELS_bet23_to_bet27,6.7506,6.7506,6.7506,8.4383,8.4383,4.000000,4.000000,4.000000,5.000000,5.000000,96.000000,96.000000,96.000000,95.000000,95.000000,5.0,37.1285,34.0107,131.6376,134.7554,PENDING_AG03,FALSE,NOT_FOR_ENFORCEMENT,162.0155,234591.6392,168.7661,162.0155,6.7506,0.00062781,0.00060270,6.7506,162.0155,0.00060270,6.7506,6.7506,6.7506,8.4383,8.4383,162.0155,0.00060270,37.1285,34.0107,131.6376,134.7554,0.00048969,0.00050129,0.00002511,43.0246,43.5591,0.0301,2.0581,0.0627,3278.2661,68.4146,17.6798,46.9397,25.7155,39.4976,52.6635,77.1466,82.2897,128.5777,31.4111,0.0,2.083411,3.25533,1.089297,30,192,222,8,0.05498276,0.00062781,0.08642944,0E-8,0.000000,0.909041,0.000000,-0.09079372,2026-03-23,2026-08-06,82,2690,1181,137,0.598540,0.376650,0.410924,0.183276,,,,,,,,GLOBAL_BASELINE_NO_ENTITY_RANKING,,,NOT_APPLICABLE_GLOBAL_BASELINE,HF9g-P5,,,,X 全窗基线 · 不参与实体赏罚,6878096,688,A168_HF9F_20260827_0900,2026-08-27 09:00:00
2026-07-14,70460261,772,0,25.8177781220,-25.8177781220,-25.8177781220,0E-7,1,1,0.50665070000000000,0.506650700000,-1.013391052207602,-1.013391052207602,-1.013391052207602,0E-17,ELIGIBLE,R03b_20260811_FULL_v1,L1_ELIGIBILITY,v2026-08-11,2026-03-21..2026-08-06,baccarat_bet02_101_all_pairs_incl_sentinel,round_win = game_pnl > 0 (decisive only),COMPATIBILITY_ONLY_NOT_PRODUCTION,268817.8208,244366.2908,168.7661,6248,5610,-0.00062781,-0.08642944,0.00436428,-0.00062781,-168.7661,268817.8208,OK,0.0000,6.7506,4.0000,96.0000,AG03-UNRESOLVED,ALL5_LEVELS_bet23_to_bet27,6.7506,6.7506,6.7506,8.4383,8.4383,4.000000,4.000000,4.000000,5.000000,5.000000,96.000000,96.000000,96.000000,95.000000,95.000000,5.0,37.1285,34.0107,131.6376,134.7554,PENDING_AG03,FALSE,NOT_FOR_ENFORCEMENT,162.0155,234591.6392,168.7661,162.0155,6.7506,0.00062781,0.00060270,6.7506,162.0155,0.00060270,6.7506,6.7506,6.7506,8.4383,8.4383,162.0155,0.00060270,37.1285,34.0107,131.6376,134.7554,0.00048969,0.00050129,0.00002511,43.0246,43.5591,0.0301,2.0581,0.0627,3278.2661,68.4146,17.6798,46.9397,25.7155,39.4976,52.6635,77.1466,82.2897,128.5777,31.4111,0.0,2.083411,3.25533,1.089297,30,192,222,8,0.05498276,0.00062781,0.08642944,0E-8,0.000000,0.909041,0.000000,-0.09079372,2026-03-23,2026-08-06,82,2690,1181,137,0.598540,0.376650,0.410924,0.183276,,,,,,,,GLOBAL_BASELINE_NO_ENTITY_RANKING,,,NOT_APPLICABLE_GLOBAL_BASELINE,HF9g-P5,,,,X 全窗基线 · 不参与实体赏罚,6878097,688,A168_HF9F_20260827_0900,2026-08-27 09:00:00
2026-07-16,70460261,-1,1,5.9380889681,-5.9380889681,-5.9380889681,0E-7,1,1,0.49324550000000000,0.493245500000,-0.9865810262130424,-0.9865810262130424,-0.9865810262130424,0E-17,SENTINEL_DEALER,R03b_20260811_FULL_v1,L1_ELIGIBILITY,v2026-08-11,2026-03-21..2026-08-06,baccarat_bet02_101_all_pairs_incl_sentinel,round_win = game_pnl > 0 (decisive only),COMPATIBILITY_ONLY_NOT_PRODUCTION,268817.8208,244366.2908,168.7661,6248,5610,-0.00062781,-0.08642944,0.00436428,-0.00062781,-168.7661,268817.8208,OK,0.0000,6.7506,4.0000,96.0000,AG03-UNRESOLVED,ALL5_LEVELS_bet23_to_bet27,6.7506,6.7506,6.7506,8.4383,8.4383,4.000000,4.000000,4.000000,5.000000,5.000000,96.000000,96.000000,96.000000,95.000000,95.000000,5.0,37.1285,34.0107,131.6376,134.7554,PENDING_AG03,FALSE,NOT_FOR_ENFORCEMENT,162.0155,234591.6392,168.7661,162.0155,6.7506,0.00062781,0.00060270,6.7506,162.0155,0.00060270,6.7506,6.7506,6.7506,8.4383,8.4383,162.0155,0.00060270,37.1285,34.0107,131.6376,134.7554,0.00048969,0.00050129,0.00002511,43.0246,43.5591,0.0301,2.0581,0.0627,3278.2661,68.4146,17.6798,46.9397,25.7155,39.4976,52.6635,77.1466,82.2897,128.5777,31.4111,0.0,2.083411,3.25533,1.089297,30,192,222,8,0.05498276,0.00062781,0.08642944,0E-8,0.000000,0.909041,0.000000,-0.09079372,2026-03-23,2026-08-06,82,2690,1181,137,0.598540,0.376650,0.410924,0.183276,,,,,,,,GLOBAL_BASELINE_NO_ENTITY_RANKING,,,NOT_APPLICABLE_GLOBAL_BASELINE,HF9g-P5,,,,X 全窗基线 · 不参与实体赏罚,6878098,688,A168_HF9F_20260827_0900,2026-08-27 09:00:00
2026-07-20,70460261,-1,1,203.9604471638,-27.1086670281,-27.1086670281,0.4285714,8,8,0.50497505000000000,0.504975050000,-0.4043099778764335,-0.4043099778764335,-0.4043099778764335,0E-17,SENTINEL_DEALER,R03b_20260811_FULL_v1,L1_ELIGIBILITY,v2026-08-11,2026-03-21..2026-08-06,baccarat_bet02_101_all_pairs_incl_sentinel,round_win = game_pnl > 0 (decisive only),COMPATIBILITY_ONLY_NOT_PRODUCTION,268817.8208,244366.2908,168.7661,6248,5610,-0.00062781,-0.08642944,0.00436428,-0.00062781,-168.7661,268817.8208,OK,0.0000,6.7506,4.0000,96.0000,AG03-UNRESOLVED,ALL5_LEVELS_bet23_to_bet27,6.7506,6.7506,6.7506,8.4383,8.4383,4.000000,4.000000,4.000000,5.000000,5.000000,96.000000,96.000000,96.000000,95.000000,95.000000,5.0,37.1285,34.0107,131.6376,134.7554,PENDING_AG03,FALSE,NOT_FOR_ENFORCEMENT,162.0155,234591.6392,168.7661,162.0155,6.7506,0.00062781,0.00060270,6.7506,162.0155,0.00060270,6.7506,6.7506,6.7506,8.4383,8.4383,162.0155,0.00060270,37.1285,34.0107,131.6376,134.7554,0.00048969,0.00050129,0.00002511,43.0246,43.5591,0.0301,2.0581,0.0627,3278.2661,68.4146,17.6798,46.9397,25.7155,39.4976,52.6635,77.1466,82.2897,128.5777,31.4111,0.0,2.083411,3.25533,1.089297,30,192,222,8,0.05498276,0.00062781,0.08642944,0E-8,0.000000,0.909041,0.000000,-0.09079372,2026-03-23,2026-08-06,82,2690,1181,137,0.598540,0.376650,0.410924,0.183276,,,,,,,,GLOBAL_BASELINE_NO_ENTITY_RANKING,,,NOT_APPLICABLE_GLOBAL_BASELINE,HF9g-P5,,,,X 全窗基线 · 不参与实体赏罚,6878099,688,A168_HF9F_20260827_0900,2026-08-27 09:00:00
2026-07-20,70460261,1299,0,33.5631115586,32.7885782149,32.7885782149,1.0000000,2,2,0.49994810000000000,0.499948100000,1.4143603653603398,1.4143603653603398,1.4143603653603398,0E-17,ELIGIBLE,R03b_20260811_FULL_v1,L1_ELIGIBILITY,v2026-08-11,2026-03-21..2026-08-06,baccarat_bet02_101_all_pairs_incl_sentinel,round_win = game_pnl > 0 (decisive only),COMPATIBILITY_ONLY_NOT_PRODUCTION,268817.8208,244366.2908,168.7661,6248,5610,-0.00062781,-0.08642944,0.00436428,-0.00062781,-168.7661,268817.8208,OK,0.0000,6.7506,4.0000,96.0000,AG03-UNRESOLVED,ALL5_LEVELS_bet23_to_bet27,6.7506,6.7506,6.7506,8.4383,8.4383,4.000000,4.000000,4.000000,5.000000,5.000000,96.000000,96.000000,96.000000,95.000000,95.000000,5.0,37.1285,34.0107,131.6376,134.7554,PENDING_AG03,FALSE,NOT_FOR_ENFORCEMENT,162.0155,234591.6392,168.7661,162.0155,6.7506,0.00062781,0.00060270,6.7506,162.0155,0.00060270,6.7506,6.7506,6.7506,8.4383,8.4383,162.0155,0.00060270,37.1285,34.0107,131.6376,134.7554,0.00048969,0.00050129,0.00002511,43.0246,43.5591,0.0301,2.0581,0.0627,3278.2661,68.4146,17.6798,46.9397,25.7155,39.4976,52.6635,77.1466,82.2897,128.5777,31.4111,0.0,2.083411,3.25533,1.089297,30,192,222,8,0.05498276,0.00062781,0.08642944,0E-8,0.000000,0.909041,0.000000,-0.09079372,2026-03-23,2026-08-06,82,2690,1181,137,0.598540,0.376650,0.410924,0.183276,,,,,,,,GLOBAL_BASELINE_NO_ENTITY_RANKING,,,NOT_APPLICABLE_GLOBAL_BASELINE,HF9g-P5,,,,X 全窗基线 · 不参与实体赏罚,6878100,688,A168_HF9F_20260827_0900,2026-08-27 09:00:00
2026-07-20,70460261,1646,0,25.8177781220,-25.8177781220,-25.8177781220,0E-7,1,1,0.50665070000000000,0.506650700000,-1.013391052207602,-1.013391052207602,-1.013391052207602,0E-17,ELIGIBLE,R03b_20260811_FULL_v1,L1_ELIGIBILITY,v2026-08-11,2026-03-21..2026-08-06,baccarat_bet02_101_all_pairs_incl_sentinel,round_win = game_pnl > 0 (decisive only),COMPATIBILITY_ONLY_NOT_PRODUCTION,268817.8208,244366.2908,168.7661,6248,5610,-0.00062781,-0.08642944,0.00436428,-0.00062781,-168.7661,268817.8208,OK,0.0000,6.7506,4.0000,96.0000,AG03-UNRESOLVED,ALL5_LEVELS_bet23_to_bet27,6.7506,6.7506,6.7506,8.4383,8.4383,4.000000,4.000000,4.000000,5.000000,5.000000,96.000000,96.000000,96.000000,95.000000,95.000000,5.0,37.1285,34.0107,131.6376,134.7554,PENDING_AG03,FALSE,NOT_FOR_ENFORCEMENT,162.0155,234591.6392,168.7661,162.0155,6.7506,0.00062781,0.00060270,6.7506,162.0155,0.00060270,6.7506,6.7506,6.7506,8.4383,8.4383,162.0155,0.00060270,37.1285,34.0107,131.6376,134.7554,0.00048969,0.00050129,0.00002511,43.0246,43.5591,0.0301,2.0581,0.0627,3278.2661,68.4146,17.6798,46.9397,25.7155,39.4976,52.6635,77.1466,82.2897,128.5777,31.4111,0.0,2.083411,3.25533,1.089297,30,192,222,8,0.05498276,0.00062781,0.08642944,0E-8,0.000000,0.909041,0.000000,-0.09079372,2026-03-23,2026-08-06,82,2690,1181,137,0.598540,0.376650,0.410924,0.183276,,,,,,,,GLOBAL_BASELINE_NO_ENTITY_RANKING,,,NOT_APPLICABLE_GLOBAL_BASELINE,HF9g-P5,,,,X 全窗基线 · 不参与实体赏罚,6878101,688,A168_HF9F_20260827_0900,2026-08-27 09:00:00
2026-07-20,70460261,1750,0,12.9088890610,-12.9088890610,-12.9088890610,0E-7,1,1,0.50665070000000000,0.506650700000,-1.013391052207602,-1.013391052207602,-1.013391052207602,0E-17,ELIGIBLE,R03b_20260811_FULL_v1,L1_ELIGIBILITY,v2026-08-11,2026-03-21..2026-08-06,baccarat_bet02_101_all_pairs_incl_sentinel,round_win = game_pnl > 0 (decisive only),COMPATIBILITY_ONLY_NOT_PRODUCTION,268817.8208,244366.2908,168.7661,6248,5610,-0.00062781,-0.08642944,0.00436428,-0.00062781,-168.7661,268817.8208,OK,0.0000,6.7506,4.0000,96.0000,AG03-UNRESOLVED,ALL5_LEVELS_bet23_to_bet27,6.7506,6.7506,6.7506,8.4383,8.4383,4.000000,4.000000,4.000000,5.000000,5.000000,96.000000,96.000000,96.000000,95.000000,95.000000,5.0,37.1285,34.0107,131.6376,134.7554,PENDING_AG03,FALSE,NOT_FOR_ENFORCEMENT,162.0155,234591.6392,168.7661,162.0155,6.7506,0.00062781,0.00060270,6.7506,162.0155,0.00060270,6.7506,6.7506,6.7506,8.4383,8.4383,162.0155,0.00060270,37.1285,34.0107,131.6376,134.7554,0.00048969,0.00050129,0.00002511,43.0246,43.5591,0.0301,2.0581,0.0627,3278.2661,68.4146,17.6798,46.9397,25.7155,39.4976,52.6635,77.1466,82.2897,128.5777,31.4111,0.0,2.083411,3.25533,1.089297,30,192,222,8,0.05498276,0.00062781,0.08642944,0E-8,0.000000,0.909041,0.000000,-0.09079372,2026-03-23,2026-08-06,82,2690,1181,137,0.598540,0.376650,0.410924,0.183276,,,,,,,,GLOBAL_BASELINE_NO_ENTITY_RANKING,,,NOT_APPLICABLE_GLOBAL_BASELINE,HF9g-P5,,,,X 全窗基线 · 不参与实体赏罚,6878102,688,A168_HF9F_20260827_0900,2026-08-27 09:00:00
2026-07-20,70460261,1940,0,12.9088890610,12.9088890610,12.9088890610,1.0000000,1,1,0.49324550000000000,0.493245500000,1.01360149184955,1.01360149184955,1.01360149184955,0E-17,ELIGIBLE,R03b_20260811_FULL_v1,L1_ELIGIBILITY,v2026-08-11,2026-03-21..2026-08-06,baccarat_bet02_101_all_pairs_incl_sentinel,round_win = game_pnl > 0 (decisive only),COMPATIBILITY_ONLY_NOT_PRODUCTION,268817.8208,244366.2908,168.7661,6248,5610,-0.00062781,-0.08642944,0.00436428,-0.00062781,-168.7661,268817.8208,OK,0.0000,6.7506,4.0000,96.0000,AG03-UNRESOLVED,ALL5_LEVELS_bet23_to_bet27,6.7506,6.7506,6.7506,8.4383,8.4383,4.000000,4.000000,4.000000,5.000000,5.000000,96.000000,96.000000,96.000000,95.000000,95.000000,5.0,37.1285,34.0107,131.6376,134.7554,PENDING_AG03,FALSE,NOT_FOR_ENFORCEMENT,162.0155,234591.6392,168.7661,162.0155,6.7506,0.00062781,0.00060270,6.7506,162.0155,0.00060270,6.7506,6.7506,6.7506,8.4383,8.4383,162.0155,0.00060270,37.1285,34.0107,131.6376,134.7554,0.00048969,0.00050129,0.00002511,43.0246,43.5591,0.0301,2.0581,0.0627,3278.2661,68.4146,17.6798,46.9397,25.7155,39.4976,52.6635,77.1466,82.2897,128.5777,31.4111,0.0,2.083411,3.25533,1.089297,30,192,222,8,0.05498276,0.00062781,0.08642944,0E-8,0.000000,0.909041,0.000000,-0.09079372,2026-03-23,2026-08-06,82,2690,1181,137,0.598540,0.376650,0.410924,0.183276,,,,,,,,GLOBAL_BASELINE_NO_ENTITY_RANKING,,,NOT_APPLICABLE_GLOBAL_BASELINE,HF9g-P5,,,,X 全窗基线 · 不参与实体赏罚,6878103,688,A168_HF9F_20260827_0900,2026-08-27 09:00:00
2026-07-20,70460261,2088,0,25.8177781220,-25.8177781220,-25.8177781220,0E-7,1,1,0.50665070000000000,0.506650700000,-1.013391052207602,-1.013391052207602,-1.013391052207602,0E-17,ELIGIBLE,R03b_20260811_FULL_v1,L1_ELIGIBILITY,v2026-08-11,2026-03-21..2026-08-06,baccarat_bet02_101_all_pairs_incl_sentinel,round_win = game_pnl > 0 (decisive only),COMPATIBILITY_ONLY_NOT_PRODUCTION,268817.8208,244366.2908,168.7661,6248,5610,-0.00062781,-0.08642944,0.00436428,-0.00062781,-168.7661,268817.8208,OK,0.0000,6.7506,4.0000,96.0000,AG03-UNRESOLVED,ALL5_LEVELS_bet23_to_bet27,6.7506,6.7506,6.7506,8.4383,8.4383,4.000000,4.000000,4.000000,5.000000,5.000000,96.000000,96.000000,96.000000,95.000000,95.000000,5.0,37.1285,34.0107,131.6376,134.7554,PENDING_AG03,FALSE,NOT_FOR_ENFORCEMENT,162.0155,234591.6392,168.7661,162.0155,6.7506,0.00062781,0.00060270,6.7506,162.0155,0.00060270,6.7506,6.7506,6.7506,8.4383,8.4383,162.0155,0.00060270,37.1285,34.0107,131.6376,134.7554,0.00048969,0.00050129,0.00002511,43.0246,43.5591,0.0301,2.0581,0.0627,3278.2661,68.4146,17.6798,46.9397,25.7155,39.4976,52.6635,77.1466,82.2897,128.5777,31.4111,0.0,2.083411,3.25533,1.089297,30,192,222,8,0.05498276,0.00062781,0.08642944,0E-8,0.000000,0.909041,0.000000,-0.09079372,2026-03-23,2026-08-06,82,2690,1181,137,0.598540,0.376650,0.410924,0.183276,,,,,,,,GLOBAL_BASELINE_NO_ENTITY_RANKING,,,NOT_APPLICABLE_GLOBAL_BASELINE,HF9g-P5,,,,X 全窗基线 · 不参与实体赏罚,6878104,688,A168_HF9F_20260827_0900,2026-08-27 09:00:00
2026-07-20,70460261,2115,0,12.9088890610,0E-10,0E-10,,1,1,0.50665070000000000,0.506650700000,,,,0E-17,NO_DECISIVE_ROUND,R03b_20260811_FULL_v1,L1_ELIGIBILITY,v2026-08-11,2026-03-21..2026-08-06,baccarat_bet02_101_all_pairs_incl_sentinel,round_win = game_pnl > 0 (decisive only),COMPATIBILITY_ONLY_NOT_PRODUCTION,268817.8208,244366.2908,168.7661,6248,5610,-0.00062781,-0.08642944,0.00436428,-0.00062781,-168.7661,268817.8208,OK,0.0000,6.7506,4.0000,96.0000,AG03-UNRESOLVED,ALL5_LEVELS_bet23_to_bet27,6.7506,6.7506,6.7506,8.4383,8.4383,4.000000,4.000000,4.000000,5.000000,5.000000,96.000000,96.000000,96.000000,95.000000,95.000000,5.0,37.1285,34.0107,131.6376,134.7554,PENDING_AG03,FALSE,NOT_FOR_ENFORCEMENT,162.0155,234591.6392,168.7661,162.0155,6.7506,0.00062781,0.00060270,6.7506,162.0155,0.00060270,6.7506,6.7506,6.7506,8.4383,8.4383,162.0155,0.00060270,37.1285,34.0107,131.6376,134.7554,0.00048969,0.00050129,0.00002511,43.0246,43.5591,0.0301,2.0581,0.0627,3278.2661,68.4146,17.6798,46.9397,25.7155,39.4976,52.6635,77.1466,82.2897,128.5777,31.4111,0.0,2.083411,3.25533,1.089297,30,192,222,8,0.05498276,0.00062781,0.08642944,0E-8,0.000000,0.909041,0.000000,-0.09079372,2026-03-23,2026-08-06,82,2690,1181,137,0.598540,0.376650,0.410924,0.183276,,,,,,,,GLOBAL_BASELINE_NO_ENTITY_RANKING,,,NOT_APPLICABLE_GLOBAL_BASELINE,HF9g-P5,,,,X 全窗基线 · 不参与实体赏罚,6878105,688,A168_HF9F_20260827_0900,2026-08-27 09:00:00
2026-07-20,70460261,2123,0,38.7266671830,-38.7266671830,-38.7266671830,0E-7,1,1,0.50665070000000000,0.506650700000,-1.013391052207602,-1.013391052207602,-1.013391052207602,0E-17,ELIGIBLE,R03b_20260811_FULL_v1,L1_ELIGIBILITY,v2026-08-11,2026-03-21..2026-08-06,baccarat_bet02_101_all_pairs_incl_sentinel,round_win = game_pnl > 0 (decisive only),COMPATIBILITY_ONLY_NOT_PRODUCTION,268817.8208,244366.2908,168.7661,6248,5610,-0.00062781,-0.08642944,0.00436428,-0.00062781,-168.7661,268817.8208,OK,0.0000,6.7506,4.0000,96.0000,AG03-UNRESOLVED,ALL5_LEVELS_bet23_to_bet27,6.7506,6.7506,6.7506,8.4383,8.4383,4.000000,4.000000,4.000000,5.000000,5.000000,96.000000,96.000000,96.000000,95.000000,95.000000,5.0,37.1285,34.0107,131.6376,134.7554,PENDING_AG03,FALSE,NOT_FOR_ENFORCEMENT,162.0155,234591.6392,168.7661,162.0155,6.7506,0.00062781,0.00060270,6.7506,162.0155,0.00060270,6.7506,6.7506,6.7506,8.4383,8.4383,162.0155,0.00060270,37.1285,34.0107,131.6376,134.7554,0.00048969,0.00050129,0.00002511,43.0246,43.5591,0.0301,2.0581,0.0627,3278.2661,68.4146,17.6798,46.9397,25.7155,39.4976,52.6635,77.1466,82.2897,128.5777,31.4111,0.0,2.083411,3.25533,1.089297,30,192,222,8,0.05498276,0.00062781,0.08642944,0E-8,0.000000,0.909041,0.000000,-0.09079372,2026-03-23,2026-08-06,82,2690,1181,137,0.598540,0.376650,0.410924,0.183276,,,,,,,,GLOBAL_BASELINE_NO_ENTITY_RANKING,,,NOT_APPLICABLE_GLOBAL_BASELINE,HF9g-P5,,,,X 全窗基线 · 不参与实体赏罚,6878106,688,A168_HF9F_20260827_0900,2026-08-27 09:00:00
2026-07-20,70460261,2188,0,111.0164459246,40.0175560891,40.0175560891,0.7500000,5,4,0.47428717857142857,0.450014537500,1.1043124830213331,1.205983394067321,1.1043124830213331,0.02427264107142857,ELIGIBLE,R03b_20260811_FULL_v1,L1_ELIGIBILITY,v2026-08-11,2026-03-21..2026-08-06,baccarat_bet02_101_all_pairs_incl_sentinel,round_win = game_pnl > 0 (decisive only),COMPATIBILITY_ONLY_NOT_PRODUCTION,268817.8208,244366.2908,168.7661,6248,5610,-0.00062781,-0.08642944,0.00436428,-0.00062781,-168.7661,268817.8208,OK,0.0000,6.7506,4.0000,96.0000,AG03-UNRESOLVED,ALL5_LEVELS_bet23_to_bet27,6.7506,6.7506,6.7506,8.4383,8.4383,4.000000,4.000000,4.000000,5.000000,5.000000,96.000000,96.000000,96.000000,95.000000,95.000000,5.0,37.1285,34.0107,131.6376,134.7554,PENDING_AG03,FALSE,NOT_FOR_ENFORCEMENT,162.0155,234591.6392,168.7661,162.0155,6.7506,0.00062781,0.00060270,6.7506,162.0155,0.00060270,6.7506,6.7506,6.7506,8.4383,8.4383,162.0155,0.00060270,37.1285,34.0107,131.6376,134.7554,0.00048969,0.00050129,0.00002511,43.0246,43.5591,0.0301,2.0581,0.0627,3278.2661,68.4146,17.6798,46.9397,25.7155,39.4976,52.6635,77.1466,82.2897,128.5777,31.4111,0.0,2.083411,3.25533,1.089297,30,192,222,8,0.05498276,0.00062781,0.08642944,0E-8,0.000000,0.909041,0.000000,-0.09079372,2026-03-23,2026-08-06,82,2690,1181,137,0.598540,0.376650,0.410924,0.183276,,,,,,,,GLOBAL_BASELINE_NO_ENTITY_RANKING,,,NOT_APPLICABLE_GLOBAL_BASELINE,HF9g-P5,,,,X 全窗基线 · 不参与实体赏罚,6878107,688,A168_HF9F_20260827_0900,2026-08-27 09:00:00
2026-07-20,70460261,2201,0,25.8177781220,-25.8177781220,-25.8177781220,0E-7,1,1,0.50665070000000000,0.506650700000,-1.013391052207602,-1.013391052207602,-1.013391052207602,0E-17,ELIGIBLE,R03b_20260811_FULL_v1,L1_ELIGIBILITY,v2026-08-11,2026-03-21..2026-08-06,baccarat_bet02_101_all_pairs_incl_sentinel,round_win = game_pnl > 0 (decisive only),COMPATIBILITY_ONLY_NOT_PRODUCTION,268817.8208,244366.2908,168.7661,6248,5610,-0.00062781,-0.08642944,0.00436428,-0.00062781,-168.7661,268817.8208,OK,0.0000,6.7506,4.0000,96.0000,AG03-UNRESOLVED,ALL5_LEVELS_bet23_to_bet27,6.7506,6.7506,6.7506,8.4383,8.4383,4.000000,4.000000,4.000000,5.000000,5.000000,96.000000,96.000000,96.000000,95.000000,95.000000,5.0,37.1285,34.0107,131.6376,134.7554,PENDING_AG03,FALSE,NOT_FOR_ENFORCEMENT,162.0155,234591.6392,168.7661,162.0155,6.7506,0.00062781,0.00060270,6.7506,162.0155,0.00060270,6.7506,6.7506,6.7506,8.4383,8.4383,162.0155,0.00060270,37.1285,34.0107,131.6376,134.7554,0.00048969,0.00050129,0.00002511,43.0246,43.5591,0.0301,2.0581,0.0627,3278.2661,68.4146,17.6798,46.9397,25.7155,39.4976,52.6635,77.1466,82.2897,128.5777,31.4111,0.0,2.083411,3.25533,1.089297,30,192,222,8,0.05498276,0.00062781,0.08642944,0E-8,0.000000,0.909041,0.000000,-0.09079372,2026-03-23,2026-08-06,82,2690,1181,137,0.598540,0.376650,0.410924,0.183276,,,,,,,,GLOBAL_BASELINE_NO_ENTITY_RANKING,,,NOT_APPLICABLE_GLOBAL_BASELINE,HF9g-P5,,,,X 全窗基线 · 不参与实体赏罚,6878108,688,A168_HF9F_20260827_0900,2026-08-27 09:00:00
2026-07-20,70460261,2216,0,25.8177781220,-25.8177781220,-25.8177781220,0E-7,1,1,0.49324550000000000,0.493245500000,-0.9865810262130424,-0.9865810262130424,-0.9865810262130424,0E-17,ELIGIBLE,R03b_20260811_FULL_v1,L1_ELIGIBILITY,v2026-08-11,2026-03-21..2026-08-06,baccarat_bet02_101_all_pairs_incl_sentinel,round_win = game_pnl > 0 (decisive only),COMPATIBILITY_ONLY_NOT_PRODUCTION,268817.8208,244366.2908,168.7661,6248,5610,-0.00062781,-0.08642944,0.00436428,-0.00062781,-168.7661,268817.8208,OK,0.0000,6.7506,4.0000,96.0000,AG03-UNRESOLVED,ALL5_LEVELS_bet23_to_bet27,6.7506,6.7506,6.7506,8.4383,8.4383,4.000000,4.000000,4.000000,5.000000,5.000000,96.000000,96.000000,96.000000,95.000000,95.000000,5.0,37.1285,34.0107,131.6376,134.7554,PENDING_AG03,FALSE,NOT_FOR_ENFORCEMENT,162.0155,234591.6392,168.7661,162.0155,6.7506,0.00062781,0.00060270,6.7506,162.0155,0.00060270,6.7506,6.7506,6.7506,8.4383,8.4383,162.0155,0.00060270,37.1285,34.0107,131.6376,134.7554,0.00048969,0.00050129,0.00002511,43.0246,43.5591,0.0301,2.0581,0.0627,3278.2661,68.4146,17.6798,46.9397,25.7155,39.4976,52.6635,77.1466,82.2897,128.5777,31.4111,0.0,2.083411,3.25533,1.089297,30,192,222,8,0.05498276,0.00062781,0.08642944,0E-8,0.000000,0.909041,0.000000,-0.09079372,2026-03-23,2026-08-06,82,2690,1181,137,0.598540,0.376650,0.410924,0.183276,,,,,,,,GLOBAL_BASELINE_NO_ENTITY_RANKING,,,NOT_APPLICABLE_GLOBAL_BASELINE,HF9g-P5,,,,X 全窗基线 · 不参与实体赏罚,6878109,688,A168_HF9F_20260827_0900,2026-08-27 09:00:00
2026-07-20,70460261,2242,0,98.1075568636,42.8575116825,42.8575116825,0.7500000,5,4,0.48777197916666667,0.450014537500,1.049225900206252,1.205983394067321,1.049225900206252,0.03775744166666667,ELIGIBLE,R03b_20260811_FULL_v1,L1_ELIGIBILITY,v2026-08-11,2026-03-21..2026-08-06,baccarat_bet02_101_all_pairs_incl_sentinel,round_win = game_pnl > 0 (decisive only),COMPATIBILITY_ONLY_NOT_PRODUCTION,268817.8208,244366.2908,168.7661,6248,5610,-0.00062781,-0.08642944,0.00436428,-0.00062781,-168.7661,268817.8208,OK,0.0000,6.7506,4.0000,96.0000,AG03-UNRESOLVED,ALL5_LEVELS_bet23_to_bet27,6.7506,6.7506,6.7506,8.4383,8.4383,4.000000,4.000000,4.000000,5.000000,5.000000,96.000000,96.000000,96.000000,95.000000,95.000000,5.0,37.1285,34.0107,131.6376,134.7554,PENDING_AG03,FALSE,NOT_FOR_ENFORCEMENT,162.0155,234591.6392,168.7661,162.0155,6.7506,0.00062781,0.00060270,6.7506,162.0155,0.00060270,6.7506,6.7506,6.7506,8.4383,8.4383,162.0155,0.00060270,37.1285,34.0107,131.6376,134.7554,0.00048969,0.00050129,0.00002511,43.0246,43.5591,0.0301,2.0581,0.0627,3278.2661,68.4146,17.6798,46.9397,25.7155,39.4976,52.6635,77.1466,82.2897,128.5777,31.4111,0.0,2.083411,3.25533,1.089297,30,192,222,8,0.05498276,0.00062781,0.08642944,0E-8,0.000000,0.909041,0.000000,-0.09079372,2026-03-23,2026-08-06,82,2690,1181,137,0.598540,0.376650,0.410924,0.183276,,,,,,,,GLOBAL_BASELINE_NO_ENTITY_RANKING,,,NOT_APPLICABLE_GLOBAL_BASELINE,HF9g-P5,,,,X 全窗基线 · 不参与实体赏罚,6878110,688,A168_HF9F_20260827_0900,2026-08-27 09:00:00
2026-07-20,70460261,2267,0,82.6168899904,10.8434668113,10.8434668113,0.7500000,7,5,0.44372163055555556,0.416032840000,1.2329484966324917,1.3551137124495682,1.2329484966324917,0.02768879055555556,ELIGIBLE,R03b_20260811_FULL_v1,L1_ELIGIBILITY,v2026-08-11,2026-03-21..2026-08-06,baccarat_bet02_101_all_pairs_incl_sentinel,round_win = game_pnl > 0 (decisive only),COMPATIBILITY_ONLY_NOT_PRODUCTION,268817.8208,244366.2908,168.7661,6248,5610,-0.00062781,-0.08642944,0.00436428,-0.00062781,-168.7661,268817.8208,OK,0.0000,6.7506,4.0000,96.0000,AG03-UNRESOLVED,ALL5_LEVELS_bet23_to_bet27,6.7506,6.7506,6.7506,8.4383,8.4383,4.000000,4.000000,4.000000,5.000000,5.000000,96.000000,96.000000,96.000000,95.000000,95.000000,5.0,37.1285,34.0107,131.6376,134.7554,PENDING_AG03,FALSE,NOT_FOR_ENFORCEMENT,162.0155,234591.6392,168.7661,162.0155,6.7506,0.00062781,0.00060270,6.7506,162.0155,0.00060270,6.7506,6.7506,6.7506,8.4383,8.4383,162.0155,0.00060270,37.1285,34.0107,131.6376,134.7554,0.00048969,0.00050129,0.00002511,43.0246,43.5591,0.0301,2.0581,0.0627,3278.2661,68.4146,17.6798,46.9397,25.7155,39.4976,52.6635,77.1466,82.2897,128.5777,31.4111,0.0,2.083411,3.25533,1.089297,30,192,222,8,0.05498276,0.00062781,0.08642944,0E-8,0.000000,0.909041,0.000000,-0.09079372,2026-03-23,2026-08-06,82,2690,1181,137,0.598540,0.376650,0.410924,0.183276,,,,,,,,GLOBAL_BASELINE_NO_ENTITY_RANKING,,,NOT_APPLICABLE_GLOBAL_BASELINE,HF9g-P5,,,,X 全窗基线 · 不参与实体赏罚,6878111,688,A168_HF9F_20260827_0900,2026-08-27 09:00:00
2026-07-20,70460261,2281,0,25.8177781220,-25.8177781220,-25.8177781220,0E-7,1,1,0.49324550000000000,0.493245500000,-0.9865810262130424,-0.9865810262130424,-0.9865810262130424,0E-17,ELIGIBLE,R03b_20260811_FULL_v1,L1_ELIGIBILITY,v2026-08-11,2026-03-21..2026-08-06,baccarat_bet02_101_all_pairs_incl_sentinel,round_win = game_pnl > 0 (decisive only),COMPATIBILITY_ONLY_NOT_PRODUCTION,268817.8208,244366.2908,168.7661,6248,5610,-0.00062781,-0.08642944,0.00436428,-0.00062781,-168.7661,268817.8208,OK,0.0000,6.7506,4.0000,96.0000,AG03-UNRESOLVED,ALL5_LEVELS_bet23_to_bet27,6.7506,6.7506,6.7506,8.4383,8.4383,4.000000,4.000000,4.000000,5.000000,5.000000,96.000000,96.000000,96.000000,95.000000,95.000000,5.0,37.1285,34.0107,131.6376,134.7554,PENDING_AG03,FALSE,NOT_FOR_ENFORCEMENT,162.0155,234591.6392,168.7661,162.0155,6.7506,0.00062781,0.00060270,6.7506,162.0155,0.00060270,6.7506,6.7506,6.7506,8.4383,8.4383,162.0155,0.00060270,37.1285,34.0107,131.6376,134.7554,0.00048969,0.00050129,0.00002511,43.0246,43.5591,0.0301,2.0581,0.0627,3278.2661,68.4146,17.6798,46.9397,25.7155,39.4976,52.6635,77.1466,82.2897,128.5777,31.4111,0.0,2.083411,3.25533,1.089297,30,192,222,8,0.05498276,0.00062781,0.08642944,0E-8,0.000000,0.909041,0.000000,-0.09079372,2026-03-23,2026-08-06,82,2690,1181,137,0.598540,0.376650,0.410924,0.183276,,,,,,,,GLOBAL_BASELINE_NO_ENTITY_RANKING,,,NOT_APPLICABLE_GLOBAL_BASELINE,HF9g-P5,,,,X 全窗基线 · 不参与实体赏罚,6878112,688,A168_HF9F_20260827_0900,2026-08-27 09:00:00
2026-07-20,70460261,2288,0,154.9066687320,47.7628895257,47.7628895257,0.6666667,6,6,0.50441650000000000,0.504416500000,0.7948912480929629,0.7948912480929629,0.7948912480929629,0E-17,ELIGIBLE,R03b_20260811_FULL_v1,L1_ELIGIBILITY,v2026-08-11,2026-03-21..2026-08-06,baccarat_bet02_101_all_pairs_incl_sentinel,round_win = game_pnl > 0 (decisive only),COMPATIBILITY_ONLY_NOT_PRODUCTION,268817.8208,244366.2908,168.7661,6248,5610,-0.00062781,-0.08642944,0.00436428,-0.00062781,-168.7661,268817.8208,OK,0.0000,6.7506,4.0000,96.0000,AG03-UNRESOLVED,ALL5_LEVELS_bet23_to_bet27,6.7506,6.7506,6.7506,8.4383,8.4383,4.000000,4.000000,4.000000,5.000000,5.000000,96.000000,96.000000,96.000000,95.000000,95.000000,5.0,37.1285,34.0107,131.6376,134.7554,PENDING_AG03,FALSE,NOT_FOR_ENFORCEMENT,162.0155,234591.6392,168.7661,162.0155,6.7506,0.00062781,0.00060270,6.7506,162.0155,0.00060270,6.7506,6.7506,6.7506,8.4383,8.4383,162.0155,0.00060270,37.1285,34.0107,131.6376,134.7554,0.00048969,0.00050129,0.00002511,43.0246,43.5591,0.0301,2.0581,0.0627,3278.2661,68.4146,17.6798,46.9397,25.7155,39.4976,52.6635,77.1466,82.2897,128.5777,31.4111,0.0,2.083411,3.25533,1.089297,30,192,222,8,0.05498276,0.00062781,0.08642944,0E-8,0.000000,0.909041,0.000000,-0.09079372,2026-03-23,2026-08-06,82,2690,1181,137,0.598540,0.376650,0.410924,0.183276,,,,,,,,GLOBAL_BASELINE_NO_ENTITY_RANKING,,,NOT_APPLICABLE_GLOBAL_BASELINE,HF9g-P5,,,,X 全窗基线 · 不参与实体赏罚,6878113,688,A168_HF9F_20260827_0900,2026-08-27 09:00:00
2026-07-20,70460261,772,0,69.7080009294,-56.7991118684,-56.7991118684,0E-7,4,4,0.49994810000000000,0.499948100000,-1.7318710300250217,-1.7318710300250217,-1.7318710300250217,0E-17,ELIGIBLE,R03b_20260811_FULL_v1,L1_ELIGIBILITY,v2026-08-11,2026-03-21..2026-08-06,baccarat_bet02_101_all_pairs_incl_sentinel,round_win = game_pnl > 0 (decisive only),COMPATIBILITY_ONLY_NOT_PRODUCTION,268817.8208,244366.2908,168.7661,6248,5610,-0.00062781,-0.08642944,0.00436428,-0.00062781,-168.7661,268817.8208,OK,0.0000,6.7506,4.0000,96.0000,AG03-UNRESOLVED,ALL5_LEVELS_bet23_to_bet27,6.7506,6.7506,6.7506,8.4383,8.4383,4.000000,4.000000,4.000000,5.000000,5.000000,96.000000,96.000000,96.000000,95.000000,95.000000,5.0,37.1285,34.0107,131.6376,134.7554,PENDING_AG03,FALSE,NOT_FOR_ENFORCEMENT,162.0155,234591.6392,168.7661,162.0155,6.7506,0.00062781,0.00060270,6.7506,162.0155,0.00060270,6.7506,6.7506,6.7506,8.4383,8.4383,162.0155,0.00060270,37.1285,34.0107,131.6376,134.7554,0.00048969,0.00050129,0.00002511,43.0246,43.5591,0.0301,2.0581,0.0627,3278.2661,68.4146,17.6798,46.9397,25.7155,39.4976,52.6635,77.1466,82.2897,128.5777,31.4111,0.0,2.083411,3.25533,1.089297,30,192,222,8,0.05498276,0.00062781,0.08642944,0E-8,0.000000,0.909041,0.000000,-0.09079372,2026-03-23,2026-08-06,82,2690,1181,137,0.598540,0.376650,0.410924,0.183276,,,,,,,,GLOBAL_BASELINE_NO_ENTITY_RANKING,,,NOT_APPLICABLE_GLOBAL_BASELINE,HF9g-P5,,,,X 全窗基线 · 不参与实体赏罚,6878114,688,A168_HF9F_20260827_0900,2026-08-27 09:00:00
2026-07-20,70460261,919,0,25.8177781220,-25.8177781220,-25.8177781220,0E-7,1,1,0.50665070000000000,0.506650700000,-1.013391052207602,-1.013391052207602,-1.013391052207602,0E-17,ELIGIBLE,R03b_20260811_FULL_v1,L1_ELIGIBILITY,v2026-08-11,2026-03-21..2026-08-06,baccarat_bet02_101_all_pairs_incl_sentinel,round_win = game_pnl > 0 (decisive only),COMPATIBILITY_ONLY_NOT_PRODUCTION,268817.8208,244366.2908,168.7661,6248,5610,-0.00062781,-0.08642944,0.00436428,-0.00062781,-168.7661,268817.8208,OK,0.0000,6.7506,4.0000,96.0000,AG03-UNRESOLVED,ALL5_LEVELS_bet23_to_bet27,6.7506,6.7506,6.7506,8.4383,8.4383,4.000000,4.000000,4.000000,5.000000,5.000000,96.000000,96.000000,96.000000,95.000000,95.000000,5.0,37.1285,34.0107,131.6376,134.7554,PENDING_AG03,FALSE,NOT_FOR_ENFORCEMENT,162.0155,234591.6392,168.7661,162.0155,6.7506,0.00062781,0.00060270,6.7506,162.0155,0.00060270,6.7506,6.7506,6.7506,8.4383,8.4383,162.0155,0.00060270,37.1285,34.0107,131.6376,134.7554,0.00048969,0.00050129,0.00002511,43.0246,43.5591,0.0301,2.0581,0.0627,3278.2661,68.4146,17.6798,46.9397,25.7155,39.4976,52.6635,77.1466,82.2897,128.5777,31.4111,0.0,2.083411,3.25533,1.089297,30,192,222,8,0.05498276,0.00062781,0.08642944,0E-8,0.000000,0.909041,0.000000,-0.09079372,2026-03-23,2026-08-06,82,2690,1181,137,0.598540,0.376650,0.410924,0.183276,,,,,,,,GLOBAL_BASELINE_NO_ENTITY_RANKING,,,NOT_APPLICABLE_GLOBAL_BASELINE,HF9g-P5,,,,X 全窗基线 · 不参与实体赏罚,6878115,688,A168_HF9F_20260827_0900,2026-08-27 09:00:00
2026-07-26,70460261,-1,1,461.1055172589,-143.5468463583,-143.5468463583,0.3846154,23,14,0.42540015404135338,0.395759491667,-0.2974322890885644,-0.08216679802369671,-0.2974322890885644,0.02964066237435338,SENTINEL_DEALER,R03b_20260811_FULL_v1,L1_ELIGIBILITY,v2026-08-11,2026-03-21..2026-08-06,baccarat_bet02_101_all_pairs_incl_sentinel,round_win = game_pnl > 0 (decisive only),COMPATIBILITY_ONLY_NOT_PRODUCTION,268817.8208,244366.2908,168.7661,6248,5610,-0.00062781,-0.08642944,0.00436428,-0.00062781,-168.7661,268817.8208,OK,0.0000,6.7506,4.0000,96.0000,AG03-UNRESOLVED,ALL5_LEVELS_bet23_to_bet27,6.7506,6.7506,6.7506,8.4383,8.4383,4.000000,4.000000,4.000000,5.000000,5.000000,96.000000,96.000000,96.000000,95.000000,95.000000,5.0,37.1285,34.0107,131.6376,134.7554,PENDING_AG03,FALSE,NOT_FOR_ENFORCEMENT,162.0155,234591.6392,168.7661,162.0155,6.7506,0.00062781,0.00060270,6.7506,162.0155,0.00060270,6.7506,6.7506,6.7506,8.4383,8.4383,162.0155,0.00060270,37.1285,34.0107,131.6376,134.7554,0.00048969,0.00050129,0.00002511,43.0246,43.5591,0.0301,2.0581,0.0627,3278.2661,68.4146,17.6798,46.9397,25.7155,39.4976,52.6635,77.1466,82.2897,128.5777,31.4111,0.0,2.083411,3.25533,1.089297,30,192,222,8,0.05498276,0.00062781,0.08642944,0E-8,0.000000,0.909041,0.000000,-0.09079372,2026-03-23,2026-08-06,82,2690,1181,137,0.598540,0.376650,0.410924,0.183276,,,,,,,,GLOBAL_BASELINE_NO_ENTITY_RANKING,,,NOT_APPLICABLE_GLOBAL_BASELINE,HF9g-P5,,,,X 全窗基线 · 不参与实体赏罚,6878116,688,A168_HF9F_20260827_0900,2026-08-27 09:00:00
2026-07-26,70460261,1307,0,51.6355562440,-25.8177781220,-25.8177781220,0E-7,2,2,0.50665070000000000,0.506650700000,-1.013391052207602,-1.013391052207602,-1.013391052207602,0E-17,ELIGIBLE,R03b_20260811_FULL_v1,L1_ELIGIBILITY,v2026-08-11,2026-03-21..2026-08-06,baccarat_bet02_101_all_pairs_incl_sentinel,round_win = game_pnl > 0 (decisive only),COMPATIBILITY_ONLY_NOT_PRODUCTION,268817.8208,244366.2908,168.7661,6248,5610,-0.00062781,-0.08642944,0.00436428,-0.00062781,-168.7661,268817.8208,OK,0.0000,6.7506,4.0000,96.0000,AG03-UNRESOLVED,ALL5_LEVELS_bet23_to_bet27,6.7506,6.7506,6.7506,8.4383,8.4383,4.000000,4.000000,4.000000,5.000000,5.000000,96.000000,96.000000,96.000000,95.000000,95.000000,5.0,37.1285,34.0107,131.6376,134.7554,PENDING_AG03,FALSE,NOT_FOR_ENFORCEMENT,162.0155,234591.6392,168.7661,162.0155,6.7506,0.00062781,0.00060270,6.7506,162.0155,0.00060270,6.7506,6.7506,6.7506,8.4383,8.4383,162.0155,0.00060270,37.1285,34.0107,131.6376,134.7554,0.00048969,0.00050129,0.00002511,43.0246,43.5591,0.0301,2.0581,0.0627,3278.2661,68.4146,17.6798,46.9397,25.7155,39.4976,52.6635,77.1466,82.2897,128.5777,31.4111,0.0,2.083411,3.25533,1.089297,30,192,222,8,0.05498276,0.00062781,0.08642944,0E-8,0.000000,0.909041,0.000000,-0.09079372,2026-03-23,2026-08-06,82,2690,1181,137,0.598540,0.376650,0.410924,0.183276,,,,,,,,GLOBAL_BASELINE_NO_ENTITY_RANKING,,,NOT_APPLICABLE_GLOBAL_BASELINE,HF9g-P5,,,,X 全窗基线 · 不参与实体赏罚,6878117,688,A168_HF9F_20260827_0900,2026-08-27 09:00:00
2026-07-26,70460261,1385,0,12.9088890610,0E-10,0E-10,,1,1,0.50665070000000000,0.506650700000,,,,0E-17,NO_DECISIVE_ROUND,R03b_20260811_FULL_v1,L1_ELIGIBILITY,v2026-08-11,2026-03-21..2026-08-06,baccarat_bet02_101_all_pairs_incl_sentinel,round_win = game_pnl > 0 (decisive only),COMPATIBILITY_ONLY_NOT_PRODUCTION,268817.8208,244366.2908,168.7661,6248,5610,-0.00062781,-0.08642944,0.00436428,-0.00062781,-168.7661,268817.8208,OK,0.0000,6.7506,4.0000,96.0000,AG03-UNRESOLVED,ALL5_LEVELS_bet23_to_bet27,6.7506,6.7506,6.7506,8.4383,8.4383,4.000000,4.000000,4.000000,5.000000,5.000000,96.000000,96.000000,96.000000,95.000000,95.000000,5.0,37.1285,34.0107,131.6376,134.7554,PENDING_AG03,FALSE,NOT_FOR_ENFORCEMENT,162.0155,234591.6392,168.7661,162.0155,6.7506,0.00062781,0.00060270,6.7506,162.0155,0.00060270,6.7506,6.7506,6.7506,8.4383,8.4383,162.0155,0.00060270,37.1285,34.0107,131.6376,134.7554,0.00048969,0.00050129,0.00002511,43.0246,43.5591,0.0301,2.0581,0.0627,3278.2661,68.4146,17.6798,46.9397,25.7155,39.4976,52.6635,77.1466,82.2897,128.5777,31.4111,0.0,2.083411,3.25533,1.089297,30,192,222,8,0.05498276,0.00062781,0.08642944,0E-8,0.000000,0.909041,0.000000,-0.09079372,2026-03-23,2026-08-06,82,2690,1181,137,0.598540,0.376650,0.410924,0.183276,,,,,,,,GLOBAL_BASELINE_NO_ENTITY_RANKING,,,NOT_APPLICABLE_GLOBAL_BASELINE,HF9g-P5,,,,X 全窗基线 · 不参与实体赏罚,6878118,688,A168_HF9F_20260827_0900,2026-08-27 09:00:00
2026-07-26,70460261,1623,0,27.3668448093,-27.3668448093,-27.3668448093,0E-7,1,1,0.49324550000000000,0.493245500000,-0.9865810262130424,-0.9865810262130424,-0.9865810262130424,0E-17,ELIGIBLE,R03b_20260811_FULL_v1,L1_ELIGIBILITY,v2026-08-11,2026-03-21..2026-08-06,baccarat_bet02_101_all_pairs_incl_sentinel,round_win = game_pnl > 0 (decisive only),COMPATIBILITY_ONLY_NOT_PRODUCTION,268817.8208,244366.2908,168.7661,6248,5610,-0.00062781,-0.08642944,0.00436428,-0.00062781,-168.7661,268817.8208,OK,0.0000,6.7506,4.0000,96.0000,AG03-UNRESOLVED,ALL5_LEVELS_bet23_to_bet27,6.7506,6.7506,6.7506,8.4383,8.4383,4.000000,4.000000,4.000000,5.000000,5.000000,96.000000,96.000000,96.000000,95.000000,95.000000,5.0,37.1285,34.0107,131.6376,134.7554,PENDING_AG03,FALSE,NOT_FOR_ENFORCEMENT,162.0155,234591.6392,168.7661,162.0155,6.7506,0.00062781,0.00060270,6.7506,162.0155,0.00060270,6.7506,6.7506,6.7506,8.4383,8.4383,162.0155,0.00060270,37.1285,34.0107,131.6376,134.7554,0.00048969,0.00050129,0.00002511,43.0246,43.5591,0.0301,2.0581,0.0627,3278.2661,68.4146,17.6798,46.9397,25.7155,39.4976,52.6635,77.1466,82.2897,128.5777,31.4111,0.0,2.083411,3.25533,1.089297,30,192,222,8,0.05498276,0.00062781,0.08642944,0E-8,0.000000,0.909041,0.000000,-0.09079372,2026-03-23,2026-08-06,82,2690,1181,137,0.598540,0.376650,0.410924,0.183276,,,,,,,,GLOBAL_BASELINE_NO_ENTITY_RANKING,,,NOT_APPLICABLE_GLOBAL_BASELINE,HF9g-P5,,,,X 全窗基线 · 不参与实体赏罚,6878119,688,A168_HF9F_20260827_0900,2026-08-27 09:00:00
2026-07-26,70460261,2101,0,100.6893346758,-50.3446673379,-50.3446673379,0E-7,5,2,0.33935296315789474,0.256097891667,-1.0135754315719985,-0.8297745388419343,-1.0135754315719985,0.08325507149089474,ELIGIBLE,R03b_20260811_FULL_v1,L1_ELIGIBILITY,v2026-08-11,2026-03-21..2026-08-06,baccarat_bet02_101_all_pairs_incl_sentinel,round_win = game_pnl > 0 (decisive only),COMPATIBILITY_ONLY_NOT_PRODUCTION,268817.8208,244366.2908,168.7661,6248,5610,-0.00062781,-0.08642944,0.00436428,-0.00062781,-168.7661,268817.8208,OK,0.0000,6.7506,4.0000,96.0000,AG03-UNRESOLVED,ALL5_LEVELS_bet23_to_bet27,6.7506,6.7506,6.7506,8.4383,8.4383,4.000000,4.000000,4.000000,5.000000,5.000000,96.000000,96.000000,96.000000,95.000000,95.000000,5.0,37.1285,34.0107,131.6376,134.7554,PENDING_AG03,FALSE,NOT_FOR_ENFORCEMENT,162.0155,234591.6392,168.7661,162.0155,6.7506,0.00062781,0.00060270,6.7506,162.0155,0.00060270,6.7506,6.7506,6.7506,8.4383,8.4383,162.0155,0.00060270,37.1285,34.0107,131.6376,134.7554,0.00048969,0.00050129,0.00002511,43.0246,43.5591,0.0301,2.0581,0.0627,3278.2661,68.4146,17.6798,46.9397,25.7155,39.4976,52.6635,77.1466,82.2897,128.5777,31.4111,0.0,2.083411,3.25533,1.089297,30,192,222,8,0.05498276,0.00062781,0.08642944,0E-8,0.000000,0.909041,0.000000,-0.09079372,2026-03-23,2026-08-06,82,2690,1181,137,0.598540,0.376650,0.410924,0.183276,,,,,,,,GLOBAL_BASELINE_NO_ENTITY_RANKING,,,NOT_APPLICABLE_GLOBAL_BASELINE,HF9g-P5,,,,X 全窗基线 · 不参与实体赏罚,6878120,688,A168_HF9F_20260827_0900,2026-08-27 09:00:00
2026-07-26,70460261,2171,0,25.8177781220,24.5268892159,24.5268892159,1.0000000,1,1,0.50665070000000000,0.506650700000,0.9867858985152569,0.9867858985152569,0.9867858985152569,0E-17,ELIGIBLE,R03b_20260811_FULL_v1,L1_ELIGIBILITY,v2026-08-11,2026-03-21..2026-08-06,baccarat_bet02_101_all_pairs_incl_sentinel,round_win = game_pnl > 0 (decisive only),COMPATIBILITY_ONLY_NOT_PRODUCTION,268817.8208,244366.2908,168.7661,6248,5610,-0.00062781,-0.08642944,0.00436428,-0.00062781,-168.7661,268817.8208,OK,0.0000,6.7506,4.0000,96.0000,AG03-UNRESOLVED,ALL5_LEVELS_bet23_to_bet27,6.7506,6.7506,6.7506,8.4383,8.4383,4.000000,4.000000,4.000000,5.000000,5.000000,96.000000,96.000000,96.000000,95.000000,95.000000,5.0,37.1285,34.0107,131.6376,134.7554,PENDING_AG03,FALSE,NOT_FOR_ENFORCEMENT,162.0155,234591.6392,168.7661,162.0155,6.7506,0.00062781,0.00060270,6.7506,162.0155,0.00060270,6.7506,6.7506,6.7506,8.4383,8.4383,162.0155,0.00060270,37.1285,34.0107,131.6376,134.7554,0.00048969,0.00050129,0.00002511,43.0246,43.5591,0.0301,2.0581,0.0627,3278.2661,68.4146,17.6798,46.9397,25.7155,39.4976,52.6635,77.1466,82.2897,128.5777,31.4111,0.0,2.083411,3.25533,1.089297,30,192,222,8,0.05498276,0.00062781,0.08642944,0E-8,0.000000,0.909041,0.000000,-0.09079372,2026-03-23,2026-08-06,82,2690,1181,137,0.598540,0.376650,0.410924,0.183276,,,,,,,,GLOBAL_BASELINE_NO_ENTITY_RANKING,,,NOT_APPLICABLE_GLOBAL_BASELINE,HF9g-P5,,,,X 全窗基线 · 不参与实体赏罚,6878121,688,A168_HF9F_20260827_0900,2026-08-27 09:00:00
2026-07-26,70460261,2175,0,51.6355562440,-51.6355562440,-51.6355562440,0E-7,2,1,0.39337837500000000,0.280106050000,-0.8052788575962098,-0.6237735893609975,-0.8052788575962098,0.11327232500000000,ELIGIBLE,R03b_20260811_FULL_v1,L1_ELIGIBILITY,v2026-08-11,2026-03-21..2026-08-06,baccarat_bet02_101_all_pairs_incl_sentinel,round_win = game_pnl > 0 (decisive only),COMPATIBILITY_ONLY_NOT_PRODUCTION,268817.8208,244366.2908,168.7661,6248,5610,-0.00062781,-0.08642944,0.00436428,-0.00062781,-168.7661,268817.8208,OK,0.0000,6.7506,4.0000,96.0000,AG03-UNRESOLVED,ALL5_LEVELS_bet23_to_bet27,6.7506,6.7506,6.7506,8.4383,8.4383,4.000000,4.000000,4.000000,5.000000,5.000000,96.000000,96.000000,96.000000,95.000000,95.000000,5.0,37.1285,34.0107,131.6376,134.7554,PENDING_AG03,FALSE,NOT_FOR_ENFORCEMENT,162.0155,234591.6392,168.7661,162.0155,6.7506,0.00062781,0.00060270,6.7506,162.0155,0.00060270,6.7506,6.7506,6.7506,8.4383,8.4383,162.0155,0.00060270,37.1285,34.0107,131.6376,134.7554,0.00048969,0.00050129,0.00002511,43.0246,43.5591,0.0301,2.0581,0.0627,3278.2661,68.4146,17.6798,46.9397,25.7155,39.4976,52.6635,77.1466,82.2897,128.5777,31.4111,0.0,2.083411,3.25533,1.089297,30,192,222,8,0.05498276,0.00062781,0.08642944,0E-8,0.000000,0.909041,0.000000,-0.09079372,2026-03-23,2026-08-06,82,2690,1181,137,0.598540,0.376650,0.410924,0.183276,,,,,,,,GLOBAL_BASELINE_NO_ENTITY_RANKING,,,NOT_APPLICABLE_GLOBAL_BASELINE,HF9g-P5,,,,X 全窗基线 · 不参与实体赏罚,6878122,688,A168_HF9F_20260827_0900,2026-08-27 09:00:00
2026-07-26,70460261,2201,0,49.0537784318,-49.0537784318,-49.0537784318,0E-7,2,1,0.38741667368421053,0.280106050000,-0.7952552926415994,-0.6237735893609975,-0.7952552926415994,0.10731062368421053,ELIGIBLE,R03b_20260811_FULL_v1,L1_ELIGIBILITY,v2026-08-11,2026-03-21..2026-08-06,baccarat_bet02_101_all_pairs_incl_sentinel,round_win = game_pnl > 0 (decisive only),COMPATIBILITY_ONLY_NOT_PRODUCTION,268817.8208,244366.2908,168.7661,6248,5610,-0.00062781,-0.08642944,0.00436428,-0.00062781,-168.7661,268817.8208,OK,0.0000,6.7506,4.0000,96.0000,AG03-UNRESOLVED,ALL5_LEVELS_bet23_to_bet27,6.7506,6.7506,6.7506,8.4383,8.4383,4.000000,4.000000,4.000000,5.000000,5.000000,96.000000,96.000000,96.000000,95.000000,95.000000,5.0,37.1285,34.0107,131.6376,134.7554,PENDING_AG03,FALSE,NOT_FOR_ENFORCEMENT,162.0155,234591.6392,168.7661,162.0155,6.7506,0.00062781,0.00060270,6.7506,162.0155,0.00060270,6.7506,6.7506,6.7506,8.4383,8.4383,162.0155,0.00060270,37.1285,34.0107,131.6376,134.7554,0.00048969,0.00050129,0.00002511,43.0246,43.5591,0.0301,2.0581,0.0627,3278.2661,68.4146,17.6798,46.9397,25.7155,39.4976,52.6635,77.1466,82.2897,128.5777,31.4111,0.0,2.083411,3.25533,1.089297,30,192,222,8,0.05498276,0.00062781,0.08642944,0E-8,0.000000,0.909041,0.000000,-0.09079372,2026-03-23,2026-08-06,82,2690,1181,137,0.598540,0.376650,0.410924,0.183276,,,,,,,,GLOBAL_BASELINE_NO_ENTITY_RANKING,,,NOT_APPLICABLE_GLOBAL_BASELINE,HF9g-P5,,,,X 全窗基线 · 不参与实体赏罚,6878123,688,A168_HF9F_20260827_0900,2026-08-27 09:00:00
2026-07-26,70460261,2216,0,72.2897787416,-72.2897787416,-72.2897787416,0E-7,2,1,0.42574189642857143,0.280106050000,-0.8610326677297131,-0.6237735893609975,-0.8610326677297131,0.14563584642857143,ELIGIBLE,R03b_20260811_FULL_v1,L1_ELIGIBILITY,v2026-08-11,2026-03-21..2026-08-06,baccarat_bet02_101_all_pairs_incl_sentinel,round_win = game_pnl > 0 (decisive only),COMPATIBILITY_ONLY_NOT_PRODUCTION,268817.8208,244366.2908,168.7661,6248,5610,-0.00062781,-0.08642944,0.00436428,-0.00062781,-168.7661,268817.8208,OK,0.0000,6.7506,4.0000,96.0000,AG03-UNRESOLVED,ALL5_LEVELS_bet23_to_bet27,6.7506,6.7506,6.7506,8.4383,8.4383,4.000000,4.000000,4.000000,5.000000,5.000000,96.000000,96.000000,96.000000,95.000000,95.000000,5.0,37.1285,34.0107,131.6376,134.7554,PENDING_AG03,FALSE,NOT_FOR_ENFORCEMENT,162.0155,234591.6392,168.7661,162.0155,6.7506,0.00062781,0.00060270,6.7506,162.0155,0.00060270,6.7506,6.7506,6.7506,8.4383,8.4383,162.0155,0.00060270,37.1285,34.0107,131.6376,134.7554,0.00048969,0.00050129,0.00002511,43.0246,43.5591,0.0301,2.0581,0.0627,3278.2661,68.4146,17.6798,46.9397,25.7155,39.4976,52.6635,77.1466,82.2897,128.5777,31.4111,0.0,2.083411,3.25533,1.089297,30,192,222,8,0.05498276,0.00062781,0.08642944,0E-8,0.000000,0.909041,0.000000,-0.09079372,2026-03-23,2026-08-06,82,2690,1181,137,0.598540,0.376650,0.410924,0.183276,,,,,,,,GLOBAL_BASELINE_NO_ENTITY_RANKING,,,NOT_APPLICABLE_GLOBAL_BASELINE,HF9g-P5,,,,X 全窗基线 · 不参与实体赏罚,6878124,688,A168_HF9F_20260827_0900,2026-08-27 09:00:00
2026-07-26,70460261,2271,0,25.8177781220,-25.8177781220,-25.8177781220,0E-7,1,1,0.50665070000000000,0.506650700000,-1.013391052207602,-1.013391052207602,-1.013391052207602,0E-17,ELIGIBLE,R03b_20260811_FULL_v1,L1_ELIGIBILITY,v2026-08-11,2026-03-21..2026-08-06,baccarat_bet02_101_all_pairs_incl_sentinel,round_win = game_pnl > 0 (decisive only),COMPATIBILITY_ONLY_NOT_PRODUCTION,268817.8208,244366.2908,168.7661,6248,5610,-0.00062781,-0.08642944,0.00436428,-0.00062781,-168.7661,268817.8208,OK,0.0000,6.7506,4.0000,96.0000,AG03-UNRESOLVED,ALL5_LEVELS_bet23_to_bet27,6.7506,6.7506,6.7506,8.4383,8.4383,4.000000,4.000000,4.000000,5.000000,5.000000,96.000000,96.000000,96.000000,95.000000,95.000000,5.0,37.1285,34.0107,131.6376,134.7554,PENDING_AG03,FALSE,NOT_FOR_ENFORCEMENT,162.0155,234591.6392,168.7661,162.0155,6.7506,0.00062781,0.00060270,6.7506,162.0155,0.00060270,6.7506,6.7506,6.7506,8.4383,8.4383,162.0155,0.00060270,37.1285,34.0107,131.6376,134.7554,0.00048969,0.00050129,0.00002511,43.0246,43.5591,0.0301,2.0581,0.0627,3278.2661,68.4146,17.6798,46.9397,25.7155,39.4976,52.6635,77.1466,82.2897,128.5777,31.4111,0.0,2.083411,3.25533,1.089297,30,192,222,8,0.05498276,0.00062781,0.08642944,0E-8,0.000000,0.909041,0.000000,-0.09079372,2026-03-23,2026-08-06,82,2690,1181,137,0.598540,0.376650,0.410924,0.183276,,,,,,,,GLOBAL_BASELINE_NO_ENTITY_RANKING,,,NOT_APPLICABLE_GLOBAL_BASELINE,HF9g-P5,,,,X 全窗基线 · 不参与实体赏罚,6878125,688,A168_HF9F_20260827_0900,2026-08-27 09:00:00
2026-07-26,70460261,752,0,23.2360003098,-23.2360003098,-23.2360003098,0E-7,2,1,0.30527767777777778,0.280106050000,-0.6628906569817492,-0.6237735893609975,-0.6628906569817492,0.02517162777777778,ELIGIBLE,R03b_20260811_FULL_v1,L1_ELIGIBILITY,v2026-08-11,2026-03-21..2026-08-06,baccarat_bet02_101_all_pairs_incl_sentinel,round_win = game_pnl > 0 (decisive only),COMPATIBILITY_ONLY_NOT_PRODUCTION,268817.8208,244366.2908,168.7661,6248,5610,-0.00062781,-0.08642944,0.00436428,-0.00062781,-168.7661,268817.8208,OK,0.0000,6.7506,4.0000,96.0000,AG03-UNRESOLVED,ALL5_LEVELS_bet23_to_bet27,6.7506,6.7506,6.7506,8.4383,8.4383,4.000000,4.000000,4.000000,5.000000,5.000000,96.000000,96.000000,96.000000,95.000000,95.000000,5.0,37.1285,34.0107,131.6376,134.7554,PENDING_AG03,FALSE,NOT_FOR_ENFORCEMENT,162.0155,234591.6392,168.7661,162.0155,6.7506,0.00062781,0.00060270,6.7506,162.0155,0.00060270,6.7506,6.7506,6.7506,8.4383,8.4383,162.0155,0.00060270,37.1285,34.0107,131.6376,134.7554,0.00048969,0.00050129,0.00002511,43.0246,43.5591,0.0301,2.0581,0.0627,3278.2661,68.4146,17.6798,46.9397,25.7155,39.4976,52.6635,77.1466,82.2897,128.5777,31.4111,0.0,2.083411,3.25533,1.089297,30,192,222,8,0.05498276,0.00062781,0.08642944,0E-8,0.000000,0.909041,0.000000,-0.09079372,2026-03-23,2026-08-06,82,2690,1181,137,0.598540,0.376650,0.410924,0.183276,,,,,,,,GLOBAL_BASELINE_NO_ENTITY_RANKING,,,NOT_APPLICABLE_GLOBAL_BASELINE,HF9g-P5,,,,X 全窗基线 · 不参与实体赏罚,6878126,688,A168_HF9F_20260827_0900,2026-08-27 09:00:00
2026-07-26,70460261,789,0,12.9088890610,12.2634446080,12.2634446080,1.0000000,1,1,0.50665070000000000,0.506650700000,0.9867858985152569,0.9867858985152569,0.9867858985152569,0E-17,ELIGIBLE,R03b_20260811_FULL_v1,L1_ELIGIBILITY,v2026-08-11,2026-03-21..2026-08-06,baccarat_bet02_101_all_pairs_incl_sentinel,round_win = game_pnl > 0 (decisive only),COMPATIBILITY_ONLY_NOT_PRODUCTION,268817.8208,244366.2908,168.7661,6248,5610,-0.00062781,-0.08642944,0.00436428,-0.00062781,-168.7661,268817.8208,OK,0.0000,6.7506,4.0000,96.0000,AG03-UNRESOLVED,ALL5_LEVELS_bet23_to_bet27,6.7506,6.7506,6.7506,8.4383,8.4383,4.000000,4.000000,4.000000,5.000000,5.000000,96.000000,96.000000,96.000000,95.000000,95.000000,5.0,37.1285,34.0107,131.6376,134.7554,PENDING_AG03,FALSE,NOT_FOR_ENFORCEMENT,162.0155,234591.6392,168.7661,162.0155,6.7506,0.00062781,0.00060270,6.7506,162.0155,0.00060270,6.7506,6.7506,6.7506,8.4383,8.4383,162.0155,0.00060270,37.1285,34.0107,131.6376,134.7554,0.00048969,0.00050129,0.00002511,43.0246,43.5591,0.0301,2.0581,0.0627,3278.2661,68.4146,17.6798,46.9397,25.7155,39.4976,52.6635,77.1466,82.2897,128.5777,31.4111,0.0,2.083411,3.25533,1.089297,30,192,222,8,0.05498276,0.00062781,0.08642944,0E-8,0.000000,0.909041,0.000000,-0.09079372,2026-03-23,2026-08-06,82,2690,1181,137,0.598540,0.376650,0.410924,0.183276,,,,,,,,GLOBAL_BASELINE_NO_ENTITY_RANKING,,,NOT_APPLICABLE_GLOBAL_BASELINE,HF9g-P5,,,,X 全窗基线 · 不参与实体赏罚,6878127,688,A168_HF9F_20260827_0900,2026-08-27 09:00:00
2026-07-27,70460261,-1,1,64.5444453050,-39.3721116360,-39.3721116360,0.3333333,4,3,0.43797605000000000,0.437976050000,-0.36531460949221706,-0.36531460949221706,-0.36531460949221706,0E-17,SENTINEL_DEALER,R03b_20260811_FULL_v1,L1_ELIGIBILITY,v2026-08-11,2026-03-21..2026-08-06,baccarat_bet02_101_all_pairs_incl_sentinel,round_win = game_pnl > 0 (decisive only),COMPATIBILITY_ONLY_NOT_PRODUCTION,268817.8208,244366.2908,168.7661,6248,5610,-0.00062781,-0.08642944,0.00436428,-0.00062781,-168.7661,268817.8208,OK,0.0000,6.7506,4.0000,96.0000,AG03-UNRESOLVED,ALL5_LEVELS_bet23_to_bet27,6.7506,6.7506,6.7506,8.4383,8.4383,4.000000,4.000000,4.000000,5.000000,5.000000,96.000000,96.000000,96.000000,95.000000,95.000000,5.0,37.1285,34.0107,131.6376,134.7554,PENDING_AG03,FALSE,NOT_FOR_ENFORCEMENT,162.0155,234591.6392,168.7661,162.0155,6.7506,0.00062781,0.00060270,6.7506,162.0155,0.00060270,6.7506,6.7506,6.7506,8.4383,8.4383,162.0155,0.00060270,37.1285,34.0107,131.6376,134.7554,0.00048969,0.00050129,0.00002511,43.0246,43.5591,0.0301,2.0581,0.0627,3278.2661,68.4146,17.6798,46.9397,25.7155,39.4976,52.6635,77.1466,82.2897,128.5777,31.4111,0.0,2.083411,3.25533,1.089297,30,192,222,8,0.05498276,0.00062781,0.08642944,0E-8,0.000000,0.909041,0.000000,-0.09079372,2026-03-23,2026-08-06,82,2690,1181,137,0.598540,0.376650,0.410924,0.183276,,,,,,,,GLOBAL_BASELINE_NO_ENTITY_RANKING,,,NOT_APPLICABLE_GLOBAL_BASELINE,HF9g-P5,,,,X 全窗基线 · 不参与实体赏罚,6878128,688,A168_HF9F_20260827_0900,2026-08-27 09:00:00
2026-07-27,70460261,1490,0,25.8177781220,-25.8177781220,-25.8177781220,0E-7,1,1,0.50665070000000000,0.506650700000,-1.013391052207602,-1.013391052207602,-1.013391052207602,0E-17,ELIGIBLE,R03b_20260811_FULL_v1,L1_ELIGIBILITY,v2026-08-11,2026-03-21..2026-08-06,baccarat_bet02_101_all_pairs_incl_sentinel,round_win = game_pnl > 0 (decisive only),COMPATIBILITY_ONLY_NOT_PRODUCTION,268817.8208,244366.2908,168.7661,6248,5610,-0.00062781,-0.08642944,0.00436428,-0.00062781,-168.7661,268817.8208,OK,0.0000,6.7506,4.0000,96.0000,AG03-UNRESOLVED,ALL5_LEVELS_bet23_to_bet27,6.7506,6.7506,6.7506,8.4383,8.4383,4.000000,4.000000,4.000000,5.000000,5.000000,96.000000,96.000000,96.000000,95.000000,95.000000,5.0,37.1285,34.0107,131.6376,134.7554,PENDING_AG03,FALSE,NOT_FOR_ENFORCEMENT,162.0155,234591.6392,168.7661,162.0155,6.7506,0.00062781,0.00060270,6.7506,162.0155,0.00060270,6.7506,6.7506,6.7506,8.4383,8.4383,162.0155,0.00060270,37.1285,34.0107,131.6376,134.7554,0.00048969,0.00050129,0.00002511,43.0246,43.5591,0.0301,2.0581,0.0627,3278.2661,68.4146,17.6798,46.9397,25.7155,39.4976,52.6635,77.1466,82.2897,128.5777,31.4111,0.0,2.083411,3.25533,1.089297,30,192,222,8,0.05498276,0.00062781,0.08642944,0E-8,0.000000,0.909041,0.000000,-0.09079372,2026-03-23,2026-08-06,82,2690,1181,137,0.598540,0.376650,0.410924,0.183276,,,,,,,,GLOBAL_BASELINE_NO_ENTITY_RANKING,,,NOT_APPLICABLE_GLOBAL_BASELINE,HF9g-P5,,,,X 全窗基线 · 不参与实体赏罚,6878129,688,A168_HF9F_20260827_0900,2026-08-27 09:00:00
2026-07-27,70460261,1957,0,36.1448893708,-10.9725557018,-10.9725557018,0.5000000,2,2,0.50665070000000000,0.506650700000,-0.018812684590367487,-0.018812684590367487,-0.018812684590367487,0E-17,ELIGIBLE,R03b_20260811_FULL_v1,L1_ELIGIBILITY,v2026-08-11,2026-03-21..2026-08-06,baccarat_bet02_101_all_pairs_incl_sentinel,round_win = game_pnl > 0 (decisive only),COMPATIBILITY_ONLY_NOT_PRODUCTION,268817.8208,244366.2908,168.7661,6248,5610,-0.00062781,-0.08642944,0.00436428,-0.00062781,-168.7661,268817.8208,OK,0.0000,6.7506,4.0000,96.0000,AG03-UNRESOLVED,ALL5_LEVELS_bet23_to_bet27,6.7506,6.7506,6.7506,8.4383,8.4383,4.000000,4.000000,4.000000,5.000000,5.000000,96.000000,96.000000,96.000000,95.000000,95.000000,5.0,37.1285,34.0107,131.6376,134.7554,PENDING_AG03,FALSE,NOT_FOR_ENFORCEMENT,162.0155,234591.6392,168.7661,162.0155,6.7506,0.00062781,0.00060270,6.7506,162.0155,0.00060270,6.7506,6.7506,6.7506,8.4383,8.4383,162.0155,0.00060270,37.1285,34.0107,131.6376,134.7554,0.00048969,0.00050129,0.00002511,43.0246,43.5591,0.0301,2.0581,0.0627,3278.2661,68.4146,17.6798,46.9397,25.7155,39.4976,52.6635,77.1466,82.2897,128.5777,31.4111,0.0,2.083411,3.25533,1.089297,30,192,222,8,0.05498276,0.00062781,0.08642944,0E-8,0.000000,0.909041,0.000000,-0.09079372,2026-03-23,2026-08-06,82,2690,1181,137,0.598540,0.376650,0.410924,0.183276,,,,,,,,GLOBAL_BASELINE_NO_ENTITY_RANKING,,,NOT_APPLICABLE_GLOBAL_BASELINE,HF9g-P5,,,,X 全窗基线 · 不参与实体赏罚,6878130,688,A168_HF9F_20260827_0900,2026-08-27 09:00:00
2026-07-27,70460261,2152,0,51.6355562440,-51.6355562440,-51.6355562440,0E-7,1,1,0.50665070000000000,0.506650700000,-1.013391052207602,-1.013391052207602,-1.013391052207602,0E-17,ELIGIBLE,R03b_20260811_FULL_v1,L1_ELIGIBILITY,v2026-08-11,2026-03-21..2026-08-06,baccarat_bet02_101_all_pairs_incl_sentinel,round_win = game_pnl > 0 (decisive only),COMPATIBILITY_ONLY_NOT_PRODUCTION,268817.8208,244366.2908,168.7661,6248,5610,-0.00062781,-0.08642944,0.00436428,-0.00062781,-168.7661,268817.8208,OK,0.0000,6.7506,4.0000,96.0000,AG03-UNRESOLVED,ALL5_LEVELS_bet23_to_bet27,6.7506,6.7506,6.7506,8.4383,8.4383,4.000000,4.000000,4.000000,5.000000,5.000000,96.000000,96.000000,96.000000,95.000000,95.000000,5.0,37.1285,34.0107,131.6376,134.7554,PENDING_AG03,FALSE,NOT_FOR_ENFORCEMENT,162.0155,234591.6392,168.7661,162.0155,6.7506,0.00062781,0.00060270,6.7506,162.0155,0.00060270,6.7506,6.7506,6.7506,8.4383,8.4383,162.0155,0.00060270,37.1285,34.0107,131.6376,134.7554,0.00048969,0.00050129,0.00002511,43.0246,43.5591,0.0301,2.0581,0.0627,3278.2661,68.4146,17.6798,46.9397,25.7155,39.4976,52.6635,77.1466,82.2897,128.5777,31.4111,0.0,2.083411,3.25533,1.089297,30,192,222,8,0.05498276,0.00062781,0.08642944,0E-8,0.000000,0.909041,0.000000,-0.09079372,2026-03-23,2026-08-06,82,2690,1181,137,0.598540,0.376650,0.410924,0.183276,,,,,,,,GLOBAL_BASELINE_NO_ENTITY_RANKING,,,NOT_APPLICABLE_GLOBAL_BASELINE,HF9g-P5,,,,X 全窗基线 · 不参与实体赏罚,6878131,688,A168_HF9F_20260827_0900,2026-08-27 09:00:00
2026-07-27,70460261,2209,0,33.5631115586,-33.5631115586,-33.5631115586,0E-7,1,1,0.50665070000000000,0.506650700000,-1.013391052207602,-1.013391052207602,-1.013391052207602,0E-17,ELIGIBLE,R03b_20260811_FULL_v1,L1_ELIGIBILITY,v2026-08-11,2026-03-21..2026-08-06,baccarat_bet02_101_all_pairs_incl_sentinel,round_win = game_pnl > 0 (decisive only),COMPATIBILITY_ONLY_NOT_PRODUCTION,268817.8208,244366.2908,168.7661,6248,5610,-0.00062781,-0.08642944,0.00436428,-0.00062781,-168.7661,268817.8208,OK,0.0000,6.7506,4.0000,96.0000,AG03-UNRESOLVED,ALL5_LEVELS_bet23_to_bet27,6.7506,6.7506,6.7506,8.4383,8.4383,4.000000,4.000000,4.000000,5.000000,5.000000,96.000000,96.000000,96.000000,95.000000,95.000000,5.0,37.1285,34.0107,131.6376,134.7554,PENDING_AG03,FALSE,NOT_FOR_ENFORCEMENT,162.0155,234591.6392,168.7661,162.0155,6.7506,0.00062781,0.00060270,6.7506,162.0155,0.00060270,6.7506,6.7506,6.7506,8.4383,8.4383,162.0155,0.00060270,37.1285,34.0107,131.6376,134.7554,0.00048969,0.00050129,0.00002511,43.0246,43.5591,0.0301,2.0581,0.0627,3278.2661,68.4146,17.6798,46.9397,25.7155,39.4976,52.6635,77.1466,82.2897,128.5777,31.4111,0.0,2.083411,3.25533,1.089297,30,192,222,8,0.05498276,0.00062781,0.08642944,0E-8,0.000000,0.909041,0.000000,-0.09079372,2026-03-23,2026-08-06,82,2690,1181,137,0.598540,0.376650,0.410924,0.183276,,,,,,,,GLOBAL_BASELINE_NO_ENTITY_RANKING,,,NOT_APPLICABLE_GLOBAL_BASELINE,HF9g-P5,,,,X 全窗基线 · 不参与实体赏罚,6878132,688,A168_HF9F_20260827_0900,2026-08-27 09:00:00
2026-07-27,70460261,2262,0,50.3446673379,24.5268892159,24.5268892159,1.0000000,2,2,0.50665070000000000,0.506650700000,0.9867858985152569,0.9867858985152569,0.9867858985152569,0E-17,ELIGIBLE,R03b_20260811_FULL_v1,L1_ELIGIBILITY,v2026-08-11,2026-03-21..2026-08-06,baccarat_bet02_101_all_pairs_incl_sentinel,round_win = game_pnl > 0 (decisive only),COMPATIBILITY_ONLY_NOT_PRODUCTION,268817.8208,244366.2908,168.7661,6248,5610,-0.00062781,-0.08642944,0.00436428,-0.00062781,-168.7661,268817.8208,OK,0.0000,6.7506,4.0000,96.0000,AG03-UNRESOLVED,ALL5_LEVELS_bet23_to_bet27,6.7506,6.7506,6.7506,8.4383,8.4383,4.000000,4.000000,4.000000,5.000000,5.000000,96.000000,96.000000,96.000000,95.000000,95.000000,5.0,37.1285,34.0107,131.6376,134.7554,PENDING_AG03,FALSE,NOT_FOR_ENFORCEMENT,162.0155,234591.6392,168.7661,162.0155,6.7506,0.00062781,0.00060270,6.7506,162.0155,0.00060270,6.7506,6.7506,6.7506,8.4383,8.4383,162.0155,0.00060270,37.1285,34.0107,131.6376,134.7554,0.00048969,0.00050129,0.00002511,43.0246,43.5591,0.0301,2.0581,0.0627,3278.2661,68.4146,17.6798,46.9397,25.7155,39.4976,52.6635,77.1466,82.2897,128.5777,31.4111,0.0,2.083411,3.25533,1.089297,30,192,222,8,0.05498276,0.00062781,0.08642944,0E-8,0.000000,0.909041,0.000000,-0.09079372,2026-03-23,2026-08-06,82,2690,1181,137,0.598540,0.376650,0.410924,0.183276,,,,,,,,GLOBAL_BASELINE_NO_ENTITY_RANKING,,,NOT_APPLICABLE_GLOBAL_BASELINE,HF9g-P5,,,,X 全窗基线 · 不参与实体赏罚,6878133,688,A168_HF9F_20260827_0900,2026-08-27 09:00:00
2026-07-27,70460261,987,0,25.8177781220,-25.8177781220,-25.8177781220,0E-7,1,1,0.49324550000000000,0.493245500000,-0.9865810262130424,-0.9865810262130424,-0.9865810262130424,0E-17,ELIGIBLE,R03b_20260811_FULL_v1,L1_ELIGIBILITY,v2026-08-11,2026-03-21..2026-08-06,baccarat_bet02_101_all_pairs_incl_sentinel,round_win = game_pnl > 0 (decisive only),COMPATIBILITY_ONLY_NOT_PRODUCTION,268817.8208,244366.2908,168.7661,6248,5610,-0.00062781,-0.08642944,0.00436428,-0.00062781,-168.7661,268817.8208,OK,0.0000,6.7506,4.0000,96.0000,AG03-UNRESOLVED,ALL5_LEVELS_bet23_to_bet27,6.7506,6.7506,6.7506,8.4383,8.4383,4.000000,4.000000,4.000000,5.000000,5.000000,96.000000,96.000000,96.000000,95.000000,95.000000,5.0,37.1285,34.0107,131.6376,134.7554,PENDING_AG03,FALSE,NOT_FOR_ENFORCEMENT,162.0155,234591.6392,168.7661,162.0155,6.7506,0.00062781,0.00060270,6.7506,162.0155,0.00060270,6.7506,6.7506,6.7506,8.4383,8.4383,162.0155,0.00060270,37.1285,34.0107,131.6376,134.7554,0.00048969,0.00050129,0.00002511,43.0246,43.5591,0.0301,2.0581,0.0627,3278.2661,68.4146,17.6798,46.9397,25.7155,39.4976,52.6635,77.1466,82.2897,128.5777,31.4111,0.0,2.083411,3.25533,1.089297,30,192,222,8,0.05498276,0.00062781,0.08642944,0E-8,0.000000,0.909041,0.000000,-0.09079372,2026-03-23,2026-08-06,82,2690,1181,137,0.598540,0.376650,0.410924,0.183276,,,,,,,,GLOBAL_BASELINE_NO_ENTITY_RANKING,,,NOT_APPLICABLE_GLOBAL_BASELINE,HF9g-P5,,,,X 全窗基线 · 不参与实体赏罚,6878134,688,A168_HF9F_20260827_0900,2026-08-27 09:00:00
2026-07-28,70460261,-1,1,232.3600030980,-4.6472000619,-4.6472000619,0.5454545,13,13,0.50561953076923077,0.505619530769,0.2642522846984756,0.2642522847000051,0.2642522846984756,2.3077E-13,SENTINEL_DEALER,R03b_20260811_FULL_v1,L1_ELIGIBILITY,v2026-08-11,2026-03-21..2026-08-06,baccarat_bet02_101_all_pairs_incl_sentinel,round_win = game_pnl > 0 (decisive only),COMPATIBILITY_ONLY_NOT_PRODUCTION,268817.8208,244366.2908,168.7661,6248,5610,-0.00062781,-0.08642944,0.00436428,-0.00062781,-168.7661,268817.8208,OK,0.0000,6.7506,4.0000,96.0000,AG03-UNRESOLVED,ALL5_LEVELS_bet23_to_bet27,6.7506,6.7506,6.7506,8.4383,8.4383,4.000000,4.000000,4.000000,5.000000,5.000000,96.000000,96.000000,96.000000,95.000000,95.000000,5.0,37.1285,34.0107,131.6376,134.7554,PENDING_AG03,FALSE,NOT_FOR_ENFORCEMENT,162.0155,234591.6392,168.7661,162.0155,6.7506,0.00062781,0.00060270,6.7506,162.0155,0.00060270,6.7506,6.7506,6.7506,8.4383,8.4383,162.0155,0.00060270,37.1285,34.0107,131.6376,134.7554,0.00048969,0.00050129,0.00002511,43.0246,43.5591,0.0301,2.0581,0.0627,3278.2661,68.4146,17.6798,46.9397,25.7155,39.4976,52.6635,77.1466,82.2897,128.5777,31.4111,0.0,2.083411,3.25533,1.089297,30,192,222,8,0.05498276,0.00062781,0.08642944,0E-8,0.000000,0.909041,0.000000,-0.09079372,2026-03-23,2026-08-06,82,2690,1181,137,0.598540,0.376650,0.410924,0.183276,,,,,,,,GLOBAL_BASELINE_NO_ENTITY_RANKING,,,NOT_APPLICABLE_GLOBAL_BASELINE,HF9g-P5,,,,X 全窗基线 · 不参与实体赏罚,6878135,688,A168_HF9F_20260827_0900,2026-08-27 09:00:00
2026-07-28,70460261,1210,0,12.9088890610,-12.9088890610,-12.9088890610,0E-7,1,1,0.50665070000000000,0.506650700000,-1.013391052207602,-1.013391052207602,-1.013391052207602,0E-17,ELIGIBLE,R03b_20260811_FULL_v1,L1_ELIGIBILITY,v2026-08-11,2026-03-21..2026-08-06,baccarat_bet02_101_all_pairs_incl_sentinel,round_win = game_pnl > 0 (decisive only),COMPATIBILITY_ONLY_NOT_PRODUCTION,268817.8208,244366.2908,168.7661,6248,5610,-0.00062781,-0.08642944,0.00436428,-0.00062781,-168.7661,268817.8208,OK,0.0000,6.7506,4.0000,96.0000,AG03-UNRESOLVED,ALL5_LEVELS_bet23_to_bet27,6.7506,6.7506,6.7506,8.4383,8.4383,4.000000,4.000000,4.000000,5.000000,5.000000,96.000000,96.000000,96.000000,95.000000,95.000000,5.0,37.1285,34.0107,131.6376,134.7554,PENDING_AG03,FALSE,NOT_FOR_ENFORCEMENT,162.0155,234591.6392,168.7661,162.0155,6.7506,0.00062781,0.00060270,6.7506,162.0155,0.00060270,6.7506,6.7506,6.7506,8.4383,8.4383,162.0155,0.00060270,37.1285,34.0107,131.6376,134.7554,0.00048969,0.00050129,0.00002511,43.0246,43.5591,0.0301,2.0581,0.0627,3278.2661,68.4146,17.6798,46.9397,25.7155,39.4976,52.6635,77.1466,82.2897,128.5777,31.4111,0.0,2.083411,3.25533,1.089297,30,192,222,8,0.05498276,0.00062781,0.08642944,0E-8,0.000000,0.909041,0.000000,-0.09079372,2026-03-23,2026-08-06,82,2690,1181,137,0.598540,0.376650,0.410924,0.183276,,,,,,,,GLOBAL_BASELINE_NO_ENTITY_RANKING,,,NOT_APPLICABLE_GLOBAL_BASELINE,HF9g-P5,,,,X 全窗基线 · 不参与实体赏罚,6878136,688,A168_HF9F_20260827_0900,2026-08-27 09:00:00
2026-07-28,70460261,1299,0,10.3271112488,9.8107556864,9.8107556864,1.0000000,1,1,0.50665070000000000,0.506650700000,0.9867858985152569,0.9867858985152569,0.9867858985152569,0E-17,ELIGIBLE,R03b_20260811_FULL_v1,L1_ELIGIBILITY,v2026-08-11,2026-03-21..2026-08-06,baccarat_bet02_101_all_pairs_incl_sentinel,round_win = game_pnl > 0 (decisive only),COMPATIBILITY_ONLY_NOT_PRODUCTION,268817.8208,244366.2908,168.7661,6248,5610,-0.00062781,-0.08642944,0.00436428,-0.00062781,-168.7661,268817.8208,OK,0.0000,6.7506,4.0000,96.0000,AG03-UNRESOLVED,ALL5_LEVELS_bet23_to_bet27,6.7506,6.7506,6.7506,8.4383,8.4383,4.000000,4.000000,4.000000,5.000000,5.000000,96.000000,96.000000,96.000000,95.000000,95.000000,5.0,37.1285,34.0107,131.6376,134.7554,PENDING_AG03,FALSE,NOT_FOR_ENFORCEMENT,162.0155,234591.6392,168.7661,162.0155,6.7506,0.00062781,0.00060270,6.7506,162.0155,0.00060270,6.7506,6.7506,6.7506,8.4383,8.4383,162.0155,0.00060270,37.1285,34.0107,131.6376,134.7554,0.00048969,0.00050129,0.00002511,43.0246,43.5591,0.0301,2.0581,0.0627,3278.2661,68.4146,17.6798,46.9397,25.7155,39.4976,52.6635,77.1466,82.2897,128.5777,31.4111,0.0,2.083411,3.25533,1.089297,30,192,222,8,0.05498276,0.00062781,0.08642944,0E-8,0.000000,0.909041,0.000000,-0.09079372,2026-03-23,2026-08-06,82,2690,1181,137,0.598540,0.376650,0.410924,0.183276,,,,,,,,GLOBAL_BASELINE_NO_ENTITY_RANKING,,,NOT_APPLICABLE_GLOBAL_BASELINE,HF9g-P5,,,,X 全窗基线 · 不参与实体赏罚,6878137,688,A168_HF9F_20260827_0900,2026-08-27 09:00:00
2026-07-28,70460261,1302,0,12.9088890610,-12.9088890610,-12.9088890610,0E-7,1,1,0.49324550000000000,0.493245500000,-0.9865810262130424,-0.9865810262130424,-0.9865810262130424,0E-17,ELIGIBLE,R03b_20260811_FULL_v1,L1_ELIGIBILITY,v2026-08-11,2026-03-21..2026-08-06,baccarat_bet02_101_all_pairs_incl_sentinel,round_win = game_pnl > 0 (decisive only),COMPATIBILITY_ONLY_NOT_PRODUCTION,268817.8208,244366.2908,168.7661,6248,5610,-0.00062781,-0.08642944,0.00436428,-0.00062781,-168.7661,268817.8208,OK,0.0000,6.7506,4.0000,96.0000,AG03-UNRESOLVED,ALL5_LEVELS_bet23_to_bet27,6.7506,6.7506,6.7506,8.4383,8.4383,4.000000,4.000000,4.000000,5.000000,5.000000,96.000000,96.000000,96.000000,95.000000,95.000000,5.0,37.1285,34.0107,131.6376,134.7554,PENDING_AG03,FALSE,NOT_FOR_ENFORCEMENT,162.0155,234591.6392,168.7661,162.0155,6.7506,0.00062781,0.00060270,6.7506,162.0155,0.00060270,6.7506,6.7506,6.7506,8.4383,8.4383,162.0155,0.00060270,37.1285,34.0107,131.6376,134.7554,0.00048969,0.00050129,0.00002511,43.0246,43.5591,0.0301,2.0581,0.0627,3278.2661,68.4146,17.6798,46.9397,25.7155,39.4976,52.6635,77.1466,82.2897,128.5777,31.4111,0.0,2.083411,3.25533,1.089297,30,192,222,8,0.05498276,0.00062781,0.08642944,0E-8,0.000000,0.909041,0.000000,-0.09079372,2026-03-23,2026-08-06,82,2690,1181,137,0.598540,0.376650,0.410924,0.183276,,,,,,,,GLOBAL_BASELINE_NO_ENTITY_RANKING,,,NOT_APPLICABLE_GLOBAL_BASELINE,HF9g-P5,,,,X 全窗基线 · 不参与实体赏罚,6878138,688,A168_HF9F_20260827_0900,2026-08-27 09:00:00
2026-07-28,70460261,1307,0,38.7266671830,-38.7266671830,-38.7266671830,0E-7,1,1,0.50665070000000000,0.506650700000,-1.013391052207602,-1.013391052207602,-1.013391052207602,0E-17,ELIGIBLE,R03b_20260811_FULL_v1,L1_ELIGIBILITY,v2026-08-11,2026-03-21..2026-08-06,baccarat_bet02_101_all_pairs_incl_sentinel,round_win = game_pnl > 0 (decisive only),COMPATIBILITY_ONLY_NOT_PRODUCTION,268817.8208,244366.2908,168.7661,6248,5610,-0.00062781,-0.08642944,0.00436428,-0.00062781,-168.7661,268817.8208,OK,0.0000,6.7506,4.0000,96.0000,AG03-UNRESOLVED,ALL5_LEVELS_bet23_to_bet27,6.7506,6.7506,6.7506,8.4383,8.4383,4.000000,4.000000,4.000000,5.000000,5.000000,96.000000,96.000000,96.000000,95.000000,95.000000,5.0,37.1285,34.0107,131.6376,134.7554,PENDING_AG03,FALSE,NOT_FOR_ENFORCEMENT,162.0155,234591.6392,168.7661,162.0155,6.7506,0.00062781,0.00060270,6.7506,162.0155,0.00060270,6.7506,6.7506,6.7506,8.4383,8.4383,162.0155,0.00060270,37.1285,34.0107,131.6376,134.7554,0.00048969,0.00050129,0.00002511,43.0246,43.5591,0.0301,2.0581,0.0627,3278.2661,68.4146,17.6798,46.9397,25.7155,39.4976,52.6635,77.1466,82.2897,128.5777,31.4111,0.0,2.083411,3.25533,1.089297,30,192,222,8,0.05498276,0.00062781,0.08642944,0E-8,0.000000,0.909041,0.000000,-0.09079372,2026-03-23,2026-08-06,82,2690,1181,137,0.598540,0.376650,0.410924,0.183276,,,,,,,,GLOBAL_BASELINE_NO_ENTITY_RANKING,,,NOT_APPLICABLE_GLOBAL_BASELINE,HF9g-P5,,,,X 全窗基线 · 不参与实体赏罚,6878139,688,A168_HF9F_20260827_0900,2026-08-27 09:00:00
2026-07-28,70460261,1353,0,12.9088890610,-12.9088890610,-12.9088890610,0E-7,1,1,0.49324550000000000,0.493245500000,-0.9865810262130424,-0.9865810262130424,-0.9865810262130424,0E-17,ELIGIBLE,R03b_20260811_FULL_v1,L1_ELIGIBILITY,v2026-08-11,2026-03-21..2026-08-06,baccarat_bet02_101_all_pairs_incl_sentinel,round_win = game_pnl > 0 (decisive only),COMPATIBILITY_ONLY_NOT_PRODUCTION,268817.8208,244366.2908,168.7661,6248,5610,-0.00062781,-0.08642944,0.00436428,-0.00062781,-168.7661,268817.8208,OK,0.0000,6.7506,4.0000,96.0000,AG03-UNRESOLVED,ALL5_LEVELS_bet23_to_bet27,6.7506,6.7506,6.7506,8.4383,8.4383,4.000000,4.000000,4.000000,5.000000,5.000000,96.000000,96.000000,96.000000,95.000000,95.000000,5.0,37.1285,34.0107,131.6376,134.7554,PENDING_AG03,FALSE,NOT_FOR_ENFORCEMENT,162.0155,234591.6392,168.7661,162.0155,6.7506,0.00062781,0.00060270,6.7506,162.0155,0.00060270,6.7506,6.7506,6.7506,8.4383,8.4383,162.0155,0.00060270,37.1285,34.0107,131.6376,134.7554,0.00048969,0.00050129,0.00002511,43.0246,43.5591,0.0301,2.0581,0.0627,3278.2661,68.4146,17.6798,46.9397,25.7155,39.4976,52.6635,77.1466,82.2897,128.5777,31.4111,0.0,2.083411,3.25533,1.089297,30,192,222,8,0.05498276,0.00062781,0.08642944,0E-8,0.000000,0.909041,0.000000,-0.09079372,2026-03-23,2026-08-06,82,2690,1181,137,0.598540,0.376650,0.410924,0.183276,,,,,,,,GLOBAL_BASELINE_NO_ENTITY_RANKING,,,NOT_APPLICABLE_GLOBAL_BASELINE,HF9g-P5,,,,X 全窗基线 · 不参与实体赏罚,6878140,688,A168_HF9F_20260827_0900,2026-08-27 09:00:00
2026-07-28,70460261,1385,0,38.7266671830,-12.9088890610,-12.9088890610,0.5000000,2,2,0.49994810000000000,0.499948100000,0.00014679536856514622,0.00014679536856514622,0.00014679536856514622,0E-17,ELIGIBLE,R03b_20260811_FULL_v1,L1_ELIGIBILITY,v2026-08-11,2026-03-21..2026-08-06,baccarat_bet02_101_all_pairs_incl_sentinel,round_win = game_pnl > 0 (decisive only),COMPATIBILITY_ONLY_NOT_PRODUCTION,268817.8208,244366.2908,168.7661,6248,5610,-0.00062781,-0.08642944,0.00436428,-0.00062781,-168.7661,268817.8208,OK,0.0000,6.7506,4.0000,96.0000,AG03-UNRESOLVED,ALL5_LEVELS_bet23_to_bet27,6.7506,6.7506,6.7506,8.4383,8.4383,4.000000,4.000000,4.000000,5.000000,5.000000,96.000000,96.000000,96.000000,95.000000,95.000000,5.0,37.1285,34.0107,131.6376,134.7554,PENDING_AG03,FALSE,NOT_FOR_ENFORCEMENT,162.0155,234591.6392,168.7661,162.0155,6.7506,0.00062781,0.00060270,6.7506,162.0155,0.00060270,6.7506,6.7506,6.7506,8.4383,8.4383,162.0155,0.00060270,37.1285,34.0107,131.6376,134.7554,0.00048969,0.00050129,0.00002511,43.0246,43.5591,0.0301,2.0581,0.0627,3278.2661,68.4146,17.6798,46.9397,25.7155,39.4976,52.6635,77.1466,82.2897,128.5777,31.4111,0.0,2.083411,3.25533,1.089297,30,192,222,8,0.05498276,0.00062781,0.08642944,0E-8,0.000000,0.909041,0.000000,-0.09079372,2026-03-23,2026-08-06,82,2690,1181,137,0.598540,0.376650,0.410924,0.183276,,,,,,,,GLOBAL_BASELINE_NO_ENTITY_RANKING,,,NOT_APPLICABLE_GLOBAL_BASELINE,HF9g-P5,,,,X 全窗基线 · 不参与实体赏罚,6878141,688,A168_HF9F_20260827_0900,2026-08-27 09:00:00
2026-07-28,70460261,1485,0,41.3084449952,-6.0671778587,-6.0671778587,0.5000000,2,2,0.50665070000000000,0.506650700000,-0.018812684590367487,-0.018812684590367487,-0.018812684590367487,0E-17,ELIGIBLE,R03b_20260811_FULL_v1,L1_ELIGIBILITY,v2026-08-11,2026-03-21..2026-08-06,baccarat_bet02_101_all_pairs_incl_sentinel,round_win = game_pnl > 0 (decisive only),COMPATIBILITY_ONLY_NOT_PRODUCTION,268817.8208,244366.2908,168.7661,6248,5610,-0.00062781,-0.08642944,0.00436428,-0.00062781,-168.7661,268817.8208,OK,0.0000,6.7506,4.0000,96.0000,AG03-UNRESOLVED,ALL5_LEVELS_bet23_to_bet27,6.7506,6.7506,6.7506,8.4383,8.4383,4.000000,4.000000,4.000000,5.000000,5.000000,96.000000,96.000000,96.000000,95.000000,95.000000,5.0,37.1285,34.0107,131.6376,134.7554,PENDING_AG03,FALSE,NOT_FOR_ENFORCEMENT,162.0155,234591.6392,168.7661,162.0155,6.7506,0.00062781,0.00060270,6.7506,162.0155,0.00060270,6.7506,6.7506,6.7506,8.4383,8.4383,162.0155,0.00060270,37.1285,34.0107,131.6376,134.7554,0.00048969,0.00050129,0.00002511,43.0246,43.5591,0.0301,2.0581,0.0627,3278.2661,68.4146,17.6798,46.9397,25.7155,39.4976,52.6635,77.1466,82.2897,128.5777,31.4111,0.0,2.083411,3.25533,1.089297,30,192,222,8,0.05498276,0.00062781,0.08642944,0E-8,0.000000,0.909041,0.000000,-0.09079372,2026-03-23,2026-08-06,82,2690,1181,137,0.598540,0.376650,0.410924,0.183276,,,,,,,,GLOBAL_BASELINE_NO_ENTITY_RANKING,,,NOT_APPLICABLE_GLOBAL_BASELINE,HF9g-P5,,,,X 全窗基线 · 不参与实体赏罚,6878142,688,A168_HF9F_20260827_0900,2026-08-27 09:00:00
2026-07-28,70460261,1623,0,25.8177781220,25.1723336690,25.1723336690,1.0000000,2,2,0.49994810000000000,0.499948100000,1.4143603653603398,1.4143603653603398,1.4143603653603398,0E-17,ELIGIBLE,R03b_20260811_FULL_v1,L1_ELIGIBILITY,v2026-08-11,2026-03-21..2026-08-06,baccarat_bet02_101_all_pairs_incl_sentinel,round_win = game_pnl > 0 (decisive only),COMPATIBILITY_ONLY_NOT_PRODUCTION,268817.8208,244366.2908,168.7661,6248,5610,-0.00062781,-0.08642944,0.00436428,-0.00062781,-168.7661,268817.8208,OK,0.0000,6.7506,4.0000,96.0000,AG03-UNRESOLVED,ALL5_LEVELS_bet23_to_bet27,6.7506,6.7506,6.7506,8.4383,8.4383,4.000000,4.000000,4.000000,5.000000,5.000000,96.000000,96.000000,96.000000,95.000000,95.000000,5.0,37.1285,34.0107,131.6376,134.7554,PENDING_AG03,FALSE,NOT_FOR_ENFORCEMENT,162.0155,234591.6392,168.7661,162.0155,6.7506,0.00062781,0.00060270,6.7506,162.0155,0.00060270,6.7506,6.7506,6.7506,8.4383,8.4383,162.0155,0.00060270,37.1285,34.0107,131.6376,134.7554,0.00048969,0.00050129,0.00002511,43.0246,43.5591,0.0301,2.0581,0.0627,3278.2661,68.4146,17.6798,46.9397,25.7155,39.4976,52.6635,77.1466,82.2897,128.5777,31.4111,0.0,2.083411,3.25533,1.089297,30,192,222,8,0.05498276,0.00062781,0.08642944,0E-8,0.000000,0.909041,0.000000,-0.09079372,2026-03-23,2026-08-06,82,2690,1181,137,0.598540,0.376650,0.410924,0.183276,,,,,,,,GLOBAL_BASELINE_NO_ENTITY_RANKING,,,NOT_APPLICABLE_GLOBAL_BASELINE,HF9g-P5,,,,X 全窗基线 · 不参与实体赏罚,6878143,688,A168_HF9F_20260827_0900,2026-08-27 09:00:00
2026-07-28,70460261,1941,0,25.8177781220,24.5268892159,24.5268892159,1.0000000,1,1,0.50665070000000000,0.506650700000,0.9867858985152569,0.9867858985152569,0.9867858985152569,0E-17,ELIGIBLE,R03b_20260811_FULL_v1,L1_ELIGIBILITY,v2026-08-11,2026-03-21..2026-08-06,baccarat_bet02_101_all_pairs_incl_sentinel,round_win = game_pnl > 0 (decisive only),COMPATIBILITY_ONLY_NOT_PRODUCTION,268817.8208,244366.2908,168.7661,6248,5610,-0.00062781,-0.08642944,0.00436428,-0.00062781,-168.7661,268817.8208,OK,0.0000,6.7506,4.0000,96.0000,AG03-UNRESOLVED,ALL5_LEVELS_bet23_to_bet27,6.7506,6.7506,6.7506,8.4383,8.4383,4.000000,4.000000,4.000000,5.000000,5.000000,96.000000,96.000000,96.000000,95.000000,95.000000,5.0,37.1285,34.0107,131.6376,134.7554,PENDING_AG03,FALSE,NOT_FOR_ENFORCEMENT,162.0155,234591.6392,168.7661,162.0155,6.7506,0.00062781,0.00060270,6.7506,162.0155,0.00060270,6.7506,6.7506,6.7506,8.4383,8.4383,162.0155,0.00060270,37.1285,34.0107,131.6376,134.7554,0.00048969,0.00050129,0.00002511,43.0246,43.5591,0.0301,2.0581,0.0627,3278.2661,68.4146,17.6798,46.9397,25.7155,39.4976,52.6635,77.1466,82.2897,128.5777,31.4111,0.0,2.083411,3.25533,1.089297,30,192,222,8,0.05498276,0.00062781,0.08642944,0E-8,0.000000,0.909041,0.000000,-0.09079372,2026-03-23,2026-08-06,82,2690,1181,137,0.598540,0.376650,0.410924,0.183276,,,,,,,,GLOBAL_BASELINE_NO_ENTITY_RANKING,,,NOT_APPLICABLE_GLOBAL_BASELINE,HF9g-P5,,,,X 全窗基线 · 不参与实体赏罚,6878144,688,A168_HF9F_20260827_0900,2026-08-27 09:00:00
2026-07-28,70460261,1957,0,51.6355562440,-1.2908889061,-1.2908889061,0.3333333,3,3,0.50218230000000000,0.502182300000,-0.5849155494134425,-0.5849155494134426,-0.5849155494134425,0E-17,ELIGIBLE,R03b_20260811_FULL_v1,L1_ELIGIBILITY,v2026-08-11,2026-03-21..2026-08-06,baccarat_bet02_101_all_pairs_incl_sentinel,round_win = game_pnl > 0 (decisive only),COMPATIBILITY_ONLY_NOT_PRODUCTION,268817.8208,244366.2908,168.7661,6248,5610,-0.00062781,-0.08642944,0.00436428,-0.00062781,-168.7661,268817.8208,OK,0.0000,6.7506,4.0000,96.0000,AG03-UNRESOLVED,ALL5_LEVELS_bet23_to_bet27,6.7506,6.7506,6.7506,8.4383,8.4383,4.000000,4.000000,4.000000,5.000000,5.000000,96.000000,96.000000,96.000000,95.000000,95.000000,5.0,37.1285,34.0107,131.6376,134.7554,PENDING_AG03,FALSE,NOT_FOR_ENFORCEMENT,162.0155,234591.6392,168.7661,162.0155,6.7506,0.00062781,0.00060270,6.7506,162.0155,0.00060270,6.7506,6.7506,6.7506,8.4383,8.4383,162.0155,0.00060270,37.1285,34.0107,131.6376,134.7554,0.00048969,0.00050129,0.00002511,43.0246,43.5591,0.0301,2.0581,0.0627,3278.2661,68.4146,17.6798,46.9397,25.7155,39.4976,52.6635,77.1466,82.2897,128.5777,31.4111,0.0,2.083411,3.25533,1.089297,30,192,222,8,0.05498276,0.00062781,0.08642944,0E-8,0.000000,0.909041,0.000000,-0.09079372,2026-03-23,2026-08-06,82,2690,1181,137,0.598540,0.376650,0.410924,0.183276,,,,,,,,GLOBAL_BASELINE_NO_ENTITY_RANKING,,,NOT_APPLICABLE_GLOBAL_BASELINE,HF9g-P5,,,,X 全窗基线 · 不参与实体赏罚,6878145,688,A168_HF9F_20260827_0900,2026-08-27 09:00:00
2026-07-28,70460261,1994,0,51.6355562440,0E-10,0E-10,0.6666667,3,3,0.49324550000000000,0.493245500000,0.6008033672792107,0.6008033672792106,0.6008033672792107,0E-17,ELIGIBLE,R03b_20260811_FULL_v1,L1_ELIGIBILITY,v2026-08-11,2026-03-21..2026-08-06,baccarat_bet02_101_all_pairs_incl_sentinel,round_win = game_pnl > 0 (decisive only),COMPATIBILITY_ONLY_NOT_PRODUCTION,268817.8208,244366.2908,168.7661,6248,5610,-0.00062781,-0.08642944,0.00436428,-0.00062781,-168.7661,268817.8208,OK,0.0000,6.7506,4.0000,96.0000,AG03-UNRESOLVED,ALL5_LEVELS_bet23_to_bet27,6.7506,6.7506,6.7506,8.4383,8.4383,4.000000,4.000000,4.000000,5.000000,5.000000,96.000000,96.000000,96.000000,95.000000,95.000000,5.0,37.1285,34.0107,131.6376,134.7554,PENDING_AG03,FALSE,NOT_FOR_ENFORCEMENT,162.0155,234591.6392,168.7661,162.0155,6.7506,0.00062781,0.00060270,6.7506,162.0155,0.00060270,6.7506,6.7506,6.7506,8.4383,8.4383,162.0155,0.00060270,37.1285,34.0107,131.6376,134.7554,0.00048969,0.00050129,0.00002511,43.0246,43.5591,0.0301,2.0581,0.0627,3278.2661,68.4146,17.6798,46.9397,25.7155,39.4976,52.6635,77.1466,82.2897,128.5777,31.4111,0.0,2.083411,3.25533,1.089297,30,192,222,8,0.05498276,0.00062781,0.08642944,0E-8,0.000000,0.909041,0.000000,-0.09079372,2026-03-23,2026-08-06,82,2690,1181,137,0.598540,0.376650,0.410924,0.183276,,,,,,,,GLOBAL_BASELINE_NO_ENTITY_RANKING,,,NOT_APPLICABLE_GLOBAL_BASELINE,HF9g-P5,,,,X 全窗基线 · 不参与实体赏罚,6878146,688,A168_HF9F_20260827_0900,2026-08-27 09:00:00
2026-07-28,70460261,2093,0,12.9088890610,0E-10,0E-10,,1,1,0.50665070000000000,0.506650700000,,,,0E-17,NO_DECISIVE_ROUND,R03b_20260811_FULL_v1,L1_ELIGIBILITY,v2026-08-11,2026-03-21..2026-08-06,baccarat_bet02_101_all_pairs_incl_sentinel,round_win = game_pnl > 0 (decisive only),COMPATIBILITY_ONLY_NOT_PRODUCTION,268817.8208,244366.2908,168.7661,6248,5610,-0.00062781,-0.08642944,0.00436428,-0.00062781,-168.7661,268817.8208,OK,0.0000,6.7506,4.0000,96.0000,AG03-UNRESOLVED,ALL5_LEVELS_bet23_to_bet27,6.7506,6.7506,6.7506,8.4383,8.4383,4.000000,4.000000,4.000000,5.000000,5.000000,96.000000,96.000000,96.000000,95.000000,95.000000,5.0,37.1285,34.0107,131.6376,134.7554,PENDING_AG03,FALSE,NOT_FOR_ENFORCEMENT,162.0155,234591.6392,168.7661,162.0155,6.7506,0.00062781,0.00060270,6.7506,162.0155,0.00060270,6.7506,6.7506,6.7506,8.4383,8.4383,162.0155,0.00060270,37.1285,34.0107,131.6376,134.7554,0.00048969,0.00050129,0.00002511,43.0246,43.5591,0.0301,2.0581,0.0627,3278.2661,68.4146,17.6798,46.9397,25.7155,39.4976,52.6635,77.1466,82.2897,128.5777,31.4111,0.0,2.083411,3.25533,1.089297,30,192,222,8,0.05498276,0.00062781,0.08642944,0E-8,0.000000,0.909041,0.000000,-0.09079372,2026-03-23,2026-08-06,82,2690,1181,137,0.598540,0.376650,0.410924,0.183276,,,,,,,,GLOBAL_BASELINE_NO_ENTITY_RANKING,,,NOT_APPLICABLE_GLOBAL_BASELINE,HF9g-P5,,,,X 全窗基线 · 不参与实体赏罚,6878147,688,A168_HF9F_20260827_0900,2026-08-27 09:00:00
2026-07-28,70460261,2115,0,46.4720006196,-6.1962667493,-6.1962667493,0.5000000,2,2,0.50665070000000000,0.506650700000,-0.018812684590367487,-0.018812684590367487,-0.018812684590367487,0E-17,ELIGIBLE,R03b_20260811_FULL_v1,L1_ELIGIBILITY,v2026-08-11,2026-03-21..2026-08-06,baccarat_bet02_101_all_pairs_incl_sentinel,round_win = game_pnl > 0 (decisive only),COMPATIBILITY_ONLY_NOT_PRODUCTION,268817.8208,244366.2908,168.7661,6248,5610,-0.00062781,-0.08642944,0.00436428,-0.00062781,-168.7661,268817.8208,OK,0.0000,6.7506,4.0000,96.0000,AG03-UNRESOLVED,ALL5_LEVELS_bet23_to_bet27,6.7506,6.7506,6.7506,8.4383,8.4383,4.000000,4.000000,4.000000,5.000000,5.000000,96.000000,96.000000,96.000000,95.000000,95.000000,5.0,37.1285,34.0107,131.6376,134.7554,PENDING_AG03,FALSE,NOT_FOR_ENFORCEMENT,162.0155,234591.6392,168.7661,162.0155,6.7506,0.00062781,0.00060270,6.7506,162.0155,0.00060270,6.7506,6.7506,6.7506,8.4383,8.4383,162.0155,0.00060270,37.1285,34.0107,131.6376,134.7554,0.00048969,0.00050129,0.00002511,43.0246,43.5591,0.0301,2.0581,0.0627,3278.2661,68.4146,17.6798,46.9397,25.7155,39.4976,52.6635,77.1466,82.2897,128.5777,31.4111,0.0,2.083411,3.25533,1.089297,30,192,222,8,0.05498276,0.00062781,0.08642944,0E-8,0.000000,0.909041,0.000000,-0.09079372,2026-03-23,2026-08-06,82,2690,1181,137,0.598540,0.376650,0.410924,0.183276,,,,,,,,GLOBAL_BASELINE_NO_ENTITY_RANKING,,,NOT_APPLICABLE_GLOBAL_BASELINE,HF9g-P5,,,,X 全窗基线 · 不参与实体赏罚,6878148,688,A168_HF9F_20260827_0900,2026-08-27 09:00:00
2026-07-28,70460261,2129,0,18.0724446854,-18.0724446854,-18.0724446854,0E-7,1,1,0.50665070000000000,0.506650700000,-1.013391052207602,-1.013391052207602,-1.013391052207602,0E-17,ELIGIBLE,R03b_20260811_FULL_v1,L1_ELIGIBILITY,v2026-08-11,2026-03-21..2026-08-06,baccarat_bet02_101_all_pairs_incl_sentinel,round_win = game_pnl > 0 (decisive only),COMPATIBILITY_ONLY_NOT_PRODUCTION,268817.8208,244366.2908,168.7661,6248,5610,-0.00062781,-0.08642944,0.00436428,-0.00062781,-168.7661,268817.8208,OK,0.0000,6.7506,4.0000,96.0000,AG03-UNRESOLVED,ALL5_LEVELS_bet23_to_bet27,6.7506,6.7506,6.7506,8.4383,8.4383,4.000000,4.000000,4.000000,5.000000,5.000000,96.000000,96.000000,96.000000,95.000000,95.000000,5.0,37.1285,34.0107,131.6376,134.7554,PENDING_AG03,FALSE,NOT_FOR_ENFORCEMENT,162.0155,234591.6392,168.7661,162.0155,6.7506,0.00062781,0.00060270,6.7506,162.0155,0.00060270,6.7506,6.7506,6.7506,8.4383,8.4383,162.0155,0.00060270,37.1285,34.0107,131.6376,134.7554,0.00048969,0.00050129,0.00002511,43.0246,43.5591,0.0301,2.0581,0.0627,3278.2661,68.4146,17.6798,46.9397,25.7155,39.4976,52.6635,77.1466,82.2897,128.5777,31.4111,0.0,2.083411,3.25533,1.089297,30,192,222,8,0.05498276,0.00062781,0.08642944,0E-8,0.000000,0.909041,0.000000,-0.09079372,2026-03-23,2026-08-06,82,2690,1181,137,0.598540,0.376650,0.410924,0.183276,,,,,,,,GLOBAL_BASELINE_NO_ENTITY_RANKING,,,NOT_APPLICABLE_GLOBAL_BASELINE,HF9g-P5,,,,X 全窗基线 · 不参与实体赏罚,6878149,688,A168_HF9F_20260827_0900,2026-08-27 09:00:00
2026-07-28,70460261,2134,0,25.8177781220,-25.8177781220,-25.8177781220,0E-7,1,1,0.50665070000000000,0.506650700000,-1.013391052207602,-1.013391052207602,-1.013391052207602,0E-17,ELIGIBLE,R03b_20260811_FULL_v1,L1_ELIGIBILITY,v2026-08-11,2026-03-21..2026-08-06,baccarat_bet02_101_all_pairs_incl_sentinel,round_win = game_pnl > 0 (decisive only),COMPATIBILITY_ONLY_NOT_PRODUCTION,268817.8208,244366.2908,168.7661,6248,5610,-0.00062781,-0.08642944,0.00436428,-0.00062781,-168.7661,268817.8208,OK,0.0000,6.7506,4.0000,96.0000,AG03-UNRESOLVED,ALL5_LEVELS_bet23_to_bet27,6.7506,6.7506,6.7506,8.4383,8.4383,4.000000,4.000000,4.000000,5.000000,5.000000,96.000000,96.000000,96.000000,95.000000,95.000000,5.0,37.1285,34.0107,131.6376,134.7554,PENDING_AG03,FALSE,NOT_FOR_ENFORCEMENT,162.0155,234591.6392,168.7661,162.0155,6.7506,0.00062781,0.00060270,6.7506,162.0155,0.00060270,6.7506,6.7506,6.7506,8.4383,8.4383,162.0155,0.00060270,37.1285,34.0107,131.6376,134.7554,0.00048969,0.00050129,0.00002511,43.0246,43.5591,0.0301,2.0581,0.0627,3278.2661,68.4146,17.6798,46.9397,25.7155,39.4976,52.6635,77.1466,82.2897,128.5777,31.4111,0.0,2.083411,3.25533,1.089297,30,192,222,8,0.05498276,0.00062781,0.08642944,0E-8,0.000000,0.909041,0.000000,-0.09079372,2026-03-23,2026-08-06,82,2690,1181,137,0.598540,0.376650,0.410924,0.183276,,,,,,,,GLOBAL_BASELINE_NO_ENTITY_RANKING,,,NOT_APPLICABLE_GLOBAL_BASELINE,HF9g-P5,,,,X 全窗基线 · 不参与实体赏罚,6878150,688,A168_HF9F_20260827_0900,2026-08-27 09:00:00
2026-07-28,70460261,2145,0,49.0537784318,1.2908889062,1.2908889062,0.6666667,3,3,0.50665070000000000,0.506650700000,0.5543606114942035,0.5543606114942035,0.5543606114942035,0E-17,ELIGIBLE,R03b_20260811_FULL_v1,L1_ELIGIBILITY,v2026-08-11,2026-03-21..2026-08-06,baccarat_bet02_101_all_pairs_incl_sentinel,round_win = game_pnl > 0 (decisive only),COMPATIBILITY_ONLY_NOT_PRODUCTION,268817.8208,244366.2908,168.7661,6248,5610,-0.00062781,-0.08642944,0.00436428,-0.00062781,-168.7661,268817.8208,OK,0.0000,6.7506,4.0000,96.0000,AG03-UNRESOLVED,ALL5_LEVELS_bet23_to_bet27,6.7506,6.7506,6.7506,8.4383,8.4383,4.000000,4.000000,4.000000,5.000000,5.000000,96.000000,96.000000,96.000000,95.000000,95.000000,5.0,37.1285,34.0107,131.6376,134.7554,PENDING_AG03,FALSE,NOT_FOR_ENFORCEMENT,162.0155,234591.6392,168.7661,162.0155,6.7506,0.00062781,0.00060270,6.7506,162.0155,0.00060270,6.7506,6.7506,6.7506,8.4383,8.4383,162.0155,0.00060270,37.1285,34.0107,131.6376,134.7554,0.00048969,0.00050129,0.00002511,43.0246,43.5591,0.0301,2.0581,0.0627,3278.2661,68.4146,17.6798,46.9397,25.7155,39.4976,52.6635,77.1466,82.2897,128.5777,31.4111,0.0,2.083411,3.25533,1.089297,30,192,222,8,0.05498276,0.00062781,0.08642944,0E-8,0.000000,0.909041,0.000000,-0.09079372,2026-03-23,2026-08-06,82,2690,1181,137,0.598540,0.376650,0.410924,0.183276,,,,,,,,GLOBAL_BASELINE_NO_ENTITY_RANKING,,,NOT_APPLICABLE_GLOBAL_BASELINE,HF9g-P5,,,,X 全窗基线 · 不参与实体赏罚,6878151,688,A168_HF9F_20260827_0900,2026-08-27 09:00:00
2026-07-28,70460261,2156,0,13.6834224047,-13.6834224047,-13.6834224047,0E-7,1,1,0.49324550000000000,0.493245500000,-0.9865810262130424,-0.9865810262130424,-0.9865810262130424,0E-17,ELIGIBLE,R03b_20260811_FULL_v1,L1_ELIGIBILITY,v2026-08-11,2026-03-21..2026-08-06,baccarat_bet02_101_all_pairs_incl_sentinel,round_win = game_pnl > 0 (decisive only),COMPATIBILITY_ONLY_NOT_PRODUCTION,268817.8208,244366.2908,168.7661,6248,5610,-0.00062781,-0.08642944,0.00436428,-0.00062781,-168.7661,268817.8208,OK,0.0000,6.7506,4.0000,96.0000,AG03-UNRESOLVED,ALL5_LEVELS_bet23_to_bet27,6.7506,6.7506,6.7506,8.4383,8.4383,4.000000,4.000000,4.000000,5.000000,5.000000,96.000000,96.000000,96.000000,95.000000,95.000000,5.0,37.1285,34.0107,131.6376,134.7554,PENDING_AG03,FALSE,NOT_FOR_ENFORCEMENT,162.0155,234591.6392,168.7661,162.0155,6.7506,0.00062781,0.00060270,6.7506,162.0155,0.00060270,6.7506,6.7506,6.7506,8.4383,8.4383,162.0155,0.00060270,37.1285,34.0107,131.6376,134.7554,0.00048969,0.00050129,0.00002511,43.0246,43.5591,0.0301,2.0581,0.0627,3278.2661,68.4146,17.6798,46.9397,25.7155,39.4976,52.6635,77.1466,82.2897,128.5777,31.4111,0.0,2.083411,3.25533,1.089297,30,192,222,8,0.05498276,0.00062781,0.08642944,0E-8,0.000000,0.909041,0.000000,-0.09079372,2026-03-23,2026-08-06,82,2690,1181,137,0.598540,0.376650,0.410924,0.183276,,,,,,,,GLOBAL_BASELINE_NO_ENTITY_RANKING,,,NOT_APPLICABLE_GLOBAL_BASELINE,HF9g-P5,,,,X 全窗基线 · 不参与实体赏罚,6878152,688,A168_HF9F_20260827_0900,2026-08-27 09:00:00
2026-07-28,70460261,2160,0,51.6355562440,-1.2908889061,-1.2908889061,0.5000000,3,2,0.40363872500000000,0.403638725000,0.2777578906703767,0.27775789067037676,0.2777578906703767,0E-17,ELIGIBLE,R03b_20260811_FULL_v1,L1_ELIGIBILITY,v2026-08-11,2026-03-21..2026-08-06,baccarat_bet02_101_all_pairs_incl_sentinel,round_win = game_pnl > 0 (decisive only),COMPATIBILITY_ONLY_NOT_PRODUCTION,268817.8208,244366.2908,168.7661,6248,5610,-0.00062781,-0.08642944,0.00436428,-0.00062781,-168.7661,268817.8208,OK,0.0000,6.7506,4.0000,96.0000,AG03-UNRESOLVED,ALL5_LEVELS_bet23_to_bet27,6.7506,6.7506,6.7506,8.4383,8.4383,4.000000,4.000000,4.000000,5.000000,5.000000,96.000000,96.000000,96.000000,95.000000,95.000000,5.0,37.1285,34.0107,131.6376,134.7554,PENDING_AG03,FALSE,NOT_FOR_ENFORCEMENT,162.0155,234591.6392,168.7661,162.0155,6.7506,0.00062781,0.00060270,6.7506,162.0155,0.00060270,6.7506,6.7506,6.7506,8.4383,8.4383,162.0155,0.00060270,37.1285,34.0107,131.6376,134.7554,0.00048969,0.00050129,0.00002511,43.0246,43.5591,0.0301,2.0581,0.0627,3278.2661,68.4146,17.6798,46.9397,25.7155,39.4976,52.6635,77.1466,82.2897,128.5777,31.4111,0.0,2.083411,3.25533,1.089297,30,192,222,8,0.05498276,0.00062781,0.08642944,0E-8,0.000000,0.909041,0.000000,-0.09079372,2026-03-23,2026-08-06,82,2690,1181,137,0.598540,0.376650,0.410924,0.183276,,,,,,,,GLOBAL_BASELINE_NO_ENTITY_RANKING,,,NOT_APPLICABLE_GLOBAL_BASELINE,HF9g-P5,,,,X 全窗基线 · 不参与实体赏罚,6878153,688,A168_HF9F_20260827_0900,2026-08-27 09:00:00
2026-07-28,70460261,2167,0,12.9088890610,-12.9088890610,-12.9088890610,0E-7,1,1,0.50665070000000000,0.506650700000,-1.013391052207602,-1.013391052207602,-1.013391052207602,0E-17,ELIGIBLE,R03b_20260811_FULL_v1,L1_ELIGIBILITY,v2026-08-11,2026-03-21..2026-08-06,baccarat_bet02_101_all_pairs_incl_sentinel,round_win = game_pnl > 0 (decisive only),COMPATIBILITY_ONLY_NOT_PRODUCTION,268817.8208,244366.2908,168.7661,6248,5610,-0.00062781,-0.08642944,0.00436428,-0.00062781,-168.7661,268817.8208,OK,0.0000,6.7506,4.0000,96.0000,AG03-UNRESOLVED,ALL5_LEVELS_bet23_to_bet27,6.7506,6.7506,6.7506,8.4383,8.4383,4.000000,4.000000,4.000000,5.000000,5.000000,96.000000,96.000000,96.000000,95.000000,95.000000,5.0,37.1285,34.0107,131.6376,134.7554,PENDING_AG03,FALSE,NOT_FOR_ENFORCEMENT,162.0155,234591.6392,168.7661,162.0155,6.7506,0.00062781,0.00060270,6.7506,162.0155,0.00060270,6.7506,6.7506,6.7506,8.4383,8.4383,162.0155,0.00060270,37.1285,34.0107,131.6376,134.7554,0.00048969,0.00050129,0.00002511,43.0246,43.5591,0.0301,2.0581,0.0627,3278.2661,68.4146,17.6798,46.9397,25.7155,39.4976,52.6635,77.1466,82.2897,128.5777,31.4111,0.0,2.083411,3.25533,1.089297,30,192,222,8,0.05498276,0.00062781,0.08642944,0E-8,0.000000,0.909041,0.000000,-0.09079372,2026-03-23,2026-08-06,82,2690,1181,137,0.598540,0.376650,0.410924,0.183276,,,,,,,,GLOBAL_BASELINE_NO_ENTITY_RANKING,,,NOT_APPLICABLE_GLOBAL_BASELINE,HF9g-P5,,,,X 全窗基线 · 不参与实体赏罚,6878154,688,A168_HF9F_20260827_0900,2026-08-27 09:00:00
2026-07-28,70460261,2169,0,25.8177781220,-25.8177781220,-25.8177781220,0E-7,1,1,0.49324550000000000,0.493245500000,-0.9865810262130424,-0.9865810262130424,-0.9865810262130424,0E-17,ELIGIBLE,R03b_20260811_FULL_v1,L1_ELIGIBILITY,v2026-08-11,2026-03-21..2026-08-06,baccarat_bet02_101_all_pairs_incl_sentinel,round_win = game_pnl > 0 (decisive only),COMPATIBILITY_ONLY_NOT_PRODUCTION,268817.8208,244366.2908,168.7661,6248,5610,-0.00062781,-0.08642944,0.00436428,-0.00062781,-168.7661,268817.8208,OK,0.0000,6.7506,4.0000,96.0000,AG03-UNRESOLVED,ALL5_LEVELS_bet23_to_bet27,6.7506,6.7506,6.7506,8.4383,8.4383,4.000000,4.000000,4.000000,5.000000,5.000000,96.000000,96.000000,96.000000,95.000000,95.000000,5.0,37.1285,34.0107,131.6376,134.7554,PENDING_AG03,FALSE,NOT_FOR_ENFORCEMENT,162.0155,234591.6392,168.7661,162.0155,6.7506,0.00062781,0.00060270,6.7506,162.0155,0.00060270,6.7506,6.7506,6.7506,8.4383,8.4383,162.0155,0.00060270,37.1285,34.0107,131.6376,134.7554,0.00048969,0.00050129,0.00002511,43.0246,43.5591,0.0301,2.0581,0.0627,3278.2661,68.4146,17.6798,46.9397,25.7155,39.4976,52.6635,77.1466,82.2897,128.5777,31.4111,0.0,2.083411,3.25533,1.089297,30,192,222,8,0.05498276,0.00062781,0.08642944,0E-8,0.000000,0.909041,0.000000,-0.09079372,2026-03-23,2026-08-06,82,2690,1181,137,0.598540,0.376650,0.410924,0.183276,,,,,,,,GLOBAL_BASELINE_NO_ENTITY_RANKING,,,NOT_APPLICABLE_GLOBAL_BASELINE,HF9g-P5,,,,X 全窗基线 · 不参与实体赏罚,6878155,688,A168_HF9F_20260827_0900,2026-08-27 09:00:00
2026-07-28,70460261,2170,0,12.9088890610,-12.9088890610,-12.9088890610,0E-7,1,1,0.49324550000000000,0.493245500000,-0.9865810262130424,-0.9865810262130424,-0.9865810262130424,0E-17,ELIGIBLE,R03b_20260811_FULL_v1,L1_ELIGIBILITY,v2026-08-11,2026-03-21..2026-08-06,baccarat_bet02_101_all_pairs_incl_sentinel,round_win = game_pnl > 0 (decisive only),COMPATIBILITY_ONLY_NOT_PRODUCTION,268817.8208,244366.2908,168.7661,6248,5610,-0.00062781,-0.08642944,0.00436428,-0.00062781,-168.7661,268817.8208,OK,0.0000,6.7506,4.0000,96.0000,AG03-UNRESOLVED,ALL5_LEVELS_bet23_to_bet27,6.7506,6.7506,6.7506,8.4383,8.4383,4.000000,4.000000,4.000000,5.000000,5.000000,96.000000,96.000000,96.000000,95.000000,95.000000,5.0,37.1285,34.0107,131.6376,134.7554,PENDING_AG03,FALSE,NOT_FOR_ENFORCEMENT,162.0155,234591.6392,168.7661,162.0155,6.7506,0.00062781,0.00060270,6.7506,162.0155,0.00060270,6.7506,6.7506,6.7506,8.4383,8.4383,162.0155,0.00060270,37.1285,34.0107,131.6376,134.7554,0.00048969,0.00050129,0.00002511,43.0246,43.5591,0.0301,2.0581,0.0627,3278.2661,68.4146,17.6798,46.9397,25.7155,39.4976,52.6635,77.1466,82.2897,128.5777,31.4111,0.0,2.083411,3.25533,1.089297,30,192,222,8,0.05498276,0.00062781,0.08642944,0E-8,0.000000,0.909041,0.000000,-0.09079372,2026-03-23,2026-08-06,82,2690,1181,137,0.598540,0.376650,0.410924,0.183276,,,,,,,,GLOBAL_BASELINE_NO_ENTITY_RANKING,,,NOT_APPLICABLE_GLOBAL_BASELINE,HF9g-P5,,,,X 全窗基线 · 不参与实体赏罚,6878156,688,A168_HF9F_20260827_0900,2026-08-27 09:00:00
2026-07-28,70460261,2171,0,39.2430227455,12.1085379392,12.1085379392,0.5000000,2,2,0.50665070000000000,0.506650700000,-0.018812684590367487,-0.018812684590367487,-0.018812684590367487,0E-17,ELIGIBLE,R03b_20260811_FULL_v1,L1_ELIGIBILITY,v2026-08-11,2026-03-21..2026-08-06,baccarat_bet02_101_all_pairs_incl_sentinel,round_win = game_pnl > 0 (decisive only),COMPATIBILITY_ONLY_NOT_PRODUCTION,268817.8208,244366.2908,168.7661,6248,5610,-0.00062781,-0.08642944,0.00436428,-0.00062781,-168.7661,268817.8208,OK,0.0000,6.7506,4.0000,96.0000,AG03-UNRESOLVED,ALL5_LEVELS_bet23_to_bet27,6.7506,6.7506,6.7506,8.4383,8.4383,4.000000,4.000000,4.000000,5.000000,5.000000,96.000000,96.000000,96.000000,95.000000,95.000000,5.0,37.1285,34.0107,131.6376,134.7554,PENDING_AG03,FALSE,NOT_FOR_ENFORCEMENT,162.0155,234591.6392,168.7661,162.0155,6.7506,0.00062781,0.00060270,6.7506,162.0155,0.00060270,6.7506,6.7506,6.7506,8.4383,8.4383,162.0155,0.00060270,37.1285,34.0107,131.6376,134.7554,0.00048969,0.00050129,0.00002511,43.0246,43.5591,0.0301,2.0581,0.0627,3278.2661,68.4146,17.6798,46.9397,25.7155,39.4976,52.6635,77.1466,82.2897,128.5777,31.4111,0.0,2.083411,3.25533,1.089297,30,192,222,8,0.05498276,0.00062781,0.08642944,0E-8,0.000000,0.909041,0.000000,-0.09079372,2026-03-23,2026-08-06,82,2690,1181,137,0.598540,0.376650,0.410924,0.183276,,,,,,,,GLOBAL_BASELINE_NO_ENTITY_RANKING,,,NOT_APPLICABLE_GLOBAL_BASELINE,HF9g-P5,,,,X 全窗基线 · 不参与实体赏罚,6878157,688,A168_HF9F_20260827_0900,2026-08-27 09:00:00
2026-07-28,70460261,2188,0,12.9088890610,12.9088890610,12.9088890610,1.0000000,1,1,0.49324550000000000,0.493245500000,1.01360149184955,1.01360149184955,1.01360149184955,0E-17,ELIGIBLE,R03b_20260811_FULL_v1,L1_ELIGIBILITY,v2026-08-11,2026-03-21..2026-08-06,baccarat_bet02_101_all_pairs_incl_sentinel,round_win = game_pnl > 0 (decisive only),COMPATIBILITY_ONLY_NOT_PRODUCTION,268817.8208,244366.2908,168.7661,6248,5610,-0.00062781,-0.08642944,0.00436428,-0.00062781,-168.7661,268817.8208,OK,0.0000,6.7506,4.0000,96.0000,AG03-UNRESOLVED,ALL5_LEVELS_bet23_to_bet27,6.7506,6.7506,6.7506,8.4383,8.4383,4.000000,4.000000,4.000000,5.000000,5.000000,96.000000,96.000000,96.000000,95.000000,95.000000,5.0,37.1285,34.0107,131.6376,134.7554,PENDING_AG03,FALSE,NOT_FOR_ENFORCEMENT,162.0155,234591.6392,168.7661,162.0155,6.7506,0.00062781,0.00060270,6.7506,162.0155,0.00060270,6.7506,6.7506,6.7506,8.4383,8.4383,162.0155,0.00060270,37.1285,34.0107,131.6376,134.7554,0.00048969,0.00050129,0.00002511,43.0246,43.5591,0.0301,2.0581,0.0627,3278.2661,68.4146,17.6798,46.9397,25.7155,39.4976,52.6635,77.1466,82.2897,128.5777,31.4111,0.0,2.083411,3.25533,1.089297,30,192,222,8,0.05498276,0.00062781,0.08642944,0E-8,0.000000,0.909041,0.000000,-0.09079372,2026-03-23,2026-08-06,82,2690,1181,137,0.598540,0.376650,0.410924,0.183276,,,,,,,,GLOBAL_BASELINE_NO_ENTITY_RANKING,,,NOT_APPLICABLE_GLOBAL_BASELINE,HF9g-P5,,,,X 全窗基线 · 不参与实体赏罚,6878158,688,A168_HF9F_20260827_0900,2026-08-27 09:00:00
2026-07-28,70460261,2196,0,23.2360003098,-23.2360003098,-23.2360003098,0E-7,1,1,0.50665070000000000,0.506650700000,-1.013391052207602,-1.013391052207602,-1.013391052207602,0E-17,ELIGIBLE,R03b_20260811_FULL_v1,L1_ELIGIBILITY,v2026-08-11,2026-03-21..2026-08-06,baccarat_bet02_101_all_pairs_incl_sentinel,round_win = game_pnl > 0 (decisive only),COMPATIBILITY_ONLY_NOT_PRODUCTION,268817.8208,244366.2908,168.7661,6248,5610,-0.00062781,-0.08642944,0.00436428,-0.00062781,-168.7661,268817.8208,OK,0.0000,6.7506,4.0000,96.0000,AG03-UNRESOLVED,ALL5_LEVELS_bet23_to_bet27,6.7506,6.7506,6.7506,8.4383,8.4383,4.000000,4.000000,4.000000,5.000000,5.000000,96.000000,96.000000,96.000000,95.000000,95.000000,5.0,37.1285,34.0107,131.6376,134.7554,PENDING_AG03,FALSE,NOT_FOR_ENFORCEMENT,162.0155,234591.6392,168.7661,162.0155,6.7506,0.00062781,0.00060270,6.7506,162.0155,0.00060270,6.7506,6.7506,6.7506,8.4383,8.4383,162.0155,0.00060270,37.1285,34.0107,131.6376,134.7554,0.00048969,0.00050129,0.00002511,43.0246,43.5591,0.0301,2.0581,0.0627,3278.2661,68.4146,17.6798,46.9397,25.7155,39.4976,52.6635,77.1466,82.2897,128.5777,31.4111,0.0,2.083411,3.25533,1.089297,30,192,222,8,0.05498276,0.00062781,0.08642944,0E-8,0.000000,0.909041,0.000000,-0.09079372,2026-03-23,2026-08-06,82,2690,1181,137,0.598540,0.376650,0.410924,0.183276,,,,,,,,GLOBAL_BASELINE_NO_ENTITY_RANKING,,,NOT_APPLICABLE_GLOBAL_BASELINE,HF9g-P5,,,,X 全窗基线 · 不参与实体赏罚,6878159,688,A168_HF9F_20260827_0900,2026-08-27 09:00:00
2026-07-28,70460261,2212,0,38.7266671830,11.6180001549,11.6180001549,0.5000000,2,2,0.49994810000000000,0.499948100000,0.00014679536856514622,0.00014679536856514622,0.00014679536856514622,0E-17,ELIGIBLE,R03b_20260811_FULL_v1,L1_ELIGIBILITY,v2026-08-11,2026-03-21..2026-08-06,baccarat_bet02_101_all_pairs_incl_sentinel,round_win = game_pnl > 0 (decisive only),COMPATIBILITY_ONLY_NOT_PRODUCTION,268817.8208,244366.2908,168.7661,6248,5610,-0.00062781,-0.08642944,0.00436428,-0.00062781,-168.7661,268817.8208,OK,0.0000,6.7506,4.0000,96.0000,AG03-UNRESOLVED,ALL5_LEVELS_bet23_to_bet27,6.7506,6.7506,6.7506,8.4383,8.4383,4.000000,4.000000,4.000000,5.000000,5.000000,96.000000,96.000000,96.000000,95.000000,95.000000,5.0,37.1285,34.0107,131.6376,134.7554,PENDING_AG03,FALSE,NOT_FOR_ENFORCEMENT,162.0155,234591.6392,168.7661,162.0155,6.7506,0.00062781,0.00060270,6.7506,162.0155,0.00060270,6.7506,6.7506,6.7506,8.4383,8.4383,162.0155,0.00060270,37.1285,34.0107,131.6376,134.7554,0.00048969,0.00050129,0.00002511,43.0246,43.5591,0.0301,2.0581,0.0627,3278.2661,68.4146,17.6798,46.9397,25.7155,39.4976,52.6635,77.1466,82.2897,128.5777,31.4111,0.0,2.083411,3.25533,1.089297,30,192,222,8,0.05498276,0.00062781,0.08642944,0E-8,0.000000,0.909041,0.000000,-0.09079372,2026-03-23,2026-08-06,82,2690,1181,137,0.598540,0.376650,0.410924,0.183276,,,,,,,,GLOBAL_BASELINE_NO_ENTITY_RANKING,,,NOT_APPLICABLE_GLOBAL_BASELINE,HF9g-P5,,,,X 全窗基线 · 不参与实体赏罚,6878160,688,A168_HF9F_20260827_0900,2026-08-27 09:00:00
2026-07-28,70460261,2224,0,25.8177781220,-0.6454444530,-0.6454444530,0.5000000,2,2,0.50665070000000000,0.506650700000,-0.018812684590367487,-0.018812684590367487,-0.018812684590367487,0E-17,ELIGIBLE,R03b_20260811_FULL_v1,L1_ELIGIBILITY,v2026-08-11,2026-03-21..2026-08-06,baccarat_bet02_101_all_pairs_incl_sentinel,round_win = game_pnl > 0 (decisive only),COMPATIBILITY_ONLY_NOT_PRODUCTION,268817.8208,244366.2908,168.7661,6248,5610,-0.00062781,-0.08642944,0.00436428,-0.00062781,-168.7661,268817.8208,OK,0.0000,6.7506,4.0000,96.0000,AG03-UNRESOLVED,ALL5_LEVELS_bet23_to_bet27,6.7506,6.7506,6.7506,8.4383,8.4383,4.000000,4.000000,4.000000,5.000000,5.000000,96.000000,96.000000,96.000000,95.000000,95.000000,5.0,37.1285,34.0107,131.6376,134.7554,PENDING_AG03,FALSE,NOT_FOR_ENFORCEMENT,162.0155,234591.6392,168.7661,162.0155,6.7506,0.00062781,0.00060270,6.7506,162.0155,0.00060270,6.7506,6.7506,6.7506,8.4383,8.4383,162.0155,0.00060270,37.1285,34.0107,131.6376,134.7554,0.00048969,0.00050129,0.00002511,43.0246,43.5591,0.0301,2.0581,0.0627,3278.2661,68.4146,17.6798,46.9397,25.7155,39.4976,52.6635,77.1466,82.2897,128.5777,31.4111,0.0,2.083411,3.25533,1.089297,30,192,222,8,0.05498276,0.00062781,0.08642944,0E-8,0.000000,0.909041,0.000000,-0.09079372,2026-03-23,2026-08-06,82,2690,1181,137,0.598540,0.376650,0.410924,0.183276,,,,,,,,GLOBAL_BASELINE_NO_ENTITY_RANKING,,,NOT_APPLICABLE_GLOBAL_BASELINE,HF9g-P5,,,,X 全窗基线 · 不参与实体赏罚,6878161,688,A168_HF9F_20260827_0900,2026-08-27 09:00:00
2026-07-28,70460261,2229,0,25.8177781220,-25.8177781220,-25.8177781220,0E-7,1,1,0.49324550000000000,0.493245500000,-0.9865810262130424,-0.9865810262130424,-0.9865810262130424,0E-17,ELIGIBLE,R03b_20260811_FULL_v1,L1_ELIGIBILITY,v2026-08-11,2026-03-21..2026-08-06,baccarat_bet02_101_all_pairs_incl_sentinel,round_win = game_pnl > 0 (decisive only),COMPATIBILITY_ONLY_NOT_PRODUCTION,268817.8208,244366.2908,168.7661,6248,5610,-0.00062781,-0.08642944,0.00436428,-0.00062781,-168.7661,268817.8208,OK,0.0000,6.7506,4.0000,96.0000,AG03-UNRESOLVED,ALL5_LEVELS_bet23_to_bet27,6.7506,6.7506,6.7506,8.4383,8.4383,4.000000,4.000000,4.000000,5.000000,5.000000,96.000000,96.000000,96.000000,95.000000,95.000000,5.0,37.1285,34.0107,131.6376,134.7554,PENDING_AG03,FALSE,NOT_FOR_ENFORCEMENT,162.0155,234591.6392,168.7661,162.0155,6.7506,0.00062781,0.00060270,6.7506,162.0155,0.00060270,6.7506,6.7506,6.7506,8.4383,8.4383,162.0155,0.00060270,37.1285,34.0107,131.6376,134.7554,0.00048969,0.00050129,0.00002511,43.0246,43.5591,0.0301,2.0581,0.0627,3278.2661,68.4146,17.6798,46.9397,25.7155,39.4976,52.6635,77.1466,82.2897,128.5777,31.4111,0.0,2.083411,3.25533,1.089297,30,192,222,8,0.05498276,0.00062781,0.08642944,0E-8,0.000000,0.909041,0.000000,-0.09079372,2026-03-23,2026-08-06,82,2690,1181,137,0.598540,0.376650,0.410924,0.183276,,,,,,,,GLOBAL_BASELINE_NO_ENTITY_RANKING,,,NOT_APPLICABLE_GLOBAL_BASELINE,HF9g-P5,,,,X 全窗基线 · 不参与实体赏罚,6878162,688,A168_HF9F_20260827_0900,2026-08-27 09:00:00
2026-07-28,70460261,2250,0,18.0724446854,-18.0724446854,-18.0724446854,0E-7,1,1,0.49324550000000000,0.493245500000,-0.9865810262130424,-0.9865810262130424,-0.9865810262130424,0E-17,ELIGIBLE,R03b_20260811_FULL_v1,L1_ELIGIBILITY,v2026-08-11,2026-03-21..2026-08-06,baccarat_bet02_101_all_pairs_incl_sentinel,round_win = game_pnl > 0 (decisive only),COMPATIBILITY_ONLY_NOT_PRODUCTION,268817.8208,244366.2908,168.7661,6248,5610,-0.00062781,-0.08642944,0.00436428,-0.00062781,-168.7661,268817.8208,OK,0.0000,6.7506,4.0000,96.0000,AG03-UNRESOLVED,ALL5_LEVELS_bet23_to_bet27,6.7506,6.7506,6.7506,8.4383,8.4383,4.000000,4.000000,4.000000,5.000000,5.000000,96.000000,96.000000,96.000000,95.000000,95.000000,5.0,37.1285,34.0107,131.6376,134.7554,PENDING_AG03,FALSE,NOT_FOR_ENFORCEMENT,162.0155,234591.6392,168.7661,162.0155,6.7506,0.00062781,0.00060270,6.7506,162.0155,0.00060270,6.7506,6.7506,6.7506,8.4383,8.4383,162.0155,0.00060270,37.1285,34.0107,131.6376,134.7554,0.00048969,0.00050129,0.00002511,43.0246,43.5591,0.0301,2.0581,0.0627,3278.2661,68.4146,17.6798,46.9397,25.7155,39.4976,52.6635,77.1466,82.2897,128.5777,31.4111,0.0,2.083411,3.25533,1.089297,30,192,222,8,0.05498276,0.00062781,0.08642944,0E-8,0.000000,0.909041,0.000000,-0.09079372,2026-03-23,2026-08-06,82,2690,1181,137,0.598540,0.376650,0.410924,0.183276,,,,,,,,GLOBAL_BASELINE_NO_ENTITY_RANKING,,,NOT_APPLICABLE_GLOBAL_BASELINE,HF9g-P5,,,,X 全窗基线 · 不参与实体赏罚,6878163,688,A168_HF9F_20260827_0900,2026-08-27 09:00:00
2026-07-28,70460261,2254,0,12.9088890610,12.9088890610,12.9088890610,1.0000000,1,1,0.49324550000000000,0.493245500000,1.01360149184955,1.01360149184955,1.01360149184955,0E-17,ELIGIBLE,R03b_20260811_FULL_v1,L1_ELIGIBILITY,v2026-08-11,2026-03-21..2026-08-06,baccarat_bet02_101_all_pairs_incl_sentinel,round_win = game_pnl > 0 (decisive only),COMPATIBILITY_ONLY_NOT_PRODUCTION,268817.8208,244366.2908,168.7661,6248,5610,-0.00062781,-0.08642944,0.00436428,-0.00062781,-168.7661,268817.8208,OK,0.0000,6.7506,4.0000,96.0000,AG03-UNRESOLVED,ALL5_LEVELS_bet23_to_bet27,6.7506,6.7506,6.7506,8.4383,8.4383,4.000000,4.000000,4.000000,5.000000,5.000000,96.000000,96.000000,96.000000,95.000000,95.000000,5.0,37.1285,34.0107,131.6376,134.7554,PENDING_AG03,FALSE,NOT_FOR_ENFORCEMENT,162.0155,234591.6392,168.7661,162.0155,6.7506,0.00062781,0.00060270,6.7506,162.0155,0.00060270,6.7506,6.7506,6.7506,8.4383,8.4383,162.0155,0.00060270,37.1285,34.0107,131.6376,134.7554,0.00048969,0.00050129,0.00002511,43.0246,43.5591,0.0301,2.0581,0.0627,3278.2661,68.4146,17.6798,46.9397,25.7155,39.4976,52.6635,77.1466,82.2897,128.5777,31.4111,0.0,2.083411,3.25533,1.089297,30,192,222,8,0.05498276,0.00062781,0.08642944,0E-8,0.000000,0.909041,0.000000,-0.09079372,2026-03-23,2026-08-06,82,2690,1181,137,0.598540,0.376650,0.410924,0.183276,,,,,,,,GLOBAL_BASELINE_NO_ENTITY_RANKING,,,NOT_APPLICABLE_GLOBAL_BASELINE,HF9g-P5,,,,X 全窗基线 · 不参与实体赏罚,6878164,688,A168_HF9F_20260827_0900,2026-08-27 09:00:00
2026-07-28,70460261,2288,0,12.9088890610,12.2634446080,12.2634446080,1.0000000,1,1,0.50665070000000000,0.506650700000,0.9867858985152569,0.9867858985152569,0.9867858985152569,0E-17,ELIGIBLE,R03b_20260811_FULL_v1,L1_ELIGIBILITY,v2026-08-11,2026-03-21..2026-08-06,baccarat_bet02_101_all_pairs_incl_sentinel,round_win = game_pnl > 0 (decisive only),COMPATIBILITY_ONLY_NOT_PRODUCTION,268817.8208,244366.2908,168.7661,6248,5610,-0.00062781,-0.08642944,0.00436428,-0.00062781,-168.7661,268817.8208,OK,0.0000,6.7506,4.0000,96.0000,AG03-UNRESOLVED,ALL5_LEVELS_bet23_to_bet27,6.7506,6.7506,6.7506,8.4383,8.4383,4.000000,4.000000,4.000000,5.000000,5.000000,96.000000,96.000000,96.000000,95.000000,95.000000,5.0,37.1285,34.0107,131.6376,134.7554,PENDING_AG03,FALSE,NOT_FOR_ENFORCEMENT,162.0155,234591.6392,168.7661,162.0155,6.7506,0.00062781,0.00060270,6.7506,162.0155,0.00060270,6.7506,6.7506,6.7506,8.4383,8.4383,162.0155,0.00060270,37.1285,34.0107,131.6376,134.7554,0.00048969,0.00050129,0.00002511,43.0246,43.5591,0.0301,2.0581,0.0627,3278.2661,68.4146,17.6798,46.9397,25.7155,39.4976,52.6635,77.1466,82.2897,128.5777,31.4111,0.0,2.083411,3.25533,1.089297,30,192,222,8,0.05498276,0.00062781,0.08642944,0E-8,0.000000,0.909041,0.000000,-0.09079372,2026-03-23,2026-08-06,82,2690,1181,137,0.598540,0.376650,0.410924,0.183276,,,,,,,,GLOBAL_BASELINE_NO_ENTITY_RANKING,,,NOT_APPLICABLE_GLOBAL_BASELINE,HF9g-P5,,,,X 全窗基线 · 不参与实体赏罚,6878165,688,A168_HF9F_20260827_0900,2026-08-27 09:00:00
2026-07-28,70460261,550,0,111.0164459246,26.4632225750,26.4632225750,0.6000000,6,6,0.50441650000000000,0.504416500000,0.42747908374280613,0.42747908374280613,0.42747908374280613,0E-17,ELIGIBLE,R03b_20260811_FULL_v1,L1_ELIGIBILITY,v2026-08-11,2026-03-21..2026-08-06,baccarat_bet02_101_all_pairs_incl_sentinel,round_win = game_pnl > 0 (decisive only),COMPATIBILITY_ONLY_NOT_PRODUCTION,268817.8208,244366.2908,168.7661,6248,5610,-0.00062781,-0.08642944,0.00436428,-0.00062781,-168.7661,268817.8208,OK,0.0000,6.7506,4.0000,96.0000,AG03-UNRESOLVED,ALL5_LEVELS_bet23_to_bet27,6.7506,6.7506,6.7506,8.4383,8.4383,4.000000,4.000000,4.000000,5.000000,5.000000,96.000000,96.000000,96.000000,95.000000,95.000000,5.0,37.1285,34.0107,131.6376,134.7554,PENDING_AG03,FALSE,NOT_FOR_ENFORCEMENT,162.0155,234591.6392,168.7661,162.0155,6.7506,0.00062781,0.00060270,6.7506,162.0155,0.00060270,6.7506,6.7506,6.7506,8.4383,8.4383,162.0155,0.00060270,37.1285,34.0107,131.6376,134.7554,0.00048969,0.00050129,0.00002511,43.0246,43.5591,0.0301,2.0581,0.0627,3278.2661,68.4146,17.6798,46.9397,25.7155,39.4976,52.6635,77.1466,82.2897,128.5777,31.4111,0.0,2.083411,3.25533,1.089297,30,192,222,8,0.05498276,0.00062781,0.08642944,0E-8,0.000000,0.909041,0.000000,-0.09079372,2026-03-23,2026-08-06,82,2690,1181,137,0.598540,0.376650,0.410924,0.183276,,,,,,,,GLOBAL_BASELINE_NO_ENTITY_RANKING,,,NOT_APPLICABLE_GLOBAL_BASELINE,HF9g-P5,,,,X 全窗基线 · 不参与实体赏罚,6878166,688,A168_HF9F_20260827_0900,2026-08-27 09:00:00
2026-07-28,70460261,576,0,54.2173340562,-24.0105336535,-24.0105336535,0.3333333,3,3,0.50218230000000000,0.502182300000,-0.5849155494134425,-0.5849155494134426,-0.5849155494134425,0E-17,ELIGIBLE,R03b_20260811_FULL_v1,L1_ELIGIBILITY,v2026-08-11,2026-03-21..2026-08-06,baccarat_bet02_101_all_pairs_incl_sentinel,round_win = game_pnl > 0 (decisive only),COMPATIBILITY_ONLY_NOT_PRODUCTION,268817.8208,244366.2908,168.7661,6248,5610,-0.00062781,-0.08642944,0.00436428,-0.00062781,-168.7661,268817.8208,OK,0.0000,6.7506,4.0000,96.0000,AG03-UNRESOLVED,ALL5_LEVELS_bet23_to_bet27,6.7506,6.7506,6.7506,8.4383,8.4383,4.000000,4.000000,4.000000,5.000000,5.000000,96.000000,96.000000,96.000000,95.000000,95.000000,5.0,37.1285,34.0107,131.6376,134.7554,PENDING_AG03,FALSE,NOT_FOR_ENFORCEMENT,162.0155,234591.6392,168.7661,162.0155,6.7506,0.00062781,0.00060270,6.7506,162.0155,0.00060270,6.7506,6.7506,6.7506,8.4383,8.4383,162.0155,0.00060270,37.1285,34.0107,131.6376,134.7554,0.00048969,0.00050129,0.00002511,43.0246,43.5591,0.0301,2.0581,0.0627,3278.2661,68.4146,17.6798,46.9397,25.7155,39.4976,52.6635,77.1466,82.2897,128.5777,31.4111,0.0,2.083411,3.25533,1.089297,30,192,222,8,0.05498276,0.00062781,0.08642944,0E-8,0.000000,0.909041,0.000000,-0.09079372,2026-03-23,2026-08-06,82,2690,1181,137,0.598540,0.376650,0.410924,0.183276,,,,,,,,GLOBAL_BASELINE_NO_ENTITY_RANKING,,,NOT_APPLICABLE_GLOBAL_BASELINE,HF9g-P5,,,,X 全窗基线 · 不参与实体赏罚,6878167,688,A168_HF9F_20260827_0900,2026-08-27 09:00:00
2026-07-28,70460261,595,0,12.9088890610,-12.9088890610,-12.9088890610,0E-7,1,1,0.49324550000000000,0.493245500000,-0.9865810262130424,-0.9865810262130424,-0.9865810262130424,0E-17,ELIGIBLE,R03b_20260811_FULL_v1,L1_ELIGIBILITY,v2026-08-11,2026-03-21..2026-08-06,baccarat_bet02_101_all_pairs_incl_sentinel,round_win = game_pnl > 0 (decisive only),COMPATIBILITY_ONLY_NOT_PRODUCTION,268817.8208,244366.2908,168.7661,6248,5610,-0.00062781,-0.08642944,0.00436428,-0.00062781,-168.7661,268817.8208,OK,0.0000,6.7506,4.0000,96.0000,AG03-UNRESOLVED,ALL5_LEVELS_bet23_to_bet27,6.7506,6.7506,6.7506,8.4383,8.4383,4.000000,4.000000,4.000000,5.000000,5.000000,96.000000,96.000000,96.000000,95.000000,95.000000,5.0,37.1285,34.0107,131.6376,134.7554,PENDING_AG03,FALSE,NOT_FOR_ENFORCEMENT,162.0155,234591.6392,168.7661,162.0155,6.7506,0.00062781,0.00060270,6.7506,162.0155,0.00060270,6.7506,6.7506,6.7506,8.4383,8.4383,162.0155,0.00060270,37.1285,34.0107,131.6376,134.7554,0.00048969,0.00050129,0.00002511,43.0246,43.5591,0.0301,2.0581,0.0627,3278.2661,68.4146,17.6798,46.9397,25.7155,39.4976,52.6635,77.1466,82.2897,128.5777,31.4111,0.0,2.083411,3.25533,1.089297,30,192,222,8,0.05498276,0.00062781,0.08642944,0E-8,0.000000,0.909041,0.000000,-0.09079372,2026-03-23,2026-08-06,82,2690,1181,137,0.598540,0.376650,0.410924,0.183276,,,,,,,,GLOBAL_BASELINE_NO_ENTITY_RANKING,,,NOT_APPLICABLE_GLOBAL_BASELINE,HF9g-P5,,,,X 全窗基线 · 不参与实体赏罚,6878168,688,A168_HF9F_20260827_0900,2026-08-27 09:00:00
2026-07-28,70460261,763,0,36.1448893708,-10.3271112488,-10.3271112488,0.5000000,2,2,0.49994810000000000,0.499948100000,0.00014679536856514622,0.00014679536856514622,0.00014679536856514622,0E-17,ELIGIBLE,R03b_20260811_FULL_v1,L1_ELIGIBILITY,v2026-08-11,2026-03-21..2026-08-06,baccarat_bet02_101_all_pairs_incl_sentinel,round_win = game_pnl > 0 (decisive only),COMPATIBILITY_ONLY_NOT_PRODUCTION,268817.8208,244366.2908,168.7661,6248,5610,-0.00062781,-0.08642944,0.00436428,-0.00062781,-168.7661,268817.8208,OK,0.0000,6.7506,4.0000,96.0000,AG03-UNRESOLVED,ALL5_LEVELS_bet23_to_bet27,6.7506,6.7506,6.7506,8.4383,8.4383,4.000000,4.000000,4.000000,5.000000,5.000000,96.000000,96.000000,96.000000,95.000000,95.000000,5.0,37.1285,34.0107,131.6376,134.7554,PENDING_AG03,FALSE,NOT_FOR_ENFORCEMENT,162.0155,234591.6392,168.7661,162.0155,6.7506,0.00062781,0.00060270,6.7506,162.0155,0.00060270,6.7506,6.7506,6.7506,8.4383,8.4383,162.0155,0.00060270,37.1285,34.0107,131.6376,134.7554,0.00048969,0.00050129,0.00002511,43.0246,43.5591,0.0301,2.0581,0.0627,3278.2661,68.4146,17.6798,46.9397,25.7155,39.4976,52.6635,77.1466,82.2897,128.5777,31.4111,0.0,2.083411,3.25533,1.089297,30,192,222,8,0.05498276,0.00062781,0.08642944,0E-8,0.000000,0.909041,0.000000,-0.09079372,2026-03-23,2026-08-06,82,2690,1181,137,0.598540,0.376650,0.410924,0.183276,,,,,,,,GLOBAL_BASELINE_NO_ENTITY_RANKING,,,NOT_APPLICABLE_GLOBAL_BASELINE,HF9g-P5,,,,X 全窗基线 · 不参与实体赏罚,6878169,688,A168_HF9F_20260827_0900,2026-08-27 09:00:00
2026-07-28,70460261,772,0,90.3622234270,23.2360003099,23.2360003099,0.6000000,6,6,0.50665070000000000,0.506650700000,0.4175076967804994,0.4175076967804994,0.4175076967804994,0E-17,ELIGIBLE,R03b_20260811_FULL_v1,L1_ELIGIBILITY,v2026-08-11,2026-03-21..2026-08-06,baccarat_bet02_101_all_pairs_incl_sentinel,round_win = game_pnl > 0 (decisive only),COMPATIBILITY_ONLY_NOT_PRODUCTION,268817.8208,244366.2908,168.7661,6248,5610,-0.00062781,-0.08642944,0.00436428,-0.00062781,-168.7661,268817.8208,OK,0.0000,6.7506,4.0000,96.0000,AG03-UNRESOLVED,ALL5_LEVELS_bet23_to_bet27,6.7506,6.7506,6.7506,8.4383,8.4383,4.000000,4.000000,4.000000,5.000000,5.000000,96.000000,96.000000,96.000000,95.000000,95.000000,5.0,37.1285,34.0107,131.6376,134.7554,PENDING_AG03,FALSE,NOT_FOR_ENFORCEMENT,162.0155,234591.6392,168.7661,162.0155,6.7506,0.00062781,0.00060270,6.7506,162.0155,0.00060270,6.7506,6.7506,6.7506,8.4383,8.4383,162.0155,0.00060270,37.1285,34.0107,131.6376,134.7554,0.00048969,0.00050129,0.00002511,43.0246,43.5591,0.0301,2.0581,0.0627,3278.2661,68.4146,17.6798,46.9397,25.7155,39.4976,52.6635,77.1466,82.2897,128.5777,31.4111,0.0,2.083411,3.25533,1.089297,30,192,222,8,0.05498276,0.00062781,0.08642944,0E-8,0.000000,0.909041,0.000000,-0.09079372,2026-03-23,2026-08-06,82,2690,1181,137,0.598540,0.376650,0.410924,0.183276,,,,,,,,GLOBAL_BASELINE_NO_ENTITY_RANKING,,,NOT_APPLICABLE_GLOBAL_BASELINE,HF9g-P5,,,,X 全窗基线 · 不参与实体赏罚,6878170,688,A168_HF9F_20260827_0900,2026-08-27 09:00:00
2026-07-29,70460261,-1,1,22.7196447474,-22.7196447474,-22.7196447474,0E-7,1,1,0.50665070000000000,0.506650700000,-1.013391052207602,-1.013391052207602,-1.013391052207602,0E-17,SENTINEL_DEALER,R03b_20260811_FULL_v1,L1_ELIGIBILITY,v2026-08-11,2026-03-21..2026-08-06,baccarat_bet02_101_all_pairs_incl_sentinel,round_win = game_pnl > 0 (decisive only),COMPATIBILITY_ONLY_NOT_PRODUCTION,268817.8208,244366.2908,168.7661,6248,5610,-0.00062781,-0.08642944,0.00436428,-0.00062781,-168.7661,268817.8208,OK,0.0000,6.7506,4.0000,96.0000,AG03-UNRESOLVED,ALL5_LEVELS_bet23_to_bet27,6.7506,6.7506,6.7506,8.4383,8.4383,4.000000,4.000000,4.000000,5.000000,5.000000,96.000000,96.000000,96.000000,95.000000,95.000000,5.0,37.1285,34.0107,131.6376,134.7554,PENDING_AG03,FALSE,NOT_FOR_ENFORCEMENT,162.0155,234591.6392,168.7661,162.0155,6.7506,0.00062781,0.00060270,6.7506,162.0155,0.00060270,6.7506,6.7506,6.7506,8.4383,8.4383,162.0155,0.00060270,37.1285,34.0107,131.6376,134.7554,0.00048969,0.00050129,0.00002511,43.0246,43.5591,0.0301,2.0581,0.0627,3278.2661,68.4146,17.6798,46.9397,25.7155,39.4976,52.6635,77.1466,82.2897,128.5777,31.4111,0.0,2.083411,3.25533,1.089297,30,192,222,8,0.05498276,0.00062781,0.08642944,0E-8,0.000000,0.909041,0.000000,-0.09079372,2026-03-23,2026-08-06,82,2690,1181,137,0.598540,0.376650,0.410924,0.183276,,,,,,,,GLOBAL_BASELINE_NO_ENTITY_RANKING,,,NOT_APPLICABLE_GLOBAL_BASELINE,HF9g-P5,,,,X 全窗基线 · 不参与实体赏罚,6878171,688,A168_HF9F_20260827_0900,2026-08-27 09:00:00
2026-08-01,70460261,-1,1,133.5627873528,39.8119846917,39.8119846917,0.7500000,6,6,0.49994810000000000,0.499948100000,1.0002076053883384,1.0002076053883384,1.0002076053883384,0E-17,SENTINEL_DEALER,R03b_20260811_FULL_v1,L1_ELIGIBILITY,v2026-08-11,2026-03-21..2026-08-06,baccarat_bet02_101_all_pairs_incl_sentinel,round_win = game_pnl > 0 (decisive only),COMPATIBILITY_ONLY_NOT_PRODUCTION,268817.8208,244366.2908,168.7661,6248,5610,-0.00062781,-0.08642944,0.00436428,-0.00062781,-168.7661,268817.8208,OK,0.0000,6.7506,4.0000,96.0000,AG03-UNRESOLVED,ALL5_LEVELS_bet23_to_bet27,6.7506,6.7506,6.7506,8.4383,8.4383,4.000000,4.000000,4.000000,5.000000,5.000000,96.000000,96.000000,96.000000,95.000000,95.000000,5.0,37.1285,34.0107,131.6376,134.7554,PENDING_AG03,FALSE,NOT_FOR_ENFORCEMENT,162.0155,234591.6392,168.7661,162.0155,6.7506,0.00062781,0.00060270,6.7506,162.0155,0.00060270,6.7506,6.7506,6.7506,8.4383,8.4383,162.0155,0.00060270,37.1285,34.0107,131.6376,134.7554,0.00048969,0.00050129,0.00002511,43.0246,43.5591,0.0301,2.0581,0.0627,3278.2661,68.4146,17.6798,46.9397,25.7155,39.4976,52.6635,77.1466,82.2897,128.5777,31.4111,0.0,2.083411,3.25533,1.089297,30,192,222,8,0.05498276,0.00062781,0.08642944,0E-8,0.000000,0.909041,0.000000,-0.09079372,2026-03-23,2026-08-06,82,2690,1181,137,0.598540,0.376650,0.410924,0.183276,,,,,,,,GLOBAL_BASELINE_NO_ENTITY_RANKING,,,NOT_APPLICABLE_GLOBAL_BASELINE,HF9g-P5,,,,X 全窗基线 · 不参与实体赏罚,6878172,688,A168_HF9F_20260827_0900,2026-08-27 09:00:00
2026-08-01,70460261,1382,0,25.6851514140,0E-10,0E-10,,1,1,0.50665070000000000,0.506650700000,,,,0E-17,NO_DECISIVE_ROUND,R03b_20260811_FULL_v1,L1_ELIGIBILITY,v2026-08-11,2026-03-21..2026-08-06,baccarat_bet02_101_all_pairs_incl_sentinel,round_win = game_pnl > 0 (decisive only),COMPATIBILITY_ONLY_NOT_PRODUCTION,268817.8208,244366.2908,168.7661,6248,5610,-0.00062781,-0.08642944,0.00436428,-0.00062781,-168.7661,268817.8208,OK,0.0000,6.7506,4.0000,96.0000,AG03-UNRESOLVED,ALL5_LEVELS_bet23_to_bet27,6.7506,6.7506,6.7506,8.4383,8.4383,4.000000,4.000000,4.000000,5.000000,5.000000,96.000000,96.000000,96.000000,95.000000,95.000000,5.0,37.1285,34.0107,131.6376,134.7554,PENDING_AG03,FALSE,NOT_FOR_ENFORCEMENT,162.0155,234591.6392,168.7661,162.0155,6.7506,0.00062781,0.00060270,6.7506,162.0155,0.00060270,6.7506,6.7506,6.7506,8.4383,8.4383,162.0155,0.00060270,37.1285,34.0107,131.6376,134.7554,0.00048969,0.00050129,0.00002511,43.0246,43.5591,0.0301,2.0581,0.0627,3278.2661,68.4146,17.6798,46.9397,25.7155,39.4976,52.6635,77.1466,82.2897,128.5777,31.4111,0.0,2.083411,3.25533,1.089297,30,192,222,8,0.05498276,0.00062781,0.08642944,0E-8,0.000000,0.909041,0.000000,-0.09079372,2026-03-23,2026-08-06,82,2690,1181,137,0.598540,0.376650,0.410924,0.183276,,,,,,,,GLOBAL_BASELINE_NO_ENTITY_RANKING,,,NOT_APPLICABLE_GLOBAL_BASELINE,HF9g-P5,,,,X 全窗基线 · 不参与实体赏罚,6878173,688,A168_HF9F_20260827_0900,2026-08-27 09:00:00
2026-08-01,70460261,1383,0,25.6851514140,24.4008938432,24.4008938432,1.0000000,2,2,0.50665070000000000,0.506650700000,1.3955260008387969,1.3955260008387969,1.3955260008387969,0E-17,ELIGIBLE,R03b_20260811_FULL_v1,L1_ELIGIBILITY,v2026-08-11,2026-03-21..2026-08-06,baccarat_bet02_101_all_pairs_incl_sentinel,round_win = game_pnl > 0 (decisive only),COMPATIBILITY_ONLY_NOT_PRODUCTION,268817.8208,244366.2908,168.7661,6248,5610,-0.00062781,-0.08642944,0.00436428,-0.00062781,-168.7661,268817.8208,OK,0.0000,6.7506,4.0000,96.0000,AG03-UNRESOLVED,ALL5_LEVELS_bet23_to_bet27,6.7506,6.7506,6.7506,8.4383,8.4383,4.000000,4.000000,4.000000,5.000000,5.000000,96.000000,96.000000,96.000000,95.000000,95.000000,5.0,37.1285,34.0107,131.6376,134.7554,PENDING_AG03,FALSE,NOT_FOR_ENFORCEMENT,162.0155,234591.6392,168.7661,162.0155,6.7506,0.00062781,0.00060270,6.7506,162.0155,0.00060270,6.7506,6.7506,6.7506,8.4383,8.4383,162.0155,0.00060270,37.1285,34.0107,131.6376,134.7554,0.00048969,0.00050129,0.00002511,43.0246,43.5591,0.0301,2.0581,0.0627,3278.2661,68.4146,17.6798,46.9397,25.7155,39.4976,52.6635,77.1466,82.2897,128.5777,31.4111,0.0,2.083411,3.25533,1.089297,30,192,222,8,0.05498276,0.00062781,0.08642944,0E-8,0.000000,0.909041,0.000000,-0.09079372,2026-03-23,2026-08-06,82,2690,1181,137,0.598540,0.376650,0.410924,0.183276,,,,,,,,GLOBAL_BASELINE_NO_ENTITY_RANKING,,,NOT_APPLICABLE_GLOBAL_BASELINE,HF9g-P5,,,,X 全窗基线 · 不参与实体赏罚,6878174,688,A168_HF9F_20260827_0900,2026-08-27 09:00:00
2026-08-01,70460261,1942,0,12.8425757070,12.2004469216,12.2004469216,1.0000000,1,1,0.50665070000000000,0.506650700000,0.9867858985152569,0.9867858985152569,0.9867858985152569,0E-17,ELIGIBLE,R03b_20260811_FULL_v1,L1_ELIGIBILITY,v2026-08-11,2026-03-21..2026-08-06,baccarat_bet02_101_all_pairs_incl_sentinel,round_win = game_pnl > 0 (decisive only),COMPATIBILITY_ONLY_NOT_PRODUCTION,268817.8208,244366.2908,168.7661,6248,5610,-0.00062781,-0.08642944,0.00436428,-0.00062781,-168.7661,268817.8208,OK,0.0000,6.7506,4.0000,96.0000,AG03-UNRESOLVED,ALL5_LEVELS_bet23_to_bet27,6.7506,6.7506,6.7506,8.4383,8.4383,4.000000,4.000000,4.000000,5.000000,5.000000,96.000000,96.000000,96.000000,95.000000,95.000000,5.0,37.1285,34.0107,131.6376,134.7554,PENDING_AG03,FALSE,NOT_FOR_ENFORCEMENT,162.0155,234591.6392,168.7661,162.0155,6.7506,0.00062781,0.00060270,6.7506,162.0155,0.00060270,6.7506,6.7506,6.7506,8.4383,8.4383,162.0155,0.00060270,37.1285,34.0107,131.6376,134.7554,0.00048969,0.00050129,0.00002511,43.0246,43.5591,0.0301,2.0581,0.0627,3278.2661,68.4146,17.6798,46.9397,25.7155,39.4976,52.6635,77.1466,82.2897,128.5777,31.4111,0.0,2.083411,3.25533,1.089297,30,192,222,8,0.05498276,0.00062781,0.08642944,0E-8,0.000000,0.909041,0.000000,-0.09079372,2026-03-23,2026-08-06,82,2690,1181,137,0.598540,0.376650,0.410924,0.183276,,,,,,,,GLOBAL_BASELINE_NO_ENTITY_RANKING,,,NOT_APPLICABLE_GLOBAL_BASELINE,HF9g-P5,,,,X 全窗基线 · 不参与实体赏罚,6878175,688,A168_HF9F_20260827_0900,2026-08-27 09:00:00
2026-08-01,70460261,2123,0,125.8572419286,24.4008938433,24.4008938433,0.6000000,5,5,0.50665070000000000,0.506650700000,0.4175076967804994,0.4175076967804994,0.4175076967804994,0E-17,ELIGIBLE,R03b_20260811_FULL_v1,L1_ELIGIBILITY,v2026-08-11,2026-03-21..2026-08-06,baccarat_bet02_101_all_pairs_incl_sentinel,round_win = game_pnl > 0 (decisive only),COMPATIBILITY_ONLY_NOT_PRODUCTION,268817.8208,244366.2908,168.7661,6248,5610,-0.00062781,-0.08642944,0.00436428,-0.00062781,-168.7661,268817.8208,OK,0.0000,6.7506,4.0000,96.0000,AG03-UNRESOLVED,ALL5_LEVELS_bet23_to_bet27,6.7506,6.7506,6.7506,8.4383,8.4383,4.000000,4.000000,4.000000,5.000000,5.000000,96.000000,96.000000,96.000000,95.000000,95.000000,5.0,37.1285,34.0107,131.6376,134.7554,PENDING_AG03,FALSE,NOT_FOR_ENFORCEMENT,162.0155,234591.6392,168.7661,162.0155,6.7506,0.00062781,0.00060270,6.7506,162.0155,0.00060270,6.7506,6.7506,6.7506,8.4383,8.4383,162.0155,0.00060270,37.1285,34.0107,131.6376,134.7554,0.00048969,0.00050129,0.00002511,43.0246,43.5591,0.0301,2.0581,0.0627,3278.2661,68.4146,17.6798,46.9397,25.7155,39.4976,52.6635,77.1466,82.2897,128.5777,31.4111,0.0,2.083411,3.25533,1.089297,30,192,222,8,0.05498276,0.00062781,0.08642944,0E-8,0.000000,0.909041,0.000000,-0.09079372,2026-03-23,2026-08-06,82,2690,1181,137,0.598540,0.376650,0.410924,0.183276,,,,,,,,GLOBAL_BASELINE_NO_ENTITY_RANKING,,,NOT_APPLICABLE_GLOBAL_BASELINE,HF9g-P5,,,,X 全窗基线 · 不参与实体赏罚,6878176,688,A168_HF9F_20260827_0900,2026-08-27 09:00:00
2026-08-01,70460261,2130,0,12.8425757070,-12.8425757070,-12.8425757070,0E-7,1,1,0.49324550000000000,0.493245500000,-0.9865810262130424,-0.9865810262130424,-0.9865810262130424,0E-17,ELIGIBLE,R03b_20260811_FULL_v1,L1_ELIGIBILITY,v2026-08-11,2026-03-21..2026-08-06,baccarat_bet02_101_all_pairs_incl_sentinel,round_win = game_pnl > 0 (decisive only),COMPATIBILITY_ONLY_NOT_PRODUCTION,268817.8208,244366.2908,168.7661,6248,5610,-0.00062781,-0.08642944,0.00436428,-0.00062781,-168.7661,268817.8208,OK,0.0000,6.7506,4.0000,96.0000,AG03-UNRESOLVED,ALL5_LEVELS_bet23_to_bet27,6.7506,6.7506,6.7506,8.4383,8.4383,4.000000,4.000000,4.000000,5.000000,5.000000,96.000000,96.000000,96.000000,95.000000,95.000000,5.0,37.1285,34.0107,131.6376,134.7554,PENDING_AG03,FALSE,NOT_FOR_ENFORCEMENT,162.0155,234591.6392,168.7661,162.0155,6.7506,0.00062781,0.00060270,6.7506,162.0155,0.00060270,6.7506,6.7506,6.7506,8.4383,8.4383,162.0155,0.00060270,37.1285,34.0107,131.6376,134.7554,0.00048969,0.00050129,0.00002511,43.0246,43.5591,0.0301,2.0581,0.0627,3278.2661,68.4146,17.6798,46.9397,25.7155,39.4976,52.6635,77.1466,82.2897,128.5777,31.4111,0.0,2.083411,3.25533,1.089297,30,192,222,8,0.05498276,0.00062781,0.08642944,0E-8,0.000000,0.909041,0.000000,-0.09079372,2026-03-23,2026-08-06,82,2690,1181,137,0.598540,0.376650,0.410924,0.183276,,,,,,,,GLOBAL_BASELINE_NO_ENTITY_RANKING,,,NOT_APPLICABLE_GLOBAL_BASELINE,HF9g-P5,,,,X 全窗基线 · 不参与实体赏罚,6878177,688,A168_HF9F_20260827_0900,2026-08-27 09:00:00
2026-08-01,70460261,2223,0,12.8425757070,-12.8425757070,-12.8425757070,0E-7,1,1,0.50665070000000000,0.506650700000,-1.013391052207602,-1.013391052207602,-1.013391052207602,0E-17,ELIGIBLE,R03b_20260811_FULL_v1,L1_ELIGIBILITY,v2026-08-11,2026-03-21..2026-08-06,baccarat_bet02_101_all_pairs_incl_sentinel,round_win = game_pnl > 0 (decisive only),COMPATIBILITY_ONLY_NOT_PRODUCTION,268817.8208,244366.2908,168.7661,6248,5610,-0.00062781,-0.08642944,0.00436428,-0.00062781,-168.7661,268817.8208,OK,0.0000,6.7506,4.0000,96.0000,AG03-UNRESOLVED,ALL5_LEVELS_bet23_to_bet27,6.7506,6.7506,6.7506,8.4383,8.4383,4.000000,4.000000,4.000000,5.000000,5.000000,96.000000,96.000000,96.000000,95.000000,95.000000,5.0,37.1285,34.0107,131.6376,134.7554,PENDING_AG03,FALSE,NOT_FOR_ENFORCEMENT,162.0155,234591.6392,168.7661,162.0155,6.7506,0.00062781,0.00060270,6.7506,162.0155,0.00060270,6.7506,6.7506,6.7506,8.4383,8.4383,162.0155,0.00060270,37.1285,34.0107,131.6376,134.7554,0.00048969,0.00050129,0.00002511,43.0246,43.5591,0.0301,2.0581,0.0627,3278.2661,68.4146,17.6798,46.9397,25.7155,39.4976,52.6635,77.1466,82.2897,128.5777,31.4111,0.0,2.083411,3.25533,1.089297,30,192,222,8,0.05498276,0.00062781,0.08642944,0E-8,0.000000,0.909041,0.000000,-0.09079372,2026-03-23,2026-08-06,82,2690,1181,137,0.598540,0.376650,0.410924,0.183276,,,,,,,,GLOBAL_BASELINE_NO_ENTITY_RANKING,,,NOT_APPLICABLE_GLOBAL_BASELINE,HF9g-P5,,,,X 全窗基线 · 不参与实体赏罚,6878178,688,A168_HF9F_20260827_0900,2026-08-27 09:00:00
2026-08-01,70460261,2252,0,20.5481211312,19.5207150746,19.5207150746,1.0000000,1,1,0.50665070000000000,0.506650700000,0.9867858985152569,0.9867858985152569,0.9867858985152569,0E-17,ELIGIBLE,R03b_20260811_FULL_v1,L1_ELIGIBILITY,v2026-08-11,2026-03-21..2026-08-06,baccarat_bet02_101_all_pairs_incl_sentinel,round_win = game_pnl > 0 (decisive only),COMPATIBILITY_ONLY_NOT_PRODUCTION,268817.8208,244366.2908,168.7661,6248,5610,-0.00062781,-0.08642944,0.00436428,-0.00062781,-168.7661,268817.8208,OK,0.0000,6.7506,4.0000,96.0000,AG03-UNRESOLVED,ALL5_LEVELS_bet23_to_bet27,6.7506,6.7506,6.7506,8.4383,8.4383,4.000000,4.000000,4.000000,5.000000,5.000000,96.000000,96.000000,96.000000,95.000000,95.000000,5.0,37.1285,34.0107,131.6376,134.7554,PENDING_AG03,FALSE,NOT_FOR_ENFORCEMENT,162.0155,234591.6392,168.7661,162.0155,6.7506,0.00062781,0.00060270,6.7506,162.0155,0.00060270,6.7506,6.7506,6.7506,8.4383,8.4383,162.0155,0.00060270,37.1285,34.0107,131.6376,134.7554,0.00048969,0.00050129,0.00002511,43.0246,43.5591,0.0301,2.0581,0.0627,3278.2661,68.4146,17.6798,46.9397,25.7155,39.4976,52.6635,77.1466,82.2897,128.5777,31.4111,0.0,2.083411,3.25533,1.089297,30,192,222,8,0.05498276,0.00062781,0.08642944,0E-8,0.000000,0.909041,0.000000,-0.09079372,2026-03-23,2026-08-06,82,2690,1181,137,0.598540,0.376650,0.410924,0.183276,,,,,,,,GLOBAL_BASELINE_NO_ENTITY_RANKING,,,NOT_APPLICABLE_GLOBAL_BASELINE,HF9g-P5,,,,X 全窗基线 · 不参与实体赏罚,6878179,688,A168_HF9F_20260827_0900,2026-08-27 09:00:00
2026-08-01,70460261,2287,0,53.9388179694,-3.8527727121,-3.8527727121,0.5000000,3,2,0.46546076363636364,0.393378375000,0.09792563489713751,0.3086711997975373,0.09792563489713751,0.07208238863636364,ELIGIBLE,R03b_20260811_FULL_v1,L1_ELIGIBILITY,v2026-08-11,2026-03-21..2026-08-06,baccarat_bet02_101_all_pairs_incl_sentinel,round_win = game_pnl > 0 (decisive only),COMPATIBILITY_ONLY_NOT_PRODUCTION,268817.8208,244366.2908,168.7661,6248,5610,-0.00062781,-0.08642944,0.00436428,-0.00062781,-168.7661,268817.8208,OK,0.0000,6.7506,4.0000,96.0000,AG03-UNRESOLVED,ALL5_LEVELS_bet23_to_bet27,6.7506,6.7506,6.7506,8.4383,8.4383,4.000000,4.000000,4.000000,5.000000,5.000000,96.000000,96.000000,96.000000,95.000000,95.000000,5.0,37.1285,34.0107,131.6376,134.7554,PENDING_AG03,FALSE,NOT_FOR_ENFORCEMENT,162.0155,234591.6392,168.7661,162.0155,6.7506,0.00062781,0.00060270,6.7506,162.0155,0.00060270,6.7506,6.7506,6.7506,8.4383,8.4383,162.0155,0.00060270,37.1285,34.0107,131.6376,134.7554,0.00048969,0.00050129,0.00002511,43.0246,43.5591,0.0301,2.0581,0.0627,3278.2661,68.4146,17.6798,46.9397,25.7155,39.4976,52.6635,77.1466,82.2897,128.5777,31.4111,0.0,2.083411,3.25533,1.089297,30,192,222,8,0.05498276,0.00062781,0.08642944,0E-8,0.000000,0.909041,0.000000,-0.09079372,2026-03-23,2026-08-06,82,2690,1181,137,0.598540,0.376650,0.410924,0.183276,,,,,,,,GLOBAL_BASELINE_NO_ENTITY_RANKING,,,NOT_APPLICABLE_GLOBAL_BASELINE,HF9g-P5,,,,X 全窗基线 · 不参与实体赏罚,6878180,688,A168_HF9F_20260827_0900,2026-08-27 09:00:00
2026-08-01,70460261,789,0,82.1924845248,39.1698559063,39.1698559063,0.7500000,4,4,0.50329940000000000,0.503299400000,0.9868238854431842,0.9868238854431842,0.9868238854431842,0E-17,ELIGIBLE,R03b_20260811_FULL_v1,L1_ELIGIBILITY,v2026-08-11,2026-03-21..2026-08-06,baccarat_bet02_101_all_pairs_incl_sentinel,round_win = game_pnl > 0 (decisive only),COMPATIBILITY_ONLY_NOT_PRODUCTION,268817.8208,244366.2908,168.7661,6248,5610,-0.00062781,-0.08642944,0.00436428,-0.00062781,-168.7661,268817.8208,OK,0.0000,6.7506,4.0000,96.0000,AG03-UNRESOLVED,ALL5_LEVELS_bet23_to_bet27,6.7506,6.7506,6.7506,8.4383,8.4383,4.000000,4.000000,4.000000,5.000000,5.000000,96.000000,96.000000,96.000000,95.000000,95.000000,5.0,37.1285,34.0107,131.6376,134.7554,PENDING_AG03,FALSE,NOT_FOR_ENFORCEMENT,162.0155,234591.6392,168.7661,162.0155,6.7506,0.00062781,0.00060270,6.7506,162.0155,0.00060270,6.7506,6.7506,6.7506,8.4383,8.4383,162.0155,0.00060270,37.1285,34.0107,131.6376,134.7554,0.00048969,0.00050129,0.00002511,43.0246,43.5591,0.0301,2.0581,0.0627,3278.2661,68.4146,17.6798,46.9397,25.7155,39.4976,52.6635,77.1466,82.2897,128.5777,31.4111,0.0,2.083411,3.25533,1.089297,30,192,222,8,0.05498276,0.00062781,0.08642944,0E-8,0.000000,0.909041,0.000000,-0.09079372,2026-03-23,2026-08-06,82,2690,1181,137,0.598540,0.376650,0.410924,0.183276,,,,,,,,GLOBAL_BASELINE_NO_ENTITY_RANKING,,,NOT_APPLICABLE_GLOBAL_BASELINE,HF9g-P5,,,,X 全窗基线 · 不参与实体赏罚,6878181,688,A168_HF9F_20260827_0900,2026-08-27 09:00:00
2026-08-04,70460261,-1,1,38.5277271210,-38.5277271210,-38.5277271210,0E-7,1,1,0.49324550000000000,0.493245500000,-0.9865810262130424,-0.9865810262130424,-0.9865810262130424,0E-17,SENTINEL_DEALER,R03b_20260811_FULL_v1,L1_ELIGIBILITY,v2026-08-11,2026-03-21..2026-08-06,baccarat_bet02_101_all_pairs_incl_sentinel,round_win = game_pnl > 0 (decisive only),COMPATIBILITY_ONLY_NOT_PRODUCTION,268817.8208,244366.2908,168.7661,6248,5610,-0.00062781,-0.08642944,0.00436428,-0.00062781,-168.7661,268817.8208,OK,0.0000,6.7506,4.0000,96.0000,AG03-UNRESOLVED,ALL5_LEVELS_bet23_to_bet27,6.7506,6.7506,6.7506,8.4383,8.4383,4.000000,4.000000,4.000000,5.000000,5.000000,96.000000,96.000000,96.000000,95.000000,95.000000,5.0,37.1285,34.0107,131.6376,134.7554,PENDING_AG03,FALSE,NOT_FOR_ENFORCEMENT,162.0155,234591.6392,168.7661,162.0155,6.7506,0.00062781,0.00060270,6.7506,162.0155,0.00060270,6.7506,6.7506,6.7506,8.4383,8.4383,162.0155,0.00060270,37.1285,34.0107,131.6376,134.7554,0.00048969,0.00050129,0.00002511,43.0246,43.5591,0.0301,2.0581,0.0627,3278.2661,68.4146,17.6798,46.9397,25.7155,39.4976,52.6635,77.1466,82.2897,128.5777,31.4111,0.0,2.083411,3.25533,1.089297,30,192,222,8,0.05498276,0.00062781,0.08642944,0E-8,0.000000,0.909041,0.000000,-0.09079372,2026-03-23,2026-08-06,82,2690,1181,137,0.598540,0.376650,0.410924,0.183276,,,,,,,,GLOBAL_BASELINE_NO_ENTITY_RANKING,,,NOT_APPLICABLE_GLOBAL_BASELINE,HF9g-P5,,,,X 全窗基线 · 不参与实体赏罚,6878182,688,A168_HF9F_20260827_0900,2026-08-27 09:00:00
2026-08-04,70460261,2252,0,51.3703028280,-12.8425757070,-12.8425757070,0E-7,2,1,0.39337837500000000,0.280106050000,-0.8052788575962098,-0.6237735893609975,-0.8052788575962098,0.11327232500000000,ELIGIBLE,R03b_20260811_FULL_v1,L1_ELIGIBILITY,v2026-08-11,2026-03-21..2026-08-06,baccarat_bet02_101_all_pairs_incl_sentinel,round_win = game_pnl > 0 (decisive only),COMPATIBILITY_ONLY_NOT_PRODUCTION,268817.8208,244366.2908,168.7661,6248,5610,-0.00062781,-0.08642944,0.00436428,-0.00062781,-168.7661,268817.8208,OK,0.0000,6.7506,4.0000,96.0000,AG03-UNRESOLVED,ALL5_LEVELS_bet23_to_bet27,6.7506,6.7506,6.7506,8.4383,8.4383,4.000000,4.000000,4.000000,5.000000,5.000000,96.000000,96.000000,96.000000,95.000000,95.000000,5.0,37.1285,34.0107,131.6376,134.7554,PENDING_AG03,FALSE,NOT_FOR_ENFORCEMENT,162.0155,234591.6392,168.7661,162.0155,6.7506,0.00062781,0.00060270,6.7506,162.0155,0.00060270,6.7506,6.7506,6.7506,8.4383,8.4383,162.0155,0.00060270,37.1285,34.0107,131.6376,134.7554,0.00048969,0.00050129,0.00002511,43.0246,43.5591,0.0301,2.0581,0.0627,3278.2661,68.4146,17.6798,46.9397,25.7155,39.4976,52.6635,77.1466,82.2897,128.5777,31.4111,0.0,2.083411,3.25533,1.089297,30,192,222,8,0.05498276,0.00062781,0.08642944,0E-8,0.000000,0.909041,0.000000,-0.09079372,2026-03-23,2026-08-06,82,2690,1181,137,0.598540,0.376650,0.410924,0.183276,,,,,,,,GLOBAL_BASELINE_NO_ENTITY_RANKING,,,NOT_APPLICABLE_GLOBAL_BASELINE,HF9g-P5,,,,X 全窗基线 · 不参与实体赏罚,6878183,688,A168_HF9F_20260827_0900,2026-08-27 09:00:00
2026-08-05,70460261,-1,1,51.3703028280,-0.6421287854,-0.6421287854,0.5000000,3,3,0.50665070000000000,0.506650700000,-0.018812684590367487,-0.018812684590367487,-0.018812684590367487,0E-17,SENTINEL_DEALER,R03b_20260811_FULL_v1,L1_ELIGIBILITY,v2026-08-11,2026-03-21..2026-08-06,baccarat_bet02_101_all_pairs_incl_sentinel,round_win = game_pnl > 0 (decisive only),COMPATIBILITY_ONLY_NOT_PRODUCTION,268817.8208,244366.2908,168.7661,6248,5610,-0.00062781,-0.08642944,0.00436428,-0.00062781,-168.7661,268817.8208,OK,0.0000,6.7506,4.0000,96.0000,AG03-UNRESOLVED,ALL5_LEVELS_bet23_to_bet27,6.7506,6.7506,6.7506,8.4383,8.4383,4.000000,4.000000,4.000000,5.000000,5.000000,96.000000,96.000000,96.000000,95.000000,95.000000,5.0,37.1285,34.0107,131.6376,134.7554,PENDING_AG03,FALSE,NOT_FOR_ENFORCEMENT,162.0155,234591.6392,168.7661,162.0155,6.7506,0.00062781,0.00060270,6.7506,162.0155,0.00060270,6.7506,6.7506,6.7506,8.4383,8.4383,162.0155,0.00060270,37.1285,34.0107,131.6376,134.7554,0.00048969,0.00050129,0.00002511,43.0246,43.5591,0.0301,2.0581,0.0627,3278.2661,68.4146,17.6798,46.9397,25.7155,39.4976,52.6635,77.1466,82.2897,128.5777,31.4111,0.0,2.083411,3.25533,1.089297,30,192,222,8,0.05498276,0.00062781,0.08642944,0E-8,0.000000,0.909041,0.000000,-0.09079372,2026-03-23,2026-08-06,82,2690,1181,137,0.598540,0.376650,0.410924,0.183276,,,,,,,,GLOBAL_BASELINE_NO_ENTITY_RANKING,,,NOT_APPLICABLE_GLOBAL_BASELINE,HF9g-P5,,,,X 全窗基线 · 不参与实体赏罚,6878184,688,A168_HF9F_20260827_0900,2026-08-27 09:00:00
2026-08-05,70460261,1302,0,12.8425757070,-12.8425757070,-12.8425757070,0E-7,1,1,0.50665070000000000,0.506650700000,-1.013391052207602,-1.013391052207602,-1.013391052207602,0E-17,ELIGIBLE,R03b_20260811_FULL_v1,L1_ELIGIBILITY,v2026-08-11,2026-03-21..2026-08-06,baccarat_bet02_101_all_pairs_incl_sentinel,round_win = game_pnl > 0 (decisive only),COMPATIBILITY_ONLY_NOT_PRODUCTION,268817.8208,244366.2908,168.7661,6248,5610,-0.00062781,-0.08642944,0.00436428,-0.00062781,-168.7661,268817.8208,OK,0.0000,6.7506,4.0000,96.0000,AG03-UNRESOLVED,ALL5_LEVELS_bet23_to_bet27,6.7506,6.7506,6.7506,8.4383,8.4383,4.000000,4.000000,4.000000,5.000000,5.000000,96.000000,96.000000,96.000000,95.000000,95.000000,5.0,37.1285,34.0107,131.6376,134.7554,PENDING_AG03,FALSE,NOT_FOR_ENFORCEMENT,162.0155,234591.6392,168.7661,162.0155,6.7506,0.00062781,0.00060270,6.7506,162.0155,0.00060270,6.7506,6.7506,6.7506,8.4383,8.4383,162.0155,0.00060270,37.1285,34.0107,131.6376,134.7554,0.00048969,0.00050129,0.00002511,43.0246,43.5591,0.0301,2.0581,0.0627,3278.2661,68.4146,17.6798,46.9397,25.7155,39.4976,52.6635,77.1466,82.2897,128.5777,31.4111,0.0,2.083411,3.25533,1.089297,30,192,222,8,0.05498276,0.00062781,0.08642944,0E-8,0.000000,0.909041,0.000000,-0.09079372,2026-03-23,2026-08-06,82,2690,1181,137,0.598540,0.376650,0.410924,0.183276,,,,,,,,GLOBAL_BASELINE_NO_ENTITY_RANKING,,,NOT_APPLICABLE_GLOBAL_BASELINE,HF9g-P5,,,,X 全窗基线 · 不参与实体赏罚,6878185,688,A168_HF9F_20260827_0900,2026-08-27 09:00:00
2026-08-05,70460261,1654,0,25.6851514140,-25.6851514140,-25.6851514140,0E-7,1,1,0.50665070000000000,0.506650700000,-1.013391052207602,-1.013391052207602,-1.013391052207602,0E-17,ELIGIBLE,R03b_20260811_FULL_v1,L1_ELIGIBILITY,v2026-08-11,2026-03-21..2026-08-06,baccarat_bet02_101_all_pairs_incl_sentinel,round_win = game_pnl > 0 (decisive only),COMPATIBILITY_ONLY_NOT_PRODUCTION,268817.8208,244366.2908,168.7661,6248,5610,-0.00062781,-0.08642944,0.00436428,-0.00062781,-168.7661,268817.8208,OK,0.0000,6.7506,4.0000,96.0000,AG03-UNRESOLVED,ALL5_LEVELS_bet23_to_bet27,6.7506,6.7506,6.7506,8.4383,8.4383,4.000000,4.000000,4.000000,5.000000,5.000000,96.000000,96.000000,96.000000,95.000000,95.000000,5.0,37.1285,34.0107,131.6376,134.7554,PENDING_AG03,FALSE,NOT_FOR_ENFORCEMENT,162.0155,234591.6392,168.7661,162.0155,6.7506,0.00062781,0.00060270,6.7506,162.0155,0.00060270,6.7506,6.7506,6.7506,8.4383,8.4383,162.0155,0.00060270,37.1285,34.0107,131.6376,134.7554,0.00048969,0.00050129,0.00002511,43.0246,43.5591,0.0301,2.0581,0.0627,3278.2661,68.4146,17.6798,46.9397,25.7155,39.4976,52.6635,77.1466,82.2897,128.5777,31.4111,0.0,2.083411,3.25533,1.089297,30,192,222,8,0.05498276,0.00062781,0.08642944,0E-8,0.000000,0.909041,0.000000,-0.09079372,2026-03-23,2026-08-06,82,2690,1181,137,0.598540,0.376650,0.410924,0.183276,,,,,,,,GLOBAL_BASELINE_NO_ENTITY_RANKING,,,NOT_APPLICABLE_GLOBAL_BASELINE,HF9g-P5,,,,X 全窗基线 · 不参与实体赏罚,6878186,688,A168_HF9F_20260827_0900,2026-08-27 09:00:00
2026-08-05,70460261,2145,0,25.6851514140,-25.6851514140,-25.6851514140,0E-7,1,1,0.50665070000000000,0.506650700000,-1.013391052207602,-1.013391052207602,-1.013391052207602,0E-17,ELIGIBLE,R03b_20260811_FULL_v1,L1_ELIGIBILITY,v2026-08-11,2026-03-21..2026-08-06,baccarat_bet02_101_all_pairs_incl_sentinel,round_win = game_pnl > 0 (decisive only),COMPATIBILITY_ONLY_NOT_PRODUCTION,268817.8208,244366.2908,168.7661,6248,5610,-0.00062781,-0.08642944,0.00436428,-0.00062781,-168.7661,268817.8208,OK,0.0000,6.7506,4.0000,96.0000,AG03-UNRESOLVED,ALL5_LEVELS_bet23_to_bet27,6.7506,6.7506,6.7506,8.4383,8.4383,4.000000,4.000000,4.000000,5.000000,5.000000,96.000000,96.000000,96.000000,95.000000,95.000000,5.0,37.1285,34.0107,131.6376,134.7554,PENDING_AG03,FALSE,NOT_FOR_ENFORCEMENT,162.0155,234591.6392,168.7661,162.0155,6.7506,0.00062781,0.00060270,6.7506,162.0155,0.00060270,6.7506,6.7506,6.7506,8.4383,8.4383,162.0155,0.00060270,37.1285,34.0107,131.6376,134.7554,0.00048969,0.00050129,0.00002511,43.0246,43.5591,0.0301,2.0581,0.0627,3278.2661,68.4146,17.6798,46.9397,25.7155,39.4976,52.6635,77.1466,82.2897,128.5777,31.4111,0.0,2.083411,3.25533,1.089297,30,192,222,8,0.05498276,0.00062781,0.08642944,0E-8,0.000000,0.909041,0.000000,-0.09079372,2026-03-23,2026-08-06,82,2690,1181,137,0.598540,0.376650,0.410924,0.183276,,,,,,,,GLOBAL_BASELINE_NO_ENTITY_RANKING,,,NOT_APPLICABLE_GLOBAL_BASELINE,HF9g-P5,,,,X 全窗基线 · 不参与实体赏罚,6878187,688,A168_HF9F_20260827_0900,2026-08-27 09:00:00
2026-08-06,70460261,-1,1,115.5831813630,10.9161893509,10.9161893509,0.6000000,7,7,0.50090561428571429,0.500905614286,0.44316429220312403,0.4431642922018467,0.44316429220312403,-2.8571E-13,SENTINEL_DEALER,R03b_20260811_FULL_v1,L1_ELIGIBILITY,v2026-08-11,2026-03-21..2026-08-06,baccarat_bet02_101_all_pairs_incl_sentinel,round_win = game_pnl > 0 (decisive only),COMPATIBILITY_ONLY_NOT_PRODUCTION,268817.8208,244366.2908,168.7661,6248,5610,-0.00062781,-0.08642944,0.00436428,-0.00062781,-168.7661,268817.8208,OK,0.0000,6.7506,4.0000,96.0000,AG03-UNRESOLVED,ALL5_LEVELS_bet23_to_bet27,6.7506,6.7506,6.7506,8.4383,8.4383,4.000000,4.000000,4.000000,5.000000,5.000000,96.000000,96.000000,96.000000,95.000000,95.000000,5.0,37.1285,34.0107,131.6376,134.7554,PENDING_AG03,FALSE,NOT_FOR_ENFORCEMENT,162.0155,234591.6392,168.7661,162.0155,6.7506,0.00062781,0.00060270,6.7506,162.0155,0.00060270,6.7506,6.7506,6.7506,8.4383,8.4383,162.0155,0.00060270,37.1285,34.0107,131.6376,134.7554,0.00048969,0.00050129,0.00002511,43.0246,43.5591,0.0301,2.0581,0.0627,3278.2661,68.4146,17.6798,46.9397,25.7155,39.4976,52.6635,77.1466,82.2897,128.5777,31.4111,0.0,2.083411,3.25533,1.089297,30,192,222,8,0.05498276,0.00062781,0.08642944,0E-8,0.000000,0.909041,0.000000,-0.09079372,2026-03-23,2026-08-06,82,2690,1181,137,0.598540,0.376650,0.410924,0.183276,,,,,,,,GLOBAL_BASELINE_NO_ENTITY_RANKING,,,NOT_APPLICABLE_GLOBAL_BASELINE,HF9g-P5,,,,X 全窗基线 · 不参与实体赏罚,6878188,688,A168_HF9F_20260827_0900,2026-08-27 09:00:00
2026-08-06,70460261,1017,0,23.1166362726,-23.1166362726,-23.1166362726,0E-7,1,1,0.50665070000000000,0.506650700000,-1.013391052207602,-1.013391052207602,-1.013391052207602,0E-17,ELIGIBLE,R03b_20260811_FULL_v1,L1_ELIGIBILITY,v2026-08-11,2026-03-21..2026-08-06,baccarat_bet02_101_all_pairs_incl_sentinel,round_win = game_pnl > 0 (decisive only),COMPATIBILITY_ONLY_NOT_PRODUCTION,268817.8208,244366.2908,168.7661,6248,5610,-0.00062781,-0.08642944,0.00436428,-0.00062781,-168.7661,268817.8208,OK,0.0000,6.7506,4.0000,96.0000,AG03-UNRESOLVED,ALL5_LEVELS_bet23_to_bet27,6.7506,6.7506,6.7506,8.4383,8.4383,4.000000,4.000000,4.000000,5.000000,5.000000,96.000000,96.000000,96.000000,95.000000,95.000000,5.0,37.1285,34.0107,131.6376,134.7554,PENDING_AG03,FALSE,NOT_FOR_ENFORCEMENT,162.0155,234591.6392,168.7661,162.0155,6.7506,0.00062781,0.00060270,6.7506,162.0155,0.00060270,6.7506,6.7506,6.7506,8.4383,8.4383,162.0155,0.00060270,37.1285,34.0107,131.6376,134.7554,0.00048969,0.00050129,0.00002511,43.0246,43.5591,0.0301,2.0581,0.0627,3278.2661,68.4146,17.6798,46.9397,25.7155,39.4976,52.6635,77.1466,82.2897,128.5777,31.4111,0.0,2.083411,3.25533,1.089297,30,192,222,8,0.05498276,0.00062781,0.08642944,0E-8,0.000000,0.909041,0.000000,-0.09079372,2026-03-23,2026-08-06,82,2690,1181,137,0.598540,0.376650,0.410924,0.183276,,,,,,,,GLOBAL_BASELINE_NO_ENTITY_RANKING,,,NOT_APPLICABLE_GLOBAL_BASELINE,HF9g-P5,,,,X 全窗基线 · 不参与实体赏罚,6878189,688,A168_HF9F_20260827_0900,2026-08-27 09:00:00
2026-08-06,70460261,1115,0,23.1166362726,-23.1166362726,-23.1166362726,0E-7,1,1,0.49324550000000000,0.493245500000,-0.9865810262130424,-0.9865810262130424,-0.9865810262130424,0E-17,ELIGIBLE,R03b_20260811_FULL_v1,L1_ELIGIBILITY,v2026-08-11,2026-03-21..2026-08-06,baccarat_bet02_101_all_pairs_incl_sentinel,round_win = game_pnl > 0 (decisive only),COMPATIBILITY_ONLY_NOT_PRODUCTION,268817.8208,244366.2908,168.7661,6248,5610,-0.00062781,-0.08642944,0.00436428,-0.00062781,-168.7661,268817.8208,OK,0.0000,6.7506,4.0000,96.0000,AG03-UNRESOLVED,ALL5_LEVELS_bet23_to_bet27,6.7506,6.7506,6.7506,8.4383,8.4383,4.000000,4.000000,4.000000,5.000000,5.000000,96.000000,96.000000,96.000000,95.000000,95.000000,5.0,37.1285,34.0107,131.6376,134.7554,PENDING_AG03,FALSE,NOT_FOR_ENFORCEMENT,162.0155,234591.6392,168.7661,162.0155,6.7506,0.00062781,0.00060270,6.7506,162.0155,0.00060270,6.7506,6.7506,6.7506,8.4383,8.4383,162.0155,0.00060270,37.1285,34.0107,131.6376,134.7554,0.00048969,0.00050129,0.00002511,43.0246,43.5591,0.0301,2.0581,0.0627,3278.2661,68.4146,17.6798,46.9397,25.7155,39.4976,52.6635,77.1466,82.2897,128.5777,31.4111,0.0,2.083411,3.25533,1.089297,30,192,222,8,0.05498276,0.00062781,0.08642944,0E-8,0.000000,0.909041,0.000000,-0.09079372,2026-03-23,2026-08-06,82,2690,1181,137,0.598540,0.376650,0.410924,0.183276,,,,,,,,GLOBAL_BASELINE_NO_ENTITY_RANKING,,,NOT_APPLICABLE_GLOBAL_BASELINE,HF9g-P5,,,,X 全窗基线 · 不参与实体赏罚,6878190,688,A168_HF9F_20260827_0900,2026-08-27 09:00:00
2026-08-06,70460261,1402,0,25.6851514140,-25.6851514140,-25.6851514140,0E-7,1,1,0.50665070000000000,0.506650700000,-1.013391052207602,-1.013391052207602,-1.013391052207602,0E-17,ELIGIBLE,R03b_20260811_FULL_v1,L1_ELIGIBILITY,v2026-08-11,2026-03-21..2026-08-06,baccarat_bet02_101_all_pairs_incl_sentinel,round_win = game_pnl > 0 (decisive only),COMPATIBILITY_ONLY_NOT_PRODUCTION,268817.8208,244366.2908,168.7661,6248,5610,-0.00062781,-0.08642944,0.00436428,-0.00062781,-168.7661,268817.8208,OK,0.0000,6.7506,4.0000,96.0000,AG03-UNRESOLVED,ALL5_LEVELS_bet23_to_bet27,6.7506,6.7506,6.7506,8.4383,8.4383,4.000000,4.000000,4.000000,5.000000,5.000000,96.000000,96.000000,96.000000,95.000000,95.000000,5.0,37.1285,34.0107,131.6376,134.7554,PENDING_AG03,FALSE,NOT_FOR_ENFORCEMENT,162.0155,234591.6392,168.7661,162.0155,6.7506,0.00062781,0.00060270,6.7506,162.0155,0.00060270,6.7506,6.7506,6.7506,8.4383,8.4383,162.0155,0.00060270,37.1285,34.0107,131.6376,134.7554,0.00048969,0.00050129,0.00002511,43.0246,43.5591,0.0301,2.0581,0.0627,3278.2661,68.4146,17.6798,46.9397,25.7155,39.4976,52.6635,77.1466,82.2897,128.5777,31.4111,0.0,2.083411,3.25533,1.089297,30,192,222,8,0.05498276,0.00062781,0.08642944,0E-8,0.000000,0.909041,0.000000,-0.09079372,2026-03-23,2026-08-06,82,2690,1181,137,0.598540,0.376650,0.410924,0.183276,,,,,,,,GLOBAL_BASELINE_NO_ENTITY_RANKING,,,NOT_APPLICABLE_GLOBAL_BASELINE,HF9g-P5,,,,X 全窗基线 · 不参与实体赏罚,6878191,688,A168_HF9F_20260827_0900,2026-08-27 09:00:00
2026-08-06,70460261,2175,0,25.6851514140,24.4008938432,24.4008938432,1.0000000,2,2,0.50665070000000000,0.506650700000,1.3955260008387969,1.3955260008387969,1.3955260008387969,0E-17,ELIGIBLE,R03b_20260811_FULL_v1,L1_ELIGIBILITY,v2026-08-11,2026-03-21..2026-08-06,baccarat_bet02_101_all_pairs_incl_sentinel,round_win = game_pnl > 0 (decisive only),COMPATIBILITY_ONLY_NOT_PRODUCTION,268817.8208,244366.2908,168.7661,6248,5610,-0.00062781,-0.08642944,0.00436428,-0.00062781,-168.7661,268817.8208,OK,0.0000,6.7506,4.0000,96.0000,AG03-UNRESOLVED,ALL5_LEVELS_bet23_to_bet27,6.7506,6.7506,6.7506,8.4383,8.4383,4.000000,4.000000,4.000000,5.000000,5.000000,96.000000,96.000000,96.000000,95.000000,95.000000,5.0,37.1285,34.0107,131.6376,134.7554,PENDING_AG03,FALSE,NOT_FOR_ENFORCEMENT,162.0155,234591.6392,168.7661,162.0155,6.7506,0.00062781,0.00060270,6.7506,162.0155,0.00060270,6.7506,6.7506,6.7506,8.4383,8.4383,162.0155,0.00060270,37.1285,34.0107,131.6376,134.7554,0.00048969,0.00050129,0.00002511,43.0246,43.5591,0.0301,2.0581,0.0627,3278.2661,68.4146,17.6798,46.9397,25.7155,39.4976,52.6635,77.1466,82.2897,128.5777,31.4111,0.0,2.083411,3.25533,1.089297,30,192,222,8,0.05498276,0.00062781,0.08642944,0E-8,0.000000,0.909041,0.000000,-0.09079372,2026-03-23,2026-08-06,82,2690,1181,137,0.598540,0.376650,0.410924,0.183276,,,,,,,,GLOBAL_BASELINE_NO_ENTITY_RANKING,,,NOT_APPLICABLE_GLOBAL_BASELINE,HF9g-P5,,,,X 全窗基线 · 不参与实体赏罚,6878192,688,A168_HF9F_20260827_0900,2026-08-27 09:00:00
2026-08-06,70460261,2234,0,64.2128785350,-12.8425757070,-12.8425757070,0.5000000,2,2,0.49994810000000000,0.499948100000,0.00014679536856514622,0.00014679536856514622,0.00014679536856514622,0E-17,ELIGIBLE,R03b_20260811_FULL_v1,L1_ELIGIBILITY,v2026-08-11,2026-03-21..2026-08-06,baccarat_bet02_101_all_pairs_incl_sentinel,round_win = game_pnl > 0 (decisive only),COMPATIBILITY_ONLY_NOT_PRODUCTION,268817.8208,244366.2908,168.7661,6248,5610,-0.00062781,-0.08642944,0.00436428,-0.00062781,-168.7661,268817.8208,OK,0.0000,6.7506,4.0000,96.0000,AG03-UNRESOLVED,ALL5_LEVELS_bet23_to_bet27,6.7506,6.7506,6.7506,8.4383,8.4383,4.000000,4.000000,4.000000,5.000000,5.000000,96.000000,96.000000,96.000000,95.000000,95.000000,5.0,37.1285,34.0107,131.6376,134.7554,PENDING_AG03,FALSE,NOT_FOR_ENFORCEMENT,162.0155,234591.6392,168.7661,162.0155,6.7506,0.00062781,0.00060270,6.7506,162.0155,0.00060270,6.7506,6.7506,6.7506,8.4383,8.4383,162.0155,0.00060270,37.1285,34.0107,131.6376,134.7554,0.00048969,0.00050129,0.00002511,43.0246,43.5591,0.0301,2.0581,0.0627,3278.2661,68.4146,17.6798,46.9397,25.7155,39.4976,52.6635,77.1466,82.2897,128.5777,31.4111,0.0,2.083411,3.25533,1.089297,30,192,222,8,0.05498276,0.00062781,0.08642944,0E-8,0.000000,0.909041,0.000000,-0.09079372,2026-03-23,2026-08-06,82,2690,1181,137,0.598540,0.376650,0.410924,0.183276,,,,,,,,GLOBAL_BASELINE_NO_ENTITY_RANKING,,,NOT_APPLICABLE_GLOBAL_BASELINE,HF9g-P5,,,,X 全窗基线 · 不参与实体赏罚,6878193,688,A168_HF9F_20260827_0900,2026-08-27 09:00:00
2026-08-06,70460261,2266,0,25.6851514140,24.4008938433,24.4008938433,1.0000000,1,1,0.50665070000000000,0.506650700000,0.9867858985152569,0.9867858985152569,0.9867858985152569,0E-17,ELIGIBLE,R03b_20260811_FULL_v1,L1_ELIGIBILITY,v2026-08-11,2026-03-21..2026-08-06,baccarat_bet02_101_all_pairs_incl_sentinel,round_win = game_pnl > 0 (decisive only),COMPATIBILITY_ONLY_NOT_PRODUCTION,268817.8208,244366.2908,168.7661,6248,5610,-0.00062781,-0.08642944,0.00436428,-0.00062781,-168.7661,268817.8208,OK,0.0000,6.7506,4.0000,96.0000,AG03-UNRESOLVED,ALL5_LEVELS_bet23_to_bet27,6.7506,6.7506,6.7506,8.4383,8.4383,4.000000,4.000000,4.000000,5.000000,5.000000,96.000000,96.000000,96.000000,95.000000,95.000000,5.0,37.1285,34.0107,131.6376,134.7554,PENDING_AG03,FALSE,NOT_FOR_ENFORCEMENT,162.0155,234591.6392,168.7661,162.0155,6.7506,0.00062781,0.00060270,6.7506,162.0155,0.00060270,6.7506,6.7506,6.7506,8.4383,8.4383,162.0155,0.00060270,37.1285,34.0107,131.6376,134.7554,0.00048969,0.00050129,0.00002511,43.0246,43.5591,0.0301,2.0581,0.0627,3278.2661,68.4146,17.6798,46.9397,25.7155,39.4976,52.6635,77.1466,82.2897,128.5777,31.4111,0.0,2.083411,3.25533,1.089297,30,192,222,8,0.05498276,0.00062781,0.08642944,0E-8,0.000000,0.909041,0.000000,-0.09079372,2026-03-23,2026-08-06,82,2690,1181,137,0.598540,0.376650,0.410924,0.183276,,,,,,,,GLOBAL_BASELINE_NO_ENTITY_RANKING,,,NOT_APPLICABLE_GLOBAL_BASELINE,HF9g-P5,,,,X 全窗基线 · 不参与实体赏罚,6878194,688,A168_HF9F_20260827_0900,2026-08-27 09:00:00
2026-06-10,150985972,-1,1,29.0800324038,-4.5697193778,-4.5697193778,0.5000000,8,6,0.45195473333333333,0.427958050000,0.19307449994006481,0.29120640039908635,0.19307449994006481,0.02399668333333333,SENTINEL_DEALER,R03b_20260811_FULL_v1,L1_ELIGIBILITY,v2026-08-11,2026-03-21..2026-08-06,baccarat_bet02_101_all_pairs_incl_sentinel,round_win = game_pnl > 0 (decisive only),COMPATIBILITY_ONLY_NOT_PRODUCTION,6102.0294,5526.6602,168.7680,582,561,-0.02765769,,-0.02765769,-0.02765769,-168.7680,6102.0294,OK,0.0000,6.7507,4.0000,96.0000,AG03-UNRESOLVED,ALL5_LEVELS_bet23_to_bet27,6.7507,6.7507,6.7507,0.0000,0.0000,4.000000,4.000000,4.000000,0.000000,0.000000,96.000000,96.000000,96.000000,100.000000,100.000000,5.0,20.2522,19.4529,148.5159,149.3152,PENDING_AG03,FALSE,NOT_FOR_ENFORCEMENT,162.0173,5305.5938,168.7680,162.0173,6.7507,0.02765769,0.02655138,6.7507,162.0173,0.02655138,6.7507,6.7507,6.7507,0.0000,0.0000,162.0173,0.02655138,20.2522,19.4529,148.5159,149.3152,0.02433877,0.02446976,0.00110631,10.4846,9.8514,0.3008,56.2560,2.5964,2034.0098,187.0000,,10.4846,4.1543,10.3857,20.7715,20.7715,20.7715,20.7715,10.3857,0.0,2.0,2.0,1.009519,22,55,10,6,0E-8,0.02765769,,0E-8,0.000000,0.905709,0.010309,,2026-06-10,2026-06-30,3,65,33,21,0.142857,,,0.000000,,,,,,,,GLOBAL_BASELINE_NO_ENTITY_RANKING,,,NOT_APPLICABLE_GLOBAL_BASELINE,HF9g-P5,,,,X 全窗基线 · 不参与实体赏罚,6878195,688,A168_HF9F_20260827_0900,2026-08-27 09:00:00
2026-06-10,150985972,1947,0,4.1542903434,-4.1542903434,-4.1542903434,0E-7,1,1,0.50665070000000000,0.506650700000,-1.013391052207602,-1.013391052207602,-1.013391052207602,0E-17,ELIGIBLE,R03b_20260811_FULL_v1,L1_ELIGIBILITY,v2026-08-11,2026-03-21..2026-08-06,baccarat_bet02_101_all_pairs_incl_sentinel,round_win = game_pnl > 0 (decisive only),COMPATIBILITY_ONLY_NOT_PRODUCTION,6102.0294,5526.6602,168.7680,582,561,-0.02765769,,-0.02765769,-0.02765769,-168.7680,6102.0294,OK,0.0000,6.7507,4.0000,96.0000,AG03-UNRESOLVED,ALL5_LEVELS_bet23_to_bet27,6.7507,6.7507,6.7507,0.0000,0.0000,4.000000,4.000000,4.000000,0.000000,0.000000,96.000000,96.000000,96.000000,100.000000,100.000000,5.0,20.2522,19.4529,148.5159,149.3152,PENDING_AG03,FALSE,NOT_FOR_ENFORCEMENT,162.0173,5305.5938,168.7680,162.0173,6.7507,0.02765769,0.02655138,6.7507,162.0173,0.02655138,6.7507,6.7507,6.7507,0.0000,0.0000,162.0173,0.02655138,20.2522,19.4529,148.5159,149.3152,0.02433877,0.02446976,0.00110631,10.4846,9.8514,0.3008,56.2560,2.5964,2034.0098,187.0000,,10.4846,4.1543,10.3857,20.7715,20.7715,20.7715,20.7715,10.3857,0.0,2.0,2.0,1.009519,22,55,10,6,0E-8,0.02765769,,0E-8,0.000000,0.905709,0.010309,,2026-06-10,2026-06-30,3,65,33,21,0.142857,,,0.000000,,,,,,,,GLOBAL_BASELINE_NO_ENTITY_RANKING,,,NOT_APPLICABLE_GLOBAL_BASELINE,HF9g-P5,,,,X 全窗基线 · 不参与实体赏罚,6878196,688,A168_HF9F_20260827_0900,2026-08-27 09:00:00
2026-06-10,150985972,2239,0,6.2314355151,2.0771451717,2.0771451717,1.0000000,2,1,0.35372576666666667,0.283965900000,1.3516836864338497,1.587938788024013,1.3516836864338497,0.06975986666666667,ELIGIBLE,R03b_20260811_FULL_v1,L1_ELIGIBILITY,v2026-08-11,2026-03-21..2026-08-06,baccarat_bet02_101_all_pairs_incl_sentinel,round_win = game_pnl > 0 (decisive only),COMPATIBILITY_ONLY_NOT_PRODUCTION,6102.0294,5526.6602,168.7680,582,561,-0.02765769,,-0.02765769,-0.02765769,-168.7680,6102.0294,OK,0.0000,6.7507,4.0000,96.0000,AG03-UNRESOLVED,ALL5_LEVELS_bet23_to_bet27,6.7507,6.7507,6.7507,0.0000,0.0000,4.000000,4.000000,4.000000,0.000000,0.000000,96.000000,96.000000,96.000000,100.000000,100.000000,5.0,20.2522,19.4529,148.5159,149.3152,PENDING_AG03,FALSE,NOT_FOR_ENFORCEMENT,162.0173,5305.5938,168.7680,162.0173,6.7507,0.02765769,0.02655138,6.7507,162.0173,0.02655138,6.7507,6.7507,6.7507,0.0000,0.0000,162.0173,0.02655138,20.2522,19.4529,148.5159,149.3152,0.02433877,0.02446976,0.00110631,10.4846,9.8514,0.3008,56.2560,2.5964,2034.0098,187.0000,,10.4846,4.1543,10.3857,20.7715,20.7715,20.7715,20.7715,10.3857,0.0,2.0,2.0,1.009519,22,55,10,6,0E-8,0.02765769,,0E-8,0.000000,0.905709,0.010309,,2026-06-10,2026-06-30,3,65,33,21,0.142857,,,0.000000,,,,,,,,GLOBAL_BASELINE_NO_ENTITY_RANKING,,,NOT_APPLICABLE_GLOBAL_BASELINE,HF9g-P5,,,,X 全窗基线 · 不参与实体赏罚,6878197,688,A168_HF9F_20260827_0900,2026-08-27 09:00:00
2026-06-10,150985972,2251,0,8.3085806868,-4.1542903434,-4.1542903434,0E-7,2,2,0.49324550000000000,0.493245500000,-0.9865810262130424,-0.9865810262130424,-0.9865810262130424,0E-17,ELIGIBLE,R03b_20260811_FULL_v1,L1_ELIGIBILITY,v2026-08-11,2026-03-21..2026-08-06,baccarat_bet02_101_all_pairs_incl_sentinel,round_win = game_pnl > 0 (decisive only),COMPATIBILITY_ONLY_NOT_PRODUCTION,6102.0294,5526.6602,168.7680,582,561,-0.02765769,,-0.02765769,-0.02765769,-168.7680,6102.0294,OK,0.0000,6.7507,4.0000,96.0000,AG03-UNRESOLVED,ALL5_LEVELS_bet23_to_bet27,6.7507,6.7507,6.7507,0.0000,0.0000,4.000000,4.000000,4.000000,0.000000,0.000000,96.000000,96.000000,96.000000,100.000000,100.000000,5.0,20.2522,19.4529,148.5159,149.3152,PENDING_AG03,FALSE,NOT_FOR_ENFORCEMENT,162.0173,5305.5938,168.7680,162.0173,6.7507,0.02765769,0.02655138,6.7507,162.0173,0.02655138,6.7507,6.7507,6.7507,0.0000,0.0000,162.0173,0.02655138,20.2522,19.4529,148.5159,149.3152,0.02433877,0.02446976,0.00110631,10.4846,9.8514,0.3008,56.2560,2.5964,2034.0098,187.0000,,10.4846,4.1543,10.3857,20.7715,20.7715,20.7715,20.7715,10.3857,0.0,2.0,2.0,1.009519,22,55,10,6,0E-8,0.02765769,,0E-8,0.000000,0.905709,0.010309,,2026-06-10,2026-06-30,3,65,33,21,0.142857,,,0.000000,,,,,,,,GLOBAL_BASELINE_NO_ENTITY_RANKING,,,NOT_APPLICABLE_GLOBAL_BASELINE,HF9g-P5,,,,X 全窗基线 · 不参与实体赏罚,6878198,688,A168_HF9F_20260827_0900,2026-08-27 09:00:00
2026-06-10,150985972,2266,0,4.1542903434,4.1542903434,4.1542903434,1.0000000,1,1,0.49324550000000000,0.493245500000,1.01360149184955,1.01360149184955,1.01360149184955,0E-17,ELIGIBLE,R03b_20260811_FULL_v1,L1_ELIGIBILITY,v2026-08-11,2026-03-21..2026-08-06,baccarat_bet02_101_all_pairs_incl_sentinel,round_win = game_pnl > 0 (decisive only),COMPATIBILITY_ONLY_NOT_PRODUCTION,6102.0294,5526.6602,168.7680,582,561,-0.02765769,,-0.02765769,-0.02765769,-168.7680,6102.0294,OK,0.0000,6.7507,4.0000,96.0000,AG03-UNRESOLVED,ALL5_LEVELS_bet23_to_bet27,6.7507,6.7507,6.7507,0.0000,0.0000,4.000000,4.000000,4.000000,0.000000,0.000000,96.000000,96.000000,96.000000,100.000000,100.000000,5.0,20.2522,19.4529,148.5159,149.3152,PENDING_AG03,FALSE,NOT_FOR_ENFORCEMENT,162.0173,5305.5938,168.7680,162.0173,6.7507,0.02765769,0.02655138,6.7507,162.0173,0.02655138,6.7507,6.7507,6.7507,0.0000,0.0000,162.0173,0.02655138,20.2522,19.4529,148.5159,149.3152,0.02433877,0.02446976,0.00110631,10.4846,9.8514,0.3008,56.2560,2.5964,2034.0098,187.0000,,10.4846,4.1543,10.3857,20.7715,20.7715,20.7715,20.7715,10.3857,0.0,2.0,2.0,1.009519,22,55,10,6,0E-8,0.02765769,,0E-8,0.000000,0.905709,0.010309,,2026-06-10,2026-06-30,3,65,33,21,0.142857,,,0.000000,,,,,,,,GLOBAL_BASELINE_NO_ENTITY_RANKING,,,NOT_APPLICABLE_GLOBAL_BASELINE,HF9g-P5,,,,X 全窗基线 · 不参与实体赏罚,6878199,688,A168_HF9F_20260827_0900,2026-08-27 09:00:00
2026-06-10,150985972,583,0,8.3085806868,-4.1542903434,-4.1542903434,0E-7,2,2,0.49994810000000000,0.499948100000,-0.9998962053866608,-0.9998962053866608,-0.9998962053866608,0E-17,ELIGIBLE,R03b_20260811_FULL_v1,L1_ELIGIBILITY,v2026-08-11,2026-03-21..2026-08-06,baccarat_bet02_101_all_pairs_incl_sentinel,round_win = game_pnl > 0 (decisive only),COMPATIBILITY_ONLY_NOT_PRODUCTION,6102.0294,5526.6602,168.7680,582,561,-0.02765769,,-0.02765769,-0.02765769,-168.7680,6102.0294,OK,0.0000,6.7507,4.0000,96.0000,AG03-UNRESOLVED,ALL5_LEVELS_bet23_to_bet27,6.7507,6.7507,6.7507,0.0000,0.0000,4.000000,4.000000,4.000000,0.000000,0.000000,96.000000,96.000000,96.000000,100.000000,100.000000,5.0,20.2522,19.4529,148.5159,149.3152,PENDING_AG03,FALSE,NOT_FOR_ENFORCEMENT,162.0173,5305.5938,168.7680,162.0173,6.7507,0.02765769,0.02655138,6.7507,162.0173,0.02655138,6.7507,6.7507,6.7507,0.0000,0.0000,162.0173,0.02655138,20.2522,19.4529,148.5159,149.3152,0.02433877,0.02446976,0.00110631,10.4846,9.8514,0.3008,56.2560,2.5964,2034.0098,187.0000,,10.4846,4.1543,10.3857,20.7715,20.7715,20.7715,20.7715,10.3857,0.0,2.0,2.0,1.009519,22,55,10,6,0E-8,0.02765769,,0E-8,0.000000,0.905709,0.010309,,2026-06-10,2026-06-30,3,65,33,21,0.142857,,,0.000000,,,,,,,,GLOBAL_BASELINE_NO_ENTITY_RANKING,,,NOT_APPLICABLE_GLOBAL_BASELINE,HF9g-P5,,,,X 全窗基线 · 不参与实体赏罚,6878200,688,A168_HF9F_20260827_0900,2026-08-27 09:00:00
2026-06-10,150985972,994,0,117.3587022012,-16.2017323396,-16.2017323396,0.4347826,38,23,0.43547109831663830,0.387967260870,-0.006659452978605633,0.46075208163804887,-0.006659452978605633,0.04750383744663830,ELIGIBLE,R03b_20260811_FULL_v1,L1_ELIGIBILITY,v2026-08-11,2026-03-21..2026-08-06,baccarat_bet02_101_all_pairs_incl_sentinel,round_win = game_pnl > 0 (decisive only),COMPATIBILITY_ONLY_NOT_PRODUCTION,6102.0294,5526.6602,168.7680,582,561,-0.02765769,,-0.02765769,-0.02765769,-168.7680,6102.0294,OK,0.0000,6.7507,4.0000,96.0000,AG03-UNRESOLVED,ALL5_LEVELS_bet23_to_bet27,6.7507,6.7507,6.7507,0.0000,0.0000,4.000000,4.000000,4.000000,0.000000,0.000000,96.000000,96.000000,96.000000,100.000000,100.000000,5.0,20.2522,19.4529,148.5159,149.3152,PENDING_AG03,FALSE,NOT_FOR_ENFORCEMENT,162.0173,5305.5938,168.7680,162.0173,6.7507,0.02765769,0.02655138,6.7507,162.0173,0.02655138,6.7507,6.7507,6.7507,0.0000,0.0000,162.0173,0.02655138,20.2522,19.4529,148.5159,149.3152,0.02433877,0.02446976,0.00110631,10.4846,9.8514,0.3008,56.2560,2.5964,2034.0098,187.0000,,10.4846,4.1543,10.3857,20.7715,20.7715,20.7715,20.7715,10.3857,0.0,2.0,2.0,1.009519,22,55,10,6,0E-8,0.02765769,,0E-8,0.000000,0.905709,0.010309,,2026-06-10,2026-06-30,3,65,33,21,0.142857,,,0.000000,,,,,,,,GLOBAL_BASELINE_NO_ENTITY_RANKING,,,NOT_APPLICABLE_GLOBAL_BASELINE,HF9g-P5,,,,X 全窗基线 · 不参与实体赏罚,6878201,688,A168_HF9F_20260827_0900,2026-08-27 09:00:00
2026-06-29,150985972,-1,1,138.3378684340,-19.4213073552,-19.4213073552,0.3571429,14,14,0.49994810000000000,0.499948100000,-1.0686565893700386,-1.0686565893700386,-1.0686565893700386,0E-17,SENTINEL_DEALER,R03b_20260811_FULL_v1,L1_ELIGIBILITY,v2026-08-11,2026-03-21..2026-08-06,baccarat_bet02_101_all_pairs_incl_sentinel,round_win = game_pnl > 0 (decisive only),COMPATIBILITY_ONLY_NOT_PRODUCTION,6102.0294,5526.6602,168.7680,582,561,-0.02765769,,-0.02765769,-0.02765769,-168.7680,6102.0294,OK,0.0000,6.7507,4.0000,96.0000,AG03-UNRESOLVED,ALL5_LEVELS_bet23_to_bet27,6.7507,6.7507,6.7507,0.0000,0.0000,4.000000,4.000000,4.000000,0.000000,0.000000,96.000000,96.000000,96.000000,100.000000,100.000000,5.0,20.2522,19.4529,148.5159,149.3152,PENDING_AG03,FALSE,NOT_FOR_ENFORCEMENT,162.0173,5305.5938,168.7680,162.0173,6.7507,0.02765769,0.02655138,6.7507,162.0173,0.02655138,6.7507,6.7507,6.7507,0.0000,0.0000,162.0173,0.02655138,20.2522,19.4529,148.5159,149.3152,0.02433877,0.02446976,0.00110631,10.4846,9.8514,0.3008,56.2560,2.5964,2034.0098,187.0000,,10.4846,4.1543,10.3857,20.7715,20.7715,20.7715,20.7715,10.3857,0.0,2.0,2.0,1.009519,22,55,10,6,0E-8,0.02765769,,0E-8,0.000000,0.905709,0.010309,,2026-06-10,2026-06-30,3,65,33,21,0.142857,,,0.000000,,,,,,,,GLOBAL_BASELINE_NO_ENTITY_RANKING,,,NOT_APPLICABLE_GLOBAL_BASELINE,HF9g-P5,,,,X 全窗基线 · 不参与实体赏罚,6878202,688,A168_HF9F_20260827_0900,2026-08-27 09:00:00
2026-06-29,150985972,1094,0,114.2429844424,30.6378912823,30.6378912823,0.5714286,8,8,0.49994810000000000,0.499948100000,0.37823910403297295,0.37823910403297295,0.37823910403297295,0E-17,ELIGIBLE,R03b_20260811_FULL_v1,L1_ELIGIBILITY,v2026-08-11,2026-03-21..2026-08-06,baccarat_bet02_101_all_pairs_incl_sentinel,round_win = game_pnl > 0 (decisive only),COMPATIBILITY_ONLY_NOT_PRODUCTION,6102.0294,5526.6602,168.7680,582,561,-0.02765769,,-0.02765769,-0.02765769,-168.7680,6102.0294,OK,0.0000,6.7507,4.0000,96.0000,AG03-UNRESOLVED,ALL5_LEVELS_bet23_to_bet27,6.7507,6.7507,6.7507,0.0000,0.0000,4.000000,4.000000,4.000000,0.000000,0.000000,96.000000,96.000000,96.000000,100.000000,100.000000,5.0,20.2522,19.4529,148.5159,149.3152,PENDING_AG03,FALSE,NOT_FOR_ENFORCEMENT,162.0173,5305.5938,168.7680,162.0173,6.7507,0.02765769,0.02655138,6.7507,162.0173,0.02655138,6.7507,6.7507,6.7507,0.0000,0.0000,162.0173,0.02655138,20.2522,19.4529,148.5159,149.3152,0.02433877,0.02446976,0.00110631,10.4846,9.8514,0.3008,56.2560,2.5964,2034.0098,187.0000,,10.4846,4.1543,10.3857,20.7715,20.7715,20.7715,20.7715,10.3857,0.0,2.0,2.0,1.009519,22,55,10,6,0E-8,0.02765769,,0E-8,0.000000,0.905709,0.010309,,2026-06-10,2026-06-30,3,65,33,21,0.142857,,,0.000000,,,,,,,,GLOBAL_BASELINE_NO_ENTITY_RANKING,,,NOT_APPLICABLE_GLOBAL_BASELINE,HF9g-P5,,,,X 全窗基线 · 不参与实体赏罚,6878203,688,A168_HF9F_20260827_0900,2026-08-27 09:00:00
2026-06-29,150985972,1109,0,10.3857258584,10.3857258584,10.3857258584,1.0000000,1,1,0.49324550000000000,0.493245500000,1.01360149184955,1.01360149184955,1.01360149184955,0E-17,ELIGIBLE,R03b_20260811_FULL_v1,L1_ELIGIBILITY,v2026-08-11,2026-03-21..2026-08-06,baccarat_bet02_101_all_pairs_incl_sentinel,round_win = game_pnl > 0 (decisive only),COMPATIBILITY_ONLY_NOT_PRODUCTION,6102.0294,5526.6602,168.7680,582,561,-0.02765769,,-0.02765769,-0.02765769,-168.7680,6102.0294,OK,0.0000,6.7507,4.0000,96.0000,AG03-UNRESOLVED,ALL5_LEVELS_bet23_to_bet27,6.7507,6.7507,6.7507,0.0000,0.0000,4.000000,4.000000,4.000000,0.000000,0.000000,96.000000,96.000000,96.000000,100.000000,100.000000,5.0,20.2522,19.4529,148.5159,149.3152,PENDING_AG03,FALSE,NOT_FOR_ENFORCEMENT,162.0173,5305.5938,168.7680,162.0173,6.7507,0.02765769,0.02655138,6.7507,162.0173,0.02655138,6.7507,6.7507,6.7507,0.0000,0.0000,162.0173,0.02655138,20.2522,19.4529,148.5159,149.3152,0.02433877,0.02446976,0.00110631,10.4846,9.8514,0.3008,56.2560,2.5964,2034.0098,187.0000,,10.4846,4.1543,10.3857,20.7715,20.7715,20.7715,20.7715,10.3857,0.0,2.0,2.0,1.009519,22,55,10,6,0E-8,0.02765769,,0E-8,0.000000,0.905709,0.010309,,2026-06-10,2026-06-30,3,65,33,21,0.142857,,,0.000000,,,,,,,,GLOBAL_BASELINE_NO_ENTITY_RANKING,,,NOT_APPLICABLE_GLOBAL_BASELINE,HF9g-P5,,,,X 全窗基线 · 不参与实体赏罚,6878204,688,A168_HF9F_20260827_0900,2026-08-27 09:00:00
2026-06-29,150985972,1115,0,10.3857258585,9.8664395655,9.8664395655,1.0000000,3,3,0.50665070000000000,0.506650700000,1.7091633124209307,1.7091633124209307,1.7091633124209307,0E-17,ELIGIBLE,R03b_20260811_FULL_v1,L1_ELIGIBILITY,v2026-08-11,2026-03-21..2026-08-06,baccarat_bet02_101_all_pairs_incl_sentinel,round_win = game_pnl > 0 (decisive only),COMPATIBILITY_ONLY_NOT_PRODUCTION,6102.0294,5526.6602,168.7680,582,561,-0.02765769,,-0.02765769,-0.02765769,-168.7680,6102.0294,OK,0.0000,6.7507,4.0000,96.0000,AG03-UNRESOLVED,ALL5_LEVELS_bet23_to_bet27,6.7507,6.7507,6.7507,0.0000,0.0000,4.000000,4.000000,4.000000,0.000000,0.000000,96.000000,96.000000,96.000000,100.000000,100.000000,5.0,20.2522,19.4529,148.5159,149.3152,PENDING_AG03,FALSE,NOT_FOR_ENFORCEMENT,162.0173,5305.5938,168.7680,162.0173,6.7507,0.02765769,0.02655138,6.7507,162.0173,0.02655138,6.7507,6.7507,6.7507,0.0000,0.0000,162.0173,0.02655138,20.2522,19.4529,148.5159,149.3152,0.02433877,0.02446976,0.00110631,10.4846,9.8514,0.3008,56.2560,2.5964,2034.0098,187.0000,,10.4846,4.1543,10.3857,20.7715,20.7715,20.7715,20.7715,10.3857,0.0,2.0,2.0,1.009519,22,55,10,6,0E-8,0.02765769,,0E-8,0.000000,0.905709,0.010309,,2026-06-10,2026-06-30,3,65,33,21,0.142857,,,0.000000,,,,,,,,GLOBAL_BASELINE_NO_ENTITY_RANKING,,,NOT_APPLICABLE_GLOBAL_BASELINE,HF9g-P5,,,,X 全窗基线 · 不参与实体赏罚,6878205,688,A168_HF9F_20260827_0900,2026-08-27 09:00:00
2026-06-29,150985972,1330,0,211.8688075115,31.8841783852,31.8841783852,0.6842105,22,21,0.50122478571428571,0.501224785714,1.595237488820645,1.5952374888231333,1.595237488820645,2.8571E-13,ELIGIBLE,R03b_20260811_FULL_v1,L1_ELIGIBILITY,v2026-08-11,2026-03-21..2026-08-06,baccarat_bet02_101_all_pairs_incl_sentinel,round_win = game_pnl > 0 (decisive only),COMPATIBILITY_ONLY_NOT_PRODUCTION,6102.0294,5526.6602,168.7680,582,561,-0.02765769,,-0.02765769,-0.02765769,-168.7680,6102.0294,OK,0.0000,6.7507,4.0000,96.0000,AG03-UNRESOLVED,ALL5_LEVELS_bet23_to_bet27,6.7507,6.7507,6.7507,0.0000,0.0000,4.000000,4.000000,4.000000,0.000000,0.000000,96.000000,96.000000,96.000000,100.000000,100.000000,5.0,20.2522,19.4529,148.5159,149.3152,PENDING_AG03,FALSE,NOT_FOR_ENFORCEMENT,162.0173,5305.5938,168.7680,162.0173,6.7507,0.02765769,0.02655138,6.7507,162.0173,0.02655138,6.7507,6.7507,6.7507,0.0000,0.0000,162.0173,0.02655138,20.2522,19.4529,148.5159,149.3152,0.02433877,0.02446976,0.00110631,10.4846,9.8514,0.3008,56.2560,2.5964,2034.0098,187.0000,,10.4846,4.1543,10.3857,20.7715,20.7715,20.7715,20.7715,10.3857,0.0,2.0,2.0,1.009519,22,55,10,6,0E-8,0.02765769,,0E-8,0.000000,0.905709,0.010309,,2026-06-10,2026-06-30,3,65,33,21,0.142857,,,0.000000,,,,,,,,GLOBAL_BASELINE_NO_ENTITY_RANKING,,,NOT_APPLICABLE_GLOBAL_BASELINE,HF9g-P5,,,,X 全窗基线 · 不参与实体赏罚,6878206,688,A168_HF9F_20260827_0900,2026-08-27 09:00:00
2026-06-29,150985972,1331,0,23.0563114056,-23.0563114056,-23.0563114056,0E-7,3,3,0.49771390000000000,0.497713900000,-1.724149546644903,-1.724149546644903,-1.724149546644903,0E-17,ELIGIBLE,R03b_20260811_FULL_v1,L1_ELIGIBILITY,v2026-08-11,2026-03-21..2026-08-06,baccarat_bet02_101_all_pairs_incl_sentinel,round_win = game_pnl > 0 (decisive only),COMPATIBILITY_ONLY_NOT_PRODUCTION,6102.0294,5526.6602,168.7680,582,561,-0.02765769,,-0.02765769,-0.02765769,-168.7680,6102.0294,OK,0.0000,6.7507,4.0000,96.0000,AG03-UNRESOLVED,ALL5_LEVELS_bet23_to_bet27,6.7507,6.7507,6.7507,0.0000,0.0000,4.000000,4.000000,4.000000,0.000000,0.000000,96.000000,96.000000,96.000000,100.000000,100.000000,5.0,20.2522,19.4529,148.5159,149.3152,PENDING_AG03,FALSE,NOT_FOR_ENFORCEMENT,162.0173,5305.5938,168.7680,162.0173,6.7507,0.02765769,0.02655138,6.7507,162.0173,0.02655138,6.7507,6.7507,6.7507,0.0000,0.0000,162.0173,0.02655138,20.2522,19.4529,148.5159,149.3152,0.02433877,0.02446976,0.00110631,10.4846,9.8514,0.3008,56.2560,2.5964,2034.0098,187.0000,,10.4846,4.1543,10.3857,20.7715,20.7715,20.7715,20.7715,10.3857,0.0,2.0,2.0,1.009519,22,55,10,6,0E-8,0.02765769,,0E-8,0.000000,0.905709,0.010309,,2026-06-10,2026-06-30,3,65,33,21,0.142857,,,0.000000,,,,,,,,GLOBAL_BASELINE_NO_ENTITY_RANKING,,,NOT_APPLICABLE_GLOBAL_BASELINE,HF9g-P5,,,,X 全窗基线 · 不参与实体赏罚,6878207,688,A168_HF9F_20260827_0900,2026-08-27 09:00:00
2026-06-29,150985972,1346,0,10.3857258584,9.8664395655,9.8664395655,1.0000000,1,1,0.50665070000000000,0.506650700000,0.9867858985152569,0.9867858985152569,0.9867858985152569,0E-17,ELIGIBLE,R03b_20260811_FULL_v1,L1_ELIGIBILITY,v2026-08-11,2026-03-21..2026-08-06,baccarat_bet02_101_all_pairs_incl_sentinel,round_win = game_pnl > 0 (decisive only),COMPATIBILITY_ONLY_NOT_PRODUCTION,6102.0294,5526.6602,168.7680,582,561,-0.02765769,,-0.02765769,-0.02765769,-168.7680,6102.0294,OK,0.0000,6.7507,4.0000,96.0000,AG03-UNRESOLVED,ALL5_LEVELS_bet23_to_bet27,6.7507,6.7507,6.7507,0.0000,0.0000,4.000000,4.000000,4.000000,0.000000,0.000000,96.000000,96.000000,96.000000,100.000000,100.000000,5.0,20.2522,19.4529,148.5159,149.3152,PENDING_AG03,FALSE,NOT_FOR_ENFORCEMENT,162.0173,5305.5938,168.7680,162.0173,6.7507,0.02765769,0.02655138,6.7507,162.0173,0.02655138,6.7507,6.7507,6.7507,0.0000,0.0000,162.0173,0.02655138,20.2522,19.4529,148.5159,149.3152,0.02433877,0.02446976,0.00110631,10.4846,9.8514,0.3008,56.2560,2.5964,2034.0098,187.0000,,10.4846,4.1543,10.3857,20.7715,20.7715,20.7715,20.7715,10.3857,0.0,2.0,2.0,1.009519,22,55,10,6,0E-8,0.02765769,,0E-8,0.000000,0.905709,0.010309,,2026-06-10,2026-06-30,3,65,33,21,0.142857,,,0.000000,,,,,,,,GLOBAL_BASELINE_NO_ENTITY_RANKING,,,NOT_APPLICABLE_GLOBAL_BASELINE,HF9g-P5,,,,X 全窗基线 · 不参与实体赏罚,6878208,688,A168_HF9F_20260827_0900,2026-08-27 09:00:00
2026-06-29,150985972,1363,0,498.5148412032,98.6643956545,98.6643956545,0.6086957,24,24,0.49883100000000000,0.498831000000,1.0537876045208998,1.0537876045209,1.0537876045208998,0E-17,ELIGIBLE,R03b_20260811_FULL_v1,L1_ELIGIBILITY,v2026-08-11,2026-03-21..2026-08-06,baccarat_bet02_101_all_pairs_incl_sentinel,round_win = game_pnl > 0 (decisive only),COMPATIBILITY_ONLY_NOT_PRODUCTION,6102.0294,5526.6602,168.7680,582,561,-0.02765769,,-0.02765769,-0.02765769,-168.7680,6102.0294,OK,0.0000,6.7507,4.0000,96.0000,AG03-UNRESOLVED,ALL5_LEVELS_bet23_to_bet27,6.7507,6.7507,6.7507,0.0000,0.0000,4.000000,4.000000,4.000000,0.000000,0.000000,96.000000,96.000000,96.000000,100.000000,100.000000,5.0,20.2522,19.4529,148.5159,149.3152,PENDING_AG03,FALSE,NOT_FOR_ENFORCEMENT,162.0173,5305.5938,168.7680,162.0173,6.7507,0.02765769,0.02655138,6.7507,162.0173,0.02655138,6.7507,6.7507,6.7507,0.0000,0.0000,162.0173,0.02655138,20.2522,19.4529,148.5159,149.3152,0.02433877,0.02446976,0.00110631,10.4846,9.8514,0.3008,56.2560,2.5964,2034.0098,187.0000,,10.4846,4.1543,10.3857,20.7715,20.7715,20.7715,20.7715,10.3857,0.0,2.0,2.0,1.009519,22,55,10,6,0E-8,0.02765769,,0E-8,0.000000,0.905709,0.010309,,2026-06-10,2026-06-30,3,65,33,21,0.142857,,,0.000000,,,,,,,,GLOBAL_BASELINE_NO_ENTITY_RANKING,,,NOT_APPLICABLE_GLOBAL_BASELINE,HF9g-P5,,,,X 全窗基线 · 不参与实体赏罚,6878209,688,A168_HF9F_20260827_0900,2026-08-27 09:00:00
2026-06-29,150985972,1396,0,24.9257420604,-8.7240097212,-8.7240097212,0.3333333,6,6,0.50665070000000000,0.506650700000,-0.8491533462951141,-0.8491533462951141,-0.8491533462951141,0E-17,ELIGIBLE,R03b_20260811_FULL_v1,L1_ELIGIBILITY,v2026-08-11,2026-03-21..2026-08-06,baccarat_bet02_101_all_pairs_incl_sentinel,round_win = game_pnl > 0 (decisive only),COMPATIBILITY_ONLY_NOT_PRODUCTION,6102.0294,5526.6602,168.7680,582,561,-0.02765769,,-0.02765769,-0.02765769,-168.7680,6102.0294,OK,0.0000,6.7507,4.0000,96.0000,AG03-UNRESOLVED,ALL5_LEVELS_bet23_to_bet27,6.7507,6.7507,6.7507,0.0000,0.0000,4.000000,4.000000,4.000000,0.000000,0.000000,96.000000,96.000000,96.000000,100.000000,100.000000,5.0,20.2522,19.4529,148.5159,149.3152,PENDING_AG03,FALSE,NOT_FOR_ENFORCEMENT,162.0173,5305.5938,168.7680,162.0173,6.7507,0.02765769,0.02655138,6.7507,162.0173,0.02655138,6.7507,6.7507,6.7507,0.0000,0.0000,162.0173,0.02655138,20.2522,19.4529,148.5159,149.3152,0.02433877,0.02446976,0.00110631,10.4846,9.8514,0.3008,56.2560,2.5964,2034.0098,187.0000,,10.4846,4.1543,10.3857,20.7715,20.7715,20.7715,20.7715,10.3857,0.0,2.0,2.0,1.009519,22,55,10,6,0E-8,0.02765769,,0E-8,0.000000,0.905709,0.010309,,2026-06-10,2026-06-30,3,65,33,21,0.142857,,,0.000000,,,,,,,,GLOBAL_BASELINE_NO_ENTITY_RANKING,,,NOT_APPLICABLE_GLOBAL_BASELINE,HF9g-P5,,,,X 全窗基线 · 不参与实体赏罚,6878210,688,A168_HF9F_20260827_0900,2026-08-27 09:00:00
2026-06-29,150985972,1399,0,110.0886940991,-29.0800324035,-29.0800324035,0.3750000,10,10,0.49860758000000000,0.498607580000,-0.6992327755895246,-0.6992327755895246,-0.6992327755895246,0E-17,ELIGIBLE,R03b_20260811_FULL_v1,L1_ELIGIBILITY,v2026-08-11,2026-03-21..2026-08-06,baccarat_bet02_101_all_pairs_incl_sentinel,round_win = game_pnl > 0 (decisive only),COMPATIBILITY_ONLY_NOT_PRODUCTION,6102.0294,5526.6602,168.7680,582,561,-0.02765769,,-0.02765769,-0.02765769,-168.7680,6102.0294,OK,0.0000,6.7507,4.0000,96.0000,AG03-UNRESOLVED,ALL5_LEVELS_bet23_to_bet27,6.7507,6.7507,6.7507,0.0000,0.0000,4.000000,4.000000,4.000000,0.000000,0.000000,96.000000,96.000000,96.000000,100.000000,100.000000,5.0,20.2522,19.4529,148.5159,149.3152,PENDING_AG03,FALSE,NOT_FOR_ENFORCEMENT,162.0173,5305.5938,168.7680,162.0173,6.7507,0.02765769,0.02655138,6.7507,162.0173,0.02655138,6.7507,6.7507,6.7507,0.0000,0.0000,162.0173,0.02655138,20.2522,19.4529,148.5159,149.3152,0.02433877,0.02446976,0.00110631,10.4846,9.8514,0.3008,56.2560,2.5964,2034.0098,187.0000,,10.4846,4.1543,10.3857,20.7715,20.7715,20.7715,20.7715,10.3857,0.0,2.0,2.0,1.009519,22,55,10,6,0E-8,0.02765769,,0E-8,0.000000,0.905709,0.010309,,2026-06-10,2026-06-30,3,65,33,21,0.142857,,,0.000000,,,,,,,,GLOBAL_BASELINE_NO_ENTITY_RANKING,,,NOT_APPLICABLE_GLOBAL_BASELINE,HF9g-P5,,,,X 全窗基线 · 不参与实体赏罚,6878211,688,A168_HF9F_20260827_0900,2026-08-27 09:00:00
2026-06-29,150985972,1400,0,93.4715327256,-21.2907380097,-21.2907380097,0.4285714,8,8,0.49659680000000000,0.496596800000,-0.3599647694406772,-0.3599647694406772,-0.3599647694406772,0E-17,ELIGIBLE,R03b_20260811_FULL_v1,L1_ELIGIBILITY,v2026-08-11,2026-03-21..2026-08-06,baccarat_bet02_101_all_pairs_incl_sentinel,round_win = game_pnl > 0 (decisive only),COMPATIBILITY_ONLY_NOT_PRODUCTION,6102.0294,5526.6602,168.7680,582,561,-0.02765769,,-0.02765769,-0.02765769,-168.7680,6102.0294,OK,0.0000,6.7507,4.0000,96.0000,AG03-UNRESOLVED,ALL5_LEVELS_bet23_to_bet27,6.7507,6.7507,6.7507,0.0000,0.0000,4.000000,4.000000,4.000000,0.000000,0.000000,96.000000,96.000000,96.000000,100.000000,100.000000,5.0,20.2522,19.4529,148.5159,149.3152,PENDING_AG03,FALSE,NOT_FOR_ENFORCEMENT,162.0173,5305.5938,168.7680,162.0173,6.7507,0.02765769,0.02655138,6.7507,162.0173,0.02655138,6.7507,6.7507,6.7507,0.0000,0.0000,162.0173,0.02655138,20.2522,19.4529,148.5159,149.3152,0.02433877,0.02446976,0.00110631,10.4846,9.8514,0.3008,56.2560,2.5964,2034.0098,187.0000,,10.4846,4.1543,10.3857,20.7715,20.7715,20.7715,20.7715,10.3857,0.0,2.0,2.0,1.009519,22,55,10,6,0E-8,0.02765769,,0E-8,0.000000,0.905709,0.010309,,2026-06-10,2026-06-30,3,65,33,21,0.142857,,,0.000000,,,,,,,,GLOBAL_BASELINE_NO_ENTITY_RANKING,,,NOT_APPLICABLE_GLOBAL_BASELINE,HF9g-P5,,,,X 全窗基线 · 不参与实体赏罚,6878212,688,A168_HF9F_20260827_0900,2026-08-27 09:00:00
2026-06-29,150985972,1485,0,81.0086616957,43.3084768294,43.3084768294,0.6666667,10,10,0.50396966000000000,0.503969660000,0.9762128071991669,0.9762128071991667,0.9762128071991669,0E-17,ELIGIBLE,R03b_20260811_FULL_v1,L1_ELIGIBILITY,v2026-08-11,2026-03-21..2026-08-06,baccarat_bet02_101_all_pairs_incl_sentinel,round_win = game_pnl > 0 (decisive only),COMPATIBILITY_ONLY_NOT_PRODUCTION,6102.0294,5526.6602,168.7680,582,561,-0.02765769,,-0.02765769,-0.02765769,-168.7680,6102.0294,OK,0.0000,6.7507,4.0000,96.0000,AG03-UNRESOLVED,ALL5_LEVELS_bet23_to_bet27,6.7507,6.7507,6.7507,0.0000,0.0000,4.000000,4.000000,4.000000,0.000000,0.000000,96.000000,96.000000,96.000000,100.000000,100.000000,5.0,20.2522,19.4529,148.5159,149.3152,PENDING_AG03,FALSE,NOT_FOR_ENFORCEMENT,162.0173,5305.5938,168.7680,162.0173,6.7507,0.02765769,0.02655138,6.7507,162.0173,0.02655138,6.7507,6.7507,6.7507,0.0000,0.0000,162.0173,0.02655138,20.2522,19.4529,148.5159,149.3152,0.02433877,0.02446976,0.00110631,10.4846,9.8514,0.3008,56.2560,2.5964,2034.0098,187.0000,,10.4846,4.1543,10.3857,20.7715,20.7715,20.7715,20.7715,10.3857,0.0,2.0,2.0,1.009519,22,55,10,6,0E-8,0.02765769,,0E-8,0.000000,0.905709,0.010309,,2026-06-10,2026-06-30,3,65,33,21,0.142857,,,0.000000,,,,,,,,GLOBAL_BASELINE_NO_ENTITY_RANKING,,,NOT_APPLICABLE_GLOBAL_BASELINE,HF9g-P5,,,,X 全窗基线 · 不参与实体赏罚,6878213,688,A168_HF9F_20260827_0900,2026-08-27 09:00:00
2026-06-29,150985972,1505,0,3.1157177574,-1.0385725858,-1.0385725858,0E-7,3,3,0.50665070000000000,0.506650700000,-1.013391052207602,-1.013391052207602,-1.013391052207602,0E-17,ELIGIBLE,R03b_20260811_FULL_v1,L1_ELIGIBILITY,v2026-08-11,2026-03-21..2026-08-06,baccarat_bet02_101_all_pairs_incl_sentinel,round_win = game_pnl > 0 (decisive only),COMPATIBILITY_ONLY_NOT_PRODUCTION,6102.0294,5526.6602,168.7680,582,561,-0.02765769,,-0.02765769,-0.02765769,-168.7680,6102.0294,OK,0.0000,6.7507,4.0000,96.0000,AG03-UNRESOLVED,ALL5_LEVELS_bet23_to_bet27,6.7507,6.7507,6.7507,0.0000,0.0000,4.000000,4.000000,4.000000,0.000000,0.000000,96.000000,96.000000,96.000000,100.000000,100.000000,5.0,20.2522,19.4529,148.5159,149.3152,PENDING_AG03,FALSE,NOT_FOR_ENFORCEMENT,162.0173,5305.5938,168.7680,162.0173,6.7507,0.02765769,0.02655138,6.7507,162.0173,0.02655138,6.7507,6.7507,6.7507,0.0000,0.0000,162.0173,0.02655138,20.2522,19.4529,148.5159,149.3152,0.02433877,0.02446976,0.00110631,10.4846,9.8514,0.3008,56.2560,2.5964,2034.0098,187.0000,,10.4846,4.1543,10.3857,20.7715,20.7715,20.7715,20.7715,10.3857,0.0,2.0,2.0,1.009519,22,55,10,6,0E-8,0.02765769,,0E-8,0.000000,0.905709,0.010309,,2026-06-10,2026-06-30,3,65,33,21,0.142857,,,0.000000,,,,,,,,GLOBAL_BASELINE_NO_ENTITY_RANKING,,,NOT_APPLICABLE_GLOBAL_BASELINE,HF9g-P5,,,,X 全窗基线 · 不参与实体赏罚,6878214,688,A168_HF9F_20260827_0900,2026-08-27 09:00:00
2026-06-29,150985972,1509,0,20.7714517168,19.7328791309,19.7328791309,1.0000000,1,1,0.50665070000000000,0.506650700000,0.9867858985152569,0.9867858985152569,0.9867858985152569,0E-17,ELIGIBLE,R03b_20260811_FULL_v1,L1_ELIGIBILITY,v2026-08-11,2026-03-21..2026-08-06,baccarat_bet02_101_all_pairs_incl_sentinel,round_win = game_pnl > 0 (decisive only),COMPATIBILITY_ONLY_NOT_PRODUCTION,6102.0294,5526.6602,168.7680,582,561,-0.02765769,,-0.02765769,-0.02765769,-168.7680,6102.0294,OK,0.0000,6.7507,4.0000,96.0000,AG03-UNRESOLVED,ALL5_LEVELS_bet23_to_bet27,6.7507,6.7507,6.7507,0.0000,0.0000,4.000000,4.000000,4.000000,0.000000,0.000000,96.000000,96.000000,96.000000,100.000000,100.000000,5.0,20.2522,19.4529,148.5159,149.3152,PENDING_AG03,FALSE,NOT_FOR_ENFORCEMENT,162.0173,5305.5938,168.7680,162.0173,6.7507,0.02765769,0.02655138,6.7507,162.0173,0.02655138,6.7507,6.7507,6.7507,0.0000,0.0000,162.0173,0.02655138,20.2522,19.4529,148.5159,149.3152,0.02433877,0.02446976,0.00110631,10.4846,9.8514,0.3008,56.2560,2.5964,2034.0098,187.0000,,10.4846,4.1543,10.3857,20.7715,20.7715,20.7715,20.7715,10.3857,0.0,2.0,2.0,1.009519,22,55,10,6,0E-8,0.02765769,,0E-8,0.000000,0.905709,0.010309,,2026-06-10,2026-06-30,3,65,33,21,0.142857,,,0.000000,,,,,,,,GLOBAL_BASELINE_NO_ENTITY_RANKING,,,NOT_APPLICABLE_GLOBAL_BASELINE,HF9g-P5,,,,X 全窗基线 · 不参与实体赏罚,6878215,688,A168_HF9F_20260827_0900,2026-08-27 09:00:00
2026-06-29,150985972,1623,0,41.5429034336,-31.1571775752,-31.1571775752,0E-7,4,4,0.49994810000000000,0.499948100000,-1.7318710300250217,-1.7318710300250217,-1.7318710300250217,0E-17,ELIGIBLE,R03b_20260811_FULL_v1,L1_ELIGIBILITY,v2026-08-11,2026-03-21..2026-08-06,baccarat_bet02_101_all_pairs_incl_sentinel,round_win = game_pnl > 0 (decisive only),COMPATIBILITY_ONLY_NOT_PRODUCTION,6102.0294,5526.6602,168.7680,582,561,-0.02765769,,-0.02765769,-0.02765769,-168.7680,6102.0294,OK,0.0000,6.7507,4.0000,96.0000,AG03-UNRESOLVED,ALL5_LEVELS_bet23_to_bet27,6.7507,6.7507,6.7507,0.0000,0.0000,4.000000,4.000000,4.000000,0.000000,0.000000,96.000000,96.000000,96.000000,100.000000,100.000000,5.0,20.2522,19.4529,148.5159,149.3152,PENDING_AG03,FALSE,NOT_FOR_ENFORCEMENT,162.0173,5305.5938,168.7680,162.0173,6.7507,0.02765769,0.02655138,6.7507,162.0173,0.02655138,6.7507,6.7507,6.7507,0.0000,0.0000,162.0173,0.02655138,20.2522,19.4529,148.5159,149.3152,0.02433877,0.02446976,0.00110631,10.4846,9.8514,0.3008,56.2560,2.5964,2034.0098,187.0000,,10.4846,4.1543,10.3857,20.7715,20.7715,20.7715,20.7715,10.3857,0.0,2.0,2.0,1.009519,22,55,10,6,0E-8,0.02765769,,0E-8,0.000000,0.905709,0.010309,,2026-06-10,2026-06-30,3,65,33,21,0.142857,,,0.000000,,,,,,,,GLOBAL_BASELINE_NO_ENTITY_RANKING,,,NOT_APPLICABLE_GLOBAL_BASELINE,HF9g-P5,,,,X 全窗基线 · 不参与实体赏罚,6878216,688,A168_HF9F_20260827_0900,2026-08-27 09:00:00
2026-06-29,150985972,1646,0,51.9286292920,-11.4242984443,-11.4242984443,0.3333333,3,3,0.50665070000000000,0.506650700000,-0.6004420894325239,-0.6004420894325239,-0.6004420894325239,0E-17,ELIGIBLE,R03b_20260811_FULL_v1,L1_ELIGIBILITY,v2026-08-11,2026-03-21..2026-08-06,baccarat_bet02_101_all_pairs_incl_sentinel,round_win = game_pnl > 0 (decisive only),COMPATIBILITY_ONLY_NOT_PRODUCTION,6102.0294,5526.6602,168.7680,582,561,-0.02765769,,-0.02765769,-0.02765769,-168.7680,6102.0294,OK,0.0000,6.7507,4.0000,96.0000,AG03-UNRESOLVED,ALL5_LEVELS_bet23_to_bet27,6.7507,6.7507,6.7507,0.0000,0.0000,4.000000,4.000000,4.000000,0.000000,0.000000,96.000000,96.000000,96.000000,100.000000,100.000000,5.0,20.2522,19.4529,148.5159,149.3152,PENDING_AG03,FALSE,NOT_FOR_ENFORCEMENT,162.0173,5305.5938,168.7680,162.0173,6.7507,0.02765769,0.02655138,6.7507,162.0173,0.02655138,6.7507,6.7507,6.7507,0.0000,0.0000,162.0173,0.02655138,20.2522,19.4529,148.5159,149.3152,0.02433877,0.02446976,0.00110631,10.4846,9.8514,0.3008,56.2560,2.5964,2034.0098,187.0000,,10.4846,4.1543,10.3857,20.7715,20.7715,20.7715,20.7715,10.3857,0.0,2.0,2.0,1.009519,22,55,10,6,0E-8,0.02765769,,0E-8,0.000000,0.905709,0.010309,,2026-06-10,2026-06-30,3,65,33,21,0.142857,,,0.000000,,,,,,,,GLOBAL_BASELINE_NO_ENTITY_RANKING,,,NOT_APPLICABLE_GLOBAL_BASELINE,HF9g-P5,,,,X 全窗基线 · 不参与实体赏罚,6878217,688,A168_HF9F_20260827_0900,2026-08-27 09:00:00
2026-06-29,150985972,1654,0,176.5573395931,-41.4390461750,-41.4390461750,0.4210526,21,21,0.50154395714285714,0.501543957143,-0.7017104534172973,-0.7017104534185432,-0.7017104534172973,-1.4286E-13,ELIGIBLE,R03b_20260811_FULL_v1,L1_ELIGIBILITY,v2026-08-11,2026-03-21..2026-08-06,baccarat_bet02_101_all_pairs_incl_sentinel,round_win = game_pnl > 0 (decisive only),COMPATIBILITY_ONLY_NOT_PRODUCTION,6102.0294,5526.6602,168.7680,582,561,-0.02765769,,-0.02765769,-0.02765769,-168.7680,6102.0294,OK,0.0000,6.7507,4.0000,96.0000,AG03-UNRESOLVED,ALL5_LEVELS_bet23_to_bet27,6.7507,6.7507,6.7507,0.0000,0.0000,4.000000,4.000000,4.000000,0.000000,0.000000,96.000000,96.000000,96.000000,100.000000,100.000000,5.0,20.2522,19.4529,148.5159,149.3152,PENDING_AG03,FALSE,NOT_FOR_ENFORCEMENT,162.0173,5305.5938,168.7680,162.0173,6.7507,0.02765769,0.02655138,6.7507,162.0173,0.02655138,6.7507,6.7507,6.7507,0.0000,0.0000,162.0173,0.02655138,20.2522,19.4529,148.5159,149.3152,0.02433877,0.02446976,0.00110631,10.4846,9.8514,0.3008,56.2560,2.5964,2034.0098,187.0000,,10.4846,4.1543,10.3857,20.7715,20.7715,20.7715,20.7715,10.3857,0.0,2.0,2.0,1.009519,22,55,10,6,0E-8,0.02765769,,0E-8,0.000000,0.905709,0.010309,,2026-06-10,2026-06-30,3,65,33,21,0.142857,,,0.000000,,,,,,,,GLOBAL_BASELINE_NO_ENTITY_RANKING,,,NOT_APPLICABLE_GLOBAL_BASELINE,HF9g-P5,,,,X 全窗基线 · 不参与实体赏罚,6878218,688,A168_HF9F_20260827_0900,2026-08-27 09:00:00
2026-06-29,150985972,1942,0,14.5400162018,-10.3857258584,-10.3857258584,0.3333333,3,3,0.49324550000000000,0.493245500000,-0.5540025479526107,-0.5540025479526106,-0.5540025479526107,0E-17,ELIGIBLE,R03b_20260811_FULL_v1,L1_ELIGIBILITY,v2026-08-11,2026-03-21..2026-08-06,baccarat_bet02_101_all_pairs_incl_sentinel,round_win = game_pnl > 0 (decisive only),COMPATIBILITY_ONLY_NOT_PRODUCTION,6102.0294,5526.6602,168.7680,582,561,-0.02765769,,-0.02765769,-0.02765769,-168.7680,6102.0294,OK,0.0000,6.7507,4.0000,96.0000,AG03-UNRESOLVED,ALL5_LEVELS_bet23_to_bet27,6.7507,6.7507,6.7507,0.0000,0.0000,4.000000,4.000000,4.000000,0.000000,0.000000,96.000000,96.000000,96.000000,100.000000,100.000000,5.0,20.2522,19.4529,148.5159,149.3152,PENDING_AG03,FALSE,NOT_FOR_ENFORCEMENT,162.0173,5305.5938,168.7680,162.0173,6.7507,0.02765769,0.02655138,6.7507,162.0173,0.02655138,6.7507,6.7507,6.7507,0.0000,0.0000,162.0173,0.02655138,20.2522,19.4529,148.5159,149.3152,0.02433877,0.02446976,0.00110631,10.4846,9.8514,0.3008,56.2560,2.5964,2034.0098,187.0000,,10.4846,4.1543,10.3857,20.7715,20.7715,20.7715,20.7715,10.3857,0.0,2.0,2.0,1.009519,22,55,10,6,0E-8,0.02765769,,0E-8,0.000000,0.905709,0.010309,,2026-06-10,2026-06-30,3,65,33,21,0.142857,,,0.000000,,,,,,,,GLOBAL_BASELINE_NO_ENTITY_RANKING,,,NOT_APPLICABLE_GLOBAL_BASELINE,HF9g-P5,,,,X 全窗基线 · 不参与实体赏罚,6878219,688,A168_HF9F_20260827_0900,2026-08-27 09:00:00
2026-06-29,150985972,1947,0,145.4001620176,58.1600648068,58.1600648068,0.7142857,7,7,0.50090561428571429,0.500905614286,1.129103210700875,1.1291032106993646,1.129103210700875,-2.8571E-13,ELIGIBLE,R03b_20260811_FULL_v1,L1_ELIGIBILITY,v2026-08-11,2026-03-21..2026-08-06,baccarat_bet02_101_all_pairs_incl_sentinel,round_win = game_pnl > 0 (decisive only),COMPATIBILITY_ONLY_NOT_PRODUCTION,6102.0294,5526.6602,168.7680,582,561,-0.02765769,,-0.02765769,-0.02765769,-168.7680,6102.0294,OK,0.0000,6.7507,4.0000,96.0000,AG03-UNRESOLVED,ALL5_LEVELS_bet23_to_bet27,6.7507,6.7507,6.7507,0.0000,0.0000,4.000000,4.000000,4.000000,0.000000,0.000000,96.000000,96.000000,96.000000,100.000000,100.000000,5.0,20.2522,19.4529,148.5159,149.3152,PENDING_AG03,FALSE,NOT_FOR_ENFORCEMENT,162.0173,5305.5938,168.7680,162.0173,6.7507,0.02765769,0.02655138,6.7507,162.0173,0.02655138,6.7507,6.7507,6.7507,0.0000,0.0000,162.0173,0.02655138,20.2522,19.4529,148.5159,149.3152,0.02433877,0.02446976,0.00110631,10.4846,9.8514,0.3008,56.2560,2.5964,2034.0098,187.0000,,10.4846,4.1543,10.3857,20.7715,20.7715,20.7715,20.7715,10.3857,0.0,2.0,2.0,1.009519,22,55,10,6,0E-8,0.02765769,,0E-8,0.000000,0.905709,0.010309,,2026-06-10,2026-06-30,3,65,33,21,0.142857,,,0.000000,,,,,,,,GLOBAL_BASELINE_NO_ENTITY_RANKING,,,NOT_APPLICABLE_GLOBAL_BASELINE,HF9g-P5,,,,X 全窗基线 · 不参与实体赏罚,6878220,688,A168_HF9F_20260827_0900,2026-08-27 09:00:00
2026-06-29,150985972,1957,0,27.0028872320,-22.8485968886,-22.8485968886,0E-7,5,5,0.50128862000000000,0.501288620000,-2.005161139317648,-2.005161139317648,-2.005161139317648,0E-17,ELIGIBLE,R03b_20260811_FULL_v1,L1_ELIGIBILITY,v2026-08-11,2026-03-21..2026-08-06,baccarat_bet02_101_all_pairs_incl_sentinel,round_win = game_pnl > 0 (decisive only),COMPATIBILITY_ONLY_NOT_PRODUCTION,6102.0294,5526.6602,168.7680,582,561,-0.02765769,,-0.02765769,-0.02765769,-168.7680,6102.0294,OK,0.0000,6.7507,4.0000,96.0000,AG03-UNRESOLVED,ALL5_LEVELS_bet23_to_bet27,6.7507,6.7507,6.7507,0.0000,0.0000,4.000000,4.000000,4.000000,0.000000,0.000000,96.000000,96.000000,96.000000,100.000000,100.000000,5.0,20.2522,19.4529,148.5159,149.3152,PENDING_AG03,FALSE,NOT_FOR_ENFORCEMENT,162.0173,5305.5938,168.7680,162.0173,6.7507,0.02765769,0.02655138,6.7507,162.0173,0.02655138,6.7507,6.7507,6.7507,0.0000,0.0000,162.0173,0.02655138,20.2522,19.4529,148.5159,149.3152,0.02433877,0.02446976,0.00110631,10.4846,9.8514,0.3008,56.2560,2.5964,2034.0098,187.0000,,10.4846,4.1543,10.3857,20.7715,20.7715,20.7715,20.7715,10.3857,0.0,2.0,2.0,1.009519,22,55,10,6,0E-8,0.02765769,,0E-8,0.000000,0.905709,0.010309,,2026-06-10,2026-06-30,3,65,33,21,0.142857,,,0.000000,,,,,,,,GLOBAL_BASELINE_NO_ENTITY_RANKING,,,NOT_APPLICABLE_GLOBAL_BASELINE,HF9g-P5,,,,X 全窗基线 · 不参与实体赏罚,6878221,688,A168_HF9F_20260827_0900,2026-08-27 09:00:00
2026-06-29,150985972,2101,0,270.0288723184,76.8543713520,76.8543713520,0.6250000,17,17,0.50270799411764706,0.502707994118,0.9783503961051893,0.9783503961023694,0.9783503961051893,-3.5294E-13,ELIGIBLE,R03b_20260811_FULL_v1,L1_ELIGIBILITY,v2026-08-11,2026-03-21..2026-08-06,baccarat_bet02_101_all_pairs_incl_sentinel,round_win = game_pnl > 0 (decisive only),COMPATIBILITY_ONLY_NOT_PRODUCTION,6102.0294,5526.6602,168.7680,582,561,-0.02765769,,-0.02765769,-0.02765769,-168.7680,6102.0294,OK,0.0000,6.7507,4.0000,96.0000,AG03-UNRESOLVED,ALL5_LEVELS_bet23_to_bet27,6.7507,6.7507,6.7507,0.0000,0.0000,4.000000,4.000000,4.000000,0.000000,0.000000,96.000000,96.000000,96.000000,100.000000,100.000000,5.0,20.2522,19.4529,148.5159,149.3152,PENDING_AG03,FALSE,NOT_FOR_ENFORCEMENT,162.0173,5305.5938,168.7680,162.0173,6.7507,0.02765769,0.02655138,6.7507,162.0173,0.02655138,6.7507,6.7507,6.7507,0.0000,0.0000,162.0173,0.02655138,20.2522,19.4529,148.5159,149.3152,0.02433877,0.02446976,0.00110631,10.4846,9.8514,0.3008,56.2560,2.5964,2034.0098,187.0000,,10.4846,4.1543,10.3857,20.7715,20.7715,20.7715,20.7715,10.3857,0.0,2.0,2.0,1.009519,22,55,10,6,0E-8,0.02765769,,0E-8,0.000000,0.905709,0.010309,,2026-06-10,2026-06-30,3,65,33,21,0.142857,,,0.000000,,,,,,,,GLOBAL_BASELINE_NO_ENTITY_RANKING,,,NOT_APPLICABLE_GLOBAL_BASELINE,HF9g-P5,,,,X 全窗基线 · 不参与实体赏罚,6878222,688,A168_HF9F_20260827_0900,2026-08-27 09:00:00
2026-06-29,150985972,2108,0,207.7145171680,17.6557339593,17.6557339593,0.5333333,18,18,0.49920336666666667,0.499203366667,0.2643699205647875,0.2643699205622052,0.2643699205647875,-3.3333E-13,ELIGIBLE,R03b_20260811_FULL_v1,L1_ELIGIBILITY,v2026-08-11,2026-03-21..2026-08-06,baccarat_bet02_101_all_pairs_incl_sentinel,round_win = game_pnl > 0 (decisive only),COMPATIBILITY_ONLY_NOT_PRODUCTION,6102.0294,5526.6602,168.7680,582,561,-0.02765769,,-0.02765769,-0.02765769,-168.7680,6102.0294,OK,0.0000,6.7507,4.0000,96.0000,AG03-UNRESOLVED,ALL5_LEVELS_bet23_to_bet27,6.7507,6.7507,6.7507,0.0000,0.0000,4.000000,4.000000,4.000000,0.000000,0.000000,96.000000,96.000000,96.000000,100.000000,100.000000,5.0,20.2522,19.4529,148.5159,149.3152,PENDING_AG03,FALSE,NOT_FOR_ENFORCEMENT,162.0173,5305.5938,168.7680,162.0173,6.7507,0.02765769,0.02655138,6.7507,162.0173,0.02655138,6.7507,6.7507,6.7507,0.0000,0.0000,162.0173,0.02655138,20.2522,19.4529,148.5159,149.3152,0.02433877,0.02446976,0.00110631,10.4846,9.8514,0.3008,56.2560,2.5964,2034.0098,187.0000,,10.4846,4.1543,10.3857,20.7715,20.7715,20.7715,20.7715,10.3857,0.0,2.0,2.0,1.009519,22,55,10,6,0E-8,0.02765769,,0E-8,0.000000,0.905709,0.010309,,2026-06-10,2026-06-30,3,65,33,21,0.142857,,,0.000000,,,,,,,,GLOBAL_BASELINE_NO_ENTITY_RANKING,,,NOT_APPLICABLE_GLOBAL_BASELINE,HF9g-P5,,,,X 全窗基线 · 不参与实体赏罚,6878223,688,A168_HF9F_20260827_0900,2026-08-27 09:00:00
2026-06-29,150985972,2117,0,182.7887751080,29.4954614378,29.4954614378,0.5625000,19,18,0.49821038888888889,0.498086266667,0.5143201833340985,0.5153136412216955,0.5143201833340985,0.00012412222188889,ELIGIBLE,R03b_20260811_FULL_v1,L1_ELIGIBILITY,v2026-08-11,2026-03-21..2026-08-06,baccarat_bet02_101_all_pairs_incl_sentinel,round_win = game_pnl > 0 (decisive only),COMPATIBILITY_ONLY_NOT_PRODUCTION,6102.0294,5526.6602,168.7680,582,561,-0.02765769,,-0.02765769,-0.02765769,-168.7680,6102.0294,OK,0.0000,6.7507,4.0000,96.0000,AG03-UNRESOLVED,ALL5_LEVELS_bet23_to_bet27,6.7507,6.7507,6.7507,0.0000,0.0000,4.000000,4.000000,4.000000,0.000000,0.000000,96.000000,96.000000,96.000000,100.000000,100.000000,5.0,20.2522,19.4529,148.5159,149.3152,PENDING_AG03,FALSE,NOT_FOR_ENFORCEMENT,162.0173,5305.5938,168.7680,162.0173,6.7507,0.02765769,0.02655138,6.7507,162.0173,0.02655138,6.7507,6.7507,6.7507,0.0000,0.0000,162.0173,0.02655138,20.2522,19.4529,148.5159,149.3152,0.02433877,0.02446976,0.00110631,10.4846,9.8514,0.3008,56.2560,2.5964,2034.0098,187.0000,,10.4846,4.1543,10.3857,20.7715,20.7715,20.7715,20.7715,10.3857,0.0,2.0,2.0,1.009519,22,55,10,6,0E-8,0.02765769,,0E-8,0.000000,0.905709,0.010309,,2026-06-10,2026-06-30,3,65,33,21,0.142857,,,0.000000,,,,,,,,GLOBAL_BASELINE_NO_ENTITY_RANKING,,,NOT_APPLICABLE_GLOBAL_BASELINE,HF9g-P5,,,,X 全窗基线 · 不参与实体赏罚,6878224,688,A168_HF9F_20260827_0900,2026-08-27 09:00:00
2026-06-29,150985972,2121,0,4.1542903434,-4.1542903434,-4.1542903434,0E-7,1,1,0.50665070000000000,0.506650700000,-1.013391052207602,-1.013391052207602,-1.013391052207602,0E-17,ELIGIBLE,R03b_20260811_FULL_v1,L1_ELIGIBILITY,v2026-08-11,2026-03-21..2026-08-06,baccarat_bet02_101_all_pairs_incl_sentinel,round_win = game_pnl > 0 (decisive only),COMPATIBILITY_ONLY_NOT_PRODUCTION,6102.0294,5526.6602,168.7680,582,561,-0.02765769,,-0.02765769,-0.02765769,-168.7680,6102.0294,OK,0.0000,6.7507,4.0000,96.0000,AG03-UNRESOLVED,ALL5_LEVELS_bet23_to_bet27,6.7507,6.7507,6.7507,0.0000,0.0000,4.000000,4.000000,4.000000,0.000000,0.000000,96.000000,96.000000,96.000000,100.000000,100.000000,5.0,20.2522,19.4529,148.5159,149.3152,PENDING_AG03,FALSE,NOT_FOR_ENFORCEMENT,162.0173,5305.5938,168.7680,162.0173,6.7507,0.02765769,0.02655138,6.7507,162.0173,0.02655138,6.7507,6.7507,6.7507,0.0000,0.0000,162.0173,0.02655138,20.2522,19.4529,148.5159,149.3152,0.02433877,0.02446976,0.00110631,10.4846,9.8514,0.3008,56.2560,2.5964,2034.0098,187.0000,,10.4846,4.1543,10.3857,20.7715,20.7715,20.7715,20.7715,10.3857,0.0,2.0,2.0,1.009519,22,55,10,6,0E-8,0.02765769,,0E-8,0.000000,0.905709,0.010309,,2026-06-10,2026-06-30,3,65,33,21,0.142857,,,0.000000,,,,,,,,GLOBAL_BASELINE_NO_ENTITY_RANKING,,,NOT_APPLICABLE_GLOBAL_BASELINE,HF9g-P5,,,,X 全窗基线 · 不参与实体赏罚,6878225,688,A168_HF9F_20260827_0900,2026-08-27 09:00:00
2026-06-29,150985972,2127,0,228.4859688850,-105.1035456868,-105.1035456868,0.3461538,29,29,0.49971697586206897,0.499716975862,-1.566043040789671,-1.5660430407889678,-1.566043040789671,6.897E-14,ELIGIBLE,R03b_20260811_FULL_v1,L1_ELIGIBILITY,v2026-08-11,2026-03-21..2026-08-06,baccarat_bet02_101_all_pairs_incl_sentinel,round_win = game_pnl > 0 (decisive only),COMPATIBILITY_ONLY_NOT_PRODUCTION,6102.0294,5526.6602,168.7680,582,561,-0.02765769,,-0.02765769,-0.02765769,-168.7680,6102.0294,OK,0.0000,6.7507,4.0000,96.0000,AG03-UNRESOLVED,ALL5_LEVELS_bet23_to_bet27,6.7507,6.7507,6.7507,0.0000,0.0000,4.000000,4.000000,4.000000,0.000000,0.000000,96.000000,96.000000,96.000000,100.000000,100.000000,5.0,20.2522,19.4529,148.5159,149.3152,PENDING_AG03,FALSE,NOT_FOR_ENFORCEMENT,162.0173,5305.5938,168.7680,162.0173,6.7507,0.02765769,0.02655138,6.7507,162.0173,0.02655138,6.7507,6.7507,6.7507,0.0000,0.0000,162.0173,0.02655138,20.2522,19.4529,148.5159,149.3152,0.02433877,0.02446976,0.00110631,10.4846,9.8514,0.3008,56.2560,2.5964,2034.0098,187.0000,,10.4846,4.1543,10.3857,20.7715,20.7715,20.7715,20.7715,10.3857,0.0,2.0,2.0,1.009519,22,55,10,6,0E-8,0.02765769,,0E-8,0.000000,0.905709,0.010309,,2026-06-10,2026-06-30,3,65,33,21,0.142857,,,0.000000,,,,,,,,GLOBAL_BASELINE_NO_ENTITY_RANKING,,,NOT_APPLICABLE_GLOBAL_BASELINE,HF9g-P5,,,,X 全窗基线 · 不参与实体赏罚,6878226,688,A168_HF9F_20260827_0900,2026-08-27 09:00:00
2026-06-29,150985972,2129,0,166.1716137344,-63.3529277363,-63.3529277363,0.2857143,8,8,0.49994810000000000,0.499948100000,-1.133618796148647,-1.133618796148647,-1.133618796148647,0E-17,ELIGIBLE,R03b_20260811_FULL_v1,L1_ELIGIBILITY,v2026-08-11,2026-03-21..2026-08-06,baccarat_bet02_101_all_pairs_incl_sentinel,round_win = game_pnl > 0 (decisive only),COMPATIBILITY_ONLY_NOT_PRODUCTION,6102.0294,5526.6602,168.7680,582,561,-0.02765769,,-0.02765769,-0.02765769,-168.7680,6102.0294,OK,0.0000,6.7507,4.0000,96.0000,AG03-UNRESOLVED,ALL5_LEVELS_bet23_to_bet27,6.7507,6.7507,6.7507,0.0000,0.0000,4.000000,4.000000,4.000000,0.000000,0.000000,96.000000,96.000000,96.000000,100.000000,100.000000,5.0,20.2522,19.4529,148.5159,149.3152,PENDING_AG03,FALSE,NOT_FOR_ENFORCEMENT,162.0173,5305.5938,168.7680,162.0173,6.7507,0.02765769,0.02655138,6.7507,162.0173,0.02655138,6.7507,6.7507,6.7507,0.0000,0.0000,162.0173,0.02655138,20.2522,19.4529,148.5159,149.3152,0.02433877,0.02446976,0.00110631,10.4846,9.8514,0.3008,56.2560,2.5964,2034.0098,187.0000,,10.4846,4.1543,10.3857,20.7715,20.7715,20.7715,20.7715,10.3857,0.0,2.0,2.0,1.009519,22,55,10,6,0E-8,0.02765769,,0E-8,0.000000,0.905709,0.010309,,2026-06-10,2026-06-30,3,65,33,21,0.142857,,,0.000000,,,,,,,,GLOBAL_BASELINE_NO_ENTITY_RANKING,,,NOT_APPLICABLE_GLOBAL_BASELINE,HF9g-P5,,,,X 全窗基线 · 不参与实体赏罚,6878227,688,A168_HF9F_20260827_0900,2026-08-27 09:00:00
2026-06-29,150985972,2155,0,93.4715327256,-52.4479155849,-52.4479155849,0.2500000,8,8,0.49827245000000000,0.498272450000,-1.404449446798726,-1.404449446798726,-1.404449446798726,0E-17,ELIGIBLE,R03b_20260811_FULL_v1,L1_ELIGIBILITY,v2026-08-11,2026-03-21..2026-08-06,baccarat_bet02_101_all_pairs_incl_sentinel,round_win = game_pnl > 0 (decisive only),COMPATIBILITY_ONLY_NOT_PRODUCTION,6102.0294,5526.6602,168.7680,582,561,-0.02765769,,-0.02765769,-0.02765769,-168.7680,6102.0294,OK,0.0000,6.7507,4.0000,96.0000,AG03-UNRESOLVED,ALL5_LEVELS_bet23_to_bet27,6.7507,6.7507,6.7507,0.0000,0.0000,4.000000,4.000000,4.000000,0.000000,0.000000,96.000000,96.000000,96.000000,100.000000,100.000000,5.0,20.2522,19.4529,148.5159,149.3152,PENDING_AG03,FALSE,NOT_FOR_ENFORCEMENT,162.0173,5305.5938,168.7680,162.0173,6.7507,0.02765769,0.02655138,6.7507,162.0173,0.02655138,6.7507,6.7507,6.7507,0.0000,0.0000,162.0173,0.02655138,20.2522,19.4529,148.5159,149.3152,0.02433877,0.02446976,0.00110631,10.4846,9.8514,0.3008,56.2560,2.5964,2034.0098,187.0000,,10.4846,4.1543,10.3857,20.7715,20.7715,20.7715,20.7715,10.3857,0.0,2.0,2.0,1.009519,22,55,10,6,0E-8,0.02765769,,0E-8,0.000000,0.905709,0.010309,,2026-06-10,2026-06-30,3,65,33,21,0.142857,,,0.000000,,,,,,,,GLOBAL_BASELINE_NO_ENTITY_RANKING,,,NOT_APPLICABLE_GLOBAL_BASELINE,HF9g-P5,,,,X 全窗基线 · 不参与实体赏罚,6878228,688,A168_HF9F_20260827_0900,2026-08-27 09:00:00
2026-06-29,150985972,2174,0,18.6943065452,-16.6171613735,-16.6171613735,0E-7,4,4,0.49994810000000000,0.499948100000,-1.7318710300250217,-1.7318710300250217,-1.7318710300250217,0E-17,ELIGIBLE,R03b_20260811_FULL_v1,L1_ELIGIBILITY,v2026-08-11,2026-03-21..2026-08-06,baccarat_bet02_101_all_pairs_incl_sentinel,round_win = game_pnl > 0 (decisive only),COMPATIBILITY_ONLY_NOT_PRODUCTION,6102.0294,5526.6602,168.7680,582,561,-0.02765769,,-0.02765769,-0.02765769,-168.7680,6102.0294,OK,0.0000,6.7507,4.0000,96.0000,AG03-UNRESOLVED,ALL5_LEVELS_bet23_to_bet27,6.7507,6.7507,6.7507,0.0000,0.0000,4.000000,4.000000,4.000000,0.000000,0.000000,96.000000,96.000000,96.000000,100.000000,100.000000,5.0,20.2522,19.4529,148.5159,149.3152,PENDING_AG03,FALSE,NOT_FOR_ENFORCEMENT,162.0173,5305.5938,168.7680,162.0173,6.7507,0.02765769,0.02655138,6.7507,162.0173,0.02655138,6.7507,6.7507,6.7507,0.0000,0.0000,162.0173,0.02655138,20.2522,19.4529,148.5159,149.3152,0.02433877,0.02446976,0.00110631,10.4846,9.8514,0.3008,56.2560,2.5964,2034.0098,187.0000,,10.4846,4.1543,10.3857,20.7715,20.7715,20.7715,20.7715,10.3857,0.0,2.0,2.0,1.009519,22,55,10,6,0E-8,0.02765769,,0E-8,0.000000,0.905709,0.010309,,2026-06-10,2026-06-30,3,65,33,21,0.142857,,,0.000000,,,,,,,,GLOBAL_BASELINE_NO_ENTITY_RANKING,,,NOT_APPLICABLE_GLOBAL_BASELINE,HF9g-P5,,,,X 全窗基线 · 不参与实体赏罚,6878229,688,A168_HF9F_20260827_0900,2026-08-27 09:00:00
2026-06-29,150985972,2188,0,99.7029682407,-19.4213073552,-19.4213073552,0.5000000,10,9,0.49294173703697484,0.477439544444,0.03993154373988789,0.12775131937869733,0.03993154373988789,0.01550219259297484,ELIGIBLE,R03b_20260811_FULL_v1,L1_ELIGIBILITY,v2026-08-11,2026-03-21..2026-08-06,baccarat_bet02_101_all_pairs_incl_sentinel,round_win = game_pnl > 0 (decisive only),COMPATIBILITY_ONLY_NOT_PRODUCTION,6102.0294,5526.6602,168.7680,582,561,-0.02765769,,-0.02765769,-0.02765769,-168.7680,6102.0294,OK,0.0000,6.7507,4.0000,96.0000,AG03-UNRESOLVED,ALL5_LEVELS_bet23_to_bet27,6.7507,6.7507,6.7507,0.0000,0.0000,4.000000,4.000000,4.000000,0.000000,0.000000,96.000000,96.000000,96.000000,100.000000,100.000000,5.0,20.2522,19.4529,148.5159,149.3152,PENDING_AG03,FALSE,NOT_FOR_ENFORCEMENT,162.0173,5305.5938,168.7680,162.0173,6.7507,0.02765769,0.02655138,6.7507,162.0173,0.02655138,6.7507,6.7507,6.7507,0.0000,0.0000,162.0173,0.02655138,20.2522,19.4529,148.5159,149.3152,0.02433877,0.02446976,0.00110631,10.4846,9.8514,0.3008,56.2560,2.5964,2034.0098,187.0000,,10.4846,4.1543,10.3857,20.7715,20.7715,20.7715,20.7715,10.3857,0.0,2.0,2.0,1.009519,22,55,10,6,0E-8,0.02765769,,0E-8,0.000000,0.905709,0.010309,,2026-06-10,2026-06-30,3,65,33,21,0.142857,,,0.000000,,,,,,,,GLOBAL_BASELINE_NO_ENTITY_RANKING,,,NOT_APPLICABLE_GLOBAL_BASELINE,HF9g-P5,,,,X 全窗基线 · 不参与实体赏罚,6878230,688,A168_HF9F_20260827_0900,2026-08-27 09:00:00
2026-06-29,150985972,2210,0,4.1542903434,-4.1542903434,-4.1542903434,0E-7,1,1,0.49324550000000000,0.493245500000,-0.9865810262130424,-0.9865810262130424,-0.9865810262130424,0E-17,ELIGIBLE,R03b_20260811_FULL_v1,L1_ELIGIBILITY,v2026-08-11,2026-03-21..2026-08-06,baccarat_bet02_101_all_pairs_incl_sentinel,round_win = game_pnl > 0 (decisive only),COMPATIBILITY_ONLY_NOT_PRODUCTION,6102.0294,5526.6602,168.7680,582,561,-0.02765769,,-0.02765769,-0.02765769,-168.7680,6102.0294,OK,0.0000,6.7507,4.0000,96.0000,AG03-UNRESOLVED,ALL5_LEVELS_bet23_to_bet27,6.7507,6.7507,6.7507,0.0000,0.0000,4.000000,4.000000,4.000000,0.000000,0.000000,96.000000,96.000000,96.000000,100.000000,100.000000,5.0,20.2522,19.4529,148.5159,149.3152,PENDING_AG03,FALSE,NOT_FOR_ENFORCEMENT,162.0173,5305.5938,168.7680,162.0173,6.7507,0.02765769,0.02655138,6.7507,162.0173,0.02655138,6.7507,6.7507,6.7507,0.0000,0.0000,162.0173,0.02655138,20.2522,19.4529,148.5159,149.3152,0.02433877,0.02446976,0.00110631,10.4846,9.8514,0.3008,56.2560,2.5964,2034.0098,187.0000,,10.4846,4.1543,10.3857,20.7715,20.7715,20.7715,20.7715,10.3857,0.0,2.0,2.0,1.009519,22,55,10,6,0E-8,0.02765769,,0E-8,0.000000,0.905709,0.010309,,2026-06-10,2026-06-30,3,65,33,21,0.142857,,,0.000000,,,,,,,,GLOBAL_BASELINE_NO_ENTITY_RANKING,,,NOT_APPLICABLE_GLOBAL_BASELINE,HF9g-P5,,,,X 全窗基线 · 不参与实体赏罚,6878231,688,A168_HF9F_20260827_0900,2026-08-27 09:00:00
2026-06-29,150985972,2212,0,22.8485968886,-10.5934403756,-10.5934403756,0.3333333,4,4,0.50665070000000000,0.506650700000,-0.6004420894325239,-0.6004420894325239,-0.6004420894325239,0E-17,ELIGIBLE,R03b_20260811_FULL_v1,L1_ELIGIBILITY,v2026-08-11,2026-03-21..2026-08-06,baccarat_bet02_101_all_pairs_incl_sentinel,round_win = game_pnl > 0 (decisive only),COMPATIBILITY_ONLY_NOT_PRODUCTION,6102.0294,5526.6602,168.7680,582,561,-0.02765769,,-0.02765769,-0.02765769,-168.7680,6102.0294,OK,0.0000,6.7507,4.0000,96.0000,AG03-UNRESOLVED,ALL5_LEVELS_bet23_to_bet27,6.7507,6.7507,6.7507,0.0000,0.0000,4.000000,4.000000,4.000000,0.000000,0.000000,96.000000,96.000000,96.000000,100.000000,100.000000,5.0,20.2522,19.4529,148.5159,149.3152,PENDING_AG03,FALSE,NOT_FOR_ENFORCEMENT,162.0173,5305.5938,168.7680,162.0173,6.7507,0.02765769,0.02655138,6.7507,162.0173,0.02655138,6.7507,6.7507,6.7507,0.0000,0.0000,162.0173,0.02655138,20.2522,19.4529,148.5159,149.3152,0.02433877,0.02446976,0.00110631,10.4846,9.8514,0.3008,56.2560,2.5964,2034.0098,187.0000,,10.4846,4.1543,10.3857,20.7715,20.7715,20.7715,20.7715,10.3857,0.0,2.0,2.0,1.009519,22,55,10,6,0E-8,0.02765769,,0E-8,0.000000,0.905709,0.010309,,2026-06-10,2026-06-30,3,65,33,21,0.142857,,,0.000000,,,,,,,,GLOBAL_BASELINE_NO_ENTITY_RANKING,,,NOT_APPLICABLE_GLOBAL_BASELINE,HF9g-P5,,,,X 全窗基线 · 不参与实体赏罚,6878232,688,A168_HF9F_20260827_0900,2026-08-27 09:00:00
2026-06-29,150985972,2222,0,20.7714517168,-20.7714517168,-20.7714517168,0E-7,1,1,0.50665070000000000,0.506650700000,-1.013391052207602,-1.013391052207602,-1.013391052207602,0E-17,ELIGIBLE,R03b_20260811_FULL_v1,L1_ELIGIBILITY,v2026-08-11,2026-03-21..2026-08-06,baccarat_bet02_101_all_pairs_incl_sentinel,round_win = game_pnl > 0 (decisive only),COMPATIBILITY_ONLY_NOT_PRODUCTION,6102.0294,5526.6602,168.7680,582,561,-0.02765769,,-0.02765769,-0.02765769,-168.7680,6102.0294,OK,0.0000,6.7507,4.0000,96.0000,AG03-UNRESOLVED,ALL5_LEVELS_bet23_to_bet27,6.7507,6.7507,6.7507,0.0000,0.0000,4.000000,4.000000,4.000000,0.000000,0.000000,96.000000,96.000000,96.000000,100.000000,100.000000,5.0,20.2522,19.4529,148.5159,149.3152,PENDING_AG03,FALSE,NOT_FOR_ENFORCEMENT,162.0173,5305.5938,168.7680,162.0173,6.7507,0.02765769,0.02655138,6.7507,162.0173,0.02655138,6.7507,6.7507,6.7507,0.0000,0.0000,162.0173,0.02655138,20.2522,19.4529,148.5159,149.3152,0.02433877,0.02446976,0.00110631,10.4846,9.8514,0.3008,56.2560,2.5964,2034.0098,187.0000,,10.4846,4.1543,10.3857,20.7715,20.7715,20.7715,20.7715,10.3857,0.0,2.0,2.0,1.009519,22,55,10,6,0E-8,0.02765769,,0E-8,0.000000,0.905709,0.010309,,2026-06-10,2026-06-30,3,65,33,21,0.142857,,,0.000000,,,,,,,,GLOBAL_BASELINE_NO_ENTITY_RANKING,,,NOT_APPLICABLE_GLOBAL_BASELINE,HF9g-P5,,,,X 全窗基线 · 不参与实体赏罚,6878233,688,A168_HF9F_20260827_0900,2026-08-27 09:00:00
2026-06-29,150985972,2240,0,91.3943875540,0E-10,0E-10,0.5000000,10,10,0.49458602000000000,0.494586020000,0.030627891301533094,0.030627891301533094,0.030627891301533094,0E-17,ELIGIBLE,R03b_20260811_FULL_v1,L1_ELIGIBILITY,v2026-08-11,2026-03-21..2026-08-06,baccarat_bet02_101_all_pairs_incl_sentinel,round_win = game_pnl > 0 (decisive only),COMPATIBILITY_ONLY_NOT_PRODUCTION,6102.0294,5526.6602,168.7680,582,561,-0.02765769,,-0.02765769,-0.02765769,-168.7680,6102.0294,OK,0.0000,6.7507,4.0000,96.0000,AG03-UNRESOLVED,ALL5_LEVELS_bet23_to_bet27,6.7507,6.7507,6.7507,0.0000,0.0000,4.000000,4.000000,4.000000,0.000000,0.000000,96.000000,96.000000,96.000000,100.000000,100.000000,5.0,20.2522,19.4529,148.5159,149.3152,PENDING_AG03,FALSE,NOT_FOR_ENFORCEMENT,162.0173,5305.5938,168.7680,162.0173,6.7507,0.02765769,0.02655138,6.7507,162.0173,0.02655138,6.7507,6.7507,6.7507,0.0000,0.0000,162.0173,0.02655138,20.2522,19.4529,148.5159,149.3152,0.02433877,0.02446976,0.00110631,10.4846,9.8514,0.3008,56.2560,2.5964,2034.0098,187.0000,,10.4846,4.1543,10.3857,20.7715,20.7715,20.7715,20.7715,10.3857,0.0,2.0,2.0,1.009519,22,55,10,6,0E-8,0.02765769,,0E-8,0.000000,0.905709,0.010309,,2026-06-10,2026-06-30,3,65,33,21,0.142857,,,0.000000,,,,,,,,GLOBAL_BASELINE_NO_ENTITY_RANKING,,,NOT_APPLICABLE_GLOBAL_BASELINE,HF9g-P5,,,,X 全窗基线 · 不参与实体赏罚,6878234,688,A168_HF9F_20260827_0900,2026-08-27 09:00:00
2026-06-29,150985972,2251,0,143.3230168461,4.5697193778,4.5697193778,0.5625000,17,17,0.50034237058823529,0.500342370588,0.4972611518696685,0.4972611518715507,0.4972611518696685,2.3529E-13,ELIGIBLE,R03b_20260811_FULL_v1,L1_ELIGIBILITY,v2026-08-11,2026-03-21..2026-08-06,baccarat_bet02_101_all_pairs_incl_sentinel,round_win = game_pnl > 0 (decisive only),COMPATIBILITY_ONLY_NOT_PRODUCTION,6102.0294,5526.6602,168.7680,582,561,-0.02765769,,-0.02765769,-0.02765769,-168.7680,6102.0294,OK,0.0000,6.7507,4.0000,96.0000,AG03-UNRESOLVED,ALL5_LEVELS_bet23_to_bet27,6.7507,6.7507,6.7507,0.0000,0.0000,4.000000,4.000000,4.000000,0.000000,0.000000,96.000000,96.000000,96.000000,100.000000,100.000000,5.0,20.2522,19.4529,148.5159,149.3152,PENDING_AG03,FALSE,NOT_FOR_ENFORCEMENT,162.0173,5305.5938,168.7680,162.0173,6.7507,0.02765769,0.02655138,6.7507,162.0173,0.02655138,6.7507,6.7507,6.7507,0.0000,0.0000,162.0173,0.02655138,20.2522,19.4529,148.5159,149.3152,0.02433877,0.02446976,0.00110631,10.4846,9.8514,0.3008,56.2560,2.5964,2034.0098,187.0000,,10.4846,4.1543,10.3857,20.7715,20.7715,20.7715,20.7715,10.3857,0.0,2.0,2.0,1.009519,22,55,10,6,0E-8,0.02765769,,0E-8,0.000000,0.905709,0.010309,,2026-06-10,2026-06-30,3,65,33,21,0.142857,,,0.000000,,,,,,,,GLOBAL_BASELINE_NO_ENTITY_RANKING,,,NOT_APPLICABLE_GLOBAL_BASELINE,HF9g-P5,,,,X 全窗基线 · 不参与实体赏罚,6878235,688,A168_HF9F_20260827_0900,2026-08-27 09:00:00
2026-06-29,150985972,2257,0,166.1716137344,-83.0858068672,-83.0858068672,0.2857143,14,14,0.49899058571428571,0.498990585714,-1.5960169390591663,-1.5960169390570302,-1.5960169390591663,2.8571E-13,ELIGIBLE,R03b_20260811_FULL_v1,L1_ELIGIBILITY,v2026-08-11,2026-03-21..2026-08-06,baccarat_bet02_101_all_pairs_incl_sentinel,round_win = game_pnl > 0 (decisive only),COMPATIBILITY_ONLY_NOT_PRODUCTION,6102.0294,5526.6602,168.7680,582,561,-0.02765769,,-0.02765769,-0.02765769,-168.7680,6102.0294,OK,0.0000,6.7507,4.0000,96.0000,AG03-UNRESOLVED,ALL5_LEVELS_bet23_to_bet27,6.7507,6.7507,6.7507,0.0000,0.0000,4.000000,4.000000,4.000000,0.000000,0.000000,96.000000,96.000000,96.000000,100.000000,100.000000,5.0,20.2522,19.4529,148.5159,149.3152,PENDING_AG03,FALSE,NOT_FOR_ENFORCEMENT,162.0173,5305.5938,168.7680,162.0173,6.7507,0.02765769,0.02655138,6.7507,162.0173,0.02655138,6.7507,6.7507,6.7507,0.0000,0.0000,162.0173,0.02655138,20.2522,19.4529,148.5159,149.3152,0.02433877,0.02446976,0.00110631,10.4846,9.8514,0.3008,56.2560,2.5964,2034.0098,187.0000,,10.4846,4.1543,10.3857,20.7715,20.7715,20.7715,20.7715,10.3857,0.0,2.0,2.0,1.009519,22,55,10,6,0E-8,0.02765769,,0E-8,0.000000,0.905709,0.010309,,2026-06-10,2026-06-30,3,65,33,21,0.142857,,,0.000000,,,,,,,,GLOBAL_BASELINE_NO_ENTITY_RANKING,,,NOT_APPLICABLE_GLOBAL_BASELINE,HF9g-P5,,,,X 全窗基线 · 不参与实体赏罚,6878236,688,A168_HF9F_20260827_0900,2026-08-27 09:00:00
2026-06-29,150985972,2262,0,20.7714517169,3.7388613090,3.7388613090,0.5000000,4,4,0.50329940000000000,0.503299400000,-0.01319788734859681,-0.01319788734859681,-0.01319788734859681,0E-17,ELIGIBLE,R03b_20260811_FULL_v1,L1_ELIGIBILITY,v2026-08-11,2026-03-21..2026-08-06,baccarat_bet02_101_all_pairs_incl_sentinel,round_win = game_pnl > 0 (decisive only),COMPATIBILITY_ONLY_NOT_PRODUCTION,6102.0294,5526.6602,168.7680,582,561,-0.02765769,,-0.02765769,-0.02765769,-168.7680,6102.0294,OK,0.0000,6.7507,4.0000,96.0000,AG03-UNRESOLVED,ALL5_LEVELS_bet23_to_bet27,6.7507,6.7507,6.7507,0.0000,0.0000,4.000000,4.000000,4.000000,0.000000,0.000000,96.000000,96.000000,96.000000,100.000000,100.000000,5.0,20.2522,19.4529,148.5159,149.3152,PENDING_AG03,FALSE,NOT_FOR_ENFORCEMENT,162.0173,5305.5938,168.7680,162.0173,6.7507,0.02765769,0.02655138,6.7507,162.0173,0.02655138,6.7507,6.7507,6.7507,0.0000,0.0000,162.0173,0.02655138,20.2522,19.4529,148.5159,149.3152,0.02433877,0.02446976,0.00110631,10.4846,9.8514,0.3008,56.2560,2.5964,2034.0098,187.0000,,10.4846,4.1543,10.3857,20.7715,20.7715,20.7715,20.7715,10.3857,0.0,2.0,2.0,1.009519,22,55,10,6,0E-8,0.02765769,,0E-8,0.000000,0.905709,0.010309,,2026-06-10,2026-06-30,3,65,33,21,0.142857,,,0.000000,,,,,,,,GLOBAL_BASELINE_NO_ENTITY_RANKING,,,NOT_APPLICABLE_GLOBAL_BASELINE,HF9g-P5,,,,X 全窗基线 · 不参与实体赏罚,6878237,688,A168_HF9F_20260827_0900,2026-08-27 09:00:00
2026-06-29,150985972,2266,0,186.9430654512,38.9464719689,38.9464719689,0.6000000,10,10,0.49994810000000000,0.499948100000,0.6327837798637467,0.6327837798637467,0.6327837798637467,0E-17,ELIGIBLE,R03b_20260811_FULL_v1,L1_ELIGIBILITY,v2026-08-11,2026-03-21..2026-08-06,baccarat_bet02_101_all_pairs_incl_sentinel,round_win = game_pnl > 0 (decisive only),COMPATIBILITY_ONLY_NOT_PRODUCTION,6102.0294,5526.6602,168.7680,582,561,-0.02765769,,-0.02765769,-0.02765769,-168.7680,6102.0294,OK,0.0000,6.7507,4.0000,96.0000,AG03-UNRESOLVED,ALL5_LEVELS_bet23_to_bet27,6.7507,6.7507,6.7507,0.0000,0.0000,4.000000,4.000000,4.000000,0.000000,0.000000,96.000000,96.000000,96.000000,100.000000,100.000000,5.0,20.2522,19.4529,148.5159,149.3152,PENDING_AG03,FALSE,NOT_FOR_ENFORCEMENT,162.0173,5305.5938,168.7680,162.0173,6.7507,0.02765769,0.02655138,6.7507,162.0173,0.02655138,6.7507,6.7507,6.7507,0.0000,0.0000,162.0173,0.02655138,20.2522,19.4529,148.5159,149.3152,0.02433877,0.02446976,0.00110631,10.4846,9.8514,0.3008,56.2560,2.5964,2034.0098,187.0000,,10.4846,4.1543,10.3857,20.7715,20.7715,20.7715,20.7715,10.3857,0.0,2.0,2.0,1.009519,22,55,10,6,0E-8,0.02765769,,0E-8,0.000000,0.905709,0.010309,,2026-06-10,2026-06-30,3,65,33,21,0.142857,,,0.000000,,,,,,,,GLOBAL_BASELINE_NO_ENTITY_RANKING,,,NOT_APPLICABLE_GLOBAL_BASELINE,HF9g-P5,,,,X 全窗基线 · 不参与实体赏罚,6878238,688,A168_HF9F_20260827_0900,2026-08-27 09:00:00
2026-06-29,150985972,2271,0,351.0375340140,13.5014436160,13.5014436160,0.5384615,28,28,0.49994810000000000,0.499948100000,0.3927615506177719,0.3927615506177719,0.3927615506177719,0E-17,ELIGIBLE,R03b_20260811_FULL_v1,L1_ELIGIBILITY,v2026-08-11,2026-03-21..2026-08-06,baccarat_bet02_101_all_pairs_incl_sentinel,round_win = game_pnl > 0 (decisive only),COMPATIBILITY_ONLY_NOT_PRODUCTION,6102.0294,5526.6602,168.7680,582,561,-0.02765769,,-0.02765769,-0.02765769,-168.7680,6102.0294,OK,0.0000,6.7507,4.0000,96.0000,AG03-UNRESOLVED,ALL5_LEVELS_bet23_to_bet27,6.7507,6.7507,6.7507,0.0000,0.0000,4.000000,4.000000,4.000000,0.000000,0.000000,96.000000,96.000000,96.000000,100.000000,100.000000,5.0,20.2522,19.4529,148.5159,149.3152,PENDING_AG03,FALSE,NOT_FOR_ENFORCEMENT,162.0173,5305.5938,168.7680,162.0173,6.7507,0.02765769,0.02655138,6.7507,162.0173,0.02655138,6.7507,6.7507,6.7507,0.0000,0.0000,162.0173,0.02655138,20.2522,19.4529,148.5159,149.3152,0.02433877,0.02446976,0.00110631,10.4846,9.8514,0.3008,56.2560,2.5964,2034.0098,187.0000,,10.4846,4.1543,10.3857,20.7715,20.7715,20.7715,20.7715,10.3857,0.0,2.0,2.0,1.009519,22,55,10,6,0E-8,0.02765769,,0E-8,0.000000,0.905709,0.010309,,2026-06-10,2026-06-30,3,65,33,21,0.142857,,,0.000000,,,,,,,,GLOBAL_BASELINE_NO_ENTITY_RANKING,,,NOT_APPLICABLE_GLOBAL_BASELINE,HF9g-P5,,,,X 全窗基线 · 不参与实体赏罚,6878239,688,A168_HF9F_20260827_0900,2026-08-27 09:00:00
2026-06-29,150985972,2280,0,72.7000810088,-31.1571775752,-31.1571775752,0.2500000,4,4,0.49994810000000000,0.499948100000,-0.9997924053861017,-0.9997924053861017,-0.9997924053861017,0E-17,ELIGIBLE,R03b_20260811_FULL_v1,L1_ELIGIBILITY,v2026-08-11,2026-03-21..2026-08-06,baccarat_bet02_101_all_pairs_incl_sentinel,round_win = game_pnl > 0 (decisive only),COMPATIBILITY_ONLY_NOT_PRODUCTION,6102.0294,5526.6602,168.7680,582,561,-0.02765769,,-0.02765769,-0.02765769,-168.7680,6102.0294,OK,0.0000,6.7507,4.0000,96.0000,AG03-UNRESOLVED,ALL5_LEVELS_bet23_to_bet27,6.7507,6.7507,6.7507,0.0000,0.0000,4.000000,4.000000,4.000000,0.000000,0.000000,96.000000,96.000000,96.000000,100.000000,100.000000,5.0,20.2522,19.4529,148.5159,149.3152,PENDING_AG03,FALSE,NOT_FOR_ENFORCEMENT,162.0173,5305.5938,168.7680,162.0173,6.7507,0.02765769,0.02655138,6.7507,162.0173,0.02655138,6.7507,6.7507,6.7507,0.0000,0.0000,162.0173,0.02655138,20.2522,19.4529,148.5159,149.3152,0.02433877,0.02446976,0.00110631,10.4846,9.8514,0.3008,56.2560,2.5964,2034.0098,187.0000,,10.4846,4.1543,10.3857,20.7715,20.7715,20.7715,20.7715,10.3857,0.0,2.0,2.0,1.009519,22,55,10,6,0E-8,0.02765769,,0E-8,0.000000,0.905709,0.010309,,2026-06-10,2026-06-30,3,65,33,21,0.142857,,,0.000000,,,,,,,,GLOBAL_BASELINE_NO_ENTITY_RANKING,,,NOT_APPLICABLE_GLOBAL_BASELINE,HF9g-P5,,,,X 全窗基线 · 不参与实体赏罚,6878240,688,A168_HF9F_20260827_0900,2026-08-27 09:00:00
2026-06-29,150985972,462,0,207.7145171680,25.9643146458,25.9643146458,0.5384615,14,14,0.50186312857142857,0.501863128571,0.2639167191656454,0.2639167191687351,0.2639167191656454,4.2857E-13,ELIGIBLE,R03b_20260811_FULL_v1,L1_ELIGIBILITY,v2026-08-11,2026-03-21..2026-08-06,baccarat_bet02_101_all_pairs_incl_sentinel,round_win = game_pnl > 0 (decisive only),COMPATIBILITY_ONLY_NOT_PRODUCTION,6102.0294,5526.6602,168.7680,582,561,-0.02765769,,-0.02765769,-0.02765769,-168.7680,6102.0294,OK,0.0000,6.7507,4.0000,96.0000,AG03-UNRESOLVED,ALL5_LEVELS_bet23_to_bet27,6.7507,6.7507,6.7507,0.0000,0.0000,4.000000,4.000000,4.000000,0.000000,0.000000,96.000000,96.000000,96.000000,100.000000,100.000000,5.0,20.2522,19.4529,148.5159,149.3152,PENDING_AG03,FALSE,NOT_FOR_ENFORCEMENT,162.0173,5305.5938,168.7680,162.0173,6.7507,0.02765769,0.02655138,6.7507,162.0173,0.02655138,6.7507,6.7507,6.7507,0.0000,0.0000,162.0173,0.02655138,20.2522,19.4529,148.5159,149.3152,0.02433877,0.02446976,0.00110631,10.4846,9.8514,0.3008,56.2560,2.5964,2034.0098,187.0000,,10.4846,4.1543,10.3857,20.7715,20.7715,20.7715,20.7715,10.3857,0.0,2.0,2.0,1.009519,22,55,10,6,0E-8,0.02765769,,0E-8,0.000000,0.905709,0.010309,,2026-06-10,2026-06-30,3,65,33,21,0.142857,,,0.000000,,,,,,,,GLOBAL_BASELINE_NO_ENTITY_RANKING,,,NOT_APPLICABLE_GLOBAL_BASELINE,HF9g-P5,,,,X 全窗基线 · 不参与实体赏罚,6878241,688,A168_HF9F_20260827_0900,2026-08-27 09:00:00
2026-06-29,150985972,526,0,612.7578256456,-79.9700891099,-79.9700891099,0.4545455,37,37,0.50049155405405405,0.500491554054,-0.5278807490812832,-0.5278807490806623,-0.5278807490812832,5.405E-14,ELIGIBLE,R03b_20260811_FULL_v1,L1_ELIGIBILITY,v2026-08-11,2026-03-21..2026-08-06,baccarat_bet02_101_all_pairs_incl_sentinel,round_win = game_pnl > 0 (decisive only),COMPATIBILITY_ONLY_NOT_PRODUCTION,6102.0294,5526.6602,168.7680,582,561,-0.02765769,,-0.02765769,-0.02765769,-168.7680,6102.0294,OK,0.0000,6.7507,4.0000,96.0000,AG03-UNRESOLVED,ALL5_LEVELS_bet23_to_bet27,6.7507,6.7507,6.7507,0.0000,0.0000,4.000000,4.000000,4.000000,0.000000,0.000000,96.000000,96.000000,96.000000,100.000000,100.000000,5.0,20.2522,19.4529,148.5159,149.3152,PENDING_AG03,FALSE,NOT_FOR_ENFORCEMENT,162.0173,5305.5938,168.7680,162.0173,6.7507,0.02765769,0.02655138,6.7507,162.0173,0.02655138,6.7507,6.7507,6.7507,0.0000,0.0000,162.0173,0.02655138,20.2522,19.4529,148.5159,149.3152,0.02433877,0.02446976,0.00110631,10.4846,9.8514,0.3008,56.2560,2.5964,2034.0098,187.0000,,10.4846,4.1543,10.3857,20.7715,20.7715,20.7715,20.7715,10.3857,0.0,2.0,2.0,1.009519,22,55,10,6,0E-8,0.02765769,,0E-8,0.000000,0.905709,0.010309,,2026-06-10,2026-06-30,3,65,33,21,0.142857,,,0.000000,,,,,,,,GLOBAL_BASELINE_NO_ENTITY_RANKING,,,NOT_APPLICABLE_GLOBAL_BASELINE,HF9g-P5,,,,X 全窗基线 · 不参与实体赏罚,6878242,688,A168_HF9F_20260827_0900,2026-08-27 09:00:00
2026-06-29,150985972,529,0,8.3085806867,-8.3085806867,-8.3085806867,0E-7,1,1,0.49324550000000000,0.493245500000,-0.9865810262130424,-0.9865810262130424,-0.9865810262130424,0E-17,ELIGIBLE,R03b_20260811_FULL_v1,L1_ELIGIBILITY,v2026-08-11,2026-03-21..2026-08-06,baccarat_bet02_101_all_pairs_incl_sentinel,round_win = game_pnl > 0 (decisive only),COMPATIBILITY_ONLY_NOT_PRODUCTION,6102.0294,5526.6602,168.7680,582,561,-0.02765769,,-0.02765769,-0.02765769,-168.7680,6102.0294,OK,0.0000,6.7507,4.0000,96.0000,AG03-UNRESOLVED,ALL5_LEVELS_bet23_to_bet27,6.7507,6.7507,6.7507,0.0000,0.0000,4.000000,4.000000,4.000000,0.000000,0.000000,96.000000,96.000000,96.000000,100.000000,100.000000,5.0,20.2522,19.4529,148.5159,149.3152,PENDING_AG03,FALSE,NOT_FOR_ENFORCEMENT,162.0173,5305.5938,168.7680,162.0173,6.7507,0.02765769,0.02655138,6.7507,162.0173,0.02655138,6.7507,6.7507,6.7507,0.0000,0.0000,162.0173,0.02655138,20.2522,19.4529,148.5159,149.3152,0.02433877,0.02446976,0.00110631,10.4846,9.8514,0.3008,56.2560,2.5964,2034.0098,187.0000,,10.4846,4.1543,10.3857,20.7715,20.7715,20.7715,20.7715,10.3857,0.0,2.0,2.0,1.009519,22,55,10,6,0E-8,0.02765769,,0E-8,0.000000,0.905709,0.010309,,2026-06-10,2026-06-30,3,65,33,21,0.142857,,,0.000000,,,,,,,,GLOBAL_BASELINE_NO_ENTITY_RANKING,,,NOT_APPLICABLE_GLOBAL_BASELINE,HF9g-P5,,,,X 全窗基线 · 不参与实体赏罚,6878243,688,A168_HF9F_20260827_0900,2026-08-27 09:00:00
2026-06-29,150985972,583,0,145.4001620176,10.3857258584,10.3857258584,0.5454545,13,13,0.49427666923076923,0.494276669231,0.33949786826572814,0.3394978682641956,0.33949786826572814,-2.3077E-13,ELIGIBLE,R03b_20260811_FULL_v1,L1_ELIGIBILITY,v2026-08-11,2026-03-21..2026-08-06,baccarat_bet02_101_all_pairs_incl_sentinel,round_win = game_pnl > 0 (decisive only),COMPATIBILITY_ONLY_NOT_PRODUCTION,6102.0294,5526.6602,168.7680,582,561,-0.02765769,,-0.02765769,-0.02765769,-168.7680,6102.0294,OK,0.0000,6.7507,4.0000,96.0000,AG03-UNRESOLVED,ALL5_LEVELS_bet23_to_bet27,6.7507,6.7507,6.7507,0.0000,0.0000,4.000000,4.000000,4.000000,0.000000,0.000000,96.000000,96.000000,96.000000,100.000000,100.000000,5.0,20.2522,19.4529,148.5159,149.3152,PENDING_AG03,FALSE,NOT_FOR_ENFORCEMENT,162.0173,5305.5938,168.7680,162.0173,6.7507,0.02765769,0.02655138,6.7507,162.0173,0.02655138,6.7507,6.7507,6.7507,0.0000,0.0000,162.0173,0.02655138,20.2522,19.4529,148.5159,149.3152,0.02433877,0.02446976,0.00110631,10.4846,9.8514,0.3008,56.2560,2.5964,2034.0098,187.0000,,10.4846,4.1543,10.3857,20.7715,20.7715,20.7715,20.7715,10.3857,0.0,2.0,2.0,1.009519,22,55,10,6,0E-8,0.02765769,,0E-8,0.000000,0.905709,0.010309,,2026-06-10,2026-06-30,3,65,33,21,0.142857,,,0.000000,,,,,,,,GLOBAL_BASELINE_NO_ENTITY_RANKING,,,NOT_APPLICABLE_GLOBAL_BASELINE,HF9g-P5,,,,X 全窗基线 · 不参与实体赏罚,6878244,688,A168_HF9F_20260827_0900,2026-08-27 09:00:00
2026-06-29,150985972,752,0,147.4773071893,18.6943065451,18.6943065451,0.6250000,9,9,0.49622443333333333,0.496224433333,0.7284853808030249,0.7284853808049142,0.7284853808030249,3.3333E-13,ELIGIBLE,R03b_20260811_FULL_v1,L1_ELIGIBILITY,v2026-08-11,2026-03-21..2026-08-06,baccarat_bet02_101_all_pairs_incl_sentinel,round_win = game_pnl > 0 (decisive only),COMPATIBILITY_ONLY_NOT_PRODUCTION,6102.0294,5526.6602,168.7680,582,561,-0.02765769,,-0.02765769,-0.02765769,-168.7680,6102.0294,OK,0.0000,6.7507,4.0000,96.0000,AG03-UNRESOLVED,ALL5_LEVELS_bet23_to_bet27,6.7507,6.7507,6.7507,0.0000,0.0000,4.000000,4.000000,4.000000,0.000000,0.000000,96.000000,96.000000,96.000000,100.000000,100.000000,5.0,20.2522,19.4529,148.5159,149.3152,PENDING_AG03,FALSE,NOT_FOR_ENFORCEMENT,162.0173,5305.5938,168.7680,162.0173,6.7507,0.02765769,0.02655138,6.7507,162.0173,0.02655138,6.7507,6.7507,6.7507,0.0000,0.0000,162.0173,0.02655138,20.2522,19.4529,148.5159,149.3152,0.02433877,0.02446976,0.00110631,10.4846,9.8514,0.3008,56.2560,2.5964,2034.0098,187.0000,,10.4846,4.1543,10.3857,20.7715,20.7715,20.7715,20.7715,10.3857,0.0,2.0,2.0,1.009519,22,55,10,6,0E-8,0.02765769,,0E-8,0.000000,0.905709,0.010309,,2026-06-10,2026-06-30,3,65,33,21,0.142857,,,0.000000,,,,,,,,GLOBAL_BASELINE_NO_ENTITY_RANKING,,,NOT_APPLICABLE_GLOBAL_BASELINE,HF9g-P5,,,,X 全窗基线 · 不参与实体赏罚,6878245,688,A168_HF9F_20260827_0900,2026-08-27 09:00:00
2026-06-29,150985972,919,0,33.2343227470,-16.8248758906,-16.8248758906,0.4000000,5,5,0.49860758000000000,0.498607580000,-0.440988213962219,-0.440988213962219,-0.440988213962219,0E-17,ELIGIBLE,R03b_20260811_FULL_v1,L1_ELIGIBILITY,v2026-08-11,2026-03-21..2026-08-06,baccarat_bet02_101_all_pairs_incl_sentinel,round_win = game_pnl > 0 (decisive only),COMPATIBILITY_ONLY_NOT_PRODUCTION,6102.0294,5526.6602,168.7680,582,561,-0.02765769,,-0.02765769,-0.02765769,-168.7680,6102.0294,OK,0.0000,6.7507,4.0000,96.0000,AG03-UNRESOLVED,ALL5_LEVELS_bet23_to_bet27,6.7507,6.7507,6.7507,0.0000,0.0000,4.000000,4.000000,4.000000,0.000000,0.000000,96.000000,96.000000,96.000000,100.000000,100.000000,5.0,20.2522,19.4529,148.5159,149.3152,PENDING_AG03,FALSE,NOT_FOR_ENFORCEMENT,162.0173,5305.5938,168.7680,162.0173,6.7507,0.02765769,0.02655138,6.7507,162.0173,0.02655138,6.7507,6.7507,6.7507,0.0000,0.0000,162.0173,0.02655138,20.2522,19.4529,148.5159,149.3152,0.02433877,0.02446976,0.00110631,10.4846,9.8514,0.3008,56.2560,2.5964,2034.0098,187.0000,,10.4846,4.1543,10.3857,20.7715,20.7715,20.7715,20.7715,10.3857,0.0,2.0,2.0,1.009519,22,55,10,6,0E-8,0.02765769,,0E-8,0.000000,0.905709,0.010309,,2026-06-10,2026-06-30,3,65,33,21,0.142857,,,0.000000,,,,,,,,GLOBAL_BASELINE_NO_ENTITY_RANKING,,,NOT_APPLICABLE_GLOBAL_BASELINE,HF9g-P5,,,,X 全窗基线 · 不参与实体赏罚,6878246,688,A168_HF9F_20260827_0900,2026-08-27 09:00:00
2026-06-29,150985972,986,0,68.5457906654,24.9257420601,24.9257420601,0.5454545,13,13,0.50458836153846154,0.504588361538,0.2710870119900616,0.27108701199312096,0.2710870119900616,4.6154E-13,ELIGIBLE,R03b_20260811_FULL_v1,L1_ELIGIBILITY,v2026-08-11,2026-03-21..2026-08-06,baccarat_bet02_101_all_pairs_incl_sentinel,round_win = game_pnl > 0 (decisive only),COMPATIBILITY_ONLY_NOT_PRODUCTION,6102.0294,5526.6602,168.7680,582,561,-0.02765769,,-0.02765769,-0.02765769,-168.7680,6102.0294,OK,0.0000,6.7507,4.0000,96.0000,AG03-UNRESOLVED,ALL5_LEVELS_bet23_to_bet27,6.7507,6.7507,6.7507,0.0000,0.0000,4.000000,4.000000,4.000000,0.000000,0.000000,96.000000,96.000000,96.000000,100.000000,100.000000,5.0,20.2522,19.4529,148.5159,149.3152,PENDING_AG03,FALSE,NOT_FOR_ENFORCEMENT,162.0173,5305.5938,168.7680,162.0173,6.7507,0.02765769,0.02655138,6.7507,162.0173,0.02655138,6.7507,6.7507,6.7507,0.0000,0.0000,162.0173,0.02655138,20.2522,19.4529,148.5159,149.3152,0.02433877,0.02446976,0.00110631,10.4846,9.8514,0.3008,56.2560,2.5964,2034.0098,187.0000,,10.4846,4.1543,10.3857,20.7715,20.7715,20.7715,20.7715,10.3857,0.0,2.0,2.0,1.009519,22,55,10,6,0E-8,0.02765769,,0E-8,0.000000,0.905709,0.010309,,2026-06-10,2026-06-30,3,65,33,21,0.142857,,,0.000000,,,,,,,,GLOBAL_BASELINE_NO_ENTITY_RANKING,,,NOT_APPLICABLE_GLOBAL_BASELINE,HF9g-P5,,,,X 全窗基线 · 不参与实体赏罚,6878247,688,A168_HF9F_20260827_0900,2026-08-27 09:00:00
2026-06-29,150985972,987,0,355.1918243574,51.7209147746,51.7209147746,0.5185185,29,29,0.49971697586206897,0.499716975862,0.1953913941526092,0.1953913941533259,0.1953913941526092,6.897E-14,ELIGIBLE,R03b_20260811_FULL_v1,L1_ELIGIBILITY,v2026-08-11,2026-03-21..2026-08-06,baccarat_bet02_101_all_pairs_incl_sentinel,round_win = game_pnl > 0 (decisive only),COMPATIBILITY_ONLY_NOT_PRODUCTION,6102.0294,5526.6602,168.7680,582,561,-0.02765769,,-0.02765769,-0.02765769,-168.7680,6102.0294,OK,0.0000,6.7507,4.0000,96.0000,AG03-UNRESOLVED,ALL5_LEVELS_bet23_to_bet27,6.7507,6.7507,6.7507,0.0000,0.0000,4.000000,4.000000,4.000000,0.000000,0.000000,96.000000,96.000000,96.000000,100.000000,100.000000,5.0,20.2522,19.4529,148.5159,149.3152,PENDING_AG03,FALSE,NOT_FOR_ENFORCEMENT,162.0173,5305.5938,168.7680,162.0173,6.7507,0.02765769,0.02655138,6.7507,162.0173,0.02655138,6.7507,6.7507,6.7507,0.0000,0.0000,162.0173,0.02655138,20.2522,19.4529,148.5159,149.3152,0.02433877,0.02446976,0.00110631,10.4846,9.8514,0.3008,56.2560,2.5964,2034.0098,187.0000,,10.4846,4.1543,10.3857,20.7715,20.7715,20.7715,20.7715,10.3857,0.0,2.0,2.0,1.009519,22,55,10,6,0E-8,0.02765769,,0E-8,0.000000,0.905709,0.010309,,2026-06-10,2026-06-30,3,65,33,21,0.142857,,,0.000000,,,,,,,,GLOBAL_BASELINE_NO_ENTITY_RANKING,,,NOT_APPLICABLE_GLOBAL_BASELINE,HF9g-P5,,,,X 全窗基线 · 不参与实体赏罚,6878248,688,A168_HF9F_20260827_0900,2026-08-27 09:00:00
2026-06-30,150985972,1330,0,105.9344037558,-27.8337453005,-27.8337453005,0.3846154,16,16,0.49994810000000000,0.499948100000,-0.8316760425958722,-0.8316760425958722,-0.8316760425958722,0E-17,ELIGIBLE,R03b_20260811_FULL_v1,L1_ELIGIBILITY,v2026-08-11,2026-03-21..2026-08-06,baccarat_bet02_101_all_pairs_incl_sentinel,round_win = game_pnl > 0 (decisive only),COMPATIBILITY_ONLY_NOT_PRODUCTION,6102.0294,5526.6602,168.7680,582,561,-0.02765769,,-0.02765769,-0.02765769,-168.7680,6102.0294,OK,0.0000,6.7507,4.0000,96.0000,AG03-UNRESOLVED,ALL5_LEVELS_bet23_to_bet27,6.7507,6.7507,6.7507,0.0000,0.0000,4.000000,4.000000,4.000000,0.000000,0.000000,96.000000,96.000000,96.000000,100.000000,100.000000,5.0,20.2522,19.4529,148.5159,149.3152,PENDING_AG03,FALSE,NOT_FOR_ENFORCEMENT,162.0173,5305.5938,168.7680,162.0173,6.7507,0.02765769,0.02655138,6.7507,162.0173,0.02655138,6.7507,6.7507,6.7507,0.0000,0.0000,162.0173,0.02655138,20.2522,19.4529,148.5159,149.3152,0.02433877,0.02446976,0.00110631,10.4846,9.8514,0.3008,56.2560,2.5964,2034.0098,187.0000,,10.4846,4.1543,10.3857,20.7715,20.7715,20.7715,20.7715,10.3857,0.0,2.0,2.0,1.009519,22,55,10,6,0E-8,0.02765769,,0E-8,0.000000,0.905709,0.010309,,2026-06-10,2026-06-30,3,65,33,21,0.142857,,,0.000000,,,,,,,,GLOBAL_BASELINE_NO_ENTITY_RANKING,,,NOT_APPLICABLE_GLOBAL_BASELINE,HF9g-P5,,,,X 全窗基线 · 不参与实体赏罚,6878249,688,A168_HF9F_20260827_0900,2026-08-27 09:00:00
2026-06-30,150985972,1702,0,2.0771451717,0E-10,0E-10,,1,1,0.49324550000000000,0.493245500000,,,,0E-17,NO_DECISIVE_ROUND,R03b_20260811_FULL_v1,L1_ELIGIBILITY,v2026-08-11,2026-03-21..2026-08-06,baccarat_bet02_101_all_pairs_incl_sentinel,round_win = game_pnl > 0 (decisive only),COMPATIBILITY_ONLY_NOT_PRODUCTION,6102.0294,5526.6602,168.7680,582,561,-0.02765769,,-0.02765769,-0.02765769,-168.7680,6102.0294,OK,0.0000,6.7507,4.0000,96.0000,AG03-UNRESOLVED,ALL5_LEVELS_bet23_to_bet27,6.7507,6.7507,6.7507,0.0000,0.0000,4.000000,4.000000,4.000000,0.000000,0.000000,96.000000,96.000000,96.000000,100.000000,100.000000,5.0,20.2522,19.4529,148.5159,149.3152,PENDING_AG03,FALSE,NOT_FOR_ENFORCEMENT,162.0173,5305.5938,168.7680,162.0173,6.7507,0.02765769,0.02655138,6.7507,162.0173,0.02655138,6.7507,6.7507,6.7507,0.0000,0.0000,162.0173,0.02655138,20.2522,19.4529,148.5159,149.3152,0.02433877,0.02446976,0.00110631,10.4846,9.8514,0.3008,56.2560,2.5964,2034.0098,187.0000,,10.4846,4.1543,10.3857,20.7715,20.7715,20.7715,20.7715,10.3857,0.0,2.0,2.0,1.009519,22,55,10,6,0E-8,0.02765769,,0E-8,0.000000,0.905709,0.010309,,2026-06-10,2026-06-30,3,65,33,21,0.142857,,,0.000000,,,,,,,,GLOBAL_BASELINE_NO_ENTITY_RANKING,,,NOT_APPLICABLE_GLOBAL_BASELINE,HF9g-P5,,,,X 全窗基线 · 不参与实体赏罚,6878250,688,A168_HF9F_20260827_0900,2026-08-27 09:00:00
2026-06-30,150985972,1994,0,10.3857258585,-4.1542903434,-4.1542903434,0.3333333,4,4,0.49659680000000000,0.496596800000,-0.5655743394288276,-0.5655743394288276,-0.5655743394288276,0E-17,ELIGIBLE,R03b_20260811_FULL_v1,L1_ELIGIBILITY,v2026-08-11,2026-03-21..2026-08-06,baccarat_bet02_101_all_pairs_incl_sentinel,round_win = game_pnl > 0 (decisive only),COMPATIBILITY_ONLY_NOT_PRODUCTION,6102.0294,5526.6602,168.7680,582,561,-0.02765769,,-0.02765769,-0.02765769,-168.7680,6102.0294,OK,0.0000,6.7507,4.0000,96.0000,AG03-UNRESOLVED,ALL5_LEVELS_bet23_to_bet27,6.7507,6.7507,6.7507,0.0000,0.0000,4.000000,4.000000,4.000000,0.000000,0.000000,96.000000,96.000000,96.000000,100.000000,100.000000,5.0,20.2522,19.4529,148.5159,149.3152,PENDING_AG03,FALSE,NOT_FOR_ENFORCEMENT,162.0173,5305.5938,168.7680,162.0173,6.7507,0.02765769,0.02655138,6.7507,162.0173,0.02655138,6.7507,6.7507,6.7507,0.0000,0.0000,162.0173,0.02655138,20.2522,19.4529,148.5159,149.3152,0.02433877,0.02446976,0.00110631,10.4846,9.8514,0.3008,56.2560,2.5964,2034.0098,187.0000,,10.4846,4.1543,10.3857,20.7715,20.7715,20.7715,20.7715,10.3857,0.0,2.0,2.0,1.009519,22,55,10,6,0E-8,0.02765769,,0E-8,0.000000,0.905709,0.010309,,2026-06-10,2026-06-30,3,65,33,21,0.142857,,,0.000000,,,,,,,,GLOBAL_BASELINE_NO_ENTITY_RANKING,,,NOT_APPLICABLE_GLOBAL_BASELINE,HF9g-P5,,,,X 全窗基线 · 不参与实体赏罚,6878251,688,A168_HF9F_20260827_0900,2026-08-27 09:00:00
2026-06-30,150985972,2093,0,4.1542903434,-4.1542903434,-4.1542903434,0E-7,2,2,0.49324550000000000,0.493245500000,-1.3952362676504506,-1.3952362676504506,-1.3952362676504506,0E-17,ELIGIBLE,R03b_20260811_FULL_v1,L1_ELIGIBILITY,v2026-08-11,2026-03-21..2026-08-06,baccarat_bet02_101_all_pairs_incl_sentinel,round_win = game_pnl > 0 (decisive only),COMPATIBILITY_ONLY_NOT_PRODUCTION,6102.0294,5526.6602,168.7680,582,561,-0.02765769,,-0.02765769,-0.02765769,-168.7680,6102.0294,OK,0.0000,6.7507,4.0000,96.0000,AG03-UNRESOLVED,ALL5_LEVELS_bet23_to_bet27,6.7507,6.7507,6.7507,0.0000,0.0000,4.000000,4.000000,4.000000,0.000000,0.000000,96.000000,96.000000,96.000000,100.000000,100.000000,5.0,20.2522,19.4529,148.5159,149.3152,PENDING_AG03,FALSE,NOT_FOR_ENFORCEMENT,162.0173,5305.5938,168.7680,162.0173,6.7507,0.02765769,0.02655138,6.7507,162.0173,0.02655138,6.7507,6.7507,6.7507,0.0000,0.0000,162.0173,0.02655138,20.2522,19.4529,148.5159,149.3152,0.02433877,0.02446976,0.00110631,10.4846,9.8514,0.3008,56.2560,2.5964,2034.0098,187.0000,,10.4846,4.1543,10.3857,20.7715,20.7715,20.7715,20.7715,10.3857,0.0,2.0,2.0,1.009519,22,55,10,6,0E-8,0.02765769,,0E-8,0.000000,0.905709,0.010309,,2026-06-10,2026-06-30,3,65,33,21,0.142857,,,0.000000,,,,,,,,GLOBAL_BASELINE_NO_ENTITY_RANKING,,,NOT_APPLICABLE_GLOBAL_BASELINE,HF9g-P5,,,,X 全窗基线 · 不参与实体赏罚,6878252,688,A168_HF9F_20260827_0900,2026-08-27 09:00:00
2026-06-30,150985972,2145,0,8.3085806868,4.0504330848,4.0504330848,1.0000000,3,3,0.50218230000000000,0.502182300000,1.4080544974538591,1.4080544974538591,1.4080544974538591,0E-17,ELIGIBLE,R03b_20260811_FULL_v1,L1_ELIGIBILITY,v2026-08-11,2026-03-21..2026-08-06,baccarat_bet02_101_all_pairs_incl_sentinel,round_win = game_pnl > 0 (decisive only),COMPATIBILITY_ONLY_NOT_PRODUCTION,6102.0294,5526.6602,168.7680,582,561,-0.02765769,,-0.02765769,-0.02765769,-168.7680,6102.0294,OK,0.0000,6.7507,4.0000,96.0000,AG03-UNRESOLVED,ALL5_LEVELS_bet23_to_bet27,6.7507,6.7507,6.7507,0.0000,0.0000,4.000000,4.000000,4.000000,0.000000,0.000000,96.000000,96.000000,96.000000,100.000000,100.000000,5.0,20.2522,19.4529,148.5159,149.3152,PENDING_AG03,FALSE,NOT_FOR_ENFORCEMENT,162.0173,5305.5938,168.7680,162.0173,6.7507,0.02765769,0.02655138,6.7507,162.0173,0.02655138,6.7507,6.7507,6.7507,0.0000,0.0000,162.0173,0.02655138,20.2522,19.4529,148.5159,149.3152,0.02433877,0.02446976,0.00110631,10.4846,9.8514,0.3008,56.2560,2.5964,2034.0098,187.0000,,10.4846,4.1543,10.3857,20.7715,20.7715,20.7715,20.7715,10.3857,0.0,2.0,2.0,1.009519,22,55,10,6,0E-8,0.02765769,,0E-8,0.000000,0.905709,0.010309,,2026-06-10,2026-06-30,3,65,33,21,0.142857,,,0.000000,,,,,,,,GLOBAL_BASELINE_NO_ENTITY_RANKING,,,NOT_APPLICABLE_GLOBAL_BASELINE,HF9g-P5,,,,X 全窗基线 · 不参与实体赏罚,6878253,688,A168_HF9F_20260827_0900,2026-08-27 09:00:00
2026-06-30,150985972,2153,0,29.0800324038,-4.1542903434,-4.1542903434,0.4285714,7,7,0.49516052857142857,0.495160528571,-0.3523729031294806,-0.3523729031272156,-0.3523729031294806,4.2857E-13,ELIGIBLE,R03b_20260811_FULL_v1,L1_ELIGIBILITY,v2026-08-11,2026-03-21..2026-08-06,baccarat_bet02_101_all_pairs_incl_sentinel,round_win = game_pnl > 0 (decisive only),COMPATIBILITY_ONLY_NOT_PRODUCTION,6102.0294,5526.6602,168.7680,582,561,-0.02765769,,-0.02765769,-0.02765769,-168.7680,6102.0294,OK,0.0000,6.7507,4.0000,96.0000,AG03-UNRESOLVED,ALL5_LEVELS_bet23_to_bet27,6.7507,6.7507,6.7507,0.0000,0.0000,4.000000,4.000000,4.000000,0.000000,0.000000,96.000000,96.000000,96.000000,100.000000,100.000000,5.0,20.2522,19.4529,148.5159,149.3152,PENDING_AG03,FALSE,NOT_FOR_ENFORCEMENT,162.0173,5305.5938,168.7680,162.0173,6.7507,0.02765769,0.02655138,6.7507,162.0173,0.02655138,6.7507,6.7507,6.7507,0.0000,0.0000,162.0173,0.02655138,20.2522,19.4529,148.5159,149.3152,0.02433877,0.02446976,0.00110631,10.4846,9.8514,0.3008,56.2560,2.5964,2034.0098,187.0000,,10.4846,4.1543,10.3857,20.7715,20.7715,20.7715,20.7715,10.3857,0.0,2.0,2.0,1.009519,22,55,10,6,0E-8,0.02765769,,0E-8,0.000000,0.905709,0.010309,,2026-06-10,2026-06-30,3,65,33,21,0.142857,,,0.000000,,,,,,,,GLOBAL_BASELINE_NO_ENTITY_RANKING,,,NOT_APPLICABLE_GLOBAL_BASELINE,HF9g-P5,,,,X 全窗基线 · 不参与实体赏罚,6878254,688,A168_HF9F_20260827_0900,2026-08-27 09:00:00
2026-06-30,150985972,2288,0,27.0028872321,1.3501443615,1.3501443615,0.5000000,10,10,0.50396966000000000,0.503969660000,-0.02510712557163591,-0.02510712557163591,-0.02510712557163591,0E-17,ELIGIBLE,R03b_20260811_FULL_v1,L1_ELIGIBILITY,v2026-08-11,2026-03-21..2026-08-06,baccarat_bet02_101_all_pairs_incl_sentinel,round_win = game_pnl > 0 (decisive only),COMPATIBILITY_ONLY_NOT_PRODUCTION,6102.0294,5526.6602,168.7680,582,561,-0.02765769,,-0.02765769,-0.02765769,-168.7680,6102.0294,OK,0.0000,6.7507,4.0000,96.0000,AG03-UNRESOLVED,ALL5_LEVELS_bet23_to_bet27,6.7507,6.7507,6.7507,0.0000,0.0000,4.000000,4.000000,4.000000,0.000000,0.000000,96.000000,96.000000,96.000000,100.000000,100.000000,5.0,20.2522,19.4529,148.5159,149.3152,PENDING_AG03,FALSE,NOT_FOR_ENFORCEMENT,162.0173,5305.5938,168.7680,162.0173,6.7507,0.02765769,0.02655138,6.7507,162.0173,0.02655138,6.7507,6.7507,6.7507,0.0000,0.0000,162.0173,0.02655138,20.2522,19.4529,148.5159,149.3152,0.02433877,0.02446976,0.00110631,10.4846,9.8514,0.3008,56.2560,2.5964,2034.0098,187.0000,,10.4846,4.1543,10.3857,20.7715,20.7715,20.7715,20.7715,10.3857,0.0,2.0,2.0,1.009519,22,55,10,6,0E-8,0.02765769,,0E-8,0.000000,0.905709,0.010309,,2026-06-10,2026-06-30,3,65,33,21,0.142857,,,0.000000,,,,,,,,GLOBAL_BASELINE_NO_ENTITY_RANKING,,,NOT_APPLICABLE_GLOBAL_BASELINE,HF9g-P5,,,,X 全窗基线 · 不参与实体赏罚,6878255,688,A168_HF9F_20260827_0900,2026-08-27 09:00:00
2026-05-27,132190460,1299,0,9.4527885726,9.1902111122,9.1902111122,1.0000000,3,3,0.50218230000000000,0.502182300000,1.724507524396475,1.7245075243964754,1.724507524396475,0E-17,ELIGIBLE,R03b_20260811_FULL_v1,L1_ELIGIBILITY,v2026-08-11,2026-03-21..2026-08-06,baccarat_bet02_101_all_pairs_incl_sentinel,round_win = game_pnl > 0 (decisive only),COMPATIBILITY_ONLY_NOT_PRODUCTION,4726.3868,4260.9992,168.7826,1339,1197,-0.03571071,-0.04850756,-0.02910476,-0.03571071,-168.7826,4726.3868,OK,0.0000,6.7513,4.0000,96.0000,AG03-UNRESOLVED,ALL5_LEVELS_bet23_to_bet27,6.7513,6.7513,6.7513,6.7513,6.7513,4.000000,4.000000,4.000000,4.000000,4.000000,96.000000,96.000000,96.000000,96.000000,96.000000,5.0,33.7565,31.1619,135.0261,137.6208,PENDING_AG03,FALSE,NOT_FOR_ENFORCEMENT,162.0313,4090.5592,168.7826,162.0313,6.7513,0.03571071,0.03428228,6.7513,162.0313,0.03428228,6.7513,6.7513,6.7513,6.7513,6.7513,162.0313,0.03428228,33.7565,31.1619,135.0261,137.6208,0.02856857,0.02911754,0.00142843,3.5298,3.5597,0.1410,3.6692,0.2905,102.7475,26.0217,3.1802,3.7422,2.0771,4.0878,4.1543,6.1317,6.2314,7.1537,3.1157,-1.022,1.524396,1.75,0.863492,29,159,71,5,0.34046406,0.03571071,0.04850756,0E-8,0.000000,0.901534,0.000000,-0.01940280,2026-05-27,2026-07-31,46,581,334,66,0.696970,0.849821,0.900951,1.134880,,,,,,,,GLOBAL_BASELINE_NO_ENTITY_RANKING,,,NOT_APPLICABLE_GLOBAL_BASELINE,HF9g-P5,,,,X 全窗基线 · 不参与实体赏罚,6878256,688,A168_HF9F_20260827_0900,2026-08-27 09:00:00
2026-05-27,132190460,772,0,2.1006196828,2.1006196828,2.1006196828,1.0000000,1,1,0.49324550000000000,0.493245500000,1.01360149184955,1.01360149184955,1.01360149184955,0E-17,ELIGIBLE,R03b_20260811_FULL_v1,L1_ELIGIBILITY,v2026-08-11,2026-03-21..2026-08-06,baccarat_bet02_101_all_pairs_incl_sentinel,round_win = game_pnl > 0 (decisive only),COMPATIBILITY_ONLY_NOT_PRODUCTION,4726.3868,4260.9992,168.7826,1339,1197,-0.03571071,-0.04850756,-0.02910476,-0.03571071,-168.7826,4726.3868,OK,0.0000,6.7513,4.0000,96.0000,AG03-UNRESOLVED,ALL5_LEVELS_bet23_to_bet27,6.7513,6.7513,6.7513,6.7513,6.7513,4.000000,4.000000,4.000000,4.000000,4.000000,96.000000,96.000000,96.000000,96.000000,96.000000,5.0,33.7565,31.1619,135.0261,137.6208,PENDING_AG03,FALSE,NOT_FOR_ENFORCEMENT,162.0313,4090.5592,168.7826,162.0313,6.7513,0.03571071,0.03428228,6.7513,162.0313,0.03428228,6.7513,6.7513,6.7513,6.7513,6.7513,162.0313,0.03428228,33.7565,31.1619,135.0261,137.6208,0.02856857,0.02911754,0.00142843,3.5298,3.5597,0.1410,3.6692,0.2905,102.7475,26.0217,3.1802,3.7422,2.0771,4.0878,4.1543,6.1317,6.2314,7.1537,3.1157,-1.022,1.524396,1.75,0.863492,29,159,71,5,0.34046406,0.03571071,0.04850756,0E-8,0.000000,0.901534,0.000000,-0.01940280,2026-05-27,2026-07-31,46,581,334,66,0.696970,0.849821,0.900951,1.134880,,,,,,,,GLOBAL_BASELINE_NO_ENTITY_RANKING,,,NOT_APPLICABLE_GLOBAL_BASELINE,HF9g-P5,,,,X 全窗基线 · 不参与实体赏罚,6878257,688,A168_HF9F_20260827_0900,2026-08-27 09:00:00
2026-05-31,132190460,-1,1,49.9019892257,-8.6013728537,-8.6013728537,0.4545455,14,14,0.49994810000000000,0.499948100000,-0.3011670805469781,-0.3011670805469781,-0.3011670805469781,0E-17,SENTINEL_DEALER,R03b_20260811_FULL_v1,L1_ELIGIBILITY,v2026-08-11,2026-03-21..2026-08-06,baccarat_bet02_101_all_pairs_incl_sentinel,round_win = game_pnl > 0 (decisive only),COMPATIBILITY_ONLY_NOT_PRODUCTION,4726.3868,4260.9992,168.7826,1339,1197,-0.03571071,-0.04850756,-0.02910476,-0.03571071,-168.7826,4726.3868,OK,0.0000,6.7513,4.0000,96.0000,AG03-UNRESOLVED,ALL5_LEVELS_bet23_to_bet27,6.7513,6.7513,6.7513,6.7513,6.7513,4.000000,4.000000,4.000000,4.000000,4.000000,96.000000,96.000000,96.000000,96.000000,96.000000,5.0,33.7565,31.1619,135.0261,137.6208,PENDING_AG03,FALSE,NOT_FOR_ENFORCEMENT,162.0313,4090.5592,168.7826,162.0313,6.7513,0.03571071,0.03428228,6.7513,162.0313,0.03428228,6.7513,6.7513,6.7513,6.7513,6.7513,162.0313,0.03428228,33.7565,31.1619,135.0261,137.6208,0.02856857,0.02911754,0.00142843,3.5298,3.5597,0.1410,3.6692,0.2905,102.7475,26.0217,3.1802,3.7422,2.0771,4.0878,4.1543,6.1317,6.2314,7.1537,3.1157,-1.022,1.524396,1.75,0.863492,29,159,71,5,0.34046406,0.03571071,0.04850756,0E-8,0.000000,0.901534,0.000000,-0.01940280,2026-05-27,2026-07-31,46,581,334,66,0.696970,0.849821,0.900951,1.134880,,,,,,,,GLOBAL_BASELINE_NO_ENTITY_RANKING,,,NOT_APPLICABLE_GLOBAL_BASELINE,HF9g-P5,,,,X 全窗基线 · 不参与实体赏罚,6878258,688,A168_HF9F_20260827_0900,2026-08-27 09:00:00
2026-05-31,132190460,1702,0,4.2012393656,0E-10,0E-10,0.5000000,2,2,0.49994810000000000,0.499948100000,0.00014679536856514622,0.00014679536856514622,0.00014679536856514622,0E-17,ELIGIBLE,R03b_20260811_FULL_v1,L1_ELIGIBILITY,v2026-08-11,2026-03-21..2026-08-06,baccarat_bet02_101_all_pairs_incl_sentinel,round_win = game_pnl > 0 (decisive only),COMPATIBILITY_ONLY_NOT_PRODUCTION,4726.3868,4260.9992,168.7826,1339,1197,-0.03571071,-0.04850756,-0.02910476,-0.03571071,-168.7826,4726.3868,OK,0.0000,6.7513,4.0000,96.0000,AG03-UNRESOLVED,ALL5_LEVELS_bet23_to_bet27,6.7513,6.7513,6.7513,6.7513,6.7513,4.000000,4.000000,4.000000,4.000000,4.000000,96.000000,96.000000,96.000000,96.000000,96.000000,5.0,33.7565,31.1619,135.0261,137.6208,PENDING_AG03,FALSE,NOT_FOR_ENFORCEMENT,162.0313,4090.5592,168.7826,162.0313,6.7513,0.03571071,0.03428228,6.7513,162.0313,0.03428228,6.7513,6.7513,6.7513,6.7513,6.7513,162.0313,0.03428228,33.7565,31.1619,135.0261,137.6208,0.02856857,0.02911754,0.00142843,3.5298,3.5597,0.1410,3.6692,0.2905,102.7475,26.0217,3.1802,3.7422,2.0771,4.0878,4.1543,6.1317,6.2314,7.1537,3.1157,-1.022,1.524396,1.75,0.863492,29,159,71,5,0.34046406,0.03571071,0.04850756,0E-8,0.000000,0.901534,0.000000,-0.01940280,2026-05-27,2026-07-31,46,581,334,66,0.696970,0.849821,0.900951,1.134880,,,,,,,,GLOBAL_BASELINE_NO_ENTITY_RANKING,,,NOT_APPLICABLE_GLOBAL_BASELINE,HF9g-P5,,,,X 全窗基线 · 不参与实体赏罚,6878259,688,A168_HF9F_20260827_0900,2026-08-27 09:00:00
2026-05-31,132190460,1990,0,6.2314355151,-2.0771451717,-2.0771451717,0.3333333,3,3,0.49324550000000000,0.493245500000,-0.5540025479526107,-0.5540025479526106,-0.5540025479526107,0E-17,ELIGIBLE,R03b_20260811_FULL_v1,L1_ELIGIBILITY,v2026-08-11,2026-03-21..2026-08-06,baccarat_bet02_101_all_pairs_incl_sentinel,round_win = game_pnl > 0 (decisive only),COMPATIBILITY_ONLY_NOT_PRODUCTION,4726.3868,4260.9992,168.7826,1339,1197,-0.03571071,-0.04850756,-0.02910476,-0.03571071,-168.7826,4726.3868,OK,0.0000,6.7513,4.0000,96.0000,AG03-UNRESOLVED,ALL5_LEVELS_bet23_to_bet27,6.7513,6.7513,6.7513,6.7513,6.7513,4.000000,4.000000,4.000000,4.000000,4.000000,96.000000,96.000000,96.000000,96.000000,96.000000,5.0,33.7565,31.1619,135.0261,137.6208,PENDING_AG03,FALSE,NOT_FOR_ENFORCEMENT,162.0313,4090.5592,168.7826,162.0313,6.7513,0.03571071,0.03428228,6.7513,162.0313,0.03428228,6.7513,6.7513,6.7513,6.7513,6.7513,162.0313,0.03428228,33.7565,31.1619,135.0261,137.6208,0.02856857,0.02911754,0.00142843,3.5298,3.5597,0.1410,3.6692,0.2905,102.7475,26.0217,3.1802,3.7422,2.0771,4.0878,4.1543,6.1317,6.2314,7.1537,3.1157,-1.022,1.524396,1.75,0.863492,29,159,71,5,0.34046406,0.03571071,0.04850756,0E-8,0.000000,0.901534,0.000000,-0.01940280,2026-05-27,2026-07-31,46,581,334,66,0.696970,0.849821,0.900951,1.134880,,,,,,,,GLOBAL_BASELINE_NO_ENTITY_RANKING,,,NOT_APPLICABLE_GLOBAL_BASELINE,HF9g-P5,,,,X 全窗基线 · 不参与实体赏罚,6878260,688,A168_HF9F_20260827_0900,2026-08-27 09:00:00
2026-05-31,132190460,2160,0,3.7811154291,-3.7811154291,-3.7811154291,0E-7,1,1,0.50665070000000000,0.506650700000,-1.013391052207602,-1.013391052207602,-1.013391052207602,0E-17,ELIGIBLE,R03b_20260811_FULL_v1,L1_ELIGIBILITY,v2026-08-11,2026-03-21..2026-08-06,baccarat_bet02_101_all_pairs_incl_sentinel,round_win = game_pnl > 0 (decisive only),COMPATIBILITY_ONLY_NOT_PRODUCTION,4726.3868,4260.9992,168.7826,1339,1197,-0.03571071,-0.04850756,-0.02910476,-0.03571071,-168.7826,4726.3868,OK,0.0000,6.7513,4.0000,96.0000,AG03-UNRESOLVED,ALL5_LEVELS_bet23_to_bet27,6.7513,6.7513,6.7513,6.7513,6.7513,4.000000,4.000000,4.000000,4.000000,4.000000,96.000000,96.000000,96.000000,96.000000,96.000000,5.0,33.7565,31.1619,135.0261,137.6208,PENDING_AG03,FALSE,NOT_FOR_ENFORCEMENT,162.0313,4090.5592,168.7826,162.0313,6.7513,0.03571071,0.03428228,6.7513,162.0313,0.03428228,6.7513,6.7513,6.7513,6.7513,6.7513,162.0313,0.03428228,33.7565,31.1619,135.0261,137.6208,0.02856857,0.02911754,0.00142843,3.5298,3.5597,0.1410,3.6692,0.2905,102.7475,26.0217,3.1802,3.7422,2.0771,4.0878,4.1543,6.1317,6.2314,7.1537,3.1157,-1.022,1.524396,1.75,0.863492,29,159,71,5,0.34046406,0.03571071,0.04850756,0E-8,0.000000,0.901534,0.000000,-0.01940280,2026-05-27,2026-07-31,46,581,334,66,0.696970,0.849821,0.900951,1.134880,,,,,,,,GLOBAL_BASELINE_NO_ENTITY_RANKING,,,NOT_APPLICABLE_GLOBAL_BASELINE,HF9g-P5,,,,X 全窗基线 · 不参与实体赏罚,6878261,688,A168_HF9F_20260827_0900,2026-08-27 09:00:00
2026-05-31,132190460,2196,0,8.4024787312,3.9911773973,3.9911773973,1.0000000,3,2,0.40028742500000000,0.400287425000,1.22401179882111,1.22401179882111,1.22401179882111,0E-17,ELIGIBLE,R03b_20260811_FULL_v1,L1_ELIGIBILITY,v2026-08-11,2026-03-21..2026-08-06,baccarat_bet02_101_all_pairs_incl_sentinel,round_win = game_pnl > 0 (decisive only),COMPATIBILITY_ONLY_NOT_PRODUCTION,4726.3868,4260.9992,168.7826,1339,1197,-0.03571071,-0.04850756,-0.02910476,-0.03571071,-168.7826,4726.3868,OK,0.0000,6.7513,4.0000,96.0000,AG03-UNRESOLVED,ALL5_LEVELS_bet23_to_bet27,6.7513,6.7513,6.7513,6.7513,6.7513,4.000000,4.000000,4.000000,4.000000,4.000000,96.000000,96.000000,96.000000,96.000000,96.000000,5.0,33.7565,31.1619,135.0261,137.6208,PENDING_AG03,FALSE,NOT_FOR_ENFORCEMENT,162.0313,4090.5592,168.7826,162.0313,6.7513,0.03571071,0.03428228,6.7513,162.0313,0.03428228,6.7513,6.7513,6.7513,6.7513,6.7513,162.0313,0.03428228,33.7565,31.1619,135.0261,137.6208,0.02856857,0.02911754,0.00142843,3.5298,3.5597,0.1410,3.6692,0.2905,102.7475,26.0217,3.1802,3.7422,2.0771,4.0878,4.1543,6.1317,6.2314,7.1537,3.1157,-1.022,1.524396,1.75,0.863492,29,159,71,5,0.34046406,0.03571071,0.04850756,0E-8,0.000000,0.901534,0.000000,-0.01940280,2026-05-27,2026-07-31,46,581,334,66,0.696970,0.849821,0.900951,1.134880,,,,,,,,GLOBAL_BASELINE_NO_ENTITY_RANKING,,,NOT_APPLICABLE_GLOBAL_BASELINE,HF9g-P5,,,,X 全窗基线 · 不参与实体赏罚,6878262,688,A168_HF9F_20260827_0900,2026-08-27 09:00:00
2026-05-31,132190460,2223,0,12.6037180968,3.7811154290,3.7811154290,0.6666667,3,3,0.50665070000000000,0.506650700000,0.5543606114942035,0.5543606114942035,0.5543606114942035,0E-17,ELIGIBLE,R03b_20260811_FULL_v1,L1_ELIGIBILITY,v2026-08-11,2026-03-21..2026-08-06,baccarat_bet02_101_all_pairs_incl_sentinel,round_win = game_pnl > 0 (decisive only),COMPATIBILITY_ONLY_NOT_PRODUCTION,4726.3868,4260.9992,168.7826,1339,1197,-0.03571071,-0.04850756,-0.02910476,-0.03571071,-168.7826,4726.3868,OK,0.0000,6.7513,4.0000,96.0000,AG03-UNRESOLVED,ALL5_LEVELS_bet23_to_bet27,6.7513,6.7513,6.7513,6.7513,6.7513,4.000000,4.000000,4.000000,4.000000,4.000000,96.000000,96.000000,96.000000,96.000000,96.000000,5.0,33.7565,31.1619,135.0261,137.6208,PENDING_AG03,FALSE,NOT_FOR_ENFORCEMENT,162.0313,4090.5592,168.7826,162.0313,6.7513,0.03571071,0.03428228,6.7513,162.0313,0.03428228,6.7513,6.7513,6.7513,6.7513,6.7513,162.0313,0.03428228,33.7565,31.1619,135.0261,137.6208,0.02856857,0.02911754,0.00142843,3.5298,3.5597,0.1410,3.6692,0.2905,102.7475,26.0217,3.1802,3.7422,2.0771,4.0878,4.1543,6.1317,6.2314,7.1537,3.1157,-1.022,1.524396,1.75,0.863492,29,159,71,5,0.34046406,0.03571071,0.04850756,0E-8,0.000000,0.901534,0.000000,-0.01940280,2026-05-27,2026-07-31,46,581,334,66,0.696970,0.849821,0.900951,1.134880,,,,,,,,GLOBAL_BASELINE_NO_ENTITY_RANKING,,,NOT_APPLICABLE_GLOBAL_BASELINE,HF9g-P5,,,,X 全窗基线 · 不参与实体赏罚,6878263,688,A168_HF9F_20260827_0900,2026-08-27 09:00:00
2026-05-31,132190460,2252,0,4.2012393656,4.0962083815,4.0962083815,1.0000000,2,2,0.49994810000000000,0.499948100000,1.4143603653603398,1.4143603653603398,1.4143603653603398,0E-17,ELIGIBLE,R03b_20260811_FULL_v1,L1_ELIGIBILITY,v2026-08-11,2026-03-21..2026-08-06,baccarat_bet02_101_all_pairs_incl_sentinel,round_win = game_pnl > 0 (decisive only),COMPATIBILITY_ONLY_NOT_PRODUCTION,4726.3868,4260.9992,168.7826,1339,1197,-0.03571071,-0.04850756,-0.02910476,-0.03571071,-168.7826,4726.3868,OK,0.0000,6.7513,4.0000,96.0000,AG03-UNRESOLVED,ALL5_LEVELS_bet23_to_bet27,6.7513,6.7513,6.7513,6.7513,6.7513,4.000000,4.000000,4.000000,4.000000,4.000000,96.000000,96.000000,96.000000,96.000000,96.000000,5.0,33.7565,31.1619,135.0261,137.6208,PENDING_AG03,FALSE,NOT_FOR_ENFORCEMENT,162.0313,4090.5592,168.7826,162.0313,6.7513,0.03571071,0.03428228,6.7513,162.0313,0.03428228,6.7513,6.7513,6.7513,6.7513,6.7513,162.0313,0.03428228,33.7565,31.1619,135.0261,137.6208,0.02856857,0.02911754,0.00142843,3.5298,3.5597,0.1410,3.6692,0.2905,102.7475,26.0217,3.1802,3.7422,2.0771,4.0878,4.1543,6.1317,6.2314,7.1537,3.1157,-1.022,1.524396,1.75,0.863492,29,159,71,5,0.34046406,0.03571071,0.04850756,0E-8,0.000000,0.901534,0.000000,-0.01940280,2026-05-27,2026-07-31,46,581,334,66,0.696970,0.849821,0.900951,1.134880,,,,,,,,GLOBAL_BASELINE_NO_ENTITY_RANKING,,,NOT_APPLICABLE_GLOBAL_BASELINE,HF9g-P5,,,,X 全窗基线 · 不参与实体赏罚,6878264,688,A168_HF9F_20260827_0900,2026-08-27 09:00:00
2026-05-31,132190460,752,0,12.6037180968,-4.2012393656,-4.2012393656,0.3333333,3,3,0.50218230000000000,0.502182300000,-0.5849155494134425,-0.5849155494134426,-0.5849155494134425,0E-17,ELIGIBLE,R03b_20260811_FULL_v1,L1_ELIGIBILITY,v2026-08-11,2026-03-21..2026-08-06,baccarat_bet02_101_all_pairs_incl_sentinel,round_win = game_pnl > 0 (decisive only),COMPATIBILITY_ONLY_NOT_PRODUCTION,4726.3868,4260.9992,168.7826,1339,1197,-0.03571071,-0.04850756,-0.02910476,-0.03571071,-168.7826,4726.3868,OK,0.0000,6.7513,4.0000,96.0000,AG03-UNRESOLVED,ALL5_LEVELS_bet23_to_bet27,6.7513,6.7513,6.7513,6.7513,6.7513,4.000000,4.000000,4.000000,4.000000,4.000000,96.000000,96.000000,96.000000,96.000000,96.000000,5.0,33.7565,31.1619,135.0261,137.6208,PENDING_AG03,FALSE,NOT_FOR_ENFORCEMENT,162.0313,4090.5592,168.7826,162.0313,6.7513,0.03571071,0.03428228,6.7513,162.0313,0.03428228,6.7513,6.7513,6.7513,6.7513,6.7513,162.0313,0.03428228,33.7565,31.1619,135.0261,137.6208,0.02856857,0.02911754,0.00142843,3.5298,3.5597,0.1410,3.6692,0.2905,102.7475,26.0217,3.1802,3.7422,2.0771,4.0878,4.1543,6.1317,6.2314,7.1537,3.1157,-1.022,1.524396,1.75,0.863492,29,159,71,5,0.34046406,0.03571071,0.04850756,0E-8,0.000000,0.901534,0.000000,-0.01940280,2026-05-27,2026-07-31,46,581,334,66,0.696970,0.849821,0.900951,1.134880,,,,,,,,GLOBAL_BASELINE_NO_ENTITY_RANKING,,,NOT_APPLICABLE_GLOBAL_BASELINE,HF9g-P5,,,,X 全窗基线 · 不参与实体赏罚,6878265,688,A168_HF9F_20260827_0900,2026-08-27 09:00:00
2026-06-03,132190460,1323,0,12.4628710302,6.2314355151,6.2314355151,1.0000000,4,4,0.49324550000000000,0.493245500000,1.4334489766152358,1.4334489766152358,1.4334489766152358,0E-17,ELIGIBLE,R03b_20260811_FULL_v1,L1_ELIGIBILITY,v2026-08-11,2026-03-21..2026-08-06,baccarat_bet02_101_all_pairs_incl_sentinel,round_win = game_pnl > 0 (decisive only),COMPATIBILITY_ONLY_NOT_PRODUCTION,4726.3868,4260.9992,168.7826,1339,1197,-0.03571071,-0.04850756,-0.02910476,-0.03571071,-168.7826,4726.3868,OK,0.0000,6.7513,4.0000,96.0000,AG03-UNRESOLVED,ALL5_LEVELS_bet23_to_bet27,6.7513,6.7513,6.7513,6.7513,6.7513,4.000000,4.000000,4.000000,4.000000,4.000000,96.000000,96.000000,96.000000,96.000000,96.000000,5.0,33.7565,31.1619,135.0261,137.6208,PENDING_AG03,FALSE,NOT_FOR_ENFORCEMENT,162.0313,4090.5592,168.7826,162.0313,6.7513,0.03571071,0.03428228,6.7513,162.0313,0.03428228,6.7513,6.7513,6.7513,6.7513,6.7513,162.0313,0.03428228,33.7565,31.1619,135.0261,137.6208,0.02856857,0.02911754,0.00142843,3.5298,3.5597,0.1410,3.6692,0.2905,102.7475,26.0217,3.1802,3.7422,2.0771,4.0878,4.1543,6.1317,6.2314,7.1537,3.1157,-1.022,1.524396,1.75,0.863492,29,159,71,5,0.34046406,0.03571071,0.04850756,0E-8,0.000000,0.901534,0.000000,-0.01940280,2026-05-27,2026-07-31,46,581,334,66,0.696970,0.849821,0.900951,1.134880,,,,,,,,GLOBAL_BASELINE_NO_ENTITY_RANKING,,,NOT_APPLICABLE_GLOBAL_BASELINE,HF9g-P5,,,,X 全窗基线 · 不参与实体赏罚,6878266,688,A168_HF9F_20260827_0900,2026-08-27 09:00:00
2026-06-03,132190460,1990,0,4.1542903434,0E-10,0E-10,0.5000000,2,2,0.49324550000000000,0.493245500000,0.01910635448239258,0.01910635448239258,0.01910635448239258,0E-17,ELIGIBLE,R03b_20260811_FULL_v1,L1_ELIGIBILITY,v2026-08-11,2026-03-21..2026-08-06,baccarat_bet02_101_all_pairs_incl_sentinel,round_win = game_pnl > 0 (decisive only),COMPATIBILITY_ONLY_NOT_PRODUCTION,4726.3868,4260.9992,168.7826,1339,1197,-0.03571071,-0.04850756,-0.02910476,-0.03571071,-168.7826,4726.3868,OK,0.0000,6.7513,4.0000,96.0000,AG03-UNRESOLVED,ALL5_LEVELS_bet23_to_bet27,6.7513,6.7513,6.7513,6.7513,6.7513,4.000000,4.000000,4.000000,4.000000,4.000000,96.000000,96.000000,96.000000,96.000000,96.000000,5.0,33.7565,31.1619,135.0261,137.6208,PENDING_AG03,FALSE,NOT_FOR_ENFORCEMENT,162.0313,4090.5592,168.7826,162.0313,6.7513,0.03571071,0.03428228,6.7513,162.0313,0.03428228,6.7513,6.7513,6.7513,6.7513,6.7513,162.0313,0.03428228,33.7565,31.1619,135.0261,137.6208,0.02856857,0.02911754,0.00142843,3.5298,3.5597,0.1410,3.6692,0.2905,102.7475,26.0217,3.1802,3.7422,2.0771,4.0878,4.1543,6.1317,6.2314,7.1537,3.1157,-1.022,1.524396,1.75,0.863492,29,159,71,5,0.34046406,0.03571071,0.04850756,0E-8,0.000000,0.901534,0.000000,-0.01940280,2026-05-27,2026-07-31,46,581,334,66,0.696970,0.849821,0.900951,1.134880,,,,,,,,GLOBAL_BASELINE_NO_ENTITY_RANKING,,,NOT_APPLICABLE_GLOBAL_BASELINE,HF9g-P5,,,,X 全窗基线 · 不参与实体赏罚,6878267,688,A168_HF9F_20260827_0900,2026-08-27 09:00:00
2026-06-03,132190460,2147,0,2.0771451717,1.9732879131,1.9732879131,1.0000000,1,1,0.50665070000000000,0.506650700000,0.9867858985152569,0.9867858985152569,0.9867858985152569,0E-17,ELIGIBLE,R03b_20260811_FULL_v1,L1_ELIGIBILITY,v2026-08-11,2026-03-21..2026-08-06,baccarat_bet02_101_all_pairs_incl_sentinel,round_win = game_pnl > 0 (decisive only),COMPATIBILITY_ONLY_NOT_PRODUCTION,4726.3868,4260.9992,168.7826,1339,1197,-0.03571071,-0.04850756,-0.02910476,-0.03571071,-168.7826,4726.3868,OK,0.0000,6.7513,4.0000,96.0000,AG03-UNRESOLVED,ALL5_LEVELS_bet23_to_bet27,6.7513,6.7513,6.7513,6.7513,6.7513,4.000000,4.000000,4.000000,4.000000,4.000000,96.000000,96.000000,96.000000,96.000000,96.000000,5.0,33.7565,31.1619,135.0261,137.6208,PENDING_AG03,FALSE,NOT_FOR_ENFORCEMENT,162.0313,4090.5592,168.7826,162.0313,6.7513,0.03571071,0.03428228,6.7513,162.0313,0.03428228,6.7513,6.7513,6.7513,6.7513,6.7513,162.0313,0.03428228,33.7565,31.1619,135.0261,137.6208,0.02856857,0.02911754,0.00142843,3.5298,3.5597,0.1410,3.6692,0.2905,102.7475,26.0217,3.1802,3.7422,2.0771,4.0878,4.1543,6.1317,6.2314,7.1537,3.1157,-1.022,1.524396,1.75,0.863492,29,159,71,5,0.34046406,0.03571071,0.04850756,0E-8,0.000000,0.901534,0.000000,-0.01940280,2026-05-27,2026-07-31,46,581,334,66,0.696970,0.849821,0.900951,1.134880,,,,,,,,GLOBAL_BASELINE_NO_ENTITY_RANKING,,,NOT_APPLICABLE_GLOBAL_BASELINE,HF9g-P5,,,,X 全窗基线 · 不参与实体赏罚,6878268,688,A168_HF9F_20260827_0900,2026-08-27 09:00:00
2026-06-03,132190460,2153,0,2.0771451717,-2.0771451717,-2.0771451717,0E-7,1,1,0.49324550000000000,0.493245500000,-0.9865810262130424,-0.9865810262130424,-0.9865810262130424,0E-17,ELIGIBLE,R03b_20260811_FULL_v1,L1_ELIGIBILITY,v2026-08-11,2026-03-21..2026-08-06,baccarat_bet02_101_all_pairs_incl_sentinel,round_win = game_pnl > 0 (decisive only),COMPATIBILITY_ONLY_NOT_PRODUCTION,4726.3868,4260.9992,168.7826,1339,1197,-0.03571071,-0.04850756,-0.02910476,-0.03571071,-168.7826,4726.3868,OK,0.0000,6.7513,4.0000,96.0000,AG03-UNRESOLVED,ALL5_LEVELS_bet23_to_bet27,6.7513,6.7513,6.7513,6.7513,6.7513,4.000000,4.000000,4.000000,4.000000,4.000000,96.000000,96.000000,96.000000,96.000000,96.000000,5.0,33.7565,31.1619,135.0261,137.6208,PENDING_AG03,FALSE,NOT_FOR_ENFORCEMENT,162.0313,4090.5592,168.7826,162.0313,6.7513,0.03571071,0.03428228,6.7513,162.0313,0.03428228,6.7513,6.7513,6.7513,6.7513,6.7513,162.0313,0.03428228,33.7565,31.1619,135.0261,137.6208,0.02856857,0.02911754,0.00142843,3.5298,3.5597,0.1410,3.6692,0.2905,102.7475,26.0217,3.1802,3.7422,2.0771,4.0878,4.1543,6.1317,6.2314,7.1537,3.1157,-1.022,1.524396,1.75,0.863492,29,159,71,5,0.34046406,0.03571071,0.04850756,0E-8,0.000000,0.901534,0.000000,-0.01940280,2026-05-27,2026-07-31,46,581,334,66,0.696970,0.849821,0.900951,1.134880,,,,,,,,GLOBAL_BASELINE_NO_ENTITY_RANKING,,,NOT_APPLICABLE_GLOBAL_BASELINE,HF9g-P5,,,,X 全窗基线 · 不参与实体赏罚,6878269,688,A168_HF9F_20260827_0900,2026-08-27 09:00:00
2026-06-05,132190460,1109,0,8.3085806868,-8.3085806868,-8.3085806868,0E-7,2,2,0.50665070000000000,0.506650700000,-1.4331513700195317,-1.4331513700195317,-1.4331513700195317,0E-17,ELIGIBLE,R03b_20260811_FULL_v1,L1_ELIGIBILITY,v2026-08-11,2026-03-21..2026-08-06,baccarat_bet02_101_all_pairs_incl_sentinel,round_win = game_pnl > 0 (decisive only),COMPATIBILITY_ONLY_NOT_PRODUCTION,4726.3868,4260.9992,168.7826,1339,1197,-0.03571071,-0.04850756,-0.02910476,-0.03571071,-168.7826,4726.3868,OK,0.0000,6.7513,4.0000,96.0000,AG03-UNRESOLVED,ALL5_LEVELS_bet23_to_bet27,6.7513,6.7513,6.7513,6.7513,6.7513,4.000000,4.000000,4.000000,4.000000,4.000000,96.000000,96.000000,96.000000,96.000000,96.000000,5.0,33.7565,31.1619,135.0261,137.6208,PENDING_AG03,FALSE,NOT_FOR_ENFORCEMENT,162.0313,4090.5592,168.7826,162.0313,6.7513,0.03571071,0.03428228,6.7513,162.0313,0.03428228,6.7513,6.7513,6.7513,6.7513,6.7513,162.0313,0.03428228,33.7565,31.1619,135.0261,137.6208,0.02856857,0.02911754,0.00142843,3.5298,3.5597,0.1410,3.6692,0.2905,102.7475,26.0217,3.1802,3.7422,2.0771,4.0878,4.1543,6.1317,6.2314,7.1537,3.1157,-1.022,1.524396,1.75,0.863492,29,159,71,5,0.34046406,0.03571071,0.04850756,0E-8,0.000000,0.901534,0.000000,-0.01940280,2026-05-27,2026-07-31,46,581,334,66,0.696970,0.849821,0.900951,1.134880,,,,,,,,GLOBAL_BASELINE_NO_ENTITY_RANKING,,,NOT_APPLICABLE_GLOBAL_BASELINE,HF9g-P5,,,,X 全窗基线 · 不参与实体赏罚,6878270,688,A168_HF9F_20260827_0900,2026-08-27 09:00:00
2026-06-05,132190460,1307,0,12.4628710302,3.7388613090,3.7388613090,0.6666667,3,3,0.50665070000000000,0.506650700000,0.5543606114942035,0.5543606114942035,0.5543606114942035,0E-17,ELIGIBLE,R03b_20260811_FULL_v1,L1_ELIGIBILITY,v2026-08-11,2026-03-21..2026-08-06,baccarat_bet02_101_all_pairs_incl_sentinel,round_win = game_pnl > 0 (decisive only),COMPATIBILITY_ONLY_NOT_PRODUCTION,4726.3868,4260.9992,168.7826,1339,1197,-0.03571071,-0.04850756,-0.02910476,-0.03571071,-168.7826,4726.3868,OK,0.0000,6.7513,4.0000,96.0000,AG03-UNRESOLVED,ALL5_LEVELS_bet23_to_bet27,6.7513,6.7513,6.7513,6.7513,6.7513,4.000000,4.000000,4.000000,4.000000,4.000000,96.000000,96.000000,96.000000,96.000000,96.000000,5.0,33.7565,31.1619,135.0261,137.6208,PENDING_AG03,FALSE,NOT_FOR_ENFORCEMENT,162.0313,4090.5592,168.7826,162.0313,6.7513,0.03571071,0.03428228,6.7513,162.0313,0.03428228,6.7513,6.7513,6.7513,6.7513,6.7513,162.0313,0.03428228,33.7565,31.1619,135.0261,137.6208,0.02856857,0.02911754,0.00142843,3.5298,3.5597,0.1410,3.6692,0.2905,102.7475,26.0217,3.1802,3.7422,2.0771,4.0878,4.1543,6.1317,6.2314,7.1537,3.1157,-1.022,1.524396,1.75,0.863492,29,159,71,5,0.34046406,0.03571071,0.04850756,0E-8,0.000000,0.901534,0.000000,-0.01940280,2026-05-27,2026-07-31,46,581,334,66,0.696970,0.849821,0.900951,1.134880,,,,,,,,GLOBAL_BASELINE_NO_ENTITY_RANKING,,,NOT_APPLICABLE_GLOBAL_BASELINE,HF9g-P5,,,,X 全窗基线 · 不参与实体赏罚,6878271,688,A168_HF9F_20260827_0900,2026-08-27 09:00:00
2026-06-05,132190460,1330,0,29.0800324037,-0.3115717757,-0.3115717757,0.5714286,7,7,0.50090561428571429,0.500905614286,0.3731730247484194,0.373173024746908,0.3731730247484194,-2.8571E-13,ELIGIBLE,R03b_20260811_FULL_v1,L1_ELIGIBILITY,v2026-08-11,2026-03-21..2026-08-06,baccarat_bet02_101_all_pairs_incl_sentinel,round_win = game_pnl > 0 (decisive only),COMPATIBILITY_ONLY_NOT_PRODUCTION,4726.3868,4260.9992,168.7826,1339,1197,-0.03571071,-0.04850756,-0.02910476,-0.03571071,-168.7826,4726.3868,OK,0.0000,6.7513,4.0000,96.0000,AG03-UNRESOLVED,ALL5_LEVELS_bet23_to_bet27,6.7513,6.7513,6.7513,6.7513,6.7513,4.000000,4.000000,4.000000,4.000000,4.000000,96.000000,96.000000,96.000000,96.000000,96.000000,5.0,33.7565,31.1619,135.0261,137.6208,PENDING_AG03,FALSE,NOT_FOR_ENFORCEMENT,162.0313,4090.5592,168.7826,162.0313,6.7513,0.03571071,0.03428228,6.7513,162.0313,0.03428228,6.7513,6.7513,6.7513,6.7513,6.7513,162.0313,0.03428228,33.7565,31.1619,135.0261,137.6208,0.02856857,0.02911754,0.00142843,3.5298,3.5597,0.1410,3.6692,0.2905,102.7475,26.0217,3.1802,3.7422,2.0771,4.0878,4.1543,6.1317,6.2314,7.1537,3.1157,-1.022,1.524396,1.75,0.863492,29,159,71,5,0.34046406,0.03571071,0.04850756,0E-8,0.000000,0.901534,0.000000,-0.01940280,2026-05-27,2026-07-31,46,581,334,66,0.696970,0.849821,0.900951,1.134880,,,,,,,,GLOBAL_BASELINE_NO_ENTITY_RANKING,,,NOT_APPLICABLE_GLOBAL_BASELINE,HF9g-P5,,,,X 全窗基线 · 不参与实体赏罚,6878272,688,A168_HF9F_20260827_0900,2026-08-27 09:00:00
2026-06-05,132190460,1353,0,4.1542903434,-4.1542903434,-4.1542903434,0E-7,1,1,0.49324550000000000,0.493245500000,-0.9865810262130424,-0.9865810262130424,-0.9865810262130424,0E-17,ELIGIBLE,R03b_20260811_FULL_v1,L1_ELIGIBILITY,v2026-08-11,2026-03-21..2026-08-06,baccarat_bet02_101_all_pairs_incl_sentinel,round_win = game_pnl > 0 (decisive only),COMPATIBILITY_ONLY_NOT_PRODUCTION,4726.3868,4260.9992,168.7826,1339,1197,-0.03571071,-0.04850756,-0.02910476,-0.03571071,-168.7826,4726.3868,OK,0.0000,6.7513,4.0000,96.0000,AG03-UNRESOLVED,ALL5_LEVELS_bet23_to_bet27,6.7513,6.7513,6.7513,6.7513,6.7513,4.000000,4.000000,4.000000,4.000000,4.000000,96.000000,96.000000,96.000000,96.000000,96.000000,5.0,33.7565,31.1619,135.0261,137.6208,PENDING_AG03,FALSE,NOT_FOR_ENFORCEMENT,162.0313,4090.5592,168.7826,162.0313,6.7513,0.03571071,0.03428228,6.7513,162.0313,0.03428228,6.7513,6.7513,6.7513,6.7513,6.7513,162.0313,0.03428228,33.7565,31.1619,135.0261,137.6208,0.02856857,0.02911754,0.00142843,3.5298,3.5597,0.1410,3.6692,0.2905,102.7475,26.0217,3.1802,3.7422,2.0771,4.0878,4.1543,6.1317,6.2314,7.1537,3.1157,-1.022,1.524396,1.75,0.863492,29,159,71,5,0.34046406,0.03571071,0.04850756,0E-8,0.000000,0.901534,0.000000,-0.01940280,2026-05-27,2026-07-31,46,581,334,66,0.696970,0.849821,0.900951,1.134880,,,,,,,,GLOBAL_BASELINE_NO_ENTITY_RANKING,,,NOT_APPLICABLE_GLOBAL_BASELINE,HF9g-P5,,,,X 全窗基线 · 不参与实体赏罚,6878273,688,A168_HF9F_20260827_0900,2026-08-27 09:00:00
2026-06-05,132190460,1400,0,18.6943065453,9.6587250483,9.6587250483,0.8000000,5,5,0.50665070000000000,0.506650700000,1.3120140225494112,1.3120140225494112,1.3120140225494112,0E-17,ELIGIBLE,R03b_20260811_FULL_v1,L1_ELIGIBILITY,v2026-08-11,2026-03-21..2026-08-06,baccarat_bet02_101_all_pairs_incl_sentinel,round_win = game_pnl > 0 (decisive only),COMPATIBILITY_ONLY_NOT_PRODUCTION,4726.3868,4260.9992,168.7826,1339,1197,-0.03571071,-0.04850756,-0.02910476,-0.03571071,-168.7826,4726.3868,OK,0.0000,6.7513,4.0000,96.0000,AG03-UNRESOLVED,ALL5_LEVELS_bet23_to_bet27,6.7513,6.7513,6.7513,6.7513,6.7513,4.000000,4.000000,4.000000,4.000000,4.000000,96.000000,96.000000,96.000000,96.000000,96.000000,5.0,33.7565,31.1619,135.0261,137.6208,PENDING_AG03,FALSE,NOT_FOR_ENFORCEMENT,162.0313,4090.5592,168.7826,162.0313,6.7513,0.03571071,0.03428228,6.7513,162.0313,0.03428228,6.7513,6.7513,6.7513,6.7513,6.7513,162.0313,0.03428228,33.7565,31.1619,135.0261,137.6208,0.02856857,0.02911754,0.00142843,3.5298,3.5597,0.1410,3.6692,0.2905,102.7475,26.0217,3.1802,3.7422,2.0771,4.0878,4.1543,6.1317,6.2314,7.1537,3.1157,-1.022,1.524396,1.75,0.863492,29,159,71,5,0.34046406,0.03571071,0.04850756,0E-8,0.000000,0.901534,0.000000,-0.01940280,2026-05-27,2026-07-31,46,581,334,66,0.696970,0.849821,0.900951,1.134880,,,,,,,,GLOBAL_BASELINE_NO_ENTITY_RANKING,,,NOT_APPLICABLE_GLOBAL_BASELINE,HF9g-P5,,,,X 全窗基线 · 不参与实体赏罚,6878274,688,A168_HF9F_20260827_0900,2026-08-27 09:00:00
2026-06-05,132190460,1505,0,32.8188937127,0E-10,0E-10,0.5000000,8,8,0.49994810000000000,0.499948100000,0.00025425703667063243,0.00025425703667063243,0.00025425703667063243,0E-17,ELIGIBLE,R03b_20260811_FULL_v1,L1_ELIGIBILITY,v2026-08-11,2026-03-21..2026-08-06,baccarat_bet02_101_all_pairs_incl_sentinel,round_win = game_pnl > 0 (decisive only),COMPATIBILITY_ONLY_NOT_PRODUCTION,4726.3868,4260.9992,168.7826,1339,1197,-0.03571071,-0.04850756,-0.02910476,-0.03571071,-168.7826,4726.3868,OK,0.0000,6.7513,4.0000,96.0000,AG03-UNRESOLVED,ALL5_LEVELS_bet23_to_bet27,6.7513,6.7513,6.7513,6.7513,6.7513,4.000000,4.000000,4.000000,4.000000,4.000000,96.000000,96.000000,96.000000,96.000000,96.000000,5.0,33.7565,31.1619,135.0261,137.6208,PENDING_AG03,FALSE,NOT_FOR_ENFORCEMENT,162.0313,4090.5592,168.7826,162.0313,6.7513,0.03571071,0.03428228,6.7513,162.0313,0.03428228,6.7513,6.7513,6.7513,6.7513,6.7513,162.0313,0.03428228,33.7565,31.1619,135.0261,137.6208,0.02856857,0.02911754,0.00142843,3.5298,3.5597,0.1410,3.6692,0.2905,102.7475,26.0217,3.1802,3.7422,2.0771,4.0878,4.1543,6.1317,6.2314,7.1537,3.1157,-1.022,1.524396,1.75,0.863492,29,159,71,5,0.34046406,0.03571071,0.04850756,0E-8,0.000000,0.901534,0.000000,-0.01940280,2026-05-27,2026-07-31,46,581,334,66,0.696970,0.849821,0.900951,1.134880,,,,,,,,GLOBAL_BASELINE_NO_ENTITY_RANKING,,,NOT_APPLICABLE_GLOBAL_BASELINE,HF9g-P5,,,,X 全窗基线 · 不参与实体赏罚,6878275,688,A168_HF9F_20260827_0900,2026-08-27 09:00:00
2026-06-05,132190460,1994,0,8.3085806868,-4.1542903434,-4.1542903434,0.2500000,4,4,0.49994810000000000,0.499948100000,-0.9997924053861017,-0.9997924053861017,-0.9997924053861017,0E-17,ELIGIBLE,R03b_20260811_FULL_v1,L1_ELIGIBILITY,v2026-08-11,2026-03-21..2026-08-06,baccarat_bet02_101_all_pairs_incl_sentinel,round_win = game_pnl > 0 (decisive only),COMPATIBILITY_ONLY_NOT_PRODUCTION,4726.3868,4260.9992,168.7826,1339,1197,-0.03571071,-0.04850756,-0.02910476,-0.03571071,-168.7826,4726.3868,OK,0.0000,6.7513,4.0000,96.0000,AG03-UNRESOLVED,ALL5_LEVELS_bet23_to_bet27,6.7513,6.7513,6.7513,6.7513,6.7513,4.000000,4.000000,4.000000,4.000000,4.000000,96.000000,96.000000,96.000000,96.000000,96.000000,5.0,33.7565,31.1619,135.0261,137.6208,PENDING_AG03,FALSE,NOT_FOR_ENFORCEMENT,162.0313,4090.5592,168.7826,162.0313,6.7513,0.03571071,0.03428228,6.7513,162.0313,0.03428228,6.7513,6.7513,6.7513,6.7513,6.7513,162.0313,0.03428228,33.7565,31.1619,135.0261,137.6208,0.02856857,0.02911754,0.00142843,3.5298,3.5597,0.1410,3.6692,0.2905,102.7475,26.0217,3.1802,3.7422,2.0771,4.0878,4.1543,6.1317,6.2314,7.1537,3.1157,-1.022,1.524396,1.75,0.863492,29,159,71,5,0.34046406,0.03571071,0.04850756,0E-8,0.000000,0.901534,0.000000,-0.01940280,2026-05-27,2026-07-31,46,581,334,66,0.696970,0.849821,0.900951,1.134880,,,,,,,,GLOBAL_BASELINE_NO_ENTITY_RANKING,,,NOT_APPLICABLE_GLOBAL_BASELINE,HF9g-P5,,,,X 全窗基线 · 不参与实体赏罚,6878276,688,A168_HF9F_20260827_0900,2026-08-27 09:00:00
2026-06-05,132190460,2093,0,14.5400162019,-2.0771451717,-2.0771451717,0.3333333,4,4,0.49994810000000000,0.499948100000,-0.5771704854251445,-0.5771704854251445,-0.5771704854251445,0E-17,ELIGIBLE,R03b_20260811_FULL_v1,L1_ELIGIBILITY,v2026-08-11,2026-03-21..2026-08-06,baccarat_bet02_101_all_pairs_incl_sentinel,round_win = game_pnl > 0 (decisive only),COMPATIBILITY_ONLY_NOT_PRODUCTION,4726.3868,4260.9992,168.7826,1339,1197,-0.03571071,-0.04850756,-0.02910476,-0.03571071,-168.7826,4726.3868,OK,0.0000,6.7513,4.0000,96.0000,AG03-UNRESOLVED,ALL5_LEVELS_bet23_to_bet27,6.7513,6.7513,6.7513,6.7513,6.7513,4.000000,4.000000,4.000000,4.000000,4.000000,96.000000,96.000000,96.000000,96.000000,96.000000,5.0,33.7565,31.1619,135.0261,137.6208,PENDING_AG03,FALSE,NOT_FOR_ENFORCEMENT,162.0313,4090.5592,168.7826,162.0313,6.7513,0.03571071,0.03428228,6.7513,162.0313,0.03428228,6.7513,6.7513,6.7513,6.7513,6.7513,162.0313,0.03428228,33.7565,31.1619,135.0261,137.6208,0.02856857,0.02911754,0.00142843,3.5298,3.5597,0.1410,3.6692,0.2905,102.7475,26.0217,3.1802,3.7422,2.0771,4.0878,4.1543,6.1317,6.2314,7.1537,3.1157,-1.022,1.524396,1.75,0.863492,29,159,71,5,0.34046406,0.03571071,0.04850756,0E-8,0.000000,0.901534,0.000000,-0.01940280,2026-05-27,2026-07-31,46,581,334,66,0.696970,0.849821,0.900951,1.134880,,,,,,,,GLOBAL_BASELINE_NO_ENTITY_RANKING,,,NOT_APPLICABLE_GLOBAL_BASELINE,HF9g-P5,,,,X 全窗基线 · 不参与实体赏罚,6878277,688,A168_HF9F_20260827_0900,2026-08-27 09:00:00
2026-06-05,132190460,2101,0,4.1542903434,0E-10,0E-10,0.5000000,2,2,0.49994810000000000,0.499948100000,0.00014679536856514622,0.00014679536856514622,0.00014679536856514622,0E-17,ELIGIBLE,R03b_20260811_FULL_v1,L1_ELIGIBILITY,v2026-08-11,2026-03-21..2026-08-06,baccarat_bet02_101_all_pairs_incl_sentinel,round_win = game_pnl > 0 (decisive only),COMPATIBILITY_ONLY_NOT_PRODUCTION,4726.3868,4260.9992,168.7826,1339,1197,-0.03571071,-0.04850756,-0.02910476,-0.03571071,-168.7826,4726.3868,OK,0.0000,6.7513,4.0000,96.0000,AG03-UNRESOLVED,ALL5_LEVELS_bet23_to_bet27,6.7513,6.7513,6.7513,6.7513,6.7513,4.000000,4.000000,4.000000,4.000000,4.000000,96.000000,96.000000,96.000000,96.000000,96.000000,5.0,33.7565,31.1619,135.0261,137.6208,PENDING_AG03,FALSE,NOT_FOR_ENFORCEMENT,162.0313,4090.5592,168.7826,162.0313,6.7513,0.03571071,0.03428228,6.7513,162.0313,0.03428228,6.7513,6.7513,6.7513,6.7513,6.7513,162.0313,0.03428228,33.7565,31.1619,135.0261,137.6208,0.02856857,0.02911754,0.00142843,3.5298,3.5597,0.1410,3.6692,0.2905,102.7475,26.0217,3.1802,3.7422,2.0771,4.0878,4.1543,6.1317,6.2314,7.1537,3.1157,-1.022,1.524396,1.75,0.863492,29,159,71,5,0.34046406,0.03571071,0.04850756,0E-8,0.000000,0.901534,0.000000,-0.01940280,2026-05-27,2026-07-31,46,581,334,66,0.696970,0.849821,0.900951,1.134880,,,,,,,,GLOBAL_BASELINE_NO_ENTITY_RANKING,,,NOT_APPLICABLE_GLOBAL_BASELINE,HF9g-P5,,,,X 全窗基线 · 不参与实体赏罚,6878278,688,A168_HF9F_20260827_0900,2026-08-27 09:00:00
2026-06-05,132190460,2127,0,4.1542903434,-4.1542903434,-4.1542903434,0E-7,1,1,0.50665070000000000,0.506650700000,-1.013391052207602,-1.013391052207602,-1.013391052207602,0E-17,ELIGIBLE,R03b_20260811_FULL_v1,L1_ELIGIBILITY,v2026-08-11,2026-03-21..2026-08-06,baccarat_bet02_101_all_pairs_incl_sentinel,round_win = game_pnl > 0 (decisive only),COMPATIBILITY_ONLY_NOT_PRODUCTION,4726.3868,4260.9992,168.7826,1339,1197,-0.03571071,-0.04850756,-0.02910476,-0.03571071,-168.7826,4726.3868,OK,0.0000,6.7513,4.0000,96.0000,AG03-UNRESOLVED,ALL5_LEVELS_bet23_to_bet27,6.7513,6.7513,6.7513,6.7513,6.7513,4.000000,4.000000,4.000000,4.000000,4.000000,96.000000,96.000000,96.000000,96.000000,96.000000,5.0,33.7565,31.1619,135.0261,137.6208,PENDING_AG03,FALSE,NOT_FOR_ENFORCEMENT,162.0313,4090.5592,168.7826,162.0313,6.7513,0.03571071,0.03428228,6.7513,162.0313,0.03428228,6.7513,6.7513,6.7513,6.7513,6.7513,162.0313,0.03428228,33.7565,31.1619,135.0261,137.6208,0.02856857,0.02911754,0.00142843,3.5298,3.5597,0.1410,3.6692,0.2905,102.7475,26.0217,3.1802,3.7422,2.0771,4.0878,4.1543,6.1317,6.2314,7.1537,3.1157,-1.022,1.524396,1.75,0.863492,29,159,71,5,0.34046406,0.03571071,0.04850756,0E-8,0.000000,0.901534,0.000000,-0.01940280,2026-05-27,2026-07-31,46,581,334,66,0.696970,0.849821,0.900951,1.134880,,,,,,,,GLOBAL_BASELINE_NO_ENTITY_RANKING,,,NOT_APPLICABLE_GLOBAL_BASELINE,HF9g-P5,,,,X 全窗基线 · 不参与实体赏罚,6878279,688,A168_HF9F_20260827_0900,2026-08-27 09:00:00
2026-06-05,132190460,2145,0,12.4628710301,8.3085806867,8.3085806867,1.0000000,3,3,0.49324550000000000,0.493245500000,1.4334489766152358,1.4334489766152358,1.4334489766152358,0E-17,ELIGIBLE,R03b_20260811_FULL_v1,L1_ELIGIBILITY,v2026-08-11,2026-03-21..2026-08-06,baccarat_bet02_101_all_pairs_incl_sentinel,round_win = game_pnl > 0 (decisive only),COMPATIBILITY_ONLY_NOT_PRODUCTION,4726.3868,4260.9992,168.7826,1339,1197,-0.03571071,-0.04850756,-0.02910476,-0.03571071,-168.7826,4726.3868,OK,0.0000,6.7513,4.0000,96.0000,AG03-UNRESOLVED,ALL5_LEVELS_bet23_to_bet27,6.7513,6.7513,6.7513,6.7513,6.7513,4.000000,4.000000,4.000000,4.000000,4.000000,96.000000,96.000000,96.000000,96.000000,96.000000,5.0,33.7565,31.1619,135.0261,137.6208,PENDING_AG03,FALSE,NOT_FOR_ENFORCEMENT,162.0313,4090.5592,168.7826,162.0313,6.7513,0.03571071,0.03428228,6.7513,162.0313,0.03428228,6.7513,6.7513,6.7513,6.7513,6.7513,162.0313,0.03428228,33.7565,31.1619,135.0261,137.6208,0.02856857,0.02911754,0.00142843,3.5298,3.5597,0.1410,3.6692,0.2905,102.7475,26.0217,3.1802,3.7422,2.0771,4.0878,4.1543,6.1317,6.2314,7.1537,3.1157,-1.022,1.524396,1.75,0.863492,29,159,71,5,0.34046406,0.03571071,0.04850756,0E-8,0.000000,0.901534,0.000000,-0.01940280,2026-05-27,2026-07-31,46,581,334,66,0.696970,0.849821,0.900951,1.134880,,,,,,,,GLOBAL_BASELINE_NO_ENTITY_RANKING,,,NOT_APPLICABLE_GLOBAL_BASELINE,HF9g-P5,,,,X 全窗基线 · 不参与实体赏罚,6878280,688,A168_HF9F_20260827_0900,2026-08-27 09:00:00
2026-06-05,132190460,2153,0,4.1542903434,-4.1542903434,-4.1542903434,0E-7,1,1,0.50665070000000000,0.506650700000,-1.013391052207602,-1.013391052207602,-1.013391052207602,0E-17,ELIGIBLE,R03b_20260811_FULL_v1,L1_ELIGIBILITY,v2026-08-11,2026-03-21..2026-08-06,baccarat_bet02_101_all_pairs_incl_sentinel,round_win = game_pnl > 0 (decisive only),COMPATIBILITY_ONLY_NOT_PRODUCTION,4726.3868,4260.9992,168.7826,1339,1197,-0.03571071,-0.04850756,-0.02910476,-0.03571071,-168.7826,4726.3868,OK,0.0000,6.7513,4.0000,96.0000,AG03-UNRESOLVED,ALL5_LEVELS_bet23_to_bet27,6.7513,6.7513,6.7513,6.7513,6.7513,4.000000,4.000000,4.000000,4.000000,4.000000,96.000000,96.000000,96.000000,96.000000,96.000000,5.0,33.7565,31.1619,135.0261,137.6208,PENDING_AG03,FALSE,NOT_FOR_ENFORCEMENT,162.0313,4090.5592,168.7826,162.0313,6.7513,0.03571071,0.03428228,6.7513,162.0313,0.03428228,6.7513,6.7513,6.7513,6.7513,6.7513,162.0313,0.03428228,33.7565,31.1619,135.0261,137.6208,0.02856857,0.02911754,0.00142843,3.5298,3.5597,0.1410,3.6692,0.2905,102.7475,26.0217,3.1802,3.7422,2.0771,4.0878,4.1543,6.1317,6.2314,7.1537,3.1157,-1.022,1.524396,1.75,0.863492,29,159,71,5,0.34046406,0.03571071,0.04850756,0E-8,0.000000,0.901534,0.000000,-0.01940280,2026-05-27,2026-07-31,46,581,334,66,0.696970,0.849821,0.900951,1.134880,,,,,,,,GLOBAL_BASELINE_NO_ENTITY_RANKING,,,NOT_APPLICABLE_GLOBAL_BASELINE,HF9g-P5,,,,X 全窗基线 · 不参与实体赏罚,6878281,688,A168_HF9F_20260827_0900,2026-08-27 09:00:00
2026-06-05,132190460,2169,0,39.4657582621,20.0444509069,20.0444509069,0.8571429,9,9,0.50069283333333333,0.500692833333,1.8861580464267045,1.8861580464284666,1.8861580464267045,3.3333E-13,ELIGIBLE,R03b_20260811_FULL_v1,L1_ELIGIBILITY,v2026-08-11,2026-03-21..2026-08-06,baccarat_bet02_101_all_pairs_incl_sentinel,round_win = game_pnl > 0 (decisive only),COMPATIBILITY_ONLY_NOT_PRODUCTION,4726.3868,4260.9992,168.7826,1339,1197,-0.03571071,-0.04850756,-0.02910476,-0.03571071,-168.7826,4726.3868,OK,0.0000,6.7513,4.0000,96.0000,AG03-UNRESOLVED,ALL5_LEVELS_bet23_to_bet27,6.7513,6.7513,6.7513,6.7513,6.7513,4.000000,4.000000,4.000000,4.000000,4.000000,96.000000,96.000000,96.000000,96.000000,96.000000,5.0,33.7565,31.1619,135.0261,137.6208,PENDING_AG03,FALSE,NOT_FOR_ENFORCEMENT,162.0313,4090.5592,168.7826,162.0313,6.7513,0.03571071,0.03428228,6.7513,162.0313,0.03428228,6.7513,6.7513,6.7513,6.7513,6.7513,162.0313,0.03428228,33.7565,31.1619,135.0261,137.6208,0.02856857,0.02911754,0.00142843,3.5298,3.5597,0.1410,3.6692,0.2905,102.7475,26.0217,3.1802,3.7422,2.0771,4.0878,4.1543,6.1317,6.2314,7.1537,3.1157,-1.022,1.524396,1.75,0.863492,29,159,71,5,0.34046406,0.03571071,0.04850756,0E-8,0.000000,0.901534,0.000000,-0.01940280,2026-05-27,2026-07-31,46,581,334,66,0.696970,0.849821,0.900951,1.134880,,,,,,,,GLOBAL_BASELINE_NO_ENTITY_RANKING,,,NOT_APPLICABLE_GLOBAL_BASELINE,HF9g-P5,,,,X 全窗基线 · 不参与实体赏罚,6878282,688,A168_HF9F_20260827_0900,2026-08-27 09:00:00
2026-06-05,132190460,2170,0,2.0771451717,-2.0771451717,-2.0771451717,0E-7,1,1,0.50665070000000000,0.506650700000,-1.013391052207602,-1.013391052207602,-1.013391052207602,0E-17,ELIGIBLE,R03b_20260811_FULL_v1,L1_ELIGIBILITY,v2026-08-11,2026-03-21..2026-08-06,baccarat_bet02_101_all_pairs_incl_sentinel,round_win = game_pnl > 0 (decisive only),COMPATIBILITY_ONLY_NOT_PRODUCTION,4726.3868,4260.9992,168.7826,1339,1197,-0.03571071,-0.04850756,-0.02910476,-0.03571071,-168.7826,4726.3868,OK,0.0000,6.7513,4.0000,96.0000,AG03-UNRESOLVED,ALL5_LEVELS_bet23_to_bet27,6.7513,6.7513,6.7513,6.7513,6.7513,4.000000,4.000000,4.000000,4.000000,4.000000,96.000000,96.000000,96.000000,96.000000,96.000000,5.0,33.7565,31.1619,135.0261,137.6208,PENDING_AG03,FALSE,NOT_FOR_ENFORCEMENT,162.0313,4090.5592,168.7826,162.0313,6.7513,0.03571071,0.03428228,6.7513,162.0313,0.03428228,6.7513,6.7513,6.7513,6.7513,6.7513,162.0313,0.03428228,33.7565,31.1619,135.0261,137.6208,0.02856857,0.02911754,0.00142843,3.5298,3.5597,0.1410,3.6692,0.2905,102.7475,26.0217,3.1802,3.7422,2.0771,4.0878,4.1543,6.1317,6.2314,7.1537,3.1157,-1.022,1.524396,1.75,0.863492,29,159,71,5,0.34046406,0.03571071,0.04850756,0E-8,0.000000,0.901534,0.000000,-0.01940280,2026-05-27,2026-07-31,46,581,334,66,0.696970,0.849821,0.900951,1.134880,,,,,,,,GLOBAL_BASELINE_NO_ENTITY_RANKING,,,NOT_APPLICABLE_GLOBAL_BASELINE,HF9g-P5,,,,X 全窗基线 · 不参与实体赏罚,6878283,688,A168_HF9F_20260827_0900,2026-08-27 09:00:00
2026-06-05,132190460,2196,0,4.1542903434,3.9465758262,3.9465758262,1.0000000,1,1,0.50665070000000000,0.506650700000,0.9867858985152569,0.9867858985152569,0.9867858985152569,0E-17,ELIGIBLE,R03b_20260811_FULL_v1,L1_ELIGIBILITY,v2026-08-11,2026-03-21..2026-08-06,baccarat_bet02_101_all_pairs_incl_sentinel,round_win = game_pnl > 0 (decisive only),COMPATIBILITY_ONLY_NOT_PRODUCTION,4726.3868,4260.9992,168.7826,1339,1197,-0.03571071,-0.04850756,-0.02910476,-0.03571071,-168.7826,4726.3868,OK,0.0000,6.7513,4.0000,96.0000,AG03-UNRESOLVED,ALL5_LEVELS_bet23_to_bet27,6.7513,6.7513,6.7513,6.7513,6.7513,4.000000,4.000000,4.000000,4.000000,4.000000,96.000000,96.000000,96.000000,96.000000,96.000000,5.0,33.7565,31.1619,135.0261,137.6208,PENDING_AG03,FALSE,NOT_FOR_ENFORCEMENT,162.0313,4090.5592,168.7826,162.0313,6.7513,0.03571071,0.03428228,6.7513,162.0313,0.03428228,6.7513,6.7513,6.7513,6.7513,6.7513,162.0313,0.03428228,33.7565,31.1619,135.0261,137.6208,0.02856857,0.02911754,0.00142843,3.5298,3.5597,0.1410,3.6692,0.2905,102.7475,26.0217,3.1802,3.7422,2.0771,4.0878,4.1543,6.1317,6.2314,7.1537,3.1157,-1.022,1.524396,1.75,0.863492,29,159,71,5,0.34046406,0.03571071,0.04850756,0E-8,0.000000,0.901534,0.000000,-0.01940280,2026-05-27,2026-07-31,46,581,334,66,0.696970,0.849821,0.900951,1.134880,,,,,,,,GLOBAL_BASELINE_NO_ENTITY_RANKING,,,NOT_APPLICABLE_GLOBAL_BASELINE,HF9g-P5,,,,X 全窗基线 · 不参与实体赏罚,6878284,688,A168_HF9F_20260827_0900,2026-08-27 09:00:00
2026-06-05,132190460,2223,0,6.2314355151,-6.2314355151,-6.2314355151,0E-7,2,2,0.50665070000000000,0.506650700000,-1.4331513700195317,-1.4331513700195317,-1.4331513700195317,0E-17,ELIGIBLE,R03b_20260811_FULL_v1,L1_ELIGIBILITY,v2026-08-11,2026-03-21..2026-08-06,baccarat_bet02_101_all_pairs_incl_sentinel,round_win = game_pnl > 0 (decisive only),COMPATIBILITY_ONLY_NOT_PRODUCTION,4726.3868,4260.9992,168.7826,1339,1197,-0.03571071,-0.04850756,-0.02910476,-0.03571071,-168.7826,4726.3868,OK,0.0000,6.7513,4.0000,96.0000,AG03-UNRESOLVED,ALL5_LEVELS_bet23_to_bet27,6.7513,6.7513,6.7513,6.7513,6.7513,4.000000,4.000000,4.000000,4.000000,4.000000,96.000000,96.000000,96.000000,96.000000,96.000000,5.0,33.7565,31.1619,135.0261,137.6208,PENDING_AG03,FALSE,NOT_FOR_ENFORCEMENT,162.0313,4090.5592,168.7826,162.0313,6.7513,0.03571071,0.03428228,6.7513,162.0313,0.03428228,6.7513,6.7513,6.7513,6.7513,6.7513,162.0313,0.03428228,33.7565,31.1619,135.0261,137.6208,0.02856857,0.02911754,0.00142843,3.5298,3.5597,0.1410,3.6692,0.2905,102.7475,26.0217,3.1802,3.7422,2.0771,4.0878,4.1543,6.1317,6.2314,7.1537,3.1157,-1.022,1.524396,1.75,0.863492,29,159,71,5,0.34046406,0.03571071,0.04850756,0E-8,0.000000,0.901534,0.000000,-0.01940280,2026-05-27,2026-07-31,46,581,334,66,0.696970,0.849821,0.900951,1.134880,,,,,,,,GLOBAL_BASELINE_NO_ENTITY_RANKING,,,NOT_APPLICABLE_GLOBAL_BASELINE,HF9g-P5,,,,X 全窗基线 · 不参与实体赏罚,6878285,688,A168_HF9F_20260827_0900,2026-08-27 09:00:00
2026-06-05,132190460,2233,0,16.6171613736,-0.2077145172,-0.2077145172,0.6000000,6,6,0.50441650000000000,0.504416500000,0.42747908374280613,0.42747908374280613,0.42747908374280613,0E-17,ELIGIBLE,R03b_20260811_FULL_v1,L1_ELIGIBILITY,v2026-08-11,2026-03-21..2026-08-06,baccarat_bet02_101_all_pairs_incl_sentinel,round_win = game_pnl > 0 (decisive only),COMPATIBILITY_ONLY_NOT_PRODUCTION,4726.3868,4260.9992,168.7826,1339,1197,-0.03571071,-0.04850756,-0.02910476,-0.03571071,-168.7826,4726.3868,OK,0.0000,6.7513,4.0000,96.0000,AG03-UNRESOLVED,ALL5_LEVELS_bet23_to_bet27,6.7513,6.7513,6.7513,6.7513,6.7513,4.000000,4.000000,4.000000,4.000000,4.000000,96.000000,96.000000,96.000000,96.000000,96.000000,5.0,33.7565,31.1619,135.0261,137.6208,PENDING_AG03,FALSE,NOT_FOR_ENFORCEMENT,162.0313,4090.5592,168.7826,162.0313,6.7513,0.03571071,0.03428228,6.7513,162.0313,0.03428228,6.7513,6.7513,6.7513,6.7513,6.7513,162.0313,0.03428228,33.7565,31.1619,135.0261,137.6208,0.02856857,0.02911754,0.00142843,3.5298,3.5597,0.1410,3.6692,0.2905,102.7475,26.0217,3.1802,3.7422,2.0771,4.0878,4.1543,6.1317,6.2314,7.1537,3.1157,-1.022,1.524396,1.75,0.863492,29,159,71,5,0.34046406,0.03571071,0.04850756,0E-8,0.000000,0.901534,0.000000,-0.01940280,2026-05-27,2026-07-31,46,581,334,66,0.696970,0.849821,0.900951,1.134880,,,,,,,,GLOBAL_BASELINE_NO_ENTITY_RANKING,,,NOT_APPLICABLE_GLOBAL_BASELINE,HF9g-P5,,,,X 全窗基线 · 不参与实体赏罚,6878286,688,A168_HF9F_20260827_0900,2026-08-27 09:00:00
2026-06-05,132190460,2235,0,4.1542903434,0E-10,0E-10,0.5000000,2,2,0.49994810000000000,0.499948100000,0.00014679536856514622,0.00014679536856514622,0.00014679536856514622,0E-17,ELIGIBLE,R03b_20260811_FULL_v1,L1_ELIGIBILITY,v2026-08-11,2026-03-21..2026-08-06,baccarat_bet02_101_all_pairs_incl_sentinel,round_win = game_pnl > 0 (decisive only),COMPATIBILITY_ONLY_NOT_PRODUCTION,4726.3868,4260.9992,168.7826,1339,1197,-0.03571071,-0.04850756,-0.02910476,-0.03571071,-168.7826,4726.3868,OK,0.0000,6.7513,4.0000,96.0000,AG03-UNRESOLVED,ALL5_LEVELS_bet23_to_bet27,6.7513,6.7513,6.7513,6.7513,6.7513,4.000000,4.000000,4.000000,4.000000,4.000000,96.000000,96.000000,96.000000,96.000000,96.000000,5.0,33.7565,31.1619,135.0261,137.6208,PENDING_AG03,FALSE,NOT_FOR_ENFORCEMENT,162.0313,4090.5592,168.7826,162.0313,6.7513,0.03571071,0.03428228,6.7513,162.0313,0.03428228,6.7513,6.7513,6.7513,6.7513,6.7513,162.0313,0.03428228,33.7565,31.1619,135.0261,137.6208,0.02856857,0.02911754,0.00142843,3.5298,3.5597,0.1410,3.6692,0.2905,102.7475,26.0217,3.1802,3.7422,2.0771,4.0878,4.1543,6.1317,6.2314,7.1537,3.1157,-1.022,1.524396,1.75,0.863492,29,159,71,5,0.34046406,0.03571071,0.04850756,0E-8,0.000000,0.901534,0.000000,-0.01940280,2026-05-27,2026-07-31,46,581,334,66,0.696970,0.849821,0.900951,1.134880,,,,,,,,GLOBAL_BASELINE_NO_ENTITY_RANKING,,,NOT_APPLICABLE_GLOBAL_BASELINE,HF9g-P5,,,,X 全窗基线 · 不参与实体赏罚,6878287,688,A168_HF9F_20260827_0900,2026-08-27 09:00:00
2026-06-05,132190460,2246,0,19.1097355796,8.2878092350,8.2878092350,0.7500000,5,5,0.50128862000000000,0.501288620000,0.9948488239810122,0.9948488239810122,0.9948488239810122,0E-17,ELIGIBLE,R03b_20260811_FULL_v1,L1_ELIGIBILITY,v2026-08-11,2026-03-21..2026-08-06,baccarat_bet02_101_all_pairs_incl_sentinel,round_win = game_pnl > 0 (decisive only),COMPATIBILITY_ONLY_NOT_PRODUCTION,4726.3868,4260.9992,168.7826,1339,1197,-0.03571071,-0.04850756,-0.02910476,-0.03571071,-168.7826,4726.3868,OK,0.0000,6.7513,4.0000,96.0000,AG03-UNRESOLVED,ALL5_LEVELS_bet23_to_bet27,6.7513,6.7513,6.7513,6.7513,6.7513,4.000000,4.000000,4.000000,4.000000,4.000000,96.000000,96.000000,96.000000,96.000000,96.000000,5.0,33.7565,31.1619,135.0261,137.6208,PENDING_AG03,FALSE,NOT_FOR_ENFORCEMENT,162.0313,4090.5592,168.7826,162.0313,6.7513,0.03571071,0.03428228,6.7513,162.0313,0.03428228,6.7513,6.7513,6.7513,6.7513,6.7513,162.0313,0.03428228,33.7565,31.1619,135.0261,137.6208,0.02856857,0.02911754,0.00142843,3.5298,3.5597,0.1410,3.6692,0.2905,102.7475,26.0217,3.1802,3.7422,2.0771,4.0878,4.1543,6.1317,6.2314,7.1537,3.1157,-1.022,1.524396,1.75,0.863492,29,159,71,5,0.34046406,0.03571071,0.04850756,0E-8,0.000000,0.901534,0.000000,-0.01940280,2026-05-27,2026-07-31,46,581,334,66,0.696970,0.849821,0.900951,1.134880,,,,,,,,GLOBAL_BASELINE_NO_ENTITY_RANKING,,,NOT_APPLICABLE_GLOBAL_BASELINE,HF9g-P5,,,,X 全窗基线 · 不参与实体赏罚,6878288,688,A168_HF9F_20260827_0900,2026-08-27 09:00:00
2026-06-05,132190460,2251,0,6.8545790666,-6.8545790666,-6.8545790666,0E-7,2,2,0.49994810000000000,0.499948100000,-1.4140667746232096,-1.4140667746232096,-1.4140667746232096,0E-17,ELIGIBLE,R03b_20260811_FULL_v1,L1_ELIGIBILITY,v2026-08-11,2026-03-21..2026-08-06,baccarat_bet02_101_all_pairs_incl_sentinel,round_win = game_pnl > 0 (decisive only),COMPATIBILITY_ONLY_NOT_PRODUCTION,4726.3868,4260.9992,168.7826,1339,1197,-0.03571071,-0.04850756,-0.02910476,-0.03571071,-168.7826,4726.3868,OK,0.0000,6.7513,4.0000,96.0000,AG03-UNRESOLVED,ALL5_LEVELS_bet23_to_bet27,6.7513,6.7513,6.7513,6.7513,6.7513,4.000000,4.000000,4.000000,4.000000,4.000000,96.000000,96.000000,96.000000,96.000000,96.000000,5.0,33.7565,31.1619,135.0261,137.6208,PENDING_AG03,FALSE,NOT_FOR_ENFORCEMENT,162.0313,4090.5592,168.7826,162.0313,6.7513,0.03571071,0.03428228,6.7513,162.0313,0.03428228,6.7513,6.7513,6.7513,6.7513,6.7513,162.0313,0.03428228,33.7565,31.1619,135.0261,137.6208,0.02856857,0.02911754,0.00142843,3.5298,3.5597,0.1410,3.6692,0.2905,102.7475,26.0217,3.1802,3.7422,2.0771,4.0878,4.1543,6.1317,6.2314,7.1537,3.1157,-1.022,1.524396,1.75,0.863492,29,159,71,5,0.34046406,0.03571071,0.04850756,0E-8,0.000000,0.901534,0.000000,-0.01940280,2026-05-27,2026-07-31,46,581,334,66,0.696970,0.849821,0.900951,1.134880,,,,,,,,GLOBAL_BASELINE_NO_ENTITY_RANKING,,,NOT_APPLICABLE_GLOBAL_BASELINE,HF9g-P5,,,,X 全窗基线 · 不参与实体赏罚,6878289,688,A168_HF9F_20260827_0900,2026-08-27 09:00:00
2026-06-05,132190460,2267,0,4.1542903434,4.1542903434,4.1542903434,1.0000000,1,1,0.49324550000000000,0.493245500000,1.01360149184955,1.01360149184955,1.01360149184955,0E-17,ELIGIBLE,R03b_20260811_FULL_v1,L1_ELIGIBILITY,v2026-08-11,2026-03-21..2026-08-06,baccarat_bet02_101_all_pairs_incl_sentinel,round_win = game_pnl > 0 (decisive only),COMPATIBILITY_ONLY_NOT_PRODUCTION,4726.3868,4260.9992,168.7826,1339,1197,-0.03571071,-0.04850756,-0.02910476,-0.03571071,-168.7826,4726.3868,OK,0.0000,6.7513,4.0000,96.0000,AG03-UNRESOLVED,ALL5_LEVELS_bet23_to_bet27,6.7513,6.7513,6.7513,6.7513,6.7513,4.000000,4.000000,4.000000,4.000000,4.000000,96.000000,96.000000,96.000000,96.000000,96.000000,5.0,33.7565,31.1619,135.0261,137.6208,PENDING_AG03,FALSE,NOT_FOR_ENFORCEMENT,162.0313,4090.5592,168.7826,162.0313,6.7513,0.03571071,0.03428228,6.7513,162.0313,0.03428228,6.7513,6.7513,6.7513,6.7513,6.7513,162.0313,0.03428228,33.7565,31.1619,135.0261,137.6208,0.02856857,0.02911754,0.00142843,3.5298,3.5597,0.1410,3.6692,0.2905,102.7475,26.0217,3.1802,3.7422,2.0771,4.0878,4.1543,6.1317,6.2314,7.1537,3.1157,-1.022,1.524396,1.75,0.863492,29,159,71,5,0.34046406,0.03571071,0.04850756,0E-8,0.000000,0.901534,0.000000,-0.01940280,2026-05-27,2026-07-31,46,581,334,66,0.696970,0.849821,0.900951,1.134880,,,,,,,,GLOBAL_BASELINE_NO_ENTITY_RANKING,,,NOT_APPLICABLE_GLOBAL_BASELINE,HF9g-P5,,,,X 全窗基线 · 不参与实体赏罚,6878290,688,A168_HF9F_20260827_0900,2026-08-27 09:00:00
2026-06-05,132190460,2271,0,4.1542903434,3.9465758262,3.9465758262,1.0000000,1,1,0.50665070000000000,0.506650700000,0.9867858985152569,0.9867858985152569,0.9867858985152569,0E-17,ELIGIBLE,R03b_20260811_FULL_v1,L1_ELIGIBILITY,v2026-08-11,2026-03-21..2026-08-06,baccarat_bet02_101_all_pairs_incl_sentinel,round_win = game_pnl > 0 (decisive only),COMPATIBILITY_ONLY_NOT_PRODUCTION,4726.3868,4260.9992,168.7826,1339,1197,-0.03571071,-0.04850756,-0.02910476,-0.03571071,-168.7826,4726.3868,OK,0.0000,6.7513,4.0000,96.0000,AG03-UNRESOLVED,ALL5_LEVELS_bet23_to_bet27,6.7513,6.7513,6.7513,6.7513,6.7513,4.000000,4.000000,4.000000,4.000000,4.000000,96.000000,96.000000,96.000000,96.000000,96.000000,5.0,33.7565,31.1619,135.0261,137.6208,PENDING_AG03,FALSE,NOT_FOR_ENFORCEMENT,162.0313,4090.5592,168.7826,162.0313,6.7513,0.03571071,0.03428228,6.7513,162.0313,0.03428228,6.7513,6.7513,6.7513,6.7513,6.7513,162.0313,0.03428228,33.7565,31.1619,135.0261,137.6208,0.02856857,0.02911754,0.00142843,3.5298,3.5597,0.1410,3.6692,0.2905,102.7475,26.0217,3.1802,3.7422,2.0771,4.0878,4.1543,6.1317,6.2314,7.1537,3.1157,-1.022,1.524396,1.75,0.863492,29,159,71,5,0.34046406,0.03571071,0.04850756,0E-8,0.000000,0.901534,0.000000,-0.01940280,2026-05-27,2026-07-31,46,581,334,66,0.696970,0.849821,0.900951,1.134880,,,,,,,,GLOBAL_BASELINE_NO_ENTITY_RANKING,,,NOT_APPLICABLE_GLOBAL_BASELINE,HF9g-P5,,,,X 全窗基线 · 不参与实体赏罚,6878291,688,A168_HF9F_20260827_0900,2026-08-27 09:00:00
2026-06-05,132190460,471,0,2.2848596888,-2.2848596888,-2.2848596888,0E-7,1,1,0.50665070000000000,0.506650700000,-1.013391052207602,-1.013391052207602,-1.013391052207602,0E-17,ELIGIBLE,R03b_20260811_FULL_v1,L1_ELIGIBILITY,v2026-08-11,2026-03-21..2026-08-06,baccarat_bet02_101_all_pairs_incl_sentinel,round_win = game_pnl > 0 (decisive only),COMPATIBILITY_ONLY_NOT_PRODUCTION,4726.3868,4260.9992,168.7826,1339,1197,-0.03571071,-0.04850756,-0.02910476,-0.03571071,-168.7826,4726.3868,OK,0.0000,6.7513,4.0000,96.0000,AG03-UNRESOLVED,ALL5_LEVELS_bet23_to_bet27,6.7513,6.7513,6.7513,6.7513,6.7513,4.000000,4.000000,4.000000,4.000000,4.000000,96.000000,96.000000,96.000000,96.000000,96.000000,5.0,33.7565,31.1619,135.0261,137.6208,PENDING_AG03,FALSE,NOT_FOR_ENFORCEMENT,162.0313,4090.5592,168.7826,162.0313,6.7513,0.03571071,0.03428228,6.7513,162.0313,0.03428228,6.7513,6.7513,6.7513,6.7513,6.7513,162.0313,0.03428228,33.7565,31.1619,135.0261,137.6208,0.02856857,0.02911754,0.00142843,3.5298,3.5597,0.1410,3.6692,0.2905,102.7475,26.0217,3.1802,3.7422,2.0771,4.0878,4.1543,6.1317,6.2314,7.1537,3.1157,-1.022,1.524396,1.75,0.863492,29,159,71,5,0.34046406,0.03571071,0.04850756,0E-8,0.000000,0.901534,0.000000,-0.01940280,2026-05-27,2026-07-31,46,581,334,66,0.696970,0.849821,0.900951,1.134880,,,,,,,,GLOBAL_BASELINE_NO_ENTITY_RANKING,,,NOT_APPLICABLE_GLOBAL_BASELINE,HF9g-P5,,,,X 全窗基线 · 不参与实体赏罚,6878292,688,A168_HF9F_20260827_0900,2026-08-27 09:00:00
2026-06-06,132190460,-1,1,17.6557339594,-3.2195750161,-3.2195750161,0.5000000,7,7,0.49707555714285714,0.497075557143,0.014327030625969732,0.014327030625269827,0.014327030625969732,-1.4286E-13,SENTINEL_DEALER,R03b_20260811_FULL_v1,L1_ELIGIBILITY,v2026-08-11,2026-03-21..2026-08-06,baccarat_bet02_101_all_pairs_incl_sentinel,round_win = game_pnl > 0 (decisive only),COMPATIBILITY_ONLY_NOT_PRODUCTION,4726.3868,4260.9992,168.7826,1339,1197,-0.03571071,-0.04850756,-0.02910476,-0.03571071,-168.7826,4726.3868,OK,0.0000,6.7513,4.0000,96.0000,AG03-UNRESOLVED,ALL5_LEVELS_bet23_to_bet27,6.7513,6.7513,6.7513,6.7513,6.7513,4.000000,4.000000,4.000000,4.000000,4.000000,96.000000,96.000000,96.000000,96.000000,96.000000,5.0,33.7565,31.1619,135.0261,137.6208,PENDING_AG03,FALSE,NOT_FOR_ENFORCEMENT,162.0313,4090.5592,168.7826,162.0313,6.7513,0.03571071,0.03428228,6.7513,162.0313,0.03428228,6.7513,6.7513,6.7513,6.7513,6.7513,162.0313,0.03428228,33.7565,31.1619,135.0261,137.6208,0.02856857,0.02911754,0.00142843,3.5298,3.5597,0.1410,3.6692,0.2905,102.7475,26.0217,3.1802,3.7422,2.0771,4.0878,4.1543,6.1317,6.2314,7.1537,3.1157,-1.022,1.524396,1.75,0.863492,29,159,71,5,0.34046406,0.03571071,0.04850756,0E-8,0.000000,0.901534,0.000000,-0.01940280,2026-05-27,2026-07-31,46,581,334,66,0.696970,0.849821,0.900951,1.134880,,,,,,,,GLOBAL_BASELINE_NO_ENTITY_RANKING,,,NOT_APPLICABLE_GLOBAL_BASELINE,HF9g-P5,,,,X 全窗基线 · 不参与实体赏罚,6878293,688,A168_HF9F_20260827_0900,2026-08-27 09:00:00
2026-06-06,132190460,1306,0,13.5014436159,12.8263714350,12.8263714350,1.0000000,3,3,0.50665070000000000,0.506650700000,1.7091633124209307,1.7091633124209307,1.7091633124209307,0E-17,ELIGIBLE,R03b_20260811_FULL_v1,L1_ELIGIBILITY,v2026-08-11,2026-03-21..2026-08-06,baccarat_bet02_101_all_pairs_incl_sentinel,round_win = game_pnl > 0 (decisive only),COMPATIBILITY_ONLY_NOT_PRODUCTION,4726.3868,4260.9992,168.7826,1339,1197,-0.03571071,-0.04850756,-0.02910476,-0.03571071,-168.7826,4726.3868,OK,0.0000,6.7513,4.0000,96.0000,AG03-UNRESOLVED,ALL5_LEVELS_bet23_to_bet27,6.7513,6.7513,6.7513,6.7513,6.7513,4.000000,4.000000,4.000000,4.000000,4.000000,96.000000,96.000000,96.000000,96.000000,96.000000,5.0,33.7565,31.1619,135.0261,137.6208,PENDING_AG03,FALSE,NOT_FOR_ENFORCEMENT,162.0313,4090.5592,168.7826,162.0313,6.7513,0.03571071,0.03428228,6.7513,162.0313,0.03428228,6.7513,6.7513,6.7513,6.7513,6.7513,162.0313,0.03428228,33.7565,31.1619,135.0261,137.6208,0.02856857,0.02911754,0.00142843,3.5298,3.5597,0.1410,3.6692,0.2905,102.7475,26.0217,3.1802,3.7422,2.0771,4.0878,4.1543,6.1317,6.2314,7.1537,3.1157,-1.022,1.524396,1.75,0.863492,29,159,71,5,0.34046406,0.03571071,0.04850756,0E-8,0.000000,0.901534,0.000000,-0.01940280,2026-05-27,2026-07-31,46,581,334,66,0.696970,0.849821,0.900951,1.134880,,,,,,,,GLOBAL_BASELINE_NO_ENTITY_RANKING,,,NOT_APPLICABLE_GLOBAL_BASELINE,HF9g-P5,,,,X 全窗基线 · 不参与实体赏罚,6878294,688,A168_HF9F_20260827_0900,2026-08-27 09:00:00
2026-06-06,132190460,1318,0,14.5400162018,1.6617161374,1.6617161374,0.6666667,3,3,0.50218230000000000,0.502182300000,0.5697959874915163,0.5697959874915164,0.5697959874915163,0E-17,ELIGIBLE,R03b_20260811_FULL_v1,L1_ELIGIBILITY,v2026-08-11,2026-03-21..2026-08-06,baccarat_bet02_101_all_pairs_incl_sentinel,round_win = game_pnl > 0 (decisive only),COMPATIBILITY_ONLY_NOT_PRODUCTION,4726.3868,4260.9992,168.7826,1339,1197,-0.03571071,-0.04850756,-0.02910476,-0.03571071,-168.7826,4726.3868,OK,0.0000,6.7513,4.0000,96.0000,AG03-UNRESOLVED,ALL5_LEVELS_bet23_to_bet27,6.7513,6.7513,6.7513,6.7513,6.7513,4.000000,4.000000,4.000000,4.000000,4.000000,96.000000,96.000000,96.000000,96.000000,96.000000,5.0,33.7565,31.1619,135.0261,137.6208,PENDING_AG03,FALSE,NOT_FOR_ENFORCEMENT,162.0313,4090.5592,168.7826,162.0313,6.7513,0.03571071,0.03428228,6.7513,162.0313,0.03428228,6.7513,6.7513,6.7513,6.7513,6.7513,162.0313,0.03428228,33.7565,31.1619,135.0261,137.6208,0.02856857,0.02911754,0.00142843,3.5298,3.5597,0.1410,3.6692,0.2905,102.7475,26.0217,3.1802,3.7422,2.0771,4.0878,4.1543,6.1317,6.2314,7.1537,3.1157,-1.022,1.524396,1.75,0.863492,29,159,71,5,0.34046406,0.03571071,0.04850756,0E-8,0.000000,0.901534,0.000000,-0.01940280,2026-05-27,2026-07-31,46,581,334,66,0.696970,0.849821,0.900951,1.134880,,,,,,,,GLOBAL_BASELINE_NO_ENTITY_RANKING,,,NOT_APPLICABLE_GLOBAL_BASELINE,HF9g-P5,,,,X 全窗基线 · 不参与实体赏罚,6878295,688,A168_HF9F_20260827_0900,2026-08-27 09:00:00
2026-06-06,132190460,1323,0,2.0771451717,-2.0771451717,-2.0771451717,0E-7,1,1,0.50665070000000000,0.506650700000,-1.013391052207602,-1.013391052207602,-1.013391052207602,0E-17,ELIGIBLE,R03b_20260811_FULL_v1,L1_ELIGIBILITY,v2026-08-11,2026-03-21..2026-08-06,baccarat_bet02_101_all_pairs_incl_sentinel,round_win = game_pnl > 0 (decisive only),COMPATIBILITY_ONLY_NOT_PRODUCTION,4726.3868,4260.9992,168.7826,1339,1197,-0.03571071,-0.04850756,-0.02910476,-0.03571071,-168.7826,4726.3868,OK,0.0000,6.7513,4.0000,96.0000,AG03-UNRESOLVED,ALL5_LEVELS_bet23_to_bet27,6.7513,6.7513,6.7513,6.7513,6.7513,4.000000,4.000000,4.000000,4.000000,4.000000,96.000000,96.000000,96.000000,96.000000,96.000000,5.0,33.7565,31.1619,135.0261,137.6208,PENDING_AG03,FALSE,NOT_FOR_ENFORCEMENT,162.0313,4090.5592,168.7826,162.0313,6.7513,0.03571071,0.03428228,6.7513,162.0313,0.03428228,6.7513,6.7513,6.7513,6.7513,6.7513,162.0313,0.03428228,33.7565,31.1619,135.0261,137.6208,0.02856857,0.02911754,0.00142843,3.5298,3.5597,0.1410,3.6692,0.2905,102.7475,26.0217,3.1802,3.7422,2.0771,4.0878,4.1543,6.1317,6.2314,7.1537,3.1157,-1.022,1.524396,1.75,0.863492,29,159,71,5,0.34046406,0.03571071,0.04850756,0E-8,0.000000,0.901534,0.000000,-0.01940280,2026-05-27,2026-07-31,46,581,334,66,0.696970,0.849821,0.900951,1.134880,,,,,,,,GLOBAL_BASELINE_NO_ENTITY_RANKING,,,NOT_APPLICABLE_GLOBAL_BASELINE,HF9g-P5,,,,X 全窗基线 · 不参与实体赏罚,6878296,688,A168_HF9F_20260827_0900,2026-08-27 09:00:00
2026-06-06,132190460,1331,0,4.1542903434,-4.1542903434,-4.1542903434,0E-7,1,1,0.49324550000000000,0.493245500000,-0.9865810262130424,-0.9865810262130424,-0.9865810262130424,0E-17,ELIGIBLE,R03b_20260811_FULL_v1,L1_ELIGIBILITY,v2026-08-11,2026-03-21..2026-08-06,baccarat_bet02_101_all_pairs_incl_sentinel,round_win = game_pnl > 0 (decisive only),COMPATIBILITY_ONLY_NOT_PRODUCTION,4726.3868,4260.9992,168.7826,1339,1197,-0.03571071,-0.04850756,-0.02910476,-0.03571071,-168.7826,4726.3868,OK,0.0000,6.7513,4.0000,96.0000,AG03-UNRESOLVED,ALL5_LEVELS_bet23_to_bet27,6.7513,6.7513,6.7513,6.7513,6.7513,4.000000,4.000000,4.000000,4.000000,4.000000,96.000000,96.000000,96.000000,96.000000,96.000000,5.0,33.7565,31.1619,135.0261,137.6208,PENDING_AG03,FALSE,NOT_FOR_ENFORCEMENT,162.0313,4090.5592,168.7826,162.0313,6.7513,0.03571071,0.03428228,6.7513,162.0313,0.03428228,6.7513,6.7513,6.7513,6.7513,6.7513,162.0313,0.03428228,33.7565,31.1619,135.0261,137.6208,0.02856857,0.02911754,0.00142843,3.5298,3.5597,0.1410,3.6692,0.2905,102.7475,26.0217,3.1802,3.7422,2.0771,4.0878,4.1543,6.1317,6.2314,7.1537,3.1157,-1.022,1.524396,1.75,0.863492,29,159,71,5,0.34046406,0.03571071,0.04850756,0E-8,0.000000,0.901534,0.000000,-0.01940280,2026-05-27,2026-07-31,46,581,334,66,0.696970,0.849821,0.900951,1.134880,,,,,,,,GLOBAL_BASELINE_NO_ENTITY_RANKING,,,NOT_APPLICABLE_GLOBAL_BASELINE,HF9g-P5,,,,X 全窗基线 · 不参与实体赏罚,6878297,688,A168_HF9F_20260827_0900,2026-08-27 09:00:00
2026-06-06,132190460,1400,0,6.2314355150,-6.2314355150,-6.2314355150,0E-7,1,1,0.50665070000000000,0.506650700000,-1.013391052207602,-1.013391052207602,-1.013391052207602,0E-17,ELIGIBLE,R03b_20260811_FULL_v1,L1_ELIGIBILITY,v2026-08-11,2026-03-21..2026-08-06,baccarat_bet02_101_all_pairs_incl_sentinel,round_win = game_pnl > 0 (decisive only),COMPATIBILITY_ONLY_NOT_PRODUCTION,4726.3868,4260.9992,168.7826,1339,1197,-0.03571071,-0.04850756,-0.02910476,-0.03571071,-168.7826,4726.3868,OK,0.0000,6.7513,4.0000,96.0000,AG03-UNRESOLVED,ALL5_LEVELS_bet23_to_bet27,6.7513,6.7513,6.7513,6.7513,6.7513,4.000000,4.000000,4.000000,4.000000,4.000000,96.000000,96.000000,96.000000,96.000000,96.000000,5.0,33.7565,31.1619,135.0261,137.6208,PENDING_AG03,FALSE,NOT_FOR_ENFORCEMENT,162.0313,4090.5592,168.7826,162.0313,6.7513,0.03571071,0.03428228,6.7513,162.0313,0.03428228,6.7513,6.7513,6.7513,6.7513,6.7513,162.0313,0.03428228,33.7565,31.1619,135.0261,137.6208,0.02856857,0.02911754,0.00142843,3.5298,3.5597,0.1410,3.6692,0.2905,102.7475,26.0217,3.1802,3.7422,2.0771,4.0878,4.1543,6.1317,6.2314,7.1537,3.1157,-1.022,1.524396,1.75,0.863492,29,159,71,5,0.34046406,0.03571071,0.04850756,0E-8,0.000000,0.901534,0.000000,-0.01940280,2026-05-27,2026-07-31,46,581,334,66,0.696970,0.849821,0.900951,1.134880,,,,,,,,GLOBAL_BASELINE_NO_ENTITY_RANKING,,,NOT_APPLICABLE_GLOBAL_BASELINE,HF9g-P5,,,,X 全窗基线 · 不参与实体赏罚,6878298,688,A168_HF9F_20260827_0900,2026-08-27 09:00:00
2026-06-06,132190460,1401,0,12.4628710301,-2.3367883182,-2.3367883182,0.3333333,3,3,0.36930140000000000,0.369301400000,-0.12908515820983488,-0.12908515820983488,-0.12908515820983488,0E-17,ELIGIBLE,R03b_20260811_FULL_v1,L1_ELIGIBILITY,v2026-08-11,2026-03-21..2026-08-06,baccarat_bet02_101_all_pairs_incl_sentinel,round_win = game_pnl > 0 (decisive only),COMPATIBILITY_ONLY_NOT_PRODUCTION,4726.3868,4260.9992,168.7826,1339,1197,-0.03571071,-0.04850756,-0.02910476,-0.03571071,-168.7826,4726.3868,OK,0.0000,6.7513,4.0000,96.0000,AG03-UNRESOLVED,ALL5_LEVELS_bet23_to_bet27,6.7513,6.7513,6.7513,6.7513,6.7513,4.000000,4.000000,4.000000,4.000000,4.000000,96.000000,96.000000,96.000000,96.000000,96.000000,5.0,33.7565,31.1619,135.0261,137.6208,PENDING_AG03,FALSE,NOT_FOR_ENFORCEMENT,162.0313,4090.5592,168.7826,162.0313,6.7513,0.03571071,0.03428228,6.7513,162.0313,0.03428228,6.7513,6.7513,6.7513,6.7513,6.7513,162.0313,0.03428228,33.7565,31.1619,135.0261,137.6208,0.02856857,0.02911754,0.00142843,3.5298,3.5597,0.1410,3.6692,0.2905,102.7475,26.0217,3.1802,3.7422,2.0771,4.0878,4.1543,6.1317,6.2314,7.1537,3.1157,-1.022,1.524396,1.75,0.863492,29,159,71,5,0.34046406,0.03571071,0.04850756,0E-8,0.000000,0.901534,0.000000,-0.01940280,2026-05-27,2026-07-31,46,581,334,66,0.696970,0.849821,0.900951,1.134880,,,,,,,,GLOBAL_BASELINE_NO_ENTITY_RANKING,,,NOT_APPLICABLE_GLOBAL_BASELINE,HF9g-P5,,,,X 全窗基线 · 不参与实体赏罚,6878299,688,A168_HF9F_20260827_0900,2026-08-27 09:00:00
2026-06-06,132190460,1402,0,25.9643146461,-11.7877988494,-11.7877988494,0.3333333,6,6,0.49994810000000000,0.499948100000,-0.8162423282897021,-0.8162423282897021,-0.8162423282897021,0E-17,ELIGIBLE,R03b_20260811_FULL_v1,L1_ELIGIBILITY,v2026-08-11,2026-03-21..2026-08-06,baccarat_bet02_101_all_pairs_incl_sentinel,round_win = game_pnl > 0 (decisive only),COMPATIBILITY_ONLY_NOT_PRODUCTION,4726.3868,4260.9992,168.7826,1339,1197,-0.03571071,-0.04850756,-0.02910476,-0.03571071,-168.7826,4726.3868,OK,0.0000,6.7513,4.0000,96.0000,AG03-UNRESOLVED,ALL5_LEVELS_bet23_to_bet27,6.7513,6.7513,6.7513,6.7513,6.7513,4.000000,4.000000,4.000000,4.000000,4.000000,96.000000,96.000000,96.000000,96.000000,96.000000,5.0,33.7565,31.1619,135.0261,137.6208,PENDING_AG03,FALSE,NOT_FOR_ENFORCEMENT,162.0313,4090.5592,168.7826,162.0313,6.7513,0.03571071,0.03428228,6.7513,162.0313,0.03428228,6.7513,6.7513,6.7513,6.7513,6.7513,162.0313,0.03428228,33.7565,31.1619,135.0261,137.6208,0.02856857,0.02911754,0.00142843,3.5298,3.5597,0.1410,3.6692,0.2905,102.7475,26.0217,3.1802,3.7422,2.0771,4.0878,4.1543,6.1317,6.2314,7.1537,3.1157,-1.022,1.524396,1.75,0.863492,29,159,71,5,0.34046406,0.03571071,0.04850756,0E-8,0.000000,0.901534,0.000000,-0.01940280,2026-05-27,2026-07-31,46,581,334,66,0.696970,0.849821,0.900951,1.134880,,,,,,,,GLOBAL_BASELINE_NO_ENTITY_RANKING,,,NOT_APPLICABLE_GLOBAL_BASELINE,HF9g-P5,,,,X 全窗基线 · 不参与实体赏罚,6878300,688,A168_HF9F_20260827_0900,2026-08-27 09:00:00
2026-06-06,132190460,1505,0,27.0028872320,-2.3887169475,-2.3887169475,0.4000000,6,6,0.50218230000000000,0.502182300000,-0.4569774904649096,-0.4569774904649096,-0.4569774904649096,0E-17,ELIGIBLE,R03b_20260811_FULL_v1,L1_ELIGIBILITY,v2026-08-11,2026-03-21..2026-08-06,baccarat_bet02_101_all_pairs_incl_sentinel,round_win = game_pnl > 0 (decisive only),COMPATIBILITY_ONLY_NOT_PRODUCTION,4726.3868,4260.9992,168.7826,1339,1197,-0.03571071,-0.04850756,-0.02910476,-0.03571071,-168.7826,4726.3868,OK,0.0000,6.7513,4.0000,96.0000,AG03-UNRESOLVED,ALL5_LEVELS_bet23_to_bet27,6.7513,6.7513,6.7513,6.7513,6.7513,4.000000,4.000000,4.000000,4.000000,4.000000,96.000000,96.000000,96.000000,96.000000,96.000000,5.0,33.7565,31.1619,135.0261,137.6208,PENDING_AG03,FALSE,NOT_FOR_ENFORCEMENT,162.0313,4090.5592,168.7826,162.0313,6.7513,0.03571071,0.03428228,6.7513,162.0313,0.03428228,6.7513,6.7513,6.7513,6.7513,6.7513,162.0313,0.03428228,33.7565,31.1619,135.0261,137.6208,0.02856857,0.02911754,0.00142843,3.5298,3.5597,0.1410,3.6692,0.2905,102.7475,26.0217,3.1802,3.7422,2.0771,4.0878,4.1543,6.1317,6.2314,7.1537,3.1157,-1.022,1.524396,1.75,0.863492,29,159,71,5,0.34046406,0.03571071,0.04850756,0E-8,0.000000,0.901534,0.000000,-0.01940280,2026-05-27,2026-07-31,46,581,334,66,0.696970,0.849821,0.900951,1.134880,,,,,,,,GLOBAL_BASELINE_NO_ENTITY_RANKING,,,NOT_APPLICABLE_GLOBAL_BASELINE,HF9g-P5,,,,X 全窗基线 · 不参与实体赏罚,6878301,688,A168_HF9F_20260827_0900,2026-08-27 09:00:00
2026-06-06,132190460,1702,0,2.0771451717,-2.0771451717,-2.0771451717,0E-7,1,1,0.50665070000000000,0.506650700000,-1.013391052207602,-1.013391052207602,-1.013391052207602,0E-17,ELIGIBLE,R03b_20260811_FULL_v1,L1_ELIGIBILITY,v2026-08-11,2026-03-21..2026-08-06,baccarat_bet02_101_all_pairs_incl_sentinel,round_win = game_pnl > 0 (decisive only),COMPATIBILITY_ONLY_NOT_PRODUCTION,4726.3868,4260.9992,168.7826,1339,1197,-0.03571071,-0.04850756,-0.02910476,-0.03571071,-168.7826,4726.3868,OK,0.0000,6.7513,4.0000,96.0000,AG03-UNRESOLVED,ALL5_LEVELS_bet23_to_bet27,6.7513,6.7513,6.7513,6.7513,6.7513,4.000000,4.000000,4.000000,4.000000,4.000000,96.000000,96.000000,96.000000,96.000000,96.000000,5.0,33.7565,31.1619,135.0261,137.6208,PENDING_AG03,FALSE,NOT_FOR_ENFORCEMENT,162.0313,4090.5592,168.7826,162.0313,6.7513,0.03571071,0.03428228,6.7513,162.0313,0.03428228,6.7513,6.7513,6.7513,6.7513,6.7513,162.0313,0.03428228,33.7565,31.1619,135.0261,137.6208,0.02856857,0.02911754,0.00142843,3.5298,3.5597,0.1410,3.6692,0.2905,102.7475,26.0217,3.1802,3.7422,2.0771,4.0878,4.1543,6.1317,6.2314,7.1537,3.1157,-1.022,1.524396,1.75,0.863492,29,159,71,5,0.34046406,0.03571071,0.04850756,0E-8,0.000000,0.901534,0.000000,-0.01940280,2026-05-27,2026-07-31,46,581,334,66,0.696970,0.849821,0.900951,1.134880,,,,,,,,GLOBAL_BASELINE_NO_ENTITY_RANKING,,,NOT_APPLICABLE_GLOBAL_BASELINE,HF9g-P5,,,,X 全窗基线 · 不参与实体赏罚,6878302,688,A168_HF9F_20260827_0900,2026-08-27 09:00:00
2026-06-06,132190460,2142,0,2.0771451717,-2.0771451717,-2.0771451717,0E-7,1,1,0.50665070000000000,0.506650700000,-1.013391052207602,-1.013391052207602,-1.013391052207602,0E-17,ELIGIBLE,R03b_20260811_FULL_v1,L1_ELIGIBILITY,v2026-08-11,2026-03-21..2026-08-06,baccarat_bet02_101_all_pairs_incl_sentinel,round_win = game_pnl > 0 (decisive only),COMPATIBILITY_ONLY_NOT_PRODUCTION,4726.3868,4260.9992,168.7826,1339,1197,-0.03571071,-0.04850756,-0.02910476,-0.03571071,-168.7826,4726.3868,OK,0.0000,6.7513,4.0000,96.0000,AG03-UNRESOLVED,ALL5_LEVELS_bet23_to_bet27,6.7513,6.7513,6.7513,6.7513,6.7513,4.000000,4.000000,4.000000,4.000000,4.000000,96.000000,96.000000,96.000000,96.000000,96.000000,5.0,33.7565,31.1619,135.0261,137.6208,PENDING_AG03,FALSE,NOT_FOR_ENFORCEMENT,162.0313,4090.5592,168.7826,162.0313,6.7513,0.03571071,0.03428228,6.7513,162.0313,0.03428228,6.7513,6.7513,6.7513,6.7513,6.7513,162.0313,0.03428228,33.7565,31.1619,135.0261,137.6208,0.02856857,0.02911754,0.00142843,3.5298,3.5597,0.1410,3.6692,0.2905,102.7475,26.0217,3.1802,3.7422,2.0771,4.0878,4.1543,6.1317,6.2314,7.1537,3.1157,-1.022,1.524396,1.75,0.863492,29,159,71,5,0.34046406,0.03571071,0.04850756,0E-8,0.000000,0.901534,0.000000,-0.01940280,2026-05-27,2026-07-31,46,581,334,66,0.696970,0.849821,0.900951,1.134880,,,,,,,,GLOBAL_BASELINE_NO_ENTITY_RANKING,,,NOT_APPLICABLE_GLOBAL_BASELINE,HF9g-P5,,,,X 全窗基线 · 不参与实体赏罚,6878303,688,A168_HF9F_20260827_0900,2026-08-27 09:00:00
2026-06-06,132190460,2171,0,12.4628710300,-12.4628710300,-12.4628710300,0E-7,2,2,0.50665070000000000,0.506650700000,-1.4331513700195317,-1.4331513700195317,-1.4331513700195317,0E-17,ELIGIBLE,R03b_20260811_FULL_v1,L1_ELIGIBILITY,v2026-08-11,2026-03-21..2026-08-06,baccarat_bet02_101_all_pairs_incl_sentinel,round_win = game_pnl > 0 (decisive only),COMPATIBILITY_ONLY_NOT_PRODUCTION,4726.3868,4260.9992,168.7826,1339,1197,-0.03571071,-0.04850756,-0.02910476,-0.03571071,-168.7826,4726.3868,OK,0.0000,6.7513,4.0000,96.0000,AG03-UNRESOLVED,ALL5_LEVELS_bet23_to_bet27,6.7513,6.7513,6.7513,6.7513,6.7513,4.000000,4.000000,4.000000,4.000000,4.000000,96.000000,96.000000,96.000000,96.000000,96.000000,5.0,33.7565,31.1619,135.0261,137.6208,PENDING_AG03,FALSE,NOT_FOR_ENFORCEMENT,162.0313,4090.5592,168.7826,162.0313,6.7513,0.03571071,0.03428228,6.7513,162.0313,0.03428228,6.7513,6.7513,6.7513,6.7513,6.7513,162.0313,0.03428228,33.7565,31.1619,135.0261,137.6208,0.02856857,0.02911754,0.00142843,3.5298,3.5597,0.1410,3.6692,0.2905,102.7475,26.0217,3.1802,3.7422,2.0771,4.0878,4.1543,6.1317,6.2314,7.1537,3.1157,-1.022,1.524396,1.75,0.863492,29,159,71,5,0.34046406,0.03571071,0.04850756,0E-8,0.000000,0.901534,0.000000,-0.01940280,2026-05-27,2026-07-31,46,581,334,66,0.696970,0.849821,0.900951,1.134880,,,,,,,,GLOBAL_BASELINE_NO_ENTITY_RANKING,,,NOT_APPLICABLE_GLOBAL_BASELINE,HF9g-P5,,,,X 全窗基线 · 不参与实体赏罚,6878304,688,A168_HF9F_20260827_0900,2026-08-27 09:00:00
2026-06-06,132190460,2174,0,4.1542903434,4.1542903434,4.1542903434,1.0000000,1,1,0.49324550000000000,0.493245500000,1.01360149184955,1.01360149184955,1.01360149184955,0E-17,ELIGIBLE,R03b_20260811_FULL_v1,L1_ELIGIBILITY,v2026-08-11,2026-03-21..2026-08-06,baccarat_bet02_101_all_pairs_incl_sentinel,round_win = game_pnl > 0 (decisive only),COMPATIBILITY_ONLY_NOT_PRODUCTION,4726.3868,4260.9992,168.7826,1339,1197,-0.03571071,-0.04850756,-0.02910476,-0.03571071,-168.7826,4726.3868,OK,0.0000,6.7513,4.0000,96.0000,AG03-UNRESOLVED,ALL5_LEVELS_bet23_to_bet27,6.7513,6.7513,6.7513,6.7513,6.7513,4.000000,4.000000,4.000000,4.000000,4.000000,96.000000,96.000000,96.000000,96.000000,96.000000,5.0,33.7565,31.1619,135.0261,137.6208,PENDING_AG03,FALSE,NOT_FOR_ENFORCEMENT,162.0313,4090.5592,168.7826,162.0313,6.7513,0.03571071,0.03428228,6.7513,162.0313,0.03428228,6.7513,6.7513,6.7513,6.7513,6.7513,162.0313,0.03428228,33.7565,31.1619,135.0261,137.6208,0.02856857,0.02911754,0.00142843,3.5298,3.5597,0.1410,3.6692,0.2905,102.7475,26.0217,3.1802,3.7422,2.0771,4.0878,4.1543,6.1317,6.2314,7.1537,3.1157,-1.022,1.524396,1.75,0.863492,29,159,71,5,0.34046406,0.03571071,0.04850756,0E-8,0.000000,0.901534,0.000000,-0.01940280,2026-05-27,2026-07-31,46,581,334,66,0.696970,0.849821,0.900951,1.134880,,,,,,,,GLOBAL_BASELINE_NO_ENTITY_RANKING,,,NOT_APPLICABLE_GLOBAL_BASELINE,HF9g-P5,,,,X 全窗基线 · 不参与实体赏罚,6878305,688,A168_HF9F_20260827_0900,2026-08-27 09:00:00
2026-06-06,132190460,2202,0,8.3085806868,8.1008661696,8.1008661696,1.0000000,2,2,0.49994810000000000,0.499948100000,1.4143603653603398,1.4143603653603398,1.4143603653603398,0E-17,ELIGIBLE,R03b_20260811_FULL_v1,L1_ELIGIBILITY,v2026-08-11,2026-03-21..2026-08-06,baccarat_bet02_101_all_pairs_incl_sentinel,round_win = game_pnl > 0 (decisive only),COMPATIBILITY_ONLY_NOT_PRODUCTION,4726.3868,4260.9992,168.7826,1339,1197,-0.03571071,-0.04850756,-0.02910476,-0.03571071,-168.7826,4726.3868,OK,0.0000,6.7513,4.0000,96.0000,AG03-UNRESOLVED,ALL5_LEVELS_bet23_to_bet27,6.7513,6.7513,6.7513,6.7513,6.7513,4.000000,4.000000,4.000000,4.000000,4.000000,96.000000,96.000000,96.000000,96.000000,96.000000,5.0,33.7565,31.1619,135.0261,137.6208,PENDING_AG03,FALSE,NOT_FOR_ENFORCEMENT,162.0313,4090.5592,168.7826,162.0313,6.7513,0.03571071,0.03428228,6.7513,162.0313,0.03428228,6.7513,6.7513,6.7513,6.7513,6.7513,162.0313,0.03428228,33.7565,31.1619,135.0261,137.6208,0.02856857,0.02911754,0.00142843,3.5298,3.5597,0.1410,3.6692,0.2905,102.7475,26.0217,3.1802,3.7422,2.0771,4.0878,4.1543,6.1317,6.2314,7.1537,3.1157,-1.022,1.524396,1.75,0.863492,29,159,71,5,0.34046406,0.03571071,0.04850756,0E-8,0.000000,0.901534,0.000000,-0.01940280,2026-05-27,2026-07-31,46,581,334,66,0.696970,0.849821,0.900951,1.134880,,,,,,,,GLOBAL_BASELINE_NO_ENTITY_RANKING,,,NOT_APPLICABLE_GLOBAL_BASELINE,HF9g-P5,,,,X 全窗基线 · 不参与实体赏罚,6878306,688,A168_HF9F_20260827_0900,2026-08-27 09:00:00
2026-06-06,132190460,2233,0,5.1928629292,-5.1928629292,-5.1928629292,0E-7,1,1,0.49324550000000000,0.493245500000,-0.9865810262130424,-0.9865810262130424,-0.9865810262130424,0E-17,ELIGIBLE,R03b_20260811_FULL_v1,L1_ELIGIBILITY,v2026-08-11,2026-03-21..2026-08-06,baccarat_bet02_101_all_pairs_incl_sentinel,round_win = game_pnl > 0 (decisive only),COMPATIBILITY_ONLY_NOT_PRODUCTION,4726.3868,4260.9992,168.7826,1339,1197,-0.03571071,-0.04850756,-0.02910476,-0.03571071,-168.7826,4726.3868,OK,0.0000,6.7513,4.0000,96.0000,AG03-UNRESOLVED,ALL5_LEVELS_bet23_to_bet27,6.7513,6.7513,6.7513,6.7513,6.7513,4.000000,4.000000,4.000000,4.000000,4.000000,96.000000,96.000000,96.000000,96.000000,96.000000,5.0,33.7565,31.1619,135.0261,137.6208,PENDING_AG03,FALSE,NOT_FOR_ENFORCEMENT,162.0313,4090.5592,168.7826,162.0313,6.7513,0.03571071,0.03428228,6.7513,162.0313,0.03428228,6.7513,6.7513,6.7513,6.7513,6.7513,162.0313,0.03428228,33.7565,31.1619,135.0261,137.6208,0.02856857,0.02911754,0.00142843,3.5298,3.5597,0.1410,3.6692,0.2905,102.7475,26.0217,3.1802,3.7422,2.0771,4.0878,4.1543,6.1317,6.2314,7.1537,3.1157,-1.022,1.524396,1.75,0.863492,29,159,71,5,0.34046406,0.03571071,0.04850756,0E-8,0.000000,0.901534,0.000000,-0.01940280,2026-05-27,2026-07-31,46,581,334,66,0.696970,0.849821,0.900951,1.134880,,,,,,,,GLOBAL_BASELINE_NO_ENTITY_RANKING,,,NOT_APPLICABLE_GLOBAL_BASELINE,HF9g-P5,,,,X 全窗基线 · 不参与实体赏罚,6878307,688,A168_HF9F_20260827_0900,2026-08-27 09:00:00
2026-06-06,132190460,2251,0,13.5014436159,8.1527947988,8.1527947988,1.0000000,3,3,0.49771390000000000,0.497713900000,1.4206944795187548,1.420694479518755,1.4206944795187548,0E-17,ELIGIBLE,R03b_20260811_FULL_v1,L1_ELIGIBILITY,v2026-08-11,2026-03-21..2026-08-06,baccarat_bet02_101_all_pairs_incl_sentinel,round_win = game_pnl > 0 (decisive only),COMPATIBILITY_ONLY_NOT_PRODUCTION,4726.3868,4260.9992,168.7826,1339,1197,-0.03571071,-0.04850756,-0.02910476,-0.03571071,-168.7826,4726.3868,OK,0.0000,6.7513,4.0000,96.0000,AG03-UNRESOLVED,ALL5_LEVELS_bet23_to_bet27,6.7513,6.7513,6.7513,6.7513,6.7513,4.000000,4.000000,4.000000,4.000000,4.000000,96.000000,96.000000,96.000000,96.000000,96.000000,5.0,33.7565,31.1619,135.0261,137.6208,PENDING_AG03,FALSE,NOT_FOR_ENFORCEMENT,162.0313,4090.5592,168.7826,162.0313,6.7513,0.03571071,0.03428228,6.7513,162.0313,0.03428228,6.7513,6.7513,6.7513,6.7513,6.7513,162.0313,0.03428228,33.7565,31.1619,135.0261,137.6208,0.02856857,0.02911754,0.00142843,3.5298,3.5597,0.1410,3.6692,0.2905,102.7475,26.0217,3.1802,3.7422,2.0771,4.0878,4.1543,6.1317,6.2314,7.1537,3.1157,-1.022,1.524396,1.75,0.863492,29,159,71,5,0.34046406,0.03571071,0.04850756,0E-8,0.000000,0.901534,0.000000,-0.01940280,2026-05-27,2026-07-31,46,581,334,66,0.696970,0.849821,0.900951,1.134880,,,,,,,,GLOBAL_BASELINE_NO_ENTITY_RANKING,,,NOT_APPLICABLE_GLOBAL_BASELINE,HF9g-P5,,,,X 全窗基线 · 不参与实体赏罚,6878308,688,A168_HF9F_20260827_0900,2026-08-27 09:00:00
2026-06-06,132190460,2252,0,4.1542903434,4.1542903434,4.1542903434,1.0000000,1,1,0.49324550000000000,0.493245500000,1.01360149184955,1.01360149184955,1.01360149184955,0E-17,ELIGIBLE,R03b_20260811_FULL_v1,L1_ELIGIBILITY,v2026-08-11,2026-03-21..2026-08-06,baccarat_bet02_101_all_pairs_incl_sentinel,round_win = game_pnl > 0 (decisive only),COMPATIBILITY_ONLY_NOT_PRODUCTION,4726.3868,4260.9992,168.7826,1339,1197,-0.03571071,-0.04850756,-0.02910476,-0.03571071,-168.7826,4726.3868,OK,0.0000,6.7513,4.0000,96.0000,AG03-UNRESOLVED,ALL5_LEVELS_bet23_to_bet27,6.7513,6.7513,6.7513,6.7513,6.7513,4.000000,4.000000,4.000000,4.000000,4.000000,96.000000,96.000000,96.000000,96.000000,96.000000,5.0,33.7565,31.1619,135.0261,137.6208,PENDING_AG03,FALSE,NOT_FOR_ENFORCEMENT,162.0313,4090.5592,168.7826,162.0313,6.7513,0.03571071,0.03428228,6.7513,162.0313,0.03428228,6.7513,6.7513,6.7513,6.7513,6.7513,162.0313,0.03428228,33.7565,31.1619,135.0261,137.6208,0.02856857,0.02911754,0.00142843,3.5298,3.5597,0.1410,3.6692,0.2905,102.7475,26.0217,3.1802,3.7422,2.0771,4.0878,4.1543,6.1317,6.2314,7.1537,3.1157,-1.022,1.524396,1.75,0.863492,29,159,71,5,0.34046406,0.03571071,0.04850756,0E-8,0.000000,0.901534,0.000000,-0.01940280,2026-05-27,2026-07-31,46,581,334,66,0.696970,0.849821,0.900951,1.134880,,,,,,,,GLOBAL_BASELINE_NO_ENTITY_RANKING,,,NOT_APPLICABLE_GLOBAL_BASELINE,HF9g-P5,,,,X 全窗基线 · 不参与实体赏罚,6878309,688,A168_HF9F_20260827_0900,2026-08-27 09:00:00
2026-06-06,132190460,2267,0,6.8545790666,-6.8545790666,-6.8545790666,0E-7,2,2,0.49324550000000000,0.493245500000,-1.3952362676504506,-1.3952362676504506,-1.3952362676504506,0E-17,ELIGIBLE,R03b_20260811_FULL_v1,L1_ELIGIBILITY,v2026-08-11,2026-03-21..2026-08-06,baccarat_bet02_101_all_pairs_incl_sentinel,round_win = game_pnl > 0 (decisive only),COMPATIBILITY_ONLY_NOT_PRODUCTION,4726.3868,4260.9992,168.7826,1339,1197,-0.03571071,-0.04850756,-0.02910476,-0.03571071,-168.7826,4726.3868,OK,0.0000,6.7513,4.0000,96.0000,AG03-UNRESOLVED,ALL5_LEVELS_bet23_to_bet27,6.7513,6.7513,6.7513,6.7513,6.7513,4.000000,4.000000,4.000000,4.000000,4.000000,96.000000,96.000000,96.000000,96.000000,96.000000,5.0,33.7565,31.1619,135.0261,137.6208,PENDING_AG03,FALSE,NOT_FOR_ENFORCEMENT,162.0313,4090.5592,168.7826,162.0313,6.7513,0.03571071,0.03428228,6.7513,162.0313,0.03428228,6.7513,6.7513,6.7513,6.7513,6.7513,162.0313,0.03428228,33.7565,31.1619,135.0261,137.6208,0.02856857,0.02911754,0.00142843,3.5298,3.5597,0.1410,3.6692,0.2905,102.7475,26.0217,3.1802,3.7422,2.0771,4.0878,4.1543,6.1317,6.2314,7.1537,3.1157,-1.022,1.524396,1.75,0.863492,29,159,71,5,0.34046406,0.03571071,0.04850756,0E-8,0.000000,0.901534,0.000000,-0.01940280,2026-05-27,2026-07-31,46,581,334,66,0.696970,0.849821,0.900951,1.134880,,,,,,,,GLOBAL_BASELINE_NO_ENTITY_RANKING,,,NOT_APPLICABLE_GLOBAL_BASELINE,HF9g-P5,,,,X 全窗基线 · 不参与实体赏罚,6878310,688,A168_HF9F_20260827_0900,2026-08-27 09:00:00
2026-06-08,132190460,2170,0,4.1542903434,4.1542903434,4.1542903434,1.0000000,1,1,0.49324550000000000,0.493245500000,1.01360149184955,1.01360149184955,1.01360149184955,0E-17,ELIGIBLE,R03b_20260811_FULL_v1,L1_ELIGIBILITY,v2026-08-11,2026-03-21..2026-08-06,baccarat_bet02_101_all_pairs_incl_sentinel,round_win = game_pnl > 0 (decisive only),COMPATIBILITY_ONLY_NOT_PRODUCTION,4726.3868,4260.9992,168.7826,1339,1197,-0.03571071,-0.04850756,-0.02910476,-0.03571071,-168.7826,4726.3868,OK,0.0000,6.7513,4.0000,96.0000,AG03-UNRESOLVED,ALL5_LEVELS_bet23_to_bet27,6.7513,6.7513,6.7513,6.7513,6.7513,4.000000,4.000000,4.000000,4.000000,4.000000,96.000000,96.000000,96.000000,96.000000,96.000000,5.0,33.7565,31.1619,135.0261,137.6208,PENDING_AG03,FALSE,NOT_FOR_ENFORCEMENT,162.0313,4090.5592,168.7826,162.0313,6.7513,0.03571071,0.03428228,6.7513,162.0313,0.03428228,6.7513,6.7513,6.7513,6.7513,6.7513,162.0313,0.03428228,33.7565,31.1619,135.0261,137.6208,0.02856857,0.02911754,0.00142843,3.5298,3.5597,0.1410,3.6692,0.2905,102.7475,26.0217,3.1802,3.7422,2.0771,4.0878,4.1543,6.1317,6.2314,7.1537,3.1157,-1.022,1.524396,1.75,0.863492,29,159,71,5,0.34046406,0.03571071,0.04850756,0E-8,0.000000,0.901534,0.000000,-0.01940280,2026-05-27,2026-07-31,46,581,334,66,0.696970,0.849821,0.900951,1.134880,,,,,,,,GLOBAL_BASELINE_NO_ENTITY_RANKING,,,NOT_APPLICABLE_GLOBAL_BASELINE,HF9g-P5,,,,X 全窗基线 · 不参与实体赏罚,6878311,688,A168_HF9F_20260827_0900,2026-08-27 09:00:00
2026-06-08,132190460,2174,0,20.7714517170,-4.2581476020,-4.2581476020,0.5000000,6,6,0.49994810000000000,0.499948100000,0.00025425703667063243,0.00025425703667063243,0.00025425703667063243,0E-17,ELIGIBLE,R03b_20260811_FULL_v1,L1_ELIGIBILITY,v2026-08-11,2026-03-21..2026-08-06,baccarat_bet02_101_all_pairs_incl_sentinel,round_win = game_pnl > 0 (decisive only),COMPATIBILITY_ONLY_NOT_PRODUCTION,4726.3868,4260.9992,168.7826,1339,1197,-0.03571071,-0.04850756,-0.02910476,-0.03571071,-168.7826,4726.3868,OK,0.0000,6.7513,4.0000,96.0000,AG03-UNRESOLVED,ALL5_LEVELS_bet23_to_bet27,6.7513,6.7513,6.7513,6.7513,6.7513,4.000000,4.000000,4.000000,4.000000,4.000000,96.000000,96.000000,96.000000,96.000000,96.000000,5.0,33.7565,31.1619,135.0261,137.6208,PENDING_AG03,FALSE,NOT_FOR_ENFORCEMENT,162.0313,4090.5592,168.7826,162.0313,6.7513,0.03571071,0.03428228,6.7513,162.0313,0.03428228,6.7513,6.7513,6.7513,6.7513,6.7513,162.0313,0.03428228,33.7565,31.1619,135.0261,137.6208,0.02856857,0.02911754,0.00142843,3.5298,3.5597,0.1410,3.6692,0.2905,102.7475,26.0217,3.1802,3.7422,2.0771,4.0878,4.1543,6.1317,6.2314,7.1537,3.1157,-1.022,1.524396,1.75,0.863492,29,159,71,5,0.34046406,0.03571071,0.04850756,0E-8,0.000000,0.901534,0.000000,-0.01940280,2026-05-27,2026-07-31,46,581,334,66,0.696970,0.849821,0.900951,1.134880,,,,,,,,GLOBAL_BASELINE_NO_ENTITY_RANKING,,,NOT_APPLICABLE_GLOBAL_BASELINE,HF9g-P5,,,,X 全窗基线 · 不参与实体赏罚,6878312,688,A168_HF9F_20260827_0900,2026-08-27 09:00:00
2026-06-08,132190460,2177,0,2.4925742060,-2.4925742060,-2.4925742060,0E-7,1,1,0.49324550000000000,0.493245500000,-0.9865810262130424,-0.9865810262130424,-0.9865810262130424,0E-17,ELIGIBLE,R03b_20260811_FULL_v1,L1_ELIGIBILITY,v2026-08-11,2026-03-21..2026-08-06,baccarat_bet02_101_all_pairs_incl_sentinel,round_win = game_pnl > 0 (decisive only),COMPATIBILITY_ONLY_NOT_PRODUCTION,4726.3868,4260.9992,168.7826,1339,1197,-0.03571071,-0.04850756,-0.02910476,-0.03571071,-168.7826,4726.3868,OK,0.0000,6.7513,4.0000,96.0000,AG03-UNRESOLVED,ALL5_LEVELS_bet23_to_bet27,6.7513,6.7513,6.7513,6.7513,6.7513,4.000000,4.000000,4.000000,4.000000,4.000000,96.000000,96.000000,96.000000,96.000000,96.000000,5.0,33.7565,31.1619,135.0261,137.6208,PENDING_AG03,FALSE,NOT_FOR_ENFORCEMENT,162.0313,4090.5592,168.7826,162.0313,6.7513,0.03571071,0.03428228,6.7513,162.0313,0.03428228,6.7513,6.7513,6.7513,6.7513,6.7513,162.0313,0.03428228,33.7565,31.1619,135.0261,137.6208,0.02856857,0.02911754,0.00142843,3.5298,3.5597,0.1410,3.6692,0.2905,102.7475,26.0217,3.1802,3.7422,2.0771,4.0878,4.1543,6.1317,6.2314,7.1537,3.1157,-1.022,1.524396,1.75,0.863492,29,159,71,5,0.34046406,0.03571071,0.04850756,0E-8,0.000000,0.901534,0.000000,-0.01940280,2026-05-27,2026-07-31,46,581,334,66,0.696970,0.849821,0.900951,1.134880,,,,,,,,GLOBAL_BASELINE_NO_ENTITY_RANKING,,,NOT_APPLICABLE_GLOBAL_BASELINE,HF9g-P5,,,,X 全窗基线 · 不参与实体赏罚,6878313,688,A168_HF9F_20260827_0900,2026-08-27 09:00:00
2026-06-08,132190460,595,0,2.0771451717,-2.0771451717,-2.0771451717,0E-7,1,1,0.49324550000000000,0.493245500000,-0.9865810262130424,-0.9865810262130424,-0.9865810262130424,0E-17,ELIGIBLE,R03b_20260811_FULL_v1,L1_ELIGIBILITY,v2026-08-11,2026-03-21..2026-08-06,baccarat_bet02_101_all_pairs_incl_sentinel,round_win = game_pnl > 0 (decisive only),COMPATIBILITY_ONLY_NOT_PRODUCTION,4726.3868,4260.9992,168.7826,1339,1197,-0.03571071,-0.04850756,-0.02910476,-0.03571071,-168.7826,4726.3868,OK,0.0000,6.7513,4.0000,96.0000,AG03-UNRESOLVED,ALL5_LEVELS_bet23_to_bet27,6.7513,6.7513,6.7513,6.7513,6.7513,4.000000,4.000000,4.000000,4.000000,4.000000,96.000000,96.000000,96.000000,96.000000,96.000000,5.0,33.7565,31.1619,135.0261,137.6208,PENDING_AG03,FALSE,NOT_FOR_ENFORCEMENT,162.0313,4090.5592,168.7826,162.0313,6.7513,0.03571071,0.03428228,6.7513,162.0313,0.03428228,6.7513,6.7513,6.7513,6.7513,6.7513,162.0313,0.03428228,33.7565,31.1619,135.0261,137.6208,0.02856857,0.02911754,0.00142843,3.5298,3.5597,0.1410,3.6692,0.2905,102.7475,26.0217,3.1802,3.7422,2.0771,4.0878,4.1543,6.1317,6.2314,7.1537,3.1157,-1.022,1.524396,1.75,0.863492,29,159,71,5,0.34046406,0.03571071,0.04850756,0E-8,0.000000,0.901534,0.000000,-0.01940280,2026-05-27,2026-07-31,46,581,334,66,0.696970,0.849821,0.900951,1.134880,,,,,,,,GLOBAL_BASELINE_NO_ENTITY_RANKING,,,NOT_APPLICABLE_GLOBAL_BASELINE,HF9g-P5,,,,X 全窗基线 · 不参与实体赏罚,6878314,688,A168_HF9F_20260827_0900,2026-08-27 09:00:00
2026-06-08,132190460,986,0,4.1542903434,-4.1542903434,-4.1542903434,0E-7,1,1,0.49324550000000000,0.493245500000,-0.9865810262130424,-0.9865810262130424,-0.9865810262130424,0E-17,ELIGIBLE,R03b_20260811_FULL_v1,L1_ELIGIBILITY,v2026-08-11,2026-03-21..2026-08-06,baccarat_bet02_101_all_pairs_incl_sentinel,round_win = game_pnl > 0 (decisive only),COMPATIBILITY_ONLY_NOT_PRODUCTION,4726.3868,4260.9992,168.7826,1339,1197,-0.03571071,-0.04850756,-0.02910476,-0.03571071,-168.7826,4726.3868,OK,0.0000,6.7513,4.0000,96.0000,AG03-UNRESOLVED,ALL5_LEVELS_bet23_to_bet27,6.7513,6.7513,6.7513,6.7513,6.7513,4.000000,4.000000,4.000000,4.000000,4.000000,96.000000,96.000000,96.000000,96.000000,96.000000,5.0,33.7565,31.1619,135.0261,137.6208,PENDING_AG03,FALSE,NOT_FOR_ENFORCEMENT,162.0313,4090.5592,168.7826,162.0313,6.7513,0.03571071,0.03428228,6.7513,162.0313,0.03428228,6.7513,6.7513,6.7513,6.7513,6.7513,162.0313,0.03428228,33.7565,31.1619,135.0261,137.6208,0.02856857,0.02911754,0.00142843,3.5298,3.5597,0.1410,3.6692,0.2905,102.7475,26.0217,3.1802,3.7422,2.0771,4.0878,4.1543,6.1317,6.2314,7.1537,3.1157,-1.022,1.524396,1.75,0.863492,29,159,71,5,0.34046406,0.03571071,0.04850756,0E-8,0.000000,0.901534,0.000000,-0.01940280,2026-05-27,2026-07-31,46,581,334,66,0.696970,0.849821,0.900951,1.134880,,,,,,,,GLOBAL_BASELINE_NO_ENTITY_RANKING,,,NOT_APPLICABLE_GLOBAL_BASELINE,HF9g-P5,,,,X 全窗基线 · 不参与实体赏罚,6878315,688,A168_HF9F_20260827_0900,2026-08-27 09:00:00
2026-06-09,132190460,1330,0,2.0771451717,-2.0771451717,-2.0771451717,0E-7,1,1,0.50665070000000000,0.506650700000,-1.013391052207602,-1.013391052207602,-1.013391052207602,0E-17,ELIGIBLE,R03b_20260811_FULL_v1,L1_ELIGIBILITY,v2026-08-11,2026-03-21..2026-08-06,baccarat_bet02_101_all_pairs_incl_sentinel,round_win = game_pnl > 0 (decisive only),COMPATIBILITY_ONLY_NOT_PRODUCTION,4726.3868,4260.9992,168.7826,1339,1197,-0.03571071,-0.04850756,-0.02910476,-0.03571071,-168.7826,4726.3868,OK,0.0000,6.7513,4.0000,96.0000,AG03-UNRESOLVED,ALL5_LEVELS_bet23_to_bet27,6.7513,6.7513,6.7513,6.7513,6.7513,4.000000,4.000000,4.000000,4.000000,4.000000,96.000000,96.000000,96.000000,96.000000,96.000000,5.0,33.7565,31.1619,135.0261,137.6208,PENDING_AG03,FALSE,NOT_FOR_ENFORCEMENT,162.0313,4090.5592,168.7826,162.0313,6.7513,0.03571071,0.03428228,6.7513,162.0313,0.03428228,6.7513,6.7513,6.7513,6.7513,6.7513,162.0313,0.03428228,33.7565,31.1619,135.0261,137.6208,0.02856857,0.02911754,0.00142843,3.5298,3.5597,0.1410,3.6692,0.2905,102.7475,26.0217,3.1802,3.7422,2.0771,4.0878,4.1543,6.1317,6.2314,7.1537,3.1157,-1.022,1.524396,1.75,0.863492,29,159,71,5,0.34046406,0.03571071,0.04850756,0E-8,0.000000,0.901534,0.000000,-0.01940280,2026-05-27,2026-07-31,46,581,334,66,0.696970,0.849821,0.900951,1.134880,,,,,,,,GLOBAL_BASELINE_NO_ENTITY_RANKING,,,NOT_APPLICABLE_GLOBAL_BASELINE,HF9g-P5,,,,X 全窗基线 · 不参与实体赏罚,6878316,688,A168_HF9F_20260827_0900,2026-08-27 09:00:00
2026-06-10,132190460,1306,0,10.3857258585,-6.2314355151,-6.2314355151,0.3333333,3,3,0.50218230000000000,0.502182300000,-0.5849155494134425,-0.5849155494134426,-0.5849155494134425,0E-17,ELIGIBLE,R03b_20260811_FULL_v1,L1_ELIGIBILITY,v2026-08-11,2026-03-21..2026-08-06,baccarat_bet02_101_all_pairs_incl_sentinel,round_win = game_pnl > 0 (decisive only),COMPATIBILITY_ONLY_NOT_PRODUCTION,4726.3868,4260.9992,168.7826,1339,1197,-0.03571071,-0.04850756,-0.02910476,-0.03571071,-168.7826,4726.3868,OK,0.0000,6.7513,4.0000,96.0000,AG03-UNRESOLVED,ALL5_LEVELS_bet23_to_bet27,6.7513,6.7513,6.7513,6.7513,6.7513,4.000000,4.000000,4.000000,4.000000,4.000000,96.000000,96.000000,96.000000,96.000000,96.000000,5.0,33.7565,31.1619,135.0261,137.6208,PENDING_AG03,FALSE,NOT_FOR_ENFORCEMENT,162.0313,4090.5592,168.7826,162.0313,6.7513,0.03571071,0.03428228,6.7513,162.0313,0.03428228,6.7513,6.7513,6.7513,6.7513,6.7513,162.0313,0.03428228,33.7565,31.1619,135.0261,137.6208,0.02856857,0.02911754,0.00142843,3.5298,3.5597,0.1410,3.6692,0.2905,102.7475,26.0217,3.1802,3.7422,2.0771,4.0878,4.1543,6.1317,6.2314,7.1537,3.1157,-1.022,1.524396,1.75,0.863492,29,159,71,5,0.34046406,0.03571071,0.04850756,0E-8,0.000000,0.901534,0.000000,-0.01940280,2026-05-27,2026-07-31,46,581,334,66,0.696970,0.849821,0.900951,1.134880,,,,,,,,GLOBAL_BASELINE_NO_ENTITY_RANKING,,,NOT_APPLICABLE_GLOBAL_BASELINE,HF9g-P5,,,,X 全窗基线 · 不参与实体赏罚,6878317,688,A168_HF9F_20260827_0900,2026-08-27 09:00:00
2026-06-10,132190460,1401,0,2.7002887232,-2.7002887232,-2.7002887232,0E-7,1,1,0.50665070000000000,0.506650700000,-1.013391052207602,-1.013391052207602,-1.013391052207602,0E-17,ELIGIBLE,R03b_20260811_FULL_v1,L1_ELIGIBILITY,v2026-08-11,2026-03-21..2026-08-06,baccarat_bet02_101_all_pairs_incl_sentinel,round_win = game_pnl > 0 (decisive only),COMPATIBILITY_ONLY_NOT_PRODUCTION,4726.3868,4260.9992,168.7826,1339,1197,-0.03571071,-0.04850756,-0.02910476,-0.03571071,-168.7826,4726.3868,OK,0.0000,6.7513,4.0000,96.0000,AG03-UNRESOLVED,ALL5_LEVELS_bet23_to_bet27,6.7513,6.7513,6.7513,6.7513,6.7513,4.000000,4.000000,4.000000,4.000000,4.000000,96.000000,96.000000,96.000000,96.000000,96.000000,5.0,33.7565,31.1619,135.0261,137.6208,PENDING_AG03,FALSE,NOT_FOR_ENFORCEMENT,162.0313,4090.5592,168.7826,162.0313,6.7513,0.03571071,0.03428228,6.7513,162.0313,0.03428228,6.7513,6.7513,6.7513,6.7513,6.7513,162.0313,0.03428228,33.7565,31.1619,135.0261,137.6208,0.02856857,0.02911754,0.00142843,3.5298,3.5597,0.1410,3.6692,0.2905,102.7475,26.0217,3.1802,3.7422,2.0771,4.0878,4.1543,6.1317,6.2314,7.1537,3.1157,-1.022,1.524396,1.75,0.863492,29,159,71,5,0.34046406,0.03571071,0.04850756,0E-8,0.000000,0.901534,0.000000,-0.01940280,2026-05-27,2026-07-31,46,581,334,66,0.696970,0.849821,0.900951,1.134880,,,,,,,,GLOBAL_BASELINE_NO_ENTITY_RANKING,,,NOT_APPLICABLE_GLOBAL_BASELINE,HF9g-P5,,,,X 全窗基线 · 不参与实体赏罚,6878318,688,A168_HF9F_20260827_0900,2026-08-27 09:00:00
2026-06-10,132190460,2101,0,4.1542903434,3.9465758262,3.9465758262,1.0000000,1,1,0.50665070000000000,0.506650700000,0.9867858985152569,0.9867858985152569,0.9867858985152569,0E-17,ELIGIBLE,R03b_20260811_FULL_v1,L1_ELIGIBILITY,v2026-08-11,2026-03-21..2026-08-06,baccarat_bet02_101_all_pairs_incl_sentinel,round_win = game_pnl > 0 (decisive only),COMPATIBILITY_ONLY_NOT_PRODUCTION,4726.3868,4260.9992,168.7826,1339,1197,-0.03571071,-0.04850756,-0.02910476,-0.03571071,-168.7826,4726.3868,OK,0.0000,6.7513,4.0000,96.0000,AG03-UNRESOLVED,ALL5_LEVELS_bet23_to_bet27,6.7513,6.7513,6.7513,6.7513,6.7513,4.000000,4.000000,4.000000,4.000000,4.000000,96.000000,96.000000,96.000000,96.000000,96.000000,5.0,33.7565,31.1619,135.0261,137.6208,PENDING_AG03,FALSE,NOT_FOR_ENFORCEMENT,162.0313,4090.5592,168.7826,162.0313,6.7513,0.03571071,0.03428228,6.7513,162.0313,0.03428228,6.7513,6.7513,6.7513,6.7513,6.7513,162.0313,0.03428228,33.7565,31.1619,135.0261,137.6208,0.02856857,0.02911754,0.00142843,3.5298,3.5597,0.1410,3.6692,0.2905,102.7475,26.0217,3.1802,3.7422,2.0771,4.0878,4.1543,6.1317,6.2314,7.1537,3.1157,-1.022,1.524396,1.75,0.863492,29,159,71,5,0.34046406,0.03571071,0.04850756,0E-8,0.000000,0.901534,0.000000,-0.01940280,2026-05-27,2026-07-31,46,581,334,66,0.696970,0.849821,0.900951,1.134880,,,,,,,,GLOBAL_BASELINE_NO_ENTITY_RANKING,,,NOT_APPLICABLE_GLOBAL_BASELINE,HF9g-P5,,,,X 全窗基线 · 不参与实体赏罚,6878319,688,A168_HF9F_20260827_0900,2026-08-27 09:00:00
2026-06-10,132190460,2142,0,8.3085806868,0E-10,0E-10,0.5000000,2,2,0.49994810000000000,0.499948100000,0.00014679536856514622,0.00014679536856514622,0.00014679536856514622,0E-17,ELIGIBLE,R03b_20260811_FULL_v1,L1_ELIGIBILITY,v2026-08-11,2026-03-21..2026-08-06,baccarat_bet02_101_all_pairs_incl_sentinel,round_win = game_pnl > 0 (decisive only),COMPATIBILITY_ONLY_NOT_PRODUCTION,4726.3868,4260.9992,168.7826,1339,1197,-0.03571071,-0.04850756,-0.02910476,-0.03571071,-168.7826,4726.3868,OK,0.0000,6.7513,4.0000,96.0000,AG03-UNRESOLVED,ALL5_LEVELS_bet23_to_bet27,6.7513,6.7513,6.7513,6.7513,6.7513,4.000000,4.000000,4.000000,4.000000,4.000000,96.000000,96.000000,96.000000,96.000000,96.000000,5.0,33.7565,31.1619,135.0261,137.6208,PENDING_AG03,FALSE,NOT_FOR_ENFORCEMENT,162.0313,4090.5592,168.7826,162.0313,6.7513,0.03571071,0.03428228,6.7513,162.0313,0.03428228,6.7513,6.7513,6.7513,6.7513,6.7513,162.0313,0.03428228,33.7565,31.1619,135.0261,137.6208,0.02856857,0.02911754,0.00142843,3.5298,3.5597,0.1410,3.6692,0.2905,102.7475,26.0217,3.1802,3.7422,2.0771,4.0878,4.1543,6.1317,6.2314,7.1537,3.1157,-1.022,1.524396,1.75,0.863492,29,159,71,5,0.34046406,0.03571071,0.04850756,0E-8,0.000000,0.901534,0.000000,-0.01940280,2026-05-27,2026-07-31,46,581,334,66,0.696970,0.849821,0.900951,1.134880,,,,,,,,GLOBAL_BASELINE_NO_ENTITY_RANKING,,,NOT_APPLICABLE_GLOBAL_BASELINE,HF9g-P5,,,,X 全窗基线 · 不参与实体赏罚,6878320,688,A168_HF9F_20260827_0900,2026-08-27 09:00:00
2026-06-10,132190460,2196,0,10.3857258585,-6.2314355151,-6.2314355151,0.3333333,3,3,0.49771390000000000,0.497713900000,-0.5694369385616226,-0.5694369385616226,-0.5694369385616226,0E-17,ELIGIBLE,R03b_20260811_FULL_v1,L1_ELIGIBILITY,v2026-08-11,2026-03-21..2026-08-06,baccarat_bet02_101_all_pairs_incl_sentinel,round_win = game_pnl > 0 (decisive only),COMPATIBILITY_ONLY_NOT_PRODUCTION,4726.3868,4260.9992,168.7826,1339,1197,-0.03571071,-0.04850756,-0.02910476,-0.03571071,-168.7826,4726.3868,OK,0.0000,6.7513,4.0000,96.0000,AG03-UNRESOLVED,ALL5_LEVELS_bet23_to_bet27,6.7513,6.7513,6.7513,6.7513,6.7513,4.000000,4.000000,4.000000,4.000000,4.000000,96.000000,96.000000,96.000000,96.000000,96.000000,5.0,33.7565,31.1619,135.0261,137.6208,PENDING_AG03,FALSE,NOT_FOR_ENFORCEMENT,162.0313,4090.5592,168.7826,162.0313,6.7513,0.03571071,0.03428228,6.7513,162.0313,0.03428228,6.7513,6.7513,6.7513,6.7513,6.7513,162.0313,0.03428228,33.7565,31.1619,135.0261,137.6208,0.02856857,0.02911754,0.00142843,3.5298,3.5597,0.1410,3.6692,0.2905,102.7475,26.0217,3.1802,3.7422,2.0771,4.0878,4.1543,6.1317,6.2314,7.1537,3.1157,-1.022,1.524396,1.75,0.863492,29,159,71,5,0.34046406,0.03571071,0.04850756,0E-8,0.000000,0.901534,0.000000,-0.01940280,2026-05-27,2026-07-31,46,581,334,66,0.696970,0.849821,0.900951,1.134880,,,,,,,,GLOBAL_BASELINE_NO_ENTITY_RANKING,,,NOT_APPLICABLE_GLOBAL_BASELINE,HF9g-P5,,,,X 全窗基线 · 不参与实体赏罚,6878321,688,A168_HF9F_20260827_0900,2026-08-27 09:00:00
2026-06-10,132190460,2233,0,6.2314355150,6.2314355150,6.2314355150,1.0000000,1,1,0.49324550000000000,0.493245500000,1.01360149184955,1.01360149184955,1.01360149184955,0E-17,ELIGIBLE,R03b_20260811_FULL_v1,L1_ELIGIBILITY,v2026-08-11,2026-03-21..2026-08-06,baccarat_bet02_101_all_pairs_incl_sentinel,round_win = game_pnl > 0 (decisive only),COMPATIBILITY_ONLY_NOT_PRODUCTION,4726.3868,4260.9992,168.7826,1339,1197,-0.03571071,-0.04850756,-0.02910476,-0.03571071,-168.7826,4726.3868,OK,0.0000,6.7513,4.0000,96.0000,AG03-UNRESOLVED,ALL5_LEVELS_bet23_to_bet27,6.7513,6.7513,6.7513,6.7513,6.7513,4.000000,4.000000,4.000000,4.000000,4.000000,96.000000,96.000000,96.000000,96.000000,96.000000,5.0,33.7565,31.1619,135.0261,137.6208,PENDING_AG03,FALSE,NOT_FOR_ENFORCEMENT,162.0313,4090.5592,168.7826,162.0313,6.7513,0.03571071,0.03428228,6.7513,162.0313,0.03428228,6.7513,6.7513,6.7513,6.7513,6.7513,162.0313,0.03428228,33.7565,31.1619,135.0261,137.6208,0.02856857,0.02911754,0.00142843,3.5298,3.5597,0.1410,3.6692,0.2905,102.7475,26.0217,3.1802,3.7422,2.0771,4.0878,4.1543,6.1317,6.2314,7.1537,3.1157,-1.022,1.524396,1.75,0.863492,29,159,71,5,0.34046406,0.03571071,0.04850756,0E-8,0.000000,0.901534,0.000000,-0.01940280,2026-05-27,2026-07-31,46,581,334,66,0.696970,0.849821,0.900951,1.134880,,,,,,,,GLOBAL_BASELINE_NO_ENTITY_RANKING,,,NOT_APPLICABLE_GLOBAL_BASELINE,HF9g-P5,,,,X 全窗基线 · 不参与实体赏罚,6878322,688,A168_HF9F_20260827_0900,2026-08-27 09:00:00
2026-06-11,132190460,1396,0,2.0771451717,1.9732879131,1.9732879131,1.0000000,1,1,0.50665070000000000,0.506650700000,0.9867858985152569,0.9867858985152569,0.9867858985152569,0E-17,ELIGIBLE,R03b_20260811_FULL_v1,L1_ELIGIBILITY,v2026-08-11,2026-03-21..2026-08-06,baccarat_bet02_101_all_pairs_incl_sentinel,round_win = game_pnl > 0 (decisive only),COMPATIBILITY_ONLY_NOT_PRODUCTION,4726.3868,4260.9992,168.7826,1339,1197,-0.03571071,-0.04850756,-0.02910476,-0.03571071,-168.7826,4726.3868,OK,0.0000,6.7513,4.0000,96.0000,AG03-UNRESOLVED,ALL5_LEVELS_bet23_to_bet27,6.7513,6.7513,6.7513,6.7513,6.7513,4.000000,4.000000,4.000000,4.000000,4.000000,96.000000,96.000000,96.000000,96.000000,96.000000,5.0,33.7565,31.1619,135.0261,137.6208,PENDING_AG03,FALSE,NOT_FOR_ENFORCEMENT,162.0313,4090.5592,168.7826,162.0313,6.7513,0.03571071,0.03428228,6.7513,162.0313,0.03428228,6.7513,6.7513,6.7513,6.7513,6.7513,162.0313,0.03428228,33.7565,31.1619,135.0261,137.6208,0.02856857,0.02911754,0.00142843,3.5298,3.5597,0.1410,3.6692,0.2905,102.7475,26.0217,3.1802,3.7422,2.0771,4.0878,4.1543,6.1317,6.2314,7.1537,3.1157,-1.022,1.524396,1.75,0.863492,29,159,71,5,0.34046406,0.03571071,0.04850756,0E-8,0.000000,0.901534,0.000000,-0.01940280,2026-05-27,2026-07-31,46,581,334,66,0.696970,0.849821,0.900951,1.134880,,,,,,,,GLOBAL_BASELINE_NO_ENTITY_RANKING,,,NOT_APPLICABLE_GLOBAL_BASELINE,HF9g-P5,,,,X 全窗基线 · 不参与实体赏罚,6878323,688,A168_HF9F_20260827_0900,2026-08-27 09:00:00
2026-06-11,132190460,2233,0,6.4391500322,-6.4391500322,-6.4391500322,0E-7,3,3,0.50218230000000000,0.502182300000,-1.7396270863184011,-1.7396270863184016,-1.7396270863184011,0E-17,ELIGIBLE,R03b_20260811_FULL_v1,L1_ELIGIBILITY,v2026-08-11,2026-03-21..2026-08-06,baccarat_bet02_101_all_pairs_incl_sentinel,round_win = game_pnl > 0 (decisive only),COMPATIBILITY_ONLY_NOT_PRODUCTION,4726.3868,4260.9992,168.7826,1339,1197,-0.03571071,-0.04850756,-0.02910476,-0.03571071,-168.7826,4726.3868,OK,0.0000,6.7513,4.0000,96.0000,AG03-UNRESOLVED,ALL5_LEVELS_bet23_to_bet27,6.7513,6.7513,6.7513,6.7513,6.7513,4.000000,4.000000,4.000000,4.000000,4.000000,96.000000,96.000000,96.000000,96.000000,96.000000,5.0,33.7565,31.1619,135.0261,137.6208,PENDING_AG03,FALSE,NOT_FOR_ENFORCEMENT,162.0313,4090.5592,168.7826,162.0313,6.7513,0.03571071,0.03428228,6.7513,162.0313,0.03428228,6.7513,6.7513,6.7513,6.7513,6.7513,162.0313,0.03428228,33.7565,31.1619,135.0261,137.6208,0.02856857,0.02911754,0.00142843,3.5298,3.5597,0.1410,3.6692,0.2905,102.7475,26.0217,3.1802,3.7422,2.0771,4.0878,4.1543,6.1317,6.2314,7.1537,3.1157,-1.022,1.524396,1.75,0.863492,29,159,71,5,0.34046406,0.03571071,0.04850756,0E-8,0.000000,0.901534,0.000000,-0.01940280,2026-05-27,2026-07-31,46,581,334,66,0.696970,0.849821,0.900951,1.134880,,,,,,,,GLOBAL_BASELINE_NO_ENTITY_RANKING,,,NOT_APPLICABLE_GLOBAL_BASELINE,HF9g-P5,,,,X 全窗基线 · 不参与实体赏罚,6878324,688,A168_HF9F_20260827_0900,2026-08-27 09:00:00
2026-06-11,132190460,550,0,2.0771451717,1.9732879131,1.9732879131,1.0000000,1,1,0.50665070000000000,0.506650700000,0.9867858985152569,0.9867858985152569,0.9867858985152569,0E-17,ELIGIBLE,R03b_20260811_FULL_v1,L1_ELIGIBILITY,v2026-08-11,2026-03-21..2026-08-06,baccarat_bet02_101_all_pairs_incl_sentinel,round_win = game_pnl > 0 (decisive only),COMPATIBILITY_ONLY_NOT_PRODUCTION,4726.3868,4260.9992,168.7826,1339,1197,-0.03571071,-0.04850756,-0.02910476,-0.03571071,-168.7826,4726.3868,OK,0.0000,6.7513,4.0000,96.0000,AG03-UNRESOLVED,ALL5_LEVELS_bet23_to_bet27,6.7513,6.7513,6.7513,6.7513,6.7513,4.000000,4.000000,4.000000,4.000000,4.000000,96.000000,96.000000,96.000000,96.000000,96.000000,5.0,33.7565,31.1619,135.0261,137.6208,PENDING_AG03,FALSE,NOT_FOR_ENFORCEMENT,162.0313,4090.5592,168.7826,162.0313,6.7513,0.03571071,0.03428228,6.7513,162.0313,0.03428228,6.7513,6.7513,6.7513,6.7513,6.7513,162.0313,0.03428228,33.7565,31.1619,135.0261,137.6208,0.02856857,0.02911754,0.00142843,3.5298,3.5597,0.1410,3.6692,0.2905,102.7475,26.0217,3.1802,3.7422,2.0771,4.0878,4.1543,6.1317,6.2314,7.1537,3.1157,-1.022,1.524396,1.75,0.863492,29,159,71,5,0.34046406,0.03571071,0.04850756,0E-8,0.000000,0.901534,0.000000,-0.01940280,2026-05-27,2026-07-31,46,581,334,66,0.696970,0.849821,0.900951,1.134880,,,,,,,,GLOBAL_BASELINE_NO_ENTITY_RANKING,,,NOT_APPLICABLE_GLOBAL_BASELINE,HF9g-P5,,,,X 全窗基线 · 不参与实体赏罚,6878325,688,A168_HF9F_20260827_0900,2026-08-27 09:00:00
2026-06-12,132190460,2278,0,2.0771451717,2.0771451717,2.0771451717,1.0000000,1,1,0.49324550000000000,0.493245500000,1.01360149184955,1.01360149184955,1.01360149184955,0E-17,ELIGIBLE,R03b_20260811_FULL_v1,L1_ELIGIBILITY,v2026-08-11,2026-03-21..2026-08-06,baccarat_bet02_101_all_pairs_incl_sentinel,round_win = game_pnl > 0 (decisive only),COMPATIBILITY_ONLY_NOT_PRODUCTION,4726.3868,4260.9992,168.7826,1339,1197,-0.03571071,-0.04850756,-0.02910476,-0.03571071,-168.7826,4726.3868,OK,0.0000,6.7513,4.0000,96.0000,AG03-UNRESOLVED,ALL5_LEVELS_bet23_to_bet27,6.7513,6.7513,6.7513,6.7513,6.7513,4.000000,4.000000,4.000000,4.000000,4.000000,96.000000,96.000000,96.000000,96.000000,96.000000,5.0,33.7565,31.1619,135.0261,137.6208,PENDING_AG03,FALSE,NOT_FOR_ENFORCEMENT,162.0313,4090.5592,168.7826,162.0313,6.7513,0.03571071,0.03428228,6.7513,162.0313,0.03428228,6.7513,6.7513,6.7513,6.7513,6.7513,162.0313,0.03428228,33.7565,31.1619,135.0261,137.6208,0.02856857,0.02911754,0.00142843,3.5298,3.5597,0.1410,3.6692,0.2905,102.7475,26.0217,3.1802,3.7422,2.0771,4.0878,4.1543,6.1317,6.2314,7.1537,3.1157,-1.022,1.524396,1.75,0.863492,29,159,71,5,0.34046406,0.03571071,0.04850756,0E-8,0.000000,0.901534,0.000000,-0.01940280,2026-05-27,2026-07-31,46,581,334,66,0.696970,0.849821,0.900951,1.134880,,,,,,,,GLOBAL_BASELINE_NO_ENTITY_RANKING,,,NOT_APPLICABLE_GLOBAL_BASELINE,HF9g-P5,,,,X 全窗基线 · 不参与实体赏罚,6878326,688,A168_HF9F_20260827_0900,2026-08-27 09:00:00
2026-06-13,132190460,-1,1,46.7357663631,-2.5548885613,-2.5548885613,0.4545455,14,13,0.48461568846153846,0.484615688462,-0.1995578504064917,-0.199557850409549,-0.1995578504064917,-4.6154E-13,SENTINEL_DEALER,R03b_20260811_FULL_v1,L1_ELIGIBILITY,v2026-08-11,2026-03-21..2026-08-06,baccarat_bet02_101_all_pairs_incl_sentinel,round_win = game_pnl > 0 (decisive only),COMPATIBILITY_ONLY_NOT_PRODUCTION,4726.3868,4260.9992,168.7826,1339,1197,-0.03571071,-0.04850756,-0.02910476,-0.03571071,-168.7826,4726.3868,OK,0.0000,6.7513,4.0000,96.0000,AG03-UNRESOLVED,ALL5_LEVELS_bet23_to_bet27,6.7513,6.7513,6.7513,6.7513,6.7513,4.000000,4.000000,4.000000,4.000000,4.000000,96.000000,96.000000,96.000000,96.000000,96.000000,5.0,33.7565,31.1619,135.0261,137.6208,PENDING_AG03,FALSE,NOT_FOR_ENFORCEMENT,162.0313,4090.5592,168.7826,162.0313,6.7513,0.03571071,0.03428228,6.7513,162.0313,0.03428228,6.7513,6.7513,6.7513,6.7513,6.7513,162.0313,0.03428228,33.7565,31.1619,135.0261,137.6208,0.02856857,0.02911754,0.00142843,3.5298,3.5597,0.1410,3.6692,0.2905,102.7475,26.0217,3.1802,3.7422,2.0771,4.0878,4.1543,6.1317,6.2314,7.1537,3.1157,-1.022,1.524396,1.75,0.863492,29,159,71,5,0.34046406,0.03571071,0.04850756,0E-8,0.000000,0.901534,0.000000,-0.01940280,2026-05-27,2026-07-31,46,581,334,66,0.696970,0.849821,0.900951,1.134880,,,,,,,,GLOBAL_BASELINE_NO_ENTITY_RANKING,,,NOT_APPLICABLE_GLOBAL_BASELINE,HF9g-P5,,,,X 全窗基线 · 不参与实体赏罚,6878327,688,A168_HF9F_20260827_0900,2026-08-27 09:00:00
2026-06-13,132190460,1360,0,10.3857258585,-2.2848596889,-2.2848596889,0.3333333,3,3,0.50218230000000000,0.502182300000,-0.5849155494134425,-0.5849155494134426,-0.5849155494134425,0E-17,ELIGIBLE,R03b_20260811_FULL_v1,L1_ELIGIBILITY,v2026-08-11,2026-03-21..2026-08-06,baccarat_bet02_101_all_pairs_incl_sentinel,round_win = game_pnl > 0 (decisive only),COMPATIBILITY_ONLY_NOT_PRODUCTION,4726.3868,4260.9992,168.7826,1339,1197,-0.03571071,-0.04850756,-0.02910476,-0.03571071,-168.7826,4726.3868,OK,0.0000,6.7513,4.0000,96.0000,AG03-UNRESOLVED,ALL5_LEVELS_bet23_to_bet27,6.7513,6.7513,6.7513,6.7513,6.7513,4.000000,4.000000,4.000000,4.000000,4.000000,96.000000,96.000000,96.000000,96.000000,96.000000,5.0,33.7565,31.1619,135.0261,137.6208,PENDING_AG03,FALSE,NOT_FOR_ENFORCEMENT,162.0313,4090.5592,168.7826,162.0313,6.7513,0.03571071,0.03428228,6.7513,162.0313,0.03428228,6.7513,6.7513,6.7513,6.7513,6.7513,162.0313,0.03428228,33.7565,31.1619,135.0261,137.6208,0.02856857,0.02911754,0.00142843,3.5298,3.5597,0.1410,3.6692,0.2905,102.7475,26.0217,3.1802,3.7422,2.0771,4.0878,4.1543,6.1317,6.2314,7.1537,3.1157,-1.022,1.524396,1.75,0.863492,29,159,71,5,0.34046406,0.03571071,0.04850756,0E-8,0.000000,0.901534,0.000000,-0.01940280,2026-05-27,2026-07-31,46,581,334,66,0.696970,0.849821,0.900951,1.134880,,,,,,,,GLOBAL_BASELINE_NO_ENTITY_RANKING,,,NOT_APPLICABLE_GLOBAL_BASELINE,HF9g-P5,,,,X 全窗基线 · 不参与实体赏罚,6878328,688,A168_HF9F_20260827_0900,2026-08-27 09:00:00
2026-06-13,132190460,1507,0,3.1157177575,-3.1157177575,-3.1157177575,0E-7,1,1,0.50665070000000000,0.506650700000,-1.013391052207602,-1.013391052207602,-1.013391052207602,0E-17,ELIGIBLE,R03b_20260811_FULL_v1,L1_ELIGIBILITY,v2026-08-11,2026-03-21..2026-08-06,baccarat_bet02_101_all_pairs_incl_sentinel,round_win = game_pnl > 0 (decisive only),COMPATIBILITY_ONLY_NOT_PRODUCTION,4726.3868,4260.9992,168.7826,1339,1197,-0.03571071,-0.04850756,-0.02910476,-0.03571071,-168.7826,4726.3868,OK,0.0000,6.7513,4.0000,96.0000,AG03-UNRESOLVED,ALL5_LEVELS_bet23_to_bet27,6.7513,6.7513,6.7513,6.7513,6.7513,4.000000,4.000000,4.000000,4.000000,4.000000,96.000000,96.000000,96.000000,96.000000,96.000000,5.0,33.7565,31.1619,135.0261,137.6208,PENDING_AG03,FALSE,NOT_FOR_ENFORCEMENT,162.0313,4090.5592,168.7826,162.0313,6.7513,0.03571071,0.03428228,6.7513,162.0313,0.03428228,6.7513,6.7513,6.7513,6.7513,6.7513,162.0313,0.03428228,33.7565,31.1619,135.0261,137.6208,0.02856857,0.02911754,0.00142843,3.5298,3.5597,0.1410,3.6692,0.2905,102.7475,26.0217,3.1802,3.7422,2.0771,4.0878,4.1543,6.1317,6.2314,7.1537,3.1157,-1.022,1.524396,1.75,0.863492,29,159,71,5,0.34046406,0.03571071,0.04850756,0E-8,0.000000,0.901534,0.000000,-0.01940280,2026-05-27,2026-07-31,46,581,334,66,0.696970,0.849821,0.900951,1.134880,,,,,,,,GLOBAL_BASELINE_NO_ENTITY_RANKING,,,NOT_APPLICABLE_GLOBAL_BASELINE,HF9g-P5,,,,X 全窗基线 · 不参与实体赏罚,6878329,688,A168_HF9F_20260827_0900,2026-08-27 09:00:00
2026-06-13,132190460,1963,0,6.0237209978,2.7626030783,2.7626030783,1.0000000,2,2,0.49994810000000000,0.499948100000,1.0001038053877793,1.0001038053877793,1.0001038053877793,0E-17,ELIGIBLE,R03b_20260811_FULL_v1,L1_ELIGIBILITY,v2026-08-11,2026-03-21..2026-08-06,baccarat_bet02_101_all_pairs_incl_sentinel,round_win = game_pnl > 0 (decisive only),COMPATIBILITY_ONLY_NOT_PRODUCTION,4726.3868,4260.9992,168.7826,1339,1197,-0.03571071,-0.04850756,-0.02910476,-0.03571071,-168.7826,4726.3868,OK,0.0000,6.7513,4.0000,96.0000,AG03-UNRESOLVED,ALL5_LEVELS_bet23_to_bet27,6.7513,6.7513,6.7513,6.7513,6.7513,4.000000,4.000000,4.000000,4.000000,4.000000,96.000000,96.000000,96.000000,96.000000,96.000000,5.0,33.7565,31.1619,135.0261,137.6208,PENDING_AG03,FALSE,NOT_FOR_ENFORCEMENT,162.0313,4090.5592,168.7826,162.0313,6.7513,0.03571071,0.03428228,6.7513,162.0313,0.03428228,6.7513,6.7513,6.7513,6.7513,6.7513,162.0313,0.03428228,33.7565,31.1619,135.0261,137.6208,0.02856857,0.02911754,0.00142843,3.5298,3.5597,0.1410,3.6692,0.2905,102.7475,26.0217,3.1802,3.7422,2.0771,4.0878,4.1543,6.1317,6.2314,7.1537,3.1157,-1.022,1.524396,1.75,0.863492,29,159,71,5,0.34046406,0.03571071,0.04850756,0E-8,0.000000,0.901534,0.000000,-0.01940280,2026-05-27,2026-07-31,46,581,334,66,0.696970,0.849821,0.900951,1.134880,,,,,,,,GLOBAL_BASELINE_NO_ENTITY_RANKING,,,NOT_APPLICABLE_GLOBAL_BASELINE,HF9g-P5,,,,X 全窗基线 · 不参与实体赏罚,6878330,688,A168_HF9F_20260827_0900,2026-08-27 09:00:00
2026-06-13,132190460,2152,0,5.1928629292,5.1928629292,5.1928629292,1.0000000,1,1,0.49324550000000000,0.493245500000,1.01360149184955,1.01360149184955,1.01360149184955,0E-17,ELIGIBLE,R03b_20260811_FULL_v1,L1_ELIGIBILITY,v2026-08-11,2026-03-21..2026-08-06,baccarat_bet02_101_all_pairs_incl_sentinel,round_win = game_pnl > 0 (decisive only),COMPATIBILITY_ONLY_NOT_PRODUCTION,4726.3868,4260.9992,168.7826,1339,1197,-0.03571071,-0.04850756,-0.02910476,-0.03571071,-168.7826,4726.3868,OK,0.0000,6.7513,4.0000,96.0000,AG03-UNRESOLVED,ALL5_LEVELS_bet23_to_bet27,6.7513,6.7513,6.7513,6.7513,6.7513,4.000000,4.000000,4.000000,4.000000,4.000000,96.000000,96.000000,96.000000,96.000000,96.000000,5.0,33.7565,31.1619,135.0261,137.6208,PENDING_AG03,FALSE,NOT_FOR_ENFORCEMENT,162.0313,4090.5592,168.7826,162.0313,6.7513,0.03571071,0.03428228,6.7513,162.0313,0.03428228,6.7513,6.7513,6.7513,6.7513,6.7513,162.0313,0.03428228,33.7565,31.1619,135.0261,137.6208,0.02856857,0.02911754,0.00142843,3.5298,3.5597,0.1410,3.6692,0.2905,102.7475,26.0217,3.1802,3.7422,2.0771,4.0878,4.1543,6.1317,6.2314,7.1537,3.1157,-1.022,1.524396,1.75,0.863492,29,159,71,5,0.34046406,0.03571071,0.04850756,0E-8,0.000000,0.901534,0.000000,-0.01940280,2026-05-27,2026-07-31,46,581,334,66,0.696970,0.849821,0.900951,1.134880,,,,,,,,GLOBAL_BASELINE_NO_ENTITY_RANKING,,,NOT_APPLICABLE_GLOBAL_BASELINE,HF9g-P5,,,,X 全窗基线 · 不参与实体赏罚,6878331,688,A168_HF9F_20260827_0900,2026-08-27 09:00:00
2026-06-13,132190460,2175,0,15.5785887876,-6.3872214030,-6.3872214030,0.3333333,4,4,0.49659680000000000,0.496596800000,-0.5655743394288276,-0.5655743394288276,-0.5655743394288276,0E-17,ELIGIBLE,R03b_20260811_FULL_v1,L1_ELIGIBILITY,v2026-08-11,2026-03-21..2026-08-06,baccarat_bet02_101_all_pairs_incl_sentinel,round_win = game_pnl > 0 (decisive only),COMPATIBILITY_ONLY_NOT_PRODUCTION,4726.3868,4260.9992,168.7826,1339,1197,-0.03571071,-0.04850756,-0.02910476,-0.03571071,-168.7826,4726.3868,OK,0.0000,6.7513,4.0000,96.0000,AG03-UNRESOLVED,ALL5_LEVELS_bet23_to_bet27,6.7513,6.7513,6.7513,6.7513,6.7513,4.000000,4.000000,4.000000,4.000000,4.000000,96.000000,96.000000,96.000000,96.000000,96.000000,5.0,33.7565,31.1619,135.0261,137.6208,PENDING_AG03,FALSE,NOT_FOR_ENFORCEMENT,162.0313,4090.5592,168.7826,162.0313,6.7513,0.03571071,0.03428228,6.7513,162.0313,0.03428228,6.7513,6.7513,6.7513,6.7513,6.7513,162.0313,0.03428228,33.7565,31.1619,135.0261,137.6208,0.02856857,0.02911754,0.00142843,3.5298,3.5597,0.1410,3.6692,0.2905,102.7475,26.0217,3.1802,3.7422,2.0771,4.0878,4.1543,6.1317,6.2314,7.1537,3.1157,-1.022,1.524396,1.75,0.863492,29,159,71,5,0.34046406,0.03571071,0.04850756,0E-8,0.000000,0.901534,0.000000,-0.01940280,2026-05-27,2026-07-31,46,581,334,66,0.696970,0.849821,0.900951,1.134880,,,,,,,,GLOBAL_BASELINE_NO_ENTITY_RANKING,,,NOT_APPLICABLE_GLOBAL_BASELINE,HF9g-P5,,,,X 全窗基线 · 不参与实体赏罚,6878332,688,A168_HF9F_20260827_0900,2026-08-27 09:00:00
2026-06-13,132190460,2229,0,7.8931516524,-0.6023720998,-0.6023720998,0.5000000,2,2,0.49994810000000000,0.499948100000,0.00014679536856514622,0.00014679536856514622,0.00014679536856514622,0E-17,ELIGIBLE,R03b_20260811_FULL_v1,L1_ELIGIBILITY,v2026-08-11,2026-03-21..2026-08-06,baccarat_bet02_101_all_pairs_incl_sentinel,round_win = game_pnl > 0 (decisive only),COMPATIBILITY_ONLY_NOT_PRODUCTION,4726.3868,4260.9992,168.7826,1339,1197,-0.03571071,-0.04850756,-0.02910476,-0.03571071,-168.7826,4726.3868,OK,0.0000,6.7513,4.0000,96.0000,AG03-UNRESOLVED,ALL5_LEVELS_bet23_to_bet27,6.7513,6.7513,6.7513,6.7513,6.7513,4.000000,4.000000,4.000000,4.000000,4.000000,96.000000,96.000000,96.000000,96.000000,96.000000,5.0,33.7565,31.1619,135.0261,137.6208,PENDING_AG03,FALSE,NOT_FOR_ENFORCEMENT,162.0313,4090.5592,168.7826,162.0313,6.7513,0.03571071,0.03428228,6.7513,162.0313,0.03428228,6.7513,6.7513,6.7513,6.7513,6.7513,162.0313,0.03428228,33.7565,31.1619,135.0261,137.6208,0.02856857,0.02911754,0.00142843,3.5298,3.5597,0.1410,3.6692,0.2905,102.7475,26.0217,3.1802,3.7422,2.0771,4.0878,4.1543,6.1317,6.2314,7.1537,3.1157,-1.022,1.524396,1.75,0.863492,29,159,71,5,0.34046406,0.03571071,0.04850756,0E-8,0.000000,0.901534,0.000000,-0.01940280,2026-05-27,2026-07-31,46,581,334,66,0.696970,0.849821,0.900951,1.134880,,,,,,,,GLOBAL_BASELINE_NO_ENTITY_RANKING,,,NOT_APPLICABLE_GLOBAL_BASELINE,HF9g-P5,,,,X 全窗基线 · 不参与实体赏罚,6878333,688,A168_HF9F_20260827_0900,2026-08-27 09:00:00
2026-06-13,132190460,2278,0,7.6854371352,-1.6097875081,-1.6097875081,0.3333333,3,3,0.49771390000000000,0.497713900000,-0.5694369385616226,-0.5694369385616226,-0.5694369385616226,0E-17,ELIGIBLE,R03b_20260811_FULL_v1,L1_ELIGIBILITY,v2026-08-11,2026-03-21..2026-08-06,baccarat_bet02_101_all_pairs_incl_sentinel,round_win = game_pnl > 0 (decisive only),COMPATIBILITY_ONLY_NOT_PRODUCTION,4726.3868,4260.9992,168.7826,1339,1197,-0.03571071,-0.04850756,-0.02910476,-0.03571071,-168.7826,4726.3868,OK,0.0000,6.7513,4.0000,96.0000,AG03-UNRESOLVED,ALL5_LEVELS_bet23_to_bet27,6.7513,6.7513,6.7513,6.7513,6.7513,4.000000,4.000000,4.000000,4.000000,4.000000,96.000000,96.000000,96.000000,96.000000,96.000000,5.0,33.7565,31.1619,135.0261,137.6208,PENDING_AG03,FALSE,NOT_FOR_ENFORCEMENT,162.0313,4090.5592,168.7826,162.0313,6.7513,0.03571071,0.03428228,6.7513,162.0313,0.03428228,6.7513,6.7513,6.7513,6.7513,6.7513,162.0313,0.03428228,33.7565,31.1619,135.0261,137.6208,0.02856857,0.02911754,0.00142843,3.5298,3.5597,0.1410,3.6692,0.2905,102.7475,26.0217,3.1802,3.7422,2.0771,4.0878,4.1543,6.1317,6.2314,7.1537,3.1157,-1.022,1.524396,1.75,0.863492,29,159,71,5,0.34046406,0.03571071,0.04850756,0E-8,0.000000,0.901534,0.000000,-0.01940280,2026-05-27,2026-07-31,46,581,334,66,0.696970,0.849821,0.900951,1.134880,,,,,,,,GLOBAL_BASELINE_NO_ENTITY_RANKING,,,NOT_APPLICABLE_GLOBAL_BASELINE,HF9g-P5,,,,X 全窗基线 · 不参与实体赏罚,6878334,688,A168_HF9F_20260827_0900,2026-08-27 09:00:00
2026-06-14,132190460,1306,0,13.5014436160,-9.3471532726,-9.3471532726,0E-7,3,3,0.49771390000000000,0.497713900000,-1.4077622098436522,-1.4077622098436524,-1.4077622098436522,0E-17,ELIGIBLE,R03b_20260811_FULL_v1,L1_ELIGIBILITY,v2026-08-11,2026-03-21..2026-08-06,baccarat_bet02_101_all_pairs_incl_sentinel,round_win = game_pnl > 0 (decisive only),COMPATIBILITY_ONLY_NOT_PRODUCTION,4726.3868,4260.9992,168.7826,1339,1197,-0.03571071,-0.04850756,-0.02910476,-0.03571071,-168.7826,4726.3868,OK,0.0000,6.7513,4.0000,96.0000,AG03-UNRESOLVED,ALL5_LEVELS_bet23_to_bet27,6.7513,6.7513,6.7513,6.7513,6.7513,4.000000,4.000000,4.000000,4.000000,4.000000,96.000000,96.000000,96.000000,96.000000,96.000000,5.0,33.7565,31.1619,135.0261,137.6208,PENDING_AG03,FALSE,NOT_FOR_ENFORCEMENT,162.0313,4090.5592,168.7826,162.0313,6.7513,0.03571071,0.03428228,6.7513,162.0313,0.03428228,6.7513,6.7513,6.7513,6.7513,6.7513,162.0313,0.03428228,33.7565,31.1619,135.0261,137.6208,0.02856857,0.02911754,0.00142843,3.5298,3.5597,0.1410,3.6692,0.2905,102.7475,26.0217,3.1802,3.7422,2.0771,4.0878,4.1543,6.1317,6.2314,7.1537,3.1157,-1.022,1.524396,1.75,0.863492,29,159,71,5,0.34046406,0.03571071,0.04850756,0E-8,0.000000,0.901534,0.000000,-0.01940280,2026-05-27,2026-07-31,46,581,334,66,0.696970,0.849821,0.900951,1.134880,,,,,,,,GLOBAL_BASELINE_NO_ENTITY_RANKING,,,NOT_APPLICABLE_GLOBAL_BASELINE,HF9g-P5,,,,X 全窗基线 · 不参与实体赏罚,6878335,688,A168_HF9F_20260827_0900,2026-08-27 09:00:00
2026-06-14,132190460,1363,0,1.6617161373,-1.6617161373,-1.6617161373,0E-7,1,1,0.50665070000000000,0.506650700000,-1.013391052207602,-1.013391052207602,-1.013391052207602,0E-17,ELIGIBLE,R03b_20260811_FULL_v1,L1_ELIGIBILITY,v2026-08-11,2026-03-21..2026-08-06,baccarat_bet02_101_all_pairs_incl_sentinel,round_win = game_pnl > 0 (decisive only),COMPATIBILITY_ONLY_NOT_PRODUCTION,4726.3868,4260.9992,168.7826,1339,1197,-0.03571071,-0.04850756,-0.02910476,-0.03571071,-168.7826,4726.3868,OK,0.0000,6.7513,4.0000,96.0000,AG03-UNRESOLVED,ALL5_LEVELS_bet23_to_bet27,6.7513,6.7513,6.7513,6.7513,6.7513,4.000000,4.000000,4.000000,4.000000,4.000000,96.000000,96.000000,96.000000,96.000000,96.000000,5.0,33.7565,31.1619,135.0261,137.6208,PENDING_AG03,FALSE,NOT_FOR_ENFORCEMENT,162.0313,4090.5592,168.7826,162.0313,6.7513,0.03571071,0.03428228,6.7513,162.0313,0.03428228,6.7513,6.7513,6.7513,6.7513,6.7513,162.0313,0.03428228,33.7565,31.1619,135.0261,137.6208,0.02856857,0.02911754,0.00142843,3.5298,3.5597,0.1410,3.6692,0.2905,102.7475,26.0217,3.1802,3.7422,2.0771,4.0878,4.1543,6.1317,6.2314,7.1537,3.1157,-1.022,1.524396,1.75,0.863492,29,159,71,5,0.34046406,0.03571071,0.04850756,0E-8,0.000000,0.901534,0.000000,-0.01940280,2026-05-27,2026-07-31,46,581,334,66,0.696970,0.849821,0.900951,1.134880,,,,,,,,GLOBAL_BASELINE_NO_ENTITY_RANKING,,,NOT_APPLICABLE_GLOBAL_BASELINE,HF9g-P5,,,,X 全窗基线 · 不参与实体赏罚,6878336,688,A168_HF9F_20260827_0900,2026-08-27 09:00:00
2026-06-14,132190460,2174,0,12.4628710302,3.7388613090,3.7388613090,0.6666667,3,3,0.50665070000000000,0.506650700000,0.5543606114942035,0.5543606114942035,0.5543606114942035,0E-17,ELIGIBLE,R03b_20260811_FULL_v1,L1_ELIGIBILITY,v2026-08-11,2026-03-21..2026-08-06,baccarat_bet02_101_all_pairs_incl_sentinel,round_win = game_pnl > 0 (decisive only),COMPATIBILITY_ONLY_NOT_PRODUCTION,4726.3868,4260.9992,168.7826,1339,1197,-0.03571071,-0.04850756,-0.02910476,-0.03571071,-168.7826,4726.3868,OK,0.0000,6.7513,4.0000,96.0000,AG03-UNRESOLVED,ALL5_LEVELS_bet23_to_bet27,6.7513,6.7513,6.7513,6.7513,6.7513,4.000000,4.000000,4.000000,4.000000,4.000000,96.000000,96.000000,96.000000,96.000000,96.000000,5.0,33.7565,31.1619,135.0261,137.6208,PENDING_AG03,FALSE,NOT_FOR_ENFORCEMENT,162.0313,4090.5592,168.7826,162.0313,6.7513,0.03571071,0.03428228,6.7513,162.0313,0.03428228,6.7513,6.7513,6.7513,6.7513,6.7513,162.0313,0.03428228,33.7565,31.1619,135.0261,137.6208,0.02856857,0.02911754,0.00142843,3.5298,3.5597,0.1410,3.6692,0.2905,102.7475,26.0217,3.1802,3.7422,2.0771,4.0878,4.1543,6.1317,6.2314,7.1537,3.1157,-1.022,1.524396,1.75,0.863492,29,159,71,5,0.34046406,0.03571071,0.04850756,0E-8,0.000000,0.901534,0.000000,-0.01940280,2026-05-27,2026-07-31,46,581,334,66,0.696970,0.849821,0.900951,1.134880,,,,,,,,GLOBAL_BASELINE_NO_ENTITY_RANKING,,,NOT_APPLICABLE_GLOBAL_BASELINE,HF9g-P5,,,,X 全窗基线 · 不参与实体赏罚,6878337,688,A168_HF9F_20260827_0900,2026-08-27 09:00:00
2026-06-14,132190460,2246,0,3.1157177575,-3.1157177575,-3.1157177575,0E-7,1,1,0.50665070000000000,0.506650700000,-1.013391052207602,-1.013391052207602,-1.013391052207602,0E-17,ELIGIBLE,R03b_20260811_FULL_v1,L1_ELIGIBILITY,v2026-08-11,2026-03-21..2026-08-06,baccarat_bet02_101_all_pairs_incl_sentinel,round_win = game_pnl > 0 (decisive only),COMPATIBILITY_ONLY_NOT_PRODUCTION,4726.3868,4260.9992,168.7826,1339,1197,-0.03571071,-0.04850756,-0.02910476,-0.03571071,-168.7826,4726.3868,OK,0.0000,6.7513,4.0000,96.0000,AG03-UNRESOLVED,ALL5_LEVELS_bet23_to_bet27,6.7513,6.7513,6.7513,6.7513,6.7513,4.000000,4.000000,4.000000,4.000000,4.000000,96.000000,96.000000,96.000000,96.000000,96.000000,5.0,33.7565,31.1619,135.0261,137.6208,PENDING_AG03,FALSE,NOT_FOR_ENFORCEMENT,162.0313,4090.5592,168.7826,162.0313,6.7513,0.03571071,0.03428228,6.7513,162.0313,0.03428228,6.7513,6.7513,6.7513,6.7513,6.7513,162.0313,0.03428228,33.7565,31.1619,135.0261,137.6208,0.02856857,0.02911754,0.00142843,3.5298,3.5597,0.1410,3.6692,0.2905,102.7475,26.0217,3.1802,3.7422,2.0771,4.0878,4.1543,6.1317,6.2314,7.1537,3.1157,-1.022,1.524396,1.75,0.863492,29,159,71,5,0.34046406,0.03571071,0.04850756,0E-8,0.000000,0.901534,0.000000,-0.01940280,2026-05-27,2026-07-31,46,581,334,66,0.696970,0.849821,0.900951,1.134880,,,,,,,,GLOBAL_BASELINE_NO_ENTITY_RANKING,,,NOT_APPLICABLE_GLOBAL_BASELINE,HF9g-P5,,,,X 全窗基线 · 不参与实体赏罚,6878338,688,A168_HF9F_20260827_0900,2026-08-27 09:00:00
2026-06-15,132190460,2281,0,10.3857258584,-5.1928629292,-5.1928629292,0E-7,2,2,0.50665070000000000,0.506650700000,-1.013391052207602,-1.013391052207602,-1.013391052207602,0E-17,ELIGIBLE,R03b_20260811_FULL_v1,L1_ELIGIBILITY,v2026-08-11,2026-03-21..2026-08-06,baccarat_bet02_101_all_pairs_incl_sentinel,round_win = game_pnl > 0 (decisive only),COMPATIBILITY_ONLY_NOT_PRODUCTION,4726.3868,4260.9992,168.7826,1339,1197,-0.03571071,-0.04850756,-0.02910476,-0.03571071,-168.7826,4726.3868,OK,0.0000,6.7513,4.0000,96.0000,AG03-UNRESOLVED,ALL5_LEVELS_bet23_to_bet27,6.7513,6.7513,6.7513,6.7513,6.7513,4.000000,4.000000,4.000000,4.000000,4.000000,96.000000,96.000000,96.000000,96.000000,96.000000,5.0,33.7565,31.1619,135.0261,137.6208,PENDING_AG03,FALSE,NOT_FOR_ENFORCEMENT,162.0313,4090.5592,168.7826,162.0313,6.7513,0.03571071,0.03428228,6.7513,162.0313,0.03428228,6.7513,6.7513,6.7513,6.7513,6.7513,162.0313,0.03428228,33.7565,31.1619,135.0261,137.6208,0.02856857,0.02911754,0.00142843,3.5298,3.5597,0.1410,3.6692,0.2905,102.7475,26.0217,3.1802,3.7422,2.0771,4.0878,4.1543,6.1317,6.2314,7.1537,3.1157,-1.022,1.524396,1.75,0.863492,29,159,71,5,0.34046406,0.03571071,0.04850756,0E-8,0.000000,0.901534,0.000000,-0.01940280,2026-05-27,2026-07-31,46,581,334,66,0.696970,0.849821,0.900951,1.134880,,,,,,,,GLOBAL_BASELINE_NO_ENTITY_RANKING,,,NOT_APPLICABLE_GLOBAL_BASELINE,HF9g-P5,,,,X 全窗基线 · 不参与实体赏罚,6878339,688,A168_HF9F_20260827_0900,2026-08-27 09:00:00
2026-06-15,132190460,986,0,7.0622935837,-0.9866439566,-0.9866439566,0.5000000,2,2,0.49994810000000000,0.499948100000,0.00014679536856514622,0.00014679536856514622,0.00014679536856514622,0E-17,ELIGIBLE,R03b_20260811_FULL_v1,L1_ELIGIBILITY,v2026-08-11,2026-03-21..2026-08-06,baccarat_bet02_101_all_pairs_incl_sentinel,round_win = game_pnl > 0 (decisive only),COMPATIBILITY_ONLY_NOT_PRODUCTION,4726.3868,4260.9992,168.7826,1339,1197,-0.03571071,-0.04850756,-0.02910476,-0.03571071,-168.7826,4726.3868,OK,0.0000,6.7513,4.0000,96.0000,AG03-UNRESOLVED,ALL5_LEVELS_bet23_to_bet27,6.7513,6.7513,6.7513,6.7513,6.7513,4.000000,4.000000,4.000000,4.000000,4.000000,96.000000,96.000000,96.000000,96.000000,96.000000,5.0,33.7565,31.1619,135.0261,137.6208,PENDING_AG03,FALSE,NOT_FOR_ENFORCEMENT,162.0313,4090.5592,168.7826,162.0313,6.7513,0.03571071,0.03428228,6.7513,162.0313,0.03428228,6.7513,6.7513,6.7513,6.7513,6.7513,162.0313,0.03428228,33.7565,31.1619,135.0261,137.6208,0.02856857,0.02911754,0.00142843,3.5298,3.5597,0.1410,3.6692,0.2905,102.7475,26.0217,3.1802,3.7422,2.0771,4.0878,4.1543,6.1317,6.2314,7.1537,3.1157,-1.022,1.524396,1.75,0.863492,29,159,71,5,0.34046406,0.03571071,0.04850756,0E-8,0.000000,0.901534,0.000000,-0.01940280,2026-05-27,2026-07-31,46,581,334,66,0.696970,0.849821,0.900951,1.134880,,,,,,,,GLOBAL_BASELINE_NO_ENTITY_RANKING,,,NOT_APPLICABLE_GLOBAL_BASELINE,HF9g-P5,,,,X 全窗基线 · 不参与实体赏罚,6878340,688,A168_HF9F_20260827_0900,2026-08-27 09:00:00
2026-06-17,132190460,1307,0,4.9851484120,-4.9851484120,-4.9851484120,0E-7,1,1,0.50665070000000000,0.506650700000,-1.013391052207602,-1.013391052207602,-1.013391052207602,0E-17,ELIGIBLE,R03b_20260811_FULL_v1,L1_ELIGIBILITY,v2026-08-11,2026-03-21..2026-08-06,baccarat_bet02_101_all_pairs_incl_sentinel,round_win = game_pnl > 0 (decisive only),COMPATIBILITY_ONLY_NOT_PRODUCTION,4726.3868,4260.9992,168.7826,1339,1197,-0.03571071,-0.04850756,-0.02910476,-0.03571071,-168.7826,4726.3868,OK,0.0000,6.7513,4.0000,96.0000,AG03-UNRESOLVED,ALL5_LEVELS_bet23_to_bet27,6.7513,6.7513,6.7513,6.7513,6.7513,4.000000,4.000000,4.000000,4.000000,4.000000,96.000000,96.000000,96.000000,96.000000,96.000000,5.0,33.7565,31.1619,135.0261,137.6208,PENDING_AG03,FALSE,NOT_FOR_ENFORCEMENT,162.0313,4090.5592,168.7826,162.0313,6.7513,0.03571071,0.03428228,6.7513,162.0313,0.03428228,6.7513,6.7513,6.7513,6.7513,6.7513,162.0313,0.03428228,33.7565,31.1619,135.0261,137.6208,0.02856857,0.02911754,0.00142843,3.5298,3.5597,0.1410,3.6692,0.2905,102.7475,26.0217,3.1802,3.7422,2.0771,4.0878,4.1543,6.1317,6.2314,7.1537,3.1157,-1.022,1.524396,1.75,0.863492,29,159,71,5,0.34046406,0.03571071,0.04850756,0E-8,0.000000,0.901534,0.000000,-0.01940280,2026-05-27,2026-07-31,46,581,334,66,0.696970,0.849821,0.900951,1.134880,,,,,,,,GLOBAL_BASELINE_NO_ENTITY_RANKING,,,NOT_APPLICABLE_GLOBAL_BASELINE,HF9g-P5,,,,X 全窗基线 · 不参与实体赏罚,6878341,688,A168_HF9F_20260827_0900,2026-08-27 09:00:00
2026-06-17,132190460,1401,0,4.9851484120,0E-10,0E-10,,1,1,0.49324550000000000,0.493245500000,,,,0E-17,NO_DECISIVE_ROUND,R03b_20260811_FULL_v1,L1_ELIGIBILITY,v2026-08-11,2026-03-21..2026-08-06,baccarat_bet02_101_all_pairs_incl_sentinel,round_win = game_pnl > 0 (decisive only),COMPATIBILITY_ONLY_NOT_PRODUCTION,4726.3868,4260.9992,168.7826,1339,1197,-0.03571071,-0.04850756,-0.02910476,-0.03571071,-168.7826,4726.3868,OK,0.0000,6.7513,4.0000,96.0000,AG03-UNRESOLVED,ALL5_LEVELS_bet23_to_bet27,6.7513,6.7513,6.7513,6.7513,6.7513,4.000000,4.000000,4.000000,4.000000,4.000000,96.000000,96.000000,96.000000,96.000000,96.000000,5.0,33.7565,31.1619,135.0261,137.6208,PENDING_AG03,FALSE,NOT_FOR_ENFORCEMENT,162.0313,4090.5592,168.7826,162.0313,6.7513,0.03571071,0.03428228,6.7513,162.0313,0.03428228,6.7513,6.7513,6.7513,6.7513,6.7513,162.0313,0.03428228,33.7565,31.1619,135.0261,137.6208,0.02856857,0.02911754,0.00142843,3.5298,3.5597,0.1410,3.6692,0.2905,102.7475,26.0217,3.1802,3.7422,2.0771,4.0878,4.1543,6.1317,6.2314,7.1537,3.1157,-1.022,1.524396,1.75,0.863492,29,159,71,5,0.34046406,0.03571071,0.04850756,0E-8,0.000000,0.901534,0.000000,-0.01940280,2026-05-27,2026-07-31,46,581,334,66,0.696970,0.849821,0.900951,1.134880,,,,,,,,GLOBAL_BASELINE_NO_ENTITY_RANKING,,,NOT_APPLICABLE_GLOBAL_BASELINE,HF9g-P5,,,,X 全窗基线 · 不参与实体赏罚,6878342,688,A168_HF9F_20260827_0900,2026-08-27 09:00:00
2026-06-18,132190460,1078,0,12.4628710300,2.0771451717,2.0771451717,0.5000000,4,2,0.43239055000216829,0.297275450000,0.19300097156902776,0.6272624026875385,0.19300097156902776,0.13511510000216829,ELIGIBLE,R03b_20260811_FULL_v1,L1_ELIGIBILITY,v2026-08-11,2026-03-21..2026-08-06,baccarat_bet02_101_all_pairs_incl_sentinel,round_win = game_pnl > 0 (decisive only),COMPATIBILITY_ONLY_NOT_PRODUCTION,4726.3868,4260.9992,168.7826,1339,1197,-0.03571071,-0.04850756,-0.02910476,-0.03571071,-168.7826,4726.3868,OK,0.0000,6.7513,4.0000,96.0000,AG03-UNRESOLVED,ALL5_LEVELS_bet23_to_bet27,6.7513,6.7513,6.7513,6.7513,6.7513,4.000000,4.000000,4.000000,4.000000,4.000000,96.000000,96.000000,96.000000,96.000000,96.000000,5.0,33.7565,31.1619,135.0261,137.6208,PENDING_AG03,FALSE,NOT_FOR_ENFORCEMENT,162.0313,4090.5592,168.7826,162.0313,6.7513,0.03571071,0.03428228,6.7513,162.0313,0.03428228,6.7513,6.7513,6.7513,6.7513,6.7513,162.0313,0.03428228,33.7565,31.1619,135.0261,137.6208,0.02856857,0.02911754,0.00142843,3.5298,3.5597,0.1410,3.6692,0.2905,102.7475,26.0217,3.1802,3.7422,2.0771,4.0878,4.1543,6.1317,6.2314,7.1537,3.1157,-1.022,1.524396,1.75,0.863492,29,159,71,5,0.34046406,0.03571071,0.04850756,0E-8,0.000000,0.901534,0.000000,-0.01940280,2026-05-27,2026-07-31,46,581,334,66,0.696970,0.849821,0.900951,1.134880,,,,,,,,GLOBAL_BASELINE_NO_ENTITY_RANKING,,,NOT_APPLICABLE_GLOBAL_BASELINE,HF9g-P5,,,,X 全窗基线 · 不参与实体赏罚,6878343,688,A168_HF9F_20260827_0900,2026-08-27 09:00:00
2026-06-18,132190460,1151,0,11.4242984442,8.8278669796,8.8278669796,1.0000000,3,2,0.47231337500110207,0.403638725000,1.4948166238984297,1.7189898101856425,1.4948166238984297,0.06867465000110207,ELIGIBLE,R03b_20260811_FULL_v1,L1_ELIGIBILITY,v2026-08-11,2026-03-21..2026-08-06,baccarat_bet02_101_all_pairs_incl_sentinel,round_win = game_pnl > 0 (decisive only),COMPATIBILITY_ONLY_NOT_PRODUCTION,4726.3868,4260.9992,168.7826,1339,1197,-0.03571071,-0.04850756,-0.02910476,-0.03571071,-168.7826,4726.3868,OK,0.0000,6.7513,4.0000,96.0000,AG03-UNRESOLVED,ALL5_LEVELS_bet23_to_bet27,6.7513,6.7513,6.7513,6.7513,6.7513,4.000000,4.000000,4.000000,4.000000,4.000000,96.000000,96.000000,96.000000,96.000000,96.000000,5.0,33.7565,31.1619,135.0261,137.6208,PENDING_AG03,FALSE,NOT_FOR_ENFORCEMENT,162.0313,4090.5592,168.7826,162.0313,6.7513,0.03571071,0.03428228,6.7513,162.0313,0.03428228,6.7513,6.7513,6.7513,6.7513,6.7513,162.0313,0.03428228,33.7565,31.1619,135.0261,137.6208,0.02856857,0.02911754,0.00142843,3.5298,3.5597,0.1410,3.6692,0.2905,102.7475,26.0217,3.1802,3.7422,2.0771,4.0878,4.1543,6.1317,6.2314,7.1537,3.1157,-1.022,1.524396,1.75,0.863492,29,159,71,5,0.34046406,0.03571071,0.04850756,0E-8,0.000000,0.901534,0.000000,-0.01940280,2026-05-27,2026-07-31,46,581,334,66,0.696970,0.849821,0.900951,1.134880,,,,,,,,GLOBAL_BASELINE_NO_ENTITY_RANKING,,,NOT_APPLICABLE_GLOBAL_BASELINE,HF9g-P5,,,,X 全窗基线 · 不参与实体赏罚,6878344,688,A168_HF9F_20260827_0900,2026-08-27 09:00:00
2026-06-18,132190460,1307,0,12.4628710301,-12.4628710301,-12.4628710301,0E-7,3,2,0.45011776249940026,0.400287425000,-1.2795086549705357,-1.1553920997617628,-1.2795086549705357,0.04983033749940026,ELIGIBLE,R03b_20260811_FULL_v1,L1_ELIGIBILITY,v2026-08-11,2026-03-21..2026-08-06,baccarat_bet02_101_all_pairs_incl_sentinel,round_win = game_pnl > 0 (decisive only),COMPATIBILITY_ONLY_NOT_PRODUCTION,4726.3868,4260.9992,168.7826,1339,1197,-0.03571071,-0.04850756,-0.02910476,-0.03571071,-168.7826,4726.3868,OK,0.0000,6.7513,4.0000,96.0000,AG03-UNRESOLVED,ALL5_LEVELS_bet23_to_bet27,6.7513,6.7513,6.7513,6.7513,6.7513,4.000000,4.000000,4.000000,4.000000,4.000000,96.000000,96.000000,96.000000,96.000000,96.000000,5.0,33.7565,31.1619,135.0261,137.6208,PENDING_AG03,FALSE,NOT_FOR_ENFORCEMENT,162.0313,4090.5592,168.7826,162.0313,6.7513,0.03571071,0.03428228,6.7513,162.0313,0.03428228,6.7513,6.7513,6.7513,6.7513,6.7513,162.0313,0.03428228,33.7565,31.1619,135.0261,137.6208,0.02856857,0.02911754,0.00142843,3.5298,3.5597,0.1410,3.6692,0.2905,102.7475,26.0217,3.1802,3.7422,2.0771,4.0878,4.1543,6.1317,6.2314,7.1537,3.1157,-1.022,1.524396,1.75,0.863492,29,159,71,5,0.34046406,0.03571071,0.04850756,0E-8,0.000000,0.901534,0.000000,-0.01940280,2026-05-27,2026-07-31,46,581,334,66,0.696970,0.849821,0.900951,1.134880,,,,,,,,GLOBAL_BASELINE_NO_ENTITY_RANKING,,,NOT_APPLICABLE_GLOBAL_BASELINE,HF9g-P5,,,,X 全窗基线 · 不参与实体赏罚,6878345,688,A168_HF9F_20260827_0900,2026-08-27 09:00:00
2026-06-18,132190460,1325,0,8.5162952039,-0.4154290343,-0.4154290343,0.3333333,3,3,0.50218230000000000,0.502182300000,-0.5849155494134425,-0.5849155494134426,-0.5849155494134425,0E-17,ELIGIBLE,R03b_20260811_FULL_v1,L1_ELIGIBILITY,v2026-08-11,2026-03-21..2026-08-06,baccarat_bet02_101_all_pairs_incl_sentinel,round_win = game_pnl > 0 (decisive only),COMPATIBILITY_ONLY_NOT_PRODUCTION,4726.3868,4260.9992,168.7826,1339,1197,-0.03571071,-0.04850756,-0.02910476,-0.03571071,-168.7826,4726.3868,OK,0.0000,6.7513,4.0000,96.0000,AG03-UNRESOLVED,ALL5_LEVELS_bet23_to_bet27,6.7513,6.7513,6.7513,6.7513,6.7513,4.000000,4.000000,4.000000,4.000000,4.000000,96.000000,96.000000,96.000000,96.000000,96.000000,5.0,33.7565,31.1619,135.0261,137.6208,PENDING_AG03,FALSE,NOT_FOR_ENFORCEMENT,162.0313,4090.5592,168.7826,162.0313,6.7513,0.03571071,0.03428228,6.7513,162.0313,0.03428228,6.7513,6.7513,6.7513,6.7513,6.7513,162.0313,0.03428228,33.7565,31.1619,135.0261,137.6208,0.02856857,0.02911754,0.00142843,3.5298,3.5597,0.1410,3.6692,0.2905,102.7475,26.0217,3.1802,3.7422,2.0771,4.0878,4.1543,6.1317,6.2314,7.1537,3.1157,-1.022,1.524396,1.75,0.863492,29,159,71,5,0.34046406,0.03571071,0.04850756,0E-8,0.000000,0.901534,0.000000,-0.01940280,2026-05-27,2026-07-31,46,581,334,66,0.696970,0.849821,0.900951,1.134880,,,,,,,,GLOBAL_BASELINE_NO_ENTITY_RANKING,,,NOT_APPLICABLE_GLOBAL_BASELINE,HF9g-P5,,,,X 全窗基线 · 不参与实体赏罚,6878346,688,A168_HF9F_20260827_0900,2026-08-27 09:00:00
2026-06-18,132190460,1396,0,4.1542903434,-4.1542903434,-4.1542903434,0E-7,1,1,0.49324550000000000,0.493245500000,-0.9865810262130424,-0.9865810262130424,-0.9865810262130424,0E-17,ELIGIBLE,R03b_20260811_FULL_v1,L1_ELIGIBILITY,v2026-08-11,2026-03-21..2026-08-06,baccarat_bet02_101_all_pairs_incl_sentinel,round_win = game_pnl > 0 (decisive only),COMPATIBILITY_ONLY_NOT_PRODUCTION,4726.3868,4260.9992,168.7826,1339,1197,-0.03571071,-0.04850756,-0.02910476,-0.03571071,-168.7826,4726.3868,OK,0.0000,6.7513,4.0000,96.0000,AG03-UNRESOLVED,ALL5_LEVELS_bet23_to_bet27,6.7513,6.7513,6.7513,6.7513,6.7513,4.000000,4.000000,4.000000,4.000000,4.000000,96.000000,96.000000,96.000000,96.000000,96.000000,5.0,33.7565,31.1619,135.0261,137.6208,PENDING_AG03,FALSE,NOT_FOR_ENFORCEMENT,162.0313,4090.5592,168.7826,162.0313,6.7513,0.03571071,0.03428228,6.7513,162.0313,0.03428228,6.7513,6.7513,6.7513,6.7513,6.7513,162.0313,0.03428228,33.7565,31.1619,135.0261,137.6208,0.02856857,0.02911754,0.00142843,3.5298,3.5597,0.1410,3.6692,0.2905,102.7475,26.0217,3.1802,3.7422,2.0771,4.0878,4.1543,6.1317,6.2314,7.1537,3.1157,-1.022,1.524396,1.75,0.863492,29,159,71,5,0.34046406,0.03571071,0.04850756,0E-8,0.000000,0.901534,0.000000,-0.01940280,2026-05-27,2026-07-31,46,581,334,66,0.696970,0.849821,0.900951,1.134880,,,,,,,,GLOBAL_BASELINE_NO_ENTITY_RANKING,,,NOT_APPLICABLE_GLOBAL_BASELINE,HF9g-P5,,,,X 全窗基线 · 不参与实体赏罚,6878347,688,A168_HF9F_20260827_0900,2026-08-27 09:00:00
2026-06-18,132190460,1402,0,14.5400162018,8.1008661696,8.1008661696,1.0000000,3,3,0.50218230000000000,0.502182300000,1.4080544974538591,1.4080544974538591,1.4080544974538591,0E-17,ELIGIBLE,R03b_20260811_FULL_v1,L1_ELIGIBILITY,v2026-08-11,2026-03-21..2026-08-06,baccarat_bet02_101_all_pairs_incl_sentinel,round_win = game_pnl > 0 (decisive only),COMPATIBILITY_ONLY_NOT_PRODUCTION,4726.3868,4260.9992,168.7826,1339,1197,-0.03571071,-0.04850756,-0.02910476,-0.03571071,-168.7826,4726.3868,OK,0.0000,6.7513,4.0000,96.0000,AG03-UNRESOLVED,ALL5_LEVELS_bet23_to_bet27,6.7513,6.7513,6.7513,6.7513,6.7513,4.000000,4.000000,4.000000,4.000000,4.000000,96.000000,96.000000,96.000000,96.000000,96.000000,5.0,33.7565,31.1619,135.0261,137.6208,PENDING_AG03,FALSE,NOT_FOR_ENFORCEMENT,162.0313,4090.5592,168.7826,162.0313,6.7513,0.03571071,0.03428228,6.7513,162.0313,0.03428228,6.7513,6.7513,6.7513,6.7513,6.7513,162.0313,0.03428228,33.7565,31.1619,135.0261,137.6208,0.02856857,0.02911754,0.00142843,3.5298,3.5597,0.1410,3.6692,0.2905,102.7475,26.0217,3.1802,3.7422,2.0771,4.0878,4.1543,6.1317,6.2314,7.1537,3.1157,-1.022,1.524396,1.75,0.863492,29,159,71,5,0.34046406,0.03571071,0.04850756,0E-8,0.000000,0.901534,0.000000,-0.01940280,2026-05-27,2026-07-31,46,581,334,66,0.696970,0.849821,0.900951,1.134880,,,,,,,,GLOBAL_BASELINE_NO_ENTITY_RANKING,,,NOT_APPLICABLE_GLOBAL_BASELINE,HF9g-P5,,,,X 全窗基线 · 不参与实体赏罚,6878348,688,A168_HF9F_20260827_0900,2026-08-27 09:00:00
2026-06-18,132190460,1485,0,13.0860145815,10.4064973102,10.4064973102,1.0000000,3,2,0.47721870714366683,0.403638725000,1.480185982688959,1.7189898101856425,1.480185982688959,0.07357998214366683,ELIGIBLE,R03b_20260811_FULL_v1,L1_ELIGIBILITY,v2026-08-11,2026-03-21..2026-08-06,baccarat_bet02_101_all_pairs_incl_sentinel,round_win = game_pnl > 0 (decisive only),COMPATIBILITY_ONLY_NOT_PRODUCTION,4726.3868,4260.9992,168.7826,1339,1197,-0.03571071,-0.04850756,-0.02910476,-0.03571071,-168.7826,4726.3868,OK,0.0000,6.7513,4.0000,96.0000,AG03-UNRESOLVED,ALL5_LEVELS_bet23_to_bet27,6.7513,6.7513,6.7513,6.7513,6.7513,4.000000,4.000000,4.000000,4.000000,4.000000,96.000000,96.000000,96.000000,96.000000,96.000000,5.0,33.7565,31.1619,135.0261,137.6208,PENDING_AG03,FALSE,NOT_FOR_ENFORCEMENT,162.0313,4090.5592,168.7826,162.0313,6.7513,0.03571071,0.03428228,6.7513,162.0313,0.03428228,6.7513,6.7513,6.7513,6.7513,6.7513,162.0313,0.03428228,33.7565,31.1619,135.0261,137.6208,0.02856857,0.02911754,0.00142843,3.5298,3.5597,0.1410,3.6692,0.2905,102.7475,26.0217,3.1802,3.7422,2.0771,4.0878,4.1543,6.1317,6.2314,7.1537,3.1157,-1.022,1.524396,1.75,0.863492,29,159,71,5,0.34046406,0.03571071,0.04850756,0E-8,0.000000,0.901534,0.000000,-0.01940280,2026-05-27,2026-07-31,46,581,334,66,0.696970,0.849821,0.900951,1.134880,,,,,,,,GLOBAL_BASELINE_NO_ENTITY_RANKING,,,NOT_APPLICABLE_GLOBAL_BASELINE,HF9g-P5,,,,X 全窗基线 · 不参与实体赏罚,6878349,688,A168_HF9F_20260827_0900,2026-08-27 09:00:00
2026-06-18,132190460,1704,0,13.2937290988,13.2937290988,13.2937290988,1.0000000,3,3,0.49324550000000000,0.493245500000,1.755609282511032,1.7556092825110319,1.755609282511032,0E-17,ELIGIBLE,R03b_20260811_FULL_v1,L1_ELIGIBILITY,v2026-08-11,2026-03-21..2026-08-06,baccarat_bet02_101_all_pairs_incl_sentinel,round_win = game_pnl > 0 (decisive only),COMPATIBILITY_ONLY_NOT_PRODUCTION,4726.3868,4260.9992,168.7826,1339,1197,-0.03571071,-0.04850756,-0.02910476,-0.03571071,-168.7826,4726.3868,OK,0.0000,6.7513,4.0000,96.0000,AG03-UNRESOLVED,ALL5_LEVELS_bet23_to_bet27,6.7513,6.7513,6.7513,6.7513,6.7513,4.000000,4.000000,4.000000,4.000000,4.000000,96.000000,96.000000,96.000000,96.000000,96.000000,5.0,33.7565,31.1619,135.0261,137.6208,PENDING_AG03,FALSE,NOT_FOR_ENFORCEMENT,162.0313,4090.5592,168.7826,162.0313,6.7513,0.03571071,0.03428228,6.7513,162.0313,0.03428228,6.7513,6.7513,6.7513,6.7513,6.7513,162.0313,0.03428228,33.7565,31.1619,135.0261,137.6208,0.02856857,0.02911754,0.00142843,3.5298,3.5597,0.1410,3.6692,0.2905,102.7475,26.0217,3.1802,3.7422,2.0771,4.0878,4.1543,6.1317,6.2314,7.1537,3.1157,-1.022,1.524396,1.75,0.863492,29,159,71,5,0.34046406,0.03571071,0.04850756,0E-8,0.000000,0.901534,0.000000,-0.01940280,2026-05-27,2026-07-31,46,581,334,66,0.696970,0.849821,0.900951,1.134880,,,,,,,,GLOBAL_BASELINE_NO_ENTITY_RANKING,,,NOT_APPLICABLE_GLOBAL_BASELINE,HF9g-P5,,,,X 全窗基线 · 不参与实体赏罚,6878350,688,A168_HF9F_20260827_0900,2026-08-27 09:00:00
2026-06-18,132190460,2088,0,2.0771451717,2.0771451717,2.0771451717,1.0000000,1,1,0.49324550000000000,0.493245500000,1.01360149184955,1.01360149184955,1.01360149184955,0E-17,ELIGIBLE,R03b_20260811_FULL_v1,L1_ELIGIBILITY,v2026-08-11,2026-03-21..2026-08-06,baccarat_bet02_101_all_pairs_incl_sentinel,round_win = game_pnl > 0 (decisive only),COMPATIBILITY_ONLY_NOT_PRODUCTION,4726.3868,4260.9992,168.7826,1339,1197,-0.03571071,-0.04850756,-0.02910476,-0.03571071,-168.7826,4726.3868,OK,0.0000,6.7513,4.0000,96.0000,AG03-UNRESOLVED,ALL5_LEVELS_bet23_to_bet27,6.7513,6.7513,6.7513,6.7513,6.7513,4.000000,4.000000,4.000000,4.000000,4.000000,96.000000,96.000000,96.000000,96.000000,96.000000,5.0,33.7565,31.1619,135.0261,137.6208,PENDING_AG03,FALSE,NOT_FOR_ENFORCEMENT,162.0313,4090.5592,168.7826,162.0313,6.7513,0.03571071,0.03428228,6.7513,162.0313,0.03428228,6.7513,6.7513,6.7513,6.7513,6.7513,162.0313,0.03428228,33.7565,31.1619,135.0261,137.6208,0.02856857,0.02911754,0.00142843,3.5298,3.5597,0.1410,3.6692,0.2905,102.7475,26.0217,3.1802,3.7422,2.0771,4.0878,4.1543,6.1317,6.2314,7.1537,3.1157,-1.022,1.524396,1.75,0.863492,29,159,71,5,0.34046406,0.03571071,0.04850756,0E-8,0.000000,0.901534,0.000000,-0.01940280,2026-05-27,2026-07-31,46,581,334,66,0.696970,0.849821,0.900951,1.134880,,,,,,,,GLOBAL_BASELINE_NO_ENTITY_RANKING,,,NOT_APPLICABLE_GLOBAL_BASELINE,HF9g-P5,,,,X 全窗基线 · 不参与实体赏罚,6878351,688,A168_HF9F_20260827_0900,2026-08-27 09:00:00
2026-06-18,132190460,2103,0,2.2848596888,0E-10,0E-10,,1,1,0.49324550000000000,0.493245500000,,,,0E-17,NO_DECISIVE_ROUND,R03b_20260811_FULL_v1,L1_ELIGIBILITY,v2026-08-11,2026-03-21..2026-08-06,baccarat_bet02_101_all_pairs_incl_sentinel,round_win = game_pnl > 0 (decisive only),COMPATIBILITY_ONLY_NOT_PRODUCTION,4726.3868,4260.9992,168.7826,1339,1197,-0.03571071,-0.04850756,-0.02910476,-0.03571071,-168.7826,4726.3868,OK,0.0000,6.7513,4.0000,96.0000,AG03-UNRESOLVED,ALL5_LEVELS_bet23_to_bet27,6.7513,6.7513,6.7513,6.7513,6.7513,4.000000,4.000000,4.000000,4.000000,4.000000,96.000000,96.000000,96.000000,96.000000,96.000000,5.0,33.7565,31.1619,135.0261,137.6208,PENDING_AG03,FALSE,NOT_FOR_ENFORCEMENT,162.0313,4090.5592,168.7826,162.0313,6.7513,0.03571071,0.03428228,6.7513,162.0313,0.03428228,6.7513,6.7513,6.7513,6.7513,6.7513,162.0313,0.03428228,33.7565,31.1619,135.0261,137.6208,0.02856857,0.02911754,0.00142843,3.5298,3.5597,0.1410,3.6692,0.2905,102.7475,26.0217,3.1802,3.7422,2.0771,4.0878,4.1543,6.1317,6.2314,7.1537,3.1157,-1.022,1.524396,1.75,0.863492,29,159,71,5,0.34046406,0.03571071,0.04850756,0E-8,0.000000,0.901534,0.000000,-0.01940280,2026-05-27,2026-07-31,46,581,334,66,0.696970,0.849821,0.900951,1.134880,,,,,,,,GLOBAL_BASELINE_NO_ENTITY_RANKING,,,NOT_APPLICABLE_GLOBAL_BASELINE,HF9g-P5,,,,X 全窗基线 · 不参与实体赏罚,6878352,688,A168_HF9F_20260827_0900,2026-08-27 09:00:00
2026-06-18,132190460,2233,0,6.2314355150,-6.2314355150,-6.2314355150,0E-7,1,1,0.49324550000000000,0.493245500000,-0.9865810262130424,-0.9865810262130424,-0.9865810262130424,0E-17,ELIGIBLE,R03b_20260811_FULL_v1,L1_ELIGIBILITY,v2026-08-11,2026-03-21..2026-08-06,baccarat_bet02_101_all_pairs_incl_sentinel,round_win = game_pnl > 0 (decisive only),COMPATIBILITY_ONLY_NOT_PRODUCTION,4726.3868,4260.9992,168.7826,1339,1197,-0.03571071,-0.04850756,-0.02910476,-0.03571071,-168.7826,4726.3868,OK,0.0000,6.7513,4.0000,96.0000,AG03-UNRESOLVED,ALL5_LEVELS_bet23_to_bet27,6.7513,6.7513,6.7513,6.7513,6.7513,4.000000,4.000000,4.000000,4.000000,4.000000,96.000000,96.000000,96.000000,96.000000,96.000000,5.0,33.7565,31.1619,135.0261,137.6208,PENDING_AG03,FALSE,NOT_FOR_ENFORCEMENT,162.0313,4090.5592,168.7826,162.0313,6.7513,0.03571071,0.03428228,6.7513,162.0313,0.03428228,6.7513,6.7513,6.7513,6.7513,6.7513,162.0313,0.03428228,33.7565,31.1619,135.0261,137.6208,0.02856857,0.02911754,0.00142843,3.5298,3.5597,0.1410,3.6692,0.2905,102.7475,26.0217,3.1802,3.7422,2.0771,4.0878,4.1543,6.1317,6.2314,7.1537,3.1157,-1.022,1.524396,1.75,0.863492,29,159,71,5,0.34046406,0.03571071,0.04850756,0E-8,0.000000,0.901534,0.000000,-0.01940280,2026-05-27,2026-07-31,46,581,334,66,0.696970,0.849821,0.900951,1.134880,,,,,,,,GLOBAL_BASELINE_NO_ENTITY_RANKING,,,NOT_APPLICABLE_GLOBAL_BASELINE,HF9g-P5,,,,X 全窗基线 · 不参与实体赏罚,6878353,688,A168_HF9F_20260827_0900,2026-08-27 09:00:00
2026-06-18,132190460,2251,0,4.1542903434,-4.1542903434,-4.1542903434,0E-7,1,1,0.49324550000000000,0.493245500000,-0.9865810262130424,-0.9865810262130424,-0.9865810262130424,0E-17,ELIGIBLE,R03b_20260811_FULL_v1,L1_ELIGIBILITY,v2026-08-11,2026-03-21..2026-08-06,baccarat_bet02_101_all_pairs_incl_sentinel,round_win = game_pnl > 0 (decisive only),COMPATIBILITY_ONLY_NOT_PRODUCTION,4726.3868,4260.9992,168.7826,1339,1197,-0.03571071,-0.04850756,-0.02910476,-0.03571071,-168.7826,4726.3868,OK,0.0000,6.7513,4.0000,96.0000,AG03-UNRESOLVED,ALL5_LEVELS_bet23_to_bet27,6.7513,6.7513,6.7513,6.7513,6.7513,4.000000,4.000000,4.000000,4.000000,4.000000,96.000000,96.000000,96.000000,96.000000,96.000000,5.0,33.7565,31.1619,135.0261,137.6208,PENDING_AG03,FALSE,NOT_FOR_ENFORCEMENT,162.0313,4090.5592,168.7826,162.0313,6.7513,0.03571071,0.03428228,6.7513,162.0313,0.03428228,6.7513,6.7513,6.7513,6.7513,6.7513,162.0313,0.03428228,33.7565,31.1619,135.0261,137.6208,0.02856857,0.02911754,0.00142843,3.5298,3.5597,0.1410,3.6692,0.2905,102.7475,26.0217,3.1802,3.7422,2.0771,4.0878,4.1543,6.1317,6.2314,7.1537,3.1157,-1.022,1.524396,1.75,0.863492,29,159,71,5,0.34046406,0.03571071,0.04850756,0E-8,0.000000,0.901534,0.000000,-0.01940280,2026-05-27,2026-07-31,46,581,334,66,0.696970,0.849821,0.900951,1.134880,,,,,,,,GLOBAL_BASELINE_NO_ENTITY_RANKING,,,NOT_APPLICABLE_GLOBAL_BASELINE,HF9g-P5,,,,X 全窗基线 · 不参与实体赏罚,6878354,688,A168_HF9F_20260827_0900,2026-08-27 09:00:00
2026-06-18,132190460,948,0,6.2314355150,4.1542903434,4.1542903434,1.0000000,2,1,0.42680505000213243,0.293924150000,1.1588744902286914,1.549915577879723,1.1588744902286914,0.13288090000213243,ELIGIBLE,R03b_20260811_FULL_v1,L1_ELIGIBILITY,v2026-08-11,2026-03-21..2026-08-06,baccarat_bet02_101_all_pairs_incl_sentinel,round_win = game_pnl > 0 (decisive only),COMPATIBILITY_ONLY_NOT_PRODUCTION,4726.3868,4260.9992,168.7826,1339,1197,-0.03571071,-0.04850756,-0.02910476,-0.03571071,-168.7826,4726.3868,OK,0.0000,6.7513,4.0000,96.0000,AG03-UNRESOLVED,ALL5_LEVELS_bet23_to_bet27,6.7513,6.7513,6.7513,6.7513,6.7513,4.000000,4.000000,4.000000,4.000000,4.000000,96.000000,96.000000,96.000000,96.000000,96.000000,5.0,33.7565,31.1619,135.0261,137.6208,PENDING_AG03,FALSE,NOT_FOR_ENFORCEMENT,162.0313,4090.5592,168.7826,162.0313,6.7513,0.03571071,0.03428228,6.7513,162.0313,0.03428228,6.7513,6.7513,6.7513,6.7513,6.7513,162.0313,0.03428228,33.7565,31.1619,135.0261,137.6208,0.02856857,0.02911754,0.00142843,3.5298,3.5597,0.1410,3.6692,0.2905,102.7475,26.0217,3.1802,3.7422,2.0771,4.0878,4.1543,6.1317,6.2314,7.1537,3.1157,-1.022,1.524396,1.75,0.863492,29,159,71,5,0.34046406,0.03571071,0.04850756,0E-8,0.000000,0.901534,0.000000,-0.01940280,2026-05-27,2026-07-31,46,581,334,66,0.696970,0.849821,0.900951,1.134880,,,,,,,,GLOBAL_BASELINE_NO_ENTITY_RANKING,,,NOT_APPLICABLE_GLOBAL_BASELINE,HF9g-P5,,,,X 全窗基线 · 不参与实体赏罚,6878355,688,A168_HF9F_20260827_0900,2026-08-27 09:00:00
2026-06-18,132190460,994,0,5.1928629292,-5.1928629292,-5.1928629292,0E-7,1,1,0.49324550000000000,0.493245500000,-0.9865810262130424,-0.9865810262130424,-0.9865810262130424,0E-17,ELIGIBLE,R03b_20260811_FULL_v1,L1_ELIGIBILITY,v2026-08-11,2026-03-21..2026-08-06,baccarat_bet02_101_all_pairs_incl_sentinel,round_win = game_pnl > 0 (decisive only),COMPATIBILITY_ONLY_NOT_PRODUCTION,4726.3868,4260.9992,168.7826,1339,1197,-0.03571071,-0.04850756,-0.02910476,-0.03571071,-168.7826,4726.3868,OK,0.0000,6.7513,4.0000,96.0000,AG03-UNRESOLVED,ALL5_LEVELS_bet23_to_bet27,6.7513,6.7513,6.7513,6.7513,6.7513,4.000000,4.000000,4.000000,4.000000,4.000000,96.000000,96.000000,96.000000,96.000000,96.000000,5.0,33.7565,31.1619,135.0261,137.6208,PENDING_AG03,FALSE,NOT_FOR_ENFORCEMENT,162.0313,4090.5592,168.7826,162.0313,6.7513,0.03571071,0.03428228,6.7513,162.0313,0.03428228,6.7513,6.7513,6.7513,6.7513,6.7513,162.0313,0.03428228,33.7565,31.1619,135.0261,137.6208,0.02856857,0.02911754,0.00142843,3.5298,3.5597,0.1410,3.6692,0.2905,102.7475,26.0217,3.1802,3.7422,2.0771,4.0878,4.1543,6.1317,6.2314,7.1537,3.1157,-1.022,1.524396,1.75,0.863492,29,159,71,5,0.34046406,0.03571071,0.04850756,0E-8,0.000000,0.901534,0.000000,-0.01940280,2026-05-27,2026-07-31,46,581,334,66,0.696970,0.849821,0.900951,1.134880,,,,,,,,GLOBAL_BASELINE_NO_ENTITY_RANKING,,,NOT_APPLICABLE_GLOBAL_BASELINE,HF9g-P5,,,,X 全窗基线 · 不参与实体赏罚,6878356,688,A168_HF9F_20260827_0900,2026-08-27 09:00:00
2026-06-19,132190460,-1,1,113.8275554079,-12.0162848178,-12.0162848178,0.5000000,22,22,0.49933877272727273,0.499338772727,0.006202867065706238,0.0062028670682646786,0.006202867065706238,2.7273E-13,SENTINEL_DEALER,R03b_20260811_FULL_v1,L1_ELIGIBILITY,v2026-08-11,2026-03-21..2026-08-06,baccarat_bet02_101_all_pairs_incl_sentinel,round_win = game_pnl > 0 (decisive only),COMPATIBILITY_ONLY_NOT_PRODUCTION,4726.3868,4260.9992,168.7826,1339,1197,-0.03571071,-0.04850756,-0.02910476,-0.03571071,-168.7826,4726.3868,OK,0.0000,6.7513,4.0000,96.0000,AG03-UNRESOLVED,ALL5_LEVELS_bet23_to_bet27,6.7513,6.7513,6.7513,6.7513,6.7513,4.000000,4.000000,4.000000,4.000000,4.000000,96.000000,96.000000,96.000000,96.000000,96.000000,5.0,33.7565,31.1619,135.0261,137.6208,PENDING_AG03,FALSE,NOT_FOR_ENFORCEMENT,162.0313,4090.5592,168.7826,162.0313,6.7513,0.03571071,0.03428228,6.7513,162.0313,0.03428228,6.7513,6.7513,6.7513,6.7513,6.7513,162.0313,0.03428228,33.7565,31.1619,135.0261,137.6208,0.02856857,0.02911754,0.00142843,3.5298,3.5597,0.1410,3.6692,0.2905,102.7475,26.0217,3.1802,3.7422,2.0771,4.0878,4.1543,6.1317,6.2314,7.1537,3.1157,-1.022,1.524396,1.75,0.863492,29,159,71,5,0.34046406,0.03571071,0.04850756,0E-8,0.000000,0.901534,0.000000,-0.01940280,2026-05-27,2026-07-31,46,581,334,66,0.696970,0.849821,0.900951,1.134880,,,,,,,,GLOBAL_BASELINE_NO_ENTITY_RANKING,,,NOT_APPLICABLE_GLOBAL_BASELINE,HF9g-P5,,,,X 全窗基线 · 不参与实体赏罚,6878357,688,A168_HF9F_20260827_0900,2026-08-27 09:00:00
2026-06-19,132190460,1004,0,16.6171613734,-0.3115717757,-0.3115717757,0.5000000,3,3,0.50218230000000000,0.502182300000,-0.00617253530718887,-0.00617253530718887,-0.00617253530718887,0E-17,ELIGIBLE,R03b_20260811_FULL_v1,L1_ELIGIBILITY,v2026-08-11,2026-03-21..2026-08-06,baccarat_bet02_101_all_pairs_incl_sentinel,round_win = game_pnl > 0 (decisive only),COMPATIBILITY_ONLY_NOT_PRODUCTION,4726.3868,4260.9992,168.7826,1339,1197,-0.03571071,-0.04850756,-0.02910476,-0.03571071,-168.7826,4726.3868,OK,0.0000,6.7513,4.0000,96.0000,AG03-UNRESOLVED,ALL5_LEVELS_bet23_to_bet27,6.7513,6.7513,6.7513,6.7513,6.7513,4.000000,4.000000,4.000000,4.000000,4.000000,96.000000,96.000000,96.000000,96.000000,96.000000,5.0,33.7565,31.1619,135.0261,137.6208,PENDING_AG03,FALSE,NOT_FOR_ENFORCEMENT,162.0313,4090.5592,168.7826,162.0313,6.7513,0.03571071,0.03428228,6.7513,162.0313,0.03428228,6.7513,6.7513,6.7513,6.7513,6.7513,162.0313,0.03428228,33.7565,31.1619,135.0261,137.6208,0.02856857,0.02911754,0.00142843,3.5298,3.5597,0.1410,3.6692,0.2905,102.7475,26.0217,3.1802,3.7422,2.0771,4.0878,4.1543,6.1317,6.2314,7.1537,3.1157,-1.022,1.524396,1.75,0.863492,29,159,71,5,0.34046406,0.03571071,0.04850756,0E-8,0.000000,0.901534,0.000000,-0.01940280,2026-05-27,2026-07-31,46,581,334,66,0.696970,0.849821,0.900951,1.134880,,,,,,,,GLOBAL_BASELINE_NO_ENTITY_RANKING,,,NOT_APPLICABLE_GLOBAL_BASELINE,HF9g-P5,,,,X 全窗基线 · 不参与实体赏罚,6878358,688,A168_HF9F_20260827_0900,2026-08-27 09:00:00
2026-06-19,132190460,1109,0,6.2314355150,0E-10,0E-10,,1,1,0.50665070000000000,0.506650700000,,,,0E-17,NO_DECISIVE_ROUND,R03b_20260811_FULL_v1,L1_ELIGIBILITY,v2026-08-11,2026-03-21..2026-08-06,baccarat_bet02_101_all_pairs_incl_sentinel,round_win = game_pnl > 0 (decisive only),COMPATIBILITY_ONLY_NOT_PRODUCTION,4726.3868,4260.9992,168.7826,1339,1197,-0.03571071,-0.04850756,-0.02910476,-0.03571071,-168.7826,4726.3868,OK,0.0000,6.7513,4.0000,96.0000,AG03-UNRESOLVED,ALL5_LEVELS_bet23_to_bet27,6.7513,6.7513,6.7513,6.7513,6.7513,4.000000,4.000000,4.000000,4.000000,4.000000,96.000000,96.000000,96.000000,96.000000,96.000000,5.0,33.7565,31.1619,135.0261,137.6208,PENDING_AG03,FALSE,NOT_FOR_ENFORCEMENT,162.0313,4090.5592,168.7826,162.0313,6.7513,0.03571071,0.03428228,6.7513,162.0313,0.03428228,6.7513,6.7513,6.7513,6.7513,6.7513,162.0313,0.03428228,33.7565,31.1619,135.0261,137.6208,0.02856857,0.02911754,0.00142843,3.5298,3.5597,0.1410,3.6692,0.2905,102.7475,26.0217,3.1802,3.7422,2.0771,4.0878,4.1543,6.1317,6.2314,7.1537,3.1157,-1.022,1.524396,1.75,0.863492,29,159,71,5,0.34046406,0.03571071,0.04850756,0E-8,0.000000,0.901534,0.000000,-0.01940280,2026-05-27,2026-07-31,46,581,334,66,0.696970,0.849821,0.900951,1.134880,,,,,,,,GLOBAL_BASELINE_NO_ENTITY_RANKING,,,NOT_APPLICABLE_GLOBAL_BASELINE,HF9g-P5,,,,X 全窗基线 · 不参与实体赏罚,6878359,688,A168_HF9F_20260827_0900,2026-08-27 09:00:00
2026-06-19,132190460,1205,0,14.5400162017,-2.3887169474,-2.3887169474,0.5000000,2,2,0.49994810000000000,0.499948100000,0.00014679536856514622,0.00014679536856514622,0.00014679536856514622,0E-17,ELIGIBLE,R03b_20260811_FULL_v1,L1_ELIGIBILITY,v2026-08-11,2026-03-21..2026-08-06,baccarat_bet02_101_all_pairs_incl_sentinel,round_win = game_pnl > 0 (decisive only),COMPATIBILITY_ONLY_NOT_PRODUCTION,4726.3868,4260.9992,168.7826,1339,1197,-0.03571071,-0.04850756,-0.02910476,-0.03571071,-168.7826,4726.3868,OK,0.0000,6.7513,4.0000,96.0000,AG03-UNRESOLVED,ALL5_LEVELS_bet23_to_bet27,6.7513,6.7513,6.7513,6.7513,6.7513,4.000000,4.000000,4.000000,4.000000,4.000000,96.000000,96.000000,96.000000,96.000000,96.000000,5.0,33.7565,31.1619,135.0261,137.6208,PENDING_AG03,FALSE,NOT_FOR_ENFORCEMENT,162.0313,4090.5592,168.7826,162.0313,6.7513,0.03571071,0.03428228,6.7513,162.0313,0.03428228,6.7513,6.7513,6.7513,6.7513,6.7513,162.0313,0.03428228,33.7565,31.1619,135.0261,137.6208,0.02856857,0.02911754,0.00142843,3.5298,3.5597,0.1410,3.6692,0.2905,102.7475,26.0217,3.1802,3.7422,2.0771,4.0878,4.1543,6.1317,6.2314,7.1537,3.1157,-1.022,1.524396,1.75,0.863492,29,159,71,5,0.34046406,0.03571071,0.04850756,0E-8,0.000000,0.901534,0.000000,-0.01940280,2026-05-27,2026-07-31,46,581,334,66,0.696970,0.849821,0.900951,1.134880,,,,,,,,GLOBAL_BASELINE_NO_ENTITY_RANKING,,,NOT_APPLICABLE_GLOBAL_BASELINE,HF9g-P5,,,,X 全窗基线 · 不参与实体赏罚,6878360,688,A168_HF9F_20260827_0900,2026-08-27 09:00:00
2026-06-19,132190460,1221,0,10.3857258584,10.0741540827,10.0741540827,1.0000000,2,2,0.49994810000000000,0.499948100000,1.4143603653603398,1.4143603653603398,1.4143603653603398,0E-17,ELIGIBLE,R03b_20260811_FULL_v1,L1_ELIGIBILITY,v2026-08-11,2026-03-21..2026-08-06,baccarat_bet02_101_all_pairs_incl_sentinel,round_win = game_pnl > 0 (decisive only),COMPATIBILITY_ONLY_NOT_PRODUCTION,4726.3868,4260.9992,168.7826,1339,1197,-0.03571071,-0.04850756,-0.02910476,-0.03571071,-168.7826,4726.3868,OK,0.0000,6.7513,4.0000,96.0000,AG03-UNRESOLVED,ALL5_LEVELS_bet23_to_bet27,6.7513,6.7513,6.7513,6.7513,6.7513,4.000000,4.000000,4.000000,4.000000,4.000000,96.000000,96.000000,96.000000,96.000000,96.000000,5.0,33.7565,31.1619,135.0261,137.6208,PENDING_AG03,FALSE,NOT_FOR_ENFORCEMENT,162.0313,4090.5592,168.7826,162.0313,6.7513,0.03571071,0.03428228,6.7513,162.0313,0.03428228,6.7513,6.7513,6.7513,6.7513,6.7513,162.0313,0.03428228,33.7565,31.1619,135.0261,137.6208,0.02856857,0.02911754,0.00142843,3.5298,3.5597,0.1410,3.6692,0.2905,102.7475,26.0217,3.1802,3.7422,2.0771,4.0878,4.1543,6.1317,6.2314,7.1537,3.1157,-1.022,1.524396,1.75,0.863492,29,159,71,5,0.34046406,0.03571071,0.04850756,0E-8,0.000000,0.901534,0.000000,-0.01940280,2026-05-27,2026-07-31,46,581,334,66,0.696970,0.849821,0.900951,1.134880,,,,,,,,GLOBAL_BASELINE_NO_ENTITY_RANKING,,,NOT_APPLICABLE_GLOBAL_BASELINE,HF9g-P5,,,,X 全窗基线 · 不参与实体赏罚,6878361,688,A168_HF9F_20260827_0900,2026-08-27 09:00:00
2026-06-19,132190460,1306,0,16.6171613734,-4.1542903434,-4.1542903434,0.3333333,3,3,0.50218230000000000,0.502182300000,-0.5849155494134425,-0.5849155494134426,-0.5849155494134425,0E-17,ELIGIBLE,R03b_20260811_FULL_v1,L1_ELIGIBILITY,v2026-08-11,2026-03-21..2026-08-06,baccarat_bet02_101_all_pairs_incl_sentinel,round_win = game_pnl > 0 (decisive only),COMPATIBILITY_ONLY_NOT_PRODUCTION,4726.3868,4260.9992,168.7826,1339,1197,-0.03571071,-0.04850756,-0.02910476,-0.03571071,-168.7826,4726.3868,OK,0.0000,6.7513,4.0000,96.0000,AG03-UNRESOLVED,ALL5_LEVELS_bet23_to_bet27,6.7513,6.7513,6.7513,6.7513,6.7513,4.000000,4.000000,4.000000,4.000000,4.000000,96.000000,96.000000,96.000000,96.000000,96.000000,5.0,33.7565,31.1619,135.0261,137.6208,PENDING_AG03,FALSE,NOT_FOR_ENFORCEMENT,162.0313,4090.5592,168.7826,162.0313,6.7513,0.03571071,0.03428228,6.7513,162.0313,0.03428228,6.7513,6.7513,6.7513,6.7513,6.7513,162.0313,0.03428228,33.7565,31.1619,135.0261,137.6208,0.02856857,0.02911754,0.00142843,3.5298,3.5597,0.1410,3.6692,0.2905,102.7475,26.0217,3.1802,3.7422,2.0771,4.0878,4.1543,6.1317,6.2314,7.1537,3.1157,-1.022,1.524396,1.75,0.863492,29,159,71,5,0.34046406,0.03571071,0.04850756,0E-8,0.000000,0.901534,0.000000,-0.01940280,2026-05-27,2026-07-31,46,581,334,66,0.696970,0.849821,0.900951,1.134880,,,,,,,,GLOBAL_BASELINE_NO_ENTITY_RANKING,,,NOT_APPLICABLE_GLOBAL_BASELINE,HF9g-P5,,,,X 全窗基线 · 不参与实体赏罚,6878362,688,A168_HF9F_20260827_0900,2026-08-27 09:00:00
2026-06-19,132190460,1307,0,11.2165839270,-1.2462871030,-1.2462871030,0.5000000,2,2,0.49324550000000000,0.493245500000,0.01910635448239258,0.01910635448239258,0.01910635448239258,0E-17,ELIGIBLE,R03b_20260811_FULL_v1,L1_ELIGIBILITY,v2026-08-11,2026-03-21..2026-08-06,baccarat_bet02_101_all_pairs_incl_sentinel,round_win = game_pnl > 0 (decisive only),COMPATIBILITY_ONLY_NOT_PRODUCTION,4726.3868,4260.9992,168.7826,1339,1197,-0.03571071,-0.04850756,-0.02910476,-0.03571071,-168.7826,4726.3868,OK,0.0000,6.7513,4.0000,96.0000,AG03-UNRESOLVED,ALL5_LEVELS_bet23_to_bet27,6.7513,6.7513,6.7513,6.7513,6.7513,4.000000,4.000000,4.000000,4.000000,4.000000,96.000000,96.000000,96.000000,96.000000,96.000000,5.0,33.7565,31.1619,135.0261,137.6208,PENDING_AG03,FALSE,NOT_FOR_ENFORCEMENT,162.0313,4090.5592,168.7826,162.0313,6.7513,0.03571071,0.03428228,6.7513,162.0313,0.03428228,6.7513,6.7513,6.7513,6.7513,6.7513,162.0313,0.03428228,33.7565,31.1619,135.0261,137.6208,0.02856857,0.02911754,0.00142843,3.5298,3.5597,0.1410,3.6692,0.2905,102.7475,26.0217,3.1802,3.7422,2.0771,4.0878,4.1543,6.1317,6.2314,7.1537,3.1157,-1.022,1.524396,1.75,0.863492,29,159,71,5,0.34046406,0.03571071,0.04850756,0E-8,0.000000,0.901534,0.000000,-0.01940280,2026-05-27,2026-07-31,46,581,334,66,0.696970,0.849821,0.900951,1.134880,,,,,,,,GLOBAL_BASELINE_NO_ENTITY_RANKING,,,NOT_APPLICABLE_GLOBAL_BASELINE,HF9g-P5,,,,X 全窗基线 · 不参与实体赏罚,6878363,688,A168_HF9F_20260827_0900,2026-08-27 09:00:00
2026-06-19,132190460,1323,0,7.2700081009,1.8694306545,1.8694306545,0.5000000,2,2,0.49994810000000000,0.499948100000,0.00014679536856514622,0.00014679536856514622,0.00014679536856514622,0E-17,ELIGIBLE,R03b_20260811_FULL_v1,L1_ELIGIBILITY,v2026-08-11,2026-03-21..2026-08-06,baccarat_bet02_101_all_pairs_incl_sentinel,round_win = game_pnl > 0 (decisive only),COMPATIBILITY_ONLY_NOT_PRODUCTION,4726.3868,4260.9992,168.7826,1339,1197,-0.03571071,-0.04850756,-0.02910476,-0.03571071,-168.7826,4726.3868,OK,0.0000,6.7513,4.0000,96.0000,AG03-UNRESOLVED,ALL5_LEVELS_bet23_to_bet27,6.7513,6.7513,6.7513,6.7513,6.7513,4.000000,4.000000,4.000000,4.000000,4.000000,96.000000,96.000000,96.000000,96.000000,96.000000,5.0,33.7565,31.1619,135.0261,137.6208,PENDING_AG03,FALSE,NOT_FOR_ENFORCEMENT,162.0313,4090.5592,168.7826,162.0313,6.7513,0.03571071,0.03428228,6.7513,162.0313,0.03428228,6.7513,6.7513,6.7513,6.7513,6.7513,162.0313,0.03428228,33.7565,31.1619,135.0261,137.6208,0.02856857,0.02911754,0.00142843,3.5298,3.5597,0.1410,3.6692,0.2905,102.7475,26.0217,3.1802,3.7422,2.0771,4.0878,4.1543,6.1317,6.2314,7.1537,3.1157,-1.022,1.524396,1.75,0.863492,29,159,71,5,0.34046406,0.03571071,0.04850756,0E-8,0.000000,0.901534,0.000000,-0.01940280,2026-05-27,2026-07-31,46,581,334,66,0.696970,0.849821,0.900951,1.134880,,,,,,,,GLOBAL_BASELINE_NO_ENTITY_RANKING,,,NOT_APPLICABLE_GLOBAL_BASELINE,HF9g-P5,,,,X 全窗基线 · 不参与实体赏罚,6878364,688,A168_HF9F_20260827_0900,2026-08-27 09:00:00
2026-06-19,132190460,1325,0,12.4628710300,5.9198637393,5.9198637393,1.0000000,2,2,0.50665070000000000,0.506650700000,0.9867858985152569,0.9867858985152569,0.9867858985152569,0E-17,ELIGIBLE,R03b_20260811_FULL_v1,L1_ELIGIBILITY,v2026-08-11,2026-03-21..2026-08-06,baccarat_bet02_101_all_pairs_incl_sentinel,round_win = game_pnl > 0 (decisive only),COMPATIBILITY_ONLY_NOT_PRODUCTION,4726.3868,4260.9992,168.7826,1339,1197,-0.03571071,-0.04850756,-0.02910476,-0.03571071,-168.7826,4726.3868,OK,0.0000,6.7513,4.0000,96.0000,AG03-UNRESOLVED,ALL5_LEVELS_bet23_to_bet27,6.7513,6.7513,6.7513,6.7513,6.7513,4.000000,4.000000,4.000000,4.000000,4.000000,96.000000,96.000000,96.000000,96.000000,96.000000,5.0,33.7565,31.1619,135.0261,137.6208,PENDING_AG03,FALSE,NOT_FOR_ENFORCEMENT,162.0313,4090.5592,168.7826,162.0313,6.7513,0.03571071,0.03428228,6.7513,162.0313,0.03428228,6.7513,6.7513,6.7513,6.7513,6.7513,162.0313,0.03428228,33.7565,31.1619,135.0261,137.6208,0.02856857,0.02911754,0.00142843,3.5298,3.5597,0.1410,3.6692,0.2905,102.7475,26.0217,3.1802,3.7422,2.0771,4.0878,4.1543,6.1317,6.2314,7.1537,3.1157,-1.022,1.524396,1.75,0.863492,29,159,71,5,0.34046406,0.03571071,0.04850756,0E-8,0.000000,0.901534,0.000000,-0.01940280,2026-05-27,2026-07-31,46,581,334,66,0.696970,0.849821,0.900951,1.134880,,,,,,,,GLOBAL_BASELINE_NO_ENTITY_RANKING,,,NOT_APPLICABLE_GLOBAL_BASELINE,HF9g-P5,,,,X 全窗基线 · 不参与实体赏罚,6878365,688,A168_HF9F_20260827_0900,2026-08-27 09:00:00
2026-06-19,132190460,1331,0,6.2314355150,5.9198637393,5.9198637393,1.0000000,1,1,0.50665070000000000,0.506650700000,0.9867858985152569,0.9867858985152569,0.9867858985152569,0E-17,ELIGIBLE,R03b_20260811_FULL_v1,L1_ELIGIBILITY,v2026-08-11,2026-03-21..2026-08-06,baccarat_bet02_101_all_pairs_incl_sentinel,round_win = game_pnl > 0 (decisive only),COMPATIBILITY_ONLY_NOT_PRODUCTION,4726.3868,4260.9992,168.7826,1339,1197,-0.03571071,-0.04850756,-0.02910476,-0.03571071,-168.7826,4726.3868,OK,0.0000,6.7513,4.0000,96.0000,AG03-UNRESOLVED,ALL5_LEVELS_bet23_to_bet27,6.7513,6.7513,6.7513,6.7513,6.7513,4.000000,4.000000,4.000000,4.000000,4.000000,96.000000,96.000000,96.000000,96.000000,96.000000,5.0,33.7565,31.1619,135.0261,137.6208,PENDING_AG03,FALSE,NOT_FOR_ENFORCEMENT,162.0313,4090.5592,168.7826,162.0313,6.7513,0.03571071,0.03428228,6.7513,162.0313,0.03428228,6.7513,6.7513,6.7513,6.7513,6.7513,162.0313,0.03428228,33.7565,31.1619,135.0261,137.6208,0.02856857,0.02911754,0.00142843,3.5298,3.5597,0.1410,3.6692,0.2905,102.7475,26.0217,3.1802,3.7422,2.0771,4.0878,4.1543,6.1317,6.2314,7.1537,3.1157,-1.022,1.524396,1.75,0.863492,29,159,71,5,0.34046406,0.03571071,0.04850756,0E-8,0.000000,0.901534,0.000000,-0.01940280,2026-05-27,2026-07-31,46,581,334,66,0.696970,0.849821,0.900951,1.134880,,,,,,,,GLOBAL_BASELINE_NO_ENTITY_RANKING,,,NOT_APPLICABLE_GLOBAL_BASELINE,HF9g-P5,,,,X 全窗基线 · 不参与实体赏罚,6878366,688,A168_HF9F_20260827_0900,2026-08-27 09:00:00
2026-06-19,132190460,1383,0,10.3857258584,-2.2848596888,-2.2848596888,0.5000000,2,2,0.49994810000000000,0.499948100000,0.00014679536856514622,0.00014679536856514622,0.00014679536856514622,0E-17,ELIGIBLE,R03b_20260811_FULL_v1,L1_ELIGIBILITY,v2026-08-11,2026-03-21..2026-08-06,baccarat_bet02_101_all_pairs_incl_sentinel,round_win = game_pnl > 0 (decisive only),COMPATIBILITY_ONLY_NOT_PRODUCTION,4726.3868,4260.9992,168.7826,1339,1197,-0.03571071,-0.04850756,-0.02910476,-0.03571071,-168.7826,4726.3868,OK,0.0000,6.7513,4.0000,96.0000,AG03-UNRESOLVED,ALL5_LEVELS_bet23_to_bet27,6.7513,6.7513,6.7513,6.7513,6.7513,4.000000,4.000000,4.000000,4.000000,4.000000,96.000000,96.000000,96.000000,96.000000,96.000000,5.0,33.7565,31.1619,135.0261,137.6208,PENDING_AG03,FALSE,NOT_FOR_ENFORCEMENT,162.0313,4090.5592,168.7826,162.0313,6.7513,0.03571071,0.03428228,6.7513,162.0313,0.03428228,6.7513,6.7513,6.7513,6.7513,6.7513,162.0313,0.03428228,33.7565,31.1619,135.0261,137.6208,0.02856857,0.02911754,0.00142843,3.5298,3.5597,0.1410,3.6692,0.2905,102.7475,26.0217,3.1802,3.7422,2.0771,4.0878,4.1543,6.1317,6.2314,7.1537,3.1157,-1.022,1.524396,1.75,0.863492,29,159,71,5,0.34046406,0.03571071,0.04850756,0E-8,0.000000,0.901534,0.000000,-0.01940280,2026-05-27,2026-07-31,46,581,334,66,0.696970,0.849821,0.900951,1.134880,,,,,,,,GLOBAL_BASELINE_NO_ENTITY_RANKING,,,NOT_APPLICABLE_GLOBAL_BASELINE,HF9g-P5,,,,X 全窗基线 · 不参与实体赏罚,6878367,688,A168_HF9F_20260827_0900,2026-08-27 09:00:00
2026-06-19,132190460,1399,0,6.2314355150,5.9198637393,5.9198637393,1.0000000,1,1,0.50665070000000000,0.506650700000,0.9867858985152569,0.9867858985152569,0.9867858985152569,0E-17,ELIGIBLE,R03b_20260811_FULL_v1,L1_ELIGIBILITY,v2026-08-11,2026-03-21..2026-08-06,baccarat_bet02_101_all_pairs_incl_sentinel,round_win = game_pnl > 0 (decisive only),COMPATIBILITY_ONLY_NOT_PRODUCTION,4726.3868,4260.9992,168.7826,1339,1197,-0.03571071,-0.04850756,-0.02910476,-0.03571071,-168.7826,4726.3868,OK,0.0000,6.7513,4.0000,96.0000,AG03-UNRESOLVED,ALL5_LEVELS_bet23_to_bet27,6.7513,6.7513,6.7513,6.7513,6.7513,4.000000,4.000000,4.000000,4.000000,4.000000,96.000000,96.000000,96.000000,96.000000,96.000000,5.0,33.7565,31.1619,135.0261,137.6208,PENDING_AG03,FALSE,NOT_FOR_ENFORCEMENT,162.0313,4090.5592,168.7826,162.0313,6.7513,0.03571071,0.03428228,6.7513,162.0313,0.03428228,6.7513,6.7513,6.7513,6.7513,6.7513,162.0313,0.03428228,33.7565,31.1619,135.0261,137.6208,0.02856857,0.02911754,0.00142843,3.5298,3.5597,0.1410,3.6692,0.2905,102.7475,26.0217,3.1802,3.7422,2.0771,4.0878,4.1543,6.1317,6.2314,7.1537,3.1157,-1.022,1.524396,1.75,0.863492,29,159,71,5,0.34046406,0.03571071,0.04850756,0E-8,0.000000,0.901534,0.000000,-0.01940280,2026-05-27,2026-07-31,46,581,334,66,0.696970,0.849821,0.900951,1.134880,,,,,,,,GLOBAL_BASELINE_NO_ENTITY_RANKING,,,NOT_APPLICABLE_GLOBAL_BASELINE,HF9g-P5,,,,X 全窗基线 · 不参与实体赏罚,6878368,688,A168_HF9F_20260827_0900,2026-08-27 09:00:00
2026-06-19,132190460,1505,0,6.2314355150,-6.2314355150,-6.2314355150,0E-7,1,1,0.50665070000000000,0.506650700000,-1.013391052207602,-1.013391052207602,-1.013391052207602,0E-17,ELIGIBLE,R03b_20260811_FULL_v1,L1_ELIGIBILITY,v2026-08-11,2026-03-21..2026-08-06,baccarat_bet02_101_all_pairs_incl_sentinel,round_win = game_pnl > 0 (decisive only),COMPATIBILITY_ONLY_NOT_PRODUCTION,4726.3868,4260.9992,168.7826,1339,1197,-0.03571071,-0.04850756,-0.02910476,-0.03571071,-168.7826,4726.3868,OK,0.0000,6.7513,4.0000,96.0000,AG03-UNRESOLVED,ALL5_LEVELS_bet23_to_bet27,6.7513,6.7513,6.7513,6.7513,6.7513,4.000000,4.000000,4.000000,4.000000,4.000000,96.000000,96.000000,96.000000,96.000000,96.000000,5.0,33.7565,31.1619,135.0261,137.6208,PENDING_AG03,FALSE,NOT_FOR_ENFORCEMENT,162.0313,4090.5592,168.7826,162.0313,6.7513,0.03571071,0.03428228,6.7513,162.0313,0.03428228,6.7513,6.7513,6.7513,6.7513,6.7513,162.0313,0.03428228,33.7565,31.1619,135.0261,137.6208,0.02856857,0.02911754,0.00142843,3.5298,3.5597,0.1410,3.6692,0.2905,102.7475,26.0217,3.1802,3.7422,2.0771,4.0878,4.1543,6.1317,6.2314,7.1537,3.1157,-1.022,1.524396,1.75,0.863492,29,159,71,5,0.34046406,0.03571071,0.04850756,0E-8,0.000000,0.901534,0.000000,-0.01940280,2026-05-27,2026-07-31,46,581,334,66,0.696970,0.849821,0.900951,1.134880,,,,,,,,GLOBAL_BASELINE_NO_ENTITY_RANKING,,,NOT_APPLICABLE_GLOBAL_BASELINE,HF9g-P5,,,,X 全窗基线 · 不参与实体赏罚,6878369,688,A168_HF9F_20260827_0900,2026-08-27 09:00:00
2026-06-19,132190460,1646,0,2.4925742060,2.3679454957,2.3679454957,1.0000000,1,1,0.50665070000000000,0.506650700000,0.9867858985152569,0.9867858985152569,0.9867858985152569,0E-17,ELIGIBLE,R03b_20260811_FULL_v1,L1_ELIGIBILITY,v2026-08-11,2026-03-21..2026-08-06,baccarat_bet02_101_all_pairs_incl_sentinel,round_win = game_pnl > 0 (decisive only),COMPATIBILITY_ONLY_NOT_PRODUCTION,4726.3868,4260.9992,168.7826,1339,1197,-0.03571071,-0.04850756,-0.02910476,-0.03571071,-168.7826,4726.3868,OK,0.0000,6.7513,4.0000,96.0000,AG03-UNRESOLVED,ALL5_LEVELS_bet23_to_bet27,6.7513,6.7513,6.7513,6.7513,6.7513,4.000000,4.000000,4.000000,4.000000,4.000000,96.000000,96.000000,96.000000,96.000000,96.000000,5.0,33.7565,31.1619,135.0261,137.6208,PENDING_AG03,FALSE,NOT_FOR_ENFORCEMENT,162.0313,4090.5592,168.7826,162.0313,6.7513,0.03571071,0.03428228,6.7513,162.0313,0.03428228,6.7513,6.7513,6.7513,6.7513,6.7513,162.0313,0.03428228,33.7565,31.1619,135.0261,137.6208,0.02856857,0.02911754,0.00142843,3.5298,3.5597,0.1410,3.6692,0.2905,102.7475,26.0217,3.1802,3.7422,2.0771,4.0878,4.1543,6.1317,6.2314,7.1537,3.1157,-1.022,1.524396,1.75,0.863492,29,159,71,5,0.34046406,0.03571071,0.04850756,0E-8,0.000000,0.901534,0.000000,-0.01940280,2026-05-27,2026-07-31,46,581,334,66,0.696970,0.849821,0.900951,1.134880,,,,,,,,GLOBAL_BASELINE_NO_ENTITY_RANKING,,,NOT_APPLICABLE_GLOBAL_BASELINE,HF9g-P5,,,,X 全窗基线 · 不参与实体赏罚,6878370,688,A168_HF9F_20260827_0900,2026-08-27 09:00:00
2026-06-19,132190460,1704,0,8.3085806868,-0.2077145172,-0.2077145172,0.5000000,2,2,0.49994810000000000,0.499948100000,0.00014679536856514622,0.00014679536856514622,0.00014679536856514622,0E-17,ELIGIBLE,R03b_20260811_FULL_v1,L1_ELIGIBILITY,v2026-08-11,2026-03-21..2026-08-06,baccarat_bet02_101_all_pairs_incl_sentinel,round_win = game_pnl > 0 (decisive only),COMPATIBILITY_ONLY_NOT_PRODUCTION,4726.3868,4260.9992,168.7826,1339,1197,-0.03571071,-0.04850756,-0.02910476,-0.03571071,-168.7826,4726.3868,OK,0.0000,6.7513,4.0000,96.0000,AG03-UNRESOLVED,ALL5_LEVELS_bet23_to_bet27,6.7513,6.7513,6.7513,6.7513,6.7513,4.000000,4.000000,4.000000,4.000000,4.000000,96.000000,96.000000,96.000000,96.000000,96.000000,5.0,33.7565,31.1619,135.0261,137.6208,PENDING_AG03,FALSE,NOT_FOR_ENFORCEMENT,162.0313,4090.5592,168.7826,162.0313,6.7513,0.03571071,0.03428228,6.7513,162.0313,0.03428228,6.7513,6.7513,6.7513,6.7513,6.7513,162.0313,0.03428228,33.7565,31.1619,135.0261,137.6208,0.02856857,0.02911754,0.00142843,3.5298,3.5597,0.1410,3.6692,0.2905,102.7475,26.0217,3.1802,3.7422,2.0771,4.0878,4.1543,6.1317,6.2314,7.1537,3.1157,-1.022,1.524396,1.75,0.863492,29,159,71,5,0.34046406,0.03571071,0.04850756,0E-8,0.000000,0.901534,0.000000,-0.01940280,2026-05-27,2026-07-31,46,581,334,66,0.696970,0.849821,0.900951,1.134880,,,,,,,,GLOBAL_BASELINE_NO_ENTITY_RANKING,,,NOT_APPLICABLE_GLOBAL_BASELINE,HF9g-P5,,,,X 全窗基线 · 不参与实体赏罚,6878371,688,A168_HF9F_20260827_0900,2026-08-27 09:00:00
2026-06-19,132190460,1714,0,12.4628710300,-6.2314355150,-6.2314355150,0E-7,2,2,0.49324550000000000,0.493245500000,-0.9865810262130424,-0.9865810262130424,-0.9865810262130424,0E-17,ELIGIBLE,R03b_20260811_FULL_v1,L1_ELIGIBILITY,v2026-08-11,2026-03-21..2026-08-06,baccarat_bet02_101_all_pairs_incl_sentinel,round_win = game_pnl > 0 (decisive only),COMPATIBILITY_ONLY_NOT_PRODUCTION,4726.3868,4260.9992,168.7826,1339,1197,-0.03571071,-0.04850756,-0.02910476,-0.03571071,-168.7826,4726.3868,OK,0.0000,6.7513,4.0000,96.0000,AG03-UNRESOLVED,ALL5_LEVELS_bet23_to_bet27,6.7513,6.7513,6.7513,6.7513,6.7513,4.000000,4.000000,4.000000,4.000000,4.000000,96.000000,96.000000,96.000000,96.000000,96.000000,5.0,33.7565,31.1619,135.0261,137.6208,PENDING_AG03,FALSE,NOT_FOR_ENFORCEMENT,162.0313,4090.5592,168.7826,162.0313,6.7513,0.03571071,0.03428228,6.7513,162.0313,0.03428228,6.7513,6.7513,6.7513,6.7513,6.7513,162.0313,0.03428228,33.7565,31.1619,135.0261,137.6208,0.02856857,0.02911754,0.00142843,3.5298,3.5597,0.1410,3.6692,0.2905,102.7475,26.0217,3.1802,3.7422,2.0771,4.0878,4.1543,6.1317,6.2314,7.1537,3.1157,-1.022,1.524396,1.75,0.863492,29,159,71,5,0.34046406,0.03571071,0.04850756,0E-8,0.000000,0.901534,0.000000,-0.01940280,2026-05-27,2026-07-31,46,581,334,66,0.696970,0.849821,0.900951,1.134880,,,,,,,,GLOBAL_BASELINE_NO_ENTITY_RANKING,,,NOT_APPLICABLE_GLOBAL_BASELINE,HF9g-P5,,,,X 全窗基线 · 不参与实体赏罚,6878372,688,A168_HF9F_20260827_0900,2026-08-27 09:00:00
2026-06-19,132190460,1966,0,9.1394387554,8.9317242382,8.9317242382,1.0000000,2,2,0.49994810000000000,0.499948100000,1.4143603653603398,1.4143603653603398,1.4143603653603398,0E-17,ELIGIBLE,R03b_20260811_FULL_v1,L1_ELIGIBILITY,v2026-08-11,2026-03-21..2026-08-06,baccarat_bet02_101_all_pairs_incl_sentinel,round_win = game_pnl > 0 (decisive only),COMPATIBILITY_ONLY_NOT_PRODUCTION,4726.3868,4260.9992,168.7826,1339,1197,-0.03571071,-0.04850756,-0.02910476,-0.03571071,-168.7826,4726.3868,OK,0.0000,6.7513,4.0000,96.0000,AG03-UNRESOLVED,ALL5_LEVELS_bet23_to_bet27,6.7513,6.7513,6.7513,6.7513,6.7513,4.000000,4.000000,4.000000,4.000000,4.000000,96.000000,96.000000,96.000000,96.000000,96.000000,5.0,33.7565,31.1619,135.0261,137.6208,PENDING_AG03,FALSE,NOT_FOR_ENFORCEMENT,162.0313,4090.5592,168.7826,162.0313,6.7513,0.03571071,0.03428228,6.7513,162.0313,0.03428228,6.7513,6.7513,6.7513,6.7513,6.7513,162.0313,0.03428228,33.7565,31.1619,135.0261,137.6208,0.02856857,0.02911754,0.00142843,3.5298,3.5597,0.1410,3.6692,0.2905,102.7475,26.0217,3.1802,3.7422,2.0771,4.0878,4.1543,6.1317,6.2314,7.1537,3.1157,-1.022,1.524396,1.75,0.863492,29,159,71,5,0.34046406,0.03571071,0.04850756,0E-8,0.000000,0.901534,0.000000,-0.01940280,2026-05-27,2026-07-31,46,581,334,66,0.696970,0.849821,0.900951,1.134880,,,,,,,,GLOBAL_BASELINE_NO_ENTITY_RANKING,,,NOT_APPLICABLE_GLOBAL_BASELINE,HF9g-P5,,,,X 全窗基线 · 不参与实体赏罚,6878373,688,A168_HF9F_20260827_0900,2026-08-27 09:00:00
2026-06-19,132190460,2103,0,6.2314355150,6.2314355150,6.2314355150,1.0000000,1,1,0.49324550000000000,0.493245500000,1.01360149184955,1.01360149184955,1.01360149184955,0E-17,ELIGIBLE,R03b_20260811_FULL_v1,L1_ELIGIBILITY,v2026-08-11,2026-03-21..2026-08-06,baccarat_bet02_101_all_pairs_incl_sentinel,round_win = game_pnl > 0 (decisive only),COMPATIBILITY_ONLY_NOT_PRODUCTION,4726.3868,4260.9992,168.7826,1339,1197,-0.03571071,-0.04850756,-0.02910476,-0.03571071,-168.7826,4726.3868,OK,0.0000,6.7513,4.0000,96.0000,AG03-UNRESOLVED,ALL5_LEVELS_bet23_to_bet27,6.7513,6.7513,6.7513,6.7513,6.7513,4.000000,4.000000,4.000000,4.000000,4.000000,96.000000,96.000000,96.000000,96.000000,96.000000,5.0,33.7565,31.1619,135.0261,137.6208,PENDING_AG03,FALSE,NOT_FOR_ENFORCEMENT,162.0313,4090.5592,168.7826,162.0313,6.7513,0.03571071,0.03428228,6.7513,162.0313,0.03428228,6.7513,6.7513,6.7513,6.7513,6.7513,162.0313,0.03428228,33.7565,31.1619,135.0261,137.6208,0.02856857,0.02911754,0.00142843,3.5298,3.5597,0.1410,3.6692,0.2905,102.7475,26.0217,3.1802,3.7422,2.0771,4.0878,4.1543,6.1317,6.2314,7.1537,3.1157,-1.022,1.524396,1.75,0.863492,29,159,71,5,0.34046406,0.03571071,0.04850756,0E-8,0.000000,0.901534,0.000000,-0.01940280,2026-05-27,2026-07-31,46,581,334,66,0.696970,0.849821,0.900951,1.134880,,,,,,,,GLOBAL_BASELINE_NO_ENTITY_RANKING,,,NOT_APPLICABLE_GLOBAL_BASELINE,HF9g-P5,,,,X 全窗基线 · 不参与实体赏罚,6878374,688,A168_HF9F_20260827_0900,2026-08-27 09:00:00
2026-06-19,132190460,2124,0,4.1542903434,0E-10,0E-10,,1,1,0.50665070000000000,0.506650700000,,,,0E-17,NO_DECISIVE_ROUND,R03b_20260811_FULL_v1,L1_ELIGIBILITY,v2026-08-11,2026-03-21..2026-08-06,baccarat_bet02_101_all_pairs_incl_sentinel,round_win = game_pnl > 0 (decisive only),COMPATIBILITY_ONLY_NOT_PRODUCTION,4726.3868,4260.9992,168.7826,1339,1197,-0.03571071,-0.04850756,-0.02910476,-0.03571071,-168.7826,4726.3868,OK,0.0000,6.7513,4.0000,96.0000,AG03-UNRESOLVED,ALL5_LEVELS_bet23_to_bet27,6.7513,6.7513,6.7513,6.7513,6.7513,4.000000,4.000000,4.000000,4.000000,4.000000,96.000000,96.000000,96.000000,96.000000,96.000000,5.0,33.7565,31.1619,135.0261,137.6208,PENDING_AG03,FALSE,NOT_FOR_ENFORCEMENT,162.0313,4090.5592,168.7826,162.0313,6.7513,0.03571071,0.03428228,6.7513,162.0313,0.03428228,6.7513,6.7513,6.7513,6.7513,6.7513,162.0313,0.03428228,33.7565,31.1619,135.0261,137.6208,0.02856857,0.02911754,0.00142843,3.5298,3.5597,0.1410,3.6692,0.2905,102.7475,26.0217,3.1802,3.7422,2.0771,4.0878,4.1543,6.1317,6.2314,7.1537,3.1157,-1.022,1.524396,1.75,0.863492,29,159,71,5,0.34046406,0.03571071,0.04850756,0E-8,0.000000,0.901534,0.000000,-0.01940280,2026-05-27,2026-07-31,46,581,334,66,0.696970,0.849821,0.900951,1.134880,,,,,,,,GLOBAL_BASELINE_NO_ENTITY_RANKING,,,NOT_APPLICABLE_GLOBAL_BASELINE,HF9g-P5,,,,X 全窗基线 · 不参与实体赏罚,6878375,688,A168_HF9F_20260827_0900,2026-08-27 09:00:00
2026-06-19,132190460,2134,0,8.3085806867,-8.3085806867,-8.3085806867,0E-7,2,2,0.49994810000000000,0.499948100000,-1.4140667746232096,-1.4140667746232096,-1.4140667746232096,0E-17,ELIGIBLE,R03b_20260811_FULL_v1,L1_ELIGIBILITY,v2026-08-11,2026-03-21..2026-08-06,baccarat_bet02_101_all_pairs_incl_sentinel,round_win = game_pnl > 0 (decisive only),COMPATIBILITY_ONLY_NOT_PRODUCTION,4726.3868,4260.9992,168.7826,1339,1197,-0.03571071,-0.04850756,-0.02910476,-0.03571071,-168.7826,4726.3868,OK,0.0000,6.7513,4.0000,96.0000,AG03-UNRESOLVED,ALL5_LEVELS_bet23_to_bet27,6.7513,6.7513,6.7513,6.7513,6.7513,4.000000,4.000000,4.000000,4.000000,4.000000,96.000000,96.000000,96.000000,96.000000,96.000000,5.0,33.7565,31.1619,135.0261,137.6208,PENDING_AG03,FALSE,NOT_FOR_ENFORCEMENT,162.0313,4090.5592,168.7826,162.0313,6.7513,0.03571071,0.03428228,6.7513,162.0313,0.03428228,6.7513,6.7513,6.7513,6.7513,6.7513,162.0313,0.03428228,33.7565,31.1619,135.0261,137.6208,0.02856857,0.02911754,0.00142843,3.5298,3.5597,0.1410,3.6692,0.2905,102.7475,26.0217,3.1802,3.7422,2.0771,4.0878,4.1543,6.1317,6.2314,7.1537,3.1157,-1.022,1.524396,1.75,0.863492,29,159,71,5,0.34046406,0.03571071,0.04850756,0E-8,0.000000,0.901534,0.000000,-0.01940280,2026-05-27,2026-07-31,46,581,334,66,0.696970,0.849821,0.900951,1.134880,,,,,,,,GLOBAL_BASELINE_NO_ENTITY_RANKING,,,NOT_APPLICABLE_GLOBAL_BASELINE,HF9g-P5,,,,X 全窗基线 · 不参与实体赏罚,6878376,688,A168_HF9F_20260827_0900,2026-08-27 09:00:00
2026-06-19,132190460,2147,0,29.0800324034,-8.3085806867,-8.3085806867,0.3333333,4,4,0.49659680000000000,0.496596800000,-0.5655743394288276,-0.5655743394288276,-0.5655743394288276,0E-17,ELIGIBLE,R03b_20260811_FULL_v1,L1_ELIGIBILITY,v2026-08-11,2026-03-21..2026-08-06,baccarat_bet02_101_all_pairs_incl_sentinel,round_win = game_pnl > 0 (decisive only),COMPATIBILITY_ONLY_NOT_PRODUCTION,4726.3868,4260.9992,168.7826,1339,1197,-0.03571071,-0.04850756,-0.02910476,-0.03571071,-168.7826,4726.3868,OK,0.0000,6.7513,4.0000,96.0000,AG03-UNRESOLVED,ALL5_LEVELS_bet23_to_bet27,6.7513,6.7513,6.7513,6.7513,6.7513,4.000000,4.000000,4.000000,4.000000,4.000000,96.000000,96.000000,96.000000,96.000000,96.000000,5.0,33.7565,31.1619,135.0261,137.6208,PENDING_AG03,FALSE,NOT_FOR_ENFORCEMENT,162.0313,4090.5592,168.7826,162.0313,6.7513,0.03571071,0.03428228,6.7513,162.0313,0.03428228,6.7513,6.7513,6.7513,6.7513,6.7513,162.0313,0.03428228,33.7565,31.1619,135.0261,137.6208,0.02856857,0.02911754,0.00142843,3.5298,3.5597,0.1410,3.6692,0.2905,102.7475,26.0217,3.1802,3.7422,2.0771,4.0878,4.1543,6.1317,6.2314,7.1537,3.1157,-1.022,1.524396,1.75,0.863492,29,159,71,5,0.34046406,0.03571071,0.04850756,0E-8,0.000000,0.901534,0.000000,-0.01940280,2026-05-27,2026-07-31,46,581,334,66,0.696970,0.849821,0.900951,1.134880,,,,,,,,GLOBAL_BASELINE_NO_ENTITY_RANKING,,,NOT_APPLICABLE_GLOBAL_BASELINE,HF9g-P5,,,,X 全窗基线 · 不参与实体赏罚,6878377,688,A168_HF9F_20260827_0900,2026-08-27 09:00:00
2026-06-19,132190460,2164,0,6.2314355150,5.9198637393,5.9198637393,1.0000000,1,1,0.50665070000000000,0.506650700000,0.9867858985152569,0.9867858985152569,0.9867858985152569,0E-17,ELIGIBLE,R03b_20260811_FULL_v1,L1_ELIGIBILITY,v2026-08-11,2026-03-21..2026-08-06,baccarat_bet02_101_all_pairs_incl_sentinel,round_win = game_pnl > 0 (decisive only),COMPATIBILITY_ONLY_NOT_PRODUCTION,4726.3868,4260.9992,168.7826,1339,1197,-0.03571071,-0.04850756,-0.02910476,-0.03571071,-168.7826,4726.3868,OK,0.0000,6.7513,4.0000,96.0000,AG03-UNRESOLVED,ALL5_LEVELS_bet23_to_bet27,6.7513,6.7513,6.7513,6.7513,6.7513,4.000000,4.000000,4.000000,4.000000,4.000000,96.000000,96.000000,96.000000,96.000000,96.000000,5.0,33.7565,31.1619,135.0261,137.6208,PENDING_AG03,FALSE,NOT_FOR_ENFORCEMENT,162.0313,4090.5592,168.7826,162.0313,6.7513,0.03571071,0.03428228,6.7513,162.0313,0.03428228,6.7513,6.7513,6.7513,6.7513,6.7513,162.0313,0.03428228,33.7565,31.1619,135.0261,137.6208,0.02856857,0.02911754,0.00142843,3.5298,3.5597,0.1410,3.6692,0.2905,102.7475,26.0217,3.1802,3.7422,2.0771,4.0878,4.1543,6.1317,6.2314,7.1537,3.1157,-1.022,1.524396,1.75,0.863492,29,159,71,5,0.34046406,0.03571071,0.04850756,0E-8,0.000000,0.901534,0.000000,-0.01940280,2026-05-27,2026-07-31,46,581,334,66,0.696970,0.849821,0.900951,1.134880,,,,,,,,GLOBAL_BASELINE_NO_ENTITY_RANKING,,,NOT_APPLICABLE_GLOBAL_BASELINE,HF9g-P5,,,,X 全窗基线 · 不参与实体赏罚,6878378,688,A168_HF9F_20260827_0900,2026-08-27 09:00:00
2026-06-19,132190460,2176,0,2.9080032403,-2.9080032403,-2.9080032403,0E-7,1,1,0.50665070000000000,0.506650700000,-1.013391052207602,-1.013391052207602,-1.013391052207602,0E-17,ELIGIBLE,R03b_20260811_FULL_v1,L1_ELIGIBILITY,v2026-08-11,2026-03-21..2026-08-06,baccarat_bet02_101_all_pairs_incl_sentinel,round_win = game_pnl > 0 (decisive only),COMPATIBILITY_ONLY_NOT_PRODUCTION,4726.3868,4260.9992,168.7826,1339,1197,-0.03571071,-0.04850756,-0.02910476,-0.03571071,-168.7826,4726.3868,OK,0.0000,6.7513,4.0000,96.0000,AG03-UNRESOLVED,ALL5_LEVELS_bet23_to_bet27,6.7513,6.7513,6.7513,6.7513,6.7513,4.000000,4.000000,4.000000,4.000000,4.000000,96.000000,96.000000,96.000000,96.000000,96.000000,5.0,33.7565,31.1619,135.0261,137.6208,PENDING_AG03,FALSE,NOT_FOR_ENFORCEMENT,162.0313,4090.5592,168.7826,162.0313,6.7513,0.03571071,0.03428228,6.7513,162.0313,0.03428228,6.7513,6.7513,6.7513,6.7513,6.7513,162.0313,0.03428228,33.7565,31.1619,135.0261,137.6208,0.02856857,0.02911754,0.00142843,3.5298,3.5597,0.1410,3.6692,0.2905,102.7475,26.0217,3.1802,3.7422,2.0771,4.0878,4.1543,6.1317,6.2314,7.1537,3.1157,-1.022,1.524396,1.75,0.863492,29,159,71,5,0.34046406,0.03571071,0.04850756,0E-8,0.000000,0.901534,0.000000,-0.01940280,2026-05-27,2026-07-31,46,581,334,66,0.696970,0.849821,0.900951,1.134880,,,,,,,,GLOBAL_BASELINE_NO_ENTITY_RANKING,,,NOT_APPLICABLE_GLOBAL_BASELINE,HF9g-P5,,,,X 全窗基线 · 不参与实体赏罚,6878379,688,A168_HF9F_20260827_0900,2026-08-27 09:00:00
2026-06-19,132190460,2193,0,4.1542903434,-4.1542903434,-4.1542903434,0E-7,1,1,0.50665070000000000,0.506650700000,-1.013391052207602,-1.013391052207602,-1.013391052207602,0E-17,ELIGIBLE,R03b_20260811_FULL_v1,L1_ELIGIBILITY,v2026-08-11,2026-03-21..2026-08-06,baccarat_bet02_101_all_pairs_incl_sentinel,round_win = game_pnl > 0 (decisive only),COMPATIBILITY_ONLY_NOT_PRODUCTION,4726.3868,4260.9992,168.7826,1339,1197,-0.03571071,-0.04850756,-0.02910476,-0.03571071,-168.7826,4726.3868,OK,0.0000,6.7513,4.0000,96.0000,AG03-UNRESOLVED,ALL5_LEVELS_bet23_to_bet27,6.7513,6.7513,6.7513,6.7513,6.7513,4.000000,4.000000,4.000000,4.000000,4.000000,96.000000,96.000000,96.000000,96.000000,96.000000,5.0,33.7565,31.1619,135.0261,137.6208,PENDING_AG03,FALSE,NOT_FOR_ENFORCEMENT,162.0313,4090.5592,168.7826,162.0313,6.7513,0.03571071,0.03428228,6.7513,162.0313,0.03428228,6.7513,6.7513,6.7513,6.7513,6.7513,162.0313,0.03428228,33.7565,31.1619,135.0261,137.6208,0.02856857,0.02911754,0.00142843,3.5298,3.5597,0.1410,3.6692,0.2905,102.7475,26.0217,3.1802,3.7422,2.0771,4.0878,4.1543,6.1317,6.2314,7.1537,3.1157,-1.022,1.524396,1.75,0.863492,29,159,71,5,0.34046406,0.03571071,0.04850756,0E-8,0.000000,0.901534,0.000000,-0.01940280,2026-05-27,2026-07-31,46,581,334,66,0.696970,0.849821,0.900951,1.134880,,,,,,,,GLOBAL_BASELINE_NO_ENTITY_RANKING,,,NOT_APPLICABLE_GLOBAL_BASELINE,HF9g-P5,,,,X 全窗基线 · 不参与实体赏罚,6878380,688,A168_HF9F_20260827_0900,2026-08-27 09:00:00
2026-06-19,132190460,2209,0,8.3085806867,-8.3085806867,-8.3085806867,0E-7,1,1,0.49324550000000000,0.493245500000,-0.9865810262130424,-0.9865810262130424,-0.9865810262130424,0E-17,ELIGIBLE,R03b_20260811_FULL_v1,L1_ELIGIBILITY,v2026-08-11,2026-03-21..2026-08-06,baccarat_bet02_101_all_pairs_incl_sentinel,round_win = game_pnl > 0 (decisive only),COMPATIBILITY_ONLY_NOT_PRODUCTION,4726.3868,4260.9992,168.7826,1339,1197,-0.03571071,-0.04850756,-0.02910476,-0.03571071,-168.7826,4726.3868,OK,0.0000,6.7513,4.0000,96.0000,AG03-UNRESOLVED,ALL5_LEVELS_bet23_to_bet27,6.7513,6.7513,6.7513,6.7513,6.7513,4.000000,4.000000,4.000000,4.000000,4.000000,96.000000,96.000000,96.000000,96.000000,96.000000,5.0,33.7565,31.1619,135.0261,137.6208,PENDING_AG03,FALSE,NOT_FOR_ENFORCEMENT,162.0313,4090.5592,168.7826,162.0313,6.7513,0.03571071,0.03428228,6.7513,162.0313,0.03428228,6.7513,6.7513,6.7513,6.7513,6.7513,162.0313,0.03428228,33.7565,31.1619,135.0261,137.6208,0.02856857,0.02911754,0.00142843,3.5298,3.5597,0.1410,3.6692,0.2905,102.7475,26.0217,3.1802,3.7422,2.0771,4.0878,4.1543,6.1317,6.2314,7.1537,3.1157,-1.022,1.524396,1.75,0.863492,29,159,71,5,0.34046406,0.03571071,0.04850756,0E-8,0.000000,0.901534,0.000000,-0.01940280,2026-05-27,2026-07-31,46,581,334,66,0.696970,0.849821,0.900951,1.134880,,,,,,,,GLOBAL_BASELINE_NO_ENTITY_RANKING,,,NOT_APPLICABLE_GLOBAL_BASELINE,HF9g-P5,,,,X 全窗基线 · 不参与实体赏罚,6878381,688,A168_HF9F_20260827_0900,2026-08-27 09:00:00
2026-06-19,132190460,2223,0,8.3085806867,-4.1542903433,-4.1542903433,0.5000000,2,2,0.49994810000000000,0.499948100000,0.00014679536856514622,0.00014679536856514622,0.00014679536856514622,0E-17,ELIGIBLE,R03b_20260811_FULL_v1,L1_ELIGIBILITY,v2026-08-11,2026-03-21..2026-08-06,baccarat_bet02_101_all_pairs_incl_sentinel,round_win = game_pnl > 0 (decisive only),COMPATIBILITY_ONLY_NOT_PRODUCTION,4726.3868,4260.9992,168.7826,1339,1197,-0.03571071,-0.04850756,-0.02910476,-0.03571071,-168.7826,4726.3868,OK,0.0000,6.7513,4.0000,96.0000,AG03-UNRESOLVED,ALL5_LEVELS_bet23_to_bet27,6.7513,6.7513,6.7513,6.7513,6.7513,4.000000,4.000000,4.000000,4.000000,4.000000,96.000000,96.000000,96.000000,96.000000,96.000000,5.0,33.7565,31.1619,135.0261,137.6208,PENDING_AG03,FALSE,NOT_FOR_ENFORCEMENT,162.0313,4090.5592,168.7826,162.0313,6.7513,0.03571071,0.03428228,6.7513,162.0313,0.03428228,6.7513,6.7513,6.7513,6.7513,6.7513,162.0313,0.03428228,33.7565,31.1619,135.0261,137.6208,0.02856857,0.02911754,0.00142843,3.5298,3.5597,0.1410,3.6692,0.2905,102.7475,26.0217,3.1802,3.7422,2.0771,4.0878,4.1543,6.1317,6.2314,7.1537,3.1157,-1.022,1.524396,1.75,0.863492,29,159,71,5,0.34046406,0.03571071,0.04850756,0E-8,0.000000,0.901534,0.000000,-0.01940280,2026-05-27,2026-07-31,46,581,334,66,0.696970,0.849821,0.900951,1.134880,,,,,,,,GLOBAL_BASELINE_NO_ENTITY_RANKING,,,NOT_APPLICABLE_GLOBAL_BASELINE,HF9g-P5,,,,X 全窗基线 · 不参与实体赏罚,6878382,688,A168_HF9F_20260827_0900,2026-08-27 09:00:00
2026-06-19,132190460,2252,0,12.2551565129,11.9539704630,11.9539704630,1.0000000,2,2,0.49994810000000000,0.499948100000,1.4143603653603398,1.4143603653603398,1.4143603653603398,0E-17,ELIGIBLE,R03b_20260811_FULL_v1,L1_ELIGIBILITY,v2026-08-11,2026-03-21..2026-08-06,baccarat_bet02_101_all_pairs_incl_sentinel,round_win = game_pnl > 0 (decisive only),COMPATIBILITY_ONLY_NOT_PRODUCTION,4726.3868,4260.9992,168.7826,1339,1197,-0.03571071,-0.04850756,-0.02910476,-0.03571071,-168.7826,4726.3868,OK,0.0000,6.7513,4.0000,96.0000,AG03-UNRESOLVED,ALL5_LEVELS_bet23_to_bet27,6.7513,6.7513,6.7513,6.7513,6.7513,4.000000,4.000000,4.000000,4.000000,4.000000,96.000000,96.000000,96.000000,96.000000,96.000000,5.0,33.7565,31.1619,135.0261,137.6208,PENDING_AG03,FALSE,NOT_FOR_ENFORCEMENT,162.0313,4090.5592,168.7826,162.0313,6.7513,0.03571071,0.03428228,6.7513,162.0313,0.03428228,6.7513,6.7513,6.7513,6.7513,6.7513,162.0313,0.03428228,33.7565,31.1619,135.0261,137.6208,0.02856857,0.02911754,0.00142843,3.5298,3.5597,0.1410,3.6692,0.2905,102.7475,26.0217,3.1802,3.7422,2.0771,4.0878,4.1543,6.1317,6.2314,7.1537,3.1157,-1.022,1.524396,1.75,0.863492,29,159,71,5,0.34046406,0.03571071,0.04850756,0E-8,0.000000,0.901534,0.000000,-0.01940280,2026-05-27,2026-07-31,46,581,334,66,0.696970,0.849821,0.900951,1.134880,,,,,,,,GLOBAL_BASELINE_NO_ENTITY_RANKING,,,NOT_APPLICABLE_GLOBAL_BASELINE,HF9g-P5,,,,X 全窗基线 · 不参与实体赏罚,6878383,688,A168_HF9F_20260827_0900,2026-08-27 09:00:00
2026-06-19,132190460,2261,0,4.1542903434,-4.1542903434,-4.1542903434,0E-7,1,1,0.50665070000000000,0.506650700000,-1.013391052207602,-1.013391052207602,-1.013391052207602,0E-17,ELIGIBLE,R03b_20260811_FULL_v1,L1_ELIGIBILITY,v2026-08-11,2026-03-21..2026-08-06,baccarat_bet02_101_all_pairs_incl_sentinel,round_win = game_pnl > 0 (decisive only),COMPATIBILITY_ONLY_NOT_PRODUCTION,4726.3868,4260.9992,168.7826,1339,1197,-0.03571071,-0.04850756,-0.02910476,-0.03571071,-168.7826,4726.3868,OK,0.0000,6.7513,4.0000,96.0000,AG03-UNRESOLVED,ALL5_LEVELS_bet23_to_bet27,6.7513,6.7513,6.7513,6.7513,6.7513,4.000000,4.000000,4.000000,4.000000,4.000000,96.000000,96.000000,96.000000,96.000000,96.000000,5.0,33.7565,31.1619,135.0261,137.6208,PENDING_AG03,FALSE,NOT_FOR_ENFORCEMENT,162.0313,4090.5592,168.7826,162.0313,6.7513,0.03571071,0.03428228,6.7513,162.0313,0.03428228,6.7513,6.7513,6.7513,6.7513,6.7513,162.0313,0.03428228,33.7565,31.1619,135.0261,137.6208,0.02856857,0.02911754,0.00142843,3.5298,3.5597,0.1410,3.6692,0.2905,102.7475,26.0217,3.1802,3.7422,2.0771,4.0878,4.1543,6.1317,6.2314,7.1537,3.1157,-1.022,1.524396,1.75,0.863492,29,159,71,5,0.34046406,0.03571071,0.04850756,0E-8,0.000000,0.901534,0.000000,-0.01940280,2026-05-27,2026-07-31,46,581,334,66,0.696970,0.849821,0.900951,1.134880,,,,,,,,GLOBAL_BASELINE_NO_ENTITY_RANKING,,,NOT_APPLICABLE_GLOBAL_BASELINE,HF9g-P5,,,,X 全窗基线 · 不参与实体赏罚,6878384,688,A168_HF9F_20260827_0900,2026-08-27 09:00:00
2026-06-19,132190460,2281,0,10.3857258584,-2.2848596888,-2.2848596888,0.5000000,2,2,0.49994810000000000,0.499948100000,0.00014679536856514622,0.00014679536856514622,0.00014679536856514622,0E-17,ELIGIBLE,R03b_20260811_FULL_v1,L1_ELIGIBILITY,v2026-08-11,2026-03-21..2026-08-06,baccarat_bet02_101_all_pairs_incl_sentinel,round_win = game_pnl > 0 (decisive only),COMPATIBILITY_ONLY_NOT_PRODUCTION,4726.3868,4260.9992,168.7826,1339,1197,-0.03571071,-0.04850756,-0.02910476,-0.03571071,-168.7826,4726.3868,OK,0.0000,6.7513,4.0000,96.0000,AG03-UNRESOLVED,ALL5_LEVELS_bet23_to_bet27,6.7513,6.7513,6.7513,6.7513,6.7513,4.000000,4.000000,4.000000,4.000000,4.000000,96.000000,96.000000,96.000000,96.000000,96.000000,5.0,33.7565,31.1619,135.0261,137.6208,PENDING_AG03,FALSE,NOT_FOR_ENFORCEMENT,162.0313,4090.5592,168.7826,162.0313,6.7513,0.03571071,0.03428228,6.7513,162.0313,0.03428228,6.7513,6.7513,6.7513,6.7513,6.7513,162.0313,0.03428228,33.7565,31.1619,135.0261,137.6208,0.02856857,0.02911754,0.00142843,3.5298,3.5597,0.1410,3.6692,0.2905,102.7475,26.0217,3.1802,3.7422,2.0771,4.0878,4.1543,6.1317,6.2314,7.1537,3.1157,-1.022,1.524396,1.75,0.863492,29,159,71,5,0.34046406,0.03571071,0.04850756,0E-8,0.000000,0.901534,0.000000,-0.01940280,2026-05-27,2026-07-31,46,581,334,66,0.696970,0.849821,0.900951,1.134880,,,,,,,,GLOBAL_BASELINE_NO_ENTITY_RANKING,,,NOT_APPLICABLE_GLOBAL_BASELINE,HF9g-P5,,,,X 全窗基线 · 不参与实体赏罚,6878385,688,A168_HF9F_20260827_0900,2026-08-27 09:00:00
2026-06-19,132190460,2287,0,6.2314355150,6.2314355150,6.2314355150,1.0000000,1,1,0.49324550000000000,0.493245500000,1.01360149184955,1.01360149184955,1.01360149184955,0E-17,ELIGIBLE,R03b_20260811_FULL_v1,L1_ELIGIBILITY,v2026-08-11,2026-03-21..2026-08-06,baccarat_bet02_101_all_pairs_incl_sentinel,round_win = game_pnl > 0 (decisive only),COMPATIBILITY_ONLY_NOT_PRODUCTION,4726.3868,4260.9992,168.7826,1339,1197,-0.03571071,-0.04850756,-0.02910476,-0.03571071,-168.7826,4726.3868,OK,0.0000,6.7513,4.0000,96.0000,AG03-UNRESOLVED,ALL5_LEVELS_bet23_to_bet27,6.7513,6.7513,6.7513,6.7513,6.7513,4.000000,4.000000,4.000000,4.000000,4.000000,96.000000,96.000000,96.000000,96.000000,96.000000,5.0,33.7565,31.1619,135.0261,137.6208,PENDING_AG03,FALSE,NOT_FOR_ENFORCEMENT,162.0313,4090.5592,168.7826,162.0313,6.7513,0.03571071,0.03428228,6.7513,162.0313,0.03428228,6.7513,6.7513,6.7513,6.7513,6.7513,162.0313,0.03428228,33.7565,31.1619,135.0261,137.6208,0.02856857,0.02911754,0.00142843,3.5298,3.5597,0.1410,3.6692,0.2905,102.7475,26.0217,3.1802,3.7422,2.0771,4.0878,4.1543,6.1317,6.2314,7.1537,3.1157,-1.022,1.524396,1.75,0.863492,29,159,71,5,0.34046406,0.03571071,0.04850756,0E-8,0.000000,0.901534,0.000000,-0.01940280,2026-05-27,2026-07-31,46,581,334,66,0.696970,0.849821,0.900951,1.134880,,,,,,,,GLOBAL_BASELINE_NO_ENTITY_RANKING,,,NOT_APPLICABLE_GLOBAL_BASELINE,HF9g-P5,,,,X 全窗基线 · 不参与实体赏罚,6878386,688,A168_HF9F_20260827_0900,2026-08-27 09:00:00
2026-06-19,132190460,529,0,10.3857258584,10.1780113412,10.1780113412,1.0000000,2,2,0.49994810000000000,0.499948100000,1.4143603653603398,1.4143603653603398,1.4143603653603398,0E-17,ELIGIBLE,R03b_20260811_FULL_v1,L1_ELIGIBILITY,v2026-08-11,2026-03-21..2026-08-06,baccarat_bet02_101_all_pairs_incl_sentinel,round_win = game_pnl > 0 (decisive only),COMPATIBILITY_ONLY_NOT_PRODUCTION,4726.3868,4260.9992,168.7826,1339,1197,-0.03571071,-0.04850756,-0.02910476,-0.03571071,-168.7826,4726.3868,OK,0.0000,6.7513,4.0000,96.0000,AG03-UNRESOLVED,ALL5_LEVELS_bet23_to_bet27,6.7513,6.7513,6.7513,6.7513,6.7513,4.000000,4.000000,4.000000,4.000000,4.000000,96.000000,96.000000,96.000000,96.000000,96.000000,5.0,33.7565,31.1619,135.0261,137.6208,PENDING_AG03,FALSE,NOT_FOR_ENFORCEMENT,162.0313,4090.5592,168.7826,162.0313,6.7513,0.03571071,0.03428228,6.7513,162.0313,0.03428228,6.7513,6.7513,6.7513,6.7513,6.7513,162.0313,0.03428228,33.7565,31.1619,135.0261,137.6208,0.02856857,0.02911754,0.00142843,3.5298,3.5597,0.1410,3.6692,0.2905,102.7475,26.0217,3.1802,3.7422,2.0771,4.0878,4.1543,6.1317,6.2314,7.1537,3.1157,-1.022,1.524396,1.75,0.863492,29,159,71,5,0.34046406,0.03571071,0.04850756,0E-8,0.000000,0.901534,0.000000,-0.01940280,2026-05-27,2026-07-31,46,581,334,66,0.696970,0.849821,0.900951,1.134880,,,,,,,,GLOBAL_BASELINE_NO_ENTITY_RANKING,,,NOT_APPLICABLE_GLOBAL_BASELINE,HF9g-P5,,,,X 全窗基线 · 不参与实体赏罚,6878387,688,A168_HF9F_20260827_0900,2026-08-27 09:00:00
2026-06-19,132190460,763,0,16.6171613734,3.8427185677,3.8427185677,0.6666667,3,3,0.50218230000000000,0.502182300000,0.5697959874915163,0.5697959874915164,0.5697959874915163,0E-17,ELIGIBLE,R03b_20260811_FULL_v1,L1_ELIGIBILITY,v2026-08-11,2026-03-21..2026-08-06,baccarat_bet02_101_all_pairs_incl_sentinel,round_win = game_pnl > 0 (decisive only),COMPATIBILITY_ONLY_NOT_PRODUCTION,4726.3868,4260.9992,168.7826,1339,1197,-0.03571071,-0.04850756,-0.02910476,-0.03571071,-168.7826,4726.3868,OK,0.0000,6.7513,4.0000,96.0000,AG03-UNRESOLVED,ALL5_LEVELS_bet23_to_bet27,6.7513,6.7513,6.7513,6.7513,6.7513,4.000000,4.000000,4.000000,4.000000,4.000000,96.000000,96.000000,96.000000,96.000000,96.000000,5.0,33.7565,31.1619,135.0261,137.6208,PENDING_AG03,FALSE,NOT_FOR_ENFORCEMENT,162.0313,4090.5592,168.7826,162.0313,6.7513,0.03571071,0.03428228,6.7513,162.0313,0.03428228,6.7513,6.7513,6.7513,6.7513,6.7513,162.0313,0.03428228,33.7565,31.1619,135.0261,137.6208,0.02856857,0.02911754,0.00142843,3.5298,3.5597,0.1410,3.6692,0.2905,102.7475,26.0217,3.1802,3.7422,2.0771,4.0878,4.1543,6.1317,6.2314,7.1537,3.1157,-1.022,1.524396,1.75,0.863492,29,159,71,5,0.34046406,0.03571071,0.04850756,0E-8,0.000000,0.901534,0.000000,-0.01940280,2026-05-27,2026-07-31,46,581,334,66,0.696970,0.849821,0.900951,1.134880,,,,,,,,GLOBAL_BASELINE_NO_ENTITY_RANKING,,,NOT_APPLICABLE_GLOBAL_BASELINE,HF9g-P5,,,,X 全窗基线 · 不参与实体赏罚,6878388,688,A168_HF9F_20260827_0900,2026-08-27 09:00:00
2026-06-20,132190460,-1,1,8.3085806868,-8.3085806868,-8.3085806868,0E-7,2,2,0.49324550000000000,0.493245500000,-1.3952362676504506,-1.3952362676504506,-1.3952362676504506,0E-17,SENTINEL_DEALER,R03b_20260811_FULL_v1,L1_ELIGIBILITY,v2026-08-11,2026-03-21..2026-08-06,baccarat_bet02_101_all_pairs_incl_sentinel,round_win = game_pnl > 0 (decisive only),COMPATIBILITY_ONLY_NOT_PRODUCTION,4726.3868,4260.9992,168.7826,1339,1197,-0.03571071,-0.04850756,-0.02910476,-0.03571071,-168.7826,4726.3868,OK,0.0000,6.7513,4.0000,96.0000,AG03-UNRESOLVED,ALL5_LEVELS_bet23_to_bet27,6.7513,6.7513,6.7513,6.7513,6.7513,4.000000,4.000000,4.000000,4.000000,4.000000,96.000000,96.000000,96.000000,96.000000,96.000000,5.0,33.7565,31.1619,135.0261,137.6208,PENDING_AG03,FALSE,NOT_FOR_ENFORCEMENT,162.0313,4090.5592,168.7826,162.0313,6.7513,0.03571071,0.03428228,6.7513,162.0313,0.03428228,6.7513,6.7513,6.7513,6.7513,6.7513,162.0313,0.03428228,33.7565,31.1619,135.0261,137.6208,0.02856857,0.02911754,0.00142843,3.5298,3.5597,0.1410,3.6692,0.2905,102.7475,26.0217,3.1802,3.7422,2.0771,4.0878,4.1543,6.1317,6.2314,7.1537,3.1157,-1.022,1.524396,1.75,0.863492,29,159,71,5,0.34046406,0.03571071,0.04850756,0E-8,0.000000,0.901534,0.000000,-0.01940280,2026-05-27,2026-07-31,46,581,334,66,0.696970,0.849821,0.900951,1.134880,,,,,,,,GLOBAL_BASELINE_NO_ENTITY_RANKING,,,NOT_APPLICABLE_GLOBAL_BASELINE,HF9g-P5,,,,X 全窗基线 · 不参与实体赏罚,6878389,688,A168_HF9F_20260827_0900,2026-08-27 09:00:00
2026-06-20,132190460,1109,0,10.3857258585,6.2314355151,6.2314355151,1.0000000,3,3,0.49324550000000000,0.493245500000,1.4334489766152358,1.4334489766152358,1.4334489766152358,0E-17,ELIGIBLE,R03b_20260811_FULL_v1,L1_ELIGIBILITY,v2026-08-11,2026-03-21..2026-08-06,baccarat_bet02_101_all_pairs_incl_sentinel,round_win = game_pnl > 0 (decisive only),COMPATIBILITY_ONLY_NOT_PRODUCTION,4726.3868,4260.9992,168.7826,1339,1197,-0.03571071,-0.04850756,-0.02910476,-0.03571071,-168.7826,4726.3868,OK,0.0000,6.7513,4.0000,96.0000,AG03-UNRESOLVED,ALL5_LEVELS_bet23_to_bet27,6.7513,6.7513,6.7513,6.7513,6.7513,4.000000,4.000000,4.000000,4.000000,4.000000,96.000000,96.000000,96.000000,96.000000,96.000000,5.0,33.7565,31.1619,135.0261,137.6208,PENDING_AG03,FALSE,NOT_FOR_ENFORCEMENT,162.0313,4090.5592,168.7826,162.0313,6.7513,0.03571071,0.03428228,6.7513,162.0313,0.03428228,6.7513,6.7513,6.7513,6.7513,6.7513,162.0313,0.03428228,33.7565,31.1619,135.0261,137.6208,0.02856857,0.02911754,0.00142843,3.5298,3.5597,0.1410,3.6692,0.2905,102.7475,26.0217,3.1802,3.7422,2.0771,4.0878,4.1543,6.1317,6.2314,7.1537,3.1157,-1.022,1.524396,1.75,0.863492,29,159,71,5,0.34046406,0.03571071,0.04850756,0E-8,0.000000,0.901534,0.000000,-0.01940280,2026-05-27,2026-07-31,46,581,334,66,0.696970,0.849821,0.900951,1.134880,,,,,,,,GLOBAL_BASELINE_NO_ENTITY_RANKING,,,NOT_APPLICABLE_GLOBAL_BASELINE,HF9g-P5,,,,X 全窗基线 · 不参与实体赏罚,6878390,688,A168_HF9F_20260827_0900,2026-08-27 09:00:00
2026-06-20,132190460,1151,0,14.5400162019,1.8694306545,1.8694306545,0.5000000,4,4,0.49659680000000000,0.496596800000,0.013613115331600182,0.013613115331600183,0.013613115331600182,0E-17,ELIGIBLE,R03b_20260811_FULL_v1,L1_ELIGIBILITY,v2026-08-11,2026-03-21..2026-08-06,baccarat_bet02_101_all_pairs_incl_sentinel,round_win = game_pnl > 0 (decisive only),COMPATIBILITY_ONLY_NOT_PRODUCTION,4726.3868,4260.9992,168.7826,1339,1197,-0.03571071,-0.04850756,-0.02910476,-0.03571071,-168.7826,4726.3868,OK,0.0000,6.7513,4.0000,96.0000,AG03-UNRESOLVED,ALL5_LEVELS_bet23_to_bet27,6.7513,6.7513,6.7513,6.7513,6.7513,4.000000,4.000000,4.000000,4.000000,4.000000,96.000000,96.000000,96.000000,96.000000,96.000000,5.0,33.7565,31.1619,135.0261,137.6208,PENDING_AG03,FALSE,NOT_FOR_ENFORCEMENT,162.0313,4090.5592,168.7826,162.0313,6.7513,0.03571071,0.03428228,6.7513,162.0313,0.03428228,6.7513,6.7513,6.7513,6.7513,6.7513,162.0313,0.03428228,33.7565,31.1619,135.0261,137.6208,0.02856857,0.02911754,0.00142843,3.5298,3.5597,0.1410,3.6692,0.2905,102.7475,26.0217,3.1802,3.7422,2.0771,4.0878,4.1543,6.1317,6.2314,7.1537,3.1157,-1.022,1.524396,1.75,0.863492,29,159,71,5,0.34046406,0.03571071,0.04850756,0E-8,0.000000,0.901534,0.000000,-0.01940280,2026-05-27,2026-07-31,46,581,334,66,0.696970,0.849821,0.900951,1.134880,,,,,,,,GLOBAL_BASELINE_NO_ENTITY_RANKING,,,NOT_APPLICABLE_GLOBAL_BASELINE,HF9g-P5,,,,X 全窗基线 · 不参与实体赏罚,6878391,688,A168_HF9F_20260827_0900,2026-08-27 09:00:00
2026-06-20,132190460,1330,0,20.7714517169,-8.5162952039,-8.5162952039,0.3333333,5,4,0.48089770624969004,0.455144712500,-0.5115514466997744,-0.42367530610713144,-0.5115514466997744,0.02575299374969004,ELIGIBLE,R03b_20260811_FULL_v1,L1_ELIGIBILITY,v2026-08-11,2026-03-21..2026-08-06,baccarat_bet02_101_all_pairs_incl_sentinel,round_win = game_pnl > 0 (decisive only),COMPATIBILITY_ONLY_NOT_PRODUCTION,4726.3868,4260.9992,168.7826,1339,1197,-0.03571071,-0.04850756,-0.02910476,-0.03571071,-168.7826,4726.3868,OK,0.0000,6.7513,4.0000,96.0000,AG03-UNRESOLVED,ALL5_LEVELS_bet23_to_bet27,6.7513,6.7513,6.7513,6.7513,6.7513,4.000000,4.000000,4.000000,4.000000,4.000000,96.000000,96.000000,96.000000,96.000000,96.000000,5.0,33.7565,31.1619,135.0261,137.6208,PENDING_AG03,FALSE,NOT_FOR_ENFORCEMENT,162.0313,4090.5592,168.7826,162.0313,6.7513,0.03571071,0.03428228,6.7513,162.0313,0.03428228,6.7513,6.7513,6.7513,6.7513,6.7513,162.0313,0.03428228,33.7565,31.1619,135.0261,137.6208,0.02856857,0.02911754,0.00142843,3.5298,3.5597,0.1410,3.6692,0.2905,102.7475,26.0217,3.1802,3.7422,2.0771,4.0878,4.1543,6.1317,6.2314,7.1537,3.1157,-1.022,1.524396,1.75,0.863492,29,159,71,5,0.34046406,0.03571071,0.04850756,0E-8,0.000000,0.901534,0.000000,-0.01940280,2026-05-27,2026-07-31,46,581,334,66,0.696970,0.849821,0.900951,1.134880,,,,,,,,GLOBAL_BASELINE_NO_ENTITY_RANKING,,,NOT_APPLICABLE_GLOBAL_BASELINE,HF9g-P5,,,,X 全窗基线 · 不参与实体赏罚,6878392,688,A168_HF9F_20260827_0900,2026-08-27 09:00:00
2026-06-20,132190460,1385,0,3.1157177575,-3.1157177575,-3.1157177575,0E-7,1,1,0.50665070000000000,0.506650700000,-1.013391052207602,-1.013391052207602,-1.013391052207602,0E-17,ELIGIBLE,R03b_20260811_FULL_v1,L1_ELIGIBILITY,v2026-08-11,2026-03-21..2026-08-06,baccarat_bet02_101_all_pairs_incl_sentinel,round_win = game_pnl > 0 (decisive only),COMPATIBILITY_ONLY_NOT_PRODUCTION,4726.3868,4260.9992,168.7826,1339,1197,-0.03571071,-0.04850756,-0.02910476,-0.03571071,-168.7826,4726.3868,OK,0.0000,6.7513,4.0000,96.0000,AG03-UNRESOLVED,ALL5_LEVELS_bet23_to_bet27,6.7513,6.7513,6.7513,6.7513,6.7513,4.000000,4.000000,4.000000,4.000000,4.000000,96.000000,96.000000,96.000000,96.000000,96.000000,5.0,33.7565,31.1619,135.0261,137.6208,PENDING_AG03,FALSE,NOT_FOR_ENFORCEMENT,162.0313,4090.5592,168.7826,162.0313,6.7513,0.03571071,0.03428228,6.7513,162.0313,0.03428228,6.7513,6.7513,6.7513,6.7513,6.7513,162.0313,0.03428228,33.7565,31.1619,135.0261,137.6208,0.02856857,0.02911754,0.00142843,3.5298,3.5597,0.1410,3.6692,0.2905,102.7475,26.0217,3.1802,3.7422,2.0771,4.0878,4.1543,6.1317,6.2314,7.1537,3.1157,-1.022,1.524396,1.75,0.863492,29,159,71,5,0.34046406,0.03571071,0.04850756,0E-8,0.000000,0.901534,0.000000,-0.01940280,2026-05-27,2026-07-31,46,581,334,66,0.696970,0.849821,0.900951,1.134880,,,,,,,,GLOBAL_BASELINE_NO_ENTITY_RANKING,,,NOT_APPLICABLE_GLOBAL_BASELINE,HF9g-P5,,,,X 全窗基线 · 不参与实体赏罚,6878393,688,A168_HF9F_20260827_0900,2026-08-27 09:00:00
2026-06-20,132190460,1400,0,4.1542903434,4.1542903434,4.1542903434,1.0000000,1,1,0.49324550000000000,0.493245500000,1.01360149184955,1.01360149184955,1.01360149184955,0E-17,ELIGIBLE,R03b_20260811_FULL_v1,L1_ELIGIBILITY,v2026-08-11,2026-03-21..2026-08-06,baccarat_bet02_101_all_pairs_incl_sentinel,round_win = game_pnl > 0 (decisive only),COMPATIBILITY_ONLY_NOT_PRODUCTION,4726.3868,4260.9992,168.7826,1339,1197,-0.03571071,-0.04850756,-0.02910476,-0.03571071,-168.7826,4726.3868,OK,0.0000,6.7513,4.0000,96.0000,AG03-UNRESOLVED,ALL5_LEVELS_bet23_to_bet27,6.7513,6.7513,6.7513,6.7513,6.7513,4.000000,4.000000,4.000000,4.000000,4.000000,96.000000,96.000000,96.000000,96.000000,96.000000,5.0,33.7565,31.1619,135.0261,137.6208,PENDING_AG03,FALSE,NOT_FOR_ENFORCEMENT,162.0313,4090.5592,168.7826,162.0313,6.7513,0.03571071,0.03428228,6.7513,162.0313,0.03428228,6.7513,6.7513,6.7513,6.7513,6.7513,162.0313,0.03428228,33.7565,31.1619,135.0261,137.6208,0.02856857,0.02911754,0.00142843,3.5298,3.5597,0.1410,3.6692,0.2905,102.7475,26.0217,3.1802,3.7422,2.0771,4.0878,4.1543,6.1317,6.2314,7.1537,3.1157,-1.022,1.524396,1.75,0.863492,29,159,71,5,0.34046406,0.03571071,0.04850756,0E-8,0.000000,0.901534,0.000000,-0.01940280,2026-05-27,2026-07-31,46,581,334,66,0.696970,0.849821,0.900951,1.134880,,,,,,,,GLOBAL_BASELINE_NO_ENTITY_RANKING,,,NOT_APPLICABLE_GLOBAL_BASELINE,HF9g-P5,,,,X 全窗基线 · 不参与实体赏罚,6878394,688,A168_HF9F_20260827_0900,2026-08-27 09:00:00
2026-06-20,132190460,1935,0,2.0771451717,-2.0771451717,-2.0771451717,0E-7,1,1,0.49324550000000000,0.493245500000,-0.9865810262130424,-0.9865810262130424,-0.9865810262130424,0E-17,ELIGIBLE,R03b_20260811_FULL_v1,L1_ELIGIBILITY,v2026-08-11,2026-03-21..2026-08-06,baccarat_bet02_101_all_pairs_incl_sentinel,round_win = game_pnl > 0 (decisive only),COMPATIBILITY_ONLY_NOT_PRODUCTION,4726.3868,4260.9992,168.7826,1339,1197,-0.03571071,-0.04850756,-0.02910476,-0.03571071,-168.7826,4726.3868,OK,0.0000,6.7513,4.0000,96.0000,AG03-UNRESOLVED,ALL5_LEVELS_bet23_to_bet27,6.7513,6.7513,6.7513,6.7513,6.7513,4.000000,4.000000,4.000000,4.000000,4.000000,96.000000,96.000000,96.000000,96.000000,96.000000,5.0,33.7565,31.1619,135.0261,137.6208,PENDING_AG03,FALSE,NOT_FOR_ENFORCEMENT,162.0313,4090.5592,168.7826,162.0313,6.7513,0.03571071,0.03428228,6.7513,162.0313,0.03428228,6.7513,6.7513,6.7513,6.7513,6.7513,162.0313,0.03428228,33.7565,31.1619,135.0261,137.6208,0.02856857,0.02911754,0.00142843,3.5298,3.5597,0.1410,3.6692,0.2905,102.7475,26.0217,3.1802,3.7422,2.0771,4.0878,4.1543,6.1317,6.2314,7.1537,3.1157,-1.022,1.524396,1.75,0.863492,29,159,71,5,0.34046406,0.03571071,0.04850756,0E-8,0.000000,0.901534,0.000000,-0.01940280,2026-05-27,2026-07-31,46,581,334,66,0.696970,0.849821,0.900951,1.134880,,,,,,,,GLOBAL_BASELINE_NO_ENTITY_RANKING,,,NOT_APPLICABLE_GLOBAL_BASELINE,HF9g-P5,,,,X 全窗基线 · 不参与实体赏罚,6878395,688,A168_HF9F_20260827_0900,2026-08-27 09:00:00
2026-06-20,132190460,1941,0,12.4628710301,8.1008661695,8.1008661695,0.6666667,3,3,0.50218230000000000,0.502182300000,0.5697959874915163,0.5697959874915164,0.5697959874915163,0E-17,ELIGIBLE,R03b_20260811_FULL_v1,L1_ELIGIBILITY,v2026-08-11,2026-03-21..2026-08-06,baccarat_bet02_101_all_pairs_incl_sentinel,round_win = game_pnl > 0 (decisive only),COMPATIBILITY_ONLY_NOT_PRODUCTION,4726.3868,4260.9992,168.7826,1339,1197,-0.03571071,-0.04850756,-0.02910476,-0.03571071,-168.7826,4726.3868,OK,0.0000,6.7513,4.0000,96.0000,AG03-UNRESOLVED,ALL5_LEVELS_bet23_to_bet27,6.7513,6.7513,6.7513,6.7513,6.7513,4.000000,4.000000,4.000000,4.000000,4.000000,96.000000,96.000000,96.000000,96.000000,96.000000,5.0,33.7565,31.1619,135.0261,137.6208,PENDING_AG03,FALSE,NOT_FOR_ENFORCEMENT,162.0313,4090.5592,168.7826,162.0313,6.7513,0.03571071,0.03428228,6.7513,162.0313,0.03428228,6.7513,6.7513,6.7513,6.7513,6.7513,162.0313,0.03428228,33.7565,31.1619,135.0261,137.6208,0.02856857,0.02911754,0.00142843,3.5298,3.5597,0.1410,3.6692,0.2905,102.7475,26.0217,3.1802,3.7422,2.0771,4.0878,4.1543,6.1317,6.2314,7.1537,3.1157,-1.022,1.524396,1.75,0.863492,29,159,71,5,0.34046406,0.03571071,0.04850756,0E-8,0.000000,0.901534,0.000000,-0.01940280,2026-05-27,2026-07-31,46,581,334,66,0.696970,0.849821,0.900951,1.134880,,,,,,,,GLOBAL_BASELINE_NO_ENTITY_RANKING,,,NOT_APPLICABLE_GLOBAL_BASELINE,HF9g-P5,,,,X 全窗基线 · 不参与实体赏罚,6878396,688,A168_HF9F_20260827_0900,2026-08-27 09:00:00
2026-06-20,132190460,1957,0,6.2314355151,-2.1810024303,-2.1810024303,0.5000000,2,2,0.49994810000000000,0.499948100000,0.00014679536856514622,0.00014679536856514622,0.00014679536856514622,0E-17,ELIGIBLE,R03b_20260811_FULL_v1,L1_ELIGIBILITY,v2026-08-11,2026-03-21..2026-08-06,baccarat_bet02_101_all_pairs_incl_sentinel,round_win = game_pnl > 0 (decisive only),COMPATIBILITY_ONLY_NOT_PRODUCTION,4726.3868,4260.9992,168.7826,1339,1197,-0.03571071,-0.04850756,-0.02910476,-0.03571071,-168.7826,4726.3868,OK,0.0000,6.7513,4.0000,96.0000,AG03-UNRESOLVED,ALL5_LEVELS_bet23_to_bet27,6.7513,6.7513,6.7513,6.7513,6.7513,4.000000,4.000000,4.000000,4.000000,4.000000,96.000000,96.000000,96.000000,96.000000,96.000000,5.0,33.7565,31.1619,135.0261,137.6208,PENDING_AG03,FALSE,NOT_FOR_ENFORCEMENT,162.0313,4090.5592,168.7826,162.0313,6.7513,0.03571071,0.03428228,6.7513,162.0313,0.03428228,6.7513,6.7513,6.7513,6.7513,6.7513,162.0313,0.03428228,33.7565,31.1619,135.0261,137.6208,0.02856857,0.02911754,0.00142843,3.5298,3.5597,0.1410,3.6692,0.2905,102.7475,26.0217,3.1802,3.7422,2.0771,4.0878,4.1543,6.1317,6.2314,7.1537,3.1157,-1.022,1.524396,1.75,0.863492,29,159,71,5,0.34046406,0.03571071,0.04850756,0E-8,0.000000,0.901534,0.000000,-0.01940280,2026-05-27,2026-07-31,46,581,334,66,0.696970,0.849821,0.900951,1.134880,,,,,,,,GLOBAL_BASELINE_NO_ENTITY_RANKING,,,NOT_APPLICABLE_GLOBAL_BASELINE,HF9g-P5,,,,X 全窗基线 · 不参与实体赏罚,6878397,688,A168_HF9F_20260827_0900,2026-08-27 09:00:00
2026-06-20,132190460,1990,0,22.8485968884,-4.1542903434,-4.1542903434,0.3333333,4,4,0.49994810000000000,0.499948100000,-0.5771704854251445,-0.5771704854251445,-0.5771704854251445,0E-17,ELIGIBLE,R03b_20260811_FULL_v1,L1_ELIGIBILITY,v2026-08-11,2026-03-21..2026-08-06,baccarat_bet02_101_all_pairs_incl_sentinel,round_win = game_pnl > 0 (decisive only),COMPATIBILITY_ONLY_NOT_PRODUCTION,4726.3868,4260.9992,168.7826,1339,1197,-0.03571071,-0.04850756,-0.02910476,-0.03571071,-168.7826,4726.3868,OK,0.0000,6.7513,4.0000,96.0000,AG03-UNRESOLVED,ALL5_LEVELS_bet23_to_bet27,6.7513,6.7513,6.7513,6.7513,6.7513,4.000000,4.000000,4.000000,4.000000,4.000000,96.000000,96.000000,96.000000,96.000000,96.000000,5.0,33.7565,31.1619,135.0261,137.6208,PENDING_AG03,FALSE,NOT_FOR_ENFORCEMENT,162.0313,4090.5592,168.7826,162.0313,6.7513,0.03571071,0.03428228,6.7513,162.0313,0.03428228,6.7513,6.7513,6.7513,6.7513,6.7513,162.0313,0.03428228,33.7565,31.1619,135.0261,137.6208,0.02856857,0.02911754,0.00142843,3.5298,3.5597,0.1410,3.6692,0.2905,102.7475,26.0217,3.1802,3.7422,2.0771,4.0878,4.1543,6.1317,6.2314,7.1537,3.1157,-1.022,1.524396,1.75,0.863492,29,159,71,5,0.34046406,0.03571071,0.04850756,0E-8,0.000000,0.901534,0.000000,-0.01940280,2026-05-27,2026-07-31,46,581,334,66,0.696970,0.849821,0.900951,1.134880,,,,,,,,GLOBAL_BASELINE_NO_ENTITY_RANKING,,,NOT_APPLICABLE_GLOBAL_BASELINE,HF9g-P5,,,,X 全窗基线 · 不参与实体赏罚,6878398,688,A168_HF9F_20260827_0900,2026-08-27 09:00:00
2026-06-20,132190460,2101,0,4.1542903434,-4.1542903434,-4.1542903434,0E-7,1,1,0.49324550000000000,0.493245500000,-0.9865810262130424,-0.9865810262130424,-0.9865810262130424,0E-17,ELIGIBLE,R03b_20260811_FULL_v1,L1_ELIGIBILITY,v2026-08-11,2026-03-21..2026-08-06,baccarat_bet02_101_all_pairs_incl_sentinel,round_win = game_pnl > 0 (decisive only),COMPATIBILITY_ONLY_NOT_PRODUCTION,4726.3868,4260.9992,168.7826,1339,1197,-0.03571071,-0.04850756,-0.02910476,-0.03571071,-168.7826,4726.3868,OK,0.0000,6.7513,4.0000,96.0000,AG03-UNRESOLVED,ALL5_LEVELS_bet23_to_bet27,6.7513,6.7513,6.7513,6.7513,6.7513,4.000000,4.000000,4.000000,4.000000,4.000000,96.000000,96.000000,96.000000,96.000000,96.000000,5.0,33.7565,31.1619,135.0261,137.6208,PENDING_AG03,FALSE,NOT_FOR_ENFORCEMENT,162.0313,4090.5592,168.7826,162.0313,6.7513,0.03571071,0.03428228,6.7513,162.0313,0.03428228,6.7513,6.7513,6.7513,6.7513,6.7513,162.0313,0.03428228,33.7565,31.1619,135.0261,137.6208,0.02856857,0.02911754,0.00142843,3.5298,3.5597,0.1410,3.6692,0.2905,102.7475,26.0217,3.1802,3.7422,2.0771,4.0878,4.1543,6.1317,6.2314,7.1537,3.1157,-1.022,1.524396,1.75,0.863492,29,159,71,5,0.34046406,0.03571071,0.04850756,0E-8,0.000000,0.901534,0.000000,-0.01940280,2026-05-27,2026-07-31,46,581,334,66,0.696970,0.849821,0.900951,1.134880,,,,,,,,GLOBAL_BASELINE_NO_ENTITY_RANKING,,,NOT_APPLICABLE_GLOBAL_BASELINE,HF9g-P5,,,,X 全窗基线 · 不参与实体赏罚,6878399,688,A168_HF9F_20260827_0900,2026-08-27 09:00:00
2026-06-20,132190460,2129,0,4.1542903434,-4.1542903434,-4.1542903434,0E-7,1,1,0.49324550000000000,0.493245500000,-0.9865810262130424,-0.9865810262130424,-0.9865810262130424,0E-17,ELIGIBLE,R03b_20260811_FULL_v1,L1_ELIGIBILITY,v2026-08-11,2026-03-21..2026-08-06,baccarat_bet02_101_all_pairs_incl_sentinel,round_win = game_pnl > 0 (decisive only),COMPATIBILITY_ONLY_NOT_PRODUCTION,4726.3868,4260.9992,168.7826,1339,1197,-0.03571071,-0.04850756,-0.02910476,-0.03571071,-168.7826,4726.3868,OK,0.0000,6.7513,4.0000,96.0000,AG03-UNRESOLVED,ALL5_LEVELS_bet23_to_bet27,6.7513,6.7513,6.7513,6.7513,6.7513,4.000000,4.000000,4.000000,4.000000,4.000000,96.000000,96.000000,96.000000,96.000000,96.000000,5.0,33.7565,31.1619,135.0261,137.6208,PENDING_AG03,FALSE,NOT_FOR_ENFORCEMENT,162.0313,4090.5592,168.7826,162.0313,6.7513,0.03571071,0.03428228,6.7513,162.0313,0.03428228,6.7513,6.7513,6.7513,6.7513,6.7513,162.0313,0.03428228,33.7565,31.1619,135.0261,137.6208,0.02856857,0.02911754,0.00142843,3.5298,3.5597,0.1410,3.6692,0.2905,102.7475,26.0217,3.1802,3.7422,2.0771,4.0878,4.1543,6.1317,6.2314,7.1537,3.1157,-1.022,1.524396,1.75,0.863492,29,159,71,5,0.34046406,0.03571071,0.04850756,0E-8,0.000000,0.901534,0.000000,-0.01940280,2026-05-27,2026-07-31,46,581,334,66,0.696970,0.849821,0.900951,1.134880,,,,,,,,GLOBAL_BASELINE_NO_ENTITY_RANKING,,,NOT_APPLICABLE_GLOBAL_BASELINE,HF9g-P5,,,,X 全窗基线 · 不参与实体赏罚,6878400,688,A168_HF9F_20260827_0900,2026-08-27 09:00:00
2026-06-20,132190460,2130,0,10.3857258584,-10.3857258584,-10.3857258584,0E-7,2,2,0.49994810000000000,0.499948100000,-1.4140667746232096,-1.4140667746232096,-1.4140667746232096,0E-17,ELIGIBLE,R03b_20260811_FULL_v1,L1_ELIGIBILITY,v2026-08-11,2026-03-21..2026-08-06,baccarat_bet02_101_all_pairs_incl_sentinel,round_win = game_pnl > 0 (decisive only),COMPATIBILITY_ONLY_NOT_PRODUCTION,4726.3868,4260.9992,168.7826,1339,1197,-0.03571071,-0.04850756,-0.02910476,-0.03571071,-168.7826,4726.3868,OK,0.0000,6.7513,4.0000,96.0000,AG03-UNRESOLVED,ALL5_LEVELS_bet23_to_bet27,6.7513,6.7513,6.7513,6.7513,6.7513,4.000000,4.000000,4.000000,4.000000,4.000000,96.000000,96.000000,96.000000,96.000000,96.000000,5.0,33.7565,31.1619,135.0261,137.6208,PENDING_AG03,FALSE,NOT_FOR_ENFORCEMENT,162.0313,4090.5592,168.7826,162.0313,6.7513,0.03571071,0.03428228,6.7513,162.0313,0.03428228,6.7513,6.7513,6.7513,6.7513,6.7513,162.0313,0.03428228,33.7565,31.1619,135.0261,137.6208,0.02856857,0.02911754,0.00142843,3.5298,3.5597,0.1410,3.6692,0.2905,102.7475,26.0217,3.1802,3.7422,2.0771,4.0878,4.1543,6.1317,6.2314,7.1537,3.1157,-1.022,1.524396,1.75,0.863492,29,159,71,5,0.34046406,0.03571071,0.04850756,0E-8,0.000000,0.901534,0.000000,-0.01940280,2026-05-27,2026-07-31,46,581,334,66,0.696970,0.849821,0.900951,1.134880,,,,,,,,GLOBAL_BASELINE_NO_ENTITY_RANKING,,,NOT_APPLICABLE_GLOBAL_BASELINE,HF9g-P5,,,,X 全窗基线 · 不参与实体赏罚,6878401,688,A168_HF9F_20260827_0900,2026-08-27 09:00:00
2026-06-20,132190460,2209,0,2.0771451717,-2.0771451717,-2.0771451717,0E-7,1,1,0.50665070000000000,0.506650700000,-1.013391052207602,-1.013391052207602,-1.013391052207602,0E-17,ELIGIBLE,R03b_20260811_FULL_v1,L1_ELIGIBILITY,v2026-08-11,2026-03-21..2026-08-06,baccarat_bet02_101_all_pairs_incl_sentinel,round_win = game_pnl > 0 (decisive only),COMPATIBILITY_ONLY_NOT_PRODUCTION,4726.3868,4260.9992,168.7826,1339,1197,-0.03571071,-0.04850756,-0.02910476,-0.03571071,-168.7826,4726.3868,OK,0.0000,6.7513,4.0000,96.0000,AG03-UNRESOLVED,ALL5_LEVELS_bet23_to_bet27,6.7513,6.7513,6.7513,6.7513,6.7513,4.000000,4.000000,4.000000,4.000000,4.000000,96.000000,96.000000,96.000000,96.000000,96.000000,5.0,33.7565,31.1619,135.0261,137.6208,PENDING_AG03,FALSE,NOT_FOR_ENFORCEMENT,162.0313,4090.5592,168.7826,162.0313,6.7513,0.03571071,0.03428228,6.7513,162.0313,0.03428228,6.7513,6.7513,6.7513,6.7513,6.7513,162.0313,0.03428228,33.7565,31.1619,135.0261,137.6208,0.02856857,0.02911754,0.00142843,3.5298,3.5597,0.1410,3.6692,0.2905,102.7475,26.0217,3.1802,3.7422,2.0771,4.0878,4.1543,6.1317,6.2314,7.1537,3.1157,-1.022,1.524396,1.75,0.863492,29,159,71,5,0.34046406,0.03571071,0.04850756,0E-8,0.000000,0.901534,0.000000,-0.01940280,2026-05-27,2026-07-31,46,581,334,66,0.696970,0.849821,0.900951,1.134880,,,,,,,,GLOBAL_BASELINE_NO_ENTITY_RANKING,,,NOT_APPLICABLE_GLOBAL_BASELINE,HF9g-P5,,,,X 全窗基线 · 不参与实体赏罚,6878402,688,A168_HF9F_20260827_0900,2026-08-27 09:00:00
2026-06-20,132190460,2220,0,4.1542903434,4.1542903434,4.1542903434,1.0000000,1,1,0.49324550000000000,0.493245500000,1.01360149184955,1.01360149184955,1.01360149184955,0E-17,ELIGIBLE,R03b_20260811_FULL_v1,L1_ELIGIBILITY,v2026-08-11,2026-03-21..2026-08-06,baccarat_bet02_101_all_pairs_incl_sentinel,round_win = game_pnl > 0 (decisive only),COMPATIBILITY_ONLY_NOT_PRODUCTION,4726.3868,4260.9992,168.7826,1339,1197,-0.03571071,-0.04850756,-0.02910476,-0.03571071,-168.7826,4726.3868,OK,0.0000,6.7513,4.0000,96.0000,AG03-UNRESOLVED,ALL5_LEVELS_bet23_to_bet27,6.7513,6.7513,6.7513,6.7513,6.7513,4.000000,4.000000,4.000000,4.000000,4.000000,96.000000,96.000000,96.000000,96.000000,96.000000,5.0,33.7565,31.1619,135.0261,137.6208,PENDING_AG03,FALSE,NOT_FOR_ENFORCEMENT,162.0313,4090.5592,168.7826,162.0313,6.7513,0.03571071,0.03428228,6.7513,162.0313,0.03428228,6.7513,6.7513,6.7513,6.7513,6.7513,162.0313,0.03428228,33.7565,31.1619,135.0261,137.6208,0.02856857,0.02911754,0.00142843,3.5298,3.5597,0.1410,3.6692,0.2905,102.7475,26.0217,3.1802,3.7422,2.0771,4.0878,4.1543,6.1317,6.2314,7.1537,3.1157,-1.022,1.524396,1.75,0.863492,29,159,71,5,0.34046406,0.03571071,0.04850756,0E-8,0.000000,0.901534,0.000000,-0.01940280,2026-05-27,2026-07-31,46,581,334,66,0.696970,0.849821,0.900951,1.134880,,,,,,,,GLOBAL_BASELINE_NO_ENTITY_RANKING,,,NOT_APPLICABLE_GLOBAL_BASELINE,HF9g-P5,,,,X 全窗基线 · 不参与实体赏罚,6878403,688,A168_HF9F_20260827_0900,2026-08-27 09:00:00
2026-06-20,132190460,2224,0,16.6171613736,3.7388613090,3.7388613090,0.6666667,4,4,0.50329940000000000,0.503299400000,0.5659331339966515,0.5659331339966515,0.5659331339966515,0E-17,ELIGIBLE,R03b_20260811_FULL_v1,L1_ELIGIBILITY,v2026-08-11,2026-03-21..2026-08-06,baccarat_bet02_101_all_pairs_incl_sentinel,round_win = game_pnl > 0 (decisive only),COMPATIBILITY_ONLY_NOT_PRODUCTION,4726.3868,4260.9992,168.7826,1339,1197,-0.03571071,-0.04850756,-0.02910476,-0.03571071,-168.7826,4726.3868,OK,0.0000,6.7513,4.0000,96.0000,AG03-UNRESOLVED,ALL5_LEVELS_bet23_to_bet27,6.7513,6.7513,6.7513,6.7513,6.7513,4.000000,4.000000,4.000000,4.000000,4.000000,96.000000,96.000000,96.000000,96.000000,96.000000,5.0,33.7565,31.1619,135.0261,137.6208,PENDING_AG03,FALSE,NOT_FOR_ENFORCEMENT,162.0313,4090.5592,168.7826,162.0313,6.7513,0.03571071,0.03428228,6.7513,162.0313,0.03428228,6.7513,6.7513,6.7513,6.7513,6.7513,162.0313,0.03428228,33.7565,31.1619,135.0261,137.6208,0.02856857,0.02911754,0.00142843,3.5298,3.5597,0.1410,3.6692,0.2905,102.7475,26.0217,3.1802,3.7422,2.0771,4.0878,4.1543,6.1317,6.2314,7.1537,3.1157,-1.022,1.524396,1.75,0.863492,29,159,71,5,0.34046406,0.03571071,0.04850756,0E-8,0.000000,0.901534,0.000000,-0.01940280,2026-05-27,2026-07-31,46,581,334,66,0.696970,0.849821,0.900951,1.134880,,,,,,,,GLOBAL_BASELINE_NO_ENTITY_RANKING,,,NOT_APPLICABLE_GLOBAL_BASELINE,HF9g-P5,,,,X 全窗基线 · 不参与实体赏罚,6878404,688,A168_HF9F_20260827_0900,2026-08-27 09:00:00
2026-06-20,132190460,2248,0,22.8485968886,-2.2848596888,-2.2848596888,0.5000000,6,6,0.49994810000000000,0.499948100000,0.00025425703667063243,0.00025425703667063243,0.00025425703667063243,0E-17,ELIGIBLE,R03b_20260811_FULL_v1,L1_ELIGIBILITY,v2026-08-11,2026-03-21..2026-08-06,baccarat_bet02_101_all_pairs_incl_sentinel,round_win = game_pnl > 0 (decisive only),COMPATIBILITY_ONLY_NOT_PRODUCTION,4726.3868,4260.9992,168.7826,1339,1197,-0.03571071,-0.04850756,-0.02910476,-0.03571071,-168.7826,4726.3868,OK,0.0000,6.7513,4.0000,96.0000,AG03-UNRESOLVED,ALL5_LEVELS_bet23_to_bet27,6.7513,6.7513,6.7513,6.7513,6.7513,4.000000,4.000000,4.000000,4.000000,4.000000,96.000000,96.000000,96.000000,96.000000,96.000000,5.0,33.7565,31.1619,135.0261,137.6208,PENDING_AG03,FALSE,NOT_FOR_ENFORCEMENT,162.0313,4090.5592,168.7826,162.0313,6.7513,0.03571071,0.03428228,6.7513,162.0313,0.03428228,6.7513,6.7513,6.7513,6.7513,6.7513,162.0313,0.03428228,33.7565,31.1619,135.0261,137.6208,0.02856857,0.02911754,0.00142843,3.5298,3.5597,0.1410,3.6692,0.2905,102.7475,26.0217,3.1802,3.7422,2.0771,4.0878,4.1543,6.1317,6.2314,7.1537,3.1157,-1.022,1.524396,1.75,0.863492,29,159,71,5,0.34046406,0.03571071,0.04850756,0E-8,0.000000,0.901534,0.000000,-0.01940280,2026-05-27,2026-07-31,46,581,334,66,0.696970,0.849821,0.900951,1.134880,,,,,,,,GLOBAL_BASELINE_NO_ENTITY_RANKING,,,NOT_APPLICABLE_GLOBAL_BASELINE,HF9g-P5,,,,X 全窗基线 · 不参与实体赏罚,6878405,688,A168_HF9F_20260827_0900,2026-08-27 09:00:00
2026-06-20,132190460,2252,0,2.0771451717,2.0771451717,2.0771451717,1.0000000,1,1,0.49324550000000000,0.493245500000,1.01360149184955,1.01360149184955,1.01360149184955,0E-17,ELIGIBLE,R03b_20260811_FULL_v1,L1_ELIGIBILITY,v2026-08-11,2026-03-21..2026-08-06,baccarat_bet02_101_all_pairs_incl_sentinel,round_win = game_pnl > 0 (decisive only),COMPATIBILITY_ONLY_NOT_PRODUCTION,4726.3868,4260.9992,168.7826,1339,1197,-0.03571071,-0.04850756,-0.02910476,-0.03571071,-168.7826,4726.3868,OK,0.0000,6.7513,4.0000,96.0000,AG03-UNRESOLVED,ALL5_LEVELS_bet23_to_bet27,6.7513,6.7513,6.7513,6.7513,6.7513,4.000000,4.000000,4.000000,4.000000,4.000000,96.000000,96.000000,96.000000,96.000000,96.000000,5.0,33.7565,31.1619,135.0261,137.6208,PENDING_AG03,FALSE,NOT_FOR_ENFORCEMENT,162.0313,4090.5592,168.7826,162.0313,6.7513,0.03571071,0.03428228,6.7513,162.0313,0.03428228,6.7513,6.7513,6.7513,6.7513,6.7513,162.0313,0.03428228,33.7565,31.1619,135.0261,137.6208,0.02856857,0.02911754,0.00142843,3.5298,3.5597,0.1410,3.6692,0.2905,102.7475,26.0217,3.1802,3.7422,2.0771,4.0878,4.1543,6.1317,6.2314,7.1537,3.1157,-1.022,1.524396,1.75,0.863492,29,159,71,5,0.34046406,0.03571071,0.04850756,0E-8,0.000000,0.901534,0.000000,-0.01940280,2026-05-27,2026-07-31,46,581,334,66,0.696970,0.849821,0.900951,1.134880,,,,,,,,GLOBAL_BASELINE_NO_ENTITY_RANKING,,,NOT_APPLICABLE_GLOBAL_BASELINE,HF9g-P5,,,,X 全窗基线 · 不参与实体赏罚,6878406,688,A168_HF9F_20260827_0900,2026-08-27 09:00:00
2026-06-20,132190460,2256,0,4.1542903434,-4.1542903434,-4.1542903434,0E-7,1,1,0.50665070000000000,0.506650700000,-1.013391052207602,-1.013391052207602,-1.013391052207602,0E-17,ELIGIBLE,R03b_20260811_FULL_v1,L1_ELIGIBILITY,v2026-08-11,2026-03-21..2026-08-06,baccarat_bet02_101_all_pairs_incl_sentinel,round_win = game_pnl > 0 (decisive only),COMPATIBILITY_ONLY_NOT_PRODUCTION,4726.3868,4260.9992,168.7826,1339,1197,-0.03571071,-0.04850756,-0.02910476,-0.03571071,-168.7826,4726.3868,OK,0.0000,6.7513,4.0000,96.0000,AG03-UNRESOLVED,ALL5_LEVELS_bet23_to_bet27,6.7513,6.7513,6.7513,6.7513,6.7513,4.000000,4.000000,4.000000,4.000000,4.000000,96.000000,96.000000,96.000000,96.000000,96.000000,5.0,33.7565,31.1619,135.0261,137.6208,PENDING_AG03,FALSE,NOT_FOR_ENFORCEMENT,162.0313,4090.5592,168.7826,162.0313,6.7513,0.03571071,0.03428228,6.7513,162.0313,0.03428228,6.7513,6.7513,6.7513,6.7513,6.7513,162.0313,0.03428228,33.7565,31.1619,135.0261,137.6208,0.02856857,0.02911754,0.00142843,3.5298,3.5597,0.1410,3.6692,0.2905,102.7475,26.0217,3.1802,3.7422,2.0771,4.0878,4.1543,6.1317,6.2314,7.1537,3.1157,-1.022,1.524396,1.75,0.863492,29,159,71,5,0.34046406,0.03571071,0.04850756,0E-8,0.000000,0.901534,0.000000,-0.01940280,2026-05-27,2026-07-31,46,581,334,66,0.696970,0.849821,0.900951,1.134880,,,,,,,,GLOBAL_BASELINE_NO_ENTITY_RANKING,,,NOT_APPLICABLE_GLOBAL_BASELINE,HF9g-P5,,,,X 全窗基线 · 不参与实体赏罚,6878407,688,A168_HF9F_20260827_0900,2026-08-27 09:00:00
2026-06-20,132190460,2258,0,18.6943065453,-10.5934403757,-10.5934403757,0.2000000,5,5,0.50128862000000000,0.501288620000,-1.347408145195933,-1.347408145195933,-1.347408145195933,0E-17,ELIGIBLE,R03b_20260811_FULL_v1,L1_ELIGIBILITY,v2026-08-11,2026-03-21..2026-08-06,baccarat_bet02_101_all_pairs_incl_sentinel,round_win = game_pnl > 0 (decisive only),COMPATIBILITY_ONLY_NOT_PRODUCTION,4726.3868,4260.9992,168.7826,1339,1197,-0.03571071,-0.04850756,-0.02910476,-0.03571071,-168.7826,4726.3868,OK,0.0000,6.7513,4.0000,96.0000,AG03-UNRESOLVED,ALL5_LEVELS_bet23_to_bet27,6.7513,6.7513,6.7513,6.7513,6.7513,4.000000,4.000000,4.000000,4.000000,4.000000,96.000000,96.000000,96.000000,96.000000,96.000000,5.0,33.7565,31.1619,135.0261,137.6208,PENDING_AG03,FALSE,NOT_FOR_ENFORCEMENT,162.0313,4090.5592,168.7826,162.0313,6.7513,0.03571071,0.03428228,6.7513,162.0313,0.03428228,6.7513,6.7513,6.7513,6.7513,6.7513,162.0313,0.03428228,33.7565,31.1619,135.0261,137.6208,0.02856857,0.02911754,0.00142843,3.5298,3.5597,0.1410,3.6692,0.2905,102.7475,26.0217,3.1802,3.7422,2.0771,4.0878,4.1543,6.1317,6.2314,7.1537,3.1157,-1.022,1.524396,1.75,0.863492,29,159,71,5,0.34046406,0.03571071,0.04850756,0E-8,0.000000,0.901534,0.000000,-0.01940280,2026-05-27,2026-07-31,46,581,334,66,0.696970,0.849821,0.900951,1.134880,,,,,,,,GLOBAL_BASELINE_NO_ENTITY_RANKING,,,NOT_APPLICABLE_GLOBAL_BASELINE,HF9g-P5,,,,X 全窗基线 · 不参与实体赏罚,6878408,688,A168_HF9F_20260827_0900,2026-08-27 09:00:00
2026-06-20,132190460,2261,0,6.2314355151,-6.2314355151,-6.2314355151,0E-7,2,2,0.50665070000000000,0.506650700000,-1.4331513700195317,-1.4331513700195317,-1.4331513700195317,0E-17,ELIGIBLE,R03b_20260811_FULL_v1,L1_ELIGIBILITY,v2026-08-11,2026-03-21..2026-08-06,baccarat_bet02_101_all_pairs_incl_sentinel,round_win = game_pnl > 0 (decisive only),COMPATIBILITY_ONLY_NOT_PRODUCTION,4726.3868,4260.9992,168.7826,1339,1197,-0.03571071,-0.04850756,-0.02910476,-0.03571071,-168.7826,4726.3868,OK,0.0000,6.7513,4.0000,96.0000,AG03-UNRESOLVED,ALL5_LEVELS_bet23_to_bet27,6.7513,6.7513,6.7513,6.7513,6.7513,4.000000,4.000000,4.000000,4.000000,4.000000,96.000000,96.000000,96.000000,96.000000,96.000000,5.0,33.7565,31.1619,135.0261,137.6208,PENDING_AG03,FALSE,NOT_FOR_ENFORCEMENT,162.0313,4090.5592,168.7826,162.0313,6.7513,0.03571071,0.03428228,6.7513,162.0313,0.03428228,6.7513,6.7513,6.7513,6.7513,6.7513,162.0313,0.03428228,33.7565,31.1619,135.0261,137.6208,0.02856857,0.02911754,0.00142843,3.5298,3.5597,0.1410,3.6692,0.2905,102.7475,26.0217,3.1802,3.7422,2.0771,4.0878,4.1543,6.1317,6.2314,7.1537,3.1157,-1.022,1.524396,1.75,0.863492,29,159,71,5,0.34046406,0.03571071,0.04850756,0E-8,0.000000,0.901534,0.000000,-0.01940280,2026-05-27,2026-07-31,46,581,334,66,0.696970,0.849821,0.900951,1.134880,,,,,,,,GLOBAL_BASELINE_NO_ENTITY_RANKING,,,NOT_APPLICABLE_GLOBAL_BASELINE,HF9g-P5,,,,X 全窗基线 · 不参与实体赏罚,6878409,688,A168_HF9F_20260827_0900,2026-08-27 09:00:00
2026-06-20,132190460,2276,0,8.3085806868,-8.3085806868,-8.3085806868,0E-7,2,2,0.49994810000000000,0.499948100000,-1.4140667746232096,-1.4140667746232096,-1.4140667746232096,0E-17,ELIGIBLE,R03b_20260811_FULL_v1,L1_ELIGIBILITY,v2026-08-11,2026-03-21..2026-08-06,baccarat_bet02_101_all_pairs_incl_sentinel,round_win = game_pnl > 0 (decisive only),COMPATIBILITY_ONLY_NOT_PRODUCTION,4726.3868,4260.9992,168.7826,1339,1197,-0.03571071,-0.04850756,-0.02910476,-0.03571071,-168.7826,4726.3868,OK,0.0000,6.7513,4.0000,96.0000,AG03-UNRESOLVED,ALL5_LEVELS_bet23_to_bet27,6.7513,6.7513,6.7513,6.7513,6.7513,4.000000,4.000000,4.000000,4.000000,4.000000,96.000000,96.000000,96.000000,96.000000,96.000000,5.0,33.7565,31.1619,135.0261,137.6208,PENDING_AG03,FALSE,NOT_FOR_ENFORCEMENT,162.0313,4090.5592,168.7826,162.0313,6.7513,0.03571071,0.03428228,6.7513,162.0313,0.03428228,6.7513,6.7513,6.7513,6.7513,6.7513,162.0313,0.03428228,33.7565,31.1619,135.0261,137.6208,0.02856857,0.02911754,0.00142843,3.5298,3.5597,0.1410,3.6692,0.2905,102.7475,26.0217,3.1802,3.7422,2.0771,4.0878,4.1543,6.1317,6.2314,7.1537,3.1157,-1.022,1.524396,1.75,0.863492,29,159,71,5,0.34046406,0.03571071,0.04850756,0E-8,0.000000,0.901534,0.000000,-0.01940280,2026-05-27,2026-07-31,46,581,334,66,0.696970,0.849821,0.900951,1.134880,,,,,,,,GLOBAL_BASELINE_NO_ENTITY_RANKING,,,NOT_APPLICABLE_GLOBAL_BASELINE,HF9g-P5,,,,X 全窗基线 · 不参与实体赏罚,6878410,688,A168_HF9F_20260827_0900,2026-08-27 09:00:00
2026-06-20,132190460,2287,0,4.1542903434,-4.1542903434,-4.1542903434,0E-7,1,1,0.49324550000000000,0.493245500000,-0.9865810262130424,-0.9865810262130424,-0.9865810262130424,0E-17,ELIGIBLE,R03b_20260811_FULL_v1,L1_ELIGIBILITY,v2026-08-11,2026-03-21..2026-08-06,baccarat_bet02_101_all_pairs_incl_sentinel,round_win = game_pnl > 0 (decisive only),COMPATIBILITY_ONLY_NOT_PRODUCTION,4726.3868,4260.9992,168.7826,1339,1197,-0.03571071,-0.04850756,-0.02910476,-0.03571071,-168.7826,4726.3868,OK,0.0000,6.7513,4.0000,96.0000,AG03-UNRESOLVED,ALL5_LEVELS_bet23_to_bet27,6.7513,6.7513,6.7513,6.7513,6.7513,4.000000,4.000000,4.000000,4.000000,4.000000,96.000000,96.000000,96.000000,96.000000,96.000000,5.0,33.7565,31.1619,135.0261,137.6208,PENDING_AG03,FALSE,NOT_FOR_ENFORCEMENT,162.0313,4090.5592,168.7826,162.0313,6.7513,0.03571071,0.03428228,6.7513,162.0313,0.03428228,6.7513,6.7513,6.7513,6.7513,6.7513,162.0313,0.03428228,33.7565,31.1619,135.0261,137.6208,0.02856857,0.02911754,0.00142843,3.5298,3.5597,0.1410,3.6692,0.2905,102.7475,26.0217,3.1802,3.7422,2.0771,4.0878,4.1543,6.1317,6.2314,7.1537,3.1157,-1.022,1.524396,1.75,0.863492,29,159,71,5,0.34046406,0.03571071,0.04850756,0E-8,0.000000,0.901534,0.000000,-0.01940280,2026-05-27,2026-07-31,46,581,334,66,0.696970,0.849821,0.900951,1.134880,,,,,,,,GLOBAL_BASELINE_NO_ENTITY_RANKING,,,NOT_APPLICABLE_GLOBAL_BASELINE,HF9g-P5,,,,X 全窗基线 · 不参与实体赏罚,6878411,688,A168_HF9F_20260827_0900,2026-08-27 09:00:00
2026-06-20,132190460,462,0,10.3857258584,10.0741540827,10.0741540827,1.0000000,2,2,0.49994810000000000,0.499948100000,1.4143603653603398,1.4143603653603398,1.4143603653603398,0E-17,ELIGIBLE,R03b_20260811_FULL_v1,L1_ELIGIBILITY,v2026-08-11,2026-03-21..2026-08-06,baccarat_bet02_101_all_pairs_incl_sentinel,round_win = game_pnl > 0 (decisive only),COMPATIBILITY_ONLY_NOT_PRODUCTION,4726.3868,4260.9992,168.7826,1339,1197,-0.03571071,-0.04850756,-0.02910476,-0.03571071,-168.7826,4726.3868,OK,0.0000,6.7513,4.0000,96.0000,AG03-UNRESOLVED,ALL5_LEVELS_bet23_to_bet27,6.7513,6.7513,6.7513,6.7513,6.7513,4.000000,4.000000,4.000000,4.000000,4.000000,96.000000,96.000000,96.000000,96.000000,96.000000,5.0,33.7565,31.1619,135.0261,137.6208,PENDING_AG03,FALSE,NOT_FOR_ENFORCEMENT,162.0313,4090.5592,168.7826,162.0313,6.7513,0.03571071,0.03428228,6.7513,162.0313,0.03428228,6.7513,6.7513,6.7513,6.7513,6.7513,162.0313,0.03428228,33.7565,31.1619,135.0261,137.6208,0.02856857,0.02911754,0.00142843,3.5298,3.5597,0.1410,3.6692,0.2905,102.7475,26.0217,3.1802,3.7422,2.0771,4.0878,4.1543,6.1317,6.2314,7.1537,3.1157,-1.022,1.524396,1.75,0.863492,29,159,71,5,0.34046406,0.03571071,0.04850756,0E-8,0.000000,0.901534,0.000000,-0.01940280,2026-05-27,2026-07-31,46,581,334,66,0.696970,0.849821,0.900951,1.134880,,,,,,,,GLOBAL_BASELINE_NO_ENTITY_RANKING,,,NOT_APPLICABLE_GLOBAL_BASELINE,HF9g-P5,,,,X 全窗基线 · 不参与实体赏罚,6878412,688,A168_HF9F_20260827_0900,2026-08-27 09:00:00
2026-06-20,132190460,595,0,24.9257420602,3.8427185675,3.8427185675,0.5000000,5,5,0.49860758000000000,0.498607580000,0.005569701597489473,0.005569701597489473,0.005569701597489473,0E-17,ELIGIBLE,R03b_20260811_FULL_v1,L1_ELIGIBILITY,v2026-08-11,2026-03-21..2026-08-06,baccarat_bet02_101_all_pairs_incl_sentinel,round_win = game_pnl > 0 (decisive only),COMPATIBILITY_ONLY_NOT_PRODUCTION,4726.3868,4260.9992,168.7826,1339,1197,-0.03571071,-0.04850756,-0.02910476,-0.03571071,-168.7826,4726.3868,OK,0.0000,6.7513,4.0000,96.0000,AG03-UNRESOLVED,ALL5_LEVELS_bet23_to_bet27,6.7513,6.7513,6.7513,6.7513,6.7513,4.000000,4.000000,4.000000,4.000000,4.000000,96.000000,96.000000,96.000000,96.000000,96.000000,5.0,33.7565,31.1619,135.0261,137.6208,PENDING_AG03,FALSE,NOT_FOR_ENFORCEMENT,162.0313,4090.5592,168.7826,162.0313,6.7513,0.03571071,0.03428228,6.7513,162.0313,0.03428228,6.7513,6.7513,6.7513,6.7513,6.7513,162.0313,0.03428228,33.7565,31.1619,135.0261,137.6208,0.02856857,0.02911754,0.00142843,3.5298,3.5597,0.1410,3.6692,0.2905,102.7475,26.0217,3.1802,3.7422,2.0771,4.0878,4.1543,6.1317,6.2314,7.1537,3.1157,-1.022,1.524396,1.75,0.863492,29,159,71,5,0.34046406,0.03571071,0.04850756,0E-8,0.000000,0.901534,0.000000,-0.01940280,2026-05-27,2026-07-31,46,581,334,66,0.696970,0.849821,0.900951,1.134880,,,,,,,,GLOBAL_BASELINE_NO_ENTITY_RANKING,,,NOT_APPLICABLE_GLOBAL_BASELINE,HF9g-P5,,,,X 全窗基线 · 不参与实体赏罚,6878413,688,A168_HF9F_20260827_0900,2026-08-27 09:00:00
2026-06-20,132190460,759,0,4.1542903434,-4.1542903434,-4.1542903434,0E-7,1,1,0.50665070000000000,0.506650700000,-1.013391052207602,-1.013391052207602,-1.013391052207602,0E-17,ELIGIBLE,R03b_20260811_FULL_v1,L1_ELIGIBILITY,v2026-08-11,2026-03-21..2026-08-06,baccarat_bet02_101_all_pairs_incl_sentinel,round_win = game_pnl > 0 (decisive only),COMPATIBILITY_ONLY_NOT_PRODUCTION,4726.3868,4260.9992,168.7826,1339,1197,-0.03571071,-0.04850756,-0.02910476,-0.03571071,-168.7826,4726.3868,OK,0.0000,6.7513,4.0000,96.0000,AG03-UNRESOLVED,ALL5_LEVELS_bet23_to_bet27,6.7513,6.7513,6.7513,6.7513,6.7513,4.000000,4.000000,4.000000,4.000000,4.000000,96.000000,96.000000,96.000000,96.000000,96.000000,5.0,33.7565,31.1619,135.0261,137.6208,PENDING_AG03,FALSE,NOT_FOR_ENFORCEMENT,162.0313,4090.5592,168.7826,162.0313,6.7513,0.03571071,0.03428228,6.7513,162.0313,0.03428228,6.7513,6.7513,6.7513,6.7513,6.7513,162.0313,0.03428228,33.7565,31.1619,135.0261,137.6208,0.02856857,0.02911754,0.00142843,3.5298,3.5597,0.1410,3.6692,0.2905,102.7475,26.0217,3.1802,3.7422,2.0771,4.0878,4.1543,6.1317,6.2314,7.1537,3.1157,-1.022,1.524396,1.75,0.863492,29,159,71,5,0.34046406,0.03571071,0.04850756,0E-8,0.000000,0.901534,0.000000,-0.01940280,2026-05-27,2026-07-31,46,581,334,66,0.696970,0.849821,0.900951,1.134880,,,,,,,,GLOBAL_BASELINE_NO_ENTITY_RANKING,,,NOT_APPLICABLE_GLOBAL_BASELINE,HF9g-P5,,,,X 全窗基线 · 不参与实体赏罚,6878414,688,A168_HF9F_20260827_0900,2026-08-27 09:00:00
2026-06-20,132190460,789,0,10.3857258584,1.7655733959,1.7655733959,0.5000000,2,2,0.50665070000000000,0.506650700000,-0.018812684590367487,-0.018812684590367487,-0.018812684590367487,0E-17,ELIGIBLE,R03b_20260811_FULL_v1,L1_ELIGIBILITY,v2026-08-11,2026-03-21..2026-08-06,baccarat_bet02_101_all_pairs_incl_sentinel,round_win = game_pnl > 0 (decisive only),COMPATIBILITY_ONLY_NOT_PRODUCTION,4726.3868,4260.9992,168.7826,1339,1197,-0.03571071,-0.04850756,-0.02910476,-0.03571071,-168.7826,4726.3868,OK,0.0000,6.7513,4.0000,96.0000,AG03-UNRESOLVED,ALL5_LEVELS_bet23_to_bet27,6.7513,6.7513,6.7513,6.7513,6.7513,4.000000,4.000000,4.000000,4.000000,4.000000,96.000000,96.000000,96.000000,96.000000,96.000000,5.0,33.7565,31.1619,135.0261,137.6208,PENDING_AG03,FALSE,NOT_FOR_ENFORCEMENT,162.0313,4090.5592,168.7826,162.0313,6.7513,0.03571071,0.03428228,6.7513,162.0313,0.03428228,6.7513,6.7513,6.7513,6.7513,6.7513,162.0313,0.03428228,33.7565,31.1619,135.0261,137.6208,0.02856857,0.02911754,0.00142843,3.5298,3.5597,0.1410,3.6692,0.2905,102.7475,26.0217,3.1802,3.7422,2.0771,4.0878,4.1543,6.1317,6.2314,7.1537,3.1157,-1.022,1.524396,1.75,0.863492,29,159,71,5,0.34046406,0.03571071,0.04850756,0E-8,0.000000,0.901534,0.000000,-0.01940280,2026-05-27,2026-07-31,46,581,334,66,0.696970,0.849821,0.900951,1.134880,,,,,,,,GLOBAL_BASELINE_NO_ENTITY_RANKING,,,NOT_APPLICABLE_GLOBAL_BASELINE,HF9g-P5,,,,X 全窗基线 · 不参与实体赏罚,6878415,688,A168_HF9F_20260827_0900,2026-08-27 09:00:00
2026-06-22,132190460,1017,0,6.2314355151,6.0237209979,6.0237209979,1.0000000,2,2,0.49994810000000000,0.499948100000,1.4143603653603398,1.4143603653603398,1.4143603653603398,0E-17,ELIGIBLE,R03b_20260811_FULL_v1,L1_ELIGIBILITY,v2026-08-11,2026-03-21..2026-08-06,baccarat_bet02_101_all_pairs_incl_sentinel,round_win = game_pnl > 0 (decisive only),COMPATIBILITY_ONLY_NOT_PRODUCTION,4726.3868,4260.9992,168.7826,1339,1197,-0.03571071,-0.04850756,-0.02910476,-0.03571071,-168.7826,4726.3868,OK,0.0000,6.7513,4.0000,96.0000,AG03-UNRESOLVED,ALL5_LEVELS_bet23_to_bet27,6.7513,6.7513,6.7513,6.7513,6.7513,4.000000,4.000000,4.000000,4.000000,4.000000,96.000000,96.000000,96.000000,96.000000,96.000000,5.0,33.7565,31.1619,135.0261,137.6208,PENDING_AG03,FALSE,NOT_FOR_ENFORCEMENT,162.0313,4090.5592,168.7826,162.0313,6.7513,0.03571071,0.03428228,6.7513,162.0313,0.03428228,6.7513,6.7513,6.7513,6.7513,6.7513,162.0313,0.03428228,33.7565,31.1619,135.0261,137.6208,0.02856857,0.02911754,0.00142843,3.5298,3.5597,0.1410,3.6692,0.2905,102.7475,26.0217,3.1802,3.7422,2.0771,4.0878,4.1543,6.1317,6.2314,7.1537,3.1157,-1.022,1.524396,1.75,0.863492,29,159,71,5,0.34046406,0.03571071,0.04850756,0E-8,0.000000,0.901534,0.000000,-0.01940280,2026-05-27,2026-07-31,46,581,334,66,0.696970,0.849821,0.900951,1.134880,,,,,,,,GLOBAL_BASELINE_NO_ENTITY_RANKING,,,NOT_APPLICABLE_GLOBAL_BASELINE,HF9g-P5,,,,X 全窗基线 · 不参与实体赏罚,6878416,688,A168_HF9F_20260827_0900,2026-08-27 09:00:00
2026-06-22,132190460,1306,0,8.3085806868,8.1008661696,8.1008661696,1.0000000,2,2,0.49994810000000000,0.499948100000,1.4143603653603398,1.4143603653603398,1.4143603653603398,0E-17,ELIGIBLE,R03b_20260811_FULL_v1,L1_ELIGIBILITY,v2026-08-11,2026-03-21..2026-08-06,baccarat_bet02_101_all_pairs_incl_sentinel,round_win = game_pnl > 0 (decisive only),COMPATIBILITY_ONLY_NOT_PRODUCTION,4726.3868,4260.9992,168.7826,1339,1197,-0.03571071,-0.04850756,-0.02910476,-0.03571071,-168.7826,4726.3868,OK,0.0000,6.7513,4.0000,96.0000,AG03-UNRESOLVED,ALL5_LEVELS_bet23_to_bet27,6.7513,6.7513,6.7513,6.7513,6.7513,4.000000,4.000000,4.000000,4.000000,4.000000,96.000000,96.000000,96.000000,96.000000,96.000000,5.0,33.7565,31.1619,135.0261,137.6208,PENDING_AG03,FALSE,NOT_FOR_ENFORCEMENT,162.0313,4090.5592,168.7826,162.0313,6.7513,0.03571071,0.03428228,6.7513,162.0313,0.03428228,6.7513,6.7513,6.7513,6.7513,6.7513,162.0313,0.03428228,33.7565,31.1619,135.0261,137.6208,0.02856857,0.02911754,0.00142843,3.5298,3.5597,0.1410,3.6692,0.2905,102.7475,26.0217,3.1802,3.7422,2.0771,4.0878,4.1543,6.1317,6.2314,7.1537,3.1157,-1.022,1.524396,1.75,0.863492,29,159,71,5,0.34046406,0.03571071,0.04850756,0E-8,0.000000,0.901534,0.000000,-0.01940280,2026-05-27,2026-07-31,46,581,334,66,0.696970,0.849821,0.900951,1.134880,,,,,,,,GLOBAL_BASELINE_NO_ENTITY_RANKING,,,NOT_APPLICABLE_GLOBAL_BASELINE,HF9g-P5,,,,X 全窗基线 · 不参与实体赏罚,6878417,688,A168_HF9F_20260827_0900,2026-08-27 09:00:00
2026-06-22,132190460,1645,0,8.3085806868,-4.1542903434,-4.1542903434,0.3333333,3,3,0.50218230000000000,0.502182300000,-0.5849155494134425,-0.5849155494134426,-0.5849155494134425,0E-17,ELIGIBLE,R03b_20260811_FULL_v1,L1_ELIGIBILITY,v2026-08-11,2026-03-21..2026-08-06,baccarat_bet02_101_all_pairs_incl_sentinel,round_win = game_pnl > 0 (decisive only),COMPATIBILITY_ONLY_NOT_PRODUCTION,4726.3868,4260.9992,168.7826,1339,1197,-0.03571071,-0.04850756,-0.02910476,-0.03571071,-168.7826,4726.3868,OK,0.0000,6.7513,4.0000,96.0000,AG03-UNRESOLVED,ALL5_LEVELS_bet23_to_bet27,6.7513,6.7513,6.7513,6.7513,6.7513,4.000000,4.000000,4.000000,4.000000,4.000000,96.000000,96.000000,96.000000,96.000000,96.000000,5.0,33.7565,31.1619,135.0261,137.6208,PENDING_AG03,FALSE,NOT_FOR_ENFORCEMENT,162.0313,4090.5592,168.7826,162.0313,6.7513,0.03571071,0.03428228,6.7513,162.0313,0.03428228,6.7513,6.7513,6.7513,6.7513,6.7513,162.0313,0.03428228,33.7565,31.1619,135.0261,137.6208,0.02856857,0.02911754,0.00142843,3.5298,3.5597,0.1410,3.6692,0.2905,102.7475,26.0217,3.1802,3.7422,2.0771,4.0878,4.1543,6.1317,6.2314,7.1537,3.1157,-1.022,1.524396,1.75,0.863492,29,159,71,5,0.34046406,0.03571071,0.04850756,0E-8,0.000000,0.901534,0.000000,-0.01940280,2026-05-27,2026-07-31,46,581,334,66,0.696970,0.849821,0.900951,1.134880,,,,,,,,GLOBAL_BASELINE_NO_ENTITY_RANKING,,,NOT_APPLICABLE_GLOBAL_BASELINE,HF9g-P5,,,,X 全窗基线 · 不参与实体赏罚,6878418,688,A168_HF9F_20260827_0900,2026-08-27 09:00:00
2026-06-22,132190460,2103,0,10.3857258585,6.2314355151,6.2314355151,0.6666667,3,3,0.49324550000000000,0.493245500000,0.6008033672792107,0.6008033672792106,0.6008033672792107,0E-17,ELIGIBLE,R03b_20260811_FULL_v1,L1_ELIGIBILITY,v2026-08-11,2026-03-21..2026-08-06,baccarat_bet02_101_all_pairs_incl_sentinel,round_win = game_pnl > 0 (decisive only),COMPATIBILITY_ONLY_NOT_PRODUCTION,4726.3868,4260.9992,168.7826,1339,1197,-0.03571071,-0.04850756,-0.02910476,-0.03571071,-168.7826,4726.3868,OK,0.0000,6.7513,4.0000,96.0000,AG03-UNRESOLVED,ALL5_LEVELS_bet23_to_bet27,6.7513,6.7513,6.7513,6.7513,6.7513,4.000000,4.000000,4.000000,4.000000,4.000000,96.000000,96.000000,96.000000,96.000000,96.000000,5.0,33.7565,31.1619,135.0261,137.6208,PENDING_AG03,FALSE,NOT_FOR_ENFORCEMENT,162.0313,4090.5592,168.7826,162.0313,6.7513,0.03571071,0.03428228,6.7513,162.0313,0.03428228,6.7513,6.7513,6.7513,6.7513,6.7513,162.0313,0.03428228,33.7565,31.1619,135.0261,137.6208,0.02856857,0.02911754,0.00142843,3.5298,3.5597,0.1410,3.6692,0.2905,102.7475,26.0217,3.1802,3.7422,2.0771,4.0878,4.1543,6.1317,6.2314,7.1537,3.1157,-1.022,1.524396,1.75,0.863492,29,159,71,5,0.34046406,0.03571071,0.04850756,0E-8,0.000000,0.901534,0.000000,-0.01940280,2026-05-27,2026-07-31,46,581,334,66,0.696970,0.849821,0.900951,1.134880,,,,,,,,GLOBAL_BASELINE_NO_ENTITY_RANKING,,,NOT_APPLICABLE_GLOBAL_BASELINE,HF9g-P5,,,,X 全窗基线 · 不参与实体赏罚,6878419,688,A168_HF9F_20260827_0900,2026-08-27 09:00:00
2026-06-22,132190460,2134,0,4.1542903434,-4.1542903434,-4.1542903434,0E-7,1,1,0.50665070000000000,0.506650700000,-1.013391052207602,-1.013391052207602,-1.013391052207602,0E-17,ELIGIBLE,R03b_20260811_FULL_v1,L1_ELIGIBILITY,v2026-08-11,2026-03-21..2026-08-06,baccarat_bet02_101_all_pairs_incl_sentinel,round_win = game_pnl > 0 (decisive only),COMPATIBILITY_ONLY_NOT_PRODUCTION,4726.3868,4260.9992,168.7826,1339,1197,-0.03571071,-0.04850756,-0.02910476,-0.03571071,-168.7826,4726.3868,OK,0.0000,6.7513,4.0000,96.0000,AG03-UNRESOLVED,ALL5_LEVELS_bet23_to_bet27,6.7513,6.7513,6.7513,6.7513,6.7513,4.000000,4.000000,4.000000,4.000000,4.000000,96.000000,96.000000,96.000000,96.000000,96.000000,5.0,33.7565,31.1619,135.0261,137.6208,PENDING_AG03,FALSE,NOT_FOR_ENFORCEMENT,162.0313,4090.5592,168.7826,162.0313,6.7513,0.03571071,0.03428228,6.7513,162.0313,0.03428228,6.7513,6.7513,6.7513,6.7513,6.7513,162.0313,0.03428228,33.7565,31.1619,135.0261,137.6208,0.02856857,0.02911754,0.00142843,3.5298,3.5597,0.1410,3.6692,0.2905,102.7475,26.0217,3.1802,3.7422,2.0771,4.0878,4.1543,6.1317,6.2314,7.1537,3.1157,-1.022,1.524396,1.75,0.863492,29,159,71,5,0.34046406,0.03571071,0.04850756,0E-8,0.000000,0.901534,0.000000,-0.01940280,2026-05-27,2026-07-31,46,581,334,66,0.696970,0.849821,0.900951,1.134880,,,,,,,,GLOBAL_BASELINE_NO_ENTITY_RANKING,,,NOT_APPLICABLE_GLOBAL_BASELINE,HF9g-P5,,,,X 全窗基线 · 不参与实体赏罚,6878420,688,A168_HF9F_20260827_0900,2026-08-27 09:00:00
2026-06-22,132190460,2169,0,8.3085806868,-0.1038572586,-0.1038572586,0.6666667,3,3,0.50218230000000000,0.502182300000,0.5697959874915163,0.5697959874915164,0.5697959874915163,0E-17,ELIGIBLE,R03b_20260811_FULL_v1,L1_ELIGIBILITY,v2026-08-11,2026-03-21..2026-08-06,baccarat_bet02_101_all_pairs_incl_sentinel,round_win = game_pnl > 0 (decisive only),COMPATIBILITY_ONLY_NOT_PRODUCTION,4726.3868,4260.9992,168.7826,1339,1197,-0.03571071,-0.04850756,-0.02910476,-0.03571071,-168.7826,4726.3868,OK,0.0000,6.7513,4.0000,96.0000,AG03-UNRESOLVED,ALL5_LEVELS_bet23_to_bet27,6.7513,6.7513,6.7513,6.7513,6.7513,4.000000,4.000000,4.000000,4.000000,4.000000,96.000000,96.000000,96.000000,96.000000,96.000000,5.0,33.7565,31.1619,135.0261,137.6208,PENDING_AG03,FALSE,NOT_FOR_ENFORCEMENT,162.0313,4090.5592,168.7826,162.0313,6.7513,0.03571071,0.03428228,6.7513,162.0313,0.03428228,6.7513,6.7513,6.7513,6.7513,6.7513,162.0313,0.03428228,33.7565,31.1619,135.0261,137.6208,0.02856857,0.02911754,0.00142843,3.5298,3.5597,0.1410,3.6692,0.2905,102.7475,26.0217,3.1802,3.7422,2.0771,4.0878,4.1543,6.1317,6.2314,7.1537,3.1157,-1.022,1.524396,1.75,0.863492,29,159,71,5,0.34046406,0.03571071,0.04850756,0E-8,0.000000,0.901534,0.000000,-0.01940280,2026-05-27,2026-07-31,46,581,334,66,0.696970,0.849821,0.900951,1.134880,,,,,,,,GLOBAL_BASELINE_NO_ENTITY_RANKING,,,NOT_APPLICABLE_GLOBAL_BASELINE,HF9g-P5,,,,X 全窗基线 · 不参与实体赏罚,6878421,688,A168_HF9F_20260827_0900,2026-08-27 09:00:00
2026-06-22,132190460,2223,0,2.0771451717,1.9732879131,1.9732879131,1.0000000,1,1,0.50665070000000000,0.506650700000,0.9867858985152569,0.9867858985152569,0.9867858985152569,0E-17,ELIGIBLE,R03b_20260811_FULL_v1,L1_ELIGIBILITY,v2026-08-11,2026-03-21..2026-08-06,baccarat_bet02_101_all_pairs_incl_sentinel,round_win = game_pnl > 0 (decisive only),COMPATIBILITY_ONLY_NOT_PRODUCTION,4726.3868,4260.9992,168.7826,1339,1197,-0.03571071,-0.04850756,-0.02910476,-0.03571071,-168.7826,4726.3868,OK,0.0000,6.7513,4.0000,96.0000,AG03-UNRESOLVED,ALL5_LEVELS_bet23_to_bet27,6.7513,6.7513,6.7513,6.7513,6.7513,4.000000,4.000000,4.000000,4.000000,4.000000,96.000000,96.000000,96.000000,96.000000,96.000000,5.0,33.7565,31.1619,135.0261,137.6208,PENDING_AG03,FALSE,NOT_FOR_ENFORCEMENT,162.0313,4090.5592,168.7826,162.0313,6.7513,0.03571071,0.03428228,6.7513,162.0313,0.03428228,6.7513,6.7513,6.7513,6.7513,6.7513,162.0313,0.03428228,33.7565,31.1619,135.0261,137.6208,0.02856857,0.02911754,0.00142843,3.5298,3.5597,0.1410,3.6692,0.2905,102.7475,26.0217,3.1802,3.7422,2.0771,4.0878,4.1543,6.1317,6.2314,7.1537,3.1157,-1.022,1.524396,1.75,0.863492,29,159,71,5,0.34046406,0.03571071,0.04850756,0E-8,0.000000,0.901534,0.000000,-0.01940280,2026-05-27,2026-07-31,46,581,334,66,0.696970,0.849821,0.900951,1.134880,,,,,,,,GLOBAL_BASELINE_NO_ENTITY_RANKING,,,NOT_APPLICABLE_GLOBAL_BASELINE,HF9g-P5,,,,X 全窗基线 · 不参与实体赏罚,6878422,688,A168_HF9F_20260827_0900,2026-08-27 09:00:00
2026-06-22,132190460,529,0,4.1542903434,4.1542903434,4.1542903434,1.0000000,1,1,0.49324550000000000,0.493245500000,1.01360149184955,1.01360149184955,1.01360149184955,0E-17,ELIGIBLE,R03b_20260811_FULL_v1,L1_ELIGIBILITY,v2026-08-11,2026-03-21..2026-08-06,baccarat_bet02_101_all_pairs_incl_sentinel,round_win = game_pnl > 0 (decisive only),COMPATIBILITY_ONLY_NOT_PRODUCTION,4726.3868,4260.9992,168.7826,1339,1197,-0.03571071,-0.04850756,-0.02910476,-0.03571071,-168.7826,4726.3868,OK,0.0000,6.7513,4.0000,96.0000,AG03-UNRESOLVED,ALL5_LEVELS_bet23_to_bet27,6.7513,6.7513,6.7513,6.7513,6.7513,4.000000,4.000000,4.000000,4.000000,4.000000,96.000000,96.000000,96.000000,96.000000,96.000000,5.0,33.7565,31.1619,135.0261,137.6208,PENDING_AG03,FALSE,NOT_FOR_ENFORCEMENT,162.0313,4090.5592,168.7826,162.0313,6.7513,0.03571071,0.03428228,6.7513,162.0313,0.03428228,6.7513,6.7513,6.7513,6.7513,6.7513,162.0313,0.03428228,33.7565,31.1619,135.0261,137.6208,0.02856857,0.02911754,0.00142843,3.5298,3.5597,0.1410,3.6692,0.2905,102.7475,26.0217,3.1802,3.7422,2.0771,4.0878,4.1543,6.1317,6.2314,7.1537,3.1157,-1.022,1.524396,1.75,0.863492,29,159,71,5,0.34046406,0.03571071,0.04850756,0E-8,0.000000,0.901534,0.000000,-0.01940280,2026-05-27,2026-07-31,46,581,334,66,0.696970,0.849821,0.900951,1.134880,,,,,,,,GLOBAL_BASELINE_NO_ENTITY_RANKING,,,NOT_APPLICABLE_GLOBAL_BASELINE,HF9g-P5,,,,X 全窗基线 · 不参与实体赏罚,6878423,688,A168_HF9F_20260827_0900,2026-08-27 09:00:00
2026-06-22,132190460,789,0,8.3085806868,-0.2077145172,-0.2077145172,0.5000000,2,2,0.49994810000000000,0.499948100000,0.00014679536856514622,0.00014679536856514622,0.00014679536856514622,0E-17,ELIGIBLE,R03b_20260811_FULL_v1,L1_ELIGIBILITY,v2026-08-11,2026-03-21..2026-08-06,baccarat_bet02_101_all_pairs_incl_sentinel,round_win = game_pnl > 0 (decisive only),COMPATIBILITY_ONLY_NOT_PRODUCTION,4726.3868,4260.9992,168.7826,1339,1197,-0.03571071,-0.04850756,-0.02910476,-0.03571071,-168.7826,4726.3868,OK,0.0000,6.7513,4.0000,96.0000,AG03-UNRESOLVED,ALL5_LEVELS_bet23_to_bet27,6.7513,6.7513,6.7513,6.7513,6.7513,4.000000,4.000000,4.000000,4.000000,4.000000,96.000000,96.000000,96.000000,96.000000,96.000000,5.0,33.7565,31.1619,135.0261,137.6208,PENDING_AG03,FALSE,NOT_FOR_ENFORCEMENT,162.0313,4090.5592,168.7826,162.0313,6.7513,0.03571071,0.03428228,6.7513,162.0313,0.03428228,6.7513,6.7513,6.7513,6.7513,6.7513,162.0313,0.03428228,33.7565,31.1619,135.0261,137.6208,0.02856857,0.02911754,0.00142843,3.5298,3.5597,0.1410,3.6692,0.2905,102.7475,26.0217,3.1802,3.7422,2.0771,4.0878,4.1543,6.1317,6.2314,7.1537,3.1157,-1.022,1.524396,1.75,0.863492,29,159,71,5,0.34046406,0.03571071,0.04850756,0E-8,0.000000,0.901534,0.000000,-0.01940280,2026-05-27,2026-07-31,46,581,334,66,0.696970,0.849821,0.900951,1.134880,,,,,,,,GLOBAL_BASELINE_NO_ENTITY_RANKING,,,NOT_APPLICABLE_GLOBAL_BASELINE,HF9g-P5,,,,X 全窗基线 · 不参与实体赏罚,6878424,688,A168_HF9F_20260827_0900,2026-08-27 09:00:00
2026-06-23,132190460,1402,0,3.1157177575,2.9599318696,2.9599318696,1.0000000,1,1,0.50665070000000000,0.506650700000,0.9867858985152569,0.9867858985152569,0.9867858985152569,0E-17,ELIGIBLE,R03b_20260811_FULL_v1,L1_ELIGIBILITY,v2026-08-11,2026-03-21..2026-08-06,baccarat_bet02_101_all_pairs_incl_sentinel,round_win = game_pnl > 0 (decisive only),COMPATIBILITY_ONLY_NOT_PRODUCTION,4726.3868,4260.9992,168.7826,1339,1197,-0.03571071,-0.04850756,-0.02910476,-0.03571071,-168.7826,4726.3868,OK,0.0000,6.7513,4.0000,96.0000,AG03-UNRESOLVED,ALL5_LEVELS_bet23_to_bet27,6.7513,6.7513,6.7513,6.7513,6.7513,4.000000,4.000000,4.000000,4.000000,4.000000,96.000000,96.000000,96.000000,96.000000,96.000000,5.0,33.7565,31.1619,135.0261,137.6208,PENDING_AG03,FALSE,NOT_FOR_ENFORCEMENT,162.0313,4090.5592,168.7826,162.0313,6.7513,0.03571071,0.03428228,6.7513,162.0313,0.03428228,6.7513,6.7513,6.7513,6.7513,6.7513,162.0313,0.03428228,33.7565,31.1619,135.0261,137.6208,0.02856857,0.02911754,0.00142843,3.5298,3.5597,0.1410,3.6692,0.2905,102.7475,26.0217,3.1802,3.7422,2.0771,4.0878,4.1543,6.1317,6.2314,7.1537,3.1157,-1.022,1.524396,1.75,0.863492,29,159,71,5,0.34046406,0.03571071,0.04850756,0E-8,0.000000,0.901534,0.000000,-0.01940280,2026-05-27,2026-07-31,46,581,334,66,0.696970,0.849821,0.900951,1.134880,,,,,,,,GLOBAL_BASELINE_NO_ENTITY_RANKING,,,NOT_APPLICABLE_GLOBAL_BASELINE,HF9g-P5,,,,X 全窗基线 · 不参与实体赏罚,6878425,688,A168_HF9F_20260827_0900,2026-08-27 09:00:00
2026-06-23,132190460,2093,0,2.0771451717,-2.0771451717,-2.0771451717,0E-7,1,1,0.50665070000000000,0.506650700000,-1.013391052207602,-1.013391052207602,-1.013391052207602,0E-17,ELIGIBLE,R03b_20260811_FULL_v1,L1_ELIGIBILITY,v2026-08-11,2026-03-21..2026-08-06,baccarat_bet02_101_all_pairs_incl_sentinel,round_win = game_pnl > 0 (decisive only),COMPATIBILITY_ONLY_NOT_PRODUCTION,4726.3868,4260.9992,168.7826,1339,1197,-0.03571071,-0.04850756,-0.02910476,-0.03571071,-168.7826,4726.3868,OK,0.0000,6.7513,4.0000,96.0000,AG03-UNRESOLVED,ALL5_LEVELS_bet23_to_bet27,6.7513,6.7513,6.7513,6.7513,6.7513,4.000000,4.000000,4.000000,4.000000,4.000000,96.000000,96.000000,96.000000,96.000000,96.000000,5.0,33.7565,31.1619,135.0261,137.6208,PENDING_AG03,FALSE,NOT_FOR_ENFORCEMENT,162.0313,4090.5592,168.7826,162.0313,6.7513,0.03571071,0.03428228,6.7513,162.0313,0.03428228,6.7513,6.7513,6.7513,6.7513,6.7513,162.0313,0.03428228,33.7565,31.1619,135.0261,137.6208,0.02856857,0.02911754,0.00142843,3.5298,3.5597,0.1410,3.6692,0.2905,102.7475,26.0217,3.1802,3.7422,2.0771,4.0878,4.1543,6.1317,6.2314,7.1537,3.1157,-1.022,1.524396,1.75,0.863492,29,159,71,5,0.34046406,0.03571071,0.04850756,0E-8,0.000000,0.901534,0.000000,-0.01940280,2026-05-27,2026-07-31,46,581,334,66,0.696970,0.849821,0.900951,1.134880,,,,,,,,GLOBAL_BASELINE_NO_ENTITY_RANKING,,,NOT_APPLICABLE_GLOBAL_BASELINE,HF9g-P5,,,,X 全窗基线 · 不参与实体赏罚,6878426,688,A168_HF9F_20260827_0900,2026-08-27 09:00:00
2026-06-23,132190460,2223,0,3.1157177575,3.1157177575,3.1157177575,1.0000000,1,1,0.49324550000000000,0.493245500000,1.01360149184955,1.01360149184955,1.01360149184955,0E-17,ELIGIBLE,R03b_20260811_FULL_v1,L1_ELIGIBILITY,v2026-08-11,2026-03-21..2026-08-06,baccarat_bet02_101_all_pairs_incl_sentinel,round_win = game_pnl > 0 (decisive only),COMPATIBILITY_ONLY_NOT_PRODUCTION,4726.3868,4260.9992,168.7826,1339,1197,-0.03571071,-0.04850756,-0.02910476,-0.03571071,-168.7826,4726.3868,OK,0.0000,6.7513,4.0000,96.0000,AG03-UNRESOLVED,ALL5_LEVELS_bet23_to_bet27,6.7513,6.7513,6.7513,6.7513,6.7513,4.000000,4.000000,4.000000,4.000000,4.000000,96.000000,96.000000,96.000000,96.000000,96.000000,5.0,33.7565,31.1619,135.0261,137.6208,PENDING_AG03,FALSE,NOT_FOR_ENFORCEMENT,162.0313,4090.5592,168.7826,162.0313,6.7513,0.03571071,0.03428228,6.7513,162.0313,0.03428228,6.7513,6.7513,6.7513,6.7513,6.7513,162.0313,0.03428228,33.7565,31.1619,135.0261,137.6208,0.02856857,0.02911754,0.00142843,3.5298,3.5597,0.1410,3.6692,0.2905,102.7475,26.0217,3.1802,3.7422,2.0771,4.0878,4.1543,6.1317,6.2314,7.1537,3.1157,-1.022,1.524396,1.75,0.863492,29,159,71,5,0.34046406,0.03571071,0.04850756,0E-8,0.000000,0.901534,0.000000,-0.01940280,2026-05-27,2026-07-31,46,581,334,66,0.696970,0.849821,0.900951,1.134880,,,,,,,,GLOBAL_BASELINE_NO_ENTITY_RANKING,,,NOT_APPLICABLE_GLOBAL_BASELINE,HF9g-P5,,,,X 全窗基线 · 不参与实体赏罚,6878427,688,A168_HF9F_20260827_0900,2026-08-27 09:00:00
2026-06-24,132190460,-1,1,4.1542903434,4.1542903434,4.1542903434,1.0000000,1,1,0.49324550000000000,0.493245500000,1.01360149184955,1.01360149184955,1.01360149184955,0E-17,SENTINEL_DEALER,R03b_20260811_FULL_v1,L1_ELIGIBILITY,v2026-08-11,2026-03-21..2026-08-06,baccarat_bet02_101_all_pairs_incl_sentinel,round_win = game_pnl > 0 (decisive only),COMPATIBILITY_ONLY_NOT_PRODUCTION,4726.3868,4260.9992,168.7826,1339,1197,-0.03571071,-0.04850756,-0.02910476,-0.03571071,-168.7826,4726.3868,OK,0.0000,6.7513,4.0000,96.0000,AG03-UNRESOLVED,ALL5_LEVELS_bet23_to_bet27,6.7513,6.7513,6.7513,6.7513,6.7513,4.000000,4.000000,4.000000,4.000000,4.000000,96.000000,96.000000,96.000000,96.000000,96.000000,5.0,33.7565,31.1619,135.0261,137.6208,PENDING_AG03,FALSE,NOT_FOR_ENFORCEMENT,162.0313,4090.5592,168.7826,162.0313,6.7513,0.03571071,0.03428228,6.7513,162.0313,0.03428228,6.7513,6.7513,6.7513,6.7513,6.7513,162.0313,0.03428228,33.7565,31.1619,135.0261,137.6208,0.02856857,0.02911754,0.00142843,3.5298,3.5597,0.1410,3.6692,0.2905,102.7475,26.0217,3.1802,3.7422,2.0771,4.0878,4.1543,6.1317,6.2314,7.1537,3.1157,-1.022,1.524396,1.75,0.863492,29,159,71,5,0.34046406,0.03571071,0.04850756,0E-8,0.000000,0.901534,0.000000,-0.01940280,2026-05-27,2026-07-31,46,581,334,66,0.696970,0.849821,0.900951,1.134880,,,,,,,,GLOBAL_BASELINE_NO_ENTITY_RANKING,,,NOT_APPLICABLE_GLOBAL_BASELINE,HF9g-P5,,,,X 全窗基线 · 不参与实体赏罚,6878428,688,A168_HF9F_20260827_0900,2026-08-27 09:00:00
2026-06-24,132190460,1094,0,4.9851484120,-4.9851484120,-4.9851484120,0E-7,1,1,0.50665070000000000,0.506650700000,-1.013391052207602,-1.013391052207602,-1.013391052207602,0E-17,ELIGIBLE,R03b_20260811_FULL_v1,L1_ELIGIBILITY,v2026-08-11,2026-03-21..2026-08-06,baccarat_bet02_101_all_pairs_incl_sentinel,round_win = game_pnl > 0 (decisive only),COMPATIBILITY_ONLY_NOT_PRODUCTION,4726.3868,4260.9992,168.7826,1339,1197,-0.03571071,-0.04850756,-0.02910476,-0.03571071,-168.7826,4726.3868,OK,0.0000,6.7513,4.0000,96.0000,AG03-UNRESOLVED,ALL5_LEVELS_bet23_to_bet27,6.7513,6.7513,6.7513,6.7513,6.7513,4.000000,4.000000,4.000000,4.000000,4.000000,96.000000,96.000000,96.000000,96.000000,96.000000,5.0,33.7565,31.1619,135.0261,137.6208,PENDING_AG03,FALSE,NOT_FOR_ENFORCEMENT,162.0313,4090.5592,168.7826,162.0313,6.7513,0.03571071,0.03428228,6.7513,162.0313,0.03428228,6.7513,6.7513,6.7513,6.7513,6.7513,162.0313,0.03428228,33.7565,31.1619,135.0261,137.6208,0.02856857,0.02911754,0.00142843,3.5298,3.5597,0.1410,3.6692,0.2905,102.7475,26.0217,3.1802,3.7422,2.0771,4.0878,4.1543,6.1317,6.2314,7.1537,3.1157,-1.022,1.524396,1.75,0.863492,29,159,71,5,0.34046406,0.03571071,0.04850756,0E-8,0.000000,0.901534,0.000000,-0.01940280,2026-05-27,2026-07-31,46,581,334,66,0.696970,0.849821,0.900951,1.134880,,,,,,,,GLOBAL_BASELINE_NO_ENTITY_RANKING,,,NOT_APPLICABLE_GLOBAL_BASELINE,HF9g-P5,,,,X 全窗基线 · 不参与实体赏罚,6878429,688,A168_HF9F_20260827_0900,2026-08-27 09:00:00
2026-06-24,132190460,1306,0,4.1542903434,-4.1542903434,-4.1542903434,0E-7,1,1,0.50665070000000000,0.506650700000,-1.013391052207602,-1.013391052207602,-1.013391052207602,0E-17,ELIGIBLE,R03b_20260811_FULL_v1,L1_ELIGIBILITY,v2026-08-11,2026-03-21..2026-08-06,baccarat_bet02_101_all_pairs_incl_sentinel,round_win = game_pnl > 0 (decisive only),COMPATIBILITY_ONLY_NOT_PRODUCTION,4726.3868,4260.9992,168.7826,1339,1197,-0.03571071,-0.04850756,-0.02910476,-0.03571071,-168.7826,4726.3868,OK,0.0000,6.7513,4.0000,96.0000,AG03-UNRESOLVED,ALL5_LEVELS_bet23_to_bet27,6.7513,6.7513,6.7513,6.7513,6.7513,4.000000,4.000000,4.000000,4.000000,4.000000,96.000000,96.000000,96.000000,96.000000,96.000000,5.0,33.7565,31.1619,135.0261,137.6208,PENDING_AG03,FALSE,NOT_FOR_ENFORCEMENT,162.0313,4090.5592,168.7826,162.0313,6.7513,0.03571071,0.03428228,6.7513,162.0313,0.03428228,6.7513,6.7513,6.7513,6.7513,6.7513,162.0313,0.03428228,33.7565,31.1619,135.0261,137.6208,0.02856857,0.02911754,0.00142843,3.5298,3.5597,0.1410,3.6692,0.2905,102.7475,26.0217,3.1802,3.7422,2.0771,4.0878,4.1543,6.1317,6.2314,7.1537,3.1157,-1.022,1.524396,1.75,0.863492,29,159,71,5,0.34046406,0.03571071,0.04850756,0E-8,0.000000,0.901534,0.000000,-0.01940280,2026-05-27,2026-07-31,46,581,334,66,0.696970,0.849821,0.900951,1.134880,,,,,,,,GLOBAL_BASELINE_NO_ENTITY_RANKING,,,NOT_APPLICABLE_GLOBAL_BASELINE,HF9g-P5,,,,X 全窗基线 · 不参与实体赏罚,6878430,688,A168_HF9F_20260827_0900,2026-08-27 09:00:00
2026-06-24,132190460,1383,0,8.3085806868,-0.2077145172,-0.2077145172,0.5000000,2,2,0.49994810000000000,0.499948100000,0.00014679536856514622,0.00014679536856514622,0.00014679536856514622,0E-17,ELIGIBLE,R03b_20260811_FULL_v1,L1_ELIGIBILITY,v2026-08-11,2026-03-21..2026-08-06,baccarat_bet02_101_all_pairs_incl_sentinel,round_win = game_pnl > 0 (decisive only),COMPATIBILITY_ONLY_NOT_PRODUCTION,4726.3868,4260.9992,168.7826,1339,1197,-0.03571071,-0.04850756,-0.02910476,-0.03571071,-168.7826,4726.3868,OK,0.0000,6.7513,4.0000,96.0000,AG03-UNRESOLVED,ALL5_LEVELS_bet23_to_bet27,6.7513,6.7513,6.7513,6.7513,6.7513,4.000000,4.000000,4.000000,4.000000,4.000000,96.000000,96.000000,96.000000,96.000000,96.000000,5.0,33.7565,31.1619,135.0261,137.6208,PENDING_AG03,FALSE,NOT_FOR_ENFORCEMENT,162.0313,4090.5592,168.7826,162.0313,6.7513,0.03571071,0.03428228,6.7513,162.0313,0.03428228,6.7513,6.7513,6.7513,6.7513,6.7513,162.0313,0.03428228,33.7565,31.1619,135.0261,137.6208,0.02856857,0.02911754,0.00142843,3.5298,3.5597,0.1410,3.6692,0.2905,102.7475,26.0217,3.1802,3.7422,2.0771,4.0878,4.1543,6.1317,6.2314,7.1537,3.1157,-1.022,1.524396,1.75,0.863492,29,159,71,5,0.34046406,0.03571071,0.04850756,0E-8,0.000000,0.901534,0.000000,-0.01940280,2026-05-27,2026-07-31,46,581,334,66,0.696970,0.849821,0.900951,1.134880,,,,,,,,GLOBAL_BASELINE_NO_ENTITY_RANKING,,,NOT_APPLICABLE_GLOBAL_BASELINE,HF9g-P5,,,,X 全窗基线 · 不参与实体赏罚,6878431,688,A168_HF9F_20260827_0900,2026-08-27 09:00:00
2026-06-24,132190460,1485,0,9.1394387554,0E-10,0E-10,,2,2,0.49994810000000000,0.499948100000,,,,0E-17,NO_DECISIVE_ROUND,R03b_20260811_FULL_v1,L1_ELIGIBILITY,v2026-08-11,2026-03-21..2026-08-06,baccarat_bet02_101_all_pairs_incl_sentinel,round_win = game_pnl > 0 (decisive only),COMPATIBILITY_ONLY_NOT_PRODUCTION,4726.3868,4260.9992,168.7826,1339,1197,-0.03571071,-0.04850756,-0.02910476,-0.03571071,-168.7826,4726.3868,OK,0.0000,6.7513,4.0000,96.0000,AG03-UNRESOLVED,ALL5_LEVELS_bet23_to_bet27,6.7513,6.7513,6.7513,6.7513,6.7513,4.000000,4.000000,4.000000,4.000000,4.000000,96.000000,96.000000,96.000000,96.000000,96.000000,5.0,33.7565,31.1619,135.0261,137.6208,PENDING_AG03,FALSE,NOT_FOR_ENFORCEMENT,162.0313,4090.5592,168.7826,162.0313,6.7513,0.03571071,0.03428228,6.7513,162.0313,0.03428228,6.7513,6.7513,6.7513,6.7513,6.7513,162.0313,0.03428228,33.7565,31.1619,135.0261,137.6208,0.02856857,0.02911754,0.00142843,3.5298,3.5597,0.1410,3.6692,0.2905,102.7475,26.0217,3.1802,3.7422,2.0771,4.0878,4.1543,6.1317,6.2314,7.1537,3.1157,-1.022,1.524396,1.75,0.863492,29,159,71,5,0.34046406,0.03571071,0.04850756,0E-8,0.000000,0.901534,0.000000,-0.01940280,2026-05-27,2026-07-31,46,581,334,66,0.696970,0.849821,0.900951,1.134880,,,,,,,,GLOBAL_BASELINE_NO_ENTITY_RANKING,,,NOT_APPLICABLE_GLOBAL_BASELINE,HF9g-P5,,,,X 全窗基线 · 不参与实体赏罚,6878432,688,A168_HF9F_20260827_0900,2026-08-27 09:00:00
2026-06-24,132190460,2093,0,20.7714517168,8.3085806868,8.3085806868,1.0000000,4,4,0.49994810000000000,0.499948100000,1.4143603653603398,1.4143603653603398,1.4143603653603398,0E-17,ELIGIBLE,R03b_20260811_FULL_v1,L1_ELIGIBILITY,v2026-08-11,2026-03-21..2026-08-06,baccarat_bet02_101_all_pairs_incl_sentinel,round_win = game_pnl > 0 (decisive only),COMPATIBILITY_ONLY_NOT_PRODUCTION,4726.3868,4260.9992,168.7826,1339,1197,-0.03571071,-0.04850756,-0.02910476,-0.03571071,-168.7826,4726.3868,OK,0.0000,6.7513,4.0000,96.0000,AG03-UNRESOLVED,ALL5_LEVELS_bet23_to_bet27,6.7513,6.7513,6.7513,6.7513,6.7513,4.000000,4.000000,4.000000,4.000000,4.000000,96.000000,96.000000,96.000000,96.000000,96.000000,5.0,33.7565,31.1619,135.0261,137.6208,PENDING_AG03,FALSE,NOT_FOR_ENFORCEMENT,162.0313,4090.5592,168.7826,162.0313,6.7513,0.03571071,0.03428228,6.7513,162.0313,0.03428228,6.7513,6.7513,6.7513,6.7513,6.7513,162.0313,0.03428228,33.7565,31.1619,135.0261,137.6208,0.02856857,0.02911754,0.00142843,3.5298,3.5597,0.1410,3.6692,0.2905,102.7475,26.0217,3.1802,3.7422,2.0771,4.0878,4.1543,6.1317,6.2314,7.1537,3.1157,-1.022,1.524396,1.75,0.863492,29,159,71,5,0.34046406,0.03571071,0.04850756,0E-8,0.000000,0.901534,0.000000,-0.01940280,2026-05-27,2026-07-31,46,581,334,66,0.696970,0.849821,0.900951,1.134880,,,,,,,,GLOBAL_BASELINE_NO_ENTITY_RANKING,,,NOT_APPLICABLE_GLOBAL_BASELINE,HF9g-P5,,,,X 全窗基线 · 不参与实体赏罚,6878433,688,A168_HF9F_20260827_0900,2026-08-27 09:00:00
2026-06-24,132190460,2101,0,8.3085806868,7.9970089110,7.9970089110,1.0000000,3,3,0.50218230000000000,0.502182300000,1.724507524396475,1.7245075243964754,1.724507524396475,0E-17,ELIGIBLE,R03b_20260811_FULL_v1,L1_ELIGIBILITY,v2026-08-11,2026-03-21..2026-08-06,baccarat_bet02_101_all_pairs_incl_sentinel,round_win = game_pnl > 0 (decisive only),COMPATIBILITY_ONLY_NOT_PRODUCTION,4726.3868,4260.9992,168.7826,1339,1197,-0.03571071,-0.04850756,-0.02910476,-0.03571071,-168.7826,4726.3868,OK,0.0000,6.7513,4.0000,96.0000,AG03-UNRESOLVED,ALL5_LEVELS_bet23_to_bet27,6.7513,6.7513,6.7513,6.7513,6.7513,4.000000,4.000000,4.000000,4.000000,4.000000,96.000000,96.000000,96.000000,96.000000,96.000000,5.0,33.7565,31.1619,135.0261,137.6208,PENDING_AG03,FALSE,NOT_FOR_ENFORCEMENT,162.0313,4090.5592,168.7826,162.0313,6.7513,0.03571071,0.03428228,6.7513,162.0313,0.03428228,6.7513,6.7513,6.7513,6.7513,6.7513,162.0313,0.03428228,33.7565,31.1619,135.0261,137.6208,0.02856857,0.02911754,0.00142843,3.5298,3.5597,0.1410,3.6692,0.2905,102.7475,26.0217,3.1802,3.7422,2.0771,4.0878,4.1543,6.1317,6.2314,7.1537,3.1157,-1.022,1.524396,1.75,0.863492,29,159,71,5,0.34046406,0.03571071,0.04850756,0E-8,0.000000,0.901534,0.000000,-0.01940280,2026-05-27,2026-07-31,46,581,334,66,0.696970,0.849821,0.900951,1.134880,,,,,,,,GLOBAL_BASELINE_NO_ENTITY_RANKING,,,NOT_APPLICABLE_GLOBAL_BASELINE,HF9g-P5,,,,X 全窗基线 · 不参与实体赏罚,6878434,688,A168_HF9F_20260827_0900,2026-08-27 09:00:00
2026-06-24,132190460,2115,0,4.1542903434,-4.1542903434,-4.1542903434,0E-7,1,1,0.50665070000000000,0.506650700000,-1.013391052207602,-1.013391052207602,-1.013391052207602,0E-17,ELIGIBLE,R03b_20260811_FULL_v1,L1_ELIGIBILITY,v2026-08-11,2026-03-21..2026-08-06,baccarat_bet02_101_all_pairs_incl_sentinel,round_win = game_pnl > 0 (decisive only),COMPATIBILITY_ONLY_NOT_PRODUCTION,4726.3868,4260.9992,168.7826,1339,1197,-0.03571071,-0.04850756,-0.02910476,-0.03571071,-168.7826,4726.3868,OK,0.0000,6.7513,4.0000,96.0000,AG03-UNRESOLVED,ALL5_LEVELS_bet23_to_bet27,6.7513,6.7513,6.7513,6.7513,6.7513,4.000000,4.000000,4.000000,4.000000,4.000000,96.000000,96.000000,96.000000,96.000000,96.000000,5.0,33.7565,31.1619,135.0261,137.6208,PENDING_AG03,FALSE,NOT_FOR_ENFORCEMENT,162.0313,4090.5592,168.7826,162.0313,6.7513,0.03571071,0.03428228,6.7513,162.0313,0.03428228,6.7513,6.7513,6.7513,6.7513,6.7513,162.0313,0.03428228,33.7565,31.1619,135.0261,137.6208,0.02856857,0.02911754,0.00142843,3.5298,3.5597,0.1410,3.6692,0.2905,102.7475,26.0217,3.1802,3.7422,2.0771,4.0878,4.1543,6.1317,6.2314,7.1537,3.1157,-1.022,1.524396,1.75,0.863492,29,159,71,5,0.34046406,0.03571071,0.04850756,0E-8,0.000000,0.901534,0.000000,-0.01940280,2026-05-27,2026-07-31,46,581,334,66,0.696970,0.849821,0.900951,1.134880,,,,,,,,GLOBAL_BASELINE_NO_ENTITY_RANKING,,,NOT_APPLICABLE_GLOBAL_BASELINE,HF9g-P5,,,,X 全窗基线 · 不参与实体赏罚,6878435,688,A168_HF9F_20260827_0900,2026-08-27 09:00:00
2026-06-24,132190460,2123,0,28.0414598177,0.2077145171,0.2077145171,0.5000000,7,6,0.48822240714311826,0.464493675000,0.057714199285427085,0.17438500755623051,0.057714199285427085,0.02372873214311826,ELIGIBLE,R03b_20260811_FULL_v1,L1_ELIGIBILITY,v2026-08-11,2026-03-21..2026-08-06,baccarat_bet02_101_all_pairs_incl_sentinel,round_win = game_pnl > 0 (decisive only),COMPATIBILITY_ONLY_NOT_PRODUCTION,4726.3868,4260.9992,168.7826,1339,1197,-0.03571071,-0.04850756,-0.02910476,-0.03571071,-168.7826,4726.3868,OK,0.0000,6.7513,4.0000,96.0000,AG03-UNRESOLVED,ALL5_LEVELS_bet23_to_bet27,6.7513,6.7513,6.7513,6.7513,6.7513,4.000000,4.000000,4.000000,4.000000,4.000000,96.000000,96.000000,96.000000,96.000000,96.000000,5.0,33.7565,31.1619,135.0261,137.6208,PENDING_AG03,FALSE,NOT_FOR_ENFORCEMENT,162.0313,4090.5592,168.7826,162.0313,6.7513,0.03571071,0.03428228,6.7513,162.0313,0.03428228,6.7513,6.7513,6.7513,6.7513,6.7513,162.0313,0.03428228,33.7565,31.1619,135.0261,137.6208,0.02856857,0.02911754,0.00142843,3.5298,3.5597,0.1410,3.6692,0.2905,102.7475,26.0217,3.1802,3.7422,2.0771,4.0878,4.1543,6.1317,6.2314,7.1537,3.1157,-1.022,1.524396,1.75,0.863492,29,159,71,5,0.34046406,0.03571071,0.04850756,0E-8,0.000000,0.901534,0.000000,-0.01940280,2026-05-27,2026-07-31,46,581,334,66,0.696970,0.849821,0.900951,1.134880,,,,,,,,GLOBAL_BASELINE_NO_ENTITY_RANKING,,,NOT_APPLICABLE_GLOBAL_BASELINE,HF9g-P5,,,,X 全窗基线 · 不参与实体赏罚,6878436,688,A168_HF9F_20260827_0900,2026-08-27 09:00:00
2026-06-24,132190460,2130,0,4.1542903434,3.9465758262,3.9465758262,1.0000000,1,1,0.50665070000000000,0.506650700000,0.9867858985152569,0.9867858985152569,0.9867858985152569,0E-17,ELIGIBLE,R03b_20260811_FULL_v1,L1_ELIGIBILITY,v2026-08-11,2026-03-21..2026-08-06,baccarat_bet02_101_all_pairs_incl_sentinel,round_win = game_pnl > 0 (decisive only),COMPATIBILITY_ONLY_NOT_PRODUCTION,4726.3868,4260.9992,168.7826,1339,1197,-0.03571071,-0.04850756,-0.02910476,-0.03571071,-168.7826,4726.3868,OK,0.0000,6.7513,4.0000,96.0000,AG03-UNRESOLVED,ALL5_LEVELS_bet23_to_bet27,6.7513,6.7513,6.7513,6.7513,6.7513,4.000000,4.000000,4.000000,4.000000,4.000000,96.000000,96.000000,96.000000,96.000000,96.000000,5.0,33.7565,31.1619,135.0261,137.6208,PENDING_AG03,FALSE,NOT_FOR_ENFORCEMENT,162.0313,4090.5592,168.7826,162.0313,6.7513,0.03571071,0.03428228,6.7513,162.0313,0.03428228,6.7513,6.7513,6.7513,6.7513,6.7513,162.0313,0.03428228,33.7565,31.1619,135.0261,137.6208,0.02856857,0.02911754,0.00142843,3.5298,3.5597,0.1410,3.6692,0.2905,102.7475,26.0217,3.1802,3.7422,2.0771,4.0878,4.1543,6.1317,6.2314,7.1537,3.1157,-1.022,1.524396,1.75,0.863492,29,159,71,5,0.34046406,0.03571071,0.04850756,0E-8,0.000000,0.901534,0.000000,-0.01940280,2026-05-27,2026-07-31,46,581,334,66,0.696970,0.849821,0.900951,1.134880,,,,,,,,GLOBAL_BASELINE_NO_ENTITY_RANKING,,,NOT_APPLICABLE_GLOBAL_BASELINE,HF9g-P5,,,,X 全窗基线 · 不参与实体赏罚,6878437,688,A168_HF9F_20260827_0900,2026-08-27 09:00:00
2026-06-24,132190460,2141,0,10.3857258585,-10.3857258585,-10.3857258585,0E-7,3,3,0.49324550000000000,0.493245500000,-1.708808463184432,-1.7088084631844318,-1.708808463184432,0E-17,ELIGIBLE,R03b_20260811_FULL_v1,L1_ELIGIBILITY,v2026-08-11,2026-03-21..2026-08-06,baccarat_bet02_101_all_pairs_incl_sentinel,round_win = game_pnl > 0 (decisive only),COMPATIBILITY_ONLY_NOT_PRODUCTION,4726.3868,4260.9992,168.7826,1339,1197,-0.03571071,-0.04850756,-0.02910476,-0.03571071,-168.7826,4726.3868,OK,0.0000,6.7513,4.0000,96.0000,AG03-UNRESOLVED,ALL5_LEVELS_bet23_to_bet27,6.7513,6.7513,6.7513,6.7513,6.7513,4.000000,4.000000,4.000000,4.000000,4.000000,96.000000,96.000000,96.000000,96.000000,96.000000,5.0,33.7565,31.1619,135.0261,137.6208,PENDING_AG03,FALSE,NOT_FOR_ENFORCEMENT,162.0313,4090.5592,168.7826,162.0313,6.7513,0.03571071,0.03428228,6.7513,162.0313,0.03428228,6.7513,6.7513,6.7513,6.7513,6.7513,162.0313,0.03428228,33.7565,31.1619,135.0261,137.6208,0.02856857,0.02911754,0.00142843,3.5298,3.5597,0.1410,3.6692,0.2905,102.7475,26.0217,3.1802,3.7422,2.0771,4.0878,4.1543,6.1317,6.2314,7.1537,3.1157,-1.022,1.524396,1.75,0.863492,29,159,71,5,0.34046406,0.03571071,0.04850756,0E-8,0.000000,0.901534,0.000000,-0.01940280,2026-05-27,2026-07-31,46,581,334,66,0.696970,0.849821,0.900951,1.134880,,,,,,,,GLOBAL_BASELINE_NO_ENTITY_RANKING,,,NOT_APPLICABLE_GLOBAL_BASELINE,HF9g-P5,,,,X 全窗基线 · 不参与实体赏罚,6878438,688,A168_HF9F_20260827_0900,2026-08-27 09:00:00
2026-06-24,132190460,2145,0,4.1542903434,0E-10,0E-10,,1,1,0.50665070000000000,0.506650700000,,,,0E-17,NO_DECISIVE_ROUND,R03b_20260811_FULL_v1,L1_ELIGIBILITY,v2026-08-11,2026-03-21..2026-08-06,baccarat_bet02_101_all_pairs_incl_sentinel,round_win = game_pnl > 0 (decisive only),COMPATIBILITY_ONLY_NOT_PRODUCTION,4726.3868,4260.9992,168.7826,1339,1197,-0.03571071,-0.04850756,-0.02910476,-0.03571071,-168.7826,4726.3868,OK,0.0000,6.7513,4.0000,96.0000,AG03-UNRESOLVED,ALL5_LEVELS_bet23_to_bet27,6.7513,6.7513,6.7513,6.7513,6.7513,4.000000,4.000000,4.000000,4.000000,4.000000,96.000000,96.000000,96.000000,96.000000,96.000000,5.0,33.7565,31.1619,135.0261,137.6208,PENDING_AG03,FALSE,NOT_FOR_ENFORCEMENT,162.0313,4090.5592,168.7826,162.0313,6.7513,0.03571071,0.03428228,6.7513,162.0313,0.03428228,6.7513,6.7513,6.7513,6.7513,6.7513,162.0313,0.03428228,33.7565,31.1619,135.0261,137.6208,0.02856857,0.02911754,0.00142843,3.5298,3.5597,0.1410,3.6692,0.2905,102.7475,26.0217,3.1802,3.7422,2.0771,4.0878,4.1543,6.1317,6.2314,7.1537,3.1157,-1.022,1.524396,1.75,0.863492,29,159,71,5,0.34046406,0.03571071,0.04850756,0E-8,0.000000,0.901534,0.000000,-0.01940280,2026-05-27,2026-07-31,46,581,334,66,0.696970,0.849821,0.900951,1.134880,,,,,,,,GLOBAL_BASELINE_NO_ENTITY_RANKING,,,NOT_APPLICABLE_GLOBAL_BASELINE,HF9g-P5,,,,X 全窗基线 · 不参与实体赏罚,6878439,688,A168_HF9F_20260827_0900,2026-08-27 09:00:00
2026-06-24,132190460,2177,0,36.3500405044,2.9599318696,2.9599318696,0.5000000,10,8,0.48445508750055104,0.450117762500,0.08797783329455766,0.2835913617633481,0.08797783329455766,0.03433732500055104,ELIGIBLE,R03b_20260811_FULL_v1,L1_ELIGIBILITY,v2026-08-11,2026-03-21..2026-08-06,baccarat_bet02_101_all_pairs_incl_sentinel,round_win = game_pnl > 0 (decisive only),COMPATIBILITY_ONLY_NOT_PRODUCTION,4726.3868,4260.9992,168.7826,1339,1197,-0.03571071,-0.04850756,-0.02910476,-0.03571071,-168.7826,4726.3868,OK,0.0000,6.7513,4.0000,96.0000,AG03-UNRESOLVED,ALL5_LEVELS_bet23_to_bet27,6.7513,6.7513,6.7513,6.7513,6.7513,4.000000,4.000000,4.000000,4.000000,4.000000,96.000000,96.000000,96.000000,96.000000,96.000000,5.0,33.7565,31.1619,135.0261,137.6208,PENDING_AG03,FALSE,NOT_FOR_ENFORCEMENT,162.0313,4090.5592,168.7826,162.0313,6.7513,0.03571071,0.03428228,6.7513,162.0313,0.03428228,6.7513,6.7513,6.7513,6.7513,6.7513,162.0313,0.03428228,33.7565,31.1619,135.0261,137.6208,0.02856857,0.02911754,0.00142843,3.5298,3.5597,0.1410,3.6692,0.2905,102.7475,26.0217,3.1802,3.7422,2.0771,4.0878,4.1543,6.1317,6.2314,7.1537,3.1157,-1.022,1.524396,1.75,0.863492,29,159,71,5,0.34046406,0.03571071,0.04850756,0E-8,0.000000,0.901534,0.000000,-0.01940280,2026-05-27,2026-07-31,46,581,334,66,0.696970,0.849821,0.900951,1.134880,,,,,,,,GLOBAL_BASELINE_NO_ENTITY_RANKING,,,NOT_APPLICABLE_GLOBAL_BASELINE,HF9g-P5,,,,X 全窗基线 · 不参与实体赏罚,6878440,688,A168_HF9F_20260827_0900,2026-08-27 09:00:00
2026-06-24,132190460,2223,0,4.1542903434,3.9465758262,3.9465758262,1.0000000,1,1,0.50665070000000000,0.506650700000,0.9867858985152569,0.9867858985152569,0.9867858985152569,0E-17,ELIGIBLE,R03b_20260811_FULL_v1,L1_ELIGIBILITY,v2026-08-11,2026-03-21..2026-08-06,baccarat_bet02_101_all_pairs_incl_sentinel,round_win = game_pnl > 0 (decisive only),COMPATIBILITY_ONLY_NOT_PRODUCTION,4726.3868,4260.9992,168.7826,1339,1197,-0.03571071,-0.04850756,-0.02910476,-0.03571071,-168.7826,4726.3868,OK,0.0000,6.7513,4.0000,96.0000,AG03-UNRESOLVED,ALL5_LEVELS_bet23_to_bet27,6.7513,6.7513,6.7513,6.7513,6.7513,4.000000,4.000000,4.000000,4.000000,4.000000,96.000000,96.000000,96.000000,96.000000,96.000000,5.0,33.7565,31.1619,135.0261,137.6208,PENDING_AG03,FALSE,NOT_FOR_ENFORCEMENT,162.0313,4090.5592,168.7826,162.0313,6.7513,0.03571071,0.03428228,6.7513,162.0313,0.03428228,6.7513,6.7513,6.7513,6.7513,6.7513,162.0313,0.03428228,33.7565,31.1619,135.0261,137.6208,0.02856857,0.02911754,0.00142843,3.5298,3.5597,0.1410,3.6692,0.2905,102.7475,26.0217,3.1802,3.7422,2.0771,4.0878,4.1543,6.1317,6.2314,7.1537,3.1157,-1.022,1.524396,1.75,0.863492,29,159,71,5,0.34046406,0.03571071,0.04850756,0E-8,0.000000,0.901534,0.000000,-0.01940280,2026-05-27,2026-07-31,46,581,334,66,0.696970,0.849821,0.900951,1.134880,,,,,,,,GLOBAL_BASELINE_NO_ENTITY_RANKING,,,NOT_APPLICABLE_GLOBAL_BASELINE,HF9g-P5,,,,X 全窗基线 · 不参与实体赏罚,6878441,688,A168_HF9F_20260827_0900,2026-08-27 09:00:00
2026-06-24,132190460,2229,0,4.1542903434,-4.1542903434,-4.1542903434,0E-7,1,1,0.50665070000000000,0.506650700000,-1.013391052207602,-1.013391052207602,-1.013391052207602,0E-17,ELIGIBLE,R03b_20260811_FULL_v1,L1_ELIGIBILITY,v2026-08-11,2026-03-21..2026-08-06,baccarat_bet02_101_all_pairs_incl_sentinel,round_win = game_pnl > 0 (decisive only),COMPATIBILITY_ONLY_NOT_PRODUCTION,4726.3868,4260.9992,168.7826,1339,1197,-0.03571071,-0.04850756,-0.02910476,-0.03571071,-168.7826,4726.3868,OK,0.0000,6.7513,4.0000,96.0000,AG03-UNRESOLVED,ALL5_LEVELS_bet23_to_bet27,6.7513,6.7513,6.7513,6.7513,6.7513,4.000000,4.000000,4.000000,4.000000,4.000000,96.000000,96.000000,96.000000,96.000000,96.000000,5.0,33.7565,31.1619,135.0261,137.6208,PENDING_AG03,FALSE,NOT_FOR_ENFORCEMENT,162.0313,4090.5592,168.7826,162.0313,6.7513,0.03571071,0.03428228,6.7513,162.0313,0.03428228,6.7513,6.7513,6.7513,6.7513,6.7513,162.0313,0.03428228,33.7565,31.1619,135.0261,137.6208,0.02856857,0.02911754,0.00142843,3.5298,3.5597,0.1410,3.6692,0.2905,102.7475,26.0217,3.1802,3.7422,2.0771,4.0878,4.1543,6.1317,6.2314,7.1537,3.1157,-1.022,1.524396,1.75,0.863492,29,159,71,5,0.34046406,0.03571071,0.04850756,0E-8,0.000000,0.901534,0.000000,-0.01940280,2026-05-27,2026-07-31,46,581,334,66,0.696970,0.849821,0.900951,1.134880,,,,,,,,GLOBAL_BASELINE_NO_ENTITY_RANKING,,,NOT_APPLICABLE_GLOBAL_BASELINE,HF9g-P5,,,,X 全窗基线 · 不参与实体赏罚,6878442,688,A168_HF9F_20260827_0900,2026-08-27 09:00:00
2026-06-24,132190460,2235,0,38.4271856762,6.4703072098,6.4703072098,0.6666667,11,9,0.48716951111159295,0.457143933333,1.0773376975191389,1.2617798207902333,1.0773376975191389,0.03002557777859295,ELIGIBLE,R03b_20260811_FULL_v1,L1_ELIGIBILITY,v2026-08-11,2026-03-21..2026-08-06,baccarat_bet02_101_all_pairs_incl_sentinel,round_win = game_pnl > 0 (decisive only),COMPATIBILITY_ONLY_NOT_PRODUCTION,4726.3868,4260.9992,168.7826,1339,1197,-0.03571071,-0.04850756,-0.02910476,-0.03571071,-168.7826,4726.3868,OK,0.0000,6.7513,4.0000,96.0000,AG03-UNRESOLVED,ALL5_LEVELS_bet23_to_bet27,6.7513,6.7513,6.7513,6.7513,6.7513,4.000000,4.000000,4.000000,4.000000,4.000000,96.000000,96.000000,96.000000,96.000000,96.000000,5.0,33.7565,31.1619,135.0261,137.6208,PENDING_AG03,FALSE,NOT_FOR_ENFORCEMENT,162.0313,4090.5592,168.7826,162.0313,6.7513,0.03571071,0.03428228,6.7513,162.0313,0.03428228,6.7513,6.7513,6.7513,6.7513,6.7513,162.0313,0.03428228,33.7565,31.1619,135.0261,137.6208,0.02856857,0.02911754,0.00142843,3.5298,3.5597,0.1410,3.6692,0.2905,102.7475,26.0217,3.1802,3.7422,2.0771,4.0878,4.1543,6.1317,6.2314,7.1537,3.1157,-1.022,1.524396,1.75,0.863492,29,159,71,5,0.34046406,0.03571071,0.04850756,0E-8,0.000000,0.901534,0.000000,-0.01940280,2026-05-27,2026-07-31,46,581,334,66,0.696970,0.849821,0.900951,1.134880,,,,,,,,GLOBAL_BASELINE_NO_ENTITY_RANKING,,,NOT_APPLICABLE_GLOBAL_BASELINE,HF9g-P5,,,,X 全窗基线 · 不参与实体赏罚,6878443,688,A168_HF9F_20260827_0900,2026-08-27 09:00:00
2026-06-24,132190460,2271,0,4.7774338949,4.5385622001,4.5385622001,1.0000000,1,1,0.50665070000000000,0.506650700000,0.9867858985152569,0.9867858985152569,0.9867858985152569,0E-17,ELIGIBLE,R03b_20260811_FULL_v1,L1_ELIGIBILITY,v2026-08-11,2026-03-21..2026-08-06,baccarat_bet02_101_all_pairs_incl_sentinel,round_win = game_pnl > 0 (decisive only),COMPATIBILITY_ONLY_NOT_PRODUCTION,4726.3868,4260.9992,168.7826,1339,1197,-0.03571071,-0.04850756,-0.02910476,-0.03571071,-168.7826,4726.3868,OK,0.0000,6.7513,4.0000,96.0000,AG03-UNRESOLVED,ALL5_LEVELS_bet23_to_bet27,6.7513,6.7513,6.7513,6.7513,6.7513,4.000000,4.000000,4.000000,4.000000,4.000000,96.000000,96.000000,96.000000,96.000000,96.000000,5.0,33.7565,31.1619,135.0261,137.6208,PENDING_AG03,FALSE,NOT_FOR_ENFORCEMENT,162.0313,4090.5592,168.7826,162.0313,6.7513,0.03571071,0.03428228,6.7513,162.0313,0.03428228,6.7513,6.7513,6.7513,6.7513,6.7513,162.0313,0.03428228,33.7565,31.1619,135.0261,137.6208,0.02856857,0.02911754,0.00142843,3.5298,3.5597,0.1410,3.6692,0.2905,102.7475,26.0217,3.1802,3.7422,2.0771,4.0878,4.1543,6.1317,6.2314,7.1537,3.1157,-1.022,1.524396,1.75,0.863492,29,159,71,5,0.34046406,0.03571071,0.04850756,0E-8,0.000000,0.901534,0.000000,-0.01940280,2026-05-27,2026-07-31,46,581,334,66,0.696970,0.849821,0.900951,1.134880,,,,,,,,GLOBAL_BASELINE_NO_ENTITY_RANKING,,,NOT_APPLICABLE_GLOBAL_BASELINE,HF9g-P5,,,,X 全窗基线 · 不参与实体赏罚,6878444,688,A168_HF9F_20260827_0900,2026-08-27 09:00:00
2026-06-24,132190460,994,0,32.1957501610,4.6216480071,4.6216480071,0.7500000,11,8,0.47447438125081759,0.423526943750,1.560643290849348,1.8687977794368644,1.560643290849348,0.05094743750081759,ELIGIBLE,R03b_20260811_FULL_v1,L1_ELIGIBILITY,v2026-08-11,2026-03-21..2026-08-06,baccarat_bet02_101_all_pairs_incl_sentinel,round_win = game_pnl > 0 (decisive only),COMPATIBILITY_ONLY_NOT_PRODUCTION,4726.3868,4260.9992,168.7826,1339,1197,-0.03571071,-0.04850756,-0.02910476,-0.03571071,-168.7826,4726.3868,OK,0.0000,6.7513,4.0000,96.0000,AG03-UNRESOLVED,ALL5_LEVELS_bet23_to_bet27,6.7513,6.7513,6.7513,6.7513,6.7513,4.000000,4.000000,4.000000,4.000000,4.000000,96.000000,96.000000,96.000000,96.000000,96.000000,5.0,33.7565,31.1619,135.0261,137.6208,PENDING_AG03,FALSE,NOT_FOR_ENFORCEMENT,162.0313,4090.5592,168.7826,162.0313,6.7513,0.03571071,0.03428228,6.7513,162.0313,0.03428228,6.7513,6.7513,6.7513,6.7513,6.7513,162.0313,0.03428228,33.7565,31.1619,135.0261,137.6208,0.02856857,0.02911754,0.00142843,3.5298,3.5597,0.1410,3.6692,0.2905,102.7475,26.0217,3.1802,3.7422,2.0771,4.0878,4.1543,6.1317,6.2314,7.1537,3.1157,-1.022,1.524396,1.75,0.863492,29,159,71,5,0.34046406,0.03571071,0.04850756,0E-8,0.000000,0.901534,0.000000,-0.01940280,2026-05-27,2026-07-31,46,581,334,66,0.696970,0.849821,0.900951,1.134880,,,,,,,,GLOBAL_BASELINE_NO_ENTITY_RANKING,,,NOT_APPLICABLE_GLOBAL_BASELINE,HF9g-P5,,,,X 全窗基线 · 不参与实体赏罚,6878445,688,A168_HF9F_20260827_0900,2026-08-27 09:00:00
2026-06-25,132190460,2123,0,2.0771451717,-2.0771451717,-2.0771451717,0E-7,1,1,0.49324550000000000,0.493245500000,-0.9865810262130424,-0.9865810262130424,-0.9865810262130424,0E-17,ELIGIBLE,R03b_20260811_FULL_v1,L1_ELIGIBILITY,v2026-08-11,2026-03-21..2026-08-06,baccarat_bet02_101_all_pairs_incl_sentinel,round_win = game_pnl > 0 (decisive only),COMPATIBILITY_ONLY_NOT_PRODUCTION,4726.3868,4260.9992,168.7826,1339,1197,-0.03571071,-0.04850756,-0.02910476,-0.03571071,-168.7826,4726.3868,OK,0.0000,6.7513,4.0000,96.0000,AG03-UNRESOLVED,ALL5_LEVELS_bet23_to_bet27,6.7513,6.7513,6.7513,6.7513,6.7513,4.000000,4.000000,4.000000,4.000000,4.000000,96.000000,96.000000,96.000000,96.000000,96.000000,5.0,33.7565,31.1619,135.0261,137.6208,PENDING_AG03,FALSE,NOT_FOR_ENFORCEMENT,162.0313,4090.5592,168.7826,162.0313,6.7513,0.03571071,0.03428228,6.7513,162.0313,0.03428228,6.7513,6.7513,6.7513,6.7513,6.7513,162.0313,0.03428228,33.7565,31.1619,135.0261,137.6208,0.02856857,0.02911754,0.00142843,3.5298,3.5597,0.1410,3.6692,0.2905,102.7475,26.0217,3.1802,3.7422,2.0771,4.0878,4.1543,6.1317,6.2314,7.1537,3.1157,-1.022,1.524396,1.75,0.863492,29,159,71,5,0.34046406,0.03571071,0.04850756,0E-8,0.000000,0.901534,0.000000,-0.01940280,2026-05-27,2026-07-31,46,581,334,66,0.696970,0.849821,0.900951,1.134880,,,,,,,,GLOBAL_BASELINE_NO_ENTITY_RANKING,,,NOT_APPLICABLE_GLOBAL_BASELINE,HF9g-P5,,,,X 全窗基线 · 不参与实体赏罚,6878446,688,A168_HF9F_20260827_0900,2026-08-27 09:00:00
2026-06-25,132190460,948,0,2.0771451717,2.0771451717,2.0771451717,1.0000000,1,1,0.49324550000000000,0.493245500000,1.01360149184955,1.01360149184955,1.01360149184955,0E-17,ELIGIBLE,R03b_20260811_FULL_v1,L1_ELIGIBILITY,v2026-08-11,2026-03-21..2026-08-06,baccarat_bet02_101_all_pairs_incl_sentinel,round_win = game_pnl > 0 (decisive only),COMPATIBILITY_ONLY_NOT_PRODUCTION,4726.3868,4260.9992,168.7826,1339,1197,-0.03571071,-0.04850756,-0.02910476,-0.03571071,-168.7826,4726.3868,OK,0.0000,6.7513,4.0000,96.0000,AG03-UNRESOLVED,ALL5_LEVELS_bet23_to_bet27,6.7513,6.7513,6.7513,6.7513,6.7513,4.000000,4.000000,4.000000,4.000000,4.000000,96.000000,96.000000,96.000000,96.000000,96.000000,5.0,33.7565,31.1619,135.0261,137.6208,PENDING_AG03,FALSE,NOT_FOR_ENFORCEMENT,162.0313,4090.5592,168.7826,162.0313,6.7513,0.03571071,0.03428228,6.7513,162.0313,0.03428228,6.7513,6.7513,6.7513,6.7513,6.7513,162.0313,0.03428228,33.7565,31.1619,135.0261,137.6208,0.02856857,0.02911754,0.00142843,3.5298,3.5597,0.1410,3.6692,0.2905,102.7475,26.0217,3.1802,3.7422,2.0771,4.0878,4.1543,6.1317,6.2314,7.1537,3.1157,-1.022,1.524396,1.75,0.863492,29,159,71,5,0.34046406,0.03571071,0.04850756,0E-8,0.000000,0.901534,0.000000,-0.01940280,2026-05-27,2026-07-31,46,581,334,66,0.696970,0.849821,0.900951,1.134880,,,,,,,,GLOBAL_BASELINE_NO_ENTITY_RANKING,,,NOT_APPLICABLE_GLOBAL_BASELINE,HF9g-P5,,,,X 全窗基线 · 不参与实体赏罚,6878447,688,A168_HF9F_20260827_0900,2026-08-27 09:00:00
2026-06-25,132190460,970,0,2.4925742060,-2.4925742060,-2.4925742060,0E-7,1,1,0.50665070000000000,0.506650700000,-1.013391052207602,-1.013391052207602,-1.013391052207602,0E-17,ELIGIBLE,R03b_20260811_FULL_v1,L1_ELIGIBILITY,v2026-08-11,2026-03-21..2026-08-06,baccarat_bet02_101_all_pairs_incl_sentinel,round_win = game_pnl > 0 (decisive only),COMPATIBILITY_ONLY_NOT_PRODUCTION,4726.3868,4260.9992,168.7826,1339,1197,-0.03571071,-0.04850756,-0.02910476,-0.03571071,-168.7826,4726.3868,OK,0.0000,6.7513,4.0000,96.0000,AG03-UNRESOLVED,ALL5_LEVELS_bet23_to_bet27,6.7513,6.7513,6.7513,6.7513,6.7513,4.000000,4.000000,4.000000,4.000000,4.000000,96.000000,96.000000,96.000000,96.000000,96.000000,5.0,33.7565,31.1619,135.0261,137.6208,PENDING_AG03,FALSE,NOT_FOR_ENFORCEMENT,162.0313,4090.5592,168.7826,162.0313,6.7513,0.03571071,0.03428228,6.7513,162.0313,0.03428228,6.7513,6.7513,6.7513,6.7513,6.7513,162.0313,0.03428228,33.7565,31.1619,135.0261,137.6208,0.02856857,0.02911754,0.00142843,3.5298,3.5597,0.1410,3.6692,0.2905,102.7475,26.0217,3.1802,3.7422,2.0771,4.0878,4.1543,6.1317,6.2314,7.1537,3.1157,-1.022,1.524396,1.75,0.863492,29,159,71,5,0.34046406,0.03571071,0.04850756,0E-8,0.000000,0.901534,0.000000,-0.01940280,2026-05-27,2026-07-31,46,581,334,66,0.696970,0.849821,0.900951,1.134880,,,,,,,,GLOBAL_BASELINE_NO_ENTITY_RANKING,,,NOT_APPLICABLE_GLOBAL_BASELINE,HF9g-P5,,,,X 全窗基线 · 不参与实体赏罚,6878448,688,A168_HF9F_20260827_0900,2026-08-27 09:00:00
2026-06-26,132190460,2177,0,4.1542903434,-4.1542903434,-4.1542903434,0E-7,1,1,0.50665070000000000,0.506650700000,-1.013391052207602,-1.013391052207602,-1.013391052207602,0E-17,ELIGIBLE,R03b_20260811_FULL_v1,L1_ELIGIBILITY,v2026-08-11,2026-03-21..2026-08-06,baccarat_bet02_101_all_pairs_incl_sentinel,round_win = game_pnl > 0 (decisive only),COMPATIBILITY_ONLY_NOT_PRODUCTION,4726.3868,4260.9992,168.7826,1339,1197,-0.03571071,-0.04850756,-0.02910476,-0.03571071,-168.7826,4726.3868,OK,0.0000,6.7513,4.0000,96.0000,AG03-UNRESOLVED,ALL5_LEVELS_bet23_to_bet27,6.7513,6.7513,6.7513,6.7513,6.7513,4.000000,4.000000,4.000000,4.000000,4.000000,96.000000,96.000000,96.000000,96.000000,96.000000,5.0,33.7565,31.1619,135.0261,137.6208,PENDING_AG03,FALSE,NOT_FOR_ENFORCEMENT,162.0313,4090.5592,168.7826,162.0313,6.7513,0.03571071,0.03428228,6.7513,162.0313,0.03428228,6.7513,6.7513,6.7513,6.7513,6.7513,162.0313,0.03428228,33.7565,31.1619,135.0261,137.6208,0.02856857,0.02911754,0.00142843,3.5298,3.5597,0.1410,3.6692,0.2905,102.7475,26.0217,3.1802,3.7422,2.0771,4.0878,4.1543,6.1317,6.2314,7.1537,3.1157,-1.022,1.524396,1.75,0.863492,29,159,71,5,0.34046406,0.03571071,0.04850756,0E-8,0.000000,0.901534,0.000000,-0.01940280,2026-05-27,2026-07-31,46,581,334,66,0.696970,0.849821,0.900951,1.134880,,,,,,,,GLOBAL_BASELINE_NO_ENTITY_RANKING,,,NOT_APPLICABLE_GLOBAL_BASELINE,HF9g-P5,,,,X 全窗基线 · 不参与实体赏罚,6878449,688,A168_HF9F_20260827_0900,2026-08-27 09:00:00
2026-06-26,132190460,2251,0,10.3857258585,-6.2314355151,-6.2314355151,0.3333333,3,3,0.50218230000000000,0.502182300000,-0.5849155494134425,-0.5849155494134426,-0.5849155494134425,0E-17,ELIGIBLE,R03b_20260811_FULL_v1,L1_ELIGIBILITY,v2026-08-11,2026-03-21..2026-08-06,baccarat_bet02_101_all_pairs_incl_sentinel,round_win = game_pnl > 0 (decisive only),COMPATIBILITY_ONLY_NOT_PRODUCTION,4726.3868,4260.9992,168.7826,1339,1197,-0.03571071,-0.04850756,-0.02910476,-0.03571071,-168.7826,4726.3868,OK,0.0000,6.7513,4.0000,96.0000,AG03-UNRESOLVED,ALL5_LEVELS_bet23_to_bet27,6.7513,6.7513,6.7513,6.7513,6.7513,4.000000,4.000000,4.000000,4.000000,4.000000,96.000000,96.000000,96.000000,96.000000,96.000000,5.0,33.7565,31.1619,135.0261,137.6208,PENDING_AG03,FALSE,NOT_FOR_ENFORCEMENT,162.0313,4090.5592,168.7826,162.0313,6.7513,0.03571071,0.03428228,6.7513,162.0313,0.03428228,6.7513,6.7513,6.7513,6.7513,6.7513,162.0313,0.03428228,33.7565,31.1619,135.0261,137.6208,0.02856857,0.02911754,0.00142843,3.5298,3.5597,0.1410,3.6692,0.2905,102.7475,26.0217,3.1802,3.7422,2.0771,4.0878,4.1543,6.1317,6.2314,7.1537,3.1157,-1.022,1.524396,1.75,0.863492,29,159,71,5,0.34046406,0.03571071,0.04850756,0E-8,0.000000,0.901534,0.000000,-0.01940280,2026-05-27,2026-07-31,46,581,334,66,0.696970,0.849821,0.900951,1.134880,,,,,,,,GLOBAL_BASELINE_NO_ENTITY_RANKING,,,NOT_APPLICABLE_GLOBAL_BASELINE,HF9g-P5,,,,X 全窗基线 · 不参与实体赏罚,6878450,688,A168_HF9F_20260827_0900,2026-08-27 09:00:00
2026-06-28,132190460,-1,1,39.2580437443,-4.5177907482,-4.5177907482,0.6666667,18,8,0.41465840817173932,0.332699045833,1.2529694096552522,1.7361743562872758,1.2529694096552522,0.08195936233873932,SENTINEL_DEALER,R03b_20260811_FULL_v1,L1_ELIGIBILITY,v2026-08-11,2026-03-21..2026-08-06,baccarat_bet02_101_all_pairs_incl_sentinel,round_win = game_pnl > 0 (decisive only),COMPATIBILITY_ONLY_NOT_PRODUCTION,4726.3868,4260.9992,168.7826,1339,1197,-0.03571071,-0.04850756,-0.02910476,-0.03571071,-168.7826,4726.3868,OK,0.0000,6.7513,4.0000,96.0000,AG03-UNRESOLVED,ALL5_LEVELS_bet23_to_bet27,6.7513,6.7513,6.7513,6.7513,6.7513,4.000000,4.000000,4.000000,4.000000,4.000000,96.000000,96.000000,96.000000,96.000000,96.000000,5.0,33.7565,31.1619,135.0261,137.6208,PENDING_AG03,FALSE,NOT_FOR_ENFORCEMENT,162.0313,4090.5592,168.7826,162.0313,6.7513,0.03571071,0.03428228,6.7513,162.0313,0.03428228,6.7513,6.7513,6.7513,6.7513,6.7513,162.0313,0.03428228,33.7565,31.1619,135.0261,137.6208,0.02856857,0.02911754,0.00142843,3.5298,3.5597,0.1410,3.6692,0.2905,102.7475,26.0217,3.1802,3.7422,2.0771,4.0878,4.1543,6.1317,6.2314,7.1537,3.1157,-1.022,1.524396,1.75,0.863492,29,159,71,5,0.34046406,0.03571071,0.04850756,0E-8,0.000000,0.901534,0.000000,-0.01940280,2026-05-27,2026-07-31,46,581,334,66,0.696970,0.849821,0.900951,1.134880,,,,,,,,GLOBAL_BASELINE_NO_ENTITY_RANKING,,,NOT_APPLICABLE_GLOBAL_BASELINE,HF9g-P5,,,,X 全窗基线 · 不参与实体赏罚,6878451,688,A168_HF9F_20260827_0900,2026-08-27 09:00:00
2026-06-28,132190460,1094,0,19.7328791309,-9.4510105311,-9.4510105311,0.2500000,5,5,0.50128862000000000,0.501288620000,-1.0051578182180947,-1.0051578182180947,-1.0051578182180947,0E-17,ELIGIBLE,R03b_20260811_FULL_v1,L1_ELIGIBILITY,v2026-08-11,2026-03-21..2026-08-06,baccarat_bet02_101_all_pairs_incl_sentinel,round_win = game_pnl > 0 (decisive only),COMPATIBILITY_ONLY_NOT_PRODUCTION,4726.3868,4260.9992,168.7826,1339,1197,-0.03571071,-0.04850756,-0.02910476,-0.03571071,-168.7826,4726.3868,OK,0.0000,6.7513,4.0000,96.0000,AG03-UNRESOLVED,ALL5_LEVELS_bet23_to_bet27,6.7513,6.7513,6.7513,6.7513,6.7513,4.000000,4.000000,4.000000,4.000000,4.000000,96.000000,96.000000,96.000000,96.000000,96.000000,5.0,33.7565,31.1619,135.0261,137.6208,PENDING_AG03,FALSE,NOT_FOR_ENFORCEMENT,162.0313,4090.5592,168.7826,162.0313,6.7513,0.03571071,0.03428228,6.7513,162.0313,0.03428228,6.7513,6.7513,6.7513,6.7513,6.7513,162.0313,0.03428228,33.7565,31.1619,135.0261,137.6208,0.02856857,0.02911754,0.00142843,3.5298,3.5597,0.1410,3.6692,0.2905,102.7475,26.0217,3.1802,3.7422,2.0771,4.0878,4.1543,6.1317,6.2314,7.1537,3.1157,-1.022,1.524396,1.75,0.863492,29,159,71,5,0.34046406,0.03571071,0.04850756,0E-8,0.000000,0.901534,0.000000,-0.01940280,2026-05-27,2026-07-31,46,581,334,66,0.696970,0.849821,0.900951,1.134880,,,,,,,,GLOBAL_BASELINE_NO_ENTITY_RANKING,,,NOT_APPLICABLE_GLOBAL_BASELINE,HF9g-P5,,,,X 全窗基线 · 不参与实体赏罚,6878452,688,A168_HF9F_20260827_0900,2026-08-27 09:00:00
2026-06-28,132190460,1110,0,3.1157177575,2.9599318696,2.9599318696,1.0000000,1,1,0.50665070000000000,0.506650700000,0.9867858985152569,0.9867858985152569,0.9867858985152569,0E-17,ELIGIBLE,R03b_20260811_FULL_v1,L1_ELIGIBILITY,v2026-08-11,2026-03-21..2026-08-06,baccarat_bet02_101_all_pairs_incl_sentinel,round_win = game_pnl > 0 (decisive only),COMPATIBILITY_ONLY_NOT_PRODUCTION,4726.3868,4260.9992,168.7826,1339,1197,-0.03571071,-0.04850756,-0.02910476,-0.03571071,-168.7826,4726.3868,OK,0.0000,6.7513,4.0000,96.0000,AG03-UNRESOLVED,ALL5_LEVELS_bet23_to_bet27,6.7513,6.7513,6.7513,6.7513,6.7513,4.000000,4.000000,4.000000,4.000000,4.000000,96.000000,96.000000,96.000000,96.000000,96.000000,5.0,33.7565,31.1619,135.0261,137.6208,PENDING_AG03,FALSE,NOT_FOR_ENFORCEMENT,162.0313,4090.5592,168.7826,162.0313,6.7513,0.03571071,0.03428228,6.7513,162.0313,0.03428228,6.7513,6.7513,6.7513,6.7513,6.7513,162.0313,0.03428228,33.7565,31.1619,135.0261,137.6208,0.02856857,0.02911754,0.00142843,3.5298,3.5597,0.1410,3.6692,0.2905,102.7475,26.0217,3.1802,3.7422,2.0771,4.0878,4.1543,6.1317,6.2314,7.1537,3.1157,-1.022,1.524396,1.75,0.863492,29,159,71,5,0.34046406,0.03571071,0.04850756,0E-8,0.000000,0.901534,0.000000,-0.01940280,2026-05-27,2026-07-31,46,581,334,66,0.696970,0.849821,0.900951,1.134880,,,,,,,,GLOBAL_BASELINE_NO_ENTITY_RANKING,,,NOT_APPLICABLE_GLOBAL_BASELINE,HF9g-P5,,,,X 全窗基线 · 不参与实体赏罚,6878453,688,A168_HF9F_20260827_0900,2026-08-27 09:00:00
2026-06-28,132190460,1205,0,10.3857258584,4.0504330848,4.0504330848,0.7500000,4,4,0.49994810000000000,0.499948100000,1.0002076053883384,1.0002076053883384,1.0002076053883384,0E-17,ELIGIBLE,R03b_20260811_FULL_v1,L1_ELIGIBILITY,v2026-08-11,2026-03-21..2026-08-06,baccarat_bet02_101_all_pairs_incl_sentinel,round_win = game_pnl > 0 (decisive only),COMPATIBILITY_ONLY_NOT_PRODUCTION,4726.3868,4260.9992,168.7826,1339,1197,-0.03571071,-0.04850756,-0.02910476,-0.03571071,-168.7826,4726.3868,OK,0.0000,6.7513,4.0000,96.0000,AG03-UNRESOLVED,ALL5_LEVELS_bet23_to_bet27,6.7513,6.7513,6.7513,6.7513,6.7513,4.000000,4.000000,4.000000,4.000000,4.000000,96.000000,96.000000,96.000000,96.000000,96.000000,5.0,33.7565,31.1619,135.0261,137.6208,PENDING_AG03,FALSE,NOT_FOR_ENFORCEMENT,162.0313,4090.5592,168.7826,162.0313,6.7513,0.03571071,0.03428228,6.7513,162.0313,0.03428228,6.7513,6.7513,6.7513,6.7513,6.7513,162.0313,0.03428228,33.7565,31.1619,135.0261,137.6208,0.02856857,0.02911754,0.00142843,3.5298,3.5597,0.1410,3.6692,0.2905,102.7475,26.0217,3.1802,3.7422,2.0771,4.0878,4.1543,6.1317,6.2314,7.1537,3.1157,-1.022,1.524396,1.75,0.863492,29,159,71,5,0.34046406,0.03571071,0.04850756,0E-8,0.000000,0.901534,0.000000,-0.01940280,2026-05-27,2026-07-31,46,581,334,66,0.696970,0.849821,0.900951,1.134880,,,,,,,,GLOBAL_BASELINE_NO_ENTITY_RANKING,,,NOT_APPLICABLE_GLOBAL_BASELINE,HF9g-P5,,,,X 全窗基线 · 不参与实体赏罚,6878454,688,A168_HF9F_20260827_0900,2026-08-27 09:00:00
2026-06-28,132190460,1299,0,9.3471532726,-1.1424298444,-1.1424298444,0.5000000,5,4,0.46896207500110207,0.451793412500,0.1243915973086045,0.1937288555254134,0.1243915973086045,0.01716866250110207,ELIGIBLE,R03b_20260811_FULL_v1,L1_ELIGIBILITY,v2026-08-11,2026-03-21..2026-08-06,baccarat_bet02_101_all_pairs_incl_sentinel,round_win = game_pnl > 0 (decisive only),COMPATIBILITY_ONLY_NOT_PRODUCTION,4726.3868,4260.9992,168.7826,1339,1197,-0.03571071,-0.04850756,-0.02910476,-0.03571071,-168.7826,4726.3868,OK,0.0000,6.7513,4.0000,96.0000,AG03-UNRESOLVED,ALL5_LEVELS_bet23_to_bet27,6.7513,6.7513,6.7513,6.7513,6.7513,4.000000,4.000000,4.000000,4.000000,4.000000,96.000000,96.000000,96.000000,96.000000,96.000000,5.0,33.7565,31.1619,135.0261,137.6208,PENDING_AG03,FALSE,NOT_FOR_ENFORCEMENT,162.0313,4090.5592,168.7826,162.0313,6.7513,0.03571071,0.03428228,6.7513,162.0313,0.03428228,6.7513,6.7513,6.7513,6.7513,6.7513,162.0313,0.03428228,33.7565,31.1619,135.0261,137.6208,0.02856857,0.02911754,0.00142843,3.5298,3.5597,0.1410,3.6692,0.2905,102.7475,26.0217,3.1802,3.7422,2.0771,4.0878,4.1543,6.1317,6.2314,7.1537,3.1157,-1.022,1.524396,1.75,0.863492,29,159,71,5,0.34046406,0.03571071,0.04850756,0E-8,0.000000,0.901534,0.000000,-0.01940280,2026-05-27,2026-07-31,46,581,334,66,0.696970,0.849821,0.900951,1.134880,,,,,,,,GLOBAL_BASELINE_NO_ENTITY_RANKING,,,NOT_APPLICABLE_GLOBAL_BASELINE,HF9g-P5,,,,X 全窗基线 · 不参与实体赏罚,6878455,688,A168_HF9F_20260827_0900,2026-08-27 09:00:00
2026-06-28,132190460,1304,0,22.8485968887,-2.1810024303,-2.1810024303,0.5000000,9,9,0.49473496666666667,0.494734966667,0.025794720419483753,0.025794720417850508,0.025794720419483753,-3.3333E-13,ELIGIBLE,R03b_20260811_FULL_v1,L1_ELIGIBILITY,v2026-08-11,2026-03-21..2026-08-06,baccarat_bet02_101_all_pairs_incl_sentinel,round_win = game_pnl > 0 (decisive only),COMPATIBILITY_ONLY_NOT_PRODUCTION,4726.3868,4260.9992,168.7826,1339,1197,-0.03571071,-0.04850756,-0.02910476,-0.03571071,-168.7826,4726.3868,OK,0.0000,6.7513,4.0000,96.0000,AG03-UNRESOLVED,ALL5_LEVELS_bet23_to_bet27,6.7513,6.7513,6.7513,6.7513,6.7513,4.000000,4.000000,4.000000,4.000000,4.000000,96.000000,96.000000,96.000000,96.000000,96.000000,5.0,33.7565,31.1619,135.0261,137.6208,PENDING_AG03,FALSE,NOT_FOR_ENFORCEMENT,162.0313,4090.5592,168.7826,162.0313,6.7513,0.03571071,0.03428228,6.7513,162.0313,0.03428228,6.7513,6.7513,6.7513,6.7513,6.7513,162.0313,0.03428228,33.7565,31.1619,135.0261,137.6208,0.02856857,0.02911754,0.00142843,3.5298,3.5597,0.1410,3.6692,0.2905,102.7475,26.0217,3.1802,3.7422,2.0771,4.0878,4.1543,6.1317,6.2314,7.1537,3.1157,-1.022,1.524396,1.75,0.863492,29,159,71,5,0.34046406,0.03571071,0.04850756,0E-8,0.000000,0.901534,0.000000,-0.01940280,2026-05-27,2026-07-31,46,581,334,66,0.696970,0.849821,0.900951,1.134880,,,,,,,,GLOBAL_BASELINE_NO_ENTITY_RANKING,,,NOT_APPLICABLE_GLOBAL_BASELINE,HF9g-P5,,,,X 全窗基线 · 不参与实体赏罚,6878456,688,A168_HF9F_20260827_0900,2026-08-27 09:00:00
2026-06-28,132190460,1401,0,3.3234322747,3.3234322747,3.3234322747,1.0000000,1,1,0.49324550000000000,0.493245500000,1.01360149184955,1.01360149184955,1.01360149184955,0E-17,ELIGIBLE,R03b_20260811_FULL_v1,L1_ELIGIBILITY,v2026-08-11,2026-03-21..2026-08-06,baccarat_bet02_101_all_pairs_incl_sentinel,round_win = game_pnl > 0 (decisive only),COMPATIBILITY_ONLY_NOT_PRODUCTION,4726.3868,4260.9992,168.7826,1339,1197,-0.03571071,-0.04850756,-0.02910476,-0.03571071,-168.7826,4726.3868,OK,0.0000,6.7513,4.0000,96.0000,AG03-UNRESOLVED,ALL5_LEVELS_bet23_to_bet27,6.7513,6.7513,6.7513,6.7513,6.7513,4.000000,4.000000,4.000000,4.000000,4.000000,96.000000,96.000000,96.000000,96.000000,96.000000,5.0,33.7565,31.1619,135.0261,137.6208,PENDING_AG03,FALSE,NOT_FOR_ENFORCEMENT,162.0313,4090.5592,168.7826,162.0313,6.7513,0.03571071,0.03428228,6.7513,162.0313,0.03428228,6.7513,6.7513,6.7513,6.7513,6.7513,162.0313,0.03428228,33.7565,31.1619,135.0261,137.6208,0.02856857,0.02911754,0.00142843,3.5298,3.5597,0.1410,3.6692,0.2905,102.7475,26.0217,3.1802,3.7422,2.0771,4.0878,4.1543,6.1317,6.2314,7.1537,3.1157,-1.022,1.524396,1.75,0.863492,29,159,71,5,0.34046406,0.03571071,0.04850756,0E-8,0.000000,0.901534,0.000000,-0.01940280,2026-05-27,2026-07-31,46,581,334,66,0.696970,0.849821,0.900951,1.134880,,,,,,,,GLOBAL_BASELINE_NO_ENTITY_RANKING,,,NOT_APPLICABLE_GLOBAL_BASELINE,HF9g-P5,,,,X 全窗基线 · 不参与实体赏罚,6878457,688,A168_HF9F_20260827_0900,2026-08-27 09:00:00
2026-06-28,132190460,1654,0,3.1157177575,2.9599318696,2.9599318696,1.0000000,1,1,0.50665070000000000,0.506650700000,0.9867858985152569,0.9867858985152569,0.9867858985152569,0E-17,ELIGIBLE,R03b_20260811_FULL_v1,L1_ELIGIBILITY,v2026-08-11,2026-03-21..2026-08-06,baccarat_bet02_101_all_pairs_incl_sentinel,round_win = game_pnl > 0 (decisive only),COMPATIBILITY_ONLY_NOT_PRODUCTION,4726.3868,4260.9992,168.7826,1339,1197,-0.03571071,-0.04850756,-0.02910476,-0.03571071,-168.7826,4726.3868,OK,0.0000,6.7513,4.0000,96.0000,AG03-UNRESOLVED,ALL5_LEVELS_bet23_to_bet27,6.7513,6.7513,6.7513,6.7513,6.7513,4.000000,4.000000,4.000000,4.000000,4.000000,96.000000,96.000000,96.000000,96.000000,96.000000,5.0,33.7565,31.1619,135.0261,137.6208,PENDING_AG03,FALSE,NOT_FOR_ENFORCEMENT,162.0313,4090.5592,168.7826,162.0313,6.7513,0.03571071,0.03428228,6.7513,162.0313,0.03428228,6.7513,6.7513,6.7513,6.7513,6.7513,162.0313,0.03428228,33.7565,31.1619,135.0261,137.6208,0.02856857,0.02911754,0.00142843,3.5298,3.5597,0.1410,3.6692,0.2905,102.7475,26.0217,3.1802,3.7422,2.0771,4.0878,4.1543,6.1317,6.2314,7.1537,3.1157,-1.022,1.524396,1.75,0.863492,29,159,71,5,0.34046406,0.03571071,0.04850756,0E-8,0.000000,0.901534,0.000000,-0.01940280,2026-05-27,2026-07-31,46,581,334,66,0.696970,0.849821,0.900951,1.134880,,,,,,,,GLOBAL_BASELINE_NO_ENTITY_RANKING,,,NOT_APPLICABLE_GLOBAL_BASELINE,HF9g-P5,,,,X 全窗基线 · 不参与实体赏罚,6878458,688,A168_HF9F_20260827_0900,2026-08-27 09:00:00
2026-06-28,132190460,1990,0,9.3471532726,0.9347153272,0.9347153272,0.6666667,3,3,0.49771390000000000,0.497713900000,0.5852756695216578,0.5852756695216578,0.5852756695216578,0E-17,ELIGIBLE,R03b_20260811_FULL_v1,L1_ELIGIBILITY,v2026-08-11,2026-03-21..2026-08-06,baccarat_bet02_101_all_pairs_incl_sentinel,round_win = game_pnl > 0 (decisive only),COMPATIBILITY_ONLY_NOT_PRODUCTION,4726.3868,4260.9992,168.7826,1339,1197,-0.03571071,-0.04850756,-0.02910476,-0.03571071,-168.7826,4726.3868,OK,0.0000,6.7513,4.0000,96.0000,AG03-UNRESOLVED,ALL5_LEVELS_bet23_to_bet27,6.7513,6.7513,6.7513,6.7513,6.7513,4.000000,4.000000,4.000000,4.000000,4.000000,96.000000,96.000000,96.000000,96.000000,96.000000,5.0,33.7565,31.1619,135.0261,137.6208,PENDING_AG03,FALSE,NOT_FOR_ENFORCEMENT,162.0313,4090.5592,168.7826,162.0313,6.7513,0.03571071,0.03428228,6.7513,162.0313,0.03428228,6.7513,6.7513,6.7513,6.7513,6.7513,162.0313,0.03428228,33.7565,31.1619,135.0261,137.6208,0.02856857,0.02911754,0.00142843,3.5298,3.5597,0.1410,3.6692,0.2905,102.7475,26.0217,3.1802,3.7422,2.0771,4.0878,4.1543,6.1317,6.2314,7.1537,3.1157,-1.022,1.524396,1.75,0.863492,29,159,71,5,0.34046406,0.03571071,0.04850756,0E-8,0.000000,0.901534,0.000000,-0.01940280,2026-05-27,2026-07-31,46,581,334,66,0.696970,0.849821,0.900951,1.134880,,,,,,,,GLOBAL_BASELINE_NO_ENTITY_RANKING,,,NOT_APPLICABLE_GLOBAL_BASELINE,HF9g-P5,,,,X 全窗基线 · 不参与实体赏罚,6878459,688,A168_HF9F_20260827_0900,2026-08-27 09:00:00
2026-06-28,132190460,2101,0,16.6171613735,1.8694306545,1.8694306545,0.5000000,4,4,0.50329940000000000,0.503299400000,-0.01319788734859681,-0.01319788734859681,-0.01319788734859681,0E-17,ELIGIBLE,R03b_20260811_FULL_v1,L1_ELIGIBILITY,v2026-08-11,2026-03-21..2026-08-06,baccarat_bet02_101_all_pairs_incl_sentinel,round_win = game_pnl > 0 (decisive only),COMPATIBILITY_ONLY_NOT_PRODUCTION,4726.3868,4260.9992,168.7826,1339,1197,-0.03571071,-0.04850756,-0.02910476,-0.03571071,-168.7826,4726.3868,OK,0.0000,6.7513,4.0000,96.0000,AG03-UNRESOLVED,ALL5_LEVELS_bet23_to_bet27,6.7513,6.7513,6.7513,6.7513,6.7513,4.000000,4.000000,4.000000,4.000000,4.000000,96.000000,96.000000,96.000000,96.000000,96.000000,5.0,33.7565,31.1619,135.0261,137.6208,PENDING_AG03,FALSE,NOT_FOR_ENFORCEMENT,162.0313,4090.5592,168.7826,162.0313,6.7513,0.03571071,0.03428228,6.7513,162.0313,0.03428228,6.7513,6.7513,6.7513,6.7513,6.7513,162.0313,0.03428228,33.7565,31.1619,135.0261,137.6208,0.02856857,0.02911754,0.00142843,3.5298,3.5597,0.1410,3.6692,0.2905,102.7475,26.0217,3.1802,3.7422,2.0771,4.0878,4.1543,6.1317,6.2314,7.1537,3.1157,-1.022,1.524396,1.75,0.863492,29,159,71,5,0.34046406,0.03571071,0.04850756,0E-8,0.000000,0.901534,0.000000,-0.01940280,2026-05-27,2026-07-31,46,581,334,66,0.696970,0.849821,0.900951,1.134880,,,,,,,,GLOBAL_BASELINE_NO_ENTITY_RANKING,,,NOT_APPLICABLE_GLOBAL_BASELINE,HF9g-P5,,,,X 全窗基线 · 不参与实体赏罚,6878460,688,A168_HF9F_20260827_0900,2026-08-27 09:00:00
2026-06-28,132190460,2103,0,9.3471532726,0.7789294393,0.7789294393,0.5000000,4,4,0.50665070000000000,0.506650700000,-0.02660515369234503,-0.02660515369234503,-0.02660515369234503,0E-17,ELIGIBLE,R03b_20260811_FULL_v1,L1_ELIGIBILITY,v2026-08-11,2026-03-21..2026-08-06,baccarat_bet02_101_all_pairs_incl_sentinel,round_win = game_pnl > 0 (decisive only),COMPATIBILITY_ONLY_NOT_PRODUCTION,4726.3868,4260.9992,168.7826,1339,1197,-0.03571071,-0.04850756,-0.02910476,-0.03571071,-168.7826,4726.3868,OK,0.0000,6.7513,4.0000,96.0000,AG03-UNRESOLVED,ALL5_LEVELS_bet23_to_bet27,6.7513,6.7513,6.7513,6.7513,6.7513,4.000000,4.000000,4.000000,4.000000,4.000000,96.000000,96.000000,96.000000,96.000000,96.000000,5.0,33.7565,31.1619,135.0261,137.6208,PENDING_AG03,FALSE,NOT_FOR_ENFORCEMENT,162.0313,4090.5592,168.7826,162.0313,6.7513,0.03571071,0.03428228,6.7513,162.0313,0.03428228,6.7513,6.7513,6.7513,6.7513,6.7513,162.0313,0.03428228,33.7565,31.1619,135.0261,137.6208,0.02856857,0.02911754,0.00142843,3.5298,3.5597,0.1410,3.6692,0.2905,102.7475,26.0217,3.1802,3.7422,2.0771,4.0878,4.1543,6.1317,6.2314,7.1537,3.1157,-1.022,1.524396,1.75,0.863492,29,159,71,5,0.34046406,0.03571071,0.04850756,0E-8,0.000000,0.901534,0.000000,-0.01940280,2026-05-27,2026-07-31,46,581,334,66,0.696970,0.849821,0.900951,1.134880,,,,,,,,GLOBAL_BASELINE_NO_ENTITY_RANKING,,,NOT_APPLICABLE_GLOBAL_BASELINE,HF9g-P5,,,,X 全窗基线 · 不参与实体赏罚,6878461,688,A168_HF9F_20260827_0900,2026-08-27 09:00:00
2026-06-28,132190460,2106,0,8.3085806868,-6.2314355151,-6.2314355151,0E-7,4,4,0.49994810000000000,0.499948100000,-1.7318710300250217,-1.7318710300250217,-1.7318710300250217,0E-17,ELIGIBLE,R03b_20260811_FULL_v1,L1_ELIGIBILITY,v2026-08-11,2026-03-21..2026-08-06,baccarat_bet02_101_all_pairs_incl_sentinel,round_win = game_pnl > 0 (decisive only),COMPATIBILITY_ONLY_NOT_PRODUCTION,4726.3868,4260.9992,168.7826,1339,1197,-0.03571071,-0.04850756,-0.02910476,-0.03571071,-168.7826,4726.3868,OK,0.0000,6.7513,4.0000,96.0000,AG03-UNRESOLVED,ALL5_LEVELS_bet23_to_bet27,6.7513,6.7513,6.7513,6.7513,6.7513,4.000000,4.000000,4.000000,4.000000,4.000000,96.000000,96.000000,96.000000,96.000000,96.000000,5.0,33.7565,31.1619,135.0261,137.6208,PENDING_AG03,FALSE,NOT_FOR_ENFORCEMENT,162.0313,4090.5592,168.7826,162.0313,6.7513,0.03571071,0.03428228,6.7513,162.0313,0.03428228,6.7513,6.7513,6.7513,6.7513,6.7513,162.0313,0.03428228,33.7565,31.1619,135.0261,137.6208,0.02856857,0.02911754,0.00142843,3.5298,3.5597,0.1410,3.6692,0.2905,102.7475,26.0217,3.1802,3.7422,2.0771,4.0878,4.1543,6.1317,6.2314,7.1537,3.1157,-1.022,1.524396,1.75,0.863492,29,159,71,5,0.34046406,0.03571071,0.04850756,0E-8,0.000000,0.901534,0.000000,-0.01940280,2026-05-27,2026-07-31,46,581,334,66,0.696970,0.849821,0.900951,1.134880,,,,,,,,GLOBAL_BASELINE_NO_ENTITY_RANKING,,,NOT_APPLICABLE_GLOBAL_BASELINE,HF9g-P5,,,,X 全窗基线 · 不参与实体赏罚,6878462,688,A168_HF9F_20260827_0900,2026-08-27 09:00:00
2026-06-28,132190460,2115,0,1.0385725858,1.0385725858,1.0385725858,1.0000000,1,1,0.49324550000000000,0.493245500000,1.01360149184955,1.01360149184955,1.01360149184955,0E-17,ELIGIBLE,R03b_20260811_FULL_v1,L1_ELIGIBILITY,v2026-08-11,2026-03-21..2026-08-06,baccarat_bet02_101_all_pairs_incl_sentinel,round_win = game_pnl > 0 (decisive only),COMPATIBILITY_ONLY_NOT_PRODUCTION,4726.3868,4260.9992,168.7826,1339,1197,-0.03571071,-0.04850756,-0.02910476,-0.03571071,-168.7826,4726.3868,OK,0.0000,6.7513,4.0000,96.0000,AG03-UNRESOLVED,ALL5_LEVELS_bet23_to_bet27,6.7513,6.7513,6.7513,6.7513,6.7513,4.000000,4.000000,4.000000,4.000000,4.000000,96.000000,96.000000,96.000000,96.000000,96.000000,5.0,33.7565,31.1619,135.0261,137.6208,PENDING_AG03,FALSE,NOT_FOR_ENFORCEMENT,162.0313,4090.5592,168.7826,162.0313,6.7513,0.03571071,0.03428228,6.7513,162.0313,0.03428228,6.7513,6.7513,6.7513,6.7513,6.7513,162.0313,0.03428228,33.7565,31.1619,135.0261,137.6208,0.02856857,0.02911754,0.00142843,3.5298,3.5597,0.1410,3.6692,0.2905,102.7475,26.0217,3.1802,3.7422,2.0771,4.0878,4.1543,6.1317,6.2314,7.1537,3.1157,-1.022,1.524396,1.75,0.863492,29,159,71,5,0.34046406,0.03571071,0.04850756,0E-8,0.000000,0.901534,0.000000,-0.01940280,2026-05-27,2026-07-31,46,581,334,66,0.696970,0.849821,0.900951,1.134880,,,,,,,,GLOBAL_BASELINE_NO_ENTITY_RANKING,,,NOT_APPLICABLE_GLOBAL_BASELINE,HF9g-P5,,,,X 全窗基线 · 不参与实体赏罚,6878463,688,A168_HF9F_20260827_0900,2026-08-27 09:00:00
2026-06-28,132190460,2123,0,7.2700081009,-7.2700081009,-7.2700081009,0E-7,2,2,0.50665070000000000,0.506650700000,-1.4331513700195317,-1.4331513700195317,-1.4331513700195317,0E-17,ELIGIBLE,R03b_20260811_FULL_v1,L1_ELIGIBILITY,v2026-08-11,2026-03-21..2026-08-06,baccarat_bet02_101_all_pairs_incl_sentinel,round_win = game_pnl > 0 (decisive only),COMPATIBILITY_ONLY_NOT_PRODUCTION,4726.3868,4260.9992,168.7826,1339,1197,-0.03571071,-0.04850756,-0.02910476,-0.03571071,-168.7826,4726.3868,OK,0.0000,6.7513,4.0000,96.0000,AG03-UNRESOLVED,ALL5_LEVELS_bet23_to_bet27,6.7513,6.7513,6.7513,6.7513,6.7513,4.000000,4.000000,4.000000,4.000000,4.000000,96.000000,96.000000,96.000000,96.000000,96.000000,5.0,33.7565,31.1619,135.0261,137.6208,PENDING_AG03,FALSE,NOT_FOR_ENFORCEMENT,162.0313,4090.5592,168.7826,162.0313,6.7513,0.03571071,0.03428228,6.7513,162.0313,0.03428228,6.7513,6.7513,6.7513,6.7513,6.7513,162.0313,0.03428228,33.7565,31.1619,135.0261,137.6208,0.02856857,0.02911754,0.00142843,3.5298,3.5597,0.1410,3.6692,0.2905,102.7475,26.0217,3.1802,3.7422,2.0771,4.0878,4.1543,6.1317,6.2314,7.1537,3.1157,-1.022,1.524396,1.75,0.863492,29,159,71,5,0.34046406,0.03571071,0.04850756,0E-8,0.000000,0.901534,0.000000,-0.01940280,2026-05-27,2026-07-31,46,581,334,66,0.696970,0.849821,0.900951,1.134880,,,,,,,,GLOBAL_BASELINE_NO_ENTITY_RANKING,,,NOT_APPLICABLE_GLOBAL_BASELINE,HF9g-P5,,,,X 全窗基线 · 不参与实体赏罚,6878464,688,A168_HF9F_20260827_0900,2026-08-27 09:00:00
2026-06-28,132190460,2141,0,21.8100243027,14.3323016846,14.3323016846,0.8333333,7,7,0.49516052857142857,0.495160528571,1.656779240065042,1.6567792400671557,1.656779240065042,4.2857E-13,ELIGIBLE,R03b_20260811_FULL_v1,L1_ELIGIBILITY,v2026-08-11,2026-03-21..2026-08-06,baccarat_bet02_101_all_pairs_incl_sentinel,round_win = game_pnl > 0 (decisive only),COMPATIBILITY_ONLY_NOT_PRODUCTION,4726.3868,4260.9992,168.7826,1339,1197,-0.03571071,-0.04850756,-0.02910476,-0.03571071,-168.7826,4726.3868,OK,0.0000,6.7513,4.0000,96.0000,AG03-UNRESOLVED,ALL5_LEVELS_bet23_to_bet27,6.7513,6.7513,6.7513,6.7513,6.7513,4.000000,4.000000,4.000000,4.000000,4.000000,96.000000,96.000000,96.000000,96.000000,96.000000,5.0,33.7565,31.1619,135.0261,137.6208,PENDING_AG03,FALSE,NOT_FOR_ENFORCEMENT,162.0313,4090.5592,168.7826,162.0313,6.7513,0.03571071,0.03428228,6.7513,162.0313,0.03428228,6.7513,6.7513,6.7513,6.7513,6.7513,162.0313,0.03428228,33.7565,31.1619,135.0261,137.6208,0.02856857,0.02911754,0.00142843,3.5298,3.5597,0.1410,3.6692,0.2905,102.7475,26.0217,3.1802,3.7422,2.0771,4.0878,4.1543,6.1317,6.2314,7.1537,3.1157,-1.022,1.524396,1.75,0.863492,29,159,71,5,0.34046406,0.03571071,0.04850756,0E-8,0.000000,0.901534,0.000000,-0.01940280,2026-05-27,2026-07-31,46,581,334,66,0.696970,0.849821,0.900951,1.134880,,,,,,,,GLOBAL_BASELINE_NO_ENTITY_RANKING,,,NOT_APPLICABLE_GLOBAL_BASELINE,HF9g-P5,,,,X 全窗基线 · 不参与实体赏罚,6878465,688,A168_HF9F_20260827_0900,2026-08-27 09:00:00
2026-06-28,132190460,2160,0,3.1157177575,-1.0905012152,-1.0905012152,0.5000000,2,2,0.50665070000000000,0.506650700000,-0.018812684590367487,-0.018812684590367487,-0.018812684590367487,0E-17,ELIGIBLE,R03b_20260811_FULL_v1,L1_ELIGIBILITY,v2026-08-11,2026-03-21..2026-08-06,baccarat_bet02_101_all_pairs_incl_sentinel,round_win = game_pnl > 0 (decisive only),COMPATIBILITY_ONLY_NOT_PRODUCTION,4726.3868,4260.9992,168.7826,1339,1197,-0.03571071,-0.04850756,-0.02910476,-0.03571071,-168.7826,4726.3868,OK,0.0000,6.7513,4.0000,96.0000,AG03-UNRESOLVED,ALL5_LEVELS_bet23_to_bet27,6.7513,6.7513,6.7513,6.7513,6.7513,4.000000,4.000000,4.000000,4.000000,4.000000,96.000000,96.000000,96.000000,96.000000,96.000000,5.0,33.7565,31.1619,135.0261,137.6208,PENDING_AG03,FALSE,NOT_FOR_ENFORCEMENT,162.0313,4090.5592,168.7826,162.0313,6.7513,0.03571071,0.03428228,6.7513,162.0313,0.03428228,6.7513,6.7513,6.7513,6.7513,6.7513,162.0313,0.03428228,33.7565,31.1619,135.0261,137.6208,0.02856857,0.02911754,0.00142843,3.5298,3.5597,0.1410,3.6692,0.2905,102.7475,26.0217,3.1802,3.7422,2.0771,4.0878,4.1543,6.1317,6.2314,7.1537,3.1157,-1.022,1.524396,1.75,0.863492,29,159,71,5,0.34046406,0.03571071,0.04850756,0E-8,0.000000,0.901534,0.000000,-0.01940280,2026-05-27,2026-07-31,46,581,334,66,0.696970,0.849821,0.900951,1.134880,,,,,,,,GLOBAL_BASELINE_NO_ENTITY_RANKING,,,NOT_APPLICABLE_GLOBAL_BASELINE,HF9g-P5,,,,X 全窗基线 · 不参与实体赏罚,6878466,688,A168_HF9F_20260827_0900,2026-08-27 09:00:00
2026-06-28,132190460,2169,0,3.1157177575,2.9599318696,2.9599318696,1.0000000,1,1,0.50665070000000000,0.506650700000,0.9867858985152569,0.9867858985152569,0.9867858985152569,0E-17,ELIGIBLE,R03b_20260811_FULL_v1,L1_ELIGIBILITY,v2026-08-11,2026-03-21..2026-08-06,baccarat_bet02_101_all_pairs_incl_sentinel,round_win = game_pnl > 0 (decisive only),COMPATIBILITY_ONLY_NOT_PRODUCTION,4726.3868,4260.9992,168.7826,1339,1197,-0.03571071,-0.04850756,-0.02910476,-0.03571071,-168.7826,4726.3868,OK,0.0000,6.7513,4.0000,96.0000,AG03-UNRESOLVED,ALL5_LEVELS_bet23_to_bet27,6.7513,6.7513,6.7513,6.7513,6.7513,4.000000,4.000000,4.000000,4.000000,4.000000,96.000000,96.000000,96.000000,96.000000,96.000000,5.0,33.7565,31.1619,135.0261,137.6208,PENDING_AG03,FALSE,NOT_FOR_ENFORCEMENT,162.0313,4090.5592,168.7826,162.0313,6.7513,0.03571071,0.03428228,6.7513,162.0313,0.03428228,6.7513,6.7513,6.7513,6.7513,6.7513,162.0313,0.03428228,33.7565,31.1619,135.0261,137.6208,0.02856857,0.02911754,0.00142843,3.5298,3.5597,0.1410,3.6692,0.2905,102.7475,26.0217,3.1802,3.7422,2.0771,4.0878,4.1543,6.1317,6.2314,7.1537,3.1157,-1.022,1.524396,1.75,0.863492,29,159,71,5,0.34046406,0.03571071,0.04850756,0E-8,0.000000,0.901534,0.000000,-0.01940280,2026-05-27,2026-07-31,46,581,334,66,0.696970,0.849821,0.900951,1.134880,,,,,,,,GLOBAL_BASELINE_NO_ENTITY_RANKING,,,NOT_APPLICABLE_GLOBAL_BASELINE,HF9g-P5,,,,X 全窗基线 · 不参与实体赏罚,6878467,688,A168_HF9F_20260827_0900,2026-08-27 09:00:00
2026-06-28,132190460,2174,0,10.3857258584,-0.1557858879,-0.1557858879,0.6666667,3,3,0.50218230000000000,0.502182300000,0.5697959874915163,0.5697959874915164,0.5697959874915163,0E-17,ELIGIBLE,R03b_20260811_FULL_v1,L1_ELIGIBILITY,v2026-08-11,2026-03-21..2026-08-06,baccarat_bet02_101_all_pairs_incl_sentinel,round_win = game_pnl > 0 (decisive only),COMPATIBILITY_ONLY_NOT_PRODUCTION,4726.3868,4260.9992,168.7826,1339,1197,-0.03571071,-0.04850756,-0.02910476,-0.03571071,-168.7826,4726.3868,OK,0.0000,6.7513,4.0000,96.0000,AG03-UNRESOLVED,ALL5_LEVELS_bet23_to_bet27,6.7513,6.7513,6.7513,6.7513,6.7513,4.000000,4.000000,4.000000,4.000000,4.000000,96.000000,96.000000,96.000000,96.000000,96.000000,5.0,33.7565,31.1619,135.0261,137.6208,PENDING_AG03,FALSE,NOT_FOR_ENFORCEMENT,162.0313,4090.5592,168.7826,162.0313,6.7513,0.03571071,0.03428228,6.7513,162.0313,0.03428228,6.7513,6.7513,6.7513,6.7513,6.7513,162.0313,0.03428228,33.7565,31.1619,135.0261,137.6208,0.02856857,0.02911754,0.00142843,3.5298,3.5597,0.1410,3.6692,0.2905,102.7475,26.0217,3.1802,3.7422,2.0771,4.0878,4.1543,6.1317,6.2314,7.1537,3.1157,-1.022,1.524396,1.75,0.863492,29,159,71,5,0.34046406,0.03571071,0.04850756,0E-8,0.000000,0.901534,0.000000,-0.01940280,2026-05-27,2026-07-31,46,581,334,66,0.696970,0.849821,0.900951,1.134880,,,,,,,,GLOBAL_BASELINE_NO_ENTITY_RANKING,,,NOT_APPLICABLE_GLOBAL_BASELINE,HF9g-P5,,,,X 全窗基线 · 不参与实体赏罚,6878468,688,A168_HF9F_20260827_0900,2026-08-27 09:00:00
2026-06-28,132190460,2196,0,11.4242984443,-7.2700081009,-7.2700081009,0.3333333,4,3,0.47471244000105799,0.433507650000,-0.4903791496895027,-0.35012377984260373,-0.4903791496895027,0.04120479000105799,ELIGIBLE,R03b_20260811_FULL_v1,L1_ELIGIBILITY,v2026-08-11,2026-03-21..2026-08-06,baccarat_bet02_101_all_pairs_incl_sentinel,round_win = game_pnl > 0 (decisive only),COMPATIBILITY_ONLY_NOT_PRODUCTION,4726.3868,4260.9992,168.7826,1339,1197,-0.03571071,-0.04850756,-0.02910476,-0.03571071,-168.7826,4726.3868,OK,0.0000,6.7513,4.0000,96.0000,AG03-UNRESOLVED,ALL5_LEVELS_bet23_to_bet27,6.7513,6.7513,6.7513,6.7513,6.7513,4.000000,4.000000,4.000000,4.000000,4.000000,96.000000,96.000000,96.000000,96.000000,96.000000,5.0,33.7565,31.1619,135.0261,137.6208,PENDING_AG03,FALSE,NOT_FOR_ENFORCEMENT,162.0313,4090.5592,168.7826,162.0313,6.7513,0.03571071,0.03428228,6.7513,162.0313,0.03428228,6.7513,6.7513,6.7513,6.7513,6.7513,162.0313,0.03428228,33.7565,31.1619,135.0261,137.6208,0.02856857,0.02911754,0.00142843,3.5298,3.5597,0.1410,3.6692,0.2905,102.7475,26.0217,3.1802,3.7422,2.0771,4.0878,4.1543,6.1317,6.2314,7.1537,3.1157,-1.022,1.524396,1.75,0.863492,29,159,71,5,0.34046406,0.03571071,0.04850756,0E-8,0.000000,0.901534,0.000000,-0.01940280,2026-05-27,2026-07-31,46,581,334,66,0.696970,0.849821,0.900951,1.134880,,,,,,,,GLOBAL_BASELINE_NO_ENTITY_RANKING,,,NOT_APPLICABLE_GLOBAL_BASELINE,HF9g-P5,,,,X 全窗基线 · 不参与实体赏罚,6878469,688,A168_HF9F_20260827_0900,2026-08-27 09:00:00
2026-06-28,132190460,2233,0,27.0028872319,7.7373657644,7.7373657644,0.6666667,8,7,0.49300997857174345,0.473388650000,0.8508236997430916,0.9482089658678363,0.8508236997430916,0.01962132857174345,ELIGIBLE,R03b_20260811_FULL_v1,L1_ELIGIBILITY,v2026-08-11,2026-03-21..2026-08-06,baccarat_bet02_101_all_pairs_incl_sentinel,round_win = game_pnl > 0 (decisive only),COMPATIBILITY_ONLY_NOT_PRODUCTION,4726.3868,4260.9992,168.7826,1339,1197,-0.03571071,-0.04850756,-0.02910476,-0.03571071,-168.7826,4726.3868,OK,0.0000,6.7513,4.0000,96.0000,AG03-UNRESOLVED,ALL5_LEVELS_bet23_to_bet27,6.7513,6.7513,6.7513,6.7513,6.7513,4.000000,4.000000,4.000000,4.000000,4.000000,96.000000,96.000000,96.000000,96.000000,96.000000,5.0,33.7565,31.1619,135.0261,137.6208,PENDING_AG03,FALSE,NOT_FOR_ENFORCEMENT,162.0313,4090.5592,168.7826,162.0313,6.7513,0.03571071,0.03428228,6.7513,162.0313,0.03428228,6.7513,6.7513,6.7513,6.7513,6.7513,162.0313,0.03428228,33.7565,31.1619,135.0261,137.6208,0.02856857,0.02911754,0.00142843,3.5298,3.5597,0.1410,3.6692,0.2905,102.7475,26.0217,3.1802,3.7422,2.0771,4.0878,4.1543,6.1317,6.2314,7.1537,3.1157,-1.022,1.524396,1.75,0.863492,29,159,71,5,0.34046406,0.03571071,0.04850756,0E-8,0.000000,0.901534,0.000000,-0.01940280,2026-05-27,2026-07-31,46,581,334,66,0.696970,0.849821,0.900951,1.134880,,,,,,,,GLOBAL_BASELINE_NO_ENTITY_RANKING,,,NOT_APPLICABLE_GLOBAL_BASELINE,HF9g-P5,,,,X 全窗基线 · 不参与实体赏罚,6878470,688,A168_HF9F_20260827_0900,2026-08-27 09:00:00
2026-06-28,132190460,2281,0,29.0800324035,-4.3620048605,-4.3620048605,0.5000000,9,7,0.47389623857218663,0.437254057143,0.12805642773903422,0.30984048558131394,0.12805642773903422,0.03664218142918663,ELIGIBLE,R03b_20260811_FULL_v1,L1_ELIGIBILITY,v2026-08-11,2026-03-21..2026-08-06,baccarat_bet02_101_all_pairs_incl_sentinel,round_win = game_pnl > 0 (decisive only),COMPATIBILITY_ONLY_NOT_PRODUCTION,4726.3868,4260.9992,168.7826,1339,1197,-0.03571071,-0.04850756,-0.02910476,-0.03571071,-168.7826,4726.3868,OK,0.0000,6.7513,4.0000,96.0000,AG03-UNRESOLVED,ALL5_LEVELS_bet23_to_bet27,6.7513,6.7513,6.7513,6.7513,6.7513,4.000000,4.000000,4.000000,4.000000,4.000000,96.000000,96.000000,96.000000,96.000000,96.000000,5.0,33.7565,31.1619,135.0261,137.6208,PENDING_AG03,FALSE,NOT_FOR_ENFORCEMENT,162.0313,4090.5592,168.7826,162.0313,6.7513,0.03571071,0.03428228,6.7513,162.0313,0.03428228,6.7513,6.7513,6.7513,6.7513,6.7513,162.0313,0.03428228,33.7565,31.1619,135.0261,137.6208,0.02856857,0.02911754,0.00142843,3.5298,3.5597,0.1410,3.6692,0.2905,102.7475,26.0217,3.1802,3.7422,2.0771,4.0878,4.1543,6.1317,6.2314,7.1537,3.1157,-1.022,1.524396,1.75,0.863492,29,159,71,5,0.34046406,0.03571071,0.04850756,0E-8,0.000000,0.901534,0.000000,-0.01940280,2026-05-27,2026-07-31,46,581,334,66,0.696970,0.849821,0.900951,1.134880,,,,,,,,GLOBAL_BASELINE_NO_ENTITY_RANKING,,,NOT_APPLICABLE_GLOBAL_BASELINE,HF9g-P5,,,,X 全窗基线 · 不参与实体赏罚,6878471,688,A168_HF9F_20260827_0900,2026-08-27 09:00:00
2026-06-28,132190460,2288,0,22.0177388196,6.8857362443,6.8857362443,0.7500000,7,5,0.46883757400106128,0.417538520000,1.1268403755722385,1.3483090547546421,1.1268403755722385,0.05129905400106128,ELIGIBLE,R03b_20260811_FULL_v1,L1_ELIGIBILITY,v2026-08-11,2026-03-21..2026-08-06,baccarat_bet02_101_all_pairs_incl_sentinel,round_win = game_pnl > 0 (decisive only),COMPATIBILITY_ONLY_NOT_PRODUCTION,4726.3868,4260.9992,168.7826,1339,1197,-0.03571071,-0.04850756,-0.02910476,-0.03571071,-168.7826,4726.3868,OK,0.0000,6.7513,4.0000,96.0000,AG03-UNRESOLVED,ALL5_LEVELS_bet23_to_bet27,6.7513,6.7513,6.7513,6.7513,6.7513,4.000000,4.000000,4.000000,4.000000,4.000000,96.000000,96.000000,96.000000,96.000000,96.000000,5.0,33.7565,31.1619,135.0261,137.6208,PENDING_AG03,FALSE,NOT_FOR_ENFORCEMENT,162.0313,4090.5592,168.7826,162.0313,6.7513,0.03571071,0.03428228,6.7513,162.0313,0.03428228,6.7513,6.7513,6.7513,6.7513,6.7513,162.0313,0.03428228,33.7565,31.1619,135.0261,137.6208,0.02856857,0.02911754,0.00142843,3.5298,3.5597,0.1410,3.6692,0.2905,102.7475,26.0217,3.1802,3.7422,2.0771,4.0878,4.1543,6.1317,6.2314,7.1537,3.1157,-1.022,1.524396,1.75,0.863492,29,159,71,5,0.34046406,0.03571071,0.04850756,0E-8,0.000000,0.901534,0.000000,-0.01940280,2026-05-27,2026-07-31,46,581,334,66,0.696970,0.849821,0.900951,1.134880,,,,,,,,GLOBAL_BASELINE_NO_ENTITY_RANKING,,,NOT_APPLICABLE_GLOBAL_BASELINE,HF9g-P5,,,,X 全窗基线 · 不参与实体赏罚,6878472,688,A168_HF9F_20260827_0900,2026-08-27 09:00:00
2026-06-28,132190460,550,0,13.9168726503,-5.7121492221,-5.7121492221,0.3333333,6,6,0.49994810000000000,0.499948100000,-0.8162423282897021,-0.8162423282897021,-0.8162423282897021,0E-17,ELIGIBLE,R03b_20260811_FULL_v1,L1_ELIGIBILITY,v2026-08-11,2026-03-21..2026-08-06,baccarat_bet02_101_all_pairs_incl_sentinel,round_win = game_pnl > 0 (decisive only),COMPATIBILITY_ONLY_NOT_PRODUCTION,4726.3868,4260.9992,168.7826,1339,1197,-0.03571071,-0.04850756,-0.02910476,-0.03571071,-168.7826,4726.3868,OK,0.0000,6.7513,4.0000,96.0000,AG03-UNRESOLVED,ALL5_LEVELS_bet23_to_bet27,6.7513,6.7513,6.7513,6.7513,6.7513,4.000000,4.000000,4.000000,4.000000,4.000000,96.000000,96.000000,96.000000,96.000000,96.000000,5.0,33.7565,31.1619,135.0261,137.6208,PENDING_AG03,FALSE,NOT_FOR_ENFORCEMENT,162.0313,4090.5592,168.7826,162.0313,6.7513,0.03571071,0.03428228,6.7513,162.0313,0.03428228,6.7513,6.7513,6.7513,6.7513,6.7513,162.0313,0.03428228,33.7565,31.1619,135.0261,137.6208,0.02856857,0.02911754,0.00142843,3.5298,3.5597,0.1410,3.6692,0.2905,102.7475,26.0217,3.1802,3.7422,2.0771,4.0878,4.1543,6.1317,6.2314,7.1537,3.1157,-1.022,1.524396,1.75,0.863492,29,159,71,5,0.34046406,0.03571071,0.04850756,0E-8,0.000000,0.901534,0.000000,-0.01940280,2026-05-27,2026-07-31,46,581,334,66,0.696970,0.849821,0.900951,1.134880,,,,,,,,GLOBAL_BASELINE_NO_ENTITY_RANKING,,,NOT_APPLICABLE_GLOBAL_BASELINE,HF9g-P5,,,,X 全窗基线 · 不参与实体赏罚,6878473,688,A168_HF9F_20260827_0900,2026-08-27 09:00:00
2026-06-28,132190460,595,0,8.3085806868,4.0504330848,4.0504330848,0.7500000,4,4,0.49659680000000000,0.496596800000,1.0136362796769356,1.0136362796769358,1.0136362796769356,0E-17,ELIGIBLE,R03b_20260811_FULL_v1,L1_ELIGIBILITY,v2026-08-11,2026-03-21..2026-08-06,baccarat_bet02_101_all_pairs_incl_sentinel,round_win = game_pnl > 0 (decisive only),COMPATIBILITY_ONLY_NOT_PRODUCTION,4726.3868,4260.9992,168.7826,1339,1197,-0.03571071,-0.04850756,-0.02910476,-0.03571071,-168.7826,4726.3868,OK,0.0000,6.7513,4.0000,96.0000,AG03-UNRESOLVED,ALL5_LEVELS_bet23_to_bet27,6.7513,6.7513,6.7513,6.7513,6.7513,4.000000,4.000000,4.000000,4.000000,4.000000,96.000000,96.000000,96.000000,96.000000,96.000000,5.0,33.7565,31.1619,135.0261,137.6208,PENDING_AG03,FALSE,NOT_FOR_ENFORCEMENT,162.0313,4090.5592,168.7826,162.0313,6.7513,0.03571071,0.03428228,6.7513,162.0313,0.03428228,6.7513,6.7513,6.7513,6.7513,6.7513,162.0313,0.03428228,33.7565,31.1619,135.0261,137.6208,0.02856857,0.02911754,0.00142843,3.5298,3.5597,0.1410,3.6692,0.2905,102.7475,26.0217,3.1802,3.7422,2.0771,4.0878,4.1543,6.1317,6.2314,7.1537,3.1157,-1.022,1.524396,1.75,0.863492,29,159,71,5,0.34046406,0.03571071,0.04850756,0E-8,0.000000,0.901534,0.000000,-0.01940280,2026-05-27,2026-07-31,46,581,334,66,0.696970,0.849821,0.900951,1.134880,,,,,,,,GLOBAL_BASELINE_NO_ENTITY_RANKING,,,NOT_APPLICABLE_GLOBAL_BASELINE,HF9g-P5,,,,X 全窗基线 · 不参与实体赏罚,6878474,688,A168_HF9F_20260827_0900,2026-08-27 09:00:00
2026-06-28,132190460,772,0,9.3471532726,0.9347153273,0.9347153273,0.6666667,4,4,0.49994810000000000,0.499948100000,0.5775300591747329,0.5775300591747329,0.5775300591747329,0E-17,ELIGIBLE,R03b_20260811_FULL_v1,L1_ELIGIBILITY,v2026-08-11,2026-03-21..2026-08-06,baccarat_bet02_101_all_pairs_incl_sentinel,round_win = game_pnl > 0 (decisive only),COMPATIBILITY_ONLY_NOT_PRODUCTION,4726.3868,4260.9992,168.7826,1339,1197,-0.03571071,-0.04850756,-0.02910476,-0.03571071,-168.7826,4726.3868,OK,0.0000,6.7513,4.0000,96.0000,AG03-UNRESOLVED,ALL5_LEVELS_bet23_to_bet27,6.7513,6.7513,6.7513,6.7513,6.7513,4.000000,4.000000,4.000000,4.000000,4.000000,96.000000,96.000000,96.000000,96.000000,96.000000,5.0,33.7565,31.1619,135.0261,137.6208,PENDING_AG03,FALSE,NOT_FOR_ENFORCEMENT,162.0313,4090.5592,168.7826,162.0313,6.7513,0.03571071,0.03428228,6.7513,162.0313,0.03428228,6.7513,6.7513,6.7513,6.7513,6.7513,162.0313,0.03428228,33.7565,31.1619,135.0261,137.6208,0.02856857,0.02911754,0.00142843,3.5298,3.5597,0.1410,3.6692,0.2905,102.7475,26.0217,3.1802,3.7422,2.0771,4.0878,4.1543,6.1317,6.2314,7.1537,3.1157,-1.022,1.524396,1.75,0.863492,29,159,71,5,0.34046406,0.03571071,0.04850756,0E-8,0.000000,0.901534,0.000000,-0.01940280,2026-05-27,2026-07-31,46,581,334,66,0.696970,0.849821,0.900951,1.134880,,,,,,,,GLOBAL_BASELINE_NO_ENTITY_RANKING,,,NOT_APPLICABLE_GLOBAL_BASELINE,HF9g-P5,,,,X 全窗基线 · 不参与实体赏罚,6878475,688,A168_HF9F_20260827_0900,2026-08-27 09:00:00
2026-06-28,132190460,919,0,2.9080032403,-2.9080032403,-2.9080032403,0E-7,1,1,0.50665070000000000,0.506650700000,-1.013391052207602,-1.013391052207602,-1.013391052207602,0E-17,ELIGIBLE,R03b_20260811_FULL_v1,L1_ELIGIBILITY,v2026-08-11,2026-03-21..2026-08-06,baccarat_bet02_101_all_pairs_incl_sentinel,round_win = game_pnl > 0 (decisive only),COMPATIBILITY_ONLY_NOT_PRODUCTION,4726.3868,4260.9992,168.7826,1339,1197,-0.03571071,-0.04850756,-0.02910476,-0.03571071,-168.7826,4726.3868,OK,0.0000,6.7513,4.0000,96.0000,AG03-UNRESOLVED,ALL5_LEVELS_bet23_to_bet27,6.7513,6.7513,6.7513,6.7513,6.7513,4.000000,4.000000,4.000000,4.000000,4.000000,96.000000,96.000000,96.000000,96.000000,96.000000,5.0,33.7565,31.1619,135.0261,137.6208,PENDING_AG03,FALSE,NOT_FOR_ENFORCEMENT,162.0313,4090.5592,168.7826,162.0313,6.7513,0.03571071,0.03428228,6.7513,162.0313,0.03428228,6.7513,6.7513,6.7513,6.7513,6.7513,162.0313,0.03428228,33.7565,31.1619,135.0261,137.6208,0.02856857,0.02911754,0.00142843,3.5298,3.5597,0.1410,3.6692,0.2905,102.7475,26.0217,3.1802,3.7422,2.0771,4.0878,4.1543,6.1317,6.2314,7.1537,3.1157,-1.022,1.524396,1.75,0.863492,29,159,71,5,0.34046406,0.03571071,0.04850756,0E-8,0.000000,0.901534,0.000000,-0.01940280,2026-05-27,2026-07-31,46,581,334,66,0.696970,0.849821,0.900951,1.134880,,,,,,,,GLOBAL_BASELINE_NO_ENTITY_RANKING,,,NOT_APPLICABLE_GLOBAL_BASELINE,HF9g-P5,,,,X 全窗基线 · 不参与实体赏罚,6878476,688,A168_HF9F_20260827_0900,2026-08-27 09:00:00
2026-06-28,132190460,987,0,4.1542903434,-4.1542903434,-4.1542903434,0E-7,1,1,0.50665070000000000,0.506650700000,-1.013391052207602,-1.013391052207602,-1.013391052207602,0E-17,ELIGIBLE,R03b_20260811_FULL_v1,L1_ELIGIBILITY,v2026-08-11,2026-03-21..2026-08-06,baccarat_bet02_101_all_pairs_incl_sentinel,round_win = game_pnl > 0 (decisive only),COMPATIBILITY_ONLY_NOT_PRODUCTION,4726.3868,4260.9992,168.7826,1339,1197,-0.03571071,-0.04850756,-0.02910476,-0.03571071,-168.7826,4726.3868,OK,0.0000,6.7513,4.0000,96.0000,AG03-UNRESOLVED,ALL5_LEVELS_bet23_to_bet27,6.7513,6.7513,6.7513,6.7513,6.7513,4.000000,4.000000,4.000000,4.000000,4.000000,96.000000,96.000000,96.000000,96.000000,96.000000,5.0,33.7565,31.1619,135.0261,137.6208,PENDING_AG03,FALSE,NOT_FOR_ENFORCEMENT,162.0313,4090.5592,168.7826,162.0313,6.7513,0.03571071,0.03428228,6.7513,162.0313,0.03428228,6.7513,6.7513,6.7513,6.7513,6.7513,162.0313,0.03428228,33.7565,31.1619,135.0261,137.6208,0.02856857,0.02911754,0.00142843,3.5298,3.5597,0.1410,3.6692,0.2905,102.7475,26.0217,3.1802,3.7422,2.0771,4.0878,4.1543,6.1317,6.2314,7.1537,3.1157,-1.022,1.524396,1.75,0.863492,29,159,71,5,0.34046406,0.03571071,0.04850756,0E-8,0.000000,0.901534,0.000000,-0.01940280,2026-05-27,2026-07-31,46,581,334,66,0.696970,0.849821,0.900951,1.134880,,,,,,,,GLOBAL_BASELINE_NO_ENTITY_RANKING,,,NOT_APPLICABLE_GLOBAL_BASELINE,HF9g-P5,,,,X 全窗基线 · 不参与实体赏罚,6878477,688,A168_HF9F_20260827_0900,2026-08-27 09:00:00
2026-06-29,132190460,1509,0,7.2700081009,-7.2700081009,-7.2700081009,0E-7,2,2,0.49994810000000000,0.499948100000,-1.4140667746232096,-1.4140667746232096,-1.4140667746232096,0E-17,ELIGIBLE,R03b_20260811_FULL_v1,L1_ELIGIBILITY,v2026-08-11,2026-03-21..2026-08-06,baccarat_bet02_101_all_pairs_incl_sentinel,round_win = game_pnl > 0 (decisive only),COMPATIBILITY_ONLY_NOT_PRODUCTION,4726.3868,4260.9992,168.7826,1339,1197,-0.03571071,-0.04850756,-0.02910476,-0.03571071,-168.7826,4726.3868,OK,0.0000,6.7513,4.0000,96.0000,AG03-UNRESOLVED,ALL5_LEVELS_bet23_to_bet27,6.7513,6.7513,6.7513,6.7513,6.7513,4.000000,4.000000,4.000000,4.000000,4.000000,96.000000,96.000000,96.000000,96.000000,96.000000,5.0,33.7565,31.1619,135.0261,137.6208,PENDING_AG03,FALSE,NOT_FOR_ENFORCEMENT,162.0313,4090.5592,168.7826,162.0313,6.7513,0.03571071,0.03428228,6.7513,162.0313,0.03428228,6.7513,6.7513,6.7513,6.7513,6.7513,162.0313,0.03428228,33.7565,31.1619,135.0261,137.6208,0.02856857,0.02911754,0.00142843,3.5298,3.5597,0.1410,3.6692,0.2905,102.7475,26.0217,3.1802,3.7422,2.0771,4.0878,4.1543,6.1317,6.2314,7.1537,3.1157,-1.022,1.524396,1.75,0.863492,29,159,71,5,0.34046406,0.03571071,0.04850756,0E-8,0.000000,0.901534,0.000000,-0.01940280,2026-05-27,2026-07-31,46,581,334,66,0.696970,0.849821,0.900951,1.134880,,,,,,,,GLOBAL_BASELINE_NO_ENTITY_RANKING,,,NOT_APPLICABLE_GLOBAL_BASELINE,HF9g-P5,,,,X 全窗基线 · 不参与实体赏罚,6878478,688,A168_HF9F_20260827_0900,2026-08-27 09:00:00
2026-06-29,132190460,2117,0,36.3500405045,23.7833122157,23.7833122157,0.8888889,10,10,0.49458602000000000,0.494586020000,2.3659559153157352,2.3659559153157352,2.3659559153157352,0E-17,ELIGIBLE,R03b_20260811_FULL_v1,L1_ELIGIBILITY,v2026-08-11,2026-03-21..2026-08-06,baccarat_bet02_101_all_pairs_incl_sentinel,round_win = game_pnl > 0 (decisive only),COMPATIBILITY_ONLY_NOT_PRODUCTION,4726.3868,4260.9992,168.7826,1339,1197,-0.03571071,-0.04850756,-0.02910476,-0.03571071,-168.7826,4726.3868,OK,0.0000,6.7513,4.0000,96.0000,AG03-UNRESOLVED,ALL5_LEVELS_bet23_to_bet27,6.7513,6.7513,6.7513,6.7513,6.7513,4.000000,4.000000,4.000000,4.000000,4.000000,96.000000,96.000000,96.000000,96.000000,96.000000,5.0,33.7565,31.1619,135.0261,137.6208,PENDING_AG03,FALSE,NOT_FOR_ENFORCEMENT,162.0313,4090.5592,168.7826,162.0313,6.7513,0.03571071,0.03428228,6.7513,162.0313,0.03428228,6.7513,6.7513,6.7513,6.7513,6.7513,162.0313,0.03428228,33.7565,31.1619,135.0261,137.6208,0.02856857,0.02911754,0.00142843,3.5298,3.5597,0.1410,3.6692,0.2905,102.7475,26.0217,3.1802,3.7422,2.0771,4.0878,4.1543,6.1317,6.2314,7.1537,3.1157,-1.022,1.524396,1.75,0.863492,29,159,71,5,0.34046406,0.03571071,0.04850756,0E-8,0.000000,0.901534,0.000000,-0.01940280,2026-05-27,2026-07-31,46,581,334,66,0.696970,0.849821,0.900951,1.134880,,,,,,,,GLOBAL_BASELINE_NO_ENTITY_RANKING,,,NOT_APPLICABLE_GLOBAL_BASELINE,HF9g-P5,,,,X 全窗基线 · 不参与实体赏罚,6878479,688,A168_HF9F_20260827_0900,2026-08-27 09:00:00
2026-06-30,132190460,2209,0,2.0439030372,2.0439030372,2.0439030372,1.0000000,1,1,0.49324550000000000,0.493245500000,1.01360149184955,1.01360149184955,1.01360149184955,0E-17,ELIGIBLE,R03b_20260811_FULL_v1,L1_ELIGIBILITY,v2026-08-11,2026-03-21..2026-08-06,baccarat_bet02_101_all_pairs_incl_sentinel,round_win = game_pnl > 0 (decisive only),COMPATIBILITY_ONLY_NOT_PRODUCTION,4726.3868,4260.9992,168.7826,1339,1197,-0.03571071,-0.04850756,-0.02910476,-0.03571071,-168.7826,4726.3868,OK,0.0000,6.7513,4.0000,96.0000,AG03-UNRESOLVED,ALL5_LEVELS_bet23_to_bet27,6.7513,6.7513,6.7513,6.7513,6.7513,4.000000,4.000000,4.000000,4.000000,4.000000,96.000000,96.000000,96.000000,96.000000,96.000000,5.0,33.7565,31.1619,135.0261,137.6208,PENDING_AG03,FALSE,NOT_FOR_ENFORCEMENT,162.0313,4090.5592,168.7826,162.0313,6.7513,0.03571071,0.03428228,6.7513,162.0313,0.03428228,6.7513,6.7513,6.7513,6.7513,6.7513,162.0313,0.03428228,33.7565,31.1619,135.0261,137.6208,0.02856857,0.02911754,0.00142843,3.5298,3.5597,0.1410,3.6692,0.2905,102.7475,26.0217,3.1802,3.7422,2.0771,4.0878,4.1543,6.1317,6.2314,7.1537,3.1157,-1.022,1.524396,1.75,0.863492,29,159,71,5,0.34046406,0.03571071,0.04850756,0E-8,0.000000,0.901534,0.000000,-0.01940280,2026-05-27,2026-07-31,46,581,334,66,0.696970,0.849821,0.900951,1.134880,,,,,,,,GLOBAL_BASELINE_NO_ENTITY_RANKING,,,NOT_APPLICABLE_GLOBAL_BASELINE,HF9g-P5,,,,X 全窗基线 · 不参与实体赏罚,6878480,688,A168_HF9F_20260827_0900,2026-08-27 09:00:00
2026-07-02,132190460,1966,0,3.0658545559,2.9125618281,2.9125618281,1.0000000,1,1,0.50665070000000000,0.506650700000,0.9867858985152569,0.9867858985152569,0.9867858985152569,0E-17,ELIGIBLE,R03b_20260811_FULL_v1,L1_ELIGIBILITY,v2026-08-11,2026-03-21..2026-08-06,baccarat_bet02_101_all_pairs_incl_sentinel,round_win = game_pnl > 0 (decisive only),COMPATIBILITY_ONLY_NOT_PRODUCTION,4726.3868,4260.9992,168.7826,1339,1197,-0.03571071,-0.04850756,-0.02910476,-0.03571071,-168.7826,4726.3868,OK,0.0000,6.7513,4.0000,96.0000,AG03-UNRESOLVED,ALL5_LEVELS_bet23_to_bet27,6.7513,6.7513,6.7513,6.7513,6.7513,4.000000,4.000000,4.000000,4.000000,4.000000,96.000000,96.000000,96.000000,96.000000,96.000000,5.0,33.7565,31.1619,135.0261,137.6208,PENDING_AG03,FALSE,NOT_FOR_ENFORCEMENT,162.0313,4090.5592,168.7826,162.0313,6.7513,0.03571071,0.03428228,6.7513,162.0313,0.03428228,6.7513,6.7513,6.7513,6.7513,6.7513,162.0313,0.03428228,33.7565,31.1619,135.0261,137.6208,0.02856857,0.02911754,0.00142843,3.5298,3.5597,0.1410,3.6692,0.2905,102.7475,26.0217,3.1802,3.7422,2.0771,4.0878,4.1543,6.1317,6.2314,7.1537,3.1157,-1.022,1.524396,1.75,0.863492,29,159,71,5,0.34046406,0.03571071,0.04850756,0E-8,0.000000,0.901534,0.000000,-0.01940280,2026-05-27,2026-07-31,46,581,334,66,0.696970,0.849821,0.900951,1.134880,,,,,,,,GLOBAL_BASELINE_NO_ENTITY_RANKING,,,NOT_APPLICABLE_GLOBAL_BASELINE,HF9g-P5,,,,X 全窗基线 · 不参与实体赏罚,6878481,688,A168_HF9F_20260827_0900,2026-08-27 09:00:00
2026-07-02,132190460,2175,0,2.6570739484,2.5242202510,2.5242202510,1.0000000,1,1,0.50665070000000000,0.506650700000,0.9867858985152569,0.9867858985152569,0.9867858985152569,0E-17,ELIGIBLE,R03b_20260811_FULL_v1,L1_ELIGIBILITY,v2026-08-11,2026-03-21..2026-08-06,baccarat_bet02_101_all_pairs_incl_sentinel,round_win = game_pnl > 0 (decisive only),COMPATIBILITY_ONLY_NOT_PRODUCTION,4726.3868,4260.9992,168.7826,1339,1197,-0.03571071,-0.04850756,-0.02910476,-0.03571071,-168.7826,4726.3868,OK,0.0000,6.7513,4.0000,96.0000,AG03-UNRESOLVED,ALL5_LEVELS_bet23_to_bet27,6.7513,6.7513,6.7513,6.7513,6.7513,4.000000,4.000000,4.000000,4.000000,4.000000,96.000000,96.000000,96.000000,96.000000,96.000000,5.0,33.7565,31.1619,135.0261,137.6208,PENDING_AG03,FALSE,NOT_FOR_ENFORCEMENT,162.0313,4090.5592,168.7826,162.0313,6.7513,0.03571071,0.03428228,6.7513,162.0313,0.03428228,6.7513,6.7513,6.7513,6.7513,6.7513,162.0313,0.03428228,33.7565,31.1619,135.0261,137.6208,0.02856857,0.02911754,0.00142843,3.5298,3.5597,0.1410,3.6692,0.2905,102.7475,26.0217,3.1802,3.7422,2.0771,4.0878,4.1543,6.1317,6.2314,7.1537,3.1157,-1.022,1.524396,1.75,0.863492,29,159,71,5,0.34046406,0.03571071,0.04850756,0E-8,0.000000,0.901534,0.000000,-0.01940280,2026-05-27,2026-07-31,46,581,334,66,0.696970,0.849821,0.900951,1.134880,,,,,,,,GLOBAL_BASELINE_NO_ENTITY_RANKING,,,NOT_APPLICABLE_GLOBAL_BASELINE,HF9g-P5,,,,X 全窗基线 · 不参与实体赏罚,6878482,688,A168_HF9F_20260827_0900,2026-08-27 09:00:00
2026-07-03,132190460,2170,0,2.6570739484,-2.6570739484,-2.6570739484,0E-7,2,2,0.49324550000000000,0.493245500000,-1.3952362676504506,-1.3952362676504506,-1.3952362676504506,0E-17,ELIGIBLE,R03b_20260811_FULL_v1,L1_ELIGIBILITY,v2026-08-11,2026-03-21..2026-08-06,baccarat_bet02_101_all_pairs_incl_sentinel,round_win = game_pnl > 0 (decisive only),COMPATIBILITY_ONLY_NOT_PRODUCTION,4726.3868,4260.9992,168.7826,1339,1197,-0.03571071,-0.04850756,-0.02910476,-0.03571071,-168.7826,4726.3868,OK,0.0000,6.7513,4.0000,96.0000,AG03-UNRESOLVED,ALL5_LEVELS_bet23_to_bet27,6.7513,6.7513,6.7513,6.7513,6.7513,4.000000,4.000000,4.000000,4.000000,4.000000,96.000000,96.000000,96.000000,96.000000,96.000000,5.0,33.7565,31.1619,135.0261,137.6208,PENDING_AG03,FALSE,NOT_FOR_ENFORCEMENT,162.0313,4090.5592,168.7826,162.0313,6.7513,0.03571071,0.03428228,6.7513,162.0313,0.03428228,6.7513,6.7513,6.7513,6.7513,6.7513,162.0313,0.03428228,33.7565,31.1619,135.0261,137.6208,0.02856857,0.02911754,0.00142843,3.5298,3.5597,0.1410,3.6692,0.2905,102.7475,26.0217,3.1802,3.7422,2.0771,4.0878,4.1543,6.1317,6.2314,7.1537,3.1157,-1.022,1.524396,1.75,0.863492,29,159,71,5,0.34046406,0.03571071,0.04850756,0E-8,0.000000,0.901534,0.000000,-0.01940280,2026-05-27,2026-07-31,46,581,334,66,0.696970,0.849821,0.900951,1.134880,,,,,,,,GLOBAL_BASELINE_NO_ENTITY_RANKING,,,NOT_APPLICABLE_GLOBAL_BASELINE,HF9g-P5,,,,X 全窗基线 · 不参与实体赏罚,6878483,688,A168_HF9F_20260827_0900,2026-08-27 09:00:00
2026-07-04,132190460,1004,0,2.0439030372,-2.0439030372,-2.0439030372,0E-7,1,1,0.50665070000000000,0.506650700000,-1.013391052207602,-1.013391052207602,-1.013391052207602,0E-17,ELIGIBLE,R03b_20260811_FULL_v1,L1_ELIGIBILITY,v2026-08-11,2026-03-21..2026-08-06,baccarat_bet02_101_all_pairs_incl_sentinel,round_win = game_pnl > 0 (decisive only),COMPATIBILITY_ONLY_NOT_PRODUCTION,4726.3868,4260.9992,168.7826,1339,1197,-0.03571071,-0.04850756,-0.02910476,-0.03571071,-168.7826,4726.3868,OK,0.0000,6.7513,4.0000,96.0000,AG03-UNRESOLVED,ALL5_LEVELS_bet23_to_bet27,6.7513,6.7513,6.7513,6.7513,6.7513,4.000000,4.000000,4.000000,4.000000,4.000000,96.000000,96.000000,96.000000,96.000000,96.000000,5.0,33.7565,31.1619,135.0261,137.6208,PENDING_AG03,FALSE,NOT_FOR_ENFORCEMENT,162.0313,4090.5592,168.7826,162.0313,6.7513,0.03571071,0.03428228,6.7513,162.0313,0.03428228,6.7513,6.7513,6.7513,6.7513,6.7513,162.0313,0.03428228,33.7565,31.1619,135.0261,137.6208,0.02856857,0.02911754,0.00142843,3.5298,3.5597,0.1410,3.6692,0.2905,102.7475,26.0217,3.1802,3.7422,2.0771,4.0878,4.1543,6.1317,6.2314,7.1537,3.1157,-1.022,1.524396,1.75,0.863492,29,159,71,5,0.34046406,0.03571071,0.04850756,0E-8,0.000000,0.901534,0.000000,-0.01940280,2026-05-27,2026-07-31,46,581,334,66,0.696970,0.849821,0.900951,1.134880,,,,,,,,GLOBAL_BASELINE_NO_ENTITY_RANKING,,,NOT_APPLICABLE_GLOBAL_BASELINE,HF9g-P5,,,,X 全窗基线 · 不参与实体赏罚,6878484,688,A168_HF9F_20260827_0900,2026-08-27 09:00:00
2026-07-04,132190460,1215,0,6.1317091117,5.8251236561,5.8251236561,1.0000000,1,1,0.50665070000000000,0.506650700000,0.9867858985152569,0.9867858985152569,0.9867858985152569,0E-17,ELIGIBLE,R03b_20260811_FULL_v1,L1_ELIGIBILITY,v2026-08-11,2026-03-21..2026-08-06,baccarat_bet02_101_all_pairs_incl_sentinel,round_win = game_pnl > 0 (decisive only),COMPATIBILITY_ONLY_NOT_PRODUCTION,4726.3868,4260.9992,168.7826,1339,1197,-0.03571071,-0.04850756,-0.02910476,-0.03571071,-168.7826,4726.3868,OK,0.0000,6.7513,4.0000,96.0000,AG03-UNRESOLVED,ALL5_LEVELS_bet23_to_bet27,6.7513,6.7513,6.7513,6.7513,6.7513,4.000000,4.000000,4.000000,4.000000,4.000000,96.000000,96.000000,96.000000,96.000000,96.000000,5.0,33.7565,31.1619,135.0261,137.6208,PENDING_AG03,FALSE,NOT_FOR_ENFORCEMENT,162.0313,4090.5592,168.7826,162.0313,6.7513,0.03571071,0.03428228,6.7513,162.0313,0.03428228,6.7513,6.7513,6.7513,6.7513,6.7513,162.0313,0.03428228,33.7565,31.1619,135.0261,137.6208,0.02856857,0.02911754,0.00142843,3.5298,3.5597,0.1410,3.6692,0.2905,102.7475,26.0217,3.1802,3.7422,2.0771,4.0878,4.1543,6.1317,6.2314,7.1537,3.1157,-1.022,1.524396,1.75,0.863492,29,159,71,5,0.34046406,0.03571071,0.04850756,0E-8,0.000000,0.901534,0.000000,-0.01940280,2026-05-27,2026-07-31,46,581,334,66,0.696970,0.849821,0.900951,1.134880,,,,,,,,GLOBAL_BASELINE_NO_ENTITY_RANKING,,,NOT_APPLICABLE_GLOBAL_BASELINE,HF9g-P5,,,,X 全窗基线 · 不参与实体赏罚,6878485,688,A168_HF9F_20260827_0900,2026-08-27 09:00:00
2026-07-04,132190460,1323,0,51.0975759308,-8.7887830601,-8.7887830601,0.3750000,9,9,0.45639920000000000,0.456399200000,-0.4622241678634978,-0.4622241678634978,-0.4622241678634978,0E-17,ELIGIBLE,R03b_20260811_FULL_v1,L1_ELIGIBILITY,v2026-08-11,2026-03-21..2026-08-06,baccarat_bet02_101_all_pairs_incl_sentinel,round_win = game_pnl > 0 (decisive only),COMPATIBILITY_ONLY_NOT_PRODUCTION,4726.3868,4260.9992,168.7826,1339,1197,-0.03571071,-0.04850756,-0.02910476,-0.03571071,-168.7826,4726.3868,OK,0.0000,6.7513,4.0000,96.0000,AG03-UNRESOLVED,ALL5_LEVELS_bet23_to_bet27,6.7513,6.7513,6.7513,6.7513,6.7513,4.000000,4.000000,4.000000,4.000000,4.000000,96.000000,96.000000,96.000000,96.000000,96.000000,5.0,33.7565,31.1619,135.0261,137.6208,PENDING_AG03,FALSE,NOT_FOR_ENFORCEMENT,162.0313,4090.5592,168.7826,162.0313,6.7513,0.03571071,0.03428228,6.7513,162.0313,0.03428228,6.7513,6.7513,6.7513,6.7513,6.7513,162.0313,0.03428228,33.7565,31.1619,135.0261,137.6208,0.02856857,0.02911754,0.00142843,3.5298,3.5597,0.1410,3.6692,0.2905,102.7475,26.0217,3.1802,3.7422,2.0771,4.0878,4.1543,6.1317,6.2314,7.1537,3.1157,-1.022,1.524396,1.75,0.863492,29,159,71,5,0.34046406,0.03571071,0.04850756,0E-8,0.000000,0.901534,0.000000,-0.01940280,2026-05-27,2026-07-31,46,581,334,66,0.696970,0.849821,0.900951,1.134880,,,,,,,,GLOBAL_BASELINE_NO_ENTITY_RANKING,,,NOT_APPLICABLE_GLOBAL_BASELINE,HF9g-P5,,,,X 全窗基线 · 不参与实体赏罚,6878486,688,A168_HF9F_20260827_0900,2026-08-27 09:00:00
2026-07-04,132190460,1383,0,2.0439030372,-2.0439030372,-2.0439030372,0E-7,1,1,0.49324550000000000,0.493245500000,-0.9865810262130424,-0.9865810262130424,-0.9865810262130424,0E-17,ELIGIBLE,R03b_20260811_FULL_v1,L1_ELIGIBILITY,v2026-08-11,2026-03-21..2026-08-06,baccarat_bet02_101_all_pairs_incl_sentinel,round_win = game_pnl > 0 (decisive only),COMPATIBILITY_ONLY_NOT_PRODUCTION,4726.3868,4260.9992,168.7826,1339,1197,-0.03571071,-0.04850756,-0.02910476,-0.03571071,-168.7826,4726.3868,OK,0.0000,6.7513,4.0000,96.0000,AG03-UNRESOLVED,ALL5_LEVELS_bet23_to_bet27,6.7513,6.7513,6.7513,6.7513,6.7513,4.000000,4.000000,4.000000,4.000000,4.000000,96.000000,96.000000,96.000000,96.000000,96.000000,5.0,33.7565,31.1619,135.0261,137.6208,PENDING_AG03,FALSE,NOT_FOR_ENFORCEMENT,162.0313,4090.5592,168.7826,162.0313,6.7513,0.03571071,0.03428228,6.7513,162.0313,0.03428228,6.7513,6.7513,6.7513,6.7513,6.7513,162.0313,0.03428228,33.7565,31.1619,135.0261,137.6208,0.02856857,0.02911754,0.00142843,3.5298,3.5597,0.1410,3.6692,0.2905,102.7475,26.0217,3.1802,3.7422,2.0771,4.0878,4.1543,6.1317,6.2314,7.1537,3.1157,-1.022,1.524396,1.75,0.863492,29,159,71,5,0.34046406,0.03571071,0.04850756,0E-8,0.000000,0.901534,0.000000,-0.01940280,2026-05-27,2026-07-31,46,581,334,66,0.696970,0.849821,0.900951,1.134880,,,,,,,,GLOBAL_BASELINE_NO_ENTITY_RANKING,,,NOT_APPLICABLE_GLOBAL_BASELINE,HF9g-P5,,,,X 全窗基线 · 不参与实体赏罚,6878487,688,A168_HF9F_20260827_0900,2026-08-27 09:00:00
2026-07-04,132190460,1399,0,4.0878060745,4.0878060745,4.0878060745,1.0000000,1,1,0.49324550000000000,0.493245500000,1.01360149184955,1.01360149184955,1.01360149184955,0E-17,ELIGIBLE,R03b_20260811_FULL_v1,L1_ELIGIBILITY,v2026-08-11,2026-03-21..2026-08-06,baccarat_bet02_101_all_pairs_incl_sentinel,round_win = game_pnl > 0 (decisive only),COMPATIBILITY_ONLY_NOT_PRODUCTION,4726.3868,4260.9992,168.7826,1339,1197,-0.03571071,-0.04850756,-0.02910476,-0.03571071,-168.7826,4726.3868,OK,0.0000,6.7513,4.0000,96.0000,AG03-UNRESOLVED,ALL5_LEVELS_bet23_to_bet27,6.7513,6.7513,6.7513,6.7513,6.7513,4.000000,4.000000,4.000000,4.000000,4.000000,96.000000,96.000000,96.000000,96.000000,96.000000,5.0,33.7565,31.1619,135.0261,137.6208,PENDING_AG03,FALSE,NOT_FOR_ENFORCEMENT,162.0313,4090.5592,168.7826,162.0313,6.7513,0.03571071,0.03428228,6.7513,162.0313,0.03428228,6.7513,6.7513,6.7513,6.7513,6.7513,162.0313,0.03428228,33.7565,31.1619,135.0261,137.6208,0.02856857,0.02911754,0.00142843,3.5298,3.5597,0.1410,3.6692,0.2905,102.7475,26.0217,3.1802,3.7422,2.0771,4.0878,4.1543,6.1317,6.2314,7.1537,3.1157,-1.022,1.524396,1.75,0.863492,29,159,71,5,0.34046406,0.03571071,0.04850756,0E-8,0.000000,0.901534,0.000000,-0.01940280,2026-05-27,2026-07-31,46,581,334,66,0.696970,0.849821,0.900951,1.134880,,,,,,,,GLOBAL_BASELINE_NO_ENTITY_RANKING,,,NOT_APPLICABLE_GLOBAL_BASELINE,HF9g-P5,,,,X 全窗基线 · 不参与实体赏罚,6878488,688,A168_HF9F_20260827_0900,2026-08-27 09:00:00
2026-07-04,132190460,1654,0,4.0878060745,4.0878060745,4.0878060745,1.0000000,1,1,0.49324550000000000,0.493245500000,1.01360149184955,1.01360149184955,1.01360149184955,0E-17,ELIGIBLE,R03b_20260811_FULL_v1,L1_ELIGIBILITY,v2026-08-11,2026-03-21..2026-08-06,baccarat_bet02_101_all_pairs_incl_sentinel,round_win = game_pnl > 0 (decisive only),COMPATIBILITY_ONLY_NOT_PRODUCTION,4726.3868,4260.9992,168.7826,1339,1197,-0.03571071,-0.04850756,-0.02910476,-0.03571071,-168.7826,4726.3868,OK,0.0000,6.7513,4.0000,96.0000,AG03-UNRESOLVED,ALL5_LEVELS_bet23_to_bet27,6.7513,6.7513,6.7513,6.7513,6.7513,4.000000,4.000000,4.000000,4.000000,4.000000,96.000000,96.000000,96.000000,96.000000,96.000000,5.0,33.7565,31.1619,135.0261,137.6208,PENDING_AG03,FALSE,NOT_FOR_ENFORCEMENT,162.0313,4090.5592,168.7826,162.0313,6.7513,0.03571071,0.03428228,6.7513,162.0313,0.03428228,6.7513,6.7513,6.7513,6.7513,6.7513,162.0313,0.03428228,33.7565,31.1619,135.0261,137.6208,0.02856857,0.02911754,0.00142843,3.5298,3.5597,0.1410,3.6692,0.2905,102.7475,26.0217,3.1802,3.7422,2.0771,4.0878,4.1543,6.1317,6.2314,7.1537,3.1157,-1.022,1.524396,1.75,0.863492,29,159,71,5,0.34046406,0.03571071,0.04850756,0E-8,0.000000,0.901534,0.000000,-0.01940280,2026-05-27,2026-07-31,46,581,334,66,0.696970,0.849821,0.900951,1.134880,,,,,,,,GLOBAL_BASELINE_NO_ENTITY_RANKING,,,NOT_APPLICABLE_GLOBAL_BASELINE,HF9g-P5,,,,X 全窗基线 · 不参与实体赏罚,6878489,688,A168_HF9F_20260827_0900,2026-08-27 09:00:00
2026-07-04,132190460,1714,0,20.4390303724,-5.1097575931,-5.1097575931,0.3333333,4,4,0.49659680000000000,0.496596800000,-0.5655743394288276,-0.5655743394288276,-0.5655743394288276,0E-17,ELIGIBLE,R03b_20260811_FULL_v1,L1_ELIGIBILITY,v2026-08-11,2026-03-21..2026-08-06,baccarat_bet02_101_all_pairs_incl_sentinel,round_win = game_pnl > 0 (decisive only),COMPATIBILITY_ONLY_NOT_PRODUCTION,4726.3868,4260.9992,168.7826,1339,1197,-0.03571071,-0.04850756,-0.02910476,-0.03571071,-168.7826,4726.3868,OK,0.0000,6.7513,4.0000,96.0000,AG03-UNRESOLVED,ALL5_LEVELS_bet23_to_bet27,6.7513,6.7513,6.7513,6.7513,6.7513,4.000000,4.000000,4.000000,4.000000,4.000000,96.000000,96.000000,96.000000,96.000000,96.000000,5.0,33.7565,31.1619,135.0261,137.6208,PENDING_AG03,FALSE,NOT_FOR_ENFORCEMENT,162.0313,4090.5592,168.7826,162.0313,6.7513,0.03571071,0.03428228,6.7513,162.0313,0.03428228,6.7513,6.7513,6.7513,6.7513,6.7513,162.0313,0.03428228,33.7565,31.1619,135.0261,137.6208,0.02856857,0.02911754,0.00142843,3.5298,3.5597,0.1410,3.6692,0.2905,102.7475,26.0217,3.1802,3.7422,2.0771,4.0878,4.1543,6.1317,6.2314,7.1537,3.1157,-1.022,1.524396,1.75,0.863492,29,159,71,5,0.34046406,0.03571071,0.04850756,0E-8,0.000000,0.901534,0.000000,-0.01940280,2026-05-27,2026-07-31,46,581,334,66,0.696970,0.849821,0.900951,1.134880,,,,,,,,GLOBAL_BASELINE_NO_ENTITY_RANKING,,,NOT_APPLICABLE_GLOBAL_BASELINE,HF9g-P5,,,,X 全窗基线 · 不参与实体赏罚,6878490,688,A168_HF9F_20260827_0900,2026-08-27 09:00:00
2026-07-04,132190460,1941,0,8.1756121490,-4.0878060745,-4.0878060745,0E-7,2,2,0.50665070000000000,0.506650700000,-1.013391052207602,-1.013391052207602,-1.013391052207602,0E-17,ELIGIBLE,R03b_20260811_FULL_v1,L1_ELIGIBILITY,v2026-08-11,2026-03-21..2026-08-06,baccarat_bet02_101_all_pairs_incl_sentinel,round_win = game_pnl > 0 (decisive only),COMPATIBILITY_ONLY_NOT_PRODUCTION,4726.3868,4260.9992,168.7826,1339,1197,-0.03571071,-0.04850756,-0.02910476,-0.03571071,-168.7826,4726.3868,OK,0.0000,6.7513,4.0000,96.0000,AG03-UNRESOLVED,ALL5_LEVELS_bet23_to_bet27,6.7513,6.7513,6.7513,6.7513,6.7513,4.000000,4.000000,4.000000,4.000000,4.000000,96.000000,96.000000,96.000000,96.000000,96.000000,5.0,33.7565,31.1619,135.0261,137.6208,PENDING_AG03,FALSE,NOT_FOR_ENFORCEMENT,162.0313,4090.5592,168.7826,162.0313,6.7513,0.03571071,0.03428228,6.7513,162.0313,0.03428228,6.7513,6.7513,6.7513,6.7513,6.7513,162.0313,0.03428228,33.7565,31.1619,135.0261,137.6208,0.02856857,0.02911754,0.00142843,3.5298,3.5597,0.1410,3.6692,0.2905,102.7475,26.0217,3.1802,3.7422,2.0771,4.0878,4.1543,6.1317,6.2314,7.1537,3.1157,-1.022,1.524396,1.75,0.863492,29,159,71,5,0.34046406,0.03571071,0.04850756,0E-8,0.000000,0.901534,0.000000,-0.01940280,2026-05-27,2026-07-31,46,581,334,66,0.696970,0.849821,0.900951,1.134880,,,,,,,,GLOBAL_BASELINE_NO_ENTITY_RANKING,,,NOT_APPLICABLE_GLOBAL_BASELINE,HF9g-P5,,,,X 全窗基线 · 不参与实体赏罚,6878491,688,A168_HF9F_20260827_0900,2026-08-27 09:00:00
2026-07-04,132190460,1963,0,2.8614642521,-2.8614642521,-2.8614642521,0E-7,1,1,0.49324550000000000,0.493245500000,-0.9865810262130424,-0.9865810262130424,-0.9865810262130424,0E-17,ELIGIBLE,R03b_20260811_FULL_v1,L1_ELIGIBILITY,v2026-08-11,2026-03-21..2026-08-06,baccarat_bet02_101_all_pairs_incl_sentinel,round_win = game_pnl > 0 (decisive only),COMPATIBILITY_ONLY_NOT_PRODUCTION,4726.3868,4260.9992,168.7826,1339,1197,-0.03571071,-0.04850756,-0.02910476,-0.03571071,-168.7826,4726.3868,OK,0.0000,6.7513,4.0000,96.0000,AG03-UNRESOLVED,ALL5_LEVELS_bet23_to_bet27,6.7513,6.7513,6.7513,6.7513,6.7513,4.000000,4.000000,4.000000,4.000000,4.000000,96.000000,96.000000,96.000000,96.000000,96.000000,5.0,33.7565,31.1619,135.0261,137.6208,PENDING_AG03,FALSE,NOT_FOR_ENFORCEMENT,162.0313,4090.5592,168.7826,162.0313,6.7513,0.03571071,0.03428228,6.7513,162.0313,0.03428228,6.7513,6.7513,6.7513,6.7513,6.7513,162.0313,0.03428228,33.7565,31.1619,135.0261,137.6208,0.02856857,0.02911754,0.00142843,3.5298,3.5597,0.1410,3.6692,0.2905,102.7475,26.0217,3.1802,3.7422,2.0771,4.0878,4.1543,6.1317,6.2314,7.1537,3.1157,-1.022,1.524396,1.75,0.863492,29,159,71,5,0.34046406,0.03571071,0.04850756,0E-8,0.000000,0.901534,0.000000,-0.01940280,2026-05-27,2026-07-31,46,581,334,66,0.696970,0.849821,0.900951,1.134880,,,,,,,,GLOBAL_BASELINE_NO_ENTITY_RANKING,,,NOT_APPLICABLE_GLOBAL_BASELINE,HF9g-P5,,,,X 全窗基线 · 不参与实体赏罚,6878492,688,A168_HF9F_20260827_0900,2026-08-27 09:00:00
2026-07-04,132190460,2088,0,6.1317091117,-6.1317091117,-6.1317091117,0E-7,1,1,0.49324550000000000,0.493245500000,-0.9865810262130424,-0.9865810262130424,-0.9865810262130424,0E-17,ELIGIBLE,R03b_20260811_FULL_v1,L1_ELIGIBILITY,v2026-08-11,2026-03-21..2026-08-06,baccarat_bet02_101_all_pairs_incl_sentinel,round_win = game_pnl > 0 (decisive only),COMPATIBILITY_ONLY_NOT_PRODUCTION,4726.3868,4260.9992,168.7826,1339,1197,-0.03571071,-0.04850756,-0.02910476,-0.03571071,-168.7826,4726.3868,OK,0.0000,6.7513,4.0000,96.0000,AG03-UNRESOLVED,ALL5_LEVELS_bet23_to_bet27,6.7513,6.7513,6.7513,6.7513,6.7513,4.000000,4.000000,4.000000,4.000000,4.000000,96.000000,96.000000,96.000000,96.000000,96.000000,5.0,33.7565,31.1619,135.0261,137.6208,PENDING_AG03,FALSE,NOT_FOR_ENFORCEMENT,162.0313,4090.5592,168.7826,162.0313,6.7513,0.03571071,0.03428228,6.7513,162.0313,0.03428228,6.7513,6.7513,6.7513,6.7513,6.7513,162.0313,0.03428228,33.7565,31.1619,135.0261,137.6208,0.02856857,0.02911754,0.00142843,3.5298,3.5597,0.1410,3.6692,0.2905,102.7475,26.0217,3.1802,3.7422,2.0771,4.0878,4.1543,6.1317,6.2314,7.1537,3.1157,-1.022,1.524396,1.75,0.863492,29,159,71,5,0.34046406,0.03571071,0.04850756,0E-8,0.000000,0.901534,0.000000,-0.01940280,2026-05-27,2026-07-31,46,581,334,66,0.696970,0.849821,0.900951,1.134880,,,,,,,,GLOBAL_BASELINE_NO_ENTITY_RANKING,,,NOT_APPLICABLE_GLOBAL_BASELINE,HF9g-P5,,,,X 全窗基线 · 不参与实体赏罚,6878493,688,A168_HF9F_20260827_0900,2026-08-27 09:00:00
2026-07-04,132190460,2117,0,27.5926910027,-5.1097575931,-5.1097575931,0.4000000,5,5,0.49592654000000000,0.495926540000,-0.42901076602576227,-0.42901076602576227,-0.42901076602576227,0E-17,ELIGIBLE,R03b_20260811_FULL_v1,L1_ELIGIBILITY,v2026-08-11,2026-03-21..2026-08-06,baccarat_bet02_101_all_pairs_incl_sentinel,round_win = game_pnl > 0 (decisive only),COMPATIBILITY_ONLY_NOT_PRODUCTION,4726.3868,4260.9992,168.7826,1339,1197,-0.03571071,-0.04850756,-0.02910476,-0.03571071,-168.7826,4726.3868,OK,0.0000,6.7513,4.0000,96.0000,AG03-UNRESOLVED,ALL5_LEVELS_bet23_to_bet27,6.7513,6.7513,6.7513,6.7513,6.7513,4.000000,4.000000,4.000000,4.000000,4.000000,96.000000,96.000000,96.000000,96.000000,96.000000,5.0,33.7565,31.1619,135.0261,137.6208,PENDING_AG03,FALSE,NOT_FOR_ENFORCEMENT,162.0313,4090.5592,168.7826,162.0313,6.7513,0.03571071,0.03428228,6.7513,162.0313,0.03428228,6.7513,6.7513,6.7513,6.7513,6.7513,162.0313,0.03428228,33.7565,31.1619,135.0261,137.6208,0.02856857,0.02911754,0.00142843,3.5298,3.5597,0.1410,3.6692,0.2905,102.7475,26.0217,3.1802,3.7422,2.0771,4.0878,4.1543,6.1317,6.2314,7.1537,3.1157,-1.022,1.524396,1.75,0.863492,29,159,71,5,0.34046406,0.03571071,0.04850756,0E-8,0.000000,0.901534,0.000000,-0.01940280,2026-05-27,2026-07-31,46,581,334,66,0.696970,0.849821,0.900951,1.134880,,,,,,,,GLOBAL_BASELINE_NO_ENTITY_RANKING,,,NOT_APPLICABLE_GLOBAL_BASELINE,HF9g-P5,,,,X 全窗基线 · 不参与实体赏罚,6878494,688,A168_HF9F_20260827_0900,2026-08-27 09:00:00
2026-07-04,132190460,2130,0,11.4458570086,2.9023423129,2.9023423129,0.6666667,3,3,0.50218230000000000,0.502182300000,0.5697959874915163,0.5697959874915164,0.5697959874915163,0E-17,ELIGIBLE,R03b_20260811_FULL_v1,L1_ELIGIBILITY,v2026-08-11,2026-03-21..2026-08-06,baccarat_bet02_101_all_pairs_incl_sentinel,round_win = game_pnl > 0 (decisive only),COMPATIBILITY_ONLY_NOT_PRODUCTION,4726.3868,4260.9992,168.7826,1339,1197,-0.03571071,-0.04850756,-0.02910476,-0.03571071,-168.7826,4726.3868,OK,0.0000,6.7513,4.0000,96.0000,AG03-UNRESOLVED,ALL5_LEVELS_bet23_to_bet27,6.7513,6.7513,6.7513,6.7513,6.7513,4.000000,4.000000,4.000000,4.000000,4.000000,96.000000,96.000000,96.000000,96.000000,96.000000,5.0,33.7565,31.1619,135.0261,137.6208,PENDING_AG03,FALSE,NOT_FOR_ENFORCEMENT,162.0313,4090.5592,168.7826,162.0313,6.7513,0.03571071,0.03428228,6.7513,162.0313,0.03428228,6.7513,6.7513,6.7513,6.7513,6.7513,162.0313,0.03428228,33.7565,31.1619,135.0261,137.6208,0.02856857,0.02911754,0.00142843,3.5298,3.5597,0.1410,3.6692,0.2905,102.7475,26.0217,3.1802,3.7422,2.0771,4.0878,4.1543,6.1317,6.2314,7.1537,3.1157,-1.022,1.524396,1.75,0.863492,29,159,71,5,0.34046406,0.03571071,0.04850756,0E-8,0.000000,0.901534,0.000000,-0.01940280,2026-05-27,2026-07-31,46,581,334,66,0.696970,0.849821,0.900951,1.134880,,,,,,,,GLOBAL_BASELINE_NO_ENTITY_RANKING,,,NOT_APPLICABLE_GLOBAL_BASELINE,HF9g-P5,,,,X 全窗基线 · 不参与实体赏罚,6878495,688,A168_HF9F_20260827_0900,2026-08-27 09:00:00
2026-07-04,132190460,2152,0,4.4965866820,-2.2482933410,-2.2482933410,0E-7,2,2,0.49324550000000000,0.493245500000,-0.9865810262130424,-0.9865810262130424,-0.9865810262130424,0E-17,ELIGIBLE,R03b_20260811_FULL_v1,L1_ELIGIBILITY,v2026-08-11,2026-03-21..2026-08-06,baccarat_bet02_101_all_pairs_incl_sentinel,round_win = game_pnl > 0 (decisive only),COMPATIBILITY_ONLY_NOT_PRODUCTION,4726.3868,4260.9992,168.7826,1339,1197,-0.03571071,-0.04850756,-0.02910476,-0.03571071,-168.7826,4726.3868,OK,0.0000,6.7513,4.0000,96.0000,AG03-UNRESOLVED,ALL5_LEVELS_bet23_to_bet27,6.7513,6.7513,6.7513,6.7513,6.7513,4.000000,4.000000,4.000000,4.000000,4.000000,96.000000,96.000000,96.000000,96.000000,96.000000,5.0,33.7565,31.1619,135.0261,137.6208,PENDING_AG03,FALSE,NOT_FOR_ENFORCEMENT,162.0313,4090.5592,168.7826,162.0313,6.7513,0.03571071,0.03428228,6.7513,162.0313,0.03428228,6.7513,6.7513,6.7513,6.7513,6.7513,162.0313,0.03428228,33.7565,31.1619,135.0261,137.6208,0.02856857,0.02911754,0.00142843,3.5298,3.5597,0.1410,3.6692,0.2905,102.7475,26.0217,3.1802,3.7422,2.0771,4.0878,4.1543,6.1317,6.2314,7.1537,3.1157,-1.022,1.524396,1.75,0.863492,29,159,71,5,0.34046406,0.03571071,0.04850756,0E-8,0.000000,0.901534,0.000000,-0.01940280,2026-05-27,2026-07-31,46,581,334,66,0.696970,0.849821,0.900951,1.134880,,,,,,,,GLOBAL_BASELINE_NO_ENTITY_RANKING,,,NOT_APPLICABLE_GLOBAL_BASELINE,HF9g-P5,,,,X 全窗基线 · 不参与实体赏罚,6878496,688,A168_HF9F_20260827_0900,2026-08-27 09:00:00
2026-07-04,132190460,2175,0,30.6585455585,-20.4390303723,-20.4390303723,0.1666667,8,6,0.47841174285741268,0.430156350000,-1.5286582687445156,-1.3036115959764558,-1.5286582687445156,0.04825539285741268,ELIGIBLE,R03b_20260811_FULL_v1,L1_ELIGIBILITY,v2026-08-11,2026-03-21..2026-08-06,baccarat_bet02_101_all_pairs_incl_sentinel,round_win = game_pnl > 0 (decisive only),COMPATIBILITY_ONLY_NOT_PRODUCTION,4726.3868,4260.9992,168.7826,1339,1197,-0.03571071,-0.04850756,-0.02910476,-0.03571071,-168.7826,4726.3868,OK,0.0000,6.7513,4.0000,96.0000,AG03-UNRESOLVED,ALL5_LEVELS_bet23_to_bet27,6.7513,6.7513,6.7513,6.7513,6.7513,4.000000,4.000000,4.000000,4.000000,4.000000,96.000000,96.000000,96.000000,96.000000,96.000000,5.0,33.7565,31.1619,135.0261,137.6208,PENDING_AG03,FALSE,NOT_FOR_ENFORCEMENT,162.0313,4090.5592,168.7826,162.0313,6.7513,0.03571071,0.03428228,6.7513,162.0313,0.03428228,6.7513,6.7513,6.7513,6.7513,6.7513,162.0313,0.03428228,33.7565,31.1619,135.0261,137.6208,0.02856857,0.02911754,0.00142843,3.5298,3.5597,0.1410,3.6692,0.2905,102.7475,26.0217,3.1802,3.7422,2.0771,4.0878,4.1543,6.1317,6.2314,7.1537,3.1157,-1.022,1.524396,1.75,0.863492,29,159,71,5,0.34046406,0.03571071,0.04850756,0E-8,0.000000,0.901534,0.000000,-0.01940280,2026-05-27,2026-07-31,46,581,334,66,0.696970,0.849821,0.900951,1.134880,,,,,,,,GLOBAL_BASELINE_NO_ENTITY_RANKING,,,NOT_APPLICABLE_GLOBAL_BASELINE,HF9g-P5,,,,X 全窗基线 · 不参与实体赏罚,6878497,688,A168_HF9F_20260827_0900,2026-08-27 09:00:00
2026-07-04,132190460,2205,0,4.0878060745,4.0878060745,4.0878060745,1.0000000,1,1,0.49324550000000000,0.493245500000,1.01360149184955,1.01360149184955,1.01360149184955,0E-17,ELIGIBLE,R03b_20260811_FULL_v1,L1_ELIGIBILITY,v2026-08-11,2026-03-21..2026-08-06,baccarat_bet02_101_all_pairs_incl_sentinel,round_win = game_pnl > 0 (decisive only),COMPATIBILITY_ONLY_NOT_PRODUCTION,4726.3868,4260.9992,168.7826,1339,1197,-0.03571071,-0.04850756,-0.02910476,-0.03571071,-168.7826,4726.3868,OK,0.0000,6.7513,4.0000,96.0000,AG03-UNRESOLVED,ALL5_LEVELS_bet23_to_bet27,6.7513,6.7513,6.7513,6.7513,6.7513,4.000000,4.000000,4.000000,4.000000,4.000000,96.000000,96.000000,96.000000,96.000000,96.000000,5.0,33.7565,31.1619,135.0261,137.6208,PENDING_AG03,FALSE,NOT_FOR_ENFORCEMENT,162.0313,4090.5592,168.7826,162.0313,6.7513,0.03571071,0.03428228,6.7513,162.0313,0.03428228,6.7513,6.7513,6.7513,6.7513,6.7513,162.0313,0.03428228,33.7565,31.1619,135.0261,137.6208,0.02856857,0.02911754,0.00142843,3.5298,3.5597,0.1410,3.6692,0.2905,102.7475,26.0217,3.1802,3.7422,2.0771,4.0878,4.1543,6.1317,6.2314,7.1537,3.1157,-1.022,1.524396,1.75,0.863492,29,159,71,5,0.34046406,0.03571071,0.04850756,0E-8,0.000000,0.901534,0.000000,-0.01940280,2026-05-27,2026-07-31,46,581,334,66,0.696970,0.849821,0.900951,1.134880,,,,,,,,GLOBAL_BASELINE_NO_ENTITY_RANKING,,,NOT_APPLICABLE_GLOBAL_BASELINE,HF9g-P5,,,,X 全窗基线 · 不参与实体赏罚,6878498,688,A168_HF9F_20260827_0900,2026-08-27 09:00:00
2026-07-04,132190460,2209,0,22.4829334097,-14.3073212607,-14.3073212607,0.2000000,5,5,0.50128862000000000,0.501288620000,-1.347408145195933,-1.347408145195933,-1.347408145195933,0E-17,ELIGIBLE,R03b_20260811_FULL_v1,L1_ELIGIBILITY,v2026-08-11,2026-03-21..2026-08-06,baccarat_bet02_101_all_pairs_incl_sentinel,round_win = game_pnl > 0 (decisive only),COMPATIBILITY_ONLY_NOT_PRODUCTION,4726.3868,4260.9992,168.7826,1339,1197,-0.03571071,-0.04850756,-0.02910476,-0.03571071,-168.7826,4726.3868,OK,0.0000,6.7513,4.0000,96.0000,AG03-UNRESOLVED,ALL5_LEVELS_bet23_to_bet27,6.7513,6.7513,6.7513,6.7513,6.7513,4.000000,4.000000,4.000000,4.000000,4.000000,96.000000,96.000000,96.000000,96.000000,96.000000,5.0,33.7565,31.1619,135.0261,137.6208,PENDING_AG03,FALSE,NOT_FOR_ENFORCEMENT,162.0313,4090.5592,168.7826,162.0313,6.7513,0.03571071,0.03428228,6.7513,162.0313,0.03428228,6.7513,6.7513,6.7513,6.7513,6.7513,162.0313,0.03428228,33.7565,31.1619,135.0261,137.6208,0.02856857,0.02911754,0.00142843,3.5298,3.5597,0.1410,3.6692,0.2905,102.7475,26.0217,3.1802,3.7422,2.0771,4.0878,4.1543,6.1317,6.2314,7.1537,3.1157,-1.022,1.524396,1.75,0.863492,29,159,71,5,0.34046406,0.03571071,0.04850756,0E-8,0.000000,0.901534,0.000000,-0.01940280,2026-05-27,2026-07-31,46,581,334,66,0.696970,0.849821,0.900951,1.134880,,,,,,,,GLOBAL_BASELINE_NO_ENTITY_RANKING,,,NOT_APPLICABLE_GLOBAL_BASELINE,HF9g-P5,,,,X 全窗基线 · 不参与实体赏罚,6878499,688,A168_HF9F_20260827_0900,2026-08-27 09:00:00
2026-07-04,132190460,2216,0,3.2702448596,3.2702448596,3.2702448596,1.0000000,1,1,0.49324550000000000,0.493245500000,1.01360149184955,1.01360149184955,1.01360149184955,0E-17,ELIGIBLE,R03b_20260811_FULL_v1,L1_ELIGIBILITY,v2026-08-11,2026-03-21..2026-08-06,baccarat_bet02_101_all_pairs_incl_sentinel,round_win = game_pnl > 0 (decisive only),COMPATIBILITY_ONLY_NOT_PRODUCTION,4726.3868,4260.9992,168.7826,1339,1197,-0.03571071,-0.04850756,-0.02910476,-0.03571071,-168.7826,4726.3868,OK,0.0000,6.7513,4.0000,96.0000,AG03-UNRESOLVED,ALL5_LEVELS_bet23_to_bet27,6.7513,6.7513,6.7513,6.7513,6.7513,4.000000,4.000000,4.000000,4.000000,4.000000,96.000000,96.000000,96.000000,96.000000,96.000000,5.0,33.7565,31.1619,135.0261,137.6208,PENDING_AG03,FALSE,NOT_FOR_ENFORCEMENT,162.0313,4090.5592,168.7826,162.0313,6.7513,0.03571071,0.03428228,6.7513,162.0313,0.03428228,6.7513,6.7513,6.7513,6.7513,6.7513,162.0313,0.03428228,33.7565,31.1619,135.0261,137.6208,0.02856857,0.02911754,0.00142843,3.5298,3.5597,0.1410,3.6692,0.2905,102.7475,26.0217,3.1802,3.7422,2.0771,4.0878,4.1543,6.1317,6.2314,7.1537,3.1157,-1.022,1.524396,1.75,0.863492,29,159,71,5,0.34046406,0.03571071,0.04850756,0E-8,0.000000,0.901534,0.000000,-0.01940280,2026-05-27,2026-07-31,46,581,334,66,0.696970,0.849821,0.900951,1.134880,,,,,,,,GLOBAL_BASELINE_NO_ENTITY_RANKING,,,NOT_APPLICABLE_GLOBAL_BASELINE,HF9g-P5,,,,X 全窗基线 · 不参与实体赏罚,6878500,688,A168_HF9F_20260827_0900,2026-08-27 09:00:00
2026-07-04,132190460,2222,0,24.5268364470,9.6063442751,9.6063442751,0.8000000,6,6,0.50218230000000000,0.502182300000,1.3318939303776811,1.3318939303776811,1.3318939303776811,0E-17,ELIGIBLE,R03b_20260811_FULL_v1,L1_ELIGIBILITY,v2026-08-11,2026-03-21..2026-08-06,baccarat_bet02_101_all_pairs_incl_sentinel,round_win = game_pnl > 0 (decisive only),COMPATIBILITY_ONLY_NOT_PRODUCTION,4726.3868,4260.9992,168.7826,1339,1197,-0.03571071,-0.04850756,-0.02910476,-0.03571071,-168.7826,4726.3868,OK,0.0000,6.7513,4.0000,96.0000,AG03-UNRESOLVED,ALL5_LEVELS_bet23_to_bet27,6.7513,6.7513,6.7513,6.7513,6.7513,4.000000,4.000000,4.000000,4.000000,4.000000,96.000000,96.000000,96.000000,96.000000,96.000000,5.0,33.7565,31.1619,135.0261,137.6208,PENDING_AG03,FALSE,NOT_FOR_ENFORCEMENT,162.0313,4090.5592,168.7826,162.0313,6.7513,0.03571071,0.03428228,6.7513,162.0313,0.03428228,6.7513,6.7513,6.7513,6.7513,6.7513,162.0313,0.03428228,33.7565,31.1619,135.0261,137.6208,0.02856857,0.02911754,0.00142843,3.5298,3.5597,0.1410,3.6692,0.2905,102.7475,26.0217,3.1802,3.7422,2.0771,4.0878,4.1543,6.1317,6.2314,7.1537,3.1157,-1.022,1.524396,1.75,0.863492,29,159,71,5,0.34046406,0.03571071,0.04850756,0E-8,0.000000,0.901534,0.000000,-0.01940280,2026-05-27,2026-07-31,46,581,334,66,0.696970,0.849821,0.900951,1.134880,,,,,,,,GLOBAL_BASELINE_NO_ENTITY_RANKING,,,NOT_APPLICABLE_GLOBAL_BASELINE,HF9g-P5,,,,X 全窗基线 · 不参与实体赏罚,6878501,688,A168_HF9F_20260827_0900,2026-08-27 09:00:00
2026-07-04,132190460,2229,0,14.3073212606,-12.2634182234,-12.2634182234,0E-7,4,4,0.50329940000000000,0.503299400000,-1.743518224870635,-1.743518224870635,-1.743518224870635,0E-17,ELIGIBLE,R03b_20260811_FULL_v1,L1_ELIGIBILITY,v2026-08-11,2026-03-21..2026-08-06,baccarat_bet02_101_all_pairs_incl_sentinel,round_win = game_pnl > 0 (decisive only),COMPATIBILITY_ONLY_NOT_PRODUCTION,4726.3868,4260.9992,168.7826,1339,1197,-0.03571071,-0.04850756,-0.02910476,-0.03571071,-168.7826,4726.3868,OK,0.0000,6.7513,4.0000,96.0000,AG03-UNRESOLVED,ALL5_LEVELS_bet23_to_bet27,6.7513,6.7513,6.7513,6.7513,6.7513,4.000000,4.000000,4.000000,4.000000,4.000000,96.000000,96.000000,96.000000,96.000000,96.000000,5.0,33.7565,31.1619,135.0261,137.6208,PENDING_AG03,FALSE,NOT_FOR_ENFORCEMENT,162.0313,4090.5592,168.7826,162.0313,6.7513,0.03571071,0.03428228,6.7513,162.0313,0.03428228,6.7513,6.7513,6.7513,6.7513,6.7513,162.0313,0.03428228,33.7565,31.1619,135.0261,137.6208,0.02856857,0.02911754,0.00142843,3.5298,3.5597,0.1410,3.6692,0.2905,102.7475,26.0217,3.1802,3.7422,2.0771,4.0878,4.1543,6.1317,6.2314,7.1537,3.1157,-1.022,1.524396,1.75,0.863492,29,159,71,5,0.34046406,0.03571071,0.04850756,0E-8,0.000000,0.901534,0.000000,-0.01940280,2026-05-27,2026-07-31,46,581,334,66,0.696970,0.849821,0.900951,1.134880,,,,,,,,GLOBAL_BASELINE_NO_ENTITY_RANKING,,,NOT_APPLICABLE_GLOBAL_BASELINE,HF9g-P5,,,,X 全窗基线 · 不参与实体赏罚,6878502,688,A168_HF9F_20260827_0900,2026-08-27 09:00:00
2026-07-04,132190460,2234,0,28.6146425214,3.6790254671,3.6790254671,0.6000000,6,6,0.49994810000000000,0.499948100000,0.44744570176651083,0.44744570176651083,0.44744570176651083,0E-17,ELIGIBLE,R03b_20260811_FULL_v1,L1_ELIGIBILITY,v2026-08-11,2026-03-21..2026-08-06,baccarat_bet02_101_all_pairs_incl_sentinel,round_win = game_pnl > 0 (decisive only),COMPATIBILITY_ONLY_NOT_PRODUCTION,4726.3868,4260.9992,168.7826,1339,1197,-0.03571071,-0.04850756,-0.02910476,-0.03571071,-168.7826,4726.3868,OK,0.0000,6.7513,4.0000,96.0000,AG03-UNRESOLVED,ALL5_LEVELS_bet23_to_bet27,6.7513,6.7513,6.7513,6.7513,6.7513,4.000000,4.000000,4.000000,4.000000,4.000000,96.000000,96.000000,96.000000,96.000000,96.000000,5.0,33.7565,31.1619,135.0261,137.6208,PENDING_AG03,FALSE,NOT_FOR_ENFORCEMENT,162.0313,4090.5592,168.7826,162.0313,6.7513,0.03571071,0.03428228,6.7513,162.0313,0.03428228,6.7513,6.7513,6.7513,6.7513,6.7513,162.0313,0.03428228,33.7565,31.1619,135.0261,137.6208,0.02856857,0.02911754,0.00142843,3.5298,3.5597,0.1410,3.6692,0.2905,102.7475,26.0217,3.1802,3.7422,2.0771,4.0878,4.1543,6.1317,6.2314,7.1537,3.1157,-1.022,1.524396,1.75,0.863492,29,159,71,5,0.34046406,0.03571071,0.04850756,0E-8,0.000000,0.901534,0.000000,-0.01940280,2026-05-27,2026-07-31,46,581,334,66,0.696970,0.849821,0.900951,1.134880,,,,,,,,GLOBAL_BASELINE_NO_ENTITY_RANKING,,,NOT_APPLICABLE_GLOBAL_BASELINE,HF9g-P5,,,,X 全窗基线 · 不参与实体赏罚,6878503,688,A168_HF9F_20260827_0900,2026-08-27 09:00:00
2026-07-04,132190460,2235,0,6.3360994154,-6.3360994154,-6.3360994154,0E-7,1,1,0.50665070000000000,0.506650700000,-1.013391052207602,-1.013391052207602,-1.013391052207602,0E-17,ELIGIBLE,R03b_20260811_FULL_v1,L1_ELIGIBILITY,v2026-08-11,2026-03-21..2026-08-06,baccarat_bet02_101_all_pairs_incl_sentinel,round_win = game_pnl > 0 (decisive only),COMPATIBILITY_ONLY_NOT_PRODUCTION,4726.3868,4260.9992,168.7826,1339,1197,-0.03571071,-0.04850756,-0.02910476,-0.03571071,-168.7826,4726.3868,OK,0.0000,6.7513,4.0000,96.0000,AG03-UNRESOLVED,ALL5_LEVELS_bet23_to_bet27,6.7513,6.7513,6.7513,6.7513,6.7513,4.000000,4.000000,4.000000,4.000000,4.000000,96.000000,96.000000,96.000000,96.000000,96.000000,5.0,33.7565,31.1619,135.0261,137.6208,PENDING_AG03,FALSE,NOT_FOR_ENFORCEMENT,162.0313,4090.5592,168.7826,162.0313,6.7513,0.03571071,0.03428228,6.7513,162.0313,0.03428228,6.7513,6.7513,6.7513,6.7513,6.7513,162.0313,0.03428228,33.7565,31.1619,135.0261,137.6208,0.02856857,0.02911754,0.00142843,3.5298,3.5597,0.1410,3.6692,0.2905,102.7475,26.0217,3.1802,3.7422,2.0771,4.0878,4.1543,6.1317,6.2314,7.1537,3.1157,-1.022,1.524396,1.75,0.863492,29,159,71,5,0.34046406,0.03571071,0.04850756,0E-8,0.000000,0.901534,0.000000,-0.01940280,2026-05-27,2026-07-31,46,581,334,66,0.696970,0.849821,0.900951,1.134880,,,,,,,,GLOBAL_BASELINE_NO_ENTITY_RANKING,,,NOT_APPLICABLE_GLOBAL_BASELINE,HF9g-P5,,,,X 全窗基线 · 不参与实体赏罚,6878504,688,A168_HF9F_20260827_0900,2026-08-27 09:00:00
2026-07-04,132190460,2239,0,3.0658545559,3.0658545559,3.0658545559,1.0000000,1,1,0.49324550000000000,0.493245500000,1.01360149184955,1.01360149184955,1.01360149184955,0E-17,ELIGIBLE,R03b_20260811_FULL_v1,L1_ELIGIBILITY,v2026-08-11,2026-03-21..2026-08-06,baccarat_bet02_101_all_pairs_incl_sentinel,round_win = game_pnl > 0 (decisive only),COMPATIBILITY_ONLY_NOT_PRODUCTION,4726.3868,4260.9992,168.7826,1339,1197,-0.03571071,-0.04850756,-0.02910476,-0.03571071,-168.7826,4726.3868,OK,0.0000,6.7513,4.0000,96.0000,AG03-UNRESOLVED,ALL5_LEVELS_bet23_to_bet27,6.7513,6.7513,6.7513,6.7513,6.7513,4.000000,4.000000,4.000000,4.000000,4.000000,96.000000,96.000000,96.000000,96.000000,96.000000,5.0,33.7565,31.1619,135.0261,137.6208,PENDING_AG03,FALSE,NOT_FOR_ENFORCEMENT,162.0313,4090.5592,168.7826,162.0313,6.7513,0.03571071,0.03428228,6.7513,162.0313,0.03428228,6.7513,6.7513,6.7513,6.7513,6.7513,162.0313,0.03428228,33.7565,31.1619,135.0261,137.6208,0.02856857,0.02911754,0.00142843,3.5298,3.5597,0.1410,3.6692,0.2905,102.7475,26.0217,3.1802,3.7422,2.0771,4.0878,4.1543,6.1317,6.2314,7.1537,3.1157,-1.022,1.524396,1.75,0.863492,29,159,71,5,0.34046406,0.03571071,0.04850756,0E-8,0.000000,0.901534,0.000000,-0.01940280,2026-05-27,2026-07-31,46,581,334,66,0.696970,0.849821,0.900951,1.134880,,,,,,,,GLOBAL_BASELINE_NO_ENTITY_RANKING,,,NOT_APPLICABLE_GLOBAL_BASELINE,HF9g-P5,,,,X 全窗基线 · 不参与实体赏罚,6878505,688,A168_HF9F_20260827_0900,2026-08-27 09:00:00
2026-07-04,132190460,2242,0,9.4019539713,3.4746351634,3.4746351634,0.6666667,3,3,0.50218230000000000,0.502182300000,0.5697959874915163,0.5697959874915164,0.5697959874915163,0E-17,ELIGIBLE,R03b_20260811_FULL_v1,L1_ELIGIBILITY,v2026-08-11,2026-03-21..2026-08-06,baccarat_bet02_101_all_pairs_incl_sentinel,round_win = game_pnl > 0 (decisive only),COMPATIBILITY_ONLY_NOT_PRODUCTION,4726.3868,4260.9992,168.7826,1339,1197,-0.03571071,-0.04850756,-0.02910476,-0.03571071,-168.7826,4726.3868,OK,0.0000,6.7513,4.0000,96.0000,AG03-UNRESOLVED,ALL5_LEVELS_bet23_to_bet27,6.7513,6.7513,6.7513,6.7513,6.7513,4.000000,4.000000,4.000000,4.000000,4.000000,96.000000,96.000000,96.000000,96.000000,96.000000,5.0,33.7565,31.1619,135.0261,137.6208,PENDING_AG03,FALSE,NOT_FOR_ENFORCEMENT,162.0313,4090.5592,168.7826,162.0313,6.7513,0.03571071,0.03428228,6.7513,162.0313,0.03428228,6.7513,6.7513,6.7513,6.7513,6.7513,162.0313,0.03428228,33.7565,31.1619,135.0261,137.6208,0.02856857,0.02911754,0.00142843,3.5298,3.5597,0.1410,3.6692,0.2905,102.7475,26.0217,3.1802,3.7422,2.0771,4.0878,4.1543,6.1317,6.2314,7.1537,3.1157,-1.022,1.524396,1.75,0.863492,29,159,71,5,0.34046406,0.03571071,0.04850756,0E-8,0.000000,0.901534,0.000000,-0.01940280,2026-05-27,2026-07-31,46,581,334,66,0.696970,0.849821,0.900951,1.134880,,,,,,,,GLOBAL_BASELINE_NO_ENTITY_RANKING,,,NOT_APPLICABLE_GLOBAL_BASELINE,HF9g-P5,,,,X 全窗基线 · 不参与实体赏罚,6878506,688,A168_HF9F_20260827_0900,2026-08-27 09:00:00
2026-07-04,132190460,2258,0,4.0878060745,-4.0878060745,-4.0878060745,0E-7,1,1,0.50665070000000000,0.506650700000,-1.013391052207602,-1.013391052207602,-1.013391052207602,0E-17,ELIGIBLE,R03b_20260811_FULL_v1,L1_ELIGIBILITY,v2026-08-11,2026-03-21..2026-08-06,baccarat_bet02_101_all_pairs_incl_sentinel,round_win = game_pnl > 0 (decisive only),COMPATIBILITY_ONLY_NOT_PRODUCTION,4726.3868,4260.9992,168.7826,1339,1197,-0.03571071,-0.04850756,-0.02910476,-0.03571071,-168.7826,4726.3868,OK,0.0000,6.7513,4.0000,96.0000,AG03-UNRESOLVED,ALL5_LEVELS_bet23_to_bet27,6.7513,6.7513,6.7513,6.7513,6.7513,4.000000,4.000000,4.000000,4.000000,4.000000,96.000000,96.000000,96.000000,96.000000,96.000000,5.0,33.7565,31.1619,135.0261,137.6208,PENDING_AG03,FALSE,NOT_FOR_ENFORCEMENT,162.0313,4090.5592,168.7826,162.0313,6.7513,0.03571071,0.03428228,6.7513,162.0313,0.03428228,6.7513,6.7513,6.7513,6.7513,6.7513,162.0313,0.03428228,33.7565,31.1619,135.0261,137.6208,0.02856857,0.02911754,0.00142843,3.5298,3.5597,0.1410,3.6692,0.2905,102.7475,26.0217,3.1802,3.7422,2.0771,4.0878,4.1543,6.1317,6.2314,7.1537,3.1157,-1.022,1.524396,1.75,0.863492,29,159,71,5,0.34046406,0.03571071,0.04850756,0E-8,0.000000,0.901534,0.000000,-0.01940280,2026-05-27,2026-07-31,46,581,334,66,0.696970,0.849821,0.900951,1.134880,,,,,,,,GLOBAL_BASELINE_NO_ENTITY_RANKING,,,NOT_APPLICABLE_GLOBAL_BASELINE,HF9g-P5,,,,X 全窗基线 · 不参与实体赏罚,6878507,688,A168_HF9F_20260827_0900,2026-08-27 09:00:00
2026-07-04,132190460,2280,0,10.2195151862,9.7085394269,9.7085394269,1.0000000,2,2,0.50665070000000000,0.506650700000,1.3955260008387969,1.3955260008387969,1.3955260008387969,0E-17,ELIGIBLE,R03b_20260811_FULL_v1,L1_ELIGIBILITY,v2026-08-11,2026-03-21..2026-08-06,baccarat_bet02_101_all_pairs_incl_sentinel,round_win = game_pnl > 0 (decisive only),COMPATIBILITY_ONLY_NOT_PRODUCTION,4726.3868,4260.9992,168.7826,1339,1197,-0.03571071,-0.04850756,-0.02910476,-0.03571071,-168.7826,4726.3868,OK,0.0000,6.7513,4.0000,96.0000,AG03-UNRESOLVED,ALL5_LEVELS_bet23_to_bet27,6.7513,6.7513,6.7513,6.7513,6.7513,4.000000,4.000000,4.000000,4.000000,4.000000,96.000000,96.000000,96.000000,96.000000,96.000000,5.0,33.7565,31.1619,135.0261,137.6208,PENDING_AG03,FALSE,NOT_FOR_ENFORCEMENT,162.0313,4090.5592,168.7826,162.0313,6.7513,0.03571071,0.03428228,6.7513,162.0313,0.03428228,6.7513,6.7513,6.7513,6.7513,6.7513,162.0313,0.03428228,33.7565,31.1619,135.0261,137.6208,0.02856857,0.02911754,0.00142843,3.5298,3.5597,0.1410,3.6692,0.2905,102.7475,26.0217,3.1802,3.7422,2.0771,4.0878,4.1543,6.1317,6.2314,7.1537,3.1157,-1.022,1.524396,1.75,0.863492,29,159,71,5,0.34046406,0.03571071,0.04850756,0E-8,0.000000,0.901534,0.000000,-0.01940280,2026-05-27,2026-07-31,46,581,334,66,0.696970,0.849821,0.900951,1.134880,,,,,,,,GLOBAL_BASELINE_NO_ENTITY_RANKING,,,NOT_APPLICABLE_GLOBAL_BASELINE,HF9g-P5,,,,X 全窗基线 · 不参与实体赏罚,6878508,688,A168_HF9F_20260827_0900,2026-08-27 09:00:00
2026-07-04,132190460,2287,0,31.6804970773,0.7153660629,0.7153660629,0.5000000,5,5,0.49860758000000000,0.498607580000,0.005569701597489473,0.005569701597489473,0.005569701597489473,0E-17,ELIGIBLE,R03b_20260811_FULL_v1,L1_ELIGIBILITY,v2026-08-11,2026-03-21..2026-08-06,baccarat_bet02_101_all_pairs_incl_sentinel,round_win = game_pnl > 0 (decisive only),COMPATIBILITY_ONLY_NOT_PRODUCTION,4726.3868,4260.9992,168.7826,1339,1197,-0.03571071,-0.04850756,-0.02910476,-0.03571071,-168.7826,4726.3868,OK,0.0000,6.7513,4.0000,96.0000,AG03-UNRESOLVED,ALL5_LEVELS_bet23_to_bet27,6.7513,6.7513,6.7513,6.7513,6.7513,4.000000,4.000000,4.000000,4.000000,4.000000,96.000000,96.000000,96.000000,96.000000,96.000000,5.0,33.7565,31.1619,135.0261,137.6208,PENDING_AG03,FALSE,NOT_FOR_ENFORCEMENT,162.0313,4090.5592,168.7826,162.0313,6.7513,0.03571071,0.03428228,6.7513,162.0313,0.03428228,6.7513,6.7513,6.7513,6.7513,6.7513,162.0313,0.03428228,33.7565,31.1619,135.0261,137.6208,0.02856857,0.02911754,0.00142843,3.5298,3.5597,0.1410,3.6692,0.2905,102.7475,26.0217,3.1802,3.7422,2.0771,4.0878,4.1543,6.1317,6.2314,7.1537,3.1157,-1.022,1.524396,1.75,0.863492,29,159,71,5,0.34046406,0.03571071,0.04850756,0E-8,0.000000,0.901534,0.000000,-0.01940280,2026-05-27,2026-07-31,46,581,334,66,0.696970,0.849821,0.900951,1.134880,,,,,,,,GLOBAL_BASELINE_NO_ENTITY_RANKING,,,NOT_APPLICABLE_GLOBAL_BASELINE,HF9g-P5,,,,X 全窗基线 · 不参与实体赏罚,6878509,688,A168_HF9F_20260827_0900,2026-08-27 09:00:00
2026-07-04,132190460,595,0,5.1097575931,5.1097575931,5.1097575931,1.0000000,1,1,0.49324550000000000,0.493245500000,1.01360149184955,1.01360149184955,1.01360149184955,0E-17,ELIGIBLE,R03b_20260811_FULL_v1,L1_ELIGIBILITY,v2026-08-11,2026-03-21..2026-08-06,baccarat_bet02_101_all_pairs_incl_sentinel,round_win = game_pnl > 0 (decisive only),COMPATIBILITY_ONLY_NOT_PRODUCTION,4726.3868,4260.9992,168.7826,1339,1197,-0.03571071,-0.04850756,-0.02910476,-0.03571071,-168.7826,4726.3868,OK,0.0000,6.7513,4.0000,96.0000,AG03-UNRESOLVED,ALL5_LEVELS_bet23_to_bet27,6.7513,6.7513,6.7513,6.7513,6.7513,4.000000,4.000000,4.000000,4.000000,4.000000,96.000000,96.000000,96.000000,96.000000,96.000000,5.0,33.7565,31.1619,135.0261,137.6208,PENDING_AG03,FALSE,NOT_FOR_ENFORCEMENT,162.0313,4090.5592,168.7826,162.0313,6.7513,0.03571071,0.03428228,6.7513,162.0313,0.03428228,6.7513,6.7513,6.7513,6.7513,6.7513,162.0313,0.03428228,33.7565,31.1619,135.0261,137.6208,0.02856857,0.02911754,0.00142843,3.5298,3.5597,0.1410,3.6692,0.2905,102.7475,26.0217,3.1802,3.7422,2.0771,4.0878,4.1543,6.1317,6.2314,7.1537,3.1157,-1.022,1.524396,1.75,0.863492,29,159,71,5,0.34046406,0.03571071,0.04850756,0E-8,0.000000,0.901534,0.000000,-0.01940280,2026-05-27,2026-07-31,46,581,334,66,0.696970,0.849821,0.900951,1.134880,,,,,,,,GLOBAL_BASELINE_NO_ENTITY_RANKING,,,NOT_APPLICABLE_GLOBAL_BASELINE,HF9g-P5,,,,X 全窗基线 · 不参与实体赏罚,6878510,688,A168_HF9F_20260827_0900,2026-08-27 09:00:00
2026-07-04,132190460,759,0,9.1975636676,-9.1975636676,-9.1975636676,0E-7,2,2,0.49994810000000000,0.499948100000,-1.4140667746232096,-1.4140667746232096,-1.4140667746232096,0E-17,ELIGIBLE,R03b_20260811_FULL_v1,L1_ELIGIBILITY,v2026-08-11,2026-03-21..2026-08-06,baccarat_bet02_101_all_pairs_incl_sentinel,round_win = game_pnl > 0 (decisive only),COMPATIBILITY_ONLY_NOT_PRODUCTION,4726.3868,4260.9992,168.7826,1339,1197,-0.03571071,-0.04850756,-0.02910476,-0.03571071,-168.7826,4726.3868,OK,0.0000,6.7513,4.0000,96.0000,AG03-UNRESOLVED,ALL5_LEVELS_bet23_to_bet27,6.7513,6.7513,6.7513,6.7513,6.7513,4.000000,4.000000,4.000000,4.000000,4.000000,96.000000,96.000000,96.000000,96.000000,96.000000,5.0,33.7565,31.1619,135.0261,137.6208,PENDING_AG03,FALSE,NOT_FOR_ENFORCEMENT,162.0313,4090.5592,168.7826,162.0313,6.7513,0.03571071,0.03428228,6.7513,162.0313,0.03428228,6.7513,6.7513,6.7513,6.7513,6.7513,162.0313,0.03428228,33.7565,31.1619,135.0261,137.6208,0.02856857,0.02911754,0.00142843,3.5298,3.5597,0.1410,3.6692,0.2905,102.7475,26.0217,3.1802,3.7422,2.0771,4.0878,4.1543,6.1317,6.2314,7.1537,3.1157,-1.022,1.524396,1.75,0.863492,29,159,71,5,0.34046406,0.03571071,0.04850756,0E-8,0.000000,0.901534,0.000000,-0.01940280,2026-05-27,2026-07-31,46,581,334,66,0.696970,0.849821,0.900951,1.134880,,,,,,,,GLOBAL_BASELINE_NO_ENTITY_RANKING,,,NOT_APPLICABLE_GLOBAL_BASELINE,HF9g-P5,,,,X 全窗基线 · 不参与实体赏罚,6878511,688,A168_HF9F_20260827_0900,2026-08-27 09:00:00
2026-07-05,132190460,1115,0,12.2634182235,1.8395127336,1.8395127336,0.6666667,3,3,0.50218230000000000,0.502182300000,0.5697959874915163,0.5697959874915164,0.5697959874915163,0E-17,ELIGIBLE,R03b_20260811_FULL_v1,L1_ELIGIBILITY,v2026-08-11,2026-03-21..2026-08-06,baccarat_bet02_101_all_pairs_incl_sentinel,round_win = game_pnl > 0 (decisive only),COMPATIBILITY_ONLY_NOT_PRODUCTION,4726.3868,4260.9992,168.7826,1339,1197,-0.03571071,-0.04850756,-0.02910476,-0.03571071,-168.7826,4726.3868,OK,0.0000,6.7513,4.0000,96.0000,AG03-UNRESOLVED,ALL5_LEVELS_bet23_to_bet27,6.7513,6.7513,6.7513,6.7513,6.7513,4.000000,4.000000,4.000000,4.000000,4.000000,96.000000,96.000000,96.000000,96.000000,96.000000,5.0,33.7565,31.1619,135.0261,137.6208,PENDING_AG03,FALSE,NOT_FOR_ENFORCEMENT,162.0313,4090.5592,168.7826,162.0313,6.7513,0.03571071,0.03428228,6.7513,162.0313,0.03428228,6.7513,6.7513,6.7513,6.7513,6.7513,162.0313,0.03428228,33.7565,31.1619,135.0261,137.6208,0.02856857,0.02911754,0.00142843,3.5298,3.5597,0.1410,3.6692,0.2905,102.7475,26.0217,3.1802,3.7422,2.0771,4.0878,4.1543,6.1317,6.2314,7.1537,3.1157,-1.022,1.524396,1.75,0.863492,29,159,71,5,0.34046406,0.03571071,0.04850756,0E-8,0.000000,0.901534,0.000000,-0.01940280,2026-05-27,2026-07-31,46,581,334,66,0.696970,0.849821,0.900951,1.134880,,,,,,,,GLOBAL_BASELINE_NO_ENTITY_RANKING,,,NOT_APPLICABLE_GLOBAL_BASELINE,HF9g-P5,,,,X 全窗基线 · 不参与实体赏罚,6878512,688,A168_HF9F_20260827_0900,2026-08-27 09:00:00
2026-07-05,132190460,1360,0,6.9492703266,-6.9492703266,-6.9492703266,0E-7,2,2,0.49994810000000000,0.499948100000,-1.4140667746232096,-1.4140667746232096,-1.4140667746232096,0E-17,ELIGIBLE,R03b_20260811_FULL_v1,L1_ELIGIBILITY,v2026-08-11,2026-03-21..2026-08-06,baccarat_bet02_101_all_pairs_incl_sentinel,round_win = game_pnl > 0 (decisive only),COMPATIBILITY_ONLY_NOT_PRODUCTION,4726.3868,4260.9992,168.7826,1339,1197,-0.03571071,-0.04850756,-0.02910476,-0.03571071,-168.7826,4726.3868,OK,0.0000,6.7513,4.0000,96.0000,AG03-UNRESOLVED,ALL5_LEVELS_bet23_to_bet27,6.7513,6.7513,6.7513,6.7513,6.7513,4.000000,4.000000,4.000000,4.000000,4.000000,96.000000,96.000000,96.000000,96.000000,96.000000,5.0,33.7565,31.1619,135.0261,137.6208,PENDING_AG03,FALSE,NOT_FOR_ENFORCEMENT,162.0313,4090.5592,168.7826,162.0313,6.7513,0.03571071,0.03428228,6.7513,162.0313,0.03428228,6.7513,6.7513,6.7513,6.7513,6.7513,162.0313,0.03428228,33.7565,31.1619,135.0261,137.6208,0.02856857,0.02911754,0.00142843,3.5298,3.5597,0.1410,3.6692,0.2905,102.7475,26.0217,3.1802,3.7422,2.0771,4.0878,4.1543,6.1317,6.2314,7.1537,3.1157,-1.022,1.524396,1.75,0.863492,29,159,71,5,0.34046406,0.03571071,0.04850756,0E-8,0.000000,0.901534,0.000000,-0.01940280,2026-05-27,2026-07-31,46,581,334,66,0.696970,0.849821,0.900951,1.134880,,,,,,,,GLOBAL_BASELINE_NO_ENTITY_RANKING,,,NOT_APPLICABLE_GLOBAL_BASELINE,HF9g-P5,,,,X 全窗基线 · 不参与实体赏罚,6878513,688,A168_HF9F_20260827_0900,2026-08-27 09:00:00
2026-07-05,132190460,2107,0,6.1317091117,-6.1317091117,-6.1317091117,0E-7,2,1,0.42680505000108356,0.293924150000,-0.8629062149780491,-0.6451964315166089,-0.8629062149780491,0.13288090000108356,ELIGIBLE,R03b_20260811_FULL_v1,L1_ELIGIBILITY,v2026-08-11,2026-03-21..2026-08-06,baccarat_bet02_101_all_pairs_incl_sentinel,round_win = game_pnl > 0 (decisive only),COMPATIBILITY_ONLY_NOT_PRODUCTION,4726.3868,4260.9992,168.7826,1339,1197,-0.03571071,-0.04850756,-0.02910476,-0.03571071,-168.7826,4726.3868,OK,0.0000,6.7513,4.0000,96.0000,AG03-UNRESOLVED,ALL5_LEVELS_bet23_to_bet27,6.7513,6.7513,6.7513,6.7513,6.7513,4.000000,4.000000,4.000000,4.000000,4.000000,96.000000,96.000000,96.000000,96.000000,96.000000,5.0,33.7565,31.1619,135.0261,137.6208,PENDING_AG03,FALSE,NOT_FOR_ENFORCEMENT,162.0313,4090.5592,168.7826,162.0313,6.7513,0.03571071,0.03428228,6.7513,162.0313,0.03428228,6.7513,6.7513,6.7513,6.7513,6.7513,162.0313,0.03428228,33.7565,31.1619,135.0261,137.6208,0.02856857,0.02911754,0.00142843,3.5298,3.5597,0.1410,3.6692,0.2905,102.7475,26.0217,3.1802,3.7422,2.0771,4.0878,4.1543,6.1317,6.2314,7.1537,3.1157,-1.022,1.524396,1.75,0.863492,29,159,71,5,0.34046406,0.03571071,0.04850756,0E-8,0.000000,0.901534,0.000000,-0.01940280,2026-05-27,2026-07-31,46,581,334,66,0.696970,0.849821,0.900951,1.134880,,,,,,,,GLOBAL_BASELINE_NO_ENTITY_RANKING,,,NOT_APPLICABLE_GLOBAL_BASELINE,HF9g-P5,,,,X 全窗基线 · 不参与实体赏罚,6878514,688,A168_HF9F_20260827_0900,2026-08-27 09:00:00
2026-07-05,132190460,2117,0,15.3292727793,-1.0219515186,-1.0219515186,0.5000000,3,3,0.49771390000000000,0.497713900000,0.006466134837551399,0.0064661348375514,0.006466134837551399,0E-17,ELIGIBLE,R03b_20260811_FULL_v1,L1_ELIGIBILITY,v2026-08-11,2026-03-21..2026-08-06,baccarat_bet02_101_all_pairs_incl_sentinel,round_win = game_pnl > 0 (decisive only),COMPATIBILITY_ONLY_NOT_PRODUCTION,4726.3868,4260.9992,168.7826,1339,1197,-0.03571071,-0.04850756,-0.02910476,-0.03571071,-168.7826,4726.3868,OK,0.0000,6.7513,4.0000,96.0000,AG03-UNRESOLVED,ALL5_LEVELS_bet23_to_bet27,6.7513,6.7513,6.7513,6.7513,6.7513,4.000000,4.000000,4.000000,4.000000,4.000000,96.000000,96.000000,96.000000,96.000000,96.000000,5.0,33.7565,31.1619,135.0261,137.6208,PENDING_AG03,FALSE,NOT_FOR_ENFORCEMENT,162.0313,4090.5592,168.7826,162.0313,6.7513,0.03571071,0.03428228,6.7513,162.0313,0.03428228,6.7513,6.7513,6.7513,6.7513,6.7513,162.0313,0.03428228,33.7565,31.1619,135.0261,137.6208,0.02856857,0.02911754,0.00142843,3.5298,3.5597,0.1410,3.6692,0.2905,102.7475,26.0217,3.1802,3.7422,2.0771,4.0878,4.1543,6.1317,6.2314,7.1537,3.1157,-1.022,1.524396,1.75,0.863492,29,159,71,5,0.34046406,0.03571071,0.04850756,0E-8,0.000000,0.901534,0.000000,-0.01940280,2026-05-27,2026-07-31,46,581,334,66,0.696970,0.849821,0.900951,1.134880,,,,,,,,GLOBAL_BASELINE_NO_ENTITY_RANKING,,,NOT_APPLICABLE_GLOBAL_BASELINE,HF9g-P5,,,,X 全窗基线 · 不参与实体赏罚,6878515,688,A168_HF9F_20260827_0900,2026-08-27 09:00:00
2026-07-05,132190460,2123,0,8.1756121490,-8.1756121490,-8.1756121490,0E-7,2,2,0.49994810000000000,0.499948100000,-1.4140667746232096,-1.4140667746232096,-1.4140667746232096,0E-17,ELIGIBLE,R03b_20260811_FULL_v1,L1_ELIGIBILITY,v2026-08-11,2026-03-21..2026-08-06,baccarat_bet02_101_all_pairs_incl_sentinel,round_win = game_pnl > 0 (decisive only),COMPATIBILITY_ONLY_NOT_PRODUCTION,4726.3868,4260.9992,168.7826,1339,1197,-0.03571071,-0.04850756,-0.02910476,-0.03571071,-168.7826,4726.3868,OK,0.0000,6.7513,4.0000,96.0000,AG03-UNRESOLVED,ALL5_LEVELS_bet23_to_bet27,6.7513,6.7513,6.7513,6.7513,6.7513,4.000000,4.000000,4.000000,4.000000,4.000000,96.000000,96.000000,96.000000,96.000000,96.000000,5.0,33.7565,31.1619,135.0261,137.6208,PENDING_AG03,FALSE,NOT_FOR_ENFORCEMENT,162.0313,4090.5592,168.7826,162.0313,6.7513,0.03571071,0.03428228,6.7513,162.0313,0.03428228,6.7513,6.7513,6.7513,6.7513,6.7513,162.0313,0.03428228,33.7565,31.1619,135.0261,137.6208,0.02856857,0.02911754,0.00142843,3.5298,3.5597,0.1410,3.6692,0.2905,102.7475,26.0217,3.1802,3.7422,2.0771,4.0878,4.1543,6.1317,6.2314,7.1537,3.1157,-1.022,1.524396,1.75,0.863492,29,159,71,5,0.34046406,0.03571071,0.04850756,0E-8,0.000000,0.901534,0.000000,-0.01940280,2026-05-27,2026-07-31,46,581,334,66,0.696970,0.849821,0.900951,1.134880,,,,,,,,GLOBAL_BASELINE_NO_ENTITY_RANKING,,,NOT_APPLICABLE_GLOBAL_BASELINE,HF9g-P5,,,,X 全窗基线 · 不参与实体赏罚,6878516,688,A168_HF9F_20260827_0900,2026-08-27 09:00:00
2026-07-05,132190460,2175,0,6.1317091117,4.0878060745,4.0878060745,1.0000000,2,1,0.42680505000108356,0.293924150000,1.1588744902311756,1.549915577879723,1.1588744902311756,0.13288090000108356,ELIGIBLE,R03b_20260811_FULL_v1,L1_ELIGIBILITY,v2026-08-11,2026-03-21..2026-08-06,baccarat_bet02_101_all_pairs_incl_sentinel,round_win = game_pnl > 0 (decisive only),COMPATIBILITY_ONLY_NOT_PRODUCTION,4726.3868,4260.9992,168.7826,1339,1197,-0.03571071,-0.04850756,-0.02910476,-0.03571071,-168.7826,4726.3868,OK,0.0000,6.7513,4.0000,96.0000,AG03-UNRESOLVED,ALL5_LEVELS_bet23_to_bet27,6.7513,6.7513,6.7513,6.7513,6.7513,4.000000,4.000000,4.000000,4.000000,4.000000,96.000000,96.000000,96.000000,96.000000,96.000000,5.0,33.7565,31.1619,135.0261,137.6208,PENDING_AG03,FALSE,NOT_FOR_ENFORCEMENT,162.0313,4090.5592,168.7826,162.0313,6.7513,0.03571071,0.03428228,6.7513,162.0313,0.03428228,6.7513,6.7513,6.7513,6.7513,6.7513,162.0313,0.03428228,33.7565,31.1619,135.0261,137.6208,0.02856857,0.02911754,0.00142843,3.5298,3.5597,0.1410,3.6692,0.2905,102.7475,26.0217,3.1802,3.7422,2.0771,4.0878,4.1543,6.1317,6.2314,7.1537,3.1157,-1.022,1.524396,1.75,0.863492,29,159,71,5,0.34046406,0.03571071,0.04850756,0E-8,0.000000,0.901534,0.000000,-0.01940280,2026-05-27,2026-07-31,46,581,334,66,0.696970,0.849821,0.900951,1.134880,,,,,,,,GLOBAL_BASELINE_NO_ENTITY_RANKING,,,NOT_APPLICABLE_GLOBAL_BASELINE,HF9g-P5,,,,X 全窗基线 · 不参与实体赏罚,6878517,688,A168_HF9F_20260827_0900,2026-08-27 09:00:00
2026-07-05,132190460,2196,0,2.0439030372,-2.0439030372,-2.0439030372,0E-7,1,1,0.50665070000000000,0.506650700000,-1.013391052207602,-1.013391052207602,-1.013391052207602,0E-17,ELIGIBLE,R03b_20260811_FULL_v1,L1_ELIGIBILITY,v2026-08-11,2026-03-21..2026-08-06,baccarat_bet02_101_all_pairs_incl_sentinel,round_win = game_pnl > 0 (decisive only),COMPATIBILITY_ONLY_NOT_PRODUCTION,4726.3868,4260.9992,168.7826,1339,1197,-0.03571071,-0.04850756,-0.02910476,-0.03571071,-168.7826,4726.3868,OK,0.0000,6.7513,4.0000,96.0000,AG03-UNRESOLVED,ALL5_LEVELS_bet23_to_bet27,6.7513,6.7513,6.7513,6.7513,6.7513,4.000000,4.000000,4.000000,4.000000,4.000000,96.000000,96.000000,96.000000,96.000000,96.000000,5.0,33.7565,31.1619,135.0261,137.6208,PENDING_AG03,FALSE,NOT_FOR_ENFORCEMENT,162.0313,4090.5592,168.7826,162.0313,6.7513,0.03571071,0.03428228,6.7513,162.0313,0.03428228,6.7513,6.7513,6.7513,6.7513,6.7513,162.0313,0.03428228,33.7565,31.1619,135.0261,137.6208,0.02856857,0.02911754,0.00142843,3.5298,3.5597,0.1410,3.6692,0.2905,102.7475,26.0217,3.1802,3.7422,2.0771,4.0878,4.1543,6.1317,6.2314,7.1537,3.1157,-1.022,1.524396,1.75,0.863492,29,159,71,5,0.34046406,0.03571071,0.04850756,0E-8,0.000000,0.901534,0.000000,-0.01940280,2026-05-27,2026-07-31,46,581,334,66,0.696970,0.849821,0.900951,1.134880,,,,,,,,GLOBAL_BASELINE_NO_ENTITY_RANKING,,,NOT_APPLICABLE_GLOBAL_BASELINE,HF9g-P5,,,,X 全窗基线 · 不参与实体赏罚,6878518,688,A168_HF9F_20260827_0900,2026-08-27 09:00:00
2026-07-05,132190460,2209,0,21.4609818909,-13.2853697419,-13.2853697419,0.3333333,9,3,0.39161177725001363,0.288406433333,-0.20679988995139773,0.1717705087050374,-0.20679988995139773,0.10320534391701363,ELIGIBLE,R03b_20260811_FULL_v1,L1_ELIGIBILITY,v2026-08-11,2026-03-21..2026-08-06,baccarat_bet02_101_all_pairs_incl_sentinel,round_win = game_pnl > 0 (decisive only),COMPATIBILITY_ONLY_NOT_PRODUCTION,4726.3868,4260.9992,168.7826,1339,1197,-0.03571071,-0.04850756,-0.02910476,-0.03571071,-168.7826,4726.3868,OK,0.0000,6.7513,4.0000,96.0000,AG03-UNRESOLVED,ALL5_LEVELS_bet23_to_bet27,6.7513,6.7513,6.7513,6.7513,6.7513,4.000000,4.000000,4.000000,4.000000,4.000000,96.000000,96.000000,96.000000,96.000000,96.000000,5.0,33.7565,31.1619,135.0261,137.6208,PENDING_AG03,FALSE,NOT_FOR_ENFORCEMENT,162.0313,4090.5592,168.7826,162.0313,6.7513,0.03571071,0.03428228,6.7513,162.0313,0.03428228,6.7513,6.7513,6.7513,6.7513,6.7513,162.0313,0.03428228,33.7565,31.1619,135.0261,137.6208,0.02856857,0.02911754,0.00142843,3.5298,3.5597,0.1410,3.6692,0.2905,102.7475,26.0217,3.1802,3.7422,2.0771,4.0878,4.1543,6.1317,6.2314,7.1537,3.1157,-1.022,1.524396,1.75,0.863492,29,159,71,5,0.34046406,0.03571071,0.04850756,0E-8,0.000000,0.901534,0.000000,-0.01940280,2026-05-27,2026-07-31,46,581,334,66,0.696970,0.849821,0.900951,1.134880,,,,,,,,GLOBAL_BASELINE_NO_ENTITY_RANKING,,,NOT_APPLICABLE_GLOBAL_BASELINE,HF9g-P5,,,,X 全窗基线 · 不参与实体赏罚,6878519,688,A168_HF9F_20260827_0900,2026-08-27 09:00:00
2026-07-05,132190460,2212,0,20.4390303723,5.8251236562,5.8251236562,0.6666667,6,3,0.44068643571519869,0.298392550000,0.7883853727253646,1.3940897689140268,0.7883853727253646,0.14229388571519869,ELIGIBLE,R03b_20260811_FULL_v1,L1_ELIGIBILITY,v2026-08-11,2026-03-21..2026-08-06,baccarat_bet02_101_all_pairs_incl_sentinel,round_win = game_pnl > 0 (decisive only),COMPATIBILITY_ONLY_NOT_PRODUCTION,4726.3868,4260.9992,168.7826,1339,1197,-0.03571071,-0.04850756,-0.02910476,-0.03571071,-168.7826,4726.3868,OK,0.0000,6.7513,4.0000,96.0000,AG03-UNRESOLVED,ALL5_LEVELS_bet23_to_bet27,6.7513,6.7513,6.7513,6.7513,6.7513,4.000000,4.000000,4.000000,4.000000,4.000000,96.000000,96.000000,96.000000,96.000000,96.000000,5.0,33.7565,31.1619,135.0261,137.6208,PENDING_AG03,FALSE,NOT_FOR_ENFORCEMENT,162.0313,4090.5592,168.7826,162.0313,6.7513,0.03571071,0.03428228,6.7513,162.0313,0.03428228,6.7513,6.7513,6.7513,6.7513,6.7513,162.0313,0.03428228,33.7565,31.1619,135.0261,137.6208,0.02856857,0.02911754,0.00142843,3.5298,3.5597,0.1410,3.6692,0.2905,102.7475,26.0217,3.1802,3.7422,2.0771,4.0878,4.1543,6.1317,6.2314,7.1537,3.1157,-1.022,1.524396,1.75,0.863492,29,159,71,5,0.34046406,0.03571071,0.04850756,0E-8,0.000000,0.901534,0.000000,-0.01940280,2026-05-27,2026-07-31,46,581,334,66,0.696970,0.849821,0.900951,1.134880,,,,,,,,GLOBAL_BASELINE_NO_ENTITY_RANKING,,,NOT_APPLICABLE_GLOBAL_BASELINE,HF9g-P5,,,,X 全窗基线 · 不参与实体赏罚,6878520,688,A168_HF9F_20260827_0900,2026-08-27 09:00:00
2026-07-05,132190460,2222,0,8.1756121490,0E-10,0E-10,0.5000000,2,2,0.49324550000000000,0.493245500000,0.01910635448239258,0.01910635448239258,0.01910635448239258,0E-17,ELIGIBLE,R03b_20260811_FULL_v1,L1_ELIGIBILITY,v2026-08-11,2026-03-21..2026-08-06,baccarat_bet02_101_all_pairs_incl_sentinel,round_win = game_pnl > 0 (decisive only),COMPATIBILITY_ONLY_NOT_PRODUCTION,4726.3868,4260.9992,168.7826,1339,1197,-0.03571071,-0.04850756,-0.02910476,-0.03571071,-168.7826,4726.3868,OK,0.0000,6.7513,4.0000,96.0000,AG03-UNRESOLVED,ALL5_LEVELS_bet23_to_bet27,6.7513,6.7513,6.7513,6.7513,6.7513,4.000000,4.000000,4.000000,4.000000,4.000000,96.000000,96.000000,96.000000,96.000000,96.000000,5.0,33.7565,31.1619,135.0261,137.6208,PENDING_AG03,FALSE,NOT_FOR_ENFORCEMENT,162.0313,4090.5592,168.7826,162.0313,6.7513,0.03571071,0.03428228,6.7513,162.0313,0.03428228,6.7513,6.7513,6.7513,6.7513,6.7513,162.0313,0.03428228,33.7565,31.1619,135.0261,137.6208,0.02856857,0.02911754,0.00142843,3.5298,3.5597,0.1410,3.6692,0.2905,102.7475,26.0217,3.1802,3.7422,2.0771,4.0878,4.1543,6.1317,6.2314,7.1537,3.1157,-1.022,1.524396,1.75,0.863492,29,159,71,5,0.34046406,0.03571071,0.04850756,0E-8,0.000000,0.901534,0.000000,-0.01940280,2026-05-27,2026-07-31,46,581,334,66,0.696970,0.849821,0.900951,1.134880,,,,,,,,GLOBAL_BASELINE_NO_ENTITY_RANKING,,,NOT_APPLICABLE_GLOBAL_BASELINE,HF9g-P5,,,,X 全窗基线 · 不参与实体赏罚,6878521,688,A168_HF9F_20260827_0900,2026-08-27 09:00:00
2026-07-05,132190460,2258,0,5.1097575931,5.1097575931,5.1097575931,1.0000000,1,1,0.49324550000000000,0.493245500000,1.01360149184955,1.01360149184955,1.01360149184955,0E-17,ELIGIBLE,R03b_20260811_FULL_v1,L1_ELIGIBILITY,v2026-08-11,2026-03-21..2026-08-06,baccarat_bet02_101_all_pairs_incl_sentinel,round_win = game_pnl > 0 (decisive only),COMPATIBILITY_ONLY_NOT_PRODUCTION,4726.3868,4260.9992,168.7826,1339,1197,-0.03571071,-0.04850756,-0.02910476,-0.03571071,-168.7826,4726.3868,OK,0.0000,6.7513,4.0000,96.0000,AG03-UNRESOLVED,ALL5_LEVELS_bet23_to_bet27,6.7513,6.7513,6.7513,6.7513,6.7513,4.000000,4.000000,4.000000,4.000000,4.000000,96.000000,96.000000,96.000000,96.000000,96.000000,5.0,33.7565,31.1619,135.0261,137.6208,PENDING_AG03,FALSE,NOT_FOR_ENFORCEMENT,162.0313,4090.5592,168.7826,162.0313,6.7513,0.03571071,0.03428228,6.7513,162.0313,0.03428228,6.7513,6.7513,6.7513,6.7513,6.7513,162.0313,0.03428228,33.7565,31.1619,135.0261,137.6208,0.02856857,0.02911754,0.00142843,3.5298,3.5597,0.1410,3.6692,0.2905,102.7475,26.0217,3.1802,3.7422,2.0771,4.0878,4.1543,6.1317,6.2314,7.1537,3.1157,-1.022,1.524396,1.75,0.863492,29,159,71,5,0.34046406,0.03571071,0.04850756,0E-8,0.000000,0.901534,0.000000,-0.01940280,2026-05-27,2026-07-31,46,581,334,66,0.696970,0.849821,0.900951,1.134880,,,,,,,,GLOBAL_BASELINE_NO_ENTITY_RANKING,,,NOT_APPLICABLE_GLOBAL_BASELINE,HF9g-P5,,,,X 全窗基线 · 不参与实体赏罚,6878522,688,A168_HF9F_20260827_0900,2026-08-27 09:00:00
2026-07-05,132190460,2274,0,26.7751297878,-6.5915872951,-6.5915872951,0.4000000,6,5,0.48755369000022400,0.460083830000,-0.3916733725867736,-0.2695634206013008,-0.3916733725867736,0.02746986000022400,ELIGIBLE,R03b_20260811_FULL_v1,L1_ELIGIBILITY,v2026-08-11,2026-03-21..2026-08-06,baccarat_bet02_101_all_pairs_incl_sentinel,round_win = game_pnl > 0 (decisive only),COMPATIBILITY_ONLY_NOT_PRODUCTION,4726.3868,4260.9992,168.7826,1339,1197,-0.03571071,-0.04850756,-0.02910476,-0.03571071,-168.7826,4726.3868,OK,0.0000,6.7513,4.0000,96.0000,AG03-UNRESOLVED,ALL5_LEVELS_bet23_to_bet27,6.7513,6.7513,6.7513,6.7513,6.7513,4.000000,4.000000,4.000000,4.000000,4.000000,96.000000,96.000000,96.000000,96.000000,96.000000,5.0,33.7565,31.1619,135.0261,137.6208,PENDING_AG03,FALSE,NOT_FOR_ENFORCEMENT,162.0313,4090.5592,168.7826,162.0313,6.7513,0.03571071,0.03428228,6.7513,162.0313,0.03428228,6.7513,6.7513,6.7513,6.7513,6.7513,162.0313,0.03428228,33.7565,31.1619,135.0261,137.6208,0.02856857,0.02911754,0.00142843,3.5298,3.5597,0.1410,3.6692,0.2905,102.7475,26.0217,3.1802,3.7422,2.0771,4.0878,4.1543,6.1317,6.2314,7.1537,3.1157,-1.022,1.524396,1.75,0.863492,29,159,71,5,0.34046406,0.03571071,0.04850756,0E-8,0.000000,0.901534,0.000000,-0.01940280,2026-05-27,2026-07-31,46,581,334,66,0.696970,0.849821,0.900951,1.134880,,,,,,,,GLOBAL_BASELINE_NO_ENTITY_RANKING,,,NOT_APPLICABLE_GLOBAL_BASELINE,HF9g-P5,,,,X 全窗基线 · 不参与实体赏罚,6878523,688,A168_HF9F_20260827_0900,2026-08-27 09:00:00
2026-07-05,132190460,2287,0,6.5404897192,1.4307321261,1.4307321261,0.5000000,2,2,0.50665070000000000,0.506650700000,-0.018812684590367487,-0.018812684590367487,-0.018812684590367487,0E-17,ELIGIBLE,R03b_20260811_FULL_v1,L1_ELIGIBILITY,v2026-08-11,2026-03-21..2026-08-06,baccarat_bet02_101_all_pairs_incl_sentinel,round_win = game_pnl > 0 (decisive only),COMPATIBILITY_ONLY_NOT_PRODUCTION,4726.3868,4260.9992,168.7826,1339,1197,-0.03571071,-0.04850756,-0.02910476,-0.03571071,-168.7826,4726.3868,OK,0.0000,6.7513,4.0000,96.0000,AG03-UNRESOLVED,ALL5_LEVELS_bet23_to_bet27,6.7513,6.7513,6.7513,6.7513,6.7513,4.000000,4.000000,4.000000,4.000000,4.000000,96.000000,96.000000,96.000000,96.000000,96.000000,5.0,33.7565,31.1619,135.0261,137.6208,PENDING_AG03,FALSE,NOT_FOR_ENFORCEMENT,162.0313,4090.5592,168.7826,162.0313,6.7513,0.03571071,0.03428228,6.7513,162.0313,0.03428228,6.7513,6.7513,6.7513,6.7513,6.7513,162.0313,0.03428228,33.7565,31.1619,135.0261,137.6208,0.02856857,0.02911754,0.00142843,3.5298,3.5597,0.1410,3.6692,0.2905,102.7475,26.0217,3.1802,3.7422,2.0771,4.0878,4.1543,6.1317,6.2314,7.1537,3.1157,-1.022,1.524396,1.75,0.863492,29,159,71,5,0.34046406,0.03571071,0.04850756,0E-8,0.000000,0.901534,0.000000,-0.01940280,2026-05-27,2026-07-31,46,581,334,66,0.696970,0.849821,0.900951,1.134880,,,,,,,,GLOBAL_BASELINE_NO_ENTITY_RANKING,,,NOT_APPLICABLE_GLOBAL_BASELINE,HF9g-P5,,,,X 全窗基线 · 不参与实体赏罚,6878524,688,A168_HF9F_20260827_0900,2026-08-27 09:00:00
2026-07-06,132190460,1115,0,30.6585455585,21.5631770428,21.5631770428,1.0000000,6,5,0.49366846250012600,0.462764870000,2.0254885535676856,2.154924238254659,2.0254885535676856,0.03090359250012600,ELIGIBLE,R03b_20260811_FULL_v1,L1_ELIGIBILITY,v2026-08-11,2026-03-21..2026-08-06,baccarat_bet02_101_all_pairs_incl_sentinel,round_win = game_pnl > 0 (decisive only),COMPATIBILITY_ONLY_NOT_PRODUCTION,4726.3868,4260.9992,168.7826,1339,1197,-0.03571071,-0.04850756,-0.02910476,-0.03571071,-168.7826,4726.3868,OK,0.0000,6.7513,4.0000,96.0000,AG03-UNRESOLVED,ALL5_LEVELS_bet23_to_bet27,6.7513,6.7513,6.7513,6.7513,6.7513,4.000000,4.000000,4.000000,4.000000,4.000000,96.000000,96.000000,96.000000,96.000000,96.000000,5.0,33.7565,31.1619,135.0261,137.6208,PENDING_AG03,FALSE,NOT_FOR_ENFORCEMENT,162.0313,4090.5592,168.7826,162.0313,6.7513,0.03571071,0.03428228,6.7513,162.0313,0.03428228,6.7513,6.7513,6.7513,6.7513,6.7513,162.0313,0.03428228,33.7565,31.1619,135.0261,137.6208,0.02856857,0.02911754,0.00142843,3.5298,3.5597,0.1410,3.6692,0.2905,102.7475,26.0217,3.1802,3.7422,2.0771,4.0878,4.1543,6.1317,6.2314,7.1537,3.1157,-1.022,1.524396,1.75,0.863492,29,159,71,5,0.34046406,0.03571071,0.04850756,0E-8,0.000000,0.901534,0.000000,-0.01940280,2026-05-27,2026-07-31,46,581,334,66,0.696970,0.849821,0.900951,1.134880,,,,,,,,GLOBAL_BASELINE_NO_ENTITY_RANKING,,,NOT_APPLICABLE_GLOBAL_BASELINE,HF9g-P5,,,,X 全窗基线 · 不参与实体赏罚,6878525,688,A168_HF9F_20260827_0900,2026-08-27 09:00:00
2026-07-06,132190460,1151,0,3.8834157708,-3.8834157708,-3.8834157708,0E-7,1,1,0.50665070000000000,0.506650700000,-1.013391052207602,-1.013391052207602,-1.013391052207602,0E-17,ELIGIBLE,R03b_20260811_FULL_v1,L1_ELIGIBILITY,v2026-08-11,2026-03-21..2026-08-06,baccarat_bet02_101_all_pairs_incl_sentinel,round_win = game_pnl > 0 (decisive only),COMPATIBILITY_ONLY_NOT_PRODUCTION,4726.3868,4260.9992,168.7826,1339,1197,-0.03571071,-0.04850756,-0.02910476,-0.03571071,-168.7826,4726.3868,OK,0.0000,6.7513,4.0000,96.0000,AG03-UNRESOLVED,ALL5_LEVELS_bet23_to_bet27,6.7513,6.7513,6.7513,6.7513,6.7513,4.000000,4.000000,4.000000,4.000000,4.000000,96.000000,96.000000,96.000000,96.000000,96.000000,5.0,33.7565,31.1619,135.0261,137.6208,PENDING_AG03,FALSE,NOT_FOR_ENFORCEMENT,162.0313,4090.5592,168.7826,162.0313,6.7513,0.03571071,0.03428228,6.7513,162.0313,0.03428228,6.7513,6.7513,6.7513,6.7513,6.7513,162.0313,0.03428228,33.7565,31.1619,135.0261,137.6208,0.02856857,0.02911754,0.00142843,3.5298,3.5597,0.1410,3.6692,0.2905,102.7475,26.0217,3.1802,3.7422,2.0771,4.0878,4.1543,6.1317,6.2314,7.1537,3.1157,-1.022,1.524396,1.75,0.863492,29,159,71,5,0.34046406,0.03571071,0.04850756,0E-8,0.000000,0.901534,0.000000,-0.01940280,2026-05-27,2026-07-31,46,581,334,66,0.696970,0.849821,0.900951,1.134880,,,,,,,,GLOBAL_BASELINE_NO_ENTITY_RANKING,,,NOT_APPLICABLE_GLOBAL_BASELINE,HF9g-P5,,,,X 全窗基线 · 不参与实体赏罚,6878526,688,A168_HF9F_20260827_0900,2026-08-27 09:00:00
2026-07-06,132190460,1221,0,4.0878060745,3.8834157708,3.8834157708,1.0000000,1,1,0.50665070000000000,0.506650700000,0.9867858985152569,0.9867858985152569,0.9867858985152569,0E-17,ELIGIBLE,R03b_20260811_FULL_v1,L1_ELIGIBILITY,v2026-08-11,2026-03-21..2026-08-06,baccarat_bet02_101_all_pairs_incl_sentinel,round_win = game_pnl > 0 (decisive only),COMPATIBILITY_ONLY_NOT_PRODUCTION,4726.3868,4260.9992,168.7826,1339,1197,-0.03571071,-0.04850756,-0.02910476,-0.03571071,-168.7826,4726.3868,OK,0.0000,6.7513,4.0000,96.0000,AG03-UNRESOLVED,ALL5_LEVELS_bet23_to_bet27,6.7513,6.7513,6.7513,6.7513,6.7513,4.000000,4.000000,4.000000,4.000000,4.000000,96.000000,96.000000,96.000000,96.000000,96.000000,5.0,33.7565,31.1619,135.0261,137.6208,PENDING_AG03,FALSE,NOT_FOR_ENFORCEMENT,162.0313,4090.5592,168.7826,162.0313,6.7513,0.03571071,0.03428228,6.7513,162.0313,0.03428228,6.7513,6.7513,6.7513,6.7513,6.7513,162.0313,0.03428228,33.7565,31.1619,135.0261,137.6208,0.02856857,0.02911754,0.00142843,3.5298,3.5597,0.1410,3.6692,0.2905,102.7475,26.0217,3.1802,3.7422,2.0771,4.0878,4.1543,6.1317,6.2314,7.1537,3.1157,-1.022,1.524396,1.75,0.863492,29,159,71,5,0.34046406,0.03571071,0.04850756,0E-8,0.000000,0.901534,0.000000,-0.01940280,2026-05-27,2026-07-31,46,581,334,66,0.696970,0.849821,0.900951,1.134880,,,,,,,,GLOBAL_BASELINE_NO_ENTITY_RANKING,,,NOT_APPLICABLE_GLOBAL_BASELINE,HF9g-P5,,,,X 全窗基线 · 不参与实体赏罚,6878527,688,A168_HF9F_20260827_0900,2026-08-27 09:00:00
2026-07-06,132190460,1267,0,4.0878060745,3.8834157708,3.8834157708,1.0000000,1,1,0.50665070000000000,0.506650700000,0.9867858985152569,0.9867858985152569,0.9867858985152569,0E-17,ELIGIBLE,R03b_20260811_FULL_v1,L1_ELIGIBILITY,v2026-08-11,2026-03-21..2026-08-06,baccarat_bet02_101_all_pairs_incl_sentinel,round_win = game_pnl > 0 (decisive only),COMPATIBILITY_ONLY_NOT_PRODUCTION,4726.3868,4260.9992,168.7826,1339,1197,-0.03571071,-0.04850756,-0.02910476,-0.03571071,-168.7826,4726.3868,OK,0.0000,6.7513,4.0000,96.0000,AG03-UNRESOLVED,ALL5_LEVELS_bet23_to_bet27,6.7513,6.7513,6.7513,6.7513,6.7513,4.000000,4.000000,4.000000,4.000000,4.000000,96.000000,96.000000,96.000000,96.000000,96.000000,5.0,33.7565,31.1619,135.0261,137.6208,PENDING_AG03,FALSE,NOT_FOR_ENFORCEMENT,162.0313,4090.5592,168.7826,162.0313,6.7513,0.03571071,0.03428228,6.7513,162.0313,0.03428228,6.7513,6.7513,6.7513,6.7513,6.7513,162.0313,0.03428228,33.7565,31.1619,135.0261,137.6208,0.02856857,0.02911754,0.00142843,3.5298,3.5597,0.1410,3.6692,0.2905,102.7475,26.0217,3.1802,3.7422,2.0771,4.0878,4.1543,6.1317,6.2314,7.1537,3.1157,-1.022,1.524396,1.75,0.863492,29,159,71,5,0.34046406,0.03571071,0.04850756,0E-8,0.000000,0.901534,0.000000,-0.01940280,2026-05-27,2026-07-31,46,581,334,66,0.696970,0.849821,0.900951,1.134880,,,,,,,,GLOBAL_BASELINE_NO_ENTITY_RANKING,,,NOT_APPLICABLE_GLOBAL_BASELINE,HF9g-P5,,,,X 全窗基线 · 不参与实体赏罚,6878528,688,A168_HF9F_20260827_0900,2026-08-27 09:00:00
2026-07-06,132190460,1299,0,6.1317091117,-6.1317091117,-6.1317091117,0E-7,1,1,0.50665070000000000,0.506650700000,-1.013391052207602,-1.013391052207602,-1.013391052207602,0E-17,ELIGIBLE,R03b_20260811_FULL_v1,L1_ELIGIBILITY,v2026-08-11,2026-03-21..2026-08-06,baccarat_bet02_101_all_pairs_incl_sentinel,round_win = game_pnl > 0 (decisive only),COMPATIBILITY_ONLY_NOT_PRODUCTION,4726.3868,4260.9992,168.7826,1339,1197,-0.03571071,-0.04850756,-0.02910476,-0.03571071,-168.7826,4726.3868,OK,0.0000,6.7513,4.0000,96.0000,AG03-UNRESOLVED,ALL5_LEVELS_bet23_to_bet27,6.7513,6.7513,6.7513,6.7513,6.7513,4.000000,4.000000,4.000000,4.000000,4.000000,96.000000,96.000000,96.000000,96.000000,96.000000,5.0,33.7565,31.1619,135.0261,137.6208,PENDING_AG03,FALSE,NOT_FOR_ENFORCEMENT,162.0313,4090.5592,168.7826,162.0313,6.7513,0.03571071,0.03428228,6.7513,162.0313,0.03428228,6.7513,6.7513,6.7513,6.7513,6.7513,162.0313,0.03428228,33.7565,31.1619,135.0261,137.6208,0.02856857,0.02911754,0.00142843,3.5298,3.5597,0.1410,3.6692,0.2905,102.7475,26.0217,3.1802,3.7422,2.0771,4.0878,4.1543,6.1317,6.2314,7.1537,3.1157,-1.022,1.524396,1.75,0.863492,29,159,71,5,0.34046406,0.03571071,0.04850756,0E-8,0.000000,0.901534,0.000000,-0.01940280,2026-05-27,2026-07-31,46,581,334,66,0.696970,0.849821,0.900951,1.134880,,,,,,,,GLOBAL_BASELINE_NO_ENTITY_RANKING,,,NOT_APPLICABLE_GLOBAL_BASELINE,HF9g-P5,,,,X 全窗基线 · 不参与实体赏罚,6878529,688,A168_HF9F_20260827_0900,2026-08-27 09:00:00
2026-07-06,132190460,1382,0,4.0878060745,-4.0878060745,-4.0878060745,0E-7,1,1,0.49324550000000000,0.493245500000,-0.9865810262130424,-0.9865810262130424,-0.9865810262130424,0E-17,ELIGIBLE,R03b_20260811_FULL_v1,L1_ELIGIBILITY,v2026-08-11,2026-03-21..2026-08-06,baccarat_bet02_101_all_pairs_incl_sentinel,round_win = game_pnl > 0 (decisive only),COMPATIBILITY_ONLY_NOT_PRODUCTION,4726.3868,4260.9992,168.7826,1339,1197,-0.03571071,-0.04850756,-0.02910476,-0.03571071,-168.7826,4726.3868,OK,0.0000,6.7513,4.0000,96.0000,AG03-UNRESOLVED,ALL5_LEVELS_bet23_to_bet27,6.7513,6.7513,6.7513,6.7513,6.7513,4.000000,4.000000,4.000000,4.000000,4.000000,96.000000,96.000000,96.000000,96.000000,96.000000,5.0,33.7565,31.1619,135.0261,137.6208,PENDING_AG03,FALSE,NOT_FOR_ENFORCEMENT,162.0313,4090.5592,168.7826,162.0313,6.7513,0.03571071,0.03428228,6.7513,162.0313,0.03428228,6.7513,6.7513,6.7513,6.7513,6.7513,162.0313,0.03428228,33.7565,31.1619,135.0261,137.6208,0.02856857,0.02911754,0.00142843,3.5298,3.5597,0.1410,3.6692,0.2905,102.7475,26.0217,3.1802,3.7422,2.0771,4.0878,4.1543,6.1317,6.2314,7.1537,3.1157,-1.022,1.524396,1.75,0.863492,29,159,71,5,0.34046406,0.03571071,0.04850756,0E-8,0.000000,0.901534,0.000000,-0.01940280,2026-05-27,2026-07-31,46,581,334,66,0.696970,0.849821,0.900951,1.134880,,,,,,,,GLOBAL_BASELINE_NO_ENTITY_RANKING,,,NOT_APPLICABLE_GLOBAL_BASELINE,HF9g-P5,,,,X 全窗基线 · 不参与实体赏罚,6878530,688,A168_HF9F_20260827_0900,2026-08-27 09:00:00
2026-07-06,132190460,1383,0,8.1756121489,-8.1756121489,-8.1756121489,0E-7,3,3,0.50218230000000000,0.502182300000,-1.7396270863184011,-1.7396270863184016,-1.7396270863184011,0E-17,ELIGIBLE,R03b_20260811_FULL_v1,L1_ELIGIBILITY,v2026-08-11,2026-03-21..2026-08-06,baccarat_bet02_101_all_pairs_incl_sentinel,round_win = game_pnl > 0 (decisive only),COMPATIBILITY_ONLY_NOT_PRODUCTION,4726.3868,4260.9992,168.7826,1339,1197,-0.03571071,-0.04850756,-0.02910476,-0.03571071,-168.7826,4726.3868,OK,0.0000,6.7513,4.0000,96.0000,AG03-UNRESOLVED,ALL5_LEVELS_bet23_to_bet27,6.7513,6.7513,6.7513,6.7513,6.7513,4.000000,4.000000,4.000000,4.000000,4.000000,96.000000,96.000000,96.000000,96.000000,96.000000,5.0,33.7565,31.1619,135.0261,137.6208,PENDING_AG03,FALSE,NOT_FOR_ENFORCEMENT,162.0313,4090.5592,168.7826,162.0313,6.7513,0.03571071,0.03428228,6.7513,162.0313,0.03428228,6.7513,6.7513,6.7513,6.7513,6.7513,162.0313,0.03428228,33.7565,31.1619,135.0261,137.6208,0.02856857,0.02911754,0.00142843,3.5298,3.5597,0.1410,3.6692,0.2905,102.7475,26.0217,3.1802,3.7422,2.0771,4.0878,4.1543,6.1317,6.2314,7.1537,3.1157,-1.022,1.524396,1.75,0.863492,29,159,71,5,0.34046406,0.03571071,0.04850756,0E-8,0.000000,0.901534,0.000000,-0.01940280,2026-05-27,2026-07-31,46,581,334,66,0.696970,0.849821,0.900951,1.134880,,,,,,,,GLOBAL_BASELINE_NO_ENTITY_RANKING,,,NOT_APPLICABLE_GLOBAL_BASELINE,HF9g-P5,,,,X 全窗基线 · 不参与实体赏罚,6878531,688,A168_HF9F_20260827_0900,2026-08-27 09:00:00
2026-07-06,132190460,1485,0,2.0439030372,2.0439030372,2.0439030372,1.0000000,1,1,0.49324550000000000,0.493245500000,1.01360149184955,1.01360149184955,1.01360149184955,0E-17,ELIGIBLE,R03b_20260811_FULL_v1,L1_ELIGIBILITY,v2026-08-11,2026-03-21..2026-08-06,baccarat_bet02_101_all_pairs_incl_sentinel,round_win = game_pnl > 0 (decisive only),COMPATIBILITY_ONLY_NOT_PRODUCTION,4726.3868,4260.9992,168.7826,1339,1197,-0.03571071,-0.04850756,-0.02910476,-0.03571071,-168.7826,4726.3868,OK,0.0000,6.7513,4.0000,96.0000,AG03-UNRESOLVED,ALL5_LEVELS_bet23_to_bet27,6.7513,6.7513,6.7513,6.7513,6.7513,4.000000,4.000000,4.000000,4.000000,4.000000,96.000000,96.000000,96.000000,96.000000,96.000000,5.0,33.7565,31.1619,135.0261,137.6208,PENDING_AG03,FALSE,NOT_FOR_ENFORCEMENT,162.0313,4090.5592,168.7826,162.0313,6.7513,0.03571071,0.03428228,6.7513,162.0313,0.03428228,6.7513,6.7513,6.7513,6.7513,6.7513,162.0313,0.03428228,33.7565,31.1619,135.0261,137.6208,0.02856857,0.02911754,0.00142843,3.5298,3.5597,0.1410,3.6692,0.2905,102.7475,26.0217,3.1802,3.7422,2.0771,4.0878,4.1543,6.1317,6.2314,7.1537,3.1157,-1.022,1.524396,1.75,0.863492,29,159,71,5,0.34046406,0.03571071,0.04850756,0E-8,0.000000,0.901534,0.000000,-0.01940280,2026-05-27,2026-07-31,46,581,334,66,0.696970,0.849821,0.900951,1.134880,,,,,,,,GLOBAL_BASELINE_NO_ENTITY_RANKING,,,NOT_APPLICABLE_GLOBAL_BASELINE,HF9g-P5,,,,X 全窗基线 · 不参与实体赏罚,6878532,688,A168_HF9F_20260827_0900,2026-08-27 09:00:00
2026-07-06,132190460,1490,0,4.0878060745,3.8834157708,3.8834157708,1.0000000,1,1,0.50665070000000000,0.506650700000,0.9867858985152569,0.9867858985152569,0.9867858985152569,0E-17,ELIGIBLE,R03b_20260811_FULL_v1,L1_ELIGIBILITY,v2026-08-11,2026-03-21..2026-08-06,baccarat_bet02_101_all_pairs_incl_sentinel,round_win = game_pnl > 0 (decisive only),COMPATIBILITY_ONLY_NOT_PRODUCTION,4726.3868,4260.9992,168.7826,1339,1197,-0.03571071,-0.04850756,-0.02910476,-0.03571071,-168.7826,4726.3868,OK,0.0000,6.7513,4.0000,96.0000,AG03-UNRESOLVED,ALL5_LEVELS_bet23_to_bet27,6.7513,6.7513,6.7513,6.7513,6.7513,4.000000,4.000000,4.000000,4.000000,4.000000,96.000000,96.000000,96.000000,96.000000,96.000000,5.0,33.7565,31.1619,135.0261,137.6208,PENDING_AG03,FALSE,NOT_FOR_ENFORCEMENT,162.0313,4090.5592,168.7826,162.0313,6.7513,0.03571071,0.03428228,6.7513,162.0313,0.03428228,6.7513,6.7513,6.7513,6.7513,6.7513,162.0313,0.03428228,33.7565,31.1619,135.0261,137.6208,0.02856857,0.02911754,0.00142843,3.5298,3.5597,0.1410,3.6692,0.2905,102.7475,26.0217,3.1802,3.7422,2.0771,4.0878,4.1543,6.1317,6.2314,7.1537,3.1157,-1.022,1.524396,1.75,0.863492,29,159,71,5,0.34046406,0.03571071,0.04850756,0E-8,0.000000,0.901534,0.000000,-0.01940280,2026-05-27,2026-07-31,46,581,334,66,0.696970,0.849821,0.900951,1.134880,,,,,,,,GLOBAL_BASELINE_NO_ENTITY_RANKING,,,NOT_APPLICABLE_GLOBAL_BASELINE,HF9g-P5,,,,X 全窗基线 · 不参与实体赏罚,6878533,688,A168_HF9F_20260827_0900,2026-08-27 09:00:00
2026-07-06,132190460,1645,0,5.1097575931,-5.1097575931,-5.1097575931,0E-7,1,1,0.49324550000000000,0.493245500000,-0.9865810262130424,-0.9865810262130424,-0.9865810262130424,0E-17,ELIGIBLE,R03b_20260811_FULL_v1,L1_ELIGIBILITY,v2026-08-11,2026-03-21..2026-08-06,baccarat_bet02_101_all_pairs_incl_sentinel,round_win = game_pnl > 0 (decisive only),COMPATIBILITY_ONLY_NOT_PRODUCTION,4726.3868,4260.9992,168.7826,1339,1197,-0.03571071,-0.04850756,-0.02910476,-0.03571071,-168.7826,4726.3868,OK,0.0000,6.7513,4.0000,96.0000,AG03-UNRESOLVED,ALL5_LEVELS_bet23_to_bet27,6.7513,6.7513,6.7513,6.7513,6.7513,4.000000,4.000000,4.000000,4.000000,4.000000,96.000000,96.000000,96.000000,96.000000,96.000000,5.0,33.7565,31.1619,135.0261,137.6208,PENDING_AG03,FALSE,NOT_FOR_ENFORCEMENT,162.0313,4090.5592,168.7826,162.0313,6.7513,0.03571071,0.03428228,6.7513,162.0313,0.03428228,6.7513,6.7513,6.7513,6.7513,6.7513,162.0313,0.03428228,33.7565,31.1619,135.0261,137.6208,0.02856857,0.02911754,0.00142843,3.5298,3.5597,0.1410,3.6692,0.2905,102.7475,26.0217,3.1802,3.7422,2.0771,4.0878,4.1543,6.1317,6.2314,7.1537,3.1157,-1.022,1.524396,1.75,0.863492,29,159,71,5,0.34046406,0.03571071,0.04850756,0E-8,0.000000,0.901534,0.000000,-0.01940280,2026-05-27,2026-07-31,46,581,334,66,0.696970,0.849821,0.900951,1.134880,,,,,,,,GLOBAL_BASELINE_NO_ENTITY_RANKING,,,NOT_APPLICABLE_GLOBAL_BASELINE,HF9g-P5,,,,X 全窗基线 · 不参与实体赏罚,6878534,688,A168_HF9F_20260827_0900,2026-08-27 09:00:00
2026-07-06,132190460,1704,0,4.0878060745,3.8834157708,3.8834157708,1.0000000,1,1,0.50665070000000000,0.506650700000,0.9867858985152569,0.9867858985152569,0.9867858985152569,0E-17,ELIGIBLE,R03b_20260811_FULL_v1,L1_ELIGIBILITY,v2026-08-11,2026-03-21..2026-08-06,baccarat_bet02_101_all_pairs_incl_sentinel,round_win = game_pnl > 0 (decisive only),COMPATIBILITY_ONLY_NOT_PRODUCTION,4726.3868,4260.9992,168.7826,1339,1197,-0.03571071,-0.04850756,-0.02910476,-0.03571071,-168.7826,4726.3868,OK,0.0000,6.7513,4.0000,96.0000,AG03-UNRESOLVED,ALL5_LEVELS_bet23_to_bet27,6.7513,6.7513,6.7513,6.7513,6.7513,4.000000,4.000000,4.000000,4.000000,4.000000,96.000000,96.000000,96.000000,96.000000,96.000000,5.0,33.7565,31.1619,135.0261,137.6208,PENDING_AG03,FALSE,NOT_FOR_ENFORCEMENT,162.0313,4090.5592,168.7826,162.0313,6.7513,0.03571071,0.03428228,6.7513,162.0313,0.03428228,6.7513,6.7513,6.7513,6.7513,6.7513,162.0313,0.03428228,33.7565,31.1619,135.0261,137.6208,0.02856857,0.02911754,0.00142843,3.5298,3.5597,0.1410,3.6692,0.2905,102.7475,26.0217,3.1802,3.7422,2.0771,4.0878,4.1543,6.1317,6.2314,7.1537,3.1157,-1.022,1.524396,1.75,0.863492,29,159,71,5,0.34046406,0.03571071,0.04850756,0E-8,0.000000,0.901534,0.000000,-0.01940280,2026-05-27,2026-07-31,46,581,334,66,0.696970,0.849821,0.900951,1.134880,,,,,,,,GLOBAL_BASELINE_NO_ENTITY_RANKING,,,NOT_APPLICABLE_GLOBAL_BASELINE,HF9g-P5,,,,X 全窗基线 · 不参与实体赏罚,6878535,688,A168_HF9F_20260827_0900,2026-08-27 09:00:00
2026-07-06,132190460,1990,0,3.0658545559,3.0658545559,3.0658545559,1.0000000,1,1,0.49324550000000000,0.493245500000,1.01360149184955,1.01360149184955,1.01360149184955,0E-17,ELIGIBLE,R03b_20260811_FULL_v1,L1_ELIGIBILITY,v2026-08-11,2026-03-21..2026-08-06,baccarat_bet02_101_all_pairs_incl_sentinel,round_win = game_pnl > 0 (decisive only),COMPATIBILITY_ONLY_NOT_PRODUCTION,4726.3868,4260.9992,168.7826,1339,1197,-0.03571071,-0.04850756,-0.02910476,-0.03571071,-168.7826,4726.3868,OK,0.0000,6.7513,4.0000,96.0000,AG03-UNRESOLVED,ALL5_LEVELS_bet23_to_bet27,6.7513,6.7513,6.7513,6.7513,6.7513,4.000000,4.000000,4.000000,4.000000,4.000000,96.000000,96.000000,96.000000,96.000000,96.000000,5.0,33.7565,31.1619,135.0261,137.6208,PENDING_AG03,FALSE,NOT_FOR_ENFORCEMENT,162.0313,4090.5592,168.7826,162.0313,6.7513,0.03571071,0.03428228,6.7513,162.0313,0.03428228,6.7513,6.7513,6.7513,6.7513,6.7513,162.0313,0.03428228,33.7565,31.1619,135.0261,137.6208,0.02856857,0.02911754,0.00142843,3.5298,3.5597,0.1410,3.6692,0.2905,102.7475,26.0217,3.1802,3.7422,2.0771,4.0878,4.1543,6.1317,6.2314,7.1537,3.1157,-1.022,1.524396,1.75,0.863492,29,159,71,5,0.34046406,0.03571071,0.04850756,0E-8,0.000000,0.901534,0.000000,-0.01940280,2026-05-27,2026-07-31,46,581,334,66,0.696970,0.849821,0.900951,1.134880,,,,,,,,GLOBAL_BASELINE_NO_ENTITY_RANKING,,,NOT_APPLICABLE_GLOBAL_BASELINE,HF9g-P5,,,,X 全窗基线 · 不参与实体赏罚,6878536,688,A168_HF9F_20260827_0900,2026-08-27 09:00:00
2026-07-06,132190460,2090,0,2.6570739484,2.6570739484,2.6570739484,1.0000000,1,1,0.49324550000000000,0.493245500000,1.01360149184955,1.01360149184955,1.01360149184955,0E-17,ELIGIBLE,R03b_20260811_FULL_v1,L1_ELIGIBILITY,v2026-08-11,2026-03-21..2026-08-06,baccarat_bet02_101_all_pairs_incl_sentinel,round_win = game_pnl > 0 (decisive only),COMPATIBILITY_ONLY_NOT_PRODUCTION,4726.3868,4260.9992,168.7826,1339,1197,-0.03571071,-0.04850756,-0.02910476,-0.03571071,-168.7826,4726.3868,OK,0.0000,6.7513,4.0000,96.0000,AG03-UNRESOLVED,ALL5_LEVELS_bet23_to_bet27,6.7513,6.7513,6.7513,6.7513,6.7513,4.000000,4.000000,4.000000,4.000000,4.000000,96.000000,96.000000,96.000000,96.000000,96.000000,5.0,33.7565,31.1619,135.0261,137.6208,PENDING_AG03,FALSE,NOT_FOR_ENFORCEMENT,162.0313,4090.5592,168.7826,162.0313,6.7513,0.03571071,0.03428228,6.7513,162.0313,0.03428228,6.7513,6.7513,6.7513,6.7513,6.7513,162.0313,0.03428228,33.7565,31.1619,135.0261,137.6208,0.02856857,0.02911754,0.00142843,3.5298,3.5597,0.1410,3.6692,0.2905,102.7475,26.0217,3.1802,3.7422,2.0771,4.0878,4.1543,6.1317,6.2314,7.1537,3.1157,-1.022,1.524396,1.75,0.863492,29,159,71,5,0.34046406,0.03571071,0.04850756,0E-8,0.000000,0.901534,0.000000,-0.01940280,2026-05-27,2026-07-31,46,581,334,66,0.696970,0.849821,0.900951,1.134880,,,,,,,,GLOBAL_BASELINE_NO_ENTITY_RANKING,,,NOT_APPLICABLE_GLOBAL_BASELINE,HF9g-P5,,,,X 全窗基线 · 不参与实体赏罚,6878537,688,A168_HF9F_20260827_0900,2026-08-27 09:00:00
2026-07-06,132190460,2110,0,4.0878060745,0E-10,0E-10,,1,1,0.50665070000000000,0.506650700000,,,,0E-17,NO_DECISIVE_ROUND,R03b_20260811_FULL_v1,L1_ELIGIBILITY,v2026-08-11,2026-03-21..2026-08-06,baccarat_bet02_101_all_pairs_incl_sentinel,round_win = game_pnl > 0 (decisive only),COMPATIBILITY_ONLY_NOT_PRODUCTION,4726.3868,4260.9992,168.7826,1339,1197,-0.03571071,-0.04850756,-0.02910476,-0.03571071,-168.7826,4726.3868,OK,0.0000,6.7513,4.0000,96.0000,AG03-UNRESOLVED,ALL5_LEVELS_bet23_to_bet27,6.7513,6.7513,6.7513,6.7513,6.7513,4.000000,4.000000,4.000000,4.000000,4.000000,96.000000,96.000000,96.000000,96.000000,96.000000,5.0,33.7565,31.1619,135.0261,137.6208,PENDING_AG03,FALSE,NOT_FOR_ENFORCEMENT,162.0313,4090.5592,168.7826,162.0313,6.7513,0.03571071,0.03428228,6.7513,162.0313,0.03428228,6.7513,6.7513,6.7513,6.7513,6.7513,162.0313,0.03428228,33.7565,31.1619,135.0261,137.6208,0.02856857,0.02911754,0.00142843,3.5298,3.5597,0.1410,3.6692,0.2905,102.7475,26.0217,3.1802,3.7422,2.0771,4.0878,4.1543,6.1317,6.2314,7.1537,3.1157,-1.022,1.524396,1.75,0.863492,29,159,71,5,0.34046406,0.03571071,0.04850756,0E-8,0.000000,0.901534,0.000000,-0.01940280,2026-05-27,2026-07-31,46,581,334,66,0.696970,0.849821,0.900951,1.134880,,,,,,,,GLOBAL_BASELINE_NO_ENTITY_RANKING,,,NOT_APPLICABLE_GLOBAL_BASELINE,HF9g-P5,,,,X 全窗基线 · 不参与实体赏罚,6878538,688,A168_HF9F_20260827_0900,2026-08-27 09:00:00
2026-07-06,132190460,2121,0,4.0878060745,0E-10,0E-10,,1,1,0.49324550000000000,0.493245500000,,,,0E-17,NO_DECISIVE_ROUND,R03b_20260811_FULL_v1,L1_ELIGIBILITY,v2026-08-11,2026-03-21..2026-08-06,baccarat_bet02_101_all_pairs_incl_sentinel,round_win = game_pnl > 0 (decisive only),COMPATIBILITY_ONLY_NOT_PRODUCTION,4726.3868,4260.9992,168.7826,1339,1197,-0.03571071,-0.04850756,-0.02910476,-0.03571071,-168.7826,4726.3868,OK,0.0000,6.7513,4.0000,96.0000,AG03-UNRESOLVED,ALL5_LEVELS_bet23_to_bet27,6.7513,6.7513,6.7513,6.7513,6.7513,4.000000,4.000000,4.000000,4.000000,4.000000,96.000000,96.000000,96.000000,96.000000,96.000000,5.0,33.7565,31.1619,135.0261,137.6208,PENDING_AG03,FALSE,NOT_FOR_ENFORCEMENT,162.0313,4090.5592,168.7826,162.0313,6.7513,0.03571071,0.03428228,6.7513,162.0313,0.03428228,6.7513,6.7513,6.7513,6.7513,6.7513,162.0313,0.03428228,33.7565,31.1619,135.0261,137.6208,0.02856857,0.02911754,0.00142843,3.5298,3.5597,0.1410,3.6692,0.2905,102.7475,26.0217,3.1802,3.7422,2.0771,4.0878,4.1543,6.1317,6.2314,7.1537,3.1157,-1.022,1.524396,1.75,0.863492,29,159,71,5,0.34046406,0.03571071,0.04850756,0E-8,0.000000,0.901534,0.000000,-0.01940280,2026-05-27,2026-07-31,46,581,334,66,0.696970,0.849821,0.900951,1.134880,,,,,,,,GLOBAL_BASELINE_NO_ENTITY_RANKING,,,NOT_APPLICABLE_GLOBAL_BASELINE,HF9g-P5,,,,X 全窗基线 · 不参与实体赏罚,6878539,688,A168_HF9F_20260827_0900,2026-08-27 09:00:00
2026-07-06,132190460,2153,0,2.0439030372,1.9417078854,1.9417078854,1.0000000,1,1,0.50665070000000000,0.506650700000,0.9867858985152569,0.9867858985152569,0.9867858985152569,0E-17,ELIGIBLE,R03b_20260811_FULL_v1,L1_ELIGIBILITY,v2026-08-11,2026-03-21..2026-08-06,baccarat_bet02_101_all_pairs_incl_sentinel,round_win = game_pnl > 0 (decisive only),COMPATIBILITY_ONLY_NOT_PRODUCTION,4726.3868,4260.9992,168.7826,1339,1197,-0.03571071,-0.04850756,-0.02910476,-0.03571071,-168.7826,4726.3868,OK,0.0000,6.7513,4.0000,96.0000,AG03-UNRESOLVED,ALL5_LEVELS_bet23_to_bet27,6.7513,6.7513,6.7513,6.7513,6.7513,4.000000,4.000000,4.000000,4.000000,4.000000,96.000000,96.000000,96.000000,96.000000,96.000000,5.0,33.7565,31.1619,135.0261,137.6208,PENDING_AG03,FALSE,NOT_FOR_ENFORCEMENT,162.0313,4090.5592,168.7826,162.0313,6.7513,0.03571071,0.03428228,6.7513,162.0313,0.03428228,6.7513,6.7513,6.7513,6.7513,6.7513,162.0313,0.03428228,33.7565,31.1619,135.0261,137.6208,0.02856857,0.02911754,0.00142843,3.5298,3.5597,0.1410,3.6692,0.2905,102.7475,26.0217,3.1802,3.7422,2.0771,4.0878,4.1543,6.1317,6.2314,7.1537,3.1157,-1.022,1.524396,1.75,0.863492,29,159,71,5,0.34046406,0.03571071,0.04850756,0E-8,0.000000,0.901534,0.000000,-0.01940280,2026-05-27,2026-07-31,46,581,334,66,0.696970,0.849821,0.900951,1.134880,,,,,,,,GLOBAL_BASELINE_NO_ENTITY_RANKING,,,NOT_APPLICABLE_GLOBAL_BASELINE,HF9g-P5,,,,X 全窗基线 · 不参与实体赏罚,6878540,688,A168_HF9F_20260827_0900,2026-08-27 09:00:00
2026-07-06,132190460,2156,0,2.6570739484,0E-10,0E-10,,1,1,0.50665070000000000,0.506650700000,,,,0E-17,NO_DECISIVE_ROUND,R03b_20260811_FULL_v1,L1_ELIGIBILITY,v2026-08-11,2026-03-21..2026-08-06,baccarat_bet02_101_all_pairs_incl_sentinel,round_win = game_pnl > 0 (decisive only),COMPATIBILITY_ONLY_NOT_PRODUCTION,4726.3868,4260.9992,168.7826,1339,1197,-0.03571071,-0.04850756,-0.02910476,-0.03571071,-168.7826,4726.3868,OK,0.0000,6.7513,4.0000,96.0000,AG03-UNRESOLVED,ALL5_LEVELS_bet23_to_bet27,6.7513,6.7513,6.7513,6.7513,6.7513,4.000000,4.000000,4.000000,4.000000,4.000000,96.000000,96.000000,96.000000,96.000000,96.000000,5.0,33.7565,31.1619,135.0261,137.6208,PENDING_AG03,FALSE,NOT_FOR_ENFORCEMENT,162.0313,4090.5592,168.7826,162.0313,6.7513,0.03571071,0.03428228,6.7513,162.0313,0.03428228,6.7513,6.7513,6.7513,6.7513,6.7513,162.0313,0.03428228,33.7565,31.1619,135.0261,137.6208,0.02856857,0.02911754,0.00142843,3.5298,3.5597,0.1410,3.6692,0.2905,102.7475,26.0217,3.1802,3.7422,2.0771,4.0878,4.1543,6.1317,6.2314,7.1537,3.1157,-1.022,1.524396,1.75,0.863492,29,159,71,5,0.34046406,0.03571071,0.04850756,0E-8,0.000000,0.901534,0.000000,-0.01940280,2026-05-27,2026-07-31,46,581,334,66,0.696970,0.849821,0.900951,1.134880,,,,,,,,GLOBAL_BASELINE_NO_ENTITY_RANKING,,,NOT_APPLICABLE_GLOBAL_BASELINE,HF9g-P5,,,,X 全窗基线 · 不参与实体赏罚,6878541,688,A168_HF9F_20260827_0900,2026-08-27 09:00:00
2026-07-06,132190460,2175,0,4.0878060745,4.0878060745,4.0878060745,1.0000000,1,1,0.49324550000000000,0.493245500000,1.01360149184955,1.01360149184955,1.01360149184955,0E-17,ELIGIBLE,R03b_20260811_FULL_v1,L1_ELIGIBILITY,v2026-08-11,2026-03-21..2026-08-06,baccarat_bet02_101_all_pairs_incl_sentinel,round_win = game_pnl > 0 (decisive only),COMPATIBILITY_ONLY_NOT_PRODUCTION,4726.3868,4260.9992,168.7826,1339,1197,-0.03571071,-0.04850756,-0.02910476,-0.03571071,-168.7826,4726.3868,OK,0.0000,6.7513,4.0000,96.0000,AG03-UNRESOLVED,ALL5_LEVELS_bet23_to_bet27,6.7513,6.7513,6.7513,6.7513,6.7513,4.000000,4.000000,4.000000,4.000000,4.000000,96.000000,96.000000,96.000000,96.000000,96.000000,5.0,33.7565,31.1619,135.0261,137.6208,PENDING_AG03,FALSE,NOT_FOR_ENFORCEMENT,162.0313,4090.5592,168.7826,162.0313,6.7513,0.03571071,0.03428228,6.7513,162.0313,0.03428228,6.7513,6.7513,6.7513,6.7513,6.7513,162.0313,0.03428228,33.7565,31.1619,135.0261,137.6208,0.02856857,0.02911754,0.00142843,3.5298,3.5597,0.1410,3.6692,0.2905,102.7475,26.0217,3.1802,3.7422,2.0771,4.0878,4.1543,6.1317,6.2314,7.1537,3.1157,-1.022,1.524396,1.75,0.863492,29,159,71,5,0.34046406,0.03571071,0.04850756,0E-8,0.000000,0.901534,0.000000,-0.01940280,2026-05-27,2026-07-31,46,581,334,66,0.696970,0.849821,0.900951,1.134880,,,,,,,,GLOBAL_BASELINE_NO_ENTITY_RANKING,,,NOT_APPLICABLE_GLOBAL_BASELINE,HF9g-P5,,,,X 全窗基线 · 不参与实体赏罚,6878542,688,A168_HF9F_20260827_0900,2026-08-27 09:00:00
2026-07-06,132190460,2188,0,12.2634182234,4.8031721375,4.8031721375,1.0000000,3,2,0.47721870714326857,0.403638725000,1.046649545777472,1.215509351572844,1.046649545777472,0.07357998214326857,ELIGIBLE,R03b_20260811_FULL_v1,L1_ELIGIBILITY,v2026-08-11,2026-03-21..2026-08-06,baccarat_bet02_101_all_pairs_incl_sentinel,round_win = game_pnl > 0 (decisive only),COMPATIBILITY_ONLY_NOT_PRODUCTION,4726.3868,4260.9992,168.7826,1339,1197,-0.03571071,-0.04850756,-0.02910476,-0.03571071,-168.7826,4726.3868,OK,0.0000,6.7513,4.0000,96.0000,AG03-UNRESOLVED,ALL5_LEVELS_bet23_to_bet27,6.7513,6.7513,6.7513,6.7513,6.7513,4.000000,4.000000,4.000000,4.000000,4.000000,96.000000,96.000000,96.000000,96.000000,96.000000,5.0,33.7565,31.1619,135.0261,137.6208,PENDING_AG03,FALSE,NOT_FOR_ENFORCEMENT,162.0313,4090.5592,168.7826,162.0313,6.7513,0.03571071,0.03428228,6.7513,162.0313,0.03428228,6.7513,6.7513,6.7513,6.7513,6.7513,162.0313,0.03428228,33.7565,31.1619,135.0261,137.6208,0.02856857,0.02911754,0.00142843,3.5298,3.5597,0.1410,3.6692,0.2905,102.7475,26.0217,3.1802,3.7422,2.0771,4.0878,4.1543,6.1317,6.2314,7.1537,3.1157,-1.022,1.524396,1.75,0.863492,29,159,71,5,0.34046406,0.03571071,0.04850756,0E-8,0.000000,0.901534,0.000000,-0.01940280,2026-05-27,2026-07-31,46,581,334,66,0.696970,0.849821,0.900951,1.134880,,,,,,,,GLOBAL_BASELINE_NO_ENTITY_RANKING,,,NOT_APPLICABLE_GLOBAL_BASELINE,HF9g-P5,,,,X 全窗基线 · 不参与实体赏罚,6878543,688,A168_HF9F_20260827_0900,2026-08-27 09:00:00
2026-07-06,132190460,2196,0,13.2853697421,2.8614642522,2.8614642522,0.6666667,3,3,0.50218230000000000,0.502182300000,0.5697959874915163,0.5697959874915164,0.5697959874915163,0E-17,ELIGIBLE,R03b_20260811_FULL_v1,L1_ELIGIBILITY,v2026-08-11,2026-03-21..2026-08-06,baccarat_bet02_101_all_pairs_incl_sentinel,round_win = game_pnl > 0 (decisive only),COMPATIBILITY_ONLY_NOT_PRODUCTION,4726.3868,4260.9992,168.7826,1339,1197,-0.03571071,-0.04850756,-0.02910476,-0.03571071,-168.7826,4726.3868,OK,0.0000,6.7513,4.0000,96.0000,AG03-UNRESOLVED,ALL5_LEVELS_bet23_to_bet27,6.7513,6.7513,6.7513,6.7513,6.7513,4.000000,4.000000,4.000000,4.000000,4.000000,96.000000,96.000000,96.000000,96.000000,96.000000,5.0,33.7565,31.1619,135.0261,137.6208,PENDING_AG03,FALSE,NOT_FOR_ENFORCEMENT,162.0313,4090.5592,168.7826,162.0313,6.7513,0.03571071,0.03428228,6.7513,162.0313,0.03428228,6.7513,6.7513,6.7513,6.7513,6.7513,162.0313,0.03428228,33.7565,31.1619,135.0261,137.6208,0.02856857,0.02911754,0.00142843,3.5298,3.5597,0.1410,3.6692,0.2905,102.7475,26.0217,3.1802,3.7422,2.0771,4.0878,4.1543,6.1317,6.2314,7.1537,3.1157,-1.022,1.524396,1.75,0.863492,29,159,71,5,0.34046406,0.03571071,0.04850756,0E-8,0.000000,0.901534,0.000000,-0.01940280,2026-05-27,2026-07-31,46,581,334,66,0.696970,0.849821,0.900951,1.134880,,,,,,,,GLOBAL_BASELINE_NO_ENTITY_RANKING,,,NOT_APPLICABLE_GLOBAL_BASELINE,HF9g-P5,,,,X 全窗基线 · 不参与实体赏罚,6878544,688,A168_HF9F_20260827_0900,2026-08-27 09:00:00
2026-07-06,132190460,2209,0,4.0878060745,-4.0878060745,-4.0878060745,0E-7,1,1,0.49324550000000000,0.493245500000,-0.9865810262130424,-0.9865810262130424,-0.9865810262130424,0E-17,ELIGIBLE,R03b_20260811_FULL_v1,L1_ELIGIBILITY,v2026-08-11,2026-03-21..2026-08-06,baccarat_bet02_101_all_pairs_incl_sentinel,round_win = game_pnl > 0 (decisive only),COMPATIBILITY_ONLY_NOT_PRODUCTION,4726.3868,4260.9992,168.7826,1339,1197,-0.03571071,-0.04850756,-0.02910476,-0.03571071,-168.7826,4726.3868,OK,0.0000,6.7513,4.0000,96.0000,AG03-UNRESOLVED,ALL5_LEVELS_bet23_to_bet27,6.7513,6.7513,6.7513,6.7513,6.7513,4.000000,4.000000,4.000000,4.000000,4.000000,96.000000,96.000000,96.000000,96.000000,96.000000,5.0,33.7565,31.1619,135.0261,137.6208,PENDING_AG03,FALSE,NOT_FOR_ENFORCEMENT,162.0313,4090.5592,168.7826,162.0313,6.7513,0.03571071,0.03428228,6.7513,162.0313,0.03428228,6.7513,6.7513,6.7513,6.7513,6.7513,162.0313,0.03428228,33.7565,31.1619,135.0261,137.6208,0.02856857,0.02911754,0.00142843,3.5298,3.5597,0.1410,3.6692,0.2905,102.7475,26.0217,3.1802,3.7422,2.0771,4.0878,4.1543,6.1317,6.2314,7.1537,3.1157,-1.022,1.524396,1.75,0.863492,29,159,71,5,0.34046406,0.03571071,0.04850756,0E-8,0.000000,0.901534,0.000000,-0.01940280,2026-05-27,2026-07-31,46,581,334,66,0.696970,0.849821,0.900951,1.134880,,,,,,,,GLOBAL_BASELINE_NO_ENTITY_RANKING,,,NOT_APPLICABLE_GLOBAL_BASELINE,HF9g-P5,,,,X 全窗基线 · 不参与实体赏罚,6878545,688,A168_HF9F_20260827_0900,2026-08-27 09:00:00
2026-07-06,132190460,2251,0,18.3951273351,-6.4382945673,-6.4382945673,0.3333333,6,3,0.43309324142973915,0.298392550000,-0.3487146131522068,0.13226720629658262,-0.3487146131522068,0.13470069142973915,ELIGIBLE,R03b_20260811_FULL_v1,L1_ELIGIBILITY,v2026-08-11,2026-03-21..2026-08-06,baccarat_bet02_101_all_pairs_incl_sentinel,round_win = game_pnl > 0 (decisive only),COMPATIBILITY_ONLY_NOT_PRODUCTION,4726.3868,4260.9992,168.7826,1339,1197,-0.03571071,-0.04850756,-0.02910476,-0.03571071,-168.7826,4726.3868,OK,0.0000,6.7513,4.0000,96.0000,AG03-UNRESOLVED,ALL5_LEVELS_bet23_to_bet27,6.7513,6.7513,6.7513,6.7513,6.7513,4.000000,4.000000,4.000000,4.000000,4.000000,96.000000,96.000000,96.000000,96.000000,96.000000,5.0,33.7565,31.1619,135.0261,137.6208,PENDING_AG03,FALSE,NOT_FOR_ENFORCEMENT,162.0313,4090.5592,168.7826,162.0313,6.7513,0.03571071,0.03428228,6.7513,162.0313,0.03428228,6.7513,6.7513,6.7513,6.7513,6.7513,162.0313,0.03428228,33.7565,31.1619,135.0261,137.6208,0.02856857,0.02911754,0.00142843,3.5298,3.5597,0.1410,3.6692,0.2905,102.7475,26.0217,3.1802,3.7422,2.0771,4.0878,4.1543,6.1317,6.2314,7.1537,3.1157,-1.022,1.524396,1.75,0.863492,29,159,71,5,0.34046406,0.03571071,0.04850756,0E-8,0.000000,0.901534,0.000000,-0.01940280,2026-05-27,2026-07-31,46,581,334,66,0.696970,0.849821,0.900951,1.134880,,,,,,,,GLOBAL_BASELINE_NO_ENTITY_RANKING,,,NOT_APPLICABLE_GLOBAL_BASELINE,HF9g-P5,,,,X 全窗基线 · 不参与实体赏罚,6878546,688,A168_HF9F_20260827_0900,2026-08-27 09:00:00
2026-07-06,132190460,2287,0,5.3141478968,-5.3141478968,-5.3141478968,0E-7,1,1,0.50665070000000000,0.506650700000,-1.013391052207602,-1.013391052207602,-1.013391052207602,0E-17,ELIGIBLE,R03b_20260811_FULL_v1,L1_ELIGIBILITY,v2026-08-11,2026-03-21..2026-08-06,baccarat_bet02_101_all_pairs_incl_sentinel,round_win = game_pnl > 0 (decisive only),COMPATIBILITY_ONLY_NOT_PRODUCTION,4726.3868,4260.9992,168.7826,1339,1197,-0.03571071,-0.04850756,-0.02910476,-0.03571071,-168.7826,4726.3868,OK,0.0000,6.7513,4.0000,96.0000,AG03-UNRESOLVED,ALL5_LEVELS_bet23_to_bet27,6.7513,6.7513,6.7513,6.7513,6.7513,4.000000,4.000000,4.000000,4.000000,4.000000,96.000000,96.000000,96.000000,96.000000,96.000000,5.0,33.7565,31.1619,135.0261,137.6208,PENDING_AG03,FALSE,NOT_FOR_ENFORCEMENT,162.0313,4090.5592,168.7826,162.0313,6.7513,0.03571071,0.03428228,6.7513,162.0313,0.03428228,6.7513,6.7513,6.7513,6.7513,6.7513,162.0313,0.03428228,33.7565,31.1619,135.0261,137.6208,0.02856857,0.02911754,0.00142843,3.5298,3.5597,0.1410,3.6692,0.2905,102.7475,26.0217,3.1802,3.7422,2.0771,4.0878,4.1543,6.1317,6.2314,7.1537,3.1157,-1.022,1.524396,1.75,0.863492,29,159,71,5,0.34046406,0.03571071,0.04850756,0E-8,0.000000,0.901534,0.000000,-0.01940280,2026-05-27,2026-07-31,46,581,334,66,0.696970,0.849821,0.900951,1.134880,,,,,,,,GLOBAL_BASELINE_NO_ENTITY_RANKING,,,NOT_APPLICABLE_GLOBAL_BASELINE,HF9g-P5,,,,X 全窗基线 · 不参与实体赏罚,6878547,688,A168_HF9F_20260827_0900,2026-08-27 09:00:00
2026-07-06,132190460,583,0,12.2634182234,9.8618321547,9.8618321547,1.0000000,3,2,0.47419510625031500,0.396936125000,1.4891854211451345,1.7431563486697372,1.4891854211451345,0.07725898125031500,ELIGIBLE,R03b_20260811_FULL_v1,L1_ELIGIBILITY,v2026-08-11,2026-03-21..2026-08-06,baccarat_bet02_101_all_pairs_incl_sentinel,round_win = game_pnl > 0 (decisive only),COMPATIBILITY_ONLY_NOT_PRODUCTION,4726.3868,4260.9992,168.7826,1339,1197,-0.03571071,-0.04850756,-0.02910476,-0.03571071,-168.7826,4726.3868,OK,0.0000,6.7513,4.0000,96.0000,AG03-UNRESOLVED,ALL5_LEVELS_bet23_to_bet27,6.7513,6.7513,6.7513,6.7513,6.7513,4.000000,4.000000,4.000000,4.000000,4.000000,96.000000,96.000000,96.000000,96.000000,96.000000,5.0,33.7565,31.1619,135.0261,137.6208,PENDING_AG03,FALSE,NOT_FOR_ENFORCEMENT,162.0313,4090.5592,168.7826,162.0313,6.7513,0.03571071,0.03428228,6.7513,162.0313,0.03428228,6.7513,6.7513,6.7513,6.7513,6.7513,162.0313,0.03428228,33.7565,31.1619,135.0261,137.6208,0.02856857,0.02911754,0.00142843,3.5298,3.5597,0.1410,3.6692,0.2905,102.7475,26.0217,3.1802,3.7422,2.0771,4.0878,4.1543,6.1317,6.2314,7.1537,3.1157,-1.022,1.524396,1.75,0.863492,29,159,71,5,0.34046406,0.03571071,0.04850756,0E-8,0.000000,0.901534,0.000000,-0.01940280,2026-05-27,2026-07-31,46,581,334,66,0.696970,0.849821,0.900951,1.134880,,,,,,,,GLOBAL_BASELINE_NO_ENTITY_RANKING,,,NOT_APPLICABLE_GLOBAL_BASELINE,HF9g-P5,,,,X 全窗基线 · 不参与实体赏罚,6878548,688,A168_HF9F_20260827_0900,2026-08-27 09:00:00
2026-07-06,132190460,595,0,7.9712218452,-3.9856109226,-3.9856109226,0.3333333,3,3,0.50218230000000000,0.502182300000,-0.5849155494134425,-0.5849155494134426,-0.5849155494134425,0E-17,ELIGIBLE,R03b_20260811_FULL_v1,L1_ELIGIBILITY,v2026-08-11,2026-03-21..2026-08-06,baccarat_bet02_101_all_pairs_incl_sentinel,round_win = game_pnl > 0 (decisive only),COMPATIBILITY_ONLY_NOT_PRODUCTION,4726.3868,4260.9992,168.7826,1339,1197,-0.03571071,-0.04850756,-0.02910476,-0.03571071,-168.7826,4726.3868,OK,0.0000,6.7513,4.0000,96.0000,AG03-UNRESOLVED,ALL5_LEVELS_bet23_to_bet27,6.7513,6.7513,6.7513,6.7513,6.7513,4.000000,4.000000,4.000000,4.000000,4.000000,96.000000,96.000000,96.000000,96.000000,96.000000,5.0,33.7565,31.1619,135.0261,137.6208,PENDING_AG03,FALSE,NOT_FOR_ENFORCEMENT,162.0313,4090.5592,168.7826,162.0313,6.7513,0.03571071,0.03428228,6.7513,162.0313,0.03428228,6.7513,6.7513,6.7513,6.7513,6.7513,162.0313,0.03428228,33.7565,31.1619,135.0261,137.6208,0.02856857,0.02911754,0.00142843,3.5298,3.5597,0.1410,3.6692,0.2905,102.7475,26.0217,3.1802,3.7422,2.0771,4.0878,4.1543,6.1317,6.2314,7.1537,3.1157,-1.022,1.524396,1.75,0.863492,29,159,71,5,0.34046406,0.03571071,0.04850756,0E-8,0.000000,0.901534,0.000000,-0.01940280,2026-05-27,2026-07-31,46,581,334,66,0.696970,0.849821,0.900951,1.134880,,,,,,,,GLOBAL_BASELINE_NO_ENTITY_RANKING,,,NOT_APPLICABLE_GLOBAL_BASELINE,HF9g-P5,,,,X 全窗基线 · 不参与实体赏罚,6878549,688,A168_HF9F_20260827_0900,2026-08-27 09:00:00
2026-07-06,132190460,752,0,8.1756121489,5.7740260802,5.7740260802,1.0000000,2,1,0.45514471250063000,0.300626750000,1.094122209932108,1.5252488199758223,1.094122209932108,0.15451796250063000,ELIGIBLE,R03b_20260811_FULL_v1,L1_ELIGIBILITY,v2026-08-11,2026-03-21..2026-08-06,baccarat_bet02_101_all_pairs_incl_sentinel,round_win = game_pnl > 0 (decisive only),COMPATIBILITY_ONLY_NOT_PRODUCTION,4726.3868,4260.9992,168.7826,1339,1197,-0.03571071,-0.04850756,-0.02910476,-0.03571071,-168.7826,4726.3868,OK,0.0000,6.7513,4.0000,96.0000,AG03-UNRESOLVED,ALL5_LEVELS_bet23_to_bet27,6.7513,6.7513,6.7513,6.7513,6.7513,4.000000,4.000000,4.000000,4.000000,4.000000,96.000000,96.000000,96.000000,96.000000,96.000000,5.0,33.7565,31.1619,135.0261,137.6208,PENDING_AG03,FALSE,NOT_FOR_ENFORCEMENT,162.0313,4090.5592,168.7826,162.0313,6.7513,0.03571071,0.03428228,6.7513,162.0313,0.03428228,6.7513,6.7513,6.7513,6.7513,6.7513,162.0313,0.03428228,33.7565,31.1619,135.0261,137.6208,0.02856857,0.02911754,0.00142843,3.5298,3.5597,0.1410,3.6692,0.2905,102.7475,26.0217,3.1802,3.7422,2.0771,4.0878,4.1543,6.1317,6.2314,7.1537,3.1157,-1.022,1.524396,1.75,0.863492,29,159,71,5,0.34046406,0.03571071,0.04850756,0E-8,0.000000,0.901534,0.000000,-0.01940280,2026-05-27,2026-07-31,46,581,334,66,0.696970,0.849821,0.900951,1.134880,,,,,,,,GLOBAL_BASELINE_NO_ENTITY_RANKING,,,NOT_APPLICABLE_GLOBAL_BASELINE,HF9g-P5,,,,X 全窗基线 · 不参与实体赏罚,6878550,688,A168_HF9F_20260827_0900,2026-08-27 09:00:00
2026-07-07,132190460,-1,1,30.4541552546,-4.3943915298,-4.3943915298,0.3636364,13,13,0.49943251538461538,0.499432515385,-0.9007703468124006,-0.9007703468149512,-0.9007703468124006,-3.8462E-13,SENTINEL_DEALER,R03b_20260811_FULL_v1,L1_ELIGIBILITY,v2026-08-11,2026-03-21..2026-08-06,baccarat_bet02_101_all_pairs_incl_sentinel,round_win = game_pnl > 0 (decisive only),COMPATIBILITY_ONLY_NOT_PRODUCTION,4726.3868,4260.9992,168.7826,1339,1197,-0.03571071,-0.04850756,-0.02910476,-0.03571071,-168.7826,4726.3868,OK,0.0000,6.7513,4.0000,96.0000,AG03-UNRESOLVED,ALL5_LEVELS_bet23_to_bet27,6.7513,6.7513,6.7513,6.7513,6.7513,4.000000,4.000000,4.000000,4.000000,4.000000,96.000000,96.000000,96.000000,96.000000,96.000000,5.0,33.7565,31.1619,135.0261,137.6208,PENDING_AG03,FALSE,NOT_FOR_ENFORCEMENT,162.0313,4090.5592,168.7826,162.0313,6.7513,0.03571071,0.03428228,6.7513,162.0313,0.03428228,6.7513,6.7513,6.7513,6.7513,6.7513,162.0313,0.03428228,33.7565,31.1619,135.0261,137.6208,0.02856857,0.02911754,0.00142843,3.5298,3.5597,0.1410,3.6692,0.2905,102.7475,26.0217,3.1802,3.7422,2.0771,4.0878,4.1543,6.1317,6.2314,7.1537,3.1157,-1.022,1.524396,1.75,0.863492,29,159,71,5,0.34046406,0.03571071,0.04850756,0E-8,0.000000,0.901534,0.000000,-0.01940280,2026-05-27,2026-07-31,46,581,334,66,0.696970,0.849821,0.900951,1.134880,,,,,,,,GLOBAL_BASELINE_NO_ENTITY_RANKING,,,NOT_APPLICABLE_GLOBAL_BASELINE,HF9g-P5,,,,X 全窗基线 · 不参与实体赏罚,6878551,688,A168_HF9F_20260827_0900,2026-08-27 09:00:00
2026-07-07,132190460,1330,0,6.1317091117,-6.1317091117,-6.1317091117,0E-7,1,1,0.49324550000000000,0.493245500000,-0.9865810262130424,-0.9865810262130424,-0.9865810262130424,0E-17,ELIGIBLE,R03b_20260811_FULL_v1,L1_ELIGIBILITY,v2026-08-11,2026-03-21..2026-08-06,baccarat_bet02_101_all_pairs_incl_sentinel,round_win = game_pnl > 0 (decisive only),COMPATIBILITY_ONLY_NOT_PRODUCTION,4726.3868,4260.9992,168.7826,1339,1197,-0.03571071,-0.04850756,-0.02910476,-0.03571071,-168.7826,4726.3868,OK,0.0000,6.7513,4.0000,96.0000,AG03-UNRESOLVED,ALL5_LEVELS_bet23_to_bet27,6.7513,6.7513,6.7513,6.7513,6.7513,4.000000,4.000000,4.000000,4.000000,4.000000,96.000000,96.000000,96.000000,96.000000,96.000000,5.0,33.7565,31.1619,135.0261,137.6208,PENDING_AG03,FALSE,NOT_FOR_ENFORCEMENT,162.0313,4090.5592,168.7826,162.0313,6.7513,0.03571071,0.03428228,6.7513,162.0313,0.03428228,6.7513,6.7513,6.7513,6.7513,6.7513,162.0313,0.03428228,33.7565,31.1619,135.0261,137.6208,0.02856857,0.02911754,0.00142843,3.5298,3.5597,0.1410,3.6692,0.2905,102.7475,26.0217,3.1802,3.7422,2.0771,4.0878,4.1543,6.1317,6.2314,7.1537,3.1157,-1.022,1.524396,1.75,0.863492,29,159,71,5,0.34046406,0.03571071,0.04850756,0E-8,0.000000,0.901534,0.000000,-0.01940280,2026-05-27,2026-07-31,46,581,334,66,0.696970,0.849821,0.900951,1.134880,,,,,,,,GLOBAL_BASELINE_NO_ENTITY_RANKING,,,NOT_APPLICABLE_GLOBAL_BASELINE,HF9g-P5,,,,X 全窗基线 · 不参与实体赏罚,6878552,688,A168_HF9F_20260827_0900,2026-08-27 09:00:00
2026-07-07,132190460,1383,0,5.3141478968,-5.3141478968,-5.3141478968,0E-7,1,1,0.49324550000000000,0.493245500000,-0.9865810262130424,-0.9865810262130424,-0.9865810262130424,0E-17,ELIGIBLE,R03b_20260811_FULL_v1,L1_ELIGIBILITY,v2026-08-11,2026-03-21..2026-08-06,baccarat_bet02_101_all_pairs_incl_sentinel,round_win = game_pnl > 0 (decisive only),COMPATIBILITY_ONLY_NOT_PRODUCTION,4726.3868,4260.9992,168.7826,1339,1197,-0.03571071,-0.04850756,-0.02910476,-0.03571071,-168.7826,4726.3868,OK,0.0000,6.7513,4.0000,96.0000,AG03-UNRESOLVED,ALL5_LEVELS_bet23_to_bet27,6.7513,6.7513,6.7513,6.7513,6.7513,4.000000,4.000000,4.000000,4.000000,4.000000,96.000000,96.000000,96.000000,96.000000,96.000000,5.0,33.7565,31.1619,135.0261,137.6208,PENDING_AG03,FALSE,NOT_FOR_ENFORCEMENT,162.0313,4090.5592,168.7826,162.0313,6.7513,0.03571071,0.03428228,6.7513,162.0313,0.03428228,6.7513,6.7513,6.7513,6.7513,6.7513,162.0313,0.03428228,33.7565,31.1619,135.0261,137.6208,0.02856857,0.02911754,0.00142843,3.5298,3.5597,0.1410,3.6692,0.2905,102.7475,26.0217,3.1802,3.7422,2.0771,4.0878,4.1543,6.1317,6.2314,7.1537,3.1157,-1.022,1.524396,1.75,0.863492,29,159,71,5,0.34046406,0.03571071,0.04850756,0E-8,0.000000,0.901534,0.000000,-0.01940280,2026-05-27,2026-07-31,46,581,334,66,0.696970,0.849821,0.900951,1.134880,,,,,,,,GLOBAL_BASELINE_NO_ENTITY_RANKING,,,NOT_APPLICABLE_GLOBAL_BASELINE,HF9g-P5,,,,X 全窗基线 · 不参与实体赏罚,6878553,688,A168_HF9F_20260827_0900,2026-08-27 09:00:00
2026-07-07,132190460,1384,0,4.0878060745,-4.0878060745,-4.0878060745,0E-7,1,1,0.50665070000000000,0.506650700000,-1.013391052207602,-1.013391052207602,-1.013391052207602,0E-17,ELIGIBLE,R03b_20260811_FULL_v1,L1_ELIGIBILITY,v2026-08-11,2026-03-21..2026-08-06,baccarat_bet02_101_all_pairs_incl_sentinel,round_win = game_pnl > 0 (decisive only),COMPATIBILITY_ONLY_NOT_PRODUCTION,4726.3868,4260.9992,168.7826,1339,1197,-0.03571071,-0.04850756,-0.02910476,-0.03571071,-168.7826,4726.3868,OK,0.0000,6.7513,4.0000,96.0000,AG03-UNRESOLVED,ALL5_LEVELS_bet23_to_bet27,6.7513,6.7513,6.7513,6.7513,6.7513,4.000000,4.000000,4.000000,4.000000,4.000000,96.000000,96.000000,96.000000,96.000000,96.000000,5.0,33.7565,31.1619,135.0261,137.6208,PENDING_AG03,FALSE,NOT_FOR_ENFORCEMENT,162.0313,4090.5592,168.7826,162.0313,6.7513,0.03571071,0.03428228,6.7513,162.0313,0.03428228,6.7513,6.7513,6.7513,6.7513,6.7513,162.0313,0.03428228,33.7565,31.1619,135.0261,137.6208,0.02856857,0.02911754,0.00142843,3.5298,3.5597,0.1410,3.6692,0.2905,102.7475,26.0217,3.1802,3.7422,2.0771,4.0878,4.1543,6.1317,6.2314,7.1537,3.1157,-1.022,1.524396,1.75,0.863492,29,159,71,5,0.34046406,0.03571071,0.04850756,0E-8,0.000000,0.901534,0.000000,-0.01940280,2026-05-27,2026-07-31,46,581,334,66,0.696970,0.849821,0.900951,1.134880,,,,,,,,GLOBAL_BASELINE_NO_ENTITY_RANKING,,,NOT_APPLICABLE_GLOBAL_BASELINE,HF9g-P5,,,,X 全窗基线 · 不参与实体赏罚,6878554,688,A168_HF9F_20260827_0900,2026-08-27 09:00:00
2026-07-07,132190460,1942,0,2.0439030372,1.9417078854,1.9417078854,1.0000000,1,1,0.50665070000000000,0.506650700000,0.9867858985152569,0.9867858985152569,0.9867858985152569,0E-17,ELIGIBLE,R03b_20260811_FULL_v1,L1_ELIGIBILITY,v2026-08-11,2026-03-21..2026-08-06,baccarat_bet02_101_all_pairs_incl_sentinel,round_win = game_pnl > 0 (decisive only),COMPATIBILITY_ONLY_NOT_PRODUCTION,4726.3868,4260.9992,168.7826,1339,1197,-0.03571071,-0.04850756,-0.02910476,-0.03571071,-168.7826,4726.3868,OK,0.0000,6.7513,4.0000,96.0000,AG03-UNRESOLVED,ALL5_LEVELS_bet23_to_bet27,6.7513,6.7513,6.7513,6.7513,6.7513,4.000000,4.000000,4.000000,4.000000,4.000000,96.000000,96.000000,96.000000,96.000000,96.000000,5.0,33.7565,31.1619,135.0261,137.6208,PENDING_AG03,FALSE,NOT_FOR_ENFORCEMENT,162.0313,4090.5592,168.7826,162.0313,6.7513,0.03571071,0.03428228,6.7513,162.0313,0.03428228,6.7513,6.7513,6.7513,6.7513,6.7513,162.0313,0.03428228,33.7565,31.1619,135.0261,137.6208,0.02856857,0.02911754,0.00142843,3.5298,3.5597,0.1410,3.6692,0.2905,102.7475,26.0217,3.1802,3.7422,2.0771,4.0878,4.1543,6.1317,6.2314,7.1537,3.1157,-1.022,1.524396,1.75,0.863492,29,159,71,5,0.34046406,0.03571071,0.04850756,0E-8,0.000000,0.901534,0.000000,-0.01940280,2026-05-27,2026-07-31,46,581,334,66,0.696970,0.849821,0.900951,1.134880,,,,,,,,GLOBAL_BASELINE_NO_ENTITY_RANKING,,,NOT_APPLICABLE_GLOBAL_BASELINE,HF9g-P5,,,,X 全窗基线 · 不参与实体赏罚,6878555,688,A168_HF9F_20260827_0900,2026-08-27 09:00:00
2026-07-07,132190460,1966,0,5.7229285043,-0.4087806075,-0.4087806075,0.5000000,2,2,0.49324550000000000,0.493245500000,0.01910635448239258,0.01910635448239258,0.01910635448239258,0E-17,ELIGIBLE,R03b_20260811_FULL_v1,L1_ELIGIBILITY,v2026-08-11,2026-03-21..2026-08-06,baccarat_bet02_101_all_pairs_incl_sentinel,round_win = game_pnl > 0 (decisive only),COMPATIBILITY_ONLY_NOT_PRODUCTION,4726.3868,4260.9992,168.7826,1339,1197,-0.03571071,-0.04850756,-0.02910476,-0.03571071,-168.7826,4726.3868,OK,0.0000,6.7513,4.0000,96.0000,AG03-UNRESOLVED,ALL5_LEVELS_bet23_to_bet27,6.7513,6.7513,6.7513,6.7513,6.7513,4.000000,4.000000,4.000000,4.000000,4.000000,96.000000,96.000000,96.000000,96.000000,96.000000,5.0,33.7565,31.1619,135.0261,137.6208,PENDING_AG03,FALSE,NOT_FOR_ENFORCEMENT,162.0313,4090.5592,168.7826,162.0313,6.7513,0.03571071,0.03428228,6.7513,162.0313,0.03428228,6.7513,6.7513,6.7513,6.7513,6.7513,162.0313,0.03428228,33.7565,31.1619,135.0261,137.6208,0.02856857,0.02911754,0.00142843,3.5298,3.5597,0.1410,3.6692,0.2905,102.7475,26.0217,3.1802,3.7422,2.0771,4.0878,4.1543,6.1317,6.2314,7.1537,3.1157,-1.022,1.524396,1.75,0.863492,29,159,71,5,0.34046406,0.03571071,0.04850756,0E-8,0.000000,0.901534,0.000000,-0.01940280,2026-05-27,2026-07-31,46,581,334,66,0.696970,0.849821,0.900951,1.134880,,,,,,,,GLOBAL_BASELINE_NO_ENTITY_RANKING,,,NOT_APPLICABLE_GLOBAL_BASELINE,HF9g-P5,,,,X 全窗基线 · 不参与实体赏罚,6878556,688,A168_HF9F_20260827_0900,2026-08-27 09:00:00
2026-07-07,132190460,2117,0,6.1317091117,-6.1317091117,-6.1317091117,0E-7,1,1,0.49324550000000000,0.493245500000,-0.9865810262130424,-0.9865810262130424,-0.9865810262130424,0E-17,ELIGIBLE,R03b_20260811_FULL_v1,L1_ELIGIBILITY,v2026-08-11,2026-03-21..2026-08-06,baccarat_bet02_101_all_pairs_incl_sentinel,round_win = game_pnl > 0 (decisive only),COMPATIBILITY_ONLY_NOT_PRODUCTION,4726.3868,4260.9992,168.7826,1339,1197,-0.03571071,-0.04850756,-0.02910476,-0.03571071,-168.7826,4726.3868,OK,0.0000,6.7513,4.0000,96.0000,AG03-UNRESOLVED,ALL5_LEVELS_bet23_to_bet27,6.7513,6.7513,6.7513,6.7513,6.7513,4.000000,4.000000,4.000000,4.000000,4.000000,96.000000,96.000000,96.000000,96.000000,96.000000,5.0,33.7565,31.1619,135.0261,137.6208,PENDING_AG03,FALSE,NOT_FOR_ENFORCEMENT,162.0313,4090.5592,168.7826,162.0313,6.7513,0.03571071,0.03428228,6.7513,162.0313,0.03428228,6.7513,6.7513,6.7513,6.7513,6.7513,162.0313,0.03428228,33.7565,31.1619,135.0261,137.6208,0.02856857,0.02911754,0.00142843,3.5298,3.5597,0.1410,3.6692,0.2905,102.7475,26.0217,3.1802,3.7422,2.0771,4.0878,4.1543,6.1317,6.2314,7.1537,3.1157,-1.022,1.524396,1.75,0.863492,29,159,71,5,0.34046406,0.03571071,0.04850756,0E-8,0.000000,0.901534,0.000000,-0.01940280,2026-05-27,2026-07-31,46,581,334,66,0.696970,0.849821,0.900951,1.134880,,,,,,,,GLOBAL_BASELINE_NO_ENTITY_RANKING,,,NOT_APPLICABLE_GLOBAL_BASELINE,HF9g-P5,,,,X 全窗基线 · 不参与实体赏罚,6878557,688,A168_HF9F_20260827_0900,2026-08-27 09:00:00
2026-07-07,132190460,2155,0,2.6570739484,2.5242202510,2.5242202510,1.0000000,1,1,0.50665070000000000,0.506650700000,0.9867858985152569,0.9867858985152569,0.9867858985152569,0E-17,ELIGIBLE,R03b_20260811_FULL_v1,L1_ELIGIBILITY,v2026-08-11,2026-03-21..2026-08-06,baccarat_bet02_101_all_pairs_incl_sentinel,round_win = game_pnl > 0 (decisive only),COMPATIBILITY_ONLY_NOT_PRODUCTION,4726.3868,4260.9992,168.7826,1339,1197,-0.03571071,-0.04850756,-0.02910476,-0.03571071,-168.7826,4726.3868,OK,0.0000,6.7513,4.0000,96.0000,AG03-UNRESOLVED,ALL5_LEVELS_bet23_to_bet27,6.7513,6.7513,6.7513,6.7513,6.7513,4.000000,4.000000,4.000000,4.000000,4.000000,96.000000,96.000000,96.000000,96.000000,96.000000,5.0,33.7565,31.1619,135.0261,137.6208,PENDING_AG03,FALSE,NOT_FOR_ENFORCEMENT,162.0313,4090.5592,168.7826,162.0313,6.7513,0.03571071,0.03428228,6.7513,162.0313,0.03428228,6.7513,6.7513,6.7513,6.7513,6.7513,162.0313,0.03428228,33.7565,31.1619,135.0261,137.6208,0.02856857,0.02911754,0.00142843,3.5298,3.5597,0.1410,3.6692,0.2905,102.7475,26.0217,3.1802,3.7422,2.0771,4.0878,4.1543,6.1317,6.2314,7.1537,3.1157,-1.022,1.524396,1.75,0.863492,29,159,71,5,0.34046406,0.03571071,0.04850756,0E-8,0.000000,0.901534,0.000000,-0.01940280,2026-05-27,2026-07-31,46,581,334,66,0.696970,0.849821,0.900951,1.134880,,,,,,,,GLOBAL_BASELINE_NO_ENTITY_RANKING,,,NOT_APPLICABLE_GLOBAL_BASELINE,HF9g-P5,,,,X 全窗基线 · 不参与实体赏罚,6878558,688,A168_HF9F_20260827_0900,2026-08-27 09:00:00
2026-07-07,132190460,2209,0,7.3580509341,-3.2702448597,-3.2702448597,0.3333333,3,3,0.50218230000000000,0.502182300000,-0.5849155494134425,-0.5849155494134426,-0.5849155494134425,0E-17,ELIGIBLE,R03b_20260811_FULL_v1,L1_ELIGIBILITY,v2026-08-11,2026-03-21..2026-08-06,baccarat_bet02_101_all_pairs_incl_sentinel,round_win = game_pnl > 0 (decisive only),COMPATIBILITY_ONLY_NOT_PRODUCTION,4726.3868,4260.9992,168.7826,1339,1197,-0.03571071,-0.04850756,-0.02910476,-0.03571071,-168.7826,4726.3868,OK,0.0000,6.7513,4.0000,96.0000,AG03-UNRESOLVED,ALL5_LEVELS_bet23_to_bet27,6.7513,6.7513,6.7513,6.7513,6.7513,4.000000,4.000000,4.000000,4.000000,4.000000,96.000000,96.000000,96.000000,96.000000,96.000000,5.0,33.7565,31.1619,135.0261,137.6208,PENDING_AG03,FALSE,NOT_FOR_ENFORCEMENT,162.0313,4090.5592,168.7826,162.0313,6.7513,0.03571071,0.03428228,6.7513,162.0313,0.03428228,6.7513,6.7513,6.7513,6.7513,6.7513,162.0313,0.03428228,33.7565,31.1619,135.0261,137.6208,0.02856857,0.02911754,0.00142843,3.5298,3.5597,0.1410,3.6692,0.2905,102.7475,26.0217,3.1802,3.7422,2.0771,4.0878,4.1543,6.1317,6.2314,7.1537,3.1157,-1.022,1.524396,1.75,0.863492,29,159,71,5,0.34046406,0.03571071,0.04850756,0E-8,0.000000,0.901534,0.000000,-0.01940280,2026-05-27,2026-07-31,46,581,334,66,0.696970,0.849821,0.900951,1.134880,,,,,,,,GLOBAL_BASELINE_NO_ENTITY_RANKING,,,NOT_APPLICABLE_GLOBAL_BASELINE,HF9g-P5,,,,X 全窗基线 · 不参与实体赏罚,6878559,688,A168_HF9F_20260827_0900,2026-08-27 09:00:00
2026-07-07,132190460,2212,0,4.0878060744,-0.1021951518,-0.1021951518,0.5000000,2,2,0.50665070000000000,0.506650700000,-0.018812684590367487,-0.018812684590367487,-0.018812684590367487,0E-17,ELIGIBLE,R03b_20260811_FULL_v1,L1_ELIGIBILITY,v2026-08-11,2026-03-21..2026-08-06,baccarat_bet02_101_all_pairs_incl_sentinel,round_win = game_pnl > 0 (decisive only),COMPATIBILITY_ONLY_NOT_PRODUCTION,4726.3868,4260.9992,168.7826,1339,1197,-0.03571071,-0.04850756,-0.02910476,-0.03571071,-168.7826,4726.3868,OK,0.0000,6.7513,4.0000,96.0000,AG03-UNRESOLVED,ALL5_LEVELS_bet23_to_bet27,6.7513,6.7513,6.7513,6.7513,6.7513,4.000000,4.000000,4.000000,4.000000,4.000000,96.000000,96.000000,96.000000,96.000000,96.000000,5.0,33.7565,31.1619,135.0261,137.6208,PENDING_AG03,FALSE,NOT_FOR_ENFORCEMENT,162.0313,4090.5592,168.7826,162.0313,6.7513,0.03571071,0.03428228,6.7513,162.0313,0.03428228,6.7513,6.7513,6.7513,6.7513,6.7513,162.0313,0.03428228,33.7565,31.1619,135.0261,137.6208,0.02856857,0.02911754,0.00142843,3.5298,3.5597,0.1410,3.6692,0.2905,102.7475,26.0217,3.1802,3.7422,2.0771,4.0878,4.1543,6.1317,6.2314,7.1537,3.1157,-1.022,1.524396,1.75,0.863492,29,159,71,5,0.34046406,0.03571071,0.04850756,0E-8,0.000000,0.901534,0.000000,-0.01940280,2026-05-27,2026-07-31,46,581,334,66,0.696970,0.849821,0.900951,1.134880,,,,,,,,GLOBAL_BASELINE_NO_ENTITY_RANKING,,,NOT_APPLICABLE_GLOBAL_BASELINE,HF9g-P5,,,,X 全窗基线 · 不参与实体赏罚,6878560,688,A168_HF9F_20260827_0900,2026-08-27 09:00:00
2026-07-07,132190460,2220,0,9.1975636676,-1.0219515186,-1.0219515186,0.5000000,2,2,0.49994810000000000,0.499948100000,0.00014679536856514622,0.00014679536856514622,0.00014679536856514622,0E-17,ELIGIBLE,R03b_20260811_FULL_v1,L1_ELIGIBILITY,v2026-08-11,2026-03-21..2026-08-06,baccarat_bet02_101_all_pairs_incl_sentinel,round_win = game_pnl > 0 (decisive only),COMPATIBILITY_ONLY_NOT_PRODUCTION,4726.3868,4260.9992,168.7826,1339,1197,-0.03571071,-0.04850756,-0.02910476,-0.03571071,-168.7826,4726.3868,OK,0.0000,6.7513,4.0000,96.0000,AG03-UNRESOLVED,ALL5_LEVELS_bet23_to_bet27,6.7513,6.7513,6.7513,6.7513,6.7513,4.000000,4.000000,4.000000,4.000000,4.000000,96.000000,96.000000,96.000000,96.000000,96.000000,5.0,33.7565,31.1619,135.0261,137.6208,PENDING_AG03,FALSE,NOT_FOR_ENFORCEMENT,162.0313,4090.5592,168.7826,162.0313,6.7513,0.03571071,0.03428228,6.7513,162.0313,0.03428228,6.7513,6.7513,6.7513,6.7513,6.7513,162.0313,0.03428228,33.7565,31.1619,135.0261,137.6208,0.02856857,0.02911754,0.00142843,3.5298,3.5597,0.1410,3.6692,0.2905,102.7475,26.0217,3.1802,3.7422,2.0771,4.0878,4.1543,6.1317,6.2314,7.1537,3.1157,-1.022,1.524396,1.75,0.863492,29,159,71,5,0.34046406,0.03571071,0.04850756,0E-8,0.000000,0.901534,0.000000,-0.01940280,2026-05-27,2026-07-31,46,581,334,66,0.696970,0.849821,0.900951,1.134880,,,,,,,,GLOBAL_BASELINE_NO_ENTITY_RANKING,,,NOT_APPLICABLE_GLOBAL_BASELINE,HF9g-P5,,,,X 全窗基线 · 不参与实体赏罚,6878561,688,A168_HF9F_20260827_0900,2026-08-27 09:00:00
2026-07-07,132190460,2258,0,5.1097575931,-5.1097575931,-5.1097575931,0E-7,2,2,0.49994810000000000,0.499948100000,-1.4140667746232096,-1.4140667746232096,-1.4140667746232096,0E-17,ELIGIBLE,R03b_20260811_FULL_v1,L1_ELIGIBILITY,v2026-08-11,2026-03-21..2026-08-06,baccarat_bet02_101_all_pairs_incl_sentinel,round_win = game_pnl > 0 (decisive only),COMPATIBILITY_ONLY_NOT_PRODUCTION,4726.3868,4260.9992,168.7826,1339,1197,-0.03571071,-0.04850756,-0.02910476,-0.03571071,-168.7826,4726.3868,OK,0.0000,6.7513,4.0000,96.0000,AG03-UNRESOLVED,ALL5_LEVELS_bet23_to_bet27,6.7513,6.7513,6.7513,6.7513,6.7513,4.000000,4.000000,4.000000,4.000000,4.000000,96.000000,96.000000,96.000000,96.000000,96.000000,5.0,33.7565,31.1619,135.0261,137.6208,PENDING_AG03,FALSE,NOT_FOR_ENFORCEMENT,162.0313,4090.5592,168.7826,162.0313,6.7513,0.03571071,0.03428228,6.7513,162.0313,0.03428228,6.7513,6.7513,6.7513,6.7513,6.7513,162.0313,0.03428228,33.7565,31.1619,135.0261,137.6208,0.02856857,0.02911754,0.00142843,3.5298,3.5597,0.1410,3.6692,0.2905,102.7475,26.0217,3.1802,3.7422,2.0771,4.0878,4.1543,6.1317,6.2314,7.1537,3.1157,-1.022,1.524396,1.75,0.863492,29,159,71,5,0.34046406,0.03571071,0.04850756,0E-8,0.000000,0.901534,0.000000,-0.01940280,2026-05-27,2026-07-31,46,581,334,66,0.696970,0.849821,0.900951,1.134880,,,,,,,,GLOBAL_BASELINE_NO_ENTITY_RANKING,,,NOT_APPLICABLE_GLOBAL_BASELINE,HF9g-P5,,,,X 全窗基线 · 不参与实体赏罚,6878562,688,A168_HF9F_20260827_0900,2026-08-27 09:00:00
2026-07-07,132190460,2280,0,2.0439030372,-2.0439030372,-2.0439030372,0E-7,1,1,0.49324550000000000,0.493245500000,-0.9865810262130424,-0.9865810262130424,-0.9865810262130424,0E-17,ELIGIBLE,R03b_20260811_FULL_v1,L1_ELIGIBILITY,v2026-08-11,2026-03-21..2026-08-06,baccarat_bet02_101_all_pairs_incl_sentinel,round_win = game_pnl > 0 (decisive only),COMPATIBILITY_ONLY_NOT_PRODUCTION,4726.3868,4260.9992,168.7826,1339,1197,-0.03571071,-0.04850756,-0.02910476,-0.03571071,-168.7826,4726.3868,OK,0.0000,6.7513,4.0000,96.0000,AG03-UNRESOLVED,ALL5_LEVELS_bet23_to_bet27,6.7513,6.7513,6.7513,6.7513,6.7513,4.000000,4.000000,4.000000,4.000000,4.000000,96.000000,96.000000,96.000000,96.000000,96.000000,5.0,33.7565,31.1619,135.0261,137.6208,PENDING_AG03,FALSE,NOT_FOR_ENFORCEMENT,162.0313,4090.5592,168.7826,162.0313,6.7513,0.03571071,0.03428228,6.7513,162.0313,0.03428228,6.7513,6.7513,6.7513,6.7513,6.7513,162.0313,0.03428228,33.7565,31.1619,135.0261,137.6208,0.02856857,0.02911754,0.00142843,3.5298,3.5597,0.1410,3.6692,0.2905,102.7475,26.0217,3.1802,3.7422,2.0771,4.0878,4.1543,6.1317,6.2314,7.1537,3.1157,-1.022,1.524396,1.75,0.863492,29,159,71,5,0.34046406,0.03571071,0.04850756,0E-8,0.000000,0.901534,0.000000,-0.01940280,2026-05-27,2026-07-31,46,581,334,66,0.696970,0.849821,0.900951,1.134880,,,,,,,,GLOBAL_BASELINE_NO_ENTITY_RANKING,,,NOT_APPLICABLE_GLOBAL_BASELINE,HF9g-P5,,,,X 全窗基线 · 不参与实体赏罚,6878563,688,A168_HF9F_20260827_0900,2026-08-27 09:00:00
2026-07-07,132190460,2287,0,13.0809794383,-5.0075624413,-5.0075624413,0.3333333,5,5,0.49592654000000000,0.495926540000,-0.5632580825033607,-0.5632580825033607,-0.5632580825033607,0E-17,ELIGIBLE,R03b_20260811_FULL_v1,L1_ELIGIBILITY,v2026-08-11,2026-03-21..2026-08-06,baccarat_bet02_101_all_pairs_incl_sentinel,round_win = game_pnl > 0 (decisive only),COMPATIBILITY_ONLY_NOT_PRODUCTION,4726.3868,4260.9992,168.7826,1339,1197,-0.03571071,-0.04850756,-0.02910476,-0.03571071,-168.7826,4726.3868,OK,0.0000,6.7513,4.0000,96.0000,AG03-UNRESOLVED,ALL5_LEVELS_bet23_to_bet27,6.7513,6.7513,6.7513,6.7513,6.7513,4.000000,4.000000,4.000000,4.000000,4.000000,96.000000,96.000000,96.000000,96.000000,96.000000,5.0,33.7565,31.1619,135.0261,137.6208,PENDING_AG03,FALSE,NOT_FOR_ENFORCEMENT,162.0313,4090.5592,168.7826,162.0313,6.7513,0.03571071,0.03428228,6.7513,162.0313,0.03428228,6.7513,6.7513,6.7513,6.7513,6.7513,162.0313,0.03428228,33.7565,31.1619,135.0261,137.6208,0.02856857,0.02911754,0.00142843,3.5298,3.5597,0.1410,3.6692,0.2905,102.7475,26.0217,3.1802,3.7422,2.0771,4.0878,4.1543,6.1317,6.2314,7.1537,3.1157,-1.022,1.524396,1.75,0.863492,29,159,71,5,0.34046406,0.03571071,0.04850756,0E-8,0.000000,0.901534,0.000000,-0.01940280,2026-05-27,2026-07-31,46,581,334,66,0.696970,0.849821,0.900951,1.134880,,,,,,,,GLOBAL_BASELINE_NO_ENTITY_RANKING,,,NOT_APPLICABLE_GLOBAL_BASELINE,HF9g-P5,,,,X 全窗基线 · 不参与实体赏罚,6878564,688,A168_HF9F_20260827_0900,2026-08-27 09:00:00
2026-07-07,132190460,925,0,7.7668315416,3.8834157708,3.8834157708,1.0000000,2,2,0.49324550000000000,0.493245500000,1.01360149184955,1.01360149184955,1.01360149184955,0E-17,ELIGIBLE,R03b_20260811_FULL_v1,L1_ELIGIBILITY,v2026-08-11,2026-03-21..2026-08-06,baccarat_bet02_101_all_pairs_incl_sentinel,round_win = game_pnl > 0 (decisive only),COMPATIBILITY_ONLY_NOT_PRODUCTION,4726.3868,4260.9992,168.7826,1339,1197,-0.03571071,-0.04850756,-0.02910476,-0.03571071,-168.7826,4726.3868,OK,0.0000,6.7513,4.0000,96.0000,AG03-UNRESOLVED,ALL5_LEVELS_bet23_to_bet27,6.7513,6.7513,6.7513,6.7513,6.7513,4.000000,4.000000,4.000000,4.000000,4.000000,96.000000,96.000000,96.000000,96.000000,96.000000,5.0,33.7565,31.1619,135.0261,137.6208,PENDING_AG03,FALSE,NOT_FOR_ENFORCEMENT,162.0313,4090.5592,168.7826,162.0313,6.7513,0.03571071,0.03428228,6.7513,162.0313,0.03428228,6.7513,6.7513,6.7513,6.7513,6.7513,162.0313,0.03428228,33.7565,31.1619,135.0261,137.6208,0.02856857,0.02911754,0.00142843,3.5298,3.5597,0.1410,3.6692,0.2905,102.7475,26.0217,3.1802,3.7422,2.0771,4.0878,4.1543,6.1317,6.2314,7.1537,3.1157,-1.022,1.524396,1.75,0.863492,29,159,71,5,0.34046406,0.03571071,0.04850756,0E-8,0.000000,0.901534,0.000000,-0.01940280,2026-05-27,2026-07-31,46,581,334,66,0.696970,0.849821,0.900951,1.134880,,,,,,,,GLOBAL_BASELINE_NO_ENTITY_RANKING,,,NOT_APPLICABLE_GLOBAL_BASELINE,HF9g-P5,,,,X 全窗基线 · 不参与实体赏罚,6878565,688,A168_HF9F_20260827_0900,2026-08-27 09:00:00
2026-07-08,132190460,1325,0,3.0658545559,2.9125618281,2.9125618281,1.0000000,1,1,0.50665070000000000,0.506650700000,0.9867858985152569,0.9867858985152569,0.9867858985152569,0E-17,ELIGIBLE,R03b_20260811_FULL_v1,L1_ELIGIBILITY,v2026-08-11,2026-03-21..2026-08-06,baccarat_bet02_101_all_pairs_incl_sentinel,round_win = game_pnl > 0 (decisive only),COMPATIBILITY_ONLY_NOT_PRODUCTION,4726.3868,4260.9992,168.7826,1339,1197,-0.03571071,-0.04850756,-0.02910476,-0.03571071,-168.7826,4726.3868,OK,0.0000,6.7513,4.0000,96.0000,AG03-UNRESOLVED,ALL5_LEVELS_bet23_to_bet27,6.7513,6.7513,6.7513,6.7513,6.7513,4.000000,4.000000,4.000000,4.000000,4.000000,96.000000,96.000000,96.000000,96.000000,96.000000,5.0,33.7565,31.1619,135.0261,137.6208,PENDING_AG03,FALSE,NOT_FOR_ENFORCEMENT,162.0313,4090.5592,168.7826,162.0313,6.7513,0.03571071,0.03428228,6.7513,162.0313,0.03428228,6.7513,6.7513,6.7513,6.7513,6.7513,162.0313,0.03428228,33.7565,31.1619,135.0261,137.6208,0.02856857,0.02911754,0.00142843,3.5298,3.5597,0.1410,3.6692,0.2905,102.7475,26.0217,3.1802,3.7422,2.0771,4.0878,4.1543,6.1317,6.2314,7.1537,3.1157,-1.022,1.524396,1.75,0.863492,29,159,71,5,0.34046406,0.03571071,0.04850756,0E-8,0.000000,0.901534,0.000000,-0.01940280,2026-05-27,2026-07-31,46,581,334,66,0.696970,0.849821,0.900951,1.134880,,,,,,,,GLOBAL_BASELINE_NO_ENTITY_RANKING,,,NOT_APPLICABLE_GLOBAL_BASELINE,HF9g-P5,,,,X 全窗基线 · 不参与实体赏罚,6878566,688,A168_HF9F_20260827_0900,2026-08-27 09:00:00
2026-07-08,132190460,1363,0,14.5117115644,1.8292932184,1.8292932184,0.6666667,3,3,0.50665070000000000,0.506650700000,0.5543606114942035,0.5543606114942035,0.5543606114942035,0E-17,ELIGIBLE,R03b_20260811_FULL_v1,L1_ELIGIBILITY,v2026-08-11,2026-03-21..2026-08-06,baccarat_bet02_101_all_pairs_incl_sentinel,round_win = game_pnl > 0 (decisive only),COMPATIBILITY_ONLY_NOT_PRODUCTION,4726.3868,4260.9992,168.7826,1339,1197,-0.03571071,-0.04850756,-0.02910476,-0.03571071,-168.7826,4726.3868,OK,0.0000,6.7513,4.0000,96.0000,AG03-UNRESOLVED,ALL5_LEVELS_bet23_to_bet27,6.7513,6.7513,6.7513,6.7513,6.7513,4.000000,4.000000,4.000000,4.000000,4.000000,96.000000,96.000000,96.000000,96.000000,96.000000,5.0,33.7565,31.1619,135.0261,137.6208,PENDING_AG03,FALSE,NOT_FOR_ENFORCEMENT,162.0313,4090.5592,168.7826,162.0313,6.7513,0.03571071,0.03428228,6.7513,162.0313,0.03428228,6.7513,6.7513,6.7513,6.7513,6.7513,162.0313,0.03428228,33.7565,31.1619,135.0261,137.6208,0.02856857,0.02911754,0.00142843,3.5298,3.5597,0.1410,3.6692,0.2905,102.7475,26.0217,3.1802,3.7422,2.0771,4.0878,4.1543,6.1317,6.2314,7.1537,3.1157,-1.022,1.524396,1.75,0.863492,29,159,71,5,0.34046406,0.03571071,0.04850756,0E-8,0.000000,0.901534,0.000000,-0.01940280,2026-05-27,2026-07-31,46,581,334,66,0.696970,0.849821,0.900951,1.134880,,,,,,,,GLOBAL_BASELINE_NO_ENTITY_RANKING,,,NOT_APPLICABLE_GLOBAL_BASELINE,HF9g-P5,,,,X 全窗基线 · 不参与实体赏罚,6878567,688,A168_HF9F_20260827_0900,2026-08-27 09:00:00
2026-07-08,132190460,1374,0,11.8546376160,11.6502473123,11.6502473123,1.0000000,4,4,0.49659680000000000,0.496596800000,2.0136594440222715,2.0136594440222715,2.0136594440222715,0E-17,ELIGIBLE,R03b_20260811_FULL_v1,L1_ELIGIBILITY,v2026-08-11,2026-03-21..2026-08-06,baccarat_bet02_101_all_pairs_incl_sentinel,round_win = game_pnl > 0 (decisive only),COMPATIBILITY_ONLY_NOT_PRODUCTION,4726.3868,4260.9992,168.7826,1339,1197,-0.03571071,-0.04850756,-0.02910476,-0.03571071,-168.7826,4726.3868,OK,0.0000,6.7513,4.0000,96.0000,AG03-UNRESOLVED,ALL5_LEVELS_bet23_to_bet27,6.7513,6.7513,6.7513,6.7513,6.7513,4.000000,4.000000,4.000000,4.000000,4.000000,96.000000,96.000000,96.000000,96.000000,96.000000,5.0,33.7565,31.1619,135.0261,137.6208,PENDING_AG03,FALSE,NOT_FOR_ENFORCEMENT,162.0313,4090.5592,168.7826,162.0313,6.7513,0.03571071,0.03428228,6.7513,162.0313,0.03428228,6.7513,6.7513,6.7513,6.7513,6.7513,162.0313,0.03428228,33.7565,31.1619,135.0261,137.6208,0.02856857,0.02911754,0.00142843,3.5298,3.5597,0.1410,3.6692,0.2905,102.7475,26.0217,3.1802,3.7422,2.0771,4.0878,4.1543,6.1317,6.2314,7.1537,3.1157,-1.022,1.524396,1.75,0.863492,29,159,71,5,0.34046406,0.03571071,0.04850756,0E-8,0.000000,0.901534,0.000000,-0.01940280,2026-05-27,2026-07-31,46,581,334,66,0.696970,0.849821,0.900951,1.134880,,,,,,,,GLOBAL_BASELINE_NO_ENTITY_RANKING,,,NOT_APPLICABLE_GLOBAL_BASELINE,HF9g-P5,,,,X 全窗基线 · 不参与实体赏罚,6878568,688,A168_HF9F_20260827_0900,2026-08-27 09:00:00
2026-07-08,132190460,1401,0,1.8395127335,1.8395127335,1.8395127335,1.0000000,1,1,0.49324550000000000,0.493245500000,1.01360149184955,1.01360149184955,1.01360149184955,0E-17,ELIGIBLE,R03b_20260811_FULL_v1,L1_ELIGIBILITY,v2026-08-11,2026-03-21..2026-08-06,baccarat_bet02_101_all_pairs_incl_sentinel,round_win = game_pnl > 0 (decisive only),COMPATIBILITY_ONLY_NOT_PRODUCTION,4726.3868,4260.9992,168.7826,1339,1197,-0.03571071,-0.04850756,-0.02910476,-0.03571071,-168.7826,4726.3868,OK,0.0000,6.7513,4.0000,96.0000,AG03-UNRESOLVED,ALL5_LEVELS_bet23_to_bet27,6.7513,6.7513,6.7513,6.7513,6.7513,4.000000,4.000000,4.000000,4.000000,4.000000,96.000000,96.000000,96.000000,96.000000,96.000000,5.0,33.7565,31.1619,135.0261,137.6208,PENDING_AG03,FALSE,NOT_FOR_ENFORCEMENT,162.0313,4090.5592,168.7826,162.0313,6.7513,0.03571071,0.03428228,6.7513,162.0313,0.03428228,6.7513,6.7513,6.7513,6.7513,6.7513,162.0313,0.03428228,33.7565,31.1619,135.0261,137.6208,0.02856857,0.02911754,0.00142843,3.5298,3.5597,0.1410,3.6692,0.2905,102.7475,26.0217,3.1802,3.7422,2.0771,4.0878,4.1543,6.1317,6.2314,7.1537,3.1157,-1.022,1.524396,1.75,0.863492,29,159,71,5,0.34046406,0.03571071,0.04850756,0E-8,0.000000,0.901534,0.000000,-0.01940280,2026-05-27,2026-07-31,46,581,334,66,0.696970,0.849821,0.900951,1.134880,,,,,,,,GLOBAL_BASELINE_NO_ENTITY_RANKING,,,NOT_APPLICABLE_GLOBAL_BASELINE,HF9g-P5,,,,X 全窗基线 · 不参与实体赏罚,6878569,688,A168_HF9F_20260827_0900,2026-08-27 09:00:00
2026-07-08,132190460,1402,0,12.2634182235,-6.2850018395,-6.2850018395,0.3333333,3,3,0.50218230000000000,0.502182300000,-0.5849155494134425,-0.5849155494134426,-0.5849155494134425,0E-17,ELIGIBLE,R03b_20260811_FULL_v1,L1_ELIGIBILITY,v2026-08-11,2026-03-21..2026-08-06,baccarat_bet02_101_all_pairs_incl_sentinel,round_win = game_pnl > 0 (decisive only),COMPATIBILITY_ONLY_NOT_PRODUCTION,4726.3868,4260.9992,168.7826,1339,1197,-0.03571071,-0.04850756,-0.02910476,-0.03571071,-168.7826,4726.3868,OK,0.0000,6.7513,4.0000,96.0000,AG03-UNRESOLVED,ALL5_LEVELS_bet23_to_bet27,6.7513,6.7513,6.7513,6.7513,6.7513,4.000000,4.000000,4.000000,4.000000,4.000000,96.000000,96.000000,96.000000,96.000000,96.000000,5.0,33.7565,31.1619,135.0261,137.6208,PENDING_AG03,FALSE,NOT_FOR_ENFORCEMENT,162.0313,4090.5592,168.7826,162.0313,6.7513,0.03571071,0.03428228,6.7513,162.0313,0.03428228,6.7513,6.7513,6.7513,6.7513,6.7513,162.0313,0.03428228,33.7565,31.1619,135.0261,137.6208,0.02856857,0.02911754,0.00142843,3.5298,3.5597,0.1410,3.6692,0.2905,102.7475,26.0217,3.1802,3.7422,2.0771,4.0878,4.1543,6.1317,6.2314,7.1537,3.1157,-1.022,1.524396,1.75,0.863492,29,159,71,5,0.34046406,0.03571071,0.04850756,0E-8,0.000000,0.901534,0.000000,-0.01940280,2026-05-27,2026-07-31,46,581,334,66,0.696970,0.849821,0.900951,1.134880,,,,,,,,GLOBAL_BASELINE_NO_ENTITY_RANKING,,,NOT_APPLICABLE_GLOBAL_BASELINE,HF9g-P5,,,,X 全窗基线 · 不参与实体赏罚,6878570,688,A168_HF9F_20260827_0900,2026-08-27 09:00:00
2026-07-08,132190460,1645,0,30.6585455587,7.8690266934,7.8690266934,0.6666667,8,8,0.50162375000000000,0.501623750000,0.8085461265665992,0.8085461265665994,0.8085461265665992,0E-17,ELIGIBLE,R03b_20260811_FULL_v1,L1_ELIGIBILITY,v2026-08-11,2026-03-21..2026-08-06,baccarat_bet02_101_all_pairs_incl_sentinel,round_win = game_pnl > 0 (decisive only),COMPATIBILITY_ONLY_NOT_PRODUCTION,4726.3868,4260.9992,168.7826,1339,1197,-0.03571071,-0.04850756,-0.02910476,-0.03571071,-168.7826,4726.3868,OK,0.0000,6.7513,4.0000,96.0000,AG03-UNRESOLVED,ALL5_LEVELS_bet23_to_bet27,6.7513,6.7513,6.7513,6.7513,6.7513,4.000000,4.000000,4.000000,4.000000,4.000000,96.000000,96.000000,96.000000,96.000000,96.000000,5.0,33.7565,31.1619,135.0261,137.6208,PENDING_AG03,FALSE,NOT_FOR_ENFORCEMENT,162.0313,4090.5592,168.7826,162.0313,6.7513,0.03571071,0.03428228,6.7513,162.0313,0.03428228,6.7513,6.7513,6.7513,6.7513,6.7513,162.0313,0.03428228,33.7565,31.1619,135.0261,137.6208,0.02856857,0.02911754,0.00142843,3.5298,3.5597,0.1410,3.6692,0.2905,102.7475,26.0217,3.1802,3.7422,2.0771,4.0878,4.1543,6.1317,6.2314,7.1537,3.1157,-1.022,1.524396,1.75,0.863492,29,159,71,5,0.34046406,0.03571071,0.04850756,0E-8,0.000000,0.901534,0.000000,-0.01940280,2026-05-27,2026-07-31,46,581,334,66,0.696970,0.849821,0.900951,1.134880,,,,,,,,GLOBAL_BASELINE_NO_ENTITY_RANKING,,,NOT_APPLICABLE_GLOBAL_BASELINE,HF9g-P5,,,,X 全窗基线 · 不参与实体赏罚,6878571,688,A168_HF9F_20260827_0900,2026-08-27 09:00:00
2026-07-08,132190460,1940,0,5.1097575931,-5.1097575931,-5.1097575931,0E-7,1,1,0.50665070000000000,0.506650700000,-1.013391052207602,-1.013391052207602,-1.013391052207602,0E-17,ELIGIBLE,R03b_20260811_FULL_v1,L1_ELIGIBILITY,v2026-08-11,2026-03-21..2026-08-06,baccarat_bet02_101_all_pairs_incl_sentinel,round_win = game_pnl > 0 (decisive only),COMPATIBILITY_ONLY_NOT_PRODUCTION,4726.3868,4260.9992,168.7826,1339,1197,-0.03571071,-0.04850756,-0.02910476,-0.03571071,-168.7826,4726.3868,OK,0.0000,6.7513,4.0000,96.0000,AG03-UNRESOLVED,ALL5_LEVELS_bet23_to_bet27,6.7513,6.7513,6.7513,6.7513,6.7513,4.000000,4.000000,4.000000,4.000000,4.000000,96.000000,96.000000,96.000000,96.000000,96.000000,5.0,33.7565,31.1619,135.0261,137.6208,PENDING_AG03,FALSE,NOT_FOR_ENFORCEMENT,162.0313,4090.5592,168.7826,162.0313,6.7513,0.03571071,0.03428228,6.7513,162.0313,0.03428228,6.7513,6.7513,6.7513,6.7513,6.7513,162.0313,0.03428228,33.7565,31.1619,135.0261,137.6208,0.02856857,0.02911754,0.00142843,3.5298,3.5597,0.1410,3.6692,0.2905,102.7475,26.0217,3.1802,3.7422,2.0771,4.0878,4.1543,6.1317,6.2314,7.1537,3.1157,-1.022,1.524396,1.75,0.863492,29,159,71,5,0.34046406,0.03571071,0.04850756,0E-8,0.000000,0.901534,0.000000,-0.01940280,2026-05-27,2026-07-31,46,581,334,66,0.696970,0.849821,0.900951,1.134880,,,,,,,,GLOBAL_BASELINE_NO_ENTITY_RANKING,,,NOT_APPLICABLE_GLOBAL_BASELINE,HF9g-P5,,,,X 全窗基线 · 不参与实体赏罚,6878572,688,A168_HF9F_20260827_0900,2026-08-27 09:00:00
2026-07-08,132190460,2093,0,3.6790254670,-3.6790254670,-3.6790254670,0E-7,2,2,0.49994810000000000,0.499948100000,-1.4140667746232096,-1.4140667746232096,-1.4140667746232096,0E-17,ELIGIBLE,R03b_20260811_FULL_v1,L1_ELIGIBILITY,v2026-08-11,2026-03-21..2026-08-06,baccarat_bet02_101_all_pairs_incl_sentinel,round_win = game_pnl > 0 (decisive only),COMPATIBILITY_ONLY_NOT_PRODUCTION,4726.3868,4260.9992,168.7826,1339,1197,-0.03571071,-0.04850756,-0.02910476,-0.03571071,-168.7826,4726.3868,OK,0.0000,6.7513,4.0000,96.0000,AG03-UNRESOLVED,ALL5_LEVELS_bet23_to_bet27,6.7513,6.7513,6.7513,6.7513,6.7513,4.000000,4.000000,4.000000,4.000000,4.000000,96.000000,96.000000,96.000000,96.000000,96.000000,5.0,33.7565,31.1619,135.0261,137.6208,PENDING_AG03,FALSE,NOT_FOR_ENFORCEMENT,162.0313,4090.5592,168.7826,162.0313,6.7513,0.03571071,0.03428228,6.7513,162.0313,0.03428228,6.7513,6.7513,6.7513,6.7513,6.7513,162.0313,0.03428228,33.7565,31.1619,135.0261,137.6208,0.02856857,0.02911754,0.00142843,3.5298,3.5597,0.1410,3.6692,0.2905,102.7475,26.0217,3.1802,3.7422,2.0771,4.0878,4.1543,6.1317,6.2314,7.1537,3.1157,-1.022,1.524396,1.75,0.863492,29,159,71,5,0.34046406,0.03571071,0.04850756,0E-8,0.000000,0.901534,0.000000,-0.01940280,2026-05-27,2026-07-31,46,581,334,66,0.696970,0.849821,0.900951,1.134880,,,,,,,,GLOBAL_BASELINE_NO_ENTITY_RANKING,,,NOT_APPLICABLE_GLOBAL_BASELINE,HF9g-P5,,,,X 全窗基线 · 不参与实体赏罚,6878573,688,A168_HF9F_20260827_0900,2026-08-27 09:00:00
2026-07-08,132190460,2115,0,5.1097575931,-5.1097575931,-5.1097575931,0E-7,1,1,0.50665070000000000,0.506650700000,-1.013391052207602,-1.013391052207602,-1.013391052207602,0E-17,ELIGIBLE,R03b_20260811_FULL_v1,L1_ELIGIBILITY,v2026-08-11,2026-03-21..2026-08-06,baccarat_bet02_101_all_pairs_incl_sentinel,round_win = game_pnl > 0 (decisive only),COMPATIBILITY_ONLY_NOT_PRODUCTION,4726.3868,4260.9992,168.7826,1339,1197,-0.03571071,-0.04850756,-0.02910476,-0.03571071,-168.7826,4726.3868,OK,0.0000,6.7513,4.0000,96.0000,AG03-UNRESOLVED,ALL5_LEVELS_bet23_to_bet27,6.7513,6.7513,6.7513,6.7513,6.7513,4.000000,4.000000,4.000000,4.000000,4.000000,96.000000,96.000000,96.000000,96.000000,96.000000,5.0,33.7565,31.1619,135.0261,137.6208,PENDING_AG03,FALSE,NOT_FOR_ENFORCEMENT,162.0313,4090.5592,168.7826,162.0313,6.7513,0.03571071,0.03428228,6.7513,162.0313,0.03428228,6.7513,6.7513,6.7513,6.7513,6.7513,162.0313,0.03428228,33.7565,31.1619,135.0261,137.6208,0.02856857,0.02911754,0.00142843,3.5298,3.5597,0.1410,3.6692,0.2905,102.7475,26.0217,3.1802,3.7422,2.0771,4.0878,4.1543,6.1317,6.2314,7.1537,3.1157,-1.022,1.524396,1.75,0.863492,29,159,71,5,0.34046406,0.03571071,0.04850756,0E-8,0.000000,0.901534,0.000000,-0.01940280,2026-05-27,2026-07-31,46,581,334,66,0.696970,0.849821,0.900951,1.134880,,,,,,,,GLOBAL_BASELINE_NO_ENTITY_RANKING,,,NOT_APPLICABLE_GLOBAL_BASELINE,HF9g-P5,,,,X 全窗基线 · 不参与实体赏罚,6878574,688,A168_HF9F_20260827_0900,2026-08-27 09:00:00
2026-07-08,132190460,2134,0,3.0658545559,2.9125618281,2.9125618281,1.0000000,1,1,0.50665070000000000,0.506650700000,0.9867858985152569,0.9867858985152569,0.9867858985152569,0E-17,ELIGIBLE,R03b_20260811_FULL_v1,L1_ELIGIBILITY,v2026-08-11,2026-03-21..2026-08-06,baccarat_bet02_101_all_pairs_incl_sentinel,round_win = game_pnl > 0 (decisive only),COMPATIBILITY_ONLY_NOT_PRODUCTION,4726.3868,4260.9992,168.7826,1339,1197,-0.03571071,-0.04850756,-0.02910476,-0.03571071,-168.7826,4726.3868,OK,0.0000,6.7513,4.0000,96.0000,AG03-UNRESOLVED,ALL5_LEVELS_bet23_to_bet27,6.7513,6.7513,6.7513,6.7513,6.7513,4.000000,4.000000,4.000000,4.000000,4.000000,96.000000,96.000000,96.000000,96.000000,96.000000,5.0,33.7565,31.1619,135.0261,137.6208,PENDING_AG03,FALSE,NOT_FOR_ENFORCEMENT,162.0313,4090.5592,168.7826,162.0313,6.7513,0.03571071,0.03428228,6.7513,162.0313,0.03428228,6.7513,6.7513,6.7513,6.7513,6.7513,162.0313,0.03428228,33.7565,31.1619,135.0261,137.6208,0.02856857,0.02911754,0.00142843,3.5298,3.5597,0.1410,3.6692,0.2905,102.7475,26.0217,3.1802,3.7422,2.0771,4.0878,4.1543,6.1317,6.2314,7.1537,3.1157,-1.022,1.524396,1.75,0.863492,29,159,71,5,0.34046406,0.03571071,0.04850756,0E-8,0.000000,0.901534,0.000000,-0.01940280,2026-05-27,2026-07-31,46,581,334,66,0.696970,0.849821,0.900951,1.134880,,,,,,,,GLOBAL_BASELINE_NO_ENTITY_RANKING,,,NOT_APPLICABLE_GLOBAL_BASELINE,HF9g-P5,,,,X 全窗基线 · 不参与实体赏罚,6878575,688,A168_HF9F_20260827_0900,2026-08-27 09:00:00
2026-07-08,132190460,2141,0,6.1317091117,-2.0439030373,-2.0439030373,0.5000000,2,2,0.49994810000000000,0.499948100000,0.00014679536856514622,0.00014679536856514622,0.00014679536856514622,0E-17,ELIGIBLE,R03b_20260811_FULL_v1,L1_ELIGIBILITY,v2026-08-11,2026-03-21..2026-08-06,baccarat_bet02_101_all_pairs_incl_sentinel,round_win = game_pnl > 0 (decisive only),COMPATIBILITY_ONLY_NOT_PRODUCTION,4726.3868,4260.9992,168.7826,1339,1197,-0.03571071,-0.04850756,-0.02910476,-0.03571071,-168.7826,4726.3868,OK,0.0000,6.7513,4.0000,96.0000,AG03-UNRESOLVED,ALL5_LEVELS_bet23_to_bet27,6.7513,6.7513,6.7513,6.7513,6.7513,4.000000,4.000000,4.000000,4.000000,4.000000,96.000000,96.000000,96.000000,96.000000,96.000000,5.0,33.7565,31.1619,135.0261,137.6208,PENDING_AG03,FALSE,NOT_FOR_ENFORCEMENT,162.0313,4090.5592,168.7826,162.0313,6.7513,0.03571071,0.03428228,6.7513,162.0313,0.03428228,6.7513,6.7513,6.7513,6.7513,6.7513,162.0313,0.03428228,33.7565,31.1619,135.0261,137.6208,0.02856857,0.02911754,0.00142843,3.5298,3.5597,0.1410,3.6692,0.2905,102.7475,26.0217,3.1802,3.7422,2.0771,4.0878,4.1543,6.1317,6.2314,7.1537,3.1157,-1.022,1.524396,1.75,0.863492,29,159,71,5,0.34046406,0.03571071,0.04850756,0E-8,0.000000,0.901534,0.000000,-0.01940280,2026-05-27,2026-07-31,46,581,334,66,0.696970,0.849821,0.900951,1.134880,,,,,,,,GLOBAL_BASELINE_NO_ENTITY_RANKING,,,NOT_APPLICABLE_GLOBAL_BASELINE,HF9g-P5,,,,X 全窗基线 · 不参与实体赏罚,6878576,688,A168_HF9F_20260827_0900,2026-08-27 09:00:00
2026-07-08,132190460,2142,0,16.3512242980,5.7229285044,5.7229285044,0.7500000,4,4,0.50329940000000000,0.503299400000,0.9868238854431842,0.9868238854431842,0.9868238854431842,0E-17,ELIGIBLE,R03b_20260811_FULL_v1,L1_ELIGIBILITY,v2026-08-11,2026-03-21..2026-08-06,baccarat_bet02_101_all_pairs_incl_sentinel,round_win = game_pnl > 0 (decisive only),COMPATIBILITY_ONLY_NOT_PRODUCTION,4726.3868,4260.9992,168.7826,1339,1197,-0.03571071,-0.04850756,-0.02910476,-0.03571071,-168.7826,4726.3868,OK,0.0000,6.7513,4.0000,96.0000,AG03-UNRESOLVED,ALL5_LEVELS_bet23_to_bet27,6.7513,6.7513,6.7513,6.7513,6.7513,4.000000,4.000000,4.000000,4.000000,4.000000,96.000000,96.000000,96.000000,96.000000,96.000000,5.0,33.7565,31.1619,135.0261,137.6208,PENDING_AG03,FALSE,NOT_FOR_ENFORCEMENT,162.0313,4090.5592,168.7826,162.0313,6.7513,0.03571071,0.03428228,6.7513,162.0313,0.03428228,6.7513,6.7513,6.7513,6.7513,6.7513,162.0313,0.03428228,33.7565,31.1619,135.0261,137.6208,0.02856857,0.02911754,0.00142843,3.5298,3.5597,0.1410,3.6692,0.2905,102.7475,26.0217,3.1802,3.7422,2.0771,4.0878,4.1543,6.1317,6.2314,7.1537,3.1157,-1.022,1.524396,1.75,0.863492,29,159,71,5,0.34046406,0.03571071,0.04850756,0E-8,0.000000,0.901534,0.000000,-0.01940280,2026-05-27,2026-07-31,46,581,334,66,0.696970,0.849821,0.900951,1.134880,,,,,,,,GLOBAL_BASELINE_NO_ENTITY_RANKING,,,NOT_APPLICABLE_GLOBAL_BASELINE,HF9g-P5,,,,X 全窗基线 · 不参与实体赏罚,6878577,688,A168_HF9F_20260827_0900,2026-08-27 09:00:00
2026-07-08,132190460,2169,0,7.3580509341,-7.3580509341,-7.3580509341,0E-7,2,2,0.49994810000000000,0.499948100000,-1.4140667746232096,-1.4140667746232096,-1.4140667746232096,0E-17,ELIGIBLE,R03b_20260811_FULL_v1,L1_ELIGIBILITY,v2026-08-11,2026-03-21..2026-08-06,baccarat_bet02_101_all_pairs_incl_sentinel,round_win = game_pnl > 0 (decisive only),COMPATIBILITY_ONLY_NOT_PRODUCTION,4726.3868,4260.9992,168.7826,1339,1197,-0.03571071,-0.04850756,-0.02910476,-0.03571071,-168.7826,4726.3868,OK,0.0000,6.7513,4.0000,96.0000,AG03-UNRESOLVED,ALL5_LEVELS_bet23_to_bet27,6.7513,6.7513,6.7513,6.7513,6.7513,4.000000,4.000000,4.000000,4.000000,4.000000,96.000000,96.000000,96.000000,96.000000,96.000000,5.0,33.7565,31.1619,135.0261,137.6208,PENDING_AG03,FALSE,NOT_FOR_ENFORCEMENT,162.0313,4090.5592,168.7826,162.0313,6.7513,0.03571071,0.03428228,6.7513,162.0313,0.03428228,6.7513,6.7513,6.7513,6.7513,6.7513,162.0313,0.03428228,33.7565,31.1619,135.0261,137.6208,0.02856857,0.02911754,0.00142843,3.5298,3.5597,0.1410,3.6692,0.2905,102.7475,26.0217,3.1802,3.7422,2.0771,4.0878,4.1543,6.1317,6.2314,7.1537,3.1157,-1.022,1.524396,1.75,0.863492,29,159,71,5,0.34046406,0.03571071,0.04850756,0E-8,0.000000,0.901534,0.000000,-0.01940280,2026-05-27,2026-07-31,46,581,334,66,0.696970,0.849821,0.900951,1.134880,,,,,,,,GLOBAL_BASELINE_NO_ENTITY_RANKING,,,NOT_APPLICABLE_GLOBAL_BASELINE,HF9g-P5,,,,X 全窗基线 · 不参与实体赏罚,6878578,688,A168_HF9F_20260827_0900,2026-08-27 09:00:00
2026-07-08,132190460,2177,0,7.1536606304,-1.0219515186,-1.0219515186,0.5000000,2,2,0.49994810000000000,0.499948100000,0.00014679536856514622,0.00014679536856514622,0.00014679536856514622,0E-17,ELIGIBLE,R03b_20260811_FULL_v1,L1_ELIGIBILITY,v2026-08-11,2026-03-21..2026-08-06,baccarat_bet02_101_all_pairs_incl_sentinel,round_win = game_pnl > 0 (decisive only),COMPATIBILITY_ONLY_NOT_PRODUCTION,4726.3868,4260.9992,168.7826,1339,1197,-0.03571071,-0.04850756,-0.02910476,-0.03571071,-168.7826,4726.3868,OK,0.0000,6.7513,4.0000,96.0000,AG03-UNRESOLVED,ALL5_LEVELS_bet23_to_bet27,6.7513,6.7513,6.7513,6.7513,6.7513,4.000000,4.000000,4.000000,4.000000,4.000000,96.000000,96.000000,96.000000,96.000000,96.000000,5.0,33.7565,31.1619,135.0261,137.6208,PENDING_AG03,FALSE,NOT_FOR_ENFORCEMENT,162.0313,4090.5592,168.7826,162.0313,6.7513,0.03571071,0.03428228,6.7513,162.0313,0.03428228,6.7513,6.7513,6.7513,6.7513,6.7513,162.0313,0.03428228,33.7565,31.1619,135.0261,137.6208,0.02856857,0.02911754,0.00142843,3.5298,3.5597,0.1410,3.6692,0.2905,102.7475,26.0217,3.1802,3.7422,2.0771,4.0878,4.1543,6.1317,6.2314,7.1537,3.1157,-1.022,1.524396,1.75,0.863492,29,159,71,5,0.34046406,0.03571071,0.04850756,0E-8,0.000000,0.901534,0.000000,-0.01940280,2026-05-27,2026-07-31,46,581,334,66,0.696970,0.849821,0.900951,1.134880,,,,,,,,GLOBAL_BASELINE_NO_ENTITY_RANKING,,,NOT_APPLICABLE_GLOBAL_BASELINE,HF9g-P5,,,,X 全窗基线 · 不参与实体赏罚,6878579,688,A168_HF9F_20260827_0900,2026-08-27 09:00:00
2026-07-08,132190460,2196,0,2.0439030372,-2.0439030372,-2.0439030372,0E-7,1,1,0.49324550000000000,0.493245500000,-0.9865810262130424,-0.9865810262130424,-0.9865810262130424,0E-17,ELIGIBLE,R03b_20260811_FULL_v1,L1_ELIGIBILITY,v2026-08-11,2026-03-21..2026-08-06,baccarat_bet02_101_all_pairs_incl_sentinel,round_win = game_pnl > 0 (decisive only),COMPATIBILITY_ONLY_NOT_PRODUCTION,4726.3868,4260.9992,168.7826,1339,1197,-0.03571071,-0.04850756,-0.02910476,-0.03571071,-168.7826,4726.3868,OK,0.0000,6.7513,4.0000,96.0000,AG03-UNRESOLVED,ALL5_LEVELS_bet23_to_bet27,6.7513,6.7513,6.7513,6.7513,6.7513,4.000000,4.000000,4.000000,4.000000,4.000000,96.000000,96.000000,96.000000,96.000000,96.000000,5.0,33.7565,31.1619,135.0261,137.6208,PENDING_AG03,FALSE,NOT_FOR_ENFORCEMENT,162.0313,4090.5592,168.7826,162.0313,6.7513,0.03571071,0.03428228,6.7513,162.0313,0.03428228,6.7513,6.7513,6.7513,6.7513,6.7513,162.0313,0.03428228,33.7565,31.1619,135.0261,137.6208,0.02856857,0.02911754,0.00142843,3.5298,3.5597,0.1410,3.6692,0.2905,102.7475,26.0217,3.1802,3.7422,2.0771,4.0878,4.1543,6.1317,6.2314,7.1537,3.1157,-1.022,1.524396,1.75,0.863492,29,159,71,5,0.34046406,0.03571071,0.04850756,0E-8,0.000000,0.901534,0.000000,-0.01940280,2026-05-27,2026-07-31,46,581,334,66,0.696970,0.849821,0.900951,1.134880,,,,,,,,GLOBAL_BASELINE_NO_ENTITY_RANKING,,,NOT_APPLICABLE_GLOBAL_BASELINE,HF9g-P5,,,,X 全窗基线 · 不参与实体赏罚,6878580,688,A168_HF9F_20260827_0900,2026-08-27 09:00:00
2026-07-08,132190460,2234,0,4.9053672894,4.9053672894,4.9053672894,1.0000000,1,1,0.49324550000000000,0.493245500000,1.01360149184955,1.01360149184955,1.01360149184955,0E-17,ELIGIBLE,R03b_20260811_FULL_v1,L1_ELIGIBILITY,v2026-08-11,2026-03-21..2026-08-06,baccarat_bet02_101_all_pairs_incl_sentinel,round_win = game_pnl > 0 (decisive only),COMPATIBILITY_ONLY_NOT_PRODUCTION,4726.3868,4260.9992,168.7826,1339,1197,-0.03571071,-0.04850756,-0.02910476,-0.03571071,-168.7826,4726.3868,OK,0.0000,6.7513,4.0000,96.0000,AG03-UNRESOLVED,ALL5_LEVELS_bet23_to_bet27,6.7513,6.7513,6.7513,6.7513,6.7513,4.000000,4.000000,4.000000,4.000000,4.000000,96.000000,96.000000,96.000000,96.000000,96.000000,5.0,33.7565,31.1619,135.0261,137.6208,PENDING_AG03,FALSE,NOT_FOR_ENFORCEMENT,162.0313,4090.5592,168.7826,162.0313,6.7513,0.03571071,0.03428228,6.7513,162.0313,0.03428228,6.7513,6.7513,6.7513,6.7513,6.7513,162.0313,0.03428228,33.7565,31.1619,135.0261,137.6208,0.02856857,0.02911754,0.00142843,3.5298,3.5597,0.1410,3.6692,0.2905,102.7475,26.0217,3.1802,3.7422,2.0771,4.0878,4.1543,6.1317,6.2314,7.1537,3.1157,-1.022,1.524396,1.75,0.863492,29,159,71,5,0.34046406,0.03571071,0.04850756,0E-8,0.000000,0.901534,0.000000,-0.01940280,2026-05-27,2026-07-31,46,581,334,66,0.696970,0.849821,0.900951,1.134880,,,,,,,,GLOBAL_BASELINE_NO_ENTITY_RANKING,,,NOT_APPLICABLE_GLOBAL_BASELINE,HF9g-P5,,,,X 全窗基线 · 不参与实体赏罚,6878581,688,A168_HF9F_20260827_0900,2026-08-27 09:00:00
2026-07-08,132190460,2271,0,4.7009769857,4.7009769857,4.7009769857,1.0000000,1,1,0.49324550000000000,0.493245500000,1.01360149184955,1.01360149184955,1.01360149184955,0E-17,ELIGIBLE,R03b_20260811_FULL_v1,L1_ELIGIBILITY,v2026-08-11,2026-03-21..2026-08-06,baccarat_bet02_101_all_pairs_incl_sentinel,round_win = game_pnl > 0 (decisive only),COMPATIBILITY_ONLY_NOT_PRODUCTION,4726.3868,4260.9992,168.7826,1339,1197,-0.03571071,-0.04850756,-0.02910476,-0.03571071,-168.7826,4726.3868,OK,0.0000,6.7513,4.0000,96.0000,AG03-UNRESOLVED,ALL5_LEVELS_bet23_to_bet27,6.7513,6.7513,6.7513,6.7513,6.7513,4.000000,4.000000,4.000000,4.000000,4.000000,96.000000,96.000000,96.000000,96.000000,96.000000,5.0,33.7565,31.1619,135.0261,137.6208,PENDING_AG03,FALSE,NOT_FOR_ENFORCEMENT,162.0313,4090.5592,168.7826,162.0313,6.7513,0.03571071,0.03428228,6.7513,162.0313,0.03428228,6.7513,6.7513,6.7513,6.7513,6.7513,162.0313,0.03428228,33.7565,31.1619,135.0261,137.6208,0.02856857,0.02911754,0.00142843,3.5298,3.5597,0.1410,3.6692,0.2905,102.7475,26.0217,3.1802,3.7422,2.0771,4.0878,4.1543,6.1317,6.2314,7.1537,3.1157,-1.022,1.524396,1.75,0.863492,29,159,71,5,0.34046406,0.03571071,0.04850756,0E-8,0.000000,0.901534,0.000000,-0.01940280,2026-05-27,2026-07-31,46,581,334,66,0.696970,0.849821,0.900951,1.134880,,,,,,,,GLOBAL_BASELINE_NO_ENTITY_RANKING,,,NOT_APPLICABLE_GLOBAL_BASELINE,HF9g-P5,,,,X 全窗基线 · 不参与实体赏罚,6878582,688,A168_HF9F_20260827_0900,2026-08-27 09:00:00
2026-07-08,132190460,994,0,19.4170788537,1.0219515187,1.0219515187,0.6666667,6,3,0.42870334857247940,0.293924150000,0.83283959864464,1.417184018803805,0.83283959864464,0.13477919857247940,ELIGIBLE,R03b_20260811_FULL_v1,L1_ELIGIBILITY,v2026-08-11,2026-03-21..2026-08-06,baccarat_bet02_101_all_pairs_incl_sentinel,round_win = game_pnl > 0 (decisive only),COMPATIBILITY_ONLY_NOT_PRODUCTION,4726.3868,4260.9992,168.7826,1339,1197,-0.03571071,-0.04850756,-0.02910476,-0.03571071,-168.7826,4726.3868,OK,0.0000,6.7513,4.0000,96.0000,AG03-UNRESOLVED,ALL5_LEVELS_bet23_to_bet27,6.7513,6.7513,6.7513,6.7513,6.7513,4.000000,4.000000,4.000000,4.000000,4.000000,96.000000,96.000000,96.000000,96.000000,96.000000,5.0,33.7565,31.1619,135.0261,137.6208,PENDING_AG03,FALSE,NOT_FOR_ENFORCEMENT,162.0313,4090.5592,168.7826,162.0313,6.7513,0.03571071,0.03428228,6.7513,162.0313,0.03428228,6.7513,6.7513,6.7513,6.7513,6.7513,162.0313,0.03428228,33.7565,31.1619,135.0261,137.6208,0.02856857,0.02911754,0.00142843,3.5298,3.5597,0.1410,3.6692,0.2905,102.7475,26.0217,3.1802,3.7422,2.0771,4.0878,4.1543,6.1317,6.2314,7.1537,3.1157,-1.022,1.524396,1.75,0.863492,29,159,71,5,0.34046406,0.03571071,0.04850756,0E-8,0.000000,0.901534,0.000000,-0.01940280,2026-05-27,2026-07-31,46,581,334,66,0.696970,0.849821,0.900951,1.134880,,,,,,,,GLOBAL_BASELINE_NO_ENTITY_RANKING,,,NOT_APPLICABLE_GLOBAL_BASELINE,HF9g-P5,,,,X 全窗基线 · 不参与实体赏罚,6878583,688,A168_HF9F_20260827_0900,2026-08-27 09:00:00
2026-07-09,132190460,1323,0,2.4526836447,-2.4526836447,-2.4526836447,0E-7,1,1,0.50665070000000000,0.506650700000,-1.013391052207602,-1.013391052207602,-1.013391052207602,0E-17,ELIGIBLE,R03b_20260811_FULL_v1,L1_ELIGIBILITY,v2026-08-11,2026-03-21..2026-08-06,baccarat_bet02_101_all_pairs_incl_sentinel,round_win = game_pnl > 0 (decisive only),COMPATIBILITY_ONLY_NOT_PRODUCTION,4726.3868,4260.9992,168.7826,1339,1197,-0.03571071,-0.04850756,-0.02910476,-0.03571071,-168.7826,4726.3868,OK,0.0000,6.7513,4.0000,96.0000,AG03-UNRESOLVED,ALL5_LEVELS_bet23_to_bet27,6.7513,6.7513,6.7513,6.7513,6.7513,4.000000,4.000000,4.000000,4.000000,4.000000,96.000000,96.000000,96.000000,96.000000,96.000000,5.0,33.7565,31.1619,135.0261,137.6208,PENDING_AG03,FALSE,NOT_FOR_ENFORCEMENT,162.0313,4090.5592,168.7826,162.0313,6.7513,0.03571071,0.03428228,6.7513,162.0313,0.03428228,6.7513,6.7513,6.7513,6.7513,6.7513,162.0313,0.03428228,33.7565,31.1619,135.0261,137.6208,0.02856857,0.02911754,0.00142843,3.5298,3.5597,0.1410,3.6692,0.2905,102.7475,26.0217,3.1802,3.7422,2.0771,4.0878,4.1543,6.1317,6.2314,7.1537,3.1157,-1.022,1.524396,1.75,0.863492,29,159,71,5,0.34046406,0.03571071,0.04850756,0E-8,0.000000,0.901534,0.000000,-0.01940280,2026-05-27,2026-07-31,46,581,334,66,0.696970,0.849821,0.900951,1.134880,,,,,,,,GLOBAL_BASELINE_NO_ENTITY_RANKING,,,NOT_APPLICABLE_GLOBAL_BASELINE,HF9g-P5,,,,X 全窗基线 · 不参与实体赏罚,6878584,688,A168_HF9F_20260827_0900,2026-08-27 09:00:00
2026-07-09,132190460,1935,0,12.2634182235,-8.1756121490,-8.1756121490,0E-7,4,3,0.47231337500083999,0.437976050000,-1.3379567553798124,-1.2484258930851517,-1.3379567553798124,0.03433732500083999,ELIGIBLE,R03b_20260811_FULL_v1,L1_ELIGIBILITY,v2026-08-11,2026-03-21..2026-08-06,baccarat_bet02_101_all_pairs_incl_sentinel,round_win = game_pnl > 0 (decisive only),COMPATIBILITY_ONLY_NOT_PRODUCTION,4726.3868,4260.9992,168.7826,1339,1197,-0.03571071,-0.04850756,-0.02910476,-0.03571071,-168.7826,4726.3868,OK,0.0000,6.7513,4.0000,96.0000,AG03-UNRESOLVED,ALL5_LEVELS_bet23_to_bet27,6.7513,6.7513,6.7513,6.7513,6.7513,4.000000,4.000000,4.000000,4.000000,4.000000,96.000000,96.000000,96.000000,96.000000,96.000000,5.0,33.7565,31.1619,135.0261,137.6208,PENDING_AG03,FALSE,NOT_FOR_ENFORCEMENT,162.0313,4090.5592,168.7826,162.0313,6.7513,0.03571071,0.03428228,6.7513,162.0313,0.03428228,6.7513,6.7513,6.7513,6.7513,6.7513,162.0313,0.03428228,33.7565,31.1619,135.0261,137.6208,0.02856857,0.02911754,0.00142843,3.5298,3.5597,0.1410,3.6692,0.2905,102.7475,26.0217,3.1802,3.7422,2.0771,4.0878,4.1543,6.1317,6.2314,7.1537,3.1157,-1.022,1.524396,1.75,0.863492,29,159,71,5,0.34046406,0.03571071,0.04850756,0E-8,0.000000,0.901534,0.000000,-0.01940280,2026-05-27,2026-07-31,46,581,334,66,0.696970,0.849821,0.900951,1.134880,,,,,,,,GLOBAL_BASELINE_NO_ENTITY_RANKING,,,NOT_APPLICABLE_GLOBAL_BASELINE,HF9g-P5,,,,X 全窗基线 · 不参与实体赏罚,6878585,688,A168_HF9F_20260827_0900,2026-08-27 09:00:00
2026-07-09,132190460,1963,0,5.1097575931,-1.1241466705,-1.1241466705,0.5000000,2,2,0.50665070000000000,0.506650700000,-0.018812684590367487,-0.018812684590367487,-0.018812684590367487,0E-17,ELIGIBLE,R03b_20260811_FULL_v1,L1_ELIGIBILITY,v2026-08-11,2026-03-21..2026-08-06,baccarat_bet02_101_all_pairs_incl_sentinel,round_win = game_pnl > 0 (decisive only),COMPATIBILITY_ONLY_NOT_PRODUCTION,4726.3868,4260.9992,168.7826,1339,1197,-0.03571071,-0.04850756,-0.02910476,-0.03571071,-168.7826,4726.3868,OK,0.0000,6.7513,4.0000,96.0000,AG03-UNRESOLVED,ALL5_LEVELS_bet23_to_bet27,6.7513,6.7513,6.7513,6.7513,6.7513,4.000000,4.000000,4.000000,4.000000,4.000000,96.000000,96.000000,96.000000,96.000000,96.000000,5.0,33.7565,31.1619,135.0261,137.6208,PENDING_AG03,FALSE,NOT_FOR_ENFORCEMENT,162.0313,4090.5592,168.7826,162.0313,6.7513,0.03571071,0.03428228,6.7513,162.0313,0.03428228,6.7513,6.7513,6.7513,6.7513,6.7513,162.0313,0.03428228,33.7565,31.1619,135.0261,137.6208,0.02856857,0.02911754,0.00142843,3.5298,3.5597,0.1410,3.6692,0.2905,102.7475,26.0217,3.1802,3.7422,2.0771,4.0878,4.1543,6.1317,6.2314,7.1537,3.1157,-1.022,1.524396,1.75,0.863492,29,159,71,5,0.34046406,0.03571071,0.04850756,0E-8,0.000000,0.901534,0.000000,-0.01940280,2026-05-27,2026-07-31,46,581,334,66,0.696970,0.849821,0.900951,1.134880,,,,,,,,GLOBAL_BASELINE_NO_ENTITY_RANKING,,,NOT_APPLICABLE_GLOBAL_BASELINE,HF9g-P5,,,,X 全窗基线 · 不参与实体赏罚,6878586,688,A168_HF9F_20260827_0900,2026-08-27 09:00:00
2026-07-09,132190460,2121,0,4.0878060745,-4.0878060745,-4.0878060745,0E-7,2,1,0.40363872500251998,0.300626750000,-0.8227003755349601,-0.655630731788307,-0.8227003755349601,0.10301197500251998,ELIGIBLE,R03b_20260811_FULL_v1,L1_ELIGIBILITY,v2026-08-11,2026-03-21..2026-08-06,baccarat_bet02_101_all_pairs_incl_sentinel,round_win = game_pnl > 0 (decisive only),COMPATIBILITY_ONLY_NOT_PRODUCTION,4726.3868,4260.9992,168.7826,1339,1197,-0.03571071,-0.04850756,-0.02910476,-0.03571071,-168.7826,4726.3868,OK,0.0000,6.7513,4.0000,96.0000,AG03-UNRESOLVED,ALL5_LEVELS_bet23_to_bet27,6.7513,6.7513,6.7513,6.7513,6.7513,4.000000,4.000000,4.000000,4.000000,4.000000,96.000000,96.000000,96.000000,96.000000,96.000000,5.0,33.7565,31.1619,135.0261,137.6208,PENDING_AG03,FALSE,NOT_FOR_ENFORCEMENT,162.0313,4090.5592,168.7826,162.0313,6.7513,0.03571071,0.03428228,6.7513,162.0313,0.03428228,6.7513,6.7513,6.7513,6.7513,6.7513,162.0313,0.03428228,33.7565,31.1619,135.0261,137.6208,0.02856857,0.02911754,0.00142843,3.5298,3.5597,0.1410,3.6692,0.2905,102.7475,26.0217,3.1802,3.7422,2.0771,4.0878,4.1543,6.1317,6.2314,7.1537,3.1157,-1.022,1.524396,1.75,0.863492,29,159,71,5,0.34046406,0.03571071,0.04850756,0E-8,0.000000,0.901534,0.000000,-0.01940280,2026-05-27,2026-07-31,46,581,334,66,0.696970,0.849821,0.900951,1.134880,,,,,,,,GLOBAL_BASELINE_NO_ENTITY_RANKING,,,NOT_APPLICABLE_GLOBAL_BASELINE,HF9g-P5,,,,X 全窗基线 · 不参与实体赏罚,6878587,688,A168_HF9F_20260827_0900,2026-08-27 09:00:00
2026-07-09,132190460,2130,0,2.0439030372,0E-10,0E-10,,1,1,0.50665070000000000,0.506650700000,,,,0E-17,NO_DECISIVE_ROUND,R03b_20260811_FULL_v1,L1_ELIGIBILITY,v2026-08-11,2026-03-21..2026-08-06,baccarat_bet02_101_all_pairs_incl_sentinel,round_win = game_pnl > 0 (decisive only),COMPATIBILITY_ONLY_NOT_PRODUCTION,4726.3868,4260.9992,168.7826,1339,1197,-0.03571071,-0.04850756,-0.02910476,-0.03571071,-168.7826,4726.3868,OK,0.0000,6.7513,4.0000,96.0000,AG03-UNRESOLVED,ALL5_LEVELS_bet23_to_bet27,6.7513,6.7513,6.7513,6.7513,6.7513,4.000000,4.000000,4.000000,4.000000,4.000000,96.000000,96.000000,96.000000,96.000000,96.000000,5.0,33.7565,31.1619,135.0261,137.6208,PENDING_AG03,FALSE,NOT_FOR_ENFORCEMENT,162.0313,4090.5592,168.7826,162.0313,6.7513,0.03571071,0.03428228,6.7513,162.0313,0.03428228,6.7513,6.7513,6.7513,6.7513,6.7513,162.0313,0.03428228,33.7565,31.1619,135.0261,137.6208,0.02856857,0.02911754,0.00142843,3.5298,3.5597,0.1410,3.6692,0.2905,102.7475,26.0217,3.1802,3.7422,2.0771,4.0878,4.1543,6.1317,6.2314,7.1537,3.1157,-1.022,1.524396,1.75,0.863492,29,159,71,5,0.34046406,0.03571071,0.04850756,0E-8,0.000000,0.901534,0.000000,-0.01940280,2026-05-27,2026-07-31,46,581,334,66,0.696970,0.849821,0.900951,1.134880,,,,,,,,GLOBAL_BASELINE_NO_ENTITY_RANKING,,,NOT_APPLICABLE_GLOBAL_BASELINE,HF9g-P5,,,,X 全窗基线 · 不参与实体赏罚,6878588,688,A168_HF9F_20260827_0900,2026-08-27 09:00:00
2026-07-09,132190460,2152,0,3.0658545559,-3.0658545559,-3.0658545559,0E-7,1,1,0.50665070000000000,0.506650700000,-1.013391052207602,-1.013391052207602,-1.013391052207602,0E-17,ELIGIBLE,R03b_20260811_FULL_v1,L1_ELIGIBILITY,v2026-08-11,2026-03-21..2026-08-06,baccarat_bet02_101_all_pairs_incl_sentinel,round_win = game_pnl > 0 (decisive only),COMPATIBILITY_ONLY_NOT_PRODUCTION,4726.3868,4260.9992,168.7826,1339,1197,-0.03571071,-0.04850756,-0.02910476,-0.03571071,-168.7826,4726.3868,OK,0.0000,6.7513,4.0000,96.0000,AG03-UNRESOLVED,ALL5_LEVELS_bet23_to_bet27,6.7513,6.7513,6.7513,6.7513,6.7513,4.000000,4.000000,4.000000,4.000000,4.000000,96.000000,96.000000,96.000000,96.000000,96.000000,5.0,33.7565,31.1619,135.0261,137.6208,PENDING_AG03,FALSE,NOT_FOR_ENFORCEMENT,162.0313,4090.5592,168.7826,162.0313,6.7513,0.03571071,0.03428228,6.7513,162.0313,0.03428228,6.7513,6.7513,6.7513,6.7513,6.7513,162.0313,0.03428228,33.7565,31.1619,135.0261,137.6208,0.02856857,0.02911754,0.00142843,3.5298,3.5597,0.1410,3.6692,0.2905,102.7475,26.0217,3.1802,3.7422,2.0771,4.0878,4.1543,6.1317,6.2314,7.1537,3.1157,-1.022,1.524396,1.75,0.863492,29,159,71,5,0.34046406,0.03571071,0.04850756,0E-8,0.000000,0.901534,0.000000,-0.01940280,2026-05-27,2026-07-31,46,581,334,66,0.696970,0.849821,0.900951,1.134880,,,,,,,,GLOBAL_BASELINE_NO_ENTITY_RANKING,,,NOT_APPLICABLE_GLOBAL_BASELINE,HF9g-P5,,,,X 全窗基线 · 不参与实体赏罚,6878589,688,A168_HF9F_20260827_0900,2026-08-27 09:00:00
2026-07-09,132190460,2175,0,6.1317091118,-6.1317091118,-6.1317091118,0E-7,2,2,0.49324550000000000,0.493245500000,-1.3952362676504506,-1.3952362676504506,-1.3952362676504506,0E-17,ELIGIBLE,R03b_20260811_FULL_v1,L1_ELIGIBILITY,v2026-08-11,2026-03-21..2026-08-06,baccarat_bet02_101_all_pairs_incl_sentinel,round_win = game_pnl > 0 (decisive only),COMPATIBILITY_ONLY_NOT_PRODUCTION,4726.3868,4260.9992,168.7826,1339,1197,-0.03571071,-0.04850756,-0.02910476,-0.03571071,-168.7826,4726.3868,OK,0.0000,6.7513,4.0000,96.0000,AG03-UNRESOLVED,ALL5_LEVELS_bet23_to_bet27,6.7513,6.7513,6.7513,6.7513,6.7513,4.000000,4.000000,4.000000,4.000000,4.000000,96.000000,96.000000,96.000000,96.000000,96.000000,5.0,33.7565,31.1619,135.0261,137.6208,PENDING_AG03,FALSE,NOT_FOR_ENFORCEMENT,162.0313,4090.5592,168.7826,162.0313,6.7513,0.03571071,0.03428228,6.7513,162.0313,0.03428228,6.7513,6.7513,6.7513,6.7513,6.7513,162.0313,0.03428228,33.7565,31.1619,135.0261,137.6208,0.02856857,0.02911754,0.00142843,3.5298,3.5597,0.1410,3.6692,0.2905,102.7475,26.0217,3.1802,3.7422,2.0771,4.0878,4.1543,6.1317,6.2314,7.1537,3.1157,-1.022,1.524396,1.75,0.863492,29,159,71,5,0.34046406,0.03571071,0.04850756,0E-8,0.000000,0.901534,0.000000,-0.01940280,2026-05-27,2026-07-31,46,581,334,66,0.696970,0.849821,0.900951,1.134880,,,,,,,,GLOBAL_BASELINE_NO_ENTITY_RANKING,,,NOT_APPLICABLE_GLOBAL_BASELINE,HF9g-P5,,,,X 全窗基线 · 不参与实体赏罚,6878590,688,A168_HF9F_20260827_0900,2026-08-27 09:00:00
2026-07-09,132190460,2201,0,6.1317091117,1.8906103095,1.8906103095,1.0000000,3,2,0.45514471250125999,0.403638725000,1.0941222099307182,1.215509351572844,1.0941222099307182,0.05150598750125999,ELIGIBLE,R03b_20260811_FULL_v1,L1_ELIGIBILITY,v2026-08-11,2026-03-21..2026-08-06,baccarat_bet02_101_all_pairs_incl_sentinel,round_win = game_pnl > 0 (decisive only),COMPATIBILITY_ONLY_NOT_PRODUCTION,4726.3868,4260.9992,168.7826,1339,1197,-0.03571071,-0.04850756,-0.02910476,-0.03571071,-168.7826,4726.3868,OK,0.0000,6.7513,4.0000,96.0000,AG03-UNRESOLVED,ALL5_LEVELS_bet23_to_bet27,6.7513,6.7513,6.7513,6.7513,6.7513,4.000000,4.000000,4.000000,4.000000,4.000000,96.000000,96.000000,96.000000,96.000000,96.000000,5.0,33.7565,31.1619,135.0261,137.6208,PENDING_AG03,FALSE,NOT_FOR_ENFORCEMENT,162.0313,4090.5592,168.7826,162.0313,6.7513,0.03571071,0.03428228,6.7513,162.0313,0.03428228,6.7513,6.7513,6.7513,6.7513,6.7513,162.0313,0.03428228,33.7565,31.1619,135.0261,137.6208,0.02856857,0.02911754,0.00142843,3.5298,3.5597,0.1410,3.6692,0.2905,102.7475,26.0217,3.1802,3.7422,2.0771,4.0878,4.1543,6.1317,6.2314,7.1537,3.1157,-1.022,1.524396,1.75,0.863492,29,159,71,5,0.34046406,0.03571071,0.04850756,0E-8,0.000000,0.901534,0.000000,-0.01940280,2026-05-27,2026-07-31,46,581,334,66,0.696970,0.849821,0.900951,1.134880,,,,,,,,GLOBAL_BASELINE_NO_ENTITY_RANKING,,,NOT_APPLICABLE_GLOBAL_BASELINE,HF9g-P5,,,,X 全窗基线 · 不参与实体赏罚,6878591,688,A168_HF9F_20260827_0900,2026-08-27 09:00:00
2026-07-09,132190460,2241,0,2.0439030372,-2.0439030372,-2.0439030372,0E-7,1,1,0.50665070000000000,0.506650700000,-1.013391052207602,-1.013391052207602,-1.013391052207602,0E-17,ELIGIBLE,R03b_20260811_FULL_v1,L1_ELIGIBILITY,v2026-08-11,2026-03-21..2026-08-06,baccarat_bet02_101_all_pairs_incl_sentinel,round_win = game_pnl > 0 (decisive only),COMPATIBILITY_ONLY_NOT_PRODUCTION,4726.3868,4260.9992,168.7826,1339,1197,-0.03571071,-0.04850756,-0.02910476,-0.03571071,-168.7826,4726.3868,OK,0.0000,6.7513,4.0000,96.0000,AG03-UNRESOLVED,ALL5_LEVELS_bet23_to_bet27,6.7513,6.7513,6.7513,6.7513,6.7513,4.000000,4.000000,4.000000,4.000000,4.000000,96.000000,96.000000,96.000000,96.000000,96.000000,5.0,33.7565,31.1619,135.0261,137.6208,PENDING_AG03,FALSE,NOT_FOR_ENFORCEMENT,162.0313,4090.5592,168.7826,162.0313,6.7513,0.03571071,0.03428228,6.7513,162.0313,0.03428228,6.7513,6.7513,6.7513,6.7513,6.7513,162.0313,0.03428228,33.7565,31.1619,135.0261,137.6208,0.02856857,0.02911754,0.00142843,3.5298,3.5597,0.1410,3.6692,0.2905,102.7475,26.0217,3.1802,3.7422,2.0771,4.0878,4.1543,6.1317,6.2314,7.1537,3.1157,-1.022,1.524396,1.75,0.863492,29,159,71,5,0.34046406,0.03571071,0.04850756,0E-8,0.000000,0.901534,0.000000,-0.01940280,2026-05-27,2026-07-31,46,581,334,66,0.696970,0.849821,0.900951,1.134880,,,,,,,,GLOBAL_BASELINE_NO_ENTITY_RANKING,,,NOT_APPLICABLE_GLOBAL_BASELINE,HF9g-P5,,,,X 全窗基线 · 不参与实体赏罚,6878592,688,A168_HF9F_20260827_0900,2026-08-27 09:00:00
2026-07-09,132190460,2287,0,1.0219515186,-1.0219515186,-1.0219515186,0E-7,1,1,0.50665070000000000,0.506650700000,-1.013391052207602,-1.013391052207602,-1.013391052207602,0E-17,ELIGIBLE,R03b_20260811_FULL_v1,L1_ELIGIBILITY,v2026-08-11,2026-03-21..2026-08-06,baccarat_bet02_101_all_pairs_incl_sentinel,round_win = game_pnl > 0 (decisive only),COMPATIBILITY_ONLY_NOT_PRODUCTION,4726.3868,4260.9992,168.7826,1339,1197,-0.03571071,-0.04850756,-0.02910476,-0.03571071,-168.7826,4726.3868,OK,0.0000,6.7513,4.0000,96.0000,AG03-UNRESOLVED,ALL5_LEVELS_bet23_to_bet27,6.7513,6.7513,6.7513,6.7513,6.7513,4.000000,4.000000,4.000000,4.000000,4.000000,96.000000,96.000000,96.000000,96.000000,96.000000,5.0,33.7565,31.1619,135.0261,137.6208,PENDING_AG03,FALSE,NOT_FOR_ENFORCEMENT,162.0313,4090.5592,168.7826,162.0313,6.7513,0.03571071,0.03428228,6.7513,162.0313,0.03428228,6.7513,6.7513,6.7513,6.7513,6.7513,162.0313,0.03428228,33.7565,31.1619,135.0261,137.6208,0.02856857,0.02911754,0.00142843,3.5298,3.5597,0.1410,3.6692,0.2905,102.7475,26.0217,3.1802,3.7422,2.0771,4.0878,4.1543,6.1317,6.2314,7.1537,3.1157,-1.022,1.524396,1.75,0.863492,29,159,71,5,0.34046406,0.03571071,0.04850756,0E-8,0.000000,0.901534,0.000000,-0.01940280,2026-05-27,2026-07-31,46,581,334,66,0.696970,0.849821,0.900951,1.134880,,,,,,,,GLOBAL_BASELINE_NO_ENTITY_RANKING,,,NOT_APPLICABLE_GLOBAL_BASELINE,HF9g-P5,,,,X 全窗基线 · 不参与实体赏罚,6878593,688,A168_HF9F_20260827_0900,2026-08-27 09:00:00
2026-07-09,132190460,471,0,4.0878060745,4.0878060745,4.0878060745,1.0000000,1,1,0.49324550000000000,0.493245500000,1.01360149184955,1.01360149184955,1.01360149184955,0E-17,ELIGIBLE,R03b_20260811_FULL_v1,L1_ELIGIBILITY,v2026-08-11,2026-03-21..2026-08-06,baccarat_bet02_101_all_pairs_incl_sentinel,round_win = game_pnl > 0 (decisive only),COMPATIBILITY_ONLY_NOT_PRODUCTION,4726.3868,4260.9992,168.7826,1339,1197,-0.03571071,-0.04850756,-0.02910476,-0.03571071,-168.7826,4726.3868,OK,0.0000,6.7513,4.0000,96.0000,AG03-UNRESOLVED,ALL5_LEVELS_bet23_to_bet27,6.7513,6.7513,6.7513,6.7513,6.7513,4.000000,4.000000,4.000000,4.000000,4.000000,96.000000,96.000000,96.000000,96.000000,96.000000,5.0,33.7565,31.1619,135.0261,137.6208,PENDING_AG03,FALSE,NOT_FOR_ENFORCEMENT,162.0313,4090.5592,168.7826,162.0313,6.7513,0.03571071,0.03428228,6.7513,162.0313,0.03428228,6.7513,6.7513,6.7513,6.7513,6.7513,162.0313,0.03428228,33.7565,31.1619,135.0261,137.6208,0.02856857,0.02911754,0.00142843,3.5298,3.5597,0.1410,3.6692,0.2905,102.7475,26.0217,3.1802,3.7422,2.0771,4.0878,4.1543,6.1317,6.2314,7.1537,3.1157,-1.022,1.524396,1.75,0.863492,29,159,71,5,0.34046406,0.03571071,0.04850756,0E-8,0.000000,0.901534,0.000000,-0.01940280,2026-05-27,2026-07-31,46,581,334,66,0.696970,0.849821,0.900951,1.134880,,,,,,,,GLOBAL_BASELINE_NO_ENTITY_RANKING,,,NOT_APPLICABLE_GLOBAL_BASELINE,HF9g-P5,,,,X 全窗基线 · 不参与实体赏罚,6878594,688,A168_HF9F_20260827_0900,2026-08-27 09:00:00
2026-07-09,132190460,986,0,2.0439030372,1.9417078854,1.9417078854,1.0000000,1,1,0.50665070000000000,0.506650700000,0.9867858985152569,0.9867858985152569,0.9867858985152569,0E-17,ELIGIBLE,R03b_20260811_FULL_v1,L1_ELIGIBILITY,v2026-08-11,2026-03-21..2026-08-06,baccarat_bet02_101_all_pairs_incl_sentinel,round_win = game_pnl > 0 (decisive only),COMPATIBILITY_ONLY_NOT_PRODUCTION,4726.3868,4260.9992,168.7826,1339,1197,-0.03571071,-0.04850756,-0.02910476,-0.03571071,-168.7826,4726.3868,OK,0.0000,6.7513,4.0000,96.0000,AG03-UNRESOLVED,ALL5_LEVELS_bet23_to_bet27,6.7513,6.7513,6.7513,6.7513,6.7513,4.000000,4.000000,4.000000,4.000000,4.000000,96.000000,96.000000,96.000000,96.000000,96.000000,5.0,33.7565,31.1619,135.0261,137.6208,PENDING_AG03,FALSE,NOT_FOR_ENFORCEMENT,162.0313,4090.5592,168.7826,162.0313,6.7513,0.03571071,0.03428228,6.7513,162.0313,0.03428228,6.7513,6.7513,6.7513,6.7513,6.7513,162.0313,0.03428228,33.7565,31.1619,135.0261,137.6208,0.02856857,0.02911754,0.00142843,3.5298,3.5597,0.1410,3.6692,0.2905,102.7475,26.0217,3.1802,3.7422,2.0771,4.0878,4.1543,6.1317,6.2314,7.1537,3.1157,-1.022,1.524396,1.75,0.863492,29,159,71,5,0.34046406,0.03571071,0.04850756,0E-8,0.000000,0.901534,0.000000,-0.01940280,2026-05-27,2026-07-31,46,581,334,66,0.696970,0.849821,0.900951,1.134880,,,,,,,,GLOBAL_BASELINE_NO_ENTITY_RANKING,,,NOT_APPLICABLE_GLOBAL_BASELINE,HF9g-P5,,,,X 全窗基线 · 不参与实体赏罚,6878595,688,A168_HF9F_20260827_0900,2026-08-27 09:00:00
2026-07-11,132190460,-1,1,3.0658545559,0E-10,0E-10,,1,1,0.50665070000000000,0.506650700000,,,,0E-17,SENTINEL_DEALER,R03b_20260811_FULL_v1,L1_ELIGIBILITY,v2026-08-11,2026-03-21..2026-08-06,baccarat_bet02_101_all_pairs_incl_sentinel,round_win = game_pnl > 0 (decisive only),COMPATIBILITY_ONLY_NOT_PRODUCTION,4726.3868,4260.9992,168.7826,1339,1197,-0.03571071,-0.04850756,-0.02910476,-0.03571071,-168.7826,4726.3868,OK,0.0000,6.7513,4.0000,96.0000,AG03-UNRESOLVED,ALL5_LEVELS_bet23_to_bet27,6.7513,6.7513,6.7513,6.7513,6.7513,4.000000,4.000000,4.000000,4.000000,4.000000,96.000000,96.000000,96.000000,96.000000,96.000000,5.0,33.7565,31.1619,135.0261,137.6208,PENDING_AG03,FALSE,NOT_FOR_ENFORCEMENT,162.0313,4090.5592,168.7826,162.0313,6.7513,0.03571071,0.03428228,6.7513,162.0313,0.03428228,6.7513,6.7513,6.7513,6.7513,6.7513,162.0313,0.03428228,33.7565,31.1619,135.0261,137.6208,0.02856857,0.02911754,0.00142843,3.5298,3.5597,0.1410,3.6692,0.2905,102.7475,26.0217,3.1802,3.7422,2.0771,4.0878,4.1543,6.1317,6.2314,7.1537,3.1157,-1.022,1.524396,1.75,0.863492,29,159,71,5,0.34046406,0.03571071,0.04850756,0E-8,0.000000,0.901534,0.000000,-0.01940280,2026-05-27,2026-07-31,46,581,334,66,0.696970,0.849821,0.900951,1.134880,,,,,,,,GLOBAL_BASELINE_NO_ENTITY_RANKING,,,NOT_APPLICABLE_GLOBAL_BASELINE,HF9g-P5,,,,X 全窗基线 · 不参与实体赏罚,6878596,688,A168_HF9F_20260827_0900,2026-08-27 09:00:00
2026-07-11,132190460,1004,0,8.1756121490,2.0439030372,2.0439030372,0.6666667,3,3,0.49771390000000000,0.497713900000,0.5852756695216578,0.5852756695216578,0.5852756695216578,0E-17,ELIGIBLE,R03b_20260811_FULL_v1,L1_ELIGIBILITY,v2026-08-11,2026-03-21..2026-08-06,baccarat_bet02_101_all_pairs_incl_sentinel,round_win = game_pnl > 0 (decisive only),COMPATIBILITY_ONLY_NOT_PRODUCTION,4726.3868,4260.9992,168.7826,1339,1197,-0.03571071,-0.04850756,-0.02910476,-0.03571071,-168.7826,4726.3868,OK,0.0000,6.7513,4.0000,96.0000,AG03-UNRESOLVED,ALL5_LEVELS_bet23_to_bet27,6.7513,6.7513,6.7513,6.7513,6.7513,4.000000,4.000000,4.000000,4.000000,4.000000,96.000000,96.000000,96.000000,96.000000,96.000000,5.0,33.7565,31.1619,135.0261,137.6208,PENDING_AG03,FALSE,NOT_FOR_ENFORCEMENT,162.0313,4090.5592,168.7826,162.0313,6.7513,0.03571071,0.03428228,6.7513,162.0313,0.03428228,6.7513,6.7513,6.7513,6.7513,6.7513,162.0313,0.03428228,33.7565,31.1619,135.0261,137.6208,0.02856857,0.02911754,0.00142843,3.5298,3.5597,0.1410,3.6692,0.2905,102.7475,26.0217,3.1802,3.7422,2.0771,4.0878,4.1543,6.1317,6.2314,7.1537,3.1157,-1.022,1.524396,1.75,0.863492,29,159,71,5,0.34046406,0.03571071,0.04850756,0E-8,0.000000,0.901534,0.000000,-0.01940280,2026-05-27,2026-07-31,46,581,334,66,0.696970,0.849821,0.900951,1.134880,,,,,,,,GLOBAL_BASELINE_NO_ENTITY_RANKING,,,NOT_APPLICABLE_GLOBAL_BASELINE,HF9g-P5,,,,X 全窗基线 · 不参与实体赏罚,6878597,688,A168_HF9F_20260827_0900,2026-08-27 09:00:00
2026-07-11,132190460,1109,0,3.0658545559,-3.0658545559,-3.0658545559,0E-7,1,1,0.50665070000000000,0.506650700000,-1.013391052207602,-1.013391052207602,-1.013391052207602,0E-17,ELIGIBLE,R03b_20260811_FULL_v1,L1_ELIGIBILITY,v2026-08-11,2026-03-21..2026-08-06,baccarat_bet02_101_all_pairs_incl_sentinel,round_win = game_pnl > 0 (decisive only),COMPATIBILITY_ONLY_NOT_PRODUCTION,4726.3868,4260.9992,168.7826,1339,1197,-0.03571071,-0.04850756,-0.02910476,-0.03571071,-168.7826,4726.3868,OK,0.0000,6.7513,4.0000,96.0000,AG03-UNRESOLVED,ALL5_LEVELS_bet23_to_bet27,6.7513,6.7513,6.7513,6.7513,6.7513,4.000000,4.000000,4.000000,4.000000,4.000000,96.000000,96.000000,96.000000,96.000000,96.000000,5.0,33.7565,31.1619,135.0261,137.6208,PENDING_AG03,FALSE,NOT_FOR_ENFORCEMENT,162.0313,4090.5592,168.7826,162.0313,6.7513,0.03571071,0.03428228,6.7513,162.0313,0.03428228,6.7513,6.7513,6.7513,6.7513,6.7513,162.0313,0.03428228,33.7565,31.1619,135.0261,137.6208,0.02856857,0.02911754,0.00142843,3.5298,3.5597,0.1410,3.6692,0.2905,102.7475,26.0217,3.1802,3.7422,2.0771,4.0878,4.1543,6.1317,6.2314,7.1537,3.1157,-1.022,1.524396,1.75,0.863492,29,159,71,5,0.34046406,0.03571071,0.04850756,0E-8,0.000000,0.901534,0.000000,-0.01940280,2026-05-27,2026-07-31,46,581,334,66,0.696970,0.849821,0.900951,1.134880,,,,,,,,GLOBAL_BASELINE_NO_ENTITY_RANKING,,,NOT_APPLICABLE_GLOBAL_BASELINE,HF9g-P5,,,,X 全窗基线 · 不参与实体赏罚,6878598,688,A168_HF9F_20260827_0900,2026-08-27 09:00:00
2026-07-11,132190460,1151,0,5.1097575931,-5.1097575931,-5.1097575931,0E-7,1,1,0.50665070000000000,0.506650700000,-1.013391052207602,-1.013391052207602,-1.013391052207602,0E-17,ELIGIBLE,R03b_20260811_FULL_v1,L1_ELIGIBILITY,v2026-08-11,2026-03-21..2026-08-06,baccarat_bet02_101_all_pairs_incl_sentinel,round_win = game_pnl > 0 (decisive only),COMPATIBILITY_ONLY_NOT_PRODUCTION,4726.3868,4260.9992,168.7826,1339,1197,-0.03571071,-0.04850756,-0.02910476,-0.03571071,-168.7826,4726.3868,OK,0.0000,6.7513,4.0000,96.0000,AG03-UNRESOLVED,ALL5_LEVELS_bet23_to_bet27,6.7513,6.7513,6.7513,6.7513,6.7513,4.000000,4.000000,4.000000,4.000000,4.000000,96.000000,96.000000,96.000000,96.000000,96.000000,5.0,33.7565,31.1619,135.0261,137.6208,PENDING_AG03,FALSE,NOT_FOR_ENFORCEMENT,162.0313,4090.5592,168.7826,162.0313,6.7513,0.03571071,0.03428228,6.7513,162.0313,0.03428228,6.7513,6.7513,6.7513,6.7513,6.7513,162.0313,0.03428228,33.7565,31.1619,135.0261,137.6208,0.02856857,0.02911754,0.00142843,3.5298,3.5597,0.1410,3.6692,0.2905,102.7475,26.0217,3.1802,3.7422,2.0771,4.0878,4.1543,6.1317,6.2314,7.1537,3.1157,-1.022,1.524396,1.75,0.863492,29,159,71,5,0.34046406,0.03571071,0.04850756,0E-8,0.000000,0.901534,0.000000,-0.01940280,2026-05-27,2026-07-31,46,581,334,66,0.696970,0.849821,0.900951,1.134880,,,,,,,,GLOBAL_BASELINE_NO_ENTITY_RANKING,,,NOT_APPLICABLE_GLOBAL_BASELINE,HF9g-P5,,,,X 全窗基线 · 不参与实体赏罚,6878599,688,A168_HF9F_20260827_0900,2026-08-27 09:00:00
2026-07-11,132190460,1210,0,9.1975636676,4.0878060745,4.0878060745,1.0000000,3,2,0.46002527500054178,0.393584825000,1.0834175570704463,1.2412688522058144,1.0834175570704463,0.06644045000054178,ELIGIBLE,R03b_20260811_FULL_v1,L1_ELIGIBILITY,v2026-08-11,2026-03-21..2026-08-06,baccarat_bet02_101_all_pairs_incl_sentinel,round_win = game_pnl > 0 (decisive only),COMPATIBILITY_ONLY_NOT_PRODUCTION,4726.3868,4260.9992,168.7826,1339,1197,-0.03571071,-0.04850756,-0.02910476,-0.03571071,-168.7826,4726.3868,OK,0.0000,6.7513,4.0000,96.0000,AG03-UNRESOLVED,ALL5_LEVELS_bet23_to_bet27,6.7513,6.7513,6.7513,6.7513,6.7513,4.000000,4.000000,4.000000,4.000000,4.000000,96.000000,96.000000,96.000000,96.000000,96.000000,5.0,33.7565,31.1619,135.0261,137.6208,PENDING_AG03,FALSE,NOT_FOR_ENFORCEMENT,162.0313,4090.5592,168.7826,162.0313,6.7513,0.03571071,0.03428228,6.7513,162.0313,0.03428228,6.7513,6.7513,6.7513,6.7513,6.7513,162.0313,0.03428228,33.7565,31.1619,135.0261,137.6208,0.02856857,0.02911754,0.00142843,3.5298,3.5597,0.1410,3.6692,0.2905,102.7475,26.0217,3.1802,3.7422,2.0771,4.0878,4.1543,6.1317,6.2314,7.1537,3.1157,-1.022,1.524396,1.75,0.863492,29,159,71,5,0.34046406,0.03571071,0.04850756,0E-8,0.000000,0.901534,0.000000,-0.01940280,2026-05-27,2026-07-31,46,581,334,66,0.696970,0.849821,0.900951,1.134880,,,,,,,,GLOBAL_BASELINE_NO_ENTITY_RANKING,,,NOT_APPLICABLE_GLOBAL_BASELINE,HF9g-P5,,,,X 全窗基线 · 不参与实体赏罚,6878600,688,A168_HF9F_20260827_0900,2026-08-27 09:00:00
2026-07-11,132190460,1221,0,6.7448800229,1.4307321261,1.4307321261,0.5000000,2,2,0.49324550000000000,0.493245500000,0.01910635448239258,0.01910635448239258,0.01910635448239258,0E-17,ELIGIBLE,R03b_20260811_FULL_v1,L1_ELIGIBILITY,v2026-08-11,2026-03-21..2026-08-06,baccarat_bet02_101_all_pairs_incl_sentinel,round_win = game_pnl > 0 (decisive only),COMPATIBILITY_ONLY_NOT_PRODUCTION,4726.3868,4260.9992,168.7826,1339,1197,-0.03571071,-0.04850756,-0.02910476,-0.03571071,-168.7826,4726.3868,OK,0.0000,6.7513,4.0000,96.0000,AG03-UNRESOLVED,ALL5_LEVELS_bet23_to_bet27,6.7513,6.7513,6.7513,6.7513,6.7513,4.000000,4.000000,4.000000,4.000000,4.000000,96.000000,96.000000,96.000000,96.000000,96.000000,5.0,33.7565,31.1619,135.0261,137.6208,PENDING_AG03,FALSE,NOT_FOR_ENFORCEMENT,162.0313,4090.5592,168.7826,162.0313,6.7513,0.03571071,0.03428228,6.7513,162.0313,0.03428228,6.7513,6.7513,6.7513,6.7513,6.7513,162.0313,0.03428228,33.7565,31.1619,135.0261,137.6208,0.02856857,0.02911754,0.00142843,3.5298,3.5597,0.1410,3.6692,0.2905,102.7475,26.0217,3.1802,3.7422,2.0771,4.0878,4.1543,6.1317,6.2314,7.1537,3.1157,-1.022,1.524396,1.75,0.863492,29,159,71,5,0.34046406,0.03571071,0.04850756,0E-8,0.000000,0.901534,0.000000,-0.01940280,2026-05-27,2026-07-31,46,581,334,66,0.696970,0.849821,0.900951,1.134880,,,,,,,,GLOBAL_BASELINE_NO_ENTITY_RANKING,,,NOT_APPLICABLE_GLOBAL_BASELINE,HF9g-P5,,,,X 全窗基线 · 不参与实体赏罚,6878601,688,A168_HF9F_20260827_0900,2026-08-27 09:00:00
2026-07-11,132190460,1304,0,5.1097575931,-5.1097575931,-5.1097575931,0E-7,2,2,0.50665070000000000,0.506650700000,-1.4331513700195317,-1.4331513700195317,-1.4331513700195317,0E-17,ELIGIBLE,R03b_20260811_FULL_v1,L1_ELIGIBILITY,v2026-08-11,2026-03-21..2026-08-06,baccarat_bet02_101_all_pairs_incl_sentinel,round_win = game_pnl > 0 (decisive only),COMPATIBILITY_ONLY_NOT_PRODUCTION,4726.3868,4260.9992,168.7826,1339,1197,-0.03571071,-0.04850756,-0.02910476,-0.03571071,-168.7826,4726.3868,OK,0.0000,6.7513,4.0000,96.0000,AG03-UNRESOLVED,ALL5_LEVELS_bet23_to_bet27,6.7513,6.7513,6.7513,6.7513,6.7513,4.000000,4.000000,4.000000,4.000000,4.000000,96.000000,96.000000,96.000000,96.000000,96.000000,5.0,33.7565,31.1619,135.0261,137.6208,PENDING_AG03,FALSE,NOT_FOR_ENFORCEMENT,162.0313,4090.5592,168.7826,162.0313,6.7513,0.03571071,0.03428228,6.7513,162.0313,0.03428228,6.7513,6.7513,6.7513,6.7513,6.7513,162.0313,0.03428228,33.7565,31.1619,135.0261,137.6208,0.02856857,0.02911754,0.00142843,3.5298,3.5597,0.1410,3.6692,0.2905,102.7475,26.0217,3.1802,3.7422,2.0771,4.0878,4.1543,6.1317,6.2314,7.1537,3.1157,-1.022,1.524396,1.75,0.863492,29,159,71,5,0.34046406,0.03571071,0.04850756,0E-8,0.000000,0.901534,0.000000,-0.01940280,2026-05-27,2026-07-31,46,581,334,66,0.696970,0.849821,0.900951,1.134880,,,,,,,,GLOBAL_BASELINE_NO_ENTITY_RANKING,,,NOT_APPLICABLE_GLOBAL_BASELINE,HF9g-P5,,,,X 全窗基线 · 不参与实体赏罚,6878602,688,A168_HF9F_20260827_0900,2026-08-27 09:00:00
2026-07-11,132190460,1363,0,8.1756121490,-8.1756121490,-8.1756121490,0E-7,2,2,0.49994810000000000,0.499948100000,-1.4140667746232096,-1.4140667746232096,-1.4140667746232096,0E-17,ELIGIBLE,R03b_20260811_FULL_v1,L1_ELIGIBILITY,v2026-08-11,2026-03-21..2026-08-06,baccarat_bet02_101_all_pairs_incl_sentinel,round_win = game_pnl > 0 (decisive only),COMPATIBILITY_ONLY_NOT_PRODUCTION,4726.3868,4260.9992,168.7826,1339,1197,-0.03571071,-0.04850756,-0.02910476,-0.03571071,-168.7826,4726.3868,OK,0.0000,6.7513,4.0000,96.0000,AG03-UNRESOLVED,ALL5_LEVELS_bet23_to_bet27,6.7513,6.7513,6.7513,6.7513,6.7513,4.000000,4.000000,4.000000,4.000000,4.000000,96.000000,96.000000,96.000000,96.000000,96.000000,5.0,33.7565,31.1619,135.0261,137.6208,PENDING_AG03,FALSE,NOT_FOR_ENFORCEMENT,162.0313,4090.5592,168.7826,162.0313,6.7513,0.03571071,0.03428228,6.7513,162.0313,0.03428228,6.7513,6.7513,6.7513,6.7513,6.7513,162.0313,0.03428228,33.7565,31.1619,135.0261,137.6208,0.02856857,0.02911754,0.00142843,3.5298,3.5597,0.1410,3.6692,0.2905,102.7475,26.0217,3.1802,3.7422,2.0771,4.0878,4.1543,6.1317,6.2314,7.1537,3.1157,-1.022,1.524396,1.75,0.863492,29,159,71,5,0.34046406,0.03571071,0.04850756,0E-8,0.000000,0.901534,0.000000,-0.01940280,2026-05-27,2026-07-31,46,581,334,66,0.696970,0.849821,0.900951,1.134880,,,,,,,,GLOBAL_BASELINE_NO_ENTITY_RANKING,,,NOT_APPLICABLE_GLOBAL_BASELINE,HF9g-P5,,,,X 全窗基线 · 不参与实体赏罚,6878603,688,A168_HF9F_20260827_0900,2026-08-27 09:00:00
2026-07-11,132190460,1374,0,2.4526836447,2.4526836447,2.4526836447,1.0000000,1,1,0.49324550000000000,0.493245500000,1.01360149184955,1.01360149184955,1.01360149184955,0E-17,ELIGIBLE,R03b_20260811_FULL_v1,L1_ELIGIBILITY,v2026-08-11,2026-03-21..2026-08-06,baccarat_bet02_101_all_pairs_incl_sentinel,round_win = game_pnl > 0 (decisive only),COMPATIBILITY_ONLY_NOT_PRODUCTION,4726.3868,4260.9992,168.7826,1339,1197,-0.03571071,-0.04850756,-0.02910476,-0.03571071,-168.7826,4726.3868,OK,0.0000,6.7513,4.0000,96.0000,AG03-UNRESOLVED,ALL5_LEVELS_bet23_to_bet27,6.7513,6.7513,6.7513,6.7513,6.7513,4.000000,4.000000,4.000000,4.000000,4.000000,96.000000,96.000000,96.000000,96.000000,96.000000,5.0,33.7565,31.1619,135.0261,137.6208,PENDING_AG03,FALSE,NOT_FOR_ENFORCEMENT,162.0313,4090.5592,168.7826,162.0313,6.7513,0.03571071,0.03428228,6.7513,162.0313,0.03428228,6.7513,6.7513,6.7513,6.7513,6.7513,162.0313,0.03428228,33.7565,31.1619,135.0261,137.6208,0.02856857,0.02911754,0.00142843,3.5298,3.5597,0.1410,3.6692,0.2905,102.7475,26.0217,3.1802,3.7422,2.0771,4.0878,4.1543,6.1317,6.2314,7.1537,3.1157,-1.022,1.524396,1.75,0.863492,29,159,71,5,0.34046406,0.03571071,0.04850756,0E-8,0.000000,0.901534,0.000000,-0.01940280,2026-05-27,2026-07-31,46,581,334,66,0.696970,0.849821,0.900951,1.134880,,,,,,,,GLOBAL_BASELINE_NO_ENTITY_RANKING,,,NOT_APPLICABLE_GLOBAL_BASELINE,HF9g-P5,,,,X 全窗基线 · 不参与实体赏罚,6878604,688,A168_HF9F_20260827_0900,2026-08-27 09:00:00
2026-07-11,132190460,1383,0,10.2195151861,1.7373175818,1.7373175818,0.5000000,4,4,0.50329940000000000,0.503299400000,-0.01319788734859681,-0.01319788734859681,-0.01319788734859681,0E-17,ELIGIBLE,R03b_20260811_FULL_v1,L1_ELIGIBILITY,v2026-08-11,2026-03-21..2026-08-06,baccarat_bet02_101_all_pairs_incl_sentinel,round_win = game_pnl > 0 (decisive only),COMPATIBILITY_ONLY_NOT_PRODUCTION,4726.3868,4260.9992,168.7826,1339,1197,-0.03571071,-0.04850756,-0.02910476,-0.03571071,-168.7826,4726.3868,OK,0.0000,6.7513,4.0000,96.0000,AG03-UNRESOLVED,ALL5_LEVELS_bet23_to_bet27,6.7513,6.7513,6.7513,6.7513,6.7513,4.000000,4.000000,4.000000,4.000000,4.000000,96.000000,96.000000,96.000000,96.000000,96.000000,5.0,33.7565,31.1619,135.0261,137.6208,PENDING_AG03,FALSE,NOT_FOR_ENFORCEMENT,162.0313,4090.5592,168.7826,162.0313,6.7513,0.03571071,0.03428228,6.7513,162.0313,0.03428228,6.7513,6.7513,6.7513,6.7513,6.7513,162.0313,0.03428228,33.7565,31.1619,135.0261,137.6208,0.02856857,0.02911754,0.00142843,3.5298,3.5597,0.1410,3.6692,0.2905,102.7475,26.0217,3.1802,3.7422,2.0771,4.0878,4.1543,6.1317,6.2314,7.1537,3.1157,-1.022,1.524396,1.75,0.863492,29,159,71,5,0.34046406,0.03571071,0.04850756,0E-8,0.000000,0.901534,0.000000,-0.01940280,2026-05-27,2026-07-31,46,581,334,66,0.696970,0.849821,0.900951,1.134880,,,,,,,,GLOBAL_BASELINE_NO_ENTITY_RANKING,,,NOT_APPLICABLE_GLOBAL_BASELINE,HF9g-P5,,,,X 全窗基线 · 不参与实体赏罚,6878605,688,A168_HF9F_20260827_0900,2026-08-27 09:00:00
2026-07-11,132190460,1385,0,7.1536606304,-7.1536606304,-7.1536606304,0E-7,2,2,0.49324550000000000,0.493245500000,-1.3952362676504506,-1.3952362676504506,-1.3952362676504506,0E-17,ELIGIBLE,R03b_20260811_FULL_v1,L1_ELIGIBILITY,v2026-08-11,2026-03-21..2026-08-06,baccarat_bet02_101_all_pairs_incl_sentinel,round_win = game_pnl > 0 (decisive only),COMPATIBILITY_ONLY_NOT_PRODUCTION,4726.3868,4260.9992,168.7826,1339,1197,-0.03571071,-0.04850756,-0.02910476,-0.03571071,-168.7826,4726.3868,OK,0.0000,6.7513,4.0000,96.0000,AG03-UNRESOLVED,ALL5_LEVELS_bet23_to_bet27,6.7513,6.7513,6.7513,6.7513,6.7513,4.000000,4.000000,4.000000,4.000000,4.000000,96.000000,96.000000,96.000000,96.000000,96.000000,5.0,33.7565,31.1619,135.0261,137.6208,PENDING_AG03,FALSE,NOT_FOR_ENFORCEMENT,162.0313,4090.5592,168.7826,162.0313,6.7513,0.03571071,0.03428228,6.7513,162.0313,0.03428228,6.7513,6.7513,6.7513,6.7513,6.7513,162.0313,0.03428228,33.7565,31.1619,135.0261,137.6208,0.02856857,0.02911754,0.00142843,3.5298,3.5597,0.1410,3.6692,0.2905,102.7475,26.0217,3.1802,3.7422,2.0771,4.0878,4.1543,6.1317,6.2314,7.1537,3.1157,-1.022,1.524396,1.75,0.863492,29,159,71,5,0.34046406,0.03571071,0.04850756,0E-8,0.000000,0.901534,0.000000,-0.01940280,2026-05-27,2026-07-31,46,581,334,66,0.696970,0.849821,0.900951,1.134880,,,,,,,,GLOBAL_BASELINE_NO_ENTITY_RANKING,,,NOT_APPLICABLE_GLOBAL_BASELINE,HF9g-P5,,,,X 全窗基线 · 不参与实体赏罚,6878606,688,A168_HF9F_20260827_0900,2026-08-27 09:00:00
2026-07-11,132190460,1402,0,21.4609818910,6.4382945673,6.4382945673,0.7500000,6,4,0.46952062500055089,0.401963075000,1.124007832953099,1.4197054147302135,1.124007832953099,0.06755755000055089,ELIGIBLE,R03b_20260811_FULL_v1,L1_ELIGIBILITY,v2026-08-11,2026-03-21..2026-08-06,baccarat_bet02_101_all_pairs_incl_sentinel,round_win = game_pnl > 0 (decisive only),COMPATIBILITY_ONLY_NOT_PRODUCTION,4726.3868,4260.9992,168.7826,1339,1197,-0.03571071,-0.04850756,-0.02910476,-0.03571071,-168.7826,4726.3868,OK,0.0000,6.7513,4.0000,96.0000,AG03-UNRESOLVED,ALL5_LEVELS_bet23_to_bet27,6.7513,6.7513,6.7513,6.7513,6.7513,4.000000,4.000000,4.000000,4.000000,4.000000,96.000000,96.000000,96.000000,96.000000,96.000000,5.0,33.7565,31.1619,135.0261,137.6208,PENDING_AG03,FALSE,NOT_FOR_ENFORCEMENT,162.0313,4090.5592,168.7826,162.0313,6.7513,0.03571071,0.03428228,6.7513,162.0313,0.03428228,6.7513,6.7513,6.7513,6.7513,6.7513,162.0313,0.03428228,33.7565,31.1619,135.0261,137.6208,0.02856857,0.02911754,0.00142843,3.5298,3.5597,0.1410,3.6692,0.2905,102.7475,26.0217,3.1802,3.7422,2.0771,4.0878,4.1543,6.1317,6.2314,7.1537,3.1157,-1.022,1.524396,1.75,0.863492,29,159,71,5,0.34046406,0.03571071,0.04850756,0E-8,0.000000,0.901534,0.000000,-0.01940280,2026-05-27,2026-07-31,46,581,334,66,0.696970,0.849821,0.900951,1.134880,,,,,,,,GLOBAL_BASELINE_NO_ENTITY_RANKING,,,NOT_APPLICABLE_GLOBAL_BASELINE,HF9g-P5,,,,X 全窗基线 · 不参与实体赏罚,6878607,688,A168_HF9F_20260827_0900,2026-08-27 09:00:00
2026-07-11,132190460,1405,0,6.1317091117,-6.1317091117,-6.1317091117,0E-7,3,2,0.45874331000080640,0.396936125000,-1.3019617670899495,-1.1473440127882213,-1.3019617670899495,0.06180718500080640,ELIGIBLE,R03b_20260811_FULL_v1,L1_ELIGIBILITY,v2026-08-11,2026-03-21..2026-08-06,baccarat_bet02_101_all_pairs_incl_sentinel,round_win = game_pnl > 0 (decisive only),COMPATIBILITY_ONLY_NOT_PRODUCTION,4726.3868,4260.9992,168.7826,1339,1197,-0.03571071,-0.04850756,-0.02910476,-0.03571071,-168.7826,4726.3868,OK,0.0000,6.7513,4.0000,96.0000,AG03-UNRESOLVED,ALL5_LEVELS_bet23_to_bet27,6.7513,6.7513,6.7513,6.7513,6.7513,4.000000,4.000000,4.000000,4.000000,4.000000,96.000000,96.000000,96.000000,96.000000,96.000000,5.0,33.7565,31.1619,135.0261,137.6208,PENDING_AG03,FALSE,NOT_FOR_ENFORCEMENT,162.0313,4090.5592,168.7826,162.0313,6.7513,0.03571071,0.03428228,6.7513,162.0313,0.03428228,6.7513,6.7513,6.7513,6.7513,6.7513,162.0313,0.03428228,33.7565,31.1619,135.0261,137.6208,0.02856857,0.02911754,0.00142843,3.5298,3.5597,0.1410,3.6692,0.2905,102.7475,26.0217,3.1802,3.7422,2.0771,4.0878,4.1543,6.1317,6.2314,7.1537,3.1157,-1.022,1.524396,1.75,0.863492,29,159,71,5,0.34046406,0.03571071,0.04850756,0E-8,0.000000,0.901534,0.000000,-0.01940280,2026-05-27,2026-07-31,46,581,334,66,0.696970,0.849821,0.900951,1.134880,,,,,,,,GLOBAL_BASELINE_NO_ENTITY_RANKING,,,NOT_APPLICABLE_GLOBAL_BASELINE,HF9g-P5,,,,X 全窗基线 · 不参与实体赏罚,6878608,688,A168_HF9F_20260827_0900,2026-08-27 09:00:00
2026-07-11,132190460,1645,0,4.0878060745,4.0878060745,4.0878060745,1.0000000,1,1,0.49324550000000000,0.493245500000,1.01360149184955,1.01360149184955,1.01360149184955,0E-17,ELIGIBLE,R03b_20260811_FULL_v1,L1_ELIGIBILITY,v2026-08-11,2026-03-21..2026-08-06,baccarat_bet02_101_all_pairs_incl_sentinel,round_win = game_pnl > 0 (decisive only),COMPATIBILITY_ONLY_NOT_PRODUCTION,4726.3868,4260.9992,168.7826,1339,1197,-0.03571071,-0.04850756,-0.02910476,-0.03571071,-168.7826,4726.3868,OK,0.0000,6.7513,4.0000,96.0000,AG03-UNRESOLVED,ALL5_LEVELS_bet23_to_bet27,6.7513,6.7513,6.7513,6.7513,6.7513,4.000000,4.000000,4.000000,4.000000,4.000000,96.000000,96.000000,96.000000,96.000000,96.000000,5.0,33.7565,31.1619,135.0261,137.6208,PENDING_AG03,FALSE,NOT_FOR_ENFORCEMENT,162.0313,4090.5592,168.7826,162.0313,6.7513,0.03571071,0.03428228,6.7513,162.0313,0.03428228,6.7513,6.7513,6.7513,6.7513,6.7513,162.0313,0.03428228,33.7565,31.1619,135.0261,137.6208,0.02856857,0.02911754,0.00142843,3.5298,3.5597,0.1410,3.6692,0.2905,102.7475,26.0217,3.1802,3.7422,2.0771,4.0878,4.1543,6.1317,6.2314,7.1537,3.1157,-1.022,1.524396,1.75,0.863492,29,159,71,5,0.34046406,0.03571071,0.04850756,0E-8,0.000000,0.901534,0.000000,-0.01940280,2026-05-27,2026-07-31,46,581,334,66,0.696970,0.849821,0.900951,1.134880,,,,,,,,GLOBAL_BASELINE_NO_ENTITY_RANKING,,,NOT_APPLICABLE_GLOBAL_BASELINE,HF9g-P5,,,,X 全窗基线 · 不参与实体赏罚,6878609,688,A168_HF9F_20260827_0900,2026-08-27 09:00:00
2026-07-11,132190460,1646,0,4.0878060744,3.9856109226,3.9856109226,1.0000000,2,2,0.49994810000000000,0.499948100000,1.4143603653603398,1.4143603653603398,1.4143603653603398,0E-17,ELIGIBLE,R03b_20260811_FULL_v1,L1_ELIGIBILITY,v2026-08-11,2026-03-21..2026-08-06,baccarat_bet02_101_all_pairs_incl_sentinel,round_win = game_pnl > 0 (decisive only),COMPATIBILITY_ONLY_NOT_PRODUCTION,4726.3868,4260.9992,168.7826,1339,1197,-0.03571071,-0.04850756,-0.02910476,-0.03571071,-168.7826,4726.3868,OK,0.0000,6.7513,4.0000,96.0000,AG03-UNRESOLVED,ALL5_LEVELS_bet23_to_bet27,6.7513,6.7513,6.7513,6.7513,6.7513,4.000000,4.000000,4.000000,4.000000,4.000000,96.000000,96.000000,96.000000,96.000000,96.000000,5.0,33.7565,31.1619,135.0261,137.6208,PENDING_AG03,FALSE,NOT_FOR_ENFORCEMENT,162.0313,4090.5592,168.7826,162.0313,6.7513,0.03571071,0.03428228,6.7513,162.0313,0.03428228,6.7513,6.7513,6.7513,6.7513,6.7513,162.0313,0.03428228,33.7565,31.1619,135.0261,137.6208,0.02856857,0.02911754,0.00142843,3.5298,3.5597,0.1410,3.6692,0.2905,102.7475,26.0217,3.1802,3.7422,2.0771,4.0878,4.1543,6.1317,6.2314,7.1537,3.1157,-1.022,1.524396,1.75,0.863492,29,159,71,5,0.34046406,0.03571071,0.04850756,0E-8,0.000000,0.901534,0.000000,-0.01940280,2026-05-27,2026-07-31,46,581,334,66,0.696970,0.849821,0.900951,1.134880,,,,,,,,GLOBAL_BASELINE_NO_ENTITY_RANKING,,,NOT_APPLICABLE_GLOBAL_BASELINE,HF9g-P5,,,,X 全窗基线 · 不参与实体赏罚,6878610,688,A168_HF9F_20260827_0900,2026-08-27 09:00:00
2026-07-11,132190460,1704,0,12.2634182235,3.9345133467,3.9345133467,0.6666667,3,3,0.50218230000000000,0.502182300000,0.5697959874915163,0.5697959874915164,0.5697959874915163,0E-17,ELIGIBLE,R03b_20260811_FULL_v1,L1_ELIGIBILITY,v2026-08-11,2026-03-21..2026-08-06,baccarat_bet02_101_all_pairs_incl_sentinel,round_win = game_pnl > 0 (decisive only),COMPATIBILITY_ONLY_NOT_PRODUCTION,4726.3868,4260.9992,168.7826,1339,1197,-0.03571071,-0.04850756,-0.02910476,-0.03571071,-168.7826,4726.3868,OK,0.0000,6.7513,4.0000,96.0000,AG03-UNRESOLVED,ALL5_LEVELS_bet23_to_bet27,6.7513,6.7513,6.7513,6.7513,6.7513,4.000000,4.000000,4.000000,4.000000,4.000000,96.000000,96.000000,96.000000,96.000000,96.000000,5.0,33.7565,31.1619,135.0261,137.6208,PENDING_AG03,FALSE,NOT_FOR_ENFORCEMENT,162.0313,4090.5592,168.7826,162.0313,6.7513,0.03571071,0.03428228,6.7513,162.0313,0.03428228,6.7513,6.7513,6.7513,6.7513,6.7513,162.0313,0.03428228,33.7565,31.1619,135.0261,137.6208,0.02856857,0.02911754,0.00142843,3.5298,3.5597,0.1410,3.6692,0.2905,102.7475,26.0217,3.1802,3.7422,2.0771,4.0878,4.1543,6.1317,6.2314,7.1537,3.1157,-1.022,1.524396,1.75,0.863492,29,159,71,5,0.34046406,0.03571071,0.04850756,0E-8,0.000000,0.901534,0.000000,-0.01940280,2026-05-27,2026-07-31,46,581,334,66,0.696970,0.849821,0.900951,1.134880,,,,,,,,GLOBAL_BASELINE_NO_ENTITY_RANKING,,,NOT_APPLICABLE_GLOBAL_BASELINE,HF9g-P5,,,,X 全窗基线 · 不参与实体赏罚,6878611,688,A168_HF9F_20260827_0900,2026-08-27 09:00:00
2026-07-11,132190460,1710,0,6.1317091117,2.0439030373,2.0439030373,0.5000000,2,2,0.49324550000000000,0.493245500000,0.01910635448239258,0.01910635448239258,0.01910635448239258,0E-17,ELIGIBLE,R03b_20260811_FULL_v1,L1_ELIGIBILITY,v2026-08-11,2026-03-21..2026-08-06,baccarat_bet02_101_all_pairs_incl_sentinel,round_win = game_pnl > 0 (decisive only),COMPATIBILITY_ONLY_NOT_PRODUCTION,4726.3868,4260.9992,168.7826,1339,1197,-0.03571071,-0.04850756,-0.02910476,-0.03571071,-168.7826,4726.3868,OK,0.0000,6.7513,4.0000,96.0000,AG03-UNRESOLVED,ALL5_LEVELS_bet23_to_bet27,6.7513,6.7513,6.7513,6.7513,6.7513,4.000000,4.000000,4.000000,4.000000,4.000000,96.000000,96.000000,96.000000,96.000000,96.000000,5.0,33.7565,31.1619,135.0261,137.6208,PENDING_AG03,FALSE,NOT_FOR_ENFORCEMENT,162.0313,4090.5592,168.7826,162.0313,6.7513,0.03571071,0.03428228,6.7513,162.0313,0.03428228,6.7513,6.7513,6.7513,6.7513,6.7513,162.0313,0.03428228,33.7565,31.1619,135.0261,137.6208,0.02856857,0.02911754,0.00142843,3.5298,3.5597,0.1410,3.6692,0.2905,102.7475,26.0217,3.1802,3.7422,2.0771,4.0878,4.1543,6.1317,6.2314,7.1537,3.1157,-1.022,1.524396,1.75,0.863492,29,159,71,5,0.34046406,0.03571071,0.04850756,0E-8,0.000000,0.901534,0.000000,-0.01940280,2026-05-27,2026-07-31,46,581,334,66,0.696970,0.849821,0.900951,1.134880,,,,,,,,GLOBAL_BASELINE_NO_ENTITY_RANKING,,,NOT_APPLICABLE_GLOBAL_BASELINE,HF9g-P5,,,,X 全窗基线 · 不参与实体赏罚,6878612,688,A168_HF9F_20260827_0900,2026-08-27 09:00:00
2026-07-11,132190460,1957,0,4.0878060745,-4.0878060745,-4.0878060745,0E-7,1,1,0.50665070000000000,0.506650700000,-1.013391052207602,-1.013391052207602,-1.013391052207602,0E-17,ELIGIBLE,R03b_20260811_FULL_v1,L1_ELIGIBILITY,v2026-08-11,2026-03-21..2026-08-06,baccarat_bet02_101_all_pairs_incl_sentinel,round_win = game_pnl > 0 (decisive only),COMPATIBILITY_ONLY_NOT_PRODUCTION,4726.3868,4260.9992,168.7826,1339,1197,-0.03571071,-0.04850756,-0.02910476,-0.03571071,-168.7826,4726.3868,OK,0.0000,6.7513,4.0000,96.0000,AG03-UNRESOLVED,ALL5_LEVELS_bet23_to_bet27,6.7513,6.7513,6.7513,6.7513,6.7513,4.000000,4.000000,4.000000,4.000000,4.000000,96.000000,96.000000,96.000000,96.000000,96.000000,5.0,33.7565,31.1619,135.0261,137.6208,PENDING_AG03,FALSE,NOT_FOR_ENFORCEMENT,162.0313,4090.5592,168.7826,162.0313,6.7513,0.03571071,0.03428228,6.7513,162.0313,0.03428228,6.7513,6.7513,6.7513,6.7513,6.7513,162.0313,0.03428228,33.7565,31.1619,135.0261,137.6208,0.02856857,0.02911754,0.00142843,3.5298,3.5597,0.1410,3.6692,0.2905,102.7475,26.0217,3.1802,3.7422,2.0771,4.0878,4.1543,6.1317,6.2314,7.1537,3.1157,-1.022,1.524396,1.75,0.863492,29,159,71,5,0.34046406,0.03571071,0.04850756,0E-8,0.000000,0.901534,0.000000,-0.01940280,2026-05-27,2026-07-31,46,581,334,66,0.696970,0.849821,0.900951,1.134880,,,,,,,,GLOBAL_BASELINE_NO_ENTITY_RANKING,,,NOT_APPLICABLE_GLOBAL_BASELINE,HF9g-P5,,,,X 全窗基线 · 不参与实体赏罚,6878613,688,A168_HF9F_20260827_0900,2026-08-27 09:00:00
2026-07-11,132190460,1990,0,12.2634182235,7.0003679026,7.0003679026,1.0000000,3,3,0.50218230000000000,0.502182300000,1.4080544974538591,1.4080544974538591,1.4080544974538591,0E-17,ELIGIBLE,R03b_20260811_FULL_v1,L1_ELIGIBILITY,v2026-08-11,2026-03-21..2026-08-06,baccarat_bet02_101_all_pairs_incl_sentinel,round_win = game_pnl > 0 (decisive only),COMPATIBILITY_ONLY_NOT_PRODUCTION,4726.3868,4260.9992,168.7826,1339,1197,-0.03571071,-0.04850756,-0.02910476,-0.03571071,-168.7826,4726.3868,OK,0.0000,6.7513,4.0000,96.0000,AG03-UNRESOLVED,ALL5_LEVELS_bet23_to_bet27,6.7513,6.7513,6.7513,6.7513,6.7513,4.000000,4.000000,4.000000,4.000000,4.000000,96.000000,96.000000,96.000000,96.000000,96.000000,5.0,33.7565,31.1619,135.0261,137.6208,PENDING_AG03,FALSE,NOT_FOR_ENFORCEMENT,162.0313,4090.5592,168.7826,162.0313,6.7513,0.03571071,0.03428228,6.7513,162.0313,0.03428228,6.7513,6.7513,6.7513,6.7513,6.7513,162.0313,0.03428228,33.7565,31.1619,135.0261,137.6208,0.02856857,0.02911754,0.00142843,3.5298,3.5597,0.1410,3.6692,0.2905,102.7475,26.0217,3.1802,3.7422,2.0771,4.0878,4.1543,6.1317,6.2314,7.1537,3.1157,-1.022,1.524396,1.75,0.863492,29,159,71,5,0.34046406,0.03571071,0.04850756,0E-8,0.000000,0.901534,0.000000,-0.01940280,2026-05-27,2026-07-31,46,581,334,66,0.696970,0.849821,0.900951,1.134880,,,,,,,,GLOBAL_BASELINE_NO_ENTITY_RANKING,,,NOT_APPLICABLE_GLOBAL_BASELINE,HF9g-P5,,,,X 全窗基线 · 不参与实体赏罚,6878614,688,A168_HF9F_20260827_0900,2026-08-27 09:00:00
2026-07-11,132190460,2121,0,2.0439030372,-2.0439030372,-2.0439030372,0E-7,1,1,0.49324550000000000,0.493245500000,-0.9865810262130424,-0.9865810262130424,-0.9865810262130424,0E-17,ELIGIBLE,R03b_20260811_FULL_v1,L1_ELIGIBILITY,v2026-08-11,2026-03-21..2026-08-06,baccarat_bet02_101_all_pairs_incl_sentinel,round_win = game_pnl > 0 (decisive only),COMPATIBILITY_ONLY_NOT_PRODUCTION,4726.3868,4260.9992,168.7826,1339,1197,-0.03571071,-0.04850756,-0.02910476,-0.03571071,-168.7826,4726.3868,OK,0.0000,6.7513,4.0000,96.0000,AG03-UNRESOLVED,ALL5_LEVELS_bet23_to_bet27,6.7513,6.7513,6.7513,6.7513,6.7513,4.000000,4.000000,4.000000,4.000000,4.000000,96.000000,96.000000,96.000000,96.000000,96.000000,5.0,33.7565,31.1619,135.0261,137.6208,PENDING_AG03,FALSE,NOT_FOR_ENFORCEMENT,162.0313,4090.5592,168.7826,162.0313,6.7513,0.03571071,0.03428228,6.7513,162.0313,0.03428228,6.7513,6.7513,6.7513,6.7513,6.7513,162.0313,0.03428228,33.7565,31.1619,135.0261,137.6208,0.02856857,0.02911754,0.00142843,3.5298,3.5597,0.1410,3.6692,0.2905,102.7475,26.0217,3.1802,3.7422,2.0771,4.0878,4.1543,6.1317,6.2314,7.1537,3.1157,-1.022,1.524396,1.75,0.863492,29,159,71,5,0.34046406,0.03571071,0.04850756,0E-8,0.000000,0.901534,0.000000,-0.01940280,2026-05-27,2026-07-31,46,581,334,66,0.696970,0.849821,0.900951,1.134880,,,,,,,,GLOBAL_BASELINE_NO_ENTITY_RANKING,,,NOT_APPLICABLE_GLOBAL_BASELINE,HF9g-P5,,,,X 全窗基线 · 不参与实体赏罚,6878615,688,A168_HF9F_20260827_0900,2026-08-27 09:00:00
2026-07-11,132190460,2127,0,10.0151248825,-6.0295139599,-6.0295139599,0.2500000,4,4,0.50665070000000000,0.506650700000,-1.0266936290537745,-1.0266936290537745,-1.0266936290537745,0E-17,ELIGIBLE,R03b_20260811_FULL_v1,L1_ELIGIBILITY,v2026-08-11,2026-03-21..2026-08-06,baccarat_bet02_101_all_pairs_incl_sentinel,round_win = game_pnl > 0 (decisive only),COMPATIBILITY_ONLY_NOT_PRODUCTION,4726.3868,4260.9992,168.7826,1339,1197,-0.03571071,-0.04850756,-0.02910476,-0.03571071,-168.7826,4726.3868,OK,0.0000,6.7513,4.0000,96.0000,AG03-UNRESOLVED,ALL5_LEVELS_bet23_to_bet27,6.7513,6.7513,6.7513,6.7513,6.7513,4.000000,4.000000,4.000000,4.000000,4.000000,96.000000,96.000000,96.000000,96.000000,96.000000,5.0,33.7565,31.1619,135.0261,137.6208,PENDING_AG03,FALSE,NOT_FOR_ENFORCEMENT,162.0313,4090.5592,168.7826,162.0313,6.7513,0.03571071,0.03428228,6.7513,162.0313,0.03428228,6.7513,6.7513,6.7513,6.7513,6.7513,162.0313,0.03428228,33.7565,31.1619,135.0261,137.6208,0.02856857,0.02911754,0.00142843,3.5298,3.5597,0.1410,3.6692,0.2905,102.7475,26.0217,3.1802,3.7422,2.0771,4.0878,4.1543,6.1317,6.2314,7.1537,3.1157,-1.022,1.524396,1.75,0.863492,29,159,71,5,0.34046406,0.03571071,0.04850756,0E-8,0.000000,0.901534,0.000000,-0.01940280,2026-05-27,2026-07-31,46,581,334,66,0.696970,0.849821,0.900951,1.134880,,,,,,,,GLOBAL_BASELINE_NO_ENTITY_RANKING,,,NOT_APPLICABLE_GLOBAL_BASELINE,HF9g-P5,,,,X 全窗基线 · 不参与实体赏罚,6878616,688,A168_HF9F_20260827_0900,2026-08-27 09:00:00
2026-07-11,132190460,2129,0,1.0219515186,-1.0219515186,-1.0219515186,0E-7,1,1,0.49324550000000000,0.493245500000,-0.9865810262130424,-0.9865810262130424,-0.9865810262130424,0E-17,ELIGIBLE,R03b_20260811_FULL_v1,L1_ELIGIBILITY,v2026-08-11,2026-03-21..2026-08-06,baccarat_bet02_101_all_pairs_incl_sentinel,round_win = game_pnl > 0 (decisive only),COMPATIBILITY_ONLY_NOT_PRODUCTION,4726.3868,4260.9992,168.7826,1339,1197,-0.03571071,-0.04850756,-0.02910476,-0.03571071,-168.7826,4726.3868,OK,0.0000,6.7513,4.0000,96.0000,AG03-UNRESOLVED,ALL5_LEVELS_bet23_to_bet27,6.7513,6.7513,6.7513,6.7513,6.7513,4.000000,4.000000,4.000000,4.000000,4.000000,96.000000,96.000000,96.000000,96.000000,96.000000,5.0,33.7565,31.1619,135.0261,137.6208,PENDING_AG03,FALSE,NOT_FOR_ENFORCEMENT,162.0313,4090.5592,168.7826,162.0313,6.7513,0.03571071,0.03428228,6.7513,162.0313,0.03428228,6.7513,6.7513,6.7513,6.7513,6.7513,162.0313,0.03428228,33.7565,31.1619,135.0261,137.6208,0.02856857,0.02911754,0.00142843,3.5298,3.5597,0.1410,3.6692,0.2905,102.7475,26.0217,3.1802,3.7422,2.0771,4.0878,4.1543,6.1317,6.2314,7.1537,3.1157,-1.022,1.524396,1.75,0.863492,29,159,71,5,0.34046406,0.03571071,0.04850756,0E-8,0.000000,0.901534,0.000000,-0.01940280,2026-05-27,2026-07-31,46,581,334,66,0.696970,0.849821,0.900951,1.134880,,,,,,,,GLOBAL_BASELINE_NO_ENTITY_RANKING,,,NOT_APPLICABLE_GLOBAL_BASELINE,HF9g-P5,,,,X 全窗基线 · 不参与实体赏罚,6878617,688,A168_HF9F_20260827_0900,2026-08-27 09:00:00
2026-07-11,132190460,2145,0,13.2853697421,5.1097575931,5.1097575931,0.6666667,3,3,0.49771390000000000,0.497713900000,0.5852756695216578,0.5852756695216578,0.5852756695216578,0E-17,ELIGIBLE,R03b_20260811_FULL_v1,L1_ELIGIBILITY,v2026-08-11,2026-03-21..2026-08-06,baccarat_bet02_101_all_pairs_incl_sentinel,round_win = game_pnl > 0 (decisive only),COMPATIBILITY_ONLY_NOT_PRODUCTION,4726.3868,4260.9992,168.7826,1339,1197,-0.03571071,-0.04850756,-0.02910476,-0.03571071,-168.7826,4726.3868,OK,0.0000,6.7513,4.0000,96.0000,AG03-UNRESOLVED,ALL5_LEVELS_bet23_to_bet27,6.7513,6.7513,6.7513,6.7513,6.7513,4.000000,4.000000,4.000000,4.000000,4.000000,96.000000,96.000000,96.000000,96.000000,96.000000,5.0,33.7565,31.1619,135.0261,137.6208,PENDING_AG03,FALSE,NOT_FOR_ENFORCEMENT,162.0313,4090.5592,168.7826,162.0313,6.7513,0.03571071,0.03428228,6.7513,162.0313,0.03428228,6.7513,6.7513,6.7513,6.7513,6.7513,162.0313,0.03428228,33.7565,31.1619,135.0261,137.6208,0.02856857,0.02911754,0.00142843,3.5298,3.5597,0.1410,3.6692,0.2905,102.7475,26.0217,3.1802,3.7422,2.0771,4.0878,4.1543,6.1317,6.2314,7.1537,3.1157,-1.022,1.524396,1.75,0.863492,29,159,71,5,0.34046406,0.03571071,0.04850756,0E-8,0.000000,0.901534,0.000000,-0.01940280,2026-05-27,2026-07-31,46,581,334,66,0.696970,0.849821,0.900951,1.134880,,,,,,,,GLOBAL_BASELINE_NO_ENTITY_RANKING,,,NOT_APPLICABLE_GLOBAL_BASELINE,HF9g-P5,,,,X 全窗基线 · 不参与实体赏罚,6878618,688,A168_HF9F_20260827_0900,2026-08-27 09:00:00
2026-07-11,132190460,2169,0,13.2853697421,-1.0219515186,-1.0219515186,0.5000000,4,3,0.47024404000053760,0.429039250000,0.08431199939638237,0.202759660484044,0.08431199939638237,0.04120479000053760,ELIGIBLE,R03b_20260811_FULL_v1,L1_ELIGIBILITY,v2026-08-11,2026-03-21..2026-08-06,baccarat_bet02_101_all_pairs_incl_sentinel,round_win = game_pnl > 0 (decisive only),COMPATIBILITY_ONLY_NOT_PRODUCTION,4726.3868,4260.9992,168.7826,1339,1197,-0.03571071,-0.04850756,-0.02910476,-0.03571071,-168.7826,4726.3868,OK,0.0000,6.7513,4.0000,96.0000,AG03-UNRESOLVED,ALL5_LEVELS_bet23_to_bet27,6.7513,6.7513,6.7513,6.7513,6.7513,4.000000,4.000000,4.000000,4.000000,4.000000,96.000000,96.000000,96.000000,96.000000,96.000000,5.0,33.7565,31.1619,135.0261,137.6208,PENDING_AG03,FALSE,NOT_FOR_ENFORCEMENT,162.0313,4090.5592,168.7826,162.0313,6.7513,0.03571071,0.03428228,6.7513,162.0313,0.03428228,6.7513,6.7513,6.7513,6.7513,6.7513,162.0313,0.03428228,33.7565,31.1619,135.0261,137.6208,0.02856857,0.02911754,0.00142843,3.5298,3.5597,0.1410,3.6692,0.2905,102.7475,26.0217,3.1802,3.7422,2.0771,4.0878,4.1543,6.1317,6.2314,7.1537,3.1157,-1.022,1.524396,1.75,0.863492,29,159,71,5,0.34046406,0.03571071,0.04850756,0E-8,0.000000,0.901534,0.000000,-0.01940280,2026-05-27,2026-07-31,46,581,334,66,0.696970,0.849821,0.900951,1.134880,,,,,,,,GLOBAL_BASELINE_NO_ENTITY_RANKING,,,NOT_APPLICABLE_GLOBAL_BASELINE,HF9g-P5,,,,X 全窗基线 · 不参与实体赏罚,6878619,688,A168_HF9F_20260827_0900,2026-08-27 09:00:00
2026-07-11,132190460,2170,0,2.0439030372,-2.0439030372,-2.0439030372,0E-7,1,1,0.49324550000000000,0.493245500000,-0.9865810262130424,-0.9865810262130424,-0.9865810262130424,0E-17,ELIGIBLE,R03b_20260811_FULL_v1,L1_ELIGIBILITY,v2026-08-11,2026-03-21..2026-08-06,baccarat_bet02_101_all_pairs_incl_sentinel,round_win = game_pnl > 0 (decisive only),COMPATIBILITY_ONLY_NOT_PRODUCTION,4726.3868,4260.9992,168.7826,1339,1197,-0.03571071,-0.04850756,-0.02910476,-0.03571071,-168.7826,4726.3868,OK,0.0000,6.7513,4.0000,96.0000,AG03-UNRESOLVED,ALL5_LEVELS_bet23_to_bet27,6.7513,6.7513,6.7513,6.7513,6.7513,4.000000,4.000000,4.000000,4.000000,4.000000,96.000000,96.000000,96.000000,96.000000,96.000000,5.0,33.7565,31.1619,135.0261,137.6208,PENDING_AG03,FALSE,NOT_FOR_ENFORCEMENT,162.0313,4090.5592,168.7826,162.0313,6.7513,0.03571071,0.03428228,6.7513,162.0313,0.03428228,6.7513,6.7513,6.7513,6.7513,6.7513,162.0313,0.03428228,33.7565,31.1619,135.0261,137.6208,0.02856857,0.02911754,0.00142843,3.5298,3.5597,0.1410,3.6692,0.2905,102.7475,26.0217,3.1802,3.7422,2.0771,4.0878,4.1543,6.1317,6.2314,7.1537,3.1157,-1.022,1.524396,1.75,0.863492,29,159,71,5,0.34046406,0.03571071,0.04850756,0E-8,0.000000,0.901534,0.000000,-0.01940280,2026-05-27,2026-07-31,46,581,334,66,0.696970,0.849821,0.900951,1.134880,,,,,,,,GLOBAL_BASELINE_NO_ENTITY_RANKING,,,NOT_APPLICABLE_GLOBAL_BASELINE,HF9g-P5,,,,X 全窗基线 · 不参与实体赏罚,6878620,688,A168_HF9F_20260827_0900,2026-08-27 09:00:00
2026-07-11,132190460,2233,0,9.1975636676,-1.0219515186,-1.0219515186,0.5000000,3,2,0.45874331000080640,0.396936125000,0.11709082583795702,0.29790616794075786,0.11709082583795702,0.06180718500080640,ELIGIBLE,R03b_20260811_FULL_v1,L1_ELIGIBILITY,v2026-08-11,2026-03-21..2026-08-06,baccarat_bet02_101_all_pairs_incl_sentinel,round_win = game_pnl > 0 (decisive only),COMPATIBILITY_ONLY_NOT_PRODUCTION,4726.3868,4260.9992,168.7826,1339,1197,-0.03571071,-0.04850756,-0.02910476,-0.03571071,-168.7826,4726.3868,OK,0.0000,6.7513,4.0000,96.0000,AG03-UNRESOLVED,ALL5_LEVELS_bet23_to_bet27,6.7513,6.7513,6.7513,6.7513,6.7513,4.000000,4.000000,4.000000,4.000000,4.000000,96.000000,96.000000,96.000000,96.000000,96.000000,5.0,33.7565,31.1619,135.0261,137.6208,PENDING_AG03,FALSE,NOT_FOR_ENFORCEMENT,162.0313,4090.5592,168.7826,162.0313,6.7513,0.03571071,0.03428228,6.7513,162.0313,0.03428228,6.7513,6.7513,6.7513,6.7513,6.7513,162.0313,0.03428228,33.7565,31.1619,135.0261,137.6208,0.02856857,0.02911754,0.00142843,3.5298,3.5597,0.1410,3.6692,0.2905,102.7475,26.0217,3.1802,3.7422,2.0771,4.0878,4.1543,6.1317,6.2314,7.1537,3.1157,-1.022,1.524396,1.75,0.863492,29,159,71,5,0.34046406,0.03571071,0.04850756,0E-8,0.000000,0.901534,0.000000,-0.01940280,2026-05-27,2026-07-31,46,581,334,66,0.696970,0.849821,0.900951,1.134880,,,,,,,,GLOBAL_BASELINE_NO_ENTITY_RANKING,,,NOT_APPLICABLE_GLOBAL_BASELINE,HF9g-P5,,,,X 全窗基线 · 不参与实体赏罚,6878621,688,A168_HF9F_20260827_0900,2026-08-27 09:00:00
2026-07-11,132190460,2261,0,9.1975636676,8.7376854842,8.7376854842,1.0000000,2,2,0.50665070000000000,0.506650700000,1.3955260008387969,1.3955260008387969,1.3955260008387969,0E-17,ELIGIBLE,R03b_20260811_FULL_v1,L1_ELIGIBILITY,v2026-08-11,2026-03-21..2026-08-06,baccarat_bet02_101_all_pairs_incl_sentinel,round_win = game_pnl > 0 (decisive only),COMPATIBILITY_ONLY_NOT_PRODUCTION,4726.3868,4260.9992,168.7826,1339,1197,-0.03571071,-0.04850756,-0.02910476,-0.03571071,-168.7826,4726.3868,OK,0.0000,6.7513,4.0000,96.0000,AG03-UNRESOLVED,ALL5_LEVELS_bet23_to_bet27,6.7513,6.7513,6.7513,6.7513,6.7513,4.000000,4.000000,4.000000,4.000000,4.000000,96.000000,96.000000,96.000000,96.000000,96.000000,5.0,33.7565,31.1619,135.0261,137.6208,PENDING_AG03,FALSE,NOT_FOR_ENFORCEMENT,162.0313,4090.5592,168.7826,162.0313,6.7513,0.03571071,0.03428228,6.7513,162.0313,0.03428228,6.7513,6.7513,6.7513,6.7513,6.7513,162.0313,0.03428228,33.7565,31.1619,135.0261,137.6208,0.02856857,0.02911754,0.00142843,3.5298,3.5597,0.1410,3.6692,0.2905,102.7475,26.0217,3.1802,3.7422,2.0771,4.0878,4.1543,6.1317,6.2314,7.1537,3.1157,-1.022,1.524396,1.75,0.863492,29,159,71,5,0.34046406,0.03571071,0.04850756,0E-8,0.000000,0.901534,0.000000,-0.01940280,2026-05-27,2026-07-31,46,581,334,66,0.696970,0.849821,0.900951,1.134880,,,,,,,,GLOBAL_BASELINE_NO_ENTITY_RANKING,,,NOT_APPLICABLE_GLOBAL_BASELINE,HF9g-P5,,,,X 全窗基线 · 不参与实体赏罚,6878622,688,A168_HF9F_20260827_0900,2026-08-27 09:00:00
2026-07-11,132190460,2267,0,8.1756121490,-0.2043903037,-0.2043903037,0.5000000,2,2,0.49994810000000000,0.499948100000,0.00014679536856514622,0.00014679536856514622,0.00014679536856514622,0E-17,ELIGIBLE,R03b_20260811_FULL_v1,L1_ELIGIBILITY,v2026-08-11,2026-03-21..2026-08-06,baccarat_bet02_101_all_pairs_incl_sentinel,round_win = game_pnl > 0 (decisive only),COMPATIBILITY_ONLY_NOT_PRODUCTION,4726.3868,4260.9992,168.7826,1339,1197,-0.03571071,-0.04850756,-0.02910476,-0.03571071,-168.7826,4726.3868,OK,0.0000,6.7513,4.0000,96.0000,AG03-UNRESOLVED,ALL5_LEVELS_bet23_to_bet27,6.7513,6.7513,6.7513,6.7513,6.7513,4.000000,4.000000,4.000000,4.000000,4.000000,96.000000,96.000000,96.000000,96.000000,96.000000,5.0,33.7565,31.1619,135.0261,137.6208,PENDING_AG03,FALSE,NOT_FOR_ENFORCEMENT,162.0313,4090.5592,168.7826,162.0313,6.7513,0.03571071,0.03428228,6.7513,162.0313,0.03428228,6.7513,6.7513,6.7513,6.7513,6.7513,162.0313,0.03428228,33.7565,31.1619,135.0261,137.6208,0.02856857,0.02911754,0.00142843,3.5298,3.5597,0.1410,3.6692,0.2905,102.7475,26.0217,3.1802,3.7422,2.0771,4.0878,4.1543,6.1317,6.2314,7.1537,3.1157,-1.022,1.524396,1.75,0.863492,29,159,71,5,0.34046406,0.03571071,0.04850756,0E-8,0.000000,0.901534,0.000000,-0.01940280,2026-05-27,2026-07-31,46,581,334,66,0.696970,0.849821,0.900951,1.134880,,,,,,,,GLOBAL_BASELINE_NO_ENTITY_RANKING,,,NOT_APPLICABLE_GLOBAL_BASELINE,HF9g-P5,,,,X 全窗基线 · 不参与实体赏罚,6878623,688,A168_HF9F_20260827_0900,2026-08-27 09:00:00
2026-07-11,132190460,2271,0,12.2634182235,-4.0878060745,-4.0878060745,0.3333333,3,3,0.49771390000000000,0.497713900000,-0.5694369385616226,-0.5694369385616226,-0.5694369385616226,0E-17,ELIGIBLE,R03b_20260811_FULL_v1,L1_ELIGIBILITY,v2026-08-11,2026-03-21..2026-08-06,baccarat_bet02_101_all_pairs_incl_sentinel,round_win = game_pnl > 0 (decisive only),COMPATIBILITY_ONLY_NOT_PRODUCTION,4726.3868,4260.9992,168.7826,1339,1197,-0.03571071,-0.04850756,-0.02910476,-0.03571071,-168.7826,4726.3868,OK,0.0000,6.7513,4.0000,96.0000,AG03-UNRESOLVED,ALL5_LEVELS_bet23_to_bet27,6.7513,6.7513,6.7513,6.7513,6.7513,4.000000,4.000000,4.000000,4.000000,4.000000,96.000000,96.000000,96.000000,96.000000,96.000000,5.0,33.7565,31.1619,135.0261,137.6208,PENDING_AG03,FALSE,NOT_FOR_ENFORCEMENT,162.0313,4090.5592,168.7826,162.0313,6.7513,0.03571071,0.03428228,6.7513,162.0313,0.03428228,6.7513,6.7513,6.7513,6.7513,6.7513,162.0313,0.03428228,33.7565,31.1619,135.0261,137.6208,0.02856857,0.02911754,0.00142843,3.5298,3.5597,0.1410,3.6692,0.2905,102.7475,26.0217,3.1802,3.7422,2.0771,4.0878,4.1543,6.1317,6.2314,7.1537,3.1157,-1.022,1.524396,1.75,0.863492,29,159,71,5,0.34046406,0.03571071,0.04850756,0E-8,0.000000,0.901534,0.000000,-0.01940280,2026-05-27,2026-07-31,46,581,334,66,0.696970,0.849821,0.900951,1.134880,,,,,,,,GLOBAL_BASELINE_NO_ENTITY_RANKING,,,NOT_APPLICABLE_GLOBAL_BASELINE,HF9g-P5,,,,X 全窗基线 · 不参与实体赏罚,6878624,688,A168_HF9F_20260827_0900,2026-08-27 09:00:00
2026-07-11,132190460,2288,0,6.1317091118,5.9784163840,5.9784163840,1.0000000,2,2,0.49994810000000000,0.499948100000,1.4143603653603398,1.4143603653603398,1.4143603653603398,0E-17,ELIGIBLE,R03b_20260811_FULL_v1,L1_ELIGIBILITY,v2026-08-11,2026-03-21..2026-08-06,baccarat_bet02_101_all_pairs_incl_sentinel,round_win = game_pnl > 0 (decisive only),COMPATIBILITY_ONLY_NOT_PRODUCTION,4726.3868,4260.9992,168.7826,1339,1197,-0.03571071,-0.04850756,-0.02910476,-0.03571071,-168.7826,4726.3868,OK,0.0000,6.7513,4.0000,96.0000,AG03-UNRESOLVED,ALL5_LEVELS_bet23_to_bet27,6.7513,6.7513,6.7513,6.7513,6.7513,4.000000,4.000000,4.000000,4.000000,4.000000,96.000000,96.000000,96.000000,96.000000,96.000000,5.0,33.7565,31.1619,135.0261,137.6208,PENDING_AG03,FALSE,NOT_FOR_ENFORCEMENT,162.0313,4090.5592,168.7826,162.0313,6.7513,0.03571071,0.03428228,6.7513,162.0313,0.03428228,6.7513,6.7513,6.7513,6.7513,6.7513,162.0313,0.03428228,33.7565,31.1619,135.0261,137.6208,0.02856857,0.02911754,0.00142843,3.5298,3.5597,0.1410,3.6692,0.2905,102.7475,26.0217,3.1802,3.7422,2.0771,4.0878,4.1543,6.1317,6.2314,7.1537,3.1157,-1.022,1.524396,1.75,0.863492,29,159,71,5,0.34046406,0.03571071,0.04850756,0E-8,0.000000,0.901534,0.000000,-0.01940280,2026-05-27,2026-07-31,46,581,334,66,0.696970,0.849821,0.900951,1.134880,,,,,,,,GLOBAL_BASELINE_NO_ENTITY_RANKING,,,NOT_APPLICABLE_GLOBAL_BASELINE,HF9g-P5,,,,X 全窗基线 · 不参与实体赏罚,6878625,688,A168_HF9F_20260827_0900,2026-08-27 09:00:00
2026-07-11,132190460,462,0,7.1536606304,-7.1536606304,-7.1536606304,0E-7,2,2,0.49994810000000000,0.499948100000,-1.4140667746232096,-1.4140667746232096,-1.4140667746232096,0E-17,ELIGIBLE,R03b_20260811_FULL_v1,L1_ELIGIBILITY,v2026-08-11,2026-03-21..2026-08-06,baccarat_bet02_101_all_pairs_incl_sentinel,round_win = game_pnl > 0 (decisive only),COMPATIBILITY_ONLY_NOT_PRODUCTION,4726.3868,4260.9992,168.7826,1339,1197,-0.03571071,-0.04850756,-0.02910476,-0.03571071,-168.7826,4726.3868,OK,0.0000,6.7513,4.0000,96.0000,AG03-UNRESOLVED,ALL5_LEVELS_bet23_to_bet27,6.7513,6.7513,6.7513,6.7513,6.7513,4.000000,4.000000,4.000000,4.000000,4.000000,96.000000,96.000000,96.000000,96.000000,96.000000,5.0,33.7565,31.1619,135.0261,137.6208,PENDING_AG03,FALSE,NOT_FOR_ENFORCEMENT,162.0313,4090.5592,168.7826,162.0313,6.7513,0.03571071,0.03428228,6.7513,162.0313,0.03428228,6.7513,6.7513,6.7513,6.7513,6.7513,162.0313,0.03428228,33.7565,31.1619,135.0261,137.6208,0.02856857,0.02911754,0.00142843,3.5298,3.5597,0.1410,3.6692,0.2905,102.7475,26.0217,3.1802,3.7422,2.0771,4.0878,4.1543,6.1317,6.2314,7.1537,3.1157,-1.022,1.524396,1.75,0.863492,29,159,71,5,0.34046406,0.03571071,0.04850756,0E-8,0.000000,0.901534,0.000000,-0.01940280,2026-05-27,2026-07-31,46,581,334,66,0.696970,0.849821,0.900951,1.134880,,,,,,,,GLOBAL_BASELINE_NO_ENTITY_RANKING,,,NOT_APPLICABLE_GLOBAL_BASELINE,HF9g-P5,,,,X 全窗基线 · 不参与实体赏罚,6878626,688,A168_HF9F_20260827_0900,2026-08-27 09:00:00
2026-07-11,132190460,595,0,13.2853697421,-7.1536606303,-7.1536606303,0.3333333,4,3,0.46666932000052011,0.426805050000,-0.46291909730301056,-0.3273217721103076,-0.46291909730301056,0.03986427000052011,ELIGIBLE,R03b_20260811_FULL_v1,L1_ELIGIBILITY,v2026-08-11,2026-03-21..2026-08-06,baccarat_bet02_101_all_pairs_incl_sentinel,round_win = game_pnl > 0 (decisive only),COMPATIBILITY_ONLY_NOT_PRODUCTION,4726.3868,4260.9992,168.7826,1339,1197,-0.03571071,-0.04850756,-0.02910476,-0.03571071,-168.7826,4726.3868,OK,0.0000,6.7513,4.0000,96.0000,AG03-UNRESOLVED,ALL5_LEVELS_bet23_to_bet27,6.7513,6.7513,6.7513,6.7513,6.7513,4.000000,4.000000,4.000000,4.000000,4.000000,96.000000,96.000000,96.000000,96.000000,96.000000,5.0,33.7565,31.1619,135.0261,137.6208,PENDING_AG03,FALSE,NOT_FOR_ENFORCEMENT,162.0313,4090.5592,168.7826,162.0313,6.7513,0.03571071,0.03428228,6.7513,162.0313,0.03428228,6.7513,6.7513,6.7513,6.7513,6.7513,162.0313,0.03428228,33.7565,31.1619,135.0261,137.6208,0.02856857,0.02911754,0.00142843,3.5298,3.5597,0.1410,3.6692,0.2905,102.7475,26.0217,3.1802,3.7422,2.0771,4.0878,4.1543,6.1317,6.2314,7.1537,3.1157,-1.022,1.524396,1.75,0.863492,29,159,71,5,0.34046406,0.03571071,0.04850756,0E-8,0.000000,0.901534,0.000000,-0.01940280,2026-05-27,2026-07-31,46,581,334,66,0.696970,0.849821,0.900951,1.134880,,,,,,,,GLOBAL_BASELINE_NO_ENTITY_RANKING,,,NOT_APPLICABLE_GLOBAL_BASELINE,HF9g-P5,,,,X 全窗基线 · 不参与实体赏罚,6878627,688,A168_HF9F_20260827_0900,2026-08-27 09:00:00
2026-07-13,132190460,1299,0,16.3512242980,-8.1756121490,-8.1756121490,0.2000000,6,6,0.49994810000000000,0.499948100000,-1.341408689870273,-1.341408689870273,-1.341408689870273,0E-17,ELIGIBLE,R03b_20260811_FULL_v1,L1_ELIGIBILITY,v2026-08-11,2026-03-21..2026-08-06,baccarat_bet02_101_all_pairs_incl_sentinel,round_win = game_pnl > 0 (decisive only),COMPATIBILITY_ONLY_NOT_PRODUCTION,4726.3868,4260.9992,168.7826,1339,1197,-0.03571071,-0.04850756,-0.02910476,-0.03571071,-168.7826,4726.3868,OK,0.0000,6.7513,4.0000,96.0000,AG03-UNRESOLVED,ALL5_LEVELS_bet23_to_bet27,6.7513,6.7513,6.7513,6.7513,6.7513,4.000000,4.000000,4.000000,4.000000,4.000000,96.000000,96.000000,96.000000,96.000000,96.000000,5.0,33.7565,31.1619,135.0261,137.6208,PENDING_AG03,FALSE,NOT_FOR_ENFORCEMENT,162.0313,4090.5592,168.7826,162.0313,6.7513,0.03571071,0.03428228,6.7513,162.0313,0.03428228,6.7513,6.7513,6.7513,6.7513,6.7513,162.0313,0.03428228,33.7565,31.1619,135.0261,137.6208,0.02856857,0.02911754,0.00142843,3.5298,3.5597,0.1410,3.6692,0.2905,102.7475,26.0217,3.1802,3.7422,2.0771,4.0878,4.1543,6.1317,6.2314,7.1537,3.1157,-1.022,1.524396,1.75,0.863492,29,159,71,5,0.34046406,0.03571071,0.04850756,0E-8,0.000000,0.901534,0.000000,-0.01940280,2026-05-27,2026-07-31,46,581,334,66,0.696970,0.849821,0.900951,1.134880,,,,,,,,GLOBAL_BASELINE_NO_ENTITY_RANKING,,,NOT_APPLICABLE_GLOBAL_BASELINE,HF9g-P5,,,,X 全窗基线 · 不参与实体赏罚,6878628,688,A168_HF9F_20260827_0900,2026-08-27 09:00:00
2026-07-13,132190460,1302,0,4.0878060745,4.0878060745,4.0878060745,1.0000000,1,1,0.49324550000000000,0.493245500000,1.01360149184955,1.01360149184955,1.01360149184955,0E-17,ELIGIBLE,R03b_20260811_FULL_v1,L1_ELIGIBILITY,v2026-08-11,2026-03-21..2026-08-06,baccarat_bet02_101_all_pairs_incl_sentinel,round_win = game_pnl > 0 (decisive only),COMPATIBILITY_ONLY_NOT_PRODUCTION,4726.3868,4260.9992,168.7826,1339,1197,-0.03571071,-0.04850756,-0.02910476,-0.03571071,-168.7826,4726.3868,OK,0.0000,6.7513,4.0000,96.0000,AG03-UNRESOLVED,ALL5_LEVELS_bet23_to_bet27,6.7513,6.7513,6.7513,6.7513,6.7513,4.000000,4.000000,4.000000,4.000000,4.000000,96.000000,96.000000,96.000000,96.000000,96.000000,5.0,33.7565,31.1619,135.0261,137.6208,PENDING_AG03,FALSE,NOT_FOR_ENFORCEMENT,162.0313,4090.5592,168.7826,162.0313,6.7513,0.03571071,0.03428228,6.7513,162.0313,0.03428228,6.7513,6.7513,6.7513,6.7513,6.7513,162.0313,0.03428228,33.7565,31.1619,135.0261,137.6208,0.02856857,0.02911754,0.00142843,3.5298,3.5597,0.1410,3.6692,0.2905,102.7475,26.0217,3.1802,3.7422,2.0771,4.0878,4.1543,6.1317,6.2314,7.1537,3.1157,-1.022,1.524396,1.75,0.863492,29,159,71,5,0.34046406,0.03571071,0.04850756,0E-8,0.000000,0.901534,0.000000,-0.01940280,2026-05-27,2026-07-31,46,581,334,66,0.696970,0.849821,0.900951,1.134880,,,,,,,,GLOBAL_BASELINE_NO_ENTITY_RANKING,,,NOT_APPLICABLE_GLOBAL_BASELINE,HF9g-P5,,,,X 全窗基线 · 不参与实体赏罚,6878629,688,A168_HF9F_20260827_0900,2026-08-27 09:00:00
2026-07-13,132190460,1405,0,2.0439030372,-2.0439030372,-2.0439030372,0E-7,1,1,0.50665070000000000,0.506650700000,-1.013391052207602,-1.013391052207602,-1.013391052207602,0E-17,ELIGIBLE,R03b_20260811_FULL_v1,L1_ELIGIBILITY,v2026-08-11,2026-03-21..2026-08-06,baccarat_bet02_101_all_pairs_incl_sentinel,round_win = game_pnl > 0 (decisive only),COMPATIBILITY_ONLY_NOT_PRODUCTION,4726.3868,4260.9992,168.7826,1339,1197,-0.03571071,-0.04850756,-0.02910476,-0.03571071,-168.7826,4726.3868,OK,0.0000,6.7513,4.0000,96.0000,AG03-UNRESOLVED,ALL5_LEVELS_bet23_to_bet27,6.7513,6.7513,6.7513,6.7513,6.7513,4.000000,4.000000,4.000000,4.000000,4.000000,96.000000,96.000000,96.000000,96.000000,96.000000,5.0,33.7565,31.1619,135.0261,137.6208,PENDING_AG03,FALSE,NOT_FOR_ENFORCEMENT,162.0313,4090.5592,168.7826,162.0313,6.7513,0.03571071,0.03428228,6.7513,162.0313,0.03428228,6.7513,6.7513,6.7513,6.7513,6.7513,162.0313,0.03428228,33.7565,31.1619,135.0261,137.6208,0.02856857,0.02911754,0.00142843,3.5298,3.5597,0.1410,3.6692,0.2905,102.7475,26.0217,3.1802,3.7422,2.0771,4.0878,4.1543,6.1317,6.2314,7.1537,3.1157,-1.022,1.524396,1.75,0.863492,29,159,71,5,0.34046406,0.03571071,0.04850756,0E-8,0.000000,0.901534,0.000000,-0.01940280,2026-05-27,2026-07-31,46,581,334,66,0.696970,0.849821,0.900951,1.134880,,,,,,,,GLOBAL_BASELINE_NO_ENTITY_RANKING,,,NOT_APPLICABLE_GLOBAL_BASELINE,HF9g-P5,,,,X 全窗基线 · 不参与实体赏罚,6878630,688,A168_HF9F_20260827_0900,2026-08-27 09:00:00
2026-07-13,132190460,1940,0,6.1317091118,3.0658545559,3.0658545559,1.0000000,2,2,0.49324550000000000,0.493245500000,1.01360149184955,1.01360149184955,1.01360149184955,0E-17,ELIGIBLE,R03b_20260811_FULL_v1,L1_ELIGIBILITY,v2026-08-11,2026-03-21..2026-08-06,baccarat_bet02_101_all_pairs_incl_sentinel,round_win = game_pnl > 0 (decisive only),COMPATIBILITY_ONLY_NOT_PRODUCTION,4726.3868,4260.9992,168.7826,1339,1197,-0.03571071,-0.04850756,-0.02910476,-0.03571071,-168.7826,4726.3868,OK,0.0000,6.7513,4.0000,96.0000,AG03-UNRESOLVED,ALL5_LEVELS_bet23_to_bet27,6.7513,6.7513,6.7513,6.7513,6.7513,4.000000,4.000000,4.000000,4.000000,4.000000,96.000000,96.000000,96.000000,96.000000,96.000000,5.0,33.7565,31.1619,135.0261,137.6208,PENDING_AG03,FALSE,NOT_FOR_ENFORCEMENT,162.0313,4090.5592,168.7826,162.0313,6.7513,0.03571071,0.03428228,6.7513,162.0313,0.03428228,6.7513,6.7513,6.7513,6.7513,6.7513,162.0313,0.03428228,33.7565,31.1619,135.0261,137.6208,0.02856857,0.02911754,0.00142843,3.5298,3.5597,0.1410,3.6692,0.2905,102.7475,26.0217,3.1802,3.7422,2.0771,4.0878,4.1543,6.1317,6.2314,7.1537,3.1157,-1.022,1.524396,1.75,0.863492,29,159,71,5,0.34046406,0.03571071,0.04850756,0E-8,0.000000,0.901534,0.000000,-0.01940280,2026-05-27,2026-07-31,46,581,334,66,0.696970,0.849821,0.900951,1.134880,,,,,,,,GLOBAL_BASELINE_NO_ENTITY_RANKING,,,NOT_APPLICABLE_GLOBAL_BASELINE,HF9g-P5,,,,X 全窗基线 · 不参与实体赏罚,6878631,688,A168_HF9F_20260827_0900,2026-08-27 09:00:00
2026-07-13,132190460,1963,0,8.1756121490,-8.1756121490,-8.1756121490,0E-7,3,2,0.45514471250125999,0.403638725000,-1.2925553923840423,-1.1634740288448888,-1.2925553923840423,0.05150598750125999,ELIGIBLE,R03b_20260811_FULL_v1,L1_ELIGIBILITY,v2026-08-11,2026-03-21..2026-08-06,baccarat_bet02_101_all_pairs_incl_sentinel,round_win = game_pnl > 0 (decisive only),COMPATIBILITY_ONLY_NOT_PRODUCTION,4726.3868,4260.9992,168.7826,1339,1197,-0.03571071,-0.04850756,-0.02910476,-0.03571071,-168.7826,4726.3868,OK,0.0000,6.7513,4.0000,96.0000,AG03-UNRESOLVED,ALL5_LEVELS_bet23_to_bet27,6.7513,6.7513,6.7513,6.7513,6.7513,4.000000,4.000000,4.000000,4.000000,4.000000,96.000000,96.000000,96.000000,96.000000,96.000000,5.0,33.7565,31.1619,135.0261,137.6208,PENDING_AG03,FALSE,NOT_FOR_ENFORCEMENT,162.0313,4090.5592,168.7826,162.0313,6.7513,0.03571071,0.03428228,6.7513,162.0313,0.03428228,6.7513,6.7513,6.7513,6.7513,6.7513,162.0313,0.03428228,33.7565,31.1619,135.0261,137.6208,0.02856857,0.02911754,0.00142843,3.5298,3.5597,0.1410,3.6692,0.2905,102.7475,26.0217,3.1802,3.7422,2.0771,4.0878,4.1543,6.1317,6.2314,7.1537,3.1157,-1.022,1.524396,1.75,0.863492,29,159,71,5,0.34046406,0.03571071,0.04850756,0E-8,0.000000,0.901534,0.000000,-0.01940280,2026-05-27,2026-07-31,46,581,334,66,0.696970,0.849821,0.900951,1.134880,,,,,,,,GLOBAL_BASELINE_NO_ENTITY_RANKING,,,NOT_APPLICABLE_GLOBAL_BASELINE,HF9g-P5,,,,X 全窗基线 · 不参与实体赏罚,6878632,688,A168_HF9F_20260827_0900,2026-08-27 09:00:00
2026-07-13,132190460,2147,0,8.1756121489,-4.0878060745,-4.0878060745,0.3333333,3,3,0.49771390000000000,0.497713900000,-0.5694369385616226,-0.5694369385616226,-0.5694369385616226,0E-17,ELIGIBLE,R03b_20260811_FULL_v1,L1_ELIGIBILITY,v2026-08-11,2026-03-21..2026-08-06,baccarat_bet02_101_all_pairs_incl_sentinel,round_win = game_pnl > 0 (decisive only),COMPATIBILITY_ONLY_NOT_PRODUCTION,4726.3868,4260.9992,168.7826,1339,1197,-0.03571071,-0.04850756,-0.02910476,-0.03571071,-168.7826,4726.3868,OK,0.0000,6.7513,4.0000,96.0000,AG03-UNRESOLVED,ALL5_LEVELS_bet23_to_bet27,6.7513,6.7513,6.7513,6.7513,6.7513,4.000000,4.000000,4.000000,4.000000,4.000000,96.000000,96.000000,96.000000,96.000000,96.000000,5.0,33.7565,31.1619,135.0261,137.6208,PENDING_AG03,FALSE,NOT_FOR_ENFORCEMENT,162.0313,4090.5592,168.7826,162.0313,6.7513,0.03571071,0.03428228,6.7513,162.0313,0.03428228,6.7513,6.7513,6.7513,6.7513,6.7513,162.0313,0.03428228,33.7565,31.1619,135.0261,137.6208,0.02856857,0.02911754,0.00142843,3.5298,3.5597,0.1410,3.6692,0.2905,102.7475,26.0217,3.1802,3.7422,2.0771,4.0878,4.1543,6.1317,6.2314,7.1537,3.1157,-1.022,1.524396,1.75,0.863492,29,159,71,5,0.34046406,0.03571071,0.04850756,0E-8,0.000000,0.901534,0.000000,-0.01940280,2026-05-27,2026-07-31,46,581,334,66,0.696970,0.849821,0.900951,1.134880,,,,,,,,GLOBAL_BASELINE_NO_ENTITY_RANKING,,,NOT_APPLICABLE_GLOBAL_BASELINE,HF9g-P5,,,,X 全窗基线 · 不参与实体赏罚,6878633,688,A168_HF9F_20260827_0900,2026-08-27 09:00:00
2026-07-13,132190460,2167,0,14.3073212607,-6.1317091117,-6.1317091117,0.2500000,4,4,0.49994810000000000,0.499948100000,-0.9997924053861017,-0.9997924053861017,-0.9997924053861017,0E-17,ELIGIBLE,R03b_20260811_FULL_v1,L1_ELIGIBILITY,v2026-08-11,2026-03-21..2026-08-06,baccarat_bet02_101_all_pairs_incl_sentinel,round_win = game_pnl > 0 (decisive only),COMPATIBILITY_ONLY_NOT_PRODUCTION,4726.3868,4260.9992,168.7826,1339,1197,-0.03571071,-0.04850756,-0.02910476,-0.03571071,-168.7826,4726.3868,OK,0.0000,6.7513,4.0000,96.0000,AG03-UNRESOLVED,ALL5_LEVELS_bet23_to_bet27,6.7513,6.7513,6.7513,6.7513,6.7513,4.000000,4.000000,4.000000,4.000000,4.000000,96.000000,96.000000,96.000000,96.000000,96.000000,5.0,33.7565,31.1619,135.0261,137.6208,PENDING_AG03,FALSE,NOT_FOR_ENFORCEMENT,162.0313,4090.5592,168.7826,162.0313,6.7513,0.03571071,0.03428228,6.7513,162.0313,0.03428228,6.7513,6.7513,6.7513,6.7513,6.7513,162.0313,0.03428228,33.7565,31.1619,135.0261,137.6208,0.02856857,0.02911754,0.00142843,3.5298,3.5597,0.1410,3.6692,0.2905,102.7475,26.0217,3.1802,3.7422,2.0771,4.0878,4.1543,6.1317,6.2314,7.1537,3.1157,-1.022,1.524396,1.75,0.863492,29,159,71,5,0.34046406,0.03571071,0.04850756,0E-8,0.000000,0.901534,0.000000,-0.01940280,2026-05-27,2026-07-31,46,581,334,66,0.696970,0.849821,0.900951,1.134880,,,,,,,,GLOBAL_BASELINE_NO_ENTITY_RANKING,,,NOT_APPLICABLE_GLOBAL_BASELINE,HF9g-P5,,,,X 全窗基线 · 不参与实体赏罚,6878634,688,A168_HF9F_20260827_0900,2026-08-27 09:00:00
2026-07-13,132190460,2205,0,32.9068388997,18.0374443039,18.0374443039,0.8000000,12,10,0.48140594450041328,0.458743310000,2.0163604796322003,2.16568188298115,2.0163604796322003,0.02266263450041328,ELIGIBLE,R03b_20260811_FULL_v1,L1_ELIGIBILITY,v2026-08-11,2026-03-21..2026-08-06,baccarat_bet02_101_all_pairs_incl_sentinel,round_win = game_pnl > 0 (decisive only),COMPATIBILITY_ONLY_NOT_PRODUCTION,4726.3868,4260.9992,168.7826,1339,1197,-0.03571071,-0.04850756,-0.02910476,-0.03571071,-168.7826,4726.3868,OK,0.0000,6.7513,4.0000,96.0000,AG03-UNRESOLVED,ALL5_LEVELS_bet23_to_bet27,6.7513,6.7513,6.7513,6.7513,6.7513,4.000000,4.000000,4.000000,4.000000,4.000000,96.000000,96.000000,96.000000,96.000000,96.000000,5.0,33.7565,31.1619,135.0261,137.6208,PENDING_AG03,FALSE,NOT_FOR_ENFORCEMENT,162.0313,4090.5592,168.7826,162.0313,6.7513,0.03571071,0.03428228,6.7513,162.0313,0.03428228,6.7513,6.7513,6.7513,6.7513,6.7513,162.0313,0.03428228,33.7565,31.1619,135.0261,137.6208,0.02856857,0.02911754,0.00142843,3.5298,3.5597,0.1410,3.6692,0.2905,102.7475,26.0217,3.1802,3.7422,2.0771,4.0878,4.1543,6.1317,6.2314,7.1537,3.1157,-1.022,1.524396,1.75,0.863492,29,159,71,5,0.34046406,0.03571071,0.04850756,0E-8,0.000000,0.901534,0.000000,-0.01940280,2026-05-27,2026-07-31,46,581,334,66,0.696970,0.849821,0.900951,1.134880,,,,,,,,GLOBAL_BASELINE_NO_ENTITY_RANKING,,,NOT_APPLICABLE_GLOBAL_BASELINE,HF9g-P5,,,,X 全窗基线 · 不参与实体赏罚,6878635,688,A168_HF9F_20260827_0900,2026-08-27 09:00:00
2026-07-13,132190460,2212,0,11.2414667048,6.8981727507,6.8981727507,1.0000000,4,2,0.42574650500134016,0.297275450000,1.6424466648545606,2.1743429183121594,1.6424466648545606,0.12847105500134016,ELIGIBLE,R03b_20260811_FULL_v1,L1_ELIGIBILITY,v2026-08-11,2026-03-21..2026-08-06,baccarat_bet02_101_all_pairs_incl_sentinel,round_win = game_pnl > 0 (decisive only),COMPATIBILITY_ONLY_NOT_PRODUCTION,4726.3868,4260.9992,168.7826,1339,1197,-0.03571071,-0.04850756,-0.02910476,-0.03571071,-168.7826,4726.3868,OK,0.0000,6.7513,4.0000,96.0000,AG03-UNRESOLVED,ALL5_LEVELS_bet23_to_bet27,6.7513,6.7513,6.7513,6.7513,6.7513,4.000000,4.000000,4.000000,4.000000,4.000000,96.000000,96.000000,96.000000,96.000000,96.000000,5.0,33.7565,31.1619,135.0261,137.6208,PENDING_AG03,FALSE,NOT_FOR_ENFORCEMENT,162.0313,4090.5592,168.7826,162.0313,6.7513,0.03571071,0.03428228,6.7513,162.0313,0.03428228,6.7513,6.7513,6.7513,6.7513,6.7513,162.0313,0.03428228,33.7565,31.1619,135.0261,137.6208,0.02856857,0.02911754,0.00142843,3.5298,3.5597,0.1410,3.6692,0.2905,102.7475,26.0217,3.1802,3.7422,2.0771,4.0878,4.1543,6.1317,6.2314,7.1537,3.1157,-1.022,1.524396,1.75,0.863492,29,159,71,5,0.34046406,0.03571071,0.04850756,0E-8,0.000000,0.901534,0.000000,-0.01940280,2026-05-27,2026-07-31,46,581,334,66,0.696970,0.849821,0.900951,1.134880,,,,,,,,GLOBAL_BASELINE_NO_ENTITY_RANKING,,,NOT_APPLICABLE_GLOBAL_BASELINE,HF9g-P5,,,,X 全窗基线 · 不参与实体赏罚,6878636,688,A168_HF9F_20260827_0900,2026-08-27 09:00:00
2026-07-13,132190460,2220,0,32.7024485958,-12.4167109511,-12.4167109511,0.3333333,13,8,0.44015169500096503,0.373696606250,-0.5270904707654414,-0.20436665668650272,-0.5270904707654414,0.06645508875096503,ELIGIBLE,R03b_20260811_FULL_v1,L1_ELIGIBILITY,v2026-08-11,2026-03-21..2026-08-06,baccarat_bet02_101_all_pairs_incl_sentinel,round_win = game_pnl > 0 (decisive only),COMPATIBILITY_ONLY_NOT_PRODUCTION,4726.3868,4260.9992,168.7826,1339,1197,-0.03571071,-0.04850756,-0.02910476,-0.03571071,-168.7826,4726.3868,OK,0.0000,6.7513,4.0000,96.0000,AG03-UNRESOLVED,ALL5_LEVELS_bet23_to_bet27,6.7513,6.7513,6.7513,6.7513,6.7513,4.000000,4.000000,4.000000,4.000000,4.000000,96.000000,96.000000,96.000000,96.000000,96.000000,5.0,33.7565,31.1619,135.0261,137.6208,PENDING_AG03,FALSE,NOT_FOR_ENFORCEMENT,162.0313,4090.5592,168.7826,162.0313,6.7513,0.03571071,0.03428228,6.7513,162.0313,0.03428228,6.7513,6.7513,6.7513,6.7513,6.7513,162.0313,0.03428228,33.7565,31.1619,135.0261,137.6208,0.02856857,0.02911754,0.00142843,3.5298,3.5597,0.1410,3.6692,0.2905,102.7475,26.0217,3.1802,3.7422,2.0771,4.0878,4.1543,6.1317,6.2314,7.1537,3.1157,-1.022,1.524396,1.75,0.863492,29,159,71,5,0.34046406,0.03571071,0.04850756,0E-8,0.000000,0.901534,0.000000,-0.01940280,2026-05-27,2026-07-31,46,581,334,66,0.696970,0.849821,0.900951,1.134880,,,,,,,,GLOBAL_BASELINE_NO_ENTITY_RANKING,,,NOT_APPLICABLE_GLOBAL_BASELINE,HF9g-P5,,,,X 全窗基线 · 不参与实体赏罚,6878637,688,A168_HF9F_20260827_0900,2026-08-27 09:00:00
2026-07-13,132190460,2222,0,11.2414667048,-7.1536606304,-7.1536606304,0.3333333,3,3,0.50218230000000000,0.502182300000,-0.5849155494134425,-0.5849155494134426,-0.5849155494134425,0E-17,ELIGIBLE,R03b_20260811_FULL_v1,L1_ELIGIBILITY,v2026-08-11,2026-03-21..2026-08-06,baccarat_bet02_101_all_pairs_incl_sentinel,round_win = game_pnl > 0 (decisive only),COMPATIBILITY_ONLY_NOT_PRODUCTION,4726.3868,4260.9992,168.7826,1339,1197,-0.03571071,-0.04850756,-0.02910476,-0.03571071,-168.7826,4726.3868,OK,0.0000,6.7513,4.0000,96.0000,AG03-UNRESOLVED,ALL5_LEVELS_bet23_to_bet27,6.7513,6.7513,6.7513,6.7513,6.7513,4.000000,4.000000,4.000000,4.000000,4.000000,96.000000,96.000000,96.000000,96.000000,96.000000,5.0,33.7565,31.1619,135.0261,137.6208,PENDING_AG03,FALSE,NOT_FOR_ENFORCEMENT,162.0313,4090.5592,168.7826,162.0313,6.7513,0.03571071,0.03428228,6.7513,162.0313,0.03428228,6.7513,6.7513,6.7513,6.7513,6.7513,162.0313,0.03428228,33.7565,31.1619,135.0261,137.6208,0.02856857,0.02911754,0.00142843,3.5298,3.5597,0.1410,3.6692,0.2905,102.7475,26.0217,3.1802,3.7422,2.0771,4.0878,4.1543,6.1317,6.2314,7.1537,3.1157,-1.022,1.524396,1.75,0.863492,29,159,71,5,0.34046406,0.03571071,0.04850756,0E-8,0.000000,0.901534,0.000000,-0.01940280,2026-05-27,2026-07-31,46,581,334,66,0.696970,0.849821,0.900951,1.134880,,,,,,,,GLOBAL_BASELINE_NO_ENTITY_RANKING,,,NOT_APPLICABLE_GLOBAL_BASELINE,HF9g-P5,,,,X 全窗基线 · 不参与实体赏罚,6878638,688,A168_HF9F_20260827_0900,2026-08-27 09:00:00
2026-07-13,132190460,2224,0,22.6873237134,-16.5556146018,-16.5556146018,0.1666667,10,7,0.45580011071534228,0.412609635714,-1.4220259340730899,-1.2237055925695393,-1.4220259340730899,0.04319047500134228,ELIGIBLE,R03b_20260811_FULL_v1,L1_ELIGIBILITY,v2026-08-11,2026-03-21..2026-08-06,baccarat_bet02_101_all_pairs_incl_sentinel,round_win = game_pnl > 0 (decisive only),COMPATIBILITY_ONLY_NOT_PRODUCTION,4726.3868,4260.9992,168.7826,1339,1197,-0.03571071,-0.04850756,-0.02910476,-0.03571071,-168.7826,4726.3868,OK,0.0000,6.7513,4.0000,96.0000,AG03-UNRESOLVED,ALL5_LEVELS_bet23_to_bet27,6.7513,6.7513,6.7513,6.7513,6.7513,4.000000,4.000000,4.000000,4.000000,4.000000,96.000000,96.000000,96.000000,96.000000,96.000000,5.0,33.7565,31.1619,135.0261,137.6208,PENDING_AG03,FALSE,NOT_FOR_ENFORCEMENT,162.0313,4090.5592,168.7826,162.0313,6.7513,0.03571071,0.03428228,6.7513,162.0313,0.03428228,6.7513,6.7513,6.7513,6.7513,6.7513,162.0313,0.03428228,33.7565,31.1619,135.0261,137.6208,0.02856857,0.02911754,0.00142843,3.5298,3.5597,0.1410,3.6692,0.2905,102.7475,26.0217,3.1802,3.7422,2.0771,4.0878,4.1543,6.1317,6.2314,7.1537,3.1157,-1.022,1.524396,1.75,0.863492,29,159,71,5,0.34046406,0.03571071,0.04850756,0E-8,0.000000,0.901534,0.000000,-0.01940280,2026-05-27,2026-07-31,46,581,334,66,0.696970,0.849821,0.900951,1.134880,,,,,,,,GLOBAL_BASELINE_NO_ENTITY_RANKING,,,NOT_APPLICABLE_GLOBAL_BASELINE,HF9g-P5,,,,X 全窗基线 · 不参与实体赏罚,6878639,688,A168_HF9F_20260827_0900,2026-08-27 09:00:00
2026-07-13,132190460,2229,0,54.1634304868,2.3504884929,2.3504884929,0.5555556,18,10,0.44268697200108422,0.339150500000,0.6817048147060997,1.3713273677144597,0.6817048147060997,0.10353647200108422,ELIGIBLE,R03b_20260811_FULL_v1,L1_ELIGIBILITY,v2026-08-11,2026-03-21..2026-08-06,baccarat_bet02_101_all_pairs_incl_sentinel,round_win = game_pnl > 0 (decisive only),COMPATIBILITY_ONLY_NOT_PRODUCTION,4726.3868,4260.9992,168.7826,1339,1197,-0.03571071,-0.04850756,-0.02910476,-0.03571071,-168.7826,4726.3868,OK,0.0000,6.7513,4.0000,96.0000,AG03-UNRESOLVED,ALL5_LEVELS_bet23_to_bet27,6.7513,6.7513,6.7513,6.7513,6.7513,4.000000,4.000000,4.000000,4.000000,4.000000,96.000000,96.000000,96.000000,96.000000,96.000000,5.0,33.7565,31.1619,135.0261,137.6208,PENDING_AG03,FALSE,NOT_FOR_ENFORCEMENT,162.0313,4090.5592,168.7826,162.0313,6.7513,0.03571071,0.03428228,6.7513,162.0313,0.03428228,6.7513,6.7513,6.7513,6.7513,6.7513,162.0313,0.03428228,33.7565,31.1619,135.0261,137.6208,0.02856857,0.02911754,0.00142843,3.5298,3.5597,0.1410,3.6692,0.2905,102.7475,26.0217,3.1802,3.7422,2.0771,4.0878,4.1543,6.1317,6.2314,7.1537,3.1157,-1.022,1.524396,1.75,0.863492,29,159,71,5,0.34046406,0.03571071,0.04850756,0E-8,0.000000,0.901534,0.000000,-0.01940280,2026-05-27,2026-07-31,46,581,334,66,0.696970,0.849821,0.900951,1.134880,,,,,,,,GLOBAL_BASELINE_NO_ENTITY_RANKING,,,NOT_APPLICABLE_GLOBAL_BASELINE,HF9g-P5,,,,X 全窗基线 · 不参与实体赏罚,6878640,688,A168_HF9F_20260827_0900,2026-08-27 09:00:00
2026-07-13,132190460,2258,0,31.6804970770,-11.9466132527,-11.9466132527,0.4000000,13,11,0.48302001590941105,0.461879872727,-0.5253677186044612,-0.3925050736282515,-0.5253677186044612,0.02114014318241105,ELIGIBLE,R03b_20260811_FULL_v1,L1_ELIGIBILITY,v2026-08-11,2026-03-21..2026-08-06,baccarat_bet02_101_all_pairs_incl_sentinel,round_win = game_pnl > 0 (decisive only),COMPATIBILITY_ONLY_NOT_PRODUCTION,4726.3868,4260.9992,168.7826,1339,1197,-0.03571071,-0.04850756,-0.02910476,-0.03571071,-168.7826,4726.3868,OK,0.0000,6.7513,4.0000,96.0000,AG03-UNRESOLVED,ALL5_LEVELS_bet23_to_bet27,6.7513,6.7513,6.7513,6.7513,6.7513,4.000000,4.000000,4.000000,4.000000,4.000000,96.000000,96.000000,96.000000,96.000000,96.000000,5.0,33.7565,31.1619,135.0261,137.6208,PENDING_AG03,FALSE,NOT_FOR_ENFORCEMENT,162.0313,4090.5592,168.7826,162.0313,6.7513,0.03571071,0.03428228,6.7513,162.0313,0.03428228,6.7513,6.7513,6.7513,6.7513,6.7513,162.0313,0.03428228,33.7565,31.1619,135.0261,137.6208,0.02856857,0.02911754,0.00142843,3.5298,3.5597,0.1410,3.6692,0.2905,102.7475,26.0217,3.1802,3.7422,2.0771,4.0878,4.1543,6.1317,6.2314,7.1537,3.1157,-1.022,1.524396,1.75,0.863492,29,159,71,5,0.34046406,0.03571071,0.04850756,0E-8,0.000000,0.901534,0.000000,-0.01940280,2026-05-27,2026-07-31,46,581,334,66,0.696970,0.849821,0.900951,1.134880,,,,,,,,GLOBAL_BASELINE_NO_ENTITY_RANKING,,,NOT_APPLICABLE_GLOBAL_BASELINE,HF9g-P5,,,,X 全窗基线 · 不参与实体赏罚,6878641,688,A168_HF9F_20260827_0900,2026-08-27 09:00:00
2026-07-13,132190460,2271,0,1.6351224298,1.6351224298,1.6351224298,1.0000000,1,1,0.49324550000000000,0.493245500000,1.01360149184955,1.01360149184955,1.01360149184955,0E-17,ELIGIBLE,R03b_20260811_FULL_v1,L1_ELIGIBILITY,v2026-08-11,2026-03-21..2026-08-06,baccarat_bet02_101_all_pairs_incl_sentinel,round_win = game_pnl > 0 (decisive only),COMPATIBILITY_ONLY_NOT_PRODUCTION,4726.3868,4260.9992,168.7826,1339,1197,-0.03571071,-0.04850756,-0.02910476,-0.03571071,-168.7826,4726.3868,OK,0.0000,6.7513,4.0000,96.0000,AG03-UNRESOLVED,ALL5_LEVELS_bet23_to_bet27,6.7513,6.7513,6.7513,6.7513,6.7513,4.000000,4.000000,4.000000,4.000000,4.000000,96.000000,96.000000,96.000000,96.000000,96.000000,5.0,33.7565,31.1619,135.0261,137.6208,PENDING_AG03,FALSE,NOT_FOR_ENFORCEMENT,162.0313,4090.5592,168.7826,162.0313,6.7513,0.03571071,0.03428228,6.7513,162.0313,0.03428228,6.7513,6.7513,6.7513,6.7513,6.7513,162.0313,0.03428228,33.7565,31.1619,135.0261,137.6208,0.02856857,0.02911754,0.00142843,3.5298,3.5597,0.1410,3.6692,0.2905,102.7475,26.0217,3.1802,3.7422,2.0771,4.0878,4.1543,6.1317,6.2314,7.1537,3.1157,-1.022,1.524396,1.75,0.863492,29,159,71,5,0.34046406,0.03571071,0.04850756,0E-8,0.000000,0.901534,0.000000,-0.01940280,2026-05-27,2026-07-31,46,581,334,66,0.696970,0.849821,0.900951,1.134880,,,,,,,,GLOBAL_BASELINE_NO_ENTITY_RANKING,,,NOT_APPLICABLE_GLOBAL_BASELINE,HF9g-P5,,,,X 全窗基线 · 不参与实体赏罚,6878642,688,A168_HF9F_20260827_0900,2026-08-27 09:00:00
2026-07-13,132190460,2278,0,28.0014716103,13.3875648942,13.3875648942,0.7500000,12,8,0.44886102500124974,0.397773950000,1.7124797741439108,2.035487914715562,1.7124797741439108,0.05108707500124974,ELIGIBLE,R03b_20260811_FULL_v1,L1_ELIGIBILITY,v2026-08-11,2026-03-21..2026-08-06,baccarat_bet02_101_all_pairs_incl_sentinel,round_win = game_pnl > 0 (decisive only),COMPATIBILITY_ONLY_NOT_PRODUCTION,4726.3868,4260.9992,168.7826,1339,1197,-0.03571071,-0.04850756,-0.02910476,-0.03571071,-168.7826,4726.3868,OK,0.0000,6.7513,4.0000,96.0000,AG03-UNRESOLVED,ALL5_LEVELS_bet23_to_bet27,6.7513,6.7513,6.7513,6.7513,6.7513,4.000000,4.000000,4.000000,4.000000,4.000000,96.000000,96.000000,96.000000,96.000000,96.000000,5.0,33.7565,31.1619,135.0261,137.6208,PENDING_AG03,FALSE,NOT_FOR_ENFORCEMENT,162.0313,4090.5592,168.7826,162.0313,6.7513,0.03571071,0.03428228,6.7513,162.0313,0.03428228,6.7513,6.7513,6.7513,6.7513,6.7513,162.0313,0.03428228,33.7565,31.1619,135.0261,137.6208,0.02856857,0.02911754,0.00142843,3.5298,3.5597,0.1410,3.6692,0.2905,102.7475,26.0217,3.1802,3.7422,2.0771,4.0878,4.1543,6.1317,6.2314,7.1537,3.1157,-1.022,1.524396,1.75,0.863492,29,159,71,5,0.34046406,0.03571071,0.04850756,0E-8,0.000000,0.901534,0.000000,-0.01940280,2026-05-27,2026-07-31,46,581,334,66,0.696970,0.849821,0.900951,1.134880,,,,,,,,GLOBAL_BASELINE_NO_ENTITY_RANKING,,,NOT_APPLICABLE_GLOBAL_BASELINE,HF9g-P5,,,,X 全窗基线 · 不参与实体赏罚,6878643,688,A168_HF9F_20260827_0900,2026-08-27 09:00:00
2026-07-13,132190460,2280,0,14.3073212607,14.1029309571,14.1029309571,1.0000000,5,3,0.44607052500118600,0.367067200000,1.9301279562042766,2.274398912575905,1.9301279562042766,0.07900332500118600,ELIGIBLE,R03b_20260811_FULL_v1,L1_ELIGIBILITY,v2026-08-11,2026-03-21..2026-08-06,baccarat_bet02_101_all_pairs_incl_sentinel,round_win = game_pnl > 0 (decisive only),COMPATIBILITY_ONLY_NOT_PRODUCTION,4726.3868,4260.9992,168.7826,1339,1197,-0.03571071,-0.04850756,-0.02910476,-0.03571071,-168.7826,4726.3868,OK,0.0000,6.7513,4.0000,96.0000,AG03-UNRESOLVED,ALL5_LEVELS_bet23_to_bet27,6.7513,6.7513,6.7513,6.7513,6.7513,4.000000,4.000000,4.000000,4.000000,4.000000,96.000000,96.000000,96.000000,96.000000,96.000000,5.0,33.7565,31.1619,135.0261,137.6208,PENDING_AG03,FALSE,NOT_FOR_ENFORCEMENT,162.0313,4090.5592,168.7826,162.0313,6.7513,0.03571071,0.03428228,6.7513,162.0313,0.03428228,6.7513,6.7513,6.7513,6.7513,6.7513,162.0313,0.03428228,33.7565,31.1619,135.0261,137.6208,0.02856857,0.02911754,0.00142843,3.5298,3.5597,0.1410,3.6692,0.2905,102.7475,26.0217,3.1802,3.7422,2.0771,4.0878,4.1543,6.1317,6.2314,7.1537,3.1157,-1.022,1.524396,1.75,0.863492,29,159,71,5,0.34046406,0.03571071,0.04850756,0E-8,0.000000,0.901534,0.000000,-0.01940280,2026-05-27,2026-07-31,46,581,334,66,0.696970,0.849821,0.900951,1.134880,,,,,,,,GLOBAL_BASELINE_NO_ENTITY_RANKING,,,NOT_APPLICABLE_GLOBAL_BASELINE,HF9g-P5,,,,X 全窗基线 · 不参与实体赏罚,6878644,688,A168_HF9F_20260827_0900,2026-08-27 09:00:00
2026-07-13,132190460,526,0,5.1097575931,5.1097575931,5.1097575931,1.0000000,2,2,0.49324550000000000,0.493245500000,1.4334489766152358,1.4334489766152358,1.4334489766152358,0E-17,ELIGIBLE,R03b_20260811_FULL_v1,L1_ELIGIBILITY,v2026-08-11,2026-03-21..2026-08-06,baccarat_bet02_101_all_pairs_incl_sentinel,round_win = game_pnl > 0 (decisive only),COMPATIBILITY_ONLY_NOT_PRODUCTION,4726.3868,4260.9992,168.7826,1339,1197,-0.03571071,-0.04850756,-0.02910476,-0.03571071,-168.7826,4726.3868,OK,0.0000,6.7513,4.0000,96.0000,AG03-UNRESOLVED,ALL5_LEVELS_bet23_to_bet27,6.7513,6.7513,6.7513,6.7513,6.7513,4.000000,4.000000,4.000000,4.000000,4.000000,96.000000,96.000000,96.000000,96.000000,96.000000,5.0,33.7565,31.1619,135.0261,137.6208,PENDING_AG03,FALSE,NOT_FOR_ENFORCEMENT,162.0313,4090.5592,168.7826,162.0313,6.7513,0.03571071,0.03428228,6.7513,162.0313,0.03428228,6.7513,6.7513,6.7513,6.7513,6.7513,162.0313,0.03428228,33.7565,31.1619,135.0261,137.6208,0.02856857,0.02911754,0.00142843,3.5298,3.5597,0.1410,3.6692,0.2905,102.7475,26.0217,3.1802,3.7422,2.0771,4.0878,4.1543,6.1317,6.2314,7.1537,3.1157,-1.022,1.524396,1.75,0.863492,29,159,71,5,0.34046406,0.03571071,0.04850756,0E-8,0.000000,0.901534,0.000000,-0.01940280,2026-05-27,2026-07-31,46,581,334,66,0.696970,0.849821,0.900951,1.134880,,,,,,,,GLOBAL_BASELINE_NO_ENTITY_RANKING,,,NOT_APPLICABLE_GLOBAL_BASELINE,HF9g-P5,,,,X 全窗基线 · 不参与实体赏罚,6878645,688,A168_HF9F_20260827_0900,2026-08-27 09:00:00
2026-07-13,132190460,550,0,7.1536606304,-4.0878060745,-4.0878060745,0E-7,2,2,0.49324550000000000,0.493245500000,-0.9865810262130424,-0.9865810262130424,-0.9865810262130424,0E-17,ELIGIBLE,R03b_20260811_FULL_v1,L1_ELIGIBILITY,v2026-08-11,2026-03-21..2026-08-06,baccarat_bet02_101_all_pairs_incl_sentinel,round_win = game_pnl > 0 (decisive only),COMPATIBILITY_ONLY_NOT_PRODUCTION,4726.3868,4260.9992,168.7826,1339,1197,-0.03571071,-0.04850756,-0.02910476,-0.03571071,-168.7826,4726.3868,OK,0.0000,6.7513,4.0000,96.0000,AG03-UNRESOLVED,ALL5_LEVELS_bet23_to_bet27,6.7513,6.7513,6.7513,6.7513,6.7513,4.000000,4.000000,4.000000,4.000000,4.000000,96.000000,96.000000,96.000000,96.000000,96.000000,5.0,33.7565,31.1619,135.0261,137.6208,PENDING_AG03,FALSE,NOT_FOR_ENFORCEMENT,162.0313,4090.5592,168.7826,162.0313,6.7513,0.03571071,0.03428228,6.7513,162.0313,0.03428228,6.7513,6.7513,6.7513,6.7513,6.7513,162.0313,0.03428228,33.7565,31.1619,135.0261,137.6208,0.02856857,0.02911754,0.00142843,3.5298,3.5597,0.1410,3.6692,0.2905,102.7475,26.0217,3.1802,3.7422,2.0771,4.0878,4.1543,6.1317,6.2314,7.1537,3.1157,-1.022,1.524396,1.75,0.863492,29,159,71,5,0.34046406,0.03571071,0.04850756,0E-8,0.000000,0.901534,0.000000,-0.01940280,2026-05-27,2026-07-31,46,581,334,66,0.696970,0.849821,0.900951,1.134880,,,,,,,,GLOBAL_BASELINE_NO_ENTITY_RANKING,,,NOT_APPLICABLE_GLOBAL_BASELINE,HF9g-P5,,,,X 全窗基线 · 不参与实体赏罚,6878646,688,A168_HF9F_20260827_0900,2026-08-27 09:00:00
2026-07-13,132190460,595,0,11.2414667049,1.8906103094,1.8906103094,0.6666667,4,4,0.49994810000000000,0.499948100000,0.5775300591747329,0.5775300591747329,0.5775300591747329,0E-17,ELIGIBLE,R03b_20260811_FULL_v1,L1_ELIGIBILITY,v2026-08-11,2026-03-21..2026-08-06,baccarat_bet02_101_all_pairs_incl_sentinel,round_win = game_pnl > 0 (decisive only),COMPATIBILITY_ONLY_NOT_PRODUCTION,4726.3868,4260.9992,168.7826,1339,1197,-0.03571071,-0.04850756,-0.02910476,-0.03571071,-168.7826,4726.3868,OK,0.0000,6.7513,4.0000,96.0000,AG03-UNRESOLVED,ALL5_LEVELS_bet23_to_bet27,6.7513,6.7513,6.7513,6.7513,6.7513,4.000000,4.000000,4.000000,4.000000,4.000000,96.000000,96.000000,96.000000,96.000000,96.000000,5.0,33.7565,31.1619,135.0261,137.6208,PENDING_AG03,FALSE,NOT_FOR_ENFORCEMENT,162.0313,4090.5592,168.7826,162.0313,6.7513,0.03571071,0.03428228,6.7513,162.0313,0.03428228,6.7513,6.7513,6.7513,6.7513,6.7513,162.0313,0.03428228,33.7565,31.1619,135.0261,137.6208,0.02856857,0.02911754,0.00142843,3.5298,3.5597,0.1410,3.6692,0.2905,102.7475,26.0217,3.1802,3.7422,2.0771,4.0878,4.1543,6.1317,6.2314,7.1537,3.1157,-1.022,1.524396,1.75,0.863492,29,159,71,5,0.34046406,0.03571071,0.04850756,0E-8,0.000000,0.901534,0.000000,-0.01940280,2026-05-27,2026-07-31,46,581,334,66,0.696970,0.849821,0.900951,1.134880,,,,,,,,GLOBAL_BASELINE_NO_ENTITY_RANKING,,,NOT_APPLICABLE_GLOBAL_BASELINE,HF9g-P5,,,,X 全窗基线 · 不参与实体赏罚,6878647,688,A168_HF9F_20260827_0900,2026-08-27 09:00:00
2026-07-13,132190460,986,0,3.2702448596,-3.2702448596,-3.2702448596,0E-7,1,1,0.49324550000000000,0.493245500000,-0.9865810262130424,-0.9865810262130424,-0.9865810262130424,0E-17,ELIGIBLE,R03b_20260811_FULL_v1,L1_ELIGIBILITY,v2026-08-11,2026-03-21..2026-08-06,baccarat_bet02_101_all_pairs_incl_sentinel,round_win = game_pnl > 0 (decisive only),COMPATIBILITY_ONLY_NOT_PRODUCTION,4726.3868,4260.9992,168.7826,1339,1197,-0.03571071,-0.04850756,-0.02910476,-0.03571071,-168.7826,4726.3868,OK,0.0000,6.7513,4.0000,96.0000,AG03-UNRESOLVED,ALL5_LEVELS_bet23_to_bet27,6.7513,6.7513,6.7513,6.7513,6.7513,4.000000,4.000000,4.000000,4.000000,4.000000,96.000000,96.000000,96.000000,96.000000,96.000000,5.0,33.7565,31.1619,135.0261,137.6208,PENDING_AG03,FALSE,NOT_FOR_ENFORCEMENT,162.0313,4090.5592,168.7826,162.0313,6.7513,0.03571071,0.03428228,6.7513,162.0313,0.03428228,6.7513,6.7513,6.7513,6.7513,6.7513,162.0313,0.03428228,33.7565,31.1619,135.0261,137.6208,0.02856857,0.02911754,0.00142843,3.5298,3.5597,0.1410,3.6692,0.2905,102.7475,26.0217,3.1802,3.7422,2.0771,4.0878,4.1543,6.1317,6.2314,7.1537,3.1157,-1.022,1.524396,1.75,0.863492,29,159,71,5,0.34046406,0.03571071,0.04850756,0E-8,0.000000,0.901534,0.000000,-0.01940280,2026-05-27,2026-07-31,46,581,334,66,0.696970,0.849821,0.900951,1.134880,,,,,,,,GLOBAL_BASELINE_NO_ENTITY_RANKING,,,NOT_APPLICABLE_GLOBAL_BASELINE,HF9g-P5,,,,X 全窗基线 · 不参与实体赏罚,6878648,688,A168_HF9F_20260827_0900,2026-08-27 09:00:00
2026-07-14,132190460,1115,0,3.0658545559,-3.0658545559,-3.0658545559,0E-7,1,1,0.50665070000000000,0.506650700000,-1.013391052207602,-1.013391052207602,-1.013391052207602,0E-17,ELIGIBLE,R03b_20260811_FULL_v1,L1_ELIGIBILITY,v2026-08-11,2026-03-21..2026-08-06,baccarat_bet02_101_all_pairs_incl_sentinel,round_win = game_pnl > 0 (decisive only),COMPATIBILITY_ONLY_NOT_PRODUCTION,4726.3868,4260.9992,168.7826,1339,1197,-0.03571071,-0.04850756,-0.02910476,-0.03571071,-168.7826,4726.3868,OK,0.0000,6.7513,4.0000,96.0000,AG03-UNRESOLVED,ALL5_LEVELS_bet23_to_bet27,6.7513,6.7513,6.7513,6.7513,6.7513,4.000000,4.000000,4.000000,4.000000,4.000000,96.000000,96.000000,96.000000,96.000000,96.000000,5.0,33.7565,31.1619,135.0261,137.6208,PENDING_AG03,FALSE,NOT_FOR_ENFORCEMENT,162.0313,4090.5592,168.7826,162.0313,6.7513,0.03571071,0.03428228,6.7513,162.0313,0.03428228,6.7513,6.7513,6.7513,6.7513,6.7513,162.0313,0.03428228,33.7565,31.1619,135.0261,137.6208,0.02856857,0.02911754,0.00142843,3.5298,3.5597,0.1410,3.6692,0.2905,102.7475,26.0217,3.1802,3.7422,2.0771,4.0878,4.1543,6.1317,6.2314,7.1537,3.1157,-1.022,1.524396,1.75,0.863492,29,159,71,5,0.34046406,0.03571071,0.04850756,0E-8,0.000000,0.901534,0.000000,-0.01940280,2026-05-27,2026-07-31,46,581,334,66,0.696970,0.849821,0.900951,1.134880,,,,,,,,GLOBAL_BASELINE_NO_ENTITY_RANKING,,,NOT_APPLICABLE_GLOBAL_BASELINE,HF9g-P5,,,,X 全窗基线 · 不参与实体赏罚,6878649,688,A168_HF9F_20260827_0900,2026-08-27 09:00:00
2026-07-14,132190460,1205,0,2.0439030372,2.0439030372,2.0439030372,1.0000000,1,1,0.49324550000000000,0.493245500000,1.01360149184955,1.01360149184955,1.01360149184955,0E-17,ELIGIBLE,R03b_20260811_FULL_v1,L1_ELIGIBILITY,v2026-08-11,2026-03-21..2026-08-06,baccarat_bet02_101_all_pairs_incl_sentinel,round_win = game_pnl > 0 (decisive only),COMPATIBILITY_ONLY_NOT_PRODUCTION,4726.3868,4260.9992,168.7826,1339,1197,-0.03571071,-0.04850756,-0.02910476,-0.03571071,-168.7826,4726.3868,OK,0.0000,6.7513,4.0000,96.0000,AG03-UNRESOLVED,ALL5_LEVELS_bet23_to_bet27,6.7513,6.7513,6.7513,6.7513,6.7513,4.000000,4.000000,4.000000,4.000000,4.000000,96.000000,96.000000,96.000000,96.000000,96.000000,5.0,33.7565,31.1619,135.0261,137.6208,PENDING_AG03,FALSE,NOT_FOR_ENFORCEMENT,162.0313,4090.5592,168.7826,162.0313,6.7513,0.03571071,0.03428228,6.7513,162.0313,0.03428228,6.7513,6.7513,6.7513,6.7513,6.7513,162.0313,0.03428228,33.7565,31.1619,135.0261,137.6208,0.02856857,0.02911754,0.00142843,3.5298,3.5597,0.1410,3.6692,0.2905,102.7475,26.0217,3.1802,3.7422,2.0771,4.0878,4.1543,6.1317,6.2314,7.1537,3.1157,-1.022,1.524396,1.75,0.863492,29,159,71,5,0.34046406,0.03571071,0.04850756,0E-8,0.000000,0.901534,0.000000,-0.01940280,2026-05-27,2026-07-31,46,581,334,66,0.696970,0.849821,0.900951,1.134880,,,,,,,,GLOBAL_BASELINE_NO_ENTITY_RANKING,,,NOT_APPLICABLE_GLOBAL_BASELINE,HF9g-P5,,,,X 全窗基线 · 不参与实体赏罚,6878650,688,A168_HF9F_20260827_0900,2026-08-27 09:00:00
2026-07-14,132190460,1307,0,6.1317091116,1.9417078854,1.9417078854,0.5000000,3,2,0.49659680000000000,0.496596800000,0.009625926164049043,0.009625926164049045,0.009625926164049043,0E-17,ELIGIBLE,R03b_20260811_FULL_v1,L1_ELIGIBILITY,v2026-08-11,2026-03-21..2026-08-06,baccarat_bet02_101_all_pairs_incl_sentinel,round_win = game_pnl > 0 (decisive only),COMPATIBILITY_ONLY_NOT_PRODUCTION,4726.3868,4260.9992,168.7826,1339,1197,-0.03571071,-0.04850756,-0.02910476,-0.03571071,-168.7826,4726.3868,OK,0.0000,6.7513,4.0000,96.0000,AG03-UNRESOLVED,ALL5_LEVELS_bet23_to_bet27,6.7513,6.7513,6.7513,6.7513,6.7513,4.000000,4.000000,4.000000,4.000000,4.000000,96.000000,96.000000,96.000000,96.000000,96.000000,5.0,33.7565,31.1619,135.0261,137.6208,PENDING_AG03,FALSE,NOT_FOR_ENFORCEMENT,162.0313,4090.5592,168.7826,162.0313,6.7513,0.03571071,0.03428228,6.7513,162.0313,0.03428228,6.7513,6.7513,6.7513,6.7513,6.7513,162.0313,0.03428228,33.7565,31.1619,135.0261,137.6208,0.02856857,0.02911754,0.00142843,3.5298,3.5597,0.1410,3.6692,0.2905,102.7475,26.0217,3.1802,3.7422,2.0771,4.0878,4.1543,6.1317,6.2314,7.1537,3.1157,-1.022,1.524396,1.75,0.863492,29,159,71,5,0.34046406,0.03571071,0.04850756,0E-8,0.000000,0.901534,0.000000,-0.01940280,2026-05-27,2026-07-31,46,581,334,66,0.696970,0.849821,0.900951,1.134880,,,,,,,,GLOBAL_BASELINE_NO_ENTITY_RANKING,,,NOT_APPLICABLE_GLOBAL_BASELINE,HF9g-P5,,,,X 全窗基线 · 不参与实体赏罚,6878651,688,A168_HF9F_20260827_0900,2026-08-27 09:00:00
2026-07-14,132190460,1994,0,15.3292727793,3.0658545558,3.0658545558,0.6666667,5,5,0.49592654000000000,0.495926540000,0.5914807778519792,0.5914807778519792,0.5914807778519792,0E-17,ELIGIBLE,R03b_20260811_FULL_v1,L1_ELIGIBILITY,v2026-08-11,2026-03-21..2026-08-06,baccarat_bet02_101_all_pairs_incl_sentinel,round_win = game_pnl > 0 (decisive only),COMPATIBILITY_ONLY_NOT_PRODUCTION,4726.3868,4260.9992,168.7826,1339,1197,-0.03571071,-0.04850756,-0.02910476,-0.03571071,-168.7826,4726.3868,OK,0.0000,6.7513,4.0000,96.0000,AG03-UNRESOLVED,ALL5_LEVELS_bet23_to_bet27,6.7513,6.7513,6.7513,6.7513,6.7513,4.000000,4.000000,4.000000,4.000000,4.000000,96.000000,96.000000,96.000000,96.000000,96.000000,5.0,33.7565,31.1619,135.0261,137.6208,PENDING_AG03,FALSE,NOT_FOR_ENFORCEMENT,162.0313,4090.5592,168.7826,162.0313,6.7513,0.03571071,0.03428228,6.7513,162.0313,0.03428228,6.7513,6.7513,6.7513,6.7513,6.7513,162.0313,0.03428228,33.7565,31.1619,135.0261,137.6208,0.02856857,0.02911754,0.00142843,3.5298,3.5597,0.1410,3.6692,0.2905,102.7475,26.0217,3.1802,3.7422,2.0771,4.0878,4.1543,6.1317,6.2314,7.1537,3.1157,-1.022,1.524396,1.75,0.863492,29,159,71,5,0.34046406,0.03571071,0.04850756,0E-8,0.000000,0.901534,0.000000,-0.01940280,2026-05-27,2026-07-31,46,581,334,66,0.696970,0.849821,0.900951,1.134880,,,,,,,,GLOBAL_BASELINE_NO_ENTITY_RANKING,,,NOT_APPLICABLE_GLOBAL_BASELINE,HF9g-P5,,,,X 全窗基线 · 不参与实体赏罚,6878652,688,A168_HF9F_20260827_0900,2026-08-27 09:00:00
2026-07-14,132190460,2108,0,1.0219515186,-1.0219515186,-1.0219515186,0E-7,1,1,0.49324550000000000,0.493245500000,-0.9865810262130424,-0.9865810262130424,-0.9865810262130424,0E-17,ELIGIBLE,R03b_20260811_FULL_v1,L1_ELIGIBILITY,v2026-08-11,2026-03-21..2026-08-06,baccarat_bet02_101_all_pairs_incl_sentinel,round_win = game_pnl > 0 (decisive only),COMPATIBILITY_ONLY_NOT_PRODUCTION,4726.3868,4260.9992,168.7826,1339,1197,-0.03571071,-0.04850756,-0.02910476,-0.03571071,-168.7826,4726.3868,OK,0.0000,6.7513,4.0000,96.0000,AG03-UNRESOLVED,ALL5_LEVELS_bet23_to_bet27,6.7513,6.7513,6.7513,6.7513,6.7513,4.000000,4.000000,4.000000,4.000000,4.000000,96.000000,96.000000,96.000000,96.000000,96.000000,5.0,33.7565,31.1619,135.0261,137.6208,PENDING_AG03,FALSE,NOT_FOR_ENFORCEMENT,162.0313,4090.5592,168.7826,162.0313,6.7513,0.03571071,0.03428228,6.7513,162.0313,0.03428228,6.7513,6.7513,6.7513,6.7513,6.7513,162.0313,0.03428228,33.7565,31.1619,135.0261,137.6208,0.02856857,0.02911754,0.00142843,3.5298,3.5597,0.1410,3.6692,0.2905,102.7475,26.0217,3.1802,3.7422,2.0771,4.0878,4.1543,6.1317,6.2314,7.1537,3.1157,-1.022,1.524396,1.75,0.863492,29,159,71,5,0.34046406,0.03571071,0.04850756,0E-8,0.000000,0.901534,0.000000,-0.01940280,2026-05-27,2026-07-31,46,581,334,66,0.696970,0.849821,0.900951,1.134880,,,,,,,,GLOBAL_BASELINE_NO_ENTITY_RANKING,,,NOT_APPLICABLE_GLOBAL_BASELINE,HF9g-P5,,,,X 全窗基线 · 不参与实体赏罚,6878653,688,A168_HF9F_20260827_0900,2026-08-27 09:00:00
2026-07-14,132190460,2156,0,7.1536606304,-7.1536606304,-7.1536606304,0E-7,2,2,0.49324550000000000,0.493245500000,-1.3952362676504506,-1.3952362676504506,-1.3952362676504506,0E-17,ELIGIBLE,R03b_20260811_FULL_v1,L1_ELIGIBILITY,v2026-08-11,2026-03-21..2026-08-06,baccarat_bet02_101_all_pairs_incl_sentinel,round_win = game_pnl > 0 (decisive only),COMPATIBILITY_ONLY_NOT_PRODUCTION,4726.3868,4260.9992,168.7826,1339,1197,-0.03571071,-0.04850756,-0.02910476,-0.03571071,-168.7826,4726.3868,OK,0.0000,6.7513,4.0000,96.0000,AG03-UNRESOLVED,ALL5_LEVELS_bet23_to_bet27,6.7513,6.7513,6.7513,6.7513,6.7513,4.000000,4.000000,4.000000,4.000000,4.000000,96.000000,96.000000,96.000000,96.000000,96.000000,5.0,33.7565,31.1619,135.0261,137.6208,PENDING_AG03,FALSE,NOT_FOR_ENFORCEMENT,162.0313,4090.5592,168.7826,162.0313,6.7513,0.03571071,0.03428228,6.7513,162.0313,0.03428228,6.7513,6.7513,6.7513,6.7513,6.7513,162.0313,0.03428228,33.7565,31.1619,135.0261,137.6208,0.02856857,0.02911754,0.00142843,3.5298,3.5597,0.1410,3.6692,0.2905,102.7475,26.0217,3.1802,3.7422,2.0771,4.0878,4.1543,6.1317,6.2314,7.1537,3.1157,-1.022,1.524396,1.75,0.863492,29,159,71,5,0.34046406,0.03571071,0.04850756,0E-8,0.000000,0.901534,0.000000,-0.01940280,2026-05-27,2026-07-31,46,581,334,66,0.696970,0.849821,0.900951,1.134880,,,,,,,,GLOBAL_BASELINE_NO_ENTITY_RANKING,,,NOT_APPLICABLE_GLOBAL_BASELINE,HF9g-P5,,,,X 全窗基线 · 不参与实体赏罚,6878654,688,A168_HF9F_20260827_0900,2026-08-27 09:00:00
2026-07-14,132190460,2177,0,10.2195151862,-10.2195151862,-10.2195151862,0E-7,3,3,0.49324550000000000,0.493245500000,-1.708808463184432,-1.7088084631844318,-1.708808463184432,0E-17,ELIGIBLE,R03b_20260811_FULL_v1,L1_ELIGIBILITY,v2026-08-11,2026-03-21..2026-08-06,baccarat_bet02_101_all_pairs_incl_sentinel,round_win = game_pnl > 0 (decisive only),COMPATIBILITY_ONLY_NOT_PRODUCTION,4726.3868,4260.9992,168.7826,1339,1197,-0.03571071,-0.04850756,-0.02910476,-0.03571071,-168.7826,4726.3868,OK,0.0000,6.7513,4.0000,96.0000,AG03-UNRESOLVED,ALL5_LEVELS_bet23_to_bet27,6.7513,6.7513,6.7513,6.7513,6.7513,4.000000,4.000000,4.000000,4.000000,4.000000,96.000000,96.000000,96.000000,96.000000,96.000000,5.0,33.7565,31.1619,135.0261,137.6208,PENDING_AG03,FALSE,NOT_FOR_ENFORCEMENT,162.0313,4090.5592,168.7826,162.0313,6.7513,0.03571071,0.03428228,6.7513,162.0313,0.03428228,6.7513,6.7513,6.7513,6.7513,6.7513,162.0313,0.03428228,33.7565,31.1619,135.0261,137.6208,0.02856857,0.02911754,0.00142843,3.5298,3.5597,0.1410,3.6692,0.2905,102.7475,26.0217,3.1802,3.7422,2.0771,4.0878,4.1543,6.1317,6.2314,7.1537,3.1157,-1.022,1.524396,1.75,0.863492,29,159,71,5,0.34046406,0.03571071,0.04850756,0E-8,0.000000,0.901534,0.000000,-0.01940280,2026-05-27,2026-07-31,46,581,334,66,0.696970,0.849821,0.900951,1.134880,,,,,,,,GLOBAL_BASELINE_NO_ENTITY_RANKING,,,NOT_APPLICABLE_GLOBAL_BASELINE,HF9g-P5,,,,X 全窗基线 · 不参与实体赏罚,6878655,688,A168_HF9F_20260827_0900,2026-08-27 09:00:00
2026-07-14,132190460,2233,0,2.0439030372,-2.0439030372,-2.0439030372,0E-7,1,1,0.49324550000000000,0.493245500000,-0.9865810262130424,-0.9865810262130424,-0.9865810262130424,0E-17,ELIGIBLE,R03b_20260811_FULL_v1,L1_ELIGIBILITY,v2026-08-11,2026-03-21..2026-08-06,baccarat_bet02_101_all_pairs_incl_sentinel,round_win = game_pnl > 0 (decisive only),COMPATIBILITY_ONLY_NOT_PRODUCTION,4726.3868,4260.9992,168.7826,1339,1197,-0.03571071,-0.04850756,-0.02910476,-0.03571071,-168.7826,4726.3868,OK,0.0000,6.7513,4.0000,96.0000,AG03-UNRESOLVED,ALL5_LEVELS_bet23_to_bet27,6.7513,6.7513,6.7513,6.7513,6.7513,4.000000,4.000000,4.000000,4.000000,4.000000,96.000000,96.000000,96.000000,96.000000,96.000000,5.0,33.7565,31.1619,135.0261,137.6208,PENDING_AG03,FALSE,NOT_FOR_ENFORCEMENT,162.0313,4090.5592,168.7826,162.0313,6.7513,0.03571071,0.03428228,6.7513,162.0313,0.03428228,6.7513,6.7513,6.7513,6.7513,6.7513,162.0313,0.03428228,33.7565,31.1619,135.0261,137.6208,0.02856857,0.02911754,0.00142843,3.5298,3.5597,0.1410,3.6692,0.2905,102.7475,26.0217,3.1802,3.7422,2.0771,4.0878,4.1543,6.1317,6.2314,7.1537,3.1157,-1.022,1.524396,1.75,0.863492,29,159,71,5,0.34046406,0.03571071,0.04850756,0E-8,0.000000,0.901534,0.000000,-0.01940280,2026-05-27,2026-07-31,46,581,334,66,0.696970,0.849821,0.900951,1.134880,,,,,,,,GLOBAL_BASELINE_NO_ENTITY_RANKING,,,NOT_APPLICABLE_GLOBAL_BASELINE,HF9g-P5,,,,X 全窗基线 · 不参与实体赏罚,6878656,688,A168_HF9F_20260827_0900,2026-08-27 09:00:00
2026-07-14,132190460,2246,0,11.2414667047,-5.2119527449,-5.2119527449,0.2500000,5,5,0.50396966000000000,0.503969660000,-1.01591065835228,-1.0159106583522801,-1.01591065835228,0E-17,ELIGIBLE,R03b_20260811_FULL_v1,L1_ELIGIBILITY,v2026-08-11,2026-03-21..2026-08-06,baccarat_bet02_101_all_pairs_incl_sentinel,round_win = game_pnl > 0 (decisive only),COMPATIBILITY_ONLY_NOT_PRODUCTION,4726.3868,4260.9992,168.7826,1339,1197,-0.03571071,-0.04850756,-0.02910476,-0.03571071,-168.7826,4726.3868,OK,0.0000,6.7513,4.0000,96.0000,AG03-UNRESOLVED,ALL5_LEVELS_bet23_to_bet27,6.7513,6.7513,6.7513,6.7513,6.7513,4.000000,4.000000,4.000000,4.000000,4.000000,96.000000,96.000000,96.000000,96.000000,96.000000,5.0,33.7565,31.1619,135.0261,137.6208,PENDING_AG03,FALSE,NOT_FOR_ENFORCEMENT,162.0313,4090.5592,168.7826,162.0313,6.7513,0.03571071,0.03428228,6.7513,162.0313,0.03428228,6.7513,6.7513,6.7513,6.7513,6.7513,162.0313,0.03428228,33.7565,31.1619,135.0261,137.6208,0.02856857,0.02911754,0.00142843,3.5298,3.5597,0.1410,3.6692,0.2905,102.7475,26.0217,3.1802,3.7422,2.0771,4.0878,4.1543,6.1317,6.2314,7.1537,3.1157,-1.022,1.524396,1.75,0.863492,29,159,71,5,0.34046406,0.03571071,0.04850756,0E-8,0.000000,0.901534,0.000000,-0.01940280,2026-05-27,2026-07-31,46,581,334,66,0.696970,0.849821,0.900951,1.134880,,,,,,,,GLOBAL_BASELINE_NO_ENTITY_RANKING,,,NOT_APPLICABLE_GLOBAL_BASELINE,HF9g-P5,,,,X 全窗基线 · 不参与实体赏罚,6878657,688,A168_HF9F_20260827_0900,2026-08-27 09:00:00
2026-07-14,132190460,2278,0,1.8395127335,-1.8395127335,-1.8395127335,0E-7,1,1,0.50665070000000000,0.506650700000,-1.013391052207602,-1.013391052207602,-1.013391052207602,0E-17,ELIGIBLE,R03b_20260811_FULL_v1,L1_ELIGIBILITY,v2026-08-11,2026-03-21..2026-08-06,baccarat_bet02_101_all_pairs_incl_sentinel,round_win = game_pnl > 0 (decisive only),COMPATIBILITY_ONLY_NOT_PRODUCTION,4726.3868,4260.9992,168.7826,1339,1197,-0.03571071,-0.04850756,-0.02910476,-0.03571071,-168.7826,4726.3868,OK,0.0000,6.7513,4.0000,96.0000,AG03-UNRESOLVED,ALL5_LEVELS_bet23_to_bet27,6.7513,6.7513,6.7513,6.7513,6.7513,4.000000,4.000000,4.000000,4.000000,4.000000,96.000000,96.000000,96.000000,96.000000,96.000000,5.0,33.7565,31.1619,135.0261,137.6208,PENDING_AG03,FALSE,NOT_FOR_ENFORCEMENT,162.0313,4090.5592,168.7826,162.0313,6.7513,0.03571071,0.03428228,6.7513,162.0313,0.03428228,6.7513,6.7513,6.7513,6.7513,6.7513,162.0313,0.03428228,33.7565,31.1619,135.0261,137.6208,0.02856857,0.02911754,0.00142843,3.5298,3.5597,0.1410,3.6692,0.2905,102.7475,26.0217,3.1802,3.7422,2.0771,4.0878,4.1543,6.1317,6.2314,7.1537,3.1157,-1.022,1.524396,1.75,0.863492,29,159,71,5,0.34046406,0.03571071,0.04850756,0E-8,0.000000,0.901534,0.000000,-0.01940280,2026-05-27,2026-07-31,46,581,334,66,0.696970,0.849821,0.900951,1.134880,,,,,,,,GLOBAL_BASELINE_NO_ENTITY_RANKING,,,NOT_APPLICABLE_GLOBAL_BASELINE,HF9g-P5,,,,X 全窗基线 · 不参与实体赏罚,6878658,688,A168_HF9F_20260827_0900,2026-08-27 09:00:00
2026-07-14,132190460,2281,0,2.0439030372,1.9417078854,1.9417078854,1.0000000,1,1,0.50665070000000000,0.506650700000,0.9867858985152569,0.9867858985152569,0.9867858985152569,0E-17,ELIGIBLE,R03b_20260811_FULL_v1,L1_ELIGIBILITY,v2026-08-11,2026-03-21..2026-08-06,baccarat_bet02_101_all_pairs_incl_sentinel,round_win = game_pnl > 0 (decisive only),COMPATIBILITY_ONLY_NOT_PRODUCTION,4726.3868,4260.9992,168.7826,1339,1197,-0.03571071,-0.04850756,-0.02910476,-0.03571071,-168.7826,4726.3868,OK,0.0000,6.7513,4.0000,96.0000,AG03-UNRESOLVED,ALL5_LEVELS_bet23_to_bet27,6.7513,6.7513,6.7513,6.7513,6.7513,4.000000,4.000000,4.000000,4.000000,4.000000,96.000000,96.000000,96.000000,96.000000,96.000000,5.0,33.7565,31.1619,135.0261,137.6208,PENDING_AG03,FALSE,NOT_FOR_ENFORCEMENT,162.0313,4090.5592,168.7826,162.0313,6.7513,0.03571071,0.03428228,6.7513,162.0313,0.03428228,6.7513,6.7513,6.7513,6.7513,6.7513,162.0313,0.03428228,33.7565,31.1619,135.0261,137.6208,0.02856857,0.02911754,0.00142843,3.5298,3.5597,0.1410,3.6692,0.2905,102.7475,26.0217,3.1802,3.7422,2.0771,4.0878,4.1543,6.1317,6.2314,7.1537,3.1157,-1.022,1.524396,1.75,0.863492,29,159,71,5,0.34046406,0.03571071,0.04850756,0E-8,0.000000,0.901534,0.000000,-0.01940280,2026-05-27,2026-07-31,46,581,334,66,0.696970,0.849821,0.900951,1.134880,,,,,,,,GLOBAL_BASELINE_NO_ENTITY_RANKING,,,NOT_APPLICABLE_GLOBAL_BASELINE,HF9g-P5,,,,X 全窗基线 · 不参与实体赏罚,6878659,688,A168_HF9F_20260827_0900,2026-08-27 09:00:00
2026-07-14,132190460,2288,0,6.1317091118,5.9784163840,5.9784163840,1.0000000,2,2,0.49994810000000000,0.499948100000,1.4143603653603398,1.4143603653603398,1.4143603653603398,0E-17,ELIGIBLE,R03b_20260811_FULL_v1,L1_ELIGIBILITY,v2026-08-11,2026-03-21..2026-08-06,baccarat_bet02_101_all_pairs_incl_sentinel,round_win = game_pnl > 0 (decisive only),COMPATIBILITY_ONLY_NOT_PRODUCTION,4726.3868,4260.9992,168.7826,1339,1197,-0.03571071,-0.04850756,-0.02910476,-0.03571071,-168.7826,4726.3868,OK,0.0000,6.7513,4.0000,96.0000,AG03-UNRESOLVED,ALL5_LEVELS_bet23_to_bet27,6.7513,6.7513,6.7513,6.7513,6.7513,4.000000,4.000000,4.000000,4.000000,4.000000,96.000000,96.000000,96.000000,96.000000,96.000000,5.0,33.7565,31.1619,135.0261,137.6208,PENDING_AG03,FALSE,NOT_FOR_ENFORCEMENT,162.0313,4090.5592,168.7826,162.0313,6.7513,0.03571071,0.03428228,6.7513,162.0313,0.03428228,6.7513,6.7513,6.7513,6.7513,6.7513,162.0313,0.03428228,33.7565,31.1619,135.0261,137.6208,0.02856857,0.02911754,0.00142843,3.5298,3.5597,0.1410,3.6692,0.2905,102.7475,26.0217,3.1802,3.7422,2.0771,4.0878,4.1543,6.1317,6.2314,7.1537,3.1157,-1.022,1.524396,1.75,0.863492,29,159,71,5,0.34046406,0.03571071,0.04850756,0E-8,0.000000,0.901534,0.000000,-0.01940280,2026-05-27,2026-07-31,46,581,334,66,0.696970,0.849821,0.900951,1.134880,,,,,,,,GLOBAL_BASELINE_NO_ENTITY_RANKING,,,NOT_APPLICABLE_GLOBAL_BASELINE,HF9g-P5,,,,X 全窗基线 · 不参与实体赏罚,6878660,688,A168_HF9F_20260827_0900,2026-08-27 09:00:00
2026-07-14,132190460,969,0,4.0878060745,3.8834157708,3.8834157708,1.0000000,1,1,0.50665070000000000,0.506650700000,0.9867858985152569,0.9867858985152569,0.9867858985152569,0E-17,ELIGIBLE,R03b_20260811_FULL_v1,L1_ELIGIBILITY,v2026-08-11,2026-03-21..2026-08-06,baccarat_bet02_101_all_pairs_incl_sentinel,round_win = game_pnl > 0 (decisive only),COMPATIBILITY_ONLY_NOT_PRODUCTION,4726.3868,4260.9992,168.7826,1339,1197,-0.03571071,-0.04850756,-0.02910476,-0.03571071,-168.7826,4726.3868,OK,0.0000,6.7513,4.0000,96.0000,AG03-UNRESOLVED,ALL5_LEVELS_bet23_to_bet27,6.7513,6.7513,6.7513,6.7513,6.7513,4.000000,4.000000,4.000000,4.000000,4.000000,96.000000,96.000000,96.000000,96.000000,96.000000,5.0,33.7565,31.1619,135.0261,137.6208,PENDING_AG03,FALSE,NOT_FOR_ENFORCEMENT,162.0313,4090.5592,168.7826,162.0313,6.7513,0.03571071,0.03428228,6.7513,162.0313,0.03428228,6.7513,6.7513,6.7513,6.7513,6.7513,162.0313,0.03428228,33.7565,31.1619,135.0261,137.6208,0.02856857,0.02911754,0.00142843,3.5298,3.5597,0.1410,3.6692,0.2905,102.7475,26.0217,3.1802,3.7422,2.0771,4.0878,4.1543,6.1317,6.2314,7.1537,3.1157,-1.022,1.524396,1.75,0.863492,29,159,71,5,0.34046406,0.03571071,0.04850756,0E-8,0.000000,0.901534,0.000000,-0.01940280,2026-05-27,2026-07-31,46,581,334,66,0.696970,0.849821,0.900951,1.134880,,,,,,,,GLOBAL_BASELINE_NO_ENTITY_RANKING,,,NOT_APPLICABLE_GLOBAL_BASELINE,HF9g-P5,,,,X 全窗基线 · 不参与实体赏罚,6878661,688,A168_HF9F_20260827_0900,2026-08-27 09:00:00
2026-07-14,132190460,986,0,2.0439030372,2.0439030372,2.0439030372,1.0000000,1,1,0.49324550000000000,0.493245500000,1.01360149184955,1.01360149184955,1.01360149184955,0E-17,ELIGIBLE,R03b_20260811_FULL_v1,L1_ELIGIBILITY,v2026-08-11,2026-03-21..2026-08-06,baccarat_bet02_101_all_pairs_incl_sentinel,round_win = game_pnl > 0 (decisive only),COMPATIBILITY_ONLY_NOT_PRODUCTION,4726.3868,4260.9992,168.7826,1339,1197,-0.03571071,-0.04850756,-0.02910476,-0.03571071,-168.7826,4726.3868,OK,0.0000,6.7513,4.0000,96.0000,AG03-UNRESOLVED,ALL5_LEVELS_bet23_to_bet27,6.7513,6.7513,6.7513,6.7513,6.7513,4.000000,4.000000,4.000000,4.000000,4.000000,96.000000,96.000000,96.000000,96.000000,96.000000,5.0,33.7565,31.1619,135.0261,137.6208,PENDING_AG03,FALSE,NOT_FOR_ENFORCEMENT,162.0313,4090.5592,168.7826,162.0313,6.7513,0.03571071,0.03428228,6.7513,162.0313,0.03428228,6.7513,6.7513,6.7513,6.7513,6.7513,162.0313,0.03428228,33.7565,31.1619,135.0261,137.6208,0.02856857,0.02911754,0.00142843,3.5298,3.5597,0.1410,3.6692,0.2905,102.7475,26.0217,3.1802,3.7422,2.0771,4.0878,4.1543,6.1317,6.2314,7.1537,3.1157,-1.022,1.524396,1.75,0.863492,29,159,71,5,0.34046406,0.03571071,0.04850756,0E-8,0.000000,0.901534,0.000000,-0.01940280,2026-05-27,2026-07-31,46,581,334,66,0.696970,0.849821,0.900951,1.134880,,,,,,,,GLOBAL_BASELINE_NO_ENTITY_RANKING,,,NOT_APPLICABLE_GLOBAL_BASELINE,HF9g-P5,,,,X 全窗基线 · 不参与实体赏罚,6878662,688,A168_HF9F_20260827_0900,2026-08-27 09:00:00
2026-07-15,132190460,2288,0,2.4526836447,-2.4526836447,-2.4526836447,0E-7,1,1,0.49324550000000000,0.493245500000,-0.9865810262130424,-0.9865810262130424,-0.9865810262130424,0E-17,ELIGIBLE,R03b_20260811_FULL_v1,L1_ELIGIBILITY,v2026-08-11,2026-03-21..2026-08-06,baccarat_bet02_101_all_pairs_incl_sentinel,round_win = game_pnl > 0 (decisive only),COMPATIBILITY_ONLY_NOT_PRODUCTION,4726.3868,4260.9992,168.7826,1339,1197,-0.03571071,-0.04850756,-0.02910476,-0.03571071,-168.7826,4726.3868,OK,0.0000,6.7513,4.0000,96.0000,AG03-UNRESOLVED,ALL5_LEVELS_bet23_to_bet27,6.7513,6.7513,6.7513,6.7513,6.7513,4.000000,4.000000,4.000000,4.000000,4.000000,96.000000,96.000000,96.000000,96.000000,96.000000,5.0,33.7565,31.1619,135.0261,137.6208,PENDING_AG03,FALSE,NOT_FOR_ENFORCEMENT,162.0313,4090.5592,168.7826,162.0313,6.7513,0.03571071,0.03428228,6.7513,162.0313,0.03428228,6.7513,6.7513,6.7513,6.7513,6.7513,162.0313,0.03428228,33.7565,31.1619,135.0261,137.6208,0.02856857,0.02911754,0.00142843,3.5298,3.5597,0.1410,3.6692,0.2905,102.7475,26.0217,3.1802,3.7422,2.0771,4.0878,4.1543,6.1317,6.2314,7.1537,3.1157,-1.022,1.524396,1.75,0.863492,29,159,71,5,0.34046406,0.03571071,0.04850756,0E-8,0.000000,0.901534,0.000000,-0.01940280,2026-05-27,2026-07-31,46,581,334,66,0.696970,0.849821,0.900951,1.134880,,,,,,,,GLOBAL_BASELINE_NO_ENTITY_RANKING,,,NOT_APPLICABLE_GLOBAL_BASELINE,HF9g-P5,,,,X 全窗基线 · 不参与实体赏罚,6878663,688,A168_HF9F_20260827_0900,2026-08-27 09:00:00
2026-07-15,132190460,986,0,2.4526836447,-2.4526836447,-2.4526836447,0E-7,1,1,0.49324550000000000,0.493245500000,-0.9865810262130424,-0.9865810262130424,-0.9865810262130424,0E-17,ELIGIBLE,R03b_20260811_FULL_v1,L1_ELIGIBILITY,v2026-08-11,2026-03-21..2026-08-06,baccarat_bet02_101_all_pairs_incl_sentinel,round_win = game_pnl > 0 (decisive only),COMPATIBILITY_ONLY_NOT_PRODUCTION,4726.3868,4260.9992,168.7826,1339,1197,-0.03571071,-0.04850756,-0.02910476,-0.03571071,-168.7826,4726.3868,OK,0.0000,6.7513,4.0000,96.0000,AG03-UNRESOLVED,ALL5_LEVELS_bet23_to_bet27,6.7513,6.7513,6.7513,6.7513,6.7513,4.000000,4.000000,4.000000,4.000000,4.000000,96.000000,96.000000,96.000000,96.000000,96.000000,5.0,33.7565,31.1619,135.0261,137.6208,PENDING_AG03,FALSE,NOT_FOR_ENFORCEMENT,162.0313,4090.5592,168.7826,162.0313,6.7513,0.03571071,0.03428228,6.7513,162.0313,0.03428228,6.7513,6.7513,6.7513,6.7513,6.7513,162.0313,0.03428228,33.7565,31.1619,135.0261,137.6208,0.02856857,0.02911754,0.00142843,3.5298,3.5597,0.1410,3.6692,0.2905,102.7475,26.0217,3.1802,3.7422,2.0771,4.0878,4.1543,6.1317,6.2314,7.1537,3.1157,-1.022,1.524396,1.75,0.863492,29,159,71,5,0.34046406,0.03571071,0.04850756,0E-8,0.000000,0.901534,0.000000,-0.01940280,2026-05-27,2026-07-31,46,581,334,66,0.696970,0.849821,0.900951,1.134880,,,,,,,,GLOBAL_BASELINE_NO_ENTITY_RANKING,,,NOT_APPLICABLE_GLOBAL_BASELINE,HF9g-P5,,,,X 全窗基线 · 不参与实体赏罚,6878664,688,A168_HF9F_20260827_0900,2026-08-27 09:00:00
2026-07-16,132190460,1710,0,12.2634182235,-4.2921963782,-4.2921963782,0.3333333,3,3,0.50665070000000000,0.506650700000,-0.6004420894325239,-0.6004420894325239,-0.6004420894325239,0E-17,ELIGIBLE,R03b_20260811_FULL_v1,L1_ELIGIBILITY,v2026-08-11,2026-03-21..2026-08-06,baccarat_bet02_101_all_pairs_incl_sentinel,round_win = game_pnl > 0 (decisive only),COMPATIBILITY_ONLY_NOT_PRODUCTION,4726.3868,4260.9992,168.7826,1339,1197,-0.03571071,-0.04850756,-0.02910476,-0.03571071,-168.7826,4726.3868,OK,0.0000,6.7513,4.0000,96.0000,AG03-UNRESOLVED,ALL5_LEVELS_bet23_to_bet27,6.7513,6.7513,6.7513,6.7513,6.7513,4.000000,4.000000,4.000000,4.000000,4.000000,96.000000,96.000000,96.000000,96.000000,96.000000,5.0,33.7565,31.1619,135.0261,137.6208,PENDING_AG03,FALSE,NOT_FOR_ENFORCEMENT,162.0313,4090.5592,168.7826,162.0313,6.7513,0.03571071,0.03428228,6.7513,162.0313,0.03428228,6.7513,6.7513,6.7513,6.7513,6.7513,162.0313,0.03428228,33.7565,31.1619,135.0261,137.6208,0.02856857,0.02911754,0.00142843,3.5298,3.5597,0.1410,3.6692,0.2905,102.7475,26.0217,3.1802,3.7422,2.0771,4.0878,4.1543,6.1317,6.2314,7.1537,3.1157,-1.022,1.524396,1.75,0.863492,29,159,71,5,0.34046406,0.03571071,0.04850756,0E-8,0.000000,0.901534,0.000000,-0.01940280,2026-05-27,2026-07-31,46,581,334,66,0.696970,0.849821,0.900951,1.134880,,,,,,,,GLOBAL_BASELINE_NO_ENTITY_RANKING,,,NOT_APPLICABLE_GLOBAL_BASELINE,HF9g-P5,,,,X 全窗基线 · 不参与实体赏罚,6878665,688,A168_HF9F_20260827_0900,2026-08-27 09:00:00
2026-07-16,132190460,2123,0,5.1097575931,0.8686587909,0.8686587909,0.5000000,2,2,0.50665070000000000,0.506650700000,-0.018812684590367487,-0.018812684590367487,-0.018812684590367487,0E-17,ELIGIBLE,R03b_20260811_FULL_v1,L1_ELIGIBILITY,v2026-08-11,2026-03-21..2026-08-06,baccarat_bet02_101_all_pairs_incl_sentinel,round_win = game_pnl > 0 (decisive only),COMPATIBILITY_ONLY_NOT_PRODUCTION,4726.3868,4260.9992,168.7826,1339,1197,-0.03571071,-0.04850756,-0.02910476,-0.03571071,-168.7826,4726.3868,OK,0.0000,6.7513,4.0000,96.0000,AG03-UNRESOLVED,ALL5_LEVELS_bet23_to_bet27,6.7513,6.7513,6.7513,6.7513,6.7513,4.000000,4.000000,4.000000,4.000000,4.000000,96.000000,96.000000,96.000000,96.000000,96.000000,5.0,33.7565,31.1619,135.0261,137.6208,PENDING_AG03,FALSE,NOT_FOR_ENFORCEMENT,162.0313,4090.5592,168.7826,162.0313,6.7513,0.03571071,0.03428228,6.7513,162.0313,0.03428228,6.7513,6.7513,6.7513,6.7513,6.7513,162.0313,0.03428228,33.7565,31.1619,135.0261,137.6208,0.02856857,0.02911754,0.00142843,3.5298,3.5597,0.1410,3.6692,0.2905,102.7475,26.0217,3.1802,3.7422,2.0771,4.0878,4.1543,6.1317,6.2314,7.1537,3.1157,-1.022,1.524396,1.75,0.863492,29,159,71,5,0.34046406,0.03571071,0.04850756,0E-8,0.000000,0.901534,0.000000,-0.01940280,2026-05-27,2026-07-31,46,581,334,66,0.696970,0.849821,0.900951,1.134880,,,,,,,,GLOBAL_BASELINE_NO_ENTITY_RANKING,,,NOT_APPLICABLE_GLOBAL_BASELINE,HF9g-P5,,,,X 全窗基线 · 不参与实体赏罚,6878666,688,A168_HF9F_20260827_0900,2026-08-27 09:00:00
2026-07-16,132190460,2233,0,3.0658545559,-3.0658545559,-3.0658545559,0E-7,1,1,0.50665070000000000,0.506650700000,-1.013391052207602,-1.013391052207602,-1.013391052207602,0E-17,ELIGIBLE,R03b_20260811_FULL_v1,L1_ELIGIBILITY,v2026-08-11,2026-03-21..2026-08-06,baccarat_bet02_101_all_pairs_incl_sentinel,round_win = game_pnl > 0 (decisive only),COMPATIBILITY_ONLY_NOT_PRODUCTION,4726.3868,4260.9992,168.7826,1339,1197,-0.03571071,-0.04850756,-0.02910476,-0.03571071,-168.7826,4726.3868,OK,0.0000,6.7513,4.0000,96.0000,AG03-UNRESOLVED,ALL5_LEVELS_bet23_to_bet27,6.7513,6.7513,6.7513,6.7513,6.7513,4.000000,4.000000,4.000000,4.000000,4.000000,96.000000,96.000000,96.000000,96.000000,96.000000,5.0,33.7565,31.1619,135.0261,137.6208,PENDING_AG03,FALSE,NOT_FOR_ENFORCEMENT,162.0313,4090.5592,168.7826,162.0313,6.7513,0.03571071,0.03428228,6.7513,162.0313,0.03428228,6.7513,6.7513,6.7513,6.7513,6.7513,162.0313,0.03428228,33.7565,31.1619,135.0261,137.6208,0.02856857,0.02911754,0.00142843,3.5298,3.5597,0.1410,3.6692,0.2905,102.7475,26.0217,3.1802,3.7422,2.0771,4.0878,4.1543,6.1317,6.2314,7.1537,3.1157,-1.022,1.524396,1.75,0.863492,29,159,71,5,0.34046406,0.03571071,0.04850756,0E-8,0.000000,0.901534,0.000000,-0.01940280,2026-05-27,2026-07-31,46,581,334,66,0.696970,0.849821,0.900951,1.134880,,,,,,,,GLOBAL_BASELINE_NO_ENTITY_RANKING,,,NOT_APPLICABLE_GLOBAL_BASELINE,HF9g-P5,,,,X 全窗基线 · 不参与实体赏罚,6878667,688,A168_HF9F_20260827_0900,2026-08-27 09:00:00
2026-07-16,132190460,2288,0,20.0302497650,-1.0219515186,-1.0219515186,0.5000000,7,7,0.49516052857142857,0.495160528571,0.01935879252009369,0.019358792521808214,0.01935879252009369,4.2857E-13,ELIGIBLE,R03b_20260811_FULL_v1,L1_ELIGIBILITY,v2026-08-11,2026-03-21..2026-08-06,baccarat_bet02_101_all_pairs_incl_sentinel,round_win = game_pnl > 0 (decisive only),COMPATIBILITY_ONLY_NOT_PRODUCTION,4726.3868,4260.9992,168.7826,1339,1197,-0.03571071,-0.04850756,-0.02910476,-0.03571071,-168.7826,4726.3868,OK,0.0000,6.7513,4.0000,96.0000,AG03-UNRESOLVED,ALL5_LEVELS_bet23_to_bet27,6.7513,6.7513,6.7513,6.7513,6.7513,4.000000,4.000000,4.000000,4.000000,4.000000,96.000000,96.000000,96.000000,96.000000,96.000000,5.0,33.7565,31.1619,135.0261,137.6208,PENDING_AG03,FALSE,NOT_FOR_ENFORCEMENT,162.0313,4090.5592,168.7826,162.0313,6.7513,0.03571071,0.03428228,6.7513,162.0313,0.03428228,6.7513,6.7513,6.7513,6.7513,6.7513,162.0313,0.03428228,33.7565,31.1619,135.0261,137.6208,0.02856857,0.02911754,0.00142843,3.5298,3.5597,0.1410,3.6692,0.2905,102.7475,26.0217,3.1802,3.7422,2.0771,4.0878,4.1543,6.1317,6.2314,7.1537,3.1157,-1.022,1.524396,1.75,0.863492,29,159,71,5,0.34046406,0.03571071,0.04850756,0E-8,0.000000,0.901534,0.000000,-0.01940280,2026-05-27,2026-07-31,46,581,334,66,0.696970,0.849821,0.900951,1.134880,,,,,,,,GLOBAL_BASELINE_NO_ENTITY_RANKING,,,NOT_APPLICABLE_GLOBAL_BASELINE,HF9g-P5,,,,X 全窗基线 · 不参与实体赏罚,6878668,688,A168_HF9F_20260827_0900,2026-08-27 09:00:00
2026-07-16,132190460,2289,0,7.1536606304,7.0003679026,7.0003679026,1.0000000,2,2,0.49994810000000000,0.499948100000,1.4143603653603398,1.4143603653603398,1.4143603653603398,0E-17,ELIGIBLE,R03b_20260811_FULL_v1,L1_ELIGIBILITY,v2026-08-11,2026-03-21..2026-08-06,baccarat_bet02_101_all_pairs_incl_sentinel,round_win = game_pnl > 0 (decisive only),COMPATIBILITY_ONLY_NOT_PRODUCTION,4726.3868,4260.9992,168.7826,1339,1197,-0.03571071,-0.04850756,-0.02910476,-0.03571071,-168.7826,4726.3868,OK,0.0000,6.7513,4.0000,96.0000,AG03-UNRESOLVED,ALL5_LEVELS_bet23_to_bet27,6.7513,6.7513,6.7513,6.7513,6.7513,4.000000,4.000000,4.000000,4.000000,4.000000,96.000000,96.000000,96.000000,96.000000,96.000000,5.0,33.7565,31.1619,135.0261,137.6208,PENDING_AG03,FALSE,NOT_FOR_ENFORCEMENT,162.0313,4090.5592,168.7826,162.0313,6.7513,0.03571071,0.03428228,6.7513,162.0313,0.03428228,6.7513,6.7513,6.7513,6.7513,6.7513,162.0313,0.03428228,33.7565,31.1619,135.0261,137.6208,0.02856857,0.02911754,0.00142843,3.5298,3.5597,0.1410,3.6692,0.2905,102.7475,26.0217,3.1802,3.7422,2.0771,4.0878,4.1543,6.1317,6.2314,7.1537,3.1157,-1.022,1.524396,1.75,0.863492,29,159,71,5,0.34046406,0.03571071,0.04850756,0E-8,0.000000,0.901534,0.000000,-0.01940280,2026-05-27,2026-07-31,46,581,334,66,0.696970,0.849821,0.900951,1.134880,,,,,,,,GLOBAL_BASELINE_NO_ENTITY_RANKING,,,NOT_APPLICABLE_GLOBAL_BASELINE,HF9g-P5,,,,X 全窗基线 · 不参与实体赏罚,6878669,688,A168_HF9F_20260827_0900,2026-08-27 09:00:00
2026-07-16,132190460,986,0,11.2414667049,-5.1097575931,-5.1097575931,0.3333333,3,3,0.49771390000000000,0.497713900000,-0.5694369385616226,-0.5694369385616226,-0.5694369385616226,0E-17,ELIGIBLE,R03b_20260811_FULL_v1,L1_ELIGIBILITY,v2026-08-11,2026-03-21..2026-08-06,baccarat_bet02_101_all_pairs_incl_sentinel,round_win = game_pnl > 0 (decisive only),COMPATIBILITY_ONLY_NOT_PRODUCTION,4726.3868,4260.9992,168.7826,1339,1197,-0.03571071,-0.04850756,-0.02910476,-0.03571071,-168.7826,4726.3868,OK,0.0000,6.7513,4.0000,96.0000,AG03-UNRESOLVED,ALL5_LEVELS_bet23_to_bet27,6.7513,6.7513,6.7513,6.7513,6.7513,4.000000,4.000000,4.000000,4.000000,4.000000,96.000000,96.000000,96.000000,96.000000,96.000000,5.0,33.7565,31.1619,135.0261,137.6208,PENDING_AG03,FALSE,NOT_FOR_ENFORCEMENT,162.0313,4090.5592,168.7826,162.0313,6.7513,0.03571071,0.03428228,6.7513,162.0313,0.03428228,6.7513,6.7513,6.7513,6.7513,6.7513,162.0313,0.03428228,33.7565,31.1619,135.0261,137.6208,0.02856857,0.02911754,0.00142843,3.5298,3.5597,0.1410,3.6692,0.2905,102.7475,26.0217,3.1802,3.7422,2.0771,4.0878,4.1543,6.1317,6.2314,7.1537,3.1157,-1.022,1.524396,1.75,0.863492,29,159,71,5,0.34046406,0.03571071,0.04850756,0E-8,0.000000,0.901534,0.000000,-0.01940280,2026-05-27,2026-07-31,46,581,334,66,0.696970,0.849821,0.900951,1.134880,,,,,,,,GLOBAL_BASELINE_NO_ENTITY_RANKING,,,NOT_APPLICABLE_GLOBAL_BASELINE,HF9g-P5,,,,X 全窗基线 · 不参与实体赏罚,6878670,688,A168_HF9F_20260827_0900,2026-08-27 09:00:00
2026-07-17,132190460,1205,0,2.0439030372,2.0439030372,2.0439030372,1.0000000,1,1,0.49324550000000000,0.493245500000,1.01360149184955,1.01360149184955,1.01360149184955,0E-17,ELIGIBLE,R03b_20260811_FULL_v1,L1_ELIGIBILITY,v2026-08-11,2026-03-21..2026-08-06,baccarat_bet02_101_all_pairs_incl_sentinel,round_win = game_pnl > 0 (decisive only),COMPATIBILITY_ONLY_NOT_PRODUCTION,4726.3868,4260.9992,168.7826,1339,1197,-0.03571071,-0.04850756,-0.02910476,-0.03571071,-168.7826,4726.3868,OK,0.0000,6.7513,4.0000,96.0000,AG03-UNRESOLVED,ALL5_LEVELS_bet23_to_bet27,6.7513,6.7513,6.7513,6.7513,6.7513,4.000000,4.000000,4.000000,4.000000,4.000000,96.000000,96.000000,96.000000,96.000000,96.000000,5.0,33.7565,31.1619,135.0261,137.6208,PENDING_AG03,FALSE,NOT_FOR_ENFORCEMENT,162.0313,4090.5592,168.7826,162.0313,6.7513,0.03571071,0.03428228,6.7513,162.0313,0.03428228,6.7513,6.7513,6.7513,6.7513,6.7513,162.0313,0.03428228,33.7565,31.1619,135.0261,137.6208,0.02856857,0.02911754,0.00142843,3.5298,3.5597,0.1410,3.6692,0.2905,102.7475,26.0217,3.1802,3.7422,2.0771,4.0878,4.1543,6.1317,6.2314,7.1537,3.1157,-1.022,1.524396,1.75,0.863492,29,159,71,5,0.34046406,0.03571071,0.04850756,0E-8,0.000000,0.901534,0.000000,-0.01940280,2026-05-27,2026-07-31,46,581,334,66,0.696970,0.849821,0.900951,1.134880,,,,,,,,GLOBAL_BASELINE_NO_ENTITY_RANKING,,,NOT_APPLICABLE_GLOBAL_BASELINE,HF9g-P5,,,,X 全窗基线 · 不参与实体赏罚,6878671,688,A168_HF9F_20260827_0900,2026-08-27 09:00:00
2026-07-17,132190460,1221,0,4.0878060744,0E-10,0E-10,0.5000000,2,2,0.49324550000000000,0.493245500000,0.01910635448239258,0.01910635448239258,0.01910635448239258,0E-17,ELIGIBLE,R03b_20260811_FULL_v1,L1_ELIGIBILITY,v2026-08-11,2026-03-21..2026-08-06,baccarat_bet02_101_all_pairs_incl_sentinel,round_win = game_pnl > 0 (decisive only),COMPATIBILITY_ONLY_NOT_PRODUCTION,4726.3868,4260.9992,168.7826,1339,1197,-0.03571071,-0.04850756,-0.02910476,-0.03571071,-168.7826,4726.3868,OK,0.0000,6.7513,4.0000,96.0000,AG03-UNRESOLVED,ALL5_LEVELS_bet23_to_bet27,6.7513,6.7513,6.7513,6.7513,6.7513,4.000000,4.000000,4.000000,4.000000,4.000000,96.000000,96.000000,96.000000,96.000000,96.000000,5.0,33.7565,31.1619,135.0261,137.6208,PENDING_AG03,FALSE,NOT_FOR_ENFORCEMENT,162.0313,4090.5592,168.7826,162.0313,6.7513,0.03571071,0.03428228,6.7513,162.0313,0.03428228,6.7513,6.7513,6.7513,6.7513,6.7513,162.0313,0.03428228,33.7565,31.1619,135.0261,137.6208,0.02856857,0.02911754,0.00142843,3.5298,3.5597,0.1410,3.6692,0.2905,102.7475,26.0217,3.1802,3.7422,2.0771,4.0878,4.1543,6.1317,6.2314,7.1537,3.1157,-1.022,1.524396,1.75,0.863492,29,159,71,5,0.34046406,0.03571071,0.04850756,0E-8,0.000000,0.901534,0.000000,-0.01940280,2026-05-27,2026-07-31,46,581,334,66,0.696970,0.849821,0.900951,1.134880,,,,,,,,GLOBAL_BASELINE_NO_ENTITY_RANKING,,,NOT_APPLICABLE_GLOBAL_BASELINE,HF9g-P5,,,,X 全窗基线 · 不参与实体赏罚,6878672,688,A168_HF9F_20260827_0900,2026-08-27 09:00:00
2026-07-17,132190460,1323,0,12.0590279198,-3.8834157708,-3.8834157708,0.3333333,3,3,0.49771390000000000,0.497713900000,-0.5694369385616226,-0.5694369385616226,-0.5694369385616226,0E-17,ELIGIBLE,R03b_20260811_FULL_v1,L1_ELIGIBILITY,v2026-08-11,2026-03-21..2026-08-06,baccarat_bet02_101_all_pairs_incl_sentinel,round_win = game_pnl > 0 (decisive only),COMPATIBILITY_ONLY_NOT_PRODUCTION,4726.3868,4260.9992,168.7826,1339,1197,-0.03571071,-0.04850756,-0.02910476,-0.03571071,-168.7826,4726.3868,OK,0.0000,6.7513,4.0000,96.0000,AG03-UNRESOLVED,ALL5_LEVELS_bet23_to_bet27,6.7513,6.7513,6.7513,6.7513,6.7513,4.000000,4.000000,4.000000,4.000000,4.000000,96.000000,96.000000,96.000000,96.000000,96.000000,5.0,33.7565,31.1619,135.0261,137.6208,PENDING_AG03,FALSE,NOT_FOR_ENFORCEMENT,162.0313,4090.5592,168.7826,162.0313,6.7513,0.03571071,0.03428228,6.7513,162.0313,0.03428228,6.7513,6.7513,6.7513,6.7513,6.7513,162.0313,0.03428228,33.7565,31.1619,135.0261,137.6208,0.02856857,0.02911754,0.00142843,3.5298,3.5597,0.1410,3.6692,0.2905,102.7475,26.0217,3.1802,3.7422,2.0771,4.0878,4.1543,6.1317,6.2314,7.1537,3.1157,-1.022,1.524396,1.75,0.863492,29,159,71,5,0.34046406,0.03571071,0.04850756,0E-8,0.000000,0.901534,0.000000,-0.01940280,2026-05-27,2026-07-31,46,581,334,66,0.696970,0.849821,0.900951,1.134880,,,,,,,,GLOBAL_BASELINE_NO_ENTITY_RANKING,,,NOT_APPLICABLE_GLOBAL_BASELINE,HF9g-P5,,,,X 全窗基线 · 不参与实体赏罚,6878673,688,A168_HF9F_20260827_0900,2026-08-27 09:00:00
2026-07-17,132190460,1399,0,4.0878060745,-4.0878060745,-4.0878060745,0E-7,1,1,0.49324550000000000,0.493245500000,-0.9865810262130424,-0.9865810262130424,-0.9865810262130424,0E-17,ELIGIBLE,R03b_20260811_FULL_v1,L1_ELIGIBILITY,v2026-08-11,2026-03-21..2026-08-06,baccarat_bet02_101_all_pairs_incl_sentinel,round_win = game_pnl > 0 (decisive only),COMPATIBILITY_ONLY_NOT_PRODUCTION,4726.3868,4260.9992,168.7826,1339,1197,-0.03571071,-0.04850756,-0.02910476,-0.03571071,-168.7826,4726.3868,OK,0.0000,6.7513,4.0000,96.0000,AG03-UNRESOLVED,ALL5_LEVELS_bet23_to_bet27,6.7513,6.7513,6.7513,6.7513,6.7513,4.000000,4.000000,4.000000,4.000000,4.000000,96.000000,96.000000,96.000000,96.000000,96.000000,5.0,33.7565,31.1619,135.0261,137.6208,PENDING_AG03,FALSE,NOT_FOR_ENFORCEMENT,162.0313,4090.5592,168.7826,162.0313,6.7513,0.03571071,0.03428228,6.7513,162.0313,0.03428228,6.7513,6.7513,6.7513,6.7513,6.7513,162.0313,0.03428228,33.7565,31.1619,135.0261,137.6208,0.02856857,0.02911754,0.00142843,3.5298,3.5597,0.1410,3.6692,0.2905,102.7475,26.0217,3.1802,3.7422,2.0771,4.0878,4.1543,6.1317,6.2314,7.1537,3.1157,-1.022,1.524396,1.75,0.863492,29,159,71,5,0.34046406,0.03571071,0.04850756,0E-8,0.000000,0.901534,0.000000,-0.01940280,2026-05-27,2026-07-31,46,581,334,66,0.696970,0.849821,0.900951,1.134880,,,,,,,,GLOBAL_BASELINE_NO_ENTITY_RANKING,,,NOT_APPLICABLE_GLOBAL_BASELINE,HF9g-P5,,,,X 全窗基线 · 不参与实体赏罚,6878674,688,A168_HF9F_20260827_0900,2026-08-27 09:00:00
2026-07-17,132190460,1490,0,2.0439030372,-2.0439030372,-2.0439030372,0E-7,1,1,0.49324550000000000,0.493245500000,-0.9865810262130424,-0.9865810262130424,-0.9865810262130424,0E-17,ELIGIBLE,R03b_20260811_FULL_v1,L1_ELIGIBILITY,v2026-08-11,2026-03-21..2026-08-06,baccarat_bet02_101_all_pairs_incl_sentinel,round_win = game_pnl > 0 (decisive only),COMPATIBILITY_ONLY_NOT_PRODUCTION,4726.3868,4260.9992,168.7826,1339,1197,-0.03571071,-0.04850756,-0.02910476,-0.03571071,-168.7826,4726.3868,OK,0.0000,6.7513,4.0000,96.0000,AG03-UNRESOLVED,ALL5_LEVELS_bet23_to_bet27,6.7513,6.7513,6.7513,6.7513,6.7513,4.000000,4.000000,4.000000,4.000000,4.000000,96.000000,96.000000,96.000000,96.000000,96.000000,5.0,33.7565,31.1619,135.0261,137.6208,PENDING_AG03,FALSE,NOT_FOR_ENFORCEMENT,162.0313,4090.5592,168.7826,162.0313,6.7513,0.03571071,0.03428228,6.7513,162.0313,0.03428228,6.7513,6.7513,6.7513,6.7513,6.7513,162.0313,0.03428228,33.7565,31.1619,135.0261,137.6208,0.02856857,0.02911754,0.00142843,3.5298,3.5597,0.1410,3.6692,0.2905,102.7475,26.0217,3.1802,3.7422,2.0771,4.0878,4.1543,6.1317,6.2314,7.1537,3.1157,-1.022,1.524396,1.75,0.863492,29,159,71,5,0.34046406,0.03571071,0.04850756,0E-8,0.000000,0.901534,0.000000,-0.01940280,2026-05-27,2026-07-31,46,581,334,66,0.696970,0.849821,0.900951,1.134880,,,,,,,,GLOBAL_BASELINE_NO_ENTITY_RANKING,,,NOT_APPLICABLE_GLOBAL_BASELINE,HF9g-P5,,,,X 全窗基线 · 不参与实体赏罚,6878675,688,A168_HF9F_20260827_0900,2026-08-27 09:00:00
2026-07-17,132190460,1951,0,1.8395127335,1.8395127335,1.8395127335,1.0000000,1,1,0.49324550000000000,0.493245500000,1.01360149184955,1.01360149184955,1.01360149184955,0E-17,ELIGIBLE,R03b_20260811_FULL_v1,L1_ELIGIBILITY,v2026-08-11,2026-03-21..2026-08-06,baccarat_bet02_101_all_pairs_incl_sentinel,round_win = game_pnl > 0 (decisive only),COMPATIBILITY_ONLY_NOT_PRODUCTION,4726.3868,4260.9992,168.7826,1339,1197,-0.03571071,-0.04850756,-0.02910476,-0.03571071,-168.7826,4726.3868,OK,0.0000,6.7513,4.0000,96.0000,AG03-UNRESOLVED,ALL5_LEVELS_bet23_to_bet27,6.7513,6.7513,6.7513,6.7513,6.7513,4.000000,4.000000,4.000000,4.000000,4.000000,96.000000,96.000000,96.000000,96.000000,96.000000,5.0,33.7565,31.1619,135.0261,137.6208,PENDING_AG03,FALSE,NOT_FOR_ENFORCEMENT,162.0313,4090.5592,168.7826,162.0313,6.7513,0.03571071,0.03428228,6.7513,162.0313,0.03428228,6.7513,6.7513,6.7513,6.7513,6.7513,162.0313,0.03428228,33.7565,31.1619,135.0261,137.6208,0.02856857,0.02911754,0.00142843,3.5298,3.5597,0.1410,3.6692,0.2905,102.7475,26.0217,3.1802,3.7422,2.0771,4.0878,4.1543,6.1317,6.2314,7.1537,3.1157,-1.022,1.524396,1.75,0.863492,29,159,71,5,0.34046406,0.03571071,0.04850756,0E-8,0.000000,0.901534,0.000000,-0.01940280,2026-05-27,2026-07-31,46,581,334,66,0.696970,0.849821,0.900951,1.134880,,,,,,,,GLOBAL_BASELINE_NO_ENTITY_RANKING,,,NOT_APPLICABLE_GLOBAL_BASELINE,HF9g-P5,,,,X 全窗基线 · 不参与实体赏罚,6878676,688,A168_HF9F_20260827_0900,2026-08-27 09:00:00
2026-07-17,132190460,1985,0,2.0439030372,-2.0439030372,-2.0439030372,0E-7,1,1,0.49324550000000000,0.493245500000,-0.9865810262130424,-0.9865810262130424,-0.9865810262130424,0E-17,ELIGIBLE,R03b_20260811_FULL_v1,L1_ELIGIBILITY,v2026-08-11,2026-03-21..2026-08-06,baccarat_bet02_101_all_pairs_incl_sentinel,round_win = game_pnl > 0 (decisive only),COMPATIBILITY_ONLY_NOT_PRODUCTION,4726.3868,4260.9992,168.7826,1339,1197,-0.03571071,-0.04850756,-0.02910476,-0.03571071,-168.7826,4726.3868,OK,0.0000,6.7513,4.0000,96.0000,AG03-UNRESOLVED,ALL5_LEVELS_bet23_to_bet27,6.7513,6.7513,6.7513,6.7513,6.7513,4.000000,4.000000,4.000000,4.000000,4.000000,96.000000,96.000000,96.000000,96.000000,96.000000,5.0,33.7565,31.1619,135.0261,137.6208,PENDING_AG03,FALSE,NOT_FOR_ENFORCEMENT,162.0313,4090.5592,168.7826,162.0313,6.7513,0.03571071,0.03428228,6.7513,162.0313,0.03428228,6.7513,6.7513,6.7513,6.7513,6.7513,162.0313,0.03428228,33.7565,31.1619,135.0261,137.6208,0.02856857,0.02911754,0.00142843,3.5298,3.5597,0.1410,3.6692,0.2905,102.7475,26.0217,3.1802,3.7422,2.0771,4.0878,4.1543,6.1317,6.2314,7.1537,3.1157,-1.022,1.524396,1.75,0.863492,29,159,71,5,0.34046406,0.03571071,0.04850756,0E-8,0.000000,0.901534,0.000000,-0.01940280,2026-05-27,2026-07-31,46,581,334,66,0.696970,0.849821,0.900951,1.134880,,,,,,,,GLOBAL_BASELINE_NO_ENTITY_RANKING,,,NOT_APPLICABLE_GLOBAL_BASELINE,HF9g-P5,,,,X 全窗基线 · 不参与实体赏罚,6878677,688,A168_HF9F_20260827_0900,2026-08-27 09:00:00
2026-07-17,132190460,2115,0,4.0878060745,3.8834157708,3.8834157708,1.0000000,1,1,0.50665070000000000,0.506650700000,0.9867858985152569,0.9867858985152569,0.9867858985152569,0E-17,ELIGIBLE,R03b_20260811_FULL_v1,L1_ELIGIBILITY,v2026-08-11,2026-03-21..2026-08-06,baccarat_bet02_101_all_pairs_incl_sentinel,round_win = game_pnl > 0 (decisive only),COMPATIBILITY_ONLY_NOT_PRODUCTION,4726.3868,4260.9992,168.7826,1339,1197,-0.03571071,-0.04850756,-0.02910476,-0.03571071,-168.7826,4726.3868,OK,0.0000,6.7513,4.0000,96.0000,AG03-UNRESOLVED,ALL5_LEVELS_bet23_to_bet27,6.7513,6.7513,6.7513,6.7513,6.7513,4.000000,4.000000,4.000000,4.000000,4.000000,96.000000,96.000000,96.000000,96.000000,96.000000,5.0,33.7565,31.1619,135.0261,137.6208,PENDING_AG03,FALSE,NOT_FOR_ENFORCEMENT,162.0313,4090.5592,168.7826,162.0313,6.7513,0.03571071,0.03428228,6.7513,162.0313,0.03428228,6.7513,6.7513,6.7513,6.7513,6.7513,162.0313,0.03428228,33.7565,31.1619,135.0261,137.6208,0.02856857,0.02911754,0.00142843,3.5298,3.5597,0.1410,3.6692,0.2905,102.7475,26.0217,3.1802,3.7422,2.0771,4.0878,4.1543,6.1317,6.2314,7.1537,3.1157,-1.022,1.524396,1.75,0.863492,29,159,71,5,0.34046406,0.03571071,0.04850756,0E-8,0.000000,0.901534,0.000000,-0.01940280,2026-05-27,2026-07-31,46,581,334,66,0.696970,0.849821,0.900951,1.134880,,,,,,,,GLOBAL_BASELINE_NO_ENTITY_RANKING,,,NOT_APPLICABLE_GLOBAL_BASELINE,HF9g-P5,,,,X 全窗基线 · 不参与实体赏罚,6878678,688,A168_HF9F_20260827_0900,2026-08-27 09:00:00
2026-07-17,132190460,2129,0,1.6351224298,-1.6351224298,-1.6351224298,0E-7,1,1,0.50665070000000000,0.506650700000,-1.013391052207602,-1.013391052207602,-1.013391052207602,0E-17,ELIGIBLE,R03b_20260811_FULL_v1,L1_ELIGIBILITY,v2026-08-11,2026-03-21..2026-08-06,baccarat_bet02_101_all_pairs_incl_sentinel,round_win = game_pnl > 0 (decisive only),COMPATIBILITY_ONLY_NOT_PRODUCTION,4726.3868,4260.9992,168.7826,1339,1197,-0.03571071,-0.04850756,-0.02910476,-0.03571071,-168.7826,4726.3868,OK,0.0000,6.7513,4.0000,96.0000,AG03-UNRESOLVED,ALL5_LEVELS_bet23_to_bet27,6.7513,6.7513,6.7513,6.7513,6.7513,4.000000,4.000000,4.000000,4.000000,4.000000,96.000000,96.000000,96.000000,96.000000,96.000000,5.0,33.7565,31.1619,135.0261,137.6208,PENDING_AG03,FALSE,NOT_FOR_ENFORCEMENT,162.0313,4090.5592,168.7826,162.0313,6.7513,0.03571071,0.03428228,6.7513,162.0313,0.03428228,6.7513,6.7513,6.7513,6.7513,6.7513,162.0313,0.03428228,33.7565,31.1619,135.0261,137.6208,0.02856857,0.02911754,0.00142843,3.5298,3.5597,0.1410,3.6692,0.2905,102.7475,26.0217,3.1802,3.7422,2.0771,4.0878,4.1543,6.1317,6.2314,7.1537,3.1157,-1.022,1.524396,1.75,0.863492,29,159,71,5,0.34046406,0.03571071,0.04850756,0E-8,0.000000,0.901534,0.000000,-0.01940280,2026-05-27,2026-07-31,46,581,334,66,0.696970,0.849821,0.900951,1.134880,,,,,,,,GLOBAL_BASELINE_NO_ENTITY_RANKING,,,NOT_APPLICABLE_GLOBAL_BASELINE,HF9g-P5,,,,X 全窗基线 · 不参与实体赏罚,6878679,688,A168_HF9F_20260827_0900,2026-08-27 09:00:00
2026-07-17,132190460,2212,0,4.0878060745,0E-10,0E-10,,1,1,0.49324550000000000,0.493245500000,,,,0E-17,NO_DECISIVE_ROUND,R03b_20260811_FULL_v1,L1_ELIGIBILITY,v2026-08-11,2026-03-21..2026-08-06,baccarat_bet02_101_all_pairs_incl_sentinel,round_win = game_pnl > 0 (decisive only),COMPATIBILITY_ONLY_NOT_PRODUCTION,4726.3868,4260.9992,168.7826,1339,1197,-0.03571071,-0.04850756,-0.02910476,-0.03571071,-168.7826,4726.3868,OK,0.0000,6.7513,4.0000,96.0000,AG03-UNRESOLVED,ALL5_LEVELS_bet23_to_bet27,6.7513,6.7513,6.7513,6.7513,6.7513,4.000000,4.000000,4.000000,4.000000,4.000000,96.000000,96.000000,96.000000,96.000000,96.000000,5.0,33.7565,31.1619,135.0261,137.6208,PENDING_AG03,FALSE,NOT_FOR_ENFORCEMENT,162.0313,4090.5592,168.7826,162.0313,6.7513,0.03571071,0.03428228,6.7513,162.0313,0.03428228,6.7513,6.7513,6.7513,6.7513,6.7513,162.0313,0.03428228,33.7565,31.1619,135.0261,137.6208,0.02856857,0.02911754,0.00142843,3.5298,3.5597,0.1410,3.6692,0.2905,102.7475,26.0217,3.1802,3.7422,2.0771,4.0878,4.1543,6.1317,6.2314,7.1537,3.1157,-1.022,1.524396,1.75,0.863492,29,159,71,5,0.34046406,0.03571071,0.04850756,0E-8,0.000000,0.901534,0.000000,-0.01940280,2026-05-27,2026-07-31,46,581,334,66,0.696970,0.849821,0.900951,1.134880,,,,,,,,GLOBAL_BASELINE_NO_ENTITY_RANKING,,,NOT_APPLICABLE_GLOBAL_BASELINE,HF9g-P5,,,,X 全窗基线 · 不参与实体赏罚,6878680,688,A168_HF9F_20260827_0900,2026-08-27 09:00:00
2026-07-17,132190460,2216,0,6.9492703266,-2.8614642522,-2.8614642522,0.3333333,3,3,0.49771390000000000,0.497713900000,-0.5694369385616226,-0.5694369385616226,-0.5694369385616226,0E-17,ELIGIBLE,R03b_20260811_FULL_v1,L1_ELIGIBILITY,v2026-08-11,2026-03-21..2026-08-06,baccarat_bet02_101_all_pairs_incl_sentinel,round_win = game_pnl > 0 (decisive only),COMPATIBILITY_ONLY_NOT_PRODUCTION,4726.3868,4260.9992,168.7826,1339,1197,-0.03571071,-0.04850756,-0.02910476,-0.03571071,-168.7826,4726.3868,OK,0.0000,6.7513,4.0000,96.0000,AG03-UNRESOLVED,ALL5_LEVELS_bet23_to_bet27,6.7513,6.7513,6.7513,6.7513,6.7513,4.000000,4.000000,4.000000,4.000000,4.000000,96.000000,96.000000,96.000000,96.000000,96.000000,5.0,33.7565,31.1619,135.0261,137.6208,PENDING_AG03,FALSE,NOT_FOR_ENFORCEMENT,162.0313,4090.5592,168.7826,162.0313,6.7513,0.03571071,0.03428228,6.7513,162.0313,0.03428228,6.7513,6.7513,6.7513,6.7513,6.7513,162.0313,0.03428228,33.7565,31.1619,135.0261,137.6208,0.02856857,0.02911754,0.00142843,3.5298,3.5597,0.1410,3.6692,0.2905,102.7475,26.0217,3.1802,3.7422,2.0771,4.0878,4.1543,6.1317,6.2314,7.1537,3.1157,-1.022,1.524396,1.75,0.863492,29,159,71,5,0.34046406,0.03571071,0.04850756,0E-8,0.000000,0.901534,0.000000,-0.01940280,2026-05-27,2026-07-31,46,581,334,66,0.696970,0.849821,0.900951,1.134880,,,,,,,,GLOBAL_BASELINE_NO_ENTITY_RANKING,,,NOT_APPLICABLE_GLOBAL_BASELINE,HF9g-P5,,,,X 全窗基线 · 不参与实体赏罚,6878681,688,A168_HF9F_20260827_0900,2026-08-27 09:00:00
2026-07-17,132190460,2220,0,4.0878060745,0E-10,0E-10,,1,1,0.50665070000000000,0.506650700000,,,,0E-17,NO_DECISIVE_ROUND,R03b_20260811_FULL_v1,L1_ELIGIBILITY,v2026-08-11,2026-03-21..2026-08-06,baccarat_bet02_101_all_pairs_incl_sentinel,round_win = game_pnl > 0 (decisive only),COMPATIBILITY_ONLY_NOT_PRODUCTION,4726.3868,4260.9992,168.7826,1339,1197,-0.03571071,-0.04850756,-0.02910476,-0.03571071,-168.7826,4726.3868,OK,0.0000,6.7513,4.0000,96.0000,AG03-UNRESOLVED,ALL5_LEVELS_bet23_to_bet27,6.7513,6.7513,6.7513,6.7513,6.7513,4.000000,4.000000,4.000000,4.000000,4.000000,96.000000,96.000000,96.000000,96.000000,96.000000,5.0,33.7565,31.1619,135.0261,137.6208,PENDING_AG03,FALSE,NOT_FOR_ENFORCEMENT,162.0313,4090.5592,168.7826,162.0313,6.7513,0.03571071,0.03428228,6.7513,162.0313,0.03428228,6.7513,6.7513,6.7513,6.7513,6.7513,162.0313,0.03428228,33.7565,31.1619,135.0261,137.6208,0.02856857,0.02911754,0.00142843,3.5298,3.5597,0.1410,3.6692,0.2905,102.7475,26.0217,3.1802,3.7422,2.0771,4.0878,4.1543,6.1317,6.2314,7.1537,3.1157,-1.022,1.524396,1.75,0.863492,29,159,71,5,0.34046406,0.03571071,0.04850756,0E-8,0.000000,0.901534,0.000000,-0.01940280,2026-05-27,2026-07-31,46,581,334,66,0.696970,0.849821,0.900951,1.134880,,,,,,,,GLOBAL_BASELINE_NO_ENTITY_RANKING,,,NOT_APPLICABLE_GLOBAL_BASELINE,HF9g-P5,,,,X 全窗基线 · 不参与实体赏罚,6878682,688,A168_HF9F_20260827_0900,2026-08-27 09:00:00
2026-07-17,132190460,2222,0,2.0439030372,0E-10,0E-10,,1,1,0.49324550000000000,0.493245500000,,,,0E-17,NO_DECISIVE_ROUND,R03b_20260811_FULL_v1,L1_ELIGIBILITY,v2026-08-11,2026-03-21..2026-08-06,baccarat_bet02_101_all_pairs_incl_sentinel,round_win = game_pnl > 0 (decisive only),COMPATIBILITY_ONLY_NOT_PRODUCTION,4726.3868,4260.9992,168.7826,1339,1197,-0.03571071,-0.04850756,-0.02910476,-0.03571071,-168.7826,4726.3868,OK,0.0000,6.7513,4.0000,96.0000,AG03-UNRESOLVED,ALL5_LEVELS_bet23_to_bet27,6.7513,6.7513,6.7513,6.7513,6.7513,4.000000,4.000000,4.000000,4.000000,4.000000,96.000000,96.000000,96.000000,96.000000,96.000000,5.0,33.7565,31.1619,135.0261,137.6208,PENDING_AG03,FALSE,NOT_FOR_ENFORCEMENT,162.0313,4090.5592,168.7826,162.0313,6.7513,0.03571071,0.03428228,6.7513,162.0313,0.03428228,6.7513,6.7513,6.7513,6.7513,6.7513,162.0313,0.03428228,33.7565,31.1619,135.0261,137.6208,0.02856857,0.02911754,0.00142843,3.5298,3.5597,0.1410,3.6692,0.2905,102.7475,26.0217,3.1802,3.7422,2.0771,4.0878,4.1543,6.1317,6.2314,7.1537,3.1157,-1.022,1.524396,1.75,0.863492,29,159,71,5,0.34046406,0.03571071,0.04850756,0E-8,0.000000,0.901534,0.000000,-0.01940280,2026-05-27,2026-07-31,46,581,334,66,0.696970,0.849821,0.900951,1.134880,,,,,,,,GLOBAL_BASELINE_NO_ENTITY_RANKING,,,NOT_APPLICABLE_GLOBAL_BASELINE,HF9g-P5,,,,X 全窗基线 · 不参与实体赏罚,6878683,688,A168_HF9F_20260827_0900,2026-08-27 09:00:00
2026-07-17,132190460,2224,0,4.0878060745,-4.0878060745,-4.0878060745,0E-7,1,1,0.50665070000000000,0.506650700000,-1.013391052207602,-1.013391052207602,-1.013391052207602,0E-17,ELIGIBLE,R03b_20260811_FULL_v1,L1_ELIGIBILITY,v2026-08-11,2026-03-21..2026-08-06,baccarat_bet02_101_all_pairs_incl_sentinel,round_win = game_pnl > 0 (decisive only),COMPATIBILITY_ONLY_NOT_PRODUCTION,4726.3868,4260.9992,168.7826,1339,1197,-0.03571071,-0.04850756,-0.02910476,-0.03571071,-168.7826,4726.3868,OK,0.0000,6.7513,4.0000,96.0000,AG03-UNRESOLVED,ALL5_LEVELS_bet23_to_bet27,6.7513,6.7513,6.7513,6.7513,6.7513,4.000000,4.000000,4.000000,4.000000,4.000000,96.000000,96.000000,96.000000,96.000000,96.000000,5.0,33.7565,31.1619,135.0261,137.6208,PENDING_AG03,FALSE,NOT_FOR_ENFORCEMENT,162.0313,4090.5592,168.7826,162.0313,6.7513,0.03571071,0.03428228,6.7513,162.0313,0.03428228,6.7513,6.7513,6.7513,6.7513,6.7513,162.0313,0.03428228,33.7565,31.1619,135.0261,137.6208,0.02856857,0.02911754,0.00142843,3.5298,3.5597,0.1410,3.6692,0.2905,102.7475,26.0217,3.1802,3.7422,2.0771,4.0878,4.1543,6.1317,6.2314,7.1537,3.1157,-1.022,1.524396,1.75,0.863492,29,159,71,5,0.34046406,0.03571071,0.04850756,0E-8,0.000000,0.901534,0.000000,-0.01940280,2026-05-27,2026-07-31,46,581,334,66,0.696970,0.849821,0.900951,1.134880,,,,,,,,GLOBAL_BASELINE_NO_ENTITY_RANKING,,,NOT_APPLICABLE_GLOBAL_BASELINE,HF9g-P5,,,,X 全窗基线 · 不参与实体赏罚,6878684,688,A168_HF9F_20260827_0900,2026-08-27 09:00:00
2026-07-17,132190460,2229,0,3.0658545559,-3.0658545559,-3.0658545559,0E-7,1,1,0.49324550000000000,0.493245500000,-0.9865810262130424,-0.9865810262130424,-0.9865810262130424,0E-17,ELIGIBLE,R03b_20260811_FULL_v1,L1_ELIGIBILITY,v2026-08-11,2026-03-21..2026-08-06,baccarat_bet02_101_all_pairs_incl_sentinel,round_win = game_pnl > 0 (decisive only),COMPATIBILITY_ONLY_NOT_PRODUCTION,4726.3868,4260.9992,168.7826,1339,1197,-0.03571071,-0.04850756,-0.02910476,-0.03571071,-168.7826,4726.3868,OK,0.0000,6.7513,4.0000,96.0000,AG03-UNRESOLVED,ALL5_LEVELS_bet23_to_bet27,6.7513,6.7513,6.7513,6.7513,6.7513,4.000000,4.000000,4.000000,4.000000,4.000000,96.000000,96.000000,96.000000,96.000000,96.000000,5.0,33.7565,31.1619,135.0261,137.6208,PENDING_AG03,FALSE,NOT_FOR_ENFORCEMENT,162.0313,4090.5592,168.7826,162.0313,6.7513,0.03571071,0.03428228,6.7513,162.0313,0.03428228,6.7513,6.7513,6.7513,6.7513,6.7513,162.0313,0.03428228,33.7565,31.1619,135.0261,137.6208,0.02856857,0.02911754,0.00142843,3.5298,3.5597,0.1410,3.6692,0.2905,102.7475,26.0217,3.1802,3.7422,2.0771,4.0878,4.1543,6.1317,6.2314,7.1537,3.1157,-1.022,1.524396,1.75,0.863492,29,159,71,5,0.34046406,0.03571071,0.04850756,0E-8,0.000000,0.901534,0.000000,-0.01940280,2026-05-27,2026-07-31,46,581,334,66,0.696970,0.849821,0.900951,1.134880,,,,,,,,GLOBAL_BASELINE_NO_ENTITY_RANKING,,,NOT_APPLICABLE_GLOBAL_BASELINE,HF9g-P5,,,,X 全窗基线 · 不参与实体赏罚,6878685,688,A168_HF9F_20260827_0900,2026-08-27 09:00:00
2026-07-17,132190460,2241,0,2.4526836447,2.3300494625,2.3300494625,1.0000000,1,1,0.50665070000000000,0.506650700000,0.9867858985152569,0.9867858985152569,0.9867858985152569,0E-17,ELIGIBLE,R03b_20260811_FULL_v1,L1_ELIGIBILITY,v2026-08-11,2026-03-21..2026-08-06,baccarat_bet02_101_all_pairs_incl_sentinel,round_win = game_pnl > 0 (decisive only),COMPATIBILITY_ONLY_NOT_PRODUCTION,4726.3868,4260.9992,168.7826,1339,1197,-0.03571071,-0.04850756,-0.02910476,-0.03571071,-168.7826,4726.3868,OK,0.0000,6.7513,4.0000,96.0000,AG03-UNRESOLVED,ALL5_LEVELS_bet23_to_bet27,6.7513,6.7513,6.7513,6.7513,6.7513,4.000000,4.000000,4.000000,4.000000,4.000000,96.000000,96.000000,96.000000,96.000000,96.000000,5.0,33.7565,31.1619,135.0261,137.6208,PENDING_AG03,FALSE,NOT_FOR_ENFORCEMENT,162.0313,4090.5592,168.7826,162.0313,6.7513,0.03571071,0.03428228,6.7513,162.0313,0.03428228,6.7513,6.7513,6.7513,6.7513,6.7513,162.0313,0.03428228,33.7565,31.1619,135.0261,137.6208,0.02856857,0.02911754,0.00142843,3.5298,3.5597,0.1410,3.6692,0.2905,102.7475,26.0217,3.1802,3.7422,2.0771,4.0878,4.1543,6.1317,6.2314,7.1537,3.1157,-1.022,1.524396,1.75,0.863492,29,159,71,5,0.34046406,0.03571071,0.04850756,0E-8,0.000000,0.901534,0.000000,-0.01940280,2026-05-27,2026-07-31,46,581,334,66,0.696970,0.849821,0.900951,1.134880,,,,,,,,GLOBAL_BASELINE_NO_ENTITY_RANKING,,,NOT_APPLICABLE_GLOBAL_BASELINE,HF9g-P5,,,,X 全窗基线 · 不参与实体赏罚,6878686,688,A168_HF9F_20260827_0900,2026-08-27 09:00:00
2026-07-17,132190460,2254,0,4.0878060745,-3.0658545559,-3.0658545559,0E-7,2,2,0.49324550000000000,0.493245500000,-0.9865810262130424,-0.9865810262130424,-0.9865810262130424,0E-17,ELIGIBLE,R03b_20260811_FULL_v1,L1_ELIGIBILITY,v2026-08-11,2026-03-21..2026-08-06,baccarat_bet02_101_all_pairs_incl_sentinel,round_win = game_pnl > 0 (decisive only),COMPATIBILITY_ONLY_NOT_PRODUCTION,4726.3868,4260.9992,168.7826,1339,1197,-0.03571071,-0.04850756,-0.02910476,-0.03571071,-168.7826,4726.3868,OK,0.0000,6.7513,4.0000,96.0000,AG03-UNRESOLVED,ALL5_LEVELS_bet23_to_bet27,6.7513,6.7513,6.7513,6.7513,6.7513,4.000000,4.000000,4.000000,4.000000,4.000000,96.000000,96.000000,96.000000,96.000000,96.000000,5.0,33.7565,31.1619,135.0261,137.6208,PENDING_AG03,FALSE,NOT_FOR_ENFORCEMENT,162.0313,4090.5592,168.7826,162.0313,6.7513,0.03571071,0.03428228,6.7513,162.0313,0.03428228,6.7513,6.7513,6.7513,6.7513,6.7513,162.0313,0.03428228,33.7565,31.1619,135.0261,137.6208,0.02856857,0.02911754,0.00142843,3.5298,3.5597,0.1410,3.6692,0.2905,102.7475,26.0217,3.1802,3.7422,2.0771,4.0878,4.1543,6.1317,6.2314,7.1537,3.1157,-1.022,1.524396,1.75,0.863492,29,159,71,5,0.34046406,0.03571071,0.04850756,0E-8,0.000000,0.901534,0.000000,-0.01940280,2026-05-27,2026-07-31,46,581,334,66,0.696970,0.849821,0.900951,1.134880,,,,,,,,GLOBAL_BASELINE_NO_ENTITY_RANKING,,,NOT_APPLICABLE_GLOBAL_BASELINE,HF9g-P5,,,,X 全窗基线 · 不参与实体赏罚,6878687,688,A168_HF9F_20260827_0900,2026-08-27 09:00:00
2026-07-17,132190460,2258,0,4.0878060745,-4.0878060745,-4.0878060745,0E-7,1,1,0.49324550000000000,0.493245500000,-0.9865810262130424,-0.9865810262130424,-0.9865810262130424,0E-17,ELIGIBLE,R03b_20260811_FULL_v1,L1_ELIGIBILITY,v2026-08-11,2026-03-21..2026-08-06,baccarat_bet02_101_all_pairs_incl_sentinel,round_win = game_pnl > 0 (decisive only),COMPATIBILITY_ONLY_NOT_PRODUCTION,4726.3868,4260.9992,168.7826,1339,1197,-0.03571071,-0.04850756,-0.02910476,-0.03571071,-168.7826,4726.3868,OK,0.0000,6.7513,4.0000,96.0000,AG03-UNRESOLVED,ALL5_LEVELS_bet23_to_bet27,6.7513,6.7513,6.7513,6.7513,6.7513,4.000000,4.000000,4.000000,4.000000,4.000000,96.000000,96.000000,96.000000,96.000000,96.000000,5.0,33.7565,31.1619,135.0261,137.6208,PENDING_AG03,FALSE,NOT_FOR_ENFORCEMENT,162.0313,4090.5592,168.7826,162.0313,6.7513,0.03571071,0.03428228,6.7513,162.0313,0.03428228,6.7513,6.7513,6.7513,6.7513,6.7513,162.0313,0.03428228,33.7565,31.1619,135.0261,137.6208,0.02856857,0.02911754,0.00142843,3.5298,3.5597,0.1410,3.6692,0.2905,102.7475,26.0217,3.1802,3.7422,2.0771,4.0878,4.1543,6.1317,6.2314,7.1537,3.1157,-1.022,1.524396,1.75,0.863492,29,159,71,5,0.34046406,0.03571071,0.04850756,0E-8,0.000000,0.901534,0.000000,-0.01940280,2026-05-27,2026-07-31,46,581,334,66,0.696970,0.849821,0.900951,1.134880,,,,,,,,GLOBAL_BASELINE_NO_ENTITY_RANKING,,,NOT_APPLICABLE_GLOBAL_BASELINE,HF9g-P5,,,,X 全窗基线 · 不参与实体赏罚,6878688,688,A168_HF9F_20260827_0900,2026-08-27 09:00:00
2026-07-17,132190460,2280,0,5.7229285042,-2.0439030372,-2.0439030372,0E-7,3,3,0.50218230000000000,0.502182300000,-1.0043741665754933,-1.0043741665754933,-1.0043741665754933,0E-17,ELIGIBLE,R03b_20260811_FULL_v1,L1_ELIGIBILITY,v2026-08-11,2026-03-21..2026-08-06,baccarat_bet02_101_all_pairs_incl_sentinel,round_win = game_pnl > 0 (decisive only),COMPATIBILITY_ONLY_NOT_PRODUCTION,4726.3868,4260.9992,168.7826,1339,1197,-0.03571071,-0.04850756,-0.02910476,-0.03571071,-168.7826,4726.3868,OK,0.0000,6.7513,4.0000,96.0000,AG03-UNRESOLVED,ALL5_LEVELS_bet23_to_bet27,6.7513,6.7513,6.7513,6.7513,6.7513,4.000000,4.000000,4.000000,4.000000,4.000000,96.000000,96.000000,96.000000,96.000000,96.000000,5.0,33.7565,31.1619,135.0261,137.6208,PENDING_AG03,FALSE,NOT_FOR_ENFORCEMENT,162.0313,4090.5592,168.7826,162.0313,6.7513,0.03571071,0.03428228,6.7513,162.0313,0.03428228,6.7513,6.7513,6.7513,6.7513,6.7513,162.0313,0.03428228,33.7565,31.1619,135.0261,137.6208,0.02856857,0.02911754,0.00142843,3.5298,3.5597,0.1410,3.6692,0.2905,102.7475,26.0217,3.1802,3.7422,2.0771,4.0878,4.1543,6.1317,6.2314,7.1537,3.1157,-1.022,1.524396,1.75,0.863492,29,159,71,5,0.34046406,0.03571071,0.04850756,0E-8,0.000000,0.901534,0.000000,-0.01940280,2026-05-27,2026-07-31,46,581,334,66,0.696970,0.849821,0.900951,1.134880,,,,,,,,GLOBAL_BASELINE_NO_ENTITY_RANKING,,,NOT_APPLICABLE_GLOBAL_BASELINE,HF9g-P5,,,,X 全窗基线 · 不参与实体赏罚,6878689,688,A168_HF9F_20260827_0900,2026-08-27 09:00:00
2026-07-17,132190460,2287,0,2.0439030372,1.9417078854,1.9417078854,1.0000000,1,1,0.50665070000000000,0.506650700000,0.9867858985152569,0.9867858985152569,0.9867858985152569,0E-17,ELIGIBLE,R03b_20260811_FULL_v1,L1_ELIGIBILITY,v2026-08-11,2026-03-21..2026-08-06,baccarat_bet02_101_all_pairs_incl_sentinel,round_win = game_pnl > 0 (decisive only),COMPATIBILITY_ONLY_NOT_PRODUCTION,4726.3868,4260.9992,168.7826,1339,1197,-0.03571071,-0.04850756,-0.02910476,-0.03571071,-168.7826,4726.3868,OK,0.0000,6.7513,4.0000,96.0000,AG03-UNRESOLVED,ALL5_LEVELS_bet23_to_bet27,6.7513,6.7513,6.7513,6.7513,6.7513,4.000000,4.000000,4.000000,4.000000,4.000000,96.000000,96.000000,96.000000,96.000000,96.000000,5.0,33.7565,31.1619,135.0261,137.6208,PENDING_AG03,FALSE,NOT_FOR_ENFORCEMENT,162.0313,4090.5592,168.7826,162.0313,6.7513,0.03571071,0.03428228,6.7513,162.0313,0.03428228,6.7513,6.7513,6.7513,6.7513,6.7513,162.0313,0.03428228,33.7565,31.1619,135.0261,137.6208,0.02856857,0.02911754,0.00142843,3.5298,3.5597,0.1410,3.6692,0.2905,102.7475,26.0217,3.1802,3.7422,2.0771,4.0878,4.1543,6.1317,6.2314,7.1537,3.1157,-1.022,1.524396,1.75,0.863492,29,159,71,5,0.34046406,0.03571071,0.04850756,0E-8,0.000000,0.901534,0.000000,-0.01940280,2026-05-27,2026-07-31,46,581,334,66,0.696970,0.849821,0.900951,1.134880,,,,,,,,GLOBAL_BASELINE_NO_ENTITY_RANKING,,,NOT_APPLICABLE_GLOBAL_BASELINE,HF9g-P5,,,,X 全窗基线 · 不参与实体赏罚,6878690,688,A168_HF9F_20260827_0900,2026-08-27 09:00:00
2026-07-17,132190460,550,0,4.0878060745,-4.0878060745,-4.0878060745,0E-7,1,1,0.49324550000000000,0.493245500000,-0.9865810262130424,-0.9865810262130424,-0.9865810262130424,0E-17,ELIGIBLE,R03b_20260811_FULL_v1,L1_ELIGIBILITY,v2026-08-11,2026-03-21..2026-08-06,baccarat_bet02_101_all_pairs_incl_sentinel,round_win = game_pnl > 0 (decisive only),COMPATIBILITY_ONLY_NOT_PRODUCTION,4726.3868,4260.9992,168.7826,1339,1197,-0.03571071,-0.04850756,-0.02910476,-0.03571071,-168.7826,4726.3868,OK,0.0000,6.7513,4.0000,96.0000,AG03-UNRESOLVED,ALL5_LEVELS_bet23_to_bet27,6.7513,6.7513,6.7513,6.7513,6.7513,4.000000,4.000000,4.000000,4.000000,4.000000,96.000000,96.000000,96.000000,96.000000,96.000000,5.0,33.7565,31.1619,135.0261,137.6208,PENDING_AG03,FALSE,NOT_FOR_ENFORCEMENT,162.0313,4090.5592,168.7826,162.0313,6.7513,0.03571071,0.03428228,6.7513,162.0313,0.03428228,6.7513,6.7513,6.7513,6.7513,6.7513,162.0313,0.03428228,33.7565,31.1619,135.0261,137.6208,0.02856857,0.02911754,0.00142843,3.5298,3.5597,0.1410,3.6692,0.2905,102.7475,26.0217,3.1802,3.7422,2.0771,4.0878,4.1543,6.1317,6.2314,7.1537,3.1157,-1.022,1.524396,1.75,0.863492,29,159,71,5,0.34046406,0.03571071,0.04850756,0E-8,0.000000,0.901534,0.000000,-0.01940280,2026-05-27,2026-07-31,46,581,334,66,0.696970,0.849821,0.900951,1.134880,,,,,,,,GLOBAL_BASELINE_NO_ENTITY_RANKING,,,NOT_APPLICABLE_GLOBAL_BASELINE,HF9g-P5,,,,X 全窗基线 · 不参与实体赏罚,6878691,688,A168_HF9F_20260827_0900,2026-08-27 09:00:00
2026-07-17,132190460,801,0,8.1756121490,-4.0878060745,-4.0878060745,0E-7,2,2,0.50665070000000000,0.506650700000,-1.013391052207602,-1.013391052207602,-1.013391052207602,0E-17,ELIGIBLE,R03b_20260811_FULL_v1,L1_ELIGIBILITY,v2026-08-11,2026-03-21..2026-08-06,baccarat_bet02_101_all_pairs_incl_sentinel,round_win = game_pnl > 0 (decisive only),COMPATIBILITY_ONLY_NOT_PRODUCTION,4726.3868,4260.9992,168.7826,1339,1197,-0.03571071,-0.04850756,-0.02910476,-0.03571071,-168.7826,4726.3868,OK,0.0000,6.7513,4.0000,96.0000,AG03-UNRESOLVED,ALL5_LEVELS_bet23_to_bet27,6.7513,6.7513,6.7513,6.7513,6.7513,4.000000,4.000000,4.000000,4.000000,4.000000,96.000000,96.000000,96.000000,96.000000,96.000000,5.0,33.7565,31.1619,135.0261,137.6208,PENDING_AG03,FALSE,NOT_FOR_ENFORCEMENT,162.0313,4090.5592,168.7826,162.0313,6.7513,0.03571071,0.03428228,6.7513,162.0313,0.03428228,6.7513,6.7513,6.7513,6.7513,6.7513,162.0313,0.03428228,33.7565,31.1619,135.0261,137.6208,0.02856857,0.02911754,0.00142843,3.5298,3.5597,0.1410,3.6692,0.2905,102.7475,26.0217,3.1802,3.7422,2.0771,4.0878,4.1543,6.1317,6.2314,7.1537,3.1157,-1.022,1.524396,1.75,0.863492,29,159,71,5,0.34046406,0.03571071,0.04850756,0E-8,0.000000,0.901534,0.000000,-0.01940280,2026-05-27,2026-07-31,46,581,334,66,0.696970,0.849821,0.900951,1.134880,,,,,,,,GLOBAL_BASELINE_NO_ENTITY_RANKING,,,NOT_APPLICABLE_GLOBAL_BASELINE,HF9g-P5,,,,X 全窗基线 · 不参与实体赏罚,6878692,688,A168_HF9F_20260827_0900,2026-08-27 09:00:00
2026-07-17,132190460,919,0,4.0878060745,-4.0878060745,-4.0878060745,0E-7,1,1,0.49324550000000000,0.493245500000,-0.9865810262130424,-0.9865810262130424,-0.9865810262130424,0E-17,ELIGIBLE,R03b_20260811_FULL_v1,L1_ELIGIBILITY,v2026-08-11,2026-03-21..2026-08-06,baccarat_bet02_101_all_pairs_incl_sentinel,round_win = game_pnl > 0 (decisive only),COMPATIBILITY_ONLY_NOT_PRODUCTION,4726.3868,4260.9992,168.7826,1339,1197,-0.03571071,-0.04850756,-0.02910476,-0.03571071,-168.7826,4726.3868,OK,0.0000,6.7513,4.0000,96.0000,AG03-UNRESOLVED,ALL5_LEVELS_bet23_to_bet27,6.7513,6.7513,6.7513,6.7513,6.7513,4.000000,4.000000,4.000000,4.000000,4.000000,96.000000,96.000000,96.000000,96.000000,96.000000,5.0,33.7565,31.1619,135.0261,137.6208,PENDING_AG03,FALSE,NOT_FOR_ENFORCEMENT,162.0313,4090.5592,168.7826,162.0313,6.7513,0.03571071,0.03428228,6.7513,162.0313,0.03428228,6.7513,6.7513,6.7513,6.7513,6.7513,162.0313,0.03428228,33.7565,31.1619,135.0261,137.6208,0.02856857,0.02911754,0.00142843,3.5298,3.5597,0.1410,3.6692,0.2905,102.7475,26.0217,3.1802,3.7422,2.0771,4.0878,4.1543,6.1317,6.2314,7.1537,3.1157,-1.022,1.524396,1.75,0.863492,29,159,71,5,0.34046406,0.03571071,0.04850756,0E-8,0.000000,0.901534,0.000000,-0.01940280,2026-05-27,2026-07-31,46,581,334,66,0.696970,0.849821,0.900951,1.134880,,,,,,,,GLOBAL_BASELINE_NO_ENTITY_RANKING,,,NOT_APPLICABLE_GLOBAL_BASELINE,HF9g-P5,,,,X 全窗基线 · 不参与实体赏罚,6878693,688,A168_HF9F_20260827_0900,2026-08-27 09:00:00
2026-07-18,132190460,1307,0,15.3292727793,-9.3508563953,-9.3508563953,0.3333333,5,3,0.45342026666738904,0.364833000000,-0.4178103128493388,-0.11333800532433629,-0.4178103128493388,0.08858726666738904,ELIGIBLE,R03b_20260811_FULL_v1,L1_ELIGIBILITY,v2026-08-11,2026-03-21..2026-08-06,baccarat_bet02_101_all_pairs_incl_sentinel,round_win = game_pnl > 0 (decisive only),COMPATIBILITY_ONLY_NOT_PRODUCTION,4726.3868,4260.9992,168.7826,1339,1197,-0.03571071,-0.04850756,-0.02910476,-0.03571071,-168.7826,4726.3868,OK,0.0000,6.7513,4.0000,96.0000,AG03-UNRESOLVED,ALL5_LEVELS_bet23_to_bet27,6.7513,6.7513,6.7513,6.7513,6.7513,4.000000,4.000000,4.000000,4.000000,4.000000,96.000000,96.000000,96.000000,96.000000,96.000000,5.0,33.7565,31.1619,135.0261,137.6208,PENDING_AG03,FALSE,NOT_FOR_ENFORCEMENT,162.0313,4090.5592,168.7826,162.0313,6.7513,0.03571071,0.03428228,6.7513,162.0313,0.03428228,6.7513,6.7513,6.7513,6.7513,6.7513,162.0313,0.03428228,33.7565,31.1619,135.0261,137.6208,0.02856857,0.02911754,0.00142843,3.5298,3.5597,0.1410,3.6692,0.2905,102.7475,26.0217,3.1802,3.7422,2.0771,4.0878,4.1543,6.1317,6.2314,7.1537,3.1157,-1.022,1.524396,1.75,0.863492,29,159,71,5,0.34046406,0.03571071,0.04850756,0E-8,0.000000,0.901534,0.000000,-0.01940280,2026-05-27,2026-07-31,46,581,334,66,0.696970,0.849821,0.900951,1.134880,,,,,,,,GLOBAL_BASELINE_NO_ENTITY_RANKING,,,NOT_APPLICABLE_GLOBAL_BASELINE,HF9g-P5,,,,X 全窗基线 · 不参与实体赏罚,6878694,688,A168_HF9F_20260827_0900,2026-08-27 09:00:00
2026-07-18,132190460,1505,0,4.0878060745,4.0878060745,4.0878060745,1.0000000,1,1,0.49324550000000000,0.493245500000,1.01360149184955,1.01360149184955,1.01360149184955,0E-17,ELIGIBLE,R03b_20260811_FULL_v1,L1_ELIGIBILITY,v2026-08-11,2026-03-21..2026-08-06,baccarat_bet02_101_all_pairs_incl_sentinel,round_win = game_pnl > 0 (decisive only),COMPATIBILITY_ONLY_NOT_PRODUCTION,4726.3868,4260.9992,168.7826,1339,1197,-0.03571071,-0.04850756,-0.02910476,-0.03571071,-168.7826,4726.3868,OK,0.0000,6.7513,4.0000,96.0000,AG03-UNRESOLVED,ALL5_LEVELS_bet23_to_bet27,6.7513,6.7513,6.7513,6.7513,6.7513,4.000000,4.000000,4.000000,4.000000,4.000000,96.000000,96.000000,96.000000,96.000000,96.000000,5.0,33.7565,31.1619,135.0261,137.6208,PENDING_AG03,FALSE,NOT_FOR_ENFORCEMENT,162.0313,4090.5592,168.7826,162.0313,6.7513,0.03571071,0.03428228,6.7513,162.0313,0.03428228,6.7513,6.7513,6.7513,6.7513,6.7513,162.0313,0.03428228,33.7565,31.1619,135.0261,137.6208,0.02856857,0.02911754,0.00142843,3.5298,3.5597,0.1410,3.6692,0.2905,102.7475,26.0217,3.1802,3.7422,2.0771,4.0878,4.1543,6.1317,6.2314,7.1537,3.1157,-1.022,1.524396,1.75,0.863492,29,159,71,5,0.34046406,0.03571071,0.04850756,0E-8,0.000000,0.901534,0.000000,-0.01940280,2026-05-27,2026-07-31,46,581,334,66,0.696970,0.849821,0.900951,1.134880,,,,,,,,GLOBAL_BASELINE_NO_ENTITY_RANKING,,,NOT_APPLICABLE_GLOBAL_BASELINE,HF9g-P5,,,,X 全窗基线 · 不参与实体赏罚,6878695,688,A168_HF9F_20260827_0900,2026-08-27 09:00:00
2026-07-18,132190460,2147,0,5.1097575931,-5.1097575931,-5.1097575931,0E-7,1,1,0.49324550000000000,0.493245500000,-0.9865810262130424,-0.9865810262130424,-0.9865810262130424,0E-17,ELIGIBLE,R03b_20260811_FULL_v1,L1_ELIGIBILITY,v2026-08-11,2026-03-21..2026-08-06,baccarat_bet02_101_all_pairs_incl_sentinel,round_win = game_pnl > 0 (decisive only),COMPATIBILITY_ONLY_NOT_PRODUCTION,4726.3868,4260.9992,168.7826,1339,1197,-0.03571071,-0.04850756,-0.02910476,-0.03571071,-168.7826,4726.3868,OK,0.0000,6.7513,4.0000,96.0000,AG03-UNRESOLVED,ALL5_LEVELS_bet23_to_bet27,6.7513,6.7513,6.7513,6.7513,6.7513,4.000000,4.000000,4.000000,4.000000,4.000000,96.000000,96.000000,96.000000,96.000000,96.000000,5.0,33.7565,31.1619,135.0261,137.6208,PENDING_AG03,FALSE,NOT_FOR_ENFORCEMENT,162.0313,4090.5592,168.7826,162.0313,6.7513,0.03571071,0.03428228,6.7513,162.0313,0.03428228,6.7513,6.7513,6.7513,6.7513,6.7513,162.0313,0.03428228,33.7565,31.1619,135.0261,137.6208,0.02856857,0.02911754,0.00142843,3.5298,3.5597,0.1410,3.6692,0.2905,102.7475,26.0217,3.1802,3.7422,2.0771,4.0878,4.1543,6.1317,6.2314,7.1537,3.1157,-1.022,1.524396,1.75,0.863492,29,159,71,5,0.34046406,0.03571071,0.04850756,0E-8,0.000000,0.901534,0.000000,-0.01940280,2026-05-27,2026-07-31,46,581,334,66,0.696970,0.849821,0.900951,1.134880,,,,,,,,GLOBAL_BASELINE_NO_ENTITY_RANKING,,,NOT_APPLICABLE_GLOBAL_BASELINE,HF9g-P5,,,,X 全窗基线 · 不参与实体赏罚,6878696,688,A168_HF9F_20260827_0900,2026-08-27 09:00:00
2026-07-18,132190460,2152,0,3.0658545558,-3.0658545558,-3.0658545558,0E-7,2,1,0.36930140000000000,0.300626750000,-0.765208073563708,-0.655630731788307,-0.765208073563708,0.06867465000000000,ELIGIBLE,R03b_20260811_FULL_v1,L1_ELIGIBILITY,v2026-08-11,2026-03-21..2026-08-06,baccarat_bet02_101_all_pairs_incl_sentinel,round_win = game_pnl > 0 (decisive only),COMPATIBILITY_ONLY_NOT_PRODUCTION,4726.3868,4260.9992,168.7826,1339,1197,-0.03571071,-0.04850756,-0.02910476,-0.03571071,-168.7826,4726.3868,OK,0.0000,6.7513,4.0000,96.0000,AG03-UNRESOLVED,ALL5_LEVELS_bet23_to_bet27,6.7513,6.7513,6.7513,6.7513,6.7513,4.000000,4.000000,4.000000,4.000000,4.000000,96.000000,96.000000,96.000000,96.000000,96.000000,5.0,33.7565,31.1619,135.0261,137.6208,PENDING_AG03,FALSE,NOT_FOR_ENFORCEMENT,162.0313,4090.5592,168.7826,162.0313,6.7513,0.03571071,0.03428228,6.7513,162.0313,0.03428228,6.7513,6.7513,6.7513,6.7513,6.7513,162.0313,0.03428228,33.7565,31.1619,135.0261,137.6208,0.02856857,0.02911754,0.00142843,3.5298,3.5597,0.1410,3.6692,0.2905,102.7475,26.0217,3.1802,3.7422,2.0771,4.0878,4.1543,6.1317,6.2314,7.1537,3.1157,-1.022,1.524396,1.75,0.863492,29,159,71,5,0.34046406,0.03571071,0.04850756,0E-8,0.000000,0.901534,0.000000,-0.01940280,2026-05-27,2026-07-31,46,581,334,66,0.696970,0.849821,0.900951,1.134880,,,,,,,,GLOBAL_BASELINE_NO_ENTITY_RANKING,,,NOT_APPLICABLE_GLOBAL_BASELINE,HF9g-P5,,,,X 全窗基线 · 不参与实体赏罚,6878697,688,A168_HF9F_20260827_0900,2026-08-27 09:00:00
2026-07-18,132190460,2174,0,11.2414667048,8.6865879082,8.6865879082,1.0000000,3,2,0.47231337500056000,0.403638725000,1.4948166239000553,1.7189898101856425,1.4948166239000553,0.06867465000056000,ELIGIBLE,R03b_20260811_FULL_v1,L1_ELIGIBILITY,v2026-08-11,2026-03-21..2026-08-06,baccarat_bet02_101_all_pairs_incl_sentinel,round_win = game_pnl > 0 (decisive only),COMPATIBILITY_ONLY_NOT_PRODUCTION,4726.3868,4260.9992,168.7826,1339,1197,-0.03571071,-0.04850756,-0.02910476,-0.03571071,-168.7826,4726.3868,OK,0.0000,6.7513,4.0000,96.0000,AG03-UNRESOLVED,ALL5_LEVELS_bet23_to_bet27,6.7513,6.7513,6.7513,6.7513,6.7513,4.000000,4.000000,4.000000,4.000000,4.000000,96.000000,96.000000,96.000000,96.000000,96.000000,5.0,33.7565,31.1619,135.0261,137.6208,PENDING_AG03,FALSE,NOT_FOR_ENFORCEMENT,162.0313,4090.5592,168.7826,162.0313,6.7513,0.03571071,0.03428228,6.7513,162.0313,0.03428228,6.7513,6.7513,6.7513,6.7513,6.7513,162.0313,0.03428228,33.7565,31.1619,135.0261,137.6208,0.02856857,0.02911754,0.00142843,3.5298,3.5597,0.1410,3.6692,0.2905,102.7475,26.0217,3.1802,3.7422,2.0771,4.0878,4.1543,6.1317,6.2314,7.1537,3.1157,-1.022,1.524396,1.75,0.863492,29,159,71,5,0.34046406,0.03571071,0.04850756,0E-8,0.000000,0.901534,0.000000,-0.01940280,2026-05-27,2026-07-31,46,581,334,66,0.696970,0.849821,0.900951,1.134880,,,,,,,,GLOBAL_BASELINE_NO_ENTITY_RANKING,,,NOT_APPLICABLE_GLOBAL_BASELINE,HF9g-P5,,,,X 全窗基线 · 不参与实体赏罚,6878698,688,A168_HF9F_20260827_0900,2026-08-27 09:00:00
2026-07-18,132190460,2205,0,1.6351224298,-1.6351224298,-1.6351224298,0E-7,1,1,0.49324550000000000,0.493245500000,-0.9865810262130424,-0.9865810262130424,-0.9865810262130424,0E-17,ELIGIBLE,R03b_20260811_FULL_v1,L1_ELIGIBILITY,v2026-08-11,2026-03-21..2026-08-06,baccarat_bet02_101_all_pairs_incl_sentinel,round_win = game_pnl > 0 (decisive only),COMPATIBILITY_ONLY_NOT_PRODUCTION,4726.3868,4260.9992,168.7826,1339,1197,-0.03571071,-0.04850756,-0.02910476,-0.03571071,-168.7826,4726.3868,OK,0.0000,6.7513,4.0000,96.0000,AG03-UNRESOLVED,ALL5_LEVELS_bet23_to_bet27,6.7513,6.7513,6.7513,6.7513,6.7513,4.000000,4.000000,4.000000,4.000000,4.000000,96.000000,96.000000,96.000000,96.000000,96.000000,5.0,33.7565,31.1619,135.0261,137.6208,PENDING_AG03,FALSE,NOT_FOR_ENFORCEMENT,162.0313,4090.5592,168.7826,162.0313,6.7513,0.03571071,0.03428228,6.7513,162.0313,0.03428228,6.7513,6.7513,6.7513,6.7513,6.7513,162.0313,0.03428228,33.7565,31.1619,135.0261,137.6208,0.02856857,0.02911754,0.00142843,3.5298,3.5597,0.1410,3.6692,0.2905,102.7475,26.0217,3.1802,3.7422,2.0771,4.0878,4.1543,6.1317,6.2314,7.1537,3.1157,-1.022,1.524396,1.75,0.863492,29,159,71,5,0.34046406,0.03571071,0.04850756,0E-8,0.000000,0.901534,0.000000,-0.01940280,2026-05-27,2026-07-31,46,581,334,66,0.696970,0.849821,0.900951,1.134880,,,,,,,,GLOBAL_BASELINE_NO_ENTITY_RANKING,,,NOT_APPLICABLE_GLOBAL_BASELINE,HF9g-P5,,,,X 全窗基线 · 不参与实体赏罚,6878699,688,A168_HF9F_20260827_0900,2026-08-27 09:00:00
2026-07-18,132190460,2235,0,21.4609818911,5.9273188081,5.9273188081,0.7500000,5,5,0.50128862000000000,0.501288620000,0.9948488239810122,0.9948488239810122,0.9948488239810122,0E-17,ELIGIBLE,R03b_20260811_FULL_v1,L1_ELIGIBILITY,v2026-08-11,2026-03-21..2026-08-06,baccarat_bet02_101_all_pairs_incl_sentinel,round_win = game_pnl > 0 (decisive only),COMPATIBILITY_ONLY_NOT_PRODUCTION,4726.3868,4260.9992,168.7826,1339,1197,-0.03571071,-0.04850756,-0.02910476,-0.03571071,-168.7826,4726.3868,OK,0.0000,6.7513,4.0000,96.0000,AG03-UNRESOLVED,ALL5_LEVELS_bet23_to_bet27,6.7513,6.7513,6.7513,6.7513,6.7513,4.000000,4.000000,4.000000,4.000000,4.000000,96.000000,96.000000,96.000000,96.000000,96.000000,5.0,33.7565,31.1619,135.0261,137.6208,PENDING_AG03,FALSE,NOT_FOR_ENFORCEMENT,162.0313,4090.5592,168.7826,162.0313,6.7513,0.03571071,0.03428228,6.7513,162.0313,0.03428228,6.7513,6.7513,6.7513,6.7513,6.7513,162.0313,0.03428228,33.7565,31.1619,135.0261,137.6208,0.02856857,0.02911754,0.00142843,3.5298,3.5597,0.1410,3.6692,0.2905,102.7475,26.0217,3.1802,3.7422,2.0771,4.0878,4.1543,6.1317,6.2314,7.1537,3.1157,-1.022,1.524396,1.75,0.863492,29,159,71,5,0.34046406,0.03571071,0.04850756,0E-8,0.000000,0.901534,0.000000,-0.01940280,2026-05-27,2026-07-31,46,581,334,66,0.696970,0.849821,0.900951,1.134880,,,,,,,,GLOBAL_BASELINE_NO_ENTITY_RANKING,,,NOT_APPLICABLE_GLOBAL_BASELINE,HF9g-P5,,,,X 全窗基线 · 不参与实体赏罚,6878700,688,A168_HF9F_20260827_0900,2026-08-27 09:00:00
2026-07-19,132190460,2152,0,1.2263418223,-1.2263418223,-1.2263418223,0E-7,1,1,0.49324550000000000,0.493245500000,-0.9865810262130424,-0.9865810262130424,-0.9865810262130424,0E-17,ELIGIBLE,R03b_20260811_FULL_v1,L1_ELIGIBILITY,v2026-08-11,2026-03-21..2026-08-06,baccarat_bet02_101_all_pairs_incl_sentinel,round_win = game_pnl > 0 (decisive only),COMPATIBILITY_ONLY_NOT_PRODUCTION,4726.3868,4260.9992,168.7826,1339,1197,-0.03571071,-0.04850756,-0.02910476,-0.03571071,-168.7826,4726.3868,OK,0.0000,6.7513,4.0000,96.0000,AG03-UNRESOLVED,ALL5_LEVELS_bet23_to_bet27,6.7513,6.7513,6.7513,6.7513,6.7513,4.000000,4.000000,4.000000,4.000000,4.000000,96.000000,96.000000,96.000000,96.000000,96.000000,5.0,33.7565,31.1619,135.0261,137.6208,PENDING_AG03,FALSE,NOT_FOR_ENFORCEMENT,162.0313,4090.5592,168.7826,162.0313,6.7513,0.03571071,0.03428228,6.7513,162.0313,0.03428228,6.7513,6.7513,6.7513,6.7513,6.7513,162.0313,0.03428228,33.7565,31.1619,135.0261,137.6208,0.02856857,0.02911754,0.00142843,3.5298,3.5597,0.1410,3.6692,0.2905,102.7475,26.0217,3.1802,3.7422,2.0771,4.0878,4.1543,6.1317,6.2314,7.1537,3.1157,-1.022,1.524396,1.75,0.863492,29,159,71,5,0.34046406,0.03571071,0.04850756,0E-8,0.000000,0.901534,0.000000,-0.01940280,2026-05-27,2026-07-31,46,581,334,66,0.696970,0.849821,0.900951,1.134880,,,,,,,,GLOBAL_BASELINE_NO_ENTITY_RANKING,,,NOT_APPLICABLE_GLOBAL_BASELINE,HF9g-P5,,,,X 全窗基线 · 不参与实体赏罚,6878701,688,A168_HF9F_20260827_0900,2026-08-27 09:00:00
2026-07-19,132190460,2205,0,1.0219515186,-1.0219515186,-1.0219515186,0E-7,1,1,0.50665070000000000,0.506650700000,-1.013391052207602,-1.013391052207602,-1.013391052207602,0E-17,ELIGIBLE,R03b_20260811_FULL_v1,L1_ELIGIBILITY,v2026-08-11,2026-03-21..2026-08-06,baccarat_bet02_101_all_pairs_incl_sentinel,round_win = game_pnl > 0 (decisive only),COMPATIBILITY_ONLY_NOT_PRODUCTION,4726.3868,4260.9992,168.7826,1339,1197,-0.03571071,-0.04850756,-0.02910476,-0.03571071,-168.7826,4726.3868,OK,0.0000,6.7513,4.0000,96.0000,AG03-UNRESOLVED,ALL5_LEVELS_bet23_to_bet27,6.7513,6.7513,6.7513,6.7513,6.7513,4.000000,4.000000,4.000000,4.000000,4.000000,96.000000,96.000000,96.000000,96.000000,96.000000,5.0,33.7565,31.1619,135.0261,137.6208,PENDING_AG03,FALSE,NOT_FOR_ENFORCEMENT,162.0313,4090.5592,168.7826,162.0313,6.7513,0.03571071,0.03428228,6.7513,162.0313,0.03428228,6.7513,6.7513,6.7513,6.7513,6.7513,162.0313,0.03428228,33.7565,31.1619,135.0261,137.6208,0.02856857,0.02911754,0.00142843,3.5298,3.5597,0.1410,3.6692,0.2905,102.7475,26.0217,3.1802,3.7422,2.0771,4.0878,4.1543,6.1317,6.2314,7.1537,3.1157,-1.022,1.524396,1.75,0.863492,29,159,71,5,0.34046406,0.03571071,0.04850756,0E-8,0.000000,0.901534,0.000000,-0.01940280,2026-05-27,2026-07-31,46,581,334,66,0.696970,0.849821,0.900951,1.134880,,,,,,,,GLOBAL_BASELINE_NO_ENTITY_RANKING,,,NOT_APPLICABLE_GLOBAL_BASELINE,HF9g-P5,,,,X 全窗基线 · 不参与实体赏罚,6878702,688,A168_HF9F_20260827_0900,2026-08-27 09:00:00
2026-07-19,132190460,2242,0,5.1097575931,-1.0219515187,-1.0219515187,0.5000000,2,2,0.49994810000000000,0.499948100000,0.00014679536856514622,0.00014679536856514622,0.00014679536856514622,0E-17,ELIGIBLE,R03b_20260811_FULL_v1,L1_ELIGIBILITY,v2026-08-11,2026-03-21..2026-08-06,baccarat_bet02_101_all_pairs_incl_sentinel,round_win = game_pnl > 0 (decisive only),COMPATIBILITY_ONLY_NOT_PRODUCTION,4726.3868,4260.9992,168.7826,1339,1197,-0.03571071,-0.04850756,-0.02910476,-0.03571071,-168.7826,4726.3868,OK,0.0000,6.7513,4.0000,96.0000,AG03-UNRESOLVED,ALL5_LEVELS_bet23_to_bet27,6.7513,6.7513,6.7513,6.7513,6.7513,4.000000,4.000000,4.000000,4.000000,4.000000,96.000000,96.000000,96.000000,96.000000,96.000000,5.0,33.7565,31.1619,135.0261,137.6208,PENDING_AG03,FALSE,NOT_FOR_ENFORCEMENT,162.0313,4090.5592,168.7826,162.0313,6.7513,0.03571071,0.03428228,6.7513,162.0313,0.03428228,6.7513,6.7513,6.7513,6.7513,6.7513,162.0313,0.03428228,33.7565,31.1619,135.0261,137.6208,0.02856857,0.02911754,0.00142843,3.5298,3.5597,0.1410,3.6692,0.2905,102.7475,26.0217,3.1802,3.7422,2.0771,4.0878,4.1543,6.1317,6.2314,7.1537,3.1157,-1.022,1.524396,1.75,0.863492,29,159,71,5,0.34046406,0.03571071,0.04850756,0E-8,0.000000,0.901534,0.000000,-0.01940280,2026-05-27,2026-07-31,46,581,334,66,0.696970,0.849821,0.900951,1.134880,,,,,,,,GLOBAL_BASELINE_NO_ENTITY_RANKING,,,NOT_APPLICABLE_GLOBAL_BASELINE,HF9g-P5,,,,X 全窗基线 · 不参与实体赏罚,6878703,688,A168_HF9F_20260827_0900,2026-08-27 09:00:00
2026-07-21,132190460,1109,0,6.1317091117,3.8323181948,3.8323181948,1.0000000,2,1,0.43797605000111999,0.300626750000,1.1327973652284844,1.5252488199758223,1.1327973652284844,0.13734930000111999,ELIGIBLE,R03b_20260811_FULL_v1,L1_ELIGIBILITY,v2026-08-11,2026-03-21..2026-08-06,baccarat_bet02_101_all_pairs_incl_sentinel,round_win = game_pnl > 0 (decisive only),COMPATIBILITY_ONLY_NOT_PRODUCTION,4726.3868,4260.9992,168.7826,1339,1197,-0.03571071,-0.04850756,-0.02910476,-0.03571071,-168.7826,4726.3868,OK,0.0000,6.7513,4.0000,96.0000,AG03-UNRESOLVED,ALL5_LEVELS_bet23_to_bet27,6.7513,6.7513,6.7513,6.7513,6.7513,4.000000,4.000000,4.000000,4.000000,4.000000,96.000000,96.000000,96.000000,96.000000,96.000000,5.0,33.7565,31.1619,135.0261,137.6208,PENDING_AG03,FALSE,NOT_FOR_ENFORCEMENT,162.0313,4090.5592,168.7826,162.0313,6.7513,0.03571071,0.03428228,6.7513,162.0313,0.03428228,6.7513,6.7513,6.7513,6.7513,6.7513,162.0313,0.03428228,33.7565,31.1619,135.0261,137.6208,0.02856857,0.02911754,0.00142843,3.5298,3.5597,0.1410,3.6692,0.2905,102.7475,26.0217,3.1802,3.7422,2.0771,4.0878,4.1543,6.1317,6.2314,7.1537,3.1157,-1.022,1.524396,1.75,0.863492,29,159,71,5,0.34046406,0.03571071,0.04850756,0E-8,0.000000,0.901534,0.000000,-0.01940280,2026-05-27,2026-07-31,46,581,334,66,0.696970,0.849821,0.900951,1.134880,,,,,,,,GLOBAL_BASELINE_NO_ENTITY_RANKING,,,NOT_APPLICABLE_GLOBAL_BASELINE,HF9g-P5,,,,X 全窗基线 · 不参与实体赏罚,6878704,688,A168_HF9F_20260827_0900,2026-08-27 09:00:00
2026-07-21,132190460,1330,0,5.9273188080,5.7842455954,5.7842455954,1.0000000,2,2,0.49994810000000000,0.499948100000,1.4143603653603398,1.4143603653603398,1.4143603653603398,0E-17,ELIGIBLE,R03b_20260811_FULL_v1,L1_ELIGIBILITY,v2026-08-11,2026-03-21..2026-08-06,baccarat_bet02_101_all_pairs_incl_sentinel,round_win = game_pnl > 0 (decisive only),COMPATIBILITY_ONLY_NOT_PRODUCTION,4726.3868,4260.9992,168.7826,1339,1197,-0.03571071,-0.04850756,-0.02910476,-0.03571071,-168.7826,4726.3868,OK,0.0000,6.7513,4.0000,96.0000,AG03-UNRESOLVED,ALL5_LEVELS_bet23_to_bet27,6.7513,6.7513,6.7513,6.7513,6.7513,4.000000,4.000000,4.000000,4.000000,4.000000,96.000000,96.000000,96.000000,96.000000,96.000000,5.0,33.7565,31.1619,135.0261,137.6208,PENDING_AG03,FALSE,NOT_FOR_ENFORCEMENT,162.0313,4090.5592,168.7826,162.0313,6.7513,0.03571071,0.03428228,6.7513,162.0313,0.03428228,6.7513,6.7513,6.7513,6.7513,6.7513,162.0313,0.03428228,33.7565,31.1619,135.0261,137.6208,0.02856857,0.02911754,0.00142843,3.5298,3.5597,0.1410,3.6692,0.2905,102.7475,26.0217,3.1802,3.7422,2.0771,4.0878,4.1543,6.1317,6.2314,7.1537,3.1157,-1.022,1.524396,1.75,0.863492,29,159,71,5,0.34046406,0.03571071,0.04850756,0E-8,0.000000,0.901534,0.000000,-0.01940280,2026-05-27,2026-07-31,46,581,334,66,0.696970,0.849821,0.900951,1.134880,,,,,,,,GLOBAL_BASELINE_NO_ENTITY_RANKING,,,NOT_APPLICABLE_GLOBAL_BASELINE,HF9g-P5,,,,X 全窗基线 · 不参与实体赏罚,6878705,688,A168_HF9F_20260827_0900,2026-08-27 09:00:00
2026-07-21,132190460,1331,0,8.1756121490,4.0878060745,4.0878060745,1.0000000,2,2,0.49994810000000000,0.499948100000,1.0001038053877793,1.0001038053877793,1.0001038053877793,0E-17,ELIGIBLE,R03b_20260811_FULL_v1,L1_ELIGIBILITY,v2026-08-11,2026-03-21..2026-08-06,baccarat_bet02_101_all_pairs_incl_sentinel,round_win = game_pnl > 0 (decisive only),COMPATIBILITY_ONLY_NOT_PRODUCTION,4726.3868,4260.9992,168.7826,1339,1197,-0.03571071,-0.04850756,-0.02910476,-0.03571071,-168.7826,4726.3868,OK,0.0000,6.7513,4.0000,96.0000,AG03-UNRESOLVED,ALL5_LEVELS_bet23_to_bet27,6.7513,6.7513,6.7513,6.7513,6.7513,4.000000,4.000000,4.000000,4.000000,4.000000,96.000000,96.000000,96.000000,96.000000,96.000000,5.0,33.7565,31.1619,135.0261,137.6208,PENDING_AG03,FALSE,NOT_FOR_ENFORCEMENT,162.0313,4090.5592,168.7826,162.0313,6.7513,0.03571071,0.03428228,6.7513,162.0313,0.03428228,6.7513,6.7513,6.7513,6.7513,6.7513,162.0313,0.03428228,33.7565,31.1619,135.0261,137.6208,0.02856857,0.02911754,0.00142843,3.5298,3.5597,0.1410,3.6692,0.2905,102.7475,26.0217,3.1802,3.7422,2.0771,4.0878,4.1543,6.1317,6.2314,7.1537,3.1157,-1.022,1.524396,1.75,0.863492,29,159,71,5,0.34046406,0.03571071,0.04850756,0E-8,0.000000,0.901534,0.000000,-0.01940280,2026-05-27,2026-07-31,46,581,334,66,0.696970,0.849821,0.900951,1.134880,,,,,,,,GLOBAL_BASELINE_NO_ENTITY_RANKING,,,NOT_APPLICABLE_GLOBAL_BASELINE,HF9g-P5,,,,X 全窗基线 · 不参与实体赏罚,6878706,688,A168_HF9F_20260827_0900,2026-08-27 09:00:00
2026-07-21,132190460,1374,0,6.9492703266,-6.9492703266,-6.9492703266,0E-7,2,2,0.49994810000000000,0.499948100000,-1.4140667746232096,-1.4140667746232096,-1.4140667746232096,0E-17,ELIGIBLE,R03b_20260811_FULL_v1,L1_ELIGIBILITY,v2026-08-11,2026-03-21..2026-08-06,baccarat_bet02_101_all_pairs_incl_sentinel,round_win = game_pnl > 0 (decisive only),COMPATIBILITY_ONLY_NOT_PRODUCTION,4726.3868,4260.9992,168.7826,1339,1197,-0.03571071,-0.04850756,-0.02910476,-0.03571071,-168.7826,4726.3868,OK,0.0000,6.7513,4.0000,96.0000,AG03-UNRESOLVED,ALL5_LEVELS_bet23_to_bet27,6.7513,6.7513,6.7513,6.7513,6.7513,4.000000,4.000000,4.000000,4.000000,4.000000,96.000000,96.000000,96.000000,96.000000,96.000000,5.0,33.7565,31.1619,135.0261,137.6208,PENDING_AG03,FALSE,NOT_FOR_ENFORCEMENT,162.0313,4090.5592,168.7826,162.0313,6.7513,0.03571071,0.03428228,6.7513,162.0313,0.03428228,6.7513,6.7513,6.7513,6.7513,6.7513,162.0313,0.03428228,33.7565,31.1619,135.0261,137.6208,0.02856857,0.02911754,0.00142843,3.5298,3.5597,0.1410,3.6692,0.2905,102.7475,26.0217,3.1802,3.7422,2.0771,4.0878,4.1543,6.1317,6.2314,7.1537,3.1157,-1.022,1.524396,1.75,0.863492,29,159,71,5,0.34046406,0.03571071,0.04850756,0E-8,0.000000,0.901534,0.000000,-0.01940280,2026-05-27,2026-07-31,46,581,334,66,0.696970,0.849821,0.900951,1.134880,,,,,,,,GLOBAL_BASELINE_NO_ENTITY_RANKING,,,NOT_APPLICABLE_GLOBAL_BASELINE,HF9g-P5,,,,X 全窗基线 · 不参与实体赏罚,6878707,688,A168_HF9F_20260827_0900,2026-08-27 09:00:00
2026-07-21,132190460,1384,0,26.5707394840,7.6646363896,7.6646363896,0.7500000,7,4,0.45608461383991711,0.348781437500,1.1802226209552549,1.6837241687568907,1.1802226209552549,0.10730317633991711,ELIGIBLE,R03b_20260811_FULL_v1,L1_ELIGIBILITY,v2026-08-11,2026-03-21..2026-08-06,baccarat_bet02_101_all_pairs_incl_sentinel,round_win = game_pnl > 0 (decisive only),COMPATIBILITY_ONLY_NOT_PRODUCTION,4726.3868,4260.9992,168.7826,1339,1197,-0.03571071,-0.04850756,-0.02910476,-0.03571071,-168.7826,4726.3868,OK,0.0000,6.7513,4.0000,96.0000,AG03-UNRESOLVED,ALL5_LEVELS_bet23_to_bet27,6.7513,6.7513,6.7513,6.7513,6.7513,4.000000,4.000000,4.000000,4.000000,4.000000,96.000000,96.000000,96.000000,96.000000,96.000000,5.0,33.7565,31.1619,135.0261,137.6208,PENDING_AG03,FALSE,NOT_FOR_ENFORCEMENT,162.0313,4090.5592,168.7826,162.0313,6.7513,0.03571071,0.03428228,6.7513,162.0313,0.03428228,6.7513,6.7513,6.7513,6.7513,6.7513,162.0313,0.03428228,33.7565,31.1619,135.0261,137.6208,0.02856857,0.02911754,0.00142843,3.5298,3.5597,0.1410,3.6692,0.2905,102.7475,26.0217,3.1802,3.7422,2.0771,4.0878,4.1543,6.1317,6.2314,7.1537,3.1157,-1.022,1.524396,1.75,0.863492,29,159,71,5,0.34046406,0.03571071,0.04850756,0E-8,0.000000,0.901534,0.000000,-0.01940280,2026-05-27,2026-07-31,46,581,334,66,0.696970,0.849821,0.900951,1.134880,,,,,,,,GLOBAL_BASELINE_NO_ENTITY_RANKING,,,NOT_APPLICABLE_GLOBAL_BASELINE,HF9g-P5,,,,X 全窗基线 · 不参与实体赏罚,6878708,688,A168_HF9F_20260827_0900,2026-08-27 09:00:00
2026-07-21,132190460,1396,0,11.2414667048,6.6937824470,6.6937824470,1.0000000,3,2,0.44778671428653714,0.403638725000,1.570481487454484,1.7189898101856425,1.570481487454484,0.04414798928653714,ELIGIBLE,R03b_20260811_FULL_v1,L1_ELIGIBILITY,v2026-08-11,2026-03-21..2026-08-06,baccarat_bet02_101_all_pairs_incl_sentinel,round_win = game_pnl > 0 (decisive only),COMPATIBILITY_ONLY_NOT_PRODUCTION,4726.3868,4260.9992,168.7826,1339,1197,-0.03571071,-0.04850756,-0.02910476,-0.03571071,-168.7826,4726.3868,OK,0.0000,6.7513,4.0000,96.0000,AG03-UNRESOLVED,ALL5_LEVELS_bet23_to_bet27,6.7513,6.7513,6.7513,6.7513,6.7513,4.000000,4.000000,4.000000,4.000000,4.000000,96.000000,96.000000,96.000000,96.000000,96.000000,5.0,33.7565,31.1619,135.0261,137.6208,PENDING_AG03,FALSE,NOT_FOR_ENFORCEMENT,162.0313,4090.5592,168.7826,162.0313,6.7513,0.03571071,0.03428228,6.7513,162.0313,0.03428228,6.7513,6.7513,6.7513,6.7513,6.7513,162.0313,0.03428228,33.7565,31.1619,135.0261,137.6208,0.02856857,0.02911754,0.00142843,3.5298,3.5597,0.1410,3.6692,0.2905,102.7475,26.0217,3.1802,3.7422,2.0771,4.0878,4.1543,6.1317,6.2314,7.1537,3.1157,-1.022,1.524396,1.75,0.863492,29,159,71,5,0.34046406,0.03571071,0.04850756,0E-8,0.000000,0.901534,0.000000,-0.01940280,2026-05-27,2026-07-31,46,581,334,66,0.696970,0.849821,0.900951,1.134880,,,,,,,,GLOBAL_BASELINE_NO_ENTITY_RANKING,,,NOT_APPLICABLE_GLOBAL_BASELINE,HF9g-P5,,,,X 全窗基线 · 不参与实体赏罚,6878709,688,A168_HF9F_20260827_0900,2026-08-27 09:00:00
2026-07-21,132190460,1400,0,7.1536606303,4.8031721375,4.8031721375,1.0000000,2,1,0.44778671428653714,0.300626750000,1.1104981095070015,1.5252488199758223,1.1104981095070015,0.14715996428653714,ELIGIBLE,R03b_20260811_FULL_v1,L1_ELIGIBILITY,v2026-08-11,2026-03-21..2026-08-06,baccarat_bet02_101_all_pairs_incl_sentinel,round_win = game_pnl > 0 (decisive only),COMPATIBILITY_ONLY_NOT_PRODUCTION,4726.3868,4260.9992,168.7826,1339,1197,-0.03571071,-0.04850756,-0.02910476,-0.03571071,-168.7826,4726.3868,OK,0.0000,6.7513,4.0000,96.0000,AG03-UNRESOLVED,ALL5_LEVELS_bet23_to_bet27,6.7513,6.7513,6.7513,6.7513,6.7513,4.000000,4.000000,4.000000,4.000000,4.000000,96.000000,96.000000,96.000000,96.000000,96.000000,5.0,33.7565,31.1619,135.0261,137.6208,PENDING_AG03,FALSE,NOT_FOR_ENFORCEMENT,162.0313,4090.5592,168.7826,162.0313,6.7513,0.03571071,0.03428228,6.7513,162.0313,0.03428228,6.7513,6.7513,6.7513,6.7513,6.7513,162.0313,0.03428228,33.7565,31.1619,135.0261,137.6208,0.02856857,0.02911754,0.00142843,3.5298,3.5597,0.1410,3.6692,0.2905,102.7475,26.0217,3.1802,3.7422,2.0771,4.0878,4.1543,6.1317,6.2314,7.1537,3.1157,-1.022,1.524396,1.75,0.863492,29,159,71,5,0.34046406,0.03571071,0.04850756,0E-8,0.000000,0.901534,0.000000,-0.01940280,2026-05-27,2026-07-31,46,581,334,66,0.696970,0.849821,0.900951,1.134880,,,,,,,,GLOBAL_BASELINE_NO_ENTITY_RANKING,,,NOT_APPLICABLE_GLOBAL_BASELINE,HF9g-P5,,,,X 全窗基线 · 不参与实体赏罚,6878710,688,A168_HF9F_20260827_0900,2026-08-27 09:00:00
2026-07-21,132190460,1401,0,2.0439030372,2.0439030372,2.0439030372,1.0000000,1,1,0.49324550000000000,0.493245500000,1.01360149184955,1.01360149184955,1.01360149184955,0E-17,ELIGIBLE,R03b_20260811_FULL_v1,L1_ELIGIBILITY,v2026-08-11,2026-03-21..2026-08-06,baccarat_bet02_101_all_pairs_incl_sentinel,round_win = game_pnl > 0 (decisive only),COMPATIBILITY_ONLY_NOT_PRODUCTION,4726.3868,4260.9992,168.7826,1339,1197,-0.03571071,-0.04850756,-0.02910476,-0.03571071,-168.7826,4726.3868,OK,0.0000,6.7513,4.0000,96.0000,AG03-UNRESOLVED,ALL5_LEVELS_bet23_to_bet27,6.7513,6.7513,6.7513,6.7513,6.7513,4.000000,4.000000,4.000000,4.000000,4.000000,96.000000,96.000000,96.000000,96.000000,96.000000,5.0,33.7565,31.1619,135.0261,137.6208,PENDING_AG03,FALSE,NOT_FOR_ENFORCEMENT,162.0313,4090.5592,168.7826,162.0313,6.7513,0.03571071,0.03428228,6.7513,162.0313,0.03428228,6.7513,6.7513,6.7513,6.7513,6.7513,162.0313,0.03428228,33.7565,31.1619,135.0261,137.6208,0.02856857,0.02911754,0.00142843,3.5298,3.5597,0.1410,3.6692,0.2905,102.7475,26.0217,3.1802,3.7422,2.0771,4.0878,4.1543,6.1317,6.2314,7.1537,3.1157,-1.022,1.524396,1.75,0.863492,29,159,71,5,0.34046406,0.03571071,0.04850756,0E-8,0.000000,0.901534,0.000000,-0.01940280,2026-05-27,2026-07-31,46,581,334,66,0.696970,0.849821,0.900951,1.134880,,,,,,,,GLOBAL_BASELINE_NO_ENTITY_RANKING,,,NOT_APPLICABLE_GLOBAL_BASELINE,HF9g-P5,,,,X 全窗基线 · 不参与实体赏罚,6878711,688,A168_HF9F_20260827_0900,2026-08-27 09:00:00
2026-07-21,132190460,1654,0,4.0878060745,4.0878060745,4.0878060745,1.0000000,1,1,0.49324550000000000,0.493245500000,1.01360149184955,1.01360149184955,1.01360149184955,0E-17,ELIGIBLE,R03b_20260811_FULL_v1,L1_ELIGIBILITY,v2026-08-11,2026-03-21..2026-08-06,baccarat_bet02_101_all_pairs_incl_sentinel,round_win = game_pnl > 0 (decisive only),COMPATIBILITY_ONLY_NOT_PRODUCTION,4726.3868,4260.9992,168.7826,1339,1197,-0.03571071,-0.04850756,-0.02910476,-0.03571071,-168.7826,4726.3868,OK,0.0000,6.7513,4.0000,96.0000,AG03-UNRESOLVED,ALL5_LEVELS_bet23_to_bet27,6.7513,6.7513,6.7513,6.7513,6.7513,4.000000,4.000000,4.000000,4.000000,4.000000,96.000000,96.000000,96.000000,96.000000,96.000000,5.0,33.7565,31.1619,135.0261,137.6208,PENDING_AG03,FALSE,NOT_FOR_ENFORCEMENT,162.0313,4090.5592,168.7826,162.0313,6.7513,0.03571071,0.03428228,6.7513,162.0313,0.03428228,6.7513,6.7513,6.7513,6.7513,6.7513,162.0313,0.03428228,33.7565,31.1619,135.0261,137.6208,0.02856857,0.02911754,0.00142843,3.5298,3.5597,0.1410,3.6692,0.2905,102.7475,26.0217,3.1802,3.7422,2.0771,4.0878,4.1543,6.1317,6.2314,7.1537,3.1157,-1.022,1.524396,1.75,0.863492,29,159,71,5,0.34046406,0.03571071,0.04850756,0E-8,0.000000,0.901534,0.000000,-0.01940280,2026-05-27,2026-07-31,46,581,334,66,0.696970,0.849821,0.900951,1.134880,,,,,,,,GLOBAL_BASELINE_NO_ENTITY_RANKING,,,NOT_APPLICABLE_GLOBAL_BASELINE,HF9g-P5,,,,X 全窗基线 · 不参与实体赏罚,6878712,688,A168_HF9F_20260827_0900,2026-08-27 09:00:00
2026-07-21,132190460,1714,0,6.1317091117,-6.1317091117,-6.1317091117,0E-7,2,1,0.42680505000108356,0.293924150000,-0.8629062149780491,-0.6451964315166089,-0.8629062149780491,0.13288090000108356,ELIGIBLE,R03b_20260811_FULL_v1,L1_ELIGIBILITY,v2026-08-11,2026-03-21..2026-08-06,baccarat_bet02_101_all_pairs_incl_sentinel,round_win = game_pnl > 0 (decisive only),COMPATIBILITY_ONLY_NOT_PRODUCTION,4726.3868,4260.9992,168.7826,1339,1197,-0.03571071,-0.04850756,-0.02910476,-0.03571071,-168.7826,4726.3868,OK,0.0000,6.7513,4.0000,96.0000,AG03-UNRESOLVED,ALL5_LEVELS_bet23_to_bet27,6.7513,6.7513,6.7513,6.7513,6.7513,4.000000,4.000000,4.000000,4.000000,4.000000,96.000000,96.000000,96.000000,96.000000,96.000000,5.0,33.7565,31.1619,135.0261,137.6208,PENDING_AG03,FALSE,NOT_FOR_ENFORCEMENT,162.0313,4090.5592,168.7826,162.0313,6.7513,0.03571071,0.03428228,6.7513,162.0313,0.03428228,6.7513,6.7513,6.7513,6.7513,6.7513,162.0313,0.03428228,33.7565,31.1619,135.0261,137.6208,0.02856857,0.02911754,0.00142843,3.5298,3.5597,0.1410,3.6692,0.2905,102.7475,26.0217,3.1802,3.7422,2.0771,4.0878,4.1543,6.1317,6.2314,7.1537,3.1157,-1.022,1.524396,1.75,0.863492,29,159,71,5,0.34046406,0.03571071,0.04850756,0E-8,0.000000,0.901534,0.000000,-0.01940280,2026-05-27,2026-07-31,46,581,334,66,0.696970,0.849821,0.900951,1.134880,,,,,,,,GLOBAL_BASELINE_NO_ENTITY_RANKING,,,NOT_APPLICABLE_GLOBAL_BASELINE,HF9g-P5,,,,X 全窗基线 · 不参与实体赏罚,6878713,688,A168_HF9F_20260827_0900,2026-08-27 09:00:00
2026-07-21,132190460,2093,0,9.1975636675,2.7592691003,2.7592691003,1.0000000,4,1,0.36487818889043030,0.187662550000,1.319333414587905,2.080556102057424,1.319333414587905,0.17721563889043030,ELIGIBLE,R03b_20260811_FULL_v1,L1_ELIGIBILITY,v2026-08-11,2026-03-21..2026-08-06,baccarat_bet02_101_all_pairs_incl_sentinel,round_win = game_pnl > 0 (decisive only),COMPATIBILITY_ONLY_NOT_PRODUCTION,4726.3868,4260.9992,168.7826,1339,1197,-0.03571071,-0.04850756,-0.02910476,-0.03571071,-168.7826,4726.3868,OK,0.0000,6.7513,4.0000,96.0000,AG03-UNRESOLVED,ALL5_LEVELS_bet23_to_bet27,6.7513,6.7513,6.7513,6.7513,6.7513,4.000000,4.000000,4.000000,4.000000,4.000000,96.000000,96.000000,96.000000,96.000000,96.000000,5.0,33.7565,31.1619,135.0261,137.6208,PENDING_AG03,FALSE,NOT_FOR_ENFORCEMENT,162.0313,4090.5592,168.7826,162.0313,6.7513,0.03571071,0.03428228,6.7513,162.0313,0.03428228,6.7513,6.7513,6.7513,6.7513,6.7513,162.0313,0.03428228,33.7565,31.1619,135.0261,137.6208,0.02856857,0.02911754,0.00142843,3.5298,3.5597,0.1410,3.6692,0.2905,102.7475,26.0217,3.1802,3.7422,2.0771,4.0878,4.1543,6.1317,6.2314,7.1537,3.1157,-1.022,1.524396,1.75,0.863492,29,159,71,5,0.34046406,0.03571071,0.04850756,0E-8,0.000000,0.901534,0.000000,-0.01940280,2026-05-27,2026-07-31,46,581,334,66,0.696970,0.849821,0.900951,1.134880,,,,,,,,GLOBAL_BASELINE_NO_ENTITY_RANKING,,,NOT_APPLICABLE_GLOBAL_BASELINE,HF9g-P5,,,,X 全窗基线 · 不参与实体赏罚,6878714,688,A168_HF9F_20260827_0900,2026-08-27 09:00:00
2026-07-21,132190460,2101,0,4.0878060745,4.0878060745,4.0878060745,1.0000000,1,1,0.49324550000000000,0.493245500000,1.01360149184955,1.01360149184955,1.01360149184955,0E-17,ELIGIBLE,R03b_20260811_FULL_v1,L1_ELIGIBILITY,v2026-08-11,2026-03-21..2026-08-06,baccarat_bet02_101_all_pairs_incl_sentinel,round_win = game_pnl > 0 (decisive only),COMPATIBILITY_ONLY_NOT_PRODUCTION,4726.3868,4260.9992,168.7826,1339,1197,-0.03571071,-0.04850756,-0.02910476,-0.03571071,-168.7826,4726.3868,OK,0.0000,6.7513,4.0000,96.0000,AG03-UNRESOLVED,ALL5_LEVELS_bet23_to_bet27,6.7513,6.7513,6.7513,6.7513,6.7513,4.000000,4.000000,4.000000,4.000000,4.000000,96.000000,96.000000,96.000000,96.000000,96.000000,5.0,33.7565,31.1619,135.0261,137.6208,PENDING_AG03,FALSE,NOT_FOR_ENFORCEMENT,162.0313,4090.5592,168.7826,162.0313,6.7513,0.03571071,0.03428228,6.7513,162.0313,0.03428228,6.7513,6.7513,6.7513,6.7513,6.7513,162.0313,0.03428228,33.7565,31.1619,135.0261,137.6208,0.02856857,0.02911754,0.00142843,3.5298,3.5597,0.1410,3.6692,0.2905,102.7475,26.0217,3.1802,3.7422,2.0771,4.0878,4.1543,6.1317,6.2314,7.1537,3.1157,-1.022,1.524396,1.75,0.863492,29,159,71,5,0.34046406,0.03571071,0.04850756,0E-8,0.000000,0.901534,0.000000,-0.01940280,2026-05-27,2026-07-31,46,581,334,66,0.696970,0.849821,0.900951,1.134880,,,,,,,,GLOBAL_BASELINE_NO_ENTITY_RANKING,,,NOT_APPLICABLE_GLOBAL_BASELINE,HF9g-P5,,,,X 全窗基线 · 不参与实体赏罚,6878715,688,A168_HF9F_20260827_0900,2026-08-27 09:00:00
2026-07-21,132190460,2108,0,12.2634182234,-12.2634182234,-12.2634182234,0E-7,4,2,0.43026883142977587,0.297275450000,-1.2289945350270306,-0.9198181129370825,-1.2289945350270306,0.13299338142977587,ELIGIBLE,R03b_20260811_FULL_v1,L1_ELIGIBILITY,v2026-08-11,2026-03-21..2026-08-06,baccarat_bet02_101_all_pairs_incl_sentinel,round_win = game_pnl > 0 (decisive only),COMPATIBILITY_ONLY_NOT_PRODUCTION,4726.3868,4260.9992,168.7826,1339,1197,-0.03571071,-0.04850756,-0.02910476,-0.03571071,-168.7826,4726.3868,OK,0.0000,6.7513,4.0000,96.0000,AG03-UNRESOLVED,ALL5_LEVELS_bet23_to_bet27,6.7513,6.7513,6.7513,6.7513,6.7513,4.000000,4.000000,4.000000,4.000000,4.000000,96.000000,96.000000,96.000000,96.000000,96.000000,5.0,33.7565,31.1619,135.0261,137.6208,PENDING_AG03,FALSE,NOT_FOR_ENFORCEMENT,162.0313,4090.5592,168.7826,162.0313,6.7513,0.03571071,0.03428228,6.7513,162.0313,0.03428228,6.7513,6.7513,6.7513,6.7513,6.7513,162.0313,0.03428228,33.7565,31.1619,135.0261,137.6208,0.02856857,0.02911754,0.00142843,3.5298,3.5597,0.1410,3.6692,0.2905,102.7475,26.0217,3.1802,3.7422,2.0771,4.0878,4.1543,6.1317,6.2314,7.1537,3.1157,-1.022,1.524396,1.75,0.863492,29,159,71,5,0.34046406,0.03571071,0.04850756,0E-8,0.000000,0.901534,0.000000,-0.01940280,2026-05-27,2026-07-31,46,581,334,66,0.696970,0.849821,0.900951,1.134880,,,,,,,,GLOBAL_BASELINE_NO_ENTITY_RANKING,,,NOT_APPLICABLE_GLOBAL_BASELINE,HF9g-P5,,,,X 全窗基线 · 不参与实体赏罚,6878716,688,A168_HF9F_20260827_0900,2026-08-27 09:00:00
2026-07-21,132190460,2134,0,12.2634182234,2.0439030373,2.0439030373,0.5000000,4,2,0.42680505000108356,0.293924150000,0.20928117444757235,0.6397330434626627,0.20928117444757235,0.13288090000108356,ELIGIBLE,R03b_20260811_FULL_v1,L1_ELIGIBILITY,v2026-08-11,2026-03-21..2026-08-06,baccarat_bet02_101_all_pairs_incl_sentinel,round_win = game_pnl > 0 (decisive only),COMPATIBILITY_ONLY_NOT_PRODUCTION,4726.3868,4260.9992,168.7826,1339,1197,-0.03571071,-0.04850756,-0.02910476,-0.03571071,-168.7826,4726.3868,OK,0.0000,6.7513,4.0000,96.0000,AG03-UNRESOLVED,ALL5_LEVELS_bet23_to_bet27,6.7513,6.7513,6.7513,6.7513,6.7513,4.000000,4.000000,4.000000,4.000000,4.000000,96.000000,96.000000,96.000000,96.000000,96.000000,5.0,33.7565,31.1619,135.0261,137.6208,PENDING_AG03,FALSE,NOT_FOR_ENFORCEMENT,162.0313,4090.5592,168.7826,162.0313,6.7513,0.03571071,0.03428228,6.7513,162.0313,0.03428228,6.7513,6.7513,6.7513,6.7513,6.7513,162.0313,0.03428228,33.7565,31.1619,135.0261,137.6208,0.02856857,0.02911754,0.00142843,3.5298,3.5597,0.1410,3.6692,0.2905,102.7475,26.0217,3.1802,3.7422,2.0771,4.0878,4.1543,6.1317,6.2314,7.1537,3.1157,-1.022,1.524396,1.75,0.863492,29,159,71,5,0.34046406,0.03571071,0.04850756,0E-8,0.000000,0.901534,0.000000,-0.01940280,2026-05-27,2026-07-31,46,581,334,66,0.696970,0.849821,0.900951,1.134880,,,,,,,,GLOBAL_BASELINE_NO_ENTITY_RANKING,,,NOT_APPLICABLE_GLOBAL_BASELINE,HF9g-P5,,,,X 全窗基线 · 不参与实体赏罚,6878717,688,A168_HF9F_20260827_0900,2026-08-27 09:00:00
2026-07-21,132190460,2177,0,19.4170788538,0.5109757592,0.5109757592,0.5000000,6,4,0.46619860250067008,0.401963075000,0.13551560711367017,0.3999103062584518,0.13551560711367017,0.06423552750067008,ELIGIBLE,R03b_20260811_FULL_v1,L1_ELIGIBILITY,v2026-08-11,2026-03-21..2026-08-06,baccarat_bet02_101_all_pairs_incl_sentinel,round_win = game_pnl > 0 (decisive only),COMPATIBILITY_ONLY_NOT_PRODUCTION,4726.3868,4260.9992,168.7826,1339,1197,-0.03571071,-0.04850756,-0.02910476,-0.03571071,-168.7826,4726.3868,OK,0.0000,6.7513,4.0000,96.0000,AG03-UNRESOLVED,ALL5_LEVELS_bet23_to_bet27,6.7513,6.7513,6.7513,6.7513,6.7513,4.000000,4.000000,4.000000,4.000000,4.000000,96.000000,96.000000,96.000000,96.000000,96.000000,5.0,33.7565,31.1619,135.0261,137.6208,PENDING_AG03,FALSE,NOT_FOR_ENFORCEMENT,162.0313,4090.5592,168.7826,162.0313,6.7513,0.03571071,0.03428228,6.7513,162.0313,0.03428228,6.7513,6.7513,6.7513,6.7513,6.7513,162.0313,0.03428228,33.7565,31.1619,135.0261,137.6208,0.02856857,0.02911754,0.00142843,3.5298,3.5597,0.1410,3.6692,0.2905,102.7475,26.0217,3.1802,3.7422,2.0771,4.0878,4.1543,6.1317,6.2314,7.1537,3.1157,-1.022,1.524396,1.75,0.863492,29,159,71,5,0.34046406,0.03571071,0.04850756,0E-8,0.000000,0.901534,0.000000,-0.01940280,2026-05-27,2026-07-31,46,581,334,66,0.696970,0.849821,0.900951,1.134880,,,,,,,,GLOBAL_BASELINE_NO_ENTITY_RANKING,,,NOT_APPLICABLE_GLOBAL_BASELINE,HF9g-P5,,,,X 全窗基线 · 不参与实体赏罚,6878718,688,A168_HF9F_20260827_0900,2026-08-27 09:00:00
2026-07-21,132190460,2235,0,19.4170788537,13.0809794384,13.0809794384,1.0000000,6,3,0.43148711083443528,0.296158350000,1.9881395802868462,2.670152819456758,1.9881395802868462,0.13532876083443528,ELIGIBLE,R03b_20260811_FULL_v1,L1_ELIGIBILITY,v2026-08-11,2026-03-21..2026-08-06,baccarat_bet02_101_all_pairs_incl_sentinel,round_win = game_pnl > 0 (decisive only),COMPATIBILITY_ONLY_NOT_PRODUCTION,4726.3868,4260.9992,168.7826,1339,1197,-0.03571071,-0.04850756,-0.02910476,-0.03571071,-168.7826,4726.3868,OK,0.0000,6.7513,4.0000,96.0000,AG03-UNRESOLVED,ALL5_LEVELS_bet23_to_bet27,6.7513,6.7513,6.7513,6.7513,6.7513,4.000000,4.000000,4.000000,4.000000,4.000000,96.000000,96.000000,96.000000,96.000000,96.000000,5.0,33.7565,31.1619,135.0261,137.6208,PENDING_AG03,FALSE,NOT_FOR_ENFORCEMENT,162.0313,4090.5592,168.7826,162.0313,6.7513,0.03571071,0.03428228,6.7513,162.0313,0.03428228,6.7513,6.7513,6.7513,6.7513,6.7513,162.0313,0.03428228,33.7565,31.1619,135.0261,137.6208,0.02856857,0.02911754,0.00142843,3.5298,3.5597,0.1410,3.6692,0.2905,102.7475,26.0217,3.1802,3.7422,2.0771,4.0878,4.1543,6.1317,6.2314,7.1537,3.1157,-1.022,1.524396,1.75,0.863492,29,159,71,5,0.34046406,0.03571071,0.04850756,0E-8,0.000000,0.901534,0.000000,-0.01940280,2026-05-27,2026-07-31,46,581,334,66,0.696970,0.849821,0.900951,1.134880,,,,,,,,GLOBAL_BASELINE_NO_ENTITY_RANKING,,,NOT_APPLICABLE_GLOBAL_BASELINE,HF9g-P5,,,,X 全窗基线 · 不参与实体赏罚,6878719,688,A168_HF9F_20260827_0900,2026-08-27 09:00:00
2026-07-21,132190460,462,0,5.1097575931,3.0658545559,3.0658545559,1.0000000,2,1,0.41351696000156032,0.293924150000,1.1909158232583068,1.549915577879723,1.1909158232583068,0.11959281000156032,ELIGIBLE,R03b_20260811_FULL_v1,L1_ELIGIBILITY,v2026-08-11,2026-03-21..2026-08-06,baccarat_bet02_101_all_pairs_incl_sentinel,round_win = game_pnl > 0 (decisive only),COMPATIBILITY_ONLY_NOT_PRODUCTION,4726.3868,4260.9992,168.7826,1339,1197,-0.03571071,-0.04850756,-0.02910476,-0.03571071,-168.7826,4726.3868,OK,0.0000,6.7513,4.0000,96.0000,AG03-UNRESOLVED,ALL5_LEVELS_bet23_to_bet27,6.7513,6.7513,6.7513,6.7513,6.7513,4.000000,4.000000,4.000000,4.000000,4.000000,96.000000,96.000000,96.000000,96.000000,96.000000,5.0,33.7565,31.1619,135.0261,137.6208,PENDING_AG03,FALSE,NOT_FOR_ENFORCEMENT,162.0313,4090.5592,168.7826,162.0313,6.7513,0.03571071,0.03428228,6.7513,162.0313,0.03428228,6.7513,6.7513,6.7513,6.7513,6.7513,162.0313,0.03428228,33.7565,31.1619,135.0261,137.6208,0.02856857,0.02911754,0.00142843,3.5298,3.5597,0.1410,3.6692,0.2905,102.7475,26.0217,3.1802,3.7422,2.0771,4.0878,4.1543,6.1317,6.2314,7.1537,3.1157,-1.022,1.524396,1.75,0.863492,29,159,71,5,0.34046406,0.03571071,0.04850756,0E-8,0.000000,0.901534,0.000000,-0.01940280,2026-05-27,2026-07-31,46,581,334,66,0.696970,0.849821,0.900951,1.134880,,,,,,,,GLOBAL_BASELINE_NO_ENTITY_RANKING,,,NOT_APPLICABLE_GLOBAL_BASELINE,HF9g-P5,,,,X 全窗基线 · 不参与实体赏罚,6878720,688,A168_HF9F_20260827_0900,2026-08-27 09:00:00
2026-07-21,132190460,595,0,10.2195151862,-2.2482933409,-2.2482933409,0.5000000,4,2,0.41887904000158656,0.297275450000,0.23252545058328428,0.6272624026875385,0.23252545058328428,0.12160359000158656,ELIGIBLE,R03b_20260811_FULL_v1,L1_ELIGIBILITY,v2026-08-11,2026-03-21..2026-08-06,baccarat_bet02_101_all_pairs_incl_sentinel,round_win = game_pnl > 0 (decisive only),COMPATIBILITY_ONLY_NOT_PRODUCTION,4726.3868,4260.9992,168.7826,1339,1197,-0.03571071,-0.04850756,-0.02910476,-0.03571071,-168.7826,4726.3868,OK,0.0000,6.7513,4.0000,96.0000,AG03-UNRESOLVED,ALL5_LEVELS_bet23_to_bet27,6.7513,6.7513,6.7513,6.7513,6.7513,4.000000,4.000000,4.000000,4.000000,4.000000,96.000000,96.000000,96.000000,96.000000,96.000000,5.0,33.7565,31.1619,135.0261,137.6208,PENDING_AG03,FALSE,NOT_FOR_ENFORCEMENT,162.0313,4090.5592,168.7826,162.0313,6.7513,0.03571071,0.03428228,6.7513,162.0313,0.03428228,6.7513,6.7513,6.7513,6.7513,6.7513,162.0313,0.03428228,33.7565,31.1619,135.0261,137.6208,0.02856857,0.02911754,0.00142843,3.5298,3.5597,0.1410,3.6692,0.2905,102.7475,26.0217,3.1802,3.7422,2.0771,4.0878,4.1543,6.1317,6.2314,7.1537,3.1157,-1.022,1.524396,1.75,0.863492,29,159,71,5,0.34046406,0.03571071,0.04850756,0E-8,0.000000,0.901534,0.000000,-0.01940280,2026-05-27,2026-07-31,46,581,334,66,0.696970,0.849821,0.900951,1.134880,,,,,,,,GLOBAL_BASELINE_NO_ENTITY_RANKING,,,NOT_APPLICABLE_GLOBAL_BASELINE,HF9g-P5,,,,X 全窗基线 · 不参与实体赏罚,6878721,688,A168_HF9F_20260827_0900,2026-08-27 09:00:00
2026-07-21,132190460,948,0,16.3512242979,-6.3871969914,-6.3871969914,0.3333333,5,3,0.46086760000074666,0.369301400000,-0.4431509777593198,-0.12908515820983488,-0.4431509777593198,0.09156620000074666,ELIGIBLE,R03b_20260811_FULL_v1,L1_ELIGIBILITY,v2026-08-11,2026-03-21..2026-08-06,baccarat_bet02_101_all_pairs_incl_sentinel,round_win = game_pnl > 0 (decisive only),COMPATIBILITY_ONLY_NOT_PRODUCTION,4726.3868,4260.9992,168.7826,1339,1197,-0.03571071,-0.04850756,-0.02910476,-0.03571071,-168.7826,4726.3868,OK,0.0000,6.7513,4.0000,96.0000,AG03-UNRESOLVED,ALL5_LEVELS_bet23_to_bet27,6.7513,6.7513,6.7513,6.7513,6.7513,4.000000,4.000000,4.000000,4.000000,4.000000,96.000000,96.000000,96.000000,96.000000,96.000000,5.0,33.7565,31.1619,135.0261,137.6208,PENDING_AG03,FALSE,NOT_FOR_ENFORCEMENT,162.0313,4090.5592,168.7826,162.0313,6.7513,0.03571071,0.03428228,6.7513,162.0313,0.03428228,6.7513,6.7513,6.7513,6.7513,6.7513,162.0313,0.03428228,33.7565,31.1619,135.0261,137.6208,0.02856857,0.02911754,0.00142843,3.5298,3.5597,0.1410,3.6692,0.2905,102.7475,26.0217,3.1802,3.7422,2.0771,4.0878,4.1543,6.1317,6.2314,7.1537,3.1157,-1.022,1.524396,1.75,0.863492,29,159,71,5,0.34046406,0.03571071,0.04850756,0E-8,0.000000,0.901534,0.000000,-0.01940280,2026-05-27,2026-07-31,46,581,334,66,0.696970,0.849821,0.900951,1.134880,,,,,,,,GLOBAL_BASELINE_NO_ENTITY_RANKING,,,NOT_APPLICABLE_GLOBAL_BASELINE,HF9g-P5,,,,X 全窗基线 · 不参与实体赏罚,6878722,688,A168_HF9F_20260827_0900,2026-08-27 09:00:00
2026-07-22,132190460,1306,0,2.0439030372,2.0439030372,2.0439030372,1.0000000,1,1,0.49324550000000000,0.493245500000,1.01360149184955,1.01360149184955,1.01360149184955,0E-17,ELIGIBLE,R03b_20260811_FULL_v1,L1_ELIGIBILITY,v2026-08-11,2026-03-21..2026-08-06,baccarat_bet02_101_all_pairs_incl_sentinel,round_win = game_pnl > 0 (decisive only),COMPATIBILITY_ONLY_NOT_PRODUCTION,4726.3868,4260.9992,168.7826,1339,1197,-0.03571071,-0.04850756,-0.02910476,-0.03571071,-168.7826,4726.3868,OK,0.0000,6.7513,4.0000,96.0000,AG03-UNRESOLVED,ALL5_LEVELS_bet23_to_bet27,6.7513,6.7513,6.7513,6.7513,6.7513,4.000000,4.000000,4.000000,4.000000,4.000000,96.000000,96.000000,96.000000,96.000000,96.000000,5.0,33.7565,31.1619,135.0261,137.6208,PENDING_AG03,FALSE,NOT_FOR_ENFORCEMENT,162.0313,4090.5592,168.7826,162.0313,6.7513,0.03571071,0.03428228,6.7513,162.0313,0.03428228,6.7513,6.7513,6.7513,6.7513,6.7513,162.0313,0.03428228,33.7565,31.1619,135.0261,137.6208,0.02856857,0.02911754,0.00142843,3.5298,3.5597,0.1410,3.6692,0.2905,102.7475,26.0217,3.1802,3.7422,2.0771,4.0878,4.1543,6.1317,6.2314,7.1537,3.1157,-1.022,1.524396,1.75,0.863492,29,159,71,5,0.34046406,0.03571071,0.04850756,0E-8,0.000000,0.901534,0.000000,-0.01940280,2026-05-27,2026-07-31,46,581,334,66,0.696970,0.849821,0.900951,1.134880,,,,,,,,GLOBAL_BASELINE_NO_ENTITY_RANKING,,,NOT_APPLICABLE_GLOBAL_BASELINE,HF9g-P5,,,,X 全窗基线 · 不参与实体赏罚,6878723,688,A168_HF9F_20260827_0900,2026-08-27 09:00:00
2026-07-22,132190460,1331,0,8.1756121490,-8.1756121490,-8.1756121490,0E-7,2,2,0.49324550000000000,0.493245500000,-1.3952362676504506,-1.3952362676504506,-1.3952362676504506,0E-17,ELIGIBLE,R03b_20260811_FULL_v1,L1_ELIGIBILITY,v2026-08-11,2026-03-21..2026-08-06,baccarat_bet02_101_all_pairs_incl_sentinel,round_win = game_pnl > 0 (decisive only),COMPATIBILITY_ONLY_NOT_PRODUCTION,4726.3868,4260.9992,168.7826,1339,1197,-0.03571071,-0.04850756,-0.02910476,-0.03571071,-168.7826,4726.3868,OK,0.0000,6.7513,4.0000,96.0000,AG03-UNRESOLVED,ALL5_LEVELS_bet23_to_bet27,6.7513,6.7513,6.7513,6.7513,6.7513,4.000000,4.000000,4.000000,4.000000,4.000000,96.000000,96.000000,96.000000,96.000000,96.000000,5.0,33.7565,31.1619,135.0261,137.6208,PENDING_AG03,FALSE,NOT_FOR_ENFORCEMENT,162.0313,4090.5592,168.7826,162.0313,6.7513,0.03571071,0.03428228,6.7513,162.0313,0.03428228,6.7513,6.7513,6.7513,6.7513,6.7513,162.0313,0.03428228,33.7565,31.1619,135.0261,137.6208,0.02856857,0.02911754,0.00142843,3.5298,3.5597,0.1410,3.6692,0.2905,102.7475,26.0217,3.1802,3.7422,2.0771,4.0878,4.1543,6.1317,6.2314,7.1537,3.1157,-1.022,1.524396,1.75,0.863492,29,159,71,5,0.34046406,0.03571071,0.04850756,0E-8,0.000000,0.901534,0.000000,-0.01940280,2026-05-27,2026-07-31,46,581,334,66,0.696970,0.849821,0.900951,1.134880,,,,,,,,GLOBAL_BASELINE_NO_ENTITY_RANKING,,,NOT_APPLICABLE_GLOBAL_BASELINE,HF9g-P5,,,,X 全窗基线 · 不参与实体赏罚,6878724,688,A168_HF9F_20260827_0900,2026-08-27 09:00:00
2026-07-22,132190460,1405,0,4.9053672894,-2.4526836447,-2.4526836447,0E-7,2,2,0.49324550000000000,0.493245500000,-0.9865810262130424,-0.9865810262130424,-0.9865810262130424,0E-17,ELIGIBLE,R03b_20260811_FULL_v1,L1_ELIGIBILITY,v2026-08-11,2026-03-21..2026-08-06,baccarat_bet02_101_all_pairs_incl_sentinel,round_win = game_pnl > 0 (decisive only),COMPATIBILITY_ONLY_NOT_PRODUCTION,4726.3868,4260.9992,168.7826,1339,1197,-0.03571071,-0.04850756,-0.02910476,-0.03571071,-168.7826,4726.3868,OK,0.0000,6.7513,4.0000,96.0000,AG03-UNRESOLVED,ALL5_LEVELS_bet23_to_bet27,6.7513,6.7513,6.7513,6.7513,6.7513,4.000000,4.000000,4.000000,4.000000,4.000000,96.000000,96.000000,96.000000,96.000000,96.000000,5.0,33.7565,31.1619,135.0261,137.6208,PENDING_AG03,FALSE,NOT_FOR_ENFORCEMENT,162.0313,4090.5592,168.7826,162.0313,6.7513,0.03571071,0.03428228,6.7513,162.0313,0.03428228,6.7513,6.7513,6.7513,6.7513,6.7513,162.0313,0.03428228,33.7565,31.1619,135.0261,137.6208,0.02856857,0.02911754,0.00142843,3.5298,3.5597,0.1410,3.6692,0.2905,102.7475,26.0217,3.1802,3.7422,2.0771,4.0878,4.1543,6.1317,6.2314,7.1537,3.1157,-1.022,1.524396,1.75,0.863492,29,159,71,5,0.34046406,0.03571071,0.04850756,0E-8,0.000000,0.901534,0.000000,-0.01940280,2026-05-27,2026-07-31,46,581,334,66,0.696970,0.849821,0.900951,1.134880,,,,,,,,GLOBAL_BASELINE_NO_ENTITY_RANKING,,,NOT_APPLICABLE_GLOBAL_BASELINE,HF9g-P5,,,,X 全窗基线 · 不参与实体赏罚,6878725,688,A168_HF9F_20260827_0900,2026-08-27 09:00:00
2026-07-22,132190460,1704,0,3.0658545559,-3.0658545559,-3.0658545559,0E-7,1,1,0.50665070000000000,0.506650700000,-1.013391052207602,-1.013391052207602,-1.013391052207602,0E-17,ELIGIBLE,R03b_20260811_FULL_v1,L1_ELIGIBILITY,v2026-08-11,2026-03-21..2026-08-06,baccarat_bet02_101_all_pairs_incl_sentinel,round_win = game_pnl > 0 (decisive only),COMPATIBILITY_ONLY_NOT_PRODUCTION,4726.3868,4260.9992,168.7826,1339,1197,-0.03571071,-0.04850756,-0.02910476,-0.03571071,-168.7826,4726.3868,OK,0.0000,6.7513,4.0000,96.0000,AG03-UNRESOLVED,ALL5_LEVELS_bet23_to_bet27,6.7513,6.7513,6.7513,6.7513,6.7513,4.000000,4.000000,4.000000,4.000000,4.000000,96.000000,96.000000,96.000000,96.000000,96.000000,5.0,33.7565,31.1619,135.0261,137.6208,PENDING_AG03,FALSE,NOT_FOR_ENFORCEMENT,162.0313,4090.5592,168.7826,162.0313,6.7513,0.03571071,0.03428228,6.7513,162.0313,0.03428228,6.7513,6.7513,6.7513,6.7513,6.7513,162.0313,0.03428228,33.7565,31.1619,135.0261,137.6208,0.02856857,0.02911754,0.00142843,3.5298,3.5597,0.1410,3.6692,0.2905,102.7475,26.0217,3.1802,3.7422,2.0771,4.0878,4.1543,6.1317,6.2314,7.1537,3.1157,-1.022,1.524396,1.75,0.863492,29,159,71,5,0.34046406,0.03571071,0.04850756,0E-8,0.000000,0.901534,0.000000,-0.01940280,2026-05-27,2026-07-31,46,581,334,66,0.696970,0.849821,0.900951,1.134880,,,,,,,,GLOBAL_BASELINE_NO_ENTITY_RANKING,,,NOT_APPLICABLE_GLOBAL_BASELINE,HF9g-P5,,,,X 全窗基线 · 不参与实体赏罚,6878726,688,A168_HF9F_20260827_0900,2026-08-27 09:00:00
2026-07-22,132190460,2169,0,3.0658545559,-3.0658545559,-3.0658545559,0E-7,1,1,0.50665070000000000,0.506650700000,-1.013391052207602,-1.013391052207602,-1.013391052207602,0E-17,ELIGIBLE,R03b_20260811_FULL_v1,L1_ELIGIBILITY,v2026-08-11,2026-03-21..2026-08-06,baccarat_bet02_101_all_pairs_incl_sentinel,round_win = game_pnl > 0 (decisive only),COMPATIBILITY_ONLY_NOT_PRODUCTION,4726.3868,4260.9992,168.7826,1339,1197,-0.03571071,-0.04850756,-0.02910476,-0.03571071,-168.7826,4726.3868,OK,0.0000,6.7513,4.0000,96.0000,AG03-UNRESOLVED,ALL5_LEVELS_bet23_to_bet27,6.7513,6.7513,6.7513,6.7513,6.7513,4.000000,4.000000,4.000000,4.000000,4.000000,96.000000,96.000000,96.000000,96.000000,96.000000,5.0,33.7565,31.1619,135.0261,137.6208,PENDING_AG03,FALSE,NOT_FOR_ENFORCEMENT,162.0313,4090.5592,168.7826,162.0313,6.7513,0.03571071,0.03428228,6.7513,162.0313,0.03428228,6.7513,6.7513,6.7513,6.7513,6.7513,162.0313,0.03428228,33.7565,31.1619,135.0261,137.6208,0.02856857,0.02911754,0.00142843,3.5298,3.5597,0.1410,3.6692,0.2905,102.7475,26.0217,3.1802,3.7422,2.0771,4.0878,4.1543,6.1317,6.2314,7.1537,3.1157,-1.022,1.524396,1.75,0.863492,29,159,71,5,0.34046406,0.03571071,0.04850756,0E-8,0.000000,0.901534,0.000000,-0.01940280,2026-05-27,2026-07-31,46,581,334,66,0.696970,0.849821,0.900951,1.134880,,,,,,,,GLOBAL_BASELINE_NO_ENTITY_RANKING,,,NOT_APPLICABLE_GLOBAL_BASELINE,HF9g-P5,,,,X 全窗基线 · 不参与实体赏罚,6878727,688,A168_HF9F_20260827_0900,2026-08-27 09:00:00
2026-07-22,132190460,2196,0,7.1536606303,-7.1536606303,-7.1536606303,0E-7,2,2,0.50665070000000000,0.506650700000,-1.4331513700195317,-1.4331513700195317,-1.4331513700195317,0E-17,ELIGIBLE,R03b_20260811_FULL_v1,L1_ELIGIBILITY,v2026-08-11,2026-03-21..2026-08-06,baccarat_bet02_101_all_pairs_incl_sentinel,round_win = game_pnl > 0 (decisive only),COMPATIBILITY_ONLY_NOT_PRODUCTION,4726.3868,4260.9992,168.7826,1339,1197,-0.03571071,-0.04850756,-0.02910476,-0.03571071,-168.7826,4726.3868,OK,0.0000,6.7513,4.0000,96.0000,AG03-UNRESOLVED,ALL5_LEVELS_bet23_to_bet27,6.7513,6.7513,6.7513,6.7513,6.7513,4.000000,4.000000,4.000000,4.000000,4.000000,96.000000,96.000000,96.000000,96.000000,96.000000,5.0,33.7565,31.1619,135.0261,137.6208,PENDING_AG03,FALSE,NOT_FOR_ENFORCEMENT,162.0313,4090.5592,168.7826,162.0313,6.7513,0.03571071,0.03428228,6.7513,162.0313,0.03428228,6.7513,6.7513,6.7513,6.7513,6.7513,162.0313,0.03428228,33.7565,31.1619,135.0261,137.6208,0.02856857,0.02911754,0.00142843,3.5298,3.5597,0.1410,3.6692,0.2905,102.7475,26.0217,3.1802,3.7422,2.0771,4.0878,4.1543,6.1317,6.2314,7.1537,3.1157,-1.022,1.524396,1.75,0.863492,29,159,71,5,0.34046406,0.03571071,0.04850756,0E-8,0.000000,0.901534,0.000000,-0.01940280,2026-05-27,2026-07-31,46,581,334,66,0.696970,0.849821,0.900951,1.134880,,,,,,,,GLOBAL_BASELINE_NO_ENTITY_RANKING,,,NOT_APPLICABLE_GLOBAL_BASELINE,HF9g-P5,,,,X 全窗基线 · 不参与实体赏罚,6878728,688,A168_HF9F_20260827_0900,2026-08-27 09:00:00
2026-07-22,132190460,2223,0,1.8395127335,-1.8395127335,-1.8395127335,0E-7,1,1,0.49324550000000000,0.493245500000,-0.9865810262130424,-0.9865810262130424,-0.9865810262130424,0E-17,ELIGIBLE,R03b_20260811_FULL_v1,L1_ELIGIBILITY,v2026-08-11,2026-03-21..2026-08-06,baccarat_bet02_101_all_pairs_incl_sentinel,round_win = game_pnl > 0 (decisive only),COMPATIBILITY_ONLY_NOT_PRODUCTION,4726.3868,4260.9992,168.7826,1339,1197,-0.03571071,-0.04850756,-0.02910476,-0.03571071,-168.7826,4726.3868,OK,0.0000,6.7513,4.0000,96.0000,AG03-UNRESOLVED,ALL5_LEVELS_bet23_to_bet27,6.7513,6.7513,6.7513,6.7513,6.7513,4.000000,4.000000,4.000000,4.000000,4.000000,96.000000,96.000000,96.000000,96.000000,96.000000,5.0,33.7565,31.1619,135.0261,137.6208,PENDING_AG03,FALSE,NOT_FOR_ENFORCEMENT,162.0313,4090.5592,168.7826,162.0313,6.7513,0.03571071,0.03428228,6.7513,162.0313,0.03428228,6.7513,6.7513,6.7513,6.7513,6.7513,162.0313,0.03428228,33.7565,31.1619,135.0261,137.6208,0.02856857,0.02911754,0.00142843,3.5298,3.5597,0.1410,3.6692,0.2905,102.7475,26.0217,3.1802,3.7422,2.0771,4.0878,4.1543,6.1317,6.2314,7.1537,3.1157,-1.022,1.524396,1.75,0.863492,29,159,71,5,0.34046406,0.03571071,0.04850756,0E-8,0.000000,0.901534,0.000000,-0.01940280,2026-05-27,2026-07-31,46,581,334,66,0.696970,0.849821,0.900951,1.134880,,,,,,,,GLOBAL_BASELINE_NO_ENTITY_RANKING,,,NOT_APPLICABLE_GLOBAL_BASELINE,HF9g-P5,,,,X 全窗基线 · 不参与实体赏罚,6878729,688,A168_HF9F_20260827_0900,2026-08-27 09:00:00
2026-07-22,132190460,2252,0,14.3073212607,5.9273188080,5.9273188080,0.7500000,4,4,0.49659680000000000,0.496596800000,1.0136362796769356,1.0136362796769358,1.0136362796769356,0E-17,ELIGIBLE,R03b_20260811_FULL_v1,L1_ELIGIBILITY,v2026-08-11,2026-03-21..2026-08-06,baccarat_bet02_101_all_pairs_incl_sentinel,round_win = game_pnl > 0 (decisive only),COMPATIBILITY_ONLY_NOT_PRODUCTION,4726.3868,4260.9992,168.7826,1339,1197,-0.03571071,-0.04850756,-0.02910476,-0.03571071,-168.7826,4726.3868,OK,0.0000,6.7513,4.0000,96.0000,AG03-UNRESOLVED,ALL5_LEVELS_bet23_to_bet27,6.7513,6.7513,6.7513,6.7513,6.7513,4.000000,4.000000,4.000000,4.000000,4.000000,96.000000,96.000000,96.000000,96.000000,96.000000,5.0,33.7565,31.1619,135.0261,137.6208,PENDING_AG03,FALSE,NOT_FOR_ENFORCEMENT,162.0313,4090.5592,168.7826,162.0313,6.7513,0.03571071,0.03428228,6.7513,162.0313,0.03428228,6.7513,6.7513,6.7513,6.7513,6.7513,162.0313,0.03428228,33.7565,31.1619,135.0261,137.6208,0.02856857,0.02911754,0.00142843,3.5298,3.5597,0.1410,3.6692,0.2905,102.7475,26.0217,3.1802,3.7422,2.0771,4.0878,4.1543,6.1317,6.2314,7.1537,3.1157,-1.022,1.524396,1.75,0.863492,29,159,71,5,0.34046406,0.03571071,0.04850756,0E-8,0.000000,0.901534,0.000000,-0.01940280,2026-05-27,2026-07-31,46,581,334,66,0.696970,0.849821,0.900951,1.134880,,,,,,,,GLOBAL_BASELINE_NO_ENTITY_RANKING,,,NOT_APPLICABLE_GLOBAL_BASELINE,HF9g-P5,,,,X 全窗基线 · 不参与实体赏罚,6878730,688,A168_HF9F_20260827_0900,2026-08-27 09:00:00
2026-07-25,132190460,1258,0,6.1317091117,4.0878060745,4.0878060745,1.0000000,2,1,0.42680505000108356,0.293924150000,1.1588744902311756,1.549915577879723,1.1588744902311756,0.13288090000108356,ELIGIBLE,R03b_20260811_FULL_v1,L1_ELIGIBILITY,v2026-08-11,2026-03-21..2026-08-06,baccarat_bet02_101_all_pairs_incl_sentinel,round_win = game_pnl > 0 (decisive only),COMPATIBILITY_ONLY_NOT_PRODUCTION,4726.3868,4260.9992,168.7826,1339,1197,-0.03571071,-0.04850756,-0.02910476,-0.03571071,-168.7826,4726.3868,OK,0.0000,6.7513,4.0000,96.0000,AG03-UNRESOLVED,ALL5_LEVELS_bet23_to_bet27,6.7513,6.7513,6.7513,6.7513,6.7513,4.000000,4.000000,4.000000,4.000000,4.000000,96.000000,96.000000,96.000000,96.000000,96.000000,5.0,33.7565,31.1619,135.0261,137.6208,PENDING_AG03,FALSE,NOT_FOR_ENFORCEMENT,162.0313,4090.5592,168.7826,162.0313,6.7513,0.03571071,0.03428228,6.7513,162.0313,0.03428228,6.7513,6.7513,6.7513,6.7513,6.7513,162.0313,0.03428228,33.7565,31.1619,135.0261,137.6208,0.02856857,0.02911754,0.00142843,3.5298,3.5597,0.1410,3.6692,0.2905,102.7475,26.0217,3.1802,3.7422,2.0771,4.0878,4.1543,6.1317,6.2314,7.1537,3.1157,-1.022,1.524396,1.75,0.863492,29,159,71,5,0.34046406,0.03571071,0.04850756,0E-8,0.000000,0.901534,0.000000,-0.01940280,2026-05-27,2026-07-31,46,581,334,66,0.696970,0.849821,0.900951,1.134880,,,,,,,,GLOBAL_BASELINE_NO_ENTITY_RANKING,,,NOT_APPLICABLE_GLOBAL_BASELINE,HF9g-P5,,,,X 全窗基线 · 不参与实体赏罚,6878731,688,A168_HF9F_20260827_0900,2026-08-27 09:00:00
2026-07-25,132190460,1354,0,5.1097575931,8.1756121490,8.1756121490,1.0000000,2,1,0.42424112000161279,0.300626750000,1.164967855216094,1.5252488199758223,1.164967855216094,0.12361437000161279,ELIGIBLE,R03b_20260811_FULL_v1,L1_ELIGIBILITY,v2026-08-11,2026-03-21..2026-08-06,baccarat_bet02_101_all_pairs_incl_sentinel,round_win = game_pnl > 0 (decisive only),COMPATIBILITY_ONLY_NOT_PRODUCTION,4726.3868,4260.9992,168.7826,1339,1197,-0.03571071,-0.04850756,-0.02910476,-0.03571071,-168.7826,4726.3868,OK,0.0000,6.7513,4.0000,96.0000,AG03-UNRESOLVED,ALL5_LEVELS_bet23_to_bet27,6.7513,6.7513,6.7513,6.7513,6.7513,4.000000,4.000000,4.000000,4.000000,4.000000,96.000000,96.000000,96.000000,96.000000,96.000000,5.0,33.7565,31.1619,135.0261,137.6208,PENDING_AG03,FALSE,NOT_FOR_ENFORCEMENT,162.0313,4090.5592,168.7826,162.0313,6.7513,0.03571071,0.03428228,6.7513,162.0313,0.03428228,6.7513,6.7513,6.7513,6.7513,6.7513,162.0313,0.03428228,33.7565,31.1619,135.0261,137.6208,0.02856857,0.02911754,0.00142843,3.5298,3.5597,0.1410,3.6692,0.2905,102.7475,26.0217,3.1802,3.7422,2.0771,4.0878,4.1543,6.1317,6.2314,7.1537,3.1157,-1.022,1.524396,1.75,0.863492,29,159,71,5,0.34046406,0.03571071,0.04850756,0E-8,0.000000,0.901534,0.000000,-0.01940280,2026-05-27,2026-07-31,46,581,334,66,0.696970,0.849821,0.900951,1.134880,,,,,,,,GLOBAL_BASELINE_NO_ENTITY_RANKING,,,NOT_APPLICABLE_GLOBAL_BASELINE,HF9g-P5,,,,X 全窗基线 · 不参与实体赏罚,6878732,688,A168_HF9F_20260827_0900,2026-08-27 09:00:00
2026-07-25,132190460,1400,0,13.2853697421,-5.1097575931,-5.1097575931,0.3333333,4,3,0.47109868333369452,0.426805050000,-0.47803242730072687,-0.3273217721103076,-0.47803242730072687,0.04429363333369452,ELIGIBLE,R03b_20260811_FULL_v1,L1_ELIGIBILITY,v2026-08-11,2026-03-21..2026-08-06,baccarat_bet02_101_all_pairs_incl_sentinel,round_win = game_pnl > 0 (decisive only),COMPATIBILITY_ONLY_NOT_PRODUCTION,4726.3868,4260.9992,168.7826,1339,1197,-0.03571071,-0.04850756,-0.02910476,-0.03571071,-168.7826,4726.3868,OK,0.0000,6.7513,4.0000,96.0000,AG03-UNRESOLVED,ALL5_LEVELS_bet23_to_bet27,6.7513,6.7513,6.7513,6.7513,6.7513,4.000000,4.000000,4.000000,4.000000,4.000000,96.000000,96.000000,96.000000,96.000000,96.000000,5.0,33.7565,31.1619,135.0261,137.6208,PENDING_AG03,FALSE,NOT_FOR_ENFORCEMENT,162.0313,4090.5592,168.7826,162.0313,6.7513,0.03571071,0.03428228,6.7513,162.0313,0.03428228,6.7513,6.7513,6.7513,6.7513,6.7513,162.0313,0.03428228,33.7565,31.1619,135.0261,137.6208,0.02856857,0.02911754,0.00142843,3.5298,3.5597,0.1410,3.6692,0.2905,102.7475,26.0217,3.1802,3.7422,2.0771,4.0878,4.1543,6.1317,6.2314,7.1537,3.1157,-1.022,1.524396,1.75,0.863492,29,159,71,5,0.34046406,0.03571071,0.04850756,0E-8,0.000000,0.901534,0.000000,-0.01940280,2026-05-27,2026-07-31,46,581,334,66,0.696970,0.849821,0.900951,1.134880,,,,,,,,GLOBAL_BASELINE_NO_ENTITY_RANKING,,,NOT_APPLICABLE_GLOBAL_BASELINE,HF9g-P5,,,,X 全窗基线 · 不参与实体赏罚,6878733,688,A168_HF9F_20260827_0900,2026-08-27 09:00:00
2026-07-25,132190460,1402,0,14.3073212607,1.8395127336,1.8395127336,0.6666667,4,3,0.47929075000037333,0.433507650000,0.6496466866416294,0.8149246127763418,0.6496466866416294,0.04578310000037333,ELIGIBLE,R03b_20260811_FULL_v1,L1_ELIGIBILITY,v2026-08-11,2026-03-21..2026-08-06,baccarat_bet02_101_all_pairs_incl_sentinel,round_win = game_pnl > 0 (decisive only),COMPATIBILITY_ONLY_NOT_PRODUCTION,4726.3868,4260.9992,168.7826,1339,1197,-0.03571071,-0.04850756,-0.02910476,-0.03571071,-168.7826,4726.3868,OK,0.0000,6.7513,4.0000,96.0000,AG03-UNRESOLVED,ALL5_LEVELS_bet23_to_bet27,6.7513,6.7513,6.7513,6.7513,6.7513,4.000000,4.000000,4.000000,4.000000,4.000000,96.000000,96.000000,96.000000,96.000000,96.000000,5.0,33.7565,31.1619,135.0261,137.6208,PENDING_AG03,FALSE,NOT_FOR_ENFORCEMENT,162.0313,4090.5592,168.7826,162.0313,6.7513,0.03571071,0.03428228,6.7513,162.0313,0.03428228,6.7513,6.7513,6.7513,6.7513,6.7513,162.0313,0.03428228,33.7565,31.1619,135.0261,137.6208,0.02856857,0.02911754,0.00142843,3.5298,3.5597,0.1410,3.6692,0.2905,102.7475,26.0217,3.1802,3.7422,2.0771,4.0878,4.1543,6.1317,6.2314,7.1537,3.1157,-1.022,1.524396,1.75,0.863492,29,159,71,5,0.34046406,0.03571071,0.04850756,0E-8,0.000000,0.901534,0.000000,-0.01940280,2026-05-27,2026-07-31,46,581,334,66,0.696970,0.849821,0.900951,1.134880,,,,,,,,GLOBAL_BASELINE_NO_ENTITY_RANKING,,,NOT_APPLICABLE_GLOBAL_BASELINE,HF9g-P5,,,,X 全窗基线 · 不参与实体赏罚,6878734,688,A168_HF9F_20260827_0900,2026-08-27 09:00:00
2026-07-25,132190460,2101,0,4.2921963782,-4.2921963782,-4.2921963782,0E-7,1,1,0.50665070000000000,0.506650700000,-1.013391052207602,-1.013391052207602,-1.013391052207602,0E-17,ELIGIBLE,R03b_20260811_FULL_v1,L1_ELIGIBILITY,v2026-08-11,2026-03-21..2026-08-06,baccarat_bet02_101_all_pairs_incl_sentinel,round_win = game_pnl > 0 (decisive only),COMPATIBILITY_ONLY_NOT_PRODUCTION,4726.3868,4260.9992,168.7826,1339,1197,-0.03571071,-0.04850756,-0.02910476,-0.03571071,-168.7826,4726.3868,OK,0.0000,6.7513,4.0000,96.0000,AG03-UNRESOLVED,ALL5_LEVELS_bet23_to_bet27,6.7513,6.7513,6.7513,6.7513,6.7513,4.000000,4.000000,4.000000,4.000000,4.000000,96.000000,96.000000,96.000000,96.000000,96.000000,5.0,33.7565,31.1619,135.0261,137.6208,PENDING_AG03,FALSE,NOT_FOR_ENFORCEMENT,162.0313,4090.5592,168.7826,162.0313,6.7513,0.03571071,0.03428228,6.7513,162.0313,0.03428228,6.7513,6.7513,6.7513,6.7513,6.7513,162.0313,0.03428228,33.7565,31.1619,135.0261,137.6208,0.02856857,0.02911754,0.00142843,3.5298,3.5597,0.1410,3.6692,0.2905,102.7475,26.0217,3.1802,3.7422,2.0771,4.0878,4.1543,6.1317,6.2314,7.1537,3.1157,-1.022,1.524396,1.75,0.863492,29,159,71,5,0.34046406,0.03571071,0.04850756,0E-8,0.000000,0.901534,0.000000,-0.01940280,2026-05-27,2026-07-31,46,581,334,66,0.696970,0.849821,0.900951,1.134880,,,,,,,,GLOBAL_BASELINE_NO_ENTITY_RANKING,,,NOT_APPLICABLE_GLOBAL_BASELINE,HF9g-P5,,,,X 全窗基线 · 不参与实体赏罚,6878735,688,A168_HF9F_20260827_0900,2026-08-27 09:00:00
2026-07-25,132190460,2106,0,16.3512242980,-0.4087806074,-0.4087806074,0.5000000,4,4,0.50329940000000000,0.503299400000,-0.01319788734859681,-0.01319788734859681,-0.01319788734859681,0E-17,ELIGIBLE,R03b_20260811_FULL_v1,L1_ELIGIBILITY,v2026-08-11,2026-03-21..2026-08-06,baccarat_bet02_101_all_pairs_incl_sentinel,round_win = game_pnl > 0 (decisive only),COMPATIBILITY_ONLY_NOT_PRODUCTION,4726.3868,4260.9992,168.7826,1339,1197,-0.03571071,-0.04850756,-0.02910476,-0.03571071,-168.7826,4726.3868,OK,0.0000,6.7513,4.0000,96.0000,AG03-UNRESOLVED,ALL5_LEVELS_bet23_to_bet27,6.7513,6.7513,6.7513,6.7513,6.7513,4.000000,4.000000,4.000000,4.000000,4.000000,96.000000,96.000000,96.000000,96.000000,96.000000,5.0,33.7565,31.1619,135.0261,137.6208,PENDING_AG03,FALSE,NOT_FOR_ENFORCEMENT,162.0313,4090.5592,168.7826,162.0313,6.7513,0.03571071,0.03428228,6.7513,162.0313,0.03428228,6.7513,6.7513,6.7513,6.7513,6.7513,162.0313,0.03428228,33.7565,31.1619,135.0261,137.6208,0.02856857,0.02911754,0.00142843,3.5298,3.5597,0.1410,3.6692,0.2905,102.7475,26.0217,3.1802,3.7422,2.0771,4.0878,4.1543,6.1317,6.2314,7.1537,3.1157,-1.022,1.524396,1.75,0.863492,29,159,71,5,0.34046406,0.03571071,0.04850756,0E-8,0.000000,0.901534,0.000000,-0.01940280,2026-05-27,2026-07-31,46,581,334,66,0.696970,0.849821,0.900951,1.134880,,,,,,,,GLOBAL_BASELINE_NO_ENTITY_RANKING,,,NOT_APPLICABLE_GLOBAL_BASELINE,HF9g-P5,,,,X 全窗基线 · 不参与实体赏罚,6878736,688,A168_HF9F_20260827_0900,2026-08-27 09:00:00
2026-07-25,132190460,2142,0,13.2853697420,-1.3285369742,-1.3285369742,0.5000000,4,2,0.43729588214381035,0.297275450000,0.17876534019173945,0.6272624026875385,0.17876534019173945,0.14002043214381035,ELIGIBLE,R03b_20260811_FULL_v1,L1_ELIGIBILITY,v2026-08-11,2026-03-21..2026-08-06,baccarat_bet02_101_all_pairs_incl_sentinel,round_win = game_pnl > 0 (decisive only),COMPATIBILITY_ONLY_NOT_PRODUCTION,4726.3868,4260.9992,168.7826,1339,1197,-0.03571071,-0.04850756,-0.02910476,-0.03571071,-168.7826,4726.3868,OK,0.0000,6.7513,4.0000,96.0000,AG03-UNRESOLVED,ALL5_LEVELS_bet23_to_bet27,6.7513,6.7513,6.7513,6.7513,6.7513,4.000000,4.000000,4.000000,4.000000,4.000000,96.000000,96.000000,96.000000,96.000000,96.000000,5.0,33.7565,31.1619,135.0261,137.6208,PENDING_AG03,FALSE,NOT_FOR_ENFORCEMENT,162.0313,4090.5592,168.7826,162.0313,6.7513,0.03571071,0.03428228,6.7513,162.0313,0.03428228,6.7513,6.7513,6.7513,6.7513,6.7513,162.0313,0.03428228,33.7565,31.1619,135.0261,137.6208,0.02856857,0.02911754,0.00142843,3.5298,3.5597,0.1410,3.6692,0.2905,102.7475,26.0217,3.1802,3.7422,2.0771,4.0878,4.1543,6.1317,6.2314,7.1537,3.1157,-1.022,1.524396,1.75,0.863492,29,159,71,5,0.34046406,0.03571071,0.04850756,0E-8,0.000000,0.901534,0.000000,-0.01940280,2026-05-27,2026-07-31,46,581,334,66,0.696970,0.849821,0.900951,1.134880,,,,,,,,GLOBAL_BASELINE_NO_ENTITY_RANKING,,,NOT_APPLICABLE_GLOBAL_BASELINE,HF9g-P5,,,,X 全窗基线 · 不参与实体赏罚,6878737,688,A168_HF9F_20260827_0900,2026-08-27 09:00:00
2026-07-25,132190460,2155,0,16.3512242980,-4.2921963782,-4.2921963782,0.3333333,4,4,0.50329940000000000,0.503299400000,-0.5887925454369916,-0.5887925454369916,-0.5887925454369916,0E-17,ELIGIBLE,R03b_20260811_FULL_v1,L1_ELIGIBILITY,v2026-08-11,2026-03-21..2026-08-06,baccarat_bet02_101_all_pairs_incl_sentinel,round_win = game_pnl > 0 (decisive only),COMPATIBILITY_ONLY_NOT_PRODUCTION,4726.3868,4260.9992,168.7826,1339,1197,-0.03571071,-0.04850756,-0.02910476,-0.03571071,-168.7826,4726.3868,OK,0.0000,6.7513,4.0000,96.0000,AG03-UNRESOLVED,ALL5_LEVELS_bet23_to_bet27,6.7513,6.7513,6.7513,6.7513,6.7513,4.000000,4.000000,4.000000,4.000000,4.000000,96.000000,96.000000,96.000000,96.000000,96.000000,5.0,33.7565,31.1619,135.0261,137.6208,PENDING_AG03,FALSE,NOT_FOR_ENFORCEMENT,162.0313,4090.5592,168.7826,162.0313,6.7513,0.03571071,0.03428228,6.7513,162.0313,0.03428228,6.7513,6.7513,6.7513,6.7513,6.7513,162.0313,0.03428228,33.7565,31.1619,135.0261,137.6208,0.02856857,0.02911754,0.00142843,3.5298,3.5597,0.1410,3.6692,0.2905,102.7475,26.0217,3.1802,3.7422,2.0771,4.0878,4.1543,6.1317,6.2314,7.1537,3.1157,-1.022,1.524396,1.75,0.863492,29,159,71,5,0.34046406,0.03571071,0.04850756,0E-8,0.000000,0.901534,0.000000,-0.01940280,2026-05-27,2026-07-31,46,581,334,66,0.696970,0.849821,0.900951,1.134880,,,,,,,,GLOBAL_BASELINE_NO_ENTITY_RANKING,,,NOT_APPLICABLE_GLOBAL_BASELINE,HF9g-P5,,,,X 全窗基线 · 不参与实体赏罚,6878738,688,A168_HF9F_20260827_0900,2026-08-27 09:00:00
2026-07-25,132190460,2196,0,11.2414667048,-11.2414667048,-11.2414667048,0E-7,3,2,0.47503293125030475,0.400287425000,-1.3452742402320494,-1.1553920997617628,-1.3452742402320494,0.07474550625030475,ELIGIBLE,R03b_20260811_FULL_v1,L1_ELIGIBILITY,v2026-08-11,2026-03-21..2026-08-06,baccarat_bet02_101_all_pairs_incl_sentinel,round_win = game_pnl > 0 (decisive only),COMPATIBILITY_ONLY_NOT_PRODUCTION,4726.3868,4260.9992,168.7826,1339,1197,-0.03571071,-0.04850756,-0.02910476,-0.03571071,-168.7826,4726.3868,OK,0.0000,6.7513,4.0000,96.0000,AG03-UNRESOLVED,ALL5_LEVELS_bet23_to_bet27,6.7513,6.7513,6.7513,6.7513,6.7513,4.000000,4.000000,4.000000,4.000000,4.000000,96.000000,96.000000,96.000000,96.000000,96.000000,5.0,33.7565,31.1619,135.0261,137.6208,PENDING_AG03,FALSE,NOT_FOR_ENFORCEMENT,162.0313,4090.5592,168.7826,162.0313,6.7513,0.03571071,0.03428228,6.7513,162.0313,0.03428228,6.7513,6.7513,6.7513,6.7513,6.7513,162.0313,0.03428228,33.7565,31.1619,135.0261,137.6208,0.02856857,0.02911754,0.00142843,3.5298,3.5597,0.1410,3.6692,0.2905,102.7475,26.0217,3.1802,3.7422,2.0771,4.0878,4.1543,6.1317,6.2314,7.1537,3.1157,-1.022,1.524396,1.75,0.863492,29,159,71,5,0.34046406,0.03571071,0.04850756,0E-8,0.000000,0.901534,0.000000,-0.01940280,2026-05-27,2026-07-31,46,581,334,66,0.696970,0.849821,0.900951,1.134880,,,,,,,,GLOBAL_BASELINE_NO_ENTITY_RANKING,,,NOT_APPLICABLE_GLOBAL_BASELINE,HF9g-P5,,,,X 全窗基线 · 不参与实体赏罚,6878739,688,A168_HF9F_20260827_0900,2026-08-27 09:00:00
2026-07-25,132190460,2209,0,6.1317091117,3.8323181948,3.8323181948,1.0000000,2,1,0.43797605000111999,0.300626750000,1.1327973652284844,1.5252488199758223,1.1327973652284844,0.13734930000111999,ELIGIBLE,R03b_20260811_FULL_v1,L1_ELIGIBILITY,v2026-08-11,2026-03-21..2026-08-06,baccarat_bet02_101_all_pairs_incl_sentinel,round_win = game_pnl > 0 (decisive only),COMPATIBILITY_ONLY_NOT_PRODUCTION,4726.3868,4260.9992,168.7826,1339,1197,-0.03571071,-0.04850756,-0.02910476,-0.03571071,-168.7826,4726.3868,OK,0.0000,6.7513,4.0000,96.0000,AG03-UNRESOLVED,ALL5_LEVELS_bet23_to_bet27,6.7513,6.7513,6.7513,6.7513,6.7513,4.000000,4.000000,4.000000,4.000000,4.000000,96.000000,96.000000,96.000000,96.000000,96.000000,5.0,33.7565,31.1619,135.0261,137.6208,PENDING_AG03,FALSE,NOT_FOR_ENFORCEMENT,162.0313,4090.5592,168.7826,162.0313,6.7513,0.03571071,0.03428228,6.7513,162.0313,0.03428228,6.7513,6.7513,6.7513,6.7513,6.7513,162.0313,0.03428228,33.7565,31.1619,135.0261,137.6208,0.02856857,0.02911754,0.00142843,3.5298,3.5597,0.1410,3.6692,0.2905,102.7475,26.0217,3.1802,3.7422,2.0771,4.0878,4.1543,6.1317,6.2314,7.1537,3.1157,-1.022,1.524396,1.75,0.863492,29,159,71,5,0.34046406,0.03571071,0.04850756,0E-8,0.000000,0.901534,0.000000,-0.01940280,2026-05-27,2026-07-31,46,581,334,66,0.696970,0.849821,0.900951,1.134880,,,,,,,,GLOBAL_BASELINE_NO_ENTITY_RANKING,,,NOT_APPLICABLE_GLOBAL_BASELINE,HF9g-P5,,,,X 全窗基线 · 不参与实体赏罚,6878740,688,A168_HF9F_20260827_0900,2026-08-27 09:00:00
2026-07-25,132190460,2216,0,6.1317091117,-6.1317091117,-6.1317091117,0E-7,2,1,0.43797605000111999,0.300626750000,-0.8827704148113908,-0.655630731788307,-0.8827704148113908,0.13734930000111999,ELIGIBLE,R03b_20260811_FULL_v1,L1_ELIGIBILITY,v2026-08-11,2026-03-21..2026-08-06,baccarat_bet02_101_all_pairs_incl_sentinel,round_win = game_pnl > 0 (decisive only),COMPATIBILITY_ONLY_NOT_PRODUCTION,4726.3868,4260.9992,168.7826,1339,1197,-0.03571071,-0.04850756,-0.02910476,-0.03571071,-168.7826,4726.3868,OK,0.0000,6.7513,4.0000,96.0000,AG03-UNRESOLVED,ALL5_LEVELS_bet23_to_bet27,6.7513,6.7513,6.7513,6.7513,6.7513,4.000000,4.000000,4.000000,4.000000,4.000000,96.000000,96.000000,96.000000,96.000000,96.000000,5.0,33.7565,31.1619,135.0261,137.6208,PENDING_AG03,FALSE,NOT_FOR_ENFORCEMENT,162.0313,4090.5592,168.7826,162.0313,6.7513,0.03571071,0.03428228,6.7513,162.0313,0.03428228,6.7513,6.7513,6.7513,6.7513,6.7513,162.0313,0.03428228,33.7565,31.1619,135.0261,137.6208,0.02856857,0.02911754,0.00142843,3.5298,3.5597,0.1410,3.6692,0.2905,102.7475,26.0217,3.1802,3.7422,2.0771,4.0878,4.1543,6.1317,6.2314,7.1537,3.1157,-1.022,1.524396,1.75,0.863492,29,159,71,5,0.34046406,0.03571071,0.04850756,0E-8,0.000000,0.901534,0.000000,-0.01940280,2026-05-27,2026-07-31,46,581,334,66,0.696970,0.849821,0.900951,1.134880,,,,,,,,GLOBAL_BASELINE_NO_ENTITY_RANKING,,,NOT_APPLICABLE_GLOBAL_BASELINE,HF9g-P5,,,,X 全窗基线 · 不参与实体赏罚,6878741,688,A168_HF9F_20260827_0900,2026-08-27 09:00:00
2026-07-25,132190460,2229,0,12.2634182234,-2.0439030372,-2.0439030372,0.5000000,4,2,0.43239055000110178,0.297275450000,0.19300097157212895,0.6272624026875385,0.19300097157212895,0.13511510000110178,ELIGIBLE,R03b_20260811_FULL_v1,L1_ELIGIBILITY,v2026-08-11,2026-03-21..2026-08-06,baccarat_bet02_101_all_pairs_incl_sentinel,round_win = game_pnl > 0 (decisive only),COMPATIBILITY_ONLY_NOT_PRODUCTION,4726.3868,4260.9992,168.7826,1339,1197,-0.03571071,-0.04850756,-0.02910476,-0.03571071,-168.7826,4726.3868,OK,0.0000,6.7513,4.0000,96.0000,AG03-UNRESOLVED,ALL5_LEVELS_bet23_to_bet27,6.7513,6.7513,6.7513,6.7513,6.7513,4.000000,4.000000,4.000000,4.000000,4.000000,96.000000,96.000000,96.000000,96.000000,96.000000,5.0,33.7565,31.1619,135.0261,137.6208,PENDING_AG03,FALSE,NOT_FOR_ENFORCEMENT,162.0313,4090.5592,168.7826,162.0313,6.7513,0.03571071,0.03428228,6.7513,162.0313,0.03428228,6.7513,6.7513,6.7513,6.7513,6.7513,162.0313,0.03428228,33.7565,31.1619,135.0261,137.6208,0.02856857,0.02911754,0.00142843,3.5298,3.5597,0.1410,3.6692,0.2905,102.7475,26.0217,3.1802,3.7422,2.0771,4.0878,4.1543,6.1317,6.2314,7.1537,3.1157,-1.022,1.524396,1.75,0.863492,29,159,71,5,0.34046406,0.03571071,0.04850756,0E-8,0.000000,0.901534,0.000000,-0.01940280,2026-05-27,2026-07-31,46,581,334,66,0.696970,0.849821,0.900951,1.134880,,,,,,,,GLOBAL_BASELINE_NO_ENTITY_RANKING,,,NOT_APPLICABLE_GLOBAL_BASELINE,HF9g-P5,,,,X 全窗基线 · 不参与实体赏罚,6878742,688,A168_HF9F_20260827_0900,2026-08-27 09:00:00
2026-07-25,132190460,772,0,4.0878060745,-4.0878060745,-4.0878060745,0E-7,1,1,0.50665070000000000,0.506650700000,-1.013391052207602,-1.013391052207602,-1.013391052207602,0E-17,ELIGIBLE,R03b_20260811_FULL_v1,L1_ELIGIBILITY,v2026-08-11,2026-03-21..2026-08-06,baccarat_bet02_101_all_pairs_incl_sentinel,round_win = game_pnl > 0 (decisive only),COMPATIBILITY_ONLY_NOT_PRODUCTION,4726.3868,4260.9992,168.7826,1339,1197,-0.03571071,-0.04850756,-0.02910476,-0.03571071,-168.7826,4726.3868,OK,0.0000,6.7513,4.0000,96.0000,AG03-UNRESOLVED,ALL5_LEVELS_bet23_to_bet27,6.7513,6.7513,6.7513,6.7513,6.7513,4.000000,4.000000,4.000000,4.000000,4.000000,96.000000,96.000000,96.000000,96.000000,96.000000,5.0,33.7565,31.1619,135.0261,137.6208,PENDING_AG03,FALSE,NOT_FOR_ENFORCEMENT,162.0313,4090.5592,168.7826,162.0313,6.7513,0.03571071,0.03428228,6.7513,162.0313,0.03428228,6.7513,6.7513,6.7513,6.7513,6.7513,162.0313,0.03428228,33.7565,31.1619,135.0261,137.6208,0.02856857,0.02911754,0.00142843,3.5298,3.5597,0.1410,3.6692,0.2905,102.7475,26.0217,3.1802,3.7422,2.0771,4.0878,4.1543,6.1317,6.2314,7.1537,3.1157,-1.022,1.524396,1.75,0.863492,29,159,71,5,0.34046406,0.03571071,0.04850756,0E-8,0.000000,0.901534,0.000000,-0.01940280,2026-05-27,2026-07-31,46,581,334,66,0.696970,0.849821,0.900951,1.134880,,,,,,,,GLOBAL_BASELINE_NO_ENTITY_RANKING,,,NOT_APPLICABLE_GLOBAL_BASELINE,HF9g-P5,,,,X 全窗基线 · 不参与实体赏罚,6878743,688,A168_HF9F_20260827_0900,2026-08-27 09:00:00
2026-07-29,132190460,1210,0,20.4390303724,3.4746351634,3.4746351634,0.6666667,4,3,0.48137180000043195,0.433507650000,0.6423261887049733,0.8149246127763418,0.6423261887049733,0.04786415000043195,ELIGIBLE,R03b_20260811_FULL_v1,L1_ELIGIBILITY,v2026-08-11,2026-03-21..2026-08-06,baccarat_bet02_101_all_pairs_incl_sentinel,round_win = game_pnl > 0 (decisive only),COMPATIBILITY_ONLY_NOT_PRODUCTION,4726.3868,4260.9992,168.7826,1339,1197,-0.03571071,-0.04850756,-0.02910476,-0.03571071,-168.7826,4726.3868,OK,0.0000,6.7513,4.0000,96.0000,AG03-UNRESOLVED,ALL5_LEVELS_bet23_to_bet27,6.7513,6.7513,6.7513,6.7513,6.7513,4.000000,4.000000,4.000000,4.000000,4.000000,96.000000,96.000000,96.000000,96.000000,96.000000,5.0,33.7565,31.1619,135.0261,137.6208,PENDING_AG03,FALSE,NOT_FOR_ENFORCEMENT,162.0313,4090.5592,168.7826,162.0313,6.7513,0.03571071,0.03428228,6.7513,162.0313,0.03428228,6.7513,6.7513,6.7513,6.7513,6.7513,162.0313,0.03428228,33.7565,31.1619,135.0261,137.6208,0.02856857,0.02911754,0.00142843,3.5298,3.5597,0.1410,3.6692,0.2905,102.7475,26.0217,3.1802,3.7422,2.0771,4.0878,4.1543,6.1317,6.2314,7.1537,3.1157,-1.022,1.524396,1.75,0.863492,29,159,71,5,0.34046406,0.03571071,0.04850756,0E-8,0.000000,0.901534,0.000000,-0.01940280,2026-05-27,2026-07-31,46,581,334,66,0.696970,0.849821,0.900951,1.134880,,,,,,,,GLOBAL_BASELINE_NO_ENTITY_RANKING,,,NOT_APPLICABLE_GLOBAL_BASELINE,HF9g-P5,,,,X 全窗基线 · 不参与实体赏罚,6878744,688,A168_HF9F_20260827_0900,2026-08-27 09:00:00
2026-07-29,132190460,1382,0,6.1317091117,8.1756121490,8.1756121490,1.0000000,2,1,0.42680505000108356,0.293924150000,1.1588744902311756,1.549915577879723,1.1588744902311756,0.13288090000108356,ELIGIBLE,R03b_20260811_FULL_v1,L1_ELIGIBILITY,v2026-08-11,2026-03-21..2026-08-06,baccarat_bet02_101_all_pairs_incl_sentinel,round_win = game_pnl > 0 (decisive only),COMPATIBILITY_ONLY_NOT_PRODUCTION,4726.3868,4260.9992,168.7826,1339,1197,-0.03571071,-0.04850756,-0.02910476,-0.03571071,-168.7826,4726.3868,OK,0.0000,6.7513,4.0000,96.0000,AG03-UNRESOLVED,ALL5_LEVELS_bet23_to_bet27,6.7513,6.7513,6.7513,6.7513,6.7513,4.000000,4.000000,4.000000,4.000000,4.000000,96.000000,96.000000,96.000000,96.000000,96.000000,5.0,33.7565,31.1619,135.0261,137.6208,PENDING_AG03,FALSE,NOT_FOR_ENFORCEMENT,162.0313,4090.5592,168.7826,162.0313,6.7513,0.03571071,0.03428228,6.7513,162.0313,0.03428228,6.7513,6.7513,6.7513,6.7513,6.7513,162.0313,0.03428228,33.7565,31.1619,135.0261,137.6208,0.02856857,0.02911754,0.00142843,3.5298,3.5597,0.1410,3.6692,0.2905,102.7475,26.0217,3.1802,3.7422,2.0771,4.0878,4.1543,6.1317,6.2314,7.1537,3.1157,-1.022,1.524396,1.75,0.863492,29,159,71,5,0.34046406,0.03571071,0.04850756,0E-8,0.000000,0.901534,0.000000,-0.01940280,2026-05-27,2026-07-31,46,581,334,66,0.696970,0.849821,0.900951,1.134880,,,,,,,,GLOBAL_BASELINE_NO_ENTITY_RANKING,,,NOT_APPLICABLE_GLOBAL_BASELINE,HF9g-P5,,,,X 全窗基线 · 不参与实体赏罚,6878745,688,A168_HF9F_20260827_0900,2026-08-27 09:00:00
2026-07-29,132190460,1947,0,4.9053672894,-4.9053672894,-4.9053672894,0E-7,1,1,0.49324550000000000,0.493245500000,-0.9865810262130424,-0.9865810262130424,-0.9865810262130424,0E-17,ELIGIBLE,R03b_20260811_FULL_v1,L1_ELIGIBILITY,v2026-08-11,2026-03-21..2026-08-06,baccarat_bet02_101_all_pairs_incl_sentinel,round_win = game_pnl > 0 (decisive only),COMPATIBILITY_ONLY_NOT_PRODUCTION,4726.3868,4260.9992,168.7826,1339,1197,-0.03571071,-0.04850756,-0.02910476,-0.03571071,-168.7826,4726.3868,OK,0.0000,6.7513,4.0000,96.0000,AG03-UNRESOLVED,ALL5_LEVELS_bet23_to_bet27,6.7513,6.7513,6.7513,6.7513,6.7513,4.000000,4.000000,4.000000,4.000000,4.000000,96.000000,96.000000,96.000000,96.000000,96.000000,5.0,33.7565,31.1619,135.0261,137.6208,PENDING_AG03,FALSE,NOT_FOR_ENFORCEMENT,162.0313,4090.5592,168.7826,162.0313,6.7513,0.03571071,0.03428228,6.7513,162.0313,0.03428228,6.7513,6.7513,6.7513,6.7513,6.7513,162.0313,0.03428228,33.7565,31.1619,135.0261,137.6208,0.02856857,0.02911754,0.00142843,3.5298,3.5597,0.1410,3.6692,0.2905,102.7475,26.0217,3.1802,3.7422,2.0771,4.0878,4.1543,6.1317,6.2314,7.1537,3.1157,-1.022,1.524396,1.75,0.863492,29,159,71,5,0.34046406,0.03571071,0.04850756,0E-8,0.000000,0.901534,0.000000,-0.01940280,2026-05-27,2026-07-31,46,581,334,66,0.696970,0.849821,0.900951,1.134880,,,,,,,,GLOBAL_BASELINE_NO_ENTITY_RANKING,,,NOT_APPLICABLE_GLOBAL_BASELINE,HF9g-P5,,,,X 全窗基线 · 不参与实体赏罚,6878746,688,A168_HF9F_20260827_0900,2026-08-27 09:00:00
2026-07-29,132190460,1994,0,6.1317091118,-3.0658545559,-3.0658545559,0E-7,2,2,0.49324550000000000,0.493245500000,-0.9865810262130424,-0.9865810262130424,-0.9865810262130424,0E-17,ELIGIBLE,R03b_20260811_FULL_v1,L1_ELIGIBILITY,v2026-08-11,2026-03-21..2026-08-06,baccarat_bet02_101_all_pairs_incl_sentinel,round_win = game_pnl > 0 (decisive only),COMPATIBILITY_ONLY_NOT_PRODUCTION,4726.3868,4260.9992,168.7826,1339,1197,-0.03571071,-0.04850756,-0.02910476,-0.03571071,-168.7826,4726.3868,OK,0.0000,6.7513,4.0000,96.0000,AG03-UNRESOLVED,ALL5_LEVELS_bet23_to_bet27,6.7513,6.7513,6.7513,6.7513,6.7513,4.000000,4.000000,4.000000,4.000000,4.000000,96.000000,96.000000,96.000000,96.000000,96.000000,5.0,33.7565,31.1619,135.0261,137.6208,PENDING_AG03,FALSE,NOT_FOR_ENFORCEMENT,162.0313,4090.5592,168.7826,162.0313,6.7513,0.03571071,0.03428228,6.7513,162.0313,0.03428228,6.7513,6.7513,6.7513,6.7513,6.7513,162.0313,0.03428228,33.7565,31.1619,135.0261,137.6208,0.02856857,0.02911754,0.00142843,3.5298,3.5597,0.1410,3.6692,0.2905,102.7475,26.0217,3.1802,3.7422,2.0771,4.0878,4.1543,6.1317,6.2314,7.1537,3.1157,-1.022,1.524396,1.75,0.863492,29,159,71,5,0.34046406,0.03571071,0.04850756,0E-8,0.000000,0.901534,0.000000,-0.01940280,2026-05-27,2026-07-31,46,581,334,66,0.696970,0.849821,0.900951,1.134880,,,,,,,,GLOBAL_BASELINE_NO_ENTITY_RANKING,,,NOT_APPLICABLE_GLOBAL_BASELINE,HF9g-P5,,,,X 全窗基线 · 不参与实体赏罚,6878747,688,A168_HF9F_20260827_0900,2026-08-27 09:00:00
2026-07-29,132190460,2101,0,41.9000122634,1.1752442464,1.1752442464,0.6000000,6,6,0.50218230000000000,0.502182300000,0.4374582199563857,0.4374582199563857,0.4374582199563857,0E-17,ELIGIBLE,R03b_20260811_FULL_v1,L1_ELIGIBILITY,v2026-08-11,2026-03-21..2026-08-06,baccarat_bet02_101_all_pairs_incl_sentinel,round_win = game_pnl > 0 (decisive only),COMPATIBILITY_ONLY_NOT_PRODUCTION,4726.3868,4260.9992,168.7826,1339,1197,-0.03571071,-0.04850756,-0.02910476,-0.03571071,-168.7826,4726.3868,OK,0.0000,6.7513,4.0000,96.0000,AG03-UNRESOLVED,ALL5_LEVELS_bet23_to_bet27,6.7513,6.7513,6.7513,6.7513,6.7513,4.000000,4.000000,4.000000,4.000000,4.000000,96.000000,96.000000,96.000000,96.000000,96.000000,5.0,33.7565,31.1619,135.0261,137.6208,PENDING_AG03,FALSE,NOT_FOR_ENFORCEMENT,162.0313,4090.5592,168.7826,162.0313,6.7513,0.03571071,0.03428228,6.7513,162.0313,0.03428228,6.7513,6.7513,6.7513,6.7513,6.7513,162.0313,0.03428228,33.7565,31.1619,135.0261,137.6208,0.02856857,0.02911754,0.00142843,3.5298,3.5597,0.1410,3.6692,0.2905,102.7475,26.0217,3.1802,3.7422,2.0771,4.0878,4.1543,6.1317,6.2314,7.1537,3.1157,-1.022,1.524396,1.75,0.863492,29,159,71,5,0.34046406,0.03571071,0.04850756,0E-8,0.000000,0.901534,0.000000,-0.01940280,2026-05-27,2026-07-31,46,581,334,66,0.696970,0.849821,0.900951,1.134880,,,,,,,,GLOBAL_BASELINE_NO_ENTITY_RANKING,,,NOT_APPLICABLE_GLOBAL_BASELINE,HF9g-P5,,,,X 全窗基线 · 不参与实体赏罚,6878748,688,A168_HF9F_20260827_0900,2026-08-27 09:00:00
2026-07-29,132190460,2169,0,10.6282957937,-2.6570739484,-2.6570739484,0.5000000,2,2,0.49994810000000000,0.499948100000,0.00014679536856514622,0.00014679536856514622,0.00014679536856514622,0E-17,ELIGIBLE,R03b_20260811_FULL_v1,L1_ELIGIBILITY,v2026-08-11,2026-03-21..2026-08-06,baccarat_bet02_101_all_pairs_incl_sentinel,round_win = game_pnl > 0 (decisive only),COMPATIBILITY_ONLY_NOT_PRODUCTION,4726.3868,4260.9992,168.7826,1339,1197,-0.03571071,-0.04850756,-0.02910476,-0.03571071,-168.7826,4726.3868,OK,0.0000,6.7513,4.0000,96.0000,AG03-UNRESOLVED,ALL5_LEVELS_bet23_to_bet27,6.7513,6.7513,6.7513,6.7513,6.7513,4.000000,4.000000,4.000000,4.000000,4.000000,96.000000,96.000000,96.000000,96.000000,96.000000,5.0,33.7565,31.1619,135.0261,137.6208,PENDING_AG03,FALSE,NOT_FOR_ENFORCEMENT,162.0313,4090.5592,168.7826,162.0313,6.7513,0.03571071,0.03428228,6.7513,162.0313,0.03428228,6.7513,6.7513,6.7513,6.7513,6.7513,162.0313,0.03428228,33.7565,31.1619,135.0261,137.6208,0.02856857,0.02911754,0.00142843,3.5298,3.5597,0.1410,3.6692,0.2905,102.7475,26.0217,3.1802,3.7422,2.0771,4.0878,4.1543,6.1317,6.2314,7.1537,3.1157,-1.022,1.524396,1.75,0.863492,29,159,71,5,0.34046406,0.03571071,0.04850756,0E-8,0.000000,0.901534,0.000000,-0.01940280,2026-05-27,2026-07-31,46,581,334,66,0.696970,0.849821,0.900951,1.134880,,,,,,,,GLOBAL_BASELINE_NO_ENTITY_RANKING,,,NOT_APPLICABLE_GLOBAL_BASELINE,HF9g-P5,,,,X 全窗基线 · 不参与实体赏罚,6878749,688,A168_HF9F_20260827_0900,2026-08-27 09:00:00
2026-07-29,132190460,2170,0,16.7600049054,16.1774925397,16.1774925397,1.0000000,3,3,0.50218230000000000,0.502182300000,1.724507524396475,1.7245075243964754,1.724507524396475,0E-17,ELIGIBLE,R03b_20260811_FULL_v1,L1_ELIGIBILITY,v2026-08-11,2026-03-21..2026-08-06,baccarat_bet02_101_all_pairs_incl_sentinel,round_win = game_pnl > 0 (decisive only),COMPATIBILITY_ONLY_NOT_PRODUCTION,4726.3868,4260.9992,168.7826,1339,1197,-0.03571071,-0.04850756,-0.02910476,-0.03571071,-168.7826,4726.3868,OK,0.0000,6.7513,4.0000,96.0000,AG03-UNRESOLVED,ALL5_LEVELS_bet23_to_bet27,6.7513,6.7513,6.7513,6.7513,6.7513,4.000000,4.000000,4.000000,4.000000,4.000000,96.000000,96.000000,96.000000,96.000000,96.000000,5.0,33.7565,31.1619,135.0261,137.6208,PENDING_AG03,FALSE,NOT_FOR_ENFORCEMENT,162.0313,4090.5592,168.7826,162.0313,6.7513,0.03571071,0.03428228,6.7513,162.0313,0.03428228,6.7513,6.7513,6.7513,6.7513,6.7513,162.0313,0.03428228,33.7565,31.1619,135.0261,137.6208,0.02856857,0.02911754,0.00142843,3.5298,3.5597,0.1410,3.6692,0.2905,102.7475,26.0217,3.1802,3.7422,2.0771,4.0878,4.1543,6.1317,6.2314,7.1537,3.1157,-1.022,1.524396,1.75,0.863492,29,159,71,5,0.34046406,0.03571071,0.04850756,0E-8,0.000000,0.901534,0.000000,-0.01940280,2026-05-27,2026-07-31,46,581,334,66,0.696970,0.849821,0.900951,1.134880,,,,,,,,GLOBAL_BASELINE_NO_ENTITY_RANKING,,,NOT_APPLICABLE_GLOBAL_BASELINE,HF9g-P5,,,,X 全窗基线 · 不参与实体赏罚,6878750,688,A168_HF9F_20260827_0900,2026-08-27 09:00:00
2026-07-29,132190460,2288,0,26.5707394841,-4.6498794098,-4.6498794098,0.5000000,4,4,0.50665070000000000,0.506650700000,-0.02660515369234503,-0.02660515369234503,-0.02660515369234503,0E-17,ELIGIBLE,R03b_20260811_FULL_v1,L1_ELIGIBILITY,v2026-08-11,2026-03-21..2026-08-06,baccarat_bet02_101_all_pairs_incl_sentinel,round_win = game_pnl > 0 (decisive only),COMPATIBILITY_ONLY_NOT_PRODUCTION,4726.3868,4260.9992,168.7826,1339,1197,-0.03571071,-0.04850756,-0.02910476,-0.03571071,-168.7826,4726.3868,OK,0.0000,6.7513,4.0000,96.0000,AG03-UNRESOLVED,ALL5_LEVELS_bet23_to_bet27,6.7513,6.7513,6.7513,6.7513,6.7513,4.000000,4.000000,4.000000,4.000000,4.000000,96.000000,96.000000,96.000000,96.000000,96.000000,5.0,33.7565,31.1619,135.0261,137.6208,PENDING_AG03,FALSE,NOT_FOR_ENFORCEMENT,162.0313,4090.5592,168.7826,162.0313,6.7513,0.03571071,0.03428228,6.7513,162.0313,0.03428228,6.7513,6.7513,6.7513,6.7513,6.7513,162.0313,0.03428228,33.7565,31.1619,135.0261,137.6208,0.02856857,0.02911754,0.00142843,3.5298,3.5597,0.1410,3.6692,0.2905,102.7475,26.0217,3.1802,3.7422,2.0771,4.0878,4.1543,6.1317,6.2314,7.1537,3.1157,-1.022,1.524396,1.75,0.863492,29,159,71,5,0.34046406,0.03571071,0.04850756,0E-8,0.000000,0.901534,0.000000,-0.01940280,2026-05-27,2026-07-31,46,581,334,66,0.696970,0.849821,0.900951,1.134880,,,,,,,,GLOBAL_BASELINE_NO_ENTITY_RANKING,,,NOT_APPLICABLE_GLOBAL_BASELINE,HF9g-P5,,,,X 全窗基线 · 不参与实体赏罚,6878751,688,A168_HF9F_20260827_0900,2026-08-27 09:00:00
2026-07-31,132190460,1331,0,10.2195151862,-2.0439030372,-2.0439030372,0.5000000,3,2,0.46561077500056000,0.396936125000,0.09749829679085724,0.29790616794075786,0.09749829679085724,0.06867465000056000,ELIGIBLE,R03b_20260811_FULL_v1,L1_ELIGIBILITY,v2026-08-11,2026-03-21..2026-08-06,baccarat_bet02_101_all_pairs_incl_sentinel,round_win = game_pnl > 0 (decisive only),COMPATIBILITY_ONLY_NOT_PRODUCTION,4726.3868,4260.9992,168.7826,1339,1197,-0.03571071,-0.04850756,-0.02910476,-0.03571071,-168.7826,4726.3868,OK,0.0000,6.7513,4.0000,96.0000,AG03-UNRESOLVED,ALL5_LEVELS_bet23_to_bet27,6.7513,6.7513,6.7513,6.7513,6.7513,4.000000,4.000000,4.000000,4.000000,4.000000,96.000000,96.000000,96.000000,96.000000,96.000000,5.0,33.7565,31.1619,135.0261,137.6208,PENDING_AG03,FALSE,NOT_FOR_ENFORCEMENT,162.0313,4090.5592,168.7826,162.0313,6.7513,0.03571071,0.03428228,6.7513,162.0313,0.03428228,6.7513,6.7513,6.7513,6.7513,6.7513,162.0313,0.03428228,33.7565,31.1619,135.0261,137.6208,0.02856857,0.02911754,0.00142843,3.5298,3.5597,0.1410,3.6692,0.2905,102.7475,26.0217,3.1802,3.7422,2.0771,4.0878,4.1543,6.1317,6.2314,7.1537,3.1157,-1.022,1.524396,1.75,0.863492,29,159,71,5,0.34046406,0.03571071,0.04850756,0E-8,0.000000,0.901534,0.000000,-0.01940280,2026-05-27,2026-07-31,46,581,334,66,0.696970,0.849821,0.900951,1.134880,,,,,,,,GLOBAL_BASELINE_NO_ENTITY_RANKING,,,NOT_APPLICABLE_GLOBAL_BASELINE,HF9g-P5,,,,X 全窗基线 · 不参与实体赏罚,6878752,688,A168_HF9F_20260827_0900,2026-08-27 09:00:00
2026-07-31,132190460,1384,0,3.0658545559,-3.0658545559,-3.0658545559,0E-7,1,1,0.50665070000000000,0.506650700000,-1.013391052207602,-1.013391052207602,-1.013391052207602,0E-17,ELIGIBLE,R03b_20260811_FULL_v1,L1_ELIGIBILITY,v2026-08-11,2026-03-21..2026-08-06,baccarat_bet02_101_all_pairs_incl_sentinel,round_win = game_pnl > 0 (decisive only),COMPATIBILITY_ONLY_NOT_PRODUCTION,4726.3868,4260.9992,168.7826,1339,1197,-0.03571071,-0.04850756,-0.02910476,-0.03571071,-168.7826,4726.3868,OK,0.0000,6.7513,4.0000,96.0000,AG03-UNRESOLVED,ALL5_LEVELS_bet23_to_bet27,6.7513,6.7513,6.7513,6.7513,6.7513,4.000000,4.000000,4.000000,4.000000,4.000000,96.000000,96.000000,96.000000,96.000000,96.000000,5.0,33.7565,31.1619,135.0261,137.6208,PENDING_AG03,FALSE,NOT_FOR_ENFORCEMENT,162.0313,4090.5592,168.7826,162.0313,6.7513,0.03571071,0.03428228,6.7513,162.0313,0.03428228,6.7513,6.7513,6.7513,6.7513,6.7513,162.0313,0.03428228,33.7565,31.1619,135.0261,137.6208,0.02856857,0.02911754,0.00142843,3.5298,3.5597,0.1410,3.6692,0.2905,102.7475,26.0217,3.1802,3.7422,2.0771,4.0878,4.1543,6.1317,6.2314,7.1537,3.1157,-1.022,1.524396,1.75,0.863492,29,159,71,5,0.34046406,0.03571071,0.04850756,0E-8,0.000000,0.901534,0.000000,-0.01940280,2026-05-27,2026-07-31,46,581,334,66,0.696970,0.849821,0.900951,1.134880,,,,,,,,GLOBAL_BASELINE_NO_ENTITY_RANKING,,,NOT_APPLICABLE_GLOBAL_BASELINE,HF9g-P5,,,,X 全窗基线 · 不参与实体赏罚,6878753,688,A168_HF9F_20260827_0900,2026-08-27 09:00:00
2026-07-31,132190460,1994,0,11.2414667049,13.1320770144,13.1320770144,1.0000000,5,3,0.43462475000165266,0.367067200000,1.9754761773774856,2.274398912575905,1.9754761773774856,0.06755755000165266,ELIGIBLE,R03b_20260811_FULL_v1,L1_ELIGIBILITY,v2026-08-11,2026-03-21..2026-08-06,baccarat_bet02_101_all_pairs_incl_sentinel,round_win = game_pnl > 0 (decisive only),COMPATIBILITY_ONLY_NOT_PRODUCTION,4726.3868,4260.9992,168.7826,1339,1197,-0.03571071,-0.04850756,-0.02910476,-0.03571071,-168.7826,4726.3868,OK,0.0000,6.7513,4.0000,96.0000,AG03-UNRESOLVED,ALL5_LEVELS_bet23_to_bet27,6.7513,6.7513,6.7513,6.7513,6.7513,4.000000,4.000000,4.000000,4.000000,4.000000,96.000000,96.000000,96.000000,96.000000,96.000000,5.0,33.7565,31.1619,135.0261,137.6208,PENDING_AG03,FALSE,NOT_FOR_ENFORCEMENT,162.0313,4090.5592,168.7826,162.0313,6.7513,0.03571071,0.03428228,6.7513,162.0313,0.03428228,6.7513,6.7513,6.7513,6.7513,6.7513,162.0313,0.03428228,33.7565,31.1619,135.0261,137.6208,0.02856857,0.02911754,0.00142843,3.5298,3.5597,0.1410,3.6692,0.2905,102.7475,26.0217,3.1802,3.7422,2.0771,4.0878,4.1543,6.1317,6.2314,7.1537,3.1157,-1.022,1.524396,1.75,0.863492,29,159,71,5,0.34046406,0.03571071,0.04850756,0E-8,0.000000,0.901534,0.000000,-0.01940280,2026-05-27,2026-07-31,46,581,334,66,0.696970,0.849821,0.900951,1.134880,,,,,,,,GLOBAL_BASELINE_NO_ENTITY_RANKING,,,NOT_APPLICABLE_GLOBAL_BASELINE,HF9g-P5,,,,X 全窗基线 · 不参与实体赏罚,6878754,688,A168_HF9F_20260827_0900,2026-08-27 09:00:00
2026-07-31,132190460,994,0,2.0439030372,-2.0439030372,-2.0439030372,0E-7,1,1,0.49324550000000000,0.493245500000,-0.9865810262130424,-0.9865810262130424,-0.9865810262130424,0E-17,ELIGIBLE,R03b_20260811_FULL_v1,L1_ELIGIBILITY,v2026-08-11,2026-03-21..2026-08-06,baccarat_bet02_101_all_pairs_incl_sentinel,round_win = game_pnl > 0 (decisive only),COMPATIBILITY_ONLY_NOT_PRODUCTION,4726.3868,4260.9992,168.7826,1339,1197,-0.03571071,-0.04850756,-0.02910476,-0.03571071,-168.7826,4726.3868,OK,0.0000,6.7513,4.0000,96.0000,AG03-UNRESOLVED,ALL5_LEVELS_bet23_to_bet27,6.7513,6.7513,6.7513,6.7513,6.7513,4.000000,4.000000,4.000000,4.000000,4.000000,96.000000,96.000000,96.000000,96.000000,96.000000,5.0,33.7565,31.1619,135.0261,137.6208,PENDING_AG03,FALSE,NOT_FOR_ENFORCEMENT,162.0313,4090.5592,168.7826,162.0313,6.7513,0.03571071,0.03428228,6.7513,162.0313,0.03428228,6.7513,6.7513,6.7513,6.7513,6.7513,162.0313,0.03428228,33.7565,31.1619,135.0261,137.6208,0.02856857,0.02911754,0.00142843,3.5298,3.5597,0.1410,3.6692,0.2905,102.7475,26.0217,3.1802,3.7422,2.0771,4.0878,4.1543,6.1317,6.2314,7.1537,3.1157,-1.022,1.524396,1.75,0.863492,29,159,71,5,0.34046406,0.03571071,0.04850756,0E-8,0.000000,0.901534,0.000000,-0.01940280,2026-05-27,2026-07-31,46,581,334,66,0.696970,0.849821,0.900951,1.134880,,,,,,,,GLOBAL_BASELINE_NO_ENTITY_RANKING,,,NOT_APPLICABLE_GLOBAL_BASELINE,HF9g-P5,,,,X 全窗基线 · 不参与实体赏罚,6878755,688,A168_HF9F_20260827_0900,2026-08-27 09:00:00
2026-03-24,147737509,-1,1,84.2615267136,81.3650367328,81.3650367328,1.0000000,4,4,0.49994810000000000,0.499948100000,2.0002076107755586,2.0002076107755586,2.0002076107755586,0E-17,SENTINEL_DEALER,R03b_20260811_FULL_v1,L1_ELIGIBILITY,v2026-08-11,2026-03-21..2026-08-06,baccarat_bet02_101_all_pairs_incl_sentinel,round_win = game_pnl > 0 (decisive only),COMPATIBILITY_ONLY_NOT_PRODUCTION,2749.0323,2512.0468,168.7864,46,46,-0.06139847,,-0.06139847,-0.06139847,-168.7864,2749.0323,OK,0.0000,6.7515,4.0000,96.0000,AG03-UNRESOLVED,ALL5_LEVELS_bet23_to_bet27,6.7515,8.4393,8.4393,8.4393,8.4393,4.000000,5.000000,5.000000,5.000000,5.000000,96.000000,95.000000,95.000000,95.000000,95.000000,5.0,40.5087,36.8079,128.2776,131.9785,PENDING_AG03,FALSE,NOT_FOR_ENFORCEMENT,162.0349,2411.5649,168.7864,162.0349,6.7515,0.06139847,0.05894253,6.7515,162.0349,0.05894253,6.7515,8.4393,8.4393,8.4393,8.4393,162.0349,0.05894253,40.5087,36.8079,128.2776,131.9785,0.04666284,0.04800906,0.00245594,59.7616,54.6097,3.6693,56.2621,5.1147,916.3441,15.3333,,59.7616,31.5981,53.98,68.4625,83.9982,134.2918,263.3173,52.6635,0.0,2.487805,4.878049,1.107105,21,23,1,2,0E-8,0.06139847,,0E-8,0.000000,0.913793,0.000000,,2026-03-24,2026-03-26,3,33,27,3,1.000000,,,0.000000,,,,,,,,GLOBAL_BASELINE_NO_ENTITY_RANKING,,,NOT_APPLICABLE_GLOBAL_BASELINE,HF9g-P5,,,,X 全窗基线 · 不参与实体赏罚,6878756,688,A168_HF9F_20260827_0900,2026-08-27 09:00:00
2026-03-24,147737509,1330,0,23.6985543882,-23.6985543882,-23.6985543882,0E-7,2,2,0.50665070000000000,0.506650700000,-1.4331513700195317,-1.4331513700195317,-1.4331513700195317,0E-17,ELIGIBLE,R03b_20260811_FULL_v1,L1_ELIGIBILITY,v2026-08-11,2026-03-21..2026-08-06,baccarat_bet02_101_all_pairs_incl_sentinel,round_win = game_pnl > 0 (decisive only),COMPATIBILITY_ONLY_NOT_PRODUCTION,2749.0323,2512.0468,168.7864,46,46,-0.06139847,,-0.06139847,-0.06139847,-168.7864,2749.0323,OK,0.0000,6.7515,4.0000,96.0000,AG03-UNRESOLVED,ALL5_LEVELS_bet23_to_bet27,6.7515,8.4393,8.4393,8.4393,8.4393,4.000000,5.000000,5.000000,5.000000,5.000000,96.000000,95.000000,95.000000,95.000000,95.000000,5.0,40.5087,36.8079,128.2776,131.9785,PENDING_AG03,FALSE,NOT_FOR_ENFORCEMENT,162.0349,2411.5649,168.7864,162.0349,6.7515,0.06139847,0.05894253,6.7515,162.0349,0.05894253,6.7515,8.4393,8.4393,8.4393,8.4393,162.0349,0.05894253,40.5087,36.8079,128.2776,131.9785,0.04666284,0.04800906,0.00245594,59.7616,54.6097,3.6693,56.2621,5.1147,916.3441,15.3333,,59.7616,31.5981,53.98,68.4625,83.9982,134.2918,263.3173,52.6635,0.0,2.487805,4.878049,1.107105,21,23,1,2,0E-8,0.06139847,,0E-8,0.000000,0.913793,0.000000,,2026-03-24,2026-03-26,3,33,27,3,1.000000,,,0.000000,,,,,,,,GLOBAL_BASELINE_NO_ENTITY_RANKING,,,NOT_APPLICABLE_GLOBAL_BASELINE,HF9g-P5,,,,X 全窗基线 · 不参与实体赏罚,6878757,688,A168_HF9F_20260827_0900,2026-08-27 09:00:00
2026-03-25,147737509,-1,1,144.8244990389,65.8293177449,65.8293177449,0.6666667,3,3,0.49771390000000000,0.497713900000,0.5852756695216578,0.5852756695216578,0.5852756695216578,0E-17,SENTINEL_DEALER,R03b_20260811_FULL_v1,L1_ELIGIBILITY,v2026-08-11,2026-03-21..2026-08-06,baccarat_bet02_101_all_pairs_incl_sentinel,round_win = game_pnl > 0 (decisive only),COMPATIBILITY_ONLY_NOT_PRODUCTION,2749.0323,2512.0468,168.7864,46,46,-0.06139847,,-0.06139847,-0.06139847,-168.7864,2749.0323,OK,0.0000,6.7515,4.0000,96.0000,AG03-UNRESOLVED,ALL5_LEVELS_bet23_to_bet27,6.7515,8.4393,8.4393,8.4393,8.4393,4.000000,5.000000,5.000000,5.000000,5.000000,96.000000,95.000000,95.000000,95.000000,95.000000,5.0,40.5087,36.8079,128.2776,131.9785,PENDING_AG03,FALSE,NOT_FOR_ENFORCEMENT,162.0349,2411.5649,168.7864,162.0349,6.7515,0.06139847,0.05894253,6.7515,162.0349,0.05894253,6.7515,8.4393,8.4393,8.4393,8.4393,162.0349,0.05894253,40.5087,36.8079,128.2776,131.9785,0.04666284,0.04800906,0.00245594,59.7616,54.6097,3.6693,56.2621,5.1147,916.3441,15.3333,,59.7616,31.5981,53.98,68.4625,83.9982,134.2918,263.3173,52.6635,0.0,2.487805,4.878049,1.107105,21,23,1,2,0E-8,0.06139847,,0E-8,0.000000,0.913793,0.000000,,2026-03-24,2026-03-26,3,33,27,3,1.000000,,,0.000000,,,,,,,,GLOBAL_BASELINE_NO_ENTITY_RANKING,,,NOT_APPLICABLE_GLOBAL_BASELINE,HF9g-P5,,,,X 全窗基线 · 不参与实体赏罚,6878758,688,A168_HF9F_20260827_0900,2026-08-27 09:00:00
2026-03-25,147737509,1307,0,23.6985543882,22.5136266688,22.5136266688,1.0000000,1,1,0.50665070000000000,0.506650700000,0.9867858985152569,0.9867858985152569,0.9867858985152569,0E-17,ELIGIBLE,R03b_20260811_FULL_v1,L1_ELIGIBILITY,v2026-08-11,2026-03-21..2026-08-06,baccarat_bet02_101_all_pairs_incl_sentinel,round_win = game_pnl > 0 (decisive only),COMPATIBILITY_ONLY_NOT_PRODUCTION,2749.0323,2512.0468,168.7864,46,46,-0.06139847,,-0.06139847,-0.06139847,-168.7864,2749.0323,OK,0.0000,6.7515,4.0000,96.0000,AG03-UNRESOLVED,ALL5_LEVELS_bet23_to_bet27,6.7515,8.4393,8.4393,8.4393,8.4393,4.000000,5.000000,5.000000,5.000000,5.000000,96.000000,95.000000,95.000000,95.000000,95.000000,5.0,40.5087,36.8079,128.2776,131.9785,PENDING_AG03,FALSE,NOT_FOR_ENFORCEMENT,162.0349,2411.5649,168.7864,162.0349,6.7515,0.06139847,0.05894253,6.7515,162.0349,0.05894253,6.7515,8.4393,8.4393,8.4393,8.4393,162.0349,0.05894253,40.5087,36.8079,128.2776,131.9785,0.04666284,0.04800906,0.00245594,59.7616,54.6097,3.6693,56.2621,5.1147,916.3441,15.3333,,59.7616,31.5981,53.98,68.4625,83.9982,134.2918,263.3173,52.6635,0.0,2.487805,4.878049,1.107105,21,23,1,2,0E-8,0.06139847,,0E-8,0.000000,0.913793,0.000000,,2026-03-24,2026-03-26,3,33,27,3,1.000000,,,0.000000,,,,,,,,GLOBAL_BASELINE_NO_ENTITY_RANKING,,,NOT_APPLICABLE_GLOBAL_BASELINE,HF9g-P5,,,,X 全窗基线 · 不参与实体赏罚,6878759,688,A168_HF9F_20260827_0900,2026-08-27 09:00:00
2026-03-25,147737509,1385,0,52.6634541960,-52.6634541960,-52.6634541960,0E-7,1,1,0.49324550000000000,0.493245500000,-0.9865810262130424,-0.9865810262130424,-0.9865810262130424,0E-17,ELIGIBLE,R03b_20260811_FULL_v1,L1_ELIGIBILITY,v2026-08-11,2026-03-21..2026-08-06,baccarat_bet02_101_all_pairs_incl_sentinel,round_win = game_pnl > 0 (decisive only),COMPATIBILITY_ONLY_NOT_PRODUCTION,2749.0323,2512.0468,168.7864,46,46,-0.06139847,,-0.06139847,-0.06139847,-168.7864,2749.0323,OK,0.0000,6.7515,4.0000,96.0000,AG03-UNRESOLVED,ALL5_LEVELS_bet23_to_bet27,6.7515,8.4393,8.4393,8.4393,8.4393,4.000000,5.000000,5.000000,5.000000,5.000000,96.000000,95.000000,95.000000,95.000000,95.000000,5.0,40.5087,36.8079,128.2776,131.9785,PENDING_AG03,FALSE,NOT_FOR_ENFORCEMENT,162.0349,2411.5649,168.7864,162.0349,6.7515,0.06139847,0.05894253,6.7515,162.0349,0.05894253,6.7515,8.4393,8.4393,8.4393,8.4393,162.0349,0.05894253,40.5087,36.8079,128.2776,131.9785,0.04666284,0.04800906,0.00245594,59.7616,54.6097,3.6693,56.2621,5.1147,916.3441,15.3333,,59.7616,31.5981,53.98,68.4625,83.9982,134.2918,263.3173,52.6635,0.0,2.487805,4.878049,1.107105,21,23,1,2,0E-8,0.06139847,,0E-8,0.000000,0.913793,0.000000,,2026-03-24,2026-03-26,3,33,27,3,1.000000,,,0.000000,,,,,,,,GLOBAL_BASELINE_NO_ENTITY_RANKING,,,NOT_APPLICABLE_GLOBAL_BASELINE,HF9g-P5,,,,X 全窗基线 · 不参与实体赏罚,6878760,688,A168_HF9F_20260827_0900,2026-08-27 09:00:00
2026-03-25,147737509,1645,0,63.1961450352,34.3629038629,34.3629038629,0.5000000,2,2,0.50665070000000000,0.506650700000,-0.018812684590367487,-0.018812684590367487,-0.018812684590367487,0E-17,ELIGIBLE,R03b_20260811_FULL_v1,L1_ELIGIBILITY,v2026-08-11,2026-03-21..2026-08-06,baccarat_bet02_101_all_pairs_incl_sentinel,round_win = game_pnl > 0 (decisive only),COMPATIBILITY_ONLY_NOT_PRODUCTION,2749.0323,2512.0468,168.7864,46,46,-0.06139847,,-0.06139847,-0.06139847,-168.7864,2749.0323,OK,0.0000,6.7515,4.0000,96.0000,AG03-UNRESOLVED,ALL5_LEVELS_bet23_to_bet27,6.7515,8.4393,8.4393,8.4393,8.4393,4.000000,5.000000,5.000000,5.000000,5.000000,96.000000,95.000000,95.000000,95.000000,95.000000,5.0,40.5087,36.8079,128.2776,131.9785,PENDING_AG03,FALSE,NOT_FOR_ENFORCEMENT,162.0349,2411.5649,168.7864,162.0349,6.7515,0.06139847,0.05894253,6.7515,162.0349,0.05894253,6.7515,8.4393,8.4393,8.4393,8.4393,162.0349,0.05894253,40.5087,36.8079,128.2776,131.9785,0.04666284,0.04800906,0.00245594,59.7616,54.6097,3.6693,56.2621,5.1147,916.3441,15.3333,,59.7616,31.5981,53.98,68.4625,83.9982,134.2918,263.3173,52.6635,0.0,2.487805,4.878049,1.107105,21,23,1,2,0E-8,0.06139847,,0E-8,0.000000,0.913793,0.000000,,2026-03-24,2026-03-26,3,33,27,3,1.000000,,,0.000000,,,,,,,,GLOBAL_BASELINE_NO_ENTITY_RANKING,,,NOT_APPLICABLE_GLOBAL_BASELINE,HF9g-P5,,,,X 全窗基线 · 不参与实体赏罚,6878761,688,A168_HF9F_20260827_0900,2026-08-27 09:00:00
2026-03-25,147737509,1646,0,23.6985543882,0E-10,0E-10,,1,1,0.49324550000000000,0.493245500000,,,,0E-17,NO_DECISIVE_ROUND,R03b_20260811_FULL_v1,L1_ELIGIBILITY,v2026-08-11,2026-03-21..2026-08-06,baccarat_bet02_101_all_pairs_incl_sentinel,round_win = game_pnl > 0 (decisive only),COMPATIBILITY_ONLY_NOT_PRODUCTION,2749.0323,2512.0468,168.7864,46,46,-0.06139847,,-0.06139847,-0.06139847,-168.7864,2749.0323,OK,0.0000,6.7515,4.0000,96.0000,AG03-UNRESOLVED,ALL5_LEVELS_bet23_to_bet27,6.7515,8.4393,8.4393,8.4393,8.4393,4.000000,5.000000,5.000000,5.000000,5.000000,96.000000,95.000000,95.000000,95.000000,95.000000,5.0,40.5087,36.8079,128.2776,131.9785,PENDING_AG03,FALSE,NOT_FOR_ENFORCEMENT,162.0349,2411.5649,168.7864,162.0349,6.7515,0.06139847,0.05894253,6.7515,162.0349,0.05894253,6.7515,8.4393,8.4393,8.4393,8.4393,162.0349,0.05894253,40.5087,36.8079,128.2776,131.9785,0.04666284,0.04800906,0.00245594,59.7616,54.6097,3.6693,56.2621,5.1147,916.3441,15.3333,,59.7616,31.5981,53.98,68.4625,83.9982,134.2918,263.3173,52.6635,0.0,2.487805,4.878049,1.107105,21,23,1,2,0E-8,0.06139847,,0E-8,0.000000,0.913793,0.000000,,2026-03-24,2026-03-26,3,33,27,3,1.000000,,,0.000000,,,,,,,,GLOBAL_BASELINE_NO_ENTITY_RANKING,,,NOT_APPLICABLE_GLOBAL_BASELINE,HF9g-P5,,,,X 全窗基线 · 不参与实体赏罚,6878762,688,A168_HF9F_20260827_0900,2026-08-27 09:00:00
2026-03-25,147737509,1711,0,168.5230534271,36.8644179371,36.8644179371,0.5000000,2,2,0.50665070000000000,0.506650700000,-0.018812684590367487,-0.018812684590367487,-0.018812684590367487,0E-17,ELIGIBLE,R03b_20260811_FULL_v1,L1_ELIGIBILITY,v2026-08-11,2026-03-21..2026-08-06,baccarat_bet02_101_all_pairs_incl_sentinel,round_win = game_pnl > 0 (decisive only),COMPATIBILITY_ONLY_NOT_PRODUCTION,2749.0323,2512.0468,168.7864,46,46,-0.06139847,,-0.06139847,-0.06139847,-168.7864,2749.0323,OK,0.0000,6.7515,4.0000,96.0000,AG03-UNRESOLVED,ALL5_LEVELS_bet23_to_bet27,6.7515,8.4393,8.4393,8.4393,8.4393,4.000000,5.000000,5.000000,5.000000,5.000000,96.000000,95.000000,95.000000,95.000000,95.000000,5.0,40.5087,36.8079,128.2776,131.9785,PENDING_AG03,FALSE,NOT_FOR_ENFORCEMENT,162.0349,2411.5649,168.7864,162.0349,6.7515,0.06139847,0.05894253,6.7515,162.0349,0.05894253,6.7515,8.4393,8.4393,8.4393,8.4393,162.0349,0.05894253,40.5087,36.8079,128.2776,131.9785,0.04666284,0.04800906,0.00245594,59.7616,54.6097,3.6693,56.2621,5.1147,916.3441,15.3333,,59.7616,31.5981,53.98,68.4625,83.9982,134.2918,263.3173,52.6635,0.0,2.487805,4.878049,1.107105,21,23,1,2,0E-8,0.06139847,,0E-8,0.000000,0.913793,0.000000,,2026-03-24,2026-03-26,3,33,27,3,1.000000,,,0.000000,,,,,,,,GLOBAL_BASELINE_NO_ENTITY_RANKING,,,NOT_APPLICABLE_GLOBAL_BASELINE,HF9g-P5,,,,X 全窗基线 · 不参与实体赏罚,6878763,688,A168_HF9F_20260827_0900,2026-08-27 09:00:00
2026-03-25,147737509,2205,0,92.1610448430,10.5326908392,10.5326908392,0.5000000,2,2,0.49994810000000000,0.499948100000,0.00014679536856514622,0.00014679536856514622,0.00014679536856514622,0E-17,ELIGIBLE,R03b_20260811_FULL_v1,L1_ELIGIBILITY,v2026-08-11,2026-03-21..2026-08-06,baccarat_bet02_101_all_pairs_incl_sentinel,round_win = game_pnl > 0 (decisive only),COMPATIBILITY_ONLY_NOT_PRODUCTION,2749.0323,2512.0468,168.7864,46,46,-0.06139847,,-0.06139847,-0.06139847,-168.7864,2749.0323,OK,0.0000,6.7515,4.0000,96.0000,AG03-UNRESOLVED,ALL5_LEVELS_bet23_to_bet27,6.7515,8.4393,8.4393,8.4393,8.4393,4.000000,5.000000,5.000000,5.000000,5.000000,96.000000,95.000000,95.000000,95.000000,95.000000,5.0,40.5087,36.8079,128.2776,131.9785,PENDING_AG03,FALSE,NOT_FOR_ENFORCEMENT,162.0349,2411.5649,168.7864,162.0349,6.7515,0.06139847,0.05894253,6.7515,162.0349,0.05894253,6.7515,8.4393,8.4393,8.4393,8.4393,162.0349,0.05894253,40.5087,36.8079,128.2776,131.9785,0.04666284,0.04800906,0.00245594,59.7616,54.6097,3.6693,56.2621,5.1147,916.3441,15.3333,,59.7616,31.5981,53.98,68.4625,83.9982,134.2918,263.3173,52.6635,0.0,2.487805,4.878049,1.107105,21,23,1,2,0E-8,0.06139847,,0E-8,0.000000,0.913793,0.000000,,2026-03-24,2026-03-26,3,33,27,3,1.000000,,,0.000000,,,,,,,,GLOBAL_BASELINE_NO_ENTITY_RANKING,,,NOT_APPLICABLE_GLOBAL_BASELINE,HF9g-P5,,,,X 全窗基线 · 不参与实体赏罚,6878764,688,A168_HF9F_20260827_0900,2026-08-27 09:00:00
2026-03-25,147737509,2235,0,63.1961450352,-63.1961450352,-63.1961450352,0E-7,1,1,0.50665070000000000,0.506650700000,-1.013391052207602,-1.013391052207602,-1.013391052207602,0E-17,ELIGIBLE,R03b_20260811_FULL_v1,L1_ELIGIBILITY,v2026-08-11,2026-03-21..2026-08-06,baccarat_bet02_101_all_pairs_incl_sentinel,round_win = game_pnl > 0 (decisive only),COMPATIBILITY_ONLY_NOT_PRODUCTION,2749.0323,2512.0468,168.7864,46,46,-0.06139847,,-0.06139847,-0.06139847,-168.7864,2749.0323,OK,0.0000,6.7515,4.0000,96.0000,AG03-UNRESOLVED,ALL5_LEVELS_bet23_to_bet27,6.7515,8.4393,8.4393,8.4393,8.4393,4.000000,5.000000,5.000000,5.000000,5.000000,96.000000,95.000000,95.000000,95.000000,95.000000,5.0,40.5087,36.8079,128.2776,131.9785,PENDING_AG03,FALSE,NOT_FOR_ENFORCEMENT,162.0349,2411.5649,168.7864,162.0349,6.7515,0.06139847,0.05894253,6.7515,162.0349,0.05894253,6.7515,8.4393,8.4393,8.4393,8.4393,162.0349,0.05894253,40.5087,36.8079,128.2776,131.9785,0.04666284,0.04800906,0.00245594,59.7616,54.6097,3.6693,56.2621,5.1147,916.3441,15.3333,,59.7616,31.5981,53.98,68.4625,83.9982,134.2918,263.3173,52.6635,0.0,2.487805,4.878049,1.107105,21,23,1,2,0E-8,0.06139847,,0E-8,0.000000,0.913793,0.000000,,2026-03-24,2026-03-26,3,33,27,3,1.000000,,,0.000000,,,,,,,,GLOBAL_BASELINE_NO_ENTITY_RANKING,,,NOT_APPLICABLE_GLOBAL_BASELINE,HF9g-P5,,,,X 全窗基线 · 不参与实体赏罚,6878765,688,A168_HF9F_20260827_0900,2026-08-27 09:00:00
2026-03-25,147737509,2254,0,52.6634541960,50.0302814862,50.0302814862,1.0000000,1,1,0.50665070000000000,0.506650700000,0.9867858985152569,0.9867858985152569,0.9867858985152569,0E-17,ELIGIBLE,R03b_20260811_FULL_v1,L1_ELIGIBILITY,v2026-08-11,2026-03-21..2026-08-06,baccarat_bet02_101_all_pairs_incl_sentinel,round_win = game_pnl > 0 (decisive only),COMPATIBILITY_ONLY_NOT_PRODUCTION,2749.0323,2512.0468,168.7864,46,46,-0.06139847,,-0.06139847,-0.06139847,-168.7864,2749.0323,OK,0.0000,6.7515,4.0000,96.0000,AG03-UNRESOLVED,ALL5_LEVELS_bet23_to_bet27,6.7515,8.4393,8.4393,8.4393,8.4393,4.000000,5.000000,5.000000,5.000000,5.000000,96.000000,95.000000,95.000000,95.000000,95.000000,5.0,40.5087,36.8079,128.2776,131.9785,PENDING_AG03,FALSE,NOT_FOR_ENFORCEMENT,162.0349,2411.5649,168.7864,162.0349,6.7515,0.06139847,0.05894253,6.7515,162.0349,0.05894253,6.7515,8.4393,8.4393,8.4393,8.4393,162.0349,0.05894253,40.5087,36.8079,128.2776,131.9785,0.04666284,0.04800906,0.00245594,59.7616,54.6097,3.6693,56.2621,5.1147,916.3441,15.3333,,59.7616,31.5981,53.98,68.4625,83.9982,134.2918,263.3173,52.6635,0.0,2.487805,4.878049,1.107105,21,23,1,2,0E-8,0.06139847,,0E-8,0.000000,0.913793,0.000000,,2026-03-24,2026-03-26,3,33,27,3,1.000000,,,0.000000,,,,,,,,GLOBAL_BASELINE_NO_ENTITY_RANKING,,,NOT_APPLICABLE_GLOBAL_BASELINE,HF9g-P5,,,,X 全窗基线 · 不参与实体赏罚,6878766,688,A168_HF9F_20260827_0900,2026-08-27 09:00:00
2026-03-25,147737509,986,0,65.8293177450,-65.8293177450,-65.8293177450,0E-7,1,1,0.50665070000000000,0.506650700000,-1.013391052207602,-1.013391052207602,-1.013391052207602,0E-17,ELIGIBLE,R03b_20260811_FULL_v1,L1_ELIGIBILITY,v2026-08-11,2026-03-21..2026-08-06,baccarat_bet02_101_all_pairs_incl_sentinel,round_win = game_pnl > 0 (decisive only),COMPATIBILITY_ONLY_NOT_PRODUCTION,2749.0323,2512.0468,168.7864,46,46,-0.06139847,,-0.06139847,-0.06139847,-168.7864,2749.0323,OK,0.0000,6.7515,4.0000,96.0000,AG03-UNRESOLVED,ALL5_LEVELS_bet23_to_bet27,6.7515,8.4393,8.4393,8.4393,8.4393,4.000000,5.000000,5.000000,5.000000,5.000000,96.000000,95.000000,95.000000,95.000000,95.000000,5.0,40.5087,36.8079,128.2776,131.9785,PENDING_AG03,FALSE,NOT_FOR_ENFORCEMENT,162.0349,2411.5649,168.7864,162.0349,6.7515,0.06139847,0.05894253,6.7515,162.0349,0.05894253,6.7515,8.4393,8.4393,8.4393,8.4393,162.0349,0.05894253,40.5087,36.8079,128.2776,131.9785,0.04666284,0.04800906,0.00245594,59.7616,54.6097,3.6693,56.2621,5.1147,916.3441,15.3333,,59.7616,31.5981,53.98,68.4625,83.9982,134.2918,263.3173,52.6635,0.0,2.487805,4.878049,1.107105,21,23,1,2,0E-8,0.06139847,,0E-8,0.000000,0.913793,0.000000,,2026-03-24,2026-03-26,3,33,27,3,1.000000,,,0.000000,,,,,,,,GLOBAL_BASELINE_NO_ENTITY_RANKING,,,NOT_APPLICABLE_GLOBAL_BASELINE,HF9g-P5,,,,X 全窗基线 · 不参与实体赏罚,6878767,688,A168_HF9F_20260827_0900,2026-08-27 09:00:00
2026-03-25,147737509,987,0,42.1307633568,40.0242251889,40.0242251889,1.0000000,1,1,0.50665070000000000,0.506650700000,0.9867858985152569,0.9867858985152569,0.9867858985152569,0E-17,ELIGIBLE,R03b_20260811_FULL_v1,L1_ELIGIBILITY,v2026-08-11,2026-03-21..2026-08-06,baccarat_bet02_101_all_pairs_incl_sentinel,round_win = game_pnl > 0 (decisive only),COMPATIBILITY_ONLY_NOT_PRODUCTION,2749.0323,2512.0468,168.7864,46,46,-0.06139847,,-0.06139847,-0.06139847,-168.7864,2749.0323,OK,0.0000,6.7515,4.0000,96.0000,AG03-UNRESOLVED,ALL5_LEVELS_bet23_to_bet27,6.7515,8.4393,8.4393,8.4393,8.4393,4.000000,5.000000,5.000000,5.000000,5.000000,96.000000,95.000000,95.000000,95.000000,95.000000,5.0,40.5087,36.8079,128.2776,131.9785,PENDING_AG03,FALSE,NOT_FOR_ENFORCEMENT,162.0349,2411.5649,168.7864,162.0349,6.7515,0.06139847,0.05894253,6.7515,162.0349,0.05894253,6.7515,8.4393,8.4393,8.4393,8.4393,162.0349,0.05894253,40.5087,36.8079,128.2776,131.9785,0.04666284,0.04800906,0.00245594,59.7616,54.6097,3.6693,56.2621,5.1147,916.3441,15.3333,,59.7616,31.5981,53.98,68.4625,83.9982,134.2918,263.3173,52.6635,0.0,2.487805,4.878049,1.107105,21,23,1,2,0E-8,0.06139847,,0E-8,0.000000,0.913793,0.000000,,2026-03-24,2026-03-26,3,33,27,3,1.000000,,,0.000000,,,,,,,,GLOBAL_BASELINE_NO_ENTITY_RANKING,,,NOT_APPLICABLE_GLOBAL_BASELINE,HF9g-P5,,,,X 全窗基线 · 不参与实体赏罚,6878768,688,A168_HF9F_20260827_0900,2026-08-27 09:00:00
2026-03-26,147737509,-1,1,347.5787976933,334.4129341443,334.4129341443,1.0000000,2,2,0.49994810000000000,0.499948100000,1.4143603653603398,1.4143603653603398,1.4143603653603398,0E-17,SENTINEL_DEALER,R03b_20260811_FULL_v1,L1_ELIGIBILITY,v2026-08-11,2026-03-21..2026-08-06,baccarat_bet02_101_all_pairs_incl_sentinel,round_win = game_pnl > 0 (decisive only),COMPATIBILITY_ONLY_NOT_PRODUCTION,2749.0323,2512.0468,168.7864,46,46,-0.06139847,,-0.06139847,-0.06139847,-168.7864,2749.0323,OK,0.0000,6.7515,4.0000,96.0000,AG03-UNRESOLVED,ALL5_LEVELS_bet23_to_bet27,6.7515,8.4393,8.4393,8.4393,8.4393,4.000000,5.000000,5.000000,5.000000,5.000000,96.000000,95.000000,95.000000,95.000000,95.000000,5.0,40.5087,36.8079,128.2776,131.9785,PENDING_AG03,FALSE,NOT_FOR_ENFORCEMENT,162.0349,2411.5649,168.7864,162.0349,6.7515,0.06139847,0.05894253,6.7515,162.0349,0.05894253,6.7515,8.4393,8.4393,8.4393,8.4393,162.0349,0.05894253,40.5087,36.8079,128.2776,131.9785,0.04666284,0.04800906,0.00245594,59.7616,54.6097,3.6693,56.2621,5.1147,916.3441,15.3333,,59.7616,31.5981,53.98,68.4625,83.9982,134.2918,263.3173,52.6635,0.0,2.487805,4.878049,1.107105,21,23,1,2,0E-8,0.06139847,,0E-8,0.000000,0.913793,0.000000,,2026-03-24,2026-03-26,3,33,27,3,1.000000,,,0.000000,,,,,,,,GLOBAL_BASELINE_NO_ENTITY_RANKING,,,NOT_APPLICABLE_GLOBAL_BASELINE,HF9g-P5,,,,X 全窗基线 · 不参与实体赏罚,6878769,688,A168_HF9F_20260827_0900,2026-08-27 09:00:00
2026-03-26,147737509,1307,0,78.9951812939,-78.9951812939,-78.9951812939,0E-7,1,1,0.49324550000000000,0.493245500000,-0.9865810262130424,-0.9865810262130424,-0.9865810262130424,0E-17,ELIGIBLE,R03b_20260811_FULL_v1,L1_ELIGIBILITY,v2026-08-11,2026-03-21..2026-08-06,baccarat_bet02_101_all_pairs_incl_sentinel,round_win = game_pnl > 0 (decisive only),COMPATIBILITY_ONLY_NOT_PRODUCTION,2749.0323,2512.0468,168.7864,46,46,-0.06139847,,-0.06139847,-0.06139847,-168.7864,2749.0323,OK,0.0000,6.7515,4.0000,96.0000,AG03-UNRESOLVED,ALL5_LEVELS_bet23_to_bet27,6.7515,8.4393,8.4393,8.4393,8.4393,4.000000,5.000000,5.000000,5.000000,5.000000,96.000000,95.000000,95.000000,95.000000,95.000000,5.0,40.5087,36.8079,128.2776,131.9785,PENDING_AG03,FALSE,NOT_FOR_ENFORCEMENT,162.0349,2411.5649,168.7864,162.0349,6.7515,0.06139847,0.05894253,6.7515,162.0349,0.05894253,6.7515,8.4393,8.4393,8.4393,8.4393,162.0349,0.05894253,40.5087,36.8079,128.2776,131.9785,0.04666284,0.04800906,0.00245594,59.7616,54.6097,3.6693,56.2621,5.1147,916.3441,15.3333,,59.7616,31.5981,53.98,68.4625,83.9982,134.2918,263.3173,52.6635,0.0,2.487805,4.878049,1.107105,21,23,1,2,0E-8,0.06139847,,0E-8,0.000000,0.913793,0.000000,,2026-03-24,2026-03-26,3,33,27,3,1.000000,,,0.000000,,,,,,,,GLOBAL_BASELINE_NO_ENTITY_RANKING,,,NOT_APPLICABLE_GLOBAL_BASELINE,HF9g-P5,,,,X 全窗基线 · 不参与实体赏罚,6878770,688,A168_HF9F_20260827_0900,2026-08-27 09:00:00
2026-03-26,147737509,1941,0,78.9951812939,-78.9951812939,-78.9951812939,0E-7,1,1,0.49324550000000000,0.493245500000,-0.9865810262130424,-0.9865810262130424,-0.9865810262130424,0E-17,ELIGIBLE,R03b_20260811_FULL_v1,L1_ELIGIBILITY,v2026-08-11,2026-03-21..2026-08-06,baccarat_bet02_101_all_pairs_incl_sentinel,round_win = game_pnl > 0 (decisive only),COMPATIBILITY_ONLY_NOT_PRODUCTION,2749.0323,2512.0468,168.7864,46,46,-0.06139847,,-0.06139847,-0.06139847,-168.7864,2749.0323,OK,0.0000,6.7515,4.0000,96.0000,AG03-UNRESOLVED,ALL5_LEVELS_bet23_to_bet27,6.7515,8.4393,8.4393,8.4393,8.4393,4.000000,5.000000,5.000000,5.000000,5.000000,96.000000,95.000000,95.000000,95.000000,95.000000,5.0,40.5087,36.8079,128.2776,131.9785,PENDING_AG03,FALSE,NOT_FOR_ENFORCEMENT,162.0349,2411.5649,168.7864,162.0349,6.7515,0.06139847,0.05894253,6.7515,162.0349,0.05894253,6.7515,8.4393,8.4393,8.4393,8.4393,162.0349,0.05894253,40.5087,36.8079,128.2776,131.9785,0.04666284,0.04800906,0.00245594,59.7616,54.6097,3.6693,56.2621,5.1147,916.3441,15.3333,,59.7616,31.5981,53.98,68.4625,83.9982,134.2918,263.3173,52.6635,0.0,2.487805,4.878049,1.107105,21,23,1,2,0E-8,0.06139847,,0E-8,0.000000,0.913793,0.000000,,2026-03-24,2026-03-26,3,33,27,3,1.000000,,,0.000000,,,,,,,,GLOBAL_BASELINE_NO_ENTITY_RANKING,,,NOT_APPLICABLE_GLOBAL_BASELINE,HF9g-P5,,,,X 全窗基线 · 不参与实体赏罚,6878771,688,A168_HF9F_20260827_0900,2026-08-27 09:00:00
2026-03-26,147737509,1994,0,189.5884351055,9.7427390262,9.7427390262,0.5000000,3,3,0.50218230000000000,0.502182300000,-0.00617253530718887,-0.00617253530718887,-0.00617253530718887,0E-17,ELIGIBLE,R03b_20260811_FULL_v1,L1_ELIGIBILITY,v2026-08-11,2026-03-21..2026-08-06,baccarat_bet02_101_all_pairs_incl_sentinel,round_win = game_pnl > 0 (decisive only),COMPATIBILITY_ONLY_NOT_PRODUCTION,2749.0323,2512.0468,168.7864,46,46,-0.06139847,,-0.06139847,-0.06139847,-168.7864,2749.0323,OK,0.0000,6.7515,4.0000,96.0000,AG03-UNRESOLVED,ALL5_LEVELS_bet23_to_bet27,6.7515,8.4393,8.4393,8.4393,8.4393,4.000000,5.000000,5.000000,5.000000,5.000000,96.000000,95.000000,95.000000,95.000000,95.000000,5.0,40.5087,36.8079,128.2776,131.9785,PENDING_AG03,FALSE,NOT_FOR_ENFORCEMENT,162.0349,2411.5649,168.7864,162.0349,6.7515,0.06139847,0.05894253,6.7515,162.0349,0.05894253,6.7515,8.4393,8.4393,8.4393,8.4393,162.0349,0.05894253,40.5087,36.8079,128.2776,131.9785,0.04666284,0.04800906,0.00245594,59.7616,54.6097,3.6693,56.2621,5.1147,916.3441,15.3333,,59.7616,31.5981,53.98,68.4625,83.9982,134.2918,263.3173,52.6635,0.0,2.487805,4.878049,1.107105,21,23,1,2,0E-8,0.06139847,,0E-8,0.000000,0.913793,0.000000,,2026-03-24,2026-03-26,3,33,27,3,1.000000,,,0.000000,,,,,,,,GLOBAL_BASELINE_NO_ENTITY_RANKING,,,NOT_APPLICABLE_GLOBAL_BASELINE,HF9g-P5,,,,X 全窗基线 · 不参与实体赏罚,6878772,688,A168_HF9F_20260827_0900,2026-08-27 09:00:00
2026-03-26,147737509,2117,0,276.4831345288,-276.4831345288,-276.4831345288,0E-7,2,2,0.50665070000000000,0.506650700000,-1.4331513700195317,-1.4331513700195317,-1.4331513700195317,0E-17,ELIGIBLE,R03b_20260811_FULL_v1,L1_ELIGIBILITY,v2026-08-11,2026-03-21..2026-08-06,baccarat_bet02_101_all_pairs_incl_sentinel,round_win = game_pnl > 0 (decisive only),COMPATIBILITY_ONLY_NOT_PRODUCTION,2749.0323,2512.0468,168.7864,46,46,-0.06139847,,-0.06139847,-0.06139847,-168.7864,2749.0323,OK,0.0000,6.7515,4.0000,96.0000,AG03-UNRESOLVED,ALL5_LEVELS_bet23_to_bet27,6.7515,8.4393,8.4393,8.4393,8.4393,4.000000,5.000000,5.000000,5.000000,5.000000,96.000000,95.000000,95.000000,95.000000,95.000000,5.0,40.5087,36.8079,128.2776,131.9785,PENDING_AG03,FALSE,NOT_FOR_ENFORCEMENT,162.0349,2411.5649,168.7864,162.0349,6.7515,0.06139847,0.05894253,6.7515,162.0349,0.05894253,6.7515,8.4393,8.4393,8.4393,8.4393,162.0349,0.05894253,40.5087,36.8079,128.2776,131.9785,0.04666284,0.04800906,0.00245594,59.7616,54.6097,3.6693,56.2621,5.1147,916.3441,15.3333,,59.7616,31.5981,53.98,68.4625,83.9982,134.2918,263.3173,52.6635,0.0,2.487805,4.878049,1.107105,21,23,1,2,0E-8,0.06139847,,0E-8,0.000000,0.913793,0.000000,,2026-03-24,2026-03-26,3,33,27,3,1.000000,,,0.000000,,,,,,,,GLOBAL_BASELINE_NO_ENTITY_RANKING,,,NOT_APPLICABLE_GLOBAL_BASELINE,HF9g-P5,,,,X 全窗基线 · 不参与实体赏罚,6878773,688,A168_HF9F_20260827_0900,2026-08-27 09:00:00
2026-03-26,147737509,2141,0,26.3317270980,26.3317270980,26.3317270980,1.0000000,1,1,0.49324550000000000,0.493245500000,1.01360149184955,1.01360149184955,1.01360149184955,0E-17,ELIGIBLE,R03b_20260811_FULL_v1,L1_ELIGIBILITY,v2026-08-11,2026-03-21..2026-08-06,baccarat_bet02_101_all_pairs_incl_sentinel,round_win = game_pnl > 0 (decisive only),COMPATIBILITY_ONLY_NOT_PRODUCTION,2749.0323,2512.0468,168.7864,46,46,-0.06139847,,-0.06139847,-0.06139847,-168.7864,2749.0323,OK,0.0000,6.7515,4.0000,96.0000,AG03-UNRESOLVED,ALL5_LEVELS_bet23_to_bet27,6.7515,8.4393,8.4393,8.4393,8.4393,4.000000,5.000000,5.000000,5.000000,5.000000,96.000000,95.000000,95.000000,95.000000,95.000000,5.0,40.5087,36.8079,128.2776,131.9785,PENDING_AG03,FALSE,NOT_FOR_ENFORCEMENT,162.0349,2411.5649,168.7864,162.0349,6.7515,0.06139847,0.05894253,6.7515,162.0349,0.05894253,6.7515,8.4393,8.4393,8.4393,8.4393,162.0349,0.05894253,40.5087,36.8079,128.2776,131.9785,0.04666284,0.04800906,0.00245594,59.7616,54.6097,3.6693,56.2621,5.1147,916.3441,15.3333,,59.7616,31.5981,53.98,68.4625,83.9982,134.2918,263.3173,52.6635,0.0,2.487805,4.878049,1.107105,21,23,1,2,0E-8,0.06139847,,0E-8,0.000000,0.913793,0.000000,,2026-03-24,2026-03-26,3,33,27,3,1.000000,,,0.000000,,,,,,,,GLOBAL_BASELINE_NO_ENTITY_RANKING,,,NOT_APPLICABLE_GLOBAL_BASELINE,HF9g-P5,,,,X 全窗基线 · 不参与实体赏罚,6878774,688,A168_HF9F_20260827_0900,2026-08-27 09:00:00
2026-03-26,147737509,2167,0,118.4927719410,50.0302814862,50.0302814862,1.0000000,2,2,0.49994810000000000,0.499948100000,1.0001038053877793,1.0001038053877793,1.0001038053877793,0E-17,ELIGIBLE,R03b_20260811_FULL_v1,L1_ELIGIBILITY,v2026-08-11,2026-03-21..2026-08-06,baccarat_bet02_101_all_pairs_incl_sentinel,round_win = game_pnl > 0 (decisive only),COMPATIBILITY_ONLY_NOT_PRODUCTION,2749.0323,2512.0468,168.7864,46,46,-0.06139847,,-0.06139847,-0.06139847,-168.7864,2749.0323,OK,0.0000,6.7515,4.0000,96.0000,AG03-UNRESOLVED,ALL5_LEVELS_bet23_to_bet27,6.7515,8.4393,8.4393,8.4393,8.4393,4.000000,5.000000,5.000000,5.000000,5.000000,96.000000,95.000000,95.000000,95.000000,95.000000,5.0,40.5087,36.8079,128.2776,131.9785,PENDING_AG03,FALSE,NOT_FOR_ENFORCEMENT,162.0349,2411.5649,168.7864,162.0349,6.7515,0.06139847,0.05894253,6.7515,162.0349,0.05894253,6.7515,8.4393,8.4393,8.4393,8.4393,162.0349,0.05894253,40.5087,36.8079,128.2776,131.9785,0.04666284,0.04800906,0.00245594,59.7616,54.6097,3.6693,56.2621,5.1147,916.3441,15.3333,,59.7616,31.5981,53.98,68.4625,83.9982,134.2918,263.3173,52.6635,0.0,2.487805,4.878049,1.107105,21,23,1,2,0E-8,0.06139847,,0E-8,0.000000,0.913793,0.000000,,2026-03-24,2026-03-26,3,33,27,3,1.000000,,,0.000000,,,,,,,,GLOBAL_BASELINE_NO_ENTITY_RANKING,,,NOT_APPLICABLE_GLOBAL_BASELINE,HF9g-P5,,,,X 全窗基线 · 不参与实体赏罚,6878775,688,A168_HF9F_20260827_0900,2026-08-27 09:00:00
2026-03-26,147737509,2175,0,52.6634541960,-52.6634541960,-52.6634541960,0E-7,1,1,0.49324550000000000,0.493245500000,-0.9865810262130424,-0.9865810262130424,-0.9865810262130424,0E-17,ELIGIBLE,R03b_20260811_FULL_v1,L1_ELIGIBILITY,v2026-08-11,2026-03-21..2026-08-06,baccarat_bet02_101_all_pairs_incl_sentinel,round_win = game_pnl > 0 (decisive only),COMPATIBILITY_ONLY_NOT_PRODUCTION,2749.0323,2512.0468,168.7864,46,46,-0.06139847,,-0.06139847,-0.06139847,-168.7864,2749.0323,OK,0.0000,6.7515,4.0000,96.0000,AG03-UNRESOLVED,ALL5_LEVELS_bet23_to_bet27,6.7515,8.4393,8.4393,8.4393,8.4393,4.000000,5.000000,5.000000,5.000000,5.000000,96.000000,95.000000,95.000000,95.000000,95.000000,5.0,40.5087,36.8079,128.2776,131.9785,PENDING_AG03,FALSE,NOT_FOR_ENFORCEMENT,162.0349,2411.5649,168.7864,162.0349,6.7515,0.06139847,0.05894253,6.7515,162.0349,0.05894253,6.7515,8.4393,8.4393,8.4393,8.4393,162.0349,0.05894253,40.5087,36.8079,128.2776,131.9785,0.04666284,0.04800906,0.00245594,59.7616,54.6097,3.6693,56.2621,5.1147,916.3441,15.3333,,59.7616,31.5981,53.98,68.4625,83.9982,134.2918,263.3173,52.6635,0.0,2.487805,4.878049,1.107105,21,23,1,2,0E-8,0.06139847,,0E-8,0.000000,0.913793,0.000000,,2026-03-24,2026-03-26,3,33,27,3,1.000000,,,0.000000,,,,,,,,GLOBAL_BASELINE_NO_ENTITY_RANKING,,,NOT_APPLICABLE_GLOBAL_BASELINE,HF9g-P5,,,,X 全窗基线 · 不参与实体赏罚,6878776,688,A168_HF9F_20260827_0900,2026-08-27 09:00:00
2026-03-26,147737509,2177,0,215.9201622034,-215.9201622034,-215.9201622034,0E-7,3,3,0.50665070000000000,0.506650700000,-1.7552447903592512,-1.7552447903592512,-1.7552447903592512,0E-17,ELIGIBLE,R03b_20260811_FULL_v1,L1_ELIGIBILITY,v2026-08-11,2026-03-21..2026-08-06,baccarat_bet02_101_all_pairs_incl_sentinel,round_win = game_pnl > 0 (decisive only),COMPATIBILITY_ONLY_NOT_PRODUCTION,2749.0323,2512.0468,168.7864,46,46,-0.06139847,,-0.06139847,-0.06139847,-168.7864,2749.0323,OK,0.0000,6.7515,4.0000,96.0000,AG03-UNRESOLVED,ALL5_LEVELS_bet23_to_bet27,6.7515,8.4393,8.4393,8.4393,8.4393,4.000000,5.000000,5.000000,5.000000,5.000000,96.000000,95.000000,95.000000,95.000000,95.000000,5.0,40.5087,36.8079,128.2776,131.9785,PENDING_AG03,FALSE,NOT_FOR_ENFORCEMENT,162.0349,2411.5649,168.7864,162.0349,6.7515,0.06139847,0.05894253,6.7515,162.0349,0.05894253,6.7515,8.4393,8.4393,8.4393,8.4393,162.0349,0.05894253,40.5087,36.8079,128.2776,131.9785,0.04666284,0.04800906,0.00245594,59.7616,54.6097,3.6693,56.2621,5.1147,916.3441,15.3333,,59.7616,31.5981,53.98,68.4625,83.9982,134.2918,263.3173,52.6635,0.0,2.487805,4.878049,1.107105,21,23,1,2,0E-8,0.06139847,,0E-8,0.000000,0.913793,0.000000,,2026-03-24,2026-03-26,3,33,27,3,1.000000,,,0.000000,,,,,,,,GLOBAL_BASELINE_NO_ENTITY_RANKING,,,NOT_APPLICABLE_GLOBAL_BASELINE,HF9g-P5,,,,X 全窗基线 · 不参与实体赏罚,6878777,688,A168_HF9F_20260827_0900,2026-08-27 09:00:00
2026-03-26,147737509,2222,0,102.6937356822,-102.6937356822,-102.6937356822,0E-7,2,2,0.50665070000000000,0.506650700000,-1.4331513700195317,-1.4331513700195317,-1.4331513700195317,0E-17,ELIGIBLE,R03b_20260811_FULL_v1,L1_ELIGIBILITY,v2026-08-11,2026-03-21..2026-08-06,baccarat_bet02_101_all_pairs_incl_sentinel,round_win = game_pnl > 0 (decisive only),COMPATIBILITY_ONLY_NOT_PRODUCTION,2749.0323,2512.0468,168.7864,46,46,-0.06139847,,-0.06139847,-0.06139847,-168.7864,2749.0323,OK,0.0000,6.7515,4.0000,96.0000,AG03-UNRESOLVED,ALL5_LEVELS_bet23_to_bet27,6.7515,8.4393,8.4393,8.4393,8.4393,4.000000,5.000000,5.000000,5.000000,5.000000,96.000000,95.000000,95.000000,95.000000,95.000000,5.0,40.5087,36.8079,128.2776,131.9785,PENDING_AG03,FALSE,NOT_FOR_ENFORCEMENT,162.0349,2411.5649,168.7864,162.0349,6.7515,0.06139847,0.05894253,6.7515,162.0349,0.05894253,6.7515,8.4393,8.4393,8.4393,8.4393,162.0349,0.05894253,40.5087,36.8079,128.2776,131.9785,0.04666284,0.04800906,0.00245594,59.7616,54.6097,3.6693,56.2621,5.1147,916.3441,15.3333,,59.7616,31.5981,53.98,68.4625,83.9982,134.2918,263.3173,52.6635,0.0,2.487805,4.878049,1.107105,21,23,1,2,0E-8,0.06139847,,0E-8,0.000000,0.913793,0.000000,,2026-03-24,2026-03-26,3,33,27,3,1.000000,,,0.000000,,,,,,,,GLOBAL_BASELINE_NO_ENTITY_RANKING,,,NOT_APPLICABLE_GLOBAL_BASELINE,HF9g-P5,,,,X 全窗基线 · 不参与实体赏罚,6878778,688,A168_HF9F_20260827_0900,2026-08-27 09:00:00
2026-03-26,147737509,2229,0,65.8293177450,-65.8293177450,-65.8293177450,0E-7,1,1,0.50665070000000000,0.506650700000,-1.013391052207602,-1.013391052207602,-1.013391052207602,0E-17,ELIGIBLE,R03b_20260811_FULL_v1,L1_ELIGIBILITY,v2026-08-11,2026-03-21..2026-08-06,baccarat_bet02_101_all_pairs_incl_sentinel,round_win = game_pnl > 0 (decisive only),COMPATIBILITY_ONLY_NOT_PRODUCTION,2749.0323,2512.0468,168.7864,46,46,-0.06139847,,-0.06139847,-0.06139847,-168.7864,2749.0323,OK,0.0000,6.7515,4.0000,96.0000,AG03-UNRESOLVED,ALL5_LEVELS_bet23_to_bet27,6.7515,8.4393,8.4393,8.4393,8.4393,4.000000,5.000000,5.000000,5.000000,5.000000,96.000000,95.000000,95.000000,95.000000,95.000000,5.0,40.5087,36.8079,128.2776,131.9785,PENDING_AG03,FALSE,NOT_FOR_ENFORCEMENT,162.0349,2411.5649,168.7864,162.0349,6.7515,0.06139847,0.05894253,6.7515,162.0349,0.05894253,6.7515,8.4393,8.4393,8.4393,8.4393,162.0349,0.05894253,40.5087,36.8079,128.2776,131.9785,0.04666284,0.04800906,0.00245594,59.7616,54.6097,3.6693,56.2621,5.1147,916.3441,15.3333,,59.7616,31.5981,53.98,68.4625,83.9982,134.2918,263.3173,52.6635,0.0,2.487805,4.878049,1.107105,21,23,1,2,0E-8,0.06139847,,0E-8,0.000000,0.913793,0.000000,,2026-03-24,2026-03-26,3,33,27,3,1.000000,,,0.000000,,,,,,,,GLOBAL_BASELINE_NO_ENTITY_RANKING,,,NOT_APPLICABLE_GLOBAL_BASELINE,HF9g-P5,,,,X 全窗基线 · 不参与实体赏罚,6878779,688,A168_HF9F_20260827_0900,2026-08-27 09:00:00
2026-03-26,147737509,2256,0,242.2518893015,96.1108039076,96.1108039076,0.6666667,4,4,0.49994810000000000,0.499948100000,0.5775300591747329,0.5775300591747329,0.5775300591747329,0E-17,ELIGIBLE,R03b_20260811_FULL_v1,L1_ELIGIBILITY,v2026-08-11,2026-03-21..2026-08-06,baccarat_bet02_101_all_pairs_incl_sentinel,round_win = game_pnl > 0 (decisive only),COMPATIBILITY_ONLY_NOT_PRODUCTION,2749.0323,2512.0468,168.7864,46,46,-0.06139847,,-0.06139847,-0.06139847,-168.7864,2749.0323,OK,0.0000,6.7515,4.0000,96.0000,AG03-UNRESOLVED,ALL5_LEVELS_bet23_to_bet27,6.7515,8.4393,8.4393,8.4393,8.4393,4.000000,5.000000,5.000000,5.000000,5.000000,96.000000,95.000000,95.000000,95.000000,95.000000,5.0,40.5087,36.8079,128.2776,131.9785,PENDING_AG03,FALSE,NOT_FOR_ENFORCEMENT,162.0349,2411.5649,168.7864,162.0349,6.7515,0.06139847,0.05894253,6.7515,162.0349,0.05894253,6.7515,8.4393,8.4393,8.4393,8.4393,162.0349,0.05894253,40.5087,36.8079,128.2776,131.9785,0.04666284,0.04800906,0.00245594,59.7616,54.6097,3.6693,56.2621,5.1147,916.3441,15.3333,,59.7616,31.5981,53.98,68.4625,83.9982,134.2918,263.3173,52.6635,0.0,2.487805,4.878049,1.107105,21,23,1,2,0E-8,0.06139847,,0E-8,0.000000,0.913793,0.000000,,2026-03-24,2026-03-26,3,33,27,3,1.000000,,,0.000000,,,,,,,,GLOBAL_BASELINE_NO_ENTITY_RANKING,,,NOT_APPLICABLE_GLOBAL_BASELINE,HF9g-P5,,,,X 全窗基线 · 不参与实体赏罚,6878780,688,A168_HF9F_20260827_0900,2026-08-27 09:00:00
2026-03-26,147737509,2266,0,52.6634541960,50.0302814862,50.0302814862,1.0000000,1,1,0.50665070000000000,0.506650700000,0.9867858985152569,0.9867858985152569,0.9867858985152569,0E-17,ELIGIBLE,R03b_20260811_FULL_v1,L1_ELIGIBILITY,v2026-08-11,2026-03-21..2026-08-06,baccarat_bet02_101_all_pairs_incl_sentinel,round_win = game_pnl > 0 (decisive only),COMPATIBILITY_ONLY_NOT_PRODUCTION,2749.0323,2512.0468,168.7864,46,46,-0.06139847,,-0.06139847,-0.06139847,-168.7864,2749.0323,OK,0.0000,6.7515,4.0000,96.0000,AG03-UNRESOLVED,ALL5_LEVELS_bet23_to_bet27,6.7515,8.4393,8.4393,8.4393,8.4393,4.000000,5.000000,5.000000,5.000000,5.000000,96.000000,95.000000,95.000000,95.000000,95.000000,5.0,40.5087,36.8079,128.2776,131.9785,PENDING_AG03,FALSE,NOT_FOR_ENFORCEMENT,162.0349,2411.5649,168.7864,162.0349,6.7515,0.06139847,0.05894253,6.7515,162.0349,0.05894253,6.7515,8.4393,8.4393,8.4393,8.4393,162.0349,0.05894253,40.5087,36.8079,128.2776,131.9785,0.04666284,0.04800906,0.00245594,59.7616,54.6097,3.6693,56.2621,5.1147,916.3441,15.3333,,59.7616,31.5981,53.98,68.4625,83.9982,134.2918,263.3173,52.6635,0.0,2.487805,4.878049,1.107105,21,23,1,2,0E-8,0.06139847,,0E-8,0.000000,0.913793,0.000000,,2026-03-24,2026-03-26,3,33,27,3,1.000000,,,0.000000,,,,,,,,GLOBAL_BASELINE_NO_ENTITY_RANKING,,,NOT_APPLICABLE_GLOBAL_BASELINE,HF9g-P5,,,,X 全窗基线 · 不参与实体赏罚,6878781,688,A168_HF9F_20260827_0900,2026-08-27 09:00:00
2026-03-30,128806156,1291,0,28.9648998078,39.4975906470,39.4975906470,1.0000000,6,2,0.34143591166666667,0.217529466667,1.9640811223644983,2.682192514409126,1.9640811223644983,0.12390644499966667,ELIGIBLE,R03b_20260811_FULL_v1,L1_ELIGIBILITY,v2026-08-11,2026-03-21..2026-08-06,baccarat_bet02_101_all_pairs_incl_sentinel,round_win = game_pnl > 0 (decisive only),COMPATIBILITY_ONLY_NOT_PRODUCTION,781.2623,718.0662,168.7864,96,35,-0.21604314,,-0.21604314,-0.21604314,-168.7864,781.2623,OK,0.0000,6.7515,4.0000,96.0000,AG03-UNRESOLVED,ALL5_LEVELS_bet23_to_bet27,6.7515,6.7515,6.7515,8.4393,8.4393,4.000000,4.000000,4.000000,5.000000,5.000000,96.000000,96.000000,96.000000,95.000000,95.000000,5.0,37.1330,34.0148,131.6534,134.7716,PENDING_AG03,FALSE,NOT_FOR_ENFORCEMENT,162.0349,689.3436,168.7864,162.0349,6.7515,0.21604314,0.20740142,6.7515,162.0349,0.20740142,6.7515,6.7515,6.7515,8.4393,8.4393,162.0349,0.20740142,37.1330,34.0148,131.6534,134.7716,0.16851365,0.17250488,0.00864173,8.1381,20.5162,4.8225,168.7864,42.1966,781.2623,35.0000,,8.1381,2.6332,2.7648,13.1659,18.4322,25.5418,35.6532,2.6332,-2.6332,9.238092,12.895239,2.943452,4,5,2,5,0E-8,0.21604314,,0E-8,0.000000,0.919110,0.000000,,2026-03-30,2026-03-30,1,4,4,1,1.000000,,,0.000000,,,,,,,,GLOBAL_BASELINE_NO_ENTITY_RANKING,,,NOT_APPLICABLE_GLOBAL_BASELINE,HF9g-P5,,,,X 全窗基线 · 不参与实体赏罚,6878782,688,A168_HF9F_20260827_0900,2026-08-27 09:00:00
2026-03-30,128806156,2134,0,213.2869894938,-6.4512731392,-6.4512731392,0.6666667,33,12,0.36585283730158730,0.240360465278,2.1634167144625422,3.4560257985846325,2.1634167144625422,0.12549237202358730,ELIGIBLE,R03b_20260811_FULL_v1,L1_ELIGIBILITY,v2026-08-11,2026-03-21..2026-08-06,baccarat_bet02_101_all_pairs_incl_sentinel,round_win = game_pnl > 0 (decisive only),COMPATIBILITY_ONLY_NOT_PRODUCTION,781.2623,718.0662,168.7864,96,35,-0.21604314,,-0.21604314,-0.21604314,-168.7864,781.2623,OK,0.0000,6.7515,4.0000,96.0000,AG03-UNRESOLVED,ALL5_LEVELS_bet23_to_bet27,6.7515,6.7515,6.7515,8.4393,8.4393,4.000000,4.000000,4.000000,5.000000,5.000000,96.000000,96.000000,96.000000,95.000000,95.000000,5.0,37.1330,34.0148,131.6534,134.7716,PENDING_AG03,FALSE,NOT_FOR_ENFORCEMENT,162.0349,689.3436,168.7864,162.0349,6.7515,0.21604314,0.20740142,6.7515,162.0349,0.20740142,6.7515,6.7515,6.7515,8.4393,8.4393,162.0349,0.20740142,37.1330,34.0148,131.6534,134.7716,0.16851365,0.17250488,0.00864173,8.1381,20.5162,4.8225,168.7864,42.1966,781.2623,35.0000,,8.1381,2.6332,2.7648,13.1659,18.4322,25.5418,35.6532,2.6332,-2.6332,9.238092,12.895239,2.943452,4,5,2,5,0E-8,0.21604314,,0E-8,0.000000,0.919110,0.000000,,2026-03-30,2026-03-30,1,4,4,1,1.000000,,,0.000000,,,,,,,,GLOBAL_BASELINE_NO_ENTITY_RANKING,,,NOT_APPLICABLE_GLOBAL_BASELINE,HF9g-P5,,,,X 全窗基线 · 不参与实体赏罚,6878783,688,A168_HF9F_20260827_0900,2026-08-27 09:00:00
2026-03-30,128806156,2170,0,97.4273902626,-65.8293177450,-65.8293177450,0.2500000,10,4,0.38059243252622378,0.254901975000,-0.5379348480393625,-0.022496128359181976,-0.5379348480393625,0.12569045752622378,ELIGIBLE,R03b_20260811_FULL_v1,L1_ELIGIBILITY,v2026-08-11,2026-03-21..2026-08-06,baccarat_bet02_101_all_pairs_incl_sentinel,round_win = game_pnl > 0 (decisive only),COMPATIBILITY_ONLY_NOT_PRODUCTION,781.2623,718.0662,168.7864,96,35,-0.21604314,,-0.21604314,-0.21604314,-168.7864,781.2623,OK,0.0000,6.7515,4.0000,96.0000,AG03-UNRESOLVED,ALL5_LEVELS_bet23_to_bet27,6.7515,6.7515,6.7515,8.4393,8.4393,4.000000,4.000000,4.000000,5.000000,5.000000,96.000000,96.000000,96.000000,95.000000,95.000000,5.0,37.1330,34.0148,131.6534,134.7716,PENDING_AG03,FALSE,NOT_FOR_ENFORCEMENT,162.0349,689.3436,168.7864,162.0349,6.7515,0.21604314,0.20740142,6.7515,162.0349,0.20740142,6.7515,6.7515,6.7515,8.4393,8.4393,162.0349,0.20740142,37.1330,34.0148,131.6534,134.7716,0.16851365,0.17250488,0.00864173,8.1381,20.5162,4.8225,168.7864,42.1966,781.2623,35.0000,,8.1381,2.6332,2.7648,13.1659,18.4322,25.5418,35.6532,2.6332,-2.6332,9.238092,12.895239,2.943452,4,5,2,5,0E-8,0.21604314,,0E-8,0.000000,0.919110,0.000000,,2026-03-30,2026-03-30,1,4,4,1,1.000000,,,0.000000,,,,,,,,GLOBAL_BASELINE_NO_ENTITY_RANKING,,,NOT_APPLICABLE_GLOBAL_BASELINE,HF9g-P5,,,,X 全窗基线 · 不参与实体赏罚,6878784,688,A168_HF9F_20260827_0900,2026-08-27 09:00:00
2026-03-30,128806156,987,0,224.0829976040,-83.4715749008,-83.4715749008,0.5000000,27,10,0.31077401807936711,0.198381285000,1.292937690165005,2.391795320689925,1.292937690165005,0.11239273307936711,ELIGIBLE,R03b_20260811_FULL_v1,L1_ELIGIBILITY,v2026-08-11,2026-03-21..2026-08-06,baccarat_bet02_101_all_pairs_incl_sentinel,round_win = game_pnl > 0 (decisive only),COMPATIBILITY_ONLY_NOT_PRODUCTION,781.2623,718.0662,168.7864,96,35,-0.21604314,,-0.21604314,-0.21604314,-168.7864,781.2623,OK,0.0000,6.7515,4.0000,96.0000,AG03-UNRESOLVED,ALL5_LEVELS_bet23_to_bet27,6.7515,6.7515,6.7515,8.4393,8.4393,4.000000,4.000000,4.000000,5.000000,5.000000,96.000000,96.000000,96.000000,95.000000,95.000000,5.0,37.1330,34.0148,131.6534,134.7716,PENDING_AG03,FALSE,NOT_FOR_ENFORCEMENT,162.0349,689.3436,168.7864,162.0349,6.7515,0.21604314,0.20740142,6.7515,162.0349,0.20740142,6.7515,6.7515,6.7515,8.4393,8.4393,162.0349,0.20740142,37.1330,34.0148,131.6534,134.7716,0.16851365,0.17250488,0.00864173,8.1381,20.5162,4.8225,168.7864,42.1966,781.2623,35.0000,,8.1381,2.6332,2.7648,13.1659,18.4322,25.5418,35.6532,2.6332,-2.6332,9.238092,12.895239,2.943452,4,5,2,5,0E-8,0.21604314,,0E-8,0.000000,0.919110,0.000000,,2026-03-30,2026-03-30,1,4,4,1,1.000000,,,0.000000,,,,,,,,GLOBAL_BASELINE_NO_ENTITY_RANKING,,,NOT_APPLICABLE_GLOBAL_BASELINE,HF9g-P5,,,,X 全窗基线 · 不参与实体赏罚,6878785,688,A168_HF9F_20260827_0900,2026-08-27 09:00:00
2026-03-30,128806156,994,0,217.5000658295,-52.5317955605,-52.5317955605,0.4285714,20,7,0.36359827303803340,0.209808802381,0.3573603780427964,1.4214912875222028,0.3573603780427964,0.15378947065703340,ELIGIBLE,R03b_20260811_FULL_v1,L1_ELIGIBILITY,v2026-08-11,2026-03-21..2026-08-06,baccarat_bet02_101_all_pairs_incl_sentinel,round_win = game_pnl > 0 (decisive only),COMPATIBILITY_ONLY_NOT_PRODUCTION,781.2623,718.0662,168.7864,96,35,-0.21604314,,-0.21604314,-0.21604314,-168.7864,781.2623,OK,0.0000,6.7515,4.0000,96.0000,AG03-UNRESOLVED,ALL5_LEVELS_bet23_to_bet27,6.7515,6.7515,6.7515,8.4393,8.4393,4.000000,4.000000,4.000000,5.000000,5.000000,96.000000,96.000000,96.000000,95.000000,95.000000,5.0,37.1330,34.0148,131.6534,134.7716,PENDING_AG03,FALSE,NOT_FOR_ENFORCEMENT,162.0349,689.3436,168.7864,162.0349,6.7515,0.21604314,0.20740142,6.7515,162.0349,0.20740142,6.7515,6.7515,6.7515,8.4393,8.4393,162.0349,0.20740142,37.1330,34.0148,131.6534,134.7716,0.16851365,0.17250488,0.00864173,8.1381,20.5162,4.8225,168.7864,42.1966,781.2623,35.0000,,8.1381,2.6332,2.7648,13.1659,18.4322,25.5418,35.6532,2.6332,-2.6332,9.238092,12.895239,2.943452,4,5,2,5,0E-8,0.21604314,,0E-8,0.000000,0.919110,0.000000,,2026-03-30,2026-03-30,1,4,4,1,1.000000,,,0.000000,,,,,,,,GLOBAL_BASELINE_NO_ENTITY_RANKING,,,NOT_APPLICABLE_GLOBAL_BASELINE,HF9g-P5,,,,X 全窗基线 · 不参与实体赏罚,6878786,688,A168_HF9F_20260827_0900,2026-08-27 09:00:00
2026-03-23,147699117,2170,0,168.7863706981,-168.7863706981,-168.7863706981,0E-7,1,1,0.49324550000000000,0.493245500000,-0.9865810262130424,-0.9865810262130424,-0.9865810262130424,0E-17,ELIGIBLE,R03b_20260811_FULL_v1,L1_ELIGIBILITY,v2026-08-11,2026-03-21..2026-08-06,baccarat_bet02_101_all_pairs_incl_sentinel,round_win = game_pnl > 0 (decisive only),COMPATIBILITY_ONLY_NOT_PRODUCTION,168.7864,168.7864,168.7864,1,1,-1.00000000,,-1.00000000,-1.00000000,-168.7864,168.7864,THIN_EXPOSURE,0.0000,6.7515,4.0000,96.0000,AG03-UNRESOLVED,ALL5_LEVELS_bet23_to_bet27,6.7515,6.7515,8.4393,8.4393,8.4393,4.000000,4.000000,5.000000,5.000000,5.000000,96.000000,96.000000,95.000000,95.000000,95.000000,5.0,38.8209,35.4187,129.9655,133.3677,PENDING_AG03,FALSE,NOT_FOR_ENFORCEMENT,162.0349,162.0349,168.7864,162.0349,6.7515,1.00000000,0.96000000,6.7515,162.0349,0.96000000,6.7515,6.7515,8.4393,8.4393,8.4393,162.0349,0.96000000,38.8209,35.4187,129.9655,133.3677,0.77000000,0.7901568,0.04000000,168.7864,168.7864,168.7864,168.7864,168.7864,168.7864,1.0000,,168.7864,168.7864,168.7864,168.7864,168.7864,168.7864,168.7864,168.7864,-168.7864,1.0,1.0,1.0,1,1,1,1,0E-8,1.00000000,,0E-8,0.000000,1.000000,0.000000,,2026-03-23,2026-03-23,1,1,1,1,1.000000,,,0.000000,,,,,,,,GLOBAL_BASELINE_NO_ENTITY_RANKING,,,NOT_APPLICABLE_GLOBAL_BASELINE,HF9g-P5,,,,X 全窗基线 · 不参与实体赏罚,6878787,688,A168_HF9F_20260827_0900,2026-08-27 09:00:00
2026-03-31,139652774,1505,0,168.7863706981,-168.7863706981,-168.7863706981,0E-7,3,1,0.47902194134158939,0.218682466667,-0.9588882274643833,-0.5290457096990526,-0.9588882274643833,0.26033947467458939,ELIGIBLE,R03b_20260811_FULL_v1,L1_ELIGIBILITY,v2026-08-11,2026-03-21..2026-08-06,baccarat_bet02_101_all_pairs_incl_sentinel,round_win = game_pnl > 0 (decisive only),COMPATIBILITY_ONLY_NOT_PRODUCTION,168.7864,168.7864,168.7864,3,1,-1.00000000,,-1.00000000,-1.00000000,-168.7864,168.7864,THIN_EXPOSURE,0.0000,6.7515,4.0000,96.0000,AG03-UNRESOLVED,ALL5_LEVELS_bet23_to_bet27,6.7515,6.7515,6.7515,8.4393,8.4393,4.000000,4.000000,4.000000,5.000000,5.000000,96.000000,96.000000,96.000000,95.000000,95.000000,5.0,37.1330,34.0148,131.6534,134.7716,PENDING_AG03,FALSE,NOT_FOR_ENFORCEMENT,162.0349,162.0349,168.7864,162.0349,6.7515,1.00000000,0.96000000,6.7515,162.0349,0.96000000,6.7515,6.7515,6.7515,8.4393,8.4393,162.0349,0.96000000,37.1330,34.0148,131.6534,134.7716,0.78000000,0.79847424,0.04000000,56.2621,168.7864,168.7864,168.7864,168.7864,168.7864,1.0000,,56.2621,5.3322,5.5297,119.8752,157.9904,157.9904,157.9904,5.5297,-5.5297,28.571428,28.571428,10.174603,1,1,1,3,0E-8,1.00000000,,0E-8,0.000000,1.000000,0.000000,,2026-03-31,2026-03-31,1,1,1,1,1.000000,,,0.000000,,,,,,,,GLOBAL_BASELINE_NO_ENTITY_RANKING,,,NOT_APPLICABLE_GLOBAL_BASELINE,HF9g-P5,,,,X 全窗基线 · 不参与实体赏罚,6878788,688,A168_HF9F_20260827_0900,2026-08-27 09:00:00
2026-04-27,149216229,-1,1,147.5765817047,147.5765817047,147.5765817047,1.0000000,2,2,0.50665070000000000,0.506650700000,1.3955260008387969,1.3955260008387969,1.3955260008387969,0E-17,SENTINEL_DEALER,R03b_20260811_FULL_v1,L1_ELIGIBILITY,v2026-08-11,2026-03-21..2026-08-06,baccarat_bet02_101_all_pairs_incl_sentinel,round_win = game_pnl > 0 (decisive only),COMPATIBILITY_ONLY_NOT_PRODUCTION,1817.6128,1721.2826,168.7883,35,35,-0.09286265,,-0.09286265,-0.09286265,-168.7883,1817.6128,OK,0.0000,6.7515,4.0000,96.0000,AG03-UNRESOLVED,ALL5_LEVELS_bet23_to_bet27,6.7515,6.7515,6.7515,6.7515,6.7515,4.000000,4.000000,4.000000,4.000000,4.000000,96.000000,96.000000,96.000000,96.000000,96.000000,5.0,33.7577,31.1629,135.0307,137.6254,PENDING_AG03,FALSE,NOT_FOR_ENFORCEMENT,162.0368,1652.4313,168.7883,162.0368,6.7515,0.09286265,0.08914815,6.7515,162.0368,0.08914815,6.7515,6.7515,6.7515,6.7515,6.7515,162.0368,0.08914815,33.7577,31.1629,135.0307,137.6254,0.07429012,0.07571767,0.00371451,51.9318,49.1795,4.8225,84.3942,8.8836,908.8064,17.5000,,51.9318,21.0062,40.0565,80.113,105.4118,105.4118,126.4942,37.9483,0.0,2.631579,3.157895,1.296464,13,18,2,2,0E-8,0.09286265,,0E-8,0.000000,0.947002,0.485714,,2026-04-27,2026-05-28,2,19,19,32,0.062500,,,0.000000,,,,,,,,GLOBAL_BASELINE_NO_ENTITY_RANKING,,,NOT_APPLICABLE_GLOBAL_BASELINE,HF9g-P5,,,,X 全窗基线 · 不参与实体赏罚,6878789,688,A168_HF9F_20260827_0900,2026-08-27 09:00:00
2026-04-27,149216229,1401,0,189.7413193346,-21.0823688150,-21.0823688150,0.5000000,2,2,0.50665070000000000,0.506650700000,-0.018812684590367487,-0.018812684590367487,-0.018812684590367487,0E-17,ELIGIBLE,R03b_20260811_FULL_v1,L1_ELIGIBILITY,v2026-08-11,2026-03-21..2026-08-06,baccarat_bet02_101_all_pairs_incl_sentinel,round_win = game_pnl > 0 (decisive only),COMPATIBILITY_ONLY_NOT_PRODUCTION,1817.6128,1721.2826,168.7883,35,35,-0.09286265,,-0.09286265,-0.09286265,-168.7883,1817.6128,OK,0.0000,6.7515,4.0000,96.0000,AG03-UNRESOLVED,ALL5_LEVELS_bet23_to_bet27,6.7515,6.7515,6.7515,6.7515,6.7515,4.000000,4.000000,4.000000,4.000000,4.000000,96.000000,96.000000,96.000000,96.000000,96.000000,5.0,33.7577,31.1629,135.0307,137.6254,PENDING_AG03,FALSE,NOT_FOR_ENFORCEMENT,162.0368,1652.4313,168.7883,162.0368,6.7515,0.09286265,0.08914815,6.7515,162.0368,0.08914815,6.7515,6.7515,6.7515,6.7515,6.7515,162.0368,0.08914815,33.7577,31.1629,135.0307,137.6254,0.07429012,0.07571767,0.00371451,51.9318,49.1795,4.8225,84.3942,8.8836,908.8064,17.5000,,51.9318,21.0062,40.0565,80.113,105.4118,105.4118,126.4942,37.9483,0.0,2.631579,3.157895,1.296464,13,18,2,2,0E-8,0.09286265,,0E-8,0.000000,0.947002,0.485714,,2026-04-27,2026-05-28,2,19,19,32,0.062500,,,0.000000,,,,,,,,GLOBAL_BASELINE_NO_ENTITY_RANKING,,,NOT_APPLICABLE_GLOBAL_BASELINE,HF9g-P5,,,,X 全窗基线 · 不参与实体赏罚,6878790,688,A168_HF9F_20260827_0900,2026-08-27 09:00:00
2026-04-27,149216229,1645,0,63.2471064449,-63.2471064449,-63.2471064449,0E-7,1,1,0.50665070000000000,0.506650700000,-1.013391052207602,-1.013391052207602,-1.013391052207602,0E-17,ELIGIBLE,R03b_20260811_FULL_v1,L1_ELIGIBILITY,v2026-08-11,2026-03-21..2026-08-06,baccarat_bet02_101_all_pairs_incl_sentinel,round_win = game_pnl > 0 (decisive only),COMPATIBILITY_ONLY_NOT_PRODUCTION,1817.6128,1721.2826,168.7883,35,35,-0.09286265,,-0.09286265,-0.09286265,-168.7883,1817.6128,OK,0.0000,6.7515,4.0000,96.0000,AG03-UNRESOLVED,ALL5_LEVELS_bet23_to_bet27,6.7515,6.7515,6.7515,6.7515,6.7515,4.000000,4.000000,4.000000,4.000000,4.000000,96.000000,96.000000,96.000000,96.000000,96.000000,5.0,33.7577,31.1629,135.0307,137.6254,PENDING_AG03,FALSE,NOT_FOR_ENFORCEMENT,162.0368,1652.4313,168.7883,162.0368,6.7515,0.09286265,0.08914815,6.7515,162.0368,0.08914815,6.7515,6.7515,6.7515,6.7515,6.7515,162.0368,0.08914815,33.7577,31.1629,135.0307,137.6254,0.07429012,0.07571767,0.00371451,51.9318,49.1795,4.8225,84.3942,8.8836,908.8064,17.5000,,51.9318,21.0062,40.0565,80.113,105.4118,105.4118,126.4942,37.9483,0.0,2.631579,3.157895,1.296464,13,18,2,2,0E-8,0.09286265,,0E-8,0.000000,0.947002,0.485714,,2026-04-27,2026-05-28,2,19,19,32,0.062500,,,0.000000,,,,,,,,GLOBAL_BASELINE_NO_ENTITY_RANKING,,,NOT_APPLICABLE_GLOBAL_BASELINE,HF9g-P5,,,,X 全窗基线 · 不参与实体赏罚,6878791,688,A168_HF9F_20260827_0900,2026-08-27 09:00:00
2026-04-27,149216229,1994,0,105.4118440748,-105.4118440748,-105.4118440748,0E-7,1,1,0.50665070000000000,0.506650700000,-1.013391052207602,-1.013391052207602,-1.013391052207602,0E-17,ELIGIBLE,R03b_20260811_FULL_v1,L1_ELIGIBILITY,v2026-08-11,2026-03-21..2026-08-06,baccarat_bet02_101_all_pairs_incl_sentinel,round_win = game_pnl > 0 (decisive only),COMPATIBILITY_ONLY_NOT_PRODUCTION,1817.6128,1721.2826,168.7883,35,35,-0.09286265,,-0.09286265,-0.09286265,-168.7883,1817.6128,OK,0.0000,6.7515,4.0000,96.0000,AG03-UNRESOLVED,ALL5_LEVELS_bet23_to_bet27,6.7515,6.7515,6.7515,6.7515,6.7515,4.000000,4.000000,4.000000,4.000000,4.000000,96.000000,96.000000,96.000000,96.000000,96.000000,5.0,33.7577,31.1629,135.0307,137.6254,PENDING_AG03,FALSE,NOT_FOR_ENFORCEMENT,162.0368,1652.4313,168.7883,162.0368,6.7515,0.09286265,0.08914815,6.7515,162.0368,0.08914815,6.7515,6.7515,6.7515,6.7515,6.7515,162.0368,0.08914815,33.7577,31.1629,135.0307,137.6254,0.07429012,0.07571767,0.00371451,51.9318,49.1795,4.8225,84.3942,8.8836,908.8064,17.5000,,51.9318,21.0062,40.0565,80.113,105.4118,105.4118,126.4942,37.9483,0.0,2.631579,3.157895,1.296464,13,18,2,2,0E-8,0.09286265,,0E-8,0.000000,0.947002,0.485714,,2026-04-27,2026-05-28,2,19,19,32,0.062500,,,0.000000,,,,,,,,GLOBAL_BASELINE_NO_ENTITY_RANKING,,,NOT_APPLICABLE_GLOBAL_BASELINE,HF9g-P5,,,,X 全窗基线 · 不参与实体赏罚,6878792,688,A168_HF9F_20260827_0900,2026-08-27 09:00:00
2026-04-27,149216229,2088,0,37.9482638669,37.9482638669,37.9482638669,1.0000000,1,1,0.50665070000000000,0.506650700000,0.9867858985152569,0.9867858985152569,0.9867858985152569,0E-17,ELIGIBLE,R03b_20260811_FULL_v1,L1_ELIGIBILITY,v2026-08-11,2026-03-21..2026-08-06,baccarat_bet02_101_all_pairs_incl_sentinel,round_win = game_pnl > 0 (decisive only),COMPATIBILITY_ONLY_NOT_PRODUCTION,1817.6128,1721.2826,168.7883,35,35,-0.09286265,,-0.09286265,-0.09286265,-168.7883,1817.6128,OK,0.0000,6.7515,4.0000,96.0000,AG03-UNRESOLVED,ALL5_LEVELS_bet23_to_bet27,6.7515,6.7515,6.7515,6.7515,6.7515,4.000000,4.000000,4.000000,4.000000,4.000000,96.000000,96.000000,96.000000,96.000000,96.000000,5.0,33.7577,31.1629,135.0307,137.6254,PENDING_AG03,FALSE,NOT_FOR_ENFORCEMENT,162.0368,1652.4313,168.7883,162.0368,6.7515,0.09286265,0.08914815,6.7515,162.0368,0.08914815,6.7515,6.7515,6.7515,6.7515,6.7515,162.0368,0.08914815,33.7577,31.1629,135.0307,137.6254,0.07429012,0.07571767,0.00371451,51.9318,49.1795,4.8225,84.3942,8.8836,908.8064,17.5000,,51.9318,21.0062,40.0565,80.113,105.4118,105.4118,126.4942,37.9483,0.0,2.631579,3.157895,1.296464,13,18,2,2,0E-8,0.09286265,,0E-8,0.000000,0.947002,0.485714,,2026-04-27,2026-05-28,2,19,19,32,0.062500,,,0.000000,,,,,,,,GLOBAL_BASELINE_NO_ENTITY_RANKING,,,NOT_APPLICABLE_GLOBAL_BASELINE,HF9g-P5,,,,X 全窗基线 · 不参与实体赏罚,6878793,688,A168_HF9F_20260827_0900,2026-08-27 09:00:00
2026-04-27,149216229,2106,0,105.4118440748,-105.4118440748,-105.4118440748,0E-7,1,1,0.50665070000000000,0.506650700000,-1.013391052207602,-1.013391052207602,-1.013391052207602,0E-17,ELIGIBLE,R03b_20260811_FULL_v1,L1_ELIGIBILITY,v2026-08-11,2026-03-21..2026-08-06,baccarat_bet02_101_all_pairs_incl_sentinel,round_win = game_pnl > 0 (decisive only),COMPATIBILITY_ONLY_NOT_PRODUCTION,1817.6128,1721.2826,168.7883,35,35,-0.09286265,,-0.09286265,-0.09286265,-168.7883,1817.6128,OK,0.0000,6.7515,4.0000,96.0000,AG03-UNRESOLVED,ALL5_LEVELS_bet23_to_bet27,6.7515,6.7515,6.7515,6.7515,6.7515,4.000000,4.000000,4.000000,4.000000,4.000000,96.000000,96.000000,96.000000,96.000000,96.000000,5.0,33.7577,31.1629,135.0307,137.6254,PENDING_AG03,FALSE,NOT_FOR_ENFORCEMENT,162.0368,1652.4313,168.7883,162.0368,6.7515,0.09286265,0.08914815,6.7515,162.0368,0.08914815,6.7515,6.7515,6.7515,6.7515,6.7515,162.0368,0.08914815,33.7577,31.1629,135.0307,137.6254,0.07429012,0.07571767,0.00371451,51.9318,49.1795,4.8225,84.3942,8.8836,908.8064,17.5000,,51.9318,21.0062,40.0565,80.113,105.4118,105.4118,126.4942,37.9483,0.0,2.631579,3.157895,1.296464,13,18,2,2,0E-8,0.09286265,,0E-8,0.000000,0.947002,0.485714,,2026-04-27,2026-05-28,2,19,19,32,0.062500,,,0.000000,,,,,,,,GLOBAL_BASELINE_NO_ENTITY_RANKING,,,NOT_APPLICABLE_GLOBAL_BASELINE,HF9g-P5,,,,X 全窗基线 · 不参与实体赏罚,6878794,688,A168_HF9F_20260827_0900,2026-08-27 09:00:00
2026-04-27,149216229,2147,0,349.9673223284,-12.6494212890,-12.6494212890,0.6000000,5,5,0.50665070000000000,0.506650700000,0.4175076967804994,0.4175076967804994,0.4175076967804994,0E-17,ELIGIBLE,R03b_20260811_FULL_v1,L1_ELIGIBILITY,v2026-08-11,2026-03-21..2026-08-06,baccarat_bet02_101_all_pairs_incl_sentinel,round_win = game_pnl > 0 (decisive only),COMPATIBILITY_ONLY_NOT_PRODUCTION,1817.6128,1721.2826,168.7883,35,35,-0.09286265,,-0.09286265,-0.09286265,-168.7883,1817.6128,OK,0.0000,6.7515,4.0000,96.0000,AG03-UNRESOLVED,ALL5_LEVELS_bet23_to_bet27,6.7515,6.7515,6.7515,6.7515,6.7515,4.000000,4.000000,4.000000,4.000000,4.000000,96.000000,96.000000,96.000000,96.000000,96.000000,5.0,33.7577,31.1629,135.0307,137.6254,PENDING_AG03,FALSE,NOT_FOR_ENFORCEMENT,162.0368,1652.4313,168.7883,162.0368,6.7515,0.09286265,0.08914815,6.7515,162.0368,0.08914815,6.7515,6.7515,6.7515,6.7515,6.7515,162.0368,0.08914815,33.7577,31.1629,135.0307,137.6254,0.07429012,0.07571767,0.00371451,51.9318,49.1795,4.8225,84.3942,8.8836,908.8064,17.5000,,51.9318,21.0062,40.0565,80.113,105.4118,105.4118,126.4942,37.9483,0.0,2.631579,3.157895,1.296464,13,18,2,2,0E-8,0.09286265,,0E-8,0.000000,0.947002,0.485714,,2026-04-27,2026-05-28,2,19,19,32,0.062500,,,0.000000,,,,,,,,GLOBAL_BASELINE_NO_ENTITY_RANKING,,,NOT_APPLICABLE_GLOBAL_BASELINE,HF9g-P5,,,,X 全窗基线 · 不参与实体赏罚,6878795,688,A168_HF9F_20260827_0900,2026-08-27 09:00:00
2026-04-27,149216229,2160,0,231.9060569646,-21.0823688150,-21.0823688150,0.5000000,2,2,0.49994810000000000,0.499948100000,0.00014679536856514622,0.00014679536856514622,0.00014679536856514622,0E-17,ELIGIBLE,R03b_20260811_FULL_v1,L1_ELIGIBILITY,v2026-08-11,2026-03-21..2026-08-06,baccarat_bet02_101_all_pairs_incl_sentinel,round_win = game_pnl > 0 (decisive only),COMPATIBILITY_ONLY_NOT_PRODUCTION,1817.6128,1721.2826,168.7883,35,35,-0.09286265,,-0.09286265,-0.09286265,-168.7883,1817.6128,OK,0.0000,6.7515,4.0000,96.0000,AG03-UNRESOLVED,ALL5_LEVELS_bet23_to_bet27,6.7515,6.7515,6.7515,6.7515,6.7515,4.000000,4.000000,4.000000,4.000000,4.000000,96.000000,96.000000,96.000000,96.000000,96.000000,5.0,33.7577,31.1629,135.0307,137.6254,PENDING_AG03,FALSE,NOT_FOR_ENFORCEMENT,162.0368,1652.4313,168.7883,162.0368,6.7515,0.09286265,0.08914815,6.7515,162.0368,0.08914815,6.7515,6.7515,6.7515,6.7515,6.7515,162.0368,0.08914815,33.7577,31.1629,135.0307,137.6254,0.07429012,0.07571767,0.00371451,51.9318,49.1795,4.8225,84.3942,8.8836,908.8064,17.5000,,51.9318,21.0062,40.0565,80.113,105.4118,105.4118,126.4942,37.9483,0.0,2.631579,3.157895,1.296464,13,18,2,2,0E-8,0.09286265,,0E-8,0.000000,0.947002,0.485714,,2026-04-27,2026-05-28,2,19,19,32,0.062500,,,0.000000,,,,,,,,GLOBAL_BASELINE_NO_ENTITY_RANKING,,,NOT_APPLICABLE_GLOBAL_BASELINE,HF9g-P5,,,,X 全窗基线 · 不参与实体赏罚,6878796,688,A168_HF9F_20260827_0900,2026-08-27 09:00:00
2026-04-27,149216229,2188,0,63.2471064449,63.2471064449,63.2471064449,1.0000000,1,1,0.50665070000000000,0.506650700000,0.9867858985152569,0.9867858985152569,0.9867858985152569,0E-17,ELIGIBLE,R03b_20260811_FULL_v1,L1_ELIGIBILITY,v2026-08-11,2026-03-21..2026-08-06,baccarat_bet02_101_all_pairs_incl_sentinel,round_win = game_pnl > 0 (decisive only),COMPATIBILITY_ONLY_NOT_PRODUCTION,1817.6128,1721.2826,168.7883,35,35,-0.09286265,,-0.09286265,-0.09286265,-168.7883,1817.6128,OK,0.0000,6.7515,4.0000,96.0000,AG03-UNRESOLVED,ALL5_LEVELS_bet23_to_bet27,6.7515,6.7515,6.7515,6.7515,6.7515,4.000000,4.000000,4.000000,4.000000,4.000000,96.000000,96.000000,96.000000,96.000000,96.000000,5.0,33.7577,31.1629,135.0307,137.6254,PENDING_AG03,FALSE,NOT_FOR_ENFORCEMENT,162.0368,1652.4313,168.7883,162.0368,6.7515,0.09286265,0.08914815,6.7515,162.0368,0.08914815,6.7515,6.7515,6.7515,6.7515,6.7515,162.0368,0.08914815,33.7577,31.1629,135.0307,137.6254,0.07429012,0.07571767,0.00371451,51.9318,49.1795,4.8225,84.3942,8.8836,908.8064,17.5000,,51.9318,21.0062,40.0565,80.113,105.4118,105.4118,126.4942,37.9483,0.0,2.631579,3.157895,1.296464,13,18,2,2,0E-8,0.09286265,,0E-8,0.000000,0.947002,0.485714,,2026-04-27,2026-05-28,2,19,19,32,0.062500,,,0.000000,,,,,,,,GLOBAL_BASELINE_NO_ENTITY_RANKING,,,NOT_APPLICABLE_GLOBAL_BASELINE,HF9g-P5,,,,X 全窗基线 · 不参与实体赏罚,6878797,688,A168_HF9F_20260827_0900,2026-08-27 09:00:00
2026-04-27,149216229,2222,0,105.4118440748,-105.4118440748,-105.4118440748,0E-7,1,1,0.50665070000000000,0.506650700000,-1.013391052207602,-1.013391052207602,-1.013391052207602,0E-17,ELIGIBLE,R03b_20260811_FULL_v1,L1_ELIGIBILITY,v2026-08-11,2026-03-21..2026-08-06,baccarat_bet02_101_all_pairs_incl_sentinel,round_win = game_pnl > 0 (decisive only),COMPATIBILITY_ONLY_NOT_PRODUCTION,1817.6128,1721.2826,168.7883,35,35,-0.09286265,,-0.09286265,-0.09286265,-168.7883,1817.6128,OK,0.0000,6.7515,4.0000,96.0000,AG03-UNRESOLVED,ALL5_LEVELS_bet23_to_bet27,6.7515,6.7515,6.7515,6.7515,6.7515,4.000000,4.000000,4.000000,4.000000,4.000000,96.000000,96.000000,96.000000,96.000000,96.000000,5.0,33.7577,31.1629,135.0307,137.6254,PENDING_AG03,FALSE,NOT_FOR_ENFORCEMENT,162.0368,1652.4313,168.7883,162.0368,6.7515,0.09286265,0.08914815,6.7515,162.0368,0.08914815,6.7515,6.7515,6.7515,6.7515,6.7515,162.0368,0.08914815,33.7577,31.1629,135.0307,137.6254,0.07429012,0.07571767,0.00371451,51.9318,49.1795,4.8225,84.3942,8.8836,908.8064,17.5000,,51.9318,21.0062,40.0565,80.113,105.4118,105.4118,126.4942,37.9483,0.0,2.631579,3.157895,1.296464,13,18,2,2,0E-8,0.09286265,,0E-8,0.000000,0.947002,0.485714,,2026-04-27,2026-05-28,2,19,19,32,0.062500,,,0.000000,,,,,,,,GLOBAL_BASELINE_NO_ENTITY_RANKING,,,NOT_APPLICABLE_GLOBAL_BASELINE,HF9g-P5,,,,X 全窗基线 · 不参与实体赏罚,6878798,688,A168_HF9F_20260827_0900,2026-08-27 09:00:00
2026-04-27,149216229,2271,0,96.9788965488,65.3553433263,65.3553433263,0.6666667,3,3,0.50218230000000000,0.502182300000,0.5697959874915163,0.5697959874915164,0.5697959874915163,0E-17,ELIGIBLE,R03b_20260811_FULL_v1,L1_ELIGIBILITY,v2026-08-11,2026-03-21..2026-08-06,baccarat_bet02_101_all_pairs_incl_sentinel,round_win = game_pnl > 0 (decisive only),COMPATIBILITY_ONLY_NOT_PRODUCTION,1817.6128,1721.2826,168.7883,35,35,-0.09286265,,-0.09286265,-0.09286265,-168.7883,1817.6128,OK,0.0000,6.7515,4.0000,96.0000,AG03-UNRESOLVED,ALL5_LEVELS_bet23_to_bet27,6.7515,6.7515,6.7515,6.7515,6.7515,4.000000,4.000000,4.000000,4.000000,4.000000,96.000000,96.000000,96.000000,96.000000,96.000000,5.0,33.7577,31.1629,135.0307,137.6254,PENDING_AG03,FALSE,NOT_FOR_ENFORCEMENT,162.0368,1652.4313,168.7883,162.0368,6.7515,0.09286265,0.08914815,6.7515,162.0368,0.08914815,6.7515,6.7515,6.7515,6.7515,6.7515,162.0368,0.08914815,33.7577,31.1629,135.0307,137.6254,0.07429012,0.07571767,0.00371451,51.9318,49.1795,4.8225,84.3942,8.8836,908.8064,17.5000,,51.9318,21.0062,40.0565,80.113,105.4118,105.4118,126.4942,37.9483,0.0,2.631579,3.157895,1.296464,13,18,2,2,0E-8,0.09286265,,0E-8,0.000000,0.947002,0.485714,,2026-04-27,2026-05-28,2,19,19,32,0.062500,,,0.000000,,,,,,,,GLOBAL_BASELINE_NO_ENTITY_RANKING,,,NOT_APPLICABLE_GLOBAL_BASELINE,HF9g-P5,,,,X 全窗基线 · 不参与实体赏罚,6878799,688,A168_HF9F_20260827_0900,2026-08-27 09:00:00
2026-05-28,149216229,-1,1,21.0061968281,-21.0061968281,-21.0061968281,0E-7,1,1,0.49324550000000000,0.493245500000,-0.9865810262130424,-0.9865810262130424,-0.9865810262130424,0E-17,SENTINEL_DEALER,R03b_20260811_FULL_v1,L1_ELIGIBILITY,v2026-08-11,2026-03-21..2026-08-06,baccarat_bet02_101_all_pairs_incl_sentinel,round_win = game_pnl > 0 (decisive only),COMPATIBILITY_ONLY_NOT_PRODUCTION,1817.6128,1721.2826,168.7883,35,35,-0.09286265,,-0.09286265,-0.09286265,-168.7883,1817.6128,OK,0.0000,6.7515,4.0000,96.0000,AG03-UNRESOLVED,ALL5_LEVELS_bet23_to_bet27,6.7515,6.7515,6.7515,6.7515,6.7515,4.000000,4.000000,4.000000,4.000000,4.000000,96.000000,96.000000,96.000000,96.000000,96.000000,5.0,33.7577,31.1629,135.0307,137.6254,PENDING_AG03,FALSE,NOT_FOR_ENFORCEMENT,162.0368,1652.4313,168.7883,162.0368,6.7515,0.09286265,0.08914815,6.7515,162.0368,0.08914815,6.7515,6.7515,6.7515,6.7515,6.7515,162.0368,0.08914815,33.7577,31.1629,135.0307,137.6254,0.07429012,0.07571767,0.00371451,51.9318,49.1795,4.8225,84.3942,8.8836,908.8064,17.5000,,51.9318,21.0062,40.0565,80.113,105.4118,105.4118,126.4942,37.9483,0.0,2.631579,3.157895,1.296464,13,18,2,2,0E-8,0.09286265,,0E-8,0.000000,0.947002,0.485714,,2026-04-27,2026-05-28,2,19,19,32,0.062500,,,0.000000,,,,,,,,GLOBAL_BASELINE_NO_ENTITY_RANKING,,,NOT_APPLICABLE_GLOBAL_BASELINE,HF9g-P5,,,,X 全窗基线 · 不参与实体赏罚,6878800,688,A168_HF9F_20260827_0900,2026-08-27 09:00:00
2026-05-28,149216229,1004,0,58.8173511186,-29.4086755593,-29.4086755593,0E-7,2,2,0.49994810000000000,0.499948100000,-0.9998962053866608,-0.9998962053866608,-0.9998962053866608,0E-17,ELIGIBLE,R03b_20260811_FULL_v1,L1_ELIGIBILITY,v2026-08-11,2026-03-21..2026-08-06,baccarat_bet02_101_all_pairs_incl_sentinel,round_win = game_pnl > 0 (decisive only),COMPATIBILITY_ONLY_NOT_PRODUCTION,1817.6128,1721.2826,168.7883,35,35,-0.09286265,,-0.09286265,-0.09286265,-168.7883,1817.6128,OK,0.0000,6.7515,4.0000,96.0000,AG03-UNRESOLVED,ALL5_LEVELS_bet23_to_bet27,6.7515,6.7515,6.7515,6.7515,6.7515,4.000000,4.000000,4.000000,4.000000,4.000000,96.000000,96.000000,96.000000,96.000000,96.000000,5.0,33.7577,31.1629,135.0307,137.6254,PENDING_AG03,FALSE,NOT_FOR_ENFORCEMENT,162.0368,1652.4313,168.7883,162.0368,6.7515,0.09286265,0.08914815,6.7515,162.0368,0.08914815,6.7515,6.7515,6.7515,6.7515,6.7515,162.0368,0.08914815,33.7577,31.1629,135.0307,137.6254,0.07429012,0.07571767,0.00371451,51.9318,49.1795,4.8225,84.3942,8.8836,908.8064,17.5000,,51.9318,21.0062,40.0565,80.113,105.4118,105.4118,126.4942,37.9483,0.0,2.631579,3.157895,1.296464,13,18,2,2,0E-8,0.09286265,,0E-8,0.000000,0.947002,0.485714,,2026-04-27,2026-05-28,2,19,19,32,0.062500,,,0.000000,,,,,,,,GLOBAL_BASELINE_NO_ENTITY_RANKING,,,NOT_APPLICABLE_GLOBAL_BASELINE,HF9g-P5,,,,X 全窗基线 · 不参与实体赏罚,6878801,688,A168_HF9F_20260827_0900,2026-08-27 09:00:00
2026-05-28,149216229,1307,0,31.5092952421,-31.5092952421,-31.5092952421,0E-7,2,2,0.50665070000000000,0.506650700000,-1.4331513700195317,-1.4331513700195317,-1.4331513700195317,0E-17,ELIGIBLE,R03b_20260811_FULL_v1,L1_ELIGIBILITY,v2026-08-11,2026-03-21..2026-08-06,baccarat_bet02_101_all_pairs_incl_sentinel,round_win = game_pnl > 0 (decisive only),COMPATIBILITY_ONLY_NOT_PRODUCTION,1817.6128,1721.2826,168.7883,35,35,-0.09286265,,-0.09286265,-0.09286265,-168.7883,1817.6128,OK,0.0000,6.7515,4.0000,96.0000,AG03-UNRESOLVED,ALL5_LEVELS_bet23_to_bet27,6.7515,6.7515,6.7515,6.7515,6.7515,4.000000,4.000000,4.000000,4.000000,4.000000,96.000000,96.000000,96.000000,96.000000,96.000000,5.0,33.7577,31.1629,135.0307,137.6254,PENDING_AG03,FALSE,NOT_FOR_ENFORCEMENT,162.0368,1652.4313,168.7883,162.0368,6.7515,0.09286265,0.08914815,6.7515,162.0368,0.08914815,6.7515,6.7515,6.7515,6.7515,6.7515,162.0368,0.08914815,33.7577,31.1629,135.0307,137.6254,0.07429012,0.07571767,0.00371451,51.9318,49.1795,4.8225,84.3942,8.8836,908.8064,17.5000,,51.9318,21.0062,40.0565,80.113,105.4118,105.4118,126.4942,37.9483,0.0,2.631579,3.157895,1.296464,13,18,2,2,0E-8,0.09286265,,0E-8,0.000000,0.947002,0.485714,,2026-04-27,2026-05-28,2,19,19,32,0.062500,,,0.000000,,,,,,,,GLOBAL_BASELINE_NO_ENTITY_RANKING,,,NOT_APPLICABLE_GLOBAL_BASELINE,HF9g-P5,,,,X 全窗基线 · 不参与实体赏罚,6878802,688,A168_HF9F_20260827_0900,2026-08-27 09:00:00
2026-05-28,149216229,1383,0,21.0061968281,19.9558869867,19.9558869867,1.0000000,1,1,0.50665070000000000,0.506650700000,0.9867858985152569,0.9867858985152569,0.9867858985152569,0E-17,ELIGIBLE,R03b_20260811_FULL_v1,L1_ELIGIBILITY,v2026-08-11,2026-03-21..2026-08-06,baccarat_bet02_101_all_pairs_incl_sentinel,round_win = game_pnl > 0 (decisive only),COMPATIBILITY_ONLY_NOT_PRODUCTION,1817.6128,1721.2826,168.7883,35,35,-0.09286265,,-0.09286265,-0.09286265,-168.7883,1817.6128,OK,0.0000,6.7515,4.0000,96.0000,AG03-UNRESOLVED,ALL5_LEVELS_bet23_to_bet27,6.7515,6.7515,6.7515,6.7515,6.7515,4.000000,4.000000,4.000000,4.000000,4.000000,96.000000,96.000000,96.000000,96.000000,96.000000,5.0,33.7577,31.1629,135.0307,137.6254,PENDING_AG03,FALSE,NOT_FOR_ENFORCEMENT,162.0368,1652.4313,168.7883,162.0368,6.7515,0.09286265,0.08914815,6.7515,162.0368,0.08914815,6.7515,6.7515,6.7515,6.7515,6.7515,162.0368,0.08914815,33.7577,31.1629,135.0307,137.6254,0.07429012,0.07571767,0.00371451,51.9318,49.1795,4.8225,84.3942,8.8836,908.8064,17.5000,,51.9318,21.0062,40.0565,80.113,105.4118,105.4118,126.4942,37.9483,0.0,2.631579,3.157895,1.296464,13,18,2,2,0E-8,0.09286265,,0E-8,0.000000,0.947002,0.485714,,2026-04-27,2026-05-28,2,19,19,32,0.062500,,,0.000000,,,,,,,,GLOBAL_BASELINE_NO_ENTITY_RANKING,,,NOT_APPLICABLE_GLOBAL_BASELINE,HF9g-P5,,,,X 全窗基线 · 不参与实体赏罚,6878803,688,A168_HF9F_20260827_0900,2026-08-27 09:00:00
2026-05-28,149216229,1402,0,21.0061968281,21.0061968281,21.0061968281,1.0000000,1,1,0.49324550000000000,0.493245500000,1.01360149184955,1.01360149184955,1.01360149184955,0E-17,ELIGIBLE,R03b_20260811_FULL_v1,L1_ELIGIBILITY,v2026-08-11,2026-03-21..2026-08-06,baccarat_bet02_101_all_pairs_incl_sentinel,round_win = game_pnl > 0 (decisive only),COMPATIBILITY_ONLY_NOT_PRODUCTION,1817.6128,1721.2826,168.7883,35,35,-0.09286265,,-0.09286265,-0.09286265,-168.7883,1817.6128,OK,0.0000,6.7515,4.0000,96.0000,AG03-UNRESOLVED,ALL5_LEVELS_bet23_to_bet27,6.7515,6.7515,6.7515,6.7515,6.7515,4.000000,4.000000,4.000000,4.000000,4.000000,96.000000,96.000000,96.000000,96.000000,96.000000,5.0,33.7577,31.1629,135.0307,137.6254,PENDING_AG03,FALSE,NOT_FOR_ENFORCEMENT,162.0368,1652.4313,168.7883,162.0368,6.7515,0.09286265,0.08914815,6.7515,162.0368,0.08914815,6.7515,6.7515,6.7515,6.7515,6.7515,162.0368,0.08914815,33.7577,31.1629,135.0307,137.6254,0.07429012,0.07571767,0.00371451,51.9318,49.1795,4.8225,84.3942,8.8836,908.8064,17.5000,,51.9318,21.0062,40.0565,80.113,105.4118,105.4118,126.4942,37.9483,0.0,2.631579,3.157895,1.296464,13,18,2,2,0E-8,0.09286265,,0E-8,0.000000,0.947002,0.485714,,2026-04-27,2026-05-28,2,19,19,32,0.062500,,,0.000000,,,,,,,,GLOBAL_BASELINE_NO_ENTITY_RANKING,,,NOT_APPLICABLE_GLOBAL_BASELINE,HF9g-P5,,,,X 全窗基线 · 不参与实体赏罚,6878804,688,A168_HF9F_20260827_0900,2026-08-27 09:00:00
2026-05-28,149216229,1994,0,21.0061968281,-21.0061968281,-21.0061968281,0E-7,1,1,0.50665070000000000,0.506650700000,-1.013391052207602,-1.013391052207602,-1.013391052207602,0E-17,ELIGIBLE,R03b_20260811_FULL_v1,L1_ELIGIBILITY,v2026-08-11,2026-03-21..2026-08-06,baccarat_bet02_101_all_pairs_incl_sentinel,round_win = game_pnl > 0 (decisive only),COMPATIBILITY_ONLY_NOT_PRODUCTION,1817.6128,1721.2826,168.7883,35,35,-0.09286265,,-0.09286265,-0.09286265,-168.7883,1817.6128,OK,0.0000,6.7515,4.0000,96.0000,AG03-UNRESOLVED,ALL5_LEVELS_bet23_to_bet27,6.7515,6.7515,6.7515,6.7515,6.7515,4.000000,4.000000,4.000000,4.000000,4.000000,96.000000,96.000000,96.000000,96.000000,96.000000,5.0,33.7577,31.1629,135.0307,137.6254,PENDING_AG03,FALSE,NOT_FOR_ENFORCEMENT,162.0368,1652.4313,168.7883,162.0368,6.7515,0.09286265,0.08914815,6.7515,162.0368,0.08914815,6.7515,6.7515,6.7515,6.7515,6.7515,162.0368,0.08914815,33.7577,31.1629,135.0307,137.6254,0.07429012,0.07571767,0.00371451,51.9318,49.1795,4.8225,84.3942,8.8836,908.8064,17.5000,,51.9318,21.0062,40.0565,80.113,105.4118,105.4118,126.4942,37.9483,0.0,2.631579,3.157895,1.296464,13,18,2,2,0E-8,0.09286265,,0E-8,0.000000,0.947002,0.485714,,2026-04-27,2026-05-28,2,19,19,32,0.062500,,,0.000000,,,,,,,,GLOBAL_BASELINE_NO_ENTITY_RANKING,,,NOT_APPLICABLE_GLOBAL_BASELINE,HF9g-P5,,,,X 全窗基线 · 不参与实体赏罚,6878805,688,A168_HF9F_20260827_0900,2026-08-27 09:00:00
2026-05-28,149216229,2174,0,51.4651822288,32.5070895915,32.5070895915,0.6666667,3,3,0.50218230000000000,0.502182300000,0.5697959874915163,0.5697959874915164,0.5697959874915163,0E-17,ELIGIBLE,R03b_20260811_FULL_v1,L1_ELIGIBILITY,v2026-08-11,2026-03-21..2026-08-06,baccarat_bet02_101_all_pairs_incl_sentinel,round_win = game_pnl > 0 (decisive only),COMPATIBILITY_ONLY_NOT_PRODUCTION,1817.6128,1721.2826,168.7883,35,35,-0.09286265,,-0.09286265,-0.09286265,-168.7883,1817.6128,OK,0.0000,6.7515,4.0000,96.0000,AG03-UNRESOLVED,ALL5_LEVELS_bet23_to_bet27,6.7515,6.7515,6.7515,6.7515,6.7515,4.000000,4.000000,4.000000,4.000000,4.000000,96.000000,96.000000,96.000000,96.000000,96.000000,5.0,33.7577,31.1629,135.0307,137.6254,PENDING_AG03,FALSE,NOT_FOR_ENFORCEMENT,162.0368,1652.4313,168.7883,162.0368,6.7515,0.09286265,0.08914815,6.7515,162.0368,0.08914815,6.7515,6.7515,6.7515,6.7515,6.7515,162.0368,0.08914815,33.7577,31.1629,135.0307,137.6254,0.07429012,0.07571767,0.00371451,51.9318,49.1795,4.8225,84.3942,8.8836,908.8064,17.5000,,51.9318,21.0062,40.0565,80.113,105.4118,105.4118,126.4942,37.9483,0.0,2.631579,3.157895,1.296464,13,18,2,2,0E-8,0.09286265,,0E-8,0.000000,0.947002,0.485714,,2026-04-27,2026-05-28,2,19,19,32,0.062500,,,0.000000,,,,,,,,GLOBAL_BASELINE_NO_ENTITY_RANKING,,,NOT_APPLICABLE_GLOBAL_BASELINE,HF9g-P5,,,,X 全窗基线 · 不参与实体赏罚,6878806,688,A168_HF9F_20260827_0900,2026-08-27 09:00:00
2026-05-28,149216229,550,0,18.9055771453,-18.9055771453,-18.9055771453,0E-7,1,1,0.49324550000000000,0.493245500000,-0.9865810262130424,-0.9865810262130424,-0.9865810262130424,0E-17,ELIGIBLE,R03b_20260811_FULL_v1,L1_ELIGIBILITY,v2026-08-11,2026-03-21..2026-08-06,baccarat_bet02_101_all_pairs_incl_sentinel,round_win = game_pnl > 0 (decisive only),COMPATIBILITY_ONLY_NOT_PRODUCTION,1817.6128,1721.2826,168.7883,35,35,-0.09286265,,-0.09286265,-0.09286265,-168.7883,1817.6128,OK,0.0000,6.7515,4.0000,96.0000,AG03-UNRESOLVED,ALL5_LEVELS_bet23_to_bet27,6.7515,6.7515,6.7515,6.7515,6.7515,4.000000,4.000000,4.000000,4.000000,4.000000,96.000000,96.000000,96.000000,96.000000,96.000000,5.0,33.7577,31.1629,135.0307,137.6254,PENDING_AG03,FALSE,NOT_FOR_ENFORCEMENT,162.0368,1652.4313,168.7883,162.0368,6.7515,0.09286265,0.08914815,6.7515,162.0368,0.08914815,6.7515,6.7515,6.7515,6.7515,6.7515,162.0368,0.08914815,33.7577,31.1629,135.0307,137.6254,0.07429012,0.07571767,0.00371451,51.9318,49.1795,4.8225,84.3942,8.8836,908.8064,17.5000,,51.9318,21.0062,40.0565,80.113,105.4118,105.4118,126.4942,37.9483,0.0,2.631579,3.157895,1.296464,13,18,2,2,0E-8,0.09286265,,0E-8,0.000000,0.947002,0.485714,,2026-04-27,2026-05-28,2,19,19,32,0.062500,,,0.000000,,,,,,,,GLOBAL_BASELINE_NO_ENTITY_RANKING,,,NOT_APPLICABLE_GLOBAL_BASELINE,HF9g-P5,,,,X 全窗基线 · 不参与实体赏罚,6878807,688,A168_HF9F_20260827_0900,2026-08-27 09:00:00
2026-05-28,149216229,595,0,76.0424325176,-0.2520743620,-0.2520743620,0.5000000,3,3,0.50665070000000000,0.506650700000,-0.018812684590367487,-0.018812684590367487,-0.018812684590367487,0E-17,ELIGIBLE,R03b_20260811_FULL_v1,L1_ELIGIBILITY,v2026-08-11,2026-03-21..2026-08-06,baccarat_bet02_101_all_pairs_incl_sentinel,round_win = game_pnl > 0 (decisive only),COMPATIBILITY_ONLY_NOT_PRODUCTION,1817.6128,1721.2826,168.7883,35,35,-0.09286265,,-0.09286265,-0.09286265,-168.7883,1817.6128,OK,0.0000,6.7515,4.0000,96.0000,AG03-UNRESOLVED,ALL5_LEVELS_bet23_to_bet27,6.7515,6.7515,6.7515,6.7515,6.7515,4.000000,4.000000,4.000000,4.000000,4.000000,96.000000,96.000000,96.000000,96.000000,96.000000,5.0,33.7577,31.1629,135.0307,137.6254,PENDING_AG03,FALSE,NOT_FOR_ENFORCEMENT,162.0368,1652.4313,168.7883,162.0368,6.7515,0.09286265,0.08914815,6.7515,162.0368,0.08914815,6.7515,6.7515,6.7515,6.7515,6.7515,162.0368,0.08914815,33.7577,31.1629,135.0307,137.6254,0.07429012,0.07571767,0.00371451,51.9318,49.1795,4.8225,84.3942,8.8836,908.8064,17.5000,,51.9318,21.0062,40.0565,80.113,105.4118,105.4118,126.4942,37.9483,0.0,2.631579,3.157895,1.296464,13,18,2,2,0E-8,0.09286265,,0E-8,0.000000,0.947002,0.485714,,2026-04-27,2026-05-28,2,19,19,32,0.062500,,,0.000000,,,,,,,,GLOBAL_BASELINE_NO_ENTITY_RANKING,,,NOT_APPLICABLE_GLOBAL_BASELINE,HF9g-P5,,,,X 全窗基线 · 不参与实体赏罚,6878808,688,A168_HF9F_20260827_0900,2026-08-27 09:00:00
2026-06-16,124814318,2251,0,77.1466042636,-77.1466042636,-77.1466042636,0E-7,1,1,0.50665070000000000,0.506650700000,-1.013391052207602,-1.013391052207602,-1.013391052207602,0E-17,ELIGIBLE,R03b_20260811_FULL_v1,L1_ELIGIBILITY,v2026-08-11,2026-03-21..2026-08-06,baccarat_bet02_101_all_pairs_incl_sentinel,round_win = game_pnl > 0 (decisive only),COMPATIBILITY_ONLY_NOT_PRODUCTION,272.0708,272.0708,168.7997,4,4,-0.62042563,-0.47019868,-1.00000000,-0.62042563,-168.7997,272.0708,THIN_EXPOSURE,0.0000,6.7520,4.0000,96.0000,AG03-UNRESOLVED,ALL5_LEVELS_bet23_to_bet27,6.7520,6.7520,6.7520,8.4400,8.4400,4.000000,4.000000,4.000000,5.000000,5.000000,96.000000,96.000000,96.000000,95.000000,95.000000,5.0,37.1359,34.0175,131.6638,134.7822,PENDING_AG03,FALSE,NOT_FOR_ENFORCEMENT,162.0477,261.1880,168.7997,162.0477,6.7520,0.62042563,0.59560861,6.7520,162.0477,0.59560861,6.7520,6.7520,6.7520,8.4400,8.4400,162.0477,0.59560861,37.1359,34.0175,131.6638,134.7822,0.48393199,0.49539389,0.02481703,68.0177,68.0177,42.1999,84.3999,42.1999,136.0354,2.0000,64.9747,77.1466,58.7354,71.491,77.3,77.4533,77.4533,77.4533,71.491,-71.491,1.0834,1.0834,0.951417,4,4,2,2,0.71644662,0.62042563,0.47019868,0E-8,0.000000,1.000000,0.000000,0.52980132,2026-06-16,2026-07-18,2,4,4,33,0.060606,0.842224,0.955262,2.388155,,,,,,,,GLOBAL_BASELINE_NO_ENTITY_RANKING,,,NOT_APPLICABLE_GLOBAL_BASELINE,HF9g-P5,,,,X 全窗基线 · 不参与实体赏罚,6878809,688,A168_HF9F_20260827_0900,2026-08-27 09:00:00
2026-07-18,124814318,1935,0,65.8353342111,-65.8353342111,-65.8353342111,0E-7,1,1,0.49324550000000000,0.493245500000,-0.9865810262130424,-0.9865810262130424,-0.9865810262130424,0E-17,ELIGIBLE,R03b_20260811_FULL_v1,L1_ELIGIBILITY,v2026-08-11,2026-03-21..2026-08-06,baccarat_bet02_101_all_pairs_incl_sentinel,round_win = game_pnl > 0 (decisive only),COMPATIBILITY_ONLY_NOT_PRODUCTION,272.0708,272.0708,168.7997,4,4,-0.62042563,-0.47019868,-1.00000000,-0.62042563,-168.7997,272.0708,THIN_EXPOSURE,0.0000,6.7520,4.0000,96.0000,AG03-UNRESOLVED,ALL5_LEVELS_bet23_to_bet27,6.7520,6.7520,6.7520,8.4400,8.4400,4.000000,4.000000,4.000000,5.000000,5.000000,96.000000,96.000000,96.000000,95.000000,95.000000,5.0,37.1359,34.0175,131.6638,134.7822,PENDING_AG03,FALSE,NOT_FOR_ENFORCEMENT,162.0477,261.1880,168.7997,162.0477,6.7520,0.62042563,0.59560861,6.7520,162.0477,0.59560861,6.7520,6.7520,6.7520,8.4400,8.4400,162.0477,0.59560861,37.1359,34.0175,131.6638,134.7822,0.48393199,0.49539389,0.02481703,68.0177,68.0177,42.1999,84.3999,42.1999,136.0354,2.0000,64.9747,77.1466,58.7354,71.491,77.3,77.4533,77.4533,77.4533,71.491,-71.491,1.0834,1.0834,0.951417,4,4,2,2,0.71644662,0.62042563,0.47019868,0E-8,0.000000,1.000000,0.000000,0.52980132,2026-06-16,2026-07-18,2,4,4,33,0.060606,0.842224,0.955262,2.388155,,,,,,,,GLOBAL_BASELINE_NO_ENTITY_RANKING,,,NOT_APPLICABLE_GLOBAL_BASELINE,HF9g-P5,,,,X 全窗基线 · 不参与实体赏罚,6878810,688,A168_HF9F_20260827_0900,2026-08-27 09:00:00
2026-07-18,124814318,2130,0,51.6355562440,51.6355562440,51.6355562440,1.0000000,1,1,0.49324550000000000,0.493245500000,1.01360149184955,1.01360149184955,1.01360149184955,0E-17,ELIGIBLE,R03b_20260811_FULL_v1,L1_ELIGIBILITY,v2026-08-11,2026-03-21..2026-08-06,baccarat_bet02_101_all_pairs_incl_sentinel,round_win = game_pnl > 0 (decisive only),COMPATIBILITY_ONLY_NOT_PRODUCTION,272.0708,272.0708,168.7997,4,4,-0.62042563,-0.47019868,-1.00000000,-0.62042563,-168.7997,272.0708,THIN_EXPOSURE,0.0000,6.7520,4.0000,96.0000,AG03-UNRESOLVED,ALL5_LEVELS_bet23_to_bet27,6.7520,6.7520,6.7520,8.4400,8.4400,4.000000,4.000000,4.000000,5.000000,5.000000,96.000000,96.000000,96.000000,95.000000,95.000000,5.0,37.1359,34.0175,131.6638,134.7822,PENDING_AG03,FALSE,NOT_FOR_ENFORCEMENT,162.0477,261.1880,168.7997,162.0477,6.7520,0.62042563,0.59560861,6.7520,162.0477,0.59560861,6.7520,6.7520,6.7520,8.4400,8.4400,162.0477,0.59560861,37.1359,34.0175,131.6638,134.7822,0.48393199,0.49539389,0.02481703,68.0177,68.0177,42.1999,84.3999,42.1999,136.0354,2.0000,64.9747,77.1466,58.7354,71.491,77.3,77.4533,77.4533,77.4533,71.491,-71.491,1.0834,1.0834,0.951417,4,4,2,2,0.71644662,0.62042563,0.47019868,0E-8,0.000000,1.000000,0.000000,0.52980132,2026-06-16,2026-07-18,2,4,4,33,0.060606,0.842224,0.955262,2.388155,,,,,,,,GLOBAL_BASELINE_NO_ENTITY_RANKING,,,NOT_APPLICABLE_GLOBAL_BASELINE,HF9g-P5,,,,X 全窗基线 · 不参与实体赏罚,6878811,688,A168_HF9F_20260827_0900,2026-08-27 09:00:00
2026-07-18,124814318,2280,0,77.4533343660,-77.4533343660,-77.4533343660,0E-7,1,1,0.50665070000000000,0.506650700000,-1.013391052207602,-1.013391052207602,-1.013391052207602,0E-17,ELIGIBLE,R03b_20260811_FULL_v1,L1_ELIGIBILITY,v2026-08-11,2026-03-21..2026-08-06,baccarat_bet02_101_all_pairs_incl_sentinel,round_win = game_pnl > 0 (decisive only),COMPATIBILITY_ONLY_NOT_PRODUCTION,272.0708,272.0708,168.7997,4,4,-0.62042563,-0.47019868,-1.00000000,-0.62042563,-168.7997,272.0708,THIN_EXPOSURE,0.0000,6.7520,4.0000,96.0000,AG03-UNRESOLVED,ALL5_LEVELS_bet23_to_bet27,6.7520,6.7520,6.7520,8.4400,8.4400,4.000000,4.000000,4.000000,5.000000,5.000000,96.000000,96.000000,96.000000,95.000000,95.000000,5.0,37.1359,34.0175,131.6638,134.7822,PENDING_AG03,FALSE,NOT_FOR_ENFORCEMENT,162.0477,261.1880,168.7997,162.0477,6.7520,0.62042563,0.59560861,6.7520,162.0477,0.59560861,6.7520,6.7520,6.7520,8.4400,8.4400,162.0477,0.59560861,37.1359,34.0175,131.6638,134.7822,0.48393199,0.49539389,0.02481703,68.0177,68.0177,42.1999,84.3999,42.1999,136.0354,2.0000,64.9747,77.1466,58.7354,71.491,77.3,77.4533,77.4533,77.4533,71.491,-71.491,1.0834,1.0834,0.951417,4,4,2,2,0.71644662,0.62042563,0.47019868,0E-8,0.000000,1.000000,0.000000,0.52980132,2026-06-16,2026-07-18,2,4,4,33,0.060606,0.842224,0.955262,2.388155,,,,,,,,GLOBAL_BASELINE_NO_ENTITY_RANKING,,,NOT_APPLICABLE_GLOBAL_BASELINE,HF9g-P5,,,,X 全窗基线 · 不参与实体赏罚,6878812,688,A168_HF9F_20260827_0900,2026-08-27 09:00:00
2026-03-25,147112704,-1,1,2.6331727098,2.6331727098,2.6331727098,1.0000000,1,1,0.49324550000000000,0.493245500000,1.01360149184955,1.01360149184955,1.01360149184955,0E-17,SENTINEL_DEALER,R03b_20260811_FULL_v1,L1_ELIGIBILITY,v2026-08-11,2026-03-21..2026-08-06,baccarat_bet02_101_all_pairs_incl_sentinel,round_win = game_pnl > 0 (decisive only),COMPATIBILITY_ONLY_NOT_PRODUCTION,4476.1457,3943.8361,168.8037,230,215,-0.03771184,,-0.03771184,-0.03771184,-168.8037,4476.1457,OK,0.0000,6.7521,4.0000,96.0000,AG03-UNRESOLVED,ALL5_LEVELS_bet23_to_bet27,6.7521,6.7521,6.7521,6.7521,6.7521,4.000000,4.000000,4.000000,4.000000,4.000000,96.000000,96.000000,96.000000,96.000000,96.000000,5.0,33.7607,31.1658,135.0429,137.6379,PENDING_AG03,FALSE,NOT_FOR_ENFORCEMENT,162.0515,3786.0826,168.8037,162.0515,6.7521,0.03771184,0.03620336,6.7521,162.0515,0.03620336,6.7521,6.7521,6.7521,6.7521,6.7521,162.0515,0.03620336,33.7607,31.1658,135.0429,137.6379,0.03016947,0.0307492,0.00150847,19.4615,18.3434,0.7851,33.7607,4.1172,895.2291,43.0000,,19.4615,10.5327,13.1659,26.176,39.2639,52.3519,52.8754,13.088,0.0,3.976337,4.016099,1.478179,19,40,6,3,0E-8,0.03771184,,0E-8,0.000000,0.881079,0.000000,,2026-03-25,2026-04-05,5,41,34,12,0.416667,,,0.000000,,,,,,,,GLOBAL_BASELINE_NO_ENTITY_RANKING,,,NOT_APPLICABLE_GLOBAL_BASELINE,HF9g-P5,,,,X 全窗基线 · 不参与实体赏罚,6878813,688,A168_HF9F_20260827_0900,2026-08-27 09:00:00
2026-03-25,147112704,1017,0,76.3620085842,2.6331727098,2.6331727098,0.4000000,7,7,0.43821157142857143,0.438211571429,-0.17220731081264215,-0.17220731081455506,-0.17220731081264215,-4.2857E-13,ELIGIBLE,R03b_20260811_FULL_v1,L1_ELIGIBILITY,v2026-08-11,2026-03-21..2026-08-06,baccarat_bet02_101_all_pairs_incl_sentinel,round_win = game_pnl > 0 (decisive only),COMPATIBILITY_ONLY_NOT_PRODUCTION,4476.1457,3943.8361,168.8037,230,215,-0.03771184,,-0.03771184,-0.03771184,-168.8037,4476.1457,OK,0.0000,6.7521,4.0000,96.0000,AG03-UNRESOLVED,ALL5_LEVELS_bet23_to_bet27,6.7521,6.7521,6.7521,6.7521,6.7521,4.000000,4.000000,4.000000,4.000000,4.000000,96.000000,96.000000,96.000000,96.000000,96.000000,5.0,33.7607,31.1658,135.0429,137.6379,PENDING_AG03,FALSE,NOT_FOR_ENFORCEMENT,162.0515,3786.0826,168.8037,162.0515,6.7521,0.03771184,0.03620336,6.7521,162.0515,0.03620336,6.7521,6.7521,6.7521,6.7521,6.7521,162.0515,0.03620336,33.7607,31.1658,135.0429,137.6379,0.03016947,0.0307492,0.00150847,19.4615,18.3434,0.7851,33.7607,4.1172,895.2291,43.0000,,19.4615,10.5327,13.1659,26.176,39.2639,52.3519,52.8754,13.088,0.0,3.976337,4.016099,1.478179,19,40,6,3,0E-8,0.03771184,,0E-8,0.000000,0.881079,0.000000,,2026-03-25,2026-04-05,5,41,34,12,0.416667,,,0.000000,,,,,,,,GLOBAL_BASELINE_NO_ENTITY_RANKING,,,NOT_APPLICABLE_GLOBAL_BASELINE,HF9g-P5,,,,X 全窗基线 · 不参与实体赏罚,6878814,688,A168_HF9F_20260827_0900,2026-08-27 09:00:00
2026-03-25,147112704,1094,0,42.1307633568,41.0774942728,41.0774942728,1.0000000,4,4,0.49994810000000000,0.499948100000,2.0002076107755586,2.0002076107755586,2.0002076107755586,0E-17,ELIGIBLE,R03b_20260811_FULL_v1,L1_ELIGIBILITY,v2026-08-11,2026-03-21..2026-08-06,baccarat_bet02_101_all_pairs_incl_sentinel,round_win = game_pnl > 0 (decisive only),COMPATIBILITY_ONLY_NOT_PRODUCTION,4476.1457,3943.8361,168.8037,230,215,-0.03771184,,-0.03771184,-0.03771184,-168.8037,4476.1457,OK,0.0000,6.7521,4.0000,96.0000,AG03-UNRESOLVED,ALL5_LEVELS_bet23_to_bet27,6.7521,6.7521,6.7521,6.7521,6.7521,4.000000,4.000000,4.000000,4.000000,4.000000,96.000000,96.000000,96.000000,96.000000,96.000000,5.0,33.7607,31.1658,135.0429,137.6379,PENDING_AG03,FALSE,NOT_FOR_ENFORCEMENT,162.0515,3786.0826,168.8037,162.0515,6.7521,0.03771184,0.03620336,6.7521,162.0515,0.03620336,6.7521,6.7521,6.7521,6.7521,6.7521,162.0515,0.03620336,33.7607,31.1658,135.0429,137.6379,0.03016947,0.0307492,0.00150847,19.4615,18.3434,0.7851,33.7607,4.1172,895.2291,43.0000,,19.4615,10.5327,13.1659,26.176,39.2639,52.3519,52.8754,13.088,0.0,3.976337,4.016099,1.478179,19,40,6,3,0E-8,0.03771184,,0E-8,0.000000,0.881079,0.000000,,2026-03-25,2026-04-05,5,41,34,12,0.416667,,,0.000000,,,,,,,,GLOBAL_BASELINE_NO_ENTITY_RANKING,,,NOT_APPLICABLE_GLOBAL_BASELINE,HF9g-P5,,,,X 全窗基线 · 不参与实体赏罚,6878815,688,A168_HF9F_20260827_0900,2026-08-27 09:00:00
2026-03-25,147112704,1301,0,21.0653816784,20.5387471364,20.5387471364,1.0000000,2,2,0.49994810000000000,0.499948100000,1.4143603653603398,1.4143603653603398,1.4143603653603398,0E-17,ELIGIBLE,R03b_20260811_FULL_v1,L1_ELIGIBILITY,v2026-08-11,2026-03-21..2026-08-06,baccarat_bet02_101_all_pairs_incl_sentinel,round_win = game_pnl > 0 (decisive only),COMPATIBILITY_ONLY_NOT_PRODUCTION,4476.1457,3943.8361,168.8037,230,215,-0.03771184,,-0.03771184,-0.03771184,-168.8037,4476.1457,OK,0.0000,6.7521,4.0000,96.0000,AG03-UNRESOLVED,ALL5_LEVELS_bet23_to_bet27,6.7521,6.7521,6.7521,6.7521,6.7521,4.000000,4.000000,4.000000,4.000000,4.000000,96.000000,96.000000,96.000000,96.000000,96.000000,5.0,33.7607,31.1658,135.0429,137.6379,PENDING_AG03,FALSE,NOT_FOR_ENFORCEMENT,162.0515,3786.0826,168.8037,162.0515,6.7521,0.03771184,0.03620336,6.7521,162.0515,0.03620336,6.7521,6.7521,6.7521,6.7521,6.7521,162.0515,0.03620336,33.7607,31.1658,135.0429,137.6379,0.03016947,0.0307492,0.00150847,19.4615,18.3434,0.7851,33.7607,4.1172,895.2291,43.0000,,19.4615,10.5327,13.1659,26.176,39.2639,52.3519,52.8754,13.088,0.0,3.976337,4.016099,1.478179,19,40,6,3,0E-8,0.03771184,,0E-8,0.000000,0.881079,0.000000,,2026-03-25,2026-04-05,5,41,34,12,0.416667,,,0.000000,,,,,,,,GLOBAL_BASELINE_NO_ENTITY_RANKING,,,NOT_APPLICABLE_GLOBAL_BASELINE,HF9g-P5,,,,X 全窗基线 · 不参与实体赏罚,6878816,688,A168_HF9F_20260827_0900,2026-08-27 09:00:00
2026-03-25,147112704,1323,0,76.3620085842,-31.8613897886,-31.8613897886,0.3333333,6,6,0.49547970000000000,0.495479700000,-0.5617144462762695,-0.5617144462762695,-0.5617144462762695,0E-17,ELIGIBLE,R03b_20260811_FULL_v1,L1_ELIGIBILITY,v2026-08-11,2026-03-21..2026-08-06,baccarat_bet02_101_all_pairs_incl_sentinel,round_win = game_pnl > 0 (decisive only),COMPATIBILITY_ONLY_NOT_PRODUCTION,4476.1457,3943.8361,168.8037,230,215,-0.03771184,,-0.03771184,-0.03771184,-168.8037,4476.1457,OK,0.0000,6.7521,4.0000,96.0000,AG03-UNRESOLVED,ALL5_LEVELS_bet23_to_bet27,6.7521,6.7521,6.7521,6.7521,6.7521,4.000000,4.000000,4.000000,4.000000,4.000000,96.000000,96.000000,96.000000,96.000000,96.000000,5.0,33.7607,31.1658,135.0429,137.6379,PENDING_AG03,FALSE,NOT_FOR_ENFORCEMENT,162.0515,3786.0826,168.8037,162.0515,6.7521,0.03771184,0.03620336,6.7521,162.0515,0.03620336,6.7521,6.7521,6.7521,6.7521,6.7521,162.0515,0.03620336,33.7607,31.1658,135.0429,137.6379,0.03016947,0.0307492,0.00150847,19.4615,18.3434,0.7851,33.7607,4.1172,895.2291,43.0000,,19.4615,10.5327,13.1659,26.176,39.2639,52.3519,52.8754,13.088,0.0,3.976337,4.016099,1.478179,19,40,6,3,0E-8,0.03771184,,0E-8,0.000000,0.881079,0.000000,,2026-03-25,2026-04-05,5,41,34,12,0.416667,,,0.000000,,,,,,,,GLOBAL_BASELINE_NO_ENTITY_RANKING,,,NOT_APPLICABLE_GLOBAL_BASELINE,HF9g-P5,,,,X 全窗基线 · 不参与实体赏罚,6878817,688,A168_HF9F_20260827_0900,2026-08-27 09:00:00
2026-03-25,147112704,1382,0,21.0653816784,20.5387471364,20.5387471364,1.0000000,2,2,0.49994810000000000,0.499948100000,1.4143603653603398,1.4143603653603398,1.4143603653603398,0E-17,ELIGIBLE,R03b_20260811_FULL_v1,L1_ELIGIBILITY,v2026-08-11,2026-03-21..2026-08-06,baccarat_bet02_101_all_pairs_incl_sentinel,round_win = game_pnl > 0 (decisive only),COMPATIBILITY_ONLY_NOT_PRODUCTION,4476.1457,3943.8361,168.8037,230,215,-0.03771184,,-0.03771184,-0.03771184,-168.8037,4476.1457,OK,0.0000,6.7521,4.0000,96.0000,AG03-UNRESOLVED,ALL5_LEVELS_bet23_to_bet27,6.7521,6.7521,6.7521,6.7521,6.7521,4.000000,4.000000,4.000000,4.000000,4.000000,96.000000,96.000000,96.000000,96.000000,96.000000,5.0,33.7607,31.1658,135.0429,137.6379,PENDING_AG03,FALSE,NOT_FOR_ENFORCEMENT,162.0515,3786.0826,168.8037,162.0515,6.7521,0.03771184,0.03620336,6.7521,162.0515,0.03620336,6.7521,6.7521,6.7521,6.7521,6.7521,162.0515,0.03620336,33.7607,31.1658,135.0429,137.6379,0.03016947,0.0307492,0.00150847,19.4615,18.3434,0.7851,33.7607,4.1172,895.2291,43.0000,,19.4615,10.5327,13.1659,26.176,39.2639,52.3519,52.8754,13.088,0.0,3.976337,4.016099,1.478179,19,40,6,3,0E-8,0.03771184,,0E-8,0.000000,0.881079,0.000000,,2026-03-25,2026-04-05,5,41,34,12,0.416667,,,0.000000,,,,,,,,GLOBAL_BASELINE_NO_ENTITY_RANKING,,,NOT_APPLICABLE_GLOBAL_BASELINE,HF9g-P5,,,,X 全窗基线 · 不参与实体赏罚,6878818,688,A168_HF9F_20260827_0900,2026-08-27 09:00:00
2026-03-25,147112704,1385,0,242.2518893016,145.0878163098,145.0878163098,0.7500000,23,22,0.45563672272727273,0.452515147727,2.6432902715133078,2.6728663275671067,2.6432902715133078,0.00312157500027273,ELIGIBLE,R03b_20260811_FULL_v1,L1_ELIGIBILITY,v2026-08-11,2026-03-21..2026-08-06,baccarat_bet02_101_all_pairs_incl_sentinel,round_win = game_pnl > 0 (decisive only),COMPATIBILITY_ONLY_NOT_PRODUCTION,4476.1457,3943.8361,168.8037,230,215,-0.03771184,,-0.03771184,-0.03771184,-168.8037,4476.1457,OK,0.0000,6.7521,4.0000,96.0000,AG03-UNRESOLVED,ALL5_LEVELS_bet23_to_bet27,6.7521,6.7521,6.7521,6.7521,6.7521,4.000000,4.000000,4.000000,4.000000,4.000000,96.000000,96.000000,96.000000,96.000000,96.000000,5.0,33.7607,31.1658,135.0429,137.6379,PENDING_AG03,FALSE,NOT_FOR_ENFORCEMENT,162.0515,3786.0826,168.8037,162.0515,6.7521,0.03771184,0.03620336,6.7521,162.0515,0.03620336,6.7521,6.7521,6.7521,6.7521,6.7521,162.0515,0.03620336,33.7607,31.1658,135.0429,137.6379,0.03016947,0.0307492,0.00150847,19.4615,18.3434,0.7851,33.7607,4.1172,895.2291,43.0000,,19.4615,10.5327,13.1659,26.176,39.2639,52.3519,52.8754,13.088,0.0,3.976337,4.016099,1.478179,19,40,6,3,0E-8,0.03771184,,0E-8,0.000000,0.881079,0.000000,,2026-03-25,2026-04-05,5,41,34,12,0.416667,,,0.000000,,,,,,,,GLOBAL_BASELINE_NO_ENTITY_RANKING,,,NOT_APPLICABLE_GLOBAL_BASELINE,HF9g-P5,,,,X 全窗基线 · 不参与实体赏罚,6878819,688,A168_HF9F_20260827_0900,2026-08-27 09:00:00
2026-03-25,147112704,1509,0,111.9098401664,-30.7686231140,-30.7686231140,0.4285714,7,7,0.50090561428571429,0.500905614286,-0.38275716120403624,-0.38275716120554854,-0.38275716120403624,-2.8571E-13,ELIGIBLE,R03b_20260811_FULL_v1,L1_ELIGIBILITY,v2026-08-11,2026-03-21..2026-08-06,baccarat_bet02_101_all_pairs_incl_sentinel,round_win = game_pnl > 0 (decisive only),COMPATIBILITY_ONLY_NOT_PRODUCTION,4476.1457,3943.8361,168.8037,230,215,-0.03771184,,-0.03771184,-0.03771184,-168.8037,4476.1457,OK,0.0000,6.7521,4.0000,96.0000,AG03-UNRESOLVED,ALL5_LEVELS_bet23_to_bet27,6.7521,6.7521,6.7521,6.7521,6.7521,4.000000,4.000000,4.000000,4.000000,4.000000,96.000000,96.000000,96.000000,96.000000,96.000000,5.0,33.7607,31.1658,135.0429,137.6379,PENDING_AG03,FALSE,NOT_FOR_ENFORCEMENT,162.0515,3786.0826,168.8037,162.0515,6.7521,0.03771184,0.03620336,6.7521,162.0515,0.03620336,6.7521,6.7521,6.7521,6.7521,6.7521,162.0515,0.03620336,33.7607,31.1658,135.0429,137.6379,0.03016947,0.0307492,0.00150847,19.4615,18.3434,0.7851,33.7607,4.1172,895.2291,43.0000,,19.4615,10.5327,13.1659,26.176,39.2639,52.3519,52.8754,13.088,0.0,3.976337,4.016099,1.478179,19,40,6,3,0E-8,0.03771184,,0E-8,0.000000,0.881079,0.000000,,2026-03-25,2026-04-05,5,41,34,12,0.416667,,,0.000000,,,,,,,,GLOBAL_BASELINE_NO_ENTITY_RANKING,,,NOT_APPLICABLE_GLOBAL_BASELINE,HF9g-P5,,,,X 全窗基线 · 不参与实体赏罚,6878820,688,A168_HF9F_20260827_0900,2026-08-27 09:00:00
2026-03-25,147112704,1645,0,105.3269083920,-1.8432208969,-1.8432208969,0.3750000,8,8,0.50497505000000000,0.504975050000,-0.7352863131446508,-0.7352863131446508,-0.7352863131446508,0E-17,ELIGIBLE,R03b_20260811_FULL_v1,L1_ELIGIBILITY,v2026-08-11,2026-03-21..2026-08-06,baccarat_bet02_101_all_pairs_incl_sentinel,round_win = game_pnl > 0 (decisive only),COMPATIBILITY_ONLY_NOT_PRODUCTION,4476.1457,3943.8361,168.8037,230,215,-0.03771184,,-0.03771184,-0.03771184,-168.8037,4476.1457,OK,0.0000,6.7521,4.0000,96.0000,AG03-UNRESOLVED,ALL5_LEVELS_bet23_to_bet27,6.7521,6.7521,6.7521,6.7521,6.7521,4.000000,4.000000,4.000000,4.000000,4.000000,96.000000,96.000000,96.000000,96.000000,96.000000,5.0,33.7607,31.1658,135.0429,137.6379,PENDING_AG03,FALSE,NOT_FOR_ENFORCEMENT,162.0515,3786.0826,168.8037,162.0515,6.7521,0.03771184,0.03620336,6.7521,162.0515,0.03620336,6.7521,6.7521,6.7521,6.7521,6.7521,162.0515,0.03620336,33.7607,31.1658,135.0429,137.6379,0.03016947,0.0307492,0.00150847,19.4615,18.3434,0.7851,33.7607,4.1172,895.2291,43.0000,,19.4615,10.5327,13.1659,26.176,39.2639,52.3519,52.8754,13.088,0.0,3.976337,4.016099,1.478179,19,40,6,3,0E-8,0.03771184,,0E-8,0.000000,0.881079,0.000000,,2026-03-25,2026-04-05,5,41,34,12,0.416667,,,0.000000,,,,,,,,GLOBAL_BASELINE_NO_ENTITY_RANKING,,,NOT_APPLICABLE_GLOBAL_BASELINE,HF9g-P5,,,,X 全窗基线 · 不参与实体赏罚,6878821,688,A168_HF9F_20260827_0900,2026-08-27 09:00:00
2026-03-25,147112704,2106,0,10.5326908392,-10.5326908392,-10.5326908392,0E-7,1,1,0.49324550000000000,0.493245500000,-0.9865810262130424,-0.9865810262130424,-0.9865810262130424,0E-17,ELIGIBLE,R03b_20260811_FULL_v1,L1_ELIGIBILITY,v2026-08-11,2026-03-21..2026-08-06,baccarat_bet02_101_all_pairs_incl_sentinel,round_win = game_pnl > 0 (decisive only),COMPATIBILITY_ONLY_NOT_PRODUCTION,4476.1457,3943.8361,168.8037,230,215,-0.03771184,,-0.03771184,-0.03771184,-168.8037,4476.1457,OK,0.0000,6.7521,4.0000,96.0000,AG03-UNRESOLVED,ALL5_LEVELS_bet23_to_bet27,6.7521,6.7521,6.7521,6.7521,6.7521,4.000000,4.000000,4.000000,4.000000,4.000000,96.000000,96.000000,96.000000,96.000000,96.000000,5.0,33.7607,31.1658,135.0429,137.6379,PENDING_AG03,FALSE,NOT_FOR_ENFORCEMENT,162.0515,3786.0826,168.8037,162.0515,6.7521,0.03771184,0.03620336,6.7521,162.0515,0.03620336,6.7521,6.7521,6.7521,6.7521,6.7521,162.0515,0.03620336,33.7607,31.1658,135.0429,137.6379,0.03016947,0.0307492,0.00150847,19.4615,18.3434,0.7851,33.7607,4.1172,895.2291,43.0000,,19.4615,10.5327,13.1659,26.176,39.2639,52.3519,52.8754,13.088,0.0,3.976337,4.016099,1.478179,19,40,6,3,0E-8,0.03771184,,0E-8,0.000000,0.881079,0.000000,,2026-03-25,2026-04-05,5,41,34,12,0.416667,,,0.000000,,,,,,,,GLOBAL_BASELINE_NO_ENTITY_RANKING,,,NOT_APPLICABLE_GLOBAL_BASELINE,HF9g-P5,,,,X 全窗基线 · 不参与实体赏罚,6878822,688,A168_HF9F_20260827_0900,2026-08-27 09:00:00
2026-03-25,147112704,2117,0,10.5326908392,-10.5326908392,-10.5326908392,0E-7,1,1,0.50665070000000000,0.506650700000,-1.013391052207602,-1.013391052207602,-1.013391052207602,0E-17,ELIGIBLE,R03b_20260811_FULL_v1,L1_ELIGIBILITY,v2026-08-11,2026-03-21..2026-08-06,baccarat_bet02_101_all_pairs_incl_sentinel,round_win = game_pnl > 0 (decisive only),COMPATIBILITY_ONLY_NOT_PRODUCTION,4476.1457,3943.8361,168.8037,230,215,-0.03771184,,-0.03771184,-0.03771184,-168.8037,4476.1457,OK,0.0000,6.7521,4.0000,96.0000,AG03-UNRESOLVED,ALL5_LEVELS_bet23_to_bet27,6.7521,6.7521,6.7521,6.7521,6.7521,4.000000,4.000000,4.000000,4.000000,4.000000,96.000000,96.000000,96.000000,96.000000,96.000000,5.0,33.7607,31.1658,135.0429,137.6379,PENDING_AG03,FALSE,NOT_FOR_ENFORCEMENT,162.0515,3786.0826,168.8037,162.0515,6.7521,0.03771184,0.03620336,6.7521,162.0515,0.03620336,6.7521,6.7521,6.7521,6.7521,6.7521,162.0515,0.03620336,33.7607,31.1658,135.0429,137.6379,0.03016947,0.0307492,0.00150847,19.4615,18.3434,0.7851,33.7607,4.1172,895.2291,43.0000,,19.4615,10.5327,13.1659,26.176,39.2639,52.3519,52.8754,13.088,0.0,3.976337,4.016099,1.478179,19,40,6,3,0E-8,0.03771184,,0E-8,0.000000,0.881079,0.000000,,2026-03-25,2026-04-05,5,41,34,12,0.416667,,,0.000000,,,,,,,,GLOBAL_BASELINE_NO_ENTITY_RANKING,,,NOT_APPLICABLE_GLOBAL_BASELINE,HF9g-P5,,,,X 全窗基线 · 不参与实体赏罚,6878823,688,A168_HF9F_20260827_0900,2026-08-27 09:00:00
2026-03-25,147112704,2129,0,57.9297996156,8.9527872132,8.9527872132,0.5000000,7,7,0.50282064285714286,0.502820642857,-0.013818491375558404,-0.0138184913748585,-0.013818491375558404,1.4286E-13,ELIGIBLE,R03b_20260811_FULL_v1,L1_ELIGIBILITY,v2026-08-11,2026-03-21..2026-08-06,baccarat_bet02_101_all_pairs_incl_sentinel,round_win = game_pnl > 0 (decisive only),COMPATIBILITY_ONLY_NOT_PRODUCTION,4476.1457,3943.8361,168.8037,230,215,-0.03771184,,-0.03771184,-0.03771184,-168.8037,4476.1457,OK,0.0000,6.7521,4.0000,96.0000,AG03-UNRESOLVED,ALL5_LEVELS_bet23_to_bet27,6.7521,6.7521,6.7521,6.7521,6.7521,4.000000,4.000000,4.000000,4.000000,4.000000,96.000000,96.000000,96.000000,96.000000,96.000000,5.0,33.7607,31.1658,135.0429,137.6379,PENDING_AG03,FALSE,NOT_FOR_ENFORCEMENT,162.0515,3786.0826,168.8037,162.0515,6.7521,0.03771184,0.03620336,6.7521,162.0515,0.03620336,6.7521,6.7521,6.7521,6.7521,6.7521,162.0515,0.03620336,33.7607,31.1658,135.0429,137.6379,0.03016947,0.0307492,0.00150847,19.4615,18.3434,0.7851,33.7607,4.1172,895.2291,43.0000,,19.4615,10.5327,13.1659,26.176,39.2639,52.3519,52.8754,13.088,0.0,3.976337,4.016099,1.478179,19,40,6,3,0E-8,0.03771184,,0E-8,0.000000,0.881079,0.000000,,2026-03-25,2026-04-05,5,41,34,12,0.416667,,,0.000000,,,,,,,,GLOBAL_BASELINE_NO_ENTITY_RANKING,,,NOT_APPLICABLE_GLOBAL_BASELINE,HF9g-P5,,,,X 全窗基线 · 不参与实体赏罚,6878824,688,A168_HF9F_20260827_0900,2026-08-27 09:00:00
2026-03-25,147112704,2153,0,18.4322089686,-13.1658635490,-13.1658635490,0.3333333,3,3,0.49324550000000000,0.493245500000,-0.5540025479526107,-0.5540025479526106,-0.5540025479526107,0E-17,ELIGIBLE,R03b_20260811_FULL_v1,L1_ELIGIBILITY,v2026-08-11,2026-03-21..2026-08-06,baccarat_bet02_101_all_pairs_incl_sentinel,round_win = game_pnl > 0 (decisive only),COMPATIBILITY_ONLY_NOT_PRODUCTION,4476.1457,3943.8361,168.8037,230,215,-0.03771184,,-0.03771184,-0.03771184,-168.8037,4476.1457,OK,0.0000,6.7521,4.0000,96.0000,AG03-UNRESOLVED,ALL5_LEVELS_bet23_to_bet27,6.7521,6.7521,6.7521,6.7521,6.7521,4.000000,4.000000,4.000000,4.000000,4.000000,96.000000,96.000000,96.000000,96.000000,96.000000,5.0,33.7607,31.1658,135.0429,137.6379,PENDING_AG03,FALSE,NOT_FOR_ENFORCEMENT,162.0515,3786.0826,168.8037,162.0515,6.7521,0.03771184,0.03620336,6.7521,162.0515,0.03620336,6.7521,6.7521,6.7521,6.7521,6.7521,162.0515,0.03620336,33.7607,31.1658,135.0429,137.6379,0.03016947,0.0307492,0.00150847,19.4615,18.3434,0.7851,33.7607,4.1172,895.2291,43.0000,,19.4615,10.5327,13.1659,26.176,39.2639,52.3519,52.8754,13.088,0.0,3.976337,4.016099,1.478179,19,40,6,3,0E-8,0.03771184,,0E-8,0.000000,0.881079,0.000000,,2026-03-25,2026-04-05,5,41,34,12,0.416667,,,0.000000,,,,,,,,GLOBAL_BASELINE_NO_ENTITY_RANKING,,,NOT_APPLICABLE_GLOBAL_BASELINE,HF9g-P5,,,,X 全窗基线 · 不参与实体赏罚,6878825,688,A168_HF9F_20260827_0900,2026-08-27 09:00:00
2026-03-25,147112704,2175,0,15.7990362588,-15.7990362588,-15.7990362588,0E-7,1,1,0.49324550000000000,0.493245500000,-0.9865810262130424,-0.9865810262130424,-0.9865810262130424,0E-17,ELIGIBLE,R03b_20260811_FULL_v1,L1_ELIGIBILITY,v2026-08-11,2026-03-21..2026-08-06,baccarat_bet02_101_all_pairs_incl_sentinel,round_win = game_pnl > 0 (decisive only),COMPATIBILITY_ONLY_NOT_PRODUCTION,4476.1457,3943.8361,168.8037,230,215,-0.03771184,,-0.03771184,-0.03771184,-168.8037,4476.1457,OK,0.0000,6.7521,4.0000,96.0000,AG03-UNRESOLVED,ALL5_LEVELS_bet23_to_bet27,6.7521,6.7521,6.7521,6.7521,6.7521,4.000000,4.000000,4.000000,4.000000,4.000000,96.000000,96.000000,96.000000,96.000000,96.000000,5.0,33.7607,31.1658,135.0429,137.6379,PENDING_AG03,FALSE,NOT_FOR_ENFORCEMENT,162.0515,3786.0826,168.8037,162.0515,6.7521,0.03771184,0.03620336,6.7521,162.0515,0.03620336,6.7521,6.7521,6.7521,6.7521,6.7521,162.0515,0.03620336,33.7607,31.1658,135.0429,137.6379,0.03016947,0.0307492,0.00150847,19.4615,18.3434,0.7851,33.7607,4.1172,895.2291,43.0000,,19.4615,10.5327,13.1659,26.176,39.2639,52.3519,52.8754,13.088,0.0,3.976337,4.016099,1.478179,19,40,6,3,0E-8,0.03771184,,0E-8,0.000000,0.881079,0.000000,,2026-03-25,2026-04-05,5,41,34,12,0.416667,,,0.000000,,,,,,,,GLOBAL_BASELINE_NO_ENTITY_RANKING,,,NOT_APPLICABLE_GLOBAL_BASELINE,HF9g-P5,,,,X 全窗基线 · 不参与实体赏罚,6878826,688,A168_HF9F_20260827_0900,2026-08-27 09:00:00
2026-03-25,147112704,2216,0,10.5326908392,-10.5326908392,-10.5326908392,0E-7,1,1,0.50665070000000000,0.506650700000,-1.013391052207602,-1.013391052207602,-1.013391052207602,0E-17,ELIGIBLE,R03b_20260811_FULL_v1,L1_ELIGIBILITY,v2026-08-11,2026-03-21..2026-08-06,baccarat_bet02_101_all_pairs_incl_sentinel,round_win = game_pnl > 0 (decisive only),COMPATIBILITY_ONLY_NOT_PRODUCTION,4476.1457,3943.8361,168.8037,230,215,-0.03771184,,-0.03771184,-0.03771184,-168.8037,4476.1457,OK,0.0000,6.7521,4.0000,96.0000,AG03-UNRESOLVED,ALL5_LEVELS_bet23_to_bet27,6.7521,6.7521,6.7521,6.7521,6.7521,4.000000,4.000000,4.000000,4.000000,4.000000,96.000000,96.000000,96.000000,96.000000,96.000000,5.0,33.7607,31.1658,135.0429,137.6379,PENDING_AG03,FALSE,NOT_FOR_ENFORCEMENT,162.0515,3786.0826,168.8037,162.0515,6.7521,0.03771184,0.03620336,6.7521,162.0515,0.03620336,6.7521,6.7521,6.7521,6.7521,6.7521,162.0515,0.03620336,33.7607,31.1658,135.0429,137.6379,0.03016947,0.0307492,0.00150847,19.4615,18.3434,0.7851,33.7607,4.1172,895.2291,43.0000,,19.4615,10.5327,13.1659,26.176,39.2639,52.3519,52.8754,13.088,0.0,3.976337,4.016099,1.478179,19,40,6,3,0E-8,0.03771184,,0E-8,0.000000,0.881079,0.000000,,2026-03-25,2026-04-05,5,41,34,12,0.416667,,,0.000000,,,,,,,,GLOBAL_BASELINE_NO_ENTITY_RANKING,,,NOT_APPLICABLE_GLOBAL_BASELINE,HF9g-P5,,,,X 全窗基线 · 不参与实体赏罚,6878827,688,A168_HF9F_20260827_0900,2026-08-27 09:00:00
2026-03-25,147112704,2244,0,13.1658635490,0E-10,0E-10,,2,2,0.50665070000000000,0.506650700000,,,,0E-17,NO_DECISIVE_ROUND,R03b_20260811_FULL_v1,L1_ELIGIBILITY,v2026-08-11,2026-03-21..2026-08-06,baccarat_bet02_101_all_pairs_incl_sentinel,round_win = game_pnl > 0 (decisive only),COMPATIBILITY_ONLY_NOT_PRODUCTION,4476.1457,3943.8361,168.8037,230,215,-0.03771184,,-0.03771184,-0.03771184,-168.8037,4476.1457,OK,0.0000,6.7521,4.0000,96.0000,AG03-UNRESOLVED,ALL5_LEVELS_bet23_to_bet27,6.7521,6.7521,6.7521,6.7521,6.7521,4.000000,4.000000,4.000000,4.000000,4.000000,96.000000,96.000000,96.000000,96.000000,96.000000,5.0,33.7607,31.1658,135.0429,137.6379,PENDING_AG03,FALSE,NOT_FOR_ENFORCEMENT,162.0515,3786.0826,168.8037,162.0515,6.7521,0.03771184,0.03620336,6.7521,162.0515,0.03620336,6.7521,6.7521,6.7521,6.7521,6.7521,162.0515,0.03620336,33.7607,31.1658,135.0429,137.6379,0.03016947,0.0307492,0.00150847,19.4615,18.3434,0.7851,33.7607,4.1172,895.2291,43.0000,,19.4615,10.5327,13.1659,26.176,39.2639,52.3519,52.8754,13.088,0.0,3.976337,4.016099,1.478179,19,40,6,3,0E-8,0.03771184,,0E-8,0.000000,0.881079,0.000000,,2026-03-25,2026-04-05,5,41,34,12,0.416667,,,0.000000,,,,,,,,GLOBAL_BASELINE_NO_ENTITY_RANKING,,,NOT_APPLICABLE_GLOBAL_BASELINE,HF9g-P5,,,,X 全窗基线 · 不参与实体赏罚,6878828,688,A168_HF9F_20260827_0900,2026-08-27 09:00:00
2026-03-25,147112704,462,0,68.4624904548,46.3438396924,46.3438396924,0.8333333,6,6,0.49771390000000000,0.497713900000,1.6442099050618135,1.6442099050618135,1.6442099050618135,0E-17,ELIGIBLE,R03b_20260811_FULL_v1,L1_ELIGIBILITY,v2026-08-11,2026-03-21..2026-08-06,baccarat_bet02_101_all_pairs_incl_sentinel,round_win = game_pnl > 0 (decisive only),COMPATIBILITY_ONLY_NOT_PRODUCTION,4476.1457,3943.8361,168.8037,230,215,-0.03771184,,-0.03771184,-0.03771184,-168.8037,4476.1457,OK,0.0000,6.7521,4.0000,96.0000,AG03-UNRESOLVED,ALL5_LEVELS_bet23_to_bet27,6.7521,6.7521,6.7521,6.7521,6.7521,4.000000,4.000000,4.000000,4.000000,4.000000,96.000000,96.000000,96.000000,96.000000,96.000000,5.0,33.7607,31.1658,135.0429,137.6379,PENDING_AG03,FALSE,NOT_FOR_ENFORCEMENT,162.0515,3786.0826,168.8037,162.0515,6.7521,0.03771184,0.03620336,6.7521,162.0515,0.03620336,6.7521,6.7521,6.7521,6.7521,6.7521,162.0515,0.03620336,33.7607,31.1658,135.0429,137.6379,0.03016947,0.0307492,0.00150847,19.4615,18.3434,0.7851,33.7607,4.1172,895.2291,43.0000,,19.4615,10.5327,13.1659,26.176,39.2639,52.3519,52.8754,13.088,0.0,3.976337,4.016099,1.478179,19,40,6,3,0E-8,0.03771184,,0E-8,0.000000,0.881079,0.000000,,2026-03-25,2026-04-05,5,41,34,12,0.416667,,,0.000000,,,,,,,,GLOBAL_BASELINE_NO_ENTITY_RANKING,,,NOT_APPLICABLE_GLOBAL_BASELINE,HF9g-P5,,,,X 全窗基线 · 不参与实体赏罚,6878829,688,A168_HF9F_20260827_0900,2026-08-27 09:00:00
2026-03-25,147112704,948,0,6.5829317745,-6.5829317745,-6.5829317745,0E-7,1,1,0.49324550000000000,0.493245500000,-0.9865810262130424,-0.9865810262130424,-0.9865810262130424,0E-17,ELIGIBLE,R03b_20260811_FULL_v1,L1_ELIGIBILITY,v2026-08-11,2026-03-21..2026-08-06,baccarat_bet02_101_all_pairs_incl_sentinel,round_win = game_pnl > 0 (decisive only),COMPATIBILITY_ONLY_NOT_PRODUCTION,4476.1457,3943.8361,168.8037,230,215,-0.03771184,,-0.03771184,-0.03771184,-168.8037,4476.1457,OK,0.0000,6.7521,4.0000,96.0000,AG03-UNRESOLVED,ALL5_LEVELS_bet23_to_bet27,6.7521,6.7521,6.7521,6.7521,6.7521,4.000000,4.000000,4.000000,4.000000,4.000000,96.000000,96.000000,96.000000,96.000000,96.000000,5.0,33.7607,31.1658,135.0429,137.6379,PENDING_AG03,FALSE,NOT_FOR_ENFORCEMENT,162.0515,3786.0826,168.8037,162.0515,6.7521,0.03771184,0.03620336,6.7521,162.0515,0.03620336,6.7521,6.7521,6.7521,6.7521,6.7521,162.0515,0.03620336,33.7607,31.1658,135.0429,137.6379,0.03016947,0.0307492,0.00150847,19.4615,18.3434,0.7851,33.7607,4.1172,895.2291,43.0000,,19.4615,10.5327,13.1659,26.176,39.2639,52.3519,52.8754,13.088,0.0,3.976337,4.016099,1.478179,19,40,6,3,0E-8,0.03771184,,0E-8,0.000000,0.881079,0.000000,,2026-03-25,2026-04-05,5,41,34,12,0.416667,,,0.000000,,,,,,,,GLOBAL_BASELINE_NO_ENTITY_RANKING,,,NOT_APPLICABLE_GLOBAL_BASELINE,HF9g-P5,,,,X 全窗基线 · 不参与实体赏罚,6878830,688,A168_HF9F_20260827_0900,2026-08-27 09:00:00
2026-03-25,147112704,987,0,15.7990362588,15.7990362588,15.7990362588,1.0000000,1,1,0.49324550000000000,0.493245500000,1.01360149184955,1.01360149184955,1.01360149184955,0E-17,ELIGIBLE,R03b_20260811_FULL_v1,L1_ELIGIBILITY,v2026-08-11,2026-03-21..2026-08-06,baccarat_bet02_101_all_pairs_incl_sentinel,round_win = game_pnl > 0 (decisive only),COMPATIBILITY_ONLY_NOT_PRODUCTION,4476.1457,3943.8361,168.8037,230,215,-0.03771184,,-0.03771184,-0.03771184,-168.8037,4476.1457,OK,0.0000,6.7521,4.0000,96.0000,AG03-UNRESOLVED,ALL5_LEVELS_bet23_to_bet27,6.7521,6.7521,6.7521,6.7521,6.7521,4.000000,4.000000,4.000000,4.000000,4.000000,96.000000,96.000000,96.000000,96.000000,96.000000,5.0,33.7607,31.1658,135.0429,137.6379,PENDING_AG03,FALSE,NOT_FOR_ENFORCEMENT,162.0515,3786.0826,168.8037,162.0515,6.7521,0.03771184,0.03620336,6.7521,162.0515,0.03620336,6.7521,6.7521,6.7521,6.7521,6.7521,162.0515,0.03620336,33.7607,31.1658,135.0429,137.6379,0.03016947,0.0307492,0.00150847,19.4615,18.3434,0.7851,33.7607,4.1172,895.2291,43.0000,,19.4615,10.5327,13.1659,26.176,39.2639,52.3519,52.8754,13.088,0.0,3.976337,4.016099,1.478179,19,40,6,3,0E-8,0.03771184,,0E-8,0.000000,0.881079,0.000000,,2026-03-25,2026-04-05,5,41,34,12,0.416667,,,0.000000,,,,,,,,GLOBAL_BASELINE_NO_ENTITY_RANKING,,,NOT_APPLICABLE_GLOBAL_BASELINE,HF9g-P5,,,,X 全窗基线 · 不参与实体赏罚,6878831,688,A168_HF9F_20260827_0900,2026-08-27 09:00:00
2026-03-30,147112704,1702,0,10.5326908392,0E-10,0E-10,,2,2,0.49994810000000000,0.499948100000,,,,0E-17,NO_DECISIVE_ROUND,R03b_20260811_FULL_v1,L1_ELIGIBILITY,v2026-08-11,2026-03-21..2026-08-06,baccarat_bet02_101_all_pairs_incl_sentinel,round_win = game_pnl > 0 (decisive only),COMPATIBILITY_ONLY_NOT_PRODUCTION,4476.1457,3943.8361,168.8037,230,215,-0.03771184,,-0.03771184,-0.03771184,-168.8037,4476.1457,OK,0.0000,6.7521,4.0000,96.0000,AG03-UNRESOLVED,ALL5_LEVELS_bet23_to_bet27,6.7521,6.7521,6.7521,6.7521,6.7521,4.000000,4.000000,4.000000,4.000000,4.000000,96.000000,96.000000,96.000000,96.000000,96.000000,5.0,33.7607,31.1658,135.0429,137.6379,PENDING_AG03,FALSE,NOT_FOR_ENFORCEMENT,162.0515,3786.0826,168.8037,162.0515,6.7521,0.03771184,0.03620336,6.7521,162.0515,0.03620336,6.7521,6.7521,6.7521,6.7521,6.7521,162.0515,0.03620336,33.7607,31.1658,135.0429,137.6379,0.03016947,0.0307492,0.00150847,19.4615,18.3434,0.7851,33.7607,4.1172,895.2291,43.0000,,19.4615,10.5327,13.1659,26.176,39.2639,52.3519,52.8754,13.088,0.0,3.976337,4.016099,1.478179,19,40,6,3,0E-8,0.03771184,,0E-8,0.000000,0.881079,0.000000,,2026-03-25,2026-04-05,5,41,34,12,0.416667,,,0.000000,,,,,,,,GLOBAL_BASELINE_NO_ENTITY_RANKING,,,NOT_APPLICABLE_GLOBAL_BASELINE,HF9g-P5,,,,X 全窗基线 · 不参与实体赏罚,6878832,688,A168_HF9F_20260827_0900,2026-08-27 09:00:00
2026-03-30,147112704,1951,0,15.7990362588,-15.7990362588,-15.7990362588,0E-7,2,2,0.49324550000000000,0.493245500000,-1.3952362676504506,-1.3952362676504506,-1.3952362676504506,0E-17,ELIGIBLE,R03b_20260811_FULL_v1,L1_ELIGIBILITY,v2026-08-11,2026-03-21..2026-08-06,baccarat_bet02_101_all_pairs_incl_sentinel,round_win = game_pnl > 0 (decisive only),COMPATIBILITY_ONLY_NOT_PRODUCTION,4476.1457,3943.8361,168.8037,230,215,-0.03771184,,-0.03771184,-0.03771184,-168.8037,4476.1457,OK,0.0000,6.7521,4.0000,96.0000,AG03-UNRESOLVED,ALL5_LEVELS_bet23_to_bet27,6.7521,6.7521,6.7521,6.7521,6.7521,4.000000,4.000000,4.000000,4.000000,4.000000,96.000000,96.000000,96.000000,96.000000,96.000000,5.0,33.7607,31.1658,135.0429,137.6379,PENDING_AG03,FALSE,NOT_FOR_ENFORCEMENT,162.0515,3786.0826,168.8037,162.0515,6.7521,0.03771184,0.03620336,6.7521,162.0515,0.03620336,6.7521,6.7521,6.7521,6.7521,6.7521,162.0515,0.03620336,33.7607,31.1658,135.0429,137.6379,0.03016947,0.0307492,0.00150847,19.4615,18.3434,0.7851,33.7607,4.1172,895.2291,43.0000,,19.4615,10.5327,13.1659,26.176,39.2639,52.3519,52.8754,13.088,0.0,3.976337,4.016099,1.478179,19,40,6,3,0E-8,0.03771184,,0E-8,0.000000,0.881079,0.000000,,2026-03-25,2026-04-05,5,41,34,12,0.416667,,,0.000000,,,,,,,,GLOBAL_BASELINE_NO_ENTITY_RANKING,,,NOT_APPLICABLE_GLOBAL_BASELINE,HF9g-P5,,,,X 全窗基线 · 不参与实体赏罚,6878833,688,A168_HF9F_20260827_0900,2026-08-27 09:00:00
2026-03-31,147112704,1325,0,81.6283540038,-15.7990362588,-15.7990362588,0.4000000,7,6,0.47649671428571429,0.462259475000,-0.34248229312336737,-0.27922941218572617,-0.34248229312336737,0.01423723928571429,ELIGIBLE,R03b_20260811_FULL_v1,L1_ELIGIBILITY,v2026-08-11,2026-03-21..2026-08-06,baccarat_bet02_101_all_pairs_incl_sentinel,round_win = game_pnl > 0 (decisive only),COMPATIBILITY_ONLY_NOT_PRODUCTION,4476.1457,3943.8361,168.8037,230,215,-0.03771184,,-0.03771184,-0.03771184,-168.8037,4476.1457,OK,0.0000,6.7521,4.0000,96.0000,AG03-UNRESOLVED,ALL5_LEVELS_bet23_to_bet27,6.7521,6.7521,6.7521,6.7521,6.7521,4.000000,4.000000,4.000000,4.000000,4.000000,96.000000,96.000000,96.000000,96.000000,96.000000,5.0,33.7607,31.1658,135.0429,137.6379,PENDING_AG03,FALSE,NOT_FOR_ENFORCEMENT,162.0515,3786.0826,168.8037,162.0515,6.7521,0.03771184,0.03620336,6.7521,162.0515,0.03620336,6.7521,6.7521,6.7521,6.7521,6.7521,162.0515,0.03620336,33.7607,31.1658,135.0429,137.6379,0.03016947,0.0307492,0.00150847,19.4615,18.3434,0.7851,33.7607,4.1172,895.2291,43.0000,,19.4615,10.5327,13.1659,26.176,39.2639,52.3519,52.8754,13.088,0.0,3.976337,4.016099,1.478179,19,40,6,3,0E-8,0.03771184,,0E-8,0.000000,0.881079,0.000000,,2026-03-25,2026-04-05,5,41,34,12,0.416667,,,0.000000,,,,,,,,GLOBAL_BASELINE_NO_ENTITY_RANKING,,,NOT_APPLICABLE_GLOBAL_BASELINE,HF9g-P5,,,,X 全窗基线 · 不参与实体赏罚,6878834,688,A168_HF9F_20260827_0900,2026-08-27 09:00:00
2026-03-31,147112704,1396,0,13.1658635490,-13.1658635490,-13.1658635490,0E-7,1,1,0.49324550000000000,0.493245500000,-0.9865810262130424,-0.9865810262130424,-0.9865810262130424,0E-17,ELIGIBLE,R03b_20260811_FULL_v1,L1_ELIGIBILITY,v2026-08-11,2026-03-21..2026-08-06,baccarat_bet02_101_all_pairs_incl_sentinel,round_win = game_pnl > 0 (decisive only),COMPATIBILITY_ONLY_NOT_PRODUCTION,4476.1457,3943.8361,168.8037,230,215,-0.03771184,,-0.03771184,-0.03771184,-168.8037,4476.1457,OK,0.0000,6.7521,4.0000,96.0000,AG03-UNRESOLVED,ALL5_LEVELS_bet23_to_bet27,6.7521,6.7521,6.7521,6.7521,6.7521,4.000000,4.000000,4.000000,4.000000,4.000000,96.000000,96.000000,96.000000,96.000000,96.000000,5.0,33.7607,31.1658,135.0429,137.6379,PENDING_AG03,FALSE,NOT_FOR_ENFORCEMENT,162.0515,3786.0826,168.8037,162.0515,6.7521,0.03771184,0.03620336,6.7521,162.0515,0.03620336,6.7521,6.7521,6.7521,6.7521,6.7521,162.0515,0.03620336,33.7607,31.1658,135.0429,137.6379,0.03016947,0.0307492,0.00150847,19.4615,18.3434,0.7851,33.7607,4.1172,895.2291,43.0000,,19.4615,10.5327,13.1659,26.176,39.2639,52.3519,52.8754,13.088,0.0,3.976337,4.016099,1.478179,19,40,6,3,0E-8,0.03771184,,0E-8,0.000000,0.881079,0.000000,,2026-03-25,2026-04-05,5,41,34,12,0.416667,,,0.000000,,,,,,,,GLOBAL_BASELINE_NO_ENTITY_RANKING,,,NOT_APPLICABLE_GLOBAL_BASELINE,HF9g-P5,,,,X 全窗基线 · 不参与实体赏罚,6878835,688,A168_HF9F_20260827_0900,2026-08-27 09:00:00
2026-03-31,147112704,1646,0,36.8644179372,15.0090844458,15.0090844458,0.7500000,4,4,0.50329940000000000,0.503299400000,0.9868238854431842,0.9868238854431842,0.9868238854431842,0E-17,ELIGIBLE,R03b_20260811_FULL_v1,L1_ELIGIBILITY,v2026-08-11,2026-03-21..2026-08-06,baccarat_bet02_101_all_pairs_incl_sentinel,round_win = game_pnl > 0 (decisive only),COMPATIBILITY_ONLY_NOT_PRODUCTION,4476.1457,3943.8361,168.8037,230,215,-0.03771184,,-0.03771184,-0.03771184,-168.8037,4476.1457,OK,0.0000,6.7521,4.0000,96.0000,AG03-UNRESOLVED,ALL5_LEVELS_bet23_to_bet27,6.7521,6.7521,6.7521,6.7521,6.7521,4.000000,4.000000,4.000000,4.000000,4.000000,96.000000,96.000000,96.000000,96.000000,96.000000,5.0,33.7607,31.1658,135.0429,137.6379,PENDING_AG03,FALSE,NOT_FOR_ENFORCEMENT,162.0515,3786.0826,168.8037,162.0515,6.7521,0.03771184,0.03620336,6.7521,162.0515,0.03620336,6.7521,6.7521,6.7521,6.7521,6.7521,162.0515,0.03620336,33.7607,31.1658,135.0429,137.6379,0.03016947,0.0307492,0.00150847,19.4615,18.3434,0.7851,33.7607,4.1172,895.2291,43.0000,,19.4615,10.5327,13.1659,26.176,39.2639,52.3519,52.8754,13.088,0.0,3.976337,4.016099,1.478179,19,40,6,3,0E-8,0.03771184,,0E-8,0.000000,0.881079,0.000000,,2026-03-25,2026-04-05,5,41,34,12,0.416667,,,0.000000,,,,,,,,GLOBAL_BASELINE_NO_ENTITY_RANKING,,,NOT_APPLICABLE_GLOBAL_BASELINE,HF9g-P5,,,,X 全窗基线 · 不参与实体赏罚,6878836,688,A168_HF9F_20260827_0900,2026-08-27 09:00:00
2026-03-31,147112704,2223,0,92.1610448430,-13.8241567265,-13.8241567265,0.3333333,6,5,0.47203140000000000,0.458743310000,-0.48121764446636284,-0.4359194067063417,-0.48121764446636284,0.01328809000000000,ELIGIBLE,R03b_20260811_FULL_v1,L1_ELIGIBILITY,v2026-08-11,2026-03-21..2026-08-06,baccarat_bet02_101_all_pairs_incl_sentinel,round_win = game_pnl > 0 (decisive only),COMPATIBILITY_ONLY_NOT_PRODUCTION,4476.1457,3943.8361,168.8037,230,215,-0.03771184,,-0.03771184,-0.03771184,-168.8037,4476.1457,OK,0.0000,6.7521,4.0000,96.0000,AG03-UNRESOLVED,ALL5_LEVELS_bet23_to_bet27,6.7521,6.7521,6.7521,6.7521,6.7521,4.000000,4.000000,4.000000,4.000000,4.000000,96.000000,96.000000,96.000000,96.000000,96.000000,5.0,33.7607,31.1658,135.0429,137.6379,PENDING_AG03,FALSE,NOT_FOR_ENFORCEMENT,162.0515,3786.0826,168.8037,162.0515,6.7521,0.03771184,0.03620336,6.7521,162.0515,0.03620336,6.7521,6.7521,6.7521,6.7521,6.7521,162.0515,0.03620336,33.7607,31.1658,135.0429,137.6379,0.03016947,0.0307492,0.00150847,19.4615,18.3434,0.7851,33.7607,4.1172,895.2291,43.0000,,19.4615,10.5327,13.1659,26.176,39.2639,52.3519,52.8754,13.088,0.0,3.976337,4.016099,1.478179,19,40,6,3,0E-8,0.03771184,,0E-8,0.000000,0.881079,0.000000,,2026-03-25,2026-04-05,5,41,34,12,0.416667,,,0.000000,,,,,,,,GLOBAL_BASELINE_NO_ENTITY_RANKING,,,NOT_APPLICABLE_GLOBAL_BASELINE,HF9g-P5,,,,X 全窗基线 · 不参与实体赏罚,6878837,688,A168_HF9F_20260827_0900,2026-08-27 09:00:00
2026-03-31,147112704,970,0,115.8595992312,-12.5075703717,-12.5075703717,0.5000000,10,6,0.44271922500000000,0.408754266667,0.2824771280877023,0.4546456412191077,0.2824771280877023,0.03396495833300000,ELIGIBLE,R03b_20260811_FULL_v1,L1_ELIGIBILITY,v2026-08-11,2026-03-21..2026-08-06,baccarat_bet02_101_all_pairs_incl_sentinel,round_win = game_pnl > 0 (decisive only),COMPATIBILITY_ONLY_NOT_PRODUCTION,4476.1457,3943.8361,168.8037,230,215,-0.03771184,,-0.03771184,-0.03771184,-168.8037,4476.1457,OK,0.0000,6.7521,4.0000,96.0000,AG03-UNRESOLVED,ALL5_LEVELS_bet23_to_bet27,6.7521,6.7521,6.7521,6.7521,6.7521,4.000000,4.000000,4.000000,4.000000,4.000000,96.000000,96.000000,96.000000,96.000000,96.000000,5.0,33.7607,31.1658,135.0429,137.6379,PENDING_AG03,FALSE,NOT_FOR_ENFORCEMENT,162.0515,3786.0826,168.8037,162.0515,6.7521,0.03771184,0.03620336,6.7521,162.0515,0.03620336,6.7521,6.7521,6.7521,6.7521,6.7521,162.0515,0.03620336,33.7607,31.1658,135.0429,137.6379,0.03016947,0.0307492,0.00150847,19.4615,18.3434,0.7851,33.7607,4.1172,895.2291,43.0000,,19.4615,10.5327,13.1659,26.176,39.2639,52.3519,52.8754,13.088,0.0,3.976337,4.016099,1.478179,19,40,6,3,0E-8,0.03771184,,0E-8,0.000000,0.881079,0.000000,,2026-03-25,2026-04-05,5,41,34,12,0.416667,,,0.000000,,,,,,,,GLOBAL_BASELINE_NO_ENTITY_RANKING,,,NOT_APPLICABLE_GLOBAL_BASELINE,HF9g-P5,,,,X 全窗基线 · 不参与实体赏罚,6878838,688,A168_HF9F_20260827_0900,2026-08-27 09:00:00
2026-04-01,147112704,-1,1,285.3179069708,15.7055728607,15.7055728607,0.5714286,10,8,0.48047442610292800,0.444252987500,0.481651495980945,0.6771720328707784,0.481651495980945,0.03622143860292800,SENTINEL_DEALER,R03b_20260811_FULL_v1,L1_ELIGIBILITY,v2026-08-11,2026-03-21..2026-08-06,baccarat_bet02_101_all_pairs_incl_sentinel,round_win = game_pnl > 0 (decisive only),COMPATIBILITY_ONLY_NOT_PRODUCTION,4476.1457,3943.8361,168.8037,230,215,-0.03771184,,-0.03771184,-0.03771184,-168.8037,4476.1457,OK,0.0000,6.7521,4.0000,96.0000,AG03-UNRESOLVED,ALL5_LEVELS_bet23_to_bet27,6.7521,6.7521,6.7521,6.7521,6.7521,4.000000,4.000000,4.000000,4.000000,4.000000,96.000000,96.000000,96.000000,96.000000,96.000000,5.0,33.7607,31.1658,135.0429,137.6379,PENDING_AG03,FALSE,NOT_FOR_ENFORCEMENT,162.0515,3786.0826,168.8037,162.0515,6.7521,0.03771184,0.03620336,6.7521,162.0515,0.03620336,6.7521,6.7521,6.7521,6.7521,6.7521,162.0515,0.03620336,33.7607,31.1658,135.0429,137.6379,0.03016947,0.0307492,0.00150847,19.4615,18.3434,0.7851,33.7607,4.1172,895.2291,43.0000,,19.4615,10.5327,13.1659,26.176,39.2639,52.3519,52.8754,13.088,0.0,3.976337,4.016099,1.478179,19,40,6,3,0E-8,0.03771184,,0E-8,0.000000,0.881079,0.000000,,2026-03-25,2026-04-05,5,41,34,12,0.416667,,,0.000000,,,,,,,,GLOBAL_BASELINE_NO_ENTITY_RANKING,,,NOT_APPLICABLE_GLOBAL_BASELINE,HF9g-P5,,,,X 全窗基线 · 不参与实体赏罚,6878839,688,A168_HF9F_20260827_0900,2026-08-27 09:00:00
2026-04-01,147112704,1078,0,266.9947386331,-162.2909195613,-162.2909195613,0.1666667,7,6,0.48542897647057067,0.460025275000,-1.5622735447691802,-1.4417730360314742,-1.5622735447691802,0.02540370147057067,ELIGIBLE,R03b_20260811_FULL_v1,L1_ELIGIBILITY,v2026-08-11,2026-03-21..2026-08-06,baccarat_bet02_101_all_pairs_incl_sentinel,round_win = game_pnl > 0 (decisive only),COMPATIBILITY_ONLY_NOT_PRODUCTION,4476.1457,3943.8361,168.8037,230,215,-0.03771184,,-0.03771184,-0.03771184,-168.8037,4476.1457,OK,0.0000,6.7521,4.0000,96.0000,AG03-UNRESOLVED,ALL5_LEVELS_bet23_to_bet27,6.7521,6.7521,6.7521,6.7521,6.7521,4.000000,4.000000,4.000000,4.000000,4.000000,96.000000,96.000000,96.000000,96.000000,96.000000,5.0,33.7607,31.1658,135.0429,137.6379,PENDING_AG03,FALSE,NOT_FOR_ENFORCEMENT,162.0515,3786.0826,168.8037,162.0515,6.7521,0.03771184,0.03620336,6.7521,162.0515,0.03620336,6.7521,6.7521,6.7521,6.7521,6.7521,162.0515,0.03620336,33.7607,31.1658,135.0429,137.6379,0.03016947,0.0307492,0.00150847,19.4615,18.3434,0.7851,33.7607,4.1172,895.2291,43.0000,,19.4615,10.5327,13.1659,26.176,39.2639,52.3519,52.8754,13.088,0.0,3.976337,4.016099,1.478179,19,40,6,3,0E-8,0.03771184,,0E-8,0.000000,0.881079,0.000000,,2026-03-25,2026-04-05,5,41,34,12,0.416667,,,0.000000,,,,,,,,GLOBAL_BASELINE_NO_ENTITY_RANKING,,,NOT_APPLICABLE_GLOBAL_BASELINE,HF9g-P5,,,,X 全窗基线 · 不参与实体赏罚,6878840,688,A168_HF9F_20260827_0900,2026-08-27 09:00:00
2026-04-01,147112704,1108,0,170.4054655394,-60.8983587677,-60.8983587677,0.2500000,5,5,0.49860758000000000,0.498607580000,-0.9944341760919779,-0.9944341760919779,-0.9944341760919779,0E-17,ELIGIBLE,R03b_20260811_FULL_v1,L1_ELIGIBILITY,v2026-08-11,2026-03-21..2026-08-06,baccarat_bet02_101_all_pairs_incl_sentinel,round_win = game_pnl > 0 (decisive only),COMPATIBILITY_ONLY_NOT_PRODUCTION,4476.1457,3943.8361,168.8037,230,215,-0.03771184,,-0.03771184,-0.03771184,-168.8037,4476.1457,OK,0.0000,6.7521,4.0000,96.0000,AG03-UNRESOLVED,ALL5_LEVELS_bet23_to_bet27,6.7521,6.7521,6.7521,6.7521,6.7521,4.000000,4.000000,4.000000,4.000000,4.000000,96.000000,96.000000,96.000000,96.000000,96.000000,5.0,33.7607,31.1658,135.0429,137.6379,PENDING_AG03,FALSE,NOT_FOR_ENFORCEMENT,162.0515,3786.0826,168.8037,162.0515,6.7521,0.03771184,0.03620336,6.7521,162.0515,0.03620336,6.7521,6.7521,6.7521,6.7521,6.7521,162.0515,0.03620336,33.7607,31.1658,135.0429,137.6379,0.03016947,0.0307492,0.00150847,19.4615,18.3434,0.7851,33.7607,4.1172,895.2291,43.0000,,19.4615,10.5327,13.1659,26.176,39.2639,52.3519,52.8754,13.088,0.0,3.976337,4.016099,1.478179,19,40,6,3,0E-8,0.03771184,,0E-8,0.000000,0.881079,0.000000,,2026-03-25,2026-04-05,5,41,34,12,0.416667,,,0.000000,,,,,,,,GLOBAL_BASELINE_NO_ENTITY_RANKING,,,NOT_APPLICABLE_GLOBAL_BASELINE,HF9g-P5,,,,X 全窗基线 · 不参与实体赏罚,6878841,688,A168_HF9F_20260827_0900,2026-08-27 09:00:00
2026-04-01,147112704,1299,0,382.1689396125,-15.1820537655,-15.1820537655,0.4615385,13,13,0.49840134615384615,0.498401346154,-0.2658234000146369,-0.265823400015746,-0.2658234000146369,-1.5385E-13,ELIGIBLE,R03b_20260811_FULL_v1,L1_ELIGIBILITY,v2026-08-11,2026-03-21..2026-08-06,baccarat_bet02_101_all_pairs_incl_sentinel,round_win = game_pnl > 0 (decisive only),COMPATIBILITY_ONLY_NOT_PRODUCTION,4476.1457,3943.8361,168.8037,230,215,-0.03771184,,-0.03771184,-0.03771184,-168.8037,4476.1457,OK,0.0000,6.7521,4.0000,96.0000,AG03-UNRESOLVED,ALL5_LEVELS_bet23_to_bet27,6.7521,6.7521,6.7521,6.7521,6.7521,4.000000,4.000000,4.000000,4.000000,4.000000,96.000000,96.000000,96.000000,96.000000,96.000000,5.0,33.7607,31.1658,135.0429,137.6379,PENDING_AG03,FALSE,NOT_FOR_ENFORCEMENT,162.0515,3786.0826,168.8037,162.0515,6.7521,0.03771184,0.03620336,6.7521,162.0515,0.03620336,6.7521,6.7521,6.7521,6.7521,6.7521,162.0515,0.03620336,33.7607,31.1658,135.0429,137.6379,0.03016947,0.0307492,0.00150847,19.4615,18.3434,0.7851,33.7607,4.1172,895.2291,43.0000,,19.4615,10.5327,13.1659,26.176,39.2639,52.3519,52.8754,13.088,0.0,3.976337,4.016099,1.478179,19,40,6,3,0E-8,0.03771184,,0E-8,0.000000,0.881079,0.000000,,2026-03-25,2026-04-05,5,41,34,12,0.416667,,,0.000000,,,,,,,,GLOBAL_BASELINE_NO_ENTITY_RANKING,,,NOT_APPLICABLE_GLOBAL_BASELINE,HF9g-P5,,,,X 全窗基线 · 不参与实体赏罚,6878842,688,A168_HF9F_20260827_0900,2026-08-27 09:00:00
2026-04-01,147112704,1935,0,104.7038190719,-104.7038190719,-104.7038190719,0E-7,3,3,0.49324550000000000,0.493245500000,-1.708808463184432,-1.7088084631844318,-1.708808463184432,0E-17,ELIGIBLE,R03b_20260811_FULL_v1,L1_ELIGIBILITY,v2026-08-11,2026-03-21..2026-08-06,baccarat_bet02_101_all_pairs_incl_sentinel,round_win = game_pnl > 0 (decisive only),COMPATIBILITY_ONLY_NOT_PRODUCTION,4476.1457,3943.8361,168.8037,230,215,-0.03771184,,-0.03771184,-0.03771184,-168.8037,4476.1457,OK,0.0000,6.7521,4.0000,96.0000,AG03-UNRESOLVED,ALL5_LEVELS_bet23_to_bet27,6.7521,6.7521,6.7521,6.7521,6.7521,4.000000,4.000000,4.000000,4.000000,4.000000,96.000000,96.000000,96.000000,96.000000,96.000000,5.0,33.7607,31.1658,135.0429,137.6379,PENDING_AG03,FALSE,NOT_FOR_ENFORCEMENT,162.0515,3786.0826,168.8037,162.0515,6.7521,0.03771184,0.03620336,6.7521,162.0515,0.03620336,6.7521,6.7521,6.7521,6.7521,6.7521,162.0515,0.03620336,33.7607,31.1658,135.0429,137.6379,0.03016947,0.0307492,0.00150847,19.4615,18.3434,0.7851,33.7607,4.1172,895.2291,43.0000,,19.4615,10.5327,13.1659,26.176,39.2639,52.3519,52.8754,13.088,0.0,3.976337,4.016099,1.478179,19,40,6,3,0E-8,0.03771184,,0E-8,0.000000,0.881079,0.000000,,2026-03-25,2026-04-05,5,41,34,12,0.416667,,,0.000000,,,,,,,,GLOBAL_BASELINE_NO_ENTITY_RANKING,,,NOT_APPLICABLE_GLOBAL_BASELINE,HF9g-P5,,,,X 全窗基线 · 不参与实体赏罚,6878843,688,A168_HF9F_20260827_0900,2026-08-27 09:00:00
2026-04-01,147112704,2115,0,128.2621783631,54.9695050127,54.9695050127,1.0000000,6,4,0.46826190220585601,0.396936125000,1.5070215898349555,1.7431563486697372,1.5070215898349555,0.07132577720585601,ELIGIBLE,R03b_20260811_FULL_v1,L1_ELIGIBILITY,v2026-08-11,2026-03-21..2026-08-06,baccarat_bet02_101_all_pairs_incl_sentinel,round_win = game_pnl > 0 (decisive only),COMPATIBILITY_ONLY_NOT_PRODUCTION,4476.1457,3943.8361,168.8037,230,215,-0.03771184,,-0.03771184,-0.03771184,-168.8037,4476.1457,OK,0.0000,6.7521,4.0000,96.0000,AG03-UNRESOLVED,ALL5_LEVELS_bet23_to_bet27,6.7521,6.7521,6.7521,6.7521,6.7521,4.000000,4.000000,4.000000,4.000000,4.000000,96.000000,96.000000,96.000000,96.000000,96.000000,5.0,33.7607,31.1658,135.0429,137.6379,PENDING_AG03,FALSE,NOT_FOR_ENFORCEMENT,162.0515,3786.0826,168.8037,162.0515,6.7521,0.03771184,0.03620336,6.7521,162.0515,0.03620336,6.7521,6.7521,6.7521,6.7521,6.7521,162.0515,0.03620336,33.7607,31.1658,135.0429,137.6379,0.03016947,0.0307492,0.00150847,19.4615,18.3434,0.7851,33.7607,4.1172,895.2291,43.0000,,19.4615,10.5327,13.1659,26.176,39.2639,52.3519,52.8754,13.088,0.0,3.976337,4.016099,1.478179,19,40,6,3,0E-8,0.03771184,,0E-8,0.000000,0.881079,0.000000,,2026-03-25,2026-04-05,5,41,34,12,0.416667,,,0.000000,,,,,,,,GLOBAL_BASELINE_NO_ENTITY_RANKING,,,NOT_APPLICABLE_GLOBAL_BASELINE,HF9g-P5,,,,X 全窗基线 · 不参与实体赏罚,6878844,688,A168_HF9F_20260827_0900,2026-08-27 09:00:00
2026-04-01,147112704,2130,0,170.1437059919,37.3007355444,37.3007355444,0.7500000,6,6,0.50441650000000000,0.504416500000,0.9823723240197533,0.9823723240197534,0.9823723240197533,0E-17,ELIGIBLE,R03b_20260811_FULL_v1,L1_ELIGIBILITY,v2026-08-11,2026-03-21..2026-08-06,baccarat_bet02_101_all_pairs_incl_sentinel,round_win = game_pnl > 0 (decisive only),COMPATIBILITY_ONLY_NOT_PRODUCTION,4476.1457,3943.8361,168.8037,230,215,-0.03771184,,-0.03771184,-0.03771184,-168.8037,4476.1457,OK,0.0000,6.7521,4.0000,96.0000,AG03-UNRESOLVED,ALL5_LEVELS_bet23_to_bet27,6.7521,6.7521,6.7521,6.7521,6.7521,4.000000,4.000000,4.000000,4.000000,4.000000,96.000000,96.000000,96.000000,96.000000,96.000000,5.0,33.7607,31.1658,135.0429,137.6379,PENDING_AG03,FALSE,NOT_FOR_ENFORCEMENT,162.0515,3786.0826,168.8037,162.0515,6.7521,0.03771184,0.03620336,6.7521,162.0515,0.03620336,6.7521,6.7521,6.7521,6.7521,6.7521,162.0515,0.03620336,33.7607,31.1658,135.0429,137.6379,0.03016947,0.0307492,0.00150847,19.4615,18.3434,0.7851,33.7607,4.1172,895.2291,43.0000,,19.4615,10.5327,13.1659,26.176,39.2639,52.3519,52.8754,13.088,0.0,3.976337,4.016099,1.478179,19,40,6,3,0E-8,0.03771184,,0E-8,0.000000,0.881079,0.000000,,2026-03-25,2026-04-05,5,41,34,12,0.416667,,,0.000000,,,,,,,,GLOBAL_BASELINE_NO_ENTITY_RANKING,,,NOT_APPLICABLE_GLOBAL_BASELINE,HF9g-P5,,,,X 全窗基线 · 不参与实体赏罚,6878845,688,A168_HF9F_20260827_0900,2026-08-27 09:00:00
2026-04-01,147112704,2156,0,13.0879773840,-13.0879773840,-13.0879773840,0E-7,1,1,0.50665070000000000,0.506650700000,-1.013391052207602,-1.013391052207602,-1.013391052207602,0E-17,ELIGIBLE,R03b_20260811_FULL_v1,L1_ELIGIBILITY,v2026-08-11,2026-03-21..2026-08-06,baccarat_bet02_101_all_pairs_incl_sentinel,round_win = game_pnl > 0 (decisive only),COMPATIBILITY_ONLY_NOT_PRODUCTION,4476.1457,3943.8361,168.8037,230,215,-0.03771184,,-0.03771184,-0.03771184,-168.8037,4476.1457,OK,0.0000,6.7521,4.0000,96.0000,AG03-UNRESOLVED,ALL5_LEVELS_bet23_to_bet27,6.7521,6.7521,6.7521,6.7521,6.7521,4.000000,4.000000,4.000000,4.000000,4.000000,96.000000,96.000000,96.000000,96.000000,96.000000,5.0,33.7607,31.1658,135.0429,137.6379,PENDING_AG03,FALSE,NOT_FOR_ENFORCEMENT,162.0515,3786.0826,168.8037,162.0515,6.7521,0.03771184,0.03620336,6.7521,162.0515,0.03620336,6.7521,6.7521,6.7521,6.7521,6.7521,162.0515,0.03620336,33.7607,31.1658,135.0429,137.6379,0.03016947,0.0307492,0.00150847,19.4615,18.3434,0.7851,33.7607,4.1172,895.2291,43.0000,,19.4615,10.5327,13.1659,26.176,39.2639,52.3519,52.8754,13.088,0.0,3.976337,4.016099,1.478179,19,40,6,3,0E-8,0.03771184,,0E-8,0.000000,0.881079,0.000000,,2026-03-25,2026-04-05,5,41,34,12,0.416667,,,0.000000,,,,,,,,GLOBAL_BASELINE_NO_ENTITY_RANKING,,,NOT_APPLICABLE_GLOBAL_BASELINE,HF9g-P5,,,,X 全窗基线 · 不参与实体赏罚,6878846,688,A168_HF9F_20260827_0900,2026-08-27 09:00:00
2026-04-01,147112704,2167,0,104.7038190720,-26.1759547680,-26.1759547680,0.3750000,8,8,0.49324550000000000,0.493245500000,-0.6689586021016365,-0.6689586021016365,-0.6689586021016365,0E-17,ELIGIBLE,R03b_20260811_FULL_v1,L1_ELIGIBILITY,v2026-08-11,2026-03-21..2026-08-06,baccarat_bet02_101_all_pairs_incl_sentinel,round_win = game_pnl > 0 (decisive only),COMPATIBILITY_ONLY_NOT_PRODUCTION,4476.1457,3943.8361,168.8037,230,215,-0.03771184,,-0.03771184,-0.03771184,-168.8037,4476.1457,OK,0.0000,6.7521,4.0000,96.0000,AG03-UNRESOLVED,ALL5_LEVELS_bet23_to_bet27,6.7521,6.7521,6.7521,6.7521,6.7521,4.000000,4.000000,4.000000,4.000000,4.000000,96.000000,96.000000,96.000000,96.000000,96.000000,5.0,33.7607,31.1658,135.0429,137.6379,PENDING_AG03,FALSE,NOT_FOR_ENFORCEMENT,162.0515,3786.0826,168.8037,162.0515,6.7521,0.03771184,0.03620336,6.7521,162.0515,0.03620336,6.7521,6.7521,6.7521,6.7521,6.7521,162.0515,0.03620336,33.7607,31.1658,135.0429,137.6379,0.03016947,0.0307492,0.00150847,19.4615,18.3434,0.7851,33.7607,4.1172,895.2291,43.0000,,19.4615,10.5327,13.1659,26.176,39.2639,52.3519,52.8754,13.088,0.0,3.976337,4.016099,1.478179,19,40,6,3,0E-8,0.03771184,,0E-8,0.000000,0.881079,0.000000,,2026-03-25,2026-04-05,5,41,34,12,0.416667,,,0.000000,,,,,,,,GLOBAL_BASELINE_NO_ENTITY_RANKING,,,NOT_APPLICABLE_GLOBAL_BASELINE,HF9g-P5,,,,X 全窗基线 · 不参与实体赏罚,6878847,688,A168_HF9F_20260827_0900,2026-08-27 09:00:00
2026-04-01,147112704,2174,0,196.3196607599,115.1742009791,115.1742009791,0.8333333,7,7,0.49899058571428571,0.498990585714,1.6379415995907425,1.637941599592144,1.6379415995907425,2.8571E-13,ELIGIBLE,R03b_20260811_FULL_v1,L1_ELIGIBILITY,v2026-08-11,2026-03-21..2026-08-06,baccarat_bet02_101_all_pairs_incl_sentinel,round_win = game_pnl > 0 (decisive only),COMPATIBILITY_ONLY_NOT_PRODUCTION,4476.1457,3943.8361,168.8037,230,215,-0.03771184,,-0.03771184,-0.03771184,-168.8037,4476.1457,OK,0.0000,6.7521,4.0000,96.0000,AG03-UNRESOLVED,ALL5_LEVELS_bet23_to_bet27,6.7521,6.7521,6.7521,6.7521,6.7521,4.000000,4.000000,4.000000,4.000000,4.000000,96.000000,96.000000,96.000000,96.000000,96.000000,5.0,33.7607,31.1658,135.0429,137.6379,PENDING_AG03,FALSE,NOT_FOR_ENFORCEMENT,162.0515,3786.0826,168.8037,162.0515,6.7521,0.03771184,0.03620336,6.7521,162.0515,0.03620336,6.7521,6.7521,6.7521,6.7521,6.7521,162.0515,0.03620336,33.7607,31.1658,135.0429,137.6379,0.03016947,0.0307492,0.00150847,19.4615,18.3434,0.7851,33.7607,4.1172,895.2291,43.0000,,19.4615,10.5327,13.1659,26.176,39.2639,52.3519,52.8754,13.088,0.0,3.976337,4.016099,1.478179,19,40,6,3,0E-8,0.03771184,,0E-8,0.000000,0.881079,0.000000,,2026-03-25,2026-04-05,5,41,34,12,0.416667,,,0.000000,,,,,,,,GLOBAL_BASELINE_NO_ENTITY_RANKING,,,NOT_APPLICABLE_GLOBAL_BASELINE,HF9g-P5,,,,X 全窗基线 · 不参与实体赏罚,6878848,688,A168_HF9F_20260827_0900,2026-08-27 09:00:00
2026-04-01,147112704,2251,0,60.2046959664,17.7996492422,17.7996492422,0.6666667,6,6,0.49547970000000000,0.495479700000,0.83867571210634,0.83867571210634,0.83867571210634,0E-17,ELIGIBLE,R03b_20260811_FULL_v1,L1_ELIGIBILITY,v2026-08-11,2026-03-21..2026-08-06,baccarat_bet02_101_all_pairs_incl_sentinel,round_win = game_pnl > 0 (decisive only),COMPATIBILITY_ONLY_NOT_PRODUCTION,4476.1457,3943.8361,168.8037,230,215,-0.03771184,,-0.03771184,-0.03771184,-168.8037,4476.1457,OK,0.0000,6.7521,4.0000,96.0000,AG03-UNRESOLVED,ALL5_LEVELS_bet23_to_bet27,6.7521,6.7521,6.7521,6.7521,6.7521,4.000000,4.000000,4.000000,4.000000,4.000000,96.000000,96.000000,96.000000,96.000000,96.000000,5.0,33.7607,31.1658,135.0429,137.6379,PENDING_AG03,FALSE,NOT_FOR_ENFORCEMENT,162.0515,3786.0826,168.8037,162.0515,6.7521,0.03771184,0.03620336,6.7521,162.0515,0.03620336,6.7521,6.7521,6.7521,6.7521,6.7521,162.0515,0.03620336,33.7607,31.1658,135.0429,137.6379,0.03016947,0.0307492,0.00150847,19.4615,18.3434,0.7851,33.7607,4.1172,895.2291,43.0000,,19.4615,10.5327,13.1659,26.176,39.2639,52.3519,52.8754,13.088,0.0,3.976337,4.016099,1.478179,19,40,6,3,0E-8,0.03771184,,0E-8,0.000000,0.881079,0.000000,,2026-03-25,2026-04-05,5,41,34,12,0.416667,,,0.000000,,,,,,,,GLOBAL_BASELINE_NO_ENTITY_RANKING,,,NOT_APPLICABLE_GLOBAL_BASELINE,HF9g-P5,,,,X 全窗基线 · 不参与实体赏罚,6878849,688,A168_HF9F_20260827_0900,2026-08-27 09:00:00
2026-04-01,147112704,2252,0,374.3161531819,-58.8958982279,-58.8958982279,0.5000000,11,10,0.49515565538459736,0.481356485000,0.030639763632654526,0.11799399537270126,0.030639763632654526,0.01379917038459736,ELIGIBLE,R03b_20260811_FULL_v1,L1_ELIGIBILITY,v2026-08-11,2026-03-21..2026-08-06,baccarat_bet02_101_all_pairs_incl_sentinel,round_win = game_pnl > 0 (decisive only),COMPATIBILITY_ONLY_NOT_PRODUCTION,4476.1457,3943.8361,168.8037,230,215,-0.03771184,,-0.03771184,-0.03771184,-168.8037,4476.1457,OK,0.0000,6.7521,4.0000,96.0000,AG03-UNRESOLVED,ALL5_LEVELS_bet23_to_bet27,6.7521,6.7521,6.7521,6.7521,6.7521,4.000000,4.000000,4.000000,4.000000,4.000000,96.000000,96.000000,96.000000,96.000000,96.000000,5.0,33.7607,31.1658,135.0429,137.6379,PENDING_AG03,FALSE,NOT_FOR_ENFORCEMENT,162.0515,3786.0826,168.8037,162.0515,6.7521,0.03771184,0.03620336,6.7521,162.0515,0.03620336,6.7521,6.7521,6.7521,6.7521,6.7521,162.0515,0.03620336,33.7607,31.1658,135.0429,137.6379,0.03016947,0.0307492,0.00150847,19.4615,18.3434,0.7851,33.7607,4.1172,895.2291,43.0000,,19.4615,10.5327,13.1659,26.176,39.2639,52.3519,52.8754,13.088,0.0,3.976337,4.016099,1.478179,19,40,6,3,0E-8,0.03771184,,0E-8,0.000000,0.881079,0.000000,,2026-03-25,2026-04-05,5,41,34,12,0.416667,,,0.000000,,,,,,,,GLOBAL_BASELINE_NO_ENTITY_RANKING,,,NOT_APPLICABLE_GLOBAL_BASELINE,HF9g-P5,,,,X 全窗基线 · 不参与实体赏罚,6878850,688,A168_HF9F_20260827_0900,2026-08-27 09:00:00
2026-04-01,147112704,2256,0,26.1759547680,-26.1759547680,-26.1759547680,0E-7,1,1,0.50665070000000000,0.506650700000,-1.013391052207602,-1.013391052207602,-1.013391052207602,0E-17,ELIGIBLE,R03b_20260811_FULL_v1,L1_ELIGIBILITY,v2026-08-11,2026-03-21..2026-08-06,baccarat_bet02_101_all_pairs_incl_sentinel,round_win = game_pnl > 0 (decisive only),COMPATIBILITY_ONLY_NOT_PRODUCTION,4476.1457,3943.8361,168.8037,230,215,-0.03771184,,-0.03771184,-0.03771184,-168.8037,4476.1457,OK,0.0000,6.7521,4.0000,96.0000,AG03-UNRESOLVED,ALL5_LEVELS_bet23_to_bet27,6.7521,6.7521,6.7521,6.7521,6.7521,4.000000,4.000000,4.000000,4.000000,4.000000,96.000000,96.000000,96.000000,96.000000,96.000000,5.0,33.7607,31.1658,135.0429,137.6379,PENDING_AG03,FALSE,NOT_FOR_ENFORCEMENT,162.0515,3786.0826,168.8037,162.0515,6.7521,0.03771184,0.03620336,6.7521,162.0515,0.03620336,6.7521,6.7521,6.7521,6.7521,6.7521,162.0515,0.03620336,33.7607,31.1658,135.0429,137.6379,0.03016947,0.0307492,0.00150847,19.4615,18.3434,0.7851,33.7607,4.1172,895.2291,43.0000,,19.4615,10.5327,13.1659,26.176,39.2639,52.3519,52.8754,13.088,0.0,3.976337,4.016099,1.478179,19,40,6,3,0E-8,0.03771184,,0E-8,0.000000,0.881079,0.000000,,2026-03-25,2026-04-05,5,41,34,12,0.416667,,,0.000000,,,,,,,,GLOBAL_BASELINE_NO_ENTITY_RANKING,,,NOT_APPLICABLE_GLOBAL_BASELINE,HF9g-P5,,,,X 全窗基线 · 不参与实体赏罚,6878851,688,A168_HF9F_20260827_0900,2026-08-27 09:00:00
2026-04-05,147112704,-1,1,13.0879773840,-13.0879773840,-13.0879773840,0E-7,1,1,0.49324550000000000,0.493245500000,-0.9865810262130424,-0.9865810262130424,-0.9865810262130424,0E-17,SENTINEL_DEALER,R03b_20260811_FULL_v1,L1_ELIGIBILITY,v2026-08-11,2026-03-21..2026-08-06,baccarat_bet02_101_all_pairs_incl_sentinel,round_win = game_pnl > 0 (decisive only),COMPATIBILITY_ONLY_NOT_PRODUCTION,4476.1457,3943.8361,168.8037,230,215,-0.03771184,,-0.03771184,-0.03771184,-168.8037,4476.1457,OK,0.0000,6.7521,4.0000,96.0000,AG03-UNRESOLVED,ALL5_LEVELS_bet23_to_bet27,6.7521,6.7521,6.7521,6.7521,6.7521,4.000000,4.000000,4.000000,4.000000,4.000000,96.000000,96.000000,96.000000,96.000000,96.000000,5.0,33.7607,31.1658,135.0429,137.6379,PENDING_AG03,FALSE,NOT_FOR_ENFORCEMENT,162.0515,3786.0826,168.8037,162.0515,6.7521,0.03771184,0.03620336,6.7521,162.0515,0.03620336,6.7521,6.7521,6.7521,6.7521,6.7521,162.0515,0.03620336,33.7607,31.1658,135.0429,137.6379,0.03016947,0.0307492,0.00150847,19.4615,18.3434,0.7851,33.7607,4.1172,895.2291,43.0000,,19.4615,10.5327,13.1659,26.176,39.2639,52.3519,52.8754,13.088,0.0,3.976337,4.016099,1.478179,19,40,6,3,0E-8,0.03771184,,0E-8,0.000000,0.881079,0.000000,,2026-03-25,2026-04-05,5,41,34,12,0.416667,,,0.000000,,,,,,,,GLOBAL_BASELINE_NO_ENTITY_RANKING,,,NOT_APPLICABLE_GLOBAL_BASELINE,HF9g-P5,,,,X 全窗基线 · 不参与实体赏罚,6878852,688,A168_HF9F_20260827_0900,2026-08-27 09:00:00
2026-04-05,147112704,1330,0,677.9572284905,111.9022066332,111.9022066332,0.6666667,23,21,0.49372682857142857,0.480645942857,1.4675586963339837,1.5796220147069462,1.4675586963339837,0.01308088571442857,ELIGIBLE,R03b_20260811_FULL_v1,L1_ELIGIBILITY,v2026-08-11,2026-03-21..2026-08-06,baccarat_bet02_101_all_pairs_incl_sentinel,round_win = game_pnl > 0 (decisive only),COMPATIBILITY_ONLY_NOT_PRODUCTION,4476.1457,3943.8361,168.8037,230,215,-0.03771184,,-0.03771184,-0.03771184,-168.8037,4476.1457,OK,0.0000,6.7521,4.0000,96.0000,AG03-UNRESOLVED,ALL5_LEVELS_bet23_to_bet27,6.7521,6.7521,6.7521,6.7521,6.7521,4.000000,4.000000,4.000000,4.000000,4.000000,96.000000,96.000000,96.000000,96.000000,96.000000,5.0,33.7607,31.1658,135.0429,137.6379,PENDING_AG03,FALSE,NOT_FOR_ENFORCEMENT,162.0515,3786.0826,168.8037,162.0515,6.7521,0.03771184,0.03620336,6.7521,162.0515,0.03620336,6.7521,6.7521,6.7521,6.7521,6.7521,162.0515,0.03620336,33.7607,31.1658,135.0429,137.6379,0.03016947,0.0307492,0.00150847,19.4615,18.3434,0.7851,33.7607,4.1172,895.2291,43.0000,,19.4615,10.5327,13.1659,26.176,39.2639,52.3519,52.8754,13.088,0.0,3.976337,4.016099,1.478179,19,40,6,3,0E-8,0.03771184,,0E-8,0.000000,0.881079,0.000000,,2026-03-25,2026-04-05,5,41,34,12,0.416667,,,0.000000,,,,,,,,GLOBAL_BASELINE_NO_ENTITY_RANKING,,,NOT_APPLICABLE_GLOBAL_BASELINE,HF9g-P5,,,,X 全窗基线 · 不参与实体赏罚,6878853,688,A168_HF9F_20260827_0900,2026-08-27 09:00:00
2026-04-05,147112704,2141,0,157.0557286078,-104.7038190718,-104.7038190718,0.2000000,5,5,0.49324550000000000,0.493245500000,-1.3115534243649334,-1.3115534243649334,-1.3115534243649334,0E-17,ELIGIBLE,R03b_20260811_FULL_v1,L1_ELIGIBILITY,v2026-08-11,2026-03-21..2026-08-06,baccarat_bet02_101_all_pairs_incl_sentinel,round_win = game_pnl > 0 (decisive only),COMPATIBILITY_ONLY_NOT_PRODUCTION,4476.1457,3943.8361,168.8037,230,215,-0.03771184,,-0.03771184,-0.03771184,-168.8037,4476.1457,OK,0.0000,6.7521,4.0000,96.0000,AG03-UNRESOLVED,ALL5_LEVELS_bet23_to_bet27,6.7521,6.7521,6.7521,6.7521,6.7521,4.000000,4.000000,4.000000,4.000000,4.000000,96.000000,96.000000,96.000000,96.000000,96.000000,5.0,33.7607,31.1658,135.0429,137.6379,PENDING_AG03,FALSE,NOT_FOR_ENFORCEMENT,162.0515,3786.0826,168.8037,162.0515,6.7521,0.03771184,0.03620336,6.7521,162.0515,0.03620336,6.7521,6.7521,6.7521,6.7521,6.7521,162.0515,0.03620336,33.7607,31.1658,135.0429,137.6379,0.03016947,0.0307492,0.00150847,19.4615,18.3434,0.7851,33.7607,4.1172,895.2291,43.0000,,19.4615,10.5327,13.1659,26.176,39.2639,52.3519,52.8754,13.088,0.0,3.976337,4.016099,1.478179,19,40,6,3,0E-8,0.03771184,,0E-8,0.000000,0.881079,0.000000,,2026-03-25,2026-04-05,5,41,34,12,0.416667,,,0.000000,,,,,,,,GLOBAL_BASELINE_NO_ENTITY_RANKING,,,NOT_APPLICABLE_GLOBAL_BASELINE,HF9g-P5,,,,X 全窗基线 · 不参与实体赏罚,6878854,688,A168_HF9F_20260827_0900,2026-08-27 09:00:00
2026-04-05,147112704,2252,0,52.3519095359,-52.3519095359,-52.3519095359,0E-7,1,1,0.49324550000000000,0.493245500000,-0.9865810262130424,-0.9865810262130424,-0.9865810262130424,0E-17,ELIGIBLE,R03b_20260811_FULL_v1,L1_ELIGIBILITY,v2026-08-11,2026-03-21..2026-08-06,baccarat_bet02_101_all_pairs_incl_sentinel,round_win = game_pnl > 0 (decisive only),COMPATIBILITY_ONLY_NOT_PRODUCTION,4476.1457,3943.8361,168.8037,230,215,-0.03771184,,-0.03771184,-0.03771184,-168.8037,4476.1457,OK,0.0000,6.7521,4.0000,96.0000,AG03-UNRESOLVED,ALL5_LEVELS_bet23_to_bet27,6.7521,6.7521,6.7521,6.7521,6.7521,4.000000,4.000000,4.000000,4.000000,4.000000,96.000000,96.000000,96.000000,96.000000,96.000000,5.0,33.7607,31.1658,135.0429,137.6379,PENDING_AG03,FALSE,NOT_FOR_ENFORCEMENT,162.0515,3786.0826,168.8037,162.0515,6.7521,0.03771184,0.03620336,6.7521,162.0515,0.03620336,6.7521,6.7521,6.7521,6.7521,6.7521,162.0515,0.03620336,33.7607,31.1658,135.0429,137.6379,0.03016947,0.0307492,0.00150847,19.4615,18.3434,0.7851,33.7607,4.1172,895.2291,43.0000,,19.4615,10.5327,13.1659,26.176,39.2639,52.3519,52.8754,13.088,0.0,3.976337,4.016099,1.478179,19,40,6,3,0E-8,0.03771184,,0E-8,0.000000,0.881079,0.000000,,2026-03-25,2026-04-05,5,41,34,12,0.416667,,,0.000000,,,,,,,,GLOBAL_BASELINE_NO_ENTITY_RANKING,,,NOT_APPLICABLE_GLOBAL_BASELINE,HF9g-P5,,,,X 全窗基线 · 不参与实体赏罚,6878855,688,A168_HF9F_20260827_0900,2026-08-27 09:00:00
2026-04-05,148240229,1509,0,21.0823688150,-21.0823688150,-21.0823688150,0E-7,1,1,0.49324550000000000,0.493245500000,-0.9865810262130424,-0.9865810262130424,-0.9865810262130424,0E-17,ELIGIBLE,R03b_20260811_FULL_v1,L1_ELIGIBILITY,v2026-08-11,2026-03-21..2026-08-06,baccarat_bet02_101_all_pairs_incl_sentinel,round_win = game_pnl > 0 (decisive only),COMPATIBILITY_ONLY_NOT_PRODUCTION,987.7090,822.2124,168.8171,29,28,-0.17091782,,-0.17091782,-0.17091782,-168.8171,987.7090,THIN_EXPOSURE,0.0000,6.7527,4.0000,96.0000,AG03-UNRESOLVED,ALL5_LEVELS_bet23_to_bet27,6.7527,6.7527,6.7527,6.7527,6.7527,4.000000,4.000000,4.000000,4.000000,4.000000,96.000000,96.000000,96.000000,96.000000,96.000000,5.0,33.7634,31.1682,135.0537,137.6488,PENDING_AG03,FALSE,NOT_FOR_ENFORCEMENT,162.0644,789.3239,168.8171,162.0644,6.7527,0.17091782,0.16408111,6.7527,162.0644,0.16408111,6.7527,6.7527,6.7527,6.7527,6.7527,162.0644,0.16408111,33.7634,31.1682,135.0537,137.6488,0.13673426,0.13936173,0.00683671,34.0589,29.3647,6.0292,56.2724,21.1021,329.2363,9.3333,,34.0589,20.8188,31.6236,42.1647,63.2471,64.3012,84.3295,24.2447,0.0,2.033333,2.666667,1.077012,7,8,2,3,0E-8,0.17091782,,0E-8,0.000000,0.832444,0.000000,,2026-04-05,2026-04-16,3,8,8,12,0.250000,,,0.000000,,,,,,,,GLOBAL_BASELINE_NO_ENTITY_RANKING,,,NOT_APPLICABLE_GLOBAL_BASELINE,HF9g-P5,,,,X 全窗基线 · 不参与实体赏罚,6878856,688,A168_HF9F_20260827_0900,2026-08-27 09:00:00
2026-04-05,148240229,2169,0,478.5697720995,-42.1647376299,-42.1647376299,0.4444444,11,10,0.49098742249997557,0.480686225000,-0.2793032456992213,-0.21761309283903088,-0.2793032456992213,0.01030119749997557,ELIGIBLE,R03b_20260811_FULL_v1,L1_ELIGIBILITY,v2026-08-11,2026-03-21..2026-08-06,baccarat_bet02_101_all_pairs_incl_sentinel,round_win = game_pnl > 0 (decisive only),COMPATIBILITY_ONLY_NOT_PRODUCTION,987.7090,822.2124,168.8171,29,28,-0.17091782,,-0.17091782,-0.17091782,-168.8171,987.7090,THIN_EXPOSURE,0.0000,6.7527,4.0000,96.0000,AG03-UNRESOLVED,ALL5_LEVELS_bet23_to_bet27,6.7527,6.7527,6.7527,6.7527,6.7527,4.000000,4.000000,4.000000,4.000000,4.000000,96.000000,96.000000,96.000000,96.000000,96.000000,5.0,33.7634,31.1682,135.0537,137.6488,PENDING_AG03,FALSE,NOT_FOR_ENFORCEMENT,162.0644,789.3239,168.8171,162.0644,6.7527,0.17091782,0.16408111,6.7527,162.0644,0.16408111,6.7527,6.7527,6.7527,6.7527,6.7527,162.0644,0.16408111,33.7634,31.1682,135.0537,137.6488,0.13673426,0.13936173,0.00683671,34.0589,29.3647,6.0292,56.2724,21.1021,329.2363,9.3333,,34.0589,20.8188,31.6236,42.1647,63.2471,64.3012,84.3295,24.2447,0.0,2.033333,2.666667,1.077012,7,8,2,3,0E-8,0.17091782,,0E-8,0.000000,0.832444,0.000000,,2026-04-05,2026-04-16,3,8,8,12,0.250000,,,0.000000,,,,,,,,GLOBAL_BASELINE_NO_ENTITY_RANKING,,,NOT_APPLICABLE_GLOBAL_BASELINE,HF9g-P5,,,,X 全窗基线 · 不参与实体赏罚,6878857,688,A168_HF9F_20260827_0900,2026-08-27 09:00:00
2026-04-05,148240229,550,0,252.9884257795,-147.5765817047,-147.5765817047,0.2500000,5,5,0.49324550000000000,0.493245500000,-0.9730707933947887,-0.9730707933947887,-0.9730707933947887,0E-17,ELIGIBLE,R03b_20260811_FULL_v1,L1_ELIGIBILITY,v2026-08-11,2026-03-21..2026-08-06,baccarat_bet02_101_all_pairs_incl_sentinel,round_win = game_pnl > 0 (decisive only),COMPATIBILITY_ONLY_NOT_PRODUCTION,987.7090,822.2124,168.8171,29,28,-0.17091782,,-0.17091782,-0.17091782,-168.8171,987.7090,THIN_EXPOSURE,0.0000,6.7527,4.0000,96.0000,AG03-UNRESOLVED,ALL5_LEVELS_bet23_to_bet27,6.7527,6.7527,6.7527,6.7527,6.7527,4.000000,4.000000,4.000000,4.000000,4.000000,96.000000,96.000000,96.000000,96.000000,96.000000,5.0,33.7634,31.1682,135.0537,137.6488,PENDING_AG03,FALSE,NOT_FOR_ENFORCEMENT,162.0644,789.3239,168.8171,162.0644,6.7527,0.17091782,0.16408111,6.7527,162.0644,0.16408111,6.7527,6.7527,6.7527,6.7527,6.7527,162.0644,0.16408111,33.7634,31.1682,135.0537,137.6488,0.13673426,0.13936173,0.00683671,34.0589,29.3647,6.0292,56.2724,21.1021,329.2363,9.3333,,34.0589,20.8188,31.6236,42.1647,63.2471,64.3012,84.3295,24.2447,0.0,2.033333,2.666667,1.077012,7,8,2,3,0E-8,0.17091782,,0E-8,0.000000,0.832444,0.000000,,2026-04-05,2026-04-16,3,8,8,12,0.250000,,,0.000000,,,,,,,,GLOBAL_BASELINE_NO_ENTITY_RANKING,,,NOT_APPLICABLE_GLOBAL_BASELINE,HF9g-P5,,,,X 全窗基线 · 不参与实体赏罚,6878858,688,A168_HF9F_20260827_0900,2026-08-27 09:00:00
2026-04-15,148240229,-1,1,45.3270929521,11.0155377058,11.0155377058,1.0000000,3,3,0.49771390000000000,0.497713900000,1.0045827004620043,1.0045827004620043,1.0045827004620043,0E-17,SENTINEL_DEALER,R03b_20260811_FULL_v1,L1_ELIGIBILITY,v2026-08-11,2026-03-21..2026-08-06,baccarat_bet02_101_all_pairs_incl_sentinel,round_win = game_pnl > 0 (decisive only),COMPATIBILITY_ONLY_NOT_PRODUCTION,987.7090,822.2124,168.8171,29,28,-0.17091782,,-0.17091782,-0.17091782,-168.8171,987.7090,THIN_EXPOSURE,0.0000,6.7527,4.0000,96.0000,AG03-UNRESOLVED,ALL5_LEVELS_bet23_to_bet27,6.7527,6.7527,6.7527,6.7527,6.7527,4.000000,4.000000,4.000000,4.000000,4.000000,96.000000,96.000000,96.000000,96.000000,96.000000,5.0,33.7634,31.1682,135.0537,137.6488,PENDING_AG03,FALSE,NOT_FOR_ENFORCEMENT,162.0644,789.3239,168.8171,162.0644,6.7527,0.17091782,0.16408111,6.7527,162.0644,0.16408111,6.7527,6.7527,6.7527,6.7527,6.7527,162.0644,0.16408111,33.7634,31.1682,135.0537,137.6488,0.13673426,0.13936173,0.00683671,34.0589,29.3647,6.0292,56.2724,21.1021,329.2363,9.3333,,34.0589,20.8188,31.6236,42.1647,63.2471,64.3012,84.3295,24.2447,0.0,2.033333,2.666667,1.077012,7,8,2,3,0E-8,0.17091782,,0E-8,0.000000,0.832444,0.000000,,2026-04-05,2026-04-16,3,8,8,12,0.250000,,,0.000000,,,,,,,,GLOBAL_BASELINE_NO_ENTITY_RANKING,,,NOT_APPLICABLE_GLOBAL_BASELINE,HF9g-P5,,,,X 全窗基线 · 不参与实体赏罚,6878859,688,A168_HF9F_20260827_0900,2026-08-27 09:00:00
2026-04-15,148240229,1401,0,42.1647376299,24.2447241372,24.2447241372,1.0000000,2,2,0.49324550000000000,0.493245500000,1.01360149184955,1.01360149184955,1.01360149184955,0E-17,ELIGIBLE,R03b_20260811_FULL_v1,L1_ELIGIBILITY,v2026-08-11,2026-03-21..2026-08-06,baccarat_bet02_101_all_pairs_incl_sentinel,round_win = game_pnl > 0 (decisive only),COMPATIBILITY_ONLY_NOT_PRODUCTION,987.7090,822.2124,168.8171,29,28,-0.17091782,,-0.17091782,-0.17091782,-168.8171,987.7090,THIN_EXPOSURE,0.0000,6.7527,4.0000,96.0000,AG03-UNRESOLVED,ALL5_LEVELS_bet23_to_bet27,6.7527,6.7527,6.7527,6.7527,6.7527,4.000000,4.000000,4.000000,4.000000,4.000000,96.000000,96.000000,96.000000,96.000000,96.000000,5.0,33.7634,31.1682,135.0537,137.6488,PENDING_AG03,FALSE,NOT_FOR_ENFORCEMENT,162.0644,789.3239,168.8171,162.0644,6.7527,0.17091782,0.16408111,6.7527,162.0644,0.16408111,6.7527,6.7527,6.7527,6.7527,6.7527,162.0644,0.16408111,33.7634,31.1682,135.0537,137.6488,0.13673426,0.13936173,0.00683671,34.0589,29.3647,6.0292,56.2724,21.1021,329.2363,9.3333,,34.0589,20.8188,31.6236,42.1647,63.2471,64.3012,84.3295,24.2447,0.0,2.033333,2.666667,1.077012,7,8,2,3,0E-8,0.17091782,,0E-8,0.000000,0.832444,0.000000,,2026-04-05,2026-04-16,3,8,8,12,0.250000,,,0.000000,,,,,,,,GLOBAL_BASELINE_NO_ENTITY_RANKING,,,NOT_APPLICABLE_GLOBAL_BASELINE,HF9g-P5,,,,X 全窗基线 · 不参与实体赏罚,6878860,688,A168_HF9F_20260827_0900,2026-08-27 09:00:00
2026-04-16,148240229,1623,0,50.5976851560,8.4329475260,8.4329475260,0.6666667,3,3,0.49324550000000000,0.493245500000,0.6008033672792107,0.6008033672792106,0.6008033672792107,0E-17,ELIGIBLE,R03b_20260811_FULL_v1,L1_ELIGIBILITY,v2026-08-11,2026-03-21..2026-08-06,baccarat_bet02_101_all_pairs_incl_sentinel,round_win = game_pnl > 0 (decisive only),COMPATIBILITY_ONLY_NOT_PRODUCTION,987.7090,822.2124,168.8171,29,28,-0.17091782,,-0.17091782,-0.17091782,-168.8171,987.7090,THIN_EXPOSURE,0.0000,6.7527,4.0000,96.0000,AG03-UNRESOLVED,ALL5_LEVELS_bet23_to_bet27,6.7527,6.7527,6.7527,6.7527,6.7527,4.000000,4.000000,4.000000,4.000000,4.000000,96.000000,96.000000,96.000000,96.000000,96.000000,5.0,33.7634,31.1682,135.0537,137.6488,PENDING_AG03,FALSE,NOT_FOR_ENFORCEMENT,162.0644,789.3239,168.8171,162.0644,6.7527,0.17091782,0.16408111,6.7527,162.0644,0.16408111,6.7527,6.7527,6.7527,6.7527,6.7527,162.0644,0.16408111,33.7634,31.1682,135.0537,137.6488,0.13673426,0.13936173,0.00683671,34.0589,29.3647,6.0292,56.2724,21.1021,329.2363,9.3333,,34.0589,20.8188,31.6236,42.1647,63.2471,64.3012,84.3295,24.2447,0.0,2.033333,2.666667,1.077012,7,8,2,3,0E-8,0.17091782,,0E-8,0.000000,0.832444,0.000000,,2026-04-05,2026-04-16,3,8,8,12,0.250000,,,0.000000,,,,,,,,GLOBAL_BASELINE_NO_ENTITY_RANKING,,,NOT_APPLICABLE_GLOBAL_BASELINE,HF9g-P5,,,,X 全窗基线 · 不参与实体赏罚,6878861,688,A168_HF9F_20260827_0900,2026-08-27 09:00:00
2026-04-16,148240229,1985,0,46.3812113929,19.3957793097,19.3957793097,0.5000000,2,2,0.50665070000000000,0.506650700000,-0.018812684590367487,-0.018812684590367487,-0.018812684590367487,0E-17,ELIGIBLE,R03b_20260811_FULL_v1,L1_ELIGIBILITY,v2026-08-11,2026-03-21..2026-08-06,baccarat_bet02_101_all_pairs_incl_sentinel,round_win = game_pnl > 0 (decisive only),COMPATIBILITY_ONLY_NOT_PRODUCTION,987.7090,822.2124,168.8171,29,28,-0.17091782,,-0.17091782,-0.17091782,-168.8171,987.7090,THIN_EXPOSURE,0.0000,6.7527,4.0000,96.0000,AG03-UNRESOLVED,ALL5_LEVELS_bet23_to_bet27,6.7527,6.7527,6.7527,6.7527,6.7527,4.000000,4.000000,4.000000,4.000000,4.000000,96.000000,96.000000,96.000000,96.000000,96.000000,5.0,33.7634,31.1682,135.0537,137.6488,PENDING_AG03,FALSE,NOT_FOR_ENFORCEMENT,162.0644,789.3239,168.8171,162.0644,6.7527,0.17091782,0.16408111,6.7527,162.0644,0.16408111,6.7527,6.7527,6.7527,6.7527,6.7527,162.0644,0.16408111,33.7634,31.1682,135.0537,137.6488,0.13673426,0.13936173,0.00683671,34.0589,29.3647,6.0292,56.2724,21.1021,329.2363,9.3333,,34.0589,20.8188,31.6236,42.1647,63.2471,64.3012,84.3295,24.2447,0.0,2.033333,2.666667,1.077012,7,8,2,3,0E-8,0.17091782,,0E-8,0.000000,0.832444,0.000000,,2026-04-05,2026-04-16,3,8,8,12,0.250000,,,0.000000,,,,,,,,GLOBAL_BASELINE_NO_ENTITY_RANKING,,,NOT_APPLICABLE_GLOBAL_BASELINE,HF9g-P5,,,,X 全窗基线 · 不参与实体赏罚,6878862,688,A168_HF9F_20260827_0900,2026-08-27 09:00:00
2026-04-16,148240229,1994,0,50.5976851559,-21.0823688150,-21.0823688150,0E-7,2,2,0.49994810000000000,0.499948100000,-0.9998962053866608,-0.9998962053866608,-0.9998962053866608,0E-17,ELIGIBLE,R03b_20260811_FULL_v1,L1_ELIGIBILITY,v2026-08-11,2026-03-21..2026-08-06,baccarat_bet02_101_all_pairs_incl_sentinel,round_win = game_pnl > 0 (decisive only),COMPATIBILITY_ONLY_NOT_PRODUCTION,987.7090,822.2124,168.8171,29,28,-0.17091782,,-0.17091782,-0.17091782,-168.8171,987.7090,THIN_EXPOSURE,0.0000,6.7527,4.0000,96.0000,AG03-UNRESOLVED,ALL5_LEVELS_bet23_to_bet27,6.7527,6.7527,6.7527,6.7527,6.7527,4.000000,4.000000,4.000000,4.000000,4.000000,96.000000,96.000000,96.000000,96.000000,96.000000,5.0,33.7634,31.1682,135.0537,137.6488,PENDING_AG03,FALSE,NOT_FOR_ENFORCEMENT,162.0644,789.3239,168.8171,162.0644,6.7527,0.17091782,0.16408111,6.7527,162.0644,0.16408111,6.7527,6.7527,6.7527,6.7527,6.7527,162.0644,0.16408111,33.7634,31.1682,135.0537,137.6488,0.13673426,0.13936173,0.00683671,34.0589,29.3647,6.0292,56.2724,21.1021,329.2363,9.3333,,34.0589,20.8188,31.6236,42.1647,63.2471,64.3012,84.3295,24.2447,0.0,2.033333,2.666667,1.077012,7,8,2,3,0E-8,0.17091782,,0E-8,0.000000,0.832444,0.000000,,2026-04-05,2026-04-16,3,8,8,12,0.250000,,,0.000000,,,,,,,,GLOBAL_BASELINE_NO_ENTITY_RANKING,,,NOT_APPLICABLE_GLOBAL_BASELINE,HF9g-P5,,,,X 全窗基线 · 不参与实体赏罚,6878863,688,A168_HF9F_20260827_0900,2026-08-27 09:00:00
2026-04-03,148174563,-1,1,143.5709316298,-80.3238251850,-80.3238251850,0.1666667,6,6,0.36483300000000000,0.364833000000,-1.0083573739363276,-1.0083573739363278,-1.0083573739363276,0E-17,SENTINEL_DEALER,R03b_20260811_FULL_v1,L1_ELIGIBILITY,v2026-08-11,2026-03-21..2026-08-06,baccarat_bet02_101_all_pairs_incl_sentinel,round_win = game_pnl > 0 (decisive only),COMPATIBILITY_ONLY_NOT_PRODUCTION,866.6962,807.6655,168.8171,35,35,-0.19478229,,-0.19478229,-0.19478229,-168.8171,866.6962,OK,0.0000,6.7527,4.0000,96.0000,AG03-UNRESOLVED,ALL5_LEVELS_bet23_to_bet27,6.7527,6.7527,8.4409,0.0000,0.0000,4.000000,4.000000,5.000000,0.000000,0.000000,96.000000,96.000000,95.000000,100.000000,100.000000,5.0,21.9462,21.0143,146.8708,147.8027,PENDING_AG03,FALSE,NOT_FOR_ENFORCEMENT,162.0644,775.3589,168.8171,162.0644,6.7527,0.19478229,0.18699100,6.7527,162.0644,0.18699100,6.7527,6.7527,8.4409,0.0000,0.0000,162.0644,0.18699100,21.9462,21.0143,146.8708,147.8027,0.16946059,0.17053579,0.00779129,24.7627,23.0762,4.8233,168.8171,7.3399,866.6962,35.0000,,24.7627,2.3718,31.6236,37.9483,42.1647,45.3271,49.5436,30.5694,-1.0541,1.433333,1.566667,0.783048,18,16,1,3,0E-8,0.19478229,,0E-8,0.000000,0.931890,0.000000,,2026-04-03,2026-04-03,1,23,18,1,1.000000,,,0.000000,,,,,,,,GLOBAL_BASELINE_NO_ENTITY_RANKING,,,NOT_APPLICABLE_GLOBAL_BASELINE,HF9g-P5,,,,X 全窗基线 · 不参与实体赏罚,6878864,688,A168_HF9F_20260827_0900,2026-08-27 09:00:00
2026-04-03,148174563,1115,0,43.2188560706,-43.2188560706,-43.2188560706,0E-7,2,2,0.30062675000000000,0.300626750000,-0.9272018728036208,-0.9272018728036208,-0.9272018728036208,0E-17,ELIGIBLE,R03b_20260811_FULL_v1,L1_ELIGIBILITY,v2026-08-11,2026-03-21..2026-08-06,baccarat_bet02_101_all_pairs_incl_sentinel,round_win = game_pnl > 0 (decisive only),COMPATIBILITY_ONLY_NOT_PRODUCTION,866.6962,807.6655,168.8171,35,35,-0.19478229,,-0.19478229,-0.19478229,-168.8171,866.6962,OK,0.0000,6.7527,4.0000,96.0000,AG03-UNRESOLVED,ALL5_LEVELS_bet23_to_bet27,6.7527,6.7527,8.4409,0.0000,0.0000,4.000000,4.000000,5.000000,0.000000,0.000000,96.000000,96.000000,95.000000,100.000000,100.000000,5.0,21.9462,21.0143,146.8708,147.8027,PENDING_AG03,FALSE,NOT_FOR_ENFORCEMENT,162.0644,775.3589,168.8171,162.0644,6.7527,0.19478229,0.18699100,6.7527,162.0644,0.18699100,6.7527,6.7527,8.4409,0.0000,0.0000,162.0644,0.18699100,21.9462,21.0143,146.8708,147.8027,0.16946059,0.17053579,0.00779129,24.7627,23.0762,4.8233,168.8171,7.3399,866.6962,35.0000,,24.7627,2.3718,31.6236,37.9483,42.1647,45.3271,49.5436,30.5694,-1.0541,1.433333,1.566667,0.783048,18,16,1,3,0E-8,0.19478229,,0E-8,0.000000,0.931890,0.000000,,2026-04-03,2026-04-03,1,23,18,1,1.000000,,,0.000000,,,,,,,,GLOBAL_BASELINE_NO_ENTITY_RANKING,,,NOT_APPLICABLE_GLOBAL_BASELINE,HF9g-P5,,,,X 全窗基线 · 不参与实体赏罚,6878865,688,A168_HF9F_20260827_0900,2026-08-27 09:00:00
2026-04-03,148174563,1157,0,82.2212383783,-82.2212383783,-82.2212383783,0E-7,2,2,0.49324550000000000,0.493245500000,-1.3952362676504506,-1.3952362676504506,-1.3952362676504506,0E-17,ELIGIBLE,R03b_20260811_FULL_v1,L1_ELIGIBILITY,v2026-08-11,2026-03-21..2026-08-06,baccarat_bet02_101_all_pairs_incl_sentinel,round_win = game_pnl > 0 (decisive only),COMPATIBILITY_ONLY_NOT_PRODUCTION,866.6962,807.6655,168.8171,35,35,-0.19478229,,-0.19478229,-0.19478229,-168.8171,866.6962,OK,0.0000,6.7527,4.0000,96.0000,AG03-UNRESOLVED,ALL5_LEVELS_bet23_to_bet27,6.7527,6.7527,8.4409,0.0000,0.0000,4.000000,4.000000,5.000000,0.000000,0.000000,96.000000,96.000000,95.000000,100.000000,100.000000,5.0,21.9462,21.0143,146.8708,147.8027,PENDING_AG03,FALSE,NOT_FOR_ENFORCEMENT,162.0644,775.3589,168.8171,162.0644,6.7527,0.19478229,0.18699100,6.7527,162.0644,0.18699100,6.7527,6.7527,8.4409,0.0000,0.0000,162.0644,0.18699100,21.9462,21.0143,146.8708,147.8027,0.16946059,0.17053579,0.00779129,24.7627,23.0762,4.8233,168.8171,7.3399,866.6962,35.0000,,24.7627,2.3718,31.6236,37.9483,42.1647,45.3271,49.5436,30.5694,-1.0541,1.433333,1.566667,0.783048,18,16,1,3,0E-8,0.19478229,,0E-8,0.000000,0.931890,0.000000,,2026-04-03,2026-04-03,1,23,18,1,1.000000,,,0.000000,,,,,,,,GLOBAL_BASELINE_NO_ENTITY_RANKING,,,NOT_APPLICABLE_GLOBAL_BASELINE,HF9g-P5,,,,X 全窗基线 · 不参与实体赏罚,6878866,688,A168_HF9F_20260827_0900,2026-08-27 09:00:00
2026-04-03,148174563,1302,0,28.4611979002,28.4611979002,28.4611979002,1.0000000,1,1,0.49324550000000000,0.493245500000,1.01360149184955,1.01360149184955,1.01360149184955,0E-17,ELIGIBLE,R03b_20260811_FULL_v1,L1_ELIGIBILITY,v2026-08-11,2026-03-21..2026-08-06,baccarat_bet02_101_all_pairs_incl_sentinel,round_win = game_pnl > 0 (decisive only),COMPATIBILITY_ONLY_NOT_PRODUCTION,866.6962,807.6655,168.8171,35,35,-0.19478229,,-0.19478229,-0.19478229,-168.8171,866.6962,OK,0.0000,6.7527,4.0000,96.0000,AG03-UNRESOLVED,ALL5_LEVELS_bet23_to_bet27,6.7527,6.7527,8.4409,0.0000,0.0000,4.000000,4.000000,5.000000,0.000000,0.000000,96.000000,96.000000,95.000000,100.000000,100.000000,5.0,21.9462,21.0143,146.8708,147.8027,PENDING_AG03,FALSE,NOT_FOR_ENFORCEMENT,162.0644,775.3589,168.8171,162.0644,6.7527,0.19478229,0.18699100,6.7527,162.0644,0.18699100,6.7527,6.7527,8.4409,0.0000,0.0000,162.0644,0.18699100,21.9462,21.0143,146.8708,147.8027,0.16946059,0.17053579,0.00779129,24.7627,23.0762,4.8233,168.8171,7.3399,866.6962,35.0000,,24.7627,2.3718,31.6236,37.9483,42.1647,45.3271,49.5436,30.5694,-1.0541,1.433333,1.566667,0.783048,18,16,1,3,0E-8,0.19478229,,0E-8,0.000000,0.931890,0.000000,,2026-04-03,2026-04-03,1,23,18,1,1.000000,,,0.000000,,,,,,,,GLOBAL_BASELINE_NO_ENTITY_RANKING,,,NOT_APPLICABLE_GLOBAL_BASELINE,HF9g-P5,,,,X 全窗基线 · 不参与实体赏罚,6878867,688,A168_HF9F_20260827_0900,2026-08-27 09:00:00
2026-04-03,148174563,1306,0,99.0871334302,-99.0871334302,-99.0871334302,0E-7,5,5,0.33378842000000000,0.333788420000,-1.5827581060494413,-1.5827581060494413,-1.5827581060494413,0E-17,ELIGIBLE,R03b_20260811_FULL_v1,L1_ELIGIBILITY,v2026-08-11,2026-03-21..2026-08-06,baccarat_bet02_101_all_pairs_incl_sentinel,round_win = game_pnl > 0 (decisive only),COMPATIBILITY_ONLY_NOT_PRODUCTION,866.6962,807.6655,168.8171,35,35,-0.19478229,,-0.19478229,-0.19478229,-168.8171,866.6962,OK,0.0000,6.7527,4.0000,96.0000,AG03-UNRESOLVED,ALL5_LEVELS_bet23_to_bet27,6.7527,6.7527,8.4409,0.0000,0.0000,4.000000,4.000000,5.000000,0.000000,0.000000,96.000000,96.000000,95.000000,100.000000,100.000000,5.0,21.9462,21.0143,146.8708,147.8027,PENDING_AG03,FALSE,NOT_FOR_ENFORCEMENT,162.0644,775.3589,168.8171,162.0644,6.7527,0.19478229,0.18699100,6.7527,162.0644,0.18699100,6.7527,6.7527,8.4409,0.0000,0.0000,162.0644,0.18699100,21.9462,21.0143,146.8708,147.8027,0.16946059,0.17053579,0.00779129,24.7627,23.0762,4.8233,168.8171,7.3399,866.6962,35.0000,,24.7627,2.3718,31.6236,37.9483,42.1647,45.3271,49.5436,30.5694,-1.0541,1.433333,1.566667,0.783048,18,16,1,3,0E-8,0.19478229,,0E-8,0.000000,0.931890,0.000000,,2026-04-03,2026-04-03,1,23,18,1,1.000000,,,0.000000,,,,,,,,GLOBAL_BASELINE_NO_ENTITY_RANKING,,,NOT_APPLICABLE_GLOBAL_BASELINE,HF9g-P5,,,,X 全窗基线 · 不参与实体赏罚,6878868,688,A168_HF9F_20260827_0900,2026-08-27 09:00:00
2026-04-03,148174563,1318,0,148.6307001454,121.2236206860,121.2236206860,1.0000000,4,4,0.49324550000000000,0.493245500000,1.755609282511032,1.7556092825110319,1.755609282511032,0E-17,ELIGIBLE,R03b_20260811_FULL_v1,L1_ELIGIBILITY,v2026-08-11,2026-03-21..2026-08-06,baccarat_bet02_101_all_pairs_incl_sentinel,round_win = game_pnl > 0 (decisive only),COMPATIBILITY_ONLY_NOT_PRODUCTION,866.6962,807.6655,168.8171,35,35,-0.19478229,,-0.19478229,-0.19478229,-168.8171,866.6962,OK,0.0000,6.7527,4.0000,96.0000,AG03-UNRESOLVED,ALL5_LEVELS_bet23_to_bet27,6.7527,6.7527,8.4409,0.0000,0.0000,4.000000,4.000000,5.000000,0.000000,0.000000,96.000000,96.000000,95.000000,100.000000,100.000000,5.0,21.9462,21.0143,146.8708,147.8027,PENDING_AG03,FALSE,NOT_FOR_ENFORCEMENT,162.0644,775.3589,168.8171,162.0644,6.7527,0.19478229,0.18699100,6.7527,162.0644,0.18699100,6.7527,6.7527,8.4409,0.0000,0.0000,162.0644,0.18699100,21.9462,21.0143,146.8708,147.8027,0.16946059,0.17053579,0.00779129,24.7627,23.0762,4.8233,168.8171,7.3399,866.6962,35.0000,,24.7627,2.3718,31.6236,37.9483,42.1647,45.3271,49.5436,30.5694,-1.0541,1.433333,1.566667,0.783048,18,16,1,3,0E-8,0.19478229,,0E-8,0.000000,0.931890,0.000000,,2026-04-03,2026-04-03,1,23,18,1,1.000000,,,0.000000,,,,,,,,GLOBAL_BASELINE_NO_ENTITY_RANKING,,,NOT_APPLICABLE_GLOBAL_BASELINE,HF9g-P5,,,,X 全窗基线 · 不参与实体赏罚,6878869,688,A168_HF9F_20260827_0900,2026-08-27 09:00:00
2026-04-03,148174563,1374,0,56.9223958004,6.3247106444,6.3247106444,0.5000000,2,2,0.49324550000000000,0.493245500000,0.01910635448239258,0.01910635448239258,0.01910635448239258,0E-17,ELIGIBLE,R03b_20260811_FULL_v1,L1_ELIGIBILITY,v2026-08-11,2026-03-21..2026-08-06,baccarat_bet02_101_all_pairs_incl_sentinel,round_win = game_pnl > 0 (decisive only),COMPATIBILITY_ONLY_NOT_PRODUCTION,866.6962,807.6655,168.8171,35,35,-0.19478229,,-0.19478229,-0.19478229,-168.8171,866.6962,OK,0.0000,6.7527,4.0000,96.0000,AG03-UNRESOLVED,ALL5_LEVELS_bet23_to_bet27,6.7527,6.7527,8.4409,0.0000,0.0000,4.000000,4.000000,5.000000,0.000000,0.000000,96.000000,96.000000,95.000000,100.000000,100.000000,5.0,21.9462,21.0143,146.8708,147.8027,PENDING_AG03,FALSE,NOT_FOR_ENFORCEMENT,162.0644,775.3589,168.8171,162.0644,6.7527,0.19478229,0.18699100,6.7527,162.0644,0.18699100,6.7527,6.7527,8.4409,0.0000,0.0000,162.0644,0.18699100,21.9462,21.0143,146.8708,147.8027,0.16946059,0.17053579,0.00779129,24.7627,23.0762,4.8233,168.8171,7.3399,866.6962,35.0000,,24.7627,2.3718,31.6236,37.9483,42.1647,45.3271,49.5436,30.5694,-1.0541,1.433333,1.566667,0.783048,18,16,1,3,0E-8,0.19478229,,0E-8,0.000000,0.931890,0.000000,,2026-04-03,2026-04-03,1,23,18,1,1.000000,,,0.000000,,,,,,,,GLOBAL_BASELINE_NO_ENTITY_RANKING,,,NOT_APPLICABLE_GLOBAL_BASELINE,HF9g-P5,,,,X 全窗基线 · 不参与实体赏罚,6878870,688,A168_HF9F_20260827_0900,2026-08-27 09:00:00
2026-04-03,148174563,1750,0,1.0541184407,-1.0541184407,-1.0541184407,0E-7,1,1,0.09460280000000000,0.094602800000,-0.32324545095860213,-0.32324545095860213,-0.32324545095860213,0E-17,ELIGIBLE,R03b_20260811_FULL_v1,L1_ELIGIBILITY,v2026-08-11,2026-03-21..2026-08-06,baccarat_bet02_101_all_pairs_incl_sentinel,round_win = game_pnl > 0 (decisive only),COMPATIBILITY_ONLY_NOT_PRODUCTION,866.6962,807.6655,168.8171,35,35,-0.19478229,,-0.19478229,-0.19478229,-168.8171,866.6962,OK,0.0000,6.7527,4.0000,96.0000,AG03-UNRESOLVED,ALL5_LEVELS_bet23_to_bet27,6.7527,6.7527,8.4409,0.0000,0.0000,4.000000,4.000000,5.000000,0.000000,0.000000,96.000000,96.000000,95.000000,100.000000,100.000000,5.0,21.9462,21.0143,146.8708,147.8027,PENDING_AG03,FALSE,NOT_FOR_ENFORCEMENT,162.0644,775.3589,168.8171,162.0644,6.7527,0.19478229,0.18699100,6.7527,162.0644,0.18699100,6.7527,6.7527,8.4409,0.0000,0.0000,162.0644,0.18699100,21.9462,21.0143,146.8708,147.8027,0.16946059,0.17053579,0.00779129,24.7627,23.0762,4.8233,168.8171,7.3399,866.6962,35.0000,,24.7627,2.3718,31.6236,37.9483,42.1647,45.3271,49.5436,30.5694,-1.0541,1.433333,1.566667,0.783048,18,16,1,3,0E-8,0.19478229,,0E-8,0.000000,0.931890,0.000000,,2026-04-03,2026-04-03,1,23,18,1,1.000000,,,0.000000,,,,,,,,GLOBAL_BASELINE_NO_ENTITY_RANKING,,,NOT_APPLICABLE_GLOBAL_BASELINE,HF9g-P5,,,,X 全窗基线 · 不参与实体赏罚,6878871,688,A168_HF9F_20260827_0900,2026-08-27 09:00:00
2026-04-03,148174563,1963,0,30.5694347817,-30.5694347817,-30.5694347817,0E-7,1,1,0.49324550000000000,0.493245500000,-0.9865810262130424,-0.9865810262130424,-0.9865810262130424,0E-17,ELIGIBLE,R03b_20260811_FULL_v1,L1_ELIGIBILITY,v2026-08-11,2026-03-21..2026-08-06,baccarat_bet02_101_all_pairs_incl_sentinel,round_win = game_pnl > 0 (decisive only),COMPATIBILITY_ONLY_NOT_PRODUCTION,866.6962,807.6655,168.8171,35,35,-0.19478229,,-0.19478229,-0.19478229,-168.8171,866.6962,OK,0.0000,6.7527,4.0000,96.0000,AG03-UNRESOLVED,ALL5_LEVELS_bet23_to_bet27,6.7527,6.7527,8.4409,0.0000,0.0000,4.000000,4.000000,5.000000,0.000000,0.000000,96.000000,96.000000,95.000000,100.000000,100.000000,5.0,21.9462,21.0143,146.8708,147.8027,PENDING_AG03,FALSE,NOT_FOR_ENFORCEMENT,162.0644,775.3589,168.8171,162.0644,6.7527,0.19478229,0.18699100,6.7527,162.0644,0.18699100,6.7527,6.7527,8.4409,0.0000,0.0000,162.0644,0.18699100,21.9462,21.0143,146.8708,147.8027,0.16946059,0.17053579,0.00779129,24.7627,23.0762,4.8233,168.8171,7.3399,866.6962,35.0000,,24.7627,2.3718,31.6236,37.9483,42.1647,45.3271,49.5436,30.5694,-1.0541,1.433333,1.566667,0.783048,18,16,1,3,0E-8,0.19478229,,0E-8,0.000000,0.931890,0.000000,,2026-04-03,2026-04-03,1,23,18,1,1.000000,,,0.000000,,,,,,,,GLOBAL_BASELINE_NO_ENTITY_RANKING,,,NOT_APPLICABLE_GLOBAL_BASELINE,HF9g-P5,,,,X 全窗基线 · 不参与实体赏罚,6878872,688,A168_HF9F_20260827_0900,2026-08-27 09:00:00
2026-04-03,148174563,2115,0,31.6235532224,0E-10,0E-10,,1,1,0.49324550000000000,0.493245500000,,,,0E-17,NO_DECISIVE_ROUND,R03b_20260811_FULL_v1,L1_ELIGIBILITY,v2026-08-11,2026-03-21..2026-08-06,baccarat_bet02_101_all_pairs_incl_sentinel,round_win = game_pnl > 0 (decisive only),COMPATIBILITY_ONLY_NOT_PRODUCTION,866.6962,807.6655,168.8171,35,35,-0.19478229,,-0.19478229,-0.19478229,-168.8171,866.6962,OK,0.0000,6.7527,4.0000,96.0000,AG03-UNRESOLVED,ALL5_LEVELS_bet23_to_bet27,6.7527,6.7527,8.4409,0.0000,0.0000,4.000000,4.000000,5.000000,0.000000,0.000000,96.000000,96.000000,95.000000,100.000000,100.000000,5.0,21.9462,21.0143,146.8708,147.8027,PENDING_AG03,FALSE,NOT_FOR_ENFORCEMENT,162.0644,775.3589,168.8171,162.0644,6.7527,0.19478229,0.18699100,6.7527,162.0644,0.18699100,6.7527,6.7527,8.4409,0.0000,0.0000,162.0644,0.18699100,21.9462,21.0143,146.8708,147.8027,0.16946059,0.17053579,0.00779129,24.7627,23.0762,4.8233,168.8171,7.3399,866.6962,35.0000,,24.7627,2.3718,31.6236,37.9483,42.1647,45.3271,49.5436,30.5694,-1.0541,1.433333,1.566667,0.783048,18,16,1,3,0E-8,0.19478229,,0E-8,0.000000,0.931890,0.000000,,2026-04-03,2026-04-03,1,23,18,1,1.000000,,,0.000000,,,,,,,,GLOBAL_BASELINE_NO_ENTITY_RANKING,,,NOT_APPLICABLE_GLOBAL_BASELINE,HF9g-P5,,,,X 全窗基线 · 不参与实体赏罚,6878873,688,A168_HF9F_20260827_0900,2026-08-27 09:00:00
2026-04-03,148174563,2141,0,34.7859085446,-34.7859085446,-34.7859085446,0E-7,2,2,0.30062675000000000,0.300626750000,-0.9272018728036208,-0.9272018728036208,-0.9272018728036208,0E-17,ELIGIBLE,R03b_20260811_FULL_v1,L1_ELIGIBILITY,v2026-08-11,2026-03-21..2026-08-06,baccarat_bet02_101_all_pairs_incl_sentinel,round_win = game_pnl > 0 (decisive only),COMPATIBILITY_ONLY_NOT_PRODUCTION,866.6962,807.6655,168.8171,35,35,-0.19478229,,-0.19478229,-0.19478229,-168.8171,866.6962,OK,0.0000,6.7527,4.0000,96.0000,AG03-UNRESOLVED,ALL5_LEVELS_bet23_to_bet27,6.7527,6.7527,8.4409,0.0000,0.0000,4.000000,4.000000,5.000000,0.000000,0.000000,96.000000,96.000000,95.000000,100.000000,100.000000,5.0,21.9462,21.0143,146.8708,147.8027,PENDING_AG03,FALSE,NOT_FOR_ENFORCEMENT,162.0644,775.3589,168.8171,162.0644,6.7527,0.19478229,0.18699100,6.7527,162.0644,0.18699100,6.7527,6.7527,8.4409,0.0000,0.0000,162.0644,0.18699100,21.9462,21.0143,146.8708,147.8027,0.16946059,0.17053579,0.00779129,24.7627,23.0762,4.8233,168.8171,7.3399,866.6962,35.0000,,24.7627,2.3718,31.6236,37.9483,42.1647,45.3271,49.5436,30.5694,-1.0541,1.433333,1.566667,0.783048,18,16,1,3,0E-8,0.19478229,,0E-8,0.000000,0.931890,0.000000,,2026-04-03,2026-04-03,1,23,18,1,1.000000,,,0.000000,,,,,,,,GLOBAL_BASELINE_NO_ENTITY_RANKING,,,NOT_APPLICABLE_GLOBAL_BASELINE,HF9g-P5,,,,X 全窗基线 · 不参与实体赏罚,6878874,688,A168_HF9F_20260827_0900,2026-08-27 09:00:00
2026-04-03,148174563,2242,0,1.0541184407,-1.0541184407,-1.0541184407,0E-7,1,1,0.09460280000000000,0.094602800000,-0.32324545095860213,-0.32324545095860213,-0.32324545095860213,0E-17,ELIGIBLE,R03b_20260811_FULL_v1,L1_ELIGIBILITY,v2026-08-11,2026-03-21..2026-08-06,baccarat_bet02_101_all_pairs_incl_sentinel,round_win = game_pnl > 0 (decisive only),COMPATIBILITY_ONLY_NOT_PRODUCTION,866.6962,807.6655,168.8171,35,35,-0.19478229,,-0.19478229,-0.19478229,-168.8171,866.6962,OK,0.0000,6.7527,4.0000,96.0000,AG03-UNRESOLVED,ALL5_LEVELS_bet23_to_bet27,6.7527,6.7527,8.4409,0.0000,0.0000,4.000000,4.000000,5.000000,0.000000,0.000000,96.000000,96.000000,95.000000,100.000000,100.000000,5.0,21.9462,21.0143,146.8708,147.8027,PENDING_AG03,FALSE,NOT_FOR_ENFORCEMENT,162.0644,775.3589,168.8171,162.0644,6.7527,0.19478229,0.18699100,6.7527,162.0644,0.18699100,6.7527,6.7527,8.4409,0.0000,0.0000,162.0644,0.18699100,21.9462,21.0143,146.8708,147.8027,0.16946059,0.17053579,0.00779129,24.7627,23.0762,4.8233,168.8171,7.3399,866.6962,35.0000,,24.7627,2.3718,31.6236,37.9483,42.1647,45.3271,49.5436,30.5694,-1.0541,1.433333,1.566667,0.783048,18,16,1,3,0E-8,0.19478229,,0E-8,0.000000,0.931890,0.000000,,2026-04-03,2026-04-03,1,23,18,1,1.000000,,,0.000000,,,,,,,,GLOBAL_BASELINE_NO_ENTITY_RANKING,,,NOT_APPLICABLE_GLOBAL_BASELINE,HF9g-P5,,,,X 全窗基线 · 不参与实体赏罚,6878875,688,A168_HF9F_20260827_0900,2026-08-27 09:00:00
2026-04-03,148174563,2244,0,1.0541184407,-1.0541184407,-1.0541184407,0E-7,1,1,0.09460280000000000,0.094602800000,-0.32324545095860213,-0.32324545095860213,-0.32324545095860213,0E-17,ELIGIBLE,R03b_20260811_FULL_v1,L1_ELIGIBILITY,v2026-08-11,2026-03-21..2026-08-06,baccarat_bet02_101_all_pairs_incl_sentinel,round_win = game_pnl > 0 (decisive only),COMPATIBILITY_ONLY_NOT_PRODUCTION,866.6962,807.6655,168.8171,35,35,-0.19478229,,-0.19478229,-0.19478229,-168.8171,866.6962,OK,0.0000,6.7527,4.0000,96.0000,AG03-UNRESOLVED,ALL5_LEVELS_bet23_to_bet27,6.7527,6.7527,8.4409,0.0000,0.0000,4.000000,4.000000,5.000000,0.000000,0.000000,96.000000,96.000000,95.000000,100.000000,100.000000,5.0,21.9462,21.0143,146.8708,147.8027,PENDING_AG03,FALSE,NOT_FOR_ENFORCEMENT,162.0644,775.3589,168.8171,162.0644,6.7527,0.19478229,0.18699100,6.7527,162.0644,0.18699100,6.7527,6.7527,8.4409,0.0000,0.0000,162.0644,0.18699100,21.9462,21.0143,146.8708,147.8027,0.16946059,0.17053579,0.00779129,24.7627,23.0762,4.8233,168.8171,7.3399,866.6962,35.0000,,24.7627,2.3718,31.6236,37.9483,42.1647,45.3271,49.5436,30.5694,-1.0541,1.433333,1.566667,0.783048,18,16,1,3,0E-8,0.19478229,,0E-8,0.000000,0.931890,0.000000,,2026-04-03,2026-04-03,1,23,18,1,1.000000,,,0.000000,,,,,,,,GLOBAL_BASELINE_NO_ENTITY_RANKING,,,NOT_APPLICABLE_GLOBAL_BASELINE,HF9g-P5,,,,X 全窗基线 · 不参与实体赏罚,6878876,688,A168_HF9F_20260827_0900,2026-08-27 09:00:00
2026-04-03,148174563,462,0,43.2188560706,39.0023823077,39.0023823077,0.5000000,2,2,0.30062675000000000,0.300626750000,0.6149128471998733,0.6149128471998733,0.6149128471998733,0E-17,ELIGIBLE,R03b_20260811_FULL_v1,L1_ELIGIBILITY,v2026-08-11,2026-03-21..2026-08-06,baccarat_bet02_101_all_pairs_incl_sentinel,round_win = game_pnl > 0 (decisive only),COMPATIBILITY_ONLY_NOT_PRODUCTION,866.6962,807.6655,168.8171,35,35,-0.19478229,,-0.19478229,-0.19478229,-168.8171,866.6962,OK,0.0000,6.7527,4.0000,96.0000,AG03-UNRESOLVED,ALL5_LEVELS_bet23_to_bet27,6.7527,6.7527,8.4409,0.0000,0.0000,4.000000,4.000000,5.000000,0.000000,0.000000,96.000000,96.000000,95.000000,100.000000,100.000000,5.0,21.9462,21.0143,146.8708,147.8027,PENDING_AG03,FALSE,NOT_FOR_ENFORCEMENT,162.0644,775.3589,168.8171,162.0644,6.7527,0.19478229,0.18699100,6.7527,162.0644,0.18699100,6.7527,6.7527,8.4409,0.0000,0.0000,162.0644,0.18699100,21.9462,21.0143,146.8708,147.8027,0.16946059,0.17053579,0.00779129,24.7627,23.0762,4.8233,168.8171,7.3399,866.6962,35.0000,,24.7627,2.3718,31.6236,37.9483,42.1647,45.3271,49.5436,30.5694,-1.0541,1.433333,1.566667,0.783048,18,16,1,3,0E-8,0.19478229,,0E-8,0.000000,0.931890,0.000000,,2026-04-03,2026-04-03,1,23,18,1,1.000000,,,0.000000,,,,,,,,GLOBAL_BASELINE_NO_ENTITY_RANKING,,,NOT_APPLICABLE_GLOBAL_BASELINE,HF9g-P5,,,,X 全窗基线 · 不参与实体赏罚,6878877,688,A168_HF9F_20260827_0900,2026-08-27 09:00:00
2026-04-03,148174563,471,0,37.9482638669,-37.9482638669,-37.9482638669,0E-7,1,1,0.49324550000000000,0.493245500000,-0.9865810262130424,-0.9865810262130424,-0.9865810262130424,0E-17,ELIGIBLE,R03b_20260811_FULL_v1,L1_ELIGIBILITY,v2026-08-11,2026-03-21..2026-08-06,baccarat_bet02_101_all_pairs_incl_sentinel,round_win = game_pnl > 0 (decisive only),COMPATIBILITY_ONLY_NOT_PRODUCTION,866.6962,807.6655,168.8171,35,35,-0.19478229,,-0.19478229,-0.19478229,-168.8171,866.6962,OK,0.0000,6.7527,4.0000,96.0000,AG03-UNRESOLVED,ALL5_LEVELS_bet23_to_bet27,6.7527,6.7527,8.4409,0.0000,0.0000,4.000000,4.000000,5.000000,0.000000,0.000000,96.000000,96.000000,95.000000,100.000000,100.000000,5.0,21.9462,21.0143,146.8708,147.8027,PENDING_AG03,FALSE,NOT_FOR_ENFORCEMENT,162.0644,775.3589,168.8171,162.0644,6.7527,0.19478229,0.18699100,6.7527,162.0644,0.18699100,6.7527,6.7527,8.4409,0.0000,0.0000,162.0644,0.18699100,21.9462,21.0143,146.8708,147.8027,0.16946059,0.17053579,0.00779129,24.7627,23.0762,4.8233,168.8171,7.3399,866.6962,35.0000,,24.7627,2.3718,31.6236,37.9483,42.1647,45.3271,49.5436,30.5694,-1.0541,1.433333,1.566667,0.783048,18,16,1,3,0E-8,0.19478229,,0E-8,0.000000,0.931890,0.000000,,2026-04-03,2026-04-03,1,23,18,1,1.000000,,,0.000000,,,,,,,,GLOBAL_BASELINE_NO_ENTITY_RANKING,,,NOT_APPLICABLE_GLOBAL_BASELINE,HF9g-P5,,,,X 全窗基线 · 不参与实体赏罚,6878878,688,A168_HF9F_20260827_0900,2026-08-27 09:00:00
2026-04-03,148174563,763,0,83.2753568192,47.4880357557,47.4880357557,0.6666667,3,3,0.50218230000000000,0.502182300000,0.5697959874915163,0.5697959874915164,0.5697959874915163,0E-17,ELIGIBLE,R03b_20260811_FULL_v1,L1_ELIGIBILITY,v2026-08-11,2026-03-21..2026-08-06,baccarat_bet02_101_all_pairs_incl_sentinel,round_win = game_pnl > 0 (decisive only),COMPATIBILITY_ONLY_NOT_PRODUCTION,866.6962,807.6655,168.8171,35,35,-0.19478229,,-0.19478229,-0.19478229,-168.8171,866.6962,OK,0.0000,6.7527,4.0000,96.0000,AG03-UNRESOLVED,ALL5_LEVELS_bet23_to_bet27,6.7527,6.7527,8.4409,0.0000,0.0000,4.000000,4.000000,5.000000,0.000000,0.000000,96.000000,96.000000,95.000000,100.000000,100.000000,5.0,21.9462,21.0143,146.8708,147.8027,PENDING_AG03,FALSE,NOT_FOR_ENFORCEMENT,162.0644,775.3589,168.8171,162.0644,6.7527,0.19478229,0.18699100,6.7527,162.0644,0.18699100,6.7527,6.7527,8.4409,0.0000,0.0000,162.0644,0.18699100,21.9462,21.0143,146.8708,147.8027,0.16946059,0.17053579,0.00779129,24.7627,23.0762,4.8233,168.8171,7.3399,866.6962,35.0000,,24.7627,2.3718,31.6236,37.9483,42.1647,45.3271,49.5436,30.5694,-1.0541,1.433333,1.566667,0.783048,18,16,1,3,0E-8,0.19478229,,0E-8,0.000000,0.931890,0.000000,,2026-04-03,2026-04-03,1,23,18,1,1.000000,,,0.000000,,,,,,,,GLOBAL_BASELINE_NO_ENTITY_RANKING,,,NOT_APPLICABLE_GLOBAL_BASELINE,HF9g-P5,,,,X 全窗基线 · 不参与实体赏罚,6878879,688,A168_HF9F_20260827_0900,2026-08-27 09:00:00
2026-05-18,130224211,1384,0,25.9457215505,-25.9457215505,-25.9457215505,0E-7,1,1,0.50665070000000000,0.506650700000,-1.013391052207602,-1.013391052207602,-1.013391052207602,0E-17,ELIGIBLE,R03b_20260811_FULL_v1,L1_ELIGIBILITY,v2026-08-11,2026-03-21..2026-08-06,baccarat_bet02_101_all_pairs_incl_sentinel,round_win = game_pnl > 0 (decisive only),COMPATIBILITY_ONLY_NOT_PRODUCTION,638.2247,638.2247,168.8208,19,18,-0.26451629,,-0.26451629,-0.26451629,-168.8208,638.2247,THIN_EXPOSURE,0.0000,6.7528,4.0000,96.0000,AG03-UNRESOLVED,ALL5_LEVELS_bet23_to_bet27,6.7528,6.7528,6.7528,8.4410,8.4410,4.000000,4.000000,4.000000,5.000000,5.000000,96.000000,96.000000,96.000000,95.000000,95.000000,5.0,37.1406,34.0217,131.6802,134.7991,PENDING_AG03,FALSE,NOT_FOR_ENFORCEMENT,162.0680,612.6957,168.8208,162.0680,6.7528,0.26451629,0.25393564,6.7528,162.0680,0.25393564,6.7528,6.7528,6.7528,8.4410,8.4410,162.0680,0.25393564,37.1406,34.0217,131.6802,134.7991,0.20632271,0.21120944,0.01058065,33.5908,35.4569,9.3789,84.4104,15.3473,319.1123,9.0000,,33.5908,25.7155,25.9457,45.6689,61.5483,71.9994,77.8372,25.9457,-23.144,2.775,3.0,1.294656,10,12,2,3,0E-8,0.26451629,,0E-8,0.000000,1.000000,0.000000,,2026-05-18,2026-06-18,2,11,11,32,0.062500,,,0.000000,,,,,,,,GLOBAL_BASELINE_NO_ENTITY_RANKING,,,NOT_APPLICABLE_GLOBAL_BASELINE,HF9g-P5,,,,X 全窗基线 · 不参与实体赏罚,6878880,688,A168_HF9F_20260827_0900,2026-08-27 09:00:00
2026-05-18,130224211,1509,0,129.7286077525,25.9457215505,25.9457215505,0.5000000,2,2,0.49994810000000000,0.499948100000,0.00014679536856514622,0.00014679536856514622,0.00014679536856514622,0E-17,ELIGIBLE,R03b_20260811_FULL_v1,L1_ELIGIBILITY,v2026-08-11,2026-03-21..2026-08-06,baccarat_bet02_101_all_pairs_incl_sentinel,round_win = game_pnl > 0 (decisive only),COMPATIBILITY_ONLY_NOT_PRODUCTION,638.2247,638.2247,168.8208,19,18,-0.26451629,,-0.26451629,-0.26451629,-168.8208,638.2247,THIN_EXPOSURE,0.0000,6.7528,4.0000,96.0000,AG03-UNRESOLVED,ALL5_LEVELS_bet23_to_bet27,6.7528,6.7528,6.7528,8.4410,8.4410,4.000000,4.000000,4.000000,5.000000,5.000000,96.000000,96.000000,96.000000,95.000000,95.000000,5.0,37.1406,34.0217,131.6802,134.7991,PENDING_AG03,FALSE,NOT_FOR_ENFORCEMENT,162.0680,612.6957,168.8208,162.0680,6.7528,0.26451629,0.25393564,6.7528,162.0680,0.25393564,6.7528,6.7528,6.7528,8.4410,8.4410,162.0680,0.25393564,37.1406,34.0217,131.6802,134.7991,0.20632271,0.21120944,0.01058065,33.5908,35.4569,9.3789,84.4104,15.3473,319.1123,9.0000,,33.5908,25.7155,25.9457,45.6689,61.5483,71.9994,77.8372,25.9457,-23.144,2.775,3.0,1.294656,10,12,2,3,0E-8,0.26451629,,0E-8,0.000000,1.000000,0.000000,,2026-05-18,2026-06-18,2,11,11,32,0.062500,,,0.000000,,,,,,,,GLOBAL_BASELINE_NO_ENTITY_RANKING,,,NOT_APPLICABLE_GLOBAL_BASELINE,HF9g-P5,,,,X 全窗基线 · 不参与实体赏罚,6878881,688,A168_HF9F_20260827_0900,2026-08-27 09:00:00
2026-05-18,130224211,2209,0,130.2475221836,-130.2475221836,-130.2475221836,0E-7,4,3,0.47109868333327643,0.426805050000,-1.634666823634558,-1.4945974065056233,-1.634666823634558,0.04429363333327643,ELIGIBLE,R03b_20260811_FULL_v1,L1_ELIGIBILITY,v2026-08-11,2026-03-21..2026-08-06,baccarat_bet02_101_all_pairs_incl_sentinel,round_win = game_pnl > 0 (decisive only),COMPATIBILITY_ONLY_NOT_PRODUCTION,638.2247,638.2247,168.8208,19,18,-0.26451629,,-0.26451629,-0.26451629,-168.8208,638.2247,THIN_EXPOSURE,0.0000,6.7528,4.0000,96.0000,AG03-UNRESOLVED,ALL5_LEVELS_bet23_to_bet27,6.7528,6.7528,6.7528,8.4410,8.4410,4.000000,4.000000,4.000000,5.000000,5.000000,96.000000,96.000000,96.000000,95.000000,95.000000,5.0,37.1406,34.0217,131.6802,134.7991,PENDING_AG03,FALSE,NOT_FOR_ENFORCEMENT,162.0680,612.6957,168.8208,162.0680,6.7528,0.26451629,0.25393564,6.7528,162.0680,0.25393564,6.7528,6.7528,6.7528,8.4410,8.4410,162.0680,0.25393564,37.1406,34.0217,131.6802,134.7991,0.20632271,0.21120944,0.01058065,33.5908,35.4569,9.3789,84.4104,15.3473,319.1123,9.0000,,33.5908,25.7155,25.9457,45.6689,61.5483,71.9994,77.8372,25.9457,-23.144,2.775,3.0,1.294656,10,12,2,3,0E-8,0.26451629,,0E-8,0.000000,1.000000,0.000000,,2026-05-18,2026-06-18,2,11,11,32,0.062500,,,0.000000,,,,,,,,GLOBAL_BASELINE_NO_ENTITY_RANKING,,,NOT_APPLICABLE_GLOBAL_BASELINE,HF9g-P5,,,,X 全窗基线 · 不参与实体赏罚,6878882,688,A168_HF9F_20260827_0900,2026-08-27 09:00:00
2026-06-18,130224211,-1,1,23.1439812791,-23.1439812791,-23.1439812791,0E-7,1,1,0.49324550000000000,0.493245500000,-0.9865810262130424,-0.9865810262130424,-0.9865810262130424,0E-17,SENTINEL_DEALER,R03b_20260811_FULL_v1,L1_ELIGIBILITY,v2026-08-11,2026-03-21..2026-08-06,baccarat_bet02_101_all_pairs_incl_sentinel,round_win = game_pnl > 0 (decisive only),COMPATIBILITY_ONLY_NOT_PRODUCTION,638.2247,638.2247,168.8208,19,18,-0.26451629,,-0.26451629,-0.26451629,-168.8208,638.2247,THIN_EXPOSURE,0.0000,6.7528,4.0000,96.0000,AG03-UNRESOLVED,ALL5_LEVELS_bet23_to_bet27,6.7528,6.7528,6.7528,8.4410,8.4410,4.000000,4.000000,4.000000,5.000000,5.000000,96.000000,96.000000,96.000000,95.000000,95.000000,5.0,37.1406,34.0217,131.6802,134.7991,PENDING_AG03,FALSE,NOT_FOR_ENFORCEMENT,162.0680,612.6957,168.8208,162.0680,6.7528,0.26451629,0.25393564,6.7528,162.0680,0.25393564,6.7528,6.7528,6.7528,8.4410,8.4410,162.0680,0.25393564,37.1406,34.0217,131.6802,134.7991,0.20632271,0.21120944,0.01058065,33.5908,35.4569,9.3789,84.4104,15.3473,319.1123,9.0000,,33.5908,25.7155,25.9457,45.6689,61.5483,71.9994,77.8372,25.9457,-23.144,2.775,3.0,1.294656,10,12,2,3,0E-8,0.26451629,,0E-8,0.000000,1.000000,0.000000,,2026-05-18,2026-06-18,2,11,11,32,0.062500,,,0.000000,,,,,,,,GLOBAL_BASELINE_NO_ENTITY_RANKING,,,NOT_APPLICABLE_GLOBAL_BASELINE,HF9g-P5,,,,X 全窗基线 · 不参与实体赏罚,6878883,688,A168_HF9F_20260827_0900,2026-08-27 09:00:00
2026-06-18,130224211,1109,0,25.7155347545,24.4297580168,24.4297580168,1.0000000,1,1,0.50665070000000000,0.506650700000,0.9867858985152569,0.9867858985152569,0.9867858985152569,0E-17,ELIGIBLE,R03b_20260811_FULL_v1,L1_ELIGIBILITY,v2026-08-11,2026-03-21..2026-08-06,baccarat_bet02_101_all_pairs_incl_sentinel,round_win = game_pnl > 0 (decisive only),COMPATIBILITY_ONLY_NOT_PRODUCTION,638.2247,638.2247,168.8208,19,18,-0.26451629,,-0.26451629,-0.26451629,-168.8208,638.2247,THIN_EXPOSURE,0.0000,6.7528,4.0000,96.0000,AG03-UNRESOLVED,ALL5_LEVELS_bet23_to_bet27,6.7528,6.7528,6.7528,8.4410,8.4410,4.000000,4.000000,4.000000,5.000000,5.000000,96.000000,96.000000,96.000000,95.000000,95.000000,5.0,37.1406,34.0217,131.6802,134.7991,PENDING_AG03,FALSE,NOT_FOR_ENFORCEMENT,162.0680,612.6957,168.8208,162.0680,6.7528,0.26451629,0.25393564,6.7528,162.0680,0.25393564,6.7528,6.7528,6.7528,8.4410,8.4410,162.0680,0.25393564,37.1406,34.0217,131.6802,134.7991,0.20632271,0.21120944,0.01058065,33.5908,35.4569,9.3789,84.4104,15.3473,319.1123,9.0000,,33.5908,25.7155,25.9457,45.6689,61.5483,71.9994,77.8372,25.9457,-23.144,2.775,3.0,1.294656,10,12,2,3,0E-8,0.26451629,,0E-8,0.000000,1.000000,0.000000,,2026-05-18,2026-06-18,2,11,11,32,0.062500,,,0.000000,,,,,,,,GLOBAL_BASELINE_NO_ENTITY_RANKING,,,NOT_APPLICABLE_GLOBAL_BASELINE,HF9g-P5,,,,X 全窗基线 · 不参与实体赏罚,6878884,688,A168_HF9F_20260827_0900,2026-08-27 09:00:00
2026-06-18,130224211,1935,0,56.5741764600,-56.5741764600,-56.5741764600,0E-7,1,1,0.49324550000000000,0.493245500000,-0.9865810262130424,-0.9865810262130424,-0.9865810262130424,0E-17,ELIGIBLE,R03b_20260811_FULL_v1,L1_ELIGIBILITY,v2026-08-11,2026-03-21..2026-08-06,baccarat_bet02_101_all_pairs_incl_sentinel,round_win = game_pnl > 0 (decisive only),COMPATIBILITY_ONLY_NOT_PRODUCTION,638.2247,638.2247,168.8208,19,18,-0.26451629,,-0.26451629,-0.26451629,-168.8208,638.2247,THIN_EXPOSURE,0.0000,6.7528,4.0000,96.0000,AG03-UNRESOLVED,ALL5_LEVELS_bet23_to_bet27,6.7528,6.7528,6.7528,8.4410,8.4410,4.000000,4.000000,4.000000,5.000000,5.000000,96.000000,96.000000,96.000000,95.000000,95.000000,5.0,37.1406,34.0217,131.6802,134.7991,PENDING_AG03,FALSE,NOT_FOR_ENFORCEMENT,162.0680,612.6957,168.8208,162.0680,6.7528,0.26451629,0.25393564,6.7528,162.0680,0.25393564,6.7528,6.7528,6.7528,8.4410,8.4410,162.0680,0.25393564,37.1406,34.0217,131.6802,134.7991,0.20632271,0.21120944,0.01058065,33.5908,35.4569,9.3789,84.4104,15.3473,319.1123,9.0000,,33.5908,25.7155,25.9457,45.6689,61.5483,71.9994,77.8372,25.9457,-23.144,2.775,3.0,1.294656,10,12,2,3,0E-8,0.26451629,,0E-8,0.000000,1.000000,0.000000,,2026-05-18,2026-06-18,2,11,11,32,0.062500,,,0.000000,,,,,,,,GLOBAL_BASELINE_NO_ENTITY_RANKING,,,NOT_APPLICABLE_GLOBAL_BASELINE,HF9g-P5,,,,X 全窗基线 · 不参与实体赏罚,6878885,688,A168_HF9F_20260827_0900,2026-08-27 09:00:00
2026-06-18,130224211,2106,0,27.0013114923,27.0013114923,27.0013114923,1.0000000,1,1,0.49324550000000000,0.493245500000,1.01360149184955,1.01360149184955,1.01360149184955,0E-17,ELIGIBLE,R03b_20260811_FULL_v1,L1_ELIGIBILITY,v2026-08-11,2026-03-21..2026-08-06,baccarat_bet02_101_all_pairs_incl_sentinel,round_win = game_pnl > 0 (decisive only),COMPATIBILITY_ONLY_NOT_PRODUCTION,638.2247,638.2247,168.8208,19,18,-0.26451629,,-0.26451629,-0.26451629,-168.8208,638.2247,THIN_EXPOSURE,0.0000,6.7528,4.0000,96.0000,AG03-UNRESOLVED,ALL5_LEVELS_bet23_to_bet27,6.7528,6.7528,6.7528,8.4410,8.4410,4.000000,4.000000,4.000000,5.000000,5.000000,96.000000,96.000000,96.000000,95.000000,95.000000,5.0,37.1406,34.0217,131.6802,134.7991,PENDING_AG03,FALSE,NOT_FOR_ENFORCEMENT,162.0680,612.6957,168.8208,162.0680,6.7528,0.26451629,0.25393564,6.7528,162.0680,0.25393564,6.7528,6.7528,6.7528,8.4410,8.4410,162.0680,0.25393564,37.1406,34.0217,131.6802,134.7991,0.20632271,0.21120944,0.01058065,33.5908,35.4569,9.3789,84.4104,15.3473,319.1123,9.0000,,33.5908,25.7155,25.9457,45.6689,61.5483,71.9994,77.8372,25.9457,-23.144,2.775,3.0,1.294656,10,12,2,3,0E-8,0.26451629,,0E-8,0.000000,1.000000,0.000000,,2026-05-18,2026-06-18,2,11,11,32,0.062500,,,0.000000,,,,,,,,GLOBAL_BASELINE_NO_ENTITY_RANKING,,,NOT_APPLICABLE_GLOBAL_BASELINE,HF9g-P5,,,,X 全窗基线 · 不参与实体赏罚,6878886,688,A168_HF9F_20260827_0900,2026-08-27 09:00:00
2026-06-18,130224211,2121,0,51.4310695090,0E-10,0E-10,0.5000000,2,2,0.49324550000000000,0.493245500000,0.01910635448239258,0.01910635448239258,0.01910635448239258,0E-17,ELIGIBLE,R03b_20260811_FULL_v1,L1_ELIGIBILITY,v2026-08-11,2026-03-21..2026-08-06,baccarat_bet02_101_all_pairs_incl_sentinel,round_win = game_pnl > 0 (decisive only),COMPATIBILITY_ONLY_NOT_PRODUCTION,638.2247,638.2247,168.8208,19,18,-0.26451629,,-0.26451629,-0.26451629,-168.8208,638.2247,THIN_EXPOSURE,0.0000,6.7528,4.0000,96.0000,AG03-UNRESOLVED,ALL5_LEVELS_bet23_to_bet27,6.7528,6.7528,6.7528,8.4410,8.4410,4.000000,4.000000,4.000000,5.000000,5.000000,96.000000,96.000000,96.000000,95.000000,95.000000,5.0,37.1406,34.0217,131.6802,134.7991,PENDING_AG03,FALSE,NOT_FOR_ENFORCEMENT,162.0680,612.6957,168.8208,162.0680,6.7528,0.26451629,0.25393564,6.7528,162.0680,0.25393564,6.7528,6.7528,6.7528,8.4410,8.4410,162.0680,0.25393564,37.1406,34.0217,131.6802,134.7991,0.20632271,0.21120944,0.01058065,33.5908,35.4569,9.3789,84.4104,15.3473,319.1123,9.0000,,33.5908,25.7155,25.9457,45.6689,61.5483,71.9994,77.8372,25.9457,-23.144,2.775,3.0,1.294656,10,12,2,3,0E-8,0.26451629,,0E-8,0.000000,1.000000,0.000000,,2026-05-18,2026-06-18,2,11,11,32,0.062500,,,0.000000,,,,,,,,GLOBAL_BASELINE_NO_ENTITY_RANKING,,,NOT_APPLICABLE_GLOBAL_BASELINE,HF9g-P5,,,,X 全窗基线 · 不参与实体赏罚,6878887,688,A168_HF9F_20260827_0900,2026-08-27 09:00:00
2026-06-18,130224211,2212,0,52.7168462468,-52.7168462468,-52.7168462468,0E-7,2,2,0.49324550000000000,0.493245500000,-1.3952362676504506,-1.3952362676504506,-1.3952362676504506,0E-17,ELIGIBLE,R03b_20260811_FULL_v1,L1_ELIGIBILITY,v2026-08-11,2026-03-21..2026-08-06,baccarat_bet02_101_all_pairs_incl_sentinel,round_win = game_pnl > 0 (decisive only),COMPATIBILITY_ONLY_NOT_PRODUCTION,638.2247,638.2247,168.8208,19,18,-0.26451629,,-0.26451629,-0.26451629,-168.8208,638.2247,THIN_EXPOSURE,0.0000,6.7528,4.0000,96.0000,AG03-UNRESOLVED,ALL5_LEVELS_bet23_to_bet27,6.7528,6.7528,6.7528,8.4410,8.4410,4.000000,4.000000,4.000000,5.000000,5.000000,96.000000,96.000000,96.000000,95.000000,95.000000,5.0,37.1406,34.0217,131.6802,134.7991,PENDING_AG03,FALSE,NOT_FOR_ENFORCEMENT,162.0680,612.6957,168.8208,162.0680,6.7528,0.26451629,0.25393564,6.7528,162.0680,0.25393564,6.7528,6.7528,6.7528,8.4410,8.4410,162.0680,0.25393564,37.1406,34.0217,131.6802,134.7991,0.20632271,0.21120944,0.01058065,33.5908,35.4569,9.3789,84.4104,15.3473,319.1123,9.0000,,33.5908,25.7155,25.9457,45.6689,61.5483,71.9994,77.8372,25.9457,-23.144,2.775,3.0,1.294656,10,12,2,3,0E-8,0.26451629,,0E-8,0.000000,1.000000,0.000000,,2026-05-18,2026-06-18,2,11,11,32,0.062500,,,0.000000,,,,,,,,GLOBAL_BASELINE_NO_ENTITY_RANKING,,,NOT_APPLICABLE_GLOBAL_BASELINE,HF9g-P5,,,,X 全窗基线 · 不参与实体赏罚,6878888,688,A168_HF9F_20260827_0900,2026-08-27 09:00:00
2026-06-18,130224211,2234,0,48.8595160336,1.2857767377,1.2857767377,0.5000000,2,2,0.50665070000000000,0.506650700000,-0.018812684590367487,-0.018812684590367487,-0.018812684590367487,0E-17,ELIGIBLE,R03b_20260811_FULL_v1,L1_ELIGIBILITY,v2026-08-11,2026-03-21..2026-08-06,baccarat_bet02_101_all_pairs_incl_sentinel,round_win = game_pnl > 0 (decisive only),COMPATIBILITY_ONLY_NOT_PRODUCTION,638.2247,638.2247,168.8208,19,18,-0.26451629,,-0.26451629,-0.26451629,-168.8208,638.2247,THIN_EXPOSURE,0.0000,6.7528,4.0000,96.0000,AG03-UNRESOLVED,ALL5_LEVELS_bet23_to_bet27,6.7528,6.7528,6.7528,8.4410,8.4410,4.000000,4.000000,4.000000,5.000000,5.000000,96.000000,96.000000,96.000000,95.000000,95.000000,5.0,37.1406,34.0217,131.6802,134.7991,PENDING_AG03,FALSE,NOT_FOR_ENFORCEMENT,162.0680,612.6957,168.8208,162.0680,6.7528,0.26451629,0.25393564,6.7528,162.0680,0.25393564,6.7528,6.7528,6.7528,8.4410,8.4410,162.0680,0.25393564,37.1406,34.0217,131.6802,134.7991,0.20632271,0.21120944,0.01058065,33.5908,35.4569,9.3789,84.4104,15.3473,319.1123,9.0000,,33.5908,25.7155,25.9457,45.6689,61.5483,71.9994,77.8372,25.9457,-23.144,2.775,3.0,1.294656,10,12,2,3,0E-8,0.26451629,,0E-8,0.000000,1.000000,0.000000,,2026-05-18,2026-06-18,2,11,11,32,0.062500,,,0.000000,,,,,,,,GLOBAL_BASELINE_NO_ENTITY_RANKING,,,NOT_APPLICABLE_GLOBAL_BASELINE,HF9g-P5,,,,X 全窗基线 · 不参与实体赏罚,6878889,688,A168_HF9F_20260827_0900,2026-08-27 09:00:00
2026-06-18,130224211,2241,0,54.0026229845,54.0026229845,54.0026229845,1.0000000,1,1,0.49324550000000000,0.493245500000,1.01360149184955,1.01360149184955,1.01360149184955,0E-17,ELIGIBLE,R03b_20260811_FULL_v1,L1_ELIGIBILITY,v2026-08-11,2026-03-21..2026-08-06,baccarat_bet02_101_all_pairs_incl_sentinel,round_win = game_pnl > 0 (decisive only),COMPATIBILITY_ONLY_NOT_PRODUCTION,638.2247,638.2247,168.8208,19,18,-0.26451629,,-0.26451629,-0.26451629,-168.8208,638.2247,THIN_EXPOSURE,0.0000,6.7528,4.0000,96.0000,AG03-UNRESOLVED,ALL5_LEVELS_bet23_to_bet27,6.7528,6.7528,6.7528,8.4410,8.4410,4.000000,4.000000,4.000000,5.000000,5.000000,96.000000,96.000000,96.000000,95.000000,95.000000,5.0,37.1406,34.0217,131.6802,134.7991,PENDING_AG03,FALSE,NOT_FOR_ENFORCEMENT,162.0680,612.6957,168.8208,162.0680,6.7528,0.26451629,0.25393564,6.7528,162.0680,0.25393564,6.7528,6.7528,6.7528,8.4410,8.4410,162.0680,0.25393564,37.1406,34.0217,131.6802,134.7991,0.20632271,0.21120944,0.01058065,33.5908,35.4569,9.3789,84.4104,15.3473,319.1123,9.0000,,33.5908,25.7155,25.9457,45.6689,61.5483,71.9994,77.8372,25.9457,-23.144,2.775,3.0,1.294656,10,12,2,3,0E-8,0.26451629,,0E-8,0.000000,1.000000,0.000000,,2026-05-18,2026-06-18,2,11,11,32,0.062500,,,0.000000,,,,,,,,GLOBAL_BASELINE_NO_ENTITY_RANKING,,,NOT_APPLICABLE_GLOBAL_BASELINE,HF9g-P5,,,,X 全窗基线 · 不参与实体赏罚,6878890,688,A168_HF9F_20260827_0900,2026-08-27 09:00:00
2026-06-18,130224211,2254,0,12.8577673773,-12.8577673773,-12.8577673773,0E-7,1,1,0.50665070000000000,0.506650700000,-1.013391052207602,-1.013391052207602,-1.013391052207602,0E-17,ELIGIBLE,R03b_20260811_FULL_v1,L1_ELIGIBILITY,v2026-08-11,2026-03-21..2026-08-06,baccarat_bet02_101_all_pairs_incl_sentinel,round_win = game_pnl > 0 (decisive only),COMPATIBILITY_ONLY_NOT_PRODUCTION,638.2247,638.2247,168.8208,19,18,-0.26451629,,-0.26451629,-0.26451629,-168.8208,638.2247,THIN_EXPOSURE,0.0000,6.7528,4.0000,96.0000,AG03-UNRESOLVED,ALL5_LEVELS_bet23_to_bet27,6.7528,6.7528,6.7528,8.4410,8.4410,4.000000,4.000000,4.000000,5.000000,5.000000,96.000000,96.000000,96.000000,95.000000,95.000000,5.0,37.1406,34.0217,131.6802,134.7991,PENDING_AG03,FALSE,NOT_FOR_ENFORCEMENT,162.0680,612.6957,168.8208,162.0680,6.7528,0.26451629,0.25393564,6.7528,162.0680,0.25393564,6.7528,6.7528,6.7528,8.4410,8.4410,162.0680,0.25393564,37.1406,34.0217,131.6802,134.7991,0.20632271,0.21120944,0.01058065,33.5908,35.4569,9.3789,84.4104,15.3473,319.1123,9.0000,,33.5908,25.7155,25.9457,45.6689,61.5483,71.9994,77.8372,25.9457,-23.144,2.775,3.0,1.294656,10,12,2,3,0E-8,0.26451629,,0E-8,0.000000,1.000000,0.000000,,2026-05-18,2026-06-18,2,11,11,32,0.062500,,,0.000000,,,,,,,,GLOBAL_BASELINE_NO_ENTITY_RANKING,,,NOT_APPLICABLE_GLOBAL_BASELINE,HF9g-P5,,,,X 全窗基线 · 不参与实体赏罚,6878891,688,A168_HF9F_20260827_0900,2026-08-27 09:00:00
2026-06-02,145884597,752,0,74.1950494527,70.9725403555,70.9725403555,1.0000000,2,1,0.49681119991297063,0.280106050000,1.006398067390976,1.6031457840727341,1.006398067390976,0.21670514991297063,ELIGIBLE,R03b_20260811_FULL_v1,L1_ELIGIBILITY,v2026-08-11,2026-03-21..2026-08-06,baccarat_bet02_101_all_pairs_incl_sentinel,round_win = game_pnl > 0 (decisive only),COMPATIBILITY_ONLY_NOT_PRODUCTION,558.8988,518.5972,168.8256,25,22,-0.30206830,0.24242424,-0.35958047,-0.30206830,-168.8256,558.8988,THIN_EXPOSURE,0.0000,6.7530,4.0000,96.0000,AG03-UNRESOLVED,ALL5_LEVELS_bet23_to_bet27,6.7530,6.7530,6.7530,6.7530,6.7530,4.000000,4.000000,4.000000,4.000000,4.000000,96.000000,96.000000,96.000000,96.000000,96.000000,5.0,33.7651,31.1698,135.0605,137.6558,PENDING_AG03,FALSE,NOT_FOR_ENFORCEMENT,162.0726,497.8533,168.8256,162.0726,6.7530,0.30206830,0.28998557,6.7530,162.0726,0.28998557,6.7530,6.7530,6.7530,6.7530,6.7530,162.0726,0.28998557,33.7651,31.1698,135.0605,137.6558,0.24165464,0.24629824,0.01208273,22.3560,23.5726,7.6739,16.8826,12.9866,55.8899,2.2000,6.6743,29.7356,4.854,7.734,17.7238,72.5838,101.42,104.7315,5.1776,0.0,13.113485,13.541667,2.890598,5,12,10,3,0.09553442,0.30206830,-0.24242424,0E-8,0.000000,0.927891,0.640000,0.60200471,2026-06-02,2026-07-24,10,13,13,53,0.188679,0.224454,0.298545,0.318448,,,,,,,,GLOBAL_BASELINE_NO_ENTITY_RANKING,,,NOT_APPLICABLE_GLOBAL_BASELINE,HF9g-P5,,,,X 全窗基线 · 不参与实体赏罚,6878892,688,A168_HF9F_20260827_0900,2026-08-27 09:00:00
2026-06-04,145884597,1210,0,74.1177092343,-74.1177092343,-74.1177092343,0E-7,2,1,0.49680093260852289,0.280106050000,-0.9936222029483748,-0.6237735893609975,-0.9936222029483748,0.21669488260852289,ELIGIBLE,R03b_20260811_FULL_v1,L1_ELIGIBILITY,v2026-08-11,2026-03-21..2026-08-06,baccarat_bet02_101_all_pairs_incl_sentinel,round_win = game_pnl > 0 (decisive only),COMPATIBILITY_ONLY_NOT_PRODUCTION,558.8988,518.5972,168.8256,25,22,-0.30206830,0.24242424,-0.35958047,-0.30206830,-168.8256,558.8988,THIN_EXPOSURE,0.0000,6.7530,4.0000,96.0000,AG03-UNRESOLVED,ALL5_LEVELS_bet23_to_bet27,6.7530,6.7530,6.7530,6.7530,6.7530,4.000000,4.000000,4.000000,4.000000,4.000000,96.000000,96.000000,96.000000,96.000000,96.000000,5.0,33.7651,31.1698,135.0605,137.6558,PENDING_AG03,FALSE,NOT_FOR_ENFORCEMENT,162.0726,497.8533,168.8256,162.0726,6.7530,0.30206830,0.28998557,6.7530,162.0726,0.28998557,6.7530,6.7530,6.7530,6.7530,6.7530,162.0726,0.28998557,33.7651,31.1698,135.0605,137.6558,0.24165464,0.24629824,0.01208273,22.3560,23.5726,7.6739,16.8826,12.9866,55.8899,2.2000,6.6743,29.7356,4.854,7.734,17.7238,72.5838,101.42,104.7315,5.1776,0.0,13.113485,13.541667,2.890598,5,12,10,3,0.09553442,0.30206830,-0.24242424,0E-8,0.000000,0.927891,0.640000,0.60200471,2026-06-02,2026-07-24,10,13,13,53,0.188679,0.224454,0.298545,0.318448,,,,,,,,GLOBAL_BASELINE_NO_ENTITY_RANKING,,,NOT_APPLICABLE_GLOBAL_BASELINE,HF9g-P5,,,,X 全窗基线 · 不参与实体赏罚,6878893,688,A168_HF9F_20260827_0900,2026-08-27 09:00:00
2026-06-25,145884597,2101,0,159.5142003087,-53.1714001029,-53.1714001029,0.5000000,3,2,0.49651560530297221,0.386675775000,0.009855595791004004,0.3290934312765982,0.009855595791004004,0.10983983030297221,ELIGIBLE,R03b_20260811_FULL_v1,L1_ELIGIBILITY,v2026-08-11,2026-03-21..2026-08-06,baccarat_bet02_101_all_pairs_incl_sentinel,round_win = game_pnl > 0 (decisive only),COMPATIBILITY_ONLY_NOT_PRODUCTION,558.8988,518.5972,168.8256,25,22,-0.30206830,0.24242424,-0.35958047,-0.30206830,-168.8256,558.8988,THIN_EXPOSURE,0.0000,6.7530,4.0000,96.0000,AG03-UNRESOLVED,ALL5_LEVELS_bet23_to_bet27,6.7530,6.7530,6.7530,6.7530,6.7530,4.000000,4.000000,4.000000,4.000000,4.000000,96.000000,96.000000,96.000000,96.000000,96.000000,5.0,33.7651,31.1698,135.0605,137.6558,PENDING_AG03,FALSE,NOT_FOR_ENFORCEMENT,162.0726,497.8533,168.8256,162.0726,6.7530,0.30206830,0.28998557,6.7530,162.0726,0.28998557,6.7530,6.7530,6.7530,6.7530,6.7530,162.0726,0.28998557,33.7651,31.1698,135.0605,137.6558,0.24165464,0.24629824,0.01208273,22.3560,23.5726,7.6739,16.8826,12.9866,55.8899,2.2000,6.6743,29.7356,4.854,7.734,17.7238,72.5838,101.42,104.7315,5.1776,0.0,13.113485,13.541667,2.890598,5,12,10,3,0.09553442,0.30206830,-0.24242424,0E-8,0.000000,0.927891,0.640000,0.60200471,2026-06-02,2026-07-24,10,13,13,53,0.188679,0.224454,0.298545,0.318448,,,,,,,,GLOBAL_BASELINE_NO_ENTITY_RANKING,,,NOT_APPLICABLE_GLOBAL_BASELINE,HF9g-P5,,,,X 全窗基线 · 不参与实体赏罚,6878894,688,A168_HF9F_20260827_0900,2026-08-27 09:00:00
2026-06-27,145884597,2101,0,17.7238000343,-17.7238000343,-17.7238000343,0E-7,1,1,0.50665070000000000,0.506650700000,-1.013391052207602,-1.013391052207602,-1.013391052207602,0E-17,ELIGIBLE,R03b_20260811_FULL_v1,L1_ELIGIBILITY,v2026-08-11,2026-03-21..2026-08-06,baccarat_bet02_101_all_pairs_incl_sentinel,round_win = game_pnl > 0 (decisive only),COMPATIBILITY_ONLY_NOT_PRODUCTION,558.8988,518.5972,168.8256,25,22,-0.30206830,0.24242424,-0.35958047,-0.30206830,-168.8256,558.8988,THIN_EXPOSURE,0.0000,6.7530,4.0000,96.0000,AG03-UNRESOLVED,ALL5_LEVELS_bet23_to_bet27,6.7530,6.7530,6.7530,6.7530,6.7530,4.000000,4.000000,4.000000,4.000000,4.000000,96.000000,96.000000,96.000000,96.000000,96.000000,5.0,33.7651,31.1698,135.0605,137.6558,PENDING_AG03,FALSE,NOT_FOR_ENFORCEMENT,162.0726,497.8533,168.8256,162.0726,6.7530,0.30206830,0.28998557,6.7530,162.0726,0.28998557,6.7530,6.7530,6.7530,6.7530,6.7530,162.0726,0.28998557,33.7651,31.1698,135.0605,137.6558,0.24165464,0.24629824,0.01208273,22.3560,23.5726,7.6739,16.8826,12.9866,55.8899,2.2000,6.6743,29.7356,4.854,7.734,17.7238,72.5838,101.42,104.7315,5.1776,0.0,13.113485,13.541667,2.890598,5,12,10,3,0.09553442,0.30206830,-0.24242424,0E-8,0.000000,0.927891,0.640000,0.60200471,2026-06-02,2026-07-24,10,13,13,53,0.188679,0.224454,0.298545,0.318448,,,,,,,,GLOBAL_BASELINE_NO_ENTITY_RANKING,,,NOT_APPLICABLE_GLOBAL_BASELINE,HF9g-P5,,,,X 全窗基线 · 不参与实体赏罚,6878895,688,A168_HF9F_20260827_0900,2026-08-27 09:00:00
2026-06-27,145884597,2123,0,35.4476000686,0E-10,0E-10,,2,2,0.50665070000000000,0.506650700000,,,,0E-17,NO_DECISIVE_ROUND,R03b_20260811_FULL_v1,L1_ELIGIBILITY,v2026-08-11,2026-03-21..2026-08-06,baccarat_bet02_101_all_pairs_incl_sentinel,round_win = game_pnl > 0 (decisive only),COMPATIBILITY_ONLY_NOT_PRODUCTION,558.8988,518.5972,168.8256,25,22,-0.30206830,0.24242424,-0.35958047,-0.30206830,-168.8256,558.8988,THIN_EXPOSURE,0.0000,6.7530,4.0000,96.0000,AG03-UNRESOLVED,ALL5_LEVELS_bet23_to_bet27,6.7530,6.7530,6.7530,6.7530,6.7530,4.000000,4.000000,4.000000,4.000000,4.000000,96.000000,96.000000,96.000000,96.000000,96.000000,5.0,33.7651,31.1698,135.0605,137.6558,PENDING_AG03,FALSE,NOT_FOR_ENFORCEMENT,162.0726,497.8533,168.8256,162.0726,6.7530,0.30206830,0.28998557,6.7530,162.0726,0.28998557,6.7530,6.7530,6.7530,6.7530,6.7530,162.0726,0.28998557,33.7651,31.1698,135.0605,137.6558,0.24165464,0.24629824,0.01208273,22.3560,23.5726,7.6739,16.8826,12.9866,55.8899,2.2000,6.6743,29.7356,4.854,7.734,17.7238,72.5838,101.42,104.7315,5.1776,0.0,13.113485,13.541667,2.890598,5,12,10,3,0.09553442,0.30206830,-0.24242424,0E-8,0.000000,0.927891,0.640000,0.60200471,2026-06-02,2026-07-24,10,13,13,53,0.188679,0.224454,0.298545,0.318448,,,,,,,,GLOBAL_BASELINE_NO_ENTITY_RANKING,,,NOT_APPLICABLE_GLOBAL_BASELINE,HF9g-P5,,,,X 全窗基线 · 不参与实体赏罚,6878896,688,A168_HF9F_20260827_0900,2026-08-27 09:00:00
2026-06-28,145884597,2288,0,3.2225090971,3.2225090971,3.2225090971,1.0000000,1,1,0.49324550000000000,0.493245500000,1.01360149184955,1.01360149184955,1.01360149184955,0E-17,ELIGIBLE,R03b_20260811_FULL_v1,L1_ELIGIBILITY,v2026-08-11,2026-03-21..2026-08-06,baccarat_bet02_101_all_pairs_incl_sentinel,round_win = game_pnl > 0 (decisive only),COMPATIBILITY_ONLY_NOT_PRODUCTION,558.8988,518.5972,168.8256,25,22,-0.30206830,0.24242424,-0.35958047,-0.30206830,-168.8256,558.8988,THIN_EXPOSURE,0.0000,6.7530,4.0000,96.0000,AG03-UNRESOLVED,ALL5_LEVELS_bet23_to_bet27,6.7530,6.7530,6.7530,6.7530,6.7530,4.000000,4.000000,4.000000,4.000000,4.000000,96.000000,96.000000,96.000000,96.000000,96.000000,5.0,33.7651,31.1698,135.0605,137.6558,PENDING_AG03,FALSE,NOT_FOR_ENFORCEMENT,162.0726,497.8533,168.8256,162.0726,6.7530,0.30206830,0.28998557,6.7530,162.0726,0.28998557,6.7530,6.7530,6.7530,6.7530,6.7530,162.0726,0.28998557,33.7651,31.1698,135.0605,137.6558,0.24165464,0.24629824,0.01208273,22.3560,23.5726,7.6739,16.8826,12.9866,55.8899,2.2000,6.6743,29.7356,4.854,7.734,17.7238,72.5838,101.42,104.7315,5.1776,0.0,13.113485,13.541667,2.890598,5,12,10,3,0.09553442,0.30206830,-0.24242424,0E-8,0.000000,0.927891,0.640000,0.60200471,2026-06-02,2026-07-24,10,13,13,53,0.188679,0.224454,0.298545,0.318448,,,,,,,,GLOBAL_BASELINE_NO_ENTITY_RANKING,,,NOT_APPLICABLE_GLOBAL_BASELINE,HF9g-P5,,,,X 全窗基线 · 不参与实体赏罚,6878897,688,A168_HF9F_20260827_0900,2026-08-27 09:00:00
2026-06-29,145884597,2251,0,30.9360873326,-10.3120291108,-10.3120291108,0.3333333,3,3,0.49324550000000000,0.493245500000,-0.5540025479526107,-0.5540025479526106,-0.5540025479526107,0E-17,ELIGIBLE,R03b_20260811_FULL_v1,L1_ELIGIBILITY,v2026-08-11,2026-03-21..2026-08-06,baccarat_bet02_101_all_pairs_incl_sentinel,round_win = game_pnl > 0 (decisive only),COMPATIBILITY_ONLY_NOT_PRODUCTION,558.8988,518.5972,168.8256,25,22,-0.30206830,0.24242424,-0.35958047,-0.30206830,-168.8256,558.8988,THIN_EXPOSURE,0.0000,6.7530,4.0000,96.0000,AG03-UNRESOLVED,ALL5_LEVELS_bet23_to_bet27,6.7530,6.7530,6.7530,6.7530,6.7530,4.000000,4.000000,4.000000,4.000000,4.000000,96.000000,96.000000,96.000000,96.000000,96.000000,5.0,33.7651,31.1698,135.0605,137.6558,PENDING_AG03,FALSE,NOT_FOR_ENFORCEMENT,162.0726,497.8533,168.8256,162.0726,6.7530,0.30206830,0.28998557,6.7530,162.0726,0.28998557,6.7530,6.7530,6.7530,6.7530,6.7530,162.0726,0.28998557,33.7651,31.1698,135.0605,137.6558,0.24165464,0.24629824,0.01208273,22.3560,23.5726,7.6739,16.8826,12.9866,55.8899,2.2000,6.6743,29.7356,4.854,7.734,17.7238,72.5838,101.42,104.7315,5.1776,0.0,13.113485,13.541667,2.890598,5,12,10,3,0.09553442,0.30206830,-0.24242424,0E-8,0.000000,0.927891,0.640000,0.60200471,2026-06-02,2026-07-24,10,13,13,53,0.188679,0.224454,0.298545,0.318448,,,,,,,,GLOBAL_BASELINE_NO_ENTITY_RANKING,,,NOT_APPLICABLE_GLOBAL_BASELINE,HF9g-P5,,,,X 全窗基线 · 不参与实体赏罚,6878898,688,A168_HF9F_20260827_0900,2026-08-27 09:00:00
2026-07-03,145884597,2088,0,100.3161252347,-100.3161252347,-100.3161252347,0E-7,1,1,0.50665070000000000,0.506650700000,-1.013391052207602,-1.013391052207602,-1.013391052207602,0E-17,ELIGIBLE,R03b_20260811_FULL_v1,L1_ELIGIBILITY,v2026-08-11,2026-03-21..2026-08-06,baccarat_bet02_101_all_pairs_incl_sentinel,round_win = game_pnl > 0 (decisive only),COMPATIBILITY_ONLY_NOT_PRODUCTION,558.8988,518.5972,168.8256,25,22,-0.30206830,0.24242424,-0.35958047,-0.30206830,-168.8256,558.8988,THIN_EXPOSURE,0.0000,6.7530,4.0000,96.0000,AG03-UNRESOLVED,ALL5_LEVELS_bet23_to_bet27,6.7530,6.7530,6.7530,6.7530,6.7530,4.000000,4.000000,4.000000,4.000000,4.000000,96.000000,96.000000,96.000000,96.000000,96.000000,5.0,33.7651,31.1698,135.0605,137.6558,PENDING_AG03,FALSE,NOT_FOR_ENFORCEMENT,162.0726,497.8533,168.8256,162.0726,6.7530,0.30206830,0.28998557,6.7530,162.0726,0.28998557,6.7530,6.7530,6.7530,6.7530,6.7530,162.0726,0.28998557,33.7651,31.1698,135.0605,137.6558,0.24165464,0.24629824,0.01208273,22.3560,23.5726,7.6739,16.8826,12.9866,55.8899,2.2000,6.6743,29.7356,4.854,7.734,17.7238,72.5838,101.42,104.7315,5.1776,0.0,13.113485,13.541667,2.890598,5,12,10,3,0.09553442,0.30206830,-0.24242424,0E-8,0.000000,0.927891,0.640000,0.60200471,2026-06-02,2026-07-24,10,13,13,53,0.188679,0.224454,0.298545,0.318448,,,,,,,,GLOBAL_BASELINE_NO_ENTITY_RANKING,,,NOT_APPLICABLE_GLOBAL_BASELINE,HF9g-P5,,,,X 全窗基线 · 不参与实体赏罚,6878899,688,A168_HF9F_20260827_0900,2026-08-27 09:00:00
2026-07-03,145884597,2174,0,4.8540060597,4.8540060597,4.8540060597,1.0000000,1,1,0.50665070000000000,0.506650700000,0.9867858985152569,0.9867858985152569,0.9867858985152569,0E-17,ELIGIBLE,R03b_20260811_FULL_v1,L1_ELIGIBILITY,v2026-08-11,2026-03-21..2026-08-06,baccarat_bet02_101_all_pairs_incl_sentinel,round_win = game_pnl > 0 (decisive only),COMPATIBILITY_ONLY_NOT_PRODUCTION,558.8988,518.5972,168.8256,25,22,-0.30206830,0.24242424,-0.35958047,-0.30206830,-168.8256,558.8988,THIN_EXPOSURE,0.0000,6.7530,4.0000,96.0000,AG03-UNRESOLVED,ALL5_LEVELS_bet23_to_bet27,6.7530,6.7530,6.7530,6.7530,6.7530,4.000000,4.000000,4.000000,4.000000,4.000000,96.000000,96.000000,96.000000,96.000000,96.000000,5.0,33.7651,31.1698,135.0605,137.6558,PENDING_AG03,FALSE,NOT_FOR_ENFORCEMENT,162.0726,497.8533,168.8256,162.0726,6.7530,0.30206830,0.28998557,6.7530,162.0726,0.28998557,6.7530,6.7530,6.7530,6.7530,6.7530,162.0726,0.28998557,33.7651,31.1698,135.0605,137.6558,0.24165464,0.24629824,0.01208273,22.3560,23.5726,7.6739,16.8826,12.9866,55.8899,2.2000,6.6743,29.7356,4.854,7.734,17.7238,72.5838,101.42,104.7315,5.1776,0.0,13.113485,13.541667,2.890598,5,12,10,3,0.09553442,0.30206830,-0.24242424,0E-8,0.000000,0.927891,0.640000,0.60200471,2026-06-02,2026-07-24,10,13,13,53,0.188679,0.224454,0.298545,0.318448,,,,,,,,GLOBAL_BASELINE_NO_ENTITY_RANKING,,,NOT_APPLICABLE_GLOBAL_BASELINE,HF9g-P5,,,,X 全窗基线 · 不参与实体赏罚,6878900,688,A168_HF9F_20260827_0900,2026-08-27 09:00:00
2026-07-07,145884597,986,0,5.1776064637,-5.1776064637,-5.1776064637,0E-7,1,1,0.49324550000000000,0.493245500000,-0.9865810262130424,-0.9865810262130424,-0.9865810262130424,0E-17,ELIGIBLE,R03b_20260811_FULL_v1,L1_ELIGIBILITY,v2026-08-11,2026-03-21..2026-08-06,baccarat_bet02_101_all_pairs_incl_sentinel,round_win = game_pnl > 0 (decisive only),COMPATIBILITY_ONLY_NOT_PRODUCTION,558.8988,518.5972,168.8256,25,22,-0.30206830,0.24242424,-0.35958047,-0.30206830,-168.8256,558.8988,THIN_EXPOSURE,0.0000,6.7530,4.0000,96.0000,AG03-UNRESOLVED,ALL5_LEVELS_bet23_to_bet27,6.7530,6.7530,6.7530,6.7530,6.7530,4.000000,4.000000,4.000000,4.000000,4.000000,96.000000,96.000000,96.000000,96.000000,96.000000,5.0,33.7651,31.1698,135.0605,137.6558,PENDING_AG03,FALSE,NOT_FOR_ENFORCEMENT,162.0726,497.8533,168.8256,162.0726,6.7530,0.30206830,0.28998557,6.7530,162.0726,0.28998557,6.7530,6.7530,6.7530,6.7530,6.7530,162.0726,0.28998557,33.7651,31.1698,135.0605,137.6558,0.24165464,0.24629824,0.01208273,22.3560,23.5726,7.6739,16.8826,12.9866,55.8899,2.2000,6.6743,29.7356,4.854,7.734,17.7238,72.5838,101.42,104.7315,5.1776,0.0,13.113485,13.541667,2.890598,5,12,10,3,0.09553442,0.30206830,-0.24242424,0E-8,0.000000,0.927891,0.640000,0.60200471,2026-06-02,2026-07-24,10,13,13,53,0.188679,0.224454,0.298545,0.318448,,,,,,,,GLOBAL_BASELINE_NO_ENTITY_RANKING,,,NOT_APPLICABLE_GLOBAL_BASELINE,HF9g-P5,,,,X 全窗基线 · 不参与实体赏罚,6878901,688,A168_HF9F_20260827_0900,2026-08-27 09:00:00
2026-07-17,145884597,1307,0,4.8540060597,4.8540060597,4.8540060597,1.0000000,1,1,0.49324550000000000,0.493245500000,1.01360149184955,1.01360149184955,1.01360149184955,0E-17,ELIGIBLE,R03b_20260811_FULL_v1,L1_ELIGIBILITY,v2026-08-11,2026-03-21..2026-08-06,baccarat_bet02_101_all_pairs_incl_sentinel,round_win = game_pnl > 0 (decisive only),COMPATIBILITY_ONLY_NOT_PRODUCTION,558.8988,518.5972,168.8256,25,22,-0.30206830,0.24242424,-0.35958047,-0.30206830,-168.8256,558.8988,THIN_EXPOSURE,0.0000,6.7530,4.0000,96.0000,AG03-UNRESOLVED,ALL5_LEVELS_bet23_to_bet27,6.7530,6.7530,6.7530,6.7530,6.7530,4.000000,4.000000,4.000000,4.000000,4.000000,96.000000,96.000000,96.000000,96.000000,96.000000,5.0,33.7651,31.1698,135.0605,137.6558,PENDING_AG03,FALSE,NOT_FOR_ENFORCEMENT,162.0726,497.8533,168.8256,162.0726,6.7530,0.30206830,0.28998557,6.7530,162.0726,0.28998557,6.7530,6.7530,6.7530,6.7530,6.7530,162.0726,0.28998557,33.7651,31.1698,135.0605,137.6558,0.24165464,0.24629824,0.01208273,22.3560,23.5726,7.6739,16.8826,12.9866,55.8899,2.2000,6.6743,29.7356,4.854,7.734,17.7238,72.5838,101.42,104.7315,5.1776,0.0,13.113485,13.541667,2.890598,5,12,10,3,0.09553442,0.30206830,-0.24242424,0E-8,0.000000,0.927891,0.640000,0.60200471,2026-06-02,2026-07-24,10,13,13,53,0.188679,0.224454,0.298545,0.318448,,,,,,,,GLOBAL_BASELINE_NO_ENTITY_RANKING,,,NOT_APPLICABLE_GLOBAL_BASELINE,HF9g-P5,,,,X 全窗基线 · 不参与实体赏罚,6878902,688,A168_HF9F_20260827_0900,2026-08-27 09:00:00
2026-07-17,145884597,2233,0,24.2700302986,9.7080121195,9.7080121195,0.6666667,4,4,0.49659680000000000,0.496596800000,0.5891529468324541,0.589152946832454,0.5891529468324541,0E-17,ELIGIBLE,R03b_20260811_FULL_v1,L1_ELIGIBILITY,v2026-08-11,2026-03-21..2026-08-06,baccarat_bet02_101_all_pairs_incl_sentinel,round_win = game_pnl > 0 (decisive only),COMPATIBILITY_ONLY_NOT_PRODUCTION,558.8988,518.5972,168.8256,25,22,-0.30206830,0.24242424,-0.35958047,-0.30206830,-168.8256,558.8988,THIN_EXPOSURE,0.0000,6.7530,4.0000,96.0000,AG03-UNRESOLVED,ALL5_LEVELS_bet23_to_bet27,6.7530,6.7530,6.7530,6.7530,6.7530,4.000000,4.000000,4.000000,4.000000,4.000000,96.000000,96.000000,96.000000,96.000000,96.000000,5.0,33.7651,31.1698,135.0605,137.6558,PENDING_AG03,FALSE,NOT_FOR_ENFORCEMENT,162.0726,497.8533,168.8256,162.0726,6.7530,0.30206830,0.28998557,6.7530,162.0726,0.28998557,6.7530,6.7530,6.7530,6.7530,6.7530,162.0726,0.28998557,33.7651,31.1698,135.0605,137.6558,0.24165464,0.24629824,0.01208273,22.3560,23.5726,7.6739,16.8826,12.9866,55.8899,2.2000,6.6743,29.7356,4.854,7.734,17.7238,72.5838,101.42,104.7315,5.1776,0.0,13.113485,13.541667,2.890598,5,12,10,3,0.09553442,0.30206830,-0.24242424,0E-8,0.000000,0.927891,0.640000,0.60200471,2026-06-02,2026-07-24,10,13,13,53,0.188679,0.224454,0.298545,0.318448,,,,,,,,GLOBAL_BASELINE_NO_ENTITY_RANKING,,,NOT_APPLICABLE_GLOBAL_BASELINE,HF9g-P5,,,,X 全窗基线 · 不参与实体赏罚,6878903,688,A168_HF9F_20260827_0900,2026-08-27 09:00:00
2026-07-24,145884597,1645,0,24.2700302987,-1.6180020199,-1.6180020199,0.6666667,3,3,0.50665070000000000,0.506650700000,0.5543606114942035,0.5543606114942035,0.5543606114942035,0E-17,ELIGIBLE,R03b_20260811_FULL_v1,L1_ELIGIBILITY,v2026-08-11,2026-03-21..2026-08-06,baccarat_bet02_101_all_pairs_incl_sentinel,round_win = game_pnl > 0 (decisive only),COMPATIBILITY_ONLY_NOT_PRODUCTION,558.8988,518.5972,168.8256,25,22,-0.30206830,0.24242424,-0.35958047,-0.30206830,-168.8256,558.8988,THIN_EXPOSURE,0.0000,6.7530,4.0000,96.0000,AG03-UNRESOLVED,ALL5_LEVELS_bet23_to_bet27,6.7530,6.7530,6.7530,6.7530,6.7530,4.000000,4.000000,4.000000,4.000000,4.000000,96.000000,96.000000,96.000000,96.000000,96.000000,5.0,33.7651,31.1698,135.0605,137.6558,PENDING_AG03,FALSE,NOT_FOR_ENFORCEMENT,162.0726,497.8533,168.8256,162.0726,6.7530,0.30206830,0.28998557,6.7530,162.0726,0.28998557,6.7530,6.7530,6.7530,6.7530,6.7530,162.0726,0.28998557,33.7651,31.1698,135.0605,137.6558,0.24165464,0.24629824,0.01208273,22.3560,23.5726,7.6739,16.8826,12.9866,55.8899,2.2000,6.6743,29.7356,4.854,7.734,17.7238,72.5838,101.42,104.7315,5.1776,0.0,13.113485,13.541667,2.890598,5,12,10,3,0.09553442,0.30206830,-0.24242424,0E-8,0.000000,0.927891,0.640000,0.60200471,2026-06-02,2026-07-24,10,13,13,53,0.188679,0.224454,0.298545,0.318448,,,,,,,,GLOBAL_BASELINE_NO_ENTITY_RANKING,,,NOT_APPLICABLE_GLOBAL_BASELINE,HF9g-P5,,,,X 全窗基线 · 不参与实体赏罚,6878904,688,A168_HF9F_20260827_0900,2026-08-27 09:00:00
2026-07-14,153015673,1331,0,47.0097698564,-47.0097698564,-47.0097698564,0E-7,4,2,0.27228671666666667,0.272286716667,-0.8650636715869107,-0.8650636715876382,-0.8650636715869107,-3.3333E-13,ELIGIBLE,R03b_20260811_FULL_v1,L1_ELIGIBILITY,v2026-08-11,2026-03-21..2026-08-06,baccarat_bet02_101_all_pairs_incl_sentinel,round_win = game_pnl > 0 (decisive only),COMPATIBILITY_ONLY_NOT_PRODUCTION,292.6869,280.4235,168.8264,11,8,-0.57681564,-0.57681564,,-0.57681564,-168.8264,292.6869,THIN_EXPOSURE,0.0000,6.7531,4.0000,96.0000,AG03-UNRESOLVED,ALL5_LEVELS_bet23_to_bet27,6.7531,6.7531,6.7531,10.1296,10.1296,4.000000,4.000000,4.000000,6.000000,6.000000,96.000000,96.000000,96.000000,94.000000,94.000000,5.0,40.5183,36.8459,128.3081,131.9805,PENDING_AG03,FALSE,NOT_FOR_ENFORCEMENT,162.0733,269.2066,168.8264,162.0733,6.7531,0.57681564,0.55374302,6.7531,162.0733,0.55374302,6.7531,6.7531,6.7531,10.1296,10.1296,162.0733,0.55374302,40.5183,36.8459,128.3081,131.9805,0.43837989,0.4509272,0.02307263,26.6079,35.0529,21.1033,84.4132,84.4132,146.3435,4.0000,26.6079,,2.0439,16.3512,48.8493,61.3171,61.3171,61.3171,16.3512,-2.0439,3.75,3.75,1.627273,2,3,2,5,1.00000000,0.57681564,0.57681564,0E-8,0.000000,0.958101,0.000000,,2026-07-14,2026-07-17,2,2,2,4,0.500000,,1.000000,3.333333,,,,,,,,GLOBAL_BASELINE_NO_ENTITY_RANKING,,,NOT_APPLICABLE_GLOBAL_BASELINE,HF9g-P5,,,,X 全窗基线 · 不参与实体赏罚,6878905,688,A168_HF9F_20260827_0900,2026-08-27 09:00:00
2026-07-14,153015673,2233,0,229.3259207782,-137.3502841024,-137.3502841024,0.2500000,6,5,0.50113298838715050,0.460001250000,-1.0045345325189037,-0.8427058180534889,-1.0045345325189037,0.04113173838715050,ELIGIBLE,R03b_20260811_FULL_v1,L1_ELIGIBILITY,v2026-08-11,2026-03-21..2026-08-06,baccarat_bet02_101_all_pairs_incl_sentinel,round_win = game_pnl > 0 (decisive only),COMPATIBILITY_ONLY_NOT_PRODUCTION,292.6869,280.4235,168.8264,11,8,-0.57681564,-0.57681564,,-0.57681564,-168.8264,292.6869,THIN_EXPOSURE,0.0000,6.7531,4.0000,96.0000,AG03-UNRESOLVED,ALL5_LEVELS_bet23_to_bet27,6.7531,6.7531,6.7531,10.1296,10.1296,4.000000,4.000000,4.000000,6.000000,6.000000,96.000000,96.000000,96.000000,94.000000,94.000000,5.0,40.5183,36.8459,128.3081,131.9805,PENDING_AG03,FALSE,NOT_FOR_ENFORCEMENT,162.0733,269.2066,168.8264,162.0733,6.7531,0.57681564,0.55374302,6.7531,162.0733,0.55374302,6.7531,6.7531,6.7531,10.1296,10.1296,162.0733,0.55374302,40.5183,36.8459,128.3081,131.9805,0.43837989,0.4509272,0.02307263,26.6079,35.0529,21.1033,84.4132,84.4132,146.3435,4.0000,26.6079,,2.0439,16.3512,48.8493,61.3171,61.3171,61.3171,16.3512,-2.0439,3.75,3.75,1.627273,2,3,2,5,1.00000000,0.57681564,0.57681564,0E-8,0.000000,0.958101,0.000000,,2026-07-14,2026-07-17,2,2,2,4,0.500000,,1.000000,3.333333,,,,,,,,GLOBAL_BASELINE_NO_ENTITY_RANKING,,,NOT_APPLICABLE_GLOBAL_BASELINE,HF9g-P5,,,,X 全窗基线 · 不参与实体赏罚,6878906,688,A168_HF9F_20260827_0900,2026-08-27 09:00:00
2026-07-17,153015673,789,0,16.3512242979,15.5336630830,15.5336630830,1.0000000,1,1,0.50665070000000000,0.506650700000,0.9867858985152569,0.9867858985152569,0.9867858985152569,0E-17,ELIGIBLE,R03b_20260811_FULL_v1,L1_ELIGIBILITY,v2026-08-11,2026-03-21..2026-08-06,baccarat_bet02_101_all_pairs_incl_sentinel,round_win = game_pnl > 0 (decisive only),COMPATIBILITY_ONLY_NOT_PRODUCTION,292.6869,280.4235,168.8264,11,8,-0.57681564,-0.57681564,,-0.57681564,-168.8264,292.6869,THIN_EXPOSURE,0.0000,6.7531,4.0000,96.0000,AG03-UNRESOLVED,ALL5_LEVELS_bet23_to_bet27,6.7531,6.7531,6.7531,10.1296,10.1296,4.000000,4.000000,4.000000,6.000000,6.000000,96.000000,96.000000,96.000000,94.000000,94.000000,5.0,40.5183,36.8459,128.3081,131.9805,PENDING_AG03,FALSE,NOT_FOR_ENFORCEMENT,162.0733,269.2066,168.8264,162.0733,6.7531,0.57681564,0.55374302,6.7531,162.0733,0.55374302,6.7531,6.7531,6.7531,10.1296,10.1296,162.0733,0.55374302,40.5183,36.8459,128.3081,131.9805,0.43837989,0.4509272,0.02307263,26.6079,35.0529,21.1033,84.4132,84.4132,146.3435,4.0000,26.6079,,2.0439,16.3512,48.8493,61.3171,61.3171,61.3171,16.3512,-2.0439,3.75,3.75,1.627273,2,3,2,5,1.00000000,0.57681564,0.57681564,0E-8,0.000000,0.958101,0.000000,,2026-07-14,2026-07-17,2,2,2,4,0.500000,,1.000000,3.333333,,,,,,,,GLOBAL_BASELINE_NO_ENTITY_RANKING,,,NOT_APPLICABLE_GLOBAL_BASELINE,HF9g-P5,,,,X 全窗基线 · 不参与实体赏罚,6878907,688,A168_HF9F_20260827_0900,2026-08-27 09:00:00
2026-05-01,149407009,2123,0,25.9457215505,-25.9457215505,-25.9457215505,0E-7,1,1,0.50665070000000000,0.506650700000,-1.013391052207602,-1.013391052207602,-1.013391052207602,0E-17,ELIGIBLE,R03b_20260811_FULL_v1,L1_ELIGIBILITY,v2026-08-11,2026-03-21..2026-08-06,baccarat_bet02_101_all_pairs_incl_sentinel,round_win = game_pnl > 0 (decisive only),COMPATIBILITY_ONLY_NOT_PRODUCTION,167.0904,167.0904,167.0904,4,4,-1.00000000,,-1.00000000,-1.00000000,-167.0904,167.0904,THIN_EXPOSURE,0.0000,5.0127,3.0000,97.0000,AG03-UNRESOLVED,ALL5_LEVELS_bet23_to_bet27,5.0127,5.0127,5.0127,6.6836,6.6836,3.000000,3.000000,3.000000,4.000000,4.000000,97.000000,97.000000,97.000000,96.000000,96.000000,5.0,28.4054,26.5474,138.6851,140.543,PENDING_AG03,FALSE,NOT_FOR_ENFORCEMENT,162.0777,162.0777,167.0904,162.0777,5.0127,1.00000000,0.97000000,5.0127,162.0777,0.97000000,5.0127,5.0127,5.0127,6.6836,6.6836,162.0777,0.97000000,28.4054,26.5474,138.6851,140.543,0.83000000,0.84111944,0.03000000,41.7726,41.7726,41.7726,167.0904,41.7726,167.0904,4.0000,,41.7726,31.1349,44.1077,52.4104,52.9293,52.9293,52.9293,44.1077,-44.1077,1.2,1.2,0.947059,4,4,1,1,0E-8,1.00000000,,0E-8,0.000000,1.000000,0.000000,,2026-05-01,2026-05-01,1,4,4,1,1.000000,,,0.000000,,,,,,,,GLOBAL_BASELINE_NO_ENTITY_RANKING,,,NOT_APPLICABLE_GLOBAL_BASELINE,HF9g-P5,,,,X 全窗基线 · 不参与实体赏罚,6878908,688,A168_HF9F_20260827_0900,2026-08-27 09:00:00
2026-05-01,149407009,2222,0,51.8914431010,-51.8914431010,-51.8914431010,0E-7,1,1,0.50665070000000000,0.506650700000,-1.013391052207602,-1.013391052207602,-1.013391052207602,0E-17,ELIGIBLE,R03b_20260811_FULL_v1,L1_ELIGIBILITY,v2026-08-11,2026-03-21..2026-08-06,baccarat_bet02_101_all_pairs_incl_sentinel,round_win = game_pnl > 0 (decisive only),COMPATIBILITY_ONLY_NOT_PRODUCTION,167.0904,167.0904,167.0904,4,4,-1.00000000,,-1.00000000,-1.00000000,-167.0904,167.0904,THIN_EXPOSURE,0.0000,5.0127,3.0000,97.0000,AG03-UNRESOLVED,ALL5_LEVELS_bet23_to_bet27,5.0127,5.0127,5.0127,6.6836,6.6836,3.000000,3.000000,3.000000,4.000000,4.000000,97.000000,97.000000,97.000000,96.000000,96.000000,5.0,28.4054,26.5474,138.6851,140.543,PENDING_AG03,FALSE,NOT_FOR_ENFORCEMENT,162.0777,162.0777,167.0904,162.0777,5.0127,1.00000000,0.97000000,5.0127,162.0777,0.97000000,5.0127,5.0127,5.0127,6.6836,6.6836,162.0777,0.97000000,28.4054,26.5474,138.6851,140.543,0.83000000,0.84111944,0.03000000,41.7726,41.7726,41.7726,167.0904,41.7726,167.0904,4.0000,,41.7726,31.1349,44.1077,52.4104,52.9293,52.9293,52.9293,44.1077,-44.1077,1.2,1.2,0.947059,4,4,1,1,0E-8,1.00000000,,0E-8,0.000000,1.000000,0.000000,,2026-05-01,2026-05-01,1,4,4,1,1.000000,,,0.000000,,,,,,,,GLOBAL_BASELINE_NO_ENTITY_RANKING,,,NOT_APPLICABLE_GLOBAL_BASELINE,HF9g-P5,,,,X 全窗基线 · 不参与实体赏罚,6878909,688,A168_HF9F_20260827_0900,2026-08-27 09:00:00
2026-05-01,149407009,2251,0,36.3240101707,-36.3240101707,-36.3240101707,0E-7,1,1,0.50665070000000000,0.506650700000,-1.013391052207602,-1.013391052207602,-1.013391052207602,0E-17,ELIGIBLE,R03b_20260811_FULL_v1,L1_ELIGIBILITY,v2026-08-11,2026-03-21..2026-08-06,baccarat_bet02_101_all_pairs_incl_sentinel,round_win = game_pnl > 0 (decisive only),COMPATIBILITY_ONLY_NOT_PRODUCTION,167.0904,167.0904,167.0904,4,4,-1.00000000,,-1.00000000,-1.00000000,-167.0904,167.0904,THIN_EXPOSURE,0.0000,5.0127,3.0000,97.0000,AG03-UNRESOLVED,ALL5_LEVELS_bet23_to_bet27,5.0127,5.0127,5.0127,6.6836,6.6836,3.000000,3.000000,3.000000,4.000000,4.000000,97.000000,97.000000,97.000000,96.000000,96.000000,5.0,28.4054,26.5474,138.6851,140.543,PENDING_AG03,FALSE,NOT_FOR_ENFORCEMENT,162.0777,162.0777,167.0904,162.0777,5.0127,1.00000000,0.97000000,5.0127,162.0777,0.97000000,5.0127,5.0127,5.0127,6.6836,6.6836,162.0777,0.97000000,28.4054,26.5474,138.6851,140.543,0.83000000,0.84111944,0.03000000,41.7726,41.7726,41.7726,167.0904,41.7726,167.0904,4.0000,,41.7726,31.1349,44.1077,52.4104,52.9293,52.9293,52.9293,44.1077,-44.1077,1.2,1.2,0.947059,4,4,1,1,0E-8,1.00000000,,0E-8,0.000000,1.000000,0.000000,,2026-05-01,2026-05-01,1,4,4,1,1.000000,,,0.000000,,,,,,,,GLOBAL_BASELINE_NO_ENTITY_RANKING,,,NOT_APPLICABLE_GLOBAL_BASELINE,HF9g-P5,,,,X 全窗基线 · 不参与实体赏罚,6878910,688,A168_HF9F_20260827_0900,2026-08-27 09:00:00
2026-05-01,149407009,2261,0,52.9292719631,-52.9292719631,-52.9292719631,0E-7,1,1,0.50665070000000000,0.506650700000,-1.013391052207602,-1.013391052207602,-1.013391052207602,0E-17,ELIGIBLE,R03b_20260811_FULL_v1,L1_ELIGIBILITY,v2026-08-11,2026-03-21..2026-08-06,baccarat_bet02_101_all_pairs_incl_sentinel,round_win = game_pnl > 0 (decisive only),COMPATIBILITY_ONLY_NOT_PRODUCTION,167.0904,167.0904,167.0904,4,4,-1.00000000,,-1.00000000,-1.00000000,-167.0904,167.0904,THIN_EXPOSURE,0.0000,5.0127,3.0000,97.0000,AG03-UNRESOLVED,ALL5_LEVELS_bet23_to_bet27,5.0127,5.0127,5.0127,6.6836,6.6836,3.000000,3.000000,3.000000,4.000000,4.000000,97.000000,97.000000,97.000000,96.000000,96.000000,5.0,28.4054,26.5474,138.6851,140.543,PENDING_AG03,FALSE,NOT_FOR_ENFORCEMENT,162.0777,162.0777,167.0904,162.0777,5.0127,1.00000000,0.97000000,5.0127,162.0777,0.97000000,5.0127,5.0127,5.0127,6.6836,6.6836,162.0777,0.97000000,28.4054,26.5474,138.6851,140.543,0.83000000,0.84111944,0.03000000,41.7726,41.7726,41.7726,167.0904,41.7726,167.0904,4.0000,,41.7726,31.1349,44.1077,52.4104,52.9293,52.9293,52.9293,44.1077,-44.1077,1.2,1.2,0.947059,4,4,1,1,0E-8,1.00000000,,0E-8,0.000000,1.000000,0.000000,,2026-05-01,2026-05-01,1,4,4,1,1.000000,,,0.000000,,,,,,,,GLOBAL_BASELINE_NO_ENTITY_RANKING,,,NOT_APPLICABLE_GLOBAL_BASELINE,HF9g-P5,,,,X 全窗基线 · 不参与实体赏罚,6878911,688,A168_HF9F_20260827_0900,2026-08-27 09:00:00
2026-04-05,106460830,1094,0,104.7038190718,-104.7038190718,-104.7038190718,0E-7,2,2,0.49994810000000000,0.499948100000,-1.4140667746232096,-1.4140667746232096,-1.4140667746232096,0E-17,ELIGIBLE,R03b_20260811_FULL_v1,L1_ELIGIBILITY,v2026-08-11,2026-03-21..2026-08-06,baccarat_bet02_101_all_pairs_incl_sentinel,round_win = game_pnl > 0 (decisive only),COMPATIBILITY_ONLY_NOT_PRODUCTION,3436.9029,3201.3193,168.8349,106,106,-0.04912414,,-0.04912414,-0.04912414,-168.8349,3436.9029,OK,0.0000,6.7534,4.0000,96.0000,AG03-UNRESOLVED,ALL5_LEVELS_bet23_to_bet27,6.7534,6.7534,6.7534,6.7534,6.7534,4.000000,4.000000,4.000000,4.000000,4.000000,96.000000,96.000000,96.000000,96.000000,96.000000,5.0,33.7670,31.1715,135.0679,137.6634,PENDING_AG03,FALSE,NOT_FOR_ENFORCEMENT,162.0815,3073.2665,168.8349,162.0815,6.7534,0.04912414,0.04715918,6.7534,162.0815,0.04715918,6.7534,6.7534,6.7534,6.7534,6.7534,162.0815,0.04715918,33.7670,31.1715,135.0679,137.6634,0.03929931,0.04005449,0.00196497,32.4236,30.2011,1.5928,42.2087,4.6899,859.2257,26.5000,,32.4236,13.088,26.176,39.2639,64.131,104.7038,130.8798,26.176,0.0,4.0,5.0,1.238679,15,34,2,2,0E-8,0.04912414,,0E-8,0.000000,0.931455,0.000000,,2026-04-05,2026-04-26,4,36,30,22,0.181818,,,0.000000,,,,,,,,GLOBAL_BASELINE_NO_ENTITY_RANKING,,,NOT_APPLICABLE_GLOBAL_BASELINE,HF9g-P5,,,,X 全窗基线 · 不参与实体赏罚,6878912,688,A168_HF9F_20260827_0900,2026-08-27 09:00:00
2026-04-05,106460830,1109,0,52.3519095360,-1.3087977384,-1.3087977384,0.5000000,2,2,0.49994810000000000,0.499948100000,0.00014679536856514622,0.00014679536856514622,0.00014679536856514622,0E-17,ELIGIBLE,R03b_20260811_FULL_v1,L1_ELIGIBILITY,v2026-08-11,2026-03-21..2026-08-06,baccarat_bet02_101_all_pairs_incl_sentinel,round_win = game_pnl > 0 (decisive only),COMPATIBILITY_ONLY_NOT_PRODUCTION,3436.9029,3201.3193,168.8349,106,106,-0.04912414,,-0.04912414,-0.04912414,-168.8349,3436.9029,OK,0.0000,6.7534,4.0000,96.0000,AG03-UNRESOLVED,ALL5_LEVELS_bet23_to_bet27,6.7534,6.7534,6.7534,6.7534,6.7534,4.000000,4.000000,4.000000,4.000000,4.000000,96.000000,96.000000,96.000000,96.000000,96.000000,5.0,33.7670,31.1715,135.0679,137.6634,PENDING_AG03,FALSE,NOT_FOR_ENFORCEMENT,162.0815,3073.2665,168.8349,162.0815,6.7534,0.04912414,0.04715918,6.7534,162.0815,0.04715918,6.7534,6.7534,6.7534,6.7534,6.7534,162.0815,0.04715918,33.7670,31.1715,135.0679,137.6634,0.03929931,0.04005449,0.00196497,32.4236,30.2011,1.5928,42.2087,4.6899,859.2257,26.5000,,32.4236,13.088,26.176,39.2639,64.131,104.7038,130.8798,26.176,0.0,4.0,5.0,1.238679,15,34,2,2,0E-8,0.04912414,,0E-8,0.000000,0.931455,0.000000,,2026-04-05,2026-04-26,4,36,30,22,0.181818,,,0.000000,,,,,,,,GLOBAL_BASELINE_NO_ENTITY_RANKING,,,NOT_APPLICABLE_GLOBAL_BASELINE,HF9g-P5,,,,X 全窗基线 · 不参与实体赏罚,6878913,688,A168_HF9F_20260827_0900,2026-08-27 09:00:00
2026-04-05,106460830,1401,0,26.1759547680,26.1759547680,26.1759547680,1.0000000,1,1,0.49324550000000000,0.493245500000,1.01360149184955,1.01360149184955,1.01360149184955,0E-17,ELIGIBLE,R03b_20260811_FULL_v1,L1_ELIGIBILITY,v2026-08-11,2026-03-21..2026-08-06,baccarat_bet02_101_all_pairs_incl_sentinel,round_win = game_pnl > 0 (decisive only),COMPATIBILITY_ONLY_NOT_PRODUCTION,3436.9029,3201.3193,168.8349,106,106,-0.04912414,,-0.04912414,-0.04912414,-168.8349,3436.9029,OK,0.0000,6.7534,4.0000,96.0000,AG03-UNRESOLVED,ALL5_LEVELS_bet23_to_bet27,6.7534,6.7534,6.7534,6.7534,6.7534,4.000000,4.000000,4.000000,4.000000,4.000000,96.000000,96.000000,96.000000,96.000000,96.000000,5.0,33.7670,31.1715,135.0679,137.6634,PENDING_AG03,FALSE,NOT_FOR_ENFORCEMENT,162.0815,3073.2665,168.8349,162.0815,6.7534,0.04912414,0.04715918,6.7534,162.0815,0.04715918,6.7534,6.7534,6.7534,6.7534,6.7534,162.0815,0.04715918,33.7670,31.1715,135.0679,137.6634,0.03929931,0.04005449,0.00196497,32.4236,30.2011,1.5928,42.2087,4.6899,859.2257,26.5000,,32.4236,13.088,26.176,39.2639,64.131,104.7038,130.8798,26.176,0.0,4.0,5.0,1.238679,15,34,2,2,0E-8,0.04912414,,0E-8,0.000000,0.931455,0.000000,,2026-04-05,2026-04-26,4,36,30,22,0.181818,,,0.000000,,,,,,,,GLOBAL_BASELINE_NO_ENTITY_RANKING,,,NOT_APPLICABLE_GLOBAL_BASELINE,HF9g-P5,,,,X 全窗基线 · 不参与实体赏罚,6878914,688,A168_HF9F_20260827_0900,2026-08-27 09:00:00
2026-04-05,106460830,2123,0,418.8152762873,-78.5278643039,-78.5278643039,0.2500000,6,6,0.49324550000000000,0.493245500000,-0.9730707933947887,-0.9730707933947887,-0.9730707933947887,0E-17,ELIGIBLE,R03b_20260811_FULL_v1,L1_ELIGIBILITY,v2026-08-11,2026-03-21..2026-08-06,baccarat_bet02_101_all_pairs_incl_sentinel,round_win = game_pnl > 0 (decisive only),COMPATIBILITY_ONLY_NOT_PRODUCTION,3436.9029,3201.3193,168.8349,106,106,-0.04912414,,-0.04912414,-0.04912414,-168.8349,3436.9029,OK,0.0000,6.7534,4.0000,96.0000,AG03-UNRESOLVED,ALL5_LEVELS_bet23_to_bet27,6.7534,6.7534,6.7534,6.7534,6.7534,4.000000,4.000000,4.000000,4.000000,4.000000,96.000000,96.000000,96.000000,96.000000,96.000000,5.0,33.7670,31.1715,135.0679,137.6634,PENDING_AG03,FALSE,NOT_FOR_ENFORCEMENT,162.0815,3073.2665,168.8349,162.0815,6.7534,0.04912414,0.04715918,6.7534,162.0815,0.04715918,6.7534,6.7534,6.7534,6.7534,6.7534,162.0815,0.04715918,33.7670,31.1715,135.0679,137.6634,0.03929931,0.04005449,0.00196497,32.4236,30.2011,1.5928,42.2087,4.6899,859.2257,26.5000,,32.4236,13.088,26.176,39.2639,64.131,104.7038,130.8798,26.176,0.0,4.0,5.0,1.238679,15,34,2,2,0E-8,0.04912414,,0E-8,0.000000,0.931455,0.000000,,2026-04-05,2026-04-26,4,36,30,22,0.181818,,,0.000000,,,,,,,,GLOBAL_BASELINE_NO_ENTITY_RANKING,,,NOT_APPLICABLE_GLOBAL_BASELINE,HF9g-P5,,,,X 全窗基线 · 不参与实体赏罚,6878915,688,A168_HF9F_20260827_0900,2026-08-27 09:00:00
2026-04-05,106460830,2147,0,26.1759547680,-26.1759547680,-26.1759547680,0E-7,1,1,0.49324550000000000,0.493245500000,-0.9865810262130424,-0.9865810262130424,-0.9865810262130424,0E-17,ELIGIBLE,R03b_20260811_FULL_v1,L1_ELIGIBILITY,v2026-08-11,2026-03-21..2026-08-06,baccarat_bet02_101_all_pairs_incl_sentinel,round_win = game_pnl > 0 (decisive only),COMPATIBILITY_ONLY_NOT_PRODUCTION,3436.9029,3201.3193,168.8349,106,106,-0.04912414,,-0.04912414,-0.04912414,-168.8349,3436.9029,OK,0.0000,6.7534,4.0000,96.0000,AG03-UNRESOLVED,ALL5_LEVELS_bet23_to_bet27,6.7534,6.7534,6.7534,6.7534,6.7534,4.000000,4.000000,4.000000,4.000000,4.000000,96.000000,96.000000,96.000000,96.000000,96.000000,5.0,33.7670,31.1715,135.0679,137.6634,PENDING_AG03,FALSE,NOT_FOR_ENFORCEMENT,162.0815,3073.2665,168.8349,162.0815,6.7534,0.04912414,0.04715918,6.7534,162.0815,0.04715918,6.7534,6.7534,6.7534,6.7534,6.7534,162.0815,0.04715918,33.7670,31.1715,135.0679,137.6634,0.03929931,0.04005449,0.00196497,32.4236,30.2011,1.5928,42.2087,4.6899,859.2257,26.5000,,32.4236,13.088,26.176,39.2639,64.131,104.7038,130.8798,26.176,0.0,4.0,5.0,1.238679,15,34,2,2,0E-8,0.04912414,,0E-8,0.000000,0.931455,0.000000,,2026-04-05,2026-04-26,4,36,30,22,0.181818,,,0.000000,,,,,,,,GLOBAL_BASELINE_NO_ENTITY_RANKING,,,NOT_APPLICABLE_GLOBAL_BASELINE,HF9g-P5,,,,X 全窗基线 · 不参与实体赏罚,6878916,688,A168_HF9F_20260827_0900,2026-08-27 09:00:00
2026-04-05,106460830,2169,0,261.7595476797,-107.3214145487,-107.3214145487,0.3333333,6,6,0.50218230000000000,0.502182300000,-0.8271955028234007,-0.8271955028234007,-0.8271955028234007,0E-17,ELIGIBLE,R03b_20260811_FULL_v1,L1_ELIGIBILITY,v2026-08-11,2026-03-21..2026-08-06,baccarat_bet02_101_all_pairs_incl_sentinel,round_win = game_pnl > 0 (decisive only),COMPATIBILITY_ONLY_NOT_PRODUCTION,3436.9029,3201.3193,168.8349,106,106,-0.04912414,,-0.04912414,-0.04912414,-168.8349,3436.9029,OK,0.0000,6.7534,4.0000,96.0000,AG03-UNRESOLVED,ALL5_LEVELS_bet23_to_bet27,6.7534,6.7534,6.7534,6.7534,6.7534,4.000000,4.000000,4.000000,4.000000,4.000000,96.000000,96.000000,96.000000,96.000000,96.000000,5.0,33.7670,31.1715,135.0679,137.6634,PENDING_AG03,FALSE,NOT_FOR_ENFORCEMENT,162.0815,3073.2665,168.8349,162.0815,6.7534,0.04912414,0.04715918,6.7534,162.0815,0.04715918,6.7534,6.7534,6.7534,6.7534,6.7534,162.0815,0.04715918,33.7670,31.1715,135.0679,137.6634,0.03929931,0.04005449,0.00196497,32.4236,30.2011,1.5928,42.2087,4.6899,859.2257,26.5000,,32.4236,13.088,26.176,39.2639,64.131,104.7038,130.8798,26.176,0.0,4.0,5.0,1.238679,15,34,2,2,0E-8,0.04912414,,0E-8,0.000000,0.931455,0.000000,,2026-04-05,2026-04-26,4,36,30,22,0.181818,,,0.000000,,,,,,,,GLOBAL_BASELINE_NO_ENTITY_RANKING,,,NOT_APPLICABLE_GLOBAL_BASELINE,HF9g-P5,,,,X 全窗基线 · 不参与实体赏罚,6878917,688,A168_HF9F_20260827_0900,2026-08-27 09:00:00
2026-04-05,106460830,2218,0,26.1759547680,24.8671570296,24.8671570296,1.0000000,1,1,0.50665070000000000,0.506650700000,0.9867858985152569,0.9867858985152569,0.9867858985152569,0E-17,ELIGIBLE,R03b_20260811_FULL_v1,L1_ELIGIBILITY,v2026-08-11,2026-03-21..2026-08-06,baccarat_bet02_101_all_pairs_incl_sentinel,round_win = game_pnl > 0 (decisive only),COMPATIBILITY_ONLY_NOT_PRODUCTION,3436.9029,3201.3193,168.8349,106,106,-0.04912414,,-0.04912414,-0.04912414,-168.8349,3436.9029,OK,0.0000,6.7534,4.0000,96.0000,AG03-UNRESOLVED,ALL5_LEVELS_bet23_to_bet27,6.7534,6.7534,6.7534,6.7534,6.7534,4.000000,4.000000,4.000000,4.000000,4.000000,96.000000,96.000000,96.000000,96.000000,96.000000,5.0,33.7670,31.1715,135.0679,137.6634,PENDING_AG03,FALSE,NOT_FOR_ENFORCEMENT,162.0815,3073.2665,168.8349,162.0815,6.7534,0.04912414,0.04715918,6.7534,162.0815,0.04715918,6.7534,6.7534,6.7534,6.7534,6.7534,162.0815,0.04715918,33.7670,31.1715,135.0679,137.6634,0.03929931,0.04005449,0.00196497,32.4236,30.2011,1.5928,42.2087,4.6899,859.2257,26.5000,,32.4236,13.088,26.176,39.2639,64.131,104.7038,130.8798,26.176,0.0,4.0,5.0,1.238679,15,34,2,2,0E-8,0.04912414,,0E-8,0.000000,0.931455,0.000000,,2026-04-05,2026-04-26,4,36,30,22,0.181818,,,0.000000,,,,,,,,GLOBAL_BASELINE_NO_ENTITY_RANKING,,,NOT_APPLICABLE_GLOBAL_BASELINE,HF9g-P5,,,,X 全窗基线 · 不参与实体赏罚,6878918,688,A168_HF9F_20260827_0900,2026-08-27 09:00:00
2026-04-05,106460830,2233,0,327.1994345995,143.9677512237,143.9677512237,0.6666667,6,6,0.49771390000000000,0.497713900000,0.8277047895645219,0.8277047895645219,0.8277047895645219,0E-17,ELIGIBLE,R03b_20260811_FULL_v1,L1_ELIGIBILITY,v2026-08-11,2026-03-21..2026-08-06,baccarat_bet02_101_all_pairs_incl_sentinel,round_win = game_pnl > 0 (decisive only),COMPATIBILITY_ONLY_NOT_PRODUCTION,3436.9029,3201.3193,168.8349,106,106,-0.04912414,,-0.04912414,-0.04912414,-168.8349,3436.9029,OK,0.0000,6.7534,4.0000,96.0000,AG03-UNRESOLVED,ALL5_LEVELS_bet23_to_bet27,6.7534,6.7534,6.7534,6.7534,6.7534,4.000000,4.000000,4.000000,4.000000,4.000000,96.000000,96.000000,96.000000,96.000000,96.000000,5.0,33.7670,31.1715,135.0679,137.6634,PENDING_AG03,FALSE,NOT_FOR_ENFORCEMENT,162.0815,3073.2665,168.8349,162.0815,6.7534,0.04912414,0.04715918,6.7534,162.0815,0.04715918,6.7534,6.7534,6.7534,6.7534,6.7534,162.0815,0.04715918,33.7670,31.1715,135.0679,137.6634,0.03929931,0.04005449,0.00196497,32.4236,30.2011,1.5928,42.2087,4.6899,859.2257,26.5000,,32.4236,13.088,26.176,39.2639,64.131,104.7038,130.8798,26.176,0.0,4.0,5.0,1.238679,15,34,2,2,0E-8,0.04912414,,0E-8,0.000000,0.931455,0.000000,,2026-04-05,2026-04-26,4,36,30,22,0.181818,,,0.000000,,,,,,,,GLOBAL_BASELINE_NO_ENTITY_RANKING,,,NOT_APPLICABLE_GLOBAL_BASELINE,HF9g-P5,,,,X 全窗基线 · 不参与实体赏罚,6878919,688,A168_HF9F_20260827_0900,2026-08-27 09:00:00
2026-04-05,106460830,948,0,13.0879773840,-13.0879773840,-13.0879773840,0E-7,1,1,0.49324550000000000,0.493245500000,-0.9865810262130424,-0.9865810262130424,-0.9865810262130424,0E-17,ELIGIBLE,R03b_20260811_FULL_v1,L1_ELIGIBILITY,v2026-08-11,2026-03-21..2026-08-06,baccarat_bet02_101_all_pairs_incl_sentinel,round_win = game_pnl > 0 (decisive only),COMPATIBILITY_ONLY_NOT_PRODUCTION,3436.9029,3201.3193,168.8349,106,106,-0.04912414,,-0.04912414,-0.04912414,-168.8349,3436.9029,OK,0.0000,6.7534,4.0000,96.0000,AG03-UNRESOLVED,ALL5_LEVELS_bet23_to_bet27,6.7534,6.7534,6.7534,6.7534,6.7534,4.000000,4.000000,4.000000,4.000000,4.000000,96.000000,96.000000,96.000000,96.000000,96.000000,5.0,33.7670,31.1715,135.0679,137.6634,PENDING_AG03,FALSE,NOT_FOR_ENFORCEMENT,162.0815,3073.2665,168.8349,162.0815,6.7534,0.04912414,0.04715918,6.7534,162.0815,0.04715918,6.7534,6.7534,6.7534,6.7534,6.7534,162.0815,0.04715918,33.7670,31.1715,135.0679,137.6634,0.03929931,0.04005449,0.00196497,32.4236,30.2011,1.5928,42.2087,4.6899,859.2257,26.5000,,32.4236,13.088,26.176,39.2639,64.131,104.7038,130.8798,26.176,0.0,4.0,5.0,1.238679,15,34,2,2,0E-8,0.04912414,,0E-8,0.000000,0.931455,0.000000,,2026-04-05,2026-04-26,4,36,30,22,0.181818,,,0.000000,,,,,,,,GLOBAL_BASELINE_NO_ENTITY_RANKING,,,NOT_APPLICABLE_GLOBAL_BASELINE,HF9g-P5,,,,X 全窗基线 · 不参与实体赏罚,6878920,688,A168_HF9F_20260827_0900,2026-08-27 09:00:00
2026-04-05,106460830,970,0,130.8797738398,-79.8366620422,-79.8366620422,0.3333333,3,3,0.49771390000000000,0.497713900000,-0.5694369385616226,-0.5694369385616226,-0.5694369385616226,0E-17,ELIGIBLE,R03b_20260811_FULL_v1,L1_ELIGIBILITY,v2026-08-11,2026-03-21..2026-08-06,baccarat_bet02_101_all_pairs_incl_sentinel,round_win = game_pnl > 0 (decisive only),COMPATIBILITY_ONLY_NOT_PRODUCTION,3436.9029,3201.3193,168.8349,106,106,-0.04912414,,-0.04912414,-0.04912414,-168.8349,3436.9029,OK,0.0000,6.7534,4.0000,96.0000,AG03-UNRESOLVED,ALL5_LEVELS_bet23_to_bet27,6.7534,6.7534,6.7534,6.7534,6.7534,4.000000,4.000000,4.000000,4.000000,4.000000,96.000000,96.000000,96.000000,96.000000,96.000000,5.0,33.7670,31.1715,135.0679,137.6634,PENDING_AG03,FALSE,NOT_FOR_ENFORCEMENT,162.0815,3073.2665,168.8349,162.0815,6.7534,0.04912414,0.04715918,6.7534,162.0815,0.04715918,6.7534,6.7534,6.7534,6.7534,6.7534,162.0815,0.04715918,33.7670,31.1715,135.0679,137.6634,0.03929931,0.04005449,0.00196497,32.4236,30.2011,1.5928,42.2087,4.6899,859.2257,26.5000,,32.4236,13.088,26.176,39.2639,64.131,104.7038,130.8798,26.176,0.0,4.0,5.0,1.238679,15,34,2,2,0E-8,0.04912414,,0E-8,0.000000,0.931455,0.000000,,2026-04-05,2026-04-26,4,36,30,22,0.181818,,,0.000000,,,,,,,,GLOBAL_BASELINE_NO_ENTITY_RANKING,,,NOT_APPLICABLE_GLOBAL_BASELINE,HF9g-P5,,,,X 全窗基线 · 不参与实体赏罚,6878921,688,A168_HF9F_20260827_0900,2026-08-27 09:00:00
2026-04-12,106460830,1210,0,26.1759547680,26.1759547680,26.1759547680,1.0000000,1,1,0.49324550000000000,0.493245500000,1.01360149184955,1.01360149184955,1.01360149184955,0E-17,ELIGIBLE,R03b_20260811_FULL_v1,L1_ELIGIBILITY,v2026-08-11,2026-03-21..2026-08-06,baccarat_bet02_101_all_pairs_incl_sentinel,round_win = game_pnl > 0 (decisive only),COMPATIBILITY_ONLY_NOT_PRODUCTION,3436.9029,3201.3193,168.8349,106,106,-0.04912414,,-0.04912414,-0.04912414,-168.8349,3436.9029,OK,0.0000,6.7534,4.0000,96.0000,AG03-UNRESOLVED,ALL5_LEVELS_bet23_to_bet27,6.7534,6.7534,6.7534,6.7534,6.7534,4.000000,4.000000,4.000000,4.000000,4.000000,96.000000,96.000000,96.000000,96.000000,96.000000,5.0,33.7670,31.1715,135.0679,137.6634,PENDING_AG03,FALSE,NOT_FOR_ENFORCEMENT,162.0815,3073.2665,168.8349,162.0815,6.7534,0.04912414,0.04715918,6.7534,162.0815,0.04715918,6.7534,6.7534,6.7534,6.7534,6.7534,162.0815,0.04715918,33.7670,31.1715,135.0679,137.6634,0.03929931,0.04005449,0.00196497,32.4236,30.2011,1.5928,42.2087,4.6899,859.2257,26.5000,,32.4236,13.088,26.176,39.2639,64.131,104.7038,130.8798,26.176,0.0,4.0,5.0,1.238679,15,34,2,2,0E-8,0.04912414,,0E-8,0.000000,0.931455,0.000000,,2026-04-05,2026-04-26,4,36,30,22,0.181818,,,0.000000,,,,,,,,GLOBAL_BASELINE_NO_ENTITY_RANKING,,,NOT_APPLICABLE_GLOBAL_BASELINE,HF9g-P5,,,,X 全窗基线 · 不参与实体赏罚,6878922,688,A168_HF9F_20260827_0900,2026-08-27 09:00:00
2026-04-12,106460830,1304,0,52.3519095360,-1.3087977384,-1.3087977384,0.5000000,2,2,0.50665070000000000,0.506650700000,-0.018812684590367487,-0.018812684590367487,-0.018812684590367487,0E-17,ELIGIBLE,R03b_20260811_FULL_v1,L1_ELIGIBILITY,v2026-08-11,2026-03-21..2026-08-06,baccarat_bet02_101_all_pairs_incl_sentinel,round_win = game_pnl > 0 (decisive only),COMPATIBILITY_ONLY_NOT_PRODUCTION,3436.9029,3201.3193,168.8349,106,106,-0.04912414,,-0.04912414,-0.04912414,-168.8349,3436.9029,OK,0.0000,6.7534,4.0000,96.0000,AG03-UNRESOLVED,ALL5_LEVELS_bet23_to_bet27,6.7534,6.7534,6.7534,6.7534,6.7534,4.000000,4.000000,4.000000,4.000000,4.000000,96.000000,96.000000,96.000000,96.000000,96.000000,5.0,33.7670,31.1715,135.0679,137.6634,PENDING_AG03,FALSE,NOT_FOR_ENFORCEMENT,162.0815,3073.2665,168.8349,162.0815,6.7534,0.04912414,0.04715918,6.7534,162.0815,0.04715918,6.7534,6.7534,6.7534,6.7534,6.7534,162.0815,0.04715918,33.7670,31.1715,135.0679,137.6634,0.03929931,0.04005449,0.00196497,32.4236,30.2011,1.5928,42.2087,4.6899,859.2257,26.5000,,32.4236,13.088,26.176,39.2639,64.131,104.7038,130.8798,26.176,0.0,4.0,5.0,1.238679,15,34,2,2,0E-8,0.04912414,,0E-8,0.000000,0.931455,0.000000,,2026-04-05,2026-04-26,4,36,30,22,0.181818,,,0.000000,,,,,,,,GLOBAL_BASELINE_NO_ENTITY_RANKING,,,NOT_APPLICABLE_GLOBAL_BASELINE,HF9g-P5,,,,X 全窗基线 · 不参与实体赏罚,6878923,688,A168_HF9F_20260827_0900,2026-08-27 09:00:00
2026-04-12,106460830,1307,0,91.6158416879,-39.2639321519,-39.2639321519,0.3333333,3,3,0.50218230000000000,0.502182300000,-0.5849155494134425,-0.5849155494134426,-0.5849155494134425,0E-17,ELIGIBLE,R03b_20260811_FULL_v1,L1_ELIGIBILITY,v2026-08-11,2026-03-21..2026-08-06,baccarat_bet02_101_all_pairs_incl_sentinel,round_win = game_pnl > 0 (decisive only),COMPATIBILITY_ONLY_NOT_PRODUCTION,3436.9029,3201.3193,168.8349,106,106,-0.04912414,,-0.04912414,-0.04912414,-168.8349,3436.9029,OK,0.0000,6.7534,4.0000,96.0000,AG03-UNRESOLVED,ALL5_LEVELS_bet23_to_bet27,6.7534,6.7534,6.7534,6.7534,6.7534,4.000000,4.000000,4.000000,4.000000,4.000000,96.000000,96.000000,96.000000,96.000000,96.000000,5.0,33.7670,31.1715,135.0679,137.6634,PENDING_AG03,FALSE,NOT_FOR_ENFORCEMENT,162.0815,3073.2665,168.8349,162.0815,6.7534,0.04912414,0.04715918,6.7534,162.0815,0.04715918,6.7534,6.7534,6.7534,6.7534,6.7534,162.0815,0.04715918,33.7670,31.1715,135.0679,137.6634,0.03929931,0.04005449,0.00196497,32.4236,30.2011,1.5928,42.2087,4.6899,859.2257,26.5000,,32.4236,13.088,26.176,39.2639,64.131,104.7038,130.8798,26.176,0.0,4.0,5.0,1.238679,15,34,2,2,0E-8,0.04912414,,0E-8,0.000000,0.931455,0.000000,,2026-04-05,2026-04-26,4,36,30,22,0.181818,,,0.000000,,,,,,,,GLOBAL_BASELINE_NO_ENTITY_RANKING,,,NOT_APPLICABLE_GLOBAL_BASELINE,HF9g-P5,,,,X 全窗基线 · 不参与实体赏罚,6878924,688,A168_HF9F_20260827_0900,2026-08-27 09:00:00
2026-04-12,106460830,1385,0,39.2639321519,-39.2639321519,-39.2639321519,0E-7,1,1,0.50665070000000000,0.506650700000,-1.013391052207602,-1.013391052207602,-1.013391052207602,0E-17,ELIGIBLE,R03b_20260811_FULL_v1,L1_ELIGIBILITY,v2026-08-11,2026-03-21..2026-08-06,baccarat_bet02_101_all_pairs_incl_sentinel,round_win = game_pnl > 0 (decisive only),COMPATIBILITY_ONLY_NOT_PRODUCTION,3436.9029,3201.3193,168.8349,106,106,-0.04912414,,-0.04912414,-0.04912414,-168.8349,3436.9029,OK,0.0000,6.7534,4.0000,96.0000,AG03-UNRESOLVED,ALL5_LEVELS_bet23_to_bet27,6.7534,6.7534,6.7534,6.7534,6.7534,4.000000,4.000000,4.000000,4.000000,4.000000,96.000000,96.000000,96.000000,96.000000,96.000000,5.0,33.7670,31.1715,135.0679,137.6634,PENDING_AG03,FALSE,NOT_FOR_ENFORCEMENT,162.0815,3073.2665,168.8349,162.0815,6.7534,0.04912414,0.04715918,6.7534,162.0815,0.04715918,6.7534,6.7534,6.7534,6.7534,6.7534,162.0815,0.04715918,33.7670,31.1715,135.0679,137.6634,0.03929931,0.04005449,0.00196497,32.4236,30.2011,1.5928,42.2087,4.6899,859.2257,26.5000,,32.4236,13.088,26.176,39.2639,64.131,104.7038,130.8798,26.176,0.0,4.0,5.0,1.238679,15,34,2,2,0E-8,0.04912414,,0E-8,0.000000,0.931455,0.000000,,2026-04-05,2026-04-26,4,36,30,22,0.181818,,,0.000000,,,,,,,,GLOBAL_BASELINE_NO_ENTITY_RANKING,,,NOT_APPLICABLE_GLOBAL_BASELINE,HF9g-P5,,,,X 全窗基线 · 不参与实体赏罚,6878925,688,A168_HF9F_20260827_0900,2026-08-27 09:00:00
2026-04-12,106460830,2174,0,13.0879773840,-13.0879773840,-13.0879773840,0E-7,1,1,0.50665070000000000,0.506650700000,-1.013391052207602,-1.013391052207602,-1.013391052207602,0E-17,ELIGIBLE,R03b_20260811_FULL_v1,L1_ELIGIBILITY,v2026-08-11,2026-03-21..2026-08-06,baccarat_bet02_101_all_pairs_incl_sentinel,round_win = game_pnl > 0 (decisive only),COMPATIBILITY_ONLY_NOT_PRODUCTION,3436.9029,3201.3193,168.8349,106,106,-0.04912414,,-0.04912414,-0.04912414,-168.8349,3436.9029,OK,0.0000,6.7534,4.0000,96.0000,AG03-UNRESOLVED,ALL5_LEVELS_bet23_to_bet27,6.7534,6.7534,6.7534,6.7534,6.7534,4.000000,4.000000,4.000000,4.000000,4.000000,96.000000,96.000000,96.000000,96.000000,96.000000,5.0,33.7670,31.1715,135.0679,137.6634,PENDING_AG03,FALSE,NOT_FOR_ENFORCEMENT,162.0815,3073.2665,168.8349,162.0815,6.7534,0.04912414,0.04715918,6.7534,162.0815,0.04715918,6.7534,6.7534,6.7534,6.7534,6.7534,162.0815,0.04715918,33.7670,31.1715,135.0679,137.6634,0.03929931,0.04005449,0.00196497,32.4236,30.2011,1.5928,42.2087,4.6899,859.2257,26.5000,,32.4236,13.088,26.176,39.2639,64.131,104.7038,130.8798,26.176,0.0,4.0,5.0,1.238679,15,34,2,2,0E-8,0.04912414,,0E-8,0.000000,0.931455,0.000000,,2026-04-05,2026-04-26,4,36,30,22,0.181818,,,0.000000,,,,,,,,GLOBAL_BASELINE_NO_ENTITY_RANKING,,,NOT_APPLICABLE_GLOBAL_BASELINE,HF9g-P5,,,,X 全窗基线 · 不参与实体赏罚,6878926,688,A168_HF9F_20260827_0900,2026-08-27 09:00:00
2026-04-12,106460830,2196,0,117.7917964560,26.1759547680,26.1759547680,0.6666667,5,5,0.49860758000000000,0.498607580000,0.5821760110496081,0.5821760110496081,0.5821760110496081,0E-17,ELIGIBLE,R03b_20260811_FULL_v1,L1_ELIGIBILITY,v2026-08-11,2026-03-21..2026-08-06,baccarat_bet02_101_all_pairs_incl_sentinel,round_win = game_pnl > 0 (decisive only),COMPATIBILITY_ONLY_NOT_PRODUCTION,3436.9029,3201.3193,168.8349,106,106,-0.04912414,,-0.04912414,-0.04912414,-168.8349,3436.9029,OK,0.0000,6.7534,4.0000,96.0000,AG03-UNRESOLVED,ALL5_LEVELS_bet23_to_bet27,6.7534,6.7534,6.7534,6.7534,6.7534,4.000000,4.000000,4.000000,4.000000,4.000000,96.000000,96.000000,96.000000,96.000000,96.000000,5.0,33.7670,31.1715,135.0679,137.6634,PENDING_AG03,FALSE,NOT_FOR_ENFORCEMENT,162.0815,3073.2665,168.8349,162.0815,6.7534,0.04912414,0.04715918,6.7534,162.0815,0.04715918,6.7534,6.7534,6.7534,6.7534,6.7534,162.0815,0.04715918,33.7670,31.1715,135.0679,137.6634,0.03929931,0.04005449,0.00196497,32.4236,30.2011,1.5928,42.2087,4.6899,859.2257,26.5000,,32.4236,13.088,26.176,39.2639,64.131,104.7038,130.8798,26.176,0.0,4.0,5.0,1.238679,15,34,2,2,0E-8,0.04912414,,0E-8,0.000000,0.931455,0.000000,,2026-04-05,2026-04-26,4,36,30,22,0.181818,,,0.000000,,,,,,,,GLOBAL_BASELINE_NO_ENTITY_RANKING,,,NOT_APPLICABLE_GLOBAL_BASELINE,HF9g-P5,,,,X 全窗基线 · 不参与实体赏罚,6878927,688,A168_HF9F_20260827_0900,2026-08-27 09:00:00
2026-04-12,106460830,550,0,26.1759547680,-26.1759547680,-26.1759547680,0E-7,1,1,0.49324550000000000,0.493245500000,-0.9865810262130424,-0.9865810262130424,-0.9865810262130424,0E-17,ELIGIBLE,R03b_20260811_FULL_v1,L1_ELIGIBILITY,v2026-08-11,2026-03-21..2026-08-06,baccarat_bet02_101_all_pairs_incl_sentinel,round_win = game_pnl > 0 (decisive only),COMPATIBILITY_ONLY_NOT_PRODUCTION,3436.9029,3201.3193,168.8349,106,106,-0.04912414,,-0.04912414,-0.04912414,-168.8349,3436.9029,OK,0.0000,6.7534,4.0000,96.0000,AG03-UNRESOLVED,ALL5_LEVELS_bet23_to_bet27,6.7534,6.7534,6.7534,6.7534,6.7534,4.000000,4.000000,4.000000,4.000000,4.000000,96.000000,96.000000,96.000000,96.000000,96.000000,5.0,33.7670,31.1715,135.0679,137.6634,PENDING_AG03,FALSE,NOT_FOR_ENFORCEMENT,162.0815,3073.2665,168.8349,162.0815,6.7534,0.04912414,0.04715918,6.7534,162.0815,0.04715918,6.7534,6.7534,6.7534,6.7534,6.7534,162.0815,0.04715918,33.7670,31.1715,135.0679,137.6634,0.03929931,0.04005449,0.00196497,32.4236,30.2011,1.5928,42.2087,4.6899,859.2257,26.5000,,32.4236,13.088,26.176,39.2639,64.131,104.7038,130.8798,26.176,0.0,4.0,5.0,1.238679,15,34,2,2,0E-8,0.04912414,,0E-8,0.000000,0.931455,0.000000,,2026-04-05,2026-04-26,4,36,30,22,0.181818,,,0.000000,,,,,,,,GLOBAL_BASELINE_NO_ENTITY_RANKING,,,NOT_APPLICABLE_GLOBAL_BASELINE,HF9g-P5,,,,X 全窗基线 · 不参与实体赏罚,6878928,688,A168_HF9F_20260827_0900,2026-08-27 09:00:00
2026-04-12,106460830,970,0,117.7917964559,35.3375389369,35.3375389369,0.7500000,4,4,0.50665070000000000,0.506650700000,0.9734833216690844,0.9734833216690844,0.9734833216690844,0E-17,ELIGIBLE,R03b_20260811_FULL_v1,L1_ELIGIBILITY,v2026-08-11,2026-03-21..2026-08-06,baccarat_bet02_101_all_pairs_incl_sentinel,round_win = game_pnl > 0 (decisive only),COMPATIBILITY_ONLY_NOT_PRODUCTION,3436.9029,3201.3193,168.8349,106,106,-0.04912414,,-0.04912414,-0.04912414,-168.8349,3436.9029,OK,0.0000,6.7534,4.0000,96.0000,AG03-UNRESOLVED,ALL5_LEVELS_bet23_to_bet27,6.7534,6.7534,6.7534,6.7534,6.7534,4.000000,4.000000,4.000000,4.000000,4.000000,96.000000,96.000000,96.000000,96.000000,96.000000,5.0,33.7670,31.1715,135.0679,137.6634,PENDING_AG03,FALSE,NOT_FOR_ENFORCEMENT,162.0815,3073.2665,168.8349,162.0815,6.7534,0.04912414,0.04715918,6.7534,162.0815,0.04715918,6.7534,6.7534,6.7534,6.7534,6.7534,162.0815,0.04715918,33.7670,31.1715,135.0679,137.6634,0.03929931,0.04005449,0.00196497,32.4236,30.2011,1.5928,42.2087,4.6899,859.2257,26.5000,,32.4236,13.088,26.176,39.2639,64.131,104.7038,130.8798,26.176,0.0,4.0,5.0,1.238679,15,34,2,2,0E-8,0.04912414,,0E-8,0.000000,0.931455,0.000000,,2026-04-05,2026-04-26,4,36,30,22,0.181818,,,0.000000,,,,,,,,GLOBAL_BASELINE_NO_ENTITY_RANKING,,,NOT_APPLICABLE_GLOBAL_BASELINE,HF9g-P5,,,,X 全窗基线 · 不参与实体赏罚,6878929,688,A168_HF9F_20260827_0900,2026-08-27 09:00:00
2026-04-19,106460830,-1,1,130.8797738398,126.9533806246,126.9533806246,1.0000000,2,2,0.49994810000000000,0.499948100000,1.4143603653603398,1.4143603653603398,1.4143603653603398,0E-17,SENTINEL_DEALER,R03b_20260811_FULL_v1,L1_ELIGIBILITY,v2026-08-11,2026-03-21..2026-08-06,baccarat_bet02_101_all_pairs_incl_sentinel,round_win = game_pnl > 0 (decisive only),COMPATIBILITY_ONLY_NOT_PRODUCTION,3436.9029,3201.3193,168.8349,106,106,-0.04912414,,-0.04912414,-0.04912414,-168.8349,3436.9029,OK,0.0000,6.7534,4.0000,96.0000,AG03-UNRESOLVED,ALL5_LEVELS_bet23_to_bet27,6.7534,6.7534,6.7534,6.7534,6.7534,4.000000,4.000000,4.000000,4.000000,4.000000,96.000000,96.000000,96.000000,96.000000,96.000000,5.0,33.7670,31.1715,135.0679,137.6634,PENDING_AG03,FALSE,NOT_FOR_ENFORCEMENT,162.0815,3073.2665,168.8349,162.0815,6.7534,0.04912414,0.04715918,6.7534,162.0815,0.04715918,6.7534,6.7534,6.7534,6.7534,6.7534,162.0815,0.04715918,33.7670,31.1715,135.0679,137.6634,0.03929931,0.04005449,0.00196497,32.4236,30.2011,1.5928,42.2087,4.6899,859.2257,26.5000,,32.4236,13.088,26.176,39.2639,64.131,104.7038,130.8798,26.176,0.0,4.0,5.0,1.238679,15,34,2,2,0E-8,0.04912414,,0E-8,0.000000,0.931455,0.000000,,2026-04-05,2026-04-26,4,36,30,22,0.181818,,,0.000000,,,,,,,,GLOBAL_BASELINE_NO_ENTITY_RANKING,,,NOT_APPLICABLE_GLOBAL_BASELINE,HF9g-P5,,,,X 全窗基线 · 不参与实体赏罚,6878930,688,A168_HF9F_20260827_0900,2026-08-27 09:00:00
2026-04-19,106460830,1017,0,13.0879773840,-13.0879773840,-13.0879773840,0E-7,1,1,0.49324550000000000,0.493245500000,-0.9865810262130424,-0.9865810262130424,-0.9865810262130424,0E-17,ELIGIBLE,R03b_20260811_FULL_v1,L1_ELIGIBILITY,v2026-08-11,2026-03-21..2026-08-06,baccarat_bet02_101_all_pairs_incl_sentinel,round_win = game_pnl > 0 (decisive only),COMPATIBILITY_ONLY_NOT_PRODUCTION,3436.9029,3201.3193,168.8349,106,106,-0.04912414,,-0.04912414,-0.04912414,-168.8349,3436.9029,OK,0.0000,6.7534,4.0000,96.0000,AG03-UNRESOLVED,ALL5_LEVELS_bet23_to_bet27,6.7534,6.7534,6.7534,6.7534,6.7534,4.000000,4.000000,4.000000,4.000000,4.000000,96.000000,96.000000,96.000000,96.000000,96.000000,5.0,33.7670,31.1715,135.0679,137.6634,PENDING_AG03,FALSE,NOT_FOR_ENFORCEMENT,162.0815,3073.2665,168.8349,162.0815,6.7534,0.04912414,0.04715918,6.7534,162.0815,0.04715918,6.7534,6.7534,6.7534,6.7534,6.7534,162.0815,0.04715918,33.7670,31.1715,135.0679,137.6634,0.03929931,0.04005449,0.00196497,32.4236,30.2011,1.5928,42.2087,4.6899,859.2257,26.5000,,32.4236,13.088,26.176,39.2639,64.131,104.7038,130.8798,26.176,0.0,4.0,5.0,1.238679,15,34,2,2,0E-8,0.04912414,,0E-8,0.000000,0.931455,0.000000,,2026-04-05,2026-04-26,4,36,30,22,0.181818,,,0.000000,,,,,,,,GLOBAL_BASELINE_NO_ENTITY_RANKING,,,NOT_APPLICABLE_GLOBAL_BASELINE,HF9g-P5,,,,X 全窗基线 · 不参与实体赏罚,6878931,688,A168_HF9F_20260827_0900,2026-08-27 09:00:00
2026-04-19,106460830,1299,0,47.1167185823,-47.1167185823,-47.1167185823,0E-7,1,1,0.49324550000000000,0.493245500000,-0.9865810262130424,-0.9865810262130424,-0.9865810262130424,0E-17,ELIGIBLE,R03b_20260811_FULL_v1,L1_ELIGIBILITY,v2026-08-11,2026-03-21..2026-08-06,baccarat_bet02_101_all_pairs_incl_sentinel,round_win = game_pnl > 0 (decisive only),COMPATIBILITY_ONLY_NOT_PRODUCTION,3436.9029,3201.3193,168.8349,106,106,-0.04912414,,-0.04912414,-0.04912414,-168.8349,3436.9029,OK,0.0000,6.7534,4.0000,96.0000,AG03-UNRESOLVED,ALL5_LEVELS_bet23_to_bet27,6.7534,6.7534,6.7534,6.7534,6.7534,4.000000,4.000000,4.000000,4.000000,4.000000,96.000000,96.000000,96.000000,96.000000,96.000000,5.0,33.7670,31.1715,135.0679,137.6634,PENDING_AG03,FALSE,NOT_FOR_ENFORCEMENT,162.0815,3073.2665,168.8349,162.0815,6.7534,0.04912414,0.04715918,6.7534,162.0815,0.04715918,6.7534,6.7534,6.7534,6.7534,6.7534,162.0815,0.04715918,33.7670,31.1715,135.0679,137.6634,0.03929931,0.04005449,0.00196497,32.4236,30.2011,1.5928,42.2087,4.6899,859.2257,26.5000,,32.4236,13.088,26.176,39.2639,64.131,104.7038,130.8798,26.176,0.0,4.0,5.0,1.238679,15,34,2,2,0E-8,0.04912414,,0E-8,0.000000,0.931455,0.000000,,2026-04-05,2026-04-26,4,36,30,22,0.181818,,,0.000000,,,,,,,,GLOBAL_BASELINE_NO_ENTITY_RANKING,,,NOT_APPLICABLE_GLOBAL_BASELINE,HF9g-P5,,,,X 全窗基线 · 不参与实体赏罚,6878932,688,A168_HF9F_20260827_0900,2026-08-27 09:00:00
2026-04-19,106460830,1304,0,13.0879773840,-13.0879773840,-13.0879773840,0E-7,1,1,0.49324550000000000,0.493245500000,-0.9865810262130424,-0.9865810262130424,-0.9865810262130424,0E-17,ELIGIBLE,R03b_20260811_FULL_v1,L1_ELIGIBILITY,v2026-08-11,2026-03-21..2026-08-06,baccarat_bet02_101_all_pairs_incl_sentinel,round_win = game_pnl > 0 (decisive only),COMPATIBILITY_ONLY_NOT_PRODUCTION,3436.9029,3201.3193,168.8349,106,106,-0.04912414,,-0.04912414,-0.04912414,-168.8349,3436.9029,OK,0.0000,6.7534,4.0000,96.0000,AG03-UNRESOLVED,ALL5_LEVELS_bet23_to_bet27,6.7534,6.7534,6.7534,6.7534,6.7534,4.000000,4.000000,4.000000,4.000000,4.000000,96.000000,96.000000,96.000000,96.000000,96.000000,5.0,33.7670,31.1715,135.0679,137.6634,PENDING_AG03,FALSE,NOT_FOR_ENFORCEMENT,162.0815,3073.2665,168.8349,162.0815,6.7534,0.04912414,0.04715918,6.7534,162.0815,0.04715918,6.7534,6.7534,6.7534,6.7534,6.7534,162.0815,0.04715918,33.7670,31.1715,135.0679,137.6634,0.03929931,0.04005449,0.00196497,32.4236,30.2011,1.5928,42.2087,4.6899,859.2257,26.5000,,32.4236,13.088,26.176,39.2639,64.131,104.7038,130.8798,26.176,0.0,4.0,5.0,1.238679,15,34,2,2,0E-8,0.04912414,,0E-8,0.000000,0.931455,0.000000,,2026-04-05,2026-04-26,4,36,30,22,0.181818,,,0.000000,,,,,,,,GLOBAL_BASELINE_NO_ENTITY_RANKING,,,NOT_APPLICABLE_GLOBAL_BASELINE,HF9g-P5,,,,X 全窗基线 · 不参与实体赏罚,6878933,688,A168_HF9F_20260827_0900,2026-08-27 09:00:00
2026-04-19,106460830,1325,0,157.0557286079,-29.4479491139,-29.4479491139,0.5714286,7,7,0.50473567142857143,0.504735671429,0.35292148522900274,0.3529214852267378,0.35292148522900274,-4.2857E-13,ELIGIBLE,R03b_20260811_FULL_v1,L1_ELIGIBILITY,v2026-08-11,2026-03-21..2026-08-06,baccarat_bet02_101_all_pairs_incl_sentinel,round_win = game_pnl > 0 (decisive only),COMPATIBILITY_ONLY_NOT_PRODUCTION,3436.9029,3201.3193,168.8349,106,106,-0.04912414,,-0.04912414,-0.04912414,-168.8349,3436.9029,OK,0.0000,6.7534,4.0000,96.0000,AG03-UNRESOLVED,ALL5_LEVELS_bet23_to_bet27,6.7534,6.7534,6.7534,6.7534,6.7534,4.000000,4.000000,4.000000,4.000000,4.000000,96.000000,96.000000,96.000000,96.000000,96.000000,5.0,33.7670,31.1715,135.0679,137.6634,PENDING_AG03,FALSE,NOT_FOR_ENFORCEMENT,162.0815,3073.2665,168.8349,162.0815,6.7534,0.04912414,0.04715918,6.7534,162.0815,0.04715918,6.7534,6.7534,6.7534,6.7534,6.7534,162.0815,0.04715918,33.7670,31.1715,135.0679,137.6634,0.03929931,0.04005449,0.00196497,32.4236,30.2011,1.5928,42.2087,4.6899,859.2257,26.5000,,32.4236,13.088,26.176,39.2639,64.131,104.7038,130.8798,26.176,0.0,4.0,5.0,1.238679,15,34,2,2,0E-8,0.04912414,,0E-8,0.000000,0.931455,0.000000,,2026-04-05,2026-04-26,4,36,30,22,0.181818,,,0.000000,,,,,,,,GLOBAL_BASELINE_NO_ENTITY_RANKING,,,NOT_APPLICABLE_GLOBAL_BASELINE,HF9g-P5,,,,X 全窗基线 · 不参与实体赏罚,6878934,688,A168_HF9F_20260827_0900,2026-08-27 09:00:00
2026-04-19,106460830,1330,0,91.6158416879,-13.0879773839,-13.0879773839,0.5000000,4,4,0.49659680000000000,0.496596800000,0.013613115331600182,0.013613115331600183,0.013613115331600182,0E-17,ELIGIBLE,R03b_20260811_FULL_v1,L1_ELIGIBILITY,v2026-08-11,2026-03-21..2026-08-06,baccarat_bet02_101_all_pairs_incl_sentinel,round_win = game_pnl > 0 (decisive only),COMPATIBILITY_ONLY_NOT_PRODUCTION,3436.9029,3201.3193,168.8349,106,106,-0.04912414,,-0.04912414,-0.04912414,-168.8349,3436.9029,OK,0.0000,6.7534,4.0000,96.0000,AG03-UNRESOLVED,ALL5_LEVELS_bet23_to_bet27,6.7534,6.7534,6.7534,6.7534,6.7534,4.000000,4.000000,4.000000,4.000000,4.000000,96.000000,96.000000,96.000000,96.000000,96.000000,5.0,33.7670,31.1715,135.0679,137.6634,PENDING_AG03,FALSE,NOT_FOR_ENFORCEMENT,162.0815,3073.2665,168.8349,162.0815,6.7534,0.04912414,0.04715918,6.7534,162.0815,0.04715918,6.7534,6.7534,6.7534,6.7534,6.7534,162.0815,0.04715918,33.7670,31.1715,135.0679,137.6634,0.03929931,0.04005449,0.00196497,32.4236,30.2011,1.5928,42.2087,4.6899,859.2257,26.5000,,32.4236,13.088,26.176,39.2639,64.131,104.7038,130.8798,26.176,0.0,4.0,5.0,1.238679,15,34,2,2,0E-8,0.04912414,,0E-8,0.000000,0.931455,0.000000,,2026-04-05,2026-04-26,4,36,30,22,0.181818,,,0.000000,,,,,,,,GLOBAL_BASELINE_NO_ENTITY_RANKING,,,NOT_APPLICABLE_GLOBAL_BASELINE,HF9g-P5,,,,X 全窗基线 · 不参与实体赏罚,6878935,688,A168_HF9F_20260827_0900,2026-08-27 09:00:00
2026-04-19,106460830,1702,0,13.0879773840,12.4335785148,12.4335785148,1.0000000,1,1,0.50665070000000000,0.506650700000,0.9867858985152569,0.9867858985152569,0.9867858985152569,0E-17,ELIGIBLE,R03b_20260811_FULL_v1,L1_ELIGIBILITY,v2026-08-11,2026-03-21..2026-08-06,baccarat_bet02_101_all_pairs_incl_sentinel,round_win = game_pnl > 0 (decisive only),COMPATIBILITY_ONLY_NOT_PRODUCTION,3436.9029,3201.3193,168.8349,106,106,-0.04912414,,-0.04912414,-0.04912414,-168.8349,3436.9029,OK,0.0000,6.7534,4.0000,96.0000,AG03-UNRESOLVED,ALL5_LEVELS_bet23_to_bet27,6.7534,6.7534,6.7534,6.7534,6.7534,4.000000,4.000000,4.000000,4.000000,4.000000,96.000000,96.000000,96.000000,96.000000,96.000000,5.0,33.7670,31.1715,135.0679,137.6634,PENDING_AG03,FALSE,NOT_FOR_ENFORCEMENT,162.0815,3073.2665,168.8349,162.0815,6.7534,0.04912414,0.04715918,6.7534,162.0815,0.04715918,6.7534,6.7534,6.7534,6.7534,6.7534,162.0815,0.04715918,33.7670,31.1715,135.0679,137.6634,0.03929931,0.04005449,0.00196497,32.4236,30.2011,1.5928,42.2087,4.6899,859.2257,26.5000,,32.4236,13.088,26.176,39.2639,64.131,104.7038,130.8798,26.176,0.0,4.0,5.0,1.238679,15,34,2,2,0E-8,0.04912414,,0E-8,0.000000,0.931455,0.000000,,2026-04-05,2026-04-26,4,36,30,22,0.181818,,,0.000000,,,,,,,,GLOBAL_BASELINE_NO_ENTITY_RANKING,,,NOT_APPLICABLE_GLOBAL_BASELINE,HF9g-P5,,,,X 全窗基线 · 不参与实体赏罚,6878936,688,A168_HF9F_20260827_0900,2026-08-27 09:00:00
2026-04-19,106460830,1941,0,104.7038190720,51.0431117976,51.0431117976,0.7500000,4,4,0.49994810000000000,0.499948100000,1.0002076053883384,1.0002076053883384,1.0002076053883384,0E-17,ELIGIBLE,R03b_20260811_FULL_v1,L1_ELIGIBILITY,v2026-08-11,2026-03-21..2026-08-06,baccarat_bet02_101_all_pairs_incl_sentinel,round_win = game_pnl > 0 (decisive only),COMPATIBILITY_ONLY_NOT_PRODUCTION,3436.9029,3201.3193,168.8349,106,106,-0.04912414,,-0.04912414,-0.04912414,-168.8349,3436.9029,OK,0.0000,6.7534,4.0000,96.0000,AG03-UNRESOLVED,ALL5_LEVELS_bet23_to_bet27,6.7534,6.7534,6.7534,6.7534,6.7534,4.000000,4.000000,4.000000,4.000000,4.000000,96.000000,96.000000,96.000000,96.000000,96.000000,5.0,33.7670,31.1715,135.0679,137.6634,PENDING_AG03,FALSE,NOT_FOR_ENFORCEMENT,162.0815,3073.2665,168.8349,162.0815,6.7534,0.04912414,0.04715918,6.7534,162.0815,0.04715918,6.7534,6.7534,6.7534,6.7534,6.7534,162.0815,0.04715918,33.7670,31.1715,135.0679,137.6634,0.03929931,0.04005449,0.00196497,32.4236,30.2011,1.5928,42.2087,4.6899,859.2257,26.5000,,32.4236,13.088,26.176,39.2639,64.131,104.7038,130.8798,26.176,0.0,4.0,5.0,1.238679,15,34,2,2,0E-8,0.04912414,,0E-8,0.000000,0.931455,0.000000,,2026-04-05,2026-04-26,4,36,30,22,0.181818,,,0.000000,,,,,,,,GLOBAL_BASELINE_NO_ENTITY_RANKING,,,NOT_APPLICABLE_GLOBAL_BASELINE,HF9g-P5,,,,X 全窗基线 · 不参与实体赏罚,6878937,688,A168_HF9F_20260827_0900,2026-08-27 09:00:00
2026-04-19,106460830,1942,0,26.1759547680,-0.6543988692,-0.6543988692,0.5000000,2,2,0.50665070000000000,0.506650700000,-0.018812684590367487,-0.018812684590367487,-0.018812684590367487,0E-17,ELIGIBLE,R03b_20260811_FULL_v1,L1_ELIGIBILITY,v2026-08-11,2026-03-21..2026-08-06,baccarat_bet02_101_all_pairs_incl_sentinel,round_win = game_pnl > 0 (decisive only),COMPATIBILITY_ONLY_NOT_PRODUCTION,3436.9029,3201.3193,168.8349,106,106,-0.04912414,,-0.04912414,-0.04912414,-168.8349,3436.9029,OK,0.0000,6.7534,4.0000,96.0000,AG03-UNRESOLVED,ALL5_LEVELS_bet23_to_bet27,6.7534,6.7534,6.7534,6.7534,6.7534,4.000000,4.000000,4.000000,4.000000,4.000000,96.000000,96.000000,96.000000,96.000000,96.000000,5.0,33.7670,31.1715,135.0679,137.6634,PENDING_AG03,FALSE,NOT_FOR_ENFORCEMENT,162.0815,3073.2665,168.8349,162.0815,6.7534,0.04912414,0.04715918,6.7534,162.0815,0.04715918,6.7534,6.7534,6.7534,6.7534,6.7534,162.0815,0.04715918,33.7670,31.1715,135.0679,137.6634,0.03929931,0.04005449,0.00196497,32.4236,30.2011,1.5928,42.2087,4.6899,859.2257,26.5000,,32.4236,13.088,26.176,39.2639,64.131,104.7038,130.8798,26.176,0.0,4.0,5.0,1.238679,15,34,2,2,0E-8,0.04912414,,0E-8,0.000000,0.931455,0.000000,,2026-04-05,2026-04-26,4,36,30,22,0.181818,,,0.000000,,,,,,,,GLOBAL_BASELINE_NO_ENTITY_RANKING,,,NOT_APPLICABLE_GLOBAL_BASELINE,HF9g-P5,,,,X 全窗基线 · 不参与实体赏罚,6878938,688,A168_HF9F_20260827_0900,2026-08-27 09:00:00
2026-04-19,106460830,1963,0,65.4398869199,-65.4398869199,-65.4398869199,0E-7,1,1,0.49324550000000000,0.493245500000,-0.9865810262130424,-0.9865810262130424,-0.9865810262130424,0E-17,ELIGIBLE,R03b_20260811_FULL_v1,L1_ELIGIBILITY,v2026-08-11,2026-03-21..2026-08-06,baccarat_bet02_101_all_pairs_incl_sentinel,round_win = game_pnl > 0 (decisive only),COMPATIBILITY_ONLY_NOT_PRODUCTION,3436.9029,3201.3193,168.8349,106,106,-0.04912414,,-0.04912414,-0.04912414,-168.8349,3436.9029,OK,0.0000,6.7534,4.0000,96.0000,AG03-UNRESOLVED,ALL5_LEVELS_bet23_to_bet27,6.7534,6.7534,6.7534,6.7534,6.7534,4.000000,4.000000,4.000000,4.000000,4.000000,96.000000,96.000000,96.000000,96.000000,96.000000,5.0,33.7670,31.1715,135.0679,137.6634,PENDING_AG03,FALSE,NOT_FOR_ENFORCEMENT,162.0815,3073.2665,168.8349,162.0815,6.7534,0.04912414,0.04715918,6.7534,162.0815,0.04715918,6.7534,6.7534,6.7534,6.7534,6.7534,162.0815,0.04715918,33.7670,31.1715,135.0679,137.6634,0.03929931,0.04005449,0.00196497,32.4236,30.2011,1.5928,42.2087,4.6899,859.2257,26.5000,,32.4236,13.088,26.176,39.2639,64.131,104.7038,130.8798,26.176,0.0,4.0,5.0,1.238679,15,34,2,2,0E-8,0.04912414,,0E-8,0.000000,0.931455,0.000000,,2026-04-05,2026-04-26,4,36,30,22,0.181818,,,0.000000,,,,,,,,GLOBAL_BASELINE_NO_ENTITY_RANKING,,,NOT_APPLICABLE_GLOBAL_BASELINE,HF9g-P5,,,,X 全窗基线 · 不参与实体赏罚,6878939,688,A168_HF9F_20260827_0900,2026-08-27 09:00:00
2026-04-19,106460830,2080,0,26.1759547680,13.0879773840,13.0879773840,1.0000000,2,2,0.49994810000000000,0.499948100000,1.0001038053877793,1.0001038053877793,1.0001038053877793,0E-17,ELIGIBLE,R03b_20260811_FULL_v1,L1_ELIGIBILITY,v2026-08-11,2026-03-21..2026-08-06,baccarat_bet02_101_all_pairs_incl_sentinel,round_win = game_pnl > 0 (decisive only),COMPATIBILITY_ONLY_NOT_PRODUCTION,3436.9029,3201.3193,168.8349,106,106,-0.04912414,,-0.04912414,-0.04912414,-168.8349,3436.9029,OK,0.0000,6.7534,4.0000,96.0000,AG03-UNRESOLVED,ALL5_LEVELS_bet23_to_bet27,6.7534,6.7534,6.7534,6.7534,6.7534,4.000000,4.000000,4.000000,4.000000,4.000000,96.000000,96.000000,96.000000,96.000000,96.000000,5.0,33.7670,31.1715,135.0679,137.6634,PENDING_AG03,FALSE,NOT_FOR_ENFORCEMENT,162.0815,3073.2665,168.8349,162.0815,6.7534,0.04912414,0.04715918,6.7534,162.0815,0.04715918,6.7534,6.7534,6.7534,6.7534,6.7534,162.0815,0.04715918,33.7670,31.1715,135.0679,137.6634,0.03929931,0.04005449,0.00196497,32.4236,30.2011,1.5928,42.2087,4.6899,859.2257,26.5000,,32.4236,13.088,26.176,39.2639,64.131,104.7038,130.8798,26.176,0.0,4.0,5.0,1.238679,15,34,2,2,0E-8,0.04912414,,0E-8,0.000000,0.931455,0.000000,,2026-04-05,2026-04-26,4,36,30,22,0.181818,,,0.000000,,,,,,,,GLOBAL_BASELINE_NO_ENTITY_RANKING,,,NOT_APPLICABLE_GLOBAL_BASELINE,HF9g-P5,,,,X 全窗基线 · 不参与实体赏罚,6878940,688,A168_HF9F_20260827_0900,2026-08-27 09:00:00
2026-04-19,106460830,2141,0,78.5278643040,0E-10,0E-10,0.4000000,5,5,0.49860758000000000,0.498607580000,-0.440988213962219,-0.440988213962219,-0.440988213962219,0E-17,ELIGIBLE,R03b_20260811_FULL_v1,L1_ELIGIBILITY,v2026-08-11,2026-03-21..2026-08-06,baccarat_bet02_101_all_pairs_incl_sentinel,round_win = game_pnl > 0 (decisive only),COMPATIBILITY_ONLY_NOT_PRODUCTION,3436.9029,3201.3193,168.8349,106,106,-0.04912414,,-0.04912414,-0.04912414,-168.8349,3436.9029,OK,0.0000,6.7534,4.0000,96.0000,AG03-UNRESOLVED,ALL5_LEVELS_bet23_to_bet27,6.7534,6.7534,6.7534,6.7534,6.7534,4.000000,4.000000,4.000000,4.000000,4.000000,96.000000,96.000000,96.000000,96.000000,96.000000,5.0,33.7670,31.1715,135.0679,137.6634,PENDING_AG03,FALSE,NOT_FOR_ENFORCEMENT,162.0815,3073.2665,168.8349,162.0815,6.7534,0.04912414,0.04715918,6.7534,162.0815,0.04715918,6.7534,6.7534,6.7534,6.7534,6.7534,162.0815,0.04715918,33.7670,31.1715,135.0679,137.6634,0.03929931,0.04005449,0.00196497,32.4236,30.2011,1.5928,42.2087,4.6899,859.2257,26.5000,,32.4236,13.088,26.176,39.2639,64.131,104.7038,130.8798,26.176,0.0,4.0,5.0,1.238679,15,34,2,2,0E-8,0.04912414,,0E-8,0.000000,0.931455,0.000000,,2026-04-05,2026-04-26,4,36,30,22,0.181818,,,0.000000,,,,,,,,GLOBAL_BASELINE_NO_ENTITY_RANKING,,,NOT_APPLICABLE_GLOBAL_BASELINE,HF9g-P5,,,,X 全窗基线 · 不参与实体赏罚,6878941,688,A168_HF9F_20260827_0900,2026-08-27 09:00:00
2026-04-19,106460830,2169,0,130.8797738400,22.9039604220,22.9039604220,0.6250000,8,8,0.50162375000000000,0.501623750000,0.6979251443573454,0.6979251443573454,0.6979251443573454,0E-17,ELIGIBLE,R03b_20260811_FULL_v1,L1_ELIGIBILITY,v2026-08-11,2026-03-21..2026-08-06,baccarat_bet02_101_all_pairs_incl_sentinel,round_win = game_pnl > 0 (decisive only),COMPATIBILITY_ONLY_NOT_PRODUCTION,3436.9029,3201.3193,168.8349,106,106,-0.04912414,,-0.04912414,-0.04912414,-168.8349,3436.9029,OK,0.0000,6.7534,4.0000,96.0000,AG03-UNRESOLVED,ALL5_LEVELS_bet23_to_bet27,6.7534,6.7534,6.7534,6.7534,6.7534,4.000000,4.000000,4.000000,4.000000,4.000000,96.000000,96.000000,96.000000,96.000000,96.000000,5.0,33.7670,31.1715,135.0679,137.6634,PENDING_AG03,FALSE,NOT_FOR_ENFORCEMENT,162.0815,3073.2665,168.8349,162.0815,6.7534,0.04912414,0.04715918,6.7534,162.0815,0.04715918,6.7534,6.7534,6.7534,6.7534,6.7534,162.0815,0.04715918,33.7670,31.1715,135.0679,137.6634,0.03929931,0.04005449,0.00196497,32.4236,30.2011,1.5928,42.2087,4.6899,859.2257,26.5000,,32.4236,13.088,26.176,39.2639,64.131,104.7038,130.8798,26.176,0.0,4.0,5.0,1.238679,15,34,2,2,0E-8,0.04912414,,0E-8,0.000000,0.931455,0.000000,,2026-04-05,2026-04-26,4,36,30,22,0.181818,,,0.000000,,,,,,,,GLOBAL_BASELINE_NO_ENTITY_RANKING,,,NOT_APPLICABLE_GLOBAL_BASELINE,HF9g-P5,,,,X 全窗基线 · 不参与实体赏罚,6878942,688,A168_HF9F_20260827_0900,2026-08-27 09:00:00
2026-04-19,106460830,2177,0,78.5278643039,78.5278643039,78.5278643039,1.0000000,1,1,0.49324550000000000,0.493245500000,1.01360149184955,1.01360149184955,1.01360149184955,0E-17,ELIGIBLE,R03b_20260811_FULL_v1,L1_ELIGIBILITY,v2026-08-11,2026-03-21..2026-08-06,baccarat_bet02_101_all_pairs_incl_sentinel,round_win = game_pnl > 0 (decisive only),COMPATIBILITY_ONLY_NOT_PRODUCTION,3436.9029,3201.3193,168.8349,106,106,-0.04912414,,-0.04912414,-0.04912414,-168.8349,3436.9029,OK,0.0000,6.7534,4.0000,96.0000,AG03-UNRESOLVED,ALL5_LEVELS_bet23_to_bet27,6.7534,6.7534,6.7534,6.7534,6.7534,4.000000,4.000000,4.000000,4.000000,4.000000,96.000000,96.000000,96.000000,96.000000,96.000000,5.0,33.7670,31.1715,135.0679,137.6634,PENDING_AG03,FALSE,NOT_FOR_ENFORCEMENT,162.0815,3073.2665,168.8349,162.0815,6.7534,0.04912414,0.04715918,6.7534,162.0815,0.04715918,6.7534,6.7534,6.7534,6.7534,6.7534,162.0815,0.04715918,33.7670,31.1715,135.0679,137.6634,0.03929931,0.04005449,0.00196497,32.4236,30.2011,1.5928,42.2087,4.6899,859.2257,26.5000,,32.4236,13.088,26.176,39.2639,64.131,104.7038,130.8798,26.176,0.0,4.0,5.0,1.238679,15,34,2,2,0E-8,0.04912414,,0E-8,0.000000,0.931455,0.000000,,2026-04-05,2026-04-26,4,36,30,22,0.181818,,,0.000000,,,,,,,,GLOBAL_BASELINE_NO_ENTITY_RANKING,,,NOT_APPLICABLE_GLOBAL_BASELINE,HF9g-P5,,,,X 全窗基线 · 不参与实体赏罚,6878943,688,A168_HF9F_20260827_0900,2026-08-27 09:00:00
2026-04-19,106460830,2222,0,13.0879773840,-13.0879773840,-13.0879773840,0E-7,1,1,0.49324550000000000,0.493245500000,-0.9865810262130424,-0.9865810262130424,-0.9865810262130424,0E-17,ELIGIBLE,R03b_20260811_FULL_v1,L1_ELIGIBILITY,v2026-08-11,2026-03-21..2026-08-06,baccarat_bet02_101_all_pairs_incl_sentinel,round_win = game_pnl > 0 (decisive only),COMPATIBILITY_ONLY_NOT_PRODUCTION,3436.9029,3201.3193,168.8349,106,106,-0.04912414,,-0.04912414,-0.04912414,-168.8349,3436.9029,OK,0.0000,6.7534,4.0000,96.0000,AG03-UNRESOLVED,ALL5_LEVELS_bet23_to_bet27,6.7534,6.7534,6.7534,6.7534,6.7534,4.000000,4.000000,4.000000,4.000000,4.000000,96.000000,96.000000,96.000000,96.000000,96.000000,5.0,33.7670,31.1715,135.0679,137.6634,PENDING_AG03,FALSE,NOT_FOR_ENFORCEMENT,162.0815,3073.2665,168.8349,162.0815,6.7534,0.04912414,0.04715918,6.7534,162.0815,0.04715918,6.7534,6.7534,6.7534,6.7534,6.7534,162.0815,0.04715918,33.7670,31.1715,135.0679,137.6634,0.03929931,0.04005449,0.00196497,32.4236,30.2011,1.5928,42.2087,4.6899,859.2257,26.5000,,32.4236,13.088,26.176,39.2639,64.131,104.7038,130.8798,26.176,0.0,4.0,5.0,1.238679,15,34,2,2,0E-8,0.04912414,,0E-8,0.000000,0.931455,0.000000,,2026-04-05,2026-04-26,4,36,30,22,0.181818,,,0.000000,,,,,,,,GLOBAL_BASELINE_NO_ENTITY_RANKING,,,NOT_APPLICABLE_GLOBAL_BASELINE,HF9g-P5,,,,X 全窗基线 · 不参与实体赏罚,6878944,688,A168_HF9F_20260827_0900,2026-08-27 09:00:00
2026-04-19,106460830,2223,0,52.3519095360,24.2127581604,24.2127581604,0.6666667,3,3,0.50665070000000000,0.506650700000,0.5543606114942035,0.5543606114942035,0.5543606114942035,0E-17,ELIGIBLE,R03b_20260811_FULL_v1,L1_ELIGIBILITY,v2026-08-11,2026-03-21..2026-08-06,baccarat_bet02_101_all_pairs_incl_sentinel,round_win = game_pnl > 0 (decisive only),COMPATIBILITY_ONLY_NOT_PRODUCTION,3436.9029,3201.3193,168.8349,106,106,-0.04912414,,-0.04912414,-0.04912414,-168.8349,3436.9029,OK,0.0000,6.7534,4.0000,96.0000,AG03-UNRESOLVED,ALL5_LEVELS_bet23_to_bet27,6.7534,6.7534,6.7534,6.7534,6.7534,4.000000,4.000000,4.000000,4.000000,4.000000,96.000000,96.000000,96.000000,96.000000,96.000000,5.0,33.7670,31.1715,135.0679,137.6634,PENDING_AG03,FALSE,NOT_FOR_ENFORCEMENT,162.0815,3073.2665,168.8349,162.0815,6.7534,0.04912414,0.04715918,6.7534,162.0815,0.04715918,6.7534,6.7534,6.7534,6.7534,6.7534,162.0815,0.04715918,33.7670,31.1715,135.0679,137.6634,0.03929931,0.04005449,0.00196497,32.4236,30.2011,1.5928,42.2087,4.6899,859.2257,26.5000,,32.4236,13.088,26.176,39.2639,64.131,104.7038,130.8798,26.176,0.0,4.0,5.0,1.238679,15,34,2,2,0E-8,0.04912414,,0E-8,0.000000,0.931455,0.000000,,2026-04-05,2026-04-26,4,36,30,22,0.181818,,,0.000000,,,,,,,,GLOBAL_BASELINE_NO_ENTITY_RANKING,,,NOT_APPLICABLE_GLOBAL_BASELINE,HF9g-P5,,,,X 全窗基线 · 不参与实体赏罚,6878945,688,A168_HF9F_20260827_0900,2026-08-27 09:00:00
2026-04-19,106460830,2233,0,170.1437059919,-15.7055728607,-15.7055728607,0.5000000,7,7,0.50090561428571429,0.500905614286,-0.00443659308478647,-0.004436593086186165,-0.00443659308478647,-2.8571E-13,ELIGIBLE,R03b_20260811_FULL_v1,L1_ELIGIBILITY,v2026-08-11,2026-03-21..2026-08-06,baccarat_bet02_101_all_pairs_incl_sentinel,round_win = game_pnl > 0 (decisive only),COMPATIBILITY_ONLY_NOT_PRODUCTION,3436.9029,3201.3193,168.8349,106,106,-0.04912414,,-0.04912414,-0.04912414,-168.8349,3436.9029,OK,0.0000,6.7534,4.0000,96.0000,AG03-UNRESOLVED,ALL5_LEVELS_bet23_to_bet27,6.7534,6.7534,6.7534,6.7534,6.7534,4.000000,4.000000,4.000000,4.000000,4.000000,96.000000,96.000000,96.000000,96.000000,96.000000,5.0,33.7670,31.1715,135.0679,137.6634,PENDING_AG03,FALSE,NOT_FOR_ENFORCEMENT,162.0815,3073.2665,168.8349,162.0815,6.7534,0.04912414,0.04715918,6.7534,162.0815,0.04715918,6.7534,6.7534,6.7534,6.7534,6.7534,162.0815,0.04715918,33.7670,31.1715,135.0679,137.6634,0.03929931,0.04005449,0.00196497,32.4236,30.2011,1.5928,42.2087,4.6899,859.2257,26.5000,,32.4236,13.088,26.176,39.2639,64.131,104.7038,130.8798,26.176,0.0,4.0,5.0,1.238679,15,34,2,2,0E-8,0.04912414,,0E-8,0.000000,0.931455,0.000000,,2026-04-05,2026-04-26,4,36,30,22,0.181818,,,0.000000,,,,,,,,GLOBAL_BASELINE_NO_ENTITY_RANKING,,,NOT_APPLICABLE_GLOBAL_BASELINE,HF9g-P5,,,,X 全窗基线 · 不参与实体赏罚,6878946,688,A168_HF9F_20260827_0900,2026-08-27 09:00:00
2026-04-19,106460830,2242,0,130.8797738398,-130.8797738398,-130.8797738398,0E-7,1,1,0.49324550000000000,0.493245500000,-0.9865810262130424,-0.9865810262130424,-0.9865810262130424,0E-17,ELIGIBLE,R03b_20260811_FULL_v1,L1_ELIGIBILITY,v2026-08-11,2026-03-21..2026-08-06,baccarat_bet02_101_all_pairs_incl_sentinel,round_win = game_pnl > 0 (decisive only),COMPATIBILITY_ONLY_NOT_PRODUCTION,3436.9029,3201.3193,168.8349,106,106,-0.04912414,,-0.04912414,-0.04912414,-168.8349,3436.9029,OK,0.0000,6.7534,4.0000,96.0000,AG03-UNRESOLVED,ALL5_LEVELS_bet23_to_bet27,6.7534,6.7534,6.7534,6.7534,6.7534,4.000000,4.000000,4.000000,4.000000,4.000000,96.000000,96.000000,96.000000,96.000000,96.000000,5.0,33.7670,31.1715,135.0679,137.6634,PENDING_AG03,FALSE,NOT_FOR_ENFORCEMENT,162.0815,3073.2665,168.8349,162.0815,6.7534,0.04912414,0.04715918,6.7534,162.0815,0.04715918,6.7534,6.7534,6.7534,6.7534,6.7534,162.0815,0.04715918,33.7670,31.1715,135.0679,137.6634,0.03929931,0.04005449,0.00196497,32.4236,30.2011,1.5928,42.2087,4.6899,859.2257,26.5000,,32.4236,13.088,26.176,39.2639,64.131,104.7038,130.8798,26.176,0.0,4.0,5.0,1.238679,15,34,2,2,0E-8,0.04912414,,0E-8,0.000000,0.931455,0.000000,,2026-04-05,2026-04-26,4,36,30,22,0.181818,,,0.000000,,,,,,,,GLOBAL_BASELINE_NO_ENTITY_RANKING,,,NOT_APPLICABLE_GLOBAL_BASELINE,HF9g-P5,,,,X 全窗基线 · 不参与实体赏罚,6878947,688,A168_HF9F_20260827_0900,2026-08-27 09:00:00
2026-04-19,106460830,925,0,209.4076381438,104.0494202026,104.0494202026,0.5000000,6,6,0.50218230000000000,0.502182300000,-0.008729283145653279,-0.008729283145653279,-0.008729283145653279,0E-17,ELIGIBLE,R03b_20260811_FULL_v1,L1_ELIGIBILITY,v2026-08-11,2026-03-21..2026-08-06,baccarat_bet02_101_all_pairs_incl_sentinel,round_win = game_pnl > 0 (decisive only),COMPATIBILITY_ONLY_NOT_PRODUCTION,3436.9029,3201.3193,168.8349,106,106,-0.04912414,,-0.04912414,-0.04912414,-168.8349,3436.9029,OK,0.0000,6.7534,4.0000,96.0000,AG03-UNRESOLVED,ALL5_LEVELS_bet23_to_bet27,6.7534,6.7534,6.7534,6.7534,6.7534,4.000000,4.000000,4.000000,4.000000,4.000000,96.000000,96.000000,96.000000,96.000000,96.000000,5.0,33.7670,31.1715,135.0679,137.6634,PENDING_AG03,FALSE,NOT_FOR_ENFORCEMENT,162.0815,3073.2665,168.8349,162.0815,6.7534,0.04912414,0.04715918,6.7534,162.0815,0.04715918,6.7534,6.7534,6.7534,6.7534,6.7534,162.0815,0.04715918,33.7670,31.1715,135.0679,137.6634,0.03929931,0.04005449,0.00196497,32.4236,30.2011,1.5928,42.2087,4.6899,859.2257,26.5000,,32.4236,13.088,26.176,39.2639,64.131,104.7038,130.8798,26.176,0.0,4.0,5.0,1.238679,15,34,2,2,0E-8,0.04912414,,0E-8,0.000000,0.931455,0.000000,,2026-04-05,2026-04-26,4,36,30,22,0.181818,,,0.000000,,,,,,,,GLOBAL_BASELINE_NO_ENTITY_RANKING,,,NOT_APPLICABLE_GLOBAL_BASELINE,HF9g-P5,,,,X 全窗基线 · 不参与实体赏罚,6878948,688,A168_HF9F_20260827_0900,2026-08-27 09:00:00
2026-04-26,106460830,1654,0,13.0879773840,-13.0879773840,-13.0879773840,0E-7,1,1,0.49324550000000000,0.493245500000,-0.9865810262130424,-0.9865810262130424,-0.9865810262130424,0E-17,ELIGIBLE,R03b_20260811_FULL_v1,L1_ELIGIBILITY,v2026-08-11,2026-03-21..2026-08-06,baccarat_bet02_101_all_pairs_incl_sentinel,round_win = game_pnl > 0 (decisive only),COMPATIBILITY_ONLY_NOT_PRODUCTION,3436.9029,3201.3193,168.8349,106,106,-0.04912414,,-0.04912414,-0.04912414,-168.8349,3436.9029,OK,0.0000,6.7534,4.0000,96.0000,AG03-UNRESOLVED,ALL5_LEVELS_bet23_to_bet27,6.7534,6.7534,6.7534,6.7534,6.7534,4.000000,4.000000,4.000000,4.000000,4.000000,96.000000,96.000000,96.000000,96.000000,96.000000,5.0,33.7670,31.1715,135.0679,137.6634,PENDING_AG03,FALSE,NOT_FOR_ENFORCEMENT,162.0815,3073.2665,168.8349,162.0815,6.7534,0.04912414,0.04715918,6.7534,162.0815,0.04715918,6.7534,6.7534,6.7534,6.7534,6.7534,162.0815,0.04715918,33.7670,31.1715,135.0679,137.6634,0.03929931,0.04005449,0.00196497,32.4236,30.2011,1.5928,42.2087,4.6899,859.2257,26.5000,,32.4236,13.088,26.176,39.2639,64.131,104.7038,130.8798,26.176,0.0,4.0,5.0,1.238679,15,34,2,2,0E-8,0.04912414,,0E-8,0.000000,0.931455,0.000000,,2026-04-05,2026-04-26,4,36,30,22,0.181818,,,0.000000,,,,,,,,GLOBAL_BASELINE_NO_ENTITY_RANKING,,,NOT_APPLICABLE_GLOBAL_BASELINE,HF9g-P5,,,,X 全窗基线 · 不参与实体赏罚,6878949,688,A168_HF9F_20260827_0900,2026-08-27 09:00:00
2026-04-11,148503031,1405,0,929.2463942625,-155.7469308694,-155.7469308694,0.4500000,23,21,0.49172492785712799,0.481284285714,-0.3732502216558446,-0.28001139033395356,-0.3732502216558446,0.01044064214312799,ELIGIBLE,R03b_20260811_FULL_v1,L1_ELIGIBILITY,v2026-08-11,2026-03-21..2026-08-06,baccarat_bet02_101_all_pairs_incl_sentinel,round_win = game_pnl > 0 (decisive only),COMPATIBILITY_ONLY_NOT_PRODUCTION,942.3344,889.9825,168.8349,24,22,-0.17916667,,-0.17916667,-0.17916667,-168.8349,942.3344,THIN_EXPOSURE,0.0000,6.7534,4.0000,96.0000,AG03-UNRESOLVED,ALL5_LEVELS_bet23_to_bet27,6.7534,6.7534,6.7534,6.7534,6.7534,4.000000,4.000000,4.000000,4.000000,4.000000,96.000000,96.000000,96.000000,96.000000,96.000000,5.0,33.7670,31.1715,135.0679,137.6634,PENDING_AG03,FALSE,NOT_FOR_ENFORCEMENT,162.0815,854.3832,168.8349,162.0815,6.7534,0.17916667,0.17200000,6.7534,162.0815,0.17200000,6.7534,6.7534,6.7534,6.7534,6.7534,162.0815,0.17200000,33.7670,31.1715,135.0679,137.6634,0.14333333,0.14608761,0.00716667,39.2639,40.4537,7.6743,168.8349,84.4175,942.3344,22.0000,,39.2639,26.176,39.2639,52.3519,65.4399,69.3663,78.5279,39.2639,-13.088,1.766666,2.0,1.0,2,2,1,3,0E-8,0.17916667,,0E-8,0.000000,0.944444,0.000000,,2026-04-11,2026-04-11,1,2,2,1,1.000000,,,0.000000,,,,,,,,GLOBAL_BASELINE_NO_ENTITY_RANKING,,,NOT_APPLICABLE_GLOBAL_BASELINE,HF9g-P5,,,,X 全窗基线 · 不参与实体赏罚,6878950,688,A168_HF9F_20260827_0900,2026-08-27 09:00:00
2026-04-11,148503031,2246,0,13.0879773840,-13.0879773840,-13.0879773840,0E-7,1,1,0.49324550000000000,0.493245500000,-0.9865810262130424,-0.9865810262130424,-0.9865810262130424,0E-17,ELIGIBLE,R03b_20260811_FULL_v1,L1_ELIGIBILITY,v2026-08-11,2026-03-21..2026-08-06,baccarat_bet02_101_all_pairs_incl_sentinel,round_win = game_pnl > 0 (decisive only),COMPATIBILITY_ONLY_NOT_PRODUCTION,942.3344,889.9825,168.8349,24,22,-0.17916667,,-0.17916667,-0.17916667,-168.8349,942.3344,THIN_EXPOSURE,0.0000,6.7534,4.0000,96.0000,AG03-UNRESOLVED,ALL5_LEVELS_bet23_to_bet27,6.7534,6.7534,6.7534,6.7534,6.7534,4.000000,4.000000,4.000000,4.000000,4.000000,96.000000,96.000000,96.000000,96.000000,96.000000,5.0,33.7670,31.1715,135.0679,137.6634,PENDING_AG03,FALSE,NOT_FOR_ENFORCEMENT,162.0815,854.3832,168.8349,162.0815,6.7534,0.17916667,0.17200000,6.7534,162.0815,0.17200000,6.7534,6.7534,6.7534,6.7534,6.7534,162.0815,0.17200000,33.7670,31.1715,135.0679,137.6634,0.14333333,0.14608761,0.00716667,39.2639,40.4537,7.6743,168.8349,84.4175,942.3344,22.0000,,39.2639,26.176,39.2639,52.3519,65.4399,69.3663,78.5279,39.2639,-13.088,1.766666,2.0,1.0,2,2,1,3,0E-8,0.17916667,,0E-8,0.000000,0.944444,0.000000,,2026-04-11,2026-04-11,1,2,2,1,1.000000,,,0.000000,,,,,,,,GLOBAL_BASELINE_NO_ENTITY_RANKING,,,NOT_APPLICABLE_GLOBAL_BASELINE,HF9g-P5,,,,X 全窗基线 · 不参与实体赏罚,6878951,688,A168_HF9F_20260827_0900,2026-08-27 09:00:00
2026-04-17,148810003,2212,0,884.7472711569,-168.8349082533,-168.8349082533,0.6000000,5,5,0.49592654000000000,0.495926540000,0.46544610904919037,0.46544610904919037,0.46544610904919037,0E-17,ELIGIBLE,R03b_20260811_FULL_v1,L1_ELIGIBILITY,v2026-08-11,2026-03-21..2026-08-06,baccarat_bet02_101_all_pairs_incl_sentinel,round_win = game_pnl > 0 (decisive only),COMPATIBILITY_ONLY_NOT_PRODUCTION,884.7473,884.7473,168.8349,5,5,-0.19082840,,-0.19082840,-0.19082840,-168.8349,884.7473,THIN_EXPOSURE,0.0000,6.7534,4.0000,96.0000,AG03-UNRESOLVED,ALL5_LEVELS_bet23_to_bet27,6.7534,6.7534,8.4417,8.4417,8.4417,4.000000,4.000000,5.000000,5.000000,5.000000,96.000000,96.000000,95.000000,95.000000,95.000000,5.0,38.8320,35.4289,130.0029,133.4061,PENDING_AG03,FALSE,NOT_FOR_ENFORCEMENT,162.0815,849.3574,168.8349,162.0815,6.7534,0.19082840,0.18319527,6.7534,162.0815,0.18319527,6.7534,6.7534,8.4417,8.4417,8.4417,162.0815,0.18319527,38.8320,35.4289,130.0029,133.4061,0.14693787,0.15078436,0.00763314,176.9495,176.9495,33.7670,168.8349,168.8349,884.7473,5.0000,,176.9495,109.939,183.2317,248.6716,287.9355,287.9355,287.9355,183.2317,47.1167,1.571429,1.571429,0.965714,1,1,1,2,0E-8,0.19082840,,0E-8,0.000000,1.000000,0.000000,,2026-04-17,2026-04-17,1,1,1,1,1.000000,,,0.000000,,,,,,,,GLOBAL_BASELINE_NO_ENTITY_RANKING,,,NOT_APPLICABLE_GLOBAL_BASELINE,HF9g-P5,,,,X 全窗基线 · 不参与实体赏罚,6878952,688,A168_HF9F_20260827_0900,2026-08-27 09:00:00
2026-04-01,131271697,595,0,11.7791796456,-11.7791796456,-11.7791796456,0E-7,1,1,0.49324550000000000,0.493245500000,-0.9865810262130424,-0.9865810262130424,-0.9865810262130424,0E-17,ELIGIBLE,R03b_20260811_FULL_v1,L1_ELIGIBILITY,v2026-08-11,2026-03-21..2026-08-06,baccarat_bet02_101_all_pairs_incl_sentinel,round_win = game_pnl > 0 (decisive only),COMPATIBILITY_ONLY_NOT_PRODUCTION,221.1868,221.1868,168.8349,5,5,-0.76331361,,-0.76331361,-0.76331361,-168.8349,221.1868,THIN_EXPOSURE,0.0000,6.7534,4.0000,96.0000,AG03-UNRESOLVED,ALL5_LEVELS_bet23_to_bet27,6.7534,6.7534,6.7534,6.7534,6.7534,4.000000,4.000000,4.000000,4.000000,4.000000,96.000000,96.000000,96.000000,96.000000,96.000000,5.0,33.7670,31.1715,135.0679,137.6634,PENDING_AG03,FALSE,NOT_FOR_ENFORCEMENT,162.0815,212.3393,168.8349,162.0815,6.7534,0.76331361,0.73278107,6.7534,162.0815,0.73278107,6.7534,6.7534,6.7534,6.7534,6.7534,162.0815,0.73278107,33.7670,31.1715,135.0679,137.6634,0.61065089,0.62238508,0.03053254,44.2374,44.2374,33.7670,84.4175,84.4175,110.5934,2.5000,,44.2374,22.5768,52.3519,58.8959,78.5279,78.5279,78.5279,52.3519,-52.3519,1.5,1.5,0.845,2,2,2,2,0E-8,0.76331361,,0E-8,0.000000,1.000000,0.000000,,2026-04-01,2026-04-13,2,2,2,13,0.153846,,,0.000000,,,,,,,,GLOBAL_BASELINE_NO_ENTITY_RANKING,,,NOT_APPLICABLE_GLOBAL_BASELINE,HF9g-P5,,,,X 全窗基线 · 不参与实体赏罚,6878953,688,A168_HF9F_20260827_0900,2026-08-27 09:00:00
2026-04-13,131271697,2134,0,209.4076381437,-157.0557286077,-157.0557286077,0.2500000,4,4,0.49659680000000000,0.496596800000,-0.9864100490137353,-0.9864100490137354,-0.9864100490137353,0E-17,ELIGIBLE,R03b_20260811_FULL_v1,L1_ELIGIBILITY,v2026-08-11,2026-03-21..2026-08-06,baccarat_bet02_101_all_pairs_incl_sentinel,round_win = game_pnl > 0 (decisive only),COMPATIBILITY_ONLY_NOT_PRODUCTION,221.1868,221.1868,168.8349,5,5,-0.76331361,,-0.76331361,-0.76331361,-168.8349,221.1868,THIN_EXPOSURE,0.0000,6.7534,4.0000,96.0000,AG03-UNRESOLVED,ALL5_LEVELS_bet23_to_bet27,6.7534,6.7534,6.7534,6.7534,6.7534,4.000000,4.000000,4.000000,4.000000,4.000000,96.000000,96.000000,96.000000,96.000000,96.000000,5.0,33.7670,31.1715,135.0679,137.6634,PENDING_AG03,FALSE,NOT_FOR_ENFORCEMENT,162.0815,212.3393,168.8349,162.0815,6.7534,0.76331361,0.73278107,6.7534,162.0815,0.73278107,6.7534,6.7534,6.7534,6.7534,6.7534,162.0815,0.73278107,33.7670,31.1715,135.0679,137.6634,0.61065089,0.62238508,0.03053254,44.2374,44.2374,33.7670,84.4175,84.4175,110.5934,2.5000,,44.2374,22.5768,52.3519,58.8959,78.5279,78.5279,78.5279,52.3519,-52.3519,1.5,1.5,0.845,2,2,2,2,0E-8,0.76331361,,0E-8,0.000000,1.000000,0.000000,,2026-04-01,2026-04-13,2,2,2,13,0.153846,,,0.000000,,,,,,,,GLOBAL_BASELINE_NO_ENTITY_RANKING,,,NOT_APPLICABLE_GLOBAL_BASELINE,HF9g-P5,,,,X 全窗基线 · 不参与实体赏罚,6878954,688,A168_HF9F_20260827_0900,2026-08-27 09:00:00
2026-04-11,86516847,1150,0,130.8797738398,-130.8797738398,-130.8797738398,0E-7,2,1,0.46544590999993703,0.300626750000,-0.933122756294348,-0.655630731788307,-0.933122756294348,0.16481915999993703,ELIGIBLE,R03b_20260811_FULL_v1,L1_ELIGIBILITY,v2026-08-11,2026-03-21..2026-08-06,baccarat_bet02_101_all_pairs_incl_sentinel,round_win = game_pnl > 0 (decisive only),COMPATIBILITY_ONLY_NOT_PRODUCTION,168.8349,168.8349,168.8349,3,2,-1.00000000,,-1.00000000,-1.00000000,-168.8349,168.8349,THIN_EXPOSURE,0.0000,6.7534,4.0000,96.0000,AG03-UNRESOLVED,ALL5_LEVELS_bet23_to_bet27,6.7534,6.7534,6.7534,8.4417,8.4417,4.000000,4.000000,4.000000,5.000000,5.000000,96.000000,96.000000,96.000000,95.000000,95.000000,5.0,37.1437,34.0246,131.6912,134.8103,PENDING_AG03,FALSE,NOT_FOR_ENFORCEMENT,162.0815,162.0815,168.8349,162.0815,6.7534,1.00000000,0.96000000,6.7534,162.0815,0.96000000,6.7534,6.7534,6.7534,8.4417,8.4417,162.0815,0.96000000,37.1437,34.0246,131.6912,134.8103,0.78000000,0.79847424,0.04000000,56.2783,84.4175,84.4175,168.8349,84.4175,168.8349,2.0000,,56.2783,19.3048,37.9551,97.8326,117.7918,117.7918,117.7918,37.9551,-37.9551,3.103448,3.103448,1.482759,2,2,1,2,0E-8,1.00000000,,0E-8,0.000000,1.000000,0.000000,,2026-04-11,2026-04-11,1,2,2,1,1.000000,,,0.000000,,,,,,,,GLOBAL_BASELINE_NO_ENTITY_RANKING,,,NOT_APPLICABLE_GLOBAL_BASELINE,HF9g-P5,,,,X 全窗基线 · 不参与实体赏罚,6878955,688,A168_HF9F_20260827_0900,2026-08-27 09:00:00
2026-04-11,86516847,2196,0,37.9551344135,-37.9551344135,-37.9551344135,0E-7,1,1,0.50665070000000000,0.506650700000,-1.013391052207602,-1.013391052207602,-1.013391052207602,0E-17,ELIGIBLE,R03b_20260811_FULL_v1,L1_ELIGIBILITY,v2026-08-11,2026-03-21..2026-08-06,baccarat_bet02_101_all_pairs_incl_sentinel,round_win = game_pnl > 0 (decisive only),COMPATIBILITY_ONLY_NOT_PRODUCTION,168.8349,168.8349,168.8349,3,2,-1.00000000,,-1.00000000,-1.00000000,-168.8349,168.8349,THIN_EXPOSURE,0.0000,6.7534,4.0000,96.0000,AG03-UNRESOLVED,ALL5_LEVELS_bet23_to_bet27,6.7534,6.7534,6.7534,8.4417,8.4417,4.000000,4.000000,4.000000,5.000000,5.000000,96.000000,96.000000,96.000000,95.000000,95.000000,5.0,37.1437,34.0246,131.6912,134.8103,PENDING_AG03,FALSE,NOT_FOR_ENFORCEMENT,162.0815,162.0815,168.8349,162.0815,6.7534,1.00000000,0.96000000,6.7534,162.0815,0.96000000,6.7534,6.7534,6.7534,8.4417,8.4417,162.0815,0.96000000,37.1437,34.0246,131.6912,134.8103,0.78000000,0.79847424,0.04000000,56.2783,84.4175,84.4175,168.8349,84.4175,168.8349,2.0000,,56.2783,19.3048,37.9551,97.8326,117.7918,117.7918,117.7918,37.9551,-37.9551,3.103448,3.103448,1.482759,2,2,1,2,0E-8,1.00000000,,0E-8,0.000000,1.000000,0.000000,,2026-04-11,2026-04-11,1,2,2,1,1.000000,,,0.000000,,,,,,,,GLOBAL_BASELINE_NO_ENTITY_RANKING,,,NOT_APPLICABLE_GLOBAL_BASELINE,HF9g-P5,,,,X 全窗基线 · 不参与实体赏罚,6878956,688,A168_HF9F_20260827_0900,2026-08-27 09:00:00
2026-04-08,148355489,-1,1,50.0000000000,8.5000000000,8.5000000000,0.5000000,2,2,0.50665070000000000,0.506650700000,-0.018812684590367487,-0.018812684590367487,-0.018812684590367487,0E-17,SENTINEL_DEALER,R03b_20260811_FULL_v1,L1_ELIGIBILITY,v2026-08-11,2026-03-21..2026-08-06,baccarat_bet02_101_all_pairs_incl_sentinel,round_win = game_pnl > 0 (decisive only),COMPATIBILITY_ONLY_NOT_PRODUCTION,1527.0000,1297.0000,167.1000,58,58,-0.10943026,,-0.10943026,-0.10943026,-167.1000,1527.0000,OK,0.0000,5.0130,3.0000,97.0000,AG03-UNRESOLVED,ALL5_LEVELS_bet23_to_bet27,5.0130,5.0130,5.0130,5.0130,5.0130,3.000000,3.000000,3.000000,3.000000,3.000000,97.000000,97.000000,97.000000,97.000000,97.000000,5.0,25.0650,23.6055,142.0350,143.4945,PENDING_AG03,FALSE,NOT_FOR_ENFORCEMENT,162.0870,1258.0900,167.1000,162.0870,5.0130,0.10943026,0.10614735,5.0130,162.0870,0.10614735,5.0130,5.0130,5.0130,5.0130,5.0130,162.0870,0.10614735,25.0650,23.6055,142.0350,143.4945,0.09301572,0.09397148,0.00328291,26.3276,22.3621,2.8810,167.1000,10.4438,1527.0000,58.0000,,26.3276,20.0,20.0,30.0,40.0,50.0,51.84,20.0,0.0,2.5,2.592,1.316379,12,17,1,2,0E-8,0.10943026,,0E-8,0.000000,0.849378,0.000000,,2026-04-08,2026-04-08,1,16,12,1,1.000000,,,0.000000,,,,,,,,GLOBAL_BASELINE_NO_ENTITY_RANKING,,,NOT_APPLICABLE_GLOBAL_BASELINE,HF9g-P5,,,,X 全窗基线 · 不参与实体赏罚,6878957,688,A168_HF9F_20260827_0900,2026-08-27 09:00:00
2026-04-08,148355489,1109,0,160.0000000000,-11.0000000000,-11.0000000000,0.5000000,7,7,0.49899058571428571,0.498990585714,0.004945109955477372,0.0049451099568770685,0.004945109955477372,2.8571E-13,ELIGIBLE,R03b_20260811_FULL_v1,L1_ELIGIBILITY,v2026-08-11,2026-03-21..2026-08-06,baccarat_bet02_101_all_pairs_incl_sentinel,round_win = game_pnl > 0 (decisive only),COMPATIBILITY_ONLY_NOT_PRODUCTION,1527.0000,1297.0000,167.1000,58,58,-0.10943026,,-0.10943026,-0.10943026,-167.1000,1527.0000,OK,0.0000,5.0130,3.0000,97.0000,AG03-UNRESOLVED,ALL5_LEVELS_bet23_to_bet27,5.0130,5.0130,5.0130,5.0130,5.0130,3.000000,3.000000,3.000000,3.000000,3.000000,97.000000,97.000000,97.000000,97.000000,97.000000,5.0,25.0650,23.6055,142.0350,143.4945,PENDING_AG03,FALSE,NOT_FOR_ENFORCEMENT,162.0870,1258.0900,167.1000,162.0870,5.0130,0.10943026,0.10614735,5.0130,162.0870,0.10614735,5.0130,5.0130,5.0130,5.0130,5.0130,162.0870,0.10614735,25.0650,23.6055,142.0350,143.4945,0.09301572,0.09397148,0.00328291,26.3276,22.3621,2.8810,167.1000,10.4438,1527.0000,58.0000,,26.3276,20.0,20.0,30.0,40.0,50.0,51.84,20.0,0.0,2.5,2.592,1.316379,12,17,1,2,0E-8,0.10943026,,0E-8,0.000000,0.849378,0.000000,,2026-04-08,2026-04-08,1,16,12,1,1.000000,,,0.000000,,,,,,,,GLOBAL_BASELINE_NO_ENTITY_RANKING,,,NOT_APPLICABLE_GLOBAL_BASELINE,HF9g-P5,,,,X 全窗基线 · 不参与实体赏罚,6878958,688,A168_HF9F_20260827_0900,2026-08-27 09:00:00
2026-04-08,148355489,1307,0,150.0000000000,-21.5000000000,-21.5000000000,0.4000000,6,6,0.50218230000000000,0.502182300000,-0.4569774904649096,-0.4569774904649096,-0.4569774904649096,0E-17,ELIGIBLE,R03b_20260811_FULL_v1,L1_ELIGIBILITY,v2026-08-11,2026-03-21..2026-08-06,baccarat_bet02_101_all_pairs_incl_sentinel,round_win = game_pnl > 0 (decisive only),COMPATIBILITY_ONLY_NOT_PRODUCTION,1527.0000,1297.0000,167.1000,58,58,-0.10943026,,-0.10943026,-0.10943026,-167.1000,1527.0000,OK,0.0000,5.0130,3.0000,97.0000,AG03-UNRESOLVED,ALL5_LEVELS_bet23_to_bet27,5.0130,5.0130,5.0130,5.0130,5.0130,3.000000,3.000000,3.000000,3.000000,3.000000,97.000000,97.000000,97.000000,97.000000,97.000000,5.0,25.0650,23.6055,142.0350,143.4945,PENDING_AG03,FALSE,NOT_FOR_ENFORCEMENT,162.0870,1258.0900,167.1000,162.0870,5.0130,0.10943026,0.10614735,5.0130,162.0870,0.10614735,5.0130,5.0130,5.0130,5.0130,5.0130,162.0870,0.10614735,25.0650,23.6055,142.0350,143.4945,0.09301572,0.09397148,0.00328291,26.3276,22.3621,2.8810,167.1000,10.4438,1527.0000,58.0000,,26.3276,20.0,20.0,30.0,40.0,50.0,51.84,20.0,0.0,2.5,2.592,1.316379,12,17,1,2,0E-8,0.10943026,,0E-8,0.000000,0.849378,0.000000,,2026-04-08,2026-04-08,1,16,12,1,1.000000,,,0.000000,,,,,,,,GLOBAL_BASELINE_NO_ENTITY_RANKING,,,NOT_APPLICABLE_GLOBAL_BASELINE,HF9g-P5,,,,X 全窗基线 · 不参与实体赏罚,6878959,688,A168_HF9F_20260827_0900,2026-08-27 09:00:00
2026-04-08,148355489,1330,0,80.0000000000,20.0000000000,20.0000000000,1.0000000,4,4,0.49994810000000000,0.499948100000,1.0001038053877793,1.0001038053877793,1.0001038053877793,0E-17,ELIGIBLE,R03b_20260811_FULL_v1,L1_ELIGIBILITY,v2026-08-11,2026-03-21..2026-08-06,baccarat_bet02_101_all_pairs_incl_sentinel,round_win = game_pnl > 0 (decisive only),COMPATIBILITY_ONLY_NOT_PRODUCTION,1527.0000,1297.0000,167.1000,58,58,-0.10943026,,-0.10943026,-0.10943026,-167.1000,1527.0000,OK,0.0000,5.0130,3.0000,97.0000,AG03-UNRESOLVED,ALL5_LEVELS_bet23_to_bet27,5.0130,5.0130,5.0130,5.0130,5.0130,3.000000,3.000000,3.000000,3.000000,3.000000,97.000000,97.000000,97.000000,97.000000,97.000000,5.0,25.0650,23.6055,142.0350,143.4945,PENDING_AG03,FALSE,NOT_FOR_ENFORCEMENT,162.0870,1258.0900,167.1000,162.0870,5.0130,0.10943026,0.10614735,5.0130,162.0870,0.10614735,5.0130,5.0130,5.0130,5.0130,5.0130,162.0870,0.10614735,25.0650,23.6055,142.0350,143.4945,0.09301572,0.09397148,0.00328291,26.3276,22.3621,2.8810,167.1000,10.4438,1527.0000,58.0000,,26.3276,20.0,20.0,30.0,40.0,50.0,51.84,20.0,0.0,2.5,2.592,1.316379,12,17,1,2,0E-8,0.10943026,,0E-8,0.000000,0.849378,0.000000,,2026-04-08,2026-04-08,1,16,12,1,1.000000,,,0.000000,,,,,,,,GLOBAL_BASELINE_NO_ENTITY_RANKING,,,NOT_APPLICABLE_GLOBAL_BASELINE,HF9g-P5,,,,X 全窗基线 · 不参与实体赏罚,6878960,688,A168_HF9F_20260827_0900,2026-08-27 09:00:00
2026-04-08,148355489,1353,0,77.0000000000,-77.0000000000,-77.0000000000,0E-7,2,2,0.49994810000000000,0.499948100000,-1.4140667746232096,-1.4140667746232096,-1.4140667746232096,0E-17,ELIGIBLE,R03b_20260811_FULL_v1,L1_ELIGIBILITY,v2026-08-11,2026-03-21..2026-08-06,baccarat_bet02_101_all_pairs_incl_sentinel,round_win = game_pnl > 0 (decisive only),COMPATIBILITY_ONLY_NOT_PRODUCTION,1527.0000,1297.0000,167.1000,58,58,-0.10943026,,-0.10943026,-0.10943026,-167.1000,1527.0000,OK,0.0000,5.0130,3.0000,97.0000,AG03-UNRESOLVED,ALL5_LEVELS_bet23_to_bet27,5.0130,5.0130,5.0130,5.0130,5.0130,3.000000,3.000000,3.000000,3.000000,3.000000,97.000000,97.000000,97.000000,97.000000,97.000000,5.0,25.0650,23.6055,142.0350,143.4945,PENDING_AG03,FALSE,NOT_FOR_ENFORCEMENT,162.0870,1258.0900,167.1000,162.0870,5.0130,0.10943026,0.10614735,5.0130,162.0870,0.10614735,5.0130,5.0130,5.0130,5.0130,5.0130,162.0870,0.10614735,25.0650,23.6055,142.0350,143.4945,0.09301572,0.09397148,0.00328291,26.3276,22.3621,2.8810,167.1000,10.4438,1527.0000,58.0000,,26.3276,20.0,20.0,30.0,40.0,50.0,51.84,20.0,0.0,2.5,2.592,1.316379,12,17,1,2,0E-8,0.10943026,,0E-8,0.000000,0.849378,0.000000,,2026-04-08,2026-04-08,1,16,12,1,1.000000,,,0.000000,,,,,,,,GLOBAL_BASELINE_NO_ENTITY_RANKING,,,NOT_APPLICABLE_GLOBAL_BASELINE,HF9g-P5,,,,X 全窗基线 · 不参与实体赏罚,6878961,688,A168_HF9F_20260827_0900,2026-08-27 09:00:00
2026-04-08,148355489,1383,0,100.0000000000,-21.0000000000,-21.0000000000,0.5000000,4,4,0.49659680000000000,0.496596800000,0.013613115331600182,0.013613115331600183,0.013613115331600182,0E-17,ELIGIBLE,R03b_20260811_FULL_v1,L1_ELIGIBILITY,v2026-08-11,2026-03-21..2026-08-06,baccarat_bet02_101_all_pairs_incl_sentinel,round_win = game_pnl > 0 (decisive only),COMPATIBILITY_ONLY_NOT_PRODUCTION,1527.0000,1297.0000,167.1000,58,58,-0.10943026,,-0.10943026,-0.10943026,-167.1000,1527.0000,OK,0.0000,5.0130,3.0000,97.0000,AG03-UNRESOLVED,ALL5_LEVELS_bet23_to_bet27,5.0130,5.0130,5.0130,5.0130,5.0130,3.000000,3.000000,3.000000,3.000000,3.000000,97.000000,97.000000,97.000000,97.000000,97.000000,5.0,25.0650,23.6055,142.0350,143.4945,PENDING_AG03,FALSE,NOT_FOR_ENFORCEMENT,162.0870,1258.0900,167.1000,162.0870,5.0130,0.10943026,0.10614735,5.0130,162.0870,0.10614735,5.0130,5.0130,5.0130,5.0130,5.0130,162.0870,0.10614735,25.0650,23.6055,142.0350,143.4945,0.09301572,0.09397148,0.00328291,26.3276,22.3621,2.8810,167.1000,10.4438,1527.0000,58.0000,,26.3276,20.0,20.0,30.0,40.0,50.0,51.84,20.0,0.0,2.5,2.592,1.316379,12,17,1,2,0E-8,0.10943026,,0E-8,0.000000,0.849378,0.000000,,2026-04-08,2026-04-08,1,16,12,1,1.000000,,,0.000000,,,,,,,,GLOBAL_BASELINE_NO_ENTITY_RANKING,,,NOT_APPLICABLE_GLOBAL_BASELINE,HF9g-P5,,,,X 全窗基线 · 不参与实体赏罚,6878962,688,A168_HF9F_20260827_0900,2026-08-27 09:00:00
2026-04-08,148355489,1393,0,30.0000000000,-30.0000000000,-30.0000000000,0E-7,1,1,0.49324550000000000,0.493245500000,-0.9865810262130424,-0.9865810262130424,-0.9865810262130424,0E-17,ELIGIBLE,R03b_20260811_FULL_v1,L1_ELIGIBILITY,v2026-08-11,2026-03-21..2026-08-06,baccarat_bet02_101_all_pairs_incl_sentinel,round_win = game_pnl > 0 (decisive only),COMPATIBILITY_ONLY_NOT_PRODUCTION,1527.0000,1297.0000,167.1000,58,58,-0.10943026,,-0.10943026,-0.10943026,-167.1000,1527.0000,OK,0.0000,5.0130,3.0000,97.0000,AG03-UNRESOLVED,ALL5_LEVELS_bet23_to_bet27,5.0130,5.0130,5.0130,5.0130,5.0130,3.000000,3.000000,3.000000,3.000000,3.000000,97.000000,97.000000,97.000000,97.000000,97.000000,5.0,25.0650,23.6055,142.0350,143.4945,PENDING_AG03,FALSE,NOT_FOR_ENFORCEMENT,162.0870,1258.0900,167.1000,162.0870,5.0130,0.10943026,0.10614735,5.0130,162.0870,0.10614735,5.0130,5.0130,5.0130,5.0130,5.0130,162.0870,0.10614735,25.0650,23.6055,142.0350,143.4945,0.09301572,0.09397148,0.00328291,26.3276,22.3621,2.8810,167.1000,10.4438,1527.0000,58.0000,,26.3276,20.0,20.0,30.0,40.0,50.0,51.84,20.0,0.0,2.5,2.592,1.316379,12,17,1,2,0E-8,0.10943026,,0E-8,0.000000,0.849378,0.000000,,2026-04-08,2026-04-08,1,16,12,1,1.000000,,,0.000000,,,,,,,,GLOBAL_BASELINE_NO_ENTITY_RANKING,,,NOT_APPLICABLE_GLOBAL_BASELINE,HF9g-P5,,,,X 全窗基线 · 不参与实体赏罚,6878963,688,A168_HF9F_20260827_0900,2026-08-27 09:00:00
2026-04-08,148355489,1400,0,130.0000000000,-28.6000000000,-28.6000000000,0.3333333,3,3,0.50218230000000000,0.502182300000,-0.5849155494134425,-0.5849155494134426,-0.5849155494134425,0E-17,ELIGIBLE,R03b_20260811_FULL_v1,L1_ELIGIBILITY,v2026-08-11,2026-03-21..2026-08-06,baccarat_bet02_101_all_pairs_incl_sentinel,round_win = game_pnl > 0 (decisive only),COMPATIBILITY_ONLY_NOT_PRODUCTION,1527.0000,1297.0000,167.1000,58,58,-0.10943026,,-0.10943026,-0.10943026,-167.1000,1527.0000,OK,0.0000,5.0130,3.0000,97.0000,AG03-UNRESOLVED,ALL5_LEVELS_bet23_to_bet27,5.0130,5.0130,5.0130,5.0130,5.0130,3.000000,3.000000,3.000000,3.000000,3.000000,97.000000,97.000000,97.000000,97.000000,97.000000,5.0,25.0650,23.6055,142.0350,143.4945,PENDING_AG03,FALSE,NOT_FOR_ENFORCEMENT,162.0870,1258.0900,167.1000,162.0870,5.0130,0.10943026,0.10614735,5.0130,162.0870,0.10614735,5.0130,5.0130,5.0130,5.0130,5.0130,162.0870,0.10614735,25.0650,23.6055,142.0350,143.4945,0.09301572,0.09397148,0.00328291,26.3276,22.3621,2.8810,167.1000,10.4438,1527.0000,58.0000,,26.3276,20.0,20.0,30.0,40.0,50.0,51.84,20.0,0.0,2.5,2.592,1.316379,12,17,1,2,0E-8,0.10943026,,0E-8,0.000000,0.849378,0.000000,,2026-04-08,2026-04-08,1,16,12,1,1.000000,,,0.000000,,,,,,,,GLOBAL_BASELINE_NO_ENTITY_RANKING,,,NOT_APPLICABLE_GLOBAL_BASELINE,HF9g-P5,,,,X 全窗基线 · 不参与实体赏罚,6878964,688,A168_HF9F_20260827_0900,2026-08-27 09:00:00
2026-04-08,148355489,1402,0,90.0000000000,-11.5000000000,-11.5000000000,0.3333333,4,4,0.50329940000000000,0.503299400000,-0.5887925454369916,-0.5887925454369916,-0.5887925454369916,0E-17,ELIGIBLE,R03b_20260811_FULL_v1,L1_ELIGIBILITY,v2026-08-11,2026-03-21..2026-08-06,baccarat_bet02_101_all_pairs_incl_sentinel,round_win = game_pnl > 0 (decisive only),COMPATIBILITY_ONLY_NOT_PRODUCTION,1527.0000,1297.0000,167.1000,58,58,-0.10943026,,-0.10943026,-0.10943026,-167.1000,1527.0000,OK,0.0000,5.0130,3.0000,97.0000,AG03-UNRESOLVED,ALL5_LEVELS_bet23_to_bet27,5.0130,5.0130,5.0130,5.0130,5.0130,3.000000,3.000000,3.000000,3.000000,3.000000,97.000000,97.000000,97.000000,97.000000,97.000000,5.0,25.0650,23.6055,142.0350,143.4945,PENDING_AG03,FALSE,NOT_FOR_ENFORCEMENT,162.0870,1258.0900,167.1000,162.0870,5.0130,0.10943026,0.10614735,5.0130,162.0870,0.10614735,5.0130,5.0130,5.0130,5.0130,5.0130,162.0870,0.10614735,25.0650,23.6055,142.0350,143.4945,0.09301572,0.09397148,0.00328291,26.3276,22.3621,2.8810,167.1000,10.4438,1527.0000,58.0000,,26.3276,20.0,20.0,30.0,40.0,50.0,51.84,20.0,0.0,2.5,2.592,1.316379,12,17,1,2,0E-8,0.10943026,,0E-8,0.000000,0.849378,0.000000,,2026-04-08,2026-04-08,1,16,12,1,1.000000,,,0.000000,,,,,,,,GLOBAL_BASELINE_NO_ENTITY_RANKING,,,NOT_APPLICABLE_GLOBAL_BASELINE,HF9g-P5,,,,X 全窗基线 · 不参与实体赏罚,6878965,688,A168_HF9F_20260827_0900,2026-08-27 09:00:00
2026-04-08,148355489,1490,0,60.0000000000,-30.0000000000,-30.0000000000,0E-7,2,2,0.50665070000000000,0.506650700000,-1.013391052207602,-1.013391052207602,-1.013391052207602,0E-17,ELIGIBLE,R03b_20260811_FULL_v1,L1_ELIGIBILITY,v2026-08-11,2026-03-21..2026-08-06,baccarat_bet02_101_all_pairs_incl_sentinel,round_win = game_pnl > 0 (decisive only),COMPATIBILITY_ONLY_NOT_PRODUCTION,1527.0000,1297.0000,167.1000,58,58,-0.10943026,,-0.10943026,-0.10943026,-167.1000,1527.0000,OK,0.0000,5.0130,3.0000,97.0000,AG03-UNRESOLVED,ALL5_LEVELS_bet23_to_bet27,5.0130,5.0130,5.0130,5.0130,5.0130,3.000000,3.000000,3.000000,3.000000,3.000000,97.000000,97.000000,97.000000,97.000000,97.000000,5.0,25.0650,23.6055,142.0350,143.4945,PENDING_AG03,FALSE,NOT_FOR_ENFORCEMENT,162.0870,1258.0900,167.1000,162.0870,5.0130,0.10943026,0.10614735,5.0130,162.0870,0.10614735,5.0130,5.0130,5.0130,5.0130,5.0130,162.0870,0.10614735,25.0650,23.6055,142.0350,143.4945,0.09301572,0.09397148,0.00328291,26.3276,22.3621,2.8810,167.1000,10.4438,1527.0000,58.0000,,26.3276,20.0,20.0,30.0,40.0,50.0,51.84,20.0,0.0,2.5,2.592,1.316379,12,17,1,2,0E-8,0.10943026,,0E-8,0.000000,0.849378,0.000000,,2026-04-08,2026-04-08,1,16,12,1,1.000000,,,0.000000,,,,,,,,GLOBAL_BASELINE_NO_ENTITY_RANKING,,,NOT_APPLICABLE_GLOBAL_BASELINE,HF9g-P5,,,,X 全窗基线 · 不参与实体赏罚,6878966,688,A168_HF9F_20260827_0900,2026-08-27 09:00:00
2026-04-08,148355489,1646,0,30.0000000000,-30.0000000000,-30.0000000000,0E-7,1,1,0.50665070000000000,0.506650700000,-1.013391052207602,-1.013391052207602,-1.013391052207602,0E-17,ELIGIBLE,R03b_20260811_FULL_v1,L1_ELIGIBILITY,v2026-08-11,2026-03-21..2026-08-06,baccarat_bet02_101_all_pairs_incl_sentinel,round_win = game_pnl > 0 (decisive only),COMPATIBILITY_ONLY_NOT_PRODUCTION,1527.0000,1297.0000,167.1000,58,58,-0.10943026,,-0.10943026,-0.10943026,-167.1000,1527.0000,OK,0.0000,5.0130,3.0000,97.0000,AG03-UNRESOLVED,ALL5_LEVELS_bet23_to_bet27,5.0130,5.0130,5.0130,5.0130,5.0130,3.000000,3.000000,3.000000,3.000000,3.000000,97.000000,97.000000,97.000000,97.000000,97.000000,5.0,25.0650,23.6055,142.0350,143.4945,PENDING_AG03,FALSE,NOT_FOR_ENFORCEMENT,162.0870,1258.0900,167.1000,162.0870,5.0130,0.10943026,0.10614735,5.0130,162.0870,0.10614735,5.0130,5.0130,5.0130,5.0130,5.0130,162.0870,0.10614735,25.0650,23.6055,142.0350,143.4945,0.09301572,0.09397148,0.00328291,26.3276,22.3621,2.8810,167.1000,10.4438,1527.0000,58.0000,,26.3276,20.0,20.0,30.0,40.0,50.0,51.84,20.0,0.0,2.5,2.592,1.316379,12,17,1,2,0E-8,0.10943026,,0E-8,0.000000,0.849378,0.000000,,2026-04-08,2026-04-08,1,16,12,1,1.000000,,,0.000000,,,,,,,,GLOBAL_BASELINE_NO_ENTITY_RANKING,,,NOT_APPLICABLE_GLOBAL_BASELINE,HF9g-P5,,,,X 全窗基线 · 不参与实体赏罚,6878967,688,A168_HF9F_20260827_0900,2026-08-27 09:00:00
2026-04-08,148355489,1704,0,20.0000000000,-20.0000000000,-20.0000000000,0E-7,1,1,0.49324550000000000,0.493245500000,-0.9865810262130424,-0.9865810262130424,-0.9865810262130424,0E-17,ELIGIBLE,R03b_20260811_FULL_v1,L1_ELIGIBILITY,v2026-08-11,2026-03-21..2026-08-06,baccarat_bet02_101_all_pairs_incl_sentinel,round_win = game_pnl > 0 (decisive only),COMPATIBILITY_ONLY_NOT_PRODUCTION,1527.0000,1297.0000,167.1000,58,58,-0.10943026,,-0.10943026,-0.10943026,-167.1000,1527.0000,OK,0.0000,5.0130,3.0000,97.0000,AG03-UNRESOLVED,ALL5_LEVELS_bet23_to_bet27,5.0130,5.0130,5.0130,5.0130,5.0130,3.000000,3.000000,3.000000,3.000000,3.000000,97.000000,97.000000,97.000000,97.000000,97.000000,5.0,25.0650,23.6055,142.0350,143.4945,PENDING_AG03,FALSE,NOT_FOR_ENFORCEMENT,162.0870,1258.0900,167.1000,162.0870,5.0130,0.10943026,0.10614735,5.0130,162.0870,0.10614735,5.0130,5.0130,5.0130,5.0130,5.0130,162.0870,0.10614735,25.0650,23.6055,142.0350,143.4945,0.09301572,0.09397148,0.00328291,26.3276,22.3621,2.8810,167.1000,10.4438,1527.0000,58.0000,,26.3276,20.0,20.0,30.0,40.0,50.0,51.84,20.0,0.0,2.5,2.592,1.316379,12,17,1,2,0E-8,0.10943026,,0E-8,0.000000,0.849378,0.000000,,2026-04-08,2026-04-08,1,16,12,1,1.000000,,,0.000000,,,,,,,,GLOBAL_BASELINE_NO_ENTITY_RANKING,,,NOT_APPLICABLE_GLOBAL_BASELINE,HF9g-P5,,,,X 全窗基线 · 不参与实体赏罚,6878968,688,A168_HF9F_20260827_0900,2026-08-27 09:00:00
2026-04-08,148355489,2145,0,150.0000000000,68.5000000000,68.5000000000,0.7500000,6,6,0.50218230000000000,0.502182300000,0.9912802418570135,0.9912802418570135,0.9912802418570135,0E-17,ELIGIBLE,R03b_20260811_FULL_v1,L1_ELIGIBILITY,v2026-08-11,2026-03-21..2026-08-06,baccarat_bet02_101_all_pairs_incl_sentinel,round_win = game_pnl > 0 (decisive only),COMPATIBILITY_ONLY_NOT_PRODUCTION,1527.0000,1297.0000,167.1000,58,58,-0.10943026,,-0.10943026,-0.10943026,-167.1000,1527.0000,OK,0.0000,5.0130,3.0000,97.0000,AG03-UNRESOLVED,ALL5_LEVELS_bet23_to_bet27,5.0130,5.0130,5.0130,5.0130,5.0130,3.000000,3.000000,3.000000,3.000000,3.000000,97.000000,97.000000,97.000000,97.000000,97.000000,5.0,25.0650,23.6055,142.0350,143.4945,PENDING_AG03,FALSE,NOT_FOR_ENFORCEMENT,162.0870,1258.0900,167.1000,162.0870,5.0130,0.10943026,0.10614735,5.0130,162.0870,0.10614735,5.0130,5.0130,5.0130,5.0130,5.0130,162.0870,0.10614735,25.0650,23.6055,142.0350,143.4945,0.09301572,0.09397148,0.00328291,26.3276,22.3621,2.8810,167.1000,10.4438,1527.0000,58.0000,,26.3276,20.0,20.0,30.0,40.0,50.0,51.84,20.0,0.0,2.5,2.592,1.316379,12,17,1,2,0E-8,0.10943026,,0E-8,0.000000,0.849378,0.000000,,2026-04-08,2026-04-08,1,16,12,1,1.000000,,,0.000000,,,,,,,,GLOBAL_BASELINE_NO_ENTITY_RANKING,,,NOT_APPLICABLE_GLOBAL_BASELINE,HF9g-P5,,,,X 全窗基线 · 不参与实体赏罚,6878969,688,A168_HF9F_20260827_0900,2026-08-27 09:00:00
2026-04-08,148355489,2196,0,270.0000000000,-11.5000000000,-11.5000000000,0.4444444,10,10,0.50128862000000000,0.501288620000,-0.34106618604432953,-0.3410661860443296,-0.34106618604432953,0E-17,ELIGIBLE,R03b_20260811_FULL_v1,L1_ELIGIBILITY,v2026-08-11,2026-03-21..2026-08-06,baccarat_bet02_101_all_pairs_incl_sentinel,round_win = game_pnl > 0 (decisive only),COMPATIBILITY_ONLY_NOT_PRODUCTION,1527.0000,1297.0000,167.1000,58,58,-0.10943026,,-0.10943026,-0.10943026,-167.1000,1527.0000,OK,0.0000,5.0130,3.0000,97.0000,AG03-UNRESOLVED,ALL5_LEVELS_bet23_to_bet27,5.0130,5.0130,5.0130,5.0130,5.0130,3.000000,3.000000,3.000000,3.000000,3.000000,97.000000,97.000000,97.000000,97.000000,97.000000,5.0,25.0650,23.6055,142.0350,143.4945,PENDING_AG03,FALSE,NOT_FOR_ENFORCEMENT,162.0870,1258.0900,167.1000,162.0870,5.0130,0.10943026,0.10614735,5.0130,162.0870,0.10614735,5.0130,5.0130,5.0130,5.0130,5.0130,162.0870,0.10614735,25.0650,23.6055,142.0350,143.4945,0.09301572,0.09397148,0.00328291,26.3276,22.3621,2.8810,167.1000,10.4438,1527.0000,58.0000,,26.3276,20.0,20.0,30.0,40.0,50.0,51.84,20.0,0.0,2.5,2.592,1.316379,12,17,1,2,0E-8,0.10943026,,0E-8,0.000000,0.849378,0.000000,,2026-04-08,2026-04-08,1,16,12,1,1.000000,,,0.000000,,,,,,,,GLOBAL_BASELINE_NO_ENTITY_RANKING,,,NOT_APPLICABLE_GLOBAL_BASELINE,HF9g-P5,,,,X 全窗基线 · 不参与实体赏罚,6878970,688,A168_HF9F_20260827_0900,2026-08-27 09:00:00
2026-04-08,148355489,2209,0,90.0000000000,28.0000000000,28.0000000000,0.6666667,3,3,0.49771390000000000,0.497713900000,0.5852756695216578,0.5852756695216578,0.5852756695216578,0E-17,ELIGIBLE,R03b_20260811_FULL_v1,L1_ELIGIBILITY,v2026-08-11,2026-03-21..2026-08-06,baccarat_bet02_101_all_pairs_incl_sentinel,round_win = game_pnl > 0 (decisive only),COMPATIBILITY_ONLY_NOT_PRODUCTION,1527.0000,1297.0000,167.1000,58,58,-0.10943026,,-0.10943026,-0.10943026,-167.1000,1527.0000,OK,0.0000,5.0130,3.0000,97.0000,AG03-UNRESOLVED,ALL5_LEVELS_bet23_to_bet27,5.0130,5.0130,5.0130,5.0130,5.0130,3.000000,3.000000,3.000000,3.000000,3.000000,97.000000,97.000000,97.000000,97.000000,97.000000,5.0,25.0650,23.6055,142.0350,143.4945,PENDING_AG03,FALSE,NOT_FOR_ENFORCEMENT,162.0870,1258.0900,167.1000,162.0870,5.0130,0.10943026,0.10614735,5.0130,162.0870,0.10614735,5.0130,5.0130,5.0130,5.0130,5.0130,162.0870,0.10614735,25.0650,23.6055,142.0350,143.4945,0.09301572,0.09397148,0.00328291,26.3276,22.3621,2.8810,167.1000,10.4438,1527.0000,58.0000,,26.3276,20.0,20.0,30.0,40.0,50.0,51.84,20.0,0.0,2.5,2.592,1.316379,12,17,1,2,0E-8,0.10943026,,0E-8,0.000000,0.849378,0.000000,,2026-04-08,2026-04-08,1,16,12,1,1.000000,,,0.000000,,,,,,,,GLOBAL_BASELINE_NO_ENTITY_RANKING,,,NOT_APPLICABLE_GLOBAL_BASELINE,HF9g-P5,,,,X 全窗基线 · 不参与实体赏罚,6878971,688,A168_HF9F_20260827_0900,2026-08-27 09:00:00
2026-04-08,148355489,2239,0,20.0000000000,20.0000000000,20.0000000000,1.0000000,1,1,0.49324550000000000,0.493245500000,1.01360149184955,1.01360149184955,1.01360149184955,0E-17,ELIGIBLE,R03b_20260811_FULL_v1,L1_ELIGIBILITY,v2026-08-11,2026-03-21..2026-08-06,baccarat_bet02_101_all_pairs_incl_sentinel,round_win = game_pnl > 0 (decisive only),COMPATIBILITY_ONLY_NOT_PRODUCTION,1527.0000,1297.0000,167.1000,58,58,-0.10943026,,-0.10943026,-0.10943026,-167.1000,1527.0000,OK,0.0000,5.0130,3.0000,97.0000,AG03-UNRESOLVED,ALL5_LEVELS_bet23_to_bet27,5.0130,5.0130,5.0130,5.0130,5.0130,3.000000,3.000000,3.000000,3.000000,3.000000,97.000000,97.000000,97.000000,97.000000,97.000000,5.0,25.0650,23.6055,142.0350,143.4945,PENDING_AG03,FALSE,NOT_FOR_ENFORCEMENT,162.0870,1258.0900,167.1000,162.0870,5.0130,0.10943026,0.10614735,5.0130,162.0870,0.10614735,5.0130,5.0130,5.0130,5.0130,5.0130,162.0870,0.10614735,25.0650,23.6055,142.0350,143.4945,0.09301572,0.09397148,0.00328291,26.3276,22.3621,2.8810,167.1000,10.4438,1527.0000,58.0000,,26.3276,20.0,20.0,30.0,40.0,50.0,51.84,20.0,0.0,2.5,2.592,1.316379,12,17,1,2,0E-8,0.10943026,,0E-8,0.000000,0.849378,0.000000,,2026-04-08,2026-04-08,1,16,12,1,1.000000,,,0.000000,,,,,,,,GLOBAL_BASELINE_NO_ENTITY_RANKING,,,NOT_APPLICABLE_GLOBAL_BASELINE,HF9g-P5,,,,X 全窗基线 · 不参与实体赏罚,6878972,688,A168_HF9F_20260827_0900,2026-08-27 09:00:00
2026-04-08,148355489,789,0,20.0000000000,-20.0000000000,-20.0000000000,0E-7,1,1,0.49324550000000000,0.493245500000,-0.9865810262130424,-0.9865810262130424,-0.9865810262130424,0E-17,ELIGIBLE,R03b_20260811_FULL_v1,L1_ELIGIBILITY,v2026-08-11,2026-03-21..2026-08-06,baccarat_bet02_101_all_pairs_incl_sentinel,round_win = game_pnl > 0 (decisive only),COMPATIBILITY_ONLY_NOT_PRODUCTION,1527.0000,1297.0000,167.1000,58,58,-0.10943026,,-0.10943026,-0.10943026,-167.1000,1527.0000,OK,0.0000,5.0130,3.0000,97.0000,AG03-UNRESOLVED,ALL5_LEVELS_bet23_to_bet27,5.0130,5.0130,5.0130,5.0130,5.0130,3.000000,3.000000,3.000000,3.000000,3.000000,97.000000,97.000000,97.000000,97.000000,97.000000,5.0,25.0650,23.6055,142.0350,143.4945,PENDING_AG03,FALSE,NOT_FOR_ENFORCEMENT,162.0870,1258.0900,167.1000,162.0870,5.0130,0.10943026,0.10614735,5.0130,162.0870,0.10614735,5.0130,5.0130,5.0130,5.0130,5.0130,162.0870,0.10614735,25.0650,23.6055,142.0350,143.4945,0.09301572,0.09397148,0.00328291,26.3276,22.3621,2.8810,167.1000,10.4438,1527.0000,58.0000,,26.3276,20.0,20.0,30.0,40.0,50.0,51.84,20.0,0.0,2.5,2.592,1.316379,12,17,1,2,0E-8,0.10943026,,0E-8,0.000000,0.849378,0.000000,,2026-04-08,2026-04-08,1,16,12,1,1.000000,,,0.000000,,,,,,,,GLOBAL_BASELINE_NO_ENTITY_RANKING,,,NOT_APPLICABLE_GLOBAL_BASELINE,HF9g-P5,,,,X 全窗基线 · 不参与实体赏罚,6878973,688,A168_HF9F_20260827_0900,2026-08-27 09:00:00
2026-03-22,146261411,1105,0,849.7248334519,-123.1534876373,-123.1534876373,0.5000000,6,6,0.50218230000000000,0.502182300000,-0.01069114476356389,-0.01069114476356389,-0.01069114476356389,0E-17,ELIGIBLE,R03b_20260811_FULL_v1,L1_ELIGIBILITY,v2026-08-11,2026-03-21..2026-08-06,baccarat_bet02_101_all_pairs_incl_sentinel,round_win = game_pnl > 0 (decisive only),COMPATIBILITY_ONLY_NOT_PRODUCTION,1593.2736,1416.5877,168.8457,12,12,-0.10597406,,-0.10597406,-0.10597406,-168.8457,1593.2736,THIN_EXPOSURE,0.0000,6.7538,4.0000,96.0000,AG03-UNRESOLVED,ALL5_LEVELS_bet23_to_bet27,6.7538,6.7538,6.7538,8.4423,8.4423,4.000000,4.000000,4.000000,5.000000,5.000000,96.000000,96.000000,96.000000,95.000000,95.000000,5.0,37.1460,34.0268,131.6996,134.8189,PENDING_AG03,FALSE,NOT_FOR_ENFORCEMENT,162.0918,1359.9242,168.8457,162.0918,6.7538,0.10597406,0.10173510,6.7538,162.0918,0.10173510,6.7538,6.7538,6.7538,8.4423,8.4423,162.0918,0.10173510,37.1460,34.0268,131.6996,134.8189,0.08265977,0.08461756,0.00423896,132.7728,118.0490,14.0705,42.2114,33.7691,398.3184,3.0000,,132.7728,97.954,157.9904,170.7612,178.9767,183.5585,184.3221,140.6114,-4.9734,1.161833,1.166667,0.840385,4,5,4,3,0E-8,0.10597406,,0E-8,0.000000,0.889105,0.000000,,2026-03-22,2026-04-03,4,5,5,13,0.307692,,,0.000000,,,,,,,,GLOBAL_BASELINE_NO_ENTITY_RANKING,,,NOT_APPLICABLE_GLOBAL_BASELINE,HF9g-P5,,,,X 全窗基线 · 不参与实体赏罚,6878974,688,A168_HF9F_20260827_0900,2026-08-27 09:00:00
2026-03-23,146261411,2250,0,282.0127972193,62.5246859942,62.5246859942,0.5000000,2,2,0.49994810000000000,0.499948100000,0.00014679536856514622,0.00014679536856514622,0.00014679536856514622,0E-17,ELIGIBLE,R03b_20260811_FULL_v1,L1_ELIGIBILITY,v2026-08-11,2026-03-21..2026-08-06,baccarat_bet02_101_all_pairs_incl_sentinel,round_win = game_pnl > 0 (decisive only),COMPATIBILITY_ONLY_NOT_PRODUCTION,1593.2736,1416.5877,168.8457,12,12,-0.10597406,,-0.10597406,-0.10597406,-168.8457,1593.2736,THIN_EXPOSURE,0.0000,6.7538,4.0000,96.0000,AG03-UNRESOLVED,ALL5_LEVELS_bet23_to_bet27,6.7538,6.7538,6.7538,8.4423,8.4423,4.000000,4.000000,4.000000,5.000000,5.000000,96.000000,96.000000,96.000000,95.000000,95.000000,5.0,37.1460,34.0268,131.6996,134.8189,PENDING_AG03,FALSE,NOT_FOR_ENFORCEMENT,162.0918,1359.9242,168.8457,162.0918,6.7538,0.10597406,0.10173510,6.7538,162.0918,0.10173510,6.7538,6.7538,6.7538,8.4423,8.4423,162.0918,0.10173510,37.1460,34.0268,131.6996,134.8189,0.08265977,0.08461756,0.00423896,132.7728,118.0490,14.0705,42.2114,33.7691,398.3184,3.0000,,132.7728,97.954,157.9904,170.7612,178.9767,183.5585,184.3221,140.6114,-4.9734,1.161833,1.166667,0.840385,4,5,4,3,0E-8,0.10597406,,0E-8,0.000000,0.889105,0.000000,,2026-03-22,2026-04-03,4,5,5,13,0.307692,,,0.000000,,,,,,,,GLOBAL_BASELINE_NO_ENTITY_RANKING,,,NOT_APPLICABLE_GLOBAL_BASELINE,HF9g-P5,,,,X 全窗基线 · 不参与实体赏罚,6878975,688,A168_HF9F_20260827_0900,2026-08-27 09:00:00
2026-03-23,146261411,970,0,267.2670300445,86.0520841562,86.0520841562,1.0000000,2,2,0.49994810000000000,0.499948100000,1.0001038053877793,1.0001038053877793,1.0001038053877793,0E-17,ELIGIBLE,R03b_20260811_FULL_v1,L1_ELIGIBILITY,v2026-08-11,2026-03-21..2026-08-06,baccarat_bet02_101_all_pairs_incl_sentinel,round_win = game_pnl > 0 (decisive only),COMPATIBILITY_ONLY_NOT_PRODUCTION,1593.2736,1416.5877,168.8457,12,12,-0.10597406,,-0.10597406,-0.10597406,-168.8457,1593.2736,THIN_EXPOSURE,0.0000,6.7538,4.0000,96.0000,AG03-UNRESOLVED,ALL5_LEVELS_bet23_to_bet27,6.7538,6.7538,6.7538,8.4423,8.4423,4.000000,4.000000,4.000000,5.000000,5.000000,96.000000,96.000000,96.000000,95.000000,95.000000,5.0,37.1460,34.0268,131.6996,134.8189,PENDING_AG03,FALSE,NOT_FOR_ENFORCEMENT,162.0918,1359.9242,168.8457,162.0918,6.7538,0.10597406,0.10173510,6.7538,162.0918,0.10173510,6.7538,6.7538,6.7538,8.4423,8.4423,162.0918,0.10173510,37.1460,34.0268,131.6996,134.8189,0.08265977,0.08461756,0.00423896,132.7728,118.0490,14.0705,42.2114,33.7691,398.3184,3.0000,,132.7728,97.954,157.9904,170.7612,178.9767,183.5585,184.3221,140.6114,-4.9734,1.161833,1.166667,0.840385,4,5,4,3,0E-8,0.10597406,,0E-8,0.000000,0.889105,0.000000,,2026-03-22,2026-04-03,4,5,5,13,0.307692,,,0.000000,,,,,,,,GLOBAL_BASELINE_NO_ENTITY_RANKING,,,NOT_APPLICABLE_GLOBAL_BASELINE,HF9g-P5,,,,X 全窗基线 · 不参与实体赏罚,6878976,688,A168_HF9F_20260827_0900,2026-08-27 09:00:00
2026-03-29,146261411,2123,0,184.3220896859,-184.3220896859,-184.3220896859,0E-7,1,1,0.49324550000000000,0.493245500000,-0.9865810262130424,-0.9865810262130424,-0.9865810262130424,0E-17,ELIGIBLE,R03b_20260811_FULL_v1,L1_ELIGIBILITY,v2026-08-11,2026-03-21..2026-08-06,baccarat_bet02_101_all_pairs_incl_sentinel,round_win = game_pnl > 0 (decisive only),COMPATIBILITY_ONLY_NOT_PRODUCTION,1593.2736,1416.5877,168.8457,12,12,-0.10597406,,-0.10597406,-0.10597406,-168.8457,1593.2736,THIN_EXPOSURE,0.0000,6.7538,4.0000,96.0000,AG03-UNRESOLVED,ALL5_LEVELS_bet23_to_bet27,6.7538,6.7538,6.7538,8.4423,8.4423,4.000000,4.000000,4.000000,5.000000,5.000000,96.000000,96.000000,96.000000,95.000000,95.000000,5.0,37.1460,34.0268,131.6996,134.8189,PENDING_AG03,FALSE,NOT_FOR_ENFORCEMENT,162.0918,1359.9242,168.8457,162.0918,6.7538,0.10597406,0.10173510,6.7538,162.0918,0.10173510,6.7538,6.7538,6.7538,8.4423,8.4423,162.0918,0.10173510,37.1460,34.0268,131.6996,134.8189,0.08265977,0.08461756,0.00423896,132.7728,118.0490,14.0705,42.2114,33.7691,398.3184,3.0000,,132.7728,97.954,157.9904,170.7612,178.9767,183.5585,184.3221,140.6114,-4.9734,1.161833,1.166667,0.840385,4,5,4,3,0E-8,0.10597406,,0E-8,0.000000,0.889105,0.000000,,2026-03-22,2026-04-03,4,5,5,13,0.307692,,,0.000000,,,,,,,,GLOBAL_BASELINE_NO_ENTITY_RANKING,,,NOT_APPLICABLE_GLOBAL_BASELINE,HF9g-P5,,,,X 全窗基线 · 不参与实体赏罚,6878977,688,A168_HF9F_20260827_0900,2026-08-27 09:00:00
2026-04-03,146261411,1384,0,9.9468628118,-9.9468628118,-9.9468628118,0E-7,1,1,0.09460280000000000,0.094602800000,-0.32324545095860213,-0.32324545095860213,-0.32324545095860213,0E-17,ELIGIBLE,R03b_20260811_FULL_v1,L1_ELIGIBILITY,v2026-08-11,2026-03-21..2026-08-06,baccarat_bet02_101_all_pairs_incl_sentinel,round_win = game_pnl > 0 (decisive only),COMPATIBILITY_ONLY_NOT_PRODUCTION,1593.2736,1416.5877,168.8457,12,12,-0.10597406,,-0.10597406,-0.10597406,-168.8457,1593.2736,THIN_EXPOSURE,0.0000,6.7538,4.0000,96.0000,AG03-UNRESOLVED,ALL5_LEVELS_bet23_to_bet27,6.7538,6.7538,6.7538,8.4423,8.4423,4.000000,4.000000,4.000000,5.000000,5.000000,96.000000,96.000000,96.000000,95.000000,95.000000,5.0,37.1460,34.0268,131.6996,134.8189,PENDING_AG03,FALSE,NOT_FOR_ENFORCEMENT,162.0918,1359.9242,168.8457,162.0918,6.7538,0.10597406,0.10173510,6.7538,162.0918,0.10173510,6.7538,6.7538,6.7538,8.4423,8.4423,162.0918,0.10173510,37.1460,34.0268,131.6996,134.8189,0.08265977,0.08461756,0.00423896,132.7728,118.0490,14.0705,42.2114,33.7691,398.3184,3.0000,,132.7728,97.954,157.9904,170.7612,178.9767,183.5585,184.3221,140.6114,-4.9734,1.161833,1.166667,0.840385,4,5,4,3,0E-8,0.10597406,,0E-8,0.000000,0.889105,0.000000,,2026-03-22,2026-04-03,4,5,5,13,0.307692,,,0.000000,,,,,,,,GLOBAL_BASELINE_NO_ENTITY_RANKING,,,NOT_APPLICABLE_GLOBAL_BASELINE,HF9g-P5,,,,X 全窗基线 · 不参与实体赏罚,6878978,688,A168_HF9F_20260827_0900,2026-08-27 09:00:00
2026-08-01,153730750,1646,0,209.2882107951,-209.2882107951,-207.1953286871,0E-7,1,1,0.50665070000000000,0.506650700000,-1.013391052207602,-1.013391052207602,-1.013391052207602,0E-17,ELIGIBLE,R03b_20260811_FULL_v1,L1_ELIGIBILITY,v2026-08-11,2026-03-21..2026-08-06,baccarat_bet02_101_all_pairs_incl_sentinel,round_win = game_pnl > 0 (decisive only),COMPATIBILITY_ONLY_NOT_PRODUCTION,2092.8821,1883.5939,190.4523,10,10,-0.09100000,-0.09100000,,-0.10000000,-190.4523,2092.8821,THIN_EXPOSURE,18.8359,9.5226,5.0000,95.0000,AG03-UNRESOLVED,ALL5_LEVELS_bet23_to_bet27,9.5226,9.5226,9.5226,9.5226,9.5226,5.000000,5.000000,5.000000,5.000000,5.000000,95.000000,95.000000,95.000000,95.000000,95.000000,5.0,47.6131,43.0839,124.0033,128.5324,PENDING_AG03,FALSE,NOT_FOR_ENFORCEMENT,180.9297,1789.4142,171.6163,162.0937,-9.3133,0.08200000,0.07745000,9.5226,162.0937,0.07745000,9.5226,9.5226,9.5226,9.5226,9.5226,162.0937,0.07745000,47.6131,43.0839,124.0033,128.5324,0.05925000,0.06141407,-0.00445000,209.2882,188.3594,19.0452,190.4523,63.4841,2092.8821,10.0000,209.2882,,209.2882,209.2882,209.2882,209.2882,209.2882,209.2882,209.2882,-103.5977,1.0,1.0,1.0,3,3,2,2,1.00000000,0.09100000,0.09100000,0.01000000,1.000000,0.900000,1.000000,,2026-08-01,2026-08-01,1,3,3,1,1.000000,,1.000000,3.333333,,,,,,,,GLOBAL_BASELINE_NO_ENTITY_RANKING,,,NOT_APPLICABLE_GLOBAL_BASELINE,HF9g-P5,,,,X 全窗基线 · 不参与实体赏罚,6878979,688,A168_HF9F_20260827_0900,2026-08-27 09:00:00
2026-08-01,153730750,2205,0,837.1528431804,-209.2882107951,-203.0095644712,0.3333333,4,4,0.49659680000000000,0.496596800000,-0.5655743394288276,-0.5655743394288276,-0.5655743394288276,0E-17,ELIGIBLE,R03b_20260811_FULL_v1,L1_ELIGIBILITY,v2026-08-11,2026-03-21..2026-08-06,baccarat_bet02_101_all_pairs_incl_sentinel,round_win = game_pnl > 0 (decisive only),COMPATIBILITY_ONLY_NOT_PRODUCTION,2092.8821,1883.5939,190.4523,10,10,-0.09100000,-0.09100000,,-0.10000000,-190.4523,2092.8821,THIN_EXPOSURE,18.8359,9.5226,5.0000,95.0000,AG03-UNRESOLVED,ALL5_LEVELS_bet23_to_bet27,9.5226,9.5226,9.5226,9.5226,9.5226,5.000000,5.000000,5.000000,5.000000,5.000000,95.000000,95.000000,95.000000,95.000000,95.000000,5.0,47.6131,43.0839,124.0033,128.5324,PENDING_AG03,FALSE,NOT_FOR_ENFORCEMENT,180.9297,1789.4142,171.6163,162.0937,-9.3133,0.08200000,0.07745000,9.5226,162.0937,0.07745000,9.5226,9.5226,9.5226,9.5226,9.5226,162.0937,0.07745000,47.6131,43.0839,124.0033,128.5324,0.05925000,0.06141407,-0.00445000,209.2882,188.3594,19.0452,190.4523,63.4841,2092.8821,10.0000,209.2882,,209.2882,209.2882,209.2882,209.2882,209.2882,209.2882,209.2882,-103.5977,1.0,1.0,1.0,3,3,2,2,1.00000000,0.09100000,0.09100000,0.01000000,1.000000,0.900000,1.000000,,2026-08-01,2026-08-01,1,3,3,1,1.000000,,1.000000,3.333333,,,,,,,,GLOBAL_BASELINE_NO_ENTITY_RANKING,,,NOT_APPLICABLE_GLOBAL_BASELINE,HF9g-P5,,,,X 全窗基线 · 不参与实体赏罚,6878980,688,A168_HF9F_20260827_0900,2026-08-27 09:00:00
2026-08-01,153730750,471,0,1046.4410539755,209.2882107951,219.7526213348,0.6000000,5,5,0.49592654000000000,0.495926540000,0.46544610904919037,0.46544610904919037,0.46544610904919037,0E-17,ELIGIBLE,R03b_20260811_FULL_v1,L1_ELIGIBILITY,v2026-08-11,2026-03-21..2026-08-06,baccarat_bet02_101_all_pairs_incl_sentinel,round_win = game_pnl > 0 (decisive only),COMPATIBILITY_ONLY_NOT_PRODUCTION,2092.8821,1883.5939,190.4523,10,10,-0.09100000,-0.09100000,,-0.10000000,-190.4523,2092.8821,THIN_EXPOSURE,18.8359,9.5226,5.0000,95.0000,AG03-UNRESOLVED,ALL5_LEVELS_bet23_to_bet27,9.5226,9.5226,9.5226,9.5226,9.5226,5.000000,5.000000,5.000000,5.000000,5.000000,95.000000,95.000000,95.000000,95.000000,95.000000,5.0,47.6131,43.0839,124.0033,128.5324,PENDING_AG03,FALSE,NOT_FOR_ENFORCEMENT,180.9297,1789.4142,171.6163,162.0937,-9.3133,0.08200000,0.07745000,9.5226,162.0937,0.07745000,9.5226,9.5226,9.5226,9.5226,9.5226,162.0937,0.07745000,47.6131,43.0839,124.0033,128.5324,0.05925000,0.06141407,-0.00445000,209.2882,188.3594,19.0452,190.4523,63.4841,2092.8821,10.0000,209.2882,,209.2882,209.2882,209.2882,209.2882,209.2882,209.2882,209.2882,-103.5977,1.0,1.0,1.0,3,3,2,2,1.00000000,0.09100000,0.09100000,0.01000000,1.000000,0.900000,1.000000,,2026-08-01,2026-08-01,1,3,3,1,1.000000,,1.000000,3.333333,,,,,,,,GLOBAL_BASELINE_NO_ENTITY_RANKING,,,NOT_APPLICABLE_GLOBAL_BASELINE,HF9g-P5,,,,X 全窗基线 · 不参与实体赏罚,6878981,688,A168_HF9F_20260827_0900,2026-08-27 09:00:00
2026-05-03,149513509,1299,0,369.7090641740,241.3612015544,241.3612015544,0.7142857,8,8,0.50329940000000000,0.503299400000,1.1164589431750795,1.1164589431750798,1.1164589431750795,0E-17,ELIGIBLE,R03b_20260811_FULL_v1,L1_ELIGIBILITY,v2026-08-11,2026-03-21..2026-08-06,baccarat_bet02_101_all_pairs_incl_sentinel,round_win = game_pnl > 0 (decisive only),COMPATIBILITY_ONLY_NOT_PRODUCTION,1441.8654,1397.7523,168.8478,53,44,-0.11710373,,-0.11710373,-0.11710373,-168.8478,1441.8654,OK,0.0000,6.7539,4.0000,96.0000,AG03-UNRESOLVED,ALL5_LEVELS_bet23_to_bet27,6.7539,6.7539,6.7539,6.7539,6.7539,4.000000,4.000000,4.000000,4.000000,4.000000,96.000000,96.000000,96.000000,96.000000,96.000000,5.0,33.7696,31.1739,135.0782,137.6739,PENDING_AG03,FALSE,NOT_FOR_ENFORCEMENT,162.0939,1341.8422,168.8478,162.0939,6.7539,0.11710373,0.11241958,6.7539,162.0939,0.11241958,6.7539,6.7539,6.7539,6.7539,6.7539,162.0939,0.11241958,33.7696,31.1739,135.0782,137.6739,0.09368298,0.09548318,0.00468415,27.2050,31.7671,3.8375,168.8478,21.1060,1441.8654,44.0000,,27.2050,5.4616,12.1836,26.2577,78.4791,103.4555,166.2851,10.9232,-2.1006,8.491378,13.648283,2.232921,7,8,1,6,0E-8,0.11710373,,0E-8,0.000000,0.969406,0.000000,,2026-05-03,2026-05-03,1,8,7,1,1.000000,,,0.000000,,,,,,,,GLOBAL_BASELINE_NO_ENTITY_RANKING,,,NOT_APPLICABLE_GLOBAL_BASELINE,HF9g-P5,,,,X 全窗基线 · 不参与实体赏罚,6878982,688,A168_HF9F_20260827_0900,2026-08-27 09:00:00
2026-05-03,149513509,1331,0,59.0274130868,-16.7839512655,-16.7839512655,0.3333333,10,6,0.38838596624884892,0.384373230556,-0.2766834828549759,-0.2570100472106369,-0.2766834828549759,0.00401273569284892,ELIGIBLE,R03b_20260811_FULL_v1,L1_ELIGIBILITY,v2026-08-11,2026-03-21..2026-08-06,baccarat_bet02_101_all_pairs_incl_sentinel,round_win = game_pnl > 0 (decisive only),COMPATIBILITY_ONLY_NOT_PRODUCTION,1441.8654,1397.7523,168.8478,53,44,-0.11710373,,-0.11710373,-0.11710373,-168.8478,1441.8654,OK,0.0000,6.7539,4.0000,96.0000,AG03-UNRESOLVED,ALL5_LEVELS_bet23_to_bet27,6.7539,6.7539,6.7539,6.7539,6.7539,4.000000,4.000000,4.000000,4.000000,4.000000,96.000000,96.000000,96.000000,96.000000,96.000000,5.0,33.7696,31.1739,135.0782,137.6739,PENDING_AG03,FALSE,NOT_FOR_ENFORCEMENT,162.0939,1341.8422,168.8478,162.0939,6.7539,0.11710373,0.11241958,6.7539,162.0939,0.11241958,6.7539,6.7539,6.7539,6.7539,6.7539,162.0939,0.11241958,33.7696,31.1739,135.0782,137.6739,0.09368298,0.09548318,0.00468415,27.2050,31.7671,3.8375,168.8478,21.1060,1441.8654,44.0000,,27.2050,5.4616,12.1836,26.2577,78.4791,103.4555,166.2851,10.9232,-2.1006,8.491378,13.648283,2.232921,7,8,1,6,0E-8,0.11710373,,0E-8,0.000000,0.969406,0.000000,,2026-05-03,2026-05-03,1,8,7,1,1.000000,,,0.000000,,,,,,,,GLOBAL_BASELINE_NO_ENTITY_RANKING,,,NOT_APPLICABLE_GLOBAL_BASELINE,HF9g-P5,,,,X 全窗基线 · 不参与实体赏罚,6878983,688,A168_HF9F_20260827_0900,2026-08-27 09:00:00
2026-05-03,149513509,2121,0,24.5772502888,-24.5772502888,-24.5772502888,0E-7,1,1,0.50665070000000000,0.506650700000,-1.013391052207602,-1.013391052207602,-1.013391052207602,0E-17,ELIGIBLE,R03b_20260811_FULL_v1,L1_ELIGIBILITY,v2026-08-11,2026-03-21..2026-08-06,baccarat_bet02_101_all_pairs_incl_sentinel,round_win = game_pnl > 0 (decisive only),COMPATIBILITY_ONLY_NOT_PRODUCTION,1441.8654,1397.7523,168.8478,53,44,-0.11710373,,-0.11710373,-0.11710373,-168.8478,1441.8654,OK,0.0000,6.7539,4.0000,96.0000,AG03-UNRESOLVED,ALL5_LEVELS_bet23_to_bet27,6.7539,6.7539,6.7539,6.7539,6.7539,4.000000,4.000000,4.000000,4.000000,4.000000,96.000000,96.000000,96.000000,96.000000,96.000000,5.0,33.7696,31.1739,135.0782,137.6739,PENDING_AG03,FALSE,NOT_FOR_ENFORCEMENT,162.0939,1341.8422,168.8478,162.0939,6.7539,0.11710373,0.11241958,6.7539,162.0939,0.11241958,6.7539,6.7539,6.7539,6.7539,6.7539,162.0939,0.11241958,33.7696,31.1739,135.0782,137.6739,0.09368298,0.09548318,0.00468415,27.2050,31.7671,3.8375,168.8478,21.1060,1441.8654,44.0000,,27.2050,5.4616,12.1836,26.2577,78.4791,103.4555,166.2851,10.9232,-2.1006,8.491378,13.648283,2.232921,7,8,1,6,0E-8,0.11710373,,0E-8,0.000000,0.969406,0.000000,,2026-05-03,2026-05-03,1,8,7,1,1.000000,,,0.000000,,,,,,,,GLOBAL_BASELINE_NO_ENTITY_RANKING,,,NOT_APPLICABLE_GLOBAL_BASELINE,HF9g-P5,,,,X 全窗基线 · 不参与实体赏罚,6878984,688,A168_HF9F_20260827_0900,2026-08-27 09:00:00
2026-05-03,149513509,2174,0,713.7905682175,-383.9932780169,-383.9932780169,0.4000000,10,10,0.50396966000000000,0.503969660000,-0.6575825912698547,-0.6575825912698547,-0.6575825912698547,0E-17,ELIGIBLE,R03b_20260811_FULL_v1,L1_ELIGIBILITY,v2026-08-11,2026-03-21..2026-08-06,baccarat_bet02_101_all_pairs_incl_sentinel,round_win = game_pnl > 0 (decisive only),COMPATIBILITY_ONLY_NOT_PRODUCTION,1441.8654,1397.7523,168.8478,53,44,-0.11710373,,-0.11710373,-0.11710373,-168.8478,1441.8654,OK,0.0000,6.7539,4.0000,96.0000,AG03-UNRESOLVED,ALL5_LEVELS_bet23_to_bet27,6.7539,6.7539,6.7539,6.7539,6.7539,4.000000,4.000000,4.000000,4.000000,4.000000,96.000000,96.000000,96.000000,96.000000,96.000000,5.0,33.7696,31.1739,135.0782,137.6739,PENDING_AG03,FALSE,NOT_FOR_ENFORCEMENT,162.0939,1341.8422,168.8478,162.0939,6.7539,0.11710373,0.11241958,6.7539,162.0939,0.11241958,6.7539,6.7539,6.7539,6.7539,6.7539,162.0939,0.11241958,33.7696,31.1739,135.0782,137.6739,0.09368298,0.09548318,0.00468415,27.2050,31.7671,3.8375,168.8478,21.1060,1441.8654,44.0000,,27.2050,5.4616,12.1836,26.2577,78.4791,103.4555,166.2851,10.9232,-2.1006,8.491378,13.648283,2.232921,7,8,1,6,0E-8,0.11710373,,0E-8,0.000000,0.969406,0.000000,,2026-05-03,2026-05-03,1,8,7,1,1.000000,,,0.000000,,,,,,,,GLOBAL_BASELINE_NO_ENTITY_RANKING,,,NOT_APPLICABLE_GLOBAL_BASELINE,HF9g-P5,,,,X 全窗基线 · 不参与实体赏罚,6878985,688,A168_HF9F_20260827_0900,2026-08-27 09:00:00
2026-05-03,149513509,2196,0,42.0123936562,-9.2427266044,-9.2427266044,0.5000000,2,2,0.50665070000000000,0.506650700000,-0.018812684590367487,-0.018812684590367487,-0.018812684590367487,0E-17,ELIGIBLE,R03b_20260811_FULL_v1,L1_ELIGIBILITY,v2026-08-11,2026-03-21..2026-08-06,baccarat_bet02_101_all_pairs_incl_sentinel,round_win = game_pnl > 0 (decisive only),COMPATIBILITY_ONLY_NOT_PRODUCTION,1441.8654,1397.7523,168.8478,53,44,-0.11710373,,-0.11710373,-0.11710373,-168.8478,1441.8654,OK,0.0000,6.7539,4.0000,96.0000,AG03-UNRESOLVED,ALL5_LEVELS_bet23_to_bet27,6.7539,6.7539,6.7539,6.7539,6.7539,4.000000,4.000000,4.000000,4.000000,4.000000,96.000000,96.000000,96.000000,96.000000,96.000000,5.0,33.7696,31.1739,135.0782,137.6739,PENDING_AG03,FALSE,NOT_FOR_ENFORCEMENT,162.0939,1341.8422,168.8478,162.0939,6.7539,0.11710373,0.11241958,6.7539,162.0939,0.11241958,6.7539,6.7539,6.7539,6.7539,6.7539,162.0939,0.11241958,33.7696,31.1739,135.0782,137.6739,0.09368298,0.09548318,0.00468415,27.2050,31.7671,3.8375,168.8478,21.1060,1441.8654,44.0000,,27.2050,5.4616,12.1836,26.2577,78.4791,103.4555,166.2851,10.9232,-2.1006,8.491378,13.648283,2.232921,7,8,1,6,0E-8,0.11710373,,0E-8,0.000000,0.969406,0.000000,,2026-05-03,2026-05-03,1,8,7,1,1.000000,,,0.000000,,,,,,,,GLOBAL_BASELINE_NO_ENTITY_RANKING,,,NOT_APPLICABLE_GLOBAL_BASELINE,HF9g-P5,,,,X 全窗基线 · 不参与实体赏罚,6878986,688,A168_HF9F_20260827_0900,2026-08-27 09:00:00
2026-05-03,149513509,2246,0,74.3619367713,-32.7276546581,-32.7276546581,0.2857143,9,7,0.47484861666666667,0.444478650000,-1.0020734186139661,-0.8453298774024223,-1.0020734186139661,0.03036996666666667,ELIGIBLE,R03b_20260811_FULL_v1,L1_ELIGIBILITY,v2026-08-11,2026-03-21..2026-08-06,baccarat_bet02_101_all_pairs_incl_sentinel,round_win = game_pnl > 0 (decisive only),COMPATIBILITY_ONLY_NOT_PRODUCTION,1441.8654,1397.7523,168.8478,53,44,-0.11710373,,-0.11710373,-0.11710373,-168.8478,1441.8654,OK,0.0000,6.7539,4.0000,96.0000,AG03-UNRESOLVED,ALL5_LEVELS_bet23_to_bet27,6.7539,6.7539,6.7539,6.7539,6.7539,4.000000,4.000000,4.000000,4.000000,4.000000,96.000000,96.000000,96.000000,96.000000,96.000000,5.0,33.7696,31.1739,135.0782,137.6739,PENDING_AG03,FALSE,NOT_FOR_ENFORCEMENT,162.0939,1341.8422,168.8478,162.0939,6.7539,0.11710373,0.11241958,6.7539,162.0939,0.11241958,6.7539,6.7539,6.7539,6.7539,6.7539,162.0939,0.11241958,33.7696,31.1739,135.0782,137.6739,0.09368298,0.09548318,0.00468415,27.2050,31.7671,3.8375,168.8478,21.1060,1441.8654,44.0000,,27.2050,5.4616,12.1836,26.2577,78.4791,103.4555,166.2851,10.9232,-2.1006,8.491378,13.648283,2.232921,7,8,1,6,0E-8,0.11710373,,0E-8,0.000000,0.969406,0.000000,,2026-05-03,2026-05-03,1,8,7,1,1.000000,,,0.000000,,,,,,,,GLOBAL_BASELINE_NO_ENTITY_RANKING,,,NOT_APPLICABLE_GLOBAL_BASELINE,HF9g-P5,,,,X 全窗基线 · 不参与实体赏罚,6878987,688,A168_HF9F_20260827_0900,2026-08-27 09:00:00
2026-05-03,149513509,2267,0,101.6699926477,3.2349543116,3.2349543116,0.5555556,12,9,0.46218782777777778,0.430192250000,0.5618151923927827,0.7596197061031507,0.5618151923927827,0.03199557777777778,ELIGIBLE,R03b_20260811_FULL_v1,L1_ELIGIBILITY,v2026-08-11,2026-03-21..2026-08-06,baccarat_bet02_101_all_pairs_incl_sentinel,round_win = game_pnl > 0 (decisive only),COMPATIBILITY_ONLY_NOT_PRODUCTION,1441.8654,1397.7523,168.8478,53,44,-0.11710373,,-0.11710373,-0.11710373,-168.8478,1441.8654,OK,0.0000,6.7539,4.0000,96.0000,AG03-UNRESOLVED,ALL5_LEVELS_bet23_to_bet27,6.7539,6.7539,6.7539,6.7539,6.7539,4.000000,4.000000,4.000000,4.000000,4.000000,96.000000,96.000000,96.000000,96.000000,96.000000,5.0,33.7696,31.1739,135.0782,137.6739,PENDING_AG03,FALSE,NOT_FOR_ENFORCEMENT,162.0939,1341.8422,168.8478,162.0939,6.7539,0.11710373,0.11241958,6.7539,162.0939,0.11241958,6.7539,6.7539,6.7539,6.7539,6.7539,162.0939,0.11241958,33.7696,31.1739,135.0782,137.6739,0.09368298,0.09548318,0.00468415,27.2050,31.7671,3.8375,168.8478,21.1060,1441.8654,44.0000,,27.2050,5.4616,12.1836,26.2577,78.4791,103.4555,166.2851,10.9232,-2.1006,8.491378,13.648283,2.232921,7,8,1,6,0E-8,0.11710373,,0E-8,0.000000,0.969406,0.000000,,2026-05-03,2026-05-03,1,8,7,1,1.000000,,,0.000000,,,,,,,,GLOBAL_BASELINE_NO_ENTITY_RANKING,,,NOT_APPLICABLE_GLOBAL_BASELINE,HF9g-P5,,,,X 全窗基线 · 不参与实体赏罚,6878988,688,A168_HF9F_20260827_0900,2026-08-27 09:00:00
2026-05-03,149513509,948,0,56.7167314358,53.8808948640,53.8808948640,1.0000000,1,1,0.50665070000000000,0.506650700000,0.9867858985152569,0.9867858985152569,0.9867858985152569,0E-17,ELIGIBLE,R03b_20260811_FULL_v1,L1_ELIGIBILITY,v2026-08-11,2026-03-21..2026-08-06,baccarat_bet02_101_all_pairs_incl_sentinel,round_win = game_pnl > 0 (decisive only),COMPATIBILITY_ONLY_NOT_PRODUCTION,1441.8654,1397.7523,168.8478,53,44,-0.11710373,,-0.11710373,-0.11710373,-168.8478,1441.8654,OK,0.0000,6.7539,4.0000,96.0000,AG03-UNRESOLVED,ALL5_LEVELS_bet23_to_bet27,6.7539,6.7539,6.7539,6.7539,6.7539,4.000000,4.000000,4.000000,4.000000,4.000000,96.000000,96.000000,96.000000,96.000000,96.000000,5.0,33.7696,31.1739,135.0782,137.6739,PENDING_AG03,FALSE,NOT_FOR_ENFORCEMENT,162.0939,1341.8422,168.8478,162.0939,6.7539,0.11710373,0.11241958,6.7539,162.0939,0.11241958,6.7539,6.7539,6.7539,6.7539,6.7539,162.0939,0.11241958,33.7696,31.1739,135.0782,137.6739,0.09368298,0.09548318,0.00468415,27.2050,31.7671,3.8375,168.8478,21.1060,1441.8654,44.0000,,27.2050,5.4616,12.1836,26.2577,78.4791,103.4555,166.2851,10.9232,-2.1006,8.491378,13.648283,2.232921,7,8,1,6,0E-8,0.11710373,,0E-8,0.000000,0.969406,0.000000,,2026-05-03,2026-05-03,1,8,7,1,1.000000,,,0.000000,,,,,,,,GLOBAL_BASELINE_NO_ENTITY_RANKING,,,NOT_APPLICABLE_GLOBAL_BASELINE,HF9g-P5,,,,X 全窗基线 · 不参与实体赏罚,6878989,688,A168_HF9F_20260827_0900,2026-08-27 09:00:00
2026-07-21,153313853,2196,0,633.5682751144,-168.8482689180,-168.8482689180,0.5000000,6,6,0.49994810000000000,0.499948100000,0.00025425703667063243,0.00025425703667063243,0.00025425703667063243,0E-17,ELIGIBLE,R03b_20260811_FULL_v1,L1_ELIGIBILITY,v2026-08-11,2026-03-21..2026-08-06,baccarat_bet02_101_all_pairs_incl_sentinel,round_win = game_pnl > 0 (decisive only),COMPATIBILITY_ONLY_NOT_PRODUCTION,633.5683,633.5683,168.8483,6,6,-0.26650367,-0.26650367,,-0.26650367,-168.8483,633.5683,THIN_EXPOSURE,0.0000,6.7539,4.0000,96.0000,AG03-UNRESOLVED,ALL5_LEVELS_bet23_to_bet27,6.7539,6.7539,6.7539,10.1309,10.1309,4.000000,4.000000,4.000000,6.000000,6.000000,96.000000,96.000000,96.000000,94.000000,94.000000,5.0,40.5236,36.8507,128.3247,131.9976,PENDING_AG03,FALSE,NOT_FOR_ENFORCEMENT,162.0943,608.2255,168.8483,162.0943,6.7539,0.26650367,0.25584352,6.7539,162.0943,0.25584352,6.7539,6.7539,6.7539,10.1309,10.1309,162.0943,0.25584352,40.5236,36.8507,128.3247,131.9976,0.20254279,0.20833997,0.01066015,105.5947,105.5947,28.1414,168.8483,168.8483,633.5683,6.0000,105.5947,,90.3622,103.2711,141.9978,142.9272,143.0305,143.0305,103.2711,-32.2722,1.385,1.385,1.0225,1,1,1,2,1.00000000,0.26650367,0.26650367,0E-8,0.000000,1.000000,0.000000,,2026-07-21,2026-07-21,1,1,1,1,1.000000,,1.000000,3.333333,,,,,,,,GLOBAL_BASELINE_NO_ENTITY_RANKING,,,NOT_APPLICABLE_GLOBAL_BASELINE,HF9g-P5,,,,X 全窗基线 · 不参与实体赏罚,6878990,688,A168_HF9F_20260827_0900,2026-08-27 09:00:00
2026-07-17,153117136,2281,0,168.8482689180,-168.8482689180,-168.8482689180,0E-7,1,1,0.50665070000000000,0.506650700000,-1.013391052207602,-1.013391052207602,-1.013391052207602,0E-17,ELIGIBLE,R03b_20260811_FULL_v1,L1_ELIGIBILITY,v2026-08-11,2026-03-21..2026-08-06,baccarat_bet02_101_all_pairs_incl_sentinel,round_win = game_pnl > 0 (decisive only),COMPATIBILITY_ONLY_NOT_PRODUCTION,168.8483,168.8483,168.8483,1,1,-1.00000000,-1.00000000,,-1.00000000,-168.8483,168.8483,THIN_EXPOSURE,0.0000,6.7539,4.0000,96.0000,AG03-UNRESOLVED,ALL5_LEVELS_bet23_to_bet27,6.7539,6.7539,6.7539,6.7539,6.7539,4.000000,4.000000,4.000000,4.000000,4.000000,96.000000,96.000000,96.000000,96.000000,96.000000,5.0,33.7697,31.174,135.0786,137.6743,PENDING_AG03,FALSE,NOT_FOR_ENFORCEMENT,162.0943,162.0943,168.8483,162.0943,6.7539,1.00000000,0.96000000,6.7539,162.0943,0.96000000,6.7539,6.7539,6.7539,6.7539,6.7539,162.0943,0.96000000,33.7697,31.174,135.0786,137.6743,0.80000000,0.8153727,0.04000000,168.8483,168.8483,168.8483,168.8483,168.8483,168.8483,1.0000,168.8483,,168.8483,168.8483,168.8483,168.8483,168.8483,168.8483,168.8483,-168.8483,1.0,1.0,1.0,1,1,1,1,1.00000000,1.00000000,1.00000000,0E-8,0.000000,1.000000,0.000000,,2026-07-17,2026-07-17,1,1,1,1,1.000000,,1.000000,3.333333,,,,,,,,GLOBAL_BASELINE_NO_ENTITY_RANKING,,,NOT_APPLICABLE_GLOBAL_BASELINE,HF9g-P5,,,,X 全窗基线 · 不参与实体赏罚,6878991,688,A168_HF9F_20260827_0900,2026-08-27 09:00:00
2026-06-03,135398611,1094,0,1225.2897068848,-224.0967961827,-224.0967961827,0.2857143,8,8,0.50329940000000000,0.503299400000,-1.1513772709309125,-1.1513772709309127,-1.1513772709309125,0E-17,ELIGIBLE,R03b_20260811_FULL_v1,L1_ELIGIBILITY,v2026-08-11,2026-03-21..2026-08-06,baccarat_bet02_101_all_pairs_incl_sentinel,round_win = game_pnl > 0 (decisive only),COMPATIBILITY_ONLY_NOT_PRODUCTION,519274.8434,465718.2974,168.8526,6121,6023,-0.00032517,0.01119525,-0.01075540,-0.00032517,-168.8526,519274.8434,OK,0.0000,6.7541,4.0000,96.0000,AG03-UNRESOLVED,ALL5_LEVELS_bet23_to_bet27,6.7541,6.7541,6.7541,8.4426,0.0000,4.000000,4.000000,4.000000,5.000000,0.000000,96.000000,96.000000,96.000000,95.000000,100.000000,5.0,28.7049,26.9321,140.1477,141.9205,PENDING_AG03,FALSE,NOT_FOR_ENFORCEMENT,162.0985,447089.5655,168.8526,162.0985,6.7541,0.00032517,0.00031216,6.7541,162.0985,0.00031216,6.7541,6.7541,6.7541,8.4426,0.0000,162.0985,0.00031216,28.7049,26.9321,140.1477,141.9205,0.00026989,0.00027331,0.00001301,84.8350,77.3233,0.0280,5.6284,0.3838,17309.1614,200.7667,91.2509,79.7578,34.0832,58.2266,102.2495,170.4158,241.2244,332.7233,51.1247,0.0,4.142857,5.714285,1.45698,29,141,174,4,0.47516736,0.00032517,-0.01119525,0E-8,0.000000,0.896863,0.000000,0.02195065,2026-06-03,2026-08-03,30,440,303,62,0.483871,1.144100,1.075628,1.583891,,,,,,,,GLOBAL_BASELINE_NO_ENTITY_RANKING,,,NOT_APPLICABLE_GLOBAL_BASELINE,HF9g-P5,,,,X 全窗基线 · 不参与实体赏罚,6878992,688,A168_HF9F_20260827_0900,2026-08-27 09:00:00
2026-06-03,135398611,1299,0,5046.0122699388,-125.7668711659,-125.7668711659,0.5600000,28,28,0.50090561428571429,0.500905614286,0.5909448264553634,0.590944826452507,0.5909448264553634,-2.8571E-13,ELIGIBLE,R03b_20260811_FULL_v1,L1_ELIGIBILITY,v2026-08-11,2026-03-21..2026-08-06,baccarat_bet02_101_all_pairs_incl_sentinel,round_win = game_pnl > 0 (decisive only),COMPATIBILITY_ONLY_NOT_PRODUCTION,519274.8434,465718.2974,168.8526,6121,6023,-0.00032517,0.01119525,-0.01075540,-0.00032517,-168.8526,519274.8434,OK,0.0000,6.7541,4.0000,96.0000,AG03-UNRESOLVED,ALL5_LEVELS_bet23_to_bet27,6.7541,6.7541,6.7541,8.4426,0.0000,4.000000,4.000000,4.000000,5.000000,0.000000,96.000000,96.000000,96.000000,95.000000,100.000000,5.0,28.7049,26.9321,140.1477,141.9205,PENDING_AG03,FALSE,NOT_FOR_ENFORCEMENT,162.0985,447089.5655,168.8526,162.0985,6.7541,0.00032517,0.00031216,6.7541,162.0985,0.00031216,6.7541,6.7541,6.7541,8.4426,0.0000,162.0985,0.00031216,28.7049,26.9321,140.1477,141.9205,0.00026989,0.00027331,0.00001301,84.8350,77.3233,0.0280,5.6284,0.3838,17309.1614,200.7667,91.2509,79.7578,34.0832,58.2266,102.2495,170.4158,241.2244,332.7233,51.1247,0.0,4.142857,5.714285,1.45698,29,141,174,4,0.47516736,0.00032517,-0.01119525,0E-8,0.000000,0.896863,0.000000,0.02195065,2026-06-03,2026-08-03,30,440,303,62,0.483871,1.144100,1.075628,1.583891,,,,,,,,GLOBAL_BASELINE_NO_ENTITY_RANKING,,,NOT_APPLICABLE_GLOBAL_BASELINE,HF9g-P5,,,,X 全窗基线 · 不参与实体赏罚,6878993,688,A168_HF9F_20260827_0900,2026-08-27 09:00:00
2026-06-03,135398611,1302,0,2036.4689843219,-76.9427402865,-76.9427402865,0.4375000,19,19,0.50100640526315789,0.501006405263,-0.5080522712693701,-0.5080522712681067,-0.5080522712693701,1.5789E-13,ELIGIBLE,R03b_20260811_FULL_v1,L1_ELIGIBILITY,v2026-08-11,2026-03-21..2026-08-06,baccarat_bet02_101_all_pairs_incl_sentinel,round_win = game_pnl > 0 (decisive only),COMPATIBILITY_ONLY_NOT_PRODUCTION,519274.8434,465718.2974,168.8526,6121,6023,-0.00032517,0.01119525,-0.01075540,-0.00032517,-168.8526,519274.8434,OK,0.0000,6.7541,4.0000,96.0000,AG03-UNRESOLVED,ALL5_LEVELS_bet23_to_bet27,6.7541,6.7541,6.7541,8.4426,0.0000,4.000000,4.000000,4.000000,5.000000,0.000000,96.000000,96.000000,96.000000,95.000000,100.000000,5.0,28.7049,26.9321,140.1477,141.9205,PENDING_AG03,FALSE,NOT_FOR_ENFORCEMENT,162.0985,447089.5655,168.8526,162.0985,6.7541,0.00032517,0.00031216,6.7541,162.0985,0.00031216,6.7541,6.7541,6.7541,8.4426,0.0000,162.0985,0.00031216,28.7049,26.9321,140.1477,141.9205,0.00026989,0.00027331,0.00001301,84.8350,77.3233,0.0280,5.6284,0.3838,17309.1614,200.7667,91.2509,79.7578,34.0832,58.2266,102.2495,170.4158,241.2244,332.7233,51.1247,0.0,4.142857,5.714285,1.45698,29,141,174,4,0.47516736,0.00032517,-0.01119525,0E-8,0.000000,0.896863,0.000000,0.02195065,2026-06-03,2026-08-03,30,440,303,62,0.483871,1.144100,1.075628,1.583891,,,,,,,,GLOBAL_BASELINE_NO_ENTITY_RANKING,,,NOT_APPLICABLE_GLOBAL_BASELINE,HF9g-P5,,,,X 全窗基线 · 不参与实体赏罚,6878994,688,A168_HF9F_20260827_0900,2026-08-27 09:00:00
2026-06-03,135398611,1353,0,5770.2794819358,-63.9059304703,-63.9059304703,0.5116279,45,45,0.50128862000000000,0.501288620000,0.13559892780627553,0.13559892780627553,0.13559892780627553,0E-17,ELIGIBLE,R03b_20260811_FULL_v1,L1_ELIGIBILITY,v2026-08-11,2026-03-21..2026-08-06,baccarat_bet02_101_all_pairs_incl_sentinel,round_win = game_pnl > 0 (decisive only),COMPATIBILITY_ONLY_NOT_PRODUCTION,519274.8434,465718.2974,168.8526,6121,6023,-0.00032517,0.01119525,-0.01075540,-0.00032517,-168.8526,519274.8434,OK,0.0000,6.7541,4.0000,96.0000,AG03-UNRESOLVED,ALL5_LEVELS_bet23_to_bet27,6.7541,6.7541,6.7541,8.4426,0.0000,4.000000,4.000000,4.000000,5.000000,0.000000,96.000000,96.000000,96.000000,95.000000,100.000000,5.0,28.7049,26.9321,140.1477,141.9205,PENDING_AG03,FALSE,NOT_FOR_ENFORCEMENT,162.0985,447089.5655,168.8526,162.0985,6.7541,0.00032517,0.00031216,6.7541,162.0985,0.00031216,6.7541,6.7541,6.7541,8.4426,0.0000,162.0985,0.00031216,28.7049,26.9321,140.1477,141.9205,0.00026989,0.00027331,0.00001301,84.8350,77.3233,0.0280,5.6284,0.3838,17309.1614,200.7667,91.2509,79.7578,34.0832,58.2266,102.2495,170.4158,241.2244,332.7233,51.1247,0.0,4.142857,5.714285,1.45698,29,141,174,4,0.47516736,0.00032517,-0.01119525,0E-8,0.000000,0.896863,0.000000,0.02195065,2026-06-03,2026-08-03,30,440,303,62,0.483871,1.144100,1.075628,1.583891,,,,,,,,GLOBAL_BASELINE_NO_ENTITY_RANKING,,,NOT_APPLICABLE_GLOBAL_BASELINE,HF9g-P5,,,,X 全窗基线 · 不参与实体赏罚,6878995,688,A168_HF9F_20260827_0900,2026-08-27 09:00:00
2026-06-03,135398611,1396,0,85.2079072938,85.2079072938,85.2079072938,1.0000000,1,1,0.49324550000000000,0.493245500000,1.01360149184955,1.01360149184955,1.01360149184955,0E-17,ELIGIBLE,R03b_20260811_FULL_v1,L1_ELIGIBILITY,v2026-08-11,2026-03-21..2026-08-06,baccarat_bet02_101_all_pairs_incl_sentinel,round_win = game_pnl > 0 (decisive only),COMPATIBILITY_ONLY_NOT_PRODUCTION,519274.8434,465718.2974,168.8526,6121,6023,-0.00032517,0.01119525,-0.01075540,-0.00032517,-168.8526,519274.8434,OK,0.0000,6.7541,4.0000,96.0000,AG03-UNRESOLVED,ALL5_LEVELS_bet23_to_bet27,6.7541,6.7541,6.7541,8.4426,0.0000,4.000000,4.000000,4.000000,5.000000,0.000000,96.000000,96.000000,96.000000,95.000000,100.000000,5.0,28.7049,26.9321,140.1477,141.9205,PENDING_AG03,FALSE,NOT_FOR_ENFORCEMENT,162.0985,447089.5655,168.8526,162.0985,6.7541,0.00032517,0.00031216,6.7541,162.0985,0.00031216,6.7541,6.7541,6.7541,8.4426,0.0000,162.0985,0.00031216,28.7049,26.9321,140.1477,141.9205,0.00026989,0.00027331,0.00001301,84.8350,77.3233,0.0280,5.6284,0.3838,17309.1614,200.7667,91.2509,79.7578,34.0832,58.2266,102.2495,170.4158,241.2244,332.7233,51.1247,0.0,4.142857,5.714285,1.45698,29,141,174,4,0.47516736,0.00032517,-0.01119525,0E-8,0.000000,0.896863,0.000000,0.02195065,2026-06-03,2026-08-03,30,440,303,62,0.483871,1.144100,1.075628,1.583891,,,,,,,,GLOBAL_BASELINE_NO_ENTITY_RANKING,,,NOT_APPLICABLE_GLOBAL_BASELINE,HF9g-P5,,,,X 全窗基线 · 不参与实体赏罚,6878996,688,A168_HF9F_20260827_0900,2026-08-27 09:00:00
2026-06-03,135398611,1405,0,2593.7286980232,-170.4158145876,-170.4158145876,0.4705882,18,18,0.49994810000000000,0.499948100000,-0.24210764797668105,-0.24210764797668105,-0.24210764797668105,0E-17,ELIGIBLE,R03b_20260811_FULL_v1,L1_ELIGIBILITY,v2026-08-11,2026-03-21..2026-08-06,baccarat_bet02_101_all_pairs_incl_sentinel,round_win = game_pnl > 0 (decisive only),COMPATIBILITY_ONLY_NOT_PRODUCTION,519274.8434,465718.2974,168.8526,6121,6023,-0.00032517,0.01119525,-0.01075540,-0.00032517,-168.8526,519274.8434,OK,0.0000,6.7541,4.0000,96.0000,AG03-UNRESOLVED,ALL5_LEVELS_bet23_to_bet27,6.7541,6.7541,6.7541,8.4426,0.0000,4.000000,4.000000,4.000000,5.000000,0.000000,96.000000,96.000000,96.000000,95.000000,100.000000,5.0,28.7049,26.9321,140.1477,141.9205,PENDING_AG03,FALSE,NOT_FOR_ENFORCEMENT,162.0985,447089.5655,168.8526,162.0985,6.7541,0.00032517,0.00031216,6.7541,162.0985,0.00031216,6.7541,6.7541,6.7541,8.4426,0.0000,162.0985,0.00031216,28.7049,26.9321,140.1477,141.9205,0.00026989,0.00027331,0.00001301,84.8350,77.3233,0.0280,5.6284,0.3838,17309.1614,200.7667,91.2509,79.7578,34.0832,58.2266,102.2495,170.4158,241.2244,332.7233,51.1247,0.0,4.142857,5.714285,1.45698,29,141,174,4,0.47516736,0.00032517,-0.01119525,0E-8,0.000000,0.896863,0.000000,0.02195065,2026-06-03,2026-08-03,30,440,303,62,0.483871,1.144100,1.075628,1.583891,,,,,,,,GLOBAL_BASELINE_NO_ENTITY_RANKING,,,NOT_APPLICABLE_GLOBAL_BASELINE,HF9g-P5,,,,X 全窗基线 · 不参与实体赏罚,6878997,688,A168_HF9F_20260827_0900,2026-08-27 09:00:00
2026-06-03,135398611,1490,0,2009.2024539877,47.8868438991,47.8868438991,0.3750000,26,26,0.50201043846153846,0.502010438462,-1.2444531248099928,-1.2444531248145194,-1.2444531248099928,-4.6154E-13,ELIGIBLE,R03b_20260811_FULL_v1,L1_ELIGIBILITY,v2026-08-11,2026-03-21..2026-08-06,baccarat_bet02_101_all_pairs_incl_sentinel,round_win = game_pnl > 0 (decisive only),COMPATIBILITY_ONLY_NOT_PRODUCTION,519274.8434,465718.2974,168.8526,6121,6023,-0.00032517,0.01119525,-0.01075540,-0.00032517,-168.8526,519274.8434,OK,0.0000,6.7541,4.0000,96.0000,AG03-UNRESOLVED,ALL5_LEVELS_bet23_to_bet27,6.7541,6.7541,6.7541,8.4426,0.0000,4.000000,4.000000,4.000000,5.000000,0.000000,96.000000,96.000000,96.000000,95.000000,100.000000,5.0,28.7049,26.9321,140.1477,141.9205,PENDING_AG03,FALSE,NOT_FOR_ENFORCEMENT,162.0985,447089.5655,168.8526,162.0985,6.7541,0.00032517,0.00031216,6.7541,162.0985,0.00031216,6.7541,6.7541,6.7541,8.4426,0.0000,162.0985,0.00031216,28.7049,26.9321,140.1477,141.9205,0.00026989,0.00027331,0.00001301,84.8350,77.3233,0.0280,5.6284,0.3838,17309.1614,200.7667,91.2509,79.7578,34.0832,58.2266,102.2495,170.4158,241.2244,332.7233,51.1247,0.0,4.142857,5.714285,1.45698,29,141,174,4,0.47516736,0.00032517,-0.01119525,0E-8,0.000000,0.896863,0.000000,0.02195065,2026-06-03,2026-08-03,30,440,303,62,0.483871,1.144100,1.075628,1.583891,,,,,,,,GLOBAL_BASELINE_NO_ENTITY_RANKING,,,NOT_APPLICABLE_GLOBAL_BASELINE,HF9g-P5,,,,X 全窗基线 · 不参与实体赏罚,6878998,688,A168_HF9F_20260827_0900,2026-08-27 09:00:00
2026-06-03,135398611,1508,0,1530.3340149966,-256.4758009543,-256.4758009543,0.3846154,15,15,0.49860758000000000,0.498607580000,-0.8220125984211154,-0.8220125984211153,-0.8220125984211154,0E-17,ELIGIBLE,R03b_20260811_FULL_v1,L1_ELIGIBILITY,v2026-08-11,2026-03-21..2026-08-06,baccarat_bet02_101_all_pairs_incl_sentinel,round_win = game_pnl > 0 (decisive only),COMPATIBILITY_ONLY_NOT_PRODUCTION,519274.8434,465718.2974,168.8526,6121,6023,-0.00032517,0.01119525,-0.01075540,-0.00032517,-168.8526,519274.8434,OK,0.0000,6.7541,4.0000,96.0000,AG03-UNRESOLVED,ALL5_LEVELS_bet23_to_bet27,6.7541,6.7541,6.7541,8.4426,0.0000,4.000000,4.000000,4.000000,5.000000,0.000000,96.000000,96.000000,96.000000,95.000000,100.000000,5.0,28.7049,26.9321,140.1477,141.9205,PENDING_AG03,FALSE,NOT_FOR_ENFORCEMENT,162.0985,447089.5655,168.8526,162.0985,6.7541,0.00032517,0.00031216,6.7541,162.0985,0.00031216,6.7541,6.7541,6.7541,8.4426,0.0000,162.0985,0.00031216,28.7049,26.9321,140.1477,141.9205,0.00026989,0.00027331,0.00001301,84.8350,77.3233,0.0280,5.6284,0.3838,17309.1614,200.7667,91.2509,79.7578,34.0832,58.2266,102.2495,170.4158,241.2244,332.7233,51.1247,0.0,4.142857,5.714285,1.45698,29,141,174,4,0.47516736,0.00032517,-0.01119525,0E-8,0.000000,0.896863,0.000000,0.02195065,2026-06-03,2026-08-03,30,440,303,62,0.483871,1.144100,1.075628,1.583891,,,,,,,,GLOBAL_BASELINE_NO_ENTITY_RANKING,,,NOT_APPLICABLE_GLOBAL_BASELINE,HF9g-P5,,,,X 全窗基线 · 不参与实体赏罚,6878999,688,A168_HF9F_20260827_0900,2026-08-27 09:00:00
2026-06-03,135398611,1654,0,1078.7321063395,5.7089297886,5.7089297886,0.6000000,11,11,0.50055742727272727,0.500557427273,0.6289304432594,0.6289304432576754,0.6289304432594,-2.7273E-13,ELIGIBLE,R03b_20260811_FULL_v1,L1_ELIGIBILITY,v2026-08-11,2026-03-21..2026-08-06,baccarat_bet02_101_all_pairs_incl_sentinel,round_win = game_pnl > 0 (decisive only),COMPATIBILITY_ONLY_NOT_PRODUCTION,519274.8434,465718.2974,168.8526,6121,6023,-0.00032517,0.01119525,-0.01075540,-0.00032517,-168.8526,519274.8434,OK,0.0000,6.7541,4.0000,96.0000,AG03-UNRESOLVED,ALL5_LEVELS_bet23_to_bet27,6.7541,6.7541,6.7541,8.4426,0.0000,4.000000,4.000000,4.000000,5.000000,0.000000,96.000000,96.000000,96.000000,95.000000,100.000000,5.0,28.7049,26.9321,140.1477,141.9205,PENDING_AG03,FALSE,NOT_FOR_ENFORCEMENT,162.0985,447089.5655,168.8526,162.0985,6.7541,0.00032517,0.00031216,6.7541,162.0985,0.00031216,6.7541,6.7541,6.7541,8.4426,0.0000,162.0985,0.00031216,28.7049,26.9321,140.1477,141.9205,0.00026989,0.00027331,0.00001301,84.8350,77.3233,0.0280,5.6284,0.3838,17309.1614,200.7667,91.2509,79.7578,34.0832,58.2266,102.2495,170.4158,241.2244,332.7233,51.1247,0.0,4.142857,5.714285,1.45698,29,141,174,4,0.47516736,0.00032517,-0.01119525,0E-8,0.000000,0.896863,0.000000,0.02195065,2026-06-03,2026-08-03,30,440,303,62,0.483871,1.144100,1.075628,1.583891,,,,,,,,GLOBAL_BASELINE_NO_ENTITY_RANKING,,,NOT_APPLICABLE_GLOBAL_BASELINE,HF9g-P5,,,,X 全窗基线 · 不参与实体赏罚,6879000,688,A168_HF9F_20260827_0900,2026-08-27 09:00:00
2026-06-03,135398611,2108,0,2556.2372188140,-1022.4948875256,-1022.4948875256,0.2857143,14,14,0.49803307142857143,0.498033071429,-1.5888605998782404,-1.5888605998814425,-1.5888605998782404,-4.2857E-13,ELIGIBLE,R03b_20260811_FULL_v1,L1_ELIGIBILITY,v2026-08-11,2026-03-21..2026-08-06,baccarat_bet02_101_all_pairs_incl_sentinel,round_win = game_pnl > 0 (decisive only),COMPATIBILITY_ONLY_NOT_PRODUCTION,519274.8434,465718.2974,168.8526,6121,6023,-0.00032517,0.01119525,-0.01075540,-0.00032517,-168.8526,519274.8434,OK,0.0000,6.7541,4.0000,96.0000,AG03-UNRESOLVED,ALL5_LEVELS_bet23_to_bet27,6.7541,6.7541,6.7541,8.4426,0.0000,4.000000,4.000000,4.000000,5.000000,0.000000,96.000000,96.000000,96.000000,95.000000,100.000000,5.0,28.7049,26.9321,140.1477,141.9205,PENDING_AG03,FALSE,NOT_FOR_ENFORCEMENT,162.0985,447089.5655,168.8526,162.0985,6.7541,0.00032517,0.00031216,6.7541,162.0985,0.00031216,6.7541,6.7541,6.7541,8.4426,0.0000,162.0985,0.00031216,28.7049,26.9321,140.1477,141.9205,0.00026989,0.00027331,0.00001301,84.8350,77.3233,0.0280,5.6284,0.3838,17309.1614,200.7667,91.2509,79.7578,34.0832,58.2266,102.2495,170.4158,241.2244,332.7233,51.1247,0.0,4.142857,5.714285,1.45698,29,141,174,4,0.47516736,0.00032517,-0.01119525,0E-8,0.000000,0.896863,0.000000,0.02195065,2026-06-03,2026-08-03,30,440,303,62,0.483871,1.144100,1.075628,1.583891,,,,,,,,GLOBAL_BASELINE_NO_ENTITY_RANKING,,,NOT_APPLICABLE_GLOBAL_BASELINE,HF9g-P5,,,,X 全窗基线 · 不参与实体赏罚,6879001,688,A168_HF9F_20260827_0900,2026-08-27 09:00:00
2026-06-03,135398611,2115,0,4781.8677573281,85.3783231083,85.3783231083,0.5000000,30,30,0.49771390000000000,0.497713900000,0.024194061178800515,0.024194061178800515,0.024194061178800515,0E-17,ELIGIBLE,R03b_20260811_FULL_v1,L1_ELIGIBILITY,v2026-08-11,2026-03-21..2026-08-06,baccarat_bet02_101_all_pairs_incl_sentinel,round_win = game_pnl > 0 (decisive only),COMPATIBILITY_ONLY_NOT_PRODUCTION,519274.8434,465718.2974,168.8526,6121,6023,-0.00032517,0.01119525,-0.01075540,-0.00032517,-168.8526,519274.8434,OK,0.0000,6.7541,4.0000,96.0000,AG03-UNRESOLVED,ALL5_LEVELS_bet23_to_bet27,6.7541,6.7541,6.7541,8.4426,0.0000,4.000000,4.000000,4.000000,5.000000,0.000000,96.000000,96.000000,96.000000,95.000000,100.000000,5.0,28.7049,26.9321,140.1477,141.9205,PENDING_AG03,FALSE,NOT_FOR_ENFORCEMENT,162.0985,447089.5655,168.8526,162.0985,6.7541,0.00032517,0.00031216,6.7541,162.0985,0.00031216,6.7541,6.7541,6.7541,8.4426,0.0000,162.0985,0.00031216,28.7049,26.9321,140.1477,141.9205,0.00026989,0.00027331,0.00001301,84.8350,77.3233,0.0280,5.6284,0.3838,17309.1614,200.7667,91.2509,79.7578,34.0832,58.2266,102.2495,170.4158,241.2244,332.7233,51.1247,0.0,4.142857,5.714285,1.45698,29,141,174,4,0.47516736,0.00032517,-0.01119525,0E-8,0.000000,0.896863,0.000000,0.02195065,2026-06-03,2026-08-03,30,440,303,62,0.483871,1.144100,1.075628,1.583891,,,,,,,,GLOBAL_BASELINE_NO_ENTITY_RANKING,,,NOT_APPLICABLE_GLOBAL_BASELINE,HF9g-P5,,,,X 全窗基线 · 不参与实体赏罚,6879002,688,A168_HF9F_20260827_0900,2026-08-27 09:00:00
2026-06-03,135398611,2123,0,7322.7675528289,173.1424676209,173.1424676209,0.4722222,44,44,0.49903410909090909,0.499034109091,-0.32174324276246147,-0.3217432427635523,-0.32174324276246147,-9.091E-14,ELIGIBLE,R03b_20260811_FULL_v1,L1_ELIGIBILITY,v2026-08-11,2026-03-21..2026-08-06,baccarat_bet02_101_all_pairs_incl_sentinel,round_win = game_pnl > 0 (decisive only),COMPATIBILITY_ONLY_NOT_PRODUCTION,519274.8434,465718.2974,168.8526,6121,6023,-0.00032517,0.01119525,-0.01075540,-0.00032517,-168.8526,519274.8434,OK,0.0000,6.7541,4.0000,96.0000,AG03-UNRESOLVED,ALL5_LEVELS_bet23_to_bet27,6.7541,6.7541,6.7541,8.4426,0.0000,4.000000,4.000000,4.000000,5.000000,0.000000,96.000000,96.000000,96.000000,95.000000,100.000000,5.0,28.7049,26.9321,140.1477,141.9205,PENDING_AG03,FALSE,NOT_FOR_ENFORCEMENT,162.0985,447089.5655,168.8526,162.0985,6.7541,0.00032517,0.00031216,6.7541,162.0985,0.00031216,6.7541,6.7541,6.7541,8.4426,0.0000,162.0985,0.00031216,28.7049,26.9321,140.1477,141.9205,0.00026989,0.00027331,0.00001301,84.8350,77.3233,0.0280,5.6284,0.3838,17309.1614,200.7667,91.2509,79.7578,34.0832,58.2266,102.2495,170.4158,241.2244,332.7233,51.1247,0.0,4.142857,5.714285,1.45698,29,141,174,4,0.47516736,0.00032517,-0.01119525,0E-8,0.000000,0.896863,0.000000,0.02195065,2026-06-03,2026-08-03,30,440,303,62,0.483871,1.144100,1.075628,1.583891,,,,,,,,GLOBAL_BASELINE_NO_ENTITY_RANKING,,,NOT_APPLICABLE_GLOBAL_BASELINE,HF9g-P5,,,,X 全窗基线 · 不参与实体赏罚,6879003,688,A168_HF9F_20260827_0900,2026-08-27 09:00:00
2026-06-03,135398611,2134,0,7026.2440354467,-867.3312883436,-867.3312883436,0.4722222,39,39,0.50149485384615385,0.501494853846,-0.35127314939223137,-0.3512731493903848,-0.35127314939223137,1.5385E-13,ELIGIBLE,R03b_20260811_FULL_v1,L1_ELIGIBILITY,v2026-08-11,2026-03-21..2026-08-06,baccarat_bet02_101_all_pairs_incl_sentinel,round_win = game_pnl > 0 (decisive only),COMPATIBILITY_ONLY_NOT_PRODUCTION,519274.8434,465718.2974,168.8526,6121,6023,-0.00032517,0.01119525,-0.01075540,-0.00032517,-168.8526,519274.8434,OK,0.0000,6.7541,4.0000,96.0000,AG03-UNRESOLVED,ALL5_LEVELS_bet23_to_bet27,6.7541,6.7541,6.7541,8.4426,0.0000,4.000000,4.000000,4.000000,5.000000,0.000000,96.000000,96.000000,96.000000,95.000000,100.000000,5.0,28.7049,26.9321,140.1477,141.9205,PENDING_AG03,FALSE,NOT_FOR_ENFORCEMENT,162.0985,447089.5655,168.8526,162.0985,6.7541,0.00032517,0.00031216,6.7541,162.0985,0.00031216,6.7541,6.7541,6.7541,8.4426,0.0000,162.0985,0.00031216,28.7049,26.9321,140.1477,141.9205,0.00026989,0.00027331,0.00001301,84.8350,77.3233,0.0280,5.6284,0.3838,17309.1614,200.7667,91.2509,79.7578,34.0832,58.2266,102.2495,170.4158,241.2244,332.7233,51.1247,0.0,4.142857,5.714285,1.45698,29,141,174,4,0.47516736,0.00032517,-0.01119525,0E-8,0.000000,0.896863,0.000000,0.02195065,2026-06-03,2026-08-03,30,440,303,62,0.483871,1.144100,1.075628,1.583891,,,,,,,,GLOBAL_BASELINE_NO_ENTITY_RANKING,,,NOT_APPLICABLE_GLOBAL_BASELINE,HF9g-P5,,,,X 全窗基线 · 不参与实体赏罚,6879004,688,A168_HF9F_20260827_0900,2026-08-27 09:00:00
2026-06-03,135398611,2145,0,8503.7491479211,1106.1690524881,1106.1690524881,0.5714286,50,50,0.49967999600000000,0.499679996000,0.9299680161276888,0.9299680161276886,0.9299680161276888,0E-17,ELIGIBLE,R03b_20260811_FULL_v1,L1_ELIGIBILITY,v2026-08-11,2026-03-21..2026-08-06,baccarat_bet02_101_all_pairs_incl_sentinel,round_win = game_pnl > 0 (decisive only),COMPATIBILITY_ONLY_NOT_PRODUCTION,519274.8434,465718.2974,168.8526,6121,6023,-0.00032517,0.01119525,-0.01075540,-0.00032517,-168.8526,519274.8434,OK,0.0000,6.7541,4.0000,96.0000,AG03-UNRESOLVED,ALL5_LEVELS_bet23_to_bet27,6.7541,6.7541,6.7541,8.4426,0.0000,4.000000,4.000000,4.000000,5.000000,0.000000,96.000000,96.000000,96.000000,95.000000,100.000000,5.0,28.7049,26.9321,140.1477,141.9205,PENDING_AG03,FALSE,NOT_FOR_ENFORCEMENT,162.0985,447089.5655,168.8526,162.0985,6.7541,0.00032517,0.00031216,6.7541,162.0985,0.00031216,6.7541,6.7541,6.7541,8.4426,0.0000,162.0985,0.00031216,28.7049,26.9321,140.1477,141.9205,0.00026989,0.00027331,0.00001301,84.8350,77.3233,0.0280,5.6284,0.3838,17309.1614,200.7667,91.2509,79.7578,34.0832,58.2266,102.2495,170.4158,241.2244,332.7233,51.1247,0.0,4.142857,5.714285,1.45698,29,141,174,4,0.47516736,0.00032517,-0.01119525,0E-8,0.000000,0.896863,0.000000,0.02195065,2026-06-03,2026-08-03,30,440,303,62,0.483871,1.144100,1.075628,1.583891,,,,,,,,GLOBAL_BASELINE_NO_ENTITY_RANKING,,,NOT_APPLICABLE_GLOBAL_BASELINE,HF9g-P5,,,,X 全窗基线 · 不参与实体赏罚,6879005,688,A168_HF9F_20260827_0900,2026-08-27 09:00:00
2026-06-03,135398611,2147,0,6513.2924335379,-425.1022494889,-425.1022494889,0.5000000,37,37,0.50049155405405405,0.500491554054,-0.005732458856026564,-0.005732458855396238,-0.005732458856026564,5.405E-14,ELIGIBLE,R03b_20260811_FULL_v1,L1_ELIGIBILITY,v2026-08-11,2026-03-21..2026-08-06,baccarat_bet02_101_all_pairs_incl_sentinel,round_win = game_pnl > 0 (decisive only),COMPATIBILITY_ONLY_NOT_PRODUCTION,519274.8434,465718.2974,168.8526,6121,6023,-0.00032517,0.01119525,-0.01075540,-0.00032517,-168.8526,519274.8434,OK,0.0000,6.7541,4.0000,96.0000,AG03-UNRESOLVED,ALL5_LEVELS_bet23_to_bet27,6.7541,6.7541,6.7541,8.4426,0.0000,4.000000,4.000000,4.000000,5.000000,0.000000,96.000000,96.000000,96.000000,95.000000,100.000000,5.0,28.7049,26.9321,140.1477,141.9205,PENDING_AG03,FALSE,NOT_FOR_ENFORCEMENT,162.0985,447089.5655,168.8526,162.0985,6.7541,0.00032517,0.00031216,6.7541,162.0985,0.00031216,6.7541,6.7541,6.7541,8.4426,0.0000,162.0985,0.00031216,28.7049,26.9321,140.1477,141.9205,0.00026989,0.00027331,0.00001301,84.8350,77.3233,0.0280,5.6284,0.3838,17309.1614,200.7667,91.2509,79.7578,34.0832,58.2266,102.2495,170.4158,241.2244,332.7233,51.1247,0.0,4.142857,5.714285,1.45698,29,141,174,4,0.47516736,0.00032517,-0.01119525,0E-8,0.000000,0.896863,0.000000,0.02195065,2026-06-03,2026-08-03,30,440,303,62,0.483871,1.144100,1.075628,1.583891,,,,,,,,GLOBAL_BASELINE_NO_ENTITY_RANKING,,,NOT_APPLICABLE_GLOBAL_BASELINE,HF9g-P5,,,,X 全窗基线 · 不参与实体赏罚,6879006,688,A168_HF9F_20260827_0900,2026-08-27 09:00:00
2026-06-03,135398611,2218,0,1956.3735514659,141.2747102929,141.2747102929,0.5789474,22,22,0.50360406363636364,0.503604063636,0.6568447673535709,0.6568447673567377,0.6568447673535709,3.6364E-13,ELIGIBLE,R03b_20260811_FULL_v1,L1_ELIGIBILITY,v2026-08-11,2026-03-21..2026-08-06,baccarat_bet02_101_all_pairs_incl_sentinel,round_win = game_pnl > 0 (decisive only),COMPATIBILITY_ONLY_NOT_PRODUCTION,519274.8434,465718.2974,168.8526,6121,6023,-0.00032517,0.01119525,-0.01075540,-0.00032517,-168.8526,519274.8434,OK,0.0000,6.7541,4.0000,96.0000,AG03-UNRESOLVED,ALL5_LEVELS_bet23_to_bet27,6.7541,6.7541,6.7541,8.4426,0.0000,4.000000,4.000000,4.000000,5.000000,0.000000,96.000000,96.000000,96.000000,95.000000,100.000000,5.0,28.7049,26.9321,140.1477,141.9205,PENDING_AG03,FALSE,NOT_FOR_ENFORCEMENT,162.0985,447089.5655,168.8526,162.0985,6.7541,0.00032517,0.00031216,6.7541,162.0985,0.00031216,6.7541,6.7541,6.7541,8.4426,0.0000,162.0985,0.00031216,28.7049,26.9321,140.1477,141.9205,0.00026989,0.00027331,0.00001301,84.8350,77.3233,0.0280,5.6284,0.3838,17309.1614,200.7667,91.2509,79.7578,34.0832,58.2266,102.2495,170.4158,241.2244,332.7233,51.1247,0.0,4.142857,5.714285,1.45698,29,141,174,4,0.47516736,0.00032517,-0.01119525,0E-8,0.000000,0.896863,0.000000,0.02195065,2026-06-03,2026-08-03,30,440,303,62,0.483871,1.144100,1.075628,1.583891,,,,,,,,GLOBAL_BASELINE_NO_ENTITY_RANKING,,,NOT_APPLICABLE_GLOBAL_BASELINE,HF9g-P5,,,,X 全窗基线 · 不参与实体赏罚,6879007,688,A168_HF9F_20260827_0900,2026-08-27 09:00:00
2026-06-03,135398611,2220,0,34.0831629175,32.3790047716,32.3790047716,1.0000000,1,1,0.50665070000000000,0.506650700000,0.9867858985152569,0.9867858985152569,0.9867858985152569,0E-17,ELIGIBLE,R03b_20260811_FULL_v1,L1_ELIGIBILITY,v2026-08-11,2026-03-21..2026-08-06,baccarat_bet02_101_all_pairs_incl_sentinel,round_win = game_pnl > 0 (decisive only),COMPATIBILITY_ONLY_NOT_PRODUCTION,519274.8434,465718.2974,168.8526,6121,6023,-0.00032517,0.01119525,-0.01075540,-0.00032517,-168.8526,519274.8434,OK,0.0000,6.7541,4.0000,96.0000,AG03-UNRESOLVED,ALL5_LEVELS_bet23_to_bet27,6.7541,6.7541,6.7541,8.4426,0.0000,4.000000,4.000000,4.000000,5.000000,0.000000,96.000000,96.000000,96.000000,95.000000,100.000000,5.0,28.7049,26.9321,140.1477,141.9205,PENDING_AG03,FALSE,NOT_FOR_ENFORCEMENT,162.0985,447089.5655,168.8526,162.0985,6.7541,0.00032517,0.00031216,6.7541,162.0985,0.00031216,6.7541,6.7541,6.7541,8.4426,0.0000,162.0985,0.00031216,28.7049,26.9321,140.1477,141.9205,0.00026989,0.00027331,0.00001301,84.8350,77.3233,0.0280,5.6284,0.3838,17309.1614,200.7667,91.2509,79.7578,34.0832,58.2266,102.2495,170.4158,241.2244,332.7233,51.1247,0.0,4.142857,5.714285,1.45698,29,141,174,4,0.47516736,0.00032517,-0.01119525,0E-8,0.000000,0.896863,0.000000,0.02195065,2026-06-03,2026-08-03,30,440,303,62,0.483871,1.144100,1.075628,1.583891,,,,,,,,GLOBAL_BASELINE_NO_ENTITY_RANKING,,,NOT_APPLICABLE_GLOBAL_BASELINE,HF9g-P5,,,,X 全窗基线 · 不参与实体赏罚,6879008,688,A168_HF9F_20260827_0900,2026-08-27 09:00:00
2026-06-03,135398611,2229,0,1046.3531015679,339.3830947511,339.3830947511,0.6666667,9,9,0.50516123333333333,0.505161233333,0.9690842309455538,0.9690842309475474,0.9690842309455538,3.3333E-13,ELIGIBLE,R03b_20260811_FULL_v1,L1_ELIGIBILITY,v2026-08-11,2026-03-21..2026-08-06,baccarat_bet02_101_all_pairs_incl_sentinel,round_win = game_pnl > 0 (decisive only),COMPATIBILITY_ONLY_NOT_PRODUCTION,519274.8434,465718.2974,168.8526,6121,6023,-0.00032517,0.01119525,-0.01075540,-0.00032517,-168.8526,519274.8434,OK,0.0000,6.7541,4.0000,96.0000,AG03-UNRESOLVED,ALL5_LEVELS_bet23_to_bet27,6.7541,6.7541,6.7541,8.4426,0.0000,4.000000,4.000000,4.000000,5.000000,0.000000,96.000000,96.000000,96.000000,95.000000,100.000000,5.0,28.7049,26.9321,140.1477,141.9205,PENDING_AG03,FALSE,NOT_FOR_ENFORCEMENT,162.0985,447089.5655,168.8526,162.0985,6.7541,0.00032517,0.00031216,6.7541,162.0985,0.00031216,6.7541,6.7541,6.7541,8.4426,0.0000,162.0985,0.00031216,28.7049,26.9321,140.1477,141.9205,0.00026989,0.00027331,0.00001301,84.8350,77.3233,0.0280,5.6284,0.3838,17309.1614,200.7667,91.2509,79.7578,34.0832,58.2266,102.2495,170.4158,241.2244,332.7233,51.1247,0.0,4.142857,5.714285,1.45698,29,141,174,4,0.47516736,0.00032517,-0.01119525,0E-8,0.000000,0.896863,0.000000,0.02195065,2026-06-03,2026-08-03,30,440,303,62,0.483871,1.144100,1.075628,1.583891,,,,,,,,GLOBAL_BASELINE_NO_ENTITY_RANKING,,,NOT_APPLICABLE_GLOBAL_BASELINE,HF9g-P5,,,,X 全窗基线 · 不参与实体赏罚,6879009,688,A168_HF9F_20260827_0900,2026-08-27 09:00:00
2026-06-03,135398611,2233,0,4935.2419904569,-254.7716428085,-254.7716428085,0.5000000,27,27,0.49821038888888889,0.498210388889,0.01753464855802554,0.017534648556936868,0.01753464855802554,-1.1111E-13,ELIGIBLE,R03b_20260811_FULL_v1,L1_ELIGIBILITY,v2026-08-11,2026-03-21..2026-08-06,baccarat_bet02_101_all_pairs_incl_sentinel,round_win = game_pnl > 0 (decisive only),COMPATIBILITY_ONLY_NOT_PRODUCTION,519274.8434,465718.2974,168.8526,6121,6023,-0.00032517,0.01119525,-0.01075540,-0.00032517,-168.8526,519274.8434,OK,0.0000,6.7541,4.0000,96.0000,AG03-UNRESOLVED,ALL5_LEVELS_bet23_to_bet27,6.7541,6.7541,6.7541,8.4426,0.0000,4.000000,4.000000,4.000000,5.000000,0.000000,96.000000,96.000000,96.000000,95.000000,100.000000,5.0,28.7049,26.9321,140.1477,141.9205,PENDING_AG03,FALSE,NOT_FOR_ENFORCEMENT,162.0985,447089.5655,168.8526,162.0985,6.7541,0.00032517,0.00031216,6.7541,162.0985,0.00031216,6.7541,6.7541,6.7541,8.4426,0.0000,162.0985,0.00031216,28.7049,26.9321,140.1477,141.9205,0.00026989,0.00027331,0.00001301,84.8350,77.3233,0.0280,5.6284,0.3838,17309.1614,200.7667,91.2509,79.7578,34.0832,58.2266,102.2495,170.4158,241.2244,332.7233,51.1247,0.0,4.142857,5.714285,1.45698,29,141,174,4,0.47516736,0.00032517,-0.01119525,0E-8,0.000000,0.896863,0.000000,0.02195065,2026-06-03,2026-08-03,30,440,303,62,0.483871,1.144100,1.075628,1.583891,,,,,,,,GLOBAL_BASELINE_NO_ENTITY_RANKING,,,NOT_APPLICABLE_GLOBAL_BASELINE,HF9g-P5,,,,X 全窗基线 · 不参与实体赏罚,6879010,688,A168_HF9F_20260827_0900,2026-08-27 09:00:00
2026-06-03,135398611,2251,0,5081.7995910021,691.8882072257,691.8882072257,0.5238095,26,26,0.49685459230769231,0.496854592308,0.2470509164080805,0.24705091640525945,0.2470509164080805,-3.0769E-13,ELIGIBLE,R03b_20260811_FULL_v1,L1_ELIGIBILITY,v2026-08-11,2026-03-21..2026-08-06,baccarat_bet02_101_all_pairs_incl_sentinel,round_win = game_pnl > 0 (decisive only),COMPATIBILITY_ONLY_NOT_PRODUCTION,519274.8434,465718.2974,168.8526,6121,6023,-0.00032517,0.01119525,-0.01075540,-0.00032517,-168.8526,519274.8434,OK,0.0000,6.7541,4.0000,96.0000,AG03-UNRESOLVED,ALL5_LEVELS_bet23_to_bet27,6.7541,6.7541,6.7541,8.4426,0.0000,4.000000,4.000000,4.000000,5.000000,0.000000,96.000000,96.000000,96.000000,95.000000,100.000000,5.0,28.7049,26.9321,140.1477,141.9205,PENDING_AG03,FALSE,NOT_FOR_ENFORCEMENT,162.0985,447089.5655,168.8526,162.0985,6.7541,0.00032517,0.00031216,6.7541,162.0985,0.00031216,6.7541,6.7541,6.7541,8.4426,0.0000,162.0985,0.00031216,28.7049,26.9321,140.1477,141.9205,0.00026989,0.00027331,0.00001301,84.8350,77.3233,0.0280,5.6284,0.3838,17309.1614,200.7667,91.2509,79.7578,34.0832,58.2266,102.2495,170.4158,241.2244,332.7233,51.1247,0.0,4.142857,5.714285,1.45698,29,141,174,4,0.47516736,0.00032517,-0.01119525,0E-8,0.000000,0.896863,0.000000,0.02195065,2026-06-03,2026-08-03,30,440,303,62,0.483871,1.144100,1.075628,1.583891,,,,,,,,GLOBAL_BASELINE_NO_ENTITY_RANKING,,,NOT_APPLICABLE_GLOBAL_BASELINE,HF9g-P5,,,,X 全窗基线 · 不参与实体赏罚,6879011,688,A168_HF9F_20260827_0900,2026-08-27 09:00:00
2026-06-03,135398611,2254,0,1583.1629175189,-236.8779822768,-236.8779822768,0.4375000,17,17,0.49876528823529412,0.498765288235,-0.49012380028498054,-0.49012380028262836,-0.49012380028498054,2.9412E-13,ELIGIBLE,R03b_20260811_FULL_v1,L1_ELIGIBILITY,v2026-08-11,2026-03-21..2026-08-06,baccarat_bet02_101_all_pairs_incl_sentinel,round_win = game_pnl > 0 (decisive only),COMPATIBILITY_ONLY_NOT_PRODUCTION,519274.8434,465718.2974,168.8526,6121,6023,-0.00032517,0.01119525,-0.01075540,-0.00032517,-168.8526,519274.8434,OK,0.0000,6.7541,4.0000,96.0000,AG03-UNRESOLVED,ALL5_LEVELS_bet23_to_bet27,6.7541,6.7541,6.7541,8.4426,0.0000,4.000000,4.000000,4.000000,5.000000,0.000000,96.000000,96.000000,96.000000,95.000000,100.000000,5.0,28.7049,26.9321,140.1477,141.9205,PENDING_AG03,FALSE,NOT_FOR_ENFORCEMENT,162.0985,447089.5655,168.8526,162.0985,6.7541,0.00032517,0.00031216,6.7541,162.0985,0.00031216,6.7541,6.7541,6.7541,8.4426,0.0000,162.0985,0.00031216,28.7049,26.9321,140.1477,141.9205,0.00026989,0.00027331,0.00001301,84.8350,77.3233,0.0280,5.6284,0.3838,17309.1614,200.7667,91.2509,79.7578,34.0832,58.2266,102.2495,170.4158,241.2244,332.7233,51.1247,0.0,4.142857,5.714285,1.45698,29,141,174,4,0.47516736,0.00032517,-0.01119525,0E-8,0.000000,0.896863,0.000000,0.02195065,2026-06-03,2026-08-03,30,440,303,62,0.483871,1.144100,1.075628,1.583891,,,,,,,,GLOBAL_BASELINE_NO_ENTITY_RANKING,,,NOT_APPLICABLE_GLOBAL_BASELINE,HF9g-P5,,,,X 全窗基线 · 不参与实体赏罚,6879012,688,A168_HF9F_20260827_0900,2026-08-27 09:00:00
2026-06-03,135398611,2261,0,2240.9679618272,679.1070211317,679.1070211317,0.7200000,26,26,0.49479225384615385,0.494792253846,2.2521996269522595,2.2521996269538054,2.2521996269522595,1.5385E-13,ELIGIBLE,R03b_20260811_FULL_v1,L1_ELIGIBILITY,v2026-08-11,2026-03-21..2026-08-06,baccarat_bet02_101_all_pairs_incl_sentinel,round_win = game_pnl > 0 (decisive only),COMPATIBILITY_ONLY_NOT_PRODUCTION,519274.8434,465718.2974,168.8526,6121,6023,-0.00032517,0.01119525,-0.01075540,-0.00032517,-168.8526,519274.8434,OK,0.0000,6.7541,4.0000,96.0000,AG03-UNRESOLVED,ALL5_LEVELS_bet23_to_bet27,6.7541,6.7541,6.7541,8.4426,0.0000,4.000000,4.000000,4.000000,5.000000,0.000000,96.000000,96.000000,96.000000,95.000000,100.000000,5.0,28.7049,26.9321,140.1477,141.9205,PENDING_AG03,FALSE,NOT_FOR_ENFORCEMENT,162.0985,447089.5655,168.8526,162.0985,6.7541,0.00032517,0.00031216,6.7541,162.0985,0.00031216,6.7541,6.7541,6.7541,8.4426,0.0000,162.0985,0.00031216,28.7049,26.9321,140.1477,141.9205,0.00026989,0.00027331,0.00001301,84.8350,77.3233,0.0280,5.6284,0.3838,17309.1614,200.7667,91.2509,79.7578,34.0832,58.2266,102.2495,170.4158,241.2244,332.7233,51.1247,0.0,4.142857,5.714285,1.45698,29,141,174,4,0.47516736,0.00032517,-0.01119525,0E-8,0.000000,0.896863,0.000000,0.02195065,2026-06-03,2026-08-03,30,440,303,62,0.483871,1.144100,1.075628,1.583891,,,,,,,,GLOBAL_BASELINE_NO_ENTITY_RANKING,,,NOT_APPLICABLE_GLOBAL_BASELINE,HF9g-P5,,,,X 全窗基线 · 不参与实体赏罚,6879013,688,A168_HF9F_20260827_0900,2026-08-27 09:00:00
2026-06-03,135398611,2271,0,1889.9113837765,933.3674164962,933.3674164962,0.7500000,9,9,0.50516123333333333,0.505161233333,1.3850910126462574,1.3850910126481335,1.3850910126462574,3.3333E-13,ELIGIBLE,R03b_20260811_FULL_v1,L1_ELIGIBILITY,v2026-08-11,2026-03-21..2026-08-06,baccarat_bet02_101_all_pairs_incl_sentinel,round_win = game_pnl > 0 (decisive only),COMPATIBILITY_ONLY_NOT_PRODUCTION,519274.8434,465718.2974,168.8526,6121,6023,-0.00032517,0.01119525,-0.01075540,-0.00032517,-168.8526,519274.8434,OK,0.0000,6.7541,4.0000,96.0000,AG03-UNRESOLVED,ALL5_LEVELS_bet23_to_bet27,6.7541,6.7541,6.7541,8.4426,0.0000,4.000000,4.000000,4.000000,5.000000,0.000000,96.000000,96.000000,96.000000,95.000000,100.000000,5.0,28.7049,26.9321,140.1477,141.9205,PENDING_AG03,FALSE,NOT_FOR_ENFORCEMENT,162.0985,447089.5655,168.8526,162.0985,6.7541,0.00032517,0.00031216,6.7541,162.0985,0.00031216,6.7541,6.7541,6.7541,8.4426,0.0000,162.0985,0.00031216,28.7049,26.9321,140.1477,141.9205,0.00026989,0.00027331,0.00001301,84.8350,77.3233,0.0280,5.6284,0.3838,17309.1614,200.7667,91.2509,79.7578,34.0832,58.2266,102.2495,170.4158,241.2244,332.7233,51.1247,0.0,4.142857,5.714285,1.45698,29,141,174,4,0.47516736,0.00032517,-0.01119525,0E-8,0.000000,0.896863,0.000000,0.02195065,2026-06-03,2026-08-03,30,440,303,62,0.483871,1.144100,1.075628,1.583891,,,,,,,,GLOBAL_BASELINE_NO_ENTITY_RANKING,,,NOT_APPLICABLE_GLOBAL_BASELINE,HF9g-P5,,,,X 全窗基线 · 不参与实体赏罚,6879014,688,A168_HF9F_20260827_0900,2026-08-27 09:00:00
2026-06-03,135398611,2276,0,327.1983640082,21.7280163599,21.7280163599,0.5000000,4,4,0.50665070000000000,0.506650700000,-0.02660515369234503,-0.02660515369234503,-0.02660515369234503,0E-17,ELIGIBLE,R03b_20260811_FULL_v1,L1_ELIGIBILITY,v2026-08-11,2026-03-21..2026-08-06,baccarat_bet02_101_all_pairs_incl_sentinel,round_win = game_pnl > 0 (decisive only),COMPATIBILITY_ONLY_NOT_PRODUCTION,519274.8434,465718.2974,168.8526,6121,6023,-0.00032517,0.01119525,-0.01075540,-0.00032517,-168.8526,519274.8434,OK,0.0000,6.7541,4.0000,96.0000,AG03-UNRESOLVED,ALL5_LEVELS_bet23_to_bet27,6.7541,6.7541,6.7541,8.4426,0.0000,4.000000,4.000000,4.000000,5.000000,0.000000,96.000000,96.000000,96.000000,95.000000,100.000000,5.0,28.7049,26.9321,140.1477,141.9205,PENDING_AG03,FALSE,NOT_FOR_ENFORCEMENT,162.0985,447089.5655,168.8526,162.0985,6.7541,0.00032517,0.00031216,6.7541,162.0985,0.00031216,6.7541,6.7541,6.7541,8.4426,0.0000,162.0985,0.00031216,28.7049,26.9321,140.1477,141.9205,0.00026989,0.00027331,0.00001301,84.8350,77.3233,0.0280,5.6284,0.3838,17309.1614,200.7667,91.2509,79.7578,34.0832,58.2266,102.2495,170.4158,241.2244,332.7233,51.1247,0.0,4.142857,5.714285,1.45698,29,141,174,4,0.47516736,0.00032517,-0.01119525,0E-8,0.000000,0.896863,0.000000,0.02195065,2026-06-03,2026-08-03,30,440,303,62,0.483871,1.144100,1.075628,1.583891,,,,,,,,GLOBAL_BASELINE_NO_ENTITY_RANKING,,,NOT_APPLICABLE_GLOBAL_BASELINE,HF9g-P5,,,,X 全窗基线 · 不参与实体赏罚,6879015,688,A168_HF9F_20260827_0900,2026-08-27 09:00:00
2026-06-03,135398611,772,0,5056.2372188140,63.0538513972,63.0538513972,0.5142857,38,38,0.50277024736842105,0.502770247368,0.13625493337517802,0.13625493338015937,0.13625493337517802,4.2105E-13,ELIGIBLE,R03b_20260811_FULL_v1,L1_ELIGIBILITY,v2026-08-11,2026-03-21..2026-08-06,baccarat_bet02_101_all_pairs_incl_sentinel,round_win = game_pnl > 0 (decisive only),COMPATIBILITY_ONLY_NOT_PRODUCTION,519274.8434,465718.2974,168.8526,6121,6023,-0.00032517,0.01119525,-0.01075540,-0.00032517,-168.8526,519274.8434,OK,0.0000,6.7541,4.0000,96.0000,AG03-UNRESOLVED,ALL5_LEVELS_bet23_to_bet27,6.7541,6.7541,6.7541,8.4426,0.0000,4.000000,4.000000,4.000000,5.000000,0.000000,96.000000,96.000000,96.000000,95.000000,100.000000,5.0,28.7049,26.9321,140.1477,141.9205,PENDING_AG03,FALSE,NOT_FOR_ENFORCEMENT,162.0985,447089.5655,168.8526,162.0985,6.7541,0.00032517,0.00031216,6.7541,162.0985,0.00031216,6.7541,6.7541,6.7541,8.4426,0.0000,162.0985,0.00031216,28.7049,26.9321,140.1477,141.9205,0.00026989,0.00027331,0.00001301,84.8350,77.3233,0.0280,5.6284,0.3838,17309.1614,200.7667,91.2509,79.7578,34.0832,58.2266,102.2495,170.4158,241.2244,332.7233,51.1247,0.0,4.142857,5.714285,1.45698,29,141,174,4,0.47516736,0.00032517,-0.01119525,0E-8,0.000000,0.896863,0.000000,0.02195065,2026-06-03,2026-08-03,30,440,303,62,0.483871,1.144100,1.075628,1.583891,,,,,,,,GLOBAL_BASELINE_NO_ENTITY_RANKING,,,NOT_APPLICABLE_GLOBAL_BASELINE,HF9g-P5,,,,X 全窗基线 · 不参与实体赏罚,6879016,688,A168_HF9F_20260827_0900,2026-08-27 09:00:00
2026-06-08,135398611,1109,0,1216.7689161554,-160.7021131562,-160.7021131562,0.3913043,27,25,0.49963124981818171,0.499679996000,-1.039035425362239,-1.039502912639342,-1.039035425362239,-0.00004874618181829,ELIGIBLE,R03b_20260811_FULL_v1,L1_ELIGIBILITY,v2026-08-11,2026-03-21..2026-08-06,baccarat_bet02_101_all_pairs_incl_sentinel,round_win = game_pnl > 0 (decisive only),COMPATIBILITY_ONLY_NOT_PRODUCTION,519274.8434,465718.2974,168.8526,6121,6023,-0.00032517,0.01119525,-0.01075540,-0.00032517,-168.8526,519274.8434,OK,0.0000,6.7541,4.0000,96.0000,AG03-UNRESOLVED,ALL5_LEVELS_bet23_to_bet27,6.7541,6.7541,6.7541,8.4426,0.0000,4.000000,4.000000,4.000000,5.000000,0.000000,96.000000,96.000000,96.000000,95.000000,100.000000,5.0,28.7049,26.9321,140.1477,141.9205,PENDING_AG03,FALSE,NOT_FOR_ENFORCEMENT,162.0985,447089.5655,168.8526,162.0985,6.7541,0.00032517,0.00031216,6.7541,162.0985,0.00031216,6.7541,6.7541,6.7541,8.4426,0.0000,162.0985,0.00031216,28.7049,26.9321,140.1477,141.9205,0.00026989,0.00027331,0.00001301,84.8350,77.3233,0.0280,5.6284,0.3838,17309.1614,200.7667,91.2509,79.7578,34.0832,58.2266,102.2495,170.4158,241.2244,332.7233,51.1247,0.0,4.142857,5.714285,1.45698,29,141,174,4,0.47516736,0.00032517,-0.01119525,0E-8,0.000000,0.896863,0.000000,0.02195065,2026-06-03,2026-08-03,30,440,303,62,0.483871,1.144100,1.075628,1.583891,,,,,,,,GLOBAL_BASELINE_NO_ENTITY_RANKING,,,NOT_APPLICABLE_GLOBAL_BASELINE,HF9g-P5,,,,X 全窗基线 · 不参与实体赏罚,6879017,688,A168_HF9F_20260827_0900,2026-08-27 09:00:00
2026-06-08,135398611,1401,0,1034.4239945467,-33.3162917518,-33.3162917518,0.4444444,22,22,0.49872944545454545,0.498729445455,-0.46062499515594796,-0.4606249951598039,-0.46062499515594796,-4.5455E-13,ELIGIBLE,R03b_20260811_FULL_v1,L1_ELIGIBILITY,v2026-08-11,2026-03-21..2026-08-06,baccarat_bet02_101_all_pairs_incl_sentinel,round_win = game_pnl > 0 (decisive only),COMPATIBILITY_ONLY_NOT_PRODUCTION,519274.8434,465718.2974,168.8526,6121,6023,-0.00032517,0.01119525,-0.01075540,-0.00032517,-168.8526,519274.8434,OK,0.0000,6.7541,4.0000,96.0000,AG03-UNRESOLVED,ALL5_LEVELS_bet23_to_bet27,6.7541,6.7541,6.7541,8.4426,0.0000,4.000000,4.000000,4.000000,5.000000,0.000000,96.000000,96.000000,96.000000,95.000000,100.000000,5.0,28.7049,26.9321,140.1477,141.9205,PENDING_AG03,FALSE,NOT_FOR_ENFORCEMENT,162.0985,447089.5655,168.8526,162.0985,6.7541,0.00032517,0.00031216,6.7541,162.0985,0.00031216,6.7541,6.7541,6.7541,8.4426,0.0000,162.0985,0.00031216,28.7049,26.9321,140.1477,141.9205,0.00026989,0.00027331,0.00001301,84.8350,77.3233,0.0280,5.6284,0.3838,17309.1614,200.7667,91.2509,79.7578,34.0832,58.2266,102.2495,170.4158,241.2244,332.7233,51.1247,0.0,4.142857,5.714285,1.45698,29,141,174,4,0.47516736,0.00032517,-0.01119525,0E-8,0.000000,0.896863,0.000000,0.02195065,2026-06-03,2026-08-03,30,440,303,62,0.483871,1.144100,1.075628,1.583891,,,,,,,,GLOBAL_BASELINE_NO_ENTITY_RANKING,,,NOT_APPLICABLE_GLOBAL_BASELINE,HF9g-P5,,,,X 全窗基线 · 不参与实体赏罚,6879018,688,A168_HF9F_20260827_0900,2026-08-27 09:00:00
2026-06-08,135398611,1402,0,1543.9672801637,-18.5753237901,-18.5753237901,0.5185185,29,29,0.49833023103448276,0.498330231034,0.20980400776522687,0.2098040077702446,0.20980400776522687,4.8276E-13,ELIGIBLE,R03b_20260811_FULL_v1,L1_ELIGIBILITY,v2026-08-11,2026-03-21..2026-08-06,baccarat_bet02_101_all_pairs_incl_sentinel,round_win = game_pnl > 0 (decisive only),COMPATIBILITY_ONLY_NOT_PRODUCTION,519274.8434,465718.2974,168.8526,6121,6023,-0.00032517,0.01119525,-0.01075540,-0.00032517,-168.8526,519274.8434,OK,0.0000,6.7541,4.0000,96.0000,AG03-UNRESOLVED,ALL5_LEVELS_bet23_to_bet27,6.7541,6.7541,6.7541,8.4426,0.0000,4.000000,4.000000,4.000000,5.000000,0.000000,96.000000,96.000000,96.000000,95.000000,100.000000,5.0,28.7049,26.9321,140.1477,141.9205,PENDING_AG03,FALSE,NOT_FOR_ENFORCEMENT,162.0985,447089.5655,168.8526,162.0985,6.7541,0.00032517,0.00031216,6.7541,162.0985,0.00031216,6.7541,6.7541,6.7541,8.4426,0.0000,162.0985,0.00031216,28.7049,26.9321,140.1477,141.9205,0.00026989,0.00027331,0.00001301,84.8350,77.3233,0.0280,5.6284,0.3838,17309.1614,200.7667,91.2509,79.7578,34.0832,58.2266,102.2495,170.4158,241.2244,332.7233,51.1247,0.0,4.142857,5.714285,1.45698,29,141,174,4,0.47516736,0.00032517,-0.01119525,0E-8,0.000000,0.896863,0.000000,0.02195065,2026-06-03,2026-08-03,30,440,303,62,0.483871,1.144100,1.075628,1.583891,,,,,,,,GLOBAL_BASELINE_NO_ENTITY_RANKING,,,NOT_APPLICABLE_GLOBAL_BASELINE,HF9g-P5,,,,X 全窗基线 · 不参与实体赏罚,6879019,688,A168_HF9F_20260827_0900,2026-08-27 09:00:00
2026-06-08,135398611,2123,0,884.4580777094,151.4996591683,151.4996591683,0.6000000,23,23,0.50082235217391304,0.500822352174,0.8870730493410071,0.8870730493402295,0.8870730493410071,-8.696E-14,ELIGIBLE,R03b_20260811_FULL_v1,L1_ELIGIBILITY,v2026-08-11,2026-03-21..2026-08-06,baccarat_bet02_101_all_pairs_incl_sentinel,round_win = game_pnl > 0 (decisive only),COMPATIBILITY_ONLY_NOT_PRODUCTION,519274.8434,465718.2974,168.8526,6121,6023,-0.00032517,0.01119525,-0.01075540,-0.00032517,-168.8526,519274.8434,OK,0.0000,6.7541,4.0000,96.0000,AG03-UNRESOLVED,ALL5_LEVELS_bet23_to_bet27,6.7541,6.7541,6.7541,8.4426,0.0000,4.000000,4.000000,4.000000,5.000000,0.000000,96.000000,96.000000,96.000000,95.000000,100.000000,5.0,28.7049,26.9321,140.1477,141.9205,PENDING_AG03,FALSE,NOT_FOR_ENFORCEMENT,162.0985,447089.5655,168.8526,162.0985,6.7541,0.00032517,0.00031216,6.7541,162.0985,0.00031216,6.7541,6.7541,6.7541,8.4426,0.0000,162.0985,0.00031216,28.7049,26.9321,140.1477,141.9205,0.00026989,0.00027331,0.00001301,84.8350,77.3233,0.0280,5.6284,0.3838,17309.1614,200.7667,91.2509,79.7578,34.0832,58.2266,102.2495,170.4158,241.2244,332.7233,51.1247,0.0,4.142857,5.714285,1.45698,29,141,174,4,0.47516736,0.00032517,-0.01119525,0E-8,0.000000,0.896863,0.000000,0.02195065,2026-06-03,2026-08-03,30,440,303,62,0.483871,1.144100,1.075628,1.583891,,,,,,,,GLOBAL_BASELINE_NO_ENTITY_RANKING,,,NOT_APPLICABLE_GLOBAL_BASELINE,HF9g-P5,,,,X 全窗基线 · 不参与实体赏罚,6879020,688,A168_HF9F_20260827_0900,2026-08-27 09:00:00
2026-06-08,135398611,2223,0,153.3742331288,17.0415814588,17.0415814588,0.5000000,4,4,0.49659680000000000,0.496596800000,0.013613115331600182,0.013613115331600183,0.013613115331600182,0E-17,ELIGIBLE,R03b_20260811_FULL_v1,L1_ELIGIBILITY,v2026-08-11,2026-03-21..2026-08-06,baccarat_bet02_101_all_pairs_incl_sentinel,round_win = game_pnl > 0 (decisive only),COMPATIBILITY_ONLY_NOT_PRODUCTION,519274.8434,465718.2974,168.8526,6121,6023,-0.00032517,0.01119525,-0.01075540,-0.00032517,-168.8526,519274.8434,OK,0.0000,6.7541,4.0000,96.0000,AG03-UNRESOLVED,ALL5_LEVELS_bet23_to_bet27,6.7541,6.7541,6.7541,8.4426,0.0000,4.000000,4.000000,4.000000,5.000000,0.000000,96.000000,96.000000,96.000000,95.000000,100.000000,5.0,28.7049,26.9321,140.1477,141.9205,PENDING_AG03,FALSE,NOT_FOR_ENFORCEMENT,162.0985,447089.5655,168.8526,162.0985,6.7541,0.00032517,0.00031216,6.7541,162.0985,0.00031216,6.7541,6.7541,6.7541,8.4426,0.0000,162.0985,0.00031216,28.7049,26.9321,140.1477,141.9205,0.00026989,0.00027331,0.00001301,84.8350,77.3233,0.0280,5.6284,0.3838,17309.1614,200.7667,91.2509,79.7578,34.0832,58.2266,102.2495,170.4158,241.2244,332.7233,51.1247,0.0,4.142857,5.714285,1.45698,29,141,174,4,0.47516736,0.00032517,-0.01119525,0E-8,0.000000,0.896863,0.000000,0.02195065,2026-06-03,2026-08-03,30,440,303,62,0.483871,1.144100,1.075628,1.583891,,,,,,,,GLOBAL_BASELINE_NO_ENTITY_RANKING,,,NOT_APPLICABLE_GLOBAL_BASELINE,HF9g-P5,,,,X 全窗基线 · 不参与实体赏罚,6879021,688,A168_HF9F_20260827_0900,2026-08-27 09:00:00
2026-06-08,135398611,2241,0,477.1642808454,221.5405589639,221.5405589639,0.8000000,11,11,0.49324550000000000,0.493245500000,1.9402628553634393,1.9402628553634393,1.9402628553634393,0E-17,ELIGIBLE,R03b_20260811_FULL_v1,L1_ELIGIBILITY,v2026-08-11,2026-03-21..2026-08-06,baccarat_bet02_101_all_pairs_incl_sentinel,round_win = game_pnl > 0 (decisive only),COMPATIBILITY_ONLY_NOT_PRODUCTION,519274.8434,465718.2974,168.8526,6121,6023,-0.00032517,0.01119525,-0.01075540,-0.00032517,-168.8526,519274.8434,OK,0.0000,6.7541,4.0000,96.0000,AG03-UNRESOLVED,ALL5_LEVELS_bet23_to_bet27,6.7541,6.7541,6.7541,8.4426,0.0000,4.000000,4.000000,4.000000,5.000000,0.000000,96.000000,96.000000,96.000000,95.000000,100.000000,5.0,28.7049,26.9321,140.1477,141.9205,PENDING_AG03,FALSE,NOT_FOR_ENFORCEMENT,162.0985,447089.5655,168.8526,162.0985,6.7541,0.00032517,0.00031216,6.7541,162.0985,0.00031216,6.7541,6.7541,6.7541,8.4426,0.0000,162.0985,0.00031216,28.7049,26.9321,140.1477,141.9205,0.00026989,0.00027331,0.00001301,84.8350,77.3233,0.0280,5.6284,0.3838,17309.1614,200.7667,91.2509,79.7578,34.0832,58.2266,102.2495,170.4158,241.2244,332.7233,51.1247,0.0,4.142857,5.714285,1.45698,29,141,174,4,0.47516736,0.00032517,-0.01119525,0E-8,0.000000,0.896863,0.000000,0.02195065,2026-06-03,2026-08-03,30,440,303,62,0.483871,1.144100,1.075628,1.583891,,,,,,,,GLOBAL_BASELINE_NO_ENTITY_RANKING,,,NOT_APPLICABLE_GLOBAL_BASELINE,HF9g-P5,,,,X 全窗基线 · 不参与实体赏罚,6879022,688,A168_HF9F_20260827_0900,2026-08-27 09:00:00
2026-06-08,135398611,2246,0,858.8957055216,-66.4621676892,-66.4621676892,0.4666667,18,18,0.49696916666666667,0.496969166667,-0.23472646810803993,-0.23472646811062098,-0.23472646810803993,-3.3333E-13,ELIGIBLE,R03b_20260811_FULL_v1,L1_ELIGIBILITY,v2026-08-11,2026-03-21..2026-08-06,baccarat_bet02_101_all_pairs_incl_sentinel,round_win = game_pnl > 0 (decisive only),COMPATIBILITY_ONLY_NOT_PRODUCTION,519274.8434,465718.2974,168.8526,6121,6023,-0.00032517,0.01119525,-0.01075540,-0.00032517,-168.8526,519274.8434,OK,0.0000,6.7541,4.0000,96.0000,AG03-UNRESOLVED,ALL5_LEVELS_bet23_to_bet27,6.7541,6.7541,6.7541,8.4426,0.0000,4.000000,4.000000,4.000000,5.000000,0.000000,96.000000,96.000000,96.000000,95.000000,100.000000,5.0,28.7049,26.9321,140.1477,141.9205,PENDING_AG03,FALSE,NOT_FOR_ENFORCEMENT,162.0985,447089.5655,168.8526,162.0985,6.7541,0.00032517,0.00031216,6.7541,162.0985,0.00031216,6.7541,6.7541,6.7541,8.4426,0.0000,162.0985,0.00031216,28.7049,26.9321,140.1477,141.9205,0.00026989,0.00027331,0.00001301,84.8350,77.3233,0.0280,5.6284,0.3838,17309.1614,200.7667,91.2509,79.7578,34.0832,58.2266,102.2495,170.4158,241.2244,332.7233,51.1247,0.0,4.142857,5.714285,1.45698,29,141,174,4,0.47516736,0.00032517,-0.01119525,0E-8,0.000000,0.896863,0.000000,0.02195065,2026-06-03,2026-08-03,30,440,303,62,0.483871,1.144100,1.075628,1.583891,,,,,,,,GLOBAL_BASELINE_NO_ENTITY_RANKING,,,NOT_APPLICABLE_GLOBAL_BASELINE,HF9g-P5,,,,X 全窗基线 · 不参与实体赏罚,6879023,688,A168_HF9F_20260827_0900,2026-08-27 09:00:00
2026-06-08,135398611,970,0,119.2910702113,68.1663258351,68.1663258351,0.6666667,3,3,0.49771390000000000,0.497713900000,0.5852756695216578,0.5852756695216578,0.5852756695216578,0E-17,ELIGIBLE,R03b_20260811_FULL_v1,L1_ELIGIBILITY,v2026-08-11,2026-03-21..2026-08-06,baccarat_bet02_101_all_pairs_incl_sentinel,round_win = game_pnl > 0 (decisive only),COMPATIBILITY_ONLY_NOT_PRODUCTION,519274.8434,465718.2974,168.8526,6121,6023,-0.00032517,0.01119525,-0.01075540,-0.00032517,-168.8526,519274.8434,OK,0.0000,6.7541,4.0000,96.0000,AG03-UNRESOLVED,ALL5_LEVELS_bet23_to_bet27,6.7541,6.7541,6.7541,8.4426,0.0000,4.000000,4.000000,4.000000,5.000000,0.000000,96.000000,96.000000,96.000000,95.000000,100.000000,5.0,28.7049,26.9321,140.1477,141.9205,PENDING_AG03,FALSE,NOT_FOR_ENFORCEMENT,162.0985,447089.5655,168.8526,162.0985,6.7541,0.00032517,0.00031216,6.7541,162.0985,0.00031216,6.7541,6.7541,6.7541,8.4426,0.0000,162.0985,0.00031216,28.7049,26.9321,140.1477,141.9205,0.00026989,0.00027331,0.00001301,84.8350,77.3233,0.0280,5.6284,0.3838,17309.1614,200.7667,91.2509,79.7578,34.0832,58.2266,102.2495,170.4158,241.2244,332.7233,51.1247,0.0,4.142857,5.714285,1.45698,29,141,174,4,0.47516736,0.00032517,-0.01119525,0E-8,0.000000,0.896863,0.000000,0.02195065,2026-06-03,2026-08-03,30,440,303,62,0.483871,1.144100,1.075628,1.583891,,,,,,,,GLOBAL_BASELINE_NO_ENTITY_RANKING,,,NOT_APPLICABLE_GLOBAL_BASELINE,HF9g-P5,,,,X 全窗基线 · 不参与实体赏罚,6879024,688,A168_HF9F_20260827_0900,2026-08-27 09:00:00
2026-06-13,135398611,1115,0,136.3326516701,-85.2079072938,-85.2079072938,0E-7,2,2,0.49324550000000000,0.493245500000,-0.9865810262130424,-0.9865810262130424,-0.9865810262130424,0E-17,ELIGIBLE,R03b_20260811_FULL_v1,L1_ELIGIBILITY,v2026-08-11,2026-03-21..2026-08-06,baccarat_bet02_101_all_pairs_incl_sentinel,round_win = game_pnl > 0 (decisive only),COMPATIBILITY_ONLY_NOT_PRODUCTION,519274.8434,465718.2974,168.8526,6121,6023,-0.00032517,0.01119525,-0.01075540,-0.00032517,-168.8526,519274.8434,OK,0.0000,6.7541,4.0000,96.0000,AG03-UNRESOLVED,ALL5_LEVELS_bet23_to_bet27,6.7541,6.7541,6.7541,8.4426,0.0000,4.000000,4.000000,4.000000,5.000000,0.000000,96.000000,96.000000,96.000000,95.000000,100.000000,5.0,28.7049,26.9321,140.1477,141.9205,PENDING_AG03,FALSE,NOT_FOR_ENFORCEMENT,162.0985,447089.5655,168.8526,162.0985,6.7541,0.00032517,0.00031216,6.7541,162.0985,0.00031216,6.7541,6.7541,6.7541,8.4426,0.0000,162.0985,0.00031216,28.7049,26.9321,140.1477,141.9205,0.00026989,0.00027331,0.00001301,84.8350,77.3233,0.0280,5.6284,0.3838,17309.1614,200.7667,91.2509,79.7578,34.0832,58.2266,102.2495,170.4158,241.2244,332.7233,51.1247,0.0,4.142857,5.714285,1.45698,29,141,174,4,0.47516736,0.00032517,-0.01119525,0E-8,0.000000,0.896863,0.000000,0.02195065,2026-06-03,2026-08-03,30,440,303,62,0.483871,1.144100,1.075628,1.583891,,,,,,,,GLOBAL_BASELINE_NO_ENTITY_RANKING,,,NOT_APPLICABLE_GLOBAL_BASELINE,HF9g-P5,,,,X 全窗基线 · 不参与实体赏罚,6879025,688,A168_HF9F_20260827_0900,2026-08-27 09:00:00
2026-06-13,135398611,1210,0,545.3306066803,-460.1226993865,-460.1226993865,0E-7,8,8,0.50162375000000000,0.501623750000,-2.6543573852507585,-2.6543573852507585,-2.6543573852507585,0E-17,ELIGIBLE,R03b_20260811_FULL_v1,L1_ELIGIBILITY,v2026-08-11,2026-03-21..2026-08-06,baccarat_bet02_101_all_pairs_incl_sentinel,round_win = game_pnl > 0 (decisive only),COMPATIBILITY_ONLY_NOT_PRODUCTION,519274.8434,465718.2974,168.8526,6121,6023,-0.00032517,0.01119525,-0.01075540,-0.00032517,-168.8526,519274.8434,OK,0.0000,6.7541,4.0000,96.0000,AG03-UNRESOLVED,ALL5_LEVELS_bet23_to_bet27,6.7541,6.7541,6.7541,8.4426,0.0000,4.000000,4.000000,4.000000,5.000000,0.000000,96.000000,96.000000,96.000000,95.000000,100.000000,5.0,28.7049,26.9321,140.1477,141.9205,PENDING_AG03,FALSE,NOT_FOR_ENFORCEMENT,162.0985,447089.5655,168.8526,162.0985,6.7541,0.00032517,0.00031216,6.7541,162.0985,0.00031216,6.7541,6.7541,6.7541,8.4426,0.0000,162.0985,0.00031216,28.7049,26.9321,140.1477,141.9205,0.00026989,0.00027331,0.00001301,84.8350,77.3233,0.0280,5.6284,0.3838,17309.1614,200.7667,91.2509,79.7578,34.0832,58.2266,102.2495,170.4158,241.2244,332.7233,51.1247,0.0,4.142857,5.714285,1.45698,29,141,174,4,0.47516736,0.00032517,-0.01119525,0E-8,0.000000,0.896863,0.000000,0.02195065,2026-06-03,2026-08-03,30,440,303,62,0.483871,1.144100,1.075628,1.583891,,,,,,,,GLOBAL_BASELINE_NO_ENTITY_RANKING,,,NOT_APPLICABLE_GLOBAL_BASELINE,HF9g-P5,,,,X 全窗基线 · 不参与实体赏罚,6879026,688,A168_HF9F_20260827_0900,2026-08-27 09:00:00
2026-06-13,135398611,1304,0,3254.9420586232,-412.4062713021,-412.4062713021,0.4687500,34,34,0.49915955882352941,0.499159558824,-0.344045370139442,-0.34404537014476555,-0.344045370139442,-4.7059E-13,ELIGIBLE,R03b_20260811_FULL_v1,L1_ELIGIBILITY,v2026-08-11,2026-03-21..2026-08-06,baccarat_bet02_101_all_pairs_incl_sentinel,round_win = game_pnl > 0 (decisive only),COMPATIBILITY_ONLY_NOT_PRODUCTION,519274.8434,465718.2974,168.8526,6121,6023,-0.00032517,0.01119525,-0.01075540,-0.00032517,-168.8526,519274.8434,OK,0.0000,6.7541,4.0000,96.0000,AG03-UNRESOLVED,ALL5_LEVELS_bet23_to_bet27,6.7541,6.7541,6.7541,8.4426,0.0000,4.000000,4.000000,4.000000,5.000000,0.000000,96.000000,96.000000,96.000000,95.000000,100.000000,5.0,28.7049,26.9321,140.1477,141.9205,PENDING_AG03,FALSE,NOT_FOR_ENFORCEMENT,162.0985,447089.5655,168.8526,162.0985,6.7541,0.00032517,0.00031216,6.7541,162.0985,0.00031216,6.7541,6.7541,6.7541,8.4426,0.0000,162.0985,0.00031216,28.7049,26.9321,140.1477,141.9205,0.00026989,0.00027331,0.00001301,84.8350,77.3233,0.0280,5.6284,0.3838,17309.1614,200.7667,91.2509,79.7578,34.0832,58.2266,102.2495,170.4158,241.2244,332.7233,51.1247,0.0,4.142857,5.714285,1.45698,29,141,174,4,0.47516736,0.00032517,-0.01119525,0E-8,0.000000,0.896863,0.000000,0.02195065,2026-06-03,2026-08-03,30,440,303,62,0.483871,1.144100,1.075628,1.583891,,,,,,,,GLOBAL_BASELINE_NO_ENTITY_RANKING,,,NOT_APPLICABLE_GLOBAL_BASELINE,HF9g-P5,,,,X 全窗基线 · 不参与实体赏罚,6879027,688,A168_HF9F_20260827_0900,2026-08-27 09:00:00
2026-06-13,135398611,1374,0,3587.2528970689,230.3169734152,230.3169734152,0.6086957,24,24,0.49827245000000000,0.498272450000,1.0591484697072608,1.0591484697072608,1.0591484697072608,0E-17,ELIGIBLE,R03b_20260811_FULL_v1,L1_ELIGIBILITY,v2026-08-11,2026-03-21..2026-08-06,baccarat_bet02_101_all_pairs_incl_sentinel,round_win = game_pnl > 0 (decisive only),COMPATIBILITY_ONLY_NOT_PRODUCTION,519274.8434,465718.2974,168.8526,6121,6023,-0.00032517,0.01119525,-0.01075540,-0.00032517,-168.8526,519274.8434,OK,0.0000,6.7541,4.0000,96.0000,AG03-UNRESOLVED,ALL5_LEVELS_bet23_to_bet27,6.7541,6.7541,6.7541,8.4426,0.0000,4.000000,4.000000,4.000000,5.000000,0.000000,96.000000,96.000000,96.000000,95.000000,100.000000,5.0,28.7049,26.9321,140.1477,141.9205,PENDING_AG03,FALSE,NOT_FOR_ENFORCEMENT,162.0985,447089.5655,168.8526,162.0985,6.7541,0.00032517,0.00031216,6.7541,162.0985,0.00031216,6.7541,6.7541,6.7541,8.4426,0.0000,162.0985,0.00031216,28.7049,26.9321,140.1477,141.9205,0.00026989,0.00027331,0.00001301,84.8350,77.3233,0.0280,5.6284,0.3838,17309.1614,200.7667,91.2509,79.7578,34.0832,58.2266,102.2495,170.4158,241.2244,332.7233,51.1247,0.0,4.142857,5.714285,1.45698,29,141,174,4,0.47516736,0.00032517,-0.01119525,0E-8,0.000000,0.896863,0.000000,0.02195065,2026-06-03,2026-08-03,30,440,303,62,0.483871,1.144100,1.075628,1.583891,,,,,,,,GLOBAL_BASELINE_NO_ENTITY_RANKING,,,NOT_APPLICABLE_GLOBAL_BASELINE,HF9g-P5,,,,X 全窗基线 · 不参与实体赏罚,6879028,688,A168_HF9F_20260827_0900,2026-08-27 09:00:00
2026-06-13,135398611,1383,0,1117.9277436946,-501.0224948874,-501.0224948874,0.2857143,8,8,0.50497505000000000,0.504975050000,-1.1602763468535837,-1.1602763468535837,-1.1602763468535837,0E-17,ELIGIBLE,R03b_20260811_FULL_v1,L1_ELIGIBILITY,v2026-08-11,2026-03-21..2026-08-06,baccarat_bet02_101_all_pairs_incl_sentinel,round_win = game_pnl > 0 (decisive only),COMPATIBILITY_ONLY_NOT_PRODUCTION,519274.8434,465718.2974,168.8526,6121,6023,-0.00032517,0.01119525,-0.01075540,-0.00032517,-168.8526,519274.8434,OK,0.0000,6.7541,4.0000,96.0000,AG03-UNRESOLVED,ALL5_LEVELS_bet23_to_bet27,6.7541,6.7541,6.7541,8.4426,0.0000,4.000000,4.000000,4.000000,5.000000,0.000000,96.000000,96.000000,96.000000,95.000000,100.000000,5.0,28.7049,26.9321,140.1477,141.9205,PENDING_AG03,FALSE,NOT_FOR_ENFORCEMENT,162.0985,447089.5655,168.8526,162.0985,6.7541,0.00032517,0.00031216,6.7541,162.0985,0.00031216,6.7541,6.7541,6.7541,8.4426,0.0000,162.0985,0.00031216,28.7049,26.9321,140.1477,141.9205,0.00026989,0.00027331,0.00001301,84.8350,77.3233,0.0280,5.6284,0.3838,17309.1614,200.7667,91.2509,79.7578,34.0832,58.2266,102.2495,170.4158,241.2244,332.7233,51.1247,0.0,4.142857,5.714285,1.45698,29,141,174,4,0.47516736,0.00032517,-0.01119525,0E-8,0.000000,0.896863,0.000000,0.02195065,2026-06-03,2026-08-03,30,440,303,62,0.483871,1.144100,1.075628,1.583891,,,,,,,,GLOBAL_BASELINE_NO_ENTITY_RANKING,,,NOT_APPLICABLE_GLOBAL_BASELINE,HF9g-P5,,,,X 全窗基线 · 不参与实体赏罚,6879029,688,A168_HF9F_20260827_0900,2026-08-27 09:00:00
2026-06-13,135398611,1396,0,2643.1492842536,-744.7171097478,-744.7171097478,0.3333333,17,17,0.49561112352941176,0.495611123529,-1.2570467857757515,-1.257046785772571,-1.2570467857757515,4.1176E-13,ELIGIBLE,R03b_20260811_FULL_v1,L1_ELIGIBILITY,v2026-08-11,2026-03-21..2026-08-06,baccarat_bet02_101_all_pairs_incl_sentinel,round_win = game_pnl > 0 (decisive only),COMPATIBILITY_ONLY_NOT_PRODUCTION,519274.8434,465718.2974,168.8526,6121,6023,-0.00032517,0.01119525,-0.01075540,-0.00032517,-168.8526,519274.8434,OK,0.0000,6.7541,4.0000,96.0000,AG03-UNRESOLVED,ALL5_LEVELS_bet23_to_bet27,6.7541,6.7541,6.7541,8.4426,0.0000,4.000000,4.000000,4.000000,5.000000,0.000000,96.000000,96.000000,96.000000,95.000000,100.000000,5.0,28.7049,26.9321,140.1477,141.9205,PENDING_AG03,FALSE,NOT_FOR_ENFORCEMENT,162.0985,447089.5655,168.8526,162.0985,6.7541,0.00032517,0.00031216,6.7541,162.0985,0.00031216,6.7541,6.7541,6.7541,8.4426,0.0000,162.0985,0.00031216,28.7049,26.9321,140.1477,141.9205,0.00026989,0.00027331,0.00001301,84.8350,77.3233,0.0280,5.6284,0.3838,17309.1614,200.7667,91.2509,79.7578,34.0832,58.2266,102.2495,170.4158,241.2244,332.7233,51.1247,0.0,4.142857,5.714285,1.45698,29,141,174,4,0.47516736,0.00032517,-0.01119525,0E-8,0.000000,0.896863,0.000000,0.02195065,2026-06-03,2026-08-03,30,440,303,62,0.483871,1.144100,1.075628,1.583891,,,,,,,,GLOBAL_BASELINE_NO_ENTITY_RANKING,,,NOT_APPLICABLE_GLOBAL_BASELINE,HF9g-P5,,,,X 全窗基线 · 不参与实体赏罚,6879030,688,A168_HF9F_20260827_0900,2026-08-27 09:00:00
2026-06-13,135398611,1401,0,669.7341513292,-337.4233128834,-337.4233128834,0.2000000,5,5,0.50128862000000000,0.501288620000,-1.347408145195933,-1.347408145195933,-1.347408145195933,0E-17,ELIGIBLE,R03b_20260811_FULL_v1,L1_ELIGIBILITY,v2026-08-11,2026-03-21..2026-08-06,baccarat_bet02_101_all_pairs_incl_sentinel,round_win = game_pnl > 0 (decisive only),COMPATIBILITY_ONLY_NOT_PRODUCTION,519274.8434,465718.2974,168.8526,6121,6023,-0.00032517,0.01119525,-0.01075540,-0.00032517,-168.8526,519274.8434,OK,0.0000,6.7541,4.0000,96.0000,AG03-UNRESOLVED,ALL5_LEVELS_bet23_to_bet27,6.7541,6.7541,6.7541,8.4426,0.0000,4.000000,4.000000,4.000000,5.000000,0.000000,96.000000,96.000000,96.000000,95.000000,100.000000,5.0,28.7049,26.9321,140.1477,141.9205,PENDING_AG03,FALSE,NOT_FOR_ENFORCEMENT,162.0985,447089.5655,168.8526,162.0985,6.7541,0.00032517,0.00031216,6.7541,162.0985,0.00031216,6.7541,6.7541,6.7541,8.4426,0.0000,162.0985,0.00031216,28.7049,26.9321,140.1477,141.9205,0.00026989,0.00027331,0.00001301,84.8350,77.3233,0.0280,5.6284,0.3838,17309.1614,200.7667,91.2509,79.7578,34.0832,58.2266,102.2495,170.4158,241.2244,332.7233,51.1247,0.0,4.142857,5.714285,1.45698,29,141,174,4,0.47516736,0.00032517,-0.01119525,0E-8,0.000000,0.896863,0.000000,0.02195065,2026-06-03,2026-08-03,30,440,303,62,0.483871,1.144100,1.075628,1.583891,,,,,,,,GLOBAL_BASELINE_NO_ENTITY_RANKING,,,NOT_APPLICABLE_GLOBAL_BASELINE,HF9g-P5,,,,X 全窗基线 · 不参与实体赏罚,6879031,688,A168_HF9F_20260827_0900,2026-08-27 09:00:00
2026-06-13,135398611,1490,0,2094.4103612817,-568.9331970009,-568.9331970009,0.3684211,19,19,0.50312301578947368,0.503123015789,-1.1743273969918349,-1.1743273969876984,-1.1743273969918349,4.7368E-13,ELIGIBLE,R03b_20260811_FULL_v1,L1_ELIGIBILITY,v2026-08-11,2026-03-21..2026-08-06,baccarat_bet02_101_all_pairs_incl_sentinel,round_win = game_pnl > 0 (decisive only),COMPATIBILITY_ONLY_NOT_PRODUCTION,519274.8434,465718.2974,168.8526,6121,6023,-0.00032517,0.01119525,-0.01075540,-0.00032517,-168.8526,519274.8434,OK,0.0000,6.7541,4.0000,96.0000,AG03-UNRESOLVED,ALL5_LEVELS_bet23_to_bet27,6.7541,6.7541,6.7541,8.4426,0.0000,4.000000,4.000000,4.000000,5.000000,0.000000,96.000000,96.000000,96.000000,95.000000,100.000000,5.0,28.7049,26.9321,140.1477,141.9205,PENDING_AG03,FALSE,NOT_FOR_ENFORCEMENT,162.0985,447089.5655,168.8526,162.0985,6.7541,0.00032517,0.00031216,6.7541,162.0985,0.00031216,6.7541,6.7541,6.7541,8.4426,0.0000,162.0985,0.00031216,28.7049,26.9321,140.1477,141.9205,0.00026989,0.00027331,0.00001301,84.8350,77.3233,0.0280,5.6284,0.3838,17309.1614,200.7667,91.2509,79.7578,34.0832,58.2266,102.2495,170.4158,241.2244,332.7233,51.1247,0.0,4.142857,5.714285,1.45698,29,141,174,4,0.47516736,0.00032517,-0.01119525,0E-8,0.000000,0.896863,0.000000,0.02195065,2026-06-03,2026-08-03,30,440,303,62,0.483871,1.144100,1.075628,1.583891,,,,,,,,GLOBAL_BASELINE_NO_ENTITY_RANKING,,,NOT_APPLICABLE_GLOBAL_BASELINE,HF9g-P5,,,,X 全窗基线 · 不参与实体赏罚,6879032,688,A168_HF9F_20260827_0900,2026-08-27 09:00:00
2026-06-13,135398611,1646,0,3515.6782549422,1182.3449216086,1182.3449216086,0.6666667,23,23,0.49907384782608696,0.499073847826,1.5360161915981059,1.536016191598903,1.5360161915981059,8.696E-14,ELIGIBLE,R03b_20260811_FULL_v1,L1_ELIGIBILITY,v2026-08-11,2026-03-21..2026-08-06,baccarat_bet02_101_all_pairs_incl_sentinel,round_win = game_pnl > 0 (decisive only),COMPATIBILITY_ONLY_NOT_PRODUCTION,519274.8434,465718.2974,168.8526,6121,6023,-0.00032517,0.01119525,-0.01075540,-0.00032517,-168.8526,519274.8434,OK,0.0000,6.7541,4.0000,96.0000,AG03-UNRESOLVED,ALL5_LEVELS_bet23_to_bet27,6.7541,6.7541,6.7541,8.4426,0.0000,4.000000,4.000000,4.000000,5.000000,0.000000,96.000000,96.000000,96.000000,95.000000,100.000000,5.0,28.7049,26.9321,140.1477,141.9205,PENDING_AG03,FALSE,NOT_FOR_ENFORCEMENT,162.0985,447089.5655,168.8526,162.0985,6.7541,0.00032517,0.00031216,6.7541,162.0985,0.00031216,6.7541,6.7541,6.7541,8.4426,0.0000,162.0985,0.00031216,28.7049,26.9321,140.1477,141.9205,0.00026989,0.00027331,0.00001301,84.8350,77.3233,0.0280,5.6284,0.3838,17309.1614,200.7667,91.2509,79.7578,34.0832,58.2266,102.2495,170.4158,241.2244,332.7233,51.1247,0.0,4.142857,5.714285,1.45698,29,141,174,4,0.47516736,0.00032517,-0.01119525,0E-8,0.000000,0.896863,0.000000,0.02195065,2026-06-03,2026-08-03,30,440,303,62,0.483871,1.144100,1.075628,1.583891,,,,,,,,GLOBAL_BASELINE_NO_ENTITY_RANKING,,,NOT_APPLICABLE_GLOBAL_BASELINE,HF9g-P5,,,,X 全窗基线 · 不参与实体赏罚,6879033,688,A168_HF9F_20260827_0900,2026-08-27 09:00:00
2026-06-13,135398611,1704,0,1090.6612133607,-306.7484662577,-306.7484662577,0.3333333,11,11,0.49690146363636364,0.496901463636,-0.981427627230298,-0.9814276272281206,-0.981427627230298,3.6364E-13,ELIGIBLE,R03b_20260811_FULL_v1,L1_ELIGIBILITY,v2026-08-11,2026-03-21..2026-08-06,baccarat_bet02_101_all_pairs_incl_sentinel,round_win = game_pnl > 0 (decisive only),COMPATIBILITY_ONLY_NOT_PRODUCTION,519274.8434,465718.2974,168.8526,6121,6023,-0.00032517,0.01119525,-0.01075540,-0.00032517,-168.8526,519274.8434,OK,0.0000,6.7541,4.0000,96.0000,AG03-UNRESOLVED,ALL5_LEVELS_bet23_to_bet27,6.7541,6.7541,6.7541,8.4426,0.0000,4.000000,4.000000,4.000000,5.000000,0.000000,96.000000,96.000000,96.000000,95.000000,100.000000,5.0,28.7049,26.9321,140.1477,141.9205,PENDING_AG03,FALSE,NOT_FOR_ENFORCEMENT,162.0985,447089.5655,168.8526,162.0985,6.7541,0.00032517,0.00031216,6.7541,162.0985,0.00031216,6.7541,6.7541,6.7541,8.4426,0.0000,162.0985,0.00031216,28.7049,26.9321,140.1477,141.9205,0.00026989,0.00027331,0.00001301,84.8350,77.3233,0.0280,5.6284,0.3838,17309.1614,200.7667,91.2509,79.7578,34.0832,58.2266,102.2495,170.4158,241.2244,332.7233,51.1247,0.0,4.142857,5.714285,1.45698,29,141,174,4,0.47516736,0.00032517,-0.01119525,0E-8,0.000000,0.896863,0.000000,0.02195065,2026-06-03,2026-08-03,30,440,303,62,0.483871,1.144100,1.075628,1.583891,,,,,,,,GLOBAL_BASELINE_NO_ENTITY_RANKING,,,NOT_APPLICABLE_GLOBAL_BASELINE,HF9g-P5,,,,X 全窗基线 · 不参与实体赏罚,6879034,688,A168_HF9F_20260827_0900,2026-08-27 09:00:00
2026-06-13,135398611,1710,0,2210.2931152013,-42.1779141105,-42.1779141105,0.5625000,19,19,0.49959533157894737,0.499595331579,0.5032375121853065,0.5032375121848854,0.5032375121853065,-5.263E-14,ELIGIBLE,R03b_20260811_FULL_v1,L1_ELIGIBILITY,v2026-08-11,2026-03-21..2026-08-06,baccarat_bet02_101_all_pairs_incl_sentinel,round_win = game_pnl > 0 (decisive only),COMPATIBILITY_ONLY_NOT_PRODUCTION,519274.8434,465718.2974,168.8526,6121,6023,-0.00032517,0.01119525,-0.01075540,-0.00032517,-168.8526,519274.8434,OK,0.0000,6.7541,4.0000,96.0000,AG03-UNRESOLVED,ALL5_LEVELS_bet23_to_bet27,6.7541,6.7541,6.7541,8.4426,0.0000,4.000000,4.000000,4.000000,5.000000,0.000000,96.000000,96.000000,96.000000,95.000000,100.000000,5.0,28.7049,26.9321,140.1477,141.9205,PENDING_AG03,FALSE,NOT_FOR_ENFORCEMENT,162.0985,447089.5655,168.8526,162.0985,6.7541,0.00032517,0.00031216,6.7541,162.0985,0.00031216,6.7541,6.7541,6.7541,8.4426,0.0000,162.0985,0.00031216,28.7049,26.9321,140.1477,141.9205,0.00026989,0.00027331,0.00001301,84.8350,77.3233,0.0280,5.6284,0.3838,17309.1614,200.7667,91.2509,79.7578,34.0832,58.2266,102.2495,170.4158,241.2244,332.7233,51.1247,0.0,4.142857,5.714285,1.45698,29,141,174,4,0.47516736,0.00032517,-0.01119525,0E-8,0.000000,0.896863,0.000000,0.02195065,2026-06-03,2026-08-03,30,440,303,62,0.483871,1.144100,1.075628,1.583891,,,,,,,,GLOBAL_BASELINE_NO_ENTITY_RANKING,,,NOT_APPLICABLE_GLOBAL_BASELINE,HF9g-P5,,,,X 全窗基线 · 不参与实体赏罚,6879035,688,A168_HF9F_20260827_0900,2026-08-27 09:00:00
2026-06-13,135398611,1951,0,886.1622358555,151.6700749830,151.6700749830,0.5384615,16,16,0.49575897500000000,0.495758975000,0.30794364203709224,0.30794364203709224,0.30794364203709224,0E-17,ELIGIBLE,R03b_20260811_FULL_v1,L1_ELIGIBILITY,v2026-08-11,2026-03-21..2026-08-06,baccarat_bet02_101_all_pairs_incl_sentinel,round_win = game_pnl > 0 (decisive only),COMPATIBILITY_ONLY_NOT_PRODUCTION,519274.8434,465718.2974,168.8526,6121,6023,-0.00032517,0.01119525,-0.01075540,-0.00032517,-168.8526,519274.8434,OK,0.0000,6.7541,4.0000,96.0000,AG03-UNRESOLVED,ALL5_LEVELS_bet23_to_bet27,6.7541,6.7541,6.7541,8.4426,0.0000,4.000000,4.000000,4.000000,5.000000,0.000000,96.000000,96.000000,96.000000,95.000000,100.000000,5.0,28.7049,26.9321,140.1477,141.9205,PENDING_AG03,FALSE,NOT_FOR_ENFORCEMENT,162.0985,447089.5655,168.8526,162.0985,6.7541,0.00032517,0.00031216,6.7541,162.0985,0.00031216,6.7541,6.7541,6.7541,8.4426,0.0000,162.0985,0.00031216,28.7049,26.9321,140.1477,141.9205,0.00026989,0.00027331,0.00001301,84.8350,77.3233,0.0280,5.6284,0.3838,17309.1614,200.7667,91.2509,79.7578,34.0832,58.2266,102.2495,170.4158,241.2244,332.7233,51.1247,0.0,4.142857,5.714285,1.45698,29,141,174,4,0.47516736,0.00032517,-0.01119525,0E-8,0.000000,0.896863,0.000000,0.02195065,2026-06-03,2026-08-03,30,440,303,62,0.483871,1.144100,1.075628,1.583891,,,,,,,,GLOBAL_BASELINE_NO_ENTITY_RANKING,,,NOT_APPLICABLE_GLOBAL_BASELINE,HF9g-P5,,,,X 全窗基线 · 不参与实体赏罚,6879036,688,A168_HF9F_20260827_0900,2026-08-27 09:00:00
2026-06-13,135398611,1985,0,828.2208588958,-311.0088616224,-311.0088616224,0.2727273,12,12,0.50218230000000000,0.502182300000,-1.5220469608120764,-1.5220469608120764,-1.5220469608120764,0E-17,ELIGIBLE,R03b_20260811_FULL_v1,L1_ELIGIBILITY,v2026-08-11,2026-03-21..2026-08-06,baccarat_bet02_101_all_pairs_incl_sentinel,round_win = game_pnl > 0 (decisive only),COMPATIBILITY_ONLY_NOT_PRODUCTION,519274.8434,465718.2974,168.8526,6121,6023,-0.00032517,0.01119525,-0.01075540,-0.00032517,-168.8526,519274.8434,OK,0.0000,6.7541,4.0000,96.0000,AG03-UNRESOLVED,ALL5_LEVELS_bet23_to_bet27,6.7541,6.7541,6.7541,8.4426,0.0000,4.000000,4.000000,4.000000,5.000000,0.000000,96.000000,96.000000,96.000000,95.000000,100.000000,5.0,28.7049,26.9321,140.1477,141.9205,PENDING_AG03,FALSE,NOT_FOR_ENFORCEMENT,162.0985,447089.5655,168.8526,162.0985,6.7541,0.00032517,0.00031216,6.7541,162.0985,0.00031216,6.7541,6.7541,6.7541,8.4426,0.0000,162.0985,0.00031216,28.7049,26.9321,140.1477,141.9205,0.00026989,0.00027331,0.00001301,84.8350,77.3233,0.0280,5.6284,0.3838,17309.1614,200.7667,91.2509,79.7578,34.0832,58.2266,102.2495,170.4158,241.2244,332.7233,51.1247,0.0,4.142857,5.714285,1.45698,29,141,174,4,0.47516736,0.00032517,-0.01119525,0E-8,0.000000,0.896863,0.000000,0.02195065,2026-06-03,2026-08-03,30,440,303,62,0.483871,1.144100,1.075628,1.583891,,,,,,,,GLOBAL_BASELINE_NO_ENTITY_RANKING,,,NOT_APPLICABLE_GLOBAL_BASELINE,HF9g-P5,,,,X 全窗基线 · 不参与实体赏罚,6879037,688,A168_HF9F_20260827_0900,2026-08-27 09:00:00
2026-06-13,135398611,1990,0,2358.5548738926,891.6155419224,891.6155419224,0.6666667,21,21,0.49899058571428571,0.498990585714,1.4227816260068527,1.4227816260092787,1.4227816260068527,2.8571E-13,ELIGIBLE,R03b_20260811_FULL_v1,L1_ELIGIBILITY,v2026-08-11,2026-03-21..2026-08-06,baccarat_bet02_101_all_pairs_incl_sentinel,round_win = game_pnl > 0 (decisive only),COMPATIBILITY_ONLY_NOT_PRODUCTION,519274.8434,465718.2974,168.8526,6121,6023,-0.00032517,0.01119525,-0.01075540,-0.00032517,-168.8526,519274.8434,OK,0.0000,6.7541,4.0000,96.0000,AG03-UNRESOLVED,ALL5_LEVELS_bet23_to_bet27,6.7541,6.7541,6.7541,8.4426,0.0000,4.000000,4.000000,4.000000,5.000000,0.000000,96.000000,96.000000,96.000000,95.000000,100.000000,5.0,28.7049,26.9321,140.1477,141.9205,PENDING_AG03,FALSE,NOT_FOR_ENFORCEMENT,162.0985,447089.5655,168.8526,162.0985,6.7541,0.00032517,0.00031216,6.7541,162.0985,0.00031216,6.7541,6.7541,6.7541,8.4426,0.0000,162.0985,0.00031216,28.7049,26.9321,140.1477,141.9205,0.00026989,0.00027331,0.00001301,84.8350,77.3233,0.0280,5.6284,0.3838,17309.1614,200.7667,91.2509,79.7578,34.0832,58.2266,102.2495,170.4158,241.2244,332.7233,51.1247,0.0,4.142857,5.714285,1.45698,29,141,174,4,0.47516736,0.00032517,-0.01119525,0E-8,0.000000,0.896863,0.000000,0.02195065,2026-06-03,2026-08-03,30,440,303,62,0.483871,1.144100,1.075628,1.583891,,,,,,,,GLOBAL_BASELINE_NO_ENTITY_RANKING,,,NOT_APPLICABLE_GLOBAL_BASELINE,HF9g-P5,,,,X 全窗基线 · 不参与实体赏罚,6879038,688,A168_HF9F_20260827_0900,2026-08-27 09:00:00
2026-06-13,135398611,1994,0,192.5698704840,10.2249488752,10.2249488752,0.6666667,4,4,0.50329940000000000,0.503299400000,0.5659331339966515,0.5659331339966515,0.5659331339966515,0E-17,ELIGIBLE,R03b_20260811_FULL_v1,L1_ELIGIBILITY,v2026-08-11,2026-03-21..2026-08-06,baccarat_bet02_101_all_pairs_incl_sentinel,round_win = game_pnl > 0 (decisive only),COMPATIBILITY_ONLY_NOT_PRODUCTION,519274.8434,465718.2974,168.8526,6121,6023,-0.00032517,0.01119525,-0.01075540,-0.00032517,-168.8526,519274.8434,OK,0.0000,6.7541,4.0000,96.0000,AG03-UNRESOLVED,ALL5_LEVELS_bet23_to_bet27,6.7541,6.7541,6.7541,8.4426,0.0000,4.000000,4.000000,4.000000,5.000000,0.000000,96.000000,96.000000,96.000000,95.000000,100.000000,5.0,28.7049,26.9321,140.1477,141.9205,PENDING_AG03,FALSE,NOT_FOR_ENFORCEMENT,162.0985,447089.5655,168.8526,162.0985,6.7541,0.00032517,0.00031216,6.7541,162.0985,0.00031216,6.7541,6.7541,6.7541,8.4426,0.0000,162.0985,0.00031216,28.7049,26.9321,140.1477,141.9205,0.00026989,0.00027331,0.00001301,84.8350,77.3233,0.0280,5.6284,0.3838,17309.1614,200.7667,91.2509,79.7578,34.0832,58.2266,102.2495,170.4158,241.2244,332.7233,51.1247,0.0,4.142857,5.714285,1.45698,29,141,174,4,0.47516736,0.00032517,-0.01119525,0E-8,0.000000,0.896863,0.000000,0.02195065,2026-06-03,2026-08-03,30,440,303,62,0.483871,1.144100,1.075628,1.583891,,,,,,,,GLOBAL_BASELINE_NO_ENTITY_RANKING,,,NOT_APPLICABLE_GLOBAL_BASELINE,HF9g-P5,,,,X 全窗基线 · 不参与实体赏罚,6879039,688,A168_HF9F_20260827_0900,2026-08-27 09:00:00
2026-06-13,135398611,2100,0,85.2079072938,-85.2079072938,-85.2079072938,0E-7,1,1,0.49324550000000000,0.493245500000,-0.9865810262130424,-0.9865810262130424,-0.9865810262130424,0E-17,ELIGIBLE,R03b_20260811_FULL_v1,L1_ELIGIBILITY,v2026-08-11,2026-03-21..2026-08-06,baccarat_bet02_101_all_pairs_incl_sentinel,round_win = game_pnl > 0 (decisive only),COMPATIBILITY_ONLY_NOT_PRODUCTION,519274.8434,465718.2974,168.8526,6121,6023,-0.00032517,0.01119525,-0.01075540,-0.00032517,-168.8526,519274.8434,OK,0.0000,6.7541,4.0000,96.0000,AG03-UNRESOLVED,ALL5_LEVELS_bet23_to_bet27,6.7541,6.7541,6.7541,8.4426,0.0000,4.000000,4.000000,4.000000,5.000000,0.000000,96.000000,96.000000,96.000000,95.000000,100.000000,5.0,28.7049,26.9321,140.1477,141.9205,PENDING_AG03,FALSE,NOT_FOR_ENFORCEMENT,162.0985,447089.5655,168.8526,162.0985,6.7541,0.00032517,0.00031216,6.7541,162.0985,0.00031216,6.7541,6.7541,6.7541,8.4426,0.0000,162.0985,0.00031216,28.7049,26.9321,140.1477,141.9205,0.00026989,0.00027331,0.00001301,84.8350,77.3233,0.0280,5.6284,0.3838,17309.1614,200.7667,91.2509,79.7578,34.0832,58.2266,102.2495,170.4158,241.2244,332.7233,51.1247,0.0,4.142857,5.714285,1.45698,29,141,174,4,0.47516736,0.00032517,-0.01119525,0E-8,0.000000,0.896863,0.000000,0.02195065,2026-06-03,2026-08-03,30,440,303,62,0.483871,1.144100,1.075628,1.583891,,,,,,,,GLOBAL_BASELINE_NO_ENTITY_RANKING,,,NOT_APPLICABLE_GLOBAL_BASELINE,HF9g-P5,,,,X 全窗基线 · 不参与实体赏罚,6879040,688,A168_HF9F_20260827_0900,2026-08-27 09:00:00
2026-06-13,135398611,2103,0,2465.9168370825,95.0920245396,95.0920245396,0.5217391,27,27,0.49771390000000000,0.497713900000,0.2304443236813266,0.23044432368132667,0.2304443236813266,0E-17,ELIGIBLE,R03b_20260811_FULL_v1,L1_ELIGIBILITY,v2026-08-11,2026-03-21..2026-08-06,baccarat_bet02_101_all_pairs_incl_sentinel,round_win = game_pnl > 0 (decisive only),COMPATIBILITY_ONLY_NOT_PRODUCTION,519274.8434,465718.2974,168.8526,6121,6023,-0.00032517,0.01119525,-0.01075540,-0.00032517,-168.8526,519274.8434,OK,0.0000,6.7541,4.0000,96.0000,AG03-UNRESOLVED,ALL5_LEVELS_bet23_to_bet27,6.7541,6.7541,6.7541,8.4426,0.0000,4.000000,4.000000,4.000000,5.000000,0.000000,96.000000,96.000000,96.000000,95.000000,100.000000,5.0,28.7049,26.9321,140.1477,141.9205,PENDING_AG03,FALSE,NOT_FOR_ENFORCEMENT,162.0985,447089.5655,168.8526,162.0985,6.7541,0.00032517,0.00031216,6.7541,162.0985,0.00031216,6.7541,6.7541,6.7541,8.4426,0.0000,162.0985,0.00031216,28.7049,26.9321,140.1477,141.9205,0.00026989,0.00027331,0.00001301,84.8350,77.3233,0.0280,5.6284,0.3838,17309.1614,200.7667,91.2509,79.7578,34.0832,58.2266,102.2495,170.4158,241.2244,332.7233,51.1247,0.0,4.142857,5.714285,1.45698,29,141,174,4,0.47516736,0.00032517,-0.01119525,0E-8,0.000000,0.896863,0.000000,0.02195065,2026-06-03,2026-08-03,30,440,303,62,0.483871,1.144100,1.075628,1.583891,,,,,,,,GLOBAL_BASELINE_NO_ENTITY_RANKING,,,NOT_APPLICABLE_GLOBAL_BASELINE,HF9g-P5,,,,X 全窗基线 · 不参与实体赏罚,6879041,688,A168_HF9F_20260827_0900,2026-08-27 09:00:00
2026-06-13,135398611,2108,0,369.8023176551,351.3122017723,351.3122017723,1.0000000,2,2,0.50665070000000000,0.506650700000,1.3955260008387969,1.3955260008387969,1.3955260008387969,0E-17,ELIGIBLE,R03b_20260811_FULL_v1,L1_ELIGIBILITY,v2026-08-11,2026-03-21..2026-08-06,baccarat_bet02_101_all_pairs_incl_sentinel,round_win = game_pnl > 0 (decisive only),COMPATIBILITY_ONLY_NOT_PRODUCTION,519274.8434,465718.2974,168.8526,6121,6023,-0.00032517,0.01119525,-0.01075540,-0.00032517,-168.8526,519274.8434,OK,0.0000,6.7541,4.0000,96.0000,AG03-UNRESOLVED,ALL5_LEVELS_bet23_to_bet27,6.7541,6.7541,6.7541,8.4426,0.0000,4.000000,4.000000,4.000000,5.000000,0.000000,96.000000,96.000000,96.000000,95.000000,100.000000,5.0,28.7049,26.9321,140.1477,141.9205,PENDING_AG03,FALSE,NOT_FOR_ENFORCEMENT,162.0985,447089.5655,168.8526,162.0985,6.7541,0.00032517,0.00031216,6.7541,162.0985,0.00031216,6.7541,6.7541,6.7541,8.4426,0.0000,162.0985,0.00031216,28.7049,26.9321,140.1477,141.9205,0.00026989,0.00027331,0.00001301,84.8350,77.3233,0.0280,5.6284,0.3838,17309.1614,200.7667,91.2509,79.7578,34.0832,58.2266,102.2495,170.4158,241.2244,332.7233,51.1247,0.0,4.142857,5.714285,1.45698,29,141,174,4,0.47516736,0.00032517,-0.01119525,0E-8,0.000000,0.896863,0.000000,0.02195065,2026-06-03,2026-08-03,30,440,303,62,0.483871,1.144100,1.075628,1.583891,,,,,,,,GLOBAL_BASELINE_NO_ENTITY_RANKING,,,NOT_APPLICABLE_GLOBAL_BASELINE,HF9g-P5,,,,X 全窗基线 · 不参与实体赏罚,6879042,688,A168_HF9F_20260827_0900,2026-08-27 09:00:00
2026-06-13,135398611,2115,0,1721.1997273348,-19.5978186775,-19.5978186775,0.5833333,12,12,0.50553360000000000,0.505533600000,0.5390453767302403,0.5390453767302403,0.5390453767302403,0E-17,ELIGIBLE,R03b_20260811_FULL_v1,L1_ELIGIBILITY,v2026-08-11,2026-03-21..2026-08-06,baccarat_bet02_101_all_pairs_incl_sentinel,round_win = game_pnl > 0 (decisive only),COMPATIBILITY_ONLY_NOT_PRODUCTION,519274.8434,465718.2974,168.8526,6121,6023,-0.00032517,0.01119525,-0.01075540,-0.00032517,-168.8526,519274.8434,OK,0.0000,6.7541,4.0000,96.0000,AG03-UNRESOLVED,ALL5_LEVELS_bet23_to_bet27,6.7541,6.7541,6.7541,8.4426,0.0000,4.000000,4.000000,4.000000,5.000000,0.000000,96.000000,96.000000,96.000000,95.000000,100.000000,5.0,28.7049,26.9321,140.1477,141.9205,PENDING_AG03,FALSE,NOT_FOR_ENFORCEMENT,162.0985,447089.5655,168.8526,162.0985,6.7541,0.00032517,0.00031216,6.7541,162.0985,0.00031216,6.7541,6.7541,6.7541,8.4426,0.0000,162.0985,0.00031216,28.7049,26.9321,140.1477,141.9205,0.00026989,0.00027331,0.00001301,84.8350,77.3233,0.0280,5.6284,0.3838,17309.1614,200.7667,91.2509,79.7578,34.0832,58.2266,102.2495,170.4158,241.2244,332.7233,51.1247,0.0,4.142857,5.714285,1.45698,29,141,174,4,0.47516736,0.00032517,-0.01119525,0E-8,0.000000,0.896863,0.000000,0.02195065,2026-06-03,2026-08-03,30,440,303,62,0.483871,1.144100,1.075628,1.583891,,,,,,,,GLOBAL_BASELINE_NO_ENTITY_RANKING,,,NOT_APPLICABLE_GLOBAL_BASELINE,HF9g-P5,,,,X 全窗基线 · 不参与实体赏罚,6879043,688,A168_HF9F_20260827_0900,2026-08-27 09:00:00
2026-06-13,135398611,2141,0,538.5139740968,-53.2549420588,-53.2549420588,0.5454545,12,12,0.50441650000000000,0.504416500000,0.27222621781358125,0.27222621781358125,0.27222621781358125,0E-17,ELIGIBLE,R03b_20260811_FULL_v1,L1_ELIGIBILITY,v2026-08-11,2026-03-21..2026-08-06,baccarat_bet02_101_all_pairs_incl_sentinel,round_win = game_pnl > 0 (decisive only),COMPATIBILITY_ONLY_NOT_PRODUCTION,519274.8434,465718.2974,168.8526,6121,6023,-0.00032517,0.01119525,-0.01075540,-0.00032517,-168.8526,519274.8434,OK,0.0000,6.7541,4.0000,96.0000,AG03-UNRESOLVED,ALL5_LEVELS_bet23_to_bet27,6.7541,6.7541,6.7541,8.4426,0.0000,4.000000,4.000000,4.000000,5.000000,0.000000,96.000000,96.000000,96.000000,95.000000,100.000000,5.0,28.7049,26.9321,140.1477,141.9205,PENDING_AG03,FALSE,NOT_FOR_ENFORCEMENT,162.0985,447089.5655,168.8526,162.0985,6.7541,0.00032517,0.00031216,6.7541,162.0985,0.00031216,6.7541,6.7541,6.7541,8.4426,0.0000,162.0985,0.00031216,28.7049,26.9321,140.1477,141.9205,0.00026989,0.00027331,0.00001301,84.8350,77.3233,0.0280,5.6284,0.3838,17309.1614,200.7667,91.2509,79.7578,34.0832,58.2266,102.2495,170.4158,241.2244,332.7233,51.1247,0.0,4.142857,5.714285,1.45698,29,141,174,4,0.47516736,0.00032517,-0.01119525,0E-8,0.000000,0.896863,0.000000,0.02195065,2026-06-03,2026-08-03,30,440,303,62,0.483871,1.144100,1.075628,1.583891,,,,,,,,GLOBAL_BASELINE_NO_ENTITY_RANKING,,,NOT_APPLICABLE_GLOBAL_BASELINE,HF9g-P5,,,,X 全窗基线 · 不参与实体赏罚,6879044,688,A168_HF9F_20260827_0900,2026-08-27 09:00:00
2026-06-13,135398611,2170,0,1898.4321745059,-168.7116564419,-168.7116564419,0.4285714,30,30,0.49816074000000000,0.498160740000,-0.7364690305785575,-0.7364690305785575,-0.7364690305785575,0E-17,ELIGIBLE,R03b_20260811_FULL_v1,L1_ELIGIBILITY,v2026-08-11,2026-03-21..2026-08-06,baccarat_bet02_101_all_pairs_incl_sentinel,round_win = game_pnl > 0 (decisive only),COMPATIBILITY_ONLY_NOT_PRODUCTION,519274.8434,465718.2974,168.8526,6121,6023,-0.00032517,0.01119525,-0.01075540,-0.00032517,-168.8526,519274.8434,OK,0.0000,6.7541,4.0000,96.0000,AG03-UNRESOLVED,ALL5_LEVELS_bet23_to_bet27,6.7541,6.7541,6.7541,8.4426,0.0000,4.000000,4.000000,4.000000,5.000000,0.000000,96.000000,96.000000,96.000000,95.000000,100.000000,5.0,28.7049,26.9321,140.1477,141.9205,PENDING_AG03,FALSE,NOT_FOR_ENFORCEMENT,162.0985,447089.5655,168.8526,162.0985,6.7541,0.00032517,0.00031216,6.7541,162.0985,0.00031216,6.7541,6.7541,6.7541,8.4426,0.0000,162.0985,0.00031216,28.7049,26.9321,140.1477,141.9205,0.00026989,0.00027331,0.00001301,84.8350,77.3233,0.0280,5.6284,0.3838,17309.1614,200.7667,91.2509,79.7578,34.0832,58.2266,102.2495,170.4158,241.2244,332.7233,51.1247,0.0,4.142857,5.714285,1.45698,29,141,174,4,0.47516736,0.00032517,-0.01119525,0E-8,0.000000,0.896863,0.000000,0.02195065,2026-06-03,2026-08-03,30,440,303,62,0.483871,1.144100,1.075628,1.583891,,,,,,,,GLOBAL_BASELINE_NO_ENTITY_RANKING,,,NOT_APPLICABLE_GLOBAL_BASELINE,HF9g-P5,,,,X 全窗基线 · 不参与实体赏罚,6879045,688,A168_HF9F_20260827_0900,2026-08-27 09:00:00
2026-06-13,135398611,2171,0,855.4873892296,-117.4164962510,-117.4164962510,0.4117647,19,18,0.49727947222222222,0.497341533333,-0.7051832669213247,-0.705694572354229,-0.7051832669213247,-0.00006206111077778,ELIGIBLE,R03b_20260811_FULL_v1,L1_ELIGIBILITY,v2026-08-11,2026-03-21..2026-08-06,baccarat_bet02_101_all_pairs_incl_sentinel,round_win = game_pnl > 0 (decisive only),COMPATIBILITY_ONLY_NOT_PRODUCTION,519274.8434,465718.2974,168.8526,6121,6023,-0.00032517,0.01119525,-0.01075540,-0.00032517,-168.8526,519274.8434,OK,0.0000,6.7541,4.0000,96.0000,AG03-UNRESOLVED,ALL5_LEVELS_bet23_to_bet27,6.7541,6.7541,6.7541,8.4426,0.0000,4.000000,4.000000,4.000000,5.000000,0.000000,96.000000,96.000000,96.000000,95.000000,100.000000,5.0,28.7049,26.9321,140.1477,141.9205,PENDING_AG03,FALSE,NOT_FOR_ENFORCEMENT,162.0985,447089.5655,168.8526,162.0985,6.7541,0.00032517,0.00031216,6.7541,162.0985,0.00031216,6.7541,6.7541,6.7541,8.4426,0.0000,162.0985,0.00031216,28.7049,26.9321,140.1477,141.9205,0.00026989,0.00027331,0.00001301,84.8350,77.3233,0.0280,5.6284,0.3838,17309.1614,200.7667,91.2509,79.7578,34.0832,58.2266,102.2495,170.4158,241.2244,332.7233,51.1247,0.0,4.142857,5.714285,1.45698,29,141,174,4,0.47516736,0.00032517,-0.01119525,0E-8,0.000000,0.896863,0.000000,0.02195065,2026-06-03,2026-08-03,30,440,303,62,0.483871,1.144100,1.075628,1.583891,,,,,,,,GLOBAL_BASELINE_NO_ENTITY_RANKING,,,NOT_APPLICABLE_GLOBAL_BASELINE,HF9g-P5,,,,X 全窗基线 · 不参与实体赏罚,6879046,688,A168_HF9F_20260827_0900,2026-08-27 09:00:00
2026-06-13,135398611,2235,0,521.4723926381,96.6257668711,96.6257668711,0.5833333,12,12,0.50553360000000000,0.505533600000,0.5390453767302403,0.5390453767302403,0.5390453767302403,0E-17,ELIGIBLE,R03b_20260811_FULL_v1,L1_ELIGIBILITY,v2026-08-11,2026-03-21..2026-08-06,baccarat_bet02_101_all_pairs_incl_sentinel,round_win = game_pnl > 0 (decisive only),COMPATIBILITY_ONLY_NOT_PRODUCTION,519274.8434,465718.2974,168.8526,6121,6023,-0.00032517,0.01119525,-0.01075540,-0.00032517,-168.8526,519274.8434,OK,0.0000,6.7541,4.0000,96.0000,AG03-UNRESOLVED,ALL5_LEVELS_bet23_to_bet27,6.7541,6.7541,6.7541,8.4426,0.0000,4.000000,4.000000,4.000000,5.000000,0.000000,96.000000,96.000000,96.000000,95.000000,100.000000,5.0,28.7049,26.9321,140.1477,141.9205,PENDING_AG03,FALSE,NOT_FOR_ENFORCEMENT,162.0985,447089.5655,168.8526,162.0985,6.7541,0.00032517,0.00031216,6.7541,162.0985,0.00031216,6.7541,6.7541,6.7541,8.4426,0.0000,162.0985,0.00031216,28.7049,26.9321,140.1477,141.9205,0.00026989,0.00027331,0.00001301,84.8350,77.3233,0.0280,5.6284,0.3838,17309.1614,200.7667,91.2509,79.7578,34.0832,58.2266,102.2495,170.4158,241.2244,332.7233,51.1247,0.0,4.142857,5.714285,1.45698,29,141,174,4,0.47516736,0.00032517,-0.01119525,0E-8,0.000000,0.896863,0.000000,0.02195065,2026-06-03,2026-08-03,30,440,303,62,0.483871,1.144100,1.075628,1.583891,,,,,,,,GLOBAL_BASELINE_NO_ENTITY_RANKING,,,NOT_APPLICABLE_GLOBAL_BASELINE,HF9g-P5,,,,X 全窗基线 · 不参与实体赏罚,6879047,688,A168_HF9F_20260827_0900,2026-08-27 09:00:00
2026-06-13,135398611,2267,0,732.7880027267,87.1676891616,87.1676891616,0.5384615,14,14,0.49803307142857143,0.498033071429,0.2915360775544848,0.2915360775513933,0.2915360775544848,-4.2857E-13,ELIGIBLE,R03b_20260811_FULL_v1,L1_ELIGIBILITY,v2026-08-11,2026-03-21..2026-08-06,baccarat_bet02_101_all_pairs_incl_sentinel,round_win = game_pnl > 0 (decisive only),COMPATIBILITY_ONLY_NOT_PRODUCTION,519274.8434,465718.2974,168.8526,6121,6023,-0.00032517,0.01119525,-0.01075540,-0.00032517,-168.8526,519274.8434,OK,0.0000,6.7541,4.0000,96.0000,AG03-UNRESOLVED,ALL5_LEVELS_bet23_to_bet27,6.7541,6.7541,6.7541,8.4426,0.0000,4.000000,4.000000,4.000000,5.000000,0.000000,96.000000,96.000000,96.000000,95.000000,100.000000,5.0,28.7049,26.9321,140.1477,141.9205,PENDING_AG03,FALSE,NOT_FOR_ENFORCEMENT,162.0985,447089.5655,168.8526,162.0985,6.7541,0.00032517,0.00031216,6.7541,162.0985,0.00031216,6.7541,6.7541,6.7541,8.4426,0.0000,162.0985,0.00031216,28.7049,26.9321,140.1477,141.9205,0.00026989,0.00027331,0.00001301,84.8350,77.3233,0.0280,5.6284,0.3838,17309.1614,200.7667,91.2509,79.7578,34.0832,58.2266,102.2495,170.4158,241.2244,332.7233,51.1247,0.0,4.142857,5.714285,1.45698,29,141,174,4,0.47516736,0.00032517,-0.01119525,0E-8,0.000000,0.896863,0.000000,0.02195065,2026-06-03,2026-08-03,30,440,303,62,0.483871,1.144100,1.075628,1.583891,,,,,,,,GLOBAL_BASELINE_NO_ENTITY_RANKING,,,NOT_APPLICABLE_GLOBAL_BASELINE,HF9g-P5,,,,X 全窗基线 · 不参与实体赏罚,6879048,688,A168_HF9F_20260827_0900,2026-08-27 09:00:00
2026-06-13,135398611,772,0,398.7730061350,-137.1847307431,-137.1847307431,0.4000000,5,5,0.49860758000000000,0.498607580000,-0.440988213962219,-0.440988213962219,-0.440988213962219,0E-17,ELIGIBLE,R03b_20260811_FULL_v1,L1_ELIGIBILITY,v2026-08-11,2026-03-21..2026-08-06,baccarat_bet02_101_all_pairs_incl_sentinel,round_win = game_pnl > 0 (decisive only),COMPATIBILITY_ONLY_NOT_PRODUCTION,519274.8434,465718.2974,168.8526,6121,6023,-0.00032517,0.01119525,-0.01075540,-0.00032517,-168.8526,519274.8434,OK,0.0000,6.7541,4.0000,96.0000,AG03-UNRESOLVED,ALL5_LEVELS_bet23_to_bet27,6.7541,6.7541,6.7541,8.4426,0.0000,4.000000,4.000000,4.000000,5.000000,0.000000,96.000000,96.000000,96.000000,95.000000,100.000000,5.0,28.7049,26.9321,140.1477,141.9205,PENDING_AG03,FALSE,NOT_FOR_ENFORCEMENT,162.0985,447089.5655,168.8526,162.0985,6.7541,0.00032517,0.00031216,6.7541,162.0985,0.00031216,6.7541,6.7541,6.7541,8.4426,0.0000,162.0985,0.00031216,28.7049,26.9321,140.1477,141.9205,0.00026989,0.00027331,0.00001301,84.8350,77.3233,0.0280,5.6284,0.3838,17309.1614,200.7667,91.2509,79.7578,34.0832,58.2266,102.2495,170.4158,241.2244,332.7233,51.1247,0.0,4.142857,5.714285,1.45698,29,141,174,4,0.47516736,0.00032517,-0.01119525,0E-8,0.000000,0.896863,0.000000,0.02195065,2026-06-03,2026-08-03,30,440,303,62,0.483871,1.144100,1.075628,1.583891,,,,,,,,GLOBAL_BASELINE_NO_ENTITY_RANKING,,,NOT_APPLICABLE_GLOBAL_BASELINE,HF9g-P5,,,,X 全窗基线 · 不参与实体赏罚,6879049,688,A168_HF9F_20260827_0900,2026-08-27 09:00:00
2026-06-13,135398611,919,0,1013.9740967963,-333.1629175188,-333.1629175188,0.3333333,8,8,0.50162375000000000,0.501623750000,-0.8244556463391333,-0.8244556463391335,-0.8244556463391333,0E-17,ELIGIBLE,R03b_20260811_FULL_v1,L1_ELIGIBILITY,v2026-08-11,2026-03-21..2026-08-06,baccarat_bet02_101_all_pairs_incl_sentinel,round_win = game_pnl > 0 (decisive only),COMPATIBILITY_ONLY_NOT_PRODUCTION,519274.8434,465718.2974,168.8526,6121,6023,-0.00032517,0.01119525,-0.01075540,-0.00032517,-168.8526,519274.8434,OK,0.0000,6.7541,4.0000,96.0000,AG03-UNRESOLVED,ALL5_LEVELS_bet23_to_bet27,6.7541,6.7541,6.7541,8.4426,0.0000,4.000000,4.000000,4.000000,5.000000,0.000000,96.000000,96.000000,96.000000,95.000000,100.000000,5.0,28.7049,26.9321,140.1477,141.9205,PENDING_AG03,FALSE,NOT_FOR_ENFORCEMENT,162.0985,447089.5655,168.8526,162.0985,6.7541,0.00032517,0.00031216,6.7541,162.0985,0.00031216,6.7541,6.7541,6.7541,8.4426,0.0000,162.0985,0.00031216,28.7049,26.9321,140.1477,141.9205,0.00026989,0.00027331,0.00001301,84.8350,77.3233,0.0280,5.6284,0.3838,17309.1614,200.7667,91.2509,79.7578,34.0832,58.2266,102.2495,170.4158,241.2244,332.7233,51.1247,0.0,4.142857,5.714285,1.45698,29,141,174,4,0.47516736,0.00032517,-0.01119525,0E-8,0.000000,0.896863,0.000000,0.02195065,2026-06-03,2026-08-03,30,440,303,62,0.483871,1.144100,1.075628,1.583891,,,,,,,,GLOBAL_BASELINE_NO_ENTITY_RANKING,,,NOT_APPLICABLE_GLOBAL_BASELINE,HF9g-P5,,,,X 全窗基线 · 不参与实体赏罚,6879050,688,A168_HF9F_20260827_0900,2026-08-27 09:00:00
2026-06-14,135398611,-1,1,1324.1308793457,-137.1847307431,-137.1847307431,0.5000000,11,10,0.49486523454544656,0.478024680000,0.032476820775212065,0.13911855676075144,0.032476820775212065,0.01684055454544656,SENTINEL_DEALER,R03b_20260811_FULL_v1,L1_ELIGIBILITY,v2026-08-11,2026-03-21..2026-08-06,baccarat_bet02_101_all_pairs_incl_sentinel,round_win = game_pnl > 0 (decisive only),COMPATIBILITY_ONLY_NOT_PRODUCTION,519274.8434,465718.2974,168.8526,6121,6023,-0.00032517,0.01119525,-0.01075540,-0.00032517,-168.8526,519274.8434,OK,0.0000,6.7541,4.0000,96.0000,AG03-UNRESOLVED,ALL5_LEVELS_bet23_to_bet27,6.7541,6.7541,6.7541,8.4426,0.0000,4.000000,4.000000,4.000000,5.000000,0.000000,96.000000,96.000000,96.000000,95.000000,100.000000,5.0,28.7049,26.9321,140.1477,141.9205,PENDING_AG03,FALSE,NOT_FOR_ENFORCEMENT,162.0985,447089.5655,168.8526,162.0985,6.7541,0.00032517,0.00031216,6.7541,162.0985,0.00031216,6.7541,6.7541,6.7541,8.4426,0.0000,162.0985,0.00031216,28.7049,26.9321,140.1477,141.9205,0.00026989,0.00027331,0.00001301,84.8350,77.3233,0.0280,5.6284,0.3838,17309.1614,200.7667,91.2509,79.7578,34.0832,58.2266,102.2495,170.4158,241.2244,332.7233,51.1247,0.0,4.142857,5.714285,1.45698,29,141,174,4,0.47516736,0.00032517,-0.01119525,0E-8,0.000000,0.896863,0.000000,0.02195065,2026-06-03,2026-08-03,30,440,303,62,0.483871,1.144100,1.075628,1.583891,,,,,,,,GLOBAL_BASELINE_NO_ENTITY_RANKING,,,NOT_APPLICABLE_GLOBAL_BASELINE,HF9g-P5,,,,X 全窗基线 · 不参与实体赏罚,6879051,688,A168_HF9F_20260827_0900,2026-08-27 09:00:00
2026-06-14,135398611,1210,0,2724.9488752559,-359.0661213362,-359.0661213362,0.3913043,28,28,0.49946934285714286,0.499469342857,-1.0374827700820457,-1.037482770080676,-1.0374827700820457,1.4286E-13,ELIGIBLE,R03b_20260811_FULL_v1,L1_ELIGIBILITY,v2026-08-11,2026-03-21..2026-08-06,baccarat_bet02_101_all_pairs_incl_sentinel,round_win = game_pnl > 0 (decisive only),COMPATIBILITY_ONLY_NOT_PRODUCTION,519274.8434,465718.2974,168.8526,6121,6023,-0.00032517,0.01119525,-0.01075540,-0.00032517,-168.8526,519274.8434,OK,0.0000,6.7541,4.0000,96.0000,AG03-UNRESOLVED,ALL5_LEVELS_bet23_to_bet27,6.7541,6.7541,6.7541,8.4426,0.0000,4.000000,4.000000,4.000000,5.000000,0.000000,96.000000,96.000000,96.000000,95.000000,100.000000,5.0,28.7049,26.9321,140.1477,141.9205,PENDING_AG03,FALSE,NOT_FOR_ENFORCEMENT,162.0985,447089.5655,168.8526,162.0985,6.7541,0.00032517,0.00031216,6.7541,162.0985,0.00031216,6.7541,6.7541,6.7541,8.4426,0.0000,162.0985,0.00031216,28.7049,26.9321,140.1477,141.9205,0.00026989,0.00027331,0.00001301,84.8350,77.3233,0.0280,5.6284,0.3838,17309.1614,200.7667,91.2509,79.7578,34.0832,58.2266,102.2495,170.4158,241.2244,332.7233,51.1247,0.0,4.142857,5.714285,1.45698,29,141,174,4,0.47516736,0.00032517,-0.01119525,0E-8,0.000000,0.896863,0.000000,0.02195065,2026-06-03,2026-08-03,30,440,303,62,0.483871,1.144100,1.075628,1.583891,,,,,,,,GLOBAL_BASELINE_NO_ENTITY_RANKING,,,NOT_APPLICABLE_GLOBAL_BASELINE,HF9g-P5,,,,X 全窗基线 · 不参与实体赏罚,6879052,688,A168_HF9F_20260827_0900,2026-08-27 09:00:00
2026-06-14,135398611,1396,0,1308.7934560327,-557.0892978868,-557.0892978868,0.3846154,13,13,0.49943251538461538,0.499432515385,-0.8279586378499967,-0.8279586378527695,-0.8279586378499967,-3.8462E-13,ELIGIBLE,R03b_20260811_FULL_v1,L1_ELIGIBILITY,v2026-08-11,2026-03-21..2026-08-06,baccarat_bet02_101_all_pairs_incl_sentinel,round_win = game_pnl > 0 (decisive only),COMPATIBILITY_ONLY_NOT_PRODUCTION,519274.8434,465718.2974,168.8526,6121,6023,-0.00032517,0.01119525,-0.01075540,-0.00032517,-168.8526,519274.8434,OK,0.0000,6.7541,4.0000,96.0000,AG03-UNRESOLVED,ALL5_LEVELS_bet23_to_bet27,6.7541,6.7541,6.7541,8.4426,0.0000,4.000000,4.000000,4.000000,5.000000,0.000000,96.000000,96.000000,96.000000,95.000000,100.000000,5.0,28.7049,26.9321,140.1477,141.9205,PENDING_AG03,FALSE,NOT_FOR_ENFORCEMENT,162.0985,447089.5655,168.8526,162.0985,6.7541,0.00032517,0.00031216,6.7541,162.0985,0.00031216,6.7541,6.7541,6.7541,8.4426,0.0000,162.0985,0.00031216,28.7049,26.9321,140.1477,141.9205,0.00026989,0.00027331,0.00001301,84.8350,77.3233,0.0280,5.6284,0.3838,17309.1614,200.7667,91.2509,79.7578,34.0832,58.2266,102.2495,170.4158,241.2244,332.7233,51.1247,0.0,4.142857,5.714285,1.45698,29,141,174,4,0.47516736,0.00032517,-0.01119525,0E-8,0.000000,0.896863,0.000000,0.02195065,2026-06-03,2026-08-03,30,440,303,62,0.483871,1.144100,1.075628,1.583891,,,,,,,,GLOBAL_BASELINE_NO_ENTITY_RANKING,,,NOT_APPLICABLE_GLOBAL_BASELINE,HF9g-P5,,,,X 全窗基线 · 不参与实体赏罚,6879053,688,A168_HF9F_20260827_0900,2026-08-27 09:00:00
2026-06-14,135398611,1490,0,2251.1929107023,-208.8445807771,-208.8445807771,0.3571429,18,17,0.49915955882352941,0.499159558824,-1.0627571831173095,-1.0627571831208293,-1.0627571831173095,-4.7059E-13,ELIGIBLE,R03b_20260811_FULL_v1,L1_ELIGIBILITY,v2026-08-11,2026-03-21..2026-08-06,baccarat_bet02_101_all_pairs_incl_sentinel,round_win = game_pnl > 0 (decisive only),COMPATIBILITY_ONLY_NOT_PRODUCTION,519274.8434,465718.2974,168.8526,6121,6023,-0.00032517,0.01119525,-0.01075540,-0.00032517,-168.8526,519274.8434,OK,0.0000,6.7541,4.0000,96.0000,AG03-UNRESOLVED,ALL5_LEVELS_bet23_to_bet27,6.7541,6.7541,6.7541,8.4426,0.0000,4.000000,4.000000,4.000000,5.000000,0.000000,96.000000,96.000000,96.000000,95.000000,100.000000,5.0,28.7049,26.9321,140.1477,141.9205,PENDING_AG03,FALSE,NOT_FOR_ENFORCEMENT,162.0985,447089.5655,168.8526,162.0985,6.7541,0.00032517,0.00031216,6.7541,162.0985,0.00031216,6.7541,6.7541,6.7541,8.4426,0.0000,162.0985,0.00031216,28.7049,26.9321,140.1477,141.9205,0.00026989,0.00027331,0.00001301,84.8350,77.3233,0.0280,5.6284,0.3838,17309.1614,200.7667,91.2509,79.7578,34.0832,58.2266,102.2495,170.4158,241.2244,332.7233,51.1247,0.0,4.142857,5.714285,1.45698,29,141,174,4,0.47516736,0.00032517,-0.01119525,0E-8,0.000000,0.896863,0.000000,0.02195065,2026-06-03,2026-08-03,30,440,303,62,0.483871,1.144100,1.075628,1.583891,,,,,,,,GLOBAL_BASELINE_NO_ENTITY_RANKING,,,NOT_APPLICABLE_GLOBAL_BASELINE,HF9g-P5,,,,X 全窗基线 · 不参与实体赏罚,6879054,688,A168_HF9F_20260827_0900,2026-08-27 09:00:00
2026-06-14,135398611,1645,0,910.0204498978,-232.1063394683,-232.1063394683,0.3750000,8,8,0.50329940000000000,0.503299400000,-0.7257868081583192,-0.7257868081583192,-0.7257868081583192,0E-17,ELIGIBLE,R03b_20260811_FULL_v1,L1_ELIGIBILITY,v2026-08-11,2026-03-21..2026-08-06,baccarat_bet02_101_all_pairs_incl_sentinel,round_win = game_pnl > 0 (decisive only),COMPATIBILITY_ONLY_NOT_PRODUCTION,519274.8434,465718.2974,168.8526,6121,6023,-0.00032517,0.01119525,-0.01075540,-0.00032517,-168.8526,519274.8434,OK,0.0000,6.7541,4.0000,96.0000,AG03-UNRESOLVED,ALL5_LEVELS_bet23_to_bet27,6.7541,6.7541,6.7541,8.4426,0.0000,4.000000,4.000000,4.000000,5.000000,0.000000,96.000000,96.000000,96.000000,95.000000,100.000000,5.0,28.7049,26.9321,140.1477,141.9205,PENDING_AG03,FALSE,NOT_FOR_ENFORCEMENT,162.0985,447089.5655,168.8526,162.0985,6.7541,0.00032517,0.00031216,6.7541,162.0985,0.00031216,6.7541,6.7541,6.7541,8.4426,0.0000,162.0985,0.00031216,28.7049,26.9321,140.1477,141.9205,0.00026989,0.00027331,0.00001301,84.8350,77.3233,0.0280,5.6284,0.3838,17309.1614,200.7667,91.2509,79.7578,34.0832,58.2266,102.2495,170.4158,241.2244,332.7233,51.1247,0.0,4.142857,5.714285,1.45698,29,141,174,4,0.47516736,0.00032517,-0.01119525,0E-8,0.000000,0.896863,0.000000,0.02195065,2026-06-03,2026-08-03,30,440,303,62,0.483871,1.144100,1.075628,1.583891,,,,,,,,GLOBAL_BASELINE_NO_ENTITY_RANKING,,,NOT_APPLICABLE_GLOBAL_BASELINE,HF9g-P5,,,,X 全窗基线 · 不参与实体赏罚,6879055,688,A168_HF9F_20260827_0900,2026-08-27 09:00:00
2026-06-14,135398611,1704,0,255.6237218814,85.2079072938,85.2079072938,0.6666667,3,3,0.49771390000000000,0.497713900000,0.5852756695216578,0.5852756695216578,0.5852756695216578,0E-17,ELIGIBLE,R03b_20260811_FULL_v1,L1_ELIGIBILITY,v2026-08-11,2026-03-21..2026-08-06,baccarat_bet02_101_all_pairs_incl_sentinel,round_win = game_pnl > 0 (decisive only),COMPATIBILITY_ONLY_NOT_PRODUCTION,519274.8434,465718.2974,168.8526,6121,6023,-0.00032517,0.01119525,-0.01075540,-0.00032517,-168.8526,519274.8434,OK,0.0000,6.7541,4.0000,96.0000,AG03-UNRESOLVED,ALL5_LEVELS_bet23_to_bet27,6.7541,6.7541,6.7541,8.4426,0.0000,4.000000,4.000000,4.000000,5.000000,0.000000,96.000000,96.000000,96.000000,95.000000,100.000000,5.0,28.7049,26.9321,140.1477,141.9205,PENDING_AG03,FALSE,NOT_FOR_ENFORCEMENT,162.0985,447089.5655,168.8526,162.0985,6.7541,0.00032517,0.00031216,6.7541,162.0985,0.00031216,6.7541,6.7541,6.7541,8.4426,0.0000,162.0985,0.00031216,28.7049,26.9321,140.1477,141.9205,0.00026989,0.00027331,0.00001301,84.8350,77.3233,0.0280,5.6284,0.3838,17309.1614,200.7667,91.2509,79.7578,34.0832,58.2266,102.2495,170.4158,241.2244,332.7233,51.1247,0.0,4.142857,5.714285,1.45698,29,141,174,4,0.47516736,0.00032517,-0.01119525,0E-8,0.000000,0.896863,0.000000,0.02195065,2026-06-03,2026-08-03,30,440,303,62,0.483871,1.144100,1.075628,1.583891,,,,,,,,GLOBAL_BASELINE_NO_ENTITY_RANKING,,,NOT_APPLICABLE_GLOBAL_BASELINE,HF9g-P5,,,,X 全窗基线 · 不参与实体赏罚,6879056,688,A168_HF9F_20260827_0900,2026-08-27 09:00:00
2026-06-14,135398611,1951,0,676.5507839128,-322.9379686435,-322.9379686435,0.2000000,7,7,0.49899058571428571,0.498990585714,-1.3371292734300484,-1.337129273428772,-1.3371292734300484,2.8571E-13,ELIGIBLE,R03b_20260811_FULL_v1,L1_ELIGIBILITY,v2026-08-11,2026-03-21..2026-08-06,baccarat_bet02_101_all_pairs_incl_sentinel,round_win = game_pnl > 0 (decisive only),COMPATIBILITY_ONLY_NOT_PRODUCTION,519274.8434,465718.2974,168.8526,6121,6023,-0.00032517,0.01119525,-0.01075540,-0.00032517,-168.8526,519274.8434,OK,0.0000,6.7541,4.0000,96.0000,AG03-UNRESOLVED,ALL5_LEVELS_bet23_to_bet27,6.7541,6.7541,6.7541,8.4426,0.0000,4.000000,4.000000,4.000000,5.000000,0.000000,96.000000,96.000000,96.000000,95.000000,100.000000,5.0,28.7049,26.9321,140.1477,141.9205,PENDING_AG03,FALSE,NOT_FOR_ENFORCEMENT,162.0985,447089.5655,168.8526,162.0985,6.7541,0.00032517,0.00031216,6.7541,162.0985,0.00031216,6.7541,6.7541,6.7541,8.4426,0.0000,162.0985,0.00031216,28.7049,26.9321,140.1477,141.9205,0.00026989,0.00027331,0.00001301,84.8350,77.3233,0.0280,5.6284,0.3838,17309.1614,200.7667,91.2509,79.7578,34.0832,58.2266,102.2495,170.4158,241.2244,332.7233,51.1247,0.0,4.142857,5.714285,1.45698,29,141,174,4,0.47516736,0.00032517,-0.01119525,0E-8,0.000000,0.896863,0.000000,0.02195065,2026-06-03,2026-08-03,30,440,303,62,0.483871,1.144100,1.075628,1.583891,,,,,,,,GLOBAL_BASELINE_NO_ENTITY_RANKING,,,NOT_APPLICABLE_GLOBAL_BASELINE,HF9g-P5,,,,X 全窗基线 · 不参与实体赏罚,6879057,688,A168_HF9F_20260827_0900,2026-08-27 09:00:00
2026-06-14,135398611,1990,0,572.5971370143,-80.7770961146,-80.7770961146,0.3333333,6,6,0.50218230000000000,0.502182300000,-0.8271955028234007,-0.8271955028234007,-0.8271955028234007,0E-17,ELIGIBLE,R03b_20260811_FULL_v1,L1_ELIGIBILITY,v2026-08-11,2026-03-21..2026-08-06,baccarat_bet02_101_all_pairs_incl_sentinel,round_win = game_pnl > 0 (decisive only),COMPATIBILITY_ONLY_NOT_PRODUCTION,519274.8434,465718.2974,168.8526,6121,6023,-0.00032517,0.01119525,-0.01075540,-0.00032517,-168.8526,519274.8434,OK,0.0000,6.7541,4.0000,96.0000,AG03-UNRESOLVED,ALL5_LEVELS_bet23_to_bet27,6.7541,6.7541,6.7541,8.4426,0.0000,4.000000,4.000000,4.000000,5.000000,0.000000,96.000000,96.000000,96.000000,95.000000,100.000000,5.0,28.7049,26.9321,140.1477,141.9205,PENDING_AG03,FALSE,NOT_FOR_ENFORCEMENT,162.0985,447089.5655,168.8526,162.0985,6.7541,0.00032517,0.00031216,6.7541,162.0985,0.00031216,6.7541,6.7541,6.7541,8.4426,0.0000,162.0985,0.00031216,28.7049,26.9321,140.1477,141.9205,0.00026989,0.00027331,0.00001301,84.8350,77.3233,0.0280,5.6284,0.3838,17309.1614,200.7667,91.2509,79.7578,34.0832,58.2266,102.2495,170.4158,241.2244,332.7233,51.1247,0.0,4.142857,5.714285,1.45698,29,141,174,4,0.47516736,0.00032517,-0.01119525,0E-8,0.000000,0.896863,0.000000,0.02195065,2026-06-03,2026-08-03,30,440,303,62,0.483871,1.144100,1.075628,1.583891,,,,,,,,GLOBAL_BASELINE_NO_ENTITY_RANKING,,,NOT_APPLICABLE_GLOBAL_BASELINE,HF9g-P5,,,,X 全窗基线 · 不参与实体赏罚,6879058,688,A168_HF9F_20260827_0900,2026-08-27 09:00:00
2026-06-14,135398611,2103,0,1254.2603953648,626.6189502385,626.6189502385,0.7000000,10,10,0.50262914000000000,0.502629140000,1.2483001802549918,1.2483001802549918,1.2483001802549918,0E-17,ELIGIBLE,R03b_20260811_FULL_v1,L1_ELIGIBILITY,v2026-08-11,2026-03-21..2026-08-06,baccarat_bet02_101_all_pairs_incl_sentinel,round_win = game_pnl > 0 (decisive only),COMPATIBILITY_ONLY_NOT_PRODUCTION,519274.8434,465718.2974,168.8526,6121,6023,-0.00032517,0.01119525,-0.01075540,-0.00032517,-168.8526,519274.8434,OK,0.0000,6.7541,4.0000,96.0000,AG03-UNRESOLVED,ALL5_LEVELS_bet23_to_bet27,6.7541,6.7541,6.7541,8.4426,0.0000,4.000000,4.000000,4.000000,5.000000,0.000000,96.000000,96.000000,96.000000,95.000000,100.000000,5.0,28.7049,26.9321,140.1477,141.9205,PENDING_AG03,FALSE,NOT_FOR_ENFORCEMENT,162.0985,447089.5655,168.8526,162.0985,6.7541,0.00032517,0.00031216,6.7541,162.0985,0.00031216,6.7541,6.7541,6.7541,8.4426,0.0000,162.0985,0.00031216,28.7049,26.9321,140.1477,141.9205,0.00026989,0.00027331,0.00001301,84.8350,77.3233,0.0280,5.6284,0.3838,17309.1614,200.7667,91.2509,79.7578,34.0832,58.2266,102.2495,170.4158,241.2244,332.7233,51.1247,0.0,4.142857,5.714285,1.45698,29,141,174,4,0.47516736,0.00032517,-0.01119525,0E-8,0.000000,0.896863,0.000000,0.02195065,2026-06-03,2026-08-03,30,440,303,62,0.483871,1.144100,1.075628,1.583891,,,,,,,,GLOBAL_BASELINE_NO_ENTITY_RANKING,,,NOT_APPLICABLE_GLOBAL_BASELINE,HF9g-P5,,,,X 全窗基线 · 不参与实体赏罚,6879059,688,A168_HF9F_20260827_0900,2026-08-27 09:00:00
2026-06-14,135398611,2108,0,506.1349693252,255.1976823449,255.1976823449,0.7500000,5,5,0.50396966000000000,0.503969660000,0.9841523774297893,0.9841523774297894,0.9841523774297893,0E-17,ELIGIBLE,R03b_20260811_FULL_v1,L1_ELIGIBILITY,v2026-08-11,2026-03-21..2026-08-06,baccarat_bet02_101_all_pairs_incl_sentinel,round_win = game_pnl > 0 (decisive only),COMPATIBILITY_ONLY_NOT_PRODUCTION,519274.8434,465718.2974,168.8526,6121,6023,-0.00032517,0.01119525,-0.01075540,-0.00032517,-168.8526,519274.8434,OK,0.0000,6.7541,4.0000,96.0000,AG03-UNRESOLVED,ALL5_LEVELS_bet23_to_bet27,6.7541,6.7541,6.7541,8.4426,0.0000,4.000000,4.000000,4.000000,5.000000,0.000000,96.000000,96.000000,96.000000,95.000000,100.000000,5.0,28.7049,26.9321,140.1477,141.9205,PENDING_AG03,FALSE,NOT_FOR_ENFORCEMENT,162.0985,447089.5655,168.8526,162.0985,6.7541,0.00032517,0.00031216,6.7541,162.0985,0.00031216,6.7541,6.7541,6.7541,8.4426,0.0000,162.0985,0.00031216,28.7049,26.9321,140.1477,141.9205,0.00026989,0.00027331,0.00001301,84.8350,77.3233,0.0280,5.6284,0.3838,17309.1614,200.7667,91.2509,79.7578,34.0832,58.2266,102.2495,170.4158,241.2244,332.7233,51.1247,0.0,4.142857,5.714285,1.45698,29,141,174,4,0.47516736,0.00032517,-0.01119525,0E-8,0.000000,0.896863,0.000000,0.02195065,2026-06-03,2026-08-03,30,440,303,62,0.483871,1.144100,1.075628,1.583891,,,,,,,,GLOBAL_BASELINE_NO_ENTITY_RANKING,,,NOT_APPLICABLE_GLOBAL_BASELINE,HF9g-P5,,,,X 全窗基线 · 不参与实体赏罚,6879060,688,A168_HF9F_20260827_0900,2026-08-27 09:00:00
2026-06-14,135398611,2115,0,528.2890252216,51.1247443763,51.1247443763,0.6666667,4,4,0.49324550000000000,0.493245500000,0.6008033672792107,0.6008033672792106,0.6008033672792107,0E-17,ELIGIBLE,R03b_20260811_FULL_v1,L1_ELIGIBILITY,v2026-08-11,2026-03-21..2026-08-06,baccarat_bet02_101_all_pairs_incl_sentinel,round_win = game_pnl > 0 (decisive only),COMPATIBILITY_ONLY_NOT_PRODUCTION,519274.8434,465718.2974,168.8526,6121,6023,-0.00032517,0.01119525,-0.01075540,-0.00032517,-168.8526,519274.8434,OK,0.0000,6.7541,4.0000,96.0000,AG03-UNRESOLVED,ALL5_LEVELS_bet23_to_bet27,6.7541,6.7541,6.7541,8.4426,0.0000,4.000000,4.000000,4.000000,5.000000,0.000000,96.000000,96.000000,96.000000,95.000000,100.000000,5.0,28.7049,26.9321,140.1477,141.9205,PENDING_AG03,FALSE,NOT_FOR_ENFORCEMENT,162.0985,447089.5655,168.8526,162.0985,6.7541,0.00032517,0.00031216,6.7541,162.0985,0.00031216,6.7541,6.7541,6.7541,8.4426,0.0000,162.0985,0.00031216,28.7049,26.9321,140.1477,141.9205,0.00026989,0.00027331,0.00001301,84.8350,77.3233,0.0280,5.6284,0.3838,17309.1614,200.7667,91.2509,79.7578,34.0832,58.2266,102.2495,170.4158,241.2244,332.7233,51.1247,0.0,4.142857,5.714285,1.45698,29,141,174,4,0.47516736,0.00032517,-0.01119525,0E-8,0.000000,0.896863,0.000000,0.02195065,2026-06-03,2026-08-03,30,440,303,62,0.483871,1.144100,1.075628,1.583891,,,,,,,,GLOBAL_BASELINE_NO_ENTITY_RANKING,,,NOT_APPLICABLE_GLOBAL_BASELINE,HF9g-P5,,,,X 全窗基线 · 不参与实体赏罚,6879061,688,A168_HF9F_20260827_0900,2026-08-27 09:00:00
2026-06-14,135398611,2152,0,2747.1029311520,137.2699386504,137.2699386504,0.4705882,18,18,0.50367176666666667,0.503671766667,-0.2728211450127581,-0.2728211450155083,-0.2728211450127581,-3.3333E-13,ELIGIBLE,R03b_20260811_FULL_v1,L1_ELIGIBILITY,v2026-08-11,2026-03-21..2026-08-06,baccarat_bet02_101_all_pairs_incl_sentinel,round_win = game_pnl > 0 (decisive only),COMPATIBILITY_ONLY_NOT_PRODUCTION,519274.8434,465718.2974,168.8526,6121,6023,-0.00032517,0.01119525,-0.01075540,-0.00032517,-168.8526,519274.8434,OK,0.0000,6.7541,4.0000,96.0000,AG03-UNRESOLVED,ALL5_LEVELS_bet23_to_bet27,6.7541,6.7541,6.7541,8.4426,0.0000,4.000000,4.000000,4.000000,5.000000,0.000000,96.000000,96.000000,96.000000,95.000000,100.000000,5.0,28.7049,26.9321,140.1477,141.9205,PENDING_AG03,FALSE,NOT_FOR_ENFORCEMENT,162.0985,447089.5655,168.8526,162.0985,6.7541,0.00032517,0.00031216,6.7541,162.0985,0.00031216,6.7541,6.7541,6.7541,8.4426,0.0000,162.0985,0.00031216,28.7049,26.9321,140.1477,141.9205,0.00026989,0.00027331,0.00001301,84.8350,77.3233,0.0280,5.6284,0.3838,17309.1614,200.7667,91.2509,79.7578,34.0832,58.2266,102.2495,170.4158,241.2244,332.7233,51.1247,0.0,4.142857,5.714285,1.45698,29,141,174,4,0.47516736,0.00032517,-0.01119525,0E-8,0.000000,0.896863,0.000000,0.02195065,2026-06-03,2026-08-03,30,440,303,62,0.483871,1.144100,1.075628,1.583891,,,,,,,,GLOBAL_BASELINE_NO_ENTITY_RANKING,,,NOT_APPLICABLE_GLOBAL_BASELINE,HF9g-P5,,,,X 全窗基线 · 不参与实体赏罚,6879062,688,A168_HF9F_20260827_0900,2026-08-27 09:00:00
2026-06-14,135398611,2170,0,829.9250170416,-426.8916155420,-426.8916155420,0.3333333,6,6,0.49771390000000000,0.497713900000,-0.8053054414300617,-0.8053054414300617,-0.8053054414300617,0E-17,ELIGIBLE,R03b_20260811_FULL_v1,L1_ELIGIBILITY,v2026-08-11,2026-03-21..2026-08-06,baccarat_bet02_101_all_pairs_incl_sentinel,round_win = game_pnl > 0 (decisive only),COMPATIBILITY_ONLY_NOT_PRODUCTION,519274.8434,465718.2974,168.8526,6121,6023,-0.00032517,0.01119525,-0.01075540,-0.00032517,-168.8526,519274.8434,OK,0.0000,6.7541,4.0000,96.0000,AG03-UNRESOLVED,ALL5_LEVELS_bet23_to_bet27,6.7541,6.7541,6.7541,8.4426,0.0000,4.000000,4.000000,4.000000,5.000000,0.000000,96.000000,96.000000,96.000000,95.000000,100.000000,5.0,28.7049,26.9321,140.1477,141.9205,PENDING_AG03,FALSE,NOT_FOR_ENFORCEMENT,162.0985,447089.5655,168.8526,162.0985,6.7541,0.00032517,0.00031216,6.7541,162.0985,0.00031216,6.7541,6.7541,6.7541,8.4426,0.0000,162.0985,0.00031216,28.7049,26.9321,140.1477,141.9205,0.00026989,0.00027331,0.00001301,84.8350,77.3233,0.0280,5.6284,0.3838,17309.1614,200.7667,91.2509,79.7578,34.0832,58.2266,102.2495,170.4158,241.2244,332.7233,51.1247,0.0,4.142857,5.714285,1.45698,29,141,174,4,0.47516736,0.00032517,-0.01119525,0E-8,0.000000,0.896863,0.000000,0.02195065,2026-06-03,2026-08-03,30,440,303,62,0.483871,1.144100,1.075628,1.583891,,,,,,,,GLOBAL_BASELINE_NO_ENTITY_RANKING,,,NOT_APPLICABLE_GLOBAL_BASELINE,HF9g-P5,,,,X 全窗基线 · 不参与实体赏罚,6879063,688,A168_HF9F_20260827_0900,2026-08-27 09:00:00
2026-06-14,135398611,2175,0,153.3742331289,-51.1247443763,-51.1247443763,0.5000000,2,2,0.49324550000000000,0.493245500000,0.01910635448239258,0.01910635448239258,0.01910635448239258,0E-17,ELIGIBLE,R03b_20260811_FULL_v1,L1_ELIGIBILITY,v2026-08-11,2026-03-21..2026-08-06,baccarat_bet02_101_all_pairs_incl_sentinel,round_win = game_pnl > 0 (decisive only),COMPATIBILITY_ONLY_NOT_PRODUCTION,519274.8434,465718.2974,168.8526,6121,6023,-0.00032517,0.01119525,-0.01075540,-0.00032517,-168.8526,519274.8434,OK,0.0000,6.7541,4.0000,96.0000,AG03-UNRESOLVED,ALL5_LEVELS_bet23_to_bet27,6.7541,6.7541,6.7541,8.4426,0.0000,4.000000,4.000000,4.000000,5.000000,0.000000,96.000000,96.000000,96.000000,95.000000,100.000000,5.0,28.7049,26.9321,140.1477,141.9205,PENDING_AG03,FALSE,NOT_FOR_ENFORCEMENT,162.0985,447089.5655,168.8526,162.0985,6.7541,0.00032517,0.00031216,6.7541,162.0985,0.00031216,6.7541,6.7541,6.7541,8.4426,0.0000,162.0985,0.00031216,28.7049,26.9321,140.1477,141.9205,0.00026989,0.00027331,0.00001301,84.8350,77.3233,0.0280,5.6284,0.3838,17309.1614,200.7667,91.2509,79.7578,34.0832,58.2266,102.2495,170.4158,241.2244,332.7233,51.1247,0.0,4.142857,5.714285,1.45698,29,141,174,4,0.47516736,0.00032517,-0.01119525,0E-8,0.000000,0.896863,0.000000,0.02195065,2026-06-03,2026-08-03,30,440,303,62,0.483871,1.144100,1.075628,1.583891,,,,,,,,GLOBAL_BASELINE_NO_ENTITY_RANKING,,,NOT_APPLICABLE_GLOBAL_BASELINE,HF9g-P5,,,,X 全窗基线 · 不参与实体赏罚,6879064,688,A168_HF9F_20260827_0900,2026-08-27 09:00:00
2026-06-14,135398611,2216,0,272.6653033402,-136.3326516701,-136.3326516701,0E-7,2,2,0.50665070000000000,0.506650700000,-1.013391052207602,-1.013391052207602,-1.013391052207602,0E-17,ELIGIBLE,R03b_20260811_FULL_v1,L1_ELIGIBILITY,v2026-08-11,2026-03-21..2026-08-06,baccarat_bet02_101_all_pairs_incl_sentinel,round_win = game_pnl > 0 (decisive only),COMPATIBILITY_ONLY_NOT_PRODUCTION,519274.8434,465718.2974,168.8526,6121,6023,-0.00032517,0.01119525,-0.01075540,-0.00032517,-168.8526,519274.8434,OK,0.0000,6.7541,4.0000,96.0000,AG03-UNRESOLVED,ALL5_LEVELS_bet23_to_bet27,6.7541,6.7541,6.7541,8.4426,0.0000,4.000000,4.000000,4.000000,5.000000,0.000000,96.000000,96.000000,96.000000,95.000000,100.000000,5.0,28.7049,26.9321,140.1477,141.9205,PENDING_AG03,FALSE,NOT_FOR_ENFORCEMENT,162.0985,447089.5655,168.8526,162.0985,6.7541,0.00032517,0.00031216,6.7541,162.0985,0.00031216,6.7541,6.7541,6.7541,8.4426,0.0000,162.0985,0.00031216,28.7049,26.9321,140.1477,141.9205,0.00026989,0.00027331,0.00001301,84.8350,77.3233,0.0280,5.6284,0.3838,17309.1614,200.7667,91.2509,79.7578,34.0832,58.2266,102.2495,170.4158,241.2244,332.7233,51.1247,0.0,4.142857,5.714285,1.45698,29,141,174,4,0.47516736,0.00032517,-0.01119525,0E-8,0.000000,0.896863,0.000000,0.02195065,2026-06-03,2026-08-03,30,440,303,62,0.483871,1.144100,1.075628,1.583891,,,,,,,,GLOBAL_BASELINE_NO_ENTITY_RANKING,,,NOT_APPLICABLE_GLOBAL_BASELINE,HF9g-P5,,,,X 全窗基线 · 不参与实体赏罚,6879065,688,A168_HF9F_20260827_0900,2026-08-27 09:00:00
2026-06-14,135398611,2224,0,2670.4158145876,1007.0722563053,1007.0722563053,0.6250000,17,17,0.50507361764705882,0.505073617647,0.9594604561820658,0.9594604561825353,0.9594604561820658,5.882E-14,ELIGIBLE,R03b_20260811_FULL_v1,L1_ELIGIBILITY,v2026-08-11,2026-03-21..2026-08-06,baccarat_bet02_101_all_pairs_incl_sentinel,round_win = game_pnl > 0 (decisive only),COMPATIBILITY_ONLY_NOT_PRODUCTION,519274.8434,465718.2974,168.8526,6121,6023,-0.00032517,0.01119525,-0.01075540,-0.00032517,-168.8526,519274.8434,OK,0.0000,6.7541,4.0000,96.0000,AG03-UNRESOLVED,ALL5_LEVELS_bet23_to_bet27,6.7541,6.7541,6.7541,8.4426,0.0000,4.000000,4.000000,4.000000,5.000000,0.000000,96.000000,96.000000,96.000000,95.000000,100.000000,5.0,28.7049,26.9321,140.1477,141.9205,PENDING_AG03,FALSE,NOT_FOR_ENFORCEMENT,162.0985,447089.5655,168.8526,162.0985,6.7541,0.00032517,0.00031216,6.7541,162.0985,0.00031216,6.7541,6.7541,6.7541,8.4426,0.0000,162.0985,0.00031216,28.7049,26.9321,140.1477,141.9205,0.00026989,0.00027331,0.00001301,84.8350,77.3233,0.0280,5.6284,0.3838,17309.1614,200.7667,91.2509,79.7578,34.0832,58.2266,102.2495,170.4158,241.2244,332.7233,51.1247,0.0,4.142857,5.714285,1.45698,29,141,174,4,0.47516736,0.00032517,-0.01119525,0E-8,0.000000,0.896863,0.000000,0.02195065,2026-06-03,2026-08-03,30,440,303,62,0.483871,1.144100,1.075628,1.583891,,,,,,,,GLOBAL_BASELINE_NO_ENTITY_RANKING,,,NOT_APPLICABLE_GLOBAL_BASELINE,HF9g-P5,,,,X 全窗基线 · 不参与实体赏罚,6879066,688,A168_HF9F_20260827_0900,2026-08-27 09:00:00
2026-06-14,135398611,2267,0,132.9243353783,34.9352419905,34.9352419905,0.6666667,3,3,0.49771390000000000,0.497713900000,0.5852756695216578,0.5852756695216578,0.5852756695216578,0E-17,ELIGIBLE,R03b_20260811_FULL_v1,L1_ELIGIBILITY,v2026-08-11,2026-03-21..2026-08-06,baccarat_bet02_101_all_pairs_incl_sentinel,round_win = game_pnl > 0 (decisive only),COMPATIBILITY_ONLY_NOT_PRODUCTION,519274.8434,465718.2974,168.8526,6121,6023,-0.00032517,0.01119525,-0.01075540,-0.00032517,-168.8526,519274.8434,OK,0.0000,6.7541,4.0000,96.0000,AG03-UNRESOLVED,ALL5_LEVELS_bet23_to_bet27,6.7541,6.7541,6.7541,8.4426,0.0000,4.000000,4.000000,4.000000,5.000000,0.000000,96.000000,96.000000,96.000000,95.000000,100.000000,5.0,28.7049,26.9321,140.1477,141.9205,PENDING_AG03,FALSE,NOT_FOR_ENFORCEMENT,162.0985,447089.5655,168.8526,162.0985,6.7541,0.00032517,0.00031216,6.7541,162.0985,0.00031216,6.7541,6.7541,6.7541,8.4426,0.0000,162.0985,0.00031216,28.7049,26.9321,140.1477,141.9205,0.00026989,0.00027331,0.00001301,84.8350,77.3233,0.0280,5.6284,0.3838,17309.1614,200.7667,91.2509,79.7578,34.0832,58.2266,102.2495,170.4158,241.2244,332.7233,51.1247,0.0,4.142857,5.714285,1.45698,29,141,174,4,0.47516736,0.00032517,-0.01119525,0E-8,0.000000,0.896863,0.000000,0.02195065,2026-06-03,2026-08-03,30,440,303,62,0.483871,1.144100,1.075628,1.583891,,,,,,,,GLOBAL_BASELINE_NO_ENTITY_RANKING,,,NOT_APPLICABLE_GLOBAL_BASELINE,HF9g-P5,,,,X 全窗基线 · 不参与实体赏罚,6879067,688,A168_HF9F_20260827_0900,2026-08-27 09:00:00
2026-06-14,135398611,987,0,676.5507839128,-254.7716428085,-254.7716428085,0.3333333,7,7,0.50282064285714286,0.502820642857,-0.8303280647496518,-0.8303280647489506,-0.8303280647496518,1.4286E-13,ELIGIBLE,R03b_20260811_FULL_v1,L1_ELIGIBILITY,v2026-08-11,2026-03-21..2026-08-06,baccarat_bet02_101_all_pairs_incl_sentinel,round_win = game_pnl > 0 (decisive only),COMPATIBILITY_ONLY_NOT_PRODUCTION,519274.8434,465718.2974,168.8526,6121,6023,-0.00032517,0.01119525,-0.01075540,-0.00032517,-168.8526,519274.8434,OK,0.0000,6.7541,4.0000,96.0000,AG03-UNRESOLVED,ALL5_LEVELS_bet23_to_bet27,6.7541,6.7541,6.7541,8.4426,0.0000,4.000000,4.000000,4.000000,5.000000,0.000000,96.000000,96.000000,96.000000,95.000000,100.000000,5.0,28.7049,26.9321,140.1477,141.9205,PENDING_AG03,FALSE,NOT_FOR_ENFORCEMENT,162.0985,447089.5655,168.8526,162.0985,6.7541,0.00032517,0.00031216,6.7541,162.0985,0.00031216,6.7541,6.7541,6.7541,8.4426,0.0000,162.0985,0.00031216,28.7049,26.9321,140.1477,141.9205,0.00026989,0.00027331,0.00001301,84.8350,77.3233,0.0280,5.6284,0.3838,17309.1614,200.7667,91.2509,79.7578,34.0832,58.2266,102.2495,170.4158,241.2244,332.7233,51.1247,0.0,4.142857,5.714285,1.45698,29,141,174,4,0.47516736,0.00032517,-0.01119525,0E-8,0.000000,0.896863,0.000000,0.02195065,2026-06-03,2026-08-03,30,440,303,62,0.483871,1.144100,1.075628,1.583891,,,,,,,,GLOBAL_BASELINE_NO_ENTITY_RANKING,,,NOT_APPLICABLE_GLOBAL_BASELINE,HF9g-P5,,,,X 全窗基线 · 不参与实体赏罚,6879068,688,A168_HF9F_20260827_0900,2026-08-27 09:00:00
2026-06-15,135398611,-1,1,136.3326516701,129.5160190866,129.5160190866,1.0000000,1,1,0.50665070000000000,0.506650700000,0.9867858985152569,0.9867858985152569,0.9867858985152569,0E-17,SENTINEL_DEALER,R03b_20260811_FULL_v1,L1_ELIGIBILITY,v2026-08-11,2026-03-21..2026-08-06,baccarat_bet02_101_all_pairs_incl_sentinel,round_win = game_pnl > 0 (decisive only),COMPATIBILITY_ONLY_NOT_PRODUCTION,519274.8434,465718.2974,168.8526,6121,6023,-0.00032517,0.01119525,-0.01075540,-0.00032517,-168.8526,519274.8434,OK,0.0000,6.7541,4.0000,96.0000,AG03-UNRESOLVED,ALL5_LEVELS_bet23_to_bet27,6.7541,6.7541,6.7541,8.4426,0.0000,4.000000,4.000000,4.000000,5.000000,0.000000,96.000000,96.000000,96.000000,95.000000,100.000000,5.0,28.7049,26.9321,140.1477,141.9205,PENDING_AG03,FALSE,NOT_FOR_ENFORCEMENT,162.0985,447089.5655,168.8526,162.0985,6.7541,0.00032517,0.00031216,6.7541,162.0985,0.00031216,6.7541,6.7541,6.7541,8.4426,0.0000,162.0985,0.00031216,28.7049,26.9321,140.1477,141.9205,0.00026989,0.00027331,0.00001301,84.8350,77.3233,0.0280,5.6284,0.3838,17309.1614,200.7667,91.2509,79.7578,34.0832,58.2266,102.2495,170.4158,241.2244,332.7233,51.1247,0.0,4.142857,5.714285,1.45698,29,141,174,4,0.47516736,0.00032517,-0.01119525,0E-8,0.000000,0.896863,0.000000,0.02195065,2026-06-03,2026-08-03,30,440,303,62,0.483871,1.144100,1.075628,1.583891,,,,,,,,GLOBAL_BASELINE_NO_ENTITY_RANKING,,,NOT_APPLICABLE_GLOBAL_BASELINE,HF9g-P5,,,,X 全窗基线 · 不参与实体赏罚,6879069,688,A168_HF9F_20260827_0900,2026-08-27 09:00:00
2026-06-15,135398611,1114,0,3089.6387184731,51.0395364689,51.0395364689,0.5294118,22,22,0.50177608181818182,0.501776081818,0.22789111691850777,0.22789111692000683,0.22789111691850777,1.8182E-13,ELIGIBLE,R03b_20260811_FULL_v1,L1_ELIGIBILITY,v2026-08-11,2026-03-21..2026-08-06,baccarat_bet02_101_all_pairs_incl_sentinel,round_win = game_pnl > 0 (decisive only),COMPATIBILITY_ONLY_NOT_PRODUCTION,519274.8434,465718.2974,168.8526,6121,6023,-0.00032517,0.01119525,-0.01075540,-0.00032517,-168.8526,519274.8434,OK,0.0000,6.7541,4.0000,96.0000,AG03-UNRESOLVED,ALL5_LEVELS_bet23_to_bet27,6.7541,6.7541,6.7541,8.4426,0.0000,4.000000,4.000000,4.000000,5.000000,0.000000,96.000000,96.000000,96.000000,95.000000,100.000000,5.0,28.7049,26.9321,140.1477,141.9205,PENDING_AG03,FALSE,NOT_FOR_ENFORCEMENT,162.0985,447089.5655,168.8526,162.0985,6.7541,0.00032517,0.00031216,6.7541,162.0985,0.00031216,6.7541,6.7541,6.7541,8.4426,0.0000,162.0985,0.00031216,28.7049,26.9321,140.1477,141.9205,0.00026989,0.00027331,0.00001301,84.8350,77.3233,0.0280,5.6284,0.3838,17309.1614,200.7667,91.2509,79.7578,34.0832,58.2266,102.2495,170.4158,241.2244,332.7233,51.1247,0.0,4.142857,5.714285,1.45698,29,141,174,4,0.47516736,0.00032517,-0.01119525,0E-8,0.000000,0.896863,0.000000,0.02195065,2026-06-03,2026-08-03,30,440,303,62,0.483871,1.144100,1.075628,1.583891,,,,,,,,GLOBAL_BASELINE_NO_ENTITY_RANKING,,,NOT_APPLICABLE_GLOBAL_BASELINE,HF9g-P5,,,,X 全窗基线 · 不参与实体赏罚,6879070,688,A168_HF9F_20260827_0900,2026-08-27 09:00:00
2026-06-15,135398611,1221,0,783.9127471030,-184.0490797546,-184.0490797546,0.3333333,5,5,0.49324550000000000,0.493245500000,-0.5540025479526107,-0.5540025479526106,-0.5540025479526107,0E-17,ELIGIBLE,R03b_20260811_FULL_v1,L1_ELIGIBILITY,v2026-08-11,2026-03-21..2026-08-06,baccarat_bet02_101_all_pairs_incl_sentinel,round_win = game_pnl > 0 (decisive only),COMPATIBILITY_ONLY_NOT_PRODUCTION,519274.8434,465718.2974,168.8526,6121,6023,-0.00032517,0.01119525,-0.01075540,-0.00032517,-168.8526,519274.8434,OK,0.0000,6.7541,4.0000,96.0000,AG03-UNRESOLVED,ALL5_LEVELS_bet23_to_bet27,6.7541,6.7541,6.7541,8.4426,0.0000,4.000000,4.000000,4.000000,5.000000,0.000000,96.000000,96.000000,96.000000,95.000000,100.000000,5.0,28.7049,26.9321,140.1477,141.9205,PENDING_AG03,FALSE,NOT_FOR_ENFORCEMENT,162.0985,447089.5655,168.8526,162.0985,6.7541,0.00032517,0.00031216,6.7541,162.0985,0.00031216,6.7541,6.7541,6.7541,8.4426,0.0000,162.0985,0.00031216,28.7049,26.9321,140.1477,141.9205,0.00026989,0.00027331,0.00001301,84.8350,77.3233,0.0280,5.6284,0.3838,17309.1614,200.7667,91.2509,79.7578,34.0832,58.2266,102.2495,170.4158,241.2244,332.7233,51.1247,0.0,4.142857,5.714285,1.45698,29,141,174,4,0.47516736,0.00032517,-0.01119525,0E-8,0.000000,0.896863,0.000000,0.02195065,2026-06-03,2026-08-03,30,440,303,62,0.483871,1.144100,1.075628,1.583891,,,,,,,,GLOBAL_BASELINE_NO_ENTITY_RANKING,,,NOT_APPLICABLE_GLOBAL_BASELINE,HF9g-P5,,,,X 全窗基线 · 不参与实体赏罚,6879071,688,A168_HF9F_20260827_0900,2026-08-27 09:00:00
2026-06-15,135398611,1384,0,2903.8854805727,-73.7900477165,-73.7900477165,0.5000000,21,21,0.50154395714285714,0.501543957143,-0.013809638342189443,-0.013809638343467238,-0.013809638342189443,-1.4286E-13,ELIGIBLE,R03b_20260811_FULL_v1,L1_ELIGIBILITY,v2026-08-11,2026-03-21..2026-08-06,baccarat_bet02_101_all_pairs_incl_sentinel,round_win = game_pnl > 0 (decisive only),COMPATIBILITY_ONLY_NOT_PRODUCTION,519274.8434,465718.2974,168.8526,6121,6023,-0.00032517,0.01119525,-0.01075540,-0.00032517,-168.8526,519274.8434,OK,0.0000,6.7541,4.0000,96.0000,AG03-UNRESOLVED,ALL5_LEVELS_bet23_to_bet27,6.7541,6.7541,6.7541,8.4426,0.0000,4.000000,4.000000,4.000000,5.000000,0.000000,96.000000,96.000000,96.000000,95.000000,100.000000,5.0,28.7049,26.9321,140.1477,141.9205,PENDING_AG03,FALSE,NOT_FOR_ENFORCEMENT,162.0985,447089.5655,168.8526,162.0985,6.7541,0.00032517,0.00031216,6.7541,162.0985,0.00031216,6.7541,6.7541,6.7541,8.4426,0.0000,162.0985,0.00031216,28.7049,26.9321,140.1477,141.9205,0.00026989,0.00027331,0.00001301,84.8350,77.3233,0.0280,5.6284,0.3838,17309.1614,200.7667,91.2509,79.7578,34.0832,58.2266,102.2495,170.4158,241.2244,332.7233,51.1247,0.0,4.142857,5.714285,1.45698,29,141,174,4,0.47516736,0.00032517,-0.01119525,0E-8,0.000000,0.896863,0.000000,0.02195065,2026-06-03,2026-08-03,30,440,303,62,0.483871,1.144100,1.075628,1.583891,,,,,,,,GLOBAL_BASELINE_NO_ENTITY_RANKING,,,NOT_APPLICABLE_GLOBAL_BASELINE,HF9g-P5,,,,X 全窗基线 · 不参与实体赏罚,6879072,688,A168_HF9F_20260827_0900,2026-08-27 09:00:00
2026-06-15,135398611,1385,0,47.7164280845,-47.7164280845,-47.7164280845,0E-7,1,1,0.50665070000000000,0.506650700000,-1.013391052207602,-1.013391052207602,-1.013391052207602,0E-17,ELIGIBLE,R03b_20260811_FULL_v1,L1_ELIGIBILITY,v2026-08-11,2026-03-21..2026-08-06,baccarat_bet02_101_all_pairs_incl_sentinel,round_win = game_pnl > 0 (decisive only),COMPATIBILITY_ONLY_NOT_PRODUCTION,519274.8434,465718.2974,168.8526,6121,6023,-0.00032517,0.01119525,-0.01075540,-0.00032517,-168.8526,519274.8434,OK,0.0000,6.7541,4.0000,96.0000,AG03-UNRESOLVED,ALL5_LEVELS_bet23_to_bet27,6.7541,6.7541,6.7541,8.4426,0.0000,4.000000,4.000000,4.000000,5.000000,0.000000,96.000000,96.000000,96.000000,95.000000,100.000000,5.0,28.7049,26.9321,140.1477,141.9205,PENDING_AG03,FALSE,NOT_FOR_ENFORCEMENT,162.0985,447089.5655,168.8526,162.0985,6.7541,0.00032517,0.00031216,6.7541,162.0985,0.00031216,6.7541,6.7541,6.7541,8.4426,0.0000,162.0985,0.00031216,28.7049,26.9321,140.1477,141.9205,0.00026989,0.00027331,0.00001301,84.8350,77.3233,0.0280,5.6284,0.3838,17309.1614,200.7667,91.2509,79.7578,34.0832,58.2266,102.2495,170.4158,241.2244,332.7233,51.1247,0.0,4.142857,5.714285,1.45698,29,141,174,4,0.47516736,0.00032517,-0.01119525,0E-8,0.000000,0.896863,0.000000,0.02195065,2026-06-03,2026-08-03,30,440,303,62,0.483871,1.144100,1.075628,1.583891,,,,,,,,GLOBAL_BASELINE_NO_ENTITY_RANKING,,,NOT_APPLICABLE_GLOBAL_BASELINE,HF9g-P5,,,,X 全窗基线 · 不参与实体赏罚,6879073,688,A168_HF9F_20260827_0900,2026-08-27 09:00:00
2026-06-15,135398611,1935,0,1414.4512610773,-920.2453987732,-920.2453987732,0E-7,12,12,0.50441650000000000,0.504416500000,-2.8535219422966,-2.8535219422966005,-2.8535219422966,0E-17,ELIGIBLE,R03b_20260811_FULL_v1,L1_ELIGIBILITY,v2026-08-11,2026-03-21..2026-08-06,baccarat_bet02_101_all_pairs_incl_sentinel,round_win = game_pnl > 0 (decisive only),COMPATIBILITY_ONLY_NOT_PRODUCTION,519274.8434,465718.2974,168.8526,6121,6023,-0.00032517,0.01119525,-0.01075540,-0.00032517,-168.8526,519274.8434,OK,0.0000,6.7541,4.0000,96.0000,AG03-UNRESOLVED,ALL5_LEVELS_bet23_to_bet27,6.7541,6.7541,6.7541,8.4426,0.0000,4.000000,4.000000,4.000000,5.000000,0.000000,96.000000,96.000000,96.000000,95.000000,100.000000,5.0,28.7049,26.9321,140.1477,141.9205,PENDING_AG03,FALSE,NOT_FOR_ENFORCEMENT,162.0985,447089.5655,168.8526,162.0985,6.7541,0.00032517,0.00031216,6.7541,162.0985,0.00031216,6.7541,6.7541,6.7541,8.4426,0.0000,162.0985,0.00031216,28.7049,26.9321,140.1477,141.9205,0.00026989,0.00027331,0.00001301,84.8350,77.3233,0.0280,5.6284,0.3838,17309.1614,200.7667,91.2509,79.7578,34.0832,58.2266,102.2495,170.4158,241.2244,332.7233,51.1247,0.0,4.142857,5.714285,1.45698,29,141,174,4,0.47516736,0.00032517,-0.01119525,0E-8,0.000000,0.896863,0.000000,0.02195065,2026-06-03,2026-08-03,30,440,303,62,0.483871,1.144100,1.075628,1.583891,,,,,,,,GLOBAL_BASELINE_NO_ENTITY_RANKING,,,NOT_APPLICABLE_GLOBAL_BASELINE,HF9g-P5,,,,X 全窗基线 · 不参与实体赏罚,6879074,688,A168_HF9F_20260827_0900,2026-08-27 09:00:00
2026-06-15,135398611,1941,0,766.8711656442,85.2079072938,85.2079072938,0.5000000,6,6,0.49547970000000000,0.495479700000,0.022145762000773162,0.022145762000773162,0.022145762000773162,0E-17,ELIGIBLE,R03b_20260811_FULL_v1,L1_ELIGIBILITY,v2026-08-11,2026-03-21..2026-08-06,baccarat_bet02_101_all_pairs_incl_sentinel,round_win = game_pnl > 0 (decisive only),COMPATIBILITY_ONLY_NOT_PRODUCTION,519274.8434,465718.2974,168.8526,6121,6023,-0.00032517,0.01119525,-0.01075540,-0.00032517,-168.8526,519274.8434,OK,0.0000,6.7541,4.0000,96.0000,AG03-UNRESOLVED,ALL5_LEVELS_bet23_to_bet27,6.7541,6.7541,6.7541,8.4426,0.0000,4.000000,4.000000,4.000000,5.000000,0.000000,96.000000,96.000000,96.000000,95.000000,100.000000,5.0,28.7049,26.9321,140.1477,141.9205,PENDING_AG03,FALSE,NOT_FOR_ENFORCEMENT,162.0985,447089.5655,168.8526,162.0985,6.7541,0.00032517,0.00031216,6.7541,162.0985,0.00031216,6.7541,6.7541,6.7541,8.4426,0.0000,162.0985,0.00031216,28.7049,26.9321,140.1477,141.9205,0.00026989,0.00027331,0.00001301,84.8350,77.3233,0.0280,5.6284,0.3838,17309.1614,200.7667,91.2509,79.7578,34.0832,58.2266,102.2495,170.4158,241.2244,332.7233,51.1247,0.0,4.142857,5.714285,1.45698,29,141,174,4,0.47516736,0.00032517,-0.01119525,0E-8,0.000000,0.896863,0.000000,0.02195065,2026-06-03,2026-08-03,30,440,303,62,0.483871,1.144100,1.075628,1.583891,,,,,,,,GLOBAL_BASELINE_NO_ENTITY_RANKING,,,NOT_APPLICABLE_GLOBAL_BASELINE,HF9g-P5,,,,X 全窗基线 · 不参与实体赏罚,6879075,688,A168_HF9F_20260827_0900,2026-08-27 09:00:00
2026-06-15,135398611,1947,0,2009.2024539878,-426.5507839127,-426.5507839127,0.3333333,16,16,0.50413722500000000,0.504137225000,-1.1834045864806295,-1.1834045864806297,-1.1834045864806295,0E-17,ELIGIBLE,R03b_20260811_FULL_v1,L1_ELIGIBILITY,v2026-08-11,2026-03-21..2026-08-06,baccarat_bet02_101_all_pairs_incl_sentinel,round_win = game_pnl > 0 (decisive only),COMPATIBILITY_ONLY_NOT_PRODUCTION,519274.8434,465718.2974,168.8526,6121,6023,-0.00032517,0.01119525,-0.01075540,-0.00032517,-168.8526,519274.8434,OK,0.0000,6.7541,4.0000,96.0000,AG03-UNRESOLVED,ALL5_LEVELS_bet23_to_bet27,6.7541,6.7541,6.7541,8.4426,0.0000,4.000000,4.000000,4.000000,5.000000,0.000000,96.000000,96.000000,96.000000,95.000000,100.000000,5.0,28.7049,26.9321,140.1477,141.9205,PENDING_AG03,FALSE,NOT_FOR_ENFORCEMENT,162.0985,447089.5655,168.8526,162.0985,6.7541,0.00032517,0.00031216,6.7541,162.0985,0.00031216,6.7541,6.7541,6.7541,8.4426,0.0000,162.0985,0.00031216,28.7049,26.9321,140.1477,141.9205,0.00026989,0.00027331,0.00001301,84.8350,77.3233,0.0280,5.6284,0.3838,17309.1614,200.7667,91.2509,79.7578,34.0832,58.2266,102.2495,170.4158,241.2244,332.7233,51.1247,0.0,4.142857,5.714285,1.45698,29,141,174,4,0.47516736,0.00032517,-0.01119525,0E-8,0.000000,0.896863,0.000000,0.02195065,2026-06-03,2026-08-03,30,440,303,62,0.483871,1.144100,1.075628,1.583891,,,,,,,,GLOBAL_BASELINE_NO_ENTITY_RANKING,,,NOT_APPLICABLE_GLOBAL_BASELINE,HF9g-P5,,,,X 全窗基线 · 不参与实体赏罚,6879076,688,A168_HF9F_20260827_0900,2026-08-27 09:00:00
2026-06-15,135398611,2101,0,2314.2467620997,88.7014314928,88.7014314928,0.5000000,17,17,0.50349653529411765,0.503496535294,-0.026166314036626465,-0.02616631403574599,-0.026166314036626465,1.1765E-13,ELIGIBLE,R03b_20260811_FULL_v1,L1_ELIGIBILITY,v2026-08-11,2026-03-21..2026-08-06,baccarat_bet02_101_all_pairs_incl_sentinel,round_win = game_pnl > 0 (decisive only),COMPATIBILITY_ONLY_NOT_PRODUCTION,519274.8434,465718.2974,168.8526,6121,6023,-0.00032517,0.01119525,-0.01075540,-0.00032517,-168.8526,519274.8434,OK,0.0000,6.7541,4.0000,96.0000,AG03-UNRESOLVED,ALL5_LEVELS_bet23_to_bet27,6.7541,6.7541,6.7541,8.4426,0.0000,4.000000,4.000000,4.000000,5.000000,0.000000,96.000000,96.000000,96.000000,95.000000,100.000000,5.0,28.7049,26.9321,140.1477,141.9205,PENDING_AG03,FALSE,NOT_FOR_ENFORCEMENT,162.0985,447089.5655,168.8526,162.0985,6.7541,0.00032517,0.00031216,6.7541,162.0985,0.00031216,6.7541,6.7541,6.7541,8.4426,0.0000,162.0985,0.00031216,28.7049,26.9321,140.1477,141.9205,0.00026989,0.00027331,0.00001301,84.8350,77.3233,0.0280,5.6284,0.3838,17309.1614,200.7667,91.2509,79.7578,34.0832,58.2266,102.2495,170.4158,241.2244,332.7233,51.1247,0.0,4.142857,5.714285,1.45698,29,141,174,4,0.47516736,0.00032517,-0.01119525,0E-8,0.000000,0.896863,0.000000,0.02195065,2026-06-03,2026-08-03,30,440,303,62,0.483871,1.144100,1.075628,1.583891,,,,,,,,GLOBAL_BASELINE_NO_ENTITY_RANKING,,,NOT_APPLICABLE_GLOBAL_BASELINE,HF9g-P5,,,,X 全窗基线 · 不参与实体赏罚,6879077,688,A168_HF9F_20260827_0900,2026-08-27 09:00:00
2026-06-15,135398611,2121,0,3289.0252215407,-1022.4948875256,-1022.4948875256,0.3600000,26,26,0.49840134615384615,0.498401346154,-1.3840205358228315,-1.3840205358243687,-1.3840205358228315,-1.5385E-13,ELIGIBLE,R03b_20260811_FULL_v1,L1_ELIGIBILITY,v2026-08-11,2026-03-21..2026-08-06,baccarat_bet02_101_all_pairs_incl_sentinel,round_win = game_pnl > 0 (decisive only),COMPATIBILITY_ONLY_NOT_PRODUCTION,519274.8434,465718.2974,168.8526,6121,6023,-0.00032517,0.01119525,-0.01075540,-0.00032517,-168.8526,519274.8434,OK,0.0000,6.7541,4.0000,96.0000,AG03-UNRESOLVED,ALL5_LEVELS_bet23_to_bet27,6.7541,6.7541,6.7541,8.4426,0.0000,4.000000,4.000000,4.000000,5.000000,0.000000,96.000000,96.000000,96.000000,95.000000,100.000000,5.0,28.7049,26.9321,140.1477,141.9205,PENDING_AG03,FALSE,NOT_FOR_ENFORCEMENT,162.0985,447089.5655,168.8526,162.0985,6.7541,0.00032517,0.00031216,6.7541,162.0985,0.00031216,6.7541,6.7541,6.7541,8.4426,0.0000,162.0985,0.00031216,28.7049,26.9321,140.1477,141.9205,0.00026989,0.00027331,0.00001301,84.8350,77.3233,0.0280,5.6284,0.3838,17309.1614,200.7667,91.2509,79.7578,34.0832,58.2266,102.2495,170.4158,241.2244,332.7233,51.1247,0.0,4.142857,5.714285,1.45698,29,141,174,4,0.47516736,0.00032517,-0.01119525,0E-8,0.000000,0.896863,0.000000,0.02195065,2026-06-03,2026-08-03,30,440,303,62,0.483871,1.144100,1.075628,1.583891,,,,,,,,GLOBAL_BASELINE_NO_ENTITY_RANKING,,,NOT_APPLICABLE_GLOBAL_BASELINE,HF9g-P5,,,,X 全窗基线 · 不参与实体赏罚,6879078,688,A168_HF9F_20260827_0900,2026-08-27 09:00:00
2026-06-15,135398611,2141,0,85.2079072938,-85.2079072938,-85.2079072938,0E-7,1,1,0.50665070000000000,0.506650700000,-1.013391052207602,-1.013391052207602,-1.013391052207602,0E-17,ELIGIBLE,R03b_20260811_FULL_v1,L1_ELIGIBILITY,v2026-08-11,2026-03-21..2026-08-06,baccarat_bet02_101_all_pairs_incl_sentinel,round_win = game_pnl > 0 (decisive only),COMPATIBILITY_ONLY_NOT_PRODUCTION,519274.8434,465718.2974,168.8526,6121,6023,-0.00032517,0.01119525,-0.01075540,-0.00032517,-168.8526,519274.8434,OK,0.0000,6.7541,4.0000,96.0000,AG03-UNRESOLVED,ALL5_LEVELS_bet23_to_bet27,6.7541,6.7541,6.7541,8.4426,0.0000,4.000000,4.000000,4.000000,5.000000,0.000000,96.000000,96.000000,96.000000,95.000000,100.000000,5.0,28.7049,26.9321,140.1477,141.9205,PENDING_AG03,FALSE,NOT_FOR_ENFORCEMENT,162.0985,447089.5655,168.8526,162.0985,6.7541,0.00032517,0.00031216,6.7541,162.0985,0.00031216,6.7541,6.7541,6.7541,8.4426,0.0000,162.0985,0.00031216,28.7049,26.9321,140.1477,141.9205,0.00026989,0.00027331,0.00001301,84.8350,77.3233,0.0280,5.6284,0.3838,17309.1614,200.7667,91.2509,79.7578,34.0832,58.2266,102.2495,170.4158,241.2244,332.7233,51.1247,0.0,4.142857,5.714285,1.45698,29,141,174,4,0.47516736,0.00032517,-0.01119525,0E-8,0.000000,0.896863,0.000000,0.02195065,2026-06-03,2026-08-03,30,440,303,62,0.483871,1.144100,1.075628,1.583891,,,,,,,,GLOBAL_BASELINE_NO_ENTITY_RANKING,,,NOT_APPLICABLE_GLOBAL_BASELINE,HF9g-P5,,,,X 全窗基线 · 不参与实体赏罚,6879079,688,A168_HF9F_20260827_0900,2026-08-27 09:00:00
2026-06-15,135398611,2188,0,313.5650988412,-313.5650988412,-313.5650988412,0E-7,3,3,0.49771390000000000,0.497713900000,-1.724149546644903,-1.724149546644903,-1.724149546644903,0E-17,ELIGIBLE,R03b_20260811_FULL_v1,L1_ELIGIBILITY,v2026-08-11,2026-03-21..2026-08-06,baccarat_bet02_101_all_pairs_incl_sentinel,round_win = game_pnl > 0 (decisive only),COMPATIBILITY_ONLY_NOT_PRODUCTION,519274.8434,465718.2974,168.8526,6121,6023,-0.00032517,0.01119525,-0.01075540,-0.00032517,-168.8526,519274.8434,OK,0.0000,6.7541,4.0000,96.0000,AG03-UNRESOLVED,ALL5_LEVELS_bet23_to_bet27,6.7541,6.7541,6.7541,8.4426,0.0000,4.000000,4.000000,4.000000,5.000000,0.000000,96.000000,96.000000,96.000000,95.000000,100.000000,5.0,28.7049,26.9321,140.1477,141.9205,PENDING_AG03,FALSE,NOT_FOR_ENFORCEMENT,162.0985,447089.5655,168.8526,162.0985,6.7541,0.00032517,0.00031216,6.7541,162.0985,0.00031216,6.7541,6.7541,6.7541,8.4426,0.0000,162.0985,0.00031216,28.7049,26.9321,140.1477,141.9205,0.00026989,0.00027331,0.00001301,84.8350,77.3233,0.0280,5.6284,0.3838,17309.1614,200.7667,91.2509,79.7578,34.0832,58.2266,102.2495,170.4158,241.2244,332.7233,51.1247,0.0,4.142857,5.714285,1.45698,29,141,174,4,0.47516736,0.00032517,-0.01119525,0E-8,0.000000,0.896863,0.000000,0.02195065,2026-06-03,2026-08-03,30,440,303,62,0.483871,1.144100,1.075628,1.583891,,,,,,,,GLOBAL_BASELINE_NO_ENTITY_RANKING,,,NOT_APPLICABLE_GLOBAL_BASELINE,HF9g-P5,,,,X 全窗基线 · 不参与实体赏罚,6879080,688,A168_HF9F_20260827_0900,2026-08-27 09:00:00
2026-06-15,135398611,2234,0,170.4158145876,0E-10,0E-10,0.5000000,2,2,0.49324550000000000,0.493245500000,0.01910635448239258,0.01910635448239258,0.01910635448239258,0E-17,ELIGIBLE,R03b_20260811_FULL_v1,L1_ELIGIBILITY,v2026-08-11,2026-03-21..2026-08-06,baccarat_bet02_101_all_pairs_incl_sentinel,round_win = game_pnl > 0 (decisive only),COMPATIBILITY_ONLY_NOT_PRODUCTION,519274.8434,465718.2974,168.8526,6121,6023,-0.00032517,0.01119525,-0.01075540,-0.00032517,-168.8526,519274.8434,OK,0.0000,6.7541,4.0000,96.0000,AG03-UNRESOLVED,ALL5_LEVELS_bet23_to_bet27,6.7541,6.7541,6.7541,8.4426,0.0000,4.000000,4.000000,4.000000,5.000000,0.000000,96.000000,96.000000,96.000000,95.000000,100.000000,5.0,28.7049,26.9321,140.1477,141.9205,PENDING_AG03,FALSE,NOT_FOR_ENFORCEMENT,162.0985,447089.5655,168.8526,162.0985,6.7541,0.00032517,0.00031216,6.7541,162.0985,0.00031216,6.7541,6.7541,6.7541,8.4426,0.0000,162.0985,0.00031216,28.7049,26.9321,140.1477,141.9205,0.00026989,0.00027331,0.00001301,84.8350,77.3233,0.0280,5.6284,0.3838,17309.1614,200.7667,91.2509,79.7578,34.0832,58.2266,102.2495,170.4158,241.2244,332.7233,51.1247,0.0,4.142857,5.714285,1.45698,29,141,174,4,0.47516736,0.00032517,-0.01119525,0E-8,0.000000,0.896863,0.000000,0.02195065,2026-06-03,2026-08-03,30,440,303,62,0.483871,1.144100,1.075628,1.583891,,,,,,,,GLOBAL_BASELINE_NO_ENTITY_RANKING,,,NOT_APPLICABLE_GLOBAL_BASELINE,HF9g-P5,,,,X 全窗基线 · 不参与实体赏罚,6879081,688,A168_HF9F_20260827_0900,2026-08-27 09:00:00
2026-06-15,135398611,2235,0,1639.4001363327,585.3783231086,585.3783231086,0.7500000,12,12,0.49436260000000000,0.494362600000,1.7712204437961747,1.7712204437961747,1.7712204437961747,0E-17,ELIGIBLE,R03b_20260811_FULL_v1,L1_ELIGIBILITY,v2026-08-11,2026-03-21..2026-08-06,baccarat_bet02_101_all_pairs_incl_sentinel,round_win = game_pnl > 0 (decisive only),COMPATIBILITY_ONLY_NOT_PRODUCTION,519274.8434,465718.2974,168.8526,6121,6023,-0.00032517,0.01119525,-0.01075540,-0.00032517,-168.8526,519274.8434,OK,0.0000,6.7541,4.0000,96.0000,AG03-UNRESOLVED,ALL5_LEVELS_bet23_to_bet27,6.7541,6.7541,6.7541,8.4426,0.0000,4.000000,4.000000,4.000000,5.000000,0.000000,96.000000,96.000000,96.000000,95.000000,100.000000,5.0,28.7049,26.9321,140.1477,141.9205,PENDING_AG03,FALSE,NOT_FOR_ENFORCEMENT,162.0985,447089.5655,168.8526,162.0985,6.7541,0.00032517,0.00031216,6.7541,162.0985,0.00031216,6.7541,6.7541,6.7541,8.4426,0.0000,162.0985,0.00031216,28.7049,26.9321,140.1477,141.9205,0.00026989,0.00027331,0.00001301,84.8350,77.3233,0.0280,5.6284,0.3838,17309.1614,200.7667,91.2509,79.7578,34.0832,58.2266,102.2495,170.4158,241.2244,332.7233,51.1247,0.0,4.142857,5.714285,1.45698,29,141,174,4,0.47516736,0.00032517,-0.01119525,0E-8,0.000000,0.896863,0.000000,0.02195065,2026-06-03,2026-08-03,30,440,303,62,0.483871,1.144100,1.075628,1.583891,,,,,,,,GLOBAL_BASELINE_NO_ENTITY_RANKING,,,NOT_APPLICABLE_GLOBAL_BASELINE,HF9g-P5,,,,X 全窗基线 · 不参与实体赏罚,6879082,688,A168_HF9F_20260827_0900,2026-08-27 09:00:00
2026-06-15,135398611,2241,0,1150.3067484663,380.3680981594,380.3680981594,0.6666667,9,9,0.50218230000000000,0.502182300000,0.9869156002841868,0.9869156002841868,0.9869156002841868,0E-17,ELIGIBLE,R03b_20260811_FULL_v1,L1_ELIGIBILITY,v2026-08-11,2026-03-21..2026-08-06,baccarat_bet02_101_all_pairs_incl_sentinel,round_win = game_pnl > 0 (decisive only),COMPATIBILITY_ONLY_NOT_PRODUCTION,519274.8434,465718.2974,168.8526,6121,6023,-0.00032517,0.01119525,-0.01075540,-0.00032517,-168.8526,519274.8434,OK,0.0000,6.7541,4.0000,96.0000,AG03-UNRESOLVED,ALL5_LEVELS_bet23_to_bet27,6.7541,6.7541,6.7541,8.4426,0.0000,4.000000,4.000000,4.000000,5.000000,0.000000,96.000000,96.000000,96.000000,95.000000,100.000000,5.0,28.7049,26.9321,140.1477,141.9205,PENDING_AG03,FALSE,NOT_FOR_ENFORCEMENT,162.0985,447089.5655,168.8526,162.0985,6.7541,0.00032517,0.00031216,6.7541,162.0985,0.00031216,6.7541,6.7541,6.7541,8.4426,0.0000,162.0985,0.00031216,28.7049,26.9321,140.1477,141.9205,0.00026989,0.00027331,0.00001301,84.8350,77.3233,0.0280,5.6284,0.3838,17309.1614,200.7667,91.2509,79.7578,34.0832,58.2266,102.2495,170.4158,241.2244,332.7233,51.1247,0.0,4.142857,5.714285,1.45698,29,141,174,4,0.47516736,0.00032517,-0.01119525,0E-8,0.000000,0.896863,0.000000,0.02195065,2026-06-03,2026-08-03,30,440,303,62,0.483871,1.144100,1.075628,1.583891,,,,,,,,GLOBAL_BASELINE_NO_ENTITY_RANKING,,,NOT_APPLICABLE_GLOBAL_BASELINE,HF9g-P5,,,,X 全窗基线 · 不参与实体赏罚,6879083,688,A168_HF9F_20260827_0900,2026-08-27 09:00:00
2026-06-15,135398611,2252,0,1734.8329925018,170.7566462167,170.7566462167,0.4615385,15,15,0.50307598000000000,0.503075980000,-0.29953697362063625,-0.2995369736206363,-0.29953697362063625,0E-17,ELIGIBLE,R03b_20260811_FULL_v1,L1_ELIGIBILITY,v2026-08-11,2026-03-21..2026-08-06,baccarat_bet02_101_all_pairs_incl_sentinel,round_win = game_pnl > 0 (decisive only),COMPATIBILITY_ONLY_NOT_PRODUCTION,519274.8434,465718.2974,168.8526,6121,6023,-0.00032517,0.01119525,-0.01075540,-0.00032517,-168.8526,519274.8434,OK,0.0000,6.7541,4.0000,96.0000,AG03-UNRESOLVED,ALL5_LEVELS_bet23_to_bet27,6.7541,6.7541,6.7541,8.4426,0.0000,4.000000,4.000000,4.000000,5.000000,0.000000,96.000000,96.000000,96.000000,95.000000,100.000000,5.0,28.7049,26.9321,140.1477,141.9205,PENDING_AG03,FALSE,NOT_FOR_ENFORCEMENT,162.0985,447089.5655,168.8526,162.0985,6.7541,0.00032517,0.00031216,6.7541,162.0985,0.00031216,6.7541,6.7541,6.7541,8.4426,0.0000,162.0985,0.00031216,28.7049,26.9321,140.1477,141.9205,0.00026989,0.00027331,0.00001301,84.8350,77.3233,0.0280,5.6284,0.3838,17309.1614,200.7667,91.2509,79.7578,34.0832,58.2266,102.2495,170.4158,241.2244,332.7233,51.1247,0.0,4.142857,5.714285,1.45698,29,141,174,4,0.47516736,0.00032517,-0.01119525,0E-8,0.000000,0.896863,0.000000,0.02195065,2026-06-03,2026-08-03,30,440,303,62,0.483871,1.144100,1.075628,1.583891,,,,,,,,GLOBAL_BASELINE_NO_ENTITY_RANKING,,,NOT_APPLICABLE_GLOBAL_BASELINE,HF9g-P5,,,,X 全窗基线 · 不参与实体赏罚,6879084,688,A168_HF9F_20260827_0900,2026-08-27 09:00:00
2026-06-15,135398611,462,0,436.2644853443,-170.4158145876,-170.4158145876,0.2500000,4,4,0.50329940000000000,0.503299400000,-1.013219660140378,-1.013219660140378,-1.013219660140378,0E-17,ELIGIBLE,R03b_20260811_FULL_v1,L1_ELIGIBILITY,v2026-08-11,2026-03-21..2026-08-06,baccarat_bet02_101_all_pairs_incl_sentinel,round_win = game_pnl > 0 (decisive only),COMPATIBILITY_ONLY_NOT_PRODUCTION,519274.8434,465718.2974,168.8526,6121,6023,-0.00032517,0.01119525,-0.01075540,-0.00032517,-168.8526,519274.8434,OK,0.0000,6.7541,4.0000,96.0000,AG03-UNRESOLVED,ALL5_LEVELS_bet23_to_bet27,6.7541,6.7541,6.7541,8.4426,0.0000,4.000000,4.000000,4.000000,5.000000,0.000000,96.000000,96.000000,96.000000,95.000000,100.000000,5.0,28.7049,26.9321,140.1477,141.9205,PENDING_AG03,FALSE,NOT_FOR_ENFORCEMENT,162.0985,447089.5655,168.8526,162.0985,6.7541,0.00032517,0.00031216,6.7541,162.0985,0.00031216,6.7541,6.7541,6.7541,8.4426,0.0000,162.0985,0.00031216,28.7049,26.9321,140.1477,141.9205,0.00026989,0.00027331,0.00001301,84.8350,77.3233,0.0280,5.6284,0.3838,17309.1614,200.7667,91.2509,79.7578,34.0832,58.2266,102.2495,170.4158,241.2244,332.7233,51.1247,0.0,4.142857,5.714285,1.45698,29,141,174,4,0.47516736,0.00032517,-0.01119525,0E-8,0.000000,0.896863,0.000000,0.02195065,2026-06-03,2026-08-03,30,440,303,62,0.483871,1.144100,1.075628,1.583891,,,,,,,,GLOBAL_BASELINE_NO_ENTITY_RANKING,,,NOT_APPLICABLE_GLOBAL_BASELINE,HF9g-P5,,,,X 全窗基线 · 不参与实体赏罚,6879085,688,A168_HF9F_20260827_0900,2026-08-27 09:00:00
2026-06-15,135398611,752,0,289.7068847989,-85.2079072938,-85.2079072938,0E-7,3,3,0.49324550000000000,0.493245500000,-0.9865810262130424,-0.9865810262130424,-0.9865810262130424,0E-17,ELIGIBLE,R03b_20260811_FULL_v1,L1_ELIGIBILITY,v2026-08-11,2026-03-21..2026-08-06,baccarat_bet02_101_all_pairs_incl_sentinel,round_win = game_pnl > 0 (decisive only),COMPATIBILITY_ONLY_NOT_PRODUCTION,519274.8434,465718.2974,168.8526,6121,6023,-0.00032517,0.01119525,-0.01075540,-0.00032517,-168.8526,519274.8434,OK,0.0000,6.7541,4.0000,96.0000,AG03-UNRESOLVED,ALL5_LEVELS_bet23_to_bet27,6.7541,6.7541,6.7541,8.4426,0.0000,4.000000,4.000000,4.000000,5.000000,0.000000,96.000000,96.000000,96.000000,95.000000,100.000000,5.0,28.7049,26.9321,140.1477,141.9205,PENDING_AG03,FALSE,NOT_FOR_ENFORCEMENT,162.0985,447089.5655,168.8526,162.0985,6.7541,0.00032517,0.00031216,6.7541,162.0985,0.00031216,6.7541,6.7541,6.7541,8.4426,0.0000,162.0985,0.00031216,28.7049,26.9321,140.1477,141.9205,0.00026989,0.00027331,0.00001301,84.8350,77.3233,0.0280,5.6284,0.3838,17309.1614,200.7667,91.2509,79.7578,34.0832,58.2266,102.2495,170.4158,241.2244,332.7233,51.1247,0.0,4.142857,5.714285,1.45698,29,141,174,4,0.47516736,0.00032517,-0.01119525,0E-8,0.000000,0.896863,0.000000,0.02195065,2026-06-03,2026-08-03,30,440,303,62,0.483871,1.144100,1.075628,1.583891,,,,,,,,GLOBAL_BASELINE_NO_ENTITY_RANKING,,,NOT_APPLICABLE_GLOBAL_BASELINE,HF9g-P5,,,,X 全窗基线 · 不参与实体赏罚,6879086,688,A168_HF9F_20260827_0900,2026-08-27 09:00:00
2026-06-15,135398611,789,0,233.4696659850,-67.3142467621,-67.3142467621,0.5000000,2,2,0.50665070000000000,0.506650700000,-0.018812684590367487,-0.018812684590367487,-0.018812684590367487,0E-17,ELIGIBLE,R03b_20260811_FULL_v1,L1_ELIGIBILITY,v2026-08-11,2026-03-21..2026-08-06,baccarat_bet02_101_all_pairs_incl_sentinel,round_win = game_pnl > 0 (decisive only),COMPATIBILITY_ONLY_NOT_PRODUCTION,519274.8434,465718.2974,168.8526,6121,6023,-0.00032517,0.01119525,-0.01075540,-0.00032517,-168.8526,519274.8434,OK,0.0000,6.7541,4.0000,96.0000,AG03-UNRESOLVED,ALL5_LEVELS_bet23_to_bet27,6.7541,6.7541,6.7541,8.4426,0.0000,4.000000,4.000000,4.000000,5.000000,0.000000,96.000000,96.000000,96.000000,95.000000,100.000000,5.0,28.7049,26.9321,140.1477,141.9205,PENDING_AG03,FALSE,NOT_FOR_ENFORCEMENT,162.0985,447089.5655,168.8526,162.0985,6.7541,0.00032517,0.00031216,6.7541,162.0985,0.00031216,6.7541,6.7541,6.7541,8.4426,0.0000,162.0985,0.00031216,28.7049,26.9321,140.1477,141.9205,0.00026989,0.00027331,0.00001301,84.8350,77.3233,0.0280,5.6284,0.3838,17309.1614,200.7667,91.2509,79.7578,34.0832,58.2266,102.2495,170.4158,241.2244,332.7233,51.1247,0.0,4.142857,5.714285,1.45698,29,141,174,4,0.47516736,0.00032517,-0.01119525,0E-8,0.000000,0.896863,0.000000,0.02195065,2026-06-03,2026-08-03,30,440,303,62,0.483871,1.144100,1.075628,1.583891,,,,,,,,GLOBAL_BASELINE_NO_ENTITY_RANKING,,,NOT_APPLICABLE_GLOBAL_BASELINE,HF9g-P5,,,,X 全窗基线 · 不参与实体赏罚,6879087,688,A168_HF9F_20260827_0900,2026-08-27 09:00:00
2026-06-15,135398611,925,0,443.0811179278,-174.6762099523,-174.6762099523,0.2500000,5,5,0.50128862000000000,0.501288620000,-1.0051578182180947,-1.0051578182180947,-1.0051578182180947,0E-17,ELIGIBLE,R03b_20260811_FULL_v1,L1_ELIGIBILITY,v2026-08-11,2026-03-21..2026-08-06,baccarat_bet02_101_all_pairs_incl_sentinel,round_win = game_pnl > 0 (decisive only),COMPATIBILITY_ONLY_NOT_PRODUCTION,519274.8434,465718.2974,168.8526,6121,6023,-0.00032517,0.01119525,-0.01075540,-0.00032517,-168.8526,519274.8434,OK,0.0000,6.7541,4.0000,96.0000,AG03-UNRESOLVED,ALL5_LEVELS_bet23_to_bet27,6.7541,6.7541,6.7541,8.4426,0.0000,4.000000,4.000000,4.000000,5.000000,0.000000,96.000000,96.000000,96.000000,95.000000,100.000000,5.0,28.7049,26.9321,140.1477,141.9205,PENDING_AG03,FALSE,NOT_FOR_ENFORCEMENT,162.0985,447089.5655,168.8526,162.0985,6.7541,0.00032517,0.00031216,6.7541,162.0985,0.00031216,6.7541,6.7541,6.7541,8.4426,0.0000,162.0985,0.00031216,28.7049,26.9321,140.1477,141.9205,0.00026989,0.00027331,0.00001301,84.8350,77.3233,0.0280,5.6284,0.3838,17309.1614,200.7667,91.2509,79.7578,34.0832,58.2266,102.2495,170.4158,241.2244,332.7233,51.1247,0.0,4.142857,5.714285,1.45698,29,141,174,4,0.47516736,0.00032517,-0.01119525,0E-8,0.000000,0.896863,0.000000,0.02195065,2026-06-03,2026-08-03,30,440,303,62,0.483871,1.144100,1.075628,1.583891,,,,,,,,GLOBAL_BASELINE_NO_ENTITY_RANKING,,,NOT_APPLICABLE_GLOBAL_BASELINE,HF9g-P5,,,,X 全窗基线 · 不参与实体赏罚,6879088,688,A168_HF9F_20260827_0900,2026-08-27 09:00:00
2026-06-15,135398611,948,0,4809.1342876620,289.7068847989,289.7068847989,0.5517241,32,32,0.50455613750000000,0.504556137500,0.5080360043440045,0.5080360043440045,0.5080360043440045,0E-17,ELIGIBLE,R03b_20260811_FULL_v1,L1_ELIGIBILITY,v2026-08-11,2026-03-21..2026-08-06,baccarat_bet02_101_all_pairs_incl_sentinel,round_win = game_pnl > 0 (decisive only),COMPATIBILITY_ONLY_NOT_PRODUCTION,519274.8434,465718.2974,168.8526,6121,6023,-0.00032517,0.01119525,-0.01075540,-0.00032517,-168.8526,519274.8434,OK,0.0000,6.7541,4.0000,96.0000,AG03-UNRESOLVED,ALL5_LEVELS_bet23_to_bet27,6.7541,6.7541,6.7541,8.4426,0.0000,4.000000,4.000000,4.000000,5.000000,0.000000,96.000000,96.000000,96.000000,95.000000,100.000000,5.0,28.7049,26.9321,140.1477,141.9205,PENDING_AG03,FALSE,NOT_FOR_ENFORCEMENT,162.0985,447089.5655,168.8526,162.0985,6.7541,0.00032517,0.00031216,6.7541,162.0985,0.00031216,6.7541,6.7541,6.7541,8.4426,0.0000,162.0985,0.00031216,28.7049,26.9321,140.1477,141.9205,0.00026989,0.00027331,0.00001301,84.8350,77.3233,0.0280,5.6284,0.3838,17309.1614,200.7667,91.2509,79.7578,34.0832,58.2266,102.2495,170.4158,241.2244,332.7233,51.1247,0.0,4.142857,5.714285,1.45698,29,141,174,4,0.47516736,0.00032517,-0.01119525,0E-8,0.000000,0.896863,0.000000,0.02195065,2026-06-03,2026-08-03,30,440,303,62,0.483871,1.144100,1.075628,1.583891,,,,,,,,GLOBAL_BASELINE_NO_ENTITY_RANKING,,,NOT_APPLICABLE_GLOBAL_BASELINE,HF9g-P5,,,,X 全窗基线 · 不参与实体赏罚,6879089,688,A168_HF9F_20260827_0900,2026-08-27 09:00:00
2026-06-16,135398611,-1,1,3386.1622358556,37.5766871166,37.5766871166,0.5294118,36,36,0.49808626666666667,0.498086266667,0.36531762016771135,0.36531762016382313,0.36531762016771135,-3.3333E-13,SENTINEL_DEALER,R03b_20260811_FULL_v1,L1_ELIGIBILITY,v2026-08-11,2026-03-21..2026-08-06,baccarat_bet02_101_all_pairs_incl_sentinel,round_win = game_pnl > 0 (decisive only),COMPATIBILITY_ONLY_NOT_PRODUCTION,519274.8434,465718.2974,168.8526,6121,6023,-0.00032517,0.01119525,-0.01075540,-0.00032517,-168.8526,519274.8434,OK,0.0000,6.7541,4.0000,96.0000,AG03-UNRESOLVED,ALL5_LEVELS_bet23_to_bet27,6.7541,6.7541,6.7541,8.4426,0.0000,4.000000,4.000000,4.000000,5.000000,0.000000,96.000000,96.000000,96.000000,95.000000,100.000000,5.0,28.7049,26.9321,140.1477,141.9205,PENDING_AG03,FALSE,NOT_FOR_ENFORCEMENT,162.0985,447089.5655,168.8526,162.0985,6.7541,0.00032517,0.00031216,6.7541,162.0985,0.00031216,6.7541,6.7541,6.7541,8.4426,0.0000,162.0985,0.00031216,28.7049,26.9321,140.1477,141.9205,0.00026989,0.00027331,0.00001301,84.8350,77.3233,0.0280,5.6284,0.3838,17309.1614,200.7667,91.2509,79.7578,34.0832,58.2266,102.2495,170.4158,241.2244,332.7233,51.1247,0.0,4.142857,5.714285,1.45698,29,141,174,4,0.47516736,0.00032517,-0.01119525,0E-8,0.000000,0.896863,0.000000,0.02195065,2026-06-03,2026-08-03,30,440,303,62,0.483871,1.144100,1.075628,1.583891,,,,,,,,GLOBAL_BASELINE_NO_ENTITY_RANKING,,,NOT_APPLICABLE_GLOBAL_BASELINE,HF9g-P5,,,,X 全窗基线 · 不参与实体赏罚,6879090,688,A168_HF9F_20260827_0900,2026-08-27 09:00:00
2026-06-16,135398611,1210,0,446.4894342195,57.9413769599,57.9413769599,0.5714286,8,8,0.49492115000000000,0.494921150000,0.40486010814450674,0.40486010814450674,0.40486010814450674,0E-17,ELIGIBLE,R03b_20260811_FULL_v1,L1_ELIGIBILITY,v2026-08-11,2026-03-21..2026-08-06,baccarat_bet02_101_all_pairs_incl_sentinel,round_win = game_pnl > 0 (decisive only),COMPATIBILITY_ONLY_NOT_PRODUCTION,519274.8434,465718.2974,168.8526,6121,6023,-0.00032517,0.01119525,-0.01075540,-0.00032517,-168.8526,519274.8434,OK,0.0000,6.7541,4.0000,96.0000,AG03-UNRESOLVED,ALL5_LEVELS_bet23_to_bet27,6.7541,6.7541,6.7541,8.4426,0.0000,4.000000,4.000000,4.000000,5.000000,0.000000,96.000000,96.000000,96.000000,95.000000,100.000000,5.0,28.7049,26.9321,140.1477,141.9205,PENDING_AG03,FALSE,NOT_FOR_ENFORCEMENT,162.0985,447089.5655,168.8526,162.0985,6.7541,0.00032517,0.00031216,6.7541,162.0985,0.00031216,6.7541,6.7541,6.7541,8.4426,0.0000,162.0985,0.00031216,28.7049,26.9321,140.1477,141.9205,0.00026989,0.00027331,0.00001301,84.8350,77.3233,0.0280,5.6284,0.3838,17309.1614,200.7667,91.2509,79.7578,34.0832,58.2266,102.2495,170.4158,241.2244,332.7233,51.1247,0.0,4.142857,5.714285,1.45698,29,141,174,4,0.47516736,0.00032517,-0.01119525,0E-8,0.000000,0.896863,0.000000,0.02195065,2026-06-03,2026-08-03,30,440,303,62,0.483871,1.144100,1.075628,1.583891,,,,,,,,GLOBAL_BASELINE_NO_ENTITY_RANKING,,,NOT_APPLICABLE_GLOBAL_BASELINE,HF9g-P5,,,,X 全窗基线 · 不参与实体赏罚,6879091,688,A168_HF9F_20260827_0900,2026-08-27 09:00:00
2026-06-16,135398611,1299,0,156.7825494206,-57.0892978868,-57.0892978868,0.3333333,3,3,0.50665070000000000,0.506650700000,-0.6004420894325239,-0.6004420894325239,-0.6004420894325239,0E-17,ELIGIBLE,R03b_20260811_FULL_v1,L1_ELIGIBILITY,v2026-08-11,2026-03-21..2026-08-06,baccarat_bet02_101_all_pairs_incl_sentinel,round_win = game_pnl > 0 (decisive only),COMPATIBILITY_ONLY_NOT_PRODUCTION,519274.8434,465718.2974,168.8526,6121,6023,-0.00032517,0.01119525,-0.01075540,-0.00032517,-168.8526,519274.8434,OK,0.0000,6.7541,4.0000,96.0000,AG03-UNRESOLVED,ALL5_LEVELS_bet23_to_bet27,6.7541,6.7541,6.7541,8.4426,0.0000,4.000000,4.000000,4.000000,5.000000,0.000000,96.000000,96.000000,96.000000,95.000000,100.000000,5.0,28.7049,26.9321,140.1477,141.9205,PENDING_AG03,FALSE,NOT_FOR_ENFORCEMENT,162.0985,447089.5655,168.8526,162.0985,6.7541,0.00032517,0.00031216,6.7541,162.0985,0.00031216,6.7541,6.7541,6.7541,8.4426,0.0000,162.0985,0.00031216,28.7049,26.9321,140.1477,141.9205,0.00026989,0.00027331,0.00001301,84.8350,77.3233,0.0280,5.6284,0.3838,17309.1614,200.7667,91.2509,79.7578,34.0832,58.2266,102.2495,170.4158,241.2244,332.7233,51.1247,0.0,4.142857,5.714285,1.45698,29,141,174,4,0.47516736,0.00032517,-0.01119525,0E-8,0.000000,0.896863,0.000000,0.02195065,2026-06-03,2026-08-03,30,440,303,62,0.483871,1.144100,1.075628,1.583891,,,,,,,,GLOBAL_BASELINE_NO_ENTITY_RANKING,,,NOT_APPLICABLE_GLOBAL_BASELINE,HF9g-P5,,,,X 全窗基线 · 不参与实体赏罚,6879092,688,A168_HF9F_20260827_0900,2026-08-27 09:00:00
2026-06-16,135398611,1331,0,622.0177232448,247.1029311520,247.1029311520,0.8000000,5,5,0.49324550000000000,0.493245500000,1.3719730223118614,1.3719730223118614,1.3719730223118614,0E-17,ELIGIBLE,R03b_20260811_FULL_v1,L1_ELIGIBILITY,v2026-08-11,2026-03-21..2026-08-06,baccarat_bet02_101_all_pairs_incl_sentinel,round_win = game_pnl > 0 (decisive only),COMPATIBILITY_ONLY_NOT_PRODUCTION,519274.8434,465718.2974,168.8526,6121,6023,-0.00032517,0.01119525,-0.01075540,-0.00032517,-168.8526,519274.8434,OK,0.0000,6.7541,4.0000,96.0000,AG03-UNRESOLVED,ALL5_LEVELS_bet23_to_bet27,6.7541,6.7541,6.7541,8.4426,0.0000,4.000000,4.000000,4.000000,5.000000,0.000000,96.000000,96.000000,96.000000,95.000000,100.000000,5.0,28.7049,26.9321,140.1477,141.9205,PENDING_AG03,FALSE,NOT_FOR_ENFORCEMENT,162.0985,447089.5655,168.8526,162.0985,6.7541,0.00032517,0.00031216,6.7541,162.0985,0.00031216,6.7541,6.7541,6.7541,8.4426,0.0000,162.0985,0.00031216,28.7049,26.9321,140.1477,141.9205,0.00026989,0.00027331,0.00001301,84.8350,77.3233,0.0280,5.6284,0.3838,17309.1614,200.7667,91.2509,79.7578,34.0832,58.2266,102.2495,170.4158,241.2244,332.7233,51.1247,0.0,4.142857,5.714285,1.45698,29,141,174,4,0.47516736,0.00032517,-0.01119525,0E-8,0.000000,0.896863,0.000000,0.02195065,2026-06-03,2026-08-03,30,440,303,62,0.483871,1.144100,1.075628,1.583891,,,,,,,,GLOBAL_BASELINE_NO_ENTITY_RANKING,,,NOT_APPLICABLE_GLOBAL_BASELINE,HF9g-P5,,,,X 全窗基线 · 不参与实体赏罚,6879093,688,A168_HF9F_20260827_0900,2026-08-27 09:00:00
2026-06-16,135398611,1396,0,2617.5869120653,302.8289025222,302.8289025222,0.5925926,29,29,0.50202821724137931,0.502028217241,0.9411803402176773,0.9411803402216163,0.9411803402176773,3.7931E-13,ELIGIBLE,R03b_20260811_FULL_v1,L1_ELIGIBILITY,v2026-08-11,2026-03-21..2026-08-06,baccarat_bet02_101_all_pairs_incl_sentinel,round_win = game_pnl > 0 (decisive only),COMPATIBILITY_ONLY_NOT_PRODUCTION,519274.8434,465718.2974,168.8526,6121,6023,-0.00032517,0.01119525,-0.01075540,-0.00032517,-168.8526,519274.8434,OK,0.0000,6.7541,4.0000,96.0000,AG03-UNRESOLVED,ALL5_LEVELS_bet23_to_bet27,6.7541,6.7541,6.7541,8.4426,0.0000,4.000000,4.000000,4.000000,5.000000,0.000000,96.000000,96.000000,96.000000,95.000000,100.000000,5.0,28.7049,26.9321,140.1477,141.9205,PENDING_AG03,FALSE,NOT_FOR_ENFORCEMENT,162.0985,447089.5655,168.8526,162.0985,6.7541,0.00032517,0.00031216,6.7541,162.0985,0.00031216,6.7541,6.7541,6.7541,8.4426,0.0000,162.0985,0.00031216,28.7049,26.9321,140.1477,141.9205,0.00026989,0.00027331,0.00001301,84.8350,77.3233,0.0280,5.6284,0.3838,17309.1614,200.7667,91.2509,79.7578,34.0832,58.2266,102.2495,170.4158,241.2244,332.7233,51.1247,0.0,4.142857,5.714285,1.45698,29,141,174,4,0.47516736,0.00032517,-0.01119525,0E-8,0.000000,0.896863,0.000000,0.02195065,2026-06-03,2026-08-03,30,440,303,62,0.483871,1.144100,1.075628,1.583891,,,,,,,,GLOBAL_BASELINE_NO_ENTITY_RANKING,,,NOT_APPLICABLE_GLOBAL_BASELINE,HF9g-P5,,,,X 全窗基线 · 不参与实体赏罚,6879094,688,A168_HF9F_20260827_0900,2026-08-27 09:00:00
2026-06-16,135398611,1490,0,494.2058623040,-238.5821404226,-238.5821404226,0.2000000,7,7,0.49707555714285714,0.497075557143,-1.3285850057349882,-1.3285850057356248,-1.3285850057349882,-1.4286E-13,ELIGIBLE,R03b_20260811_FULL_v1,L1_ELIGIBILITY,v2026-08-11,2026-03-21..2026-08-06,baccarat_bet02_101_all_pairs_incl_sentinel,round_win = game_pnl > 0 (decisive only),COMPATIBILITY_ONLY_NOT_PRODUCTION,519274.8434,465718.2974,168.8526,6121,6023,-0.00032517,0.01119525,-0.01075540,-0.00032517,-168.8526,519274.8434,OK,0.0000,6.7541,4.0000,96.0000,AG03-UNRESOLVED,ALL5_LEVELS_bet23_to_bet27,6.7541,6.7541,6.7541,8.4426,0.0000,4.000000,4.000000,4.000000,5.000000,0.000000,96.000000,96.000000,96.000000,95.000000,100.000000,5.0,28.7049,26.9321,140.1477,141.9205,PENDING_AG03,FALSE,NOT_FOR_ENFORCEMENT,162.0985,447089.5655,168.8526,162.0985,6.7541,0.00032517,0.00031216,6.7541,162.0985,0.00031216,6.7541,6.7541,6.7541,8.4426,0.0000,162.0985,0.00031216,28.7049,26.9321,140.1477,141.9205,0.00026989,0.00027331,0.00001301,84.8350,77.3233,0.0280,5.6284,0.3838,17309.1614,200.7667,91.2509,79.7578,34.0832,58.2266,102.2495,170.4158,241.2244,332.7233,51.1247,0.0,4.142857,5.714285,1.45698,29,141,174,4,0.47516736,0.00032517,-0.01119525,0E-8,0.000000,0.896863,0.000000,0.02195065,2026-06-03,2026-08-03,30,440,303,62,0.483871,1.144100,1.075628,1.583891,,,,,,,,GLOBAL_BASELINE_NO_ENTITY_RANKING,,,NOT_APPLICABLE_GLOBAL_BASELINE,HF9g-P5,,,,X 全窗基线 · 不参与实体赏罚,6879095,688,A168_HF9F_20260827_0900,2026-08-27 09:00:00
2026-06-16,135398611,1505,0,2525.5623721885,255.4533060669,255.4533060669,0.5000000,33,33,0.49812011818181818,0.498120118182,0.02126858522845571,0.021268585226398604,0.02126858522845571,-1.8182E-13,ELIGIBLE,R03b_20260811_FULL_v1,L1_ELIGIBILITY,v2026-08-11,2026-03-21..2026-08-06,baccarat_bet02_101_all_pairs_incl_sentinel,round_win = game_pnl > 0 (decisive only),COMPATIBILITY_ONLY_NOT_PRODUCTION,519274.8434,465718.2974,168.8526,6121,6023,-0.00032517,0.01119525,-0.01075540,-0.00032517,-168.8526,519274.8434,OK,0.0000,6.7541,4.0000,96.0000,AG03-UNRESOLVED,ALL5_LEVELS_bet23_to_bet27,6.7541,6.7541,6.7541,8.4426,0.0000,4.000000,4.000000,4.000000,5.000000,0.000000,96.000000,96.000000,96.000000,95.000000,100.000000,5.0,28.7049,26.9321,140.1477,141.9205,PENDING_AG03,FALSE,NOT_FOR_ENFORCEMENT,162.0985,447089.5655,168.8526,162.0985,6.7541,0.00032517,0.00031216,6.7541,162.0985,0.00031216,6.7541,6.7541,6.7541,8.4426,0.0000,162.0985,0.00031216,28.7049,26.9321,140.1477,141.9205,0.00026989,0.00027331,0.00001301,84.8350,77.3233,0.0280,5.6284,0.3838,17309.1614,200.7667,91.2509,79.7578,34.0832,58.2266,102.2495,170.4158,241.2244,332.7233,51.1247,0.0,4.142857,5.714285,1.45698,29,141,174,4,0.47516736,0.00032517,-0.01119525,0E-8,0.000000,0.896863,0.000000,0.02195065,2026-06-03,2026-08-03,30,440,303,62,0.483871,1.144100,1.075628,1.583891,,,,,,,,GLOBAL_BASELINE_NO_ENTITY_RANKING,,,NOT_APPLICABLE_GLOBAL_BASELINE,HF9g-P5,,,,X 全窗基线 · 不参与实体赏罚,6879096,688,A168_HF9F_20260827_0900,2026-08-27 09:00:00
2026-06-16,135398611,1704,0,1912.0654396730,-95.0068166326,-95.0068166326,0.5000000,20,20,0.49793732000000000,0.497937320000,0.017502569120216874,0.017502569120216874,0.017502569120216874,0E-17,ELIGIBLE,R03b_20260811_FULL_v1,L1_ELIGIBILITY,v2026-08-11,2026-03-21..2026-08-06,baccarat_bet02_101_all_pairs_incl_sentinel,round_win = game_pnl > 0 (decisive only),COMPATIBILITY_ONLY_NOT_PRODUCTION,519274.8434,465718.2974,168.8526,6121,6023,-0.00032517,0.01119525,-0.01075540,-0.00032517,-168.8526,519274.8434,OK,0.0000,6.7541,4.0000,96.0000,AG03-UNRESOLVED,ALL5_LEVELS_bet23_to_bet27,6.7541,6.7541,6.7541,8.4426,0.0000,4.000000,4.000000,4.000000,5.000000,0.000000,96.000000,96.000000,96.000000,95.000000,100.000000,5.0,28.7049,26.9321,140.1477,141.9205,PENDING_AG03,FALSE,NOT_FOR_ENFORCEMENT,162.0985,447089.5655,168.8526,162.0985,6.7541,0.00032517,0.00031216,6.7541,162.0985,0.00031216,6.7541,6.7541,6.7541,8.4426,0.0000,162.0985,0.00031216,28.7049,26.9321,140.1477,141.9205,0.00026989,0.00027331,0.00001301,84.8350,77.3233,0.0280,5.6284,0.3838,17309.1614,200.7667,91.2509,79.7578,34.0832,58.2266,102.2495,170.4158,241.2244,332.7233,51.1247,0.0,4.142857,5.714285,1.45698,29,141,174,4,0.47516736,0.00032517,-0.01119525,0E-8,0.000000,0.896863,0.000000,0.02195065,2026-06-03,2026-08-03,30,440,303,62,0.483871,1.144100,1.075628,1.583891,,,,,,,,GLOBAL_BASELINE_NO_ENTITY_RANKING,,,NOT_APPLICABLE_GLOBAL_BASELINE,HF9g-P5,,,,X 全窗基线 · 不参与实体赏罚,6879097,688,A168_HF9F_20260827_0900,2026-08-27 09:00:00
2026-06-16,135398611,1710,0,3200.4089979550,1161.3837764146,1161.3837764146,0.6896552,33,33,0.50177608181818182,0.501776081818,2.0235324997155826,2.0235324997175383,2.0235324997155826,1.8182E-13,ELIGIBLE,R03b_20260811_FULL_v1,L1_ELIGIBILITY,v2026-08-11,2026-03-21..2026-08-06,baccarat_bet02_101_all_pairs_incl_sentinel,round_win = game_pnl > 0 (decisive only),COMPATIBILITY_ONLY_NOT_PRODUCTION,519274.8434,465718.2974,168.8526,6121,6023,-0.00032517,0.01119525,-0.01075540,-0.00032517,-168.8526,519274.8434,OK,0.0000,6.7541,4.0000,96.0000,AG03-UNRESOLVED,ALL5_LEVELS_bet23_to_bet27,6.7541,6.7541,6.7541,8.4426,0.0000,4.000000,4.000000,4.000000,5.000000,0.000000,96.000000,96.000000,96.000000,95.000000,100.000000,5.0,28.7049,26.9321,140.1477,141.9205,PENDING_AG03,FALSE,NOT_FOR_ENFORCEMENT,162.0985,447089.5655,168.8526,162.0985,6.7541,0.00032517,0.00031216,6.7541,162.0985,0.00031216,6.7541,6.7541,6.7541,8.4426,0.0000,162.0985,0.00031216,28.7049,26.9321,140.1477,141.9205,0.00026989,0.00027331,0.00001301,84.8350,77.3233,0.0280,5.6284,0.3838,17309.1614,200.7667,91.2509,79.7578,34.0832,58.2266,102.2495,170.4158,241.2244,332.7233,51.1247,0.0,4.142857,5.714285,1.45698,29,141,174,4,0.47516736,0.00032517,-0.01119525,0E-8,0.000000,0.896863,0.000000,0.02195065,2026-06-03,2026-08-03,30,440,303,62,0.483871,1.144100,1.075628,1.583891,,,,,,,,GLOBAL_BASELINE_NO_ENTITY_RANKING,,,NOT_APPLICABLE_GLOBAL_BASELINE,HF9g-P5,,,,X 全窗基线 · 不参与实体赏罚,6879098,688,A168_HF9F_20260827_0900,2026-08-27 09:00:00
2026-06-16,135398611,1963,0,85.2079072938,-17.0415814588,-17.0415814588,0.5000000,2,2,0.49324550000000000,0.493245500000,0.01910635448239258,0.01910635448239258,0.01910635448239258,0E-17,ELIGIBLE,R03b_20260811_FULL_v1,L1_ELIGIBILITY,v2026-08-11,2026-03-21..2026-08-06,baccarat_bet02_101_all_pairs_incl_sentinel,round_win = game_pnl > 0 (decisive only),COMPATIBILITY_ONLY_NOT_PRODUCTION,519274.8434,465718.2974,168.8526,6121,6023,-0.00032517,0.01119525,-0.01075540,-0.00032517,-168.8526,519274.8434,OK,0.0000,6.7541,4.0000,96.0000,AG03-UNRESOLVED,ALL5_LEVELS_bet23_to_bet27,6.7541,6.7541,6.7541,8.4426,0.0000,4.000000,4.000000,4.000000,5.000000,0.000000,96.000000,96.000000,96.000000,95.000000,100.000000,5.0,28.7049,26.9321,140.1477,141.9205,PENDING_AG03,FALSE,NOT_FOR_ENFORCEMENT,162.0985,447089.5655,168.8526,162.0985,6.7541,0.00032517,0.00031216,6.7541,162.0985,0.00031216,6.7541,6.7541,6.7541,8.4426,0.0000,162.0985,0.00031216,28.7049,26.9321,140.1477,141.9205,0.00026989,0.00027331,0.00001301,84.8350,77.3233,0.0280,5.6284,0.3838,17309.1614,200.7667,91.2509,79.7578,34.0832,58.2266,102.2495,170.4158,241.2244,332.7233,51.1247,0.0,4.142857,5.714285,1.45698,29,141,174,4,0.47516736,0.00032517,-0.01119525,0E-8,0.000000,0.896863,0.000000,0.02195065,2026-06-03,2026-08-03,30,440,303,62,0.483871,1.144100,1.075628,1.583891,,,,,,,,GLOBAL_BASELINE_NO_ENTITY_RANKING,,,NOT_APPLICABLE_GLOBAL_BASELINE,HF9g-P5,,,,X 全窗基线 · 不参与实体赏罚,6879099,688,A168_HF9F_20260827_0900,2026-08-27 09:00:00
2026-06-16,135398611,1990,0,494.2058623041,-221.5405589639,-221.5405589639,0.3333333,6,6,0.49547970000000000,0.495479700000,-0.7943841881047936,-0.7943841881047936,-0.7943841881047936,0E-17,ELIGIBLE,R03b_20260811_FULL_v1,L1_ELIGIBILITY,v2026-08-11,2026-03-21..2026-08-06,baccarat_bet02_101_all_pairs_incl_sentinel,round_win = game_pnl > 0 (decisive only),COMPATIBILITY_ONLY_NOT_PRODUCTION,519274.8434,465718.2974,168.8526,6121,6023,-0.00032517,0.01119525,-0.01075540,-0.00032517,-168.8526,519274.8434,OK,0.0000,6.7541,4.0000,96.0000,AG03-UNRESOLVED,ALL5_LEVELS_bet23_to_bet27,6.7541,6.7541,6.7541,8.4426,0.0000,4.000000,4.000000,4.000000,5.000000,0.000000,96.000000,96.000000,96.000000,95.000000,100.000000,5.0,28.7049,26.9321,140.1477,141.9205,PENDING_AG03,FALSE,NOT_FOR_ENFORCEMENT,162.0985,447089.5655,168.8526,162.0985,6.7541,0.00032517,0.00031216,6.7541,162.0985,0.00031216,6.7541,6.7541,6.7541,8.4426,0.0000,162.0985,0.00031216,28.7049,26.9321,140.1477,141.9205,0.00026989,0.00027331,0.00001301,84.8350,77.3233,0.0280,5.6284,0.3838,17309.1614,200.7667,91.2509,79.7578,34.0832,58.2266,102.2495,170.4158,241.2244,332.7233,51.1247,0.0,4.142857,5.714285,1.45698,29,141,174,4,0.47516736,0.00032517,-0.01119525,0E-8,0.000000,0.896863,0.000000,0.02195065,2026-06-03,2026-08-03,30,440,303,62,0.483871,1.144100,1.075628,1.583891,,,,,,,,GLOBAL_BASELINE_NO_ENTITY_RANKING,,,NOT_APPLICABLE_GLOBAL_BASELINE,HF9g-P5,,,,X 全窗基线 · 不参与实体赏罚,6879100,688,A168_HF9F_20260827_0900,2026-08-27 09:00:00
2026-06-16,135398611,2103,0,342.5357873211,-39.1956373553,-39.1956373553,0.5714286,7,7,0.50090561428571429,0.500905614286,0.3731730247484194,0.373173024746908,0.3731730247484194,-2.8571E-13,ELIGIBLE,R03b_20260811_FULL_v1,L1_ELIGIBILITY,v2026-08-11,2026-03-21..2026-08-06,baccarat_bet02_101_all_pairs_incl_sentinel,round_win = game_pnl > 0 (decisive only),COMPATIBILITY_ONLY_NOT_PRODUCTION,519274.8434,465718.2974,168.8526,6121,6023,-0.00032517,0.01119525,-0.01075540,-0.00032517,-168.8526,519274.8434,OK,0.0000,6.7541,4.0000,96.0000,AG03-UNRESOLVED,ALL5_LEVELS_bet23_to_bet27,6.7541,6.7541,6.7541,8.4426,0.0000,4.000000,4.000000,4.000000,5.000000,0.000000,96.000000,96.000000,96.000000,95.000000,100.000000,5.0,28.7049,26.9321,140.1477,141.9205,PENDING_AG03,FALSE,NOT_FOR_ENFORCEMENT,162.0985,447089.5655,168.8526,162.0985,6.7541,0.00032517,0.00031216,6.7541,162.0985,0.00031216,6.7541,6.7541,6.7541,8.4426,0.0000,162.0985,0.00031216,28.7049,26.9321,140.1477,141.9205,0.00026989,0.00027331,0.00001301,84.8350,77.3233,0.0280,5.6284,0.3838,17309.1614,200.7667,91.2509,79.7578,34.0832,58.2266,102.2495,170.4158,241.2244,332.7233,51.1247,0.0,4.142857,5.714285,1.45698,29,141,174,4,0.47516736,0.00032517,-0.01119525,0E-8,0.000000,0.896863,0.000000,0.02195065,2026-06-03,2026-08-03,30,440,303,62,0.483871,1.144100,1.075628,1.583891,,,,,,,,GLOBAL_BASELINE_NO_ENTITY_RANKING,,,NOT_APPLICABLE_GLOBAL_BASELINE,HF9g-P5,,,,X 全窗基线 · 不参与实体赏罚,6879101,688,A168_HF9F_20260827_0900,2026-08-27 09:00:00
2026-06-16,135398611,2142,0,1024.1990456713,119.6319018404,119.6319018404,0.6363636,11,11,0.50177608181818182,0.501776081818,0.8927584721289042,0.8927584721301092,0.8927584721289042,1.8182E-13,ELIGIBLE,R03b_20260811_FULL_v1,L1_ELIGIBILITY,v2026-08-11,2026-03-21..2026-08-06,baccarat_bet02_101_all_pairs_incl_sentinel,round_win = game_pnl > 0 (decisive only),COMPATIBILITY_ONLY_NOT_PRODUCTION,519274.8434,465718.2974,168.8526,6121,6023,-0.00032517,0.01119525,-0.01075540,-0.00032517,-168.8526,519274.8434,OK,0.0000,6.7541,4.0000,96.0000,AG03-UNRESOLVED,ALL5_LEVELS_bet23_to_bet27,6.7541,6.7541,6.7541,8.4426,0.0000,4.000000,4.000000,4.000000,5.000000,0.000000,96.000000,96.000000,96.000000,95.000000,100.000000,5.0,28.7049,26.9321,140.1477,141.9205,PENDING_AG03,FALSE,NOT_FOR_ENFORCEMENT,162.0985,447089.5655,168.8526,162.0985,6.7541,0.00032517,0.00031216,6.7541,162.0985,0.00031216,6.7541,6.7541,6.7541,8.4426,0.0000,162.0985,0.00031216,28.7049,26.9321,140.1477,141.9205,0.00026989,0.00027331,0.00001301,84.8350,77.3233,0.0280,5.6284,0.3838,17309.1614,200.7667,91.2509,79.7578,34.0832,58.2266,102.2495,170.4158,241.2244,332.7233,51.1247,0.0,4.142857,5.714285,1.45698,29,141,174,4,0.47516736,0.00032517,-0.01119525,0E-8,0.000000,0.896863,0.000000,0.02195065,2026-06-03,2026-08-03,30,440,303,62,0.483871,1.144100,1.075628,1.583891,,,,,,,,GLOBAL_BASELINE_NO_ENTITY_RANKING,,,NOT_APPLICABLE_GLOBAL_BASELINE,HF9g-P5,,,,X 全窗基线 · 不参与实体赏罚,6879102,688,A168_HF9F_20260827_0900,2026-08-27 09:00:00
2026-06-16,135398611,2209,0,659.5092024541,-255.6237218814,-255.6237218814,0.3750000,8,8,0.49994810000000000,0.499948100000,-0.7068131942587571,-0.7068131942587571,-0.7068131942587571,0E-17,ELIGIBLE,R03b_20260811_FULL_v1,L1_ELIGIBILITY,v2026-08-11,2026-03-21..2026-08-06,baccarat_bet02_101_all_pairs_incl_sentinel,round_win = game_pnl > 0 (decisive only),COMPATIBILITY_ONLY_NOT_PRODUCTION,519274.8434,465718.2974,168.8526,6121,6023,-0.00032517,0.01119525,-0.01075540,-0.00032517,-168.8526,519274.8434,OK,0.0000,6.7541,4.0000,96.0000,AG03-UNRESOLVED,ALL5_LEVELS_bet23_to_bet27,6.7541,6.7541,6.7541,8.4426,0.0000,4.000000,4.000000,4.000000,5.000000,0.000000,96.000000,96.000000,96.000000,95.000000,100.000000,5.0,28.7049,26.9321,140.1477,141.9205,PENDING_AG03,FALSE,NOT_FOR_ENFORCEMENT,162.0985,447089.5655,168.8526,162.0985,6.7541,0.00032517,0.00031216,6.7541,162.0985,0.00031216,6.7541,6.7541,6.7541,8.4426,0.0000,162.0985,0.00031216,28.7049,26.9321,140.1477,141.9205,0.00026989,0.00027331,0.00001301,84.8350,77.3233,0.0280,5.6284,0.3838,17309.1614,200.7667,91.2509,79.7578,34.0832,58.2266,102.2495,170.4158,241.2244,332.7233,51.1247,0.0,4.142857,5.714285,1.45698,29,141,174,4,0.47516736,0.00032517,-0.01119525,0E-8,0.000000,0.896863,0.000000,0.02195065,2026-06-03,2026-08-03,30,440,303,62,0.483871,1.144100,1.075628,1.583891,,,,,,,,GLOBAL_BASELINE_NO_ENTITY_RANKING,,,NOT_APPLICABLE_GLOBAL_BASELINE,HF9g-P5,,,,X 全窗基线 · 不参与实体赏罚,6879103,688,A168_HF9F_20260827_0900,2026-08-27 09:00:00
2026-06-16,135398611,2229,0,702.1131561010,-24.7102931153,-24.7102931153,0.4545455,11,11,0.49812011818181818,0.498120118182,-0.28904366223770966,-0.2890436622389153,-0.28904366223770966,-1.8182E-13,ELIGIBLE,R03b_20260811_FULL_v1,L1_ELIGIBILITY,v2026-08-11,2026-03-21..2026-08-06,baccarat_bet02_101_all_pairs_incl_sentinel,round_win = game_pnl > 0 (decisive only),COMPATIBILITY_ONLY_NOT_PRODUCTION,519274.8434,465718.2974,168.8526,6121,6023,-0.00032517,0.01119525,-0.01075540,-0.00032517,-168.8526,519274.8434,OK,0.0000,6.7541,4.0000,96.0000,AG03-UNRESOLVED,ALL5_LEVELS_bet23_to_bet27,6.7541,6.7541,6.7541,8.4426,0.0000,4.000000,4.000000,4.000000,5.000000,0.000000,96.000000,96.000000,96.000000,95.000000,100.000000,5.0,28.7049,26.9321,140.1477,141.9205,PENDING_AG03,FALSE,NOT_FOR_ENFORCEMENT,162.0985,447089.5655,168.8526,162.0985,6.7541,0.00032517,0.00031216,6.7541,162.0985,0.00031216,6.7541,6.7541,6.7541,8.4426,0.0000,162.0985,0.00031216,28.7049,26.9321,140.1477,141.9205,0.00026989,0.00027331,0.00001301,84.8350,77.3233,0.0280,5.6284,0.3838,17309.1614,200.7667,91.2509,79.7578,34.0832,58.2266,102.2495,170.4158,241.2244,332.7233,51.1247,0.0,4.142857,5.714285,1.45698,29,141,174,4,0.47516736,0.00032517,-0.01119525,0E-8,0.000000,0.896863,0.000000,0.02195065,2026-06-03,2026-08-03,30,440,303,62,0.483871,1.144100,1.075628,1.583891,,,,,,,,GLOBAL_BASELINE_NO_ENTITY_RANKING,,,NOT_APPLICABLE_GLOBAL_BASELINE,HF9g-P5,,,,X 全窗基线 · 不参与实体赏罚,6879104,688,A168_HF9F_20260827_0900,2026-08-27 09:00:00
2026-06-16,135398611,2254,0,402.1813224268,-136.3326516701,-136.3326516701,0.4000000,5,5,0.50396966000000000,0.503969660000,-0.4649811094771361,-0.4649811094771361,-0.4649811094771361,0E-17,ELIGIBLE,R03b_20260811_FULL_v1,L1_ELIGIBILITY,v2026-08-11,2026-03-21..2026-08-06,baccarat_bet02_101_all_pairs_incl_sentinel,round_win = game_pnl > 0 (decisive only),COMPATIBILITY_ONLY_NOT_PRODUCTION,519274.8434,465718.2974,168.8526,6121,6023,-0.00032517,0.01119525,-0.01075540,-0.00032517,-168.8526,519274.8434,OK,0.0000,6.7541,4.0000,96.0000,AG03-UNRESOLVED,ALL5_LEVELS_bet23_to_bet27,6.7541,6.7541,6.7541,8.4426,0.0000,4.000000,4.000000,4.000000,5.000000,0.000000,96.000000,96.000000,96.000000,95.000000,100.000000,5.0,28.7049,26.9321,140.1477,141.9205,PENDING_AG03,FALSE,NOT_FOR_ENFORCEMENT,162.0985,447089.5655,168.8526,162.0985,6.7541,0.00032517,0.00031216,6.7541,162.0985,0.00031216,6.7541,6.7541,6.7541,8.4426,0.0000,162.0985,0.00031216,28.7049,26.9321,140.1477,141.9205,0.00026989,0.00027331,0.00001301,84.8350,77.3233,0.0280,5.6284,0.3838,17309.1614,200.7667,91.2509,79.7578,34.0832,58.2266,102.2495,170.4158,241.2244,332.7233,51.1247,0.0,4.142857,5.714285,1.45698,29,141,174,4,0.47516736,0.00032517,-0.01119525,0E-8,0.000000,0.896863,0.000000,0.02195065,2026-06-03,2026-08-03,30,440,303,62,0.483871,1.144100,1.075628,1.583891,,,,,,,,GLOBAL_BASELINE_NO_ENTITY_RANKING,,,NOT_APPLICABLE_GLOBAL_BASELINE,HF9g-P5,,,,X 全窗基线 · 不参与实体赏罚,6879105,688,A168_HF9F_20260827_0900,2026-08-27 09:00:00
2026-06-16,135398611,2258,0,480.5725971370,172.2903885480,172.2903885480,0.8333333,8,8,0.49659680000000000,0.496596800000,1.6497035822590231,1.6497035822590231,1.6497035822590231,0E-17,ELIGIBLE,R03b_20260811_FULL_v1,L1_ELIGIBILITY,v2026-08-11,2026-03-21..2026-08-06,baccarat_bet02_101_all_pairs_incl_sentinel,round_win = game_pnl > 0 (decisive only),COMPATIBILITY_ONLY_NOT_PRODUCTION,519274.8434,465718.2974,168.8526,6121,6023,-0.00032517,0.01119525,-0.01075540,-0.00032517,-168.8526,519274.8434,OK,0.0000,6.7541,4.0000,96.0000,AG03-UNRESOLVED,ALL5_LEVELS_bet23_to_bet27,6.7541,6.7541,6.7541,8.4426,0.0000,4.000000,4.000000,4.000000,5.000000,0.000000,96.000000,96.000000,96.000000,95.000000,100.000000,5.0,28.7049,26.9321,140.1477,141.9205,PENDING_AG03,FALSE,NOT_FOR_ENFORCEMENT,162.0985,447089.5655,168.8526,162.0985,6.7541,0.00032517,0.00031216,6.7541,162.0985,0.00031216,6.7541,6.7541,6.7541,8.4426,0.0000,162.0985,0.00031216,28.7049,26.9321,140.1477,141.9205,0.00026989,0.00027331,0.00001301,84.8350,77.3233,0.0280,5.6284,0.3838,17309.1614,200.7667,91.2509,79.7578,34.0832,58.2266,102.2495,170.4158,241.2244,332.7233,51.1247,0.0,4.142857,5.714285,1.45698,29,141,174,4,0.47516736,0.00032517,-0.01119525,0E-8,0.000000,0.896863,0.000000,0.02195065,2026-06-03,2026-08-03,30,440,303,62,0.483871,1.144100,1.075628,1.583891,,,,,,,,GLOBAL_BASELINE_NO_ENTITY_RANKING,,,NOT_APPLICABLE_GLOBAL_BASELINE,HF9g-P5,,,,X 全窗基线 · 不参与实体赏罚,6879106,688,A168_HF9F_20260827_0900,2026-08-27 09:00:00
2026-06-16,135398611,2271,0,136.3326516701,-36.6394001363,-36.6394001363,0.5000000,2,2,0.50665070000000000,0.506650700000,-0.018812684590367487,-0.018812684590367487,-0.018812684590367487,0E-17,ELIGIBLE,R03b_20260811_FULL_v1,L1_ELIGIBILITY,v2026-08-11,2026-03-21..2026-08-06,baccarat_bet02_101_all_pairs_incl_sentinel,round_win = game_pnl > 0 (decisive only),COMPATIBILITY_ONLY_NOT_PRODUCTION,519274.8434,465718.2974,168.8526,6121,6023,-0.00032517,0.01119525,-0.01075540,-0.00032517,-168.8526,519274.8434,OK,0.0000,6.7541,4.0000,96.0000,AG03-UNRESOLVED,ALL5_LEVELS_bet23_to_bet27,6.7541,6.7541,6.7541,8.4426,0.0000,4.000000,4.000000,4.000000,5.000000,0.000000,96.000000,96.000000,96.000000,95.000000,100.000000,5.0,28.7049,26.9321,140.1477,141.9205,PENDING_AG03,FALSE,NOT_FOR_ENFORCEMENT,162.0985,447089.5655,168.8526,162.0985,6.7541,0.00032517,0.00031216,6.7541,162.0985,0.00031216,6.7541,6.7541,6.7541,8.4426,0.0000,162.0985,0.00031216,28.7049,26.9321,140.1477,141.9205,0.00026989,0.00027331,0.00001301,84.8350,77.3233,0.0280,5.6284,0.3838,17309.1614,200.7667,91.2509,79.7578,34.0832,58.2266,102.2495,170.4158,241.2244,332.7233,51.1247,0.0,4.142857,5.714285,1.45698,29,141,174,4,0.47516736,0.00032517,-0.01119525,0E-8,0.000000,0.896863,0.000000,0.02195065,2026-06-03,2026-08-03,30,440,303,62,0.483871,1.144100,1.075628,1.583891,,,,,,,,GLOBAL_BASELINE_NO_ENTITY_RANKING,,,NOT_APPLICABLE_GLOBAL_BASELINE,HF9g-P5,,,,X 全窗基线 · 不参与实体赏罚,6879107,688,A168_HF9F_20260827_0900,2026-08-27 09:00:00
2026-06-16,135398611,2280,0,625.4260395365,272.8357191547,272.8357191547,0.7500000,9,9,0.50218230000000000,0.502182300000,1.4018819621466703,1.4018819621466703,1.4018819621466703,0E-17,ELIGIBLE,R03b_20260811_FULL_v1,L1_ELIGIBILITY,v2026-08-11,2026-03-21..2026-08-06,baccarat_bet02_101_all_pairs_incl_sentinel,round_win = game_pnl > 0 (decisive only),COMPATIBILITY_ONLY_NOT_PRODUCTION,519274.8434,465718.2974,168.8526,6121,6023,-0.00032517,0.01119525,-0.01075540,-0.00032517,-168.8526,519274.8434,OK,0.0000,6.7541,4.0000,96.0000,AG03-UNRESOLVED,ALL5_LEVELS_bet23_to_bet27,6.7541,6.7541,6.7541,8.4426,0.0000,4.000000,4.000000,4.000000,5.000000,0.000000,96.000000,96.000000,96.000000,95.000000,100.000000,5.0,28.7049,26.9321,140.1477,141.9205,PENDING_AG03,FALSE,NOT_FOR_ENFORCEMENT,162.0985,447089.5655,168.8526,162.0985,6.7541,0.00032517,0.00031216,6.7541,162.0985,0.00031216,6.7541,6.7541,6.7541,8.4426,0.0000,162.0985,0.00031216,28.7049,26.9321,140.1477,141.9205,0.00026989,0.00027331,0.00001301,84.8350,77.3233,0.0280,5.6284,0.3838,17309.1614,200.7667,91.2509,79.7578,34.0832,58.2266,102.2495,170.4158,241.2244,332.7233,51.1247,0.0,4.142857,5.714285,1.45698,29,141,174,4,0.47516736,0.00032517,-0.01119525,0E-8,0.000000,0.896863,0.000000,0.02195065,2026-06-03,2026-08-03,30,440,303,62,0.483871,1.144100,1.075628,1.583891,,,,,,,,GLOBAL_BASELINE_NO_ENTITY_RANKING,,,NOT_APPLICABLE_GLOBAL_BASELINE,HF9g-P5,,,,X 全窗基线 · 不参与实体赏罚,6879108,688,A168_HF9F_20260827_0900,2026-08-27 09:00:00
2026-06-17,135398611,-1,1,1806.4076346285,426.0395364690,426.0395364690,0.5882353,20,20,0.49525628000000000,0.495256280000,0.7667591016975337,0.7667591016975337,0.7667591016975337,0E-17,SENTINEL_DEALER,R03b_20260811_FULL_v1,L1_ELIGIBILITY,v2026-08-11,2026-03-21..2026-08-06,baccarat_bet02_101_all_pairs_incl_sentinel,round_win = game_pnl > 0 (decisive only),COMPATIBILITY_ONLY_NOT_PRODUCTION,519274.8434,465718.2974,168.8526,6121,6023,-0.00032517,0.01119525,-0.01075540,-0.00032517,-168.8526,519274.8434,OK,0.0000,6.7541,4.0000,96.0000,AG03-UNRESOLVED,ALL5_LEVELS_bet23_to_bet27,6.7541,6.7541,6.7541,8.4426,0.0000,4.000000,4.000000,4.000000,5.000000,0.000000,96.000000,96.000000,96.000000,95.000000,100.000000,5.0,28.7049,26.9321,140.1477,141.9205,PENDING_AG03,FALSE,NOT_FOR_ENFORCEMENT,162.0985,447089.5655,168.8526,162.0985,6.7541,0.00032517,0.00031216,6.7541,162.0985,0.00031216,6.7541,6.7541,6.7541,8.4426,0.0000,162.0985,0.00031216,28.7049,26.9321,140.1477,141.9205,0.00026989,0.00027331,0.00001301,84.8350,77.3233,0.0280,5.6284,0.3838,17309.1614,200.7667,91.2509,79.7578,34.0832,58.2266,102.2495,170.4158,241.2244,332.7233,51.1247,0.0,4.142857,5.714285,1.45698,29,141,174,4,0.47516736,0.00032517,-0.01119525,0E-8,0.000000,0.896863,0.000000,0.02195065,2026-06-03,2026-08-03,30,440,303,62,0.483871,1.144100,1.075628,1.583891,,,,,,,,GLOBAL_BASELINE_NO_ENTITY_RANKING,,,NOT_APPLICABLE_GLOBAL_BASELINE,HF9g-P5,,,,X 全窗基线 · 不参与实体赏罚,6879109,688,A168_HF9F_20260827_0900,2026-08-27 09:00:00
2026-06-17,135398611,1094,0,887.8663940014,10.6509884118,10.6509884118,0.5333333,16,16,0.50078592500000000,0.500785925000,0.25211145232206594,0.25211145232206594,0.25211145232206594,0E-17,ELIGIBLE,R03b_20260811_FULL_v1,L1_ELIGIBILITY,v2026-08-11,2026-03-21..2026-08-06,baccarat_bet02_101_all_pairs_incl_sentinel,round_win = game_pnl > 0 (decisive only),COMPATIBILITY_ONLY_NOT_PRODUCTION,519274.8434,465718.2974,168.8526,6121,6023,-0.00032517,0.01119525,-0.01075540,-0.00032517,-168.8526,519274.8434,OK,0.0000,6.7541,4.0000,96.0000,AG03-UNRESOLVED,ALL5_LEVELS_bet23_to_bet27,6.7541,6.7541,6.7541,8.4426,0.0000,4.000000,4.000000,4.000000,5.000000,0.000000,96.000000,96.000000,96.000000,95.000000,100.000000,5.0,28.7049,26.9321,140.1477,141.9205,PENDING_AG03,FALSE,NOT_FOR_ENFORCEMENT,162.0985,447089.5655,168.8526,162.0985,6.7541,0.00032517,0.00031216,6.7541,162.0985,0.00031216,6.7541,6.7541,6.7541,8.4426,0.0000,162.0985,0.00031216,28.7049,26.9321,140.1477,141.9205,0.00026989,0.00027331,0.00001301,84.8350,77.3233,0.0280,5.6284,0.3838,17309.1614,200.7667,91.2509,79.7578,34.0832,58.2266,102.2495,170.4158,241.2244,332.7233,51.1247,0.0,4.142857,5.714285,1.45698,29,141,174,4,0.47516736,0.00032517,-0.01119525,0E-8,0.000000,0.896863,0.000000,0.02195065,2026-06-03,2026-08-03,30,440,303,62,0.483871,1.144100,1.075628,1.583891,,,,,,,,GLOBAL_BASELINE_NO_ENTITY_RANKING,,,NOT_APPLICABLE_GLOBAL_BASELINE,HF9g-P5,,,,X 全窗基线 · 不参与实体赏罚,6879110,688,A168_HF9F_20260827_0900,2026-08-27 09:00:00
2026-06-17,135398611,1109,0,1019.0865712339,-328.9025221541,-328.9025221541,0.3636364,12,12,0.49883100000000000,0.498831000000,-0.8967822159919931,-0.8967822159919931,-0.8967822159919931,0E-17,ELIGIBLE,R03b_20260811_FULL_v1,L1_ELIGIBILITY,v2026-08-11,2026-03-21..2026-08-06,baccarat_bet02_101_all_pairs_incl_sentinel,round_win = game_pnl > 0 (decisive only),COMPATIBILITY_ONLY_NOT_PRODUCTION,519274.8434,465718.2974,168.8526,6121,6023,-0.00032517,0.01119525,-0.01075540,-0.00032517,-168.8526,519274.8434,OK,0.0000,6.7541,4.0000,96.0000,AG03-UNRESOLVED,ALL5_LEVELS_bet23_to_bet27,6.7541,6.7541,6.7541,8.4426,0.0000,4.000000,4.000000,4.000000,5.000000,0.000000,96.000000,96.000000,96.000000,95.000000,100.000000,5.0,28.7049,26.9321,140.1477,141.9205,PENDING_AG03,FALSE,NOT_FOR_ENFORCEMENT,162.0985,447089.5655,168.8526,162.0985,6.7541,0.00032517,0.00031216,6.7541,162.0985,0.00031216,6.7541,6.7541,6.7541,8.4426,0.0000,162.0985,0.00031216,28.7049,26.9321,140.1477,141.9205,0.00026989,0.00027331,0.00001301,84.8350,77.3233,0.0280,5.6284,0.3838,17309.1614,200.7667,91.2509,79.7578,34.0832,58.2266,102.2495,170.4158,241.2244,332.7233,51.1247,0.0,4.142857,5.714285,1.45698,29,141,174,4,0.47516736,0.00032517,-0.01119525,0E-8,0.000000,0.896863,0.000000,0.02195065,2026-06-03,2026-08-03,30,440,303,62,0.483871,1.144100,1.075628,1.583891,,,,,,,,GLOBAL_BASELINE_NO_ENTITY_RANKING,,,NOT_APPLICABLE_GLOBAL_BASELINE,HF9g-P5,,,,X 全窗基线 · 不参与实体赏罚,6879111,688,A168_HF9F_20260827_0900,2026-08-27 09:00:00
2026-06-17,135398611,1307,0,618.6094069531,108.2992501704,108.2992501704,0.6250000,9,9,0.50516123333333333,0.505161233333,0.6779465561619745,0.6779465561638555,0.6779465561619745,3.3333E-13,ELIGIBLE,R03b_20260811_FULL_v1,L1_ELIGIBILITY,v2026-08-11,2026-03-21..2026-08-06,baccarat_bet02_101_all_pairs_incl_sentinel,round_win = game_pnl > 0 (decisive only),COMPATIBILITY_ONLY_NOT_PRODUCTION,519274.8434,465718.2974,168.8526,6121,6023,-0.00032517,0.01119525,-0.01075540,-0.00032517,-168.8526,519274.8434,OK,0.0000,6.7541,4.0000,96.0000,AG03-UNRESOLVED,ALL5_LEVELS_bet23_to_bet27,6.7541,6.7541,6.7541,8.4426,0.0000,4.000000,4.000000,4.000000,5.000000,0.000000,96.000000,96.000000,96.000000,95.000000,100.000000,5.0,28.7049,26.9321,140.1477,141.9205,PENDING_AG03,FALSE,NOT_FOR_ENFORCEMENT,162.0985,447089.5655,168.8526,162.0985,6.7541,0.00032517,0.00031216,6.7541,162.0985,0.00031216,6.7541,6.7541,6.7541,8.4426,0.0000,162.0985,0.00031216,28.7049,26.9321,140.1477,141.9205,0.00026989,0.00027331,0.00001301,84.8350,77.3233,0.0280,5.6284,0.3838,17309.1614,200.7667,91.2509,79.7578,34.0832,58.2266,102.2495,170.4158,241.2244,332.7233,51.1247,0.0,4.142857,5.714285,1.45698,29,141,174,4,0.47516736,0.00032517,-0.01119525,0E-8,0.000000,0.896863,0.000000,0.02195065,2026-06-03,2026-08-03,30,440,303,62,0.483871,1.144100,1.075628,1.583891,,,,,,,,GLOBAL_BASELINE_NO_ENTITY_RANKING,,,NOT_APPLICABLE_GLOBAL_BASELINE,HF9g-P5,,,,X 全窗基线 · 不参与实体赏罚,6879112,688,A168_HF9F_20260827_0900,2026-08-27 09:00:00
2026-06-17,135398611,1323,0,2431.8336741651,782.7198364008,782.7198364008,0.6800000,27,27,0.49572794444444444,0.495727944444,1.8427878202290897,1.842787820233548,1.8427878202290897,4.4444E-13,ELIGIBLE,R03b_20260811_FULL_v1,L1_ELIGIBILITY,v2026-08-11,2026-03-21..2026-08-06,baccarat_bet02_101_all_pairs_incl_sentinel,round_win = game_pnl > 0 (decisive only),COMPATIBILITY_ONLY_NOT_PRODUCTION,519274.8434,465718.2974,168.8526,6121,6023,-0.00032517,0.01119525,-0.01075540,-0.00032517,-168.8526,519274.8434,OK,0.0000,6.7541,4.0000,96.0000,AG03-UNRESOLVED,ALL5_LEVELS_bet23_to_bet27,6.7541,6.7541,6.7541,8.4426,0.0000,4.000000,4.000000,4.000000,5.000000,0.000000,96.000000,96.000000,96.000000,95.000000,100.000000,5.0,28.7049,26.9321,140.1477,141.9205,PENDING_AG03,FALSE,NOT_FOR_ENFORCEMENT,162.0985,447089.5655,168.8526,162.0985,6.7541,0.00032517,0.00031216,6.7541,162.0985,0.00031216,6.7541,6.7541,6.7541,8.4426,0.0000,162.0985,0.00031216,28.7049,26.9321,140.1477,141.9205,0.00026989,0.00027331,0.00001301,84.8350,77.3233,0.0280,5.6284,0.3838,17309.1614,200.7667,91.2509,79.7578,34.0832,58.2266,102.2495,170.4158,241.2244,332.7233,51.1247,0.0,4.142857,5.714285,1.45698,29,141,174,4,0.47516736,0.00032517,-0.01119525,0E-8,0.000000,0.896863,0.000000,0.02195065,2026-06-03,2026-08-03,30,440,303,62,0.483871,1.144100,1.075628,1.583891,,,,,,,,GLOBAL_BASELINE_NO_ENTITY_RANKING,,,NOT_APPLICABLE_GLOBAL_BASELINE,HF9g-P5,,,,X 全窗基线 · 不参与实体赏罚,6879113,688,A168_HF9F_20260827_0900,2026-08-27 09:00:00
2026-06-17,135398611,1353,0,85.2079072938,-85.2079072938,-85.2079072938,0E-7,1,1,0.50665070000000000,0.506650700000,-1.013391052207602,-1.013391052207602,-1.013391052207602,0E-17,ELIGIBLE,R03b_20260811_FULL_v1,L1_ELIGIBILITY,v2026-08-11,2026-03-21..2026-08-06,baccarat_bet02_101_all_pairs_incl_sentinel,round_win = game_pnl > 0 (decisive only),COMPATIBILITY_ONLY_NOT_PRODUCTION,519274.8434,465718.2974,168.8526,6121,6023,-0.00032517,0.01119525,-0.01075540,-0.00032517,-168.8526,519274.8434,OK,0.0000,6.7541,4.0000,96.0000,AG03-UNRESOLVED,ALL5_LEVELS_bet23_to_bet27,6.7541,6.7541,6.7541,8.4426,0.0000,4.000000,4.000000,4.000000,5.000000,0.000000,96.000000,96.000000,96.000000,95.000000,100.000000,5.0,28.7049,26.9321,140.1477,141.9205,PENDING_AG03,FALSE,NOT_FOR_ENFORCEMENT,162.0985,447089.5655,168.8526,162.0985,6.7541,0.00032517,0.00031216,6.7541,162.0985,0.00031216,6.7541,6.7541,6.7541,8.4426,0.0000,162.0985,0.00031216,28.7049,26.9321,140.1477,141.9205,0.00026989,0.00027331,0.00001301,84.8350,77.3233,0.0280,5.6284,0.3838,17309.1614,200.7667,91.2509,79.7578,34.0832,58.2266,102.2495,170.4158,241.2244,332.7233,51.1247,0.0,4.142857,5.714285,1.45698,29,141,174,4,0.47516736,0.00032517,-0.01119525,0E-8,0.000000,0.896863,0.000000,0.02195065,2026-06-03,2026-08-03,30,440,303,62,0.483871,1.144100,1.075628,1.583891,,,,,,,,GLOBAL_BASELINE_NO_ENTITY_RANKING,,,NOT_APPLICABLE_GLOBAL_BASELINE,HF9g-P5,,,,X 全窗基线 · 不参与实体赏罚,6879114,688,A168_HF9F_20260827_0900,2026-08-27 09:00:00
2026-06-17,135398611,1374,0,139.7409679618,-139.7409679618,-139.7409679618,0E-7,2,2,0.49994810000000000,0.499948100000,-1.4140667746232096,-1.4140667746232096,-1.4140667746232096,0E-17,ELIGIBLE,R03b_20260811_FULL_v1,L1_ELIGIBILITY,v2026-08-11,2026-03-21..2026-08-06,baccarat_bet02_101_all_pairs_incl_sentinel,round_win = game_pnl > 0 (decisive only),COMPATIBILITY_ONLY_NOT_PRODUCTION,519274.8434,465718.2974,168.8526,6121,6023,-0.00032517,0.01119525,-0.01075540,-0.00032517,-168.8526,519274.8434,OK,0.0000,6.7541,4.0000,96.0000,AG03-UNRESOLVED,ALL5_LEVELS_bet23_to_bet27,6.7541,6.7541,6.7541,8.4426,0.0000,4.000000,4.000000,4.000000,5.000000,0.000000,96.000000,96.000000,96.000000,95.000000,100.000000,5.0,28.7049,26.9321,140.1477,141.9205,PENDING_AG03,FALSE,NOT_FOR_ENFORCEMENT,162.0985,447089.5655,168.8526,162.0985,6.7541,0.00032517,0.00031216,6.7541,162.0985,0.00031216,6.7541,6.7541,6.7541,8.4426,0.0000,162.0985,0.00031216,28.7049,26.9321,140.1477,141.9205,0.00026989,0.00027331,0.00001301,84.8350,77.3233,0.0280,5.6284,0.3838,17309.1614,200.7667,91.2509,79.7578,34.0832,58.2266,102.2495,170.4158,241.2244,332.7233,51.1247,0.0,4.142857,5.714285,1.45698,29,141,174,4,0.47516736,0.00032517,-0.01119525,0E-8,0.000000,0.896863,0.000000,0.02195065,2026-06-03,2026-08-03,30,440,303,62,0.483871,1.144100,1.075628,1.583891,,,,,,,,GLOBAL_BASELINE_NO_ENTITY_RANKING,,,NOT_APPLICABLE_GLOBAL_BASELINE,HF9g-P5,,,,X 全窗基线 · 不参与实体赏罚,6879115,688,A168_HF9F_20260827_0900,2026-08-27 09:00:00
2026-06-17,135398611,1385,0,85.2079072938,0E-10,0E-10,,1,1,0.50665070000000000,0.506650700000,,,,0E-17,NO_DECISIVE_ROUND,R03b_20260811_FULL_v1,L1_ELIGIBILITY,v2026-08-11,2026-03-21..2026-08-06,baccarat_bet02_101_all_pairs_incl_sentinel,round_win = game_pnl > 0 (decisive only),COMPATIBILITY_ONLY_NOT_PRODUCTION,519274.8434,465718.2974,168.8526,6121,6023,-0.00032517,0.01119525,-0.01075540,-0.00032517,-168.8526,519274.8434,OK,0.0000,6.7541,4.0000,96.0000,AG03-UNRESOLVED,ALL5_LEVELS_bet23_to_bet27,6.7541,6.7541,6.7541,8.4426,0.0000,4.000000,4.000000,4.000000,5.000000,0.000000,96.000000,96.000000,96.000000,95.000000,100.000000,5.0,28.7049,26.9321,140.1477,141.9205,PENDING_AG03,FALSE,NOT_FOR_ENFORCEMENT,162.0985,447089.5655,168.8526,162.0985,6.7541,0.00032517,0.00031216,6.7541,162.0985,0.00031216,6.7541,6.7541,6.7541,8.4426,0.0000,162.0985,0.00031216,28.7049,26.9321,140.1477,141.9205,0.00026989,0.00027331,0.00001301,84.8350,77.3233,0.0280,5.6284,0.3838,17309.1614,200.7667,91.2509,79.7578,34.0832,58.2266,102.2495,170.4158,241.2244,332.7233,51.1247,0.0,4.142857,5.714285,1.45698,29,141,174,4,0.47516736,0.00032517,-0.01119525,0E-8,0.000000,0.896863,0.000000,0.02195065,2026-06-03,2026-08-03,30,440,303,62,0.483871,1.144100,1.075628,1.583891,,,,,,,,GLOBAL_BASELINE_NO_ENTITY_RANKING,,,NOT_APPLICABLE_GLOBAL_BASELINE,HF9g-P5,,,,X 全窗基线 · 不参与实体赏罚,6879116,688,A168_HF9F_20260827_0900,2026-08-27 09:00:00
2026-06-17,135398611,1400,0,702.1131561010,-97.3074301295,-97.3074301295,0.5000000,8,8,0.50497505000000000,0.504975050000,-0.028144525985643355,-0.028144525985643355,-0.028144525985643355,0E-17,ELIGIBLE,R03b_20260811_FULL_v1,L1_ELIGIBILITY,v2026-08-11,2026-03-21..2026-08-06,baccarat_bet02_101_all_pairs_incl_sentinel,round_win = game_pnl > 0 (decisive only),COMPATIBILITY_ONLY_NOT_PRODUCTION,519274.8434,465718.2974,168.8526,6121,6023,-0.00032517,0.01119525,-0.01075540,-0.00032517,-168.8526,519274.8434,OK,0.0000,6.7541,4.0000,96.0000,AG03-UNRESOLVED,ALL5_LEVELS_bet23_to_bet27,6.7541,6.7541,6.7541,8.4426,0.0000,4.000000,4.000000,4.000000,5.000000,0.000000,96.000000,96.000000,96.000000,95.000000,100.000000,5.0,28.7049,26.9321,140.1477,141.9205,PENDING_AG03,FALSE,NOT_FOR_ENFORCEMENT,162.0985,447089.5655,168.8526,162.0985,6.7541,0.00032517,0.00031216,6.7541,162.0985,0.00031216,6.7541,6.7541,6.7541,8.4426,0.0000,162.0985,0.00031216,28.7049,26.9321,140.1477,141.9205,0.00026989,0.00027331,0.00001301,84.8350,77.3233,0.0280,5.6284,0.3838,17309.1614,200.7667,91.2509,79.7578,34.0832,58.2266,102.2495,170.4158,241.2244,332.7233,51.1247,0.0,4.142857,5.714285,1.45698,29,141,174,4,0.47516736,0.00032517,-0.01119525,0E-8,0.000000,0.896863,0.000000,0.02195065,2026-06-03,2026-08-03,30,440,303,62,0.483871,1.144100,1.075628,1.583891,,,,,,,,GLOBAL_BASELINE_NO_ENTITY_RANKING,,,NOT_APPLICABLE_GLOBAL_BASELINE,HF9g-P5,,,,X 全窗基线 · 不参与实体赏罚,6879117,688,A168_HF9F_20260827_0900,2026-08-27 09:00:00
2026-06-17,135398611,1401,0,601.5678254943,86.3156100887,86.3156100887,0.6250000,8,8,0.50665070000000000,0.506650700000,0.6695439735338472,0.6695439735338472,0.6695439735338472,0E-17,ELIGIBLE,R03b_20260811_FULL_v1,L1_ELIGIBILITY,v2026-08-11,2026-03-21..2026-08-06,baccarat_bet02_101_all_pairs_incl_sentinel,round_win = game_pnl > 0 (decisive only),COMPATIBILITY_ONLY_NOT_PRODUCTION,519274.8434,465718.2974,168.8526,6121,6023,-0.00032517,0.01119525,-0.01075540,-0.00032517,-168.8526,519274.8434,OK,0.0000,6.7541,4.0000,96.0000,AG03-UNRESOLVED,ALL5_LEVELS_bet23_to_bet27,6.7541,6.7541,6.7541,8.4426,0.0000,4.000000,4.000000,4.000000,5.000000,0.000000,96.000000,96.000000,96.000000,95.000000,100.000000,5.0,28.7049,26.9321,140.1477,141.9205,PENDING_AG03,FALSE,NOT_FOR_ENFORCEMENT,162.0985,447089.5655,168.8526,162.0985,6.7541,0.00032517,0.00031216,6.7541,162.0985,0.00031216,6.7541,6.7541,6.7541,8.4426,0.0000,162.0985,0.00031216,28.7049,26.9321,140.1477,141.9205,0.00026989,0.00027331,0.00001301,84.8350,77.3233,0.0280,5.6284,0.3838,17309.1614,200.7667,91.2509,79.7578,34.0832,58.2266,102.2495,170.4158,241.2244,332.7233,51.1247,0.0,4.142857,5.714285,1.45698,29,141,174,4,0.47516736,0.00032517,-0.01119525,0E-8,0.000000,0.896863,0.000000,0.02195065,2026-06-03,2026-08-03,30,440,303,62,0.483871,1.144100,1.075628,1.583891,,,,,,,,GLOBAL_BASELINE_NO_ENTITY_RANKING,,,NOT_APPLICABLE_GLOBAL_BASELINE,HF9g-P5,,,,X 全窗基线 · 不参与实体赏罚,6879118,688,A168_HF9F_20260827_0900,2026-08-27 09:00:00
2026-06-17,135398611,1505,0,969.6659850034,-307.4301295161,-307.4301295161,0.3000000,12,12,0.50329940000000000,0.503299400000,-1.2858062968745143,-1.2858062968745145,-1.2858062968745143,0E-17,ELIGIBLE,R03b_20260811_FULL_v1,L1_ELIGIBILITY,v2026-08-11,2026-03-21..2026-08-06,baccarat_bet02_101_all_pairs_incl_sentinel,round_win = game_pnl > 0 (decisive only),COMPATIBILITY_ONLY_NOT_PRODUCTION,519274.8434,465718.2974,168.8526,6121,6023,-0.00032517,0.01119525,-0.01075540,-0.00032517,-168.8526,519274.8434,OK,0.0000,6.7541,4.0000,96.0000,AG03-UNRESOLVED,ALL5_LEVELS_bet23_to_bet27,6.7541,6.7541,6.7541,8.4426,0.0000,4.000000,4.000000,4.000000,5.000000,0.000000,96.000000,96.000000,96.000000,95.000000,100.000000,5.0,28.7049,26.9321,140.1477,141.9205,PENDING_AG03,FALSE,NOT_FOR_ENFORCEMENT,162.0985,447089.5655,168.8526,162.0985,6.7541,0.00032517,0.00031216,6.7541,162.0985,0.00031216,6.7541,6.7541,6.7541,8.4426,0.0000,162.0985,0.00031216,28.7049,26.9321,140.1477,141.9205,0.00026989,0.00027331,0.00001301,84.8350,77.3233,0.0280,5.6284,0.3838,17309.1614,200.7667,91.2509,79.7578,34.0832,58.2266,102.2495,170.4158,241.2244,332.7233,51.1247,0.0,4.142857,5.714285,1.45698,29,141,174,4,0.47516736,0.00032517,-0.01119525,0E-8,0.000000,0.896863,0.000000,0.02195065,2026-06-03,2026-08-03,30,440,303,62,0.483871,1.144100,1.075628,1.583891,,,,,,,,GLOBAL_BASELINE_NO_ENTITY_RANKING,,,NOT_APPLICABLE_GLOBAL_BASELINE,HF9g-P5,,,,X 全窗基线 · 不参与实体赏罚,6879119,688,A168_HF9F_20260827_0900,2026-08-27 09:00:00
2026-06-17,135398611,1935,0,269.2569870483,-168.7116564417,-168.7116564417,0.1666667,7,7,0.49899058571428571,0.498990585714,-1.6280513796797877,-1.6280513796783902,-1.6280513796797877,2.8571E-13,ELIGIBLE,R03b_20260811_FULL_v1,L1_ELIGIBILITY,v2026-08-11,2026-03-21..2026-08-06,baccarat_bet02_101_all_pairs_incl_sentinel,round_win = game_pnl > 0 (decisive only),COMPATIBILITY_ONLY_NOT_PRODUCTION,519274.8434,465718.2974,168.8526,6121,6023,-0.00032517,0.01119525,-0.01075540,-0.00032517,-168.8526,519274.8434,OK,0.0000,6.7541,4.0000,96.0000,AG03-UNRESOLVED,ALL5_LEVELS_bet23_to_bet27,6.7541,6.7541,6.7541,8.4426,0.0000,4.000000,4.000000,4.000000,5.000000,0.000000,96.000000,96.000000,96.000000,95.000000,100.000000,5.0,28.7049,26.9321,140.1477,141.9205,PENDING_AG03,FALSE,NOT_FOR_ENFORCEMENT,162.0985,447089.5655,168.8526,162.0985,6.7541,0.00032517,0.00031216,6.7541,162.0985,0.00031216,6.7541,6.7541,6.7541,8.4426,0.0000,162.0985,0.00031216,28.7049,26.9321,140.1477,141.9205,0.00026989,0.00027331,0.00001301,84.8350,77.3233,0.0280,5.6284,0.3838,17309.1614,200.7667,91.2509,79.7578,34.0832,58.2266,102.2495,170.4158,241.2244,332.7233,51.1247,0.0,4.142857,5.714285,1.45698,29,141,174,4,0.47516736,0.00032517,-0.01119525,0E-8,0.000000,0.896863,0.000000,0.02195065,2026-06-03,2026-08-03,30,440,303,62,0.483871,1.144100,1.075628,1.583891,,,,,,,,GLOBAL_BASELINE_NO_ENTITY_RANKING,,,NOT_APPLICABLE_GLOBAL_BASELINE,HF9g-P5,,,,X 全窗基线 · 不参与实体赏罚,6879120,688,A168_HF9F_20260827_0900,2026-08-27 09:00:00
2026-06-17,135398611,1951,0,114.1785957737,111.6223585549,111.6223585549,1.0000000,2,2,0.49994810000000000,0.499948100000,1.4143603653603398,1.4143603653603398,1.4143603653603398,0E-17,ELIGIBLE,R03b_20260811_FULL_v1,L1_ELIGIBILITY,v2026-08-11,2026-03-21..2026-08-06,baccarat_bet02_101_all_pairs_incl_sentinel,round_win = game_pnl > 0 (decisive only),COMPATIBILITY_ONLY_NOT_PRODUCTION,519274.8434,465718.2974,168.8526,6121,6023,-0.00032517,0.01119525,-0.01075540,-0.00032517,-168.8526,519274.8434,OK,0.0000,6.7541,4.0000,96.0000,AG03-UNRESOLVED,ALL5_LEVELS_bet23_to_bet27,6.7541,6.7541,6.7541,8.4426,0.0000,4.000000,4.000000,4.000000,5.000000,0.000000,96.000000,96.000000,96.000000,95.000000,100.000000,5.0,28.7049,26.9321,140.1477,141.9205,PENDING_AG03,FALSE,NOT_FOR_ENFORCEMENT,162.0985,447089.5655,168.8526,162.0985,6.7541,0.00032517,0.00031216,6.7541,162.0985,0.00031216,6.7541,6.7541,6.7541,8.4426,0.0000,162.0985,0.00031216,28.7049,26.9321,140.1477,141.9205,0.00026989,0.00027331,0.00001301,84.8350,77.3233,0.0280,5.6284,0.3838,17309.1614,200.7667,91.2509,79.7578,34.0832,58.2266,102.2495,170.4158,241.2244,332.7233,51.1247,0.0,4.142857,5.714285,1.45698,29,141,174,4,0.47516736,0.00032517,-0.01119525,0E-8,0.000000,0.896863,0.000000,0.02195065,2026-06-03,2026-08-03,30,440,303,62,0.483871,1.144100,1.075628,1.583891,,,,,,,,GLOBAL_BASELINE_NO_ENTITY_RANKING,,,NOT_APPLICABLE_GLOBAL_BASELINE,HF9g-P5,,,,X 全窗基线 · 不参与实体赏罚,6879121,688,A168_HF9F_20260827_0900,2026-08-27 09:00:00
2026-06-17,135398611,1994,0,2736.8779822768,-255.2828902523,-255.2828902523,0.4166667,37,37,0.49904234324324324,0.499042343243,-0.9885099320582779,-0.98850993205536,-0.9885099320582779,2.4324E-13,ELIGIBLE,R03b_20260811_FULL_v1,L1_ELIGIBILITY,v2026-08-11,2026-03-21..2026-08-06,baccarat_bet02_101_all_pairs_incl_sentinel,round_win = game_pnl > 0 (decisive only),COMPATIBILITY_ONLY_NOT_PRODUCTION,519274.8434,465718.2974,168.8526,6121,6023,-0.00032517,0.01119525,-0.01075540,-0.00032517,-168.8526,519274.8434,OK,0.0000,6.7541,4.0000,96.0000,AG03-UNRESOLVED,ALL5_LEVELS_bet23_to_bet27,6.7541,6.7541,6.7541,8.4426,0.0000,4.000000,4.000000,4.000000,5.000000,0.000000,96.000000,96.000000,96.000000,95.000000,100.000000,5.0,28.7049,26.9321,140.1477,141.9205,PENDING_AG03,FALSE,NOT_FOR_ENFORCEMENT,162.0985,447089.5655,168.8526,162.0985,6.7541,0.00032517,0.00031216,6.7541,162.0985,0.00031216,6.7541,6.7541,6.7541,8.4426,0.0000,162.0985,0.00031216,28.7049,26.9321,140.1477,141.9205,0.00026989,0.00027331,0.00001301,84.8350,77.3233,0.0280,5.6284,0.3838,17309.1614,200.7667,91.2509,79.7578,34.0832,58.2266,102.2495,170.4158,241.2244,332.7233,51.1247,0.0,4.142857,5.714285,1.45698,29,141,174,4,0.47516736,0.00032517,-0.01119525,0E-8,0.000000,0.896863,0.000000,0.02195065,2026-06-03,2026-08-03,30,440,303,62,0.483871,1.144100,1.075628,1.583891,,,,,,,,GLOBAL_BASELINE_NO_ENTITY_RANKING,,,NOT_APPLICABLE_GLOBAL_BASELINE,HF9g-P5,,,,X 全窗基线 · 不参与实体赏罚,6879122,688,A168_HF9F_20260827_0900,2026-08-27 09:00:00
2026-06-17,135398611,2106,0,17.0415814588,16.1895023858,16.1895023858,1.0000000,1,1,0.50665070000000000,0.506650700000,0.9867858985152569,0.9867858985152569,0.9867858985152569,0E-17,ELIGIBLE,R03b_20260811_FULL_v1,L1_ELIGIBILITY,v2026-08-11,2026-03-21..2026-08-06,baccarat_bet02_101_all_pairs_incl_sentinel,round_win = game_pnl > 0 (decisive only),COMPATIBILITY_ONLY_NOT_PRODUCTION,519274.8434,465718.2974,168.8526,6121,6023,-0.00032517,0.01119525,-0.01075540,-0.00032517,-168.8526,519274.8434,OK,0.0000,6.7541,4.0000,96.0000,AG03-UNRESOLVED,ALL5_LEVELS_bet23_to_bet27,6.7541,6.7541,6.7541,8.4426,0.0000,4.000000,4.000000,4.000000,5.000000,0.000000,96.000000,96.000000,96.000000,95.000000,100.000000,5.0,28.7049,26.9321,140.1477,141.9205,PENDING_AG03,FALSE,NOT_FOR_ENFORCEMENT,162.0985,447089.5655,168.8526,162.0985,6.7541,0.00032517,0.00031216,6.7541,162.0985,0.00031216,6.7541,6.7541,6.7541,8.4426,0.0000,162.0985,0.00031216,28.7049,26.9321,140.1477,141.9205,0.00026989,0.00027331,0.00001301,84.8350,77.3233,0.0280,5.6284,0.3838,17309.1614,200.7667,91.2509,79.7578,34.0832,58.2266,102.2495,170.4158,241.2244,332.7233,51.1247,0.0,4.142857,5.714285,1.45698,29,141,174,4,0.47516736,0.00032517,-0.01119525,0E-8,0.000000,0.896863,0.000000,0.02195065,2026-06-03,2026-08-03,30,440,303,62,0.483871,1.144100,1.075628,1.583891,,,,,,,,GLOBAL_BASELINE_NO_ENTITY_RANKING,,,NOT_APPLICABLE_GLOBAL_BASELINE,HF9g-P5,,,,X 全窗基线 · 不参与实体赏罚,6879123,688,A168_HF9F_20260827_0900,2026-08-27 09:00:00
2026-06-17,135398611,2130,0,85.2079072938,-85.2079072938,-85.2079072938,0E-7,1,1,0.49324550000000000,0.493245500000,-0.9865810262130424,-0.9865810262130424,-0.9865810262130424,0E-17,ELIGIBLE,R03b_20260811_FULL_v1,L1_ELIGIBILITY,v2026-08-11,2026-03-21..2026-08-06,baccarat_bet02_101_all_pairs_incl_sentinel,round_win = game_pnl > 0 (decisive only),COMPATIBILITY_ONLY_NOT_PRODUCTION,519274.8434,465718.2974,168.8526,6121,6023,-0.00032517,0.01119525,-0.01075540,-0.00032517,-168.8526,519274.8434,OK,0.0000,6.7541,4.0000,96.0000,AG03-UNRESOLVED,ALL5_LEVELS_bet23_to_bet27,6.7541,6.7541,6.7541,8.4426,0.0000,4.000000,4.000000,4.000000,5.000000,0.000000,96.000000,96.000000,96.000000,95.000000,100.000000,5.0,28.7049,26.9321,140.1477,141.9205,PENDING_AG03,FALSE,NOT_FOR_ENFORCEMENT,162.0985,447089.5655,168.8526,162.0985,6.7541,0.00032517,0.00031216,6.7541,162.0985,0.00031216,6.7541,6.7541,6.7541,8.4426,0.0000,162.0985,0.00031216,28.7049,26.9321,140.1477,141.9205,0.00026989,0.00027331,0.00001301,84.8350,77.3233,0.0280,5.6284,0.3838,17309.1614,200.7667,91.2509,79.7578,34.0832,58.2266,102.2495,170.4158,241.2244,332.7233,51.1247,0.0,4.142857,5.714285,1.45698,29,141,174,4,0.47516736,0.00032517,-0.01119525,0E-8,0.000000,0.896863,0.000000,0.02195065,2026-06-03,2026-08-03,30,440,303,62,0.483871,1.144100,1.075628,1.583891,,,,,,,,GLOBAL_BASELINE_NO_ENTITY_RANKING,,,NOT_APPLICABLE_GLOBAL_BASELINE,HF9g-P5,,,,X 全窗基线 · 不参与实体赏罚,6879124,688,A168_HF9F_20260827_0900,2026-08-27 09:00:00
2026-06-17,135398611,2152,0,628.8343558282,-170.2453987730,-170.2453987730,0.3333333,6,6,0.50441650000000000,0.504416500000,-0.838165622096103,-0.838165622096103,-0.838165622096103,0E-17,ELIGIBLE,R03b_20260811_FULL_v1,L1_ELIGIBILITY,v2026-08-11,2026-03-21..2026-08-06,baccarat_bet02_101_all_pairs_incl_sentinel,round_win = game_pnl > 0 (decisive only),COMPATIBILITY_ONLY_NOT_PRODUCTION,519274.8434,465718.2974,168.8526,6121,6023,-0.00032517,0.01119525,-0.01075540,-0.00032517,-168.8526,519274.8434,OK,0.0000,6.7541,4.0000,96.0000,AG03-UNRESOLVED,ALL5_LEVELS_bet23_to_bet27,6.7541,6.7541,6.7541,8.4426,0.0000,4.000000,4.000000,4.000000,5.000000,0.000000,96.000000,96.000000,96.000000,95.000000,100.000000,5.0,28.7049,26.9321,140.1477,141.9205,PENDING_AG03,FALSE,NOT_FOR_ENFORCEMENT,162.0985,447089.5655,168.8526,162.0985,6.7541,0.00032517,0.00031216,6.7541,162.0985,0.00031216,6.7541,6.7541,6.7541,8.4426,0.0000,162.0985,0.00031216,28.7049,26.9321,140.1477,141.9205,0.00026989,0.00027331,0.00001301,84.8350,77.3233,0.0280,5.6284,0.3838,17309.1614,200.7667,91.2509,79.7578,34.0832,58.2266,102.2495,170.4158,241.2244,332.7233,51.1247,0.0,4.142857,5.714285,1.45698,29,141,174,4,0.47516736,0.00032517,-0.01119525,0E-8,0.000000,0.896863,0.000000,0.02195065,2026-06-03,2026-08-03,30,440,303,62,0.483871,1.144100,1.075628,1.583891,,,,,,,,GLOBAL_BASELINE_NO_ENTITY_RANKING,,,NOT_APPLICABLE_GLOBAL_BASELINE,HF9g-P5,,,,X 全窗基线 · 不参与实体赏罚,6879125,688,A168_HF9F_20260827_0900,2026-08-27 09:00:00
2026-06-17,135398611,2167,0,412.4062713018,2.9822767554,2.9822767554,0.5000000,10,10,0.49994810000000000,0.499948100000,0.0003282444228938027,0.0003282444228938027,0.0003282444228938027,0E-17,ELIGIBLE,R03b_20260811_FULL_v1,L1_ELIGIBILITY,v2026-08-11,2026-03-21..2026-08-06,baccarat_bet02_101_all_pairs_incl_sentinel,round_win = game_pnl > 0 (decisive only),COMPATIBILITY_ONLY_NOT_PRODUCTION,519274.8434,465718.2974,168.8526,6121,6023,-0.00032517,0.01119525,-0.01075540,-0.00032517,-168.8526,519274.8434,OK,0.0000,6.7541,4.0000,96.0000,AG03-UNRESOLVED,ALL5_LEVELS_bet23_to_bet27,6.7541,6.7541,6.7541,8.4426,0.0000,4.000000,4.000000,4.000000,5.000000,0.000000,96.000000,96.000000,96.000000,95.000000,100.000000,5.0,28.7049,26.9321,140.1477,141.9205,PENDING_AG03,FALSE,NOT_FOR_ENFORCEMENT,162.0985,447089.5655,168.8526,162.0985,6.7541,0.00032517,0.00031216,6.7541,162.0985,0.00031216,6.7541,6.7541,6.7541,8.4426,0.0000,162.0985,0.00031216,28.7049,26.9321,140.1477,141.9205,0.00026989,0.00027331,0.00001301,84.8350,77.3233,0.0280,5.6284,0.3838,17309.1614,200.7667,91.2509,79.7578,34.0832,58.2266,102.2495,170.4158,241.2244,332.7233,51.1247,0.0,4.142857,5.714285,1.45698,29,141,174,4,0.47516736,0.00032517,-0.01119525,0E-8,0.000000,0.896863,0.000000,0.02195065,2026-06-03,2026-08-03,30,440,303,62,0.483871,1.144100,1.075628,1.583891,,,,,,,,GLOBAL_BASELINE_NO_ENTITY_RANKING,,,NOT_APPLICABLE_GLOBAL_BASELINE,HF9g-P5,,,,X 全窗基线 · 不参与实体赏罚,6879126,688,A168_HF9F_20260827_0900,2026-08-27 09:00:00
2026-06-17,135398611,2170,0,853.7832310839,-294.6489434220,-294.6489434220,0.3333333,13,13,0.50252602307692308,0.502526023077,-1.1722162990541325,-1.1722162990546665,-1.1722162990541325,-7.692E-14,ELIGIBLE,R03b_20260811_FULL_v1,L1_ELIGIBILITY,v2026-08-11,2026-03-21..2026-08-06,baccarat_bet02_101_all_pairs_incl_sentinel,round_win = game_pnl > 0 (decisive only),COMPATIBILITY_ONLY_NOT_PRODUCTION,519274.8434,465718.2974,168.8526,6121,6023,-0.00032517,0.01119525,-0.01075540,-0.00032517,-168.8526,519274.8434,OK,0.0000,6.7541,4.0000,96.0000,AG03-UNRESOLVED,ALL5_LEVELS_bet23_to_bet27,6.7541,6.7541,6.7541,8.4426,0.0000,4.000000,4.000000,4.000000,5.000000,0.000000,96.000000,96.000000,96.000000,95.000000,100.000000,5.0,28.7049,26.9321,140.1477,141.9205,PENDING_AG03,FALSE,NOT_FOR_ENFORCEMENT,162.0985,447089.5655,168.8526,162.0985,6.7541,0.00032517,0.00031216,6.7541,162.0985,0.00031216,6.7541,6.7541,6.7541,8.4426,0.0000,162.0985,0.00031216,28.7049,26.9321,140.1477,141.9205,0.00026989,0.00027331,0.00001301,84.8350,77.3233,0.0280,5.6284,0.3838,17309.1614,200.7667,91.2509,79.7578,34.0832,58.2266,102.2495,170.4158,241.2244,332.7233,51.1247,0.0,4.142857,5.714285,1.45698,29,141,174,4,0.47516736,0.00032517,-0.01119525,0E-8,0.000000,0.896863,0.000000,0.02195065,2026-06-03,2026-08-03,30,440,303,62,0.483871,1.144100,1.075628,1.583891,,,,,,,,GLOBAL_BASELINE_NO_ENTITY_RANKING,,,NOT_APPLICABLE_GLOBAL_BASELINE,HF9g-P5,,,,X 全窗基线 · 不参与实体赏罚,6879127,688,A168_HF9F_20260827_0900,2026-08-27 09:00:00
2026-06-17,135398611,2222,0,85.2079072938,-85.2079072938,-85.2079072938,0E-7,1,1,0.49324550000000000,0.493245500000,-0.9865810262130424,-0.9865810262130424,-0.9865810262130424,0E-17,ELIGIBLE,R03b_20260811_FULL_v1,L1_ELIGIBILITY,v2026-08-11,2026-03-21..2026-08-06,baccarat_bet02_101_all_pairs_incl_sentinel,round_win = game_pnl > 0 (decisive only),COMPATIBILITY_ONLY_NOT_PRODUCTION,519274.8434,465718.2974,168.8526,6121,6023,-0.00032517,0.01119525,-0.01075540,-0.00032517,-168.8526,519274.8434,OK,0.0000,6.7541,4.0000,96.0000,AG03-UNRESOLVED,ALL5_LEVELS_bet23_to_bet27,6.7541,6.7541,6.7541,8.4426,0.0000,4.000000,4.000000,4.000000,5.000000,0.000000,96.000000,96.000000,96.000000,95.000000,100.000000,5.0,28.7049,26.9321,140.1477,141.9205,PENDING_AG03,FALSE,NOT_FOR_ENFORCEMENT,162.0985,447089.5655,168.8526,162.0985,6.7541,0.00032517,0.00031216,6.7541,162.0985,0.00031216,6.7541,6.7541,6.7541,8.4426,0.0000,162.0985,0.00031216,28.7049,26.9321,140.1477,141.9205,0.00026989,0.00027331,0.00001301,84.8350,77.3233,0.0280,5.6284,0.3838,17309.1614,200.7667,91.2509,79.7578,34.0832,58.2266,102.2495,170.4158,241.2244,332.7233,51.1247,0.0,4.142857,5.714285,1.45698,29,141,174,4,0.47516736,0.00032517,-0.01119525,0E-8,0.000000,0.896863,0.000000,0.02195065,2026-06-03,2026-08-03,30,440,303,62,0.483871,1.144100,1.075628,1.583891,,,,,,,,GLOBAL_BASELINE_NO_ENTITY_RANKING,,,NOT_APPLICABLE_GLOBAL_BASELINE,HF9g-P5,,,,X 全窗基线 · 不参与实体赏罚,6879128,688,A168_HF9F_20260827_0900,2026-08-27 09:00:00
2026-06-17,135398611,2239,0,68.1663258350,-68.1663258350,-68.1663258350,0E-7,1,1,0.49324550000000000,0.493245500000,-0.9865810262130424,-0.9865810262130424,-0.9865810262130424,0E-17,ELIGIBLE,R03b_20260811_FULL_v1,L1_ELIGIBILITY,v2026-08-11,2026-03-21..2026-08-06,baccarat_bet02_101_all_pairs_incl_sentinel,round_win = game_pnl > 0 (decisive only),COMPATIBILITY_ONLY_NOT_PRODUCTION,519274.8434,465718.2974,168.8526,6121,6023,-0.00032517,0.01119525,-0.01075540,-0.00032517,-168.8526,519274.8434,OK,0.0000,6.7541,4.0000,96.0000,AG03-UNRESOLVED,ALL5_LEVELS_bet23_to_bet27,6.7541,6.7541,6.7541,8.4426,0.0000,4.000000,4.000000,4.000000,5.000000,0.000000,96.000000,96.000000,96.000000,95.000000,100.000000,5.0,28.7049,26.9321,140.1477,141.9205,PENDING_AG03,FALSE,NOT_FOR_ENFORCEMENT,162.0985,447089.5655,168.8526,162.0985,6.7541,0.00032517,0.00031216,6.7541,162.0985,0.00031216,6.7541,6.7541,6.7541,8.4426,0.0000,162.0985,0.00031216,28.7049,26.9321,140.1477,141.9205,0.00026989,0.00027331,0.00001301,84.8350,77.3233,0.0280,5.6284,0.3838,17309.1614,200.7667,91.2509,79.7578,34.0832,58.2266,102.2495,170.4158,241.2244,332.7233,51.1247,0.0,4.142857,5.714285,1.45698,29,141,174,4,0.47516736,0.00032517,-0.01119525,0E-8,0.000000,0.896863,0.000000,0.02195065,2026-06-03,2026-08-03,30,440,303,62,0.483871,1.144100,1.075628,1.583891,,,,,,,,GLOBAL_BASELINE_NO_ENTITY_RANKING,,,NOT_APPLICABLE_GLOBAL_BASELINE,HF9g-P5,,,,X 全窗基线 · 不参与实体赏罚,6879129,688,A168_HF9F_20260827_0900,2026-08-27 09:00:00
2026-06-17,135398611,2250,0,637.3551465575,46.8643490115,46.8643490115,0.5384615,15,15,0.50039494000000000,0.500394940000,0.27450223090356474,0.27450223090356474,0.27450223090356474,0E-17,ELIGIBLE,R03b_20260811_FULL_v1,L1_ELIGIBILITY,v2026-08-11,2026-03-21..2026-08-06,baccarat_bet02_101_all_pairs_incl_sentinel,round_win = game_pnl > 0 (decisive only),COMPATIBILITY_ONLY_NOT_PRODUCTION,519274.8434,465718.2974,168.8526,6121,6023,-0.00032517,0.01119525,-0.01075540,-0.00032517,-168.8526,519274.8434,OK,0.0000,6.7541,4.0000,96.0000,AG03-UNRESOLVED,ALL5_LEVELS_bet23_to_bet27,6.7541,6.7541,6.7541,8.4426,0.0000,4.000000,4.000000,4.000000,5.000000,0.000000,96.000000,96.000000,96.000000,95.000000,100.000000,5.0,28.7049,26.9321,140.1477,141.9205,PENDING_AG03,FALSE,NOT_FOR_ENFORCEMENT,162.0985,447089.5655,168.8526,162.0985,6.7541,0.00032517,0.00031216,6.7541,162.0985,0.00031216,6.7541,6.7541,6.7541,8.4426,0.0000,162.0985,0.00031216,28.7049,26.9321,140.1477,141.9205,0.00026989,0.00027331,0.00001301,84.8350,77.3233,0.0280,5.6284,0.3838,17309.1614,200.7667,91.2509,79.7578,34.0832,58.2266,102.2495,170.4158,241.2244,332.7233,51.1247,0.0,4.142857,5.714285,1.45698,29,141,174,4,0.47516736,0.00032517,-0.01119525,0E-8,0.000000,0.896863,0.000000,0.02195065,2026-06-03,2026-08-03,30,440,303,62,0.483871,1.144100,1.075628,1.583891,,,,,,,,GLOBAL_BASELINE_NO_ENTITY_RANKING,,,NOT_APPLICABLE_GLOBAL_BASELINE,HF9g-P5,,,,X 全窗基线 · 不参与实体赏罚,6879130,688,A168_HF9F_20260827_0900,2026-08-27 09:00:00
2026-06-17,135398611,2256,0,204.4989775051,-204.4989775051,-204.4989775051,0E-7,2,2,0.50665070000000000,0.506650700000,-1.4331513700195317,-1.4331513700195317,-1.4331513700195317,0E-17,ELIGIBLE,R03b_20260811_FULL_v1,L1_ELIGIBILITY,v2026-08-11,2026-03-21..2026-08-06,baccarat_bet02_101_all_pairs_incl_sentinel,round_win = game_pnl > 0 (decisive only),COMPATIBILITY_ONLY_NOT_PRODUCTION,519274.8434,465718.2974,168.8526,6121,6023,-0.00032517,0.01119525,-0.01075540,-0.00032517,-168.8526,519274.8434,OK,0.0000,6.7541,4.0000,96.0000,AG03-UNRESOLVED,ALL5_LEVELS_bet23_to_bet27,6.7541,6.7541,6.7541,8.4426,0.0000,4.000000,4.000000,4.000000,5.000000,0.000000,96.000000,96.000000,96.000000,95.000000,100.000000,5.0,28.7049,26.9321,140.1477,141.9205,PENDING_AG03,FALSE,NOT_FOR_ENFORCEMENT,162.0985,447089.5655,168.8526,162.0985,6.7541,0.00032517,0.00031216,6.7541,162.0985,0.00031216,6.7541,6.7541,6.7541,8.4426,0.0000,162.0985,0.00031216,28.7049,26.9321,140.1477,141.9205,0.00026989,0.00027331,0.00001301,84.8350,77.3233,0.0280,5.6284,0.3838,17309.1614,200.7667,91.2509,79.7578,34.0832,58.2266,102.2495,170.4158,241.2244,332.7233,51.1247,0.0,4.142857,5.714285,1.45698,29,141,174,4,0.47516736,0.00032517,-0.01119525,0E-8,0.000000,0.896863,0.000000,0.02195065,2026-06-03,2026-08-03,30,440,303,62,0.483871,1.144100,1.075628,1.583891,,,,,,,,GLOBAL_BASELINE_NO_ENTITY_RANKING,,,NOT_APPLICABLE_GLOBAL_BASELINE,HF9g-P5,,,,X 全窗基线 · 不参与实体赏罚,6879131,688,A168_HF9F_20260827_0900,2026-08-27 09:00:00
2026-06-17,135398611,2267,0,2131.9018404909,341.0872528973,341.0872528973,0.5652174,27,27,0.49870687777777778,0.498706877778,0.6379485683190905,0.6379485683169583,0.6379485683190905,-2.2222E-13,ELIGIBLE,R03b_20260811_FULL_v1,L1_ELIGIBILITY,v2026-08-11,2026-03-21..2026-08-06,baccarat_bet02_101_all_pairs_incl_sentinel,round_win = game_pnl > 0 (decisive only),COMPATIBILITY_ONLY_NOT_PRODUCTION,519274.8434,465718.2974,168.8526,6121,6023,-0.00032517,0.01119525,-0.01075540,-0.00032517,-168.8526,519274.8434,OK,0.0000,6.7541,4.0000,96.0000,AG03-UNRESOLVED,ALL5_LEVELS_bet23_to_bet27,6.7541,6.7541,6.7541,8.4426,0.0000,4.000000,4.000000,4.000000,5.000000,0.000000,96.000000,96.000000,96.000000,95.000000,100.000000,5.0,28.7049,26.9321,140.1477,141.9205,PENDING_AG03,FALSE,NOT_FOR_ENFORCEMENT,162.0985,447089.5655,168.8526,162.0985,6.7541,0.00032517,0.00031216,6.7541,162.0985,0.00031216,6.7541,6.7541,6.7541,8.4426,0.0000,162.0985,0.00031216,28.7049,26.9321,140.1477,141.9205,0.00026989,0.00027331,0.00001301,84.8350,77.3233,0.0280,5.6284,0.3838,17309.1614,200.7667,91.2509,79.7578,34.0832,58.2266,102.2495,170.4158,241.2244,332.7233,51.1247,0.0,4.142857,5.714285,1.45698,29,141,174,4,0.47516736,0.00032517,-0.01119525,0E-8,0.000000,0.896863,0.000000,0.02195065,2026-06-03,2026-08-03,30,440,303,62,0.483871,1.144100,1.075628,1.583891,,,,,,,,GLOBAL_BASELINE_NO_ENTITY_RANKING,,,NOT_APPLICABLE_GLOBAL_BASELINE,HF9g-P5,,,,X 全窗基线 · 不参与实体赏罚,6879132,688,A168_HF9F_20260827_0900,2026-08-27 09:00:00
2026-06-17,135398611,789,0,204.4989775051,-34.0831629175,-34.0831629175,0.3333333,3,3,0.50218230000000000,0.502182300000,-0.5849155494134425,-0.5849155494134426,-0.5849155494134425,0E-17,ELIGIBLE,R03b_20260811_FULL_v1,L1_ELIGIBILITY,v2026-08-11,2026-03-21..2026-08-06,baccarat_bet02_101_all_pairs_incl_sentinel,round_win = game_pnl > 0 (decisive only),COMPATIBILITY_ONLY_NOT_PRODUCTION,519274.8434,465718.2974,168.8526,6121,6023,-0.00032517,0.01119525,-0.01075540,-0.00032517,-168.8526,519274.8434,OK,0.0000,6.7541,4.0000,96.0000,AG03-UNRESOLVED,ALL5_LEVELS_bet23_to_bet27,6.7541,6.7541,6.7541,8.4426,0.0000,4.000000,4.000000,4.000000,5.000000,0.000000,96.000000,96.000000,96.000000,95.000000,100.000000,5.0,28.7049,26.9321,140.1477,141.9205,PENDING_AG03,FALSE,NOT_FOR_ENFORCEMENT,162.0985,447089.5655,168.8526,162.0985,6.7541,0.00032517,0.00031216,6.7541,162.0985,0.00031216,6.7541,6.7541,6.7541,8.4426,0.0000,162.0985,0.00031216,28.7049,26.9321,140.1477,141.9205,0.00026989,0.00027331,0.00001301,84.8350,77.3233,0.0280,5.6284,0.3838,17309.1614,200.7667,91.2509,79.7578,34.0832,58.2266,102.2495,170.4158,241.2244,332.7233,51.1247,0.0,4.142857,5.714285,1.45698,29,141,174,4,0.47516736,0.00032517,-0.01119525,0E-8,0.000000,0.896863,0.000000,0.02195065,2026-06-03,2026-08-03,30,440,303,62,0.483871,1.144100,1.075628,1.583891,,,,,,,,GLOBAL_BASELINE_NO_ENTITY_RANKING,,,NOT_APPLICABLE_GLOBAL_BASELINE,HF9g-P5,,,,X 全窗基线 · 不参与实体赏罚,6879133,688,A168_HF9F_20260827_0900,2026-08-27 09:00:00
2026-06-17,135398611,994,0,2039.8773006136,-374.0627130198,-374.0627130198,0.4166667,25,25,0.49699895600000000,0.496998956000,-0.7871066528551925,-0.7871066528551925,-0.7871066528551925,0E-17,ELIGIBLE,R03b_20260811_FULL_v1,L1_ELIGIBILITY,v2026-08-11,2026-03-21..2026-08-06,baccarat_bet02_101_all_pairs_incl_sentinel,round_win = game_pnl > 0 (decisive only),COMPATIBILITY_ONLY_NOT_PRODUCTION,519274.8434,465718.2974,168.8526,6121,6023,-0.00032517,0.01119525,-0.01075540,-0.00032517,-168.8526,519274.8434,OK,0.0000,6.7541,4.0000,96.0000,AG03-UNRESOLVED,ALL5_LEVELS_bet23_to_bet27,6.7541,6.7541,6.7541,8.4426,0.0000,4.000000,4.000000,4.000000,5.000000,0.000000,96.000000,96.000000,96.000000,95.000000,100.000000,5.0,28.7049,26.9321,140.1477,141.9205,PENDING_AG03,FALSE,NOT_FOR_ENFORCEMENT,162.0985,447089.5655,168.8526,162.0985,6.7541,0.00032517,0.00031216,6.7541,162.0985,0.00031216,6.7541,6.7541,6.7541,8.4426,0.0000,162.0985,0.00031216,28.7049,26.9321,140.1477,141.9205,0.00026989,0.00027331,0.00001301,84.8350,77.3233,0.0280,5.6284,0.3838,17309.1614,200.7667,91.2509,79.7578,34.0832,58.2266,102.2495,170.4158,241.2244,332.7233,51.1247,0.0,4.142857,5.714285,1.45698,29,141,174,4,0.47516736,0.00032517,-0.01119525,0E-8,0.000000,0.896863,0.000000,0.02195065,2026-06-03,2026-08-03,30,440,303,62,0.483871,1.144100,1.075628,1.583891,,,,,,,,GLOBAL_BASELINE_NO_ENTITY_RANKING,,,NOT_APPLICABLE_GLOBAL_BASELINE,HF9g-P5,,,,X 全窗基线 · 不参与实体赏罚,6879134,688,A168_HF9F_20260827_0900,2026-08-27 09:00:00
2026-06-18,135398611,-1,1,1693.9331970009,169.9897750511,169.9897750511,0.5937500,37,37,0.49976694864864865,0.499766948649,1.0632969623358632,1.0632969623318878,1.0632969623358632,-3.5135E-13,SENTINEL_DEALER,R03b_20260811_FULL_v1,L1_ELIGIBILITY,v2026-08-11,2026-03-21..2026-08-06,baccarat_bet02_101_all_pairs_incl_sentinel,round_win = game_pnl > 0 (decisive only),COMPATIBILITY_ONLY_NOT_PRODUCTION,519274.8434,465718.2974,168.8526,6121,6023,-0.00032517,0.01119525,-0.01075540,-0.00032517,-168.8526,519274.8434,OK,0.0000,6.7541,4.0000,96.0000,AG03-UNRESOLVED,ALL5_LEVELS_bet23_to_bet27,6.7541,6.7541,6.7541,8.4426,0.0000,4.000000,4.000000,4.000000,5.000000,0.000000,96.000000,96.000000,96.000000,95.000000,100.000000,5.0,28.7049,26.9321,140.1477,141.9205,PENDING_AG03,FALSE,NOT_FOR_ENFORCEMENT,162.0985,447089.5655,168.8526,162.0985,6.7541,0.00032517,0.00031216,6.7541,162.0985,0.00031216,6.7541,6.7541,6.7541,8.4426,0.0000,162.0985,0.00031216,28.7049,26.9321,140.1477,141.9205,0.00026989,0.00027331,0.00001301,84.8350,77.3233,0.0280,5.6284,0.3838,17309.1614,200.7667,91.2509,79.7578,34.0832,58.2266,102.2495,170.4158,241.2244,332.7233,51.1247,0.0,4.142857,5.714285,1.45698,29,141,174,4,0.47516736,0.00032517,-0.01119525,0E-8,0.000000,0.896863,0.000000,0.02195065,2026-06-03,2026-08-03,30,440,303,62,0.483871,1.144100,1.075628,1.583891,,,,,,,,GLOBAL_BASELINE_NO_ENTITY_RANKING,,,NOT_APPLICABLE_GLOBAL_BASELINE,HF9g-P5,,,,X 全窗基线 · 不参与实体赏罚,6879135,688,A168_HF9F_20260827_0900,2026-08-27 09:00:00
2026-06-18,135398611,1306,0,526.5848670756,-70.1261077028,-70.1261077028,0.4444444,10,10,0.50531018000000000,0.505310180000,-0.3652150105883852,-0.3652150105883852,-0.3652150105883852,0E-17,ELIGIBLE,R03b_20260811_FULL_v1,L1_ELIGIBILITY,v2026-08-11,2026-03-21..2026-08-06,baccarat_bet02_101_all_pairs_incl_sentinel,round_win = game_pnl > 0 (decisive only),COMPATIBILITY_ONLY_NOT_PRODUCTION,519274.8434,465718.2974,168.8526,6121,6023,-0.00032517,0.01119525,-0.01075540,-0.00032517,-168.8526,519274.8434,OK,0.0000,6.7541,4.0000,96.0000,AG03-UNRESOLVED,ALL5_LEVELS_bet23_to_bet27,6.7541,6.7541,6.7541,8.4426,0.0000,4.000000,4.000000,4.000000,5.000000,0.000000,96.000000,96.000000,96.000000,95.000000,100.000000,5.0,28.7049,26.9321,140.1477,141.9205,PENDING_AG03,FALSE,NOT_FOR_ENFORCEMENT,162.0985,447089.5655,168.8526,162.0985,6.7541,0.00032517,0.00031216,6.7541,162.0985,0.00031216,6.7541,6.7541,6.7541,8.4426,0.0000,162.0985,0.00031216,28.7049,26.9321,140.1477,141.9205,0.00026989,0.00027331,0.00001301,84.8350,77.3233,0.0280,5.6284,0.3838,17309.1614,200.7667,91.2509,79.7578,34.0832,58.2266,102.2495,170.4158,241.2244,332.7233,51.1247,0.0,4.142857,5.714285,1.45698,29,141,174,4,0.47516736,0.00032517,-0.01119525,0E-8,0.000000,0.896863,0.000000,0.02195065,2026-06-03,2026-08-03,30,440,303,62,0.483871,1.144100,1.075628,1.583891,,,,,,,,GLOBAL_BASELINE_NO_ENTITY_RANKING,,,NOT_APPLICABLE_GLOBAL_BASELINE,HF9g-P5,,,,X 全窗基线 · 不参与实体赏罚,6879136,688,A168_HF9F_20260827_0900,2026-08-27 09:00:00
2026-06-18,135398611,1396,0,625.4260395364,100.1192910701,100.1192910701,0.5833333,14,14,0.49994810000000000,0.499948100000,0.577709846049527,0.577709846049527,0.577709846049527,0E-17,ELIGIBLE,R03b_20260811_FULL_v1,L1_ELIGIBILITY,v2026-08-11,2026-03-21..2026-08-06,baccarat_bet02_101_all_pairs_incl_sentinel,round_win = game_pnl > 0 (decisive only),COMPATIBILITY_ONLY_NOT_PRODUCTION,519274.8434,465718.2974,168.8526,6121,6023,-0.00032517,0.01119525,-0.01075540,-0.00032517,-168.8526,519274.8434,OK,0.0000,6.7541,4.0000,96.0000,AG03-UNRESOLVED,ALL5_LEVELS_bet23_to_bet27,6.7541,6.7541,6.7541,8.4426,0.0000,4.000000,4.000000,4.000000,5.000000,0.000000,96.000000,96.000000,96.000000,95.000000,100.000000,5.0,28.7049,26.9321,140.1477,141.9205,PENDING_AG03,FALSE,NOT_FOR_ENFORCEMENT,162.0985,447089.5655,168.8526,162.0985,6.7541,0.00032517,0.00031216,6.7541,162.0985,0.00031216,6.7541,6.7541,6.7541,8.4426,0.0000,162.0985,0.00031216,28.7049,26.9321,140.1477,141.9205,0.00026989,0.00027331,0.00001301,84.8350,77.3233,0.0280,5.6284,0.3838,17309.1614,200.7667,91.2509,79.7578,34.0832,58.2266,102.2495,170.4158,241.2244,332.7233,51.1247,0.0,4.142857,5.714285,1.45698,29,141,174,4,0.47516736,0.00032517,-0.01119525,0E-8,0.000000,0.896863,0.000000,0.02195065,2026-06-03,2026-08-03,30,440,303,62,0.483871,1.144100,1.075628,1.583891,,,,,,,,GLOBAL_BASELINE_NO_ENTITY_RANKING,,,NOT_APPLICABLE_GLOBAL_BASELINE,HF9g-P5,,,,X 全窗基线 · 不参与实体赏罚,6879137,688,A168_HF9F_20260827_0900,2026-08-27 09:00:00
2026-06-18,135398611,1402,0,34.0831629175,-34.0831629175,-34.0831629175,0E-7,1,1,0.49324550000000000,0.493245500000,-0.9865810262130424,-0.9865810262130424,-0.9865810262130424,0E-17,ELIGIBLE,R03b_20260811_FULL_v1,L1_ELIGIBILITY,v2026-08-11,2026-03-21..2026-08-06,baccarat_bet02_101_all_pairs_incl_sentinel,round_win = game_pnl > 0 (decisive only),COMPATIBILITY_ONLY_NOT_PRODUCTION,519274.8434,465718.2974,168.8526,6121,6023,-0.00032517,0.01119525,-0.01075540,-0.00032517,-168.8526,519274.8434,OK,0.0000,6.7541,4.0000,96.0000,AG03-UNRESOLVED,ALL5_LEVELS_bet23_to_bet27,6.7541,6.7541,6.7541,8.4426,0.0000,4.000000,4.000000,4.000000,5.000000,0.000000,96.000000,96.000000,96.000000,95.000000,100.000000,5.0,28.7049,26.9321,140.1477,141.9205,PENDING_AG03,FALSE,NOT_FOR_ENFORCEMENT,162.0985,447089.5655,168.8526,162.0985,6.7541,0.00032517,0.00031216,6.7541,162.0985,0.00031216,6.7541,6.7541,6.7541,8.4426,0.0000,162.0985,0.00031216,28.7049,26.9321,140.1477,141.9205,0.00026989,0.00027331,0.00001301,84.8350,77.3233,0.0280,5.6284,0.3838,17309.1614,200.7667,91.2509,79.7578,34.0832,58.2266,102.2495,170.4158,241.2244,332.7233,51.1247,0.0,4.142857,5.714285,1.45698,29,141,174,4,0.47516736,0.00032517,-0.01119525,0E-8,0.000000,0.896863,0.000000,0.02195065,2026-06-03,2026-08-03,30,440,303,62,0.483871,1.144100,1.075628,1.583891,,,,,,,,GLOBAL_BASELINE_NO_ENTITY_RANKING,,,NOT_APPLICABLE_GLOBAL_BASELINE,HF9g-P5,,,,X 全窗基线 · 不参与实体赏罚,6879138,688,A168_HF9F_20260827_0900,2026-08-27 09:00:00
2026-06-18,135398611,1646,0,775.3919563734,4.1751874574,4.1751874574,0.5384615,16,16,0.49827245000000000,0.498272450000,0.2898093681605998,0.2898093681605998,0.2898093681605998,0E-17,ELIGIBLE,R03b_20260811_FULL_v1,L1_ELIGIBILITY,v2026-08-11,2026-03-21..2026-08-06,baccarat_bet02_101_all_pairs_incl_sentinel,round_win = game_pnl > 0 (decisive only),COMPATIBILITY_ONLY_NOT_PRODUCTION,519274.8434,465718.2974,168.8526,6121,6023,-0.00032517,0.01119525,-0.01075540,-0.00032517,-168.8526,519274.8434,OK,0.0000,6.7541,4.0000,96.0000,AG03-UNRESOLVED,ALL5_LEVELS_bet23_to_bet27,6.7541,6.7541,6.7541,8.4426,0.0000,4.000000,4.000000,4.000000,5.000000,0.000000,96.000000,96.000000,96.000000,95.000000,100.000000,5.0,28.7049,26.9321,140.1477,141.9205,PENDING_AG03,FALSE,NOT_FOR_ENFORCEMENT,162.0985,447089.5655,168.8526,162.0985,6.7541,0.00032517,0.00031216,6.7541,162.0985,0.00031216,6.7541,6.7541,6.7541,8.4426,0.0000,162.0985,0.00031216,28.7049,26.9321,140.1477,141.9205,0.00026989,0.00027331,0.00001301,84.8350,77.3233,0.0280,5.6284,0.3838,17309.1614,200.7667,91.2509,79.7578,34.0832,58.2266,102.2495,170.4158,241.2244,332.7233,51.1247,0.0,4.142857,5.714285,1.45698,29,141,174,4,0.47516736,0.00032517,-0.01119525,0E-8,0.000000,0.896863,0.000000,0.02195065,2026-06-03,2026-08-03,30,440,303,62,0.483871,1.144100,1.075628,1.583891,,,,,,,,GLOBAL_BASELINE_NO_ENTITY_RANKING,,,NOT_APPLICABLE_GLOBAL_BASELINE,HF9g-P5,,,,X 全窗基线 · 不参与实体赏罚,6879139,688,A168_HF9F_20260827_0900,2026-08-27 09:00:00
2026-06-18,135398611,1990,0,230.0613496935,40.8997955009,40.8997955009,0.5000000,10,10,0.49994810000000000,0.499948100000,0.0003282444228938027,0.0003282444228938027,0.0003282444228938027,0E-17,ELIGIBLE,R03b_20260811_FULL_v1,L1_ELIGIBILITY,v2026-08-11,2026-03-21..2026-08-06,baccarat_bet02_101_all_pairs_incl_sentinel,round_win = game_pnl > 0 (decisive only),COMPATIBILITY_ONLY_NOT_PRODUCTION,519274.8434,465718.2974,168.8526,6121,6023,-0.00032517,0.01119525,-0.01075540,-0.00032517,-168.8526,519274.8434,OK,0.0000,6.7541,4.0000,96.0000,AG03-UNRESOLVED,ALL5_LEVELS_bet23_to_bet27,6.7541,6.7541,6.7541,8.4426,0.0000,4.000000,4.000000,4.000000,5.000000,0.000000,96.000000,96.000000,96.000000,95.000000,100.000000,5.0,28.7049,26.9321,140.1477,141.9205,PENDING_AG03,FALSE,NOT_FOR_ENFORCEMENT,162.0985,447089.5655,168.8526,162.0985,6.7541,0.00032517,0.00031216,6.7541,162.0985,0.00031216,6.7541,6.7541,6.7541,8.4426,0.0000,162.0985,0.00031216,28.7049,26.9321,140.1477,141.9205,0.00026989,0.00027331,0.00001301,84.8350,77.3233,0.0280,5.6284,0.3838,17309.1614,200.7667,91.2509,79.7578,34.0832,58.2266,102.2495,170.4158,241.2244,332.7233,51.1247,0.0,4.142857,5.714285,1.45698,29,141,174,4,0.47516736,0.00032517,-0.01119525,0E-8,0.000000,0.896863,0.000000,0.02195065,2026-06-03,2026-08-03,30,440,303,62,0.483871,1.144100,1.075628,1.583891,,,,,,,,GLOBAL_BASELINE_NO_ENTITY_RANKING,,,NOT_APPLICABLE_GLOBAL_BASELINE,HF9g-P5,,,,X 全窗基线 · 不参与实体赏罚,6879140,688,A168_HF9F_20260827_0900,2026-08-27 09:00:00
2026-06-18,135398611,2169,0,393.6605316975,19.2569870484,19.2569870484,0.5333333,15,15,0.49592654000000000,0.495926540000,0.2897613914554066,0.2897613914554066,0.2897613914554066,0E-17,ELIGIBLE,R03b_20260811_FULL_v1,L1_ELIGIBILITY,v2026-08-11,2026-03-21..2026-08-06,baccarat_bet02_101_all_pairs_incl_sentinel,round_win = game_pnl > 0 (decisive only),COMPATIBILITY_ONLY_NOT_PRODUCTION,519274.8434,465718.2974,168.8526,6121,6023,-0.00032517,0.01119525,-0.01075540,-0.00032517,-168.8526,519274.8434,OK,0.0000,6.7541,4.0000,96.0000,AG03-UNRESOLVED,ALL5_LEVELS_bet23_to_bet27,6.7541,6.7541,6.7541,8.4426,0.0000,4.000000,4.000000,4.000000,5.000000,0.000000,96.000000,96.000000,96.000000,95.000000,100.000000,5.0,28.7049,26.9321,140.1477,141.9205,PENDING_AG03,FALSE,NOT_FOR_ENFORCEMENT,162.0985,447089.5655,168.8526,162.0985,6.7541,0.00032517,0.00031216,6.7541,162.0985,0.00031216,6.7541,6.7541,6.7541,8.4426,0.0000,162.0985,0.00031216,28.7049,26.9321,140.1477,141.9205,0.00026989,0.00027331,0.00001301,84.8350,77.3233,0.0280,5.6284,0.3838,17309.1614,200.7667,91.2509,79.7578,34.0832,58.2266,102.2495,170.4158,241.2244,332.7233,51.1247,0.0,4.142857,5.714285,1.45698,29,141,174,4,0.47516736,0.00032517,-0.01119525,0E-8,0.000000,0.896863,0.000000,0.02195065,2026-06-03,2026-08-03,30,440,303,62,0.483871,1.144100,1.075628,1.583891,,,,,,,,GLOBAL_BASELINE_NO_ENTITY_RANKING,,,NOT_APPLICABLE_GLOBAL_BASELINE,HF9g-P5,,,,X 全窗基线 · 不参与实体赏罚,6879141,688,A168_HF9F_20260827_0900,2026-08-27 09:00:00
2026-06-18,135398611,2229,0,126.1077027948,-126.1077027948,-126.1077027948,0E-7,4,4,0.49659680000000000,0.496596800000,-1.9864332133590707,-1.986433213359071,-1.9864332133590707,0E-17,ELIGIBLE,R03b_20260811_FULL_v1,L1_ELIGIBILITY,v2026-08-11,2026-03-21..2026-08-06,baccarat_bet02_101_all_pairs_incl_sentinel,round_win = game_pnl > 0 (decisive only),COMPATIBILITY_ONLY_NOT_PRODUCTION,519274.8434,465718.2974,168.8526,6121,6023,-0.00032517,0.01119525,-0.01075540,-0.00032517,-168.8526,519274.8434,OK,0.0000,6.7541,4.0000,96.0000,AG03-UNRESOLVED,ALL5_LEVELS_bet23_to_bet27,6.7541,6.7541,6.7541,8.4426,0.0000,4.000000,4.000000,4.000000,5.000000,0.000000,96.000000,96.000000,96.000000,95.000000,100.000000,5.0,28.7049,26.9321,140.1477,141.9205,PENDING_AG03,FALSE,NOT_FOR_ENFORCEMENT,162.0985,447089.5655,168.8526,162.0985,6.7541,0.00032517,0.00031216,6.7541,162.0985,0.00031216,6.7541,6.7541,6.7541,8.4426,0.0000,162.0985,0.00031216,28.7049,26.9321,140.1477,141.9205,0.00026989,0.00027331,0.00001301,84.8350,77.3233,0.0280,5.6284,0.3838,17309.1614,200.7667,91.2509,79.7578,34.0832,58.2266,102.2495,170.4158,241.2244,332.7233,51.1247,0.0,4.142857,5.714285,1.45698,29,141,174,4,0.47516736,0.00032517,-0.01119525,0E-8,0.000000,0.896863,0.000000,0.02195065,2026-06-03,2026-08-03,30,440,303,62,0.483871,1.144100,1.075628,1.583891,,,,,,,,GLOBAL_BASELINE_NO_ENTITY_RANKING,,,NOT_APPLICABLE_GLOBAL_BASELINE,HF9g-P5,,,,X 全窗基线 · 不参与实体赏罚,6879142,688,A168_HF9F_20260827_0900,2026-08-27 09:00:00
2026-06-18,135398611,2246,0,107.3619631902,-14.3149284254,-14.3149284254,0.5000000,2,2,0.50665070000000000,0.506650700000,-0.018812684590367487,-0.018812684590367487,-0.018812684590367487,0E-17,ELIGIBLE,R03b_20260811_FULL_v1,L1_ELIGIBILITY,v2026-08-11,2026-03-21..2026-08-06,baccarat_bet02_101_all_pairs_incl_sentinel,round_win = game_pnl > 0 (decisive only),COMPATIBILITY_ONLY_NOT_PRODUCTION,519274.8434,465718.2974,168.8526,6121,6023,-0.00032517,0.01119525,-0.01075540,-0.00032517,-168.8526,519274.8434,OK,0.0000,6.7541,4.0000,96.0000,AG03-UNRESOLVED,ALL5_LEVELS_bet23_to_bet27,6.7541,6.7541,6.7541,8.4426,0.0000,4.000000,4.000000,4.000000,5.000000,0.000000,96.000000,96.000000,96.000000,95.000000,100.000000,5.0,28.7049,26.9321,140.1477,141.9205,PENDING_AG03,FALSE,NOT_FOR_ENFORCEMENT,162.0985,447089.5655,168.8526,162.0985,6.7541,0.00032517,0.00031216,6.7541,162.0985,0.00031216,6.7541,6.7541,6.7541,8.4426,0.0000,162.0985,0.00031216,28.7049,26.9321,140.1477,141.9205,0.00026989,0.00027331,0.00001301,84.8350,77.3233,0.0280,5.6284,0.3838,17309.1614,200.7667,91.2509,79.7578,34.0832,58.2266,102.2495,170.4158,241.2244,332.7233,51.1247,0.0,4.142857,5.714285,1.45698,29,141,174,4,0.47516736,0.00032517,-0.01119525,0E-8,0.000000,0.896863,0.000000,0.02195065,2026-06-03,2026-08-03,30,440,303,62,0.483871,1.144100,1.075628,1.583891,,,,,,,,GLOBAL_BASELINE_NO_ENTITY_RANKING,,,NOT_APPLICABLE_GLOBAL_BASELINE,HF9g-P5,,,,X 全窗基线 · 不参与实体赏罚,6879143,688,A168_HF9F_20260827_0900,2026-08-27 09:00:00
2026-06-19,135398611,-1,1,4730.7430129511,-23.3469665989,-23.3469665989,0.4909091,122,121,0.50085285867768588,0.500834394215,-0.20858253582974426,-0.20819520845711537,-0.20858253582974426,0.00001846446268588,SENTINEL_DEALER,R03b_20260811_FULL_v1,L1_ELIGIBILITY,v2026-08-11,2026-03-21..2026-08-06,baccarat_bet02_101_all_pairs_incl_sentinel,round_win = game_pnl > 0 (decisive only),COMPATIBILITY_ONLY_NOT_PRODUCTION,519274.8434,465718.2974,168.8526,6121,6023,-0.00032517,0.01119525,-0.01075540,-0.00032517,-168.8526,519274.8434,OK,0.0000,6.7541,4.0000,96.0000,AG03-UNRESOLVED,ALL5_LEVELS_bet23_to_bet27,6.7541,6.7541,6.7541,8.4426,0.0000,4.000000,4.000000,4.000000,5.000000,0.000000,96.000000,96.000000,96.000000,95.000000,100.000000,5.0,28.7049,26.9321,140.1477,141.9205,PENDING_AG03,FALSE,NOT_FOR_ENFORCEMENT,162.0985,447089.5655,168.8526,162.0985,6.7541,0.00032517,0.00031216,6.7541,162.0985,0.00031216,6.7541,6.7541,6.7541,8.4426,0.0000,162.0985,0.00031216,28.7049,26.9321,140.1477,141.9205,0.00026989,0.00027331,0.00001301,84.8350,77.3233,0.0280,5.6284,0.3838,17309.1614,200.7667,91.2509,79.7578,34.0832,58.2266,102.2495,170.4158,241.2244,332.7233,51.1247,0.0,4.142857,5.714285,1.45698,29,141,174,4,0.47516736,0.00032517,-0.01119525,0E-8,0.000000,0.896863,0.000000,0.02195065,2026-06-03,2026-08-03,30,440,303,62,0.483871,1.144100,1.075628,1.583891,,,,,,,,GLOBAL_BASELINE_NO_ENTITY_RANKING,,,NOT_APPLICABLE_GLOBAL_BASELINE,HF9g-P5,,,,X 全窗基线 · 不参与实体赏罚,6879144,688,A168_HF9F_20260827_0900,2026-08-27 09:00:00
2026-06-19,135398611,1221,0,1261.0770279483,-141.1042944785,-141.1042944785,0.4285714,24,24,0.50218230000000000,0.502182300000,-0.6746612066747657,-0.6746612066747655,-0.6746612066747657,0E-17,ELIGIBLE,R03b_20260811_FULL_v1,L1_ELIGIBILITY,v2026-08-11,2026-03-21..2026-08-06,baccarat_bet02_101_all_pairs_incl_sentinel,round_win = game_pnl > 0 (decisive only),COMPATIBILITY_ONLY_NOT_PRODUCTION,519274.8434,465718.2974,168.8526,6121,6023,-0.00032517,0.01119525,-0.01075540,-0.00032517,-168.8526,519274.8434,OK,0.0000,6.7541,4.0000,96.0000,AG03-UNRESOLVED,ALL5_LEVELS_bet23_to_bet27,6.7541,6.7541,6.7541,8.4426,0.0000,4.000000,4.000000,4.000000,5.000000,0.000000,96.000000,96.000000,96.000000,95.000000,100.000000,5.0,28.7049,26.9321,140.1477,141.9205,PENDING_AG03,FALSE,NOT_FOR_ENFORCEMENT,162.0985,447089.5655,168.8526,162.0985,6.7541,0.00032517,0.00031216,6.7541,162.0985,0.00031216,6.7541,6.7541,6.7541,8.4426,0.0000,162.0985,0.00031216,28.7049,26.9321,140.1477,141.9205,0.00026989,0.00027331,0.00001301,84.8350,77.3233,0.0280,5.6284,0.3838,17309.1614,200.7667,91.2509,79.7578,34.0832,58.2266,102.2495,170.4158,241.2244,332.7233,51.1247,0.0,4.142857,5.714285,1.45698,29,141,174,4,0.47516736,0.00032517,-0.01119525,0E-8,0.000000,0.896863,0.000000,0.02195065,2026-06-03,2026-08-03,30,440,303,62,0.483871,1.144100,1.075628,1.583891,,,,,,,,GLOBAL_BASELINE_NO_ENTITY_RANKING,,,NOT_APPLICABLE_GLOBAL_BASELINE,HF9g-P5,,,,X 全窗基线 · 不参与实体赏罚,6879145,688,A168_HF9F_20260827_0900,2026-08-27 09:00:00
2026-06-19,135398611,1385,0,255.6237218814,68.1663258351,68.1663258351,0.7500000,5,5,0.49324550000000000,0.493245500000,1.0271117246678039,1.0271117246678039,1.0271117246678039,0E-17,ELIGIBLE,R03b_20260811_FULL_v1,L1_ELIGIBILITY,v2026-08-11,2026-03-21..2026-08-06,baccarat_bet02_101_all_pairs_incl_sentinel,round_win = game_pnl > 0 (decisive only),COMPATIBILITY_ONLY_NOT_PRODUCTION,519274.8434,465718.2974,168.8526,6121,6023,-0.00032517,0.01119525,-0.01075540,-0.00032517,-168.8526,519274.8434,OK,0.0000,6.7541,4.0000,96.0000,AG03-UNRESOLVED,ALL5_LEVELS_bet23_to_bet27,6.7541,6.7541,6.7541,8.4426,0.0000,4.000000,4.000000,4.000000,5.000000,0.000000,96.000000,96.000000,96.000000,95.000000,100.000000,5.0,28.7049,26.9321,140.1477,141.9205,PENDING_AG03,FALSE,NOT_FOR_ENFORCEMENT,162.0985,447089.5655,168.8526,162.0985,6.7541,0.00032517,0.00031216,6.7541,162.0985,0.00031216,6.7541,6.7541,6.7541,8.4426,0.0000,162.0985,0.00031216,28.7049,26.9321,140.1477,141.9205,0.00026989,0.00027331,0.00001301,84.8350,77.3233,0.0280,5.6284,0.3838,17309.1614,200.7667,91.2509,79.7578,34.0832,58.2266,102.2495,170.4158,241.2244,332.7233,51.1247,0.0,4.142857,5.714285,1.45698,29,141,174,4,0.47516736,0.00032517,-0.01119525,0E-8,0.000000,0.896863,0.000000,0.02195065,2026-06-03,2026-08-03,30,440,303,62,0.483871,1.144100,1.075628,1.583891,,,,,,,,GLOBAL_BASELINE_NO_ENTITY_RANKING,,,NOT_APPLICABLE_GLOBAL_BASELINE,HF9g-P5,,,,X 全窗基线 · 不参与实体赏罚,6879146,688,A168_HF9F_20260827_0900,2026-08-27 09:00:00
2026-06-19,135398611,1400,0,296.5235173825,106.6802999319,106.6802999319,0.7500000,6,6,0.49547970000000000,0.495479700000,1.0181228076850934,1.0181228076850934,1.0181228076850934,0E-17,ELIGIBLE,R03b_20260811_FULL_v1,L1_ELIGIBILITY,v2026-08-11,2026-03-21..2026-08-06,baccarat_bet02_101_all_pairs_incl_sentinel,round_win = game_pnl > 0 (decisive only),COMPATIBILITY_ONLY_NOT_PRODUCTION,519274.8434,465718.2974,168.8526,6121,6023,-0.00032517,0.01119525,-0.01075540,-0.00032517,-168.8526,519274.8434,OK,0.0000,6.7541,4.0000,96.0000,AG03-UNRESOLVED,ALL5_LEVELS_bet23_to_bet27,6.7541,6.7541,6.7541,8.4426,0.0000,4.000000,4.000000,4.000000,5.000000,0.000000,96.000000,96.000000,96.000000,95.000000,100.000000,5.0,28.7049,26.9321,140.1477,141.9205,PENDING_AG03,FALSE,NOT_FOR_ENFORCEMENT,162.0985,447089.5655,168.8526,162.0985,6.7541,0.00032517,0.00031216,6.7541,162.0985,0.00031216,6.7541,6.7541,6.7541,8.4426,0.0000,162.0985,0.00031216,28.7049,26.9321,140.1477,141.9205,0.00026989,0.00027331,0.00001301,84.8350,77.3233,0.0280,5.6284,0.3838,17309.1614,200.7667,91.2509,79.7578,34.0832,58.2266,102.2495,170.4158,241.2244,332.7233,51.1247,0.0,4.142857,5.714285,1.45698,29,141,174,4,0.47516736,0.00032517,-0.01119525,0E-8,0.000000,0.896863,0.000000,0.02195065,2026-06-03,2026-08-03,30,440,303,62,0.483871,1.144100,1.075628,1.583891,,,,,,,,GLOBAL_BASELINE_NO_ENTITY_RANKING,,,NOT_APPLICABLE_GLOBAL_BASELINE,HF9g-P5,,,,X 全窗基线 · 不参与实体赏罚,6879147,688,A168_HF9F_20260827_0900,2026-08-27 09:00:00
2026-06-19,135398611,1505,0,870.8248125427,-206.2883435583,-206.2883435583,0.3529412,18,18,0.49994810000000000,0.499948100000,-1.2122501533483843,-1.2122501533483843,-1.2122501533483843,0E-17,ELIGIBLE,R03b_20260811_FULL_v1,L1_ELIGIBILITY,v2026-08-11,2026-03-21..2026-08-06,baccarat_bet02_101_all_pairs_incl_sentinel,round_win = game_pnl > 0 (decisive only),COMPATIBILITY_ONLY_NOT_PRODUCTION,519274.8434,465718.2974,168.8526,6121,6023,-0.00032517,0.01119525,-0.01075540,-0.00032517,-168.8526,519274.8434,OK,0.0000,6.7541,4.0000,96.0000,AG03-UNRESOLVED,ALL5_LEVELS_bet23_to_bet27,6.7541,6.7541,6.7541,8.4426,0.0000,4.000000,4.000000,4.000000,5.000000,0.000000,96.000000,96.000000,96.000000,95.000000,100.000000,5.0,28.7049,26.9321,140.1477,141.9205,PENDING_AG03,FALSE,NOT_FOR_ENFORCEMENT,162.0985,447089.5655,168.8526,162.0985,6.7541,0.00032517,0.00031216,6.7541,162.0985,0.00031216,6.7541,6.7541,6.7541,8.4426,0.0000,162.0985,0.00031216,28.7049,26.9321,140.1477,141.9205,0.00026989,0.00027331,0.00001301,84.8350,77.3233,0.0280,5.6284,0.3838,17309.1614,200.7667,91.2509,79.7578,34.0832,58.2266,102.2495,170.4158,241.2244,332.7233,51.1247,0.0,4.142857,5.714285,1.45698,29,141,174,4,0.47516736,0.00032517,-0.01119525,0E-8,0.000000,0.896863,0.000000,0.02195065,2026-06-03,2026-08-03,30,440,303,62,0.483871,1.144100,1.075628,1.583891,,,,,,,,GLOBAL_BASELINE_NO_ENTITY_RANKING,,,NOT_APPLICABLE_GLOBAL_BASELINE,HF9g-P5,,,,X 全窗基线 · 不参与实体赏罚,6879148,688,A168_HF9F_20260827_0900,2026-08-27 09:00:00
2026-06-19,135398611,1507,0,817.9959100204,-16.8711656444,-16.8711656444,0.5263158,20,20,0.50061836000000000,0.500618360000,0.2240251676897705,0.2240251676897705,0.2240251676897705,0E-17,ELIGIBLE,R03b_20260811_FULL_v1,L1_ELIGIBILITY,v2026-08-11,2026-03-21..2026-08-06,baccarat_bet02_101_all_pairs_incl_sentinel,round_win = game_pnl > 0 (decisive only),COMPATIBILITY_ONLY_NOT_PRODUCTION,519274.8434,465718.2974,168.8526,6121,6023,-0.00032517,0.01119525,-0.01075540,-0.00032517,-168.8526,519274.8434,OK,0.0000,6.7541,4.0000,96.0000,AG03-UNRESOLVED,ALL5_LEVELS_bet23_to_bet27,6.7541,6.7541,6.7541,8.4426,0.0000,4.000000,4.000000,4.000000,5.000000,0.000000,96.000000,96.000000,96.000000,95.000000,100.000000,5.0,28.7049,26.9321,140.1477,141.9205,PENDING_AG03,FALSE,NOT_FOR_ENFORCEMENT,162.0985,447089.5655,168.8526,162.0985,6.7541,0.00032517,0.00031216,6.7541,162.0985,0.00031216,6.7541,6.7541,6.7541,8.4426,0.0000,162.0985,0.00031216,28.7049,26.9321,140.1477,141.9205,0.00026989,0.00027331,0.00001301,84.8350,77.3233,0.0280,5.6284,0.3838,17309.1614,200.7667,91.2509,79.7578,34.0832,58.2266,102.2495,170.4158,241.2244,332.7233,51.1247,0.0,4.142857,5.714285,1.45698,29,141,174,4,0.47516736,0.00032517,-0.01119525,0E-8,0.000000,0.896863,0.000000,0.02195065,2026-06-03,2026-08-03,30,440,303,62,0.483871,1.144100,1.075628,1.583891,,,,,,,,GLOBAL_BASELINE_NO_ENTITY_RANKING,,,NOT_APPLICABLE_GLOBAL_BASELINE,HF9g-P5,,,,X 全窗基线 · 不参与实体赏罚,6879149,688,A168_HF9F_20260827_0900,2026-08-27 09:00:00
2026-06-19,135398611,1941,0,780.5044308111,62.5426039535,62.5426039535,0.5714286,24,21,0.48911609345237651,0.469876669048,0.7545851185468402,0.9324323038220749,0.7545851185468402,0.01923942440437651,ELIGIBLE,R03b_20260811_FULL_v1,L1_ELIGIBILITY,v2026-08-11,2026-03-21..2026-08-06,baccarat_bet02_101_all_pairs_incl_sentinel,round_win = game_pnl > 0 (decisive only),COMPATIBILITY_ONLY_NOT_PRODUCTION,519274.8434,465718.2974,168.8526,6121,6023,-0.00032517,0.01119525,-0.01075540,-0.00032517,-168.8526,519274.8434,OK,0.0000,6.7541,4.0000,96.0000,AG03-UNRESOLVED,ALL5_LEVELS_bet23_to_bet27,6.7541,6.7541,6.7541,8.4426,0.0000,4.000000,4.000000,4.000000,5.000000,0.000000,96.000000,96.000000,96.000000,95.000000,100.000000,5.0,28.7049,26.9321,140.1477,141.9205,PENDING_AG03,FALSE,NOT_FOR_ENFORCEMENT,162.0985,447089.5655,168.8526,162.0985,6.7541,0.00032517,0.00031216,6.7541,162.0985,0.00031216,6.7541,6.7541,6.7541,8.4426,0.0000,162.0985,0.00031216,28.7049,26.9321,140.1477,141.9205,0.00026989,0.00027331,0.00001301,84.8350,77.3233,0.0280,5.6284,0.3838,17309.1614,200.7667,91.2509,79.7578,34.0832,58.2266,102.2495,170.4158,241.2244,332.7233,51.1247,0.0,4.142857,5.714285,1.45698,29,141,174,4,0.47516736,0.00032517,-0.01119525,0E-8,0.000000,0.896863,0.000000,0.02195065,2026-06-03,2026-08-03,30,440,303,62,0.483871,1.144100,1.075628,1.583891,,,,,,,,GLOBAL_BASELINE_NO_ENTITY_RANKING,,,NOT_APPLICABLE_GLOBAL_BASELINE,HF9g-P5,,,,X 全窗基线 · 不参与实体赏罚,6879150,688,A168_HF9F_20260827_0900,2026-08-27 09:00:00
2026-06-19,135398611,1942,0,68.1663258350,0E-10,0E-10,0.5000000,2,2,0.49994810000000000,0.499948100000,0.00014679536856514622,0.00014679536856514622,0.00014679536856514622,0E-17,ELIGIBLE,R03b_20260811_FULL_v1,L1_ELIGIBILITY,v2026-08-11,2026-03-21..2026-08-06,baccarat_bet02_101_all_pairs_incl_sentinel,round_win = game_pnl > 0 (decisive only),COMPATIBILITY_ONLY_NOT_PRODUCTION,519274.8434,465718.2974,168.8526,6121,6023,-0.00032517,0.01119525,-0.01075540,-0.00032517,-168.8526,519274.8434,OK,0.0000,6.7541,4.0000,96.0000,AG03-UNRESOLVED,ALL5_LEVELS_bet23_to_bet27,6.7541,6.7541,6.7541,8.4426,0.0000,4.000000,4.000000,4.000000,5.000000,0.000000,96.000000,96.000000,96.000000,95.000000,100.000000,5.0,28.7049,26.9321,140.1477,141.9205,PENDING_AG03,FALSE,NOT_FOR_ENFORCEMENT,162.0985,447089.5655,168.8526,162.0985,6.7541,0.00032517,0.00031216,6.7541,162.0985,0.00031216,6.7541,6.7541,6.7541,8.4426,0.0000,162.0985,0.00031216,28.7049,26.9321,140.1477,141.9205,0.00026989,0.00027331,0.00001301,84.8350,77.3233,0.0280,5.6284,0.3838,17309.1614,200.7667,91.2509,79.7578,34.0832,58.2266,102.2495,170.4158,241.2244,332.7233,51.1247,0.0,4.142857,5.714285,1.45698,29,141,174,4,0.47516736,0.00032517,-0.01119525,0E-8,0.000000,0.896863,0.000000,0.02195065,2026-06-03,2026-08-03,30,440,303,62,0.483871,1.144100,1.075628,1.583891,,,,,,,,GLOBAL_BASELINE_NO_ENTITY_RANKING,,,NOT_APPLICABLE_GLOBAL_BASELINE,HF9g-P5,,,,X 全窗基线 · 不参与实体赏罚,6879151,688,A168_HF9F_20260827_0900,2026-08-27 09:00:00
2026-06-19,135398611,2101,0,1419.5637355148,25.6475800954,25.6475800954,0.5000000,29,29,0.49971697586206897,0.499716975862,0.0028862916666555277,0.0028862916673588874,0.0028862916666555277,6.897E-14,ELIGIBLE,R03b_20260811_FULL_v1,L1_ELIGIBILITY,v2026-08-11,2026-03-21..2026-08-06,baccarat_bet02_101_all_pairs_incl_sentinel,round_win = game_pnl > 0 (decisive only),COMPATIBILITY_ONLY_NOT_PRODUCTION,519274.8434,465718.2974,168.8526,6121,6023,-0.00032517,0.01119525,-0.01075540,-0.00032517,-168.8526,519274.8434,OK,0.0000,6.7541,4.0000,96.0000,AG03-UNRESOLVED,ALL5_LEVELS_bet23_to_bet27,6.7541,6.7541,6.7541,8.4426,0.0000,4.000000,4.000000,4.000000,5.000000,0.000000,96.000000,96.000000,96.000000,95.000000,100.000000,5.0,28.7049,26.9321,140.1477,141.9205,PENDING_AG03,FALSE,NOT_FOR_ENFORCEMENT,162.0985,447089.5655,168.8526,162.0985,6.7541,0.00032517,0.00031216,6.7541,162.0985,0.00031216,6.7541,6.7541,6.7541,8.4426,0.0000,162.0985,0.00031216,28.7049,26.9321,140.1477,141.9205,0.00026989,0.00027331,0.00001301,84.8350,77.3233,0.0280,5.6284,0.3838,17309.1614,200.7667,91.2509,79.7578,34.0832,58.2266,102.2495,170.4158,241.2244,332.7233,51.1247,0.0,4.142857,5.714285,1.45698,29,141,174,4,0.47516736,0.00032517,-0.01119525,0E-8,0.000000,0.896863,0.000000,0.02195065,2026-06-03,2026-08-03,30,440,303,62,0.483871,1.144100,1.075628,1.583891,,,,,,,,GLOBAL_BASELINE_NO_ENTITY_RANKING,,,NOT_APPLICABLE_GLOBAL_BASELINE,HF9g-P5,,,,X 全窗基线 · 不参与实体赏罚,6879152,688,A168_HF9F_20260827_0900,2026-08-27 09:00:00
2026-06-19,135398611,2174,0,1748.4662576687,319.4444444438,319.4444444438,0.6222222,48,47,0.49875969574468104,0.498807231915,1.6564287076233337,1.6557905579954912,1.6564287076233337,-0.00004753617031896,ELIGIBLE,R03b_20260811_FULL_v1,L1_ELIGIBILITY,v2026-08-11,2026-03-21..2026-08-06,baccarat_bet02_101_all_pairs_incl_sentinel,round_win = game_pnl > 0 (decisive only),COMPATIBILITY_ONLY_NOT_PRODUCTION,519274.8434,465718.2974,168.8526,6121,6023,-0.00032517,0.01119525,-0.01075540,-0.00032517,-168.8526,519274.8434,OK,0.0000,6.7541,4.0000,96.0000,AG03-UNRESOLVED,ALL5_LEVELS_bet23_to_bet27,6.7541,6.7541,6.7541,8.4426,0.0000,4.000000,4.000000,4.000000,5.000000,0.000000,96.000000,96.000000,96.000000,95.000000,100.000000,5.0,28.7049,26.9321,140.1477,141.9205,PENDING_AG03,FALSE,NOT_FOR_ENFORCEMENT,162.0985,447089.5655,168.8526,162.0985,6.7541,0.00032517,0.00031216,6.7541,162.0985,0.00031216,6.7541,6.7541,6.7541,8.4426,0.0000,162.0985,0.00031216,28.7049,26.9321,140.1477,141.9205,0.00026989,0.00027331,0.00001301,84.8350,77.3233,0.0280,5.6284,0.3838,17309.1614,200.7667,91.2509,79.7578,34.0832,58.2266,102.2495,170.4158,241.2244,332.7233,51.1247,0.0,4.142857,5.714285,1.45698,29,141,174,4,0.47516736,0.00032517,-0.01119525,0E-8,0.000000,0.896863,0.000000,0.02195065,2026-06-03,2026-08-03,30,440,303,62,0.483871,1.144100,1.075628,1.583891,,,,,,,,GLOBAL_BASELINE_NO_ENTITY_RANKING,,,NOT_APPLICABLE_GLOBAL_BASELINE,HF9g-P5,,,,X 全窗基线 · 不参与实体赏罚,6879153,688,A168_HF9F_20260827_0900,2026-08-27 09:00:00
2026-06-19,135398611,2220,0,342.5357873210,-80.0102249489,-80.0102249489,0.5000000,10,10,0.50531018000000000,0.505310180000,-0.03358642136496054,-0.03358642136496054,-0.03358642136496054,0E-17,ELIGIBLE,R03b_20260811_FULL_v1,L1_ELIGIBILITY,v2026-08-11,2026-03-21..2026-08-06,baccarat_bet02_101_all_pairs_incl_sentinel,round_win = game_pnl > 0 (decisive only),COMPATIBILITY_ONLY_NOT_PRODUCTION,519274.8434,465718.2974,168.8526,6121,6023,-0.00032517,0.01119525,-0.01075540,-0.00032517,-168.8526,519274.8434,OK,0.0000,6.7541,4.0000,96.0000,AG03-UNRESOLVED,ALL5_LEVELS_bet23_to_bet27,6.7541,6.7541,6.7541,8.4426,0.0000,4.000000,4.000000,4.000000,5.000000,0.000000,96.000000,96.000000,96.000000,95.000000,100.000000,5.0,28.7049,26.9321,140.1477,141.9205,PENDING_AG03,FALSE,NOT_FOR_ENFORCEMENT,162.0985,447089.5655,168.8526,162.0985,6.7541,0.00032517,0.00031216,6.7541,162.0985,0.00031216,6.7541,6.7541,6.7541,8.4426,0.0000,162.0985,0.00031216,28.7049,26.9321,140.1477,141.9205,0.00026989,0.00027331,0.00001301,84.8350,77.3233,0.0280,5.6284,0.3838,17309.1614,200.7667,91.2509,79.7578,34.0832,58.2266,102.2495,170.4158,241.2244,332.7233,51.1247,0.0,4.142857,5.714285,1.45698,29,141,174,4,0.47516736,0.00032517,-0.01119525,0E-8,0.000000,0.896863,0.000000,0.02195065,2026-06-03,2026-08-03,30,440,303,62,0.483871,1.144100,1.075628,1.583891,,,,,,,,GLOBAL_BASELINE_NO_ENTITY_RANKING,,,NOT_APPLICABLE_GLOBAL_BASELINE,HF9g-P5,,,,X 全窗基线 · 不参与实体赏罚,6879154,688,A168_HF9F_20260827_0900,2026-08-27 09:00:00
2026-06-19,135398611,2234,0,17.0415814588,0E-10,0E-10,,1,1,0.49324550000000000,0.493245500000,,,,0E-17,NO_DECISIVE_ROUND,R03b_20260811_FULL_v1,L1_ELIGIBILITY,v2026-08-11,2026-03-21..2026-08-06,baccarat_bet02_101_all_pairs_incl_sentinel,round_win = game_pnl > 0 (decisive only),COMPATIBILITY_ONLY_NOT_PRODUCTION,519274.8434,465718.2974,168.8526,6121,6023,-0.00032517,0.01119525,-0.01075540,-0.00032517,-168.8526,519274.8434,OK,0.0000,6.7541,4.0000,96.0000,AG03-UNRESOLVED,ALL5_LEVELS_bet23_to_bet27,6.7541,6.7541,6.7541,8.4426,0.0000,4.000000,4.000000,4.000000,5.000000,0.000000,96.000000,96.000000,96.000000,95.000000,100.000000,5.0,28.7049,26.9321,140.1477,141.9205,PENDING_AG03,FALSE,NOT_FOR_ENFORCEMENT,162.0985,447089.5655,168.8526,162.0985,6.7541,0.00032517,0.00031216,6.7541,162.0985,0.00031216,6.7541,6.7541,6.7541,8.4426,0.0000,162.0985,0.00031216,28.7049,26.9321,140.1477,141.9205,0.00026989,0.00027331,0.00001301,84.8350,77.3233,0.0280,5.6284,0.3838,17309.1614,200.7667,91.2509,79.7578,34.0832,58.2266,102.2495,170.4158,241.2244,332.7233,51.1247,0.0,4.142857,5.714285,1.45698,29,141,174,4,0.47516736,0.00032517,-0.01119525,0E-8,0.000000,0.896863,0.000000,0.02195065,2026-06-03,2026-08-03,30,440,303,62,0.483871,1.144100,1.075628,1.583891,,,,,,,,GLOBAL_BASELINE_NO_ENTITY_RANKING,,,NOT_APPLICABLE_GLOBAL_BASELINE,HF9g-P5,,,,X 全窗基线 · 不参与实体赏罚,6879155,688,A168_HF9F_20260827_0900,2026-08-27 09:00:00
2026-06-19,135398611,2252,0,1347.9890933879,-131.5610088613,-131.5610088613,0.5000000,29,29,0.49971697586206897,0.499716975862,0.0028862916666555277,0.0028862916673588874,0.0028862916666555277,6.897E-14,ELIGIBLE,R03b_20260811_FULL_v1,L1_ELIGIBILITY,v2026-08-11,2026-03-21..2026-08-06,baccarat_bet02_101_all_pairs_incl_sentinel,round_win = game_pnl > 0 (decisive only),COMPATIBILITY_ONLY_NOT_PRODUCTION,519274.8434,465718.2974,168.8526,6121,6023,-0.00032517,0.01119525,-0.01075540,-0.00032517,-168.8526,519274.8434,OK,0.0000,6.7541,4.0000,96.0000,AG03-UNRESOLVED,ALL5_LEVELS_bet23_to_bet27,6.7541,6.7541,6.7541,8.4426,0.0000,4.000000,4.000000,4.000000,5.000000,0.000000,96.000000,96.000000,96.000000,95.000000,100.000000,5.0,28.7049,26.9321,140.1477,141.9205,PENDING_AG03,FALSE,NOT_FOR_ENFORCEMENT,162.0985,447089.5655,168.8526,162.0985,6.7541,0.00032517,0.00031216,6.7541,162.0985,0.00031216,6.7541,6.7541,6.7541,8.4426,0.0000,162.0985,0.00031216,28.7049,26.9321,140.1477,141.9205,0.00026989,0.00027331,0.00001301,84.8350,77.3233,0.0280,5.6284,0.3838,17309.1614,200.7667,91.2509,79.7578,34.0832,58.2266,102.2495,170.4158,241.2244,332.7233,51.1247,0.0,4.142857,5.714285,1.45698,29,141,174,4,0.47516736,0.00032517,-0.01119525,0E-8,0.000000,0.896863,0.000000,0.02195065,2026-06-03,2026-08-03,30,440,303,62,0.483871,1.144100,1.075628,1.583891,,,,,,,,GLOBAL_BASELINE_NO_ENTITY_RANKING,,,NOT_APPLICABLE_GLOBAL_BASELINE,HF9g-P5,,,,X 全窗基线 · 不参与实体赏罚,6879156,688,A168_HF9F_20260827_0900,2026-08-27 09:00:00
2026-06-19,135398611,2266,0,39.1956373552,-5.9645535106,-5.9645535106,0.5000000,2,2,0.50665070000000000,0.506650700000,-0.018812684590367487,-0.018812684590367487,-0.018812684590367487,0E-17,ELIGIBLE,R03b_20260811_FULL_v1,L1_ELIGIBILITY,v2026-08-11,2026-03-21..2026-08-06,baccarat_bet02_101_all_pairs_incl_sentinel,round_win = game_pnl > 0 (decisive only),COMPATIBILITY_ONLY_NOT_PRODUCTION,519274.8434,465718.2974,168.8526,6121,6023,-0.00032517,0.01119525,-0.01075540,-0.00032517,-168.8526,519274.8434,OK,0.0000,6.7541,4.0000,96.0000,AG03-UNRESOLVED,ALL5_LEVELS_bet23_to_bet27,6.7541,6.7541,6.7541,8.4426,0.0000,4.000000,4.000000,4.000000,5.000000,0.000000,96.000000,96.000000,96.000000,95.000000,100.000000,5.0,28.7049,26.9321,140.1477,141.9205,PENDING_AG03,FALSE,NOT_FOR_ENFORCEMENT,162.0985,447089.5655,168.8526,162.0985,6.7541,0.00032517,0.00031216,6.7541,162.0985,0.00031216,6.7541,6.7541,6.7541,8.4426,0.0000,162.0985,0.00031216,28.7049,26.9321,140.1477,141.9205,0.00026989,0.00027331,0.00001301,84.8350,77.3233,0.0280,5.6284,0.3838,17309.1614,200.7667,91.2509,79.7578,34.0832,58.2266,102.2495,170.4158,241.2244,332.7233,51.1247,0.0,4.142857,5.714285,1.45698,29,141,174,4,0.47516736,0.00032517,-0.01119525,0E-8,0.000000,0.896863,0.000000,0.02195065,2026-06-03,2026-08-03,30,440,303,62,0.483871,1.144100,1.075628,1.583891,,,,,,,,GLOBAL_BASELINE_NO_ENTITY_RANKING,,,NOT_APPLICABLE_GLOBAL_BASELINE,HF9g-P5,,,,X 全窗基线 · 不参与实体赏罚,6879157,688,A168_HF9F_20260827_0900,2026-08-27 09:00:00
2026-06-19,135398611,2281,0,2177.9141104291,104.0388548057,104.0388548057,0.5000000,56,56,0.49994810000000000,0.499948100000,0.0007485124488187254,0.0007485124488187254,0.0007485124488187254,0E-17,ELIGIBLE,R03b_20260811_FULL_v1,L1_ELIGIBILITY,v2026-08-11,2026-03-21..2026-08-06,baccarat_bet02_101_all_pairs_incl_sentinel,round_win = game_pnl > 0 (decisive only),COMPATIBILITY_ONLY_NOT_PRODUCTION,519274.8434,465718.2974,168.8526,6121,6023,-0.00032517,0.01119525,-0.01075540,-0.00032517,-168.8526,519274.8434,OK,0.0000,6.7541,4.0000,96.0000,AG03-UNRESOLVED,ALL5_LEVELS_bet23_to_bet27,6.7541,6.7541,6.7541,8.4426,0.0000,4.000000,4.000000,4.000000,5.000000,0.000000,96.000000,96.000000,96.000000,95.000000,100.000000,5.0,28.7049,26.9321,140.1477,141.9205,PENDING_AG03,FALSE,NOT_FOR_ENFORCEMENT,162.0985,447089.5655,168.8526,162.0985,6.7541,0.00032517,0.00031216,6.7541,162.0985,0.00031216,6.7541,6.7541,6.7541,8.4426,0.0000,162.0985,0.00031216,28.7049,26.9321,140.1477,141.9205,0.00026989,0.00027331,0.00001301,84.8350,77.3233,0.0280,5.6284,0.3838,17309.1614,200.7667,91.2509,79.7578,34.0832,58.2266,102.2495,170.4158,241.2244,332.7233,51.1247,0.0,4.142857,5.714285,1.45698,29,141,174,4,0.47516736,0.00032517,-0.01119525,0E-8,0.000000,0.896863,0.000000,0.02195065,2026-06-03,2026-08-03,30,440,303,62,0.483871,1.144100,1.075628,1.583891,,,,,,,,GLOBAL_BASELINE_NO_ENTITY_RANKING,,,NOT_APPLICABLE_GLOBAL_BASELINE,HF9g-P5,,,,X 全窗基线 · 不参与实体赏罚,6879158,688,A168_HF9F_20260827_0900,2026-08-27 09:00:00
2026-06-20,135398611,1400,0,581.1179277437,314.4171779141,314.4171779141,0.8181818,12,12,0.50665070000000000,0.506650700000,2.066646490177028,2.066646490177028,2.066646490177028,0E-17,ELIGIBLE,R03b_20260811_FULL_v1,L1_ELIGIBILITY,v2026-08-11,2026-03-21..2026-08-06,baccarat_bet02_101_all_pairs_incl_sentinel,round_win = game_pnl > 0 (decisive only),COMPATIBILITY_ONLY_NOT_PRODUCTION,519274.8434,465718.2974,168.8526,6121,6023,-0.00032517,0.01119525,-0.01075540,-0.00032517,-168.8526,519274.8434,OK,0.0000,6.7541,4.0000,96.0000,AG03-UNRESOLVED,ALL5_LEVELS_bet23_to_bet27,6.7541,6.7541,6.7541,8.4426,0.0000,4.000000,4.000000,4.000000,5.000000,0.000000,96.000000,96.000000,96.000000,95.000000,100.000000,5.0,28.7049,26.9321,140.1477,141.9205,PENDING_AG03,FALSE,NOT_FOR_ENFORCEMENT,162.0985,447089.5655,168.8526,162.0985,6.7541,0.00032517,0.00031216,6.7541,162.0985,0.00031216,6.7541,6.7541,6.7541,8.4426,0.0000,162.0985,0.00031216,28.7049,26.9321,140.1477,141.9205,0.00026989,0.00027331,0.00001301,84.8350,77.3233,0.0280,5.6284,0.3838,17309.1614,200.7667,91.2509,79.7578,34.0832,58.2266,102.2495,170.4158,241.2244,332.7233,51.1247,0.0,4.142857,5.714285,1.45698,29,141,174,4,0.47516736,0.00032517,-0.01119525,0E-8,0.000000,0.896863,0.000000,0.02195065,2026-06-03,2026-08-03,30,440,303,62,0.483871,1.144100,1.075628,1.583891,,,,,,,,GLOBAL_BASELINE_NO_ENTITY_RANKING,,,NOT_APPLICABLE_GLOBAL_BASELINE,HF9g-P5,,,,X 全窗基线 · 不参与实体赏罚,6879159,688,A168_HF9F_20260827_0900,2026-08-27 09:00:00
2026-06-20,135398611,1942,0,1460.4635310158,100.3749147922,100.3749147922,0.4800000,29,29,0.50064147241379310,0.500641472414,-0.2064148940120331,-0.20641489401410223,-0.2064148940120331,-2.0690E-13,ELIGIBLE,R03b_20260811_FULL_v1,L1_ELIGIBILITY,v2026-08-11,2026-03-21..2026-08-06,baccarat_bet02_101_all_pairs_incl_sentinel,round_win = game_pnl > 0 (decisive only),COMPATIBILITY_ONLY_NOT_PRODUCTION,519274.8434,465718.2974,168.8526,6121,6023,-0.00032517,0.01119525,-0.01075540,-0.00032517,-168.8526,519274.8434,OK,0.0000,6.7541,4.0000,96.0000,AG03-UNRESOLVED,ALL5_LEVELS_bet23_to_bet27,6.7541,6.7541,6.7541,8.4426,0.0000,4.000000,4.000000,4.000000,5.000000,0.000000,96.000000,96.000000,96.000000,95.000000,100.000000,5.0,28.7049,26.9321,140.1477,141.9205,PENDING_AG03,FALSE,NOT_FOR_ENFORCEMENT,162.0985,447089.5655,168.8526,162.0985,6.7541,0.00032517,0.00031216,6.7541,162.0985,0.00031216,6.7541,6.7541,6.7541,8.4426,0.0000,162.0985,0.00031216,28.7049,26.9321,140.1477,141.9205,0.00026989,0.00027331,0.00001301,84.8350,77.3233,0.0280,5.6284,0.3838,17309.1614,200.7667,91.2509,79.7578,34.0832,58.2266,102.2495,170.4158,241.2244,332.7233,51.1247,0.0,4.142857,5.714285,1.45698,29,141,174,4,0.47516736,0.00032517,-0.01119525,0E-8,0.000000,0.896863,0.000000,0.02195065,2026-06-03,2026-08-03,30,440,303,62,0.483871,1.144100,1.075628,1.583891,,,,,,,,GLOBAL_BASELINE_NO_ENTITY_RANKING,,,NOT_APPLICABLE_GLOBAL_BASELINE,HF9g-P5,,,,X 全窗基线 · 不参与实体赏罚,6879160,688,A168_HF9F_20260827_0900,2026-08-27 09:00:00
2026-06-20,135398611,1990,0,516.3599182004,-123.7218813905,-123.7218813905,0.3636364,12,12,0.50218230000000000,0.502182300000,-0.919018527863827,-0.919018527863827,-0.919018527863827,0E-17,ELIGIBLE,R03b_20260811_FULL_v1,L1_ELIGIBILITY,v2026-08-11,2026-03-21..2026-08-06,baccarat_bet02_101_all_pairs_incl_sentinel,round_win = game_pnl > 0 (decisive only),COMPATIBILITY_ONLY_NOT_PRODUCTION,519274.8434,465718.2974,168.8526,6121,6023,-0.00032517,0.01119525,-0.01075540,-0.00032517,-168.8526,519274.8434,OK,0.0000,6.7541,4.0000,96.0000,AG03-UNRESOLVED,ALL5_LEVELS_bet23_to_bet27,6.7541,6.7541,6.7541,8.4426,0.0000,4.000000,4.000000,4.000000,5.000000,0.000000,96.000000,96.000000,96.000000,95.000000,100.000000,5.0,28.7049,26.9321,140.1477,141.9205,PENDING_AG03,FALSE,NOT_FOR_ENFORCEMENT,162.0985,447089.5655,168.8526,162.0985,6.7541,0.00032517,0.00031216,6.7541,162.0985,0.00031216,6.7541,6.7541,6.7541,8.4426,0.0000,162.0985,0.00031216,28.7049,26.9321,140.1477,141.9205,0.00026989,0.00027331,0.00001301,84.8350,77.3233,0.0280,5.6284,0.3838,17309.1614,200.7667,91.2509,79.7578,34.0832,58.2266,102.2495,170.4158,241.2244,332.7233,51.1247,0.0,4.142857,5.714285,1.45698,29,141,174,4,0.47516736,0.00032517,-0.01119525,0E-8,0.000000,0.896863,0.000000,0.02195065,2026-06-03,2026-08-03,30,440,303,62,0.483871,1.144100,1.075628,1.583891,,,,,,,,GLOBAL_BASELINE_NO_ENTITY_RANKING,,,NOT_APPLICABLE_GLOBAL_BASELINE,HF9g-P5,,,,X 全窗基线 · 不参与实体赏罚,6879161,688,A168_HF9F_20260827_0900,2026-08-27 09:00:00
2026-06-20,135398611,2101,0,925.3578732105,-136.7586912064,-136.7586912064,0.4500000,25,23,0.49299501842648567,0.482341343478,-0.3845968815928092,-0.2894503438580688,-0.3845968815928092,0.01065367494848567,ELIGIBLE,R03b_20260811_FULL_v1,L1_ELIGIBILITY,v2026-08-11,2026-03-21..2026-08-06,baccarat_bet02_101_all_pairs_incl_sentinel,round_win = game_pnl > 0 (decisive only),COMPATIBILITY_ONLY_NOT_PRODUCTION,519274.8434,465718.2974,168.8526,6121,6023,-0.00032517,0.01119525,-0.01075540,-0.00032517,-168.8526,519274.8434,OK,0.0000,6.7541,4.0000,96.0000,AG03-UNRESOLVED,ALL5_LEVELS_bet23_to_bet27,6.7541,6.7541,6.7541,8.4426,0.0000,4.000000,4.000000,4.000000,5.000000,0.000000,96.000000,96.000000,96.000000,95.000000,100.000000,5.0,28.7049,26.9321,140.1477,141.9205,PENDING_AG03,FALSE,NOT_FOR_ENFORCEMENT,162.0985,447089.5655,168.8526,162.0985,6.7541,0.00032517,0.00031216,6.7541,162.0985,0.00031216,6.7541,6.7541,6.7541,8.4426,0.0000,162.0985,0.00031216,28.7049,26.9321,140.1477,141.9205,0.00026989,0.00027331,0.00001301,84.8350,77.3233,0.0280,5.6284,0.3838,17309.1614,200.7667,91.2509,79.7578,34.0832,58.2266,102.2495,170.4158,241.2244,332.7233,51.1247,0.0,4.142857,5.714285,1.45698,29,141,174,4,0.47516736,0.00032517,-0.01119525,0E-8,0.000000,0.896863,0.000000,0.02195065,2026-06-03,2026-08-03,30,440,303,62,0.483871,1.144100,1.075628,1.583891,,,,,,,,GLOBAL_BASELINE_NO_ENTITY_RANKING,,,NOT_APPLICABLE_GLOBAL_BASELINE,HF9g-P5,,,,X 全窗基线 · 不参与实体赏罚,6879162,688,A168_HF9F_20260827_0900,2026-08-27 09:00:00
2026-06-20,135398611,2167,0,340.8316291751,-27.1813224268,-27.1813224268,0.4285714,9,9,0.50218230000000000,0.502182300000,-0.3895158292854737,-0.3895158292854737,-0.3895158292854737,0E-17,ELIGIBLE,R03b_20260811_FULL_v1,L1_ELIGIBILITY,v2026-08-11,2026-03-21..2026-08-06,baccarat_bet02_101_all_pairs_incl_sentinel,round_win = game_pnl > 0 (decisive only),COMPATIBILITY_ONLY_NOT_PRODUCTION,519274.8434,465718.2974,168.8526,6121,6023,-0.00032517,0.01119525,-0.01075540,-0.00032517,-168.8526,519274.8434,OK,0.0000,6.7541,4.0000,96.0000,AG03-UNRESOLVED,ALL5_LEVELS_bet23_to_bet27,6.7541,6.7541,6.7541,8.4426,0.0000,4.000000,4.000000,4.000000,5.000000,0.000000,96.000000,96.000000,96.000000,95.000000,100.000000,5.0,28.7049,26.9321,140.1477,141.9205,PENDING_AG03,FALSE,NOT_FOR_ENFORCEMENT,162.0985,447089.5655,168.8526,162.0985,6.7541,0.00032517,0.00031216,6.7541,162.0985,0.00031216,6.7541,6.7541,6.7541,8.4426,0.0000,162.0985,0.00031216,28.7049,26.9321,140.1477,141.9205,0.00026989,0.00027331,0.00001301,84.8350,77.3233,0.0280,5.6284,0.3838,17309.1614,200.7667,91.2509,79.7578,34.0832,58.2266,102.2495,170.4158,241.2244,332.7233,51.1247,0.0,4.142857,5.714285,1.45698,29,141,174,4,0.47516736,0.00032517,-0.01119525,0E-8,0.000000,0.896863,0.000000,0.02195065,2026-06-03,2026-08-03,30,440,303,62,0.483871,1.144100,1.075628,1.583891,,,,,,,,GLOBAL_BASELINE_NO_ENTITY_RANKING,,,NOT_APPLICABLE_GLOBAL_BASELINE,HF9g-P5,,,,X 全窗基线 · 不参与实体赏罚,6879163,688,A168_HF9F_20260827_0900,2026-08-27 09:00:00
2026-06-20,135398611,2252,0,899.7955010224,162.4914792092,162.4914792092,0.6470588,22,22,0.49933877272727273,0.499338772727,1.2181318101449674,1.2181318101472174,1.2181318101449674,2.7273E-13,ELIGIBLE,R03b_20260811_FULL_v1,L1_ELIGIBILITY,v2026-08-11,2026-03-21..2026-08-06,baccarat_bet02_101_all_pairs_incl_sentinel,round_win = game_pnl > 0 (decisive only),COMPATIBILITY_ONLY_NOT_PRODUCTION,519274.8434,465718.2974,168.8526,6121,6023,-0.00032517,0.01119525,-0.01075540,-0.00032517,-168.8526,519274.8434,OK,0.0000,6.7541,4.0000,96.0000,AG03-UNRESOLVED,ALL5_LEVELS_bet23_to_bet27,6.7541,6.7541,6.7541,8.4426,0.0000,4.000000,4.000000,4.000000,5.000000,0.000000,96.000000,96.000000,96.000000,95.000000,100.000000,5.0,28.7049,26.9321,140.1477,141.9205,PENDING_AG03,FALSE,NOT_FOR_ENFORCEMENT,162.0985,447089.5655,168.8526,162.0985,6.7541,0.00032517,0.00031216,6.7541,162.0985,0.00031216,6.7541,6.7541,6.7541,8.4426,0.0000,162.0985,0.00031216,28.7049,26.9321,140.1477,141.9205,0.00026989,0.00027331,0.00001301,84.8350,77.3233,0.0280,5.6284,0.3838,17309.1614,200.7667,91.2509,79.7578,34.0832,58.2266,102.2495,170.4158,241.2244,332.7233,51.1247,0.0,4.142857,5.714285,1.45698,29,141,174,4,0.47516736,0.00032517,-0.01119525,0E-8,0.000000,0.896863,0.000000,0.02195065,2026-06-03,2026-08-03,30,440,303,62,0.483871,1.144100,1.075628,1.583891,,,,,,,,GLOBAL_BASELINE_NO_ENTITY_RANKING,,,NOT_APPLICABLE_GLOBAL_BASELINE,HF9g-P5,,,,X 全窗基线 · 不参与实体赏罚,6879164,688,A168_HF9F_20260827_0900,2026-08-27 09:00:00
2026-06-20,135398611,583,0,134.6284935242,-84.7818677574,-84.7818677574,0.1666667,6,6,0.49771390000000000,0.497713900000,-1.6218105569273533,-1.6218105569273533,-1.6218105569273533,0E-17,ELIGIBLE,R03b_20260811_FULL_v1,L1_ELIGIBILITY,v2026-08-11,2026-03-21..2026-08-06,baccarat_bet02_101_all_pairs_incl_sentinel,round_win = game_pnl > 0 (decisive only),COMPATIBILITY_ONLY_NOT_PRODUCTION,519274.8434,465718.2974,168.8526,6121,6023,-0.00032517,0.01119525,-0.01075540,-0.00032517,-168.8526,519274.8434,OK,0.0000,6.7541,4.0000,96.0000,AG03-UNRESOLVED,ALL5_LEVELS_bet23_to_bet27,6.7541,6.7541,6.7541,8.4426,0.0000,4.000000,4.000000,4.000000,5.000000,0.000000,96.000000,96.000000,96.000000,95.000000,100.000000,5.0,28.7049,26.9321,140.1477,141.9205,PENDING_AG03,FALSE,NOT_FOR_ENFORCEMENT,162.0985,447089.5655,168.8526,162.0985,6.7541,0.00032517,0.00031216,6.7541,162.0985,0.00031216,6.7541,6.7541,6.7541,8.4426,0.0000,162.0985,0.00031216,28.7049,26.9321,140.1477,141.9205,0.00026989,0.00027331,0.00001301,84.8350,77.3233,0.0280,5.6284,0.3838,17309.1614,200.7667,91.2509,79.7578,34.0832,58.2266,102.2495,170.4158,241.2244,332.7233,51.1247,0.0,4.142857,5.714285,1.45698,29,141,174,4,0.47516736,0.00032517,-0.01119525,0E-8,0.000000,0.896863,0.000000,0.02195065,2026-06-03,2026-08-03,30,440,303,62,0.483871,1.144100,1.075628,1.583891,,,,,,,,GLOBAL_BASELINE_NO_ENTITY_RANKING,,,NOT_APPLICABLE_GLOBAL_BASELINE,HF9g-P5,,,,X 全窗基线 · 不参与实体赏罚,6879165,688,A168_HF9F_20260827_0900,2026-08-27 09:00:00
2026-06-22,135398611,-1,1,8986.0259032026,80.2658486704,80.2658486704,0.5269461,182,181,0.49941379644830307,0.499429666851,0.7115922371080479,0.7111820291160639,0.7115922371080479,-0.00001587040269693,SENTINEL_DEALER,R03b_20260811_FULL_v1,L1_ELIGIBILITY,v2026-08-11,2026-03-21..2026-08-06,baccarat_bet02_101_all_pairs_incl_sentinel,round_win = game_pnl > 0 (decisive only),COMPATIBILITY_ONLY_NOT_PRODUCTION,519274.8434,465718.2974,168.8526,6121,6023,-0.00032517,0.01119525,-0.01075540,-0.00032517,-168.8526,519274.8434,OK,0.0000,6.7541,4.0000,96.0000,AG03-UNRESOLVED,ALL5_LEVELS_bet23_to_bet27,6.7541,6.7541,6.7541,8.4426,0.0000,4.000000,4.000000,4.000000,5.000000,0.000000,96.000000,96.000000,96.000000,95.000000,100.000000,5.0,28.7049,26.9321,140.1477,141.9205,PENDING_AG03,FALSE,NOT_FOR_ENFORCEMENT,162.0985,447089.5655,168.8526,162.0985,6.7541,0.00032517,0.00031216,6.7541,162.0985,0.00031216,6.7541,6.7541,6.7541,8.4426,0.0000,162.0985,0.00031216,28.7049,26.9321,140.1477,141.9205,0.00026989,0.00027331,0.00001301,84.8350,77.3233,0.0280,5.6284,0.3838,17309.1614,200.7667,91.2509,79.7578,34.0832,58.2266,102.2495,170.4158,241.2244,332.7233,51.1247,0.0,4.142857,5.714285,1.45698,29,141,174,4,0.47516736,0.00032517,-0.01119525,0E-8,0.000000,0.896863,0.000000,0.02195065,2026-06-03,2026-08-03,30,440,303,62,0.483871,1.144100,1.075628,1.583891,,,,,,,,GLOBAL_BASELINE_NO_ENTITY_RANKING,,,NOT_APPLICABLE_GLOBAL_BASELINE,HF9g-P5,,,,X 全窗基线 · 不参与实体赏罚,6879166,688,A168_HF9F_20260827_0900,2026-08-27 09:00:00
2026-06-22,135398611,1109,0,642.4676209950,114.0933878664,114.0933878664,0.6000000,16,16,0.50078592500000000,0.500785925000,0.7685098697527747,0.7685098697527747,0.7685098697527747,0E-17,ELIGIBLE,R03b_20260811_FULL_v1,L1_ELIGIBILITY,v2026-08-11,2026-03-21..2026-08-06,baccarat_bet02_101_all_pairs_incl_sentinel,round_win = game_pnl > 0 (decisive only),COMPATIBILITY_ONLY_NOT_PRODUCTION,519274.8434,465718.2974,168.8526,6121,6023,-0.00032517,0.01119525,-0.01075540,-0.00032517,-168.8526,519274.8434,OK,0.0000,6.7541,4.0000,96.0000,AG03-UNRESOLVED,ALL5_LEVELS_bet23_to_bet27,6.7541,6.7541,6.7541,8.4426,0.0000,4.000000,4.000000,4.000000,5.000000,0.000000,96.000000,96.000000,96.000000,95.000000,100.000000,5.0,28.7049,26.9321,140.1477,141.9205,PENDING_AG03,FALSE,NOT_FOR_ENFORCEMENT,162.0985,447089.5655,168.8526,162.0985,6.7541,0.00032517,0.00031216,6.7541,162.0985,0.00031216,6.7541,6.7541,6.7541,8.4426,0.0000,162.0985,0.00031216,28.7049,26.9321,140.1477,141.9205,0.00026989,0.00027331,0.00001301,84.8350,77.3233,0.0280,5.6284,0.3838,17309.1614,200.7667,91.2509,79.7578,34.0832,58.2266,102.2495,170.4158,241.2244,332.7233,51.1247,0.0,4.142857,5.714285,1.45698,29,141,174,4,0.47516736,0.00032517,-0.01119525,0E-8,0.000000,0.896863,0.000000,0.02195065,2026-06-03,2026-08-03,30,440,303,62,0.483871,1.144100,1.075628,1.583891,,,,,,,,GLOBAL_BASELINE_NO_ENTITY_RANKING,,,NOT_APPLICABLE_GLOBAL_BASELINE,HF9g-P5,,,,X 全窗基线 · 不参与实体赏罚,6879167,688,A168_HF9F_20260827_0900,2026-08-27 09:00:00
2026-06-22,135398611,1157,0,320.3817314248,-85.2079072940,-85.2079072940,0.4000000,10,10,0.49994810000000000,0.499948100000,-0.6321272910179592,-0.6321272910179592,-0.6321272910179592,0E-17,ELIGIBLE,R03b_20260811_FULL_v1,L1_ELIGIBILITY,v2026-08-11,2026-03-21..2026-08-06,baccarat_bet02_101_all_pairs_incl_sentinel,round_win = game_pnl > 0 (decisive only),COMPATIBILITY_ONLY_NOT_PRODUCTION,519274.8434,465718.2974,168.8526,6121,6023,-0.00032517,0.01119525,-0.01075540,-0.00032517,-168.8526,519274.8434,OK,0.0000,6.7541,4.0000,96.0000,AG03-UNRESOLVED,ALL5_LEVELS_bet23_to_bet27,6.7541,6.7541,6.7541,8.4426,0.0000,4.000000,4.000000,4.000000,5.000000,0.000000,96.000000,96.000000,96.000000,95.000000,100.000000,5.0,28.7049,26.9321,140.1477,141.9205,PENDING_AG03,FALSE,NOT_FOR_ENFORCEMENT,162.0985,447089.5655,168.8526,162.0985,6.7541,0.00032517,0.00031216,6.7541,162.0985,0.00031216,6.7541,6.7541,6.7541,8.4426,0.0000,162.0985,0.00031216,28.7049,26.9321,140.1477,141.9205,0.00026989,0.00027331,0.00001301,84.8350,77.3233,0.0280,5.6284,0.3838,17309.1614,200.7667,91.2509,79.7578,34.0832,58.2266,102.2495,170.4158,241.2244,332.7233,51.1247,0.0,4.142857,5.714285,1.45698,29,141,174,4,0.47516736,0.00032517,-0.01119525,0E-8,0.000000,0.896863,0.000000,0.02195065,2026-06-03,2026-08-03,30,440,303,62,0.483871,1.144100,1.075628,1.583891,,,,,,,,GLOBAL_BASELINE_NO_ENTITY_RANKING,,,NOT_APPLICABLE_GLOBAL_BASELINE,HF9g-P5,,,,X 全窗基线 · 不参与实体赏罚,6879168,688,A168_HF9F_20260827_0900,2026-08-27 09:00:00
2026-06-22,135398611,1374,0,1252.5562372188,-495.6543967280,-495.6543967280,0.3600000,27,27,0.49920336666666667,0.499203366667,-1.392035433507837,-1.3920354335111689,-1.392035433507837,-3.3333E-13,ELIGIBLE,R03b_20260811_FULL_v1,L1_ELIGIBILITY,v2026-08-11,2026-03-21..2026-08-06,baccarat_bet02_101_all_pairs_incl_sentinel,round_win = game_pnl > 0 (decisive only),COMPATIBILITY_ONLY_NOT_PRODUCTION,519274.8434,465718.2974,168.8526,6121,6023,-0.00032517,0.01119525,-0.01075540,-0.00032517,-168.8526,519274.8434,OK,0.0000,6.7541,4.0000,96.0000,AG03-UNRESOLVED,ALL5_LEVELS_bet23_to_bet27,6.7541,6.7541,6.7541,8.4426,0.0000,4.000000,4.000000,4.000000,5.000000,0.000000,96.000000,96.000000,96.000000,95.000000,100.000000,5.0,28.7049,26.9321,140.1477,141.9205,PENDING_AG03,FALSE,NOT_FOR_ENFORCEMENT,162.0985,447089.5655,168.8526,162.0985,6.7541,0.00032517,0.00031216,6.7541,162.0985,0.00031216,6.7541,6.7541,6.7541,8.4426,0.0000,162.0985,0.00031216,28.7049,26.9321,140.1477,141.9205,0.00026989,0.00027331,0.00001301,84.8350,77.3233,0.0280,5.6284,0.3838,17309.1614,200.7667,91.2509,79.7578,34.0832,58.2266,102.2495,170.4158,241.2244,332.7233,51.1247,0.0,4.142857,5.714285,1.45698,29,141,174,4,0.47516736,0.00032517,-0.01119525,0E-8,0.000000,0.896863,0.000000,0.02195065,2026-06-03,2026-08-03,30,440,303,62,0.483871,1.144100,1.075628,1.583891,,,,,,,,GLOBAL_BASELINE_NO_ENTITY_RANKING,,,NOT_APPLICABLE_GLOBAL_BASELINE,HF9g-P5,,,,X 全窗基线 · 不参与实体赏罚,6879169,688,A168_HF9F_20260827_0900,2026-08-27 09:00:00
2026-06-22,135398611,1507,0,85.2079072938,-85.2079072938,-85.2079072938,0E-7,1,1,0.50665070000000000,0.506650700000,-1.013391052207602,-1.013391052207602,-1.013391052207602,0E-17,ELIGIBLE,R03b_20260811_FULL_v1,L1_ELIGIBILITY,v2026-08-11,2026-03-21..2026-08-06,baccarat_bet02_101_all_pairs_incl_sentinel,round_win = game_pnl > 0 (decisive only),COMPATIBILITY_ONLY_NOT_PRODUCTION,519274.8434,465718.2974,168.8526,6121,6023,-0.00032517,0.01119525,-0.01075540,-0.00032517,-168.8526,519274.8434,OK,0.0000,6.7541,4.0000,96.0000,AG03-UNRESOLVED,ALL5_LEVELS_bet23_to_bet27,6.7541,6.7541,6.7541,8.4426,0.0000,4.000000,4.000000,4.000000,5.000000,0.000000,96.000000,96.000000,96.000000,95.000000,100.000000,5.0,28.7049,26.9321,140.1477,141.9205,PENDING_AG03,FALSE,NOT_FOR_ENFORCEMENT,162.0985,447089.5655,168.8526,162.0985,6.7541,0.00032517,0.00031216,6.7541,162.0985,0.00031216,6.7541,6.7541,6.7541,8.4426,0.0000,162.0985,0.00031216,28.7049,26.9321,140.1477,141.9205,0.00026989,0.00027331,0.00001301,84.8350,77.3233,0.0280,5.6284,0.3838,17309.1614,200.7667,91.2509,79.7578,34.0832,58.2266,102.2495,170.4158,241.2244,332.7233,51.1247,0.0,4.142857,5.714285,1.45698,29,141,174,4,0.47516736,0.00032517,-0.01119525,0E-8,0.000000,0.896863,0.000000,0.02195065,2026-06-03,2026-08-03,30,440,303,62,0.483871,1.144100,1.075628,1.583891,,,,,,,,GLOBAL_BASELINE_NO_ENTITY_RANKING,,,NOT_APPLICABLE_GLOBAL_BASELINE,HF9g-P5,,,,X 全窗基线 · 不参与实体赏罚,6879170,688,A168_HF9F_20260827_0900,2026-08-27 09:00:00
2026-06-22,135398611,1985,0,954.3285616907,65.4396728015,65.4396728015,0.5000000,18,18,0.50069283333333333,0.500692833333,-0.00587889142273537,-0.005878891419906962,-0.00587889142273537,3.3333E-13,ELIGIBLE,R03b_20260811_FULL_v1,L1_ELIGIBILITY,v2026-08-11,2026-03-21..2026-08-06,baccarat_bet02_101_all_pairs_incl_sentinel,round_win = game_pnl > 0 (decisive only),COMPATIBILITY_ONLY_NOT_PRODUCTION,519274.8434,465718.2974,168.8526,6121,6023,-0.00032517,0.01119525,-0.01075540,-0.00032517,-168.8526,519274.8434,OK,0.0000,6.7541,4.0000,96.0000,AG03-UNRESOLVED,ALL5_LEVELS_bet23_to_bet27,6.7541,6.7541,6.7541,8.4426,0.0000,4.000000,4.000000,4.000000,5.000000,0.000000,96.000000,96.000000,96.000000,95.000000,100.000000,5.0,28.7049,26.9321,140.1477,141.9205,PENDING_AG03,FALSE,NOT_FOR_ENFORCEMENT,162.0985,447089.5655,168.8526,162.0985,6.7541,0.00032517,0.00031216,6.7541,162.0985,0.00031216,6.7541,6.7541,6.7541,8.4426,0.0000,162.0985,0.00031216,28.7049,26.9321,140.1477,141.9205,0.00026989,0.00027331,0.00001301,84.8350,77.3233,0.0280,5.6284,0.3838,17309.1614,200.7667,91.2509,79.7578,34.0832,58.2266,102.2495,170.4158,241.2244,332.7233,51.1247,0.0,4.142857,5.714285,1.45698,29,141,174,4,0.47516736,0.00032517,-0.01119525,0E-8,0.000000,0.896863,0.000000,0.02195065,2026-06-03,2026-08-03,30,440,303,62,0.483871,1.144100,1.075628,1.583891,,,,,,,,GLOBAL_BASELINE_NO_ENTITY_RANKING,,,NOT_APPLICABLE_GLOBAL_BASELINE,HF9g-P5,,,,X 全窗基线 · 不参与实体赏罚,6879171,688,A168_HF9F_20260827_0900,2026-08-27 09:00:00
2026-06-22,135398611,2121,0,119.2910702113,-119.2910702113,-119.2910702113,0E-7,2,2,0.49994810000000000,0.499948100000,-1.4140667746232096,-1.4140667746232096,-1.4140667746232096,0E-17,ELIGIBLE,R03b_20260811_FULL_v1,L1_ELIGIBILITY,v2026-08-11,2026-03-21..2026-08-06,baccarat_bet02_101_all_pairs_incl_sentinel,round_win = game_pnl > 0 (decisive only),COMPATIBILITY_ONLY_NOT_PRODUCTION,519274.8434,465718.2974,168.8526,6121,6023,-0.00032517,0.01119525,-0.01075540,-0.00032517,-168.8526,519274.8434,OK,0.0000,6.7541,4.0000,96.0000,AG03-UNRESOLVED,ALL5_LEVELS_bet23_to_bet27,6.7541,6.7541,6.7541,8.4426,0.0000,4.000000,4.000000,4.000000,5.000000,0.000000,96.000000,96.000000,96.000000,95.000000,100.000000,5.0,28.7049,26.9321,140.1477,141.9205,PENDING_AG03,FALSE,NOT_FOR_ENFORCEMENT,162.0985,447089.5655,168.8526,162.0985,6.7541,0.00032517,0.00031216,6.7541,162.0985,0.00031216,6.7541,6.7541,6.7541,8.4426,0.0000,162.0985,0.00031216,28.7049,26.9321,140.1477,141.9205,0.00026989,0.00027331,0.00001301,84.8350,77.3233,0.0280,5.6284,0.3838,17309.1614,200.7667,91.2509,79.7578,34.0832,58.2266,102.2495,170.4158,241.2244,332.7233,51.1247,0.0,4.142857,5.714285,1.45698,29,141,174,4,0.47516736,0.00032517,-0.01119525,0E-8,0.000000,0.896863,0.000000,0.02195065,2026-06-03,2026-08-03,30,440,303,62,0.483871,1.144100,1.075628,1.583891,,,,,,,,GLOBAL_BASELINE_NO_ENTITY_RANKING,,,NOT_APPLICABLE_GLOBAL_BASELINE,HF9g-P5,,,,X 全窗基线 · 不参与实体赏罚,6879172,688,A168_HF9F_20260827_0900,2026-08-27 09:00:00
2026-06-22,135398611,2123,0,368.0981595092,68.9331970006,68.9331970006,0.6250000,8,8,0.50162375000000000,0.501623750000,0.6979251443573454,0.6979251443573454,0.6979251443573454,0E-17,ELIGIBLE,R03b_20260811_FULL_v1,L1_ELIGIBILITY,v2026-08-11,2026-03-21..2026-08-06,baccarat_bet02_101_all_pairs_incl_sentinel,round_win = game_pnl > 0 (decisive only),COMPATIBILITY_ONLY_NOT_PRODUCTION,519274.8434,465718.2974,168.8526,6121,6023,-0.00032517,0.01119525,-0.01075540,-0.00032517,-168.8526,519274.8434,OK,0.0000,6.7541,4.0000,96.0000,AG03-UNRESOLVED,ALL5_LEVELS_bet23_to_bet27,6.7541,6.7541,6.7541,8.4426,0.0000,4.000000,4.000000,4.000000,5.000000,0.000000,96.000000,96.000000,96.000000,95.000000,100.000000,5.0,28.7049,26.9321,140.1477,141.9205,PENDING_AG03,FALSE,NOT_FOR_ENFORCEMENT,162.0985,447089.5655,168.8526,162.0985,6.7541,0.00032517,0.00031216,6.7541,162.0985,0.00031216,6.7541,6.7541,6.7541,8.4426,0.0000,162.0985,0.00031216,28.7049,26.9321,140.1477,141.9205,0.00026989,0.00027331,0.00001301,84.8350,77.3233,0.0280,5.6284,0.3838,17309.1614,200.7667,91.2509,79.7578,34.0832,58.2266,102.2495,170.4158,241.2244,332.7233,51.1247,0.0,4.142857,5.714285,1.45698,29,141,174,4,0.47516736,0.00032517,-0.01119525,0E-8,0.000000,0.896863,0.000000,0.02195065,2026-06-03,2026-08-03,30,440,303,62,0.483871,1.144100,1.075628,1.583891,,,,,,,,GLOBAL_BASELINE_NO_ENTITY_RANKING,,,NOT_APPLICABLE_GLOBAL_BASELINE,HF9g-P5,,,,X 全窗基线 · 不参与实体赏罚,6879173,688,A168_HF9F_20260827_0900,2026-08-27 09:00:00
2026-06-22,135398611,2171,0,281.1860940696,-79.2433537832,-79.2433537832,0.3333333,6,6,0.49771390000000000,0.497713900000,-0.8053054414300617,-0.8053054414300617,-0.8053054414300617,0E-17,ELIGIBLE,R03b_20260811_FULL_v1,L1_ELIGIBILITY,v2026-08-11,2026-03-21..2026-08-06,baccarat_bet02_101_all_pairs_incl_sentinel,round_win = game_pnl > 0 (decisive only),COMPATIBILITY_ONLY_NOT_PRODUCTION,519274.8434,465718.2974,168.8526,6121,6023,-0.00032517,0.01119525,-0.01075540,-0.00032517,-168.8526,519274.8434,OK,0.0000,6.7541,4.0000,96.0000,AG03-UNRESOLVED,ALL5_LEVELS_bet23_to_bet27,6.7541,6.7541,6.7541,8.4426,0.0000,4.000000,4.000000,4.000000,5.000000,0.000000,96.000000,96.000000,96.000000,95.000000,100.000000,5.0,28.7049,26.9321,140.1477,141.9205,PENDING_AG03,FALSE,NOT_FOR_ENFORCEMENT,162.0985,447089.5655,168.8526,162.0985,6.7541,0.00032517,0.00031216,6.7541,162.0985,0.00031216,6.7541,6.7541,6.7541,8.4426,0.0000,162.0985,0.00031216,28.7049,26.9321,140.1477,141.9205,0.00026989,0.00027331,0.00001301,84.8350,77.3233,0.0280,5.6284,0.3838,17309.1614,200.7667,91.2509,79.7578,34.0832,58.2266,102.2495,170.4158,241.2244,332.7233,51.1247,0.0,4.142857,5.714285,1.45698,29,141,174,4,0.47516736,0.00032517,-0.01119525,0E-8,0.000000,0.896863,0.000000,0.02195065,2026-06-03,2026-08-03,30,440,303,62,0.483871,1.144100,1.075628,1.583891,,,,,,,,GLOBAL_BASELINE_NO_ENTITY_RANKING,,,NOT_APPLICABLE_GLOBAL_BASELINE,HF9g-P5,,,,X 全窗基线 · 不参与实体赏罚,6879174,688,A168_HF9F_20260827_0900,2026-08-27 09:00:00
2026-06-22,135398611,2174,0,51.1247443763,0E-10,0E-10,,1,1,0.50665070000000000,0.506650700000,,,,0E-17,NO_DECISIVE_ROUND,R03b_20260811_FULL_v1,L1_ELIGIBILITY,v2026-08-11,2026-03-21..2026-08-06,baccarat_bet02_101_all_pairs_incl_sentinel,round_win = game_pnl > 0 (decisive only),COMPATIBILITY_ONLY_NOT_PRODUCTION,519274.8434,465718.2974,168.8526,6121,6023,-0.00032517,0.01119525,-0.01075540,-0.00032517,-168.8526,519274.8434,OK,0.0000,6.7541,4.0000,96.0000,AG03-UNRESOLVED,ALL5_LEVELS_bet23_to_bet27,6.7541,6.7541,6.7541,8.4426,0.0000,4.000000,4.000000,4.000000,5.000000,0.000000,96.000000,96.000000,96.000000,95.000000,100.000000,5.0,28.7049,26.9321,140.1477,141.9205,PENDING_AG03,FALSE,NOT_FOR_ENFORCEMENT,162.0985,447089.5655,168.8526,162.0985,6.7541,0.00032517,0.00031216,6.7541,162.0985,0.00031216,6.7541,6.7541,6.7541,8.4426,0.0000,162.0985,0.00031216,28.7049,26.9321,140.1477,141.9205,0.00026989,0.00027331,0.00001301,84.8350,77.3233,0.0280,5.6284,0.3838,17309.1614,200.7667,91.2509,79.7578,34.0832,58.2266,102.2495,170.4158,241.2244,332.7233,51.1247,0.0,4.142857,5.714285,1.45698,29,141,174,4,0.47516736,0.00032517,-0.01119525,0E-8,0.000000,0.896863,0.000000,0.02195065,2026-06-03,2026-08-03,30,440,303,62,0.483871,1.144100,1.075628,1.583891,,,,,,,,GLOBAL_BASELINE_NO_ENTITY_RANKING,,,NOT_APPLICABLE_GLOBAL_BASELINE,HF9g-P5,,,,X 全窗基线 · 不参与实体赏罚,6879175,688,A168_HF9F_20260827_0900,2026-08-27 09:00:00
2026-06-22,135398611,2198,0,260.7361963187,-59.6455351056,-59.6455351056,0.3750000,9,9,0.49920336666666667,0.499203366667,-0.7026012343063094,-0.7026012343081942,-0.7026012343063094,-3.3333E-13,ELIGIBLE,R03b_20260811_FULL_v1,L1_ELIGIBILITY,v2026-08-11,2026-03-21..2026-08-06,baccarat_bet02_101_all_pairs_incl_sentinel,round_win = game_pnl > 0 (decisive only),COMPATIBILITY_ONLY_NOT_PRODUCTION,519274.8434,465718.2974,168.8526,6121,6023,-0.00032517,0.01119525,-0.01075540,-0.00032517,-168.8526,519274.8434,OK,0.0000,6.7541,4.0000,96.0000,AG03-UNRESOLVED,ALL5_LEVELS_bet23_to_bet27,6.7541,6.7541,6.7541,8.4426,0.0000,4.000000,4.000000,4.000000,5.000000,0.000000,96.000000,96.000000,96.000000,95.000000,100.000000,5.0,28.7049,26.9321,140.1477,141.9205,PENDING_AG03,FALSE,NOT_FOR_ENFORCEMENT,162.0985,447089.5655,168.8526,162.0985,6.7541,0.00032517,0.00031216,6.7541,162.0985,0.00031216,6.7541,6.7541,6.7541,8.4426,0.0000,162.0985,0.00031216,28.7049,26.9321,140.1477,141.9205,0.00026989,0.00027331,0.00001301,84.8350,77.3233,0.0280,5.6284,0.3838,17309.1614,200.7667,91.2509,79.7578,34.0832,58.2266,102.2495,170.4158,241.2244,332.7233,51.1247,0.0,4.142857,5.714285,1.45698,29,141,174,4,0.47516736,0.00032517,-0.01119525,0E-8,0.000000,0.896863,0.000000,0.02195065,2026-06-03,2026-08-03,30,440,303,62,0.483871,1.144100,1.075628,1.583891,,,,,,,,GLOBAL_BASELINE_NO_ENTITY_RANKING,,,NOT_APPLICABLE_GLOBAL_BASELINE,HF9g-P5,,,,X 全窗基线 · 不参与实体赏罚,6879176,688,A168_HF9F_20260827_0900,2026-08-27 09:00:00
2026-06-22,135398611,2209,0,669.7341513292,135.2249488754,135.2249488754,0.5833333,12,12,0.49883100000000000,0.498831000000,0.5854509388768454,0.5854509388768454,0.5854509388768454,0E-17,ELIGIBLE,R03b_20260811_FULL_v1,L1_ELIGIBILITY,v2026-08-11,2026-03-21..2026-08-06,baccarat_bet02_101_all_pairs_incl_sentinel,round_win = game_pnl > 0 (decisive only),COMPATIBILITY_ONLY_NOT_PRODUCTION,519274.8434,465718.2974,168.8526,6121,6023,-0.00032517,0.01119525,-0.01075540,-0.00032517,-168.8526,519274.8434,OK,0.0000,6.7541,4.0000,96.0000,AG03-UNRESOLVED,ALL5_LEVELS_bet23_to_bet27,6.7541,6.7541,6.7541,8.4426,0.0000,4.000000,4.000000,4.000000,5.000000,0.000000,96.000000,96.000000,96.000000,95.000000,100.000000,5.0,28.7049,26.9321,140.1477,141.9205,PENDING_AG03,FALSE,NOT_FOR_ENFORCEMENT,162.0985,447089.5655,168.8526,162.0985,6.7541,0.00032517,0.00031216,6.7541,162.0985,0.00031216,6.7541,6.7541,6.7541,8.4426,0.0000,162.0985,0.00031216,28.7049,26.9321,140.1477,141.9205,0.00026989,0.00027331,0.00001301,84.8350,77.3233,0.0280,5.6284,0.3838,17309.1614,200.7667,91.2509,79.7578,34.0832,58.2266,102.2495,170.4158,241.2244,332.7233,51.1247,0.0,4.142857,5.714285,1.45698,29,141,174,4,0.47516736,0.00032517,-0.01119525,0E-8,0.000000,0.896863,0.000000,0.02195065,2026-06-03,2026-08-03,30,440,303,62,0.483871,1.144100,1.075628,1.583891,,,,,,,,GLOBAL_BASELINE_NO_ENTITY_RANKING,,,NOT_APPLICABLE_GLOBAL_BASELINE,HF9g-P5,,,,X 全窗基线 · 不参与实体赏罚,6879177,688,A168_HF9F_20260827_0900,2026-08-27 09:00:00
2026-06-22,135398611,2212,0,199.3865030675,93.4730743013,93.4730743013,0.6666667,7,7,0.50473567142857143,0.504735671429,0.7933322080094374,0.7933322080073443,0.7933322080094374,-4.2857E-13,ELIGIBLE,R03b_20260811_FULL_v1,L1_ELIGIBILITY,v2026-08-11,2026-03-21..2026-08-06,baccarat_bet02_101_all_pairs_incl_sentinel,round_win = game_pnl > 0 (decisive only),COMPATIBILITY_ONLY_NOT_PRODUCTION,519274.8434,465718.2974,168.8526,6121,6023,-0.00032517,0.01119525,-0.01075540,-0.00032517,-168.8526,519274.8434,OK,0.0000,6.7541,4.0000,96.0000,AG03-UNRESOLVED,ALL5_LEVELS_bet23_to_bet27,6.7541,6.7541,6.7541,8.4426,0.0000,4.000000,4.000000,4.000000,5.000000,0.000000,96.000000,96.000000,96.000000,95.000000,100.000000,5.0,28.7049,26.9321,140.1477,141.9205,PENDING_AG03,FALSE,NOT_FOR_ENFORCEMENT,162.0985,447089.5655,168.8526,162.0985,6.7541,0.00032517,0.00031216,6.7541,162.0985,0.00031216,6.7541,6.7541,6.7541,8.4426,0.0000,162.0985,0.00031216,28.7049,26.9321,140.1477,141.9205,0.00026989,0.00027331,0.00001301,84.8350,77.3233,0.0280,5.6284,0.3838,17309.1614,200.7667,91.2509,79.7578,34.0832,58.2266,102.2495,170.4158,241.2244,332.7233,51.1247,0.0,4.142857,5.714285,1.45698,29,141,174,4,0.47516736,0.00032517,-0.01119525,0E-8,0.000000,0.896863,0.000000,0.02195065,2026-06-03,2026-08-03,30,440,303,62,0.483871,1.144100,1.075628,1.583891,,,,,,,,GLOBAL_BASELINE_NO_ENTITY_RANKING,,,NOT_APPLICABLE_GLOBAL_BASELINE,HF9g-P5,,,,X 全窗基线 · 不参与实体赏罚,6879178,688,A168_HF9F_20260827_0900,2026-08-27 09:00:00
2026-06-22,135398611,2222,0,393.6605316974,-71.0633946831,-71.0633946831,0.4444444,10,10,0.49860758000000000,0.498607580000,-0.3249800735002549,-0.32498007350025493,-0.3249800735002549,0E-17,ELIGIBLE,R03b_20260811_FULL_v1,L1_ELIGIBILITY,v2026-08-11,2026-03-21..2026-08-06,baccarat_bet02_101_all_pairs_incl_sentinel,round_win = game_pnl > 0 (decisive only),COMPATIBILITY_ONLY_NOT_PRODUCTION,519274.8434,465718.2974,168.8526,6121,6023,-0.00032517,0.01119525,-0.01075540,-0.00032517,-168.8526,519274.8434,OK,0.0000,6.7541,4.0000,96.0000,AG03-UNRESOLVED,ALL5_LEVELS_bet23_to_bet27,6.7541,6.7541,6.7541,8.4426,0.0000,4.000000,4.000000,4.000000,5.000000,0.000000,96.000000,96.000000,96.000000,95.000000,100.000000,5.0,28.7049,26.9321,140.1477,141.9205,PENDING_AG03,FALSE,NOT_FOR_ENFORCEMENT,162.0985,447089.5655,168.8526,162.0985,6.7541,0.00032517,0.00031216,6.7541,162.0985,0.00031216,6.7541,6.7541,6.7541,8.4426,0.0000,162.0985,0.00031216,28.7049,26.9321,140.1477,141.9205,0.00026989,0.00027331,0.00001301,84.8350,77.3233,0.0280,5.6284,0.3838,17309.1614,200.7667,91.2509,79.7578,34.0832,58.2266,102.2495,170.4158,241.2244,332.7233,51.1247,0.0,4.142857,5.714285,1.45698,29,141,174,4,0.47516736,0.00032517,-0.01119525,0E-8,0.000000,0.896863,0.000000,0.02195065,2026-06-03,2026-08-03,30,440,303,62,0.483871,1.144100,1.075628,1.583891,,,,,,,,GLOBAL_BASELINE_NO_ENTITY_RANKING,,,NOT_APPLICABLE_GLOBAL_BASELINE,HF9g-P5,,,,X 全窗基线 · 不参与实体赏罚,6879179,688,A168_HF9F_20260827_0900,2026-08-27 09:00:00
2026-06-22,135398611,2224,0,840.1499659168,-101.9086571234,-101.9086571234,0.4736842,20,20,0.50128862000000000,0.501288620000,-0.2406504618052994,-0.2406504618052994,-0.2406504618052994,0E-17,ELIGIBLE,R03b_20260811_FULL_v1,L1_ELIGIBILITY,v2026-08-11,2026-03-21..2026-08-06,baccarat_bet02_101_all_pairs_incl_sentinel,round_win = game_pnl > 0 (decisive only),COMPATIBILITY_ONLY_NOT_PRODUCTION,519274.8434,465718.2974,168.8526,6121,6023,-0.00032517,0.01119525,-0.01075540,-0.00032517,-168.8526,519274.8434,OK,0.0000,6.7541,4.0000,96.0000,AG03-UNRESOLVED,ALL5_LEVELS_bet23_to_bet27,6.7541,6.7541,6.7541,8.4426,0.0000,4.000000,4.000000,4.000000,5.000000,0.000000,96.000000,96.000000,96.000000,95.000000,100.000000,5.0,28.7049,26.9321,140.1477,141.9205,PENDING_AG03,FALSE,NOT_FOR_ENFORCEMENT,162.0985,447089.5655,168.8526,162.0985,6.7541,0.00032517,0.00031216,6.7541,162.0985,0.00031216,6.7541,6.7541,6.7541,8.4426,0.0000,162.0985,0.00031216,28.7049,26.9321,140.1477,141.9205,0.00026989,0.00027331,0.00001301,84.8350,77.3233,0.0280,5.6284,0.3838,17309.1614,200.7667,91.2509,79.7578,34.0832,58.2266,102.2495,170.4158,241.2244,332.7233,51.1247,0.0,4.142857,5.714285,1.45698,29,141,174,4,0.47516736,0.00032517,-0.01119525,0E-8,0.000000,0.896863,0.000000,0.02195065,2026-06-03,2026-08-03,30,440,303,62,0.483871,1.144100,1.075628,1.583891,,,,,,,,GLOBAL_BASELINE_NO_ENTITY_RANKING,,,NOT_APPLICABLE_GLOBAL_BASELINE,HF9g-P5,,,,X 全窗基线 · 不参与实体赏罚,6879180,688,A168_HF9F_20260827_0900,2026-08-27 09:00:00
2026-06-22,135398611,2248,0,1854.1240627131,-473.4151329242,-473.4151329242,0.3750000,41,41,0.50076549024390244,0.500765490244,-1.5908234652413173,-1.5908234652425526,-1.5908234652413173,-9.756E-14,ELIGIBLE,R03b_20260811_FULL_v1,L1_ELIGIBILITY,v2026-08-11,2026-03-21..2026-08-06,baccarat_bet02_101_all_pairs_incl_sentinel,round_win = game_pnl > 0 (decisive only),COMPATIBILITY_ONLY_NOT_PRODUCTION,519274.8434,465718.2974,168.8526,6121,6023,-0.00032517,0.01119525,-0.01075540,-0.00032517,-168.8526,519274.8434,OK,0.0000,6.7541,4.0000,96.0000,AG03-UNRESOLVED,ALL5_LEVELS_bet23_to_bet27,6.7541,6.7541,6.7541,8.4426,0.0000,4.000000,4.000000,4.000000,5.000000,0.000000,96.000000,96.000000,96.000000,95.000000,100.000000,5.0,28.7049,26.9321,140.1477,141.9205,PENDING_AG03,FALSE,NOT_FOR_ENFORCEMENT,162.0985,447089.5655,168.8526,162.0985,6.7541,0.00032517,0.00031216,6.7541,162.0985,0.00031216,6.7541,6.7541,6.7541,8.4426,0.0000,162.0985,0.00031216,28.7049,26.9321,140.1477,141.9205,0.00026989,0.00027331,0.00001301,84.8350,77.3233,0.0280,5.6284,0.3838,17309.1614,200.7667,91.2509,79.7578,34.0832,58.2266,102.2495,170.4158,241.2244,332.7233,51.1247,0.0,4.142857,5.714285,1.45698,29,141,174,4,0.47516736,0.00032517,-0.01119525,0E-8,0.000000,0.896863,0.000000,0.02195065,2026-06-03,2026-08-03,30,440,303,62,0.483871,1.144100,1.075628,1.583891,,,,,,,,GLOBAL_BASELINE_NO_ENTITY_RANKING,,,NOT_APPLICABLE_GLOBAL_BASELINE,HF9g-P5,,,,X 全窗基线 · 不参与实体赏罚,6879181,688,A168_HF9F_20260827_0900,2026-08-27 09:00:00
2026-06-22,135398611,2251,0,149.9659168371,-15.3374233130,-15.3374233130,0.5000000,4,4,0.49994810000000000,0.499948100000,0.00020760000111838688,0.00020760000111838688,0.00020760000111838688,0E-17,ELIGIBLE,R03b_20260811_FULL_v1,L1_ELIGIBILITY,v2026-08-11,2026-03-21..2026-08-06,baccarat_bet02_101_all_pairs_incl_sentinel,round_win = game_pnl > 0 (decisive only),COMPATIBILITY_ONLY_NOT_PRODUCTION,519274.8434,465718.2974,168.8526,6121,6023,-0.00032517,0.01119525,-0.01075540,-0.00032517,-168.8526,519274.8434,OK,0.0000,6.7541,4.0000,96.0000,AG03-UNRESOLVED,ALL5_LEVELS_bet23_to_bet27,6.7541,6.7541,6.7541,8.4426,0.0000,4.000000,4.000000,4.000000,5.000000,0.000000,96.000000,96.000000,96.000000,95.000000,100.000000,5.0,28.7049,26.9321,140.1477,141.9205,PENDING_AG03,FALSE,NOT_FOR_ENFORCEMENT,162.0985,447089.5655,168.8526,162.0985,6.7541,0.00032517,0.00031216,6.7541,162.0985,0.00031216,6.7541,6.7541,6.7541,8.4426,0.0000,162.0985,0.00031216,28.7049,26.9321,140.1477,141.9205,0.00026989,0.00027331,0.00001301,84.8350,77.3233,0.0280,5.6284,0.3838,17309.1614,200.7667,91.2509,79.7578,34.0832,58.2266,102.2495,170.4158,241.2244,332.7233,51.1247,0.0,4.142857,5.714285,1.45698,29,141,174,4,0.47516736,0.00032517,-0.01119525,0E-8,0.000000,0.896863,0.000000,0.02195065,2026-06-03,2026-08-03,30,440,303,62,0.483871,1.144100,1.075628,1.583891,,,,,,,,GLOBAL_BASELINE_NO_ENTITY_RANKING,,,NOT_APPLICABLE_GLOBAL_BASELINE,HF9g-P5,,,,X 全窗基线 · 不参与实体赏罚,6879182,688,A168_HF9F_20260827_0900,2026-08-27 09:00:00
2026-06-22,135398611,2252,0,294.8193592365,-14.0593047034,-14.0593047034,0.4000000,6,6,0.50441650000000000,0.504416500000,-0.466983001748531,-0.466983001748531,-0.466983001748531,0E-17,ELIGIBLE,R03b_20260811_FULL_v1,L1_ELIGIBILITY,v2026-08-11,2026-03-21..2026-08-06,baccarat_bet02_101_all_pairs_incl_sentinel,round_win = game_pnl > 0 (decisive only),COMPATIBILITY_ONLY_NOT_PRODUCTION,519274.8434,465718.2974,168.8526,6121,6023,-0.00032517,0.01119525,-0.01075540,-0.00032517,-168.8526,519274.8434,OK,0.0000,6.7541,4.0000,96.0000,AG03-UNRESOLVED,ALL5_LEVELS_bet23_to_bet27,6.7541,6.7541,6.7541,8.4426,0.0000,4.000000,4.000000,4.000000,5.000000,0.000000,96.000000,96.000000,96.000000,95.000000,100.000000,5.0,28.7049,26.9321,140.1477,141.9205,PENDING_AG03,FALSE,NOT_FOR_ENFORCEMENT,162.0985,447089.5655,168.8526,162.0985,6.7541,0.00032517,0.00031216,6.7541,162.0985,0.00031216,6.7541,6.7541,6.7541,8.4426,0.0000,162.0985,0.00031216,28.7049,26.9321,140.1477,141.9205,0.00026989,0.00027331,0.00001301,84.8350,77.3233,0.0280,5.6284,0.3838,17309.1614,200.7667,91.2509,79.7578,34.0832,58.2266,102.2495,170.4158,241.2244,332.7233,51.1247,0.0,4.142857,5.714285,1.45698,29,141,174,4,0.47516736,0.00032517,-0.01119525,0E-8,0.000000,0.896863,0.000000,0.02195065,2026-06-03,2026-08-03,30,440,303,62,0.483871,1.144100,1.075628,1.583891,,,,,,,,GLOBAL_BASELINE_NO_ENTITY_RANKING,,,NOT_APPLICABLE_GLOBAL_BASELINE,HF9g-P5,,,,X 全窗基线 · 不参与实体赏罚,6879183,688,A168_HF9F_20260827_0900,2026-08-27 09:00:00
2026-06-22,135398611,2276,0,1620.6543967280,2.3858214040,2.3858214040,0.5185185,35,35,0.50128862000000000,0.501288620000,0.17905895253061113,0.17905895253061113,0.17905895253061113,0E-17,ELIGIBLE,R03b_20260811_FULL_v1,L1_ELIGIBILITY,v2026-08-11,2026-03-21..2026-08-06,baccarat_bet02_101_all_pairs_incl_sentinel,round_win = game_pnl > 0 (decisive only),COMPATIBILITY_ONLY_NOT_PRODUCTION,519274.8434,465718.2974,168.8526,6121,6023,-0.00032517,0.01119525,-0.01075540,-0.00032517,-168.8526,519274.8434,OK,0.0000,6.7541,4.0000,96.0000,AG03-UNRESOLVED,ALL5_LEVELS_bet23_to_bet27,6.7541,6.7541,6.7541,8.4426,0.0000,4.000000,4.000000,4.000000,5.000000,0.000000,96.000000,96.000000,96.000000,95.000000,100.000000,5.0,28.7049,26.9321,140.1477,141.9205,PENDING_AG03,FALSE,NOT_FOR_ENFORCEMENT,162.0985,447089.5655,168.8526,162.0985,6.7541,0.00032517,0.00031216,6.7541,162.0985,0.00031216,6.7541,6.7541,6.7541,8.4426,0.0000,162.0985,0.00031216,28.7049,26.9321,140.1477,141.9205,0.00026989,0.00027331,0.00001301,84.8350,77.3233,0.0280,5.6284,0.3838,17309.1614,200.7667,91.2509,79.7578,34.0832,58.2266,102.2495,170.4158,241.2244,332.7233,51.1247,0.0,4.142857,5.714285,1.45698,29,141,174,4,0.47516736,0.00032517,-0.01119525,0E-8,0.000000,0.896863,0.000000,0.02195065,2026-06-03,2026-08-03,30,440,303,62,0.483871,1.144100,1.075628,1.583891,,,,,,,,GLOBAL_BASELINE_NO_ENTITY_RANKING,,,NOT_APPLICABLE_GLOBAL_BASELINE,HF9g-P5,,,,X 全窗基线 · 不参与实体赏罚,6879184,688,A168_HF9F_20260827_0900,2026-08-27 09:00:00
2026-06-22,135398611,2281,0,613.4969325153,443.0811179277,443.0811179277,0.8571429,7,7,0.49324550000000000,0.493245500000,1.925739544596175,1.9257395445961751,1.925739544596175,0E-17,ELIGIBLE,R03b_20260811_FULL_v1,L1_ELIGIBILITY,v2026-08-11,2026-03-21..2026-08-06,baccarat_bet02_101_all_pairs_incl_sentinel,round_win = game_pnl > 0 (decisive only),COMPATIBILITY_ONLY_NOT_PRODUCTION,519274.8434,465718.2974,168.8526,6121,6023,-0.00032517,0.01119525,-0.01075540,-0.00032517,-168.8526,519274.8434,OK,0.0000,6.7541,4.0000,96.0000,AG03-UNRESOLVED,ALL5_LEVELS_bet23_to_bet27,6.7541,6.7541,6.7541,8.4426,0.0000,4.000000,4.000000,4.000000,5.000000,0.000000,96.000000,96.000000,96.000000,95.000000,100.000000,5.0,28.7049,26.9321,140.1477,141.9205,PENDING_AG03,FALSE,NOT_FOR_ENFORCEMENT,162.0985,447089.5655,168.8526,162.0985,6.7541,0.00032517,0.00031216,6.7541,162.0985,0.00031216,6.7541,6.7541,6.7541,8.4426,0.0000,162.0985,0.00031216,28.7049,26.9321,140.1477,141.9205,0.00026989,0.00027331,0.00001301,84.8350,77.3233,0.0280,5.6284,0.3838,17309.1614,200.7667,91.2509,79.7578,34.0832,58.2266,102.2495,170.4158,241.2244,332.7233,51.1247,0.0,4.142857,5.714285,1.45698,29,141,174,4,0.47516736,0.00032517,-0.01119525,0E-8,0.000000,0.896863,0.000000,0.02195065,2026-06-03,2026-08-03,30,440,303,62,0.483871,1.144100,1.075628,1.583891,,,,,,,,GLOBAL_BASELINE_NO_ENTITY_RANKING,,,NOT_APPLICABLE_GLOBAL_BASELINE,HF9g-P5,,,,X 全窗基线 · 不参与实体赏罚,6879185,688,A168_HF9F_20260827_0900,2026-08-27 09:00:00
2026-06-22,135398611,462,0,34.0831629175,-34.0831629175,-34.0831629175,0E-7,1,1,0.50665070000000000,0.506650700000,-1.013391052207602,-1.013391052207602,-1.013391052207602,0E-17,ELIGIBLE,R03b_20260811_FULL_v1,L1_ELIGIBILITY,v2026-08-11,2026-03-21..2026-08-06,baccarat_bet02_101_all_pairs_incl_sentinel,round_win = game_pnl > 0 (decisive only),COMPATIBILITY_ONLY_NOT_PRODUCTION,519274.8434,465718.2974,168.8526,6121,6023,-0.00032517,0.01119525,-0.01075540,-0.00032517,-168.8526,519274.8434,OK,0.0000,6.7541,4.0000,96.0000,AG03-UNRESOLVED,ALL5_LEVELS_bet23_to_bet27,6.7541,6.7541,6.7541,8.4426,0.0000,4.000000,4.000000,4.000000,5.000000,0.000000,96.000000,96.000000,96.000000,95.000000,100.000000,5.0,28.7049,26.9321,140.1477,141.9205,PENDING_AG03,FALSE,NOT_FOR_ENFORCEMENT,162.0985,447089.5655,168.8526,162.0985,6.7541,0.00032517,0.00031216,6.7541,162.0985,0.00031216,6.7541,6.7541,6.7541,8.4426,0.0000,162.0985,0.00031216,28.7049,26.9321,140.1477,141.9205,0.00026989,0.00027331,0.00001301,84.8350,77.3233,0.0280,5.6284,0.3838,17309.1614,200.7667,91.2509,79.7578,34.0832,58.2266,102.2495,170.4158,241.2244,332.7233,51.1247,0.0,4.142857,5.714285,1.45698,29,141,174,4,0.47516736,0.00032517,-0.01119525,0E-8,0.000000,0.896863,0.000000,0.02195065,2026-06-03,2026-08-03,30,440,303,62,0.483871,1.144100,1.075628,1.583891,,,,,,,,GLOBAL_BASELINE_NO_ENTITY_RANKING,,,NOT_APPLICABLE_GLOBAL_BASELINE,HF9g-P5,,,,X 全窗基线 · 不参与实体赏罚,6879186,688,A168_HF9F_20260827_0900,2026-08-27 09:00:00
2026-06-24,135398611,-1,1,594.7511929109,-172.2051806410,-172.2051806410,0.3571429,16,15,0.50329940000000033,0.503522820000,-1.0937592300870291,-1.0954345281939457,-1.0937592300870291,-0.00022341999999967,SENTINEL_DEALER,R03b_20260811_FULL_v1,L1_ELIGIBILITY,v2026-08-11,2026-03-21..2026-08-06,baccarat_bet02_101_all_pairs_incl_sentinel,round_win = game_pnl > 0 (decisive only),COMPATIBILITY_ONLY_NOT_PRODUCTION,519274.8434,465718.2974,168.8526,6121,6023,-0.00032517,0.01119525,-0.01075540,-0.00032517,-168.8526,519274.8434,OK,0.0000,6.7541,4.0000,96.0000,AG03-UNRESOLVED,ALL5_LEVELS_bet23_to_bet27,6.7541,6.7541,6.7541,8.4426,0.0000,4.000000,4.000000,4.000000,5.000000,0.000000,96.000000,96.000000,96.000000,95.000000,100.000000,5.0,28.7049,26.9321,140.1477,141.9205,PENDING_AG03,FALSE,NOT_FOR_ENFORCEMENT,162.0985,447089.5655,168.8526,162.0985,6.7541,0.00032517,0.00031216,6.7541,162.0985,0.00031216,6.7541,6.7541,6.7541,8.4426,0.0000,162.0985,0.00031216,28.7049,26.9321,140.1477,141.9205,0.00026989,0.00027331,0.00001301,84.8350,77.3233,0.0280,5.6284,0.3838,17309.1614,200.7667,91.2509,79.7578,34.0832,58.2266,102.2495,170.4158,241.2244,332.7233,51.1247,0.0,4.142857,5.714285,1.45698,29,141,174,4,0.47516736,0.00032517,-0.01119525,0E-8,0.000000,0.896863,0.000000,0.02195065,2026-06-03,2026-08-03,30,440,303,62,0.483871,1.144100,1.075628,1.583891,,,,,,,,GLOBAL_BASELINE_NO_ENTITY_RANKING,,,NOT_APPLICABLE_GLOBAL_BASELINE,HF9g-P5,,,,X 全窗基线 · 不参与实体赏罚,6879187,688,A168_HF9F_20260827_0900,2026-08-27 09:00:00
2026-06-24,135398611,1004,0,892.9788684389,196.0633946831,196.0633946831,0.6000000,22,22,0.49933877272727273,0.499338772727,0.9003421748197634,0.9003421748222036,0.9003421748197634,2.7273E-13,ELIGIBLE,R03b_20260811_FULL_v1,L1_ELIGIBILITY,v2026-08-11,2026-03-21..2026-08-06,baccarat_bet02_101_all_pairs_incl_sentinel,round_win = game_pnl > 0 (decisive only),COMPATIBILITY_ONLY_NOT_PRODUCTION,519274.8434,465718.2974,168.8526,6121,6023,-0.00032517,0.01119525,-0.01075540,-0.00032517,-168.8526,519274.8434,OK,0.0000,6.7541,4.0000,96.0000,AG03-UNRESOLVED,ALL5_LEVELS_bet23_to_bet27,6.7541,6.7541,6.7541,8.4426,0.0000,4.000000,4.000000,4.000000,5.000000,0.000000,96.000000,96.000000,96.000000,95.000000,100.000000,5.0,28.7049,26.9321,140.1477,141.9205,PENDING_AG03,FALSE,NOT_FOR_ENFORCEMENT,162.0985,447089.5655,168.8526,162.0985,6.7541,0.00032517,0.00031216,6.7541,162.0985,0.00031216,6.7541,6.7541,6.7541,8.4426,0.0000,162.0985,0.00031216,28.7049,26.9321,140.1477,141.9205,0.00026989,0.00027331,0.00001301,84.8350,77.3233,0.0280,5.6284,0.3838,17309.1614,200.7667,91.2509,79.7578,34.0832,58.2266,102.2495,170.4158,241.2244,332.7233,51.1247,0.0,4.142857,5.714285,1.45698,29,141,174,4,0.47516736,0.00032517,-0.01119525,0E-8,0.000000,0.896863,0.000000,0.02195065,2026-06-03,2026-08-03,30,440,303,62,0.483871,1.144100,1.075628,1.583891,,,,,,,,GLOBAL_BASELINE_NO_ENTITY_RANKING,,,NOT_APPLICABLE_GLOBAL_BASELINE,HF9g-P5,,,,X 全窗基线 · 不参与实体赏罚,6879188,688,A168_HF9F_20260827_0900,2026-08-27 09:00:00
2026-06-24,135398611,1017,0,569.1888207226,-139.5705521472,-139.5705521472,0.3636364,13,13,0.49840134615384615,0.498401346154,-0.8939343330357036,-0.8939343330367233,-0.8939343330357036,-1.5385E-13,ELIGIBLE,R03b_20260811_FULL_v1,L1_ELIGIBILITY,v2026-08-11,2026-03-21..2026-08-06,baccarat_bet02_101_all_pairs_incl_sentinel,round_win = game_pnl > 0 (decisive only),COMPATIBILITY_ONLY_NOT_PRODUCTION,519274.8434,465718.2974,168.8526,6121,6023,-0.00032517,0.01119525,-0.01075540,-0.00032517,-168.8526,519274.8434,OK,0.0000,6.7541,4.0000,96.0000,AG03-UNRESOLVED,ALL5_LEVELS_bet23_to_bet27,6.7541,6.7541,6.7541,8.4426,0.0000,4.000000,4.000000,4.000000,5.000000,0.000000,96.000000,96.000000,96.000000,95.000000,100.000000,5.0,28.7049,26.9321,140.1477,141.9205,PENDING_AG03,FALSE,NOT_FOR_ENFORCEMENT,162.0985,447089.5655,168.8526,162.0985,6.7541,0.00032517,0.00031216,6.7541,162.0985,0.00031216,6.7541,6.7541,6.7541,8.4426,0.0000,162.0985,0.00031216,28.7049,26.9321,140.1477,141.9205,0.00026989,0.00027331,0.00001301,84.8350,77.3233,0.0280,5.6284,0.3838,17309.1614,200.7667,91.2509,79.7578,34.0832,58.2266,102.2495,170.4158,241.2244,332.7233,51.1247,0.0,4.142857,5.714285,1.45698,29,141,174,4,0.47516736,0.00032517,-0.01119525,0E-8,0.000000,0.896863,0.000000,0.02195065,2026-06-03,2026-08-03,30,440,303,62,0.483871,1.144100,1.075628,1.583891,,,,,,,,GLOBAL_BASELINE_NO_ENTITY_RANKING,,,NOT_APPLICABLE_GLOBAL_BASELINE,HF9g-P5,,,,X 全窗基线 · 不参与实体赏罚,6879189,688,A168_HF9F_20260827_0900,2026-08-27 09:00:00
2026-06-24,135398611,1205,0,426.0395364689,51.0395364690,51.0395364690,0.5833333,12,12,0.49883100000000000,0.498831000000,0.5854509388768454,0.5854509388768454,0.5854509388768454,0E-17,ELIGIBLE,R03b_20260811_FULL_v1,L1_ELIGIBILITY,v2026-08-11,2026-03-21..2026-08-06,baccarat_bet02_101_all_pairs_incl_sentinel,round_win = game_pnl > 0 (decisive only),COMPATIBILITY_ONLY_NOT_PRODUCTION,519274.8434,465718.2974,168.8526,6121,6023,-0.00032517,0.01119525,-0.01075540,-0.00032517,-168.8526,519274.8434,OK,0.0000,6.7541,4.0000,96.0000,AG03-UNRESOLVED,ALL5_LEVELS_bet23_to_bet27,6.7541,6.7541,6.7541,8.4426,0.0000,4.000000,4.000000,4.000000,5.000000,0.000000,96.000000,96.000000,96.000000,95.000000,100.000000,5.0,28.7049,26.9321,140.1477,141.9205,PENDING_AG03,FALSE,NOT_FOR_ENFORCEMENT,162.0985,447089.5655,168.8526,162.0985,6.7541,0.00032517,0.00031216,6.7541,162.0985,0.00031216,6.7541,6.7541,6.7541,8.4426,0.0000,162.0985,0.00031216,28.7049,26.9321,140.1477,141.9205,0.00026989,0.00027331,0.00001301,84.8350,77.3233,0.0280,5.6284,0.3838,17309.1614,200.7667,91.2509,79.7578,34.0832,58.2266,102.2495,170.4158,241.2244,332.7233,51.1247,0.0,4.142857,5.714285,1.45698,29,141,174,4,0.47516736,0.00032517,-0.01119525,0E-8,0.000000,0.896863,0.000000,0.02195065,2026-06-03,2026-08-03,30,440,303,62,0.483871,1.144100,1.075628,1.583891,,,,,,,,GLOBAL_BASELINE_NO_ENTITY_RANKING,,,NOT_APPLICABLE_GLOBAL_BASELINE,HF9g-P5,,,,X 全窗基线 · 不参与实体赏罚,6879190,688,A168_HF9F_20260827_0900,2026-08-27 09:00:00
2026-06-24,135398611,1304,0,267.5528289025,-112.9856850716,-112.9856850716,0.2000000,7,7,0.50090561428571429,0.500905614286,-1.3456930240160987,-1.3456930240173777,-1.3456930240160987,-2.8571E-13,ELIGIBLE,R03b_20260811_FULL_v1,L1_ELIGIBILITY,v2026-08-11,2026-03-21..2026-08-06,baccarat_bet02_101_all_pairs_incl_sentinel,round_win = game_pnl > 0 (decisive only),COMPATIBILITY_ONLY_NOT_PRODUCTION,519274.8434,465718.2974,168.8526,6121,6023,-0.00032517,0.01119525,-0.01075540,-0.00032517,-168.8526,519274.8434,OK,0.0000,6.7541,4.0000,96.0000,AG03-UNRESOLVED,ALL5_LEVELS_bet23_to_bet27,6.7541,6.7541,6.7541,8.4426,0.0000,4.000000,4.000000,4.000000,5.000000,0.000000,96.000000,96.000000,96.000000,95.000000,100.000000,5.0,28.7049,26.9321,140.1477,141.9205,PENDING_AG03,FALSE,NOT_FOR_ENFORCEMENT,162.0985,447089.5655,168.8526,162.0985,6.7541,0.00032517,0.00031216,6.7541,162.0985,0.00031216,6.7541,6.7541,6.7541,8.4426,0.0000,162.0985,0.00031216,28.7049,26.9321,140.1477,141.9205,0.00026989,0.00027331,0.00001301,84.8350,77.3233,0.0280,5.6284,0.3838,17309.1614,200.7667,91.2509,79.7578,34.0832,58.2266,102.2495,170.4158,241.2244,332.7233,51.1247,0.0,4.142857,5.714285,1.45698,29,141,174,4,0.47516736,0.00032517,-0.01119525,0E-8,0.000000,0.896863,0.000000,0.02195065,2026-06-03,2026-08-03,30,440,303,62,0.483871,1.144100,1.075628,1.583891,,,,,,,,GLOBAL_BASELINE_NO_ENTITY_RANKING,,,NOT_APPLICABLE_GLOBAL_BASELINE,HF9g-P5,,,,X 全窗基线 · 不参与实体赏罚,6879191,688,A168_HF9F_20260827_0900,2026-08-27 09:00:00
2026-06-24,135398611,1401,0,1182.6857532379,212.6789366053,212.6789366053,0.5714286,23,22,0.50441650000000000,0.504518054545,0.6141997405738029,0.6132700544649022,0.6141997405738029,-0.00010155454500000,ELIGIBLE,R03b_20260811_FULL_v1,L1_ELIGIBILITY,v2026-08-11,2026-03-21..2026-08-06,baccarat_bet02_101_all_pairs_incl_sentinel,round_win = game_pnl > 0 (decisive only),COMPATIBILITY_ONLY_NOT_PRODUCTION,519274.8434,465718.2974,168.8526,6121,6023,-0.00032517,0.01119525,-0.01075540,-0.00032517,-168.8526,519274.8434,OK,0.0000,6.7541,4.0000,96.0000,AG03-UNRESOLVED,ALL5_LEVELS_bet23_to_bet27,6.7541,6.7541,6.7541,8.4426,0.0000,4.000000,4.000000,4.000000,5.000000,0.000000,96.000000,96.000000,96.000000,95.000000,100.000000,5.0,28.7049,26.9321,140.1477,141.9205,PENDING_AG03,FALSE,NOT_FOR_ENFORCEMENT,162.0985,447089.5655,168.8526,162.0985,6.7541,0.00032517,0.00031216,6.7541,162.0985,0.00031216,6.7541,6.7541,6.7541,8.4426,0.0000,162.0985,0.00031216,28.7049,26.9321,140.1477,141.9205,0.00026989,0.00027331,0.00001301,84.8350,77.3233,0.0280,5.6284,0.3838,17309.1614,200.7667,91.2509,79.7578,34.0832,58.2266,102.2495,170.4158,241.2244,332.7233,51.1247,0.0,4.142857,5.714285,1.45698,29,141,174,4,0.47516736,0.00032517,-0.01119525,0E-8,0.000000,0.896863,0.000000,0.02195065,2026-06-03,2026-08-03,30,440,303,62,0.483871,1.144100,1.075628,1.583891,,,,,,,,GLOBAL_BASELINE_NO_ENTITY_RANKING,,,NOT_APPLICABLE_GLOBAL_BASELINE,HF9g-P5,,,,X 全窗基线 · 不参与实体赏罚,6879192,688,A168_HF9F_20260827_0900,2026-08-27 09:00:00
2026-06-24,135398611,1402,0,170.4158145876,-119.2910702114,-119.2910702114,0.1666667,6,6,0.49994810000000000,0.499948100000,-1.6327389136160748,-1.6327389136160748,-1.6327389136160748,0E-17,ELIGIBLE,R03b_20260811_FULL_v1,L1_ELIGIBILITY,v2026-08-11,2026-03-21..2026-08-06,baccarat_bet02_101_all_pairs_incl_sentinel,round_win = game_pnl > 0 (decisive only),COMPATIBILITY_ONLY_NOT_PRODUCTION,519274.8434,465718.2974,168.8526,6121,6023,-0.00032517,0.01119525,-0.01075540,-0.00032517,-168.8526,519274.8434,OK,0.0000,6.7541,4.0000,96.0000,AG03-UNRESOLVED,ALL5_LEVELS_bet23_to_bet27,6.7541,6.7541,6.7541,8.4426,0.0000,4.000000,4.000000,4.000000,5.000000,0.000000,96.000000,96.000000,96.000000,95.000000,100.000000,5.0,28.7049,26.9321,140.1477,141.9205,PENDING_AG03,FALSE,NOT_FOR_ENFORCEMENT,162.0985,447089.5655,168.8526,162.0985,6.7541,0.00032517,0.00031216,6.7541,162.0985,0.00031216,6.7541,6.7541,6.7541,8.4426,0.0000,162.0985,0.00031216,28.7049,26.9321,140.1477,141.9205,0.00026989,0.00027331,0.00001301,84.8350,77.3233,0.0280,5.6284,0.3838,17309.1614,200.7667,91.2509,79.7578,34.0832,58.2266,102.2495,170.4158,241.2244,332.7233,51.1247,0.0,4.142857,5.714285,1.45698,29,141,174,4,0.47516736,0.00032517,-0.01119525,0E-8,0.000000,0.896863,0.000000,0.02195065,2026-06-03,2026-08-03,30,440,303,62,0.483871,1.144100,1.075628,1.583891,,,,,,,,GLOBAL_BASELINE_NO_ENTITY_RANKING,,,NOT_APPLICABLE_GLOBAL_BASELINE,HF9g-P5,,,,X 全窗基线 · 不参与实体赏罚,6879193,688,A168_HF9F_20260827_0900,2026-08-27 09:00:00
2026-06-24,135398611,1405,0,264.1445126107,-59.6455351057,-59.6455351057,0.4285714,7,7,0.49516052857142857,0.495160528571,-0.3523729031294806,-0.3523729031272156,-0.3523729031294806,4.2857E-13,ELIGIBLE,R03b_20260811_FULL_v1,L1_ELIGIBILITY,v2026-08-11,2026-03-21..2026-08-06,baccarat_bet02_101_all_pairs_incl_sentinel,round_win = game_pnl > 0 (decisive only),COMPATIBILITY_ONLY_NOT_PRODUCTION,519274.8434,465718.2974,168.8526,6121,6023,-0.00032517,0.01119525,-0.01075540,-0.00032517,-168.8526,519274.8434,OK,0.0000,6.7541,4.0000,96.0000,AG03-UNRESOLVED,ALL5_LEVELS_bet23_to_bet27,6.7541,6.7541,6.7541,8.4426,0.0000,4.000000,4.000000,4.000000,5.000000,0.000000,96.000000,96.000000,96.000000,95.000000,100.000000,5.0,28.7049,26.9321,140.1477,141.9205,PENDING_AG03,FALSE,NOT_FOR_ENFORCEMENT,162.0985,447089.5655,168.8526,162.0985,6.7541,0.00032517,0.00031216,6.7541,162.0985,0.00031216,6.7541,6.7541,6.7541,8.4426,0.0000,162.0985,0.00031216,28.7049,26.9321,140.1477,141.9205,0.00026989,0.00027331,0.00001301,84.8350,77.3233,0.0280,5.6284,0.3838,17309.1614,200.7667,91.2509,79.7578,34.0832,58.2266,102.2495,170.4158,241.2244,332.7233,51.1247,0.0,4.142857,5.714285,1.45698,29,141,174,4,0.47516736,0.00032517,-0.01119525,0E-8,0.000000,0.896863,0.000000,0.02195065,2026-06-03,2026-08-03,30,440,303,62,0.483871,1.144100,1.075628,1.583891,,,,,,,,GLOBAL_BASELINE_NO_ENTITY_RANKING,,,NOT_APPLICABLE_GLOBAL_BASELINE,HF9g-P5,,,,X 全窗基线 · 不参与实体赏罚,6879194,688,A168_HF9F_20260827_0900,2026-08-27 09:00:00
2026-06-24,135398611,1646,0,265.8486707566,-5.7941376959,-5.7941376959,0.5000000,5,5,0.50665070000000000,0.506650700000,-0.02660515369234503,-0.02660515369234503,-0.02660515369234503,0E-17,ELIGIBLE,R03b_20260811_FULL_v1,L1_ELIGIBILITY,v2026-08-11,2026-03-21..2026-08-06,baccarat_bet02_101_all_pairs_incl_sentinel,round_win = game_pnl > 0 (decisive only),COMPATIBILITY_ONLY_NOT_PRODUCTION,519274.8434,465718.2974,168.8526,6121,6023,-0.00032517,0.01119525,-0.01075540,-0.00032517,-168.8526,519274.8434,OK,0.0000,6.7541,4.0000,96.0000,AG03-UNRESOLVED,ALL5_LEVELS_bet23_to_bet27,6.7541,6.7541,6.7541,8.4426,0.0000,4.000000,4.000000,4.000000,5.000000,0.000000,96.000000,96.000000,96.000000,95.000000,100.000000,5.0,28.7049,26.9321,140.1477,141.9205,PENDING_AG03,FALSE,NOT_FOR_ENFORCEMENT,162.0985,447089.5655,168.8526,162.0985,6.7541,0.00032517,0.00031216,6.7541,162.0985,0.00031216,6.7541,6.7541,6.7541,8.4426,0.0000,162.0985,0.00031216,28.7049,26.9321,140.1477,141.9205,0.00026989,0.00027331,0.00001301,84.8350,77.3233,0.0280,5.6284,0.3838,17309.1614,200.7667,91.2509,79.7578,34.0832,58.2266,102.2495,170.4158,241.2244,332.7233,51.1247,0.0,4.142857,5.714285,1.45698,29,141,174,4,0.47516736,0.00032517,-0.01119525,0E-8,0.000000,0.896863,0.000000,0.02195065,2026-06-03,2026-08-03,30,440,303,62,0.483871,1.144100,1.075628,1.583891,,,,,,,,GLOBAL_BASELINE_NO_ENTITY_RANKING,,,NOT_APPLICABLE_GLOBAL_BASELINE,HF9g-P5,,,,X 全窗基线 · 不参与实体赏罚,6879195,688,A168_HF9F_20260827_0900,2026-08-27 09:00:00
2026-06-24,135398611,1704,0,1308.7934560326,15.0817995910,15.0817995910,0.5517241,32,31,0.49614893041474634,0.496056267742,0.5985810583915893,0.5995799617135387,0.5985810583915893,0.00009266267274634,ELIGIBLE,R03b_20260811_FULL_v1,L1_ELIGIBILITY,v2026-08-11,2026-03-21..2026-08-06,baccarat_bet02_101_all_pairs_incl_sentinel,round_win = game_pnl > 0 (decisive only),COMPATIBILITY_ONLY_NOT_PRODUCTION,519274.8434,465718.2974,168.8526,6121,6023,-0.00032517,0.01119525,-0.01075540,-0.00032517,-168.8526,519274.8434,OK,0.0000,6.7541,4.0000,96.0000,AG03-UNRESOLVED,ALL5_LEVELS_bet23_to_bet27,6.7541,6.7541,6.7541,8.4426,0.0000,4.000000,4.000000,4.000000,5.000000,0.000000,96.000000,96.000000,96.000000,95.000000,100.000000,5.0,28.7049,26.9321,140.1477,141.9205,PENDING_AG03,FALSE,NOT_FOR_ENFORCEMENT,162.0985,447089.5655,168.8526,162.0985,6.7541,0.00032517,0.00031216,6.7541,162.0985,0.00031216,6.7541,6.7541,6.7541,8.4426,0.0000,162.0985,0.00031216,28.7049,26.9321,140.1477,141.9205,0.00026989,0.00027331,0.00001301,84.8350,77.3233,0.0280,5.6284,0.3838,17309.1614,200.7667,91.2509,79.7578,34.0832,58.2266,102.2495,170.4158,241.2244,332.7233,51.1247,0.0,4.142857,5.714285,1.45698,29,141,174,4,0.47516736,0.00032517,-0.01119525,0E-8,0.000000,0.896863,0.000000,0.02195065,2026-06-03,2026-08-03,30,440,303,62,0.483871,1.144100,1.075628,1.583891,,,,,,,,GLOBAL_BASELINE_NO_ENTITY_RANKING,,,NOT_APPLICABLE_GLOBAL_BASELINE,HF9g-P5,,,,X 全窗基线 · 不参与实体赏罚,6879196,688,A168_HF9F_20260827_0900,2026-08-27 09:00:00
2026-06-24,135398611,1957,0,194.2740286299,-88.6162235856,-88.6162235856,0.2000000,6,6,0.49994810000000000,0.499948100000,-1.341408689870273,-1.341408689870273,-1.341408689870273,0E-17,ELIGIBLE,R03b_20260811_FULL_v1,L1_ELIGIBILITY,v2026-08-11,2026-03-21..2026-08-06,baccarat_bet02_101_all_pairs_incl_sentinel,round_win = game_pnl > 0 (decisive only),COMPATIBILITY_ONLY_NOT_PRODUCTION,519274.8434,465718.2974,168.8526,6121,6023,-0.00032517,0.01119525,-0.01075540,-0.00032517,-168.8526,519274.8434,OK,0.0000,6.7541,4.0000,96.0000,AG03-UNRESOLVED,ALL5_LEVELS_bet23_to_bet27,6.7541,6.7541,6.7541,8.4426,0.0000,4.000000,4.000000,4.000000,5.000000,0.000000,96.000000,96.000000,96.000000,95.000000,100.000000,5.0,28.7049,26.9321,140.1477,141.9205,PENDING_AG03,FALSE,NOT_FOR_ENFORCEMENT,162.0985,447089.5655,168.8526,162.0985,6.7541,0.00032517,0.00031216,6.7541,162.0985,0.00031216,6.7541,6.7541,6.7541,8.4426,0.0000,162.0985,0.00031216,28.7049,26.9321,140.1477,141.9205,0.00026989,0.00027331,0.00001301,84.8350,77.3233,0.0280,5.6284,0.3838,17309.1614,200.7667,91.2509,79.7578,34.0832,58.2266,102.2495,170.4158,241.2244,332.7233,51.1247,0.0,4.142857,5.714285,1.45698,29,141,174,4,0.47516736,0.00032517,-0.01119525,0E-8,0.000000,0.896863,0.000000,0.02195065,2026-06-03,2026-08-03,30,440,303,62,0.483871,1.144100,1.075628,1.583891,,,,,,,,GLOBAL_BASELINE_NO_ENTITY_RANKING,,,NOT_APPLICABLE_GLOBAL_BASELINE,HF9g-P5,,,,X 全窗基线 · 不参与实体赏罚,6879197,688,A168_HF9F_20260827_0900,2026-08-27 09:00:00
2026-06-24,135398611,2093,0,477.1642808454,-204.6693933198,-204.6693933198,0.3000000,10,10,0.50396966000000000,0.503969660000,-1.2900580569680735,-1.2900580569680735,-1.2900580569680735,0E-17,ELIGIBLE,R03b_20260811_FULL_v1,L1_ELIGIBILITY,v2026-08-11,2026-03-21..2026-08-06,baccarat_bet02_101_all_pairs_incl_sentinel,round_win = game_pnl > 0 (decisive only),COMPATIBILITY_ONLY_NOT_PRODUCTION,519274.8434,465718.2974,168.8526,6121,6023,-0.00032517,0.01119525,-0.01075540,-0.00032517,-168.8526,519274.8434,OK,0.0000,6.7541,4.0000,96.0000,AG03-UNRESOLVED,ALL5_LEVELS_bet23_to_bet27,6.7541,6.7541,6.7541,8.4426,0.0000,4.000000,4.000000,4.000000,5.000000,0.000000,96.000000,96.000000,96.000000,95.000000,100.000000,5.0,28.7049,26.9321,140.1477,141.9205,PENDING_AG03,FALSE,NOT_FOR_ENFORCEMENT,162.0985,447089.5655,168.8526,162.0985,6.7541,0.00032517,0.00031216,6.7541,162.0985,0.00031216,6.7541,6.7541,6.7541,8.4426,0.0000,162.0985,0.00031216,28.7049,26.9321,140.1477,141.9205,0.00026989,0.00027331,0.00001301,84.8350,77.3233,0.0280,5.6284,0.3838,17309.1614,200.7667,91.2509,79.7578,34.0832,58.2266,102.2495,170.4158,241.2244,332.7233,51.1247,0.0,4.142857,5.714285,1.45698,29,141,174,4,0.47516736,0.00032517,-0.01119525,0E-8,0.000000,0.896863,0.000000,0.02195065,2026-06-03,2026-08-03,30,440,303,62,0.483871,1.144100,1.075628,1.583891,,,,,,,,GLOBAL_BASELINE_NO_ENTITY_RANKING,,,NOT_APPLICABLE_GLOBAL_BASELINE,HF9g-P5,,,,X 全窗基线 · 不参与实体赏罚,6879198,688,A168_HF9F_20260827_0900,2026-08-27 09:00:00
2026-06-24,135398611,2117,0,34.0831629175,-34.0831629175,-34.0831629175,0E-7,1,1,0.49324550000000000,0.493245500000,-0.9865810262130424,-0.9865810262130424,-0.9865810262130424,0E-17,ELIGIBLE,R03b_20260811_FULL_v1,L1_ELIGIBILITY,v2026-08-11,2026-03-21..2026-08-06,baccarat_bet02_101_all_pairs_incl_sentinel,round_win = game_pnl > 0 (decisive only),COMPATIBILITY_ONLY_NOT_PRODUCTION,519274.8434,465718.2974,168.8526,6121,6023,-0.00032517,0.01119525,-0.01075540,-0.00032517,-168.8526,519274.8434,OK,0.0000,6.7541,4.0000,96.0000,AG03-UNRESOLVED,ALL5_LEVELS_bet23_to_bet27,6.7541,6.7541,6.7541,8.4426,0.0000,4.000000,4.000000,4.000000,5.000000,0.000000,96.000000,96.000000,96.000000,95.000000,100.000000,5.0,28.7049,26.9321,140.1477,141.9205,PENDING_AG03,FALSE,NOT_FOR_ENFORCEMENT,162.0985,447089.5655,168.8526,162.0985,6.7541,0.00032517,0.00031216,6.7541,162.0985,0.00031216,6.7541,6.7541,6.7541,8.4426,0.0000,162.0985,0.00031216,28.7049,26.9321,140.1477,141.9205,0.00026989,0.00027331,0.00001301,84.8350,77.3233,0.0280,5.6284,0.3838,17309.1614,200.7667,91.2509,79.7578,34.0832,58.2266,102.2495,170.4158,241.2244,332.7233,51.1247,0.0,4.142857,5.714285,1.45698,29,141,174,4,0.47516736,0.00032517,-0.01119525,0E-8,0.000000,0.896863,0.000000,0.02195065,2026-06-03,2026-08-03,30,440,303,62,0.483871,1.144100,1.075628,1.583891,,,,,,,,GLOBAL_BASELINE_NO_ENTITY_RANKING,,,NOT_APPLICABLE_GLOBAL_BASELINE,HF9g-P5,,,,X 全窗基线 · 不参与实体赏罚,6879199,688,A168_HF9F_20260827_0900,2026-08-27 09:00:00
2026-06-24,135398611,2127,0,199.3865030675,39.1104294479,39.1104294479,0.6666667,4,4,0.49994810000000000,0.499948100000,0.5775300591747329,0.5775300591747329,0.5775300591747329,0E-17,ELIGIBLE,R03b_20260811_FULL_v1,L1_ELIGIBILITY,v2026-08-11,2026-03-21..2026-08-06,baccarat_bet02_101_all_pairs_incl_sentinel,round_win = game_pnl > 0 (decisive only),COMPATIBILITY_ONLY_NOT_PRODUCTION,519274.8434,465718.2974,168.8526,6121,6023,-0.00032517,0.01119525,-0.01075540,-0.00032517,-168.8526,519274.8434,OK,0.0000,6.7541,4.0000,96.0000,AG03-UNRESOLVED,ALL5_LEVELS_bet23_to_bet27,6.7541,6.7541,6.7541,8.4426,0.0000,4.000000,4.000000,4.000000,5.000000,0.000000,96.000000,96.000000,96.000000,95.000000,100.000000,5.0,28.7049,26.9321,140.1477,141.9205,PENDING_AG03,FALSE,NOT_FOR_ENFORCEMENT,162.0985,447089.5655,168.8526,162.0985,6.7541,0.00032517,0.00031216,6.7541,162.0985,0.00031216,6.7541,6.7541,6.7541,8.4426,0.0000,162.0985,0.00031216,28.7049,26.9321,140.1477,141.9205,0.00026989,0.00027331,0.00001301,84.8350,77.3233,0.0280,5.6284,0.3838,17309.1614,200.7667,91.2509,79.7578,34.0832,58.2266,102.2495,170.4158,241.2244,332.7233,51.1247,0.0,4.142857,5.714285,1.45698,29,141,174,4,0.47516736,0.00032517,-0.01119525,0E-8,0.000000,0.896863,0.000000,0.02195065,2026-06-03,2026-08-03,30,440,303,62,0.483871,1.144100,1.075628,1.583891,,,,,,,,GLOBAL_BASELINE_NO_ENTITY_RANKING,,,NOT_APPLICABLE_GLOBAL_BASELINE,HF9g-P5,,,,X 全窗基线 · 不参与实体赏罚,6879200,688,A168_HF9F_20260827_0900,2026-08-27 09:00:00
2026-06-24,135398611,2141,0,581.1179277436,135.8214042262,135.8214042262,0.6363636,15,15,0.49682022000000000,0.496820220000,0.9256450266696089,0.925645026669609,0.9256450266696089,0E-17,ELIGIBLE,R03b_20260811_FULL_v1,L1_ELIGIBILITY,v2026-08-11,2026-03-21..2026-08-06,baccarat_bet02_101_all_pairs_incl_sentinel,round_win = game_pnl > 0 (decisive only),COMPATIBILITY_ONLY_NOT_PRODUCTION,519274.8434,465718.2974,168.8526,6121,6023,-0.00032517,0.01119525,-0.01075540,-0.00032517,-168.8526,519274.8434,OK,0.0000,6.7541,4.0000,96.0000,AG03-UNRESOLVED,ALL5_LEVELS_bet23_to_bet27,6.7541,6.7541,6.7541,8.4426,0.0000,4.000000,4.000000,4.000000,5.000000,0.000000,96.000000,96.000000,96.000000,95.000000,100.000000,5.0,28.7049,26.9321,140.1477,141.9205,PENDING_AG03,FALSE,NOT_FOR_ENFORCEMENT,162.0985,447089.5655,168.8526,162.0985,6.7541,0.00032517,0.00031216,6.7541,162.0985,0.00031216,6.7541,6.7541,6.7541,8.4426,0.0000,162.0985,0.00031216,28.7049,26.9321,140.1477,141.9205,0.00026989,0.00027331,0.00001301,84.8350,77.3233,0.0280,5.6284,0.3838,17309.1614,200.7667,91.2509,79.7578,34.0832,58.2266,102.2495,170.4158,241.2244,332.7233,51.1247,0.0,4.142857,5.714285,1.45698,29,141,174,4,0.47516736,0.00032517,-0.01119525,0E-8,0.000000,0.896863,0.000000,0.02195065,2026-06-03,2026-08-03,30,440,303,62,0.483871,1.144100,1.075628,1.583891,,,,,,,,GLOBAL_BASELINE_NO_ENTITY_RANKING,,,NOT_APPLICABLE_GLOBAL_BASELINE,HF9g-P5,,,,X 全窗基线 · 不参与实体赏罚,6879201,688,A168_HF9F_20260827_0900,2026-08-27 09:00:00
2026-06-24,135398611,2177,0,184.0490797546,-84.3558282208,-84.3558282208,0.2500000,4,4,0.49994810000000000,0.499948100000,-0.9997924053861017,-0.9997924053861017,-0.9997924053861017,0E-17,ELIGIBLE,R03b_20260811_FULL_v1,L1_ELIGIBILITY,v2026-08-11,2026-03-21..2026-08-06,baccarat_bet02_101_all_pairs_incl_sentinel,round_win = game_pnl > 0 (decisive only),COMPATIBILITY_ONLY_NOT_PRODUCTION,519274.8434,465718.2974,168.8526,6121,6023,-0.00032517,0.01119525,-0.01075540,-0.00032517,-168.8526,519274.8434,OK,0.0000,6.7541,4.0000,96.0000,AG03-UNRESOLVED,ALL5_LEVELS_bet23_to_bet27,6.7541,6.7541,6.7541,8.4426,0.0000,4.000000,4.000000,4.000000,5.000000,0.000000,96.000000,96.000000,96.000000,95.000000,100.000000,5.0,28.7049,26.9321,140.1477,141.9205,PENDING_AG03,FALSE,NOT_FOR_ENFORCEMENT,162.0985,447089.5655,168.8526,162.0985,6.7541,0.00032517,0.00031216,6.7541,162.0985,0.00031216,6.7541,6.7541,6.7541,8.4426,0.0000,162.0985,0.00031216,28.7049,26.9321,140.1477,141.9205,0.00026989,0.00027331,0.00001301,84.8350,77.3233,0.0280,5.6284,0.3838,17309.1614,200.7667,91.2509,79.7578,34.0832,58.2266,102.2495,170.4158,241.2244,332.7233,51.1247,0.0,4.142857,5.714285,1.45698,29,141,174,4,0.47516736,0.00032517,-0.01119525,0E-8,0.000000,0.896863,0.000000,0.02195065,2026-06-03,2026-08-03,30,440,303,62,0.483871,1.144100,1.075628,1.583891,,,,,,,,GLOBAL_BASELINE_NO_ENTITY_RANKING,,,NOT_APPLICABLE_GLOBAL_BASELINE,HF9g-P5,,,,X 全窗基线 · 不参与实体赏罚,6879202,688,A168_HF9F_20260827_0900,2026-08-27 09:00:00
2026-06-24,135398611,2188,0,34.0831629175,-34.0831629175,-34.0831629175,0E-7,1,1,0.49324550000000000,0.493245500000,-0.9865810262130424,-0.9865810262130424,-0.9865810262130424,0E-17,ELIGIBLE,R03b_20260811_FULL_v1,L1_ELIGIBILITY,v2026-08-11,2026-03-21..2026-08-06,baccarat_bet02_101_all_pairs_incl_sentinel,round_win = game_pnl > 0 (decisive only),COMPATIBILITY_ONLY_NOT_PRODUCTION,519274.8434,465718.2974,168.8526,6121,6023,-0.00032517,0.01119525,-0.01075540,-0.00032517,-168.8526,519274.8434,OK,0.0000,6.7541,4.0000,96.0000,AG03-UNRESOLVED,ALL5_LEVELS_bet23_to_bet27,6.7541,6.7541,6.7541,8.4426,0.0000,4.000000,4.000000,4.000000,5.000000,0.000000,96.000000,96.000000,96.000000,95.000000,100.000000,5.0,28.7049,26.9321,140.1477,141.9205,PENDING_AG03,FALSE,NOT_FOR_ENFORCEMENT,162.0985,447089.5655,168.8526,162.0985,6.7541,0.00032517,0.00031216,6.7541,162.0985,0.00031216,6.7541,6.7541,6.7541,8.4426,0.0000,162.0985,0.00031216,28.7049,26.9321,140.1477,141.9205,0.00026989,0.00027331,0.00001301,84.8350,77.3233,0.0280,5.6284,0.3838,17309.1614,200.7667,91.2509,79.7578,34.0832,58.2266,102.2495,170.4158,241.2244,332.7233,51.1247,0.0,4.142857,5.714285,1.45698,29,141,174,4,0.47516736,0.00032517,-0.01119525,0E-8,0.000000,0.896863,0.000000,0.02195065,2026-06-03,2026-08-03,30,440,303,62,0.483871,1.144100,1.075628,1.583891,,,,,,,,GLOBAL_BASELINE_NO_ENTITY_RANKING,,,NOT_APPLICABLE_GLOBAL_BASELINE,HF9g-P5,,,,X 全窗基线 · 不参与实体赏罚,6879203,688,A168_HF9F_20260827_0900,2026-08-27 09:00:00
2026-06-24,135398611,2266,0,390.2522154057,-11.0770279482,-11.0770279482,0.5555556,11,11,0.49812011818181818,0.498120118182,0.34461505995970865,0.3446150599586173,0.34461505995970865,-1.8182E-13,ELIGIBLE,R03b_20260811_FULL_v1,L1_ELIGIBILITY,v2026-08-11,2026-03-21..2026-08-06,baccarat_bet02_101_all_pairs_incl_sentinel,round_win = game_pnl > 0 (decisive only),COMPATIBILITY_ONLY_NOT_PRODUCTION,519274.8434,465718.2974,168.8526,6121,6023,-0.00032517,0.01119525,-0.01075540,-0.00032517,-168.8526,519274.8434,OK,0.0000,6.7541,4.0000,96.0000,AG03-UNRESOLVED,ALL5_LEVELS_bet23_to_bet27,6.7541,6.7541,6.7541,8.4426,0.0000,4.000000,4.000000,4.000000,5.000000,0.000000,96.000000,96.000000,96.000000,95.000000,100.000000,5.0,28.7049,26.9321,140.1477,141.9205,PENDING_AG03,FALSE,NOT_FOR_ENFORCEMENT,162.0985,447089.5655,168.8526,162.0985,6.7541,0.00032517,0.00031216,6.7541,162.0985,0.00031216,6.7541,6.7541,6.7541,8.4426,0.0000,162.0985,0.00031216,28.7049,26.9321,140.1477,141.9205,0.00026989,0.00027331,0.00001301,84.8350,77.3233,0.0280,5.6284,0.3838,17309.1614,200.7667,91.2509,79.7578,34.0832,58.2266,102.2495,170.4158,241.2244,332.7233,51.1247,0.0,4.142857,5.714285,1.45698,29,141,174,4,0.47516736,0.00032517,-0.01119525,0E-8,0.000000,0.896863,0.000000,0.02195065,2026-06-03,2026-08-03,30,440,303,62,0.483871,1.144100,1.075628,1.583891,,,,,,,,GLOBAL_BASELINE_NO_ENTITY_RANKING,,,NOT_APPLICABLE_GLOBAL_BASELINE,HF9g-P5,,,,X 全窗基线 · 不参与实体赏罚,6879204,688,A168_HF9F_20260827_0900,2026-08-27 09:00:00
2026-06-24,135398611,2288,0,277.7777777776,50.4430811178,50.4430811178,0.6666667,7,6,0.49929098235294118,0.498831000000,0.8199708682445757,0.82222573519267,0.8199708682445757,0.00045998235294118,ELIGIBLE,R03b_20260811_FULL_v1,L1_ELIGIBILITY,v2026-08-11,2026-03-21..2026-08-06,baccarat_bet02_101_all_pairs_incl_sentinel,round_win = game_pnl > 0 (decisive only),COMPATIBILITY_ONLY_NOT_PRODUCTION,519274.8434,465718.2974,168.8526,6121,6023,-0.00032517,0.01119525,-0.01075540,-0.00032517,-168.8526,519274.8434,OK,0.0000,6.7541,4.0000,96.0000,AG03-UNRESOLVED,ALL5_LEVELS_bet23_to_bet27,6.7541,6.7541,6.7541,8.4426,0.0000,4.000000,4.000000,4.000000,5.000000,0.000000,96.000000,96.000000,96.000000,95.000000,100.000000,5.0,28.7049,26.9321,140.1477,141.9205,PENDING_AG03,FALSE,NOT_FOR_ENFORCEMENT,162.0985,447089.5655,168.8526,162.0985,6.7541,0.00032517,0.00031216,6.7541,162.0985,0.00031216,6.7541,6.7541,6.7541,8.4426,0.0000,162.0985,0.00031216,28.7049,26.9321,140.1477,141.9205,0.00026989,0.00027331,0.00001301,84.8350,77.3233,0.0280,5.6284,0.3838,17309.1614,200.7667,91.2509,79.7578,34.0832,58.2266,102.2495,170.4158,241.2244,332.7233,51.1247,0.0,4.142857,5.714285,1.45698,29,141,174,4,0.47516736,0.00032517,-0.01119525,0E-8,0.000000,0.896863,0.000000,0.02195065,2026-06-03,2026-08-03,30,440,303,62,0.483871,1.144100,1.075628,1.583891,,,,,,,,GLOBAL_BASELINE_NO_ENTITY_RANKING,,,NOT_APPLICABLE_GLOBAL_BASELINE,HF9g-P5,,,,X 全窗基线 · 不参与实体赏罚,6879205,688,A168_HF9F_20260827_0900,2026-08-27 09:00:00
2026-06-24,135398611,583,0,882.7539195639,36.8098159508,36.8098159508,0.5000000,28,28,0.49851182857142857,0.498511828571,0.013960347278601196,0.013960347282621594,0.013960347278601196,4.2857E-13,ELIGIBLE,R03b_20260811_FULL_v1,L1_ELIGIBILITY,v2026-08-11,2026-03-21..2026-08-06,baccarat_bet02_101_all_pairs_incl_sentinel,round_win = game_pnl > 0 (decisive only),COMPATIBILITY_ONLY_NOT_PRODUCTION,519274.8434,465718.2974,168.8526,6121,6023,-0.00032517,0.01119525,-0.01075540,-0.00032517,-168.8526,519274.8434,OK,0.0000,6.7541,4.0000,96.0000,AG03-UNRESOLVED,ALL5_LEVELS_bet23_to_bet27,6.7541,6.7541,6.7541,8.4426,0.0000,4.000000,4.000000,4.000000,5.000000,0.000000,96.000000,96.000000,96.000000,95.000000,100.000000,5.0,28.7049,26.9321,140.1477,141.9205,PENDING_AG03,FALSE,NOT_FOR_ENFORCEMENT,162.0985,447089.5655,168.8526,162.0985,6.7541,0.00032517,0.00031216,6.7541,162.0985,0.00031216,6.7541,6.7541,6.7541,8.4426,0.0000,162.0985,0.00031216,28.7049,26.9321,140.1477,141.9205,0.00026989,0.00027331,0.00001301,84.8350,77.3233,0.0280,5.6284,0.3838,17309.1614,200.7667,91.2509,79.7578,34.0832,58.2266,102.2495,170.4158,241.2244,332.7233,51.1247,0.0,4.142857,5.714285,1.45698,29,141,174,4,0.47516736,0.00032517,-0.01119525,0E-8,0.000000,0.896863,0.000000,0.02195065,2026-06-03,2026-08-03,30,440,303,62,0.483871,1.144100,1.075628,1.583891,,,,,,,,GLOBAL_BASELINE_NO_ENTITY_RANKING,,,NOT_APPLICABLE_GLOBAL_BASELINE,HF9g-P5,,,,X 全窗基线 · 不参与实体赏罚,6879206,688,A168_HF9F_20260827_0900,2026-08-27 09:00:00
2026-06-24,135398611,994,0,754.9420586230,136.7586912066,136.7586912066,0.6000000,18,18,0.50292703333333333,0.502927033333,0.7519368511185244,0.7519368511211036,0.7519368511185244,3.3333E-13,ELIGIBLE,R03b_20260811_FULL_v1,L1_ELIGIBILITY,v2026-08-11,2026-03-21..2026-08-06,baccarat_bet02_101_all_pairs_incl_sentinel,round_win = game_pnl > 0 (decisive only),COMPATIBILITY_ONLY_NOT_PRODUCTION,519274.8434,465718.2974,168.8526,6121,6023,-0.00032517,0.01119525,-0.01075540,-0.00032517,-168.8526,519274.8434,OK,0.0000,6.7541,4.0000,96.0000,AG03-UNRESOLVED,ALL5_LEVELS_bet23_to_bet27,6.7541,6.7541,6.7541,8.4426,0.0000,4.000000,4.000000,4.000000,5.000000,0.000000,96.000000,96.000000,96.000000,95.000000,100.000000,5.0,28.7049,26.9321,140.1477,141.9205,PENDING_AG03,FALSE,NOT_FOR_ENFORCEMENT,162.0985,447089.5655,168.8526,162.0985,6.7541,0.00032517,0.00031216,6.7541,162.0985,0.00031216,6.7541,6.7541,6.7541,8.4426,0.0000,162.0985,0.00031216,28.7049,26.9321,140.1477,141.9205,0.00026989,0.00027331,0.00001301,84.8350,77.3233,0.0280,5.6284,0.3838,17309.1614,200.7667,91.2509,79.7578,34.0832,58.2266,102.2495,170.4158,241.2244,332.7233,51.1247,0.0,4.142857,5.714285,1.45698,29,141,174,4,0.47516736,0.00032517,-0.01119525,0E-8,0.000000,0.896863,0.000000,0.02195065,2026-06-03,2026-08-03,30,440,303,62,0.483871,1.144100,1.075628,1.583891,,,,,,,,GLOBAL_BASELINE_NO_ENTITY_RANKING,,,NOT_APPLICABLE_GLOBAL_BASELINE,HF9g-P5,,,,X 全窗基线 · 不参与实体赏罚,6879207,688,A168_HF9F_20260827_0900,2026-08-27 09:00:00
2026-06-29,135398611,1318,0,380.0272665303,-175.5282890253,-175.5282890253,0.2222222,11,11,0.49812011818181818,0.498120118182,-1.6553990760127604,-1.6553990760138493,-1.6553990760127604,-1.8182E-13,ELIGIBLE,R03b_20260811_FULL_v1,L1_ELIGIBILITY,v2026-08-11,2026-03-21..2026-08-06,baccarat_bet02_101_all_pairs_incl_sentinel,round_win = game_pnl > 0 (decisive only),COMPATIBILITY_ONLY_NOT_PRODUCTION,519274.8434,465718.2974,168.8526,6121,6023,-0.00032517,0.01119525,-0.01075540,-0.00032517,-168.8526,519274.8434,OK,0.0000,6.7541,4.0000,96.0000,AG03-UNRESOLVED,ALL5_LEVELS_bet23_to_bet27,6.7541,6.7541,6.7541,8.4426,0.0000,4.000000,4.000000,4.000000,5.000000,0.000000,96.000000,96.000000,96.000000,95.000000,100.000000,5.0,28.7049,26.9321,140.1477,141.9205,PENDING_AG03,FALSE,NOT_FOR_ENFORCEMENT,162.0985,447089.5655,168.8526,162.0985,6.7541,0.00032517,0.00031216,6.7541,162.0985,0.00031216,6.7541,6.7541,6.7541,8.4426,0.0000,162.0985,0.00031216,28.7049,26.9321,140.1477,141.9205,0.00026989,0.00027331,0.00001301,84.8350,77.3233,0.0280,5.6284,0.3838,17309.1614,200.7667,91.2509,79.7578,34.0832,58.2266,102.2495,170.4158,241.2244,332.7233,51.1247,0.0,4.142857,5.714285,1.45698,29,141,174,4,0.47516736,0.00032517,-0.01119525,0E-8,0.000000,0.896863,0.000000,0.02195065,2026-06-03,2026-08-03,30,440,303,62,0.483871,1.144100,1.075628,1.583891,,,,,,,,GLOBAL_BASELINE_NO_ENTITY_RANKING,,,NOT_APPLICABLE_GLOBAL_BASELINE,HF9g-P5,,,,X 全窗基线 · 不参与实体赏罚,6879208,688,A168_HF9F_20260827_0900,2026-08-27 09:00:00
2026-07-01,135398611,-1,1,124.7712527033,-124.7712527033,-124.7712527033,0E-7,5,5,0.49860758000000000,0.498607580000,-2.2298495325838465,-2.2298495325838465,-2.2298495325838465,0E-17,SENTINEL_DEALER,R03b_20260811_FULL_v1,L1_ELIGIBILITY,v2026-08-11,2026-03-21..2026-08-06,baccarat_bet02_101_all_pairs_incl_sentinel,round_win = game_pnl > 0 (decisive only),COMPATIBILITY_ONLY_NOT_PRODUCTION,519274.8434,465718.2974,168.8526,6121,6023,-0.00032517,0.01119525,-0.01075540,-0.00032517,-168.8526,519274.8434,OK,0.0000,6.7541,4.0000,96.0000,AG03-UNRESOLVED,ALL5_LEVELS_bet23_to_bet27,6.7541,6.7541,6.7541,8.4426,0.0000,4.000000,4.000000,4.000000,5.000000,0.000000,96.000000,96.000000,96.000000,95.000000,100.000000,5.0,28.7049,26.9321,140.1477,141.9205,PENDING_AG03,FALSE,NOT_FOR_ENFORCEMENT,162.0985,447089.5655,168.8526,162.0985,6.7541,0.00032517,0.00031216,6.7541,162.0985,0.00031216,6.7541,6.7541,6.7541,8.4426,0.0000,162.0985,0.00031216,28.7049,26.9321,140.1477,141.9205,0.00026989,0.00027331,0.00001301,84.8350,77.3233,0.0280,5.6284,0.3838,17309.1614,200.7667,91.2509,79.7578,34.0832,58.2266,102.2495,170.4158,241.2244,332.7233,51.1247,0.0,4.142857,5.714285,1.45698,29,141,174,4,0.47516736,0.00032517,-0.01119525,0E-8,0.000000,0.896863,0.000000,0.02195065,2026-06-03,2026-08-03,30,440,303,62,0.483871,1.144100,1.075628,1.583891,,,,,,,,GLOBAL_BASELINE_NO_ENTITY_RANKING,,,NOT_APPLICABLE_GLOBAL_BASELINE,HF9g-P5,,,,X 全窗基线 · 不参与实体赏罚,6879209,688,A168_HF9F_20260827_0900,2026-08-27 09:00:00
2026-07-01,135398611,1306,0,236.2335717851,-51.9880219598,-51.9880219598,0.4166667,13,13,0.49840134615384615,0.498401346154,-0.566277364919471,-0.5662773649205365,-0.566277364919471,-1.5385E-13,ELIGIBLE,R03b_20260811_FULL_v1,L1_ELIGIBILITY,v2026-08-11,2026-03-21..2026-08-06,baccarat_bet02_101_all_pairs_incl_sentinel,round_win = game_pnl > 0 (decisive only),COMPATIBILITY_ONLY_NOT_PRODUCTION,519274.8434,465718.2974,168.8526,6121,6023,-0.00032517,0.01119525,-0.01075540,-0.00032517,-168.8526,519274.8434,OK,0.0000,6.7541,4.0000,96.0000,AG03-UNRESOLVED,ALL5_LEVELS_bet23_to_bet27,6.7541,6.7541,6.7541,8.4426,0.0000,4.000000,4.000000,4.000000,5.000000,0.000000,96.000000,96.000000,96.000000,95.000000,100.000000,5.0,28.7049,26.9321,140.1477,141.9205,PENDING_AG03,FALSE,NOT_FOR_ENFORCEMENT,162.0985,447089.5655,168.8526,162.0985,6.7541,0.00032517,0.00031216,6.7541,162.0985,0.00031216,6.7541,6.7541,6.7541,8.4426,0.0000,162.0985,0.00031216,28.7049,26.9321,140.1477,141.9205,0.00026989,0.00027331,0.00001301,84.8350,77.3233,0.0280,5.6284,0.3838,17309.1614,200.7667,91.2509,79.7578,34.0832,58.2266,102.2495,170.4158,241.2244,332.7233,51.1247,0.0,4.142857,5.714285,1.45698,29,141,174,4,0.47516736,0.00032517,-0.01119525,0E-8,0.000000,0.896863,0.000000,0.02195065,2026-06-03,2026-08-03,30,440,303,62,0.483871,1.144100,1.075628,1.583891,,,,,,,,GLOBAL_BASELINE_NO_ENTITY_RANKING,,,NOT_APPLICABLE_GLOBAL_BASELINE,HF9g-P5,,,,X 全窗基线 · 不参与实体赏罚,6879210,688,A168_HF9F_20260827_0900,2026-08-27 09:00:00
2026-07-01,135398611,1307,0,677.0919980036,-24.1224421892,-24.1224421892,0.5000000,20,20,0.49860758000000000,0.498607580000,0.011815121306311056,0.011815121306311058,0.011815121306311056,0E-17,ELIGIBLE,R03b_20260811_FULL_v1,L1_ELIGIBILITY,v2026-08-11,2026-03-21..2026-08-06,baccarat_bet02_101_all_pairs_incl_sentinel,round_win = game_pnl > 0 (decisive only),COMPATIBILITY_ONLY_NOT_PRODUCTION,519274.8434,465718.2974,168.8526,6121,6023,-0.00032517,0.01119525,-0.01075540,-0.00032517,-168.8526,519274.8434,OK,0.0000,6.7541,4.0000,96.0000,AG03-UNRESOLVED,ALL5_LEVELS_bet23_to_bet27,6.7541,6.7541,6.7541,8.4426,0.0000,4.000000,4.000000,4.000000,5.000000,0.000000,96.000000,96.000000,96.000000,95.000000,100.000000,5.0,28.7049,26.9321,140.1477,141.9205,PENDING_AG03,FALSE,NOT_FOR_ENFORCEMENT,162.0985,447089.5655,168.8526,162.0985,6.7541,0.00032517,0.00031216,6.7541,162.0985,0.00031216,6.7541,6.7541,6.7541,8.4426,0.0000,162.0985,0.00031216,28.7049,26.9321,140.1477,141.9205,0.00026989,0.00027331,0.00001301,84.8350,77.3233,0.0280,5.6284,0.3838,17309.1614,200.7667,91.2509,79.7578,34.0832,58.2266,102.2495,170.4158,241.2244,332.7233,51.1247,0.0,4.142857,5.714285,1.45698,29,141,174,4,0.47516736,0.00032517,-0.01119525,0E-8,0.000000,0.896863,0.000000,0.02195065,2026-06-03,2026-08-03,30,440,303,62,0.483871,1.144100,1.075628,1.583891,,,,,,,,GLOBAL_BASELINE_NO_ENTITY_RANKING,,,NOT_APPLICABLE_GLOBAL_BASELINE,HF9g-P5,,,,X 全窗基线 · 不参与实体赏罚,6879211,688,A168_HF9F_20260827_0900,2026-08-27 09:00:00
2026-07-01,135398611,1331,0,578.9386125435,117.8672433870,117.8672433870,0.5909091,23,23,0.50315369130434783,0.503153691304,0.8232349942041605,0.82323499420742,0.8232349942041605,3.4783E-13,ELIGIBLE,R03b_20260811_FULL_v1,L1_ELIGIBILITY,v2026-08-11,2026-03-21..2026-08-06,baccarat_bet02_101_all_pairs_incl_sentinel,round_win = game_pnl > 0 (decisive only),COMPATIBILITY_ONLY_NOT_PRODUCTION,519274.8434,465718.2974,168.8526,6121,6023,-0.00032517,0.01119525,-0.01075540,-0.00032517,-168.8526,519274.8434,OK,0.0000,6.7541,4.0000,96.0000,AG03-UNRESOLVED,ALL5_LEVELS_bet23_to_bet27,6.7541,6.7541,6.7541,8.4426,0.0000,4.000000,4.000000,4.000000,5.000000,0.000000,96.000000,96.000000,96.000000,95.000000,100.000000,5.0,28.7049,26.9321,140.1477,141.9205,PENDING_AG03,FALSE,NOT_FOR_ENFORCEMENT,162.0985,447089.5655,168.8526,162.0985,6.7541,0.00032517,0.00031216,6.7541,162.0985,0.00031216,6.7541,6.7541,6.7541,8.4426,0.0000,162.0985,0.00031216,28.7049,26.9321,140.1477,141.9205,0.00026989,0.00027331,0.00001301,84.8350,77.3233,0.0280,5.6284,0.3838,17309.1614,200.7667,91.2509,79.7578,34.0832,58.2266,102.2495,170.4158,241.2244,332.7233,51.1247,0.0,4.142857,5.714285,1.45698,29,141,174,4,0.47516736,0.00032517,-0.01119525,0E-8,0.000000,0.896863,0.000000,0.02195065,2026-06-03,2026-08-03,30,440,303,62,0.483871,1.144100,1.075628,1.583891,,,,,,,,GLOBAL_BASELINE_NO_ENTITY_RANKING,,,NOT_APPLICABLE_GLOBAL_BASELINE,HF9g-P5,,,,X 全窗基线 · 不参与实体赏罚,6879212,688,A168_HF9F_20260827_0900,2026-08-27 09:00:00
2026-07-01,135398611,1363,0,221.2610214605,6.6544668110,6.6544668110,0.4444444,9,9,0.49622443333333333,0.496224433333,-0.3106887911371706,-0.3106887911351721,-0.3106887911371706,3.3333E-13,ELIGIBLE,R03b_20260811_FULL_v1,L1_ELIGIBILITY,v2026-08-11,2026-03-21..2026-08-06,baccarat_bet02_101_all_pairs_incl_sentinel,round_win = game_pnl > 0 (decisive only),COMPATIBILITY_ONLY_NOT_PRODUCTION,519274.8434,465718.2974,168.8526,6121,6023,-0.00032517,0.01119525,-0.01075540,-0.00032517,-168.8526,519274.8434,OK,0.0000,6.7541,4.0000,96.0000,AG03-UNRESOLVED,ALL5_LEVELS_bet23_to_bet27,6.7541,6.7541,6.7541,8.4426,0.0000,4.000000,4.000000,4.000000,5.000000,0.000000,96.000000,96.000000,96.000000,95.000000,100.000000,5.0,28.7049,26.9321,140.1477,141.9205,PENDING_AG03,FALSE,NOT_FOR_ENFORCEMENT,162.0985,447089.5655,168.8526,162.0985,6.7541,0.00032517,0.00031216,6.7541,162.0985,0.00031216,6.7541,6.7541,6.7541,8.4426,0.0000,162.0985,0.00031216,28.7049,26.9321,140.1477,141.9205,0.00026989,0.00027331,0.00001301,84.8350,77.3233,0.0280,5.6284,0.3838,17309.1614,200.7667,91.2509,79.7578,34.0832,58.2266,102.2495,170.4158,241.2244,332.7233,51.1247,0.0,4.142857,5.714285,1.45698,29,141,174,4,0.47516736,0.00032517,-0.01119525,0E-8,0.000000,0.896863,0.000000,0.02195065,2026-06-03,2026-08-03,30,440,303,62,0.483871,1.144100,1.075628,1.583891,,,,,,,,GLOBAL_BASELINE_NO_ENTITY_RANKING,,,NOT_APPLICABLE_GLOBAL_BASELINE,HF9g-P5,,,,X 全窗基线 · 不参与实体赏罚,6879213,688,A168_HF9F_20260827_0900,2026-08-27 09:00:00
2026-07-01,135398611,1951,0,212.9429379470,-8.1517218432,-8.1517218432,0.5000000,9,9,0.50367176666666667,0.503671766667,-0.020771208948525265,-0.020771208950411013,-0.020771208948525265,-3.3333E-13,ELIGIBLE,R03b_20260811_FULL_v1,L1_ELIGIBILITY,v2026-08-11,2026-03-21..2026-08-06,baccarat_bet02_101_all_pairs_incl_sentinel,round_win = game_pnl > 0 (decisive only),COMPATIBILITY_ONLY_NOT_PRODUCTION,519274.8434,465718.2974,168.8526,6121,6023,-0.00032517,0.01119525,-0.01075540,-0.00032517,-168.8526,519274.8434,OK,0.0000,6.7541,4.0000,96.0000,AG03-UNRESOLVED,ALL5_LEVELS_bet23_to_bet27,6.7541,6.7541,6.7541,8.4426,0.0000,4.000000,4.000000,4.000000,5.000000,0.000000,96.000000,96.000000,96.000000,95.000000,100.000000,5.0,28.7049,26.9321,140.1477,141.9205,PENDING_AG03,FALSE,NOT_FOR_ENFORCEMENT,162.0985,447089.5655,168.8526,162.0985,6.7541,0.00032517,0.00031216,6.7541,162.0985,0.00031216,6.7541,6.7541,6.7541,8.4426,0.0000,162.0985,0.00031216,28.7049,26.9321,140.1477,141.9205,0.00026989,0.00027331,0.00001301,84.8350,77.3233,0.0280,5.6284,0.3838,17309.1614,200.7667,91.2509,79.7578,34.0832,58.2266,102.2495,170.4158,241.2244,332.7233,51.1247,0.0,4.142857,5.714285,1.45698,29,141,174,4,0.47516736,0.00032517,-0.01119525,0E-8,0.000000,0.896863,0.000000,0.02195065,2026-06-03,2026-08-03,30,440,303,62,0.483871,1.144100,1.075628,1.583891,,,,,,,,GLOBAL_BASELINE_NO_ENTITY_RANKING,,,NOT_APPLICABLE_GLOBAL_BASELINE,HF9g-P5,,,,X 全窗基线 · 不参与实体赏罚,6879214,688,A168_HF9F_20260827_0900,2026-08-27 09:00:00
2026-07-01,135398611,2101,0,89.8353019465,26.9505905839,26.9505905839,0.7500000,4,4,0.50665070000000000,0.506650700000,0.9734833216690844,0.9734833216690844,0.9734833216690844,0E-17,ELIGIBLE,R03b_20260811_FULL_v1,L1_ELIGIBILITY,v2026-08-11,2026-03-21..2026-08-06,baccarat_bet02_101_all_pairs_incl_sentinel,round_win = game_pnl > 0 (decisive only),COMPATIBILITY_ONLY_NOT_PRODUCTION,519274.8434,465718.2974,168.8526,6121,6023,-0.00032517,0.01119525,-0.01075540,-0.00032517,-168.8526,519274.8434,OK,0.0000,6.7541,4.0000,96.0000,AG03-UNRESOLVED,ALL5_LEVELS_bet23_to_bet27,6.7541,6.7541,6.7541,8.4426,0.0000,4.000000,4.000000,4.000000,5.000000,0.000000,96.000000,96.000000,96.000000,95.000000,100.000000,5.0,28.7049,26.9321,140.1477,141.9205,PENDING_AG03,FALSE,NOT_FOR_ENFORCEMENT,162.0985,447089.5655,168.8526,162.0985,6.7541,0.00032517,0.00031216,6.7541,162.0985,0.00031216,6.7541,6.7541,6.7541,8.4426,0.0000,162.0985,0.00031216,28.7049,26.9321,140.1477,141.9205,0.00026989,0.00027331,0.00001301,84.8350,77.3233,0.0280,5.6284,0.3838,17309.1614,200.7667,91.2509,79.7578,34.0832,58.2266,102.2495,170.4158,241.2244,332.7233,51.1247,0.0,4.142857,5.714285,1.45698,29,141,174,4,0.47516736,0.00032517,-0.01119525,0E-8,0.000000,0.896863,0.000000,0.02195065,2026-06-03,2026-08-03,30,440,303,62,0.483871,1.144100,1.075628,1.583891,,,,,,,,GLOBAL_BASELINE_NO_ENTITY_RANKING,,,NOT_APPLICABLE_GLOBAL_BASELINE,HF9g-P5,,,,X 全窗基线 · 不参与实体赏罚,6879215,688,A168_HF9F_20260827_0900,2026-08-27 09:00:00
2026-07-01,135398611,2115,0,908.3347196802,47.7457993678,47.7457993678,0.5517241,31,31,0.50362371935483871,0.503623719355,0.5180709687627088,0.5180709687609728,0.5180709687627088,-1.6129E-13,ELIGIBLE,R03b_20260811_FULL_v1,L1_ELIGIBILITY,v2026-08-11,2026-03-21..2026-08-06,baccarat_bet02_101_all_pairs_incl_sentinel,round_win = game_pnl > 0 (decisive only),COMPATIBILITY_ONLY_NOT_PRODUCTION,519274.8434,465718.2974,168.8526,6121,6023,-0.00032517,0.01119525,-0.01075540,-0.00032517,-168.8526,519274.8434,OK,0.0000,6.7541,4.0000,96.0000,AG03-UNRESOLVED,ALL5_LEVELS_bet23_to_bet27,6.7541,6.7541,6.7541,8.4426,0.0000,4.000000,4.000000,4.000000,5.000000,0.000000,96.000000,96.000000,96.000000,95.000000,100.000000,5.0,28.7049,26.9321,140.1477,141.9205,PENDING_AG03,FALSE,NOT_FOR_ENFORCEMENT,162.0985,447089.5655,168.8526,162.0985,6.7541,0.00032517,0.00031216,6.7541,162.0985,0.00031216,6.7541,6.7541,6.7541,8.4426,0.0000,162.0985,0.00031216,28.7049,26.9321,140.1477,141.9205,0.00026989,0.00027331,0.00001301,84.8350,77.3233,0.0280,5.6284,0.3838,17309.1614,200.7667,91.2509,79.7578,34.0832,58.2266,102.2495,170.4158,241.2244,332.7233,51.1247,0.0,4.142857,5.714285,1.45698,29,141,174,4,0.47516736,0.00032517,-0.01119525,0E-8,0.000000,0.896863,0.000000,0.02195065,2026-06-03,2026-08-03,30,440,303,62,0.483871,1.144100,1.075628,1.583891,,,,,,,,GLOBAL_BASELINE_NO_ENTITY_RANKING,,,NOT_APPLICABLE_GLOBAL_BASELINE,HF9g-P5,,,,X 全窗基线 · 不参与实体赏罚,6879216,688,A168_HF9F_20260827_0900,2026-08-27 09:00:00
2026-07-01,135398611,2127,0,41.5904175678,-41.5904175678,-41.5904175678,0E-7,2,2,0.49994810000000000,0.499948100000,-1.4140667746232096,-1.4140667746232096,-1.4140667746232096,0E-17,ELIGIBLE,R03b_20260811_FULL_v1,L1_ELIGIBILITY,v2026-08-11,2026-03-21..2026-08-06,baccarat_bet02_101_all_pairs_incl_sentinel,round_win = game_pnl > 0 (decisive only),COMPATIBILITY_ONLY_NOT_PRODUCTION,519274.8434,465718.2974,168.8526,6121,6023,-0.00032517,0.01119525,-0.01075540,-0.00032517,-168.8526,519274.8434,OK,0.0000,6.7541,4.0000,96.0000,AG03-UNRESOLVED,ALL5_LEVELS_bet23_to_bet27,6.7541,6.7541,6.7541,8.4426,0.0000,4.000000,4.000000,4.000000,5.000000,0.000000,96.000000,96.000000,96.000000,95.000000,100.000000,5.0,28.7049,26.9321,140.1477,141.9205,PENDING_AG03,FALSE,NOT_FOR_ENFORCEMENT,162.0985,447089.5655,168.8526,162.0985,6.7541,0.00032517,0.00031216,6.7541,162.0985,0.00031216,6.7541,6.7541,6.7541,8.4426,0.0000,162.0985,0.00031216,28.7049,26.9321,140.1477,141.9205,0.00026989,0.00027331,0.00001301,84.8350,77.3233,0.0280,5.6284,0.3838,17309.1614,200.7667,91.2509,79.7578,34.0832,58.2266,102.2495,170.4158,241.2244,332.7233,51.1247,0.0,4.142857,5.714285,1.45698,29,141,174,4,0.47516736,0.00032517,-0.01119525,0E-8,0.000000,0.896863,0.000000,0.02195065,2026-06-03,2026-08-03,30,440,303,62,0.483871,1.144100,1.075628,1.583891,,,,,,,,GLOBAL_BASELINE_NO_ENTITY_RANKING,,,NOT_APPLICABLE_GLOBAL_BASELINE,HF9g-P5,,,,X 全窗基线 · 不参与实体赏罚,6879217,688,A168_HF9F_20260827_0900,2026-08-27 09:00:00
2026-07-01,135398611,2145,0,39.9268008651,-39.9268008651,-39.9268008651,0E-7,3,3,0.50218230000000000,0.502182300000,-1.7396270863184011,-1.7396270863184016,-1.7396270863184011,0E-17,ELIGIBLE,R03b_20260811_FULL_v1,L1_ELIGIBILITY,v2026-08-11,2026-03-21..2026-08-06,baccarat_bet02_101_all_pairs_incl_sentinel,round_win = game_pnl > 0 (decisive only),COMPATIBILITY_ONLY_NOT_PRODUCTION,519274.8434,465718.2974,168.8526,6121,6023,-0.00032517,0.01119525,-0.01075540,-0.00032517,-168.8526,519274.8434,OK,0.0000,6.7541,4.0000,96.0000,AG03-UNRESOLVED,ALL5_LEVELS_bet23_to_bet27,6.7541,6.7541,6.7541,8.4426,0.0000,4.000000,4.000000,4.000000,5.000000,0.000000,96.000000,96.000000,96.000000,95.000000,100.000000,5.0,28.7049,26.9321,140.1477,141.9205,PENDING_AG03,FALSE,NOT_FOR_ENFORCEMENT,162.0985,447089.5655,168.8526,162.0985,6.7541,0.00032517,0.00031216,6.7541,162.0985,0.00031216,6.7541,6.7541,6.7541,8.4426,0.0000,162.0985,0.00031216,28.7049,26.9321,140.1477,141.9205,0.00026989,0.00027331,0.00001301,84.8350,77.3233,0.0280,5.6284,0.3838,17309.1614,200.7667,91.2509,79.7578,34.0832,58.2266,102.2495,170.4158,241.2244,332.7233,51.1247,0.0,4.142857,5.714285,1.45698,29,141,174,4,0.47516736,0.00032517,-0.01119525,0E-8,0.000000,0.896863,0.000000,0.02195065,2026-06-03,2026-08-03,30,440,303,62,0.483871,1.144100,1.075628,1.583891,,,,,,,,GLOBAL_BASELINE_NO_ENTITY_RANKING,,,NOT_APPLICABLE_GLOBAL_BASELINE,HF9g-P5,,,,X 全窗基线 · 不参与实体赏罚,6879218,688,A168_HF9F_20260827_0900,2026-08-27 09:00:00
2026-07-01,135398611,2167,0,365.9956745965,15.8043586758,15.8043586758,0.4615385,13,13,0.49840134615384615,0.498401346154,-0.2658234000146369,-0.265823400015746,-0.2658234000146369,-1.5385E-13,ELIGIBLE,R03b_20260811_FULL_v1,L1_ELIGIBILITY,v2026-08-11,2026-03-21..2026-08-06,baccarat_bet02_101_all_pairs_incl_sentinel,round_win = game_pnl > 0 (decisive only),COMPATIBILITY_ONLY_NOT_PRODUCTION,519274.8434,465718.2974,168.8526,6121,6023,-0.00032517,0.01119525,-0.01075540,-0.00032517,-168.8526,519274.8434,OK,0.0000,6.7541,4.0000,96.0000,AG03-UNRESOLVED,ALL5_LEVELS_bet23_to_bet27,6.7541,6.7541,6.7541,8.4426,0.0000,4.000000,4.000000,4.000000,5.000000,0.000000,96.000000,96.000000,96.000000,95.000000,100.000000,5.0,28.7049,26.9321,140.1477,141.9205,PENDING_AG03,FALSE,NOT_FOR_ENFORCEMENT,162.0985,447089.5655,168.8526,162.0985,6.7541,0.00032517,0.00031216,6.7541,162.0985,0.00031216,6.7541,6.7541,6.7541,8.4426,0.0000,162.0985,0.00031216,28.7049,26.9321,140.1477,141.9205,0.00026989,0.00027331,0.00001301,84.8350,77.3233,0.0280,5.6284,0.3838,17309.1614,200.7667,91.2509,79.7578,34.0832,58.2266,102.2495,170.4158,241.2244,332.7233,51.1247,0.0,4.142857,5.714285,1.45698,29,141,174,4,0.47516736,0.00032517,-0.01119525,0E-8,0.000000,0.896863,0.000000,0.02195065,2026-06-03,2026-08-03,30,440,303,62,0.483871,1.144100,1.075628,1.583891,,,,,,,,GLOBAL_BASELINE_NO_ENTITY_RANKING,,,NOT_APPLICABLE_GLOBAL_BASELINE,HF9g-P5,,,,X 全窗基线 · 不参与实体赏罚,6879219,688,A168_HF9F_20260827_0900,2026-08-27 09:00:00
2026-07-01,135398611,2251,0,908.3347196805,115.7877225086,115.7877225086,0.6000000,24,23,0.49693678695652174,0.497033926087,0.9218427013469526,0.9209727674153357,0.9218427013469526,-0.00009713913047826,ELIGIBLE,R03b_20260811_FULL_v1,L1_ELIGIBILITY,v2026-08-11,2026-03-21..2026-08-06,baccarat_bet02_101_all_pairs_incl_sentinel,round_win = game_pnl > 0 (decisive only),COMPATIBILITY_ONLY_NOT_PRODUCTION,519274.8434,465718.2974,168.8526,6121,6023,-0.00032517,0.01119525,-0.01075540,-0.00032517,-168.8526,519274.8434,OK,0.0000,6.7541,4.0000,96.0000,AG03-UNRESOLVED,ALL5_LEVELS_bet23_to_bet27,6.7541,6.7541,6.7541,8.4426,0.0000,4.000000,4.000000,4.000000,5.000000,0.000000,96.000000,96.000000,96.000000,95.000000,100.000000,5.0,28.7049,26.9321,140.1477,141.9205,PENDING_AG03,FALSE,NOT_FOR_ENFORCEMENT,162.0985,447089.5655,168.8526,162.0985,6.7541,0.00032517,0.00031216,6.7541,162.0985,0.00031216,6.7541,6.7541,6.7541,8.4426,0.0000,162.0985,0.00031216,28.7049,26.9321,140.1477,141.9205,0.00026989,0.00027331,0.00001301,84.8350,77.3233,0.0280,5.6284,0.3838,17309.1614,200.7667,91.2509,79.7578,34.0832,58.2266,102.2495,170.4158,241.2244,332.7233,51.1247,0.0,4.142857,5.714285,1.45698,29,141,174,4,0.47516736,0.00032517,-0.01119525,0E-8,0.000000,0.896863,0.000000,0.02195065,2026-06-03,2026-08-03,30,440,303,62,0.483871,1.144100,1.075628,1.583891,,,,,,,,GLOBAL_BASELINE_NO_ENTITY_RANKING,,,NOT_APPLICABLE_GLOBAL_BASELINE,HF9g-P5,,,,X 全窗基线 · 不参与实体赏罚,6879220,688,A168_HF9F_20260827_0900,2026-08-27 09:00:00
2026-07-09,135398611,-1,1,8489.4360339373,34.4368657462,34.4368657462,0.4918033,134,134,0.50154872089552239,0.501548720896,-0.2152848876366108,-0.21528488764716228,-0.2152848876366108,-4.7761E-13,SENTINEL_DEALER,R03b_20260811_FULL_v1,L1_ELIGIBILITY,v2026-08-11,2026-03-21..2026-08-06,baccarat_bet02_101_all_pairs_incl_sentinel,round_win = game_pnl > 0 (decisive only),COMPATIBILITY_ONLY_NOT_PRODUCTION,519274.8434,465718.2974,168.8526,6121,6023,-0.00032517,0.01119525,-0.01075540,-0.00032517,-168.8526,519274.8434,OK,0.0000,6.7541,4.0000,96.0000,AG03-UNRESOLVED,ALL5_LEVELS_bet23_to_bet27,6.7541,6.7541,6.7541,8.4426,0.0000,4.000000,4.000000,4.000000,5.000000,0.000000,96.000000,96.000000,96.000000,95.000000,100.000000,5.0,28.7049,26.9321,140.1477,141.9205,PENDING_AG03,FALSE,NOT_FOR_ENFORCEMENT,162.0985,447089.5655,168.8526,162.0985,6.7541,0.00032517,0.00031216,6.7541,162.0985,0.00031216,6.7541,6.7541,6.7541,8.4426,0.0000,162.0985,0.00031216,28.7049,26.9321,140.1477,141.9205,0.00026989,0.00027331,0.00001301,84.8350,77.3233,0.0280,5.6284,0.3838,17309.1614,200.7667,91.2509,79.7578,34.0832,58.2266,102.2495,170.4158,241.2244,332.7233,51.1247,0.0,4.142857,5.714285,1.45698,29,141,174,4,0.47516736,0.00032517,-0.01119525,0E-8,0.000000,0.896863,0.000000,0.02195065,2026-06-03,2026-08-03,30,440,303,62,0.483871,1.144100,1.075628,1.583891,,,,,,,,GLOBAL_BASELINE_NO_ENTITY_RANKING,,,NOT_APPLICABLE_GLOBAL_BASELINE,HF9g-P5,,,,X 全窗基线 · 不参与实体赏罚,6879221,688,A168_HF9F_20260827_0900,2026-08-27 09:00:00
2026-07-09,135398611,1210,0,79.8536017301,-14.9725503244,-14.9725503244,0.5000000,2,2,0.50665070000000000,0.506650700000,-0.018812684590367487,-0.018812684590367487,-0.018812684590367487,0E-17,ELIGIBLE,R03b_20260811_FULL_v1,L1_ELIGIBILITY,v2026-08-11,2026-03-21..2026-08-06,baccarat_bet02_101_all_pairs_incl_sentinel,round_win = game_pnl > 0 (decisive only),COMPATIBILITY_ONLY_NOT_PRODUCTION,519274.8434,465718.2974,168.8526,6121,6023,-0.00032517,0.01119525,-0.01075540,-0.00032517,-168.8526,519274.8434,OK,0.0000,6.7541,4.0000,96.0000,AG03-UNRESOLVED,ALL5_LEVELS_bet23_to_bet27,6.7541,6.7541,6.7541,8.4426,0.0000,4.000000,4.000000,4.000000,5.000000,0.000000,96.000000,96.000000,96.000000,95.000000,100.000000,5.0,28.7049,26.9321,140.1477,141.9205,PENDING_AG03,FALSE,NOT_FOR_ENFORCEMENT,162.0985,447089.5655,168.8526,162.0985,6.7541,0.00032517,0.00031216,6.7541,162.0985,0.00031216,6.7541,6.7541,6.7541,8.4426,0.0000,162.0985,0.00031216,28.7049,26.9321,140.1477,141.9205,0.00026989,0.00027331,0.00001301,84.8350,77.3233,0.0280,5.6284,0.3838,17309.1614,200.7667,91.2509,79.7578,34.0832,58.2266,102.2495,170.4158,241.2244,332.7233,51.1247,0.0,4.142857,5.714285,1.45698,29,141,174,4,0.47516736,0.00032517,-0.01119525,0E-8,0.000000,0.896863,0.000000,0.02195065,2026-06-03,2026-08-03,30,440,303,62,0.483871,1.144100,1.075628,1.583891,,,,,,,,GLOBAL_BASELINE_NO_ENTITY_RANKING,,,NOT_APPLICABLE_GLOBAL_BASELINE,HF9g-P5,,,,X 全窗基线 · 不参与实体赏罚,6879222,688,A168_HF9F_20260827_0900,2026-08-27 09:00:00
2026-07-09,135398611,1306,0,1696.8890367660,-499.0850108134,-499.0850108134,0.3333333,16,15,0.49287722148148352,0.482204606667,-1.235947058948545,-1.1538829704201592,-1.235947058948545,0.01067261481448352,ELIGIBLE,R03b_20260811_FULL_v1,L1_ELIGIBILITY,v2026-08-11,2026-03-21..2026-08-06,baccarat_bet02_101_all_pairs_incl_sentinel,round_win = game_pnl > 0 (decisive only),COMPATIBILITY_ONLY_NOT_PRODUCTION,519274.8434,465718.2974,168.8526,6121,6023,-0.00032517,0.01119525,-0.01075540,-0.00032517,-168.8526,519274.8434,OK,0.0000,6.7541,4.0000,96.0000,AG03-UNRESOLVED,ALL5_LEVELS_bet23_to_bet27,6.7541,6.7541,6.7541,8.4426,0.0000,4.000000,4.000000,4.000000,5.000000,0.000000,96.000000,96.000000,96.000000,95.000000,100.000000,5.0,28.7049,26.9321,140.1477,141.9205,PENDING_AG03,FALSE,NOT_FOR_ENFORCEMENT,162.0985,447089.5655,168.8526,162.0985,6.7541,0.00032517,0.00031216,6.7541,162.0985,0.00031216,6.7541,6.7541,6.7541,8.4426,0.0000,162.0985,0.00031216,28.7049,26.9321,140.1477,141.9205,0.00026989,0.00027331,0.00001301,84.8350,77.3233,0.0280,5.6284,0.3838,17309.1614,200.7667,91.2509,79.7578,34.0832,58.2266,102.2495,170.4158,241.2244,332.7233,51.1247,0.0,4.142857,5.714285,1.45698,29,141,174,4,0.47516736,0.00032517,-0.01119525,0E-8,0.000000,0.896863,0.000000,0.02195065,2026-06-03,2026-08-03,30,440,303,62,0.483871,1.144100,1.075628,1.583891,,,,,,,,GLOBAL_BASELINE_NO_ENTITY_RANKING,,,NOT_APPLICABLE_GLOBAL_BASELINE,HF9g-P5,,,,X 全窗基线 · 不参与实体赏罚,6879223,688,A168_HF9F_20260827_0900,2026-08-27 09:00:00
2026-07-09,135398611,1383,0,359.3412077857,-76.5263683249,-76.5263683249,0.4285714,9,9,0.49771390000000000,0.497713900000,-0.3658713931578504,-0.3658713931578504,-0.3658713931578504,0E-17,ELIGIBLE,R03b_20260811_FULL_v1,L1_ELIGIBILITY,v2026-08-11,2026-03-21..2026-08-06,baccarat_bet02_101_all_pairs_incl_sentinel,round_win = game_pnl > 0 (decisive only),COMPATIBILITY_ONLY_NOT_PRODUCTION,519274.8434,465718.2974,168.8526,6121,6023,-0.00032517,0.01119525,-0.01075540,-0.00032517,-168.8526,519274.8434,OK,0.0000,6.7541,4.0000,96.0000,AG03-UNRESOLVED,ALL5_LEVELS_bet23_to_bet27,6.7541,6.7541,6.7541,8.4426,0.0000,4.000000,4.000000,4.000000,5.000000,0.000000,96.000000,96.000000,96.000000,95.000000,100.000000,5.0,28.7049,26.9321,140.1477,141.9205,PENDING_AG03,FALSE,NOT_FOR_ENFORCEMENT,162.0985,447089.5655,168.8526,162.0985,6.7541,0.00032517,0.00031216,6.7541,162.0985,0.00031216,6.7541,6.7541,6.7541,8.4426,0.0000,162.0985,0.00031216,28.7049,26.9321,140.1477,141.9205,0.00026989,0.00027331,0.00001301,84.8350,77.3233,0.0280,5.6284,0.3838,17309.1614,200.7667,91.2509,79.7578,34.0832,58.2266,102.2495,170.4158,241.2244,332.7233,51.1247,0.0,4.142857,5.714285,1.45698,29,141,174,4,0.47516736,0.00032517,-0.01119525,0E-8,0.000000,0.896863,0.000000,0.02195065,2026-06-03,2026-08-03,30,440,303,62,0.483871,1.144100,1.075628,1.583891,,,,,,,,GLOBAL_BASELINE_NO_ENTITY_RANKING,,,NOT_APPLICABLE_GLOBAL_BASELINE,HF9g-P5,,,,X 全窗基线 · 不参与实体赏罚,6879224,688,A168_HF9F_20260827_0900,2026-08-27 09:00:00
2026-07-09,135398611,1399,0,16.6361670271,-16.6361670271,-16.6361670271,0E-7,1,1,0.49324550000000000,0.493245500000,-0.9865810262130424,-0.9865810262130424,-0.9865810262130424,0E-17,ELIGIBLE,R03b_20260811_FULL_v1,L1_ELIGIBILITY,v2026-08-11,2026-03-21..2026-08-06,baccarat_bet02_101_all_pairs_incl_sentinel,round_win = game_pnl > 0 (decisive only),COMPATIBILITY_ONLY_NOT_PRODUCTION,519274.8434,465718.2974,168.8526,6121,6023,-0.00032517,0.01119525,-0.01075540,-0.00032517,-168.8526,519274.8434,OK,0.0000,6.7541,4.0000,96.0000,AG03-UNRESOLVED,ALL5_LEVELS_bet23_to_bet27,6.7541,6.7541,6.7541,8.4426,0.0000,4.000000,4.000000,4.000000,5.000000,0.000000,96.000000,96.000000,96.000000,95.000000,100.000000,5.0,28.7049,26.9321,140.1477,141.9205,PENDING_AG03,FALSE,NOT_FOR_ENFORCEMENT,162.0985,447089.5655,168.8526,162.0985,6.7541,0.00032517,0.00031216,6.7541,162.0985,0.00031216,6.7541,6.7541,6.7541,8.4426,0.0000,162.0985,0.00031216,28.7049,26.9321,140.1477,141.9205,0.00026989,0.00027331,0.00001301,84.8350,77.3233,0.0280,5.6284,0.3838,17309.1614,200.7667,91.2509,79.7578,34.0832,58.2266,102.2495,170.4158,241.2244,332.7233,51.1247,0.0,4.142857,5.714285,1.45698,29,141,174,4,0.47516736,0.00032517,-0.01119525,0E-8,0.000000,0.896863,0.000000,0.02195065,2026-06-03,2026-08-03,30,440,303,62,0.483871,1.144100,1.075628,1.583891,,,,,,,,GLOBAL_BASELINE_NO_ENTITY_RANKING,,,NOT_APPLICABLE_GLOBAL_BASELINE,HF9g-P5,,,,X 全窗基线 · 不参与实体赏罚,6879225,688,A168_HF9F_20260827_0900,2026-08-27 09:00:00
2026-07-09,135398611,1941,0,2527.0337714194,349.6922309099,349.6922309099,0.5909091,27,27,0.50118932222222222,0.501189322222,0.8416484150386404,0.8416484150407243,0.8416484150386404,2.2222E-13,ELIGIBLE,R03b_20260811_FULL_v1,L1_ELIGIBILITY,v2026-08-11,2026-03-21..2026-08-06,baccarat_bet02_101_all_pairs_incl_sentinel,round_win = game_pnl > 0 (decisive only),COMPATIBILITY_ONLY_NOT_PRODUCTION,519274.8434,465718.2974,168.8526,6121,6023,-0.00032517,0.01119525,-0.01075540,-0.00032517,-168.8526,519274.8434,OK,0.0000,6.7541,4.0000,96.0000,AG03-UNRESOLVED,ALL5_LEVELS_bet23_to_bet27,6.7541,6.7541,6.7541,8.4426,0.0000,4.000000,4.000000,4.000000,5.000000,0.000000,96.000000,96.000000,96.000000,95.000000,100.000000,5.0,28.7049,26.9321,140.1477,141.9205,PENDING_AG03,FALSE,NOT_FOR_ENFORCEMENT,162.0985,447089.5655,168.8526,162.0985,6.7541,0.00032517,0.00031216,6.7541,162.0985,0.00031216,6.7541,6.7541,6.7541,8.4426,0.0000,162.0985,0.00031216,28.7049,26.9321,140.1477,141.9205,0.00026989,0.00027331,0.00001301,84.8350,77.3233,0.0280,5.6284,0.3838,17309.1614,200.7667,91.2509,79.7578,34.0832,58.2266,102.2495,170.4158,241.2244,332.7233,51.1247,0.0,4.142857,5.714285,1.45698,29,141,174,4,0.47516736,0.00032517,-0.01119525,0E-8,0.000000,0.896863,0.000000,0.02195065,2026-06-03,2026-08-03,30,440,303,62,0.483871,1.144100,1.075628,1.583891,,,,,,,,GLOBAL_BASELINE_NO_ENTITY_RANKING,,,NOT_APPLICABLE_GLOBAL_BASELINE,HF9g-P5,,,,X 全窗基线 · 不参与实体赏罚,6879226,688,A168_HF9F_20260827_0900,2026-08-27 09:00:00
2026-07-09,135398611,1951,0,1375.8110131431,-307.5195474966,-307.5195474966,0.3333333,19,19,0.50241747894736842,0.502417478947,-1.4347433214224605,-1.4347433214193293,-1.4347433214224605,3.6842E-13,ELIGIBLE,R03b_20260811_FULL_v1,L1_ELIGIBILITY,v2026-08-11,2026-03-21..2026-08-06,baccarat_bet02_101_all_pairs_incl_sentinel,round_win = game_pnl > 0 (decisive only),COMPATIBILITY_ONLY_NOT_PRODUCTION,519274.8434,465718.2974,168.8526,6121,6023,-0.00032517,0.01119525,-0.01075540,-0.00032517,-168.8526,519274.8434,OK,0.0000,6.7541,4.0000,96.0000,AG03-UNRESOLVED,ALL5_LEVELS_bet23_to_bet27,6.7541,6.7541,6.7541,8.4426,0.0000,4.000000,4.000000,4.000000,5.000000,0.000000,96.000000,96.000000,96.000000,95.000000,100.000000,5.0,28.7049,26.9321,140.1477,141.9205,PENDING_AG03,FALSE,NOT_FOR_ENFORCEMENT,162.0985,447089.5655,168.8526,162.0985,6.7541,0.00032517,0.00031216,6.7541,162.0985,0.00031216,6.7541,6.7541,6.7541,8.4426,0.0000,162.0985,0.00031216,28.7049,26.9321,140.1477,141.9205,0.00026989,0.00027331,0.00001301,84.8350,77.3233,0.0280,5.6284,0.3838,17309.1614,200.7667,91.2509,79.7578,34.0832,58.2266,102.2495,170.4158,241.2244,332.7233,51.1247,0.0,4.142857,5.714285,1.45698,29,141,174,4,0.47516736,0.00032517,-0.01119525,0E-8,0.000000,0.896863,0.000000,0.02195065,2026-06-03,2026-08-03,30,440,303,62,0.483871,1.144100,1.075628,1.583891,,,,,,,,GLOBAL_BASELINE_NO_ENTITY_RANKING,,,NOT_APPLICABLE_GLOBAL_BASELINE,HF9g-P5,,,,X 全窗基线 · 不参与实体赏罚,6879227,688,A168_HF9F_20260827_0900,2026-08-27 09:00:00
2026-07-09,135398611,1957,0,504.0758609213,-119.4476792544,-119.4476792544,0.3333333,19,19,0.49959533157894737,0.499595331579,-1.4107802990062457,-1.4107802990066922,-1.4107802990062457,-5.263E-14,ELIGIBLE,R03b_20260811_FULL_v1,L1_ELIGIBILITY,v2026-08-11,2026-03-21..2026-08-06,baccarat_bet02_101_all_pairs_incl_sentinel,round_win = game_pnl > 0 (decisive only),COMPATIBILITY_ONLY_NOT_PRODUCTION,519274.8434,465718.2974,168.8526,6121,6023,-0.00032517,0.01119525,-0.01075540,-0.00032517,-168.8526,519274.8434,OK,0.0000,6.7541,4.0000,96.0000,AG03-UNRESOLVED,ALL5_LEVELS_bet23_to_bet27,6.7541,6.7541,6.7541,8.4426,0.0000,4.000000,4.000000,4.000000,5.000000,0.000000,96.000000,96.000000,96.000000,95.000000,100.000000,5.0,28.7049,26.9321,140.1477,141.9205,PENDING_AG03,FALSE,NOT_FOR_ENFORCEMENT,162.0985,447089.5655,168.8526,162.0985,6.7541,0.00032517,0.00031216,6.7541,162.0985,0.00031216,6.7541,6.7541,6.7541,8.4426,0.0000,162.0985,0.00031216,28.7049,26.9321,140.1477,141.9205,0.00026989,0.00027331,0.00001301,84.8350,77.3233,0.0280,5.6284,0.3838,17309.1614,200.7667,91.2509,79.7578,34.0832,58.2266,102.2495,170.4158,241.2244,332.7233,51.1247,0.0,4.142857,5.714285,1.45698,29,141,174,4,0.47516736,0.00032517,-0.01119525,0E-8,0.000000,0.896863,0.000000,0.02195065,2026-06-03,2026-08-03,30,440,303,62,0.483871,1.144100,1.075628,1.583891,,,,,,,,GLOBAL_BASELINE_NO_ENTITY_RANKING,,,NOT_APPLICABLE_GLOBAL_BASELINE,HF9g-P5,,,,X 全窗基线 · 不参与实体赏罚,6879228,688,A168_HF9F_20260827_0900,2026-08-27 09:00:00
2026-07-09,135398611,1994,0,33.2723340542,-33.2723340542,-33.2723340542,0E-7,1,1,0.49324550000000000,0.493245500000,-0.9865810262130424,-0.9865810262130424,-0.9865810262130424,0E-17,ELIGIBLE,R03b_20260811_FULL_v1,L1_ELIGIBILITY,v2026-08-11,2026-03-21..2026-08-06,baccarat_bet02_101_all_pairs_incl_sentinel,round_win = game_pnl > 0 (decisive only),COMPATIBILITY_ONLY_NOT_PRODUCTION,519274.8434,465718.2974,168.8526,6121,6023,-0.00032517,0.01119525,-0.01075540,-0.00032517,-168.8526,519274.8434,OK,0.0000,6.7541,4.0000,96.0000,AG03-UNRESOLVED,ALL5_LEVELS_bet23_to_bet27,6.7541,6.7541,6.7541,8.4426,0.0000,4.000000,4.000000,4.000000,5.000000,0.000000,96.000000,96.000000,96.000000,95.000000,100.000000,5.0,28.7049,26.9321,140.1477,141.9205,PENDING_AG03,FALSE,NOT_FOR_ENFORCEMENT,162.0985,447089.5655,168.8526,162.0985,6.7541,0.00032517,0.00031216,6.7541,162.0985,0.00031216,6.7541,6.7541,6.7541,8.4426,0.0000,162.0985,0.00031216,28.7049,26.9321,140.1477,141.9205,0.00026989,0.00027331,0.00001301,84.8350,77.3233,0.0280,5.6284,0.3838,17309.1614,200.7667,91.2509,79.7578,34.0832,58.2266,102.2495,170.4158,241.2244,332.7233,51.1247,0.0,4.142857,5.714285,1.45698,29,141,174,4,0.47516736,0.00032517,-0.01119525,0E-8,0.000000,0.896863,0.000000,0.02195065,2026-06-03,2026-08-03,30,440,303,62,0.483871,1.144100,1.075628,1.583891,,,,,,,,GLOBAL_BASELINE_NO_ENTITY_RANKING,,,NOT_APPLICABLE_GLOBAL_BASELINE,HF9g-P5,,,,X 全窗基线 · 不参与实体赏罚,6879229,688,A168_HF9F_20260827_0900,2026-08-27 09:00:00
2026-07-09,135398611,2145,0,682.0828481120,-136.4165696225,-136.4165696225,0.3333333,15,14,0.49937359142857097,0.499469342857,-1.1503615552670048,-1.1510246860973374,-1.1503615552670048,-0.00009575142842903,ELIGIBLE,R03b_20260811_FULL_v1,L1_ELIGIBILITY,v2026-08-11,2026-03-21..2026-08-06,baccarat_bet02_101_all_pairs_incl_sentinel,round_win = game_pnl > 0 (decisive only),COMPATIBILITY_ONLY_NOT_PRODUCTION,519274.8434,465718.2974,168.8526,6121,6023,-0.00032517,0.01119525,-0.01075540,-0.00032517,-168.8526,519274.8434,OK,0.0000,6.7541,4.0000,96.0000,AG03-UNRESOLVED,ALL5_LEVELS_bet23_to_bet27,6.7541,6.7541,6.7541,8.4426,0.0000,4.000000,4.000000,4.000000,5.000000,0.000000,96.000000,96.000000,96.000000,95.000000,100.000000,5.0,28.7049,26.9321,140.1477,141.9205,PENDING_AG03,FALSE,NOT_FOR_ENFORCEMENT,162.0985,447089.5655,168.8526,162.0985,6.7541,0.00032517,0.00031216,6.7541,162.0985,0.00031216,6.7541,6.7541,6.7541,8.4426,0.0000,162.0985,0.00031216,28.7049,26.9321,140.1477,141.9205,0.00026989,0.00027331,0.00001301,84.8350,77.3233,0.0280,5.6284,0.3838,17309.1614,200.7667,91.2509,79.7578,34.0832,58.2266,102.2495,170.4158,241.2244,332.7233,51.1247,0.0,4.142857,5.714285,1.45698,29,141,174,4,0.47516736,0.00032517,-0.01119525,0E-8,0.000000,0.896863,0.000000,0.02195065,2026-06-03,2026-08-03,30,440,303,62,0.483871,1.144100,1.075628,1.583891,,,,,,,,GLOBAL_BASELINE_NO_ENTITY_RANKING,,,NOT_APPLICABLE_GLOBAL_BASELINE,HF9g-P5,,,,X 全窗基线 · 不参与实体赏罚,6879230,688,A168_HF9F_20260827_0900,2026-08-27 09:00:00
2026-07-09,135398611,2188,0,158.0435867576,-58.2265845950,-58.2265845950,0.3333333,6,6,0.49547970000000000,0.495479700000,-0.7943841881047936,-0.7943841881047936,-0.7943841881047936,0E-17,ELIGIBLE,R03b_20260811_FULL_v1,L1_ELIGIBILITY,v2026-08-11,2026-03-21..2026-08-06,baccarat_bet02_101_all_pairs_incl_sentinel,round_win = game_pnl > 0 (decisive only),COMPATIBILITY_ONLY_NOT_PRODUCTION,519274.8434,465718.2974,168.8526,6121,6023,-0.00032517,0.01119525,-0.01075540,-0.00032517,-168.8526,519274.8434,OK,0.0000,6.7541,4.0000,96.0000,AG03-UNRESOLVED,ALL5_LEVELS_bet23_to_bet27,6.7541,6.7541,6.7541,8.4426,0.0000,4.000000,4.000000,4.000000,5.000000,0.000000,96.000000,96.000000,96.000000,95.000000,100.000000,5.0,28.7049,26.9321,140.1477,141.9205,PENDING_AG03,FALSE,NOT_FOR_ENFORCEMENT,162.0985,447089.5655,168.8526,162.0985,6.7541,0.00032517,0.00031216,6.7541,162.0985,0.00031216,6.7541,6.7541,6.7541,8.4426,0.0000,162.0985,0.00031216,28.7049,26.9321,140.1477,141.9205,0.00026989,0.00027331,0.00001301,84.8350,77.3233,0.0280,5.6284,0.3838,17309.1614,200.7667,91.2509,79.7578,34.0832,58.2266,102.2495,170.4158,241.2244,332.7233,51.1247,0.0,4.142857,5.714285,1.45698,29,141,174,4,0.47516736,0.00032517,-0.01119525,0E-8,0.000000,0.896863,0.000000,0.02195065,2026-06-03,2026-08-03,30,440,303,62,0.483871,1.144100,1.075628,1.583891,,,,,,,,GLOBAL_BASELINE_NO_ENTITY_RANKING,,,NOT_APPLICABLE_GLOBAL_BASELINE,HF9g-P5,,,,X 全窗基线 · 不参与实体赏罚,6879231,688,A168_HF9F_20260827_0900,2026-08-27 09:00:00
2026-07-09,135398611,2205,0,1116.2868075196,-275.1622026285,-275.1622026285,0.3636364,12,11,0.49675749393940019,0.484283009091,-0.8830442503433236,-0.8006749796973053,-0.8830442503433236,0.01247448484840019,ELIGIBLE,R03b_20260811_FULL_v1,L1_ELIGIBILITY,v2026-08-11,2026-03-21..2026-08-06,baccarat_bet02_101_all_pairs_incl_sentinel,round_win = game_pnl > 0 (decisive only),COMPATIBILITY_ONLY_NOT_PRODUCTION,519274.8434,465718.2974,168.8526,6121,6023,-0.00032517,0.01119525,-0.01075540,-0.00032517,-168.8526,519274.8434,OK,0.0000,6.7541,4.0000,96.0000,AG03-UNRESOLVED,ALL5_LEVELS_bet23_to_bet27,6.7541,6.7541,6.7541,8.4426,0.0000,4.000000,4.000000,4.000000,5.000000,0.000000,96.000000,96.000000,96.000000,95.000000,100.000000,5.0,28.7049,26.9321,140.1477,141.9205,PENDING_AG03,FALSE,NOT_FOR_ENFORCEMENT,162.0985,447089.5655,168.8526,162.0985,6.7541,0.00032517,0.00031216,6.7541,162.0985,0.00031216,6.7541,6.7541,6.7541,8.4426,0.0000,162.0985,0.00031216,28.7049,26.9321,140.1477,141.9205,0.00026989,0.00027331,0.00001301,84.8350,77.3233,0.0280,5.6284,0.3838,17309.1614,200.7667,91.2509,79.7578,34.0832,58.2266,102.2495,170.4158,241.2244,332.7233,51.1247,0.0,4.142857,5.714285,1.45698,29,141,174,4,0.47516736,0.00032517,-0.01119525,0E-8,0.000000,0.896863,0.000000,0.02195065,2026-06-03,2026-08-03,30,440,303,62,0.483871,1.144100,1.075628,1.583891,,,,,,,,GLOBAL_BASELINE_NO_ENTITY_RANKING,,,NOT_APPLICABLE_GLOBAL_BASELINE,HF9g-P5,,,,X 全窗基线 · 不参与实体赏罚,6879232,688,A168_HF9F_20260827_0900,2026-08-27 09:00:00
2026-07-09,135398611,2220,0,239.5608051904,44.2522042922,44.2522042922,0.6666667,4,4,0.50665070000000000,0.506650700000,0.5543606114942035,0.5543606114942035,0.5543606114942035,0E-17,ELIGIBLE,R03b_20260811_FULL_v1,L1_ELIGIBILITY,v2026-08-11,2026-03-21..2026-08-06,baccarat_bet02_101_all_pairs_incl_sentinel,round_win = game_pnl > 0 (decisive only),COMPATIBILITY_ONLY_NOT_PRODUCTION,519274.8434,465718.2974,168.8526,6121,6023,-0.00032517,0.01119525,-0.01075540,-0.00032517,-168.8526,519274.8434,OK,0.0000,6.7541,4.0000,96.0000,AG03-UNRESOLVED,ALL5_LEVELS_bet23_to_bet27,6.7541,6.7541,6.7541,8.4426,0.0000,4.000000,4.000000,4.000000,5.000000,0.000000,96.000000,96.000000,96.000000,95.000000,100.000000,5.0,28.7049,26.9321,140.1477,141.9205,PENDING_AG03,FALSE,NOT_FOR_ENFORCEMENT,162.0985,447089.5655,168.8526,162.0985,6.7541,0.00032517,0.00031216,6.7541,162.0985,0.00031216,6.7541,6.7541,6.7541,8.4426,0.0000,162.0985,0.00031216,28.7049,26.9321,140.1477,141.9205,0.00026989,0.00027331,0.00001301,84.8350,77.3233,0.0280,5.6284,0.3838,17309.1614,200.7667,91.2509,79.7578,34.0832,58.2266,102.2495,170.4158,241.2244,332.7233,51.1247,0.0,4.142857,5.714285,1.45698,29,141,174,4,0.47516736,0.00032517,-0.01119525,0E-8,0.000000,0.896863,0.000000,0.02195065,2026-06-03,2026-08-03,30,440,303,62,0.483871,1.144100,1.075628,1.583891,,,,,,,,GLOBAL_BASELINE_NO_ENTITY_RANKING,,,NOT_APPLICABLE_GLOBAL_BASELINE,HF9g-P5,,,,X 全窗基线 · 不参与实体赏罚,6879233,688,A168_HF9F_20260827_0900,2026-08-27 09:00:00
2026-07-09,135398611,2233,0,1121.2776576276,2.7449675593,2.7449675593,0.4736842,22,22,0.49994810000000000,0.499948100000,-0.2289632813936978,-0.22896328139369784,-0.2289632813936978,0E-17,ELIGIBLE,R03b_20260811_FULL_v1,L1_ELIGIBILITY,v2026-08-11,2026-03-21..2026-08-06,baccarat_bet02_101_all_pairs_incl_sentinel,round_win = game_pnl > 0 (decisive only),COMPATIBILITY_ONLY_NOT_PRODUCTION,519274.8434,465718.2974,168.8526,6121,6023,-0.00032517,0.01119525,-0.01075540,-0.00032517,-168.8526,519274.8434,OK,0.0000,6.7541,4.0000,96.0000,AG03-UNRESOLVED,ALL5_LEVELS_bet23_to_bet27,6.7541,6.7541,6.7541,8.4426,0.0000,4.000000,4.000000,4.000000,5.000000,0.000000,96.000000,96.000000,96.000000,95.000000,100.000000,5.0,28.7049,26.9321,140.1477,141.9205,PENDING_AG03,FALSE,NOT_FOR_ENFORCEMENT,162.0985,447089.5655,168.8526,162.0985,6.7541,0.00032517,0.00031216,6.7541,162.0985,0.00031216,6.7541,6.7541,6.7541,8.4426,0.0000,162.0985,0.00031216,28.7049,26.9321,140.1477,141.9205,0.00026989,0.00027331,0.00001301,84.8350,77.3233,0.0280,5.6284,0.3838,17309.1614,200.7667,91.2509,79.7578,34.0832,58.2266,102.2495,170.4158,241.2244,332.7233,51.1247,0.0,4.142857,5.714285,1.45698,29,141,174,4,0.47516736,0.00032517,-0.01119525,0E-8,0.000000,0.896863,0.000000,0.02195065,2026-06-03,2026-08-03,30,440,303,62,0.483871,1.144100,1.075628,1.583891,,,,,,,,GLOBAL_BASELINE_NO_ENTITY_RANKING,,,NOT_APPLICABLE_GLOBAL_BASELINE,HF9g-P5,,,,X 全窗基线 · 不参与实体赏罚,6879234,688,A168_HF9F_20260827_0900,2026-08-27 09:00:00
2026-07-09,135398611,2234,0,78.1899850274,-38.2631841624,-38.2631841624,0.2500000,4,4,0.49994810000000000,0.499948100000,-0.9997924053861017,-0.9997924053861017,-0.9997924053861017,0E-17,ELIGIBLE,R03b_20260811_FULL_v1,L1_ELIGIBILITY,v2026-08-11,2026-03-21..2026-08-06,baccarat_bet02_101_all_pairs_incl_sentinel,round_win = game_pnl > 0 (decisive only),COMPATIBILITY_ONLY_NOT_PRODUCTION,519274.8434,465718.2974,168.8526,6121,6023,-0.00032517,0.01119525,-0.01075540,-0.00032517,-168.8526,519274.8434,OK,0.0000,6.7541,4.0000,96.0000,AG03-UNRESOLVED,ALL5_LEVELS_bet23_to_bet27,6.7541,6.7541,6.7541,8.4426,0.0000,4.000000,4.000000,4.000000,5.000000,0.000000,96.000000,96.000000,96.000000,95.000000,100.000000,5.0,28.7049,26.9321,140.1477,141.9205,PENDING_AG03,FALSE,NOT_FOR_ENFORCEMENT,162.0985,447089.5655,168.8526,162.0985,6.7541,0.00032517,0.00031216,6.7541,162.0985,0.00031216,6.7541,6.7541,6.7541,8.4426,0.0000,162.0985,0.00031216,28.7049,26.9321,140.1477,141.9205,0.00026989,0.00027331,0.00001301,84.8350,77.3233,0.0280,5.6284,0.3838,17309.1614,200.7667,91.2509,79.7578,34.0832,58.2266,102.2495,170.4158,241.2244,332.7233,51.1247,0.0,4.142857,5.714285,1.45698,29,141,174,4,0.47516736,0.00032517,-0.01119525,0E-8,0.000000,0.896863,0.000000,0.02195065,2026-06-03,2026-08-03,30,440,303,62,0.483871,1.144100,1.075628,1.583891,,,,,,,,GLOBAL_BASELINE_NO_ENTITY_RANKING,,,NOT_APPLICABLE_GLOBAL_BASELINE,HF9g-P5,,,,X 全窗基线 · 不参与实体赏罚,6879235,688,A168_HF9F_20260827_0900,2026-08-27 09:00:00
2026-07-09,135398611,2241,0,364.3320578939,9.9817002163,9.9817002163,0.5555556,11,11,0.50543204545454545,0.505432045455,0.3007588101811099,0.3007588101783854,0.3007588101811099,-4.5455E-13,ELIGIBLE,R03b_20260811_FULL_v1,L1_ELIGIBILITY,v2026-08-11,2026-03-21..2026-08-06,baccarat_bet02_101_all_pairs_incl_sentinel,round_win = game_pnl > 0 (decisive only),COMPATIBILITY_ONLY_NOT_PRODUCTION,519274.8434,465718.2974,168.8526,6121,6023,-0.00032517,0.01119525,-0.01075540,-0.00032517,-168.8526,519274.8434,OK,0.0000,6.7541,4.0000,96.0000,AG03-UNRESOLVED,ALL5_LEVELS_bet23_to_bet27,6.7541,6.7541,6.7541,8.4426,0.0000,4.000000,4.000000,4.000000,5.000000,0.000000,96.000000,96.000000,96.000000,95.000000,100.000000,5.0,28.7049,26.9321,140.1477,141.9205,PENDING_AG03,FALSE,NOT_FOR_ENFORCEMENT,162.0985,447089.5655,168.8526,162.0985,6.7541,0.00032517,0.00031216,6.7541,162.0985,0.00031216,6.7541,6.7541,6.7541,8.4426,0.0000,162.0985,0.00031216,28.7049,26.9321,140.1477,141.9205,0.00026989,0.00027331,0.00001301,84.8350,77.3233,0.0280,5.6284,0.3838,17309.1614,200.7667,91.2509,79.7578,34.0832,58.2266,102.2495,170.4158,241.2244,332.7233,51.1247,0.0,4.142857,5.714285,1.45698,29,141,174,4,0.47516736,0.00032517,-0.01119525,0E-8,0.000000,0.896863,0.000000,0.02195065,2026-06-03,2026-08-03,30,440,303,62,0.483871,1.144100,1.075628,1.583891,,,,,,,,GLOBAL_BASELINE_NO_ENTITY_RANKING,,,NOT_APPLICABLE_GLOBAL_BASELINE,HF9g-P5,,,,X 全窗基线 · 不参与实体赏罚,6879236,688,A168_HF9F_20260827_0900,2026-08-27 09:00:00
2026-07-09,135398611,2252,0,79.8536017301,75.8609216436,75.8609216436,1.0000000,2,2,0.50665070000000000,0.506650700000,1.3955260008387969,1.3955260008387969,1.3955260008387969,0E-17,ELIGIBLE,R03b_20260811_FULL_v1,L1_ELIGIBILITY,v2026-08-11,2026-03-21..2026-08-06,baccarat_bet02_101_all_pairs_incl_sentinel,round_win = game_pnl > 0 (decisive only),COMPATIBILITY_ONLY_NOT_PRODUCTION,519274.8434,465718.2974,168.8526,6121,6023,-0.00032517,0.01119525,-0.01075540,-0.00032517,-168.8526,519274.8434,OK,0.0000,6.7541,4.0000,96.0000,AG03-UNRESOLVED,ALL5_LEVELS_bet23_to_bet27,6.7541,6.7541,6.7541,8.4426,0.0000,4.000000,4.000000,4.000000,5.000000,0.000000,96.000000,96.000000,96.000000,95.000000,100.000000,5.0,28.7049,26.9321,140.1477,141.9205,PENDING_AG03,FALSE,NOT_FOR_ENFORCEMENT,162.0985,447089.5655,168.8526,162.0985,6.7541,0.00032517,0.00031216,6.7541,162.0985,0.00031216,6.7541,6.7541,6.7541,8.4426,0.0000,162.0985,0.00031216,28.7049,26.9321,140.1477,141.9205,0.00026989,0.00027331,0.00001301,84.8350,77.3233,0.0280,5.6284,0.3838,17309.1614,200.7667,91.2509,79.7578,34.0832,58.2266,102.2495,170.4158,241.2244,332.7233,51.1247,0.0,4.142857,5.714285,1.45698,29,141,174,4,0.47516736,0.00032517,-0.01119525,0E-8,0.000000,0.896863,0.000000,0.02195065,2026-06-03,2026-08-03,30,440,303,62,0.483871,1.144100,1.075628,1.583891,,,,,,,,GLOBAL_BASELINE_NO_ENTITY_RANKING,,,NOT_APPLICABLE_GLOBAL_BASELINE,HF9g-P5,,,,X 全窗基线 · 不参与实体赏罚,6879237,688,A168_HF9F_20260827_0900,2026-08-27 09:00:00
2026-07-09,135398611,2271,0,555.6479787057,-23.7065380136,-23.7065380136,0.5000000,16,16,0.50246157500000000,0.502461575000,-0.018420963803237416,-0.018420963803237416,-0.018420963803237416,0E-17,ELIGIBLE,R03b_20260811_FULL_v1,L1_ELIGIBILITY,v2026-08-11,2026-03-21..2026-08-06,baccarat_bet02_101_all_pairs_incl_sentinel,round_win = game_pnl > 0 (decisive only),COMPATIBILITY_ONLY_NOT_PRODUCTION,519274.8434,465718.2974,168.8526,6121,6023,-0.00032517,0.01119525,-0.01075540,-0.00032517,-168.8526,519274.8434,OK,0.0000,6.7541,4.0000,96.0000,AG03-UNRESOLVED,ALL5_LEVELS_bet23_to_bet27,6.7541,6.7541,6.7541,8.4426,0.0000,4.000000,4.000000,4.000000,5.000000,0.000000,96.000000,96.000000,96.000000,95.000000,100.000000,5.0,28.7049,26.9321,140.1477,141.9205,PENDING_AG03,FALSE,NOT_FOR_ENFORCEMENT,162.0985,447089.5655,168.8526,162.0985,6.7541,0.00032517,0.00031216,6.7541,162.0985,0.00031216,6.7541,6.7541,6.7541,8.4426,0.0000,162.0985,0.00031216,28.7049,26.9321,140.1477,141.9205,0.00026989,0.00027331,0.00001301,84.8350,77.3233,0.0280,5.6284,0.3838,17309.1614,200.7667,91.2509,79.7578,34.0832,58.2266,102.2495,170.4158,241.2244,332.7233,51.1247,0.0,4.142857,5.714285,1.45698,29,141,174,4,0.47516736,0.00032517,-0.01119525,0E-8,0.000000,0.896863,0.000000,0.02195065,2026-06-03,2026-08-03,30,440,303,62,0.483871,1.144100,1.075628,1.583891,,,,,,,,GLOBAL_BASELINE_NO_ENTITY_RANKING,,,NOT_APPLICABLE_GLOBAL_BASELINE,HF9g-P5,,,,X 全窗基线 · 不参与实体赏罚,6879238,688,A168_HF9F_20260827_0900,2026-08-27 09:00:00
2026-07-09,135398611,529,0,84.8444518383,-84.8444518383,-84.8444518383,0E-7,2,2,0.49324550000000000,0.493245500000,-1.3952362676504506,-1.3952362676504506,-1.3952362676504506,0E-17,ELIGIBLE,R03b_20260811_FULL_v1,L1_ELIGIBILITY,v2026-08-11,2026-03-21..2026-08-06,baccarat_bet02_101_all_pairs_incl_sentinel,round_win = game_pnl > 0 (decisive only),COMPATIBILITY_ONLY_NOT_PRODUCTION,519274.8434,465718.2974,168.8526,6121,6023,-0.00032517,0.01119525,-0.01075540,-0.00032517,-168.8526,519274.8434,OK,0.0000,6.7541,4.0000,96.0000,AG03-UNRESOLVED,ALL5_LEVELS_bet23_to_bet27,6.7541,6.7541,6.7541,8.4426,0.0000,4.000000,4.000000,4.000000,5.000000,0.000000,96.000000,96.000000,96.000000,95.000000,100.000000,5.0,28.7049,26.9321,140.1477,141.9205,PENDING_AG03,FALSE,NOT_FOR_ENFORCEMENT,162.0985,447089.5655,168.8526,162.0985,6.7541,0.00032517,0.00031216,6.7541,162.0985,0.00031216,6.7541,6.7541,6.7541,8.4426,0.0000,162.0985,0.00031216,28.7049,26.9321,140.1477,141.9205,0.00026989,0.00027331,0.00001301,84.8350,77.3233,0.0280,5.6284,0.3838,17309.1614,200.7667,91.2509,79.7578,34.0832,58.2266,102.2495,170.4158,241.2244,332.7233,51.1247,0.0,4.142857,5.714285,1.45698,29,141,174,4,0.47516736,0.00032517,-0.01119525,0E-8,0.000000,0.896863,0.000000,0.02195065,2026-06-03,2026-08-03,30,440,303,62,0.483871,1.144100,1.075628,1.583891,,,,,,,,GLOBAL_BASELINE_NO_ENTITY_RANKING,,,NOT_APPLICABLE_GLOBAL_BASELINE,HF9g-P5,,,,X 全窗基线 · 不参与实体赏罚,6879239,688,A168_HF9F_20260827_0900,2026-08-27 09:00:00
2026-07-09,135398611,772,0,890.0349359509,-74.8627516221,-74.8627516221,0.4444444,11,11,0.49568280909090909,0.495682809091,-0.30744164837173027,-0.3074416483722752,-0.30744164837173027,-9.091E-14,ELIGIBLE,R03b_20260811_FULL_v1,L1_ELIGIBILITY,v2026-08-11,2026-03-21..2026-08-06,baccarat_bet02_101_all_pairs_incl_sentinel,round_win = game_pnl > 0 (decisive only),COMPATIBILITY_ONLY_NOT_PRODUCTION,519274.8434,465718.2974,168.8526,6121,6023,-0.00032517,0.01119525,-0.01075540,-0.00032517,-168.8526,519274.8434,OK,0.0000,6.7541,4.0000,96.0000,AG03-UNRESOLVED,ALL5_LEVELS_bet23_to_bet27,6.7541,6.7541,6.7541,8.4426,0.0000,4.000000,4.000000,4.000000,5.000000,0.000000,96.000000,96.000000,96.000000,95.000000,100.000000,5.0,28.7049,26.9321,140.1477,141.9205,PENDING_AG03,FALSE,NOT_FOR_ENFORCEMENT,162.0985,447089.5655,168.8526,162.0985,6.7541,0.00032517,0.00031216,6.7541,162.0985,0.00031216,6.7541,6.7541,6.7541,8.4426,0.0000,162.0985,0.00031216,28.7049,26.9321,140.1477,141.9205,0.00026989,0.00027331,0.00001301,84.8350,77.3233,0.0280,5.6284,0.3838,17309.1614,200.7667,91.2509,79.7578,34.0832,58.2266,102.2495,170.4158,241.2244,332.7233,51.1247,0.0,4.142857,5.714285,1.45698,29,141,174,4,0.47516736,0.00032517,-0.01119525,0E-8,0.000000,0.896863,0.000000,0.02195065,2026-06-03,2026-08-03,30,440,303,62,0.483871,1.144100,1.075628,1.583891,,,,,,,,GLOBAL_BASELINE_NO_ENTITY_RANKING,,,NOT_APPLICABLE_GLOBAL_BASELINE,HF9g-P5,,,,X 全窗基线 · 不参与实体赏罚,6879240,688,A168_HF9F_20260827_0900,2026-08-27 09:00:00
2026-07-09,135398611,989,0,1700.2162701714,130.5107303280,130.5107303280,0.5882353,20,20,0.50195888000000000,0.501958880000,0.7114589968705011,0.7114589968705011,0.7114589968705011,0E-17,ELIGIBLE,R03b_20260811_FULL_v1,L1_ELIGIBILITY,v2026-08-11,2026-03-21..2026-08-06,baccarat_bet02_101_all_pairs_incl_sentinel,round_win = game_pnl > 0 (decisive only),COMPATIBILITY_ONLY_NOT_PRODUCTION,519274.8434,465718.2974,168.8526,6121,6023,-0.00032517,0.01119525,-0.01075540,-0.00032517,-168.8526,519274.8434,OK,0.0000,6.7541,4.0000,96.0000,AG03-UNRESOLVED,ALL5_LEVELS_bet23_to_bet27,6.7541,6.7541,6.7541,8.4426,0.0000,4.000000,4.000000,4.000000,5.000000,0.000000,96.000000,96.000000,96.000000,95.000000,100.000000,5.0,28.7049,26.9321,140.1477,141.9205,PENDING_AG03,FALSE,NOT_FOR_ENFORCEMENT,162.0985,447089.5655,168.8526,162.0985,6.7541,0.00032517,0.00031216,6.7541,162.0985,0.00031216,6.7541,6.7541,6.7541,8.4426,0.0000,162.0985,0.00031216,28.7049,26.9321,140.1477,141.9205,0.00026989,0.00027331,0.00001301,84.8350,77.3233,0.0280,5.6284,0.3838,17309.1614,200.7667,91.2509,79.7578,34.0832,58.2266,102.2495,170.4158,241.2244,332.7233,51.1247,0.0,4.142857,5.714285,1.45698,29,141,174,4,0.47516736,0.00032517,-0.01119525,0E-8,0.000000,0.896863,0.000000,0.02195065,2026-06-03,2026-08-03,30,440,303,62,0.483871,1.144100,1.075628,1.583891,,,,,,,,GLOBAL_BASELINE_NO_ENTITY_RANKING,,,NOT_APPLICABLE_GLOBAL_BASELINE,HF9g-P5,,,,X 全窗基线 · 不参与实体赏罚,6879241,688,A168_HF9F_20260827_0900,2026-08-27 09:00:00
2026-07-10,135398611,-1,1,10741.9730494096,1394.7762435536,1394.7762435536,0.5714286,104,103,0.50113413800277442,0.499706752427,1.3411357638524073,1.3683653301934124,1.3411357638524073,0.00142738557577442,SENTINEL_DEALER,R03b_20260811_FULL_v1,L1_ELIGIBILITY,v2026-08-11,2026-03-21..2026-08-06,baccarat_bet02_101_all_pairs_incl_sentinel,round_win = game_pnl > 0 (decisive only),COMPATIBILITY_ONLY_NOT_PRODUCTION,519274.8434,465718.2974,168.8526,6121,6023,-0.00032517,0.01119525,-0.01075540,-0.00032517,-168.8526,519274.8434,OK,0.0000,6.7541,4.0000,96.0000,AG03-UNRESOLVED,ALL5_LEVELS_bet23_to_bet27,6.7541,6.7541,6.7541,8.4426,0.0000,4.000000,4.000000,4.000000,5.000000,0.000000,96.000000,96.000000,96.000000,95.000000,100.000000,5.0,28.7049,26.9321,140.1477,141.9205,PENDING_AG03,FALSE,NOT_FOR_ENFORCEMENT,162.0985,447089.5655,168.8526,162.0985,6.7541,0.00032517,0.00031216,6.7541,162.0985,0.00031216,6.7541,6.7541,6.7541,8.4426,0.0000,162.0985,0.00031216,28.7049,26.9321,140.1477,141.9205,0.00026989,0.00027331,0.00001301,84.8350,77.3233,0.0280,5.6284,0.3838,17309.1614,200.7667,91.2509,79.7578,34.0832,58.2266,102.2495,170.4158,241.2244,332.7233,51.1247,0.0,4.142857,5.714285,1.45698,29,141,174,4,0.47516736,0.00032517,-0.01119525,0E-8,0.000000,0.896863,0.000000,0.02195065,2026-06-03,2026-08-03,30,440,303,62,0.483871,1.144100,1.075628,1.583891,,,,,,,,GLOBAL_BASELINE_NO_ENTITY_RANKING,,,NOT_APPLICABLE_GLOBAL_BASELINE,HF9g-P5,,,,X 全窗基线 · 不参与实体赏罚,6879242,688,A168_HF9F_20260827_0900,2026-08-27 09:00:00
2026-07-10,135398611,1115,0,96.4897687573,-96.4897687573,-96.4897687573,0E-7,2,2,0.49994810000000000,0.499948100000,-1.4140667746232096,-1.4140667746232096,-1.4140667746232096,0E-17,ELIGIBLE,R03b_20260811_FULL_v1,L1_ELIGIBILITY,v2026-08-11,2026-03-21..2026-08-06,baccarat_bet02_101_all_pairs_incl_sentinel,round_win = game_pnl > 0 (decisive only),COMPATIBILITY_ONLY_NOT_PRODUCTION,519274.8434,465718.2974,168.8526,6121,6023,-0.00032517,0.01119525,-0.01075540,-0.00032517,-168.8526,519274.8434,OK,0.0000,6.7541,4.0000,96.0000,AG03-UNRESOLVED,ALL5_LEVELS_bet23_to_bet27,6.7541,6.7541,6.7541,8.4426,0.0000,4.000000,4.000000,4.000000,5.000000,0.000000,96.000000,96.000000,96.000000,95.000000,100.000000,5.0,28.7049,26.9321,140.1477,141.9205,PENDING_AG03,FALSE,NOT_FOR_ENFORCEMENT,162.0985,447089.5655,168.8526,162.0985,6.7541,0.00032517,0.00031216,6.7541,162.0985,0.00031216,6.7541,6.7541,6.7541,8.4426,0.0000,162.0985,0.00031216,28.7049,26.9321,140.1477,141.9205,0.00026989,0.00027331,0.00001301,84.8350,77.3233,0.0280,5.6284,0.3838,17309.1614,200.7667,91.2509,79.7578,34.0832,58.2266,102.2495,170.4158,241.2244,332.7233,51.1247,0.0,4.142857,5.714285,1.45698,29,141,174,4,0.47516736,0.00032517,-0.01119525,0E-8,0.000000,0.896863,0.000000,0.02195065,2026-06-03,2026-08-03,30,440,303,62,0.483871,1.144100,1.075628,1.583891,,,,,,,,GLOBAL_BASELINE_NO_ENTITY_RANKING,,,NOT_APPLICABLE_GLOBAL_BASELINE,HF9g-P5,,,,X 全窗基线 · 不参与实体赏罚,6879243,688,A168_HF9F_20260827_0900,2026-08-27 09:00:00
2026-07-10,135398611,1210,0,199.6340043254,-33.2723340542,-33.2723340542,0.4000000,5,5,0.49592654000000000,0.495926540000,-0.42901076602576227,-0.42901076602576227,-0.42901076602576227,0E-17,ELIGIBLE,R03b_20260811_FULL_v1,L1_ELIGIBILITY,v2026-08-11,2026-03-21..2026-08-06,baccarat_bet02_101_all_pairs_incl_sentinel,round_win = game_pnl > 0 (decisive only),COMPATIBILITY_ONLY_NOT_PRODUCTION,519274.8434,465718.2974,168.8526,6121,6023,-0.00032517,0.01119525,-0.01075540,-0.00032517,-168.8526,519274.8434,OK,0.0000,6.7541,4.0000,96.0000,AG03-UNRESOLVED,ALL5_LEVELS_bet23_to_bet27,6.7541,6.7541,6.7541,8.4426,0.0000,4.000000,4.000000,4.000000,5.000000,0.000000,96.000000,96.000000,96.000000,95.000000,100.000000,5.0,28.7049,26.9321,140.1477,141.9205,PENDING_AG03,FALSE,NOT_FOR_ENFORCEMENT,162.0985,447089.5655,168.8526,162.0985,6.7541,0.00032517,0.00031216,6.7541,162.0985,0.00031216,6.7541,6.7541,6.7541,8.4426,0.0000,162.0985,0.00031216,28.7049,26.9321,140.1477,141.9205,0.00026989,0.00027331,0.00001301,84.8350,77.3233,0.0280,5.6284,0.3838,17309.1614,200.7667,91.2509,79.7578,34.0832,58.2266,102.2495,170.4158,241.2244,332.7233,51.1247,0.0,4.142857,5.714285,1.45698,29,141,174,4,0.47516736,0.00032517,-0.01119525,0E-8,0.000000,0.896863,0.000000,0.02195065,2026-06-03,2026-08-03,30,440,303,62,0.483871,1.144100,1.075628,1.583891,,,,,,,,GLOBAL_BASELINE_NO_ENTITY_RANKING,,,NOT_APPLICABLE_GLOBAL_BASELINE,HF9g-P5,,,,X 全窗基线 · 不参与实体赏罚,6879244,688,A168_HF9F_20260827_0900,2026-08-27 09:00:00
2026-07-10,135398611,2174,0,710.3643320579,-415.0723673266,-415.0723673266,0.1666667,8,7,0.49355457857143409,0.471501471429,-1.6015502478986055,-1.4958111258131879,-1.6015502478986055,0.02205310714243409,ELIGIBLE,R03b_20260811_FULL_v1,L1_ELIGIBILITY,v2026-08-11,2026-03-21..2026-08-06,baccarat_bet02_101_all_pairs_incl_sentinel,round_win = game_pnl > 0 (decisive only),COMPATIBILITY_ONLY_NOT_PRODUCTION,519274.8434,465718.2974,168.8526,6121,6023,-0.00032517,0.01119525,-0.01075540,-0.00032517,-168.8526,519274.8434,OK,0.0000,6.7541,4.0000,96.0000,AG03-UNRESOLVED,ALL5_LEVELS_bet23_to_bet27,6.7541,6.7541,6.7541,8.4426,0.0000,4.000000,4.000000,4.000000,5.000000,0.000000,96.000000,96.000000,96.000000,95.000000,100.000000,5.0,28.7049,26.9321,140.1477,141.9205,PENDING_AG03,FALSE,NOT_FOR_ENFORCEMENT,162.0985,447089.5655,168.8526,162.0985,6.7541,0.00032517,0.00031216,6.7541,162.0985,0.00031216,6.7541,6.7541,6.7541,8.4426,0.0000,162.0985,0.00031216,28.7049,26.9321,140.1477,141.9205,0.00026989,0.00027331,0.00001301,84.8350,77.3233,0.0280,5.6284,0.3838,17309.1614,200.7667,91.2509,79.7578,34.0832,58.2266,102.2495,170.4158,241.2244,332.7233,51.1247,0.0,4.142857,5.714285,1.45698,29,141,174,4,0.47516736,0.00032517,-0.01119525,0E-8,0.000000,0.896863,0.000000,0.02195065,2026-06-03,2026-08-03,30,440,303,62,0.483871,1.144100,1.075628,1.583891,,,,,,,,GLOBAL_BASELINE_NO_ENTITY_RANKING,,,NOT_APPLICABLE_GLOBAL_BASELINE,HF9g-P5,,,,X 全窗基线 · 不参与实体赏罚,6879245,688,A168_HF9F_20260827_0900,2026-08-27 09:00:00
2026-07-10,135398611,2222,0,658.7922142739,246.2984528364,246.2984528364,0.6250000,8,8,0.50497505000000000,0.504975050000,0.678997261173364,0.678997261173364,0.678997261173364,0E-17,ELIGIBLE,R03b_20260811_FULL_v1,L1_ELIGIBILITY,v2026-08-11,2026-03-21..2026-08-06,baccarat_bet02_101_all_pairs_incl_sentinel,round_win = game_pnl > 0 (decisive only),COMPATIBILITY_ONLY_NOT_PRODUCTION,519274.8434,465718.2974,168.8526,6121,6023,-0.00032517,0.01119525,-0.01075540,-0.00032517,-168.8526,519274.8434,OK,0.0000,6.7541,4.0000,96.0000,AG03-UNRESOLVED,ALL5_LEVELS_bet23_to_bet27,6.7541,6.7541,6.7541,8.4426,0.0000,4.000000,4.000000,4.000000,5.000000,0.000000,96.000000,96.000000,96.000000,95.000000,100.000000,5.0,28.7049,26.9321,140.1477,141.9205,PENDING_AG03,FALSE,NOT_FOR_ENFORCEMENT,162.0985,447089.5655,168.8526,162.0985,6.7541,0.00032517,0.00031216,6.7541,162.0985,0.00031216,6.7541,6.7541,6.7541,8.4426,0.0000,162.0985,0.00031216,28.7049,26.9321,140.1477,141.9205,0.00026989,0.00027331,0.00001301,84.8350,77.3233,0.0280,5.6284,0.3838,17309.1614,200.7667,91.2509,79.7578,34.0832,58.2266,102.2495,170.4158,241.2244,332.7233,51.1247,0.0,4.142857,5.714285,1.45698,29,141,174,4,0.47516736,0.00032517,-0.01119525,0E-8,0.000000,0.896863,0.000000,0.02195065,2026-06-03,2026-08-03,30,440,303,62,0.483871,1.144100,1.075628,1.583891,,,,,,,,GLOBAL_BASELINE_NO_ENTITY_RANKING,,,NOT_APPLICABLE_GLOBAL_BASELINE,HF9g-P5,,,,X 全窗基线 · 不参与实体赏罚,6879246,688,A168_HF9F_20260827_0900,2026-08-27 09:00:00
2026-07-10,135398611,2252,0,33.2723340542,-33.2723340542,-33.2723340542,0E-7,1,1,0.50665070000000000,0.506650700000,-1.013391052207602,-1.013391052207602,-1.013391052207602,0E-17,ELIGIBLE,R03b_20260811_FULL_v1,L1_ELIGIBILITY,v2026-08-11,2026-03-21..2026-08-06,baccarat_bet02_101_all_pairs_incl_sentinel,round_win = game_pnl > 0 (decisive only),COMPATIBILITY_ONLY_NOT_PRODUCTION,519274.8434,465718.2974,168.8526,6121,6023,-0.00032517,0.01119525,-0.01075540,-0.00032517,-168.8526,519274.8434,OK,0.0000,6.7541,4.0000,96.0000,AG03-UNRESOLVED,ALL5_LEVELS_bet23_to_bet27,6.7541,6.7541,6.7541,8.4426,0.0000,4.000000,4.000000,4.000000,5.000000,0.000000,96.000000,96.000000,96.000000,95.000000,100.000000,5.0,28.7049,26.9321,140.1477,141.9205,PENDING_AG03,FALSE,NOT_FOR_ENFORCEMENT,162.0985,447089.5655,168.8526,162.0985,6.7541,0.00032517,0.00031216,6.7541,162.0985,0.00031216,6.7541,6.7541,6.7541,8.4426,0.0000,162.0985,0.00031216,28.7049,26.9321,140.1477,141.9205,0.00026989,0.00027331,0.00001301,84.8350,77.3233,0.0280,5.6284,0.3838,17309.1614,200.7667,91.2509,79.7578,34.0832,58.2266,102.2495,170.4158,241.2244,332.7233,51.1247,0.0,4.142857,5.714285,1.45698,29,141,174,4,0.47516736,0.00032517,-0.01119525,0E-8,0.000000,0.896863,0.000000,0.02195065,2026-06-03,2026-08-03,30,440,303,62,0.483871,1.144100,1.075628,1.583891,,,,,,,,GLOBAL_BASELINE_NO_ENTITY_RANKING,,,NOT_APPLICABLE_GLOBAL_BASELINE,HF9g-P5,,,,X 全窗基线 · 不参与实体赏罚,6879247,688,A168_HF9F_20260827_0900,2026-08-27 09:00:00
2026-07-10,135398611,2266,0,553.9843620032,-128.0984861090,-128.0984861090,0.4545455,11,11,0.50055742727272727,0.500557427273,-0.3052090884732058,-0.3052090884750151,-0.3052090884732058,-2.7273E-13,ELIGIBLE,R03b_20260811_FULL_v1,L1_ELIGIBILITY,v2026-08-11,2026-03-21..2026-08-06,baccarat_bet02_101_all_pairs_incl_sentinel,round_win = game_pnl > 0 (decisive only),COMPATIBILITY_ONLY_NOT_PRODUCTION,519274.8434,465718.2974,168.8526,6121,6023,-0.00032517,0.01119525,-0.01075540,-0.00032517,-168.8526,519274.8434,OK,0.0000,6.7541,4.0000,96.0000,AG03-UNRESOLVED,ALL5_LEVELS_bet23_to_bet27,6.7541,6.7541,6.7541,8.4426,0.0000,4.000000,4.000000,4.000000,5.000000,0.000000,96.000000,96.000000,96.000000,95.000000,100.000000,5.0,28.7049,26.9321,140.1477,141.9205,PENDING_AG03,FALSE,NOT_FOR_ENFORCEMENT,162.0985,447089.5655,168.8526,162.0985,6.7541,0.00032517,0.00031216,6.7541,162.0985,0.00031216,6.7541,6.7541,6.7541,8.4426,0.0000,162.0985,0.00031216,28.7049,26.9321,140.1477,141.9205,0.00026989,0.00027331,0.00001301,84.8350,77.3233,0.0280,5.6284,0.3838,17309.1614,200.7667,91.2509,79.7578,34.0832,58.2266,102.2495,170.4158,241.2244,332.7233,51.1247,0.0,4.142857,5.714285,1.45698,29,141,174,4,0.47516736,0.00032517,-0.01119525,0E-8,0.000000,0.896863,0.000000,0.02195065,2026-06-03,2026-08-03,30,440,303,62,0.483871,1.144100,1.075628,1.583891,,,,,,,,GLOBAL_BASELINE_NO_ENTITY_RANKING,,,NOT_APPLICABLE_GLOBAL_BASELINE,HF9g-P5,,,,X 全窗基线 · 不参与实体赏罚,6879248,688,A168_HF9F_20260827_0900,2026-08-27 09:00:00
2026-07-10,135398611,2287,0,2245.8825486611,-49.7421394110,-49.7421394110,0.5000000,24,17,0.47886114696971695,0.414012170588,0.16926216186684945,0.6983065656775175,0.16926216186684945,0.06484897638171695,ELIGIBLE,R03b_20260811_FULL_v1,L1_ELIGIBILITY,v2026-08-11,2026-03-21..2026-08-06,baccarat_bet02_101_all_pairs_incl_sentinel,round_win = game_pnl > 0 (decisive only),COMPATIBILITY_ONLY_NOT_PRODUCTION,519274.8434,465718.2974,168.8526,6121,6023,-0.00032517,0.01119525,-0.01075540,-0.00032517,-168.8526,519274.8434,OK,0.0000,6.7541,4.0000,96.0000,AG03-UNRESOLVED,ALL5_LEVELS_bet23_to_bet27,6.7541,6.7541,6.7541,8.4426,0.0000,4.000000,4.000000,4.000000,5.000000,0.000000,96.000000,96.000000,96.000000,95.000000,100.000000,5.0,28.7049,26.9321,140.1477,141.9205,PENDING_AG03,FALSE,NOT_FOR_ENFORCEMENT,162.0985,447089.5655,168.8526,162.0985,6.7541,0.00032517,0.00031216,6.7541,162.0985,0.00031216,6.7541,6.7541,6.7541,8.4426,0.0000,162.0985,0.00031216,28.7049,26.9321,140.1477,141.9205,0.00026989,0.00027331,0.00001301,84.8350,77.3233,0.0280,5.6284,0.3838,17309.1614,200.7667,91.2509,79.7578,34.0832,58.2266,102.2495,170.4158,241.2244,332.7233,51.1247,0.0,4.142857,5.714285,1.45698,29,141,174,4,0.47516736,0.00032517,-0.01119525,0E-8,0.000000,0.896863,0.000000,0.02195065,2026-06-03,2026-08-03,30,440,303,62,0.483871,1.144100,1.075628,1.583891,,,,,,,,GLOBAL_BASELINE_NO_ENTITY_RANKING,,,NOT_APPLICABLE_GLOBAL_BASELINE,HF9g-P5,,,,X 全窗基线 · 不参与实体赏罚,6879249,688,A168_HF9F_20260827_0900,2026-08-27 09:00:00
2026-07-11,135398611,-1,1,2568.6241889868,383.7131924807,383.7131924807,0.5538462,73,70,0.49807942434523364,0.493494592143,0.8992181277880734,0.97322206957373,0.8992181277880734,0.00458483220223364,SENTINEL_DEALER,R03b_20260811_FULL_v1,L1_ELIGIBILITY,v2026-08-11,2026-03-21..2026-08-06,baccarat_bet02_101_all_pairs_incl_sentinel,round_win = game_pnl > 0 (decisive only),COMPATIBILITY_ONLY_NOT_PRODUCTION,519274.8434,465718.2974,168.8526,6121,6023,-0.00032517,0.01119525,-0.01075540,-0.00032517,-168.8526,519274.8434,OK,0.0000,6.7541,4.0000,96.0000,AG03-UNRESOLVED,ALL5_LEVELS_bet23_to_bet27,6.7541,6.7541,6.7541,8.4426,0.0000,4.000000,4.000000,4.000000,5.000000,0.000000,96.000000,96.000000,96.000000,95.000000,100.000000,5.0,28.7049,26.9321,140.1477,141.9205,PENDING_AG03,FALSE,NOT_FOR_ENFORCEMENT,162.0985,447089.5655,168.8526,162.0985,6.7541,0.00032517,0.00031216,6.7541,162.0985,0.00031216,6.7541,6.7541,6.7541,8.4426,0.0000,162.0985,0.00031216,28.7049,26.9321,140.1477,141.9205,0.00026989,0.00027331,0.00001301,84.8350,77.3233,0.0280,5.6284,0.3838,17309.1614,200.7667,91.2509,79.7578,34.0832,58.2266,102.2495,170.4158,241.2244,332.7233,51.1247,0.0,4.142857,5.714285,1.45698,29,141,174,4,0.47516736,0.00032517,-0.01119525,0E-8,0.000000,0.896863,0.000000,0.02195065,2026-06-03,2026-08-03,30,440,303,62,0.483871,1.144100,1.075628,1.583891,,,,,,,,GLOBAL_BASELINE_NO_ENTITY_RANKING,,,NOT_APPLICABLE_GLOBAL_BASELINE,HF9g-P5,,,,X 全窗基线 · 不参与实体赏罚,6879250,688,A168_HF9F_20260827_0900,2026-08-27 09:00:00
2026-07-11,135398611,1004,0,469.1399101644,-133.5052403925,-133.5052403925,0.3333333,16,16,0.50246157500000000,0.502461575000,-1.1717690306526845,-1.1717690306526845,-1.1717690306526845,0E-17,ELIGIBLE,R03b_20260811_FULL_v1,L1_ELIGIBILITY,v2026-08-11,2026-03-21..2026-08-06,baccarat_bet02_101_all_pairs_incl_sentinel,round_win = game_pnl > 0 (decisive only),COMPATIBILITY_ONLY_NOT_PRODUCTION,519274.8434,465718.2974,168.8526,6121,6023,-0.00032517,0.01119525,-0.01075540,-0.00032517,-168.8526,519274.8434,OK,0.0000,6.7541,4.0000,96.0000,AG03-UNRESOLVED,ALL5_LEVELS_bet23_to_bet27,6.7541,6.7541,6.7541,8.4426,0.0000,4.000000,4.000000,4.000000,5.000000,0.000000,96.000000,96.000000,96.000000,95.000000,100.000000,5.0,28.7049,26.9321,140.1477,141.9205,PENDING_AG03,FALSE,NOT_FOR_ENFORCEMENT,162.0985,447089.5655,168.8526,162.0985,6.7541,0.00032517,0.00031216,6.7541,162.0985,0.00031216,6.7541,6.7541,6.7541,8.4426,0.0000,162.0985,0.00031216,28.7049,26.9321,140.1477,141.9205,0.00026989,0.00027331,0.00001301,84.8350,77.3233,0.0280,5.6284,0.3838,17309.1614,200.7667,91.2509,79.7578,34.0832,58.2266,102.2495,170.4158,241.2244,332.7233,51.1247,0.0,4.142857,5.714285,1.45698,29,141,174,4,0.47516736,0.00032517,-0.01119525,0E-8,0.000000,0.896863,0.000000,0.02195065,2026-06-03,2026-08-03,30,440,303,62,0.483871,1.144100,1.075628,1.583891,,,,,,,,GLOBAL_BASELINE_NO_ENTITY_RANKING,,,NOT_APPLICABLE_GLOBAL_BASELINE,HF9g-P5,,,,X 全窗基线 · 不参与实体赏罚,6879251,688,A168_HF9F_20260827_0900,2026-08-27 09:00:00
2026-07-11,135398611,1304,0,665.4466810846,20.7120279490,20.7120279490,0.5000000,15,15,0.50396966000000000,0.503969660000,-0.029707151601219724,-0.029707151601219724,-0.029707151601219724,0E-17,ELIGIBLE,R03b_20260811_FULL_v1,L1_ELIGIBILITY,v2026-08-11,2026-03-21..2026-08-06,baccarat_bet02_101_all_pairs_incl_sentinel,round_win = game_pnl > 0 (decisive only),COMPATIBILITY_ONLY_NOT_PRODUCTION,519274.8434,465718.2974,168.8526,6121,6023,-0.00032517,0.01119525,-0.01075540,-0.00032517,-168.8526,519274.8434,OK,0.0000,6.7541,4.0000,96.0000,AG03-UNRESOLVED,ALL5_LEVELS_bet23_to_bet27,6.7541,6.7541,6.7541,8.4426,0.0000,4.000000,4.000000,4.000000,5.000000,0.000000,96.000000,96.000000,96.000000,95.000000,100.000000,5.0,28.7049,26.9321,140.1477,141.9205,PENDING_AG03,FALSE,NOT_FOR_ENFORCEMENT,162.0985,447089.5655,168.8526,162.0985,6.7541,0.00032517,0.00031216,6.7541,162.0985,0.00031216,6.7541,6.7541,6.7541,8.4426,0.0000,162.0985,0.00031216,28.7049,26.9321,140.1477,141.9205,0.00026989,0.00027331,0.00001301,84.8350,77.3233,0.0280,5.6284,0.3838,17309.1614,200.7667,91.2509,79.7578,34.0832,58.2266,102.2495,170.4158,241.2244,332.7233,51.1247,0.0,4.142857,5.714285,1.45698,29,141,174,4,0.47516736,0.00032517,-0.01119525,0E-8,0.000000,0.896863,0.000000,0.02195065,2026-06-03,2026-08-03,30,440,303,62,0.483871,1.144100,1.075628,1.583891,,,,,,,,GLOBAL_BASELINE_NO_ENTITY_RANKING,,,NOT_APPLICABLE_GLOBAL_BASELINE,HF9g-P5,,,,X 全窗基线 · 不参与实体赏罚,6879252,688,A168_HF9F_20260827_0900,2026-08-27 09:00:00
2026-07-11,135398611,1385,0,339.3778073533,-48.9935118951,-48.9935118951,0.5333333,21,17,0.46849631764694359,0.450334935294,0.5032252412791176,0.6460980829170749,0.5032252412791176,0.01816138235294359,ELIGIBLE,R03b_20260811_FULL_v1,L1_ELIGIBILITY,v2026-08-11,2026-03-21..2026-08-06,baccarat_bet02_101_all_pairs_incl_sentinel,round_win = game_pnl > 0 (decisive only),COMPATIBILITY_ONLY_NOT_PRODUCTION,519274.8434,465718.2974,168.8526,6121,6023,-0.00032517,0.01119525,-0.01075540,-0.00032517,-168.8526,519274.8434,OK,0.0000,6.7541,4.0000,96.0000,AG03-UNRESOLVED,ALL5_LEVELS_bet23_to_bet27,6.7541,6.7541,6.7541,8.4426,0.0000,4.000000,4.000000,4.000000,5.000000,0.000000,96.000000,96.000000,96.000000,95.000000,100.000000,5.0,28.7049,26.9321,140.1477,141.9205,PENDING_AG03,FALSE,NOT_FOR_ENFORCEMENT,162.0985,447089.5655,168.8526,162.0985,6.7541,0.00032517,0.00031216,6.7541,162.0985,0.00031216,6.7541,6.7541,6.7541,8.4426,0.0000,162.0985,0.00031216,28.7049,26.9321,140.1477,141.9205,0.00026989,0.00027331,0.00001301,84.8350,77.3233,0.0280,5.6284,0.3838,17309.1614,200.7667,91.2509,79.7578,34.0832,58.2266,102.2495,170.4158,241.2244,332.7233,51.1247,0.0,4.142857,5.714285,1.45698,29,141,174,4,0.47516736,0.00032517,-0.01119525,0E-8,0.000000,0.896863,0.000000,0.02195065,2026-06-03,2026-08-03,30,440,303,62,0.483871,1.144100,1.075628,1.583891,,,,,,,,GLOBAL_BASELINE_NO_ENTITY_RANKING,,,NOT_APPLICABLE_GLOBAL_BASELINE,HF9g-P5,,,,X 全窗基线 · 不参与实体赏罚,6879253,688,A168_HF9F_20260827_0900,2026-08-27 09:00:00
2026-07-11,135398611,1402,0,588.9203127598,138.9951755115,138.9951755115,0.5789474,20,20,0.50329940000000000,0.503299400000,0.659498058064316,0.6594980580643162,0.659498058064316,0E-17,ELIGIBLE,R03b_20260811_FULL_v1,L1_ELIGIBILITY,v2026-08-11,2026-03-21..2026-08-06,baccarat_bet02_101_all_pairs_incl_sentinel,round_win = game_pnl > 0 (decisive only),COMPATIBILITY_ONLY_NOT_PRODUCTION,519274.8434,465718.2974,168.8526,6121,6023,-0.00032517,0.01119525,-0.01075540,-0.00032517,-168.8526,519274.8434,OK,0.0000,6.7541,4.0000,96.0000,AG03-UNRESOLVED,ALL5_LEVELS_bet23_to_bet27,6.7541,6.7541,6.7541,8.4426,0.0000,4.000000,4.000000,4.000000,5.000000,0.000000,96.000000,96.000000,96.000000,95.000000,100.000000,5.0,28.7049,26.9321,140.1477,141.9205,PENDING_AG03,FALSE,NOT_FOR_ENFORCEMENT,162.0985,447089.5655,168.8526,162.0985,6.7541,0.00032517,0.00031216,6.7541,162.0985,0.00031216,6.7541,6.7541,6.7541,8.4426,0.0000,162.0985,0.00031216,28.7049,26.9321,140.1477,141.9205,0.00026989,0.00027331,0.00001301,84.8350,77.3233,0.0280,5.6284,0.3838,17309.1614,200.7667,91.2509,79.7578,34.0832,58.2266,102.2495,170.4158,241.2244,332.7233,51.1247,0.0,4.142857,5.714285,1.45698,29,141,174,4,0.47516736,0.00032517,-0.01119525,0E-8,0.000000,0.896863,0.000000,0.02195065,2026-06-03,2026-08-03,30,440,303,62,0.483871,1.144100,1.075628,1.583891,,,,,,,,GLOBAL_BASELINE_NO_ENTITY_RANKING,,,NOT_APPLICABLE_GLOBAL_BASELINE,HF9g-P5,,,,X 全窗基线 · 不参与实体赏罚,6879254,688,A168_HF9F_20260827_0900,2026-08-27 09:00:00
2026-07-11,135398611,2145,0,16.6361670271,-16.6361670271,-16.6361670271,0E-7,1,1,0.49324550000000000,0.493245500000,-0.9865810262130424,-0.9865810262130424,-0.9865810262130424,0E-17,ELIGIBLE,R03b_20260811_FULL_v1,L1_ELIGIBILITY,v2026-08-11,2026-03-21..2026-08-06,baccarat_bet02_101_all_pairs_incl_sentinel,round_win = game_pnl > 0 (decisive only),COMPATIBILITY_ONLY_NOT_PRODUCTION,519274.8434,465718.2974,168.8526,6121,6023,-0.00032517,0.01119525,-0.01075540,-0.00032517,-168.8526,519274.8434,OK,0.0000,6.7541,4.0000,96.0000,AG03-UNRESOLVED,ALL5_LEVELS_bet23_to_bet27,6.7541,6.7541,6.7541,8.4426,0.0000,4.000000,4.000000,4.000000,5.000000,0.000000,96.000000,96.000000,96.000000,95.000000,100.000000,5.0,28.7049,26.9321,140.1477,141.9205,PENDING_AG03,FALSE,NOT_FOR_ENFORCEMENT,162.0985,447089.5655,168.8526,162.0985,6.7541,0.00032517,0.00031216,6.7541,162.0985,0.00031216,6.7541,6.7541,6.7541,8.4426,0.0000,162.0985,0.00031216,28.7049,26.9321,140.1477,141.9205,0.00026989,0.00027331,0.00001301,84.8350,77.3233,0.0280,5.6284,0.3838,17309.1614,200.7667,91.2509,79.7578,34.0832,58.2266,102.2495,170.4158,241.2244,332.7233,51.1247,0.0,4.142857,5.714285,1.45698,29,141,174,4,0.47516736,0.00032517,-0.01119525,0E-8,0.000000,0.896863,0.000000,0.02195065,2026-06-03,2026-08-03,30,440,303,62,0.483871,1.144100,1.075628,1.583891,,,,,,,,GLOBAL_BASELINE_NO_ENTITY_RANKING,,,NOT_APPLICABLE_GLOBAL_BASELINE,HF9g-P5,,,,X 全窗基线 · 不参与实体赏罚,6879255,688,A168_HF9F_20260827_0900,2026-08-27 09:00:00
2026-07-11,135398611,2239,0,33.2723340542,-33.2723340542,-33.2723340542,0E-7,1,1,0.50665070000000000,0.506650700000,-1.013391052207602,-1.013391052207602,-1.013391052207602,0E-17,ELIGIBLE,R03b_20260811_FULL_v1,L1_ELIGIBILITY,v2026-08-11,2026-03-21..2026-08-06,baccarat_bet02_101_all_pairs_incl_sentinel,round_win = game_pnl > 0 (decisive only),COMPATIBILITY_ONLY_NOT_PRODUCTION,519274.8434,465718.2974,168.8526,6121,6023,-0.00032517,0.01119525,-0.01075540,-0.00032517,-168.8526,519274.8434,OK,0.0000,6.7541,4.0000,96.0000,AG03-UNRESOLVED,ALL5_LEVELS_bet23_to_bet27,6.7541,6.7541,6.7541,8.4426,0.0000,4.000000,4.000000,4.000000,5.000000,0.000000,96.000000,96.000000,96.000000,95.000000,100.000000,5.0,28.7049,26.9321,140.1477,141.9205,PENDING_AG03,FALSE,NOT_FOR_ENFORCEMENT,162.0985,447089.5655,168.8526,162.0985,6.7541,0.00032517,0.00031216,6.7541,162.0985,0.00031216,6.7541,6.7541,6.7541,8.4426,0.0000,162.0985,0.00031216,28.7049,26.9321,140.1477,141.9205,0.00026989,0.00027331,0.00001301,84.8350,77.3233,0.0280,5.6284,0.3838,17309.1614,200.7667,91.2509,79.7578,34.0832,58.2266,102.2495,170.4158,241.2244,332.7233,51.1247,0.0,4.142857,5.714285,1.45698,29,141,174,4,0.47516736,0.00032517,-0.01119525,0E-8,0.000000,0.896863,0.000000,0.02195065,2026-06-03,2026-08-03,30,440,303,62,0.483871,1.144100,1.075628,1.583891,,,,,,,,GLOBAL_BASELINE_NO_ENTITY_RANKING,,,NOT_APPLICABLE_GLOBAL_BASELINE,HF9g-P5,,,,X 全窗基线 · 不参与实体赏罚,6879256,688,A168_HF9F_20260827_0900,2026-08-27 09:00:00
2026-07-11,135398611,2271,0,214.6065546496,16.6361670272,16.6361670272,0.4545455,11,11,0.49812011818181818,0.498120118182,-0.28904366223770966,-0.2890436622389153,-0.28904366223770966,-1.8182E-13,ELIGIBLE,R03b_20260811_FULL_v1,L1_ELIGIBILITY,v2026-08-11,2026-03-21..2026-08-06,baccarat_bet02_101_all_pairs_incl_sentinel,round_win = game_pnl > 0 (decisive only),COMPATIBILITY_ONLY_NOT_PRODUCTION,519274.8434,465718.2974,168.8526,6121,6023,-0.00032517,0.01119525,-0.01075540,-0.00032517,-168.8526,519274.8434,OK,0.0000,6.7541,4.0000,96.0000,AG03-UNRESOLVED,ALL5_LEVELS_bet23_to_bet27,6.7541,6.7541,6.7541,8.4426,0.0000,4.000000,4.000000,4.000000,5.000000,0.000000,96.000000,96.000000,96.000000,95.000000,100.000000,5.0,28.7049,26.9321,140.1477,141.9205,PENDING_AG03,FALSE,NOT_FOR_ENFORCEMENT,162.0985,447089.5655,168.8526,162.0985,6.7541,0.00032517,0.00031216,6.7541,162.0985,0.00031216,6.7541,6.7541,6.7541,8.4426,0.0000,162.0985,0.00031216,28.7049,26.9321,140.1477,141.9205,0.00026989,0.00027331,0.00001301,84.8350,77.3233,0.0280,5.6284,0.3838,17309.1614,200.7667,91.2509,79.7578,34.0832,58.2266,102.2495,170.4158,241.2244,332.7233,51.1247,0.0,4.142857,5.714285,1.45698,29,141,174,4,0.47516736,0.00032517,-0.01119525,0E-8,0.000000,0.896863,0.000000,0.02195065,2026-06-03,2026-08-03,30,440,303,62,0.483871,1.144100,1.075628,1.583891,,,,,,,,GLOBAL_BASELINE_NO_ENTITY_RANKING,,,NOT_APPLICABLE_GLOBAL_BASELINE,HF9g-P5,,,,X 全窗基线 · 不参与实体赏罚,6879257,688,A168_HF9F_20260827_0900,2026-08-27 09:00:00
2026-07-11,135398611,987,0,302.7782398937,-252.8697388123,-252.8697388123,0E-7,7,7,0.50282064285714286,0.502820642857,-2.4633472114978385,-2.4633472114971346,-2.4633472114978385,1.4286E-13,ELIGIBLE,R03b_20260811_FULL_v1,L1_ELIGIBILITY,v2026-08-11,2026-03-21..2026-08-06,baccarat_bet02_101_all_pairs_incl_sentinel,round_win = game_pnl > 0 (decisive only),COMPATIBILITY_ONLY_NOT_PRODUCTION,519274.8434,465718.2974,168.8526,6121,6023,-0.00032517,0.01119525,-0.01075540,-0.00032517,-168.8526,519274.8434,OK,0.0000,6.7541,4.0000,96.0000,AG03-UNRESOLVED,ALL5_LEVELS_bet23_to_bet27,6.7541,6.7541,6.7541,8.4426,0.0000,4.000000,4.000000,4.000000,5.000000,0.000000,96.000000,96.000000,96.000000,95.000000,100.000000,5.0,28.7049,26.9321,140.1477,141.9205,PENDING_AG03,FALSE,NOT_FOR_ENFORCEMENT,162.0985,447089.5655,168.8526,162.0985,6.7541,0.00032517,0.00031216,6.7541,162.0985,0.00031216,6.7541,6.7541,6.7541,8.4426,0.0000,162.0985,0.00031216,28.7049,26.9321,140.1477,141.9205,0.00026989,0.00027331,0.00001301,84.8350,77.3233,0.0280,5.6284,0.3838,17309.1614,200.7667,91.2509,79.7578,34.0832,58.2266,102.2495,170.4158,241.2244,332.7233,51.1247,0.0,4.142857,5.714285,1.45698,29,141,174,4,0.47516736,0.00032517,-0.01119525,0E-8,0.000000,0.896863,0.000000,0.02195065,2026-06-03,2026-08-03,30,440,303,62,0.483871,1.144100,1.075628,1.583891,,,,,,,,GLOBAL_BASELINE_NO_ENTITY_RANKING,,,NOT_APPLICABLE_GLOBAL_BASELINE,HF9g-P5,,,,X 全窗基线 · 不参与实体赏罚,6879258,688,A168_HF9F_20260827_0900,2026-08-27 09:00:00
2026-07-14,135398611,-1,1,2522.0429213109,248.0452503742,248.0452503742,0.5660377,65,61,0.49806579155534491,0.485881793443,0.9896938529309313,1.167553673168425,0.9896938529309313,0.01218399811234491,SENTINEL_DEALER,R03b_20260811_FULL_v1,L1_ELIGIBILITY,v2026-08-11,2026-03-21..2026-08-06,baccarat_bet02_101_all_pairs_incl_sentinel,round_win = game_pnl > 0 (decisive only),COMPATIBILITY_ONLY_NOT_PRODUCTION,519274.8434,465718.2974,168.8526,6121,6023,-0.00032517,0.01119525,-0.01075540,-0.00032517,-168.8526,519274.8434,OK,0.0000,6.7541,4.0000,96.0000,AG03-UNRESOLVED,ALL5_LEVELS_bet23_to_bet27,6.7541,6.7541,6.7541,8.4426,0.0000,4.000000,4.000000,4.000000,5.000000,0.000000,96.000000,96.000000,96.000000,95.000000,100.000000,5.0,28.7049,26.9321,140.1477,141.9205,PENDING_AG03,FALSE,NOT_FOR_ENFORCEMENT,162.0985,447089.5655,168.8526,162.0985,6.7541,0.00032517,0.00031216,6.7541,162.0985,0.00031216,6.7541,6.7541,6.7541,8.4426,0.0000,162.0985,0.00031216,28.7049,26.9321,140.1477,141.9205,0.00026989,0.00027331,0.00001301,84.8350,77.3233,0.0280,5.6284,0.3838,17309.1614,200.7667,91.2509,79.7578,34.0832,58.2266,102.2495,170.4158,241.2244,332.7233,51.1247,0.0,4.142857,5.714285,1.45698,29,141,174,4,0.47516736,0.00032517,-0.01119525,0E-8,0.000000,0.896863,0.000000,0.02195065,2026-06-03,2026-08-03,30,440,303,62,0.483871,1.144100,1.075628,1.583891,,,,,,,,GLOBAL_BASELINE_NO_ENTITY_RANKING,,,NOT_APPLICABLE_GLOBAL_BASELINE,HF9g-P5,,,,X 全窗基线 · 不参与实体赏罚,6879259,688,A168_HF9F_20260827_0900,2026-08-27 09:00:00
2026-07-14,135398611,1094,0,257.8605889204,-34.0209615706,-34.0209615706,0.4285714,7,7,0.50282064285714286,0.502820642857,-0.39289616391791987,-0.3928961639171632,-0.39289616391791987,1.4286E-13,ELIGIBLE,R03b_20260811_FULL_v1,L1_ELIGIBILITY,v2026-08-11,2026-03-21..2026-08-06,baccarat_bet02_101_all_pairs_incl_sentinel,round_win = game_pnl > 0 (decisive only),COMPATIBILITY_ONLY_NOT_PRODUCTION,519274.8434,465718.2974,168.8526,6121,6023,-0.00032517,0.01119525,-0.01075540,-0.00032517,-168.8526,519274.8434,OK,0.0000,6.7541,4.0000,96.0000,AG03-UNRESOLVED,ALL5_LEVELS_bet23_to_bet27,6.7541,6.7541,6.7541,8.4426,0.0000,4.000000,4.000000,4.000000,5.000000,0.000000,96.000000,96.000000,96.000000,95.000000,100.000000,5.0,28.7049,26.9321,140.1477,141.9205,PENDING_AG03,FALSE,NOT_FOR_ENFORCEMENT,162.0985,447089.5655,168.8526,162.0985,6.7541,0.00032517,0.00031216,6.7541,162.0985,0.00031216,6.7541,6.7541,6.7541,8.4426,0.0000,162.0985,0.00031216,28.7049,26.9321,140.1477,141.9205,0.00026989,0.00027331,0.00001301,84.8350,77.3233,0.0280,5.6284,0.3838,17309.1614,200.7667,91.2509,79.7578,34.0832,58.2266,102.2495,170.4158,241.2244,332.7233,51.1247,0.0,4.142857,5.714285,1.45698,29,141,174,4,0.47516736,0.00032517,-0.01119525,0E-8,0.000000,0.896863,0.000000,0.02195065,2026-06-03,2026-08-03,30,440,303,62,0.483871,1.144100,1.075628,1.583891,,,,,,,,GLOBAL_BASELINE_NO_ENTITY_RANKING,,,NOT_APPLICABLE_GLOBAL_BASELINE,HF9g-P5,,,,X 全窗基线 · 不参与实体赏罚,6879260,688,A168_HF9F_20260827_0900,2026-08-27 09:00:00
2026-07-14,135398611,1109,0,174.6797537847,-75.6945599734,-75.6945599734,0.4000000,5,5,0.49860758000000000,0.498607580000,-0.440988213962219,-0.440988213962219,-0.440988213962219,0E-17,ELIGIBLE,R03b_20260811_FULL_v1,L1_ELIGIBILITY,v2026-08-11,2026-03-21..2026-08-06,baccarat_bet02_101_all_pairs_incl_sentinel,round_win = game_pnl > 0 (decisive only),COMPATIBILITY_ONLY_NOT_PRODUCTION,519274.8434,465718.2974,168.8526,6121,6023,-0.00032517,0.01119525,-0.01075540,-0.00032517,-168.8526,519274.8434,OK,0.0000,6.7541,4.0000,96.0000,AG03-UNRESOLVED,ALL5_LEVELS_bet23_to_bet27,6.7541,6.7541,6.7541,8.4426,0.0000,4.000000,4.000000,4.000000,5.000000,0.000000,96.000000,96.000000,96.000000,95.000000,100.000000,5.0,28.7049,26.9321,140.1477,141.9205,PENDING_AG03,FALSE,NOT_FOR_ENFORCEMENT,162.0985,447089.5655,168.8526,162.0985,6.7541,0.00032517,0.00031216,6.7541,162.0985,0.00031216,6.7541,6.7541,6.7541,8.4426,0.0000,162.0985,0.00031216,28.7049,26.9321,140.1477,141.9205,0.00026989,0.00027331,0.00001301,84.8350,77.3233,0.0280,5.6284,0.3838,17309.1614,200.7667,91.2509,79.7578,34.0832,58.2266,102.2495,170.4158,241.2244,332.7233,51.1247,0.0,4.142857,5.714285,1.45698,29,141,174,4,0.47516736,0.00032517,-0.01119525,0E-8,0.000000,0.896863,0.000000,0.02195065,2026-06-03,2026-08-03,30,440,303,62,0.483871,1.144100,1.075628,1.583891,,,,,,,,GLOBAL_BASELINE_NO_ENTITY_RANKING,,,NOT_APPLICABLE_GLOBAL_BASELINE,HF9g-P5,,,,X 全窗基线 · 不参与实体赏罚,6879261,688,A168_HF9F_20260827_0900,2026-08-27 09:00:00
2026-07-14,135398611,1115,0,382.6318416239,-33.2723340543,-33.2723340543,0.5714286,8,7,0.48671124603171985,0.463841357143,0.4484403585023372,0.5707925455864443,0.4484403585023372,0.02286988888871985,ELIGIBLE,R03b_20260811_FULL_v1,L1_ELIGIBILITY,v2026-08-11,2026-03-21..2026-08-06,baccarat_bet02_101_all_pairs_incl_sentinel,round_win = game_pnl > 0 (decisive only),COMPATIBILITY_ONLY_NOT_PRODUCTION,519274.8434,465718.2974,168.8526,6121,6023,-0.00032517,0.01119525,-0.01075540,-0.00032517,-168.8526,519274.8434,OK,0.0000,6.7541,4.0000,96.0000,AG03-UNRESOLVED,ALL5_LEVELS_bet23_to_bet27,6.7541,6.7541,6.7541,8.4426,0.0000,4.000000,4.000000,4.000000,5.000000,0.000000,96.000000,96.000000,96.000000,95.000000,100.000000,5.0,28.7049,26.9321,140.1477,141.9205,PENDING_AG03,FALSE,NOT_FOR_ENFORCEMENT,162.0985,447089.5655,168.8526,162.0985,6.7541,0.00032517,0.00031216,6.7541,162.0985,0.00031216,6.7541,6.7541,6.7541,8.4426,0.0000,162.0985,0.00031216,28.7049,26.9321,140.1477,141.9205,0.00026989,0.00027331,0.00001301,84.8350,77.3233,0.0280,5.6284,0.3838,17309.1614,200.7667,91.2509,79.7578,34.0832,58.2266,102.2495,170.4158,241.2244,332.7233,51.1247,0.0,4.142857,5.714285,1.45698,29,141,174,4,0.47516736,0.00032517,-0.01119525,0E-8,0.000000,0.896863,0.000000,0.02195065,2026-06-03,2026-08-03,30,440,303,62,0.483871,1.144100,1.075628,1.583891,,,,,,,,GLOBAL_BASELINE_NO_ENTITY_RANKING,,,NOT_APPLICABLE_GLOBAL_BASELINE,HF9g-P5,,,,X 全窗基线 · 不参与实体赏罚,6879262,688,A168_HF9F_20260827_0900,2026-08-27 09:00:00
2026-07-14,135398611,1385,0,535.6845782734,-215.6879055067,-215.6879055067,0.3333333,13,12,0.49586749797977336,0.483912783333,-1.1261081875799035,-1.0437854320837747,-1.1261081875799035,0.01195471464677336,ELIGIBLE,R03b_20260811_FULL_v1,L1_ELIGIBILITY,v2026-08-11,2026-03-21..2026-08-06,baccarat_bet02_101_all_pairs_incl_sentinel,round_win = game_pnl > 0 (decisive only),COMPATIBILITY_ONLY_NOT_PRODUCTION,519274.8434,465718.2974,168.8526,6121,6023,-0.00032517,0.01119525,-0.01075540,-0.00032517,-168.8526,519274.8434,OK,0.0000,6.7541,4.0000,96.0000,AG03-UNRESOLVED,ALL5_LEVELS_bet23_to_bet27,6.7541,6.7541,6.7541,8.4426,0.0000,4.000000,4.000000,4.000000,5.000000,0.000000,96.000000,96.000000,96.000000,95.000000,100.000000,5.0,28.7049,26.9321,140.1477,141.9205,PENDING_AG03,FALSE,NOT_FOR_ENFORCEMENT,162.0985,447089.5655,168.8526,162.0985,6.7541,0.00032517,0.00031216,6.7541,162.0985,0.00031216,6.7541,6.7541,6.7541,8.4426,0.0000,162.0985,0.00031216,28.7049,26.9321,140.1477,141.9205,0.00026989,0.00027331,0.00001301,84.8350,77.3233,0.0280,5.6284,0.3838,17309.1614,200.7667,91.2509,79.7578,34.0832,58.2266,102.2495,170.4158,241.2244,332.7233,51.1247,0.0,4.142857,5.714285,1.45698,29,141,174,4,0.47516736,0.00032517,-0.01119525,0E-8,0.000000,0.896863,0.000000,0.02195065,2026-06-03,2026-08-03,30,440,303,62,0.483871,1.144100,1.075628,1.583891,,,,,,,,GLOBAL_BASELINE_NO_ENTITY_RANKING,,,NOT_APPLICABLE_GLOBAL_BASELINE,HF9g-P5,,,,X 全窗基线 · 不参与实体赏罚,6879263,688,A168_HF9F_20260827_0900,2026-08-27 09:00:00
2026-07-14,135398611,1507,0,515.7211778406,-182.9978372983,-182.9978372983,0.3636364,14,14,0.50090561428571429,0.500905614286,-0.9105426928554478,-0.9105426928573439,-0.9105426928554478,-2.8571E-13,ELIGIBLE,R03b_20260811_FULL_v1,L1_ELIGIBILITY,v2026-08-11,2026-03-21..2026-08-06,baccarat_bet02_101_all_pairs_incl_sentinel,round_win = game_pnl > 0 (decisive only),COMPATIBILITY_ONLY_NOT_PRODUCTION,519274.8434,465718.2974,168.8526,6121,6023,-0.00032517,0.01119525,-0.01075540,-0.00032517,-168.8526,519274.8434,OK,0.0000,6.7541,4.0000,96.0000,AG03-UNRESOLVED,ALL5_LEVELS_bet23_to_bet27,6.7541,6.7541,6.7541,8.4426,0.0000,4.000000,4.000000,4.000000,5.000000,0.000000,96.000000,96.000000,96.000000,95.000000,100.000000,5.0,28.7049,26.9321,140.1477,141.9205,PENDING_AG03,FALSE,NOT_FOR_ENFORCEMENT,162.0985,447089.5655,168.8526,162.0985,6.7541,0.00032517,0.00031216,6.7541,162.0985,0.00031216,6.7541,6.7541,6.7541,8.4426,0.0000,162.0985,0.00031216,28.7049,26.9321,140.1477,141.9205,0.00026989,0.00027331,0.00001301,84.8350,77.3233,0.0280,5.6284,0.3838,17309.1614,200.7667,91.2509,79.7578,34.0832,58.2266,102.2495,170.4158,241.2244,332.7233,51.1247,0.0,4.142857,5.714285,1.45698,29,141,174,4,0.47516736,0.00032517,-0.01119525,0E-8,0.000000,0.896863,0.000000,0.02195065,2026-06-03,2026-08-03,30,440,303,62,0.483871,1.144100,1.075628,1.583891,,,,,,,,GLOBAL_BASELINE_NO_ENTITY_RANKING,,,NOT_APPLICABLE_GLOBAL_BASELINE,HF9g-P5,,,,X 全窗基线 · 不参与实体赏罚,6879264,688,A168_HF9F_20260827_0900,2026-08-27 09:00:00
2026-07-14,135398611,1623,0,1693.5618033607,175.9274663114,175.9274663114,0.5000000,27,27,0.49870687777777778,0.498706877778,0.011566075449257567,0.011566075447269952,0.011566075449257567,-2.2222E-13,ELIGIBLE,R03b_20260811_FULL_v1,L1_ELIGIBILITY,v2026-08-11,2026-03-21..2026-08-06,baccarat_bet02_101_all_pairs_incl_sentinel,round_win = game_pnl > 0 (decisive only),COMPATIBILITY_ONLY_NOT_PRODUCTION,519274.8434,465718.2974,168.8526,6121,6023,-0.00032517,0.01119525,-0.01075540,-0.00032517,-168.8526,519274.8434,OK,0.0000,6.7541,4.0000,96.0000,AG03-UNRESOLVED,ALL5_LEVELS_bet23_to_bet27,6.7541,6.7541,6.7541,8.4426,0.0000,4.000000,4.000000,4.000000,5.000000,0.000000,96.000000,96.000000,96.000000,95.000000,100.000000,5.0,28.7049,26.9321,140.1477,141.9205,PENDING_AG03,FALSE,NOT_FOR_ENFORCEMENT,162.0985,447089.5655,168.8526,162.0985,6.7541,0.00032517,0.00031216,6.7541,162.0985,0.00031216,6.7541,6.7541,6.7541,8.4426,0.0000,162.0985,0.00031216,28.7049,26.9321,140.1477,141.9205,0.00026989,0.00027331,0.00001301,84.8350,77.3233,0.0280,5.6284,0.3838,17309.1614,200.7667,91.2509,79.7578,34.0832,58.2266,102.2495,170.4158,241.2244,332.7233,51.1247,0.0,4.142857,5.714285,1.45698,29,141,174,4,0.47516736,0.00032517,-0.01119525,0E-8,0.000000,0.896863,0.000000,0.02195065,2026-06-03,2026-08-03,30,440,303,62,0.483871,1.144100,1.075628,1.583891,,,,,,,,GLOBAL_BASELINE_NO_ENTITY_RANKING,,,NOT_APPLICABLE_GLOBAL_BASELINE,HF9g-P5,,,,X 全窗基线 · 不参与实体赏罚,6879265,688,A168_HF9F_20260827_0900,2026-08-27 09:00:00
2026-07-14,135398611,1654,0,537.3481949760,199.6340043255,199.6340043255,0.6666667,12,12,0.49659680000000000,0.496596800000,1.1783058936649082,1.178305893664908,1.1783058936649082,0E-17,ELIGIBLE,R03b_20260811_FULL_v1,L1_ELIGIBILITY,v2026-08-11,2026-03-21..2026-08-06,baccarat_bet02_101_all_pairs_incl_sentinel,round_win = game_pnl > 0 (decisive only),COMPATIBILITY_ONLY_NOT_PRODUCTION,519274.8434,465718.2974,168.8526,6121,6023,-0.00032517,0.01119525,-0.01075540,-0.00032517,-168.8526,519274.8434,OK,0.0000,6.7541,4.0000,96.0000,AG03-UNRESOLVED,ALL5_LEVELS_bet23_to_bet27,6.7541,6.7541,6.7541,8.4426,0.0000,4.000000,4.000000,4.000000,5.000000,0.000000,96.000000,96.000000,96.000000,95.000000,100.000000,5.0,28.7049,26.9321,140.1477,141.9205,PENDING_AG03,FALSE,NOT_FOR_ENFORCEMENT,162.0985,447089.5655,168.8526,162.0985,6.7541,0.00032517,0.00031216,6.7541,162.0985,0.00031216,6.7541,6.7541,6.7541,8.4426,0.0000,162.0985,0.00031216,28.7049,26.9321,140.1477,141.9205,0.00026989,0.00027331,0.00001301,84.8350,77.3233,0.0280,5.6284,0.3838,17309.1614,200.7667,91.2509,79.7578,34.0832,58.2266,102.2495,170.4158,241.2244,332.7233,51.1247,0.0,4.142857,5.714285,1.45698,29,141,174,4,0.47516736,0.00032517,-0.01119525,0E-8,0.000000,0.896863,0.000000,0.02195065,2026-06-03,2026-08-03,30,440,303,62,0.483871,1.144100,1.075628,1.583891,,,,,,,,GLOBAL_BASELINE_NO_ENTITY_RANKING,,,NOT_APPLICABLE_GLOBAL_BASELINE,HF9g-P5,,,,X 全窗基线 · 不参与实体赏罚,6879266,688,A168_HF9F_20260827_0900,2026-08-27 09:00:00
2026-07-14,135398611,1957,0,632.1743470304,166.2784894361,166.2784894361,0.6428571,16,15,0.49224624222220389,0.483098286667,1.1272043226887258,1.1962094413912234,1.1272043226887258,0.00914795555520389,ELIGIBLE,R03b_20260811_FULL_v1,L1_ELIGIBILITY,v2026-08-11,2026-03-21..2026-08-06,baccarat_bet02_101_all_pairs_incl_sentinel,round_win = game_pnl > 0 (decisive only),COMPATIBILITY_ONLY_NOT_PRODUCTION,519274.8434,465718.2974,168.8526,6121,6023,-0.00032517,0.01119525,-0.01075540,-0.00032517,-168.8526,519274.8434,OK,0.0000,6.7541,4.0000,96.0000,AG03-UNRESOLVED,ALL5_LEVELS_bet23_to_bet27,6.7541,6.7541,6.7541,8.4426,0.0000,4.000000,4.000000,4.000000,5.000000,0.000000,96.000000,96.000000,96.000000,95.000000,100.000000,5.0,28.7049,26.9321,140.1477,141.9205,PENDING_AG03,FALSE,NOT_FOR_ENFORCEMENT,162.0985,447089.5655,168.8526,162.0985,6.7541,0.00032517,0.00031216,6.7541,162.0985,0.00031216,6.7541,6.7541,6.7541,8.4426,0.0000,162.0985,0.00031216,28.7049,26.9321,140.1477,141.9205,0.00026989,0.00027331,0.00001301,84.8350,77.3233,0.0280,5.6284,0.3838,17309.1614,200.7667,91.2509,79.7578,34.0832,58.2266,102.2495,170.4158,241.2244,332.7233,51.1247,0.0,4.142857,5.714285,1.45698,29,141,174,4,0.47516736,0.00032517,-0.01119525,0E-8,0.000000,0.896863,0.000000,0.02195065,2026-06-03,2026-08-03,30,440,303,62,0.483871,1.144100,1.075628,1.583891,,,,,,,,GLOBAL_BASELINE_NO_ENTITY_RANKING,,,NOT_APPLICABLE_GLOBAL_BASELINE,HF9g-P5,,,,X 全窗基线 · 不参与实体赏罚,6879267,688,A168_HF9F_20260827_0900,2026-08-27 09:00:00
2026-07-14,135398611,2106,0,49.9085010813,-49.9085010813,-49.9085010813,0E-7,3,3,0.49771390000000000,0.497713900000,-1.724149546644903,-1.724149546644903,-1.724149546644903,0E-17,ELIGIBLE,R03b_20260811_FULL_v1,L1_ELIGIBILITY,v2026-08-11,2026-03-21..2026-08-06,baccarat_bet02_101_all_pairs_incl_sentinel,round_win = game_pnl > 0 (decisive only),COMPATIBILITY_ONLY_NOT_PRODUCTION,519274.8434,465718.2974,168.8526,6121,6023,-0.00032517,0.01119525,-0.01075540,-0.00032517,-168.8526,519274.8434,OK,0.0000,6.7541,4.0000,96.0000,AG03-UNRESOLVED,ALL5_LEVELS_bet23_to_bet27,6.7541,6.7541,6.7541,8.4426,0.0000,4.000000,4.000000,4.000000,5.000000,0.000000,96.000000,96.000000,96.000000,95.000000,100.000000,5.0,28.7049,26.9321,140.1477,141.9205,PENDING_AG03,FALSE,NOT_FOR_ENFORCEMENT,162.0985,447089.5655,168.8526,162.0985,6.7541,0.00032517,0.00031216,6.7541,162.0985,0.00031216,6.7541,6.7541,6.7541,8.4426,0.0000,162.0985,0.00031216,28.7049,26.9321,140.1477,141.9205,0.00026989,0.00027331,0.00001301,84.8350,77.3233,0.0280,5.6284,0.3838,17309.1614,200.7667,91.2509,79.7578,34.0832,58.2266,102.2495,170.4158,241.2244,332.7233,51.1247,0.0,4.142857,5.714285,1.45698,29,141,174,4,0.47516736,0.00032517,-0.01119525,0E-8,0.000000,0.896863,0.000000,0.02195065,2026-06-03,2026-08-03,30,440,303,62,0.483871,1.144100,1.075628,1.583891,,,,,,,,GLOBAL_BASELINE_NO_ENTITY_RANKING,,,NOT_APPLICABLE_GLOBAL_BASELINE,HF9g-P5,,,,X 全窗基线 · 不参与实体赏罚,6879268,688,A168_HF9F_20260827_0900,2026-08-27 09:00:00
2026-07-14,135398611,2246,0,33.2723340542,-33.2723340542,-33.2723340542,0E-7,1,1,0.49324550000000000,0.493245500000,-0.9865810262130424,-0.9865810262130424,-0.9865810262130424,0E-17,ELIGIBLE,R03b_20260811_FULL_v1,L1_ELIGIBILITY,v2026-08-11,2026-03-21..2026-08-06,baccarat_bet02_101_all_pairs_incl_sentinel,round_win = game_pnl > 0 (decisive only),COMPATIBILITY_ONLY_NOT_PRODUCTION,519274.8434,465718.2974,168.8526,6121,6023,-0.00032517,0.01119525,-0.01075540,-0.00032517,-168.8526,519274.8434,OK,0.0000,6.7541,4.0000,96.0000,AG03-UNRESOLVED,ALL5_LEVELS_bet23_to_bet27,6.7541,6.7541,6.7541,8.4426,0.0000,4.000000,4.000000,4.000000,5.000000,0.000000,96.000000,96.000000,96.000000,95.000000,100.000000,5.0,28.7049,26.9321,140.1477,141.9205,PENDING_AG03,FALSE,NOT_FOR_ENFORCEMENT,162.0985,447089.5655,168.8526,162.0985,6.7541,0.00032517,0.00031216,6.7541,162.0985,0.00031216,6.7541,6.7541,6.7541,8.4426,0.0000,162.0985,0.00031216,28.7049,26.9321,140.1477,141.9205,0.00026989,0.00027331,0.00001301,84.8350,77.3233,0.0280,5.6284,0.3838,17309.1614,200.7667,91.2509,79.7578,34.0832,58.2266,102.2495,170.4158,241.2244,332.7233,51.1247,0.0,4.142857,5.714285,1.45698,29,141,174,4,0.47516736,0.00032517,-0.01119525,0E-8,0.000000,0.896863,0.000000,0.02195065,2026-06-03,2026-08-03,30,440,303,62,0.483871,1.144100,1.075628,1.583891,,,,,,,,GLOBAL_BASELINE_NO_ENTITY_RANKING,,,NOT_APPLICABLE_GLOBAL_BASELINE,HF9g-P5,,,,X 全窗基线 · 不参与实体赏罚,6879269,688,A168_HF9F_20260827_0900,2026-08-27 09:00:00
2026-07-14,135398611,2250,0,387.6226917319,-14.3902844784,-14.3902844784,0.5555556,9,9,0.50069283333333333,0.500692833333,0.32917664935493707,0.32917664935693675,0.32917664935493707,3.3333E-13,ELIGIBLE,R03b_20260811_FULL_v1,L1_ELIGIBILITY,v2026-08-11,2026-03-21..2026-08-06,baccarat_bet02_101_all_pairs_incl_sentinel,round_win = game_pnl > 0 (decisive only),COMPATIBILITY_ONLY_NOT_PRODUCTION,519274.8434,465718.2974,168.8526,6121,6023,-0.00032517,0.01119525,-0.01075540,-0.00032517,-168.8526,519274.8434,OK,0.0000,6.7541,4.0000,96.0000,AG03-UNRESOLVED,ALL5_LEVELS_bet23_to_bet27,6.7541,6.7541,6.7541,8.4426,0.0000,4.000000,4.000000,4.000000,5.000000,0.000000,96.000000,96.000000,96.000000,95.000000,100.000000,5.0,28.7049,26.9321,140.1477,141.9205,PENDING_AG03,FALSE,NOT_FOR_ENFORCEMENT,162.0985,447089.5655,168.8526,162.0985,6.7541,0.00032517,0.00031216,6.7541,162.0985,0.00031216,6.7541,6.7541,6.7541,8.4426,0.0000,162.0985,0.00031216,28.7049,26.9321,140.1477,141.9205,0.00026989,0.00027331,0.00001301,84.8350,77.3233,0.0280,5.6284,0.3838,17309.1614,200.7667,91.2509,79.7578,34.0832,58.2266,102.2495,170.4158,241.2244,332.7233,51.1247,0.0,4.142857,5.714285,1.45698,29,141,174,4,0.47516736,0.00032517,-0.01119525,0E-8,0.000000,0.896863,0.000000,0.02195065,2026-06-03,2026-08-03,30,440,303,62,0.483871,1.144100,1.075628,1.583891,,,,,,,,GLOBAL_BASELINE_NO_ENTITY_RANKING,,,NOT_APPLICABLE_GLOBAL_BASELINE,HF9g-P5,,,,X 全窗基线 · 不参与实体赏罚,6879270,688,A168_HF9F_20260827_0900,2026-08-27 09:00:00
2026-07-15,135398611,-1,1,8258.1933122613,473.4653135915,473.4653135915,0.5364238,187,162,0.49270601711792854,0.469571532716,1.0745415711082211,1.6460407747430887,1.0745415711082211,0.02313448440192854,SENTINEL_DEALER,R03b_20260811_FULL_v1,L1_ELIGIBILITY,v2026-08-11,2026-03-21..2026-08-06,baccarat_bet02_101_all_pairs_incl_sentinel,round_win = game_pnl > 0 (decisive only),COMPATIBILITY_ONLY_NOT_PRODUCTION,519274.8434,465718.2974,168.8526,6121,6023,-0.00032517,0.01119525,-0.01075540,-0.00032517,-168.8526,519274.8434,OK,0.0000,6.7541,4.0000,96.0000,AG03-UNRESOLVED,ALL5_LEVELS_bet23_to_bet27,6.7541,6.7541,6.7541,8.4426,0.0000,4.000000,4.000000,4.000000,5.000000,0.000000,96.000000,96.000000,96.000000,95.000000,100.000000,5.0,28.7049,26.9321,140.1477,141.9205,PENDING_AG03,FALSE,NOT_FOR_ENFORCEMENT,162.0985,447089.5655,168.8526,162.0985,6.7541,0.00032517,0.00031216,6.7541,162.0985,0.00031216,6.7541,6.7541,6.7541,8.4426,0.0000,162.0985,0.00031216,28.7049,26.9321,140.1477,141.9205,0.00026989,0.00027331,0.00001301,84.8350,77.3233,0.0280,5.6284,0.3838,17309.1614,200.7667,91.2509,79.7578,34.0832,58.2266,102.2495,170.4158,241.2244,332.7233,51.1247,0.0,4.142857,5.714285,1.45698,29,141,174,4,0.47516736,0.00032517,-0.01119525,0E-8,0.000000,0.896863,0.000000,0.02195065,2026-06-03,2026-08-03,30,440,303,62,0.483871,1.144100,1.075628,1.583891,,,,,,,,GLOBAL_BASELINE_NO_ENTITY_RANKING,,,NOT_APPLICABLE_GLOBAL_BASELINE,HF9g-P5,,,,X 全窗基线 · 不参与实体赏罚,6879271,688,A168_HF9F_20260827_0900,2026-08-27 09:00:00
2026-07-15,135398611,1094,0,19.9634004325,-19.9634004325,-19.9634004325,0E-7,1,1,0.49324550000000000,0.493245500000,-0.9865810262130424,-0.9865810262130424,-0.9865810262130424,0E-17,ELIGIBLE,R03b_20260811_FULL_v1,L1_ELIGIBILITY,v2026-08-11,2026-03-21..2026-08-06,baccarat_bet02_101_all_pairs_incl_sentinel,round_win = game_pnl > 0 (decisive only),COMPATIBILITY_ONLY_NOT_PRODUCTION,519274.8434,465718.2974,168.8526,6121,6023,-0.00032517,0.01119525,-0.01075540,-0.00032517,-168.8526,519274.8434,OK,0.0000,6.7541,4.0000,96.0000,AG03-UNRESOLVED,ALL5_LEVELS_bet23_to_bet27,6.7541,6.7541,6.7541,8.4426,0.0000,4.000000,4.000000,4.000000,5.000000,0.000000,96.000000,96.000000,96.000000,95.000000,100.000000,5.0,28.7049,26.9321,140.1477,141.9205,PENDING_AG03,FALSE,NOT_FOR_ENFORCEMENT,162.0985,447089.5655,168.8526,162.0985,6.7541,0.00032517,0.00031216,6.7541,162.0985,0.00031216,6.7541,6.7541,6.7541,8.4426,0.0000,162.0985,0.00031216,28.7049,26.9321,140.1477,141.9205,0.00026989,0.00027331,0.00001301,84.8350,77.3233,0.0280,5.6284,0.3838,17309.1614,200.7667,91.2509,79.7578,34.0832,58.2266,102.2495,170.4158,241.2244,332.7233,51.1247,0.0,4.142857,5.714285,1.45698,29,141,174,4,0.47516736,0.00032517,-0.01119525,0E-8,0.000000,0.896863,0.000000,0.02195065,2026-06-03,2026-08-03,30,440,303,62,0.483871,1.144100,1.075628,1.583891,,,,,,,,GLOBAL_BASELINE_NO_ENTITY_RANKING,,,NOT_APPLICABLE_GLOBAL_BASELINE,HF9g-P5,,,,X 全窗基线 · 不参与实体赏罚,6879272,688,A168_HF9F_20260827_0900,2026-08-27 09:00:00
2026-07-15,135398611,1210,0,73.1991349194,-24.5383463651,-24.5383463651,0.3333333,3,3,0.50218230000000000,0.502182300000,-0.5849155494134425,-0.5849155494134426,-0.5849155494134425,0E-17,ELIGIBLE,R03b_20260811_FULL_v1,L1_ELIGIBILITY,v2026-08-11,2026-03-21..2026-08-06,baccarat_bet02_101_all_pairs_incl_sentinel,round_win = game_pnl > 0 (decisive only),COMPATIBILITY_ONLY_NOT_PRODUCTION,519274.8434,465718.2974,168.8526,6121,6023,-0.00032517,0.01119525,-0.01075540,-0.00032517,-168.8526,519274.8434,OK,0.0000,6.7541,4.0000,96.0000,AG03-UNRESOLVED,ALL5_LEVELS_bet23_to_bet27,6.7541,6.7541,6.7541,8.4426,0.0000,4.000000,4.000000,4.000000,5.000000,0.000000,96.000000,96.000000,96.000000,95.000000,100.000000,5.0,28.7049,26.9321,140.1477,141.9205,PENDING_AG03,FALSE,NOT_FOR_ENFORCEMENT,162.0985,447089.5655,168.8526,162.0985,6.7541,0.00032517,0.00031216,6.7541,162.0985,0.00031216,6.7541,6.7541,6.7541,8.4426,0.0000,162.0985,0.00031216,28.7049,26.9321,140.1477,141.9205,0.00026989,0.00027331,0.00001301,84.8350,77.3233,0.0280,5.6284,0.3838,17309.1614,200.7667,91.2509,79.7578,34.0832,58.2266,102.2495,170.4158,241.2244,332.7233,51.1247,0.0,4.142857,5.714285,1.45698,29,141,174,4,0.47516736,0.00032517,-0.01119525,0E-8,0.000000,0.896863,0.000000,0.02195065,2026-06-03,2026-08-03,30,440,303,62,0.483871,1.144100,1.075628,1.583891,,,,,,,,GLOBAL_BASELINE_NO_ENTITY_RANKING,,,NOT_APPLICABLE_GLOBAL_BASELINE,HF9g-P5,,,,X 全窗基线 · 不参与实体赏罚,6879273,688,A168_HF9F_20260827_0900,2026-08-27 09:00:00
2026-07-15,135398611,1318,0,547.3298951921,0.1663616705,0.1663616705,0.6000000,14,13,0.50069165344130715,0.485099511538,0.6280817325110246,0.7270173987508998,0.6280817325110246,0.01559214190330715,ELIGIBLE,R03b_20260811_FULL_v1,L1_ELIGIBILITY,v2026-08-11,2026-03-21..2026-08-06,baccarat_bet02_101_all_pairs_incl_sentinel,round_win = game_pnl > 0 (decisive only),COMPATIBILITY_ONLY_NOT_PRODUCTION,519274.8434,465718.2974,168.8526,6121,6023,-0.00032517,0.01119525,-0.01075540,-0.00032517,-168.8526,519274.8434,OK,0.0000,6.7541,4.0000,96.0000,AG03-UNRESOLVED,ALL5_LEVELS_bet23_to_bet27,6.7541,6.7541,6.7541,8.4426,0.0000,4.000000,4.000000,4.000000,5.000000,0.000000,96.000000,96.000000,96.000000,95.000000,100.000000,5.0,28.7049,26.9321,140.1477,141.9205,PENDING_AG03,FALSE,NOT_FOR_ENFORCEMENT,162.0985,447089.5655,168.8526,162.0985,6.7541,0.00032517,0.00031216,6.7541,162.0985,0.00031216,6.7541,6.7541,6.7541,8.4426,0.0000,162.0985,0.00031216,28.7049,26.9321,140.1477,141.9205,0.00026989,0.00027331,0.00001301,84.8350,77.3233,0.0280,5.6284,0.3838,17309.1614,200.7667,91.2509,79.7578,34.0832,58.2266,102.2495,170.4158,241.2244,332.7233,51.1247,0.0,4.142857,5.714285,1.45698,29,141,174,4,0.47516736,0.00032517,-0.01119525,0E-8,0.000000,0.896863,0.000000,0.02195065,2026-06-03,2026-08-03,30,440,303,62,0.483871,1.144100,1.075628,1.583891,,,,,,,,GLOBAL_BASELINE_NO_ENTITY_RANKING,,,NOT_APPLICABLE_GLOBAL_BASELINE,HF9g-P5,,,,X 全窗基线 · 不参与实体赏罚,6879274,688,A168_HF9F_20260827_0900,2026-08-27 09:00:00
2026-07-15,135398611,1396,0,171.3525203792,-15.6379970055,-15.6379970055,0.5000000,4,4,0.50665070000000000,0.506650700000,-0.02660515369234503,-0.02660515369234503,-0.02660515369234503,0E-17,ELIGIBLE,R03b_20260811_FULL_v1,L1_ELIGIBILITY,v2026-08-11,2026-03-21..2026-08-06,baccarat_bet02_101_all_pairs_incl_sentinel,round_win = game_pnl > 0 (decisive only),COMPATIBILITY_ONLY_NOT_PRODUCTION,519274.8434,465718.2974,168.8526,6121,6023,-0.00032517,0.01119525,-0.01075540,-0.00032517,-168.8526,519274.8434,OK,0.0000,6.7541,4.0000,96.0000,AG03-UNRESOLVED,ALL5_LEVELS_bet23_to_bet27,6.7541,6.7541,6.7541,8.4426,0.0000,4.000000,4.000000,4.000000,5.000000,0.000000,96.000000,96.000000,96.000000,95.000000,100.000000,5.0,28.7049,26.9321,140.1477,141.9205,PENDING_AG03,FALSE,NOT_FOR_ENFORCEMENT,162.0985,447089.5655,168.8526,162.0985,6.7541,0.00032517,0.00031216,6.7541,162.0985,0.00031216,6.7541,6.7541,6.7541,8.4426,0.0000,162.0985,0.00031216,28.7049,26.9321,140.1477,141.9205,0.00026989,0.00027331,0.00001301,84.8350,77.3233,0.0280,5.6284,0.3838,17309.1614,200.7667,91.2509,79.7578,34.0832,58.2266,102.2495,170.4158,241.2244,332.7233,51.1247,0.0,4.142857,5.714285,1.45698,29,141,174,4,0.47516736,0.00032517,-0.01119525,0E-8,0.000000,0.896863,0.000000,0.02195065,2026-06-03,2026-08-03,30,440,303,62,0.483871,1.144100,1.075628,1.583891,,,,,,,,GLOBAL_BASELINE_NO_ENTITY_RANKING,,,NOT_APPLICABLE_GLOBAL_BASELINE,HF9g-P5,,,,X 全窗基线 · 不参与实体赏罚,6879275,688,A168_HF9F_20260827_0900,2026-08-27 09:00:00
2026-07-15,135398611,1402,0,33.2723340542,0E-10,0E-10,,1,1,0.49324550000000000,0.493245500000,,,,0E-17,NO_DECISIVE_ROUND,R03b_20260811_FULL_v1,L1_ELIGIBILITY,v2026-08-11,2026-03-21..2026-08-06,baccarat_bet02_101_all_pairs_incl_sentinel,round_win = game_pnl > 0 (decisive only),COMPATIBILITY_ONLY_NOT_PRODUCTION,519274.8434,465718.2974,168.8526,6121,6023,-0.00032517,0.01119525,-0.01075540,-0.00032517,-168.8526,519274.8434,OK,0.0000,6.7541,4.0000,96.0000,AG03-UNRESOLVED,ALL5_LEVELS_bet23_to_bet27,6.7541,6.7541,6.7541,8.4426,0.0000,4.000000,4.000000,4.000000,5.000000,0.000000,96.000000,96.000000,96.000000,95.000000,100.000000,5.0,28.7049,26.9321,140.1477,141.9205,PENDING_AG03,FALSE,NOT_FOR_ENFORCEMENT,162.0985,447089.5655,168.8526,162.0985,6.7541,0.00032517,0.00031216,6.7541,162.0985,0.00031216,6.7541,6.7541,6.7541,8.4426,0.0000,162.0985,0.00031216,28.7049,26.9321,140.1477,141.9205,0.00026989,0.00027331,0.00001301,84.8350,77.3233,0.0280,5.6284,0.3838,17309.1614,200.7667,91.2509,79.7578,34.0832,58.2266,102.2495,170.4158,241.2244,332.7233,51.1247,0.0,4.142857,5.714285,1.45698,29,141,174,4,0.47516736,0.00032517,-0.01119525,0E-8,0.000000,0.896863,0.000000,0.02195065,2026-06-03,2026-08-03,30,440,303,62,0.483871,1.144100,1.075628,1.583891,,,,,,,,GLOBAL_BASELINE_NO_ENTITY_RANKING,,,NOT_APPLICABLE_GLOBAL_BASELINE,HF9g-P5,,,,X 全窗基线 · 不参与实体赏罚,6879276,688,A168_HF9F_20260827_0900,2026-08-27 09:00:00
2026-07-15,135398611,1714,0,1931.4589918484,534.7695890866,534.7695890866,0.6666667,31,31,0.50448857096774194,0.504488570968,1.6854721264419623,1.6854721264392885,1.6854721264419623,-2.5806E-13,ELIGIBLE,R03b_20260811_FULL_v1,L1_ELIGIBILITY,v2026-08-11,2026-03-21..2026-08-06,baccarat_bet02_101_all_pairs_incl_sentinel,round_win = game_pnl > 0 (decisive only),COMPATIBILITY_ONLY_NOT_PRODUCTION,519274.8434,465718.2974,168.8526,6121,6023,-0.00032517,0.01119525,-0.01075540,-0.00032517,-168.8526,519274.8434,OK,0.0000,6.7541,4.0000,96.0000,AG03-UNRESOLVED,ALL5_LEVELS_bet23_to_bet27,6.7541,6.7541,6.7541,8.4426,0.0000,4.000000,4.000000,4.000000,5.000000,0.000000,96.000000,96.000000,96.000000,95.000000,100.000000,5.0,28.7049,26.9321,140.1477,141.9205,PENDING_AG03,FALSE,NOT_FOR_ENFORCEMENT,162.0985,447089.5655,168.8526,162.0985,6.7541,0.00032517,0.00031216,6.7541,162.0985,0.00031216,6.7541,6.7541,6.7541,8.4426,0.0000,162.0985,0.00031216,28.7049,26.9321,140.1477,141.9205,0.00026989,0.00027331,0.00001301,84.8350,77.3233,0.0280,5.6284,0.3838,17309.1614,200.7667,91.2509,79.7578,34.0832,58.2266,102.2495,170.4158,241.2244,332.7233,51.1247,0.0,4.142857,5.714285,1.45698,29,141,174,4,0.47516736,0.00032517,-0.01119525,0E-8,0.000000,0.896863,0.000000,0.02195065,2026-06-03,2026-08-03,30,440,303,62,0.483871,1.144100,1.075628,1.583891,,,,,,,,GLOBAL_BASELINE_NO_ENTITY_RANKING,,,NOT_APPLICABLE_GLOBAL_BASELINE,HF9g-P5,,,,X 全窗基线 · 不参与实体赏罚,6879277,688,A168_HF9F_20260827_0900,2026-08-27 09:00:00
2026-07-15,135398611,2127,0,492.4305440027,59.8902012976,59.8902012976,0.5000000,14,12,0.49193060249040590,0.464526166667,0.055913708028452386,0.24639082190157868,0.055913708028452386,0.02740443582340590,ELIGIBLE,R03b_20260811_FULL_v1,L1_ELIGIBILITY,v2026-08-11,2026-03-21..2026-08-06,baccarat_bet02_101_all_pairs_incl_sentinel,round_win = game_pnl > 0 (decisive only),COMPATIBILITY_ONLY_NOT_PRODUCTION,519274.8434,465718.2974,168.8526,6121,6023,-0.00032517,0.01119525,-0.01075540,-0.00032517,-168.8526,519274.8434,OK,0.0000,6.7541,4.0000,96.0000,AG03-UNRESOLVED,ALL5_LEVELS_bet23_to_bet27,6.7541,6.7541,6.7541,8.4426,0.0000,4.000000,4.000000,4.000000,5.000000,0.000000,96.000000,96.000000,96.000000,95.000000,100.000000,5.0,28.7049,26.9321,140.1477,141.9205,PENDING_AG03,FALSE,NOT_FOR_ENFORCEMENT,162.0985,447089.5655,168.8526,162.0985,6.7541,0.00032517,0.00031216,6.7541,162.0985,0.00031216,6.7541,6.7541,6.7541,8.4426,0.0000,162.0985,0.00031216,28.7049,26.9321,140.1477,141.9205,0.00026989,0.00027331,0.00001301,84.8350,77.3233,0.0280,5.6284,0.3838,17309.1614,200.7667,91.2509,79.7578,34.0832,58.2266,102.2495,170.4158,241.2244,332.7233,51.1247,0.0,4.142857,5.714285,1.45698,29,141,174,4,0.47516736,0.00032517,-0.01119525,0E-8,0.000000,0.896863,0.000000,0.02195065,2026-06-03,2026-08-03,30,440,303,62,0.483871,1.144100,1.075628,1.583891,,,,,,,,GLOBAL_BASELINE_NO_ENTITY_RANKING,,,NOT_APPLICABLE_GLOBAL_BASELINE,HF9g-P5,,,,X 全窗基线 · 不参与实体赏罚,6879278,688,A168_HF9F_20260827_0900,2026-08-27 09:00:00
2026-07-15,135398611,2153,0,1089.6689402760,289.0534020962,289.0534020962,0.6000000,27,25,0.49028787799997835,0.479996428000,0.981480225319841,1.0742045930724102,0.981480225319841,0.01029144999997835,ELIGIBLE,R03b_20260811_FULL_v1,L1_ELIGIBILITY,v2026-08-11,2026-03-21..2026-08-06,baccarat_bet02_101_all_pairs_incl_sentinel,round_win = game_pnl > 0 (decisive only),COMPATIBILITY_ONLY_NOT_PRODUCTION,519274.8434,465718.2974,168.8526,6121,6023,-0.00032517,0.01119525,-0.01075540,-0.00032517,-168.8526,519274.8434,OK,0.0000,6.7541,4.0000,96.0000,AG03-UNRESOLVED,ALL5_LEVELS_bet23_to_bet27,6.7541,6.7541,6.7541,8.4426,0.0000,4.000000,4.000000,4.000000,5.000000,0.000000,96.000000,96.000000,96.000000,95.000000,100.000000,5.0,28.7049,26.9321,140.1477,141.9205,PENDING_AG03,FALSE,NOT_FOR_ENFORCEMENT,162.0985,447089.5655,168.8526,162.0985,6.7541,0.00032517,0.00031216,6.7541,162.0985,0.00031216,6.7541,6.7541,6.7541,8.4426,0.0000,162.0985,0.00031216,28.7049,26.9321,140.1477,141.9205,0.00026989,0.00027331,0.00001301,84.8350,77.3233,0.0280,5.6284,0.3838,17309.1614,200.7667,91.2509,79.7578,34.0832,58.2266,102.2495,170.4158,241.2244,332.7233,51.1247,0.0,4.142857,5.714285,1.45698,29,141,174,4,0.47516736,0.00032517,-0.01119525,0E-8,0.000000,0.896863,0.000000,0.02195065,2026-06-03,2026-08-03,30,440,303,62,0.483871,1.144100,1.075628,1.583891,,,,,,,,GLOBAL_BASELINE_NO_ENTITY_RANKING,,,NOT_APPLICABLE_GLOBAL_BASELINE,HF9g-P5,,,,X 全窗基线 · 不参与实体赏罚,6879279,688,A168_HF9F_20260827_0900,2026-08-27 09:00:00
2026-07-15,135398611,2196,0,8.3180835136,8.3180835136,8.3180835136,1.0000000,1,1,0.49324550000000000,0.493245500000,1.01360149184955,1.01360149184955,1.01360149184955,0E-17,ELIGIBLE,R03b_20260811_FULL_v1,L1_ELIGIBILITY,v2026-08-11,2026-03-21..2026-08-06,baccarat_bet02_101_all_pairs_incl_sentinel,round_win = game_pnl > 0 (decisive only),COMPATIBILITY_ONLY_NOT_PRODUCTION,519274.8434,465718.2974,168.8526,6121,6023,-0.00032517,0.01119525,-0.01075540,-0.00032517,-168.8526,519274.8434,OK,0.0000,6.7541,4.0000,96.0000,AG03-UNRESOLVED,ALL5_LEVELS_bet23_to_bet27,6.7541,6.7541,6.7541,8.4426,0.0000,4.000000,4.000000,4.000000,5.000000,0.000000,96.000000,96.000000,96.000000,95.000000,100.000000,5.0,28.7049,26.9321,140.1477,141.9205,PENDING_AG03,FALSE,NOT_FOR_ENFORCEMENT,162.0985,447089.5655,168.8526,162.0985,6.7541,0.00032517,0.00031216,6.7541,162.0985,0.00031216,6.7541,6.7541,6.7541,8.4426,0.0000,162.0985,0.00031216,28.7049,26.9321,140.1477,141.9205,0.00026989,0.00027331,0.00001301,84.8350,77.3233,0.0280,5.6284,0.3838,17309.1614,200.7667,91.2509,79.7578,34.0832,58.2266,102.2495,170.4158,241.2244,332.7233,51.1247,0.0,4.142857,5.714285,1.45698,29,141,174,4,0.47516736,0.00032517,-0.01119525,0E-8,0.000000,0.896863,0.000000,0.02195065,2026-06-03,2026-08-03,30,440,303,62,0.483871,1.144100,1.075628,1.583891,,,,,,,,GLOBAL_BASELINE_NO_ENTITY_RANKING,,,NOT_APPLICABLE_GLOBAL_BASELINE,HF9g-P5,,,,X 全窗基线 · 不参与实体赏罚,6879280,688,A168_HF9F_20260827_0900,2026-08-27 09:00:00
2026-07-15,135398611,948,0,166.3616702712,44.5017467974,44.5017467974,0.7500000,5,4,0.48399623499989106,0.450014537500,1.0645605112659393,1.205983394067321,1.0645605112659393,0.03398169749989106,ELIGIBLE,R03b_20260811_FULL_v1,L1_ELIGIBILITY,v2026-08-11,2026-03-21..2026-08-06,baccarat_bet02_101_all_pairs_incl_sentinel,round_win = game_pnl > 0 (decisive only),COMPATIBILITY_ONLY_NOT_PRODUCTION,519274.8434,465718.2974,168.8526,6121,6023,-0.00032517,0.01119525,-0.01075540,-0.00032517,-168.8526,519274.8434,OK,0.0000,6.7541,4.0000,96.0000,AG03-UNRESOLVED,ALL5_LEVELS_bet23_to_bet27,6.7541,6.7541,6.7541,8.4426,0.0000,4.000000,4.000000,4.000000,5.000000,0.000000,96.000000,96.000000,96.000000,95.000000,100.000000,5.0,28.7049,26.9321,140.1477,141.9205,PENDING_AG03,FALSE,NOT_FOR_ENFORCEMENT,162.0985,447089.5655,168.8526,162.0985,6.7541,0.00032517,0.00031216,6.7541,162.0985,0.00031216,6.7541,6.7541,6.7541,8.4426,0.0000,162.0985,0.00031216,28.7049,26.9321,140.1477,141.9205,0.00026989,0.00027331,0.00001301,84.8350,77.3233,0.0280,5.6284,0.3838,17309.1614,200.7667,91.2509,79.7578,34.0832,58.2266,102.2495,170.4158,241.2244,332.7233,51.1247,0.0,4.142857,5.714285,1.45698,29,141,174,4,0.47516736,0.00032517,-0.01119525,0E-8,0.000000,0.896863,0.000000,0.02195065,2026-06-03,2026-08-03,30,440,303,62,0.483871,1.144100,1.075628,1.583891,,,,,,,,GLOBAL_BASELINE_NO_ENTITY_RANKING,,,NOT_APPLICABLE_GLOBAL_BASELINE,HF9g-P5,,,,X 全窗基线 · 不参与实体赏罚,6879281,688,A168_HF9F_20260827_0900,2026-08-27 09:00:00
2026-07-18,135398611,-1,1,890.0349359506,83.5967393114,83.5967393114,0.6129032,37,34,0.49340753686274448,0.484489211765,1.330763353321089,1.4306464907190606,1.330763353321089,0.00891832509774448,SENTINEL_DEALER,R03b_20260811_FULL_v1,L1_ELIGIBILITY,v2026-08-11,2026-03-21..2026-08-06,baccarat_bet02_101_all_pairs_incl_sentinel,round_win = game_pnl > 0 (decisive only),COMPATIBILITY_ONLY_NOT_PRODUCTION,519274.8434,465718.2974,168.8526,6121,6023,-0.00032517,0.01119525,-0.01075540,-0.00032517,-168.8526,519274.8434,OK,0.0000,6.7541,4.0000,96.0000,AG03-UNRESOLVED,ALL5_LEVELS_bet23_to_bet27,6.7541,6.7541,6.7541,8.4426,0.0000,4.000000,4.000000,4.000000,5.000000,0.000000,96.000000,96.000000,96.000000,95.000000,100.000000,5.0,28.7049,26.9321,140.1477,141.9205,PENDING_AG03,FALSE,NOT_FOR_ENFORCEMENT,162.0985,447089.5655,168.8526,162.0985,6.7541,0.00032517,0.00031216,6.7541,162.0985,0.00031216,6.7541,6.7541,6.7541,8.4426,0.0000,162.0985,0.00031216,28.7049,26.9321,140.1477,141.9205,0.00026989,0.00027331,0.00001301,84.8350,77.3233,0.0280,5.6284,0.3838,17309.1614,200.7667,91.2509,79.7578,34.0832,58.2266,102.2495,170.4158,241.2244,332.7233,51.1247,0.0,4.142857,5.714285,1.45698,29,141,174,4,0.47516736,0.00032517,-0.01119525,0E-8,0.000000,0.896863,0.000000,0.02195065,2026-06-03,2026-08-03,30,440,303,62,0.483871,1.144100,1.075628,1.583891,,,,,,,,GLOBAL_BASELINE_NO_ENTITY_RANKING,,,NOT_APPLICABLE_GLOBAL_BASELINE,HF9g-P5,,,,X 全窗基线 · 不参与实体赏罚,6879282,688,A168_HF9F_20260827_0900,2026-08-27 09:00:00
2026-07-21,135398611,1710,0,81.5172184328,1E-10,1E-10,0.5000000,5,5,0.50396966000000000,0.503969660000,-0.0158791404612453,-0.0158791404612453,-0.0158791404612453,0E-17,ELIGIBLE,R03b_20260811_FULL_v1,L1_ELIGIBILITY,v2026-08-11,2026-03-21..2026-08-06,baccarat_bet02_101_all_pairs_incl_sentinel,round_win = game_pnl > 0 (decisive only),COMPATIBILITY_ONLY_NOT_PRODUCTION,519274.8434,465718.2974,168.8526,6121,6023,-0.00032517,0.01119525,-0.01075540,-0.00032517,-168.8526,519274.8434,OK,0.0000,6.7541,4.0000,96.0000,AG03-UNRESOLVED,ALL5_LEVELS_bet23_to_bet27,6.7541,6.7541,6.7541,8.4426,0.0000,4.000000,4.000000,4.000000,5.000000,0.000000,96.000000,96.000000,96.000000,95.000000,100.000000,5.0,28.7049,26.9321,140.1477,141.9205,PENDING_AG03,FALSE,NOT_FOR_ENFORCEMENT,162.0985,447089.5655,168.8526,162.0985,6.7541,0.00032517,0.00031216,6.7541,162.0985,0.00031216,6.7541,6.7541,6.7541,8.4426,0.0000,162.0985,0.00031216,28.7049,26.9321,140.1477,141.9205,0.00026989,0.00027331,0.00001301,84.8350,77.3233,0.0280,5.6284,0.3838,17309.1614,200.7667,91.2509,79.7578,34.0832,58.2266,102.2495,170.4158,241.2244,332.7233,51.1247,0.0,4.142857,5.714285,1.45698,29,141,174,4,0.47516736,0.00032517,-0.01119525,0E-8,0.000000,0.896863,0.000000,0.02195065,2026-06-03,2026-08-03,30,440,303,62,0.483871,1.144100,1.075628,1.583891,,,,,,,,GLOBAL_BASELINE_NO_ENTITY_RANKING,,,NOT_APPLICABLE_GLOBAL_BASELINE,HF9g-P5,,,,X 全窗基线 · 不参与实体赏罚,6879283,688,A168_HF9F_20260827_0900,2026-08-27 09:00:00
2026-07-21,135398611,2101,0,755.2819830312,-146.5646315090,-146.5646315090,0.5000000,27,27,0.50069283333333333,0.500692833333,-0.0070655481558526065,-0.007065548152453284,-0.0070655481558526065,3.3333E-13,ELIGIBLE,R03b_20260811_FULL_v1,L1_ELIGIBILITY,v2026-08-11,2026-03-21..2026-08-06,baccarat_bet02_101_all_pairs_incl_sentinel,round_win = game_pnl > 0 (decisive only),COMPATIBILITY_ONLY_NOT_PRODUCTION,519274.8434,465718.2974,168.8526,6121,6023,-0.00032517,0.01119525,-0.01075540,-0.00032517,-168.8526,519274.8434,OK,0.0000,6.7541,4.0000,96.0000,AG03-UNRESOLVED,ALL5_LEVELS_bet23_to_bet27,6.7541,6.7541,6.7541,8.4426,0.0000,4.000000,4.000000,4.000000,5.000000,0.000000,96.000000,96.000000,96.000000,95.000000,100.000000,5.0,28.7049,26.9321,140.1477,141.9205,PENDING_AG03,FALSE,NOT_FOR_ENFORCEMENT,162.0985,447089.5655,168.8526,162.0985,6.7541,0.00032517,0.00031216,6.7541,162.0985,0.00031216,6.7541,6.7541,6.7541,8.4426,0.0000,162.0985,0.00031216,28.7049,26.9321,140.1477,141.9205,0.00026989,0.00027331,0.00001301,84.8350,77.3233,0.0280,5.6284,0.3838,17309.1614,200.7667,91.2509,79.7578,34.0832,58.2266,102.2495,170.4158,241.2244,332.7233,51.1247,0.0,4.142857,5.714285,1.45698,29,141,174,4,0.47516736,0.00032517,-0.01119525,0E-8,0.000000,0.896863,0.000000,0.02195065,2026-06-03,2026-08-03,30,440,303,62,0.483871,1.144100,1.075628,1.583891,,,,,,,,GLOBAL_BASELINE_NO_ENTITY_RANKING,,,NOT_APPLICABLE_GLOBAL_BASELINE,HF9g-P5,,,,X 全窗基线 · 不参与实体赏罚,6879284,688,A168_HF9F_20260827_0900,2026-08-27 09:00:00
2026-07-21,135398611,2141,0,1114.6231908169,163.1176177008,163.1176177008,0.5925926,34,31,0.49360883511523084,0.477218396774,1.028753428841508,1.2002503248253307,1.028753428841508,0.01639043834123084,ELIGIBLE,R03b_20260811_FULL_v1,L1_ELIGIBILITY,v2026-08-11,2026-03-21..2026-08-06,baccarat_bet02_101_all_pairs_incl_sentinel,round_win = game_pnl > 0 (decisive only),COMPATIBILITY_ONLY_NOT_PRODUCTION,519274.8434,465718.2974,168.8526,6121,6023,-0.00032517,0.01119525,-0.01075540,-0.00032517,-168.8526,519274.8434,OK,0.0000,6.7541,4.0000,96.0000,AG03-UNRESOLVED,ALL5_LEVELS_bet23_to_bet27,6.7541,6.7541,6.7541,8.4426,0.0000,4.000000,4.000000,4.000000,5.000000,0.000000,96.000000,96.000000,96.000000,95.000000,100.000000,5.0,28.7049,26.9321,140.1477,141.9205,PENDING_AG03,FALSE,NOT_FOR_ENFORCEMENT,162.0985,447089.5655,168.8526,162.0985,6.7541,0.00032517,0.00031216,6.7541,162.0985,0.00031216,6.7541,6.7541,6.7541,8.4426,0.0000,162.0985,0.00031216,28.7049,26.9321,140.1477,141.9205,0.00026989,0.00027331,0.00001301,84.8350,77.3233,0.0280,5.6284,0.3838,17309.1614,200.7667,91.2509,79.7578,34.0832,58.2266,102.2495,170.4158,241.2244,332.7233,51.1247,0.0,4.142857,5.714285,1.45698,29,141,174,4,0.47516736,0.00032517,-0.01119525,0E-8,0.000000,0.896863,0.000000,0.02195065,2026-06-03,2026-08-03,30,440,303,62,0.483871,1.144100,1.075628,1.583891,,,,,,,,GLOBAL_BASELINE_NO_ENTITY_RANKING,,,NOT_APPLICABLE_GLOBAL_BASELINE,HF9g-P5,,,,X 全窗基线 · 不参与实体赏罚,6879285,688,A168_HF9F_20260827_0900,2026-08-27 09:00:00
2026-07-21,135398611,994,0,16.6361670271,-16.6361670271,-16.6361670271,0E-7,1,1,0.50665070000000000,0.506650700000,-1.013391052207602,-1.013391052207602,-1.013391052207602,0E-17,ELIGIBLE,R03b_20260811_FULL_v1,L1_ELIGIBILITY,v2026-08-11,2026-03-21..2026-08-06,baccarat_bet02_101_all_pairs_incl_sentinel,round_win = game_pnl > 0 (decisive only),COMPATIBILITY_ONLY_NOT_PRODUCTION,519274.8434,465718.2974,168.8526,6121,6023,-0.00032517,0.01119525,-0.01075540,-0.00032517,-168.8526,519274.8434,OK,0.0000,6.7541,4.0000,96.0000,AG03-UNRESOLVED,ALL5_LEVELS_bet23_to_bet27,6.7541,6.7541,6.7541,8.4426,0.0000,4.000000,4.000000,4.000000,5.000000,0.000000,96.000000,96.000000,96.000000,95.000000,100.000000,5.0,28.7049,26.9321,140.1477,141.9205,PENDING_AG03,FALSE,NOT_FOR_ENFORCEMENT,162.0985,447089.5655,168.8526,162.0985,6.7541,0.00032517,0.00031216,6.7541,162.0985,0.00031216,6.7541,6.7541,6.7541,8.4426,0.0000,162.0985,0.00031216,28.7049,26.9321,140.1477,141.9205,0.00026989,0.00027331,0.00001301,84.8350,77.3233,0.0280,5.6284,0.3838,17309.1614,200.7667,91.2509,79.7578,34.0832,58.2266,102.2495,170.4158,241.2244,332.7233,51.1247,0.0,4.142857,5.714285,1.45698,29,141,174,4,0.47516736,0.00032517,-0.01119525,0E-8,0.000000,0.896863,0.000000,0.02195065,2026-06-03,2026-08-03,30,440,303,62,0.483871,1.144100,1.075628,1.583891,,,,,,,,GLOBAL_BASELINE_NO_ENTITY_RANKING,,,NOT_APPLICABLE_GLOBAL_BASELINE,HF9g-P5,,,,X 全窗基线 · 不参与实体赏罚,6879286,688,A168_HF9F_20260827_0900,2026-08-27 09:00:00
2026-07-25,135398611,-1,1,12650.1414074206,2061.7201796702,2061.7201796702,0.5909091,76,72,0.50031860216187305,0.492277481250,1.4719215181759784,1.60276515012406,1.4719215181759784,0.00804112091187305,SENTINEL_DEALER,R03b_20260811_FULL_v1,L1_ELIGIBILITY,v2026-08-11,2026-03-21..2026-08-06,baccarat_bet02_101_all_pairs_incl_sentinel,round_win = game_pnl > 0 (decisive only),COMPATIBILITY_ONLY_NOT_PRODUCTION,519274.8434,465718.2974,168.8526,6121,6023,-0.00032517,0.01119525,-0.01075540,-0.00032517,-168.8526,519274.8434,OK,0.0000,6.7541,4.0000,96.0000,AG03-UNRESOLVED,ALL5_LEVELS_bet23_to_bet27,6.7541,6.7541,6.7541,8.4426,0.0000,4.000000,4.000000,4.000000,5.000000,0.000000,96.000000,96.000000,96.000000,95.000000,100.000000,5.0,28.7049,26.9321,140.1477,141.9205,PENDING_AG03,FALSE,NOT_FOR_ENFORCEMENT,162.0985,447089.5655,168.8526,162.0985,6.7541,0.00032517,0.00031216,6.7541,162.0985,0.00031216,6.7541,6.7541,6.7541,8.4426,0.0000,162.0985,0.00031216,28.7049,26.9321,140.1477,141.9205,0.00026989,0.00027331,0.00001301,84.8350,77.3233,0.0280,5.6284,0.3838,17309.1614,200.7667,91.2509,79.7578,34.0832,58.2266,102.2495,170.4158,241.2244,332.7233,51.1247,0.0,4.142857,5.714285,1.45698,29,141,174,4,0.47516736,0.00032517,-0.01119525,0E-8,0.000000,0.896863,0.000000,0.02195065,2026-06-03,2026-08-03,30,440,303,62,0.483871,1.144100,1.075628,1.583891,,,,,,,,GLOBAL_BASELINE_NO_ENTITY_RANKING,,,NOT_APPLICABLE_GLOBAL_BASELINE,HF9g-P5,,,,X 全窗基线 · 不参与实体赏罚,6879287,688,A168_HF9F_20260827_0900,2026-08-27 09:00:00
2026-07-25,135398611,1157,0,2387.2899683914,-166.3616702711,-166.3616702711,0.4545455,17,13,0.48902529488845379,0.434038176923,-0.22876850079346467,0.13722929103111928,-0.22876850079346467,0.05498711796545379,ELIGIBLE,R03b_20260811_FULL_v1,L1_ELIGIBILITY,v2026-08-11,2026-03-21..2026-08-06,baccarat_bet02_101_all_pairs_incl_sentinel,round_win = game_pnl > 0 (decisive only),COMPATIBILITY_ONLY_NOT_PRODUCTION,519274.8434,465718.2974,168.8526,6121,6023,-0.00032517,0.01119525,-0.01075540,-0.00032517,-168.8526,519274.8434,OK,0.0000,6.7541,4.0000,96.0000,AG03-UNRESOLVED,ALL5_LEVELS_bet23_to_bet27,6.7541,6.7541,6.7541,8.4426,0.0000,4.000000,4.000000,4.000000,5.000000,0.000000,96.000000,96.000000,96.000000,95.000000,100.000000,5.0,28.7049,26.9321,140.1477,141.9205,PENDING_AG03,FALSE,NOT_FOR_ENFORCEMENT,162.0985,447089.5655,168.8526,162.0985,6.7541,0.00032517,0.00031216,6.7541,162.0985,0.00031216,6.7541,6.7541,6.7541,8.4426,0.0000,162.0985,0.00031216,28.7049,26.9321,140.1477,141.9205,0.00026989,0.00027331,0.00001301,84.8350,77.3233,0.0280,5.6284,0.3838,17309.1614,200.7667,91.2509,79.7578,34.0832,58.2266,102.2495,170.4158,241.2244,332.7233,51.1247,0.0,4.142857,5.714285,1.45698,29,141,174,4,0.47516736,0.00032517,-0.01119525,0E-8,0.000000,0.896863,0.000000,0.02195065,2026-06-03,2026-08-03,30,440,303,62,0.483871,1.144100,1.075628,1.583891,,,,,,,,GLOBAL_BASELINE_NO_ENTITY_RANKING,,,NOT_APPLICABLE_GLOBAL_BASELINE,HF9g-P5,,,,X 全窗基线 · 不参与实体赏罚,6879288,688,A168_HF9F_20260827_0900,2026-08-27 09:00:00
2026-07-25,135398611,1301,0,249.5425054068,-83.1808351356,-83.1808351356,0.5000000,2,2,0.49324550000000000,0.493245500000,0.01910635448239258,0.01910635448239258,0.01910635448239258,0E-17,ELIGIBLE,R03b_20260811_FULL_v1,L1_ELIGIBILITY,v2026-08-11,2026-03-21..2026-08-06,baccarat_bet02_101_all_pairs_incl_sentinel,round_win = game_pnl > 0 (decisive only),COMPATIBILITY_ONLY_NOT_PRODUCTION,519274.8434,465718.2974,168.8526,6121,6023,-0.00032517,0.01119525,-0.01075540,-0.00032517,-168.8526,519274.8434,OK,0.0000,6.7541,4.0000,96.0000,AG03-UNRESOLVED,ALL5_LEVELS_bet23_to_bet27,6.7541,6.7541,6.7541,8.4426,0.0000,4.000000,4.000000,4.000000,5.000000,0.000000,96.000000,96.000000,96.000000,95.000000,100.000000,5.0,28.7049,26.9321,140.1477,141.9205,PENDING_AG03,FALSE,NOT_FOR_ENFORCEMENT,162.0985,447089.5655,168.8526,162.0985,6.7541,0.00032517,0.00031216,6.7541,162.0985,0.00031216,6.7541,6.7541,6.7541,8.4426,0.0000,162.0985,0.00031216,28.7049,26.9321,140.1477,141.9205,0.00026989,0.00027331,0.00001301,84.8350,77.3233,0.0280,5.6284,0.3838,17309.1614,200.7667,91.2509,79.7578,34.0832,58.2266,102.2495,170.4158,241.2244,332.7233,51.1247,0.0,4.142857,5.714285,1.45698,29,141,174,4,0.47516736,0.00032517,-0.01119525,0E-8,0.000000,0.896863,0.000000,0.02195065,2026-06-03,2026-08-03,30,440,303,62,0.483871,1.144100,1.075628,1.583891,,,,,,,,GLOBAL_BASELINE_NO_ENTITY_RANKING,,,NOT_APPLICABLE_GLOBAL_BASELINE,HF9g-P5,,,,X 全窗基线 · 不参与实体赏罚,6879289,688,A168_HF9F_20260827_0900,2026-08-27 09:00:00
2026-07-25,135398611,1363,0,83.1808351356,-83.1808351356,-83.1808351356,0E-7,1,1,0.50665070000000000,0.506650700000,-1.013391052207602,-1.013391052207602,-1.013391052207602,0E-17,ELIGIBLE,R03b_20260811_FULL_v1,L1_ELIGIBILITY,v2026-08-11,2026-03-21..2026-08-06,baccarat_bet02_101_all_pairs_incl_sentinel,round_win = game_pnl > 0 (decisive only),COMPATIBILITY_ONLY_NOT_PRODUCTION,519274.8434,465718.2974,168.8526,6121,6023,-0.00032517,0.01119525,-0.01075540,-0.00032517,-168.8526,519274.8434,OK,0.0000,6.7541,4.0000,96.0000,AG03-UNRESOLVED,ALL5_LEVELS_bet23_to_bet27,6.7541,6.7541,6.7541,8.4426,0.0000,4.000000,4.000000,4.000000,5.000000,0.000000,96.000000,96.000000,96.000000,95.000000,100.000000,5.0,28.7049,26.9321,140.1477,141.9205,PENDING_AG03,FALSE,NOT_FOR_ENFORCEMENT,162.0985,447089.5655,168.8526,162.0985,6.7541,0.00032517,0.00031216,6.7541,162.0985,0.00031216,6.7541,6.7541,6.7541,8.4426,0.0000,162.0985,0.00031216,28.7049,26.9321,140.1477,141.9205,0.00026989,0.00027331,0.00001301,84.8350,77.3233,0.0280,5.6284,0.3838,17309.1614,200.7667,91.2509,79.7578,34.0832,58.2266,102.2495,170.4158,241.2244,332.7233,51.1247,0.0,4.142857,5.714285,1.45698,29,141,174,4,0.47516736,0.00032517,-0.01119525,0E-8,0.000000,0.896863,0.000000,0.02195065,2026-06-03,2026-08-03,30,440,303,62,0.483871,1.144100,1.075628,1.583891,,,,,,,,GLOBAL_BASELINE_NO_ENTITY_RANKING,,,NOT_APPLICABLE_GLOBAL_BASELINE,HF9g-P5,,,,X 全窗基线 · 不参与实体赏罚,6879290,688,A168_HF9F_20260827_0900,2026-08-27 09:00:00
2026-07-25,135398611,1710,0,166.3616702712,-4.1590417568,-4.1590417568,0.5000000,2,2,0.50665070000000000,0.506650700000,-0.018812684590367487,-0.018812684590367487,-0.018812684590367487,0E-17,ELIGIBLE,R03b_20260811_FULL_v1,L1_ELIGIBILITY,v2026-08-11,2026-03-21..2026-08-06,baccarat_bet02_101_all_pairs_incl_sentinel,round_win = game_pnl > 0 (decisive only),COMPATIBILITY_ONLY_NOT_PRODUCTION,519274.8434,465718.2974,168.8526,6121,6023,-0.00032517,0.01119525,-0.01075540,-0.00032517,-168.8526,519274.8434,OK,0.0000,6.7541,4.0000,96.0000,AG03-UNRESOLVED,ALL5_LEVELS_bet23_to_bet27,6.7541,6.7541,6.7541,8.4426,0.0000,4.000000,4.000000,4.000000,5.000000,0.000000,96.000000,96.000000,96.000000,95.000000,100.000000,5.0,28.7049,26.9321,140.1477,141.9205,PENDING_AG03,FALSE,NOT_FOR_ENFORCEMENT,162.0985,447089.5655,168.8526,162.0985,6.7541,0.00032517,0.00031216,6.7541,162.0985,0.00031216,6.7541,6.7541,6.7541,8.4426,0.0000,162.0985,0.00031216,28.7049,26.9321,140.1477,141.9205,0.00026989,0.00027331,0.00001301,84.8350,77.3233,0.0280,5.6284,0.3838,17309.1614,200.7667,91.2509,79.7578,34.0832,58.2266,102.2495,170.4158,241.2244,332.7233,51.1247,0.0,4.142857,5.714285,1.45698,29,141,174,4,0.47516736,0.00032517,-0.01119525,0E-8,0.000000,0.896863,0.000000,0.02195065,2026-06-03,2026-08-03,30,440,303,62,0.483871,1.144100,1.075628,1.583891,,,,,,,,GLOBAL_BASELINE_NO_ENTITY_RANKING,,,NOT_APPLICABLE_GLOBAL_BASELINE,HF9g-P5,,,,X 全窗基线 · 不参与实体赏罚,6879291,688,A168_HF9F_20260827_0900,2026-08-27 09:00:00
2026-07-25,135398611,2117,0,249.5425054068,83.1808351356,83.1808351356,1.0000000,2,2,0.49324550000000000,0.493245500000,1.01360149184955,1.01360149184955,1.01360149184955,0E-17,ELIGIBLE,R03b_20260811_FULL_v1,L1_ELIGIBILITY,v2026-08-11,2026-03-21..2026-08-06,baccarat_bet02_101_all_pairs_incl_sentinel,round_win = game_pnl > 0 (decisive only),COMPATIBILITY_ONLY_NOT_PRODUCTION,519274.8434,465718.2974,168.8526,6121,6023,-0.00032517,0.01119525,-0.01075540,-0.00032517,-168.8526,519274.8434,OK,0.0000,6.7541,4.0000,96.0000,AG03-UNRESOLVED,ALL5_LEVELS_bet23_to_bet27,6.7541,6.7541,6.7541,8.4426,0.0000,4.000000,4.000000,4.000000,5.000000,0.000000,96.000000,96.000000,96.000000,95.000000,100.000000,5.0,28.7049,26.9321,140.1477,141.9205,PENDING_AG03,FALSE,NOT_FOR_ENFORCEMENT,162.0985,447089.5655,168.8526,162.0985,6.7541,0.00032517,0.00031216,6.7541,162.0985,0.00031216,6.7541,6.7541,6.7541,8.4426,0.0000,162.0985,0.00031216,28.7049,26.9321,140.1477,141.9205,0.00026989,0.00027331,0.00001301,84.8350,77.3233,0.0280,5.6284,0.3838,17309.1614,200.7667,91.2509,79.7578,34.0832,58.2266,102.2495,170.4158,241.2244,332.7233,51.1247,0.0,4.142857,5.714285,1.45698,29,141,174,4,0.47516736,0.00032517,-0.01119525,0E-8,0.000000,0.896863,0.000000,0.02195065,2026-06-03,2026-08-03,30,440,303,62,0.483871,1.144100,1.075628,1.583891,,,,,,,,GLOBAL_BASELINE_NO_ENTITY_RANKING,,,NOT_APPLICABLE_GLOBAL_BASELINE,HF9g-P5,,,,X 全窗基线 · 不参与实体赏罚,6879292,688,A168_HF9F_20260827_0900,2026-08-27 09:00:00
2026-07-25,135398611,2160,0,3992.6800865085,665.4466810847,665.4466810847,0.6111111,23,23,0.49441116956521739,0.494411169565,0.9902937060051109,0.9902937060069605,0.9902937060051109,2.1739E-13,ELIGIBLE,R03b_20260811_FULL_v1,L1_ELIGIBILITY,v2026-08-11,2026-03-21..2026-08-06,baccarat_bet02_101_all_pairs_incl_sentinel,round_win = game_pnl > 0 (decisive only),COMPATIBILITY_ONLY_NOT_PRODUCTION,519274.8434,465718.2974,168.8526,6121,6023,-0.00032517,0.01119525,-0.01075540,-0.00032517,-168.8526,519274.8434,OK,0.0000,6.7541,4.0000,96.0000,AG03-UNRESOLVED,ALL5_LEVELS_bet23_to_bet27,6.7541,6.7541,6.7541,8.4426,0.0000,4.000000,4.000000,4.000000,5.000000,0.000000,96.000000,96.000000,96.000000,95.000000,100.000000,5.0,28.7049,26.9321,140.1477,141.9205,PENDING_AG03,FALSE,NOT_FOR_ENFORCEMENT,162.0985,447089.5655,168.8526,162.0985,6.7541,0.00032517,0.00031216,6.7541,162.0985,0.00031216,6.7541,6.7541,6.7541,8.4426,0.0000,162.0985,0.00031216,28.7049,26.9321,140.1477,141.9205,0.00026989,0.00027331,0.00001301,84.8350,77.3233,0.0280,5.6284,0.3838,17309.1614,200.7667,91.2509,79.7578,34.0832,58.2266,102.2495,170.4158,241.2244,332.7233,51.1247,0.0,4.142857,5.714285,1.45698,29,141,174,4,0.47516736,0.00032517,-0.01119525,0E-8,0.000000,0.896863,0.000000,0.02195065,2026-06-03,2026-08-03,30,440,303,62,0.483871,1.144100,1.075628,1.583891,,,,,,,,GLOBAL_BASELINE_NO_ENTITY_RANKING,,,NOT_APPLICABLE_GLOBAL_BASELINE,HF9g-P5,,,,X 全窗基线 · 不参与实体赏罚,6879293,688,A168_HF9F_20260827_0900,2026-08-27 09:00:00
2026-07-25,135398611,2175,0,3338.8787223427,-249.5425054069,-249.5425054069,0.5000000,26,24,0.49504114404762114,0.488299866667,0.04652048017642144,0.10978704185155388,0.04652048017642144,0.00674127738062114,ELIGIBLE,R03b_20260811_FULL_v1,L1_ELIGIBILITY,v2026-08-11,2026-03-21..2026-08-06,baccarat_bet02_101_all_pairs_incl_sentinel,round_win = game_pnl > 0 (decisive only),COMPATIBILITY_ONLY_NOT_PRODUCTION,519274.8434,465718.2974,168.8526,6121,6023,-0.00032517,0.01119525,-0.01075540,-0.00032517,-168.8526,519274.8434,OK,0.0000,6.7541,4.0000,96.0000,AG03-UNRESOLVED,ALL5_LEVELS_bet23_to_bet27,6.7541,6.7541,6.7541,8.4426,0.0000,4.000000,4.000000,4.000000,5.000000,0.000000,96.000000,96.000000,96.000000,95.000000,100.000000,5.0,28.7049,26.9321,140.1477,141.9205,PENDING_AG03,FALSE,NOT_FOR_ENFORCEMENT,162.0985,447089.5655,168.8526,162.0985,6.7541,0.00032517,0.00031216,6.7541,162.0985,0.00031216,6.7541,6.7541,6.7541,8.4426,0.0000,162.0985,0.00031216,28.7049,26.9321,140.1477,141.9205,0.00026989,0.00027331,0.00001301,84.8350,77.3233,0.0280,5.6284,0.3838,17309.1614,200.7667,91.2509,79.7578,34.0832,58.2266,102.2495,170.4158,241.2244,332.7233,51.1247,0.0,4.142857,5.714285,1.45698,29,141,174,4,0.47516736,0.00032517,-0.01119525,0E-8,0.000000,0.896863,0.000000,0.02195065,2026-06-03,2026-08-03,30,440,303,62,0.483871,1.144100,1.075628,1.583891,,,,,,,,GLOBAL_BASELINE_NO_ENTITY_RANKING,,,NOT_APPLICABLE_GLOBAL_BASELINE,HF9g-P5,,,,X 全窗基线 · 不参与实体赏罚,6879294,688,A168_HF9F_20260827_0900,2026-08-27 09:00:00
2026-07-25,135398611,2201,0,3405.4233904513,362.2525370153,362.2525370153,0.5882353,20,20,0.50128862000000000,0.501288620000,0.7169830235305231,0.7169830235305231,0.7169830235305231,0E-17,ELIGIBLE,R03b_20260811_FULL_v1,L1_ELIGIBILITY,v2026-08-11,2026-03-21..2026-08-06,baccarat_bet02_101_all_pairs_incl_sentinel,round_win = game_pnl > 0 (decisive only),COMPATIBILITY_ONLY_NOT_PRODUCTION,519274.8434,465718.2974,168.8526,6121,6023,-0.00032517,0.01119525,-0.01075540,-0.00032517,-168.8526,519274.8434,OK,0.0000,6.7541,4.0000,96.0000,AG03-UNRESOLVED,ALL5_LEVELS_bet23_to_bet27,6.7541,6.7541,6.7541,8.4426,0.0000,4.000000,4.000000,4.000000,5.000000,0.000000,96.000000,96.000000,96.000000,95.000000,100.000000,5.0,28.7049,26.9321,140.1477,141.9205,PENDING_AG03,FALSE,NOT_FOR_ENFORCEMENT,162.0985,447089.5655,168.8526,162.0985,6.7541,0.00032517,0.00031216,6.7541,162.0985,0.00031216,6.7541,6.7541,6.7541,8.4426,0.0000,162.0985,0.00031216,28.7049,26.9321,140.1477,141.9205,0.00026989,0.00027331,0.00001301,84.8350,77.3233,0.0280,5.6284,0.3838,17309.1614,200.7667,91.2509,79.7578,34.0832,58.2266,102.2495,170.4158,241.2244,332.7233,51.1247,0.0,4.142857,5.714285,1.45698,29,141,174,4,0.47516736,0.00032517,-0.01119525,0E-8,0.000000,0.896863,0.000000,0.02195065,2026-06-03,2026-08-03,30,440,303,62,0.483871,1.144100,1.075628,1.583891,,,,,,,,GLOBAL_BASELINE_NO_ENTITY_RANKING,,,NOT_APPLICABLE_GLOBAL_BASELINE,HF9g-P5,,,,X 全窗基线 · 不参与实体赏罚,6879295,688,A168_HF9F_20260827_0900,2026-08-27 09:00:00
2026-07-25,135398611,2278,0,415.9041756780,-83.1808351356,-83.1808351356,0.5000000,2,2,0.49324550000000000,0.493245500000,0.01910635448239258,0.01910635448239258,0.01910635448239258,0E-17,ELIGIBLE,R03b_20260811_FULL_v1,L1_ELIGIBILITY,v2026-08-11,2026-03-21..2026-08-06,baccarat_bet02_101_all_pairs_incl_sentinel,round_win = game_pnl > 0 (decisive only),COMPATIBILITY_ONLY_NOT_PRODUCTION,519274.8434,465718.2974,168.8526,6121,6023,-0.00032517,0.01119525,-0.01075540,-0.00032517,-168.8526,519274.8434,OK,0.0000,6.7541,4.0000,96.0000,AG03-UNRESOLVED,ALL5_LEVELS_bet23_to_bet27,6.7541,6.7541,6.7541,8.4426,0.0000,4.000000,4.000000,4.000000,5.000000,0.000000,96.000000,96.000000,96.000000,95.000000,100.000000,5.0,28.7049,26.9321,140.1477,141.9205,PENDING_AG03,FALSE,NOT_FOR_ENFORCEMENT,162.0985,447089.5655,168.8526,162.0985,6.7541,0.00032517,0.00031216,6.7541,162.0985,0.00031216,6.7541,6.7541,6.7541,8.4426,0.0000,162.0985,0.00031216,28.7049,26.9321,140.1477,141.9205,0.00026989,0.00027331,0.00001301,84.8350,77.3233,0.0280,5.6284,0.3838,17309.1614,200.7667,91.2509,79.7578,34.0832,58.2266,102.2495,170.4158,241.2244,332.7233,51.1247,0.0,4.142857,5.714285,1.45698,29,141,174,4,0.47516736,0.00032517,-0.01119525,0E-8,0.000000,0.896863,0.000000,0.02195065,2026-06-03,2026-08-03,30,440,303,62,0.483871,1.144100,1.075628,1.583891,,,,,,,,GLOBAL_BASELINE_NO_ENTITY_RANKING,,,NOT_APPLICABLE_GLOBAL_BASELINE,HF9g-P5,,,,X 全窗基线 · 不参与实体赏罚,6879296,688,A168_HF9F_20260827_0900,2026-08-27 09:00:00
2026-07-26,135398611,-1,1,10141.4074197312,337.0487439693,337.0487439693,0.5243902,93,92,0.50120483749999997,0.501186623913,0.4199067882198537,0.42023661465881934,0.4199067882198537,0.00001821358699997,SENTINEL_DEALER,R03b_20260811_FULL_v1,L1_ELIGIBILITY,v2026-08-11,2026-03-21..2026-08-06,baccarat_bet02_101_all_pairs_incl_sentinel,round_win = game_pnl > 0 (decisive only),COMPATIBILITY_ONLY_NOT_PRODUCTION,519274.8434,465718.2974,168.8526,6121,6023,-0.00032517,0.01119525,-0.01075540,-0.00032517,-168.8526,519274.8434,OK,0.0000,6.7541,4.0000,96.0000,AG03-UNRESOLVED,ALL5_LEVELS_bet23_to_bet27,6.7541,6.7541,6.7541,8.4426,0.0000,4.000000,4.000000,4.000000,5.000000,0.000000,96.000000,96.000000,96.000000,95.000000,100.000000,5.0,28.7049,26.9321,140.1477,141.9205,PENDING_AG03,FALSE,NOT_FOR_ENFORCEMENT,162.0985,447089.5655,168.8526,162.0985,6.7541,0.00032517,0.00031216,6.7541,162.0985,0.00031216,6.7541,6.7541,6.7541,8.4426,0.0000,162.0985,0.00031216,28.7049,26.9321,140.1477,141.9205,0.00026989,0.00027331,0.00001301,84.8350,77.3233,0.0280,5.6284,0.3838,17309.1614,200.7667,91.2509,79.7578,34.0832,58.2266,102.2495,170.4158,241.2244,332.7233,51.1247,0.0,4.142857,5.714285,1.45698,29,141,174,4,0.47516736,0.00032517,-0.01119525,0E-8,0.000000,0.896863,0.000000,0.02195065,2026-06-03,2026-08-03,30,440,303,62,0.483871,1.144100,1.075628,1.583891,,,,,,,,GLOBAL_BASELINE_NO_ENTITY_RANKING,,,NOT_APPLICABLE_GLOBAL_BASELINE,HF9g-P5,,,,X 全窗基线 · 不参与实体赏罚,6879297,688,A168_HF9F_20260827_0900,2026-08-27 09:00:00
2026-07-26,135398611,1374,0,1099.6506404925,-163.1176177008,-163.1176177008,0.4736842,20,20,0.50262914000000000,0.502629140000,-0.25233953356356364,-0.25233953356356364,-0.25233953356356364,0E-17,ELIGIBLE,R03b_20260811_FULL_v1,L1_ELIGIBILITY,v2026-08-11,2026-03-21..2026-08-06,baccarat_bet02_101_all_pairs_incl_sentinel,round_win = game_pnl > 0 (decisive only),COMPATIBILITY_ONLY_NOT_PRODUCTION,519274.8434,465718.2974,168.8526,6121,6023,-0.00032517,0.01119525,-0.01075540,-0.00032517,-168.8526,519274.8434,OK,0.0000,6.7541,4.0000,96.0000,AG03-UNRESOLVED,ALL5_LEVELS_bet23_to_bet27,6.7541,6.7541,6.7541,8.4426,0.0000,4.000000,4.000000,4.000000,5.000000,0.000000,96.000000,96.000000,96.000000,95.000000,100.000000,5.0,28.7049,26.9321,140.1477,141.9205,PENDING_AG03,FALSE,NOT_FOR_ENFORCEMENT,162.0985,447089.5655,168.8526,162.0985,6.7541,0.00032517,0.00031216,6.7541,162.0985,0.00031216,6.7541,6.7541,6.7541,8.4426,0.0000,162.0985,0.00031216,28.7049,26.9321,140.1477,141.9205,0.00026989,0.00027331,0.00001301,84.8350,77.3233,0.0280,5.6284,0.3838,17309.1614,200.7667,91.2509,79.7578,34.0832,58.2266,102.2495,170.4158,241.2244,332.7233,51.1247,0.0,4.142857,5.714285,1.45698,29,141,174,4,0.47516736,0.00032517,-0.01119525,0E-8,0.000000,0.896863,0.000000,0.02195065,2026-06-03,2026-08-03,30,440,303,62,0.483871,1.144100,1.075628,1.583891,,,,,,,,GLOBAL_BASELINE_NO_ENTITY_RANKING,,,NOT_APPLICABLE_GLOBAL_BASELINE,HF9g-P5,,,,X 全窗基线 · 不参与实体赏罚,6879298,688,A168_HF9F_20260827_0900,2026-08-27 09:00:00
2026-07-26,135398611,1384,0,956.5796040592,49.0766927299,49.0766927299,0.5714286,19,19,0.49747872105263158,0.497478721053,0.5533970435859115,0.5533970435831523,0.5533970435859115,-3.6842E-13,ELIGIBLE,R03b_20260811_FULL_v1,L1_ELIGIBILITY,v2026-08-11,2026-03-21..2026-08-06,baccarat_bet02_101_all_pairs_incl_sentinel,round_win = game_pnl > 0 (decisive only),COMPATIBILITY_ONLY_NOT_PRODUCTION,519274.8434,465718.2974,168.8526,6121,6023,-0.00032517,0.01119525,-0.01075540,-0.00032517,-168.8526,519274.8434,OK,0.0000,6.7541,4.0000,96.0000,AG03-UNRESOLVED,ALL5_LEVELS_bet23_to_bet27,6.7541,6.7541,6.7541,8.4426,0.0000,4.000000,4.000000,4.000000,5.000000,0.000000,96.000000,96.000000,96.000000,95.000000,100.000000,5.0,28.7049,26.9321,140.1477,141.9205,PENDING_AG03,FALSE,NOT_FOR_ENFORCEMENT,162.0985,447089.5655,168.8526,162.0985,6.7541,0.00032517,0.00031216,6.7541,162.0985,0.00031216,6.7541,6.7541,6.7541,8.4426,0.0000,162.0985,0.00031216,28.7049,26.9321,140.1477,141.9205,0.00026989,0.00027331,0.00001301,84.8350,77.3233,0.0280,5.6284,0.3838,17309.1614,200.7667,91.2509,79.7578,34.0832,58.2266,102.2495,170.4158,241.2244,332.7233,51.1247,0.0,4.142857,5.714285,1.45698,29,141,174,4,0.47516736,0.00032517,-0.01119525,0E-8,0.000000,0.896863,0.000000,0.02195065,2026-06-03,2026-08-03,30,440,303,62,0.483871,1.144100,1.075628,1.583891,,,,,,,,GLOBAL_BASELINE_NO_ENTITY_RANKING,,,NOT_APPLICABLE_GLOBAL_BASELINE,HF9g-P5,,,,X 全窗基线 · 不参与实体赏罚,6879299,688,A168_HF9F_20260827_0900,2026-08-27 09:00:00
2026-07-26,135398611,2281,0,620.5290301114,194.6431542172,194.6431542172,0.6250000,8,8,0.49324550000000000,0.493245500000,0.7453840200312067,0.7453840200312067,0.7453840200312067,0E-17,ELIGIBLE,R03b_20260811_FULL_v1,L1_ELIGIBILITY,v2026-08-11,2026-03-21..2026-08-06,baccarat_bet02_101_all_pairs_incl_sentinel,round_win = game_pnl > 0 (decisive only),COMPATIBILITY_ONLY_NOT_PRODUCTION,519274.8434,465718.2974,168.8526,6121,6023,-0.00032517,0.01119525,-0.01075540,-0.00032517,-168.8526,519274.8434,OK,0.0000,6.7541,4.0000,96.0000,AG03-UNRESOLVED,ALL5_LEVELS_bet23_to_bet27,6.7541,6.7541,6.7541,8.4426,0.0000,4.000000,4.000000,4.000000,5.000000,0.000000,96.000000,96.000000,96.000000,95.000000,100.000000,5.0,28.7049,26.9321,140.1477,141.9205,PENDING_AG03,FALSE,NOT_FOR_ENFORCEMENT,162.0985,447089.5655,168.8526,162.0985,6.7541,0.00032517,0.00031216,6.7541,162.0985,0.00031216,6.7541,6.7541,6.7541,8.4426,0.0000,162.0985,0.00031216,28.7049,26.9321,140.1477,141.9205,0.00026989,0.00027331,0.00001301,84.8350,77.3233,0.0280,5.6284,0.3838,17309.1614,200.7667,91.2509,79.7578,34.0832,58.2266,102.2495,170.4158,241.2244,332.7233,51.1247,0.0,4.142857,5.714285,1.45698,29,141,174,4,0.47516736,0.00032517,-0.01119525,0E-8,0.000000,0.896863,0.000000,0.02195065,2026-06-03,2026-08-03,30,440,303,62,0.483871,1.144100,1.075628,1.583891,,,,,,,,GLOBAL_BASELINE_NO_ENTITY_RANKING,,,NOT_APPLICABLE_GLOBAL_BASELINE,HF9g-P5,,,,X 全窗基线 · 不参与实体赏罚,6879300,688,A168_HF9F_20260827_0900,2026-08-27 09:00:00
2026-07-26,135398611,550,0,1578.7722508736,-117.4513392117,-117.4513392117,0.4347826,27,27,0.50416825555555556,0.504168255556,-0.6655468722485918,-0.6655468722528597,-0.6655468722485918,-4.4444E-13,ELIGIBLE,R03b_20260811_FULL_v1,L1_ELIGIBILITY,v2026-08-11,2026-03-21..2026-08-06,baccarat_bet02_101_all_pairs_incl_sentinel,round_win = game_pnl > 0 (decisive only),COMPATIBILITY_ONLY_NOT_PRODUCTION,519274.8434,465718.2974,168.8526,6121,6023,-0.00032517,0.01119525,-0.01075540,-0.00032517,-168.8526,519274.8434,OK,0.0000,6.7541,4.0000,96.0000,AG03-UNRESOLVED,ALL5_LEVELS_bet23_to_bet27,6.7541,6.7541,6.7541,8.4426,0.0000,4.000000,4.000000,4.000000,5.000000,0.000000,96.000000,96.000000,96.000000,95.000000,100.000000,5.0,28.7049,26.9321,140.1477,141.9205,PENDING_AG03,FALSE,NOT_FOR_ENFORCEMENT,162.0985,447089.5655,168.8526,162.0985,6.7541,0.00032517,0.00031216,6.7541,162.0985,0.00031216,6.7541,6.7541,6.7541,8.4426,0.0000,162.0985,0.00031216,28.7049,26.9321,140.1477,141.9205,0.00026989,0.00027331,0.00001301,84.8350,77.3233,0.0280,5.6284,0.3838,17309.1614,200.7667,91.2509,79.7578,34.0832,58.2266,102.2495,170.4158,241.2244,332.7233,51.1247,0.0,4.142857,5.714285,1.45698,29,141,174,4,0.47516736,0.00032517,-0.01119525,0E-8,0.000000,0.896863,0.000000,0.02195065,2026-06-03,2026-08-03,30,440,303,62,0.483871,1.144100,1.075628,1.583891,,,,,,,,GLOBAL_BASELINE_NO_ENTITY_RANKING,,,NOT_APPLICABLE_GLOBAL_BASELINE,HF9g-P5,,,,X 全窗基线 · 不参与实体赏罚,6879301,688,A168_HF9F_20260827_0900,2026-08-27 09:00:00
2026-07-27,135398611,-1,1,30319.4144069211,244.1357511224,244.1357511224,0.5142857,118,116,0.49877032470219471,0.497306996552,0.3179718279667221,0.3479652164833047,0.3179718279667221,0.00146332815019471,SENTINEL_DEALER,R03b_20260811_FULL_v1,L1_ELIGIBILITY,v2026-08-11,2026-03-21..2026-08-06,baccarat_bet02_101_all_pairs_incl_sentinel,round_win = game_pnl > 0 (decisive only),COMPATIBILITY_ONLY_NOT_PRODUCTION,519274.8434,465718.2974,168.8526,6121,6023,-0.00032517,0.01119525,-0.01075540,-0.00032517,-168.8526,519274.8434,OK,0.0000,6.7541,4.0000,96.0000,AG03-UNRESOLVED,ALL5_LEVELS_bet23_to_bet27,6.7541,6.7541,6.7541,8.4426,0.0000,4.000000,4.000000,4.000000,5.000000,0.000000,96.000000,96.000000,96.000000,95.000000,100.000000,5.0,28.7049,26.9321,140.1477,141.9205,PENDING_AG03,FALSE,NOT_FOR_ENFORCEMENT,162.0985,447089.5655,168.8526,162.0985,6.7541,0.00032517,0.00031216,6.7541,162.0985,0.00031216,6.7541,6.7541,6.7541,8.4426,0.0000,162.0985,0.00031216,28.7049,26.9321,140.1477,141.9205,0.00026989,0.00027331,0.00001301,84.8350,77.3233,0.0280,5.6284,0.3838,17309.1614,200.7667,91.2509,79.7578,34.0832,58.2266,102.2495,170.4158,241.2244,332.7233,51.1247,0.0,4.142857,5.714285,1.45698,29,141,174,4,0.47516736,0.00032517,-0.01119525,0E-8,0.000000,0.896863,0.000000,0.02195065,2026-06-03,2026-08-03,30,440,303,62,0.483871,1.144100,1.075628,1.583891,,,,,,,,GLOBAL_BASELINE_NO_ENTITY_RANKING,,,NOT_APPLICABLE_GLOBAL_BASELINE,HF9g-P5,,,,X 全窗基线 · 不参与实体赏罚,6879302,688,A168_HF9F_20260827_0900,2026-08-27 09:00:00
2026-07-27,135398611,1157,0,427.5494925970,-265.3468640826,-265.3468640826,0.2000000,5,5,0.50396966000000000,0.503969660000,-1.3594364909357963,-1.3594364909357963,-1.3594364909357963,0E-17,ELIGIBLE,R03b_20260811_FULL_v1,L1_ELIGIBILITY,v2026-08-11,2026-03-21..2026-08-06,baccarat_bet02_101_all_pairs_incl_sentinel,round_win = game_pnl > 0 (decisive only),COMPATIBILITY_ONLY_NOT_PRODUCTION,519274.8434,465718.2974,168.8526,6121,6023,-0.00032517,0.01119525,-0.01075540,-0.00032517,-168.8526,519274.8434,OK,0.0000,6.7541,4.0000,96.0000,AG03-UNRESOLVED,ALL5_LEVELS_bet23_to_bet27,6.7541,6.7541,6.7541,8.4426,0.0000,4.000000,4.000000,4.000000,5.000000,0.000000,96.000000,96.000000,96.000000,95.000000,100.000000,5.0,28.7049,26.9321,140.1477,141.9205,PENDING_AG03,FALSE,NOT_FOR_ENFORCEMENT,162.0985,447089.5655,168.8526,162.0985,6.7541,0.00032517,0.00031216,6.7541,162.0985,0.00031216,6.7541,6.7541,6.7541,8.4426,0.0000,162.0985,0.00031216,28.7049,26.9321,140.1477,141.9205,0.00026989,0.00027331,0.00001301,84.8350,77.3233,0.0280,5.6284,0.3838,17309.1614,200.7667,91.2509,79.7578,34.0832,58.2266,102.2495,170.4158,241.2244,332.7233,51.1247,0.0,4.142857,5.714285,1.45698,29,141,174,4,0.47516736,0.00032517,-0.01119525,0E-8,0.000000,0.896863,0.000000,0.02195065,2026-06-03,2026-08-03,30,440,303,62,0.483871,1.144100,1.075628,1.583891,,,,,,,,GLOBAL_BASELINE_NO_ENTITY_RANKING,,,NOT_APPLICABLE_GLOBAL_BASELINE,HF9g-P5,,,,X 全窗基线 · 不参与实体赏罚,6879303,688,A168_HF9F_20260827_0900,2026-08-27 09:00:00
2026-07-27,135398611,1330,0,365.9956745966,-138.9119946765,-138.9119946765,0.3333333,3,3,0.50665070000000000,0.506650700000,-0.6004420894325239,-0.6004420894325239,-0.6004420894325239,0E-17,ELIGIBLE,R03b_20260811_FULL_v1,L1_ELIGIBILITY,v2026-08-11,2026-03-21..2026-08-06,baccarat_bet02_101_all_pairs_incl_sentinel,round_win = game_pnl > 0 (decisive only),COMPATIBILITY_ONLY_NOT_PRODUCTION,519274.8434,465718.2974,168.8526,6121,6023,-0.00032517,0.01119525,-0.01075540,-0.00032517,-168.8526,519274.8434,OK,0.0000,6.7541,4.0000,96.0000,AG03-UNRESOLVED,ALL5_LEVELS_bet23_to_bet27,6.7541,6.7541,6.7541,8.4426,0.0000,4.000000,4.000000,4.000000,5.000000,0.000000,96.000000,96.000000,96.000000,95.000000,100.000000,5.0,28.7049,26.9321,140.1477,141.9205,PENDING_AG03,FALSE,NOT_FOR_ENFORCEMENT,162.0985,447089.5655,168.8526,162.0985,6.7541,0.00032517,0.00031216,6.7541,162.0985,0.00031216,6.7541,6.7541,6.7541,8.4426,0.0000,162.0985,0.00031216,28.7049,26.9321,140.1477,141.9205,0.00026989,0.00027331,0.00001301,84.8350,77.3233,0.0280,5.6284,0.3838,17309.1614,200.7667,91.2509,79.7578,34.0832,58.2266,102.2495,170.4158,241.2244,332.7233,51.1247,0.0,4.142857,5.714285,1.45698,29,141,174,4,0.47516736,0.00032517,-0.01119525,0E-8,0.000000,0.896863,0.000000,0.02195065,2026-06-03,2026-08-03,30,440,303,62,0.483871,1.144100,1.075628,1.583891,,,,,,,,GLOBAL_BASELINE_NO_ENTITY_RANKING,,,NOT_APPLICABLE_GLOBAL_BASELINE,HF9g-P5,,,,X 全窗基线 · 不参与实体赏罚,6879304,688,A168_HF9F_20260827_0900,2026-08-27 09:00:00
2026-07-27,135398611,1505,0,1269.3395441691,-482.4488437864,-482.4488437864,0.3333333,6,6,0.49994810000000000,0.499948100000,-0.8162423282897021,-0.8162423282897021,-0.8162423282897021,0E-17,ELIGIBLE,R03b_20260811_FULL_v1,L1_ELIGIBILITY,v2026-08-11,2026-03-21..2026-08-06,baccarat_bet02_101_all_pairs_incl_sentinel,round_win = game_pnl > 0 (decisive only),COMPATIBILITY_ONLY_NOT_PRODUCTION,519274.8434,465718.2974,168.8526,6121,6023,-0.00032517,0.01119525,-0.01075540,-0.00032517,-168.8526,519274.8434,OK,0.0000,6.7541,4.0000,96.0000,AG03-UNRESOLVED,ALL5_LEVELS_bet23_to_bet27,6.7541,6.7541,6.7541,8.4426,0.0000,4.000000,4.000000,4.000000,5.000000,0.000000,96.000000,96.000000,96.000000,95.000000,100.000000,5.0,28.7049,26.9321,140.1477,141.9205,PENDING_AG03,FALSE,NOT_FOR_ENFORCEMENT,162.0985,447089.5655,168.8526,162.0985,6.7541,0.00032517,0.00031216,6.7541,162.0985,0.00031216,6.7541,6.7541,6.7541,8.4426,0.0000,162.0985,0.00031216,28.7049,26.9321,140.1477,141.9205,0.00026989,0.00027331,0.00001301,84.8350,77.3233,0.0280,5.6284,0.3838,17309.1614,200.7667,91.2509,79.7578,34.0832,58.2266,102.2495,170.4158,241.2244,332.7233,51.1247,0.0,4.142857,5.714285,1.45698,29,141,174,4,0.47516736,0.00032517,-0.01119525,0E-8,0.000000,0.896863,0.000000,0.02195065,2026-06-03,2026-08-03,30,440,303,62,0.483871,1.144100,1.075628,1.583891,,,,,,,,GLOBAL_BASELINE_NO_ENTITY_RANKING,,,NOT_APPLICABLE_GLOBAL_BASELINE,HF9g-P5,,,,X 全窗基线 · 不参与实体赏罚,6879305,688,A168_HF9F_20260827_0900,2026-08-27 09:00:00
2026-07-27,135398611,2088,0,9906.8374646479,-2382.2991182833,-2382.2991182833,0.4545455,24,24,0.50162375000000000,0.501623750000,-0.44163588670000276,-0.4416358867000027,-0.44163588670000276,0E-17,ELIGIBLE,R03b_20260811_FULL_v1,L1_ELIGIBILITY,v2026-08-11,2026-03-21..2026-08-06,baccarat_bet02_101_all_pairs_incl_sentinel,round_win = game_pnl > 0 (decisive only),COMPATIBILITY_ONLY_NOT_PRODUCTION,519274.8434,465718.2974,168.8526,6121,6023,-0.00032517,0.01119525,-0.01075540,-0.00032517,-168.8526,519274.8434,OK,0.0000,6.7541,4.0000,96.0000,AG03-UNRESOLVED,ALL5_LEVELS_bet23_to_bet27,6.7541,6.7541,6.7541,8.4426,0.0000,4.000000,4.000000,4.000000,5.000000,0.000000,96.000000,96.000000,96.000000,95.000000,100.000000,5.0,28.7049,26.9321,140.1477,141.9205,PENDING_AG03,FALSE,NOT_FOR_ENFORCEMENT,162.0985,447089.5655,168.8526,162.0985,6.7541,0.00032517,0.00031216,6.7541,162.0985,0.00031216,6.7541,6.7541,6.7541,8.4426,0.0000,162.0985,0.00031216,28.7049,26.9321,140.1477,141.9205,0.00026989,0.00027331,0.00001301,84.8350,77.3233,0.0280,5.6284,0.3838,17309.1614,200.7667,91.2509,79.7578,34.0832,58.2266,102.2495,170.4158,241.2244,332.7233,51.1247,0.0,4.142857,5.714285,1.45698,29,141,174,4,0.47516736,0.00032517,-0.01119525,0E-8,0.000000,0.896863,0.000000,0.02195065,2026-06-03,2026-08-03,30,440,303,62,0.483871,1.144100,1.075628,1.583891,,,,,,,,GLOBAL_BASELINE_NO_ENTITY_RANKING,,,NOT_APPLICABLE_GLOBAL_BASELINE,HF9g-P5,,,,X 全窗基线 · 不参与实体赏罚,6879306,688,A168_HF9F_20260827_0900,2026-08-27 09:00:00
2026-07-27,135398611,2115,0,3175.8442854770,-349.7754117453,-349.7754117453,0.3461538,28,28,0.49899058571428571,0.498990585714,-1.55863821107496,-1.558638211072048,-1.55863821107496,2.8571E-13,ELIGIBLE,R03b_20260811_FULL_v1,L1_ELIGIBILITY,v2026-08-11,2026-03-21..2026-08-06,baccarat_bet02_101_all_pairs_incl_sentinel,round_win = game_pnl > 0 (decisive only),COMPATIBILITY_ONLY_NOT_PRODUCTION,519274.8434,465718.2974,168.8526,6121,6023,-0.00032517,0.01119525,-0.01075540,-0.00032517,-168.8526,519274.8434,OK,0.0000,6.7541,4.0000,96.0000,AG03-UNRESOLVED,ALL5_LEVELS_bet23_to_bet27,6.7541,6.7541,6.7541,8.4426,0.0000,4.000000,4.000000,4.000000,5.000000,0.000000,96.000000,96.000000,96.000000,95.000000,100.000000,5.0,28.7049,26.9321,140.1477,141.9205,PENDING_AG03,FALSE,NOT_FOR_ENFORCEMENT,162.0985,447089.5655,168.8526,162.0985,6.7541,0.00032517,0.00031216,6.7541,162.0985,0.00031216,6.7541,6.7541,6.7541,8.4426,0.0000,162.0985,0.00031216,28.7049,26.9321,140.1477,141.9205,0.00026989,0.00027331,0.00001301,84.8350,77.3233,0.0280,5.6284,0.3838,17309.1614,200.7667,91.2509,79.7578,34.0832,58.2266,102.2495,170.4158,241.2244,332.7233,51.1247,0.0,4.142857,5.714285,1.45698,29,141,174,4,0.47516736,0.00032517,-0.01119525,0E-8,0.000000,0.896863,0.000000,0.02195065,2026-06-03,2026-08-03,30,440,303,62,0.483871,1.144100,1.075628,1.583891,,,,,,,,GLOBAL_BASELINE_NO_ENTITY_RANKING,,,NOT_APPLICABLE_GLOBAL_BASELINE,HF9g-P5,,,,X 全窗基线 · 不参与实体赏罚,6879307,688,A168_HF9F_20260827_0900,2026-08-27 09:00:00
2026-07-27,135398611,2123,0,415.9041756780,-332.7233405424,-332.7233405424,0E-7,3,3,0.49771390000000000,0.497713900000,-1.4077622098436522,-1.4077622098436524,-1.4077622098436522,0E-17,ELIGIBLE,R03b_20260811_FULL_v1,L1_ELIGIBILITY,v2026-08-11,2026-03-21..2026-08-06,baccarat_bet02_101_all_pairs_incl_sentinel,round_win = game_pnl > 0 (decisive only),COMPATIBILITY_ONLY_NOT_PRODUCTION,519274.8434,465718.2974,168.8526,6121,6023,-0.00032517,0.01119525,-0.01075540,-0.00032517,-168.8526,519274.8434,OK,0.0000,6.7541,4.0000,96.0000,AG03-UNRESOLVED,ALL5_LEVELS_bet23_to_bet27,6.7541,6.7541,6.7541,8.4426,0.0000,4.000000,4.000000,4.000000,5.000000,0.000000,96.000000,96.000000,96.000000,95.000000,100.000000,5.0,28.7049,26.9321,140.1477,141.9205,PENDING_AG03,FALSE,NOT_FOR_ENFORCEMENT,162.0985,447089.5655,168.8526,162.0985,6.7541,0.00032517,0.00031216,6.7541,162.0985,0.00031216,6.7541,6.7541,6.7541,8.4426,0.0000,162.0985,0.00031216,28.7049,26.9321,140.1477,141.9205,0.00026989,0.00027331,0.00001301,84.8350,77.3233,0.0280,5.6284,0.3838,17309.1614,200.7667,91.2509,79.7578,34.0832,58.2266,102.2495,170.4158,241.2244,332.7233,51.1247,0.0,4.142857,5.714285,1.45698,29,141,174,4,0.47516736,0.00032517,-0.01119525,0E-8,0.000000,0.896863,0.000000,0.02195065,2026-06-03,2026-08-03,30,440,303,62,0.483871,1.144100,1.075628,1.583891,,,,,,,,GLOBAL_BASELINE_NO_ENTITY_RANKING,,,NOT_APPLICABLE_GLOBAL_BASELINE,HF9g-P5,,,,X 全窗基线 · 不参与实体赏罚,6879308,688,A168_HF9F_20260827_0900,2026-08-27 09:00:00
2026-07-27,135398611,2271,0,5639.6606221932,465.8126767590,465.8126767590,0.5000000,31,31,0.49929946129032258,0.499299461290,0.007413812115048768,0.007413812118462643,0.007413812115048768,3.2258E-13,ELIGIBLE,R03b_20260811_FULL_v1,L1_ELIGIBILITY,v2026-08-11,2026-03-21..2026-08-06,baccarat_bet02_101_all_pairs_incl_sentinel,round_win = game_pnl > 0 (decisive only),COMPATIBILITY_ONLY_NOT_PRODUCTION,519274.8434,465718.2974,168.8526,6121,6023,-0.00032517,0.01119525,-0.01075540,-0.00032517,-168.8526,519274.8434,OK,0.0000,6.7541,4.0000,96.0000,AG03-UNRESOLVED,ALL5_LEVELS_bet23_to_bet27,6.7541,6.7541,6.7541,8.4426,0.0000,4.000000,4.000000,4.000000,5.000000,0.000000,96.000000,96.000000,96.000000,95.000000,100.000000,5.0,28.7049,26.9321,140.1477,141.9205,PENDING_AG03,FALSE,NOT_FOR_ENFORCEMENT,162.0985,447089.5655,168.8526,162.0985,6.7541,0.00032517,0.00031216,6.7541,162.0985,0.00031216,6.7541,6.7541,6.7541,8.4426,0.0000,162.0985,0.00031216,28.7049,26.9321,140.1477,141.9205,0.00026989,0.00027331,0.00001301,84.8350,77.3233,0.0280,5.6284,0.3838,17309.1614,200.7667,91.2509,79.7578,34.0832,58.2266,102.2495,170.4158,241.2244,332.7233,51.1247,0.0,4.142857,5.714285,1.45698,29,141,174,4,0.47516736,0.00032517,-0.01119525,0E-8,0.000000,0.896863,0.000000,0.02195065,2026-06-03,2026-08-03,30,440,303,62,0.483871,1.144100,1.075628,1.583891,,,,,,,,GLOBAL_BASELINE_NO_ENTITY_RANKING,,,NOT_APPLICABLE_GLOBAL_BASELINE,HF9g-P5,,,,X 全窗基线 · 不参与实体赏罚,6879309,688,A168_HF9F_20260827_0900,2026-08-27 09:00:00
2026-07-27,135398611,2281,0,6581.2676759275,-3769.7554483448,-3769.7554483448,0.2000000,20,20,0.50061836000000000,0.500618360000,-2.6888144092178363,-2.6888144092178363,-2.6888144092178363,0E-17,ELIGIBLE,R03b_20260811_FULL_v1,L1_ELIGIBILITY,v2026-08-11,2026-03-21..2026-08-06,baccarat_bet02_101_all_pairs_incl_sentinel,round_win = game_pnl > 0 (decisive only),COMPATIBILITY_ONLY_NOT_PRODUCTION,519274.8434,465718.2974,168.8526,6121,6023,-0.00032517,0.01119525,-0.01075540,-0.00032517,-168.8526,519274.8434,OK,0.0000,6.7541,4.0000,96.0000,AG03-UNRESOLVED,ALL5_LEVELS_bet23_to_bet27,6.7541,6.7541,6.7541,8.4426,0.0000,4.000000,4.000000,4.000000,5.000000,0.000000,96.000000,96.000000,96.000000,95.000000,100.000000,5.0,28.7049,26.9321,140.1477,141.9205,PENDING_AG03,FALSE,NOT_FOR_ENFORCEMENT,162.0985,447089.5655,168.8526,162.0985,6.7541,0.00032517,0.00031216,6.7541,162.0985,0.00031216,6.7541,6.7541,6.7541,8.4426,0.0000,162.0985,0.00031216,28.7049,26.9321,140.1477,141.9205,0.00026989,0.00027331,0.00001301,84.8350,77.3233,0.0280,5.6284,0.3838,17309.1614,200.7667,91.2509,79.7578,34.0832,58.2266,102.2495,170.4158,241.2244,332.7233,51.1247,0.0,4.142857,5.714285,1.45698,29,141,174,4,0.47516736,0.00032517,-0.01119525,0E-8,0.000000,0.896863,0.000000,0.02195065,2026-06-03,2026-08-03,30,440,303,62,0.483871,1.144100,1.075628,1.583891,,,,,,,,GLOBAL_BASELINE_NO_ENTITY_RANKING,,,NOT_APPLICABLE_GLOBAL_BASELINE,HF9g-P5,,,,X 全窗基线 · 不参与实体赏罚,6879310,688,A168_HF9F_20260827_0900,2026-08-27 09:00:00
2026-07-27,135398611,595,0,499.0850108136,-12.4771252704,-12.4771252704,0.5000000,4,4,0.50329940000000000,0.503299400000,-0.01319788734859681,-0.01319788734859681,-0.01319788734859681,0E-17,ELIGIBLE,R03b_20260811_FULL_v1,L1_ELIGIBILITY,v2026-08-11,2026-03-21..2026-08-06,baccarat_bet02_101_all_pairs_incl_sentinel,round_win = game_pnl > 0 (decisive only),COMPATIBILITY_ONLY_NOT_PRODUCTION,519274.8434,465718.2974,168.8526,6121,6023,-0.00032517,0.01119525,-0.01075540,-0.00032517,-168.8526,519274.8434,OK,0.0000,6.7541,4.0000,96.0000,AG03-UNRESOLVED,ALL5_LEVELS_bet23_to_bet27,6.7541,6.7541,6.7541,8.4426,0.0000,4.000000,4.000000,4.000000,5.000000,0.000000,96.000000,96.000000,96.000000,95.000000,100.000000,5.0,28.7049,26.9321,140.1477,141.9205,PENDING_AG03,FALSE,NOT_FOR_ENFORCEMENT,162.0985,447089.5655,168.8526,162.0985,6.7541,0.00032517,0.00031216,6.7541,162.0985,0.00031216,6.7541,6.7541,6.7541,8.4426,0.0000,162.0985,0.00031216,28.7049,26.9321,140.1477,141.9205,0.00026989,0.00027331,0.00001301,84.8350,77.3233,0.0280,5.6284,0.3838,17309.1614,200.7667,91.2509,79.7578,34.0832,58.2266,102.2495,170.4158,241.2244,332.7233,51.1247,0.0,4.142857,5.714285,1.45698,29,141,174,4,0.47516736,0.00032517,-0.01119525,0E-8,0.000000,0.896863,0.000000,0.02195065,2026-06-03,2026-08-03,30,440,303,62,0.483871,1.144100,1.075628,1.583891,,,,,,,,GLOBAL_BASELINE_NO_ENTITY_RANKING,,,NOT_APPLICABLE_GLOBAL_BASELINE,HF9g-P5,,,,X 全窗基线 · 不参与实体赏罚,6879311,688,A168_HF9F_20260827_0900,2026-08-27 09:00:00
2026-07-27,135398611,986,0,3939.4443520217,-653.8013641660,-653.8013641660,0.3809524,23,23,0.49849101304347826,0.498491013043,-1.0772642632403677,-1.0772642632359875,-1.0772642632403677,4.7826E-13,ELIGIBLE,R03b_20260811_FULL_v1,L1_ELIGIBILITY,v2026-08-11,2026-03-21..2026-08-06,baccarat_bet02_101_all_pairs_incl_sentinel,round_win = game_pnl > 0 (decisive only),COMPATIBILITY_ONLY_NOT_PRODUCTION,519274.8434,465718.2974,168.8526,6121,6023,-0.00032517,0.01119525,-0.01075540,-0.00032517,-168.8526,519274.8434,OK,0.0000,6.7541,4.0000,96.0000,AG03-UNRESOLVED,ALL5_LEVELS_bet23_to_bet27,6.7541,6.7541,6.7541,8.4426,0.0000,4.000000,4.000000,4.000000,5.000000,0.000000,96.000000,96.000000,96.000000,95.000000,100.000000,5.0,28.7049,26.9321,140.1477,141.9205,PENDING_AG03,FALSE,NOT_FOR_ENFORCEMENT,162.0985,447089.5655,168.8526,162.0985,6.7541,0.00032517,0.00031216,6.7541,162.0985,0.00031216,6.7541,6.7541,6.7541,8.4426,0.0000,162.0985,0.00031216,28.7049,26.9321,140.1477,141.9205,0.00026989,0.00027331,0.00001301,84.8350,77.3233,0.0280,5.6284,0.3838,17309.1614,200.7667,91.2509,79.7578,34.0832,58.2266,102.2495,170.4158,241.2244,332.7233,51.1247,0.0,4.142857,5.714285,1.45698,29,141,174,4,0.47516736,0.00032517,-0.01119525,0E-8,0.000000,0.896863,0.000000,0.02195065,2026-06-03,2026-08-03,30,440,303,62,0.483871,1.144100,1.075628,1.583891,,,,,,,,GLOBAL_BASELINE_NO_ENTITY_RANKING,,,NOT_APPLICABLE_GLOBAL_BASELINE,HF9g-P5,,,,X 全窗基线 · 不参与实体赏罚,6879312,688,A168_HF9F_20260827_0900,2026-08-27 09:00:00
2026-07-28,135398611,-1,1,10078.1899850285,1041.0913325567,1041.0913325567,0.5465116,93,93,0.49944360322580645,0.499443603226,0.8729823489708253,0.8729823489672353,0.8729823489708253,-1.9355E-13,SENTINEL_DEALER,R03b_20260811_FULL_v1,L1_ELIGIBILITY,v2026-08-11,2026-03-21..2026-08-06,baccarat_bet02_101_all_pairs_incl_sentinel,round_win = game_pnl > 0 (decisive only),COMPATIBILITY_ONLY_NOT_PRODUCTION,519274.8434,465718.2974,168.8526,6121,6023,-0.00032517,0.01119525,-0.01075540,-0.00032517,-168.8526,519274.8434,OK,0.0000,6.7541,4.0000,96.0000,AG03-UNRESOLVED,ALL5_LEVELS_bet23_to_bet27,6.7541,6.7541,6.7541,8.4426,0.0000,4.000000,4.000000,4.000000,5.000000,0.000000,96.000000,96.000000,96.000000,95.000000,100.000000,5.0,28.7049,26.9321,140.1477,141.9205,PENDING_AG03,FALSE,NOT_FOR_ENFORCEMENT,162.0985,447089.5655,168.8526,162.0985,6.7541,0.00032517,0.00031216,6.7541,162.0985,0.00031216,6.7541,6.7541,6.7541,8.4426,0.0000,162.0985,0.00031216,28.7049,26.9321,140.1477,141.9205,0.00026989,0.00027331,0.00001301,84.8350,77.3233,0.0280,5.6284,0.3838,17309.1614,200.7667,91.2509,79.7578,34.0832,58.2266,102.2495,170.4158,241.2244,332.7233,51.1247,0.0,4.142857,5.714285,1.45698,29,141,174,4,0.47516736,0.00032517,-0.01119525,0E-8,0.000000,0.896863,0.000000,0.02195065,2026-06-03,2026-08-03,30,440,303,62,0.483871,1.144100,1.075628,1.583891,,,,,,,,GLOBAL_BASELINE_NO_ENTITY_RANKING,,,NOT_APPLICABLE_GLOBAL_BASELINE,HF9g-P5,,,,X 全窗基线 · 不参与实体赏罚,6879313,688,A168_HF9F_20260827_0900,2026-08-27 09:00:00
2026-07-28,135398611,1017,0,969.8885376810,238.7289968391,238.7289968391,0.7000000,10,10,0.50262914000000000,0.502629140000,1.2483001802549918,1.2483001802549918,1.2483001802549918,0E-17,ELIGIBLE,R03b_20260811_FULL_v1,L1_ELIGIBILITY,v2026-08-11,2026-03-21..2026-08-06,baccarat_bet02_101_all_pairs_incl_sentinel,round_win = game_pnl > 0 (decisive only),COMPATIBILITY_ONLY_NOT_PRODUCTION,519274.8434,465718.2974,168.8526,6121,6023,-0.00032517,0.01119525,-0.01075540,-0.00032517,-168.8526,519274.8434,OK,0.0000,6.7541,4.0000,96.0000,AG03-UNRESOLVED,ALL5_LEVELS_bet23_to_bet27,6.7541,6.7541,6.7541,8.4426,0.0000,4.000000,4.000000,4.000000,5.000000,0.000000,96.000000,96.000000,96.000000,95.000000,100.000000,5.0,28.7049,26.9321,140.1477,141.9205,PENDING_AG03,FALSE,NOT_FOR_ENFORCEMENT,162.0985,447089.5655,168.8526,162.0985,6.7541,0.00032517,0.00031216,6.7541,162.0985,0.00031216,6.7541,6.7541,6.7541,8.4426,0.0000,162.0985,0.00031216,28.7049,26.9321,140.1477,141.9205,0.00026989,0.00027331,0.00001301,84.8350,77.3233,0.0280,5.6284,0.3838,17309.1614,200.7667,91.2509,79.7578,34.0832,58.2266,102.2495,170.4158,241.2244,332.7233,51.1247,0.0,4.142857,5.714285,1.45698,29,141,174,4,0.47516736,0.00032517,-0.01119525,0E-8,0.000000,0.896863,0.000000,0.02195065,2026-06-03,2026-08-03,30,440,303,62,0.483871,1.144100,1.075628,1.583891,,,,,,,,GLOBAL_BASELINE_NO_ENTITY_RANKING,,,NOT_APPLICABLE_GLOBAL_BASELINE,HF9g-P5,,,,X 全窗基线 · 不参与实体赏罚,6879314,688,A168_HF9F_20260827_0900,2026-08-27 09:00:00
2026-07-28,135398611,1304,0,505.7394776244,-116.4531691899,-116.4531691899,0.4000000,5,5,0.50128862000000000,0.501288620000,-0.4529779837142727,-0.4529779837142727,-0.4529779837142727,0E-17,ELIGIBLE,R03b_20260811_FULL_v1,L1_ELIGIBILITY,v2026-08-11,2026-03-21..2026-08-06,baccarat_bet02_101_all_pairs_incl_sentinel,round_win = game_pnl > 0 (decisive only),COMPATIBILITY_ONLY_NOT_PRODUCTION,519274.8434,465718.2974,168.8526,6121,6023,-0.00032517,0.01119525,-0.01075540,-0.00032517,-168.8526,519274.8434,OK,0.0000,6.7541,4.0000,96.0000,AG03-UNRESOLVED,ALL5_LEVELS_bet23_to_bet27,6.7541,6.7541,6.7541,8.4426,0.0000,4.000000,4.000000,4.000000,5.000000,0.000000,96.000000,96.000000,96.000000,95.000000,100.000000,5.0,28.7049,26.9321,140.1477,141.9205,PENDING_AG03,FALSE,NOT_FOR_ENFORCEMENT,162.0985,447089.5655,168.8526,162.0985,6.7541,0.00032517,0.00031216,6.7541,162.0985,0.00031216,6.7541,6.7541,6.7541,8.4426,0.0000,162.0985,0.00031216,28.7049,26.9321,140.1477,141.9205,0.00026989,0.00027331,0.00001301,84.8350,77.3233,0.0280,5.6284,0.3838,17309.1614,200.7667,91.2509,79.7578,34.0832,58.2266,102.2495,170.4158,241.2244,332.7233,51.1247,0.0,4.142857,5.714285,1.45698,29,141,174,4,0.47516736,0.00032517,-0.01119525,0E-8,0.000000,0.896863,0.000000,0.02195065,2026-06-03,2026-08-03,30,440,303,62,0.483871,1.144100,1.075628,1.583891,,,,,,,,GLOBAL_BASELINE_NO_ENTITY_RANKING,,,NOT_APPLICABLE_GLOBAL_BASELINE,HF9g-P5,,,,X 全窗基线 · 不参与实体赏罚,6879315,688,A168_HF9F_20260827_0900,2026-08-27 09:00:00
2026-07-28,135398611,1353,0,83.1808351356,-83.1808351356,-83.1808351356,0E-7,1,1,0.49324550000000000,0.493245500000,-0.9865810262130424,-0.9865810262130424,-0.9865810262130424,0E-17,ELIGIBLE,R03b_20260811_FULL_v1,L1_ELIGIBILITY,v2026-08-11,2026-03-21..2026-08-06,baccarat_bet02_101_all_pairs_incl_sentinel,round_win = game_pnl > 0 (decisive only),COMPATIBILITY_ONLY_NOT_PRODUCTION,519274.8434,465718.2974,168.8526,6121,6023,-0.00032517,0.01119525,-0.01075540,-0.00032517,-168.8526,519274.8434,OK,0.0000,6.7541,4.0000,96.0000,AG03-UNRESOLVED,ALL5_LEVELS_bet23_to_bet27,6.7541,6.7541,6.7541,8.4426,0.0000,4.000000,4.000000,4.000000,5.000000,0.000000,96.000000,96.000000,96.000000,95.000000,100.000000,5.0,28.7049,26.9321,140.1477,141.9205,PENDING_AG03,FALSE,NOT_FOR_ENFORCEMENT,162.0985,447089.5655,168.8526,162.0985,6.7541,0.00032517,0.00031216,6.7541,162.0985,0.00031216,6.7541,6.7541,6.7541,8.4426,0.0000,162.0985,0.00031216,28.7049,26.9321,140.1477,141.9205,0.00026989,0.00027331,0.00001301,84.8350,77.3233,0.0280,5.6284,0.3838,17309.1614,200.7667,91.2509,79.7578,34.0832,58.2266,102.2495,170.4158,241.2244,332.7233,51.1247,0.0,4.142857,5.714285,1.45698,29,141,174,4,0.47516736,0.00032517,-0.01119525,0E-8,0.000000,0.896863,0.000000,0.02195065,2026-06-03,2026-08-03,30,440,303,62,0.483871,1.144100,1.075628,1.583891,,,,,,,,GLOBAL_BASELINE_NO_ENTITY_RANKING,,,NOT_APPLICABLE_GLOBAL_BASELINE,HF9g-P5,,,,X 全窗基线 · 不参与实体赏罚,6879316,688,A168_HF9F_20260827_0900,2026-08-27 09:00:00
2026-07-28,135398611,1382,0,2864.7479620696,-651.8882049575,-651.8882049575,0.5000000,17,17,0.50428507647058824,0.504285076471,-0.032067753728274695,-0.03206775373135637,-0.032067753728274695,-4.1176E-13,ELIGIBLE,R03b_20260811_FULL_v1,L1_ELIGIBILITY,v2026-08-11,2026-03-21..2026-08-06,baccarat_bet02_101_all_pairs_incl_sentinel,round_win = game_pnl > 0 (decisive only),COMPATIBILITY_ONLY_NOT_PRODUCTION,519274.8434,465718.2974,168.8526,6121,6023,-0.00032517,0.01119525,-0.01075540,-0.00032517,-168.8526,519274.8434,OK,0.0000,6.7541,4.0000,96.0000,AG03-UNRESOLVED,ALL5_LEVELS_bet23_to_bet27,6.7541,6.7541,6.7541,8.4426,0.0000,4.000000,4.000000,4.000000,5.000000,0.000000,96.000000,96.000000,96.000000,95.000000,100.000000,5.0,28.7049,26.9321,140.1477,141.9205,PENDING_AG03,FALSE,NOT_FOR_ENFORCEMENT,162.0985,447089.5655,168.8526,162.0985,6.7541,0.00032517,0.00031216,6.7541,162.0985,0.00031216,6.7541,6.7541,6.7541,8.4426,0.0000,162.0985,0.00031216,28.7049,26.9321,140.1477,141.9205,0.00026989,0.00027331,0.00001301,84.8350,77.3233,0.0280,5.6284,0.3838,17309.1614,200.7667,91.2509,79.7578,34.0832,58.2266,102.2495,170.4158,241.2244,332.7233,51.1247,0.0,4.142857,5.714285,1.45698,29,141,174,4,0.47516736,0.00032517,-0.01119525,0E-8,0.000000,0.896863,0.000000,0.02195065,2026-06-03,2026-08-03,30,440,303,62,0.483871,1.144100,1.075628,1.583891,,,,,,,,GLOBAL_BASELINE_NO_ENTITY_RANKING,,,NOT_APPLICABLE_GLOBAL_BASELINE,HF9g-P5,,,,X 全窗基线 · 不参与实体赏罚,6879317,688,A168_HF9F_20260827_0900,2026-08-27 09:00:00
2026-07-28,135398611,1509,0,166.3616702712,-166.3616702712,-166.3616702712,0E-7,2,2,0.49324550000000000,0.493245500000,-1.3952362676504506,-1.3952362676504506,-1.3952362676504506,0E-17,ELIGIBLE,R03b_20260811_FULL_v1,L1_ELIGIBILITY,v2026-08-11,2026-03-21..2026-08-06,baccarat_bet02_101_all_pairs_incl_sentinel,round_win = game_pnl > 0 (decisive only),COMPATIBILITY_ONLY_NOT_PRODUCTION,519274.8434,465718.2974,168.8526,6121,6023,-0.00032517,0.01119525,-0.01075540,-0.00032517,-168.8526,519274.8434,OK,0.0000,6.7541,4.0000,96.0000,AG03-UNRESOLVED,ALL5_LEVELS_bet23_to_bet27,6.7541,6.7541,6.7541,8.4426,0.0000,4.000000,4.000000,4.000000,5.000000,0.000000,96.000000,96.000000,96.000000,95.000000,100.000000,5.0,28.7049,26.9321,140.1477,141.9205,PENDING_AG03,FALSE,NOT_FOR_ENFORCEMENT,162.0985,447089.5655,168.8526,162.0985,6.7541,0.00032517,0.00031216,6.7541,162.0985,0.00031216,6.7541,6.7541,6.7541,8.4426,0.0000,162.0985,0.00031216,28.7049,26.9321,140.1477,141.9205,0.00026989,0.00027331,0.00001301,84.8350,77.3233,0.0280,5.6284,0.3838,17309.1614,200.7667,91.2509,79.7578,34.0832,58.2266,102.2495,170.4158,241.2244,332.7233,51.1247,0.0,4.142857,5.714285,1.45698,29,141,174,4,0.47516736,0.00032517,-0.01119525,0E-8,0.000000,0.896863,0.000000,0.02195065,2026-06-03,2026-08-03,30,440,303,62,0.483871,1.144100,1.075628,1.583891,,,,,,,,GLOBAL_BASELINE_NO_ENTITY_RANKING,,,NOT_APPLICABLE_GLOBAL_BASELINE,HF9g-P5,,,,X 全窗基线 · 不参与实体赏罚,6879318,688,A168_HF9F_20260827_0900,2026-08-27 09:00:00
2026-07-28,135398611,1654,0,2325.7361503912,-24.9542505408,-24.9542505408,0.5384615,17,17,0.49955382941176471,0.499553829412,0.2805675916837768,0.28056759168207995,0.2805675916837768,-2.3529E-13,ELIGIBLE,R03b_20260811_FULL_v1,L1_ELIGIBILITY,v2026-08-11,2026-03-21..2026-08-06,baccarat_bet02_101_all_pairs_incl_sentinel,round_win = game_pnl > 0 (decisive only),COMPATIBILITY_ONLY_NOT_PRODUCTION,519274.8434,465718.2974,168.8526,6121,6023,-0.00032517,0.01119525,-0.01075540,-0.00032517,-168.8526,519274.8434,OK,0.0000,6.7541,4.0000,96.0000,AG03-UNRESOLVED,ALL5_LEVELS_bet23_to_bet27,6.7541,6.7541,6.7541,8.4426,0.0000,4.000000,4.000000,4.000000,5.000000,0.000000,96.000000,96.000000,96.000000,95.000000,100.000000,5.0,28.7049,26.9321,140.1477,141.9205,PENDING_AG03,FALSE,NOT_FOR_ENFORCEMENT,162.0985,447089.5655,168.8526,162.0985,6.7541,0.00032517,0.00031216,6.7541,162.0985,0.00031216,6.7541,6.7541,6.7541,8.4426,0.0000,162.0985,0.00031216,28.7049,26.9321,140.1477,141.9205,0.00026989,0.00027331,0.00001301,84.8350,77.3233,0.0280,5.6284,0.3838,17309.1614,200.7667,91.2509,79.7578,34.0832,58.2266,102.2495,170.4158,241.2244,332.7233,51.1247,0.0,4.142857,5.714285,1.45698,29,141,174,4,0.47516736,0.00032517,-0.01119525,0E-8,0.000000,0.896863,0.000000,0.02195065,2026-06-03,2026-08-03,30,440,303,62,0.483871,1.144100,1.075628,1.583891,,,,,,,,GLOBAL_BASELINE_NO_ENTITY_RANKING,,,NOT_APPLICABLE_GLOBAL_BASELINE,HF9g-P5,,,,X 全窗基线 · 不参与实体赏罚,6879319,688,A168_HF9F_20260827_0900,2026-08-27 09:00:00
2026-07-28,135398611,1947,0,166.3616702712,83.1808351356,83.1808351356,1.0000000,2,2,0.49324550000000000,0.493245500000,1.01360149184955,1.01360149184955,1.01360149184955,0E-17,ELIGIBLE,R03b_20260811_FULL_v1,L1_ELIGIBILITY,v2026-08-11,2026-03-21..2026-08-06,baccarat_bet02_101_all_pairs_incl_sentinel,round_win = game_pnl > 0 (decisive only),COMPATIBILITY_ONLY_NOT_PRODUCTION,519274.8434,465718.2974,168.8526,6121,6023,-0.00032517,0.01119525,-0.01075540,-0.00032517,-168.8526,519274.8434,OK,0.0000,6.7541,4.0000,96.0000,AG03-UNRESOLVED,ALL5_LEVELS_bet23_to_bet27,6.7541,6.7541,6.7541,8.4426,0.0000,4.000000,4.000000,4.000000,5.000000,0.000000,96.000000,96.000000,96.000000,95.000000,100.000000,5.0,28.7049,26.9321,140.1477,141.9205,PENDING_AG03,FALSE,NOT_FOR_ENFORCEMENT,162.0985,447089.5655,168.8526,162.0985,6.7541,0.00032517,0.00031216,6.7541,162.0985,0.00031216,6.7541,6.7541,6.7541,8.4426,0.0000,162.0985,0.00031216,28.7049,26.9321,140.1477,141.9205,0.00026989,0.00027331,0.00001301,84.8350,77.3233,0.0280,5.6284,0.3838,17309.1614,200.7667,91.2509,79.7578,34.0832,58.2266,102.2495,170.4158,241.2244,332.7233,51.1247,0.0,4.142857,5.714285,1.45698,29,141,174,4,0.47516736,0.00032517,-0.01119525,0E-8,0.000000,0.896863,0.000000,0.02195065,2026-06-03,2026-08-03,30,440,303,62,0.483871,1.144100,1.075628,1.583891,,,,,,,,GLOBAL_BASELINE_NO_ENTITY_RANKING,,,NOT_APPLICABLE_GLOBAL_BASELINE,HF9g-P5,,,,X 全窗基线 · 不参与实体赏罚,6879320,688,A168_HF9F_20260827_0900,2026-08-27 09:00:00
2026-07-28,135398611,2152,0,249.5425054068,-166.3616702712,-166.3616702712,0E-7,3,3,0.50218230000000000,0.502182300000,-1.4203995680682369,-1.4203995680682369,-1.4203995680682369,0E-17,ELIGIBLE,R03b_20260811_FULL_v1,L1_ELIGIBILITY,v2026-08-11,2026-03-21..2026-08-06,baccarat_bet02_101_all_pairs_incl_sentinel,round_win = game_pnl > 0 (decisive only),COMPATIBILITY_ONLY_NOT_PRODUCTION,519274.8434,465718.2974,168.8526,6121,6023,-0.00032517,0.01119525,-0.01075540,-0.00032517,-168.8526,519274.8434,OK,0.0000,6.7541,4.0000,96.0000,AG03-UNRESOLVED,ALL5_LEVELS_bet23_to_bet27,6.7541,6.7541,6.7541,8.4426,0.0000,4.000000,4.000000,4.000000,5.000000,0.000000,96.000000,96.000000,96.000000,95.000000,100.000000,5.0,28.7049,26.9321,140.1477,141.9205,PENDING_AG03,FALSE,NOT_FOR_ENFORCEMENT,162.0985,447089.5655,168.8526,162.0985,6.7541,0.00032517,0.00031216,6.7541,162.0985,0.00031216,6.7541,6.7541,6.7541,8.4426,0.0000,162.0985,0.00031216,28.7049,26.9321,140.1477,141.9205,0.00026989,0.00027331,0.00001301,84.8350,77.3233,0.0280,5.6284,0.3838,17309.1614,200.7667,91.2509,79.7578,34.0832,58.2266,102.2495,170.4158,241.2244,332.7233,51.1247,0.0,4.142857,5.714285,1.45698,29,141,174,4,0.47516736,0.00032517,-0.01119525,0E-8,0.000000,0.896863,0.000000,0.02195065,2026-06-03,2026-08-03,30,440,303,62,0.483871,1.144100,1.075628,1.583891,,,,,,,,GLOBAL_BASELINE_NO_ENTITY_RANKING,,,NOT_APPLICABLE_GLOBAL_BASELINE,HF9g-P5,,,,X 全窗基线 · 不参与实体赏罚,6879321,688,A168_HF9F_20260827_0900,2026-08-27 09:00:00
2026-07-28,135398611,2170,0,2041.2576942274,-914.9891864916,-914.9891864916,0.2857143,14,14,0.49899058571428571,0.498990585714,-1.5960169390591663,-1.5960169390570302,-1.5960169390591663,2.8571E-13,ELIGIBLE,R03b_20260811_FULL_v1,L1_ELIGIBILITY,v2026-08-11,2026-03-21..2026-08-06,baccarat_bet02_101_all_pairs_incl_sentinel,round_win = game_pnl > 0 (decisive only),COMPATIBILITY_ONLY_NOT_PRODUCTION,519274.8434,465718.2974,168.8526,6121,6023,-0.00032517,0.01119525,-0.01075540,-0.00032517,-168.8526,519274.8434,OK,0.0000,6.7541,4.0000,96.0000,AG03-UNRESOLVED,ALL5_LEVELS_bet23_to_bet27,6.7541,6.7541,6.7541,8.4426,0.0000,4.000000,4.000000,4.000000,5.000000,0.000000,96.000000,96.000000,96.000000,95.000000,100.000000,5.0,28.7049,26.9321,140.1477,141.9205,PENDING_AG03,FALSE,NOT_FOR_ENFORCEMENT,162.0985,447089.5655,168.8526,162.0985,6.7541,0.00032517,0.00031216,6.7541,162.0985,0.00031216,6.7541,6.7541,6.7541,8.4426,0.0000,162.0985,0.00031216,28.7049,26.9321,140.1477,141.9205,0.00026989,0.00027331,0.00001301,84.8350,77.3233,0.0280,5.6284,0.3838,17309.1614,200.7667,91.2509,79.7578,34.0832,58.2266,102.2495,170.4158,241.2244,332.7233,51.1247,0.0,4.142857,5.714285,1.45698,29,141,174,4,0.47516736,0.00032517,-0.01119525,0E-8,0.000000,0.896863,0.000000,0.02195065,2026-06-03,2026-08-03,30,440,303,62,0.483871,1.144100,1.075628,1.583891,,,,,,,,GLOBAL_BASELINE_NO_ENTITY_RANKING,,,NOT_APPLICABLE_GLOBAL_BASELINE,HF9g-P5,,,,X 全窗基线 · 不参与实体赏罚,6879322,688,A168_HF9F_20260827_0900,2026-08-27 09:00:00
2026-07-28,135398611,2171,0,2171.0197970389,973.2157710863,973.2157710863,0.7333333,16,16,0.49408332500000000,0.494083325000,1.8533523610246296,1.8533523610246296,1.8533523610246296,0E-17,ELIGIBLE,R03b_20260811_FULL_v1,L1_ELIGIBILITY,v2026-08-11,2026-03-21..2026-08-06,baccarat_bet02_101_all_pairs_incl_sentinel,round_win = game_pnl > 0 (decisive only),COMPATIBILITY_ONLY_NOT_PRODUCTION,519274.8434,465718.2974,168.8526,6121,6023,-0.00032517,0.01119525,-0.01075540,-0.00032517,-168.8526,519274.8434,OK,0.0000,6.7541,4.0000,96.0000,AG03-UNRESOLVED,ALL5_LEVELS_bet23_to_bet27,6.7541,6.7541,6.7541,8.4426,0.0000,4.000000,4.000000,4.000000,5.000000,0.000000,96.000000,96.000000,96.000000,95.000000,100.000000,5.0,28.7049,26.9321,140.1477,141.9205,PENDING_AG03,FALSE,NOT_FOR_ENFORCEMENT,162.0985,447089.5655,168.8526,162.0985,6.7541,0.00032517,0.00031216,6.7541,162.0985,0.00031216,6.7541,6.7541,6.7541,8.4426,0.0000,162.0985,0.00031216,28.7049,26.9321,140.1477,141.9205,0.00026989,0.00027331,0.00001301,84.8350,77.3233,0.0280,5.6284,0.3838,17309.1614,200.7667,91.2509,79.7578,34.0832,58.2266,102.2495,170.4158,241.2244,332.7233,51.1247,0.0,4.142857,5.714285,1.45698,29,141,174,4,0.47516736,0.00032517,-0.01119525,0E-8,0.000000,0.896863,0.000000,0.02195065,2026-06-03,2026-08-03,30,440,303,62,0.483871,1.144100,1.075628,1.583891,,,,,,,,GLOBAL_BASELINE_NO_ENTITY_RANKING,,,NOT_APPLICABLE_GLOBAL_BASELINE,HF9g-P5,,,,X 全窗基线 · 不参与实体赏罚,6879323,688,A168_HF9F_20260827_0900,2026-08-27 09:00:00
2026-07-28,135398611,2209,0,582.2658459492,553.1525536516,553.1525536516,1.0000000,3,3,0.50665070000000000,0.506650700000,1.7091633124209307,1.7091633124209307,1.7091633124209307,0E-17,ELIGIBLE,R03b_20260811_FULL_v1,L1_ELIGIBILITY,v2026-08-11,2026-03-21..2026-08-06,baccarat_bet02_101_all_pairs_incl_sentinel,round_win = game_pnl > 0 (decisive only),COMPATIBILITY_ONLY_NOT_PRODUCTION,519274.8434,465718.2974,168.8526,6121,6023,-0.00032517,0.01119525,-0.01075540,-0.00032517,-168.8526,519274.8434,OK,0.0000,6.7541,4.0000,96.0000,AG03-UNRESOLVED,ALL5_LEVELS_bet23_to_bet27,6.7541,6.7541,6.7541,8.4426,0.0000,4.000000,4.000000,4.000000,5.000000,0.000000,96.000000,96.000000,96.000000,95.000000,100.000000,5.0,28.7049,26.9321,140.1477,141.9205,PENDING_AG03,FALSE,NOT_FOR_ENFORCEMENT,162.0985,447089.5655,168.8526,162.0985,6.7541,0.00032517,0.00031216,6.7541,162.0985,0.00031216,6.7541,6.7541,6.7541,8.4426,0.0000,162.0985,0.00031216,28.7049,26.9321,140.1477,141.9205,0.00026989,0.00027331,0.00001301,84.8350,77.3233,0.0280,5.6284,0.3838,17309.1614,200.7667,91.2509,79.7578,34.0832,58.2266,102.2495,170.4158,241.2244,332.7233,51.1247,0.0,4.142857,5.714285,1.45698,29,141,174,4,0.47516736,0.00032517,-0.01119525,0E-8,0.000000,0.896863,0.000000,0.02195065,2026-06-03,2026-08-03,30,440,303,62,0.483871,1.144100,1.075628,1.583891,,,,,,,,GLOBAL_BASELINE_NO_ENTITY_RANKING,,,NOT_APPLICABLE_GLOBAL_BASELINE,HF9g-P5,,,,X 全窗基线 · 不参与实体赏罚,6879324,688,A168_HF9F_20260827_0900,2026-08-27 09:00:00
2026-07-28,135398611,2239,0,2430.5440026619,229.3295624686,229.3295624686,0.5833333,13,13,0.50561953076923077,0.505619530769,0.5384510266613104,0.5384510266629066,0.5384510266613104,2.3077E-13,ELIGIBLE,R03b_20260811_FULL_v1,L1_ELIGIBILITY,v2026-08-11,2026-03-21..2026-08-06,baccarat_bet02_101_all_pairs_incl_sentinel,round_win = game_pnl > 0 (decisive only),COMPATIBILITY_ONLY_NOT_PRODUCTION,519274.8434,465718.2974,168.8526,6121,6023,-0.00032517,0.01119525,-0.01075540,-0.00032517,-168.8526,519274.8434,OK,0.0000,6.7541,4.0000,96.0000,AG03-UNRESOLVED,ALL5_LEVELS_bet23_to_bet27,6.7541,6.7541,6.7541,8.4426,0.0000,4.000000,4.000000,4.000000,5.000000,0.000000,96.000000,96.000000,96.000000,95.000000,100.000000,5.0,28.7049,26.9321,140.1477,141.9205,PENDING_AG03,FALSE,NOT_FOR_ENFORCEMENT,162.0985,447089.5655,168.8526,162.0985,6.7541,0.00032517,0.00031216,6.7541,162.0985,0.00031216,6.7541,6.7541,6.7541,8.4426,0.0000,162.0985,0.00031216,28.7049,26.9321,140.1477,141.9205,0.00026989,0.00027331,0.00001301,84.8350,77.3233,0.0280,5.6284,0.3838,17309.1614,200.7667,91.2509,79.7578,34.0832,58.2266,102.2495,170.4158,241.2244,332.7233,51.1247,0.0,4.142857,5.714285,1.45698,29,141,174,4,0.47516736,0.00032517,-0.01119525,0E-8,0.000000,0.896863,0.000000,0.02195065,2026-06-03,2026-08-03,30,440,303,62,0.483871,1.144100,1.075628,1.583891,,,,,,,,GLOBAL_BASELINE_NO_ENTITY_RANKING,,,NOT_APPLICABLE_GLOBAL_BASELINE,HF9g-P5,,,,X 全窗基线 · 不参与实体赏罚,6879325,688,A168_HF9F_20260827_0900,2026-08-27 09:00:00
2026-07-28,135398611,2266,0,665.4466810848,-170.5207120280,-170.5207120280,0.4000000,5,5,0.49860758000000000,0.498607580000,-0.440988213962219,-0.440988213962219,-0.440988213962219,0E-17,ELIGIBLE,R03b_20260811_FULL_v1,L1_ELIGIBILITY,v2026-08-11,2026-03-21..2026-08-06,baccarat_bet02_101_all_pairs_incl_sentinel,round_win = game_pnl > 0 (decisive only),COMPATIBILITY_ONLY_NOT_PRODUCTION,519274.8434,465718.2974,168.8526,6121,6023,-0.00032517,0.01119525,-0.01075540,-0.00032517,-168.8526,519274.8434,OK,0.0000,6.7541,4.0000,96.0000,AG03-UNRESOLVED,ALL5_LEVELS_bet23_to_bet27,6.7541,6.7541,6.7541,8.4426,0.0000,4.000000,4.000000,4.000000,5.000000,0.000000,96.000000,96.000000,96.000000,95.000000,100.000000,5.0,28.7049,26.9321,140.1477,141.9205,PENDING_AG03,FALSE,NOT_FOR_ENFORCEMENT,162.0985,447089.5655,168.8526,162.0985,6.7541,0.00032517,0.00031216,6.7541,162.0985,0.00031216,6.7541,6.7541,6.7541,8.4426,0.0000,162.0985,0.00031216,28.7049,26.9321,140.1477,141.9205,0.00026989,0.00027331,0.00001301,84.8350,77.3233,0.0280,5.6284,0.3838,17309.1614,200.7667,91.2509,79.7578,34.0832,58.2266,102.2495,170.4158,241.2244,332.7233,51.1247,0.0,4.142857,5.714285,1.45698,29,141,174,4,0.47516736,0.00032517,-0.01119525,0E-8,0.000000,0.896863,0.000000,0.02195065,2026-06-03,2026-08-03,30,440,303,62,0.483871,1.144100,1.075628,1.583891,,,,,,,,GLOBAL_BASELINE_NO_ENTITY_RANKING,,,NOT_APPLICABLE_GLOBAL_BASELINE,HF9g-P5,,,,X 全窗基线 · 不参与实体赏罚,6879326,688,A168_HF9F_20260827_0900,2026-08-27 09:00:00
2026-07-28,135398611,2289,0,948.2615205458,148.2282482115,148.2282482115,0.4444444,9,9,0.50218230000000000,0.502182300000,-0.34643043305270216,-0.34643043305270216,-0.34643043305270216,0E-17,ELIGIBLE,R03b_20260811_FULL_v1,L1_ELIGIBILITY,v2026-08-11,2026-03-21..2026-08-06,baccarat_bet02_101_all_pairs_incl_sentinel,round_win = game_pnl > 0 (decisive only),COMPATIBILITY_ONLY_NOT_PRODUCTION,519274.8434,465718.2974,168.8526,6121,6023,-0.00032517,0.01119525,-0.01075540,-0.00032517,-168.8526,519274.8434,OK,0.0000,6.7541,4.0000,96.0000,AG03-UNRESOLVED,ALL5_LEVELS_bet23_to_bet27,6.7541,6.7541,6.7541,8.4426,0.0000,4.000000,4.000000,4.000000,5.000000,0.000000,96.000000,96.000000,96.000000,95.000000,100.000000,5.0,28.7049,26.9321,140.1477,141.9205,PENDING_AG03,FALSE,NOT_FOR_ENFORCEMENT,162.0985,447089.5655,168.8526,162.0985,6.7541,0.00032517,0.00031216,6.7541,162.0985,0.00031216,6.7541,6.7541,6.7541,8.4426,0.0000,162.0985,0.00031216,28.7049,26.9321,140.1477,141.9205,0.00026989,0.00027331,0.00001301,84.8350,77.3233,0.0280,5.6284,0.3838,17309.1614,200.7667,91.2509,79.7578,34.0832,58.2266,102.2495,170.4158,241.2244,332.7233,51.1247,0.0,4.142857,5.714285,1.45698,29,141,174,4,0.47516736,0.00032517,-0.01119525,0E-8,0.000000,0.896863,0.000000,0.02195065,2026-06-03,2026-08-03,30,440,303,62,0.483871,1.144100,1.075628,1.583891,,,,,,,,GLOBAL_BASELINE_NO_ENTITY_RANKING,,,NOT_APPLICABLE_GLOBAL_BASELINE,HF9g-P5,,,,X 全窗基线 · 不参与实体赏罚,6879327,688,A168_HF9F_20260827_0900,2026-08-27 09:00:00
2026-07-28,135398611,994,0,632.1743470305,-33.2723340543,-33.2723340543,0.5000000,4,4,0.49659680000000000,0.496596800000,0.013613115331600182,0.013613115331600183,0.013613115331600182,0E-17,ELIGIBLE,R03b_20260811_FULL_v1,L1_ELIGIBILITY,v2026-08-11,2026-03-21..2026-08-06,baccarat_bet02_101_all_pairs_incl_sentinel,round_win = game_pnl > 0 (decisive only),COMPATIBILITY_ONLY_NOT_PRODUCTION,519274.8434,465718.2974,168.8526,6121,6023,-0.00032517,0.01119525,-0.01075540,-0.00032517,-168.8526,519274.8434,OK,0.0000,6.7541,4.0000,96.0000,AG03-UNRESOLVED,ALL5_LEVELS_bet23_to_bet27,6.7541,6.7541,6.7541,8.4426,0.0000,4.000000,4.000000,4.000000,5.000000,0.000000,96.000000,96.000000,96.000000,95.000000,100.000000,5.0,28.7049,26.9321,140.1477,141.9205,PENDING_AG03,FALSE,NOT_FOR_ENFORCEMENT,162.0985,447089.5655,168.8526,162.0985,6.7541,0.00032517,0.00031216,6.7541,162.0985,0.00031216,6.7541,6.7541,6.7541,8.4426,0.0000,162.0985,0.00031216,28.7049,26.9321,140.1477,141.9205,0.00026989,0.00027331,0.00001301,84.8350,77.3233,0.0280,5.6284,0.3838,17309.1614,200.7667,91.2509,79.7578,34.0832,58.2266,102.2495,170.4158,241.2244,332.7233,51.1247,0.0,4.142857,5.714285,1.45698,29,141,174,4,0.47516736,0.00032517,-0.01119525,0E-8,0.000000,0.896863,0.000000,0.02195065,2026-06-03,2026-08-03,30,440,303,62,0.483871,1.144100,1.075628,1.583891,,,,,,,,GLOBAL_BASELINE_NO_ENTITY_RANKING,,,NOT_APPLICABLE_GLOBAL_BASELINE,HF9g-P5,,,,X 全窗基线 · 不参与实体赏罚,6879328,688,A168_HF9F_20260827_0900,2026-08-27 09:00:00
2026-07-29,135398611,-1,1,32548.6607885577,3465.8126767588,3465.8126767588,0.5593870,291,290,0.49972996036419992,0.499740088276,1.9275773566123062,1.9272500930311396,1.9275773566123062,-0.00001012791180008,SENTINEL_DEALER,R03b_20260811_FULL_v1,L1_ELIGIBILITY,v2026-08-11,2026-03-21..2026-08-06,baccarat_bet02_101_all_pairs_incl_sentinel,round_win = game_pnl > 0 (decisive only),COMPATIBILITY_ONLY_NOT_PRODUCTION,519274.8434,465718.2974,168.8526,6121,6023,-0.00032517,0.01119525,-0.01075540,-0.00032517,-168.8526,519274.8434,OK,0.0000,6.7541,4.0000,96.0000,AG03-UNRESOLVED,ALL5_LEVELS_bet23_to_bet27,6.7541,6.7541,6.7541,8.4426,0.0000,4.000000,4.000000,4.000000,5.000000,0.000000,96.000000,96.000000,96.000000,95.000000,100.000000,5.0,28.7049,26.9321,140.1477,141.9205,PENDING_AG03,FALSE,NOT_FOR_ENFORCEMENT,162.0985,447089.5655,168.8526,162.0985,6.7541,0.00032517,0.00031216,6.7541,162.0985,0.00031216,6.7541,6.7541,6.7541,8.4426,0.0000,162.0985,0.00031216,28.7049,26.9321,140.1477,141.9205,0.00026989,0.00027331,0.00001301,84.8350,77.3233,0.0280,5.6284,0.3838,17309.1614,200.7667,91.2509,79.7578,34.0832,58.2266,102.2495,170.4158,241.2244,332.7233,51.1247,0.0,4.142857,5.714285,1.45698,29,141,174,4,0.47516736,0.00032517,-0.01119525,0E-8,0.000000,0.896863,0.000000,0.02195065,2026-06-03,2026-08-03,30,440,303,62,0.483871,1.144100,1.075628,1.583891,,,,,,,,GLOBAL_BASELINE_NO_ENTITY_RANKING,,,NOT_APPLICABLE_GLOBAL_BASELINE,HF9g-P5,,,,X 全窗基线 · 不参与实体赏罚,6879329,688,A168_HF9F_20260827_0900,2026-08-27 09:00:00
2026-07-29,135398611,1157,0,850.1081350858,218.1001497254,218.1001497254,0.6666667,9,9,0.50367176666666667,0.503671766667,0.9779957707801055,0.9779957707781104,0.9779957707801055,-3.3333E-13,ELIGIBLE,R03b_20260811_FULL_v1,L1_ELIGIBILITY,v2026-08-11,2026-03-21..2026-08-06,baccarat_bet02_101_all_pairs_incl_sentinel,round_win = game_pnl > 0 (decisive only),COMPATIBILITY_ONLY_NOT_PRODUCTION,519274.8434,465718.2974,168.8526,6121,6023,-0.00032517,0.01119525,-0.01075540,-0.00032517,-168.8526,519274.8434,OK,0.0000,6.7541,4.0000,96.0000,AG03-UNRESOLVED,ALL5_LEVELS_bet23_to_bet27,6.7541,6.7541,6.7541,8.4426,0.0000,4.000000,4.000000,4.000000,5.000000,0.000000,96.000000,96.000000,96.000000,95.000000,100.000000,5.0,28.7049,26.9321,140.1477,141.9205,PENDING_AG03,FALSE,NOT_FOR_ENFORCEMENT,162.0985,447089.5655,168.8526,162.0985,6.7541,0.00032517,0.00031216,6.7541,162.0985,0.00031216,6.7541,6.7541,6.7541,8.4426,0.0000,162.0985,0.00031216,28.7049,26.9321,140.1477,141.9205,0.00026989,0.00027331,0.00001301,84.8350,77.3233,0.0280,5.6284,0.3838,17309.1614,200.7667,91.2509,79.7578,34.0832,58.2266,102.2495,170.4158,241.2244,332.7233,51.1247,0.0,4.142857,5.714285,1.45698,29,141,174,4,0.47516736,0.00032517,-0.01119525,0E-8,0.000000,0.896863,0.000000,0.02195065,2026-06-03,2026-08-03,30,440,303,62,0.483871,1.144100,1.075628,1.583891,,,,,,,,GLOBAL_BASELINE_NO_ENTITY_RANKING,,,NOT_APPLICABLE_GLOBAL_BASELINE,HF9g-P5,,,,X 全窗基线 · 不参与实体赏罚,6879330,688,A168_HF9F_20260827_0900,2026-08-27 09:00:00
2026-07-29,135398611,1318,0,2648.4777907171,683.3305606389,683.3305606389,0.6818182,23,23,0.49965668260869565,0.499656682609,1.7088267362785063,1.7088267362756508,1.7088267362785063,-3.0435E-13,ELIGIBLE,R03b_20260811_FULL_v1,L1_ELIGIBILITY,v2026-08-11,2026-03-21..2026-08-06,baccarat_bet02_101_all_pairs_incl_sentinel,round_win = game_pnl > 0 (decisive only),COMPATIBILITY_ONLY_NOT_PRODUCTION,519274.8434,465718.2974,168.8526,6121,6023,-0.00032517,0.01119525,-0.01075540,-0.00032517,-168.8526,519274.8434,OK,0.0000,6.7541,4.0000,96.0000,AG03-UNRESOLVED,ALL5_LEVELS_bet23_to_bet27,6.7541,6.7541,6.7541,8.4426,0.0000,4.000000,4.000000,4.000000,5.000000,0.000000,96.000000,96.000000,96.000000,95.000000,100.000000,5.0,28.7049,26.9321,140.1477,141.9205,PENDING_AG03,FALSE,NOT_FOR_ENFORCEMENT,162.0985,447089.5655,168.8526,162.0985,6.7541,0.00032517,0.00031216,6.7541,162.0985,0.00031216,6.7541,6.7541,6.7541,8.4426,0.0000,162.0985,0.00031216,28.7049,26.9321,140.1477,141.9205,0.00026989,0.00027331,0.00001301,84.8350,77.3233,0.0280,5.6284,0.3838,17309.1614,200.7667,91.2509,79.7578,34.0832,58.2266,102.2495,170.4158,241.2244,332.7233,51.1247,0.0,4.142857,5.714285,1.45698,29,141,174,4,0.47516736,0.00032517,-0.01119525,0E-8,0.000000,0.896863,0.000000,0.02195065,2026-06-03,2026-08-03,30,440,303,62,0.483871,1.144100,1.075628,1.583891,,,,,,,,GLOBAL_BASELINE_NO_ENTITY_RANKING,,,NOT_APPLICABLE_GLOBAL_BASELINE,HF9g-P5,,,,X 全窗基线 · 不参与实体赏罚,6879331,688,A168_HF9F_20260827_0900,2026-08-27 09:00:00
2026-07-29,135398611,1401,0,232.9063383798,-33.2723340542,-33.2723340542,0.3333333,5,5,0.49592654000000000,0.495926540000,-0.5632580825033607,-0.5632580825033607,-0.5632580825033607,0E-17,ELIGIBLE,R03b_20260811_FULL_v1,L1_ELIGIBILITY,v2026-08-11,2026-03-21..2026-08-06,baccarat_bet02_101_all_pairs_incl_sentinel,round_win = game_pnl > 0 (decisive only),COMPATIBILITY_ONLY_NOT_PRODUCTION,519274.8434,465718.2974,168.8526,6121,6023,-0.00032517,0.01119525,-0.01075540,-0.00032517,-168.8526,519274.8434,OK,0.0000,6.7541,4.0000,96.0000,AG03-UNRESOLVED,ALL5_LEVELS_bet23_to_bet27,6.7541,6.7541,6.7541,8.4426,0.0000,4.000000,4.000000,4.000000,5.000000,0.000000,96.000000,96.000000,96.000000,95.000000,100.000000,5.0,28.7049,26.9321,140.1477,141.9205,PENDING_AG03,FALSE,NOT_FOR_ENFORCEMENT,162.0985,447089.5655,168.8526,162.0985,6.7541,0.00032517,0.00031216,6.7541,162.0985,0.00031216,6.7541,6.7541,6.7541,8.4426,0.0000,162.0985,0.00031216,28.7049,26.9321,140.1477,141.9205,0.00026989,0.00027331,0.00001301,84.8350,77.3233,0.0280,5.6284,0.3838,17309.1614,200.7667,91.2509,79.7578,34.0832,58.2266,102.2495,170.4158,241.2244,332.7233,51.1247,0.0,4.142857,5.714285,1.45698,29,141,174,4,0.47516736,0.00032517,-0.01119525,0E-8,0.000000,0.896863,0.000000,0.02195065,2026-06-03,2026-08-03,30,440,303,62,0.483871,1.144100,1.075628,1.583891,,,,,,,,GLOBAL_BASELINE_NO_ENTITY_RANKING,,,NOT_APPLICABLE_GLOBAL_BASELINE,HF9g-P5,,,,X 全窗基线 · 不参与实体赏罚,6879332,688,A168_HF9F_20260827_0900,2026-08-27 09:00:00
2026-07-29,135398611,1963,0,898.3530194649,33.2723340543,33.2723340543,0.5454545,15,15,0.49413918000000000,0.494139180000,0.34041101288818676,0.3404110128881867,0.34041101288818676,0E-17,ELIGIBLE,R03b_20260811_FULL_v1,L1_ELIGIBILITY,v2026-08-11,2026-03-21..2026-08-06,baccarat_bet02_101_all_pairs_incl_sentinel,round_win = game_pnl > 0 (decisive only),COMPATIBILITY_ONLY_NOT_PRODUCTION,519274.8434,465718.2974,168.8526,6121,6023,-0.00032517,0.01119525,-0.01075540,-0.00032517,-168.8526,519274.8434,OK,0.0000,6.7541,4.0000,96.0000,AG03-UNRESOLVED,ALL5_LEVELS_bet23_to_bet27,6.7541,6.7541,6.7541,8.4426,0.0000,4.000000,4.000000,4.000000,5.000000,0.000000,96.000000,96.000000,96.000000,95.000000,100.000000,5.0,28.7049,26.9321,140.1477,141.9205,PENDING_AG03,FALSE,NOT_FOR_ENFORCEMENT,162.0985,447089.5655,168.8526,162.0985,6.7541,0.00032517,0.00031216,6.7541,162.0985,0.00031216,6.7541,6.7541,6.7541,8.4426,0.0000,162.0985,0.00031216,28.7049,26.9321,140.1477,141.9205,0.00026989,0.00027331,0.00001301,84.8350,77.3233,0.0280,5.6284,0.3838,17309.1614,200.7667,91.2509,79.7578,34.0832,58.2266,102.2495,170.4158,241.2244,332.7233,51.1247,0.0,4.142857,5.714285,1.45698,29,141,174,4,0.47516736,0.00032517,-0.01119525,0E-8,0.000000,0.896863,0.000000,0.02195065,2026-06-03,2026-08-03,30,440,303,62,0.483871,1.144100,1.075628,1.583891,,,,,,,,GLOBAL_BASELINE_NO_ENTITY_RANKING,,,NOT_APPLICABLE_GLOBAL_BASELINE,HF9g-P5,,,,X 全窗基线 · 不参与实体赏罚,6879333,688,A168_HF9F_20260827_0900,2026-08-27 09:00:00
2026-07-29,135398611,1966,0,164.6980535684,-16.6361670271,-16.6361670271,0.5000000,3,3,0.50665070000000000,0.506650700000,-0.018812684590367487,-0.018812684590367487,-0.018812684590367487,0E-17,ELIGIBLE,R03b_20260811_FULL_v1,L1_ELIGIBILITY,v2026-08-11,2026-03-21..2026-08-06,baccarat_bet02_101_all_pairs_incl_sentinel,round_win = game_pnl > 0 (decisive only),COMPATIBILITY_ONLY_NOT_PRODUCTION,519274.8434,465718.2974,168.8526,6121,6023,-0.00032517,0.01119525,-0.01075540,-0.00032517,-168.8526,519274.8434,OK,0.0000,6.7541,4.0000,96.0000,AG03-UNRESOLVED,ALL5_LEVELS_bet23_to_bet27,6.7541,6.7541,6.7541,8.4426,0.0000,4.000000,4.000000,4.000000,5.000000,0.000000,96.000000,96.000000,96.000000,95.000000,100.000000,5.0,28.7049,26.9321,140.1477,141.9205,PENDING_AG03,FALSE,NOT_FOR_ENFORCEMENT,162.0985,447089.5655,168.8526,162.0985,6.7541,0.00032517,0.00031216,6.7541,162.0985,0.00031216,6.7541,6.7541,6.7541,8.4426,0.0000,162.0985,0.00031216,28.7049,26.9321,140.1477,141.9205,0.00026989,0.00027331,0.00001301,84.8350,77.3233,0.0280,5.6284,0.3838,17309.1614,200.7667,91.2509,79.7578,34.0832,58.2266,102.2495,170.4158,241.2244,332.7233,51.1247,0.0,4.142857,5.714285,1.45698,29,141,174,4,0.47516736,0.00032517,-0.01119525,0E-8,0.000000,0.896863,0.000000,0.02195065,2026-06-03,2026-08-03,30,440,303,62,0.483871,1.144100,1.075628,1.583891,,,,,,,,GLOBAL_BASELINE_NO_ENTITY_RANKING,,,NOT_APPLICABLE_GLOBAL_BASELINE,HF9g-P5,,,,X 全窗基线 · 不参与实体赏罚,6879334,688,A168_HF9F_20260827_0900,2026-08-27 09:00:00
2026-07-29,135398611,2201,0,33.2723340542,-33.2723340542,-33.2723340542,0E-7,1,1,0.49324550000000000,0.493245500000,-0.9865810262130424,-0.9865810262130424,-0.9865810262130424,0E-17,ELIGIBLE,R03b_20260811_FULL_v1,L1_ELIGIBILITY,v2026-08-11,2026-03-21..2026-08-06,baccarat_bet02_101_all_pairs_incl_sentinel,round_win = game_pnl > 0 (decisive only),COMPATIBILITY_ONLY_NOT_PRODUCTION,519274.8434,465718.2974,168.8526,6121,6023,-0.00032517,0.01119525,-0.01075540,-0.00032517,-168.8526,519274.8434,OK,0.0000,6.7541,4.0000,96.0000,AG03-UNRESOLVED,ALL5_LEVELS_bet23_to_bet27,6.7541,6.7541,6.7541,8.4426,0.0000,4.000000,4.000000,4.000000,5.000000,0.000000,96.000000,96.000000,96.000000,95.000000,100.000000,5.0,28.7049,26.9321,140.1477,141.9205,PENDING_AG03,FALSE,NOT_FOR_ENFORCEMENT,162.0985,447089.5655,168.8526,162.0985,6.7541,0.00032517,0.00031216,6.7541,162.0985,0.00031216,6.7541,6.7541,6.7541,8.4426,0.0000,162.0985,0.00031216,28.7049,26.9321,140.1477,141.9205,0.00026989,0.00027331,0.00001301,84.8350,77.3233,0.0280,5.6284,0.3838,17309.1614,200.7667,91.2509,79.7578,34.0832,58.2266,102.2495,170.4158,241.2244,332.7233,51.1247,0.0,4.142857,5.714285,1.45698,29,141,174,4,0.47516736,0.00032517,-0.01119525,0E-8,0.000000,0.896863,0.000000,0.02195065,2026-06-03,2026-08-03,30,440,303,62,0.483871,1.144100,1.075628,1.583891,,,,,,,,GLOBAL_BASELINE_NO_ENTITY_RANKING,,,NOT_APPLICABLE_GLOBAL_BASELINE,HF9g-P5,,,,X 全窗基线 · 不参与实体赏罚,6879335,688,A168_HF9F_20260827_0900,2026-08-27 09:00:00
2026-07-29,135398611,2220,0,163.0344368658,-65.7128597571,-65.7128597571,0.3333333,3,3,0.50665070000000000,0.506650700000,-0.6004420894325239,-0.6004420894325239,-0.6004420894325239,0E-17,ELIGIBLE,R03b_20260811_FULL_v1,L1_ELIGIBILITY,v2026-08-11,2026-03-21..2026-08-06,baccarat_bet02_101_all_pairs_incl_sentinel,round_win = game_pnl > 0 (decisive only),COMPATIBILITY_ONLY_NOT_PRODUCTION,519274.8434,465718.2974,168.8526,6121,6023,-0.00032517,0.01119525,-0.01075540,-0.00032517,-168.8526,519274.8434,OK,0.0000,6.7541,4.0000,96.0000,AG03-UNRESOLVED,ALL5_LEVELS_bet23_to_bet27,6.7541,6.7541,6.7541,8.4426,0.0000,4.000000,4.000000,4.000000,5.000000,0.000000,96.000000,96.000000,96.000000,95.000000,100.000000,5.0,28.7049,26.9321,140.1477,141.9205,PENDING_AG03,FALSE,NOT_FOR_ENFORCEMENT,162.0985,447089.5655,168.8526,162.0985,6.7541,0.00032517,0.00031216,6.7541,162.0985,0.00031216,6.7541,6.7541,6.7541,8.4426,0.0000,162.0985,0.00031216,28.7049,26.9321,140.1477,141.9205,0.00026989,0.00027331,0.00001301,84.8350,77.3233,0.0280,5.6284,0.3838,17309.1614,200.7667,91.2509,79.7578,34.0832,58.2266,102.2495,170.4158,241.2244,332.7233,51.1247,0.0,4.142857,5.714285,1.45698,29,141,174,4,0.47516736,0.00032517,-0.01119525,0E-8,0.000000,0.896863,0.000000,0.02195065,2026-06-03,2026-08-03,30,440,303,62,0.483871,1.144100,1.075628,1.583891,,,,,,,,GLOBAL_BASELINE_NO_ENTITY_RANKING,,,NOT_APPLICABLE_GLOBAL_BASELINE,HF9g-P5,,,,X 全窗基线 · 不参与实体赏罚,6879336,688,A168_HF9F_20260827_0900,2026-08-27 09:00:00
2026-07-29,135398611,2271,0,2522.0429213111,194.3104308766,194.3104308766,0.5500000,24,24,0.49771390000000000,0.497713900000,0.46766598382065305,0.46766598382065294,0.46766598382065305,0E-17,ELIGIBLE,R03b_20260811_FULL_v1,L1_ELIGIBILITY,v2026-08-11,2026-03-21..2026-08-06,baccarat_bet02_101_all_pairs_incl_sentinel,round_win = game_pnl > 0 (decisive only),COMPATIBILITY_ONLY_NOT_PRODUCTION,519274.8434,465718.2974,168.8526,6121,6023,-0.00032517,0.01119525,-0.01075540,-0.00032517,-168.8526,519274.8434,OK,0.0000,6.7541,4.0000,96.0000,AG03-UNRESOLVED,ALL5_LEVELS_bet23_to_bet27,6.7541,6.7541,6.7541,8.4426,0.0000,4.000000,4.000000,4.000000,5.000000,0.000000,96.000000,96.000000,96.000000,95.000000,100.000000,5.0,28.7049,26.9321,140.1477,141.9205,PENDING_AG03,FALSE,NOT_FOR_ENFORCEMENT,162.0985,447089.5655,168.8526,162.0985,6.7541,0.00032517,0.00031216,6.7541,162.0985,0.00031216,6.7541,6.7541,6.7541,8.4426,0.0000,162.0985,0.00031216,28.7049,26.9321,140.1477,141.9205,0.00026989,0.00027331,0.00001301,84.8350,77.3233,0.0280,5.6284,0.3838,17309.1614,200.7667,91.2509,79.7578,34.0832,58.2266,102.2495,170.4158,241.2244,332.7233,51.1247,0.0,4.142857,5.714285,1.45698,29,141,174,4,0.47516736,0.00032517,-0.01119525,0E-8,0.000000,0.896863,0.000000,0.02195065,2026-06-03,2026-08-03,30,440,303,62,0.483871,1.144100,1.075628,1.583891,,,,,,,,GLOBAL_BASELINE_NO_ENTITY_RANKING,,,NOT_APPLICABLE_GLOBAL_BASELINE,HF9g-P5,,,,X 全窗基线 · 不参与实体赏罚,6879337,688,A168_HF9F_20260827_0900,2026-08-27 09:00:00
2026-07-29,135398611,462,0,49.9085010814,-49.9085010814,-49.9085010814,0E-7,1,1,0.50665070000000000,0.506650700000,-1.013391052207602,-1.013391052207602,-1.013391052207602,0E-17,ELIGIBLE,R03b_20260811_FULL_v1,L1_ELIGIBILITY,v2026-08-11,2026-03-21..2026-08-06,baccarat_bet02_101_all_pairs_incl_sentinel,round_win = game_pnl > 0 (decisive only),COMPATIBILITY_ONLY_NOT_PRODUCTION,519274.8434,465718.2974,168.8526,6121,6023,-0.00032517,0.01119525,-0.01075540,-0.00032517,-168.8526,519274.8434,OK,0.0000,6.7541,4.0000,96.0000,AG03-UNRESOLVED,ALL5_LEVELS_bet23_to_bet27,6.7541,6.7541,6.7541,8.4426,0.0000,4.000000,4.000000,4.000000,5.000000,0.000000,96.000000,96.000000,96.000000,95.000000,100.000000,5.0,28.7049,26.9321,140.1477,141.9205,PENDING_AG03,FALSE,NOT_FOR_ENFORCEMENT,162.0985,447089.5655,168.8526,162.0985,6.7541,0.00032517,0.00031216,6.7541,162.0985,0.00031216,6.7541,6.7541,6.7541,8.4426,0.0000,162.0985,0.00031216,28.7049,26.9321,140.1477,141.9205,0.00026989,0.00027331,0.00001301,84.8350,77.3233,0.0280,5.6284,0.3838,17309.1614,200.7667,91.2509,79.7578,34.0832,58.2266,102.2495,170.4158,241.2244,332.7233,51.1247,0.0,4.142857,5.714285,1.45698,29,141,174,4,0.47516736,0.00032517,-0.01119525,0E-8,0.000000,0.896863,0.000000,0.02195065,2026-06-03,2026-08-03,30,440,303,62,0.483871,1.144100,1.075628,1.583891,,,,,,,,GLOBAL_BASELINE_NO_ENTITY_RANKING,,,NOT_APPLICABLE_GLOBAL_BASELINE,HF9g-P5,,,,X 全窗基线 · 不参与实体赏罚,6879338,688,A168_HF9F_20260827_0900,2026-08-27 09:00:00
2026-07-29,135398611,919,0,297.7873897854,169.1066378306,169.1066378306,1.0000000,3,3,0.50665070000000000,0.506650700000,1.3955260008387969,1.3955260008387969,1.3955260008387969,0E-17,ELIGIBLE,R03b_20260811_FULL_v1,L1_ELIGIBILITY,v2026-08-11,2026-03-21..2026-08-06,baccarat_bet02_101_all_pairs_incl_sentinel,round_win = game_pnl > 0 (decisive only),COMPATIBILITY_ONLY_NOT_PRODUCTION,519274.8434,465718.2974,168.8526,6121,6023,-0.00032517,0.01119525,-0.01075540,-0.00032517,-168.8526,519274.8434,OK,0.0000,6.7541,4.0000,96.0000,AG03-UNRESOLVED,ALL5_LEVELS_bet23_to_bet27,6.7541,6.7541,6.7541,8.4426,0.0000,4.000000,4.000000,4.000000,5.000000,0.000000,96.000000,96.000000,96.000000,95.000000,100.000000,5.0,28.7049,26.9321,140.1477,141.9205,PENDING_AG03,FALSE,NOT_FOR_ENFORCEMENT,162.0985,447089.5655,168.8526,162.0985,6.7541,0.00032517,0.00031216,6.7541,162.0985,0.00031216,6.7541,6.7541,6.7541,8.4426,0.0000,162.0985,0.00031216,28.7049,26.9321,140.1477,141.9205,0.00026989,0.00027331,0.00001301,84.8350,77.3233,0.0280,5.6284,0.3838,17309.1614,200.7667,91.2509,79.7578,34.0832,58.2266,102.2495,170.4158,241.2244,332.7233,51.1247,0.0,4.142857,5.714285,1.45698,29,141,174,4,0.47516736,0.00032517,-0.01119525,0E-8,0.000000,0.896863,0.000000,0.02195065,2026-06-03,2026-08-03,30,440,303,62,0.483871,1.144100,1.075628,1.583891,,,,,,,,GLOBAL_BASELINE_NO_ENTITY_RANKING,,,NOT_APPLICABLE_GLOBAL_BASELINE,HF9g-P5,,,,X 全窗基线 · 不参与实体赏罚,6879339,688,A168_HF9F_20260827_0900,2026-08-27 09:00:00
2026-07-29,135398611,986,0,123.1076360006,22.8747296623,22.8747296623,0.6666667,3,3,0.50665070000000000,0.506650700000,0.5543606114942035,0.5543606114942035,0.5543606114942035,0E-17,ELIGIBLE,R03b_20260811_FULL_v1,L1_ELIGIBILITY,v2026-08-11,2026-03-21..2026-08-06,baccarat_bet02_101_all_pairs_incl_sentinel,round_win = game_pnl > 0 (decisive only),COMPATIBILITY_ONLY_NOT_PRODUCTION,519274.8434,465718.2974,168.8526,6121,6023,-0.00032517,0.01119525,-0.01075540,-0.00032517,-168.8526,519274.8434,OK,0.0000,6.7541,4.0000,96.0000,AG03-UNRESOLVED,ALL5_LEVELS_bet23_to_bet27,6.7541,6.7541,6.7541,8.4426,0.0000,4.000000,4.000000,4.000000,5.000000,0.000000,96.000000,96.000000,96.000000,95.000000,100.000000,5.0,28.7049,26.9321,140.1477,141.9205,PENDING_AG03,FALSE,NOT_FOR_ENFORCEMENT,162.0985,447089.5655,168.8526,162.0985,6.7541,0.00032517,0.00031216,6.7541,162.0985,0.00031216,6.7541,6.7541,6.7541,8.4426,0.0000,162.0985,0.00031216,28.7049,26.9321,140.1477,141.9205,0.00026989,0.00027331,0.00001301,84.8350,77.3233,0.0280,5.6284,0.3838,17309.1614,200.7667,91.2509,79.7578,34.0832,58.2266,102.2495,170.4158,241.2244,332.7233,51.1247,0.0,4.142857,5.714285,1.45698,29,141,174,4,0.47516736,0.00032517,-0.01119525,0E-8,0.000000,0.896863,0.000000,0.02195065,2026-06-03,2026-08-03,30,440,303,62,0.483871,1.144100,1.075628,1.583891,,,,,,,,GLOBAL_BASELINE_NO_ENTITY_RANKING,,,NOT_APPLICABLE_GLOBAL_BASELINE,HF9g-P5,,,,X 全窗基线 · 不参与实体赏罚,6879340,688,A168_HF9F_20260827_0900,2026-08-27 09:00:00
2026-07-31,135398611,-1,1,853.1746031749,-231.3161375662,-231.3161375662,0.3214286,30,30,0.49905442000000000,0.499054420000,-1.8798186485229522,-1.8798186485229524,-1.8798186485229522,0E-17,SENTINEL_DEALER,R03b_20260811_FULL_v1,L1_ELIGIBILITY,v2026-08-11,2026-03-21..2026-08-06,baccarat_bet02_101_all_pairs_incl_sentinel,round_win = game_pnl > 0 (decisive only),COMPATIBILITY_ONLY_NOT_PRODUCTION,519274.8434,465718.2974,168.8526,6121,6023,-0.00032517,0.01119525,-0.01075540,-0.00032517,-168.8526,519274.8434,OK,0.0000,6.7541,4.0000,96.0000,AG03-UNRESOLVED,ALL5_LEVELS_bet23_to_bet27,6.7541,6.7541,6.7541,8.4426,0.0000,4.000000,4.000000,4.000000,5.000000,0.000000,96.000000,96.000000,96.000000,95.000000,100.000000,5.0,28.7049,26.9321,140.1477,141.9205,PENDING_AG03,FALSE,NOT_FOR_ENFORCEMENT,162.0985,447089.5655,168.8526,162.0985,6.7541,0.00032517,0.00031216,6.7541,162.0985,0.00031216,6.7541,6.7541,6.7541,8.4426,0.0000,162.0985,0.00031216,28.7049,26.9321,140.1477,141.9205,0.00026989,0.00027331,0.00001301,84.8350,77.3233,0.0280,5.6284,0.3838,17309.1614,200.7667,91.2509,79.7578,34.0832,58.2266,102.2495,170.4158,241.2244,332.7233,51.1247,0.0,4.142857,5.714285,1.45698,29,141,174,4,0.47516736,0.00032517,-0.01119525,0E-8,0.000000,0.896863,0.000000,0.02195065,2026-06-03,2026-08-03,30,440,303,62,0.483871,1.144100,1.075628,1.583891,,,,,,,,GLOBAL_BASELINE_NO_ENTITY_RANKING,,,NOT_APPLICABLE_GLOBAL_BASELINE,HF9g-P5,,,,X 全窗基线 · 不参与实体赏罚,6879341,688,A168_HF9F_20260827_0900,2026-08-27 09:00:00
2026-07-31,135398611,1330,0,262.8968253968,43.8161375662,43.8161375662,0.6250000,9,9,0.50516123333333333,0.505161233333,0.6779465561619745,0.6779465561638555,0.6779465561619745,3.3333E-13,ELIGIBLE,R03b_20260811_FULL_v1,L1_ELIGIBILITY,v2026-08-11,2026-03-21..2026-08-06,baccarat_bet02_101_all_pairs_incl_sentinel,round_win = game_pnl > 0 (decisive only),COMPATIBILITY_ONLY_NOT_PRODUCTION,519274.8434,465718.2974,168.8526,6121,6023,-0.00032517,0.01119525,-0.01075540,-0.00032517,-168.8526,519274.8434,OK,0.0000,6.7541,4.0000,96.0000,AG03-UNRESOLVED,ALL5_LEVELS_bet23_to_bet27,6.7541,6.7541,6.7541,8.4426,0.0000,4.000000,4.000000,4.000000,5.000000,0.000000,96.000000,96.000000,96.000000,95.000000,100.000000,5.0,28.7049,26.9321,140.1477,141.9205,PENDING_AG03,FALSE,NOT_FOR_ENFORCEMENT,162.0985,447089.5655,168.8526,162.0985,6.7541,0.00032517,0.00031216,6.7541,162.0985,0.00031216,6.7541,6.7541,6.7541,8.4426,0.0000,162.0985,0.00031216,28.7049,26.9321,140.1477,141.9205,0.00026989,0.00027331,0.00001301,84.8350,77.3233,0.0280,5.6284,0.3838,17309.1614,200.7667,91.2509,79.7578,34.0832,58.2266,102.2495,170.4158,241.2244,332.7233,51.1247,0.0,4.142857,5.714285,1.45698,29,141,174,4,0.47516736,0.00032517,-0.01119525,0E-8,0.000000,0.896863,0.000000,0.02195065,2026-06-03,2026-08-03,30,440,303,62,0.483871,1.144100,1.075628,1.583891,,,,,,,,GLOBAL_BASELINE_NO_ENTITY_RANKING,,,NOT_APPLICABLE_GLOBAL_BASELINE,HF9g-P5,,,,X 全窗基线 · 不参与实体赏罚,6879342,688,A168_HF9F_20260827_0900,2026-08-27 09:00:00
2026-07-31,135398611,1490,0,271.1640211641,-0.2480158731,-0.2480158731,0.5714286,7,7,0.49899058571428571,0.498990585714,0.38330657246501415,0.3833065724665265,0.38330657246501415,2.8571E-13,ELIGIBLE,R03b_20260811_FULL_v1,L1_ELIGIBILITY,v2026-08-11,2026-03-21..2026-08-06,baccarat_bet02_101_all_pairs_incl_sentinel,round_win = game_pnl > 0 (decisive only),COMPATIBILITY_ONLY_NOT_PRODUCTION,519274.8434,465718.2974,168.8526,6121,6023,-0.00032517,0.01119525,-0.01075540,-0.00032517,-168.8526,519274.8434,OK,0.0000,6.7541,4.0000,96.0000,AG03-UNRESOLVED,ALL5_LEVELS_bet23_to_bet27,6.7541,6.7541,6.7541,8.4426,0.0000,4.000000,4.000000,4.000000,5.000000,0.000000,96.000000,96.000000,96.000000,95.000000,100.000000,5.0,28.7049,26.9321,140.1477,141.9205,PENDING_AG03,FALSE,NOT_FOR_ENFORCEMENT,162.0985,447089.5655,168.8526,162.0985,6.7541,0.00032517,0.00031216,6.7541,162.0985,0.00031216,6.7541,6.7541,6.7541,8.4426,0.0000,162.0985,0.00031216,28.7049,26.9321,140.1477,141.9205,0.00026989,0.00027331,0.00001301,84.8350,77.3233,0.0280,5.6284,0.3838,17309.1614,200.7667,91.2509,79.7578,34.0832,58.2266,102.2495,170.4158,241.2244,332.7233,51.1247,0.0,4.142857,5.714285,1.45698,29,141,174,4,0.47516736,0.00032517,-0.01119525,0E-8,0.000000,0.896863,0.000000,0.02195065,2026-06-03,2026-08-03,30,440,303,62,0.483871,1.144100,1.075628,1.583891,,,,,,,,GLOBAL_BASELINE_NO_ENTITY_RANKING,,,NOT_APPLICABLE_GLOBAL_BASELINE,HF9g-P5,,,,X 全窗基线 · 不参与实体赏罚,6879343,688,A168_HF9F_20260827_0900,2026-08-27 09:00:00
2026-07-31,135398611,2123,0,90.9391534392,-8.2671957672,-8.2671957672,0.5000000,4,4,0.49324550000000000,0.493245500000,0.027020465636507562,0.027020465636507562,0.027020465636507562,0E-17,ELIGIBLE,R03b_20260811_FULL_v1,L1_ELIGIBILITY,v2026-08-11,2026-03-21..2026-08-06,baccarat_bet02_101_all_pairs_incl_sentinel,round_win = game_pnl > 0 (decisive only),COMPATIBILITY_ONLY_NOT_PRODUCTION,519274.8434,465718.2974,168.8526,6121,6023,-0.00032517,0.01119525,-0.01075540,-0.00032517,-168.8526,519274.8434,OK,0.0000,6.7541,4.0000,96.0000,AG03-UNRESOLVED,ALL5_LEVELS_bet23_to_bet27,6.7541,6.7541,6.7541,8.4426,0.0000,4.000000,4.000000,4.000000,5.000000,0.000000,96.000000,96.000000,96.000000,95.000000,100.000000,5.0,28.7049,26.9321,140.1477,141.9205,PENDING_AG03,FALSE,NOT_FOR_ENFORCEMENT,162.0985,447089.5655,168.8526,162.0985,6.7541,0.00032517,0.00031216,6.7541,162.0985,0.00031216,6.7541,6.7541,6.7541,8.4426,0.0000,162.0985,0.00031216,28.7049,26.9321,140.1477,141.9205,0.00026989,0.00027331,0.00001301,84.8350,77.3233,0.0280,5.6284,0.3838,17309.1614,200.7667,91.2509,79.7578,34.0832,58.2266,102.2495,170.4158,241.2244,332.7233,51.1247,0.0,4.142857,5.714285,1.45698,29,141,174,4,0.47516736,0.00032517,-0.01119525,0E-8,0.000000,0.896863,0.000000,0.02195065,2026-06-03,2026-08-03,30,440,303,62,0.483871,1.144100,1.075628,1.583891,,,,,,,,GLOBAL_BASELINE_NO_ENTITY_RANKING,,,NOT_APPLICABLE_GLOBAL_BASELINE,HF9g-P5,,,,X 全窗基线 · 不参与实体赏罚,6879344,688,A168_HF9F_20260827_0900,2026-08-27 09:00:00
2026-07-31,135398611,2174,0,41.3359788360,39.2691798942,39.2691798942,1.0000000,2,2,0.50665070000000000,0.506650700000,1.3955260008387969,1.3955260008387969,1.3955260008387969,0E-17,ELIGIBLE,R03b_20260811_FULL_v1,L1_ELIGIBILITY,v2026-08-11,2026-03-21..2026-08-06,baccarat_bet02_101_all_pairs_incl_sentinel,round_win = game_pnl > 0 (decisive only),COMPATIBILITY_ONLY_NOT_PRODUCTION,519274.8434,465718.2974,168.8526,6121,6023,-0.00032517,0.01119525,-0.01075540,-0.00032517,-168.8526,519274.8434,OK,0.0000,6.7541,4.0000,96.0000,AG03-UNRESOLVED,ALL5_LEVELS_bet23_to_bet27,6.7541,6.7541,6.7541,8.4426,0.0000,4.000000,4.000000,4.000000,5.000000,0.000000,96.000000,96.000000,96.000000,95.000000,100.000000,5.0,28.7049,26.9321,140.1477,141.9205,PENDING_AG03,FALSE,NOT_FOR_ENFORCEMENT,162.0985,447089.5655,168.8526,162.0985,6.7541,0.00032517,0.00031216,6.7541,162.0985,0.00031216,6.7541,6.7541,6.7541,8.4426,0.0000,162.0985,0.00031216,28.7049,26.9321,140.1477,141.9205,0.00026989,0.00027331,0.00001301,84.8350,77.3233,0.0280,5.6284,0.3838,17309.1614,200.7667,91.2509,79.7578,34.0832,58.2266,102.2495,170.4158,241.2244,332.7233,51.1247,0.0,4.142857,5.714285,1.45698,29,141,174,4,0.47516736,0.00032517,-0.01119525,0E-8,0.000000,0.896863,0.000000,0.02195065,2026-06-03,2026-08-03,30,440,303,62,0.483871,1.144100,1.075628,1.583891,,,,,,,,GLOBAL_BASELINE_NO_ENTITY_RANKING,,,NOT_APPLICABLE_GLOBAL_BASELINE,HF9g-P5,,,,X 全窗基线 · 不参与实体赏罚,6879345,688,A168_HF9F_20260827_0900,2026-08-27 09:00:00
2026-07-31,135398611,2235,0,33.0687830688,-33.0687830688,-33.0687830688,0E-7,2,2,0.50665070000000000,0.506650700000,-1.4331513700195317,-1.4331513700195317,-1.4331513700195317,0E-17,ELIGIBLE,R03b_20260811_FULL_v1,L1_ELIGIBILITY,v2026-08-11,2026-03-21..2026-08-06,baccarat_bet02_101_all_pairs_incl_sentinel,round_win = game_pnl > 0 (decisive only),COMPATIBILITY_ONLY_NOT_PRODUCTION,519274.8434,465718.2974,168.8526,6121,6023,-0.00032517,0.01119525,-0.01075540,-0.00032517,-168.8526,519274.8434,OK,0.0000,6.7541,4.0000,96.0000,AG03-UNRESOLVED,ALL5_LEVELS_bet23_to_bet27,6.7541,6.7541,6.7541,8.4426,0.0000,4.000000,4.000000,4.000000,5.000000,0.000000,96.000000,96.000000,96.000000,95.000000,100.000000,5.0,28.7049,26.9321,140.1477,141.9205,PENDING_AG03,FALSE,NOT_FOR_ENFORCEMENT,162.0985,447089.5655,168.8526,162.0985,6.7541,0.00032517,0.00031216,6.7541,162.0985,0.00031216,6.7541,6.7541,6.7541,8.4426,0.0000,162.0985,0.00031216,28.7049,26.9321,140.1477,141.9205,0.00026989,0.00027331,0.00001301,84.8350,77.3233,0.0280,5.6284,0.3838,17309.1614,200.7667,91.2509,79.7578,34.0832,58.2266,102.2495,170.4158,241.2244,332.7233,51.1247,0.0,4.142857,5.714285,1.45698,29,141,174,4,0.47516736,0.00032517,-0.01119525,0E-8,0.000000,0.896863,0.000000,0.02195065,2026-06-03,2026-08-03,30,440,303,62,0.483871,1.144100,1.075628,1.583891,,,,,,,,GLOBAL_BASELINE_NO_ENTITY_RANKING,,,NOT_APPLICABLE_GLOBAL_BASELINE,HF9g-P5,,,,X 全窗基线 · 不参与实体赏罚,6879346,688,A168_HF9F_20260827_0900,2026-08-27 09:00:00
2026-07-31,135398611,2252,0,438.1613756616,272.8174603176,272.8174603176,0.8666667,15,15,0.49324550000000000,0.493245500000,2.892771886713416,2.892771886713416,2.892771886713416,0E-17,ELIGIBLE,R03b_20260811_FULL_v1,L1_ELIGIBILITY,v2026-08-11,2026-03-21..2026-08-06,baccarat_bet02_101_all_pairs_incl_sentinel,round_win = game_pnl > 0 (decisive only),COMPATIBILITY_ONLY_NOT_PRODUCTION,519274.8434,465718.2974,168.8526,6121,6023,-0.00032517,0.01119525,-0.01075540,-0.00032517,-168.8526,519274.8434,OK,0.0000,6.7541,4.0000,96.0000,AG03-UNRESOLVED,ALL5_LEVELS_bet23_to_bet27,6.7541,6.7541,6.7541,8.4426,0.0000,4.000000,4.000000,4.000000,5.000000,0.000000,96.000000,96.000000,96.000000,95.000000,100.000000,5.0,28.7049,26.9321,140.1477,141.9205,PENDING_AG03,FALSE,NOT_FOR_ENFORCEMENT,162.0985,447089.5655,168.8526,162.0985,6.7541,0.00032517,0.00031216,6.7541,162.0985,0.00031216,6.7541,6.7541,6.7541,8.4426,0.0000,162.0985,0.00031216,28.7049,26.9321,140.1477,141.9205,0.00026989,0.00027331,0.00001301,84.8350,77.3233,0.0280,5.6284,0.3838,17309.1614,200.7667,91.2509,79.7578,34.0832,58.2266,102.2495,170.4158,241.2244,332.7233,51.1247,0.0,4.142857,5.714285,1.45698,29,141,174,4,0.47516736,0.00032517,-0.01119525,0E-8,0.000000,0.896863,0.000000,0.02195065,2026-06-03,2026-08-03,30,440,303,62,0.483871,1.144100,1.075628,1.583891,,,,,,,,GLOBAL_BASELINE_NO_ENTITY_RANKING,,,NOT_APPLICABLE_GLOBAL_BASELINE,HF9g-P5,,,,X 全窗基线 · 不参与实体赏罚,6879347,688,A168_HF9F_20260827_0900,2026-08-27 09:00:00
2026-08-01,135398611,-1,1,2506.6137566136,165.6746031745,165.6746031745,0.6000000,25,23,0.50512422795031041,0.504902195652,0.848639270705073,0.850621504574111,0.848639270705073,0.00022203229831041,SENTINEL_DEALER,R03b_20260811_FULL_v1,L1_ELIGIBILITY,v2026-08-11,2026-03-21..2026-08-06,baccarat_bet02_101_all_pairs_incl_sentinel,round_win = game_pnl > 0 (decisive only),COMPATIBILITY_ONLY_NOT_PRODUCTION,519274.8434,465718.2974,168.8526,6121,6023,-0.00032517,0.01119525,-0.01075540,-0.00032517,-168.8526,519274.8434,OK,0.0000,6.7541,4.0000,96.0000,AG03-UNRESOLVED,ALL5_LEVELS_bet23_to_bet27,6.7541,6.7541,6.7541,8.4426,0.0000,4.000000,4.000000,4.000000,5.000000,0.000000,96.000000,96.000000,96.000000,95.000000,100.000000,5.0,28.7049,26.9321,140.1477,141.9205,PENDING_AG03,FALSE,NOT_FOR_ENFORCEMENT,162.0985,447089.5655,168.8526,162.0985,6.7541,0.00032517,0.00031216,6.7541,162.0985,0.00031216,6.7541,6.7541,6.7541,8.4426,0.0000,162.0985,0.00031216,28.7049,26.9321,140.1477,141.9205,0.00026989,0.00027331,0.00001301,84.8350,77.3233,0.0280,5.6284,0.3838,17309.1614,200.7667,91.2509,79.7578,34.0832,58.2266,102.2495,170.4158,241.2244,332.7233,51.1247,0.0,4.142857,5.714285,1.45698,29,141,174,4,0.47516736,0.00032517,-0.01119525,0E-8,0.000000,0.896863,0.000000,0.02195065,2026-06-03,2026-08-03,30,440,303,62,0.483871,1.144100,1.075628,1.583891,,,,,,,,GLOBAL_BASELINE_NO_ENTITY_RANKING,,,NOT_APPLICABLE_GLOBAL_BASELINE,HF9g-P5,,,,X 全窗基线 · 不参与实体赏罚,6879348,688,A168_HF9F_20260827_0900,2026-08-27 09:00:00
2026-08-01,135398611,789,0,72.7513227513,-33.0687830688,-33.0687830688,0E-7,2,2,0.50665070000000000,0.506650700000,-1.013391052207602,-1.013391052207602,-1.013391052207602,0E-17,ELIGIBLE,R03b_20260811_FULL_v1,L1_ELIGIBILITY,v2026-08-11,2026-03-21..2026-08-06,baccarat_bet02_101_all_pairs_incl_sentinel,round_win = game_pnl > 0 (decisive only),COMPATIBILITY_ONLY_NOT_PRODUCTION,519274.8434,465718.2974,168.8526,6121,6023,-0.00032517,0.01119525,-0.01075540,-0.00032517,-168.8526,519274.8434,OK,0.0000,6.7541,4.0000,96.0000,AG03-UNRESOLVED,ALL5_LEVELS_bet23_to_bet27,6.7541,6.7541,6.7541,8.4426,0.0000,4.000000,4.000000,4.000000,5.000000,0.000000,96.000000,96.000000,96.000000,95.000000,100.000000,5.0,28.7049,26.9321,140.1477,141.9205,PENDING_AG03,FALSE,NOT_FOR_ENFORCEMENT,162.0985,447089.5655,168.8526,162.0985,6.7541,0.00032517,0.00031216,6.7541,162.0985,0.00031216,6.7541,6.7541,6.7541,8.4426,0.0000,162.0985,0.00031216,28.7049,26.9321,140.1477,141.9205,0.00026989,0.00027331,0.00001301,84.8350,77.3233,0.0280,5.6284,0.3838,17309.1614,200.7667,91.2509,79.7578,34.0832,58.2266,102.2495,170.4158,241.2244,332.7233,51.1247,0.0,4.142857,5.714285,1.45698,29,141,174,4,0.47516736,0.00032517,-0.01119525,0E-8,0.000000,0.896863,0.000000,0.02195065,2026-06-03,2026-08-03,30,440,303,62,0.483871,1.144100,1.075628,1.583891,,,,,,,,GLOBAL_BASELINE_NO_ENTITY_RANKING,,,NOT_APPLICABLE_GLOBAL_BASELINE,HF9g-P5,,,,X 全窗基线 · 不参与实体赏罚,6879349,688,A168_HF9F_20260827_0900,2026-08-27 09:00:00
2026-08-02,135398611,-1,1,2888.5582010594,297.2056878308,297.2056878308,0.5465116,100,99,0.49532029898989899,0.494280758586,0.9494992975321825,0.9688016920836096,0.9494992975321825,0.00103954040389899,SENTINEL_DEALER,R03b_20260811_FULL_v1,L1_ELIGIBILITY,v2026-08-11,2026-03-21..2026-08-06,baccarat_bet02_101_all_pairs_incl_sentinel,round_win = game_pnl > 0 (decisive only),COMPATIBILITY_ONLY_NOT_PRODUCTION,519274.8434,465718.2974,168.8526,6121,6023,-0.00032517,0.01119525,-0.01075540,-0.00032517,-168.8526,519274.8434,OK,0.0000,6.7541,4.0000,96.0000,AG03-UNRESOLVED,ALL5_LEVELS_bet23_to_bet27,6.7541,6.7541,6.7541,8.4426,0.0000,4.000000,4.000000,4.000000,5.000000,0.000000,96.000000,96.000000,96.000000,95.000000,100.000000,5.0,28.7049,26.9321,140.1477,141.9205,PENDING_AG03,FALSE,NOT_FOR_ENFORCEMENT,162.0985,447089.5655,168.8526,162.0985,6.7541,0.00032517,0.00031216,6.7541,162.0985,0.00031216,6.7541,6.7541,6.7541,8.4426,0.0000,162.0985,0.00031216,28.7049,26.9321,140.1477,141.9205,0.00026989,0.00027331,0.00001301,84.8350,77.3233,0.0280,5.6284,0.3838,17309.1614,200.7667,91.2509,79.7578,34.0832,58.2266,102.2495,170.4158,241.2244,332.7233,51.1247,0.0,4.142857,5.714285,1.45698,29,141,174,4,0.47516736,0.00032517,-0.01119525,0E-8,0.000000,0.896863,0.000000,0.02195065,2026-06-03,2026-08-03,30,440,303,62,0.483871,1.144100,1.075628,1.583891,,,,,,,,GLOBAL_BASELINE_NO_ENTITY_RANKING,,,NOT_APPLICABLE_GLOBAL_BASELINE,HF9g-P5,,,,X 全窗基线 · 不参与实体赏罚,6879350,688,A168_HF9F_20260827_0900,2026-08-27 09:00:00
2026-08-02,135398611,2233,0,66.1375661376,-66.1375661376,-66.1375661376,0E-7,4,4,0.49659680000000000,0.496596800000,-1.9864332133590707,-1.986433213359071,-1.9864332133590707,0E-17,ELIGIBLE,R03b_20260811_FULL_v1,L1_ELIGIBILITY,v2026-08-11,2026-03-21..2026-08-06,baccarat_bet02_101_all_pairs_incl_sentinel,round_win = game_pnl > 0 (decisive only),COMPATIBILITY_ONLY_NOT_PRODUCTION,519274.8434,465718.2974,168.8526,6121,6023,-0.00032517,0.01119525,-0.01075540,-0.00032517,-168.8526,519274.8434,OK,0.0000,6.7541,4.0000,96.0000,AG03-UNRESOLVED,ALL5_LEVELS_bet23_to_bet27,6.7541,6.7541,6.7541,8.4426,0.0000,4.000000,4.000000,4.000000,5.000000,0.000000,96.000000,96.000000,96.000000,95.000000,100.000000,5.0,28.7049,26.9321,140.1477,141.9205,PENDING_AG03,FALSE,NOT_FOR_ENFORCEMENT,162.0985,447089.5655,168.8526,162.0985,6.7541,0.00032517,0.00031216,6.7541,162.0985,0.00031216,6.7541,6.7541,6.7541,8.4426,0.0000,162.0985,0.00031216,28.7049,26.9321,140.1477,141.9205,0.00026989,0.00027331,0.00001301,84.8350,77.3233,0.0280,5.6284,0.3838,17309.1614,200.7667,91.2509,79.7578,34.0832,58.2266,102.2495,170.4158,241.2244,332.7233,51.1247,0.0,4.142857,5.714285,1.45698,29,141,174,4,0.47516736,0.00032517,-0.01119525,0E-8,0.000000,0.896863,0.000000,0.02195065,2026-06-03,2026-08-03,30,440,303,62,0.483871,1.144100,1.075628,1.583891,,,,,,,,GLOBAL_BASELINE_NO_ENTITY_RANKING,,,NOT_APPLICABLE_GLOBAL_BASELINE,HF9g-P5,,,,X 全窗基线 · 不参与实体赏罚,6879351,688,A168_HF9F_20260827_0900,2026-08-27 09:00:00
2026-08-02,135398611,2287,0,33.0687830688,-16.5343915344,-16.5343915344,0E-7,2,2,0.50665070000000000,0.506650700000,-1.013391052207602,-1.013391052207602,-1.013391052207602,0E-17,ELIGIBLE,R03b_20260811_FULL_v1,L1_ELIGIBILITY,v2026-08-11,2026-03-21..2026-08-06,baccarat_bet02_101_all_pairs_incl_sentinel,round_win = game_pnl > 0 (decisive only),COMPATIBILITY_ONLY_NOT_PRODUCTION,519274.8434,465718.2974,168.8526,6121,6023,-0.00032517,0.01119525,-0.01075540,-0.00032517,-168.8526,519274.8434,OK,0.0000,6.7541,4.0000,96.0000,AG03-UNRESOLVED,ALL5_LEVELS_bet23_to_bet27,6.7541,6.7541,6.7541,8.4426,0.0000,4.000000,4.000000,4.000000,5.000000,0.000000,96.000000,96.000000,96.000000,95.000000,100.000000,5.0,28.7049,26.9321,140.1477,141.9205,PENDING_AG03,FALSE,NOT_FOR_ENFORCEMENT,162.0985,447089.5655,168.8526,162.0985,6.7541,0.00032517,0.00031216,6.7541,162.0985,0.00031216,6.7541,6.7541,6.7541,8.4426,0.0000,162.0985,0.00031216,28.7049,26.9321,140.1477,141.9205,0.00026989,0.00027331,0.00001301,84.8350,77.3233,0.0280,5.6284,0.3838,17309.1614,200.7667,91.2509,79.7578,34.0832,58.2266,102.2495,170.4158,241.2244,332.7233,51.1247,0.0,4.142857,5.714285,1.45698,29,141,174,4,0.47516736,0.00032517,-0.01119525,0E-8,0.000000,0.896863,0.000000,0.02195065,2026-06-03,2026-08-03,30,440,303,62,0.483871,1.144100,1.075628,1.583891,,,,,,,,GLOBAL_BASELINE_NO_ENTITY_RANKING,,,NOT_APPLICABLE_GLOBAL_BASELINE,HF9g-P5,,,,X 全窗基线 · 不参与实体赏罚,6879352,688,A168_HF9F_20260827_0900,2026-08-27 09:00:00
2026-08-03,135398611,-1,1,1565.8068783075,339.6164021165,339.6164021165,0.6060606,36,36,0.49659680000000000,0.496596800000,1.2576725153729116,1.2576725153729114,1.2576725153729116,0E-17,SENTINEL_DEALER,R03b_20260811_FULL_v1,L1_ELIGIBILITY,v2026-08-11,2026-03-21..2026-08-06,baccarat_bet02_101_all_pairs_incl_sentinel,round_win = game_pnl > 0 (decisive only),COMPATIBILITY_ONLY_NOT_PRODUCTION,519274.8434,465718.2974,168.8526,6121,6023,-0.00032517,0.01119525,-0.01075540,-0.00032517,-168.8526,519274.8434,OK,0.0000,6.7541,4.0000,96.0000,AG03-UNRESOLVED,ALL5_LEVELS_bet23_to_bet27,6.7541,6.7541,6.7541,8.4426,0.0000,4.000000,4.000000,4.000000,5.000000,0.000000,96.000000,96.000000,96.000000,95.000000,100.000000,5.0,28.7049,26.9321,140.1477,141.9205,PENDING_AG03,FALSE,NOT_FOR_ENFORCEMENT,162.0985,447089.5655,168.8526,162.0985,6.7541,0.00032517,0.00031216,6.7541,162.0985,0.00031216,6.7541,6.7541,6.7541,8.4426,0.0000,162.0985,0.00031216,28.7049,26.9321,140.1477,141.9205,0.00026989,0.00027331,0.00001301,84.8350,77.3233,0.0280,5.6284,0.3838,17309.1614,200.7667,91.2509,79.7578,34.0832,58.2266,102.2495,170.4158,241.2244,332.7233,51.1247,0.0,4.142857,5.714285,1.45698,29,141,174,4,0.47516736,0.00032517,-0.01119525,0E-8,0.000000,0.896863,0.000000,0.02195065,2026-06-03,2026-08-03,30,440,303,62,0.483871,1.144100,1.075628,1.583891,,,,,,,,GLOBAL_BASELINE_NO_ENTITY_RANKING,,,NOT_APPLICABLE_GLOBAL_BASELINE,HF9g-P5,,,,X 全窗基线 · 不参与实体赏罚,6879353,688,A168_HF9F_20260827_0900,2026-08-27 09:00:00
2026-08-03,135398611,1401,0,107.4735449736,-42.9894179895,-42.9894179895,0.3333333,6,6,0.50218230000000000,0.502182300000,-0.8271955028234007,-0.8271955028234007,-0.8271955028234007,0E-17,ELIGIBLE,R03b_20260811_FULL_v1,L1_ELIGIBILITY,v2026-08-11,2026-03-21..2026-08-06,baccarat_bet02_101_all_pairs_incl_sentinel,round_win = game_pnl > 0 (decisive only),COMPATIBILITY_ONLY_NOT_PRODUCTION,519274.8434,465718.2974,168.8526,6121,6023,-0.00032517,0.01119525,-0.01075540,-0.00032517,-168.8526,519274.8434,OK,0.0000,6.7541,4.0000,96.0000,AG03-UNRESOLVED,ALL5_LEVELS_bet23_to_bet27,6.7541,6.7541,6.7541,8.4426,0.0000,4.000000,4.000000,4.000000,5.000000,0.000000,96.000000,96.000000,96.000000,95.000000,100.000000,5.0,28.7049,26.9321,140.1477,141.9205,PENDING_AG03,FALSE,NOT_FOR_ENFORCEMENT,162.0985,447089.5655,168.8526,162.0985,6.7541,0.00032517,0.00031216,6.7541,162.0985,0.00031216,6.7541,6.7541,6.7541,8.4426,0.0000,162.0985,0.00031216,28.7049,26.9321,140.1477,141.9205,0.00026989,0.00027331,0.00001301,84.8350,77.3233,0.0280,5.6284,0.3838,17309.1614,200.7667,91.2509,79.7578,34.0832,58.2266,102.2495,170.4158,241.2244,332.7233,51.1247,0.0,4.142857,5.714285,1.45698,29,141,174,4,0.47516736,0.00032517,-0.01119525,0E-8,0.000000,0.896863,0.000000,0.02195065,2026-06-03,2026-08-03,30,440,303,62,0.483871,1.144100,1.075628,1.583891,,,,,,,,GLOBAL_BASELINE_NO_ENTITY_RANKING,,,NOT_APPLICABLE_GLOBAL_BASELINE,HF9g-P5,,,,X 全窗基线 · 不参与实体赏罚,6879354,688,A168_HF9F_20260827_0900,2026-08-27 09:00:00
2026-08-03,135398611,2149,0,195.1058201058,-33.0687830688,-33.0687830688,0.3333333,6,6,0.50665070000000000,0.506650700000,-0.6004420894325239,-0.6004420894325239,-0.6004420894325239,0E-17,ELIGIBLE,R03b_20260811_FULL_v1,L1_ELIGIBILITY,v2026-08-11,2026-03-21..2026-08-06,baccarat_bet02_101_all_pairs_incl_sentinel,round_win = game_pnl > 0 (decisive only),COMPATIBILITY_ONLY_NOT_PRODUCTION,519274.8434,465718.2974,168.8526,6121,6023,-0.00032517,0.01119525,-0.01075540,-0.00032517,-168.8526,519274.8434,OK,0.0000,6.7541,4.0000,96.0000,AG03-UNRESOLVED,ALL5_LEVELS_bet23_to_bet27,6.7541,6.7541,6.7541,8.4426,0.0000,4.000000,4.000000,4.000000,5.000000,0.000000,96.000000,96.000000,96.000000,95.000000,100.000000,5.0,28.7049,26.9321,140.1477,141.9205,PENDING_AG03,FALSE,NOT_FOR_ENFORCEMENT,162.0985,447089.5655,168.8526,162.0985,6.7541,0.00032517,0.00031216,6.7541,162.0985,0.00031216,6.7541,6.7541,6.7541,8.4426,0.0000,162.0985,0.00031216,28.7049,26.9321,140.1477,141.9205,0.00026989,0.00027331,0.00001301,84.8350,77.3233,0.0280,5.6284,0.3838,17309.1614,200.7667,91.2509,79.7578,34.0832,58.2266,102.2495,170.4158,241.2244,332.7233,51.1247,0.0,4.142857,5.714285,1.45698,29,141,174,4,0.47516736,0.00032517,-0.01119525,0E-8,0.000000,0.896863,0.000000,0.02195065,2026-06-03,2026-08-03,30,440,303,62,0.483871,1.144100,1.075628,1.583891,,,,,,,,GLOBAL_BASELINE_NO_ENTITY_RANKING,,,NOT_APPLICABLE_GLOBAL_BASELINE,HF9g-P5,,,,X 全窗基线 · 不参与实体赏罚,6879355,688,A168_HF9F_20260827_0900,2026-08-27 09:00:00
2026-08-03,135398611,2178,0,16.5343915344,-16.5343915344,-16.5343915344,0E-7,1,1,0.49324550000000000,0.493245500000,-0.9865810262130424,-0.9865810262130424,-0.9865810262130424,0E-17,ELIGIBLE,R03b_20260811_FULL_v1,L1_ELIGIBILITY,v2026-08-11,2026-03-21..2026-08-06,baccarat_bet02_101_all_pairs_incl_sentinel,round_win = game_pnl > 0 (decisive only),COMPATIBILITY_ONLY_NOT_PRODUCTION,519274.8434,465718.2974,168.8526,6121,6023,-0.00032517,0.01119525,-0.01075540,-0.00032517,-168.8526,519274.8434,OK,0.0000,6.7541,4.0000,96.0000,AG03-UNRESOLVED,ALL5_LEVELS_bet23_to_bet27,6.7541,6.7541,6.7541,8.4426,0.0000,4.000000,4.000000,4.000000,5.000000,0.000000,96.000000,96.000000,96.000000,95.000000,100.000000,5.0,28.7049,26.9321,140.1477,141.9205,PENDING_AG03,FALSE,NOT_FOR_ENFORCEMENT,162.0985,447089.5655,168.8526,162.0985,6.7541,0.00032517,0.00031216,6.7541,162.0985,0.00031216,6.7541,6.7541,6.7541,8.4426,0.0000,162.0985,0.00031216,28.7049,26.9321,140.1477,141.9205,0.00026989,0.00027331,0.00001301,84.8350,77.3233,0.0280,5.6284,0.3838,17309.1614,200.7667,91.2509,79.7578,34.0832,58.2266,102.2495,170.4158,241.2244,332.7233,51.1247,0.0,4.142857,5.714285,1.45698,29,141,174,4,0.47516736,0.00032517,-0.01119525,0E-8,0.000000,0.896863,0.000000,0.02195065,2026-06-03,2026-08-03,30,440,303,62,0.483871,1.144100,1.075628,1.583891,,,,,,,,GLOBAL_BASELINE_NO_ENTITY_RANKING,,,NOT_APPLICABLE_GLOBAL_BASELINE,HF9g-P5,,,,X 全窗基线 · 不参与实体赏罚,6879356,688,A168_HF9F_20260827_0900,2026-08-27 09:00:00
2026-08-03,135398611,2235,0,46.2962962962,0E-10,0E-10,,2,2,0.49994810000000000,0.499948100000,,,,0E-17,NO_DECISIVE_ROUND,R03b_20260811_FULL_v1,L1_ELIGIBILITY,v2026-08-11,2026-03-21..2026-08-06,baccarat_bet02_101_all_pairs_incl_sentinel,round_win = game_pnl > 0 (decisive only),COMPATIBILITY_ONLY_NOT_PRODUCTION,519274.8434,465718.2974,168.8526,6121,6023,-0.00032517,0.01119525,-0.01075540,-0.00032517,-168.8526,519274.8434,OK,0.0000,6.7541,4.0000,96.0000,AG03-UNRESOLVED,ALL5_LEVELS_bet23_to_bet27,6.7541,6.7541,6.7541,8.4426,0.0000,4.000000,4.000000,4.000000,5.000000,0.000000,96.000000,96.000000,96.000000,95.000000,100.000000,5.0,28.7049,26.9321,140.1477,141.9205,PENDING_AG03,FALSE,NOT_FOR_ENFORCEMENT,162.0985,447089.5655,168.8526,162.0985,6.7541,0.00032517,0.00031216,6.7541,162.0985,0.00031216,6.7541,6.7541,6.7541,8.4426,0.0000,162.0985,0.00031216,28.7049,26.9321,140.1477,141.9205,0.00026989,0.00027331,0.00001301,84.8350,77.3233,0.0280,5.6284,0.3838,17309.1614,200.7667,91.2509,79.7578,34.0832,58.2266,102.2495,170.4158,241.2244,332.7233,51.1247,0.0,4.142857,5.714285,1.45698,29,141,174,4,0.47516736,0.00032517,-0.01119525,0E-8,0.000000,0.896863,0.000000,0.02195065,2026-06-03,2026-08-03,30,440,303,62,0.483871,1.144100,1.075628,1.583891,,,,,,,,GLOBAL_BASELINE_NO_ENTITY_RANKING,,,NOT_APPLICABLE_GLOBAL_BASELINE,HF9g-P5,,,,X 全窗基线 · 不参与实体赏罚,6879357,688,A168_HF9F_20260827_0900,2026-08-27 09:00:00
2026-04-23,130981467,-1,1,269.8543208316,47.2245061455,47.2245061455,0.6666667,6,3,0.46412023918558796,0.286204116667,0.7034549398703297,1.4579666307491548,0.7034549398703297,0.17791612251858796,SENTINEL_DEALER,R03b_20260811_FULL_v1,L1_ELIGIBILITY,v2026-08-11,2026-03-21..2026-08-06,baccarat_bet02_101_all_pairs_incl_sentinel,round_win = game_pnl > 0 (decisive only),COMPATIBILITY_ONLY_NOT_PRODUCTION,485.9486,485.9486,168.8698,8,5,-0.34750542,,-0.34750542,-0.34750542,-168.8698,485.9486,THIN_EXPOSURE,0.0000,6.7548,4.0000,96.0000,AG03-UNRESOLVED,ALL5_LEVELS_bet23_to_bet27,6.7548,6.7548,6.7548,10.1322,10.1322,4.000000,4.000000,4.000000,6.000000,6.000000,96.000000,96.000000,96.000000,94.000000,94.000000,5.0,40.5287,36.8554,128.3410,132.0144,PENDING_AG03,FALSE,NOT_FOR_ENFORCEMENT,162.1150,466.5107,168.8698,162.1150,6.7548,0.34750542,0.33360521,6.7548,162.1150,0.33360521,6.7548,6.7548,6.7548,10.1322,10.1322,162.1150,0.33360521,40.5287,36.8554,128.3410,132.0144,0.26410412,0.27166331,0.01390022,60.7436,97.1897,33.7740,168.8698,56.2899,485.9486,5.0000,,60.7436,8.4329,67.4636,108.0471,112.8961,113.8448,113.8448,67.4636,-8.4329,1.6875,1.6875,0.900391,3,3,1,4,0E-8,0.34750542,,0E-8,0.000000,1.000000,0.000000,,2026-04-23,2026-04-23,1,3,3,1,1.000000,,,0.000000,,,,,,,,GLOBAL_BASELINE_NO_ENTITY_RANKING,,,NOT_APPLICABLE_GLOBAL_BASELINE,HF9g-P5,,,,X 全窗基线 · 不参与实体赏罚,6879358,688,A168_HF9F_20260827_0900,2026-08-27 09:00:00
2026-04-23,130981467,1623,0,110.6824362785,-110.6824362785,-110.6824362785,0E-7,1,1,0.49324550000000000,0.493245500000,-0.9865810262130424,-0.9865810262130424,-0.9865810262130424,0E-17,ELIGIBLE,R03b_20260811_FULL_v1,L1_ELIGIBILITY,v2026-08-11,2026-03-21..2026-08-06,baccarat_bet02_101_all_pairs_incl_sentinel,round_win = game_pnl > 0 (decisive only),COMPATIBILITY_ONLY_NOT_PRODUCTION,485.9486,485.9486,168.8698,8,5,-0.34750542,,-0.34750542,-0.34750542,-168.8698,485.9486,THIN_EXPOSURE,0.0000,6.7548,4.0000,96.0000,AG03-UNRESOLVED,ALL5_LEVELS_bet23_to_bet27,6.7548,6.7548,6.7548,10.1322,10.1322,4.000000,4.000000,4.000000,6.000000,6.000000,96.000000,96.000000,96.000000,94.000000,94.000000,5.0,40.5287,36.8554,128.3410,132.0144,PENDING_AG03,FALSE,NOT_FOR_ENFORCEMENT,162.1150,466.5107,168.8698,162.1150,6.7548,0.34750542,0.33360521,6.7548,162.1150,0.33360521,6.7548,6.7548,6.7548,10.1322,10.1322,162.1150,0.33360521,40.5287,36.8554,128.3410,132.0144,0.26410412,0.27166331,0.01390022,60.7436,97.1897,33.7740,168.8698,56.2899,485.9486,5.0000,,60.7436,8.4329,67.4636,108.0471,112.8961,113.8448,113.8448,67.4636,-8.4329,1.6875,1.6875,0.900391,3,3,1,4,0E-8,0.34750542,,0E-8,0.000000,1.000000,0.000000,,2026-04-23,2026-04-23,1,3,3,1,1.000000,,,0.000000,,,,,,,,GLOBAL_BASELINE_NO_ENTITY_RANKING,,,NOT_APPLICABLE_GLOBAL_BASELINE,HF9g-P5,,,,X 全窗基线 · 不参与实体赏罚,6879359,688,A168_HF9F_20260827_0900,2026-08-27 09:00:00
2026-04-23,130981467,1940,0,105.4118440748,-105.4118440748,-105.4118440748,0E-7,1,1,0.50665070000000000,0.506650700000,-1.013391052207602,-1.013391052207602,-1.013391052207602,0E-17,ELIGIBLE,R03b_20260811_FULL_v1,L1_ELIGIBILITY,v2026-08-11,2026-03-21..2026-08-06,baccarat_bet02_101_all_pairs_incl_sentinel,round_win = game_pnl > 0 (decisive only),COMPATIBILITY_ONLY_NOT_PRODUCTION,485.9486,485.9486,168.8698,8,5,-0.34750542,,-0.34750542,-0.34750542,-168.8698,485.9486,THIN_EXPOSURE,0.0000,6.7548,4.0000,96.0000,AG03-UNRESOLVED,ALL5_LEVELS_bet23_to_bet27,6.7548,6.7548,6.7548,10.1322,10.1322,4.000000,4.000000,4.000000,6.000000,6.000000,96.000000,96.000000,96.000000,94.000000,94.000000,5.0,40.5287,36.8554,128.3410,132.0144,PENDING_AG03,FALSE,NOT_FOR_ENFORCEMENT,162.1150,466.5107,168.8698,162.1150,6.7548,0.34750542,0.33360521,6.7548,162.1150,0.33360521,6.7548,6.7548,6.7548,10.1322,10.1322,162.1150,0.33360521,40.5287,36.8554,128.3410,132.0144,0.26410412,0.27166331,0.01390022,60.7436,97.1897,33.7740,168.8698,56.2899,485.9486,5.0000,,60.7436,8.4329,67.4636,108.0471,112.8961,113.8448,113.8448,67.4636,-8.4329,1.6875,1.6875,0.900391,3,3,1,4,0E-8,0.34750542,,0E-8,0.000000,1.000000,0.000000,,2026-04-23,2026-04-23,1,3,3,1,1.000000,,,0.000000,,,,,,,,GLOBAL_BASELINE_NO_ENTITY_RANKING,,,NOT_APPLICABLE_GLOBAL_BASELINE,HF9g-P5,,,,X 全窗基线 · 不参与实体赏罚,6879360,688,A168_HF9F_20260827_0900,2026-08-27 09:00:00
2026-04-12,145893669,2214,0,168.8697742078,-168.8697742078,-168.8697742078,0E-7,1,1,0.49324550000000000,0.493245500000,-0.9865810262130424,-0.9865810262130424,-0.9865810262130424,0E-17,ELIGIBLE,R03b_20260811_FULL_v1,L1_ELIGIBILITY,v2026-08-11,2026-03-21..2026-08-06,baccarat_bet02_101_all_pairs_incl_sentinel,round_win = game_pnl > 0 (decisive only),COMPATIBILITY_ONLY_NOT_PRODUCTION,168.8698,168.8698,168.8698,1,1,-1.00000000,,-1.00000000,-1.00000000,-168.8698,168.8698,THIN_EXPOSURE,0.0000,6.7548,4.0000,96.0000,AG03-UNRESOLVED,ALL5_LEVELS_bet23_to_bet27,6.7548,6.7548,6.7548,8.4435,8.4435,4.000000,4.000000,4.000000,5.000000,5.000000,96.000000,96.000000,96.000000,95.000000,95.000000,5.0,37.1514,34.0316,131.7184,134.8382,PENDING_AG03,FALSE,NOT_FOR_ENFORCEMENT,162.1150,162.1150,168.8698,162.1150,6.7548,1.00000000,0.96000000,6.7548,162.1150,0.96000000,6.7548,6.7548,6.7548,8.4435,8.4435,162.1150,0.96000000,37.1514,34.0316,131.7184,134.8382,0.78000000,0.79847424,0.04000000,168.8698,168.8698,168.8698,168.8698,168.8698,168.8698,1.0000,,168.8698,168.8698,168.8698,168.8698,168.8698,168.8698,168.8698,168.8698,-168.8698,1.0,1.0,1.0,1,1,1,1,0E-8,1.00000000,,0E-8,0.000000,1.000000,0.000000,,2026-04-12,2026-04-12,1,1,1,1,1.000000,,,0.000000,,,,,,,,GLOBAL_BASELINE_NO_ENTITY_RANKING,,,NOT_APPLICABLE_GLOBAL_BASELINE,HF9g-P5,,,,X 全窗基线 · 不参与实体赏罚,6879361,688,A168_HF9F_20260827_0900,2026-08-27 09:00:00
2026-04-23,149054733,-1,1,168.8697742078,-168.8697742078,-168.8697742078,0E-7,2,1,0.42948817191019644,0.300626750000,-0.8676474156186008,-0.655630731788307,-0.8676474156186008,0.12886142191019644,SENTINEL_DEALER,R03b_20260811_FULL_v1,L1_ELIGIBILITY,v2026-08-11,2026-03-21..2026-08-06,baccarat_bet02_101_all_pairs_incl_sentinel,round_win = game_pnl > 0 (decisive only),COMPATIBILITY_ONLY_NOT_PRODUCTION,168.8698,168.8698,168.8698,2,1,-1.00000000,,-1.00000000,-1.00000000,-168.8698,168.8698,THIN_EXPOSURE,0.0000,6.7548,4.0000,96.0000,AG03-UNRESOLVED,ALL5_LEVELS_bet23_to_bet27,6.7548,6.7548,6.7548,10.1322,10.1322,4.000000,4.000000,4.000000,6.000000,6.000000,96.000000,96.000000,96.000000,94.000000,94.000000,5.0,40.5287,36.8554,128.3410,132.0144,PENDING_AG03,FALSE,NOT_FOR_ENFORCEMENT,162.1150,162.1150,168.8698,162.1150,6.7548,1.00000000,0.96000000,6.7548,162.1150,0.96000000,6.7548,6.7548,6.7548,10.1322,10.1322,162.1150,0.96000000,40.5287,36.8554,128.3410,132.0144,0.76000000,0.78175273,0.04000000,84.4349,168.8698,168.8698,168.8698,168.8698,168.8698,1.0000,,84.4349,31.6236,84.4349,137.2462,137.2462,137.2462,137.2462,84.4349,-84.4349,1.625468,1.625468,1.0,1,1,1,2,0E-8,1.00000000,,0E-8,0.000000,1.000000,0.000000,,2026-04-23,2026-04-23,1,1,1,1,1.000000,,,0.000000,,,,,,,,GLOBAL_BASELINE_NO_ENTITY_RANKING,,,NOT_APPLICABLE_GLOBAL_BASELINE,HF9g-P5,,,,X 全窗基线 · 不参与实体赏罚,6879362,688,A168_HF9F_20260827_0900,2026-08-27 09:00:00
2026-06-02,150886354,1004,0,105.9344037555,-105.9344037555,-105.9344037555,0E-7,2,1,0.48542897647049969,0.293924150000,-0.9712704705922007,-0.6451964315166089,-0.9712704705922007,0.19150482647049969,ELIGIBLE,R03b_20260811_FULL_v1,L1_ELIGIBILITY,v2026-08-11,2026-03-21..2026-08-06,baccarat_bet02_101_all_pairs_incl_sentinel,round_win = game_pnl > 0 (decisive only),COMPATIBILITY_ONLY_NOT_PRODUCTION,249.8806,249.8806,168.8719,4,3,-0.67581047,,-0.67581047,-0.67581047,-168.8719,249.8806,THIN_EXPOSURE,0.0000,6.7549,4.0000,96.0000,AG03-UNRESOLVED,ALL5_LEVELS_bet23_to_bet27,6.7549,6.7549,6.7549,13.5098,13.5098,4.000000,4.000000,4.000000,8.000000,8.000000,96.000000,96.000000,96.000000,92.000000,92.000000,5.0,47.2841,42.4138,121.5878,126.4581,PENDING_AG03,FALSE,NOT_FOR_ENFORCEMENT,162.1170,239.8853,168.8719,162.1170,6.7549,0.67581047,0.64877805,6.7549,162.1170,0.64877805,6.7549,6.7549,6.7549,13.5098,13.5098,162.1170,0.64877805,47.2841,42.4138,121.5878,126.4581,0.48658354,0.50607429,0.02703242,62.4701,83.2935,56.2906,168.8719,84.4360,249.8806,3.0000,,62.4701,21.81,71.9731,103.1303,103.8573,103.8573,103.8573,71.9731,-52.2402,1.443001,1.443001,0.867965,2,2,1,3,0E-8,0.67581047,,0E-8,0.000000,1.000000,0.000000,,2026-06-02,2026-06-02,1,2,2,1,1.000000,,,0.000000,,,,,,,,GLOBAL_BASELINE_NO_ENTITY_RANKING,,,NOT_APPLICABLE_GLOBAL_BASELINE,HF9g-P5,,,,X 全窗基线 · 不参与实体赏罚,6879363,688,A168_HF9F_20260827_0900,2026-08-27 09:00:00
2026-06-02,150886354,1994,0,143.9461603971,-62.9374987018,-62.9374987018,0.5000000,2,2,0.49994810000000000,0.499948100000,0.00014679536856514622,0.00014679536856514622,0.00014679536856514622,0E-17,ELIGIBLE,R03b_20260811_FULL_v1,L1_ELIGIBILITY,v2026-08-11,2026-03-21..2026-08-06,baccarat_bet02_101_all_pairs_incl_sentinel,round_win = game_pnl > 0 (decisive only),COMPATIBILITY_ONLY_NOT_PRODUCTION,249.8806,249.8806,168.8719,4,3,-0.67581047,,-0.67581047,-0.67581047,-168.8719,249.8806,THIN_EXPOSURE,0.0000,6.7549,4.0000,96.0000,AG03-UNRESOLVED,ALL5_LEVELS_bet23_to_bet27,6.7549,6.7549,6.7549,13.5098,13.5098,4.000000,4.000000,4.000000,8.000000,8.000000,96.000000,96.000000,96.000000,92.000000,92.000000,5.0,47.2841,42.4138,121.5878,126.4581,PENDING_AG03,FALSE,NOT_FOR_ENFORCEMENT,162.1170,239.8853,168.8719,162.1170,6.7549,0.67581047,0.64877805,6.7549,162.1170,0.64877805,6.7549,6.7549,6.7549,13.5098,13.5098,162.1170,0.64877805,47.2841,42.4138,121.5878,126.4581,0.48658354,0.50607429,0.02703242,62.4701,83.2935,56.2906,168.8719,84.4360,249.8806,3.0000,,62.4701,21.81,71.9731,103.1303,103.8573,103.8573,103.8573,71.9731,-52.2402,1.443001,1.443001,0.867965,2,2,1,3,0E-8,0.67581047,,0E-8,0.000000,1.000000,0.000000,,2026-06-02,2026-06-02,1,2,2,1,1.000000,,,0.000000,,,,,,,,GLOBAL_BASELINE_NO_ENTITY_RANKING,,,NOT_APPLICABLE_GLOBAL_BASELINE,HF9g-P5,,,,X 全窗基线 · 不参与实体赏罚,6879364,688,A168_HF9F_20260827_0900,2026-08-27 09:00:00
2026-06-16,151615992,-1,1,10.2862139018,0E-10,0E-10,0.5000000,2,2,0.49994810000000000,0.499948100000,0.00014679536856514622,0.00014679536856514622,0.00014679536856514622,0E-17,SENTINEL_DEALER,R03b_20260811_FULL_v1,L1_ELIGIBILITY,v2026-08-11,2026-03-21..2026-08-06,baccarat_bet02_101_all_pairs_incl_sentinel,round_win = game_pnl > 0 (decisive only),COMPATIBILITY_ONLY_NOT_PRODUCTION,11944.5842,10557.8505,168.8720,524,480,-0.01413796,-0.01094599,-0.60400000,-0.01413796,-168.8720,11944.5842,OK,0.0000,6.7549,4.0000,96.0000,AG03-UNRESOLVED,ALL5_LEVELS_bet23_to_bet27,6.7549,6.7549,6.7549,8.4436,8.4436,4.000000,4.000000,4.000000,5.000000,5.000000,96.000000,96.000000,96.000000,95.000000,95.000000,5.0,37.1518,34.0321,131.7202,134.8399,PENDING_AG03,FALSE,NOT_FOR_ENFORCEMENT,162.1171,10135.5364,168.8720,162.1171,6.7549,0.01413796,0.01357244,6.7549,162.1171,0.01357244,6.7549,6.7549,6.7549,8.4436,8.4436,162.1171,0.01357244,37.1518,34.0321,131.7202,134.8399,0.01102761,0.01128879,0.00056552,22.7950,21.9955,0.3518,12.0623,0.6809,853.1846,34.2857,23.0238,8.0361,5.137,10.2741,25.6852,52.7183,87.2639,175.0453,5.1636,0.0,8.493614,17.037596,2.218695,29,105,17,8,0.99461774,0.01413796,0.01094599,0E-8,0.000000,0.883903,0.000000,0.59305401,2026-06-16,2026-08-06,14,248,169,52,0.269231,2.865048,1.010038,3.315392,,,,,,,,GLOBAL_BASELINE_NO_ENTITY_RANKING,,,NOT_APPLICABLE_GLOBAL_BASELINE,HF9g-P5,,,,X 全窗基线 · 不参与实体赏罚,6879365,688,A168_HF9F_20260827_0900,2026-08-27 09:00:00
2026-06-16,151615992,1966,0,5.1431069509,-5.1431069509,-5.1431069509,0E-7,1,1,0.50665070000000000,0.506650700000,-1.013391052207602,-1.013391052207602,-1.013391052207602,0E-17,ELIGIBLE,R03b_20260811_FULL_v1,L1_ELIGIBILITY,v2026-08-11,2026-03-21..2026-08-06,baccarat_bet02_101_all_pairs_incl_sentinel,round_win = game_pnl > 0 (decisive only),COMPATIBILITY_ONLY_NOT_PRODUCTION,11944.5842,10557.8505,168.8720,524,480,-0.01413796,-0.01094599,-0.60400000,-0.01413796,-168.8720,11944.5842,OK,0.0000,6.7549,4.0000,96.0000,AG03-UNRESOLVED,ALL5_LEVELS_bet23_to_bet27,6.7549,6.7549,6.7549,8.4436,8.4436,4.000000,4.000000,4.000000,5.000000,5.000000,96.000000,96.000000,96.000000,95.000000,95.000000,5.0,37.1518,34.0321,131.7202,134.8399,PENDING_AG03,FALSE,NOT_FOR_ENFORCEMENT,162.1171,10135.5364,168.8720,162.1171,6.7549,0.01413796,0.01357244,6.7549,162.1171,0.01357244,6.7549,6.7549,6.7549,8.4436,8.4436,162.1171,0.01357244,37.1518,34.0321,131.7202,134.8399,0.01102761,0.01128879,0.00056552,22.7950,21.9955,0.3518,12.0623,0.6809,853.1846,34.2857,23.0238,8.0361,5.137,10.2741,25.6852,52.7183,87.2639,175.0453,5.1636,0.0,8.493614,17.037596,2.218695,29,105,17,8,0.99461774,0.01413796,0.01094599,0E-8,0.000000,0.883903,0.000000,0.59305401,2026-06-16,2026-08-06,14,248,169,52,0.269231,2.865048,1.010038,3.315392,,,,,,,,GLOBAL_BASELINE_NO_ENTITY_RANKING,,,NOT_APPLICABLE_GLOBAL_BASELINE,HF9g-P5,,,,X 全窗基线 · 不参与实体赏罚,6879366,688,A168_HF9F_20260827_0900,2026-08-27 09:00:00
2026-06-16,151615992,2103,0,43.7164090827,-28.5442435775,-28.5442435775,0.3333333,4,4,0.49994810000000000,0.499948100000,-0.5771704854251445,-0.5771704854251445,-0.5771704854251445,0E-17,ELIGIBLE,R03b_20260811_FULL_v1,L1_ELIGIBILITY,v2026-08-11,2026-03-21..2026-08-06,baccarat_bet02_101_all_pairs_incl_sentinel,round_win = game_pnl > 0 (decisive only),COMPATIBILITY_ONLY_NOT_PRODUCTION,11944.5842,10557.8505,168.8720,524,480,-0.01413796,-0.01094599,-0.60400000,-0.01413796,-168.8720,11944.5842,OK,0.0000,6.7549,4.0000,96.0000,AG03-UNRESOLVED,ALL5_LEVELS_bet23_to_bet27,6.7549,6.7549,6.7549,8.4436,8.4436,4.000000,4.000000,4.000000,5.000000,5.000000,96.000000,96.000000,96.000000,95.000000,95.000000,5.0,37.1518,34.0321,131.7202,134.8399,PENDING_AG03,FALSE,NOT_FOR_ENFORCEMENT,162.1171,10135.5364,168.8720,162.1171,6.7549,0.01413796,0.01357244,6.7549,162.1171,0.01357244,6.7549,6.7549,6.7549,8.4436,8.4436,162.1171,0.01357244,37.1518,34.0321,131.7202,134.8399,0.01102761,0.01128879,0.00056552,22.7950,21.9955,0.3518,12.0623,0.6809,853.1846,34.2857,23.0238,8.0361,5.137,10.2741,25.6852,52.7183,87.2639,175.0453,5.1636,0.0,8.493614,17.037596,2.218695,29,105,17,8,0.99461774,0.01413796,0.01094599,0E-8,0.000000,0.883903,0.000000,0.59305401,2026-06-16,2026-08-06,14,248,169,52,0.269231,2.865048,1.010038,3.315392,,,,,,,,GLOBAL_BASELINE_NO_ENTITY_RANKING,,,NOT_APPLICABLE_GLOBAL_BASELINE,HF9g-P5,,,,X 全窗基线 · 不参与实体赏罚,6879367,688,A168_HF9F_20260827_0900,2026-08-27 09:00:00
2026-06-16,151615992,2127,0,5.1431069509,-5.1431069509,-5.1431069509,0E-7,1,1,0.50665070000000000,0.506650700000,-1.013391052207602,-1.013391052207602,-1.013391052207602,0E-17,ELIGIBLE,R03b_20260811_FULL_v1,L1_ELIGIBILITY,v2026-08-11,2026-03-21..2026-08-06,baccarat_bet02_101_all_pairs_incl_sentinel,round_win = game_pnl > 0 (decisive only),COMPATIBILITY_ONLY_NOT_PRODUCTION,11944.5842,10557.8505,168.8720,524,480,-0.01413796,-0.01094599,-0.60400000,-0.01413796,-168.8720,11944.5842,OK,0.0000,6.7549,4.0000,96.0000,AG03-UNRESOLVED,ALL5_LEVELS_bet23_to_bet27,6.7549,6.7549,6.7549,8.4436,8.4436,4.000000,4.000000,4.000000,5.000000,5.000000,96.000000,96.000000,96.000000,95.000000,95.000000,5.0,37.1518,34.0321,131.7202,134.8399,PENDING_AG03,FALSE,NOT_FOR_ENFORCEMENT,162.1171,10135.5364,168.8720,162.1171,6.7549,0.01413796,0.01357244,6.7549,162.1171,0.01357244,6.7549,6.7549,6.7549,8.4436,8.4436,162.1171,0.01357244,37.1518,34.0321,131.7202,134.8399,0.01102761,0.01128879,0.00056552,22.7950,21.9955,0.3518,12.0623,0.6809,853.1846,34.2857,23.0238,8.0361,5.137,10.2741,25.6852,52.7183,87.2639,175.0453,5.1636,0.0,8.493614,17.037596,2.218695,29,105,17,8,0.99461774,0.01413796,0.01094599,0E-8,0.000000,0.883903,0.000000,0.59305401,2026-06-16,2026-08-06,14,248,169,52,0.269231,2.865048,1.010038,3.315392,,,,,,,,GLOBAL_BASELINE_NO_ENTITY_RANKING,,,NOT_APPLICABLE_GLOBAL_BASELINE,HF9g-P5,,,,X 全窗基线 · 不参与实体赏罚,6879368,688,A168_HF9F_20260827_0900,2026-08-27 09:00:00
2026-07-11,151615992,-1,1,18.0724446854,2.0654222498,2.0654222498,0.5000000,2,2,0.50665070000000000,0.506650700000,-0.018812684590367487,-0.018812684590367487,-0.018812684590367487,0E-17,SENTINEL_DEALER,R03b_20260811_FULL_v1,L1_ELIGIBILITY,v2026-08-11,2026-03-21..2026-08-06,baccarat_bet02_101_all_pairs_incl_sentinel,round_win = game_pnl > 0 (decisive only),COMPATIBILITY_ONLY_NOT_PRODUCTION,11944.5842,10557.8505,168.8720,524,480,-0.01413796,-0.01094599,-0.60400000,-0.01413796,-168.8720,11944.5842,OK,0.0000,6.7549,4.0000,96.0000,AG03-UNRESOLVED,ALL5_LEVELS_bet23_to_bet27,6.7549,6.7549,6.7549,8.4436,8.4436,4.000000,4.000000,4.000000,5.000000,5.000000,96.000000,96.000000,96.000000,95.000000,95.000000,5.0,37.1518,34.0321,131.7202,134.8399,PENDING_AG03,FALSE,NOT_FOR_ENFORCEMENT,162.1171,10135.5364,168.8720,162.1171,6.7549,0.01413796,0.01357244,6.7549,162.1171,0.01357244,6.7549,6.7549,6.7549,8.4436,8.4436,162.1171,0.01357244,37.1518,34.0321,131.7202,134.8399,0.01102761,0.01128879,0.00056552,22.7950,21.9955,0.3518,12.0623,0.6809,853.1846,34.2857,23.0238,8.0361,5.137,10.2741,25.6852,52.7183,87.2639,175.0453,5.1636,0.0,8.493614,17.037596,2.218695,29,105,17,8,0.99461774,0.01413796,0.01094599,0E-8,0.000000,0.883903,0.000000,0.59305401,2026-06-16,2026-08-06,14,248,169,52,0.269231,2.865048,1.010038,3.315392,,,,,,,,GLOBAL_BASELINE_NO_ENTITY_RANKING,,,NOT_APPLICABLE_GLOBAL_BASELINE,HF9g-P5,,,,X 全窗基线 · 不参与实体赏罚,6879369,688,A168_HF9F_20260827_0900,2026-08-27 09:00:00
2026-07-11,151615992,1210,0,10.3271112488,-10.3271112488,-10.3271112488,0E-7,1,1,0.50665070000000000,0.506650700000,-1.013391052207602,-1.013391052207602,-1.013391052207602,0E-17,ELIGIBLE,R03b_20260811_FULL_v1,L1_ELIGIBILITY,v2026-08-11,2026-03-21..2026-08-06,baccarat_bet02_101_all_pairs_incl_sentinel,round_win = game_pnl > 0 (decisive only),COMPATIBILITY_ONLY_NOT_PRODUCTION,11944.5842,10557.8505,168.8720,524,480,-0.01413796,-0.01094599,-0.60400000,-0.01413796,-168.8720,11944.5842,OK,0.0000,6.7549,4.0000,96.0000,AG03-UNRESOLVED,ALL5_LEVELS_bet23_to_bet27,6.7549,6.7549,6.7549,8.4436,8.4436,4.000000,4.000000,4.000000,5.000000,5.000000,96.000000,96.000000,96.000000,95.000000,95.000000,5.0,37.1518,34.0321,131.7202,134.8399,PENDING_AG03,FALSE,NOT_FOR_ENFORCEMENT,162.1171,10135.5364,168.8720,162.1171,6.7549,0.01413796,0.01357244,6.7549,162.1171,0.01357244,6.7549,6.7549,6.7549,8.4436,8.4436,162.1171,0.01357244,37.1518,34.0321,131.7202,134.8399,0.01102761,0.01128879,0.00056552,22.7950,21.9955,0.3518,12.0623,0.6809,853.1846,34.2857,23.0238,8.0361,5.137,10.2741,25.6852,52.7183,87.2639,175.0453,5.1636,0.0,8.493614,17.037596,2.218695,29,105,17,8,0.99461774,0.01413796,0.01094599,0E-8,0.000000,0.883903,0.000000,0.59305401,2026-06-16,2026-08-06,14,248,169,52,0.269231,2.865048,1.010038,3.315392,,,,,,,,GLOBAL_BASELINE_NO_ENTITY_RANKING,,,NOT_APPLICABLE_GLOBAL_BASELINE,HF9g-P5,,,,X 全窗基线 · 不参与实体赏罚,6879370,688,A168_HF9F_20260827_0900,2026-08-27 09:00:00
2026-07-11,151615992,1490,0,10.3271112488,-10.3271112488,-10.3271112488,0E-7,1,1,0.49324550000000000,0.493245500000,-0.9865810262130424,-0.9865810262130424,-0.9865810262130424,0E-17,ELIGIBLE,R03b_20260811_FULL_v1,L1_ELIGIBILITY,v2026-08-11,2026-03-21..2026-08-06,baccarat_bet02_101_all_pairs_incl_sentinel,round_win = game_pnl > 0 (decisive only),COMPATIBILITY_ONLY_NOT_PRODUCTION,11944.5842,10557.8505,168.8720,524,480,-0.01413796,-0.01094599,-0.60400000,-0.01413796,-168.8720,11944.5842,OK,0.0000,6.7549,4.0000,96.0000,AG03-UNRESOLVED,ALL5_LEVELS_bet23_to_bet27,6.7549,6.7549,6.7549,8.4436,8.4436,4.000000,4.000000,4.000000,5.000000,5.000000,96.000000,96.000000,96.000000,95.000000,95.000000,5.0,37.1518,34.0321,131.7202,134.8399,PENDING_AG03,FALSE,NOT_FOR_ENFORCEMENT,162.1171,10135.5364,168.8720,162.1171,6.7549,0.01413796,0.01357244,6.7549,162.1171,0.01357244,6.7549,6.7549,6.7549,8.4436,8.4436,162.1171,0.01357244,37.1518,34.0321,131.7202,134.8399,0.01102761,0.01128879,0.00056552,22.7950,21.9955,0.3518,12.0623,0.6809,853.1846,34.2857,23.0238,8.0361,5.137,10.2741,25.6852,52.7183,87.2639,175.0453,5.1636,0.0,8.493614,17.037596,2.218695,29,105,17,8,0.99461774,0.01413796,0.01094599,0E-8,0.000000,0.883903,0.000000,0.59305401,2026-06-16,2026-08-06,14,248,169,52,0.269231,2.865048,1.010038,3.315392,,,,,,,,GLOBAL_BASELINE_NO_ENTITY_RANKING,,,NOT_APPLICABLE_GLOBAL_BASELINE,HF9g-P5,,,,X 全窗基线 · 不参与实体赏罚,6879371,688,A168_HF9F_20260827_0900,2026-08-27 09:00:00
2026-07-11,151615992,2205,0,10.3271112488,-10.3271112488,-10.3271112488,0E-7,1,1,0.50665070000000000,0.506650700000,-1.013391052207602,-1.013391052207602,-1.013391052207602,0E-17,ELIGIBLE,R03b_20260811_FULL_v1,L1_ELIGIBILITY,v2026-08-11,2026-03-21..2026-08-06,baccarat_bet02_101_all_pairs_incl_sentinel,round_win = game_pnl > 0 (decisive only),COMPATIBILITY_ONLY_NOT_PRODUCTION,11944.5842,10557.8505,168.8720,524,480,-0.01413796,-0.01094599,-0.60400000,-0.01413796,-168.8720,11944.5842,OK,0.0000,6.7549,4.0000,96.0000,AG03-UNRESOLVED,ALL5_LEVELS_bet23_to_bet27,6.7549,6.7549,6.7549,8.4436,8.4436,4.000000,4.000000,4.000000,5.000000,5.000000,96.000000,96.000000,96.000000,95.000000,95.000000,5.0,37.1518,34.0321,131.7202,134.8399,PENDING_AG03,FALSE,NOT_FOR_ENFORCEMENT,162.1171,10135.5364,168.8720,162.1171,6.7549,0.01413796,0.01357244,6.7549,162.1171,0.01357244,6.7549,6.7549,6.7549,8.4436,8.4436,162.1171,0.01357244,37.1518,34.0321,131.7202,134.8399,0.01102761,0.01128879,0.00056552,22.7950,21.9955,0.3518,12.0623,0.6809,853.1846,34.2857,23.0238,8.0361,5.137,10.2741,25.6852,52.7183,87.2639,175.0453,5.1636,0.0,8.493614,17.037596,2.218695,29,105,17,8,0.99461774,0.01413796,0.01094599,0E-8,0.000000,0.883903,0.000000,0.59305401,2026-06-16,2026-08-06,14,248,169,52,0.269231,2.865048,1.010038,3.315392,,,,,,,,GLOBAL_BASELINE_NO_ENTITY_RANKING,,,NOT_APPLICABLE_GLOBAL_BASELINE,HF9g-P5,,,,X 全窗基线 · 不参与实体赏罚,6879372,688,A168_HF9F_20260827_0900,2026-08-27 09:00:00
2026-07-11,151615992,2251,0,10.3271112488,-10.3271112488,-10.3271112488,0E-7,1,1,0.49324550000000000,0.493245500000,-0.9865810262130424,-0.9865810262130424,-0.9865810262130424,0E-17,ELIGIBLE,R03b_20260811_FULL_v1,L1_ELIGIBILITY,v2026-08-11,2026-03-21..2026-08-06,baccarat_bet02_101_all_pairs_incl_sentinel,round_win = game_pnl > 0 (decisive only),COMPATIBILITY_ONLY_NOT_PRODUCTION,11944.5842,10557.8505,168.8720,524,480,-0.01413796,-0.01094599,-0.60400000,-0.01413796,-168.8720,11944.5842,OK,0.0000,6.7549,4.0000,96.0000,AG03-UNRESOLVED,ALL5_LEVELS_bet23_to_bet27,6.7549,6.7549,6.7549,8.4436,8.4436,4.000000,4.000000,4.000000,5.000000,5.000000,96.000000,96.000000,96.000000,95.000000,95.000000,5.0,37.1518,34.0321,131.7202,134.8399,PENDING_AG03,FALSE,NOT_FOR_ENFORCEMENT,162.1171,10135.5364,168.8720,162.1171,6.7549,0.01413796,0.01357244,6.7549,162.1171,0.01357244,6.7549,6.7549,6.7549,8.4436,8.4436,162.1171,0.01357244,37.1518,34.0321,131.7202,134.8399,0.01102761,0.01128879,0.00056552,22.7950,21.9955,0.3518,12.0623,0.6809,853.1846,34.2857,23.0238,8.0361,5.137,10.2741,25.6852,52.7183,87.2639,175.0453,5.1636,0.0,8.493614,17.037596,2.218695,29,105,17,8,0.99461774,0.01413796,0.01094599,0E-8,0.000000,0.883903,0.000000,0.59305401,2026-06-16,2026-08-06,14,248,169,52,0.269231,2.865048,1.010038,3.315392,,,,,,,,GLOBAL_BASELINE_NO_ENTITY_RANKING,,,NOT_APPLICABLE_GLOBAL_BASELINE,HF9g-P5,,,,X 全窗基线 · 不参与实体赏罚,6879373,688,A168_HF9F_20260827_0900,2026-08-27 09:00:00
2026-07-11,151615992,986,0,84.9404900214,68.6494720265,68.6494720265,0.8000000,5,5,0.49860758000000000,0.498607580000,1.3478731046594083,1.3478731046594083,1.3478731046594083,0E-17,ELIGIBLE,R03b_20260811_FULL_v1,L1_ELIGIBILITY,v2026-08-11,2026-03-21..2026-08-06,baccarat_bet02_101_all_pairs_incl_sentinel,round_win = game_pnl > 0 (decisive only),COMPATIBILITY_ONLY_NOT_PRODUCTION,11944.5842,10557.8505,168.8720,524,480,-0.01413796,-0.01094599,-0.60400000,-0.01413796,-168.8720,11944.5842,OK,0.0000,6.7549,4.0000,96.0000,AG03-UNRESOLVED,ALL5_LEVELS_bet23_to_bet27,6.7549,6.7549,6.7549,8.4436,8.4436,4.000000,4.000000,4.000000,5.000000,5.000000,96.000000,96.000000,96.000000,95.000000,95.000000,5.0,37.1518,34.0321,131.7202,134.8399,PENDING_AG03,FALSE,NOT_FOR_ENFORCEMENT,162.1171,10135.5364,168.8720,162.1171,6.7549,0.01413796,0.01357244,6.7549,162.1171,0.01357244,6.7549,6.7549,6.7549,8.4436,8.4436,162.1171,0.01357244,37.1518,34.0321,131.7202,134.8399,0.01102761,0.01128879,0.00056552,22.7950,21.9955,0.3518,12.0623,0.6809,853.1846,34.2857,23.0238,8.0361,5.137,10.2741,25.6852,52.7183,87.2639,175.0453,5.1636,0.0,8.493614,17.037596,2.218695,29,105,17,8,0.99461774,0.01413796,0.01094599,0E-8,0.000000,0.883903,0.000000,0.59305401,2026-06-16,2026-08-06,14,248,169,52,0.269231,2.865048,1.010038,3.315392,,,,,,,,GLOBAL_BASELINE_NO_ENTITY_RANKING,,,NOT_APPLICABLE_GLOBAL_BASELINE,HF9g-P5,,,,X 全窗基线 · 不参与实体赏罚,6879374,688,A168_HF9F_20260827_0900,2026-08-27 09:00:00
2026-07-14,151615992,-1,1,36.1448893708,36.1448893708,36.1448893708,1.0000000,1,1,0.49324550000000000,0.493245500000,1.01360149184955,1.01360149184955,1.01360149184955,0E-17,SENTINEL_DEALER,R03b_20260811_FULL_v1,L1_ELIGIBILITY,v2026-08-11,2026-03-21..2026-08-06,baccarat_bet02_101_all_pairs_incl_sentinel,round_win = game_pnl > 0 (decisive only),COMPATIBILITY_ONLY_NOT_PRODUCTION,11944.5842,10557.8505,168.8720,524,480,-0.01413796,-0.01094599,-0.60400000,-0.01413796,-168.8720,11944.5842,OK,0.0000,6.7549,4.0000,96.0000,AG03-UNRESOLVED,ALL5_LEVELS_bet23_to_bet27,6.7549,6.7549,6.7549,8.4436,8.4436,4.000000,4.000000,4.000000,5.000000,5.000000,96.000000,96.000000,96.000000,95.000000,95.000000,5.0,37.1518,34.0321,131.7202,134.8399,PENDING_AG03,FALSE,NOT_FOR_ENFORCEMENT,162.1171,10135.5364,168.8720,162.1171,6.7549,0.01413796,0.01357244,6.7549,162.1171,0.01357244,6.7549,6.7549,6.7549,8.4436,8.4436,162.1171,0.01357244,37.1518,34.0321,131.7202,134.8399,0.01102761,0.01128879,0.00056552,22.7950,21.9955,0.3518,12.0623,0.6809,853.1846,34.2857,23.0238,8.0361,5.137,10.2741,25.6852,52.7183,87.2639,175.0453,5.1636,0.0,8.493614,17.037596,2.218695,29,105,17,8,0.99461774,0.01413796,0.01094599,0E-8,0.000000,0.883903,0.000000,0.59305401,2026-06-16,2026-08-06,14,248,169,52,0.269231,2.865048,1.010038,3.315392,,,,,,,,GLOBAL_BASELINE_NO_ENTITY_RANKING,,,NOT_APPLICABLE_GLOBAL_BASELINE,HF9g-P5,,,,X 全窗基线 · 不参与实体赏罚,6879375,688,A168_HF9F_20260827_0900,2026-08-27 09:00:00
2026-07-14,151615992,1400,0,64.8026230863,61.5624919319,61.5624919319,1.0000000,1,1,0.50665070000000000,0.506650700000,0.9867858985152569,0.9867858985152569,0.9867858985152569,0E-17,ELIGIBLE,R03b_20260811_FULL_v1,L1_ELIGIBILITY,v2026-08-11,2026-03-21..2026-08-06,baccarat_bet02_101_all_pairs_incl_sentinel,round_win = game_pnl > 0 (decisive only),COMPATIBILITY_ONLY_NOT_PRODUCTION,11944.5842,10557.8505,168.8720,524,480,-0.01413796,-0.01094599,-0.60400000,-0.01413796,-168.8720,11944.5842,OK,0.0000,6.7549,4.0000,96.0000,AG03-UNRESOLVED,ALL5_LEVELS_bet23_to_bet27,6.7549,6.7549,6.7549,8.4436,8.4436,4.000000,4.000000,4.000000,5.000000,5.000000,96.000000,96.000000,96.000000,95.000000,95.000000,5.0,37.1518,34.0321,131.7202,134.8399,PENDING_AG03,FALSE,NOT_FOR_ENFORCEMENT,162.1171,10135.5364,168.8720,162.1171,6.7549,0.01413796,0.01357244,6.7549,162.1171,0.01357244,6.7549,6.7549,6.7549,8.4436,8.4436,162.1171,0.01357244,37.1518,34.0321,131.7202,134.8399,0.01102761,0.01128879,0.00056552,22.7950,21.9955,0.3518,12.0623,0.6809,853.1846,34.2857,23.0238,8.0361,5.137,10.2741,25.6852,52.7183,87.2639,175.0453,5.1636,0.0,8.493614,17.037596,2.218695,29,105,17,8,0.99461774,0.01413796,0.01094599,0E-8,0.000000,0.883903,0.000000,0.59305401,2026-06-16,2026-08-06,14,248,169,52,0.269231,2.865048,1.010038,3.315392,,,,,,,,GLOBAL_BASELINE_NO_ENTITY_RANKING,,,NOT_APPLICABLE_GLOBAL_BASELINE,HF9g-P5,,,,X 全窗基线 · 不参与实体赏罚,6879376,688,A168_HF9F_20260827_0900,2026-08-27 09:00:00
2026-07-14,151615992,1509,0,79.2605788346,-79.2605788346,-79.2605788346,0E-7,1,1,0.49324550000000000,0.493245500000,-0.9865810262130424,-0.9865810262130424,-0.9865810262130424,0E-17,ELIGIBLE,R03b_20260811_FULL_v1,L1_ELIGIBILITY,v2026-08-11,2026-03-21..2026-08-06,baccarat_bet02_101_all_pairs_incl_sentinel,round_win = game_pnl > 0 (decisive only),COMPATIBILITY_ONLY_NOT_PRODUCTION,11944.5842,10557.8505,168.8720,524,480,-0.01413796,-0.01094599,-0.60400000,-0.01413796,-168.8720,11944.5842,OK,0.0000,6.7549,4.0000,96.0000,AG03-UNRESOLVED,ALL5_LEVELS_bet23_to_bet27,6.7549,6.7549,6.7549,8.4436,8.4436,4.000000,4.000000,4.000000,5.000000,5.000000,96.000000,96.000000,96.000000,95.000000,95.000000,5.0,37.1518,34.0321,131.7202,134.8399,PENDING_AG03,FALSE,NOT_FOR_ENFORCEMENT,162.1171,10135.5364,168.8720,162.1171,6.7549,0.01413796,0.01357244,6.7549,162.1171,0.01357244,6.7549,6.7549,6.7549,8.4436,8.4436,162.1171,0.01357244,37.1518,34.0321,131.7202,134.8399,0.01102761,0.01128879,0.00056552,22.7950,21.9955,0.3518,12.0623,0.6809,853.1846,34.2857,23.0238,8.0361,5.137,10.2741,25.6852,52.7183,87.2639,175.0453,5.1636,0.0,8.493614,17.037596,2.218695,29,105,17,8,0.99461774,0.01413796,0.01094599,0E-8,0.000000,0.883903,0.000000,0.59305401,2026-06-16,2026-08-06,14,248,169,52,0.269231,2.865048,1.010038,3.315392,,,,,,,,GLOBAL_BASELINE_NO_ENTITY_RANKING,,,NOT_APPLICABLE_GLOBAL_BASELINE,HF9g-P5,,,,X 全窗基线 · 不参与实体赏罚,6879377,688,A168_HF9F_20260827_0900,2026-08-27 09:00:00
2026-07-14,151615992,2108,0,10.3271112488,-10.3271112488,-10.3271112488,0E-7,1,1,0.49324550000000000,0.493245500000,-0.9865810262130424,-0.9865810262130424,-0.9865810262130424,0E-17,ELIGIBLE,R03b_20260811_FULL_v1,L1_ELIGIBILITY,v2026-08-11,2026-03-21..2026-08-06,baccarat_bet02_101_all_pairs_incl_sentinel,round_win = game_pnl > 0 (decisive only),COMPATIBILITY_ONLY_NOT_PRODUCTION,11944.5842,10557.8505,168.8720,524,480,-0.01413796,-0.01094599,-0.60400000,-0.01413796,-168.8720,11944.5842,OK,0.0000,6.7549,4.0000,96.0000,AG03-UNRESOLVED,ALL5_LEVELS_bet23_to_bet27,6.7549,6.7549,6.7549,8.4436,8.4436,4.000000,4.000000,4.000000,5.000000,5.000000,96.000000,96.000000,96.000000,95.000000,95.000000,5.0,37.1518,34.0321,131.7202,134.8399,PENDING_AG03,FALSE,NOT_FOR_ENFORCEMENT,162.1171,10135.5364,168.8720,162.1171,6.7549,0.01413796,0.01357244,6.7549,162.1171,0.01357244,6.7549,6.7549,6.7549,8.4436,8.4436,162.1171,0.01357244,37.1518,34.0321,131.7202,134.8399,0.01102761,0.01128879,0.00056552,22.7950,21.9955,0.3518,12.0623,0.6809,853.1846,34.2857,23.0238,8.0361,5.137,10.2741,25.6852,52.7183,87.2639,175.0453,5.1636,0.0,8.493614,17.037596,2.218695,29,105,17,8,0.99461774,0.01413796,0.01094599,0E-8,0.000000,0.883903,0.000000,0.59305401,2026-06-16,2026-08-06,14,248,169,52,0.269231,2.865048,1.010038,3.315392,,,,,,,,GLOBAL_BASELINE_NO_ENTITY_RANKING,,,NOT_APPLICABLE_GLOBAL_BASELINE,HF9g-P5,,,,X 全窗基线 · 不参与实体赏罚,6879378,688,A168_HF9F_20260827_0900,2026-08-27 09:00:00
2026-07-14,151615992,2233,0,41.3084449952,29.1740892779,29.1740892779,0.5000000,3,2,0.27843095000000000,0.278430950000,0.699079215823939,0.6990792158239391,0.699079215823939,0E-17,ELIGIBLE,R03b_20260811_FULL_v1,L1_ELIGIBILITY,v2026-08-11,2026-03-21..2026-08-06,baccarat_bet02_101_all_pairs_incl_sentinel,round_win = game_pnl > 0 (decisive only),COMPATIBILITY_ONLY_NOT_PRODUCTION,11944.5842,10557.8505,168.8720,524,480,-0.01413796,-0.01094599,-0.60400000,-0.01413796,-168.8720,11944.5842,OK,0.0000,6.7549,4.0000,96.0000,AG03-UNRESOLVED,ALL5_LEVELS_bet23_to_bet27,6.7549,6.7549,6.7549,8.4436,8.4436,4.000000,4.000000,4.000000,5.000000,5.000000,96.000000,96.000000,96.000000,95.000000,95.000000,5.0,37.1518,34.0321,131.7202,134.8399,PENDING_AG03,FALSE,NOT_FOR_ENFORCEMENT,162.1171,10135.5364,168.8720,162.1171,6.7549,0.01413796,0.01357244,6.7549,162.1171,0.01357244,6.7549,6.7549,6.7549,8.4436,8.4436,162.1171,0.01357244,37.1518,34.0321,131.7202,134.8399,0.01102761,0.01128879,0.00056552,22.7950,21.9955,0.3518,12.0623,0.6809,853.1846,34.2857,23.0238,8.0361,5.137,10.2741,25.6852,52.7183,87.2639,175.0453,5.1636,0.0,8.493614,17.037596,2.218695,29,105,17,8,0.99461774,0.01413796,0.01094599,0E-8,0.000000,0.883903,0.000000,0.59305401,2026-06-16,2026-08-06,14,248,169,52,0.269231,2.865048,1.010038,3.315392,,,,,,,,GLOBAL_BASELINE_NO_ENTITY_RANKING,,,NOT_APPLICABLE_GLOBAL_BASELINE,HF9g-P5,,,,X 全窗基线 · 不参与实体赏罚,6879379,688,A168_HF9F_20260827_0900,2026-08-27 09:00:00
2026-07-14,151615992,2276,0,10.5852890300,-10.5852890300,-10.5852890300,0E-7,1,1,0.50665070000000000,0.506650700000,-1.013391052207602,-1.013391052207602,-1.013391052207602,0E-17,ELIGIBLE,R03b_20260811_FULL_v1,L1_ELIGIBILITY,v2026-08-11,2026-03-21..2026-08-06,baccarat_bet02_101_all_pairs_incl_sentinel,round_win = game_pnl > 0 (decisive only),COMPATIBILITY_ONLY_NOT_PRODUCTION,11944.5842,10557.8505,168.8720,524,480,-0.01413796,-0.01094599,-0.60400000,-0.01413796,-168.8720,11944.5842,OK,0.0000,6.7549,4.0000,96.0000,AG03-UNRESOLVED,ALL5_LEVELS_bet23_to_bet27,6.7549,6.7549,6.7549,8.4436,8.4436,4.000000,4.000000,4.000000,5.000000,5.000000,96.000000,96.000000,96.000000,95.000000,95.000000,5.0,37.1518,34.0321,131.7202,134.8399,PENDING_AG03,FALSE,NOT_FOR_ENFORCEMENT,162.1171,10135.5364,168.8720,162.1171,6.7549,0.01413796,0.01357244,6.7549,162.1171,0.01357244,6.7549,6.7549,6.7549,8.4436,8.4436,162.1171,0.01357244,37.1518,34.0321,131.7202,134.8399,0.01102761,0.01128879,0.00056552,22.7950,21.9955,0.3518,12.0623,0.6809,853.1846,34.2857,23.0238,8.0361,5.137,10.2741,25.6852,52.7183,87.2639,175.0453,5.1636,0.0,8.493614,17.037596,2.218695,29,105,17,8,0.99461774,0.01413796,0.01094599,0E-8,0.000000,0.883903,0.000000,0.59305401,2026-06-16,2026-08-06,14,248,169,52,0.269231,2.865048,1.010038,3.315392,,,,,,,,GLOBAL_BASELINE_NO_ENTITY_RANKING,,,NOT_APPLICABLE_GLOBAL_BASELINE,HF9g-P5,,,,X 全窗基线 · 不参与实体赏罚,6879380,688,A168_HF9F_20260827_0900,2026-08-27 09:00:00
2026-07-14,151615992,2288,0,51.6355562440,-51.6355562440,-51.6355562440,0E-7,2,2,0.49994810000000000,0.499948100000,-1.4140667746232096,-1.4140667746232096,-1.4140667746232096,0E-17,ELIGIBLE,R03b_20260811_FULL_v1,L1_ELIGIBILITY,v2026-08-11,2026-03-21..2026-08-06,baccarat_bet02_101_all_pairs_incl_sentinel,round_win = game_pnl > 0 (decisive only),COMPATIBILITY_ONLY_NOT_PRODUCTION,11944.5842,10557.8505,168.8720,524,480,-0.01413796,-0.01094599,-0.60400000,-0.01413796,-168.8720,11944.5842,OK,0.0000,6.7549,4.0000,96.0000,AG03-UNRESOLVED,ALL5_LEVELS_bet23_to_bet27,6.7549,6.7549,6.7549,8.4436,8.4436,4.000000,4.000000,4.000000,5.000000,5.000000,96.000000,96.000000,96.000000,95.000000,95.000000,5.0,37.1518,34.0321,131.7202,134.8399,PENDING_AG03,FALSE,NOT_FOR_ENFORCEMENT,162.1171,10135.5364,168.8720,162.1171,6.7549,0.01413796,0.01357244,6.7549,162.1171,0.01357244,6.7549,6.7549,6.7549,8.4436,8.4436,162.1171,0.01357244,37.1518,34.0321,131.7202,134.8399,0.01102761,0.01128879,0.00056552,22.7950,21.9955,0.3518,12.0623,0.6809,853.1846,34.2857,23.0238,8.0361,5.137,10.2741,25.6852,52.7183,87.2639,175.0453,5.1636,0.0,8.493614,17.037596,2.218695,29,105,17,8,0.99461774,0.01413796,0.01094599,0E-8,0.000000,0.883903,0.000000,0.59305401,2026-06-16,2026-08-06,14,248,169,52,0.269231,2.865048,1.010038,3.315392,,,,,,,,GLOBAL_BASELINE_NO_ENTITY_RANKING,,,NOT_APPLICABLE_GLOBAL_BASELINE,HF9g-P5,,,,X 全窗基线 · 不参与实体赏罚,6879381,688,A168_HF9F_20260827_0900,2026-08-27 09:00:00
2026-07-15,151615992,1402,0,51.6355562440,-51.6355562440,-51.6355562440,0E-7,1,1,0.49324550000000000,0.493245500000,-0.9865810262130424,-0.9865810262130424,-0.9865810262130424,0E-17,ELIGIBLE,R03b_20260811_FULL_v1,L1_ELIGIBILITY,v2026-08-11,2026-03-21..2026-08-06,baccarat_bet02_101_all_pairs_incl_sentinel,round_win = game_pnl > 0 (decisive only),COMPATIBILITY_ONLY_NOT_PRODUCTION,11944.5842,10557.8505,168.8720,524,480,-0.01413796,-0.01094599,-0.60400000,-0.01413796,-168.8720,11944.5842,OK,0.0000,6.7549,4.0000,96.0000,AG03-UNRESOLVED,ALL5_LEVELS_bet23_to_bet27,6.7549,6.7549,6.7549,8.4436,8.4436,4.000000,4.000000,4.000000,5.000000,5.000000,96.000000,96.000000,96.000000,95.000000,95.000000,5.0,37.1518,34.0321,131.7202,134.8399,PENDING_AG03,FALSE,NOT_FOR_ENFORCEMENT,162.1171,10135.5364,168.8720,162.1171,6.7549,0.01413796,0.01357244,6.7549,162.1171,0.01357244,6.7549,6.7549,6.7549,8.4436,8.4436,162.1171,0.01357244,37.1518,34.0321,131.7202,134.8399,0.01102761,0.01128879,0.00056552,22.7950,21.9955,0.3518,12.0623,0.6809,853.1846,34.2857,23.0238,8.0361,5.137,10.2741,25.6852,52.7183,87.2639,175.0453,5.1636,0.0,8.493614,17.037596,2.218695,29,105,17,8,0.99461774,0.01413796,0.01094599,0E-8,0.000000,0.883903,0.000000,0.59305401,2026-06-16,2026-08-06,14,248,169,52,0.269231,2.865048,1.010038,3.315392,,,,,,,,GLOBAL_BASELINE_NO_ENTITY_RANKING,,,NOT_APPLICABLE_GLOBAL_BASELINE,HF9g-P5,,,,X 全窗基线 · 不参与实体赏罚,6879382,688,A168_HF9F_20260827_0900,2026-08-27 09:00:00
2026-07-15,151615992,2177,0,38.9848449642,-38.9848449642,-38.9848449642,0E-7,1,1,0.50665070000000000,0.506650700000,-1.013391052207602,-1.013391052207602,-1.013391052207602,0E-17,ELIGIBLE,R03b_20260811_FULL_v1,L1_ELIGIBILITY,v2026-08-11,2026-03-21..2026-08-06,baccarat_bet02_101_all_pairs_incl_sentinel,round_win = game_pnl > 0 (decisive only),COMPATIBILITY_ONLY_NOT_PRODUCTION,11944.5842,10557.8505,168.8720,524,480,-0.01413796,-0.01094599,-0.60400000,-0.01413796,-168.8720,11944.5842,OK,0.0000,6.7549,4.0000,96.0000,AG03-UNRESOLVED,ALL5_LEVELS_bet23_to_bet27,6.7549,6.7549,6.7549,8.4436,8.4436,4.000000,4.000000,4.000000,5.000000,5.000000,96.000000,96.000000,96.000000,95.000000,95.000000,5.0,37.1518,34.0321,131.7202,134.8399,PENDING_AG03,FALSE,NOT_FOR_ENFORCEMENT,162.1171,10135.5364,168.8720,162.1171,6.7549,0.01413796,0.01357244,6.7549,162.1171,0.01357244,6.7549,6.7549,6.7549,8.4436,8.4436,162.1171,0.01357244,37.1518,34.0321,131.7202,134.8399,0.01102761,0.01128879,0.00056552,22.7950,21.9955,0.3518,12.0623,0.6809,853.1846,34.2857,23.0238,8.0361,5.137,10.2741,25.6852,52.7183,87.2639,175.0453,5.1636,0.0,8.493614,17.037596,2.218695,29,105,17,8,0.99461774,0.01413796,0.01094599,0E-8,0.000000,0.883903,0.000000,0.59305401,2026-06-16,2026-08-06,14,248,169,52,0.269231,2.865048,1.010038,3.315392,,,,,,,,GLOBAL_BASELINE_NO_ENTITY_RANKING,,,NOT_APPLICABLE_GLOBAL_BASELINE,HF9g-P5,,,,X 全窗基线 · 不参与实体赏罚,6879383,688,A168_HF9F_20260827_0900,2026-08-27 09:00:00
2026-07-18,151615992,-1,1,1012.0569023828,309.8133374642,309.8133374642,0.6666667,6,6,0.50218230000000000,0.502182300000,0.8058132132962729,0.8058132132962729,0.8058132132962729,0E-17,SENTINEL_DEALER,R03b_20260811_FULL_v1,L1_ELIGIBILITY,v2026-08-11,2026-03-21..2026-08-06,baccarat_bet02_101_all_pairs_incl_sentinel,round_win = game_pnl > 0 (decisive only),COMPATIBILITY_ONLY_NOT_PRODUCTION,11944.5842,10557.8505,168.8720,524,480,-0.01413796,-0.01094599,-0.60400000,-0.01413796,-168.8720,11944.5842,OK,0.0000,6.7549,4.0000,96.0000,AG03-UNRESOLVED,ALL5_LEVELS_bet23_to_bet27,6.7549,6.7549,6.7549,8.4436,8.4436,4.000000,4.000000,4.000000,5.000000,5.000000,96.000000,96.000000,96.000000,95.000000,95.000000,5.0,37.1518,34.0321,131.7202,134.8399,PENDING_AG03,FALSE,NOT_FOR_ENFORCEMENT,162.1171,10135.5364,168.8720,162.1171,6.7549,0.01413796,0.01357244,6.7549,162.1171,0.01357244,6.7549,6.7549,6.7549,8.4436,8.4436,162.1171,0.01357244,37.1518,34.0321,131.7202,134.8399,0.01102761,0.01128879,0.00056552,22.7950,21.9955,0.3518,12.0623,0.6809,853.1846,34.2857,23.0238,8.0361,5.137,10.2741,25.6852,52.7183,87.2639,175.0453,5.1636,0.0,8.493614,17.037596,2.218695,29,105,17,8,0.99461774,0.01413796,0.01094599,0E-8,0.000000,0.883903,0.000000,0.59305401,2026-06-16,2026-08-06,14,248,169,52,0.269231,2.865048,1.010038,3.315392,,,,,,,,GLOBAL_BASELINE_NO_ENTITY_RANKING,,,NOT_APPLICABLE_GLOBAL_BASELINE,HF9g-P5,,,,X 全窗基线 · 不参与实体赏罚,6879384,688,A168_HF9F_20260827_0900,2026-08-27 09:00:00
2026-07-18,151615992,1383,0,129.0888906101,129.0888906101,129.0888906101,1.0000000,1,1,0.49324550000000000,0.493245500000,1.01360149184955,1.01360149184955,1.01360149184955,0E-17,ELIGIBLE,R03b_20260811_FULL_v1,L1_ELIGIBILITY,v2026-08-11,2026-03-21..2026-08-06,baccarat_bet02_101_all_pairs_incl_sentinel,round_win = game_pnl > 0 (decisive only),COMPATIBILITY_ONLY_NOT_PRODUCTION,11944.5842,10557.8505,168.8720,524,480,-0.01413796,-0.01094599,-0.60400000,-0.01413796,-168.8720,11944.5842,OK,0.0000,6.7549,4.0000,96.0000,AG03-UNRESOLVED,ALL5_LEVELS_bet23_to_bet27,6.7549,6.7549,6.7549,8.4436,8.4436,4.000000,4.000000,4.000000,5.000000,5.000000,96.000000,96.000000,96.000000,95.000000,95.000000,5.0,37.1518,34.0321,131.7202,134.8399,PENDING_AG03,FALSE,NOT_FOR_ENFORCEMENT,162.1171,10135.5364,168.8720,162.1171,6.7549,0.01413796,0.01357244,6.7549,162.1171,0.01357244,6.7549,6.7549,6.7549,8.4436,8.4436,162.1171,0.01357244,37.1518,34.0321,131.7202,134.8399,0.01102761,0.01128879,0.00056552,22.7950,21.9955,0.3518,12.0623,0.6809,853.1846,34.2857,23.0238,8.0361,5.137,10.2741,25.6852,52.7183,87.2639,175.0453,5.1636,0.0,8.493614,17.037596,2.218695,29,105,17,8,0.99461774,0.01413796,0.01094599,0E-8,0.000000,0.883903,0.000000,0.59305401,2026-06-16,2026-08-06,14,248,169,52,0.269231,2.865048,1.010038,3.315392,,,,,,,,GLOBAL_BASELINE_NO_ENTITY_RANKING,,,NOT_APPLICABLE_GLOBAL_BASELINE,HF9g-P5,,,,X 全窗基线 · 不参与实体赏罚,6879385,688,A168_HF9F_20260827_0900,2026-08-27 09:00:00
2026-07-18,151615992,1384,0,490.5377843183,-490.5377843183,-490.5377843183,0E-7,3,3,0.50218230000000000,0.502182300000,-1.7396270863184011,-1.7396270863184016,-1.7396270863184011,0E-17,ELIGIBLE,R03b_20260811_FULL_v1,L1_ELIGIBILITY,v2026-08-11,2026-03-21..2026-08-06,baccarat_bet02_101_all_pairs_incl_sentinel,round_win = game_pnl > 0 (decisive only),COMPATIBILITY_ONLY_NOT_PRODUCTION,11944.5842,10557.8505,168.8720,524,480,-0.01413796,-0.01094599,-0.60400000,-0.01413796,-168.8720,11944.5842,OK,0.0000,6.7549,4.0000,96.0000,AG03-UNRESOLVED,ALL5_LEVELS_bet23_to_bet27,6.7549,6.7549,6.7549,8.4436,8.4436,4.000000,4.000000,4.000000,5.000000,5.000000,96.000000,96.000000,96.000000,95.000000,95.000000,5.0,37.1518,34.0321,131.7202,134.8399,PENDING_AG03,FALSE,NOT_FOR_ENFORCEMENT,162.1171,10135.5364,168.8720,162.1171,6.7549,0.01413796,0.01357244,6.7549,162.1171,0.01357244,6.7549,6.7549,6.7549,8.4436,8.4436,162.1171,0.01357244,37.1518,34.0321,131.7202,134.8399,0.01102761,0.01128879,0.00056552,22.7950,21.9955,0.3518,12.0623,0.6809,853.1846,34.2857,23.0238,8.0361,5.137,10.2741,25.6852,52.7183,87.2639,175.0453,5.1636,0.0,8.493614,17.037596,2.218695,29,105,17,8,0.99461774,0.01413796,0.01094599,0E-8,0.000000,0.883903,0.000000,0.59305401,2026-06-16,2026-08-06,14,248,169,52,0.269231,2.865048,1.010038,3.315392,,,,,,,,GLOBAL_BASELINE_NO_ENTITY_RANKING,,,NOT_APPLICABLE_GLOBAL_BASELINE,HF9g-P5,,,,X 全窗基线 · 不参与实体赏罚,6879386,688,A168_HF9F_20260827_0900,2026-08-27 09:00:00
2026-07-18,151615992,1385,0,51.6355562440,51.6355562440,51.6355562440,1.0000000,1,1,0.49324550000000000,0.493245500000,1.01360149184955,1.01360149184955,1.01360149184955,0E-17,ELIGIBLE,R03b_20260811_FULL_v1,L1_ELIGIBILITY,v2026-08-11,2026-03-21..2026-08-06,baccarat_bet02_101_all_pairs_incl_sentinel,round_win = game_pnl > 0 (decisive only),COMPATIBILITY_ONLY_NOT_PRODUCTION,11944.5842,10557.8505,168.8720,524,480,-0.01413796,-0.01094599,-0.60400000,-0.01413796,-168.8720,11944.5842,OK,0.0000,6.7549,4.0000,96.0000,AG03-UNRESOLVED,ALL5_LEVELS_bet23_to_bet27,6.7549,6.7549,6.7549,8.4436,8.4436,4.000000,4.000000,4.000000,5.000000,5.000000,96.000000,96.000000,96.000000,95.000000,95.000000,5.0,37.1518,34.0321,131.7202,134.8399,PENDING_AG03,FALSE,NOT_FOR_ENFORCEMENT,162.1171,10135.5364,168.8720,162.1171,6.7549,0.01413796,0.01357244,6.7549,162.1171,0.01357244,6.7549,6.7549,6.7549,8.4436,8.4436,162.1171,0.01357244,37.1518,34.0321,131.7202,134.8399,0.01102761,0.01128879,0.00056552,22.7950,21.9955,0.3518,12.0623,0.6809,853.1846,34.2857,23.0238,8.0361,5.137,10.2741,25.6852,52.7183,87.2639,175.0453,5.1636,0.0,8.493614,17.037596,2.218695,29,105,17,8,0.99461774,0.01413796,0.01094599,0E-8,0.000000,0.883903,0.000000,0.59305401,2026-06-16,2026-08-06,14,248,169,52,0.269231,2.865048,1.010038,3.315392,,,,,,,,GLOBAL_BASELINE_NO_ENTITY_RANKING,,,NOT_APPLICABLE_GLOBAL_BASELINE,HF9g-P5,,,,X 全窗基线 · 不参与实体赏罚,6879387,688,A168_HF9F_20260827_0900,2026-08-27 09:00:00
2026-07-18,151615992,1935,0,25.8177781220,25.8177781220,25.8177781220,1.0000000,1,1,0.49324550000000000,0.493245500000,1.01360149184955,1.01360149184955,1.01360149184955,0E-17,ELIGIBLE,R03b_20260811_FULL_v1,L1_ELIGIBILITY,v2026-08-11,2026-03-21..2026-08-06,baccarat_bet02_101_all_pairs_incl_sentinel,round_win = game_pnl > 0 (decisive only),COMPATIBILITY_ONLY_NOT_PRODUCTION,11944.5842,10557.8505,168.8720,524,480,-0.01413796,-0.01094599,-0.60400000,-0.01413796,-168.8720,11944.5842,OK,0.0000,6.7549,4.0000,96.0000,AG03-UNRESOLVED,ALL5_LEVELS_bet23_to_bet27,6.7549,6.7549,6.7549,8.4436,8.4436,4.000000,4.000000,4.000000,5.000000,5.000000,96.000000,96.000000,96.000000,95.000000,95.000000,5.0,37.1518,34.0321,131.7202,134.8399,PENDING_AG03,FALSE,NOT_FOR_ENFORCEMENT,162.1171,10135.5364,168.8720,162.1171,6.7549,0.01413796,0.01357244,6.7549,162.1171,0.01357244,6.7549,6.7549,6.7549,8.4436,8.4436,162.1171,0.01357244,37.1518,34.0321,131.7202,134.8399,0.01102761,0.01128879,0.00056552,22.7950,21.9955,0.3518,12.0623,0.6809,853.1846,34.2857,23.0238,8.0361,5.137,10.2741,25.6852,52.7183,87.2639,175.0453,5.1636,0.0,8.493614,17.037596,2.218695,29,105,17,8,0.99461774,0.01413796,0.01094599,0E-8,0.000000,0.883903,0.000000,0.59305401,2026-06-16,2026-08-06,14,248,169,52,0.269231,2.865048,1.010038,3.315392,,,,,,,,GLOBAL_BASELINE_NO_ENTITY_RANKING,,,NOT_APPLICABLE_GLOBAL_BASELINE,HF9g-P5,,,,X 全窗基线 · 不参与实体赏罚,6879388,688,A168_HF9F_20260827_0900,2026-08-27 09:00:00
2026-07-18,151615992,2073,0,25.8177781220,-25.8177781220,-25.8177781220,0E-7,1,1,0.49324550000000000,0.493245500000,-0.9865810262130424,-0.9865810262130424,-0.9865810262130424,0E-17,ELIGIBLE,R03b_20260811_FULL_v1,L1_ELIGIBILITY,v2026-08-11,2026-03-21..2026-08-06,baccarat_bet02_101_all_pairs_incl_sentinel,round_win = game_pnl > 0 (decisive only),COMPATIBILITY_ONLY_NOT_PRODUCTION,11944.5842,10557.8505,168.8720,524,480,-0.01413796,-0.01094599,-0.60400000,-0.01413796,-168.8720,11944.5842,OK,0.0000,6.7549,4.0000,96.0000,AG03-UNRESOLVED,ALL5_LEVELS_bet23_to_bet27,6.7549,6.7549,6.7549,8.4436,8.4436,4.000000,4.000000,4.000000,5.000000,5.000000,96.000000,96.000000,96.000000,95.000000,95.000000,5.0,37.1518,34.0321,131.7202,134.8399,PENDING_AG03,FALSE,NOT_FOR_ENFORCEMENT,162.1171,10135.5364,168.8720,162.1171,6.7549,0.01413796,0.01357244,6.7549,162.1171,0.01357244,6.7549,6.7549,6.7549,8.4436,8.4436,162.1171,0.01357244,37.1518,34.0321,131.7202,134.8399,0.01102761,0.01128879,0.00056552,22.7950,21.9955,0.3518,12.0623,0.6809,853.1846,34.2857,23.0238,8.0361,5.137,10.2741,25.6852,52.7183,87.2639,175.0453,5.1636,0.0,8.493614,17.037596,2.218695,29,105,17,8,0.99461774,0.01413796,0.01094599,0E-8,0.000000,0.883903,0.000000,0.59305401,2026-06-16,2026-08-06,14,248,169,52,0.269231,2.865048,1.010038,3.315392,,,,,,,,GLOBAL_BASELINE_NO_ENTITY_RANKING,,,NOT_APPLICABLE_GLOBAL_BASELINE,HF9g-P5,,,,X 全窗基线 · 不参与实体赏罚,6879389,688,A168_HF9F_20260827_0900,2026-08-27 09:00:00
2026-07-18,151615992,2117,0,232.3600030981,228.4873363798,228.4873363798,1.0000000,2,2,0.49994810000000000,0.499948100000,1.4143603653603398,1.4143603653603398,1.4143603653603398,0E-17,ELIGIBLE,R03b_20260811_FULL_v1,L1_ELIGIBILITY,v2026-08-11,2026-03-21..2026-08-06,baccarat_bet02_101_all_pairs_incl_sentinel,round_win = game_pnl > 0 (decisive only),COMPATIBILITY_ONLY_NOT_PRODUCTION,11944.5842,10557.8505,168.8720,524,480,-0.01413796,-0.01094599,-0.60400000,-0.01413796,-168.8720,11944.5842,OK,0.0000,6.7549,4.0000,96.0000,AG03-UNRESOLVED,ALL5_LEVELS_bet23_to_bet27,6.7549,6.7549,6.7549,8.4436,8.4436,4.000000,4.000000,4.000000,5.000000,5.000000,96.000000,96.000000,96.000000,95.000000,95.000000,5.0,37.1518,34.0321,131.7202,134.8399,PENDING_AG03,FALSE,NOT_FOR_ENFORCEMENT,162.1171,10135.5364,168.8720,162.1171,6.7549,0.01413796,0.01357244,6.7549,162.1171,0.01357244,6.7549,6.7549,6.7549,8.4436,8.4436,162.1171,0.01357244,37.1518,34.0321,131.7202,134.8399,0.01102761,0.01128879,0.00056552,22.7950,21.9955,0.3518,12.0623,0.6809,853.1846,34.2857,23.0238,8.0361,5.137,10.2741,25.6852,52.7183,87.2639,175.0453,5.1636,0.0,8.493614,17.037596,2.218695,29,105,17,8,0.99461774,0.01413796,0.01094599,0E-8,0.000000,0.883903,0.000000,0.59305401,2026-06-16,2026-08-06,14,248,169,52,0.269231,2.865048,1.010038,3.315392,,,,,,,,GLOBAL_BASELINE_NO_ENTITY_RANKING,,,NOT_APPLICABLE_GLOBAL_BASELINE,HF9g-P5,,,,X 全窗基线 · 不参与实体赏罚,6879390,688,A168_HF9F_20260827_0900,2026-08-27 09:00:00
2026-07-18,151615992,2142,0,295.8717372783,-15.9553868795,-15.9553868795,0.6666667,3,3,0.50665070000000000,0.506650700000,0.5543606114942035,0.5543606114942035,0.5543606114942035,0E-17,ELIGIBLE,R03b_20260811_FULL_v1,L1_ELIGIBILITY,v2026-08-11,2026-03-21..2026-08-06,baccarat_bet02_101_all_pairs_incl_sentinel,round_win = game_pnl > 0 (decisive only),COMPATIBILITY_ONLY_NOT_PRODUCTION,11944.5842,10557.8505,168.8720,524,480,-0.01413796,-0.01094599,-0.60400000,-0.01413796,-168.8720,11944.5842,OK,0.0000,6.7549,4.0000,96.0000,AG03-UNRESOLVED,ALL5_LEVELS_bet23_to_bet27,6.7549,6.7549,6.7549,8.4436,8.4436,4.000000,4.000000,4.000000,5.000000,5.000000,96.000000,96.000000,96.000000,95.000000,95.000000,5.0,37.1518,34.0321,131.7202,134.8399,PENDING_AG03,FALSE,NOT_FOR_ENFORCEMENT,162.1171,10135.5364,168.8720,162.1171,6.7549,0.01413796,0.01357244,6.7549,162.1171,0.01357244,6.7549,6.7549,6.7549,8.4436,8.4436,162.1171,0.01357244,37.1518,34.0321,131.7202,134.8399,0.01102761,0.01128879,0.00056552,22.7950,21.9955,0.3518,12.0623,0.6809,853.1846,34.2857,23.0238,8.0361,5.137,10.2741,25.6852,52.7183,87.2639,175.0453,5.1636,0.0,8.493614,17.037596,2.218695,29,105,17,8,0.99461774,0.01413796,0.01094599,0E-8,0.000000,0.883903,0.000000,0.59305401,2026-06-16,2026-08-06,14,248,169,52,0.269231,2.865048,1.010038,3.315392,,,,,,,,GLOBAL_BASELINE_NO_ENTITY_RANKING,,,NOT_APPLICABLE_GLOBAL_BASELINE,HF9g-P5,,,,X 全窗基线 · 不参与实体赏罚,6879391,688,A168_HF9F_20260827_0900,2026-08-27 09:00:00
2026-07-18,151615992,2246,0,702.2435649188,25.1723336690,25.1723336690,0.6666667,8,6,0.49190584382716049,0.445441394445,0.856261889942058,1.0902883016369804,0.856261889942058,0.04646444938216049,ELIGIBLE,R03b_20260811_FULL_v1,L1_ELIGIBILITY,v2026-08-11,2026-03-21..2026-08-06,baccarat_bet02_101_all_pairs_incl_sentinel,round_win = game_pnl > 0 (decisive only),COMPATIBILITY_ONLY_NOT_PRODUCTION,11944.5842,10557.8505,168.8720,524,480,-0.01413796,-0.01094599,-0.60400000,-0.01413796,-168.8720,11944.5842,OK,0.0000,6.7549,4.0000,96.0000,AG03-UNRESOLVED,ALL5_LEVELS_bet23_to_bet27,6.7549,6.7549,6.7549,8.4436,8.4436,4.000000,4.000000,4.000000,5.000000,5.000000,96.000000,96.000000,96.000000,95.000000,95.000000,5.0,37.1518,34.0321,131.7202,134.8399,PENDING_AG03,FALSE,NOT_FOR_ENFORCEMENT,162.1171,10135.5364,168.8720,162.1171,6.7549,0.01413796,0.01357244,6.7549,162.1171,0.01357244,6.7549,6.7549,6.7549,8.4436,8.4436,162.1171,0.01357244,37.1518,34.0321,131.7202,134.8399,0.01102761,0.01128879,0.00056552,22.7950,21.9955,0.3518,12.0623,0.6809,853.1846,34.2857,23.0238,8.0361,5.137,10.2741,25.6852,52.7183,87.2639,175.0453,5.1636,0.0,8.493614,17.037596,2.218695,29,105,17,8,0.99461774,0.01413796,0.01094599,0E-8,0.000000,0.883903,0.000000,0.59305401,2026-06-16,2026-08-06,14,248,169,52,0.269231,2.865048,1.010038,3.315392,,,,,,,,GLOBAL_BASELINE_NO_ENTITY_RANKING,,,NOT_APPLICABLE_GLOBAL_BASELINE,HF9g-P5,,,,X 全窗基线 · 不参与实体赏罚,6879392,688,A168_HF9F_20260827_0900,2026-08-27 09:00:00
2026-07-18,151615992,2250,0,103.2711124880,-103.2711124880,-103.2711124880,0E-7,2,2,0.49324550000000000,0.493245500000,-1.3952362676504506,-1.3952362676504506,-1.3952362676504506,0E-17,ELIGIBLE,R03b_20260811_FULL_v1,L1_ELIGIBILITY,v2026-08-11,2026-03-21..2026-08-06,baccarat_bet02_101_all_pairs_incl_sentinel,round_win = game_pnl > 0 (decisive only),COMPATIBILITY_ONLY_NOT_PRODUCTION,11944.5842,10557.8505,168.8720,524,480,-0.01413796,-0.01094599,-0.60400000,-0.01413796,-168.8720,11944.5842,OK,0.0000,6.7549,4.0000,96.0000,AG03-UNRESOLVED,ALL5_LEVELS_bet23_to_bet27,6.7549,6.7549,6.7549,8.4436,8.4436,4.000000,4.000000,4.000000,5.000000,5.000000,96.000000,96.000000,96.000000,95.000000,95.000000,5.0,37.1518,34.0321,131.7202,134.8399,PENDING_AG03,FALSE,NOT_FOR_ENFORCEMENT,162.1171,10135.5364,168.8720,162.1171,6.7549,0.01413796,0.01357244,6.7549,162.1171,0.01357244,6.7549,6.7549,6.7549,8.4436,8.4436,162.1171,0.01357244,37.1518,34.0321,131.7202,134.8399,0.01102761,0.01128879,0.00056552,22.7950,21.9955,0.3518,12.0623,0.6809,853.1846,34.2857,23.0238,8.0361,5.137,10.2741,25.6852,52.7183,87.2639,175.0453,5.1636,0.0,8.493614,17.037596,2.218695,29,105,17,8,0.99461774,0.01413796,0.01094599,0E-8,0.000000,0.883903,0.000000,0.59305401,2026-06-16,2026-08-06,14,248,169,52,0.269231,2.865048,1.010038,3.315392,,,,,,,,GLOBAL_BASELINE_NO_ENTITY_RANKING,,,NOT_APPLICABLE_GLOBAL_BASELINE,HF9g-P5,,,,X 全窗基线 · 不参与实体赏罚,6879393,688,A168_HF9F_20260827_0900,2026-08-27 09:00:00
2026-07-18,151615992,2289,0,133.2197351096,-81.5841788656,-81.5841788656,0E-7,2,2,0.49994810000000000,0.499948100000,-0.9998962053866608,-0.9998962053866608,-0.9998962053866608,0E-17,ELIGIBLE,R03b_20260811_FULL_v1,L1_ELIGIBILITY,v2026-08-11,2026-03-21..2026-08-06,baccarat_bet02_101_all_pairs_incl_sentinel,round_win = game_pnl > 0 (decisive only),COMPATIBILITY_ONLY_NOT_PRODUCTION,11944.5842,10557.8505,168.8720,524,480,-0.01413796,-0.01094599,-0.60400000,-0.01413796,-168.8720,11944.5842,OK,0.0000,6.7549,4.0000,96.0000,AG03-UNRESOLVED,ALL5_LEVELS_bet23_to_bet27,6.7549,6.7549,6.7549,8.4436,8.4436,4.000000,4.000000,4.000000,5.000000,5.000000,96.000000,96.000000,96.000000,95.000000,95.000000,5.0,37.1518,34.0321,131.7202,134.8399,PENDING_AG03,FALSE,NOT_FOR_ENFORCEMENT,162.1171,10135.5364,168.8720,162.1171,6.7549,0.01413796,0.01357244,6.7549,162.1171,0.01357244,6.7549,6.7549,6.7549,8.4436,8.4436,162.1171,0.01357244,37.1518,34.0321,131.7202,134.8399,0.01102761,0.01128879,0.00056552,22.7950,21.9955,0.3518,12.0623,0.6809,853.1846,34.2857,23.0238,8.0361,5.137,10.2741,25.6852,52.7183,87.2639,175.0453,5.1636,0.0,8.493614,17.037596,2.218695,29,105,17,8,0.99461774,0.01413796,0.01094599,0E-8,0.000000,0.883903,0.000000,0.59305401,2026-06-16,2026-08-06,14,248,169,52,0.269231,2.865048,1.010038,3.315392,,,,,,,,GLOBAL_BASELINE_NO_ENTITY_RANKING,,,NOT_APPLICABLE_GLOBAL_BASELINE,HF9g-P5,,,,X 全窗基线 · 不参与实体赏罚,6879394,688,A168_HF9F_20260827_0900,2026-08-27 09:00:00
2026-07-22,151615992,-1,1,1314.8994397537,34.8540004647,34.8540004647,0.5000000,26,24,0.49450876448412698,0.480553710417,0.046597488699497015,0.1651321782289046,0.046597488699497015,0.01395505406712698,SENTINEL_DEALER,R03b_20260811_FULL_v1,L1_ELIGIBILITY,v2026-08-11,2026-03-21..2026-08-06,baccarat_bet02_101_all_pairs_incl_sentinel,round_win = game_pnl > 0 (decisive only),COMPATIBILITY_ONLY_NOT_PRODUCTION,11944.5842,10557.8505,168.8720,524,480,-0.01413796,-0.01094599,-0.60400000,-0.01413796,-168.8720,11944.5842,OK,0.0000,6.7549,4.0000,96.0000,AG03-UNRESOLVED,ALL5_LEVELS_bet23_to_bet27,6.7549,6.7549,6.7549,8.4436,8.4436,4.000000,4.000000,4.000000,5.000000,5.000000,96.000000,96.000000,96.000000,95.000000,95.000000,5.0,37.1518,34.0321,131.7202,134.8399,PENDING_AG03,FALSE,NOT_FOR_ENFORCEMENT,162.1171,10135.5364,168.8720,162.1171,6.7549,0.01413796,0.01357244,6.7549,162.1171,0.01357244,6.7549,6.7549,6.7549,8.4436,8.4436,162.1171,0.01357244,37.1518,34.0321,131.7202,134.8399,0.01102761,0.01128879,0.00056552,22.7950,21.9955,0.3518,12.0623,0.6809,853.1846,34.2857,23.0238,8.0361,5.137,10.2741,25.6852,52.7183,87.2639,175.0453,5.1636,0.0,8.493614,17.037596,2.218695,29,105,17,8,0.99461774,0.01413796,0.01094599,0E-8,0.000000,0.883903,0.000000,0.59305401,2026-06-16,2026-08-06,14,248,169,52,0.269231,2.865048,1.010038,3.315392,,,,,,,,GLOBAL_BASELINE_NO_ENTITY_RANKING,,,NOT_APPLICABLE_GLOBAL_BASELINE,HF9g-P5,,,,X 全窗基线 · 不参与实体赏罚,6879395,688,A168_HF9F_20260827_0900,2026-08-27 09:00:00
2026-07-22,151615992,1094,0,77.4533343660,77.4533343660,77.4533343660,1.0000000,1,1,0.49324550000000000,0.493245500000,1.01360149184955,1.01360149184955,1.01360149184955,0E-17,ELIGIBLE,R03b_20260811_FULL_v1,L1_ELIGIBILITY,v2026-08-11,2026-03-21..2026-08-06,baccarat_bet02_101_all_pairs_incl_sentinel,round_win = game_pnl > 0 (decisive only),COMPATIBILITY_ONLY_NOT_PRODUCTION,11944.5842,10557.8505,168.8720,524,480,-0.01413796,-0.01094599,-0.60400000,-0.01413796,-168.8720,11944.5842,OK,0.0000,6.7549,4.0000,96.0000,AG03-UNRESOLVED,ALL5_LEVELS_bet23_to_bet27,6.7549,6.7549,6.7549,8.4436,8.4436,4.000000,4.000000,4.000000,5.000000,5.000000,96.000000,96.000000,96.000000,95.000000,95.000000,5.0,37.1518,34.0321,131.7202,134.8399,PENDING_AG03,FALSE,NOT_FOR_ENFORCEMENT,162.1171,10135.5364,168.8720,162.1171,6.7549,0.01413796,0.01357244,6.7549,162.1171,0.01357244,6.7549,6.7549,6.7549,8.4436,8.4436,162.1171,0.01357244,37.1518,34.0321,131.7202,134.8399,0.01102761,0.01128879,0.00056552,22.7950,21.9955,0.3518,12.0623,0.6809,853.1846,34.2857,23.0238,8.0361,5.137,10.2741,25.6852,52.7183,87.2639,175.0453,5.1636,0.0,8.493614,17.037596,2.218695,29,105,17,8,0.99461774,0.01413796,0.01094599,0E-8,0.000000,0.883903,0.000000,0.59305401,2026-06-16,2026-08-06,14,248,169,52,0.269231,2.865048,1.010038,3.315392,,,,,,,,GLOBAL_BASELINE_NO_ENTITY_RANKING,,,NOT_APPLICABLE_GLOBAL_BASELINE,HF9g-P5,,,,X 全窗基线 · 不参与实体赏罚,6879396,688,A168_HF9F_20260827_0900,2026-08-27 09:00:00
2026-07-22,151615992,1302,0,77.4533343660,0E-10,0E-10,,1,1,0.50665070000000000,0.506650700000,,,,0E-17,NO_DECISIVE_ROUND,R03b_20260811_FULL_v1,L1_ELIGIBILITY,v2026-08-11,2026-03-21..2026-08-06,baccarat_bet02_101_all_pairs_incl_sentinel,round_win = game_pnl > 0 (decisive only),COMPATIBILITY_ONLY_NOT_PRODUCTION,11944.5842,10557.8505,168.8720,524,480,-0.01413796,-0.01094599,-0.60400000,-0.01413796,-168.8720,11944.5842,OK,0.0000,6.7549,4.0000,96.0000,AG03-UNRESOLVED,ALL5_LEVELS_bet23_to_bet27,6.7549,6.7549,6.7549,8.4436,8.4436,4.000000,4.000000,4.000000,5.000000,5.000000,96.000000,96.000000,96.000000,95.000000,95.000000,5.0,37.1518,34.0321,131.7202,134.8399,PENDING_AG03,FALSE,NOT_FOR_ENFORCEMENT,162.1171,10135.5364,168.8720,162.1171,6.7549,0.01413796,0.01357244,6.7549,162.1171,0.01357244,6.7549,6.7549,6.7549,8.4436,8.4436,162.1171,0.01357244,37.1518,34.0321,131.7202,134.8399,0.01102761,0.01128879,0.00056552,22.7950,21.9955,0.3518,12.0623,0.6809,853.1846,34.2857,23.0238,8.0361,5.137,10.2741,25.6852,52.7183,87.2639,175.0453,5.1636,0.0,8.493614,17.037596,2.218695,29,105,17,8,0.99461774,0.01413796,0.01094599,0E-8,0.000000,0.883903,0.000000,0.59305401,2026-06-16,2026-08-06,14,248,169,52,0.269231,2.865048,1.010038,3.315392,,,,,,,,GLOBAL_BASELINE_NO_ENTITY_RANKING,,,NOT_APPLICABLE_GLOBAL_BASELINE,HF9g-P5,,,,X 全窗基线 · 不参与实体赏罚,6879397,688,A168_HF9F_20260827_0900,2026-08-27 09:00:00
2026-07-22,151615992,1374,0,296.9044484031,-67.1262231172,-67.1262231172,0.3333333,4,4,0.50665070000000000,0.506650700000,-0.6004420894325239,-0.6004420894325239,-0.6004420894325239,0E-17,ELIGIBLE,R03b_20260811_FULL_v1,L1_ELIGIBILITY,v2026-08-11,2026-03-21..2026-08-06,baccarat_bet02_101_all_pairs_incl_sentinel,round_win = game_pnl > 0 (decisive only),COMPATIBILITY_ONLY_NOT_PRODUCTION,11944.5842,10557.8505,168.8720,524,480,-0.01413796,-0.01094599,-0.60400000,-0.01413796,-168.8720,11944.5842,OK,0.0000,6.7549,4.0000,96.0000,AG03-UNRESOLVED,ALL5_LEVELS_bet23_to_bet27,6.7549,6.7549,6.7549,8.4436,8.4436,4.000000,4.000000,4.000000,5.000000,5.000000,96.000000,96.000000,96.000000,95.000000,95.000000,5.0,37.1518,34.0321,131.7202,134.8399,PENDING_AG03,FALSE,NOT_FOR_ENFORCEMENT,162.1171,10135.5364,168.8720,162.1171,6.7549,0.01413796,0.01357244,6.7549,162.1171,0.01357244,6.7549,6.7549,6.7549,8.4436,8.4436,162.1171,0.01357244,37.1518,34.0321,131.7202,134.8399,0.01102761,0.01128879,0.00056552,22.7950,21.9955,0.3518,12.0623,0.6809,853.1846,34.2857,23.0238,8.0361,5.137,10.2741,25.6852,52.7183,87.2639,175.0453,5.1636,0.0,8.493614,17.037596,2.218695,29,105,17,8,0.99461774,0.01413796,0.01094599,0E-8,0.000000,0.883903,0.000000,0.59305401,2026-06-16,2026-08-06,14,248,169,52,0.269231,2.865048,1.010038,3.315392,,,,,,,,GLOBAL_BASELINE_NO_ENTITY_RANKING,,,NOT_APPLICABLE_GLOBAL_BASELINE,HF9g-P5,,,,X 全窗基线 · 不参与实体赏罚,6879398,688,A168_HF9F_20260827_0900,2026-08-27 09:00:00
2026-07-22,151615992,1491,0,346.4745823974,190.7675625436,190.7675625436,0.7500000,4,4,0.50329940000000000,0.503299400000,0.9868238854431842,0.9868238854431842,0.9868238854431842,0E-17,ELIGIBLE,R03b_20260811_FULL_v1,L1_ELIGIBILITY,v2026-08-11,2026-03-21..2026-08-06,baccarat_bet02_101_all_pairs_incl_sentinel,round_win = game_pnl > 0 (decisive only),COMPATIBILITY_ONLY_NOT_PRODUCTION,11944.5842,10557.8505,168.8720,524,480,-0.01413796,-0.01094599,-0.60400000,-0.01413796,-168.8720,11944.5842,OK,0.0000,6.7549,4.0000,96.0000,AG03-UNRESOLVED,ALL5_LEVELS_bet23_to_bet27,6.7549,6.7549,6.7549,8.4436,8.4436,4.000000,4.000000,4.000000,5.000000,5.000000,96.000000,96.000000,96.000000,95.000000,95.000000,5.0,37.1518,34.0321,131.7202,134.8399,PENDING_AG03,FALSE,NOT_FOR_ENFORCEMENT,162.1171,10135.5364,168.8720,162.1171,6.7549,0.01413796,0.01357244,6.7549,162.1171,0.01357244,6.7549,6.7549,6.7549,8.4436,8.4436,162.1171,0.01357244,37.1518,34.0321,131.7202,134.8399,0.01102761,0.01128879,0.00056552,22.7950,21.9955,0.3518,12.0623,0.6809,853.1846,34.2857,23.0238,8.0361,5.137,10.2741,25.6852,52.7183,87.2639,175.0453,5.1636,0.0,8.493614,17.037596,2.218695,29,105,17,8,0.99461774,0.01413796,0.01094599,0E-8,0.000000,0.883903,0.000000,0.59305401,2026-06-16,2026-08-06,14,248,169,52,0.269231,2.865048,1.010038,3.315392,,,,,,,,GLOBAL_BASELINE_NO_ENTITY_RANKING,,,NOT_APPLICABLE_GLOBAL_BASELINE,HF9g-P5,,,,X 全窗基线 · 不参与实体赏罚,6879399,688,A168_HF9F_20260827_0900,2026-08-27 09:00:00
2026-07-22,151615992,1645,0,51.6355562440,-51.6355562440,-51.6355562440,0E-7,1,1,0.49324550000000000,0.493245500000,-0.9865810262130424,-0.9865810262130424,-0.9865810262130424,0E-17,ELIGIBLE,R03b_20260811_FULL_v1,L1_ELIGIBILITY,v2026-08-11,2026-03-21..2026-08-06,baccarat_bet02_101_all_pairs_incl_sentinel,round_win = game_pnl > 0 (decisive only),COMPATIBILITY_ONLY_NOT_PRODUCTION,11944.5842,10557.8505,168.8720,524,480,-0.01413796,-0.01094599,-0.60400000,-0.01413796,-168.8720,11944.5842,OK,0.0000,6.7549,4.0000,96.0000,AG03-UNRESOLVED,ALL5_LEVELS_bet23_to_bet27,6.7549,6.7549,6.7549,8.4436,8.4436,4.000000,4.000000,4.000000,5.000000,5.000000,96.000000,96.000000,96.000000,95.000000,95.000000,5.0,37.1518,34.0321,131.7202,134.8399,PENDING_AG03,FALSE,NOT_FOR_ENFORCEMENT,162.1171,10135.5364,168.8720,162.1171,6.7549,0.01413796,0.01357244,6.7549,162.1171,0.01357244,6.7549,6.7549,6.7549,8.4436,8.4436,162.1171,0.01357244,37.1518,34.0321,131.7202,134.8399,0.01102761,0.01128879,0.00056552,22.7950,21.9955,0.3518,12.0623,0.6809,853.1846,34.2857,23.0238,8.0361,5.137,10.2741,25.6852,52.7183,87.2639,175.0453,5.1636,0.0,8.493614,17.037596,2.218695,29,105,17,8,0.99461774,0.01413796,0.01094599,0E-8,0.000000,0.883903,0.000000,0.59305401,2026-06-16,2026-08-06,14,248,169,52,0.269231,2.865048,1.010038,3.315392,,,,,,,,GLOBAL_BASELINE_NO_ENTITY_RANKING,,,NOT_APPLICABLE_GLOBAL_BASELINE,HF9g-P5,,,,X 全窗基线 · 不参与实体赏罚,6879400,688,A168_HF9F_20260827_0900,2026-08-27 09:00:00
2026-07-22,151615992,1750,0,372.0341827382,-35.8996204787,-35.8996204787,0.5000000,5,5,0.49860758000000000,0.498607580000,0.005569701597489473,0.005569701597489473,0.005569701597489473,0E-17,ELIGIBLE,R03b_20260811_FULL_v1,L1_ELIGIBILITY,v2026-08-11,2026-03-21..2026-08-06,baccarat_bet02_101_all_pairs_incl_sentinel,round_win = game_pnl > 0 (decisive only),COMPATIBILITY_ONLY_NOT_PRODUCTION,11944.5842,10557.8505,168.8720,524,480,-0.01413796,-0.01094599,-0.60400000,-0.01413796,-168.8720,11944.5842,OK,0.0000,6.7549,4.0000,96.0000,AG03-UNRESOLVED,ALL5_LEVELS_bet23_to_bet27,6.7549,6.7549,6.7549,8.4436,8.4436,4.000000,4.000000,4.000000,5.000000,5.000000,96.000000,96.000000,96.000000,95.000000,95.000000,5.0,37.1518,34.0321,131.7202,134.8399,PENDING_AG03,FALSE,NOT_FOR_ENFORCEMENT,162.1171,10135.5364,168.8720,162.1171,6.7549,0.01413796,0.01357244,6.7549,162.1171,0.01357244,6.7549,6.7549,6.7549,8.4436,8.4436,162.1171,0.01357244,37.1518,34.0321,131.7202,134.8399,0.01102761,0.01128879,0.00056552,22.7950,21.9955,0.3518,12.0623,0.6809,853.1846,34.2857,23.0238,8.0361,5.137,10.2741,25.6852,52.7183,87.2639,175.0453,5.1636,0.0,8.493614,17.037596,2.218695,29,105,17,8,0.99461774,0.01413796,0.01094599,0E-8,0.000000,0.883903,0.000000,0.59305401,2026-06-16,2026-08-06,14,248,169,52,0.269231,2.865048,1.010038,3.315392,,,,,,,,GLOBAL_BASELINE_NO_ENTITY_RANKING,,,NOT_APPLICABLE_GLOBAL_BASELINE,HF9g-P5,,,,X 全窗基线 · 不参与实体赏罚,6879401,688,A168_HF9F_20260827_0900,2026-08-27 09:00:00
2026-07-22,151615992,2169,0,65.0608008675,65.0608008675,65.0608008675,1.0000000,1,1,0.49324550000000000,0.493245500000,1.01360149184955,1.01360149184955,1.01360149184955,0E-17,ELIGIBLE,R03b_20260811_FULL_v1,L1_ELIGIBILITY,v2026-08-11,2026-03-21..2026-08-06,baccarat_bet02_101_all_pairs_incl_sentinel,round_win = game_pnl > 0 (decisive only),COMPATIBILITY_ONLY_NOT_PRODUCTION,11944.5842,10557.8505,168.8720,524,480,-0.01413796,-0.01094599,-0.60400000,-0.01413796,-168.8720,11944.5842,OK,0.0000,6.7549,4.0000,96.0000,AG03-UNRESOLVED,ALL5_LEVELS_bet23_to_bet27,6.7549,6.7549,6.7549,8.4436,8.4436,4.000000,4.000000,4.000000,5.000000,5.000000,96.000000,96.000000,96.000000,95.000000,95.000000,5.0,37.1518,34.0321,131.7202,134.8399,PENDING_AG03,FALSE,NOT_FOR_ENFORCEMENT,162.1171,10135.5364,168.8720,162.1171,6.7549,0.01413796,0.01357244,6.7549,162.1171,0.01357244,6.7549,6.7549,6.7549,8.4436,8.4436,162.1171,0.01357244,37.1518,34.0321,131.7202,134.8399,0.01102761,0.01128879,0.00056552,22.7950,21.9955,0.3518,12.0623,0.6809,853.1846,34.2857,23.0238,8.0361,5.137,10.2741,25.6852,52.7183,87.2639,175.0453,5.1636,0.0,8.493614,17.037596,2.218695,29,105,17,8,0.99461774,0.01413796,0.01094599,0E-8,0.000000,0.883903,0.000000,0.59305401,2026-06-16,2026-08-06,14,248,169,52,0.269231,2.865048,1.010038,3.315392,,,,,,,,GLOBAL_BASELINE_NO_ENTITY_RANKING,,,NOT_APPLICABLE_GLOBAL_BASELINE,HF9g-P5,,,,X 全窗基线 · 不参与实体赏罚,6879402,688,A168_HF9F_20260827_0900,2026-08-27 09:00:00
2026-07-22,151615992,2178,0,77.4533343660,77.4533343660,77.4533343660,1.0000000,1,1,0.49324550000000000,0.493245500000,1.01360149184955,1.01360149184955,1.01360149184955,0E-17,ELIGIBLE,R03b_20260811_FULL_v1,L1_ELIGIBILITY,v2026-08-11,2026-03-21..2026-08-06,baccarat_bet02_101_all_pairs_incl_sentinel,round_win = game_pnl > 0 (decisive only),COMPATIBILITY_ONLY_NOT_PRODUCTION,11944.5842,10557.8505,168.8720,524,480,-0.01413796,-0.01094599,-0.60400000,-0.01413796,-168.8720,11944.5842,OK,0.0000,6.7549,4.0000,96.0000,AG03-UNRESOLVED,ALL5_LEVELS_bet23_to_bet27,6.7549,6.7549,6.7549,8.4436,8.4436,4.000000,4.000000,4.000000,5.000000,5.000000,96.000000,96.000000,96.000000,95.000000,95.000000,5.0,37.1518,34.0321,131.7202,134.8399,PENDING_AG03,FALSE,NOT_FOR_ENFORCEMENT,162.1171,10135.5364,168.8720,162.1171,6.7549,0.01413796,0.01357244,6.7549,162.1171,0.01357244,6.7549,6.7549,6.7549,8.4436,8.4436,162.1171,0.01357244,37.1518,34.0321,131.7202,134.8399,0.01102761,0.01128879,0.00056552,22.7950,21.9955,0.3518,12.0623,0.6809,853.1846,34.2857,23.0238,8.0361,5.137,10.2741,25.6852,52.7183,87.2639,175.0453,5.1636,0.0,8.493614,17.037596,2.218695,29,105,17,8,0.99461774,0.01413796,0.01094599,0E-8,0.000000,0.883903,0.000000,0.59305401,2026-06-16,2026-08-06,14,248,169,52,0.269231,2.865048,1.010038,3.315392,,,,,,,,GLOBAL_BASELINE_NO_ENTITY_RANKING,,,NOT_APPLICABLE_GLOBAL_BASELINE,HF9g-P5,,,,X 全窗基线 · 不参与实体赏罚,6879403,688,A168_HF9F_20260827_0900,2026-08-27 09:00:00
2026-07-22,151615992,2196,0,51.6355562440,-51.6355562440,-51.6355562440,0E-7,1,1,0.49324550000000000,0.493245500000,-0.9865810262130424,-0.9865810262130424,-0.9865810262130424,0E-17,ELIGIBLE,R03b_20260811_FULL_v1,L1_ELIGIBILITY,v2026-08-11,2026-03-21..2026-08-06,baccarat_bet02_101_all_pairs_incl_sentinel,round_win = game_pnl > 0 (decisive only),COMPATIBILITY_ONLY_NOT_PRODUCTION,11944.5842,10557.8505,168.8720,524,480,-0.01413796,-0.01094599,-0.60400000,-0.01413796,-168.8720,11944.5842,OK,0.0000,6.7549,4.0000,96.0000,AG03-UNRESOLVED,ALL5_LEVELS_bet23_to_bet27,6.7549,6.7549,6.7549,8.4436,8.4436,4.000000,4.000000,4.000000,5.000000,5.000000,96.000000,96.000000,96.000000,95.000000,95.000000,5.0,37.1518,34.0321,131.7202,134.8399,PENDING_AG03,FALSE,NOT_FOR_ENFORCEMENT,162.1171,10135.5364,168.8720,162.1171,6.7549,0.01413796,0.01357244,6.7549,162.1171,0.01357244,6.7549,6.7549,6.7549,8.4436,8.4436,162.1171,0.01357244,37.1518,34.0321,131.7202,134.8399,0.01102761,0.01128879,0.00056552,22.7950,21.9955,0.3518,12.0623,0.6809,853.1846,34.2857,23.0238,8.0361,5.137,10.2741,25.6852,52.7183,87.2639,175.0453,5.1636,0.0,8.493614,17.037596,2.218695,29,105,17,8,0.99461774,0.01413796,0.01094599,0E-8,0.000000,0.883903,0.000000,0.59305401,2026-06-16,2026-08-06,14,248,169,52,0.269231,2.865048,1.010038,3.315392,,,,,,,,GLOBAL_BASELINE_NO_ENTITY_RANKING,,,NOT_APPLICABLE_GLOBAL_BASELINE,HF9g-P5,,,,X 全窗基线 · 不参与实体赏罚,6879404,688,A168_HF9F_20260827_0900,2026-08-27 09:00:00
2026-07-22,151615992,2201,0,104.0456458317,-104.0456458317,-104.0456458317,0E-7,1,1,0.50665070000000000,0.506650700000,-1.013391052207602,-1.013391052207602,-1.013391052207602,0E-17,ELIGIBLE,R03b_20260811_FULL_v1,L1_ELIGIBILITY,v2026-08-11,2026-03-21..2026-08-06,baccarat_bet02_101_all_pairs_incl_sentinel,round_win = game_pnl > 0 (decisive only),COMPATIBILITY_ONLY_NOT_PRODUCTION,11944.5842,10557.8505,168.8720,524,480,-0.01413796,-0.01094599,-0.60400000,-0.01413796,-168.8720,11944.5842,OK,0.0000,6.7549,4.0000,96.0000,AG03-UNRESOLVED,ALL5_LEVELS_bet23_to_bet27,6.7549,6.7549,6.7549,8.4436,8.4436,4.000000,4.000000,4.000000,5.000000,5.000000,96.000000,96.000000,96.000000,95.000000,95.000000,5.0,37.1518,34.0321,131.7202,134.8399,PENDING_AG03,FALSE,NOT_FOR_ENFORCEMENT,162.1171,10135.5364,168.8720,162.1171,6.7549,0.01413796,0.01357244,6.7549,162.1171,0.01357244,6.7549,6.7549,6.7549,8.4436,8.4436,162.1171,0.01357244,37.1518,34.0321,131.7202,134.8399,0.01102761,0.01128879,0.00056552,22.7950,21.9955,0.3518,12.0623,0.6809,853.1846,34.2857,23.0238,8.0361,5.137,10.2741,25.6852,52.7183,87.2639,175.0453,5.1636,0.0,8.493614,17.037596,2.218695,29,105,17,8,0.99461774,0.01413796,0.01094599,0E-8,0.000000,0.883903,0.000000,0.59305401,2026-06-16,2026-08-06,14,248,169,52,0.269231,2.865048,1.010038,3.315392,,,,,,,,GLOBAL_BASELINE_NO_ENTITY_RANKING,,,NOT_APPLICABLE_GLOBAL_BASELINE,HF9g-P5,,,,X 全窗基线 · 不参与实体赏罚,6879405,688,A168_HF9F_20260827_0900,2026-08-27 09:00:00
2026-07-22,151615992,2222,0,51.6355562440,51.6355562440,51.6355562440,1.0000000,1,1,0.49324550000000000,0.493245500000,1.01360149184955,1.01360149184955,1.01360149184955,0E-17,ELIGIBLE,R03b_20260811_FULL_v1,L1_ELIGIBILITY,v2026-08-11,2026-03-21..2026-08-06,baccarat_bet02_101_all_pairs_incl_sentinel,round_win = game_pnl > 0 (decisive only),COMPATIBILITY_ONLY_NOT_PRODUCTION,11944.5842,10557.8505,168.8720,524,480,-0.01413796,-0.01094599,-0.60400000,-0.01413796,-168.8720,11944.5842,OK,0.0000,6.7549,4.0000,96.0000,AG03-UNRESOLVED,ALL5_LEVELS_bet23_to_bet27,6.7549,6.7549,6.7549,8.4436,8.4436,4.000000,4.000000,4.000000,5.000000,5.000000,96.000000,96.000000,96.000000,95.000000,95.000000,5.0,37.1518,34.0321,131.7202,134.8399,PENDING_AG03,FALSE,NOT_FOR_ENFORCEMENT,162.1171,10135.5364,168.8720,162.1171,6.7549,0.01413796,0.01357244,6.7549,162.1171,0.01357244,6.7549,6.7549,6.7549,8.4436,8.4436,162.1171,0.01357244,37.1518,34.0321,131.7202,134.8399,0.01102761,0.01128879,0.00056552,22.7950,21.9955,0.3518,12.0623,0.6809,853.1846,34.2857,23.0238,8.0361,5.137,10.2741,25.6852,52.7183,87.2639,175.0453,5.1636,0.0,8.493614,17.037596,2.218695,29,105,17,8,0.99461774,0.01413796,0.01094599,0E-8,0.000000,0.883903,0.000000,0.59305401,2026-06-16,2026-08-06,14,248,169,52,0.269231,2.865048,1.010038,3.315392,,,,,,,,GLOBAL_BASELINE_NO_ENTITY_RANKING,,,NOT_APPLICABLE_GLOBAL_BASELINE,HF9g-P5,,,,X 全窗基线 · 不参与实体赏罚,6879406,688,A168_HF9F_20260827_0900,2026-08-27 09:00:00
2026-07-22,151615992,2223,0,149.7431131077,129.0888906101,129.0888906101,0.6666667,6,3,0.35073320000000000,0.350733200000,1.1467169275055686,1.1467169275055686,1.1467169275055686,0E-17,ELIGIBLE,R03b_20260811_FULL_v1,L1_ELIGIBILITY,v2026-08-11,2026-03-21..2026-08-06,baccarat_bet02_101_all_pairs_incl_sentinel,round_win = game_pnl > 0 (decisive only),COMPATIBILITY_ONLY_NOT_PRODUCTION,11944.5842,10557.8505,168.8720,524,480,-0.01413796,-0.01094599,-0.60400000,-0.01413796,-168.8720,11944.5842,OK,0.0000,6.7549,4.0000,96.0000,AG03-UNRESOLVED,ALL5_LEVELS_bet23_to_bet27,6.7549,6.7549,6.7549,8.4436,8.4436,4.000000,4.000000,4.000000,5.000000,5.000000,96.000000,96.000000,96.000000,95.000000,95.000000,5.0,37.1518,34.0321,131.7202,134.8399,PENDING_AG03,FALSE,NOT_FOR_ENFORCEMENT,162.1171,10135.5364,168.8720,162.1171,6.7549,0.01413796,0.01357244,6.7549,162.1171,0.01357244,6.7549,6.7549,6.7549,8.4436,8.4436,162.1171,0.01357244,37.1518,34.0321,131.7202,134.8399,0.01102761,0.01128879,0.00056552,22.7950,21.9955,0.3518,12.0623,0.6809,853.1846,34.2857,23.0238,8.0361,5.137,10.2741,25.6852,52.7183,87.2639,175.0453,5.1636,0.0,8.493614,17.037596,2.218695,29,105,17,8,0.99461774,0.01413796,0.01094599,0E-8,0.000000,0.883903,0.000000,0.59305401,2026-06-16,2026-08-06,14,248,169,52,0.269231,2.865048,1.010038,3.315392,,,,,,,,GLOBAL_BASELINE_NO_ENTITY_RANKING,,,NOT_APPLICABLE_GLOBAL_BASELINE,HF9g-P5,,,,X 全窗基线 · 不参与实体赏罚,6879407,688,A168_HF9F_20260827_0900,2026-08-27 09:00:00
2026-07-22,151615992,2242,0,51.6355562440,-51.6355562440,-51.6355562440,0E-7,1,1,0.49324550000000000,0.493245500000,-0.9865810262130424,-0.9865810262130424,-0.9865810262130424,0E-17,ELIGIBLE,R03b_20260811_FULL_v1,L1_ELIGIBILITY,v2026-08-11,2026-03-21..2026-08-06,baccarat_bet02_101_all_pairs_incl_sentinel,round_win = game_pnl > 0 (decisive only),COMPATIBILITY_ONLY_NOT_PRODUCTION,11944.5842,10557.8505,168.8720,524,480,-0.01413796,-0.01094599,-0.60400000,-0.01413796,-168.8720,11944.5842,OK,0.0000,6.7549,4.0000,96.0000,AG03-UNRESOLVED,ALL5_LEVELS_bet23_to_bet27,6.7549,6.7549,6.7549,8.4436,8.4436,4.000000,4.000000,4.000000,5.000000,5.000000,96.000000,96.000000,96.000000,95.000000,95.000000,5.0,37.1518,34.0321,131.7202,134.8399,PENDING_AG03,FALSE,NOT_FOR_ENFORCEMENT,162.1171,10135.5364,168.8720,162.1171,6.7549,0.01413796,0.01357244,6.7549,162.1171,0.01357244,6.7549,6.7549,6.7549,8.4436,8.4436,162.1171,0.01357244,37.1518,34.0321,131.7202,134.8399,0.01102761,0.01128879,0.00056552,22.7950,21.9955,0.3518,12.0623,0.6809,853.1846,34.2857,23.0238,8.0361,5.137,10.2741,25.6852,52.7183,87.2639,175.0453,5.1636,0.0,8.493614,17.037596,2.218695,29,105,17,8,0.99461774,0.01413796,0.01094599,0E-8,0.000000,0.883903,0.000000,0.59305401,2026-06-16,2026-08-06,14,248,169,52,0.269231,2.865048,1.010038,3.315392,,,,,,,,GLOBAL_BASELINE_NO_ENTITY_RANKING,,,NOT_APPLICABLE_GLOBAL_BASELINE,HF9g-P5,,,,X 全窗基线 · 不参与实体赏罚,6879408,688,A168_HF9F_20260827_0900,2026-08-27 09:00:00
2026-07-22,151615992,2267,0,79.2605788346,-79.2605788346,-79.2605788346,0E-7,1,1,0.49324550000000000,0.493245500000,-0.9865810262130424,-0.9865810262130424,-0.9865810262130424,0E-17,ELIGIBLE,R03b_20260811_FULL_v1,L1_ELIGIBILITY,v2026-08-11,2026-03-21..2026-08-06,baccarat_bet02_101_all_pairs_incl_sentinel,round_win = game_pnl > 0 (decisive only),COMPATIBILITY_ONLY_NOT_PRODUCTION,11944.5842,10557.8505,168.8720,524,480,-0.01413796,-0.01094599,-0.60400000,-0.01413796,-168.8720,11944.5842,OK,0.0000,6.7549,4.0000,96.0000,AG03-UNRESOLVED,ALL5_LEVELS_bet23_to_bet27,6.7549,6.7549,6.7549,8.4436,8.4436,4.000000,4.000000,4.000000,5.000000,5.000000,96.000000,96.000000,96.000000,95.000000,95.000000,5.0,37.1518,34.0321,131.7202,134.8399,PENDING_AG03,FALSE,NOT_FOR_ENFORCEMENT,162.1171,10135.5364,168.8720,162.1171,6.7549,0.01413796,0.01357244,6.7549,162.1171,0.01357244,6.7549,6.7549,6.7549,8.4436,8.4436,162.1171,0.01357244,37.1518,34.0321,131.7202,134.8399,0.01102761,0.01128879,0.00056552,22.7950,21.9955,0.3518,12.0623,0.6809,853.1846,34.2857,23.0238,8.0361,5.137,10.2741,25.6852,52.7183,87.2639,175.0453,5.1636,0.0,8.493614,17.037596,2.218695,29,105,17,8,0.99461774,0.01413796,0.01094599,0E-8,0.000000,0.883903,0.000000,0.59305401,2026-06-16,2026-08-06,14,248,169,52,0.269231,2.865048,1.010038,3.315392,,,,,,,,GLOBAL_BASELINE_NO_ENTITY_RANKING,,,NOT_APPLICABLE_GLOBAL_BASELINE,HF9g-P5,,,,X 全窗基线 · 不参与实体赏罚,6879409,688,A168_HF9F_20260827_0900,2026-08-27 09:00:00
2026-07-22,151615992,2289,0,51.6355562440,-51.6355562440,-51.6355562440,0E-7,1,1,0.49324550000000000,0.493245500000,-0.9865810262130424,-0.9865810262130424,-0.9865810262130424,0E-17,ELIGIBLE,R03b_20260811_FULL_v1,L1_ELIGIBILITY,v2026-08-11,2026-03-21..2026-08-06,baccarat_bet02_101_all_pairs_incl_sentinel,round_win = game_pnl > 0 (decisive only),COMPATIBILITY_ONLY_NOT_PRODUCTION,11944.5842,10557.8505,168.8720,524,480,-0.01413796,-0.01094599,-0.60400000,-0.01413796,-168.8720,11944.5842,OK,0.0000,6.7549,4.0000,96.0000,AG03-UNRESOLVED,ALL5_LEVELS_bet23_to_bet27,6.7549,6.7549,6.7549,8.4436,8.4436,4.000000,4.000000,4.000000,5.000000,5.000000,96.000000,96.000000,96.000000,95.000000,95.000000,5.0,37.1518,34.0321,131.7202,134.8399,PENDING_AG03,FALSE,NOT_FOR_ENFORCEMENT,162.1171,10135.5364,168.8720,162.1171,6.7549,0.01413796,0.01357244,6.7549,162.1171,0.01357244,6.7549,6.7549,6.7549,8.4436,8.4436,162.1171,0.01357244,37.1518,34.0321,131.7202,134.8399,0.01102761,0.01128879,0.00056552,22.7950,21.9955,0.3518,12.0623,0.6809,853.1846,34.2857,23.0238,8.0361,5.137,10.2741,25.6852,52.7183,87.2639,175.0453,5.1636,0.0,8.493614,17.037596,2.218695,29,105,17,8,0.99461774,0.01413796,0.01094599,0E-8,0.000000,0.883903,0.000000,0.59305401,2026-06-16,2026-08-06,14,248,169,52,0.269231,2.865048,1.010038,3.315392,,,,,,,,GLOBAL_BASELINE_NO_ENTITY_RANKING,,,NOT_APPLICABLE_GLOBAL_BASELINE,HF9g-P5,,,,X 全窗基线 · 不参与实体赏罚,6879410,688,A168_HF9F_20260827_0900,2026-08-27 09:00:00
2026-07-24,151615992,-1,1,61.9626674928,27.6250225905,27.6250225905,0.7500000,8,6,0.41233104333333333,0.392398908333,1.3719293279468856,1.464723547788065,1.3719293279468856,0.01993213500033333,SENTINEL_DEALER,R03b_20260811_FULL_v1,L1_ELIGIBILITY,v2026-08-11,2026-03-21..2026-08-06,baccarat_bet02_101_all_pairs_incl_sentinel,round_win = game_pnl > 0 (decisive only),COMPATIBILITY_ONLY_NOT_PRODUCTION,11944.5842,10557.8505,168.8720,524,480,-0.01413796,-0.01094599,-0.60400000,-0.01413796,-168.8720,11944.5842,OK,0.0000,6.7549,4.0000,96.0000,AG03-UNRESOLVED,ALL5_LEVELS_bet23_to_bet27,6.7549,6.7549,6.7549,8.4436,8.4436,4.000000,4.000000,4.000000,5.000000,5.000000,96.000000,96.000000,96.000000,95.000000,95.000000,5.0,37.1518,34.0321,131.7202,134.8399,PENDING_AG03,FALSE,NOT_FOR_ENFORCEMENT,162.1171,10135.5364,168.8720,162.1171,6.7549,0.01413796,0.01357244,6.7549,162.1171,0.01357244,6.7549,6.7549,6.7549,8.4436,8.4436,162.1171,0.01357244,37.1518,34.0321,131.7202,134.8399,0.01102761,0.01128879,0.00056552,22.7950,21.9955,0.3518,12.0623,0.6809,853.1846,34.2857,23.0238,8.0361,5.137,10.2741,25.6852,52.7183,87.2639,175.0453,5.1636,0.0,8.493614,17.037596,2.218695,29,105,17,8,0.99461774,0.01413796,0.01094599,0E-8,0.000000,0.883903,0.000000,0.59305401,2026-06-16,2026-08-06,14,248,169,52,0.269231,2.865048,1.010038,3.315392,,,,,,,,GLOBAL_BASELINE_NO_ENTITY_RANKING,,,NOT_APPLICABLE_GLOBAL_BASELINE,HF9g-P5,,,,X 全窗基线 · 不参与实体赏罚,6879411,688,A168_HF9F_20260827_0900,2026-08-27 09:00:00
2026-07-24,151615992,1302,0,26.8504892469,26.4632225751,26.4632225751,1.0000000,3,3,0.49771390000000000,0.497713900000,1.739988277604938,1.739988277604938,1.739988277604938,0E-17,ELIGIBLE,R03b_20260811_FULL_v1,L1_ELIGIBILITY,v2026-08-11,2026-03-21..2026-08-06,baccarat_bet02_101_all_pairs_incl_sentinel,round_win = game_pnl > 0 (decisive only),COMPATIBILITY_ONLY_NOT_PRODUCTION,11944.5842,10557.8505,168.8720,524,480,-0.01413796,-0.01094599,-0.60400000,-0.01413796,-168.8720,11944.5842,OK,0.0000,6.7549,4.0000,96.0000,AG03-UNRESOLVED,ALL5_LEVELS_bet23_to_bet27,6.7549,6.7549,6.7549,8.4436,8.4436,4.000000,4.000000,4.000000,5.000000,5.000000,96.000000,96.000000,96.000000,95.000000,95.000000,5.0,37.1518,34.0321,131.7202,134.8399,PENDING_AG03,FALSE,NOT_FOR_ENFORCEMENT,162.1171,10135.5364,168.8720,162.1171,6.7549,0.01413796,0.01357244,6.7549,162.1171,0.01357244,6.7549,6.7549,6.7549,8.4436,8.4436,162.1171,0.01357244,37.1518,34.0321,131.7202,134.8399,0.01102761,0.01128879,0.00056552,22.7950,21.9955,0.3518,12.0623,0.6809,853.1846,34.2857,23.0238,8.0361,5.137,10.2741,25.6852,52.7183,87.2639,175.0453,5.1636,0.0,8.493614,17.037596,2.218695,29,105,17,8,0.99461774,0.01413796,0.01094599,0E-8,0.000000,0.883903,0.000000,0.59305401,2026-06-16,2026-08-06,14,248,169,52,0.269231,2.865048,1.010038,3.315392,,,,,,,,GLOBAL_BASELINE_NO_ENTITY_RANKING,,,NOT_APPLICABLE_GLOBAL_BASELINE,HF9g-P5,,,,X 全窗基线 · 不参与实体赏罚,6879412,688,A168_HF9F_20260827_0900,2026-08-27 09:00:00
2026-07-24,151615992,1399,0,2.5817778122,2.5817778122,2.5817778122,1.0000000,1,1,0.49324550000000000,0.493245500000,1.01360149184955,1.01360149184955,1.01360149184955,0E-17,ELIGIBLE,R03b_20260811_FULL_v1,L1_ELIGIBILITY,v2026-08-11,2026-03-21..2026-08-06,baccarat_bet02_101_all_pairs_incl_sentinel,round_win = game_pnl > 0 (decisive only),COMPATIBILITY_ONLY_NOT_PRODUCTION,11944.5842,10557.8505,168.8720,524,480,-0.01413796,-0.01094599,-0.60400000,-0.01413796,-168.8720,11944.5842,OK,0.0000,6.7549,4.0000,96.0000,AG03-UNRESOLVED,ALL5_LEVELS_bet23_to_bet27,6.7549,6.7549,6.7549,8.4436,8.4436,4.000000,4.000000,4.000000,5.000000,5.000000,96.000000,96.000000,96.000000,95.000000,95.000000,5.0,37.1518,34.0321,131.7202,134.8399,PENDING_AG03,FALSE,NOT_FOR_ENFORCEMENT,162.1171,10135.5364,168.8720,162.1171,6.7549,0.01413796,0.01357244,6.7549,162.1171,0.01357244,6.7549,6.7549,6.7549,8.4436,8.4436,162.1171,0.01357244,37.1518,34.0321,131.7202,134.8399,0.01102761,0.01128879,0.00056552,22.7950,21.9955,0.3518,12.0623,0.6809,853.1846,34.2857,23.0238,8.0361,5.137,10.2741,25.6852,52.7183,87.2639,175.0453,5.1636,0.0,8.493614,17.037596,2.218695,29,105,17,8,0.99461774,0.01413796,0.01094599,0E-8,0.000000,0.883903,0.000000,0.59305401,2026-06-16,2026-08-06,14,248,169,52,0.269231,2.865048,1.010038,3.315392,,,,,,,,GLOBAL_BASELINE_NO_ENTITY_RANKING,,,NOT_APPLICABLE_GLOBAL_BASELINE,HF9g-P5,,,,X 全窗基线 · 不参与实体赏罚,6879413,688,A168_HF9F_20260827_0900,2026-08-27 09:00:00
2026-07-24,151615992,1957,0,8.2616889990,0E-10,0E-10,,1,1,0.49324550000000000,0.493245500000,,,,0E-17,NO_DECISIVE_ROUND,R03b_20260811_FULL_v1,L1_ELIGIBILITY,v2026-08-11,2026-03-21..2026-08-06,baccarat_bet02_101_all_pairs_incl_sentinel,round_win = game_pnl > 0 (decisive only),COMPATIBILITY_ONLY_NOT_PRODUCTION,11944.5842,10557.8505,168.8720,524,480,-0.01413796,-0.01094599,-0.60400000,-0.01413796,-168.8720,11944.5842,OK,0.0000,6.7549,4.0000,96.0000,AG03-UNRESOLVED,ALL5_LEVELS_bet23_to_bet27,6.7549,6.7549,6.7549,8.4436,8.4436,4.000000,4.000000,4.000000,5.000000,5.000000,96.000000,96.000000,96.000000,95.000000,95.000000,5.0,37.1518,34.0321,131.7202,134.8399,PENDING_AG03,FALSE,NOT_FOR_ENFORCEMENT,162.1171,10135.5364,168.8720,162.1171,6.7549,0.01413796,0.01357244,6.7549,162.1171,0.01357244,6.7549,6.7549,6.7549,8.4436,8.4436,162.1171,0.01357244,37.1518,34.0321,131.7202,134.8399,0.01102761,0.01128879,0.00056552,22.7950,21.9955,0.3518,12.0623,0.6809,853.1846,34.2857,23.0238,8.0361,5.137,10.2741,25.6852,52.7183,87.2639,175.0453,5.1636,0.0,8.493614,17.037596,2.218695,29,105,17,8,0.99461774,0.01413796,0.01094599,0E-8,0.000000,0.883903,0.000000,0.59305401,2026-06-16,2026-08-06,14,248,169,52,0.269231,2.865048,1.010038,3.315392,,,,,,,,GLOBAL_BASELINE_NO_ENTITY_RANKING,,,NOT_APPLICABLE_GLOBAL_BASELINE,HF9g-P5,,,,X 全窗基线 · 不参与实体赏罚,6879414,688,A168_HF9F_20260827_0900,2026-08-27 09:00:00
2026-07-24,151615992,1994,0,24.5268892159,1.0327111249,1.0327111249,0.5000000,5,4,0.29229933750000000,0.292299337500,0.9133330237058137,0.9133330237058137,0.9133330237058137,0E-17,ELIGIBLE,R03b_20260811_FULL_v1,L1_ELIGIBILITY,v2026-08-11,2026-03-21..2026-08-06,baccarat_bet02_101_all_pairs_incl_sentinel,round_win = game_pnl > 0 (decisive only),COMPATIBILITY_ONLY_NOT_PRODUCTION,11944.5842,10557.8505,168.8720,524,480,-0.01413796,-0.01094599,-0.60400000,-0.01413796,-168.8720,11944.5842,OK,0.0000,6.7549,4.0000,96.0000,AG03-UNRESOLVED,ALL5_LEVELS_bet23_to_bet27,6.7549,6.7549,6.7549,8.4436,8.4436,4.000000,4.000000,4.000000,5.000000,5.000000,96.000000,96.000000,96.000000,95.000000,95.000000,5.0,37.1518,34.0321,131.7202,134.8399,PENDING_AG03,FALSE,NOT_FOR_ENFORCEMENT,162.1171,10135.5364,168.8720,162.1171,6.7549,0.01413796,0.01357244,6.7549,162.1171,0.01357244,6.7549,6.7549,6.7549,8.4436,8.4436,162.1171,0.01357244,37.1518,34.0321,131.7202,134.8399,0.01102761,0.01128879,0.00056552,22.7950,21.9955,0.3518,12.0623,0.6809,853.1846,34.2857,23.0238,8.0361,5.137,10.2741,25.6852,52.7183,87.2639,175.0453,5.1636,0.0,8.493614,17.037596,2.218695,29,105,17,8,0.99461774,0.01413796,0.01094599,0E-8,0.000000,0.883903,0.000000,0.59305401,2026-06-16,2026-08-06,14,248,169,52,0.269231,2.865048,1.010038,3.315392,,,,,,,,GLOBAL_BASELINE_NO_ENTITY_RANKING,,,NOT_APPLICABLE_GLOBAL_BASELINE,HF9g-P5,,,,X 全窗基线 · 不参与实体赏罚,6879415,688,A168_HF9F_20260827_0900,2026-08-27 09:00:00
2026-07-24,151615992,2093,0,61.9626674928,-41.3084449952,-41.3084449952,0.5000000,2,2,0.49324550000000000,0.493245500000,0.01910635448239258,0.01910635448239258,0.01910635448239258,0E-17,ELIGIBLE,R03b_20260811_FULL_v1,L1_ELIGIBILITY,v2026-08-11,2026-03-21..2026-08-06,baccarat_bet02_101_all_pairs_incl_sentinel,round_win = game_pnl > 0 (decisive only),COMPATIBILITY_ONLY_NOT_PRODUCTION,11944.5842,10557.8505,168.8720,524,480,-0.01413796,-0.01094599,-0.60400000,-0.01413796,-168.8720,11944.5842,OK,0.0000,6.7549,4.0000,96.0000,AG03-UNRESOLVED,ALL5_LEVELS_bet23_to_bet27,6.7549,6.7549,6.7549,8.4436,8.4436,4.000000,4.000000,4.000000,5.000000,5.000000,96.000000,96.000000,96.000000,95.000000,95.000000,5.0,37.1518,34.0321,131.7202,134.8399,PENDING_AG03,FALSE,NOT_FOR_ENFORCEMENT,162.1171,10135.5364,168.8720,162.1171,6.7549,0.01413796,0.01357244,6.7549,162.1171,0.01357244,6.7549,6.7549,6.7549,8.4436,8.4436,162.1171,0.01357244,37.1518,34.0321,131.7202,134.8399,0.01102761,0.01128879,0.00056552,22.7950,21.9955,0.3518,12.0623,0.6809,853.1846,34.2857,23.0238,8.0361,5.137,10.2741,25.6852,52.7183,87.2639,175.0453,5.1636,0.0,8.493614,17.037596,2.218695,29,105,17,8,0.99461774,0.01413796,0.01094599,0E-8,0.000000,0.883903,0.000000,0.59305401,2026-06-16,2026-08-06,14,248,169,52,0.269231,2.865048,1.010038,3.315392,,,,,,,,GLOBAL_BASELINE_NO_ENTITY_RANKING,,,NOT_APPLICABLE_GLOBAL_BASELINE,HF9g-P5,,,,X 全窗基线 · 不参与实体赏罚,6879416,688,A168_HF9F_20260827_0900,2026-08-27 09:00:00
2026-07-24,151615992,2101,0,51.6355562440,0E-10,0E-10,,1,1,0.50665070000000000,0.506650700000,,,,0E-17,NO_DECISIVE_ROUND,R03b_20260811_FULL_v1,L1_ELIGIBILITY,v2026-08-11,2026-03-21..2026-08-06,baccarat_bet02_101_all_pairs_incl_sentinel,round_win = game_pnl > 0 (decisive only),COMPATIBILITY_ONLY_NOT_PRODUCTION,11944.5842,10557.8505,168.8720,524,480,-0.01413796,-0.01094599,-0.60400000,-0.01413796,-168.8720,11944.5842,OK,0.0000,6.7549,4.0000,96.0000,AG03-UNRESOLVED,ALL5_LEVELS_bet23_to_bet27,6.7549,6.7549,6.7549,8.4436,8.4436,4.000000,4.000000,4.000000,5.000000,5.000000,96.000000,96.000000,96.000000,95.000000,95.000000,5.0,37.1518,34.0321,131.7202,134.8399,PENDING_AG03,FALSE,NOT_FOR_ENFORCEMENT,162.1171,10135.5364,168.8720,162.1171,6.7549,0.01413796,0.01357244,6.7549,162.1171,0.01357244,6.7549,6.7549,6.7549,8.4436,8.4436,162.1171,0.01357244,37.1518,34.0321,131.7202,134.8399,0.01102761,0.01128879,0.00056552,22.7950,21.9955,0.3518,12.0623,0.6809,853.1846,34.2857,23.0238,8.0361,5.137,10.2741,25.6852,52.7183,87.2639,175.0453,5.1636,0.0,8.493614,17.037596,2.218695,29,105,17,8,0.99461774,0.01413796,0.01094599,0E-8,0.000000,0.883903,0.000000,0.59305401,2026-06-16,2026-08-06,14,248,169,52,0.269231,2.865048,1.010038,3.315392,,,,,,,,GLOBAL_BASELINE_NO_ENTITY_RANKING,,,NOT_APPLICABLE_GLOBAL_BASELINE,HF9g-P5,,,,X 全窗基线 · 不参与实体赏罚,6879417,688,A168_HF9F_20260827_0900,2026-08-27 09:00:00
2026-07-24,151615992,2209,0,6.1962667493,-6.1962667493,-6.1962667493,0E-7,1,1,0.50665070000000000,0.506650700000,-1.013391052207602,-1.013391052207602,-1.013391052207602,0E-17,ELIGIBLE,R03b_20260811_FULL_v1,L1_ELIGIBILITY,v2026-08-11,2026-03-21..2026-08-06,baccarat_bet02_101_all_pairs_incl_sentinel,round_win = game_pnl > 0 (decisive only),COMPATIBILITY_ONLY_NOT_PRODUCTION,11944.5842,10557.8505,168.8720,524,480,-0.01413796,-0.01094599,-0.60400000,-0.01413796,-168.8720,11944.5842,OK,0.0000,6.7549,4.0000,96.0000,AG03-UNRESOLVED,ALL5_LEVELS_bet23_to_bet27,6.7549,6.7549,6.7549,8.4436,8.4436,4.000000,4.000000,4.000000,5.000000,5.000000,96.000000,96.000000,96.000000,95.000000,95.000000,5.0,37.1518,34.0321,131.7202,134.8399,PENDING_AG03,FALSE,NOT_FOR_ENFORCEMENT,162.1171,10135.5364,168.8720,162.1171,6.7549,0.01413796,0.01357244,6.7549,162.1171,0.01357244,6.7549,6.7549,6.7549,8.4436,8.4436,162.1171,0.01357244,37.1518,34.0321,131.7202,134.8399,0.01102761,0.01128879,0.00056552,22.7950,21.9955,0.3518,12.0623,0.6809,853.1846,34.2857,23.0238,8.0361,5.137,10.2741,25.6852,52.7183,87.2639,175.0453,5.1636,0.0,8.493614,17.037596,2.218695,29,105,17,8,0.99461774,0.01413796,0.01094599,0E-8,0.000000,0.883903,0.000000,0.59305401,2026-06-16,2026-08-06,14,248,169,52,0.269231,2.865048,1.010038,3.315392,,,,,,,,GLOBAL_BASELINE_NO_ENTITY_RANKING,,,NOT_APPLICABLE_GLOBAL_BASELINE,HF9g-P5,,,,X 全窗基线 · 不参与实体赏罚,6879418,688,A168_HF9F_20260827_0900,2026-08-27 09:00:00
2026-07-24,151615992,2222,0,17.2979113418,2.8399555934,2.8399555934,0.5000000,2,2,0.49994810000000000,0.499948100000,0.00014679536856514622,0.00014679536856514622,0.00014679536856514622,0E-17,ELIGIBLE,R03b_20260811_FULL_v1,L1_ELIGIBILITY,v2026-08-11,2026-03-21..2026-08-06,baccarat_bet02_101_all_pairs_incl_sentinel,round_win = game_pnl > 0 (decisive only),COMPATIBILITY_ONLY_NOT_PRODUCTION,11944.5842,10557.8505,168.8720,524,480,-0.01413796,-0.01094599,-0.60400000,-0.01413796,-168.8720,11944.5842,OK,0.0000,6.7549,4.0000,96.0000,AG03-UNRESOLVED,ALL5_LEVELS_bet23_to_bet27,6.7549,6.7549,6.7549,8.4436,8.4436,4.000000,4.000000,4.000000,5.000000,5.000000,96.000000,96.000000,96.000000,95.000000,95.000000,5.0,37.1518,34.0321,131.7202,134.8399,PENDING_AG03,FALSE,NOT_FOR_ENFORCEMENT,162.1171,10135.5364,168.8720,162.1171,6.7549,0.01413796,0.01357244,6.7549,162.1171,0.01357244,6.7549,6.7549,6.7549,8.4436,8.4436,162.1171,0.01357244,37.1518,34.0321,131.7202,134.8399,0.01102761,0.01128879,0.00056552,22.7950,21.9955,0.3518,12.0623,0.6809,853.1846,34.2857,23.0238,8.0361,5.137,10.2741,25.6852,52.7183,87.2639,175.0453,5.1636,0.0,8.493614,17.037596,2.218695,29,105,17,8,0.99461774,0.01413796,0.01094599,0E-8,0.000000,0.883903,0.000000,0.59305401,2026-06-16,2026-08-06,14,248,169,52,0.269231,2.865048,1.010038,3.315392,,,,,,,,GLOBAL_BASELINE_NO_ENTITY_RANKING,,,NOT_APPLICABLE_GLOBAL_BASELINE,HF9g-P5,,,,X 全窗基线 · 不参与实体赏罚,6879419,688,A168_HF9F_20260827_0900,2026-08-27 09:00:00
2026-07-24,151615992,2229,0,5.1635556244,0E-10,0E-10,,1,1,0.50665070000000000,0.506650700000,,,,0E-17,NO_DECISIVE_ROUND,R03b_20260811_FULL_v1,L1_ELIGIBILITY,v2026-08-11,2026-03-21..2026-08-06,baccarat_bet02_101_all_pairs_incl_sentinel,round_win = game_pnl > 0 (decisive only),COMPATIBILITY_ONLY_NOT_PRODUCTION,11944.5842,10557.8505,168.8720,524,480,-0.01413796,-0.01094599,-0.60400000,-0.01413796,-168.8720,11944.5842,OK,0.0000,6.7549,4.0000,96.0000,AG03-UNRESOLVED,ALL5_LEVELS_bet23_to_bet27,6.7549,6.7549,6.7549,8.4436,8.4436,4.000000,4.000000,4.000000,5.000000,5.000000,96.000000,96.000000,96.000000,95.000000,95.000000,5.0,37.1518,34.0321,131.7202,134.8399,PENDING_AG03,FALSE,NOT_FOR_ENFORCEMENT,162.1171,10135.5364,168.8720,162.1171,6.7549,0.01413796,0.01357244,6.7549,162.1171,0.01357244,6.7549,6.7549,6.7549,8.4436,8.4436,162.1171,0.01357244,37.1518,34.0321,131.7202,134.8399,0.01102761,0.01128879,0.00056552,22.7950,21.9955,0.3518,12.0623,0.6809,853.1846,34.2857,23.0238,8.0361,5.137,10.2741,25.6852,52.7183,87.2639,175.0453,5.1636,0.0,8.493614,17.037596,2.218695,29,105,17,8,0.99461774,0.01413796,0.01094599,0E-8,0.000000,0.883903,0.000000,0.59305401,2026-06-16,2026-08-06,14,248,169,52,0.269231,2.865048,1.010038,3.315392,,,,,,,,GLOBAL_BASELINE_NO_ENTITY_RANKING,,,NOT_APPLICABLE_GLOBAL_BASELINE,HF9g-P5,,,,X 全窗基线 · 不参与实体赏罚,6879420,688,A168_HF9F_20260827_0900,2026-08-27 09:00:00
2026-07-24,151615992,2289,0,5.6799111868,5.6799111868,5.6799111868,1.0000000,1,1,0.49324550000000000,0.493245500000,1.01360149184955,1.01360149184955,1.01360149184955,0E-17,ELIGIBLE,R03b_20260811_FULL_v1,L1_ELIGIBILITY,v2026-08-11,2026-03-21..2026-08-06,baccarat_bet02_101_all_pairs_incl_sentinel,round_win = game_pnl > 0 (decisive only),COMPATIBILITY_ONLY_NOT_PRODUCTION,11944.5842,10557.8505,168.8720,524,480,-0.01413796,-0.01094599,-0.60400000,-0.01413796,-168.8720,11944.5842,OK,0.0000,6.7549,4.0000,96.0000,AG03-UNRESOLVED,ALL5_LEVELS_bet23_to_bet27,6.7549,6.7549,6.7549,8.4436,8.4436,4.000000,4.000000,4.000000,5.000000,5.000000,96.000000,96.000000,96.000000,95.000000,95.000000,5.0,37.1518,34.0321,131.7202,134.8399,PENDING_AG03,FALSE,NOT_FOR_ENFORCEMENT,162.1171,10135.5364,168.8720,162.1171,6.7549,0.01413796,0.01357244,6.7549,162.1171,0.01357244,6.7549,6.7549,6.7549,8.4436,8.4436,162.1171,0.01357244,37.1518,34.0321,131.7202,134.8399,0.01102761,0.01128879,0.00056552,22.7950,21.9955,0.3518,12.0623,0.6809,853.1846,34.2857,23.0238,8.0361,5.137,10.2741,25.6852,52.7183,87.2639,175.0453,5.1636,0.0,8.493614,17.037596,2.218695,29,105,17,8,0.99461774,0.01413796,0.01094599,0E-8,0.000000,0.883903,0.000000,0.59305401,2026-06-16,2026-08-06,14,248,169,52,0.269231,2.865048,1.010038,3.315392,,,,,,,,GLOBAL_BASELINE_NO_ENTITY_RANKING,,,NOT_APPLICABLE_GLOBAL_BASELINE,HF9g-P5,,,,X 全窗基线 · 不参与实体赏罚,6879421,688,A168_HF9F_20260827_0900,2026-08-27 09:00:00
2026-07-24,151615992,925,0,20.6542224976,-0.5163555624,-0.5163555624,0.5000000,2,2,0.49994810000000000,0.499948100000,0.00014679536856514622,0.00014679536856514622,0.00014679536856514622,0E-17,ELIGIBLE,R03b_20260811_FULL_v1,L1_ELIGIBILITY,v2026-08-11,2026-03-21..2026-08-06,baccarat_bet02_101_all_pairs_incl_sentinel,round_win = game_pnl > 0 (decisive only),COMPATIBILITY_ONLY_NOT_PRODUCTION,11944.5842,10557.8505,168.8720,524,480,-0.01413796,-0.01094599,-0.60400000,-0.01413796,-168.8720,11944.5842,OK,0.0000,6.7549,4.0000,96.0000,AG03-UNRESOLVED,ALL5_LEVELS_bet23_to_bet27,6.7549,6.7549,6.7549,8.4436,8.4436,4.000000,4.000000,4.000000,5.000000,5.000000,96.000000,96.000000,96.000000,95.000000,95.000000,5.0,37.1518,34.0321,131.7202,134.8399,PENDING_AG03,FALSE,NOT_FOR_ENFORCEMENT,162.1171,10135.5364,168.8720,162.1171,6.7549,0.01413796,0.01357244,6.7549,162.1171,0.01357244,6.7549,6.7549,6.7549,8.4436,8.4436,162.1171,0.01357244,37.1518,34.0321,131.7202,134.8399,0.01102761,0.01128879,0.00056552,22.7950,21.9955,0.3518,12.0623,0.6809,853.1846,34.2857,23.0238,8.0361,5.137,10.2741,25.6852,52.7183,87.2639,175.0453,5.1636,0.0,8.493614,17.037596,2.218695,29,105,17,8,0.99461774,0.01413796,0.01094599,0E-8,0.000000,0.883903,0.000000,0.59305401,2026-06-16,2026-08-06,14,248,169,52,0.269231,2.865048,1.010038,3.315392,,,,,,,,GLOBAL_BASELINE_NO_ENTITY_RANKING,,,NOT_APPLICABLE_GLOBAL_BASELINE,HF9g-P5,,,,X 全窗基线 · 不参与实体赏罚,6879422,688,A168_HF9F_20260827_0900,2026-08-27 09:00:00
2026-07-26,151615992,1318,0,20.6542224976,-20.6542224976,-20.6542224976,0E-7,1,1,0.49324550000000000,0.493245500000,-0.9865810262130424,-0.9865810262130424,-0.9865810262130424,0E-17,ELIGIBLE,R03b_20260811_FULL_v1,L1_ELIGIBILITY,v2026-08-11,2026-03-21..2026-08-06,baccarat_bet02_101_all_pairs_incl_sentinel,round_win = game_pnl > 0 (decisive only),COMPATIBILITY_ONLY_NOT_PRODUCTION,11944.5842,10557.8505,168.8720,524,480,-0.01413796,-0.01094599,-0.60400000,-0.01413796,-168.8720,11944.5842,OK,0.0000,6.7549,4.0000,96.0000,AG03-UNRESOLVED,ALL5_LEVELS_bet23_to_bet27,6.7549,6.7549,6.7549,8.4436,8.4436,4.000000,4.000000,4.000000,5.000000,5.000000,96.000000,96.000000,96.000000,95.000000,95.000000,5.0,37.1518,34.0321,131.7202,134.8399,PENDING_AG03,FALSE,NOT_FOR_ENFORCEMENT,162.1171,10135.5364,168.8720,162.1171,6.7549,0.01413796,0.01357244,6.7549,162.1171,0.01357244,6.7549,6.7549,6.7549,8.4436,8.4436,162.1171,0.01357244,37.1518,34.0321,131.7202,134.8399,0.01102761,0.01128879,0.00056552,22.7950,21.9955,0.3518,12.0623,0.6809,853.1846,34.2857,23.0238,8.0361,5.137,10.2741,25.6852,52.7183,87.2639,175.0453,5.1636,0.0,8.493614,17.037596,2.218695,29,105,17,8,0.99461774,0.01413796,0.01094599,0E-8,0.000000,0.883903,0.000000,0.59305401,2026-06-16,2026-08-06,14,248,169,52,0.269231,2.865048,1.010038,3.315392,,,,,,,,GLOBAL_BASELINE_NO_ENTITY_RANKING,,,NOT_APPLICABLE_GLOBAL_BASELINE,HF9g-P5,,,,X 全窗基线 · 不参与实体赏罚,6879423,688,A168_HF9F_20260827_0900,2026-08-27 09:00:00
2026-07-26,151615992,1710,0,16.7815557793,16.7815557793,16.7815557793,1.0000000,1,1,0.49324550000000000,0.493245500000,1.01360149184955,1.01360149184955,1.01360149184955,0E-17,ELIGIBLE,R03b_20260811_FULL_v1,L1_ELIGIBILITY,v2026-08-11,2026-03-21..2026-08-06,baccarat_bet02_101_all_pairs_incl_sentinel,round_win = game_pnl > 0 (decisive only),COMPATIBILITY_ONLY_NOT_PRODUCTION,11944.5842,10557.8505,168.8720,524,480,-0.01413796,-0.01094599,-0.60400000,-0.01413796,-168.8720,11944.5842,OK,0.0000,6.7549,4.0000,96.0000,AG03-UNRESOLVED,ALL5_LEVELS_bet23_to_bet27,6.7549,6.7549,6.7549,8.4436,8.4436,4.000000,4.000000,4.000000,5.000000,5.000000,96.000000,96.000000,96.000000,95.000000,95.000000,5.0,37.1518,34.0321,131.7202,134.8399,PENDING_AG03,FALSE,NOT_FOR_ENFORCEMENT,162.1171,10135.5364,168.8720,162.1171,6.7549,0.01413796,0.01357244,6.7549,162.1171,0.01357244,6.7549,6.7549,6.7549,8.4436,8.4436,162.1171,0.01357244,37.1518,34.0321,131.7202,134.8399,0.01102761,0.01128879,0.00056552,22.7950,21.9955,0.3518,12.0623,0.6809,853.1846,34.2857,23.0238,8.0361,5.137,10.2741,25.6852,52.7183,87.2639,175.0453,5.1636,0.0,8.493614,17.037596,2.218695,29,105,17,8,0.99461774,0.01413796,0.01094599,0E-8,0.000000,0.883903,0.000000,0.59305401,2026-06-16,2026-08-06,14,248,169,52,0.269231,2.865048,1.010038,3.315392,,,,,,,,GLOBAL_BASELINE_NO_ENTITY_RANKING,,,NOT_APPLICABLE_GLOBAL_BASELINE,HF9g-P5,,,,X 全窗基线 · 不参与实体赏罚,6879424,688,A168_HF9F_20260827_0900,2026-08-27 09:00:00
2026-07-26,151615992,1990,0,5.1635556244,-5.1635556244,-5.1635556244,0E-7,1,1,0.49324550000000000,0.493245500000,-0.9865810262130424,-0.9865810262130424,-0.9865810262130424,0E-17,ELIGIBLE,R03b_20260811_FULL_v1,L1_ELIGIBILITY,v2026-08-11,2026-03-21..2026-08-06,baccarat_bet02_101_all_pairs_incl_sentinel,round_win = game_pnl > 0 (decisive only),COMPATIBILITY_ONLY_NOT_PRODUCTION,11944.5842,10557.8505,168.8720,524,480,-0.01413796,-0.01094599,-0.60400000,-0.01413796,-168.8720,11944.5842,OK,0.0000,6.7549,4.0000,96.0000,AG03-UNRESOLVED,ALL5_LEVELS_bet23_to_bet27,6.7549,6.7549,6.7549,8.4436,8.4436,4.000000,4.000000,4.000000,5.000000,5.000000,96.000000,96.000000,96.000000,95.000000,95.000000,5.0,37.1518,34.0321,131.7202,134.8399,PENDING_AG03,FALSE,NOT_FOR_ENFORCEMENT,162.1171,10135.5364,168.8720,162.1171,6.7549,0.01413796,0.01357244,6.7549,162.1171,0.01357244,6.7549,6.7549,6.7549,8.4436,8.4436,162.1171,0.01357244,37.1518,34.0321,131.7202,134.8399,0.01102761,0.01128879,0.00056552,22.7950,21.9955,0.3518,12.0623,0.6809,853.1846,34.2857,23.0238,8.0361,5.137,10.2741,25.6852,52.7183,87.2639,175.0453,5.1636,0.0,8.493614,17.037596,2.218695,29,105,17,8,0.99461774,0.01413796,0.01094599,0E-8,0.000000,0.883903,0.000000,0.59305401,2026-06-16,2026-08-06,14,248,169,52,0.269231,2.865048,1.010038,3.315392,,,,,,,,GLOBAL_BASELINE_NO_ENTITY_RANKING,,,NOT_APPLICABLE_GLOBAL_BASELINE,HF9g-P5,,,,X 全窗基线 · 不参与实体赏罚,6879425,688,A168_HF9F_20260827_0900,2026-08-27 09:00:00
2026-07-26,151615992,2117,0,7.7453334366,-7.7453334366,-7.7453334366,0E-7,1,1,0.49324550000000000,0.493245500000,-0.9865810262130424,-0.9865810262130424,-0.9865810262130424,0E-17,ELIGIBLE,R03b_20260811_FULL_v1,L1_ELIGIBILITY,v2026-08-11,2026-03-21..2026-08-06,baccarat_bet02_101_all_pairs_incl_sentinel,round_win = game_pnl > 0 (decisive only),COMPATIBILITY_ONLY_NOT_PRODUCTION,11944.5842,10557.8505,168.8720,524,480,-0.01413796,-0.01094599,-0.60400000,-0.01413796,-168.8720,11944.5842,OK,0.0000,6.7549,4.0000,96.0000,AG03-UNRESOLVED,ALL5_LEVELS_bet23_to_bet27,6.7549,6.7549,6.7549,8.4436,8.4436,4.000000,4.000000,4.000000,5.000000,5.000000,96.000000,96.000000,96.000000,95.000000,95.000000,5.0,37.1518,34.0321,131.7202,134.8399,PENDING_AG03,FALSE,NOT_FOR_ENFORCEMENT,162.1171,10135.5364,168.8720,162.1171,6.7549,0.01413796,0.01357244,6.7549,162.1171,0.01357244,6.7549,6.7549,6.7549,8.4436,8.4436,162.1171,0.01357244,37.1518,34.0321,131.7202,134.8399,0.01102761,0.01128879,0.00056552,22.7950,21.9955,0.3518,12.0623,0.6809,853.1846,34.2857,23.0238,8.0361,5.137,10.2741,25.6852,52.7183,87.2639,175.0453,5.1636,0.0,8.493614,17.037596,2.218695,29,105,17,8,0.99461774,0.01413796,0.01094599,0E-8,0.000000,0.883903,0.000000,0.59305401,2026-06-16,2026-08-06,14,248,169,52,0.269231,2.865048,1.010038,3.315392,,,,,,,,GLOBAL_BASELINE_NO_ENTITY_RANKING,,,NOT_APPLICABLE_GLOBAL_BASELINE,HF9g-P5,,,,X 全窗基线 · 不参与实体赏罚,6879426,688,A168_HF9F_20260827_0900,2026-08-27 09:00:00
2026-07-29,151615992,-1,1,52.6682673689,-52.6682673689,-52.6682673689,0E-7,1,1,0.49324550000000000,0.493245500000,-0.9865810262130424,-0.9865810262130424,-0.9865810262130424,0E-17,SENTINEL_DEALER,R03b_20260811_FULL_v1,L1_ELIGIBILITY,v2026-08-11,2026-03-21..2026-08-06,baccarat_bet02_101_all_pairs_incl_sentinel,round_win = game_pnl > 0 (decisive only),COMPATIBILITY_ONLY_NOT_PRODUCTION,11944.5842,10557.8505,168.8720,524,480,-0.01413796,-0.01094599,-0.60400000,-0.01413796,-168.8720,11944.5842,OK,0.0000,6.7549,4.0000,96.0000,AG03-UNRESOLVED,ALL5_LEVELS_bet23_to_bet27,6.7549,6.7549,6.7549,8.4436,8.4436,4.000000,4.000000,4.000000,5.000000,5.000000,96.000000,96.000000,96.000000,95.000000,95.000000,5.0,37.1518,34.0321,131.7202,134.8399,PENDING_AG03,FALSE,NOT_FOR_ENFORCEMENT,162.1171,10135.5364,168.8720,162.1171,6.7549,0.01413796,0.01357244,6.7549,162.1171,0.01357244,6.7549,6.7549,6.7549,8.4436,8.4436,162.1171,0.01357244,37.1518,34.0321,131.7202,134.8399,0.01102761,0.01128879,0.00056552,22.7950,21.9955,0.3518,12.0623,0.6809,853.1846,34.2857,23.0238,8.0361,5.137,10.2741,25.6852,52.7183,87.2639,175.0453,5.1636,0.0,8.493614,17.037596,2.218695,29,105,17,8,0.99461774,0.01413796,0.01094599,0E-8,0.000000,0.883903,0.000000,0.59305401,2026-06-16,2026-08-06,14,248,169,52,0.269231,2.865048,1.010038,3.315392,,,,,,,,GLOBAL_BASELINE_NO_ENTITY_RANKING,,,NOT_APPLICABLE_GLOBAL_BASELINE,HF9g-P5,,,,X 全窗基线 · 不参与实体赏罚,6879427,688,A168_HF9F_20260827_0900,2026-08-27 09:00:00
2026-07-29,151615992,1507,0,87.0059122712,65.0091653113,65.0091653113,0.6666667,6,3,0.34842234285714785,0.288527750000,1.1568717165192808,1.4455703293275348,1.1568717165192808,0.05989459285714785,ELIGIBLE,R03b_20260811_FULL_v1,L1_ELIGIBILITY,v2026-08-11,2026-03-21..2026-08-06,baccarat_bet02_101_all_pairs_incl_sentinel,round_win = game_pnl > 0 (decisive only),COMPATIBILITY_ONLY_NOT_PRODUCTION,11944.5842,10557.8505,168.8720,524,480,-0.01413796,-0.01094599,-0.60400000,-0.01413796,-168.8720,11944.5842,OK,0.0000,6.7549,4.0000,96.0000,AG03-UNRESOLVED,ALL5_LEVELS_bet23_to_bet27,6.7549,6.7549,6.7549,8.4436,8.4436,4.000000,4.000000,4.000000,5.000000,5.000000,96.000000,96.000000,96.000000,95.000000,95.000000,5.0,37.1518,34.0321,131.7202,134.8399,PENDING_AG03,FALSE,NOT_FOR_ENFORCEMENT,162.1171,10135.5364,168.8720,162.1171,6.7549,0.01413796,0.01357244,6.7549,162.1171,0.01357244,6.7549,6.7549,6.7549,8.4436,8.4436,162.1171,0.01357244,37.1518,34.0321,131.7202,134.8399,0.01102761,0.01128879,0.00056552,22.7950,21.9955,0.3518,12.0623,0.6809,853.1846,34.2857,23.0238,8.0361,5.137,10.2741,25.6852,52.7183,87.2639,175.0453,5.1636,0.0,8.493614,17.037596,2.218695,29,105,17,8,0.99461774,0.01413796,0.01094599,0E-8,0.000000,0.883903,0.000000,0.59305401,2026-06-16,2026-08-06,14,248,169,52,0.269231,2.865048,1.010038,3.315392,,,,,,,,GLOBAL_BASELINE_NO_ENTITY_RANKING,,,NOT_APPLICABLE_GLOBAL_BASELINE,HF9g-P5,,,,X 全窗基线 · 不参与实体赏罚,6879428,688,A168_HF9F_20260827_0900,2026-08-27 09:00:00
2026-07-31,151615992,-1,1,246.5597810652,-43.1673250200,-43.1673250200,0.2500000,13,8,0.44825938125000000,0.448259381250,-1.1275779316231946,-1.1275779316231946,-1.1275779316231946,0E-17,SENTINEL_DEALER,R03b_20260811_FULL_v1,L1_ELIGIBILITY,v2026-08-11,2026-03-21..2026-08-06,baccarat_bet02_101_all_pairs_incl_sentinel,round_win = game_pnl > 0 (decisive only),COMPATIBILITY_ONLY_NOT_PRODUCTION,11944.5842,10557.8505,168.8720,524,480,-0.01413796,-0.01094599,-0.60400000,-0.01413796,-168.8720,11944.5842,OK,0.0000,6.7549,4.0000,96.0000,AG03-UNRESOLVED,ALL5_LEVELS_bet23_to_bet27,6.7549,6.7549,6.7549,8.4436,8.4436,4.000000,4.000000,4.000000,5.000000,5.000000,96.000000,96.000000,96.000000,95.000000,95.000000,5.0,37.1518,34.0321,131.7202,134.8399,PENDING_AG03,FALSE,NOT_FOR_ENFORCEMENT,162.1171,10135.5364,168.8720,162.1171,6.7549,0.01413796,0.01357244,6.7549,162.1171,0.01357244,6.7549,6.7549,6.7549,8.4436,8.4436,162.1171,0.01357244,37.1518,34.0321,131.7202,134.8399,0.01102761,0.01128879,0.00056552,22.7950,21.9955,0.3518,12.0623,0.6809,853.1846,34.2857,23.0238,8.0361,5.137,10.2741,25.6852,52.7183,87.2639,175.0453,5.1636,0.0,8.493614,17.037596,2.218695,29,105,17,8,0.99461774,0.01413796,0.01094599,0E-8,0.000000,0.883903,0.000000,0.59305401,2026-06-16,2026-08-06,14,248,169,52,0.269231,2.865048,1.010038,3.315392,,,,,,,,GLOBAL_BASELINE_NO_ENTITY_RANKING,,,NOT_APPLICABLE_GLOBAL_BASELINE,HF9g-P5,,,,X 全窗基线 · 不参与实体赏罚,6879429,688,A168_HF9F_20260827_0900,2026-08-27 09:00:00
2026-07-31,151615992,1331,0,58.6063563369,54.7336896186,54.7336896186,0.7500000,9,4,0.28228261500000000,0.280420500000,2.078235262738978,2.0907150903932887,2.078235262738978,0.00186211500000000,ELIGIBLE,R03b_20260811_FULL_v1,L1_ELIGIBILITY,v2026-08-11,2026-03-21..2026-08-06,baccarat_bet02_101_all_pairs_incl_sentinel,round_win = game_pnl > 0 (decisive only),COMPATIBILITY_ONLY_NOT_PRODUCTION,11944.5842,10557.8505,168.8720,524,480,-0.01413796,-0.01094599,-0.60400000,-0.01413796,-168.8720,11944.5842,OK,0.0000,6.7549,4.0000,96.0000,AG03-UNRESOLVED,ALL5_LEVELS_bet23_to_bet27,6.7549,6.7549,6.7549,8.4436,8.4436,4.000000,4.000000,4.000000,5.000000,5.000000,96.000000,96.000000,96.000000,95.000000,95.000000,5.0,37.1518,34.0321,131.7202,134.8399,PENDING_AG03,FALSE,NOT_FOR_ENFORCEMENT,162.1171,10135.5364,168.8720,162.1171,6.7549,0.01413796,0.01357244,6.7549,162.1171,0.01357244,6.7549,6.7549,6.7549,8.4436,8.4436,162.1171,0.01357244,37.1518,34.0321,131.7202,134.8399,0.01102761,0.01128879,0.00056552,22.7950,21.9955,0.3518,12.0623,0.6809,853.1846,34.2857,23.0238,8.0361,5.137,10.2741,25.6852,52.7183,87.2639,175.0453,5.1636,0.0,8.493614,17.037596,2.218695,29,105,17,8,0.99461774,0.01413796,0.01094599,0E-8,0.000000,0.883903,0.000000,0.59305401,2026-06-16,2026-08-06,14,248,169,52,0.269231,2.865048,1.010038,3.315392,,,,,,,,GLOBAL_BASELINE_NO_ENTITY_RANKING,,,NOT_APPLICABLE_GLOBAL_BASELINE,HF9g-P5,,,,X 全窗基线 · 不参与实体赏罚,6879430,688,A168_HF9F_20260827_0900,2026-08-27 09:00:00
2026-07-31,151615992,1507,0,18.0724446854,0E-10,0E-10,,1,1,0.50665070000000000,0.506650700000,,,,0E-17,NO_DECISIVE_ROUND,R03b_20260811_FULL_v1,L1_ELIGIBILITY,v2026-08-11,2026-03-21..2026-08-06,baccarat_bet02_101_all_pairs_incl_sentinel,round_win = game_pnl > 0 (decisive only),COMPATIBILITY_ONLY_NOT_PRODUCTION,11944.5842,10557.8505,168.8720,524,480,-0.01413796,-0.01094599,-0.60400000,-0.01413796,-168.8720,11944.5842,OK,0.0000,6.7549,4.0000,96.0000,AG03-UNRESOLVED,ALL5_LEVELS_bet23_to_bet27,6.7549,6.7549,6.7549,8.4436,8.4436,4.000000,4.000000,4.000000,5.000000,5.000000,96.000000,96.000000,96.000000,95.000000,95.000000,5.0,37.1518,34.0321,131.7202,134.8399,PENDING_AG03,FALSE,NOT_FOR_ENFORCEMENT,162.1171,10135.5364,168.8720,162.1171,6.7549,0.01413796,0.01357244,6.7549,162.1171,0.01357244,6.7549,6.7549,6.7549,8.4436,8.4436,162.1171,0.01357244,37.1518,34.0321,131.7202,134.8399,0.01102761,0.01128879,0.00056552,22.7950,21.9955,0.3518,12.0623,0.6809,853.1846,34.2857,23.0238,8.0361,5.137,10.2741,25.6852,52.7183,87.2639,175.0453,5.1636,0.0,8.493614,17.037596,2.218695,29,105,17,8,0.99461774,0.01413796,0.01094599,0E-8,0.000000,0.883903,0.000000,0.59305401,2026-06-16,2026-08-06,14,248,169,52,0.269231,2.865048,1.010038,3.315392,,,,,,,,GLOBAL_BASELINE_NO_ENTITY_RANKING,,,NOT_APPLICABLE_GLOBAL_BASELINE,HF9g-P5,,,,X 全窗基线 · 不参与实体赏罚,6879431,688,A168_HF9F_20260827_0900,2026-08-27 09:00:00
2026-07-31,151615992,1935,0,132.9615573283,-132.9615573283,-132.9615573283,0E-7,7,4,0.39151338333333333,0.389712575000,-1.6042711980718902,-1.5982142358074285,-1.6042711980718902,0.00180080833333333,ELIGIBLE,R03b_20260811_FULL_v1,L1_ELIGIBILITY,v2026-08-11,2026-03-21..2026-08-06,baccarat_bet02_101_all_pairs_incl_sentinel,round_win = game_pnl > 0 (decisive only),COMPATIBILITY_ONLY_NOT_PRODUCTION,11944.5842,10557.8505,168.8720,524,480,-0.01413796,-0.01094599,-0.60400000,-0.01413796,-168.8720,11944.5842,OK,0.0000,6.7549,4.0000,96.0000,AG03-UNRESOLVED,ALL5_LEVELS_bet23_to_bet27,6.7549,6.7549,6.7549,8.4436,8.4436,4.000000,4.000000,4.000000,5.000000,5.000000,96.000000,96.000000,96.000000,95.000000,95.000000,5.0,37.1518,34.0321,131.7202,134.8399,PENDING_AG03,FALSE,NOT_FOR_ENFORCEMENT,162.1171,10135.5364,168.8720,162.1171,6.7549,0.01413796,0.01357244,6.7549,162.1171,0.01357244,6.7549,6.7549,6.7549,8.4436,8.4436,162.1171,0.01357244,37.1518,34.0321,131.7202,134.8399,0.01102761,0.01128879,0.00056552,22.7950,21.9955,0.3518,12.0623,0.6809,853.1846,34.2857,23.0238,8.0361,5.137,10.2741,25.6852,52.7183,87.2639,175.0453,5.1636,0.0,8.493614,17.037596,2.218695,29,105,17,8,0.99461774,0.01413796,0.01094599,0E-8,0.000000,0.883903,0.000000,0.59305401,2026-06-16,2026-08-06,14,248,169,52,0.269231,2.865048,1.010038,3.315392,,,,,,,,GLOBAL_BASELINE_NO_ENTITY_RANKING,,,NOT_APPLICABLE_GLOBAL_BASELINE,HF9g-P5,,,,X 全窗基线 · 不参与实体赏罚,6879432,688,A168_HF9F_20260827_0900,2026-08-27 09:00:00
2026-07-31,151615992,1942,0,57.8318229933,41.1019027703,41.1019027703,0.6666667,5,3,0.35496820000000000,0.354968200000,1.1282621165202102,1.1282621165202102,1.1282621165202102,0E-17,ELIGIBLE,R03b_20260811_FULL_v1,L1_ELIGIBILITY,v2026-08-11,2026-03-21..2026-08-06,baccarat_bet02_101_all_pairs_incl_sentinel,round_win = game_pnl > 0 (decisive only),COMPATIBILITY_ONLY_NOT_PRODUCTION,11944.5842,10557.8505,168.8720,524,480,-0.01413796,-0.01094599,-0.60400000,-0.01413796,-168.8720,11944.5842,OK,0.0000,6.7549,4.0000,96.0000,AG03-UNRESOLVED,ALL5_LEVELS_bet23_to_bet27,6.7549,6.7549,6.7549,8.4436,8.4436,4.000000,4.000000,4.000000,5.000000,5.000000,96.000000,96.000000,96.000000,95.000000,95.000000,5.0,37.1518,34.0321,131.7202,134.8399,PENDING_AG03,FALSE,NOT_FOR_ENFORCEMENT,162.1171,10135.5364,168.8720,162.1171,6.7549,0.01413796,0.01357244,6.7549,162.1171,0.01357244,6.7549,6.7549,6.7549,8.4436,8.4436,162.1171,0.01357244,37.1518,34.0321,131.7202,134.8399,0.01102761,0.01128879,0.00056552,22.7950,21.9955,0.3518,12.0623,0.6809,853.1846,34.2857,23.0238,8.0361,5.137,10.2741,25.6852,52.7183,87.2639,175.0453,5.1636,0.0,8.493614,17.037596,2.218695,29,105,17,8,0.99461774,0.01413796,0.01094599,0E-8,0.000000,0.883903,0.000000,0.59305401,2026-06-16,2026-08-06,14,248,169,52,0.269231,2.865048,1.010038,3.315392,,,,,,,,GLOBAL_BASELINE_NO_ENTITY_RANKING,,,NOT_APPLICABLE_GLOBAL_BASELINE,HF9g-P5,,,,X 全窗基线 · 不参与实体赏罚,6879433,688,A168_HF9F_20260827_0900,2026-08-27 09:00:00
2026-07-31,151615992,1947,0,5.1635556244,5.1635556244,5.1635556244,1.0000000,1,1,0.49324550000000000,0.493245500000,1.01360149184955,1.01360149184955,1.01360149184955,0E-17,ELIGIBLE,R03b_20260811_FULL_v1,L1_ELIGIBILITY,v2026-08-11,2026-03-21..2026-08-06,baccarat_bet02_101_all_pairs_incl_sentinel,round_win = game_pnl > 0 (decisive only),COMPATIBILITY_ONLY_NOT_PRODUCTION,11944.5842,10557.8505,168.8720,524,480,-0.01413796,-0.01094599,-0.60400000,-0.01413796,-168.8720,11944.5842,OK,0.0000,6.7549,4.0000,96.0000,AG03-UNRESOLVED,ALL5_LEVELS_bet23_to_bet27,6.7549,6.7549,6.7549,8.4436,8.4436,4.000000,4.000000,4.000000,5.000000,5.000000,96.000000,96.000000,96.000000,95.000000,95.000000,5.0,37.1518,34.0321,131.7202,134.8399,PENDING_AG03,FALSE,NOT_FOR_ENFORCEMENT,162.1171,10135.5364,168.8720,162.1171,6.7549,0.01413796,0.01357244,6.7549,162.1171,0.01357244,6.7549,6.7549,6.7549,8.4436,8.4436,162.1171,0.01357244,37.1518,34.0321,131.7202,134.8399,0.01102761,0.01128879,0.00056552,22.7950,21.9955,0.3518,12.0623,0.6809,853.1846,34.2857,23.0238,8.0361,5.137,10.2741,25.6852,52.7183,87.2639,175.0453,5.1636,0.0,8.493614,17.037596,2.218695,29,105,17,8,0.99461774,0.01413796,0.01094599,0E-8,0.000000,0.883903,0.000000,0.59305401,2026-06-16,2026-08-06,14,248,169,52,0.269231,2.865048,1.010038,3.315392,,,,,,,,GLOBAL_BASELINE_NO_ENTITY_RANKING,,,NOT_APPLICABLE_GLOBAL_BASELINE,HF9g-P5,,,,X 全窗基线 · 不参与实体赏罚,6879434,688,A168_HF9F_20260827_0900,2026-08-27 09:00:00
2026-07-31,151615992,2145,0,5.1635556244,-5.1635556244,-5.1635556244,0E-7,1,1,0.50665070000000000,0.506650700000,-1.013391052207602,-1.013391052207602,-1.013391052207602,0E-17,ELIGIBLE,R03b_20260811_FULL_v1,L1_ELIGIBILITY,v2026-08-11,2026-03-21..2026-08-06,baccarat_bet02_101_all_pairs_incl_sentinel,round_win = game_pnl > 0 (decisive only),COMPATIBILITY_ONLY_NOT_PRODUCTION,11944.5842,10557.8505,168.8720,524,480,-0.01413796,-0.01094599,-0.60400000,-0.01413796,-168.8720,11944.5842,OK,0.0000,6.7549,4.0000,96.0000,AG03-UNRESOLVED,ALL5_LEVELS_bet23_to_bet27,6.7549,6.7549,6.7549,8.4436,8.4436,4.000000,4.000000,4.000000,5.000000,5.000000,96.000000,96.000000,96.000000,95.000000,95.000000,5.0,37.1518,34.0321,131.7202,134.8399,PENDING_AG03,FALSE,NOT_FOR_ENFORCEMENT,162.1171,10135.5364,168.8720,162.1171,6.7549,0.01413796,0.01357244,6.7549,162.1171,0.01357244,6.7549,6.7549,6.7549,8.4436,8.4436,162.1171,0.01357244,37.1518,34.0321,131.7202,134.8399,0.01102761,0.01128879,0.00056552,22.7950,21.9955,0.3518,12.0623,0.6809,853.1846,34.2857,23.0238,8.0361,5.137,10.2741,25.6852,52.7183,87.2639,175.0453,5.1636,0.0,8.493614,17.037596,2.218695,29,105,17,8,0.99461774,0.01413796,0.01094599,0E-8,0.000000,0.883903,0.000000,0.59305401,2026-06-16,2026-08-06,14,248,169,52,0.269231,2.865048,1.010038,3.315392,,,,,,,,GLOBAL_BASELINE_NO_ENTITY_RANKING,,,NOT_APPLICABLE_GLOBAL_BASELINE,HF9g-P5,,,,X 全窗基线 · 不参与实体赏罚,6879435,688,A168_HF9F_20260827_0900,2026-08-27 09:00:00
2026-07-31,151615992,2152,0,51.6355562440,-51.6355562440,-51.6355562440,0E-7,1,1,0.50665070000000000,0.506650700000,-1.013391052207602,-1.013391052207602,-1.013391052207602,0E-17,ELIGIBLE,R03b_20260811_FULL_v1,L1_ELIGIBILITY,v2026-08-11,2026-03-21..2026-08-06,baccarat_bet02_101_all_pairs_incl_sentinel,round_win = game_pnl > 0 (decisive only),COMPATIBILITY_ONLY_NOT_PRODUCTION,11944.5842,10557.8505,168.8720,524,480,-0.01413796,-0.01094599,-0.60400000,-0.01413796,-168.8720,11944.5842,OK,0.0000,6.7549,4.0000,96.0000,AG03-UNRESOLVED,ALL5_LEVELS_bet23_to_bet27,6.7549,6.7549,6.7549,8.4436,8.4436,4.000000,4.000000,4.000000,5.000000,5.000000,96.000000,96.000000,96.000000,95.000000,95.000000,5.0,37.1518,34.0321,131.7202,134.8399,PENDING_AG03,FALSE,NOT_FOR_ENFORCEMENT,162.1171,10135.5364,168.8720,162.1171,6.7549,0.01413796,0.01357244,6.7549,162.1171,0.01357244,6.7549,6.7549,6.7549,8.4436,8.4436,162.1171,0.01357244,37.1518,34.0321,131.7202,134.8399,0.01102761,0.01128879,0.00056552,22.7950,21.9955,0.3518,12.0623,0.6809,853.1846,34.2857,23.0238,8.0361,5.137,10.2741,25.6852,52.7183,87.2639,175.0453,5.1636,0.0,8.493614,17.037596,2.218695,29,105,17,8,0.99461774,0.01413796,0.01094599,0E-8,0.000000,0.883903,0.000000,0.59305401,2026-06-16,2026-08-06,14,248,169,52,0.269231,2.865048,1.010038,3.315392,,,,,,,,GLOBAL_BASELINE_NO_ENTITY_RANKING,,,NOT_APPLICABLE_GLOBAL_BASELINE,HF9g-P5,,,,X 全窗基线 · 不参与实体赏罚,6879436,688,A168_HF9F_20260827_0900,2026-08-27 09:00:00
2026-07-31,151615992,2196,0,28.3995559342,28.3995559342,28.3995559342,1.0000000,1,1,0.49324550000000000,0.493245500000,1.01360149184955,1.01360149184955,1.01360149184955,0E-17,ELIGIBLE,R03b_20260811_FULL_v1,L1_ELIGIBILITY,v2026-08-11,2026-03-21..2026-08-06,baccarat_bet02_101_all_pairs_incl_sentinel,round_win = game_pnl > 0 (decisive only),COMPATIBILITY_ONLY_NOT_PRODUCTION,11944.5842,10557.8505,168.8720,524,480,-0.01413796,-0.01094599,-0.60400000,-0.01413796,-168.8720,11944.5842,OK,0.0000,6.7549,4.0000,96.0000,AG03-UNRESOLVED,ALL5_LEVELS_bet23_to_bet27,6.7549,6.7549,6.7549,8.4436,8.4436,4.000000,4.000000,4.000000,5.000000,5.000000,96.000000,96.000000,96.000000,95.000000,95.000000,5.0,37.1518,34.0321,131.7202,134.8399,PENDING_AG03,FALSE,NOT_FOR_ENFORCEMENT,162.1171,10135.5364,168.8720,162.1171,6.7549,0.01413796,0.01357244,6.7549,162.1171,0.01357244,6.7549,6.7549,6.7549,8.4436,8.4436,162.1171,0.01357244,37.1518,34.0321,131.7202,134.8399,0.01102761,0.01128879,0.00056552,22.7950,21.9955,0.3518,12.0623,0.6809,853.1846,34.2857,23.0238,8.0361,5.137,10.2741,25.6852,52.7183,87.2639,175.0453,5.1636,0.0,8.493614,17.037596,2.218695,29,105,17,8,0.99461774,0.01413796,0.01094599,0E-8,0.000000,0.883903,0.000000,0.59305401,2026-06-16,2026-08-06,14,248,169,52,0.269231,2.865048,1.010038,3.315392,,,,,,,,GLOBAL_BASELINE_NO_ENTITY_RANKING,,,NOT_APPLICABLE_GLOBAL_BASELINE,HF9g-P5,,,,X 全窗基线 · 不参与实体赏罚,6879437,688,A168_HF9F_20260827_0900,2026-08-27 09:00:00
2026-07-31,151615992,2216,0,45.9556450572,15.2324890920,15.2324890920,1.0000000,3,3,0.49771390000000000,0.497713900000,1.4206944795187548,1.420694479518755,1.4206944795187548,0E-17,ELIGIBLE,R03b_20260811_FULL_v1,L1_ELIGIBILITY,v2026-08-11,2026-03-21..2026-08-06,baccarat_bet02_101_all_pairs_incl_sentinel,round_win = game_pnl > 0 (decisive only),COMPATIBILITY_ONLY_NOT_PRODUCTION,11944.5842,10557.8505,168.8720,524,480,-0.01413796,-0.01094599,-0.60400000,-0.01413796,-168.8720,11944.5842,OK,0.0000,6.7549,4.0000,96.0000,AG03-UNRESOLVED,ALL5_LEVELS_bet23_to_bet27,6.7549,6.7549,6.7549,8.4436,8.4436,4.000000,4.000000,4.000000,5.000000,5.000000,96.000000,96.000000,96.000000,95.000000,95.000000,5.0,37.1518,34.0321,131.7202,134.8399,PENDING_AG03,FALSE,NOT_FOR_ENFORCEMENT,162.1171,10135.5364,168.8720,162.1171,6.7549,0.01413796,0.01357244,6.7549,162.1171,0.01357244,6.7549,6.7549,6.7549,8.4436,8.4436,162.1171,0.01357244,37.1518,34.0321,131.7202,134.8399,0.01102761,0.01128879,0.00056552,22.7950,21.9955,0.3518,12.0623,0.6809,853.1846,34.2857,23.0238,8.0361,5.137,10.2741,25.6852,52.7183,87.2639,175.0453,5.1636,0.0,8.493614,17.037596,2.218695,29,105,17,8,0.99461774,0.01413796,0.01094599,0E-8,0.000000,0.883903,0.000000,0.59305401,2026-06-16,2026-08-06,14,248,169,52,0.269231,2.865048,1.010038,3.315392,,,,,,,,GLOBAL_BASELINE_NO_ENTITY_RANKING,,,NOT_APPLICABLE_GLOBAL_BASELINE,HF9g-P5,,,,X 全窗基线 · 不参与实体赏罚,6879438,688,A168_HF9F_20260827_0900,2026-08-27 09:00:00
2026-07-31,151615992,2239,0,46.4720006196,45.9556450572,45.9556450572,1.0000000,3,3,0.49771390000000000,0.497713900000,1.739988277604938,1.739988277604938,1.739988277604938,0E-17,ELIGIBLE,R03b_20260811_FULL_v1,L1_ELIGIBILITY,v2026-08-11,2026-03-21..2026-08-06,baccarat_bet02_101_all_pairs_incl_sentinel,round_win = game_pnl > 0 (decisive only),COMPATIBILITY_ONLY_NOT_PRODUCTION,11944.5842,10557.8505,168.8720,524,480,-0.01413796,-0.01094599,-0.60400000,-0.01413796,-168.8720,11944.5842,OK,0.0000,6.7549,4.0000,96.0000,AG03-UNRESOLVED,ALL5_LEVELS_bet23_to_bet27,6.7549,6.7549,6.7549,8.4436,8.4436,4.000000,4.000000,4.000000,5.000000,5.000000,96.000000,96.000000,96.000000,95.000000,95.000000,5.0,37.1518,34.0321,131.7202,134.8399,PENDING_AG03,FALSE,NOT_FOR_ENFORCEMENT,162.1171,10135.5364,168.8720,162.1171,6.7549,0.01413796,0.01357244,6.7549,162.1171,0.01357244,6.7549,6.7549,6.7549,8.4436,8.4436,162.1171,0.01357244,37.1518,34.0321,131.7202,134.8399,0.01102761,0.01128879,0.00056552,22.7950,21.9955,0.3518,12.0623,0.6809,853.1846,34.2857,23.0238,8.0361,5.137,10.2741,25.6852,52.7183,87.2639,175.0453,5.1636,0.0,8.493614,17.037596,2.218695,29,105,17,8,0.99461774,0.01413796,0.01094599,0E-8,0.000000,0.883903,0.000000,0.59305401,2026-06-16,2026-08-06,14,248,169,52,0.269231,2.865048,1.010038,3.315392,,,,,,,,GLOBAL_BASELINE_NO_ENTITY_RANKING,,,NOT_APPLICABLE_GLOBAL_BASELINE,HF9g-P5,,,,X 全窗基线 · 不参与实体赏罚,6879439,688,A168_HF9F_20260827_0900,2026-08-27 09:00:00
2026-07-31,151615992,2287,0,10.3271112488,10.3271112488,10.3271112488,1.0000000,1,1,0.49324550000000000,0.493245500000,1.01360149184955,1.01360149184955,1.01360149184955,0E-17,ELIGIBLE,R03b_20260811_FULL_v1,L1_ELIGIBILITY,v2026-08-11,2026-03-21..2026-08-06,baccarat_bet02_101_all_pairs_incl_sentinel,round_win = game_pnl > 0 (decisive only),COMPATIBILITY_ONLY_NOT_PRODUCTION,11944.5842,10557.8505,168.8720,524,480,-0.01413796,-0.01094599,-0.60400000,-0.01413796,-168.8720,11944.5842,OK,0.0000,6.7549,4.0000,96.0000,AG03-UNRESOLVED,ALL5_LEVELS_bet23_to_bet27,6.7549,6.7549,6.7549,8.4436,8.4436,4.000000,4.000000,4.000000,5.000000,5.000000,96.000000,96.000000,96.000000,95.000000,95.000000,5.0,37.1518,34.0321,131.7202,134.8399,PENDING_AG03,FALSE,NOT_FOR_ENFORCEMENT,162.1171,10135.5364,168.8720,162.1171,6.7549,0.01413796,0.01357244,6.7549,162.1171,0.01357244,6.7549,6.7549,6.7549,8.4436,8.4436,162.1171,0.01357244,37.1518,34.0321,131.7202,134.8399,0.01102761,0.01128879,0.00056552,22.7950,21.9955,0.3518,12.0623,0.6809,853.1846,34.2857,23.0238,8.0361,5.137,10.2741,25.6852,52.7183,87.2639,175.0453,5.1636,0.0,8.493614,17.037596,2.218695,29,105,17,8,0.99461774,0.01413796,0.01094599,0E-8,0.000000,0.883903,0.000000,0.59305401,2026-06-16,2026-08-06,14,248,169,52,0.269231,2.865048,1.010038,3.315392,,,,,,,,GLOBAL_BASELINE_NO_ENTITY_RANKING,,,NOT_APPLICABLE_GLOBAL_BASELINE,HF9g-P5,,,,X 全窗基线 · 不参与实体赏罚,6879440,688,A168_HF9F_20260827_0900,2026-08-27 09:00:00
2026-07-31,151615992,970,0,137.8669351715,6.0671778587,6.0671778587,0.3333333,9,4,0.38986806250000000,0.389868062500,-0.2007729656356386,-0.20077296563563862,-0.2007729656356386,0E-17,ELIGIBLE,R03b_20260811_FULL_v1,L1_ELIGIBILITY,v2026-08-11,2026-03-21..2026-08-06,baccarat_bet02_101_all_pairs_incl_sentinel,round_win = game_pnl > 0 (decisive only),COMPATIBILITY_ONLY_NOT_PRODUCTION,11944.5842,10557.8505,168.8720,524,480,-0.01413796,-0.01094599,-0.60400000,-0.01413796,-168.8720,11944.5842,OK,0.0000,6.7549,4.0000,96.0000,AG03-UNRESOLVED,ALL5_LEVELS_bet23_to_bet27,6.7549,6.7549,6.7549,8.4436,8.4436,4.000000,4.000000,4.000000,5.000000,5.000000,96.000000,96.000000,96.000000,95.000000,95.000000,5.0,37.1518,34.0321,131.7202,134.8399,PENDING_AG03,FALSE,NOT_FOR_ENFORCEMENT,162.1171,10135.5364,168.8720,162.1171,6.7549,0.01413796,0.01357244,6.7549,162.1171,0.01357244,6.7549,6.7549,6.7549,8.4436,8.4436,162.1171,0.01357244,37.1518,34.0321,131.7202,134.8399,0.01102761,0.01128879,0.00056552,22.7950,21.9955,0.3518,12.0623,0.6809,853.1846,34.2857,23.0238,8.0361,5.137,10.2741,25.6852,52.7183,87.2639,175.0453,5.1636,0.0,8.493614,17.037596,2.218695,29,105,17,8,0.99461774,0.01413796,0.01094599,0E-8,0.000000,0.883903,0.000000,0.59305401,2026-06-16,2026-08-06,14,248,169,52,0.269231,2.865048,1.010038,3.315392,,,,,,,,GLOBAL_BASELINE_NO_ENTITY_RANKING,,,NOT_APPLICABLE_GLOBAL_BASELINE,HF9g-P5,,,,X 全窗基线 · 不参与实体赏罚,6879441,688,A168_HF9F_20260827_0900,2026-08-27 09:00:00
2026-08-01,151615992,-1,1,259.4200292814,-70.6341663884,-70.6341663884,0.3750000,32,32,0.49869136250000000,0.498691362500,-1.2119270457935651,-1.2119270457935651,-1.2119270457935651,0E-17,SENTINEL_DEALER,R03b_20260811_FULL_v1,L1_ELIGIBILITY,v2026-08-11,2026-03-21..2026-08-06,baccarat_bet02_101_all_pairs_incl_sentinel,round_win = game_pnl > 0 (decisive only),COMPATIBILITY_ONLY_NOT_PRODUCTION,11944.5842,10557.8505,168.8720,524,480,-0.01413796,-0.01094599,-0.60400000,-0.01413796,-168.8720,11944.5842,OK,0.0000,6.7549,4.0000,96.0000,AG03-UNRESOLVED,ALL5_LEVELS_bet23_to_bet27,6.7549,6.7549,6.7549,8.4436,8.4436,4.000000,4.000000,4.000000,5.000000,5.000000,96.000000,96.000000,96.000000,95.000000,95.000000,5.0,37.1518,34.0321,131.7202,134.8399,PENDING_AG03,FALSE,NOT_FOR_ENFORCEMENT,162.1171,10135.5364,168.8720,162.1171,6.7549,0.01413796,0.01357244,6.7549,162.1171,0.01357244,6.7549,6.7549,6.7549,8.4436,8.4436,162.1171,0.01357244,37.1518,34.0321,131.7202,134.8399,0.01102761,0.01128879,0.00056552,22.7950,21.9955,0.3518,12.0623,0.6809,853.1846,34.2857,23.0238,8.0361,5.137,10.2741,25.6852,52.7183,87.2639,175.0453,5.1636,0.0,8.493614,17.037596,2.218695,29,105,17,8,0.99461774,0.01413796,0.01094599,0E-8,0.000000,0.883903,0.000000,0.59305401,2026-06-16,2026-08-06,14,248,169,52,0.269231,2.865048,1.010038,3.315392,,,,,,,,GLOBAL_BASELINE_NO_ENTITY_RANKING,,,NOT_APPLICABLE_GLOBAL_BASELINE,HF9g-P5,,,,X 全窗基线 · 不参与实体赏罚,6879442,688,A168_HF9F_20260827_0900,2026-08-27 09:00:00
2026-08-01,151615992,1307,0,5.1370302828,0E-10,0E-10,,1,1,0.50665070000000000,0.506650700000,,,,0E-17,NO_DECISIVE_ROUND,R03b_20260811_FULL_v1,L1_ELIGIBILITY,v2026-08-11,2026-03-21..2026-08-06,baccarat_bet02_101_all_pairs_incl_sentinel,round_win = game_pnl > 0 (decisive only),COMPATIBILITY_ONLY_NOT_PRODUCTION,11944.5842,10557.8505,168.8720,524,480,-0.01413796,-0.01094599,-0.60400000,-0.01413796,-168.8720,11944.5842,OK,0.0000,6.7549,4.0000,96.0000,AG03-UNRESOLVED,ALL5_LEVELS_bet23_to_bet27,6.7549,6.7549,6.7549,8.4436,8.4436,4.000000,4.000000,4.000000,5.000000,5.000000,96.000000,96.000000,96.000000,95.000000,95.000000,5.0,37.1518,34.0321,131.7202,134.8399,PENDING_AG03,FALSE,NOT_FOR_ENFORCEMENT,162.1171,10135.5364,168.8720,162.1171,6.7549,0.01413796,0.01357244,6.7549,162.1171,0.01357244,6.7549,6.7549,6.7549,8.4436,8.4436,162.1171,0.01357244,37.1518,34.0321,131.7202,134.8399,0.01102761,0.01128879,0.00056552,22.7950,21.9955,0.3518,12.0623,0.6809,853.1846,34.2857,23.0238,8.0361,5.137,10.2741,25.6852,52.7183,87.2639,175.0453,5.1636,0.0,8.493614,17.037596,2.218695,29,105,17,8,0.99461774,0.01413796,0.01094599,0E-8,0.000000,0.883903,0.000000,0.59305401,2026-06-16,2026-08-06,14,248,169,52,0.269231,2.865048,1.010038,3.315392,,,,,,,,GLOBAL_BASELINE_NO_ENTITY_RANKING,,,NOT_APPLICABLE_GLOBAL_BASELINE,HF9g-P5,,,,X 全窗基线 · 不参与实体赏罚,6879443,688,A168_HF9F_20260827_0900,2026-08-27 09:00:00
2026-08-01,151615992,1353,0,5.1370302828,-5.1370302828,-5.1370302828,0E-7,1,1,0.50665070000000000,0.506650700000,-1.013391052207602,-1.013391052207602,-1.013391052207602,0E-17,ELIGIBLE,R03b_20260811_FULL_v1,L1_ELIGIBILITY,v2026-08-11,2026-03-21..2026-08-06,baccarat_bet02_101_all_pairs_incl_sentinel,round_win = game_pnl > 0 (decisive only),COMPATIBILITY_ONLY_NOT_PRODUCTION,11944.5842,10557.8505,168.8720,524,480,-0.01413796,-0.01094599,-0.60400000,-0.01413796,-168.8720,11944.5842,OK,0.0000,6.7549,4.0000,96.0000,AG03-UNRESOLVED,ALL5_LEVELS_bet23_to_bet27,6.7549,6.7549,6.7549,8.4436,8.4436,4.000000,4.000000,4.000000,5.000000,5.000000,96.000000,96.000000,96.000000,95.000000,95.000000,5.0,37.1518,34.0321,131.7202,134.8399,PENDING_AG03,FALSE,NOT_FOR_ENFORCEMENT,162.1171,10135.5364,168.8720,162.1171,6.7549,0.01413796,0.01357244,6.7549,162.1171,0.01357244,6.7549,6.7549,6.7549,8.4436,8.4436,162.1171,0.01357244,37.1518,34.0321,131.7202,134.8399,0.01102761,0.01128879,0.00056552,22.7950,21.9955,0.3518,12.0623,0.6809,853.1846,34.2857,23.0238,8.0361,5.137,10.2741,25.6852,52.7183,87.2639,175.0453,5.1636,0.0,8.493614,17.037596,2.218695,29,105,17,8,0.99461774,0.01413796,0.01094599,0E-8,0.000000,0.883903,0.000000,0.59305401,2026-06-16,2026-08-06,14,248,169,52,0.269231,2.865048,1.010038,3.315392,,,,,,,,GLOBAL_BASELINE_NO_ENTITY_RANKING,,,NOT_APPLICABLE_GLOBAL_BASELINE,HF9g-P5,,,,X 全窗基线 · 不参与实体赏罚,6879444,688,A168_HF9F_20260827_0900,2026-08-27 09:00:00
2026-08-01,151615992,1383,0,10.2740605656,-10.2740605656,-10.2740605656,0E-7,1,1,0.49324550000000000,0.493245500000,-0.9865810262130424,-0.9865810262130424,-0.9865810262130424,0E-17,ELIGIBLE,R03b_20260811_FULL_v1,L1_ELIGIBILITY,v2026-08-11,2026-03-21..2026-08-06,baccarat_bet02_101_all_pairs_incl_sentinel,round_win = game_pnl > 0 (decisive only),COMPATIBILITY_ONLY_NOT_PRODUCTION,11944.5842,10557.8505,168.8720,524,480,-0.01413796,-0.01094599,-0.60400000,-0.01413796,-168.8720,11944.5842,OK,0.0000,6.7549,4.0000,96.0000,AG03-UNRESOLVED,ALL5_LEVELS_bet23_to_bet27,6.7549,6.7549,6.7549,8.4436,8.4436,4.000000,4.000000,4.000000,5.000000,5.000000,96.000000,96.000000,96.000000,95.000000,95.000000,5.0,37.1518,34.0321,131.7202,134.8399,PENDING_AG03,FALSE,NOT_FOR_ENFORCEMENT,162.1171,10135.5364,168.8720,162.1171,6.7549,0.01413796,0.01357244,6.7549,162.1171,0.01357244,6.7549,6.7549,6.7549,8.4436,8.4436,162.1171,0.01357244,37.1518,34.0321,131.7202,134.8399,0.01102761,0.01128879,0.00056552,22.7950,21.9955,0.3518,12.0623,0.6809,853.1846,34.2857,23.0238,8.0361,5.137,10.2741,25.6852,52.7183,87.2639,175.0453,5.1636,0.0,8.493614,17.037596,2.218695,29,105,17,8,0.99461774,0.01413796,0.01094599,0E-8,0.000000,0.883903,0.000000,0.59305401,2026-06-16,2026-08-06,14,248,169,52,0.269231,2.865048,1.010038,3.315392,,,,,,,,GLOBAL_BASELINE_NO_ENTITY_RANKING,,,NOT_APPLICABLE_GLOBAL_BASELINE,HF9g-P5,,,,X 全窗基线 · 不参与实体赏罚,6879445,688,A168_HF9F_20260827_0900,2026-08-27 09:00:00
2026-08-01,151615992,1399,0,30.8221816968,0E-10,0E-10,0.5000000,6,5,0.38962182000000000,0.376333730000,0.452680815053447,0.510526813582165,0.452680815053447,0.01328809000000000,ELIGIBLE,R03b_20260811_FULL_v1,L1_ELIGIBILITY,v2026-08-11,2026-03-21..2026-08-06,baccarat_bet02_101_all_pairs_incl_sentinel,round_win = game_pnl > 0 (decisive only),COMPATIBILITY_ONLY_NOT_PRODUCTION,11944.5842,10557.8505,168.8720,524,480,-0.01413796,-0.01094599,-0.60400000,-0.01413796,-168.8720,11944.5842,OK,0.0000,6.7549,4.0000,96.0000,AG03-UNRESOLVED,ALL5_LEVELS_bet23_to_bet27,6.7549,6.7549,6.7549,8.4436,8.4436,4.000000,4.000000,4.000000,5.000000,5.000000,96.000000,96.000000,96.000000,95.000000,95.000000,5.0,37.1518,34.0321,131.7202,134.8399,PENDING_AG03,FALSE,NOT_FOR_ENFORCEMENT,162.1171,10135.5364,168.8720,162.1171,6.7549,0.01413796,0.01357244,6.7549,162.1171,0.01357244,6.7549,6.7549,6.7549,8.4436,8.4436,162.1171,0.01357244,37.1518,34.0321,131.7202,134.8399,0.01102761,0.01128879,0.00056552,22.7950,21.9955,0.3518,12.0623,0.6809,853.1846,34.2857,23.0238,8.0361,5.137,10.2741,25.6852,52.7183,87.2639,175.0453,5.1636,0.0,8.493614,17.037596,2.218695,29,105,17,8,0.99461774,0.01413796,0.01094599,0E-8,0.000000,0.883903,0.000000,0.59305401,2026-06-16,2026-08-06,14,248,169,52,0.269231,2.865048,1.010038,3.315392,,,,,,,,GLOBAL_BASELINE_NO_ENTITY_RANKING,,,NOT_APPLICABLE_GLOBAL_BASELINE,HF9g-P5,,,,X 全窗基线 · 不参与实体赏罚,6879446,688,A168_HF9F_20260827_0900,2026-08-27 09:00:00
2026-08-01,151615992,1654,0,5.1370302828,-5.1370302828,-5.1370302828,0E-7,1,1,0.50665070000000000,0.506650700000,-1.013391052207602,-1.013391052207602,-1.013391052207602,0E-17,ELIGIBLE,R03b_20260811_FULL_v1,L1_ELIGIBILITY,v2026-08-11,2026-03-21..2026-08-06,baccarat_bet02_101_all_pairs_incl_sentinel,round_win = game_pnl > 0 (decisive only),COMPATIBILITY_ONLY_NOT_PRODUCTION,11944.5842,10557.8505,168.8720,524,480,-0.01413796,-0.01094599,-0.60400000,-0.01413796,-168.8720,11944.5842,OK,0.0000,6.7549,4.0000,96.0000,AG03-UNRESOLVED,ALL5_LEVELS_bet23_to_bet27,6.7549,6.7549,6.7549,8.4436,8.4436,4.000000,4.000000,4.000000,5.000000,5.000000,96.000000,96.000000,96.000000,95.000000,95.000000,5.0,37.1518,34.0321,131.7202,134.8399,PENDING_AG03,FALSE,NOT_FOR_ENFORCEMENT,162.1171,10135.5364,168.8720,162.1171,6.7549,0.01413796,0.01357244,6.7549,162.1171,0.01357244,6.7549,6.7549,6.7549,8.4436,8.4436,162.1171,0.01357244,37.1518,34.0321,131.7202,134.8399,0.01102761,0.01128879,0.00056552,22.7950,21.9955,0.3518,12.0623,0.6809,853.1846,34.2857,23.0238,8.0361,5.137,10.2741,25.6852,52.7183,87.2639,175.0453,5.1636,0.0,8.493614,17.037596,2.218695,29,105,17,8,0.99461774,0.01413796,0.01094599,0E-8,0.000000,0.883903,0.000000,0.59305401,2026-06-16,2026-08-06,14,248,169,52,0.269231,2.865048,1.010038,3.315392,,,,,,,,GLOBAL_BASELINE_NO_ENTITY_RANKING,,,NOT_APPLICABLE_GLOBAL_BASELINE,HF9g-P5,,,,X 全窗基线 · 不参与实体赏罚,6879447,688,A168_HF9F_20260827_0900,2026-08-27 09:00:00
2026-08-01,151615992,1935,0,5.1370302828,4.8801787687,4.8801787687,1.0000000,1,1,0.50665070000000000,0.506650700000,0.9867858985152569,0.9867858985152569,0.9867858985152569,0E-17,ELIGIBLE,R03b_20260811_FULL_v1,L1_ELIGIBILITY,v2026-08-11,2026-03-21..2026-08-06,baccarat_bet02_101_all_pairs_incl_sentinel,round_win = game_pnl > 0 (decisive only),COMPATIBILITY_ONLY_NOT_PRODUCTION,11944.5842,10557.8505,168.8720,524,480,-0.01413796,-0.01094599,-0.60400000,-0.01413796,-168.8720,11944.5842,OK,0.0000,6.7549,4.0000,96.0000,AG03-UNRESOLVED,ALL5_LEVELS_bet23_to_bet27,6.7549,6.7549,6.7549,8.4436,8.4436,4.000000,4.000000,4.000000,5.000000,5.000000,96.000000,96.000000,96.000000,95.000000,95.000000,5.0,37.1518,34.0321,131.7202,134.8399,PENDING_AG03,FALSE,NOT_FOR_ENFORCEMENT,162.1171,10135.5364,168.8720,162.1171,6.7549,0.01413796,0.01357244,6.7549,162.1171,0.01357244,6.7549,6.7549,6.7549,8.4436,8.4436,162.1171,0.01357244,37.1518,34.0321,131.7202,134.8399,0.01102761,0.01128879,0.00056552,22.7950,21.9955,0.3518,12.0623,0.6809,853.1846,34.2857,23.0238,8.0361,5.137,10.2741,25.6852,52.7183,87.2639,175.0453,5.1636,0.0,8.493614,17.037596,2.218695,29,105,17,8,0.99461774,0.01413796,0.01094599,0E-8,0.000000,0.883903,0.000000,0.59305401,2026-06-16,2026-08-06,14,248,169,52,0.269231,2.865048,1.010038,3.315392,,,,,,,,GLOBAL_BASELINE_NO_ENTITY_RANKING,,,NOT_APPLICABLE_GLOBAL_BASELINE,HF9g-P5,,,,X 全窗基线 · 不参与实体赏罚,6879448,688,A168_HF9F_20260827_0900,2026-08-27 09:00:00
2026-08-01,151615992,1942,0,5.1370302828,4.8801787687,4.8801787687,1.0000000,1,1,0.50665070000000000,0.506650700000,0.9867858985152569,0.9867858985152569,0.9867858985152569,0E-17,ELIGIBLE,R03b_20260811_FULL_v1,L1_ELIGIBILITY,v2026-08-11,2026-03-21..2026-08-06,baccarat_bet02_101_all_pairs_incl_sentinel,round_win = game_pnl > 0 (decisive only),COMPATIBILITY_ONLY_NOT_PRODUCTION,11944.5842,10557.8505,168.8720,524,480,-0.01413796,-0.01094599,-0.60400000,-0.01413796,-168.8720,11944.5842,OK,0.0000,6.7549,4.0000,96.0000,AG03-UNRESOLVED,ALL5_LEVELS_bet23_to_bet27,6.7549,6.7549,6.7549,8.4436,8.4436,4.000000,4.000000,4.000000,5.000000,5.000000,96.000000,96.000000,96.000000,95.000000,95.000000,5.0,37.1518,34.0321,131.7202,134.8399,PENDING_AG03,FALSE,NOT_FOR_ENFORCEMENT,162.1171,10135.5364,168.8720,162.1171,6.7549,0.01413796,0.01357244,6.7549,162.1171,0.01357244,6.7549,6.7549,6.7549,8.4436,8.4436,162.1171,0.01357244,37.1518,34.0321,131.7202,134.8399,0.01102761,0.01128879,0.00056552,22.7950,21.9955,0.3518,12.0623,0.6809,853.1846,34.2857,23.0238,8.0361,5.137,10.2741,25.6852,52.7183,87.2639,175.0453,5.1636,0.0,8.493614,17.037596,2.218695,29,105,17,8,0.99461774,0.01413796,0.01094599,0E-8,0.000000,0.883903,0.000000,0.59305401,2026-06-16,2026-08-06,14,248,169,52,0.269231,2.865048,1.010038,3.315392,,,,,,,,GLOBAL_BASELINE_NO_ENTITY_RANKING,,,NOT_APPLICABLE_GLOBAL_BASELINE,HF9g-P5,,,,X 全窗基线 · 不参与实体赏罚,6879449,688,A168_HF9F_20260827_0900,2026-08-27 09:00:00
2026-08-01,151615992,2093,0,5.1370302828,4.8801787687,4.8801787687,1.0000000,1,1,0.50665070000000000,0.506650700000,0.9867858985152569,0.9867858985152569,0.9867858985152569,0E-17,ELIGIBLE,R03b_20260811_FULL_v1,L1_ELIGIBILITY,v2026-08-11,2026-03-21..2026-08-06,baccarat_bet02_101_all_pairs_incl_sentinel,round_win = game_pnl > 0 (decisive only),COMPATIBILITY_ONLY_NOT_PRODUCTION,11944.5842,10557.8505,168.8720,524,480,-0.01413796,-0.01094599,-0.60400000,-0.01413796,-168.8720,11944.5842,OK,0.0000,6.7549,4.0000,96.0000,AG03-UNRESOLVED,ALL5_LEVELS_bet23_to_bet27,6.7549,6.7549,6.7549,8.4436,8.4436,4.000000,4.000000,4.000000,5.000000,5.000000,96.000000,96.000000,96.000000,95.000000,95.000000,5.0,37.1518,34.0321,131.7202,134.8399,PENDING_AG03,FALSE,NOT_FOR_ENFORCEMENT,162.1171,10135.5364,168.8720,162.1171,6.7549,0.01413796,0.01357244,6.7549,162.1171,0.01357244,6.7549,6.7549,6.7549,8.4436,8.4436,162.1171,0.01357244,37.1518,34.0321,131.7202,134.8399,0.01102761,0.01128879,0.00056552,22.7950,21.9955,0.3518,12.0623,0.6809,853.1846,34.2857,23.0238,8.0361,5.137,10.2741,25.6852,52.7183,87.2639,175.0453,5.1636,0.0,8.493614,17.037596,2.218695,29,105,17,8,0.99461774,0.01413796,0.01094599,0E-8,0.000000,0.883903,0.000000,0.59305401,2026-06-16,2026-08-06,14,248,169,52,0.269231,2.865048,1.010038,3.315392,,,,,,,,GLOBAL_BASELINE_NO_ENTITY_RANKING,,,NOT_APPLICABLE_GLOBAL_BASELINE,HF9g-P5,,,,X 全窗基线 · 不参与实体赏罚,6879450,688,A168_HF9F_20260827_0900,2026-08-27 09:00:00
2026-08-01,151615992,2101,0,10.2740605656,10.2740605656,10.2740605656,1.0000000,1,1,0.49324550000000000,0.493245500000,1.01360149184955,1.01360149184955,1.01360149184955,0E-17,ELIGIBLE,R03b_20260811_FULL_v1,L1_ELIGIBILITY,v2026-08-11,2026-03-21..2026-08-06,baccarat_bet02_101_all_pairs_incl_sentinel,round_win = game_pnl > 0 (decisive only),COMPATIBILITY_ONLY_NOT_PRODUCTION,11944.5842,10557.8505,168.8720,524,480,-0.01413796,-0.01094599,-0.60400000,-0.01413796,-168.8720,11944.5842,OK,0.0000,6.7549,4.0000,96.0000,AG03-UNRESOLVED,ALL5_LEVELS_bet23_to_bet27,6.7549,6.7549,6.7549,8.4436,8.4436,4.000000,4.000000,4.000000,5.000000,5.000000,96.000000,96.000000,96.000000,95.000000,95.000000,5.0,37.1518,34.0321,131.7202,134.8399,PENDING_AG03,FALSE,NOT_FOR_ENFORCEMENT,162.1171,10135.5364,168.8720,162.1171,6.7549,0.01413796,0.01357244,6.7549,162.1171,0.01357244,6.7549,6.7549,6.7549,8.4436,8.4436,162.1171,0.01357244,37.1518,34.0321,131.7202,134.8399,0.01102761,0.01128879,0.00056552,22.7950,21.9955,0.3518,12.0623,0.6809,853.1846,34.2857,23.0238,8.0361,5.137,10.2741,25.6852,52.7183,87.2639,175.0453,5.1636,0.0,8.493614,17.037596,2.218695,29,105,17,8,0.99461774,0.01413796,0.01094599,0E-8,0.000000,0.883903,0.000000,0.59305401,2026-06-16,2026-08-06,14,248,169,52,0.269231,2.865048,1.010038,3.315392,,,,,,,,GLOBAL_BASELINE_NO_ENTITY_RANKING,,,NOT_APPLICABLE_GLOBAL_BASELINE,HF9g-P5,,,,X 全窗基线 · 不参与实体赏罚,6879451,688,A168_HF9F_20260827_0900,2026-08-27 09:00:00
2026-08-01,151615992,2106,0,10.2740605656,-10.2740605656,-10.2740605656,0E-7,1,1,0.49324550000000000,0.493245500000,-0.9865810262130424,-0.9865810262130424,-0.9865810262130424,0E-17,ELIGIBLE,R03b_20260811_FULL_v1,L1_ELIGIBILITY,v2026-08-11,2026-03-21..2026-08-06,baccarat_bet02_101_all_pairs_incl_sentinel,round_win = game_pnl > 0 (decisive only),COMPATIBILITY_ONLY_NOT_PRODUCTION,11944.5842,10557.8505,168.8720,524,480,-0.01413796,-0.01094599,-0.60400000,-0.01413796,-168.8720,11944.5842,OK,0.0000,6.7549,4.0000,96.0000,AG03-UNRESOLVED,ALL5_LEVELS_bet23_to_bet27,6.7549,6.7549,6.7549,8.4436,8.4436,4.000000,4.000000,4.000000,5.000000,5.000000,96.000000,96.000000,96.000000,95.000000,95.000000,5.0,37.1518,34.0321,131.7202,134.8399,PENDING_AG03,FALSE,NOT_FOR_ENFORCEMENT,162.1171,10135.5364,168.8720,162.1171,6.7549,0.01413796,0.01357244,6.7549,162.1171,0.01357244,6.7549,6.7549,6.7549,8.4436,8.4436,162.1171,0.01357244,37.1518,34.0321,131.7202,134.8399,0.01102761,0.01128879,0.00056552,22.7950,21.9955,0.3518,12.0623,0.6809,853.1846,34.2857,23.0238,8.0361,5.137,10.2741,25.6852,52.7183,87.2639,175.0453,5.1636,0.0,8.493614,17.037596,2.218695,29,105,17,8,0.99461774,0.01413796,0.01094599,0E-8,0.000000,0.883903,0.000000,0.59305401,2026-06-16,2026-08-06,14,248,169,52,0.269231,2.865048,1.010038,3.315392,,,,,,,,GLOBAL_BASELINE_NO_ENTITY_RANKING,,,NOT_APPLICABLE_GLOBAL_BASELINE,HF9g-P5,,,,X 全窗基线 · 不参与实体赏罚,6879452,688,A168_HF9F_20260827_0900,2026-08-27 09:00:00
2026-08-01,151615992,2121,0,5.1370302828,-5.1370302828,-5.1370302828,0E-7,1,1,0.49324550000000000,0.493245500000,-0.9865810262130424,-0.9865810262130424,-0.9865810262130424,0E-17,ELIGIBLE,R03b_20260811_FULL_v1,L1_ELIGIBILITY,v2026-08-11,2026-03-21..2026-08-06,baccarat_bet02_101_all_pairs_incl_sentinel,round_win = game_pnl > 0 (decisive only),COMPATIBILITY_ONLY_NOT_PRODUCTION,11944.5842,10557.8505,168.8720,524,480,-0.01413796,-0.01094599,-0.60400000,-0.01413796,-168.8720,11944.5842,OK,0.0000,6.7549,4.0000,96.0000,AG03-UNRESOLVED,ALL5_LEVELS_bet23_to_bet27,6.7549,6.7549,6.7549,8.4436,8.4436,4.000000,4.000000,4.000000,5.000000,5.000000,96.000000,96.000000,96.000000,95.000000,95.000000,5.0,37.1518,34.0321,131.7202,134.8399,PENDING_AG03,FALSE,NOT_FOR_ENFORCEMENT,162.1171,10135.5364,168.8720,162.1171,6.7549,0.01413796,0.01357244,6.7549,162.1171,0.01357244,6.7549,6.7549,6.7549,8.4436,8.4436,162.1171,0.01357244,37.1518,34.0321,131.7202,134.8399,0.01102761,0.01128879,0.00056552,22.7950,21.9955,0.3518,12.0623,0.6809,853.1846,34.2857,23.0238,8.0361,5.137,10.2741,25.6852,52.7183,87.2639,175.0453,5.1636,0.0,8.493614,17.037596,2.218695,29,105,17,8,0.99461774,0.01413796,0.01094599,0E-8,0.000000,0.883903,0.000000,0.59305401,2026-06-16,2026-08-06,14,248,169,52,0.269231,2.865048,1.010038,3.315392,,,,,,,,GLOBAL_BASELINE_NO_ENTITY_RANKING,,,NOT_APPLICABLE_GLOBAL_BASELINE,HF9g-P5,,,,X 全窗基线 · 不参与实体赏罚,6879453,688,A168_HF9F_20260827_0900,2026-08-27 09:00:00
2026-08-01,151615992,2123,0,70.3773148743,-16.6953484190,-16.6953484190,0.4444444,11,11,0.50055742727272727,0.500557427273,-0.3366781061984817,-0.33667810620011834,-0.3366781061984817,-2.7273E-13,ELIGIBLE,R03b_20260811_FULL_v1,L1_ELIGIBILITY,v2026-08-11,2026-03-21..2026-08-06,baccarat_bet02_101_all_pairs_incl_sentinel,round_win = game_pnl > 0 (decisive only),COMPATIBILITY_ONLY_NOT_PRODUCTION,11944.5842,10557.8505,168.8720,524,480,-0.01413796,-0.01094599,-0.60400000,-0.01413796,-168.8720,11944.5842,OK,0.0000,6.7549,4.0000,96.0000,AG03-UNRESOLVED,ALL5_LEVELS_bet23_to_bet27,6.7549,6.7549,6.7549,8.4436,8.4436,4.000000,4.000000,4.000000,5.000000,5.000000,96.000000,96.000000,96.000000,95.000000,95.000000,5.0,37.1518,34.0321,131.7202,134.8399,PENDING_AG03,FALSE,NOT_FOR_ENFORCEMENT,162.1171,10135.5364,168.8720,162.1171,6.7549,0.01413796,0.01357244,6.7549,162.1171,0.01357244,6.7549,6.7549,6.7549,8.4436,8.4436,162.1171,0.01357244,37.1518,34.0321,131.7202,134.8399,0.01102761,0.01128879,0.00056552,22.7950,21.9955,0.3518,12.0623,0.6809,853.1846,34.2857,23.0238,8.0361,5.137,10.2741,25.6852,52.7183,87.2639,175.0453,5.1636,0.0,8.493614,17.037596,2.218695,29,105,17,8,0.99461774,0.01413796,0.01094599,0E-8,0.000000,0.883903,0.000000,0.59305401,2026-06-16,2026-08-06,14,248,169,52,0.269231,2.865048,1.010038,3.315392,,,,,,,,GLOBAL_BASELINE_NO_ENTITY_RANKING,,,NOT_APPLICABLE_GLOBAL_BASELINE,HF9g-P5,,,,X 全窗基线 · 不参与实体赏罚,6879454,688,A168_HF9F_20260827_0900,2026-08-27 09:00:00
2026-08-01,151615992,2127,0,5.1370302828,5.1370302828,5.1370302828,1.0000000,1,1,0.49324550000000000,0.493245500000,1.01360149184955,1.01360149184955,1.01360149184955,0E-17,ELIGIBLE,R03b_20260811_FULL_v1,L1_ELIGIBILITY,v2026-08-11,2026-03-21..2026-08-06,baccarat_bet02_101_all_pairs_incl_sentinel,round_win = game_pnl > 0 (decisive only),COMPATIBILITY_ONLY_NOT_PRODUCTION,11944.5842,10557.8505,168.8720,524,480,-0.01413796,-0.01094599,-0.60400000,-0.01413796,-168.8720,11944.5842,OK,0.0000,6.7549,4.0000,96.0000,AG03-UNRESOLVED,ALL5_LEVELS_bet23_to_bet27,6.7549,6.7549,6.7549,8.4436,8.4436,4.000000,4.000000,4.000000,5.000000,5.000000,96.000000,96.000000,96.000000,95.000000,95.000000,5.0,37.1518,34.0321,131.7202,134.8399,PENDING_AG03,FALSE,NOT_FOR_ENFORCEMENT,162.1171,10135.5364,168.8720,162.1171,6.7549,0.01413796,0.01357244,6.7549,162.1171,0.01357244,6.7549,6.7549,6.7549,8.4436,8.4436,162.1171,0.01357244,37.1518,34.0321,131.7202,134.8399,0.01102761,0.01128879,0.00056552,22.7950,21.9955,0.3518,12.0623,0.6809,853.1846,34.2857,23.0238,8.0361,5.137,10.2741,25.6852,52.7183,87.2639,175.0453,5.1636,0.0,8.493614,17.037596,2.218695,29,105,17,8,0.99461774,0.01413796,0.01094599,0E-8,0.000000,0.883903,0.000000,0.59305401,2026-06-16,2026-08-06,14,248,169,52,0.269231,2.865048,1.010038,3.315392,,,,,,,,GLOBAL_BASELINE_NO_ENTITY_RANKING,,,NOT_APPLICABLE_GLOBAL_BASELINE,HF9g-P5,,,,X 全窗基线 · 不参与实体赏罚,6879455,688,A168_HF9F_20260827_0900,2026-08-27 09:00:00
2026-08-01,151615992,2130,0,5.1370302828,-5.1370302828,-5.1370302828,0E-7,1,1,0.49324550000000000,0.493245500000,-0.9865810262130424,-0.9865810262130424,-0.9865810262130424,0E-17,ELIGIBLE,R03b_20260811_FULL_v1,L1_ELIGIBILITY,v2026-08-11,2026-03-21..2026-08-06,baccarat_bet02_101_all_pairs_incl_sentinel,round_win = game_pnl > 0 (decisive only),COMPATIBILITY_ONLY_NOT_PRODUCTION,11944.5842,10557.8505,168.8720,524,480,-0.01413796,-0.01094599,-0.60400000,-0.01413796,-168.8720,11944.5842,OK,0.0000,6.7549,4.0000,96.0000,AG03-UNRESOLVED,ALL5_LEVELS_bet23_to_bet27,6.7549,6.7549,6.7549,8.4436,8.4436,4.000000,4.000000,4.000000,5.000000,5.000000,96.000000,96.000000,96.000000,95.000000,95.000000,5.0,37.1518,34.0321,131.7202,134.8399,PENDING_AG03,FALSE,NOT_FOR_ENFORCEMENT,162.1171,10135.5364,168.8720,162.1171,6.7549,0.01413796,0.01357244,6.7549,162.1171,0.01357244,6.7549,6.7549,6.7549,8.4436,8.4436,162.1171,0.01357244,37.1518,34.0321,131.7202,134.8399,0.01102761,0.01128879,0.00056552,22.7950,21.9955,0.3518,12.0623,0.6809,853.1846,34.2857,23.0238,8.0361,5.137,10.2741,25.6852,52.7183,87.2639,175.0453,5.1636,0.0,8.493614,17.037596,2.218695,29,105,17,8,0.99461774,0.01413796,0.01094599,0E-8,0.000000,0.883903,0.000000,0.59305401,2026-06-16,2026-08-06,14,248,169,52,0.269231,2.865048,1.010038,3.315392,,,,,,,,GLOBAL_BASELINE_NO_ENTITY_RANKING,,,NOT_APPLICABLE_GLOBAL_BASELINE,HF9g-P5,,,,X 全窗基线 · 不参与实体赏罚,6879456,688,A168_HF9F_20260827_0900,2026-08-27 09:00:00
2026-08-01,151615992,2141,0,27.2262604988,16.6953484191,16.6953484191,0.8000000,5,5,0.49860758000000000,0.498607580000,1.3478731046594083,1.3478731046594083,1.3478731046594083,0E-17,ELIGIBLE,R03b_20260811_FULL_v1,L1_ELIGIBILITY,v2026-08-11,2026-03-21..2026-08-06,baccarat_bet02_101_all_pairs_incl_sentinel,round_win = game_pnl > 0 (decisive only),COMPATIBILITY_ONLY_NOT_PRODUCTION,11944.5842,10557.8505,168.8720,524,480,-0.01413796,-0.01094599,-0.60400000,-0.01413796,-168.8720,11944.5842,OK,0.0000,6.7549,4.0000,96.0000,AG03-UNRESOLVED,ALL5_LEVELS_bet23_to_bet27,6.7549,6.7549,6.7549,8.4436,8.4436,4.000000,4.000000,4.000000,5.000000,5.000000,96.000000,96.000000,96.000000,95.000000,95.000000,5.0,37.1518,34.0321,131.7202,134.8399,PENDING_AG03,FALSE,NOT_FOR_ENFORCEMENT,162.1171,10135.5364,168.8720,162.1171,6.7549,0.01413796,0.01357244,6.7549,162.1171,0.01357244,6.7549,6.7549,6.7549,8.4436,8.4436,162.1171,0.01357244,37.1518,34.0321,131.7202,134.8399,0.01102761,0.01128879,0.00056552,22.7950,21.9955,0.3518,12.0623,0.6809,853.1846,34.2857,23.0238,8.0361,5.137,10.2741,25.6852,52.7183,87.2639,175.0453,5.1636,0.0,8.493614,17.037596,2.218695,29,105,17,8,0.99461774,0.01413796,0.01094599,0E-8,0.000000,0.883903,0.000000,0.59305401,2026-06-16,2026-08-06,14,248,169,52,0.269231,2.865048,1.010038,3.315392,,,,,,,,GLOBAL_BASELINE_NO_ENTITY_RANKING,,,NOT_APPLICABLE_GLOBAL_BASELINE,HF9g-P5,,,,X 全窗基线 · 不参与实体赏罚,6879457,688,A168_HF9F_20260827_0900,2026-08-27 09:00:00
2026-08-01,151615992,2160,0,59.0758482522,6.0360105822,6.0360105822,0.6666667,3,3,0.50665070000000000,0.506650700000,0.5543606114942035,0.5543606114942035,0.5543606114942035,0E-17,ELIGIBLE,R03b_20260811_FULL_v1,L1_ELIGIBILITY,v2026-08-11,2026-03-21..2026-08-06,baccarat_bet02_101_all_pairs_incl_sentinel,round_win = game_pnl > 0 (decisive only),COMPATIBILITY_ONLY_NOT_PRODUCTION,11944.5842,10557.8505,168.8720,524,480,-0.01413796,-0.01094599,-0.60400000,-0.01413796,-168.8720,11944.5842,OK,0.0000,6.7549,4.0000,96.0000,AG03-UNRESOLVED,ALL5_LEVELS_bet23_to_bet27,6.7549,6.7549,6.7549,8.4436,8.4436,4.000000,4.000000,4.000000,5.000000,5.000000,96.000000,96.000000,96.000000,95.000000,95.000000,5.0,37.1518,34.0321,131.7202,134.8399,PENDING_AG03,FALSE,NOT_FOR_ENFORCEMENT,162.1171,10135.5364,168.8720,162.1171,6.7549,0.01413796,0.01357244,6.7549,162.1171,0.01357244,6.7549,6.7549,6.7549,8.4436,8.4436,162.1171,0.01357244,37.1518,34.0321,131.7202,134.8399,0.01102761,0.01128879,0.00056552,22.7950,21.9955,0.3518,12.0623,0.6809,853.1846,34.2857,23.0238,8.0361,5.137,10.2741,25.6852,52.7183,87.2639,175.0453,5.1636,0.0,8.493614,17.037596,2.218695,29,105,17,8,0.99461774,0.01413796,0.01094599,0E-8,0.000000,0.883903,0.000000,0.59305401,2026-06-16,2026-08-06,14,248,169,52,0.269231,2.865048,1.010038,3.315392,,,,,,,,GLOBAL_BASELINE_NO_ENTITY_RANKING,,,NOT_APPLICABLE_GLOBAL_BASELINE,HF9g-P5,,,,X 全窗基线 · 不参与实体赏罚,6879458,688,A168_HF9F_20260827_0900,2026-08-27 09:00:00
2026-08-01,151615992,2196,0,5.1370302828,5.1370302828,5.1370302828,1.0000000,1,1,0.49324550000000000,0.493245500000,1.01360149184955,1.01360149184955,1.01360149184955,0E-17,ELIGIBLE,R03b_20260811_FULL_v1,L1_ELIGIBILITY,v2026-08-11,2026-03-21..2026-08-06,baccarat_bet02_101_all_pairs_incl_sentinel,round_win = game_pnl > 0 (decisive only),COMPATIBILITY_ONLY_NOT_PRODUCTION,11944.5842,10557.8505,168.8720,524,480,-0.01413796,-0.01094599,-0.60400000,-0.01413796,-168.8720,11944.5842,OK,0.0000,6.7549,4.0000,96.0000,AG03-UNRESOLVED,ALL5_LEVELS_bet23_to_bet27,6.7549,6.7549,6.7549,8.4436,8.4436,4.000000,4.000000,4.000000,5.000000,5.000000,96.000000,96.000000,96.000000,95.000000,95.000000,5.0,37.1518,34.0321,131.7202,134.8399,PENDING_AG03,FALSE,NOT_FOR_ENFORCEMENT,162.1171,10135.5364,168.8720,162.1171,6.7549,0.01413796,0.01357244,6.7549,162.1171,0.01357244,6.7549,6.7549,6.7549,8.4436,8.4436,162.1171,0.01357244,37.1518,34.0321,131.7202,134.8399,0.01102761,0.01128879,0.00056552,22.7950,21.9955,0.3518,12.0623,0.6809,853.1846,34.2857,23.0238,8.0361,5.137,10.2741,25.6852,52.7183,87.2639,175.0453,5.1636,0.0,8.493614,17.037596,2.218695,29,105,17,8,0.99461774,0.01413796,0.01094599,0E-8,0.000000,0.883903,0.000000,0.59305401,2026-06-16,2026-08-06,14,248,169,52,0.269231,2.865048,1.010038,3.315392,,,,,,,,GLOBAL_BASELINE_NO_ENTITY_RANKING,,,NOT_APPLICABLE_GLOBAL_BASELINE,HF9g-P5,,,,X 全窗基线 · 不参与实体赏罚,6879459,688,A168_HF9F_20260827_0900,2026-08-27 09:00:00
2026-08-01,151615992,2201,0,5.1370302828,-5.1370302828,-5.1370302828,0E-7,1,1,0.49324550000000000,0.493245500000,-0.9865810262130424,-0.9865810262130424,-0.9865810262130424,0E-17,ELIGIBLE,R03b_20260811_FULL_v1,L1_ELIGIBILITY,v2026-08-11,2026-03-21..2026-08-06,baccarat_bet02_101_all_pairs_incl_sentinel,round_win = game_pnl > 0 (decisive only),COMPATIBILITY_ONLY_NOT_PRODUCTION,11944.5842,10557.8505,168.8720,524,480,-0.01413796,-0.01094599,-0.60400000,-0.01413796,-168.8720,11944.5842,OK,0.0000,6.7549,4.0000,96.0000,AG03-UNRESOLVED,ALL5_LEVELS_bet23_to_bet27,6.7549,6.7549,6.7549,8.4436,8.4436,4.000000,4.000000,4.000000,5.000000,5.000000,96.000000,96.000000,96.000000,95.000000,95.000000,5.0,37.1518,34.0321,131.7202,134.8399,PENDING_AG03,FALSE,NOT_FOR_ENFORCEMENT,162.1171,10135.5364,168.8720,162.1171,6.7549,0.01413796,0.01357244,6.7549,162.1171,0.01357244,6.7549,6.7549,6.7549,8.4436,8.4436,162.1171,0.01357244,37.1518,34.0321,131.7202,134.8399,0.01102761,0.01128879,0.00056552,22.7950,21.9955,0.3518,12.0623,0.6809,853.1846,34.2857,23.0238,8.0361,5.137,10.2741,25.6852,52.7183,87.2639,175.0453,5.1636,0.0,8.493614,17.037596,2.218695,29,105,17,8,0.99461774,0.01413796,0.01094599,0E-8,0.000000,0.883903,0.000000,0.59305401,2026-06-16,2026-08-06,14,248,169,52,0.269231,2.865048,1.010038,3.315392,,,,,,,,GLOBAL_BASELINE_NO_ENTITY_RANKING,,,NOT_APPLICABLE_GLOBAL_BASELINE,HF9g-P5,,,,X 全窗基线 · 不参与实体赏罚,6879460,688,A168_HF9F_20260827_0900,2026-08-27 09:00:00
2026-08-01,151615992,2212,0,63.6991755067,32.8769938099,32.8769938099,0.7142857,9,8,0.48641218500000000,0.468621787500,1.2062388726651805,1.302498703254447,1.2062388726651805,0.01779039750000000,ELIGIBLE,R03b_20260811_FULL_v1,L1_ELIGIBILITY,v2026-08-11,2026-03-21..2026-08-06,baccarat_bet02_101_all_pairs_incl_sentinel,round_win = game_pnl > 0 (decisive only),COMPATIBILITY_ONLY_NOT_PRODUCTION,11944.5842,10557.8505,168.8720,524,480,-0.01413796,-0.01094599,-0.60400000,-0.01413796,-168.8720,11944.5842,OK,0.0000,6.7549,4.0000,96.0000,AG03-UNRESOLVED,ALL5_LEVELS_bet23_to_bet27,6.7549,6.7549,6.7549,8.4436,8.4436,4.000000,4.000000,4.000000,5.000000,5.000000,96.000000,96.000000,96.000000,95.000000,95.000000,5.0,37.1518,34.0321,131.7202,134.8399,PENDING_AG03,FALSE,NOT_FOR_ENFORCEMENT,162.1171,10135.5364,168.8720,162.1171,6.7549,0.01413796,0.01357244,6.7549,162.1171,0.01357244,6.7549,6.7549,6.7549,8.4436,8.4436,162.1171,0.01357244,37.1518,34.0321,131.7202,134.8399,0.01102761,0.01128879,0.00056552,22.7950,21.9955,0.3518,12.0623,0.6809,853.1846,34.2857,23.0238,8.0361,5.137,10.2741,25.6852,52.7183,87.2639,175.0453,5.1636,0.0,8.493614,17.037596,2.218695,29,105,17,8,0.99461774,0.01413796,0.01094599,0E-8,0.000000,0.883903,0.000000,0.59305401,2026-06-16,2026-08-06,14,248,169,52,0.269231,2.865048,1.010038,3.315392,,,,,,,,GLOBAL_BASELINE_NO_ENTITY_RANKING,,,NOT_APPLICABLE_GLOBAL_BASELINE,HF9g-P5,,,,X 全窗基线 · 不参与实体赏罚,6879461,688,A168_HF9F_20260827_0900,2026-08-27 09:00:00
2026-08-01,151615992,2216,0,15.4110908484,5.1370302828,5.1370302828,0.6666667,3,3,0.49771390000000000,0.497713900000,0.5852756695216578,0.5852756695216578,0.5852756695216578,0E-17,ELIGIBLE,R03b_20260811_FULL_v1,L1_ELIGIBILITY,v2026-08-11,2026-03-21..2026-08-06,baccarat_bet02_101_all_pairs_incl_sentinel,round_win = game_pnl > 0 (decisive only),COMPATIBILITY_ONLY_NOT_PRODUCTION,11944.5842,10557.8505,168.8720,524,480,-0.01413796,-0.01094599,-0.60400000,-0.01413796,-168.8720,11944.5842,OK,0.0000,6.7549,4.0000,96.0000,AG03-UNRESOLVED,ALL5_LEVELS_bet23_to_bet27,6.7549,6.7549,6.7549,8.4436,8.4436,4.000000,4.000000,4.000000,5.000000,5.000000,96.000000,96.000000,96.000000,95.000000,95.000000,5.0,37.1518,34.0321,131.7202,134.8399,PENDING_AG03,FALSE,NOT_FOR_ENFORCEMENT,162.1171,10135.5364,168.8720,162.1171,6.7549,0.01413796,0.01357244,6.7549,162.1171,0.01357244,6.7549,6.7549,6.7549,8.4436,8.4436,162.1171,0.01357244,37.1518,34.0321,131.7202,134.8399,0.01102761,0.01128879,0.00056552,22.7950,21.9955,0.3518,12.0623,0.6809,853.1846,34.2857,23.0238,8.0361,5.137,10.2741,25.6852,52.7183,87.2639,175.0453,5.1636,0.0,8.493614,17.037596,2.218695,29,105,17,8,0.99461774,0.01413796,0.01094599,0E-8,0.000000,0.883903,0.000000,0.59305401,2026-06-16,2026-08-06,14,248,169,52,0.269231,2.865048,1.010038,3.315392,,,,,,,,GLOBAL_BASELINE_NO_ENTITY_RANKING,,,NOT_APPLICABLE_GLOBAL_BASELINE,HF9g-P5,,,,X 全窗基线 · 不参与实体赏罚,6879462,688,A168_HF9F_20260827_0900,2026-08-27 09:00:00
2026-08-01,151615992,2223,0,43.6647574038,-28.6389438266,-28.6389438266,0.2500000,4,4,0.49994810000000000,0.499948100000,-0.9997924053861017,-0.9997924053861017,-0.9997924053861017,0E-17,ELIGIBLE,R03b_20260811_FULL_v1,L1_ELIGIBILITY,v2026-08-11,2026-03-21..2026-08-06,baccarat_bet02_101_all_pairs_incl_sentinel,round_win = game_pnl > 0 (decisive only),COMPATIBILITY_ONLY_NOT_PRODUCTION,11944.5842,10557.8505,168.8720,524,480,-0.01413796,-0.01094599,-0.60400000,-0.01413796,-168.8720,11944.5842,OK,0.0000,6.7549,4.0000,96.0000,AG03-UNRESOLVED,ALL5_LEVELS_bet23_to_bet27,6.7549,6.7549,6.7549,8.4436,8.4436,4.000000,4.000000,4.000000,5.000000,5.000000,96.000000,96.000000,96.000000,95.000000,95.000000,5.0,37.1518,34.0321,131.7202,134.8399,PENDING_AG03,FALSE,NOT_FOR_ENFORCEMENT,162.1171,10135.5364,168.8720,162.1171,6.7549,0.01413796,0.01357244,6.7549,162.1171,0.01357244,6.7549,6.7549,6.7549,8.4436,8.4436,162.1171,0.01357244,37.1518,34.0321,131.7202,134.8399,0.01102761,0.01128879,0.00056552,22.7950,21.9955,0.3518,12.0623,0.6809,853.1846,34.2857,23.0238,8.0361,5.137,10.2741,25.6852,52.7183,87.2639,175.0453,5.1636,0.0,8.493614,17.037596,2.218695,29,105,17,8,0.99461774,0.01413796,0.01094599,0E-8,0.000000,0.883903,0.000000,0.59305401,2026-06-16,2026-08-06,14,248,169,52,0.269231,2.865048,1.010038,3.315392,,,,,,,,GLOBAL_BASELINE_NO_ENTITY_RANKING,,,NOT_APPLICABLE_GLOBAL_BASELINE,HF9g-P5,,,,X 全窗基线 · 不参与实体赏罚,6879463,688,A168_HF9F_20260827_0900,2026-08-27 09:00:00
2026-08-01,151615992,2229,0,39.0414301493,0.5393881797,0.5393881797,0.5000000,8,8,0.49827245000000000,0.498272450000,0.008463282526572578,0.008463282526572578,0.008463282526572578,0E-17,ELIGIBLE,R03b_20260811_FULL_v1,L1_ELIGIBILITY,v2026-08-11,2026-03-21..2026-08-06,baccarat_bet02_101_all_pairs_incl_sentinel,round_win = game_pnl > 0 (decisive only),COMPATIBILITY_ONLY_NOT_PRODUCTION,11944.5842,10557.8505,168.8720,524,480,-0.01413796,-0.01094599,-0.60400000,-0.01413796,-168.8720,11944.5842,OK,0.0000,6.7549,4.0000,96.0000,AG03-UNRESOLVED,ALL5_LEVELS_bet23_to_bet27,6.7549,6.7549,6.7549,8.4436,8.4436,4.000000,4.000000,4.000000,5.000000,5.000000,96.000000,96.000000,96.000000,95.000000,95.000000,5.0,37.1518,34.0321,131.7202,134.8399,PENDING_AG03,FALSE,NOT_FOR_ENFORCEMENT,162.1171,10135.5364,168.8720,162.1171,6.7549,0.01413796,0.01357244,6.7549,162.1171,0.01357244,6.7549,6.7549,6.7549,8.4436,8.4436,162.1171,0.01357244,37.1518,34.0321,131.7202,134.8399,0.01102761,0.01128879,0.00056552,22.7950,21.9955,0.3518,12.0623,0.6809,853.1846,34.2857,23.0238,8.0361,5.137,10.2741,25.6852,52.7183,87.2639,175.0453,5.1636,0.0,8.493614,17.037596,2.218695,29,105,17,8,0.99461774,0.01413796,0.01094599,0E-8,0.000000,0.883903,0.000000,0.59305401,2026-06-16,2026-08-06,14,248,169,52,0.269231,2.865048,1.010038,3.315392,,,,,,,,GLOBAL_BASELINE_NO_ENTITY_RANKING,,,NOT_APPLICABLE_GLOBAL_BASELINE,HF9g-P5,,,,X 全窗基线 · 不参与实体赏罚,6879464,688,A168_HF9F_20260827_0900,2026-08-27 09:00:00
2026-08-01,151615992,2233,0,25.6851514140,-25.6851514140,-25.6851514140,0E-7,1,1,0.50665070000000000,0.506650700000,-1.013391052207602,-1.013391052207602,-1.013391052207602,0E-17,ELIGIBLE,R03b_20260811_FULL_v1,L1_ELIGIBILITY,v2026-08-11,2026-03-21..2026-08-06,baccarat_bet02_101_all_pairs_incl_sentinel,round_win = game_pnl > 0 (decisive only),COMPATIBILITY_ONLY_NOT_PRODUCTION,11944.5842,10557.8505,168.8720,524,480,-0.01413796,-0.01094599,-0.60400000,-0.01413796,-168.8720,11944.5842,OK,0.0000,6.7549,4.0000,96.0000,AG03-UNRESOLVED,ALL5_LEVELS_bet23_to_bet27,6.7549,6.7549,6.7549,8.4436,8.4436,4.000000,4.000000,4.000000,5.000000,5.000000,96.000000,96.000000,96.000000,95.000000,95.000000,5.0,37.1518,34.0321,131.7202,134.8399,PENDING_AG03,FALSE,NOT_FOR_ENFORCEMENT,162.1171,10135.5364,168.8720,162.1171,6.7549,0.01413796,0.01357244,6.7549,162.1171,0.01357244,6.7549,6.7549,6.7549,8.4436,8.4436,162.1171,0.01357244,37.1518,34.0321,131.7202,134.8399,0.01102761,0.01128879,0.00056552,22.7950,21.9955,0.3518,12.0623,0.6809,853.1846,34.2857,23.0238,8.0361,5.137,10.2741,25.6852,52.7183,87.2639,175.0453,5.1636,0.0,8.493614,17.037596,2.218695,29,105,17,8,0.99461774,0.01413796,0.01094599,0E-8,0.000000,0.883903,0.000000,0.59305401,2026-06-16,2026-08-06,14,248,169,52,0.269231,2.865048,1.010038,3.315392,,,,,,,,GLOBAL_BASELINE_NO_ENTITY_RANKING,,,NOT_APPLICABLE_GLOBAL_BASELINE,HF9g-P5,,,,X 全窗基线 · 不参与实体赏罚,6879465,688,A168_HF9F_20260827_0900,2026-08-27 09:00:00
2026-08-01,151615992,2250,0,7.7055454242,-7.7055454242,-7.7055454242,0E-7,1,1,0.50665070000000000,0.506650700000,-1.013391052207602,-1.013391052207602,-1.013391052207602,0E-17,ELIGIBLE,R03b_20260811_FULL_v1,L1_ELIGIBILITY,v2026-08-11,2026-03-21..2026-08-06,baccarat_bet02_101_all_pairs_incl_sentinel,round_win = game_pnl > 0 (decisive only),COMPATIBILITY_ONLY_NOT_PRODUCTION,11944.5842,10557.8505,168.8720,524,480,-0.01413796,-0.01094599,-0.60400000,-0.01413796,-168.8720,11944.5842,OK,0.0000,6.7549,4.0000,96.0000,AG03-UNRESOLVED,ALL5_LEVELS_bet23_to_bet27,6.7549,6.7549,6.7549,8.4436,8.4436,4.000000,4.000000,4.000000,5.000000,5.000000,96.000000,96.000000,96.000000,95.000000,95.000000,5.0,37.1518,34.0321,131.7202,134.8399,PENDING_AG03,FALSE,NOT_FOR_ENFORCEMENT,162.1171,10135.5364,168.8720,162.1171,6.7549,0.01413796,0.01357244,6.7549,162.1171,0.01357244,6.7549,6.7549,6.7549,8.4436,8.4436,162.1171,0.01357244,37.1518,34.0321,131.7202,134.8399,0.01102761,0.01128879,0.00056552,22.7950,21.9955,0.3518,12.0623,0.6809,853.1846,34.2857,23.0238,8.0361,5.137,10.2741,25.6852,52.7183,87.2639,175.0453,5.1636,0.0,8.493614,17.037596,2.218695,29,105,17,8,0.99461774,0.01413796,0.01094599,0E-8,0.000000,0.883903,0.000000,0.59305401,2026-06-16,2026-08-06,14,248,169,52,0.269231,2.865048,1.010038,3.315392,,,,,,,,GLOBAL_BASELINE_NO_ENTITY_RANKING,,,NOT_APPLICABLE_GLOBAL_BASELINE,HF9g-P5,,,,X 全窗基线 · 不参与实体赏罚,6879466,688,A168_HF9F_20260827_0900,2026-08-27 09:00:00
2026-08-01,151615992,2252,0,34.9318059230,13.4076490380,13.4076490380,0.6000000,5,5,0.49860758000000000,0.498607580000,0.4534424453485946,0.4534424453485946,0.4534424453485946,0E-17,ELIGIBLE,R03b_20260811_FULL_v1,L1_ELIGIBILITY,v2026-08-11,2026-03-21..2026-08-06,baccarat_bet02_101_all_pairs_incl_sentinel,round_win = game_pnl > 0 (decisive only),COMPATIBILITY_ONLY_NOT_PRODUCTION,11944.5842,10557.8505,168.8720,524,480,-0.01413796,-0.01094599,-0.60400000,-0.01413796,-168.8720,11944.5842,OK,0.0000,6.7549,4.0000,96.0000,AG03-UNRESOLVED,ALL5_LEVELS_bet23_to_bet27,6.7549,6.7549,6.7549,8.4436,8.4436,4.000000,4.000000,4.000000,5.000000,5.000000,96.000000,96.000000,96.000000,95.000000,95.000000,5.0,37.1518,34.0321,131.7202,134.8399,PENDING_AG03,FALSE,NOT_FOR_ENFORCEMENT,162.1171,10135.5364,168.8720,162.1171,6.7549,0.01413796,0.01357244,6.7549,162.1171,0.01357244,6.7549,6.7549,6.7549,8.4436,8.4436,162.1171,0.01357244,37.1518,34.0321,131.7202,134.8399,0.01102761,0.01128879,0.00056552,22.7950,21.9955,0.3518,12.0623,0.6809,853.1846,34.2857,23.0238,8.0361,5.137,10.2741,25.6852,52.7183,87.2639,175.0453,5.1636,0.0,8.493614,17.037596,2.218695,29,105,17,8,0.99461774,0.01413796,0.01094599,0E-8,0.000000,0.883903,0.000000,0.59305401,2026-06-16,2026-08-06,14,248,169,52,0.269231,2.865048,1.010038,3.315392,,,,,,,,GLOBAL_BASELINE_NO_ENTITY_RANKING,,,NOT_APPLICABLE_GLOBAL_BASELINE,HF9g-P5,,,,X 全窗基线 · 不参与实体赏罚,6879467,688,A168_HF9F_20260827_0900,2026-08-27 09:00:00
2026-08-01,151615992,2254,0,46.2332725452,22.4745074872,22.4745074872,0.6666667,4,4,0.40028742500000000,0.400287425000,0.9416802335380992,0.9416802335380994,0.9416802335380992,0E-17,ELIGIBLE,R03b_20260811_FULL_v1,L1_ELIGIBILITY,v2026-08-11,2026-03-21..2026-08-06,baccarat_bet02_101_all_pairs_incl_sentinel,round_win = game_pnl > 0 (decisive only),COMPATIBILITY_ONLY_NOT_PRODUCTION,11944.5842,10557.8505,168.8720,524,480,-0.01413796,-0.01094599,-0.60400000,-0.01413796,-168.8720,11944.5842,OK,0.0000,6.7549,4.0000,96.0000,AG03-UNRESOLVED,ALL5_LEVELS_bet23_to_bet27,6.7549,6.7549,6.7549,8.4436,8.4436,4.000000,4.000000,4.000000,5.000000,5.000000,96.000000,96.000000,96.000000,95.000000,95.000000,5.0,37.1518,34.0321,131.7202,134.8399,PENDING_AG03,FALSE,NOT_FOR_ENFORCEMENT,162.1171,10135.5364,168.8720,162.1171,6.7549,0.01413796,0.01357244,6.7549,162.1171,0.01357244,6.7549,6.7549,6.7549,8.4436,8.4436,162.1171,0.01357244,37.1518,34.0321,131.7202,134.8399,0.01102761,0.01128879,0.00056552,22.7950,21.9955,0.3518,12.0623,0.6809,853.1846,34.2857,23.0238,8.0361,5.137,10.2741,25.6852,52.7183,87.2639,175.0453,5.1636,0.0,8.493614,17.037596,2.218695,29,105,17,8,0.99461774,0.01413796,0.01094599,0E-8,0.000000,0.883903,0.000000,0.59305401,2026-06-16,2026-08-06,14,248,169,52,0.269231,2.865048,1.010038,3.315392,,,,,,,,GLOBAL_BASELINE_NO_ENTITY_RANKING,,,NOT_APPLICABLE_GLOBAL_BASELINE,HF9g-P5,,,,X 全窗基线 · 不参与实体赏罚,6879468,688,A168_HF9F_20260827_0900,2026-08-27 09:00:00
2026-08-01,151615992,2256,0,5.1370302828,0E-10,0E-10,,1,1,0.50665070000000000,0.506650700000,,,,0E-17,NO_DECISIVE_ROUND,R03b_20260811_FULL_v1,L1_ELIGIBILITY,v2026-08-11,2026-03-21..2026-08-06,baccarat_bet02_101_all_pairs_incl_sentinel,round_win = game_pnl > 0 (decisive only),COMPATIBILITY_ONLY_NOT_PRODUCTION,11944.5842,10557.8505,168.8720,524,480,-0.01413796,-0.01094599,-0.60400000,-0.01413796,-168.8720,11944.5842,OK,0.0000,6.7549,4.0000,96.0000,AG03-UNRESOLVED,ALL5_LEVELS_bet23_to_bet27,6.7549,6.7549,6.7549,8.4436,8.4436,4.000000,4.000000,4.000000,5.000000,5.000000,96.000000,96.000000,96.000000,95.000000,95.000000,5.0,37.1518,34.0321,131.7202,134.8399,PENDING_AG03,FALSE,NOT_FOR_ENFORCEMENT,162.1171,10135.5364,168.8720,162.1171,6.7549,0.01413796,0.01357244,6.7549,162.1171,0.01357244,6.7549,6.7549,6.7549,8.4436,8.4436,162.1171,0.01357244,37.1518,34.0321,131.7202,134.8399,0.01102761,0.01128879,0.00056552,22.7950,21.9955,0.3518,12.0623,0.6809,853.1846,34.2857,23.0238,8.0361,5.137,10.2741,25.6852,52.7183,87.2639,175.0453,5.1636,0.0,8.493614,17.037596,2.218695,29,105,17,8,0.99461774,0.01413796,0.01094599,0E-8,0.000000,0.883903,0.000000,0.59305401,2026-06-16,2026-08-06,14,248,169,52,0.269231,2.865048,1.010038,3.315392,,,,,,,,GLOBAL_BASELINE_NO_ENTITY_RANKING,,,NOT_APPLICABLE_GLOBAL_BASELINE,HF9g-P5,,,,X 全窗基线 · 不参与实体赏罚,6879469,688,A168_HF9F_20260827_0900,2026-08-27 09:00:00
2026-08-01,151615992,2266,0,108.9050419953,-4.8801787687,-4.8801787687,0.5000000,11,11,0.46187987272727273,0.461879872727,0.21626946136430464,0.21626946136586103,0.21626946136430464,2.7273E-13,ELIGIBLE,R03b_20260811_FULL_v1,L1_ELIGIBILITY,v2026-08-11,2026-03-21..2026-08-06,baccarat_bet02_101_all_pairs_incl_sentinel,round_win = game_pnl > 0 (decisive only),COMPATIBILITY_ONLY_NOT_PRODUCTION,11944.5842,10557.8505,168.8720,524,480,-0.01413796,-0.01094599,-0.60400000,-0.01413796,-168.8720,11944.5842,OK,0.0000,6.7549,4.0000,96.0000,AG03-UNRESOLVED,ALL5_LEVELS_bet23_to_bet27,6.7549,6.7549,6.7549,8.4436,8.4436,4.000000,4.000000,4.000000,5.000000,5.000000,96.000000,96.000000,96.000000,95.000000,95.000000,5.0,37.1518,34.0321,131.7202,134.8399,PENDING_AG03,FALSE,NOT_FOR_ENFORCEMENT,162.1171,10135.5364,168.8720,162.1171,6.7549,0.01413796,0.01357244,6.7549,162.1171,0.01357244,6.7549,6.7549,6.7549,8.4436,8.4436,162.1171,0.01357244,37.1518,34.0321,131.7202,134.8399,0.01102761,0.01128879,0.00056552,22.7950,21.9955,0.3518,12.0623,0.6809,853.1846,34.2857,23.0238,8.0361,5.137,10.2741,25.6852,52.7183,87.2639,175.0453,5.1636,0.0,8.493614,17.037596,2.218695,29,105,17,8,0.99461774,0.01413796,0.01094599,0E-8,0.000000,0.883903,0.000000,0.59305401,2026-06-16,2026-08-06,14,248,169,52,0.269231,2.865048,1.010038,3.315392,,,,,,,,GLOBAL_BASELINE_NO_ENTITY_RANKING,,,NOT_APPLICABLE_GLOBAL_BASELINE,HF9g-P5,,,,X 全窗基线 · 不参与实体赏罚,6879470,688,A168_HF9F_20260827_0900,2026-08-27 09:00:00
2026-08-01,151615992,2276,0,7.7055454242,7.7055454242,7.7055454242,1.0000000,1,1,0.49324550000000000,0.493245500000,1.01360149184955,1.01360149184955,1.01360149184955,0E-17,ELIGIBLE,R03b_20260811_FULL_v1,L1_ELIGIBILITY,v2026-08-11,2026-03-21..2026-08-06,baccarat_bet02_101_all_pairs_incl_sentinel,round_win = game_pnl > 0 (decisive only),COMPATIBILITY_ONLY_NOT_PRODUCTION,11944.5842,10557.8505,168.8720,524,480,-0.01413796,-0.01094599,-0.60400000,-0.01413796,-168.8720,11944.5842,OK,0.0000,6.7549,4.0000,96.0000,AG03-UNRESOLVED,ALL5_LEVELS_bet23_to_bet27,6.7549,6.7549,6.7549,8.4436,8.4436,4.000000,4.000000,4.000000,5.000000,5.000000,96.000000,96.000000,96.000000,95.000000,95.000000,5.0,37.1518,34.0321,131.7202,134.8399,PENDING_AG03,FALSE,NOT_FOR_ENFORCEMENT,162.1171,10135.5364,168.8720,162.1171,6.7549,0.01413796,0.01357244,6.7549,162.1171,0.01357244,6.7549,6.7549,6.7549,8.4436,8.4436,162.1171,0.01357244,37.1518,34.0321,131.7202,134.8399,0.01102761,0.01128879,0.00056552,22.7950,21.9955,0.3518,12.0623,0.6809,853.1846,34.2857,23.0238,8.0361,5.137,10.2741,25.6852,52.7183,87.2639,175.0453,5.1636,0.0,8.493614,17.037596,2.218695,29,105,17,8,0.99461774,0.01413796,0.01094599,0E-8,0.000000,0.883903,0.000000,0.59305401,2026-06-16,2026-08-06,14,248,169,52,0.269231,2.865048,1.010038,3.315392,,,,,,,,GLOBAL_BASELINE_NO_ENTITY_RANKING,,,NOT_APPLICABLE_GLOBAL_BASELINE,HF9g-P5,,,,X 全窗基线 · 不参与实体赏罚,6879471,688,A168_HF9F_20260827_0900,2026-08-27 09:00:00
2026-08-01,151615992,2280,0,5.1370302828,4.8801787687,4.8801787687,1.0000000,1,1,0.50665070000000000,0.506650700000,0.9867858985152569,0.9867858985152569,0.9867858985152569,0E-17,ELIGIBLE,R03b_20260811_FULL_v1,L1_ELIGIBILITY,v2026-08-11,2026-03-21..2026-08-06,baccarat_bet02_101_all_pairs_incl_sentinel,round_win = game_pnl > 0 (decisive only),COMPATIBILITY_ONLY_NOT_PRODUCTION,11944.5842,10557.8505,168.8720,524,480,-0.01413796,-0.01094599,-0.60400000,-0.01413796,-168.8720,11944.5842,OK,0.0000,6.7549,4.0000,96.0000,AG03-UNRESOLVED,ALL5_LEVELS_bet23_to_bet27,6.7549,6.7549,6.7549,8.4436,8.4436,4.000000,4.000000,4.000000,5.000000,5.000000,96.000000,96.000000,96.000000,95.000000,95.000000,5.0,37.1518,34.0321,131.7202,134.8399,PENDING_AG03,FALSE,NOT_FOR_ENFORCEMENT,162.1171,10135.5364,168.8720,162.1171,6.7549,0.01413796,0.01357244,6.7549,162.1171,0.01357244,6.7549,6.7549,6.7549,8.4436,8.4436,162.1171,0.01357244,37.1518,34.0321,131.7202,134.8399,0.01102761,0.01128879,0.00056552,22.7950,21.9955,0.3518,12.0623,0.6809,853.1846,34.2857,23.0238,8.0361,5.137,10.2741,25.6852,52.7183,87.2639,175.0453,5.1636,0.0,8.493614,17.037596,2.218695,29,105,17,8,0.99461774,0.01413796,0.01094599,0E-8,0.000000,0.883903,0.000000,0.59305401,2026-06-16,2026-08-06,14,248,169,52,0.269231,2.865048,1.010038,3.315392,,,,,,,,GLOBAL_BASELINE_NO_ENTITY_RANKING,,,NOT_APPLICABLE_GLOBAL_BASELINE,HF9g-P5,,,,X 全窗基线 · 不参与实体赏罚,6879472,688,A168_HF9F_20260827_0900,2026-08-27 09:00:00
2026-08-01,151615992,2287,0,46.2332725452,-20.5481211312,-20.5481211312,0E-7,2,2,0.49324550000000000,0.493245500000,-0.9865810262130424,-0.9865810262130424,-0.9865810262130424,0E-17,ELIGIBLE,R03b_20260811_FULL_v1,L1_ELIGIBILITY,v2026-08-11,2026-03-21..2026-08-06,baccarat_bet02_101_all_pairs_incl_sentinel,round_win = game_pnl > 0 (decisive only),COMPATIBILITY_ONLY_NOT_PRODUCTION,11944.5842,10557.8505,168.8720,524,480,-0.01413796,-0.01094599,-0.60400000,-0.01413796,-168.8720,11944.5842,OK,0.0000,6.7549,4.0000,96.0000,AG03-UNRESOLVED,ALL5_LEVELS_bet23_to_bet27,6.7549,6.7549,6.7549,8.4436,8.4436,4.000000,4.000000,4.000000,5.000000,5.000000,96.000000,96.000000,96.000000,95.000000,95.000000,5.0,37.1518,34.0321,131.7202,134.8399,PENDING_AG03,FALSE,NOT_FOR_ENFORCEMENT,162.1171,10135.5364,168.8720,162.1171,6.7549,0.01413796,0.01357244,6.7549,162.1171,0.01357244,6.7549,6.7549,6.7549,8.4436,8.4436,162.1171,0.01357244,37.1518,34.0321,131.7202,134.8399,0.01102761,0.01128879,0.00056552,22.7950,21.9955,0.3518,12.0623,0.6809,853.1846,34.2857,23.0238,8.0361,5.137,10.2741,25.6852,52.7183,87.2639,175.0453,5.1636,0.0,8.493614,17.037596,2.218695,29,105,17,8,0.99461774,0.01413796,0.01094599,0E-8,0.000000,0.883903,0.000000,0.59305401,2026-06-16,2026-08-06,14,248,169,52,0.269231,2.865048,1.010038,3.315392,,,,,,,,GLOBAL_BASELINE_NO_ENTITY_RANKING,,,NOT_APPLICABLE_GLOBAL_BASELINE,HF9g-P5,,,,X 全窗基线 · 不参与实体赏罚,6879473,688,A168_HF9F_20260827_0900,2026-08-27 09:00:00
2026-08-01,151615992,526,0,17.9796059898,17.0806256903,17.0806256903,1.0000000,1,1,0.50665070000000000,0.506650700000,0.9867858985152569,0.9867858985152569,0.9867858985152569,0E-17,ELIGIBLE,R03b_20260811_FULL_v1,L1_ELIGIBILITY,v2026-08-11,2026-03-21..2026-08-06,baccarat_bet02_101_all_pairs_incl_sentinel,round_win = game_pnl > 0 (decisive only),COMPATIBILITY_ONLY_NOT_PRODUCTION,11944.5842,10557.8505,168.8720,524,480,-0.01413796,-0.01094599,-0.60400000,-0.01413796,-168.8720,11944.5842,OK,0.0000,6.7549,4.0000,96.0000,AG03-UNRESOLVED,ALL5_LEVELS_bet23_to_bet27,6.7549,6.7549,6.7549,8.4436,8.4436,4.000000,4.000000,4.000000,5.000000,5.000000,96.000000,96.000000,96.000000,95.000000,95.000000,5.0,37.1518,34.0321,131.7202,134.8399,PENDING_AG03,FALSE,NOT_FOR_ENFORCEMENT,162.1171,10135.5364,168.8720,162.1171,6.7549,0.01413796,0.01357244,6.7549,162.1171,0.01357244,6.7549,6.7549,6.7549,8.4436,8.4436,162.1171,0.01357244,37.1518,34.0321,131.7202,134.8399,0.01102761,0.01128879,0.00056552,22.7950,21.9955,0.3518,12.0623,0.6809,853.1846,34.2857,23.0238,8.0361,5.137,10.2741,25.6852,52.7183,87.2639,175.0453,5.1636,0.0,8.493614,17.037596,2.218695,29,105,17,8,0.99461774,0.01413796,0.01094599,0E-8,0.000000,0.883903,0.000000,0.59305401,2026-06-16,2026-08-06,14,248,169,52,0.269231,2.865048,1.010038,3.315392,,,,,,,,GLOBAL_BASELINE_NO_ENTITY_RANKING,,,NOT_APPLICABLE_GLOBAL_BASELINE,HF9g-P5,,,,X 全窗基线 · 不参与实体赏罚,6879474,688,A168_HF9F_20260827_0900,2026-08-27 09:00:00
2026-08-01,151615992,987,0,5.1370302828,-5.1370302828,-5.1370302828,0E-7,1,1,0.49324550000000000,0.493245500000,-0.9865810262130424,-0.9865810262130424,-0.9865810262130424,0E-17,ELIGIBLE,R03b_20260811_FULL_v1,L1_ELIGIBILITY,v2026-08-11,2026-03-21..2026-08-06,baccarat_bet02_101_all_pairs_incl_sentinel,round_win = game_pnl > 0 (decisive only),COMPATIBILITY_ONLY_NOT_PRODUCTION,11944.5842,10557.8505,168.8720,524,480,-0.01413796,-0.01094599,-0.60400000,-0.01413796,-168.8720,11944.5842,OK,0.0000,6.7549,4.0000,96.0000,AG03-UNRESOLVED,ALL5_LEVELS_bet23_to_bet27,6.7549,6.7549,6.7549,8.4436,8.4436,4.000000,4.000000,4.000000,5.000000,5.000000,96.000000,96.000000,96.000000,95.000000,95.000000,5.0,37.1518,34.0321,131.7202,134.8399,PENDING_AG03,FALSE,NOT_FOR_ENFORCEMENT,162.1171,10135.5364,168.8720,162.1171,6.7549,0.01413796,0.01357244,6.7549,162.1171,0.01357244,6.7549,6.7549,6.7549,8.4436,8.4436,162.1171,0.01357244,37.1518,34.0321,131.7202,134.8399,0.01102761,0.01128879,0.00056552,22.7950,21.9955,0.3518,12.0623,0.6809,853.1846,34.2857,23.0238,8.0361,5.137,10.2741,25.6852,52.7183,87.2639,175.0453,5.1636,0.0,8.493614,17.037596,2.218695,29,105,17,8,0.99461774,0.01413796,0.01094599,0E-8,0.000000,0.883903,0.000000,0.59305401,2026-06-16,2026-08-06,14,248,169,52,0.269231,2.865048,1.010038,3.315392,,,,,,,,GLOBAL_BASELINE_NO_ENTITY_RANKING,,,NOT_APPLICABLE_GLOBAL_BASELINE,HF9g-P5,,,,X 全窗基线 · 不参与实体赏罚,6879475,688,A168_HF9F_20260827_0900,2026-08-27 09:00:00
2026-08-02,151615992,-1,1,298.9751624588,-42.2520740760,-42.2520740760,0.5238095,25,25,0.49699895600000000,0.496998956000,0.24572733903475283,0.24572733903475283,0.24572733903475283,0E-17,SENTINEL_DEALER,R03b_20260811_FULL_v1,L1_ELIGIBILITY,v2026-08-11,2026-03-21..2026-08-06,baccarat_bet02_101_all_pairs_incl_sentinel,round_win = game_pnl > 0 (decisive only),COMPATIBILITY_ONLY_NOT_PRODUCTION,11944.5842,10557.8505,168.8720,524,480,-0.01413796,-0.01094599,-0.60400000,-0.01413796,-168.8720,11944.5842,OK,0.0000,6.7549,4.0000,96.0000,AG03-UNRESOLVED,ALL5_LEVELS_bet23_to_bet27,6.7549,6.7549,6.7549,8.4436,8.4436,4.000000,4.000000,4.000000,5.000000,5.000000,96.000000,96.000000,96.000000,95.000000,95.000000,5.0,37.1518,34.0321,131.7202,134.8399,PENDING_AG03,FALSE,NOT_FOR_ENFORCEMENT,162.1171,10135.5364,168.8720,162.1171,6.7549,0.01413796,0.01357244,6.7549,162.1171,0.01357244,6.7549,6.7549,6.7549,8.4436,8.4436,162.1171,0.01357244,37.1518,34.0321,131.7202,134.8399,0.01102761,0.01128879,0.00056552,22.7950,21.9955,0.3518,12.0623,0.6809,853.1846,34.2857,23.0238,8.0361,5.137,10.2741,25.6852,52.7183,87.2639,175.0453,5.1636,0.0,8.493614,17.037596,2.218695,29,105,17,8,0.99461774,0.01413796,0.01094599,0E-8,0.000000,0.883903,0.000000,0.59305401,2026-06-16,2026-08-06,14,248,169,52,0.269231,2.865048,1.010038,3.315392,,,,,,,,GLOBAL_BASELINE_NO_ENTITY_RANKING,,,NOT_APPLICABLE_GLOBAL_BASELINE,HF9g-P5,,,,X 全窗基线 · 不参与实体赏罚,6879476,688,A168_HF9F_20260827_0900,2026-08-27 09:00:00
2026-08-02,151615992,1004,0,33.3906968382,-20.5481211312,-20.5481211312,0E-7,2,2,0.49324550000000000,0.493245500000,-0.9865810262130424,-0.9865810262130424,-0.9865810262130424,0E-17,ELIGIBLE,R03b_20260811_FULL_v1,L1_ELIGIBILITY,v2026-08-11,2026-03-21..2026-08-06,baccarat_bet02_101_all_pairs_incl_sentinel,round_win = game_pnl > 0 (decisive only),COMPATIBILITY_ONLY_NOT_PRODUCTION,11944.5842,10557.8505,168.8720,524,480,-0.01413796,-0.01094599,-0.60400000,-0.01413796,-168.8720,11944.5842,OK,0.0000,6.7549,4.0000,96.0000,AG03-UNRESOLVED,ALL5_LEVELS_bet23_to_bet27,6.7549,6.7549,6.7549,8.4436,8.4436,4.000000,4.000000,4.000000,5.000000,5.000000,96.000000,96.000000,96.000000,95.000000,95.000000,5.0,37.1518,34.0321,131.7202,134.8399,PENDING_AG03,FALSE,NOT_FOR_ENFORCEMENT,162.1171,10135.5364,168.8720,162.1171,6.7549,0.01413796,0.01357244,6.7549,162.1171,0.01357244,6.7549,6.7549,6.7549,8.4436,8.4436,162.1171,0.01357244,37.1518,34.0321,131.7202,134.8399,0.01102761,0.01128879,0.00056552,22.7950,21.9955,0.3518,12.0623,0.6809,853.1846,34.2857,23.0238,8.0361,5.137,10.2741,25.6852,52.7183,87.2639,175.0453,5.1636,0.0,8.493614,17.037596,2.218695,29,105,17,8,0.99461774,0.01413796,0.01094599,0E-8,0.000000,0.883903,0.000000,0.59305401,2026-06-16,2026-08-06,14,248,169,52,0.269231,2.865048,1.010038,3.315392,,,,,,,,GLOBAL_BASELINE_NO_ENTITY_RANKING,,,NOT_APPLICABLE_GLOBAL_BASELINE,HF9g-P5,,,,X 全窗基线 · 不参与实体赏罚,6879477,688,A168_HF9F_20260827_0900,2026-08-27 09:00:00
2026-08-02,151615992,1017,0,12.8425757070,12.2004469216,12.2004469216,1.0000000,1,1,0.50665070000000000,0.506650700000,0.9867858985152569,0.9867858985152569,0.9867858985152569,0E-17,ELIGIBLE,R03b_20260811_FULL_v1,L1_ELIGIBILITY,v2026-08-11,2026-03-21..2026-08-06,baccarat_bet02_101_all_pairs_incl_sentinel,round_win = game_pnl > 0 (decisive only),COMPATIBILITY_ONLY_NOT_PRODUCTION,11944.5842,10557.8505,168.8720,524,480,-0.01413796,-0.01094599,-0.60400000,-0.01413796,-168.8720,11944.5842,OK,0.0000,6.7549,4.0000,96.0000,AG03-UNRESOLVED,ALL5_LEVELS_bet23_to_bet27,6.7549,6.7549,6.7549,8.4436,8.4436,4.000000,4.000000,4.000000,5.000000,5.000000,96.000000,96.000000,96.000000,95.000000,95.000000,5.0,37.1518,34.0321,131.7202,134.8399,PENDING_AG03,FALSE,NOT_FOR_ENFORCEMENT,162.1171,10135.5364,168.8720,162.1171,6.7549,0.01413796,0.01357244,6.7549,162.1171,0.01357244,6.7549,6.7549,6.7549,8.4436,8.4436,162.1171,0.01357244,37.1518,34.0321,131.7202,134.8399,0.01102761,0.01128879,0.00056552,22.7950,21.9955,0.3518,12.0623,0.6809,853.1846,34.2857,23.0238,8.0361,5.137,10.2741,25.6852,52.7183,87.2639,175.0453,5.1636,0.0,8.493614,17.037596,2.218695,29,105,17,8,0.99461774,0.01413796,0.01094599,0E-8,0.000000,0.883903,0.000000,0.59305401,2026-06-16,2026-08-06,14,248,169,52,0.269231,2.865048,1.010038,3.315392,,,,,,,,GLOBAL_BASELINE_NO_ENTITY_RANKING,,,NOT_APPLICABLE_GLOBAL_BASELINE,HF9g-P5,,,,X 全窗基线 · 不参与实体赏罚,6879478,688,A168_HF9F_20260827_0900,2026-08-27 09:00:00
2026-08-02,151615992,1157,0,21.8323787019,-1.7979605990,-1.7979605990,0.5000000,2,2,0.49994810000000000,0.499948100000,0.00014679536856514622,0.00014679536856514622,0.00014679536856514622,0E-17,ELIGIBLE,R03b_20260811_FULL_v1,L1_ELIGIBILITY,v2026-08-11,2026-03-21..2026-08-06,baccarat_bet02_101_all_pairs_incl_sentinel,round_win = game_pnl > 0 (decisive only),COMPATIBILITY_ONLY_NOT_PRODUCTION,11944.5842,10557.8505,168.8720,524,480,-0.01413796,-0.01094599,-0.60400000,-0.01413796,-168.8720,11944.5842,OK,0.0000,6.7549,4.0000,96.0000,AG03-UNRESOLVED,ALL5_LEVELS_bet23_to_bet27,6.7549,6.7549,6.7549,8.4436,8.4436,4.000000,4.000000,4.000000,5.000000,5.000000,96.000000,96.000000,96.000000,95.000000,95.000000,5.0,37.1518,34.0321,131.7202,134.8399,PENDING_AG03,FALSE,NOT_FOR_ENFORCEMENT,162.1171,10135.5364,168.8720,162.1171,6.7549,0.01413796,0.01357244,6.7549,162.1171,0.01357244,6.7549,6.7549,6.7549,8.4436,8.4436,162.1171,0.01357244,37.1518,34.0321,131.7202,134.8399,0.01102761,0.01128879,0.00056552,22.7950,21.9955,0.3518,12.0623,0.6809,853.1846,34.2857,23.0238,8.0361,5.137,10.2741,25.6852,52.7183,87.2639,175.0453,5.1636,0.0,8.493614,17.037596,2.218695,29,105,17,8,0.99461774,0.01413796,0.01094599,0E-8,0.000000,0.883903,0.000000,0.59305401,2026-06-16,2026-08-06,14,248,169,52,0.269231,2.865048,1.010038,3.315392,,,,,,,,GLOBAL_BASELINE_NO_ENTITY_RANKING,,,NOT_APPLICABLE_GLOBAL_BASELINE,HF9g-P5,,,,X 全窗基线 · 不参与实体赏罚,6879479,688,A168_HF9F_20260827_0900,2026-08-27 09:00:00
2026-08-02,151615992,1507,0,15.4110908484,10.2740605656,10.2740605656,1.0000000,2,2,0.49994810000000000,0.499948100000,1.0001038053877793,1.0001038053877793,1.0001038053877793,0E-17,ELIGIBLE,R03b_20260811_FULL_v1,L1_ELIGIBILITY,v2026-08-11,2026-03-21..2026-08-06,baccarat_bet02_101_all_pairs_incl_sentinel,round_win = game_pnl > 0 (decisive only),COMPATIBILITY_ONLY_NOT_PRODUCTION,11944.5842,10557.8505,168.8720,524,480,-0.01413796,-0.01094599,-0.60400000,-0.01413796,-168.8720,11944.5842,OK,0.0000,6.7549,4.0000,96.0000,AG03-UNRESOLVED,ALL5_LEVELS_bet23_to_bet27,6.7549,6.7549,6.7549,8.4436,8.4436,4.000000,4.000000,4.000000,5.000000,5.000000,96.000000,96.000000,96.000000,95.000000,95.000000,5.0,37.1518,34.0321,131.7202,134.8399,PENDING_AG03,FALSE,NOT_FOR_ENFORCEMENT,162.1171,10135.5364,168.8720,162.1171,6.7549,0.01413796,0.01357244,6.7549,162.1171,0.01357244,6.7549,6.7549,6.7549,8.4436,8.4436,162.1171,0.01357244,37.1518,34.0321,131.7202,134.8399,0.01102761,0.01128879,0.00056552,22.7950,21.9955,0.3518,12.0623,0.6809,853.1846,34.2857,23.0238,8.0361,5.137,10.2741,25.6852,52.7183,87.2639,175.0453,5.1636,0.0,8.493614,17.037596,2.218695,29,105,17,8,0.99461774,0.01413796,0.01094599,0E-8,0.000000,0.883903,0.000000,0.59305401,2026-06-16,2026-08-06,14,248,169,52,0.269231,2.865048,1.010038,3.315392,,,,,,,,GLOBAL_BASELINE_NO_ENTITY_RANKING,,,NOT_APPLICABLE_GLOBAL_BASELINE,HF9g-P5,,,,X 全窗基线 · 不参与实体赏罚,6879480,688,A168_HF9F_20260827_0900,2026-08-27 09:00:00
2026-08-02,151615992,1935,0,5.1370302828,5.1370302828,5.1370302828,1.0000000,1,1,0.49324550000000000,0.493245500000,1.01360149184955,1.01360149184955,1.01360149184955,0E-17,ELIGIBLE,R03b_20260811_FULL_v1,L1_ELIGIBILITY,v2026-08-11,2026-03-21..2026-08-06,baccarat_bet02_101_all_pairs_incl_sentinel,round_win = game_pnl > 0 (decisive only),COMPATIBILITY_ONLY_NOT_PRODUCTION,11944.5842,10557.8505,168.8720,524,480,-0.01413796,-0.01094599,-0.60400000,-0.01413796,-168.8720,11944.5842,OK,0.0000,6.7549,4.0000,96.0000,AG03-UNRESOLVED,ALL5_LEVELS_bet23_to_bet27,6.7549,6.7549,6.7549,8.4436,8.4436,4.000000,4.000000,4.000000,5.000000,5.000000,96.000000,96.000000,96.000000,95.000000,95.000000,5.0,37.1518,34.0321,131.7202,134.8399,PENDING_AG03,FALSE,NOT_FOR_ENFORCEMENT,162.1171,10135.5364,168.8720,162.1171,6.7549,0.01413796,0.01357244,6.7549,162.1171,0.01357244,6.7549,6.7549,6.7549,8.4436,8.4436,162.1171,0.01357244,37.1518,34.0321,131.7202,134.8399,0.01102761,0.01128879,0.00056552,22.7950,21.9955,0.3518,12.0623,0.6809,853.1846,34.2857,23.0238,8.0361,5.137,10.2741,25.6852,52.7183,87.2639,175.0453,5.1636,0.0,8.493614,17.037596,2.218695,29,105,17,8,0.99461774,0.01413796,0.01094599,0E-8,0.000000,0.883903,0.000000,0.59305401,2026-06-16,2026-08-06,14,248,169,52,0.269231,2.865048,1.010038,3.315392,,,,,,,,GLOBAL_BASELINE_NO_ENTITY_RANKING,,,NOT_APPLICABLE_GLOBAL_BASELINE,HF9g-P5,,,,X 全窗基线 · 不参与实体赏罚,6879481,688,A168_HF9F_20260827_0900,2026-08-27 09:00:00
2026-08-02,151615992,1941,0,11.8151696504,-11.8151696504,-11.8151696504,0E-7,1,1,0.50665070000000000,0.506650700000,-1.013391052207602,-1.013391052207602,-1.013391052207602,0E-17,ELIGIBLE,R03b_20260811_FULL_v1,L1_ELIGIBILITY,v2026-08-11,2026-03-21..2026-08-06,baccarat_bet02_101_all_pairs_incl_sentinel,round_win = game_pnl > 0 (decisive only),COMPATIBILITY_ONLY_NOT_PRODUCTION,11944.5842,10557.8505,168.8720,524,480,-0.01413796,-0.01094599,-0.60400000,-0.01413796,-168.8720,11944.5842,OK,0.0000,6.7549,4.0000,96.0000,AG03-UNRESOLVED,ALL5_LEVELS_bet23_to_bet27,6.7549,6.7549,6.7549,8.4436,8.4436,4.000000,4.000000,4.000000,5.000000,5.000000,96.000000,96.000000,96.000000,95.000000,95.000000,5.0,37.1518,34.0321,131.7202,134.8399,PENDING_AG03,FALSE,NOT_FOR_ENFORCEMENT,162.1171,10135.5364,168.8720,162.1171,6.7549,0.01413796,0.01357244,6.7549,162.1171,0.01357244,6.7549,6.7549,6.7549,8.4436,8.4436,162.1171,0.01357244,37.1518,34.0321,131.7202,134.8399,0.01102761,0.01128879,0.00056552,22.7950,21.9955,0.3518,12.0623,0.6809,853.1846,34.2857,23.0238,8.0361,5.137,10.2741,25.6852,52.7183,87.2639,175.0453,5.1636,0.0,8.493614,17.037596,2.218695,29,105,17,8,0.99461774,0.01413796,0.01094599,0E-8,0.000000,0.883903,0.000000,0.59305401,2026-06-16,2026-08-06,14,248,169,52,0.269231,2.865048,1.010038,3.315392,,,,,,,,GLOBAL_BASELINE_NO_ENTITY_RANKING,,,NOT_APPLICABLE_GLOBAL_BASELINE,HF9g-P5,,,,X 全窗基线 · 不参与实体赏罚,6879482,688,A168_HF9F_20260827_0900,2026-08-27 09:00:00
2026-08-02,151615992,2093,0,84.7609996662,-48.8017876866,-48.8017876866,0.2222222,10,10,0.49860758000000000,0.498607580000,-1.6583185770862112,-1.6583185770862114,-1.6583185770862112,0E-17,ELIGIBLE,R03b_20260811_FULL_v1,L1_ELIGIBILITY,v2026-08-11,2026-03-21..2026-08-06,baccarat_bet02_101_all_pairs_incl_sentinel,round_win = game_pnl > 0 (decisive only),COMPATIBILITY_ONLY_NOT_PRODUCTION,11944.5842,10557.8505,168.8720,524,480,-0.01413796,-0.01094599,-0.60400000,-0.01413796,-168.8720,11944.5842,OK,0.0000,6.7549,4.0000,96.0000,AG03-UNRESOLVED,ALL5_LEVELS_bet23_to_bet27,6.7549,6.7549,6.7549,8.4436,8.4436,4.000000,4.000000,4.000000,5.000000,5.000000,96.000000,96.000000,96.000000,95.000000,95.000000,5.0,37.1518,34.0321,131.7202,134.8399,PENDING_AG03,FALSE,NOT_FOR_ENFORCEMENT,162.1171,10135.5364,168.8720,162.1171,6.7549,0.01413796,0.01357244,6.7549,162.1171,0.01357244,6.7549,6.7549,6.7549,8.4436,8.4436,162.1171,0.01357244,37.1518,34.0321,131.7202,134.8399,0.01102761,0.01128879,0.00056552,22.7950,21.9955,0.3518,12.0623,0.6809,853.1846,34.2857,23.0238,8.0361,5.137,10.2741,25.6852,52.7183,87.2639,175.0453,5.1636,0.0,8.493614,17.037596,2.218695,29,105,17,8,0.99461774,0.01413796,0.01094599,0E-8,0.000000,0.883903,0.000000,0.59305401,2026-06-16,2026-08-06,14,248,169,52,0.269231,2.865048,1.010038,3.315392,,,,,,,,GLOBAL_BASELINE_NO_ENTITY_RANKING,,,NOT_APPLICABLE_GLOBAL_BASELINE,HF9g-P5,,,,X 全窗基线 · 不参与实体赏罚,6879483,688,A168_HF9F_20260827_0900,2026-08-27 09:00:00
2026-08-02,151615992,2106,0,14.8973878201,4.6233272545,4.6233272545,0.5000000,2,2,0.49324550000000000,0.493245500000,0.01910635448239258,0.01910635448239258,0.01910635448239258,0E-17,ELIGIBLE,R03b_20260811_FULL_v1,L1_ELIGIBILITY,v2026-08-11,2026-03-21..2026-08-06,baccarat_bet02_101_all_pairs_incl_sentinel,round_win = game_pnl > 0 (decisive only),COMPATIBILITY_ONLY_NOT_PRODUCTION,11944.5842,10557.8505,168.8720,524,480,-0.01413796,-0.01094599,-0.60400000,-0.01413796,-168.8720,11944.5842,OK,0.0000,6.7549,4.0000,96.0000,AG03-UNRESOLVED,ALL5_LEVELS_bet23_to_bet27,6.7549,6.7549,6.7549,8.4436,8.4436,4.000000,4.000000,4.000000,5.000000,5.000000,96.000000,96.000000,96.000000,95.000000,95.000000,5.0,37.1518,34.0321,131.7202,134.8399,PENDING_AG03,FALSE,NOT_FOR_ENFORCEMENT,162.1171,10135.5364,168.8720,162.1171,6.7549,0.01413796,0.01357244,6.7549,162.1171,0.01357244,6.7549,6.7549,6.7549,8.4436,8.4436,162.1171,0.01357244,37.1518,34.0321,131.7202,134.8399,0.01102761,0.01128879,0.00056552,22.7950,21.9955,0.3518,12.0623,0.6809,853.1846,34.2857,23.0238,8.0361,5.137,10.2741,25.6852,52.7183,87.2639,175.0453,5.1636,0.0,8.493614,17.037596,2.218695,29,105,17,8,0.99461774,0.01413796,0.01094599,0E-8,0.000000,0.883903,0.000000,0.59305401,2026-06-16,2026-08-06,14,248,169,52,0.269231,2.865048,1.010038,3.315392,,,,,,,,GLOBAL_BASELINE_NO_ENTITY_RANKING,,,NOT_APPLICABLE_GLOBAL_BASELINE,HF9g-P5,,,,X 全窗基线 · 不参与实体赏罚,6879484,688,A168_HF9F_20260827_0900,2026-08-27 09:00:00
2026-08-02,151615992,2130,0,15.4110908484,4.6233272545,4.6233272545,0.5000000,2,2,0.49994810000000000,0.499948100000,0.00014679536856514622,0.00014679536856514622,0.00014679536856514622,0E-17,ELIGIBLE,R03b_20260811_FULL_v1,L1_ELIGIBILITY,v2026-08-11,2026-03-21..2026-08-06,baccarat_bet02_101_all_pairs_incl_sentinel,round_win = game_pnl > 0 (decisive only),COMPATIBILITY_ONLY_NOT_PRODUCTION,11944.5842,10557.8505,168.8720,524,480,-0.01413796,-0.01094599,-0.60400000,-0.01413796,-168.8720,11944.5842,OK,0.0000,6.7549,4.0000,96.0000,AG03-UNRESOLVED,ALL5_LEVELS_bet23_to_bet27,6.7549,6.7549,6.7549,8.4436,8.4436,4.000000,4.000000,4.000000,5.000000,5.000000,96.000000,96.000000,96.000000,95.000000,95.000000,5.0,37.1518,34.0321,131.7202,134.8399,PENDING_AG03,FALSE,NOT_FOR_ENFORCEMENT,162.1171,10135.5364,168.8720,162.1171,6.7549,0.01413796,0.01357244,6.7549,162.1171,0.01357244,6.7549,6.7549,6.7549,8.4436,8.4436,162.1171,0.01357244,37.1518,34.0321,131.7202,134.8399,0.01102761,0.01128879,0.00056552,22.7950,21.9955,0.3518,12.0623,0.6809,853.1846,34.2857,23.0238,8.0361,5.137,10.2741,25.6852,52.7183,87.2639,175.0453,5.1636,0.0,8.493614,17.037596,2.218695,29,105,17,8,0.99461774,0.01413796,0.01094599,0E-8,0.000000,0.883903,0.000000,0.59305401,2026-06-16,2026-08-06,14,248,169,52,0.269231,2.865048,1.010038,3.315392,,,,,,,,GLOBAL_BASELINE_NO_ENTITY_RANKING,,,NOT_APPLICABLE_GLOBAL_BASELINE,HF9g-P5,,,,X 全窗基线 · 不参与实体赏罚,6879485,688,A168_HF9F_20260827_0900,2026-08-27 09:00:00
2026-08-02,151615992,2152,0,27.2262604988,-27.2262604988,-27.2262604988,0E-7,1,1,0.50665070000000000,0.506650700000,-1.013391052207602,-1.013391052207602,-1.013391052207602,0E-17,ELIGIBLE,R03b_20260811_FULL_v1,L1_ELIGIBILITY,v2026-08-11,2026-03-21..2026-08-06,baccarat_bet02_101_all_pairs_incl_sentinel,round_win = game_pnl > 0 (decisive only),COMPATIBILITY_ONLY_NOT_PRODUCTION,11944.5842,10557.8505,168.8720,524,480,-0.01413796,-0.01094599,-0.60400000,-0.01413796,-168.8720,11944.5842,OK,0.0000,6.7549,4.0000,96.0000,AG03-UNRESOLVED,ALL5_LEVELS_bet23_to_bet27,6.7549,6.7549,6.7549,8.4436,8.4436,4.000000,4.000000,4.000000,5.000000,5.000000,96.000000,96.000000,96.000000,95.000000,95.000000,5.0,37.1518,34.0321,131.7202,134.8399,PENDING_AG03,FALSE,NOT_FOR_ENFORCEMENT,162.1171,10135.5364,168.8720,162.1171,6.7549,0.01413796,0.01357244,6.7549,162.1171,0.01357244,6.7549,6.7549,6.7549,8.4436,8.4436,162.1171,0.01357244,37.1518,34.0321,131.7202,134.8399,0.01102761,0.01128879,0.00056552,22.7950,21.9955,0.3518,12.0623,0.6809,853.1846,34.2857,23.0238,8.0361,5.137,10.2741,25.6852,52.7183,87.2639,175.0453,5.1636,0.0,8.493614,17.037596,2.218695,29,105,17,8,0.99461774,0.01413796,0.01094599,0E-8,0.000000,0.883903,0.000000,0.59305401,2026-06-16,2026-08-06,14,248,169,52,0.269231,2.865048,1.010038,3.315392,,,,,,,,GLOBAL_BASELINE_NO_ENTITY_RANKING,,,NOT_APPLICABLE_GLOBAL_BASELINE,HF9g-P5,,,,X 全窗基线 · 不参与实体赏罚,6879486,688,A168_HF9F_20260827_0900,2026-08-27 09:00:00
2026-08-02,151615992,2160,0,15.4110908484,5.1370302828,5.1370302828,0.5000000,2,2,0.49324550000000000,0.493245500000,0.01910635448239258,0.01910635448239258,0.01910635448239258,0E-17,ELIGIBLE,R03b_20260811_FULL_v1,L1_ELIGIBILITY,v2026-08-11,2026-03-21..2026-08-06,baccarat_bet02_101_all_pairs_incl_sentinel,round_win = game_pnl > 0 (decisive only),COMPATIBILITY_ONLY_NOT_PRODUCTION,11944.5842,10557.8505,168.8720,524,480,-0.01413796,-0.01094599,-0.60400000,-0.01413796,-168.8720,11944.5842,OK,0.0000,6.7549,4.0000,96.0000,AG03-UNRESOLVED,ALL5_LEVELS_bet23_to_bet27,6.7549,6.7549,6.7549,8.4436,8.4436,4.000000,4.000000,4.000000,5.000000,5.000000,96.000000,96.000000,96.000000,95.000000,95.000000,5.0,37.1518,34.0321,131.7202,134.8399,PENDING_AG03,FALSE,NOT_FOR_ENFORCEMENT,162.1171,10135.5364,168.8720,162.1171,6.7549,0.01413796,0.01357244,6.7549,162.1171,0.01357244,6.7549,6.7549,6.7549,8.4436,8.4436,162.1171,0.01357244,37.1518,34.0321,131.7202,134.8399,0.01102761,0.01128879,0.00056552,22.7950,21.9955,0.3518,12.0623,0.6809,853.1846,34.2857,23.0238,8.0361,5.137,10.2741,25.6852,52.7183,87.2639,175.0453,5.1636,0.0,8.493614,17.037596,2.218695,29,105,17,8,0.99461774,0.01413796,0.01094599,0E-8,0.000000,0.883903,0.000000,0.59305401,2026-06-16,2026-08-06,14,248,169,52,0.269231,2.865048,1.010038,3.315392,,,,,,,,GLOBAL_BASELINE_NO_ENTITY_RANKING,,,NOT_APPLICABLE_GLOBAL_BASELINE,HF9g-P5,,,,X 全窗基线 · 不参与实体赏罚,6879487,688,A168_HF9F_20260827_0900,2026-08-27 09:00:00
2026-08-02,151615992,2216,0,5.1370302828,5.1370302828,5.1370302828,1.0000000,1,1,0.49324550000000000,0.493245500000,1.01360149184955,1.01360149184955,1.01360149184955,0E-17,ELIGIBLE,R03b_20260811_FULL_v1,L1_ELIGIBILITY,v2026-08-11,2026-03-21..2026-08-06,baccarat_bet02_101_all_pairs_incl_sentinel,round_win = game_pnl > 0 (decisive only),COMPATIBILITY_ONLY_NOT_PRODUCTION,11944.5842,10557.8505,168.8720,524,480,-0.01413796,-0.01094599,-0.60400000,-0.01413796,-168.8720,11944.5842,OK,0.0000,6.7549,4.0000,96.0000,AG03-UNRESOLVED,ALL5_LEVELS_bet23_to_bet27,6.7549,6.7549,6.7549,8.4436,8.4436,4.000000,4.000000,4.000000,5.000000,5.000000,96.000000,96.000000,96.000000,95.000000,95.000000,5.0,37.1518,34.0321,131.7202,134.8399,PENDING_AG03,FALSE,NOT_FOR_ENFORCEMENT,162.1171,10135.5364,168.8720,162.1171,6.7549,0.01413796,0.01357244,6.7549,162.1171,0.01357244,6.7549,6.7549,6.7549,8.4436,8.4436,162.1171,0.01357244,37.1518,34.0321,131.7202,134.8399,0.01102761,0.01128879,0.00056552,22.7950,21.9955,0.3518,12.0623,0.6809,853.1846,34.2857,23.0238,8.0361,5.137,10.2741,25.6852,52.7183,87.2639,175.0453,5.1636,0.0,8.493614,17.037596,2.218695,29,105,17,8,0.99461774,0.01413796,0.01094599,0E-8,0.000000,0.883903,0.000000,0.59305401,2026-06-16,2026-08-06,14,248,169,52,0.269231,2.865048,1.010038,3.315392,,,,,,,,GLOBAL_BASELINE_NO_ENTITY_RANKING,,,NOT_APPLICABLE_GLOBAL_BASELINE,HF9g-P5,,,,X 全窗基线 · 不参与实体赏罚,6879488,688,A168_HF9F_20260827_0900,2026-08-27 09:00:00
2026-08-02,151615992,2239,0,21.0618241595,20.4196953741,20.4196953741,1.0000000,2,2,0.49994810000000000,0.499948100000,1.4143603653603398,1.4143603653603398,1.4143603653603398,0E-17,ELIGIBLE,R03b_20260811_FULL_v1,L1_ELIGIBILITY,v2026-08-11,2026-03-21..2026-08-06,baccarat_bet02_101_all_pairs_incl_sentinel,round_win = game_pnl > 0 (decisive only),COMPATIBILITY_ONLY_NOT_PRODUCTION,11944.5842,10557.8505,168.8720,524,480,-0.01413796,-0.01094599,-0.60400000,-0.01413796,-168.8720,11944.5842,OK,0.0000,6.7549,4.0000,96.0000,AG03-UNRESOLVED,ALL5_LEVELS_bet23_to_bet27,6.7549,6.7549,6.7549,8.4436,8.4436,4.000000,4.000000,4.000000,5.000000,5.000000,96.000000,96.000000,96.000000,95.000000,95.000000,5.0,37.1518,34.0321,131.7202,134.8399,PENDING_AG03,FALSE,NOT_FOR_ENFORCEMENT,162.1171,10135.5364,168.8720,162.1171,6.7549,0.01413796,0.01357244,6.7549,162.1171,0.01357244,6.7549,6.7549,6.7549,8.4436,8.4436,162.1171,0.01357244,37.1518,34.0321,131.7202,134.8399,0.01102761,0.01128879,0.00056552,22.7950,21.9955,0.3518,12.0623,0.6809,853.1846,34.2857,23.0238,8.0361,5.137,10.2741,25.6852,52.7183,87.2639,175.0453,5.1636,0.0,8.493614,17.037596,2.218695,29,105,17,8,0.99461774,0.01413796,0.01094599,0E-8,0.000000,0.883903,0.000000,0.59305401,2026-06-16,2026-08-06,14,248,169,52,0.269231,2.865048,1.010038,3.315392,,,,,,,,GLOBAL_BASELINE_NO_ENTITY_RANKING,,,NOT_APPLICABLE_GLOBAL_BASELINE,HF9g-P5,,,,X 全窗基线 · 不参与实体赏罚,6879489,688,A168_HF9F_20260827_0900,2026-08-27 09:00:00
2026-08-02,151615992,2266,0,12.8425757070,-12.8425757070,-12.8425757070,0E-7,1,1,0.50665070000000000,0.506650700000,-1.013391052207602,-1.013391052207602,-1.013391052207602,0E-17,ELIGIBLE,R03b_20260811_FULL_v1,L1_ELIGIBILITY,v2026-08-11,2026-03-21..2026-08-06,baccarat_bet02_101_all_pairs_incl_sentinel,round_win = game_pnl > 0 (decisive only),COMPATIBILITY_ONLY_NOT_PRODUCTION,11944.5842,10557.8505,168.8720,524,480,-0.01413796,-0.01094599,-0.60400000,-0.01413796,-168.8720,11944.5842,OK,0.0000,6.7549,4.0000,96.0000,AG03-UNRESOLVED,ALL5_LEVELS_bet23_to_bet27,6.7549,6.7549,6.7549,8.4436,8.4436,4.000000,4.000000,4.000000,5.000000,5.000000,96.000000,96.000000,96.000000,95.000000,95.000000,5.0,37.1518,34.0321,131.7202,134.8399,PENDING_AG03,FALSE,NOT_FOR_ENFORCEMENT,162.1171,10135.5364,168.8720,162.1171,6.7549,0.01413796,0.01357244,6.7549,162.1171,0.01357244,6.7549,6.7549,6.7549,8.4436,8.4436,162.1171,0.01357244,37.1518,34.0321,131.7202,134.8399,0.01102761,0.01128879,0.00056552,22.7950,21.9955,0.3518,12.0623,0.6809,853.1846,34.2857,23.0238,8.0361,5.137,10.2741,25.6852,52.7183,87.2639,175.0453,5.1636,0.0,8.493614,17.037596,2.218695,29,105,17,8,0.99461774,0.01413796,0.01094599,0E-8,0.000000,0.883903,0.000000,0.59305401,2026-06-16,2026-08-06,14,248,169,52,0.269231,2.865048,1.010038,3.315392,,,,,,,,GLOBAL_BASELINE_NO_ENTITY_RANKING,,,NOT_APPLICABLE_GLOBAL_BASELINE,HF9g-P5,,,,X 全窗基线 · 不参与实体赏罚,6879490,688,A168_HF9F_20260827_0900,2026-08-27 09:00:00
2026-08-02,151615992,2276,0,25.6851514140,24.6577453574,24.6577453574,1.0000000,3,3,0.50218230000000000,0.502182300000,1.724507524396475,1.7245075243964754,1.724507524396475,0E-17,ELIGIBLE,R03b_20260811_FULL_v1,L1_ELIGIBILITY,v2026-08-11,2026-03-21..2026-08-06,baccarat_bet02_101_all_pairs_incl_sentinel,round_win = game_pnl > 0 (decisive only),COMPATIBILITY_ONLY_NOT_PRODUCTION,11944.5842,10557.8505,168.8720,524,480,-0.01413796,-0.01094599,-0.60400000,-0.01413796,-168.8720,11944.5842,OK,0.0000,6.7549,4.0000,96.0000,AG03-UNRESOLVED,ALL5_LEVELS_bet23_to_bet27,6.7549,6.7549,6.7549,8.4436,8.4436,4.000000,4.000000,4.000000,5.000000,5.000000,96.000000,96.000000,96.000000,95.000000,95.000000,5.0,37.1518,34.0321,131.7202,134.8399,PENDING_AG03,FALSE,NOT_FOR_ENFORCEMENT,162.1171,10135.5364,168.8720,162.1171,6.7549,0.01413796,0.01357244,6.7549,162.1171,0.01357244,6.7549,6.7549,6.7549,8.4436,8.4436,162.1171,0.01357244,37.1518,34.0321,131.7202,134.8399,0.01102761,0.01128879,0.00056552,22.7950,21.9955,0.3518,12.0623,0.6809,853.1846,34.2857,23.0238,8.0361,5.137,10.2741,25.6852,52.7183,87.2639,175.0453,5.1636,0.0,8.493614,17.037596,2.218695,29,105,17,8,0.99461774,0.01413796,0.01094599,0E-8,0.000000,0.883903,0.000000,0.59305401,2026-06-16,2026-08-06,14,248,169,52,0.269231,2.865048,1.010038,3.315392,,,,,,,,GLOBAL_BASELINE_NO_ENTITY_RANKING,,,NOT_APPLICABLE_GLOBAL_BASELINE,HF9g-P5,,,,X 全窗基线 · 不参与实体赏罚,6879491,688,A168_HF9F_20260827_0900,2026-08-27 09:00:00
2026-08-02,151615992,2280,0,113.7852207639,79.3928030205,79.3928030205,0.6000000,12,12,0.43015635000000000,0.430156350000,1.0848215119800937,1.0848215119800937,1.0848215119800937,0E-17,ELIGIBLE,R03b_20260811_FULL_v1,L1_ELIGIBILITY,v2026-08-11,2026-03-21..2026-08-06,baccarat_bet02_101_all_pairs_incl_sentinel,round_win = game_pnl > 0 (decisive only),COMPATIBILITY_ONLY_NOT_PRODUCTION,11944.5842,10557.8505,168.8720,524,480,-0.01413796,-0.01094599,-0.60400000,-0.01413796,-168.8720,11944.5842,OK,0.0000,6.7549,4.0000,96.0000,AG03-UNRESOLVED,ALL5_LEVELS_bet23_to_bet27,6.7549,6.7549,6.7549,8.4436,8.4436,4.000000,4.000000,4.000000,5.000000,5.000000,96.000000,96.000000,96.000000,95.000000,95.000000,5.0,37.1518,34.0321,131.7202,134.8399,PENDING_AG03,FALSE,NOT_FOR_ENFORCEMENT,162.1171,10135.5364,168.8720,162.1171,6.7549,0.01413796,0.01357244,6.7549,162.1171,0.01357244,6.7549,6.7549,6.7549,8.4436,8.4436,162.1171,0.01357244,37.1518,34.0321,131.7202,134.8399,0.01102761,0.01128879,0.00056552,22.7950,21.9955,0.3518,12.0623,0.6809,853.1846,34.2857,23.0238,8.0361,5.137,10.2741,25.6852,52.7183,87.2639,175.0453,5.1636,0.0,8.493614,17.037596,2.218695,29,105,17,8,0.99461774,0.01413796,0.01094599,0E-8,0.000000,0.883903,0.000000,0.59305401,2026-06-16,2026-08-06,14,248,169,52,0.269231,2.865048,1.010038,3.315392,,,,,,,,GLOBAL_BASELINE_NO_ENTITY_RANKING,,,NOT_APPLICABLE_GLOBAL_BASELINE,HF9g-P5,,,,X 全窗基线 · 不参与实体赏罚,6879492,688,A168_HF9F_20260827_0900,2026-08-27 09:00:00
2026-08-02,151615992,2287,0,78.0828602986,9.2466545090,9.2466545090,0.5000000,10,9,0.48419250888888889,0.468378822222,0.08946539509228175,0.1792351871310331,0.08946539509228175,0.01581368666688889,ELIGIBLE,R03b_20260811_FULL_v1,L1_ELIGIBILITY,v2026-08-11,2026-03-21..2026-08-06,baccarat_bet02_101_all_pairs_incl_sentinel,round_win = game_pnl > 0 (decisive only),COMPATIBILITY_ONLY_NOT_PRODUCTION,11944.5842,10557.8505,168.8720,524,480,-0.01413796,-0.01094599,-0.60400000,-0.01413796,-168.8720,11944.5842,OK,0.0000,6.7549,4.0000,96.0000,AG03-UNRESOLVED,ALL5_LEVELS_bet23_to_bet27,6.7549,6.7549,6.7549,8.4436,8.4436,4.000000,4.000000,4.000000,5.000000,5.000000,96.000000,96.000000,96.000000,95.000000,95.000000,5.0,37.1518,34.0321,131.7202,134.8399,PENDING_AG03,FALSE,NOT_FOR_ENFORCEMENT,162.1171,10135.5364,168.8720,162.1171,6.7549,0.01413796,0.01357244,6.7549,162.1171,0.01357244,6.7549,6.7549,6.7549,8.4436,8.4436,162.1171,0.01357244,37.1518,34.0321,131.7202,134.8399,0.01102761,0.01128879,0.00056552,22.7950,21.9955,0.3518,12.0623,0.6809,853.1846,34.2857,23.0238,8.0361,5.137,10.2741,25.6852,52.7183,87.2639,175.0453,5.1636,0.0,8.493614,17.037596,2.218695,29,105,17,8,0.99461774,0.01413796,0.01094599,0E-8,0.000000,0.883903,0.000000,0.59305401,2026-06-16,2026-08-06,14,248,169,52,0.269231,2.865048,1.010038,3.315392,,,,,,,,GLOBAL_BASELINE_NO_ENTITY_RANKING,,,NOT_APPLICABLE_GLOBAL_BASELINE,HF9g-P5,,,,X 全窗基线 · 不参与实体赏罚,6879493,688,A168_HF9F_20260827_0900,2026-08-27 09:00:00
2026-08-02,151615992,526,0,5.1370302828,-5.1370302828,-5.1370302828,0E-7,1,1,0.49324550000000000,0.493245500000,-0.9865810262130424,-0.9865810262130424,-0.9865810262130424,0E-17,ELIGIBLE,R03b_20260811_FULL_v1,L1_ELIGIBILITY,v2026-08-11,2026-03-21..2026-08-06,baccarat_bet02_101_all_pairs_incl_sentinel,round_win = game_pnl > 0 (decisive only),COMPATIBILITY_ONLY_NOT_PRODUCTION,11944.5842,10557.8505,168.8720,524,480,-0.01413796,-0.01094599,-0.60400000,-0.01413796,-168.8720,11944.5842,OK,0.0000,6.7549,4.0000,96.0000,AG03-UNRESOLVED,ALL5_LEVELS_bet23_to_bet27,6.7549,6.7549,6.7549,8.4436,8.4436,4.000000,4.000000,4.000000,5.000000,5.000000,96.000000,96.000000,96.000000,95.000000,95.000000,5.0,37.1518,34.0321,131.7202,134.8399,PENDING_AG03,FALSE,NOT_FOR_ENFORCEMENT,162.1171,10135.5364,168.8720,162.1171,6.7549,0.01413796,0.01357244,6.7549,162.1171,0.01357244,6.7549,6.7549,6.7549,8.4436,8.4436,162.1171,0.01357244,37.1518,34.0321,131.7202,134.8399,0.01102761,0.01128879,0.00056552,22.7950,21.9955,0.3518,12.0623,0.6809,853.1846,34.2857,23.0238,8.0361,5.137,10.2741,25.6852,52.7183,87.2639,175.0453,5.1636,0.0,8.493614,17.037596,2.218695,29,105,17,8,0.99461774,0.01413796,0.01094599,0E-8,0.000000,0.883903,0.000000,0.59305401,2026-06-16,2026-08-06,14,248,169,52,0.269231,2.865048,1.010038,3.315392,,,,,,,,GLOBAL_BASELINE_NO_ENTITY_RANKING,,,NOT_APPLICABLE_GLOBAL_BASELINE,HF9g-P5,,,,X 全窗基线 · 不参与实体赏罚,6879494,688,A168_HF9F_20260827_0900,2026-08-27 09:00:00
2026-08-02,151615992,763,0,15.4110908484,15.4110908484,15.4110908484,1.0000000,1,1,0.49324550000000000,0.493245500000,1.01360149184955,1.01360149184955,1.01360149184955,0E-17,ELIGIBLE,R03b_20260811_FULL_v1,L1_ELIGIBILITY,v2026-08-11,2026-03-21..2026-08-06,baccarat_bet02_101_all_pairs_incl_sentinel,round_win = game_pnl > 0 (decisive only),COMPATIBILITY_ONLY_NOT_PRODUCTION,11944.5842,10557.8505,168.8720,524,480,-0.01413796,-0.01094599,-0.60400000,-0.01413796,-168.8720,11944.5842,OK,0.0000,6.7549,4.0000,96.0000,AG03-UNRESOLVED,ALL5_LEVELS_bet23_to_bet27,6.7549,6.7549,6.7549,8.4436,8.4436,4.000000,4.000000,4.000000,5.000000,5.000000,96.000000,96.000000,96.000000,95.000000,95.000000,5.0,37.1518,34.0321,131.7202,134.8399,PENDING_AG03,FALSE,NOT_FOR_ENFORCEMENT,162.1171,10135.5364,168.8720,162.1171,6.7549,0.01413796,0.01357244,6.7549,162.1171,0.01357244,6.7549,6.7549,6.7549,8.4436,8.4436,162.1171,0.01357244,37.1518,34.0321,131.7202,134.8399,0.01102761,0.01128879,0.00056552,22.7950,21.9955,0.3518,12.0623,0.6809,853.1846,34.2857,23.0238,8.0361,5.137,10.2741,25.6852,52.7183,87.2639,175.0453,5.1636,0.0,8.493614,17.037596,2.218695,29,105,17,8,0.99461774,0.01413796,0.01094599,0E-8,0.000000,0.883903,0.000000,0.59305401,2026-06-16,2026-08-06,14,248,169,52,0.269231,2.865048,1.010038,3.315392,,,,,,,,GLOBAL_BASELINE_NO_ENTITY_RANKING,,,NOT_APPLICABLE_GLOBAL_BASELINE,HF9g-P5,,,,X 全窗基线 · 不参与实体赏罚,6879495,688,A168_HF9F_20260827_0900,2026-08-27 09:00:00
2026-08-02,151615992,970,0,5.1370302828,5.1370302828,5.1370302828,1.0000000,1,1,0.49324550000000000,0.493245500000,1.01360149184955,1.01360149184955,1.01360149184955,0E-17,ELIGIBLE,R03b_20260811_FULL_v1,L1_ELIGIBILITY,v2026-08-11,2026-03-21..2026-08-06,baccarat_bet02_101_all_pairs_incl_sentinel,round_win = game_pnl > 0 (decisive only),COMPATIBILITY_ONLY_NOT_PRODUCTION,11944.5842,10557.8505,168.8720,524,480,-0.01413796,-0.01094599,-0.60400000,-0.01413796,-168.8720,11944.5842,OK,0.0000,6.7549,4.0000,96.0000,AG03-UNRESOLVED,ALL5_LEVELS_bet23_to_bet27,6.7549,6.7549,6.7549,8.4436,8.4436,4.000000,4.000000,4.000000,5.000000,5.000000,96.000000,96.000000,96.000000,95.000000,95.000000,5.0,37.1518,34.0321,131.7202,134.8399,PENDING_AG03,FALSE,NOT_FOR_ENFORCEMENT,162.1171,10135.5364,168.8720,162.1171,6.7549,0.01413796,0.01357244,6.7549,162.1171,0.01357244,6.7549,6.7549,6.7549,8.4436,8.4436,162.1171,0.01357244,37.1518,34.0321,131.7202,134.8399,0.01102761,0.01128879,0.00056552,22.7950,21.9955,0.3518,12.0623,0.6809,853.1846,34.2857,23.0238,8.0361,5.137,10.2741,25.6852,52.7183,87.2639,175.0453,5.1636,0.0,8.493614,17.037596,2.218695,29,105,17,8,0.99461774,0.01413796,0.01094599,0E-8,0.000000,0.883903,0.000000,0.59305401,2026-06-16,2026-08-06,14,248,169,52,0.269231,2.865048,1.010038,3.315392,,,,,,,,GLOBAL_BASELINE_NO_ENTITY_RANKING,,,NOT_APPLICABLE_GLOBAL_BASELINE,HF9g-P5,,,,X 全窗基线 · 不参与实体赏罚,6879496,688,A168_HF9F_20260827_0900,2026-08-27 09:00:00
2026-08-02,151615992,994,0,41.0962422624,-11.0446151080,-11.0446151080,0.6666667,3,3,0.50218230000000000,0.502182300000,0.5697959874915163,0.5697959874915164,0.5697959874915163,0E-17,ELIGIBLE,R03b_20260811_FULL_v1,L1_ELIGIBILITY,v2026-08-11,2026-03-21..2026-08-06,baccarat_bet02_101_all_pairs_incl_sentinel,round_win = game_pnl > 0 (decisive only),COMPATIBILITY_ONLY_NOT_PRODUCTION,11944.5842,10557.8505,168.8720,524,480,-0.01413796,-0.01094599,-0.60400000,-0.01413796,-168.8720,11944.5842,OK,0.0000,6.7549,4.0000,96.0000,AG03-UNRESOLVED,ALL5_LEVELS_bet23_to_bet27,6.7549,6.7549,6.7549,8.4436,8.4436,4.000000,4.000000,4.000000,5.000000,5.000000,96.000000,96.000000,96.000000,95.000000,95.000000,5.0,37.1518,34.0321,131.7202,134.8399,PENDING_AG03,FALSE,NOT_FOR_ENFORCEMENT,162.1171,10135.5364,168.8720,162.1171,6.7549,0.01413796,0.01357244,6.7549,162.1171,0.01357244,6.7549,6.7549,6.7549,8.4436,8.4436,162.1171,0.01357244,37.1518,34.0321,131.7202,134.8399,0.01102761,0.01128879,0.00056552,22.7950,21.9955,0.3518,12.0623,0.6809,853.1846,34.2857,23.0238,8.0361,5.137,10.2741,25.6852,52.7183,87.2639,175.0453,5.1636,0.0,8.493614,17.037596,2.218695,29,105,17,8,0.99461774,0.01413796,0.01094599,0E-8,0.000000,0.883903,0.000000,0.59305401,2026-06-16,2026-08-06,14,248,169,52,0.269231,2.865048,1.010038,3.315392,,,,,,,,GLOBAL_BASELINE_NO_ENTITY_RANKING,,,NOT_APPLICABLE_GLOBAL_BASELINE,HF9g-P5,,,,X 全窗基线 · 不参与实体赏罚,6879497,688,A168_HF9F_20260827_0900,2026-08-27 09:00:00
2026-08-03,151615992,-1,1,87.3295148075,41.0962422623,41.0962422623,0.6666667,3,3,0.49771390000000000,0.497713900000,0.5852756695216578,0.5852756695216578,0.5852756695216578,0E-17,SENTINEL_DEALER,R03b_20260811_FULL_v1,L1_ELIGIBILITY,v2026-08-11,2026-03-21..2026-08-06,baccarat_bet02_101_all_pairs_incl_sentinel,round_win = game_pnl > 0 (decisive only),COMPATIBILITY_ONLY_NOT_PRODUCTION,11944.5842,10557.8505,168.8720,524,480,-0.01413796,-0.01094599,-0.60400000,-0.01413796,-168.8720,11944.5842,OK,0.0000,6.7549,4.0000,96.0000,AG03-UNRESOLVED,ALL5_LEVELS_bet23_to_bet27,6.7549,6.7549,6.7549,8.4436,8.4436,4.000000,4.000000,4.000000,5.000000,5.000000,96.000000,96.000000,96.000000,95.000000,95.000000,5.0,37.1518,34.0321,131.7202,134.8399,PENDING_AG03,FALSE,NOT_FOR_ENFORCEMENT,162.1171,10135.5364,168.8720,162.1171,6.7549,0.01413796,0.01357244,6.7549,162.1171,0.01357244,6.7549,6.7549,6.7549,8.4436,8.4436,162.1171,0.01357244,37.1518,34.0321,131.7202,134.8399,0.01102761,0.01128879,0.00056552,22.7950,21.9955,0.3518,12.0623,0.6809,853.1846,34.2857,23.0238,8.0361,5.137,10.2741,25.6852,52.7183,87.2639,175.0453,5.1636,0.0,8.493614,17.037596,2.218695,29,105,17,8,0.99461774,0.01413796,0.01094599,0E-8,0.000000,0.883903,0.000000,0.59305401,2026-06-16,2026-08-06,14,248,169,52,0.269231,2.865048,1.010038,3.315392,,,,,,,,GLOBAL_BASELINE_NO_ENTITY_RANKING,,,NOT_APPLICABLE_GLOBAL_BASELINE,HF9g-P5,,,,X 全窗基线 · 不参与实体赏罚,6879498,688,A168_HF9F_20260827_0900,2026-08-27 09:00:00
2026-08-03,151615992,1323,0,17.9796059898,-17.9796059898,-17.9796059898,0E-7,1,1,0.49324550000000000,0.493245500000,-0.9865810262130424,-0.9865810262130424,-0.9865810262130424,0E-17,ELIGIBLE,R03b_20260811_FULL_v1,L1_ELIGIBILITY,v2026-08-11,2026-03-21..2026-08-06,baccarat_bet02_101_all_pairs_incl_sentinel,round_win = game_pnl > 0 (decisive only),COMPATIBILITY_ONLY_NOT_PRODUCTION,11944.5842,10557.8505,168.8720,524,480,-0.01413796,-0.01094599,-0.60400000,-0.01413796,-168.8720,11944.5842,OK,0.0000,6.7549,4.0000,96.0000,AG03-UNRESOLVED,ALL5_LEVELS_bet23_to_bet27,6.7549,6.7549,6.7549,8.4436,8.4436,4.000000,4.000000,4.000000,5.000000,5.000000,96.000000,96.000000,96.000000,95.000000,95.000000,5.0,37.1518,34.0321,131.7202,134.8399,PENDING_AG03,FALSE,NOT_FOR_ENFORCEMENT,162.1171,10135.5364,168.8720,162.1171,6.7549,0.01413796,0.01357244,6.7549,162.1171,0.01357244,6.7549,6.7549,6.7549,8.4436,8.4436,162.1171,0.01357244,37.1518,34.0321,131.7202,134.8399,0.01102761,0.01128879,0.00056552,22.7950,21.9955,0.3518,12.0623,0.6809,853.1846,34.2857,23.0238,8.0361,5.137,10.2741,25.6852,52.7183,87.2639,175.0453,5.1636,0.0,8.493614,17.037596,2.218695,29,105,17,8,0.99461774,0.01413796,0.01094599,0E-8,0.000000,0.883903,0.000000,0.59305401,2026-06-16,2026-08-06,14,248,169,52,0.269231,2.865048,1.010038,3.315392,,,,,,,,GLOBAL_BASELINE_NO_ENTITY_RANKING,,,NOT_APPLICABLE_GLOBAL_BASELINE,HF9g-P5,,,,X 全窗基线 · 不参与实体赏罚,6879499,688,A168_HF9F_20260827_0900,2026-08-27 09:00:00
2026-08-03,151615992,1331,0,51.3703028280,-51.3703028280,-51.3703028280,0E-7,2,2,0.49324550000000000,0.493245500000,-1.3952362676504506,-1.3952362676504506,-1.3952362676504506,0E-17,ELIGIBLE,R03b_20260811_FULL_v1,L1_ELIGIBILITY,v2026-08-11,2026-03-21..2026-08-06,baccarat_bet02_101_all_pairs_incl_sentinel,round_win = game_pnl > 0 (decisive only),COMPATIBILITY_ONLY_NOT_PRODUCTION,11944.5842,10557.8505,168.8720,524,480,-0.01413796,-0.01094599,-0.60400000,-0.01413796,-168.8720,11944.5842,OK,0.0000,6.7549,4.0000,96.0000,AG03-UNRESOLVED,ALL5_LEVELS_bet23_to_bet27,6.7549,6.7549,6.7549,8.4436,8.4436,4.000000,4.000000,4.000000,5.000000,5.000000,96.000000,96.000000,96.000000,95.000000,95.000000,5.0,37.1518,34.0321,131.7202,134.8399,PENDING_AG03,FALSE,NOT_FOR_ENFORCEMENT,162.1171,10135.5364,168.8720,162.1171,6.7549,0.01413796,0.01357244,6.7549,162.1171,0.01357244,6.7549,6.7549,6.7549,8.4436,8.4436,162.1171,0.01357244,37.1518,34.0321,131.7202,134.8399,0.01102761,0.01128879,0.00056552,22.7950,21.9955,0.3518,12.0623,0.6809,853.1846,34.2857,23.0238,8.0361,5.137,10.2741,25.6852,52.7183,87.2639,175.0453,5.1636,0.0,8.493614,17.037596,2.218695,29,105,17,8,0.99461774,0.01413796,0.01094599,0E-8,0.000000,0.883903,0.000000,0.59305401,2026-06-16,2026-08-06,14,248,169,52,0.269231,2.865048,1.010038,3.315392,,,,,,,,GLOBAL_BASELINE_NO_ENTITY_RANKING,,,NOT_APPLICABLE_GLOBAL_BASELINE,HF9g-P5,,,,X 全窗基线 · 不参与实体赏罚,6879500,688,A168_HF9F_20260827_0900,2026-08-27 09:00:00
2026-08-03,151615992,1384,0,38.5277271210,-38.5277271210,-38.5277271210,0E-7,1,1,0.50665070000000000,0.506650700000,-1.013391052207602,-1.013391052207602,-1.013391052207602,0E-17,ELIGIBLE,R03b_20260811_FULL_v1,L1_ELIGIBILITY,v2026-08-11,2026-03-21..2026-08-06,baccarat_bet02_101_all_pairs_incl_sentinel,round_win = game_pnl > 0 (decisive only),COMPATIBILITY_ONLY_NOT_PRODUCTION,11944.5842,10557.8505,168.8720,524,480,-0.01413796,-0.01094599,-0.60400000,-0.01413796,-168.8720,11944.5842,OK,0.0000,6.7549,4.0000,96.0000,AG03-UNRESOLVED,ALL5_LEVELS_bet23_to_bet27,6.7549,6.7549,6.7549,8.4436,8.4436,4.000000,4.000000,4.000000,5.000000,5.000000,96.000000,96.000000,96.000000,95.000000,95.000000,5.0,37.1518,34.0321,131.7202,134.8399,PENDING_AG03,FALSE,NOT_FOR_ENFORCEMENT,162.1171,10135.5364,168.8720,162.1171,6.7549,0.01413796,0.01357244,6.7549,162.1171,0.01357244,6.7549,6.7549,6.7549,8.4436,8.4436,162.1171,0.01357244,37.1518,34.0321,131.7202,134.8399,0.01102761,0.01128879,0.00056552,22.7950,21.9955,0.3518,12.0623,0.6809,853.1846,34.2857,23.0238,8.0361,5.137,10.2741,25.6852,52.7183,87.2639,175.0453,5.1636,0.0,8.493614,17.037596,2.218695,29,105,17,8,0.99461774,0.01413796,0.01094599,0E-8,0.000000,0.883903,0.000000,0.59305401,2026-06-16,2026-08-06,14,248,169,52,0.269231,2.865048,1.010038,3.315392,,,,,,,,GLOBAL_BASELINE_NO_ENTITY_RANKING,,,NOT_APPLICABLE_GLOBAL_BASELINE,HF9g-P5,,,,X 全窗基线 · 不参与实体赏罚,6879501,688,A168_HF9F_20260827_0900,2026-08-27 09:00:00
2026-08-03,151615992,1401,0,87.8432178358,15.9247938766,15.9247938766,0.3333333,5,3,0.42387485000000000,0.399261833333,-0.3173446278782479,-0.2331644371714611,-0.3173446278782479,0.02461301666700000,ELIGIBLE,R03b_20260811_FULL_v1,L1_ELIGIBILITY,v2026-08-11,2026-03-21..2026-08-06,baccarat_bet02_101_all_pairs_incl_sentinel,round_win = game_pnl > 0 (decisive only),COMPATIBILITY_ONLY_NOT_PRODUCTION,11944.5842,10557.8505,168.8720,524,480,-0.01413796,-0.01094599,-0.60400000,-0.01413796,-168.8720,11944.5842,OK,0.0000,6.7549,4.0000,96.0000,AG03-UNRESOLVED,ALL5_LEVELS_bet23_to_bet27,6.7549,6.7549,6.7549,8.4436,8.4436,4.000000,4.000000,4.000000,5.000000,5.000000,96.000000,96.000000,96.000000,95.000000,95.000000,5.0,37.1518,34.0321,131.7202,134.8399,PENDING_AG03,FALSE,NOT_FOR_ENFORCEMENT,162.1171,10135.5364,168.8720,162.1171,6.7549,0.01413796,0.01357244,6.7549,162.1171,0.01357244,6.7549,6.7549,6.7549,8.4436,8.4436,162.1171,0.01357244,37.1518,34.0321,131.7202,134.8399,0.01102761,0.01128879,0.00056552,22.7950,21.9955,0.3518,12.0623,0.6809,853.1846,34.2857,23.0238,8.0361,5.137,10.2741,25.6852,52.7183,87.2639,175.0453,5.1636,0.0,8.493614,17.037596,2.218695,29,105,17,8,0.99461774,0.01413796,0.01094599,0E-8,0.000000,0.883903,0.000000,0.59305401,2026-06-16,2026-08-06,14,248,169,52,0.269231,2.865048,1.010038,3.315392,,,,,,,,GLOBAL_BASELINE_NO_ENTITY_RANKING,,,NOT_APPLICABLE_GLOBAL_BASELINE,HF9g-P5,,,,X 全窗基线 · 不参与实体赏罚,6879502,688,A168_HF9F_20260827_0900,2026-08-27 09:00:00
2026-08-03,151615992,1402,0,109.1618935094,-109.1618935094,-109.1618935094,0E-7,2,2,0.49994810000000000,0.499948100000,-1.4140667746232096,-1.4140667746232096,-1.4140667746232096,0E-17,ELIGIBLE,R03b_20260811_FULL_v1,L1_ELIGIBILITY,v2026-08-11,2026-03-21..2026-08-06,baccarat_bet02_101_all_pairs_incl_sentinel,round_win = game_pnl > 0 (decisive only),COMPATIBILITY_ONLY_NOT_PRODUCTION,11944.5842,10557.8505,168.8720,524,480,-0.01413796,-0.01094599,-0.60400000,-0.01413796,-168.8720,11944.5842,OK,0.0000,6.7549,4.0000,96.0000,AG03-UNRESOLVED,ALL5_LEVELS_bet23_to_bet27,6.7549,6.7549,6.7549,8.4436,8.4436,4.000000,4.000000,4.000000,5.000000,5.000000,96.000000,96.000000,96.000000,95.000000,95.000000,5.0,37.1518,34.0321,131.7202,134.8399,PENDING_AG03,FALSE,NOT_FOR_ENFORCEMENT,162.1171,10135.5364,168.8720,162.1171,6.7549,0.01413796,0.01357244,6.7549,162.1171,0.01357244,6.7549,6.7549,6.7549,8.4436,8.4436,162.1171,0.01357244,37.1518,34.0321,131.7202,134.8399,0.01102761,0.01128879,0.00056552,22.7950,21.9955,0.3518,12.0623,0.6809,853.1846,34.2857,23.0238,8.0361,5.137,10.2741,25.6852,52.7183,87.2639,175.0453,5.1636,0.0,8.493614,17.037596,2.218695,29,105,17,8,0.99461774,0.01413796,0.01094599,0E-8,0.000000,0.883903,0.000000,0.59305401,2026-06-16,2026-08-06,14,248,169,52,0.269231,2.865048,1.010038,3.315392,,,,,,,,GLOBAL_BASELINE_NO_ENTITY_RANKING,,,NOT_APPLICABLE_GLOBAL_BASELINE,HF9g-P5,,,,X 全窗基线 · 不参与实体赏罚,6879503,688,A168_HF9F_20260827_0900,2026-08-27 09:00:00
2026-08-03,151615992,1942,0,79.1102663550,79.1102663550,79.1102663550,1.0000000,1,1,0.49324550000000000,0.493245500000,1.01360149184955,1.01360149184955,1.01360149184955,0E-17,ELIGIBLE,R03b_20260811_FULL_v1,L1_ELIGIBILITY,v2026-08-11,2026-03-21..2026-08-06,baccarat_bet02_101_all_pairs_incl_sentinel,round_win = game_pnl > 0 (decisive only),COMPATIBILITY_ONLY_NOT_PRODUCTION,11944.5842,10557.8505,168.8720,524,480,-0.01413796,-0.01094599,-0.60400000,-0.01413796,-168.8720,11944.5842,OK,0.0000,6.7549,4.0000,96.0000,AG03-UNRESOLVED,ALL5_LEVELS_bet23_to_bet27,6.7549,6.7549,6.7549,8.4436,8.4436,4.000000,4.000000,4.000000,5.000000,5.000000,96.000000,96.000000,96.000000,95.000000,95.000000,5.0,37.1518,34.0321,131.7202,134.8399,PENDING_AG03,FALSE,NOT_FOR_ENFORCEMENT,162.1171,10135.5364,168.8720,162.1171,6.7549,0.01413796,0.01357244,6.7549,162.1171,0.01357244,6.7549,6.7549,6.7549,8.4436,8.4436,162.1171,0.01357244,37.1518,34.0321,131.7202,134.8399,0.01102761,0.01128879,0.00056552,22.7950,21.9955,0.3518,12.0623,0.6809,853.1846,34.2857,23.0238,8.0361,5.137,10.2741,25.6852,52.7183,87.2639,175.0453,5.1636,0.0,8.493614,17.037596,2.218695,29,105,17,8,0.99461774,0.01413796,0.01094599,0E-8,0.000000,0.883903,0.000000,0.59305401,2026-06-16,2026-08-06,14,248,169,52,0.269231,2.865048,1.010038,3.315392,,,,,,,,GLOBAL_BASELINE_NO_ENTITY_RANKING,,,NOT_APPLICABLE_GLOBAL_BASELINE,HF9g-P5,,,,X 全窗基线 · 不参与实体赏罚,6879504,688,A168_HF9F_20260827_0900,2026-08-27 09:00:00
2026-08-03,151615992,2068,0,15.4110908484,5.1370302828,5.1370302828,0.5000000,2,2,0.49994810000000000,0.499948100000,0.00014679536856514622,0.00014679536856514622,0.00014679536856514622,0E-17,ELIGIBLE,R03b_20260811_FULL_v1,L1_ELIGIBILITY,v2026-08-11,2026-03-21..2026-08-06,baccarat_bet02_101_all_pairs_incl_sentinel,round_win = game_pnl > 0 (decisive only),COMPATIBILITY_ONLY_NOT_PRODUCTION,11944.5842,10557.8505,168.8720,524,480,-0.01413796,-0.01094599,-0.60400000,-0.01413796,-168.8720,11944.5842,OK,0.0000,6.7549,4.0000,96.0000,AG03-UNRESOLVED,ALL5_LEVELS_bet23_to_bet27,6.7549,6.7549,6.7549,8.4436,8.4436,4.000000,4.000000,4.000000,5.000000,5.000000,96.000000,96.000000,96.000000,95.000000,95.000000,5.0,37.1518,34.0321,131.7202,134.8399,PENDING_AG03,FALSE,NOT_FOR_ENFORCEMENT,162.1171,10135.5364,168.8720,162.1171,6.7549,0.01413796,0.01357244,6.7549,162.1171,0.01357244,6.7549,6.7549,6.7549,8.4436,8.4436,162.1171,0.01357244,37.1518,34.0321,131.7202,134.8399,0.01102761,0.01128879,0.00056552,22.7950,21.9955,0.3518,12.0623,0.6809,853.1846,34.2857,23.0238,8.0361,5.137,10.2741,25.6852,52.7183,87.2639,175.0453,5.1636,0.0,8.493614,17.037596,2.218695,29,105,17,8,0.99461774,0.01413796,0.01094599,0E-8,0.000000,0.883903,0.000000,0.59305401,2026-06-16,2026-08-06,14,248,169,52,0.269231,2.865048,1.010038,3.315392,,,,,,,,GLOBAL_BASELINE_NO_ENTITY_RANKING,,,NOT_APPLICABLE_GLOBAL_BASELINE,HF9g-P5,,,,X 全窗基线 · 不参与实体赏罚,6879505,688,A168_HF9F_20260827_0900,2026-08-27 09:00:00
2026-08-03,151615992,2121,0,12.8425757070,12.8425757070,12.8425757070,1.0000000,1,1,0.49324550000000000,0.493245500000,1.01360149184955,1.01360149184955,1.01360149184955,0E-17,ELIGIBLE,R03b_20260811_FULL_v1,L1_ELIGIBILITY,v2026-08-11,2026-03-21..2026-08-06,baccarat_bet02_101_all_pairs_incl_sentinel,round_win = game_pnl > 0 (decisive only),COMPATIBILITY_ONLY_NOT_PRODUCTION,11944.5842,10557.8505,168.8720,524,480,-0.01413796,-0.01094599,-0.60400000,-0.01413796,-168.8720,11944.5842,OK,0.0000,6.7549,4.0000,96.0000,AG03-UNRESOLVED,ALL5_LEVELS_bet23_to_bet27,6.7549,6.7549,6.7549,8.4436,8.4436,4.000000,4.000000,4.000000,5.000000,5.000000,96.000000,96.000000,96.000000,95.000000,95.000000,5.0,37.1518,34.0321,131.7202,134.8399,PENDING_AG03,FALSE,NOT_FOR_ENFORCEMENT,162.1171,10135.5364,168.8720,162.1171,6.7549,0.01413796,0.01357244,6.7549,162.1171,0.01357244,6.7549,6.7549,6.7549,8.4436,8.4436,162.1171,0.01357244,37.1518,34.0321,131.7202,134.8399,0.01102761,0.01128879,0.00056552,22.7950,21.9955,0.3518,12.0623,0.6809,853.1846,34.2857,23.0238,8.0361,5.137,10.2741,25.6852,52.7183,87.2639,175.0453,5.1636,0.0,8.493614,17.037596,2.218695,29,105,17,8,0.99461774,0.01413796,0.01094599,0E-8,0.000000,0.883903,0.000000,0.59305401,2026-06-16,2026-08-06,14,248,169,52,0.269231,2.865048,1.010038,3.315392,,,,,,,,GLOBAL_BASELINE_NO_ENTITY_RANKING,,,NOT_APPLICABLE_GLOBAL_BASELINE,HF9g-P5,,,,X 全窗基线 · 不参与实体赏罚,6879506,688,A168_HF9F_20260827_0900,2026-08-27 09:00:00
2026-08-03,151615992,2152,0,41.0962422624,-41.0962422624,-41.0962422624,0E-7,2,2,0.49994810000000000,0.499948100000,-1.4140667746232096,-1.4140667746232096,-1.4140667746232096,0E-17,ELIGIBLE,R03b_20260811_FULL_v1,L1_ELIGIBILITY,v2026-08-11,2026-03-21..2026-08-06,baccarat_bet02_101_all_pairs_incl_sentinel,round_win = game_pnl > 0 (decisive only),COMPATIBILITY_ONLY_NOT_PRODUCTION,11944.5842,10557.8505,168.8720,524,480,-0.01413796,-0.01094599,-0.60400000,-0.01413796,-168.8720,11944.5842,OK,0.0000,6.7549,4.0000,96.0000,AG03-UNRESOLVED,ALL5_LEVELS_bet23_to_bet27,6.7549,6.7549,6.7549,8.4436,8.4436,4.000000,4.000000,4.000000,5.000000,5.000000,96.000000,96.000000,96.000000,95.000000,95.000000,5.0,37.1518,34.0321,131.7202,134.8399,PENDING_AG03,FALSE,NOT_FOR_ENFORCEMENT,162.1171,10135.5364,168.8720,162.1171,6.7549,0.01413796,0.01357244,6.7549,162.1171,0.01357244,6.7549,6.7549,6.7549,8.4436,8.4436,162.1171,0.01357244,37.1518,34.0321,131.7202,134.8399,0.01102761,0.01128879,0.00056552,22.7950,21.9955,0.3518,12.0623,0.6809,853.1846,34.2857,23.0238,8.0361,5.137,10.2741,25.6852,52.7183,87.2639,175.0453,5.1636,0.0,8.493614,17.037596,2.218695,29,105,17,8,0.99461774,0.01413796,0.01094599,0E-8,0.000000,0.883903,0.000000,0.59305401,2026-06-16,2026-08-06,14,248,169,52,0.269231,2.865048,1.010038,3.315392,,,,,,,,GLOBAL_BASELINE_NO_ENTITY_RANKING,,,NOT_APPLICABLE_GLOBAL_BASELINE,HF9g-P5,,,,X 全窗基线 · 不参与实体赏罚,6879507,688,A168_HF9F_20260827_0900,2026-08-27 09:00:00
2026-08-03,151615992,2153,0,79.1102663551,25.6851514140,25.6851514140,1.0000000,2,2,0.49324550000000000,0.493245500000,1.01360149184955,1.01360149184955,1.01360149184955,0E-17,ELIGIBLE,R03b_20260811_FULL_v1,L1_ELIGIBILITY,v2026-08-11,2026-03-21..2026-08-06,baccarat_bet02_101_all_pairs_incl_sentinel,round_win = game_pnl > 0 (decisive only),COMPATIBILITY_ONLY_NOT_PRODUCTION,11944.5842,10557.8505,168.8720,524,480,-0.01413796,-0.01094599,-0.60400000,-0.01413796,-168.8720,11944.5842,OK,0.0000,6.7549,4.0000,96.0000,AG03-UNRESOLVED,ALL5_LEVELS_bet23_to_bet27,6.7549,6.7549,6.7549,8.4436,8.4436,4.000000,4.000000,4.000000,5.000000,5.000000,96.000000,96.000000,96.000000,95.000000,95.000000,5.0,37.1518,34.0321,131.7202,134.8399,PENDING_AG03,FALSE,NOT_FOR_ENFORCEMENT,162.1171,10135.5364,168.8720,162.1171,6.7549,0.01413796,0.01357244,6.7549,162.1171,0.01357244,6.7549,6.7549,6.7549,8.4436,8.4436,162.1171,0.01357244,37.1518,34.0321,131.7202,134.8399,0.01102761,0.01128879,0.00056552,22.7950,21.9955,0.3518,12.0623,0.6809,853.1846,34.2857,23.0238,8.0361,5.137,10.2741,25.6852,52.7183,87.2639,175.0453,5.1636,0.0,8.493614,17.037596,2.218695,29,105,17,8,0.99461774,0.01413796,0.01094599,0E-8,0.000000,0.883903,0.000000,0.59305401,2026-06-16,2026-08-06,14,248,169,52,0.269231,2.865048,1.010038,3.315392,,,,,,,,GLOBAL_BASELINE_NO_ENTITY_RANKING,,,NOT_APPLICABLE_GLOBAL_BASELINE,HF9g-P5,,,,X 全窗基线 · 不参与实体赏罚,6879508,688,A168_HF9F_20260827_0900,2026-08-27 09:00:00
2026-08-03,151615992,2156,0,17.9796059898,-17.9796059898,-17.9796059898,0E-7,2,2,0.49324550000000000,0.493245500000,-1.3952362676504506,-1.3952362676504506,-1.3952362676504506,0E-17,ELIGIBLE,R03b_20260811_FULL_v1,L1_ELIGIBILITY,v2026-08-11,2026-03-21..2026-08-06,baccarat_bet02_101_all_pairs_incl_sentinel,round_win = game_pnl > 0 (decisive only),COMPATIBILITY_ONLY_NOT_PRODUCTION,11944.5842,10557.8505,168.8720,524,480,-0.01413796,-0.01094599,-0.60400000,-0.01413796,-168.8720,11944.5842,OK,0.0000,6.7549,4.0000,96.0000,AG03-UNRESOLVED,ALL5_LEVELS_bet23_to_bet27,6.7549,6.7549,6.7549,8.4436,8.4436,4.000000,4.000000,4.000000,5.000000,5.000000,96.000000,96.000000,96.000000,95.000000,95.000000,5.0,37.1518,34.0321,131.7202,134.8399,PENDING_AG03,FALSE,NOT_FOR_ENFORCEMENT,162.1171,10135.5364,168.8720,162.1171,6.7549,0.01413796,0.01357244,6.7549,162.1171,0.01357244,6.7549,6.7549,6.7549,8.4436,8.4436,162.1171,0.01357244,37.1518,34.0321,131.7202,134.8399,0.01102761,0.01128879,0.00056552,22.7950,21.9955,0.3518,12.0623,0.6809,853.1846,34.2857,23.0238,8.0361,5.137,10.2741,25.6852,52.7183,87.2639,175.0453,5.1636,0.0,8.493614,17.037596,2.218695,29,105,17,8,0.99461774,0.01413796,0.01094599,0E-8,0.000000,0.883903,0.000000,0.59305401,2026-06-16,2026-08-06,14,248,169,52,0.269231,2.865048,1.010038,3.315392,,,,,,,,GLOBAL_BASELINE_NO_ENTITY_RANKING,,,NOT_APPLICABLE_GLOBAL_BASELINE,HF9g-P5,,,,X 全窗基线 · 不参与实体赏罚,6879509,688,A168_HF9F_20260827_0900,2026-08-27 09:00:00
2026-08-03,151615992,2174,0,77.0554542419,-64.2128785349,-64.2128785349,0E-7,3,3,0.49771390000000000,0.497713900000,-1.4077622098436522,-1.4077622098436524,-1.4077622098436522,0E-17,ELIGIBLE,R03b_20260811_FULL_v1,L1_ELIGIBILITY,v2026-08-11,2026-03-21..2026-08-06,baccarat_bet02_101_all_pairs_incl_sentinel,round_win = game_pnl > 0 (decisive only),COMPATIBILITY_ONLY_NOT_PRODUCTION,11944.5842,10557.8505,168.8720,524,480,-0.01413796,-0.01094599,-0.60400000,-0.01413796,-168.8720,11944.5842,OK,0.0000,6.7549,4.0000,96.0000,AG03-UNRESOLVED,ALL5_LEVELS_bet23_to_bet27,6.7549,6.7549,6.7549,8.4436,8.4436,4.000000,4.000000,4.000000,5.000000,5.000000,96.000000,96.000000,96.000000,95.000000,95.000000,5.0,37.1518,34.0321,131.7202,134.8399,PENDING_AG03,FALSE,NOT_FOR_ENFORCEMENT,162.1171,10135.5364,168.8720,162.1171,6.7549,0.01413796,0.01357244,6.7549,162.1171,0.01357244,6.7549,6.7549,6.7549,8.4436,8.4436,162.1171,0.01357244,37.1518,34.0321,131.7202,134.8399,0.01102761,0.01128879,0.00056552,22.7950,21.9955,0.3518,12.0623,0.6809,853.1846,34.2857,23.0238,8.0361,5.137,10.2741,25.6852,52.7183,87.2639,175.0453,5.1636,0.0,8.493614,17.037596,2.218695,29,105,17,8,0.99461774,0.01413796,0.01094599,0E-8,0.000000,0.883903,0.000000,0.59305401,2026-06-16,2026-08-06,14,248,169,52,0.269231,2.865048,1.010038,3.315392,,,,,,,,GLOBAL_BASELINE_NO_ENTITY_RANKING,,,NOT_APPLICABLE_GLOBAL_BASELINE,HF9g-P5,,,,X 全窗基线 · 不参与实体赏罚,6879510,688,A168_HF9F_20260827_0900,2026-08-27 09:00:00
2026-08-03,151615992,2196,0,5.1370302828,-5.1370302828,-5.1370302828,0E-7,1,1,0.49324550000000000,0.493245500000,-0.9865810262130424,-0.9865810262130424,-0.9865810262130424,0E-17,ELIGIBLE,R03b_20260811_FULL_v1,L1_ELIGIBILITY,v2026-08-11,2026-03-21..2026-08-06,baccarat_bet02_101_all_pairs_incl_sentinel,round_win = game_pnl > 0 (decisive only),COMPATIBILITY_ONLY_NOT_PRODUCTION,11944.5842,10557.8505,168.8720,524,480,-0.01413796,-0.01094599,-0.60400000,-0.01413796,-168.8720,11944.5842,OK,0.0000,6.7549,4.0000,96.0000,AG03-UNRESOLVED,ALL5_LEVELS_bet23_to_bet27,6.7549,6.7549,6.7549,8.4436,8.4436,4.000000,4.000000,4.000000,5.000000,5.000000,96.000000,96.000000,96.000000,95.000000,95.000000,5.0,37.1518,34.0321,131.7202,134.8399,PENDING_AG03,FALSE,NOT_FOR_ENFORCEMENT,162.1171,10135.5364,168.8720,162.1171,6.7549,0.01413796,0.01357244,6.7549,162.1171,0.01357244,6.7549,6.7549,6.7549,8.4436,8.4436,162.1171,0.01357244,37.1518,34.0321,131.7202,134.8399,0.01102761,0.01128879,0.00056552,22.7950,21.9955,0.3518,12.0623,0.6809,853.1846,34.2857,23.0238,8.0361,5.137,10.2741,25.6852,52.7183,87.2639,175.0453,5.1636,0.0,8.493614,17.037596,2.218695,29,105,17,8,0.99461774,0.01413796,0.01094599,0E-8,0.000000,0.883903,0.000000,0.59305401,2026-06-16,2026-08-06,14,248,169,52,0.269231,2.865048,1.010038,3.315392,,,,,,,,GLOBAL_BASELINE_NO_ENTITY_RANKING,,,NOT_APPLICABLE_GLOBAL_BASELINE,HF9g-P5,,,,X 全窗基线 · 不参与实体赏罚,6879511,688,A168_HF9F_20260827_0900,2026-08-27 09:00:00
2026-08-03,151615992,2212,0,2.5685151414,-2.5685151414,-2.5685151414,0E-7,1,1,0.09460280000000000,0.094602800000,-0.32324545095860213,-0.32324545095860213,-0.32324545095860213,0E-17,ELIGIBLE,R03b_20260811_FULL_v1,L1_ELIGIBILITY,v2026-08-11,2026-03-21..2026-08-06,baccarat_bet02_101_all_pairs_incl_sentinel,round_win = game_pnl > 0 (decisive only),COMPATIBILITY_ONLY_NOT_PRODUCTION,11944.5842,10557.8505,168.8720,524,480,-0.01413796,-0.01094599,-0.60400000,-0.01413796,-168.8720,11944.5842,OK,0.0000,6.7549,4.0000,96.0000,AG03-UNRESOLVED,ALL5_LEVELS_bet23_to_bet27,6.7549,6.7549,6.7549,8.4436,8.4436,4.000000,4.000000,4.000000,5.000000,5.000000,96.000000,96.000000,96.000000,95.000000,95.000000,5.0,37.1518,34.0321,131.7202,134.8399,PENDING_AG03,FALSE,NOT_FOR_ENFORCEMENT,162.1171,10135.5364,168.8720,162.1171,6.7549,0.01413796,0.01357244,6.7549,162.1171,0.01357244,6.7549,6.7549,6.7549,8.4436,8.4436,162.1171,0.01357244,37.1518,34.0321,131.7202,134.8399,0.01102761,0.01128879,0.00056552,22.7950,21.9955,0.3518,12.0623,0.6809,853.1846,34.2857,23.0238,8.0361,5.137,10.2741,25.6852,52.7183,87.2639,175.0453,5.1636,0.0,8.493614,17.037596,2.218695,29,105,17,8,0.99461774,0.01413796,0.01094599,0E-8,0.000000,0.883903,0.000000,0.59305401,2026-06-16,2026-08-06,14,248,169,52,0.269231,2.865048,1.010038,3.315392,,,,,,,,GLOBAL_BASELINE_NO_ENTITY_RANKING,,,NOT_APPLICABLE_GLOBAL_BASELINE,HF9g-P5,,,,X 全窗基线 · 不参与实体赏罚,6879512,688,A168_HF9F_20260827_0900,2026-08-27 09:00:00
2026-08-03,151615992,2235,0,67.8087997329,36.9866180361,36.9866180361,0.5000000,3,2,0.45894066666666667,0.390331000000,0.116526894866886,0.31793277647471735,0.116526894866886,0.06860966666666667,ELIGIBLE,R03b_20260811_FULL_v1,L1_ELIGIBILITY,v2026-08-11,2026-03-21..2026-08-06,baccarat_bet02_101_all_pairs_incl_sentinel,round_win = game_pnl > 0 (decisive only),COMPATIBILITY_ONLY_NOT_PRODUCTION,11944.5842,10557.8505,168.8720,524,480,-0.01413796,-0.01094599,-0.60400000,-0.01413796,-168.8720,11944.5842,OK,0.0000,6.7549,4.0000,96.0000,AG03-UNRESOLVED,ALL5_LEVELS_bet23_to_bet27,6.7549,6.7549,6.7549,8.4436,8.4436,4.000000,4.000000,4.000000,5.000000,5.000000,96.000000,96.000000,96.000000,95.000000,95.000000,5.0,37.1518,34.0321,131.7202,134.8399,PENDING_AG03,FALSE,NOT_FOR_ENFORCEMENT,162.1171,10135.5364,168.8720,162.1171,6.7549,0.01413796,0.01357244,6.7549,162.1171,0.01357244,6.7549,6.7549,6.7549,8.4436,8.4436,162.1171,0.01357244,37.1518,34.0321,131.7202,134.8399,0.01102761,0.01128879,0.00056552,22.7950,21.9955,0.3518,12.0623,0.6809,853.1846,34.2857,23.0238,8.0361,5.137,10.2741,25.6852,52.7183,87.2639,175.0453,5.1636,0.0,8.493614,17.037596,2.218695,29,105,17,8,0.99461774,0.01413796,0.01094599,0E-8,0.000000,0.883903,0.000000,0.59305401,2026-06-16,2026-08-06,14,248,169,52,0.269231,2.865048,1.010038,3.315392,,,,,,,,GLOBAL_BASELINE_NO_ENTITY_RANKING,,,NOT_APPLICABLE_GLOBAL_BASELINE,HF9g-P5,,,,X 全窗基线 · 不参与实体赏罚,6879513,688,A168_HF9F_20260827_0900,2026-08-27 09:00:00
2026-08-03,151615992,2239,0,104.0248632266,0E-10,0E-10,,1,1,0.49324550000000000,0.493245500000,,,,0E-17,NO_DECISIVE_ROUND,R03b_20260811_FULL_v1,L1_ELIGIBILITY,v2026-08-11,2026-03-21..2026-08-06,baccarat_bet02_101_all_pairs_incl_sentinel,round_win = game_pnl > 0 (decisive only),COMPATIBILITY_ONLY_NOT_PRODUCTION,11944.5842,10557.8505,168.8720,524,480,-0.01413796,-0.01094599,-0.60400000,-0.01413796,-168.8720,11944.5842,OK,0.0000,6.7549,4.0000,96.0000,AG03-UNRESOLVED,ALL5_LEVELS_bet23_to_bet27,6.7549,6.7549,6.7549,8.4436,8.4436,4.000000,4.000000,4.000000,5.000000,5.000000,96.000000,96.000000,96.000000,95.000000,95.000000,5.0,37.1518,34.0321,131.7202,134.8399,PENDING_AG03,FALSE,NOT_FOR_ENFORCEMENT,162.1171,10135.5364,168.8720,162.1171,6.7549,0.01413796,0.01357244,6.7549,162.1171,0.01357244,6.7549,6.7549,6.7549,8.4436,8.4436,162.1171,0.01357244,37.1518,34.0321,131.7202,134.8399,0.01102761,0.01128879,0.00056552,22.7950,21.9955,0.3518,12.0623,0.6809,853.1846,34.2857,23.0238,8.0361,5.137,10.2741,25.6852,52.7183,87.2639,175.0453,5.1636,0.0,8.493614,17.037596,2.218695,29,105,17,8,0.99461774,0.01413796,0.01094599,0E-8,0.000000,0.883903,0.000000,0.59305401,2026-06-16,2026-08-06,14,248,169,52,0.269231,2.865048,1.010038,3.315392,,,,,,,,GLOBAL_BASELINE_NO_ENTITY_RANKING,,,NOT_APPLICABLE_GLOBAL_BASELINE,HF9g-P5,,,,X 全窗基线 · 不参与实体赏罚,6879514,688,A168_HF9F_20260827_0900,2026-08-27 09:00:00
2026-08-03,151615992,2241,0,56.5073331107,53.6819664552,53.6819664552,1.0000000,2,2,0.50665070000000000,0.506650700000,1.3955260008387969,1.3955260008387969,1.3955260008387969,0E-17,ELIGIBLE,R03b_20260811_FULL_v1,L1_ELIGIBILITY,v2026-08-11,2026-03-21..2026-08-06,baccarat_bet02_101_all_pairs_incl_sentinel,round_win = game_pnl > 0 (decisive only),COMPATIBILITY_ONLY_NOT_PRODUCTION,11944.5842,10557.8505,168.8720,524,480,-0.01413796,-0.01094599,-0.60400000,-0.01413796,-168.8720,11944.5842,OK,0.0000,6.7549,4.0000,96.0000,AG03-UNRESOLVED,ALL5_LEVELS_bet23_to_bet27,6.7549,6.7549,6.7549,8.4436,8.4436,4.000000,4.000000,4.000000,5.000000,5.000000,96.000000,96.000000,96.000000,95.000000,95.000000,5.0,37.1518,34.0321,131.7202,134.8399,PENDING_AG03,FALSE,NOT_FOR_ENFORCEMENT,162.1171,10135.5364,168.8720,162.1171,6.7549,0.01413796,0.01357244,6.7549,162.1171,0.01357244,6.7549,6.7549,6.7549,8.4436,8.4436,162.1171,0.01357244,37.1518,34.0321,131.7202,134.8399,0.01102761,0.01128879,0.00056552,22.7950,21.9955,0.3518,12.0623,0.6809,853.1846,34.2857,23.0238,8.0361,5.137,10.2741,25.6852,52.7183,87.2639,175.0453,5.1636,0.0,8.493614,17.037596,2.218695,29,105,17,8,0.99461774,0.01413796,0.01094599,0E-8,0.000000,0.883903,0.000000,0.59305401,2026-06-16,2026-08-06,14,248,169,52,0.269231,2.865048,1.010038,3.315392,,,,,,,,GLOBAL_BASELINE_NO_ENTITY_RANKING,,,NOT_APPLICABLE_GLOBAL_BASELINE,HF9g-P5,,,,X 全窗基线 · 不参与实体赏罚,6879515,688,A168_HF9F_20260827_0900,2026-08-27 09:00:00
2026-08-06,151615992,-1,1,70.6341663885,-27.4831120129,-27.4831120129,0.3000000,11,11,0.49933877272727273,0.499338772727,-1.2607301980388668,-1.260730198037143,-1.2607301980388668,2.7273E-13,SENTINEL_DEALER,R03b_20260811_FULL_v1,L1_ELIGIBILITY,v2026-08-11,2026-03-21..2026-08-06,baccarat_bet02_101_all_pairs_incl_sentinel,round_win = game_pnl > 0 (decisive only),COMPATIBILITY_ONLY_NOT_PRODUCTION,11944.5842,10557.8505,168.8720,524,480,-0.01413796,-0.01094599,-0.60400000,-0.01413796,-168.8720,11944.5842,OK,0.0000,6.7549,4.0000,96.0000,AG03-UNRESOLVED,ALL5_LEVELS_bet23_to_bet27,6.7549,6.7549,6.7549,8.4436,8.4436,4.000000,4.000000,4.000000,5.000000,5.000000,96.000000,96.000000,96.000000,95.000000,95.000000,5.0,37.1518,34.0321,131.7202,134.8399,PENDING_AG03,FALSE,NOT_FOR_ENFORCEMENT,162.1171,10135.5364,168.8720,162.1171,6.7549,0.01413796,0.01357244,6.7549,162.1171,0.01357244,6.7549,6.7549,6.7549,8.4436,8.4436,162.1171,0.01357244,37.1518,34.0321,131.7202,134.8399,0.01102761,0.01128879,0.00056552,22.7950,21.9955,0.3518,12.0623,0.6809,853.1846,34.2857,23.0238,8.0361,5.137,10.2741,25.6852,52.7183,87.2639,175.0453,5.1636,0.0,8.493614,17.037596,2.218695,29,105,17,8,0.99461774,0.01413796,0.01094599,0E-8,0.000000,0.883903,0.000000,0.59305401,2026-06-16,2026-08-06,14,248,169,52,0.269231,2.865048,1.010038,3.315392,,,,,,,,GLOBAL_BASELINE_NO_ENTITY_RANKING,,,NOT_APPLICABLE_GLOBAL_BASELINE,HF9g-P5,,,,X 全窗基线 · 不参与实体赏罚,6879516,688,A168_HF9F_20260827_0900,2026-08-27 09:00:00
2026-08-06,151615992,1017,0,5.1370302828,4.8801787687,4.8801787687,1.0000000,1,1,0.50665070000000000,0.506650700000,0.9867858985152569,0.9867858985152569,0.9867858985152569,0E-17,ELIGIBLE,R03b_20260811_FULL_v1,L1_ELIGIBILITY,v2026-08-11,2026-03-21..2026-08-06,baccarat_bet02_101_all_pairs_incl_sentinel,round_win = game_pnl > 0 (decisive only),COMPATIBILITY_ONLY_NOT_PRODUCTION,11944.5842,10557.8505,168.8720,524,480,-0.01413796,-0.01094599,-0.60400000,-0.01413796,-168.8720,11944.5842,OK,0.0000,6.7549,4.0000,96.0000,AG03-UNRESOLVED,ALL5_LEVELS_bet23_to_bet27,6.7549,6.7549,6.7549,8.4436,8.4436,4.000000,4.000000,4.000000,5.000000,5.000000,96.000000,96.000000,96.000000,95.000000,95.000000,5.0,37.1518,34.0321,131.7202,134.8399,PENDING_AG03,FALSE,NOT_FOR_ENFORCEMENT,162.1171,10135.5364,168.8720,162.1171,6.7549,0.01413796,0.01357244,6.7549,162.1171,0.01357244,6.7549,6.7549,6.7549,8.4436,8.4436,162.1171,0.01357244,37.1518,34.0321,131.7202,134.8399,0.01102761,0.01128879,0.00056552,22.7950,21.9955,0.3518,12.0623,0.6809,853.1846,34.2857,23.0238,8.0361,5.137,10.2741,25.6852,52.7183,87.2639,175.0453,5.1636,0.0,8.493614,17.037596,2.218695,29,105,17,8,0.99461774,0.01413796,0.01094599,0E-8,0.000000,0.883903,0.000000,0.59305401,2026-06-16,2026-08-06,14,248,169,52,0.269231,2.865048,1.010038,3.315392,,,,,,,,GLOBAL_BASELINE_NO_ENTITY_RANKING,,,NOT_APPLICABLE_GLOBAL_BASELINE,HF9g-P5,,,,X 全窗基线 · 不参与实体赏罚,6879517,688,A168_HF9F_20260827_0900,2026-08-27 09:00:00
2026-08-06,151615992,1094,0,39.0414301492,37.3462101559,37.3462101559,1.0000000,2,2,0.49994810000000000,0.499948100000,1.4143603653603398,1.4143603653603398,1.4143603653603398,0E-17,ELIGIBLE,R03b_20260811_FULL_v1,L1_ELIGIBILITY,v2026-08-11,2026-03-21..2026-08-06,baccarat_bet02_101_all_pairs_incl_sentinel,round_win = game_pnl > 0 (decisive only),COMPATIBILITY_ONLY_NOT_PRODUCTION,11944.5842,10557.8505,168.8720,524,480,-0.01413796,-0.01094599,-0.60400000,-0.01413796,-168.8720,11944.5842,OK,0.0000,6.7549,4.0000,96.0000,AG03-UNRESOLVED,ALL5_LEVELS_bet23_to_bet27,6.7549,6.7549,6.7549,8.4436,8.4436,4.000000,4.000000,4.000000,5.000000,5.000000,96.000000,96.000000,96.000000,95.000000,95.000000,5.0,37.1518,34.0321,131.7202,134.8399,PENDING_AG03,FALSE,NOT_FOR_ENFORCEMENT,162.1171,10135.5364,168.8720,162.1171,6.7549,0.01413796,0.01357244,6.7549,162.1171,0.01357244,6.7549,6.7549,6.7549,8.4436,8.4436,162.1171,0.01357244,37.1518,34.0321,131.7202,134.8399,0.01102761,0.01128879,0.00056552,22.7950,21.9955,0.3518,12.0623,0.6809,853.1846,34.2857,23.0238,8.0361,5.137,10.2741,25.6852,52.7183,87.2639,175.0453,5.1636,0.0,8.493614,17.037596,2.218695,29,105,17,8,0.99461774,0.01413796,0.01094599,0E-8,0.000000,0.883903,0.000000,0.59305401,2026-06-16,2026-08-06,14,248,169,52,0.269231,2.865048,1.010038,3.315392,,,,,,,,GLOBAL_BASELINE_NO_ENTITY_RANKING,,,NOT_APPLICABLE_GLOBAL_BASELINE,HF9g-P5,,,,X 全窗基线 · 不参与实体赏罚,6879518,688,A168_HF9F_20260827_0900,2026-08-27 09:00:00
2026-08-06,151615992,1115,0,5.1370302828,5.1370302828,5.1370302828,1.0000000,1,1,0.49324550000000000,0.493245500000,1.01360149184955,1.01360149184955,1.01360149184955,0E-17,ELIGIBLE,R03b_20260811_FULL_v1,L1_ELIGIBILITY,v2026-08-11,2026-03-21..2026-08-06,baccarat_bet02_101_all_pairs_incl_sentinel,round_win = game_pnl > 0 (decisive only),COMPATIBILITY_ONLY_NOT_PRODUCTION,11944.5842,10557.8505,168.8720,524,480,-0.01413796,-0.01094599,-0.60400000,-0.01413796,-168.8720,11944.5842,OK,0.0000,6.7549,4.0000,96.0000,AG03-UNRESOLVED,ALL5_LEVELS_bet23_to_bet27,6.7549,6.7549,6.7549,8.4436,8.4436,4.000000,4.000000,4.000000,5.000000,5.000000,96.000000,96.000000,96.000000,95.000000,95.000000,5.0,37.1518,34.0321,131.7202,134.8399,PENDING_AG03,FALSE,NOT_FOR_ENFORCEMENT,162.1171,10135.5364,168.8720,162.1171,6.7549,0.01413796,0.01357244,6.7549,162.1171,0.01357244,6.7549,6.7549,6.7549,8.4436,8.4436,162.1171,0.01357244,37.1518,34.0321,131.7202,134.8399,0.01102761,0.01128879,0.00056552,22.7950,21.9955,0.3518,12.0623,0.6809,853.1846,34.2857,23.0238,8.0361,5.137,10.2741,25.6852,52.7183,87.2639,175.0453,5.1636,0.0,8.493614,17.037596,2.218695,29,105,17,8,0.99461774,0.01413796,0.01094599,0E-8,0.000000,0.883903,0.000000,0.59305401,2026-06-16,2026-08-06,14,248,169,52,0.269231,2.865048,1.010038,3.315392,,,,,,,,GLOBAL_BASELINE_NO_ENTITY_RANKING,,,NOT_APPLICABLE_GLOBAL_BASELINE,HF9g-P5,,,,X 全窗基线 · 不参与实体赏罚,6879519,688,A168_HF9F_20260827_0900,2026-08-27 09:00:00
2026-08-06,151615992,1151,0,5.1370302828,0E-10,0E-10,,1,1,0.50665070000000000,0.506650700000,,,,0E-17,NO_DECISIVE_ROUND,R03b_20260811_FULL_v1,L1_ELIGIBILITY,v2026-08-11,2026-03-21..2026-08-06,baccarat_bet02_101_all_pairs_incl_sentinel,round_win = game_pnl > 0 (decisive only),COMPATIBILITY_ONLY_NOT_PRODUCTION,11944.5842,10557.8505,168.8720,524,480,-0.01413796,-0.01094599,-0.60400000,-0.01413796,-168.8720,11944.5842,OK,0.0000,6.7549,4.0000,96.0000,AG03-UNRESOLVED,ALL5_LEVELS_bet23_to_bet27,6.7549,6.7549,6.7549,8.4436,8.4436,4.000000,4.000000,4.000000,5.000000,5.000000,96.000000,96.000000,96.000000,95.000000,95.000000,5.0,37.1518,34.0321,131.7202,134.8399,PENDING_AG03,FALSE,NOT_FOR_ENFORCEMENT,162.1171,10135.5364,168.8720,162.1171,6.7549,0.01413796,0.01357244,6.7549,162.1171,0.01357244,6.7549,6.7549,6.7549,8.4436,8.4436,162.1171,0.01357244,37.1518,34.0321,131.7202,134.8399,0.01102761,0.01128879,0.00056552,22.7950,21.9955,0.3518,12.0623,0.6809,853.1846,34.2857,23.0238,8.0361,5.137,10.2741,25.6852,52.7183,87.2639,175.0453,5.1636,0.0,8.493614,17.037596,2.218695,29,105,17,8,0.99461774,0.01413796,0.01094599,0E-8,0.000000,0.883903,0.000000,0.59305401,2026-06-16,2026-08-06,14,248,169,52,0.269231,2.865048,1.010038,3.315392,,,,,,,,GLOBAL_BASELINE_NO_ENTITY_RANKING,,,NOT_APPLICABLE_GLOBAL_BASELINE,HF9g-P5,,,,X 全窗基线 · 不参与实体赏罚,6879520,688,A168_HF9F_20260827_0900,2026-08-27 09:00:00
2026-08-06,151615992,1304,0,5.1370302828,-5.1370302828,-5.1370302828,0E-7,1,1,0.09460280000000000,0.094602800000,-0.32324545095860213,-0.32324545095860213,-0.32324545095860213,0E-17,ELIGIBLE,R03b_20260811_FULL_v1,L1_ELIGIBILITY,v2026-08-11,2026-03-21..2026-08-06,baccarat_bet02_101_all_pairs_incl_sentinel,round_win = game_pnl > 0 (decisive only),COMPATIBILITY_ONLY_NOT_PRODUCTION,11944.5842,10557.8505,168.8720,524,480,-0.01413796,-0.01094599,-0.60400000,-0.01413796,-168.8720,11944.5842,OK,0.0000,6.7549,4.0000,96.0000,AG03-UNRESOLVED,ALL5_LEVELS_bet23_to_bet27,6.7549,6.7549,6.7549,8.4436,8.4436,4.000000,4.000000,4.000000,5.000000,5.000000,96.000000,96.000000,96.000000,95.000000,95.000000,5.0,37.1518,34.0321,131.7202,134.8399,PENDING_AG03,FALSE,NOT_FOR_ENFORCEMENT,162.1171,10135.5364,168.8720,162.1171,6.7549,0.01413796,0.01357244,6.7549,162.1171,0.01357244,6.7549,6.7549,6.7549,8.4436,8.4436,162.1171,0.01357244,37.1518,34.0321,131.7202,134.8399,0.01102761,0.01128879,0.00056552,22.7950,21.9955,0.3518,12.0623,0.6809,853.1846,34.2857,23.0238,8.0361,5.137,10.2741,25.6852,52.7183,87.2639,175.0453,5.1636,0.0,8.493614,17.037596,2.218695,29,105,17,8,0.99461774,0.01413796,0.01094599,0E-8,0.000000,0.883903,0.000000,0.59305401,2026-06-16,2026-08-06,14,248,169,52,0.269231,2.865048,1.010038,3.315392,,,,,,,,GLOBAL_BASELINE_NO_ENTITY_RANKING,,,NOT_APPLICABLE_GLOBAL_BASELINE,HF9g-P5,,,,X 全窗基线 · 不参与实体赏罚,6879521,688,A168_HF9F_20260827_0900,2026-08-27 09:00:00
2026-08-06,151615992,1323,0,20.5481211312,-10.2740605656,-10.2740605656,0.2500000,4,4,0.49994810000000000,0.499948100000,-0.9997924053861017,-0.9997924053861017,-0.9997924053861017,0E-17,ELIGIBLE,R03b_20260811_FULL_v1,L1_ELIGIBILITY,v2026-08-11,2026-03-21..2026-08-06,baccarat_bet02_101_all_pairs_incl_sentinel,round_win = game_pnl > 0 (decisive only),COMPATIBILITY_ONLY_NOT_PRODUCTION,11944.5842,10557.8505,168.8720,524,480,-0.01413796,-0.01094599,-0.60400000,-0.01413796,-168.8720,11944.5842,OK,0.0000,6.7549,4.0000,96.0000,AG03-UNRESOLVED,ALL5_LEVELS_bet23_to_bet27,6.7549,6.7549,6.7549,8.4436,8.4436,4.000000,4.000000,4.000000,5.000000,5.000000,96.000000,96.000000,96.000000,95.000000,95.000000,5.0,37.1518,34.0321,131.7202,134.8399,PENDING_AG03,FALSE,NOT_FOR_ENFORCEMENT,162.1171,10135.5364,168.8720,162.1171,6.7549,0.01413796,0.01357244,6.7549,162.1171,0.01357244,6.7549,6.7549,6.7549,8.4436,8.4436,162.1171,0.01357244,37.1518,34.0321,131.7202,134.8399,0.01102761,0.01128879,0.00056552,22.7950,21.9955,0.3518,12.0623,0.6809,853.1846,34.2857,23.0238,8.0361,5.137,10.2741,25.6852,52.7183,87.2639,175.0453,5.1636,0.0,8.493614,17.037596,2.218695,29,105,17,8,0.99461774,0.01413796,0.01094599,0E-8,0.000000,0.883903,0.000000,0.59305401,2026-06-16,2026-08-06,14,248,169,52,0.269231,2.865048,1.010038,3.315392,,,,,,,,GLOBAL_BASELINE_NO_ENTITY_RANKING,,,NOT_APPLICABLE_GLOBAL_BASELINE,HF9g-P5,,,,X 全窗基线 · 不参与实体赏罚,6879522,688,A168_HF9F_20260827_0900,2026-08-27 09:00:00
2026-08-06,151615992,1399,0,35.9592119796,34.4181028948,34.4181028948,1.0000000,3,3,0.50218230000000000,0.502182300000,1.724507524396475,1.7245075243964754,1.724507524396475,0E-17,ELIGIBLE,R03b_20260811_FULL_v1,L1_ELIGIBILITY,v2026-08-11,2026-03-21..2026-08-06,baccarat_bet02_101_all_pairs_incl_sentinel,round_win = game_pnl > 0 (decisive only),COMPATIBILITY_ONLY_NOT_PRODUCTION,11944.5842,10557.8505,168.8720,524,480,-0.01413796,-0.01094599,-0.60400000,-0.01413796,-168.8720,11944.5842,OK,0.0000,6.7549,4.0000,96.0000,AG03-UNRESOLVED,ALL5_LEVELS_bet23_to_bet27,6.7549,6.7549,6.7549,8.4436,8.4436,4.000000,4.000000,4.000000,5.000000,5.000000,96.000000,96.000000,96.000000,95.000000,95.000000,5.0,37.1518,34.0321,131.7202,134.8399,PENDING_AG03,FALSE,NOT_FOR_ENFORCEMENT,162.1171,10135.5364,168.8720,162.1171,6.7549,0.01413796,0.01357244,6.7549,162.1171,0.01357244,6.7549,6.7549,6.7549,8.4436,8.4436,162.1171,0.01357244,37.1518,34.0321,131.7202,134.8399,0.01102761,0.01128879,0.00056552,22.7950,21.9955,0.3518,12.0623,0.6809,853.1846,34.2857,23.0238,8.0361,5.137,10.2741,25.6852,52.7183,87.2639,175.0453,5.1636,0.0,8.493614,17.037596,2.218695,29,105,17,8,0.99461774,0.01413796,0.01094599,0E-8,0.000000,0.883903,0.000000,0.59305401,2026-06-16,2026-08-06,14,248,169,52,0.269231,2.865048,1.010038,3.315392,,,,,,,,GLOBAL_BASELINE_NO_ENTITY_RANKING,,,NOT_APPLICABLE_GLOBAL_BASELINE,HF9g-P5,,,,X 全窗基线 · 不参与实体赏罚,6879523,688,A168_HF9F_20260827_0900,2026-08-27 09:00:00
2026-08-06,151615992,1710,0,5.1370302828,-5.1370302828,-5.1370302828,0E-7,1,1,0.49324550000000000,0.493245500000,-0.9865810262130424,-0.9865810262130424,-0.9865810262130424,0E-17,ELIGIBLE,R03b_20260811_FULL_v1,L1_ELIGIBILITY,v2026-08-11,2026-03-21..2026-08-06,baccarat_bet02_101_all_pairs_incl_sentinel,round_win = game_pnl > 0 (decisive only),COMPATIBILITY_ONLY_NOT_PRODUCTION,11944.5842,10557.8505,168.8720,524,480,-0.01413796,-0.01094599,-0.60400000,-0.01413796,-168.8720,11944.5842,OK,0.0000,6.7549,4.0000,96.0000,AG03-UNRESOLVED,ALL5_LEVELS_bet23_to_bet27,6.7549,6.7549,6.7549,8.4436,8.4436,4.000000,4.000000,4.000000,5.000000,5.000000,96.000000,96.000000,96.000000,95.000000,95.000000,5.0,37.1518,34.0321,131.7202,134.8399,PENDING_AG03,FALSE,NOT_FOR_ENFORCEMENT,162.1171,10135.5364,168.8720,162.1171,6.7549,0.01413796,0.01357244,6.7549,162.1171,0.01357244,6.7549,6.7549,6.7549,8.4436,8.4436,162.1171,0.01357244,37.1518,34.0321,131.7202,134.8399,0.01102761,0.01128879,0.00056552,22.7950,21.9955,0.3518,12.0623,0.6809,853.1846,34.2857,23.0238,8.0361,5.137,10.2741,25.6852,52.7183,87.2639,175.0453,5.1636,0.0,8.493614,17.037596,2.218695,29,105,17,8,0.99461774,0.01413796,0.01094599,0E-8,0.000000,0.883903,0.000000,0.59305401,2026-06-16,2026-08-06,14,248,169,52,0.269231,2.865048,1.010038,3.315392,,,,,,,,GLOBAL_BASELINE_NO_ENTITY_RANKING,,,NOT_APPLICABLE_GLOBAL_BASELINE,HF9g-P5,,,,X 全窗基线 · 不参与实体赏罚,6879524,688,A168_HF9F_20260827_0900,2026-08-27 09:00:00
2026-08-06,151615992,2066,0,137.6724115789,-137.6724115789,-137.6724115789,0E-7,3,3,0.50218230000000000,0.502182300000,-1.7396270863184011,-1.7396270863184016,-1.7396270863184011,0E-17,ELIGIBLE,R03b_20260811_FULL_v1,L1_ELIGIBILITY,v2026-08-11,2026-03-21..2026-08-06,baccarat_bet02_101_all_pairs_incl_sentinel,round_win = game_pnl > 0 (decisive only),COMPATIBILITY_ONLY_NOT_PRODUCTION,11944.5842,10557.8505,168.8720,524,480,-0.01413796,-0.01094599,-0.60400000,-0.01413796,-168.8720,11944.5842,OK,0.0000,6.7549,4.0000,96.0000,AG03-UNRESOLVED,ALL5_LEVELS_bet23_to_bet27,6.7549,6.7549,6.7549,8.4436,8.4436,4.000000,4.000000,4.000000,5.000000,5.000000,96.000000,96.000000,96.000000,95.000000,95.000000,5.0,37.1518,34.0321,131.7202,134.8399,PENDING_AG03,FALSE,NOT_FOR_ENFORCEMENT,162.1171,10135.5364,168.8720,162.1171,6.7549,0.01413796,0.01357244,6.7549,162.1171,0.01357244,6.7549,6.7549,6.7549,8.4436,8.4436,162.1171,0.01357244,37.1518,34.0321,131.7202,134.8399,0.01102761,0.01128879,0.00056552,22.7950,21.9955,0.3518,12.0623,0.6809,853.1846,34.2857,23.0238,8.0361,5.137,10.2741,25.6852,52.7183,87.2639,175.0453,5.1636,0.0,8.493614,17.037596,2.218695,29,105,17,8,0.99461774,0.01413796,0.01094599,0E-8,0.000000,0.883903,0.000000,0.59305401,2026-06-16,2026-08-06,14,248,169,52,0.269231,2.865048,1.010038,3.315392,,,,,,,,GLOBAL_BASELINE_NO_ENTITY_RANKING,,,NOT_APPLICABLE_GLOBAL_BASELINE,HF9g-P5,,,,X 全窗基线 · 不参与实体赏罚,6879525,688,A168_HF9F_20260827_0900,2026-08-27 09:00:00
2026-08-06,151615992,2101,0,5.1370302828,-5.1370302828,-5.1370302828,0E-7,1,1,0.50665070000000000,0.506650700000,-1.013391052207602,-1.013391052207602,-1.013391052207602,0E-17,ELIGIBLE,R03b_20260811_FULL_v1,L1_ELIGIBILITY,v2026-08-11,2026-03-21..2026-08-06,baccarat_bet02_101_all_pairs_incl_sentinel,round_win = game_pnl > 0 (decisive only),COMPATIBILITY_ONLY_NOT_PRODUCTION,11944.5842,10557.8505,168.8720,524,480,-0.01413796,-0.01094599,-0.60400000,-0.01413796,-168.8720,11944.5842,OK,0.0000,6.7549,4.0000,96.0000,AG03-UNRESOLVED,ALL5_LEVELS_bet23_to_bet27,6.7549,6.7549,6.7549,8.4436,8.4436,4.000000,4.000000,4.000000,5.000000,5.000000,96.000000,96.000000,96.000000,95.000000,95.000000,5.0,37.1518,34.0321,131.7202,134.8399,PENDING_AG03,FALSE,NOT_FOR_ENFORCEMENT,162.1171,10135.5364,168.8720,162.1171,6.7549,0.01413796,0.01357244,6.7549,162.1171,0.01357244,6.7549,6.7549,6.7549,8.4436,8.4436,162.1171,0.01357244,37.1518,34.0321,131.7202,134.8399,0.01102761,0.01128879,0.00056552,22.7950,21.9955,0.3518,12.0623,0.6809,853.1846,34.2857,23.0238,8.0361,5.137,10.2741,25.6852,52.7183,87.2639,175.0453,5.1636,0.0,8.493614,17.037596,2.218695,29,105,17,8,0.99461774,0.01413796,0.01094599,0E-8,0.000000,0.883903,0.000000,0.59305401,2026-06-16,2026-08-06,14,248,169,52,0.269231,2.865048,1.010038,3.315392,,,,,,,,GLOBAL_BASELINE_NO_ENTITY_RANKING,,,NOT_APPLICABLE_GLOBAL_BASELINE,HF9g-P5,,,,X 全窗基线 · 不参与实体赏罚,6879526,688,A168_HF9F_20260827_0900,2026-08-27 09:00:00
2026-08-06,151615992,2123,0,19.2638635605,-6.4212878535,-6.4212878535,0.3333333,4,3,0.35704920000000000,0.357049200000,-0.08573274410485167,-0.08573274410485168,-0.08573274410485167,0E-17,ELIGIBLE,R03b_20260811_FULL_v1,L1_ELIGIBILITY,v2026-08-11,2026-03-21..2026-08-06,baccarat_bet02_101_all_pairs_incl_sentinel,round_win = game_pnl > 0 (decisive only),COMPATIBILITY_ONLY_NOT_PRODUCTION,11944.5842,10557.8505,168.8720,524,480,-0.01413796,-0.01094599,-0.60400000,-0.01413796,-168.8720,11944.5842,OK,0.0000,6.7549,4.0000,96.0000,AG03-UNRESOLVED,ALL5_LEVELS_bet23_to_bet27,6.7549,6.7549,6.7549,8.4436,8.4436,4.000000,4.000000,4.000000,5.000000,5.000000,96.000000,96.000000,96.000000,95.000000,95.000000,5.0,37.1518,34.0321,131.7202,134.8399,PENDING_AG03,FALSE,NOT_FOR_ENFORCEMENT,162.1171,10135.5364,168.8720,162.1171,6.7549,0.01413796,0.01357244,6.7549,162.1171,0.01357244,6.7549,6.7549,6.7549,8.4436,8.4436,162.1171,0.01357244,37.1518,34.0321,131.7202,134.8399,0.01102761,0.01128879,0.00056552,22.7950,21.9955,0.3518,12.0623,0.6809,853.1846,34.2857,23.0238,8.0361,5.137,10.2741,25.6852,52.7183,87.2639,175.0453,5.1636,0.0,8.493614,17.037596,2.218695,29,105,17,8,0.99461774,0.01413796,0.01094599,0E-8,0.000000,0.883903,0.000000,0.59305401,2026-06-16,2026-08-06,14,248,169,52,0.269231,2.865048,1.010038,3.315392,,,,,,,,GLOBAL_BASELINE_NO_ENTITY_RANKING,,,NOT_APPLICABLE_GLOBAL_BASELINE,HF9g-P5,,,,X 全窗基线 · 不参与实体赏罚,6879527,688,A168_HF9F_20260827_0900,2026-08-27 09:00:00
2026-08-06,151615992,2155,0,37.2434695503,8.2192484526,8.2192484526,0.6666667,7,7,0.50090561428571429,0.500905614286,0.8120613271247304,0.8120613271233317,0.8120613271247304,-2.8571E-13,ELIGIBLE,R03b_20260811_FULL_v1,L1_ELIGIBILITY,v2026-08-11,2026-03-21..2026-08-06,baccarat_bet02_101_all_pairs_incl_sentinel,round_win = game_pnl > 0 (decisive only),COMPATIBILITY_ONLY_NOT_PRODUCTION,11944.5842,10557.8505,168.8720,524,480,-0.01413796,-0.01094599,-0.60400000,-0.01413796,-168.8720,11944.5842,OK,0.0000,6.7549,4.0000,96.0000,AG03-UNRESOLVED,ALL5_LEVELS_bet23_to_bet27,6.7549,6.7549,6.7549,8.4436,8.4436,4.000000,4.000000,4.000000,5.000000,5.000000,96.000000,96.000000,96.000000,95.000000,95.000000,5.0,37.1518,34.0321,131.7202,134.8399,PENDING_AG03,FALSE,NOT_FOR_ENFORCEMENT,162.1171,10135.5364,168.8720,162.1171,6.7549,0.01413796,0.01357244,6.7549,162.1171,0.01357244,6.7549,6.7549,6.7549,8.4436,8.4436,162.1171,0.01357244,37.1518,34.0321,131.7202,134.8399,0.01102761,0.01128879,0.00056552,22.7950,21.9955,0.3518,12.0623,0.6809,853.1846,34.2857,23.0238,8.0361,5.137,10.2741,25.6852,52.7183,87.2639,175.0453,5.1636,0.0,8.493614,17.037596,2.218695,29,105,17,8,0.99461774,0.01413796,0.01094599,0E-8,0.000000,0.883903,0.000000,0.59305401,2026-06-16,2026-08-06,14,248,169,52,0.269231,2.865048,1.010038,3.315392,,,,,,,,GLOBAL_BASELINE_NO_ENTITY_RANKING,,,NOT_APPLICABLE_GLOBAL_BASELINE,HF9g-P5,,,,X 全窗基线 · 不参与实体赏罚,6879528,688,A168_HF9F_20260827_0900,2026-08-27 09:00:00
2026-08-06,151615992,2175,0,25.6851514140,24.4008938433,24.4008938433,1.0000000,1,1,0.50665070000000000,0.506650700000,0.9867858985152569,0.9867858985152569,0.9867858985152569,0E-17,ELIGIBLE,R03b_20260811_FULL_v1,L1_ELIGIBILITY,v2026-08-11,2026-03-21..2026-08-06,baccarat_bet02_101_all_pairs_incl_sentinel,round_win = game_pnl > 0 (decisive only),COMPATIBILITY_ONLY_NOT_PRODUCTION,11944.5842,10557.8505,168.8720,524,480,-0.01413796,-0.01094599,-0.60400000,-0.01413796,-168.8720,11944.5842,OK,0.0000,6.7549,4.0000,96.0000,AG03-UNRESOLVED,ALL5_LEVELS_bet23_to_bet27,6.7549,6.7549,6.7549,8.4436,8.4436,4.000000,4.000000,4.000000,5.000000,5.000000,96.000000,96.000000,96.000000,95.000000,95.000000,5.0,37.1518,34.0321,131.7202,134.8399,PENDING_AG03,FALSE,NOT_FOR_ENFORCEMENT,162.1171,10135.5364,168.8720,162.1171,6.7549,0.01413796,0.01357244,6.7549,162.1171,0.01357244,6.7549,6.7549,6.7549,8.4436,8.4436,162.1171,0.01357244,37.1518,34.0321,131.7202,134.8399,0.01102761,0.01128879,0.00056552,22.7950,21.9955,0.3518,12.0623,0.6809,853.1846,34.2857,23.0238,8.0361,5.137,10.2741,25.6852,52.7183,87.2639,175.0453,5.1636,0.0,8.493614,17.037596,2.218695,29,105,17,8,0.99461774,0.01413796,0.01094599,0E-8,0.000000,0.883903,0.000000,0.59305401,2026-06-16,2026-08-06,14,248,169,52,0.269231,2.865048,1.010038,3.315392,,,,,,,,GLOBAL_BASELINE_NO_ENTITY_RANKING,,,NOT_APPLICABLE_GLOBAL_BASELINE,HF9g-P5,,,,X 全窗基线 · 不参与实体赏罚,6879529,688,A168_HF9F_20260827_0900,2026-08-27 09:00:00
2026-08-06,151615992,2209,0,35.9592119796,14.1268332777,14.1268332777,0.3333333,4,3,0.36598198333333333,0.365981983333,-0.11739381133487135,-0.11739381133369539,-0.11739381133487135,3.3333E-13,ELIGIBLE,R03b_20260811_FULL_v1,L1_ELIGIBILITY,v2026-08-11,2026-03-21..2026-08-06,baccarat_bet02_101_all_pairs_incl_sentinel,round_win = game_pnl > 0 (decisive only),COMPATIBILITY_ONLY_NOT_PRODUCTION,11944.5842,10557.8505,168.8720,524,480,-0.01413796,-0.01094599,-0.60400000,-0.01413796,-168.8720,11944.5842,OK,0.0000,6.7549,4.0000,96.0000,AG03-UNRESOLVED,ALL5_LEVELS_bet23_to_bet27,6.7549,6.7549,6.7549,8.4436,8.4436,4.000000,4.000000,4.000000,5.000000,5.000000,96.000000,96.000000,96.000000,95.000000,95.000000,5.0,37.1518,34.0321,131.7202,134.8399,PENDING_AG03,FALSE,NOT_FOR_ENFORCEMENT,162.1171,10135.5364,168.8720,162.1171,6.7549,0.01413796,0.01357244,6.7549,162.1171,0.01357244,6.7549,6.7549,6.7549,8.4436,8.4436,162.1171,0.01357244,37.1518,34.0321,131.7202,134.8399,0.01102761,0.01128879,0.00056552,22.7950,21.9955,0.3518,12.0623,0.6809,853.1846,34.2857,23.0238,8.0361,5.137,10.2741,25.6852,52.7183,87.2639,175.0453,5.1636,0.0,8.493614,17.037596,2.218695,29,105,17,8,0.99461774,0.01413796,0.01094599,0E-8,0.000000,0.883903,0.000000,0.59305401,2026-06-16,2026-08-06,14,248,169,52,0.269231,2.865048,1.010038,3.315392,,,,,,,,GLOBAL_BASELINE_NO_ENTITY_RANKING,,,NOT_APPLICABLE_GLOBAL_BASELINE,HF9g-P5,,,,X 全窗基线 · 不参与实体赏罚,6879530,688,A168_HF9F_20260827_0900,2026-08-27 09:00:00
2026-08-06,151615992,2212,0,10.2740605656,-5.1370302828,-5.1370302828,0E-7,2,2,0.49994810000000000,0.499948100000,-0.9998962053866608,-0.9998962053866608,-0.9998962053866608,0E-17,ELIGIBLE,R03b_20260811_FULL_v1,L1_ELIGIBILITY,v2026-08-11,2026-03-21..2026-08-06,baccarat_bet02_101_all_pairs_incl_sentinel,round_win = game_pnl > 0 (decisive only),COMPATIBILITY_ONLY_NOT_PRODUCTION,11944.5842,10557.8505,168.8720,524,480,-0.01413796,-0.01094599,-0.60400000,-0.01413796,-168.8720,11944.5842,OK,0.0000,6.7549,4.0000,96.0000,AG03-UNRESOLVED,ALL5_LEVELS_bet23_to_bet27,6.7549,6.7549,6.7549,8.4436,8.4436,4.000000,4.000000,4.000000,5.000000,5.000000,96.000000,96.000000,96.000000,95.000000,95.000000,5.0,37.1518,34.0321,131.7202,134.8399,PENDING_AG03,FALSE,NOT_FOR_ENFORCEMENT,162.1171,10135.5364,168.8720,162.1171,6.7549,0.01413796,0.01357244,6.7549,162.1171,0.01357244,6.7549,6.7549,6.7549,8.4436,8.4436,162.1171,0.01357244,37.1518,34.0321,131.7202,134.8399,0.01102761,0.01128879,0.00056552,22.7950,21.9955,0.3518,12.0623,0.6809,853.1846,34.2857,23.0238,8.0361,5.137,10.2741,25.6852,52.7183,87.2639,175.0453,5.1636,0.0,8.493614,17.037596,2.218695,29,105,17,8,0.99461774,0.01413796,0.01094599,0E-8,0.000000,0.883903,0.000000,0.59305401,2026-06-16,2026-08-06,14,248,169,52,0.269231,2.865048,1.010038,3.315392,,,,,,,,GLOBAL_BASELINE_NO_ENTITY_RANKING,,,NOT_APPLICABLE_GLOBAL_BASELINE,HF9g-P5,,,,X 全窗基线 · 不参与实体赏罚,6879531,688,A168_HF9F_20260827_0900,2026-08-27 09:00:00
2026-08-06,151615992,2222,0,23.1166362726,7.7055454242,7.7055454242,1.0000000,2,2,0.49994810000000000,0.499948100000,1.0001038053877793,1.0001038053877793,1.0001038053877793,0E-17,ELIGIBLE,R03b_20260811_FULL_v1,L1_ELIGIBILITY,v2026-08-11,2026-03-21..2026-08-06,baccarat_bet02_101_all_pairs_incl_sentinel,round_win = game_pnl > 0 (decisive only),COMPATIBILITY_ONLY_NOT_PRODUCTION,11944.5842,10557.8505,168.8720,524,480,-0.01413796,-0.01094599,-0.60400000,-0.01413796,-168.8720,11944.5842,OK,0.0000,6.7549,4.0000,96.0000,AG03-UNRESOLVED,ALL5_LEVELS_bet23_to_bet27,6.7549,6.7549,6.7549,8.4436,8.4436,4.000000,4.000000,4.000000,5.000000,5.000000,96.000000,96.000000,96.000000,95.000000,95.000000,5.0,37.1518,34.0321,131.7202,134.8399,PENDING_AG03,FALSE,NOT_FOR_ENFORCEMENT,162.1171,10135.5364,168.8720,162.1171,6.7549,0.01413796,0.01357244,6.7549,162.1171,0.01357244,6.7549,6.7549,6.7549,8.4436,8.4436,162.1171,0.01357244,37.1518,34.0321,131.7202,134.8399,0.01102761,0.01128879,0.00056552,22.7950,21.9955,0.3518,12.0623,0.6809,853.1846,34.2857,23.0238,8.0361,5.137,10.2741,25.6852,52.7183,87.2639,175.0453,5.1636,0.0,8.493614,17.037596,2.218695,29,105,17,8,0.99461774,0.01413796,0.01094599,0E-8,0.000000,0.883903,0.000000,0.59305401,2026-06-16,2026-08-06,14,248,169,52,0.269231,2.865048,1.010038,3.315392,,,,,,,,GLOBAL_BASELINE_NO_ENTITY_RANKING,,,NOT_APPLICABLE_GLOBAL_BASELINE,HF9g-P5,,,,X 全窗基线 · 不参与实体赏罚,6879532,688,A168_HF9F_20260827_0900,2026-08-27 09:00:00
2026-08-06,151615992,2233,0,23.1166362726,11.9435954075,11.9435954075,0.6666667,3,3,0.50665070000000000,0.506650700000,0.5543606114942035,0.5543606114942035,0.5543606114942035,0E-17,ELIGIBLE,R03b_20260811_FULL_v1,L1_ELIGIBILITY,v2026-08-11,2026-03-21..2026-08-06,baccarat_bet02_101_all_pairs_incl_sentinel,round_win = game_pnl > 0 (decisive only),COMPATIBILITY_ONLY_NOT_PRODUCTION,11944.5842,10557.8505,168.8720,524,480,-0.01413796,-0.01094599,-0.60400000,-0.01413796,-168.8720,11944.5842,OK,0.0000,6.7549,4.0000,96.0000,AG03-UNRESOLVED,ALL5_LEVELS_bet23_to_bet27,6.7549,6.7549,6.7549,8.4436,8.4436,4.000000,4.000000,4.000000,5.000000,5.000000,96.000000,96.000000,96.000000,95.000000,95.000000,5.0,37.1518,34.0321,131.7202,134.8399,PENDING_AG03,FALSE,NOT_FOR_ENFORCEMENT,162.1171,10135.5364,168.8720,162.1171,6.7549,0.01413796,0.01357244,6.7549,162.1171,0.01357244,6.7549,6.7549,6.7549,8.4436,8.4436,162.1171,0.01357244,37.1518,34.0321,131.7202,134.8399,0.01102761,0.01128879,0.00056552,22.7950,21.9955,0.3518,12.0623,0.6809,853.1846,34.2857,23.0238,8.0361,5.137,10.2741,25.6852,52.7183,87.2639,175.0453,5.1636,0.0,8.493614,17.037596,2.218695,29,105,17,8,0.99461774,0.01413796,0.01094599,0E-8,0.000000,0.883903,0.000000,0.59305401,2026-06-16,2026-08-06,14,248,169,52,0.269231,2.865048,1.010038,3.315392,,,,,,,,GLOBAL_BASELINE_NO_ENTITY_RANKING,,,NOT_APPLICABLE_GLOBAL_BASELINE,HF9g-P5,,,,X 全窗基线 · 不参与实体赏罚,6879533,688,A168_HF9F_20260827_0900,2026-08-27 09:00:00
2026-08-06,151615992,2234,0,5.1370302828,5.1370302828,5.1370302828,1.0000000,1,1,0.49324550000000000,0.493245500000,1.01360149184955,1.01360149184955,1.01360149184955,0E-17,ELIGIBLE,R03b_20260811_FULL_v1,L1_ELIGIBILITY,v2026-08-11,2026-03-21..2026-08-06,baccarat_bet02_101_all_pairs_incl_sentinel,round_win = game_pnl > 0 (decisive only),COMPATIBILITY_ONLY_NOT_PRODUCTION,11944.5842,10557.8505,168.8720,524,480,-0.01413796,-0.01094599,-0.60400000,-0.01413796,-168.8720,11944.5842,OK,0.0000,6.7549,4.0000,96.0000,AG03-UNRESOLVED,ALL5_LEVELS_bet23_to_bet27,6.7549,6.7549,6.7549,8.4436,8.4436,4.000000,4.000000,4.000000,5.000000,5.000000,96.000000,96.000000,96.000000,95.000000,95.000000,5.0,37.1518,34.0321,131.7202,134.8399,PENDING_AG03,FALSE,NOT_FOR_ENFORCEMENT,162.1171,10135.5364,168.8720,162.1171,6.7549,0.01413796,0.01357244,6.7549,162.1171,0.01357244,6.7549,6.7549,6.7549,8.4436,8.4436,162.1171,0.01357244,37.1518,34.0321,131.7202,134.8399,0.01102761,0.01128879,0.00056552,22.7950,21.9955,0.3518,12.0623,0.6809,853.1846,34.2857,23.0238,8.0361,5.137,10.2741,25.6852,52.7183,87.2639,175.0453,5.1636,0.0,8.493614,17.037596,2.218695,29,105,17,8,0.99461774,0.01413796,0.01094599,0E-8,0.000000,0.883903,0.000000,0.59305401,2026-06-16,2026-08-06,14,248,169,52,0.269231,2.865048,1.010038,3.315392,,,,,,,,GLOBAL_BASELINE_NO_ENTITY_RANKING,,,NOT_APPLICABLE_GLOBAL_BASELINE,HF9g-P5,,,,X 全窗基线 · 不参与实体赏罚,6879534,688,A168_HF9F_20260827_0900,2026-08-27 09:00:00
2026-08-06,151615992,2248,0,10.2740605656,-10.2740605656,-10.2740605656,0E-7,3,1,0.08465057500000000,0.081333166667,-0.3041035568059694,-0.2975464836257447,-0.3041035568059694,0.00331740833300000,ELIGIBLE,R03b_20260811_FULL_v1,L1_ELIGIBILITY,v2026-08-11,2026-03-21..2026-08-06,baccarat_bet02_101_all_pairs_incl_sentinel,round_win = game_pnl > 0 (decisive only),COMPATIBILITY_ONLY_NOT_PRODUCTION,11944.5842,10557.8505,168.8720,524,480,-0.01413796,-0.01094599,-0.60400000,-0.01413796,-168.8720,11944.5842,OK,0.0000,6.7549,4.0000,96.0000,AG03-UNRESOLVED,ALL5_LEVELS_bet23_to_bet27,6.7549,6.7549,6.7549,8.4436,8.4436,4.000000,4.000000,4.000000,5.000000,5.000000,96.000000,96.000000,96.000000,95.000000,95.000000,5.0,37.1518,34.0321,131.7202,134.8399,PENDING_AG03,FALSE,NOT_FOR_ENFORCEMENT,162.1171,10135.5364,168.8720,162.1171,6.7549,0.01413796,0.01357244,6.7549,162.1171,0.01357244,6.7549,6.7549,6.7549,8.4436,8.4436,162.1171,0.01357244,37.1518,34.0321,131.7202,134.8399,0.01102761,0.01128879,0.00056552,22.7950,21.9955,0.3518,12.0623,0.6809,853.1846,34.2857,23.0238,8.0361,5.137,10.2741,25.6852,52.7183,87.2639,175.0453,5.1636,0.0,8.493614,17.037596,2.218695,29,105,17,8,0.99461774,0.01413796,0.01094599,0E-8,0.000000,0.883903,0.000000,0.59305401,2026-06-16,2026-08-06,14,248,169,52,0.269231,2.865048,1.010038,3.315392,,,,,,,,GLOBAL_BASELINE_NO_ENTITY_RANKING,,,NOT_APPLICABLE_GLOBAL_BASELINE,HF9g-P5,,,,X 全窗基线 · 不参与实体赏罚,6879535,688,A168_HF9F_20260827_0900,2026-08-27 09:00:00
2026-08-06,151615992,2251,0,15.4110908484,15.4110908484,15.4110908484,1.0000000,1,1,0.49324550000000000,0.493245500000,1.01360149184955,1.01360149184955,1.01360149184955,0E-17,ELIGIBLE,R03b_20260811_FULL_v1,L1_ELIGIBILITY,v2026-08-11,2026-03-21..2026-08-06,baccarat_bet02_101_all_pairs_incl_sentinel,round_win = game_pnl > 0 (decisive only),COMPATIBILITY_ONLY_NOT_PRODUCTION,11944.5842,10557.8505,168.8720,524,480,-0.01413796,-0.01094599,-0.60400000,-0.01413796,-168.8720,11944.5842,OK,0.0000,6.7549,4.0000,96.0000,AG03-UNRESOLVED,ALL5_LEVELS_bet23_to_bet27,6.7549,6.7549,6.7549,8.4436,8.4436,4.000000,4.000000,4.000000,5.000000,5.000000,96.000000,96.000000,96.000000,95.000000,95.000000,5.0,37.1518,34.0321,131.7202,134.8399,PENDING_AG03,FALSE,NOT_FOR_ENFORCEMENT,162.1171,10135.5364,168.8720,162.1171,6.7549,0.01413796,0.01357244,6.7549,162.1171,0.01357244,6.7549,6.7549,6.7549,8.4436,8.4436,162.1171,0.01357244,37.1518,34.0321,131.7202,134.8399,0.01102761,0.01128879,0.00056552,22.7950,21.9955,0.3518,12.0623,0.6809,853.1846,34.2857,23.0238,8.0361,5.137,10.2741,25.6852,52.7183,87.2639,175.0453,5.1636,0.0,8.493614,17.037596,2.218695,29,105,17,8,0.99461774,0.01413796,0.01094599,0E-8,0.000000,0.883903,0.000000,0.59305401,2026-06-16,2026-08-06,14,248,169,52,0.269231,2.865048,1.010038,3.315392,,,,,,,,GLOBAL_BASELINE_NO_ENTITY_RANKING,,,NOT_APPLICABLE_GLOBAL_BASELINE,HF9g-P5,,,,X 全窗基线 · 不参与实体赏罚,6879536,688,A168_HF9F_20260827_0900,2026-08-27 09:00:00
2026-08-06,151615992,2261,0,20.5481211312,10.2740605656,10.2740605656,0.5000000,2,2,0.29392415000000000,0.293924150000,0.6397330434626627,0.6397330434626627,0.6397330434626627,0E-17,ELIGIBLE,R03b_20260811_FULL_v1,L1_ELIGIBILITY,v2026-08-11,2026-03-21..2026-08-06,baccarat_bet02_101_all_pairs_incl_sentinel,round_win = game_pnl > 0 (decisive only),COMPATIBILITY_ONLY_NOT_PRODUCTION,11944.5842,10557.8505,168.8720,524,480,-0.01413796,-0.01094599,-0.60400000,-0.01413796,-168.8720,11944.5842,OK,0.0000,6.7549,4.0000,96.0000,AG03-UNRESOLVED,ALL5_LEVELS_bet23_to_bet27,6.7549,6.7549,6.7549,8.4436,8.4436,4.000000,4.000000,4.000000,5.000000,5.000000,96.000000,96.000000,96.000000,95.000000,95.000000,5.0,37.1518,34.0321,131.7202,134.8399,PENDING_AG03,FALSE,NOT_FOR_ENFORCEMENT,162.1171,10135.5364,168.8720,162.1171,6.7549,0.01413796,0.01357244,6.7549,162.1171,0.01357244,6.7549,6.7549,6.7549,8.4436,8.4436,162.1171,0.01357244,37.1518,34.0321,131.7202,134.8399,0.01102761,0.01128879,0.00056552,22.7950,21.9955,0.3518,12.0623,0.6809,853.1846,34.2857,23.0238,8.0361,5.137,10.2741,25.6852,52.7183,87.2639,175.0453,5.1636,0.0,8.493614,17.037596,2.218695,29,105,17,8,0.99461774,0.01413796,0.01094599,0E-8,0.000000,0.883903,0.000000,0.59305401,2026-06-16,2026-08-06,14,248,169,52,0.269231,2.865048,1.010038,3.315392,,,,,,,,GLOBAL_BASELINE_NO_ENTITY_RANKING,,,NOT_APPLICABLE_GLOBAL_BASELINE,HF9g-P5,,,,X 全窗基线 · 不参与实体赏罚,6879537,688,A168_HF9F_20260827_0900,2026-08-27 09:00:00
2026-08-06,151615992,2267,0,23.1166362726,-7.7055454242,-7.7055454242,0.2500000,5,5,0.41619800000000000,0.416198000000,-0.6743308135510165,-0.6743308135510167,-0.6743308135510165,0E-17,ELIGIBLE,R03b_20260811_FULL_v1,L1_ELIGIBILITY,v2026-08-11,2026-03-21..2026-08-06,baccarat_bet02_101_all_pairs_incl_sentinel,round_win = game_pnl > 0 (decisive only),COMPATIBILITY_ONLY_NOT_PRODUCTION,11944.5842,10557.8505,168.8720,524,480,-0.01413796,-0.01094599,-0.60400000,-0.01413796,-168.8720,11944.5842,OK,0.0000,6.7549,4.0000,96.0000,AG03-UNRESOLVED,ALL5_LEVELS_bet23_to_bet27,6.7549,6.7549,6.7549,8.4436,8.4436,4.000000,4.000000,4.000000,5.000000,5.000000,96.000000,96.000000,96.000000,95.000000,95.000000,5.0,37.1518,34.0321,131.7202,134.8399,PENDING_AG03,FALSE,NOT_FOR_ENFORCEMENT,162.1171,10135.5364,168.8720,162.1171,6.7549,0.01413796,0.01357244,6.7549,162.1171,0.01357244,6.7549,6.7549,6.7549,8.4436,8.4436,162.1171,0.01357244,37.1518,34.0321,131.7202,134.8399,0.01102761,0.01128879,0.00056552,22.7950,21.9955,0.3518,12.0623,0.6809,853.1846,34.2857,23.0238,8.0361,5.137,10.2741,25.6852,52.7183,87.2639,175.0453,5.1636,0.0,8.493614,17.037596,2.218695,29,105,17,8,0.99461774,0.01413796,0.01094599,0E-8,0.000000,0.883903,0.000000,0.59305401,2026-06-16,2026-08-06,14,248,169,52,0.269231,2.865048,1.010038,3.315392,,,,,,,,GLOBAL_BASELINE_NO_ENTITY_RANKING,,,NOT_APPLICABLE_GLOBAL_BASELINE,HF9g-P5,,,,X 全窗基线 · 不参与实体赏罚,6879538,688,A168_HF9F_20260827_0900,2026-08-27 09:00:00
2026-08-06,151615992,2278,0,103.2543086842,-103.2543086842,-103.2543086842,0E-7,2,2,0.49994810000000000,0.499948100000,-1.4140667746232096,-1.4140667746232096,-1.4140667746232096,0E-17,ELIGIBLE,R03b_20260811_FULL_v1,L1_ELIGIBILITY,v2026-08-11,2026-03-21..2026-08-06,baccarat_bet02_101_all_pairs_incl_sentinel,round_win = game_pnl > 0 (decisive only),COMPATIBILITY_ONLY_NOT_PRODUCTION,11944.5842,10557.8505,168.8720,524,480,-0.01413796,-0.01094599,-0.60400000,-0.01413796,-168.8720,11944.5842,OK,0.0000,6.7549,4.0000,96.0000,AG03-UNRESOLVED,ALL5_LEVELS_bet23_to_bet27,6.7549,6.7549,6.7549,8.4436,8.4436,4.000000,4.000000,4.000000,5.000000,5.000000,96.000000,96.000000,96.000000,95.000000,95.000000,5.0,37.1518,34.0321,131.7202,134.8399,PENDING_AG03,FALSE,NOT_FOR_ENFORCEMENT,162.1171,10135.5364,168.8720,162.1171,6.7549,0.01413796,0.01357244,6.7549,162.1171,0.01357244,6.7549,6.7549,6.7549,8.4436,8.4436,162.1171,0.01357244,37.1518,34.0321,131.7202,134.8399,0.01102761,0.01128879,0.00056552,22.7950,21.9955,0.3518,12.0623,0.6809,853.1846,34.2857,23.0238,8.0361,5.137,10.2741,25.6852,52.7183,87.2639,175.0453,5.1636,0.0,8.493614,17.037596,2.218695,29,105,17,8,0.99461774,0.01413796,0.01094599,0E-8,0.000000,0.883903,0.000000,0.59305401,2026-06-16,2026-08-06,14,248,169,52,0.269231,2.865048,1.010038,3.315392,,,,,,,,GLOBAL_BASELINE_NO_ENTITY_RANKING,,,NOT_APPLICABLE_GLOBAL_BASELINE,HF9g-P5,,,,X 全窗基线 · 不参与实体赏罚,6879539,688,A168_HF9F_20260827_0900,2026-08-27 09:00:00
2026-08-06,151615992,471,0,12.8425757070,-12.8425757070,-12.8425757070,0E-7,1,1,0.50665070000000000,0.506650700000,-1.013391052207602,-1.013391052207602,-1.013391052207602,0E-17,ELIGIBLE,R03b_20260811_FULL_v1,L1_ELIGIBILITY,v2026-08-11,2026-03-21..2026-08-06,baccarat_bet02_101_all_pairs_incl_sentinel,round_win = game_pnl > 0 (decisive only),COMPATIBILITY_ONLY_NOT_PRODUCTION,11944.5842,10557.8505,168.8720,524,480,-0.01413796,-0.01094599,-0.60400000,-0.01413796,-168.8720,11944.5842,OK,0.0000,6.7549,4.0000,96.0000,AG03-UNRESOLVED,ALL5_LEVELS_bet23_to_bet27,6.7549,6.7549,6.7549,8.4436,8.4436,4.000000,4.000000,4.000000,5.000000,5.000000,96.000000,96.000000,96.000000,95.000000,95.000000,5.0,37.1518,34.0321,131.7202,134.8399,PENDING_AG03,FALSE,NOT_FOR_ENFORCEMENT,162.1171,10135.5364,168.8720,162.1171,6.7549,0.01413796,0.01357244,6.7549,162.1171,0.01357244,6.7549,6.7549,6.7549,8.4436,8.4436,162.1171,0.01357244,37.1518,34.0321,131.7202,134.8399,0.01102761,0.01128879,0.00056552,22.7950,21.9955,0.3518,12.0623,0.6809,853.1846,34.2857,23.0238,8.0361,5.137,10.2741,25.6852,52.7183,87.2639,175.0453,5.1636,0.0,8.493614,17.037596,2.218695,29,105,17,8,0.99461774,0.01413796,0.01094599,0E-8,0.000000,0.883903,0.000000,0.59305401,2026-06-16,2026-08-06,14,248,169,52,0.269231,2.865048,1.010038,3.315392,,,,,,,,GLOBAL_BASELINE_NO_ENTITY_RANKING,,,NOT_APPLICABLE_GLOBAL_BASELINE,HF9g-P5,,,,X 全窗基线 · 不参与实体赏罚,6879540,688,A168_HF9F_20260827_0900,2026-08-27 09:00:00
2026-08-06,151615992,772,0,64.4697300491,61.2462435466,61.2462435466,1.0000000,1,1,0.50665070000000000,0.506650700000,0.9867858985152569,0.9867858985152569,0.9867858985152569,0E-17,ELIGIBLE,R03b_20260811_FULL_v1,L1_ELIGIBILITY,v2026-08-11,2026-03-21..2026-08-06,baccarat_bet02_101_all_pairs_incl_sentinel,round_win = game_pnl > 0 (decisive only),COMPATIBILITY_ONLY_NOT_PRODUCTION,11944.5842,10557.8505,168.8720,524,480,-0.01413796,-0.01094599,-0.60400000,-0.01413796,-168.8720,11944.5842,OK,0.0000,6.7549,4.0000,96.0000,AG03-UNRESOLVED,ALL5_LEVELS_bet23_to_bet27,6.7549,6.7549,6.7549,8.4436,8.4436,4.000000,4.000000,4.000000,5.000000,5.000000,96.000000,96.000000,96.000000,95.000000,95.000000,5.0,37.1518,34.0321,131.7202,134.8399,PENDING_AG03,FALSE,NOT_FOR_ENFORCEMENT,162.1171,10135.5364,168.8720,162.1171,6.7549,0.01413796,0.01357244,6.7549,162.1171,0.01357244,6.7549,6.7549,6.7549,8.4436,8.4436,162.1171,0.01357244,37.1518,34.0321,131.7202,134.8399,0.01102761,0.01128879,0.00056552,22.7950,21.9955,0.3518,12.0623,0.6809,853.1846,34.2857,23.0238,8.0361,5.137,10.2741,25.6852,52.7183,87.2639,175.0453,5.1636,0.0,8.493614,17.037596,2.218695,29,105,17,8,0.99461774,0.01413796,0.01094599,0E-8,0.000000,0.883903,0.000000,0.59305401,2026-06-16,2026-08-06,14,248,169,52,0.269231,2.865048,1.010038,3.315392,,,,,,,,GLOBAL_BASELINE_NO_ENTITY_RANKING,,,NOT_APPLICABLE_GLOBAL_BASELINE,HF9g-P5,,,,X 全窗基线 · 不参与实体赏罚,6879541,688,A168_HF9F_20260827_0900,2026-08-27 09:00:00
2026-06-11,151312892,2251,0,207.7145171678,-207.7145171678,-207.7145171678,0E-7,6,3,0.28477706666657578,0.209262183333,-1.0929301777079319,-0.8910247115261359,-1.0929301777079319,0.07551488333357578,ELIGIBLE,R03b_20260811_FULL_v1,L1_ELIGIBILITY,v2026-08-11,2026-03-21..2026-08-06,baccarat_bet02_101_all_pairs_incl_sentinel,round_win = game_pnl > 0 (decisive only),COMPATIBILITY_ONLY_NOT_PRODUCTION,452.9829,452.9829,168.8804,13,9,-0.37281841,0.15833333,-1.00000000,-0.37281841,-168.8804,452.9829,THIN_EXPOSURE,0.0000,6.7552,4.0000,96.0000,AG03-UNRESOLVED,ALL5_LEVELS_bet23_to_bet27,6.7552,6.7552,6.7552,6.7552,6.7552,4.000000,4.000000,4.000000,4.000000,4.000000,96.000000,96.000000,96.000000,96.000000,96.000000,5.0,33.7761,31.1799,135.1043,137.7004,PENDING_AG03,FALSE,NOT_FOR_ENFORCEMENT,162.1251,434.8636,168.8804,162.1251,6.7552,0.37281841,0.35790568,6.7552,162.1251,0.35790568,6.7552,6.7552,6.7552,6.7552,6.7552,162.1251,0.35790568,33.7761,31.1799,135.1043,137.7004,0.29825473,0.30398596,0.01491274,34.8448,50.3314,18.7645,84.4402,84.4402,226.4914,4.5000,35.0383,34.6191,20.6883,20.7715,46.2371,66.2027,78.8398,81.7561,20.7715,-20.7715,3.795587,3.935985,1.677535,2,2,2,4,0.54145173,0.37281841,-0.15833333,0E-8,0.000000,1.000000,0.000000,1.15833333,2026-06-11,2026-07-26,2,2,2,46,0.043478,1.012110,1.005553,1.804839,,,,,,,,GLOBAL_BASELINE_NO_ENTITY_RANKING,,,NOT_APPLICABLE_GLOBAL_BASELINE,HF9g-P5,,,,X 全窗基线 · 不参与实体赏罚,6879542,688,A168_HF9F_20260827_0900,2026-08-27 09:00:00
2026-07-26,151312892,1304,0,245.2683644688,38.8341577076,38.8341577076,0.5000000,7,6,0.42676872500000000,0.426768725000,0.36266946318201504,0.36266946318201504,0.36266946318201504,0E-17,ELIGIBLE,R03b_20260811_FULL_v1,L1_ELIGIBILITY,v2026-08-11,2026-03-21..2026-08-06,baccarat_bet02_101_all_pairs_incl_sentinel,round_win = game_pnl > 0 (decisive only),COMPATIBILITY_ONLY_NOT_PRODUCTION,452.9829,452.9829,168.8804,13,9,-0.37281841,0.15833333,-1.00000000,-0.37281841,-168.8804,452.9829,THIN_EXPOSURE,0.0000,6.7552,4.0000,96.0000,AG03-UNRESOLVED,ALL5_LEVELS_bet23_to_bet27,6.7552,6.7552,6.7552,6.7552,6.7552,4.000000,4.000000,4.000000,4.000000,4.000000,96.000000,96.000000,96.000000,96.000000,96.000000,5.0,33.7761,31.1799,135.1043,137.7004,PENDING_AG03,FALSE,NOT_FOR_ENFORCEMENT,162.1251,434.8636,168.8804,162.1251,6.7552,0.37281841,0.35790568,6.7552,162.1251,0.35790568,6.7552,6.7552,6.7552,6.7552,6.7552,162.1251,0.35790568,33.7761,31.1799,135.1043,137.7004,0.29825473,0.30398596,0.01491274,34.8448,50.3314,18.7645,84.4402,84.4402,226.4914,4.5000,35.0383,34.6191,20.6883,20.7715,46.2371,66.2027,78.8398,81.7561,20.7715,-20.7715,3.795587,3.935985,1.677535,2,2,2,4,0.54145173,0.37281841,-0.15833333,0E-8,0.000000,1.000000,0.000000,1.15833333,2026-06-11,2026-07-26,2,2,2,46,0.043478,1.012110,1.005553,1.804839,,,,,,,,GLOBAL_BASELINE_NO_ENTITY_RANKING,,,NOT_APPLICABLE_GLOBAL_BASELINE,HF9g-P5,,,,X 全窗基线 · 不参与实体赏罚,6879543,688,A168_HF9F_20260827_0900,2026-08-27 09:00:00
2026-04-10,144749256,-1,1,168.8697742078,-45.1268104484,-45.1268104484,0.3333333,3,3,0.49771390000000000,0.497713900000,-0.5694369385616226,-0.5694369385616226,-0.5694369385616226,0E-17,SENTINEL_DEALER,R03b_20260811_FULL_v1,L1_ELIGIBILITY,v2026-08-11,2026-03-21..2026-08-06,baccarat_bet02_101_all_pairs_incl_sentinel,round_win = game_pnl > 0 (decisive only),COMPATIBILITY_ONLY_NOT_PRODUCTION,292.6233,292.6233,168.8803,5,5,-0.57712536,,-0.57712536,-0.57712536,-168.8803,292.6233,THIN_EXPOSURE,0.0000,6.7552,4.0000,96.0000,AG03-UNRESOLVED,ALL5_LEVELS_bet23_to_bet27,6.7552,6.7552,6.7552,6.7552,6.7552,4.000000,4.000000,4.000000,4.000000,4.000000,96.000000,96.000000,96.000000,96.000000,96.000000,5.0,33.7761,31.1799,135.1043,137.7004,PENDING_AG03,FALSE,NOT_FOR_ENFORCEMENT,162.1251,280.9183,168.8803,162.1251,6.7552,0.57712536,0.55404035,6.7552,162.1251,0.55404035,6.7552,6.7552,6.7552,6.7552,6.7552,162.1251,0.55404035,33.7761,31.1799,135.1043,137.7004,0.46170029,0.47057226,0.02308501,58.5247,58.5247,33.7761,168.8803,56.2934,292.6233,5.0000,,58.5247,55.921,63.2471,63.2998,63.4579,63.4579,63.4579,63.2471,-60.5064,1.003333,1.003333,0.925333,3,2,1,2,0E-8,0.57712536,,0E-8,0.000000,1.000000,0.000000,,2026-04-10,2026-04-10,1,3,3,1,1.000000,,,0.000000,,,,,,,,GLOBAL_BASELINE_NO_ENTITY_RANKING,,,NOT_APPLICABLE_GLOBAL_BASELINE,HF9g-P5,,,,X 全窗基线 · 不参与实体赏罚,6879544,688,A168_HF9F_20260827_0900,2026-08-27 09:00:00
2026-04-10,144749256,1509,0,123.7535049438,-123.7535049438,-123.7535049438,0E-7,2,2,0.49324550000000000,0.493245500000,-1.3952362676504506,-1.3952362676504506,-1.3952362676504506,0E-17,ELIGIBLE,R03b_20260811_FULL_v1,L1_ELIGIBILITY,v2026-08-11,2026-03-21..2026-08-06,baccarat_bet02_101_all_pairs_incl_sentinel,round_win = game_pnl > 0 (decisive only),COMPATIBILITY_ONLY_NOT_PRODUCTION,292.6233,292.6233,168.8803,5,5,-0.57712536,,-0.57712536,-0.57712536,-168.8803,292.6233,THIN_EXPOSURE,0.0000,6.7552,4.0000,96.0000,AG03-UNRESOLVED,ALL5_LEVELS_bet23_to_bet27,6.7552,6.7552,6.7552,6.7552,6.7552,4.000000,4.000000,4.000000,4.000000,4.000000,96.000000,96.000000,96.000000,96.000000,96.000000,5.0,33.7761,31.1799,135.1043,137.7004,PENDING_AG03,FALSE,NOT_FOR_ENFORCEMENT,162.1251,280.9183,168.8803,162.1251,6.7552,0.57712536,0.55404035,6.7552,162.1251,0.55404035,6.7552,6.7552,6.7552,6.7552,6.7552,162.1251,0.55404035,33.7761,31.1799,135.1043,137.7004,0.46170029,0.47057226,0.02308501,58.5247,58.5247,33.7761,168.8803,56.2934,292.6233,5.0000,,58.5247,55.921,63.2471,63.2998,63.4579,63.4579,63.4579,63.2471,-60.5064,1.003333,1.003333,0.925333,3,2,1,2,0E-8,0.57712536,,0E-8,0.000000,1.000000,0.000000,,2026-04-10,2026-04-10,1,3,3,1,1.000000,,,0.000000,,,,,,,,GLOBAL_BASELINE_NO_ENTITY_RANKING,,,NOT_APPLICABLE_GLOBAL_BASELINE,HF9g-P5,,,,X 全窗基线 · 不参与实体赏罚,6879545,688,A168_HF9F_20260827_0900,2026-08-27 09:00:00
2026-03-24,70312812,2246,0,2.6331727098,2.6331727098,2.6331727098,1.0000000,1,1,0.49324550000000000,0.493245500000,1.01360149184955,1.01360149184955,1.01360149184955,0E-17,ELIGIBLE,R03b_20260811_FULL_v1,L1_ELIGIBILITY,v2026-08-11,2026-03-21..2026-08-06,baccarat_bet02_101_all_pairs_incl_sentinel,round_win = game_pnl > 0 (decisive only),COMPATIBILITY_ONLY_NOT_PRODUCTION,1062.7591,876.2754,168.8857,66,66,-0.15891251,0.27272727,-0.17076369,-0.15891251,-168.8857,1062.7591,OK,0.0000,6.7554,4.0000,96.0000,AG03-UNRESOLVED,ALL5_LEVELS_bet23_to_bet27,6.7554,6.7554,6.7554,6.7554,6.7554,4.000000,4.000000,4.000000,4.000000,4.000000,96.000000,96.000000,96.000000,96.000000,96.000000,5.0,33.7771,31.1809,135.1086,137.7048,PENDING_AG03,FALSE,NOT_FOR_ENFORCEMENT,162.1303,841.2244,168.8857,162.1303,6.7554,0.15891251,0.15255601,6.7554,162.1303,0.15255601,6.7554,6.7554,6.7554,6.7554,6.7554,162.1303,0.15255601,33.7771,31.1809,135.1086,137.7048,0.12713001,0.12957292,0.00635650,16.1024,13.2769,2.5589,42.2214,15.3532,265.6898,16.5000,9.4665,16.4184,2.5716,2.6176,14.1435,38.059,107.9024,128.5777,2.5997,0.0,41.221951,49.120527,6.151604,9,12,5,2,0.02672248,0.15891251,-0.27272727,0E-8,0.000000,0.824529,0.090909,0.44349096,2026-03-24,2026-07-08,4,11,10,107,0.037383,0.576580,0.587895,0.089075,,,,,,,,GLOBAL_BASELINE_NO_ENTITY_RANKING,,,NOT_APPLICABLE_GLOBAL_BASELINE,HF9g-P5,,,,X 全窗基线 · 不参与实体赏罚,6879546,688,A168_HF9F_20260827_0900,2026-08-27 09:00:00
2026-04-14,70312812,2115,0,15.7055728608,13.0879773840,13.0879773840,1.0000000,6,6,0.50441650000000000,0.504416500000,2.2164032547254804,2.2164032547254804,2.2164032547254804,0E-17,ELIGIBLE,R03b_20260811_FULL_v1,L1_ELIGIBILITY,v2026-08-11,2026-03-21..2026-08-06,baccarat_bet02_101_all_pairs_incl_sentinel,round_win = game_pnl > 0 (decisive only),COMPATIBILITY_ONLY_NOT_PRODUCTION,1062.7591,876.2754,168.8857,66,66,-0.15891251,0.27272727,-0.17076369,-0.15891251,-168.8857,1062.7591,OK,0.0000,6.7554,4.0000,96.0000,AG03-UNRESOLVED,ALL5_LEVELS_bet23_to_bet27,6.7554,6.7554,6.7554,6.7554,6.7554,4.000000,4.000000,4.000000,4.000000,4.000000,96.000000,96.000000,96.000000,96.000000,96.000000,5.0,33.7771,31.1809,135.1086,137.7048,PENDING_AG03,FALSE,NOT_FOR_ENFORCEMENT,162.1303,841.2244,168.8857,162.1303,6.7554,0.15891251,0.15255601,6.7554,162.1303,0.15255601,6.7554,6.7554,6.7554,6.7554,6.7554,162.1303,0.15255601,33.7771,31.1809,135.1086,137.7048,0.12713001,0.12957292,0.00635650,16.1024,13.2769,2.5589,42.2214,15.3532,265.6898,16.5000,9.4665,16.4184,2.5716,2.6176,14.1435,38.059,107.9024,128.5777,2.5997,0.0,41.221951,49.120527,6.151604,9,12,5,2,0.02672248,0.15891251,-0.27272727,0E-8,0.000000,0.824529,0.090909,0.44349096,2026-03-24,2026-07-08,4,11,10,107,0.037383,0.576580,0.587895,0.089075,,,,,,,,GLOBAL_BASELINE_NO_ENTITY_RANKING,,,NOT_APPLICABLE_GLOBAL_BASELINE,HF9g-P5,,,,X 全窗基线 · 不参与实体赏罚,6879547,688,A168_HF9F_20260827_0900,2026-08-27 09:00:00
2026-06-08,70312812,-1,1,10.2862139019,5.1431069509,5.1431069509,0.5000000,2,2,0.49324550000000000,0.493245500000,0.01910635448239258,0.01910635448239258,0.01910635448239258,0E-17,SENTINEL_DEALER,R03b_20260811_FULL_v1,L1_ELIGIBILITY,v2026-08-11,2026-03-21..2026-08-06,baccarat_bet02_101_all_pairs_incl_sentinel,round_win = game_pnl > 0 (decisive only),COMPATIBILITY_ONLY_NOT_PRODUCTION,1062.7591,876.2754,168.8857,66,66,-0.15891251,0.27272727,-0.17076369,-0.15891251,-168.8857,1062.7591,OK,0.0000,6.7554,4.0000,96.0000,AG03-UNRESOLVED,ALL5_LEVELS_bet23_to_bet27,6.7554,6.7554,6.7554,6.7554,6.7554,4.000000,4.000000,4.000000,4.000000,4.000000,96.000000,96.000000,96.000000,96.000000,96.000000,5.0,33.7771,31.1809,135.1086,137.7048,PENDING_AG03,FALSE,NOT_FOR_ENFORCEMENT,162.1303,841.2244,168.8857,162.1303,6.7554,0.15891251,0.15255601,6.7554,162.1303,0.15255601,6.7554,6.7554,6.7554,6.7554,6.7554,162.1303,0.15255601,33.7771,31.1809,135.1086,137.7048,0.12713001,0.12957292,0.00635650,16.1024,13.2769,2.5589,42.2214,15.3532,265.6898,16.5000,9.4665,16.4184,2.5716,2.6176,14.1435,38.059,107.9024,128.5777,2.5997,0.0,41.221951,49.120527,6.151604,9,12,5,2,0.02672248,0.15891251,-0.27272727,0E-8,0.000000,0.824529,0.090909,0.44349096,2026-03-24,2026-07-08,4,11,10,107,0.037383,0.576580,0.587895,0.089075,,,,,,,,GLOBAL_BASELINE_NO_ENTITY_RANKING,,,NOT_APPLICABLE_GLOBAL_BASELINE,HF9g-P5,,,,X 全窗基线 · 不参与实体赏罚,6879548,688,A168_HF9F_20260827_0900,2026-08-27 09:00:00
2026-06-08,70312812,1004,0,91.2901483789,29.5728649678,29.5728649678,0.5333333,16,16,0.49324550000000000,0.493245500000,0.310547359436203,0.310547359436203,0.310547359436203,0E-17,ELIGIBLE,R03b_20260811_FULL_v1,L1_ELIGIBILITY,v2026-08-11,2026-03-21..2026-08-06,baccarat_bet02_101_all_pairs_incl_sentinel,round_win = game_pnl > 0 (decisive only),COMPATIBILITY_ONLY_NOT_PRODUCTION,1062.7591,876.2754,168.8857,66,66,-0.15891251,0.27272727,-0.17076369,-0.15891251,-168.8857,1062.7591,OK,0.0000,6.7554,4.0000,96.0000,AG03-UNRESOLVED,ALL5_LEVELS_bet23_to_bet27,6.7554,6.7554,6.7554,6.7554,6.7554,4.000000,4.000000,4.000000,4.000000,4.000000,96.000000,96.000000,96.000000,96.000000,96.000000,5.0,33.7771,31.1809,135.1086,137.7048,PENDING_AG03,FALSE,NOT_FOR_ENFORCEMENT,162.1303,841.2244,168.8857,162.1303,6.7554,0.15891251,0.15255601,6.7554,162.1303,0.15255601,6.7554,6.7554,6.7554,6.7554,6.7554,162.1303,0.15255601,33.7771,31.1809,135.1086,137.7048,0.12713001,0.12957292,0.00635650,16.1024,13.2769,2.5589,42.2214,15.3532,265.6898,16.5000,9.4665,16.4184,2.5716,2.6176,14.1435,38.059,107.9024,128.5777,2.5997,0.0,41.221951,49.120527,6.151604,9,12,5,2,0.02672248,0.15891251,-0.27272727,0E-8,0.000000,0.824529,0.090909,0.44349096,2026-03-24,2026-07-08,4,11,10,107,0.037383,0.576580,0.587895,0.089075,,,,,,,,GLOBAL_BASELINE_NO_ENTITY_RANKING,,,NOT_APPLICABLE_GLOBAL_BASELINE,HF9g-P5,,,,X 全窗基线 · 不参与实体赏罚,6879549,688,A168_HF9F_20260827_0900,2026-08-27 09:00:00
2026-06-08,70312812,1157,0,378.2755162393,-90.7758376835,-90.7758376835,0.5000000,4,4,0.49324550000000000,0.493245500000,0.027020465636507562,0.027020465636507562,0.027020465636507562,0E-17,ELIGIBLE,R03b_20260811_FULL_v1,L1_ELIGIBILITY,v2026-08-11,2026-03-21..2026-08-06,baccarat_bet02_101_all_pairs_incl_sentinel,round_win = game_pnl > 0 (decisive only),COMPATIBILITY_ONLY_NOT_PRODUCTION,1062.7591,876.2754,168.8857,66,66,-0.15891251,0.27272727,-0.17076369,-0.15891251,-168.8857,1062.7591,OK,0.0000,6.7554,4.0000,96.0000,AG03-UNRESOLVED,ALL5_LEVELS_bet23_to_bet27,6.7554,6.7554,6.7554,6.7554,6.7554,4.000000,4.000000,4.000000,4.000000,4.000000,96.000000,96.000000,96.000000,96.000000,96.000000,5.0,33.7771,31.1809,135.1086,137.7048,PENDING_AG03,FALSE,NOT_FOR_ENFORCEMENT,162.1303,841.2244,168.8857,162.1303,6.7554,0.15891251,0.15255601,6.7554,162.1303,0.15255601,6.7554,6.7554,6.7554,6.7554,6.7554,162.1303,0.15255601,33.7771,31.1809,135.1086,137.7048,0.12713001,0.12957292,0.00635650,16.1024,13.2769,2.5589,42.2214,15.3532,265.6898,16.5000,9.4665,16.4184,2.5716,2.6176,14.1435,38.059,107.9024,128.5777,2.5997,0.0,41.221951,49.120527,6.151604,9,12,5,2,0.02672248,0.15891251,-0.27272727,0E-8,0.000000,0.824529,0.090909,0.44349096,2026-03-24,2026-07-08,4,11,10,107,0.037383,0.576580,0.587895,0.089075,,,,,,,,GLOBAL_BASELINE_NO_ENTITY_RANKING,,,NOT_APPLICABLE_GLOBAL_BASELINE,HF9g-P5,,,,X 全窗基线 · 不参与实体赏罚,6879550,688,A168_HF9F_20260827_0900,2026-08-27 09:00:00
2026-06-08,70312812,1353,0,72.0034973129,15.4293208527,15.4293208527,0.5000000,6,6,0.49324550000000000,0.493245500000,0.03309317671092531,0.03309317671092531,0.03309317671092531,0E-17,ELIGIBLE,R03b_20260811_FULL_v1,L1_ELIGIBILITY,v2026-08-11,2026-03-21..2026-08-06,baccarat_bet02_101_all_pairs_incl_sentinel,round_win = game_pnl > 0 (decisive only),COMPATIBILITY_ONLY_NOT_PRODUCTION,1062.7591,876.2754,168.8857,66,66,-0.15891251,0.27272727,-0.17076369,-0.15891251,-168.8857,1062.7591,OK,0.0000,6.7554,4.0000,96.0000,AG03-UNRESOLVED,ALL5_LEVELS_bet23_to_bet27,6.7554,6.7554,6.7554,6.7554,6.7554,4.000000,4.000000,4.000000,4.000000,4.000000,96.000000,96.000000,96.000000,96.000000,96.000000,5.0,33.7771,31.1809,135.1086,137.7048,PENDING_AG03,FALSE,NOT_FOR_ENFORCEMENT,162.1303,841.2244,168.8857,162.1303,6.7554,0.15891251,0.15255601,6.7554,162.1303,0.15255601,6.7554,6.7554,6.7554,6.7554,6.7554,162.1303,0.15255601,33.7771,31.1809,135.1086,137.7048,0.12713001,0.12957292,0.00635650,16.1024,13.2769,2.5589,42.2214,15.3532,265.6898,16.5000,9.4665,16.4184,2.5716,2.6176,14.1435,38.059,107.9024,128.5777,2.5997,0.0,41.221951,49.120527,6.151604,9,12,5,2,0.02672248,0.15891251,-0.27272727,0E-8,0.000000,0.824529,0.090909,0.44349096,2026-03-24,2026-07-08,4,11,10,107,0.037383,0.576580,0.587895,0.089075,,,,,,,,GLOBAL_BASELINE_NO_ENTITY_RANKING,,,NOT_APPLICABLE_GLOBAL_BASELINE,HF9g-P5,,,,X 全窗基线 · 不参与实体赏罚,6879551,688,A168_HF9F_20260827_0900,2026-08-27 09:00:00
2026-06-08,70312812,1714,0,126.0061202976,32.1444184432,32.1444184432,0.6000000,17,17,0.49324550000000000,0.493245500000,0.8269922648916455,0.8269922648916455,0.8269922648916455,0E-17,ELIGIBLE,R03b_20260811_FULL_v1,L1_ELIGIBILITY,v2026-08-11,2026-03-21..2026-08-06,baccarat_bet02_101_all_pairs_incl_sentinel,round_win = game_pnl > 0 (decisive only),COMPATIBILITY_ONLY_NOT_PRODUCTION,1062.7591,876.2754,168.8857,66,66,-0.15891251,0.27272727,-0.17076369,-0.15891251,-168.8857,1062.7591,OK,0.0000,6.7554,4.0000,96.0000,AG03-UNRESOLVED,ALL5_LEVELS_bet23_to_bet27,6.7554,6.7554,6.7554,6.7554,6.7554,4.000000,4.000000,4.000000,4.000000,4.000000,96.000000,96.000000,96.000000,96.000000,96.000000,5.0,33.7771,31.1809,135.1086,137.7048,PENDING_AG03,FALSE,NOT_FOR_ENFORCEMENT,162.1303,841.2244,168.8857,162.1303,6.7554,0.15891251,0.15255601,6.7554,162.1303,0.15255601,6.7554,6.7554,6.7554,6.7554,6.7554,162.1303,0.15255601,33.7771,31.1809,135.1086,137.7048,0.12713001,0.12957292,0.00635650,16.1024,13.2769,2.5589,42.2214,15.3532,265.6898,16.5000,9.4665,16.4184,2.5716,2.6176,14.1435,38.059,107.9024,128.5777,2.5997,0.0,41.221951,49.120527,6.151604,9,12,5,2,0.02672248,0.15891251,-0.27272727,0E-8,0.000000,0.824529,0.090909,0.44349096,2026-03-24,2026-07-08,4,11,10,107,0.037383,0.576580,0.587895,0.089075,,,,,,,,GLOBAL_BASELINE_NO_ENTITY_RANKING,,,NOT_APPLICABLE_GLOBAL_BASELINE,HF9g-P5,,,,X 全窗基线 · 不参与实体赏罚,6879552,688,A168_HF9F_20260827_0900,2026-08-27 09:00:00
2026-06-08,70312812,2155,0,2.5715534755,-2.5715534755,-2.5715534755,0E-7,1,1,0.49324550000000000,0.493245500000,-0.9865810262130424,-0.9865810262130424,-0.9865810262130424,0E-17,ELIGIBLE,R03b_20260811_FULL_v1,L1_ELIGIBILITY,v2026-08-11,2026-03-21..2026-08-06,baccarat_bet02_101_all_pairs_incl_sentinel,round_win = game_pnl > 0 (decisive only),COMPATIBILITY_ONLY_NOT_PRODUCTION,1062.7591,876.2754,168.8857,66,66,-0.15891251,0.27272727,-0.17076369,-0.15891251,-168.8857,1062.7591,OK,0.0000,6.7554,4.0000,96.0000,AG03-UNRESOLVED,ALL5_LEVELS_bet23_to_bet27,6.7554,6.7554,6.7554,6.7554,6.7554,4.000000,4.000000,4.000000,4.000000,4.000000,96.000000,96.000000,96.000000,96.000000,96.000000,5.0,33.7771,31.1809,135.1086,137.7048,PENDING_AG03,FALSE,NOT_FOR_ENFORCEMENT,162.1303,841.2244,168.8857,162.1303,6.7554,0.15891251,0.15255601,6.7554,162.1303,0.15255601,6.7554,6.7554,6.7554,6.7554,6.7554,162.1303,0.15255601,33.7771,31.1809,135.1086,137.7048,0.12713001,0.12957292,0.00635650,16.1024,13.2769,2.5589,42.2214,15.3532,265.6898,16.5000,9.4665,16.4184,2.5716,2.6176,14.1435,38.059,107.9024,128.5777,2.5997,0.0,41.221951,49.120527,6.151604,9,12,5,2,0.02672248,0.15891251,-0.27272727,0E-8,0.000000,0.824529,0.090909,0.44349096,2026-03-24,2026-07-08,4,11,10,107,0.037383,0.576580,0.587895,0.089075,,,,,,,,GLOBAL_BASELINE_NO_ENTITY_RANKING,,,NOT_APPLICABLE_GLOBAL_BASELINE,HF9g-P5,,,,X 全窗基线 · 不参与实体赏罚,6879553,688,A168_HF9F_20260827_0900,2026-08-27 09:00:00
2026-06-08,70312812,2160,0,327.8730681204,-183.8660734949,-183.8660734949,0E-7,7,7,0.49324550000000000,0.493245500000,-1.973162052426085,-1.973162052426085,-1.973162052426085,0E-17,ELIGIBLE,R03b_20260811_FULL_v1,L1_ELIGIBILITY,v2026-08-11,2026-03-21..2026-08-06,baccarat_bet02_101_all_pairs_incl_sentinel,round_win = game_pnl > 0 (decisive only),COMPATIBILITY_ONLY_NOT_PRODUCTION,1062.7591,876.2754,168.8857,66,66,-0.15891251,0.27272727,-0.17076369,-0.15891251,-168.8857,1062.7591,OK,0.0000,6.7554,4.0000,96.0000,AG03-UNRESOLVED,ALL5_LEVELS_bet23_to_bet27,6.7554,6.7554,6.7554,6.7554,6.7554,4.000000,4.000000,4.000000,4.000000,4.000000,96.000000,96.000000,96.000000,96.000000,96.000000,5.0,33.7771,31.1809,135.1086,137.7048,PENDING_AG03,FALSE,NOT_FOR_ENFORCEMENT,162.1303,841.2244,168.8857,162.1303,6.7554,0.15891251,0.15255601,6.7554,162.1303,0.15255601,6.7554,6.7554,6.7554,6.7554,6.7554,162.1303,0.15255601,33.7771,31.1809,135.1086,137.7048,0.12713001,0.12957292,0.00635650,16.1024,13.2769,2.5589,42.2214,15.3532,265.6898,16.5000,9.4665,16.4184,2.5716,2.6176,14.1435,38.059,107.9024,128.5777,2.5997,0.0,41.221951,49.120527,6.151604,9,12,5,2,0.02672248,0.15891251,-0.27272727,0E-8,0.000000,0.824529,0.090909,0.44349096,2026-03-24,2026-07-08,4,11,10,107,0.037383,0.576580,0.587895,0.089075,,,,,,,,GLOBAL_BASELINE_NO_ENTITY_RANKING,,,NOT_APPLICABLE_GLOBAL_BASELINE,HF9g-P5,,,,X 全窗基线 · 不参与实体赏罚,6879554,688,A168_HF9F_20260827_0900,2026-08-27 09:00:00
2026-06-08,70312812,583,0,2.5715534755,0E-10,0E-10,,1,1,0.49324550000000000,0.493245500000,,,,0E-17,NO_DECISIVE_ROUND,R03b_20260811_FULL_v1,L1_ELIGIBILITY,v2026-08-11,2026-03-21..2026-08-06,baccarat_bet02_101_all_pairs_incl_sentinel,round_win = game_pnl > 0 (decisive only),COMPATIBILITY_ONLY_NOT_PRODUCTION,1062.7591,876.2754,168.8857,66,66,-0.15891251,0.27272727,-0.17076369,-0.15891251,-168.8857,1062.7591,OK,0.0000,6.7554,4.0000,96.0000,AG03-UNRESOLVED,ALL5_LEVELS_bet23_to_bet27,6.7554,6.7554,6.7554,6.7554,6.7554,4.000000,4.000000,4.000000,4.000000,4.000000,96.000000,96.000000,96.000000,96.000000,96.000000,5.0,33.7771,31.1809,135.1086,137.7048,PENDING_AG03,FALSE,NOT_FOR_ENFORCEMENT,162.1303,841.2244,168.8857,162.1303,6.7554,0.15891251,0.15255601,6.7554,162.1303,0.15255601,6.7554,6.7554,6.7554,6.7554,6.7554,162.1303,0.15255601,33.7771,31.1809,135.1086,137.7048,0.12713001,0.12957292,0.00635650,16.1024,13.2769,2.5589,42.2214,15.3532,265.6898,16.5000,9.4665,16.4184,2.5716,2.6176,14.1435,38.059,107.9024,128.5777,2.5997,0.0,41.221951,49.120527,6.151604,9,12,5,2,0.02672248,0.15891251,-0.27272727,0E-8,0.000000,0.824529,0.090909,0.44349096,2026-03-24,2026-07-08,4,11,10,107,0.037383,0.576580,0.587895,0.089075,,,,,,,,GLOBAL_BASELINE_NO_ENTITY_RANKING,,,NOT_APPLICABLE_GLOBAL_BASELINE,HF9g-P5,,,,X 全窗基线 · 不参与实体赏罚,6879555,688,A168_HF9F_20260827_0900,2026-08-27 09:00:00
2026-06-08,70312812,595,0,5.1431069510,2.5715534755,2.5715534755,1.0000000,2,2,0.49324550000000000,0.493245500000,1.01360149184955,1.01360149184955,1.01360149184955,0E-17,ELIGIBLE,R03b_20260811_FULL_v1,L1_ELIGIBILITY,v2026-08-11,2026-03-21..2026-08-06,baccarat_bet02_101_all_pairs_incl_sentinel,round_win = game_pnl > 0 (decisive only),COMPATIBILITY_ONLY_NOT_PRODUCTION,1062.7591,876.2754,168.8857,66,66,-0.15891251,0.27272727,-0.17076369,-0.15891251,-168.8857,1062.7591,OK,0.0000,6.7554,4.0000,96.0000,AG03-UNRESOLVED,ALL5_LEVELS_bet23_to_bet27,6.7554,6.7554,6.7554,6.7554,6.7554,4.000000,4.000000,4.000000,4.000000,4.000000,96.000000,96.000000,96.000000,96.000000,96.000000,5.0,33.7771,31.1809,135.1086,137.7048,PENDING_AG03,FALSE,NOT_FOR_ENFORCEMENT,162.1303,841.2244,168.8857,162.1303,6.7554,0.15891251,0.15255601,6.7554,162.1303,0.15255601,6.7554,6.7554,6.7554,6.7554,6.7554,162.1303,0.15255601,33.7771,31.1809,135.1086,137.7048,0.12713001,0.12957292,0.00635650,16.1024,13.2769,2.5589,42.2214,15.3532,265.6898,16.5000,9.4665,16.4184,2.5716,2.6176,14.1435,38.059,107.9024,128.5777,2.5997,0.0,41.221951,49.120527,6.151604,9,12,5,2,0.02672248,0.15891251,-0.27272727,0E-8,0.000000,0.824529,0.090909,0.44349096,2026-03-24,2026-07-08,4,11,10,107,0.037383,0.576580,0.587895,0.089075,,,,,,,,GLOBAL_BASELINE_NO_ENTITY_RANKING,,,NOT_APPLICABLE_GLOBAL_BASELINE,HF9g-P5,,,,X 全窗基线 · 不参与实体赏罚,6879556,688,A168_HF9F_20260827_0900,2026-08-27 09:00:00
2026-07-08,70312812,1401,0,28.3995559342,7.7453334366,7.7453334366,0.3333333,3,3,0.49324550000000000,0.493245500000,-0.5540025479526107,-0.5540025479526106,-0.5540025479526107,0E-17,ELIGIBLE,R03b_20260811_FULL_v1,L1_ELIGIBILITY,v2026-08-11,2026-03-21..2026-08-06,baccarat_bet02_101_all_pairs_incl_sentinel,round_win = game_pnl > 0 (decisive only),COMPATIBILITY_ONLY_NOT_PRODUCTION,1062.7591,876.2754,168.8857,66,66,-0.15891251,0.27272727,-0.17076369,-0.15891251,-168.8857,1062.7591,OK,0.0000,6.7554,4.0000,96.0000,AG03-UNRESOLVED,ALL5_LEVELS_bet23_to_bet27,6.7554,6.7554,6.7554,6.7554,6.7554,4.000000,4.000000,4.000000,4.000000,4.000000,96.000000,96.000000,96.000000,96.000000,96.000000,5.0,33.7771,31.1809,135.1086,137.7048,PENDING_AG03,FALSE,NOT_FOR_ENFORCEMENT,162.1303,841.2244,168.8857,162.1303,6.7554,0.15891251,0.15255601,6.7554,162.1303,0.15255601,6.7554,6.7554,6.7554,6.7554,6.7554,162.1303,0.15255601,33.7771,31.1809,135.1086,137.7048,0.12713001,0.12957292,0.00635650,16.1024,13.2769,2.5589,42.2214,15.3532,265.6898,16.5000,9.4665,16.4184,2.5716,2.6176,14.1435,38.059,107.9024,128.5777,2.5997,0.0,41.221951,49.120527,6.151604,9,12,5,2,0.02672248,0.15891251,-0.27272727,0E-8,0.000000,0.824529,0.090909,0.44349096,2026-03-24,2026-07-08,4,11,10,107,0.037383,0.576580,0.587895,0.089075,,,,,,,,GLOBAL_BASELINE_NO_ENTITY_RANKING,,,NOT_APPLICABLE_GLOBAL_BASELINE,HF9g-P5,,,,X 全窗基线 · 不参与实体赏罚,6879557,688,A168_HF9F_20260827_0900,2026-08-27 09:00:00
2026-05-29,150728882,-1,1,2066.3795819768,-381.2624724293,-381.2624724293,0.4500000,31,26,0.48898006967831802,0.462132655769,-0.34873305205346555,-0.10883033243490593,-0.34873305205346555,0.02684741390931802,SENTINEL_DEALER,R03b_20260811_FULL_v1,L1_ELIGIBILITY,v2026-08-11,2026-03-21..2026-08-06,baccarat_bet02_101_all_pairs_incl_sentinel,round_win = game_pnl > 0 (decisive only),COMPATIBILITY_ONLY_NOT_PRODUCTION,3924.5878,3156.3911,168.8898,74,66,-0.04303377,,-0.04303377,-0.04303377,-168.8898,3924.5878,OK,0.0000,6.7556,4.0000,96.0000,AG03-UNRESOLVED,ALL5_LEVELS_bet23_to_bet27,6.7556,6.7556,6.7556,10.1334,10.1334,4.000000,4.000000,4.000000,6.000000,6.000000,96.000000,96.000000,96.000000,94.000000,94.000000,5.0,40.5336,36.8597,128.3563,132.0301,PENDING_AG03,FALSE,NOT_FOR_ENFORCEMENT,162.1342,3030.1355,168.8898,162.1342,6.7556,0.04303377,0.04131242,6.7556,162.1342,0.04131242,6.7556,6.7556,6.7556,10.1334,10.1334,162.1342,0.04131242,40.5336,36.8597,128.3563,132.0301,0.03270567,0.03364177,0.00172135,53.0350,47.8241,2.5589,168.8898,6.4958,3924.5878,66.0000,,53.0350,21.0062,42.0124,73.5217,95.5782,129.3981,199.9791,42.0124,0.0,3.079999,4.760002,1.262365,22,20,1,3,0E-8,0.04303377,,0E-8,0.000000,0.804261,0.797297,,2026-05-29,2026-05-29,1,26,22,1,1.000000,,,0.000000,,,,,,,,GLOBAL_BASELINE_NO_ENTITY_RANKING,,,NOT_APPLICABLE_GLOBAL_BASELINE,HF9g-P5,,,,X 全窗基线 · 不参与实体赏罚,6879558,688,A168_HF9F_20260827_0900,2026-08-27 09:00:00
2026-05-29,150728882,1304,0,52.5154920702,42.0123936561,42.0123936561,1.0000000,3,3,0.49771390000000000,0.497713900000,1.739988277604938,1.739988277604938,1.739988277604938,0E-17,ELIGIBLE,R03b_20260811_FULL_v1,L1_ELIGIBILITY,v2026-08-11,2026-03-21..2026-08-06,baccarat_bet02_101_all_pairs_incl_sentinel,round_win = game_pnl > 0 (decisive only),COMPATIBILITY_ONLY_NOT_PRODUCTION,3924.5878,3156.3911,168.8898,74,66,-0.04303377,,-0.04303377,-0.04303377,-168.8898,3924.5878,OK,0.0000,6.7556,4.0000,96.0000,AG03-UNRESOLVED,ALL5_LEVELS_bet23_to_bet27,6.7556,6.7556,6.7556,10.1334,10.1334,4.000000,4.000000,4.000000,6.000000,6.000000,96.000000,96.000000,96.000000,94.000000,94.000000,5.0,40.5336,36.8597,128.3563,132.0301,PENDING_AG03,FALSE,NOT_FOR_ENFORCEMENT,162.1342,3030.1355,168.8898,162.1342,6.7556,0.04303377,0.04131242,6.7556,162.1342,0.04131242,6.7556,6.7556,6.7556,10.1334,10.1334,162.1342,0.04131242,40.5336,36.8597,128.3563,132.0301,0.03270567,0.03364177,0.00172135,53.0350,47.8241,2.5589,168.8898,6.4958,3924.5878,66.0000,,53.0350,21.0062,42.0124,73.5217,95.5782,129.3981,199.9791,42.0124,0.0,3.079999,4.760002,1.262365,22,20,1,3,0E-8,0.04303377,,0E-8,0.000000,0.804261,0.797297,,2026-05-29,2026-05-29,1,26,22,1,1.000000,,,0.000000,,,,,,,,GLOBAL_BASELINE_NO_ENTITY_RANKING,,,NOT_APPLICABLE_GLOBAL_BASELINE,HF9g-P5,,,,X 全窗基线 · 不参与实体赏罚,6879559,688,A168_HF9F_20260827_0900,2026-08-27 09:00:00
2026-05-29,150728882,1323,0,63.0185904842,59.8676609600,59.8676609600,1.0000000,1,1,0.50665070000000000,0.506650700000,0.9867858985152569,0.9867858985152569,0.9867858985152569,0E-17,ELIGIBLE,R03b_20260811_FULL_v1,L1_ELIGIBILITY,v2026-08-11,2026-03-21..2026-08-06,baccarat_bet02_101_all_pairs_incl_sentinel,round_win = game_pnl > 0 (decisive only),COMPATIBILITY_ONLY_NOT_PRODUCTION,3924.5878,3156.3911,168.8898,74,66,-0.04303377,,-0.04303377,-0.04303377,-168.8898,3924.5878,OK,0.0000,6.7556,4.0000,96.0000,AG03-UNRESOLVED,ALL5_LEVELS_bet23_to_bet27,6.7556,6.7556,6.7556,10.1334,10.1334,4.000000,4.000000,4.000000,6.000000,6.000000,96.000000,96.000000,96.000000,94.000000,94.000000,5.0,40.5336,36.8597,128.3563,132.0301,PENDING_AG03,FALSE,NOT_FOR_ENFORCEMENT,162.1342,3030.1355,168.8898,162.1342,6.7556,0.04303377,0.04131242,6.7556,162.1342,0.04131242,6.7556,6.7556,6.7556,10.1334,10.1334,162.1342,0.04131242,40.5336,36.8597,128.3563,132.0301,0.03270567,0.03364177,0.00172135,53.0350,47.8241,2.5589,168.8898,6.4958,3924.5878,66.0000,,53.0350,21.0062,42.0124,73.5217,95.5782,129.3981,199.9791,42.0124,0.0,3.079999,4.760002,1.262365,22,20,1,3,0E-8,0.04303377,,0E-8,0.000000,0.804261,0.797297,,2026-05-29,2026-05-29,1,26,22,1,1.000000,,,0.000000,,,,,,,,GLOBAL_BASELINE_NO_ENTITY_RANKING,,,NOT_APPLICABLE_GLOBAL_BASELINE,HF9g-P5,,,,X 全窗基线 · 不参与实体赏罚,6879560,688,A168_HF9F_20260827_0900,2026-08-27 09:00:00
2026-05-29,150728882,1330,0,60.9179708014,44.1130133390,44.1130133390,1.0000000,2,1,0.43826030000018052,0.293924150000,1.1321435408610219,1.549915577879723,1.1321435408610219,0.14433615000018052,ELIGIBLE,R03b_20260811_FULL_v1,L1_ELIGIBILITY,v2026-08-11,2026-03-21..2026-08-06,baccarat_bet02_101_all_pairs_incl_sentinel,round_win = game_pnl > 0 (decisive only),COMPATIBILITY_ONLY_NOT_PRODUCTION,3924.5878,3156.3911,168.8898,74,66,-0.04303377,,-0.04303377,-0.04303377,-168.8898,3924.5878,OK,0.0000,6.7556,4.0000,96.0000,AG03-UNRESOLVED,ALL5_LEVELS_bet23_to_bet27,6.7556,6.7556,6.7556,10.1334,10.1334,4.000000,4.000000,4.000000,6.000000,6.000000,96.000000,96.000000,96.000000,94.000000,94.000000,5.0,40.5336,36.8597,128.3563,132.0301,PENDING_AG03,FALSE,NOT_FOR_ENFORCEMENT,162.1342,3030.1355,168.8898,162.1342,6.7556,0.04303377,0.04131242,6.7556,162.1342,0.04131242,6.7556,6.7556,6.7556,10.1334,10.1334,162.1342,0.04131242,40.5336,36.8597,128.3563,132.0301,0.03270567,0.03364177,0.00172135,53.0350,47.8241,2.5589,168.8898,6.4958,3924.5878,66.0000,,53.0350,21.0062,42.0124,73.5217,95.5782,129.3981,199.9791,42.0124,0.0,3.079999,4.760002,1.262365,22,20,1,3,0E-8,0.04303377,,0E-8,0.000000,0.804261,0.797297,,2026-05-29,2026-05-29,1,26,22,1,1.000000,,,0.000000,,,,,,,,GLOBAL_BASELINE_NO_ENTITY_RANKING,,,NOT_APPLICABLE_GLOBAL_BASELINE,HF9g-P5,,,,X 全窗基线 · 不参与实体赏罚,6879561,688,A168_HF9F_20260827_0900,2026-08-27 09:00:00
2026-05-29,150728882,1331,0,115.5340825543,31.5092952421,31.5092952421,0.5000000,2,2,0.50665070000000000,0.506650700000,-0.018812684590367487,-0.018812684590367487,-0.018812684590367487,0E-17,ELIGIBLE,R03b_20260811_FULL_v1,L1_ELIGIBILITY,v2026-08-11,2026-03-21..2026-08-06,baccarat_bet02_101_all_pairs_incl_sentinel,round_win = game_pnl > 0 (decisive only),COMPATIBILITY_ONLY_NOT_PRODUCTION,3924.5878,3156.3911,168.8898,74,66,-0.04303377,,-0.04303377,-0.04303377,-168.8898,3924.5878,OK,0.0000,6.7556,4.0000,96.0000,AG03-UNRESOLVED,ALL5_LEVELS_bet23_to_bet27,6.7556,6.7556,6.7556,10.1334,10.1334,4.000000,4.000000,4.000000,6.000000,6.000000,96.000000,96.000000,96.000000,94.000000,94.000000,5.0,40.5336,36.8597,128.3563,132.0301,PENDING_AG03,FALSE,NOT_FOR_ENFORCEMENT,162.1342,3030.1355,168.8898,162.1342,6.7556,0.04303377,0.04131242,6.7556,162.1342,0.04131242,6.7556,6.7556,6.7556,10.1334,10.1334,162.1342,0.04131242,40.5336,36.8597,128.3563,132.0301,0.03270567,0.03364177,0.00172135,53.0350,47.8241,2.5589,168.8898,6.4958,3924.5878,66.0000,,53.0350,21.0062,42.0124,73.5217,95.5782,129.3981,199.9791,42.0124,0.0,3.079999,4.760002,1.262365,22,20,1,3,0E-8,0.04303377,,0E-8,0.000000,0.804261,0.797297,,2026-05-29,2026-05-29,1,26,22,1,1.000000,,,0.000000,,,,,,,,GLOBAL_BASELINE_NO_ENTITY_RANKING,,,NOT_APPLICABLE_GLOBAL_BASELINE,HF9g-P5,,,,X 全窗基线 · 不参与实体赏罚,6879562,688,A168_HF9F_20260827_0900,2026-08-27 09:00:00
2026-05-29,150728882,1507,0,37.8111542905,50.4148723874,50.4148723874,1.0000000,2,1,0.43797605000018163,0.300626750000,1.1327973652306438,1.5252488199758223,1.1327973652306438,0.13734930000018163,ELIGIBLE,R03b_20260811_FULL_v1,L1_ELIGIBILITY,v2026-08-11,2026-03-21..2026-08-06,baccarat_bet02_101_all_pairs_incl_sentinel,round_win = game_pnl > 0 (decisive only),COMPATIBILITY_ONLY_NOT_PRODUCTION,3924.5878,3156.3911,168.8898,74,66,-0.04303377,,-0.04303377,-0.04303377,-168.8898,3924.5878,OK,0.0000,6.7556,4.0000,96.0000,AG03-UNRESOLVED,ALL5_LEVELS_bet23_to_bet27,6.7556,6.7556,6.7556,10.1334,10.1334,4.000000,4.000000,4.000000,6.000000,6.000000,96.000000,96.000000,96.000000,94.000000,94.000000,5.0,40.5336,36.8597,128.3563,132.0301,PENDING_AG03,FALSE,NOT_FOR_ENFORCEMENT,162.1342,3030.1355,168.8898,162.1342,6.7556,0.04303377,0.04131242,6.7556,162.1342,0.04131242,6.7556,6.7556,6.7556,10.1334,10.1334,162.1342,0.04131242,40.5336,36.8597,128.3563,132.0301,0.03270567,0.03364177,0.00172135,53.0350,47.8241,2.5589,168.8898,6.4958,3924.5878,66.0000,,53.0350,21.0062,42.0124,73.5217,95.5782,129.3981,199.9791,42.0124,0.0,3.079999,4.760002,1.262365,22,20,1,3,0E-8,0.04303377,,0E-8,0.000000,0.804261,0.797297,,2026-05-29,2026-05-29,1,26,22,1,1.000000,,,0.000000,,,,,,,,GLOBAL_BASELINE_NO_ENTITY_RANKING,,,NOT_APPLICABLE_GLOBAL_BASELINE,HF9g-P5,,,,X 全窗基线 · 不参与实体赏罚,6879563,688,A168_HF9F_20260827_0900,2026-08-27 09:00:00
2026-05-29,150728882,1645,0,84.0247873122,-42.0123936561,-42.0123936561,0E-7,2,2,0.49994810000000000,0.499948100000,-0.9998962053866608,-0.9998962053866608,-0.9998962053866608,0E-17,ELIGIBLE,R03b_20260811_FULL_v1,L1_ELIGIBILITY,v2026-08-11,2026-03-21..2026-08-06,baccarat_bet02_101_all_pairs_incl_sentinel,round_win = game_pnl > 0 (decisive only),COMPATIBILITY_ONLY_NOT_PRODUCTION,3924.5878,3156.3911,168.8898,74,66,-0.04303377,,-0.04303377,-0.04303377,-168.8898,3924.5878,OK,0.0000,6.7556,4.0000,96.0000,AG03-UNRESOLVED,ALL5_LEVELS_bet23_to_bet27,6.7556,6.7556,6.7556,10.1334,10.1334,4.000000,4.000000,4.000000,6.000000,6.000000,96.000000,96.000000,96.000000,94.000000,94.000000,5.0,40.5336,36.8597,128.3563,132.0301,PENDING_AG03,FALSE,NOT_FOR_ENFORCEMENT,162.1342,3030.1355,168.8898,162.1342,6.7556,0.04303377,0.04131242,6.7556,162.1342,0.04131242,6.7556,6.7556,6.7556,10.1334,10.1334,162.1342,0.04131242,40.5336,36.8597,128.3563,132.0301,0.03270567,0.03364177,0.00172135,53.0350,47.8241,2.5589,168.8898,6.4958,3924.5878,66.0000,,53.0350,21.0062,42.0124,73.5217,95.5782,129.3981,199.9791,42.0124,0.0,3.079999,4.760002,1.262365,22,20,1,3,0E-8,0.04303377,,0E-8,0.000000,0.804261,0.797297,,2026-05-29,2026-05-29,1,26,22,1,1.000000,,,0.000000,,,,,,,,GLOBAL_BASELINE_NO_ENTITY_RANKING,,,NOT_APPLICABLE_GLOBAL_BASELINE,HF9g-P5,,,,X 全窗基线 · 不参与实体赏罚,6879564,688,A168_HF9F_20260827_0900,2026-08-27 09:00:00
2026-05-29,150728882,1646,0,52.5154920702,52.5154920702,52.5154920702,1.0000000,1,1,0.49324550000000000,0.493245500000,1.01360149184955,1.01360149184955,1.01360149184955,0E-17,ELIGIBLE,R03b_20260811_FULL_v1,L1_ELIGIBILITY,v2026-08-11,2026-03-21..2026-08-06,baccarat_bet02_101_all_pairs_incl_sentinel,round_win = game_pnl > 0 (decisive only),COMPATIBILITY_ONLY_NOT_PRODUCTION,3924.5878,3156.3911,168.8898,74,66,-0.04303377,,-0.04303377,-0.04303377,-168.8898,3924.5878,OK,0.0000,6.7556,4.0000,96.0000,AG03-UNRESOLVED,ALL5_LEVELS_bet23_to_bet27,6.7556,6.7556,6.7556,10.1334,10.1334,4.000000,4.000000,4.000000,6.000000,6.000000,96.000000,96.000000,96.000000,94.000000,94.000000,5.0,40.5336,36.8597,128.3563,132.0301,PENDING_AG03,FALSE,NOT_FOR_ENFORCEMENT,162.1342,3030.1355,168.8898,162.1342,6.7556,0.04303377,0.04131242,6.7556,162.1342,0.04131242,6.7556,6.7556,6.7556,10.1334,10.1334,162.1342,0.04131242,40.5336,36.8597,128.3563,132.0301,0.03270567,0.03364177,0.00172135,53.0350,47.8241,2.5589,168.8898,6.4958,3924.5878,66.0000,,53.0350,21.0062,42.0124,73.5217,95.5782,129.3981,199.9791,42.0124,0.0,3.079999,4.760002,1.262365,22,20,1,3,0E-8,0.04303377,,0E-8,0.000000,0.804261,0.797297,,2026-05-29,2026-05-29,1,26,22,1,1.000000,,,0.000000,,,,,,,,GLOBAL_BASELINE_NO_ENTITY_RANKING,,,NOT_APPLICABLE_GLOBAL_BASELINE,HF9g-P5,,,,X 全窗基线 · 不参与实体赏罚,6879565,688,A168_HF9F_20260827_0900,2026-08-27 09:00:00
2026-05-29,150728882,1702,0,42.0123936561,21.0061968281,21.0061968281,1.0000000,1,1,0.50665070000000000,0.506650700000,0.9867858985152569,0.9867858985152569,0.9867858985152569,0E-17,ELIGIBLE,R03b_20260811_FULL_v1,L1_ELIGIBILITY,v2026-08-11,2026-03-21..2026-08-06,baccarat_bet02_101_all_pairs_incl_sentinel,round_win = game_pnl > 0 (decisive only),COMPATIBILITY_ONLY_NOT_PRODUCTION,3924.5878,3156.3911,168.8898,74,66,-0.04303377,,-0.04303377,-0.04303377,-168.8898,3924.5878,OK,0.0000,6.7556,4.0000,96.0000,AG03-UNRESOLVED,ALL5_LEVELS_bet23_to_bet27,6.7556,6.7556,6.7556,10.1334,10.1334,4.000000,4.000000,4.000000,6.000000,6.000000,96.000000,96.000000,96.000000,94.000000,94.000000,5.0,40.5336,36.8597,128.3563,132.0301,PENDING_AG03,FALSE,NOT_FOR_ENFORCEMENT,162.1342,3030.1355,168.8898,162.1342,6.7556,0.04303377,0.04131242,6.7556,162.1342,0.04131242,6.7556,6.7556,6.7556,10.1334,10.1334,162.1342,0.04131242,40.5336,36.8597,128.3563,132.0301,0.03270567,0.03364177,0.00172135,53.0350,47.8241,2.5589,168.8898,6.4958,3924.5878,66.0000,,53.0350,21.0062,42.0124,73.5217,95.5782,129.3981,199.9791,42.0124,0.0,3.079999,4.760002,1.262365,22,20,1,3,0E-8,0.04303377,,0E-8,0.000000,0.804261,0.797297,,2026-05-29,2026-05-29,1,26,22,1,1.000000,,,0.000000,,,,,,,,GLOBAL_BASELINE_NO_ENTITY_RANKING,,,NOT_APPLICABLE_GLOBAL_BASELINE,HF9g-P5,,,,X 全窗基线 · 不参与实体赏罚,6879566,688,A168_HF9F_20260827_0900,2026-08-27 09:00:00
2026-05-29,150728882,1951,0,336.0991492491,42.0123936562,42.0123936562,0.6666667,4,4,0.50665070000000000,0.506650700000,0.5543606114942035,0.5543606114942035,0.5543606114942035,0E-17,ELIGIBLE,R03b_20260811_FULL_v1,L1_ELIGIBILITY,v2026-08-11,2026-03-21..2026-08-06,baccarat_bet02_101_all_pairs_incl_sentinel,round_win = game_pnl > 0 (decisive only),COMPATIBILITY_ONLY_NOT_PRODUCTION,3924.5878,3156.3911,168.8898,74,66,-0.04303377,,-0.04303377,-0.04303377,-168.8898,3924.5878,OK,0.0000,6.7556,4.0000,96.0000,AG03-UNRESOLVED,ALL5_LEVELS_bet23_to_bet27,6.7556,6.7556,6.7556,10.1334,10.1334,4.000000,4.000000,4.000000,6.000000,6.000000,96.000000,96.000000,96.000000,94.000000,94.000000,5.0,40.5336,36.8597,128.3563,132.0301,PENDING_AG03,FALSE,NOT_FOR_ENFORCEMENT,162.1342,3030.1355,168.8898,162.1342,6.7556,0.04303377,0.04131242,6.7556,162.1342,0.04131242,6.7556,6.7556,6.7556,10.1334,10.1334,162.1342,0.04131242,40.5336,36.8597,128.3563,132.0301,0.03270567,0.03364177,0.00172135,53.0350,47.8241,2.5589,168.8898,6.4958,3924.5878,66.0000,,53.0350,21.0062,42.0124,73.5217,95.5782,129.3981,199.9791,42.0124,0.0,3.079999,4.760002,1.262365,22,20,1,3,0E-8,0.04303377,,0E-8,0.000000,0.804261,0.797297,,2026-05-29,2026-05-29,1,26,22,1,1.000000,,,0.000000,,,,,,,,GLOBAL_BASELINE_NO_ENTITY_RANKING,,,NOT_APPLICABLE_GLOBAL_BASELINE,HF9g-P5,,,,X 全窗基线 · 不参与实体赏罚,6879567,688,A168_HF9F_20260827_0900,2026-08-27 09:00:00
2026-05-29,150728882,2115,0,168.0495746245,63.0185904841,63.0185904841,0.7500000,6,6,0.49771390000000000,0.497713900000,1.0091549482537034,1.0091549482537037,1.0091549482537034,0E-17,ELIGIBLE,R03b_20260811_FULL_v1,L1_ELIGIBILITY,v2026-08-11,2026-03-21..2026-08-06,baccarat_bet02_101_all_pairs_incl_sentinel,round_win = game_pnl > 0 (decisive only),COMPATIBILITY_ONLY_NOT_PRODUCTION,3924.5878,3156.3911,168.8898,74,66,-0.04303377,,-0.04303377,-0.04303377,-168.8898,3924.5878,OK,0.0000,6.7556,4.0000,96.0000,AG03-UNRESOLVED,ALL5_LEVELS_bet23_to_bet27,6.7556,6.7556,6.7556,10.1334,10.1334,4.000000,4.000000,4.000000,6.000000,6.000000,96.000000,96.000000,96.000000,94.000000,94.000000,5.0,40.5336,36.8597,128.3563,132.0301,PENDING_AG03,FALSE,NOT_FOR_ENFORCEMENT,162.1342,3030.1355,168.8898,162.1342,6.7556,0.04303377,0.04131242,6.7556,162.1342,0.04131242,6.7556,6.7556,6.7556,10.1334,10.1334,162.1342,0.04131242,40.5336,36.8597,128.3563,132.0301,0.03270567,0.03364177,0.00172135,53.0350,47.8241,2.5589,168.8898,6.4958,3924.5878,66.0000,,53.0350,21.0062,42.0124,73.5217,95.5782,129.3981,199.9791,42.0124,0.0,3.079999,4.760002,1.262365,22,20,1,3,0E-8,0.04303377,,0E-8,0.000000,0.804261,0.797297,,2026-05-29,2026-05-29,1,26,22,1,1.000000,,,0.000000,,,,,,,,GLOBAL_BASELINE_NO_ENTITY_RANKING,,,NOT_APPLICABLE_GLOBAL_BASELINE,HF9g-P5,,,,X 全窗基线 · 不参与实体赏罚,6879568,688,A168_HF9F_20260827_0900,2026-08-27 09:00:00
2026-05-29,150728882,2155,0,84.0247873123,84.0247873123,84.0247873123,1.0000000,1,1,0.50665070000000000,0.506650700000,0.9867858985152569,0.9867858985152569,0.9867858985152569,0E-17,ELIGIBLE,R03b_20260811_FULL_v1,L1_ELIGIBILITY,v2026-08-11,2026-03-21..2026-08-06,baccarat_bet02_101_all_pairs_incl_sentinel,round_win = game_pnl > 0 (decisive only),COMPATIBILITY_ONLY_NOT_PRODUCTION,3924.5878,3156.3911,168.8898,74,66,-0.04303377,,-0.04303377,-0.04303377,-168.8898,3924.5878,OK,0.0000,6.7556,4.0000,96.0000,AG03-UNRESOLVED,ALL5_LEVELS_bet23_to_bet27,6.7556,6.7556,6.7556,10.1334,10.1334,4.000000,4.000000,4.000000,6.000000,6.000000,96.000000,96.000000,96.000000,94.000000,94.000000,5.0,40.5336,36.8597,128.3563,132.0301,PENDING_AG03,FALSE,NOT_FOR_ENFORCEMENT,162.1342,3030.1355,168.8898,162.1342,6.7556,0.04303377,0.04131242,6.7556,162.1342,0.04131242,6.7556,6.7556,6.7556,10.1334,10.1334,162.1342,0.04131242,40.5336,36.8597,128.3563,132.0301,0.03270567,0.03364177,0.00172135,53.0350,47.8241,2.5589,168.8898,6.4958,3924.5878,66.0000,,53.0350,21.0062,42.0124,73.5217,95.5782,129.3981,199.9791,42.0124,0.0,3.079999,4.760002,1.262365,22,20,1,3,0E-8,0.04303377,,0E-8,0.000000,0.804261,0.797297,,2026-05-29,2026-05-29,1,26,22,1,1.000000,,,0.000000,,,,,,,,GLOBAL_BASELINE_NO_ENTITY_RANKING,,,NOT_APPLICABLE_GLOBAL_BASELINE,HF9g-P5,,,,X 全窗基线 · 不参与实体赏罚,6879569,688,A168_HF9F_20260827_0900,2026-08-27 09:00:00
2026-05-29,150728882,2193,0,220.5650666947,-220.5650666947,-220.5650666947,0E-7,3,3,0.50665070000000000,0.506650700000,-1.7552447903592512,-1.7552447903592512,-1.7552447903592512,0E-17,ELIGIBLE,R03b_20260811_FULL_v1,L1_ELIGIBILITY,v2026-08-11,2026-03-21..2026-08-06,baccarat_bet02_101_all_pairs_incl_sentinel,round_win = game_pnl > 0 (decisive only),COMPATIBILITY_ONLY_NOT_PRODUCTION,3924.5878,3156.3911,168.8898,74,66,-0.04303377,,-0.04303377,-0.04303377,-168.8898,3924.5878,OK,0.0000,6.7556,4.0000,96.0000,AG03-UNRESOLVED,ALL5_LEVELS_bet23_to_bet27,6.7556,6.7556,6.7556,10.1334,10.1334,4.000000,4.000000,4.000000,6.000000,6.000000,96.000000,96.000000,96.000000,94.000000,94.000000,5.0,40.5336,36.8597,128.3563,132.0301,PENDING_AG03,FALSE,NOT_FOR_ENFORCEMENT,162.1342,3030.1355,168.8898,162.1342,6.7556,0.04303377,0.04131242,6.7556,162.1342,0.04131242,6.7556,6.7556,6.7556,10.1334,10.1334,162.1342,0.04131242,40.5336,36.8597,128.3563,132.0301,0.03270567,0.03364177,0.00172135,53.0350,47.8241,2.5589,168.8898,6.4958,3924.5878,66.0000,,53.0350,21.0062,42.0124,73.5217,95.5782,129.3981,199.9791,42.0124,0.0,3.079999,4.760002,1.262365,22,20,1,3,0E-8,0.04303377,,0E-8,0.000000,0.804261,0.797297,,2026-05-29,2026-05-29,1,26,22,1,1.000000,,,0.000000,,,,,,,,GLOBAL_BASELINE_NO_ENTITY_RANKING,,,NOT_APPLICABLE_GLOBAL_BASELINE,HF9g-P5,,,,X 全窗基线 · 不参与实体赏罚,6879570,688,A168_HF9F_20260827_0900,2026-08-27 09:00:00
2026-05-29,150728882,2201,0,85.2851591219,85.2851591219,85.2851591219,1.0000000,1,1,0.49324550000000000,0.493245500000,1.01360149184955,1.01360149184955,1.01360149184955,0E-17,ELIGIBLE,R03b_20260811_FULL_v1,L1_ELIGIBILITY,v2026-08-11,2026-03-21..2026-08-06,baccarat_bet02_101_all_pairs_incl_sentinel,round_win = game_pnl > 0 (decisive only),COMPATIBILITY_ONLY_NOT_PRODUCTION,3924.5878,3156.3911,168.8898,74,66,-0.04303377,,-0.04303377,-0.04303377,-168.8898,3924.5878,OK,0.0000,6.7556,4.0000,96.0000,AG03-UNRESOLVED,ALL5_LEVELS_bet23_to_bet27,6.7556,6.7556,6.7556,10.1334,10.1334,4.000000,4.000000,4.000000,6.000000,6.000000,96.000000,96.000000,96.000000,94.000000,94.000000,5.0,40.5336,36.8597,128.3563,132.0301,PENDING_AG03,FALSE,NOT_FOR_ENFORCEMENT,162.1342,3030.1355,168.8898,162.1342,6.7556,0.04303377,0.04131242,6.7556,162.1342,0.04131242,6.7556,6.7556,6.7556,10.1334,10.1334,162.1342,0.04131242,40.5336,36.8597,128.3563,132.0301,0.03270567,0.03364177,0.00172135,53.0350,47.8241,2.5589,168.8898,6.4958,3924.5878,66.0000,,53.0350,21.0062,42.0124,73.5217,95.5782,129.3981,199.9791,42.0124,0.0,3.079999,4.760002,1.262365,22,20,1,3,0E-8,0.04303377,,0E-8,0.000000,0.804261,0.797297,,2026-05-29,2026-05-29,1,26,22,1,1.000000,,,0.000000,,,,,,,,GLOBAL_BASELINE_NO_ENTITY_RANKING,,,NOT_APPLICABLE_GLOBAL_BASELINE,HF9g-P5,,,,X 全窗基线 · 不参与实体赏罚,6879571,688,A168_HF9F_20260827_0900,2026-08-27 09:00:00
2026-05-29,150728882,2212,0,73.5216888983,-52.5154920702,-52.5154920702,0E-7,3,3,0.49771390000000000,0.497713900000,-1.4077622098436522,-1.4077622098436524,-1.4077622098436522,0E-17,ELIGIBLE,R03b_20260811_FULL_v1,L1_ELIGIBILITY,v2026-08-11,2026-03-21..2026-08-06,baccarat_bet02_101_all_pairs_incl_sentinel,round_win = game_pnl > 0 (decisive only),COMPATIBILITY_ONLY_NOT_PRODUCTION,3924.5878,3156.3911,168.8898,74,66,-0.04303377,,-0.04303377,-0.04303377,-168.8898,3924.5878,OK,0.0000,6.7556,4.0000,96.0000,AG03-UNRESOLVED,ALL5_LEVELS_bet23_to_bet27,6.7556,6.7556,6.7556,10.1334,10.1334,4.000000,4.000000,4.000000,6.000000,6.000000,96.000000,96.000000,96.000000,94.000000,94.000000,5.0,40.5336,36.8597,128.3563,132.0301,PENDING_AG03,FALSE,NOT_FOR_ENFORCEMENT,162.1342,3030.1355,168.8898,162.1342,6.7556,0.04303377,0.04131242,6.7556,162.1342,0.04131242,6.7556,6.7556,6.7556,10.1334,10.1334,162.1342,0.04131242,40.5336,36.8597,128.3563,132.0301,0.03270567,0.03364177,0.00172135,53.0350,47.8241,2.5589,168.8898,6.4958,3924.5878,66.0000,,53.0350,21.0062,42.0124,73.5217,95.5782,129.3981,199.9791,42.0124,0.0,3.079999,4.760002,1.262365,22,20,1,3,0E-8,0.04303377,,0E-8,0.000000,0.804261,0.797297,,2026-05-29,2026-05-29,1,26,22,1,1.000000,,,0.000000,,,,,,,,GLOBAL_BASELINE_NO_ENTITY_RANKING,,,NOT_APPLICABLE_GLOBAL_BASELINE,HF9g-P5,,,,X 全窗基线 · 不参与实体赏罚,6879572,688,A168_HF9F_20260827_0900,2026-08-27 09:00:00
2026-05-29,150728882,2258,0,31.5092952421,-31.5092952421,-31.5092952421,0E-7,1,1,0.49324550000000000,0.493245500000,-0.9865810262130424,-0.9865810262130424,-0.9865810262130424,0E-17,ELIGIBLE,R03b_20260811_FULL_v1,L1_ELIGIBILITY,v2026-08-11,2026-03-21..2026-08-06,baccarat_bet02_101_all_pairs_incl_sentinel,round_win = game_pnl > 0 (decisive only),COMPATIBILITY_ONLY_NOT_PRODUCTION,3924.5878,3156.3911,168.8898,74,66,-0.04303377,,-0.04303377,-0.04303377,-168.8898,3924.5878,OK,0.0000,6.7556,4.0000,96.0000,AG03-UNRESOLVED,ALL5_LEVELS_bet23_to_bet27,6.7556,6.7556,6.7556,10.1334,10.1334,4.000000,4.000000,4.000000,6.000000,6.000000,96.000000,96.000000,96.000000,94.000000,94.000000,5.0,40.5336,36.8597,128.3563,132.0301,PENDING_AG03,FALSE,NOT_FOR_ENFORCEMENT,162.1342,3030.1355,168.8898,162.1342,6.7556,0.04303377,0.04131242,6.7556,162.1342,0.04131242,6.7556,6.7556,6.7556,10.1334,10.1334,162.1342,0.04131242,40.5336,36.8597,128.3563,132.0301,0.03270567,0.03364177,0.00172135,53.0350,47.8241,2.5589,168.8898,6.4958,3924.5878,66.0000,,53.0350,21.0062,42.0124,73.5217,95.5782,129.3981,199.9791,42.0124,0.0,3.079999,4.760002,1.262365,22,20,1,3,0E-8,0.04303377,,0E-8,0.000000,0.804261,0.797297,,2026-05-29,2026-05-29,1,26,22,1,1.000000,,,0.000000,,,,,,,,GLOBAL_BASELINE_NO_ENTITY_RANKING,,,NOT_APPLICABLE_GLOBAL_BASELINE,HF9g-P5,,,,X 全窗基线 · 不参与实体赏罚,6879573,688,A168_HF9F_20260827_0900,2026-08-27 09:00:00
2026-05-29,150728882,2271,0,21.0061968281,-21.0061968281,-21.0061968281,0E-7,1,1,0.49324550000000000,0.493245500000,-0.9865810262130424,-0.9865810262130424,-0.9865810262130424,0E-17,ELIGIBLE,R03b_20260811_FULL_v1,L1_ELIGIBILITY,v2026-08-11,2026-03-21..2026-08-06,baccarat_bet02_101_all_pairs_incl_sentinel,round_win = game_pnl > 0 (decisive only),COMPATIBILITY_ONLY_NOT_PRODUCTION,3924.5878,3156.3911,168.8898,74,66,-0.04303377,,-0.04303377,-0.04303377,-168.8898,3924.5878,OK,0.0000,6.7556,4.0000,96.0000,AG03-UNRESOLVED,ALL5_LEVELS_bet23_to_bet27,6.7556,6.7556,6.7556,10.1334,10.1334,4.000000,4.000000,4.000000,6.000000,6.000000,96.000000,96.000000,96.000000,94.000000,94.000000,5.0,40.5336,36.8597,128.3563,132.0301,PENDING_AG03,FALSE,NOT_FOR_ENFORCEMENT,162.1342,3030.1355,168.8898,162.1342,6.7556,0.04303377,0.04131242,6.7556,162.1342,0.04131242,6.7556,6.7556,6.7556,10.1334,10.1334,162.1342,0.04131242,40.5336,36.8597,128.3563,132.0301,0.03270567,0.03364177,0.00172135,53.0350,47.8241,2.5589,168.8898,6.4958,3924.5878,66.0000,,53.0350,21.0062,42.0124,73.5217,95.5782,129.3981,199.9791,42.0124,0.0,3.079999,4.760002,1.262365,22,20,1,3,0E-8,0.04303377,,0E-8,0.000000,0.804261,0.797297,,2026-05-29,2026-05-29,1,26,22,1,1.000000,,,0.000000,,,,,,,,GLOBAL_BASELINE_NO_ENTITY_RANKING,,,NOT_APPLICABLE_GLOBAL_BASELINE,HF9g-P5,,,,X 全窗基线 · 不参与实体赏罚,6879574,688,A168_HF9F_20260827_0900,2026-08-27 09:00:00
2026-05-29,150728882,462,0,63.0185904842,-63.0185904842,-63.0185904842,0E-7,1,1,0.49324550000000000,0.493245500000,-0.9865810262130424,-0.9865810262130424,-0.9865810262130424,0E-17,ELIGIBLE,R03b_20260811_FULL_v1,L1_ELIGIBILITY,v2026-08-11,2026-03-21..2026-08-06,baccarat_bet02_101_all_pairs_incl_sentinel,round_win = game_pnl > 0 (decisive only),COMPATIBILITY_ONLY_NOT_PRODUCTION,3924.5878,3156.3911,168.8898,74,66,-0.04303377,,-0.04303377,-0.04303377,-168.8898,3924.5878,OK,0.0000,6.7556,4.0000,96.0000,AG03-UNRESOLVED,ALL5_LEVELS_bet23_to_bet27,6.7556,6.7556,6.7556,10.1334,10.1334,4.000000,4.000000,4.000000,6.000000,6.000000,96.000000,96.000000,96.000000,94.000000,94.000000,5.0,40.5336,36.8597,128.3563,132.0301,PENDING_AG03,FALSE,NOT_FOR_ENFORCEMENT,162.1342,3030.1355,168.8898,162.1342,6.7556,0.04303377,0.04131242,6.7556,162.1342,0.04131242,6.7556,6.7556,6.7556,10.1334,10.1334,162.1342,0.04131242,40.5336,36.8597,128.3563,132.0301,0.03270567,0.03364177,0.00172135,53.0350,47.8241,2.5589,168.8898,6.4958,3924.5878,66.0000,,53.0350,21.0062,42.0124,73.5217,95.5782,129.3981,199.9791,42.0124,0.0,3.079999,4.760002,1.262365,22,20,1,3,0E-8,0.04303377,,0E-8,0.000000,0.804261,0.797297,,2026-05-29,2026-05-29,1,26,22,1,1.000000,,,0.000000,,,,,,,,GLOBAL_BASELINE_NO_ENTITY_RANKING,,,NOT_APPLICABLE_GLOBAL_BASELINE,HF9g-P5,,,,X 全窗基线 · 不参与实体赏罚,6879575,688,A168_HF9F_20260827_0900,2026-08-27 09:00:00
2026-05-29,150728882,772,0,105.0309841404,0E-10,0E-10,0.3333333,3,3,0.50665070000000000,0.506650700000,-0.6004420894325239,-0.6004420894325239,-0.6004420894325239,0E-17,ELIGIBLE,R03b_20260811_FULL_v1,L1_ELIGIBILITY,v2026-08-11,2026-03-21..2026-08-06,baccarat_bet02_101_all_pairs_incl_sentinel,round_win = game_pnl > 0 (decisive only),COMPATIBILITY_ONLY_NOT_PRODUCTION,3924.5878,3156.3911,168.8898,74,66,-0.04303377,,-0.04303377,-0.04303377,-168.8898,3924.5878,OK,0.0000,6.7556,4.0000,96.0000,AG03-UNRESOLVED,ALL5_LEVELS_bet23_to_bet27,6.7556,6.7556,6.7556,10.1334,10.1334,4.000000,4.000000,4.000000,6.000000,6.000000,96.000000,96.000000,96.000000,94.000000,94.000000,5.0,40.5336,36.8597,128.3563,132.0301,PENDING_AG03,FALSE,NOT_FOR_ENFORCEMENT,162.1342,3030.1355,168.8898,162.1342,6.7556,0.04303377,0.04131242,6.7556,162.1342,0.04131242,6.7556,6.7556,6.7556,10.1334,10.1334,162.1342,0.04131242,40.5336,36.8597,128.3563,132.0301,0.03270567,0.03364177,0.00172135,53.0350,47.8241,2.5589,168.8898,6.4958,3924.5878,66.0000,,53.0350,21.0062,42.0124,73.5217,95.5782,129.3981,199.9791,42.0124,0.0,3.079999,4.760002,1.262365,22,20,1,3,0E-8,0.04303377,,0E-8,0.000000,0.804261,0.797297,,2026-05-29,2026-05-29,1,26,22,1,1.000000,,,0.000000,,,,,,,,GLOBAL_BASELINE_NO_ENTITY_RANKING,,,NOT_APPLICABLE_GLOBAL_BASELINE,HF9g-P5,,,,X 全窗基线 · 不参与实体赏罚,6879576,688,A168_HF9F_20260827_0900,2026-08-27 09:00:00
2026-05-29,150728882,994,0,161.7477155761,67.2198298499,67.2198298499,0.7500000,5,4,0.47998668750006589,0.446766462500,1.0809194842437024,1.2198675988871008,1.0809194842437024,0.03322022500006589,ELIGIBLE,R03b_20260811_FULL_v1,L1_ELIGIBILITY,v2026-08-11,2026-03-21..2026-08-06,baccarat_bet02_101_all_pairs_incl_sentinel,round_win = game_pnl > 0 (decisive only),COMPATIBILITY_ONLY_NOT_PRODUCTION,3924.5878,3156.3911,168.8898,74,66,-0.04303377,,-0.04303377,-0.04303377,-168.8898,3924.5878,OK,0.0000,6.7556,4.0000,96.0000,AG03-UNRESOLVED,ALL5_LEVELS_bet23_to_bet27,6.7556,6.7556,6.7556,10.1334,10.1334,4.000000,4.000000,4.000000,6.000000,6.000000,96.000000,96.000000,96.000000,94.000000,94.000000,5.0,40.5336,36.8597,128.3563,132.0301,PENDING_AG03,FALSE,NOT_FOR_ENFORCEMENT,162.1342,3030.1355,168.8898,162.1342,6.7556,0.04303377,0.04131242,6.7556,162.1342,0.04131242,6.7556,6.7556,6.7556,10.1334,10.1334,162.1342,0.04131242,40.5336,36.8597,128.3563,132.0301,0.03270567,0.03364177,0.00172135,53.0350,47.8241,2.5589,168.8898,6.4958,3924.5878,66.0000,,53.0350,21.0062,42.0124,73.5217,95.5782,129.3981,199.9791,42.0124,0.0,3.079999,4.760002,1.262365,22,20,1,3,0E-8,0.04303377,,0E-8,0.000000,0.804261,0.797297,,2026-05-29,2026-05-29,1,26,22,1,1.000000,,,0.000000,,,,,,,,GLOBAL_BASELINE_NO_ENTITY_RANKING,,,NOT_APPLICABLE_GLOBAL_BASELINE,HF9g-P5,,,,X 全窗基线 · 不参与实体赏罚,6879577,688,A168_HF9F_20260827_0900,2026-08-27 09:00:00
2026-06-09,150819540,1210,0,835.7548795227,-128.5776737726,-128.5776737726,0.3333333,7,6,0.48998240476188262,0.465068166667,-0.767574658457727,-0.6469470295232603,-0.767574658457727,0.02491423809488262,ELIGIBLE,R03b_20260811_FULL_v1,L1_ELIGIBILITY,v2026-08-11,2026-03-21..2026-08-06,baccarat_bet02_101_all_pairs_incl_sentinel,round_win = game_pnl > 0 (decisive only),COMPATIBILITY_ONLY_NOT_PRODUCTION,900.0437,874.3282,167.1510,9,8,-0.18571429,,-0.18571429,-0.18571429,-167.1510,900.0437,THIN_EXPOSURE,0.0000,5.0145,3.0000,97.0000,AG03-UNRESOLVED,ALL5_LEVELS_bet23_to_bet27,5.0145,5.0145,5.0145,6.6860,6.6860,3.000000,3.000000,3.000000,4.000000,4.000000,97.000000,97.000000,97.000000,96.000000,96.000000,5.0,28.4157,26.557,138.7353,140.5939,PENDING_AG03,FALSE,NOT_FOR_ENFORCEMENT,162.1364,848.0983,167.1510,162.1364,5.0145,0.18571429,0.18014286,5.0145,162.1364,0.18014286,5.0145,5.0145,5.0145,6.6860,6.6860,162.1364,0.18014286,28.4157,26.557,138.7353,140.5939,0.15414286,0.1562079,0.00557143,100.0049,109.2910,20.8939,167.1510,83.5755,900.0437,8.0000,,100.0049,35.3589,77.1466,141.4354,226.2967,257.1553,257.1553,77.1466,-38.5733,3.333333,3.333333,1.296296,2,2,2,3,0E-8,0.18571429,,0E-8,0.000000,0.971429,0.000000,,2026-06-09,2026-06-09,1,2,2,1,1.000000,,,0.000000,,,,,,,,GLOBAL_BASELINE_NO_ENTITY_RANKING,,,NOT_APPLICABLE_GLOBAL_BASELINE,HF9g-P5,,,,X 全窗基线 · 不参与实体赏罚,6879578,688,A168_HF9F_20260827_0900,2026-08-27 09:00:00
2026-06-09,150819540,2088,0,64.2888368863,-38.5733021318,-38.5733021318,0E-7,2,2,0.49324550000000000,0.493245500000,-0.9865810262130424,-0.9865810262130424,-0.9865810262130424,0E-17,ELIGIBLE,R03b_20260811_FULL_v1,L1_ELIGIBILITY,v2026-08-11,2026-03-21..2026-08-06,baccarat_bet02_101_all_pairs_incl_sentinel,round_win = game_pnl > 0 (decisive only),COMPATIBILITY_ONLY_NOT_PRODUCTION,900.0437,874.3282,167.1510,9,8,-0.18571429,,-0.18571429,-0.18571429,-167.1510,900.0437,THIN_EXPOSURE,0.0000,5.0145,3.0000,97.0000,AG03-UNRESOLVED,ALL5_LEVELS_bet23_to_bet27,5.0145,5.0145,5.0145,6.6860,6.6860,3.000000,3.000000,3.000000,4.000000,4.000000,97.000000,97.000000,97.000000,96.000000,96.000000,5.0,28.4157,26.557,138.7353,140.5939,PENDING_AG03,FALSE,NOT_FOR_ENFORCEMENT,162.1364,848.0983,167.1510,162.1364,5.0145,0.18571429,0.18014286,5.0145,162.1364,0.18014286,5.0145,5.0145,5.0145,6.6860,6.6860,162.1364,0.18014286,28.4157,26.557,138.7353,140.5939,0.15414286,0.1562079,0.00557143,100.0049,109.2910,20.8939,167.1510,83.5755,900.0437,8.0000,,100.0049,35.3589,77.1466,141.4354,226.2967,257.1553,257.1553,77.1466,-38.5733,3.333333,3.333333,1.296296,2,2,2,3,0E-8,0.18571429,,0E-8,0.000000,0.971429,0.000000,,2026-06-09,2026-06-09,1,2,2,1,1.000000,,,0.000000,,,,,,,,GLOBAL_BASELINE_NO_ENTITY_RANKING,,,NOT_APPLICABLE_GLOBAL_BASELINE,HF9g-P5,,,,X 全窗基线 · 不参与实体赏罚,6879579,688,A168_HF9F_20260827_0900,2026-08-27 09:00:00
2026-06-13,151440504,1385,0,51.4310695091,-51.4310695091,-51.4310695091,0E-7,1,1,0.49324550000000000,0.493245500000,-0.9865810262130424,-0.9865810262130424,-0.9865810262130424,0E-17,ELIGIBLE,R03b_20260811_FULL_v1,L1_ELIGIBILITY,v2026-08-11,2026-03-21..2026-08-06,baccarat_bet02_101_all_pairs_incl_sentinel,round_win = game_pnl > 0 (decisive only),COMPATIBILITY_ONLY_NOT_PRODUCTION,655.7461,655.7461,167.1510,9,9,-0.25490196,,-0.25490196,-0.25490196,-167.1510,655.7461,THIN_EXPOSURE,0.0000,5.0145,3.0000,97.0000,AG03-UNRESOLVED,ALL5_LEVELS_bet23_to_bet27,5.0145,5.0145,5.0145,6.6860,6.6860,3.000000,3.000000,3.000000,4.000000,4.000000,97.000000,97.000000,97.000000,96.000000,96.000000,5.0,28.4157,26.557,138.7353,140.5939,PENDING_AG03,FALSE,NOT_FOR_ENFORCEMENT,162.1364,636.0738,167.1510,162.1364,5.0145,0.25490196,0.24725490,5.0145,162.1364,0.24725490,5.0145,5.0145,5.0145,6.6860,6.6860,162.1364,0.24725490,28.4157,26.557,138.7353,140.5939,0.21156863,0.21440299,0.00764706,72.8607,72.8607,18.5723,167.1510,33.4302,655.7461,9.0000,,72.8607,51.4311,77.1466,83.5755,102.8621,102.8621,102.8621,77.1466,-51.4311,1.333333,1.333333,0.944444,5,5,1,2,0E-8,0.25490196,,0E-8,0.000000,1.000000,1.000000,,2026-06-13,2026-06-13,1,5,5,1,1.000000,,,0.000000,,,,,,,,GLOBAL_BASELINE_NO_ENTITY_RANKING,,,NOT_APPLICABLE_GLOBAL_BASELINE,HF9g-P5,,,,X 全窗基线 · 不参与实体赏罚,6879580,688,A168_HF9F_20260827_0900,2026-08-27 09:00:00
2026-06-13,151440504,1402,0,244.2975801682,38.5733021318,38.5733021318,0.6666667,3,3,0.49771390000000000,0.497713900000,0.5852756695216578,0.5852756695216578,0.5852756695216578,0E-17,ELIGIBLE,R03b_20260811_FULL_v1,L1_ELIGIBILITY,v2026-08-11,2026-03-21..2026-08-06,baccarat_bet02_101_all_pairs_incl_sentinel,round_win = game_pnl > 0 (decisive only),COMPATIBILITY_ONLY_NOT_PRODUCTION,655.7461,655.7461,167.1510,9,9,-0.25490196,,-0.25490196,-0.25490196,-167.1510,655.7461,THIN_EXPOSURE,0.0000,5.0145,3.0000,97.0000,AG03-UNRESOLVED,ALL5_LEVELS_bet23_to_bet27,5.0145,5.0145,5.0145,6.6860,6.6860,3.000000,3.000000,3.000000,4.000000,4.000000,97.000000,97.000000,97.000000,96.000000,96.000000,5.0,28.4157,26.557,138.7353,140.5939,PENDING_AG03,FALSE,NOT_FOR_ENFORCEMENT,162.1364,636.0738,167.1510,162.1364,5.0145,0.25490196,0.24725490,5.0145,162.1364,0.24725490,5.0145,5.0145,5.0145,6.6860,6.6860,162.1364,0.24725490,28.4157,26.557,138.7353,140.5939,0.21156863,0.21440299,0.00764706,72.8607,72.8607,18.5723,167.1510,33.4302,655.7461,9.0000,,72.8607,51.4311,77.1466,83.5755,102.8621,102.8621,102.8621,77.1466,-51.4311,1.333333,1.333333,0.944444,5,5,1,2,0E-8,0.25490196,,0E-8,0.000000,1.000000,1.000000,,2026-06-13,2026-06-13,1,5,5,1,1.000000,,,0.000000,,,,,,,,GLOBAL_BASELINE_NO_ENTITY_RANKING,,,NOT_APPLICABLE_GLOBAL_BASELINE,HF9g-P5,,,,X 全窗基线 · 不参与实体赏罚,6879581,688,A168_HF9F_20260827_0900,2026-08-27 09:00:00
2026-06-13,151440504,2223,0,231.4398127909,-25.7155347545,-25.7155347545,0.3333333,3,3,0.49771390000000000,0.497713900000,-0.5694369385616226,-0.5694369385616226,-0.5694369385616226,0E-17,ELIGIBLE,R03b_20260811_FULL_v1,L1_ELIGIBILITY,v2026-08-11,2026-03-21..2026-08-06,baccarat_bet02_101_all_pairs_incl_sentinel,round_win = game_pnl > 0 (decisive only),COMPATIBILITY_ONLY_NOT_PRODUCTION,655.7461,655.7461,167.1510,9,9,-0.25490196,,-0.25490196,-0.25490196,-167.1510,655.7461,THIN_EXPOSURE,0.0000,5.0145,3.0000,97.0000,AG03-UNRESOLVED,ALL5_LEVELS_bet23_to_bet27,5.0145,5.0145,5.0145,6.6860,6.6860,3.000000,3.000000,3.000000,4.000000,4.000000,97.000000,97.000000,97.000000,96.000000,96.000000,5.0,28.4157,26.557,138.7353,140.5939,PENDING_AG03,FALSE,NOT_FOR_ENFORCEMENT,162.1364,636.0738,167.1510,162.1364,5.0145,0.25490196,0.24725490,5.0145,162.1364,0.24725490,5.0145,5.0145,5.0145,6.6860,6.6860,162.1364,0.24725490,28.4157,26.557,138.7353,140.5939,0.21156863,0.21440299,0.00764706,72.8607,72.8607,18.5723,167.1510,33.4302,655.7461,9.0000,,72.8607,51.4311,77.1466,83.5755,102.8621,102.8621,102.8621,77.1466,-51.4311,1.333333,1.333333,0.944444,5,5,1,2,0E-8,0.25490196,,0E-8,0.000000,1.000000,1.000000,,2026-06-13,2026-06-13,1,5,5,1,1.000000,,,0.000000,,,,,,,,GLOBAL_BASELINE_NO_ENTITY_RANKING,,,NOT_APPLICABLE_GLOBAL_BASELINE,HF9g-P5,,,,X 全窗基线 · 不参与实体赏罚,6879582,688,A168_HF9F_20260827_0900,2026-08-27 09:00:00
2026-06-13,151440504,2241,0,77.1466042636,-77.1466042636,-77.1466042636,0E-7,1,1,0.50665070000000000,0.506650700000,-1.013391052207602,-1.013391052207602,-1.013391052207602,0E-17,ELIGIBLE,R03b_20260811_FULL_v1,L1_ELIGIBILITY,v2026-08-11,2026-03-21..2026-08-06,baccarat_bet02_101_all_pairs_incl_sentinel,round_win = game_pnl > 0 (decisive only),COMPATIBILITY_ONLY_NOT_PRODUCTION,655.7461,655.7461,167.1510,9,9,-0.25490196,,-0.25490196,-0.25490196,-167.1510,655.7461,THIN_EXPOSURE,0.0000,5.0145,3.0000,97.0000,AG03-UNRESOLVED,ALL5_LEVELS_bet23_to_bet27,5.0145,5.0145,5.0145,6.6860,6.6860,3.000000,3.000000,3.000000,4.000000,4.000000,97.000000,97.000000,97.000000,96.000000,96.000000,5.0,28.4157,26.557,138.7353,140.5939,PENDING_AG03,FALSE,NOT_FOR_ENFORCEMENT,162.1364,636.0738,167.1510,162.1364,5.0145,0.25490196,0.24725490,5.0145,162.1364,0.24725490,5.0145,5.0145,5.0145,6.6860,6.6860,162.1364,0.24725490,28.4157,26.557,138.7353,140.5939,0.21156863,0.21440299,0.00764706,72.8607,72.8607,18.5723,167.1510,33.4302,655.7461,9.0000,,72.8607,51.4311,77.1466,83.5755,102.8621,102.8621,102.8621,77.1466,-51.4311,1.333333,1.333333,0.944444,5,5,1,2,0E-8,0.25490196,,0E-8,0.000000,1.000000,1.000000,,2026-06-13,2026-06-13,1,5,5,1,1.000000,,,0.000000,,,,,,,,GLOBAL_BASELINE_NO_ENTITY_RANKING,,,NOT_APPLICABLE_GLOBAL_BASELINE,HF9g-P5,,,,X 全窗基线 · 不参与实体赏罚,6879583,688,A168_HF9F_20260827_0900,2026-08-27 09:00:00
2026-06-13,151440504,986,0,51.4310695091,-51.4310695091,-51.4310695091,0E-7,1,1,0.49324550000000000,0.493245500000,-0.9865810262130424,-0.9865810262130424,-0.9865810262130424,0E-17,ELIGIBLE,R03b_20260811_FULL_v1,L1_ELIGIBILITY,v2026-08-11,2026-03-21..2026-08-06,baccarat_bet02_101_all_pairs_incl_sentinel,round_win = game_pnl > 0 (decisive only),COMPATIBILITY_ONLY_NOT_PRODUCTION,655.7461,655.7461,167.1510,9,9,-0.25490196,,-0.25490196,-0.25490196,-167.1510,655.7461,THIN_EXPOSURE,0.0000,5.0145,3.0000,97.0000,AG03-UNRESOLVED,ALL5_LEVELS_bet23_to_bet27,5.0145,5.0145,5.0145,6.6860,6.6860,3.000000,3.000000,3.000000,4.000000,4.000000,97.000000,97.000000,97.000000,96.000000,96.000000,5.0,28.4157,26.557,138.7353,140.5939,PENDING_AG03,FALSE,NOT_FOR_ENFORCEMENT,162.1364,636.0738,167.1510,162.1364,5.0145,0.25490196,0.24725490,5.0145,162.1364,0.24725490,5.0145,5.0145,5.0145,6.6860,6.6860,162.1364,0.24725490,28.4157,26.557,138.7353,140.5939,0.21156863,0.21440299,0.00764706,72.8607,72.8607,18.5723,167.1510,33.4302,655.7461,9.0000,,72.8607,51.4311,77.1466,83.5755,102.8621,102.8621,102.8621,77.1466,-51.4311,1.333333,1.333333,0.944444,5,5,1,2,0E-8,0.25490196,,0E-8,0.000000,1.000000,1.000000,,2026-06-13,2026-06-13,1,5,5,1,1.000000,,,0.000000,,,,,,,,GLOBAL_BASELINE_NO_ENTITY_RANKING,,,NOT_APPLICABLE_GLOBAL_BASELINE,HF9g-P5,,,,X 全窗基线 · 不参与实体赏罚,6879584,688,A168_HF9F_20260827_0900,2026-08-27 09:00:00
2026-06-05,150002746,-1,1,35.4874379613,-35.4874379613,-35.4874379613,0E-7,1,1,0.50665070000000000,0.506650700000,-1.013391052207602,-1.013391052207602,-1.013391052207602,0E-17,SENTINEL_DEALER,R03b_20260811_FULL_v1,L1_ELIGIBILITY,v2026-08-11,2026-03-21..2026-08-06,baccarat_bet02_101_all_pairs_incl_sentinel,round_win = game_pnl > 0 (decisive only),COMPATIBILITY_ONLY_NOT_PRODUCTION,462.3653,462.3653,167.1510,22,17,-0.36151279,,-0.36151279,-0.36151279,-167.1510,462.3653,THIN_EXPOSURE,0.0000,5.0145,3.0000,97.0000,AG03-UNRESOLVED,ALL5_LEVELS_bet23_to_bet27,5.0145,5.0145,5.0145,6.6860,6.6860,3.000000,3.000000,3.000000,4.000000,4.000000,97.000000,97.000000,97.000000,96.000000,96.000000,5.0,28.4157,26.557,138.7353,140.5939,PENDING_AG03,FALSE,NOT_FOR_ENFORCEMENT,162.1364,448.4944,167.1510,162.1364,5.0145,0.36151279,0.35066741,5.0145,162.1364,0.35066741,5.0145,5.0145,5.0145,6.6860,6.6860,162.1364,0.35066741,28.4157,26.557,138.7353,140.5939,0.30005562,0.30407544,0.01084538,21.0166,27.1980,9.8324,83.5755,15.1955,231.1827,8.5000,,21.0166,5.1431,16.7151,35.4874,42.6878,48.8595,52.7168,16.7151,-3.8573,2.923077,3.153846,1.257343,9,10,5,5,0E-8,0.36151279,,0E-8,0.000000,1.000000,0.000000,,2026-06-05,2026-06-16,2,11,9,12,0.166667,,,0.000000,,,,,,,,GLOBAL_BASELINE_NO_ENTITY_RANKING,,,NOT_APPLICABLE_GLOBAL_BASELINE,HF9g-P5,,,,X 全窗基线 · 不参与实体赏罚,6879585,688,A168_HF9F_20260827_0900,2026-08-27 09:00:00
2026-06-05,150002746,2145,0,28.2870882300,-3.2144418443,-3.2144418443,0.5000000,2,2,0.50665070000000000,0.506650700000,-0.018812684590367487,-0.018812684590367487,-0.018812684590367487,0E-17,ELIGIBLE,R03b_20260811_FULL_v1,L1_ELIGIBILITY,v2026-08-11,2026-03-21..2026-08-06,baccarat_bet02_101_all_pairs_incl_sentinel,round_win = game_pnl > 0 (decisive only),COMPATIBILITY_ONLY_NOT_PRODUCTION,462.3653,462.3653,167.1510,22,17,-0.36151279,,-0.36151279,-0.36151279,-167.1510,462.3653,THIN_EXPOSURE,0.0000,5.0145,3.0000,97.0000,AG03-UNRESOLVED,ALL5_LEVELS_bet23_to_bet27,5.0145,5.0145,5.0145,6.6860,6.6860,3.000000,3.000000,3.000000,4.000000,4.000000,97.000000,97.000000,97.000000,96.000000,96.000000,5.0,28.4157,26.557,138.7353,140.5939,PENDING_AG03,FALSE,NOT_FOR_ENFORCEMENT,162.1364,448.4944,167.1510,162.1364,5.0145,0.36151279,0.35066741,5.0145,162.1364,0.35066741,5.0145,5.0145,5.0145,6.6860,6.6860,162.1364,0.35066741,28.4157,26.557,138.7353,140.5939,0.30005562,0.30407544,0.01084538,21.0166,27.1980,9.8324,83.5755,15.1955,231.1827,8.5000,,21.0166,5.1431,16.7151,35.4874,42.6878,48.8595,52.7168,16.7151,-3.8573,2.923077,3.153846,1.257343,9,10,5,5,0E-8,0.36151279,,0E-8,0.000000,1.000000,0.000000,,2026-06-05,2026-06-16,2,11,9,12,0.166667,,,0.000000,,,,,,,,GLOBAL_BASELINE_NO_ENTITY_RANKING,,,NOT_APPLICABLE_GLOBAL_BASELINE,HF9g-P5,,,,X 全窗基线 · 不参与实体赏罚,6879586,688,A168_HF9F_20260827_0900,2026-08-27 09:00:00
2026-06-05,150002746,2233,0,19.2866510659,19.2866510659,19.2866510659,1.0000000,1,1,0.49324550000000000,0.493245500000,1.01360149184955,1.01360149184955,1.01360149184955,0E-17,ELIGIBLE,R03b_20260811_FULL_v1,L1_ELIGIBILITY,v2026-08-11,2026-03-21..2026-08-06,baccarat_bet02_101_all_pairs_incl_sentinel,round_win = game_pnl > 0 (decisive only),COMPATIBILITY_ONLY_NOT_PRODUCTION,462.3653,462.3653,167.1510,22,17,-0.36151279,,-0.36151279,-0.36151279,-167.1510,462.3653,THIN_EXPOSURE,0.0000,5.0145,3.0000,97.0000,AG03-UNRESOLVED,ALL5_LEVELS_bet23_to_bet27,5.0145,5.0145,5.0145,6.6860,6.6860,3.000000,3.000000,3.000000,4.000000,4.000000,97.000000,97.000000,97.000000,96.000000,96.000000,5.0,28.4157,26.557,138.7353,140.5939,PENDING_AG03,FALSE,NOT_FOR_ENFORCEMENT,162.1364,448.4944,167.1510,162.1364,5.0145,0.36151279,0.35066741,5.0145,162.1364,0.35066741,5.0145,5.0145,5.0145,6.6860,6.6860,162.1364,0.35066741,28.4157,26.557,138.7353,140.5939,0.30005562,0.30407544,0.01084538,21.0166,27.1980,9.8324,83.5755,15.1955,231.1827,8.5000,,21.0166,5.1431,16.7151,35.4874,42.6878,48.8595,52.7168,16.7151,-3.8573,2.923077,3.153846,1.257343,9,10,5,5,0E-8,0.36151279,,0E-8,0.000000,1.000000,0.000000,,2026-06-05,2026-06-16,2,11,9,12,0.166667,,,0.000000,,,,,,,,GLOBAL_BASELINE_NO_ENTITY_RANKING,,,NOT_APPLICABLE_GLOBAL_BASELINE,HF9g-P5,,,,X 全窗基线 · 不参与实体赏罚,6879587,688,A168_HF9F_20260827_0900,2026-08-27 09:00:00
2026-06-05,150002746,2251,0,41.1448556073,-41.1448556073,-41.1448556073,0E-7,1,1,0.50665070000000000,0.506650700000,-1.013391052207602,-1.013391052207602,-1.013391052207602,0E-17,ELIGIBLE,R03b_20260811_FULL_v1,L1_ELIGIBILITY,v2026-08-11,2026-03-21..2026-08-06,baccarat_bet02_101_all_pairs_incl_sentinel,round_win = game_pnl > 0 (decisive only),COMPATIBILITY_ONLY_NOT_PRODUCTION,462.3653,462.3653,167.1510,22,17,-0.36151279,,-0.36151279,-0.36151279,-167.1510,462.3653,THIN_EXPOSURE,0.0000,5.0145,3.0000,97.0000,AG03-UNRESOLVED,ALL5_LEVELS_bet23_to_bet27,5.0145,5.0145,5.0145,6.6860,6.6860,3.000000,3.000000,3.000000,4.000000,4.000000,97.000000,97.000000,97.000000,96.000000,96.000000,5.0,28.4157,26.557,138.7353,140.5939,PENDING_AG03,FALSE,NOT_FOR_ENFORCEMENT,162.1364,448.4944,167.1510,162.1364,5.0145,0.36151279,0.35066741,5.0145,162.1364,0.35066741,5.0145,5.0145,5.0145,6.6860,6.6860,162.1364,0.35066741,28.4157,26.557,138.7353,140.5939,0.30005562,0.30407544,0.01084538,21.0166,27.1980,9.8324,83.5755,15.1955,231.1827,8.5000,,21.0166,5.1431,16.7151,35.4874,42.6878,48.8595,52.7168,16.7151,-3.8573,2.923077,3.153846,1.257343,9,10,5,5,0E-8,0.36151279,,0E-8,0.000000,1.000000,0.000000,,2026-06-05,2026-06-16,2,11,9,12,0.166667,,,0.000000,,,,,,,,GLOBAL_BASELINE_NO_ENTITY_RANKING,,,NOT_APPLICABLE_GLOBAL_BASELINE,HF9g-P5,,,,X 全窗基线 · 不参与实体赏罚,6879588,688,A168_HF9F_20260827_0900,2026-08-27 09:00:00
2026-06-16,150002746,-1,1,10.2862139018,-10.2862139018,-10.2862139018,0E-7,1,1,0.50665070000000000,0.506650700000,-1.013391052207602,-1.013391052207602,-1.013391052207602,0E-17,SENTINEL_DEALER,R03b_20260811_FULL_v1,L1_ELIGIBILITY,v2026-08-11,2026-03-21..2026-08-06,baccarat_bet02_101_all_pairs_incl_sentinel,round_win = game_pnl > 0 (decisive only),COMPATIBILITY_ONLY_NOT_PRODUCTION,462.3653,462.3653,167.1510,22,17,-0.36151279,,-0.36151279,-0.36151279,-167.1510,462.3653,THIN_EXPOSURE,0.0000,5.0145,3.0000,97.0000,AG03-UNRESOLVED,ALL5_LEVELS_bet23_to_bet27,5.0145,5.0145,5.0145,6.6860,6.6860,3.000000,3.000000,3.000000,4.000000,4.000000,97.000000,97.000000,97.000000,96.000000,96.000000,5.0,28.4157,26.557,138.7353,140.5939,PENDING_AG03,FALSE,NOT_FOR_ENFORCEMENT,162.1364,448.4944,167.1510,162.1364,5.0145,0.36151279,0.35066741,5.0145,162.1364,0.35066741,5.0145,5.0145,5.0145,6.6860,6.6860,162.1364,0.35066741,28.4157,26.557,138.7353,140.5939,0.30005562,0.30407544,0.01084538,21.0166,27.1980,9.8324,83.5755,15.1955,231.1827,8.5000,,21.0166,5.1431,16.7151,35.4874,42.6878,48.8595,52.7168,16.7151,-3.8573,2.923077,3.153846,1.257343,9,10,5,5,0E-8,0.36151279,,0E-8,0.000000,1.000000,0.000000,,2026-06-05,2026-06-16,2,11,9,12,0.166667,,,0.000000,,,,,,,,GLOBAL_BASELINE_NO_ENTITY_RANKING,,,NOT_APPLICABLE_GLOBAL_BASELINE,HF9g-P5,,,,X 全窗基线 · 不参与实体赏罚,6879589,688,A168_HF9F_20260827_0900,2026-08-27 09:00:00
2026-06-16,150002746,1094,0,25.7155347545,-25.7155347545,-25.7155347545,0E-7,1,1,0.49324550000000000,0.493245500000,-0.9865810262130424,-0.9865810262130424,-0.9865810262130424,0E-17,ELIGIBLE,R03b_20260811_FULL_v1,L1_ELIGIBILITY,v2026-08-11,2026-03-21..2026-08-06,baccarat_bet02_101_all_pairs_incl_sentinel,round_win = game_pnl > 0 (decisive only),COMPATIBILITY_ONLY_NOT_PRODUCTION,462.3653,462.3653,167.1510,22,17,-0.36151279,,-0.36151279,-0.36151279,-167.1510,462.3653,THIN_EXPOSURE,0.0000,5.0145,3.0000,97.0000,AG03-UNRESOLVED,ALL5_LEVELS_bet23_to_bet27,5.0145,5.0145,5.0145,6.6860,6.6860,3.000000,3.000000,3.000000,4.000000,4.000000,97.000000,97.000000,97.000000,96.000000,96.000000,5.0,28.4157,26.557,138.7353,140.5939,PENDING_AG03,FALSE,NOT_FOR_ENFORCEMENT,162.1364,448.4944,167.1510,162.1364,5.0145,0.36151279,0.35066741,5.0145,162.1364,0.35066741,5.0145,5.0145,5.0145,6.6860,6.6860,162.1364,0.35066741,28.4157,26.557,138.7353,140.5939,0.30005562,0.30407544,0.01084538,21.0166,27.1980,9.8324,83.5755,15.1955,231.1827,8.5000,,21.0166,5.1431,16.7151,35.4874,42.6878,48.8595,52.7168,16.7151,-3.8573,2.923077,3.153846,1.257343,9,10,5,5,0E-8,0.36151279,,0E-8,0.000000,1.000000,0.000000,,2026-06-05,2026-06-16,2,11,9,12,0.166667,,,0.000000,,,,,,,,GLOBAL_BASELINE_NO_ENTITY_RANKING,,,NOT_APPLICABLE_GLOBAL_BASELINE,HF9g-P5,,,,X 全窗基线 · 不参与实体赏罚,6879590,688,A168_HF9F_20260827_0900,2026-08-27 09:00:00
2026-06-16,150002746,1385,0,41.1448556073,-41.1448556073,-41.1448556073,0E-7,2,1,0.48089770624956186,0.300626750000,-0.9624980955413303,-0.655630731788307,-0.9624980955413303,0.18027095624956186,ELIGIBLE,R03b_20260811_FULL_v1,L1_ELIGIBILITY,v2026-08-11,2026-03-21..2026-08-06,baccarat_bet02_101_all_pairs_incl_sentinel,round_win = game_pnl > 0 (decisive only),COMPATIBILITY_ONLY_NOT_PRODUCTION,462.3653,462.3653,167.1510,22,17,-0.36151279,,-0.36151279,-0.36151279,-167.1510,462.3653,THIN_EXPOSURE,0.0000,5.0145,3.0000,97.0000,AG03-UNRESOLVED,ALL5_LEVELS_bet23_to_bet27,5.0145,5.0145,5.0145,6.6860,6.6860,3.000000,3.000000,3.000000,4.000000,4.000000,97.000000,97.000000,97.000000,96.000000,96.000000,5.0,28.4157,26.557,138.7353,140.5939,PENDING_AG03,FALSE,NOT_FOR_ENFORCEMENT,162.1364,448.4944,167.1510,162.1364,5.0145,0.36151279,0.35066741,5.0145,162.1364,0.35066741,5.0145,5.0145,5.0145,6.6860,6.6860,162.1364,0.35066741,28.4157,26.557,138.7353,140.5939,0.30005562,0.30407544,0.01084538,21.0166,27.1980,9.8324,83.5755,15.1955,231.1827,8.5000,,21.0166,5.1431,16.7151,35.4874,42.6878,48.8595,52.7168,16.7151,-3.8573,2.923077,3.153846,1.257343,9,10,5,5,0E-8,0.36151279,,0E-8,0.000000,1.000000,0.000000,,2026-06-05,2026-06-16,2,11,9,12,0.166667,,,0.000000,,,,,,,,GLOBAL_BASELINE_NO_ENTITY_RANKING,,,NOT_APPLICABLE_GLOBAL_BASELINE,HF9g-P5,,,,X 全窗基线 · 不参与实体赏罚,6879591,688,A168_HF9F_20260827_0900,2026-08-27 09:00:00
2026-06-16,150002746,1751,0,18.0008743283,-18.0008743283,-18.0008743283,0E-7,3,1,0.38323574285577165,0.218682466667,-0.7882671075063697,-0.5290457096990526,-0.7882671075063697,0.16455327618877165,ELIGIBLE,R03b_20260811_FULL_v1,L1_ELIGIBILITY,v2026-08-11,2026-03-21..2026-08-06,baccarat_bet02_101_all_pairs_incl_sentinel,round_win = game_pnl > 0 (decisive only),COMPATIBILITY_ONLY_NOT_PRODUCTION,462.3653,462.3653,167.1510,22,17,-0.36151279,,-0.36151279,-0.36151279,-167.1510,462.3653,THIN_EXPOSURE,0.0000,5.0145,3.0000,97.0000,AG03-UNRESOLVED,ALL5_LEVELS_bet23_to_bet27,5.0145,5.0145,5.0145,6.6860,6.6860,3.000000,3.000000,3.000000,4.000000,4.000000,97.000000,97.000000,97.000000,96.000000,96.000000,5.0,28.4157,26.557,138.7353,140.5939,PENDING_AG03,FALSE,NOT_FOR_ENFORCEMENT,162.1364,448.4944,167.1510,162.1364,5.0145,0.36151279,0.35066741,5.0145,162.1364,0.35066741,5.0145,5.0145,5.0145,6.6860,6.6860,162.1364,0.35066741,28.4157,26.557,138.7353,140.5939,0.30005562,0.30407544,0.01084538,21.0166,27.1980,9.8324,83.5755,15.1955,231.1827,8.5000,,21.0166,5.1431,16.7151,35.4874,42.6878,48.8595,52.7168,16.7151,-3.8573,2.923077,3.153846,1.257343,9,10,5,5,0E-8,0.36151279,,0E-8,0.000000,1.000000,0.000000,,2026-06-05,2026-06-16,2,11,9,12,0.166667,,,0.000000,,,,,,,,GLOBAL_BASELINE_NO_ENTITY_RANKING,,,NOT_APPLICABLE_GLOBAL_BASELINE,HF9g-P5,,,,X 全窗基线 · 不参与实体赏罚,6879592,688,A168_HF9F_20260827_0900,2026-08-27 09:00:00
2026-06-16,150002746,2235,0,56.5741764600,23.6582919742,23.6582919742,0.5000000,2,2,0.50665070000000000,0.506650700000,-0.018812684590367487,-0.018812684590367487,-0.018812684590367487,0E-17,ELIGIBLE,R03b_20260811_FULL_v1,L1_ELIGIBILITY,v2026-08-11,2026-03-21..2026-08-06,baccarat_bet02_101_all_pairs_incl_sentinel,round_win = game_pnl > 0 (decisive only),COMPATIBILITY_ONLY_NOT_PRODUCTION,462.3653,462.3653,167.1510,22,17,-0.36151279,,-0.36151279,-0.36151279,-167.1510,462.3653,THIN_EXPOSURE,0.0000,5.0145,3.0000,97.0000,AG03-UNRESOLVED,ALL5_LEVELS_bet23_to_bet27,5.0145,5.0145,5.0145,6.6860,6.6860,3.000000,3.000000,3.000000,4.000000,4.000000,97.000000,97.000000,97.000000,96.000000,96.000000,5.0,28.4157,26.557,138.7353,140.5939,PENDING_AG03,FALSE,NOT_FOR_ENFORCEMENT,162.1364,448.4944,167.1510,162.1364,5.0145,0.36151279,0.35066741,5.0145,162.1364,0.35066741,5.0145,5.0145,5.0145,6.6860,6.6860,162.1364,0.35066741,28.4157,26.557,138.7353,140.5939,0.30005562,0.30407544,0.01084538,21.0166,27.1980,9.8324,83.5755,15.1955,231.1827,8.5000,,21.0166,5.1431,16.7151,35.4874,42.6878,48.8595,52.7168,16.7151,-3.8573,2.923077,3.153846,1.257343,9,10,5,5,0E-8,0.36151279,,0E-8,0.000000,1.000000,0.000000,,2026-06-05,2026-06-16,2,11,9,12,0.166667,,,0.000000,,,,,,,,GLOBAL_BASELINE_NO_ENTITY_RANKING,,,NOT_APPLICABLE_GLOBAL_BASELINE,HF9g-P5,,,,X 全窗基线 · 不参与实体赏罚,6879593,688,A168_HF9F_20260827_0900,2026-08-27 09:00:00
2026-06-16,150002746,2252,0,96.4332553295,-10.2862139018,-10.2862139018,0.6666667,3,3,0.50218230000000000,0.502182300000,0.5697959874915163,0.5697959874915164,0.5697959874915163,0E-17,ELIGIBLE,R03b_20260811_FULL_v1,L1_ELIGIBILITY,v2026-08-11,2026-03-21..2026-08-06,baccarat_bet02_101_all_pairs_incl_sentinel,round_win = game_pnl > 0 (decisive only),COMPATIBILITY_ONLY_NOT_PRODUCTION,462.3653,462.3653,167.1510,22,17,-0.36151279,,-0.36151279,-0.36151279,-167.1510,462.3653,THIN_EXPOSURE,0.0000,5.0145,3.0000,97.0000,AG03-UNRESOLVED,ALL5_LEVELS_bet23_to_bet27,5.0145,5.0145,5.0145,6.6860,6.6860,3.000000,3.000000,3.000000,4.000000,4.000000,97.000000,97.000000,97.000000,96.000000,96.000000,5.0,28.4157,26.557,138.7353,140.5939,PENDING_AG03,FALSE,NOT_FOR_ENFORCEMENT,162.1364,448.4944,167.1510,162.1364,5.0145,0.36151279,0.35066741,5.0145,162.1364,0.35066741,5.0145,5.0145,5.0145,6.6860,6.6860,162.1364,0.35066741,28.4157,26.557,138.7353,140.5939,0.30005562,0.30407544,0.01084538,21.0166,27.1980,9.8324,83.5755,15.1955,231.1827,8.5000,,21.0166,5.1431,16.7151,35.4874,42.6878,48.8595,52.7168,16.7151,-3.8573,2.923077,3.153846,1.257343,9,10,5,5,0E-8,0.36151279,,0E-8,0.000000,1.000000,0.000000,,2026-06-05,2026-06-16,2,11,9,12,0.166667,,,0.000000,,,,,,,,GLOBAL_BASELINE_NO_ENTITY_RANKING,,,NOT_APPLICABLE_GLOBAL_BASELINE,HF9g-P5,,,,X 全窗基线 · 不参与实体赏罚,6879594,688,A168_HF9F_20260827_0900,2026-08-27 09:00:00
2026-06-16,150002746,595,0,90.0043716410,-24.8154910382,-24.8154910382,0.3333333,5,3,0.43465864166596678,0.410661288889,-0.3540373024894238,-0.2722530715325291,-0.3540373024894238,0.02399735277696678,ELIGIBLE,R03b_20260811_FULL_v1,L1_ELIGIBILITY,v2026-08-11,2026-03-21..2026-08-06,baccarat_bet02_101_all_pairs_incl_sentinel,round_win = game_pnl > 0 (decisive only),COMPATIBILITY_ONLY_NOT_PRODUCTION,462.3653,462.3653,167.1510,22,17,-0.36151279,,-0.36151279,-0.36151279,-167.1510,462.3653,THIN_EXPOSURE,0.0000,5.0145,3.0000,97.0000,AG03-UNRESOLVED,ALL5_LEVELS_bet23_to_bet27,5.0145,5.0145,5.0145,6.6860,6.6860,3.000000,3.000000,3.000000,4.000000,4.000000,97.000000,97.000000,97.000000,96.000000,96.000000,5.0,28.4157,26.557,138.7353,140.5939,PENDING_AG03,FALSE,NOT_FOR_ENFORCEMENT,162.1364,448.4944,167.1510,162.1364,5.0145,0.36151279,0.35066741,5.0145,162.1364,0.35066741,5.0145,5.0145,5.0145,6.6860,6.6860,162.1364,0.35066741,28.4157,26.557,138.7353,140.5939,0.30005562,0.30407544,0.01084538,21.0166,27.1980,9.8324,83.5755,15.1955,231.1827,8.5000,,21.0166,5.1431,16.7151,35.4874,42.6878,48.8595,52.7168,16.7151,-3.8573,2.923077,3.153846,1.257343,9,10,5,5,0E-8,0.36151279,,0E-8,0.000000,1.000000,0.000000,,2026-06-05,2026-06-16,2,11,9,12,0.166667,,,0.000000,,,,,,,,GLOBAL_BASELINE_NO_ENTITY_RANKING,,,NOT_APPLICABLE_GLOBAL_BASELINE,HF9g-P5,,,,X 全窗基线 · 不参与实体赏罚,6879595,688,A168_HF9F_20260827_0900,2026-08-27 09:00:00
2026-06-01,150865543,1353,0,167.1509759045,-167.1509759045,-167.1509759045,0E-7,1,1,0.50665070000000000,0.506650700000,-1.013391052207602,-1.013391052207602,-1.013391052207602,0E-17,ELIGIBLE,R03b_20260811_FULL_v1,L1_ELIGIBILITY,v2026-08-11,2026-03-21..2026-08-06,baccarat_bet02_101_all_pairs_incl_sentinel,round_win = game_pnl > 0 (decisive only),COMPATIBILITY_ONLY_NOT_PRODUCTION,167.1510,167.1510,167.1510,1,1,-1.00000000,,-1.00000000,-1.00000000,-167.1510,167.1510,THIN_EXPOSURE,0.0000,5.0145,3.0000,97.0000,AG03-UNRESOLVED,ALL5_LEVELS_bet23_to_bet27,5.0145,5.0145,5.0145,6.6860,6.6860,3.000000,3.000000,3.000000,4.000000,4.000000,97.000000,97.000000,97.000000,96.000000,96.000000,5.0,28.4157,26.557,138.7353,140.5939,PENDING_AG03,FALSE,NOT_FOR_ENFORCEMENT,162.1364,162.1364,167.1510,162.1364,5.0145,1.00000000,0.97000000,5.0145,162.1364,0.97000000,5.0145,5.0145,5.0145,6.6860,6.6860,162.1364,0.97000000,28.4157,26.557,138.7353,140.5939,0.83000000,0.84111944,0.03000000,167.1510,167.1510,167.1510,167.1510,167.1510,167.1510,1.0000,,167.1510,167.151,167.151,167.151,167.151,167.151,167.151,167.151,-167.151,1.0,1.0,1.0,1,1,1,1,0E-8,1.00000000,,0E-8,0.000000,1.000000,0.000000,,2026-06-01,2026-06-01,1,1,1,1,1.000000,,,0.000000,,,,,,,,GLOBAL_BASELINE_NO_ENTITY_RANKING,,,NOT_APPLICABLE_GLOBAL_BASELINE,HF9g-P5,,,,X 全窗基线 · 不参与实体赏罚,6879596,688,A168_HF9F_20260827_0900,2026-08-27 09:00:00
2026-06-09,151193181,2115,0,38.5733021318,-38.5733021318,-38.5733021318,0E-7,1,1,0.49324550000000000,0.493245500000,-0.9865810262130424,-0.9865810262130424,-0.9865810262130424,0E-17,ELIGIBLE,R03b_20260811_FULL_v1,L1_ELIGIBILITY,v2026-08-11,2026-03-21..2026-08-06,baccarat_bet02_101_all_pairs_incl_sentinel,round_win = game_pnl > 0 (decisive only),COMPATIBILITY_ONLY_NOT_PRODUCTION,167.1510,167.1510,167.1510,2,2,-1.00000000,,-1.00000000,-1.00000000,-167.1510,167.1510,THIN_EXPOSURE,0.0000,5.0145,3.0000,97.0000,AG03-UNRESOLVED,ALL5_LEVELS_bet23_to_bet27,5.0145,5.0145,5.0145,6.6860,6.6860,3.000000,3.000000,3.000000,4.000000,4.000000,97.000000,97.000000,97.000000,96.000000,96.000000,5.0,28.4157,26.557,138.7353,140.5939,PENDING_AG03,FALSE,NOT_FOR_ENFORCEMENT,162.1364,162.1364,167.1510,162.1364,5.0145,1.00000000,0.97000000,5.0145,162.1364,0.97000000,5.0145,5.0145,5.0145,6.6860,6.6860,162.1364,0.97000000,28.4157,26.557,138.7353,140.5939,0.83000000,0.84111944,0.03000000,83.5755,83.5755,83.5755,167.1510,83.5755,167.1510,2.0000,,83.5755,38.5733,83.5755,128.5777,128.5777,128.5777,128.5777,83.5755,-83.5755,1.538462,1.538462,1.0,2,2,1,2,0E-8,1.00000000,,0E-8,0.000000,1.000000,0.000000,,2026-06-09,2026-06-09,1,2,2,1,1.000000,,,0.000000,,,,,,,,GLOBAL_BASELINE_NO_ENTITY_RANKING,,,NOT_APPLICABLE_GLOBAL_BASELINE,HF9g-P5,,,,X 全窗基线 · 不参与实体赏罚,6879597,688,A168_HF9F_20260827_0900,2026-08-27 09:00:00
2026-06-09,151193181,2177,0,128.5776737727,-128.5776737727,-128.5776737727,0E-7,1,1,0.50665070000000000,0.506650700000,-1.013391052207602,-1.013391052207602,-1.013391052207602,0E-17,ELIGIBLE,R03b_20260811_FULL_v1,L1_ELIGIBILITY,v2026-08-11,2026-03-21..2026-08-06,baccarat_bet02_101_all_pairs_incl_sentinel,round_win = game_pnl > 0 (decisive only),COMPATIBILITY_ONLY_NOT_PRODUCTION,167.1510,167.1510,167.1510,2,2,-1.00000000,,-1.00000000,-1.00000000,-167.1510,167.1510,THIN_EXPOSURE,0.0000,5.0145,3.0000,97.0000,AG03-UNRESOLVED,ALL5_LEVELS_bet23_to_bet27,5.0145,5.0145,5.0145,6.6860,6.6860,3.000000,3.000000,3.000000,4.000000,4.000000,97.000000,97.000000,97.000000,96.000000,96.000000,5.0,28.4157,26.557,138.7353,140.5939,PENDING_AG03,FALSE,NOT_FOR_ENFORCEMENT,162.1364,162.1364,167.1510,162.1364,5.0145,1.00000000,0.97000000,5.0145,162.1364,0.97000000,5.0145,5.0145,5.0145,6.6860,6.6860,162.1364,0.97000000,28.4157,26.557,138.7353,140.5939,0.83000000,0.84111944,0.03000000,83.5755,83.5755,83.5755,167.1510,83.5755,167.1510,2.0000,,83.5755,38.5733,83.5755,128.5777,128.5777,128.5777,128.5777,83.5755,-83.5755,1.538462,1.538462,1.0,2,2,1,2,0E-8,1.00000000,,0E-8,0.000000,1.000000,0.000000,,2026-06-09,2026-06-09,1,2,2,1,1.000000,,,0.000000,,,,,,,,GLOBAL_BASELINE_NO_ENTITY_RANKING,,,NOT_APPLICABLE_GLOBAL_BASELINE,HF9g-P5,,,,X 全窗基线 · 不参与实体赏罚,6879598,688,A168_HF9F_20260827_0900,2026-08-27 09:00:00
2026-06-20,151824555,2167,0,167.1509759046,-167.1509759046,-167.1509759046,0E-7,3,1,0.42885363076911520,0.214214066667,-0.8665244781606798,-0.5221218497722453,-0.8665244781606798,0.21463956410211520,ELIGIBLE,R03b_20260811_FULL_v1,L1_ELIGIBILITY,v2026-08-11,2026-03-21..2026-08-06,baccarat_bet02_101_all_pairs_incl_sentinel,round_win = game_pnl > 0 (decisive only),COMPATIBILITY_ONLY_NOT_PRODUCTION,167.1510,167.1510,167.1510,3,1,-1.00000000,,-1.00000000,-1.00000000,-167.1510,167.1510,THIN_EXPOSURE,0.0000,5.0145,3.0000,97.0000,AG03-UNRESOLVED,ALL5_LEVELS_bet23_to_bet27,5.0145,5.0145,5.0145,6.6860,6.6860,3.000000,3.000000,3.000000,4.000000,4.000000,97.000000,97.000000,97.000000,96.000000,96.000000,5.0,28.4157,26.557,138.7353,140.5939,PENDING_AG03,FALSE,NOT_FOR_ENFORCEMENT,162.1364,162.1364,167.1510,162.1364,5.0145,1.00000000,0.97000000,5.0145,162.1364,0.97000000,5.0145,5.0145,5.0145,6.6860,6.6860,162.1364,0.97000000,28.4157,26.557,138.7353,140.5939,0.83000000,0.84111944,0.03000000,55.7170,167.1510,167.1510,167.1510,167.1510,167.1510,1.0000,,55.7170,12.8578,12.8578,109.291,141.4354,141.4354,141.4354,12.8578,-12.8578,11.0,11.0,4.333333,1,1,1,3,0E-8,1.00000000,,0E-8,0.000000,1.000000,0.000000,,2026-06-20,2026-06-20,1,1,1,1,1.000000,,,0.000000,,,,,,,,GLOBAL_BASELINE_NO_ENTITY_RANKING,,,NOT_APPLICABLE_GLOBAL_BASELINE,HF9g-P5,,,,X 全窗基线 · 不参与实体赏罚,6879599,688,A168_HF9F_20260827_0900,2026-08-27 09:00:00
2026-05-29,75929471,1383,0,77.8371646515,-77.8371646515,-77.8371646515,0E-7,1,1,0.50665070000000000,0.506650700000,-1.013391052207602,-1.013391052207602,-1.013391052207602,0E-17,ELIGIBLE,R03b_20260811_FULL_v1,L1_ELIGIBILITY,v2026-08-11,2026-03-21..2026-08-06,baccarat_bet02_101_all_pairs_incl_sentinel,round_win = game_pnl > 0 (decisive only),COMPATIBILITY_ONLY_NOT_PRODUCTION,193.9660,193.9660,168.8934,3,3,-0.87073693,,-0.87073693,-0.87073693,-168.8934,193.9660,THIN_EXPOSURE,0.0000,6.7557,4.0000,96.0000,AG03-UNRESOLVED,ALL5_LEVELS_bet23_to_bet27,6.7557,6.7557,6.7557,8.4447,8.4447,4.000000,4.000000,4.000000,5.000000,5.000000,96.000000,96.000000,96.000000,95.000000,95.000000,5.0,37.1565,34.0364,131.7369,134.857,PENDING_AG03,FALSE,NOT_FOR_ENFORCEMENT,162.1377,186.2074,168.8934,162.1377,6.7557,0.87073693,0.83590745,6.7557,162.1377,0.83590745,6.7557,6.7557,6.7557,8.4447,8.4447,162.1377,0.83590745,37.1565,34.0364,131.7369,134.857,0.67917481,0.69526101,0.03482948,64.6553,64.6553,56.2978,56.2978,56.2978,64.6553,1.0000,,64.6553,29.1026,77.8372,96.9126,103.2711,103.2711,103.2711,77.8372,-77.8372,1.326758,1.326758,0.830649,3,3,3,2,0E-8,0.87073693,,0E-8,0.000000,1.000000,0.000000,,2026-05-29,2026-07-02,3,3,3,35,0.085714,,,0.000000,,,,,,,,GLOBAL_BASELINE_NO_ENTITY_RANKING,,,NOT_APPLICABLE_GLOBAL_BASELINE,HF9g-P5,,,,X 全窗基线 · 不参与实体赏罚,6879600,688,A168_HF9F_20260827_0900,2026-08-27 09:00:00
2026-06-13,75929471,2142,0,12.8577673773,12.2148790084,12.2148790084,1.0000000,1,1,0.50665070000000000,0.506650700000,0.9867858985152569,0.9867858985152569,0.9867858985152569,0E-17,ELIGIBLE,R03b_20260811_FULL_v1,L1_ELIGIBILITY,v2026-08-11,2026-03-21..2026-08-06,baccarat_bet02_101_all_pairs_incl_sentinel,round_win = game_pnl > 0 (decisive only),COMPATIBILITY_ONLY_NOT_PRODUCTION,193.9660,193.9660,168.8934,3,3,-0.87073693,,-0.87073693,-0.87073693,-168.8934,193.9660,THIN_EXPOSURE,0.0000,6.7557,4.0000,96.0000,AG03-UNRESOLVED,ALL5_LEVELS_bet23_to_bet27,6.7557,6.7557,6.7557,8.4447,8.4447,4.000000,4.000000,4.000000,5.000000,5.000000,96.000000,96.000000,96.000000,95.000000,95.000000,5.0,37.1565,34.0364,131.7369,134.857,PENDING_AG03,FALSE,NOT_FOR_ENFORCEMENT,162.1377,186.2074,168.8934,162.1377,6.7557,0.87073693,0.83590745,6.7557,162.1377,0.83590745,6.7557,6.7557,6.7557,8.4447,8.4447,162.1377,0.83590745,37.1565,34.0364,131.7369,134.857,0.67917481,0.69526101,0.03482948,64.6553,64.6553,56.2978,56.2978,56.2978,64.6553,1.0000,,64.6553,29.1026,77.8372,96.9126,103.2711,103.2711,103.2711,77.8372,-77.8372,1.326758,1.326758,0.830649,3,3,3,2,0E-8,0.87073693,,0E-8,0.000000,1.000000,0.000000,,2026-05-29,2026-07-02,3,3,3,35,0.085714,,,0.000000,,,,,,,,GLOBAL_BASELINE_NO_ENTITY_RANKING,,,NOT_APPLICABLE_GLOBAL_BASELINE,HF9g-P5,,,,X 全窗基线 · 不参与实体赏罚,6879601,688,A168_HF9F_20260827_0900,2026-08-27 09:00:00
2026-07-02,75929471,2239,0,103.2711124881,-103.2711124881,-103.2711124881,0E-7,1,1,0.49324550000000000,0.493245500000,-0.9865810262130424,-0.9865810262130424,-0.9865810262130424,0E-17,ELIGIBLE,R03b_20260811_FULL_v1,L1_ELIGIBILITY,v2026-08-11,2026-03-21..2026-08-06,baccarat_bet02_101_all_pairs_incl_sentinel,round_win = game_pnl > 0 (decisive only),COMPATIBILITY_ONLY_NOT_PRODUCTION,193.9660,193.9660,168.8934,3,3,-0.87073693,,-0.87073693,-0.87073693,-168.8934,193.9660,THIN_EXPOSURE,0.0000,6.7557,4.0000,96.0000,AG03-UNRESOLVED,ALL5_LEVELS_bet23_to_bet27,6.7557,6.7557,6.7557,8.4447,8.4447,4.000000,4.000000,4.000000,5.000000,5.000000,96.000000,96.000000,96.000000,95.000000,95.000000,5.0,37.1565,34.0364,131.7369,134.857,PENDING_AG03,FALSE,NOT_FOR_ENFORCEMENT,162.1377,186.2074,168.8934,162.1377,6.7557,0.87073693,0.83590745,6.7557,162.1377,0.83590745,6.7557,6.7557,6.7557,8.4447,8.4447,162.1377,0.83590745,37.1565,34.0364,131.7369,134.857,0.67917481,0.69526101,0.03482948,64.6553,64.6553,56.2978,56.2978,56.2978,64.6553,1.0000,,64.6553,29.1026,77.8372,96.9126,103.2711,103.2711,103.2711,77.8372,-77.8372,1.326758,1.326758,0.830649,3,3,3,2,0E-8,0.87073693,,0E-8,0.000000,1.000000,0.000000,,2026-05-29,2026-07-02,3,3,3,35,0.085714,,,0.000000,,,,,,,,GLOBAL_BASELINE_NO_ENTITY_RANKING,,,NOT_APPLICABLE_GLOBAL_BASELINE,HF9g-P5,,,,X 全窗基线 · 不参与实体赏罚,6879602,688,A168_HF9F_20260827_0900,2026-08-27 09:00:00
2026-06-11,113367377,-1,1,9.2575925116,-1.2343456682,-1.2343456682,0.5000000,2,2,0.49994810000000000,0.499948100000,0.00014679536856514622,0.00014679536856514622,0.00014679536856514622,0E-17,SENTINEL_DEALER,R03b_20260811_FULL_v1,L1_ELIGIBILITY,v2026-08-11,2026-03-21..2026-08-06,baccarat_bet02_101_all_pairs_incl_sentinel,round_win = game_pnl > 0 (decisive only),COMPATIBILITY_ONLY_NOT_PRODUCTION,182.0660,182.0660,168.8996,13,11,-0.92768362,,-0.92768362,-0.92768362,-168.8996,182.0660,THIN_EXPOSURE,0.0000,6.7560,4.0000,96.0000,AG03-UNRESOLVED,ALL5_LEVELS_bet23_to_bet27,6.7560,6.7560,6.7560,8.4450,8.4450,4.000000,4.000000,4.000000,5.000000,5.000000,96.000000,96.000000,96.000000,95.000000,95.000000,5.0,37.1579,34.0376,131.7417,134.862,PENDING_AG03,FALSE,NOT_FOR_ENFORCEMENT,162.1436,174.7833,168.8996,162.1436,6.7560,0.92768362,0.89057627,6.7560,162.1436,0.89057627,6.7560,6.7560,6.7560,8.4450,8.4450,162.1436,0.89057627,37.1579,34.0376,131.7417,134.862,0.72359322,0.74073147,0.03710734,14.0051,16.5515,15.3545,168.8996,18.7666,182.0660,11.0000,,14.0051,4.886,5.4003,12.8578,48.8595,57.2171,59.1457,5.4003,-5.4003,10.595236,10.952381,2.593407,8,7,1,3,0E-8,0.92768362,,0E-8,0.000000,1.000000,0.000000,,2026-06-11,2026-06-11,1,9,8,1,1.000000,,,0.000000,,,,,,,,GLOBAL_BASELINE_NO_ENTITY_RANKING,,,NOT_APPLICABLE_GLOBAL_BASELINE,HF9g-P5,,,,X 全窗基线 · 不参与实体赏罚,6879603,688,A168_HF9F_20260827_0900,2026-08-27 09:00:00
2026-06-11,113367377,1353,0,12.8577673773,-12.8577673773,-12.8577673773,0E-7,1,1,0.49324550000000000,0.493245500000,-0.9865810262130424,-0.9865810262130424,-0.9865810262130424,0E-17,ELIGIBLE,R03b_20260811_FULL_v1,L1_ELIGIBILITY,v2026-08-11,2026-03-21..2026-08-06,baccarat_bet02_101_all_pairs_incl_sentinel,round_win = game_pnl > 0 (decisive only),COMPATIBILITY_ONLY_NOT_PRODUCTION,182.0660,182.0660,168.8996,13,11,-0.92768362,,-0.92768362,-0.92768362,-168.8996,182.0660,THIN_EXPOSURE,0.0000,6.7560,4.0000,96.0000,AG03-UNRESOLVED,ALL5_LEVELS_bet23_to_bet27,6.7560,6.7560,6.7560,8.4450,8.4450,4.000000,4.000000,4.000000,5.000000,5.000000,96.000000,96.000000,96.000000,95.000000,95.000000,5.0,37.1579,34.0376,131.7417,134.862,PENDING_AG03,FALSE,NOT_FOR_ENFORCEMENT,162.1436,174.7833,168.8996,162.1436,6.7560,0.92768362,0.89057627,6.7560,162.1436,0.89057627,6.7560,6.7560,6.7560,8.4450,8.4450,162.1436,0.89057627,37.1579,34.0376,131.7417,134.862,0.72359322,0.74073147,0.03710734,14.0051,16.5515,15.3545,168.8996,18.7666,182.0660,11.0000,,14.0051,4.886,5.4003,12.8578,48.8595,57.2171,59.1457,5.4003,-5.4003,10.595236,10.952381,2.593407,8,7,1,3,0E-8,0.92768362,,0E-8,0.000000,1.000000,0.000000,,2026-06-11,2026-06-11,1,9,8,1,1.000000,,,0.000000,,,,,,,,GLOBAL_BASELINE_NO_ENTITY_RANKING,,,NOT_APPLICABLE_GLOBAL_BASELINE,HF9g-P5,,,,X 全窗基线 · 不参与实体赏罚,6879604,688,A168_HF9F_20260827_0900,2026-08-27 09:00:00
2026-06-11,113367377,1400,0,54.0026229846,-54.0026229846,-54.0026229846,0E-7,3,2,0.48604830500004006,0.403638725000,-1.3752877129932282,-1.1634740288448888,-1.3752877129932282,0.08240958000004006,ELIGIBLE,R03b_20260811_FULL_v1,L1_ELIGIBILITY,v2026-08-11,2026-03-21..2026-08-06,baccarat_bet02_101_all_pairs_incl_sentinel,round_win = game_pnl > 0 (decisive only),COMPATIBILITY_ONLY_NOT_PRODUCTION,182.0660,182.0660,168.8996,13,11,-0.92768362,,-0.92768362,-0.92768362,-168.8996,182.0660,THIN_EXPOSURE,0.0000,6.7560,4.0000,96.0000,AG03-UNRESOLVED,ALL5_LEVELS_bet23_to_bet27,6.7560,6.7560,6.7560,8.4450,8.4450,4.000000,4.000000,4.000000,5.000000,5.000000,96.000000,96.000000,96.000000,95.000000,95.000000,5.0,37.1579,34.0376,131.7417,134.862,PENDING_AG03,FALSE,NOT_FOR_ENFORCEMENT,162.1436,174.7833,168.8996,162.1436,6.7560,0.92768362,0.89057627,6.7560,162.1436,0.89057627,6.7560,6.7560,6.7560,8.4450,8.4450,162.1436,0.89057627,37.1579,34.0376,131.7417,134.862,0.72359322,0.74073147,0.03710734,14.0051,16.5515,15.3545,168.8996,18.7666,182.0660,11.0000,,14.0051,4.886,5.4003,12.8578,48.8595,57.2171,59.1457,5.4003,-5.4003,10.595236,10.952381,2.593407,8,7,1,3,0E-8,0.92768362,,0E-8,0.000000,1.000000,0.000000,,2026-06-11,2026-06-11,1,9,8,1,1.000000,,,0.000000,,,,,,,,GLOBAL_BASELINE_NO_ENTITY_RANKING,,,NOT_APPLICABLE_GLOBAL_BASELINE,HF9g-P5,,,,X 全窗基线 · 不参与实体赏罚,6879605,688,A168_HF9F_20260827_0900,2026-08-27 09:00:00
2026-06-11,113367377,2134,0,12.8577673773,-12.8577673773,-12.8577673773,0E-7,1,1,0.49324550000000000,0.493245500000,-0.9865810262130424,-0.9865810262130424,-0.9865810262130424,0E-17,ELIGIBLE,R03b_20260811_FULL_v1,L1_ELIGIBILITY,v2026-08-11,2026-03-21..2026-08-06,baccarat_bet02_101_all_pairs_incl_sentinel,round_win = game_pnl > 0 (decisive only),COMPATIBILITY_ONLY_NOT_PRODUCTION,182.0660,182.0660,168.8996,13,11,-0.92768362,,-0.92768362,-0.92768362,-168.8996,182.0660,THIN_EXPOSURE,0.0000,6.7560,4.0000,96.0000,AG03-UNRESOLVED,ALL5_LEVELS_bet23_to_bet27,6.7560,6.7560,6.7560,8.4450,8.4450,4.000000,4.000000,4.000000,5.000000,5.000000,96.000000,96.000000,96.000000,95.000000,95.000000,5.0,37.1579,34.0376,131.7417,134.862,PENDING_AG03,FALSE,NOT_FOR_ENFORCEMENT,162.1436,174.7833,168.8996,162.1436,6.7560,0.92768362,0.89057627,6.7560,162.1436,0.89057627,6.7560,6.7560,6.7560,8.4450,8.4450,162.1436,0.89057627,37.1579,34.0376,131.7417,134.862,0.72359322,0.74073147,0.03710734,14.0051,16.5515,15.3545,168.8996,18.7666,182.0660,11.0000,,14.0051,4.886,5.4003,12.8578,48.8595,57.2171,59.1457,5.4003,-5.4003,10.595236,10.952381,2.593407,8,7,1,3,0E-8,0.92768362,,0E-8,0.000000,1.000000,0.000000,,2026-06-11,2026-06-11,1,9,8,1,1.000000,,,0.000000,,,,,,,,GLOBAL_BASELINE_NO_ENTITY_RANKING,,,NOT_APPLICABLE_GLOBAL_BASELINE,HF9g-P5,,,,X 全窗基线 · 不参与实体赏罚,6879606,688,A168_HF9F_20260827_0900,2026-08-27 09:00:00
2026-06-11,113367377,2256,0,5.4002622985,-5.4002622985,-5.4002622985,0E-7,1,1,0.50665070000000000,0.506650700000,-1.013391052207602,-1.013391052207602,-1.013391052207602,0E-17,ELIGIBLE,R03b_20260811_FULL_v1,L1_ELIGIBILITY,v2026-08-11,2026-03-21..2026-08-06,baccarat_bet02_101_all_pairs_incl_sentinel,round_win = game_pnl > 0 (decisive only),COMPATIBILITY_ONLY_NOT_PRODUCTION,182.0660,182.0660,168.8996,13,11,-0.92768362,,-0.92768362,-0.92768362,-168.8996,182.0660,THIN_EXPOSURE,0.0000,6.7560,4.0000,96.0000,AG03-UNRESOLVED,ALL5_LEVELS_bet23_to_bet27,6.7560,6.7560,6.7560,8.4450,8.4450,4.000000,4.000000,4.000000,5.000000,5.000000,96.000000,96.000000,96.000000,95.000000,95.000000,5.0,37.1579,34.0376,131.7417,134.862,PENDING_AG03,FALSE,NOT_FOR_ENFORCEMENT,162.1436,174.7833,168.8996,162.1436,6.7560,0.92768362,0.89057627,6.7560,162.1436,0.89057627,6.7560,6.7560,6.7560,8.4450,8.4450,162.1436,0.89057627,37.1579,34.0376,131.7417,134.862,0.72359322,0.74073147,0.03710734,14.0051,16.5515,15.3545,168.8996,18.7666,182.0660,11.0000,,14.0051,4.886,5.4003,12.8578,48.8595,57.2171,59.1457,5.4003,-5.4003,10.595236,10.952381,2.593407,8,7,1,3,0E-8,0.92768362,,0E-8,0.000000,1.000000,0.000000,,2026-06-11,2026-06-11,1,9,8,1,1.000000,,,0.000000,,,,,,,,GLOBAL_BASELINE_NO_ENTITY_RANKING,,,NOT_APPLICABLE_GLOBAL_BASELINE,HF9g-P5,,,,X 全窗基线 · 不参与实体赏罚,6879607,688,A168_HF9F_20260827_0900,2026-08-27 09:00:00
2026-06-11,113367377,789,0,74.8322061358,-69.6890991848,-69.6890991848,0.3333333,4,3,0.48672595600002564,0.429039250000,-0.5315549851837108,-0.3349251612454109,-0.5315549851837108,0.05768670600002564,ELIGIBLE,R03b_20260811_FULL_v1,L1_ELIGIBILITY,v2026-08-11,2026-03-21..2026-08-06,baccarat_bet02_101_all_pairs_incl_sentinel,round_win = game_pnl > 0 (decisive only),COMPATIBILITY_ONLY_NOT_PRODUCTION,182.0660,182.0660,168.8996,13,11,-0.92768362,,-0.92768362,-0.92768362,-168.8996,182.0660,THIN_EXPOSURE,0.0000,6.7560,4.0000,96.0000,AG03-UNRESOLVED,ALL5_LEVELS_bet23_to_bet27,6.7560,6.7560,6.7560,8.4450,8.4450,4.000000,4.000000,4.000000,5.000000,5.000000,96.000000,96.000000,96.000000,95.000000,95.000000,5.0,37.1579,34.0376,131.7417,134.862,PENDING_AG03,FALSE,NOT_FOR_ENFORCEMENT,162.1436,174.7833,168.8996,162.1436,6.7560,0.92768362,0.89057627,6.7560,162.1436,0.89057627,6.7560,6.7560,6.7560,8.4450,8.4450,162.1436,0.89057627,37.1579,34.0376,131.7417,134.862,0.72359322,0.74073147,0.03710734,14.0051,16.5515,15.3545,168.8996,18.7666,182.0660,11.0000,,14.0051,4.886,5.4003,12.8578,48.8595,57.2171,59.1457,5.4003,-5.4003,10.595236,10.952381,2.593407,8,7,1,3,0E-8,0.92768362,,0E-8,0.000000,1.000000,0.000000,,2026-06-11,2026-06-11,1,9,8,1,1.000000,,,0.000000,,,,,,,,GLOBAL_BASELINE_NO_ENTITY_RANKING,,,NOT_APPLICABLE_GLOBAL_BASELINE,HF9g-P5,,,,X 全窗基线 · 不参与实体赏罚,6879608,688,A168_HF9F_20260827_0900,2026-08-27 09:00:00
2026-06-11,113367377,925,0,12.8577673773,-12.8577673773,-12.8577673773,0E-7,1,1,0.50665070000000000,0.506650700000,-1.013391052207602,-1.013391052207602,-1.013391052207602,0E-17,ELIGIBLE,R03b_20260811_FULL_v1,L1_ELIGIBILITY,v2026-08-11,2026-03-21..2026-08-06,baccarat_bet02_101_all_pairs_incl_sentinel,round_win = game_pnl > 0 (decisive only),COMPATIBILITY_ONLY_NOT_PRODUCTION,182.0660,182.0660,168.8996,13,11,-0.92768362,,-0.92768362,-0.92768362,-168.8996,182.0660,THIN_EXPOSURE,0.0000,6.7560,4.0000,96.0000,AG03-UNRESOLVED,ALL5_LEVELS_bet23_to_bet27,6.7560,6.7560,6.7560,8.4450,8.4450,4.000000,4.000000,4.000000,5.000000,5.000000,96.000000,96.000000,96.000000,95.000000,95.000000,5.0,37.1579,34.0376,131.7417,134.862,PENDING_AG03,FALSE,NOT_FOR_ENFORCEMENT,162.1436,174.7833,168.8996,162.1436,6.7560,0.92768362,0.89057627,6.7560,162.1436,0.89057627,6.7560,6.7560,6.7560,8.4450,8.4450,162.1436,0.89057627,37.1579,34.0376,131.7417,134.862,0.72359322,0.74073147,0.03710734,14.0051,16.5515,15.3545,168.8996,18.7666,182.0660,11.0000,,14.0051,4.886,5.4003,12.8578,48.8595,57.2171,59.1457,5.4003,-5.4003,10.595236,10.952381,2.593407,8,7,1,3,0E-8,0.92768362,,0E-8,0.000000,1.000000,0.000000,,2026-06-11,2026-06-11,1,9,8,1,1.000000,,,0.000000,,,,,,,,GLOBAL_BASELINE_NO_ENTITY_RANKING,,,NOT_APPLICABLE_GLOBAL_BASELINE,HF9g-P5,,,,X 全窗基线 · 不参与实体赏罚,6879609,688,A168_HF9F_20260827_0900,2026-08-27 09:00:00
2026-04-02,54600240,462,0,74.0000000000,382.0000000000,382.0000000000,0.5000000,2,2,0.05356140000000000,0.053561400000,2.8041713837274242,2.8041713837274242,2.8041713837274242,0E-17,ELIGIBLE,R03b_20260811_FULL_v1,L1_ELIGIBILITY,v2026-08-11,2026-03-21..2026-08-06,baccarat_bet02_101_all_pairs_incl_sentinel,round_win = game_pnl > 0 (decisive only),COMPATIBILITY_ONLY_NOT_PRODUCTION,4014.0000,3684.0000,168.9000,109,86,-0.04207773,,-0.04207773,-0.04207773,-168.9000,4014.0000,OK,0.0000,6.7560,4.0000,96.0000,AG03-UNRESOLVED,ALL5_LEVELS_bet23_to_bet27,6.7560,8.4450,8.4450,8.4450,8.4450,4.000000,5.000000,5.000000,5.000000,5.000000,96.000000,95.000000,95.000000,95.000000,95.000000,5.0,40.5360,36.8327,128.3640,132.0673,PENDING_AG03,FALSE,NOT_FOR_ENFORCEMENT,162.1440,3536.6400,168.9000,162.1440,6.7560,0.04207773,0.04039462,6.7560,162.1440,0.04039462,6.7560,8.4450,8.4450,8.4450,8.4450,162.1440,0.04039462,40.5360,36.8327,128.3640,132.0673,0.03197907,0.03290167,0.00168311,36.8257,42.8372,1.9640,11.2600,6.7560,267.6000,5.7333,,36.8257,10.0,20.0,50.0,100.0,100.0,211.5005,20.0,-10.0,5.0,10.575027,1.841284,9,25,13,7,0E-8,0.04207773,,0E-8,0.000000,0.917788,0.550459,,2026-04-02,2026-05-23,15,25,24,52,0.288462,,,0.000000,,,,,,,,GLOBAL_BASELINE_NO_ENTITY_RANKING,,,NOT_APPLICABLE_GLOBAL_BASELINE,HF9g-P5,,,,X 全窗基线 · 不参与实体赏罚,6879610,688,A168_HF9F_20260827_0900,2026-08-27 09:00:00
2026-04-23,54600240,1383,0,300.0000000000,50.0000000000,50.0000000000,0.6666667,4,4,0.50665070000000000,0.506650700000,0.5543606114942035,0.5543606114942035,0.5543606114942035,0E-17,ELIGIBLE,R03b_20260811_FULL_v1,L1_ELIGIBILITY,v2026-08-11,2026-03-21..2026-08-06,baccarat_bet02_101_all_pairs_incl_sentinel,round_win = game_pnl > 0 (decisive only),COMPATIBILITY_ONLY_NOT_PRODUCTION,4014.0000,3684.0000,168.9000,109,86,-0.04207773,,-0.04207773,-0.04207773,-168.9000,4014.0000,OK,0.0000,6.7560,4.0000,96.0000,AG03-UNRESOLVED,ALL5_LEVELS_bet23_to_bet27,6.7560,8.4450,8.4450,8.4450,8.4450,4.000000,5.000000,5.000000,5.000000,5.000000,96.000000,95.000000,95.000000,95.000000,95.000000,5.0,40.5360,36.8327,128.3640,132.0673,PENDING_AG03,FALSE,NOT_FOR_ENFORCEMENT,162.1440,3536.6400,168.9000,162.1440,6.7560,0.04207773,0.04039462,6.7560,162.1440,0.04039462,6.7560,8.4450,8.4450,8.4450,8.4450,162.1440,0.04039462,40.5360,36.8327,128.3640,132.0673,0.03197907,0.03290167,0.00168311,36.8257,42.8372,1.9640,11.2600,6.7560,267.6000,5.7333,,36.8257,10.0,20.0,50.0,100.0,100.0,211.5005,20.0,-10.0,5.0,10.575027,1.841284,9,25,13,7,0E-8,0.04207773,,0E-8,0.000000,0.917788,0.550459,,2026-04-02,2026-05-23,15,25,24,52,0.288462,,,0.000000,,,,,,,,GLOBAL_BASELINE_NO_ENTITY_RANKING,,,NOT_APPLICABLE_GLOBAL_BASELINE,HF9g-P5,,,,X 全窗基线 · 不参与实体赏罚,6879611,688,A168_HF9F_20260827_0900,2026-08-27 09:00:00
2026-04-23,54600240,1623,0,50.0000000000,50.0000000000,50.0000000000,1.0000000,1,1,0.50665070000000000,0.506650700000,0.9867858985152569,0.9867858985152569,0.9867858985152569,0E-17,ELIGIBLE,R03b_20260811_FULL_v1,L1_ELIGIBILITY,v2026-08-11,2026-03-21..2026-08-06,baccarat_bet02_101_all_pairs_incl_sentinel,round_win = game_pnl > 0 (decisive only),COMPATIBILITY_ONLY_NOT_PRODUCTION,4014.0000,3684.0000,168.9000,109,86,-0.04207773,,-0.04207773,-0.04207773,-168.9000,4014.0000,OK,0.0000,6.7560,4.0000,96.0000,AG03-UNRESOLVED,ALL5_LEVELS_bet23_to_bet27,6.7560,8.4450,8.4450,8.4450,8.4450,4.000000,5.000000,5.000000,5.000000,5.000000,96.000000,95.000000,95.000000,95.000000,95.000000,5.0,40.5360,36.8327,128.3640,132.0673,PENDING_AG03,FALSE,NOT_FOR_ENFORCEMENT,162.1440,3536.6400,168.9000,162.1440,6.7560,0.04207773,0.04039462,6.7560,162.1440,0.04039462,6.7560,8.4450,8.4450,8.4450,8.4450,162.1440,0.04039462,40.5360,36.8327,128.3640,132.0673,0.03197907,0.03290167,0.00168311,36.8257,42.8372,1.9640,11.2600,6.7560,267.6000,5.7333,,36.8257,10.0,20.0,50.0,100.0,100.0,211.5005,20.0,-10.0,5.0,10.575027,1.841284,9,25,13,7,0E-8,0.04207773,,0E-8,0.000000,0.917788,0.550459,,2026-04-02,2026-05-23,15,25,24,52,0.288462,,,0.000000,,,,,,,,GLOBAL_BASELINE_NO_ENTITY_RANKING,,,NOT_APPLICABLE_GLOBAL_BASELINE,HF9g-P5,,,,X 全窗基线 · 不参与实体赏罚,6879612,688,A168_HF9F_20260827_0900,2026-08-27 09:00:00
2026-04-23,54600240,1750,0,1.0000000000,-1.0000000000,-1.0000000000,0E-7,1,1,0.01883490000000000,0.018834900000,-0.1385513026636974,-0.1385513026636974,-0.1385513026636974,0E-17,ELIGIBLE,R03b_20260811_FULL_v1,L1_ELIGIBILITY,v2026-08-11,2026-03-21..2026-08-06,baccarat_bet02_101_all_pairs_incl_sentinel,round_win = game_pnl > 0 (decisive only),COMPATIBILITY_ONLY_NOT_PRODUCTION,4014.0000,3684.0000,168.9000,109,86,-0.04207773,,-0.04207773,-0.04207773,-168.9000,4014.0000,OK,0.0000,6.7560,4.0000,96.0000,AG03-UNRESOLVED,ALL5_LEVELS_bet23_to_bet27,6.7560,8.4450,8.4450,8.4450,8.4450,4.000000,5.000000,5.000000,5.000000,5.000000,96.000000,95.000000,95.000000,95.000000,95.000000,5.0,40.5360,36.8327,128.3640,132.0673,PENDING_AG03,FALSE,NOT_FOR_ENFORCEMENT,162.1440,3536.6400,168.9000,162.1440,6.7560,0.04207773,0.04039462,6.7560,162.1440,0.04039462,6.7560,8.4450,8.4450,8.4450,8.4450,162.1440,0.04039462,40.5360,36.8327,128.3640,132.0673,0.03197907,0.03290167,0.00168311,36.8257,42.8372,1.9640,11.2600,6.7560,267.6000,5.7333,,36.8257,10.0,20.0,50.0,100.0,100.0,211.5005,20.0,-10.0,5.0,10.575027,1.841284,9,25,13,7,0E-8,0.04207773,,0E-8,0.000000,0.917788,0.550459,,2026-04-02,2026-05-23,15,25,24,52,0.288462,,,0.000000,,,,,,,,GLOBAL_BASELINE_NO_ENTITY_RANKING,,,NOT_APPLICABLE_GLOBAL_BASELINE,HF9g-P5,,,,X 全窗基线 · 不参与实体赏罚,6879613,688,A168_HF9F_20260827_0900,2026-08-27 09:00:00
2026-04-23,54600240,2147,0,300.0000000000,-100.0000000000,-100.0000000000,0.3333333,4,3,0.36266658333333333,0.362666583333,-0.10567778345570633,-0.10567778345452639,-0.10567778345570633,3.3333E-13,ELIGIBLE,R03b_20260811_FULL_v1,L1_ELIGIBILITY,v2026-08-11,2026-03-21..2026-08-06,baccarat_bet02_101_all_pairs_incl_sentinel,round_win = game_pnl > 0 (decisive only),COMPATIBILITY_ONLY_NOT_PRODUCTION,4014.0000,3684.0000,168.9000,109,86,-0.04207773,,-0.04207773,-0.04207773,-168.9000,4014.0000,OK,0.0000,6.7560,4.0000,96.0000,AG03-UNRESOLVED,ALL5_LEVELS_bet23_to_bet27,6.7560,8.4450,8.4450,8.4450,8.4450,4.000000,5.000000,5.000000,5.000000,5.000000,96.000000,95.000000,95.000000,95.000000,95.000000,5.0,40.5360,36.8327,128.3640,132.0673,PENDING_AG03,FALSE,NOT_FOR_ENFORCEMENT,162.1440,3536.6400,168.9000,162.1440,6.7560,0.04207773,0.04039462,6.7560,162.1440,0.04039462,6.7560,8.4450,8.4450,8.4450,8.4450,162.1440,0.04039462,40.5360,36.8327,128.3640,132.0673,0.03197907,0.03290167,0.00168311,36.8257,42.8372,1.9640,11.2600,6.7560,267.6000,5.7333,,36.8257,10.0,20.0,50.0,100.0,100.0,211.5005,20.0,-10.0,5.0,10.575027,1.841284,9,25,13,7,0E-8,0.04207773,,0E-8,0.000000,0.917788,0.550459,,2026-04-02,2026-05-23,15,25,24,52,0.288462,,,0.000000,,,,,,,,GLOBAL_BASELINE_NO_ENTITY_RANKING,,,NOT_APPLICABLE_GLOBAL_BASELINE,HF9g-P5,,,,X 全窗基线 · 不参与实体赏罚,6879614,688,A168_HF9F_20260827_0900,2026-08-27 09:00:00
2026-04-23,54600240,2267,0,240.0000000000,0E-10,0E-10,0.2000000,6,5,0.33045165000000000,0.330451650000,-0.6201398563631919,-0.6201398563631919,-0.6201398563631919,0E-17,ELIGIBLE,R03b_20260811_FULL_v1,L1_ELIGIBILITY,v2026-08-11,2026-03-21..2026-08-06,baccarat_bet02_101_all_pairs_incl_sentinel,round_win = game_pnl > 0 (decisive only),COMPATIBILITY_ONLY_NOT_PRODUCTION,4014.0000,3684.0000,168.9000,109,86,-0.04207773,,-0.04207773,-0.04207773,-168.9000,4014.0000,OK,0.0000,6.7560,4.0000,96.0000,AG03-UNRESOLVED,ALL5_LEVELS_bet23_to_bet27,6.7560,8.4450,8.4450,8.4450,8.4450,4.000000,5.000000,5.000000,5.000000,5.000000,96.000000,95.000000,95.000000,95.000000,95.000000,5.0,40.5360,36.8327,128.3640,132.0673,PENDING_AG03,FALSE,NOT_FOR_ENFORCEMENT,162.1440,3536.6400,168.9000,162.1440,6.7560,0.04207773,0.04039462,6.7560,162.1440,0.04039462,6.7560,8.4450,8.4450,8.4450,8.4450,162.1440,0.04039462,40.5360,36.8327,128.3640,132.0673,0.03197907,0.03290167,0.00168311,36.8257,42.8372,1.9640,11.2600,6.7560,267.6000,5.7333,,36.8257,10.0,20.0,50.0,100.0,100.0,211.5005,20.0,-10.0,5.0,10.575027,1.841284,9,25,13,7,0E-8,0.04207773,,0E-8,0.000000,0.917788,0.550459,,2026-04-02,2026-05-23,15,25,24,52,0.288462,,,0.000000,,,,,,,,GLOBAL_BASELINE_NO_ENTITY_RANKING,,,NOT_APPLICABLE_GLOBAL_BASELINE,HF9g-P5,,,,X 全窗基线 · 不参与实体赏罚,6879615,688,A168_HF9F_20260827_0900,2026-08-27 09:00:00
2026-04-23,54600240,462,0,100.0000000000,-100.0000000000,-100.0000000000,0E-7,6,3,0.20735901666666667,0.205220116667,-0.8858982175326774,-0.880130678531393,-0.8858982175326774,0.00213889999966667,ELIGIBLE,R03b_20260811_FULL_v1,L1_ELIGIBILITY,v2026-08-11,2026-03-21..2026-08-06,baccarat_bet02_101_all_pairs_incl_sentinel,round_win = game_pnl > 0 (decisive only),COMPATIBILITY_ONLY_NOT_PRODUCTION,4014.0000,3684.0000,168.9000,109,86,-0.04207773,,-0.04207773,-0.04207773,-168.9000,4014.0000,OK,0.0000,6.7560,4.0000,96.0000,AG03-UNRESOLVED,ALL5_LEVELS_bet23_to_bet27,6.7560,8.4450,8.4450,8.4450,8.4450,4.000000,5.000000,5.000000,5.000000,5.000000,96.000000,95.000000,95.000000,95.000000,95.000000,5.0,40.5360,36.8327,128.3640,132.0673,PENDING_AG03,FALSE,NOT_FOR_ENFORCEMENT,162.1440,3536.6400,168.9000,162.1440,6.7560,0.04207773,0.04039462,6.7560,162.1440,0.04039462,6.7560,8.4450,8.4450,8.4450,8.4450,162.1440,0.04039462,40.5360,36.8327,128.3640,132.0673,0.03197907,0.03290167,0.00168311,36.8257,42.8372,1.9640,11.2600,6.7560,267.6000,5.7333,,36.8257,10.0,20.0,50.0,100.0,100.0,211.5005,20.0,-10.0,5.0,10.575027,1.841284,9,25,13,7,0E-8,0.04207773,,0E-8,0.000000,0.917788,0.550459,,2026-04-02,2026-05-23,15,25,24,52,0.288462,,,0.000000,,,,,,,,GLOBAL_BASELINE_NO_ENTITY_RANKING,,,NOT_APPLICABLE_GLOBAL_BASELINE,HF9g-P5,,,,X 全窗基线 · 不参与实体赏罚,6879616,688,A168_HF9F_20260827_0900,2026-08-27 09:00:00
2026-04-23,54600240,550,0,200.0000000000,-20.0000000000,-20.0000000000,0.5000000,8,8,0.49994810000000000,0.499948100000,0.00025425703667063243,0.00025425703667063243,0.00025425703667063243,0E-17,ELIGIBLE,R03b_20260811_FULL_v1,L1_ELIGIBILITY,v2026-08-11,2026-03-21..2026-08-06,baccarat_bet02_101_all_pairs_incl_sentinel,round_win = game_pnl > 0 (decisive only),COMPATIBILITY_ONLY_NOT_PRODUCTION,4014.0000,3684.0000,168.9000,109,86,-0.04207773,,-0.04207773,-0.04207773,-168.9000,4014.0000,OK,0.0000,6.7560,4.0000,96.0000,AG03-UNRESOLVED,ALL5_LEVELS_bet23_to_bet27,6.7560,8.4450,8.4450,8.4450,8.4450,4.000000,5.000000,5.000000,5.000000,5.000000,96.000000,95.000000,95.000000,95.000000,95.000000,5.0,40.5360,36.8327,128.3640,132.0673,PENDING_AG03,FALSE,NOT_FOR_ENFORCEMENT,162.1440,3536.6400,168.9000,162.1440,6.7560,0.04207773,0.04039462,6.7560,162.1440,0.04039462,6.7560,8.4450,8.4450,8.4450,8.4450,162.1440,0.04039462,40.5360,36.8327,128.3640,132.0673,0.03197907,0.03290167,0.00168311,36.8257,42.8372,1.9640,11.2600,6.7560,267.6000,5.7333,,36.8257,10.0,20.0,50.0,100.0,100.0,211.5005,20.0,-10.0,5.0,10.575027,1.841284,9,25,13,7,0E-8,0.04207773,,0E-8,0.000000,0.917788,0.550459,,2026-04-02,2026-05-23,15,25,24,52,0.288462,,,0.000000,,,,,,,,GLOBAL_BASELINE_NO_ENTITY_RANKING,,,NOT_APPLICABLE_GLOBAL_BASELINE,HF9g-P5,,,,X 全窗基线 · 不参与实体赏罚,6879617,688,A168_HF9F_20260827_0900,2026-08-27 09:00:00
2026-04-23,54600240,763,0,198.0000000000,-100.5000000000,-100.5000000000,0.3333333,3,3,0.50665070000000000,0.506650700000,-0.6004420894325239,-0.6004420894325239,-0.6004420894325239,0E-17,ELIGIBLE,R03b_20260811_FULL_v1,L1_ELIGIBILITY,v2026-08-11,2026-03-21..2026-08-06,baccarat_bet02_101_all_pairs_incl_sentinel,round_win = game_pnl > 0 (decisive only),COMPATIBILITY_ONLY_NOT_PRODUCTION,4014.0000,3684.0000,168.9000,109,86,-0.04207773,,-0.04207773,-0.04207773,-168.9000,4014.0000,OK,0.0000,6.7560,4.0000,96.0000,AG03-UNRESOLVED,ALL5_LEVELS_bet23_to_bet27,6.7560,8.4450,8.4450,8.4450,8.4450,4.000000,5.000000,5.000000,5.000000,5.000000,96.000000,95.000000,95.000000,95.000000,95.000000,5.0,40.5360,36.8327,128.3640,132.0673,PENDING_AG03,FALSE,NOT_FOR_ENFORCEMENT,162.1440,3536.6400,168.9000,162.1440,6.7560,0.04207773,0.04039462,6.7560,162.1440,0.04039462,6.7560,8.4450,8.4450,8.4450,8.4450,162.1440,0.04039462,40.5360,36.8327,128.3640,132.0673,0.03197907,0.03290167,0.00168311,36.8257,42.8372,1.9640,11.2600,6.7560,267.6000,5.7333,,36.8257,10.0,20.0,50.0,100.0,100.0,211.5005,20.0,-10.0,5.0,10.575027,1.841284,9,25,13,7,0E-8,0.04207773,,0E-8,0.000000,0.917788,0.550459,,2026-04-02,2026-05-23,15,25,24,52,0.288462,,,0.000000,,,,,,,,GLOBAL_BASELINE_NO_ENTITY_RANKING,,,NOT_APPLICABLE_GLOBAL_BASELINE,HF9g-P5,,,,X 全窗基线 · 不参与实体赏罚,6879618,688,A168_HF9F_20260827_0900,2026-08-27 09:00:00
2026-04-24,54600240,752,0,638.0000000000,-9.0000000000,-9.0000000000,0.4285714,9,7,0.37035373456221198,0.370418671429,0.31896816435590275,0.3186008833845449,0.31896816435590275,-0.00006493686678802,ELIGIBLE,R03b_20260811_FULL_v1,L1_ELIGIBILITY,v2026-08-11,2026-03-21..2026-08-06,baccarat_bet02_101_all_pairs_incl_sentinel,round_win = game_pnl > 0 (decisive only),COMPATIBILITY_ONLY_NOT_PRODUCTION,4014.0000,3684.0000,168.9000,109,86,-0.04207773,,-0.04207773,-0.04207773,-168.9000,4014.0000,OK,0.0000,6.7560,4.0000,96.0000,AG03-UNRESOLVED,ALL5_LEVELS_bet23_to_bet27,6.7560,8.4450,8.4450,8.4450,8.4450,4.000000,5.000000,5.000000,5.000000,5.000000,96.000000,95.000000,95.000000,95.000000,95.000000,5.0,40.5360,36.8327,128.3640,132.0673,PENDING_AG03,FALSE,NOT_FOR_ENFORCEMENT,162.1440,3536.6400,168.9000,162.1440,6.7560,0.04207773,0.04039462,6.7560,162.1440,0.04039462,6.7560,8.4450,8.4450,8.4450,8.4450,162.1440,0.04039462,40.5360,36.8327,128.3640,132.0673,0.03197907,0.03290167,0.00168311,36.8257,42.8372,1.9640,11.2600,6.7560,267.6000,5.7333,,36.8257,10.0,20.0,50.0,100.0,100.0,211.5005,20.0,-10.0,5.0,10.575027,1.841284,9,25,13,7,0E-8,0.04207773,,0E-8,0.000000,0.917788,0.550459,,2026-04-02,2026-05-23,15,25,24,52,0.288462,,,0.000000,,,,,,,,GLOBAL_BASELINE_NO_ENTITY_RANKING,,,NOT_APPLICABLE_GLOBAL_BASELINE,HF9g-P5,,,,X 全窗基线 · 不参与实体赏罚,6879619,688,A168_HF9F_20260827_0900,2026-08-27 09:00:00
2026-04-26,54600240,1353,0,3.0000000000,-3.0000000000,-3.0000000000,0E-7,1,1,0.01883490000000000,0.018834900000,-0.1385513026636974,-0.1385513026636974,-0.1385513026636974,0E-17,ELIGIBLE,R03b_20260811_FULL_v1,L1_ELIGIBILITY,v2026-08-11,2026-03-21..2026-08-06,baccarat_bet02_101_all_pairs_incl_sentinel,round_win = game_pnl > 0 (decisive only),COMPATIBILITY_ONLY_NOT_PRODUCTION,4014.0000,3684.0000,168.9000,109,86,-0.04207773,,-0.04207773,-0.04207773,-168.9000,4014.0000,OK,0.0000,6.7560,4.0000,96.0000,AG03-UNRESOLVED,ALL5_LEVELS_bet23_to_bet27,6.7560,8.4450,8.4450,8.4450,8.4450,4.000000,5.000000,5.000000,5.000000,5.000000,96.000000,95.000000,95.000000,95.000000,95.000000,5.0,40.5360,36.8327,128.3640,132.0673,PENDING_AG03,FALSE,NOT_FOR_ENFORCEMENT,162.1440,3536.6400,168.9000,162.1440,6.7560,0.04207773,0.04039462,6.7560,162.1440,0.04039462,6.7560,8.4450,8.4450,8.4450,8.4450,162.1440,0.04039462,40.5360,36.8327,128.3640,132.0673,0.03197907,0.03290167,0.00168311,36.8257,42.8372,1.9640,11.2600,6.7560,267.6000,5.7333,,36.8257,10.0,20.0,50.0,100.0,100.0,211.5005,20.0,-10.0,5.0,10.575027,1.841284,9,25,13,7,0E-8,0.04207773,,0E-8,0.000000,0.917788,0.550459,,2026-04-02,2026-05-23,15,25,24,52,0.288462,,,0.000000,,,,,,,,GLOBAL_BASELINE_NO_ENTITY_RANKING,,,NOT_APPLICABLE_GLOBAL_BASELINE,HF9g-P5,,,,X 全窗基线 · 不参与实体赏罚,6879620,688,A168_HF9F_20260827_0900,2026-08-27 09:00:00
2026-04-26,54600240,471,0,307.0000000000,-9.5000000000,-9.5000000000,0.4000000,8,6,0.28489141666666667,0.284891416667,0.5702522838983589,0.5702522838965068,0.5702522838983589,-3.3333E-13,ELIGIBLE,R03b_20260811_FULL_v1,L1_ELIGIBILITY,v2026-08-11,2026-03-21..2026-08-06,baccarat_bet02_101_all_pairs_incl_sentinel,round_win = game_pnl > 0 (decisive only),COMPATIBILITY_ONLY_NOT_PRODUCTION,4014.0000,3684.0000,168.9000,109,86,-0.04207773,,-0.04207773,-0.04207773,-168.9000,4014.0000,OK,0.0000,6.7560,4.0000,96.0000,AG03-UNRESOLVED,ALL5_LEVELS_bet23_to_bet27,6.7560,8.4450,8.4450,8.4450,8.4450,4.000000,5.000000,5.000000,5.000000,5.000000,96.000000,95.000000,95.000000,95.000000,95.000000,5.0,40.5360,36.8327,128.3640,132.0673,PENDING_AG03,FALSE,NOT_FOR_ENFORCEMENT,162.1440,3536.6400,168.9000,162.1440,6.7560,0.04207773,0.04039462,6.7560,162.1440,0.04039462,6.7560,8.4450,8.4450,8.4450,8.4450,162.1440,0.04039462,40.5360,36.8327,128.3640,132.0673,0.03197907,0.03290167,0.00168311,36.8257,42.8372,1.9640,11.2600,6.7560,267.6000,5.7333,,36.8257,10.0,20.0,50.0,100.0,100.0,211.5005,20.0,-10.0,5.0,10.575027,1.841284,9,25,13,7,0E-8,0.04207773,,0E-8,0.000000,0.917788,0.550459,,2026-04-02,2026-05-23,15,25,24,52,0.288462,,,0.000000,,,,,,,,GLOBAL_BASELINE_NO_ENTITY_RANKING,,,NOT_APPLICABLE_GLOBAL_BASELINE,HF9g-P5,,,,X 全窗基线 · 不参与实体赏罚,6879621,688,A168_HF9F_20260827_0900,2026-08-27 09:00:00
2026-04-27,54600240,2160,0,11.0000000000,-11.0000000000,-11.0000000000,0E-7,1,1,0.05356140000000000,0.053561400000,-0.2378919454095156,-0.2378919454095156,-0.2378919454095156,0E-17,ELIGIBLE,R03b_20260811_FULL_v1,L1_ELIGIBILITY,v2026-08-11,2026-03-21..2026-08-06,baccarat_bet02_101_all_pairs_incl_sentinel,round_win = game_pnl > 0 (decisive only),COMPATIBILITY_ONLY_NOT_PRODUCTION,4014.0000,3684.0000,168.9000,109,86,-0.04207773,,-0.04207773,-0.04207773,-168.9000,4014.0000,OK,0.0000,6.7560,4.0000,96.0000,AG03-UNRESOLVED,ALL5_LEVELS_bet23_to_bet27,6.7560,8.4450,8.4450,8.4450,8.4450,4.000000,5.000000,5.000000,5.000000,5.000000,96.000000,95.000000,95.000000,95.000000,95.000000,5.0,40.5360,36.8327,128.3640,132.0673,PENDING_AG03,FALSE,NOT_FOR_ENFORCEMENT,162.1440,3536.6400,168.9000,162.1440,6.7560,0.04207773,0.04039462,6.7560,162.1440,0.04039462,6.7560,8.4450,8.4450,8.4450,8.4450,162.1440,0.04039462,40.5360,36.8327,128.3640,132.0673,0.03197907,0.03290167,0.00168311,36.8257,42.8372,1.9640,11.2600,6.7560,267.6000,5.7333,,36.8257,10.0,20.0,50.0,100.0,100.0,211.5005,20.0,-10.0,5.0,10.575027,1.841284,9,25,13,7,0E-8,0.04207773,,0E-8,0.000000,0.917788,0.550459,,2026-04-02,2026-05-23,15,25,24,52,0.288462,,,0.000000,,,,,,,,GLOBAL_BASELINE_NO_ENTITY_RANKING,,,NOT_APPLICABLE_GLOBAL_BASELINE,HF9g-P5,,,,X 全窗基线 · 不参与实体赏罚,6879622,688,A168_HF9F_20260827_0900,2026-08-27 09:00:00
2026-04-28,54600240,1109,0,10.0000000000,-10.0000000000,-10.0000000000,0E-7,2,1,0.05021120000000000,0.050211200000,-0.22992530875270223,-0.22992530875270223,-0.22992530875270223,0E-17,ELIGIBLE,R03b_20260811_FULL_v1,L1_ELIGIBILITY,v2026-08-11,2026-03-21..2026-08-06,baccarat_bet02_101_all_pairs_incl_sentinel,round_win = game_pnl > 0 (decisive only),COMPATIBILITY_ONLY_NOT_PRODUCTION,4014.0000,3684.0000,168.9000,109,86,-0.04207773,,-0.04207773,-0.04207773,-168.9000,4014.0000,OK,0.0000,6.7560,4.0000,96.0000,AG03-UNRESOLVED,ALL5_LEVELS_bet23_to_bet27,6.7560,8.4450,8.4450,8.4450,8.4450,4.000000,5.000000,5.000000,5.000000,5.000000,96.000000,95.000000,95.000000,95.000000,95.000000,5.0,40.5360,36.8327,128.3640,132.0673,PENDING_AG03,FALSE,NOT_FOR_ENFORCEMENT,162.1440,3536.6400,168.9000,162.1440,6.7560,0.04207773,0.04039462,6.7560,162.1440,0.04039462,6.7560,8.4450,8.4450,8.4450,8.4450,162.1440,0.04039462,40.5360,36.8327,128.3640,132.0673,0.03197907,0.03290167,0.00168311,36.8257,42.8372,1.9640,11.2600,6.7560,267.6000,5.7333,,36.8257,10.0,20.0,50.0,100.0,100.0,211.5005,20.0,-10.0,5.0,10.575027,1.841284,9,25,13,7,0E-8,0.04207773,,0E-8,0.000000,0.917788,0.550459,,2026-04-02,2026-05-23,15,25,24,52,0.288462,,,0.000000,,,,,,,,GLOBAL_BASELINE_NO_ENTITY_RANKING,,,NOT_APPLICABLE_GLOBAL_BASELINE,HF9g-P5,,,,X 全窗基线 · 不参与实体赏罚,6879623,688,A168_HF9F_20260827_0900,2026-08-27 09:00:00
2026-04-29,54600240,1941,0,735.0000000000,-50.0000000000,-50.0000000000,0.3636364,17,12,0.27844054750000000,0.277970837500,0.6303943476999339,0.6341988378943019,0.6303943476999339,0.00046971000000000,ELIGIBLE,R03b_20260811_FULL_v1,L1_ELIGIBILITY,v2026-08-11,2026-03-21..2026-08-06,baccarat_bet02_101_all_pairs_incl_sentinel,round_win = game_pnl > 0 (decisive only),COMPATIBILITY_ONLY_NOT_PRODUCTION,4014.0000,3684.0000,168.9000,109,86,-0.04207773,,-0.04207773,-0.04207773,-168.9000,4014.0000,OK,0.0000,6.7560,4.0000,96.0000,AG03-UNRESOLVED,ALL5_LEVELS_bet23_to_bet27,6.7560,8.4450,8.4450,8.4450,8.4450,4.000000,5.000000,5.000000,5.000000,5.000000,96.000000,95.000000,95.000000,95.000000,95.000000,5.0,40.5360,36.8327,128.3640,132.0673,PENDING_AG03,FALSE,NOT_FOR_ENFORCEMENT,162.1440,3536.6400,168.9000,162.1440,6.7560,0.04207773,0.04039462,6.7560,162.1440,0.04039462,6.7560,8.4450,8.4450,8.4450,8.4450,162.1440,0.04039462,40.5360,36.8327,128.3640,132.0673,0.03197907,0.03290167,0.00168311,36.8257,42.8372,1.9640,11.2600,6.7560,267.6000,5.7333,,36.8257,10.0,20.0,50.0,100.0,100.0,211.5005,20.0,-10.0,5.0,10.575027,1.841284,9,25,13,7,0E-8,0.04207773,,0E-8,0.000000,0.917788,0.550459,,2026-04-02,2026-05-23,15,25,24,52,0.288462,,,0.000000,,,,,,,,GLOBAL_BASELINE_NO_ENTITY_RANKING,,,NOT_APPLICABLE_GLOBAL_BASELINE,HF9g-P5,,,,X 全窗基线 · 不参与实体赏罚,6879624,688,A168_HF9F_20260827_0900,2026-08-27 09:00:00
2026-04-30,54600240,2271,0,1.0000000000,-1.0000000000,-1.0000000000,0E-7,1,1,0.01883490000000000,0.018834900000,-0.1385513026636974,-0.1385513026636974,-0.1385513026636974,0E-17,ELIGIBLE,R03b_20260811_FULL_v1,L1_ELIGIBILITY,v2026-08-11,2026-03-21..2026-08-06,baccarat_bet02_101_all_pairs_incl_sentinel,round_win = game_pnl > 0 (decisive only),COMPATIBILITY_ONLY_NOT_PRODUCTION,4014.0000,3684.0000,168.9000,109,86,-0.04207773,,-0.04207773,-0.04207773,-168.9000,4014.0000,OK,0.0000,6.7560,4.0000,96.0000,AG03-UNRESOLVED,ALL5_LEVELS_bet23_to_bet27,6.7560,8.4450,8.4450,8.4450,8.4450,4.000000,5.000000,5.000000,5.000000,5.000000,96.000000,95.000000,95.000000,95.000000,95.000000,5.0,40.5360,36.8327,128.3640,132.0673,PENDING_AG03,FALSE,NOT_FOR_ENFORCEMENT,162.1440,3536.6400,168.9000,162.1440,6.7560,0.04207773,0.04039462,6.7560,162.1440,0.04039462,6.7560,8.4450,8.4450,8.4450,8.4450,162.1440,0.04039462,40.5360,36.8327,128.3640,132.0673,0.03197907,0.03290167,0.00168311,36.8257,42.8372,1.9640,11.2600,6.7560,267.6000,5.7333,,36.8257,10.0,20.0,50.0,100.0,100.0,211.5005,20.0,-10.0,5.0,10.575027,1.841284,9,25,13,7,0E-8,0.04207773,,0E-8,0.000000,0.917788,0.550459,,2026-04-02,2026-05-23,15,25,24,52,0.288462,,,0.000000,,,,,,,,GLOBAL_BASELINE_NO_ENTITY_RANKING,,,NOT_APPLICABLE_GLOBAL_BASELINE,HF9g-P5,,,,X 全窗基线 · 不参与实体赏罚,6879625,688,A168_HF9F_20260827_0900,2026-08-27 09:00:00
2026-05-02,54600240,2093,0,1.0000000000,-1.0000000000,-1.0000000000,0E-7,1,1,0.01883490000000000,0.018834900000,-0.1385513026636974,-0.1385513026636974,-0.1385513026636974,0E-17,ELIGIBLE,R03b_20260811_FULL_v1,L1_ELIGIBILITY,v2026-08-11,2026-03-21..2026-08-06,baccarat_bet02_101_all_pairs_incl_sentinel,round_win = game_pnl > 0 (decisive only),COMPATIBILITY_ONLY_NOT_PRODUCTION,4014.0000,3684.0000,168.9000,109,86,-0.04207773,,-0.04207773,-0.04207773,-168.9000,4014.0000,OK,0.0000,6.7560,4.0000,96.0000,AG03-UNRESOLVED,ALL5_LEVELS_bet23_to_bet27,6.7560,8.4450,8.4450,8.4450,8.4450,4.000000,5.000000,5.000000,5.000000,5.000000,96.000000,95.000000,95.000000,95.000000,95.000000,5.0,40.5360,36.8327,128.3640,132.0673,PENDING_AG03,FALSE,NOT_FOR_ENFORCEMENT,162.1440,3536.6400,168.9000,162.1440,6.7560,0.04207773,0.04039462,6.7560,162.1440,0.04039462,6.7560,8.4450,8.4450,8.4450,8.4450,162.1440,0.04039462,40.5360,36.8327,128.3640,132.0673,0.03197907,0.03290167,0.00168311,36.8257,42.8372,1.9640,11.2600,6.7560,267.6000,5.7333,,36.8257,10.0,20.0,50.0,100.0,100.0,211.5005,20.0,-10.0,5.0,10.575027,1.841284,9,25,13,7,0E-8,0.04207773,,0E-8,0.000000,0.917788,0.550459,,2026-04-02,2026-05-23,15,25,24,52,0.288462,,,0.000000,,,,,,,,GLOBAL_BASELINE_NO_ENTITY_RANKING,,,NOT_APPLICABLE_GLOBAL_BASELINE,HF9g-P5,,,,X 全窗基线 · 不参与实体赏罚,6879626,688,A168_HF9F_20260827_0900,2026-08-27 09:00:00
2026-05-02,54600240,2171,0,21.0000000000,-21.0000000000,-21.0000000000,0E-7,2,1,0.07469892380952381,0.074698350000,-0.28412904973265174,-0.28412787034489473,-0.28412904973265174,5.7380952381E-7,ELIGIBLE,R03b_20260811_FULL_v1,L1_ELIGIBILITY,v2026-08-11,2026-03-21..2026-08-06,baccarat_bet02_101_all_pairs_incl_sentinel,round_win = game_pnl > 0 (decisive only),COMPATIBILITY_ONLY_NOT_PRODUCTION,4014.0000,3684.0000,168.9000,109,86,-0.04207773,,-0.04207773,-0.04207773,-168.9000,4014.0000,OK,0.0000,6.7560,4.0000,96.0000,AG03-UNRESOLVED,ALL5_LEVELS_bet23_to_bet27,6.7560,8.4450,8.4450,8.4450,8.4450,4.000000,5.000000,5.000000,5.000000,5.000000,96.000000,95.000000,95.000000,95.000000,95.000000,5.0,40.5360,36.8327,128.3640,132.0673,PENDING_AG03,FALSE,NOT_FOR_ENFORCEMENT,162.1440,3536.6400,168.9000,162.1440,6.7560,0.04207773,0.04039462,6.7560,162.1440,0.04039462,6.7560,8.4450,8.4450,8.4450,8.4450,162.1440,0.04039462,40.5360,36.8327,128.3640,132.0673,0.03197907,0.03290167,0.00168311,36.8257,42.8372,1.9640,11.2600,6.7560,267.6000,5.7333,,36.8257,10.0,20.0,50.0,100.0,100.0,211.5005,20.0,-10.0,5.0,10.575027,1.841284,9,25,13,7,0E-8,0.04207773,,0E-8,0.000000,0.917788,0.550459,,2026-04-02,2026-05-23,15,25,24,52,0.288462,,,0.000000,,,,,,,,GLOBAL_BASELINE_NO_ENTITY_RANKING,,,NOT_APPLICABLE_GLOBAL_BASELINE,HF9g-P5,,,,X 全窗基线 · 不参与实体赏罚,6879627,688,A168_HF9F_20260827_0900,2026-08-27 09:00:00
2026-05-02,54600240,529,0,40.0000000000,-20.0000000000,-20.0000000000,0E-7,6,4,0.29067452500000000,0.290674525000,-0.9053066380155883,-0.9053066380155883,-0.9053066380155883,0E-17,ELIGIBLE,R03b_20260811_FULL_v1,L1_ELIGIBILITY,v2026-08-11,2026-03-21..2026-08-06,baccarat_bet02_101_all_pairs_incl_sentinel,round_win = game_pnl > 0 (decisive only),COMPATIBILITY_ONLY_NOT_PRODUCTION,4014.0000,3684.0000,168.9000,109,86,-0.04207773,,-0.04207773,-0.04207773,-168.9000,4014.0000,OK,0.0000,6.7560,4.0000,96.0000,AG03-UNRESOLVED,ALL5_LEVELS_bet23_to_bet27,6.7560,8.4450,8.4450,8.4450,8.4450,4.000000,5.000000,5.000000,5.000000,5.000000,96.000000,95.000000,95.000000,95.000000,95.000000,5.0,40.5360,36.8327,128.3640,132.0673,PENDING_AG03,FALSE,NOT_FOR_ENFORCEMENT,162.1440,3536.6400,168.9000,162.1440,6.7560,0.04207773,0.04039462,6.7560,162.1440,0.04039462,6.7560,8.4450,8.4450,8.4450,8.4450,162.1440,0.04039462,40.5360,36.8327,128.3640,132.0673,0.03197907,0.03290167,0.00168311,36.8257,42.8372,1.9640,11.2600,6.7560,267.6000,5.7333,,36.8257,10.0,20.0,50.0,100.0,100.0,211.5005,20.0,-10.0,5.0,10.575027,1.841284,9,25,13,7,0E-8,0.04207773,,0E-8,0.000000,0.917788,0.550459,,2026-04-02,2026-05-23,15,25,24,52,0.288462,,,0.000000,,,,,,,,GLOBAL_BASELINE_NO_ENTITY_RANKING,,,NOT_APPLICABLE_GLOBAL_BASELINE,HF9g-P5,,,,X 全窗基线 · 不参与实体赏罚,6879628,688,A168_HF9F_20260827_0900,2026-08-27 09:00:00
2026-05-02,54600240,583,0,80.0000000000,-80.0000000000,-80.0000000000,0E-7,3,2,0.28397192500000000,0.283971925000,-0.8906102211649702,-0.8906102211649702,-0.8906102211649702,0E-17,ELIGIBLE,R03b_20260811_FULL_v1,L1_ELIGIBILITY,v2026-08-11,2026-03-21..2026-08-06,baccarat_bet02_101_all_pairs_incl_sentinel,round_win = game_pnl > 0 (decisive only),COMPATIBILITY_ONLY_NOT_PRODUCTION,4014.0000,3684.0000,168.9000,109,86,-0.04207773,,-0.04207773,-0.04207773,-168.9000,4014.0000,OK,0.0000,6.7560,4.0000,96.0000,AG03-UNRESOLVED,ALL5_LEVELS_bet23_to_bet27,6.7560,8.4450,8.4450,8.4450,8.4450,4.000000,5.000000,5.000000,5.000000,5.000000,96.000000,95.000000,95.000000,95.000000,95.000000,5.0,40.5360,36.8327,128.3640,132.0673,PENDING_AG03,FALSE,NOT_FOR_ENFORCEMENT,162.1440,3536.6400,168.9000,162.1440,6.7560,0.04207773,0.04039462,6.7560,162.1440,0.04039462,6.7560,8.4450,8.4450,8.4450,8.4450,162.1440,0.04039462,40.5360,36.8327,128.3640,132.0673,0.03197907,0.03290167,0.00168311,36.8257,42.8372,1.9640,11.2600,6.7560,267.6000,5.7333,,36.8257,10.0,20.0,50.0,100.0,100.0,211.5005,20.0,-10.0,5.0,10.575027,1.841284,9,25,13,7,0E-8,0.04207773,,0E-8,0.000000,0.917788,0.550459,,2026-04-02,2026-05-23,15,25,24,52,0.288462,,,0.000000,,,,,,,,GLOBAL_BASELINE_NO_ENTITY_RANKING,,,NOT_APPLICABLE_GLOBAL_BASELINE,HF9g-P5,,,,X 全窗基线 · 不参与实体赏罚,6879629,688,A168_HF9F_20260827_0900,2026-08-27 09:00:00
2026-05-04,54600240,2127,0,8.0000000000,-8.0000000000,-8.0000000000,0E-7,1,1,0.05356140000000000,0.053561400000,-0.2378919454095156,-0.2378919454095156,-0.2378919454095156,0E-17,ELIGIBLE,R03b_20260811_FULL_v1,L1_ELIGIBILITY,v2026-08-11,2026-03-21..2026-08-06,baccarat_bet02_101_all_pairs_incl_sentinel,round_win = game_pnl > 0 (decisive only),COMPATIBILITY_ONLY_NOT_PRODUCTION,4014.0000,3684.0000,168.9000,109,86,-0.04207773,,-0.04207773,-0.04207773,-168.9000,4014.0000,OK,0.0000,6.7560,4.0000,96.0000,AG03-UNRESOLVED,ALL5_LEVELS_bet23_to_bet27,6.7560,8.4450,8.4450,8.4450,8.4450,4.000000,5.000000,5.000000,5.000000,5.000000,96.000000,95.000000,95.000000,95.000000,95.000000,5.0,40.5360,36.8327,128.3640,132.0673,PENDING_AG03,FALSE,NOT_FOR_ENFORCEMENT,162.1440,3536.6400,168.9000,162.1440,6.7560,0.04207773,0.04039462,6.7560,162.1440,0.04039462,6.7560,8.4450,8.4450,8.4450,8.4450,162.1440,0.04039462,40.5360,36.8327,128.3640,132.0673,0.03197907,0.03290167,0.00168311,36.8257,42.8372,1.9640,11.2600,6.7560,267.6000,5.7333,,36.8257,10.0,20.0,50.0,100.0,100.0,211.5005,20.0,-10.0,5.0,10.575027,1.841284,9,25,13,7,0E-8,0.04207773,,0E-8,0.000000,0.917788,0.550459,,2026-04-02,2026-05-23,15,25,24,52,0.288462,,,0.000000,,,,,,,,GLOBAL_BASELINE_NO_ENTITY_RANKING,,,NOT_APPLICABLE_GLOBAL_BASELINE,HF9g-P5,,,,X 全窗基线 · 不参与实体赏罚,6879630,688,A168_HF9F_20260827_0900,2026-08-27 09:00:00
2026-05-08,54600240,1094,0,13.0000000000,-13.0000000000,-13.0000000000,0E-7,2,2,0.05021120000000000,0.050211200000,-0.32516348997089284,-0.32516348997089284,-0.32516348997089284,0E-17,ELIGIBLE,R03b_20260811_FULL_v1,L1_ELIGIBILITY,v2026-08-11,2026-03-21..2026-08-06,baccarat_bet02_101_all_pairs_incl_sentinel,round_win = game_pnl > 0 (decisive only),COMPATIBILITY_ONLY_NOT_PRODUCTION,4014.0000,3684.0000,168.9000,109,86,-0.04207773,,-0.04207773,-0.04207773,-168.9000,4014.0000,OK,0.0000,6.7560,4.0000,96.0000,AG03-UNRESOLVED,ALL5_LEVELS_bet23_to_bet27,6.7560,8.4450,8.4450,8.4450,8.4450,4.000000,5.000000,5.000000,5.000000,5.000000,96.000000,95.000000,95.000000,95.000000,95.000000,5.0,40.5360,36.8327,128.3640,132.0673,PENDING_AG03,FALSE,NOT_FOR_ENFORCEMENT,162.1440,3536.6400,168.9000,162.1440,6.7560,0.04207773,0.04039462,6.7560,162.1440,0.04039462,6.7560,8.4450,8.4450,8.4450,8.4450,162.1440,0.04039462,40.5360,36.8327,128.3640,132.0673,0.03197907,0.03290167,0.00168311,36.8257,42.8372,1.9640,11.2600,6.7560,267.6000,5.7333,,36.8257,10.0,20.0,50.0,100.0,100.0,211.5005,20.0,-10.0,5.0,10.575027,1.841284,9,25,13,7,0E-8,0.04207773,,0E-8,0.000000,0.917788,0.550459,,2026-04-02,2026-05-23,15,25,24,52,0.288462,,,0.000000,,,,,,,,GLOBAL_BASELINE_NO_ENTITY_RANKING,,,NOT_APPLICABLE_GLOBAL_BASELINE,HF9g-P5,,,,X 全窗基线 · 不参与实体赏罚,6879631,688,A168_HF9F_20260827_0900,2026-08-27 09:00:00
2026-05-09,54600240,595,0,10.0000000000,-10.0000000000,-10.0000000000,0E-7,2,1,0.07469835000000000,0.074698350000,-0.2841278703448948,-0.28412787034489473,-0.2841278703448948,0E-17,ELIGIBLE,R03b_20260811_FULL_v1,L1_ELIGIBILITY,v2026-08-11,2026-03-21..2026-08-06,baccarat_bet02_101_all_pairs_incl_sentinel,round_win = game_pnl > 0 (decisive only),COMPATIBILITY_ONLY_NOT_PRODUCTION,4014.0000,3684.0000,168.9000,109,86,-0.04207773,,-0.04207773,-0.04207773,-168.9000,4014.0000,OK,0.0000,6.7560,4.0000,96.0000,AG03-UNRESOLVED,ALL5_LEVELS_bet23_to_bet27,6.7560,8.4450,8.4450,8.4450,8.4450,4.000000,5.000000,5.000000,5.000000,5.000000,96.000000,95.000000,95.000000,95.000000,95.000000,5.0,40.5360,36.8327,128.3640,132.0673,PENDING_AG03,FALSE,NOT_FOR_ENFORCEMENT,162.1440,3536.6400,168.9000,162.1440,6.7560,0.04207773,0.04039462,6.7560,162.1440,0.04039462,6.7560,8.4450,8.4450,8.4450,8.4450,162.1440,0.04039462,40.5360,36.8327,128.3640,132.0673,0.03197907,0.03290167,0.00168311,36.8257,42.8372,1.9640,11.2600,6.7560,267.6000,5.7333,,36.8257,10.0,20.0,50.0,100.0,100.0,211.5005,20.0,-10.0,5.0,10.575027,1.841284,9,25,13,7,0E-8,0.04207773,,0E-8,0.000000,0.917788,0.550459,,2026-04-02,2026-05-23,15,25,24,52,0.288462,,,0.000000,,,,,,,,GLOBAL_BASELINE_NO_ENTITY_RANKING,,,NOT_APPLICABLE_GLOBAL_BASELINE,HF9g-P5,,,,X 全窗基线 · 不参与实体赏罚,6879632,688,A168_HF9F_20260827_0900,2026-08-27 09:00:00
2026-05-12,54600240,1221,0,100.0000000000,-100.0000000000,-100.0000000000,0E-7,1,1,0.50665070000000000,0.506650700000,-1.013391052207602,-1.013391052207602,-1.013391052207602,0E-17,ELIGIBLE,R03b_20260811_FULL_v1,L1_ELIGIBILITY,v2026-08-11,2026-03-21..2026-08-06,baccarat_bet02_101_all_pairs_incl_sentinel,round_win = game_pnl > 0 (decisive only),COMPATIBILITY_ONLY_NOT_PRODUCTION,4014.0000,3684.0000,168.9000,109,86,-0.04207773,,-0.04207773,-0.04207773,-168.9000,4014.0000,OK,0.0000,6.7560,4.0000,96.0000,AG03-UNRESOLVED,ALL5_LEVELS_bet23_to_bet27,6.7560,8.4450,8.4450,8.4450,8.4450,4.000000,5.000000,5.000000,5.000000,5.000000,96.000000,95.000000,95.000000,95.000000,95.000000,5.0,40.5360,36.8327,128.3640,132.0673,PENDING_AG03,FALSE,NOT_FOR_ENFORCEMENT,162.1440,3536.6400,168.9000,162.1440,6.7560,0.04207773,0.04039462,6.7560,162.1440,0.04039462,6.7560,8.4450,8.4450,8.4450,8.4450,162.1440,0.04039462,40.5360,36.8327,128.3640,132.0673,0.03197907,0.03290167,0.00168311,36.8257,42.8372,1.9640,11.2600,6.7560,267.6000,5.7333,,36.8257,10.0,20.0,50.0,100.0,100.0,211.5005,20.0,-10.0,5.0,10.575027,1.841284,9,25,13,7,0E-8,0.04207773,,0E-8,0.000000,0.917788,0.550459,,2026-04-02,2026-05-23,15,25,24,52,0.288462,,,0.000000,,,,,,,,GLOBAL_BASELINE_NO_ENTITY_RANKING,,,NOT_APPLICABLE_GLOBAL_BASELINE,HF9g-P5,,,,X 全窗基线 · 不参与实体赏罚,6879633,688,A168_HF9F_20260827_0900,2026-08-27 09:00:00
2026-05-12,54600240,2271,0,475.0000000000,45.1000000000,45.1000000000,0.4444444,11,9,0.34894295740740741,0.347780872222,0.6010971230396254,0.6088838898622175,0.6010971230396254,0.00116208518540741,ELIGIBLE,R03b_20260811_FULL_v1,L1_ELIGIBILITY,v2026-08-11,2026-03-21..2026-08-06,baccarat_bet02_101_all_pairs_incl_sentinel,round_win = game_pnl > 0 (decisive only),COMPATIBILITY_ONLY_NOT_PRODUCTION,4014.0000,3684.0000,168.9000,109,86,-0.04207773,,-0.04207773,-0.04207773,-168.9000,4014.0000,OK,0.0000,6.7560,4.0000,96.0000,AG03-UNRESOLVED,ALL5_LEVELS_bet23_to_bet27,6.7560,8.4450,8.4450,8.4450,8.4450,4.000000,5.000000,5.000000,5.000000,5.000000,96.000000,95.000000,95.000000,95.000000,95.000000,5.0,40.5360,36.8327,128.3640,132.0673,PENDING_AG03,FALSE,NOT_FOR_ENFORCEMENT,162.1440,3536.6400,168.9000,162.1440,6.7560,0.04207773,0.04039462,6.7560,162.1440,0.04039462,6.7560,8.4450,8.4450,8.4450,8.4450,162.1440,0.04039462,40.5360,36.8327,128.3640,132.0673,0.03197907,0.03290167,0.00168311,36.8257,42.8372,1.9640,11.2600,6.7560,267.6000,5.7333,,36.8257,10.0,20.0,50.0,100.0,100.0,211.5005,20.0,-10.0,5.0,10.575027,1.841284,9,25,13,7,0E-8,0.04207773,,0E-8,0.000000,0.917788,0.550459,,2026-04-02,2026-05-23,15,25,24,52,0.288462,,,0.000000,,,,,,,,GLOBAL_BASELINE_NO_ENTITY_RANKING,,,NOT_APPLICABLE_GLOBAL_BASELINE,HF9g-P5,,,,X 全窗基线 · 不参与实体赏罚,6879634,688,A168_HF9F_20260827_0900,2026-08-27 09:00:00
2026-05-13,54600240,2241,0,13.0000000000,-13.0000000000,-13.0000000000,0E-7,1,1,0.49324550000000000,0.493245500000,-0.9865810262130424,-0.9865810262130424,-0.9865810262130424,0E-17,ELIGIBLE,R03b_20260811_FULL_v1,L1_ELIGIBILITY,v2026-08-11,2026-03-21..2026-08-06,baccarat_bet02_101_all_pairs_incl_sentinel,round_win = game_pnl > 0 (decisive only),COMPATIBILITY_ONLY_NOT_PRODUCTION,4014.0000,3684.0000,168.9000,109,86,-0.04207773,,-0.04207773,-0.04207773,-168.9000,4014.0000,OK,0.0000,6.7560,4.0000,96.0000,AG03-UNRESOLVED,ALL5_LEVELS_bet23_to_bet27,6.7560,8.4450,8.4450,8.4450,8.4450,4.000000,5.000000,5.000000,5.000000,5.000000,96.000000,95.000000,95.000000,95.000000,95.000000,5.0,40.5360,36.8327,128.3640,132.0673,PENDING_AG03,FALSE,NOT_FOR_ENFORCEMENT,162.1440,3536.6400,168.9000,162.1440,6.7560,0.04207773,0.04039462,6.7560,162.1440,0.04039462,6.7560,8.4450,8.4450,8.4450,8.4450,162.1440,0.04039462,40.5360,36.8327,128.3640,132.0673,0.03197907,0.03290167,0.00168311,36.8257,42.8372,1.9640,11.2600,6.7560,267.6000,5.7333,,36.8257,10.0,20.0,50.0,100.0,100.0,211.5005,20.0,-10.0,5.0,10.575027,1.841284,9,25,13,7,0E-8,0.04207773,,0E-8,0.000000,0.917788,0.550459,,2026-04-02,2026-05-23,15,25,24,52,0.288462,,,0.000000,,,,,,,,GLOBAL_BASELINE_NO_ENTITY_RANKING,,,NOT_APPLICABLE_GLOBAL_BASELINE,HF9g-P5,,,,X 全窗基线 · 不参与实体赏罚,6879635,688,A168_HF9F_20260827_0900,2026-08-27 09:00:00
2026-05-23,54600240,2170,0,80.0000000000,-10.0000000000,-10.0000000000,0.3333333,4,3,0.22097885000000000,0.220978850000,0.4690304682267144,0.4690304682267144,0.4690304682267144,0E-17,ELIGIBLE,R03b_20260811_FULL_v1,L1_ELIGIBILITY,v2026-08-11,2026-03-21..2026-08-06,baccarat_bet02_101_all_pairs_incl_sentinel,round_win = game_pnl > 0 (decisive only),COMPATIBILITY_ONLY_NOT_PRODUCTION,4014.0000,3684.0000,168.9000,109,86,-0.04207773,,-0.04207773,-0.04207773,-168.9000,4014.0000,OK,0.0000,6.7560,4.0000,96.0000,AG03-UNRESOLVED,ALL5_LEVELS_bet23_to_bet27,6.7560,8.4450,8.4450,8.4450,8.4450,4.000000,5.000000,5.000000,5.000000,5.000000,96.000000,95.000000,95.000000,95.000000,95.000000,5.0,40.5360,36.8327,128.3640,132.0673,PENDING_AG03,FALSE,NOT_FOR_ENFORCEMENT,162.1440,3536.6400,168.9000,162.1440,6.7560,0.04207773,0.04039462,6.7560,162.1440,0.04039462,6.7560,8.4450,8.4450,8.4450,8.4450,162.1440,0.04039462,40.5360,36.8327,128.3640,132.0673,0.03197907,0.03290167,0.00168311,36.8257,42.8372,1.9640,11.2600,6.7560,267.6000,5.7333,,36.8257,10.0,20.0,50.0,100.0,100.0,211.5005,20.0,-10.0,5.0,10.575027,1.841284,9,25,13,7,0E-8,0.04207773,,0E-8,0.000000,0.917788,0.550459,,2026-04-02,2026-05-23,15,25,24,52,0.288462,,,0.000000,,,,,,,,GLOBAL_BASELINE_NO_ENTITY_RANKING,,,NOT_APPLICABLE_GLOBAL_BASELINE,HF9g-P5,,,,X 全窗基线 · 不参与实体赏罚,6879636,688,A168_HF9F_20260827_0900,2026-08-27 09:00:00
2026-05-23,54600240,595,0,5.0000000000,-5.0000000000,-5.0000000000,0E-7,1,1,0.05356140000000000,0.053561400000,-0.2378919454095156,-0.2378919454095156,-0.2378919454095156,0E-17,ELIGIBLE,R03b_20260811_FULL_v1,L1_ELIGIBILITY,v2026-08-11,2026-03-21..2026-08-06,baccarat_bet02_101_all_pairs_incl_sentinel,round_win = game_pnl > 0 (decisive only),COMPATIBILITY_ONLY_NOT_PRODUCTION,4014.0000,3684.0000,168.9000,109,86,-0.04207773,,-0.04207773,-0.04207773,-168.9000,4014.0000,OK,0.0000,6.7560,4.0000,96.0000,AG03-UNRESOLVED,ALL5_LEVELS_bet23_to_bet27,6.7560,8.4450,8.4450,8.4450,8.4450,4.000000,5.000000,5.000000,5.000000,5.000000,96.000000,95.000000,95.000000,95.000000,95.000000,5.0,40.5360,36.8327,128.3640,132.0673,PENDING_AG03,FALSE,NOT_FOR_ENFORCEMENT,162.1440,3536.6400,168.9000,162.1440,6.7560,0.04207773,0.04039462,6.7560,162.1440,0.04039462,6.7560,8.4450,8.4450,8.4450,8.4450,162.1440,0.04039462,40.5360,36.8327,128.3640,132.0673,0.03197907,0.03290167,0.00168311,36.8257,42.8372,1.9640,11.2600,6.7560,267.6000,5.7333,,36.8257,10.0,20.0,50.0,100.0,100.0,211.5005,20.0,-10.0,5.0,10.575027,1.841284,9,25,13,7,0E-8,0.04207773,,0E-8,0.000000,0.917788,0.550459,,2026-04-02,2026-05-23,15,25,24,52,0.288462,,,0.000000,,,,,,,,GLOBAL_BASELINE_NO_ENTITY_RANKING,,,NOT_APPLICABLE_GLOBAL_BASELINE,HF9g-P5,,,,X 全窗基线 · 不参与实体赏罚,6879637,688,A168_HF9F_20260827_0900,2026-08-27 09:00:00
2026-05-12,149952005,529,0,441.0772663587,-77.8371646515,-77.8371646515,0.2500000,4,4,0.49994810000000000,0.499948100000,-0.9997924053861017,-0.9997924053861017,-0.9997924053861017,0E-17,ELIGIBLE,R03b_20260811_FULL_v1,L1_ELIGIBILITY,v2026-08-11,2026-03-21..2026-08-06,baccarat_bet02_101_all_pairs_incl_sentinel,round_win = game_pnl > 0 (decisive only),COMPATIBILITY_ONLY_NOT_PRODUCTION,1976.8045,1976.8045,168.9066,14,14,-0.08544428,,-0.08544428,-0.08544428,-168.9066,1976.8045,THIN_EXPOSURE,0.0000,6.7563,4.0000,96.0000,AG03-UNRESOLVED,ALL5_LEVELS_bet23_to_bet27,6.7563,6.7563,6.7563,8.4453,8.4453,4.000000,4.000000,4.000000,5.000000,5.000000,96.000000,96.000000,96.000000,95.000000,95.000000,5.0,37.1595,34.039,131.7472,134.8676,PENDING_AG03,FALSE,NOT_FOR_ENFORCEMENT,162.1504,1897.7323,168.9066,162.1504,6.7563,0.08544428,0.08202651,6.7563,162.1504,0.08202651,6.7563,6.7563,6.7563,8.4453,8.4453,162.1504,0.08202651,37.1595,34.039,131.7472,134.8676,0.06664654,0.06822506,0.00341777,141.2003,141.2003,12.0648,168.9066,168.9066,1976.8045,14.0000,,141.2003,51.8914,103.7829,181.6201,366.3795,444.6578,467.023,103.7829,-51.8914,4.2845,4.5,1.360536,1,2,1,2,0E-8,0.08544428,,0E-8,0.000000,1.000000,0.000000,,2026-05-12,2026-05-12,1,1,1,1,1.000000,,,0.000000,,,,,,,,GLOBAL_BASELINE_NO_ENTITY_RANKING,,,NOT_APPLICABLE_GLOBAL_BASELINE,HF9g-P5,,,,X 全窗基线 · 不参与实体赏罚,6879638,688,A168_HF9F_20260827_0900,2026-08-27 09:00:00
2026-05-12,149952005,987,0,1535.7272585750,-91.0694826422,-91.0694826422,0.4000000,10,10,0.50128862000000000,0.501288620000,-0.6406076080251435,-0.6406076080251435,-0.6406076080251435,0E-17,ELIGIBLE,R03b_20260811_FULL_v1,L1_ELIGIBILITY,v2026-08-11,2026-03-21..2026-08-06,baccarat_bet02_101_all_pairs_incl_sentinel,round_win = game_pnl > 0 (decisive only),COMPATIBILITY_ONLY_NOT_PRODUCTION,1976.8045,1976.8045,168.9066,14,14,-0.08544428,,-0.08544428,-0.08544428,-168.9066,1976.8045,THIN_EXPOSURE,0.0000,6.7563,4.0000,96.0000,AG03-UNRESOLVED,ALL5_LEVELS_bet23_to_bet27,6.7563,6.7563,6.7563,8.4453,8.4453,4.000000,4.000000,4.000000,5.000000,5.000000,96.000000,96.000000,96.000000,95.000000,95.000000,5.0,37.1595,34.039,131.7472,134.8676,PENDING_AG03,FALSE,NOT_FOR_ENFORCEMENT,162.1504,1897.7323,168.9066,162.1504,6.7563,0.08544428,0.08202651,6.7563,162.1504,0.08202651,6.7563,6.7563,6.7563,8.4453,8.4453,162.1504,0.08202651,37.1595,34.039,131.7472,134.8676,0.06664654,0.06822506,0.00341777,141.2003,141.2003,12.0648,168.9066,168.9066,1976.8045,14.0000,,141.2003,51.8914,103.7829,181.6201,366.3795,444.6578,467.023,103.7829,-51.8914,4.2845,4.5,1.360536,1,2,1,2,0E-8,0.08544428,,0E-8,0.000000,1.000000,0.000000,,2026-05-12,2026-05-12,1,1,1,1,1.000000,,,0.000000,,,,,,,,GLOBAL_BASELINE_NO_ENTITY_RANKING,,,NOT_APPLICABLE_GLOBAL_BASELINE,HF9g-P5,,,,X 全窗基线 · 不参与实体赏罚,6879639,688,A168_HF9F_20260827_0900,2026-08-27 09:00:00
2026-05-22,124261272,2101,0,371.2832753879,-168.9066472938,-168.9066472938,0.2500000,6,4,0.46972441666655743,0.430004358333,-0.8805133252608975,-0.7271781485422579,-0.8805133252608975,0.03972005833355743,ELIGIBLE,R03b_20260811_FULL_v1,L1_ELIGIBILITY,v2026-08-11,2026-03-21..2026-08-06,baccarat_bet02_101_all_pairs_incl_sentinel,round_win = game_pnl > 0 (decisive only),COMPATIBILITY_ONLY_NOT_PRODUCTION,371.2833,371.2833,168.9066,6,4,-0.45492662,,-0.45492662,-0.45492662,-168.9066,371.2833,THIN_EXPOSURE,0.0000,6.7563,4.0000,96.0000,AG03-UNRESOLVED,ALL5_LEVELS_bet23_to_bet27,6.7563,6.7563,6.7563,6.7563,6.7563,4.000000,4.000000,4.000000,4.000000,4.000000,96.000000,96.000000,96.000000,96.000000,96.000000,5.0,33.7813,31.1848,135.1253,137.7219,PENDING_AG03,FALSE,NOT_FOR_ENFORCEMENT,162.1504,356.4319,168.9066,162.1504,6.7563,0.45492662,0.43672956,6.7563,162.1504,0.43672956,6.7563,6.7563,6.7563,6.7563,6.7563,162.1504,0.43672956,33.7813,31.1848,135.1253,137.7219,0.36394130,0.37093475,0.01819706,61.8805,92.8208,42.2267,168.9066,168.9066,371.2833,4.0000,,61.8805,10.3783,36.324,103.7829,174.0698,181.8795,181.8795,36.324,-18.162,5.007143,5.007143,1.703571,1,1,1,3,0E-8,0.45492662,,0E-8,0.000000,1.000000,0.000000,,2026-05-22,2026-05-22,1,1,1,1,1.000000,,,0.000000,,,,,,,,GLOBAL_BASELINE_NO_ENTITY_RANKING,,,NOT_APPLICABLE_GLOBAL_BASELINE,HF9g-P5,,,,X 全窗基线 · 不参与实体赏罚,6879640,688,A168_HF9F_20260827_0900,2026-08-27 09:00:00
2026-07-21,153312068,1710,0,12.9088890610,12.9088890610,12.9088890610,1.0000000,1,1,0.49324550000000000,0.493245500000,1.01360149184955,1.01360149184955,1.01360149184955,0E-17,ELIGIBLE,R03b_20260811_FULL_v1,L1_ELIGIBILITY,v2026-08-11,2026-03-21..2026-08-06,baccarat_bet02_101_all_pairs_incl_sentinel,round_win = game_pnl > 0 (decisive only),COMPATIBILITY_ONLY_NOT_PRODUCTION,517.6465,466.0109,167.1701,39,39,-0.32294264,-0.32294264,,-0.32294264,-167.1701,517.6465,OK,0.0000,5.0151,3.0000,97.0000,AG03-UNRESOLVED,ALL5_LEVELS_bet23_to_bet27,5.0151,5.0151,5.0151,6.6868,6.6868,3.000000,3.000000,3.000000,4.000000,4.000000,97.000000,97.000000,97.000000,96.000000,96.000000,5.0,28.4189,26.5601,138.7512,140.61,PENDING_AG03,FALSE,NOT_FOR_ENFORCEMENT,162.1550,452.0306,167.1701,162.1550,5.0151,0.32294264,0.31325436,5.0151,162.1550,0.31325436,5.0151,5.0151,5.0151,6.6868,6.6868,162.1550,0.31325436,28.4189,26.5601,138.7512,140.61,0.26804239,0.27163333,0.00968828,13.2730,11.9490,4.2864,167.1701,55.7234,517.6465,39.0000,13.2730,,12.9089,12.9089,12.9089,12.9089,15.7488,21.9451,12.9089,-12.9089,1.22,1.7,1.028205,3,5,1,2,1.00000000,0.32294264,0.32294264,0E-8,0.000000,0.900249,0.000000,,2026-07-21,2026-07-21,1,3,3,1,1.000000,,1.000000,3.333333,,,,,,,,GLOBAL_BASELINE_NO_ENTITY_RANKING,,,NOT_APPLICABLE_GLOBAL_BASELINE,HF9g-P5,,,,X 全窗基线 · 不参与实体赏罚,6879641,688,A168_HF9F_20260827_0900,2026-08-27 09:00:00
2026-07-21,153312068,1750,0,30.9813337464,-30.9813337464,-30.9813337464,0E-7,2,2,0.49324550000000000,0.493245500000,-1.3952362676504506,-1.3952362676504506,-1.3952362676504506,0E-17,ELIGIBLE,R03b_20260811_FULL_v1,L1_ELIGIBILITY,v2026-08-11,2026-03-21..2026-08-06,baccarat_bet02_101_all_pairs_incl_sentinel,round_win = game_pnl > 0 (decisive only),COMPATIBILITY_ONLY_NOT_PRODUCTION,517.6465,466.0109,167.1701,39,39,-0.32294264,-0.32294264,,-0.32294264,-167.1701,517.6465,OK,0.0000,5.0151,3.0000,97.0000,AG03-UNRESOLVED,ALL5_LEVELS_bet23_to_bet27,5.0151,5.0151,5.0151,6.6868,6.6868,3.000000,3.000000,3.000000,4.000000,4.000000,97.000000,97.000000,97.000000,96.000000,96.000000,5.0,28.4189,26.5601,138.7512,140.61,PENDING_AG03,FALSE,NOT_FOR_ENFORCEMENT,162.1550,452.0306,167.1701,162.1550,5.0151,0.32294264,0.31325436,5.0151,162.1550,0.31325436,5.0151,5.0151,5.0151,6.6868,6.6868,162.1550,0.31325436,28.4189,26.5601,138.7512,140.61,0.26804239,0.27163333,0.00968828,13.2730,11.9490,4.2864,167.1701,55.7234,517.6465,39.0000,13.2730,,12.9089,12.9089,12.9089,12.9089,15.7488,21.9451,12.9089,-12.9089,1.22,1.7,1.028205,3,5,1,2,1.00000000,0.32294264,0.32294264,0E-8,0.000000,0.900249,0.000000,,2026-07-21,2026-07-21,1,3,3,1,1.000000,,1.000000,3.333333,,,,,,,,GLOBAL_BASELINE_NO_ENTITY_RANKING,,,NOT_APPLICABLE_GLOBAL_BASELINE,HF9g-P5,,,,X 全窗基线 · 不参与实体赏罚,6879642,688,A168_HF9F_20260827_0900,2026-08-27 09:00:00
2026-07-21,153312068,1940,0,280.1228926237,-81.9714455373,-81.9714455373,0.3157895,21,21,0.49899058571428571,0.498990585714,-1.5971135220229353,-1.5971135220204462,-1.5971135220229353,2.8571E-13,ELIGIBLE,R03b_20260811_FULL_v1,L1_ELIGIBILITY,v2026-08-11,2026-03-21..2026-08-06,baccarat_bet02_101_all_pairs_incl_sentinel,round_win = game_pnl > 0 (decisive only),COMPATIBILITY_ONLY_NOT_PRODUCTION,517.6465,466.0109,167.1701,39,39,-0.32294264,-0.32294264,,-0.32294264,-167.1701,517.6465,OK,0.0000,5.0151,3.0000,97.0000,AG03-UNRESOLVED,ALL5_LEVELS_bet23_to_bet27,5.0151,5.0151,5.0151,6.6868,6.6868,3.000000,3.000000,3.000000,4.000000,4.000000,97.000000,97.000000,97.000000,96.000000,96.000000,5.0,28.4189,26.5601,138.7512,140.61,PENDING_AG03,FALSE,NOT_FOR_ENFORCEMENT,162.1550,452.0306,167.1701,162.1550,5.0151,0.32294264,0.31325436,5.0151,162.1550,0.31325436,5.0151,5.0151,5.0151,6.6868,6.6868,162.1550,0.31325436,28.4189,26.5601,138.7512,140.61,0.26804239,0.27163333,0.00968828,13.2730,11.9490,4.2864,167.1701,55.7234,517.6465,39.0000,13.2730,,12.9089,12.9089,12.9089,12.9089,15.7488,21.9451,12.9089,-12.9089,1.22,1.7,1.028205,3,5,1,2,1.00000000,0.32294264,0.32294264,0E-8,0.000000,0.900249,0.000000,,2026-07-21,2026-07-21,1,3,3,1,1.000000,,1.000000,3.333333,,,,,,,,GLOBAL_BASELINE_NO_ENTITY_RANKING,,,NOT_APPLICABLE_GLOBAL_BASELINE,HF9g-P5,,,,X 全窗基线 · 不参与实体赏罚,6879643,688,A168_HF9F_20260827_0900,2026-08-27 09:00:00
2026-07-21,153312068,2103,0,116.1800015490,-27.7541114810,-27.7541114810,0.3750000,9,9,0.50069283333333333,0.500692833333,-0.7110267209840203,-0.7110267209821342,-0.7110267209840203,3.3333E-13,ELIGIBLE,R03b_20260811_FULL_v1,L1_ELIGIBILITY,v2026-08-11,2026-03-21..2026-08-06,baccarat_bet02_101_all_pairs_incl_sentinel,round_win = game_pnl > 0 (decisive only),COMPATIBILITY_ONLY_NOT_PRODUCTION,517.6465,466.0109,167.1701,39,39,-0.32294264,-0.32294264,,-0.32294264,-167.1701,517.6465,OK,0.0000,5.0151,3.0000,97.0000,AG03-UNRESOLVED,ALL5_LEVELS_bet23_to_bet27,5.0151,5.0151,5.0151,6.6868,6.6868,3.000000,3.000000,3.000000,4.000000,4.000000,97.000000,97.000000,97.000000,96.000000,96.000000,5.0,28.4189,26.5601,138.7512,140.61,PENDING_AG03,FALSE,NOT_FOR_ENFORCEMENT,162.1550,452.0306,167.1701,162.1550,5.0151,0.32294264,0.31325436,5.0151,162.1550,0.31325436,5.0151,5.0151,5.0151,6.6868,6.6868,162.1550,0.31325436,28.4189,26.5601,138.7512,140.61,0.26804239,0.27163333,0.00968828,13.2730,11.9490,4.2864,167.1701,55.7234,517.6465,39.0000,13.2730,,12.9089,12.9089,12.9089,12.9089,15.7488,21.9451,12.9089,-12.9089,1.22,1.7,1.028205,3,5,1,2,1.00000000,0.32294264,0.32294264,0E-8,0.000000,0.900249,0.000000,,2026-07-21,2026-07-21,1,3,3,1,1.000000,,1.000000,3.333333,,,,,,,,GLOBAL_BASELINE_NO_ENTITY_RANKING,,,NOT_APPLICABLE_GLOBAL_BASELINE,HF9g-P5,,,,X 全窗基线 · 不参与实体赏罚,6879644,688,A168_HF9F_20260827_0900,2026-08-27 09:00:00
2026-07-21,153312068,2223,0,77.4533343660,-39.3721116360,-39.3721116360,0.2000000,6,6,0.49771390000000000,0.497713900000,-1.3314309533564708,-1.3314309533564703,-1.3314309533564708,0E-17,ELIGIBLE,R03b_20260811_FULL_v1,L1_ELIGIBILITY,v2026-08-11,2026-03-21..2026-08-06,baccarat_bet02_101_all_pairs_incl_sentinel,round_win = game_pnl > 0 (decisive only),COMPATIBILITY_ONLY_NOT_PRODUCTION,517.6465,466.0109,167.1701,39,39,-0.32294264,-0.32294264,,-0.32294264,-167.1701,517.6465,OK,0.0000,5.0151,3.0000,97.0000,AG03-UNRESOLVED,ALL5_LEVELS_bet23_to_bet27,5.0151,5.0151,5.0151,6.6868,6.6868,3.000000,3.000000,3.000000,4.000000,4.000000,97.000000,97.000000,97.000000,96.000000,96.000000,5.0,28.4189,26.5601,138.7512,140.61,PENDING_AG03,FALSE,NOT_FOR_ENFORCEMENT,162.1550,452.0306,167.1701,162.1550,5.0151,0.32294264,0.31325436,5.0151,162.1550,0.31325436,5.0151,5.0151,5.0151,6.6868,6.6868,162.1550,0.31325436,28.4189,26.5601,138.7512,140.61,0.26804239,0.27163333,0.00968828,13.2730,11.9490,4.2864,167.1701,55.7234,517.6465,39.0000,13.2730,,12.9089,12.9089,12.9089,12.9089,15.7488,21.9451,12.9089,-12.9089,1.22,1.7,1.028205,3,5,1,2,1.00000000,0.32294264,0.32294264,0E-8,0.000000,0.900249,0.000000,,2026-07-21,2026-07-21,1,3,3,1,1.000000,,1.000000,3.333333,,,,,,,,GLOBAL_BASELINE_NO_ENTITY_RANKING,,,NOT_APPLICABLE_GLOBAL_BASELINE,HF9g-P5,,,,X 全窗基线 · 不参与实体赏罚,6879645,688,A168_HF9F_20260827_0900,2026-08-27 09:00:00
2026-07-14,152958189,1306,0,25.8177781220,0E-10,0E-10,,1,1,0.49324550000000000,0.493245500000,,,,0E-17,NO_DECISIVE_ROUND,R03b_20260811_FULL_v1,L1_ELIGIBILITY,v2026-08-11,2026-03-21..2026-08-06,baccarat_bet02_101_all_pairs_incl_sentinel,round_win = game_pnl > 0 (decisive only),COMPATIBILITY_ONLY_NOT_PRODUCTION,479.6943,438.3859,167.1701,14,14,-0.34849300,-0.34849300,,-0.34849300,-167.1701,479.6943,THIN_EXPOSURE,0.0000,5.0151,3.0000,97.0000,AG03-UNRESOLVED,ALL5_LEVELS_bet23_to_bet27,5.0151,5.0151,5.0151,6.6868,6.6868,3.000000,3.000000,3.000000,4.000000,4.000000,97.000000,97.000000,97.000000,96.000000,96.000000,5.0,28.4189,26.5601,138.7512,140.61,PENDING_AG03,FALSE,NOT_FOR_ENFORCEMENT,162.1550,425.2343,167.1701,162.1550,5.0151,0.34849300,0.33803821,5.0151,162.1550,0.33803821,5.0151,5.0151,5.0151,6.6868,6.6868,162.1550,0.33803821,28.4189,26.5601,138.7512,140.61,0.28924919,0.29312424,0.01045479,34.2639,31.3133,11.9407,167.1701,55.7234,479.6943,14.0000,34.2639,,12.9089,29.6904,51.6356,64.9059,85.5085,91.3949,29.3032,0.0,2.88,3.078261,1.154037,3,3,1,2,1.00000000,0.34849300,0.34849300,0E-8,0.000000,0.913886,0.000000,,2026-07-14,2026-07-14,1,3,3,1,1.000000,,1.000000,3.333333,,,,,,,,GLOBAL_BASELINE_NO_ENTITY_RANKING,,,NOT_APPLICABLE_GLOBAL_BASELINE,HF9g-P5,,,,X 全窗基线 · 不参与实体赏罚,6879646,688,A168_HF9F_20260827_0900,2026-08-27 09:00:00
2026-07-14,152958189,1374,0,377.1977383625,-165.7501355431,-165.7501355431,0.5000000,10,10,0.50262914000000000,0.502629140000,-0.014872867396668881,-0.014872867396668881,-0.014872867396668881,0E-17,ELIGIBLE,R03b_20260811_FULL_v1,L1_ELIGIBILITY,v2026-08-11,2026-03-21..2026-08-06,baccarat_bet02_101_all_pairs_incl_sentinel,round_win = game_pnl > 0 (decisive only),COMPATIBILITY_ONLY_NOT_PRODUCTION,479.6943,438.3859,167.1701,14,14,-0.34849300,-0.34849300,,-0.34849300,-167.1701,479.6943,THIN_EXPOSURE,0.0000,5.0151,3.0000,97.0000,AG03-UNRESOLVED,ALL5_LEVELS_bet23_to_bet27,5.0151,5.0151,5.0151,6.6868,6.6868,3.000000,3.000000,3.000000,4.000000,4.000000,97.000000,97.000000,97.000000,96.000000,96.000000,5.0,28.4189,26.5601,138.7512,140.61,PENDING_AG03,FALSE,NOT_FOR_ENFORCEMENT,162.1550,425.2343,167.1701,162.1550,5.0151,0.34849300,0.33803821,5.0151,162.1550,0.33803821,5.0151,5.0151,5.0151,6.6868,6.6868,162.1550,0.33803821,28.4189,26.5601,138.7512,140.61,0.28924919,0.29312424,0.01045479,34.2639,31.3133,11.9407,167.1701,55.7234,479.6943,14.0000,34.2639,,12.9089,29.6904,51.6356,64.9059,85.5085,91.3949,29.3032,0.0,2.88,3.078261,1.154037,3,3,1,2,1.00000000,0.34849300,0.34849300,0E-8,0.000000,0.913886,0.000000,,2026-07-14,2026-07-14,1,3,3,1,1.000000,,1.000000,3.333333,,,,,,,,GLOBAL_BASELINE_NO_ENTITY_RANKING,,,NOT_APPLICABLE_GLOBAL_BASELINE,HF9g-P5,,,,X 全窗基线 · 不参与实体赏罚,6879647,688,A168_HF9F_20260827_0900,2026-08-27 09:00:00
2026-07-14,152958189,2103,0,76.6788010224,-1.4199777966,-1.4199777966,0.6666667,3,3,0.49771390000000000,0.497713900000,0.5852756695216578,0.5852756695216578,0.5852756695216578,0E-17,ELIGIBLE,R03b_20260811_FULL_v1,L1_ELIGIBILITY,v2026-08-11,2026-03-21..2026-08-06,baccarat_bet02_101_all_pairs_incl_sentinel,round_win = game_pnl > 0 (decisive only),COMPATIBILITY_ONLY_NOT_PRODUCTION,479.6943,438.3859,167.1701,14,14,-0.34849300,-0.34849300,,-0.34849300,-167.1701,479.6943,THIN_EXPOSURE,0.0000,5.0151,3.0000,97.0000,AG03-UNRESOLVED,ALL5_LEVELS_bet23_to_bet27,5.0151,5.0151,5.0151,6.6868,6.6868,3.000000,3.000000,3.000000,4.000000,4.000000,97.000000,97.000000,97.000000,96.000000,96.000000,5.0,28.4189,26.5601,138.7512,140.61,PENDING_AG03,FALSE,NOT_FOR_ENFORCEMENT,162.1550,425.2343,167.1701,162.1550,5.0151,0.34849300,0.33803821,5.0151,162.1550,0.33803821,5.0151,5.0151,5.0151,6.6868,6.6868,162.1550,0.33803821,28.4189,26.5601,138.7512,140.61,0.28924919,0.29312424,0.01045479,34.2639,31.3133,11.9407,167.1701,55.7234,479.6943,14.0000,34.2639,,12.9089,29.6904,51.6356,64.9059,85.5085,91.3949,29.3032,0.0,2.88,3.078261,1.154037,3,3,1,2,1.00000000,0.34849300,0.34849300,0E-8,0.000000,0.913886,0.000000,,2026-07-14,2026-07-14,1,3,3,1,1.000000,,1.000000,3.333333,,,,,,,,GLOBAL_BASELINE_NO_ENTITY_RANKING,,,NOT_APPLICABLE_GLOBAL_BASELINE,HF9g-P5,,,,X 全窗基线 · 不参与实体赏罚,6879648,688,A168_HF9F_20260827_0900,2026-08-27 09:00:00
2026-07-15,67537995,-1,1,948.8033459839,-26.2695892389,-26.2695892389,0.5714286,29,7,0.35659400594072212,0.180899560000,1.1866526329262452,2.6842007118266893,1.1866526329262452,0.17569444594072212,SENTINEL_DEALER,R03b_20260811_FULL_v1,L1_ELIGIBILITY,v2026-08-11,2026-03-21..2026-08-06,baccarat_bet02_101_all_pairs_incl_sentinel,round_win = game_pnl > 0 (decisive only),COMPATIBILITY_ONLY_NOT_PRODUCTION,2065.4222,1697.2607,168.9128,62,17,-0.08178125,-0.08178125,,-0.08178125,-168.9128,2065.4222,OK,0.0000,6.7565,4.0000,96.0000,AG03-UNRESOLVED,ALL5_LEVELS_bet23_to_bet27,6.7565,6.7565,6.7565,8.4456,8.4456,4.000000,4.000000,4.000000,5.000000,5.000000,96.000000,96.000000,96.000000,95.000000,95.000000,5.0,37.1608,34.0403,131.7520,134.8725,PENDING_AG03,FALSE,NOT_FOR_ENFORCEMENT,162.1563,1629.3703,168.9128,162.1563,6.7565,0.08178125,0.07851000,6.7565,162.1563,0.07851000,6.7565,6.7565,6.7565,8.4456,8.4456,162.1563,0.07851000,37.1608,34.0403,131.7520,134.8725,0.06378937,0.06530022,0.00327125,33.3133,99.8389,9.9360,168.9128,42.2282,2065.4222,17.0000,33.3133,,12.9089,12.9089,20.9124,105.0784,117.5742,143.1338,12.9089,-12.9089,9.108,11.088,2.580645,4,5,1,6,1.00000000,0.08178125,0.08178125,0E-8,0.000000,0.821750,0.000000,,2026-07-15,2026-07-15,1,4,4,1,1.000000,,1.000000,3.333333,,,,,,,,GLOBAL_BASELINE_NO_ENTITY_RANKING,,,NOT_APPLICABLE_GLOBAL_BASELINE,HF9g-P5,,,,X 全窗基线 · 不参与实体赏罚,6879649,688,A168_HF9F_20260827_0900,2026-08-27 09:00:00
2026-07-15,67537995,1385,0,258.1777812202,-56.7991118684,-56.7991118684,0.5000000,6,2,0.42026023000006692,0.218682466667,0.22846216215245496,0.9624784878259123,0.22846216215245496,0.20157776333306692,ELIGIBLE,R03b_20260811_FULL_v1,L1_ELIGIBILITY,v2026-08-11,2026-03-21..2026-08-06,baccarat_bet02_101_all_pairs_incl_sentinel,round_win = game_pnl > 0 (decisive only),COMPATIBILITY_ONLY_NOT_PRODUCTION,2065.4222,1697.2607,168.9128,62,17,-0.08178125,-0.08178125,,-0.08178125,-168.9128,2065.4222,OK,0.0000,6.7565,4.0000,96.0000,AG03-UNRESOLVED,ALL5_LEVELS_bet23_to_bet27,6.7565,6.7565,6.7565,8.4456,8.4456,4.000000,4.000000,4.000000,5.000000,5.000000,96.000000,96.000000,96.000000,95.000000,95.000000,5.0,37.1608,34.0403,131.7520,134.8725,PENDING_AG03,FALSE,NOT_FOR_ENFORCEMENT,162.1563,1629.3703,168.9128,162.1563,6.7565,0.08178125,0.07851000,6.7565,162.1563,0.07851000,6.7565,6.7565,6.7565,8.4456,8.4456,162.1563,0.07851000,37.1608,34.0403,131.7520,134.8725,0.06378937,0.06530022,0.00327125,33.3133,99.8389,9.9360,168.9128,42.2282,2065.4222,17.0000,33.3133,,12.9089,12.9089,20.9124,105.0784,117.5742,143.1338,12.9089,-12.9089,9.108,11.088,2.580645,4,5,1,6,1.00000000,0.08178125,0.08178125,0E-8,0.000000,0.821750,0.000000,,2026-07-15,2026-07-15,1,4,4,1,1.000000,,1.000000,3.333333,,,,,,,,GLOBAL_BASELINE_NO_ENTITY_RANKING,,,NOT_APPLICABLE_GLOBAL_BASELINE,HF9g-P5,,,,X 全窗基线 · 不参与实体赏罚,6879650,688,A168_HF9F_20260827_0900,2026-08-27 09:00:00
2026-07-15,67537995,2127,0,201.3786693517,-75.5170010069,-75.5170010069,0.5000000,8,2,0.40586638232327364,0.188460863334,0.2710978939939005,1.1265806496361486,0.2710978939939005,0.21740551898927364,ELIGIBLE,R03b_20260811_FULL_v1,L1_ELIGIBILITY,v2026-08-11,2026-03-21..2026-08-06,baccarat_bet02_101_all_pairs_incl_sentinel,round_win = game_pnl > 0 (decisive only),COMPATIBILITY_ONLY_NOT_PRODUCTION,2065.4222,1697.2607,168.9128,62,17,-0.08178125,-0.08178125,,-0.08178125,-168.9128,2065.4222,OK,0.0000,6.7565,4.0000,96.0000,AG03-UNRESOLVED,ALL5_LEVELS_bet23_to_bet27,6.7565,6.7565,6.7565,8.4456,8.4456,4.000000,4.000000,4.000000,5.000000,5.000000,96.000000,96.000000,96.000000,95.000000,95.000000,5.0,37.1608,34.0403,131.7520,134.8725,PENDING_AG03,FALSE,NOT_FOR_ENFORCEMENT,162.1563,1629.3703,168.9128,162.1563,6.7565,0.08178125,0.07851000,6.7565,162.1563,0.07851000,6.7565,6.7565,6.7565,8.4456,8.4456,162.1563,0.07851000,37.1608,34.0403,131.7520,134.8725,0.06378937,0.06530022,0.00327125,33.3133,99.8389,9.9360,168.9128,42.2282,2065.4222,17.0000,33.3133,,12.9089,12.9089,20.9124,105.0784,117.5742,143.1338,12.9089,-12.9089,9.108,11.088,2.580645,4,5,1,6,1.00000000,0.08178125,0.08178125,0E-8,0.000000,0.821750,0.000000,,2026-07-15,2026-07-15,1,4,4,1,1.000000,,1.000000,3.333333,,,,,,,,GLOBAL_BASELINE_NO_ENTITY_RANKING,,,NOT_APPLICABLE_GLOBAL_BASELINE,HF9g-P5,,,,X 全窗基线 · 不参与实体赏罚,6879651,688,A168_HF9F_20260827_0900,2026-08-27 09:00:00
2026-07-15,67537995,2160,0,428.5751168254,67.1262231173,67.1262231173,0.5000000,11,4,0.39574842935603414,0.282919545834,0.4263773327279696,0.9639073649868163,0.4263773327279696,0.11282888352203414,ELIGIBLE,R03b_20260811_FULL_v1,L1_ELIGIBILITY,v2026-08-11,2026-03-21..2026-08-06,baccarat_bet02_101_all_pairs_incl_sentinel,round_win = game_pnl > 0 (decisive only),COMPATIBILITY_ONLY_NOT_PRODUCTION,2065.4222,1697.2607,168.9128,62,17,-0.08178125,-0.08178125,,-0.08178125,-168.9128,2065.4222,OK,0.0000,6.7565,4.0000,96.0000,AG03-UNRESOLVED,ALL5_LEVELS_bet23_to_bet27,6.7565,6.7565,6.7565,8.4456,8.4456,4.000000,4.000000,4.000000,5.000000,5.000000,96.000000,96.000000,96.000000,95.000000,95.000000,5.0,37.1608,34.0403,131.7520,134.8725,PENDING_AG03,FALSE,NOT_FOR_ENFORCEMENT,162.1563,1629.3703,168.9128,162.1563,6.7565,0.08178125,0.07851000,6.7565,162.1563,0.07851000,6.7565,6.7565,6.7565,8.4456,8.4456,162.1563,0.07851000,37.1608,34.0403,131.7520,134.8725,0.06378937,0.06530022,0.00327125,33.3133,99.8389,9.9360,168.9128,42.2282,2065.4222,17.0000,33.3133,,12.9089,12.9089,20.9124,105.0784,117.5742,143.1338,12.9089,-12.9089,9.108,11.088,2.580645,4,5,1,6,1.00000000,0.08178125,0.08178125,0E-8,0.000000,0.821750,0.000000,,2026-07-15,2026-07-15,1,4,4,1,1.000000,,1.000000,3.333333,,,,,,,,GLOBAL_BASELINE_NO_ENTITY_RANKING,,,NOT_APPLICABLE_GLOBAL_BASELINE,HF9g-P5,,,,X 全窗基线 · 不参与实体赏罚,6879652,688,A168_HF9F_20260827_0900,2026-08-27 09:00:00
2026-07-15,67537995,2196,0,228.4873363797,-77.4533343660,-77.4533343660,0.5000000,8,2,0.36949201037371134,0.189762393334,0.38238801725602684,1.1189177573844555,0.38238801725602684,0.17972961703971134,ELIGIBLE,R03b_20260811_FULL_v1,L1_ELIGIBILITY,v2026-08-11,2026-03-21..2026-08-06,baccarat_bet02_101_all_pairs_incl_sentinel,round_win = game_pnl > 0 (decisive only),COMPATIBILITY_ONLY_NOT_PRODUCTION,2065.4222,1697.2607,168.9128,62,17,-0.08178125,-0.08178125,,-0.08178125,-168.9128,2065.4222,OK,0.0000,6.7565,4.0000,96.0000,AG03-UNRESOLVED,ALL5_LEVELS_bet23_to_bet27,6.7565,6.7565,6.7565,8.4456,8.4456,4.000000,4.000000,4.000000,5.000000,5.000000,96.000000,96.000000,96.000000,95.000000,95.000000,5.0,37.1608,34.0403,131.7520,134.8725,PENDING_AG03,FALSE,NOT_FOR_ENFORCEMENT,162.1563,1629.3703,168.9128,162.1563,6.7565,0.08178125,0.07851000,6.7565,162.1563,0.07851000,6.7565,6.7565,6.7565,8.4456,8.4456,162.1563,0.07851000,37.1608,34.0403,131.7520,134.8725,0.06378937,0.06530022,0.00327125,33.3133,99.8389,9.9360,168.9128,42.2282,2065.4222,17.0000,33.3133,,12.9089,12.9089,20.9124,105.0784,117.5742,143.1338,12.9089,-12.9089,9.108,11.088,2.580645,4,5,1,6,1.00000000,0.08178125,0.08178125,0E-8,0.000000,0.821750,0.000000,,2026-07-15,2026-07-15,1,4,4,1,1.000000,,1.000000,3.333333,,,,,,,,GLOBAL_BASELINE_NO_ENTITY_RANKING,,,NOT_APPLICABLE_GLOBAL_BASELINE,HF9g-P5,,,,X 全窗基线 · 不参与实体赏罚,6879653,688,A168_HF9F_20260827_0900,2026-08-27 09:00:00
2026-03-23,147252457,1115,0,30.5924817327,-8.5835020689,-8.5835020689,0.3333333,9,5,0.36736149683648558,0.337809980000,-0.12225721833123339,-0.016394036268444507,-0.12225721833123339,0.02955151683648558,ELIGIBLE,R03b_20260811_FULL_v1,L1_ELIGIBILITY,v2026-08-11,2026-03-21..2026-08-06,baccarat_bet02_101_all_pairs_incl_sentinel,round_win = game_pnl > 0 (decisive only),COMPATIBILITY_ONLY_NOT_PRODUCTION,2061.4691,1642.0932,168.9188,576,273,-0.08194099,,-0.08194099,-0.08194099,-168.9188,2061.4691,OK,0.0000,6.7568,4.0000,96.0000,AG03-UNRESOLVED,ALL5_LEVELS_bet23_to_bet27,6.7568,6.7568,6.7568,13.5135,13.5135,4.000000,4.000000,4.000000,8.000000,8.000000,96.000000,96.000000,96.000000,92.000000,92.000000,5.0,47.2973,42.4256,121.6216,126.4933,PENDING_AG03,FALSE,NOT_FOR_ENFORCEMENT,162.1621,1576.4095,168.9188,162.1621,6.7568,0.08194099,0.07866335,6.7568,162.1621,0.07866335,6.7568,6.7568,6.7568,13.5135,13.5135,162.1621,0.07866335,47.2973,42.4256,121.6216,126.4933,0.05899752,0.06136074,0.00327764,3.5789,6.0150,0.6188,6.0328,3.3121,73.6239,9.7500,,3.5789,2.1006,3.5263,4.2165,6.3019,6.3247,8.4329,2.1082,-2.1006,1.793587,2.391449,1.01493,15,53,21,5,0E-8,0.08194099,,0E-8,0.000000,0.796565,0.000000,,2026-03-23,2026-06-07,28,51,49,77,0.363636,,,0.000000,,,,,,,,GLOBAL_BASELINE_NO_ENTITY_RANKING,,,NOT_APPLICABLE_GLOBAL_BASELINE,HF9g-P5,,,,X 全窗基线 · 不参与实体赏罚,6879654,688,A168_HF9F_20260827_0900,2026-08-27 09:00:00
2026-03-24,147252457,1385,0,7.4830530857,17.6071837310,17.6071837310,1.0000000,2,1,0.37599764705788342,0.293924150000,1.2882511833257764,1.549915577879723,1.2882511833257764,0.08207349705788342,ELIGIBLE,R03b_20260811_FULL_v1,L1_ELIGIBILITY,v2026-08-11,2026-03-21..2026-08-06,baccarat_bet02_101_all_pairs_incl_sentinel,round_win = game_pnl > 0 (decisive only),COMPATIBILITY_ONLY_NOT_PRODUCTION,2061.4691,1642.0932,168.9188,576,273,-0.08194099,,-0.08194099,-0.08194099,-168.9188,2061.4691,OK,0.0000,6.7568,4.0000,96.0000,AG03-UNRESOLVED,ALL5_LEVELS_bet23_to_bet27,6.7568,6.7568,6.7568,13.5135,13.5135,4.000000,4.000000,4.000000,8.000000,8.000000,96.000000,96.000000,96.000000,92.000000,92.000000,5.0,47.2973,42.4256,121.6216,126.4933,PENDING_AG03,FALSE,NOT_FOR_ENFORCEMENT,162.1621,1576.4095,168.9188,162.1621,6.7568,0.08194099,0.07866335,6.7568,162.1621,0.07866335,6.7568,6.7568,6.7568,13.5135,13.5135,162.1621,0.07866335,47.2973,42.4256,121.6216,126.4933,0.05899752,0.06136074,0.00327764,3.5789,6.0150,0.6188,6.0328,3.3121,73.6239,9.7500,,3.5789,2.1006,3.5263,4.2165,6.3019,6.3247,8.4329,2.1082,-2.1006,1.793587,2.391449,1.01493,15,53,21,5,0E-8,0.08194099,,0E-8,0.000000,0.796565,0.000000,,2026-03-23,2026-06-07,28,51,49,77,0.363636,,,0.000000,,,,,,,,GLOBAL_BASELINE_NO_ENTITY_RANKING,,,NOT_APPLICABLE_GLOBAL_BASELINE,HF9g-P5,,,,X 全窗基线 · 不参与实体赏罚,6879655,688,A168_HF9F_20260827_0900,2026-08-27 09:00:00
2026-03-24,147252457,1401,0,36.5349062418,2.7511224579,2.7511224579,0.6666667,9,3,0.40305152023792774,0.364833000000,0.9308555233429346,1.0860186579666644,0.9308555233429346,0.03821852023792774,ELIGIBLE,R03b_20260811_FULL_v1,L1_ELIGIBILITY,v2026-08-11,2026-03-21..2026-08-06,baccarat_bet02_101_all_pairs_incl_sentinel,round_win = game_pnl > 0 (decisive only),COMPATIBILITY_ONLY_NOT_PRODUCTION,2061.4691,1642.0932,168.9188,576,273,-0.08194099,,-0.08194099,-0.08194099,-168.9188,2061.4691,OK,0.0000,6.7568,4.0000,96.0000,AG03-UNRESOLVED,ALL5_LEVELS_bet23_to_bet27,6.7568,6.7568,6.7568,13.5135,13.5135,4.000000,4.000000,4.000000,8.000000,8.000000,96.000000,96.000000,96.000000,92.000000,92.000000,5.0,47.2973,42.4256,121.6216,126.4933,PENDING_AG03,FALSE,NOT_FOR_ENFORCEMENT,162.1621,1576.4095,168.9188,162.1621,6.7568,0.08194099,0.07866335,6.7568,162.1621,0.07866335,6.7568,6.7568,6.7568,13.5135,13.5135,162.1621,0.07866335,47.2973,42.4256,121.6216,126.4933,0.05899752,0.06136074,0.00327764,3.5789,6.0150,0.6188,6.0328,3.3121,73.6239,9.7500,,3.5789,2.1006,3.5263,4.2165,6.3019,6.3247,8.4329,2.1082,-2.1006,1.793587,2.391449,1.01493,15,53,21,5,0E-8,0.08194099,,0E-8,0.000000,0.796565,0.000000,,2026-03-23,2026-06-07,28,51,49,77,0.363636,,,0.000000,,,,,,,,GLOBAL_BASELINE_NO_ENTITY_RANKING,,,NOT_APPLICABLE_GLOBAL_BASELINE,HF9g-P5,,,,X 全窗基线 · 不参与实体赏罚,6879656,688,A168_HF9F_20260827_0900,2026-08-27 09:00:00
2026-03-24,147252457,1505,0,21.3487102738,-5.2821551194,-5.2821551194,0.6666667,6,3,0.36949542685011854,0.296158350000,1.0663965939104079,1.4055914798160598,1.0663965939104079,0.07333707685011854,ELIGIBLE,R03b_20260811_FULL_v1,L1_ELIGIBILITY,v2026-08-11,2026-03-21..2026-08-06,baccarat_bet02_101_all_pairs_incl_sentinel,round_win = game_pnl > 0 (decisive only),COMPATIBILITY_ONLY_NOT_PRODUCTION,2061.4691,1642.0932,168.9188,576,273,-0.08194099,,-0.08194099,-0.08194099,-168.9188,2061.4691,OK,0.0000,6.7568,4.0000,96.0000,AG03-UNRESOLVED,ALL5_LEVELS_bet23_to_bet27,6.7568,6.7568,6.7568,13.5135,13.5135,4.000000,4.000000,4.000000,8.000000,8.000000,96.000000,96.000000,96.000000,92.000000,92.000000,5.0,47.2973,42.4256,121.6216,126.4933,PENDING_AG03,FALSE,NOT_FOR_ENFORCEMENT,162.1621,1576.4095,168.9188,162.1621,6.7568,0.08194099,0.07866335,6.7568,162.1621,0.07866335,6.7568,6.7568,6.7568,13.5135,13.5135,162.1621,0.07866335,47.2973,42.4256,121.6216,126.4933,0.05899752,0.06136074,0.00327764,3.5789,6.0150,0.6188,6.0328,3.3121,73.6239,9.7500,,3.5789,2.1006,3.5263,4.2165,6.3019,6.3247,8.4329,2.1082,-2.1006,1.793587,2.391449,1.01493,15,53,21,5,0E-8,0.08194099,,0E-8,0.000000,0.796565,0.000000,,2026-03-23,2026-06-07,28,51,49,77,0.363636,,,0.000000,,,,,,,,GLOBAL_BASELINE_NO_ENTITY_RANKING,,,NOT_APPLICABLE_GLOBAL_BASELINE,HF9g-P5,,,,X 全窗基线 · 不参与实体赏罚,6879657,688,A168_HF9F_20260827_0900,2026-08-27 09:00:00
2026-03-24,147252457,1942,0,6.6026938991,-6.6026938991,-6.6026938991,0E-7,2,1,0.36036459999798747,0.293924150000,-0.7505935278848639,-0.6451964315166089,-0.7505935278848639,0.06644044999798747,ELIGIBLE,R03b_20260811_FULL_v1,L1_ELIGIBILITY,v2026-08-11,2026-03-21..2026-08-06,baccarat_bet02_101_all_pairs_incl_sentinel,round_win = game_pnl > 0 (decisive only),COMPATIBILITY_ONLY_NOT_PRODUCTION,2061.4691,1642.0932,168.9188,576,273,-0.08194099,,-0.08194099,-0.08194099,-168.9188,2061.4691,OK,0.0000,6.7568,4.0000,96.0000,AG03-UNRESOLVED,ALL5_LEVELS_bet23_to_bet27,6.7568,6.7568,6.7568,13.5135,13.5135,4.000000,4.000000,4.000000,8.000000,8.000000,96.000000,96.000000,96.000000,92.000000,92.000000,5.0,47.2973,42.4256,121.6216,126.4933,PENDING_AG03,FALSE,NOT_FOR_ENFORCEMENT,162.1621,1576.4095,168.9188,162.1621,6.7568,0.08194099,0.07866335,6.7568,162.1621,0.07866335,6.7568,6.7568,6.7568,13.5135,13.5135,162.1621,0.07866335,47.2973,42.4256,121.6216,126.4933,0.05899752,0.06136074,0.00327764,3.5789,6.0150,0.6188,6.0328,3.3121,73.6239,9.7500,,3.5789,2.1006,3.5263,4.2165,6.3019,6.3247,8.4329,2.1082,-2.1006,1.793587,2.391449,1.01493,15,53,21,5,0E-8,0.08194099,,0E-8,0.000000,0.796565,0.000000,,2026-03-23,2026-06-07,28,51,49,77,0.363636,,,0.000000,,,,,,,,GLOBAL_BASELINE_NO_ENTITY_RANKING,,,NOT_APPLICABLE_GLOBAL_BASELINE,HF9g-P5,,,,X 全窗基线 · 不参与实体赏罚,6879658,688,A168_HF9F_20260827_0900,2026-08-27 09:00:00
2026-03-24,147252457,2202,0,8.8035918654,0E-10,0E-10,,2,1,0.29392415000000000,0.293924150000,,,,0E-17,NO_DECISIVE_ROUND,R03b_20260811_FULL_v1,L1_ELIGIBILITY,v2026-08-11,2026-03-21..2026-08-06,baccarat_bet02_101_all_pairs_incl_sentinel,round_win = game_pnl > 0 (decisive only),COMPATIBILITY_ONLY_NOT_PRODUCTION,2061.4691,1642.0932,168.9188,576,273,-0.08194099,,-0.08194099,-0.08194099,-168.9188,2061.4691,OK,0.0000,6.7568,4.0000,96.0000,AG03-UNRESOLVED,ALL5_LEVELS_bet23_to_bet27,6.7568,6.7568,6.7568,13.5135,13.5135,4.000000,4.000000,4.000000,8.000000,8.000000,96.000000,96.000000,96.000000,92.000000,92.000000,5.0,47.2973,42.4256,121.6216,126.4933,PENDING_AG03,FALSE,NOT_FOR_ENFORCEMENT,162.1621,1576.4095,168.9188,162.1621,6.7568,0.08194099,0.07866335,6.7568,162.1621,0.07866335,6.7568,6.7568,6.7568,13.5135,13.5135,162.1621,0.07866335,47.2973,42.4256,121.6216,126.4933,0.05899752,0.06136074,0.00327764,3.5789,6.0150,0.6188,6.0328,3.3121,73.6239,9.7500,,3.5789,2.1006,3.5263,4.2165,6.3019,6.3247,8.4329,2.1082,-2.1006,1.793587,2.391449,1.01493,15,53,21,5,0E-8,0.08194099,,0E-8,0.000000,0.796565,0.000000,,2026-03-23,2026-06-07,28,51,49,77,0.363636,,,0.000000,,,,,,,,GLOBAL_BASELINE_NO_ENTITY_RANKING,,,NOT_APPLICABLE_GLOBAL_BASELINE,HF9g-P5,,,,X 全窗基线 · 不参与实体赏罚,6879659,688,A168_HF9F_20260827_0900,2026-08-27 09:00:00
2026-03-24,147252457,2222,0,15.1861959679,-15.1861959679,-15.1861959679,0E-7,4,2,0.33416817692162003,0.297275450000,-1.0018789879779546,-0.9198181129370825,-1.0018789879779546,0.03689272692162003,ELIGIBLE,R03b_20260811_FULL_v1,L1_ELIGIBILITY,v2026-08-11,2026-03-21..2026-08-06,baccarat_bet02_101_all_pairs_incl_sentinel,round_win = game_pnl > 0 (decisive only),COMPATIBILITY_ONLY_NOT_PRODUCTION,2061.4691,1642.0932,168.9188,576,273,-0.08194099,,-0.08194099,-0.08194099,-168.9188,2061.4691,OK,0.0000,6.7568,4.0000,96.0000,AG03-UNRESOLVED,ALL5_LEVELS_bet23_to_bet27,6.7568,6.7568,6.7568,13.5135,13.5135,4.000000,4.000000,4.000000,8.000000,8.000000,96.000000,96.000000,96.000000,92.000000,92.000000,5.0,47.2973,42.4256,121.6216,126.4933,PENDING_AG03,FALSE,NOT_FOR_ENFORCEMENT,162.1621,1576.4095,168.9188,162.1621,6.7568,0.08194099,0.07866335,6.7568,162.1621,0.07866335,6.7568,6.7568,6.7568,13.5135,13.5135,162.1621,0.07866335,47.2973,42.4256,121.6216,126.4933,0.05899752,0.06136074,0.00327764,3.5789,6.0150,0.6188,6.0328,3.3121,73.6239,9.7500,,3.5789,2.1006,3.5263,4.2165,6.3019,6.3247,8.4329,2.1082,-2.1006,1.793587,2.391449,1.01493,15,53,21,5,0E-8,0.08194099,,0E-8,0.000000,0.796565,0.000000,,2026-03-23,2026-06-07,28,51,49,77,0.363636,,,0.000000,,,,,,,,GLOBAL_BASELINE_NO_ENTITY_RANKING,,,NOT_APPLICABLE_GLOBAL_BASELINE,HF9g-P5,,,,X 全窗基线 · 不参与实体赏罚,6879660,688,A168_HF9F_20260827_0900,2026-08-27 09:00:00
2026-03-28,147252457,1654,0,13.2053877982,4.4017959326,4.4017959326,1.0000000,4,2,0.36036459999798747,0.293924150000,1.884127040581179,2.191911630770837,1.884127040581179,0.06644044999798747,ELIGIBLE,R03b_20260811_FULL_v1,L1_ELIGIBILITY,v2026-08-11,2026-03-21..2026-08-06,baccarat_bet02_101_all_pairs_incl_sentinel,round_win = game_pnl > 0 (decisive only),COMPATIBILITY_ONLY_NOT_PRODUCTION,2061.4691,1642.0932,168.9188,576,273,-0.08194099,,-0.08194099,-0.08194099,-168.9188,2061.4691,OK,0.0000,6.7568,4.0000,96.0000,AG03-UNRESOLVED,ALL5_LEVELS_bet23_to_bet27,6.7568,6.7568,6.7568,13.5135,13.5135,4.000000,4.000000,4.000000,8.000000,8.000000,96.000000,96.000000,96.000000,92.000000,92.000000,5.0,47.2973,42.4256,121.6216,126.4933,PENDING_AG03,FALSE,NOT_FOR_ENFORCEMENT,162.1621,1576.4095,168.9188,162.1621,6.7568,0.08194099,0.07866335,6.7568,162.1621,0.07866335,6.7568,6.7568,6.7568,13.5135,13.5135,162.1621,0.07866335,47.2973,42.4256,121.6216,126.4933,0.05899752,0.06136074,0.00327764,3.5789,6.0150,0.6188,6.0328,3.3121,73.6239,9.7500,,3.5789,2.1006,3.5263,4.2165,6.3019,6.3247,8.4329,2.1082,-2.1006,1.793587,2.391449,1.01493,15,53,21,5,0E-8,0.08194099,,0E-8,0.000000,0.796565,0.000000,,2026-03-23,2026-06-07,28,51,49,77,0.363636,,,0.000000,,,,,,,,GLOBAL_BASELINE_NO_ENTITY_RANKING,,,NOT_APPLICABLE_GLOBAL_BASELINE,HF9g-P5,,,,X 全窗基线 · 不参与实体赏罚,6879661,688,A168_HF9F_20260827_0900,2026-08-27 09:00:00
2026-03-28,147252457,583,0,17.6071837310,4.0716612377,4.0716612377,0.5000000,5,2,0.40028742499886796,0.332729875000,0.2878109933212726,0.5020380572678685,0.2878109933212726,0.06755754999886796,ELIGIBLE,R03b_20260811_FULL_v1,L1_ELIGIBILITY,v2026-08-11,2026-03-21..2026-08-06,baccarat_bet02_101_all_pairs_incl_sentinel,round_win = game_pnl > 0 (decisive only),COMPATIBILITY_ONLY_NOT_PRODUCTION,2061.4691,1642.0932,168.9188,576,273,-0.08194099,,-0.08194099,-0.08194099,-168.9188,2061.4691,OK,0.0000,6.7568,4.0000,96.0000,AG03-UNRESOLVED,ALL5_LEVELS_bet23_to_bet27,6.7568,6.7568,6.7568,13.5135,13.5135,4.000000,4.000000,4.000000,8.000000,8.000000,96.000000,96.000000,96.000000,92.000000,92.000000,5.0,47.2973,42.4256,121.6216,126.4933,PENDING_AG03,FALSE,NOT_FOR_ENFORCEMENT,162.1621,1576.4095,168.9188,162.1621,6.7568,0.08194099,0.07866335,6.7568,162.1621,0.07866335,6.7568,6.7568,6.7568,13.5135,13.5135,162.1621,0.07866335,47.2973,42.4256,121.6216,126.4933,0.05899752,0.06136074,0.00327764,3.5789,6.0150,0.6188,6.0328,3.3121,73.6239,9.7500,,3.5789,2.1006,3.5263,4.2165,6.3019,6.3247,8.4329,2.1082,-2.1006,1.793587,2.391449,1.01493,15,53,21,5,0E-8,0.08194099,,0E-8,0.000000,0.796565,0.000000,,2026-03-23,2026-06-07,28,51,49,77,0.363636,,,0.000000,,,,,,,,GLOBAL_BASELINE_NO_ENTITY_RANKING,,,NOT_APPLICABLE_GLOBAL_BASELINE,HF9g-P5,,,,X 全窗基线 · 不参与实体赏罚,6879662,688,A168_HF9F_20260827_0900,2026-08-27 09:00:00
2026-04-05,147252457,2246,0,26.7746083950,-2.3190605698,-2.3190605698,0.4000000,9,5,0.35326674315789474,0.337809980000,0.21862361737199804,0.2940208610797272,0.21862361737199804,0.01545676315789474,ELIGIBLE,R03b_20260811_FULL_v1,L1_ELIGIBILITY,v2026-08-11,2026-03-21..2026-08-06,baccarat_bet02_101_all_pairs_incl_sentinel,round_win = game_pnl > 0 (decisive only),COMPATIBILITY_ONLY_NOT_PRODUCTION,2061.4691,1642.0932,168.9188,576,273,-0.08194099,,-0.08194099,-0.08194099,-168.9188,2061.4691,OK,0.0000,6.7568,4.0000,96.0000,AG03-UNRESOLVED,ALL5_LEVELS_bet23_to_bet27,6.7568,6.7568,6.7568,13.5135,13.5135,4.000000,4.000000,4.000000,8.000000,8.000000,96.000000,96.000000,96.000000,92.000000,92.000000,5.0,47.2973,42.4256,121.6216,126.4933,PENDING_AG03,FALSE,NOT_FOR_ENFORCEMENT,162.1621,1576.4095,168.9188,162.1621,6.7568,0.08194099,0.07866335,6.7568,162.1621,0.07866335,6.7568,6.7568,6.7568,13.5135,13.5135,162.1621,0.07866335,47.2973,42.4256,121.6216,126.4933,0.05899752,0.06136074,0.00327764,3.5789,6.0150,0.6188,6.0328,3.3121,73.6239,9.7500,,3.5789,2.1006,3.5263,4.2165,6.3019,6.3247,8.4329,2.1082,-2.1006,1.793587,2.391449,1.01493,15,53,21,5,0E-8,0.08194099,,0E-8,0.000000,0.796565,0.000000,,2026-03-23,2026-06-07,28,51,49,77,0.363636,,,0.000000,,,,,,,,GLOBAL_BASELINE_NO_ENTITY_RANKING,,,NOT_APPLICABLE_GLOBAL_BASELINE,HF9g-P5,,,,X 全窗基线 · 不参与实体赏罚,6879663,688,A168_HF9F_20260827_0900,2026-08-27 09:00:00
2026-04-05,147252457,529,0,12.6494212890,4.0056500748,4.0056500748,1.0000000,5,3,0.38549035000000000,0.362598800000,1.7855523845687697,1.8750301478625495,1.7855523845687697,0.02289155000000000,ELIGIBLE,R03b_20260811_FULL_v1,L1_ELIGIBILITY,v2026-08-11,2026-03-21..2026-08-06,baccarat_bet02_101_all_pairs_incl_sentinel,round_win = game_pnl > 0 (decisive only),COMPATIBILITY_ONLY_NOT_PRODUCTION,2061.4691,1642.0932,168.9188,576,273,-0.08194099,,-0.08194099,-0.08194099,-168.9188,2061.4691,OK,0.0000,6.7568,4.0000,96.0000,AG03-UNRESOLVED,ALL5_LEVELS_bet23_to_bet27,6.7568,6.7568,6.7568,13.5135,13.5135,4.000000,4.000000,4.000000,8.000000,8.000000,96.000000,96.000000,96.000000,92.000000,92.000000,5.0,47.2973,42.4256,121.6216,126.4933,PENDING_AG03,FALSE,NOT_FOR_ENFORCEMENT,162.1621,1576.4095,168.9188,162.1621,6.7568,0.08194099,0.07866335,6.7568,162.1621,0.07866335,6.7568,6.7568,6.7568,13.5135,13.5135,162.1621,0.07866335,47.2973,42.4256,121.6216,126.4933,0.05899752,0.06136074,0.00327764,3.5789,6.0150,0.6188,6.0328,3.3121,73.6239,9.7500,,3.5789,2.1006,3.5263,4.2165,6.3019,6.3247,8.4329,2.1082,-2.1006,1.793587,2.391449,1.01493,15,53,21,5,0E-8,0.08194099,,0E-8,0.000000,0.796565,0.000000,,2026-03-23,2026-06-07,28,51,49,77,0.363636,,,0.000000,,,,,,,,GLOBAL_BASELINE_NO_ENTITY_RANKING,,,NOT_APPLICABLE_GLOBAL_BASELINE,HF9g-P5,,,,X 全窗基线 · 不参与实体赏罚,6879664,688,A168_HF9F_20260827_0900,2026-08-27 09:00:00
2026-04-06,147252457,1703,0,2.9515316341,-2.9515316341,-2.9515316341,0E-7,1,1,0.50665070000000000,0.506650700000,-1.013391052207602,-1.013391052207602,-1.013391052207602,0E-17,ELIGIBLE,R03b_20260811_FULL_v1,L1_ELIGIBILITY,v2026-08-11,2026-03-21..2026-08-06,baccarat_bet02_101_all_pairs_incl_sentinel,round_win = game_pnl > 0 (decisive only),COMPATIBILITY_ONLY_NOT_PRODUCTION,2061.4691,1642.0932,168.9188,576,273,-0.08194099,,-0.08194099,-0.08194099,-168.9188,2061.4691,OK,0.0000,6.7568,4.0000,96.0000,AG03-UNRESOLVED,ALL5_LEVELS_bet23_to_bet27,6.7568,6.7568,6.7568,13.5135,13.5135,4.000000,4.000000,4.000000,8.000000,8.000000,96.000000,96.000000,96.000000,92.000000,92.000000,5.0,47.2973,42.4256,121.6216,126.4933,PENDING_AG03,FALSE,NOT_FOR_ENFORCEMENT,162.1621,1576.4095,168.9188,162.1621,6.7568,0.08194099,0.07866335,6.7568,162.1621,0.07866335,6.7568,6.7568,6.7568,13.5135,13.5135,162.1621,0.07866335,47.2973,42.4256,121.6216,126.4933,0.05899752,0.06136074,0.00327764,3.5789,6.0150,0.6188,6.0328,3.3121,73.6239,9.7500,,3.5789,2.1006,3.5263,4.2165,6.3019,6.3247,8.4329,2.1082,-2.1006,1.793587,2.391449,1.01493,15,53,21,5,0E-8,0.08194099,,0E-8,0.000000,0.796565,0.000000,,2026-03-23,2026-06-07,28,51,49,77,0.363636,,,0.000000,,,,,,,,GLOBAL_BASELINE_NO_ENTITY_RANKING,,,NOT_APPLICABLE_GLOBAL_BASELINE,HF9g-P5,,,,X 全窗基线 · 不参与实体赏罚,6879665,688,A168_HF9F_20260827_0900,2026-08-27 09:00:00
2026-04-06,147252457,2122,0,6.3247106445,-6.3247106445,-6.3247106445,0E-7,2,1,0.36930140000000000,0.300626750000,-0.765208073563708,-0.655630731788307,-0.765208073563708,0.06867465000000000,ELIGIBLE,R03b_20260811_FULL_v1,L1_ELIGIBILITY,v2026-08-11,2026-03-21..2026-08-06,baccarat_bet02_101_all_pairs_incl_sentinel,round_win = game_pnl > 0 (decisive only),COMPATIBILITY_ONLY_NOT_PRODUCTION,2061.4691,1642.0932,168.9188,576,273,-0.08194099,,-0.08194099,-0.08194099,-168.9188,2061.4691,OK,0.0000,6.7568,4.0000,96.0000,AG03-UNRESOLVED,ALL5_LEVELS_bet23_to_bet27,6.7568,6.7568,6.7568,13.5135,13.5135,4.000000,4.000000,4.000000,8.000000,8.000000,96.000000,96.000000,96.000000,92.000000,92.000000,5.0,47.2973,42.4256,121.6216,126.4933,PENDING_AG03,FALSE,NOT_FOR_ENFORCEMENT,162.1621,1576.4095,168.9188,162.1621,6.7568,0.08194099,0.07866335,6.7568,162.1621,0.07866335,6.7568,6.7568,6.7568,13.5135,13.5135,162.1621,0.07866335,47.2973,42.4256,121.6216,126.4933,0.05899752,0.06136074,0.00327764,3.5789,6.0150,0.6188,6.0328,3.3121,73.6239,9.7500,,3.5789,2.1006,3.5263,4.2165,6.3019,6.3247,8.4329,2.1082,-2.1006,1.793587,2.391449,1.01493,15,53,21,5,0E-8,0.08194099,,0E-8,0.000000,0.796565,0.000000,,2026-03-23,2026-06-07,28,51,49,77,0.363636,,,0.000000,,,,,,,,GLOBAL_BASELINE_NO_ENTITY_RANKING,,,NOT_APPLICABLE_GLOBAL_BASELINE,HF9g-P5,,,,X 全窗基线 · 不参与实体赏罚,6879666,688,A168_HF9F_20260827_0900,2026-08-27 09:00:00
2026-04-11,147252457,1304,0,10.5411844075,-10.5411844075,-10.5411844075,0E-7,3,2,0.43127345000000000,0.396936125000,-1.2315147217074076,-1.1473440127882213,-1.2315147217074076,0.03433732500000000,ELIGIBLE,R03b_20260811_FULL_v1,L1_ELIGIBILITY,v2026-08-11,2026-03-21..2026-08-06,baccarat_bet02_101_all_pairs_incl_sentinel,round_win = game_pnl > 0 (decisive only),COMPATIBILITY_ONLY_NOT_PRODUCTION,2061.4691,1642.0932,168.9188,576,273,-0.08194099,,-0.08194099,-0.08194099,-168.9188,2061.4691,OK,0.0000,6.7568,4.0000,96.0000,AG03-UNRESOLVED,ALL5_LEVELS_bet23_to_bet27,6.7568,6.7568,6.7568,13.5135,13.5135,4.000000,4.000000,4.000000,8.000000,8.000000,96.000000,96.000000,96.000000,92.000000,92.000000,5.0,47.2973,42.4256,121.6216,126.4933,PENDING_AG03,FALSE,NOT_FOR_ENFORCEMENT,162.1621,1576.4095,168.9188,162.1621,6.7568,0.08194099,0.07866335,6.7568,162.1621,0.07866335,6.7568,6.7568,6.7568,13.5135,13.5135,162.1621,0.07866335,47.2973,42.4256,121.6216,126.4933,0.05899752,0.06136074,0.00327764,3.5789,6.0150,0.6188,6.0328,3.3121,73.6239,9.7500,,3.5789,2.1006,3.5263,4.2165,6.3019,6.3247,8.4329,2.1082,-2.1006,1.793587,2.391449,1.01493,15,53,21,5,0E-8,0.08194099,,0E-8,0.000000,0.796565,0.000000,,2026-03-23,2026-06-07,28,51,49,77,0.363636,,,0.000000,,,,,,,,GLOBAL_BASELINE_NO_ENTITY_RANKING,,,NOT_APPLICABLE_GLOBAL_BASELINE,HF9g-P5,,,,X 全窗基线 · 不参与实体赏罚,6879667,688,A168_HF9F_20260827_0900,2026-08-27 09:00:00
2026-04-11,147252457,1405,0,4.2164737630,-0.1054118441,-0.1054118441,0E-7,2,1,0.30062675000000000,0.300626750000,-0.6556307317883069,-0.655630731788307,-0.6556307317883069,0E-17,ELIGIBLE,R03b_20260811_FULL_v1,L1_ELIGIBILITY,v2026-08-11,2026-03-21..2026-08-06,baccarat_bet02_101_all_pairs_incl_sentinel,round_win = game_pnl > 0 (decisive only),COMPATIBILITY_ONLY_NOT_PRODUCTION,2061.4691,1642.0932,168.9188,576,273,-0.08194099,,-0.08194099,-0.08194099,-168.9188,2061.4691,OK,0.0000,6.7568,4.0000,96.0000,AG03-UNRESOLVED,ALL5_LEVELS_bet23_to_bet27,6.7568,6.7568,6.7568,13.5135,13.5135,4.000000,4.000000,4.000000,8.000000,8.000000,96.000000,96.000000,96.000000,92.000000,92.000000,5.0,47.2973,42.4256,121.6216,126.4933,PENDING_AG03,FALSE,NOT_FOR_ENFORCEMENT,162.1621,1576.4095,168.9188,162.1621,6.7568,0.08194099,0.07866335,6.7568,162.1621,0.07866335,6.7568,6.7568,6.7568,13.5135,13.5135,162.1621,0.07866335,47.2973,42.4256,121.6216,126.4933,0.05899752,0.06136074,0.00327764,3.5789,6.0150,0.6188,6.0328,3.3121,73.6239,9.7500,,3.5789,2.1006,3.5263,4.2165,6.3019,6.3247,8.4329,2.1082,-2.1006,1.793587,2.391449,1.01493,15,53,21,5,0E-8,0.08194099,,0E-8,0.000000,0.796565,0.000000,,2026-03-23,2026-06-07,28,51,49,77,0.363636,,,0.000000,,,,,,,,GLOBAL_BASELINE_NO_ENTITY_RANKING,,,NOT_APPLICABLE_GLOBAL_BASELINE,HF9g-P5,,,,X 全窗基线 · 不参与实体赏罚,6879668,688,A168_HF9F_20260827_0900,2026-08-27 09:00:00
2026-04-13,147252457,1109,0,6.3247106445,-6.3247106445,-6.3247106445,0E-7,2,1,0.36930140000000000,0.300626750000,-0.765208073563708,-0.655630731788307,-0.765208073563708,0.06867465000000000,ELIGIBLE,R03b_20260811_FULL_v1,L1_ELIGIBILITY,v2026-08-11,2026-03-21..2026-08-06,baccarat_bet02_101_all_pairs_incl_sentinel,round_win = game_pnl > 0 (decisive only),COMPATIBILITY_ONLY_NOT_PRODUCTION,2061.4691,1642.0932,168.9188,576,273,-0.08194099,,-0.08194099,-0.08194099,-168.9188,2061.4691,OK,0.0000,6.7568,4.0000,96.0000,AG03-UNRESOLVED,ALL5_LEVELS_bet23_to_bet27,6.7568,6.7568,6.7568,13.5135,13.5135,4.000000,4.000000,4.000000,8.000000,8.000000,96.000000,96.000000,96.000000,92.000000,92.000000,5.0,47.2973,42.4256,121.6216,126.4933,PENDING_AG03,FALSE,NOT_FOR_ENFORCEMENT,162.1621,1576.4095,168.9188,162.1621,6.7568,0.08194099,0.07866335,6.7568,162.1621,0.07866335,6.7568,6.7568,6.7568,13.5135,13.5135,162.1621,0.07866335,47.2973,42.4256,121.6216,126.4933,0.05899752,0.06136074,0.00327764,3.5789,6.0150,0.6188,6.0328,3.3121,73.6239,9.7500,,3.5789,2.1006,3.5263,4.2165,6.3019,6.3247,8.4329,2.1082,-2.1006,1.793587,2.391449,1.01493,15,53,21,5,0E-8,0.08194099,,0E-8,0.000000,0.796565,0.000000,,2026-03-23,2026-06-07,28,51,49,77,0.363636,,,0.000000,,,,,,,,GLOBAL_BASELINE_NO_ENTITY_RANKING,,,NOT_APPLICABLE_GLOBAL_BASELINE,HF9g-P5,,,,X 全窗基线 · 不参与实体赏罚,6879669,688,A168_HF9F_20260827_0900,2026-08-27 09:00:00
2026-04-13,147252457,2196,0,19.3957793098,5.2705922037,5.2705922037,0.6666667,5,3,0.42917160769230769,0.369301400000,0.8310878464571171,1.0672089453545757,0.8310878464571171,0.05987020769230769,ELIGIBLE,R03b_20260811_FULL_v1,L1_ELIGIBILITY,v2026-08-11,2026-03-21..2026-08-06,baccarat_bet02_101_all_pairs_incl_sentinel,round_win = game_pnl > 0 (decisive only),COMPATIBILITY_ONLY_NOT_PRODUCTION,2061.4691,1642.0932,168.9188,576,273,-0.08194099,,-0.08194099,-0.08194099,-168.9188,2061.4691,OK,0.0000,6.7568,4.0000,96.0000,AG03-UNRESOLVED,ALL5_LEVELS_bet23_to_bet27,6.7568,6.7568,6.7568,13.5135,13.5135,4.000000,4.000000,4.000000,8.000000,8.000000,96.000000,96.000000,96.000000,92.000000,92.000000,5.0,47.2973,42.4256,121.6216,126.4933,PENDING_AG03,FALSE,NOT_FOR_ENFORCEMENT,162.1621,1576.4095,168.9188,162.1621,6.7568,0.08194099,0.07866335,6.7568,162.1621,0.07866335,6.7568,6.7568,6.7568,13.5135,13.5135,162.1621,0.07866335,47.2973,42.4256,121.6216,126.4933,0.05899752,0.06136074,0.00327764,3.5789,6.0150,0.6188,6.0328,3.3121,73.6239,9.7500,,3.5789,2.1006,3.5263,4.2165,6.3019,6.3247,8.4329,2.1082,-2.1006,1.793587,2.391449,1.01493,15,53,21,5,0E-8,0.08194099,,0E-8,0.000000,0.796565,0.000000,,2026-03-23,2026-06-07,28,51,49,77,0.363636,,,0.000000,,,,,,,,GLOBAL_BASELINE_NO_ENTITY_RANKING,,,NOT_APPLICABLE_GLOBAL_BASELINE,HF9g-P5,,,,X 全窗基线 · 不参与实体赏罚,6879670,688,A168_HF9F_20260827_0900,2026-08-27 09:00:00
2026-04-14,147252457,2223,0,12.6494212890,-12.6494212890,-12.6494212890,0E-7,2,1,0.36036460000000000,0.293924150000,-0.7505935278881406,-0.6451964315166089,-0.7505935278881406,0.06644045000000000,ELIGIBLE,R03b_20260811_FULL_v1,L1_ELIGIBILITY,v2026-08-11,2026-03-21..2026-08-06,baccarat_bet02_101_all_pairs_incl_sentinel,round_win = game_pnl > 0 (decisive only),COMPATIBILITY_ONLY_NOT_PRODUCTION,2061.4691,1642.0932,168.9188,576,273,-0.08194099,,-0.08194099,-0.08194099,-168.9188,2061.4691,OK,0.0000,6.7568,4.0000,96.0000,AG03-UNRESOLVED,ALL5_LEVELS_bet23_to_bet27,6.7568,6.7568,6.7568,13.5135,13.5135,4.000000,4.000000,4.000000,8.000000,8.000000,96.000000,96.000000,96.000000,92.000000,92.000000,5.0,47.2973,42.4256,121.6216,126.4933,PENDING_AG03,FALSE,NOT_FOR_ENFORCEMENT,162.1621,1576.4095,168.9188,162.1621,6.7568,0.08194099,0.07866335,6.7568,162.1621,0.07866335,6.7568,6.7568,6.7568,13.5135,13.5135,162.1621,0.07866335,47.2973,42.4256,121.6216,126.4933,0.05899752,0.06136074,0.00327764,3.5789,6.0150,0.6188,6.0328,3.3121,73.6239,9.7500,,3.5789,2.1006,3.5263,4.2165,6.3019,6.3247,8.4329,2.1082,-2.1006,1.793587,2.391449,1.01493,15,53,21,5,0E-8,0.08194099,,0E-8,0.000000,0.796565,0.000000,,2026-03-23,2026-06-07,28,51,49,77,0.363636,,,0.000000,,,,,,,,GLOBAL_BASELINE_NO_ENTITY_RANKING,,,NOT_APPLICABLE_GLOBAL_BASELINE,HF9g-P5,,,,X 全窗基线 · 不参与实体赏罚,6879671,688,A168_HF9F_20260827_0900,2026-08-27 09:00:00
2026-04-20,147252457,1402,0,19.1849556216,-19.1849556216,-19.1849556216,0E-7,4,2,0.31469509780545939,0.297275450000,-0.9583365840375805,-0.9198181129370825,-0.9583365840375805,0.01741964780545939,ELIGIBLE,R03b_20260811_FULL_v1,L1_ELIGIBILITY,v2026-08-11,2026-03-21..2026-08-06,baccarat_bet02_101_all_pairs_incl_sentinel,round_win = game_pnl > 0 (decisive only),COMPATIBILITY_ONLY_NOT_PRODUCTION,2061.4691,1642.0932,168.9188,576,273,-0.08194099,,-0.08194099,-0.08194099,-168.9188,2061.4691,OK,0.0000,6.7568,4.0000,96.0000,AG03-UNRESOLVED,ALL5_LEVELS_bet23_to_bet27,6.7568,6.7568,6.7568,13.5135,13.5135,4.000000,4.000000,4.000000,8.000000,8.000000,96.000000,96.000000,96.000000,92.000000,92.000000,5.0,47.2973,42.4256,121.6216,126.4933,PENDING_AG03,FALSE,NOT_FOR_ENFORCEMENT,162.1621,1576.4095,168.9188,162.1621,6.7568,0.08194099,0.07866335,6.7568,162.1621,0.07866335,6.7568,6.7568,6.7568,13.5135,13.5135,162.1621,0.07866335,47.2973,42.4256,121.6216,126.4933,0.05899752,0.06136074,0.00327764,3.5789,6.0150,0.6188,6.0328,3.3121,73.6239,9.7500,,3.5789,2.1006,3.5263,4.2165,6.3019,6.3247,8.4329,2.1082,-2.1006,1.793587,2.391449,1.01493,15,53,21,5,0E-8,0.08194099,,0E-8,0.000000,0.796565,0.000000,,2026-03-23,2026-06-07,28,51,49,77,0.363636,,,0.000000,,,,,,,,GLOBAL_BASELINE_NO_ENTITY_RANKING,,,NOT_APPLICABLE_GLOBAL_BASELINE,HF9g-P5,,,,X 全窗基线 · 不参与实体赏罚,6879672,688,A168_HF9F_20260827_0900,2026-08-27 09:00:00
2026-04-20,147252457,1490,0,35.8400269855,-10.9628317838,-10.9628317838,0.4000000,10,5,0.35515260300000000,0.299286230000,0.20954932522598932,0.49176788251957637,0.20954932522598932,0.05586637300000000,ELIGIBLE,R03b_20260811_FULL_v1,L1_ELIGIBILITY,v2026-08-11,2026-03-21..2026-08-06,baccarat_bet02_101_all_pairs_incl_sentinel,round_win = game_pnl > 0 (decisive only),COMPATIBILITY_ONLY_NOT_PRODUCTION,2061.4691,1642.0932,168.9188,576,273,-0.08194099,,-0.08194099,-0.08194099,-168.9188,2061.4691,OK,0.0000,6.7568,4.0000,96.0000,AG03-UNRESOLVED,ALL5_LEVELS_bet23_to_bet27,6.7568,6.7568,6.7568,13.5135,13.5135,4.000000,4.000000,4.000000,8.000000,8.000000,96.000000,96.000000,96.000000,92.000000,92.000000,5.0,47.2973,42.4256,121.6216,126.4933,PENDING_AG03,FALSE,NOT_FOR_ENFORCEMENT,162.1621,1576.4095,168.9188,162.1621,6.7568,0.08194099,0.07866335,6.7568,162.1621,0.07866335,6.7568,6.7568,6.7568,13.5135,13.5135,162.1621,0.07866335,47.2973,42.4256,121.6216,126.4933,0.05899752,0.06136074,0.00327764,3.5789,6.0150,0.6188,6.0328,3.3121,73.6239,9.7500,,3.5789,2.1006,3.5263,4.2165,6.3019,6.3247,8.4329,2.1082,-2.1006,1.793587,2.391449,1.01493,15,53,21,5,0E-8,0.08194099,,0E-8,0.000000,0.796565,0.000000,,2026-03-23,2026-06-07,28,51,49,77,0.363636,,,0.000000,,,,,,,,GLOBAL_BASELINE_NO_ENTITY_RANKING,,,NOT_APPLICABLE_GLOBAL_BASELINE,HF9g-P5,,,,X 全窗基线 · 不参与实体赏罚,6879673,688,A168_HF9F_20260827_0900,2026-08-27 09:00:00
2026-04-21,147252457,1384,0,29.3044926528,-21.0823688150,-21.0823688150,0E-7,9,4,0.36201182499971895,0.313327012500,-1.5065552370536368,-1.3509955947431551,-1.5065552370536368,0.04868481249971895,ELIGIBLE,R03b_20260811_FULL_v1,L1_ELIGIBILITY,v2026-08-11,2026-03-21..2026-08-06,baccarat_bet02_101_all_pairs_incl_sentinel,round_win = game_pnl > 0 (decisive only),COMPATIBILITY_ONLY_NOT_PRODUCTION,2061.4691,1642.0932,168.9188,576,273,-0.08194099,,-0.08194099,-0.08194099,-168.9188,2061.4691,OK,0.0000,6.7568,4.0000,96.0000,AG03-UNRESOLVED,ALL5_LEVELS_bet23_to_bet27,6.7568,6.7568,6.7568,13.5135,13.5135,4.000000,4.000000,4.000000,8.000000,8.000000,96.000000,96.000000,96.000000,92.000000,92.000000,5.0,47.2973,42.4256,121.6216,126.4933,PENDING_AG03,FALSE,NOT_FOR_ENFORCEMENT,162.1621,1576.4095,168.9188,162.1621,6.7568,0.08194099,0.07866335,6.7568,162.1621,0.07866335,6.7568,6.7568,6.7568,13.5135,13.5135,162.1621,0.07866335,47.2973,42.4256,121.6216,126.4933,0.05899752,0.06136074,0.00327764,3.5789,6.0150,0.6188,6.0328,3.3121,73.6239,9.7500,,3.5789,2.1006,3.5263,4.2165,6.3019,6.3247,8.4329,2.1082,-2.1006,1.793587,2.391449,1.01493,15,53,21,5,0E-8,0.08194099,,0E-8,0.000000,0.796565,0.000000,,2026-03-23,2026-06-07,28,51,49,77,0.363636,,,0.000000,,,,,,,,GLOBAL_BASELINE_NO_ENTITY_RANKING,,,NOT_APPLICABLE_GLOBAL_BASELINE,HF9g-P5,,,,X 全窗基线 · 不参与实体赏罚,6879674,688,A168_HF9F_20260827_0900,2026-08-27 09:00:00
2026-04-22,147252457,1363,0,78.0047646155,-19.6066029979,-19.6066029979,0.4444444,18,9,0.35833790166666667,0.297647816667,0.5387134770214572,0.9631823479412678,0.5387134770214572,0.06069008499966667,ELIGIBLE,R03b_20260811_FULL_v1,L1_ELIGIBILITY,v2026-08-11,2026-03-21..2026-08-06,baccarat_bet02_101_all_pairs_incl_sentinel,round_win = game_pnl > 0 (decisive only),COMPATIBILITY_ONLY_NOT_PRODUCTION,2061.4691,1642.0932,168.9188,576,273,-0.08194099,,-0.08194099,-0.08194099,-168.9188,2061.4691,OK,0.0000,6.7568,4.0000,96.0000,AG03-UNRESOLVED,ALL5_LEVELS_bet23_to_bet27,6.7568,6.7568,6.7568,13.5135,13.5135,4.000000,4.000000,4.000000,8.000000,8.000000,96.000000,96.000000,96.000000,92.000000,92.000000,5.0,47.2973,42.4256,121.6216,126.4933,PENDING_AG03,FALSE,NOT_FOR_ENFORCEMENT,162.1621,1576.4095,168.9188,162.1621,6.7568,0.08194099,0.07866335,6.7568,162.1621,0.07866335,6.7568,6.7568,6.7568,13.5135,13.5135,162.1621,0.07866335,47.2973,42.4256,121.6216,126.4933,0.05899752,0.06136074,0.00327764,3.5789,6.0150,0.6188,6.0328,3.3121,73.6239,9.7500,,3.5789,2.1006,3.5263,4.2165,6.3019,6.3247,8.4329,2.1082,-2.1006,1.793587,2.391449,1.01493,15,53,21,5,0E-8,0.08194099,,0E-8,0.000000,0.796565,0.000000,,2026-03-23,2026-06-07,28,51,49,77,0.363636,,,0.000000,,,,,,,,GLOBAL_BASELINE_NO_ENTITY_RANKING,,,NOT_APPLICABLE_GLOBAL_BASELINE,HF9g-P5,,,,X 全窗基线 · 不参与实体赏罚,6879675,688,A168_HF9F_20260827_0900,2026-08-27 09:00:00
2026-04-22,147252457,2129,0,6.3247106445,-6.3247106445,-6.3247106445,0E-7,2,1,0.36930140000000000,0.300626750000,-0.765208073563708,-0.655630731788307,-0.765208073563708,0.06867465000000000,ELIGIBLE,R03b_20260811_FULL_v1,L1_ELIGIBILITY,v2026-08-11,2026-03-21..2026-08-06,baccarat_bet02_101_all_pairs_incl_sentinel,round_win = game_pnl > 0 (decisive only),COMPATIBILITY_ONLY_NOT_PRODUCTION,2061.4691,1642.0932,168.9188,576,273,-0.08194099,,-0.08194099,-0.08194099,-168.9188,2061.4691,OK,0.0000,6.7568,4.0000,96.0000,AG03-UNRESOLVED,ALL5_LEVELS_bet23_to_bet27,6.7568,6.7568,6.7568,13.5135,13.5135,4.000000,4.000000,4.000000,8.000000,8.000000,96.000000,96.000000,96.000000,92.000000,92.000000,5.0,47.2973,42.4256,121.6216,126.4933,PENDING_AG03,FALSE,NOT_FOR_ENFORCEMENT,162.1621,1576.4095,168.9188,162.1621,6.7568,0.08194099,0.07866335,6.7568,162.1621,0.07866335,6.7568,6.7568,6.7568,13.5135,13.5135,162.1621,0.07866335,47.2973,42.4256,121.6216,126.4933,0.05899752,0.06136074,0.00327764,3.5789,6.0150,0.6188,6.0328,3.3121,73.6239,9.7500,,3.5789,2.1006,3.5263,4.2165,6.3019,6.3247,8.4329,2.1082,-2.1006,1.793587,2.391449,1.01493,15,53,21,5,0E-8,0.08194099,,0E-8,0.000000,0.796565,0.000000,,2026-03-23,2026-06-07,28,51,49,77,0.363636,,,0.000000,,,,,,,,GLOBAL_BASELINE_NO_ENTITY_RANKING,,,NOT_APPLICABLE_GLOBAL_BASELINE,HF9g-P5,,,,X 全窗基线 · 不参与实体赏罚,6879676,688,A168_HF9F_20260827_0900,2026-08-27 09:00:00
2026-04-29,147252457,1307,0,81.7995910021,-10.0141251871,-10.0141251871,0.2222222,21,9,0.38544332479359060,0.332257425926,-1.0060888301621598,-0.7008273225211747,-1.0060888301621598,0.05318589886759060,ELIGIBLE,R03b_20260811_FULL_v1,L1_ELIGIBILITY,v2026-08-11,2026-03-21..2026-08-06,baccarat_bet02_101_all_pairs_incl_sentinel,round_win = game_pnl > 0 (decisive only),COMPATIBILITY_ONLY_NOT_PRODUCTION,2061.4691,1642.0932,168.9188,576,273,-0.08194099,,-0.08194099,-0.08194099,-168.9188,2061.4691,OK,0.0000,6.7568,4.0000,96.0000,AG03-UNRESOLVED,ALL5_LEVELS_bet23_to_bet27,6.7568,6.7568,6.7568,13.5135,13.5135,4.000000,4.000000,4.000000,8.000000,8.000000,96.000000,96.000000,96.000000,92.000000,92.000000,5.0,47.2973,42.4256,121.6216,126.4933,PENDING_AG03,FALSE,NOT_FOR_ENFORCEMENT,162.1621,1576.4095,168.9188,162.1621,6.7568,0.08194099,0.07866335,6.7568,162.1621,0.07866335,6.7568,6.7568,6.7568,13.5135,13.5135,162.1621,0.07866335,47.2973,42.4256,121.6216,126.4933,0.05899752,0.06136074,0.00327764,3.5789,6.0150,0.6188,6.0328,3.3121,73.6239,9.7500,,3.5789,2.1006,3.5263,4.2165,6.3019,6.3247,8.4329,2.1082,-2.1006,1.793587,2.391449,1.01493,15,53,21,5,0E-8,0.08194099,,0E-8,0.000000,0.796565,0.000000,,2026-03-23,2026-06-07,28,51,49,77,0.363636,,,0.000000,,,,,,,,GLOBAL_BASELINE_NO_ENTITY_RANKING,,,NOT_APPLICABLE_GLOBAL_BASELINE,HF9g-P5,,,,X 全窗基线 · 不参与实体赏罚,6879677,688,A168_HF9F_20260827_0900,2026-08-27 09:00:00
2026-04-29,147252457,2246,0,71.6800539710,35.2075559211,35.2075559211,0.7000000,21,11,0.38193757727272727,0.314481581818,2.070141340556479,2.62565680658108,2.070141340556479,0.06745599545472727,ELIGIBLE,R03b_20260811_FULL_v1,L1_ELIGIBILITY,v2026-08-11,2026-03-21..2026-08-06,baccarat_bet02_101_all_pairs_incl_sentinel,round_win = game_pnl > 0 (decisive only),COMPATIBILITY_ONLY_NOT_PRODUCTION,2061.4691,1642.0932,168.9188,576,273,-0.08194099,,-0.08194099,-0.08194099,-168.9188,2061.4691,OK,0.0000,6.7568,4.0000,96.0000,AG03-UNRESOLVED,ALL5_LEVELS_bet23_to_bet27,6.7568,6.7568,6.7568,13.5135,13.5135,4.000000,4.000000,4.000000,8.000000,8.000000,96.000000,96.000000,96.000000,92.000000,92.000000,5.0,47.2973,42.4256,121.6216,126.4933,PENDING_AG03,FALSE,NOT_FOR_ENFORCEMENT,162.1621,1576.4095,168.9188,162.1621,6.7568,0.08194099,0.07866335,6.7568,162.1621,0.07866335,6.7568,6.7568,6.7568,13.5135,13.5135,162.1621,0.07866335,47.2973,42.4256,121.6216,126.4933,0.05899752,0.06136074,0.00327764,3.5789,6.0150,0.6188,6.0328,3.3121,73.6239,9.7500,,3.5789,2.1006,3.5263,4.2165,6.3019,6.3247,8.4329,2.1082,-2.1006,1.793587,2.391449,1.01493,15,53,21,5,0E-8,0.08194099,,0E-8,0.000000,0.796565,0.000000,,2026-03-23,2026-06-07,28,51,49,77,0.363636,,,0.000000,,,,,,,,GLOBAL_BASELINE_NO_ENTITY_RANKING,,,NOT_APPLICABLE_GLOBAL_BASELINE,HF9g-P5,,,,X 全窗基线 · 不参与实体赏罚,6879678,688,A168_HF9F_20260827_0900,2026-08-27 09:00:00
2026-04-29,147252457,2251,0,111.7365547195,30.7802584698,30.7802584698,0.5000000,26,12,0.37584567375000000,0.307976491667,0.8879769859576823,1.4408733721866829,0.8879769859576823,0.06786918208300000,ELIGIBLE,R03b_20260811_FULL_v1,L1_ELIGIBILITY,v2026-08-11,2026-03-21..2026-08-06,baccarat_bet02_101_all_pairs_incl_sentinel,round_win = game_pnl > 0 (decisive only),COMPATIBILITY_ONLY_NOT_PRODUCTION,2061.4691,1642.0932,168.9188,576,273,-0.08194099,,-0.08194099,-0.08194099,-168.9188,2061.4691,OK,0.0000,6.7568,4.0000,96.0000,AG03-UNRESOLVED,ALL5_LEVELS_bet23_to_bet27,6.7568,6.7568,6.7568,13.5135,13.5135,4.000000,4.000000,4.000000,8.000000,8.000000,96.000000,96.000000,96.000000,92.000000,92.000000,5.0,47.2973,42.4256,121.6216,126.4933,PENDING_AG03,FALSE,NOT_FOR_ENFORCEMENT,162.1621,1576.4095,168.9188,162.1621,6.7568,0.08194099,0.07866335,6.7568,162.1621,0.07866335,6.7568,6.7568,6.7568,13.5135,13.5135,162.1621,0.07866335,47.2973,42.4256,121.6216,126.4933,0.05899752,0.06136074,0.00327764,3.5789,6.0150,0.6188,6.0328,3.3121,73.6239,9.7500,,3.5789,2.1006,3.5263,4.2165,6.3019,6.3247,8.4329,2.1082,-2.1006,1.793587,2.391449,1.01493,15,53,21,5,0E-8,0.08194099,,0E-8,0.000000,0.796565,0.000000,,2026-03-23,2026-06-07,28,51,49,77,0.363636,,,0.000000,,,,,,,,GLOBAL_BASELINE_NO_ENTITY_RANKING,,,NOT_APPLICABLE_GLOBAL_BASELINE,HF9g-P5,,,,X 全窗基线 · 不参与实体赏罚,6879679,688,A168_HF9F_20260827_0900,2026-08-27 09:00:00
2026-04-30,147252457,2142,0,121.6452680625,-12.5440094452,-12.5440094452,0.4166667,27,12,0.35822177089902912,0.313885562500,0.42224910034924373,0.7672200657949907,0.42224910034924373,0.04433620839902912,ELIGIBLE,R03b_20260811_FULL_v1,L1_ELIGIBILITY,v2026-08-11,2026-03-21..2026-08-06,baccarat_bet02_101_all_pairs_incl_sentinel,round_win = game_pnl > 0 (decisive only),COMPATIBILITY_ONLY_NOT_PRODUCTION,2061.4691,1642.0932,168.9188,576,273,-0.08194099,,-0.08194099,-0.08194099,-168.9188,2061.4691,OK,0.0000,6.7568,4.0000,96.0000,AG03-UNRESOLVED,ALL5_LEVELS_bet23_to_bet27,6.7568,6.7568,6.7568,13.5135,13.5135,4.000000,4.000000,4.000000,8.000000,8.000000,96.000000,96.000000,96.000000,92.000000,92.000000,5.0,47.2973,42.4256,121.6216,126.4933,PENDING_AG03,FALSE,NOT_FOR_ENFORCEMENT,162.1621,1576.4095,168.9188,162.1621,6.7568,0.08194099,0.07866335,6.7568,162.1621,0.07866335,6.7568,6.7568,6.7568,13.5135,13.5135,162.1621,0.07866335,47.2973,42.4256,121.6216,126.4933,0.05899752,0.06136074,0.00327764,3.5789,6.0150,0.6188,6.0328,3.3121,73.6239,9.7500,,3.5789,2.1006,3.5263,4.2165,6.3019,6.3247,8.4329,2.1082,-2.1006,1.793587,2.391449,1.01493,15,53,21,5,0E-8,0.08194099,,0E-8,0.000000,0.796565,0.000000,,2026-03-23,2026-06-07,28,51,49,77,0.363636,,,0.000000,,,,,,,,GLOBAL_BASELINE_NO_ENTITY_RANKING,,,NOT_APPLICABLE_GLOBAL_BASELINE,HF9g-P5,,,,X 全窗基线 · 不参与实体赏罚,6879680,688,A168_HF9F_20260827_0900,2026-08-27 09:00:00
2026-04-30,147252457,2250,0,38.8900567586,-13.4748791256,-13.4748791256,0.2500000,10,4,0.38567705711776057,0.331054225000,-0.5574759558515504,-0.3444773157165996,-0.5574759558515504,0.05462283211776057,ELIGIBLE,R03b_20260811_FULL_v1,L1_ELIGIBILITY,v2026-08-11,2026-03-21..2026-08-06,baccarat_bet02_101_all_pairs_incl_sentinel,round_win = game_pnl > 0 (decisive only),COMPATIBILITY_ONLY_NOT_PRODUCTION,2061.4691,1642.0932,168.9188,576,273,-0.08194099,,-0.08194099,-0.08194099,-168.9188,2061.4691,OK,0.0000,6.7568,4.0000,96.0000,AG03-UNRESOLVED,ALL5_LEVELS_bet23_to_bet27,6.7568,6.7568,6.7568,13.5135,13.5135,4.000000,4.000000,4.000000,8.000000,8.000000,96.000000,96.000000,96.000000,92.000000,92.000000,5.0,47.2973,42.4256,121.6216,126.4933,PENDING_AG03,FALSE,NOT_FOR_ENFORCEMENT,162.1621,1576.4095,168.9188,162.1621,6.7568,0.08194099,0.07866335,6.7568,162.1621,0.07866335,6.7568,6.7568,6.7568,13.5135,13.5135,162.1621,0.07866335,47.2973,42.4256,121.6216,126.4933,0.05899752,0.06136074,0.00327764,3.5789,6.0150,0.6188,6.0328,3.3121,73.6239,9.7500,,3.5789,2.1006,3.5263,4.2165,6.3019,6.3247,8.4329,2.1082,-2.1006,1.793587,2.391449,1.01493,15,53,21,5,0E-8,0.08194099,,0E-8,0.000000,0.796565,0.000000,,2026-03-23,2026-06-07,28,51,49,77,0.363636,,,0.000000,,,,,,,,GLOBAL_BASELINE_NO_ENTITY_RANKING,,,NOT_APPLICABLE_GLOBAL_BASELINE,HF9g-P5,,,,X 全窗基线 · 不参与实体赏罚,6879681,688,A168_HF9F_20260827_0900,2026-08-27 09:00:00
2026-05-11,147252457,526,0,41.3822077512,-20.9011658439,-20.9011658439,0.4000000,10,5,0.34262211247354403,0.297945710000,0.27034249466759536,0.4989561164153655,0.27034249466759536,0.04467640247354403,ELIGIBLE,R03b_20260811_FULL_v1,L1_ELIGIBILITY,v2026-08-11,2026-03-21..2026-08-06,baccarat_bet02_101_all_pairs_incl_sentinel,round_win = game_pnl > 0 (decisive only),COMPATIBILITY_ONLY_NOT_PRODUCTION,2061.4691,1642.0932,168.9188,576,273,-0.08194099,,-0.08194099,-0.08194099,-168.9188,2061.4691,OK,0.0000,6.7568,4.0000,96.0000,AG03-UNRESOLVED,ALL5_LEVELS_bet23_to_bet27,6.7568,6.7568,6.7568,13.5135,13.5135,4.000000,4.000000,4.000000,8.000000,8.000000,96.000000,96.000000,96.000000,92.000000,92.000000,5.0,47.2973,42.4256,121.6216,126.4933,PENDING_AG03,FALSE,NOT_FOR_ENFORCEMENT,162.1621,1576.4095,168.9188,162.1621,6.7568,0.08194099,0.07866335,6.7568,162.1621,0.07866335,6.7568,6.7568,6.7568,13.5135,13.5135,162.1621,0.07866335,47.2973,42.4256,121.6216,126.4933,0.05899752,0.06136074,0.00327764,3.5789,6.0150,0.6188,6.0328,3.3121,73.6239,9.7500,,3.5789,2.1006,3.5263,4.2165,6.3019,6.3247,8.4329,2.1082,-2.1006,1.793587,2.391449,1.01493,15,53,21,5,0E-8,0.08194099,,0E-8,0.000000,0.796565,0.000000,,2026-03-23,2026-06-07,28,51,49,77,0.363636,,,0.000000,,,,,,,,GLOBAL_BASELINE_NO_ENTITY_RANKING,,,NOT_APPLICABLE_GLOBAL_BASELINE,HF9g-P5,,,,X 全窗基线 · 不参与实体赏罚,6879682,688,A168_HF9F_20260827_0900,2026-08-27 09:00:00
2026-05-12,147252457,1330,0,13.4439659699,-13.4439659699,-13.4439659699,0E-7,2,1,0.36866965624981467,0.293924150000,-0.7641706708641557,-0.6451964315166089,-0.7641706708641557,0.07474550624981467,ELIGIBLE,R03b_20260811_FULL_v1,L1_ELIGIBILITY,v2026-08-11,2026-03-21..2026-08-06,baccarat_bet02_101_all_pairs_incl_sentinel,round_win = game_pnl > 0 (decisive only),COMPATIBILITY_ONLY_NOT_PRODUCTION,2061.4691,1642.0932,168.9188,576,273,-0.08194099,,-0.08194099,-0.08194099,-168.9188,2061.4691,OK,0.0000,6.7568,4.0000,96.0000,AG03-UNRESOLVED,ALL5_LEVELS_bet23_to_bet27,6.7568,6.7568,6.7568,13.5135,13.5135,4.000000,4.000000,4.000000,8.000000,8.000000,96.000000,96.000000,96.000000,92.000000,92.000000,5.0,47.2973,42.4256,121.6216,126.4933,PENDING_AG03,FALSE,NOT_FOR_ENFORCEMENT,162.1621,1576.4095,168.9188,162.1621,6.7568,0.08194099,0.07866335,6.7568,162.1621,0.07866335,6.7568,6.7568,6.7568,13.5135,13.5135,162.1621,0.07866335,47.2973,42.4256,121.6216,126.4933,0.05899752,0.06136074,0.00327764,3.5789,6.0150,0.6188,6.0328,3.3121,73.6239,9.7500,,3.5789,2.1006,3.5263,4.2165,6.3019,6.3247,8.4329,2.1082,-2.1006,1.793587,2.391449,1.01493,15,53,21,5,0E-8,0.08194099,,0E-8,0.000000,0.796565,0.000000,,2026-03-23,2026-06-07,28,51,49,77,0.363636,,,0.000000,,,,,,,,GLOBAL_BASELINE_NO_ENTITY_RANKING,,,NOT_APPLICABLE_GLOBAL_BASELINE,HF9g-P5,,,,X 全窗基线 · 不参与实体赏罚,6879683,688,A168_HF9F_20260827_0900,2026-08-27 09:00:00
2026-05-12,147252457,1374,0,25.2074361936,-8.8226026677,-8.8226026677,0.5000000,4,2,0.36483300000000000,0.297275450000,0.3970952136085051,0.6272624026875385,0.3970952136085051,0.06755755000000000,ELIGIBLE,R03b_20260811_FULL_v1,L1_ELIGIBILITY,v2026-08-11,2026-03-21..2026-08-06,baccarat_bet02_101_all_pairs_incl_sentinel,round_win = game_pnl > 0 (decisive only),COMPATIBILITY_ONLY_NOT_PRODUCTION,2061.4691,1642.0932,168.9188,576,273,-0.08194099,,-0.08194099,-0.08194099,-168.9188,2061.4691,OK,0.0000,6.7568,4.0000,96.0000,AG03-UNRESOLVED,ALL5_LEVELS_bet23_to_bet27,6.7568,6.7568,6.7568,13.5135,13.5135,4.000000,4.000000,4.000000,8.000000,8.000000,96.000000,96.000000,96.000000,92.000000,92.000000,5.0,47.2973,42.4256,121.6216,126.4933,PENDING_AG03,FALSE,NOT_FOR_ENFORCEMENT,162.1621,1576.4095,168.9188,162.1621,6.7568,0.08194099,0.07866335,6.7568,162.1621,0.07866335,6.7568,6.7568,6.7568,13.5135,13.5135,162.1621,0.07866335,47.2973,42.4256,121.6216,126.4933,0.05899752,0.06136074,0.00327764,3.5789,6.0150,0.6188,6.0328,3.3121,73.6239,9.7500,,3.5789,2.1006,3.5263,4.2165,6.3019,6.3247,8.4329,2.1082,-2.1006,1.793587,2.391449,1.01493,15,53,21,5,0E-8,0.08194099,,0E-8,0.000000,0.796565,0.000000,,2026-03-23,2026-06-07,28,51,49,77,0.363636,,,0.000000,,,,,,,,GLOBAL_BASELINE_NO_ENTITY_RANKING,,,NOT_APPLICABLE_GLOBAL_BASELINE,HF9g-P5,,,,X 全窗基线 · 不参与实体赏罚,6879684,688,A168_HF9F_20260827_0900,2026-08-27 09:00:00
2026-05-13,147252457,752,0,86.5455309314,-20.9851906311,-20.9851906311,0.4545455,22,11,0.39100199914940780,0.345494222727,0.43188661789358307,0.760588546536322,0.43188661789358307,0.04550777642240780,ELIGIBLE,R03b_20260811_FULL_v1,L1_ELIGIBILITY,v2026-08-11,2026-03-21..2026-08-06,baccarat_bet02_101_all_pairs_incl_sentinel,round_win = game_pnl > 0 (decisive only),COMPATIBILITY_ONLY_NOT_PRODUCTION,2061.4691,1642.0932,168.9188,576,273,-0.08194099,,-0.08194099,-0.08194099,-168.9188,2061.4691,OK,0.0000,6.7568,4.0000,96.0000,AG03-UNRESOLVED,ALL5_LEVELS_bet23_to_bet27,6.7568,6.7568,6.7568,13.5135,13.5135,4.000000,4.000000,4.000000,8.000000,8.000000,96.000000,96.000000,96.000000,92.000000,92.000000,5.0,47.2973,42.4256,121.6216,126.4933,PENDING_AG03,FALSE,NOT_FOR_ENFORCEMENT,162.1621,1576.4095,168.9188,162.1621,6.7568,0.08194099,0.07866335,6.7568,162.1621,0.07866335,6.7568,6.7568,6.7568,13.5135,13.5135,162.1621,0.07866335,47.2973,42.4256,121.6216,126.4933,0.05899752,0.06136074,0.00327764,3.5789,6.0150,0.6188,6.0328,3.3121,73.6239,9.7500,,3.5789,2.1006,3.5263,4.2165,6.3019,6.3247,8.4329,2.1082,-2.1006,1.793587,2.391449,1.01493,15,53,21,5,0E-8,0.08194099,,0E-8,0.000000,0.796565,0.000000,,2026-03-23,2026-06-07,28,51,49,77,0.363636,,,0.000000,,,,,,,,GLOBAL_BASELINE_NO_ENTITY_RANKING,,,NOT_APPLICABLE_GLOBAL_BASELINE,HF9g-P5,,,,X 全窗基线 · 不参与实体赏罚,6879685,688,A168_HF9F_20260827_0900,2026-08-27 09:00:00
2026-05-14,147252457,2127,0,65.1192101668,52.5154920702,52.5154920702,0.5000000,17,9,0.40092515444444444,0.349075477778,0.5717895351612746,0.8955293339007542,0.5717895351612746,0.05184967666644444,ELIGIBLE,R03b_20260811_FULL_v1,L1_ELIGIBILITY,v2026-08-11,2026-03-21..2026-08-06,baccarat_bet02_101_all_pairs_incl_sentinel,round_win = game_pnl > 0 (decisive only),COMPATIBILITY_ONLY_NOT_PRODUCTION,2061.4691,1642.0932,168.9188,576,273,-0.08194099,,-0.08194099,-0.08194099,-168.9188,2061.4691,OK,0.0000,6.7568,4.0000,96.0000,AG03-UNRESOLVED,ALL5_LEVELS_bet23_to_bet27,6.7568,6.7568,6.7568,13.5135,13.5135,4.000000,4.000000,4.000000,8.000000,8.000000,96.000000,96.000000,96.000000,92.000000,92.000000,5.0,47.2973,42.4256,121.6216,126.4933,PENDING_AG03,FALSE,NOT_FOR_ENFORCEMENT,162.1621,1576.4095,168.9188,162.1621,6.7568,0.08194099,0.07866335,6.7568,162.1621,0.07866335,6.7568,6.7568,6.7568,13.5135,13.5135,162.1621,0.07866335,47.2973,42.4256,121.6216,126.4933,0.05899752,0.06136074,0.00327764,3.5789,6.0150,0.6188,6.0328,3.3121,73.6239,9.7500,,3.5789,2.1006,3.5263,4.2165,6.3019,6.3247,8.4329,2.1082,-2.1006,1.793587,2.391449,1.01493,15,53,21,5,0E-8,0.08194099,,0E-8,0.000000,0.796565,0.000000,,2026-03-23,2026-06-07,28,51,49,77,0.363636,,,0.000000,,,,,,,,GLOBAL_BASELINE_NO_ENTITY_RANKING,,,NOT_APPLICABLE_GLOBAL_BASELINE,HF9g-P5,,,,X 全窗基线 · 不参与实体赏罚,6879686,688,A168_HF9F_20260827_0900,2026-08-27 09:00:00
2026-05-15,147252457,1318,0,16.5948954941,-12.4986871126,-12.4986871126,0E-7,6,3,0.33892461666651623,0.296158350000,-1.240185619971575,-1.123531199465336,-1.240185619971575,0.04276626666651623,ELIGIBLE,R03b_20260811_FULL_v1,L1_ELIGIBILITY,v2026-08-11,2026-03-21..2026-08-06,baccarat_bet02_101_all_pairs_incl_sentinel,round_win = game_pnl > 0 (decisive only),COMPATIBILITY_ONLY_NOT_PRODUCTION,2061.4691,1642.0932,168.9188,576,273,-0.08194099,,-0.08194099,-0.08194099,-168.9188,2061.4691,OK,0.0000,6.7568,4.0000,96.0000,AG03-UNRESOLVED,ALL5_LEVELS_bet23_to_bet27,6.7568,6.7568,6.7568,13.5135,13.5135,4.000000,4.000000,4.000000,8.000000,8.000000,96.000000,96.000000,96.000000,92.000000,92.000000,5.0,47.2973,42.4256,121.6216,126.4933,PENDING_AG03,FALSE,NOT_FOR_ENFORCEMENT,162.1621,1576.4095,168.9188,162.1621,6.7568,0.08194099,0.07866335,6.7568,162.1621,0.07866335,6.7568,6.7568,6.7568,13.5135,13.5135,162.1621,0.07866335,47.2973,42.4256,121.6216,126.4933,0.05899752,0.06136074,0.00327764,3.5789,6.0150,0.6188,6.0328,3.3121,73.6239,9.7500,,3.5789,2.1006,3.5263,4.2165,6.3019,6.3247,8.4329,2.1082,-2.1006,1.793587,2.391449,1.01493,15,53,21,5,0E-8,0.08194099,,0E-8,0.000000,0.796565,0.000000,,2026-03-23,2026-06-07,28,51,49,77,0.363636,,,0.000000,,,,,,,,GLOBAL_BASELINE_NO_ENTITY_RANKING,,,NOT_APPLICABLE_GLOBAL_BASELINE,HF9g-P5,,,,X 全窗基线 · 不参与实体赏罚,6879687,688,A168_HF9F_20260827_0900,2026-08-27 09:00:00
2026-05-19,147252457,2251,0,32.1394811469,-10.8181913664,-10.8181913664,0.2500000,10,4,0.36456174997845433,0.329378575000,-0.47604434207510293,-0.3377900934550777,-0.47604434207510293,0.03518317497845433,ELIGIBLE,R03b_20260811_FULL_v1,L1_ELIGIBILITY,v2026-08-11,2026-03-21..2026-08-06,baccarat_bet02_101_all_pairs_incl_sentinel,round_win = game_pnl > 0 (decisive only),COMPATIBILITY_ONLY_NOT_PRODUCTION,2061.4691,1642.0932,168.9188,576,273,-0.08194099,,-0.08194099,-0.08194099,-168.9188,2061.4691,OK,0.0000,6.7568,4.0000,96.0000,AG03-UNRESOLVED,ALL5_LEVELS_bet23_to_bet27,6.7568,6.7568,6.7568,13.5135,13.5135,4.000000,4.000000,4.000000,8.000000,8.000000,96.000000,96.000000,96.000000,92.000000,92.000000,5.0,47.2973,42.4256,121.6216,126.4933,PENDING_AG03,FALSE,NOT_FOR_ENFORCEMENT,162.1621,1576.4095,168.9188,162.1621,6.7568,0.08194099,0.07866335,6.7568,162.1621,0.07866335,6.7568,6.7568,6.7568,13.5135,13.5135,162.1621,0.07866335,47.2973,42.4256,121.6216,126.4933,0.05899752,0.06136074,0.00327764,3.5789,6.0150,0.6188,6.0328,3.3121,73.6239,9.7500,,3.5789,2.1006,3.5263,4.2165,6.3019,6.3247,8.4329,2.1082,-2.1006,1.793587,2.391449,1.01493,15,53,21,5,0E-8,0.08194099,,0E-8,0.000000,0.796565,0.000000,,2026-03-23,2026-06-07,28,51,49,77,0.363636,,,0.000000,,,,,,,,GLOBAL_BASELINE_NO_ENTITY_RANKING,,,NOT_APPLICABLE_GLOBAL_BASELINE,HF9g-P5,,,,X 全窗基线 · 不参与实体赏罚,6879688,688,A168_HF9F_20260827_0900,2026-08-27 09:00:00
2026-05-21,147252457,986,0,84.4449112485,-11.7214578299,-11.7214578299,0.4166667,28,12,0.36595298825972658,0.319236083333,0.3647055365890854,0.7239885114930887,0.3647055365890854,0.04671690492672658,ELIGIBLE,R03b_20260811_FULL_v1,L1_ELIGIBILITY,v2026-08-11,2026-03-21..2026-08-06,baccarat_bet02_101_all_pairs_incl_sentinel,round_win = game_pnl > 0 (decisive only),COMPATIBILITY_ONLY_NOT_PRODUCTION,2061.4691,1642.0932,168.9188,576,273,-0.08194099,,-0.08194099,-0.08194099,-168.9188,2061.4691,OK,0.0000,6.7568,4.0000,96.0000,AG03-UNRESOLVED,ALL5_LEVELS_bet23_to_bet27,6.7568,6.7568,6.7568,13.5135,13.5135,4.000000,4.000000,4.000000,8.000000,8.000000,96.000000,96.000000,96.000000,92.000000,92.000000,5.0,47.2973,42.4256,121.6216,126.4933,PENDING_AG03,FALSE,NOT_FOR_ENFORCEMENT,162.1621,1576.4095,168.9188,162.1621,6.7568,0.08194099,0.07866335,6.7568,162.1621,0.07866335,6.7568,6.7568,6.7568,13.5135,13.5135,162.1621,0.07866335,47.2973,42.4256,121.6216,126.4933,0.05899752,0.06136074,0.00327764,3.5789,6.0150,0.6188,6.0328,3.3121,73.6239,9.7500,,3.5789,2.1006,3.5263,4.2165,6.3019,6.3247,8.4329,2.1082,-2.1006,1.793587,2.391449,1.01493,15,53,21,5,0E-8,0.08194099,,0E-8,0.000000,0.796565,0.000000,,2026-03-23,2026-06-07,28,51,49,77,0.363636,,,0.000000,,,,,,,,GLOBAL_BASELINE_NO_ENTITY_RANKING,,,NOT_APPLICABLE_GLOBAL_BASELINE,HF9g-P5,,,,X 全窗基线 · 不参与实体赏罚,6879689,688,A168_HF9F_20260827_0900,2026-08-27 09:00:00
2026-05-27,147252457,2170,0,48.5243146727,-19.7458250183,-19.7458250183,0.1428571,16,7,0.37394536137705078,0.353745650000,-1.263620405727462,-1.1669564231401737,-1.263620405727462,0.02019971137705078,ELIGIBLE,R03b_20260811_FULL_v1,L1_ELIGIBILITY,v2026-08-11,2026-03-21..2026-08-06,baccarat_bet02_101_all_pairs_incl_sentinel,round_win = game_pnl > 0 (decisive only),COMPATIBILITY_ONLY_NOT_PRODUCTION,2061.4691,1642.0932,168.9188,576,273,-0.08194099,,-0.08194099,-0.08194099,-168.9188,2061.4691,OK,0.0000,6.7568,4.0000,96.0000,AG03-UNRESOLVED,ALL5_LEVELS_bet23_to_bet27,6.7568,6.7568,6.7568,13.5135,13.5135,4.000000,4.000000,4.000000,8.000000,8.000000,96.000000,96.000000,96.000000,92.000000,92.000000,5.0,47.2973,42.4256,121.6216,126.4933,PENDING_AG03,FALSE,NOT_FOR_ENFORCEMENT,162.1621,1576.4095,168.9188,162.1621,6.7568,0.08194099,0.07866335,6.7568,162.1621,0.07866335,6.7568,6.7568,6.7568,13.5135,13.5135,162.1621,0.07866335,47.2973,42.4256,121.6216,126.4933,0.05899752,0.06136074,0.00327764,3.5789,6.0150,0.6188,6.0328,3.3121,73.6239,9.7500,,3.5789,2.1006,3.5263,4.2165,6.3019,6.3247,8.4329,2.1082,-2.1006,1.793587,2.391449,1.01493,15,53,21,5,0E-8,0.08194099,,0E-8,0.000000,0.796565,0.000000,,2026-03-23,2026-06-07,28,51,49,77,0.363636,,,0.000000,,,,,,,,GLOBAL_BASELINE_NO_ENTITY_RANKING,,,NOT_APPLICABLE_GLOBAL_BASELINE,HF9g-P5,,,,X 全窗基线 · 不参与实体赏罚,6879690,688,A168_HF9F_20260827_0900,2026-08-27 09:00:00
2026-05-27,147252457,2196,0,4.2012393656,-0.1050309841,-0.1050309841,0E-7,2,1,0.30062675000000000,0.300626750000,-0.6556307317883069,-0.655630731788307,-0.6556307317883069,0E-17,ELIGIBLE,R03b_20260811_FULL_v1,L1_ELIGIBILITY,v2026-08-11,2026-03-21..2026-08-06,baccarat_bet02_101_all_pairs_incl_sentinel,round_win = game_pnl > 0 (decisive only),COMPATIBILITY_ONLY_NOT_PRODUCTION,2061.4691,1642.0932,168.9188,576,273,-0.08194099,,-0.08194099,-0.08194099,-168.9188,2061.4691,OK,0.0000,6.7568,4.0000,96.0000,AG03-UNRESOLVED,ALL5_LEVELS_bet23_to_bet27,6.7568,6.7568,6.7568,13.5135,13.5135,4.000000,4.000000,4.000000,8.000000,8.000000,96.000000,96.000000,96.000000,92.000000,92.000000,5.0,47.2973,42.4256,121.6216,126.4933,PENDING_AG03,FALSE,NOT_FOR_ENFORCEMENT,162.1621,1576.4095,168.9188,162.1621,6.7568,0.08194099,0.07866335,6.7568,162.1621,0.07866335,6.7568,6.7568,6.7568,13.5135,13.5135,162.1621,0.07866335,47.2973,42.4256,121.6216,126.4933,0.05899752,0.06136074,0.00327764,3.5789,6.0150,0.6188,6.0328,3.3121,73.6239,9.7500,,3.5789,2.1006,3.5263,4.2165,6.3019,6.3247,8.4329,2.1082,-2.1006,1.793587,2.391449,1.01493,15,53,21,5,0E-8,0.08194099,,0E-8,0.000000,0.796565,0.000000,,2026-03-23,2026-06-07,28,51,49,77,0.363636,,,0.000000,,,,,,,,GLOBAL_BASELINE_NO_ENTITY_RANKING,,,NOT_APPLICABLE_GLOBAL_BASELINE,HF9g-P5,,,,X 全窗基线 · 不参与实体赏罚,6879691,688,A168_HF9F_20260827_0900,2026-08-27 09:00:00
2026-05-31,147252457,2169,0,10.5030984140,-10.5030984140,-10.5030984140,0E-7,4,2,0.33496407500000000,0.300626750000,-1.00367142627229,-0.9272018728036208,-1.00367142627229,0.03433732500000000,ELIGIBLE,R03b_20260811_FULL_v1,L1_ELIGIBILITY,v2026-08-11,2026-03-21..2026-08-06,baccarat_bet02_101_all_pairs_incl_sentinel,round_win = game_pnl > 0 (decisive only),COMPATIBILITY_ONLY_NOT_PRODUCTION,2061.4691,1642.0932,168.9188,576,273,-0.08194099,,-0.08194099,-0.08194099,-168.9188,2061.4691,OK,0.0000,6.7568,4.0000,96.0000,AG03-UNRESOLVED,ALL5_LEVELS_bet23_to_bet27,6.7568,6.7568,6.7568,13.5135,13.5135,4.000000,4.000000,4.000000,8.000000,8.000000,96.000000,96.000000,96.000000,92.000000,92.000000,5.0,47.2973,42.4256,121.6216,126.4933,PENDING_AG03,FALSE,NOT_FOR_ENFORCEMENT,162.1621,1576.4095,168.9188,162.1621,6.7568,0.08194099,0.07866335,6.7568,162.1621,0.07866335,6.7568,6.7568,6.7568,13.5135,13.5135,162.1621,0.07866335,47.2973,42.4256,121.6216,126.4933,0.05899752,0.06136074,0.00327764,3.5789,6.0150,0.6188,6.0328,3.3121,73.6239,9.7500,,3.5789,2.1006,3.5263,4.2165,6.3019,6.3247,8.4329,2.1082,-2.1006,1.793587,2.391449,1.01493,15,53,21,5,0E-8,0.08194099,,0E-8,0.000000,0.796565,0.000000,,2026-03-23,2026-06-07,28,51,49,77,0.363636,,,0.000000,,,,,,,,GLOBAL_BASELINE_NO_ENTITY_RANKING,,,NOT_APPLICABLE_GLOBAL_BASELINE,HF9g-P5,,,,X 全窗基线 · 不参与实体赏罚,6879692,688,A168_HF9F_20260827_0900,2026-08-27 09:00:00
2026-06-01,147252457,1331,0,31.1571775753,-10.5934403757,-10.5934403757,0.3333333,7,3,0.35522953999932247,0.319794633333,-0.0792450982220175,0.050278461456498294,-0.0792450982220175,0.03543490666632247,ELIGIBLE,R03b_20260811_FULL_v1,L1_ELIGIBILITY,v2026-08-11,2026-03-21..2026-08-06,baccarat_bet02_101_all_pairs_incl_sentinel,round_win = game_pnl > 0 (decisive only),COMPATIBILITY_ONLY_NOT_PRODUCTION,2061.4691,1642.0932,168.9188,576,273,-0.08194099,,-0.08194099,-0.08194099,-168.9188,2061.4691,OK,0.0000,6.7568,4.0000,96.0000,AG03-UNRESOLVED,ALL5_LEVELS_bet23_to_bet27,6.7568,6.7568,6.7568,13.5135,13.5135,4.000000,4.000000,4.000000,8.000000,8.000000,96.000000,96.000000,96.000000,92.000000,92.000000,5.0,47.2973,42.4256,121.6216,126.4933,PENDING_AG03,FALSE,NOT_FOR_ENFORCEMENT,162.1621,1576.4095,168.9188,162.1621,6.7568,0.08194099,0.07866335,6.7568,162.1621,0.07866335,6.7568,6.7568,6.7568,13.5135,13.5135,162.1621,0.07866335,47.2973,42.4256,121.6216,126.4933,0.05899752,0.06136074,0.00327764,3.5789,6.0150,0.6188,6.0328,3.3121,73.6239,9.7500,,3.5789,2.1006,3.5263,4.2165,6.3019,6.3247,8.4329,2.1082,-2.1006,1.793587,2.391449,1.01493,15,53,21,5,0E-8,0.08194099,,0E-8,0.000000,0.796565,0.000000,,2026-03-23,2026-06-07,28,51,49,77,0.363636,,,0.000000,,,,,,,,GLOBAL_BASELINE_NO_ENTITY_RANKING,,,NOT_APPLICABLE_GLOBAL_BASELINE,HF9g-P5,,,,X 全窗基线 · 不参与实体赏罚,6879693,688,A168_HF9F_20260827_0900,2026-08-27 09:00:00
2026-06-01,147252457,1490,0,11.8397274786,-4.7774338950,-4.7774338950,0.5000000,4,2,0.35298232777659310,0.293924150000,0.43506083311188165,0.6397330434626627,0.43506083311188165,0.05905817777659310,ELIGIBLE,R03b_20260811_FULL_v1,L1_ELIGIBILITY,v2026-08-11,2026-03-21..2026-08-06,baccarat_bet02_101_all_pairs_incl_sentinel,round_win = game_pnl > 0 (decisive only),COMPATIBILITY_ONLY_NOT_PRODUCTION,2061.4691,1642.0932,168.9188,576,273,-0.08194099,,-0.08194099,-0.08194099,-168.9188,2061.4691,OK,0.0000,6.7568,4.0000,96.0000,AG03-UNRESOLVED,ALL5_LEVELS_bet23_to_bet27,6.7568,6.7568,6.7568,13.5135,13.5135,4.000000,4.000000,4.000000,8.000000,8.000000,96.000000,96.000000,96.000000,92.000000,92.000000,5.0,47.2973,42.4256,121.6216,126.4933,PENDING_AG03,FALSE,NOT_FOR_ENFORCEMENT,162.1621,1576.4095,168.9188,162.1621,6.7568,0.08194099,0.07866335,6.7568,162.1621,0.07866335,6.7568,6.7568,6.7568,13.5135,13.5135,162.1621,0.07866335,47.2973,42.4256,121.6216,126.4933,0.05899752,0.06136074,0.00327764,3.5789,6.0150,0.6188,6.0328,3.3121,73.6239,9.7500,,3.5789,2.1006,3.5263,4.2165,6.3019,6.3247,8.4329,2.1082,-2.1006,1.793587,2.391449,1.01493,15,53,21,5,0E-8,0.08194099,,0E-8,0.000000,0.796565,0.000000,,2026-03-23,2026-06-07,28,51,49,77,0.363636,,,0.000000,,,,,,,,GLOBAL_BASELINE_NO_ENTITY_RANKING,,,NOT_APPLICABLE_GLOBAL_BASELINE,HF9g-P5,,,,X 全窗基线 · 不参与实体赏罚,6879694,688,A168_HF9F_20260827_0900,2026-08-27 09:00:00
2026-06-01,147252457,1505,0,79.1392310416,40.7120453646,40.7120453646,0.4444444,25,10,0.37499363838459077,0.330719095000,0.4303723646342738,0.7251781030987267,0.4303723646342738,0.04427454338459077,ELIGIBLE,R03b_20260811_FULL_v1,L1_ELIGIBILITY,v2026-08-11,2026-03-21..2026-08-06,baccarat_bet02_101_all_pairs_incl_sentinel,round_win = game_pnl > 0 (decisive only),COMPATIBILITY_ONLY_NOT_PRODUCTION,2061.4691,1642.0932,168.9188,576,273,-0.08194099,,-0.08194099,-0.08194099,-168.9188,2061.4691,OK,0.0000,6.7568,4.0000,96.0000,AG03-UNRESOLVED,ALL5_LEVELS_bet23_to_bet27,6.7568,6.7568,6.7568,13.5135,13.5135,4.000000,4.000000,4.000000,8.000000,8.000000,96.000000,96.000000,96.000000,92.000000,92.000000,5.0,47.2973,42.4256,121.6216,126.4933,PENDING_AG03,FALSE,NOT_FOR_ENFORCEMENT,162.1621,1576.4095,168.9188,162.1621,6.7568,0.08194099,0.07866335,6.7568,162.1621,0.07866335,6.7568,6.7568,6.7568,13.5135,13.5135,162.1621,0.07866335,47.2973,42.4256,121.6216,126.4933,0.05899752,0.06136074,0.00327764,3.5789,6.0150,0.6188,6.0328,3.3121,73.6239,9.7500,,3.5789,2.1006,3.5263,4.2165,6.3019,6.3247,8.4329,2.1082,-2.1006,1.793587,2.391449,1.01493,15,53,21,5,0E-8,0.08194099,,0E-8,0.000000,0.796565,0.000000,,2026-03-23,2026-06-07,28,51,49,77,0.363636,,,0.000000,,,,,,,,GLOBAL_BASELINE_NO_ENTITY_RANKING,,,NOT_APPLICABLE_GLOBAL_BASELINE,HF9g-P5,,,,X 全窗基线 · 不参与实体赏罚,6879695,688,A168_HF9F_20260827_0900,2026-08-27 09:00:00
2026-06-01,147252457,2171,0,170.7413331125,48.7194400015,48.7194400015,0.5625000,41,17,0.37751060540906491,0.325487535294,1.5264277953330123,2.0233406517888772,1.5264277953330123,0.05202307011506491,ELIGIBLE,R03b_20260811_FULL_v1,L1_ELIGIBILITY,v2026-08-11,2026-03-21..2026-08-06,baccarat_bet02_101_all_pairs_incl_sentinel,round_win = game_pnl > 0 (decisive only),COMPATIBILITY_ONLY_NOT_PRODUCTION,2061.4691,1642.0932,168.9188,576,273,-0.08194099,,-0.08194099,-0.08194099,-168.9188,2061.4691,OK,0.0000,6.7568,4.0000,96.0000,AG03-UNRESOLVED,ALL5_LEVELS_bet23_to_bet27,6.7568,6.7568,6.7568,13.5135,13.5135,4.000000,4.000000,4.000000,8.000000,8.000000,96.000000,96.000000,96.000000,92.000000,92.000000,5.0,47.2973,42.4256,121.6216,126.4933,PENDING_AG03,FALSE,NOT_FOR_ENFORCEMENT,162.1621,1576.4095,168.9188,162.1621,6.7568,0.08194099,0.07866335,6.7568,162.1621,0.07866335,6.7568,6.7568,6.7568,13.5135,13.5135,162.1621,0.07866335,47.2973,42.4256,121.6216,126.4933,0.05899752,0.06136074,0.00327764,3.5789,6.0150,0.6188,6.0328,3.3121,73.6239,9.7500,,3.5789,2.1006,3.5263,4.2165,6.3019,6.3247,8.4329,2.1082,-2.1006,1.793587,2.391449,1.01493,15,53,21,5,0E-8,0.08194099,,0E-8,0.000000,0.796565,0.000000,,2026-03-23,2026-06-07,28,51,49,77,0.363636,,,0.000000,,,,,,,,GLOBAL_BASELINE_NO_ENTITY_RANKING,,,NOT_APPLICABLE_GLOBAL_BASELINE,HF9g-P5,,,,X 全窗基线 · 不参与实体赏罚,6879696,688,A168_HF9F_20260827_0900,2026-08-27 09:00:00
2026-06-02,147252457,1654,0,14.5400162018,-14.5400162018,-14.5400162018,0E-7,4,2,0.31720758499923233,0.297275450000,-0.9639232054900402,-0.9198181129370825,-0.9639232054900402,0.01993213499923233,ELIGIBLE,R03b_20260811_FULL_v1,L1_ELIGIBILITY,v2026-08-11,2026-03-21..2026-08-06,baccarat_bet02_101_all_pairs_incl_sentinel,round_win = game_pnl > 0 (decisive only),COMPATIBILITY_ONLY_NOT_PRODUCTION,2061.4691,1642.0932,168.9188,576,273,-0.08194099,,-0.08194099,-0.08194099,-168.9188,2061.4691,OK,0.0000,6.7568,4.0000,96.0000,AG03-UNRESOLVED,ALL5_LEVELS_bet23_to_bet27,6.7568,6.7568,6.7568,13.5135,13.5135,4.000000,4.000000,4.000000,8.000000,8.000000,96.000000,96.000000,96.000000,92.000000,92.000000,5.0,47.2973,42.4256,121.6216,126.4933,PENDING_AG03,FALSE,NOT_FOR_ENFORCEMENT,162.1621,1576.4095,168.9188,162.1621,6.7568,0.08194099,0.07866335,6.7568,162.1621,0.07866335,6.7568,6.7568,6.7568,13.5135,13.5135,162.1621,0.07866335,47.2973,42.4256,121.6216,126.4933,0.05899752,0.06136074,0.00327764,3.5789,6.0150,0.6188,6.0328,3.3121,73.6239,9.7500,,3.5789,2.1006,3.5263,4.2165,6.3019,6.3247,8.4329,2.1082,-2.1006,1.793587,2.391449,1.01493,15,53,21,5,0E-8,0.08194099,,0E-8,0.000000,0.796565,0.000000,,2026-03-23,2026-06-07,28,51,49,77,0.363636,,,0.000000,,,,,,,,GLOBAL_BASELINE_NO_ENTITY_RANKING,,,NOT_APPLICABLE_GLOBAL_BASELINE,HF9g-P5,,,,X 全窗基线 · 不参与实体赏罚,6879697,688,A168_HF9F_20260827_0900,2026-08-27 09:00:00
2026-06-02,147252457,2108,0,8.3085806868,3.8427185676,3.8427185676,1.0000000,3,2,0.43797605000000000,0.403638725000,1.6020173973302758,1.7189898101856425,1.6020173973302758,0.03433732500000000,ELIGIBLE,R03b_20260811_FULL_v1,L1_ELIGIBILITY,v2026-08-11,2026-03-21..2026-08-06,baccarat_bet02_101_all_pairs_incl_sentinel,round_win = game_pnl > 0 (decisive only),COMPATIBILITY_ONLY_NOT_PRODUCTION,2061.4691,1642.0932,168.9188,576,273,-0.08194099,,-0.08194099,-0.08194099,-168.9188,2061.4691,OK,0.0000,6.7568,4.0000,96.0000,AG03-UNRESOLVED,ALL5_LEVELS_bet23_to_bet27,6.7568,6.7568,6.7568,13.5135,13.5135,4.000000,4.000000,4.000000,8.000000,8.000000,96.000000,96.000000,96.000000,92.000000,92.000000,5.0,47.2973,42.4256,121.6216,126.4933,PENDING_AG03,FALSE,NOT_FOR_ENFORCEMENT,162.1621,1576.4095,168.9188,162.1621,6.7568,0.08194099,0.07866335,6.7568,162.1621,0.07866335,6.7568,6.7568,6.7568,13.5135,13.5135,162.1621,0.07866335,47.2973,42.4256,121.6216,126.4933,0.05899752,0.06136074,0.00327764,3.5789,6.0150,0.6188,6.0328,3.3121,73.6239,9.7500,,3.5789,2.1006,3.5263,4.2165,6.3019,6.3247,8.4329,2.1082,-2.1006,1.793587,2.391449,1.01493,15,53,21,5,0E-8,0.08194099,,0E-8,0.000000,0.796565,0.000000,,2026-03-23,2026-06-07,28,51,49,77,0.363636,,,0.000000,,,,,,,,GLOBAL_BASELINE_NO_ENTITY_RANKING,,,NOT_APPLICABLE_GLOBAL_BASELINE,HF9g-P5,,,,X 全窗基线 · 不参与实体赏罚,6879698,688,A168_HF9F_20260827_0900,2026-08-27 09:00:00
2026-06-02,147252457,2209,0,7.4777226180,-2.6172029163,-2.6172029163,0.5000000,3,2,0.41689753749866723,0.400287425000,0.2383646166101183,0.2878109933178697,0.2383646166101183,0.01661011249866723,ELIGIBLE,R03b_20260811_FULL_v1,L1_ELIGIBILITY,v2026-08-11,2026-03-21..2026-08-06,baccarat_bet02_101_all_pairs_incl_sentinel,round_win = game_pnl > 0 (decisive only),COMPATIBILITY_ONLY_NOT_PRODUCTION,2061.4691,1642.0932,168.9188,576,273,-0.08194099,,-0.08194099,-0.08194099,-168.9188,2061.4691,OK,0.0000,6.7568,4.0000,96.0000,AG03-UNRESOLVED,ALL5_LEVELS_bet23_to_bet27,6.7568,6.7568,6.7568,13.5135,13.5135,4.000000,4.000000,4.000000,8.000000,8.000000,96.000000,96.000000,96.000000,92.000000,92.000000,5.0,47.2973,42.4256,121.6216,126.4933,PENDING_AG03,FALSE,NOT_FOR_ENFORCEMENT,162.1621,1576.4095,168.9188,162.1621,6.7568,0.08194099,0.07866335,6.7568,162.1621,0.07866335,6.7568,6.7568,6.7568,13.5135,13.5135,162.1621,0.07866335,47.2973,42.4256,121.6216,126.4933,0.05899752,0.06136074,0.00327764,3.5789,6.0150,0.6188,6.0328,3.3121,73.6239,9.7500,,3.5789,2.1006,3.5263,4.2165,6.3019,6.3247,8.4329,2.1082,-2.1006,1.793587,2.391449,1.01493,15,53,21,5,0E-8,0.08194099,,0E-8,0.000000,0.796565,0.000000,,2026-03-23,2026-06-07,28,51,49,77,0.363636,,,0.000000,,,,,,,,GLOBAL_BASELINE_NO_ENTITY_RANKING,,,NOT_APPLICABLE_GLOBAL_BASELINE,HF9g-P5,,,,X 全窗基线 · 不参与实体赏罚,6879699,688,A168_HF9F_20260827_0900,2026-08-27 09:00:00
2026-06-03,147252457,2235,0,12.4628710302,12.4628710300,12.4628710300,0.5000000,5,2,0.34710578750000000,0.329378575000,0.4542068789317955,0.513407463010773,0.4542068789317955,0.01772721250000000,ELIGIBLE,R03b_20260811_FULL_v1,L1_ELIGIBILITY,v2026-08-11,2026-03-21..2026-08-06,baccarat_bet02_101_all_pairs_incl_sentinel,round_win = game_pnl > 0 (decisive only),COMPATIBILITY_ONLY_NOT_PRODUCTION,2061.4691,1642.0932,168.9188,576,273,-0.08194099,,-0.08194099,-0.08194099,-168.9188,2061.4691,OK,0.0000,6.7568,4.0000,96.0000,AG03-UNRESOLVED,ALL5_LEVELS_bet23_to_bet27,6.7568,6.7568,6.7568,13.5135,13.5135,4.000000,4.000000,4.000000,8.000000,8.000000,96.000000,96.000000,96.000000,92.000000,92.000000,5.0,47.2973,42.4256,121.6216,126.4933,PENDING_AG03,FALSE,NOT_FOR_ENFORCEMENT,162.1621,1576.4095,168.9188,162.1621,6.7568,0.08194099,0.07866335,6.7568,162.1621,0.07866335,6.7568,6.7568,6.7568,13.5135,13.5135,162.1621,0.07866335,47.2973,42.4256,121.6216,126.4933,0.05899752,0.06136074,0.00327764,3.5789,6.0150,0.6188,6.0328,3.3121,73.6239,9.7500,,3.5789,2.1006,3.5263,4.2165,6.3019,6.3247,8.4329,2.1082,-2.1006,1.793587,2.391449,1.01493,15,53,21,5,0E-8,0.08194099,,0E-8,0.000000,0.796565,0.000000,,2026-03-23,2026-06-07,28,51,49,77,0.363636,,,0.000000,,,,,,,,GLOBAL_BASELINE_NO_ENTITY_RANKING,,,NOT_APPLICABLE_GLOBAL_BASELINE,HF9g-P5,,,,X 全窗基线 · 不参与实体赏罚,6879700,688,A168_HF9F_20260827_0900,2026-08-27 09:00:00
2026-06-05,147252457,1299,0,16.8248758907,5.6913777704,5.6913777704,0.8000000,6,5,0.46466214000012245,0.460083830000,1.5034360762263723,1.5250187197269758,1.5034360762263723,0.00457831000012245,ELIGIBLE,R03b_20260811_FULL_v1,L1_ELIGIBILITY,v2026-08-11,2026-03-21..2026-08-06,baccarat_bet02_101_all_pairs_incl_sentinel,round_win = game_pnl > 0 (decisive only),COMPATIBILITY_ONLY_NOT_PRODUCTION,2061.4691,1642.0932,168.9188,576,273,-0.08194099,,-0.08194099,-0.08194099,-168.9188,2061.4691,OK,0.0000,6.7568,4.0000,96.0000,AG03-UNRESOLVED,ALL5_LEVELS_bet23_to_bet27,6.7568,6.7568,6.7568,13.5135,13.5135,4.000000,4.000000,4.000000,8.000000,8.000000,96.000000,96.000000,96.000000,92.000000,92.000000,5.0,47.2973,42.4256,121.6216,126.4933,PENDING_AG03,FALSE,NOT_FOR_ENFORCEMENT,162.1621,1576.4095,168.9188,162.1621,6.7568,0.08194099,0.07866335,6.7568,162.1621,0.07866335,6.7568,6.7568,6.7568,13.5135,13.5135,162.1621,0.07866335,47.2973,42.4256,121.6216,126.4933,0.05899752,0.06136074,0.00327764,3.5789,6.0150,0.6188,6.0328,3.3121,73.6239,9.7500,,3.5789,2.1006,3.5263,4.2165,6.3019,6.3247,8.4329,2.1082,-2.1006,1.793587,2.391449,1.01493,15,53,21,5,0E-8,0.08194099,,0E-8,0.000000,0.796565,0.000000,,2026-03-23,2026-06-07,28,51,49,77,0.363636,,,0.000000,,,,,,,,GLOBAL_BASELINE_NO_ENTITY_RANKING,,,NOT_APPLICABLE_GLOBAL_BASELINE,HF9g-P5,,,,X 全窗基线 · 不参与实体赏罚,6879701,688,A168_HF9F_20260827_0900,2026-08-27 09:00:00
2026-06-05,147252457,1485,0,161.1864653234,-13.8961011992,-13.8961011992,0.3636364,51,24,0.36436731601166021,0.306139056250,-0.007124060601497428,0.5851446743562482,-0.007124060601497428,0.05822825976166021,ELIGIBLE,R03b_20260811_FULL_v1,L1_ELIGIBILITY,v2026-08-11,2026-03-21..2026-08-06,baccarat_bet02_101_all_pairs_incl_sentinel,round_win = game_pnl > 0 (decisive only),COMPATIBILITY_ONLY_NOT_PRODUCTION,2061.4691,1642.0932,168.9188,576,273,-0.08194099,,-0.08194099,-0.08194099,-168.9188,2061.4691,OK,0.0000,6.7568,4.0000,96.0000,AG03-UNRESOLVED,ALL5_LEVELS_bet23_to_bet27,6.7568,6.7568,6.7568,13.5135,13.5135,4.000000,4.000000,4.000000,8.000000,8.000000,96.000000,96.000000,96.000000,92.000000,92.000000,5.0,47.2973,42.4256,121.6216,126.4933,PENDING_AG03,FALSE,NOT_FOR_ENFORCEMENT,162.1621,1576.4095,168.9188,162.1621,6.7568,0.08194099,0.07866335,6.7568,162.1621,0.07866335,6.7568,6.7568,6.7568,13.5135,13.5135,162.1621,0.07866335,47.2973,42.4256,121.6216,126.4933,0.05899752,0.06136074,0.00327764,3.5789,6.0150,0.6188,6.0328,3.3121,73.6239,9.7500,,3.5789,2.1006,3.5263,4.2165,6.3019,6.3247,8.4329,2.1082,-2.1006,1.793587,2.391449,1.01493,15,53,21,5,0E-8,0.08194099,,0E-8,0.000000,0.796565,0.000000,,2026-03-23,2026-06-07,28,51,49,77,0.363636,,,0.000000,,,,,,,,GLOBAL_BASELINE_NO_ENTITY_RANKING,,,NOT_APPLICABLE_GLOBAL_BASELINE,HF9g-P5,,,,X 全窗基线 · 不参与实体赏罚,6879702,688,A168_HF9F_20260827_0900,2026-08-27 09:00:00
2026-06-05,147252457,2093,0,10.3857258585,-10.3857258585,-10.3857258585,0E-7,4,2,0.33161277500000000,0.297275450000,-0.9961312254058862,-0.9198181129370825,-0.9961312254058862,0.03433732500000000,ELIGIBLE,R03b_20260811_FULL_v1,L1_ELIGIBILITY,v2026-08-11,2026-03-21..2026-08-06,baccarat_bet02_101_all_pairs_incl_sentinel,round_win = game_pnl > 0 (decisive only),COMPATIBILITY_ONLY_NOT_PRODUCTION,2061.4691,1642.0932,168.9188,576,273,-0.08194099,,-0.08194099,-0.08194099,-168.9188,2061.4691,OK,0.0000,6.7568,4.0000,96.0000,AG03-UNRESOLVED,ALL5_LEVELS_bet23_to_bet27,6.7568,6.7568,6.7568,13.5135,13.5135,4.000000,4.000000,4.000000,8.000000,8.000000,96.000000,96.000000,96.000000,92.000000,92.000000,5.0,47.2973,42.4256,121.6216,126.4933,PENDING_AG03,FALSE,NOT_FOR_ENFORCEMENT,162.1621,1576.4095,168.9188,162.1621,6.7568,0.08194099,0.07866335,6.7568,162.1621,0.07866335,6.7568,6.7568,6.7568,13.5135,13.5135,162.1621,0.07866335,47.2973,42.4256,121.6216,126.4933,0.05899752,0.06136074,0.00327764,3.5789,6.0150,0.6188,6.0328,3.3121,73.6239,9.7500,,3.5789,2.1006,3.5263,4.2165,6.3019,6.3247,8.4329,2.1082,-2.1006,1.793587,2.391449,1.01493,15,53,21,5,0E-8,0.08194099,,0E-8,0.000000,0.796565,0.000000,,2026-03-23,2026-06-07,28,51,49,77,0.363636,,,0.000000,,,,,,,,GLOBAL_BASELINE_NO_ENTITY_RANKING,,,NOT_APPLICABLE_GLOBAL_BASELINE,HF9g-P5,,,,X 全窗基线 · 不参与实体赏罚,6879703,688,A168_HF9F_20260827_0900,2026-08-27 09:00:00
2026-06-05,147252457,2130,0,14.3323016847,5.6186776894,5.6186776894,1.0000000,5,3,0.40052408076910035,0.367067200000,1.7301611376691766,1.8570389357839645,1.7301611376691766,0.03345688076910035,ELIGIBLE,R03b_20260811_FULL_v1,L1_ELIGIBILITY,v2026-08-11,2026-03-21..2026-08-06,baccarat_bet02_101_all_pairs_incl_sentinel,round_win = game_pnl > 0 (decisive only),COMPATIBILITY_ONLY_NOT_PRODUCTION,2061.4691,1642.0932,168.9188,576,273,-0.08194099,,-0.08194099,-0.08194099,-168.9188,2061.4691,OK,0.0000,6.7568,4.0000,96.0000,AG03-UNRESOLVED,ALL5_LEVELS_bet23_to_bet27,6.7568,6.7568,6.7568,13.5135,13.5135,4.000000,4.000000,4.000000,8.000000,8.000000,96.000000,96.000000,96.000000,92.000000,92.000000,5.0,47.2973,42.4256,121.6216,126.4933,PENDING_AG03,FALSE,NOT_FOR_ENFORCEMENT,162.1621,1576.4095,168.9188,162.1621,6.7568,0.08194099,0.07866335,6.7568,162.1621,0.07866335,6.7568,6.7568,6.7568,13.5135,13.5135,162.1621,0.07866335,47.2973,42.4256,121.6216,126.4933,0.05899752,0.06136074,0.00327764,3.5789,6.0150,0.6188,6.0328,3.3121,73.6239,9.7500,,3.5789,2.1006,3.5263,4.2165,6.3019,6.3247,8.4329,2.1082,-2.1006,1.793587,2.391449,1.01493,15,53,21,5,0E-8,0.08194099,,0E-8,0.000000,0.796565,0.000000,,2026-03-23,2026-06-07,28,51,49,77,0.363636,,,0.000000,,,,,,,,GLOBAL_BASELINE_NO_ENTITY_RANKING,,,NOT_APPLICABLE_GLOBAL_BASELINE,HF9g-P5,,,,X 全窗基线 · 不参与实体赏罚,6879704,688,A168_HF9F_20260827_0900,2026-08-27 09:00:00
2026-06-05,147252457,2170,0,24.3025985087,-10.8219263446,-10.8219263446,0.4000000,10,5,0.32374545356994038,0.297945710000,0.36441295367424703,0.4989561164153655,0.36441295367424703,0.02579974356994038,ELIGIBLE,R03b_20260811_FULL_v1,L1_ELIGIBILITY,v2026-08-11,2026-03-21..2026-08-06,baccarat_bet02_101_all_pairs_incl_sentinel,round_win = game_pnl > 0 (decisive only),COMPATIBILITY_ONLY_NOT_PRODUCTION,2061.4691,1642.0932,168.9188,576,273,-0.08194099,,-0.08194099,-0.08194099,-168.9188,2061.4691,OK,0.0000,6.7568,4.0000,96.0000,AG03-UNRESOLVED,ALL5_LEVELS_bet23_to_bet27,6.7568,6.7568,6.7568,13.5135,13.5135,4.000000,4.000000,4.000000,8.000000,8.000000,96.000000,96.000000,96.000000,92.000000,92.000000,5.0,47.2973,42.4256,121.6216,126.4933,PENDING_AG03,FALSE,NOT_FOR_ENFORCEMENT,162.1621,1576.4095,168.9188,162.1621,6.7568,0.08194099,0.07866335,6.7568,162.1621,0.07866335,6.7568,6.7568,6.7568,13.5135,13.5135,162.1621,0.07866335,47.2973,42.4256,121.6216,126.4933,0.05899752,0.06136074,0.00327764,3.5789,6.0150,0.6188,6.0328,3.3121,73.6239,9.7500,,3.5789,2.1006,3.5263,4.2165,6.3019,6.3247,8.4329,2.1082,-2.1006,1.793587,2.391449,1.01493,15,53,21,5,0E-8,0.08194099,,0E-8,0.000000,0.796565,0.000000,,2026-03-23,2026-06-07,28,51,49,77,0.363636,,,0.000000,,,,,,,,GLOBAL_BASELINE_NO_ENTITY_RANKING,,,NOT_APPLICABLE_GLOBAL_BASELINE,HF9g-P5,,,,X 全窗基线 · 不参与实体赏罚,6879705,688,A168_HF9F_20260827_0900,2026-08-27 09:00:00
2026-06-05,147252457,2233,0,53.1749163953,-11.9435847373,-11.9435847373,0.5714286,17,8,0.39116972008904100,0.340755656250,0.9772707103565811,1.2876590403639796,0.9772707103565811,0.05041406383904100,ELIGIBLE,R03b_20260811_FULL_v1,L1_ELIGIBILITY,v2026-08-11,2026-03-21..2026-08-06,baccarat_bet02_101_all_pairs_incl_sentinel,round_win = game_pnl > 0 (decisive only),COMPATIBILITY_ONLY_NOT_PRODUCTION,2061.4691,1642.0932,168.9188,576,273,-0.08194099,,-0.08194099,-0.08194099,-168.9188,2061.4691,OK,0.0000,6.7568,4.0000,96.0000,AG03-UNRESOLVED,ALL5_LEVELS_bet23_to_bet27,6.7568,6.7568,6.7568,13.5135,13.5135,4.000000,4.000000,4.000000,8.000000,8.000000,96.000000,96.000000,96.000000,92.000000,92.000000,5.0,47.2973,42.4256,121.6216,126.4933,PENDING_AG03,FALSE,NOT_FOR_ENFORCEMENT,162.1621,1576.4095,168.9188,162.1621,6.7568,0.08194099,0.07866335,6.7568,162.1621,0.07866335,6.7568,6.7568,6.7568,13.5135,13.5135,162.1621,0.07866335,47.2973,42.4256,121.6216,126.4933,0.05899752,0.06136074,0.00327764,3.5789,6.0150,0.6188,6.0328,3.3121,73.6239,9.7500,,3.5789,2.1006,3.5263,4.2165,6.3019,6.3247,8.4329,2.1082,-2.1006,1.793587,2.391449,1.01493,15,53,21,5,0E-8,0.08194099,,0E-8,0.000000,0.796565,0.000000,,2026-03-23,2026-06-07,28,51,49,77,0.363636,,,0.000000,,,,,,,,GLOBAL_BASELINE_NO_ENTITY_RANKING,,,NOT_APPLICABLE_GLOBAL_BASELINE,HF9g-P5,,,,X 全窗基线 · 不参与实体赏罚,6879706,688,A168_HF9F_20260827_0900,2026-08-27 09:00:00
2026-06-05,147252457,550,0,12.4628710302,-12.4628710302,-12.4628710302,0E-7,5,3,0.38251141666666667,0.360364600000,-1.3632275744040137,-1.300066126134627,-1.3632275744040137,0.02214681666666667,ELIGIBLE,R03b_20260811_FULL_v1,L1_ELIGIBILITY,v2026-08-11,2026-03-21..2026-08-06,baccarat_bet02_101_all_pairs_incl_sentinel,round_win = game_pnl > 0 (decisive only),COMPATIBILITY_ONLY_NOT_PRODUCTION,2061.4691,1642.0932,168.9188,576,273,-0.08194099,,-0.08194099,-0.08194099,-168.9188,2061.4691,OK,0.0000,6.7568,4.0000,96.0000,AG03-UNRESOLVED,ALL5_LEVELS_bet23_to_bet27,6.7568,6.7568,6.7568,13.5135,13.5135,4.000000,4.000000,4.000000,8.000000,8.000000,96.000000,96.000000,96.000000,92.000000,92.000000,5.0,47.2973,42.4256,121.6216,126.4933,PENDING_AG03,FALSE,NOT_FOR_ENFORCEMENT,162.1621,1576.4095,168.9188,162.1621,6.7568,0.08194099,0.07866335,6.7568,162.1621,0.07866335,6.7568,6.7568,6.7568,13.5135,13.5135,162.1621,0.07866335,47.2973,42.4256,121.6216,126.4933,0.05899752,0.06136074,0.00327764,3.5789,6.0150,0.6188,6.0328,3.3121,73.6239,9.7500,,3.5789,2.1006,3.5263,4.2165,6.3019,6.3247,8.4329,2.1082,-2.1006,1.793587,2.391449,1.01493,15,53,21,5,0E-8,0.08194099,,0E-8,0.000000,0.796565,0.000000,,2026-03-23,2026-06-07,28,51,49,77,0.363636,,,0.000000,,,,,,,,GLOBAL_BASELINE_NO_ENTITY_RANKING,,,NOT_APPLICABLE_GLOBAL_BASELINE,HF9g-P5,,,,X 全窗基线 · 不参与实体赏罚,6879707,688,A168_HF9F_20260827_0900,2026-08-27 09:00:00
2026-06-06,147252457,-1,1,57.3292067385,-8.4020522195,-8.4020522195,0.1666667,16,6,0.39574185583867648,0.342313816667,-1.1474570266558404,-0.9067658572347747,-1.1474570266558404,0.05342803917167648,SENTINEL_DEALER,R03b_20260811_FULL_v1,L1_ELIGIBILITY,v2026-08-11,2026-03-21..2026-08-06,baccarat_bet02_101_all_pairs_incl_sentinel,round_win = game_pnl > 0 (decisive only),COMPATIBILITY_ONLY_NOT_PRODUCTION,2061.4691,1642.0932,168.9188,576,273,-0.08194099,,-0.08194099,-0.08194099,-168.9188,2061.4691,OK,0.0000,6.7568,4.0000,96.0000,AG03-UNRESOLVED,ALL5_LEVELS_bet23_to_bet27,6.7568,6.7568,6.7568,13.5135,13.5135,4.000000,4.000000,4.000000,8.000000,8.000000,96.000000,96.000000,96.000000,92.000000,92.000000,5.0,47.2973,42.4256,121.6216,126.4933,PENDING_AG03,FALSE,NOT_FOR_ENFORCEMENT,162.1621,1576.4095,168.9188,162.1621,6.7568,0.08194099,0.07866335,6.7568,162.1621,0.07866335,6.7568,6.7568,6.7568,13.5135,13.5135,162.1621,0.07866335,47.2973,42.4256,121.6216,126.4933,0.05899752,0.06136074,0.00327764,3.5789,6.0150,0.6188,6.0328,3.3121,73.6239,9.7500,,3.5789,2.1006,3.5263,4.2165,6.3019,6.3247,8.4329,2.1082,-2.1006,1.793587,2.391449,1.01493,15,53,21,5,0E-8,0.08194099,,0E-8,0.000000,0.796565,0.000000,,2026-03-23,2026-06-07,28,51,49,77,0.363636,,,0.000000,,,,,,,,GLOBAL_BASELINE_NO_ENTITY_RANKING,,,NOT_APPLICABLE_GLOBAL_BASELINE,HF9g-P5,,,,X 全窗基线 · 不参与实体赏罚,6879708,688,A168_HF9F_20260827_0900,2026-08-27 09:00:00
2026-06-06,147252457,1400,0,9.5548677897,-9.5548677897,-9.5548677897,0E-7,2,1,0.36332969130341034,0.300626750000,-0.7554281192137065,-0.655630731788307,-0.7554281192137065,0.06270294130341034,ELIGIBLE,R03b_20260811_FULL_v1,L1_ELIGIBILITY,v2026-08-11,2026-03-21..2026-08-06,baccarat_bet02_101_all_pairs_incl_sentinel,round_win = game_pnl > 0 (decisive only),COMPATIBILITY_ONLY_NOT_PRODUCTION,2061.4691,1642.0932,168.9188,576,273,-0.08194099,,-0.08194099,-0.08194099,-168.9188,2061.4691,OK,0.0000,6.7568,4.0000,96.0000,AG03-UNRESOLVED,ALL5_LEVELS_bet23_to_bet27,6.7568,6.7568,6.7568,13.5135,13.5135,4.000000,4.000000,4.000000,8.000000,8.000000,96.000000,96.000000,96.000000,92.000000,92.000000,5.0,47.2973,42.4256,121.6216,126.4933,PENDING_AG03,FALSE,NOT_FOR_ENFORCEMENT,162.1621,1576.4095,168.9188,162.1621,6.7568,0.08194099,0.07866335,6.7568,162.1621,0.07866335,6.7568,6.7568,6.7568,13.5135,13.5135,162.1621,0.07866335,47.2973,42.4256,121.6216,126.4933,0.05899752,0.06136074,0.00327764,3.5789,6.0150,0.6188,6.0328,3.3121,73.6239,9.7500,,3.5789,2.1006,3.5263,4.2165,6.3019,6.3247,8.4329,2.1082,-2.1006,1.793587,2.391449,1.01493,15,53,21,5,0E-8,0.08194099,,0E-8,0.000000,0.796565,0.000000,,2026-03-23,2026-06-07,28,51,49,77,0.363636,,,0.000000,,,,,,,,GLOBAL_BASELINE_NO_ENTITY_RANKING,,,NOT_APPLICABLE_GLOBAL_BASELINE,HF9g-P5,,,,X 全窗基线 · 不参与实体赏罚,6879709,688,A168_HF9F_20260827_0900,2026-08-27 09:00:00
2026-06-06,147252457,1947,0,16.6171613736,10.2818685997,10.2818685997,0.3333333,6,3,0.34343091666666667,0.298392550000,-0.03683139468392412,0.13226720629658262,-0.03683139468392412,0.04503836666666667,ELIGIBLE,R03b_20260811_FULL_v1,L1_ELIGIBILITY,v2026-08-11,2026-03-21..2026-08-06,baccarat_bet02_101_all_pairs_incl_sentinel,round_win = game_pnl > 0 (decisive only),COMPATIBILITY_ONLY_NOT_PRODUCTION,2061.4691,1642.0932,168.9188,576,273,-0.08194099,,-0.08194099,-0.08194099,-168.9188,2061.4691,OK,0.0000,6.7568,4.0000,96.0000,AG03-UNRESOLVED,ALL5_LEVELS_bet23_to_bet27,6.7568,6.7568,6.7568,13.5135,13.5135,4.000000,4.000000,4.000000,8.000000,8.000000,96.000000,96.000000,96.000000,92.000000,92.000000,5.0,47.2973,42.4256,121.6216,126.4933,PENDING_AG03,FALSE,NOT_FOR_ENFORCEMENT,162.1621,1576.4095,168.9188,162.1621,6.7568,0.08194099,0.07866335,6.7568,162.1621,0.07866335,6.7568,6.7568,6.7568,13.5135,13.5135,162.1621,0.07866335,47.2973,42.4256,121.6216,126.4933,0.05899752,0.06136074,0.00327764,3.5789,6.0150,0.6188,6.0328,3.3121,73.6239,9.7500,,3.5789,2.1006,3.5263,4.2165,6.3019,6.3247,8.4329,2.1082,-2.1006,1.793587,2.391449,1.01493,15,53,21,5,0E-8,0.08194099,,0E-8,0.000000,0.796565,0.000000,,2026-03-23,2026-06-07,28,51,49,77,0.363636,,,0.000000,,,,,,,,GLOBAL_BASELINE_NO_ENTITY_RANKING,,,NOT_APPLICABLE_GLOBAL_BASELINE,HF9g-P5,,,,X 全窗基线 · 不参与实体赏罚,6879710,688,A168_HF9F_20260827_0900,2026-08-27 09:00:00
2026-06-06,147252457,2115,0,12.6705855473,-8.6201524625,-8.6201524625,0E-7,5,2,0.35017588392704827,0.329378575000,-1.0381502246356906,-0.9911147944102192,-1.0381502246356906,0.02079730892704827,ELIGIBLE,R03b_20260811_FULL_v1,L1_ELIGIBILITY,v2026-08-11,2026-03-21..2026-08-06,baccarat_bet02_101_all_pairs_incl_sentinel,round_win = game_pnl > 0 (decisive only),COMPATIBILITY_ONLY_NOT_PRODUCTION,2061.4691,1642.0932,168.9188,576,273,-0.08194099,,-0.08194099,-0.08194099,-168.9188,2061.4691,OK,0.0000,6.7568,4.0000,96.0000,AG03-UNRESOLVED,ALL5_LEVELS_bet23_to_bet27,6.7568,6.7568,6.7568,13.5135,13.5135,4.000000,4.000000,4.000000,8.000000,8.000000,96.000000,96.000000,96.000000,92.000000,92.000000,5.0,47.2973,42.4256,121.6216,126.4933,PENDING_AG03,FALSE,NOT_FOR_ENFORCEMENT,162.1621,1576.4095,168.9188,162.1621,6.7568,0.08194099,0.07866335,6.7568,162.1621,0.07866335,6.7568,6.7568,6.7568,13.5135,13.5135,162.1621,0.07866335,47.2973,42.4256,121.6216,126.4933,0.05899752,0.06136074,0.00327764,3.5789,6.0150,0.6188,6.0328,3.3121,73.6239,9.7500,,3.5789,2.1006,3.5263,4.2165,6.3019,6.3247,8.4329,2.1082,-2.1006,1.793587,2.391449,1.01493,15,53,21,5,0E-8,0.08194099,,0E-8,0.000000,0.796565,0.000000,,2026-03-23,2026-06-07,28,51,49,77,0.363636,,,0.000000,,,,,,,,GLOBAL_BASELINE_NO_ENTITY_RANKING,,,NOT_APPLICABLE_GLOBAL_BASELINE,HF9g-P5,,,,X 全窗基线 · 不参与实体赏罚,6879711,688,A168_HF9F_20260827_0900,2026-08-27 09:00:00
2026-06-07,147252457,1994,0,51.0977712234,-10.4791973911,-10.4791973911,0.5000000,12,6,0.40838293521158041,0.342313816667,0.45656000012313663,0.8140436506015397,0.45656000012313663,0.06606911854458041,ELIGIBLE,R03b_20260811_FULL_v1,L1_ELIGIBILITY,v2026-08-11,2026-03-21..2026-08-06,baccarat_bet02_101_all_pairs_incl_sentinel,round_win = game_pnl > 0 (decisive only),COMPATIBILITY_ONLY_NOT_PRODUCTION,2061.4691,1642.0932,168.9188,576,273,-0.08194099,,-0.08194099,-0.08194099,-168.9188,2061.4691,OK,0.0000,6.7568,4.0000,96.0000,AG03-UNRESOLVED,ALL5_LEVELS_bet23_to_bet27,6.7568,6.7568,6.7568,13.5135,13.5135,4.000000,4.000000,4.000000,8.000000,8.000000,96.000000,96.000000,96.000000,92.000000,92.000000,5.0,47.2973,42.4256,121.6216,126.4933,PENDING_AG03,FALSE,NOT_FOR_ENFORCEMENT,162.1621,1576.4095,168.9188,162.1621,6.7568,0.08194099,0.07866335,6.7568,162.1621,0.07866335,6.7568,6.7568,6.7568,13.5135,13.5135,162.1621,0.07866335,47.2973,42.4256,121.6216,126.4933,0.05899752,0.06136074,0.00327764,3.5789,6.0150,0.6188,6.0328,3.3121,73.6239,9.7500,,3.5789,2.1006,3.5263,4.2165,6.3019,6.3247,8.4329,2.1082,-2.1006,1.793587,2.391449,1.01493,15,53,21,5,0E-8,0.08194099,,0E-8,0.000000,0.796565,0.000000,,2026-03-23,2026-06-07,28,51,49,77,0.363636,,,0.000000,,,,,,,,GLOBAL_BASELINE_NO_ENTITY_RANKING,,,NOT_APPLICABLE_GLOBAL_BASELINE,HF9g-P5,,,,X 全窗基线 · 不参与实体赏罚,6879712,688,A168_HF9F_20260827_0900,2026-08-27 09:00:00
2026-06-07,147252457,2174,0,4.1542903434,-4.1542903434,-4.1542903434,0E-7,2,1,0.30062675000000000,0.300626750000,-0.6556307317883069,-0.655630731788307,-0.6556307317883069,0E-17,ELIGIBLE,R03b_20260811_FULL_v1,L1_ELIGIBILITY,v2026-08-11,2026-03-21..2026-08-06,baccarat_bet02_101_all_pairs_incl_sentinel,round_win = game_pnl > 0 (decisive only),COMPATIBILITY_ONLY_NOT_PRODUCTION,2061.4691,1642.0932,168.9188,576,273,-0.08194099,,-0.08194099,-0.08194099,-168.9188,2061.4691,OK,0.0000,6.7568,4.0000,96.0000,AG03-UNRESOLVED,ALL5_LEVELS_bet23_to_bet27,6.7568,6.7568,6.7568,13.5135,13.5135,4.000000,4.000000,4.000000,8.000000,8.000000,96.000000,96.000000,96.000000,92.000000,92.000000,5.0,47.2973,42.4256,121.6216,126.4933,PENDING_AG03,FALSE,NOT_FOR_ENFORCEMENT,162.1621,1576.4095,168.9188,162.1621,6.7568,0.08194099,0.07866335,6.7568,162.1621,0.07866335,6.7568,6.7568,6.7568,13.5135,13.5135,162.1621,0.07866335,47.2973,42.4256,121.6216,126.4933,0.05899752,0.06136074,0.00327764,3.5789,6.0150,0.6188,6.0328,3.3121,73.6239,9.7500,,3.5789,2.1006,3.5263,4.2165,6.3019,6.3247,8.4329,2.1082,-2.1006,1.793587,2.391449,1.01493,15,53,21,5,0E-8,0.08194099,,0E-8,0.000000,0.796565,0.000000,,2026-03-23,2026-06-07,28,51,49,77,0.363636,,,0.000000,,,,,,,,GLOBAL_BASELINE_NO_ENTITY_RANKING,,,NOT_APPLICABLE_GLOBAL_BASELINE,HF9g-P5,,,,X 全窗基线 · 不参与实体赏罚,6879713,688,A168_HF9F_20260827_0900,2026-08-27 09:00:00
2026-04-25,149132254,-1,1,2.6175954768,2.6175954768,2.6175954768,1.0000000,1,1,0.49324550000000000,0.493245500000,1.01360149184955,1.01360149184955,1.01360149184955,0E-17,SENTINEL_DEALER,R03b_20260811_FULL_v1,L1_ELIGIBILITY,v2026-08-11,2026-03-21..2026-08-06,baccarat_bet02_101_all_pairs_incl_sentinel,round_win = game_pnl > 0 (decisive only),COMPATIBILITY_ONLY_NOT_PRODUCTION,2662.3816,2462.0220,168.9264,184,171,-0.06344934,-0.29282219,-0.04895274,-0.06344934,-168.9264,2662.3816,OK,0.0000,6.7571,4.0000,96.0000,AG03-UNRESOLVED,ALL5_LEVELS_bet23_to_bet27,6.7571,6.7571,6.7571,8.4463,8.4463,4.000000,4.000000,4.000000,5.000000,5.000000,96.000000,96.000000,96.000000,95.000000,95.000000,5.0,37.1638,34.043,131.7626,134.8834,PENDING_AG03,FALSE,NOT_FOR_ENFORCEMENT,162.1693,2363.5412,168.9264,162.1693,6.7571,0.06344934,0.06091137,6.7571,162.1693,0.06091137,6.7571,6.7571,6.7571,8.4463,8.4463,162.1693,0.06091137,37.1638,34.043,131.7626,134.8834,0.04949049,0.05066267,0.00253797,14.4695,14.3978,0.9879,9.9368,2.2828,156.6107,10.0588,12.1741,14.6440,10.1188,12.9729,18.5957,25.9457,26.8093,40.631,12.9729,-2.5818,2.066567,3.132001,1.115364,23,55,20,5,0.05944414,0.06344934,0.29282219,0E-8,0.000000,0.924744,0.000000,-0.24386945,2026-04-25,2026-07-16,17,74,69,83,0.204819,0.831337,0.841363,0.198147,,,,,,,,GLOBAL_BASELINE_NO_ENTITY_RANKING,,,NOT_APPLICABLE_GLOBAL_BASELINE,HF9g-P5,,,,X 全窗基线 · 不参与实体赏罚,6879714,688,A168_HF9F_20260827_0900,2026-08-27 09:00:00
2026-04-25,149132254,2121,0,5.2351909536,-5.2351909536,-5.2351909536,0E-7,1,1,0.49324550000000000,0.493245500000,-0.9865810262130424,-0.9865810262130424,-0.9865810262130424,0E-17,ELIGIBLE,R03b_20260811_FULL_v1,L1_ELIGIBILITY,v2026-08-11,2026-03-21..2026-08-06,baccarat_bet02_101_all_pairs_incl_sentinel,round_win = game_pnl > 0 (decisive only),COMPATIBILITY_ONLY_NOT_PRODUCTION,2662.3816,2462.0220,168.9264,184,171,-0.06344934,-0.29282219,-0.04895274,-0.06344934,-168.9264,2662.3816,OK,0.0000,6.7571,4.0000,96.0000,AG03-UNRESOLVED,ALL5_LEVELS_bet23_to_bet27,6.7571,6.7571,6.7571,8.4463,8.4463,4.000000,4.000000,4.000000,5.000000,5.000000,96.000000,96.000000,96.000000,95.000000,95.000000,5.0,37.1638,34.043,131.7626,134.8834,PENDING_AG03,FALSE,NOT_FOR_ENFORCEMENT,162.1693,2363.5412,168.9264,162.1693,6.7571,0.06344934,0.06091137,6.7571,162.1693,0.06091137,6.7571,6.7571,6.7571,8.4463,8.4463,162.1693,0.06091137,37.1638,34.043,131.7626,134.8834,0.04949049,0.05066267,0.00253797,14.4695,14.3978,0.9879,9.9368,2.2828,156.6107,10.0588,12.1741,14.6440,10.1188,12.9729,18.5957,25.9457,26.8093,40.631,12.9729,-2.5818,2.066567,3.132001,1.115364,23,55,20,5,0.05944414,0.06344934,0.29282219,0E-8,0.000000,0.924744,0.000000,-0.24386945,2026-04-25,2026-07-16,17,74,69,83,0.204819,0.831337,0.841363,0.198147,,,,,,,,GLOBAL_BASELINE_NO_ENTITY_RANKING,,,NOT_APPLICABLE_GLOBAL_BASELINE,HF9g-P5,,,,X 全窗基线 · 不参与实体赏罚,6879715,688,A168_HF9F_20260827_0900,2026-08-27 09:00:00
2026-04-27,149132254,1325,0,74.3397115411,34.6438761353,34.6438761353,0.6666667,4,4,0.50329940000000000,0.503299400000,0.5659331339966515,0.5659331339966515,0.5659331339966515,0E-17,ELIGIBLE,R03b_20260811_FULL_v1,L1_ELIGIBILITY,v2026-08-11,2026-03-21..2026-08-06,baccarat_bet02_101_all_pairs_incl_sentinel,round_win = game_pnl > 0 (decisive only),COMPATIBILITY_ONLY_NOT_PRODUCTION,2662.3816,2462.0220,168.9264,184,171,-0.06344934,-0.29282219,-0.04895274,-0.06344934,-168.9264,2662.3816,OK,0.0000,6.7571,4.0000,96.0000,AG03-UNRESOLVED,ALL5_LEVELS_bet23_to_bet27,6.7571,6.7571,6.7571,8.4463,8.4463,4.000000,4.000000,4.000000,5.000000,5.000000,96.000000,96.000000,96.000000,95.000000,95.000000,5.0,37.1638,34.043,131.7626,134.8834,PENDING_AG03,FALSE,NOT_FOR_ENFORCEMENT,162.1693,2363.5412,168.9264,162.1693,6.7571,0.06344934,0.06091137,6.7571,162.1693,0.06091137,6.7571,6.7571,6.7571,8.4463,8.4463,162.1693,0.06091137,37.1638,34.043,131.7626,134.8834,0.04949049,0.05066267,0.00253797,14.4695,14.3978,0.9879,9.9368,2.2828,156.6107,10.0588,12.1741,14.6440,10.1188,12.9729,18.5957,25.9457,26.8093,40.631,12.9729,-2.5818,2.066567,3.132001,1.115364,23,55,20,5,0.05944414,0.06344934,0.29282219,0E-8,0.000000,0.924744,0.000000,-0.24386945,2026-04-25,2026-07-16,17,74,69,83,0.204819,0.831337,0.841363,0.198147,,,,,,,,GLOBAL_BASELINE_NO_ENTITY_RANKING,,,NOT_APPLICABLE_GLOBAL_BASELINE,HF9g-P5,,,,X 全窗基线 · 不参与实体赏罚,6879716,688,A168_HF9F_20260827_0900,2026-08-27 09:00:00
2026-04-27,149132254,1384,0,78.5278643040,-19.6319660760,-19.6319660760,0.3333333,4,4,0.49324550000000000,0.493245500000,-0.5540025479526107,-0.5540025479526106,-0.5540025479526107,0E-17,ELIGIBLE,R03b_20260811_FULL_v1,L1_ELIGIBILITY,v2026-08-11,2026-03-21..2026-08-06,baccarat_bet02_101_all_pairs_incl_sentinel,round_win = game_pnl > 0 (decisive only),COMPATIBILITY_ONLY_NOT_PRODUCTION,2662.3816,2462.0220,168.9264,184,171,-0.06344934,-0.29282219,-0.04895274,-0.06344934,-168.9264,2662.3816,OK,0.0000,6.7571,4.0000,96.0000,AG03-UNRESOLVED,ALL5_LEVELS_bet23_to_bet27,6.7571,6.7571,6.7571,8.4463,8.4463,4.000000,4.000000,4.000000,5.000000,5.000000,96.000000,96.000000,96.000000,95.000000,95.000000,5.0,37.1638,34.043,131.7626,134.8834,PENDING_AG03,FALSE,NOT_FOR_ENFORCEMENT,162.1693,2363.5412,168.9264,162.1693,6.7571,0.06344934,0.06091137,6.7571,162.1693,0.06091137,6.7571,6.7571,6.7571,8.4463,8.4463,162.1693,0.06091137,37.1638,34.043,131.7626,134.8834,0.04949049,0.05066267,0.00253797,14.4695,14.3978,0.9879,9.9368,2.2828,156.6107,10.0588,12.1741,14.6440,10.1188,12.9729,18.5957,25.9457,26.8093,40.631,12.9729,-2.5818,2.066567,3.132001,1.115364,23,55,20,5,0.05944414,0.06344934,0.29282219,0E-8,0.000000,0.924744,0.000000,-0.24386945,2026-04-25,2026-07-16,17,74,69,83,0.204819,0.831337,0.841363,0.198147,,,,,,,,GLOBAL_BASELINE_NO_ENTITY_RANKING,,,NOT_APPLICABLE_GLOBAL_BASELINE,HF9g-P5,,,,X 全窗基线 · 不参与实体赏罚,6879717,688,A168_HF9F_20260827_0900,2026-08-27 09:00:00
2026-04-27,149132254,1714,0,26.9612334110,-26.9612334110,-26.9612334110,0E-7,1,1,0.50665070000000000,0.506650700000,-1.013391052207602,-1.013391052207602,-1.013391052207602,0E-17,ELIGIBLE,R03b_20260811_FULL_v1,L1_ELIGIBILITY,v2026-08-11,2026-03-21..2026-08-06,baccarat_bet02_101_all_pairs_incl_sentinel,round_win = game_pnl > 0 (decisive only),COMPATIBILITY_ONLY_NOT_PRODUCTION,2662.3816,2462.0220,168.9264,184,171,-0.06344934,-0.29282219,-0.04895274,-0.06344934,-168.9264,2662.3816,OK,0.0000,6.7571,4.0000,96.0000,AG03-UNRESOLVED,ALL5_LEVELS_bet23_to_bet27,6.7571,6.7571,6.7571,8.4463,8.4463,4.000000,4.000000,4.000000,5.000000,5.000000,96.000000,96.000000,96.000000,95.000000,95.000000,5.0,37.1638,34.043,131.7626,134.8834,PENDING_AG03,FALSE,NOT_FOR_ENFORCEMENT,162.1693,2363.5412,168.9264,162.1693,6.7571,0.06344934,0.06091137,6.7571,162.1693,0.06091137,6.7571,6.7571,6.7571,8.4463,8.4463,162.1693,0.06091137,37.1638,34.043,131.7626,134.8834,0.04949049,0.05066267,0.00253797,14.4695,14.3978,0.9879,9.9368,2.2828,156.6107,10.0588,12.1741,14.6440,10.1188,12.9729,18.5957,25.9457,26.8093,40.631,12.9729,-2.5818,2.066567,3.132001,1.115364,23,55,20,5,0.05944414,0.06344934,0.29282219,0E-8,0.000000,0.924744,0.000000,-0.24386945,2026-04-25,2026-07-16,17,74,69,83,0.204819,0.831337,0.841363,0.198147,,,,,,,,GLOBAL_BASELINE_NO_ENTITY_RANKING,,,NOT_APPLICABLE_GLOBAL_BASELINE,HF9g-P5,,,,X 全窗基线 · 不参与实体赏罚,6879718,688,A168_HF9F_20260827_0900,2026-08-27 09:00:00
2026-04-27,149132254,2167,0,13.0879773840,-13.0879773840,-13.0879773840,0E-7,1,1,0.50665070000000000,0.506650700000,-1.013391052207602,-1.013391052207602,-1.013391052207602,0E-17,ELIGIBLE,R03b_20260811_FULL_v1,L1_ELIGIBILITY,v2026-08-11,2026-03-21..2026-08-06,baccarat_bet02_101_all_pairs_incl_sentinel,round_win = game_pnl > 0 (decisive only),COMPATIBILITY_ONLY_NOT_PRODUCTION,2662.3816,2462.0220,168.9264,184,171,-0.06344934,-0.29282219,-0.04895274,-0.06344934,-168.9264,2662.3816,OK,0.0000,6.7571,4.0000,96.0000,AG03-UNRESOLVED,ALL5_LEVELS_bet23_to_bet27,6.7571,6.7571,6.7571,8.4463,8.4463,4.000000,4.000000,4.000000,5.000000,5.000000,96.000000,96.000000,96.000000,95.000000,95.000000,5.0,37.1638,34.043,131.7626,134.8834,PENDING_AG03,FALSE,NOT_FOR_ENFORCEMENT,162.1693,2363.5412,168.9264,162.1693,6.7571,0.06344934,0.06091137,6.7571,162.1693,0.06091137,6.7571,6.7571,6.7571,8.4463,8.4463,162.1693,0.06091137,37.1638,34.043,131.7626,134.8834,0.04949049,0.05066267,0.00253797,14.4695,14.3978,0.9879,9.9368,2.2828,156.6107,10.0588,12.1741,14.6440,10.1188,12.9729,18.5957,25.9457,26.8093,40.631,12.9729,-2.5818,2.066567,3.132001,1.115364,23,55,20,5,0.05944414,0.06344934,0.29282219,0E-8,0.000000,0.924744,0.000000,-0.24386945,2026-04-25,2026-07-16,17,74,69,83,0.204819,0.831337,0.841363,0.198147,,,,,,,,GLOBAL_BASELINE_NO_ENTITY_RANKING,,,NOT_APPLICABLE_GLOBAL_BASELINE,HF9g-P5,,,,X 全窗基线 · 不参与实体赏罚,6879719,688,A168_HF9F_20260827_0900,2026-08-27 09:00:00
2026-04-27,149132254,2169,0,27.4847525064,-1.9631966076,-1.9631966076,0.5000000,2,2,0.49994810000000000,0.499948100000,0.00014679536856514622,0.00014679536856514622,0.00014679536856514622,0E-17,ELIGIBLE,R03b_20260811_FULL_v1,L1_ELIGIBILITY,v2026-08-11,2026-03-21..2026-08-06,baccarat_bet02_101_all_pairs_incl_sentinel,round_win = game_pnl > 0 (decisive only),COMPATIBILITY_ONLY_NOT_PRODUCTION,2662.3816,2462.0220,168.9264,184,171,-0.06344934,-0.29282219,-0.04895274,-0.06344934,-168.9264,2662.3816,OK,0.0000,6.7571,4.0000,96.0000,AG03-UNRESOLVED,ALL5_LEVELS_bet23_to_bet27,6.7571,6.7571,6.7571,8.4463,8.4463,4.000000,4.000000,4.000000,5.000000,5.000000,96.000000,96.000000,96.000000,95.000000,95.000000,5.0,37.1638,34.043,131.7626,134.8834,PENDING_AG03,FALSE,NOT_FOR_ENFORCEMENT,162.1693,2363.5412,168.9264,162.1693,6.7571,0.06344934,0.06091137,6.7571,162.1693,0.06091137,6.7571,6.7571,6.7571,8.4463,8.4463,162.1693,0.06091137,37.1638,34.043,131.7626,134.8834,0.04949049,0.05066267,0.00253797,14.4695,14.3978,0.9879,9.9368,2.2828,156.6107,10.0588,12.1741,14.6440,10.1188,12.9729,18.5957,25.9457,26.8093,40.631,12.9729,-2.5818,2.066567,3.132001,1.115364,23,55,20,5,0.05944414,0.06344934,0.29282219,0E-8,0.000000,0.924744,0.000000,-0.24386945,2026-04-25,2026-07-16,17,74,69,83,0.204819,0.831337,0.841363,0.198147,,,,,,,,GLOBAL_BASELINE_NO_ENTITY_RANKING,,,NOT_APPLICABLE_GLOBAL_BASELINE,HF9g-P5,,,,X 全窗基线 · 不参与实体赏罚,6879720,688,A168_HF9F_20260827_0900,2026-08-27 09:00:00
2026-05-04,149132254,-1,1,300.4514555554,24.9338384098,24.9338384098,0.5333333,17,16,0.50136308468041578,0.490422903125,0.24764140145080085,0.33244375274911214,0.24764140145080085,0.01094018155541578,SENTINEL_DEALER,R03b_20260811_FULL_v1,L1_ELIGIBILITY,v2026-08-11,2026-03-21..2026-08-06,baccarat_bet02_101_all_pairs_incl_sentinel,round_win = game_pnl > 0 (decisive only),COMPATIBILITY_ONLY_NOT_PRODUCTION,2662.3816,2462.0220,168.9264,184,171,-0.06344934,-0.29282219,-0.04895274,-0.06344934,-168.9264,2662.3816,OK,0.0000,6.7571,4.0000,96.0000,AG03-UNRESOLVED,ALL5_LEVELS_bet23_to_bet27,6.7571,6.7571,6.7571,8.4463,8.4463,4.000000,4.000000,4.000000,5.000000,5.000000,96.000000,96.000000,96.000000,95.000000,95.000000,5.0,37.1638,34.043,131.7626,134.8834,PENDING_AG03,FALSE,NOT_FOR_ENFORCEMENT,162.1693,2363.5412,168.9264,162.1693,6.7571,0.06344934,0.06091137,6.7571,162.1693,0.06091137,6.7571,6.7571,6.7571,8.4463,8.4463,162.1693,0.06091137,37.1638,34.043,131.7626,134.8834,0.04949049,0.05066267,0.00253797,14.4695,14.3978,0.9879,9.9368,2.2828,156.6107,10.0588,12.1741,14.6440,10.1188,12.9729,18.5957,25.9457,26.8093,40.631,12.9729,-2.5818,2.066567,3.132001,1.115364,23,55,20,5,0.05944414,0.06344934,0.29282219,0E-8,0.000000,0.924744,0.000000,-0.24386945,2026-04-25,2026-07-16,17,74,69,83,0.204819,0.831337,0.841363,0.198147,,,,,,,,GLOBAL_BASELINE_NO_ENTITY_RANKING,,,NOT_APPLICABLE_GLOBAL_BASELINE,HF9g-P5,,,,X 全窗基线 · 不参与实体赏罚,6879721,688,A168_HF9F_20260827_0900,2026-08-27 09:00:00
2026-05-04,149132254,1094,0,23.3511493955,-23.3511493955,-23.3511493955,0E-7,2,1,0.46086759999921575,0.300626750000,-0.924571224142901,-0.655630731788307,-0.924571224142901,0.16024084999921575,ELIGIBLE,R03b_20260811_FULL_v1,L1_ELIGIBILITY,v2026-08-11,2026-03-21..2026-08-06,baccarat_bet02_101_all_pairs_incl_sentinel,round_win = game_pnl > 0 (decisive only),COMPATIBILITY_ONLY_NOT_PRODUCTION,2662.3816,2462.0220,168.9264,184,171,-0.06344934,-0.29282219,-0.04895274,-0.06344934,-168.9264,2662.3816,OK,0.0000,6.7571,4.0000,96.0000,AG03-UNRESOLVED,ALL5_LEVELS_bet23_to_bet27,6.7571,6.7571,6.7571,8.4463,8.4463,4.000000,4.000000,4.000000,5.000000,5.000000,96.000000,96.000000,96.000000,95.000000,95.000000,5.0,37.1638,34.043,131.7626,134.8834,PENDING_AG03,FALSE,NOT_FOR_ENFORCEMENT,162.1693,2363.5412,168.9264,162.1693,6.7571,0.06344934,0.06091137,6.7571,162.1693,0.06091137,6.7571,6.7571,6.7571,8.4463,8.4463,162.1693,0.06091137,37.1638,34.043,131.7626,134.8834,0.04949049,0.05066267,0.00253797,14.4695,14.3978,0.9879,9.9368,2.2828,156.6107,10.0588,12.1741,14.6440,10.1188,12.9729,18.5957,25.9457,26.8093,40.631,12.9729,-2.5818,2.066567,3.132001,1.115364,23,55,20,5,0.05944414,0.06344934,0.29282219,0E-8,0.000000,0.924744,0.000000,-0.24386945,2026-04-25,2026-07-16,17,74,69,83,0.204819,0.831337,0.841363,0.198147,,,,,,,,GLOBAL_BASELINE_NO_ENTITY_RANKING,,,NOT_APPLICABLE_GLOBAL_BASELINE,HF9g-P5,,,,X 全窗基线 · 不参与实体赏罚,6879722,688,A168_HF9F_20260827_0900,2026-08-27 09:00:00
2026-05-04,149132254,1291,0,23.3511493955,23.3511493955,23.3511493955,1.0000000,1,1,0.49324550000000000,0.493245500000,1.01360149184955,1.01360149184955,1.01360149184955,0E-17,ELIGIBLE,R03b_20260811_FULL_v1,L1_ELIGIBILITY,v2026-08-11,2026-03-21..2026-08-06,baccarat_bet02_101_all_pairs_incl_sentinel,round_win = game_pnl > 0 (decisive only),COMPATIBILITY_ONLY_NOT_PRODUCTION,2662.3816,2462.0220,168.9264,184,171,-0.06344934,-0.29282219,-0.04895274,-0.06344934,-168.9264,2662.3816,OK,0.0000,6.7571,4.0000,96.0000,AG03-UNRESOLVED,ALL5_LEVELS_bet23_to_bet27,6.7571,6.7571,6.7571,8.4463,8.4463,4.000000,4.000000,4.000000,5.000000,5.000000,96.000000,96.000000,96.000000,95.000000,95.000000,5.0,37.1638,34.043,131.7626,134.8834,PENDING_AG03,FALSE,NOT_FOR_ENFORCEMENT,162.1693,2363.5412,168.9264,162.1693,6.7571,0.06344934,0.06091137,6.7571,162.1693,0.06091137,6.7571,6.7571,6.7571,8.4463,8.4463,162.1693,0.06091137,37.1638,34.043,131.7626,134.8834,0.04949049,0.05066267,0.00253797,14.4695,14.3978,0.9879,9.9368,2.2828,156.6107,10.0588,12.1741,14.6440,10.1188,12.9729,18.5957,25.9457,26.8093,40.631,12.9729,-2.5818,2.066567,3.132001,1.115364,23,55,20,5,0.05944414,0.06344934,0.29282219,0E-8,0.000000,0.924744,0.000000,-0.24386945,2026-04-25,2026-07-16,17,74,69,83,0.204819,0.831337,0.841363,0.198147,,,,,,,,GLOBAL_BASELINE_NO_ENTITY_RANKING,,,NOT_APPLICABLE_GLOBAL_BASELINE,HF9g-P5,,,,X 全窗基线 · 不参与实体赏罚,6879723,688,A168_HF9F_20260827_0900,2026-08-27 09:00:00
2026-05-04,149132254,1318,0,106.3774583573,35.7013128534,35.7013128534,0.6666667,8,7,0.49524417857130663,0.476261192857,0.8398332438268191,0.9338456057498339,0.8398332438268191,0.01898298571430663,ELIGIBLE,R03b_20260811_FULL_v1,L1_ELIGIBILITY,v2026-08-11,2026-03-21..2026-08-06,baccarat_bet02_101_all_pairs_incl_sentinel,round_win = game_pnl > 0 (decisive only),COMPATIBILITY_ONLY_NOT_PRODUCTION,2662.3816,2462.0220,168.9264,184,171,-0.06344934,-0.29282219,-0.04895274,-0.06344934,-168.9264,2662.3816,OK,0.0000,6.7571,4.0000,96.0000,AG03-UNRESOLVED,ALL5_LEVELS_bet23_to_bet27,6.7571,6.7571,6.7571,8.4463,8.4463,4.000000,4.000000,4.000000,5.000000,5.000000,96.000000,96.000000,96.000000,95.000000,95.000000,5.0,37.1638,34.043,131.7626,134.8834,PENDING_AG03,FALSE,NOT_FOR_ENFORCEMENT,162.1693,2363.5412,168.9264,162.1693,6.7571,0.06344934,0.06091137,6.7571,162.1693,0.06091137,6.7571,6.7571,6.7571,8.4463,8.4463,162.1693,0.06091137,37.1638,34.043,131.7626,134.8834,0.04949049,0.05066267,0.00253797,14.4695,14.3978,0.9879,9.9368,2.2828,156.6107,10.0588,12.1741,14.6440,10.1188,12.9729,18.5957,25.9457,26.8093,40.631,12.9729,-2.5818,2.066567,3.132001,1.115364,23,55,20,5,0.05944414,0.06344934,0.29282219,0E-8,0.000000,0.924744,0.000000,-0.24386945,2026-04-25,2026-07-16,17,74,69,83,0.204819,0.831337,0.841363,0.198147,,,,,,,,GLOBAL_BASELINE_NO_ENTITY_RANKING,,,NOT_APPLICABLE_GLOBAL_BASELINE,HF9g-P5,,,,X 全窗基线 · 不参与实体赏罚,6879724,688,A168_HF9F_20260827_0900,2026-08-27 09:00:00
2026-05-04,149132254,1325,0,238.7006382649,6.7458876029,6.7458876029,0.6000000,13,10,0.49323255999989102,0.468049285000,0.6753184403222418,0.836238688585363,0.6753184403222418,0.02518327499989102,ELIGIBLE,R03b_20260811_FULL_v1,L1_ELIGIBILITY,v2026-08-11,2026-03-21..2026-08-06,baccarat_bet02_101_all_pairs_incl_sentinel,round_win = game_pnl > 0 (decisive only),COMPATIBILITY_ONLY_NOT_PRODUCTION,2662.3816,2462.0220,168.9264,184,171,-0.06344934,-0.29282219,-0.04895274,-0.06344934,-168.9264,2662.3816,OK,0.0000,6.7571,4.0000,96.0000,AG03-UNRESOLVED,ALL5_LEVELS_bet23_to_bet27,6.7571,6.7571,6.7571,8.4463,8.4463,4.000000,4.000000,4.000000,5.000000,5.000000,96.000000,96.000000,96.000000,95.000000,95.000000,5.0,37.1638,34.043,131.7626,134.8834,PENDING_AG03,FALSE,NOT_FOR_ENFORCEMENT,162.1693,2363.5412,168.9264,162.1693,6.7571,0.06344934,0.06091137,6.7571,162.1693,0.06091137,6.7571,6.7571,6.7571,8.4463,8.4463,162.1693,0.06091137,37.1638,34.043,131.7626,134.8834,0.04949049,0.05066267,0.00253797,14.4695,14.3978,0.9879,9.9368,2.2828,156.6107,10.0588,12.1741,14.6440,10.1188,12.9729,18.5957,25.9457,26.8093,40.631,12.9729,-2.5818,2.066567,3.132001,1.115364,23,55,20,5,0.05944414,0.06344934,0.29282219,0E-8,0.000000,0.924744,0.000000,-0.24386945,2026-04-25,2026-07-16,17,74,69,83,0.204819,0.831337,0.841363,0.198147,,,,,,,,GLOBAL_BASELINE_NO_ENTITY_RANKING,,,NOT_APPLICABLE_GLOBAL_BASELINE,HF9g-P5,,,,X 全窗基线 · 不参与实体赏罚,6879725,688,A168_HF9F_20260827_0900,2026-08-27 09:00:00
2026-05-04,149132254,1402,0,52.1509003165,-1.5567432930,-1.5567432930,0.5000000,2,2,0.50665070000000000,0.506650700000,-0.018812684590367487,-0.018812684590367487,-0.018812684590367487,0E-17,ELIGIBLE,R03b_20260811_FULL_v1,L1_ELIGIBILITY,v2026-08-11,2026-03-21..2026-08-06,baccarat_bet02_101_all_pairs_incl_sentinel,round_win = game_pnl > 0 (decisive only),COMPATIBILITY_ONLY_NOT_PRODUCTION,2662.3816,2462.0220,168.9264,184,171,-0.06344934,-0.29282219,-0.04895274,-0.06344934,-168.9264,2662.3816,OK,0.0000,6.7571,4.0000,96.0000,AG03-UNRESOLVED,ALL5_LEVELS_bet23_to_bet27,6.7571,6.7571,6.7571,8.4463,8.4463,4.000000,4.000000,4.000000,5.000000,5.000000,96.000000,96.000000,96.000000,95.000000,95.000000,5.0,37.1638,34.043,131.7626,134.8834,PENDING_AG03,FALSE,NOT_FOR_ENFORCEMENT,162.1693,2363.5412,168.9264,162.1693,6.7571,0.06344934,0.06091137,6.7571,162.1693,0.06091137,6.7571,6.7571,6.7571,8.4463,8.4463,162.1693,0.06091137,37.1638,34.043,131.7626,134.8834,0.04949049,0.05066267,0.00253797,14.4695,14.3978,0.9879,9.9368,2.2828,156.6107,10.0588,12.1741,14.6440,10.1188,12.9729,18.5957,25.9457,26.8093,40.631,12.9729,-2.5818,2.066567,3.132001,1.115364,23,55,20,5,0.05944414,0.06344934,0.29282219,0E-8,0.000000,0.924744,0.000000,-0.24386945,2026-04-25,2026-07-16,17,74,69,83,0.204819,0.831337,0.841363,0.198147,,,,,,,,GLOBAL_BASELINE_NO_ENTITY_RANKING,,,NOT_APPLICABLE_GLOBAL_BASELINE,HF9g-P5,,,,X 全窗基线 · 不参与实体赏罚,6879726,688,A168_HF9F_20260827_0900,2026-08-27 09:00:00
2026-05-04,149132254,1505,0,93.6640547976,-2.9967308391,-2.9967308391,0.5000000,7,7,0.50090561428571429,0.500905614286,-0.00443659308478647,-0.004436593086186165,-0.00443659308478647,-2.8571E-13,ELIGIBLE,R03b_20260811_FULL_v1,L1_ELIGIBILITY,v2026-08-11,2026-03-21..2026-08-06,baccarat_bet02_101_all_pairs_incl_sentinel,round_win = game_pnl > 0 (decisive only),COMPATIBILITY_ONLY_NOT_PRODUCTION,2662.3816,2462.0220,168.9264,184,171,-0.06344934,-0.29282219,-0.04895274,-0.06344934,-168.9264,2662.3816,OK,0.0000,6.7571,4.0000,96.0000,AG03-UNRESOLVED,ALL5_LEVELS_bet23_to_bet27,6.7571,6.7571,6.7571,8.4463,8.4463,4.000000,4.000000,4.000000,5.000000,5.000000,96.000000,96.000000,96.000000,95.000000,95.000000,5.0,37.1638,34.043,131.7626,134.8834,PENDING_AG03,FALSE,NOT_FOR_ENFORCEMENT,162.1693,2363.5412,168.9264,162.1693,6.7571,0.06344934,0.06091137,6.7571,162.1693,0.06091137,6.7571,6.7571,6.7571,8.4463,8.4463,162.1693,0.06091137,37.1638,34.043,131.7626,134.8834,0.04949049,0.05066267,0.00253797,14.4695,14.3978,0.9879,9.9368,2.2828,156.6107,10.0588,12.1741,14.6440,10.1188,12.9729,18.5957,25.9457,26.8093,40.631,12.9729,-2.5818,2.066567,3.132001,1.115364,23,55,20,5,0.05944414,0.06344934,0.29282219,0E-8,0.000000,0.924744,0.000000,-0.24386945,2026-04-25,2026-07-16,17,74,69,83,0.204819,0.831337,0.841363,0.198147,,,,,,,,GLOBAL_BASELINE_NO_ENTITY_RANKING,,,NOT_APPLICABLE_GLOBAL_BASELINE,HF9g-P5,,,,X 全窗基线 · 不参与实体赏罚,6879727,688,A168_HF9F_20260827_0900,2026-08-27 09:00:00
2026-05-04,149132254,1750,0,39.4374967568,-13.1285351045,-13.1285351045,0.5000000,2,2,0.49994810000000000,0.499948100000,0.00014679536856514622,0.00014679536856514622,0.00014679536856514622,0E-17,ELIGIBLE,R03b_20260811_FULL_v1,L1_ELIGIBILITY,v2026-08-11,2026-03-21..2026-08-06,baccarat_bet02_101_all_pairs_incl_sentinel,round_win = game_pnl > 0 (decisive only),COMPATIBILITY_ONLY_NOT_PRODUCTION,2662.3816,2462.0220,168.9264,184,171,-0.06344934,-0.29282219,-0.04895274,-0.06344934,-168.9264,2662.3816,OK,0.0000,6.7571,4.0000,96.0000,AG03-UNRESOLVED,ALL5_LEVELS_bet23_to_bet27,6.7571,6.7571,6.7571,8.4463,8.4463,4.000000,4.000000,4.000000,5.000000,5.000000,96.000000,96.000000,96.000000,95.000000,95.000000,5.0,37.1638,34.043,131.7626,134.8834,PENDING_AG03,FALSE,NOT_FOR_ENFORCEMENT,162.1693,2363.5412,168.9264,162.1693,6.7571,0.06344934,0.06091137,6.7571,162.1693,0.06091137,6.7571,6.7571,6.7571,8.4463,8.4463,162.1693,0.06091137,37.1638,34.043,131.7626,134.8834,0.04949049,0.05066267,0.00253797,14.4695,14.3978,0.9879,9.9368,2.2828,156.6107,10.0588,12.1741,14.6440,10.1188,12.9729,18.5957,25.9457,26.8093,40.631,12.9729,-2.5818,2.066567,3.132001,1.115364,23,55,20,5,0.05944414,0.06344934,0.29282219,0E-8,0.000000,0.924744,0.000000,-0.24386945,2026-04-25,2026-07-16,17,74,69,83,0.204819,0.831337,0.841363,0.198147,,,,,,,,GLOBAL_BASELINE_NO_ENTITY_RANKING,,,NOT_APPLICABLE_GLOBAL_BASELINE,HF9g-P5,,,,X 全窗基线 · 不参与实体赏罚,6879728,688,A168_HF9F_20260827_0900,2026-08-27 09:00:00
2026-05-04,149132254,2121,0,12.9728607753,-12.9728607753,-12.9728607753,0E-7,1,1,0.50665070000000000,0.506650700000,-1.013391052207602,-1.013391052207602,-1.013391052207602,0E-17,ELIGIBLE,R03b_20260811_FULL_v1,L1_ELIGIBILITY,v2026-08-11,2026-03-21..2026-08-06,baccarat_bet02_101_all_pairs_incl_sentinel,round_win = game_pnl > 0 (decisive only),COMPATIBILITY_ONLY_NOT_PRODUCTION,2662.3816,2462.0220,168.9264,184,171,-0.06344934,-0.29282219,-0.04895274,-0.06344934,-168.9264,2662.3816,OK,0.0000,6.7571,4.0000,96.0000,AG03-UNRESOLVED,ALL5_LEVELS_bet23_to_bet27,6.7571,6.7571,6.7571,8.4463,8.4463,4.000000,4.000000,4.000000,5.000000,5.000000,96.000000,96.000000,96.000000,95.000000,95.000000,5.0,37.1638,34.043,131.7626,134.8834,PENDING_AG03,FALSE,NOT_FOR_ENFORCEMENT,162.1693,2363.5412,168.9264,162.1693,6.7571,0.06344934,0.06091137,6.7571,162.1693,0.06091137,6.7571,6.7571,6.7571,8.4463,8.4463,162.1693,0.06091137,37.1638,34.043,131.7626,134.8834,0.04949049,0.05066267,0.00253797,14.4695,14.3978,0.9879,9.9368,2.2828,156.6107,10.0588,12.1741,14.6440,10.1188,12.9729,18.5957,25.9457,26.8093,40.631,12.9729,-2.5818,2.066567,3.132001,1.115364,23,55,20,5,0.05944414,0.06344934,0.29282219,0E-8,0.000000,0.924744,0.000000,-0.24386945,2026-04-25,2026-07-16,17,74,69,83,0.204819,0.831337,0.841363,0.198147,,,,,,,,GLOBAL_BASELINE_NO_ENTITY_RANKING,,,NOT_APPLICABLE_GLOBAL_BASELINE,HF9g-P5,,,,X 全窗基线 · 不参与实体赏罚,6879729,688,A168_HF9F_20260827_0900,2026-08-27 09:00:00
2026-05-04,149132254,2127,0,14.2701468528,-14.2701468528,-14.2701468528,0E-7,1,1,0.50665070000000000,0.506650700000,-1.013391052207602,-1.013391052207602,-1.013391052207602,0E-17,ELIGIBLE,R03b_20260811_FULL_v1,L1_ELIGIBILITY,v2026-08-11,2026-03-21..2026-08-06,baccarat_bet02_101_all_pairs_incl_sentinel,round_win = game_pnl > 0 (decisive only),COMPATIBILITY_ONLY_NOT_PRODUCTION,2662.3816,2462.0220,168.9264,184,171,-0.06344934,-0.29282219,-0.04895274,-0.06344934,-168.9264,2662.3816,OK,0.0000,6.7571,4.0000,96.0000,AG03-UNRESOLVED,ALL5_LEVELS_bet23_to_bet27,6.7571,6.7571,6.7571,8.4463,8.4463,4.000000,4.000000,4.000000,5.000000,5.000000,96.000000,96.000000,96.000000,95.000000,95.000000,5.0,37.1638,34.043,131.7626,134.8834,PENDING_AG03,FALSE,NOT_FOR_ENFORCEMENT,162.1693,2363.5412,168.9264,162.1693,6.7571,0.06344934,0.06091137,6.7571,162.1693,0.06091137,6.7571,6.7571,6.7571,8.4463,8.4463,162.1693,0.06091137,37.1638,34.043,131.7626,134.8834,0.04949049,0.05066267,0.00253797,14.4695,14.3978,0.9879,9.9368,2.2828,156.6107,10.0588,12.1741,14.6440,10.1188,12.9729,18.5957,25.9457,26.8093,40.631,12.9729,-2.5818,2.066567,3.132001,1.115364,23,55,20,5,0.05944414,0.06344934,0.29282219,0E-8,0.000000,0.924744,0.000000,-0.24386945,2026-04-25,2026-07-16,17,74,69,83,0.204819,0.831337,0.841363,0.198147,,,,,,,,GLOBAL_BASELINE_NO_ENTITY_RANKING,,,NOT_APPLICABLE_GLOBAL_BASELINE,HF9g-P5,,,,X 全窗基线 · 不参与实体赏罚,6879730,688,A168_HF9F_20260827_0900,2026-08-27 09:00:00
2026-05-04,149132254,2145,0,125.8367495204,-48.6093093252,-48.6093093252,0.4000000,11,6,0.46616866678331232,0.404932752778,-0.2965949936904655,-0.022469834594342382,-0.2965949936904655,0.06123591400531232,ELIGIBLE,R03b_20260811_FULL_v1,L1_ELIGIBILITY,v2026-08-11,2026-03-21..2026-08-06,baccarat_bet02_101_all_pairs_incl_sentinel,round_win = game_pnl > 0 (decisive only),COMPATIBILITY_ONLY_NOT_PRODUCTION,2662.3816,2462.0220,168.9264,184,171,-0.06344934,-0.29282219,-0.04895274,-0.06344934,-168.9264,2662.3816,OK,0.0000,6.7571,4.0000,96.0000,AG03-UNRESOLVED,ALL5_LEVELS_bet23_to_bet27,6.7571,6.7571,6.7571,8.4463,8.4463,4.000000,4.000000,4.000000,5.000000,5.000000,96.000000,96.000000,96.000000,95.000000,95.000000,5.0,37.1638,34.043,131.7626,134.8834,PENDING_AG03,FALSE,NOT_FOR_ENFORCEMENT,162.1693,2363.5412,168.9264,162.1693,6.7571,0.06344934,0.06091137,6.7571,162.1693,0.06091137,6.7571,6.7571,6.7571,8.4463,8.4463,162.1693,0.06091137,37.1638,34.043,131.7626,134.8834,0.04949049,0.05066267,0.00253797,14.4695,14.3978,0.9879,9.9368,2.2828,156.6107,10.0588,12.1741,14.6440,10.1188,12.9729,18.5957,25.9457,26.8093,40.631,12.9729,-2.5818,2.066567,3.132001,1.115364,23,55,20,5,0.05944414,0.06344934,0.29282219,0E-8,0.000000,0.924744,0.000000,-0.24386945,2026-04-25,2026-07-16,17,74,69,83,0.204819,0.831337,0.841363,0.198147,,,,,,,,GLOBAL_BASELINE_NO_ENTITY_RANKING,,,NOT_APPLICABLE_GLOBAL_BASELINE,HF9g-P5,,,,X 全窗基线 · 不参与实体赏罚,6879731,688,A168_HF9F_20260827_0900,2026-08-27 09:00:00
2026-05-04,149132254,2188,0,80.4317368066,-15.5674329303,-15.5674329303,0.3333333,4,4,0.49659680000000000,0.496596800000,-0.5655743394288276,-0.5655743394288276,-0.5655743394288276,0E-17,ELIGIBLE,R03b_20260811_FULL_v1,L1_ELIGIBILITY,v2026-08-11,2026-03-21..2026-08-06,baccarat_bet02_101_all_pairs_incl_sentinel,round_win = game_pnl > 0 (decisive only),COMPATIBILITY_ONLY_NOT_PRODUCTION,2662.3816,2462.0220,168.9264,184,171,-0.06344934,-0.29282219,-0.04895274,-0.06344934,-168.9264,2662.3816,OK,0.0000,6.7571,4.0000,96.0000,AG03-UNRESOLVED,ALL5_LEVELS_bet23_to_bet27,6.7571,6.7571,6.7571,8.4463,8.4463,4.000000,4.000000,4.000000,5.000000,5.000000,96.000000,96.000000,96.000000,95.000000,95.000000,5.0,37.1638,34.043,131.7626,134.8834,PENDING_AG03,FALSE,NOT_FOR_ENFORCEMENT,162.1693,2363.5412,168.9264,162.1693,6.7571,0.06344934,0.06091137,6.7571,162.1693,0.06091137,6.7571,6.7571,6.7571,8.4463,8.4463,162.1693,0.06091137,37.1638,34.043,131.7626,134.8834,0.04949049,0.05066267,0.00253797,14.4695,14.3978,0.9879,9.9368,2.2828,156.6107,10.0588,12.1741,14.6440,10.1188,12.9729,18.5957,25.9457,26.8093,40.631,12.9729,-2.5818,2.066567,3.132001,1.115364,23,55,20,5,0.05944414,0.06344934,0.29282219,0E-8,0.000000,0.924744,0.000000,-0.24386945,2026-04-25,2026-07-16,17,74,69,83,0.204819,0.831337,0.841363,0.198147,,,,,,,,GLOBAL_BASELINE_NO_ENTITY_RANKING,,,NOT_APPLICABLE_GLOBAL_BASELINE,HF9g-P5,,,,X 全窗基线 · 不参与实体赏罚,6879732,688,A168_HF9F_20260827_0900,2026-08-27 09:00:00
2026-05-04,149132254,2241,0,12.9728607753,-12.9728607753,-12.9728607753,0E-7,1,1,0.49324550000000000,0.493245500000,-0.9865810262130424,-0.9865810262130424,-0.9865810262130424,0E-17,ELIGIBLE,R03b_20260811_FULL_v1,L1_ELIGIBILITY,v2026-08-11,2026-03-21..2026-08-06,baccarat_bet02_101_all_pairs_incl_sentinel,round_win = game_pnl > 0 (decisive only),COMPATIBILITY_ONLY_NOT_PRODUCTION,2662.3816,2462.0220,168.9264,184,171,-0.06344934,-0.29282219,-0.04895274,-0.06344934,-168.9264,2662.3816,OK,0.0000,6.7571,4.0000,96.0000,AG03-UNRESOLVED,ALL5_LEVELS_bet23_to_bet27,6.7571,6.7571,6.7571,8.4463,8.4463,4.000000,4.000000,4.000000,5.000000,5.000000,96.000000,96.000000,96.000000,95.000000,95.000000,5.0,37.1638,34.043,131.7626,134.8834,PENDING_AG03,FALSE,NOT_FOR_ENFORCEMENT,162.1693,2363.5412,168.9264,162.1693,6.7571,0.06344934,0.06091137,6.7571,162.1693,0.06091137,6.7571,6.7571,6.7571,8.4463,8.4463,162.1693,0.06091137,37.1638,34.043,131.7626,134.8834,0.04949049,0.05066267,0.00253797,14.4695,14.3978,0.9879,9.9368,2.2828,156.6107,10.0588,12.1741,14.6440,10.1188,12.9729,18.5957,25.9457,26.8093,40.631,12.9729,-2.5818,2.066567,3.132001,1.115364,23,55,20,5,0.05944414,0.06344934,0.29282219,0E-8,0.000000,0.924744,0.000000,-0.24386945,2026-04-25,2026-07-16,17,74,69,83,0.204819,0.831337,0.841363,0.198147,,,,,,,,GLOBAL_BASELINE_NO_ENTITY_RANKING,,,NOT_APPLICABLE_GLOBAL_BASELINE,HF9g-P5,,,,X 全窗基线 · 不参与实体赏罚,6879733,688,A168_HF9F_20260827_0900,2026-08-27 09:00:00
2026-05-04,149132254,2256,0,12.9728607753,0E-10,0E-10,,1,1,0.49324550000000000,0.493245500000,,,,0E-17,NO_DECISIVE_ROUND,R03b_20260811_FULL_v1,L1_ELIGIBILITY,v2026-08-11,2026-03-21..2026-08-06,baccarat_bet02_101_all_pairs_incl_sentinel,round_win = game_pnl > 0 (decisive only),COMPATIBILITY_ONLY_NOT_PRODUCTION,2662.3816,2462.0220,168.9264,184,171,-0.06344934,-0.29282219,-0.04895274,-0.06344934,-168.9264,2662.3816,OK,0.0000,6.7571,4.0000,96.0000,AG03-UNRESOLVED,ALL5_LEVELS_bet23_to_bet27,6.7571,6.7571,6.7571,8.4463,8.4463,4.000000,4.000000,4.000000,5.000000,5.000000,96.000000,96.000000,96.000000,95.000000,95.000000,5.0,37.1638,34.043,131.7626,134.8834,PENDING_AG03,FALSE,NOT_FOR_ENFORCEMENT,162.1693,2363.5412,168.9264,162.1693,6.7571,0.06344934,0.06091137,6.7571,162.1693,0.06091137,6.7571,6.7571,6.7571,8.4463,8.4463,162.1693,0.06091137,37.1638,34.043,131.7626,134.8834,0.04949049,0.05066267,0.00253797,14.4695,14.3978,0.9879,9.9368,2.2828,156.6107,10.0588,12.1741,14.6440,10.1188,12.9729,18.5957,25.9457,26.8093,40.631,12.9729,-2.5818,2.066567,3.132001,1.115364,23,55,20,5,0.05944414,0.06344934,0.29282219,0E-8,0.000000,0.924744,0.000000,-0.24386945,2026-04-25,2026-07-16,17,74,69,83,0.204819,0.831337,0.841363,0.198147,,,,,,,,GLOBAL_BASELINE_NO_ENTITY_RANKING,,,NOT_APPLICABLE_GLOBAL_BASELINE,HF9g-P5,,,,X 全窗基线 · 不参与实体赏罚,6879734,688,A168_HF9F_20260827_0900,2026-08-27 09:00:00
2026-05-04,149132254,462,0,13.4917752063,12.8171864460,12.8171864460,1.0000000,1,1,0.50665070000000000,0.506650700000,0.9867858985152569,0.9867858985152569,0.9867858985152569,0E-17,ELIGIBLE,R03b_20260811_FULL_v1,L1_ELIGIBILITY,v2026-08-11,2026-03-21..2026-08-06,baccarat_bet02_101_all_pairs_incl_sentinel,round_win = game_pnl > 0 (decisive only),COMPATIBILITY_ONLY_NOT_PRODUCTION,2662.3816,2462.0220,168.9264,184,171,-0.06344934,-0.29282219,-0.04895274,-0.06344934,-168.9264,2662.3816,OK,0.0000,6.7571,4.0000,96.0000,AG03-UNRESOLVED,ALL5_LEVELS_bet23_to_bet27,6.7571,6.7571,6.7571,8.4463,8.4463,4.000000,4.000000,4.000000,5.000000,5.000000,96.000000,96.000000,96.000000,95.000000,95.000000,5.0,37.1638,34.043,131.7626,134.8834,PENDING_AG03,FALSE,NOT_FOR_ENFORCEMENT,162.1693,2363.5412,168.9264,162.1693,6.7571,0.06344934,0.06091137,6.7571,162.1693,0.06091137,6.7571,6.7571,6.7571,8.4463,8.4463,162.1693,0.06091137,37.1638,34.043,131.7626,134.8834,0.04949049,0.05066267,0.00253797,14.4695,14.3978,0.9879,9.9368,2.2828,156.6107,10.0588,12.1741,14.6440,10.1188,12.9729,18.5957,25.9457,26.8093,40.631,12.9729,-2.5818,2.066567,3.132001,1.115364,23,55,20,5,0.05944414,0.06344934,0.29282219,0E-8,0.000000,0.924744,0.000000,-0.24386945,2026-04-25,2026-07-16,17,74,69,83,0.204819,0.831337,0.841363,0.198147,,,,,,,,GLOBAL_BASELINE_NO_ENTITY_RANKING,,,NOT_APPLICABLE_GLOBAL_BASELINE,HF9g-P5,,,,X 全窗基线 · 不参与实体赏罚,6879735,688,A168_HF9F_20260827_0900,2026-08-27 09:00:00
2026-05-04,149132254,919,0,13.7512324218,-13.7512324218,-13.7512324218,0E-7,1,1,0.50665070000000000,0.506650700000,-1.013391052207602,-1.013391052207602,-1.013391052207602,0E-17,ELIGIBLE,R03b_20260811_FULL_v1,L1_ELIGIBILITY,v2026-08-11,2026-03-21..2026-08-06,baccarat_bet02_101_all_pairs_incl_sentinel,round_win = game_pnl > 0 (decisive only),COMPATIBILITY_ONLY_NOT_PRODUCTION,2662.3816,2462.0220,168.9264,184,171,-0.06344934,-0.29282219,-0.04895274,-0.06344934,-168.9264,2662.3816,OK,0.0000,6.7571,4.0000,96.0000,AG03-UNRESOLVED,ALL5_LEVELS_bet23_to_bet27,6.7571,6.7571,6.7571,8.4463,8.4463,4.000000,4.000000,4.000000,5.000000,5.000000,96.000000,96.000000,96.000000,95.000000,95.000000,5.0,37.1638,34.043,131.7626,134.8834,PENDING_AG03,FALSE,NOT_FOR_ENFORCEMENT,162.1693,2363.5412,168.9264,162.1693,6.7571,0.06344934,0.06091137,6.7571,162.1693,0.06091137,6.7571,6.7571,6.7571,8.4463,8.4463,162.1693,0.06091137,37.1638,34.043,131.7626,134.8834,0.04949049,0.05066267,0.00253797,14.4695,14.3978,0.9879,9.9368,2.2828,156.6107,10.0588,12.1741,14.6440,10.1188,12.9729,18.5957,25.9457,26.8093,40.631,12.9729,-2.5818,2.066567,3.132001,1.115364,23,55,20,5,0.05944414,0.06344934,0.29282219,0E-8,0.000000,0.924744,0.000000,-0.24386945,2026-04-25,2026-07-16,17,74,69,83,0.204819,0.831337,0.841363,0.198147,,,,,,,,GLOBAL_BASELINE_NO_ENTITY_RANKING,,,NOT_APPLICABLE_GLOBAL_BASELINE,HF9g-P5,,,,X 全窗基线 · 不参与实体赏罚,6879736,688,A168_HF9F_20260827_0900,2026-08-27 09:00:00
2026-05-04,149132254,994,0,35.5456385242,33.7683565980,33.7683565980,1.0000000,2,2,0.50665070000000000,0.506650700000,1.3955260008387969,1.3955260008387969,1.3955260008387969,0E-17,ELIGIBLE,R03b_20260811_FULL_v1,L1_ELIGIBILITY,v2026-08-11,2026-03-21..2026-08-06,baccarat_bet02_101_all_pairs_incl_sentinel,round_win = game_pnl > 0 (decisive only),COMPATIBILITY_ONLY_NOT_PRODUCTION,2662.3816,2462.0220,168.9264,184,171,-0.06344934,-0.29282219,-0.04895274,-0.06344934,-168.9264,2662.3816,OK,0.0000,6.7571,4.0000,96.0000,AG03-UNRESOLVED,ALL5_LEVELS_bet23_to_bet27,6.7571,6.7571,6.7571,8.4463,8.4463,4.000000,4.000000,4.000000,5.000000,5.000000,96.000000,96.000000,96.000000,95.000000,95.000000,5.0,37.1638,34.043,131.7626,134.8834,PENDING_AG03,FALSE,NOT_FOR_ENFORCEMENT,162.1693,2363.5412,168.9264,162.1693,6.7571,0.06344934,0.06091137,6.7571,162.1693,0.06091137,6.7571,6.7571,6.7571,8.4463,8.4463,162.1693,0.06091137,37.1638,34.043,131.7626,134.8834,0.04949049,0.05066267,0.00253797,14.4695,14.3978,0.9879,9.9368,2.2828,156.6107,10.0588,12.1741,14.6440,10.1188,12.9729,18.5957,25.9457,26.8093,40.631,12.9729,-2.5818,2.066567,3.132001,1.115364,23,55,20,5,0.05944414,0.06344934,0.29282219,0E-8,0.000000,0.924744,0.000000,-0.24386945,2026-04-25,2026-07-16,17,74,69,83,0.204819,0.831337,0.841363,0.198147,,,,,,,,GLOBAL_BASELINE_NO_ENTITY_RANKING,,,NOT_APPLICABLE_GLOBAL_BASELINE,HF9g-P5,,,,X 全窗基线 · 不参与实体赏罚,6879737,688,A168_HF9F_20260827_0900,2026-08-27 09:00:00
2026-05-05,149132254,-1,1,18.4214623009,-8.0431736807,-8.0431736807,0.5000000,2,2,0.49994810000000000,0.499948100000,0.00014679536856514622,0.00014679536856514622,0.00014679536856514622,0E-17,SENTINEL_DEALER,R03b_20260811_FULL_v1,L1_ELIGIBILITY,v2026-08-11,2026-03-21..2026-08-06,baccarat_bet02_101_all_pairs_incl_sentinel,round_win = game_pnl > 0 (decisive only),COMPATIBILITY_ONLY_NOT_PRODUCTION,2662.3816,2462.0220,168.9264,184,171,-0.06344934,-0.29282219,-0.04895274,-0.06344934,-168.9264,2662.3816,OK,0.0000,6.7571,4.0000,96.0000,AG03-UNRESOLVED,ALL5_LEVELS_bet23_to_bet27,6.7571,6.7571,6.7571,8.4463,8.4463,4.000000,4.000000,4.000000,5.000000,5.000000,96.000000,96.000000,96.000000,95.000000,95.000000,5.0,37.1638,34.043,131.7626,134.8834,PENDING_AG03,FALSE,NOT_FOR_ENFORCEMENT,162.1693,2363.5412,168.9264,162.1693,6.7571,0.06344934,0.06091137,6.7571,162.1693,0.06091137,6.7571,6.7571,6.7571,8.4463,8.4463,162.1693,0.06091137,37.1638,34.043,131.7626,134.8834,0.04949049,0.05066267,0.00253797,14.4695,14.3978,0.9879,9.9368,2.2828,156.6107,10.0588,12.1741,14.6440,10.1188,12.9729,18.5957,25.9457,26.8093,40.631,12.9729,-2.5818,2.066567,3.132001,1.115364,23,55,20,5,0.05944414,0.06344934,0.29282219,0E-8,0.000000,0.924744,0.000000,-0.24386945,2026-04-25,2026-07-16,17,74,69,83,0.204819,0.831337,0.841363,0.198147,,,,,,,,GLOBAL_BASELINE_NO_ENTITY_RANKING,,,NOT_APPLICABLE_GLOBAL_BASELINE,HF9g-P5,,,,X 全窗基线 · 不参与实体赏罚,6879738,688,A168_HF9F_20260827_0900,2026-08-27 09:00:00
2026-05-05,149132254,1017,0,21.7944061025,15.6452700949,15.6452700949,1.0000000,2,1,0.45759737857066332,0.300626750000,1.0887273323863325,1.5252488199758223,1.0887273323863325,0.15697062857066332,ELIGIBLE,R03b_20260811_FULL_v1,L1_ELIGIBILITY,v2026-08-11,2026-03-21..2026-08-06,baccarat_bet02_101_all_pairs_incl_sentinel,round_win = game_pnl > 0 (decisive only),COMPATIBILITY_ONLY_NOT_PRODUCTION,2662.3816,2462.0220,168.9264,184,171,-0.06344934,-0.29282219,-0.04895274,-0.06344934,-168.9264,2662.3816,OK,0.0000,6.7571,4.0000,96.0000,AG03-UNRESOLVED,ALL5_LEVELS_bet23_to_bet27,6.7571,6.7571,6.7571,8.4463,8.4463,4.000000,4.000000,4.000000,5.000000,5.000000,96.000000,96.000000,96.000000,95.000000,95.000000,5.0,37.1638,34.043,131.7626,134.8834,PENDING_AG03,FALSE,NOT_FOR_ENFORCEMENT,162.1693,2363.5412,168.9264,162.1693,6.7571,0.06344934,0.06091137,6.7571,162.1693,0.06091137,6.7571,6.7571,6.7571,8.4463,8.4463,162.1693,0.06091137,37.1638,34.043,131.7626,134.8834,0.04949049,0.05066267,0.00253797,14.4695,14.3978,0.9879,9.9368,2.2828,156.6107,10.0588,12.1741,14.6440,10.1188,12.9729,18.5957,25.9457,26.8093,40.631,12.9729,-2.5818,2.066567,3.132001,1.115364,23,55,20,5,0.05944414,0.06344934,0.29282219,0E-8,0.000000,0.924744,0.000000,-0.24386945,2026-04-25,2026-07-16,17,74,69,83,0.204819,0.831337,0.841363,0.198147,,,,,,,,GLOBAL_BASELINE_NO_ENTITY_RANKING,,,NOT_APPLICABLE_GLOBAL_BASELINE,HF9g-P5,,,,X 全窗基线 · 不参与实体赏罚,6879739,688,A168_HF9F_20260827_0900,2026-08-27 09:00:00
2026-05-05,149132254,1109,0,7.7837164652,-7.7837164652,-7.7837164652,0E-7,1,1,0.49324550000000000,0.493245500000,-0.9865810262130424,-0.9865810262130424,-0.9865810262130424,0E-17,ELIGIBLE,R03b_20260811_FULL_v1,L1_ELIGIBILITY,v2026-08-11,2026-03-21..2026-08-06,baccarat_bet02_101_all_pairs_incl_sentinel,round_win = game_pnl > 0 (decisive only),COMPATIBILITY_ONLY_NOT_PRODUCTION,2662.3816,2462.0220,168.9264,184,171,-0.06344934,-0.29282219,-0.04895274,-0.06344934,-168.9264,2662.3816,OK,0.0000,6.7571,4.0000,96.0000,AG03-UNRESOLVED,ALL5_LEVELS_bet23_to_bet27,6.7571,6.7571,6.7571,8.4463,8.4463,4.000000,4.000000,4.000000,5.000000,5.000000,96.000000,96.000000,96.000000,95.000000,95.000000,5.0,37.1638,34.043,131.7626,134.8834,PENDING_AG03,FALSE,NOT_FOR_ENFORCEMENT,162.1693,2363.5412,168.9264,162.1693,6.7571,0.06344934,0.06091137,6.7571,162.1693,0.06091137,6.7571,6.7571,6.7571,8.4463,8.4463,162.1693,0.06091137,37.1638,34.043,131.7626,134.8834,0.04949049,0.05066267,0.00253797,14.4695,14.3978,0.9879,9.9368,2.2828,156.6107,10.0588,12.1741,14.6440,10.1188,12.9729,18.5957,25.9457,26.8093,40.631,12.9729,-2.5818,2.066567,3.132001,1.115364,23,55,20,5,0.05944414,0.06344934,0.29282219,0E-8,0.000000,0.924744,0.000000,-0.24386945,2026-04-25,2026-07-16,17,74,69,83,0.204819,0.831337,0.841363,0.198147,,,,,,,,GLOBAL_BASELINE_NO_ENTITY_RANKING,,,NOT_APPLICABLE_GLOBAL_BASELINE,HF9g-P5,,,,X 全窗基线 · 不参与实体赏罚,6879740,688,A168_HF9F_20260827_0900,2026-08-27 09:00:00
2026-05-05,149132254,1151,0,40.2158684034,-14.9187898916,-14.9187898916,0.3333333,3,3,0.50218230000000000,0.502182300000,-0.5849155494134425,-0.5849155494134426,-0.5849155494134425,0E-17,ELIGIBLE,R03b_20260811_FULL_v1,L1_ELIGIBILITY,v2026-08-11,2026-03-21..2026-08-06,baccarat_bet02_101_all_pairs_incl_sentinel,round_win = game_pnl > 0 (decisive only),COMPATIBILITY_ONLY_NOT_PRODUCTION,2662.3816,2462.0220,168.9264,184,171,-0.06344934,-0.29282219,-0.04895274,-0.06344934,-168.9264,2662.3816,OK,0.0000,6.7571,4.0000,96.0000,AG03-UNRESOLVED,ALL5_LEVELS_bet23_to_bet27,6.7571,6.7571,6.7571,8.4463,8.4463,4.000000,4.000000,4.000000,5.000000,5.000000,96.000000,96.000000,96.000000,95.000000,95.000000,5.0,37.1638,34.043,131.7626,134.8834,PENDING_AG03,FALSE,NOT_FOR_ENFORCEMENT,162.1693,2363.5412,168.9264,162.1693,6.7571,0.06344934,0.06091137,6.7571,162.1693,0.06091137,6.7571,6.7571,6.7571,8.4463,8.4463,162.1693,0.06091137,37.1638,34.043,131.7626,134.8834,0.04949049,0.05066267,0.00253797,14.4695,14.3978,0.9879,9.9368,2.2828,156.6107,10.0588,12.1741,14.6440,10.1188,12.9729,18.5957,25.9457,26.8093,40.631,12.9729,-2.5818,2.066567,3.132001,1.115364,23,55,20,5,0.05944414,0.06344934,0.29282219,0E-8,0.000000,0.924744,0.000000,-0.24386945,2026-04-25,2026-07-16,17,74,69,83,0.204819,0.831337,0.841363,0.198147,,,,,,,,GLOBAL_BASELINE_NO_ENTITY_RANKING,,,NOT_APPLICABLE_GLOBAL_BASELINE,HF9g-P5,,,,X 全窗基线 · 不参与实体赏罚,6879741,688,A168_HF9F_20260827_0900,2026-08-27 09:00:00
2026-05-05,149132254,1507,0,12.1944891287,11.9090861917,11.9090861917,1.0000000,2,2,0.49994810000000000,0.499948100000,1.4143603653603398,1.4143603653603398,1.4143603653603398,0E-17,ELIGIBLE,R03b_20260811_FULL_v1,L1_ELIGIBILITY,v2026-08-11,2026-03-21..2026-08-06,baccarat_bet02_101_all_pairs_incl_sentinel,round_win = game_pnl > 0 (decisive only),COMPATIBILITY_ONLY_NOT_PRODUCTION,2662.3816,2462.0220,168.9264,184,171,-0.06344934,-0.29282219,-0.04895274,-0.06344934,-168.9264,2662.3816,OK,0.0000,6.7571,4.0000,96.0000,AG03-UNRESOLVED,ALL5_LEVELS_bet23_to_bet27,6.7571,6.7571,6.7571,8.4463,8.4463,4.000000,4.000000,4.000000,5.000000,5.000000,96.000000,96.000000,96.000000,95.000000,95.000000,5.0,37.1638,34.043,131.7626,134.8834,PENDING_AG03,FALSE,NOT_FOR_ENFORCEMENT,162.1693,2363.5412,168.9264,162.1693,6.7571,0.06344934,0.06091137,6.7571,162.1693,0.06091137,6.7571,6.7571,6.7571,8.4463,8.4463,162.1693,0.06091137,37.1638,34.043,131.7626,134.8834,0.04949049,0.05066267,0.00253797,14.4695,14.3978,0.9879,9.9368,2.2828,156.6107,10.0588,12.1741,14.6440,10.1188,12.9729,18.5957,25.9457,26.8093,40.631,12.9729,-2.5818,2.066567,3.132001,1.115364,23,55,20,5,0.05944414,0.06344934,0.29282219,0E-8,0.000000,0.924744,0.000000,-0.24386945,2026-04-25,2026-07-16,17,74,69,83,0.204819,0.831337,0.841363,0.198147,,,,,,,,GLOBAL_BASELINE_NO_ENTITY_RANKING,,,NOT_APPLICABLE_GLOBAL_BASELINE,HF9g-P5,,,,X 全窗基线 · 不参与实体赏罚,6879742,688,A168_HF9F_20260827_0900,2026-08-27 09:00:00
2026-05-05,149132254,1952,0,18.1620050854,7.7837164652,7.7837164652,0.5000000,2,2,0.49324550000000000,0.493245500000,0.01910635448239258,0.01910635448239258,0.01910635448239258,0E-17,ELIGIBLE,R03b_20260811_FULL_v1,L1_ELIGIBILITY,v2026-08-11,2026-03-21..2026-08-06,baccarat_bet02_101_all_pairs_incl_sentinel,round_win = game_pnl > 0 (decisive only),COMPATIBILITY_ONLY_NOT_PRODUCTION,2662.3816,2462.0220,168.9264,184,171,-0.06344934,-0.29282219,-0.04895274,-0.06344934,-168.9264,2662.3816,OK,0.0000,6.7571,4.0000,96.0000,AG03-UNRESOLVED,ALL5_LEVELS_bet23_to_bet27,6.7571,6.7571,6.7571,8.4463,8.4463,4.000000,4.000000,4.000000,5.000000,5.000000,96.000000,96.000000,96.000000,95.000000,95.000000,5.0,37.1638,34.043,131.7626,134.8834,PENDING_AG03,FALSE,NOT_FOR_ENFORCEMENT,162.1693,2363.5412,168.9264,162.1693,6.7571,0.06344934,0.06091137,6.7571,162.1693,0.06091137,6.7571,6.7571,6.7571,8.4463,8.4463,162.1693,0.06091137,37.1638,34.043,131.7626,134.8834,0.04949049,0.05066267,0.00253797,14.4695,14.3978,0.9879,9.9368,2.2828,156.6107,10.0588,12.1741,14.6440,10.1188,12.9729,18.5957,25.9457,26.8093,40.631,12.9729,-2.5818,2.066567,3.132001,1.115364,23,55,20,5,0.05944414,0.06344934,0.29282219,0E-8,0.000000,0.924744,0.000000,-0.24386945,2026-04-25,2026-07-16,17,74,69,83,0.204819,0.831337,0.841363,0.198147,,,,,,,,GLOBAL_BASELINE_NO_ENTITY_RANKING,,,NOT_APPLICABLE_GLOBAL_BASELINE,HF9g-P5,,,,X 全窗基线 · 不参与实体赏罚,6879743,688,A168_HF9F_20260827_0900,2026-08-27 09:00:00
2026-05-05,149132254,2103,0,10.3782886202,-0.2594572155,-0.2594572155,0.5000000,2,2,0.49994810000000000,0.499948100000,0.00014679536856514622,0.00014679536856514622,0.00014679536856514622,0E-17,ELIGIBLE,R03b_20260811_FULL_v1,L1_ELIGIBILITY,v2026-08-11,2026-03-21..2026-08-06,baccarat_bet02_101_all_pairs_incl_sentinel,round_win = game_pnl > 0 (decisive only),COMPATIBILITY_ONLY_NOT_PRODUCTION,2662.3816,2462.0220,168.9264,184,171,-0.06344934,-0.29282219,-0.04895274,-0.06344934,-168.9264,2662.3816,OK,0.0000,6.7571,4.0000,96.0000,AG03-UNRESOLVED,ALL5_LEVELS_bet23_to_bet27,6.7571,6.7571,6.7571,8.4463,8.4463,4.000000,4.000000,4.000000,5.000000,5.000000,96.000000,96.000000,96.000000,95.000000,95.000000,5.0,37.1638,34.043,131.7626,134.8834,PENDING_AG03,FALSE,NOT_FOR_ENFORCEMENT,162.1693,2363.5412,168.9264,162.1693,6.7571,0.06344934,0.06091137,6.7571,162.1693,0.06091137,6.7571,6.7571,6.7571,8.4463,8.4463,162.1693,0.06091137,37.1638,34.043,131.7626,134.8834,0.04949049,0.05066267,0.00253797,14.4695,14.3978,0.9879,9.9368,2.2828,156.6107,10.0588,12.1741,14.6440,10.1188,12.9729,18.5957,25.9457,26.8093,40.631,12.9729,-2.5818,2.066567,3.132001,1.115364,23,55,20,5,0.05944414,0.06344934,0.29282219,0E-8,0.000000,0.924744,0.000000,-0.24386945,2026-04-25,2026-07-16,17,74,69,83,0.204819,0.831337,0.841363,0.198147,,,,,,,,GLOBAL_BASELINE_NO_ENTITY_RANKING,,,NOT_APPLICABLE_GLOBAL_BASELINE,HF9g-P5,,,,X 全窗基线 · 不参与实体赏罚,6879744,688,A168_HF9F_20260827_0900,2026-08-27 09:00:00
2026-05-05,149132254,2152,0,5.1891443101,-5.1891443101,-5.1891443101,0E-7,1,1,0.50665070000000000,0.506650700000,-1.013391052207602,-1.013391052207602,-1.013391052207602,0E-17,ELIGIBLE,R03b_20260811_FULL_v1,L1_ELIGIBILITY,v2026-08-11,2026-03-21..2026-08-06,baccarat_bet02_101_all_pairs_incl_sentinel,round_win = game_pnl > 0 (decisive only),COMPATIBILITY_ONLY_NOT_PRODUCTION,2662.3816,2462.0220,168.9264,184,171,-0.06344934,-0.29282219,-0.04895274,-0.06344934,-168.9264,2662.3816,OK,0.0000,6.7571,4.0000,96.0000,AG03-UNRESOLVED,ALL5_LEVELS_bet23_to_bet27,6.7571,6.7571,6.7571,8.4463,8.4463,4.000000,4.000000,4.000000,5.000000,5.000000,96.000000,96.000000,96.000000,95.000000,95.000000,5.0,37.1638,34.043,131.7626,134.8834,PENDING_AG03,FALSE,NOT_FOR_ENFORCEMENT,162.1693,2363.5412,168.9264,162.1693,6.7571,0.06344934,0.06091137,6.7571,162.1693,0.06091137,6.7571,6.7571,6.7571,8.4463,8.4463,162.1693,0.06091137,37.1638,34.043,131.7626,134.8834,0.04949049,0.05066267,0.00253797,14.4695,14.3978,0.9879,9.9368,2.2828,156.6107,10.0588,12.1741,14.6440,10.1188,12.9729,18.5957,25.9457,26.8093,40.631,12.9729,-2.5818,2.066567,3.132001,1.115364,23,55,20,5,0.05944414,0.06344934,0.29282219,0E-8,0.000000,0.924744,0.000000,-0.24386945,2026-04-25,2026-07-16,17,74,69,83,0.204819,0.831337,0.841363,0.198147,,,,,,,,GLOBAL_BASELINE_NO_ENTITY_RANKING,,,NOT_APPLICABLE_GLOBAL_BASELINE,HF9g-P5,,,,X 全窗基线 · 不参与实体赏罚,6879745,688,A168_HF9F_20260827_0900,2026-08-27 09:00:00
2026-05-05,149132254,2251,0,9.0810025427,-9.0810025427,-9.0810025427,0E-7,2,2,0.29392415000000000,0.293924150000,-0.9124455438455121,-0.9124455438455121,-0.9124455438455121,0E-17,ELIGIBLE,R03b_20260811_FULL_v1,L1_ELIGIBILITY,v2026-08-11,2026-03-21..2026-08-06,baccarat_bet02_101_all_pairs_incl_sentinel,round_win = game_pnl > 0 (decisive only),COMPATIBILITY_ONLY_NOT_PRODUCTION,2662.3816,2462.0220,168.9264,184,171,-0.06344934,-0.29282219,-0.04895274,-0.06344934,-168.9264,2662.3816,OK,0.0000,6.7571,4.0000,96.0000,AG03-UNRESOLVED,ALL5_LEVELS_bet23_to_bet27,6.7571,6.7571,6.7571,8.4463,8.4463,4.000000,4.000000,4.000000,5.000000,5.000000,96.000000,96.000000,96.000000,95.000000,95.000000,5.0,37.1638,34.043,131.7626,134.8834,PENDING_AG03,FALSE,NOT_FOR_ENFORCEMENT,162.1693,2363.5412,168.9264,162.1693,6.7571,0.06344934,0.06091137,6.7571,162.1693,0.06091137,6.7571,6.7571,6.7571,8.4463,8.4463,162.1693,0.06091137,37.1638,34.043,131.7626,134.8834,0.04949049,0.05066267,0.00253797,14.4695,14.3978,0.9879,9.9368,2.2828,156.6107,10.0588,12.1741,14.6440,10.1188,12.9729,18.5957,25.9457,26.8093,40.631,12.9729,-2.5818,2.066567,3.132001,1.115364,23,55,20,5,0.05944414,0.06344934,0.29282219,0E-8,0.000000,0.924744,0.000000,-0.24386945,2026-04-25,2026-07-16,17,74,69,83,0.204819,0.831337,0.841363,0.198147,,,,,,,,GLOBAL_BASELINE_NO_ENTITY_RANKING,,,NOT_APPLICABLE_GLOBAL_BASELINE,HF9g-P5,,,,X 全窗基线 · 不参与实体赏罚,6879746,688,A168_HF9F_20260827_0900,2026-08-27 09:00:00
2026-05-05,149132254,2261,0,7.7837164652,-7.7837164652,-7.7837164652,0E-7,1,1,0.49324550000000000,0.493245500000,-0.9865810262130424,-0.9865810262130424,-0.9865810262130424,0E-17,ELIGIBLE,R03b_20260811_FULL_v1,L1_ELIGIBILITY,v2026-08-11,2026-03-21..2026-08-06,baccarat_bet02_101_all_pairs_incl_sentinel,round_win = game_pnl > 0 (decisive only),COMPATIBILITY_ONLY_NOT_PRODUCTION,2662.3816,2462.0220,168.9264,184,171,-0.06344934,-0.29282219,-0.04895274,-0.06344934,-168.9264,2662.3816,OK,0.0000,6.7571,4.0000,96.0000,AG03-UNRESOLVED,ALL5_LEVELS_bet23_to_bet27,6.7571,6.7571,6.7571,8.4463,8.4463,4.000000,4.000000,4.000000,5.000000,5.000000,96.000000,96.000000,96.000000,95.000000,95.000000,5.0,37.1638,34.043,131.7626,134.8834,PENDING_AG03,FALSE,NOT_FOR_ENFORCEMENT,162.1693,2363.5412,168.9264,162.1693,6.7571,0.06344934,0.06091137,6.7571,162.1693,0.06091137,6.7571,6.7571,6.7571,8.4463,8.4463,162.1693,0.06091137,37.1638,34.043,131.7626,134.8834,0.04949049,0.05066267,0.00253797,14.4695,14.3978,0.9879,9.9368,2.2828,156.6107,10.0588,12.1741,14.6440,10.1188,12.9729,18.5957,25.9457,26.8093,40.631,12.9729,-2.5818,2.066567,3.132001,1.115364,23,55,20,5,0.05944414,0.06344934,0.29282219,0E-8,0.000000,0.924744,0.000000,-0.24386945,2026-04-25,2026-07-16,17,74,69,83,0.204819,0.831337,0.841363,0.198147,,,,,,,,GLOBAL_BASELINE_NO_ENTITY_RANKING,,,NOT_APPLICABLE_GLOBAL_BASELINE,HF9g-P5,,,,X 全窗基线 · 不参与实体赏罚,6879747,688,A168_HF9F_20260827_0900,2026-08-27 09:00:00
2026-05-05,149132254,970,0,79.9128223756,44.6136682061,44.6136682061,0.7142857,9,9,0.50069283333333333,0.500692833333,1.1302283746881614,1.130228374689924,1.1302283746881614,3.3333E-13,ELIGIBLE,R03b_20260811_FULL_v1,L1_ELIGIBILITY,v2026-08-11,2026-03-21..2026-08-06,baccarat_bet02_101_all_pairs_incl_sentinel,round_win = game_pnl > 0 (decisive only),COMPATIBILITY_ONLY_NOT_PRODUCTION,2662.3816,2462.0220,168.9264,184,171,-0.06344934,-0.29282219,-0.04895274,-0.06344934,-168.9264,2662.3816,OK,0.0000,6.7571,4.0000,96.0000,AG03-UNRESOLVED,ALL5_LEVELS_bet23_to_bet27,6.7571,6.7571,6.7571,8.4463,8.4463,4.000000,4.000000,4.000000,5.000000,5.000000,96.000000,96.000000,96.000000,95.000000,95.000000,5.0,37.1638,34.043,131.7626,134.8834,PENDING_AG03,FALSE,NOT_FOR_ENFORCEMENT,162.1693,2363.5412,168.9264,162.1693,6.7571,0.06344934,0.06091137,6.7571,162.1693,0.06091137,6.7571,6.7571,6.7571,8.4463,8.4463,162.1693,0.06091137,37.1638,34.043,131.7626,134.8834,0.04949049,0.05066267,0.00253797,14.4695,14.3978,0.9879,9.9368,2.2828,156.6107,10.0588,12.1741,14.6440,10.1188,12.9729,18.5957,25.9457,26.8093,40.631,12.9729,-2.5818,2.066567,3.132001,1.115364,23,55,20,5,0.05944414,0.06344934,0.29282219,0E-8,0.000000,0.924744,0.000000,-0.24386945,2026-04-25,2026-07-16,17,74,69,83,0.204819,0.831337,0.841363,0.198147,,,,,,,,GLOBAL_BASELINE_NO_ENTITY_RANKING,,,NOT_APPLICABLE_GLOBAL_BASELINE,HF9g-P5,,,,X 全窗基线 · 不参与实体赏罚,6879748,688,A168_HF9F_20260827_0900,2026-08-27 09:00:00
2026-05-05,149132254,994,0,17.6430906543,16.7609361216,16.7609361216,1.0000000,2,2,0.50665070000000000,0.506650700000,1.3955260008387969,1.3955260008387969,1.3955260008387969,0E-17,ELIGIBLE,R03b_20260811_FULL_v1,L1_ELIGIBILITY,v2026-08-11,2026-03-21..2026-08-06,baccarat_bet02_101_all_pairs_incl_sentinel,round_win = game_pnl > 0 (decisive only),COMPATIBILITY_ONLY_NOT_PRODUCTION,2662.3816,2462.0220,168.9264,184,171,-0.06344934,-0.29282219,-0.04895274,-0.06344934,-168.9264,2662.3816,OK,0.0000,6.7571,4.0000,96.0000,AG03-UNRESOLVED,ALL5_LEVELS_bet23_to_bet27,6.7571,6.7571,6.7571,8.4463,8.4463,4.000000,4.000000,4.000000,5.000000,5.000000,96.000000,96.000000,96.000000,95.000000,95.000000,5.0,37.1638,34.043,131.7626,134.8834,PENDING_AG03,FALSE,NOT_FOR_ENFORCEMENT,162.1693,2363.5412,168.9264,162.1693,6.7571,0.06344934,0.06091137,6.7571,162.1693,0.06091137,6.7571,6.7571,6.7571,8.4463,8.4463,162.1693,0.06091137,37.1638,34.043,131.7626,134.8834,0.04949049,0.05066267,0.00253797,14.4695,14.3978,0.9879,9.9368,2.2828,156.6107,10.0588,12.1741,14.6440,10.1188,12.9729,18.5957,25.9457,26.8093,40.631,12.9729,-2.5818,2.066567,3.132001,1.115364,23,55,20,5,0.05944414,0.06344934,0.29282219,0E-8,0.000000,0.924744,0.000000,-0.24386945,2026-04-25,2026-07-16,17,74,69,83,0.204819,0.831337,0.841363,0.198147,,,,,,,,GLOBAL_BASELINE_NO_ENTITY_RANKING,,,NOT_APPLICABLE_GLOBAL_BASELINE,HF9g-P5,,,,X 全窗基线 · 不参与实体赏罚,6879749,688,A168_HF9F_20260827_0900,2026-08-27 09:00:00
2026-05-08,149132254,2147,0,32.6916091536,-10.8972030512,-10.8972030512,0.5000000,2,2,0.49324550000000000,0.493245500000,0.01910635448239258,0.01910635448239258,0.01910635448239258,0E-17,ELIGIBLE,R03b_20260811_FULL_v1,L1_ELIGIBILITY,v2026-08-11,2026-03-21..2026-08-06,baccarat_bet02_101_all_pairs_incl_sentinel,round_win = game_pnl > 0 (decisive only),COMPATIBILITY_ONLY_NOT_PRODUCTION,2662.3816,2462.0220,168.9264,184,171,-0.06344934,-0.29282219,-0.04895274,-0.06344934,-168.9264,2662.3816,OK,0.0000,6.7571,4.0000,96.0000,AG03-UNRESOLVED,ALL5_LEVELS_bet23_to_bet27,6.7571,6.7571,6.7571,8.4463,8.4463,4.000000,4.000000,4.000000,5.000000,5.000000,96.000000,96.000000,96.000000,95.000000,95.000000,5.0,37.1638,34.043,131.7626,134.8834,PENDING_AG03,FALSE,NOT_FOR_ENFORCEMENT,162.1693,2363.5412,168.9264,162.1693,6.7571,0.06344934,0.06091137,6.7571,162.1693,0.06091137,6.7571,6.7571,6.7571,8.4463,8.4463,162.1693,0.06091137,37.1638,34.043,131.7626,134.8834,0.04949049,0.05066267,0.00253797,14.4695,14.3978,0.9879,9.9368,2.2828,156.6107,10.0588,12.1741,14.6440,10.1188,12.9729,18.5957,25.9457,26.8093,40.631,12.9729,-2.5818,2.066567,3.132001,1.115364,23,55,20,5,0.05944414,0.06344934,0.29282219,0E-8,0.000000,0.924744,0.000000,-0.24386945,2026-04-25,2026-07-16,17,74,69,83,0.204819,0.831337,0.841363,0.198147,,,,,,,,GLOBAL_BASELINE_NO_ENTITY_RANKING,,,NOT_APPLICABLE_GLOBAL_BASELINE,HF9g-P5,,,,X 全窗基线 · 不参与实体赏罚,6879750,688,A168_HF9F_20260827_0900,2026-08-27 09:00:00
2026-06-10,149132254,1109,0,64.2888368864,-64.2888368864,-64.2888368864,0E-7,1,1,0.50665070000000000,0.506650700000,-1.013391052207602,-1.013391052207602,-1.013391052207602,0E-17,ELIGIBLE,R03b_20260811_FULL_v1,L1_ELIGIBILITY,v2026-08-11,2026-03-21..2026-08-06,baccarat_bet02_101_all_pairs_incl_sentinel,round_win = game_pnl > 0 (decisive only),COMPATIBILITY_ONLY_NOT_PRODUCTION,2662.3816,2462.0220,168.9264,184,171,-0.06344934,-0.29282219,-0.04895274,-0.06344934,-168.9264,2662.3816,OK,0.0000,6.7571,4.0000,96.0000,AG03-UNRESOLVED,ALL5_LEVELS_bet23_to_bet27,6.7571,6.7571,6.7571,8.4463,8.4463,4.000000,4.000000,4.000000,5.000000,5.000000,96.000000,96.000000,96.000000,95.000000,95.000000,5.0,37.1638,34.043,131.7626,134.8834,PENDING_AG03,FALSE,NOT_FOR_ENFORCEMENT,162.1693,2363.5412,168.9264,162.1693,6.7571,0.06344934,0.06091137,6.7571,162.1693,0.06091137,6.7571,6.7571,6.7571,8.4463,8.4463,162.1693,0.06091137,37.1638,34.043,131.7626,134.8834,0.04949049,0.05066267,0.00253797,14.4695,14.3978,0.9879,9.9368,2.2828,156.6107,10.0588,12.1741,14.6440,10.1188,12.9729,18.5957,25.9457,26.8093,40.631,12.9729,-2.5818,2.066567,3.132001,1.115364,23,55,20,5,0.05944414,0.06344934,0.29282219,0E-8,0.000000,0.924744,0.000000,-0.24386945,2026-04-25,2026-07-16,17,74,69,83,0.204819,0.831337,0.841363,0.198147,,,,,,,,GLOBAL_BASELINE_NO_ENTITY_RANKING,,,NOT_APPLICABLE_GLOBAL_BASELINE,HF9g-P5,,,,X 全窗基线 · 不参与实体赏罚,6879751,688,A168_HF9F_20260827_0900,2026-08-27 09:00:00
2026-06-10,149132254,1384,0,90.0043716409,0E-10,0E-10,0.3333333,4,4,0.50329940000000000,0.503299400000,-0.5887925454369916,-0.5887925454369916,-0.5887925454369916,0E-17,ELIGIBLE,R03b_20260811_FULL_v1,L1_ELIGIBILITY,v2026-08-11,2026-03-21..2026-08-06,baccarat_bet02_101_all_pairs_incl_sentinel,round_win = game_pnl > 0 (decisive only),COMPATIBILITY_ONLY_NOT_PRODUCTION,2662.3816,2462.0220,168.9264,184,171,-0.06344934,-0.29282219,-0.04895274,-0.06344934,-168.9264,2662.3816,OK,0.0000,6.7571,4.0000,96.0000,AG03-UNRESOLVED,ALL5_LEVELS_bet23_to_bet27,6.7571,6.7571,6.7571,8.4463,8.4463,4.000000,4.000000,4.000000,5.000000,5.000000,96.000000,96.000000,96.000000,95.000000,95.000000,5.0,37.1638,34.043,131.7626,134.8834,PENDING_AG03,FALSE,NOT_FOR_ENFORCEMENT,162.1693,2363.5412,168.9264,162.1693,6.7571,0.06344934,0.06091137,6.7571,162.1693,0.06091137,6.7571,6.7571,6.7571,8.4463,8.4463,162.1693,0.06091137,37.1638,34.043,131.7626,134.8834,0.04949049,0.05066267,0.00253797,14.4695,14.3978,0.9879,9.9368,2.2828,156.6107,10.0588,12.1741,14.6440,10.1188,12.9729,18.5957,25.9457,26.8093,40.631,12.9729,-2.5818,2.066567,3.132001,1.115364,23,55,20,5,0.05944414,0.06344934,0.29282219,0E-8,0.000000,0.924744,0.000000,-0.24386945,2026-04-25,2026-07-16,17,74,69,83,0.204819,0.831337,0.841363,0.198147,,,,,,,,GLOBAL_BASELINE_NO_ENTITY_RANKING,,,NOT_APPLICABLE_GLOBAL_BASELINE,HF9g-P5,,,,X 全窗基线 · 不参与实体赏罚,6879752,688,A168_HF9F_20260827_0900,2026-08-27 09:00:00
2026-06-10,149132254,2235,0,12.8577673773,-12.8577673773,-12.8577673773,0E-7,1,1,0.49324550000000000,0.493245500000,-0.9865810262130424,-0.9865810262130424,-0.9865810262130424,0E-17,ELIGIBLE,R03b_20260811_FULL_v1,L1_ELIGIBILITY,v2026-08-11,2026-03-21..2026-08-06,baccarat_bet02_101_all_pairs_incl_sentinel,round_win = game_pnl > 0 (decisive only),COMPATIBILITY_ONLY_NOT_PRODUCTION,2662.3816,2462.0220,168.9264,184,171,-0.06344934,-0.29282219,-0.04895274,-0.06344934,-168.9264,2662.3816,OK,0.0000,6.7571,4.0000,96.0000,AG03-UNRESOLVED,ALL5_LEVELS_bet23_to_bet27,6.7571,6.7571,6.7571,8.4463,8.4463,4.000000,4.000000,4.000000,5.000000,5.000000,96.000000,96.000000,96.000000,95.000000,95.000000,5.0,37.1638,34.043,131.7626,134.8834,PENDING_AG03,FALSE,NOT_FOR_ENFORCEMENT,162.1693,2363.5412,168.9264,162.1693,6.7571,0.06344934,0.06091137,6.7571,162.1693,0.06091137,6.7571,6.7571,6.7571,8.4463,8.4463,162.1693,0.06091137,37.1638,34.043,131.7626,134.8834,0.04949049,0.05066267,0.00253797,14.4695,14.3978,0.9879,9.9368,2.2828,156.6107,10.0588,12.1741,14.6440,10.1188,12.9729,18.5957,25.9457,26.8093,40.631,12.9729,-2.5818,2.066567,3.132001,1.115364,23,55,20,5,0.05944414,0.06344934,0.29282219,0E-8,0.000000,0.924744,0.000000,-0.24386945,2026-04-25,2026-07-16,17,74,69,83,0.204819,0.831337,0.841363,0.198147,,,,,,,,GLOBAL_BASELINE_NO_ENTITY_RANKING,,,NOT_APPLICABLE_GLOBAL_BASELINE,HF9g-P5,,,,X 全窗基线 · 不参与实体赏罚,6879753,688,A168_HF9F_20260827_0900,2026-08-27 09:00:00
2026-06-14,149132254,1714,0,18.0008743282,0E-10,0E-10,,1,1,0.50665070000000000,0.506650700000,,,,0E-17,NO_DECISIVE_ROUND,R03b_20260811_FULL_v1,L1_ELIGIBILITY,v2026-08-11,2026-03-21..2026-08-06,baccarat_bet02_101_all_pairs_incl_sentinel,round_win = game_pnl > 0 (decisive only),COMPATIBILITY_ONLY_NOT_PRODUCTION,2662.3816,2462.0220,168.9264,184,171,-0.06344934,-0.29282219,-0.04895274,-0.06344934,-168.9264,2662.3816,OK,0.0000,6.7571,4.0000,96.0000,AG03-UNRESOLVED,ALL5_LEVELS_bet23_to_bet27,6.7571,6.7571,6.7571,8.4463,8.4463,4.000000,4.000000,4.000000,5.000000,5.000000,96.000000,96.000000,96.000000,95.000000,95.000000,5.0,37.1638,34.043,131.7626,134.8834,PENDING_AG03,FALSE,NOT_FOR_ENFORCEMENT,162.1693,2363.5412,168.9264,162.1693,6.7571,0.06344934,0.06091137,6.7571,162.1693,0.06091137,6.7571,6.7571,6.7571,8.4463,8.4463,162.1693,0.06091137,37.1638,34.043,131.7626,134.8834,0.04949049,0.05066267,0.00253797,14.4695,14.3978,0.9879,9.9368,2.2828,156.6107,10.0588,12.1741,14.6440,10.1188,12.9729,18.5957,25.9457,26.8093,40.631,12.9729,-2.5818,2.066567,3.132001,1.115364,23,55,20,5,0.05944414,0.06344934,0.29282219,0E-8,0.000000,0.924744,0.000000,-0.24386945,2026-04-25,2026-07-16,17,74,69,83,0.204819,0.831337,0.841363,0.198147,,,,,,,,GLOBAL_BASELINE_NO_ENTITY_RANKING,,,NOT_APPLICABLE_GLOBAL_BASELINE,HF9g-P5,,,,X 全窗基线 · 不参与实体赏罚,6879754,688,A168_HF9F_20260827_0900,2026-08-27 09:00:00
2026-06-14,149132254,1942,0,12.8577673773,-12.8577673773,-12.8577673773,0E-7,1,1,0.50665070000000000,0.506650700000,-1.013391052207602,-1.013391052207602,-1.013391052207602,0E-17,ELIGIBLE,R03b_20260811_FULL_v1,L1_ELIGIBILITY,v2026-08-11,2026-03-21..2026-08-06,baccarat_bet02_101_all_pairs_incl_sentinel,round_win = game_pnl > 0 (decisive only),COMPATIBILITY_ONLY_NOT_PRODUCTION,2662.3816,2462.0220,168.9264,184,171,-0.06344934,-0.29282219,-0.04895274,-0.06344934,-168.9264,2662.3816,OK,0.0000,6.7571,4.0000,96.0000,AG03-UNRESOLVED,ALL5_LEVELS_bet23_to_bet27,6.7571,6.7571,6.7571,8.4463,8.4463,4.000000,4.000000,4.000000,5.000000,5.000000,96.000000,96.000000,96.000000,95.000000,95.000000,5.0,37.1638,34.043,131.7626,134.8834,PENDING_AG03,FALSE,NOT_FOR_ENFORCEMENT,162.1693,2363.5412,168.9264,162.1693,6.7571,0.06344934,0.06091137,6.7571,162.1693,0.06091137,6.7571,6.7571,6.7571,8.4463,8.4463,162.1693,0.06091137,37.1638,34.043,131.7626,134.8834,0.04949049,0.05066267,0.00253797,14.4695,14.3978,0.9879,9.9368,2.2828,156.6107,10.0588,12.1741,14.6440,10.1188,12.9729,18.5957,25.9457,26.8093,40.631,12.9729,-2.5818,2.066567,3.132001,1.115364,23,55,20,5,0.05944414,0.06344934,0.29282219,0E-8,0.000000,0.924744,0.000000,-0.24386945,2026-04-25,2026-07-16,17,74,69,83,0.204819,0.831337,0.841363,0.198147,,,,,,,,GLOBAL_BASELINE_NO_ENTITY_RANKING,,,NOT_APPLICABLE_GLOBAL_BASELINE,HF9g-P5,,,,X 全窗基线 · 不参与实体赏罚,6879755,688,A168_HF9F_20260827_0900,2026-08-27 09:00:00
2026-06-14,149132254,2101,0,12.8577673773,12.8577673773,12.8577673773,1.0000000,1,1,0.49324550000000000,0.493245500000,1.01360149184955,1.01360149184955,1.01360149184955,0E-17,ELIGIBLE,R03b_20260811_FULL_v1,L1_ELIGIBILITY,v2026-08-11,2026-03-21..2026-08-06,baccarat_bet02_101_all_pairs_incl_sentinel,round_win = game_pnl > 0 (decisive only),COMPATIBILITY_ONLY_NOT_PRODUCTION,2662.3816,2462.0220,168.9264,184,171,-0.06344934,-0.29282219,-0.04895274,-0.06344934,-168.9264,2662.3816,OK,0.0000,6.7571,4.0000,96.0000,AG03-UNRESOLVED,ALL5_LEVELS_bet23_to_bet27,6.7571,6.7571,6.7571,8.4463,8.4463,4.000000,4.000000,4.000000,5.000000,5.000000,96.000000,96.000000,96.000000,95.000000,95.000000,5.0,37.1638,34.043,131.7626,134.8834,PENDING_AG03,FALSE,NOT_FOR_ENFORCEMENT,162.1693,2363.5412,168.9264,162.1693,6.7571,0.06344934,0.06091137,6.7571,162.1693,0.06091137,6.7571,6.7571,6.7571,8.4463,8.4463,162.1693,0.06091137,37.1638,34.043,131.7626,134.8834,0.04949049,0.05066267,0.00253797,14.4695,14.3978,0.9879,9.9368,2.2828,156.6107,10.0588,12.1741,14.6440,10.1188,12.9729,18.5957,25.9457,26.8093,40.631,12.9729,-2.5818,2.066567,3.132001,1.115364,23,55,20,5,0.05944414,0.06344934,0.29282219,0E-8,0.000000,0.924744,0.000000,-0.24386945,2026-04-25,2026-07-16,17,74,69,83,0.204819,0.831337,0.841363,0.198147,,,,,,,,GLOBAL_BASELINE_NO_ENTITY_RANKING,,,NOT_APPLICABLE_GLOBAL_BASELINE,HF9g-P5,,,,X 全窗基线 · 不参与实体赏罚,6879756,688,A168_HF9F_20260827_0900,2026-08-27 09:00:00
2026-06-14,149132254,2188,0,12.8577673773,-12.8577673773,-12.8577673773,0E-7,1,1,0.50665070000000000,0.506650700000,-1.013391052207602,-1.013391052207602,-1.013391052207602,0E-17,ELIGIBLE,R03b_20260811_FULL_v1,L1_ELIGIBILITY,v2026-08-11,2026-03-21..2026-08-06,baccarat_bet02_101_all_pairs_incl_sentinel,round_win = game_pnl > 0 (decisive only),COMPATIBILITY_ONLY_NOT_PRODUCTION,2662.3816,2462.0220,168.9264,184,171,-0.06344934,-0.29282219,-0.04895274,-0.06344934,-168.9264,2662.3816,OK,0.0000,6.7571,4.0000,96.0000,AG03-UNRESOLVED,ALL5_LEVELS_bet23_to_bet27,6.7571,6.7571,6.7571,8.4463,8.4463,4.000000,4.000000,4.000000,5.000000,5.000000,96.000000,96.000000,96.000000,95.000000,95.000000,5.0,37.1638,34.043,131.7626,134.8834,PENDING_AG03,FALSE,NOT_FOR_ENFORCEMENT,162.1693,2363.5412,168.9264,162.1693,6.7571,0.06344934,0.06091137,6.7571,162.1693,0.06091137,6.7571,6.7571,6.7571,8.4463,8.4463,162.1693,0.06091137,37.1638,34.043,131.7626,134.8834,0.04949049,0.05066267,0.00253797,14.4695,14.3978,0.9879,9.9368,2.2828,156.6107,10.0588,12.1741,14.6440,10.1188,12.9729,18.5957,25.9457,26.8093,40.631,12.9729,-2.5818,2.066567,3.132001,1.115364,23,55,20,5,0.05944414,0.06344934,0.29282219,0E-8,0.000000,0.924744,0.000000,-0.24386945,2026-04-25,2026-07-16,17,74,69,83,0.204819,0.831337,0.841363,0.198147,,,,,,,,GLOBAL_BASELINE_NO_ENTITY_RANKING,,,NOT_APPLICABLE_GLOBAL_BASELINE,HF9g-P5,,,,X 全窗基线 · 不参与实体赏罚,6879757,688,A168_HF9F_20260827_0900,2026-08-27 09:00:00
2026-06-14,149132254,2234,0,12.8577673773,-12.8577673773,-12.8577673773,0E-7,1,1,0.50665070000000000,0.506650700000,-1.013391052207602,-1.013391052207602,-1.013391052207602,0E-17,ELIGIBLE,R03b_20260811_FULL_v1,L1_ELIGIBILITY,v2026-08-11,2026-03-21..2026-08-06,baccarat_bet02_101_all_pairs_incl_sentinel,round_win = game_pnl > 0 (decisive only),COMPATIBILITY_ONLY_NOT_PRODUCTION,2662.3816,2462.0220,168.9264,184,171,-0.06344934,-0.29282219,-0.04895274,-0.06344934,-168.9264,2662.3816,OK,0.0000,6.7571,4.0000,96.0000,AG03-UNRESOLVED,ALL5_LEVELS_bet23_to_bet27,6.7571,6.7571,6.7571,8.4463,8.4463,4.000000,4.000000,4.000000,5.000000,5.000000,96.000000,96.000000,96.000000,95.000000,95.000000,5.0,37.1638,34.043,131.7626,134.8834,PENDING_AG03,FALSE,NOT_FOR_ENFORCEMENT,162.1693,2363.5412,168.9264,162.1693,6.7571,0.06344934,0.06091137,6.7571,162.1693,0.06091137,6.7571,6.7571,6.7571,8.4463,8.4463,162.1693,0.06091137,37.1638,34.043,131.7626,134.8834,0.04949049,0.05066267,0.00253797,14.4695,14.3978,0.9879,9.9368,2.2828,156.6107,10.0588,12.1741,14.6440,10.1188,12.9729,18.5957,25.9457,26.8093,40.631,12.9729,-2.5818,2.066567,3.132001,1.115364,23,55,20,5,0.05944414,0.06344934,0.29282219,0E-8,0.000000,0.924744,0.000000,-0.24386945,2026-04-25,2026-07-16,17,74,69,83,0.204819,0.831337,0.841363,0.198147,,,,,,,,GLOBAL_BASELINE_NO_ENTITY_RANKING,,,NOT_APPLICABLE_GLOBAL_BASELINE,HF9g-P5,,,,X 全窗基线 · 不参与实体赏罚,6879758,688,A168_HF9F_20260827_0900,2026-08-27 09:00:00
2026-06-15,149132254,2101,0,3.8573302132,-3.8573302132,-3.8573302132,0E-7,1,1,0.50665070000000000,0.506650700000,-1.013391052207602,-1.013391052207602,-1.013391052207602,0E-17,ELIGIBLE,R03b_20260811_FULL_v1,L1_ELIGIBILITY,v2026-08-11,2026-03-21..2026-08-06,baccarat_bet02_101_all_pairs_incl_sentinel,round_win = game_pnl > 0 (decisive only),COMPATIBILITY_ONLY_NOT_PRODUCTION,2662.3816,2462.0220,168.9264,184,171,-0.06344934,-0.29282219,-0.04895274,-0.06344934,-168.9264,2662.3816,OK,0.0000,6.7571,4.0000,96.0000,AG03-UNRESOLVED,ALL5_LEVELS_bet23_to_bet27,6.7571,6.7571,6.7571,8.4463,8.4463,4.000000,4.000000,4.000000,5.000000,5.000000,96.000000,96.000000,96.000000,95.000000,95.000000,5.0,37.1638,34.043,131.7626,134.8834,PENDING_AG03,FALSE,NOT_FOR_ENFORCEMENT,162.1693,2363.5412,168.9264,162.1693,6.7571,0.06344934,0.06091137,6.7571,162.1693,0.06091137,6.7571,6.7571,6.7571,8.4463,8.4463,162.1693,0.06091137,37.1638,34.043,131.7626,134.8834,0.04949049,0.05066267,0.00253797,14.4695,14.3978,0.9879,9.9368,2.2828,156.6107,10.0588,12.1741,14.6440,10.1188,12.9729,18.5957,25.9457,26.8093,40.631,12.9729,-2.5818,2.066567,3.132001,1.115364,23,55,20,5,0.05944414,0.06344934,0.29282219,0E-8,0.000000,0.924744,0.000000,-0.24386945,2026-04-25,2026-07-16,17,74,69,83,0.204819,0.831337,0.841363,0.198147,,,,,,,,GLOBAL_BASELINE_NO_ENTITY_RANKING,,,NOT_APPLICABLE_GLOBAL_BASELINE,HF9g-P5,,,,X 全窗基线 · 不参与实体赏罚,6879759,688,A168_HF9F_20260827_0900,2026-08-27 09:00:00
2026-06-16,149132254,2252,0,11.5719906395,-11.5719906395,-11.5719906395,0E-7,1,1,0.50665070000000000,0.506650700000,-1.013391052207602,-1.013391052207602,-1.013391052207602,0E-17,ELIGIBLE,R03b_20260811_FULL_v1,L1_ELIGIBILITY,v2026-08-11,2026-03-21..2026-08-06,baccarat_bet02_101_all_pairs_incl_sentinel,round_win = game_pnl > 0 (decisive only),COMPATIBILITY_ONLY_NOT_PRODUCTION,2662.3816,2462.0220,168.9264,184,171,-0.06344934,-0.29282219,-0.04895274,-0.06344934,-168.9264,2662.3816,OK,0.0000,6.7571,4.0000,96.0000,AG03-UNRESOLVED,ALL5_LEVELS_bet23_to_bet27,6.7571,6.7571,6.7571,8.4463,8.4463,4.000000,4.000000,4.000000,5.000000,5.000000,96.000000,96.000000,96.000000,95.000000,95.000000,5.0,37.1638,34.043,131.7626,134.8834,PENDING_AG03,FALSE,NOT_FOR_ENFORCEMENT,162.1693,2363.5412,168.9264,162.1693,6.7571,0.06344934,0.06091137,6.7571,162.1693,0.06091137,6.7571,6.7571,6.7571,8.4463,8.4463,162.1693,0.06091137,37.1638,34.043,131.7626,134.8834,0.04949049,0.05066267,0.00253797,14.4695,14.3978,0.9879,9.9368,2.2828,156.6107,10.0588,12.1741,14.6440,10.1188,12.9729,18.5957,25.9457,26.8093,40.631,12.9729,-2.5818,2.066567,3.132001,1.115364,23,55,20,5,0.05944414,0.06344934,0.29282219,0E-8,0.000000,0.924744,0.000000,-0.24386945,2026-04-25,2026-07-16,17,74,69,83,0.204819,0.831337,0.841363,0.198147,,,,,,,,GLOBAL_BASELINE_NO_ENTITY_RANKING,,,NOT_APPLICABLE_GLOBAL_BASELINE,HF9g-P5,,,,X 全窗基线 · 不参与实体赏罚,6879760,688,A168_HF9F_20260827_0900,2026-08-27 09:00:00
2026-06-19,149132254,1306,0,92.0616144212,-65.3174582765,-65.3174582765,0E-7,4,4,0.49659680000000000,0.496596800000,-1.7203016256901094,-1.7203016256901091,-1.7203016256901094,0E-17,ELIGIBLE,R03b_20260811_FULL_v1,L1_ELIGIBILITY,v2026-08-11,2026-03-21..2026-08-06,baccarat_bet02_101_all_pairs_incl_sentinel,round_win = game_pnl > 0 (decisive only),COMPATIBILITY_ONLY_NOT_PRODUCTION,2662.3816,2462.0220,168.9264,184,171,-0.06344934,-0.29282219,-0.04895274,-0.06344934,-168.9264,2662.3816,OK,0.0000,6.7571,4.0000,96.0000,AG03-UNRESOLVED,ALL5_LEVELS_bet23_to_bet27,6.7571,6.7571,6.7571,8.4463,8.4463,4.000000,4.000000,4.000000,5.000000,5.000000,96.000000,96.000000,96.000000,95.000000,95.000000,5.0,37.1638,34.043,131.7626,134.8834,PENDING_AG03,FALSE,NOT_FOR_ENFORCEMENT,162.1693,2363.5412,168.9264,162.1693,6.7571,0.06344934,0.06091137,6.7571,162.1693,0.06091137,6.7571,6.7571,6.7571,8.4463,8.4463,162.1693,0.06091137,37.1638,34.043,131.7626,134.8834,0.04949049,0.05066267,0.00253797,14.4695,14.3978,0.9879,9.9368,2.2828,156.6107,10.0588,12.1741,14.6440,10.1188,12.9729,18.5957,25.9457,26.8093,40.631,12.9729,-2.5818,2.066567,3.132001,1.115364,23,55,20,5,0.05944414,0.06344934,0.29282219,0E-8,0.000000,0.924744,0.000000,-0.24386945,2026-04-25,2026-07-16,17,74,69,83,0.204819,0.831337,0.841363,0.198147,,,,,,,,GLOBAL_BASELINE_NO_ENTITY_RANKING,,,NOT_APPLICABLE_GLOBAL_BASELINE,HF9g-P5,,,,X 全窗基线 · 不参与实体赏罚,6879761,688,A168_HF9F_20260827_0900,2026-08-27 09:00:00
2026-06-19,149132254,1323,0,28.8013989251,-9.7461876720,-9.7461876720,0.5000000,2,2,0.50665070000000000,0.506650700000,-0.018812684590367487,-0.018812684590367487,-0.018812684590367487,0E-17,ELIGIBLE,R03b_20260811_FULL_v1,L1_ELIGIBILITY,v2026-08-11,2026-03-21..2026-08-06,baccarat_bet02_101_all_pairs_incl_sentinel,round_win = game_pnl > 0 (decisive only),COMPATIBILITY_ONLY_NOT_PRODUCTION,2662.3816,2462.0220,168.9264,184,171,-0.06344934,-0.29282219,-0.04895274,-0.06344934,-168.9264,2662.3816,OK,0.0000,6.7571,4.0000,96.0000,AG03-UNRESOLVED,ALL5_LEVELS_bet23_to_bet27,6.7571,6.7571,6.7571,8.4463,8.4463,4.000000,4.000000,4.000000,5.000000,5.000000,96.000000,96.000000,96.000000,95.000000,95.000000,5.0,37.1638,34.043,131.7626,134.8834,PENDING_AG03,FALSE,NOT_FOR_ENFORCEMENT,162.1693,2363.5412,168.9264,162.1693,6.7571,0.06344934,0.06091137,6.7571,162.1693,0.06091137,6.7571,6.7571,6.7571,8.4463,8.4463,162.1693,0.06091137,37.1638,34.043,131.7626,134.8834,0.04949049,0.05066267,0.00253797,14.4695,14.3978,0.9879,9.9368,2.2828,156.6107,10.0588,12.1741,14.6440,10.1188,12.9729,18.5957,25.9457,26.8093,40.631,12.9729,-2.5818,2.066567,3.132001,1.115364,23,55,20,5,0.05944414,0.06344934,0.29282219,0E-8,0.000000,0.924744,0.000000,-0.24386945,2026-04-25,2026-07-16,17,74,69,83,0.204819,0.831337,0.841363,0.198147,,,,,,,,GLOBAL_BASELINE_NO_ENTITY_RANKING,,,NOT_APPLICABLE_GLOBAL_BASELINE,HF9g-P5,,,,X 全窗基线 · 不参与实体赏罚,6879762,688,A168_HF9F_20260827_0900,2026-08-27 09:00:00
2026-06-19,149132254,2088,0,13.3720780724,13.3720780724,13.3720780724,1.0000000,1,1,0.49324550000000000,0.493245500000,1.01360149184955,1.01360149184955,1.01360149184955,0E-17,ELIGIBLE,R03b_20260811_FULL_v1,L1_ELIGIBILITY,v2026-08-11,2026-03-21..2026-08-06,baccarat_bet02_101_all_pairs_incl_sentinel,round_win = game_pnl > 0 (decisive only),COMPATIBILITY_ONLY_NOT_PRODUCTION,2662.3816,2462.0220,168.9264,184,171,-0.06344934,-0.29282219,-0.04895274,-0.06344934,-168.9264,2662.3816,OK,0.0000,6.7571,4.0000,96.0000,AG03-UNRESOLVED,ALL5_LEVELS_bet23_to_bet27,6.7571,6.7571,6.7571,8.4463,8.4463,4.000000,4.000000,4.000000,5.000000,5.000000,96.000000,96.000000,96.000000,95.000000,95.000000,5.0,37.1638,34.043,131.7626,134.8834,PENDING_AG03,FALSE,NOT_FOR_ENFORCEMENT,162.1693,2363.5412,168.9264,162.1693,6.7571,0.06344934,0.06091137,6.7571,162.1693,0.06091137,6.7571,6.7571,6.7571,8.4463,8.4463,162.1693,0.06091137,37.1638,34.043,131.7626,134.8834,0.04949049,0.05066267,0.00253797,14.4695,14.3978,0.9879,9.9368,2.2828,156.6107,10.0588,12.1741,14.6440,10.1188,12.9729,18.5957,25.9457,26.8093,40.631,12.9729,-2.5818,2.066567,3.132001,1.115364,23,55,20,5,0.05944414,0.06344934,0.29282219,0E-8,0.000000,0.924744,0.000000,-0.24386945,2026-04-25,2026-07-16,17,74,69,83,0.204819,0.831337,0.841363,0.198147,,,,,,,,GLOBAL_BASELINE_NO_ENTITY_RANKING,,,NOT_APPLICABLE_GLOBAL_BASELINE,HF9g-P5,,,,X 全窗基线 · 不参与实体赏罚,6879763,688,A168_HF9F_20260827_0900,2026-08-27 09:00:00
2026-06-19,149132254,2233,0,38.5733021318,12.8577673772,12.8577673772,0.5000000,2,2,0.49994810000000000,0.499948100000,0.00014679536856514622,0.00014679536856514622,0.00014679536856514622,0E-17,ELIGIBLE,R03b_20260811_FULL_v1,L1_ELIGIBILITY,v2026-08-11,2026-03-21..2026-08-06,baccarat_bet02_101_all_pairs_incl_sentinel,round_win = game_pnl > 0 (decisive only),COMPATIBILITY_ONLY_NOT_PRODUCTION,2662.3816,2462.0220,168.9264,184,171,-0.06344934,-0.29282219,-0.04895274,-0.06344934,-168.9264,2662.3816,OK,0.0000,6.7571,4.0000,96.0000,AG03-UNRESOLVED,ALL5_LEVELS_bet23_to_bet27,6.7571,6.7571,6.7571,8.4463,8.4463,4.000000,4.000000,4.000000,5.000000,5.000000,96.000000,96.000000,96.000000,95.000000,95.000000,5.0,37.1638,34.043,131.7626,134.8834,PENDING_AG03,FALSE,NOT_FOR_ENFORCEMENT,162.1693,2363.5412,168.9264,162.1693,6.7571,0.06344934,0.06091137,6.7571,162.1693,0.06091137,6.7571,6.7571,6.7571,8.4463,8.4463,162.1693,0.06091137,37.1638,34.043,131.7626,134.8834,0.04949049,0.05066267,0.00253797,14.4695,14.3978,0.9879,9.9368,2.2828,156.6107,10.0588,12.1741,14.6440,10.1188,12.9729,18.5957,25.9457,26.8093,40.631,12.9729,-2.5818,2.066567,3.132001,1.115364,23,55,20,5,0.05944414,0.06344934,0.29282219,0E-8,0.000000,0.924744,0.000000,-0.24386945,2026-04-25,2026-07-16,17,74,69,83,0.204819,0.831337,0.841363,0.198147,,,,,,,,GLOBAL_BASELINE_NO_ENTITY_RANKING,,,NOT_APPLICABLE_GLOBAL_BASELINE,HF9g-P5,,,,X 全窗基线 · 不参与实体赏罚,6879764,688,A168_HF9F_20260827_0900,2026-08-27 09:00:00
2026-06-19,149132254,2246,0,13.3720780724,12.7034741687,12.7034741687,1.0000000,1,1,0.50665070000000000,0.506650700000,0.9867858985152569,0.9867858985152569,0.9867858985152569,0E-17,ELIGIBLE,R03b_20260811_FULL_v1,L1_ELIGIBILITY,v2026-08-11,2026-03-21..2026-08-06,baccarat_bet02_101_all_pairs_incl_sentinel,round_win = game_pnl > 0 (decisive only),COMPATIBILITY_ONLY_NOT_PRODUCTION,2662.3816,2462.0220,168.9264,184,171,-0.06344934,-0.29282219,-0.04895274,-0.06344934,-168.9264,2662.3816,OK,0.0000,6.7571,4.0000,96.0000,AG03-UNRESOLVED,ALL5_LEVELS_bet23_to_bet27,6.7571,6.7571,6.7571,8.4463,8.4463,4.000000,4.000000,4.000000,5.000000,5.000000,96.000000,96.000000,96.000000,95.000000,95.000000,5.0,37.1638,34.043,131.7626,134.8834,PENDING_AG03,FALSE,NOT_FOR_ENFORCEMENT,162.1693,2363.5412,168.9264,162.1693,6.7571,0.06344934,0.06091137,6.7571,162.1693,0.06091137,6.7571,6.7571,6.7571,8.4463,8.4463,162.1693,0.06091137,37.1638,34.043,131.7626,134.8834,0.04949049,0.05066267,0.00253797,14.4695,14.3978,0.9879,9.9368,2.2828,156.6107,10.0588,12.1741,14.6440,10.1188,12.9729,18.5957,25.9457,26.8093,40.631,12.9729,-2.5818,2.066567,3.132001,1.115364,23,55,20,5,0.05944414,0.06344934,0.29282219,0E-8,0.000000,0.924744,0.000000,-0.24386945,2026-04-25,2026-07-16,17,74,69,83,0.204819,0.831337,0.841363,0.198147,,,,,,,,GLOBAL_BASELINE_NO_ENTITY_RANKING,,,NOT_APPLICABLE_GLOBAL_BASELINE,HF9g-P5,,,,X 全窗基线 · 不参与实体赏罚,6879765,688,A168_HF9F_20260827_0900,2026-08-27 09:00:00
2026-06-19,149132254,2271,0,12.8577673773,-12.8577673773,-12.8577673773,0E-7,1,1,0.50665070000000000,0.506650700000,-1.013391052207602,-1.013391052207602,-1.013391052207602,0E-17,ELIGIBLE,R03b_20260811_FULL_v1,L1_ELIGIBILITY,v2026-08-11,2026-03-21..2026-08-06,baccarat_bet02_101_all_pairs_incl_sentinel,round_win = game_pnl > 0 (decisive only),COMPATIBILITY_ONLY_NOT_PRODUCTION,2662.3816,2462.0220,168.9264,184,171,-0.06344934,-0.29282219,-0.04895274,-0.06344934,-168.9264,2662.3816,OK,0.0000,6.7571,4.0000,96.0000,AG03-UNRESOLVED,ALL5_LEVELS_bet23_to_bet27,6.7571,6.7571,6.7571,8.4463,8.4463,4.000000,4.000000,4.000000,5.000000,5.000000,96.000000,96.000000,96.000000,95.000000,95.000000,5.0,37.1638,34.043,131.7626,134.8834,PENDING_AG03,FALSE,NOT_FOR_ENFORCEMENT,162.1693,2363.5412,168.9264,162.1693,6.7571,0.06344934,0.06091137,6.7571,162.1693,0.06091137,6.7571,6.7571,6.7571,8.4463,8.4463,162.1693,0.06091137,37.1638,34.043,131.7626,134.8834,0.04949049,0.05066267,0.00253797,14.4695,14.3978,0.9879,9.9368,2.2828,156.6107,10.0588,12.1741,14.6440,10.1188,12.9729,18.5957,25.9457,26.8093,40.631,12.9729,-2.5818,2.066567,3.132001,1.115364,23,55,20,5,0.05944414,0.06344934,0.29282219,0E-8,0.000000,0.924744,0.000000,-0.24386945,2026-04-25,2026-07-16,17,74,69,83,0.204819,0.831337,0.841363,0.198147,,,,,,,,GLOBAL_BASELINE_NO_ENTITY_RANKING,,,NOT_APPLICABLE_GLOBAL_BASELINE,HF9g-P5,,,,X 全窗基线 · 不参与实体赏罚,6879766,688,A168_HF9F_20260827_0900,2026-08-27 09:00:00
2026-06-23,149132254,1374,0,3.0858641705,2.9315709620,2.9315709620,1.0000000,1,1,0.50665070000000000,0.506650700000,0.9867858985152569,0.9867858985152569,0.9867858985152569,0E-17,ELIGIBLE,R03b_20260811_FULL_v1,L1_ELIGIBILITY,v2026-08-11,2026-03-21..2026-08-06,baccarat_bet02_101_all_pairs_incl_sentinel,round_win = game_pnl > 0 (decisive only),COMPATIBILITY_ONLY_NOT_PRODUCTION,2662.3816,2462.0220,168.9264,184,171,-0.06344934,-0.29282219,-0.04895274,-0.06344934,-168.9264,2662.3816,OK,0.0000,6.7571,4.0000,96.0000,AG03-UNRESOLVED,ALL5_LEVELS_bet23_to_bet27,6.7571,6.7571,6.7571,8.4463,8.4463,4.000000,4.000000,4.000000,5.000000,5.000000,96.000000,96.000000,96.000000,95.000000,95.000000,5.0,37.1638,34.043,131.7626,134.8834,PENDING_AG03,FALSE,NOT_FOR_ENFORCEMENT,162.1693,2363.5412,168.9264,162.1693,6.7571,0.06344934,0.06091137,6.7571,162.1693,0.06091137,6.7571,6.7571,6.7571,8.4463,8.4463,162.1693,0.06091137,37.1638,34.043,131.7626,134.8834,0.04949049,0.05066267,0.00253797,14.4695,14.3978,0.9879,9.9368,2.2828,156.6107,10.0588,12.1741,14.6440,10.1188,12.9729,18.5957,25.9457,26.8093,40.631,12.9729,-2.5818,2.066567,3.132001,1.115364,23,55,20,5,0.05944414,0.06344934,0.29282219,0E-8,0.000000,0.924744,0.000000,-0.24386945,2026-04-25,2026-07-16,17,74,69,83,0.204819,0.831337,0.841363,0.198147,,,,,,,,GLOBAL_BASELINE_NO_ENTITY_RANKING,,,NOT_APPLICABLE_GLOBAL_BASELINE,HF9g-P5,,,,X 全窗基线 · 不参与实体赏罚,6879767,688,A168_HF9F_20260827_0900,2026-08-27 09:00:00
2026-06-27,149132254,-1,1,25.7155347546,-0.6428883689,-0.6428883689,0.5000000,2,2,0.50665070000000000,0.506650700000,-0.018812684590367487,-0.018812684590367487,-0.018812684590367487,0E-17,SENTINEL_DEALER,R03b_20260811_FULL_v1,L1_ELIGIBILITY,v2026-08-11,2026-03-21..2026-08-06,baccarat_bet02_101_all_pairs_incl_sentinel,round_win = game_pnl > 0 (decisive only),COMPATIBILITY_ONLY_NOT_PRODUCTION,2662.3816,2462.0220,168.9264,184,171,-0.06344934,-0.29282219,-0.04895274,-0.06344934,-168.9264,2662.3816,OK,0.0000,6.7571,4.0000,96.0000,AG03-UNRESOLVED,ALL5_LEVELS_bet23_to_bet27,6.7571,6.7571,6.7571,8.4463,8.4463,4.000000,4.000000,4.000000,5.000000,5.000000,96.000000,96.000000,96.000000,95.000000,95.000000,5.0,37.1638,34.043,131.7626,134.8834,PENDING_AG03,FALSE,NOT_FOR_ENFORCEMENT,162.1693,2363.5412,168.9264,162.1693,6.7571,0.06344934,0.06091137,6.7571,162.1693,0.06091137,6.7571,6.7571,6.7571,8.4463,8.4463,162.1693,0.06091137,37.1638,34.043,131.7626,134.8834,0.04949049,0.05066267,0.00253797,14.4695,14.3978,0.9879,9.9368,2.2828,156.6107,10.0588,12.1741,14.6440,10.1188,12.9729,18.5957,25.9457,26.8093,40.631,12.9729,-2.5818,2.066567,3.132001,1.115364,23,55,20,5,0.05944414,0.06344934,0.29282219,0E-8,0.000000,0.924744,0.000000,-0.24386945,2026-04-25,2026-07-16,17,74,69,83,0.204819,0.831337,0.841363,0.198147,,,,,,,,GLOBAL_BASELINE_NO_ENTITY_RANKING,,,NOT_APPLICABLE_GLOBAL_BASELINE,HF9g-P5,,,,X 全窗基线 · 不参与实体赏罚,6879768,688,A168_HF9F_20260827_0900,2026-08-27 09:00:00
2026-06-27,149132254,1384,0,12.8577673773,-12.8577673773,-12.8577673773,0E-7,1,1,0.49324550000000000,0.493245500000,-0.9865810262130424,-0.9865810262130424,-0.9865810262130424,0E-17,ELIGIBLE,R03b_20260811_FULL_v1,L1_ELIGIBILITY,v2026-08-11,2026-03-21..2026-08-06,baccarat_bet02_101_all_pairs_incl_sentinel,round_win = game_pnl > 0 (decisive only),COMPATIBILITY_ONLY_NOT_PRODUCTION,2662.3816,2462.0220,168.9264,184,171,-0.06344934,-0.29282219,-0.04895274,-0.06344934,-168.9264,2662.3816,OK,0.0000,6.7571,4.0000,96.0000,AG03-UNRESOLVED,ALL5_LEVELS_bet23_to_bet27,6.7571,6.7571,6.7571,8.4463,8.4463,4.000000,4.000000,4.000000,5.000000,5.000000,96.000000,96.000000,96.000000,95.000000,95.000000,5.0,37.1638,34.043,131.7626,134.8834,PENDING_AG03,FALSE,NOT_FOR_ENFORCEMENT,162.1693,2363.5412,168.9264,162.1693,6.7571,0.06344934,0.06091137,6.7571,162.1693,0.06091137,6.7571,6.7571,6.7571,8.4463,8.4463,162.1693,0.06091137,37.1638,34.043,131.7626,134.8834,0.04949049,0.05066267,0.00253797,14.4695,14.3978,0.9879,9.9368,2.2828,156.6107,10.0588,12.1741,14.6440,10.1188,12.9729,18.5957,25.9457,26.8093,40.631,12.9729,-2.5818,2.066567,3.132001,1.115364,23,55,20,5,0.05944414,0.06344934,0.29282219,0E-8,0.000000,0.924744,0.000000,-0.24386945,2026-04-25,2026-07-16,17,74,69,83,0.204819,0.831337,0.841363,0.198147,,,,,,,,GLOBAL_BASELINE_NO_ENTITY_RANKING,,,NOT_APPLICABLE_GLOBAL_BASELINE,HF9g-P5,,,,X 全窗基线 · 不参与实体赏罚,6879769,688,A168_HF9F_20260827_0900,2026-08-27 09:00:00
2026-06-27,149132254,1509,0,34.9731272662,8.7947128861,8.7947128861,0.6666667,3,3,0.49771390000000000,0.497713900000,0.5852756695216578,0.5852756695216578,0.5852756695216578,0E-17,ELIGIBLE,R03b_20260811_FULL_v1,L1_ELIGIBILITY,v2026-08-11,2026-03-21..2026-08-06,baccarat_bet02_101_all_pairs_incl_sentinel,round_win = game_pnl > 0 (decisive only),COMPATIBILITY_ONLY_NOT_PRODUCTION,2662.3816,2462.0220,168.9264,184,171,-0.06344934,-0.29282219,-0.04895274,-0.06344934,-168.9264,2662.3816,OK,0.0000,6.7571,4.0000,96.0000,AG03-UNRESOLVED,ALL5_LEVELS_bet23_to_bet27,6.7571,6.7571,6.7571,8.4463,8.4463,4.000000,4.000000,4.000000,5.000000,5.000000,96.000000,96.000000,96.000000,95.000000,95.000000,5.0,37.1638,34.043,131.7626,134.8834,PENDING_AG03,FALSE,NOT_FOR_ENFORCEMENT,162.1693,2363.5412,168.9264,162.1693,6.7571,0.06344934,0.06091137,6.7571,162.1693,0.06091137,6.7571,6.7571,6.7571,8.4463,8.4463,162.1693,0.06091137,37.1638,34.043,131.7626,134.8834,0.04949049,0.05066267,0.00253797,14.4695,14.3978,0.9879,9.9368,2.2828,156.6107,10.0588,12.1741,14.6440,10.1188,12.9729,18.5957,25.9457,26.8093,40.631,12.9729,-2.5818,2.066567,3.132001,1.115364,23,55,20,5,0.05944414,0.06344934,0.29282219,0E-8,0.000000,0.924744,0.000000,-0.24386945,2026-04-25,2026-07-16,17,74,69,83,0.204819,0.831337,0.841363,0.198147,,,,,,,,GLOBAL_BASELINE_NO_ENTITY_RANKING,,,NOT_APPLICABLE_GLOBAL_BASELINE,HF9g-P5,,,,X 全窗基线 · 不参与实体赏罚,6879770,688,A168_HF9F_20260827_0900,2026-08-27 09:00:00
2026-06-27,149132254,2134,0,12.8577673773,-12.8577673773,-12.8577673773,0E-7,1,1,0.49324550000000000,0.493245500000,-0.9865810262130424,-0.9865810262130424,-0.9865810262130424,0E-17,ELIGIBLE,R03b_20260811_FULL_v1,L1_ELIGIBILITY,v2026-08-11,2026-03-21..2026-08-06,baccarat_bet02_101_all_pairs_incl_sentinel,round_win = game_pnl > 0 (decisive only),COMPATIBILITY_ONLY_NOT_PRODUCTION,2662.3816,2462.0220,168.9264,184,171,-0.06344934,-0.29282219,-0.04895274,-0.06344934,-168.9264,2662.3816,OK,0.0000,6.7571,4.0000,96.0000,AG03-UNRESOLVED,ALL5_LEVELS_bet23_to_bet27,6.7571,6.7571,6.7571,8.4463,8.4463,4.000000,4.000000,4.000000,5.000000,5.000000,96.000000,96.000000,96.000000,95.000000,95.000000,5.0,37.1638,34.043,131.7626,134.8834,PENDING_AG03,FALSE,NOT_FOR_ENFORCEMENT,162.1693,2363.5412,168.9264,162.1693,6.7571,0.06344934,0.06091137,6.7571,162.1693,0.06091137,6.7571,6.7571,6.7571,8.4463,8.4463,162.1693,0.06091137,37.1638,34.043,131.7626,134.8834,0.04949049,0.05066267,0.00253797,14.4695,14.3978,0.9879,9.9368,2.2828,156.6107,10.0588,12.1741,14.6440,10.1188,12.9729,18.5957,25.9457,26.8093,40.631,12.9729,-2.5818,2.066567,3.132001,1.115364,23,55,20,5,0.05944414,0.06344934,0.29282219,0E-8,0.000000,0.924744,0.000000,-0.24386945,2026-04-25,2026-07-16,17,74,69,83,0.204819,0.831337,0.841363,0.198147,,,,,,,,GLOBAL_BASELINE_NO_ENTITY_RANKING,,,NOT_APPLICABLE_GLOBAL_BASELINE,HF9g-P5,,,,X 全窗基线 · 不参与实体赏罚,6879771,688,A168_HF9F_20260827_0900,2026-08-27 09:00:00
2026-06-27,149132254,2136,0,25.7155347546,0E-10,0E-10,0.5000000,2,2,0.49324550000000000,0.493245500000,0.01910635448239258,0.01910635448239258,0.01910635448239258,0E-17,ELIGIBLE,R03b_20260811_FULL_v1,L1_ELIGIBILITY,v2026-08-11,2026-03-21..2026-08-06,baccarat_bet02_101_all_pairs_incl_sentinel,round_win = game_pnl > 0 (decisive only),COMPATIBILITY_ONLY_NOT_PRODUCTION,2662.3816,2462.0220,168.9264,184,171,-0.06344934,-0.29282219,-0.04895274,-0.06344934,-168.9264,2662.3816,OK,0.0000,6.7571,4.0000,96.0000,AG03-UNRESOLVED,ALL5_LEVELS_bet23_to_bet27,6.7571,6.7571,6.7571,8.4463,8.4463,4.000000,4.000000,4.000000,5.000000,5.000000,96.000000,96.000000,96.000000,95.000000,95.000000,5.0,37.1638,34.043,131.7626,134.8834,PENDING_AG03,FALSE,NOT_FOR_ENFORCEMENT,162.1693,2363.5412,168.9264,162.1693,6.7571,0.06344934,0.06091137,6.7571,162.1693,0.06091137,6.7571,6.7571,6.7571,8.4463,8.4463,162.1693,0.06091137,37.1638,34.043,131.7626,134.8834,0.04949049,0.05066267,0.00253797,14.4695,14.3978,0.9879,9.9368,2.2828,156.6107,10.0588,12.1741,14.6440,10.1188,12.9729,18.5957,25.9457,26.8093,40.631,12.9729,-2.5818,2.066567,3.132001,1.115364,23,55,20,5,0.05944414,0.06344934,0.29282219,0E-8,0.000000,0.924744,0.000000,-0.24386945,2026-04-25,2026-07-16,17,74,69,83,0.204819,0.831337,0.841363,0.198147,,,,,,,,GLOBAL_BASELINE_NO_ENTITY_RANKING,,,NOT_APPLICABLE_GLOBAL_BASELINE,HF9g-P5,,,,X 全窗基线 · 不参与实体赏罚,6879772,688,A168_HF9F_20260827_0900,2026-08-27 09:00:00
2026-06-27,149132254,2169,0,7.4575050789,4.8859516034,4.8859516034,1.0000000,2,2,0.49994810000000000,0.499948100000,1.0001038053877793,1.0001038053877793,1.0001038053877793,0E-17,ELIGIBLE,R03b_20260811_FULL_v1,L1_ELIGIBILITY,v2026-08-11,2026-03-21..2026-08-06,baccarat_bet02_101_all_pairs_incl_sentinel,round_win = game_pnl > 0 (decisive only),COMPATIBILITY_ONLY_NOT_PRODUCTION,2662.3816,2462.0220,168.9264,184,171,-0.06344934,-0.29282219,-0.04895274,-0.06344934,-168.9264,2662.3816,OK,0.0000,6.7571,4.0000,96.0000,AG03-UNRESOLVED,ALL5_LEVELS_bet23_to_bet27,6.7571,6.7571,6.7571,8.4463,8.4463,4.000000,4.000000,4.000000,5.000000,5.000000,96.000000,96.000000,96.000000,95.000000,95.000000,5.0,37.1638,34.043,131.7626,134.8834,PENDING_AG03,FALSE,NOT_FOR_ENFORCEMENT,162.1693,2363.5412,168.9264,162.1693,6.7571,0.06344934,0.06091137,6.7571,162.1693,0.06091137,6.7571,6.7571,6.7571,8.4463,8.4463,162.1693,0.06091137,37.1638,34.043,131.7626,134.8834,0.04949049,0.05066267,0.00253797,14.4695,14.3978,0.9879,9.9368,2.2828,156.6107,10.0588,12.1741,14.6440,10.1188,12.9729,18.5957,25.9457,26.8093,40.631,12.9729,-2.5818,2.066567,3.132001,1.115364,23,55,20,5,0.05944414,0.06344934,0.29282219,0E-8,0.000000,0.924744,0.000000,-0.24386945,2026-04-25,2026-07-16,17,74,69,83,0.204819,0.831337,0.841363,0.198147,,,,,,,,GLOBAL_BASELINE_NO_ENTITY_RANKING,,,NOT_APPLICABLE_GLOBAL_BASELINE,HF9g-P5,,,,X 全窗基线 · 不参与实体赏罚,6879773,688,A168_HF9F_20260827_0900,2026-08-27 09:00:00
2026-06-27,149132254,2222,0,25.9726901021,-5.1431069509,-5.1431069509,0E-7,2,2,0.50665070000000000,0.506650700000,-1.013391052207602,-1.013391052207602,-1.013391052207602,0E-17,ELIGIBLE,R03b_20260811_FULL_v1,L1_ELIGIBILITY,v2026-08-11,2026-03-21..2026-08-06,baccarat_bet02_101_all_pairs_incl_sentinel,round_win = game_pnl > 0 (decisive only),COMPATIBILITY_ONLY_NOT_PRODUCTION,2662.3816,2462.0220,168.9264,184,171,-0.06344934,-0.29282219,-0.04895274,-0.06344934,-168.9264,2662.3816,OK,0.0000,6.7571,4.0000,96.0000,AG03-UNRESOLVED,ALL5_LEVELS_bet23_to_bet27,6.7571,6.7571,6.7571,8.4463,8.4463,4.000000,4.000000,4.000000,5.000000,5.000000,96.000000,96.000000,96.000000,95.000000,95.000000,5.0,37.1638,34.043,131.7626,134.8834,PENDING_AG03,FALSE,NOT_FOR_ENFORCEMENT,162.1693,2363.5412,168.9264,162.1693,6.7571,0.06344934,0.06091137,6.7571,162.1693,0.06091137,6.7571,6.7571,6.7571,8.4463,8.4463,162.1693,0.06091137,37.1638,34.043,131.7626,134.8834,0.04949049,0.05066267,0.00253797,14.4695,14.3978,0.9879,9.9368,2.2828,156.6107,10.0588,12.1741,14.6440,10.1188,12.9729,18.5957,25.9457,26.8093,40.631,12.9729,-2.5818,2.066567,3.132001,1.115364,23,55,20,5,0.05944414,0.06344934,0.29282219,0E-8,0.000000,0.924744,0.000000,-0.24386945,2026-04-25,2026-07-16,17,74,69,83,0.204819,0.831337,0.841363,0.198147,,,,,,,,GLOBAL_BASELINE_NO_ENTITY_RANKING,,,NOT_APPLICABLE_GLOBAL_BASELINE,HF9g-P5,,,,X 全窗基线 · 不参与实体赏罚,6879774,688,A168_HF9F_20260827_0900,2026-08-27 09:00:00
2026-06-27,149132254,2234,0,12.8577673773,-12.8577673773,-12.8577673773,0E-7,1,1,0.50665070000000000,0.506650700000,-1.013391052207602,-1.013391052207602,-1.013391052207602,0E-17,ELIGIBLE,R03b_20260811_FULL_v1,L1_ELIGIBILITY,v2026-08-11,2026-03-21..2026-08-06,baccarat_bet02_101_all_pairs_incl_sentinel,round_win = game_pnl > 0 (decisive only),COMPATIBILITY_ONLY_NOT_PRODUCTION,2662.3816,2462.0220,168.9264,184,171,-0.06344934,-0.29282219,-0.04895274,-0.06344934,-168.9264,2662.3816,OK,0.0000,6.7571,4.0000,96.0000,AG03-UNRESOLVED,ALL5_LEVELS_bet23_to_bet27,6.7571,6.7571,6.7571,8.4463,8.4463,4.000000,4.000000,4.000000,5.000000,5.000000,96.000000,96.000000,96.000000,95.000000,95.000000,5.0,37.1638,34.043,131.7626,134.8834,PENDING_AG03,FALSE,NOT_FOR_ENFORCEMENT,162.1693,2363.5412,168.9264,162.1693,6.7571,0.06344934,0.06091137,6.7571,162.1693,0.06091137,6.7571,6.7571,6.7571,8.4463,8.4463,162.1693,0.06091137,37.1638,34.043,131.7626,134.8834,0.04949049,0.05066267,0.00253797,14.4695,14.3978,0.9879,9.9368,2.2828,156.6107,10.0588,12.1741,14.6440,10.1188,12.9729,18.5957,25.9457,26.8093,40.631,12.9729,-2.5818,2.066567,3.132001,1.115364,23,55,20,5,0.05944414,0.06344934,0.29282219,0E-8,0.000000,0.924744,0.000000,-0.24386945,2026-04-25,2026-07-16,17,74,69,83,0.204819,0.831337,0.841363,0.198147,,,,,,,,GLOBAL_BASELINE_NO_ENTITY_RANKING,,,NOT_APPLICABLE_GLOBAL_BASELINE,HF9g-P5,,,,X 全窗基线 · 不参与实体赏罚,6879775,688,A168_HF9F_20260827_0900,2026-08-27 09:00:00
2026-06-27,149132254,2288,0,110.3196440972,80.2196106668,80.2196106668,0.8571429,7,7,0.50282064285714286,0.502820642857,1.8749267601414201,1.8749267601421726,1.8749267601414201,1.4286E-13,ELIGIBLE,R03b_20260811_FULL_v1,L1_ELIGIBILITY,v2026-08-11,2026-03-21..2026-08-06,baccarat_bet02_101_all_pairs_incl_sentinel,round_win = game_pnl > 0 (decisive only),COMPATIBILITY_ONLY_NOT_PRODUCTION,2662.3816,2462.0220,168.9264,184,171,-0.06344934,-0.29282219,-0.04895274,-0.06344934,-168.9264,2662.3816,OK,0.0000,6.7571,4.0000,96.0000,AG03-UNRESOLVED,ALL5_LEVELS_bet23_to_bet27,6.7571,6.7571,6.7571,8.4463,8.4463,4.000000,4.000000,4.000000,5.000000,5.000000,96.000000,96.000000,96.000000,95.000000,95.000000,5.0,37.1638,34.043,131.7626,134.8834,PENDING_AG03,FALSE,NOT_FOR_ENFORCEMENT,162.1693,2363.5412,168.9264,162.1693,6.7571,0.06344934,0.06091137,6.7571,162.1693,0.06091137,6.7571,6.7571,6.7571,8.4463,8.4463,162.1693,0.06091137,37.1638,34.043,131.7626,134.8834,0.04949049,0.05066267,0.00253797,14.4695,14.3978,0.9879,9.9368,2.2828,156.6107,10.0588,12.1741,14.6440,10.1188,12.9729,18.5957,25.9457,26.8093,40.631,12.9729,-2.5818,2.066567,3.132001,1.115364,23,55,20,5,0.05944414,0.06344934,0.29282219,0E-8,0.000000,0.924744,0.000000,-0.24386945,2026-04-25,2026-07-16,17,74,69,83,0.204819,0.831337,0.841363,0.198147,,,,,,,,GLOBAL_BASELINE_NO_ENTITY_RANKING,,,NOT_APPLICABLE_GLOBAL_BASELINE,HF9g-P5,,,,X 全窗基线 · 不参与实体赏罚,6879776,688,A168_HF9F_20260827_0900,2026-08-27 09:00:00
2026-06-27,149132254,970,0,52.7168462469,-7.5860827527,-7.5860827527,0.3333333,3,3,0.49771390000000000,0.497713900000,-0.5694369385616226,-0.5694369385616226,-0.5694369385616226,0E-17,ELIGIBLE,R03b_20260811_FULL_v1,L1_ELIGIBILITY,v2026-08-11,2026-03-21..2026-08-06,baccarat_bet02_101_all_pairs_incl_sentinel,round_win = game_pnl > 0 (decisive only),COMPATIBILITY_ONLY_NOT_PRODUCTION,2662.3816,2462.0220,168.9264,184,171,-0.06344934,-0.29282219,-0.04895274,-0.06344934,-168.9264,2662.3816,OK,0.0000,6.7571,4.0000,96.0000,AG03-UNRESOLVED,ALL5_LEVELS_bet23_to_bet27,6.7571,6.7571,6.7571,8.4463,8.4463,4.000000,4.000000,4.000000,5.000000,5.000000,96.000000,96.000000,96.000000,95.000000,95.000000,5.0,37.1638,34.043,131.7626,134.8834,PENDING_AG03,FALSE,NOT_FOR_ENFORCEMENT,162.1693,2363.5412,168.9264,162.1693,6.7571,0.06344934,0.06091137,6.7571,162.1693,0.06091137,6.7571,6.7571,6.7571,8.4463,8.4463,162.1693,0.06091137,37.1638,34.043,131.7626,134.8834,0.04949049,0.05066267,0.00253797,14.4695,14.3978,0.9879,9.9368,2.2828,156.6107,10.0588,12.1741,14.6440,10.1188,12.9729,18.5957,25.9457,26.8093,40.631,12.9729,-2.5818,2.066567,3.132001,1.115364,23,55,20,5,0.05944414,0.06344934,0.29282219,0E-8,0.000000,0.924744,0.000000,-0.24386945,2026-04-25,2026-07-16,17,74,69,83,0.204819,0.831337,0.841363,0.198147,,,,,,,,GLOBAL_BASELINE_NO_ENTITY_RANKING,,,NOT_APPLICABLE_GLOBAL_BASELINE,HF9g-P5,,,,X 全窗基线 · 不参与实体赏罚,6879777,688,A168_HF9F_20260827_0900,2026-08-27 09:00:00
2026-06-30,149132254,-1,1,15.4293208527,14.6578548101,14.6578548101,1.0000000,1,1,0.50665070000000000,0.506650700000,0.9867858985152569,0.9867858985152569,0.9867858985152569,0E-17,SENTINEL_DEALER,R03b_20260811_FULL_v1,L1_ELIGIBILITY,v2026-08-11,2026-03-21..2026-08-06,baccarat_bet02_101_all_pairs_incl_sentinel,round_win = game_pnl > 0 (decisive only),COMPATIBILITY_ONLY_NOT_PRODUCTION,2662.3816,2462.0220,168.9264,184,171,-0.06344934,-0.29282219,-0.04895274,-0.06344934,-168.9264,2662.3816,OK,0.0000,6.7571,4.0000,96.0000,AG03-UNRESOLVED,ALL5_LEVELS_bet23_to_bet27,6.7571,6.7571,6.7571,8.4463,8.4463,4.000000,4.000000,4.000000,5.000000,5.000000,96.000000,96.000000,96.000000,95.000000,95.000000,5.0,37.1638,34.043,131.7626,134.8834,PENDING_AG03,FALSE,NOT_FOR_ENFORCEMENT,162.1693,2363.5412,168.9264,162.1693,6.7571,0.06344934,0.06091137,6.7571,162.1693,0.06091137,6.7571,6.7571,6.7571,8.4463,8.4463,162.1693,0.06091137,37.1638,34.043,131.7626,134.8834,0.04949049,0.05066267,0.00253797,14.4695,14.3978,0.9879,9.9368,2.2828,156.6107,10.0588,12.1741,14.6440,10.1188,12.9729,18.5957,25.9457,26.8093,40.631,12.9729,-2.5818,2.066567,3.132001,1.115364,23,55,20,5,0.05944414,0.06344934,0.29282219,0E-8,0.000000,0.924744,0.000000,-0.24386945,2026-04-25,2026-07-16,17,74,69,83,0.204819,0.831337,0.841363,0.198147,,,,,,,,GLOBAL_BASELINE_NO_ENTITY_RANKING,,,NOT_APPLICABLE_GLOBAL_BASELINE,HF9g-P5,,,,X 全窗基线 · 不参与实体赏罚,6879778,688,A168_HF9F_20260827_0900,2026-08-27 09:00:00
2026-07-04,149132254,-1,1,3.8726667183,3.8726667183,3.8726667183,1.0000000,1,1,0.49324550000000000,0.493245500000,1.01360149184955,1.01360149184955,1.01360149184955,0E-17,SENTINEL_DEALER,R03b_20260811_FULL_v1,L1_ELIGIBILITY,v2026-08-11,2026-03-21..2026-08-06,baccarat_bet02_101_all_pairs_incl_sentinel,round_win = game_pnl > 0 (decisive only),COMPATIBILITY_ONLY_NOT_PRODUCTION,2662.3816,2462.0220,168.9264,184,171,-0.06344934,-0.29282219,-0.04895274,-0.06344934,-168.9264,2662.3816,OK,0.0000,6.7571,4.0000,96.0000,AG03-UNRESOLVED,ALL5_LEVELS_bet23_to_bet27,6.7571,6.7571,6.7571,8.4463,8.4463,4.000000,4.000000,4.000000,5.000000,5.000000,96.000000,96.000000,96.000000,95.000000,95.000000,5.0,37.1638,34.043,131.7626,134.8834,PENDING_AG03,FALSE,NOT_FOR_ENFORCEMENT,162.1693,2363.5412,168.9264,162.1693,6.7571,0.06344934,0.06091137,6.7571,162.1693,0.06091137,6.7571,6.7571,6.7571,8.4463,8.4463,162.1693,0.06091137,37.1638,34.043,131.7626,134.8834,0.04949049,0.05066267,0.00253797,14.4695,14.3978,0.9879,9.9368,2.2828,156.6107,10.0588,12.1741,14.6440,10.1188,12.9729,18.5957,25.9457,26.8093,40.631,12.9729,-2.5818,2.066567,3.132001,1.115364,23,55,20,5,0.05944414,0.06344934,0.29282219,0E-8,0.000000,0.924744,0.000000,-0.24386945,2026-04-25,2026-07-16,17,74,69,83,0.204819,0.831337,0.841363,0.198147,,,,,,,,GLOBAL_BASELINE_NO_ENTITY_RANKING,,,NOT_APPLICABLE_GLOBAL_BASELINE,HF9g-P5,,,,X 全窗基线 · 不参与实体赏罚,6879779,688,A168_HF9F_20260827_0900,2026-08-27 09:00:00
2026-07-08,149132254,1114,0,38.7266671830,-12.9088890610,-12.9088890610,0.5000000,2,2,0.49324550000000000,0.493245500000,0.01910635448239258,0.01910635448239258,0.01910635448239258,0E-17,ELIGIBLE,R03b_20260811_FULL_v1,L1_ELIGIBILITY,v2026-08-11,2026-03-21..2026-08-06,baccarat_bet02_101_all_pairs_incl_sentinel,round_win = game_pnl > 0 (decisive only),COMPATIBILITY_ONLY_NOT_PRODUCTION,2662.3816,2462.0220,168.9264,184,171,-0.06344934,-0.29282219,-0.04895274,-0.06344934,-168.9264,2662.3816,OK,0.0000,6.7571,4.0000,96.0000,AG03-UNRESOLVED,ALL5_LEVELS_bet23_to_bet27,6.7571,6.7571,6.7571,8.4463,8.4463,4.000000,4.000000,4.000000,5.000000,5.000000,96.000000,96.000000,96.000000,95.000000,95.000000,5.0,37.1638,34.043,131.7626,134.8834,PENDING_AG03,FALSE,NOT_FOR_ENFORCEMENT,162.1693,2363.5412,168.9264,162.1693,6.7571,0.06344934,0.06091137,6.7571,162.1693,0.06091137,6.7571,6.7571,6.7571,8.4463,8.4463,162.1693,0.06091137,37.1638,34.043,131.7626,134.8834,0.04949049,0.05066267,0.00253797,14.4695,14.3978,0.9879,9.9368,2.2828,156.6107,10.0588,12.1741,14.6440,10.1188,12.9729,18.5957,25.9457,26.8093,40.631,12.9729,-2.5818,2.066567,3.132001,1.115364,23,55,20,5,0.05944414,0.06344934,0.29282219,0E-8,0.000000,0.924744,0.000000,-0.24386945,2026-04-25,2026-07-16,17,74,69,83,0.204819,0.831337,0.841363,0.198147,,,,,,,,GLOBAL_BASELINE_NO_ENTITY_RANKING,,,NOT_APPLICABLE_GLOBAL_BASELINE,HF9g-P5,,,,X 全窗基线 · 不参与实体赏罚,6879780,688,A168_HF9F_20260827_0900,2026-08-27 09:00:00
2026-07-08,149132254,1325,0,12.9088890610,-12.9088890610,-12.9088890610,0E-7,1,1,0.50665070000000000,0.506650700000,-1.013391052207602,-1.013391052207602,-1.013391052207602,0E-17,ELIGIBLE,R03b_20260811_FULL_v1,L1_ELIGIBILITY,v2026-08-11,2026-03-21..2026-08-06,baccarat_bet02_101_all_pairs_incl_sentinel,round_win = game_pnl > 0 (decisive only),COMPATIBILITY_ONLY_NOT_PRODUCTION,2662.3816,2462.0220,168.9264,184,171,-0.06344934,-0.29282219,-0.04895274,-0.06344934,-168.9264,2662.3816,OK,0.0000,6.7571,4.0000,96.0000,AG03-UNRESOLVED,ALL5_LEVELS_bet23_to_bet27,6.7571,6.7571,6.7571,8.4463,8.4463,4.000000,4.000000,4.000000,5.000000,5.000000,96.000000,96.000000,96.000000,95.000000,95.000000,5.0,37.1638,34.043,131.7626,134.8834,PENDING_AG03,FALSE,NOT_FOR_ENFORCEMENT,162.1693,2363.5412,168.9264,162.1693,6.7571,0.06344934,0.06091137,6.7571,162.1693,0.06091137,6.7571,6.7571,6.7571,8.4463,8.4463,162.1693,0.06091137,37.1638,34.043,131.7626,134.8834,0.04949049,0.05066267,0.00253797,14.4695,14.3978,0.9879,9.9368,2.2828,156.6107,10.0588,12.1741,14.6440,10.1188,12.9729,18.5957,25.9457,26.8093,40.631,12.9729,-2.5818,2.066567,3.132001,1.115364,23,55,20,5,0.05944414,0.06344934,0.29282219,0E-8,0.000000,0.924744,0.000000,-0.24386945,2026-04-25,2026-07-16,17,74,69,83,0.204819,0.831337,0.841363,0.198147,,,,,,,,GLOBAL_BASELINE_NO_ENTITY_RANKING,,,NOT_APPLICABLE_GLOBAL_BASELINE,HF9g-P5,,,,X 全窗基线 · 不参与实体赏罚,6879781,688,A168_HF9F_20260827_0900,2026-08-27 09:00:00
2026-07-08,149132254,1485,0,12.9088890610,12.9088890610,12.9088890610,1.0000000,1,1,0.49324550000000000,0.493245500000,1.01360149184955,1.01360149184955,1.01360149184955,0E-17,ELIGIBLE,R03b_20260811_FULL_v1,L1_ELIGIBILITY,v2026-08-11,2026-03-21..2026-08-06,baccarat_bet02_101_all_pairs_incl_sentinel,round_win = game_pnl > 0 (decisive only),COMPATIBILITY_ONLY_NOT_PRODUCTION,2662.3816,2462.0220,168.9264,184,171,-0.06344934,-0.29282219,-0.04895274,-0.06344934,-168.9264,2662.3816,OK,0.0000,6.7571,4.0000,96.0000,AG03-UNRESOLVED,ALL5_LEVELS_bet23_to_bet27,6.7571,6.7571,6.7571,8.4463,8.4463,4.000000,4.000000,4.000000,5.000000,5.000000,96.000000,96.000000,96.000000,95.000000,95.000000,5.0,37.1638,34.043,131.7626,134.8834,PENDING_AG03,FALSE,NOT_FOR_ENFORCEMENT,162.1693,2363.5412,168.9264,162.1693,6.7571,0.06344934,0.06091137,6.7571,162.1693,0.06091137,6.7571,6.7571,6.7571,8.4463,8.4463,162.1693,0.06091137,37.1638,34.043,131.7626,134.8834,0.04949049,0.05066267,0.00253797,14.4695,14.3978,0.9879,9.9368,2.2828,156.6107,10.0588,12.1741,14.6440,10.1188,12.9729,18.5957,25.9457,26.8093,40.631,12.9729,-2.5818,2.066567,3.132001,1.115364,23,55,20,5,0.05944414,0.06344934,0.29282219,0E-8,0.000000,0.924744,0.000000,-0.24386945,2026-04-25,2026-07-16,17,74,69,83,0.204819,0.831337,0.841363,0.198147,,,,,,,,GLOBAL_BASELINE_NO_ENTITY_RANKING,,,NOT_APPLICABLE_GLOBAL_BASELINE,HF9g-P5,,,,X 全窗基线 · 不参与实体赏罚,6879782,688,A168_HF9F_20260827_0900,2026-08-27 09:00:00
2026-07-08,149132254,2141,0,25.5596003408,-25.5596003408,-25.5596003408,0E-7,3,2,0.27454776898736735,0.197614775000,-0.8700005896607431,-0.7018321235398395,-0.8700005896607431,0.07693299398736735,ELIGIBLE,R03b_20260811_FULL_v1,L1_ELIGIBILITY,v2026-08-11,2026-03-21..2026-08-06,baccarat_bet02_101_all_pairs_incl_sentinel,round_win = game_pnl > 0 (decisive only),COMPATIBILITY_ONLY_NOT_PRODUCTION,2662.3816,2462.0220,168.9264,184,171,-0.06344934,-0.29282219,-0.04895274,-0.06344934,-168.9264,2662.3816,OK,0.0000,6.7571,4.0000,96.0000,AG03-UNRESOLVED,ALL5_LEVELS_bet23_to_bet27,6.7571,6.7571,6.7571,8.4463,8.4463,4.000000,4.000000,4.000000,5.000000,5.000000,96.000000,96.000000,96.000000,95.000000,95.000000,5.0,37.1638,34.043,131.7626,134.8834,PENDING_AG03,FALSE,NOT_FOR_ENFORCEMENT,162.1693,2363.5412,168.9264,162.1693,6.7571,0.06344934,0.06091137,6.7571,162.1693,0.06091137,6.7571,6.7571,6.7571,8.4463,8.4463,162.1693,0.06091137,37.1638,34.043,131.7626,134.8834,0.04949049,0.05066267,0.00253797,14.4695,14.3978,0.9879,9.9368,2.2828,156.6107,10.0588,12.1741,14.6440,10.1188,12.9729,18.5957,25.9457,26.8093,40.631,12.9729,-2.5818,2.066567,3.132001,1.115364,23,55,20,5,0.05944414,0.06344934,0.29282219,0E-8,0.000000,0.924744,0.000000,-0.24386945,2026-04-25,2026-07-16,17,74,69,83,0.204819,0.831337,0.841363,0.198147,,,,,,,,GLOBAL_BASELINE_NO_ENTITY_RANKING,,,NOT_APPLICABLE_GLOBAL_BASELINE,HF9g-P5,,,,X 全窗基线 · 不参与实体赏罚,6879783,688,A168_HF9F_20260827_0900,2026-08-27 09:00:00
2026-07-08,149132254,2153,0,38.7266671830,-12.9088890610,-12.9088890610,0.5000000,2,2,0.49994810000000000,0.499948100000,0.00014679536856514622,0.00014679536856514622,0.00014679536856514622,0E-17,ELIGIBLE,R03b_20260811_FULL_v1,L1_ELIGIBILITY,v2026-08-11,2026-03-21..2026-08-06,baccarat_bet02_101_all_pairs_incl_sentinel,round_win = game_pnl > 0 (decisive only),COMPATIBILITY_ONLY_NOT_PRODUCTION,2662.3816,2462.0220,168.9264,184,171,-0.06344934,-0.29282219,-0.04895274,-0.06344934,-168.9264,2662.3816,OK,0.0000,6.7571,4.0000,96.0000,AG03-UNRESOLVED,ALL5_LEVELS_bet23_to_bet27,6.7571,6.7571,6.7571,8.4463,8.4463,4.000000,4.000000,4.000000,5.000000,5.000000,96.000000,96.000000,96.000000,95.000000,95.000000,5.0,37.1638,34.043,131.7626,134.8834,PENDING_AG03,FALSE,NOT_FOR_ENFORCEMENT,162.1693,2363.5412,168.9264,162.1693,6.7571,0.06344934,0.06091137,6.7571,162.1693,0.06091137,6.7571,6.7571,6.7571,8.4463,8.4463,162.1693,0.06091137,37.1638,34.043,131.7626,134.8834,0.04949049,0.05066267,0.00253797,14.4695,14.3978,0.9879,9.9368,2.2828,156.6107,10.0588,12.1741,14.6440,10.1188,12.9729,18.5957,25.9457,26.8093,40.631,12.9729,-2.5818,2.066567,3.132001,1.115364,23,55,20,5,0.05944414,0.06344934,0.29282219,0E-8,0.000000,0.924744,0.000000,-0.24386945,2026-04-25,2026-07-16,17,74,69,83,0.204819,0.831337,0.841363,0.198147,,,,,,,,GLOBAL_BASELINE_NO_ENTITY_RANKING,,,NOT_APPLICABLE_GLOBAL_BASELINE,HF9g-P5,,,,X 全窗基线 · 不参与实体赏罚,6879784,688,A168_HF9F_20260827_0900,2026-08-27 09:00:00
2026-07-08,149132254,2252,0,12.9088890610,12.2634446080,12.2634446080,1.0000000,1,1,0.50665070000000000,0.506650700000,0.9867858985152569,0.9867858985152569,0.9867858985152569,0E-17,ELIGIBLE,R03b_20260811_FULL_v1,L1_ELIGIBILITY,v2026-08-11,2026-03-21..2026-08-06,baccarat_bet02_101_all_pairs_incl_sentinel,round_win = game_pnl > 0 (decisive only),COMPATIBILITY_ONLY_NOT_PRODUCTION,2662.3816,2462.0220,168.9264,184,171,-0.06344934,-0.29282219,-0.04895274,-0.06344934,-168.9264,2662.3816,OK,0.0000,6.7571,4.0000,96.0000,AG03-UNRESOLVED,ALL5_LEVELS_bet23_to_bet27,6.7571,6.7571,6.7571,8.4463,8.4463,4.000000,4.000000,4.000000,5.000000,5.000000,96.000000,96.000000,96.000000,95.000000,95.000000,5.0,37.1638,34.043,131.7626,134.8834,PENDING_AG03,FALSE,NOT_FOR_ENFORCEMENT,162.1693,2363.5412,168.9264,162.1693,6.7571,0.06344934,0.06091137,6.7571,162.1693,0.06091137,6.7571,6.7571,6.7571,8.4463,8.4463,162.1693,0.06091137,37.1638,34.043,131.7626,134.8834,0.04949049,0.05066267,0.00253797,14.4695,14.3978,0.9879,9.9368,2.2828,156.6107,10.0588,12.1741,14.6440,10.1188,12.9729,18.5957,25.9457,26.8093,40.631,12.9729,-2.5818,2.066567,3.132001,1.115364,23,55,20,5,0.05944414,0.06344934,0.29282219,0E-8,0.000000,0.924744,0.000000,-0.24386945,2026-04-25,2026-07-16,17,74,69,83,0.204819,0.831337,0.841363,0.198147,,,,,,,,GLOBAL_BASELINE_NO_ENTITY_RANKING,,,NOT_APPLICABLE_GLOBAL_BASELINE,HF9g-P5,,,,X 全窗基线 · 不参与实体赏罚,6879785,688,A168_HF9F_20260827_0900,2026-08-27 09:00:00
2026-07-11,149132254,1004,0,4.6472000620,4.6472000620,4.6472000620,1.0000000,1,1,0.49324550000000000,0.493245500000,1.01360149184955,1.01360149184955,1.01360149184955,0E-17,ELIGIBLE,R03b_20260811_FULL_v1,L1_ELIGIBILITY,v2026-08-11,2026-03-21..2026-08-06,baccarat_bet02_101_all_pairs_incl_sentinel,round_win = game_pnl > 0 (decisive only),COMPATIBILITY_ONLY_NOT_PRODUCTION,2662.3816,2462.0220,168.9264,184,171,-0.06344934,-0.29282219,-0.04895274,-0.06344934,-168.9264,2662.3816,OK,0.0000,6.7571,4.0000,96.0000,AG03-UNRESOLVED,ALL5_LEVELS_bet23_to_bet27,6.7571,6.7571,6.7571,8.4463,8.4463,4.000000,4.000000,4.000000,5.000000,5.000000,96.000000,96.000000,96.000000,95.000000,95.000000,5.0,37.1638,34.043,131.7626,134.8834,PENDING_AG03,FALSE,NOT_FOR_ENFORCEMENT,162.1693,2363.5412,168.9264,162.1693,6.7571,0.06344934,0.06091137,6.7571,162.1693,0.06091137,6.7571,6.7571,6.7571,8.4463,8.4463,162.1693,0.06091137,37.1638,34.043,131.7626,134.8834,0.04949049,0.05066267,0.00253797,14.4695,14.3978,0.9879,9.9368,2.2828,156.6107,10.0588,12.1741,14.6440,10.1188,12.9729,18.5957,25.9457,26.8093,40.631,12.9729,-2.5818,2.066567,3.132001,1.115364,23,55,20,5,0.05944414,0.06344934,0.29282219,0E-8,0.000000,0.924744,0.000000,-0.24386945,2026-04-25,2026-07-16,17,74,69,83,0.204819,0.831337,0.841363,0.198147,,,,,,,,GLOBAL_BASELINE_NO_ENTITY_RANKING,,,NOT_APPLICABLE_GLOBAL_BASELINE,HF9g-P5,,,,X 全窗基线 · 不参与实体赏罚,6879786,688,A168_HF9F_20260827_0900,2026-08-27 09:00:00
2026-07-11,149132254,752,0,9.2944001239,-9.2944001239,-9.2944001239,0E-7,1,1,0.50665070000000000,0.506650700000,-1.013391052207602,-1.013391052207602,-1.013391052207602,0E-17,ELIGIBLE,R03b_20260811_FULL_v1,L1_ELIGIBILITY,v2026-08-11,2026-03-21..2026-08-06,baccarat_bet02_101_all_pairs_incl_sentinel,round_win = game_pnl > 0 (decisive only),COMPATIBILITY_ONLY_NOT_PRODUCTION,2662.3816,2462.0220,168.9264,184,171,-0.06344934,-0.29282219,-0.04895274,-0.06344934,-168.9264,2662.3816,OK,0.0000,6.7571,4.0000,96.0000,AG03-UNRESOLVED,ALL5_LEVELS_bet23_to_bet27,6.7571,6.7571,6.7571,8.4463,8.4463,4.000000,4.000000,4.000000,5.000000,5.000000,96.000000,96.000000,96.000000,95.000000,95.000000,5.0,37.1638,34.043,131.7626,134.8834,PENDING_AG03,FALSE,NOT_FOR_ENFORCEMENT,162.1693,2363.5412,168.9264,162.1693,6.7571,0.06344934,0.06091137,6.7571,162.1693,0.06091137,6.7571,6.7571,6.7571,8.4463,8.4463,162.1693,0.06091137,37.1638,34.043,131.7626,134.8834,0.04949049,0.05066267,0.00253797,14.4695,14.3978,0.9879,9.9368,2.2828,156.6107,10.0588,12.1741,14.6440,10.1188,12.9729,18.5957,25.9457,26.8093,40.631,12.9729,-2.5818,2.066567,3.132001,1.115364,23,55,20,5,0.05944414,0.06344934,0.29282219,0E-8,0.000000,0.924744,0.000000,-0.24386945,2026-04-25,2026-07-16,17,74,69,83,0.204819,0.831337,0.841363,0.198147,,,,,,,,GLOBAL_BASELINE_NO_ENTITY_RANKING,,,NOT_APPLICABLE_GLOBAL_BASELINE,HF9g-P5,,,,X 全窗基线 · 不参与实体赏罚,6879787,688,A168_HF9F_20260827_0900,2026-08-27 09:00:00
2026-07-16,149132254,1318,0,2.5817778122,-2.5817778122,-2.5817778122,0E-7,1,1,0.49324550000000000,0.493245500000,-0.9865810262130424,-0.9865810262130424,-0.9865810262130424,0E-17,ELIGIBLE,R03b_20260811_FULL_v1,L1_ELIGIBILITY,v2026-08-11,2026-03-21..2026-08-06,baccarat_bet02_101_all_pairs_incl_sentinel,round_win = game_pnl > 0 (decisive only),COMPATIBILITY_ONLY_NOT_PRODUCTION,2662.3816,2462.0220,168.9264,184,171,-0.06344934,-0.29282219,-0.04895274,-0.06344934,-168.9264,2662.3816,OK,0.0000,6.7571,4.0000,96.0000,AG03-UNRESOLVED,ALL5_LEVELS_bet23_to_bet27,6.7571,6.7571,6.7571,8.4463,8.4463,4.000000,4.000000,4.000000,5.000000,5.000000,96.000000,96.000000,96.000000,95.000000,95.000000,5.0,37.1638,34.043,131.7626,134.8834,PENDING_AG03,FALSE,NOT_FOR_ENFORCEMENT,162.1693,2363.5412,168.9264,162.1693,6.7571,0.06344934,0.06091137,6.7571,162.1693,0.06091137,6.7571,6.7571,6.7571,8.4463,8.4463,162.1693,0.06091137,37.1638,34.043,131.7626,134.8834,0.04949049,0.05066267,0.00253797,14.4695,14.3978,0.9879,9.9368,2.2828,156.6107,10.0588,12.1741,14.6440,10.1188,12.9729,18.5957,25.9457,26.8093,40.631,12.9729,-2.5818,2.066567,3.132001,1.115364,23,55,20,5,0.05944414,0.06344934,0.29282219,0E-8,0.000000,0.924744,0.000000,-0.24386945,2026-04-25,2026-07-16,17,74,69,83,0.204819,0.831337,0.841363,0.198147,,,,,,,,GLOBAL_BASELINE_NO_ENTITY_RANKING,,,NOT_APPLICABLE_GLOBAL_BASELINE,HF9g-P5,,,,X 全窗基线 · 不参与实体赏罚,6879788,688,A168_HF9F_20260827_0900,2026-08-27 09:00:00
2026-08-06,153891717,1330,0,337.8527580268,-168.9263790134,-168.9263790134,0E-7,2,2,0.50665070000000000,0.506650700000,-1.013391052207602,-1.013391052207602,-1.013391052207602,0E-17,ELIGIBLE,R03b_20260811_FULL_v1,L1_ELIGIBILITY,v2026-08-11,2026-03-21..2026-08-06,baccarat_bet02_101_all_pairs_incl_sentinel,round_win = game_pnl > 0 (decisive only),COMPATIBILITY_ONLY_NOT_PRODUCTION,337.8528,168.9264,168.9264,2,2,-0.50000000,-0.50000000,,-0.50000000,-168.9264,337.8528,THIN_EXPOSURE,0.0000,6.7571,4.0000,96.0000,AG03-UNRESOLVED,ALL5_LEVELS_bet23_to_bet27,6.7571,6.7571,6.7571,8.4463,8.4463,4.000000,4.000000,4.000000,5.000000,5.000000,96.000000,96.000000,96.000000,95.000000,95.000000,5.0,37.1638,34.043,131.7626,134.8834,PENDING_AG03,FALSE,NOT_FOR_ENFORCEMENT,162.1693,162.1693,168.9264,162.1693,6.7571,0.50000000,0.48000000,6.7571,162.1693,0.48000000,6.7571,6.7571,6.7571,8.4463,8.4463,162.1693,0.48000000,37.1638,34.043,131.7626,134.8834,0.39000000,0.39923712,0.02000000,168.9264,84.4632,84.4632,168.9264,168.9264,337.8528,2.0000,168.9264,,168.9264,168.9264,168.9264,168.9264,168.9264,168.9264,84.4632,-84.4632,1.0,1.0,1.0,1,1,1,1,1.00000000,0.50000000,0.50000000,0E-8,0.000000,0.500000,0.000000,,2026-08-06,2026-08-06,1,1,1,1,1.000000,,1.000000,3.333333,,,,,,,,GLOBAL_BASELINE_NO_ENTITY_RANKING,,,NOT_APPLICABLE_GLOBAL_BASELINE,HF9g-P5,,,,X 全窗基线 · 不参与实体赏罚,6879789,688,A168_HF9F_20260827_0900,2026-08-27 09:00:00
2026-06-15,151529412,1304,0,341.6597069319,72.1281603522,72.1281603522,0.6250000,9,9,0.49920336666666667,0.499203366667,0.7116141230598275,0.7116141230579411,0.7116141230598275,-3.3333E-13,ELIGIBLE,R03b_20260811_FULL_v1,L1_ELIGIBILITY,v2026-08-11,2026-03-21..2026-08-06,baccarat_bet02_101_all_pairs_incl_sentinel,round_win = game_pnl > 0 (decisive only),COMPATIBILITY_ONLY_NOT_PRODUCTION,1404.6010,1214.7901,168.9317,37,37,-0.12027027,,-0.12027027,-0.12027027,-168.9317,1404.6010,OK,0.0000,6.7573,4.0000,96.0000,AG03-UNRESOLVED,ALL5_LEVELS_bet23_to_bet27,6.7573,6.7573,6.7573,0.0000,0.0000,4.000000,4.000000,4.000000,0.000000,0.000000,96.000000,96.000000,96.000000,100.000000,100.000000,5.0,20.2718,19.4717,148.6599,149.46,PENDING_AG03,FALSE,NOT_FOR_ENFORCEMENT,162.1745,1166.1985,168.9317,162.1745,6.7573,0.12027027,0.11545946,6.7573,162.1745,0.11545946,6.7573,6.7573,6.7573,0.0000,0.0000,162.1745,0.11545946,20.2718,19.4717,148.6599,149.46,0.10583784,0.10640744,0.00481081,37.9622,32.8322,4.5657,168.9317,28.1553,1404.6010,37.0000,,37.9622,37.9622,37.9622,37.9622,37.9622,37.9622,37.9622,37.9622,0.0,1.0,1.0,1.0,6,6,1,2,0E-8,0.12027027,,0E-8,0.000000,0.864865,0.000000,,2026-06-15,2026-06-15,1,6,6,1,1.000000,,,0.000000,,,,,,,,GLOBAL_BASELINE_NO_ENTITY_RANKING,,,NOT_APPLICABLE_GLOBAL_BASELINE,HF9g-P5,,,,X 全窗基线 · 不参与实体赏罚,6879790,688,A168_HF9F_20260827_0900,2026-08-27 09:00:00
2026-06-15,151529412,1306,0,151.8487586364,-151.8487586364,-151.8487586364,0E-7,4,4,0.49659680000000000,0.496596800000,-1.9864332133590707,-1.986433213359071,-1.9864332133590707,0E-17,ELIGIBLE,R03b_20260811_FULL_v1,L1_ELIGIBILITY,v2026-08-11,2026-03-21..2026-08-06,baccarat_bet02_101_all_pairs_incl_sentinel,round_win = game_pnl > 0 (decisive only),COMPATIBILITY_ONLY_NOT_PRODUCTION,1404.6010,1214.7901,168.9317,37,37,-0.12027027,,-0.12027027,-0.12027027,-168.9317,1404.6010,OK,0.0000,6.7573,4.0000,96.0000,AG03-UNRESOLVED,ALL5_LEVELS_bet23_to_bet27,6.7573,6.7573,6.7573,0.0000,0.0000,4.000000,4.000000,4.000000,0.000000,0.000000,96.000000,96.000000,96.000000,100.000000,100.000000,5.0,20.2718,19.4717,148.6599,149.46,PENDING_AG03,FALSE,NOT_FOR_ENFORCEMENT,162.1745,1166.1985,168.9317,162.1745,6.7573,0.12027027,0.11545946,6.7573,162.1745,0.11545946,6.7573,6.7573,6.7573,0.0000,0.0000,162.1745,0.11545946,20.2718,19.4717,148.6599,149.46,0.10583784,0.10640744,0.00481081,37.9622,32.8322,4.5657,168.9317,28.1553,1404.6010,37.0000,,37.9622,37.9622,37.9622,37.9622,37.9622,37.9622,37.9622,37.9622,0.0,1.0,1.0,1.0,6,6,1,2,0E-8,0.12027027,,0E-8,0.000000,0.864865,0.000000,,2026-06-15,2026-06-15,1,6,6,1,1.000000,,,0.000000,,,,,,,,GLOBAL_BASELINE_NO_ENTITY_RANKING,,,NOT_APPLICABLE_GLOBAL_BASELINE,HF9g-P5,,,,X 全窗基线 · 不参与实体赏罚,6879791,688,A168_HF9F_20260827_0900,2026-08-27 09:00:00
2026-06-15,151529412,1318,0,227.7731379546,-113.8865689773,-113.8865689773,0.2000000,6,6,0.49771390000000000,0.497713900000,-1.3314309533564708,-1.3314309533564703,-1.3314309533564708,0E-17,ELIGIBLE,R03b_20260811_FULL_v1,L1_ELIGIBILITY,v2026-08-11,2026-03-21..2026-08-06,baccarat_bet02_101_all_pairs_incl_sentinel,round_win = game_pnl > 0 (decisive only),COMPATIBILITY_ONLY_NOT_PRODUCTION,1404.6010,1214.7901,168.9317,37,37,-0.12027027,,-0.12027027,-0.12027027,-168.9317,1404.6010,OK,0.0000,6.7573,4.0000,96.0000,AG03-UNRESOLVED,ALL5_LEVELS_bet23_to_bet27,6.7573,6.7573,6.7573,0.0000,0.0000,4.000000,4.000000,4.000000,0.000000,0.000000,96.000000,96.000000,96.000000,100.000000,100.000000,5.0,20.2718,19.4717,148.6599,149.46,PENDING_AG03,FALSE,NOT_FOR_ENFORCEMENT,162.1745,1166.1985,168.9317,162.1745,6.7573,0.12027027,0.11545946,6.7573,162.1745,0.11545946,6.7573,6.7573,6.7573,0.0000,0.0000,162.1745,0.11545946,20.2718,19.4717,148.6599,149.46,0.10583784,0.10640744,0.00481081,37.9622,32.8322,4.5657,168.9317,28.1553,1404.6010,37.0000,,37.9622,37.9622,37.9622,37.9622,37.9622,37.9622,37.9622,37.9622,0.0,1.0,1.0,1.0,6,6,1,2,0E-8,0.12027027,,0E-8,0.000000,0.864865,0.000000,,2026-06-15,2026-06-15,1,6,6,1,1.000000,,,0.000000,,,,,,,,GLOBAL_BASELINE_NO_ENTITY_RANKING,,,NOT_APPLICABLE_GLOBAL_BASELINE,HF9g-P5,,,,X 全窗基线 · 不参与实体赏罚,6879792,688,A168_HF9F_20260827_0900,2026-08-27 09:00:00
2026-06-15,151529412,2088,0,227.7731379546,-41.7584086251,-41.7584086251,0.4000000,6,6,0.50218230000000000,0.502182300000,-0.4569774904649096,-0.4569774904649096,-0.4569774904649096,0E-17,ELIGIBLE,R03b_20260811_FULL_v1,L1_ELIGIBILITY,v2026-08-11,2026-03-21..2026-08-06,baccarat_bet02_101_all_pairs_incl_sentinel,round_win = game_pnl > 0 (decisive only),COMPATIBILITY_ONLY_NOT_PRODUCTION,1404.6010,1214.7901,168.9317,37,37,-0.12027027,,-0.12027027,-0.12027027,-168.9317,1404.6010,OK,0.0000,6.7573,4.0000,96.0000,AG03-UNRESOLVED,ALL5_LEVELS_bet23_to_bet27,6.7573,6.7573,6.7573,0.0000,0.0000,4.000000,4.000000,4.000000,0.000000,0.000000,96.000000,96.000000,96.000000,100.000000,100.000000,5.0,20.2718,19.4717,148.6599,149.46,PENDING_AG03,FALSE,NOT_FOR_ENFORCEMENT,162.1745,1166.1985,168.9317,162.1745,6.7573,0.12027027,0.11545946,6.7573,162.1745,0.11545946,6.7573,6.7573,6.7573,0.0000,0.0000,162.1745,0.11545946,20.2718,19.4717,148.6599,149.46,0.10583784,0.10640744,0.00481081,37.9622,32.8322,4.5657,168.9317,28.1553,1404.6010,37.0000,,37.9622,37.9622,37.9622,37.9622,37.9622,37.9622,37.9622,37.9622,0.0,1.0,1.0,1.0,6,6,1,2,0E-8,0.12027027,,0E-8,0.000000,0.864865,0.000000,,2026-06-15,2026-06-15,1,6,6,1,1.000000,,,0.000000,,,,,,,,GLOBAL_BASELINE_NO_ENTITY_RANKING,,,NOT_APPLICABLE_GLOBAL_BASELINE,HF9g-P5,,,,X 全窗基线 · 不参与实体赏罚,6879793,688,A168_HF9F_20260827_0900,2026-08-27 09:00:00
2026-06-15,151529412,2145,0,227.7731379546,-3.7962189660,-3.7962189660,0.5000000,6,6,0.50218230000000000,0.502182300000,-0.01069114476356389,-0.01069114476356389,-0.01069114476356389,0E-17,ELIGIBLE,R03b_20260811_FULL_v1,L1_ELIGIBILITY,v2026-08-11,2026-03-21..2026-08-06,baccarat_bet02_101_all_pairs_incl_sentinel,round_win = game_pnl > 0 (decisive only),COMPATIBILITY_ONLY_NOT_PRODUCTION,1404.6010,1214.7901,168.9317,37,37,-0.12027027,,-0.12027027,-0.12027027,-168.9317,1404.6010,OK,0.0000,6.7573,4.0000,96.0000,AG03-UNRESOLVED,ALL5_LEVELS_bet23_to_bet27,6.7573,6.7573,6.7573,0.0000,0.0000,4.000000,4.000000,4.000000,0.000000,0.000000,96.000000,96.000000,96.000000,100.000000,100.000000,5.0,20.2718,19.4717,148.6599,149.46,PENDING_AG03,FALSE,NOT_FOR_ENFORCEMENT,162.1745,1166.1985,168.9317,162.1745,6.7573,0.12027027,0.11545946,6.7573,162.1745,0.11545946,6.7573,6.7573,6.7573,0.0000,0.0000,162.1745,0.11545946,20.2718,19.4717,148.6599,149.46,0.10583784,0.10640744,0.00481081,37.9622,32.8322,4.5657,168.9317,28.1553,1404.6010,37.0000,,37.9622,37.9622,37.9622,37.9622,37.9622,37.9622,37.9622,37.9622,0.0,1.0,1.0,1.0,6,6,1,2,0E-8,0.12027027,,0E-8,0.000000,0.864865,0.000000,,2026-06-15,2026-06-15,1,6,6,1,1.000000,,,0.000000,,,,,,,,GLOBAL_BASELINE_NO_ENTITY_RANKING,,,NOT_APPLICABLE_GLOBAL_BASELINE,HF9g-P5,,,,X 全窗基线 · 不参与实体赏罚,6879794,688,A168_HF9F_20260827_0900,2026-08-27 09:00:00
2026-06-15,151529412,772,0,227.7731379546,70.2300508692,70.2300508692,0.7500000,6,6,0.50441650000000000,0.504416500000,0.9823723240197533,0.9823723240197534,0.9823723240197533,0E-17,ELIGIBLE,R03b_20260811_FULL_v1,L1_ELIGIBILITY,v2026-08-11,2026-03-21..2026-08-06,baccarat_bet02_101_all_pairs_incl_sentinel,round_win = game_pnl > 0 (decisive only),COMPATIBILITY_ONLY_NOT_PRODUCTION,1404.6010,1214.7901,168.9317,37,37,-0.12027027,,-0.12027027,-0.12027027,-168.9317,1404.6010,OK,0.0000,6.7573,4.0000,96.0000,AG03-UNRESOLVED,ALL5_LEVELS_bet23_to_bet27,6.7573,6.7573,6.7573,0.0000,0.0000,4.000000,4.000000,4.000000,0.000000,0.000000,96.000000,96.000000,96.000000,100.000000,100.000000,5.0,20.2718,19.4717,148.6599,149.46,PENDING_AG03,FALSE,NOT_FOR_ENFORCEMENT,162.1745,1166.1985,168.9317,162.1745,6.7573,0.12027027,0.11545946,6.7573,162.1745,0.11545946,6.7573,6.7573,6.7573,0.0000,0.0000,162.1745,0.11545946,20.2718,19.4717,148.6599,149.46,0.10583784,0.10640744,0.00481081,37.9622,32.8322,4.5657,168.9317,28.1553,1404.6010,37.0000,,37.9622,37.9622,37.9622,37.9622,37.9622,37.9622,37.9622,37.9622,0.0,1.0,1.0,1.0,6,6,1,2,0E-8,0.12027027,,0E-8,0.000000,0.864865,0.000000,,2026-06-15,2026-06-15,1,6,6,1,1.000000,,,0.000000,,,,,,,,GLOBAL_BASELINE_NO_ENTITY_RANKING,,,NOT_APPLICABLE_GLOBAL_BASELINE,HF9g-P5,,,,X 全窗基线 · 不参与实体赏罚,6879795,688,A168_HF9F_20260827_0900,2026-08-27 09:00:00
2026-07-07,152703237,2251,0,667.1102977874,-168.9402761603,-168.9402761603,0.6666667,3,3,0.50218230000000000,0.502182300000,0.5697959874915163,0.5697959874915164,0.5697959874915163,0E-17,ELIGIBLE,R03b_20260811_FULL_v1,L1_ELIGIBILITY,v2026-08-11,2026-03-21..2026-08-06,baccarat_bet02_101_all_pairs_incl_sentinel,round_win = game_pnl > 0 (decisive only),COMPATIBILITY_ONLY_NOT_PRODUCTION,667.1103,667.1103,168.9403,3,3,-0.25324190,,-0.25324190,-0.25324190,-168.9403,667.1103,THIN_EXPOSURE,0.0000,6.7576,4.0000,96.0000,AG03-UNRESOLVED,ALL5_LEVELS_bet23_to_bet27,6.7576,6.7576,8.4470,8.4470,8.4470,4.000000,4.000000,5.000000,5.000000,5.000000,96.000000,96.000000,95.000000,95.000000,95.000000,5.0,38.8563,35.451,130.0840,133.4893,PENDING_AG03,FALSE,NOT_FOR_ENFORCEMENT,162.1827,640.4259,168.9403,162.1827,6.7576,0.25324190,0.24311222,6.7576,162.1827,0.24311222,6.7576,6.7576,8.4470,8.4470,8.4470,162.1827,0.24311222,38.8563,35.451,130.0840,133.4893,0.19499626,0.20010081,0.01012968,222.3701,222.3701,56.3134,168.9403,168.9403,667.1103,3.0000,,222.3701,105.2238,166.3617,353.5186,415.9042,415.9042,415.9042,166.3617,80.6022,2.5,2.5,1.336667,1,1,2,2,0E-8,0.25324190,,0E-8,0.000000,1.000000,0.000000,,2026-07-07,2026-07-07,1,1,1,1,1.000000,,,0.000000,,,,,,,,GLOBAL_BASELINE_NO_ENTITY_RANKING,,,NOT_APPLICABLE_GLOBAL_BASELINE,HF9g-P5,,,,X 全窗基线 · 不参与实体赏罚,6879796,688,A168_HF9F_20260827_0900,2026-08-27 09:00:00
2026-05-01,149394799,1994,0,20.5198358413,0E-10,0E-10,,1,1,0.50665070000000000,0.506650700000,,,,0E-17,NO_DECISIVE_ROUND,R03b_20260811_FULL_v1,L1_ELIGIBILITY,v2026-08-11,2026-03-21..2026-08-06,baccarat_bet02_101_all_pairs_incl_sentinel,round_win = game_pnl > 0 (decisive only),COMPATIBILITY_ONLY_NOT_PRODUCTION,417.2367,396.7168,168.9466,17,17,-0.40491803,,-0.40491803,-0.40491803,-168.9466,417.2367,THIN_EXPOSURE,0.0000,6.7579,4.0000,96.0000,AG03-UNRESOLVED,ALL5_LEVELS_bet23_to_bet27,6.7579,6.7579,6.7579,6.7579,6.7579,4.000000,4.000000,4.000000,4.000000,4.000000,96.000000,96.000000,96.000000,96.000000,96.000000,5.0,33.7893,31.1922,135.1573,137.7545,PENDING_AG03,FALSE,NOT_FOR_ENFORCEMENT,162.1888,380.8482,168.9466,162.1888,6.7579,0.40491803,0.38872131,6.7579,162.1888,0.38872131,6.7579,6.7579,6.7579,6.7579,6.7579,162.1888,0.38872131,33.7893,31.1922,135.1573,137.7545,0.32393443,0.33015911,0.01619672,24.5433,23.3363,9.9380,84.4733,56.3155,208.6183,8.5000,,24.5433,20.5198,20.5198,27.3598,34.1997,34.1997,34.1997,20.5198,-20.5198,1.666667,1.666667,1.196078,3,5,2,2,0E-8,0.40491803,,0E-8,0.000000,0.950820,0.000000,,2026-05-01,2026-05-19,2,3,3,19,0.105263,,,0.000000,,,,,,,,GLOBAL_BASELINE_NO_ENTITY_RANKING,,,NOT_APPLICABLE_GLOBAL_BASELINE,HF9g-P5,,,,X 全窗基线 · 不参与实体赏罚,6879797,688,A168_HF9F_20260827_0900,2026-08-27 09:00:00
2026-05-01,149394799,2170,0,34.1997264022,-34.1997264022,-34.1997264022,0E-7,1,1,0.50665070000000000,0.506650700000,-1.013391052207602,-1.013391052207602,-1.013391052207602,0E-17,ELIGIBLE,R03b_20260811_FULL_v1,L1_ELIGIBILITY,v2026-08-11,2026-03-21..2026-08-06,baccarat_bet02_101_all_pairs_incl_sentinel,round_win = game_pnl > 0 (decisive only),COMPATIBILITY_ONLY_NOT_PRODUCTION,417.2367,396.7168,168.9466,17,17,-0.40491803,,-0.40491803,-0.40491803,-168.9466,417.2367,THIN_EXPOSURE,0.0000,6.7579,4.0000,96.0000,AG03-UNRESOLVED,ALL5_LEVELS_bet23_to_bet27,6.7579,6.7579,6.7579,6.7579,6.7579,4.000000,4.000000,4.000000,4.000000,4.000000,96.000000,96.000000,96.000000,96.000000,96.000000,5.0,33.7893,31.1922,135.1573,137.7545,PENDING_AG03,FALSE,NOT_FOR_ENFORCEMENT,162.1888,380.8482,168.9466,162.1888,6.7579,0.40491803,0.38872131,6.7579,162.1888,0.38872131,6.7579,6.7579,6.7579,6.7579,6.7579,162.1888,0.38872131,33.7893,31.1922,135.1573,137.7545,0.32393443,0.33015911,0.01619672,24.5433,23.3363,9.9380,84.4733,56.3155,208.6183,8.5000,,24.5433,20.5198,20.5198,27.3598,34.1997,34.1997,34.1997,20.5198,-20.5198,1.666667,1.666667,1.196078,3,5,2,2,0E-8,0.40491803,,0E-8,0.000000,0.950820,0.000000,,2026-05-01,2026-05-19,2,3,3,19,0.105263,,,0.000000,,,,,,,,GLOBAL_BASELINE_NO_ENTITY_RANKING,,,NOT_APPLICABLE_GLOBAL_BASELINE,HF9g-P5,,,,X 全窗基线 · 不参与实体赏罚,6879798,688,A168_HF9F_20260827_0900,2026-08-27 09:00:00
2026-05-19,149394799,1115,0,54.7195622436,-1.3679890561,-1.3679890561,0.5000000,2,2,0.49994810000000000,0.499948100000,0.00014679536856514622,0.00014679536856514622,0.00014679536856514622,0E-17,ELIGIBLE,R03b_20260811_FULL_v1,L1_ELIGIBILITY,v2026-08-11,2026-03-21..2026-08-06,baccarat_bet02_101_all_pairs_incl_sentinel,round_win = game_pnl > 0 (decisive only),COMPATIBILITY_ONLY_NOT_PRODUCTION,417.2367,396.7168,168.9466,17,17,-0.40491803,,-0.40491803,-0.40491803,-168.9466,417.2367,THIN_EXPOSURE,0.0000,6.7579,4.0000,96.0000,AG03-UNRESOLVED,ALL5_LEVELS_bet23_to_bet27,6.7579,6.7579,6.7579,6.7579,6.7579,4.000000,4.000000,4.000000,4.000000,4.000000,96.000000,96.000000,96.000000,96.000000,96.000000,5.0,33.7893,31.1922,135.1573,137.7545,PENDING_AG03,FALSE,NOT_FOR_ENFORCEMENT,162.1888,380.8482,168.9466,162.1888,6.7579,0.40491803,0.38872131,6.7579,162.1888,0.38872131,6.7579,6.7579,6.7579,6.7579,6.7579,162.1888,0.38872131,33.7893,31.1922,135.1573,137.7545,0.32393443,0.33015911,0.01619672,24.5433,23.3363,9.9380,84.4733,56.3155,208.6183,8.5000,,24.5433,20.5198,20.5198,27.3598,34.1997,34.1997,34.1997,20.5198,-20.5198,1.666667,1.666667,1.196078,3,5,2,2,0E-8,0.40491803,,0E-8,0.000000,0.950820,0.000000,,2026-05-01,2026-05-19,2,3,3,19,0.105263,,,0.000000,,,,,,,,GLOBAL_BASELINE_NO_ENTITY_RANKING,,,NOT_APPLICABLE_GLOBAL_BASELINE,HF9g-P5,,,,X 全窗基线 · 不参与实体赏罚,6879799,688,A168_HF9F_20260827_0900,2026-08-27 09:00:00
2026-05-19,149394799,1509,0,150.4787961697,-70.4514363887,-70.4514363887,0.3333333,6,6,0.50441650000000000,0.504416500000,-0.838165622096103,-0.838165622096103,-0.838165622096103,0E-17,ELIGIBLE,R03b_20260811_FULL_v1,L1_ELIGIBILITY,v2026-08-11,2026-03-21..2026-08-06,baccarat_bet02_101_all_pairs_incl_sentinel,round_win = game_pnl > 0 (decisive only),COMPATIBILITY_ONLY_NOT_PRODUCTION,417.2367,396.7168,168.9466,17,17,-0.40491803,,-0.40491803,-0.40491803,-168.9466,417.2367,THIN_EXPOSURE,0.0000,6.7579,4.0000,96.0000,AG03-UNRESOLVED,ALL5_LEVELS_bet23_to_bet27,6.7579,6.7579,6.7579,6.7579,6.7579,4.000000,4.000000,4.000000,4.000000,4.000000,96.000000,96.000000,96.000000,96.000000,96.000000,5.0,33.7893,31.1922,135.1573,137.7545,PENDING_AG03,FALSE,NOT_FOR_ENFORCEMENT,162.1888,380.8482,168.9466,162.1888,6.7579,0.40491803,0.38872131,6.7579,162.1888,0.38872131,6.7579,6.7579,6.7579,6.7579,6.7579,162.1888,0.38872131,33.7893,31.1922,135.1573,137.7545,0.32393443,0.33015911,0.01619672,24.5433,23.3363,9.9380,84.4733,56.3155,208.6183,8.5000,,24.5433,20.5198,20.5198,27.3598,34.1997,34.1997,34.1997,20.5198,-20.5198,1.666667,1.666667,1.196078,3,5,2,2,0E-8,0.40491803,,0E-8,0.000000,0.950820,0.000000,,2026-05-01,2026-05-19,2,3,3,19,0.105263,,,0.000000,,,,,,,,GLOBAL_BASELINE_NO_ENTITY_RANKING,,,NOT_APPLICABLE_GLOBAL_BASELINE,HF9g-P5,,,,X 全窗基线 · 不参与实体赏罚,6879800,688,A168_HF9F_20260827_0900,2026-08-27 09:00:00
2026-05-19,149394799,1710,0,157.3187414501,-62.9274965800,-62.9274965800,0.2857143,7,7,0.50473567142857143,0.504735671429,-1.159004222986255,-1.1590042229885325,-1.159004222986255,-4.2857E-13,ELIGIBLE,R03b_20260811_FULL_v1,L1_ELIGIBILITY,v2026-08-11,2026-03-21..2026-08-06,baccarat_bet02_101_all_pairs_incl_sentinel,round_win = game_pnl > 0 (decisive only),COMPATIBILITY_ONLY_NOT_PRODUCTION,417.2367,396.7168,168.9466,17,17,-0.40491803,,-0.40491803,-0.40491803,-168.9466,417.2367,THIN_EXPOSURE,0.0000,6.7579,4.0000,96.0000,AG03-UNRESOLVED,ALL5_LEVELS_bet23_to_bet27,6.7579,6.7579,6.7579,6.7579,6.7579,4.000000,4.000000,4.000000,4.000000,4.000000,96.000000,96.000000,96.000000,96.000000,96.000000,5.0,33.7893,31.1922,135.1573,137.7545,PENDING_AG03,FALSE,NOT_FOR_ENFORCEMENT,162.1888,380.8482,168.9466,162.1888,6.7579,0.40491803,0.38872131,6.7579,162.1888,0.38872131,6.7579,6.7579,6.7579,6.7579,6.7579,162.1888,0.38872131,33.7893,31.1922,135.1573,137.7545,0.32393443,0.33015911,0.01619672,24.5433,23.3363,9.9380,84.4733,56.3155,208.6183,8.5000,,24.5433,20.5198,20.5198,27.3598,34.1997,34.1997,34.1997,20.5198,-20.5198,1.666667,1.666667,1.196078,3,5,2,2,0E-8,0.40491803,,0E-8,0.000000,0.950820,0.000000,,2026-05-01,2026-05-19,2,3,3,19,0.105263,,,0.000000,,,,,,,,GLOBAL_BASELINE_NO_ENTITY_RANKING,,,NOT_APPLICABLE_GLOBAL_BASELINE,HF9g-P5,,,,X 全窗基线 · 不参与实体赏罚,6879801,688,A168_HF9F_20260827_0900,2026-08-27 09:00:00
2026-04-21,148818091,948,0,20.0000000000,-10.0000000000,-10.0000000000,0E-7,2,2,0.49324550000000000,0.493245500000,-0.9865810262130424,-0.9865810262130424,-0.9865810262130424,0E-17,ELIGIBLE,R03b_20260811_FULL_v1,L1_ELIGIBILITY,v2026-08-11,2026-03-21..2026-08-06,baccarat_bet02_101_all_pairs_incl_sentinel,round_win = game_pnl > 0 (decisive only),COMPATIBILITY_ONLY_NOT_PRODUCTION,3423.0000,3223.0000,168.9500,66,66,-0.04935729,,-0.04935729,-0.04935729,-168.9500,3423.0000,OK,0.0000,6.7580,4.0000,96.0000,AG03-UNRESOLVED,ALL5_LEVELS_bet23_to_bet27,6.7580,6.7580,6.7580,6.7580,6.7580,4.000000,4.000000,4.000000,4.000000,4.000000,96.000000,96.000000,96.000000,96.000000,96.000000,5.0,33.7900,31.1928,135.1600,137.7572,PENDING_AG03,FALSE,NOT_FOR_ENFORCEMENT,162.1920,3094.0800,168.9500,162.1920,6.7580,0.04935729,0.04738300,6.7580,162.1920,0.04738300,6.7580,6.7580,6.7580,6.7580,6.7580,162.1920,0.04738300,33.7900,31.1928,135.1600,137.7572,0.03948583,0.04024459,0.00197429,51.8636,48.8333,2.5598,24.1357,21.1188,489.0000,9.4286,,51.8636,20.0,20.0,80.0,120.0,176.0,216.8001,20.0,0.0,8.800002,10.840004,2.593182,8,9,4,2,0E-8,0.04935729,,0E-8,0.000000,0.941572,0.000000,,2026-04-21,2026-05-05,7,8,8,15,0.466667,,,0.000000,,,,,,,,GLOBAL_BASELINE_NO_ENTITY_RANKING,,,NOT_APPLICABLE_GLOBAL_BASELINE,HF9g-P5,,,,X 全窗基线 · 不参与实体赏罚,6879802,688,A168_HF9F_20260827_0900,2026-08-27 09:00:00
2026-04-23,148818091,1400,0,459.0000000000,-126.5000000000,-126.5000000000,0.4615385,14,14,0.50090561428571429,0.500905614286,-0.2838810412416918,-0.28388104124375235,-0.2838810412416918,-2.8571E-13,ELIGIBLE,R03b_20260811_FULL_v1,L1_ELIGIBILITY,v2026-08-11,2026-03-21..2026-08-06,baccarat_bet02_101_all_pairs_incl_sentinel,round_win = game_pnl > 0 (decisive only),COMPATIBILITY_ONLY_NOT_PRODUCTION,3423.0000,3223.0000,168.9500,66,66,-0.04935729,,-0.04935729,-0.04935729,-168.9500,3423.0000,OK,0.0000,6.7580,4.0000,96.0000,AG03-UNRESOLVED,ALL5_LEVELS_bet23_to_bet27,6.7580,6.7580,6.7580,6.7580,6.7580,4.000000,4.000000,4.000000,4.000000,4.000000,96.000000,96.000000,96.000000,96.000000,96.000000,5.0,33.7900,31.1928,135.1600,137.7572,PENDING_AG03,FALSE,NOT_FOR_ENFORCEMENT,162.1920,3094.0800,168.9500,162.1920,6.7580,0.04935729,0.04738300,6.7580,162.1920,0.04738300,6.7580,6.7580,6.7580,6.7580,6.7580,162.1920,0.04738300,33.7900,31.1928,135.1600,137.7572,0.03948583,0.04024459,0.00197429,51.8636,48.8333,2.5598,24.1357,21.1188,489.0000,9.4286,,51.8636,20.0,20.0,80.0,120.0,176.0,216.8001,20.0,0.0,8.800002,10.840004,2.593182,8,9,4,2,0E-8,0.04935729,,0E-8,0.000000,0.941572,0.000000,,2026-04-21,2026-05-05,7,8,8,15,0.466667,,,0.000000,,,,,,,,GLOBAL_BASELINE_NO_ENTITY_RANKING,,,NOT_APPLICABLE_GLOBAL_BASELINE,HF9g-P5,,,,X 全窗基线 · 不参与实体赏罚,6879803,688,A168_HF9F_20260827_0900,2026-08-27 09:00:00
2026-04-26,148818091,2127,0,1409.0000000000,257.0500000000,257.0500000000,0.5416667,25,25,0.50021620400000000,0.500216204000,0.4061299705108864,0.40612997051088645,0.4061299705108864,0E-17,ELIGIBLE,R03b_20260811_FULL_v1,L1_ELIGIBILITY,v2026-08-11,2026-03-21..2026-08-06,baccarat_bet02_101_all_pairs_incl_sentinel,round_win = game_pnl > 0 (decisive only),COMPATIBILITY_ONLY_NOT_PRODUCTION,3423.0000,3223.0000,168.9500,66,66,-0.04935729,,-0.04935729,-0.04935729,-168.9500,3423.0000,OK,0.0000,6.7580,4.0000,96.0000,AG03-UNRESOLVED,ALL5_LEVELS_bet23_to_bet27,6.7580,6.7580,6.7580,6.7580,6.7580,4.000000,4.000000,4.000000,4.000000,4.000000,96.000000,96.000000,96.000000,96.000000,96.000000,5.0,33.7900,31.1928,135.1600,137.7572,PENDING_AG03,FALSE,NOT_FOR_ENFORCEMENT,162.1920,3094.0800,168.9500,162.1920,6.7580,0.04935729,0.04738300,6.7580,162.1920,0.04738300,6.7580,6.7580,6.7580,6.7580,6.7580,162.1920,0.04738300,33.7900,31.1928,135.1600,137.7572,0.03948583,0.04024459,0.00197429,51.8636,48.8333,2.5598,24.1357,21.1188,489.0000,9.4286,,51.8636,20.0,20.0,80.0,120.0,176.0,216.8001,20.0,0.0,8.800002,10.840004,2.593182,8,9,4,2,0E-8,0.04935729,,0E-8,0.000000,0.941572,0.000000,,2026-04-21,2026-05-05,7,8,8,15,0.466667,,,0.000000,,,,,,,,GLOBAL_BASELINE_NO_ENTITY_RANKING,,,NOT_APPLICABLE_GLOBAL_BASELINE,HF9g-P5,,,,X 全窗基线 · 不参与实体赏罚,6879804,688,A168_HF9F_20260827_0900,2026-08-27 09:00:00
2026-04-26,148818091,550,0,310.0000000000,120.0000000000,120.0000000000,0.5555556,9,9,0.50218230000000000,0.502182300000,0.3202425836157423,0.3202425836157423,0.3202425836157423,0E-17,ELIGIBLE,R03b_20260811_FULL_v1,L1_ELIGIBILITY,v2026-08-11,2026-03-21..2026-08-06,baccarat_bet02_101_all_pairs_incl_sentinel,round_win = game_pnl > 0 (decisive only),COMPATIBILITY_ONLY_NOT_PRODUCTION,3423.0000,3223.0000,168.9500,66,66,-0.04935729,,-0.04935729,-0.04935729,-168.9500,3423.0000,OK,0.0000,6.7580,4.0000,96.0000,AG03-UNRESOLVED,ALL5_LEVELS_bet23_to_bet27,6.7580,6.7580,6.7580,6.7580,6.7580,4.000000,4.000000,4.000000,4.000000,4.000000,96.000000,96.000000,96.000000,96.000000,96.000000,5.0,33.7900,31.1928,135.1600,137.7572,PENDING_AG03,FALSE,NOT_FOR_ENFORCEMENT,162.1920,3094.0800,168.9500,162.1920,6.7580,0.04935729,0.04738300,6.7580,162.1920,0.04738300,6.7580,6.7580,6.7580,6.7580,6.7580,162.1920,0.04738300,33.7900,31.1928,135.1600,137.7572,0.03948583,0.04024459,0.00197429,51.8636,48.8333,2.5598,24.1357,21.1188,489.0000,9.4286,,51.8636,20.0,20.0,80.0,120.0,176.0,216.8001,20.0,0.0,8.800002,10.840004,2.593182,8,9,4,2,0E-8,0.04935729,,0E-8,0.000000,0.941572,0.000000,,2026-04-21,2026-05-05,7,8,8,15,0.466667,,,0.000000,,,,,,,,GLOBAL_BASELINE_NO_ENTITY_RANKING,,,NOT_APPLICABLE_GLOBAL_BASELINE,HF9g-P5,,,,X 全窗基线 · 不参与实体赏罚,6879805,688,A168_HF9F_20260827_0900,2026-08-27 09:00:00
2026-04-28,148818091,1941,0,770.0000000000,-243.5000000000,-243.5000000000,0.5000000,6,6,0.50218230000000000,0.502182300000,-0.01069114476356389,-0.01069114476356389,-0.01069114476356389,0E-17,ELIGIBLE,R03b_20260811_FULL_v1,L1_ELIGIBILITY,v2026-08-11,2026-03-21..2026-08-06,baccarat_bet02_101_all_pairs_incl_sentinel,round_win = game_pnl > 0 (decisive only),COMPATIBILITY_ONLY_NOT_PRODUCTION,3423.0000,3223.0000,168.9500,66,66,-0.04935729,,-0.04935729,-0.04935729,-168.9500,3423.0000,OK,0.0000,6.7580,4.0000,96.0000,AG03-UNRESOLVED,ALL5_LEVELS_bet23_to_bet27,6.7580,6.7580,6.7580,6.7580,6.7580,4.000000,4.000000,4.000000,4.000000,4.000000,96.000000,96.000000,96.000000,96.000000,96.000000,5.0,33.7900,31.1928,135.1600,137.7572,PENDING_AG03,FALSE,NOT_FOR_ENFORCEMENT,162.1920,3094.0800,168.9500,162.1920,6.7580,0.04935729,0.04738300,6.7580,162.1920,0.04738300,6.7580,6.7580,6.7580,6.7580,6.7580,162.1920,0.04738300,33.7900,31.1928,135.1600,137.7572,0.03948583,0.04024459,0.00197429,51.8636,48.8333,2.5598,24.1357,21.1188,489.0000,9.4286,,51.8636,20.0,20.0,80.0,120.0,176.0,216.8001,20.0,0.0,8.800002,10.840004,2.593182,8,9,4,2,0E-8,0.04935729,,0E-8,0.000000,0.941572,0.000000,,2026-04-21,2026-05-05,7,8,8,15,0.466667,,,0.000000,,,,,,,,GLOBAL_BASELINE_NO_ENTITY_RANKING,,,NOT_APPLICABLE_GLOBAL_BASELINE,HF9g-P5,,,,X 全窗基线 · 不参与实体赏罚,6879806,688,A168_HF9F_20260827_0900,2026-08-27 09:00:00
2026-05-03,148818091,2246,0,15.0000000000,-5.0000000000,-5.0000000000,0.5000000,2,2,0.49324550000000000,0.493245500000,0.01910635448239258,0.01910635448239258,0.01910635448239258,0E-17,ELIGIBLE,R03b_20260811_FULL_v1,L1_ELIGIBILITY,v2026-08-11,2026-03-21..2026-08-06,baccarat_bet02_101_all_pairs_incl_sentinel,round_win = game_pnl > 0 (decisive only),COMPATIBILITY_ONLY_NOT_PRODUCTION,3423.0000,3223.0000,168.9500,66,66,-0.04935729,,-0.04935729,-0.04935729,-168.9500,3423.0000,OK,0.0000,6.7580,4.0000,96.0000,AG03-UNRESOLVED,ALL5_LEVELS_bet23_to_bet27,6.7580,6.7580,6.7580,6.7580,6.7580,4.000000,4.000000,4.000000,4.000000,4.000000,96.000000,96.000000,96.000000,96.000000,96.000000,5.0,33.7900,31.1928,135.1600,137.7572,PENDING_AG03,FALSE,NOT_FOR_ENFORCEMENT,162.1920,3094.0800,168.9500,162.1920,6.7580,0.04935729,0.04738300,6.7580,162.1920,0.04738300,6.7580,6.7580,6.7580,6.7580,6.7580,162.1920,0.04738300,33.7900,31.1928,135.1600,137.7572,0.03948583,0.04024459,0.00197429,51.8636,48.8333,2.5598,24.1357,21.1188,489.0000,9.4286,,51.8636,20.0,20.0,80.0,120.0,176.0,216.8001,20.0,0.0,8.800002,10.840004,2.593182,8,9,4,2,0E-8,0.04935729,,0E-8,0.000000,0.941572,0.000000,,2026-04-21,2026-05-05,7,8,8,15,0.466667,,,0.000000,,,,,,,,GLOBAL_BASELINE_NO_ENTITY_RANKING,,,NOT_APPLICABLE_GLOBAL_BASELINE,HF9g-P5,,,,X 全窗基线 · 不参与实体赏罚,6879807,688,A168_HF9F_20260827_0900,2026-08-27 09:00:00
2026-05-04,148818091,-1,1,200.0000000000,39.0000000000,39.0000000000,0.6666667,5,5,0.49860758000000000,0.498607580000,0.5821760110496081,0.5821760110496081,0.5821760110496081,0E-17,SENTINEL_DEALER,R03b_20260811_FULL_v1,L1_ELIGIBILITY,v2026-08-11,2026-03-21..2026-08-06,baccarat_bet02_101_all_pairs_incl_sentinel,round_win = game_pnl > 0 (decisive only),COMPATIBILITY_ONLY_NOT_PRODUCTION,3423.0000,3223.0000,168.9500,66,66,-0.04935729,,-0.04935729,-0.04935729,-168.9500,3423.0000,OK,0.0000,6.7580,4.0000,96.0000,AG03-UNRESOLVED,ALL5_LEVELS_bet23_to_bet27,6.7580,6.7580,6.7580,6.7580,6.7580,4.000000,4.000000,4.000000,4.000000,4.000000,96.000000,96.000000,96.000000,96.000000,96.000000,5.0,33.7900,31.1928,135.1600,137.7572,PENDING_AG03,FALSE,NOT_FOR_ENFORCEMENT,162.1920,3094.0800,168.9500,162.1920,6.7580,0.04935729,0.04738300,6.7580,162.1920,0.04738300,6.7580,6.7580,6.7580,6.7580,6.7580,162.1920,0.04738300,33.7900,31.1928,135.1600,137.7572,0.03948583,0.04024459,0.00197429,51.8636,48.8333,2.5598,24.1357,21.1188,489.0000,9.4286,,51.8636,20.0,20.0,80.0,120.0,176.0,216.8001,20.0,0.0,8.800002,10.840004,2.593182,8,9,4,2,0E-8,0.04935729,,0E-8,0.000000,0.941572,0.000000,,2026-04-21,2026-05-05,7,8,8,15,0.466667,,,0.000000,,,,,,,,GLOBAL_BASELINE_NO_ENTITY_RANKING,,,NOT_APPLICABLE_GLOBAL_BASELINE,HF9g-P5,,,,X 全窗基线 · 不参与实体赏罚,6879808,688,A168_HF9F_20260827_0900,2026-08-27 09:00:00
2026-05-04,148818091,2250,0,40.0000000000,0E-10,0E-10,0.5000000,2,2,0.49994810000000000,0.499948100000,0.00014679536856514622,0.00014679536856514622,0.00014679536856514622,0E-17,ELIGIBLE,R03b_20260811_FULL_v1,L1_ELIGIBILITY,v2026-08-11,2026-03-21..2026-08-06,baccarat_bet02_101_all_pairs_incl_sentinel,round_win = game_pnl > 0 (decisive only),COMPATIBILITY_ONLY_NOT_PRODUCTION,3423.0000,3223.0000,168.9500,66,66,-0.04935729,,-0.04935729,-0.04935729,-168.9500,3423.0000,OK,0.0000,6.7580,4.0000,96.0000,AG03-UNRESOLVED,ALL5_LEVELS_bet23_to_bet27,6.7580,6.7580,6.7580,6.7580,6.7580,4.000000,4.000000,4.000000,4.000000,4.000000,96.000000,96.000000,96.000000,96.000000,96.000000,5.0,33.7900,31.1928,135.1600,137.7572,PENDING_AG03,FALSE,NOT_FOR_ENFORCEMENT,162.1920,3094.0800,168.9500,162.1920,6.7580,0.04935729,0.04738300,6.7580,162.1920,0.04738300,6.7580,6.7580,6.7580,6.7580,6.7580,162.1920,0.04738300,33.7900,31.1928,135.1600,137.7572,0.03948583,0.04024459,0.00197429,51.8636,48.8333,2.5598,24.1357,21.1188,489.0000,9.4286,,51.8636,20.0,20.0,80.0,120.0,176.0,216.8001,20.0,0.0,8.800002,10.840004,2.593182,8,9,4,2,0E-8,0.04935729,,0E-8,0.000000,0.941572,0.000000,,2026-04-21,2026-05-05,7,8,8,15,0.466667,,,0.000000,,,,,,,,GLOBAL_BASELINE_NO_ENTITY_RANKING,,,NOT_APPLICABLE_GLOBAL_BASELINE,HF9g-P5,,,,X 全窗基线 · 不参与实体赏罚,6879809,688,A168_HF9F_20260827_0900,2026-08-27 09:00:00
2026-05-05,148818091,1060,0,200.0000000000,-200.0000000000,-200.0000000000,0E-7,1,1,0.49324550000000000,0.493245500000,-0.9865810262130424,-0.9865810262130424,-0.9865810262130424,0E-17,ELIGIBLE,R03b_20260811_FULL_v1,L1_ELIGIBILITY,v2026-08-11,2026-03-21..2026-08-06,baccarat_bet02_101_all_pairs_incl_sentinel,round_win = game_pnl > 0 (decisive only),COMPATIBILITY_ONLY_NOT_PRODUCTION,3423.0000,3223.0000,168.9500,66,66,-0.04935729,,-0.04935729,-0.04935729,-168.9500,3423.0000,OK,0.0000,6.7580,4.0000,96.0000,AG03-UNRESOLVED,ALL5_LEVELS_bet23_to_bet27,6.7580,6.7580,6.7580,6.7580,6.7580,4.000000,4.000000,4.000000,4.000000,4.000000,96.000000,96.000000,96.000000,96.000000,96.000000,5.0,33.7900,31.1928,135.1600,137.7572,PENDING_AG03,FALSE,NOT_FOR_ENFORCEMENT,162.1920,3094.0800,168.9500,162.1920,6.7580,0.04935729,0.04738300,6.7580,162.1920,0.04738300,6.7580,6.7580,6.7580,6.7580,6.7580,162.1920,0.04738300,33.7900,31.1928,135.1600,137.7572,0.03948583,0.04024459,0.00197429,51.8636,48.8333,2.5598,24.1357,21.1188,489.0000,9.4286,,51.8636,20.0,20.0,80.0,120.0,176.0,216.8001,20.0,0.0,8.800002,10.840004,2.593182,8,9,4,2,0E-8,0.04935729,,0E-8,0.000000,0.941572,0.000000,,2026-04-21,2026-05-05,7,8,8,15,0.466667,,,0.000000,,,,,,,,GLOBAL_BASELINE_NO_ENTITY_RANKING,,,NOT_APPLICABLE_GLOBAL_BASELINE,HF9g-P5,,,,X 全窗基线 · 不参与实体赏罚,6879810,688,A168_HF9F_20260827_0900,2026-08-27 09:00:00
2026-06-01,150856602,1330,0,516.1107825235,-168.9510633373,-168.9510633373,0.2500000,11,11,0.50421339090909091,0.504213390909,-1.4380991617278664,-1.4380991617273502,-1.4380991617278664,9.091E-14,ELIGIBLE,R03b_20260811_FULL_v1,L1_ELIGIBILITY,v2026-08-11,2026-03-21..2026-08-06,baccarat_bet02_101_all_pairs_incl_sentinel,round_win = game_pnl > 0 (decisive only),COMPATIBILITY_ONLY_NOT_PRODUCTION,516.1108,348.9598,168.9511,11,11,-0.32735426,,-0.32735426,-0.32735426,-168.9511,516.1108,THIN_EXPOSURE,0.0000,6.7580,4.0000,96.0000,AG03-UNRESOLVED,ALL5_LEVELS_bet23_to_bet27,6.7580,6.7580,6.7580,8.4476,8.4476,4.000000,4.000000,4.000000,5.000000,5.000000,96.000000,96.000000,96.000000,95.000000,95.000000,5.0,37.1692,34.048,131.7818,134.9031,PENDING_AG03,FALSE,NOT_FOR_ENFORCEMENT,162.1930,335.0014,168.9511,162.1930,6.7580,0.32735426,0.31426009,6.7580,162.1930,0.31426009,6.7580,6.7580,6.7580,8.4476,8.4476,162.1930,0.31426009,37.1692,34.048,131.7818,134.9031,0.25533632,0.26138394,0.01309417,46.9192,31.7236,15.3592,168.9511,168.9511,516.1108,11.0000,,46.9192,25.7155,25.7155,70.7177,98.439,127.7162,130.3778,12.8578,-12.8578,4.9665,5.07,1.824545,1,1,1,2,0E-8,0.32735426,,0E-8,0.000000,0.676134,1.000000,,2026-06-01,2026-06-01,1,1,1,1,1.000000,,,0.000000,,,,,,,,GLOBAL_BASELINE_NO_ENTITY_RANKING,,,NOT_APPLICABLE_GLOBAL_BASELINE,HF9g-P5,,,,X 全窗基线 · 不参与实体赏罚,6879811,688,A168_HF9F_20260827_0900,2026-08-27 09:00:00
2026-06-12,107101009,2115,0,168.9510633374,-168.9510633374,-168.9510633374,0E-7,1,1,0.49324550000000000,0.493245500000,-0.9865810262130424,-0.9865810262130424,-0.9865810262130424,0E-17,ELIGIBLE,R03b_20260811_FULL_v1,L1_ELIGIBILITY,v2026-08-11,2026-03-21..2026-08-06,baccarat_bet02_101_all_pairs_incl_sentinel,round_win = game_pnl > 0 (decisive only),COMPATIBILITY_ONLY_NOT_PRODUCTION,168.9511,168.9511,168.9511,1,1,-1.00000000,,-1.00000000,-1.00000000,-168.9511,168.9511,THIN_EXPOSURE,0.0000,6.7580,4.0000,96.0000,AG03-UNRESOLVED,ALL5_LEVELS_bet23_to_bet27,6.7580,6.7580,6.7580,8.4476,8.4476,4.000000,4.000000,4.000000,5.000000,5.000000,96.000000,96.000000,96.000000,95.000000,95.000000,5.0,37.1692,34.048,131.7818,134.9031,PENDING_AG03,FALSE,NOT_FOR_ENFORCEMENT,162.1930,162.1930,168.9511,162.1930,6.7580,1.00000000,0.96000000,6.7580,162.1930,0.96000000,6.7580,6.7580,6.7580,8.4476,8.4476,162.1930,0.96000000,37.1692,34.048,131.7818,134.9031,0.78000000,0.79847424,0.04000000,168.9511,168.9511,168.9511,168.9511,168.9511,168.9511,1.0000,,168.9511,168.9511,168.9511,168.9511,168.9511,168.9511,168.9511,168.9511,-168.9511,1.0,1.0,1.0,1,1,1,1,0E-8,1.00000000,,0E-8,0.000000,1.000000,0.000000,,2026-06-12,2026-06-12,1,1,1,1,1.000000,,,0.000000,,,,,,,,GLOBAL_BASELINE_NO_ENTITY_RANKING,,,NOT_APPLICABLE_GLOBAL_BASELINE,HF9g-P5,,,,X 全窗基线 · 不参与实体赏罚,6879812,688,A168_HF9F_20260827_0900,2026-08-27 09:00:00
2026-04-12,148550473,2127,0,41.8815276287,19.3702065283,19.3702065283,1.0000000,3,1,0.40201181249975016,0.227613666667,1.2196266214952394,1.8421208701535483,1.2196266214952394,0.17439814583275016,ELIGIBLE,R03b_20260811_FULL_v1,L1_ELIGIBILITY,v2026-08-11,2026-03-21..2026-08-06,baccarat_bet02_101_all_pairs_incl_sentinel,round_win = game_pnl > 0 (decisive only),COMPATIBILITY_ONLY_NOT_PRODUCTION,1835.1363,1678.0806,168.9583,59,22,-0.09206852,,-0.09206852,-0.09206852,-168.9583,1835.1363,OK,0.0000,6.7583,4.0000,96.0000,AG03-UNRESOLVED,ALL5_LEVELS_bet23_to_bet27,6.7583,6.7583,6.7583,8.4479,8.4479,4.000000,4.000000,4.000000,5.000000,5.000000,96.000000,96.000000,96.000000,95.000000,95.000000,5.0,37.1708,34.0494,131.7875,134.9088,PENDING_AG03,FALSE,NOT_FOR_ENFORCEMENT,162.2000,1610.9574,168.9583,162.2000,6.7583,0.09206852,0.08838578,6.7583,162.2000,0.08838578,6.7583,6.7583,6.7583,8.4479,8.4479,162.2000,0.08838578,37.1708,34.0494,131.7875,134.9088,0.07181345,0.07351434,0.00368274,31.1040,76.2764,7.6799,56.3194,18.7731,611.7121,7.3333,,31.1040,6.4785,13.088,47.1167,86.7995,130.8798,132.7854,13.088,-10.4704,10.0,10.1456,2.376533,5,8,5,7,0E-8,0.09206852,,0E-8,0.000000,0.914417,0.000000,,2026-04-12,2026-06-02,3,9,8,52,0.057692,,,0.000000,,,,,,,,GLOBAL_BASELINE_NO_ENTITY_RANKING,,,NOT_APPLICABLE_GLOBAL_BASELINE,HF9g-P5,,,,X 全窗基线 · 不参与实体赏罚,6879813,688,A168_HF9F_20260827_0900,2026-08-27 09:00:00
2026-04-12,148550473,2145,0,209.4076381437,152.4749365232,152.4749365232,1.0000000,6,2,0.39356144206334774,0.220708450000,1.755505237067897,2.657391252037901,1.755505237067897,0.17285299206334774,ELIGIBLE,R03b_20260811_FULL_v1,L1_ELIGIBILITY,v2026-08-11,2026-03-21..2026-08-06,baccarat_bet02_101_all_pairs_incl_sentinel,round_win = game_pnl > 0 (decisive only),COMPATIBILITY_ONLY_NOT_PRODUCTION,1835.1363,1678.0806,168.9583,59,22,-0.09206852,,-0.09206852,-0.09206852,-168.9583,1835.1363,OK,0.0000,6.7583,4.0000,96.0000,AG03-UNRESOLVED,ALL5_LEVELS_bet23_to_bet27,6.7583,6.7583,6.7583,8.4479,8.4479,4.000000,4.000000,4.000000,5.000000,5.000000,96.000000,96.000000,96.000000,95.000000,95.000000,5.0,37.1708,34.0494,131.7875,134.9088,PENDING_AG03,FALSE,NOT_FOR_ENFORCEMENT,162.2000,1610.9574,168.9583,162.2000,6.7583,0.09206852,0.08838578,6.7583,162.2000,0.08838578,6.7583,6.7583,6.7583,8.4479,8.4479,162.2000,0.08838578,37.1708,34.0494,131.7875,134.9088,0.07181345,0.07351434,0.00368274,31.1040,76.2764,7.6799,56.3194,18.7731,611.7121,7.3333,,31.1040,6.4785,13.088,47.1167,86.7995,130.8798,132.7854,13.088,-10.4704,10.0,10.1456,2.376533,5,8,5,7,0E-8,0.09206852,,0E-8,0.000000,0.914417,0.000000,,2026-04-12,2026-06-02,3,9,8,52,0.057692,,,0.000000,,,,,,,,GLOBAL_BASELINE_NO_ENTITY_RANKING,,,NOT_APPLICABLE_GLOBAL_BASELINE,HF9g-P5,,,,X 全窗基线 · 不参与实体赏罚,6879814,688,A168_HF9F_20260827_0900,2026-08-27 09:00:00
2026-04-12,148550473,2171,0,271.9681700391,-16.7526110515,-16.7526110515,0.3333333,9,3,0.42027261970022888,0.221385644444,-0.30506981844655484,0.46702467641147916,-0.30506981844655484,0.19888697525622888,ELIGIBLE,R03b_20260811_FULL_v1,L1_ELIGIBILITY,v2026-08-11,2026-03-21..2026-08-06,baccarat_bet02_101_all_pairs_incl_sentinel,round_win = game_pnl > 0 (decisive only),COMPATIBILITY_ONLY_NOT_PRODUCTION,1835.1363,1678.0806,168.9583,59,22,-0.09206852,,-0.09206852,-0.09206852,-168.9583,1835.1363,OK,0.0000,6.7583,4.0000,96.0000,AG03-UNRESOLVED,ALL5_LEVELS_bet23_to_bet27,6.7583,6.7583,6.7583,8.4479,8.4479,4.000000,4.000000,4.000000,5.000000,5.000000,96.000000,96.000000,96.000000,95.000000,95.000000,5.0,37.1708,34.0494,131.7875,134.9088,PENDING_AG03,FALSE,NOT_FOR_ENFORCEMENT,162.2000,1610.9574,168.9583,162.2000,6.7583,0.09206852,0.08838578,6.7583,162.2000,0.08838578,6.7583,6.7583,6.7583,8.4479,8.4479,162.2000,0.08838578,37.1708,34.0494,131.7875,134.9088,0.07181345,0.07351434,0.00368274,31.1040,76.2764,7.6799,56.3194,18.7731,611.7121,7.3333,,31.1040,6.4785,13.088,47.1167,86.7995,130.8798,132.7854,13.088,-10.4704,10.0,10.1456,2.376533,5,8,5,7,0E-8,0.09206852,,0E-8,0.000000,0.914417,0.000000,,2026-04-12,2026-06-02,3,9,8,52,0.057692,,,0.000000,,,,,,,,GLOBAL_BASELINE_NO_ENTITY_RANKING,,,NOT_APPLICABLE_GLOBAL_BASELINE,HF9g-P5,,,,X 全窗基线 · 不参与实体赏罚,6879815,688,A168_HF9F_20260827_0900,2026-08-27 09:00:00
2026-04-14,148550473,1330,0,196.3196607598,-43.1903253672,-43.1903253672,0.5000000,6,2,0.39916890555544928,0.238250212500,0.2911755652092757,0.8689174447722939,0.2911755652092757,0.16091869305544928,ELIGIBLE,R03b_20260811_FULL_v1,L1_ELIGIBILITY,v2026-08-11,2026-03-21..2026-08-06,baccarat_bet02_101_all_pairs_incl_sentinel,round_win = game_pnl > 0 (decisive only),COMPATIBILITY_ONLY_NOT_PRODUCTION,1835.1363,1678.0806,168.9583,59,22,-0.09206852,,-0.09206852,-0.09206852,-168.9583,1835.1363,OK,0.0000,6.7583,4.0000,96.0000,AG03-UNRESOLVED,ALL5_LEVELS_bet23_to_bet27,6.7583,6.7583,6.7583,8.4479,8.4479,4.000000,4.000000,4.000000,5.000000,5.000000,96.000000,96.000000,96.000000,95.000000,95.000000,5.0,37.1708,34.0494,131.7875,134.9088,PENDING_AG03,FALSE,NOT_FOR_ENFORCEMENT,162.2000,1610.9574,168.9583,162.2000,6.7583,0.09206852,0.08838578,6.7583,162.2000,0.08838578,6.7583,6.7583,6.7583,8.4479,8.4479,162.2000,0.08838578,37.1708,34.0494,131.7875,134.9088,0.07181345,0.07351434,0.00368274,31.1040,76.2764,7.6799,56.3194,18.7731,611.7121,7.3333,,31.1040,6.4785,13.088,47.1167,86.7995,130.8798,132.7854,13.088,-10.4704,10.0,10.1456,2.376533,5,8,5,7,0E-8,0.09206852,,0E-8,0.000000,0.914417,0.000000,,2026-04-12,2026-06-02,3,9,8,52,0.057692,,,0.000000,,,,,,,,GLOBAL_BASELINE_NO_ENTITY_RANKING,,,NOT_APPLICABLE_GLOBAL_BASELINE,HF9g-P5,,,,X 全窗基线 · 不参与实体赏罚,6879816,688,A168_HF9F_20260827_0900,2026-08-27 09:00:00
2026-04-14,148550473,1374,0,39.2639321520,-39.2639321520,-39.2639321520,0E-7,2,2,0.50665070000000000,0.506650700000,-1.4331513700195317,-1.4331513700195317,-1.4331513700195317,0E-17,ELIGIBLE,R03b_20260811_FULL_v1,L1_ELIGIBILITY,v2026-08-11,2026-03-21..2026-08-06,baccarat_bet02_101_all_pairs_incl_sentinel,round_win = game_pnl > 0 (decisive only),COMPATIBILITY_ONLY_NOT_PRODUCTION,1835.1363,1678.0806,168.9583,59,22,-0.09206852,,-0.09206852,-0.09206852,-168.9583,1835.1363,OK,0.0000,6.7583,4.0000,96.0000,AG03-UNRESOLVED,ALL5_LEVELS_bet23_to_bet27,6.7583,6.7583,6.7583,8.4479,8.4479,4.000000,4.000000,4.000000,5.000000,5.000000,96.000000,96.000000,96.000000,95.000000,95.000000,5.0,37.1708,34.0494,131.7875,134.9088,PENDING_AG03,FALSE,NOT_FOR_ENFORCEMENT,162.2000,1610.9574,168.9583,162.2000,6.7583,0.09206852,0.08838578,6.7583,162.2000,0.08838578,6.7583,6.7583,6.7583,8.4479,8.4479,162.2000,0.08838578,37.1708,34.0494,131.7875,134.9088,0.07181345,0.07351434,0.00368274,31.1040,76.2764,7.6799,56.3194,18.7731,611.7121,7.3333,,31.1040,6.4785,13.088,47.1167,86.7995,130.8798,132.7854,13.088,-10.4704,10.0,10.1456,2.376533,5,8,5,7,0E-8,0.09206852,,0E-8,0.000000,0.914417,0.000000,,2026-04-12,2026-06-02,3,9,8,52,0.057692,,,0.000000,,,,,,,,GLOBAL_BASELINE_NO_ENTITY_RANKING,,,NOT_APPLICABLE_GLOBAL_BASELINE,HF9g-P5,,,,X 全窗基线 · 不参与实体赏罚,6879817,688,A168_HF9F_20260827_0900,2026-08-27 09:00:00
2026-04-14,148550473,1702,0,266.9947386332,146.5853467004,146.5853467004,1.0000000,12,3,0.39761660641009366,0.184716833333,2.1318903589091804,3.6388288368071833,2.1318903589091804,0.21289977307709366,ELIGIBLE,R03b_20260811_FULL_v1,L1_ELIGIBILITY,v2026-08-11,2026-03-21..2026-08-06,baccarat_bet02_101_all_pairs_incl_sentinel,round_win = game_pnl > 0 (decisive only),COMPATIBILITY_ONLY_NOT_PRODUCTION,1835.1363,1678.0806,168.9583,59,22,-0.09206852,,-0.09206852,-0.09206852,-168.9583,1835.1363,OK,0.0000,6.7583,4.0000,96.0000,AG03-UNRESOLVED,ALL5_LEVELS_bet23_to_bet27,6.7583,6.7583,6.7583,8.4479,8.4479,4.000000,4.000000,4.000000,5.000000,5.000000,96.000000,96.000000,96.000000,95.000000,95.000000,5.0,37.1708,34.0494,131.7875,134.9088,PENDING_AG03,FALSE,NOT_FOR_ENFORCEMENT,162.2000,1610.9574,168.9583,162.2000,6.7583,0.09206852,0.08838578,6.7583,162.2000,0.08838578,6.7583,6.7583,6.7583,8.4479,8.4479,162.2000,0.08838578,37.1708,34.0494,131.7875,134.9088,0.07181345,0.07351434,0.00368274,31.1040,76.2764,7.6799,56.3194,18.7731,611.7121,7.3333,,31.1040,6.4785,13.088,47.1167,86.7995,130.8798,132.7854,13.088,-10.4704,10.0,10.1456,2.376533,5,8,5,7,0E-8,0.09206852,,0E-8,0.000000,0.914417,0.000000,,2026-04-12,2026-06-02,3,9,8,52,0.057692,,,0.000000,,,,,,,,GLOBAL_BASELINE_NO_ENTITY_RANKING,,,NOT_APPLICABLE_GLOBAL_BASELINE,HF9g-P5,,,,X 全窗基线 · 不参与实体赏罚,6879818,688,A168_HF9F_20260827_0900,2026-08-27 09:00:00
2026-04-14,148550473,2177,0,639.2168154337,-218.0980551269,-218.0980551269,0.3333333,17,6,0.41169544792112246,0.259539365278,-0.3900251702460561,0.4123290016516097,-0.3900251702460561,0.15215608264312246,ELIGIBLE,R03b_20260811_FULL_v1,L1_ELIGIBILITY,v2026-08-11,2026-03-21..2026-08-06,baccarat_bet02_101_all_pairs_incl_sentinel,round_win = game_pnl > 0 (decisive only),COMPATIBILITY_ONLY_NOT_PRODUCTION,1835.1363,1678.0806,168.9583,59,22,-0.09206852,,-0.09206852,-0.09206852,-168.9583,1835.1363,OK,0.0000,6.7583,4.0000,96.0000,AG03-UNRESOLVED,ALL5_LEVELS_bet23_to_bet27,6.7583,6.7583,6.7583,8.4479,8.4479,4.000000,4.000000,4.000000,5.000000,5.000000,96.000000,96.000000,96.000000,95.000000,95.000000,5.0,37.1708,34.0494,131.7875,134.9088,PENDING_AG03,FALSE,NOT_FOR_ENFORCEMENT,162.2000,1610.9574,168.9583,162.2000,6.7583,0.09206852,0.08838578,6.7583,162.2000,0.08838578,6.7583,6.7583,6.7583,8.4479,8.4479,162.2000,0.08838578,37.1708,34.0494,131.7875,134.9088,0.07181345,0.07351434,0.00368274,31.1040,76.2764,7.6799,56.3194,18.7731,611.7121,7.3333,,31.1040,6.4785,13.088,47.1167,86.7995,130.8798,132.7854,13.088,-10.4704,10.0,10.1456,2.376533,5,8,5,7,0E-8,0.09206852,,0E-8,0.000000,0.914417,0.000000,,2026-04-12,2026-06-02,3,9,8,52,0.057692,,,0.000000,,,,,,,,GLOBAL_BASELINE_NO_ENTITY_RANKING,,,NOT_APPLICABLE_GLOBAL_BASELINE,HF9g-P5,,,,X 全窗基线 · 不参与实体赏罚,6879819,688,A168_HF9F_20260827_0900,2026-08-27 09:00:00
2026-04-14,148550473,763,0,166.7408318719,-166.7408318719,-166.7408318719,0E-7,3,2,0.47484324965986958,0.400384900000,-1.344762704565187,-1.1556266868189036,-1.344762704565187,0.07445834965986958,ELIGIBLE,R03b_20260811_FULL_v1,L1_ELIGIBILITY,v2026-08-11,2026-03-21..2026-08-06,baccarat_bet02_101_all_pairs_incl_sentinel,round_win = game_pnl > 0 (decisive only),COMPATIBILITY_ONLY_NOT_PRODUCTION,1835.1363,1678.0806,168.9583,59,22,-0.09206852,,-0.09206852,-0.09206852,-168.9583,1835.1363,OK,0.0000,6.7583,4.0000,96.0000,AG03-UNRESOLVED,ALL5_LEVELS_bet23_to_bet27,6.7583,6.7583,6.7583,8.4479,8.4479,4.000000,4.000000,4.000000,5.000000,5.000000,96.000000,96.000000,96.000000,95.000000,95.000000,5.0,37.1708,34.0494,131.7875,134.9088,PENDING_AG03,FALSE,NOT_FOR_ENFORCEMENT,162.2000,1610.9574,168.9583,162.2000,6.7583,0.09206852,0.08838578,6.7583,162.2000,0.08838578,6.7583,6.7583,6.7583,8.4479,8.4479,162.2000,0.08838578,37.1708,34.0494,131.7875,134.9088,0.07181345,0.07351434,0.00368274,31.1040,76.2764,7.6799,56.3194,18.7731,611.7121,7.3333,,31.1040,6.4785,13.088,47.1167,86.7995,130.8798,132.7854,13.088,-10.4704,10.0,10.1456,2.376533,5,8,5,7,0E-8,0.09206852,,0E-8,0.000000,0.914417,0.000000,,2026-04-12,2026-06-02,3,9,8,52,0.057692,,,0.000000,,,,,,,,GLOBAL_BASELINE_NO_ENTITY_RANKING,,,NOT_APPLICABLE_GLOBAL_BASELINE,HF9g-P5,,,,X 全窗基线 · 不参与实体赏罚,6879820,688,A168_HF9F_20260827_0900,2026-08-27 09:00:00
2026-06-02,148550473,2171,0,3.3430195181,-3.3430195181,-3.3430195181,0E-7,1,1,0.50665070000000000,0.506650700000,-1.013391052207602,-1.013391052207602,-1.013391052207602,0E-17,ELIGIBLE,R03b_20260811_FULL_v1,L1_ELIGIBILITY,v2026-08-11,2026-03-21..2026-08-06,baccarat_bet02_101_all_pairs_incl_sentinel,round_win = game_pnl > 0 (decisive only),COMPATIBILITY_ONLY_NOT_PRODUCTION,1835.1363,1678.0806,168.9583,59,22,-0.09206852,,-0.09206852,-0.09206852,-168.9583,1835.1363,OK,0.0000,6.7583,4.0000,96.0000,AG03-UNRESOLVED,ALL5_LEVELS_bet23_to_bet27,6.7583,6.7583,6.7583,8.4479,8.4479,4.000000,4.000000,4.000000,5.000000,5.000000,96.000000,96.000000,96.000000,95.000000,95.000000,5.0,37.1708,34.0494,131.7875,134.9088,PENDING_AG03,FALSE,NOT_FOR_ENFORCEMENT,162.2000,1610.9574,168.9583,162.2000,6.7583,0.09206852,0.08838578,6.7583,162.2000,0.08838578,6.7583,6.7583,6.7583,8.4479,8.4479,162.2000,0.08838578,37.1708,34.0494,131.7875,134.9088,0.07181345,0.07351434,0.00368274,31.1040,76.2764,7.6799,56.3194,18.7731,611.7121,7.3333,,31.1040,6.4785,13.088,47.1167,86.7995,130.8798,132.7854,13.088,-10.4704,10.0,10.1456,2.376533,5,8,5,7,0E-8,0.09206852,,0E-8,0.000000,0.914417,0.000000,,2026-04-12,2026-06-02,3,9,8,52,0.057692,,,0.000000,,,,,,,,GLOBAL_BASELINE_NO_ENTITY_RANKING,,,NOT_APPLICABLE_GLOBAL_BASELINE,HF9g-P5,,,,X 全窗基线 · 不参与实体赏罚,6879821,688,A168_HF9F_20260827_0900,2026-08-27 09:00:00
2026-05-06,149660320,-1,1,47.9995848685,10.8972030512,10.8972030512,0.5000000,5,4,0.47281091249970623,0.442322425000,0.10891750298233098,0.23226080057400214,0.10891750298233098,0.03048848749970623,SENTINEL_DEALER,R03b_20260811_FULL_v1,L1_ELIGIBILITY,v2026-08-11,2026-03-21..2026-08-06,baccarat_bet02_101_all_pairs_incl_sentinel,round_win = game_pnl > 0 (decisive only),COMPATIBILITY_ONLY_NOT_PRODUCTION,743.0855,667.8429,167.2202,31,20,-0.22503492,,-0.22503492,-0.22503492,-167.2202,743.0855,OK,0.0000,5.0166,3.0000,97.0000,AG03-UNRESOLVED,ALL5_LEVELS_bet23_to_bet27,5.0166,5.0166,5.0166,6.6888,6.6888,3.000000,3.000000,3.000000,4.000000,4.000000,97.000000,97.000000,97.000000,96.000000,96.000000,5.0,28.4274,26.568,138.7927,140.6521,PENDING_AG03,FALSE,NOT_FOR_ENFORCEMENT,162.2036,647.8076,167.2202,162.2036,5.0166,0.22503492,0.21828387,5.0166,162.2036,0.21828387,5.0166,5.0166,5.0166,6.6888,6.6888,162.2036,0.21828387,28.4274,26.568,138.7927,140.6521,0.18677898,0.18928124,0.00675105,23.9705,33.3921,8.3610,83.6101,10.4513,371.5427,10.0000,,23.9705,5.8378,10.3783,45.405,77.8372,77.8372,103.7829,7.7837,-2.5946,7.5,10.0,2.309677,15,10,2,6,0E-8,0.22503492,,0E-8,0.000000,0.898743,0.000000,,2026-05-06,2026-05-07,2,16,16,2,1.000000,,,0.000000,,,,,,,,GLOBAL_BASELINE_NO_ENTITY_RANKING,,,NOT_APPLICABLE_GLOBAL_BASELINE,HF9g-P5,,,,X 全窗基线 · 不参与实体赏罚,6879822,688,A168_HF9F_20260827_0900,2026-08-27 09:00:00
2026-05-06,149660320,1330,0,64.6048466610,22.0538633177,22.0538633177,0.7500000,9,4,0.40637886878934139,0.250279195833,1.3992316632524107,2.307253265013523,1.3992316632524107,0.15609967295634139,ELIGIBLE,R03b_20260811_FULL_v1,L1_ELIGIBILITY,v2026-08-11,2026-03-21..2026-08-06,baccarat_bet02_101_all_pairs_incl_sentinel,round_win = game_pnl > 0 (decisive only),COMPATIBILITY_ONLY_NOT_PRODUCTION,743.0855,667.8429,167.2202,31,20,-0.22503492,,-0.22503492,-0.22503492,-167.2202,743.0855,OK,0.0000,5.0166,3.0000,97.0000,AG03-UNRESOLVED,ALL5_LEVELS_bet23_to_bet27,5.0166,5.0166,5.0166,6.6888,6.6888,3.000000,3.000000,3.000000,4.000000,4.000000,97.000000,97.000000,97.000000,96.000000,96.000000,5.0,28.4274,26.568,138.7927,140.6521,PENDING_AG03,FALSE,NOT_FOR_ENFORCEMENT,162.2036,647.8076,167.2202,162.2036,5.0166,0.22503492,0.21828387,5.0166,162.2036,0.21828387,5.0166,5.0166,5.0166,6.6888,6.6888,162.2036,0.21828387,28.4274,26.568,138.7927,140.6521,0.18677898,0.18928124,0.00675105,23.9705,33.3921,8.3610,83.6101,10.4513,371.5427,10.0000,,23.9705,5.8378,10.3783,45.405,77.8372,77.8372,103.7829,7.7837,-2.5946,7.5,10.0,2.309677,15,10,2,6,0E-8,0.22503492,,0E-8,0.000000,0.898743,0.000000,,2026-05-06,2026-05-07,2,16,16,2,1.000000,,,0.000000,,,,,,,,GLOBAL_BASELINE_NO_ENTITY_RANKING,,,NOT_APPLICABLE_GLOBAL_BASELINE,HF9g-P5,,,,X 全窗基线 · 不参与实体赏罚,6879823,688,A168_HF9F_20260827_0900,2026-08-27 09:00:00
2026-05-06,149660320,1396,0,12.9728607753,-12.9728607753,-12.9728607753,0E-7,1,1,0.50665070000000000,0.506650700000,-1.013391052207602,-1.013391052207602,-1.013391052207602,0E-17,ELIGIBLE,R03b_20260811_FULL_v1,L1_ELIGIBILITY,v2026-08-11,2026-03-21..2026-08-06,baccarat_bet02_101_all_pairs_incl_sentinel,round_win = game_pnl > 0 (decisive only),COMPATIBILITY_ONLY_NOT_PRODUCTION,743.0855,667.8429,167.2202,31,20,-0.22503492,,-0.22503492,-0.22503492,-167.2202,743.0855,OK,0.0000,5.0166,3.0000,97.0000,AG03-UNRESOLVED,ALL5_LEVELS_bet23_to_bet27,5.0166,5.0166,5.0166,6.6888,6.6888,3.000000,3.000000,3.000000,4.000000,4.000000,97.000000,97.000000,97.000000,96.000000,96.000000,5.0,28.4274,26.568,138.7927,140.6521,PENDING_AG03,FALSE,NOT_FOR_ENFORCEMENT,162.2036,647.8076,167.2202,162.2036,5.0166,0.22503492,0.21828387,5.0166,162.2036,0.21828387,5.0166,5.0166,5.0166,6.6888,6.6888,162.2036,0.21828387,28.4274,26.568,138.7927,140.6521,0.18677898,0.18928124,0.00675105,23.9705,33.3921,8.3610,83.6101,10.4513,371.5427,10.0000,,23.9705,5.8378,10.3783,45.405,77.8372,77.8372,103.7829,7.7837,-2.5946,7.5,10.0,2.309677,15,10,2,6,0E-8,0.22503492,,0E-8,0.000000,0.898743,0.000000,,2026-05-06,2026-05-07,2,16,16,2,1.000000,,,0.000000,,,,,,,,GLOBAL_BASELINE_NO_ENTITY_RANKING,,,NOT_APPLICABLE_GLOBAL_BASELINE,HF9g-P5,,,,X 全窗基线 · 不参与实体赏罚,6879824,688,A168_HF9F_20260827_0900,2026-08-27 09:00:00
2026-05-06,149660320,2266,0,7.7837164652,7.3945306419,7.3945306419,1.0000000,1,1,0.50665070000000000,0.506650700000,0.9867858985152569,0.9867858985152569,0.9867858985152569,0E-17,ELIGIBLE,R03b_20260811_FULL_v1,L1_ELIGIBILITY,v2026-08-11,2026-03-21..2026-08-06,baccarat_bet02_101_all_pairs_incl_sentinel,round_win = game_pnl > 0 (decisive only),COMPATIBILITY_ONLY_NOT_PRODUCTION,743.0855,667.8429,167.2202,31,20,-0.22503492,,-0.22503492,-0.22503492,-167.2202,743.0855,OK,0.0000,5.0166,3.0000,97.0000,AG03-UNRESOLVED,ALL5_LEVELS_bet23_to_bet27,5.0166,5.0166,5.0166,6.6888,6.6888,3.000000,3.000000,3.000000,4.000000,4.000000,97.000000,97.000000,97.000000,96.000000,96.000000,5.0,28.4274,26.568,138.7927,140.6521,PENDING_AG03,FALSE,NOT_FOR_ENFORCEMENT,162.2036,647.8076,167.2202,162.2036,5.0166,0.22503492,0.21828387,5.0166,162.2036,0.21828387,5.0166,5.0166,5.0166,6.6888,6.6888,162.2036,0.21828387,28.4274,26.568,138.7927,140.6521,0.18677898,0.18928124,0.00675105,23.9705,33.3921,8.3610,83.6101,10.4513,371.5427,10.0000,,23.9705,5.8378,10.3783,45.405,77.8372,77.8372,103.7829,7.7837,-2.5946,7.5,10.0,2.309677,15,10,2,6,0E-8,0.22503492,,0E-8,0.000000,0.898743,0.000000,,2026-05-06,2026-05-07,2,16,16,2,1.000000,,,0.000000,,,,,,,,GLOBAL_BASELINE_NO_ENTITY_RANKING,,,NOT_APPLICABLE_GLOBAL_BASELINE,HF9g-P5,,,,X 全窗基线 · 不参与实体赏罚,6879825,688,A168_HF9F_20260827_0900,2026-08-27 09:00:00
2026-05-07,149660320,-1,1,316.5378029164,-108.9720305124,-108.9720305124,0.2500000,9,4,0.45492956233096318,0.285591675000,-0.8230689425129926,-0.1575913578563352,-0.8230689425129926,0.16933788733096318,SENTINEL_DEALER,R03b_20260811_FULL_v1,L1_ELIGIBILITY,v2026-08-11,2026-03-21..2026-08-06,baccarat_bet02_101_all_pairs_incl_sentinel,round_win = game_pnl > 0 (decisive only),COMPATIBILITY_ONLY_NOT_PRODUCTION,743.0855,667.8429,167.2202,31,20,-0.22503492,,-0.22503492,-0.22503492,-167.2202,743.0855,OK,0.0000,5.0166,3.0000,97.0000,AG03-UNRESOLVED,ALL5_LEVELS_bet23_to_bet27,5.0166,5.0166,5.0166,6.6888,6.6888,3.000000,3.000000,3.000000,4.000000,4.000000,97.000000,97.000000,97.000000,96.000000,96.000000,5.0,28.4274,26.568,138.7927,140.6521,PENDING_AG03,FALSE,NOT_FOR_ENFORCEMENT,162.2036,647.8076,167.2202,162.2036,5.0166,0.22503492,0.21828387,5.0166,162.2036,0.21828387,5.0166,5.0166,5.0166,6.6888,6.6888,162.2036,0.21828387,28.4274,26.568,138.7927,140.6521,0.18677898,0.18928124,0.00675105,23.9705,33.3921,8.3610,83.6101,10.4513,371.5427,10.0000,,23.9705,5.8378,10.3783,45.405,77.8372,77.8372,103.7829,7.7837,-2.5946,7.5,10.0,2.309677,15,10,2,6,0E-8,0.22503492,,0E-8,0.000000,0.898743,0.000000,,2026-05-06,2026-05-07,2,16,16,2,1.000000,,,0.000000,,,,,,,,GLOBAL_BASELINE_NO_ENTITY_RANKING,,,NOT_APPLICABLE_GLOBAL_BASELINE,HF9g-P5,,,,X 全窗基线 · 不参与实体赏罚,6879826,688,A168_HF9F_20260827_0900,2026-08-27 09:00:00
2026-05-07,149660320,1004,0,25.9457215505,25.9457215505,25.9457215505,1.0000000,1,1,0.49324550000000000,0.493245500000,1.01360149184955,1.01360149184955,1.01360149184955,0E-17,ELIGIBLE,R03b_20260811_FULL_v1,L1_ELIGIBILITY,v2026-08-11,2026-03-21..2026-08-06,baccarat_bet02_101_all_pairs_incl_sentinel,round_win = game_pnl > 0 (decisive only),COMPATIBILITY_ONLY_NOT_PRODUCTION,743.0855,667.8429,167.2202,31,20,-0.22503492,,-0.22503492,-0.22503492,-167.2202,743.0855,OK,0.0000,5.0166,3.0000,97.0000,AG03-UNRESOLVED,ALL5_LEVELS_bet23_to_bet27,5.0166,5.0166,5.0166,6.6888,6.6888,3.000000,3.000000,3.000000,4.000000,4.000000,97.000000,97.000000,97.000000,96.000000,96.000000,5.0,28.4274,26.568,138.7927,140.6521,PENDING_AG03,FALSE,NOT_FOR_ENFORCEMENT,162.2036,647.8076,167.2202,162.2036,5.0166,0.22503492,0.21828387,5.0166,162.2036,0.21828387,5.0166,5.0166,5.0166,6.6888,6.6888,162.2036,0.21828387,28.4274,26.568,138.7927,140.6521,0.18677898,0.18928124,0.00675105,23.9705,33.3921,8.3610,83.6101,10.4513,371.5427,10.0000,,23.9705,5.8378,10.3783,45.405,77.8372,77.8372,103.7829,7.7837,-2.5946,7.5,10.0,2.309677,15,10,2,6,0E-8,0.22503492,,0E-8,0.000000,0.898743,0.000000,,2026-05-06,2026-05-07,2,16,16,2,1.000000,,,0.000000,,,,,,,,GLOBAL_BASELINE_NO_ENTITY_RANKING,,,NOT_APPLICABLE_GLOBAL_BASELINE,HF9g-P5,,,,X 全窗基线 · 不参与实体赏罚,6879827,688,A168_HF9F_20260827_0900,2026-08-27 09:00:00
2026-05-07,149660320,1942,0,77.8371646515,77.8371646515,77.8371646515,1.0000000,1,1,0.49324550000000000,0.493245500000,1.01360149184955,1.01360149184955,1.01360149184955,0E-17,ELIGIBLE,R03b_20260811_FULL_v1,L1_ELIGIBILITY,v2026-08-11,2026-03-21..2026-08-06,baccarat_bet02_101_all_pairs_incl_sentinel,round_win = game_pnl > 0 (decisive only),COMPATIBILITY_ONLY_NOT_PRODUCTION,743.0855,667.8429,167.2202,31,20,-0.22503492,,-0.22503492,-0.22503492,-167.2202,743.0855,OK,0.0000,5.0166,3.0000,97.0000,AG03-UNRESOLVED,ALL5_LEVELS_bet23_to_bet27,5.0166,5.0166,5.0166,6.6888,6.6888,3.000000,3.000000,3.000000,4.000000,4.000000,97.000000,97.000000,97.000000,96.000000,96.000000,5.0,28.4274,26.568,138.7927,140.6521,PENDING_AG03,FALSE,NOT_FOR_ENFORCEMENT,162.2036,647.8076,167.2202,162.2036,5.0166,0.22503492,0.21828387,5.0166,162.2036,0.21828387,5.0166,5.0166,5.0166,6.6888,6.6888,162.2036,0.21828387,28.4274,26.568,138.7927,140.6521,0.18677898,0.18928124,0.00675105,23.9705,33.3921,8.3610,83.6101,10.4513,371.5427,10.0000,,23.9705,5.8378,10.3783,45.405,77.8372,77.8372,103.7829,7.7837,-2.5946,7.5,10.0,2.309677,15,10,2,6,0E-8,0.22503492,,0E-8,0.000000,0.898743,0.000000,,2026-05-06,2026-05-07,2,16,16,2,1.000000,,,0.000000,,,,,,,,GLOBAL_BASELINE_NO_ENTITY_RANKING,,,NOT_APPLICABLE_GLOBAL_BASELINE,HF9g-P5,,,,X 全窗基线 · 不参与实体赏罚,6879828,688,A168_HF9F_20260827_0900,2026-08-27 09:00:00
2026-05-07,149660320,1951,0,51.8914431010,-51.8914431010,-51.8914431010,0E-7,1,1,0.49324550000000000,0.493245500000,-0.9865810262130424,-0.9865810262130424,-0.9865810262130424,0E-17,ELIGIBLE,R03b_20260811_FULL_v1,L1_ELIGIBILITY,v2026-08-11,2026-03-21..2026-08-06,baccarat_bet02_101_all_pairs_incl_sentinel,round_win = game_pnl > 0 (decisive only),COMPATIBILITY_ONLY_NOT_PRODUCTION,743.0855,667.8429,167.2202,31,20,-0.22503492,,-0.22503492,-0.22503492,-167.2202,743.0855,OK,0.0000,5.0166,3.0000,97.0000,AG03-UNRESOLVED,ALL5_LEVELS_bet23_to_bet27,5.0166,5.0166,5.0166,6.6888,6.6888,3.000000,3.000000,3.000000,4.000000,4.000000,97.000000,97.000000,97.000000,96.000000,96.000000,5.0,28.4274,26.568,138.7927,140.6521,PENDING_AG03,FALSE,NOT_FOR_ENFORCEMENT,162.2036,647.8076,167.2202,162.2036,5.0166,0.22503492,0.21828387,5.0166,162.2036,0.21828387,5.0166,5.0166,5.0166,6.6888,6.6888,162.2036,0.21828387,28.4274,26.568,138.7927,140.6521,0.18677898,0.18928124,0.00675105,23.9705,33.3921,8.3610,83.6101,10.4513,371.5427,10.0000,,23.9705,5.8378,10.3783,45.405,77.8372,77.8372,103.7829,7.7837,-2.5946,7.5,10.0,2.309677,15,10,2,6,0E-8,0.22503492,,0E-8,0.000000,0.898743,0.000000,,2026-05-06,2026-05-07,2,16,16,2,1.000000,,,0.000000,,,,,,,,GLOBAL_BASELINE_NO_ENTITY_RANKING,,,NOT_APPLICABLE_GLOBAL_BASELINE,HF9g-P5,,,,X 全窗基线 · 不参与实体赏罚,6879829,688,A168_HF9F_20260827_0900,2026-08-27 09:00:00
2026-05-07,149660320,2209,0,77.8371646515,-77.8371646515,-77.8371646515,0E-7,1,1,0.50665070000000000,0.506650700000,-1.013391052207602,-1.013391052207602,-1.013391052207602,0E-17,ELIGIBLE,R03b_20260811_FULL_v1,L1_ELIGIBILITY,v2026-08-11,2026-03-21..2026-08-06,baccarat_bet02_101_all_pairs_incl_sentinel,round_win = game_pnl > 0 (decisive only),COMPATIBILITY_ONLY_NOT_PRODUCTION,743.0855,667.8429,167.2202,31,20,-0.22503492,,-0.22503492,-0.22503492,-167.2202,743.0855,OK,0.0000,5.0166,3.0000,97.0000,AG03-UNRESOLVED,ALL5_LEVELS_bet23_to_bet27,5.0166,5.0166,5.0166,6.6888,6.6888,3.000000,3.000000,3.000000,4.000000,4.000000,97.000000,97.000000,97.000000,96.000000,96.000000,5.0,28.4274,26.568,138.7927,140.6521,PENDING_AG03,FALSE,NOT_FOR_ENFORCEMENT,162.2036,647.8076,167.2202,162.2036,5.0166,0.22503492,0.21828387,5.0166,162.2036,0.21828387,5.0166,5.0166,5.0166,6.6888,6.6888,162.2036,0.21828387,28.4274,26.568,138.7927,140.6521,0.18677898,0.18928124,0.00675105,23.9705,33.3921,8.3610,83.6101,10.4513,371.5427,10.0000,,23.9705,5.8378,10.3783,45.405,77.8372,77.8372,103.7829,7.7837,-2.5946,7.5,10.0,2.309677,15,10,2,6,0E-8,0.22503492,,0E-8,0.000000,0.898743,0.000000,,2026-05-06,2026-05-07,2,16,16,2,1.000000,,,0.000000,,,,,,,,GLOBAL_BASELINE_NO_ENTITY_RANKING,,,NOT_APPLICABLE_GLOBAL_BASELINE,HF9g-P5,,,,X 全窗基线 · 不参与实体赏罚,6879830,688,A168_HF9F_20260827_0900,2026-08-27 09:00:00
2026-05-07,149660320,595,0,7.7837164652,-7.7837164652,-7.7837164652,0E-7,1,1,0.01883490000000000,0.018834900000,-0.1385513026636974,-0.1385513026636974,-0.1385513026636974,0E-17,ELIGIBLE,R03b_20260811_FULL_v1,L1_ELIGIBILITY,v2026-08-11,2026-03-21..2026-08-06,baccarat_bet02_101_all_pairs_incl_sentinel,round_win = game_pnl > 0 (decisive only),COMPATIBILITY_ONLY_NOT_PRODUCTION,743.0855,667.8429,167.2202,31,20,-0.22503492,,-0.22503492,-0.22503492,-167.2202,743.0855,OK,0.0000,5.0166,3.0000,97.0000,AG03-UNRESOLVED,ALL5_LEVELS_bet23_to_bet27,5.0166,5.0166,5.0166,6.6888,6.6888,3.000000,3.000000,3.000000,4.000000,4.000000,97.000000,97.000000,97.000000,96.000000,96.000000,5.0,28.4274,26.568,138.7927,140.6521,PENDING_AG03,FALSE,NOT_FOR_ENFORCEMENT,162.2036,647.8076,167.2202,162.2036,5.0166,0.22503492,0.21828387,5.0166,162.2036,0.21828387,5.0166,5.0166,5.0166,6.6888,6.6888,162.2036,0.21828387,28.4274,26.568,138.7927,140.6521,0.18677898,0.18928124,0.00675105,23.9705,33.3921,8.3610,83.6101,10.4513,371.5427,10.0000,,23.9705,5.8378,10.3783,45.405,77.8372,77.8372,103.7829,7.7837,-2.5946,7.5,10.0,2.309677,15,10,2,6,0E-8,0.22503492,,0E-8,0.000000,0.898743,0.000000,,2026-05-06,2026-05-07,2,16,16,2,1.000000,,,0.000000,,,,,,,,GLOBAL_BASELINE_NO_ENTITY_RANKING,,,NOT_APPLICABLE_GLOBAL_BASELINE,HF9g-P5,,,,X 全窗基线 · 不参与实体赏罚,6879831,688,A168_HF9F_20260827_0900,2026-08-27 09:00:00
2026-05-07,149660320,772,0,51.8914431010,-51.8914431010,-51.8914431010,0E-7,1,1,0.50665070000000000,0.506650700000,-1.013391052207602,-1.013391052207602,-1.013391052207602,0E-17,ELIGIBLE,R03b_20260811_FULL_v1,L1_ELIGIBILITY,v2026-08-11,2026-03-21..2026-08-06,baccarat_bet02_101_all_pairs_incl_sentinel,round_win = game_pnl > 0 (decisive only),COMPATIBILITY_ONLY_NOT_PRODUCTION,743.0855,667.8429,167.2202,31,20,-0.22503492,,-0.22503492,-0.22503492,-167.2202,743.0855,OK,0.0000,5.0166,3.0000,97.0000,AG03-UNRESOLVED,ALL5_LEVELS_bet23_to_bet27,5.0166,5.0166,5.0166,6.6888,6.6888,3.000000,3.000000,3.000000,4.000000,4.000000,97.000000,97.000000,97.000000,96.000000,96.000000,5.0,28.4274,26.568,138.7927,140.6521,PENDING_AG03,FALSE,NOT_FOR_ENFORCEMENT,162.2036,647.8076,167.2202,162.2036,5.0166,0.22503492,0.21828387,5.0166,162.2036,0.21828387,5.0166,5.0166,5.0166,6.6888,6.6888,162.2036,0.21828387,28.4274,26.568,138.7927,140.6521,0.18677898,0.18928124,0.00675105,23.9705,33.3921,8.3610,83.6101,10.4513,371.5427,10.0000,,23.9705,5.8378,10.3783,45.405,77.8372,77.8372,103.7829,7.7837,-2.5946,7.5,10.0,2.309677,15,10,2,6,0E-8,0.22503492,,0E-8,0.000000,0.898743,0.000000,,2026-05-06,2026-05-07,2,16,16,2,1.000000,,,0.000000,,,,,,,,GLOBAL_BASELINE_NO_ENTITY_RANKING,,,NOT_APPLICABLE_GLOBAL_BASELINE,HF9g-P5,,,,X 全窗基线 · 不参与实体赏罚,6879832,688,A168_HF9F_20260827_0900,2026-08-27 09:00:00
2026-05-19,150278035,2171,0,197.7063982150,-167.2201753930,-167.2201753930,0.2857143,7,7,0.50090561428571429,0.500905614286,-1.138687347156492,-1.138687347158005,-1.138687347156492,-2.8571E-13,ELIGIBLE,R03b_20260811_FULL_v1,L1_ELIGIBILITY,v2026-08-11,2026-03-21..2026-08-06,baccarat_bet02_101_all_pairs_incl_sentinel,round_win = game_pnl > 0 (decisive only),COMPATIBILITY_ONLY_NOT_PRODUCTION,197.7064,197.7064,167.2202,7,7,-0.84580052,,-0.84580052,-0.84580052,-167.2202,197.7064,THIN_EXPOSURE,0.0000,5.0166,3.0000,97.0000,AG03-UNRESOLVED,ALL5_LEVELS_bet23_to_bet27,5.0166,5.0166,5.0166,6.6888,6.6888,3.000000,3.000000,3.000000,4.000000,4.000000,97.000000,97.000000,97.000000,96.000000,96.000000,5.0,28.4274,26.568,138.7927,140.6521,PENDING_AG03,FALSE,NOT_FOR_ENFORCEMENT,162.2036,191.7752,167.2202,162.2036,5.0166,0.84580052,0.82042651,5.0166,162.2036,0.82042651,5.0166,5.0166,5.0166,6.6888,6.6888,162.2036,0.82042651,28.4274,26.568,138.7927,140.6521,0.70201444,0.71141926,0.02537402,28.2438,28.2438,23.8886,167.2202,167.2202,197.7064,7.0000,,28.2438,12.9729,12.9729,45.7942,72.7518,77.8372,77.8372,12.9729,-12.9729,6.0,6.0,2.177143,1,1,1,2,0E-8,0.84580052,,0E-8,0.000000,1.000000,0.000000,,2026-05-19,2026-05-19,1,1,1,1,1.000000,,,0.000000,,,,,,,,GLOBAL_BASELINE_NO_ENTITY_RANKING,,,NOT_APPLICABLE_GLOBAL_BASELINE,HF9g-P5,,,,X 全窗基线 · 不参与实体赏罚,6879833,688,A168_HF9F_20260827_0900,2026-08-27 09:00:00
2026-03-31,148039622,2170,0,34.4827586207,-34.4827586207,-34.4827586207,0E-7,1,1,0.49324550000000000,0.493245500000,-0.9865810262130424,-0.9865810262130424,-0.9865810262130424,0E-17,ELIGIBLE,R03b_20260811_FULL_v1,L1_ELIGIBILITY,v2026-08-11,2026-03-21..2026-08-06,baccarat_bet02_101_all_pairs_incl_sentinel,round_win = game_pnl > 0 (decisive only),COMPATIBILITY_ONLY_NOT_PRODUCTION,303.4483,303.4483,168.9655,4,4,-0.55681818,,-0.55681818,-0.55681818,-168.9655,303.4483,THIN_EXPOSURE,0.0000,6.7586,4.0000,96.0000,AG03-UNRESOLVED,ALL5_LEVELS_bet23_to_bet27,6.7586,6.7586,6.7586,6.7586,6.7586,4.000000,4.000000,4.000000,4.000000,4.000000,96.000000,96.000000,96.000000,96.000000,96.000000,5.0,33.7931,31.1956,135.1724,137.7699,PENDING_AG03,FALSE,NOT_FOR_ENFORCEMENT,162.2069,291.3103,168.9655,162.2069,6.7586,0.55681818,0.53454545,6.7586,162.2069,0.53454545,6.7586,6.7586,6.7586,6.7586,6.7586,162.2069,0.53454545,33.7931,31.1956,135.1724,137.7699,0.44545455,0.45401434,0.02227273,75.8621,75.8621,42.2414,168.9655,84.4828,303.4483,4.0000,,75.8621,51.7241,68.9655,100.0,131.0345,131.0345,131.0345,68.9655,-51.7241,1.9,1.9,1.1,2,2,1,2,0E-8,0.55681818,,0E-8,0.000000,1.000000,0.000000,,2026-03-31,2026-03-31,1,2,2,1,1.000000,,,0.000000,,,,,,,,GLOBAL_BASELINE_NO_ENTITY_RANKING,,,NOT_APPLICABLE_GLOBAL_BASELINE,HF9g-P5,,,,X 全窗基线 · 不参与实体赏罚,6879834,688,A168_HF9F_20260827_0900,2026-08-27 09:00:00
2026-03-31,148039622,471,0,268.9655172414,-134.4827586207,-134.4827586207,0.3333333,3,3,0.50665070000000000,0.506650700000,-0.6004420894325239,-0.6004420894325239,-0.6004420894325239,0E-17,ELIGIBLE,R03b_20260811_FULL_v1,L1_ELIGIBILITY,v2026-08-11,2026-03-21..2026-08-06,baccarat_bet02_101_all_pairs_incl_sentinel,round_win = game_pnl > 0 (decisive only),COMPATIBILITY_ONLY_NOT_PRODUCTION,303.4483,303.4483,168.9655,4,4,-0.55681818,,-0.55681818,-0.55681818,-168.9655,303.4483,THIN_EXPOSURE,0.0000,6.7586,4.0000,96.0000,AG03-UNRESOLVED,ALL5_LEVELS_bet23_to_bet27,6.7586,6.7586,6.7586,6.7586,6.7586,4.000000,4.000000,4.000000,4.000000,4.000000,96.000000,96.000000,96.000000,96.000000,96.000000,5.0,33.7931,31.1956,135.1724,137.7699,PENDING_AG03,FALSE,NOT_FOR_ENFORCEMENT,162.2069,291.3103,168.9655,162.2069,6.7586,0.55681818,0.53454545,6.7586,162.2069,0.53454545,6.7586,6.7586,6.7586,6.7586,6.7586,162.2069,0.53454545,33.7931,31.1956,135.1724,137.7699,0.44545455,0.45401434,0.02227273,75.8621,75.8621,42.2414,168.9655,84.4828,303.4483,4.0000,,75.8621,51.7241,68.9655,100.0,131.0345,131.0345,131.0345,68.9655,-51.7241,1.9,1.9,1.1,2,2,1,2,0E-8,0.55681818,,0E-8,0.000000,1.000000,0.000000,,2026-03-31,2026-03-31,1,2,2,1,1.000000,,,0.000000,,,,,,,,GLOBAL_BASELINE_NO_ENTITY_RANKING,,,NOT_APPLICABLE_GLOBAL_BASELINE,HF9g-P5,,,,X 全窗基线 · 不参与实体赏罚,6879835,688,A168_HF9F_20260827_0900,2026-08-27 09:00:00
2026-04-01,145933338,1109,0,303.4482758622,-168.9655172415,-168.9655172415,0.2500000,4,4,0.49659680000000000,0.496596800000,-0.9864100490137353,-0.9864100490137354,-0.9864100490137353,0E-17,ELIGIBLE,R03b_20260811_FULL_v1,L1_ELIGIBILITY,v2026-08-11,2026-03-21..2026-08-06,baccarat_bet02_101_all_pairs_incl_sentinel,round_win = game_pnl > 0 (decisive only),COMPATIBILITY_ONLY_NOT_PRODUCTION,303.4483,303.4483,168.9655,4,4,-0.55681818,,-0.55681818,-0.55681818,-168.9655,303.4483,THIN_EXPOSURE,0.0000,6.7586,4.0000,96.0000,AG03-UNRESOLVED,ALL5_LEVELS_bet23_to_bet27,6.7586,6.7586,6.7586,6.7586,6.7586,4.000000,4.000000,4.000000,4.000000,4.000000,96.000000,96.000000,96.000000,96.000000,96.000000,5.0,33.7931,31.1956,135.1724,137.7699,PENDING_AG03,FALSE,NOT_FOR_ENFORCEMENT,162.2069,291.3103,168.9655,162.2069,6.7586,0.55681818,0.53454545,6.7586,162.2069,0.53454545,6.7586,6.7586,6.7586,6.7586,6.7586,162.2069,0.53454545,33.7931,31.1956,135.1724,137.7699,0.44545455,0.45401434,0.02227273,75.8621,75.8621,42.2414,168.9655,168.9655,303.4483,4.0000,,75.8621,48.2759,68.9655,103.4483,137.931,137.931,137.931,68.9655,-48.2759,2.0,2.0,1.1,1,1,1,2,0E-8,0.55681818,,0E-8,0.000000,1.000000,0.000000,,2026-04-01,2026-04-01,1,1,1,1,1.000000,,,0.000000,,,,,,,,GLOBAL_BASELINE_NO_ENTITY_RANKING,,,NOT_APPLICABLE_GLOBAL_BASELINE,HF9g-P5,,,,X 全窗基线 · 不参与实体赏罚,6879836,688,A168_HF9F_20260827_0900,2026-08-27 09:00:00
2026-04-12,148580650,1151,0,13.0879773840,-13.0879773840,-13.0879773840,0E-7,1,1,0.49324550000000000,0.493245500000,-0.9865810262130424,-0.9865810262130424,-0.9865810262130424,0E-17,ELIGIBLE,R03b_20260811_FULL_v1,L1_ELIGIBILITY,v2026-08-11,2026-03-21..2026-08-06,baccarat_bet02_101_all_pairs_incl_sentinel,round_win = game_pnl > 0 (decisive only),COMPATIBILITY_ONLY_NOT_PRODUCTION,750.7264,711.4625,168.9658,28,26,-0.22506974,,-0.22506974,-0.22506974,-168.9658,750.7264,THIN_EXPOSURE,0.0000,6.7586,4.0000,96.0000,AG03-UNRESOLVED,ALL5_LEVELS_bet23_to_bet27,6.7586,6.7586,8.4483,8.4483,8.4483,4.000000,4.000000,5.000000,5.000000,5.000000,96.000000,96.000000,95.000000,95.000000,95.000000,5.0,38.8621,35.4563,130.1037,133.5095,PENDING_AG03,FALSE,NOT_FOR_ENFORCEMENT,162.2072,683.0040,168.9658,162.2072,6.7586,0.22506974,0.21606695,6.7586,162.2072,0.21606695,6.7586,6.7586,8.4483,8.4483,8.4483,162.2072,0.21606695,38.8621,35.4563,130.1037,133.5095,0.17330370,0.17784038,0.00900279,26.8117,27.3639,6.4987,168.9658,21.1207,750.7264,26.0000,,26.8117,13.088,20.9408,39.2639,52.3519,64.3929,78.5279,15.7056,-10.4704,3.075,3.75,1.280357,6,9,1,4,0E-8,0.22506974,,0E-8,0.000000,0.947699,0.000000,,2026-04-12,2026-04-12,1,8,6,1,1.000000,,,0.000000,,,,,,,,GLOBAL_BASELINE_NO_ENTITY_RANKING,,,NOT_APPLICABLE_GLOBAL_BASELINE,HF9g-P5,,,,X 全窗基线 · 不参与实体赏罚,6879837,688,A168_HF9F_20260827_0900,2026-08-27 09:00:00
2026-04-12,148580650,1221,0,39.2639321519,-39.2639321519,-39.2639321519,0E-7,1,1,0.49324550000000000,0.493245500000,-0.9865810262130424,-0.9865810262130424,-0.9865810262130424,0E-17,ELIGIBLE,R03b_20260811_FULL_v1,L1_ELIGIBILITY,v2026-08-11,2026-03-21..2026-08-06,baccarat_bet02_101_all_pairs_incl_sentinel,round_win = game_pnl > 0 (decisive only),COMPATIBILITY_ONLY_NOT_PRODUCTION,750.7264,711.4625,168.9658,28,26,-0.22506974,,-0.22506974,-0.22506974,-168.9658,750.7264,THIN_EXPOSURE,0.0000,6.7586,4.0000,96.0000,AG03-UNRESOLVED,ALL5_LEVELS_bet23_to_bet27,6.7586,6.7586,8.4483,8.4483,8.4483,4.000000,4.000000,5.000000,5.000000,5.000000,96.000000,96.000000,95.000000,95.000000,95.000000,5.0,38.8621,35.4563,130.1037,133.5095,PENDING_AG03,FALSE,NOT_FOR_ENFORCEMENT,162.2072,683.0040,168.9658,162.2072,6.7586,0.22506974,0.21606695,6.7586,162.2072,0.21606695,6.7586,6.7586,8.4483,8.4483,8.4483,162.2072,0.21606695,38.8621,35.4563,130.1037,133.5095,0.17330370,0.17784038,0.00900279,26.8117,27.3639,6.4987,168.9658,21.1207,750.7264,26.0000,,26.8117,13.088,20.9408,39.2639,52.3519,64.3929,78.5279,15.7056,-10.4704,3.075,3.75,1.280357,6,9,1,4,0E-8,0.22506974,,0E-8,0.000000,0.947699,0.000000,,2026-04-12,2026-04-12,1,8,6,1,1.000000,,,0.000000,,,,,,,,GLOBAL_BASELINE_NO_ENTITY_RANKING,,,NOT_APPLICABLE_GLOBAL_BASELINE,HF9g-P5,,,,X 全窗基线 · 不参与实体赏罚,6879838,688,A168_HF9F_20260827_0900,2026-08-27 09:00:00
2026-04-12,148580650,1331,0,258.6184331075,-11.2556605502,-11.2556605502,0.3750000,10,9,0.39089355925924308,0.375646966667,-0.09212771629634804,-0.003778521022884784,-0.09212771629634804,0.01524659259224308,ELIGIBLE,R03b_20260811_FULL_v1,L1_ELIGIBILITY,v2026-08-11,2026-03-21..2026-08-06,baccarat_bet02_101_all_pairs_incl_sentinel,round_win = game_pnl > 0 (decisive only),COMPATIBILITY_ONLY_NOT_PRODUCTION,750.7264,711.4625,168.9658,28,26,-0.22506974,,-0.22506974,-0.22506974,-168.9658,750.7264,THIN_EXPOSURE,0.0000,6.7586,4.0000,96.0000,AG03-UNRESOLVED,ALL5_LEVELS_bet23_to_bet27,6.7586,6.7586,8.4483,8.4483,8.4483,4.000000,4.000000,5.000000,5.000000,5.000000,96.000000,96.000000,95.000000,95.000000,95.000000,5.0,38.8621,35.4563,130.1037,133.5095,PENDING_AG03,FALSE,NOT_FOR_ENFORCEMENT,162.2072,683.0040,168.9658,162.2072,6.7586,0.22506974,0.21606695,6.7586,162.2072,0.21606695,6.7586,6.7586,8.4483,8.4483,8.4483,162.2072,0.21606695,38.8621,35.4563,130.1037,133.5095,0.17330370,0.17784038,0.00900279,26.8117,27.3639,6.4987,168.9658,21.1207,750.7264,26.0000,,26.8117,13.088,20.9408,39.2639,52.3519,64.3929,78.5279,15.7056,-10.4704,3.075,3.75,1.280357,6,9,1,4,0E-8,0.22506974,,0E-8,0.000000,0.947699,0.000000,,2026-04-12,2026-04-12,1,8,6,1,1.000000,,,0.000000,,,,,,,,GLOBAL_BASELINE_NO_ENTITY_RANKING,,,NOT_APPLICABLE_GLOBAL_BASELINE,HF9g-P5,,,,X 全窗基线 · 不参与实体赏罚,6879839,688,A168_HF9F_20260827_0900,2026-08-27 09:00:00
2026-04-12,148580650,1396,0,269.6123341101,-63.4766903123,-63.4766903123,0.5000000,8,8,0.49994810000000000,0.499948100000,0.00029359073713029245,0.00029359073713029245,0.00029359073713029245,0E-17,ELIGIBLE,R03b_20260811_FULL_v1,L1_ELIGIBILITY,v2026-08-11,2026-03-21..2026-08-06,baccarat_bet02_101_all_pairs_incl_sentinel,round_win = game_pnl > 0 (decisive only),COMPATIBILITY_ONLY_NOT_PRODUCTION,750.7264,711.4625,168.9658,28,26,-0.22506974,,-0.22506974,-0.22506974,-168.9658,750.7264,THIN_EXPOSURE,0.0000,6.7586,4.0000,96.0000,AG03-UNRESOLVED,ALL5_LEVELS_bet23_to_bet27,6.7586,6.7586,8.4483,8.4483,8.4483,4.000000,4.000000,5.000000,5.000000,5.000000,96.000000,96.000000,95.000000,95.000000,95.000000,5.0,38.8621,35.4563,130.1037,133.5095,PENDING_AG03,FALSE,NOT_FOR_ENFORCEMENT,162.2072,683.0040,168.9658,162.2072,6.7586,0.22506974,0.21606695,6.7586,162.2072,0.21606695,6.7586,6.7586,8.4483,8.4483,8.4483,162.2072,0.21606695,38.8621,35.4563,130.1037,133.5095,0.17330370,0.17784038,0.00900279,26.8117,27.3639,6.4987,168.9658,21.1207,750.7264,26.0000,,26.8117,13.088,20.9408,39.2639,52.3519,64.3929,78.5279,15.7056,-10.4704,3.075,3.75,1.280357,6,9,1,4,0E-8,0.22506974,,0E-8,0.000000,0.947699,0.000000,,2026-04-12,2026-04-12,1,8,6,1,1.000000,,,0.000000,,,,,,,,GLOBAL_BASELINE_NO_ENTITY_RANKING,,,NOT_APPLICABLE_GLOBAL_BASELINE,HF9g-P5,,,,X 全窗基线 · 不参与实体赏罚,6879840,688,A168_HF9F_20260827_0900,2026-08-27 09:00:00
2026-04-12,148580650,1985,0,39.2639321519,-39.2639321519,-39.2639321519,0E-7,1,1,0.49324550000000000,0.493245500000,-0.9865810262130424,-0.9865810262130424,-0.9865810262130424,0E-17,ELIGIBLE,R03b_20260811_FULL_v1,L1_ELIGIBILITY,v2026-08-11,2026-03-21..2026-08-06,baccarat_bet02_101_all_pairs_incl_sentinel,round_win = game_pnl > 0 (decisive only),COMPATIBILITY_ONLY_NOT_PRODUCTION,750.7264,711.4625,168.9658,28,26,-0.22506974,,-0.22506974,-0.22506974,-168.9658,750.7264,THIN_EXPOSURE,0.0000,6.7586,4.0000,96.0000,AG03-UNRESOLVED,ALL5_LEVELS_bet23_to_bet27,6.7586,6.7586,8.4483,8.4483,8.4483,4.000000,4.000000,5.000000,5.000000,5.000000,96.000000,96.000000,95.000000,95.000000,95.000000,5.0,38.8621,35.4563,130.1037,133.5095,PENDING_AG03,FALSE,NOT_FOR_ENFORCEMENT,162.2072,683.0040,168.9658,162.2072,6.7586,0.22506974,0.21606695,6.7586,162.2072,0.21606695,6.7586,6.7586,8.4483,8.4483,8.4483,162.2072,0.21606695,38.8621,35.4563,130.1037,133.5095,0.17330370,0.17784038,0.00900279,26.8117,27.3639,6.4987,168.9658,21.1207,750.7264,26.0000,,26.8117,13.088,20.9408,39.2639,52.3519,64.3929,78.5279,15.7056,-10.4704,3.075,3.75,1.280357,6,9,1,4,0E-8,0.22506974,,0E-8,0.000000,0.947699,0.000000,,2026-04-12,2026-04-12,1,8,6,1,1.000000,,,0.000000,,,,,,,,GLOBAL_BASELINE_NO_ENTITY_RANKING,,,NOT_APPLICABLE_GLOBAL_BASELINE,HF9g-P5,,,,X 全窗基线 · 不参与实体赏罚,6879841,688,A168_HF9F_20260827_0900,2026-08-27 09:00:00
2026-04-12,148580650,2101,0,65.4398869199,11.1247807763,11.1247807763,0.5000000,2,2,0.50665070000000000,0.506650700000,-0.018812684590367487,-0.018812684590367487,-0.018812684590367487,0E-17,ELIGIBLE,R03b_20260811_FULL_v1,L1_ELIGIBILITY,v2026-08-11,2026-03-21..2026-08-06,baccarat_bet02_101_all_pairs_incl_sentinel,round_win = game_pnl > 0 (decisive only),COMPATIBILITY_ONLY_NOT_PRODUCTION,750.7264,711.4625,168.9658,28,26,-0.22506974,,-0.22506974,-0.22506974,-168.9658,750.7264,THIN_EXPOSURE,0.0000,6.7586,4.0000,96.0000,AG03-UNRESOLVED,ALL5_LEVELS_bet23_to_bet27,6.7586,6.7586,8.4483,8.4483,8.4483,4.000000,4.000000,5.000000,5.000000,5.000000,96.000000,96.000000,95.000000,95.000000,95.000000,5.0,38.8621,35.4563,130.1037,133.5095,PENDING_AG03,FALSE,NOT_FOR_ENFORCEMENT,162.2072,683.0040,168.9658,162.2072,6.7586,0.22506974,0.21606695,6.7586,162.2072,0.21606695,6.7586,6.7586,8.4483,8.4483,8.4483,162.2072,0.21606695,38.8621,35.4563,130.1037,133.5095,0.17330370,0.17784038,0.00900279,26.8117,27.3639,6.4987,168.9658,21.1207,750.7264,26.0000,,26.8117,13.088,20.9408,39.2639,52.3519,64.3929,78.5279,15.7056,-10.4704,3.075,3.75,1.280357,6,9,1,4,0E-8,0.22506974,,0E-8,0.000000,0.947699,0.000000,,2026-04-12,2026-04-12,1,8,6,1,1.000000,,,0.000000,,,,,,,,GLOBAL_BASELINE_NO_ENTITY_RANKING,,,NOT_APPLICABLE_GLOBAL_BASELINE,HF9g-P5,,,,X 全窗基线 · 不参与实体赏罚,6879842,688,A168_HF9F_20260827_0900,2026-08-27 09:00:00
2026-04-12,148580650,2129,0,13.0879773840,-13.0879773840,-13.0879773840,0E-7,1,1,0.49324550000000000,0.493245500000,-0.9865810262130424,-0.9865810262130424,-0.9865810262130424,0E-17,ELIGIBLE,R03b_20260811_FULL_v1,L1_ELIGIBILITY,v2026-08-11,2026-03-21..2026-08-06,baccarat_bet02_101_all_pairs_incl_sentinel,round_win = game_pnl > 0 (decisive only),COMPATIBILITY_ONLY_NOT_PRODUCTION,750.7264,711.4625,168.9658,28,26,-0.22506974,,-0.22506974,-0.22506974,-168.9658,750.7264,THIN_EXPOSURE,0.0000,6.7586,4.0000,96.0000,AG03-UNRESOLVED,ALL5_LEVELS_bet23_to_bet27,6.7586,6.7586,8.4483,8.4483,8.4483,4.000000,4.000000,5.000000,5.000000,5.000000,96.000000,96.000000,95.000000,95.000000,95.000000,5.0,38.8621,35.4563,130.1037,133.5095,PENDING_AG03,FALSE,NOT_FOR_ENFORCEMENT,162.2072,683.0040,168.9658,162.2072,6.7586,0.22506974,0.21606695,6.7586,162.2072,0.21606695,6.7586,6.7586,8.4483,8.4483,8.4483,162.2072,0.21606695,38.8621,35.4563,130.1037,133.5095,0.17330370,0.17784038,0.00900279,26.8117,27.3639,6.4987,168.9658,21.1207,750.7264,26.0000,,26.8117,13.088,20.9408,39.2639,52.3519,64.3929,78.5279,15.7056,-10.4704,3.075,3.75,1.280357,6,9,1,4,0E-8,0.22506974,,0E-8,0.000000,0.947699,0.000000,,2026-04-12,2026-04-12,1,8,6,1,1.000000,,,0.000000,,,,,,,,GLOBAL_BASELINE_NO_ENTITY_RANKING,,,NOT_APPLICABLE_GLOBAL_BASELINE,HF9g-P5,,,,X 全窗基线 · 不参与实体赏罚,6879843,688,A168_HF9F_20260827_0900,2026-08-27 09:00:00
2026-04-12,148580650,2147,0,13.0879773840,-13.0879773840,-13.0879773840,0E-7,1,1,0.49324550000000000,0.493245500000,-0.9865810262130424,-0.9865810262130424,-0.9865810262130424,0E-17,ELIGIBLE,R03b_20260811_FULL_v1,L1_ELIGIBILITY,v2026-08-11,2026-03-21..2026-08-06,baccarat_bet02_101_all_pairs_incl_sentinel,round_win = game_pnl > 0 (decisive only),COMPATIBILITY_ONLY_NOT_PRODUCTION,750.7264,711.4625,168.9658,28,26,-0.22506974,,-0.22506974,-0.22506974,-168.9658,750.7264,THIN_EXPOSURE,0.0000,6.7586,4.0000,96.0000,AG03-UNRESOLVED,ALL5_LEVELS_bet23_to_bet27,6.7586,6.7586,8.4483,8.4483,8.4483,4.000000,4.000000,5.000000,5.000000,5.000000,96.000000,96.000000,95.000000,95.000000,95.000000,5.0,38.8621,35.4563,130.1037,133.5095,PENDING_AG03,FALSE,NOT_FOR_ENFORCEMENT,162.2072,683.0040,168.9658,162.2072,6.7586,0.22506974,0.21606695,6.7586,162.2072,0.21606695,6.7586,6.7586,8.4483,8.4483,8.4483,162.2072,0.21606695,38.8621,35.4563,130.1037,133.5095,0.17330370,0.17784038,0.00900279,26.8117,27.3639,6.4987,168.9658,21.1207,750.7264,26.0000,,26.8117,13.088,20.9408,39.2639,52.3519,64.3929,78.5279,15.7056,-10.4704,3.075,3.75,1.280357,6,9,1,4,0E-8,0.22506974,,0E-8,0.000000,0.947699,0.000000,,2026-04-12,2026-04-12,1,8,6,1,1.000000,,,0.000000,,,,,,,,GLOBAL_BASELINE_NO_ENTITY_RANKING,,,NOT_APPLICABLE_GLOBAL_BASELINE,HF9g-P5,,,,X 全窗基线 · 不参与实体赏罚,6879844,688,A168_HF9F_20260827_0900,2026-08-27 09:00:00
2026-04-12,148580650,2252,0,39.2639321520,12.4335785148,12.4335785148,0.6666667,3,3,0.49771390000000000,0.497713900000,0.5852756695216578,0.5852756695216578,0.5852756695216578,0E-17,ELIGIBLE,R03b_20260811_FULL_v1,L1_ELIGIBILITY,v2026-08-11,2026-03-21..2026-08-06,baccarat_bet02_101_all_pairs_incl_sentinel,round_win = game_pnl > 0 (decisive only),COMPATIBILITY_ONLY_NOT_PRODUCTION,750.7264,711.4625,168.9658,28,26,-0.22506974,,-0.22506974,-0.22506974,-168.9658,750.7264,THIN_EXPOSURE,0.0000,6.7586,4.0000,96.0000,AG03-UNRESOLVED,ALL5_LEVELS_bet23_to_bet27,6.7586,6.7586,8.4483,8.4483,8.4483,4.000000,4.000000,5.000000,5.000000,5.000000,96.000000,96.000000,95.000000,95.000000,95.000000,5.0,38.8621,35.4563,130.1037,133.5095,PENDING_AG03,FALSE,NOT_FOR_ENFORCEMENT,162.2072,683.0040,168.9658,162.2072,6.7586,0.22506974,0.21606695,6.7586,162.2072,0.21606695,6.7586,6.7586,8.4483,8.4483,8.4483,162.2072,0.21606695,38.8621,35.4563,130.1037,133.5095,0.17330370,0.17784038,0.00900279,26.8117,27.3639,6.4987,168.9658,21.1207,750.7264,26.0000,,26.8117,13.088,20.9408,39.2639,52.3519,64.3929,78.5279,15.7056,-10.4704,3.075,3.75,1.280357,6,9,1,4,0E-8,0.22506974,,0E-8,0.000000,0.947699,0.000000,,2026-04-12,2026-04-12,1,8,6,1,1.000000,,,0.000000,,,,,,,,GLOBAL_BASELINE_NO_ENTITY_RANKING,,,NOT_APPLICABLE_GLOBAL_BASELINE,HF9g-P5,,,,X 全窗基线 · 不参与实体赏罚,6879845,688,A168_HF9F_20260827_0900,2026-08-27 09:00:00
2026-03-31,148011424,1396,0,20.8020644074,-20.8020644074,-20.8020644074,0E-7,1,1,0.49324550000000000,0.493245500000,-0.9865810262130424,-0.9865810262130424,-0.9865810262130424,0E-17,ELIGIBLE,R03b_20260811_FULL_v1,L1_ELIGIBILITY,v2026-08-11,2026-03-21..2026-08-06,baccarat_bet02_101_all_pairs_incl_sentinel,round_win = game_pnl > 0 (decisive only),COMPATIBILITY_ONLY_NOT_PRODUCTION,480.8413,368.5464,168.9679,8,8,-0.35140052,,-0.35140052,-0.35140052,-168.9679,480.8413,THIN_EXPOSURE,0.0000,6.7587,4.0000,96.0000,AG03-UNRESOLVED,ALL5_LEVELS_bet23_to_bet27,6.7587,6.7587,6.7587,0.0000,0.0000,4.000000,4.000000,4.000000,0.000000,0.000000,96.000000,96.000000,96.000000,100.000000,100.000000,5.0,20.2761,19.4759,148.6917,149.492,PENDING_AG03,FALSE,NOT_FOR_ENFORCEMENT,162.2092,353.8046,168.9679,162.2092,6.7587,0.35140052,0.33734450,6.7587,162.2092,0.33734450,6.7587,6.7587,6.7587,0.0000,0.0000,162.2092,0.33734450,20.2761,19.4759,148.6917,149.492,0.30923245,0.31089669,0.01405602,60.1052,46.0683,21.1210,42.2420,42.2420,120.2103,2.0000,,60.1052,17.9921,43.583,112.2948,124.4985,129.7286,129.7286,25.1904,-1.6865,2.97659,2.97659,1.379098,3,4,4,2,0E-8,0.35140052,,0E-8,0.000000,0.766462,0.000000,,2026-03-31,2026-05-18,4,4,4,49,0.081633,,,0.000000,,,,,,,,GLOBAL_BASELINE_NO_ENTITY_RANKING,,,NOT_APPLICABLE_GLOBAL_BASELINE,HF9g-P5,,,,X 全窗基线 · 不参与实体赏罚,6879846,688,A168_HF9F_20260827_0900,2026-08-27 09:00:00
2026-04-14,148011424,2129,0,326.9376750517,-15.0642619690,-15.0642619690,0.7500000,5,5,0.50396966000000000,0.503969660000,0.9841523774297893,0.9841523774297894,0.9841523774297893,0E-17,ELIGIBLE,R03b_20260811_FULL_v1,L1_ELIGIBILITY,v2026-08-11,2026-03-21..2026-08-06,baccarat_bet02_101_all_pairs_incl_sentinel,round_win = game_pnl > 0 (decisive only),COMPATIBILITY_ONLY_NOT_PRODUCTION,480.8413,368.5464,168.9679,8,8,-0.35140052,,-0.35140052,-0.35140052,-168.9679,480.8413,THIN_EXPOSURE,0.0000,6.7587,4.0000,96.0000,AG03-UNRESOLVED,ALL5_LEVELS_bet23_to_bet27,6.7587,6.7587,6.7587,0.0000,0.0000,4.000000,4.000000,4.000000,0.000000,0.000000,96.000000,96.000000,96.000000,100.000000,100.000000,5.0,20.2761,19.4759,148.6917,149.492,PENDING_AG03,FALSE,NOT_FOR_ENFORCEMENT,162.2092,353.8046,168.9679,162.2092,6.7587,0.35140052,0.33734450,6.7587,162.2092,0.33734450,6.7587,6.7587,6.7587,0.0000,0.0000,162.2092,0.33734450,20.2761,19.4759,148.6917,149.492,0.30923245,0.31089669,0.01405602,60.1052,46.0683,21.1210,42.2420,42.2420,120.2103,2.0000,,60.1052,17.9921,43.583,112.2948,124.4985,129.7286,129.7286,25.1904,-1.6865,2.97659,2.97659,1.379098,3,4,4,2,0E-8,0.35140052,,0E-8,0.000000,0.766462,0.000000,,2026-03-31,2026-05-18,4,4,4,49,0.081633,,,0.000000,,,,,,,,GLOBAL_BASELINE_NO_ENTITY_RANKING,,,NOT_APPLICABLE_GLOBAL_BASELINE,HF9g-P5,,,,X 全窗基线 · 不参与实体赏罚,6879847,688,A168_HF9F_20260827_0900,2026-08-27 09:00:00
2026-05-06,148011424,1994,0,3.3729438016,-3.3729438016,-3.3729438016,0E-7,1,1,0.49324550000000000,0.493245500000,-0.9865810262130424,-0.9865810262130424,-0.9865810262130424,0E-17,ELIGIBLE,R03b_20260811_FULL_v1,L1_ELIGIBILITY,v2026-08-11,2026-03-21..2026-08-06,baccarat_bet02_101_all_pairs_incl_sentinel,round_win = game_pnl > 0 (decisive only),COMPATIBILITY_ONLY_NOT_PRODUCTION,480.8413,368.5464,168.9679,8,8,-0.35140052,,-0.35140052,-0.35140052,-168.9679,480.8413,THIN_EXPOSURE,0.0000,6.7587,4.0000,96.0000,AG03-UNRESOLVED,ALL5_LEVELS_bet23_to_bet27,6.7587,6.7587,6.7587,0.0000,0.0000,4.000000,4.000000,4.000000,0.000000,0.000000,96.000000,96.000000,96.000000,100.000000,100.000000,5.0,20.2761,19.4759,148.6917,149.492,PENDING_AG03,FALSE,NOT_FOR_ENFORCEMENT,162.2092,353.8046,168.9679,162.2092,6.7587,0.35140052,0.33734450,6.7587,162.2092,0.33734450,6.7587,6.7587,6.7587,0.0000,0.0000,162.2092,0.33734450,20.2761,19.4759,148.6917,149.492,0.30923245,0.31089669,0.01405602,60.1052,46.0683,21.1210,42.2420,42.2420,120.2103,2.0000,,60.1052,17.9921,43.583,112.2948,124.4985,129.7286,129.7286,25.1904,-1.6865,2.97659,2.97659,1.379098,3,4,4,2,0E-8,0.35140052,,0E-8,0.000000,0.766462,0.000000,,2026-03-31,2026-05-18,4,4,4,49,0.081633,,,0.000000,,,,,,,,GLOBAL_BASELINE_NO_ENTITY_RANKING,,,NOT_APPLICABLE_GLOBAL_BASELINE,HF9g-P5,,,,X 全窗基线 · 不参与实体赏罚,6879848,688,A168_HF9F_20260827_0900,2026-08-27 09:00:00
2026-05-18,148011424,2174,0,129.7286077526,-129.7286077526,-129.7286077526,0E-7,1,1,0.50665070000000000,0.506650700000,-1.013391052207602,-1.013391052207602,-1.013391052207602,0E-17,ELIGIBLE,R03b_20260811_FULL_v1,L1_ELIGIBILITY,v2026-08-11,2026-03-21..2026-08-06,baccarat_bet02_101_all_pairs_incl_sentinel,round_win = game_pnl > 0 (decisive only),COMPATIBILITY_ONLY_NOT_PRODUCTION,480.8413,368.5464,168.9679,8,8,-0.35140052,,-0.35140052,-0.35140052,-168.9679,480.8413,THIN_EXPOSURE,0.0000,6.7587,4.0000,96.0000,AG03-UNRESOLVED,ALL5_LEVELS_bet23_to_bet27,6.7587,6.7587,6.7587,0.0000,0.0000,4.000000,4.000000,4.000000,0.000000,0.000000,96.000000,96.000000,96.000000,100.000000,100.000000,5.0,20.2761,19.4759,148.6917,149.492,PENDING_AG03,FALSE,NOT_FOR_ENFORCEMENT,162.2092,353.8046,168.9679,162.2092,6.7587,0.35140052,0.33734450,6.7587,162.2092,0.33734450,6.7587,6.7587,6.7587,0.0000,0.0000,162.2092,0.33734450,20.2761,19.4759,148.6917,149.492,0.30923245,0.31089669,0.01405602,60.1052,46.0683,21.1210,42.2420,42.2420,120.2103,2.0000,,60.1052,17.9921,43.583,112.2948,124.4985,129.7286,129.7286,25.1904,-1.6865,2.97659,2.97659,1.379098,3,4,4,2,0E-8,0.35140052,,0E-8,0.000000,0.766462,0.000000,,2026-03-31,2026-05-18,4,4,4,49,0.081633,,,0.000000,,,,,,,,GLOBAL_BASELINE_NO_ENTITY_RANKING,,,NOT_APPLICABLE_GLOBAL_BASELINE,HF9g-P5,,,,X 全窗基线 · 不参与实体赏罚,6879849,688,A168_HF9F_20260827_0900,2026-08-27 09:00:00
2026-04-17,148536735,1307,0,26.1759547680,-26.1759547680,-26.1759547680,0E-7,2,2,0.49994810000000000,0.499948100000,-1.4140667746232096,-1.4140667746232096,-1.4140667746232096,0E-17,ELIGIBLE,R03b_20260811_FULL_v1,L1_ELIGIBILITY,v2026-08-11,2026-03-21..2026-08-06,baccarat_bet02_101_all_pairs_incl_sentinel,round_win = game_pnl > 0 (decisive only),COMPATIBILITY_ONLY_NOT_PRODUCTION,4315.0057,3862.7117,168.9735,279,279,-0.03915950,,-0.03915950,-0.03915950,-168.9735,4315.0057,OK,0.0000,6.7589,4.0000,96.0000,AG03-UNRESOLVED,ALL5_LEVELS_bet23_to_bet27,6.7589,6.7589,6.7589,8.4487,8.4487,4.000000,4.000000,4.000000,5.000000,5.000000,96.000000,96.000000,96.000000,95.000000,95.000000,5.0,37.1742,34.0525,131.7993,134.921,PENDING_AG03,FALSE,NOT_FOR_ENFORCEMENT,162.2145,3708.2032,168.9735,162.2145,6.7589,0.03915950,0.03759312,6.7589,162.2145,0.03759312,6.7589,6.7589,6.7589,8.4487,8.4487,162.2145,0.03759312,37.1742,34.0525,131.7993,134.921,0.03054441,0.03126785,0.00156638,15.4660,13.8448,0.6056,15.3612,3.1882,392.2732,25.3636,,15.4660,11.5829,13.088,18.3232,26.176,26.176,39.2639,13.088,0.0,2.0,3.0,1.181693,18,54,8,3,0E-8,0.03915950,,0E-8,0.000000,0.895181,0.000000,,2026-04-17,2026-06-08,11,53,46,53,0.207547,,,0.000000,,,,,,,,GLOBAL_BASELINE_NO_ENTITY_RANKING,,,NOT_APPLICABLE_GLOBAL_BASELINE,HF9g-P5,,,,X 全窗基线 · 不参与实体赏罚,6879850,688,A168_HF9F_20260827_0900,2026-08-27 09:00:00
2026-04-17,148536735,1645,0,28.7935502447,-15.0119100594,-15.0119100594,0.2500000,4,4,0.49994810000000000,0.499948100000,-0.9997924053861017,-0.9997924053861017,-0.9997924053861017,0E-17,ELIGIBLE,R03b_20260811_FULL_v1,L1_ELIGIBILITY,v2026-08-11,2026-03-21..2026-08-06,baccarat_bet02_101_all_pairs_incl_sentinel,round_win = game_pnl > 0 (decisive only),COMPATIBILITY_ONLY_NOT_PRODUCTION,4315.0057,3862.7117,168.9735,279,279,-0.03915950,,-0.03915950,-0.03915950,-168.9735,4315.0057,OK,0.0000,6.7589,4.0000,96.0000,AG03-UNRESOLVED,ALL5_LEVELS_bet23_to_bet27,6.7589,6.7589,6.7589,8.4487,8.4487,4.000000,4.000000,4.000000,5.000000,5.000000,96.000000,96.000000,96.000000,95.000000,95.000000,5.0,37.1742,34.0525,131.7993,134.921,PENDING_AG03,FALSE,NOT_FOR_ENFORCEMENT,162.2145,3708.2032,168.9735,162.2145,6.7589,0.03915950,0.03759312,6.7589,162.2145,0.03759312,6.7589,6.7589,6.7589,8.4487,8.4487,162.2145,0.03759312,37.1742,34.0525,131.7993,134.921,0.03054441,0.03126785,0.00156638,15.4660,13.8448,0.6056,15.3612,3.1882,392.2732,25.3636,,15.4660,11.5829,13.088,18.3232,26.176,26.176,39.2639,13.088,0.0,2.0,3.0,1.181693,18,54,8,3,0E-8,0.03915950,,0E-8,0.000000,0.895181,0.000000,,2026-04-17,2026-06-08,11,53,46,53,0.207547,,,0.000000,,,,,,,,GLOBAL_BASELINE_NO_ENTITY_RANKING,,,NOT_APPLICABLE_GLOBAL_BASELINE,HF9g-P5,,,,X 全窗基线 · 不参与实体赏罚,6879851,688,A168_HF9F_20260827_0900,2026-08-27 09:00:00
2026-04-17,148536735,2174,0,15.7055728608,15.3129335393,15.3129335393,1.0000000,2,2,0.49994810000000000,0.499948100000,1.4143603653603398,1.4143603653603398,1.4143603653603398,0E-17,ELIGIBLE,R03b_20260811_FULL_v1,L1_ELIGIBILITY,v2026-08-11,2026-03-21..2026-08-06,baccarat_bet02_101_all_pairs_incl_sentinel,round_win = game_pnl > 0 (decisive only),COMPATIBILITY_ONLY_NOT_PRODUCTION,4315.0057,3862.7117,168.9735,279,279,-0.03915950,,-0.03915950,-0.03915950,-168.9735,4315.0057,OK,0.0000,6.7589,4.0000,96.0000,AG03-UNRESOLVED,ALL5_LEVELS_bet23_to_bet27,6.7589,6.7589,6.7589,8.4487,8.4487,4.000000,4.000000,4.000000,5.000000,5.000000,96.000000,96.000000,96.000000,95.000000,95.000000,5.0,37.1742,34.0525,131.7993,134.921,PENDING_AG03,FALSE,NOT_FOR_ENFORCEMENT,162.2145,3708.2032,168.9735,162.2145,6.7589,0.03915950,0.03759312,6.7589,162.2145,0.03759312,6.7589,6.7589,6.7589,8.4487,8.4487,162.2145,0.03759312,37.1742,34.0525,131.7993,134.921,0.03054441,0.03126785,0.00156638,15.4660,13.8448,0.6056,15.3612,3.1882,392.2732,25.3636,,15.4660,11.5829,13.088,18.3232,26.176,26.176,39.2639,13.088,0.0,2.0,3.0,1.181693,18,54,8,3,0E-8,0.03915950,,0E-8,0.000000,0.895181,0.000000,,2026-04-17,2026-06-08,11,53,46,53,0.207547,,,0.000000,,,,,,,,GLOBAL_BASELINE_NO_ENTITY_RANKING,,,NOT_APPLICABLE_GLOBAL_BASELINE,HF9g-P5,,,,X 全窗基线 · 不参与实体赏罚,6879852,688,A168_HF9F_20260827_0900,2026-08-27 09:00:00
2026-04-17,148536735,919,0,10.7321414548,-3.5861058032,-3.5861058032,0.5000000,2,2,0.50665070000000000,0.506650700000,-0.018812684590367487,-0.018812684590367487,-0.018812684590367487,0E-17,ELIGIBLE,R03b_20260811_FULL_v1,L1_ELIGIBILITY,v2026-08-11,2026-03-21..2026-08-06,baccarat_bet02_101_all_pairs_incl_sentinel,round_win = game_pnl > 0 (decisive only),COMPATIBILITY_ONLY_NOT_PRODUCTION,4315.0057,3862.7117,168.9735,279,279,-0.03915950,,-0.03915950,-0.03915950,-168.9735,4315.0057,OK,0.0000,6.7589,4.0000,96.0000,AG03-UNRESOLVED,ALL5_LEVELS_bet23_to_bet27,6.7589,6.7589,6.7589,8.4487,8.4487,4.000000,4.000000,4.000000,5.000000,5.000000,96.000000,96.000000,96.000000,95.000000,95.000000,5.0,37.1742,34.0525,131.7993,134.921,PENDING_AG03,FALSE,NOT_FOR_ENFORCEMENT,162.2145,3708.2032,168.9735,162.2145,6.7589,0.03915950,0.03759312,6.7589,162.2145,0.03759312,6.7589,6.7589,6.7589,8.4487,8.4487,162.2145,0.03759312,37.1742,34.0525,131.7993,134.921,0.03054441,0.03126785,0.00156638,15.4660,13.8448,0.6056,15.3612,3.1882,392.2732,25.3636,,15.4660,11.5829,13.088,18.3232,26.176,26.176,39.2639,13.088,0.0,2.0,3.0,1.181693,18,54,8,3,0E-8,0.03915950,,0E-8,0.000000,0.895181,0.000000,,2026-04-17,2026-06-08,11,53,46,53,0.207547,,,0.000000,,,,,,,,GLOBAL_BASELINE_NO_ENTITY_RANKING,,,NOT_APPLICABLE_GLOBAL_BASELINE,HF9g-P5,,,,X 全窗基线 · 不参与实体赏罚,6879853,688,A168_HF9F_20260827_0900,2026-08-27 09:00:00
2026-04-19,148536735,1094,0,39.2639321520,-26.1759547680,-26.1759547680,0E-7,3,3,0.49771390000000000,0.497713900000,-1.4077622098436522,-1.4077622098436524,-1.4077622098436522,0E-17,ELIGIBLE,R03b_20260811_FULL_v1,L1_ELIGIBILITY,v2026-08-11,2026-03-21..2026-08-06,baccarat_bet02_101_all_pairs_incl_sentinel,round_win = game_pnl > 0 (decisive only),COMPATIBILITY_ONLY_NOT_PRODUCTION,4315.0057,3862.7117,168.9735,279,279,-0.03915950,,-0.03915950,-0.03915950,-168.9735,4315.0057,OK,0.0000,6.7589,4.0000,96.0000,AG03-UNRESOLVED,ALL5_LEVELS_bet23_to_bet27,6.7589,6.7589,6.7589,8.4487,8.4487,4.000000,4.000000,4.000000,5.000000,5.000000,96.000000,96.000000,96.000000,95.000000,95.000000,5.0,37.1742,34.0525,131.7993,134.921,PENDING_AG03,FALSE,NOT_FOR_ENFORCEMENT,162.2145,3708.2032,168.9735,162.2145,6.7589,0.03915950,0.03759312,6.7589,162.2145,0.03759312,6.7589,6.7589,6.7589,8.4487,8.4487,162.2145,0.03759312,37.1742,34.0525,131.7993,134.921,0.03054441,0.03126785,0.00156638,15.4660,13.8448,0.6056,15.3612,3.1882,392.2732,25.3636,,15.4660,11.5829,13.088,18.3232,26.176,26.176,39.2639,13.088,0.0,2.0,3.0,1.181693,18,54,8,3,0E-8,0.03915950,,0E-8,0.000000,0.895181,0.000000,,2026-04-17,2026-06-08,11,53,46,53,0.207547,,,0.000000,,,,,,,,GLOBAL_BASELINE_NO_ENTITY_RANKING,,,NOT_APPLICABLE_GLOBAL_BASELINE,HF9g-P5,,,,X 全窗基线 · 不参与实体赏罚,6879854,688,A168_HF9F_20260827_0900,2026-08-27 09:00:00
2026-04-19,148536735,1383,0,102.0862235952,1.3087977384,1.3087977384,0.4000000,5,5,0.50128862000000000,0.501288620000,-0.4529779837142727,-0.4529779837142727,-0.4529779837142727,0E-17,ELIGIBLE,R03b_20260811_FULL_v1,L1_ELIGIBILITY,v2026-08-11,2026-03-21..2026-08-06,baccarat_bet02_101_all_pairs_incl_sentinel,round_win = game_pnl > 0 (decisive only),COMPATIBILITY_ONLY_NOT_PRODUCTION,4315.0057,3862.7117,168.9735,279,279,-0.03915950,,-0.03915950,-0.03915950,-168.9735,4315.0057,OK,0.0000,6.7589,4.0000,96.0000,AG03-UNRESOLVED,ALL5_LEVELS_bet23_to_bet27,6.7589,6.7589,6.7589,8.4487,8.4487,4.000000,4.000000,4.000000,5.000000,5.000000,96.000000,96.000000,96.000000,95.000000,95.000000,5.0,37.1742,34.0525,131.7993,134.921,PENDING_AG03,FALSE,NOT_FOR_ENFORCEMENT,162.2145,3708.2032,168.9735,162.2145,6.7589,0.03915950,0.03759312,6.7589,162.2145,0.03759312,6.7589,6.7589,6.7589,8.4487,8.4487,162.2145,0.03759312,37.1742,34.0525,131.7993,134.921,0.03054441,0.03126785,0.00156638,15.4660,13.8448,0.6056,15.3612,3.1882,392.2732,25.3636,,15.4660,11.5829,13.088,18.3232,26.176,26.176,39.2639,13.088,0.0,2.0,3.0,1.181693,18,54,8,3,0E-8,0.03915950,,0E-8,0.000000,0.895181,0.000000,,2026-04-17,2026-06-08,11,53,46,53,0.207547,,,0.000000,,,,,,,,GLOBAL_BASELINE_NO_ENTITY_RANKING,,,NOT_APPLICABLE_GLOBAL_BASELINE,HF9g-P5,,,,X 全窗基线 · 不参与实体赏罚,6879855,688,A168_HF9F_20260827_0900,2026-08-27 09:00:00
2026-04-19,148536735,1401,0,28.2700311494,-28.2700311494,-28.2700311494,0E-7,3,3,0.49771390000000000,0.497713900000,-1.724149546644903,-1.724149546644903,-1.724149546644903,0E-17,ELIGIBLE,R03b_20260811_FULL_v1,L1_ELIGIBILITY,v2026-08-11,2026-03-21..2026-08-06,baccarat_bet02_101_all_pairs_incl_sentinel,round_win = game_pnl > 0 (decisive only),COMPATIBILITY_ONLY_NOT_PRODUCTION,4315.0057,3862.7117,168.9735,279,279,-0.03915950,,-0.03915950,-0.03915950,-168.9735,4315.0057,OK,0.0000,6.7589,4.0000,96.0000,AG03-UNRESOLVED,ALL5_LEVELS_bet23_to_bet27,6.7589,6.7589,6.7589,8.4487,8.4487,4.000000,4.000000,4.000000,5.000000,5.000000,96.000000,96.000000,96.000000,95.000000,95.000000,5.0,37.1742,34.0525,131.7993,134.921,PENDING_AG03,FALSE,NOT_FOR_ENFORCEMENT,162.2145,3708.2032,168.9735,162.2145,6.7589,0.03915950,0.03759312,6.7589,162.2145,0.03759312,6.7589,6.7589,6.7589,8.4487,8.4487,162.2145,0.03759312,37.1742,34.0525,131.7993,134.921,0.03054441,0.03126785,0.00156638,15.4660,13.8448,0.6056,15.3612,3.1882,392.2732,25.3636,,15.4660,11.5829,13.088,18.3232,26.176,26.176,39.2639,13.088,0.0,2.0,3.0,1.181693,18,54,8,3,0E-8,0.03915950,,0E-8,0.000000,0.895181,0.000000,,2026-04-17,2026-06-08,11,53,46,53,0.207547,,,0.000000,,,,,,,,GLOBAL_BASELINE_NO_ENTITY_RANKING,,,NOT_APPLICABLE_GLOBAL_BASELINE,HF9g-P5,,,,X 全窗基线 · 不参与实体赏罚,6879856,688,A168_HF9F_20260827_0900,2026-08-27 09:00:00
2026-04-19,148536735,1490,0,104.7038190720,-39.2639321520,-39.2639321520,0.2500000,6,6,0.50441650000000000,0.504416500000,-1.0177057024351048,-1.0177057024351048,-1.0177057024351048,0E-17,ELIGIBLE,R03b_20260811_FULL_v1,L1_ELIGIBILITY,v2026-08-11,2026-03-21..2026-08-06,baccarat_bet02_101_all_pairs_incl_sentinel,round_win = game_pnl > 0 (decisive only),COMPATIBILITY_ONLY_NOT_PRODUCTION,4315.0057,3862.7117,168.9735,279,279,-0.03915950,,-0.03915950,-0.03915950,-168.9735,4315.0057,OK,0.0000,6.7589,4.0000,96.0000,AG03-UNRESOLVED,ALL5_LEVELS_bet23_to_bet27,6.7589,6.7589,6.7589,8.4487,8.4487,4.000000,4.000000,4.000000,5.000000,5.000000,96.000000,96.000000,96.000000,95.000000,95.000000,5.0,37.1742,34.0525,131.7993,134.921,PENDING_AG03,FALSE,NOT_FOR_ENFORCEMENT,162.2145,3708.2032,168.9735,162.2145,6.7589,0.03915950,0.03759312,6.7589,162.2145,0.03759312,6.7589,6.7589,6.7589,8.4487,8.4487,162.2145,0.03759312,37.1742,34.0525,131.7993,134.921,0.03054441,0.03126785,0.00156638,15.4660,13.8448,0.6056,15.3612,3.1882,392.2732,25.3636,,15.4660,11.5829,13.088,18.3232,26.176,26.176,39.2639,13.088,0.0,2.0,3.0,1.181693,18,54,8,3,0E-8,0.03915950,,0E-8,0.000000,0.895181,0.000000,,2026-04-17,2026-06-08,11,53,46,53,0.207547,,,0.000000,,,,,,,,GLOBAL_BASELINE_NO_ENTITY_RANKING,,,NOT_APPLICABLE_GLOBAL_BASELINE,HF9g-P5,,,,X 全窗基线 · 不参与实体赏罚,6879857,688,A168_HF9F_20260827_0900,2026-08-27 09:00:00
2026-04-19,148536735,1509,0,4.9734314059,-4.9734314059,-4.9734314059,0E-7,1,1,0.50665070000000000,0.506650700000,-1.013391052207602,-1.013391052207602,-1.013391052207602,0E-17,ELIGIBLE,R03b_20260811_FULL_v1,L1_ELIGIBILITY,v2026-08-11,2026-03-21..2026-08-06,baccarat_bet02_101_all_pairs_incl_sentinel,round_win = game_pnl > 0 (decisive only),COMPATIBILITY_ONLY_NOT_PRODUCTION,4315.0057,3862.7117,168.9735,279,279,-0.03915950,,-0.03915950,-0.03915950,-168.9735,4315.0057,OK,0.0000,6.7589,4.0000,96.0000,AG03-UNRESOLVED,ALL5_LEVELS_bet23_to_bet27,6.7589,6.7589,6.7589,8.4487,8.4487,4.000000,4.000000,4.000000,5.000000,5.000000,96.000000,96.000000,96.000000,95.000000,95.000000,5.0,37.1742,34.0525,131.7993,134.921,PENDING_AG03,FALSE,NOT_FOR_ENFORCEMENT,162.2145,3708.2032,168.9735,162.2145,6.7589,0.03915950,0.03759312,6.7589,162.2145,0.03759312,6.7589,6.7589,6.7589,8.4487,8.4487,162.2145,0.03759312,37.1742,34.0525,131.7993,134.921,0.03054441,0.03126785,0.00156638,15.4660,13.8448,0.6056,15.3612,3.1882,392.2732,25.3636,,15.4660,11.5829,13.088,18.3232,26.176,26.176,39.2639,13.088,0.0,2.0,3.0,1.181693,18,54,8,3,0E-8,0.03915950,,0E-8,0.000000,0.895181,0.000000,,2026-04-17,2026-06-08,11,53,46,53,0.207547,,,0.000000,,,,,,,,GLOBAL_BASELINE_NO_ENTITY_RANKING,,,NOT_APPLICABLE_GLOBAL_BASELINE,HF9g-P5,,,,X 全窗基线 · 不参与实体赏罚,6879858,688,A168_HF9F_20260827_0900,2026-08-27 09:00:00
2026-04-19,148536735,1947,0,27.2229929587,27.2229929587,27.2229929587,1.0000000,2,2,0.49324550000000000,0.493245500000,1.4334489766152358,1.4334489766152358,1.4334489766152358,0E-17,ELIGIBLE,R03b_20260811_FULL_v1,L1_ELIGIBILITY,v2026-08-11,2026-03-21..2026-08-06,baccarat_bet02_101_all_pairs_incl_sentinel,round_win = game_pnl > 0 (decisive only),COMPATIBILITY_ONLY_NOT_PRODUCTION,4315.0057,3862.7117,168.9735,279,279,-0.03915950,,-0.03915950,-0.03915950,-168.9735,4315.0057,OK,0.0000,6.7589,4.0000,96.0000,AG03-UNRESOLVED,ALL5_LEVELS_bet23_to_bet27,6.7589,6.7589,6.7589,8.4487,8.4487,4.000000,4.000000,4.000000,5.000000,5.000000,96.000000,96.000000,96.000000,95.000000,95.000000,5.0,37.1742,34.0525,131.7993,134.921,PENDING_AG03,FALSE,NOT_FOR_ENFORCEMENT,162.2145,3708.2032,168.9735,162.2145,6.7589,0.03915950,0.03759312,6.7589,162.2145,0.03759312,6.7589,6.7589,6.7589,8.4487,8.4487,162.2145,0.03759312,37.1742,34.0525,131.7993,134.921,0.03054441,0.03126785,0.00156638,15.4660,13.8448,0.6056,15.3612,3.1882,392.2732,25.3636,,15.4660,11.5829,13.088,18.3232,26.176,26.176,39.2639,13.088,0.0,2.0,3.0,1.181693,18,54,8,3,0E-8,0.03915950,,0E-8,0.000000,0.895181,0.000000,,2026-04-17,2026-06-08,11,53,46,53,0.207547,,,0.000000,,,,,,,,GLOBAL_BASELINE_NO_ENTITY_RANKING,,,NOT_APPLICABLE_GLOBAL_BASELINE,HF9g-P5,,,,X 全窗基线 · 不参与实体赏罚,6879859,688,A168_HF9F_20260827_0900,2026-08-27 09:00:00
2026-04-19,148536735,1951,0,115.1742009792,38.6095332828,38.6095332828,0.7500000,8,8,0.50497505000000000,0.504975050000,1.3861390483323712,1.3861390483323712,1.3861390483323712,0E-17,ELIGIBLE,R03b_20260811_FULL_v1,L1_ELIGIBILITY,v2026-08-11,2026-03-21..2026-08-06,baccarat_bet02_101_all_pairs_incl_sentinel,round_win = game_pnl > 0 (decisive only),COMPATIBILITY_ONLY_NOT_PRODUCTION,4315.0057,3862.7117,168.9735,279,279,-0.03915950,,-0.03915950,-0.03915950,-168.9735,4315.0057,OK,0.0000,6.7589,4.0000,96.0000,AG03-UNRESOLVED,ALL5_LEVELS_bet23_to_bet27,6.7589,6.7589,6.7589,8.4487,8.4487,4.000000,4.000000,4.000000,5.000000,5.000000,96.000000,96.000000,96.000000,95.000000,95.000000,5.0,37.1742,34.0525,131.7993,134.921,PENDING_AG03,FALSE,NOT_FOR_ENFORCEMENT,162.2145,3708.2032,168.9735,162.2145,6.7589,0.03915950,0.03759312,6.7589,162.2145,0.03759312,6.7589,6.7589,6.7589,8.4487,8.4487,162.2145,0.03759312,37.1742,34.0525,131.7993,134.921,0.03054441,0.03126785,0.00156638,15.4660,13.8448,0.6056,15.3612,3.1882,392.2732,25.3636,,15.4660,11.5829,13.088,18.3232,26.176,26.176,39.2639,13.088,0.0,2.0,3.0,1.181693,18,54,8,3,0E-8,0.03915950,,0E-8,0.000000,0.895181,0.000000,,2026-04-17,2026-06-08,11,53,46,53,0.207547,,,0.000000,,,,,,,,GLOBAL_BASELINE_NO_ENTITY_RANKING,,,NOT_APPLICABLE_GLOBAL_BASELINE,HF9g-P5,,,,X 全窗基线 · 不参与实体赏罚,6879860,688,A168_HF9F_20260827_0900,2026-08-27 09:00:00
2026-04-19,148536735,2108,0,7.8527864304,-7.8527864304,-7.8527864304,0E-7,1,1,0.49324550000000000,0.493245500000,-0.9865810262130424,-0.9865810262130424,-0.9865810262130424,0E-17,ELIGIBLE,R03b_20260811_FULL_v1,L1_ELIGIBILITY,v2026-08-11,2026-03-21..2026-08-06,baccarat_bet02_101_all_pairs_incl_sentinel,round_win = game_pnl > 0 (decisive only),COMPATIBILITY_ONLY_NOT_PRODUCTION,4315.0057,3862.7117,168.9735,279,279,-0.03915950,,-0.03915950,-0.03915950,-168.9735,4315.0057,OK,0.0000,6.7589,4.0000,96.0000,AG03-UNRESOLVED,ALL5_LEVELS_bet23_to_bet27,6.7589,6.7589,6.7589,8.4487,8.4487,4.000000,4.000000,4.000000,5.000000,5.000000,96.000000,96.000000,96.000000,95.000000,95.000000,5.0,37.1742,34.0525,131.7993,134.921,PENDING_AG03,FALSE,NOT_FOR_ENFORCEMENT,162.2145,3708.2032,168.9735,162.2145,6.7589,0.03915950,0.03759312,6.7589,162.2145,0.03759312,6.7589,6.7589,6.7589,8.4487,8.4487,162.2145,0.03759312,37.1742,34.0525,131.7993,134.921,0.03054441,0.03126785,0.00156638,15.4660,13.8448,0.6056,15.3612,3.1882,392.2732,25.3636,,15.4660,11.5829,13.088,18.3232,26.176,26.176,39.2639,13.088,0.0,2.0,3.0,1.181693,18,54,8,3,0E-8,0.03915950,,0E-8,0.000000,0.895181,0.000000,,2026-04-17,2026-06-08,11,53,46,53,0.207547,,,0.000000,,,,,,,,GLOBAL_BASELINE_NO_ENTITY_RANKING,,,NOT_APPLICABLE_GLOBAL_BASELINE,HF9g-P5,,,,X 全窗基线 · 不参与实体赏罚,6879861,688,A168_HF9F_20260827_0900,2026-08-27 09:00:00
2026-04-19,148536735,2127,0,95.5422349032,-40.7821375286,-40.7821375286,0.2857143,7,7,0.50090561428571429,0.500905614286,-1.138687347156492,-1.138687347158005,-1.138687347156492,-2.8571E-13,ELIGIBLE,R03b_20260811_FULL_v1,L1_ELIGIBILITY,v2026-08-11,2026-03-21..2026-08-06,baccarat_bet02_101_all_pairs_incl_sentinel,round_win = game_pnl > 0 (decisive only),COMPATIBILITY_ONLY_NOT_PRODUCTION,4315.0057,3862.7117,168.9735,279,279,-0.03915950,,-0.03915950,-0.03915950,-168.9735,4315.0057,OK,0.0000,6.7589,4.0000,96.0000,AG03-UNRESOLVED,ALL5_LEVELS_bet23_to_bet27,6.7589,6.7589,6.7589,8.4487,8.4487,4.000000,4.000000,4.000000,5.000000,5.000000,96.000000,96.000000,96.000000,95.000000,95.000000,5.0,37.1742,34.0525,131.7993,134.921,PENDING_AG03,FALSE,NOT_FOR_ENFORCEMENT,162.2145,3708.2032,168.9735,162.2145,6.7589,0.03915950,0.03759312,6.7589,162.2145,0.03759312,6.7589,6.7589,6.7589,8.4487,8.4487,162.2145,0.03759312,37.1742,34.0525,131.7993,134.921,0.03054441,0.03126785,0.00156638,15.4660,13.8448,0.6056,15.3612,3.1882,392.2732,25.3636,,15.4660,11.5829,13.088,18.3232,26.176,26.176,39.2639,13.088,0.0,2.0,3.0,1.181693,18,54,8,3,0E-8,0.03915950,,0E-8,0.000000,0.895181,0.000000,,2026-04-17,2026-06-08,11,53,46,53,0.207547,,,0.000000,,,,,,,,GLOBAL_BASELINE_NO_ENTITY_RANKING,,,NOT_APPLICABLE_GLOBAL_BASELINE,HF9g-P5,,,,X 全窗基线 · 不参与实体赏罚,6879862,688,A168_HF9F_20260827_0900,2026-08-27 09:00:00
2026-04-19,148536735,2170,0,91.6158416880,-39.2639321520,-39.2639321520,0.2857143,7,7,0.43821157142857143,0.438211571429,-0.8131727530359584,-0.8131727530381561,-0.8131727530359584,-4.2857E-13,ELIGIBLE,R03b_20260811_FULL_v1,L1_ELIGIBILITY,v2026-08-11,2026-03-21..2026-08-06,baccarat_bet02_101_all_pairs_incl_sentinel,round_win = game_pnl > 0 (decisive only),COMPATIBILITY_ONLY_NOT_PRODUCTION,4315.0057,3862.7117,168.9735,279,279,-0.03915950,,-0.03915950,-0.03915950,-168.9735,4315.0057,OK,0.0000,6.7589,4.0000,96.0000,AG03-UNRESOLVED,ALL5_LEVELS_bet23_to_bet27,6.7589,6.7589,6.7589,8.4487,8.4487,4.000000,4.000000,4.000000,5.000000,5.000000,96.000000,96.000000,96.000000,95.000000,95.000000,5.0,37.1742,34.0525,131.7993,134.921,PENDING_AG03,FALSE,NOT_FOR_ENFORCEMENT,162.2145,3708.2032,168.9735,162.2145,6.7589,0.03915950,0.03759312,6.7589,162.2145,0.03759312,6.7589,6.7589,6.7589,8.4487,8.4487,162.2145,0.03759312,37.1742,34.0525,131.7993,134.921,0.03054441,0.03126785,0.00156638,15.4660,13.8448,0.6056,15.3612,3.1882,392.2732,25.3636,,15.4660,11.5829,13.088,18.3232,26.176,26.176,39.2639,13.088,0.0,2.0,3.0,1.181693,18,54,8,3,0E-8,0.03915950,,0E-8,0.000000,0.895181,0.000000,,2026-04-17,2026-06-08,11,53,46,53,0.207547,,,0.000000,,,,,,,,GLOBAL_BASELINE_NO_ENTITY_RANKING,,,NOT_APPLICABLE_GLOBAL_BASELINE,HF9g-P5,,,,X 全窗基线 · 不参与实体赏罚,6879863,688,A168_HF9F_20260827_0900,2026-08-27 09:00:00
2026-04-19,148536735,2196,0,13.0879773840,-13.0879773840,-13.0879773840,0E-7,1,1,0.49324550000000000,0.493245500000,-0.9865810262130424,-0.9865810262130424,-0.9865810262130424,0E-17,ELIGIBLE,R03b_20260811_FULL_v1,L1_ELIGIBILITY,v2026-08-11,2026-03-21..2026-08-06,baccarat_bet02_101_all_pairs_incl_sentinel,round_win = game_pnl > 0 (decisive only),COMPATIBILITY_ONLY_NOT_PRODUCTION,4315.0057,3862.7117,168.9735,279,279,-0.03915950,,-0.03915950,-0.03915950,-168.9735,4315.0057,OK,0.0000,6.7589,4.0000,96.0000,AG03-UNRESOLVED,ALL5_LEVELS_bet23_to_bet27,6.7589,6.7589,6.7589,8.4487,8.4487,4.000000,4.000000,4.000000,5.000000,5.000000,96.000000,96.000000,96.000000,95.000000,95.000000,5.0,37.1742,34.0525,131.7993,134.921,PENDING_AG03,FALSE,NOT_FOR_ENFORCEMENT,162.2145,3708.2032,168.9735,162.2145,6.7589,0.03915950,0.03759312,6.7589,162.2145,0.03759312,6.7589,6.7589,6.7589,8.4487,8.4487,162.2145,0.03759312,37.1742,34.0525,131.7993,134.921,0.03054441,0.03126785,0.00156638,15.4660,13.8448,0.6056,15.3612,3.1882,392.2732,25.3636,,15.4660,11.5829,13.088,18.3232,26.176,26.176,39.2639,13.088,0.0,2.0,3.0,1.181693,18,54,8,3,0E-8,0.03915950,,0E-8,0.000000,0.895181,0.000000,,2026-04-17,2026-06-08,11,53,46,53,0.207547,,,0.000000,,,,,,,,GLOBAL_BASELINE_NO_ENTITY_RANKING,,,NOT_APPLICABLE_GLOBAL_BASELINE,HF9g-P5,,,,X 全窗基线 · 不参与实体赏罚,6879864,688,A168_HF9F_20260827_0900,2026-08-27 09:00:00
2026-04-19,148536735,2202,0,303.6410753088,22.6422008742,22.6422008742,0.6250000,18,18,0.50069283333333333,0.500692833333,0.994458288049604,0.9944582880522697,0.994458288049604,3.3333E-13,ELIGIBLE,R03b_20260811_FULL_v1,L1_ELIGIBILITY,v2026-08-11,2026-03-21..2026-08-06,baccarat_bet02_101_all_pairs_incl_sentinel,round_win = game_pnl > 0 (decisive only),COMPATIBILITY_ONLY_NOT_PRODUCTION,4315.0057,3862.7117,168.9735,279,279,-0.03915950,,-0.03915950,-0.03915950,-168.9735,4315.0057,OK,0.0000,6.7589,4.0000,96.0000,AG03-UNRESOLVED,ALL5_LEVELS_bet23_to_bet27,6.7589,6.7589,6.7589,8.4487,8.4487,4.000000,4.000000,4.000000,5.000000,5.000000,96.000000,96.000000,96.000000,95.000000,95.000000,5.0,37.1742,34.0525,131.7993,134.921,PENDING_AG03,FALSE,NOT_FOR_ENFORCEMENT,162.2145,3708.2032,168.9735,162.2145,6.7589,0.03915950,0.03759312,6.7589,162.2145,0.03759312,6.7589,6.7589,6.7589,8.4487,8.4487,162.2145,0.03759312,37.1742,34.0525,131.7993,134.921,0.03054441,0.03126785,0.00156638,15.4660,13.8448,0.6056,15.3612,3.1882,392.2732,25.3636,,15.4660,11.5829,13.088,18.3232,26.176,26.176,39.2639,13.088,0.0,2.0,3.0,1.181693,18,54,8,3,0E-8,0.03915950,,0E-8,0.000000,0.895181,0.000000,,2026-04-17,2026-06-08,11,53,46,53,0.207547,,,0.000000,,,,,,,,GLOBAL_BASELINE_NO_ENTITY_RANKING,,,NOT_APPLICABLE_GLOBAL_BASELINE,HF9g-P5,,,,X 全窗基线 · 不参与实体赏罚,6879865,688,A168_HF9F_20260827_0900,2026-08-27 09:00:00
2026-04-19,148536735,2222,0,48.9490354161,35.8610580321,35.8610580321,1.0000000,5,5,0.49324550000000000,0.493245500000,2.0272029836991,2.0272029836991,2.0272029836991,0E-17,ELIGIBLE,R03b_20260811_FULL_v1,L1_ELIGIBILITY,v2026-08-11,2026-03-21..2026-08-06,baccarat_bet02_101_all_pairs_incl_sentinel,round_win = game_pnl > 0 (decisive only),COMPATIBILITY_ONLY_NOT_PRODUCTION,4315.0057,3862.7117,168.9735,279,279,-0.03915950,,-0.03915950,-0.03915950,-168.9735,4315.0057,OK,0.0000,6.7589,4.0000,96.0000,AG03-UNRESOLVED,ALL5_LEVELS_bet23_to_bet27,6.7589,6.7589,6.7589,8.4487,8.4487,4.000000,4.000000,4.000000,5.000000,5.000000,96.000000,96.000000,96.000000,95.000000,95.000000,5.0,37.1742,34.0525,131.7993,134.921,PENDING_AG03,FALSE,NOT_FOR_ENFORCEMENT,162.2145,3708.2032,168.9735,162.2145,6.7589,0.03915950,0.03759312,6.7589,162.2145,0.03759312,6.7589,6.7589,6.7589,8.4487,8.4487,162.2145,0.03759312,37.1742,34.0525,131.7993,134.921,0.03054441,0.03126785,0.00156638,15.4660,13.8448,0.6056,15.3612,3.1882,392.2732,25.3636,,15.4660,11.5829,13.088,18.3232,26.176,26.176,39.2639,13.088,0.0,2.0,3.0,1.181693,18,54,8,3,0E-8,0.03915950,,0E-8,0.000000,0.895181,0.000000,,2026-04-17,2026-06-08,11,53,46,53,0.207547,,,0.000000,,,,,,,,GLOBAL_BASELINE_NO_ENTITY_RANKING,,,NOT_APPLICABLE_GLOBAL_BASELINE,HF9g-P5,,,,X 全窗基线 · 不参与实体赏罚,6879866,688,A168_HF9F_20260827_0900,2026-08-27 09:00:00
2026-04-19,148536735,919,0,205.2194853811,59.2100096851,59.2100096851,0.6923077,16,16,0.49911027500000000,0.499110275000,1.3931685944759291,1.3931685944759291,1.3931685944759291,0E-17,ELIGIBLE,R03b_20260811_FULL_v1,L1_ELIGIBILITY,v2026-08-11,2026-03-21..2026-08-06,baccarat_bet02_101_all_pairs_incl_sentinel,round_win = game_pnl > 0 (decisive only),COMPATIBILITY_ONLY_NOT_PRODUCTION,4315.0057,3862.7117,168.9735,279,279,-0.03915950,,-0.03915950,-0.03915950,-168.9735,4315.0057,OK,0.0000,6.7589,4.0000,96.0000,AG03-UNRESOLVED,ALL5_LEVELS_bet23_to_bet27,6.7589,6.7589,6.7589,8.4487,8.4487,4.000000,4.000000,4.000000,5.000000,5.000000,96.000000,96.000000,96.000000,95.000000,95.000000,5.0,37.1742,34.0525,131.7993,134.921,PENDING_AG03,FALSE,NOT_FOR_ENFORCEMENT,162.2145,3708.2032,168.9735,162.2145,6.7589,0.03915950,0.03759312,6.7589,162.2145,0.03759312,6.7589,6.7589,6.7589,8.4487,8.4487,162.2145,0.03759312,37.1742,34.0525,131.7993,134.921,0.03054441,0.03126785,0.00156638,15.4660,13.8448,0.6056,15.3612,3.1882,392.2732,25.3636,,15.4660,11.5829,13.088,18.3232,26.176,26.176,39.2639,13.088,0.0,2.0,3.0,1.181693,18,54,8,3,0E-8,0.03915950,,0E-8,0.000000,0.895181,0.000000,,2026-04-17,2026-06-08,11,53,46,53,0.207547,,,0.000000,,,,,,,,GLOBAL_BASELINE_NO_ENTITY_RANKING,,,NOT_APPLICABLE_GLOBAL_BASELINE,HF9g-P5,,,,X 全窗基线 · 不参与实体赏罚,6879867,688,A168_HF9F_20260827_0900,2026-08-27 09:00:00
2026-04-19,148536735,948,0,151.8205376543,84.5483339004,84.5483339004,0.7500000,9,9,0.50069283333333333,0.500692833333,1.4102956591225702,1.4102956591244544,1.4102956591225702,3.3333E-13,ELIGIBLE,R03b_20260811_FULL_v1,L1_ELIGIBILITY,v2026-08-11,2026-03-21..2026-08-06,baccarat_bet02_101_all_pairs_incl_sentinel,round_win = game_pnl > 0 (decisive only),COMPATIBILITY_ONLY_NOT_PRODUCTION,4315.0057,3862.7117,168.9735,279,279,-0.03915950,,-0.03915950,-0.03915950,-168.9735,4315.0057,OK,0.0000,6.7589,4.0000,96.0000,AG03-UNRESOLVED,ALL5_LEVELS_bet23_to_bet27,6.7589,6.7589,6.7589,8.4487,8.4487,4.000000,4.000000,4.000000,5.000000,5.000000,96.000000,96.000000,96.000000,95.000000,95.000000,5.0,37.1742,34.0525,131.7993,134.921,PENDING_AG03,FALSE,NOT_FOR_ENFORCEMENT,162.2145,3708.2032,168.9735,162.2145,6.7589,0.03915950,0.03759312,6.7589,162.2145,0.03759312,6.7589,6.7589,6.7589,8.4487,8.4487,162.2145,0.03759312,37.1742,34.0525,131.7993,134.921,0.03054441,0.03126785,0.00156638,15.4660,13.8448,0.6056,15.3612,3.1882,392.2732,25.3636,,15.4660,11.5829,13.088,18.3232,26.176,26.176,39.2639,13.088,0.0,2.0,3.0,1.181693,18,54,8,3,0E-8,0.03915950,,0E-8,0.000000,0.895181,0.000000,,2026-04-17,2026-06-08,11,53,46,53,0.207547,,,0.000000,,,,,,,,GLOBAL_BASELINE_NO_ENTITY_RANKING,,,NOT_APPLICABLE_GLOBAL_BASELINE,HF9g-P5,,,,X 全窗基线 · 不参与实体赏罚,6879868,688,A168_HF9F_20260827_0900,2026-08-27 09:00:00
2026-04-19,148536735,994,0,266.9947386336,90.4379237234,90.4379237234,0.6250000,17,17,0.50270799411764706,0.502707994118,0.9783503961051893,0.9783503961023694,0.9783503961051893,-3.5294E-13,ELIGIBLE,R03b_20260811_FULL_v1,L1_ELIGIBILITY,v2026-08-11,2026-03-21..2026-08-06,baccarat_bet02_101_all_pairs_incl_sentinel,round_win = game_pnl > 0 (decisive only),COMPATIBILITY_ONLY_NOT_PRODUCTION,4315.0057,3862.7117,168.9735,279,279,-0.03915950,,-0.03915950,-0.03915950,-168.9735,4315.0057,OK,0.0000,6.7589,4.0000,96.0000,AG03-UNRESOLVED,ALL5_LEVELS_bet23_to_bet27,6.7589,6.7589,6.7589,8.4487,8.4487,4.000000,4.000000,4.000000,5.000000,5.000000,96.000000,96.000000,96.000000,95.000000,95.000000,5.0,37.1742,34.0525,131.7993,134.921,PENDING_AG03,FALSE,NOT_FOR_ENFORCEMENT,162.2145,3708.2032,168.9735,162.2145,6.7589,0.03915950,0.03759312,6.7589,162.2145,0.03759312,6.7589,6.7589,6.7589,8.4487,8.4487,162.2145,0.03759312,37.1742,34.0525,131.7993,134.921,0.03054441,0.03126785,0.00156638,15.4660,13.8448,0.6056,15.3612,3.1882,392.2732,25.3636,,15.4660,11.5829,13.088,18.3232,26.176,26.176,39.2639,13.088,0.0,2.0,3.0,1.181693,18,54,8,3,0E-8,0.03915950,,0E-8,0.000000,0.895181,0.000000,,2026-04-17,2026-06-08,11,53,46,53,0.207547,,,0.000000,,,,,,,,GLOBAL_BASELINE_NO_ENTITY_RANKING,,,NOT_APPLICABLE_GLOBAL_BASELINE,HF9g-P5,,,,X 全窗基线 · 不参与实体赏罚,6879869,688,A168_HF9F_20260827_0900,2026-08-27 09:00:00
2026-04-20,148536735,1505,0,14.3967751224,-14.3967751224,-14.3967751224,0E-7,1,1,0.50665070000000000,0.506650700000,-1.013391052207602,-1.013391052207602,-1.013391052207602,0E-17,ELIGIBLE,R03b_20260811_FULL_v1,L1_ELIGIBILITY,v2026-08-11,2026-03-21..2026-08-06,baccarat_bet02_101_all_pairs_incl_sentinel,round_win = game_pnl > 0 (decisive only),COMPATIBILITY_ONLY_NOT_PRODUCTION,4315.0057,3862.7117,168.9735,279,279,-0.03915950,,-0.03915950,-0.03915950,-168.9735,4315.0057,OK,0.0000,6.7589,4.0000,96.0000,AG03-UNRESOLVED,ALL5_LEVELS_bet23_to_bet27,6.7589,6.7589,6.7589,8.4487,8.4487,4.000000,4.000000,4.000000,5.000000,5.000000,96.000000,96.000000,96.000000,95.000000,95.000000,5.0,37.1742,34.0525,131.7993,134.921,PENDING_AG03,FALSE,NOT_FOR_ENFORCEMENT,162.2145,3708.2032,168.9735,162.2145,6.7589,0.03915950,0.03759312,6.7589,162.2145,0.03759312,6.7589,6.7589,6.7589,8.4487,8.4487,162.2145,0.03759312,37.1742,34.0525,131.7993,134.921,0.03054441,0.03126785,0.00156638,15.4660,13.8448,0.6056,15.3612,3.1882,392.2732,25.3636,,15.4660,11.5829,13.088,18.3232,26.176,26.176,39.2639,13.088,0.0,2.0,3.0,1.181693,18,54,8,3,0E-8,0.03915950,,0E-8,0.000000,0.895181,0.000000,,2026-04-17,2026-06-08,11,53,46,53,0.207547,,,0.000000,,,,,,,,GLOBAL_BASELINE_NO_ENTITY_RANKING,,,NOT_APPLICABLE_GLOBAL_BASELINE,HF9g-P5,,,,X 全窗基线 · 不参与实体赏罚,6879870,688,A168_HF9F_20260827_0900,2026-08-27 09:00:00
2026-04-20,148536735,1963,0,6.5439886920,-6.5439886920,-6.5439886920,0E-7,1,1,0.49324550000000000,0.493245500000,-0.9865810262130424,-0.9865810262130424,-0.9865810262130424,0E-17,ELIGIBLE,R03b_20260811_FULL_v1,L1_ELIGIBILITY,v2026-08-11,2026-03-21..2026-08-06,baccarat_bet02_101_all_pairs_incl_sentinel,round_win = game_pnl > 0 (decisive only),COMPATIBILITY_ONLY_NOT_PRODUCTION,4315.0057,3862.7117,168.9735,279,279,-0.03915950,,-0.03915950,-0.03915950,-168.9735,4315.0057,OK,0.0000,6.7589,4.0000,96.0000,AG03-UNRESOLVED,ALL5_LEVELS_bet23_to_bet27,6.7589,6.7589,6.7589,8.4487,8.4487,4.000000,4.000000,4.000000,5.000000,5.000000,96.000000,96.000000,96.000000,95.000000,95.000000,5.0,37.1742,34.0525,131.7993,134.921,PENDING_AG03,FALSE,NOT_FOR_ENFORCEMENT,162.2145,3708.2032,168.9735,162.2145,6.7589,0.03915950,0.03759312,6.7589,162.2145,0.03759312,6.7589,6.7589,6.7589,8.4487,8.4487,162.2145,0.03759312,37.1742,34.0525,131.7993,134.921,0.03054441,0.03126785,0.00156638,15.4660,13.8448,0.6056,15.3612,3.1882,392.2732,25.3636,,15.4660,11.5829,13.088,18.3232,26.176,26.176,39.2639,13.088,0.0,2.0,3.0,1.181693,18,54,8,3,0E-8,0.03915950,,0E-8,0.000000,0.895181,0.000000,,2026-04-17,2026-06-08,11,53,46,53,0.207547,,,0.000000,,,,,,,,GLOBAL_BASELINE_NO_ENTITY_RANKING,,,NOT_APPLICABLE_GLOBAL_BASELINE,HF9g-P5,,,,X 全窗基线 · 不参与实体赏罚,6879871,688,A168_HF9F_20260827_0900,2026-08-27 09:00:00
2026-04-20,148536735,2152,0,78.5278643039,14.2658953486,14.2658953486,0.7500000,4,4,0.50329940000000000,0.503299400000,0.9868238854431842,0.9868238854431842,0.9868238854431842,0E-17,ELIGIBLE,R03b_20260811_FULL_v1,L1_ELIGIBILITY,v2026-08-11,2026-03-21..2026-08-06,baccarat_bet02_101_all_pairs_incl_sentinel,round_win = game_pnl > 0 (decisive only),COMPATIBILITY_ONLY_NOT_PRODUCTION,4315.0057,3862.7117,168.9735,279,279,-0.03915950,,-0.03915950,-0.03915950,-168.9735,4315.0057,OK,0.0000,6.7589,4.0000,96.0000,AG03-UNRESOLVED,ALL5_LEVELS_bet23_to_bet27,6.7589,6.7589,6.7589,8.4487,8.4487,4.000000,4.000000,4.000000,5.000000,5.000000,96.000000,96.000000,96.000000,95.000000,95.000000,5.0,37.1742,34.0525,131.7993,134.921,PENDING_AG03,FALSE,NOT_FOR_ENFORCEMENT,162.2145,3708.2032,168.9735,162.2145,6.7589,0.03915950,0.03759312,6.7589,162.2145,0.03759312,6.7589,6.7589,6.7589,8.4487,8.4487,162.2145,0.03759312,37.1742,34.0525,131.7993,134.921,0.03054441,0.03126785,0.00156638,15.4660,13.8448,0.6056,15.3612,3.1882,392.2732,25.3636,,15.4660,11.5829,13.088,18.3232,26.176,26.176,39.2639,13.088,0.0,2.0,3.0,1.181693,18,54,8,3,0E-8,0.03915950,,0E-8,0.000000,0.895181,0.000000,,2026-04-17,2026-06-08,11,53,46,53,0.207547,,,0.000000,,,,,,,,GLOBAL_BASELINE_NO_ENTITY_RANKING,,,NOT_APPLICABLE_GLOBAL_BASELINE,HF9g-P5,,,,X 全窗基线 · 不参与实体赏罚,6879872,688,A168_HF9F_20260827_0900,2026-08-27 09:00:00
2026-04-20,148536735,2196,0,13.0879773840,-13.0879773840,-13.0879773840,0E-7,1,1,0.49324550000000000,0.493245500000,-0.9865810262130424,-0.9865810262130424,-0.9865810262130424,0E-17,ELIGIBLE,R03b_20260811_FULL_v1,L1_ELIGIBILITY,v2026-08-11,2026-03-21..2026-08-06,baccarat_bet02_101_all_pairs_incl_sentinel,round_win = game_pnl > 0 (decisive only),COMPATIBILITY_ONLY_NOT_PRODUCTION,4315.0057,3862.7117,168.9735,279,279,-0.03915950,,-0.03915950,-0.03915950,-168.9735,4315.0057,OK,0.0000,6.7589,4.0000,96.0000,AG03-UNRESOLVED,ALL5_LEVELS_bet23_to_bet27,6.7589,6.7589,6.7589,8.4487,8.4487,4.000000,4.000000,4.000000,5.000000,5.000000,96.000000,96.000000,96.000000,95.000000,95.000000,5.0,37.1742,34.0525,131.7993,134.921,PENDING_AG03,FALSE,NOT_FOR_ENFORCEMENT,162.2145,3708.2032,168.9735,162.2145,6.7589,0.03915950,0.03759312,6.7589,162.2145,0.03759312,6.7589,6.7589,6.7589,8.4487,8.4487,162.2145,0.03759312,37.1742,34.0525,131.7993,134.921,0.03054441,0.03126785,0.00156638,15.4660,13.8448,0.6056,15.3612,3.1882,392.2732,25.3636,,15.4660,11.5829,13.088,18.3232,26.176,26.176,39.2639,13.088,0.0,2.0,3.0,1.181693,18,54,8,3,0E-8,0.03915950,,0E-8,0.000000,0.895181,0.000000,,2026-04-17,2026-06-08,11,53,46,53,0.207547,,,0.000000,,,,,,,,GLOBAL_BASELINE_NO_ENTITY_RANKING,,,NOT_APPLICABLE_GLOBAL_BASELINE,HF9g-P5,,,,X 全窗基线 · 不参与实体赏罚,6879873,688,A168_HF9F_20260827_0900,2026-08-27 09:00:00
2026-04-20,148536735,2218,0,19.8937256236,-19.8937256236,-19.8937256236,0E-7,1,1,0.50665070000000000,0.506650700000,-1.013391052207602,-1.013391052207602,-1.013391052207602,0E-17,ELIGIBLE,R03b_20260811_FULL_v1,L1_ELIGIBILITY,v2026-08-11,2026-03-21..2026-08-06,baccarat_bet02_101_all_pairs_incl_sentinel,round_win = game_pnl > 0 (decisive only),COMPATIBILITY_ONLY_NOT_PRODUCTION,4315.0057,3862.7117,168.9735,279,279,-0.03915950,,-0.03915950,-0.03915950,-168.9735,4315.0057,OK,0.0000,6.7589,4.0000,96.0000,AG03-UNRESOLVED,ALL5_LEVELS_bet23_to_bet27,6.7589,6.7589,6.7589,8.4487,8.4487,4.000000,4.000000,4.000000,5.000000,5.000000,96.000000,96.000000,96.000000,95.000000,95.000000,5.0,37.1742,34.0525,131.7993,134.921,PENDING_AG03,FALSE,NOT_FOR_ENFORCEMENT,162.2145,3708.2032,168.9735,162.2145,6.7589,0.03915950,0.03759312,6.7589,162.2145,0.03759312,6.7589,6.7589,6.7589,8.4487,8.4487,162.2145,0.03759312,37.1742,34.0525,131.7993,134.921,0.03054441,0.03126785,0.00156638,15.4660,13.8448,0.6056,15.3612,3.1882,392.2732,25.3636,,15.4660,11.5829,13.088,18.3232,26.176,26.176,39.2639,13.088,0.0,2.0,3.0,1.181693,18,54,8,3,0E-8,0.03915950,,0E-8,0.000000,0.895181,0.000000,,2026-04-17,2026-06-08,11,53,46,53,0.207547,,,0.000000,,,,,,,,GLOBAL_BASELINE_NO_ENTITY_RANKING,,,NOT_APPLICABLE_GLOBAL_BASELINE,HF9g-P5,,,,X 全窗基线 · 不参与实体赏罚,6879874,688,A168_HF9F_20260827_0900,2026-08-27 09:00:00
2026-04-20,148536735,2254,0,38.7404130566,6.6748684658,6.6748684658,0.6666667,3,3,0.50218230000000000,0.502182300000,0.5697959874915163,0.5697959874915164,0.5697959874915163,0E-17,ELIGIBLE,R03b_20260811_FULL_v1,L1_ELIGIBILITY,v2026-08-11,2026-03-21..2026-08-06,baccarat_bet02_101_all_pairs_incl_sentinel,round_win = game_pnl > 0 (decisive only),COMPATIBILITY_ONLY_NOT_PRODUCTION,4315.0057,3862.7117,168.9735,279,279,-0.03915950,,-0.03915950,-0.03915950,-168.9735,4315.0057,OK,0.0000,6.7589,4.0000,96.0000,AG03-UNRESOLVED,ALL5_LEVELS_bet23_to_bet27,6.7589,6.7589,6.7589,8.4487,8.4487,4.000000,4.000000,4.000000,5.000000,5.000000,96.000000,96.000000,96.000000,95.000000,95.000000,5.0,37.1742,34.0525,131.7993,134.921,PENDING_AG03,FALSE,NOT_FOR_ENFORCEMENT,162.2145,3708.2032,168.9735,162.2145,6.7589,0.03915950,0.03759312,6.7589,162.2145,0.03759312,6.7589,6.7589,6.7589,8.4487,8.4487,162.2145,0.03759312,37.1742,34.0525,131.7993,134.921,0.03054441,0.03126785,0.00156638,15.4660,13.8448,0.6056,15.3612,3.1882,392.2732,25.3636,,15.4660,11.5829,13.088,18.3232,26.176,26.176,39.2639,13.088,0.0,2.0,3.0,1.181693,18,54,8,3,0E-8,0.03915950,,0E-8,0.000000,0.895181,0.000000,,2026-04-17,2026-06-08,11,53,46,53,0.207547,,,0.000000,,,,,,,,GLOBAL_BASELINE_NO_ENTITY_RANKING,,,NOT_APPLICABLE_GLOBAL_BASELINE,HF9g-P5,,,,X 全窗基线 · 不参与实体赏罚,6879875,688,A168_HF9F_20260827_0900,2026-08-27 09:00:00
2026-04-20,148536735,2258,0,39.2639321520,-39.2639321520,-39.2639321520,0E-7,2,2,0.49994810000000000,0.499948100000,-1.4140667746232096,-1.4140667746232096,-1.4140667746232096,0E-17,ELIGIBLE,R03b_20260811_FULL_v1,L1_ELIGIBILITY,v2026-08-11,2026-03-21..2026-08-06,baccarat_bet02_101_all_pairs_incl_sentinel,round_win = game_pnl > 0 (decisive only),COMPATIBILITY_ONLY_NOT_PRODUCTION,4315.0057,3862.7117,168.9735,279,279,-0.03915950,,-0.03915950,-0.03915950,-168.9735,4315.0057,OK,0.0000,6.7589,4.0000,96.0000,AG03-UNRESOLVED,ALL5_LEVELS_bet23_to_bet27,6.7589,6.7589,6.7589,8.4487,8.4487,4.000000,4.000000,4.000000,5.000000,5.000000,96.000000,96.000000,96.000000,95.000000,95.000000,5.0,37.1742,34.0525,131.7993,134.921,PENDING_AG03,FALSE,NOT_FOR_ENFORCEMENT,162.2145,3708.2032,168.9735,162.2145,6.7589,0.03915950,0.03759312,6.7589,162.2145,0.03759312,6.7589,6.7589,6.7589,8.4487,8.4487,162.2145,0.03759312,37.1742,34.0525,131.7993,134.921,0.03054441,0.03126785,0.00156638,15.4660,13.8448,0.6056,15.3612,3.1882,392.2732,25.3636,,15.4660,11.5829,13.088,18.3232,26.176,26.176,39.2639,13.088,0.0,2.0,3.0,1.181693,18,54,8,3,0E-8,0.03915950,,0E-8,0.000000,0.895181,0.000000,,2026-04-17,2026-06-08,11,53,46,53,0.207547,,,0.000000,,,,,,,,GLOBAL_BASELINE_NO_ENTITY_RANKING,,,NOT_APPLICABLE_GLOBAL_BASELINE,HF9g-P5,,,,X 全窗基线 · 不参与实体赏罚,6879876,688,A168_HF9F_20260827_0900,2026-08-27 09:00:00
2026-04-22,148536735,-1,1,13.0879773840,-13.0879773840,-13.0879773840,0E-7,1,1,0.50665070000000000,0.506650700000,-1.013391052207602,-1.013391052207602,-1.013391052207602,0E-17,SENTINEL_DEALER,R03b_20260811_FULL_v1,L1_ELIGIBILITY,v2026-08-11,2026-03-21..2026-08-06,baccarat_bet02_101_all_pairs_incl_sentinel,round_win = game_pnl > 0 (decisive only),COMPATIBILITY_ONLY_NOT_PRODUCTION,4315.0057,3862.7117,168.9735,279,279,-0.03915950,,-0.03915950,-0.03915950,-168.9735,4315.0057,OK,0.0000,6.7589,4.0000,96.0000,AG03-UNRESOLVED,ALL5_LEVELS_bet23_to_bet27,6.7589,6.7589,6.7589,8.4487,8.4487,4.000000,4.000000,4.000000,5.000000,5.000000,96.000000,96.000000,96.000000,95.000000,95.000000,5.0,37.1742,34.0525,131.7993,134.921,PENDING_AG03,FALSE,NOT_FOR_ENFORCEMENT,162.2145,3708.2032,168.9735,162.2145,6.7589,0.03915950,0.03759312,6.7589,162.2145,0.03759312,6.7589,6.7589,6.7589,8.4487,8.4487,162.2145,0.03759312,37.1742,34.0525,131.7993,134.921,0.03054441,0.03126785,0.00156638,15.4660,13.8448,0.6056,15.3612,3.1882,392.2732,25.3636,,15.4660,11.5829,13.088,18.3232,26.176,26.176,39.2639,13.088,0.0,2.0,3.0,1.181693,18,54,8,3,0E-8,0.03915950,,0E-8,0.000000,0.895181,0.000000,,2026-04-17,2026-06-08,11,53,46,53,0.207547,,,0.000000,,,,,,,,GLOBAL_BASELINE_NO_ENTITY_RANKING,,,NOT_APPLICABLE_GLOBAL_BASELINE,HF9g-P5,,,,X 全窗基线 · 不参与实体赏罚,6879877,688,A168_HF9F_20260827_0900,2026-08-27 09:00:00
2026-04-22,148536735,1383,0,180.6140878992,0.6543988692,0.6543988692,0.5714286,9,9,0.49622443333333333,0.496224433333,0.3979542396863437,0.39795423968810956,0.3979542396863437,3.3333E-13,ELIGIBLE,R03b_20260811_FULL_v1,L1_ELIGIBILITY,v2026-08-11,2026-03-21..2026-08-06,baccarat_bet02_101_all_pairs_incl_sentinel,round_win = game_pnl > 0 (decisive only),COMPATIBILITY_ONLY_NOT_PRODUCTION,4315.0057,3862.7117,168.9735,279,279,-0.03915950,,-0.03915950,-0.03915950,-168.9735,4315.0057,OK,0.0000,6.7589,4.0000,96.0000,AG03-UNRESOLVED,ALL5_LEVELS_bet23_to_bet27,6.7589,6.7589,6.7589,8.4487,8.4487,4.000000,4.000000,4.000000,5.000000,5.000000,96.000000,96.000000,96.000000,95.000000,95.000000,5.0,37.1742,34.0525,131.7993,134.921,PENDING_AG03,FALSE,NOT_FOR_ENFORCEMENT,162.2145,3708.2032,168.9735,162.2145,6.7589,0.03915950,0.03759312,6.7589,162.2145,0.03759312,6.7589,6.7589,6.7589,8.4487,8.4487,162.2145,0.03759312,37.1742,34.0525,131.7993,134.921,0.03054441,0.03126785,0.00156638,15.4660,13.8448,0.6056,15.3612,3.1882,392.2732,25.3636,,15.4660,11.5829,13.088,18.3232,26.176,26.176,39.2639,13.088,0.0,2.0,3.0,1.181693,18,54,8,3,0E-8,0.03915950,,0E-8,0.000000,0.895181,0.000000,,2026-04-17,2026-06-08,11,53,46,53,0.207547,,,0.000000,,,,,,,,GLOBAL_BASELINE_NO_ENTITY_RANKING,,,NOT_APPLICABLE_GLOBAL_BASELINE,HF9g-P5,,,,X 全窗基线 · 不参与实体赏罚,6879878,688,A168_HF9F_20260827_0900,2026-08-27 09:00:00
2026-04-22,148536735,1400,0,14.1350155747,-14.1350155747,-14.1350155747,0E-7,1,1,0.50665070000000000,0.506650700000,-1.013391052207602,-1.013391052207602,-1.013391052207602,0E-17,ELIGIBLE,R03b_20260811_FULL_v1,L1_ELIGIBILITY,v2026-08-11,2026-03-21..2026-08-06,baccarat_bet02_101_all_pairs_incl_sentinel,round_win = game_pnl > 0 (decisive only),COMPATIBILITY_ONLY_NOT_PRODUCTION,4315.0057,3862.7117,168.9735,279,279,-0.03915950,,-0.03915950,-0.03915950,-168.9735,4315.0057,OK,0.0000,6.7589,4.0000,96.0000,AG03-UNRESOLVED,ALL5_LEVELS_bet23_to_bet27,6.7589,6.7589,6.7589,8.4487,8.4487,4.000000,4.000000,4.000000,5.000000,5.000000,96.000000,96.000000,96.000000,95.000000,95.000000,5.0,37.1742,34.0525,131.7993,134.921,PENDING_AG03,FALSE,NOT_FOR_ENFORCEMENT,162.2145,3708.2032,168.9735,162.2145,6.7589,0.03915950,0.03759312,6.7589,162.2145,0.03759312,6.7589,6.7589,6.7589,8.4487,8.4487,162.2145,0.03759312,37.1742,34.0525,131.7993,134.921,0.03054441,0.03126785,0.00156638,15.4660,13.8448,0.6056,15.3612,3.1882,392.2732,25.3636,,15.4660,11.5829,13.088,18.3232,26.176,26.176,39.2639,13.088,0.0,2.0,3.0,1.181693,18,54,8,3,0E-8,0.03915950,,0E-8,0.000000,0.895181,0.000000,,2026-04-17,2026-06-08,11,53,46,53,0.207547,,,0.000000,,,,,,,,GLOBAL_BASELINE_NO_ENTITY_RANKING,,,NOT_APPLICABLE_GLOBAL_BASELINE,HF9g-P5,,,,X 全窗基线 · 不参与实体赏罚,6879879,688,A168_HF9F_20260827_0900,2026-08-27 09:00:00
2026-04-22,148536735,1646,0,26.1759547680,-26.1759547680,-26.1759547680,0E-7,1,1,0.49324550000000000,0.493245500000,-0.9865810262130424,-0.9865810262130424,-0.9865810262130424,0E-17,ELIGIBLE,R03b_20260811_FULL_v1,L1_ELIGIBILITY,v2026-08-11,2026-03-21..2026-08-06,baccarat_bet02_101_all_pairs_incl_sentinel,round_win = game_pnl > 0 (decisive only),COMPATIBILITY_ONLY_NOT_PRODUCTION,4315.0057,3862.7117,168.9735,279,279,-0.03915950,,-0.03915950,-0.03915950,-168.9735,4315.0057,OK,0.0000,6.7589,4.0000,96.0000,AG03-UNRESOLVED,ALL5_LEVELS_bet23_to_bet27,6.7589,6.7589,6.7589,8.4487,8.4487,4.000000,4.000000,4.000000,5.000000,5.000000,96.000000,96.000000,96.000000,95.000000,95.000000,5.0,37.1742,34.0525,131.7993,134.921,PENDING_AG03,FALSE,NOT_FOR_ENFORCEMENT,162.2145,3708.2032,168.9735,162.2145,6.7589,0.03915950,0.03759312,6.7589,162.2145,0.03759312,6.7589,6.7589,6.7589,8.4487,8.4487,162.2145,0.03759312,37.1742,34.0525,131.7993,134.921,0.03054441,0.03126785,0.00156638,15.4660,13.8448,0.6056,15.3612,3.1882,392.2732,25.3636,,15.4660,11.5829,13.088,18.3232,26.176,26.176,39.2639,13.088,0.0,2.0,3.0,1.181693,18,54,8,3,0E-8,0.03915950,,0E-8,0.000000,0.895181,0.000000,,2026-04-17,2026-06-08,11,53,46,53,0.207547,,,0.000000,,,,,,,,GLOBAL_BASELINE_NO_ENTITY_RANKING,,,NOT_APPLICABLE_GLOBAL_BASELINE,HF9g-P5,,,,X 全窗基线 · 不参与实体赏罚,6879880,688,A168_HF9F_20260827_0900,2026-08-27 09:00:00
2026-04-22,148536735,2235,0,39.2639321520,-26.1759547680,-26.1759547680,0E-7,2,2,0.50665070000000000,0.506650700000,-1.013391052207602,-1.013391052207602,-1.013391052207602,0E-17,ELIGIBLE,R03b_20260811_FULL_v1,L1_ELIGIBILITY,v2026-08-11,2026-03-21..2026-08-06,baccarat_bet02_101_all_pairs_incl_sentinel,round_win = game_pnl > 0 (decisive only),COMPATIBILITY_ONLY_NOT_PRODUCTION,4315.0057,3862.7117,168.9735,279,279,-0.03915950,,-0.03915950,-0.03915950,-168.9735,4315.0057,OK,0.0000,6.7589,4.0000,96.0000,AG03-UNRESOLVED,ALL5_LEVELS_bet23_to_bet27,6.7589,6.7589,6.7589,8.4487,8.4487,4.000000,4.000000,4.000000,5.000000,5.000000,96.000000,96.000000,96.000000,95.000000,95.000000,5.0,37.1742,34.0525,131.7993,134.921,PENDING_AG03,FALSE,NOT_FOR_ENFORCEMENT,162.2145,3708.2032,168.9735,162.2145,6.7589,0.03915950,0.03759312,6.7589,162.2145,0.03759312,6.7589,6.7589,6.7589,8.4487,8.4487,162.2145,0.03759312,37.1742,34.0525,131.7993,134.921,0.03054441,0.03126785,0.00156638,15.4660,13.8448,0.6056,15.3612,3.1882,392.2732,25.3636,,15.4660,11.5829,13.088,18.3232,26.176,26.176,39.2639,13.088,0.0,2.0,3.0,1.181693,18,54,8,3,0E-8,0.03915950,,0E-8,0.000000,0.895181,0.000000,,2026-04-17,2026-06-08,11,53,46,53,0.207547,,,0.000000,,,,,,,,GLOBAL_BASELINE_NO_ENTITY_RANKING,,,NOT_APPLICABLE_GLOBAL_BASELINE,HF9g-P5,,,,X 全窗基线 · 不参与实体赏罚,6879881,688,A168_HF9F_20260827_0900,2026-08-27 09:00:00
2026-04-22,148536735,2252,0,13.0879773840,12.4335785148,12.4335785148,1.0000000,1,1,0.50665070000000000,0.506650700000,0.9867858985152569,0.9867858985152569,0.9867858985152569,0E-17,ELIGIBLE,R03b_20260811_FULL_v1,L1_ELIGIBILITY,v2026-08-11,2026-03-21..2026-08-06,baccarat_bet02_101_all_pairs_incl_sentinel,round_win = game_pnl > 0 (decisive only),COMPATIBILITY_ONLY_NOT_PRODUCTION,4315.0057,3862.7117,168.9735,279,279,-0.03915950,,-0.03915950,-0.03915950,-168.9735,4315.0057,OK,0.0000,6.7589,4.0000,96.0000,AG03-UNRESOLVED,ALL5_LEVELS_bet23_to_bet27,6.7589,6.7589,6.7589,8.4487,8.4487,4.000000,4.000000,4.000000,5.000000,5.000000,96.000000,96.000000,96.000000,95.000000,95.000000,5.0,37.1742,34.0525,131.7993,134.921,PENDING_AG03,FALSE,NOT_FOR_ENFORCEMENT,162.2145,3708.2032,168.9735,162.2145,6.7589,0.03915950,0.03759312,6.7589,162.2145,0.03759312,6.7589,6.7589,6.7589,8.4487,8.4487,162.2145,0.03759312,37.1742,34.0525,131.7993,134.921,0.03054441,0.03126785,0.00156638,15.4660,13.8448,0.6056,15.3612,3.1882,392.2732,25.3636,,15.4660,11.5829,13.088,18.3232,26.176,26.176,39.2639,13.088,0.0,2.0,3.0,1.181693,18,54,8,3,0E-8,0.03915950,,0E-8,0.000000,0.895181,0.000000,,2026-04-17,2026-06-08,11,53,46,53,0.207547,,,0.000000,,,,,,,,GLOBAL_BASELINE_NO_ENTITY_RANKING,,,NOT_APPLICABLE_GLOBAL_BASELINE,HF9g-P5,,,,X 全窗基线 · 不参与实体赏罚,6879882,688,A168_HF9F_20260827_0900,2026-08-27 09:00:00
2026-04-27,148536735,1382,0,7.8527864304,-7.8527864304,-7.8527864304,0E-7,1,1,0.50665070000000000,0.506650700000,-1.013391052207602,-1.013391052207602,-1.013391052207602,0E-17,ELIGIBLE,R03b_20260811_FULL_v1,L1_ELIGIBILITY,v2026-08-11,2026-03-21..2026-08-06,baccarat_bet02_101_all_pairs_incl_sentinel,round_win = game_pnl > 0 (decisive only),COMPATIBILITY_ONLY_NOT_PRODUCTION,4315.0057,3862.7117,168.9735,279,279,-0.03915950,,-0.03915950,-0.03915950,-168.9735,4315.0057,OK,0.0000,6.7589,4.0000,96.0000,AG03-UNRESOLVED,ALL5_LEVELS_bet23_to_bet27,6.7589,6.7589,6.7589,8.4487,8.4487,4.000000,4.000000,4.000000,5.000000,5.000000,96.000000,96.000000,96.000000,95.000000,95.000000,5.0,37.1742,34.0525,131.7993,134.921,PENDING_AG03,FALSE,NOT_FOR_ENFORCEMENT,162.2145,3708.2032,168.9735,162.2145,6.7589,0.03915950,0.03759312,6.7589,162.2145,0.03759312,6.7589,6.7589,6.7589,8.4487,8.4487,162.2145,0.03759312,37.1742,34.0525,131.7993,134.921,0.03054441,0.03126785,0.00156638,15.4660,13.8448,0.6056,15.3612,3.1882,392.2732,25.3636,,15.4660,11.5829,13.088,18.3232,26.176,26.176,39.2639,13.088,0.0,2.0,3.0,1.181693,18,54,8,3,0E-8,0.03915950,,0E-8,0.000000,0.895181,0.000000,,2026-04-17,2026-06-08,11,53,46,53,0.207547,,,0.000000,,,,,,,,GLOBAL_BASELINE_NO_ENTITY_RANKING,,,NOT_APPLICABLE_GLOBAL_BASELINE,HF9g-P5,,,,X 全窗基线 · 不参与实体赏罚,6879883,688,A168_HF9F_20260827_0900,2026-08-27 09:00:00
2026-04-27,148536735,1396,0,20.9407638144,-0.5235190954,-0.5235190954,0.5000000,2,2,0.50665070000000000,0.506650700000,-0.018812684590367487,-0.018812684590367487,-0.018812684590367487,0E-17,ELIGIBLE,R03b_20260811_FULL_v1,L1_ELIGIBILITY,v2026-08-11,2026-03-21..2026-08-06,baccarat_bet02_101_all_pairs_incl_sentinel,round_win = game_pnl > 0 (decisive only),COMPATIBILITY_ONLY_NOT_PRODUCTION,4315.0057,3862.7117,168.9735,279,279,-0.03915950,,-0.03915950,-0.03915950,-168.9735,4315.0057,OK,0.0000,6.7589,4.0000,96.0000,AG03-UNRESOLVED,ALL5_LEVELS_bet23_to_bet27,6.7589,6.7589,6.7589,8.4487,8.4487,4.000000,4.000000,4.000000,5.000000,5.000000,96.000000,96.000000,96.000000,95.000000,95.000000,5.0,37.1742,34.0525,131.7993,134.921,PENDING_AG03,FALSE,NOT_FOR_ENFORCEMENT,162.2145,3708.2032,168.9735,162.2145,6.7589,0.03915950,0.03759312,6.7589,162.2145,0.03759312,6.7589,6.7589,6.7589,8.4487,8.4487,162.2145,0.03759312,37.1742,34.0525,131.7993,134.921,0.03054441,0.03126785,0.00156638,15.4660,13.8448,0.6056,15.3612,3.1882,392.2732,25.3636,,15.4660,11.5829,13.088,18.3232,26.176,26.176,39.2639,13.088,0.0,2.0,3.0,1.181693,18,54,8,3,0E-8,0.03915950,,0E-8,0.000000,0.895181,0.000000,,2026-04-17,2026-06-08,11,53,46,53,0.207547,,,0.000000,,,,,,,,GLOBAL_BASELINE_NO_ENTITY_RANKING,,,NOT_APPLICABLE_GLOBAL_BASELINE,HF9g-P5,,,,X 全窗基线 · 不参与实体赏罚,6879884,688,A168_HF9F_20260827_0900,2026-08-27 09:00:00
2026-04-27,148536735,1485,0,131.6650524830,-26.7387377955,-26.7387377955,0.5000000,7,7,0.50090561428571429,0.500905614286,-0.00443659308478647,-0.004436593086186165,-0.00443659308478647,-2.8571E-13,ELIGIBLE,R03b_20260811_FULL_v1,L1_ELIGIBILITY,v2026-08-11,2026-03-21..2026-08-06,baccarat_bet02_101_all_pairs_incl_sentinel,round_win = game_pnl > 0 (decisive only),COMPATIBILITY_ONLY_NOT_PRODUCTION,4315.0057,3862.7117,168.9735,279,279,-0.03915950,,-0.03915950,-0.03915950,-168.9735,4315.0057,OK,0.0000,6.7589,4.0000,96.0000,AG03-UNRESOLVED,ALL5_LEVELS_bet23_to_bet27,6.7589,6.7589,6.7589,8.4487,8.4487,4.000000,4.000000,4.000000,5.000000,5.000000,96.000000,96.000000,96.000000,95.000000,95.000000,5.0,37.1742,34.0525,131.7993,134.921,PENDING_AG03,FALSE,NOT_FOR_ENFORCEMENT,162.2145,3708.2032,168.9735,162.2145,6.7589,0.03915950,0.03759312,6.7589,162.2145,0.03759312,6.7589,6.7589,6.7589,8.4487,8.4487,162.2145,0.03759312,37.1742,34.0525,131.7993,134.921,0.03054441,0.03126785,0.00156638,15.4660,13.8448,0.6056,15.3612,3.1882,392.2732,25.3636,,15.4660,11.5829,13.088,18.3232,26.176,26.176,39.2639,13.088,0.0,2.0,3.0,1.181693,18,54,8,3,0E-8,0.03915950,,0E-8,0.000000,0.895181,0.000000,,2026-04-17,2026-06-08,11,53,46,53,0.207547,,,0.000000,,,,,,,,GLOBAL_BASELINE_NO_ENTITY_RANKING,,,NOT_APPLICABLE_GLOBAL_BASELINE,HF9g-P5,,,,X 全窗基线 · 不参与实体赏罚,6879885,688,A168_HF9F_20260827_0900,2026-08-27 09:00:00
2026-04-27,148536735,1985,0,15.7055728608,-5.2351909536,-5.2351909536,0E-7,2,2,0.49994810000000000,0.499948100000,-0.9998962053866608,-0.9998962053866608,-0.9998962053866608,0E-17,ELIGIBLE,R03b_20260811_FULL_v1,L1_ELIGIBILITY,v2026-08-11,2026-03-21..2026-08-06,baccarat_bet02_101_all_pairs_incl_sentinel,round_win = game_pnl > 0 (decisive only),COMPATIBILITY_ONLY_NOT_PRODUCTION,4315.0057,3862.7117,168.9735,279,279,-0.03915950,,-0.03915950,-0.03915950,-168.9735,4315.0057,OK,0.0000,6.7589,4.0000,96.0000,AG03-UNRESOLVED,ALL5_LEVELS_bet23_to_bet27,6.7589,6.7589,6.7589,8.4487,8.4487,4.000000,4.000000,4.000000,5.000000,5.000000,96.000000,96.000000,96.000000,95.000000,95.000000,5.0,37.1742,34.0525,131.7993,134.921,PENDING_AG03,FALSE,NOT_FOR_ENFORCEMENT,162.2145,3708.2032,168.9735,162.2145,6.7589,0.03915950,0.03759312,6.7589,162.2145,0.03759312,6.7589,6.7589,6.7589,8.4487,8.4487,162.2145,0.03759312,37.1742,34.0525,131.7993,134.921,0.03054441,0.03126785,0.00156638,15.4660,13.8448,0.6056,15.3612,3.1882,392.2732,25.3636,,15.4660,11.5829,13.088,18.3232,26.176,26.176,39.2639,13.088,0.0,2.0,3.0,1.181693,18,54,8,3,0E-8,0.03915950,,0E-8,0.000000,0.895181,0.000000,,2026-04-17,2026-06-08,11,53,46,53,0.207547,,,0.000000,,,,,,,,GLOBAL_BASELINE_NO_ENTITY_RANKING,,,NOT_APPLICABLE_GLOBAL_BASELINE,HF9g-P5,,,,X 全窗基线 · 不参与实体赏罚,6879886,688,A168_HF9F_20260827_0900,2026-08-27 09:00:00
2026-04-27,148536735,1994,0,68.5810014921,22.6422008743,22.6422008743,0.7500000,5,5,0.49860758000000000,0.498607580000,1.005573579286957,1.005573579286957,1.005573579286957,0E-17,ELIGIBLE,R03b_20260811_FULL_v1,L1_ELIGIBILITY,v2026-08-11,2026-03-21..2026-08-06,baccarat_bet02_101_all_pairs_incl_sentinel,round_win = game_pnl > 0 (decisive only),COMPATIBILITY_ONLY_NOT_PRODUCTION,4315.0057,3862.7117,168.9735,279,279,-0.03915950,,-0.03915950,-0.03915950,-168.9735,4315.0057,OK,0.0000,6.7589,4.0000,96.0000,AG03-UNRESOLVED,ALL5_LEVELS_bet23_to_bet27,6.7589,6.7589,6.7589,8.4487,8.4487,4.000000,4.000000,4.000000,5.000000,5.000000,96.000000,96.000000,96.000000,95.000000,95.000000,5.0,37.1742,34.0525,131.7993,134.921,PENDING_AG03,FALSE,NOT_FOR_ENFORCEMENT,162.2145,3708.2032,168.9735,162.2145,6.7589,0.03915950,0.03759312,6.7589,162.2145,0.03759312,6.7589,6.7589,6.7589,8.4487,8.4487,162.2145,0.03759312,37.1742,34.0525,131.7993,134.921,0.03054441,0.03126785,0.00156638,15.4660,13.8448,0.6056,15.3612,3.1882,392.2732,25.3636,,15.4660,11.5829,13.088,18.3232,26.176,26.176,39.2639,13.088,0.0,2.0,3.0,1.181693,18,54,8,3,0E-8,0.03915950,,0E-8,0.000000,0.895181,0.000000,,2026-04-17,2026-06-08,11,53,46,53,0.207547,,,0.000000,,,,,,,,GLOBAL_BASELINE_NO_ENTITY_RANKING,,,NOT_APPLICABLE_GLOBAL_BASELINE,HF9g-P5,,,,X 全窗基线 · 不参与实体赏罚,6879887,688,A168_HF9F_20260827_0900,2026-08-27 09:00:00
2026-04-27,148536735,2088,0,363.8457712751,81.7998586498,81.7998586498,0.7000000,21,21,0.50090561428571429,0.500905614286,1.7807572425158593,1.7807572425133056,1.7807572425158593,-2.8571E-13,ELIGIBLE,R03b_20260811_FULL_v1,L1_ELIGIBILITY,v2026-08-11,2026-03-21..2026-08-06,baccarat_bet02_101_all_pairs_incl_sentinel,round_win = game_pnl > 0 (decisive only),COMPATIBILITY_ONLY_NOT_PRODUCTION,4315.0057,3862.7117,168.9735,279,279,-0.03915950,,-0.03915950,-0.03915950,-168.9735,4315.0057,OK,0.0000,6.7589,4.0000,96.0000,AG03-UNRESOLVED,ALL5_LEVELS_bet23_to_bet27,6.7589,6.7589,6.7589,8.4487,8.4487,4.000000,4.000000,4.000000,5.000000,5.000000,96.000000,96.000000,96.000000,95.000000,95.000000,5.0,37.1742,34.0525,131.7993,134.921,PENDING_AG03,FALSE,NOT_FOR_ENFORCEMENT,162.2145,3708.2032,168.9735,162.2145,6.7589,0.03915950,0.03759312,6.7589,162.2145,0.03759312,6.7589,6.7589,6.7589,8.4487,8.4487,162.2145,0.03759312,37.1742,34.0525,131.7993,134.921,0.03054441,0.03126785,0.00156638,15.4660,13.8448,0.6056,15.3612,3.1882,392.2732,25.3636,,15.4660,11.5829,13.088,18.3232,26.176,26.176,39.2639,13.088,0.0,2.0,3.0,1.181693,18,54,8,3,0E-8,0.03915950,,0E-8,0.000000,0.895181,0.000000,,2026-04-17,2026-06-08,11,53,46,53,0.207547,,,0.000000,,,,,,,,GLOBAL_BASELINE_NO_ENTITY_RANKING,,,NOT_APPLICABLE_GLOBAL_BASELINE,HF9g-P5,,,,X 全窗基线 · 不参与实体赏罚,6879888,688,A168_HF9F_20260827_0900,2026-08-27 09:00:00
2026-04-27,148536735,2155,0,62.8222914432,1.3087977384,1.3087977384,0.5000000,5,5,0.50128862000000000,0.501288620000,-0.0051544971185412255,-0.0051544971185412255,-0.0051544971185412255,0E-17,ELIGIBLE,R03b_20260811_FULL_v1,L1_ELIGIBILITY,v2026-08-11,2026-03-21..2026-08-06,baccarat_bet02_101_all_pairs_incl_sentinel,round_win = game_pnl > 0 (decisive only),COMPATIBILITY_ONLY_NOT_PRODUCTION,4315.0057,3862.7117,168.9735,279,279,-0.03915950,,-0.03915950,-0.03915950,-168.9735,4315.0057,OK,0.0000,6.7589,4.0000,96.0000,AG03-UNRESOLVED,ALL5_LEVELS_bet23_to_bet27,6.7589,6.7589,6.7589,8.4487,8.4487,4.000000,4.000000,4.000000,5.000000,5.000000,96.000000,96.000000,96.000000,95.000000,95.000000,5.0,37.1742,34.0525,131.7993,134.921,PENDING_AG03,FALSE,NOT_FOR_ENFORCEMENT,162.2145,3708.2032,168.9735,162.2145,6.7589,0.03915950,0.03759312,6.7589,162.2145,0.03759312,6.7589,6.7589,6.7589,8.4487,8.4487,162.2145,0.03759312,37.1742,34.0525,131.7993,134.921,0.03054441,0.03126785,0.00156638,15.4660,13.8448,0.6056,15.3612,3.1882,392.2732,25.3636,,15.4660,11.5829,13.088,18.3232,26.176,26.176,39.2639,13.088,0.0,2.0,3.0,1.181693,18,54,8,3,0E-8,0.03915950,,0E-8,0.000000,0.895181,0.000000,,2026-04-17,2026-06-08,11,53,46,53,0.207547,,,0.000000,,,,,,,,GLOBAL_BASELINE_NO_ENTITY_RANKING,,,NOT_APPLICABLE_GLOBAL_BASELINE,HF9g-P5,,,,X 全窗基线 · 不参与实体赏罚,6879889,688,A168_HF9F_20260827_0900,2026-08-27 09:00:00
2026-04-27,148536735,2162,0,7.8527864304,-7.8527864304,-7.8527864304,0E-7,1,1,0.49324550000000000,0.493245500000,-0.9865810262130424,-0.9865810262130424,-0.9865810262130424,0E-17,ELIGIBLE,R03b_20260811_FULL_v1,L1_ELIGIBILITY,v2026-08-11,2026-03-21..2026-08-06,baccarat_bet02_101_all_pairs_incl_sentinel,round_win = game_pnl > 0 (decisive only),COMPATIBILITY_ONLY_NOT_PRODUCTION,4315.0057,3862.7117,168.9735,279,279,-0.03915950,,-0.03915950,-0.03915950,-168.9735,4315.0057,OK,0.0000,6.7589,4.0000,96.0000,AG03-UNRESOLVED,ALL5_LEVELS_bet23_to_bet27,6.7589,6.7589,6.7589,8.4487,8.4487,4.000000,4.000000,4.000000,5.000000,5.000000,96.000000,96.000000,96.000000,95.000000,95.000000,5.0,37.1742,34.0525,131.7993,134.921,PENDING_AG03,FALSE,NOT_FOR_ENFORCEMENT,162.2145,3708.2032,168.9735,162.2145,6.7589,0.03915950,0.03759312,6.7589,162.2145,0.03759312,6.7589,6.7589,6.7589,8.4487,8.4487,162.2145,0.03759312,37.1742,34.0525,131.7993,134.921,0.03054441,0.03126785,0.00156638,15.4660,13.8448,0.6056,15.3612,3.1882,392.2732,25.3636,,15.4660,11.5829,13.088,18.3232,26.176,26.176,39.2639,13.088,0.0,2.0,3.0,1.181693,18,54,8,3,0E-8,0.03915950,,0E-8,0.000000,0.895181,0.000000,,2026-04-17,2026-06-08,11,53,46,53,0.207547,,,0.000000,,,,,,,,GLOBAL_BASELINE_NO_ENTITY_RANKING,,,NOT_APPLICABLE_GLOBAL_BASELINE,HF9g-P5,,,,X 全窗基线 · 不参与实体赏罚,6879890,688,A168_HF9F_20260827_0900,2026-08-27 09:00:00
2026-04-27,148536735,2229,0,39.7874512473,-9.4233437165,-9.4233437165,0.5000000,4,4,0.49324550000000000,0.493245500000,0.027020465636507562,0.027020465636507562,0.027020465636507562,0E-17,ELIGIBLE,R03b_20260811_FULL_v1,L1_ELIGIBILITY,v2026-08-11,2026-03-21..2026-08-06,baccarat_bet02_101_all_pairs_incl_sentinel,round_win = game_pnl > 0 (decisive only),COMPATIBILITY_ONLY_NOT_PRODUCTION,4315.0057,3862.7117,168.9735,279,279,-0.03915950,,-0.03915950,-0.03915950,-168.9735,4315.0057,OK,0.0000,6.7589,4.0000,96.0000,AG03-UNRESOLVED,ALL5_LEVELS_bet23_to_bet27,6.7589,6.7589,6.7589,8.4487,8.4487,4.000000,4.000000,4.000000,5.000000,5.000000,96.000000,96.000000,96.000000,95.000000,95.000000,5.0,37.1742,34.0525,131.7993,134.921,PENDING_AG03,FALSE,NOT_FOR_ENFORCEMENT,162.2145,3708.2032,168.9735,162.2145,6.7589,0.03915950,0.03759312,6.7589,162.2145,0.03759312,6.7589,6.7589,6.7589,8.4487,8.4487,162.2145,0.03759312,37.1742,34.0525,131.7993,134.921,0.03054441,0.03126785,0.00156638,15.4660,13.8448,0.6056,15.3612,3.1882,392.2732,25.3636,,15.4660,11.5829,13.088,18.3232,26.176,26.176,39.2639,13.088,0.0,2.0,3.0,1.181693,18,54,8,3,0E-8,0.03915950,,0E-8,0.000000,0.895181,0.000000,,2026-04-17,2026-06-08,11,53,46,53,0.207547,,,0.000000,,,,,,,,GLOBAL_BASELINE_NO_ENTITY_RANKING,,,NOT_APPLICABLE_GLOBAL_BASELINE,HF9g-P5,,,,X 全窗基线 · 不参与实体赏罚,6879891,688,A168_HF9F_20260827_0900,2026-08-27 09:00:00
2026-04-27,148536735,595,0,18.3231683376,2.0940763814,2.0940763814,0.5000000,2,2,0.49994810000000000,0.499948100000,0.00014679536856514622,0.00014679536856514622,0.00014679536856514622,0E-17,ELIGIBLE,R03b_20260811_FULL_v1,L1_ELIGIBILITY,v2026-08-11,2026-03-21..2026-08-06,baccarat_bet02_101_all_pairs_incl_sentinel,round_win = game_pnl > 0 (decisive only),COMPATIBILITY_ONLY_NOT_PRODUCTION,4315.0057,3862.7117,168.9735,279,279,-0.03915950,,-0.03915950,-0.03915950,-168.9735,4315.0057,OK,0.0000,6.7589,4.0000,96.0000,AG03-UNRESOLVED,ALL5_LEVELS_bet23_to_bet27,6.7589,6.7589,6.7589,8.4487,8.4487,4.000000,4.000000,4.000000,5.000000,5.000000,96.000000,96.000000,96.000000,95.000000,95.000000,5.0,37.1742,34.0525,131.7993,134.921,PENDING_AG03,FALSE,NOT_FOR_ENFORCEMENT,162.2145,3708.2032,168.9735,162.2145,6.7589,0.03915950,0.03759312,6.7589,162.2145,0.03759312,6.7589,6.7589,6.7589,8.4487,8.4487,162.2145,0.03759312,37.1742,34.0525,131.7993,134.921,0.03054441,0.03126785,0.00156638,15.4660,13.8448,0.6056,15.3612,3.1882,392.2732,25.3636,,15.4660,11.5829,13.088,18.3232,26.176,26.176,39.2639,13.088,0.0,2.0,3.0,1.181693,18,54,8,3,0E-8,0.03915950,,0E-8,0.000000,0.895181,0.000000,,2026-04-17,2026-06-08,11,53,46,53,0.207547,,,0.000000,,,,,,,,GLOBAL_BASELINE_NO_ENTITY_RANKING,,,NOT_APPLICABLE_GLOBAL_BASELINE,HF9g-P5,,,,X 全窗基线 · 不参与实体赏罚,6879892,688,A168_HF9F_20260827_0900,2026-08-27 09:00:00
2026-04-30,148536735,1004,0,115.1742009791,-13.0879773839,-13.0879773839,0.5000000,4,4,0.50665070000000000,0.506650700000,-0.02660515369234503,-0.02660515369234503,-0.02660515369234503,0E-17,ELIGIBLE,R03b_20260811_FULL_v1,L1_ELIGIBILITY,v2026-08-11,2026-03-21..2026-08-06,baccarat_bet02_101_all_pairs_incl_sentinel,round_win = game_pnl > 0 (decisive only),COMPATIBILITY_ONLY_NOT_PRODUCTION,4315.0057,3862.7117,168.9735,279,279,-0.03915950,,-0.03915950,-0.03915950,-168.9735,4315.0057,OK,0.0000,6.7589,4.0000,96.0000,AG03-UNRESOLVED,ALL5_LEVELS_bet23_to_bet27,6.7589,6.7589,6.7589,8.4487,8.4487,4.000000,4.000000,4.000000,5.000000,5.000000,96.000000,96.000000,96.000000,95.000000,95.000000,5.0,37.1742,34.0525,131.7993,134.921,PENDING_AG03,FALSE,NOT_FOR_ENFORCEMENT,162.2145,3708.2032,168.9735,162.2145,6.7589,0.03915950,0.03759312,6.7589,162.2145,0.03759312,6.7589,6.7589,6.7589,8.4487,8.4487,162.2145,0.03759312,37.1742,34.0525,131.7993,134.921,0.03054441,0.03126785,0.00156638,15.4660,13.8448,0.6056,15.3612,3.1882,392.2732,25.3636,,15.4660,11.5829,13.088,18.3232,26.176,26.176,39.2639,13.088,0.0,2.0,3.0,1.181693,18,54,8,3,0E-8,0.03915950,,0E-8,0.000000,0.895181,0.000000,,2026-04-17,2026-06-08,11,53,46,53,0.207547,,,0.000000,,,,,,,,GLOBAL_BASELINE_NO_ENTITY_RANKING,,,NOT_APPLICABLE_GLOBAL_BASELINE,HF9g-P5,,,,X 全窗基线 · 不参与实体赏罚,6879893,688,A168_HF9F_20260827_0900,2026-08-27 09:00:00
2026-04-30,148536735,2153,0,222.4956155280,0.1308797738,0.1308797738,0.5000000,9,9,0.50516123333333333,0.505161233333,-0.02919790032230849,-0.029197900320422594,-0.02919790032230849,3.3333E-13,ELIGIBLE,R03b_20260811_FULL_v1,L1_ELIGIBILITY,v2026-08-11,2026-03-21..2026-08-06,baccarat_bet02_101_all_pairs_incl_sentinel,round_win = game_pnl > 0 (decisive only),COMPATIBILITY_ONLY_NOT_PRODUCTION,4315.0057,3862.7117,168.9735,279,279,-0.03915950,,-0.03915950,-0.03915950,-168.9735,4315.0057,OK,0.0000,6.7589,4.0000,96.0000,AG03-UNRESOLVED,ALL5_LEVELS_bet23_to_bet27,6.7589,6.7589,6.7589,8.4487,8.4487,4.000000,4.000000,4.000000,5.000000,5.000000,96.000000,96.000000,96.000000,95.000000,95.000000,5.0,37.1742,34.0525,131.7993,134.921,PENDING_AG03,FALSE,NOT_FOR_ENFORCEMENT,162.2145,3708.2032,168.9735,162.2145,6.7589,0.03915950,0.03759312,6.7589,162.2145,0.03759312,6.7589,6.7589,6.7589,8.4487,8.4487,162.2145,0.03759312,37.1742,34.0525,131.7993,134.921,0.03054441,0.03126785,0.00156638,15.4660,13.8448,0.6056,15.3612,3.1882,392.2732,25.3636,,15.4660,11.5829,13.088,18.3232,26.176,26.176,39.2639,13.088,0.0,2.0,3.0,1.181693,18,54,8,3,0E-8,0.03915950,,0E-8,0.000000,0.895181,0.000000,,2026-04-17,2026-06-08,11,53,46,53,0.207547,,,0.000000,,,,,,,,GLOBAL_BASELINE_NO_ENTITY_RANKING,,,NOT_APPLICABLE_GLOBAL_BASELINE,HF9g-P5,,,,X 全窗基线 · 不参与实体赏罚,6879894,688,A168_HF9F_20260827_0900,2026-08-27 09:00:00
2026-04-30,148536735,2160,0,107.3214145486,26.9612334110,26.9612334110,0.7500000,4,4,0.49994810000000000,0.499948100000,1.0002076053883384,1.0002076053883384,1.0002076053883384,0E-17,ELIGIBLE,R03b_20260811_FULL_v1,L1_ELIGIBILITY,v2026-08-11,2026-03-21..2026-08-06,baccarat_bet02_101_all_pairs_incl_sentinel,round_win = game_pnl > 0 (decisive only),COMPATIBILITY_ONLY_NOT_PRODUCTION,4315.0057,3862.7117,168.9735,279,279,-0.03915950,,-0.03915950,-0.03915950,-168.9735,4315.0057,OK,0.0000,6.7589,4.0000,96.0000,AG03-UNRESOLVED,ALL5_LEVELS_bet23_to_bet27,6.7589,6.7589,6.7589,8.4487,8.4487,4.000000,4.000000,4.000000,5.000000,5.000000,96.000000,96.000000,96.000000,95.000000,95.000000,5.0,37.1742,34.0525,131.7993,134.921,PENDING_AG03,FALSE,NOT_FOR_ENFORCEMENT,162.2145,3708.2032,168.9735,162.2145,6.7589,0.03915950,0.03759312,6.7589,162.2145,0.03759312,6.7589,6.7589,6.7589,8.4487,8.4487,162.2145,0.03759312,37.1742,34.0525,131.7993,134.921,0.03054441,0.03126785,0.00156638,15.4660,13.8448,0.6056,15.3612,3.1882,392.2732,25.3636,,15.4660,11.5829,13.088,18.3232,26.176,26.176,39.2639,13.088,0.0,2.0,3.0,1.181693,18,54,8,3,0E-8,0.03915950,,0E-8,0.000000,0.895181,0.000000,,2026-04-17,2026-06-08,11,53,46,53,0.207547,,,0.000000,,,,,,,,GLOBAL_BASELINE_NO_ENTITY_RANKING,,,NOT_APPLICABLE_GLOBAL_BASELINE,HF9g-P5,,,,X 全窗基线 · 不参与实体赏罚,6879895,688,A168_HF9F_20260827_0900,2026-08-27 09:00:00
2026-04-30,148536735,2170,0,13.0879773840,-13.0879773840,-13.0879773840,0E-7,1,1,0.50665070000000000,0.506650700000,-1.013391052207602,-1.013391052207602,-1.013391052207602,0E-17,ELIGIBLE,R03b_20260811_FULL_v1,L1_ELIGIBILITY,v2026-08-11,2026-03-21..2026-08-06,baccarat_bet02_101_all_pairs_incl_sentinel,round_win = game_pnl > 0 (decisive only),COMPATIBILITY_ONLY_NOT_PRODUCTION,4315.0057,3862.7117,168.9735,279,279,-0.03915950,,-0.03915950,-0.03915950,-168.9735,4315.0057,OK,0.0000,6.7589,4.0000,96.0000,AG03-UNRESOLVED,ALL5_LEVELS_bet23_to_bet27,6.7589,6.7589,6.7589,8.4487,8.4487,4.000000,4.000000,4.000000,5.000000,5.000000,96.000000,96.000000,96.000000,95.000000,95.000000,5.0,37.1742,34.0525,131.7993,134.921,PENDING_AG03,FALSE,NOT_FOR_ENFORCEMENT,162.2145,3708.2032,168.9735,162.2145,6.7589,0.03915950,0.03759312,6.7589,162.2145,0.03759312,6.7589,6.7589,6.7589,8.4487,8.4487,162.2145,0.03759312,37.1742,34.0525,131.7993,134.921,0.03054441,0.03126785,0.00156638,15.4660,13.8448,0.6056,15.3612,3.1882,392.2732,25.3636,,15.4660,11.5829,13.088,18.3232,26.176,26.176,39.2639,13.088,0.0,2.0,3.0,1.181693,18,54,8,3,0E-8,0.03915950,,0E-8,0.000000,0.895181,0.000000,,2026-04-17,2026-06-08,11,53,46,53,0.207547,,,0.000000,,,,,,,,GLOBAL_BASELINE_NO_ENTITY_RANKING,,,NOT_APPLICABLE_GLOBAL_BASELINE,HF9g-P5,,,,X 全窗基线 · 不参与实体赏罚,6879896,688,A168_HF9F_20260827_0900,2026-08-27 09:00:00
2026-04-30,148536735,2266,0,249.1950893910,-92.6628798786,-92.6628798786,0.3750000,9,9,0.50069283333333333,0.500692833333,-0.7110267209840203,-0.7110267209821342,-0.7110267209840203,3.3333E-13,ELIGIBLE,R03b_20260811_FULL_v1,L1_ELIGIBILITY,v2026-08-11,2026-03-21..2026-08-06,baccarat_bet02_101_all_pairs_incl_sentinel,round_win = game_pnl > 0 (decisive only),COMPATIBILITY_ONLY_NOT_PRODUCTION,4315.0057,3862.7117,168.9735,279,279,-0.03915950,,-0.03915950,-0.03915950,-168.9735,4315.0057,OK,0.0000,6.7589,4.0000,96.0000,AG03-UNRESOLVED,ALL5_LEVELS_bet23_to_bet27,6.7589,6.7589,6.7589,8.4487,8.4487,4.000000,4.000000,4.000000,5.000000,5.000000,96.000000,96.000000,96.000000,95.000000,95.000000,5.0,37.1742,34.0525,131.7993,134.921,PENDING_AG03,FALSE,NOT_FOR_ENFORCEMENT,162.2145,3708.2032,168.9735,162.2145,6.7589,0.03915950,0.03759312,6.7589,162.2145,0.03759312,6.7589,6.7589,6.7589,8.4487,8.4487,162.2145,0.03759312,37.1742,34.0525,131.7993,134.921,0.03054441,0.03126785,0.00156638,15.4660,13.8448,0.6056,15.3612,3.1882,392.2732,25.3636,,15.4660,11.5829,13.088,18.3232,26.176,26.176,39.2639,13.088,0.0,2.0,3.0,1.181693,18,54,8,3,0E-8,0.03915950,,0E-8,0.000000,0.895181,0.000000,,2026-04-17,2026-06-08,11,53,46,53,0.207547,,,0.000000,,,,,,,,GLOBAL_BASELINE_NO_ENTITY_RANKING,,,NOT_APPLICABLE_GLOBAL_BASELINE,HF9g-P5,,,,X 全窗基线 · 不参与实体赏罚,6879897,688,A168_HF9F_20260827_0900,2026-08-27 09:00:00
2026-05-01,148536735,1942,0,206.0090291115,-9.8074827462,-9.8074827462,0.5000000,14,14,0.50090561428571429,0.500905614286,-0.006274290111235712,-0.00627429011321518,-0.006274290111235712,-2.8571E-13,ELIGIBLE,R03b_20260811_FULL_v1,L1_ELIGIBILITY,v2026-08-11,2026-03-21..2026-08-06,baccarat_bet02_101_all_pairs_incl_sentinel,round_win = game_pnl > 0 (decisive only),COMPATIBILITY_ONLY_NOT_PRODUCTION,4315.0057,3862.7117,168.9735,279,279,-0.03915950,,-0.03915950,-0.03915950,-168.9735,4315.0057,OK,0.0000,6.7589,4.0000,96.0000,AG03-UNRESOLVED,ALL5_LEVELS_bet23_to_bet27,6.7589,6.7589,6.7589,8.4487,8.4487,4.000000,4.000000,4.000000,5.000000,5.000000,96.000000,96.000000,96.000000,95.000000,95.000000,5.0,37.1742,34.0525,131.7993,134.921,PENDING_AG03,FALSE,NOT_FOR_ENFORCEMENT,162.2145,3708.2032,168.9735,162.2145,6.7589,0.03915950,0.03759312,6.7589,162.2145,0.03759312,6.7589,6.7589,6.7589,8.4487,8.4487,162.2145,0.03759312,37.1742,34.0525,131.7993,134.921,0.03054441,0.03126785,0.00156638,15.4660,13.8448,0.6056,15.3612,3.1882,392.2732,25.3636,,15.4660,11.5829,13.088,18.3232,26.176,26.176,39.2639,13.088,0.0,2.0,3.0,1.181693,18,54,8,3,0E-8,0.03915950,,0E-8,0.000000,0.895181,0.000000,,2026-04-17,2026-06-08,11,53,46,53,0.207547,,,0.000000,,,,,,,,GLOBAL_BASELINE_NO_ENTITY_RANKING,,,NOT_APPLICABLE_GLOBAL_BASELINE,HF9g-P5,,,,X 全窗基线 · 不参与实体赏罚,6879898,688,A168_HF9F_20260827_0900,2026-08-27 09:00:00
2026-05-01,148536735,2251,0,137.7717814334,-54.8881739403,-54.8881739403,0.2857143,8,8,0.49994810000000000,0.499948100000,-1.133618796148647,-1.133618796148647,-1.133618796148647,0E-17,ELIGIBLE,R03b_20260811_FULL_v1,L1_ELIGIBILITY,v2026-08-11,2026-03-21..2026-08-06,baccarat_bet02_101_all_pairs_incl_sentinel,round_win = game_pnl > 0 (decisive only),COMPATIBILITY_ONLY_NOT_PRODUCTION,4315.0057,3862.7117,168.9735,279,279,-0.03915950,,-0.03915950,-0.03915950,-168.9735,4315.0057,OK,0.0000,6.7589,4.0000,96.0000,AG03-UNRESOLVED,ALL5_LEVELS_bet23_to_bet27,6.7589,6.7589,6.7589,8.4487,8.4487,4.000000,4.000000,4.000000,5.000000,5.000000,96.000000,96.000000,96.000000,95.000000,95.000000,5.0,37.1742,34.0525,131.7993,134.921,PENDING_AG03,FALSE,NOT_FOR_ENFORCEMENT,162.2145,3708.2032,168.9735,162.2145,6.7589,0.03915950,0.03759312,6.7589,162.2145,0.03759312,6.7589,6.7589,6.7589,8.4487,8.4487,162.2145,0.03759312,37.1742,34.0525,131.7993,134.921,0.03054441,0.03126785,0.00156638,15.4660,13.8448,0.6056,15.3612,3.1882,392.2732,25.3636,,15.4660,11.5829,13.088,18.3232,26.176,26.176,39.2639,13.088,0.0,2.0,3.0,1.181693,18,54,8,3,0E-8,0.03915950,,0E-8,0.000000,0.895181,0.000000,,2026-04-17,2026-06-08,11,53,46,53,0.207547,,,0.000000,,,,,,,,GLOBAL_BASELINE_NO_ENTITY_RANKING,,,NOT_APPLICABLE_GLOBAL_BASELINE,HF9g-P5,,,,X 全窗基线 · 不参与实体赏罚,6879899,688,A168_HF9F_20260827_0900,2026-08-27 09:00:00
2026-05-01,148536735,925,0,17.3836334389,0.7783716465,0.7783716465,0.6666667,3,3,0.49324550000000000,0.493245500000,0.6008033672792107,0.6008033672792106,0.6008033672792107,0E-17,ELIGIBLE,R03b_20260811_FULL_v1,L1_ELIGIBILITY,v2026-08-11,2026-03-21..2026-08-06,baccarat_bet02_101_all_pairs_incl_sentinel,round_win = game_pnl > 0 (decisive only),COMPATIBILITY_ONLY_NOT_PRODUCTION,4315.0057,3862.7117,168.9735,279,279,-0.03915950,,-0.03915950,-0.03915950,-168.9735,4315.0057,OK,0.0000,6.7589,4.0000,96.0000,AG03-UNRESOLVED,ALL5_LEVELS_bet23_to_bet27,6.7589,6.7589,6.7589,8.4487,8.4487,4.000000,4.000000,4.000000,5.000000,5.000000,96.000000,96.000000,96.000000,95.000000,95.000000,5.0,37.1742,34.0525,131.7993,134.921,PENDING_AG03,FALSE,NOT_FOR_ENFORCEMENT,162.2145,3708.2032,168.9735,162.2145,6.7589,0.03915950,0.03759312,6.7589,162.2145,0.03759312,6.7589,6.7589,6.7589,8.4487,8.4487,162.2145,0.03759312,37.1742,34.0525,131.7993,134.921,0.03054441,0.03126785,0.00156638,15.4660,13.8448,0.6056,15.3612,3.1882,392.2732,25.3636,,15.4660,11.5829,13.088,18.3232,26.176,26.176,39.2639,13.088,0.0,2.0,3.0,1.181693,18,54,8,3,0E-8,0.03915950,,0E-8,0.000000,0.895181,0.000000,,2026-04-17,2026-06-08,11,53,46,53,0.207547,,,0.000000,,,,,,,,GLOBAL_BASELINE_NO_ENTITY_RANKING,,,NOT_APPLICABLE_GLOBAL_BASELINE,HF9g-P5,,,,X 全窗基线 · 不参与实体赏罚,6879900,688,A168_HF9F_20260827_0900,2026-08-27 09:00:00
2026-05-13,148536735,2123,0,25.9457215506,-25.9457215506,-25.9457215506,0E-7,2,2,0.49994810000000000,0.499948100000,-1.4140667746232096,-1.4140667746232096,-1.4140667746232096,0E-17,ELIGIBLE,R03b_20260811_FULL_v1,L1_ELIGIBILITY,v2026-08-11,2026-03-21..2026-08-06,baccarat_bet02_101_all_pairs_incl_sentinel,round_win = game_pnl > 0 (decisive only),COMPATIBILITY_ONLY_NOT_PRODUCTION,4315.0057,3862.7117,168.9735,279,279,-0.03915950,,-0.03915950,-0.03915950,-168.9735,4315.0057,OK,0.0000,6.7589,4.0000,96.0000,AG03-UNRESOLVED,ALL5_LEVELS_bet23_to_bet27,6.7589,6.7589,6.7589,8.4487,8.4487,4.000000,4.000000,4.000000,5.000000,5.000000,96.000000,96.000000,96.000000,95.000000,95.000000,5.0,37.1742,34.0525,131.7993,134.921,PENDING_AG03,FALSE,NOT_FOR_ENFORCEMENT,162.2145,3708.2032,168.9735,162.2145,6.7589,0.03915950,0.03759312,6.7589,162.2145,0.03759312,6.7589,6.7589,6.7589,8.4487,8.4487,162.2145,0.03759312,37.1742,34.0525,131.7993,134.921,0.03054441,0.03126785,0.00156638,15.4660,13.8448,0.6056,15.3612,3.1882,392.2732,25.3636,,15.4660,11.5829,13.088,18.3232,26.176,26.176,39.2639,13.088,0.0,2.0,3.0,1.181693,18,54,8,3,0E-8,0.03915950,,0E-8,0.000000,0.895181,0.000000,,2026-04-17,2026-06-08,11,53,46,53,0.207547,,,0.000000,,,,,,,,GLOBAL_BASELINE_NO_ENTITY_RANKING,,,NOT_APPLICABLE_GLOBAL_BASELINE,HF9g-P5,,,,X 全窗基线 · 不参与实体赏罚,6879901,688,A168_HF9F_20260827_0900,2026-08-27 09:00:00
2026-05-19,148536735,1017,0,33.7294380157,-12.9728607753,-12.9728607753,0.3333333,3,3,0.49324550000000000,0.493245500000,-0.5540025479526107,-0.5540025479526106,-0.5540025479526107,0E-17,ELIGIBLE,R03b_20260811_FULL_v1,L1_ELIGIBILITY,v2026-08-11,2026-03-21..2026-08-06,baccarat_bet02_101_all_pairs_incl_sentinel,round_win = game_pnl > 0 (decisive only),COMPATIBILITY_ONLY_NOT_PRODUCTION,4315.0057,3862.7117,168.9735,279,279,-0.03915950,,-0.03915950,-0.03915950,-168.9735,4315.0057,OK,0.0000,6.7589,4.0000,96.0000,AG03-UNRESOLVED,ALL5_LEVELS_bet23_to_bet27,6.7589,6.7589,6.7589,8.4487,8.4487,4.000000,4.000000,4.000000,5.000000,5.000000,96.000000,96.000000,96.000000,95.000000,95.000000,5.0,37.1742,34.0525,131.7993,134.921,PENDING_AG03,FALSE,NOT_FOR_ENFORCEMENT,162.2145,3708.2032,168.9735,162.2145,6.7589,0.03915950,0.03759312,6.7589,162.2145,0.03759312,6.7589,6.7589,6.7589,8.4487,8.4487,162.2145,0.03759312,37.1742,34.0525,131.7993,134.921,0.03054441,0.03126785,0.00156638,15.4660,13.8448,0.6056,15.3612,3.1882,392.2732,25.3636,,15.4660,11.5829,13.088,18.3232,26.176,26.176,39.2639,13.088,0.0,2.0,3.0,1.181693,18,54,8,3,0E-8,0.03915950,,0E-8,0.000000,0.895181,0.000000,,2026-04-17,2026-06-08,11,53,46,53,0.207547,,,0.000000,,,,,,,,GLOBAL_BASELINE_NO_ENTITY_RANKING,,,NOT_APPLICABLE_GLOBAL_BASELINE,HF9g-P5,,,,X 全窗基线 · 不参与实体赏罚,6879902,688,A168_HF9F_20260827_0900,2026-08-27 09:00:00
2026-06-01,148536735,1330,0,25.7155347546,-12.8577673773,-12.8577673773,0E-7,2,2,0.49994810000000000,0.499948100000,-0.9998962053866608,-0.9998962053866608,-0.9998962053866608,0E-17,ELIGIBLE,R03b_20260811_FULL_v1,L1_ELIGIBILITY,v2026-08-11,2026-03-21..2026-08-06,baccarat_bet02_101_all_pairs_incl_sentinel,round_win = game_pnl > 0 (decisive only),COMPATIBILITY_ONLY_NOT_PRODUCTION,4315.0057,3862.7117,168.9735,279,279,-0.03915950,,-0.03915950,-0.03915950,-168.9735,4315.0057,OK,0.0000,6.7589,4.0000,96.0000,AG03-UNRESOLVED,ALL5_LEVELS_bet23_to_bet27,6.7589,6.7589,6.7589,8.4487,8.4487,4.000000,4.000000,4.000000,5.000000,5.000000,96.000000,96.000000,96.000000,95.000000,95.000000,5.0,37.1742,34.0525,131.7993,134.921,PENDING_AG03,FALSE,NOT_FOR_ENFORCEMENT,162.2145,3708.2032,168.9735,162.2145,6.7589,0.03915950,0.03759312,6.7589,162.2145,0.03759312,6.7589,6.7589,6.7589,8.4487,8.4487,162.2145,0.03759312,37.1742,34.0525,131.7993,134.921,0.03054441,0.03126785,0.00156638,15.4660,13.8448,0.6056,15.3612,3.1882,392.2732,25.3636,,15.4660,11.5829,13.088,18.3232,26.176,26.176,39.2639,13.088,0.0,2.0,3.0,1.181693,18,54,8,3,0E-8,0.03915950,,0E-8,0.000000,0.895181,0.000000,,2026-04-17,2026-06-08,11,53,46,53,0.207547,,,0.000000,,,,,,,,GLOBAL_BASELINE_NO_ENTITY_RANKING,,,NOT_APPLICABLE_GLOBAL_BASELINE,HF9g-P5,,,,X 全窗基线 · 不参与实体赏罚,6879903,688,A168_HF9F_20260827_0900,2026-08-27 09:00:00
2026-06-01,148536735,1331,0,12.8577673773,-12.8577673773,-12.8577673773,0E-7,1,1,0.50665070000000000,0.506650700000,-1.013391052207602,-1.013391052207602,-1.013391052207602,0E-17,ELIGIBLE,R03b_20260811_FULL_v1,L1_ELIGIBILITY,v2026-08-11,2026-03-21..2026-08-06,baccarat_bet02_101_all_pairs_incl_sentinel,round_win = game_pnl > 0 (decisive only),COMPATIBILITY_ONLY_NOT_PRODUCTION,4315.0057,3862.7117,168.9735,279,279,-0.03915950,,-0.03915950,-0.03915950,-168.9735,4315.0057,OK,0.0000,6.7589,4.0000,96.0000,AG03-UNRESOLVED,ALL5_LEVELS_bet23_to_bet27,6.7589,6.7589,6.7589,8.4487,8.4487,4.000000,4.000000,4.000000,5.000000,5.000000,96.000000,96.000000,96.000000,95.000000,95.000000,5.0,37.1742,34.0525,131.7993,134.921,PENDING_AG03,FALSE,NOT_FOR_ENFORCEMENT,162.2145,3708.2032,168.9735,162.2145,6.7589,0.03915950,0.03759312,6.7589,162.2145,0.03759312,6.7589,6.7589,6.7589,8.4487,8.4487,162.2145,0.03759312,37.1742,34.0525,131.7993,134.921,0.03054441,0.03126785,0.00156638,15.4660,13.8448,0.6056,15.3612,3.1882,392.2732,25.3636,,15.4660,11.5829,13.088,18.3232,26.176,26.176,39.2639,13.088,0.0,2.0,3.0,1.181693,18,54,8,3,0E-8,0.03915950,,0E-8,0.000000,0.895181,0.000000,,2026-04-17,2026-06-08,11,53,46,53,0.207547,,,0.000000,,,,,,,,GLOBAL_BASELINE_NO_ENTITY_RANKING,,,NOT_APPLICABLE_GLOBAL_BASELINE,HF9g-P5,,,,X 全窗基线 · 不参与实体赏罚,6879904,688,A168_HF9F_20260827_0900,2026-08-27 09:00:00
2026-06-01,148536735,1957,0,12.8577673773,-12.8577673773,-12.8577673773,0E-7,1,1,0.50665070000000000,0.506650700000,-1.013391052207602,-1.013391052207602,-1.013391052207602,0E-17,ELIGIBLE,R03b_20260811_FULL_v1,L1_ELIGIBILITY,v2026-08-11,2026-03-21..2026-08-06,baccarat_bet02_101_all_pairs_incl_sentinel,round_win = game_pnl > 0 (decisive only),COMPATIBILITY_ONLY_NOT_PRODUCTION,4315.0057,3862.7117,168.9735,279,279,-0.03915950,,-0.03915950,-0.03915950,-168.9735,4315.0057,OK,0.0000,6.7589,4.0000,96.0000,AG03-UNRESOLVED,ALL5_LEVELS_bet23_to_bet27,6.7589,6.7589,6.7589,8.4487,8.4487,4.000000,4.000000,4.000000,5.000000,5.000000,96.000000,96.000000,96.000000,95.000000,95.000000,5.0,37.1742,34.0525,131.7993,134.921,PENDING_AG03,FALSE,NOT_FOR_ENFORCEMENT,162.2145,3708.2032,168.9735,162.2145,6.7589,0.03915950,0.03759312,6.7589,162.2145,0.03759312,6.7589,6.7589,6.7589,8.4487,8.4487,162.2145,0.03759312,37.1742,34.0525,131.7993,134.921,0.03054441,0.03126785,0.00156638,15.4660,13.8448,0.6056,15.3612,3.1882,392.2732,25.3636,,15.4660,11.5829,13.088,18.3232,26.176,26.176,39.2639,13.088,0.0,2.0,3.0,1.181693,18,54,8,3,0E-8,0.03915950,,0E-8,0.000000,0.895181,0.000000,,2026-04-17,2026-06-08,11,53,46,53,0.207547,,,0.000000,,,,,,,,GLOBAL_BASELINE_NO_ENTITY_RANKING,,,NOT_APPLICABLE_GLOBAL_BASELINE,HF9g-P5,,,,X 全窗基线 · 不参与实体赏罚,6879905,688,A168_HF9F_20260827_0900,2026-08-27 09:00:00
2026-06-01,148536735,2155,0,12.8577673773,0E-10,0E-10,,1,1,0.49324550000000000,0.493245500000,,,,0E-17,NO_DECISIVE_ROUND,R03b_20260811_FULL_v1,L1_ELIGIBILITY,v2026-08-11,2026-03-21..2026-08-06,baccarat_bet02_101_all_pairs_incl_sentinel,round_win = game_pnl > 0 (decisive only),COMPATIBILITY_ONLY_NOT_PRODUCTION,4315.0057,3862.7117,168.9735,279,279,-0.03915950,,-0.03915950,-0.03915950,-168.9735,4315.0057,OK,0.0000,6.7589,4.0000,96.0000,AG03-UNRESOLVED,ALL5_LEVELS_bet23_to_bet27,6.7589,6.7589,6.7589,8.4487,8.4487,4.000000,4.000000,4.000000,5.000000,5.000000,96.000000,96.000000,96.000000,95.000000,95.000000,5.0,37.1742,34.0525,131.7993,134.921,PENDING_AG03,FALSE,NOT_FOR_ENFORCEMENT,162.2145,3708.2032,168.9735,162.2145,6.7589,0.03915950,0.03759312,6.7589,162.2145,0.03759312,6.7589,6.7589,6.7589,8.4487,8.4487,162.2145,0.03759312,37.1742,34.0525,131.7993,134.921,0.03054441,0.03126785,0.00156638,15.4660,13.8448,0.6056,15.3612,3.1882,392.2732,25.3636,,15.4660,11.5829,13.088,18.3232,26.176,26.176,39.2639,13.088,0.0,2.0,3.0,1.181693,18,54,8,3,0E-8,0.03915950,,0E-8,0.000000,0.895181,0.000000,,2026-04-17,2026-06-08,11,53,46,53,0.207547,,,0.000000,,,,,,,,GLOBAL_BASELINE_NO_ENTITY_RANKING,,,NOT_APPLICABLE_GLOBAL_BASELINE,HF9g-P5,,,,X 全窗基线 · 不参与实体赏罚,6879906,688,A168_HF9F_20260827_0900,2026-08-27 09:00:00
2026-06-01,148536735,2169,0,10.2862139018,10.2862139018,10.2862139018,1.0000000,1,1,0.49324550000000000,0.493245500000,1.01360149184955,1.01360149184955,1.01360149184955,0E-17,ELIGIBLE,R03b_20260811_FULL_v1,L1_ELIGIBILITY,v2026-08-11,2026-03-21..2026-08-06,baccarat_bet02_101_all_pairs_incl_sentinel,round_win = game_pnl > 0 (decisive only),COMPATIBILITY_ONLY_NOT_PRODUCTION,4315.0057,3862.7117,168.9735,279,279,-0.03915950,,-0.03915950,-0.03915950,-168.9735,4315.0057,OK,0.0000,6.7589,4.0000,96.0000,AG03-UNRESOLVED,ALL5_LEVELS_bet23_to_bet27,6.7589,6.7589,6.7589,8.4487,8.4487,4.000000,4.000000,4.000000,5.000000,5.000000,96.000000,96.000000,96.000000,95.000000,95.000000,5.0,37.1742,34.0525,131.7993,134.921,PENDING_AG03,FALSE,NOT_FOR_ENFORCEMENT,162.2145,3708.2032,168.9735,162.2145,6.7589,0.03915950,0.03759312,6.7589,162.2145,0.03759312,6.7589,6.7589,6.7589,8.4487,8.4487,162.2145,0.03759312,37.1742,34.0525,131.7993,134.921,0.03054441,0.03126785,0.00156638,15.4660,13.8448,0.6056,15.3612,3.1882,392.2732,25.3636,,15.4660,11.5829,13.088,18.3232,26.176,26.176,39.2639,13.088,0.0,2.0,3.0,1.181693,18,54,8,3,0E-8,0.03915950,,0E-8,0.000000,0.895181,0.000000,,2026-04-17,2026-06-08,11,53,46,53,0.207547,,,0.000000,,,,,,,,GLOBAL_BASELINE_NO_ENTITY_RANKING,,,NOT_APPLICABLE_GLOBAL_BASELINE,HF9g-P5,,,,X 全窗基线 · 不参与实体赏罚,6879907,688,A168_HF9F_20260827_0900,2026-08-27 09:00:00
2026-06-01,148536735,2229,0,167.1509759048,19.4152287394,19.4152287394,0.5714286,16,16,0.50497505000000000,0.504975050000,0.497317237589811,0.497317237589811,0.497317237589811,0E-17,ELIGIBLE,R03b_20260811_FULL_v1,L1_ELIGIBILITY,v2026-08-11,2026-03-21..2026-08-06,baccarat_bet02_101_all_pairs_incl_sentinel,round_win = game_pnl > 0 (decisive only),COMPATIBILITY_ONLY_NOT_PRODUCTION,4315.0057,3862.7117,168.9735,279,279,-0.03915950,,-0.03915950,-0.03915950,-168.9735,4315.0057,OK,0.0000,6.7589,4.0000,96.0000,AG03-UNRESOLVED,ALL5_LEVELS_bet23_to_bet27,6.7589,6.7589,6.7589,8.4487,8.4487,4.000000,4.000000,4.000000,5.000000,5.000000,96.000000,96.000000,96.000000,95.000000,95.000000,5.0,37.1742,34.0525,131.7993,134.921,PENDING_AG03,FALSE,NOT_FOR_ENFORCEMENT,162.2145,3708.2032,168.9735,162.2145,6.7589,0.03915950,0.03759312,6.7589,162.2145,0.03759312,6.7589,6.7589,6.7589,8.4487,8.4487,162.2145,0.03759312,37.1742,34.0525,131.7993,134.921,0.03054441,0.03126785,0.00156638,15.4660,13.8448,0.6056,15.3612,3.1882,392.2732,25.3636,,15.4660,11.5829,13.088,18.3232,26.176,26.176,39.2639,13.088,0.0,2.0,3.0,1.181693,18,54,8,3,0E-8,0.03915950,,0E-8,0.000000,0.895181,0.000000,,2026-04-17,2026-06-08,11,53,46,53,0.207547,,,0.000000,,,,,,,,GLOBAL_BASELINE_NO_ENTITY_RANKING,,,NOT_APPLICABLE_GLOBAL_BASELINE,HF9g-P5,,,,X 全窗基线 · 不参与实体赏罚,6879908,688,A168_HF9F_20260827_0900,2026-08-27 09:00:00
2026-06-08,148536735,1401,0,18.0008743282,-2.5715534754,-2.5715534754,0.5000000,2,2,0.49994810000000000,0.499948100000,0.00014679536856514622,0.00014679536856514622,0.00014679536856514622,0E-17,ELIGIBLE,R03b_20260811_FULL_v1,L1_ELIGIBILITY,v2026-08-11,2026-03-21..2026-08-06,baccarat_bet02_101_all_pairs_incl_sentinel,round_win = game_pnl > 0 (decisive only),COMPATIBILITY_ONLY_NOT_PRODUCTION,4315.0057,3862.7117,168.9735,279,279,-0.03915950,,-0.03915950,-0.03915950,-168.9735,4315.0057,OK,0.0000,6.7589,4.0000,96.0000,AG03-UNRESOLVED,ALL5_LEVELS_bet23_to_bet27,6.7589,6.7589,6.7589,8.4487,8.4487,4.000000,4.000000,4.000000,5.000000,5.000000,96.000000,96.000000,96.000000,95.000000,95.000000,5.0,37.1742,34.0525,131.7993,134.921,PENDING_AG03,FALSE,NOT_FOR_ENFORCEMENT,162.2145,3708.2032,168.9735,162.2145,6.7589,0.03915950,0.03759312,6.7589,162.2145,0.03759312,6.7589,6.7589,6.7589,8.4487,8.4487,162.2145,0.03759312,37.1742,34.0525,131.7993,134.921,0.03054441,0.03126785,0.00156638,15.4660,13.8448,0.6056,15.3612,3.1882,392.2732,25.3636,,15.4660,11.5829,13.088,18.3232,26.176,26.176,39.2639,13.088,0.0,2.0,3.0,1.181693,18,54,8,3,0E-8,0.03915950,,0E-8,0.000000,0.895181,0.000000,,2026-04-17,2026-06-08,11,53,46,53,0.207547,,,0.000000,,,,,,,,GLOBAL_BASELINE_NO_ENTITY_RANKING,,,NOT_APPLICABLE_GLOBAL_BASELINE,HF9g-P5,,,,X 全窗基线 · 不参与实体赏罚,6879909,688,A168_HF9F_20260827_0900,2026-08-27 09:00:00
2026-06-08,148536735,2241,0,5.1431069509,-5.1431069509,-5.1431069509,0E-7,1,1,0.49324550000000000,0.493245500000,-0.9865810262130424,-0.9865810262130424,-0.9865810262130424,0E-17,ELIGIBLE,R03b_20260811_FULL_v1,L1_ELIGIBILITY,v2026-08-11,2026-03-21..2026-08-06,baccarat_bet02_101_all_pairs_incl_sentinel,round_win = game_pnl > 0 (decisive only),COMPATIBILITY_ONLY_NOT_PRODUCTION,4315.0057,3862.7117,168.9735,279,279,-0.03915950,,-0.03915950,-0.03915950,-168.9735,4315.0057,OK,0.0000,6.7589,4.0000,96.0000,AG03-UNRESOLVED,ALL5_LEVELS_bet23_to_bet27,6.7589,6.7589,6.7589,8.4487,8.4487,4.000000,4.000000,4.000000,5.000000,5.000000,96.000000,96.000000,96.000000,95.000000,95.000000,5.0,37.1742,34.0525,131.7993,134.921,PENDING_AG03,FALSE,NOT_FOR_ENFORCEMENT,162.2145,3708.2032,168.9735,162.2145,6.7589,0.03915950,0.03759312,6.7589,162.2145,0.03759312,6.7589,6.7589,6.7589,8.4487,8.4487,162.2145,0.03759312,37.1742,34.0525,131.7993,134.921,0.03054441,0.03126785,0.00156638,15.4660,13.8448,0.6056,15.3612,3.1882,392.2732,25.3636,,15.4660,11.5829,13.088,18.3232,26.176,26.176,39.2639,13.088,0.0,2.0,3.0,1.181693,18,54,8,3,0E-8,0.03915950,,0E-8,0.000000,0.895181,0.000000,,2026-04-17,2026-06-08,11,53,46,53,0.207547,,,0.000000,,,,,,,,GLOBAL_BASELINE_NO_ENTITY_RANKING,,,NOT_APPLICABLE_GLOBAL_BASELINE,HF9g-P5,,,,X 全窗基线 · 不参与实体赏罚,6879910,688,A168_HF9F_20260827_0900,2026-08-27 09:00:00
2026-07-23,153379317,1714,0,50.3446673379,-24.5268892159,-24.5268892159,0.3333333,4,3,0.34158105000000000,0.295077150000,-0.030122867748960426,0.14528597193826853,-0.030122867748960426,0.04650390000000000,ELIGIBLE,R03b_20260811_FULL_v1,L1_ELIGIBILITY,v2026-08-11,2026-03-21..2026-08-06,baccarat_bet02_101_all_pairs_incl_sentinel,round_win = game_pnl > 0 (decisive only),COMPATIBILITY_ONLY_NOT_PRODUCTION,352.6386,300.4867,168.9751,33,19,-0.47917374,-0.47917374,,-0.47917374,-168.9751,352.6386,OK,0.0000,6.7590,4.0000,96.0000,AG03-UNRESOLVED,ALL5_LEVELS_bet23_to_bet27,6.7590,6.7590,6.7590,8.4488,8.4488,4.000000,4.000000,4.000000,5.000000,5.000000,96.000000,96.000000,96.000000,95.000000,95.000000,5.0,37.1745,34.0528,131.8006,134.9223,PENDING_AG03,FALSE,NOT_FOR_ENFORCEMENT,162.2161,288.4672,168.9751,162.2161,6.7590,0.47917374,0.46000679,6.7590,162.2161,0.46000679,6.7590,6.7590,6.7590,8.4488,8.4488,162.2161,0.46000679,37.1745,34.0528,131.8006,134.9223,0.37375552,0.38260789,0.01916695,10.6860,15.8151,8.8934,42.2438,14.0813,88.1596,4.7500,10.6860,,2.5818,5.4217,16.1129,25.8178,29.1095,38.7267,5.1636,-4.8802,5.369048,7.142857,1.97096,10,11,3,5,1.00000000,0.47917374,0.47917374,0E-8,0.000000,0.852109,0.000000,,2026-07-23,2026-08-05,4,12,12,14,0.285714,,1.000000,3.333333,,,,,,,,GLOBAL_BASELINE_NO_ENTITY_RANKING,,,NOT_APPLICABLE_GLOBAL_BASELINE,HF9g-P5,,,,X 全窗基线 · 不参与实体赏罚,6879911,688,A168_HF9F_20260827_0900,2026-08-27 09:00:00
2026-07-26,153379317,1994,0,26.0759559032,10.3271112488,10.3271112488,0.5000000,3,2,0.46617368196717023,0.396936125000,0.09589497699068165,0.29790616794075786,0.09589497699068165,0.06923755696717023,ELIGIBLE,R03b_20260811_FULL_v1,L1_ELIGIBILITY,v2026-08-11,2026-03-21..2026-08-06,baccarat_bet02_101_all_pairs_incl_sentinel,round_win = game_pnl > 0 (decisive only),COMPATIBILITY_ONLY_NOT_PRODUCTION,352.6386,300.4867,168.9751,33,19,-0.47917374,-0.47917374,,-0.47917374,-168.9751,352.6386,OK,0.0000,6.7590,4.0000,96.0000,AG03-UNRESOLVED,ALL5_LEVELS_bet23_to_bet27,6.7590,6.7590,6.7590,8.4488,8.4488,4.000000,4.000000,4.000000,5.000000,5.000000,96.000000,96.000000,96.000000,95.000000,95.000000,5.0,37.1745,34.0528,131.8006,134.9223,PENDING_AG03,FALSE,NOT_FOR_ENFORCEMENT,162.2161,288.4672,168.9751,162.2161,6.7590,0.47917374,0.46000679,6.7590,162.2161,0.46000679,6.7590,6.7590,6.7590,8.4488,8.4488,162.2161,0.46000679,37.1745,34.0528,131.8006,134.9223,0.37375552,0.38260789,0.01916695,10.6860,15.8151,8.8934,42.2438,14.0813,88.1596,4.7500,10.6860,,2.5818,5.4217,16.1129,25.8178,29.1095,38.7267,5.1636,-4.8802,5.369048,7.142857,1.97096,10,11,3,5,1.00000000,0.47917374,0.47917374,0E-8,0.000000,0.852109,0.000000,,2026-07-23,2026-08-05,4,12,12,14,0.285714,,1.000000,3.333333,,,,,,,,GLOBAL_BASELINE_NO_ENTITY_RANKING,,,NOT_APPLICABLE_GLOBAL_BASELINE,HF9g-P5,,,,X 全窗基线 · 不参与实体赏罚,6879912,688,A168_HF9F_20260827_0900,2026-08-27 09:00:00
2026-07-26,153379317,2280,0,20.6542224976,-20.6542224976,-20.6542224976,0E-7,2,1,0.39866562500000000,0.290680550000,-0.8142286499934221,-0.6401578158977228,-0.8142286499934221,0.10798507500000000,ELIGIBLE,R03b_20260811_FULL_v1,L1_ELIGIBILITY,v2026-08-11,2026-03-21..2026-08-06,baccarat_bet02_101_all_pairs_incl_sentinel,round_win = game_pnl > 0 (decisive only),COMPATIBILITY_ONLY_NOT_PRODUCTION,352.6386,300.4867,168.9751,33,19,-0.47917374,-0.47917374,,-0.47917374,-168.9751,352.6386,OK,0.0000,6.7590,4.0000,96.0000,AG03-UNRESOLVED,ALL5_LEVELS_bet23_to_bet27,6.7590,6.7590,6.7590,8.4488,8.4488,4.000000,4.000000,4.000000,5.000000,5.000000,96.000000,96.000000,96.000000,95.000000,95.000000,5.0,37.1745,34.0528,131.8006,134.9223,PENDING_AG03,FALSE,NOT_FOR_ENFORCEMENT,162.2161,288.4672,168.9751,162.2161,6.7590,0.47917374,0.46000679,6.7590,162.2161,0.46000679,6.7590,6.7590,6.7590,8.4488,8.4488,162.2161,0.46000679,37.1745,34.0528,131.8006,134.9223,0.37375552,0.38260789,0.01916695,10.6860,15.8151,8.8934,42.2438,14.0813,88.1596,4.7500,10.6860,,2.5818,5.4217,16.1129,25.8178,29.1095,38.7267,5.1636,-4.8802,5.369048,7.142857,1.97096,10,11,3,5,1.00000000,0.47917374,0.47917374,0E-8,0.000000,0.852109,0.000000,,2026-07-23,2026-08-05,4,12,12,14,0.285714,,1.000000,3.333333,,,,,,,,GLOBAL_BASELINE_NO_ENTITY_RANKING,,,NOT_APPLICABLE_GLOBAL_BASELINE,HF9g-P5,,,,X 全窗基线 · 不参与实体赏罚,6879913,688,A168_HF9F_20260827_0900,2026-08-27 09:00:00
2026-07-26,153379317,759,0,10.8434668112,-5.4217334056,-5.4217334056,0E-7,2,2,0.50665070000000000,0.506650700000,-1.013391052207602,-1.013391052207602,-1.013391052207602,0E-17,ELIGIBLE,R03b_20260811_FULL_v1,L1_ELIGIBILITY,v2026-08-11,2026-03-21..2026-08-06,baccarat_bet02_101_all_pairs_incl_sentinel,round_win = game_pnl > 0 (decisive only),COMPATIBILITY_ONLY_NOT_PRODUCTION,352.6386,300.4867,168.9751,33,19,-0.47917374,-0.47917374,,-0.47917374,-168.9751,352.6386,OK,0.0000,6.7590,4.0000,96.0000,AG03-UNRESOLVED,ALL5_LEVELS_bet23_to_bet27,6.7590,6.7590,6.7590,8.4488,8.4488,4.000000,4.000000,4.000000,5.000000,5.000000,96.000000,96.000000,96.000000,95.000000,95.000000,5.0,37.1745,34.0528,131.8006,134.9223,PENDING_AG03,FALSE,NOT_FOR_ENFORCEMENT,162.2161,288.4672,168.9751,162.2161,6.7590,0.47917374,0.46000679,6.7590,162.2161,0.46000679,6.7590,6.7590,6.7590,8.4488,8.4488,162.2161,0.46000679,37.1745,34.0528,131.8006,134.9223,0.37375552,0.38260789,0.01916695,10.6860,15.8151,8.8934,42.2438,14.0813,88.1596,4.7500,10.6860,,2.5818,5.4217,16.1129,25.8178,29.1095,38.7267,5.1636,-4.8802,5.369048,7.142857,1.97096,10,11,3,5,1.00000000,0.47917374,0.47917374,0E-8,0.000000,0.852109,0.000000,,2026-07-23,2026-08-05,4,12,12,14,0.285714,,1.000000,3.333333,,,,,,,,GLOBAL_BASELINE_NO_ENTITY_RANKING,,,NOT_APPLICABLE_GLOBAL_BASELINE,HF9g-P5,,,,X 全窗基线 · 不参与实体赏罚,6879914,688,A168_HF9F_20260827_0900,2026-08-27 09:00:00
2026-07-31,153379317,-1,1,25.8177781220,-2.5817778122,-2.5817778122,0E-7,2,1,0.46345426000000000,0.290668500000,-0.9293944264721952,-0.6401391097125458,-0.9293944264721952,0.17278576000000000,SENTINEL_DEALER,R03b_20260811_FULL_v1,L1_ELIGIBILITY,v2026-08-11,2026-03-21..2026-08-06,baccarat_bet02_101_all_pairs_incl_sentinel,round_win = game_pnl > 0 (decisive only),COMPATIBILITY_ONLY_NOT_PRODUCTION,352.6386,300.4867,168.9751,33,19,-0.47917374,-0.47917374,,-0.47917374,-168.9751,352.6386,OK,0.0000,6.7590,4.0000,96.0000,AG03-UNRESOLVED,ALL5_LEVELS_bet23_to_bet27,6.7590,6.7590,6.7590,8.4488,8.4488,4.000000,4.000000,4.000000,5.000000,5.000000,96.000000,96.000000,96.000000,95.000000,95.000000,5.0,37.1745,34.0528,131.8006,134.9223,PENDING_AG03,FALSE,NOT_FOR_ENFORCEMENT,162.2161,288.4672,168.9751,162.2161,6.7590,0.47917374,0.46000679,6.7590,162.2161,0.46000679,6.7590,6.7590,6.7590,8.4488,8.4488,162.2161,0.46000679,37.1745,34.0528,131.8006,134.9223,0.37375552,0.38260789,0.01916695,10.6860,15.8151,8.8934,42.2438,14.0813,88.1596,4.7500,10.6860,,2.5818,5.4217,16.1129,25.8178,29.1095,38.7267,5.1636,-4.8802,5.369048,7.142857,1.97096,10,11,3,5,1.00000000,0.47917374,0.47917374,0E-8,0.000000,0.852109,0.000000,,2026-07-23,2026-08-05,4,12,12,14,0.285714,,1.000000,3.333333,,,,,,,,GLOBAL_BASELINE_NO_ENTITY_RANKING,,,NOT_APPLICABLE_GLOBAL_BASELINE,HF9g-P5,,,,X 全窗基线 · 不参与实体赏罚,6879915,688,A168_HF9F_20260827_0900,2026-08-27 09:00:00
2026-07-31,153379317,1205,0,38.7266671830,-28.3995559342,-28.3995559342,0E-7,4,2,0.41490056000000000,0.287329250000,-1.1908914221834277,-0.8979671518161059,-1.1908914221834277,0.12757131000000000,ELIGIBLE,R03b_20260811_FULL_v1,L1_ELIGIBILITY,v2026-08-11,2026-03-21..2026-08-06,baccarat_bet02_101_all_pairs_incl_sentinel,round_win = game_pnl > 0 (decisive only),COMPATIBILITY_ONLY_NOT_PRODUCTION,352.6386,300.4867,168.9751,33,19,-0.47917374,-0.47917374,,-0.47917374,-168.9751,352.6386,OK,0.0000,6.7590,4.0000,96.0000,AG03-UNRESOLVED,ALL5_LEVELS_bet23_to_bet27,6.7590,6.7590,6.7590,8.4488,8.4488,4.000000,4.000000,4.000000,5.000000,5.000000,96.000000,96.000000,96.000000,95.000000,95.000000,5.0,37.1745,34.0528,131.8006,134.9223,PENDING_AG03,FALSE,NOT_FOR_ENFORCEMENT,162.2161,288.4672,168.9751,162.2161,6.7590,0.47917374,0.46000679,6.7590,162.2161,0.46000679,6.7590,6.7590,6.7590,8.4488,8.4488,162.2161,0.46000679,37.1745,34.0528,131.8006,134.9223,0.37375552,0.38260789,0.01916695,10.6860,15.8151,8.8934,42.2438,14.0813,88.1596,4.7500,10.6860,,2.5818,5.4217,16.1129,25.8178,29.1095,38.7267,5.1636,-4.8802,5.369048,7.142857,1.97096,10,11,3,5,1.00000000,0.47917374,0.47917374,0E-8,0.000000,0.852109,0.000000,,2026-07-23,2026-08-05,4,12,12,14,0.285714,,1.000000,3.333333,,,,,,,,GLOBAL_BASELINE_NO_ENTITY_RANKING,,,NOT_APPLICABLE_GLOBAL_BASELINE,HF9g-P5,,,,X 全窗基线 · 不参与实体赏罚,6879916,688,A168_HF9F_20260827_0900,2026-08-27 09:00:00
2026-07-31,153379317,1490,0,61.9626674928,-10.3271112488,-10.3271112488,0.5000000,4,2,0.43487565714285715,0.357049200000,0.1857820690726397,0.4219380440380493,0.1857820690726397,0.07782645714285715,ELIGIBLE,R03b_20260811_FULL_v1,L1_ELIGIBILITY,v2026-08-11,2026-03-21..2026-08-06,baccarat_bet02_101_all_pairs_incl_sentinel,round_win = game_pnl > 0 (decisive only),COMPATIBILITY_ONLY_NOT_PRODUCTION,352.6386,300.4867,168.9751,33,19,-0.47917374,-0.47917374,,-0.47917374,-168.9751,352.6386,OK,0.0000,6.7590,4.0000,96.0000,AG03-UNRESOLVED,ALL5_LEVELS_bet23_to_bet27,6.7590,6.7590,6.7590,8.4488,8.4488,4.000000,4.000000,4.000000,5.000000,5.000000,96.000000,96.000000,96.000000,95.000000,95.000000,5.0,37.1745,34.0528,131.8006,134.9223,PENDING_AG03,FALSE,NOT_FOR_ENFORCEMENT,162.2161,288.4672,168.9751,162.2161,6.7590,0.47917374,0.46000679,6.7590,162.2161,0.46000679,6.7590,6.7590,6.7590,8.4488,8.4488,162.2161,0.46000679,37.1745,34.0528,131.8006,134.9223,0.37375552,0.38260789,0.01916695,10.6860,15.8151,8.8934,42.2438,14.0813,88.1596,4.7500,10.6860,,2.5818,5.4217,16.1129,25.8178,29.1095,38.7267,5.1636,-4.8802,5.369048,7.142857,1.97096,10,11,3,5,1.00000000,0.47917374,0.47917374,0E-8,0.000000,0.852109,0.000000,,2026-07-23,2026-08-05,4,12,12,14,0.285714,,1.000000,3.333333,,,,,,,,GLOBAL_BASELINE_NO_ENTITY_RANKING,,,NOT_APPLICABLE_GLOBAL_BASELINE,HF9g-P5,,,,X 全窗基线 · 不参与实体赏罚,6879917,688,A168_HF9F_20260827_0900,2026-08-27 09:00:00
2026-07-31,153379317,2108,0,20.6542224976,-20.6542224976,-20.6542224976,0E-7,2,1,0.44092861250000000,0.283977950000,-0.8880767652259005,-0.629765857060584,-0.8880767652259005,0.15695066250000000,ELIGIBLE,R03b_20260811_FULL_v1,L1_ELIGIBILITY,v2026-08-11,2026-03-21..2026-08-06,baccarat_bet02_101_all_pairs_incl_sentinel,round_win = game_pnl > 0 (decisive only),COMPATIBILITY_ONLY_NOT_PRODUCTION,352.6386,300.4867,168.9751,33,19,-0.47917374,-0.47917374,,-0.47917374,-168.9751,352.6386,OK,0.0000,6.7590,4.0000,96.0000,AG03-UNRESOLVED,ALL5_LEVELS_bet23_to_bet27,6.7590,6.7590,6.7590,8.4488,8.4488,4.000000,4.000000,4.000000,5.000000,5.000000,96.000000,96.000000,96.000000,95.000000,95.000000,5.0,37.1745,34.0528,131.8006,134.9223,PENDING_AG03,FALSE,NOT_FOR_ENFORCEMENT,162.2161,288.4672,168.9751,162.2161,6.7590,0.47917374,0.46000679,6.7590,162.2161,0.46000679,6.7590,6.7590,6.7590,8.4488,8.4488,162.2161,0.46000679,37.1745,34.0528,131.8006,134.9223,0.37375552,0.38260789,0.01916695,10.6860,15.8151,8.8934,42.2438,14.0813,88.1596,4.7500,10.6860,,2.5818,5.4217,16.1129,25.8178,29.1095,38.7267,5.1636,-4.8802,5.369048,7.142857,1.97096,10,11,3,5,1.00000000,0.47917374,0.47917374,0E-8,0.000000,0.852109,0.000000,,2026-07-23,2026-08-05,4,12,12,14,0.285714,,1.000000,3.333333,,,,,,,,GLOBAL_BASELINE_NO_ENTITY_RANKING,,,NOT_APPLICABLE_GLOBAL_BASELINE,HF9g-P5,,,,X 全窗基线 · 不参与实体赏罚,6879918,688,A168_HF9F_20260827_0900,2026-08-27 09:00:00
2026-07-31,153379317,994,0,41.3084449952,-41.3084449952,-41.3084449952,0E-7,2,1,0.47965443125000000,0.290680550000,-0.9601040468976173,-0.6401578158977228,-0.9601040468976173,0.18897388125000000,ELIGIBLE,R03b_20260811_FULL_v1,L1_ELIGIBILITY,v2026-08-11,2026-03-21..2026-08-06,baccarat_bet02_101_all_pairs_incl_sentinel,round_win = game_pnl > 0 (decisive only),COMPATIBILITY_ONLY_NOT_PRODUCTION,352.6386,300.4867,168.9751,33,19,-0.47917374,-0.47917374,,-0.47917374,-168.9751,352.6386,OK,0.0000,6.7590,4.0000,96.0000,AG03-UNRESOLVED,ALL5_LEVELS_bet23_to_bet27,6.7590,6.7590,6.7590,8.4488,8.4488,4.000000,4.000000,4.000000,5.000000,5.000000,96.000000,96.000000,96.000000,95.000000,95.000000,5.0,37.1745,34.0528,131.8006,134.9223,PENDING_AG03,FALSE,NOT_FOR_ENFORCEMENT,162.2161,288.4672,168.9751,162.2161,6.7590,0.47917374,0.46000679,6.7590,162.2161,0.46000679,6.7590,6.7590,6.7590,8.4488,8.4488,162.2161,0.46000679,37.1745,34.0528,131.8006,134.9223,0.37375552,0.38260789,0.01916695,10.6860,15.8151,8.8934,42.2438,14.0813,88.1596,4.7500,10.6860,,2.5818,5.4217,16.1129,25.8178,29.1095,38.7267,5.1636,-4.8802,5.369048,7.142857,1.97096,10,11,3,5,1.00000000,0.47917374,0.47917374,0E-8,0.000000,0.852109,0.000000,,2026-07-23,2026-08-05,4,12,12,14,0.285714,,1.000000,3.333333,,,,,,,,GLOBAL_BASELINE_NO_ENTITY_RANKING,,,NOT_APPLICABLE_GLOBAL_BASELINE,HF9g-P5,,,,X 全窗基线 · 不参与实体赏罚,6879919,688,A168_HF9F_20260827_0900,2026-08-27 09:00:00
2026-08-05,153379317,-1,1,17.7227544757,-17.7227544757,-17.7227544757,0E-7,3,1,0.32021576376756179,0.220844866667,-0.6863344669641417,-0.5323922027720716,-0.6863344669641417,0.09937089710056179,SENTINEL_DEALER,R03b_20260811_FULL_v1,L1_ELIGIBILITY,v2026-08-11,2026-03-21..2026-08-06,baccarat_bet02_101_all_pairs_incl_sentinel,round_win = game_pnl > 0 (decisive only),COMPATIBILITY_ONLY_NOT_PRODUCTION,352.6386,300.4867,168.9751,33,19,-0.47917374,-0.47917374,,-0.47917374,-168.9751,352.6386,OK,0.0000,6.7590,4.0000,96.0000,AG03-UNRESOLVED,ALL5_LEVELS_bet23_to_bet27,6.7590,6.7590,6.7590,8.4488,8.4488,4.000000,4.000000,4.000000,5.000000,5.000000,96.000000,96.000000,96.000000,95.000000,95.000000,5.0,37.1745,34.0528,131.8006,134.9223,PENDING_AG03,FALSE,NOT_FOR_ENFORCEMENT,162.2161,288.4672,168.9751,162.2161,6.7590,0.47917374,0.46000679,6.7590,162.2161,0.46000679,6.7590,6.7590,6.7590,8.4488,8.4488,162.2161,0.46000679,37.1745,34.0528,131.8006,134.9223,0.37375552,0.38260789,0.01916695,10.6860,15.8151,8.8934,42.2438,14.0813,88.1596,4.7500,10.6860,,2.5818,5.4217,16.1129,25.8178,29.1095,38.7267,5.1636,-4.8802,5.369048,7.142857,1.97096,10,11,3,5,1.00000000,0.47917374,0.47917374,0E-8,0.000000,0.852109,0.000000,,2026-07-23,2026-08-05,4,12,12,14,0.285714,,1.000000,3.333333,,,,,,,,GLOBAL_BASELINE_NO_ENTITY_RANKING,,,NOT_APPLICABLE_GLOBAL_BASELINE,HF9g-P5,,,,X 全窗基线 · 不参与实体赏罚,6879920,688,A168_HF9F_20260827_0900,2026-08-27 09:00:00
2026-08-05,153379317,1645,0,12.8425757070,-12.8425757070,-12.8425757070,0E-7,1,1,0.49324550000000000,0.493245500000,-0.9865810262130424,-0.9865810262130424,-0.9865810262130424,0E-17,ELIGIBLE,R03b_20260811_FULL_v1,L1_ELIGIBILITY,v2026-08-11,2026-03-21..2026-08-06,baccarat_bet02_101_all_pairs_incl_sentinel,round_win = game_pnl > 0 (decisive only),COMPATIBILITY_ONLY_NOT_PRODUCTION,352.6386,300.4867,168.9751,33,19,-0.47917374,-0.47917374,,-0.47917374,-168.9751,352.6386,OK,0.0000,6.7590,4.0000,96.0000,AG03-UNRESOLVED,ALL5_LEVELS_bet23_to_bet27,6.7590,6.7590,6.7590,8.4488,8.4488,4.000000,4.000000,4.000000,5.000000,5.000000,96.000000,96.000000,96.000000,95.000000,95.000000,5.0,37.1745,34.0528,131.8006,134.9223,PENDING_AG03,FALSE,NOT_FOR_ENFORCEMENT,162.2161,288.4672,168.9751,162.2161,6.7590,0.47917374,0.46000679,6.7590,162.2161,0.46000679,6.7590,6.7590,6.7590,8.4488,8.4488,162.2161,0.46000679,37.1745,34.0528,131.8006,134.9223,0.37375552,0.38260789,0.01916695,10.6860,15.8151,8.8934,42.2438,14.0813,88.1596,4.7500,10.6860,,2.5818,5.4217,16.1129,25.8178,29.1095,38.7267,5.1636,-4.8802,5.369048,7.142857,1.97096,10,11,3,5,1.00000000,0.47917374,0.47917374,0E-8,0.000000,0.852109,0.000000,,2026-07-23,2026-08-05,4,12,12,14,0.285714,,1.000000,3.333333,,,,,,,,GLOBAL_BASELINE_NO_ENTITY_RANKING,,,NOT_APPLICABLE_GLOBAL_BASELINE,HF9g-P5,,,,X 全窗基线 · 不参与实体赏罚,6879921,688,A168_HF9F_20260827_0900,2026-08-27 09:00:00
2026-08-05,153379317,970,0,25.6851514140,5.1370302828,5.1370302828,0.5000000,4,2,0.24852538333333334,0.157727850000,0.8229370561847791,1.328024687803822,0.8229370561847791,0.09079753333333334,ELIGIBLE,R03b_20260811_FULL_v1,L1_ELIGIBILITY,v2026-08-11,2026-03-21..2026-08-06,baccarat_bet02_101_all_pairs_incl_sentinel,round_win = game_pnl > 0 (decisive only),COMPATIBILITY_ONLY_NOT_PRODUCTION,352.6386,300.4867,168.9751,33,19,-0.47917374,-0.47917374,,-0.47917374,-168.9751,352.6386,OK,0.0000,6.7590,4.0000,96.0000,AG03-UNRESOLVED,ALL5_LEVELS_bet23_to_bet27,6.7590,6.7590,6.7590,8.4488,8.4488,4.000000,4.000000,4.000000,5.000000,5.000000,96.000000,96.000000,96.000000,95.000000,95.000000,5.0,37.1745,34.0528,131.8006,134.9223,PENDING_AG03,FALSE,NOT_FOR_ENFORCEMENT,162.2161,288.4672,168.9751,162.2161,6.7590,0.47917374,0.46000679,6.7590,162.2161,0.46000679,6.7590,6.7590,6.7590,8.4488,8.4488,162.2161,0.46000679,37.1745,34.0528,131.8006,134.9223,0.37375552,0.38260789,0.01916695,10.6860,15.8151,8.8934,42.2438,14.0813,88.1596,4.7500,10.6860,,2.5818,5.4217,16.1129,25.8178,29.1095,38.7267,5.1636,-4.8802,5.369048,7.142857,1.97096,10,11,3,5,1.00000000,0.47917374,0.47917374,0E-8,0.000000,0.852109,0.000000,,2026-07-23,2026-08-05,4,12,12,14,0.285714,,1.000000,3.333333,,,,,,,,GLOBAL_BASELINE_NO_ENTITY_RANKING,,,NOT_APPLICABLE_GLOBAL_BASELINE,HF9g-P5,,,,X 全窗基线 · 不参与实体赏罚,6879922,688,A168_HF9F_20260827_0900,2026-08-27 09:00:00
2026-05-30,150729424,1115,0,42.0123936561,39.9117739733,39.9117739733,1.0000000,1,1,0.50665070000000000,0.506650700000,0.9867858985152569,0.9867858985152569,0.9867858985152569,0E-17,ELIGIBLE,R03b_20260811_FULL_v1,L1_ELIGIBILITY,v2026-08-11,2026-03-21..2026-08-06,baccarat_bet02_101_all_pairs_incl_sentinel,round_win = game_pnl > 0 (decisive only),COMPATIBILITY_ONLY_NOT_PRODUCTION,372.4136,372.4136,168.9765,6,5,-0.45373331,,-0.45373331,-0.45373331,-168.9765,372.4136,THIN_EXPOSURE,0.0000,6.7591,4.0000,96.0000,AG03-UNRESOLVED,ALL5_LEVELS_bet23_to_bet27,6.7591,6.7591,6.7591,10.1386,10.1386,4.000000,4.000000,4.000000,6.000000,6.000000,96.000000,96.000000,96.000000,94.000000,94.000000,5.0,40.5544,36.8787,128.4221,132.0978,PENDING_AG03,FALSE,NOT_FOR_ENFORCEMENT,162.2174,357.5171,168.9765,162.2174,6.7591,0.45373331,0.43558398,6.7591,162.2174,0.43558398,6.7591,6.7591,6.7591,10.1386,10.1386,162.2174,0.43558398,40.5544,36.8787,128.4221,132.0978,0.34483732,0.35470725,0.01814933,62.0689,74.4827,33.7953,56.3255,56.3255,124.1379,1.6667,,62.0689,41.5429,52.1634,105.031,110.5176,111.1273,111.1273,52.1634,-25.9643,2.13037,2.13037,1.189895,3,3,3,3,0E-8,0.45373331,,0E-8,0.000000,1.000000,0.000000,,2026-05-30,2026-06-12,3,3,3,14,0.214286,,,0.000000,,,,,,,,GLOBAL_BASELINE_NO_ENTITY_RANKING,,,NOT_APPLICABLE_GLOBAL_BASELINE,HF9g-P5,,,,X 全窗基线 · 不参与实体赏罚,6879923,688,A168_HF9F_20260827_0900,2026-08-27 09:00:00
2026-05-31,150729424,2266,0,105.0309841403,-105.0309841403,-105.0309841403,0E-7,1,1,0.49324550000000000,0.493245500000,-0.9865810262130424,-0.9865810262130424,-0.9865810262130424,0E-17,ELIGIBLE,R03b_20260811_FULL_v1,L1_ELIGIBILITY,v2026-08-11,2026-03-21..2026-08-06,baccarat_bet02_101_all_pairs_incl_sentinel,round_win = game_pnl > 0 (decisive only),COMPATIBILITY_ONLY_NOT_PRODUCTION,372.4136,372.4136,168.9765,6,5,-0.45373331,,-0.45373331,-0.45373331,-168.9765,372.4136,THIN_EXPOSURE,0.0000,6.7591,4.0000,96.0000,AG03-UNRESOLVED,ALL5_LEVELS_bet23_to_bet27,6.7591,6.7591,6.7591,10.1386,10.1386,4.000000,4.000000,4.000000,6.000000,6.000000,96.000000,96.000000,96.000000,94.000000,94.000000,5.0,40.5544,36.8787,128.4221,132.0978,PENDING_AG03,FALSE,NOT_FOR_ENFORCEMENT,162.2174,357.5171,168.9765,162.2174,6.7591,0.45373331,0.43558398,6.7591,162.2174,0.43558398,6.7591,6.7591,6.7591,10.1386,10.1386,162.2174,0.43558398,40.5544,36.8787,128.4221,132.0978,0.34483732,0.35470725,0.01814933,62.0689,74.4827,33.7953,56.3255,56.3255,124.1379,1.6667,,62.0689,41.5429,52.1634,105.031,110.5176,111.1273,111.1273,52.1634,-25.9643,2.13037,2.13037,1.189895,3,3,3,3,0E-8,0.45373331,,0E-8,0.000000,1.000000,0.000000,,2026-05-30,2026-06-12,3,3,3,14,0.214286,,,0.000000,,,,,,,,GLOBAL_BASELINE_NO_ENTITY_RANKING,,,NOT_APPLICABLE_GLOBAL_BASELINE,HF9g-P5,,,,X 全窗基线 · 不参与实体赏罚,6879924,688,A168_HF9F_20260827_0900,2026-08-27 09:00:00
2026-06-12,150729424,2281,0,225.3702511269,-103.8572585838,-103.8572585838,0.3333333,4,3,0.49082495811964130,0.435741850000,-0.545658868175656,-0.3577199375296409,-0.545658868175656,0.05508310811964130,ELIGIBLE,R03b_20260811_FULL_v1,L1_ELIGIBILITY,v2026-08-11,2026-03-21..2026-08-06,baccarat_bet02_101_all_pairs_incl_sentinel,round_win = game_pnl > 0 (decisive only),COMPATIBILITY_ONLY_NOT_PRODUCTION,372.4136,372.4136,168.9765,6,5,-0.45373331,,-0.45373331,-0.45373331,-168.9765,372.4136,THIN_EXPOSURE,0.0000,6.7591,4.0000,96.0000,AG03-UNRESOLVED,ALL5_LEVELS_bet23_to_bet27,6.7591,6.7591,6.7591,10.1386,10.1386,4.000000,4.000000,4.000000,6.000000,6.000000,96.000000,96.000000,96.000000,94.000000,94.000000,5.0,40.5544,36.8787,128.4221,132.0978,PENDING_AG03,FALSE,NOT_FOR_ENFORCEMENT,162.2174,357.5171,168.9765,162.2174,6.7591,0.45373331,0.43558398,6.7591,162.2174,0.43558398,6.7591,6.7591,6.7591,10.1386,10.1386,162.2174,0.43558398,40.5544,36.8787,128.4221,132.0978,0.34483732,0.35470725,0.01814933,62.0689,74.4827,33.7953,56.3255,56.3255,124.1379,1.6667,,62.0689,41.5429,52.1634,105.031,110.5176,111.1273,111.1273,52.1634,-25.9643,2.13037,2.13037,1.189895,3,3,3,3,0E-8,0.45373331,,0E-8,0.000000,1.000000,0.000000,,2026-05-30,2026-06-12,3,3,3,14,0.214286,,,0.000000,,,,,,,,GLOBAL_BASELINE_NO_ENTITY_RANKING,,,NOT_APPLICABLE_GLOBAL_BASELINE,HF9g-P5,,,,X 全窗基线 · 不参与实体赏罚,6879925,688,A168_HF9F_20260827_0900,2026-08-27 09:00:00
2026-07-01,146467127,1307,0,51.6355562440,-51.6355562440,-51.6355562440,0E-7,3,3,0.50665070000000000,0.506650700000,-1.7552447903592512,-1.7552447903592512,-1.7552447903592512,0E-17,ELIGIBLE,R03b_20260811_FULL_v1,L1_ELIGIBILITY,v2026-08-11,2026-03-21..2026-08-06,baccarat_bet02_101_all_pairs_incl_sentinel,round_win = game_pnl > 0 (decisive only),COMPATIBILITY_ONLY_NOT_PRODUCTION,1536.1578,1368.3422,168.9774,81,78,-0.11000000,-0.19292929,-0.09344758,-0.11000000,-168.9774,1536.1578,OK,0.0000,6.7591,4.0000,96.0000,AG03-UNRESOLVED,ALL5_LEVELS_bet23_to_bet27,6.7591,6.7591,8.4489,8.4489,8.4489,4.000000,4.000000,5.000000,5.000000,5.000000,96.000000,96.000000,95.000000,95.000000,95.000000,5.0,38.8648,35.4587,130.1126,133.5186,PENDING_AG03,FALSE,NOT_FOR_ENFORCEMENT,162.2183,1313.6086,168.9774,162.2183,6.7591,0.11000000,0.10560000,6.7591,162.2183,0.10560000,6.7591,6.7591,8.4489,8.4489,8.4489,162.2183,0.10560000,38.8648,35.4587,130.1126,133.5186,0.08470000,0.08691725,0.00440000,18.9649,17.5428,2.1664,33.7955,18.7753,307.2316,15.6000,10.6498,22.4660,7.7453,12.9089,25.8178,25.8178,63.2535,121.0854,12.9089,-7.7453,4.899994,9.380006,1.469136,6,10,5,4,0.16638655,0.11000000,0.19292929,0E-8,0.000000,0.890756,0.000000,-0.09948171,2026-07-01,2026-07-23,5,9,7,23,0.217391,0.474042,0.561555,0.554622,,,,,,,,GLOBAL_BASELINE_NO_ENTITY_RANKING,,,NOT_APPLICABLE_GLOBAL_BASELINE,HF9g-P5,,,,X 全窗基线 · 不参与实体赏罚,6879926,688,A168_HF9F_20260827_0900,2026-08-27 09:00:00
2026-07-01,146467127,1505,0,108.4346681124,13.4252446236,13.4252446236,0.6250000,10,10,0.50396966000000000,0.503969660000,0.6846725719019064,0.6846725719019064,0.6846725719019064,0E-17,ELIGIBLE,R03b_20260811_FULL_v1,L1_ELIGIBILITY,v2026-08-11,2026-03-21..2026-08-06,baccarat_bet02_101_all_pairs_incl_sentinel,round_win = game_pnl > 0 (decisive only),COMPATIBILITY_ONLY_NOT_PRODUCTION,1536.1578,1368.3422,168.9774,81,78,-0.11000000,-0.19292929,-0.09344758,-0.11000000,-168.9774,1536.1578,OK,0.0000,6.7591,4.0000,96.0000,AG03-UNRESOLVED,ALL5_LEVELS_bet23_to_bet27,6.7591,6.7591,8.4489,8.4489,8.4489,4.000000,4.000000,5.000000,5.000000,5.000000,96.000000,96.000000,95.000000,95.000000,95.000000,5.0,38.8648,35.4587,130.1126,133.5186,PENDING_AG03,FALSE,NOT_FOR_ENFORCEMENT,162.2183,1313.6086,168.9774,162.2183,6.7591,0.11000000,0.10560000,6.7591,162.2183,0.10560000,6.7591,6.7591,8.4489,8.4489,8.4489,162.2183,0.10560000,38.8648,35.4587,130.1126,133.5186,0.08470000,0.08691725,0.00440000,18.9649,17.5428,2.1664,33.7955,18.7753,307.2316,15.6000,10.6498,22.4660,7.7453,12.9089,25.8178,25.8178,63.2535,121.0854,12.9089,-7.7453,4.899994,9.380006,1.469136,6,10,5,4,0.16638655,0.11000000,0.19292929,0E-8,0.000000,0.890756,0.000000,-0.09948171,2026-07-01,2026-07-23,5,9,7,23,0.217391,0.474042,0.561555,0.554622,,,,,,,,GLOBAL_BASELINE_NO_ENTITY_RANKING,,,NOT_APPLICABLE_GLOBAL_BASELINE,HF9g-P5,,,,X 全窗基线 · 不参与实体赏罚,6879927,688,A168_HF9F_20260827_0900,2026-08-27 09:00:00
2026-07-01,146467127,2123,0,387.2666718302,-283.9955593421,-283.9955593421,0E-7,6,6,0.50441650000000000,0.504416500000,-2.255907172731205,-2.255907172731205,-2.255907172731205,0E-17,ELIGIBLE,R03b_20260811_FULL_v1,L1_ELIGIBILITY,v2026-08-11,2026-03-21..2026-08-06,baccarat_bet02_101_all_pairs_incl_sentinel,round_win = game_pnl > 0 (decisive only),COMPATIBILITY_ONLY_NOT_PRODUCTION,1536.1578,1368.3422,168.9774,81,78,-0.11000000,-0.19292929,-0.09344758,-0.11000000,-168.9774,1536.1578,OK,0.0000,6.7591,4.0000,96.0000,AG03-UNRESOLVED,ALL5_LEVELS_bet23_to_bet27,6.7591,6.7591,8.4489,8.4489,8.4489,4.000000,4.000000,5.000000,5.000000,5.000000,96.000000,96.000000,95.000000,95.000000,95.000000,5.0,38.8648,35.4587,130.1126,133.5186,PENDING_AG03,FALSE,NOT_FOR_ENFORCEMENT,162.2183,1313.6086,168.9774,162.2183,6.7591,0.11000000,0.10560000,6.7591,162.2183,0.10560000,6.7591,6.7591,8.4489,8.4489,8.4489,162.2183,0.10560000,38.8648,35.4587,130.1126,133.5186,0.08470000,0.08691725,0.00440000,18.9649,17.5428,2.1664,33.7955,18.7753,307.2316,15.6000,10.6498,22.4660,7.7453,12.9089,25.8178,25.8178,63.2535,121.0854,12.9089,-7.7453,4.899994,9.380006,1.469136,6,10,5,4,0.16638655,0.11000000,0.19292929,0E-8,0.000000,0.890756,0.000000,-0.09948171,2026-07-01,2026-07-23,5,9,7,23,0.217391,0.474042,0.561555,0.554622,,,,,,,,GLOBAL_BASELINE_NO_ENTITY_RANKING,,,NOT_APPLICABLE_GLOBAL_BASELINE,HF9g-P5,,,,X 全窗基线 · 不参与实体赏罚,6879928,688,A168_HF9F_20260827_0900,2026-08-27 09:00:00
2026-07-01,146467127,2196,0,25.8177781220,-25.8177781220,-25.8177781220,0E-7,2,2,0.49994810000000000,0.499948100000,-1.4140667746232096,-1.4140667746232096,-1.4140667746232096,0E-17,ELIGIBLE,R03b_20260811_FULL_v1,L1_ELIGIBILITY,v2026-08-11,2026-03-21..2026-08-06,baccarat_bet02_101_all_pairs_incl_sentinel,round_win = game_pnl > 0 (decisive only),COMPATIBILITY_ONLY_NOT_PRODUCTION,1536.1578,1368.3422,168.9774,81,78,-0.11000000,-0.19292929,-0.09344758,-0.11000000,-168.9774,1536.1578,OK,0.0000,6.7591,4.0000,96.0000,AG03-UNRESOLVED,ALL5_LEVELS_bet23_to_bet27,6.7591,6.7591,8.4489,8.4489,8.4489,4.000000,4.000000,5.000000,5.000000,5.000000,96.000000,96.000000,95.000000,95.000000,95.000000,5.0,38.8648,35.4587,130.1126,133.5186,PENDING_AG03,FALSE,NOT_FOR_ENFORCEMENT,162.2183,1313.6086,168.9774,162.2183,6.7591,0.11000000,0.10560000,6.7591,162.2183,0.10560000,6.7591,6.7591,8.4489,8.4489,8.4489,162.2183,0.10560000,38.8648,35.4587,130.1126,133.5186,0.08470000,0.08691725,0.00440000,18.9649,17.5428,2.1664,33.7955,18.7753,307.2316,15.6000,10.6498,22.4660,7.7453,12.9089,25.8178,25.8178,63.2535,121.0854,12.9089,-7.7453,4.899994,9.380006,1.469136,6,10,5,4,0.16638655,0.11000000,0.19292929,0E-8,0.000000,0.890756,0.000000,-0.09948171,2026-07-01,2026-07-23,5,9,7,23,0.217391,0.474042,0.561555,0.554622,,,,,,,,GLOBAL_BASELINE_NO_ENTITY_RANKING,,,NOT_APPLICABLE_GLOBAL_BASELINE,HF9g-P5,,,,X 全窗基线 · 不参与实体赏罚,6879929,688,A168_HF9F_20260827_0900,2026-08-27 09:00:00
2026-07-01,146467127,2281,0,591.2271189938,273.0230036403,273.0230036403,0.6666667,25,22,0.47673037386363636,0.472011152273,1.7426831414335282,1.7868490026480062,1.7426831414335282,0.00471922159063636,ELIGIBLE,R03b_20260811_FULL_v1,L1_ELIGIBILITY,v2026-08-11,2026-03-21..2026-08-06,baccarat_bet02_101_all_pairs_incl_sentinel,round_win = game_pnl > 0 (decisive only),COMPATIBILITY_ONLY_NOT_PRODUCTION,1536.1578,1368.3422,168.9774,81,78,-0.11000000,-0.19292929,-0.09344758,-0.11000000,-168.9774,1536.1578,OK,0.0000,6.7591,4.0000,96.0000,AG03-UNRESOLVED,ALL5_LEVELS_bet23_to_bet27,6.7591,6.7591,8.4489,8.4489,8.4489,4.000000,4.000000,5.000000,5.000000,5.000000,96.000000,96.000000,95.000000,95.000000,95.000000,5.0,38.8648,35.4587,130.1126,133.5186,PENDING_AG03,FALSE,NOT_FOR_ENFORCEMENT,162.2183,1313.6086,168.9774,162.2183,6.7591,0.11000000,0.10560000,6.7591,162.2183,0.10560000,6.7591,6.7591,8.4489,8.4489,8.4489,162.2183,0.10560000,38.8648,35.4587,130.1126,133.5186,0.08470000,0.08691725,0.00440000,18.9649,17.5428,2.1664,33.7955,18.7753,307.2316,15.6000,10.6498,22.4660,7.7453,12.9089,25.8178,25.8178,63.2535,121.0854,12.9089,-7.7453,4.899994,9.380006,1.469136,6,10,5,4,0.16638655,0.11000000,0.19292929,0E-8,0.000000,0.890756,0.000000,-0.09948171,2026-07-01,2026-07-23,5,9,7,23,0.217391,0.474042,0.561555,0.554622,,,,,,,,GLOBAL_BASELINE_NO_ENTITY_RANKING,,,NOT_APPLICABLE_GLOBAL_BASELINE,HF9g-P5,,,,X 全窗基线 · 不参与实体赏罚,6879930,688,A168_HF9F_20260827_0900,2026-08-27 09:00:00
2026-07-04,146467127,-1,1,46.4720006196,-20.6542224976,-20.6542224976,0.2500000,4,4,0.50329940000000000,0.503299400000,-1.013219660140378,-1.013219660140378,-1.013219660140378,0E-17,SENTINEL_DEALER,R03b_20260811_FULL_v1,L1_ELIGIBILITY,v2026-08-11,2026-03-21..2026-08-06,baccarat_bet02_101_all_pairs_incl_sentinel,round_win = game_pnl > 0 (decisive only),COMPATIBILITY_ONLY_NOT_PRODUCTION,1536.1578,1368.3422,168.9774,81,78,-0.11000000,-0.19292929,-0.09344758,-0.11000000,-168.9774,1536.1578,OK,0.0000,6.7591,4.0000,96.0000,AG03-UNRESOLVED,ALL5_LEVELS_bet23_to_bet27,6.7591,6.7591,8.4489,8.4489,8.4489,4.000000,4.000000,5.000000,5.000000,5.000000,96.000000,96.000000,95.000000,95.000000,95.000000,5.0,38.8648,35.4587,130.1126,133.5186,PENDING_AG03,FALSE,NOT_FOR_ENFORCEMENT,162.2183,1313.6086,168.9774,162.2183,6.7591,0.11000000,0.10560000,6.7591,162.2183,0.10560000,6.7591,6.7591,8.4489,8.4489,8.4489,162.2183,0.10560000,38.8648,35.4587,130.1126,133.5186,0.08470000,0.08691725,0.00440000,18.9649,17.5428,2.1664,33.7955,18.7753,307.2316,15.6000,10.6498,22.4660,7.7453,12.9089,25.8178,25.8178,63.2535,121.0854,12.9089,-7.7453,4.899994,9.380006,1.469136,6,10,5,4,0.16638655,0.11000000,0.19292929,0E-8,0.000000,0.890756,0.000000,-0.09948171,2026-07-01,2026-07-23,5,9,7,23,0.217391,0.474042,0.561555,0.554622,,,,,,,,GLOBAL_BASELINE_NO_ENTITY_RANKING,,,NOT_APPLICABLE_GLOBAL_BASELINE,HF9g-P5,,,,X 全窗基线 · 不参与实体赏罚,6879931,688,A168_HF9F_20260827_0900,2026-08-27 09:00:00
2026-07-05,146467127,1985,0,69.7080009294,-24.0105336534,-24.0105336534,0.4285714,7,7,0.50473567142857143,0.504735671429,-0.403041368878626,-0.40304136888089725,-0.403041368878626,-4.2857E-13,ELIGIBLE,R03b_20260811_FULL_v1,L1_ELIGIBILITY,v2026-08-11,2026-03-21..2026-08-06,baccarat_bet02_101_all_pairs_incl_sentinel,round_win = game_pnl > 0 (decisive only),COMPATIBILITY_ONLY_NOT_PRODUCTION,1536.1578,1368.3422,168.9774,81,78,-0.11000000,-0.19292929,-0.09344758,-0.11000000,-168.9774,1536.1578,OK,0.0000,6.7591,4.0000,96.0000,AG03-UNRESOLVED,ALL5_LEVELS_bet23_to_bet27,6.7591,6.7591,8.4489,8.4489,8.4489,4.000000,4.000000,5.000000,5.000000,5.000000,96.000000,96.000000,95.000000,95.000000,95.000000,5.0,38.8648,35.4587,130.1126,133.5186,PENDING_AG03,FALSE,NOT_FOR_ENFORCEMENT,162.2183,1313.6086,168.9774,162.2183,6.7591,0.11000000,0.10560000,6.7591,162.2183,0.10560000,6.7591,6.7591,8.4489,8.4489,8.4489,162.2183,0.10560000,38.8648,35.4587,130.1126,133.5186,0.08470000,0.08691725,0.00440000,18.9649,17.5428,2.1664,33.7955,18.7753,307.2316,15.6000,10.6498,22.4660,7.7453,12.9089,25.8178,25.8178,63.2535,121.0854,12.9089,-7.7453,4.899994,9.380006,1.469136,6,10,5,4,0.16638655,0.11000000,0.19292929,0E-8,0.000000,0.890756,0.000000,-0.09948171,2026-07-01,2026-07-23,5,9,7,23,0.217391,0.474042,0.561555,0.554622,,,,,,,,GLOBAL_BASELINE_NO_ENTITY_RANKING,,,NOT_APPLICABLE_GLOBAL_BASELINE,HF9g-P5,,,,X 全窗基线 · 不参与实体赏罚,6879932,688,A168_HF9F_20260827_0900,2026-08-27 09:00:00
2026-07-21,146467127,1330,0,59.3808896806,-25.8177781220,-25.8177781220,0.2000000,6,6,0.50441650000000000,0.504416500000,-1.3614450872398682,-1.3614450872398682,-1.3614450872398682,0E-17,ELIGIBLE,R03b_20260811_FULL_v1,L1_ELIGIBILITY,v2026-08-11,2026-03-21..2026-08-06,baccarat_bet02_101_all_pairs_incl_sentinel,round_win = game_pnl > 0 (decisive only),COMPATIBILITY_ONLY_NOT_PRODUCTION,1536.1578,1368.3422,168.9774,81,78,-0.11000000,-0.19292929,-0.09344758,-0.11000000,-168.9774,1536.1578,OK,0.0000,6.7591,4.0000,96.0000,AG03-UNRESOLVED,ALL5_LEVELS_bet23_to_bet27,6.7591,6.7591,8.4489,8.4489,8.4489,4.000000,4.000000,5.000000,5.000000,5.000000,96.000000,96.000000,95.000000,95.000000,95.000000,5.0,38.8648,35.4587,130.1126,133.5186,PENDING_AG03,FALSE,NOT_FOR_ENFORCEMENT,162.2183,1313.6086,168.9774,162.2183,6.7591,0.11000000,0.10560000,6.7591,162.2183,0.10560000,6.7591,6.7591,8.4489,8.4489,8.4489,162.2183,0.10560000,38.8648,35.4587,130.1126,133.5186,0.08470000,0.08691725,0.00440000,18.9649,17.5428,2.1664,33.7955,18.7753,307.2316,15.6000,10.6498,22.4660,7.7453,12.9089,25.8178,25.8178,63.2535,121.0854,12.9089,-7.7453,4.899994,9.380006,1.469136,6,10,5,4,0.16638655,0.11000000,0.19292929,0E-8,0.000000,0.890756,0.000000,-0.09948171,2026-07-01,2026-07-23,5,9,7,23,0.217391,0.474042,0.561555,0.554622,,,,,,,,GLOBAL_BASELINE_NO_ENTITY_RANKING,,,NOT_APPLICABLE_GLOBAL_BASELINE,HF9g-P5,,,,X 全窗基线 · 不参与实体赏罚,6879933,688,A168_HF9F_20260827_0900,2026-08-27 09:00:00
2026-07-23,146467127,2258,0,188.4697802906,-30.8522448556,-30.8522448556,0.5294118,17,17,0.50349653529411765,0.503496535294,0.21370768189478312,0.21370768189575295,0.21370768189478312,1.1765E-13,ELIGIBLE,R03b_20260811_FULL_v1,L1_ELIGIBILITY,v2026-08-11,2026-03-21..2026-08-06,baccarat_bet02_101_all_pairs_incl_sentinel,round_win = game_pnl > 0 (decisive only),COMPATIBILITY_ONLY_NOT_PRODUCTION,1536.1578,1368.3422,168.9774,81,78,-0.11000000,-0.19292929,-0.09344758,-0.11000000,-168.9774,1536.1578,OK,0.0000,6.7591,4.0000,96.0000,AG03-UNRESOLVED,ALL5_LEVELS_bet23_to_bet27,6.7591,6.7591,8.4489,8.4489,8.4489,4.000000,4.000000,5.000000,5.000000,5.000000,96.000000,96.000000,95.000000,95.000000,95.000000,5.0,38.8648,35.4587,130.1126,133.5186,PENDING_AG03,FALSE,NOT_FOR_ENFORCEMENT,162.2183,1313.6086,168.9774,162.2183,6.7591,0.11000000,0.10560000,6.7591,162.2183,0.10560000,6.7591,6.7591,8.4489,8.4489,8.4489,162.2183,0.10560000,38.8648,35.4587,130.1126,133.5186,0.08470000,0.08691725,0.00440000,18.9649,17.5428,2.1664,33.7955,18.7753,307.2316,15.6000,10.6498,22.4660,7.7453,12.9089,25.8178,25.8178,63.2535,121.0854,12.9089,-7.7453,4.899994,9.380006,1.469136,6,10,5,4,0.16638655,0.11000000,0.19292929,0E-8,0.000000,0.890756,0.000000,-0.09948171,2026-07-01,2026-07-23,5,9,7,23,0.217391,0.474042,0.561555,0.554622,,,,,,,,GLOBAL_BASELINE_NO_ENTITY_RANKING,,,NOT_APPLICABLE_GLOBAL_BASELINE,HF9g-P5,,,,X 全窗基线 · 不参与实体赏罚,6879934,688,A168_HF9F_20260827_0900,2026-08-27 09:00:00
2026-07-23,146467127,2287,0,7.7453334366,7.3580667648,7.3580667648,1.0000000,1,1,0.50665070000000000,0.506650700000,0.9867858985152569,0.9867858985152569,0.9867858985152569,0E-17,ELIGIBLE,R03b_20260811_FULL_v1,L1_ELIGIBILITY,v2026-08-11,2026-03-21..2026-08-06,baccarat_bet02_101_all_pairs_incl_sentinel,round_win = game_pnl > 0 (decisive only),COMPATIBILITY_ONLY_NOT_PRODUCTION,1536.1578,1368.3422,168.9774,81,78,-0.11000000,-0.19292929,-0.09344758,-0.11000000,-168.9774,1536.1578,OK,0.0000,6.7591,4.0000,96.0000,AG03-UNRESOLVED,ALL5_LEVELS_bet23_to_bet27,6.7591,6.7591,8.4489,8.4489,8.4489,4.000000,4.000000,5.000000,5.000000,5.000000,96.000000,96.000000,95.000000,95.000000,95.000000,5.0,38.8648,35.4587,130.1126,133.5186,PENDING_AG03,FALSE,NOT_FOR_ENFORCEMENT,162.2183,1313.6086,168.9774,162.2183,6.7591,0.11000000,0.10560000,6.7591,162.2183,0.10560000,6.7591,6.7591,8.4489,8.4489,8.4489,162.2183,0.10560000,38.8648,35.4587,130.1126,133.5186,0.08470000,0.08691725,0.00440000,18.9649,17.5428,2.1664,33.7955,18.7753,307.2316,15.6000,10.6498,22.4660,7.7453,12.9089,25.8178,25.8178,63.2535,121.0854,12.9089,-7.7453,4.899994,9.380006,1.469136,6,10,5,4,0.16638655,0.11000000,0.19292929,0E-8,0.000000,0.890756,0.000000,-0.09948171,2026-07-01,2026-07-23,5,9,7,23,0.217391,0.474042,0.561555,0.554622,,,,,,,,GLOBAL_BASELINE_NO_ENTITY_RANKING,,,NOT_APPLICABLE_GLOBAL_BASELINE,HF9g-P5,,,,X 全窗基线 · 不参与实体赏罚,6879935,688,A168_HF9F_20260827_0900,2026-08-27 09:00:00
2026-03-25,126744953,2246,0,372.5939384364,-293.5987571425,-293.5987571425,0E-7,5,5,0.49324550000000000,0.493245500000,-1.973162052426085,-1.973162052426085,-1.973162052426085,0E-17,ELIGIBLE,R03b_20260811_FULL_v1,L1_ELIGIBILITY,v2026-08-11,2026-03-21..2026-08-06,baccarat_bet02_101_all_pairs_incl_sentinel,round_win = game_pnl > 0 (decisive only),COMPATIBILITY_ONLY_NOT_PRODUCTION,1483.1476,1276.9031,167.2442,111,109,-0.11276299,,-0.11276299,-0.11276299,-167.2442,1483.1476,OK,0.0000,5.0173,3.0000,97.0000,AG03-UNRESOLVED,ALL5_LEVELS_bet23_to_bet27,5.0173,5.0173,5.0173,6.6898,8.3622,3.000000,3.000000,3.000000,4.000000,5.000000,97.000000,97.000000,97.000000,96.000000,95.000000,5.0,30.1039,28.0372,137.1402,139.207,PENDING_AG03,FALSE,NOT_FOR_ENFORCEMENT,162.2268,1238.5960,167.2442,162.2268,5.0173,0.11276299,0.10938010,5.0173,162.2268,0.10938010,5.0173,5.0173,5.0173,6.6898,8.3622,162.2268,0.10938010,30.1039,28.0372,137.1402,139.207,0.09246565,0.09385915,0.00338289,13.3617,11.7147,1.5344,33.4488,2.9341,296.6295,21.8000,,13.3617,5.2352,6.544,13.088,26.176,31.4111,108.2628,5.2352,0.0,4.8,16.543862,2.041827,27,41,4,3,0E-8,0.11276299,,0E-8,0.000000,0.860941,0.000000,,2026-03-25,2026-04-15,5,57,41,22,0.227273,,,0.000000,,,,,,,,GLOBAL_BASELINE_NO_ENTITY_RANKING,,,NOT_APPLICABLE_GLOBAL_BASELINE,HF9g-P5,,,,X 全窗基线 · 不参与实体赏罚,6879936,688,A168_HF9F_20260827_0900,2026-08-27 09:00:00
2026-03-26,126744953,986,0,55.2966269058,35.9428074888,35.9428074888,1.0000000,3,3,0.49771390000000000,0.497713900000,1.4206944795187548,1.420694479518755,1.4206944795187548,0E-17,ELIGIBLE,R03b_20260811_FULL_v1,L1_ELIGIBILITY,v2026-08-11,2026-03-21..2026-08-06,baccarat_bet02_101_all_pairs_incl_sentinel,round_win = game_pnl > 0 (decisive only),COMPATIBILITY_ONLY_NOT_PRODUCTION,1483.1476,1276.9031,167.2442,111,109,-0.11276299,,-0.11276299,-0.11276299,-167.2442,1483.1476,OK,0.0000,5.0173,3.0000,97.0000,AG03-UNRESOLVED,ALL5_LEVELS_bet23_to_bet27,5.0173,5.0173,5.0173,6.6898,8.3622,3.000000,3.000000,3.000000,4.000000,5.000000,97.000000,97.000000,97.000000,96.000000,95.000000,5.0,30.1039,28.0372,137.1402,139.207,PENDING_AG03,FALSE,NOT_FOR_ENFORCEMENT,162.2268,1238.5960,167.2442,162.2268,5.0173,0.11276299,0.10938010,5.0173,162.2268,0.10938010,5.0173,5.0173,5.0173,6.6898,8.3622,162.2268,0.10938010,30.1039,28.0372,137.1402,139.207,0.09246565,0.09385915,0.00338289,13.3617,11.7147,1.5344,33.4488,2.9341,296.6295,21.8000,,13.3617,5.2352,6.544,13.088,26.176,31.4111,108.2628,5.2352,0.0,4.8,16.543862,2.041827,27,41,4,3,0E-8,0.11276299,,0E-8,0.000000,0.860941,0.000000,,2026-03-25,2026-04-15,5,57,41,22,0.227273,,,0.000000,,,,,,,,GLOBAL_BASELINE_NO_ENTITY_RANKING,,,NOT_APPLICABLE_GLOBAL_BASELINE,HF9g-P5,,,,X 全窗基线 · 不参与实体赏罚,6879937,688,A168_HF9F_20260827_0900,2026-08-27 09:00:00
2026-03-27,126744953,2223,0,61.8795586803,28.7674118545,28.7674118545,1.0000000,2,2,0.50665070000000000,0.506650700000,0.9867858985152569,0.9867858985152569,0.9867858985152569,0E-17,ELIGIBLE,R03b_20260811_FULL_v1,L1_ELIGIBILITY,v2026-08-11,2026-03-21..2026-08-06,baccarat_bet02_101_all_pairs_incl_sentinel,round_win = game_pnl > 0 (decisive only),COMPATIBILITY_ONLY_NOT_PRODUCTION,1483.1476,1276.9031,167.2442,111,109,-0.11276299,,-0.11276299,-0.11276299,-167.2442,1483.1476,OK,0.0000,5.0173,3.0000,97.0000,AG03-UNRESOLVED,ALL5_LEVELS_bet23_to_bet27,5.0173,5.0173,5.0173,6.6898,8.3622,3.000000,3.000000,3.000000,4.000000,5.000000,97.000000,97.000000,97.000000,96.000000,95.000000,5.0,30.1039,28.0372,137.1402,139.207,PENDING_AG03,FALSE,NOT_FOR_ENFORCEMENT,162.2268,1238.5960,167.2442,162.2268,5.0173,0.11276299,0.10938010,5.0173,162.2268,0.10938010,5.0173,5.0173,5.0173,6.6898,8.3622,162.2268,0.10938010,30.1039,28.0372,137.1402,139.207,0.09246565,0.09385915,0.00338289,13.3617,11.7147,1.5344,33.4488,2.9341,296.6295,21.8000,,13.3617,5.2352,6.544,13.088,26.176,31.4111,108.2628,5.2352,0.0,4.8,16.543862,2.041827,27,41,4,3,0E-8,0.11276299,,0E-8,0.000000,0.860941,0.000000,,2026-03-25,2026-04-15,5,57,41,22,0.227273,,,0.000000,,,,,,,,GLOBAL_BASELINE_NO_ENTITY_RANKING,,,NOT_APPLICABLE_GLOBAL_BASELINE,HF9g-P5,,,,X 全窗基线 · 不参与实体赏罚,6879938,688,A168_HF9F_20260827_0900,2026-08-27 09:00:00
2026-04-11,126744953,-1,1,134.8061670552,43.8447242363,43.8447242363,0.5882353,20,20,0.49994810000000000,0.499948100000,0.728034857395022,0.728034857395022,0.728034857395022,0E-17,SENTINEL_DEALER,R03b_20260811_FULL_v1,L1_ELIGIBILITY,v2026-08-11,2026-03-21..2026-08-06,baccarat_bet02_101_all_pairs_incl_sentinel,round_win = game_pnl > 0 (decisive only),COMPATIBILITY_ONLY_NOT_PRODUCTION,1483.1476,1276.9031,167.2442,111,109,-0.11276299,,-0.11276299,-0.11276299,-167.2442,1483.1476,OK,0.0000,5.0173,3.0000,97.0000,AG03-UNRESOLVED,ALL5_LEVELS_bet23_to_bet27,5.0173,5.0173,5.0173,6.6898,8.3622,3.000000,3.000000,3.000000,4.000000,5.000000,97.000000,97.000000,97.000000,96.000000,95.000000,5.0,30.1039,28.0372,137.1402,139.207,PENDING_AG03,FALSE,NOT_FOR_ENFORCEMENT,162.2268,1238.5960,167.2442,162.2268,5.0173,0.11276299,0.10938010,5.0173,162.2268,0.10938010,5.0173,5.0173,5.0173,6.6898,8.3622,162.2268,0.10938010,30.1039,28.0372,137.1402,139.207,0.09246565,0.09385915,0.00338289,13.3617,11.7147,1.5344,33.4488,2.9341,296.6295,21.8000,,13.3617,5.2352,6.544,13.088,26.176,31.4111,108.2628,5.2352,0.0,4.8,16.543862,2.041827,27,41,4,3,0E-8,0.11276299,,0E-8,0.000000,0.860941,0.000000,,2026-03-25,2026-04-15,5,57,41,22,0.227273,,,0.000000,,,,,,,,GLOBAL_BASELINE_NO_ENTITY_RANKING,,,NOT_APPLICABLE_GLOBAL_BASELINE,HF9g-P5,,,,X 全窗基线 · 不参与实体赏罚,6879939,688,A168_HF9F_20260827_0900,2026-08-27 09:00:00
2026-04-11,126744953,1094,0,5.2351909536,5.2351909536,5.2351909536,1.0000000,1,1,0.49324550000000000,0.493245500000,1.01360149184955,1.01360149184955,1.01360149184955,0E-17,ELIGIBLE,R03b_20260811_FULL_v1,L1_ELIGIBILITY,v2026-08-11,2026-03-21..2026-08-06,baccarat_bet02_101_all_pairs_incl_sentinel,round_win = game_pnl > 0 (decisive only),COMPATIBILITY_ONLY_NOT_PRODUCTION,1483.1476,1276.9031,167.2442,111,109,-0.11276299,,-0.11276299,-0.11276299,-167.2442,1483.1476,OK,0.0000,5.0173,3.0000,97.0000,AG03-UNRESOLVED,ALL5_LEVELS_bet23_to_bet27,5.0173,5.0173,5.0173,6.6898,8.3622,3.000000,3.000000,3.000000,4.000000,5.000000,97.000000,97.000000,97.000000,96.000000,95.000000,5.0,30.1039,28.0372,137.1402,139.207,PENDING_AG03,FALSE,NOT_FOR_ENFORCEMENT,162.2268,1238.5960,167.2442,162.2268,5.0173,0.11276299,0.10938010,5.0173,162.2268,0.10938010,5.0173,5.0173,5.0173,6.6898,8.3622,162.2268,0.10938010,30.1039,28.0372,137.1402,139.207,0.09246565,0.09385915,0.00338289,13.3617,11.7147,1.5344,33.4488,2.9341,296.6295,21.8000,,13.3617,5.2352,6.544,13.088,26.176,31.4111,108.2628,5.2352,0.0,4.8,16.543862,2.041827,27,41,4,3,0E-8,0.11276299,,0E-8,0.000000,0.860941,0.000000,,2026-03-25,2026-04-15,5,57,41,22,0.227273,,,0.000000,,,,,,,,GLOBAL_BASELINE_NO_ENTITY_RANKING,,,NOT_APPLICABLE_GLOBAL_BASELINE,HF9g-P5,,,,X 全窗基线 · 不参与实体赏罚,6879940,688,A168_HF9F_20260827_0900,2026-08-27 09:00:00
2026-04-11,126744953,1150,0,10.4703819072,-10.4703819072,-10.4703819072,0E-7,2,2,0.49994810000000000,0.499948100000,-1.4140667746232096,-1.4140667746232096,-1.4140667746232096,0E-17,ELIGIBLE,R03b_20260811_FULL_v1,L1_ELIGIBILITY,v2026-08-11,2026-03-21..2026-08-06,baccarat_bet02_101_all_pairs_incl_sentinel,round_win = game_pnl > 0 (decisive only),COMPATIBILITY_ONLY_NOT_PRODUCTION,1483.1476,1276.9031,167.2442,111,109,-0.11276299,,-0.11276299,-0.11276299,-167.2442,1483.1476,OK,0.0000,5.0173,3.0000,97.0000,AG03-UNRESOLVED,ALL5_LEVELS_bet23_to_bet27,5.0173,5.0173,5.0173,6.6898,8.3622,3.000000,3.000000,3.000000,4.000000,5.000000,97.000000,97.000000,97.000000,96.000000,95.000000,5.0,30.1039,28.0372,137.1402,139.207,PENDING_AG03,FALSE,NOT_FOR_ENFORCEMENT,162.2268,1238.5960,167.2442,162.2268,5.0173,0.11276299,0.10938010,5.0173,162.2268,0.10938010,5.0173,5.0173,5.0173,6.6898,8.3622,162.2268,0.10938010,30.1039,28.0372,137.1402,139.207,0.09246565,0.09385915,0.00338289,13.3617,11.7147,1.5344,33.4488,2.9341,296.6295,21.8000,,13.3617,5.2352,6.544,13.088,26.176,31.4111,108.2628,5.2352,0.0,4.8,16.543862,2.041827,27,41,4,3,0E-8,0.11276299,,0E-8,0.000000,0.860941,0.000000,,2026-03-25,2026-04-15,5,57,41,22,0.227273,,,0.000000,,,,,,,,GLOBAL_BASELINE_NO_ENTITY_RANKING,,,NOT_APPLICABLE_GLOBAL_BASELINE,HF9g-P5,,,,X 全窗基线 · 不参与实体赏罚,6879941,688,A168_HF9F_20260827_0900,2026-08-27 09:00:00
2026-04-11,126744953,1205,0,15.7055728608,10.4703819072,10.4703819072,1.0000000,3,3,0.49771390000000000,0.497713900000,1.4206944795187548,1.420694479518755,1.4206944795187548,0E-17,ELIGIBLE,R03b_20260811_FULL_v1,L1_ELIGIBILITY,v2026-08-11,2026-03-21..2026-08-06,baccarat_bet02_101_all_pairs_incl_sentinel,round_win = game_pnl > 0 (decisive only),COMPATIBILITY_ONLY_NOT_PRODUCTION,1483.1476,1276.9031,167.2442,111,109,-0.11276299,,-0.11276299,-0.11276299,-167.2442,1483.1476,OK,0.0000,5.0173,3.0000,97.0000,AG03-UNRESOLVED,ALL5_LEVELS_bet23_to_bet27,5.0173,5.0173,5.0173,6.6898,8.3622,3.000000,3.000000,3.000000,4.000000,5.000000,97.000000,97.000000,97.000000,96.000000,95.000000,5.0,30.1039,28.0372,137.1402,139.207,PENDING_AG03,FALSE,NOT_FOR_ENFORCEMENT,162.2268,1238.5960,167.2442,162.2268,5.0173,0.11276299,0.10938010,5.0173,162.2268,0.10938010,5.0173,5.0173,5.0173,6.6898,8.3622,162.2268,0.10938010,30.1039,28.0372,137.1402,139.207,0.09246565,0.09385915,0.00338289,13.3617,11.7147,1.5344,33.4488,2.9341,296.6295,21.8000,,13.3617,5.2352,6.544,13.088,26.176,31.4111,108.2628,5.2352,0.0,4.8,16.543862,2.041827,27,41,4,3,0E-8,0.11276299,,0E-8,0.000000,0.860941,0.000000,,2026-03-25,2026-04-15,5,57,41,22,0.227273,,,0.000000,,,,,,,,GLOBAL_BASELINE_NO_ENTITY_RANKING,,,NOT_APPLICABLE_GLOBAL_BASELINE,HF9g-P5,,,,X 全窗基线 · 不参与实体赏罚,6879942,688,A168_HF9F_20260827_0900,2026-08-27 09:00:00
2026-04-11,126744953,1302,0,20.9407638144,0E-10,0E-10,0.5000000,4,4,0.49324550000000000,0.493245500000,0.027020465636507562,0.027020465636507562,0.027020465636507562,0E-17,ELIGIBLE,R03b_20260811_FULL_v1,L1_ELIGIBILITY,v2026-08-11,2026-03-21..2026-08-06,baccarat_bet02_101_all_pairs_incl_sentinel,round_win = game_pnl > 0 (decisive only),COMPATIBILITY_ONLY_NOT_PRODUCTION,1483.1476,1276.9031,167.2442,111,109,-0.11276299,,-0.11276299,-0.11276299,-167.2442,1483.1476,OK,0.0000,5.0173,3.0000,97.0000,AG03-UNRESOLVED,ALL5_LEVELS_bet23_to_bet27,5.0173,5.0173,5.0173,6.6898,8.3622,3.000000,3.000000,3.000000,4.000000,5.000000,97.000000,97.000000,97.000000,96.000000,95.000000,5.0,30.1039,28.0372,137.1402,139.207,PENDING_AG03,FALSE,NOT_FOR_ENFORCEMENT,162.2268,1238.5960,167.2442,162.2268,5.0173,0.11276299,0.10938010,5.0173,162.2268,0.10938010,5.0173,5.0173,5.0173,6.6898,8.3622,162.2268,0.10938010,30.1039,28.0372,137.1402,139.207,0.09246565,0.09385915,0.00338289,13.3617,11.7147,1.5344,33.4488,2.9341,296.6295,21.8000,,13.3617,5.2352,6.544,13.088,26.176,31.4111,108.2628,5.2352,0.0,4.8,16.543862,2.041827,27,41,4,3,0E-8,0.11276299,,0E-8,0.000000,0.860941,0.000000,,2026-03-25,2026-04-15,5,57,41,22,0.227273,,,0.000000,,,,,,,,GLOBAL_BASELINE_NO_ENTITY_RANKING,,,NOT_APPLICABLE_GLOBAL_BASELINE,HF9g-P5,,,,X 全窗基线 · 不参与实体赏罚,6879943,688,A168_HF9F_20260827_0900,2026-08-27 09:00:00
2026-04-11,126744953,1323,0,26.1759547680,0E-10,0E-10,0.5000000,2,2,0.49994810000000000,0.499948100000,0.00014679536856514622,0.00014679536856514622,0.00014679536856514622,0E-17,ELIGIBLE,R03b_20260811_FULL_v1,L1_ELIGIBILITY,v2026-08-11,2026-03-21..2026-08-06,baccarat_bet02_101_all_pairs_incl_sentinel,round_win = game_pnl > 0 (decisive only),COMPATIBILITY_ONLY_NOT_PRODUCTION,1483.1476,1276.9031,167.2442,111,109,-0.11276299,,-0.11276299,-0.11276299,-167.2442,1483.1476,OK,0.0000,5.0173,3.0000,97.0000,AG03-UNRESOLVED,ALL5_LEVELS_bet23_to_bet27,5.0173,5.0173,5.0173,6.6898,8.3622,3.000000,3.000000,3.000000,4.000000,5.000000,97.000000,97.000000,97.000000,96.000000,95.000000,5.0,30.1039,28.0372,137.1402,139.207,PENDING_AG03,FALSE,NOT_FOR_ENFORCEMENT,162.2268,1238.5960,167.2442,162.2268,5.0173,0.11276299,0.10938010,5.0173,162.2268,0.10938010,5.0173,5.0173,5.0173,6.6898,8.3622,162.2268,0.10938010,30.1039,28.0372,137.1402,139.207,0.09246565,0.09385915,0.00338289,13.3617,11.7147,1.5344,33.4488,2.9341,296.6295,21.8000,,13.3617,5.2352,6.544,13.088,26.176,31.4111,108.2628,5.2352,0.0,4.8,16.543862,2.041827,27,41,4,3,0E-8,0.11276299,,0E-8,0.000000,0.860941,0.000000,,2026-03-25,2026-04-15,5,57,41,22,0.227273,,,0.000000,,,,,,,,GLOBAL_BASELINE_NO_ENTITY_RANKING,,,NOT_APPLICABLE_GLOBAL_BASELINE,HF9g-P5,,,,X 全窗基线 · 不参与实体赏罚,6879944,688,A168_HF9F_20260827_0900,2026-08-27 09:00:00
2026-04-11,126744953,1645,0,41.8815276288,-10.7321414549,-10.7321414549,0.6666667,3,3,0.50218230000000000,0.502182300000,0.5697959874915163,0.5697959874915164,0.5697959874915163,0E-17,ELIGIBLE,R03b_20260811_FULL_v1,L1_ELIGIBILITY,v2026-08-11,2026-03-21..2026-08-06,baccarat_bet02_101_all_pairs_incl_sentinel,round_win = game_pnl > 0 (decisive only),COMPATIBILITY_ONLY_NOT_PRODUCTION,1483.1476,1276.9031,167.2442,111,109,-0.11276299,,-0.11276299,-0.11276299,-167.2442,1483.1476,OK,0.0000,5.0173,3.0000,97.0000,AG03-UNRESOLVED,ALL5_LEVELS_bet23_to_bet27,5.0173,5.0173,5.0173,6.6898,8.3622,3.000000,3.000000,3.000000,4.000000,5.000000,97.000000,97.000000,97.000000,96.000000,95.000000,5.0,30.1039,28.0372,137.1402,139.207,PENDING_AG03,FALSE,NOT_FOR_ENFORCEMENT,162.2268,1238.5960,167.2442,162.2268,5.0173,0.11276299,0.10938010,5.0173,162.2268,0.10938010,5.0173,5.0173,5.0173,6.6898,8.3622,162.2268,0.10938010,30.1039,28.0372,137.1402,139.207,0.09246565,0.09385915,0.00338289,13.3617,11.7147,1.5344,33.4488,2.9341,296.6295,21.8000,,13.3617,5.2352,6.544,13.088,26.176,31.4111,108.2628,5.2352,0.0,4.8,16.543862,2.041827,27,41,4,3,0E-8,0.11276299,,0E-8,0.000000,0.860941,0.000000,,2026-03-25,2026-04-15,5,57,41,22,0.227273,,,0.000000,,,,,,,,GLOBAL_BASELINE_NO_ENTITY_RANKING,,,NOT_APPLICABLE_GLOBAL_BASELINE,HF9g-P5,,,,X 全窗基线 · 不参与实体赏罚,6879945,688,A168_HF9F_20260827_0900,2026-08-27 09:00:00
2026-04-11,126744953,1750,0,13.0879773840,13.0879773840,13.0879773840,1.0000000,1,1,0.49324550000000000,0.493245500000,1.01360149184955,1.01360149184955,1.01360149184955,0E-17,ELIGIBLE,R03b_20260811_FULL_v1,L1_ELIGIBILITY,v2026-08-11,2026-03-21..2026-08-06,baccarat_bet02_101_all_pairs_incl_sentinel,round_win = game_pnl > 0 (decisive only),COMPATIBILITY_ONLY_NOT_PRODUCTION,1483.1476,1276.9031,167.2442,111,109,-0.11276299,,-0.11276299,-0.11276299,-167.2442,1483.1476,OK,0.0000,5.0173,3.0000,97.0000,AG03-UNRESOLVED,ALL5_LEVELS_bet23_to_bet27,5.0173,5.0173,5.0173,6.6898,8.3622,3.000000,3.000000,3.000000,4.000000,5.000000,97.000000,97.000000,97.000000,96.000000,95.000000,5.0,30.1039,28.0372,137.1402,139.207,PENDING_AG03,FALSE,NOT_FOR_ENFORCEMENT,162.2268,1238.5960,167.2442,162.2268,5.0173,0.11276299,0.10938010,5.0173,162.2268,0.10938010,5.0173,5.0173,5.0173,6.6898,8.3622,162.2268,0.10938010,30.1039,28.0372,137.1402,139.207,0.09246565,0.09385915,0.00338289,13.3617,11.7147,1.5344,33.4488,2.9341,296.6295,21.8000,,13.3617,5.2352,6.544,13.088,26.176,31.4111,108.2628,5.2352,0.0,4.8,16.543862,2.041827,27,41,4,3,0E-8,0.11276299,,0E-8,0.000000,0.860941,0.000000,,2026-03-25,2026-04-15,5,57,41,22,0.227273,,,0.000000,,,,,,,,GLOBAL_BASELINE_NO_ENTITY_RANKING,,,NOT_APPLICABLE_GLOBAL_BASELINE,HF9g-P5,,,,X 全窗基线 · 不参与实体赏罚,6879946,688,A168_HF9F_20260827_0900,2026-08-27 09:00:00
2026-04-11,126744953,1957,0,5.2351909536,5.2351909536,5.2351909536,1.0000000,1,1,0.49324550000000000,0.493245500000,1.01360149184955,1.01360149184955,1.01360149184955,0E-17,ELIGIBLE,R03b_20260811_FULL_v1,L1_ELIGIBILITY,v2026-08-11,2026-03-21..2026-08-06,baccarat_bet02_101_all_pairs_incl_sentinel,round_win = game_pnl > 0 (decisive only),COMPATIBILITY_ONLY_NOT_PRODUCTION,1483.1476,1276.9031,167.2442,111,109,-0.11276299,,-0.11276299,-0.11276299,-167.2442,1483.1476,OK,0.0000,5.0173,3.0000,97.0000,AG03-UNRESOLVED,ALL5_LEVELS_bet23_to_bet27,5.0173,5.0173,5.0173,6.6898,8.3622,3.000000,3.000000,3.000000,4.000000,5.000000,97.000000,97.000000,97.000000,96.000000,95.000000,5.0,30.1039,28.0372,137.1402,139.207,PENDING_AG03,FALSE,NOT_FOR_ENFORCEMENT,162.2268,1238.5960,167.2442,162.2268,5.0173,0.11276299,0.10938010,5.0173,162.2268,0.10938010,5.0173,5.0173,5.0173,6.6898,8.3622,162.2268,0.10938010,30.1039,28.0372,137.1402,139.207,0.09246565,0.09385915,0.00338289,13.3617,11.7147,1.5344,33.4488,2.9341,296.6295,21.8000,,13.3617,5.2352,6.544,13.088,26.176,31.4111,108.2628,5.2352,0.0,4.8,16.543862,2.041827,27,41,4,3,0E-8,0.11276299,,0E-8,0.000000,0.860941,0.000000,,2026-03-25,2026-04-15,5,57,41,22,0.227273,,,0.000000,,,,,,,,GLOBAL_BASELINE_NO_ENTITY_RANKING,,,NOT_APPLICABLE_GLOBAL_BASELINE,HF9g-P5,,,,X 全窗基线 · 不参与实体赏罚,6879947,688,A168_HF9F_20260827_0900,2026-08-27 09:00:00
2026-04-11,126744953,1963,0,5.2351909536,-5.2351909536,-5.2351909536,0E-7,1,1,0.49324550000000000,0.493245500000,-0.9865810262130424,-0.9865810262130424,-0.9865810262130424,0E-17,ELIGIBLE,R03b_20260811_FULL_v1,L1_ELIGIBILITY,v2026-08-11,2026-03-21..2026-08-06,baccarat_bet02_101_all_pairs_incl_sentinel,round_win = game_pnl > 0 (decisive only),COMPATIBILITY_ONLY_NOT_PRODUCTION,1483.1476,1276.9031,167.2442,111,109,-0.11276299,,-0.11276299,-0.11276299,-167.2442,1483.1476,OK,0.0000,5.0173,3.0000,97.0000,AG03-UNRESOLVED,ALL5_LEVELS_bet23_to_bet27,5.0173,5.0173,5.0173,6.6898,8.3622,3.000000,3.000000,3.000000,4.000000,5.000000,97.000000,97.000000,97.000000,96.000000,95.000000,5.0,30.1039,28.0372,137.1402,139.207,PENDING_AG03,FALSE,NOT_FOR_ENFORCEMENT,162.2268,1238.5960,167.2442,162.2268,5.0173,0.11276299,0.10938010,5.0173,162.2268,0.10938010,5.0173,5.0173,5.0173,6.6898,8.3622,162.2268,0.10938010,30.1039,28.0372,137.1402,139.207,0.09246565,0.09385915,0.00338289,13.3617,11.7147,1.5344,33.4488,2.9341,296.6295,21.8000,,13.3617,5.2352,6.544,13.088,26.176,31.4111,108.2628,5.2352,0.0,4.8,16.543862,2.041827,27,41,4,3,0E-8,0.11276299,,0E-8,0.000000,0.860941,0.000000,,2026-03-25,2026-04-15,5,57,41,22,0.227273,,,0.000000,,,,,,,,GLOBAL_BASELINE_NO_ENTITY_RANKING,,,NOT_APPLICABLE_GLOBAL_BASELINE,HF9g-P5,,,,X 全窗基线 · 不参与实体赏罚,6879948,688,A168_HF9F_20260827_0900,2026-08-27 09:00:00
2026-04-11,126744953,1985,0,30.1023479832,-17.0143705992,-17.0143705992,0.3333333,3,3,0.49771390000000000,0.497713900000,-0.5694369385616226,-0.5694369385616226,-0.5694369385616226,0E-17,ELIGIBLE,R03b_20260811_FULL_v1,L1_ELIGIBILITY,v2026-08-11,2026-03-21..2026-08-06,baccarat_bet02_101_all_pairs_incl_sentinel,round_win = game_pnl > 0 (decisive only),COMPATIBILITY_ONLY_NOT_PRODUCTION,1483.1476,1276.9031,167.2442,111,109,-0.11276299,,-0.11276299,-0.11276299,-167.2442,1483.1476,OK,0.0000,5.0173,3.0000,97.0000,AG03-UNRESOLVED,ALL5_LEVELS_bet23_to_bet27,5.0173,5.0173,5.0173,6.6898,8.3622,3.000000,3.000000,3.000000,4.000000,5.000000,97.000000,97.000000,97.000000,96.000000,95.000000,5.0,30.1039,28.0372,137.1402,139.207,PENDING_AG03,FALSE,NOT_FOR_ENFORCEMENT,162.2268,1238.5960,167.2442,162.2268,5.0173,0.11276299,0.10938010,5.0173,162.2268,0.10938010,5.0173,5.0173,5.0173,6.6898,8.3622,162.2268,0.10938010,30.1039,28.0372,137.1402,139.207,0.09246565,0.09385915,0.00338289,13.3617,11.7147,1.5344,33.4488,2.9341,296.6295,21.8000,,13.3617,5.2352,6.544,13.088,26.176,31.4111,108.2628,5.2352,0.0,4.8,16.543862,2.041827,27,41,4,3,0E-8,0.11276299,,0E-8,0.000000,0.860941,0.000000,,2026-03-25,2026-04-15,5,57,41,22,0.227273,,,0.000000,,,,,,,,GLOBAL_BASELINE_NO_ENTITY_RANKING,,,NOT_APPLICABLE_GLOBAL_BASELINE,HF9g-P5,,,,X 全窗基线 · 不参与实体赏罚,6879949,688,A168_HF9F_20260827_0900,2026-08-27 09:00:00
2026-04-11,126744953,2155,0,5.2351909536,-5.2351909536,-5.2351909536,0E-7,1,1,0.50665070000000000,0.506650700000,-1.013391052207602,-1.013391052207602,-1.013391052207602,0E-17,ELIGIBLE,R03b_20260811_FULL_v1,L1_ELIGIBILITY,v2026-08-11,2026-03-21..2026-08-06,baccarat_bet02_101_all_pairs_incl_sentinel,round_win = game_pnl > 0 (decisive only),COMPATIBILITY_ONLY_NOT_PRODUCTION,1483.1476,1276.9031,167.2442,111,109,-0.11276299,,-0.11276299,-0.11276299,-167.2442,1483.1476,OK,0.0000,5.0173,3.0000,97.0000,AG03-UNRESOLVED,ALL5_LEVELS_bet23_to_bet27,5.0173,5.0173,5.0173,6.6898,8.3622,3.000000,3.000000,3.000000,4.000000,5.000000,97.000000,97.000000,97.000000,96.000000,95.000000,5.0,30.1039,28.0372,137.1402,139.207,PENDING_AG03,FALSE,NOT_FOR_ENFORCEMENT,162.2268,1238.5960,167.2442,162.2268,5.0173,0.11276299,0.10938010,5.0173,162.2268,0.10938010,5.0173,5.0173,5.0173,6.6898,8.3622,162.2268,0.10938010,30.1039,28.0372,137.1402,139.207,0.09246565,0.09385915,0.00338289,13.3617,11.7147,1.5344,33.4488,2.9341,296.6295,21.8000,,13.3617,5.2352,6.544,13.088,26.176,31.4111,108.2628,5.2352,0.0,4.8,16.543862,2.041827,27,41,4,3,0E-8,0.11276299,,0E-8,0.000000,0.860941,0.000000,,2026-03-25,2026-04-15,5,57,41,22,0.227273,,,0.000000,,,,,,,,GLOBAL_BASELINE_NO_ENTITY_RANKING,,,NOT_APPLICABLE_GLOBAL_BASELINE,HF9g-P5,,,,X 全窗基线 · 不参与实体赏罚,6879950,688,A168_HF9F_20260827_0900,2026-08-27 09:00:00
2026-04-11,126744953,2156,0,5.2351909536,5.2351909536,5.2351909536,1.0000000,1,1,0.49324550000000000,0.493245500000,1.01360149184955,1.01360149184955,1.01360149184955,0E-17,ELIGIBLE,R03b_20260811_FULL_v1,L1_ELIGIBILITY,v2026-08-11,2026-03-21..2026-08-06,baccarat_bet02_101_all_pairs_incl_sentinel,round_win = game_pnl > 0 (decisive only),COMPATIBILITY_ONLY_NOT_PRODUCTION,1483.1476,1276.9031,167.2442,111,109,-0.11276299,,-0.11276299,-0.11276299,-167.2442,1483.1476,OK,0.0000,5.0173,3.0000,97.0000,AG03-UNRESOLVED,ALL5_LEVELS_bet23_to_bet27,5.0173,5.0173,5.0173,6.6898,8.3622,3.000000,3.000000,3.000000,4.000000,5.000000,97.000000,97.000000,97.000000,96.000000,95.000000,5.0,30.1039,28.0372,137.1402,139.207,PENDING_AG03,FALSE,NOT_FOR_ENFORCEMENT,162.2268,1238.5960,167.2442,162.2268,5.0173,0.11276299,0.10938010,5.0173,162.2268,0.10938010,5.0173,5.0173,5.0173,6.6898,8.3622,162.2268,0.10938010,30.1039,28.0372,137.1402,139.207,0.09246565,0.09385915,0.00338289,13.3617,11.7147,1.5344,33.4488,2.9341,296.6295,21.8000,,13.3617,5.2352,6.544,13.088,26.176,31.4111,108.2628,5.2352,0.0,4.8,16.543862,2.041827,27,41,4,3,0E-8,0.11276299,,0E-8,0.000000,0.860941,0.000000,,2026-03-25,2026-04-15,5,57,41,22,0.227273,,,0.000000,,,,,,,,GLOBAL_BASELINE_NO_ENTITY_RANKING,,,NOT_APPLICABLE_GLOBAL_BASELINE,HF9g-P5,,,,X 全窗基线 · 不参与实体赏罚,6879951,688,A168_HF9F_20260827_0900,2026-08-27 09:00:00
2026-04-11,126744953,2177,0,5.2351909536,-5.2351909536,-5.2351909536,0E-7,1,1,0.49324550000000000,0.493245500000,-0.9865810262130424,-0.9865810262130424,-0.9865810262130424,0E-17,ELIGIBLE,R03b_20260811_FULL_v1,L1_ELIGIBILITY,v2026-08-11,2026-03-21..2026-08-06,baccarat_bet02_101_all_pairs_incl_sentinel,round_win = game_pnl > 0 (decisive only),COMPATIBILITY_ONLY_NOT_PRODUCTION,1483.1476,1276.9031,167.2442,111,109,-0.11276299,,-0.11276299,-0.11276299,-167.2442,1483.1476,OK,0.0000,5.0173,3.0000,97.0000,AG03-UNRESOLVED,ALL5_LEVELS_bet23_to_bet27,5.0173,5.0173,5.0173,6.6898,8.3622,3.000000,3.000000,3.000000,4.000000,5.000000,97.000000,97.000000,97.000000,96.000000,95.000000,5.0,30.1039,28.0372,137.1402,139.207,PENDING_AG03,FALSE,NOT_FOR_ENFORCEMENT,162.2268,1238.5960,167.2442,162.2268,5.0173,0.11276299,0.10938010,5.0173,162.2268,0.10938010,5.0173,5.0173,5.0173,6.6898,8.3622,162.2268,0.10938010,30.1039,28.0372,137.1402,139.207,0.09246565,0.09385915,0.00338289,13.3617,11.7147,1.5344,33.4488,2.9341,296.6295,21.8000,,13.3617,5.2352,6.544,13.088,26.176,31.4111,108.2628,5.2352,0.0,4.8,16.543862,2.041827,27,41,4,3,0E-8,0.11276299,,0E-8,0.000000,0.860941,0.000000,,2026-03-25,2026-04-15,5,57,41,22,0.227273,,,0.000000,,,,,,,,GLOBAL_BASELINE_NO_ENTITY_RANKING,,,NOT_APPLICABLE_GLOBAL_BASELINE,HF9g-P5,,,,X 全窗基线 · 不参与实体赏罚,6879952,688,A168_HF9F_20260827_0900,2026-08-27 09:00:00
2026-04-11,126744953,2188,0,10.4703819072,-10.4703819072,-10.4703819072,0E-7,1,1,0.50665070000000000,0.506650700000,-1.013391052207602,-1.013391052207602,-1.013391052207602,0E-17,ELIGIBLE,R03b_20260811_FULL_v1,L1_ELIGIBILITY,v2026-08-11,2026-03-21..2026-08-06,baccarat_bet02_101_all_pairs_incl_sentinel,round_win = game_pnl > 0 (decisive only),COMPATIBILITY_ONLY_NOT_PRODUCTION,1483.1476,1276.9031,167.2442,111,109,-0.11276299,,-0.11276299,-0.11276299,-167.2442,1483.1476,OK,0.0000,5.0173,3.0000,97.0000,AG03-UNRESOLVED,ALL5_LEVELS_bet23_to_bet27,5.0173,5.0173,5.0173,6.6898,8.3622,3.000000,3.000000,3.000000,4.000000,5.000000,97.000000,97.000000,97.000000,96.000000,95.000000,5.0,30.1039,28.0372,137.1402,139.207,PENDING_AG03,FALSE,NOT_FOR_ENFORCEMENT,162.2268,1238.5960,167.2442,162.2268,5.0173,0.11276299,0.10938010,5.0173,162.2268,0.10938010,5.0173,5.0173,5.0173,6.6898,8.3622,162.2268,0.10938010,30.1039,28.0372,137.1402,139.207,0.09246565,0.09385915,0.00338289,13.3617,11.7147,1.5344,33.4488,2.9341,296.6295,21.8000,,13.3617,5.2352,6.544,13.088,26.176,31.4111,108.2628,5.2352,0.0,4.8,16.543862,2.041827,27,41,4,3,0E-8,0.11276299,,0E-8,0.000000,0.860941,0.000000,,2026-03-25,2026-04-15,5,57,41,22,0.227273,,,0.000000,,,,,,,,GLOBAL_BASELINE_NO_ENTITY_RANKING,,,NOT_APPLICABLE_GLOBAL_BASELINE,HF9g-P5,,,,X 全窗基线 · 不参与实体赏罚,6879953,688,A168_HF9F_20260827_0900,2026-08-27 09:00:00
2026-04-11,126744953,2196,0,49.7343140592,7.8527864304,7.8527864304,0.3333333,4,4,0.49659680000000000,0.496596800000,-0.5655743394288276,-0.5655743394288276,-0.5655743394288276,0E-17,ELIGIBLE,R03b_20260811_FULL_v1,L1_ELIGIBILITY,v2026-08-11,2026-03-21..2026-08-06,baccarat_bet02_101_all_pairs_incl_sentinel,round_win = game_pnl > 0 (decisive only),COMPATIBILITY_ONLY_NOT_PRODUCTION,1483.1476,1276.9031,167.2442,111,109,-0.11276299,,-0.11276299,-0.11276299,-167.2442,1483.1476,OK,0.0000,5.0173,3.0000,97.0000,AG03-UNRESOLVED,ALL5_LEVELS_bet23_to_bet27,5.0173,5.0173,5.0173,6.6898,8.3622,3.000000,3.000000,3.000000,4.000000,5.000000,97.000000,97.000000,97.000000,96.000000,95.000000,5.0,30.1039,28.0372,137.1402,139.207,PENDING_AG03,FALSE,NOT_FOR_ENFORCEMENT,162.2268,1238.5960,167.2442,162.2268,5.0173,0.11276299,0.10938010,5.0173,162.2268,0.10938010,5.0173,5.0173,5.0173,6.6898,8.3622,162.2268,0.10938010,30.1039,28.0372,137.1402,139.207,0.09246565,0.09385915,0.00338289,13.3617,11.7147,1.5344,33.4488,2.9341,296.6295,21.8000,,13.3617,5.2352,6.544,13.088,26.176,31.4111,108.2628,5.2352,0.0,4.8,16.543862,2.041827,27,41,4,3,0E-8,0.11276299,,0E-8,0.000000,0.860941,0.000000,,2026-03-25,2026-04-15,5,57,41,22,0.227273,,,0.000000,,,,,,,,GLOBAL_BASELINE_NO_ENTITY_RANKING,,,NOT_APPLICABLE_GLOBAL_BASELINE,HF9g-P5,,,,X 全窗基线 · 不参与实体赏罚,6879954,688,A168_HF9F_20260827_0900,2026-08-27 09:00:00
2026-04-11,126744953,2205,0,109.9390100256,24.9980368034,24.9980368034,0.6666667,11,9,0.48903562272727273,0.455654466667,1.0660426085588899,1.2710823036066243,1.0660426085588899,0.03338115606027273,ELIGIBLE,R03b_20260811_FULL_v1,L1_ELIGIBILITY,v2026-08-11,2026-03-21..2026-08-06,baccarat_bet02_101_all_pairs_incl_sentinel,round_win = game_pnl > 0 (decisive only),COMPATIBILITY_ONLY_NOT_PRODUCTION,1483.1476,1276.9031,167.2442,111,109,-0.11276299,,-0.11276299,-0.11276299,-167.2442,1483.1476,OK,0.0000,5.0173,3.0000,97.0000,AG03-UNRESOLVED,ALL5_LEVELS_bet23_to_bet27,5.0173,5.0173,5.0173,6.6898,8.3622,3.000000,3.000000,3.000000,4.000000,5.000000,97.000000,97.000000,97.000000,96.000000,95.000000,5.0,30.1039,28.0372,137.1402,139.207,PENDING_AG03,FALSE,NOT_FOR_ENFORCEMENT,162.2268,1238.5960,167.2442,162.2268,5.0173,0.11276299,0.10938010,5.0173,162.2268,0.10938010,5.0173,5.0173,5.0173,6.6898,8.3622,162.2268,0.10938010,30.1039,28.0372,137.1402,139.207,0.09246565,0.09385915,0.00338289,13.3617,11.7147,1.5344,33.4488,2.9341,296.6295,21.8000,,13.3617,5.2352,6.544,13.088,26.176,31.4111,108.2628,5.2352,0.0,4.8,16.543862,2.041827,27,41,4,3,0E-8,0.11276299,,0E-8,0.000000,0.860941,0.000000,,2026-03-25,2026-04-15,5,57,41,22,0.227273,,,0.000000,,,,,,,,GLOBAL_BASELINE_NO_ENTITY_RANKING,,,NOT_APPLICABLE_GLOBAL_BASELINE,HF9g-P5,,,,X 全窗基线 · 不参与实体赏罚,6879955,688,A168_HF9F_20260827_0900,2026-08-27 09:00:00
2026-04-11,126744953,2209,0,49.7343140592,-31.4111457216,-31.4111457216,0E-7,3,3,0.50665070000000000,0.506650700000,-1.4331513700195317,-1.4331513700195317,-1.4331513700195317,0E-17,ELIGIBLE,R03b_20260811_FULL_v1,L1_ELIGIBILITY,v2026-08-11,2026-03-21..2026-08-06,baccarat_bet02_101_all_pairs_incl_sentinel,round_win = game_pnl > 0 (decisive only),COMPATIBILITY_ONLY_NOT_PRODUCTION,1483.1476,1276.9031,167.2442,111,109,-0.11276299,,-0.11276299,-0.11276299,-167.2442,1483.1476,OK,0.0000,5.0173,3.0000,97.0000,AG03-UNRESOLVED,ALL5_LEVELS_bet23_to_bet27,5.0173,5.0173,5.0173,6.6898,8.3622,3.000000,3.000000,3.000000,4.000000,5.000000,97.000000,97.000000,97.000000,96.000000,95.000000,5.0,30.1039,28.0372,137.1402,139.207,PENDING_AG03,FALSE,NOT_FOR_ENFORCEMENT,162.2268,1238.5960,167.2442,162.2268,5.0173,0.11276299,0.10938010,5.0173,162.2268,0.10938010,5.0173,5.0173,5.0173,6.6898,8.3622,162.2268,0.10938010,30.1039,28.0372,137.1402,139.207,0.09246565,0.09385915,0.00338289,13.3617,11.7147,1.5344,33.4488,2.9341,296.6295,21.8000,,13.3617,5.2352,6.544,13.088,26.176,31.4111,108.2628,5.2352,0.0,4.8,16.543862,2.041827,27,41,4,3,0E-8,0.11276299,,0E-8,0.000000,0.860941,0.000000,,2026-03-25,2026-04-15,5,57,41,22,0.227273,,,0.000000,,,,,,,,GLOBAL_BASELINE_NO_ENTITY_RANKING,,,NOT_APPLICABLE_GLOBAL_BASELINE,HF9g-P5,,,,X 全窗基线 · 不参与实体赏罚,6879956,688,A168_HF9F_20260827_0900,2026-08-27 09:00:00
2026-04-11,126744953,2216,0,13.0879773840,12.4335785148,12.4335785148,1.0000000,1,1,0.50665070000000000,0.506650700000,0.9867858985152569,0.9867858985152569,0.9867858985152569,0E-17,ELIGIBLE,R03b_20260811_FULL_v1,L1_ELIGIBILITY,v2026-08-11,2026-03-21..2026-08-06,baccarat_bet02_101_all_pairs_incl_sentinel,round_win = game_pnl > 0 (decisive only),COMPATIBILITY_ONLY_NOT_PRODUCTION,1483.1476,1276.9031,167.2442,111,109,-0.11276299,,-0.11276299,-0.11276299,-167.2442,1483.1476,OK,0.0000,5.0173,3.0000,97.0000,AG03-UNRESOLVED,ALL5_LEVELS_bet23_to_bet27,5.0173,5.0173,5.0173,6.6898,8.3622,3.000000,3.000000,3.000000,4.000000,5.000000,97.000000,97.000000,97.000000,96.000000,95.000000,5.0,30.1039,28.0372,137.1402,139.207,PENDING_AG03,FALSE,NOT_FOR_ENFORCEMENT,162.2268,1238.5960,167.2442,162.2268,5.0173,0.11276299,0.10938010,5.0173,162.2268,0.10938010,5.0173,5.0173,5.0173,6.6898,8.3622,162.2268,0.10938010,30.1039,28.0372,137.1402,139.207,0.09246565,0.09385915,0.00338289,13.3617,11.7147,1.5344,33.4488,2.9341,296.6295,21.8000,,13.3617,5.2352,6.544,13.088,26.176,31.4111,108.2628,5.2352,0.0,4.8,16.543862,2.041827,27,41,4,3,0E-8,0.11276299,,0E-8,0.000000,0.860941,0.000000,,2026-03-25,2026-04-15,5,57,41,22,0.227273,,,0.000000,,,,,,,,GLOBAL_BASELINE_NO_ENTITY_RANKING,,,NOT_APPLICABLE_GLOBAL_BASELINE,HF9g-P5,,,,X 全窗基线 · 不参与实体赏罚,6879957,688,A168_HF9F_20260827_0900,2026-08-27 09:00:00
2026-04-11,126744953,2222,0,37.9551344136,-17.0143705992,-17.0143705992,0.2500000,5,5,0.50128862000000000,0.501288620000,-1.0051578182180947,-1.0051578182180947,-1.0051578182180947,0E-17,ELIGIBLE,R03b_20260811_FULL_v1,L1_ELIGIBILITY,v2026-08-11,2026-03-21..2026-08-06,baccarat_bet02_101_all_pairs_incl_sentinel,round_win = game_pnl > 0 (decisive only),COMPATIBILITY_ONLY_NOT_PRODUCTION,1483.1476,1276.9031,167.2442,111,109,-0.11276299,,-0.11276299,-0.11276299,-167.2442,1483.1476,OK,0.0000,5.0173,3.0000,97.0000,AG03-UNRESOLVED,ALL5_LEVELS_bet23_to_bet27,5.0173,5.0173,5.0173,6.6898,8.3622,3.000000,3.000000,3.000000,4.000000,5.000000,97.000000,97.000000,97.000000,96.000000,95.000000,5.0,30.1039,28.0372,137.1402,139.207,PENDING_AG03,FALSE,NOT_FOR_ENFORCEMENT,162.2268,1238.5960,167.2442,162.2268,5.0173,0.11276299,0.10938010,5.0173,162.2268,0.10938010,5.0173,5.0173,5.0173,6.6898,8.3622,162.2268,0.10938010,30.1039,28.0372,137.1402,139.207,0.09246565,0.09385915,0.00338289,13.3617,11.7147,1.5344,33.4488,2.9341,296.6295,21.8000,,13.3617,5.2352,6.544,13.088,26.176,31.4111,108.2628,5.2352,0.0,4.8,16.543862,2.041827,27,41,4,3,0E-8,0.11276299,,0E-8,0.000000,0.860941,0.000000,,2026-03-25,2026-04-15,5,57,41,22,0.227273,,,0.000000,,,,,,,,GLOBAL_BASELINE_NO_ENTITY_RANKING,,,NOT_APPLICABLE_GLOBAL_BASELINE,HF9g-P5,,,,X 全窗基线 · 不参与实体赏罚,6879958,688,A168_HF9F_20260827_0900,2026-08-27 09:00:00
2026-04-11,126744953,2229,0,13.0879773840,13.0879773840,13.0879773840,1.0000000,1,1,0.49324550000000000,0.493245500000,1.01360149184955,1.01360149184955,1.01360149184955,0E-17,ELIGIBLE,R03b_20260811_FULL_v1,L1_ELIGIBILITY,v2026-08-11,2026-03-21..2026-08-06,baccarat_bet02_101_all_pairs_incl_sentinel,round_win = game_pnl > 0 (decisive only),COMPATIBILITY_ONLY_NOT_PRODUCTION,1483.1476,1276.9031,167.2442,111,109,-0.11276299,,-0.11276299,-0.11276299,-167.2442,1483.1476,OK,0.0000,5.0173,3.0000,97.0000,AG03-UNRESOLVED,ALL5_LEVELS_bet23_to_bet27,5.0173,5.0173,5.0173,6.6898,8.3622,3.000000,3.000000,3.000000,4.000000,5.000000,97.000000,97.000000,97.000000,96.000000,95.000000,5.0,30.1039,28.0372,137.1402,139.207,PENDING_AG03,FALSE,NOT_FOR_ENFORCEMENT,162.2268,1238.5960,167.2442,162.2268,5.0173,0.11276299,0.10938010,5.0173,162.2268,0.10938010,5.0173,5.0173,5.0173,6.6898,8.3622,162.2268,0.10938010,30.1039,28.0372,137.1402,139.207,0.09246565,0.09385915,0.00338289,13.3617,11.7147,1.5344,33.4488,2.9341,296.6295,21.8000,,13.3617,5.2352,6.544,13.088,26.176,31.4111,108.2628,5.2352,0.0,4.8,16.543862,2.041827,27,41,4,3,0E-8,0.11276299,,0E-8,0.000000,0.860941,0.000000,,2026-03-25,2026-04-15,5,57,41,22,0.227273,,,0.000000,,,,,,,,GLOBAL_BASELINE_NO_ENTITY_RANKING,,,NOT_APPLICABLE_GLOBAL_BASELINE,HF9g-P5,,,,X 全窗基线 · 不参与实体赏罚,6879959,688,A168_HF9F_20260827_0900,2026-08-27 09:00:00
2026-04-11,126744953,2241,0,45.8079208440,-22.5767609874,-22.5767609874,0.5000000,4,4,0.49659680000000000,0.496596800000,0.013613115331600182,0.013613115331600183,0.013613115331600182,0E-17,ELIGIBLE,R03b_20260811_FULL_v1,L1_ELIGIBILITY,v2026-08-11,2026-03-21..2026-08-06,baccarat_bet02_101_all_pairs_incl_sentinel,round_win = game_pnl > 0 (decisive only),COMPATIBILITY_ONLY_NOT_PRODUCTION,1483.1476,1276.9031,167.2442,111,109,-0.11276299,,-0.11276299,-0.11276299,-167.2442,1483.1476,OK,0.0000,5.0173,3.0000,97.0000,AG03-UNRESOLVED,ALL5_LEVELS_bet23_to_bet27,5.0173,5.0173,5.0173,6.6898,8.3622,3.000000,3.000000,3.000000,4.000000,5.000000,97.000000,97.000000,97.000000,96.000000,95.000000,5.0,30.1039,28.0372,137.1402,139.207,PENDING_AG03,FALSE,NOT_FOR_ENFORCEMENT,162.2268,1238.5960,167.2442,162.2268,5.0173,0.11276299,0.10938010,5.0173,162.2268,0.10938010,5.0173,5.0173,5.0173,6.6898,8.3622,162.2268,0.10938010,30.1039,28.0372,137.1402,139.207,0.09246565,0.09385915,0.00338289,13.3617,11.7147,1.5344,33.4488,2.9341,296.6295,21.8000,,13.3617,5.2352,6.544,13.088,26.176,31.4111,108.2628,5.2352,0.0,4.8,16.543862,2.041827,27,41,4,3,0E-8,0.11276299,,0E-8,0.000000,0.860941,0.000000,,2026-03-25,2026-04-15,5,57,41,22,0.227273,,,0.000000,,,,,,,,GLOBAL_BASELINE_NO_ENTITY_RANKING,,,NOT_APPLICABLE_GLOBAL_BASELINE,HF9g-P5,,,,X 全窗基线 · 不参与实体赏罚,6879960,688,A168_HF9F_20260827_0900,2026-08-27 09:00:00
2026-04-11,126744953,471,0,31.4111457215,29.8405884355,29.8405884355,1.0000000,1,1,0.50665070000000000,0.506650700000,0.9867858985152569,0.9867858985152569,0.9867858985152569,0E-17,ELIGIBLE,R03b_20260811_FULL_v1,L1_ELIGIBILITY,v2026-08-11,2026-03-21..2026-08-06,baccarat_bet02_101_all_pairs_incl_sentinel,round_win = game_pnl > 0 (decisive only),COMPATIBILITY_ONLY_NOT_PRODUCTION,1483.1476,1276.9031,167.2442,111,109,-0.11276299,,-0.11276299,-0.11276299,-167.2442,1483.1476,OK,0.0000,5.0173,3.0000,97.0000,AG03-UNRESOLVED,ALL5_LEVELS_bet23_to_bet27,5.0173,5.0173,5.0173,6.6898,8.3622,3.000000,3.000000,3.000000,4.000000,5.000000,97.000000,97.000000,97.000000,96.000000,95.000000,5.0,30.1039,28.0372,137.1402,139.207,PENDING_AG03,FALSE,NOT_FOR_ENFORCEMENT,162.2268,1238.5960,167.2442,162.2268,5.0173,0.11276299,0.10938010,5.0173,162.2268,0.10938010,5.0173,5.0173,5.0173,6.6898,8.3622,162.2268,0.10938010,30.1039,28.0372,137.1402,139.207,0.09246565,0.09385915,0.00338289,13.3617,11.7147,1.5344,33.4488,2.9341,296.6295,21.8000,,13.3617,5.2352,6.544,13.088,26.176,31.4111,108.2628,5.2352,0.0,4.8,16.543862,2.041827,27,41,4,3,0E-8,0.11276299,,0E-8,0.000000,0.860941,0.000000,,2026-03-25,2026-04-15,5,57,41,22,0.227273,,,0.000000,,,,,,,,GLOBAL_BASELINE_NO_ENTITY_RANKING,,,NOT_APPLICABLE_GLOBAL_BASELINE,HF9g-P5,,,,X 全窗基线 · 不参与实体赏罚,6879961,688,A168_HF9F_20260827_0900,2026-08-27 09:00:00
2026-04-11,126744953,583,0,5.2351909536,4.9734314059,4.9734314059,1.0000000,1,1,0.50665070000000000,0.506650700000,0.9867858985152569,0.9867858985152569,0.9867858985152569,0E-17,ELIGIBLE,R03b_20260811_FULL_v1,L1_ELIGIBILITY,v2026-08-11,2026-03-21..2026-08-06,baccarat_bet02_101_all_pairs_incl_sentinel,round_win = game_pnl > 0 (decisive only),COMPATIBILITY_ONLY_NOT_PRODUCTION,1483.1476,1276.9031,167.2442,111,109,-0.11276299,,-0.11276299,-0.11276299,-167.2442,1483.1476,OK,0.0000,5.0173,3.0000,97.0000,AG03-UNRESOLVED,ALL5_LEVELS_bet23_to_bet27,5.0173,5.0173,5.0173,6.6898,8.3622,3.000000,3.000000,3.000000,4.000000,5.000000,97.000000,97.000000,97.000000,96.000000,95.000000,5.0,30.1039,28.0372,137.1402,139.207,PENDING_AG03,FALSE,NOT_FOR_ENFORCEMENT,162.2268,1238.5960,167.2442,162.2268,5.0173,0.11276299,0.10938010,5.0173,162.2268,0.10938010,5.0173,5.0173,5.0173,6.6898,8.3622,162.2268,0.10938010,30.1039,28.0372,137.1402,139.207,0.09246565,0.09385915,0.00338289,13.3617,11.7147,1.5344,33.4488,2.9341,296.6295,21.8000,,13.3617,5.2352,6.544,13.088,26.176,31.4111,108.2628,5.2352,0.0,4.8,16.543862,2.041827,27,41,4,3,0E-8,0.11276299,,0E-8,0.000000,0.860941,0.000000,,2026-03-25,2026-04-15,5,57,41,22,0.227273,,,0.000000,,,,,,,,GLOBAL_BASELINE_NO_ENTITY_RANKING,,,NOT_APPLICABLE_GLOBAL_BASELINE,HF9g-P5,,,,X 全窗基线 · 不参与实体赏罚,6879962,688,A168_HF9F_20260827_0900,2026-08-27 09:00:00
2026-04-11,126744953,948,0,26.1759547680,0E-10,0E-10,0.5000000,2,2,0.49994810000000000,0.499948100000,0.00014679536856514622,0.00014679536856514622,0.00014679536856514622,0E-17,ELIGIBLE,R03b_20260811_FULL_v1,L1_ELIGIBILITY,v2026-08-11,2026-03-21..2026-08-06,baccarat_bet02_101_all_pairs_incl_sentinel,round_win = game_pnl > 0 (decisive only),COMPATIBILITY_ONLY_NOT_PRODUCTION,1483.1476,1276.9031,167.2442,111,109,-0.11276299,,-0.11276299,-0.11276299,-167.2442,1483.1476,OK,0.0000,5.0173,3.0000,97.0000,AG03-UNRESOLVED,ALL5_LEVELS_bet23_to_bet27,5.0173,5.0173,5.0173,6.6898,8.3622,3.000000,3.000000,3.000000,4.000000,5.000000,97.000000,97.000000,97.000000,96.000000,95.000000,5.0,30.1039,28.0372,137.1402,139.207,PENDING_AG03,FALSE,NOT_FOR_ENFORCEMENT,162.2268,1238.5960,167.2442,162.2268,5.0173,0.11276299,0.10938010,5.0173,162.2268,0.10938010,5.0173,5.0173,5.0173,6.6898,8.3622,162.2268,0.10938010,30.1039,28.0372,137.1402,139.207,0.09246565,0.09385915,0.00338289,13.3617,11.7147,1.5344,33.4488,2.9341,296.6295,21.8000,,13.3617,5.2352,6.544,13.088,26.176,31.4111,108.2628,5.2352,0.0,4.8,16.543862,2.041827,27,41,4,3,0E-8,0.11276299,,0E-8,0.000000,0.860941,0.000000,,2026-03-25,2026-04-15,5,57,41,22,0.227273,,,0.000000,,,,,,,,GLOBAL_BASELINE_NO_ENTITY_RANKING,,,NOT_APPLICABLE_GLOBAL_BASELINE,HF9g-P5,,,,X 全窗基线 · 不参与实体赏罚,6879963,688,A168_HF9F_20260827_0900,2026-08-27 09:00:00
2026-04-11,126744953,970,0,68.0574823968,20.4172447190,20.4172447190,0.6000000,6,6,0.49994810000000000,0.499948100000,0.44744570176651083,0.44744570176651083,0.44744570176651083,0E-17,ELIGIBLE,R03b_20260811_FULL_v1,L1_ELIGIBILITY,v2026-08-11,2026-03-21..2026-08-06,baccarat_bet02_101_all_pairs_incl_sentinel,round_win = game_pnl > 0 (decisive only),COMPATIBILITY_ONLY_NOT_PRODUCTION,1483.1476,1276.9031,167.2442,111,109,-0.11276299,,-0.11276299,-0.11276299,-167.2442,1483.1476,OK,0.0000,5.0173,3.0000,97.0000,AG03-UNRESOLVED,ALL5_LEVELS_bet23_to_bet27,5.0173,5.0173,5.0173,6.6898,8.3622,3.000000,3.000000,3.000000,4.000000,5.000000,97.000000,97.000000,97.000000,96.000000,95.000000,5.0,30.1039,28.0372,137.1402,139.207,PENDING_AG03,FALSE,NOT_FOR_ENFORCEMENT,162.2268,1238.5960,167.2442,162.2268,5.0173,0.11276299,0.10938010,5.0173,162.2268,0.10938010,5.0173,5.0173,5.0173,6.6898,8.3622,162.2268,0.10938010,30.1039,28.0372,137.1402,139.207,0.09246565,0.09385915,0.00338289,13.3617,11.7147,1.5344,33.4488,2.9341,296.6295,21.8000,,13.3617,5.2352,6.544,13.088,26.176,31.4111,108.2628,5.2352,0.0,4.8,16.543862,2.041827,27,41,4,3,0E-8,0.11276299,,0E-8,0.000000,0.860941,0.000000,,2026-03-25,2026-04-15,5,57,41,22,0.227273,,,0.000000,,,,,,,,GLOBAL_BASELINE_NO_ENTITY_RANKING,,,NOT_APPLICABLE_GLOBAL_BASELINE,HF9g-P5,,,,X 全窗基线 · 不参与实体赏罚,6879964,688,A168_HF9F_20260827_0900,2026-08-27 09:00:00
2026-04-15,126744953,-1,1,35.3375389368,-9.8159830380,-9.8159830380,0.3333333,3,3,0.50665070000000000,0.506650700000,-0.6004420894325239,-0.6004420894325239,-0.6004420894325239,0E-17,SENTINEL_DEALER,R03b_20260811_FULL_v1,L1_ELIGIBILITY,v2026-08-11,2026-03-21..2026-08-06,baccarat_bet02_101_all_pairs_incl_sentinel,round_win = game_pnl > 0 (decisive only),COMPATIBILITY_ONLY_NOT_PRODUCTION,1483.1476,1276.9031,167.2442,111,109,-0.11276299,,-0.11276299,-0.11276299,-167.2442,1483.1476,OK,0.0000,5.0173,3.0000,97.0000,AG03-UNRESOLVED,ALL5_LEVELS_bet23_to_bet27,5.0173,5.0173,5.0173,6.6898,8.3622,3.000000,3.000000,3.000000,4.000000,5.000000,97.000000,97.000000,97.000000,96.000000,95.000000,5.0,30.1039,28.0372,137.1402,139.207,PENDING_AG03,FALSE,NOT_FOR_ENFORCEMENT,162.2268,1238.5960,167.2442,162.2268,5.0173,0.11276299,0.10938010,5.0173,162.2268,0.10938010,5.0173,5.0173,5.0173,6.6898,8.3622,162.2268,0.10938010,30.1039,28.0372,137.1402,139.207,0.09246565,0.09385915,0.00338289,13.3617,11.7147,1.5344,33.4488,2.9341,296.6295,21.8000,,13.3617,5.2352,6.544,13.088,26.176,31.4111,108.2628,5.2352,0.0,4.8,16.543862,2.041827,27,41,4,3,0E-8,0.11276299,,0E-8,0.000000,0.860941,0.000000,,2026-03-25,2026-04-15,5,57,41,22,0.227273,,,0.000000,,,,,,,,GLOBAL_BASELINE_NO_ENTITY_RANKING,,,NOT_APPLICABLE_GLOBAL_BASELINE,HF9g-P5,,,,X 全窗基线 · 不参与实体赏罚,6879965,688,A168_HF9F_20260827_0900,2026-08-27 09:00:00
2026-04-15,126744953,1114,0,10.4703819072,0E-10,0E-10,0.5000000,2,2,0.49324550000000000,0.493245500000,0.01910635448239258,0.01910635448239258,0.01910635448239258,0E-17,ELIGIBLE,R03b_20260811_FULL_v1,L1_ELIGIBILITY,v2026-08-11,2026-03-21..2026-08-06,baccarat_bet02_101_all_pairs_incl_sentinel,round_win = game_pnl > 0 (decisive only),COMPATIBILITY_ONLY_NOT_PRODUCTION,1483.1476,1276.9031,167.2442,111,109,-0.11276299,,-0.11276299,-0.11276299,-167.2442,1483.1476,OK,0.0000,5.0173,3.0000,97.0000,AG03-UNRESOLVED,ALL5_LEVELS_bet23_to_bet27,5.0173,5.0173,5.0173,6.6898,8.3622,3.000000,3.000000,3.000000,4.000000,5.000000,97.000000,97.000000,97.000000,96.000000,95.000000,5.0,30.1039,28.0372,137.1402,139.207,PENDING_AG03,FALSE,NOT_FOR_ENFORCEMENT,162.2268,1238.5960,167.2442,162.2268,5.0173,0.11276299,0.10938010,5.0173,162.2268,0.10938010,5.0173,5.0173,5.0173,6.6898,8.3622,162.2268,0.10938010,30.1039,28.0372,137.1402,139.207,0.09246565,0.09385915,0.00338289,13.3617,11.7147,1.5344,33.4488,2.9341,296.6295,21.8000,,13.3617,5.2352,6.544,13.088,26.176,31.4111,108.2628,5.2352,0.0,4.8,16.543862,2.041827,27,41,4,3,0E-8,0.11276299,,0E-8,0.000000,0.860941,0.000000,,2026-03-25,2026-04-15,5,57,41,22,0.227273,,,0.000000,,,,,,,,GLOBAL_BASELINE_NO_ENTITY_RANKING,,,NOT_APPLICABLE_GLOBAL_BASELINE,HF9g-P5,,,,X 全窗基线 · 不参与实体赏罚,6879966,688,A168_HF9F_20260827_0900,2026-08-27 09:00:00
2026-04-15,126744953,1304,0,13.0879773840,-13.0879773840,-13.0879773840,0E-7,1,1,0.50665070000000000,0.506650700000,-1.013391052207602,-1.013391052207602,-1.013391052207602,0E-17,ELIGIBLE,R03b_20260811_FULL_v1,L1_ELIGIBILITY,v2026-08-11,2026-03-21..2026-08-06,baccarat_bet02_101_all_pairs_incl_sentinel,round_win = game_pnl > 0 (decisive only),COMPATIBILITY_ONLY_NOT_PRODUCTION,1483.1476,1276.9031,167.2442,111,109,-0.11276299,,-0.11276299,-0.11276299,-167.2442,1483.1476,OK,0.0000,5.0173,3.0000,97.0000,AG03-UNRESOLVED,ALL5_LEVELS_bet23_to_bet27,5.0173,5.0173,5.0173,6.6898,8.3622,3.000000,3.000000,3.000000,4.000000,5.000000,97.000000,97.000000,97.000000,96.000000,95.000000,5.0,30.1039,28.0372,137.1402,139.207,PENDING_AG03,FALSE,NOT_FOR_ENFORCEMENT,162.2268,1238.5960,167.2442,162.2268,5.0173,0.11276299,0.10938010,5.0173,162.2268,0.10938010,5.0173,5.0173,5.0173,6.6898,8.3622,162.2268,0.10938010,30.1039,28.0372,137.1402,139.207,0.09246565,0.09385915,0.00338289,13.3617,11.7147,1.5344,33.4488,2.9341,296.6295,21.8000,,13.3617,5.2352,6.544,13.088,26.176,31.4111,108.2628,5.2352,0.0,4.8,16.543862,2.041827,27,41,4,3,0E-8,0.11276299,,0E-8,0.000000,0.860941,0.000000,,2026-03-25,2026-04-15,5,57,41,22,0.227273,,,0.000000,,,,,,,,GLOBAL_BASELINE_NO_ENTITY_RANKING,,,NOT_APPLICABLE_GLOBAL_BASELINE,HF9g-P5,,,,X 全窗基线 · 不参与实体赏罚,6879967,688,A168_HF9F_20260827_0900,2026-08-27 09:00:00
2026-04-15,126744953,1325,0,13.0879773840,12.4335785148,12.4335785148,1.0000000,1,1,0.50665070000000000,0.506650700000,0.9867858985152569,0.9867858985152569,0.9867858985152569,0E-17,ELIGIBLE,R03b_20260811_FULL_v1,L1_ELIGIBILITY,v2026-08-11,2026-03-21..2026-08-06,baccarat_bet02_101_all_pairs_incl_sentinel,round_win = game_pnl > 0 (decisive only),COMPATIBILITY_ONLY_NOT_PRODUCTION,1483.1476,1276.9031,167.2442,111,109,-0.11276299,,-0.11276299,-0.11276299,-167.2442,1483.1476,OK,0.0000,5.0173,3.0000,97.0000,AG03-UNRESOLVED,ALL5_LEVELS_bet23_to_bet27,5.0173,5.0173,5.0173,6.6898,8.3622,3.000000,3.000000,3.000000,4.000000,5.000000,97.000000,97.000000,97.000000,96.000000,95.000000,5.0,30.1039,28.0372,137.1402,139.207,PENDING_AG03,FALSE,NOT_FOR_ENFORCEMENT,162.2268,1238.5960,167.2442,162.2268,5.0173,0.11276299,0.10938010,5.0173,162.2268,0.10938010,5.0173,5.0173,5.0173,6.6898,8.3622,162.2268,0.10938010,30.1039,28.0372,137.1402,139.207,0.09246565,0.09385915,0.00338289,13.3617,11.7147,1.5344,33.4488,2.9341,296.6295,21.8000,,13.3617,5.2352,6.544,13.088,26.176,31.4111,108.2628,5.2352,0.0,4.8,16.543862,2.041827,27,41,4,3,0E-8,0.11276299,,0E-8,0.000000,0.860941,0.000000,,2026-03-25,2026-04-15,5,57,41,22,0.227273,,,0.000000,,,,,,,,GLOBAL_BASELINE_NO_ENTITY_RANKING,,,NOT_APPLICABLE_GLOBAL_BASELINE,HF9g-P5,,,,X 全窗基线 · 不参与实体赏罚,6879968,688,A168_HF9F_20260827_0900,2026-08-27 09:00:00
2026-04-15,126744953,1384,0,7.8527864304,-7.8527864304,-7.8527864304,0E-7,1,1,0.50665070000000000,0.506650700000,-1.013391052207602,-1.013391052207602,-1.013391052207602,0E-17,ELIGIBLE,R03b_20260811_FULL_v1,L1_ELIGIBILITY,v2026-08-11,2026-03-21..2026-08-06,baccarat_bet02_101_all_pairs_incl_sentinel,round_win = game_pnl > 0 (decisive only),COMPATIBILITY_ONLY_NOT_PRODUCTION,1483.1476,1276.9031,167.2442,111,109,-0.11276299,,-0.11276299,-0.11276299,-167.2442,1483.1476,OK,0.0000,5.0173,3.0000,97.0000,AG03-UNRESOLVED,ALL5_LEVELS_bet23_to_bet27,5.0173,5.0173,5.0173,6.6898,8.3622,3.000000,3.000000,3.000000,4.000000,5.000000,97.000000,97.000000,97.000000,96.000000,95.000000,5.0,30.1039,28.0372,137.1402,139.207,PENDING_AG03,FALSE,NOT_FOR_ENFORCEMENT,162.2268,1238.5960,167.2442,162.2268,5.0173,0.11276299,0.10938010,5.0173,162.2268,0.10938010,5.0173,5.0173,5.0173,6.6898,8.3622,162.2268,0.10938010,30.1039,28.0372,137.1402,139.207,0.09246565,0.09385915,0.00338289,13.3617,11.7147,1.5344,33.4488,2.9341,296.6295,21.8000,,13.3617,5.2352,6.544,13.088,26.176,31.4111,108.2628,5.2352,0.0,4.8,16.543862,2.041827,27,41,4,3,0E-8,0.11276299,,0E-8,0.000000,0.860941,0.000000,,2026-03-25,2026-04-15,5,57,41,22,0.227273,,,0.000000,,,,,,,,GLOBAL_BASELINE_NO_ENTITY_RANKING,,,NOT_APPLICABLE_GLOBAL_BASELINE,HF9g-P5,,,,X 全窗基线 · 不参与实体赏罚,6879969,688,A168_HF9F_20260827_0900,2026-08-27 09:00:00
2026-04-15,126744953,1399,0,15.7055728608,14.9202942177,14.9202942177,1.0000000,1,1,0.50665070000000000,0.506650700000,0.9867858985152569,0.9867858985152569,0.9867858985152569,0E-17,ELIGIBLE,R03b_20260811_FULL_v1,L1_ELIGIBILITY,v2026-08-11,2026-03-21..2026-08-06,baccarat_bet02_101_all_pairs_incl_sentinel,round_win = game_pnl > 0 (decisive only),COMPATIBILITY_ONLY_NOT_PRODUCTION,1483.1476,1276.9031,167.2442,111,109,-0.11276299,,-0.11276299,-0.11276299,-167.2442,1483.1476,OK,0.0000,5.0173,3.0000,97.0000,AG03-UNRESOLVED,ALL5_LEVELS_bet23_to_bet27,5.0173,5.0173,5.0173,6.6898,8.3622,3.000000,3.000000,3.000000,4.000000,5.000000,97.000000,97.000000,97.000000,96.000000,95.000000,5.0,30.1039,28.0372,137.1402,139.207,PENDING_AG03,FALSE,NOT_FOR_ENFORCEMENT,162.2268,1238.5960,167.2442,162.2268,5.0173,0.11276299,0.10938010,5.0173,162.2268,0.10938010,5.0173,5.0173,5.0173,6.6898,8.3622,162.2268,0.10938010,30.1039,28.0372,137.1402,139.207,0.09246565,0.09385915,0.00338289,13.3617,11.7147,1.5344,33.4488,2.9341,296.6295,21.8000,,13.3617,5.2352,6.544,13.088,26.176,31.4111,108.2628,5.2352,0.0,4.8,16.543862,2.041827,27,41,4,3,0E-8,0.11276299,,0E-8,0.000000,0.860941,0.000000,,2026-03-25,2026-04-15,5,57,41,22,0.227273,,,0.000000,,,,,,,,GLOBAL_BASELINE_NO_ENTITY_RANKING,,,NOT_APPLICABLE_GLOBAL_BASELINE,HF9g-P5,,,,X 全窗基线 · 不参与实体赏罚,6879970,688,A168_HF9F_20260827_0900,2026-08-27 09:00:00
2026-04-15,126744953,1507,0,26.1759547680,24.8671570296,24.8671570296,1.0000000,1,1,0.50665070000000000,0.506650700000,0.9867858985152569,0.9867858985152569,0.9867858985152569,0E-17,ELIGIBLE,R03b_20260811_FULL_v1,L1_ELIGIBILITY,v2026-08-11,2026-03-21..2026-08-06,baccarat_bet02_101_all_pairs_incl_sentinel,round_win = game_pnl > 0 (decisive only),COMPATIBILITY_ONLY_NOT_PRODUCTION,1483.1476,1276.9031,167.2442,111,109,-0.11276299,,-0.11276299,-0.11276299,-167.2442,1483.1476,OK,0.0000,5.0173,3.0000,97.0000,AG03-UNRESOLVED,ALL5_LEVELS_bet23_to_bet27,5.0173,5.0173,5.0173,6.6898,8.3622,3.000000,3.000000,3.000000,4.000000,5.000000,97.000000,97.000000,97.000000,96.000000,95.000000,5.0,30.1039,28.0372,137.1402,139.207,PENDING_AG03,FALSE,NOT_FOR_ENFORCEMENT,162.2268,1238.5960,167.2442,162.2268,5.0173,0.11276299,0.10938010,5.0173,162.2268,0.10938010,5.0173,5.0173,5.0173,6.6898,8.3622,162.2268,0.10938010,30.1039,28.0372,137.1402,139.207,0.09246565,0.09385915,0.00338289,13.3617,11.7147,1.5344,33.4488,2.9341,296.6295,21.8000,,13.3617,5.2352,6.544,13.088,26.176,31.4111,108.2628,5.2352,0.0,4.8,16.543862,2.041827,27,41,4,3,0E-8,0.11276299,,0E-8,0.000000,0.860941,0.000000,,2026-03-25,2026-04-15,5,57,41,22,0.227273,,,0.000000,,,,,,,,GLOBAL_BASELINE_NO_ENTITY_RANKING,,,NOT_APPLICABLE_GLOBAL_BASELINE,HF9g-P5,,,,X 全窗基线 · 不参与实体赏罚,6879971,688,A168_HF9F_20260827_0900,2026-08-27 09:00:00
2026-04-15,126744953,1714,0,5.2351909536,-5.2351909536,-5.2351909536,0E-7,1,1,0.49324550000000000,0.493245500000,-0.9865810262130424,-0.9865810262130424,-0.9865810262130424,0E-17,ELIGIBLE,R03b_20260811_FULL_v1,L1_ELIGIBILITY,v2026-08-11,2026-03-21..2026-08-06,baccarat_bet02_101_all_pairs_incl_sentinel,round_win = game_pnl > 0 (decisive only),COMPATIBILITY_ONLY_NOT_PRODUCTION,1483.1476,1276.9031,167.2442,111,109,-0.11276299,,-0.11276299,-0.11276299,-167.2442,1483.1476,OK,0.0000,5.0173,3.0000,97.0000,AG03-UNRESOLVED,ALL5_LEVELS_bet23_to_bet27,5.0173,5.0173,5.0173,6.6898,8.3622,3.000000,3.000000,3.000000,4.000000,5.000000,97.000000,97.000000,97.000000,96.000000,95.000000,5.0,30.1039,28.0372,137.1402,139.207,PENDING_AG03,FALSE,NOT_FOR_ENFORCEMENT,162.2268,1238.5960,167.2442,162.2268,5.0173,0.11276299,0.10938010,5.0173,162.2268,0.10938010,5.0173,5.0173,5.0173,6.6898,8.3622,162.2268,0.10938010,30.1039,28.0372,137.1402,139.207,0.09246565,0.09385915,0.00338289,13.3617,11.7147,1.5344,33.4488,2.9341,296.6295,21.8000,,13.3617,5.2352,6.544,13.088,26.176,31.4111,108.2628,5.2352,0.0,4.8,16.543862,2.041827,27,41,4,3,0E-8,0.11276299,,0E-8,0.000000,0.860941,0.000000,,2026-03-25,2026-04-15,5,57,41,22,0.227273,,,0.000000,,,,,,,,GLOBAL_BASELINE_NO_ENTITY_RANKING,,,NOT_APPLICABLE_GLOBAL_BASELINE,HF9g-P5,,,,X 全窗基线 · 不参与实体赏罚,6879972,688,A168_HF9F_20260827_0900,2026-08-27 09:00:00
2026-04-15,126744953,2081,0,13.0879773840,-13.0879773840,-13.0879773840,0E-7,1,1,0.49324550000000000,0.493245500000,-0.9865810262130424,-0.9865810262130424,-0.9865810262130424,0E-17,ELIGIBLE,R03b_20260811_FULL_v1,L1_ELIGIBILITY,v2026-08-11,2026-03-21..2026-08-06,baccarat_bet02_101_all_pairs_incl_sentinel,round_win = game_pnl > 0 (decisive only),COMPATIBILITY_ONLY_NOT_PRODUCTION,1483.1476,1276.9031,167.2442,111,109,-0.11276299,,-0.11276299,-0.11276299,-167.2442,1483.1476,OK,0.0000,5.0173,3.0000,97.0000,AG03-UNRESOLVED,ALL5_LEVELS_bet23_to_bet27,5.0173,5.0173,5.0173,6.6898,8.3622,3.000000,3.000000,3.000000,4.000000,5.000000,97.000000,97.000000,97.000000,96.000000,95.000000,5.0,30.1039,28.0372,137.1402,139.207,PENDING_AG03,FALSE,NOT_FOR_ENFORCEMENT,162.2268,1238.5960,167.2442,162.2268,5.0173,0.11276299,0.10938010,5.0173,162.2268,0.10938010,5.0173,5.0173,5.0173,6.6898,8.3622,162.2268,0.10938010,30.1039,28.0372,137.1402,139.207,0.09246565,0.09385915,0.00338289,13.3617,11.7147,1.5344,33.4488,2.9341,296.6295,21.8000,,13.3617,5.2352,6.544,13.088,26.176,31.4111,108.2628,5.2352,0.0,4.8,16.543862,2.041827,27,41,4,3,0E-8,0.11276299,,0E-8,0.000000,0.860941,0.000000,,2026-03-25,2026-04-15,5,57,41,22,0.227273,,,0.000000,,,,,,,,GLOBAL_BASELINE_NO_ENTITY_RANKING,,,NOT_APPLICABLE_GLOBAL_BASELINE,HF9g-P5,,,,X 全窗基线 · 不参与实体赏罚,6879973,688,A168_HF9F_20260827_0900,2026-08-27 09:00:00
2026-04-15,126744953,2233,0,11.7791796456,4.9734314059,4.9734314059,1.0000000,2,2,0.49994810000000000,0.499948100000,1.0001038053877793,1.0001038053877793,1.0001038053877793,0E-17,ELIGIBLE,R03b_20260811_FULL_v1,L1_ELIGIBILITY,v2026-08-11,2026-03-21..2026-08-06,baccarat_bet02_101_all_pairs_incl_sentinel,round_win = game_pnl > 0 (decisive only),COMPATIBILITY_ONLY_NOT_PRODUCTION,1483.1476,1276.9031,167.2442,111,109,-0.11276299,,-0.11276299,-0.11276299,-167.2442,1483.1476,OK,0.0000,5.0173,3.0000,97.0000,AG03-UNRESOLVED,ALL5_LEVELS_bet23_to_bet27,5.0173,5.0173,5.0173,6.6898,8.3622,3.000000,3.000000,3.000000,4.000000,5.000000,97.000000,97.000000,97.000000,96.000000,95.000000,5.0,30.1039,28.0372,137.1402,139.207,PENDING_AG03,FALSE,NOT_FOR_ENFORCEMENT,162.2268,1238.5960,167.2442,162.2268,5.0173,0.11276299,0.10938010,5.0173,162.2268,0.10938010,5.0173,5.0173,5.0173,6.6898,8.3622,162.2268,0.10938010,30.1039,28.0372,137.1402,139.207,0.09246565,0.09385915,0.00338289,13.3617,11.7147,1.5344,33.4488,2.9341,296.6295,21.8000,,13.3617,5.2352,6.544,13.088,26.176,31.4111,108.2628,5.2352,0.0,4.8,16.543862,2.041827,27,41,4,3,0E-8,0.11276299,,0E-8,0.000000,0.860941,0.000000,,2026-03-25,2026-04-15,5,57,41,22,0.227273,,,0.000000,,,,,,,,GLOBAL_BASELINE_NO_ENTITY_RANKING,,,NOT_APPLICABLE_GLOBAL_BASELINE,HF9g-P5,,,,X 全窗基线 · 不参与实体赏罚,6879974,688,A168_HF9F_20260827_0900,2026-08-27 09:00:00
2026-04-15,126744953,2248,0,11.7791796456,11.1902206633,11.1902206633,1.0000000,1,1,0.50665070000000000,0.506650700000,0.9867858985152569,0.9867858985152569,0.9867858985152569,0E-17,ELIGIBLE,R03b_20260811_FULL_v1,L1_ELIGIBILITY,v2026-08-11,2026-03-21..2026-08-06,baccarat_bet02_101_all_pairs_incl_sentinel,round_win = game_pnl > 0 (decisive only),COMPATIBILITY_ONLY_NOT_PRODUCTION,1483.1476,1276.9031,167.2442,111,109,-0.11276299,,-0.11276299,-0.11276299,-167.2442,1483.1476,OK,0.0000,5.0173,3.0000,97.0000,AG03-UNRESOLVED,ALL5_LEVELS_bet23_to_bet27,5.0173,5.0173,5.0173,6.6898,8.3622,3.000000,3.000000,3.000000,4.000000,5.000000,97.000000,97.000000,97.000000,96.000000,95.000000,5.0,30.1039,28.0372,137.1402,139.207,PENDING_AG03,FALSE,NOT_FOR_ENFORCEMENT,162.2268,1238.5960,167.2442,162.2268,5.0173,0.11276299,0.10938010,5.0173,162.2268,0.10938010,5.0173,5.0173,5.0173,6.6898,8.3622,162.2268,0.10938010,30.1039,28.0372,137.1402,139.207,0.09246565,0.09385915,0.00338289,13.3617,11.7147,1.5344,33.4488,2.9341,296.6295,21.8000,,13.3617,5.2352,6.544,13.088,26.176,31.4111,108.2628,5.2352,0.0,4.8,16.543862,2.041827,27,41,4,3,0E-8,0.11276299,,0E-8,0.000000,0.860941,0.000000,,2026-03-25,2026-04-15,5,57,41,22,0.227273,,,0.000000,,,,,,,,GLOBAL_BASELINE_NO_ENTITY_RANKING,,,NOT_APPLICABLE_GLOBAL_BASELINE,HF9g-P5,,,,X 全窗基线 · 不参与实体赏罚,6879975,688,A168_HF9F_20260827_0900,2026-08-27 09:00:00
2026-04-15,126744953,763,0,13.0879773840,12.4335785148,12.4335785148,1.0000000,1,1,0.50665070000000000,0.506650700000,0.9867858985152569,0.9867858985152569,0.9867858985152569,0E-17,ELIGIBLE,R03b_20260811_FULL_v1,L1_ELIGIBILITY,v2026-08-11,2026-03-21..2026-08-06,baccarat_bet02_101_all_pairs_incl_sentinel,round_win = game_pnl > 0 (decisive only),COMPATIBILITY_ONLY_NOT_PRODUCTION,1483.1476,1276.9031,167.2442,111,109,-0.11276299,,-0.11276299,-0.11276299,-167.2442,1483.1476,OK,0.0000,5.0173,3.0000,97.0000,AG03-UNRESOLVED,ALL5_LEVELS_bet23_to_bet27,5.0173,5.0173,5.0173,6.6898,8.3622,3.000000,3.000000,3.000000,4.000000,5.000000,97.000000,97.000000,97.000000,96.000000,95.000000,5.0,30.1039,28.0372,137.1402,139.207,PENDING_AG03,FALSE,NOT_FOR_ENFORCEMENT,162.2268,1238.5960,167.2442,162.2268,5.0173,0.11276299,0.10938010,5.0173,162.2268,0.10938010,5.0173,5.0173,5.0173,6.6898,8.3622,162.2268,0.10938010,30.1039,28.0372,137.1402,139.207,0.09246565,0.09385915,0.00338289,13.3617,11.7147,1.5344,33.4488,2.9341,296.6295,21.8000,,13.3617,5.2352,6.544,13.088,26.176,31.4111,108.2628,5.2352,0.0,4.8,16.543862,2.041827,27,41,4,3,0E-8,0.11276299,,0E-8,0.000000,0.860941,0.000000,,2026-03-25,2026-04-15,5,57,41,22,0.227273,,,0.000000,,,,,,,,GLOBAL_BASELINE_NO_ENTITY_RANKING,,,NOT_APPLICABLE_GLOBAL_BASELINE,HF9g-P5,,,,X 全窗基线 · 不参与实体赏罚,6879976,688,A168_HF9F_20260827_0900,2026-08-27 09:00:00
2026-04-15,126744953,994,0,31.4111457215,-31.4111457215,-31.4111457215,0E-7,1,1,0.50665070000000000,0.506650700000,-1.013391052207602,-1.013391052207602,-1.013391052207602,0E-17,ELIGIBLE,R03b_20260811_FULL_v1,L1_ELIGIBILITY,v2026-08-11,2026-03-21..2026-08-06,baccarat_bet02_101_all_pairs_incl_sentinel,round_win = game_pnl > 0 (decisive only),COMPATIBILITY_ONLY_NOT_PRODUCTION,1483.1476,1276.9031,167.2442,111,109,-0.11276299,,-0.11276299,-0.11276299,-167.2442,1483.1476,OK,0.0000,5.0173,3.0000,97.0000,AG03-UNRESOLVED,ALL5_LEVELS_bet23_to_bet27,5.0173,5.0173,5.0173,6.6898,8.3622,3.000000,3.000000,3.000000,4.000000,5.000000,97.000000,97.000000,97.000000,96.000000,95.000000,5.0,30.1039,28.0372,137.1402,139.207,PENDING_AG03,FALSE,NOT_FOR_ENFORCEMENT,162.2268,1238.5960,167.2442,162.2268,5.0173,0.11276299,0.10938010,5.0173,162.2268,0.10938010,5.0173,5.0173,5.0173,6.6898,8.3622,162.2268,0.10938010,30.1039,28.0372,137.1402,139.207,0.09246565,0.09385915,0.00338289,13.3617,11.7147,1.5344,33.4488,2.9341,296.6295,21.8000,,13.3617,5.2352,6.544,13.088,26.176,31.4111,108.2628,5.2352,0.0,4.8,16.543862,2.041827,27,41,4,3,0E-8,0.11276299,,0E-8,0.000000,0.860941,0.000000,,2026-03-25,2026-04-15,5,57,41,22,0.227273,,,0.000000,,,,,,,,GLOBAL_BASELINE_NO_ENTITY_RANKING,,,NOT_APPLICABLE_GLOBAL_BASELINE,HF9g-P5,,,,X 全窗基线 · 不参与实体赏罚,6879977,688,A168_HF9F_20260827_0900,2026-08-27 09:00:00
2026-04-01,144754461,2171,0,30.1023479831,-10.1955343821,-10.1955343821,0.3333333,3,3,0.50665070000000000,0.506650700000,-0.6004420894325239,-0.6004420894325239,-0.6004420894325239,0E-17,ELIGIBLE,R03b_20260811_FULL_v1,L1_ELIGIBILITY,v2026-08-11,2026-03-21..2026-08-06,baccarat_bet02_101_all_pairs_incl_sentinel,round_win = game_pnl > 0 (decisive only),COMPATIBILITY_ONLY_NOT_PRODUCTION,187.1581,187.1581,167.2513,5,5,-0.89363636,,-0.89363636,-0.89363636,-167.2513,187.1581,THIN_EXPOSURE,0.0000,5.0175,3.0000,97.0000,AG03-UNRESOLVED,ALL5_LEVELS_bet23_to_bet27,5.0175,5.0175,5.0175,6.6901,6.6901,3.000000,3.000000,3.000000,4.000000,4.000000,97.000000,97.000000,97.000000,96.000000,96.000000,5.0,28.4327,26.573,138.8185,140.6783,PENDING_AG03,FALSE,NOT_FOR_ENFORCEMENT,162.2337,181.5433,167.2513,162.2337,5.0175,0.89363636,0.86682727,5.0175,162.2337,0.86682727,5.0175,5.0175,5.0175,6.6901,6.6901,162.2337,0.86682727,28.4327,26.573,138.8185,140.6783,0.74171818,0.75165491,0.02680909,37.4316,37.4316,33.4503,83.6256,55.7504,93.5790,2.5000,,37.4316,10.0777,10.2086,71.9839,91.6158,91.6158,91.6158,10.2086,-10.2086,8.97436,8.97436,3.666667,3,3,1,1,0E-8,0.89363636,,0E-8,0.000000,1.000000,0.000000,,2026-04-01,2026-04-05,2,3,3,5,0.400000,,,0.000000,,,,,,,,GLOBAL_BASELINE_NO_ENTITY_RANKING,,,NOT_APPLICABLE_GLOBAL_BASELINE,HF9g-P5,,,,X 全窗基线 · 不参与实体赏罚,6879978,688,A168_HF9F_20260827_0900,2026-08-27 09:00:00
2026-04-05,144754461,1094,0,91.6158416878,-91.6158416878,-91.6158416878,0E-7,1,1,0.50665070000000000,0.506650700000,-1.013391052207602,-1.013391052207602,-1.013391052207602,0E-17,ELIGIBLE,R03b_20260811_FULL_v1,L1_ELIGIBILITY,v2026-08-11,2026-03-21..2026-08-06,baccarat_bet02_101_all_pairs_incl_sentinel,round_win = game_pnl > 0 (decisive only),COMPATIBILITY_ONLY_NOT_PRODUCTION,187.1581,187.1581,167.2513,5,5,-0.89363636,,-0.89363636,-0.89363636,-167.2513,187.1581,THIN_EXPOSURE,0.0000,5.0175,3.0000,97.0000,AG03-UNRESOLVED,ALL5_LEVELS_bet23_to_bet27,5.0175,5.0175,5.0175,6.6901,6.6901,3.000000,3.000000,3.000000,4.000000,4.000000,97.000000,97.000000,97.000000,96.000000,96.000000,5.0,28.4327,26.573,138.8185,140.6783,PENDING_AG03,FALSE,NOT_FOR_ENFORCEMENT,162.2337,181.5433,167.2513,162.2337,5.0175,0.89363636,0.86682727,5.0175,162.2337,0.86682727,5.0175,5.0175,5.0175,6.6901,6.6901,162.2337,0.86682727,28.4327,26.573,138.8185,140.6783,0.74171818,0.75165491,0.02680909,37.4316,37.4316,33.4503,83.6256,55.7504,93.5790,2.5000,,37.4316,10.0777,10.2086,71.9839,91.6158,91.6158,91.6158,10.2086,-10.2086,8.97436,8.97436,3.666667,3,3,1,1,0E-8,0.89363636,,0E-8,0.000000,1.000000,0.000000,,2026-04-01,2026-04-05,2,3,3,5,0.400000,,,0.000000,,,,,,,,GLOBAL_BASELINE_NO_ENTITY_RANKING,,,NOT_APPLICABLE_GLOBAL_BASELINE,HF9g-P5,,,,X 全窗基线 · 不参与实体赏罚,6879979,688,A168_HF9F_20260827_0900,2026-08-27 09:00:00
2026-04-05,144754461,2258,0,65.4398869199,-65.4398869199,-65.4398869199,0E-7,1,1,0.50665070000000000,0.506650700000,-1.013391052207602,-1.013391052207602,-1.013391052207602,0E-17,ELIGIBLE,R03b_20260811_FULL_v1,L1_ELIGIBILITY,v2026-08-11,2026-03-21..2026-08-06,baccarat_bet02_101_all_pairs_incl_sentinel,round_win = game_pnl > 0 (decisive only),COMPATIBILITY_ONLY_NOT_PRODUCTION,187.1581,187.1581,167.2513,5,5,-0.89363636,,-0.89363636,-0.89363636,-167.2513,187.1581,THIN_EXPOSURE,0.0000,5.0175,3.0000,97.0000,AG03-UNRESOLVED,ALL5_LEVELS_bet23_to_bet27,5.0175,5.0175,5.0175,6.6901,6.6901,3.000000,3.000000,3.000000,4.000000,4.000000,97.000000,97.000000,97.000000,96.000000,96.000000,5.0,28.4327,26.573,138.8185,140.6783,PENDING_AG03,FALSE,NOT_FOR_ENFORCEMENT,162.2337,181.5433,167.2513,162.2337,5.0175,0.89363636,0.86682727,5.0175,162.2337,0.86682727,5.0175,5.0175,5.0175,6.6901,6.6901,162.2337,0.86682727,28.4327,26.573,138.8185,140.6783,0.74171818,0.75165491,0.02680909,37.4316,37.4316,33.4503,83.6256,55.7504,93.5790,2.5000,,37.4316,10.0777,10.2086,71.9839,91.6158,91.6158,91.6158,10.2086,-10.2086,8.97436,8.97436,3.666667,3,3,1,1,0E-8,0.89363636,,0E-8,0.000000,1.000000,0.000000,,2026-04-01,2026-04-05,2,3,3,5,0.400000,,,0.000000,,,,,,,,GLOBAL_BASELINE_NO_ENTITY_RANKING,,,NOT_APPLICABLE_GLOBAL_BASELINE,HF9g-P5,,,,X 全窗基线 · 不参与实体赏罚,6879980,688,A168_HF9F_20260827_0900,2026-08-27 09:00:00
2026-07-03,147668235,-1,1,250.0000000000,140.0000000000,140.0000000000,0.5000000,2,2,0.49994810000000000,0.499948100000,0.00014679536856514622,0.00014679536856514622,0.00014679536856514622,0E-17,SENTINEL_DEALER,R03b_20260811_FULL_v1,L1_ELIGIBILITY,v2026-08-11,2026-03-21..2026-08-06,baccarat_bet02_101_all_pairs_incl_sentinel,round_win = game_pnl > 0 (decisive only),COMPATIBILITY_ONLY_NOT_PRODUCTION,7544.0000,6144.0000,169.0000,34,29,-0.02240191,,-0.02240191,-0.02240191,-169.0000,7544.0000,OK,0.0000,6.7600,4.0000,96.0000,AG03-UNRESOLVED,ALL5_LEVELS_bet23_to_bet27,6.7600,6.7600,6.7600,6.7600,6.7600,4.000000,4.000000,4.000000,4.000000,4.000000,96.000000,96.000000,96.000000,96.000000,96.000000,5.0,33.8000,31.202,135.2000,137.798,PENDING_AG03,FALSE,NOT_FOR_ENFORCEMENT,162.2400,5898.2400,169.0000,162.2400,6.7600,0.02240191,0.02150583,6.7600,162.2400,0.02150583,6.7600,6.7600,6.7600,6.7600,6.7600,162.2400,0.02150583,33.8000,31.202,135.2000,137.798,0.01792153,0.0182659,0.00089608,221.8824,211.8621,5.8276,84.5000,11.2667,3772.0000,14.5000,,221.8824,80.0,200.0,300.0,500.0,500.0,500.0,175.0,-40.0,2.5,2.5,1.109412,11,13,4,3,0E-8,0.02240191,,0E-8,0.000000,0.814422,0.000000,,2026-07-03,2026-07-04,2,15,12,2,1.000000,,,0.000000,,,,,,,,GLOBAL_BASELINE_NO_ENTITY_RANKING,,,NOT_APPLICABLE_GLOBAL_BASELINE,HF9g-P5,,,,X 全窗基线 · 不参与实体赏罚,6879981,688,A168_HF9F_20260827_0900,2026-08-27 09:00:00
2026-07-03,147668235,1094,0,35.0000000000,-35.0000000000,-35.0000000000,0E-7,1,1,0.09460280000000000,0.094602800000,-0.32324545095860213,-0.32324545095860213,-0.32324545095860213,0E-17,ELIGIBLE,R03b_20260811_FULL_v1,L1_ELIGIBILITY,v2026-08-11,2026-03-21..2026-08-06,baccarat_bet02_101_all_pairs_incl_sentinel,round_win = game_pnl > 0 (decisive only),COMPATIBILITY_ONLY_NOT_PRODUCTION,7544.0000,6144.0000,169.0000,34,29,-0.02240191,,-0.02240191,-0.02240191,-169.0000,7544.0000,OK,0.0000,6.7600,4.0000,96.0000,AG03-UNRESOLVED,ALL5_LEVELS_bet23_to_bet27,6.7600,6.7600,6.7600,6.7600,6.7600,4.000000,4.000000,4.000000,4.000000,4.000000,96.000000,96.000000,96.000000,96.000000,96.000000,5.0,33.8000,31.202,135.2000,137.798,PENDING_AG03,FALSE,NOT_FOR_ENFORCEMENT,162.2400,5898.2400,169.0000,162.2400,6.7600,0.02240191,0.02150583,6.7600,162.2400,0.02150583,6.7600,6.7600,6.7600,6.7600,6.7600,162.2400,0.02150583,33.8000,31.202,135.2000,137.798,0.01792153,0.0182659,0.00089608,221.8824,211.8621,5.8276,84.5000,11.2667,3772.0000,14.5000,,221.8824,80.0,200.0,300.0,500.0,500.0,500.0,175.0,-40.0,2.5,2.5,1.109412,11,13,4,3,0E-8,0.02240191,,0E-8,0.000000,0.814422,0.000000,,2026-07-03,2026-07-04,2,15,12,2,1.000000,,,0.000000,,,,,,,,GLOBAL_BASELINE_NO_ENTITY_RANKING,,,NOT_APPLICABLE_GLOBAL_BASELINE,HF9g-P5,,,,X 全窗基线 · 不参与实体赏罚,6879982,688,A168_HF9F_20260827_0900,2026-08-27 09:00:00
2026-07-03,147668235,1210,0,250.0000000000,-250.0000000000,-250.0000000000,0E-7,2,2,0.50665070000000000,0.506650700000,-1.4331513700195317,-1.4331513700195317,-1.4331513700195317,0E-17,ELIGIBLE,R03b_20260811_FULL_v1,L1_ELIGIBILITY,v2026-08-11,2026-03-21..2026-08-06,baccarat_bet02_101_all_pairs_incl_sentinel,round_win = game_pnl > 0 (decisive only),COMPATIBILITY_ONLY_NOT_PRODUCTION,7544.0000,6144.0000,169.0000,34,29,-0.02240191,,-0.02240191,-0.02240191,-169.0000,7544.0000,OK,0.0000,6.7600,4.0000,96.0000,AG03-UNRESOLVED,ALL5_LEVELS_bet23_to_bet27,6.7600,6.7600,6.7600,6.7600,6.7600,4.000000,4.000000,4.000000,4.000000,4.000000,96.000000,96.000000,96.000000,96.000000,96.000000,5.0,33.8000,31.202,135.2000,137.798,PENDING_AG03,FALSE,NOT_FOR_ENFORCEMENT,162.2400,5898.2400,169.0000,162.2400,6.7600,0.02240191,0.02150583,6.7600,162.2400,0.02150583,6.7600,6.7600,6.7600,6.7600,6.7600,162.2400,0.02150583,33.8000,31.202,135.2000,137.798,0.01792153,0.0182659,0.00089608,221.8824,211.8621,5.8276,84.5000,11.2667,3772.0000,14.5000,,221.8824,80.0,200.0,300.0,500.0,500.0,500.0,175.0,-40.0,2.5,2.5,1.109412,11,13,4,3,0E-8,0.02240191,,0E-8,0.000000,0.814422,0.000000,,2026-07-03,2026-07-04,2,15,12,2,1.000000,,,0.000000,,,,,,,,GLOBAL_BASELINE_NO_ENTITY_RANKING,,,NOT_APPLICABLE_GLOBAL_BASELINE,HF9g-P5,,,,X 全窗基线 · 不参与实体赏罚,6879983,688,A168_HF9F_20260827_0900,2026-08-27 09:00:00
2026-07-03,147668235,1304,0,1990.0000000000,815.0000000000,815.0000000000,0.7142857,11,7,0.44225892523547881,0.387007700000,1.4491257629718801,1.777782140136238,1.4491257629718801,0.05525122523547881,ELIGIBLE,R03b_20260811_FULL_v1,L1_ELIGIBILITY,v2026-08-11,2026-03-21..2026-08-06,baccarat_bet02_101_all_pairs_incl_sentinel,round_win = game_pnl > 0 (decisive only),COMPATIBILITY_ONLY_NOT_PRODUCTION,7544.0000,6144.0000,169.0000,34,29,-0.02240191,,-0.02240191,-0.02240191,-169.0000,7544.0000,OK,0.0000,6.7600,4.0000,96.0000,AG03-UNRESOLVED,ALL5_LEVELS_bet23_to_bet27,6.7600,6.7600,6.7600,6.7600,6.7600,4.000000,4.000000,4.000000,4.000000,4.000000,96.000000,96.000000,96.000000,96.000000,96.000000,5.0,33.8000,31.202,135.2000,137.798,PENDING_AG03,FALSE,NOT_FOR_ENFORCEMENT,162.2400,5898.2400,169.0000,162.2400,6.7600,0.02240191,0.02150583,6.7600,162.2400,0.02150583,6.7600,6.7600,6.7600,6.7600,6.7600,162.2400,0.02150583,33.8000,31.202,135.2000,137.798,0.01792153,0.0182659,0.00089608,221.8824,211.8621,5.8276,84.5000,11.2667,3772.0000,14.5000,,221.8824,80.0,200.0,300.0,500.0,500.0,500.0,175.0,-40.0,2.5,2.5,1.109412,11,13,4,3,0E-8,0.02240191,,0E-8,0.000000,0.814422,0.000000,,2026-07-03,2026-07-04,2,15,12,2,1.000000,,,0.000000,,,,,,,,GLOBAL_BASELINE_NO_ENTITY_RANKING,,,NOT_APPLICABLE_GLOBAL_BASELINE,HF9g-P5,,,,X 全窗基线 · 不参与实体赏罚,6879984,688,A168_HF9F_20260827_0900,2026-08-27 09:00:00
2026-07-03,147668235,1623,0,300.0000000000,-300.0000000000,-300.0000000000,0E-7,1,1,0.49324550000000000,0.493245500000,-0.9865810262130424,-0.9865810262130424,-0.9865810262130424,0E-17,ELIGIBLE,R03b_20260811_FULL_v1,L1_ELIGIBILITY,v2026-08-11,2026-03-21..2026-08-06,baccarat_bet02_101_all_pairs_incl_sentinel,round_win = game_pnl > 0 (decisive only),COMPATIBILITY_ONLY_NOT_PRODUCTION,7544.0000,6144.0000,169.0000,34,29,-0.02240191,,-0.02240191,-0.02240191,-169.0000,7544.0000,OK,0.0000,6.7600,4.0000,96.0000,AG03-UNRESOLVED,ALL5_LEVELS_bet23_to_bet27,6.7600,6.7600,6.7600,6.7600,6.7600,4.000000,4.000000,4.000000,4.000000,4.000000,96.000000,96.000000,96.000000,96.000000,96.000000,5.0,33.8000,31.202,135.2000,137.798,PENDING_AG03,FALSE,NOT_FOR_ENFORCEMENT,162.2400,5898.2400,169.0000,162.2400,6.7600,0.02240191,0.02150583,6.7600,162.2400,0.02150583,6.7600,6.7600,6.7600,6.7600,6.7600,162.2400,0.02150583,33.8000,31.202,135.2000,137.798,0.01792153,0.0182659,0.00089608,221.8824,211.8621,5.8276,84.5000,11.2667,3772.0000,14.5000,,221.8824,80.0,200.0,300.0,500.0,500.0,500.0,175.0,-40.0,2.5,2.5,1.109412,11,13,4,3,0E-8,0.02240191,,0E-8,0.000000,0.814422,0.000000,,2026-07-03,2026-07-04,2,15,12,2,1.000000,,,0.000000,,,,,,,,GLOBAL_BASELINE_NO_ENTITY_RANKING,,,NOT_APPLICABLE_GLOBAL_BASELINE,HF9g-P5,,,,X 全窗基线 · 不参与实体赏罚,6879985,688,A168_HF9F_20260827_0900,2026-08-27 09:00:00
2026-07-03,147668235,1942,0,600.0000000000,-600.0000000000,-600.0000000000,0E-7,3,3,0.49771390000000000,0.497713900000,-1.724149546644903,-1.724149546644903,-1.724149546644903,0E-17,ELIGIBLE,R03b_20260811_FULL_v1,L1_ELIGIBILITY,v2026-08-11,2026-03-21..2026-08-06,baccarat_bet02_101_all_pairs_incl_sentinel,round_win = game_pnl > 0 (decisive only),COMPATIBILITY_ONLY_NOT_PRODUCTION,7544.0000,6144.0000,169.0000,34,29,-0.02240191,,-0.02240191,-0.02240191,-169.0000,7544.0000,OK,0.0000,6.7600,4.0000,96.0000,AG03-UNRESOLVED,ALL5_LEVELS_bet23_to_bet27,6.7600,6.7600,6.7600,6.7600,6.7600,4.000000,4.000000,4.000000,4.000000,4.000000,96.000000,96.000000,96.000000,96.000000,96.000000,5.0,33.8000,31.202,135.2000,137.798,PENDING_AG03,FALSE,NOT_FOR_ENFORCEMENT,162.2400,5898.2400,169.0000,162.2400,6.7600,0.02240191,0.02150583,6.7600,162.2400,0.02150583,6.7600,6.7600,6.7600,6.7600,6.7600,162.2400,0.02150583,33.8000,31.202,135.2000,137.798,0.01792153,0.0182659,0.00089608,221.8824,211.8621,5.8276,84.5000,11.2667,3772.0000,14.5000,,221.8824,80.0,200.0,300.0,500.0,500.0,500.0,175.0,-40.0,2.5,2.5,1.109412,11,13,4,3,0E-8,0.02240191,,0E-8,0.000000,0.814422,0.000000,,2026-07-03,2026-07-04,2,15,12,2,1.000000,,,0.000000,,,,,,,,GLOBAL_BASELINE_NO_ENTITY_RANKING,,,NOT_APPLICABLE_GLOBAL_BASELINE,HF9g-P5,,,,X 全窗基线 · 不参与实体赏罚,6879986,688,A168_HF9F_20260827_0900,2026-08-27 09:00:00
2026-07-03,147668235,1994,0,200.0000000000,-200.0000000000,-200.0000000000,0E-7,1,1,0.50665070000000000,0.506650700000,-1.013391052207602,-1.013391052207602,-1.013391052207602,0E-17,ELIGIBLE,R03b_20260811_FULL_v1,L1_ELIGIBILITY,v2026-08-11,2026-03-21..2026-08-06,baccarat_bet02_101_all_pairs_incl_sentinel,round_win = game_pnl > 0 (decisive only),COMPATIBILITY_ONLY_NOT_PRODUCTION,7544.0000,6144.0000,169.0000,34,29,-0.02240191,,-0.02240191,-0.02240191,-169.0000,7544.0000,OK,0.0000,6.7600,4.0000,96.0000,AG03-UNRESOLVED,ALL5_LEVELS_bet23_to_bet27,6.7600,6.7600,6.7600,6.7600,6.7600,4.000000,4.000000,4.000000,4.000000,4.000000,96.000000,96.000000,96.000000,96.000000,96.000000,5.0,33.8000,31.202,135.2000,137.798,PENDING_AG03,FALSE,NOT_FOR_ENFORCEMENT,162.2400,5898.2400,169.0000,162.2400,6.7600,0.02240191,0.02150583,6.7600,162.2400,0.02150583,6.7600,6.7600,6.7600,6.7600,6.7600,162.2400,0.02150583,33.8000,31.202,135.2000,137.798,0.01792153,0.0182659,0.00089608,221.8824,211.8621,5.8276,84.5000,11.2667,3772.0000,14.5000,,221.8824,80.0,200.0,300.0,500.0,500.0,500.0,175.0,-40.0,2.5,2.5,1.109412,11,13,4,3,0E-8,0.02240191,,0E-8,0.000000,0.814422,0.000000,,2026-07-03,2026-07-04,2,15,12,2,1.000000,,,0.000000,,,,,,,,GLOBAL_BASELINE_NO_ENTITY_RANKING,,,NOT_APPLICABLE_GLOBAL_BASELINE,HF9g-P5,,,,X 全窗基线 · 不参与实体赏罚,6879987,688,A168_HF9F_20260827_0900,2026-08-27 09:00:00
2026-07-03,147668235,2106,0,1500.0000000000,-500.0000000000,-500.0000000000,0E-7,3,3,0.49324550000000000,0.493245500000,-0.9865810262130424,-0.9865810262130424,-0.9865810262130424,0E-17,ELIGIBLE,R03b_20260811_FULL_v1,L1_ELIGIBILITY,v2026-08-11,2026-03-21..2026-08-06,baccarat_bet02_101_all_pairs_incl_sentinel,round_win = game_pnl > 0 (decisive only),COMPATIBILITY_ONLY_NOT_PRODUCTION,7544.0000,6144.0000,169.0000,34,29,-0.02240191,,-0.02240191,-0.02240191,-169.0000,7544.0000,OK,0.0000,6.7600,4.0000,96.0000,AG03-UNRESOLVED,ALL5_LEVELS_bet23_to_bet27,6.7600,6.7600,6.7600,6.7600,6.7600,4.000000,4.000000,4.000000,4.000000,4.000000,96.000000,96.000000,96.000000,96.000000,96.000000,5.0,33.8000,31.202,135.2000,137.798,PENDING_AG03,FALSE,NOT_FOR_ENFORCEMENT,162.2400,5898.2400,169.0000,162.2400,6.7600,0.02240191,0.02150583,6.7600,162.2400,0.02150583,6.7600,6.7600,6.7600,6.7600,6.7600,162.2400,0.02150583,33.8000,31.202,135.2000,137.798,0.01792153,0.0182659,0.00089608,221.8824,211.8621,5.8276,84.5000,11.2667,3772.0000,14.5000,,221.8824,80.0,200.0,300.0,500.0,500.0,500.0,175.0,-40.0,2.5,2.5,1.109412,11,13,4,3,0E-8,0.02240191,,0E-8,0.000000,0.814422,0.000000,,2026-07-03,2026-07-04,2,15,12,2,1.000000,,,0.000000,,,,,,,,GLOBAL_BASELINE_NO_ENTITY_RANKING,,,NOT_APPLICABLE_GLOBAL_BASELINE,HF9g-P5,,,,X 全窗基线 · 不参与实体赏罚,6879988,688,A168_HF9F_20260827_0900,2026-08-27 09:00:00
2026-07-03,147668235,2153,0,380.0000000000,110.0000000000,110.0000000000,0.5000000,4,3,0.43350765000000000,0.433507650000,0.18975414545137817,0.18975414545137817,0.18975414545137817,0E-17,ELIGIBLE,R03b_20260811_FULL_v1,L1_ELIGIBILITY,v2026-08-11,2026-03-21..2026-08-06,baccarat_bet02_101_all_pairs_incl_sentinel,round_win = game_pnl > 0 (decisive only),COMPATIBILITY_ONLY_NOT_PRODUCTION,7544.0000,6144.0000,169.0000,34,29,-0.02240191,,-0.02240191,-0.02240191,-169.0000,7544.0000,OK,0.0000,6.7600,4.0000,96.0000,AG03-UNRESOLVED,ALL5_LEVELS_bet23_to_bet27,6.7600,6.7600,6.7600,6.7600,6.7600,4.000000,4.000000,4.000000,4.000000,4.000000,96.000000,96.000000,96.000000,96.000000,96.000000,5.0,33.8000,31.202,135.2000,137.798,PENDING_AG03,FALSE,NOT_FOR_ENFORCEMENT,162.2400,5898.2400,169.0000,162.2400,6.7600,0.02240191,0.02150583,6.7600,162.2400,0.02150583,6.7600,6.7600,6.7600,6.7600,6.7600,162.2400,0.02150583,33.8000,31.202,135.2000,137.798,0.01792153,0.0182659,0.00089608,221.8824,211.8621,5.8276,84.5000,11.2667,3772.0000,14.5000,,221.8824,80.0,200.0,300.0,500.0,500.0,500.0,175.0,-40.0,2.5,2.5,1.109412,11,13,4,3,0E-8,0.02240191,,0E-8,0.000000,0.814422,0.000000,,2026-07-03,2026-07-04,2,15,12,2,1.000000,,,0.000000,,,,,,,,GLOBAL_BASELINE_NO_ENTITY_RANKING,,,NOT_APPLICABLE_GLOBAL_BASELINE,HF9g-P5,,,,X 全窗基线 · 不参与实体赏罚,6879989,688,A168_HF9F_20260827_0900,2026-08-27 09:00:00
2026-07-03,147668235,2170,0,500.0000000000,500.0000000000,500.0000000000,1.0000000,1,1,0.49324550000000000,0.493245500000,1.01360149184955,1.01360149184955,1.01360149184955,0E-17,ELIGIBLE,R03b_20260811_FULL_v1,L1_ELIGIBILITY,v2026-08-11,2026-03-21..2026-08-06,baccarat_bet02_101_all_pairs_incl_sentinel,round_win = game_pnl > 0 (decisive only),COMPATIBILITY_ONLY_NOT_PRODUCTION,7544.0000,6144.0000,169.0000,34,29,-0.02240191,,-0.02240191,-0.02240191,-169.0000,7544.0000,OK,0.0000,6.7600,4.0000,96.0000,AG03-UNRESOLVED,ALL5_LEVELS_bet23_to_bet27,6.7600,6.7600,6.7600,6.7600,6.7600,4.000000,4.000000,4.000000,4.000000,4.000000,96.000000,96.000000,96.000000,96.000000,96.000000,5.0,33.8000,31.202,135.2000,137.798,PENDING_AG03,FALSE,NOT_FOR_ENFORCEMENT,162.2400,5898.2400,169.0000,162.2400,6.7600,0.02240191,0.02150583,6.7600,162.2400,0.02150583,6.7600,6.7600,6.7600,6.7600,6.7600,162.2400,0.02150583,33.8000,31.202,135.2000,137.798,0.01792153,0.0182659,0.00089608,221.8824,211.8621,5.8276,84.5000,11.2667,3772.0000,14.5000,,221.8824,80.0,200.0,300.0,500.0,500.0,500.0,175.0,-40.0,2.5,2.5,1.109412,11,13,4,3,0E-8,0.02240191,,0E-8,0.000000,0.814422,0.000000,,2026-07-03,2026-07-04,2,15,12,2,1.000000,,,0.000000,,,,,,,,GLOBAL_BASELINE_NO_ENTITY_RANKING,,,NOT_APPLICABLE_GLOBAL_BASELINE,HF9g-P5,,,,X 全窗基线 · 不参与实体赏罚,6879990,688,A168_HF9F_20260827_0900,2026-08-27 09:00:00
2026-07-03,147668235,2196,0,500.0000000000,500.0000000000,500.0000000000,1.0000000,1,1,0.49324550000000000,0.493245500000,1.01360149184955,1.01360149184955,1.01360149184955,0E-17,ELIGIBLE,R03b_20260811_FULL_v1,L1_ELIGIBILITY,v2026-08-11,2026-03-21..2026-08-06,baccarat_bet02_101_all_pairs_incl_sentinel,round_win = game_pnl > 0 (decisive only),COMPATIBILITY_ONLY_NOT_PRODUCTION,7544.0000,6144.0000,169.0000,34,29,-0.02240191,,-0.02240191,-0.02240191,-169.0000,7544.0000,OK,0.0000,6.7600,4.0000,96.0000,AG03-UNRESOLVED,ALL5_LEVELS_bet23_to_bet27,6.7600,6.7600,6.7600,6.7600,6.7600,4.000000,4.000000,4.000000,4.000000,4.000000,96.000000,96.000000,96.000000,96.000000,96.000000,5.0,33.8000,31.202,135.2000,137.798,PENDING_AG03,FALSE,NOT_FOR_ENFORCEMENT,162.2400,5898.2400,169.0000,162.2400,6.7600,0.02240191,0.02150583,6.7600,162.2400,0.02150583,6.7600,6.7600,6.7600,6.7600,6.7600,162.2400,0.02150583,33.8000,31.202,135.2000,137.798,0.01792153,0.0182659,0.00089608,221.8824,211.8621,5.8276,84.5000,11.2667,3772.0000,14.5000,,221.8824,80.0,200.0,300.0,500.0,500.0,500.0,175.0,-40.0,2.5,2.5,1.109412,11,13,4,3,0E-8,0.02240191,,0E-8,0.000000,0.814422,0.000000,,2026-07-03,2026-07-04,2,15,12,2,1.000000,,,0.000000,,,,,,,,GLOBAL_BASELINE_NO_ENTITY_RANKING,,,NOT_APPLICABLE_GLOBAL_BASELINE,HF9g-P5,,,,X 全窗基线 · 不参与实体赏罚,6879991,688,A168_HF9F_20260827_0900,2026-08-27 09:00:00
2026-07-03,147668235,2239,0,300.0000000000,0E-10,0E-10,,1,1,0.50665070000000000,0.506650700000,,,,0E-17,NO_DECISIVE_ROUND,R03b_20260811_FULL_v1,L1_ELIGIBILITY,v2026-08-11,2026-03-21..2026-08-06,baccarat_bet02_101_all_pairs_incl_sentinel,round_win = game_pnl > 0 (decisive only),COMPATIBILITY_ONLY_NOT_PRODUCTION,7544.0000,6144.0000,169.0000,34,29,-0.02240191,,-0.02240191,-0.02240191,-169.0000,7544.0000,OK,0.0000,6.7600,4.0000,96.0000,AG03-UNRESOLVED,ALL5_LEVELS_bet23_to_bet27,6.7600,6.7600,6.7600,6.7600,6.7600,4.000000,4.000000,4.000000,4.000000,4.000000,96.000000,96.000000,96.000000,96.000000,96.000000,5.0,33.8000,31.202,135.2000,137.798,PENDING_AG03,FALSE,NOT_FOR_ENFORCEMENT,162.2400,5898.2400,169.0000,162.2400,6.7600,0.02240191,0.02150583,6.7600,162.2400,0.02150583,6.7600,6.7600,6.7600,6.7600,6.7600,162.2400,0.02150583,33.8000,31.202,135.2000,137.798,0.01792153,0.0182659,0.00089608,221.8824,211.8621,5.8276,84.5000,11.2667,3772.0000,14.5000,,221.8824,80.0,200.0,300.0,500.0,500.0,500.0,175.0,-40.0,2.5,2.5,1.109412,11,13,4,3,0E-8,0.02240191,,0E-8,0.000000,0.814422,0.000000,,2026-07-03,2026-07-04,2,15,12,2,1.000000,,,0.000000,,,,,,,,GLOBAL_BASELINE_NO_ENTITY_RANKING,,,NOT_APPLICABLE_GLOBAL_BASELINE,HF9g-P5,,,,X 全窗基线 · 不参与实体赏罚,6879992,688,A168_HF9F_20260827_0900,2026-08-27 09:00:00
2026-07-03,147668235,2281,0,200.0000000000,190.0000000000,190.0000000000,1.0000000,1,1,0.50665070000000000,0.506650700000,0.9867858985152569,0.9867858985152569,0.9867858985152569,0E-17,ELIGIBLE,R03b_20260811_FULL_v1,L1_ELIGIBILITY,v2026-08-11,2026-03-21..2026-08-06,baccarat_bet02_101_all_pairs_incl_sentinel,round_win = game_pnl > 0 (decisive only),COMPATIBILITY_ONLY_NOT_PRODUCTION,7544.0000,6144.0000,169.0000,34,29,-0.02240191,,-0.02240191,-0.02240191,-169.0000,7544.0000,OK,0.0000,6.7600,4.0000,96.0000,AG03-UNRESOLVED,ALL5_LEVELS_bet23_to_bet27,6.7600,6.7600,6.7600,6.7600,6.7600,4.000000,4.000000,4.000000,4.000000,4.000000,96.000000,96.000000,96.000000,96.000000,96.000000,5.0,33.8000,31.202,135.2000,137.798,PENDING_AG03,FALSE,NOT_FOR_ENFORCEMENT,162.2400,5898.2400,169.0000,162.2400,6.7600,0.02240191,0.02150583,6.7600,162.2400,0.02150583,6.7600,6.7600,6.7600,6.7600,6.7600,162.2400,0.02150583,33.8000,31.202,135.2000,137.798,0.01792153,0.0182659,0.00089608,221.8824,211.8621,5.8276,84.5000,11.2667,3772.0000,14.5000,,221.8824,80.0,200.0,300.0,500.0,500.0,500.0,175.0,-40.0,2.5,2.5,1.109412,11,13,4,3,0E-8,0.02240191,,0E-8,0.000000,0.814422,0.000000,,2026-07-03,2026-07-04,2,15,12,2,1.000000,,,0.000000,,,,,,,,GLOBAL_BASELINE_NO_ENTITY_RANKING,,,NOT_APPLICABLE_GLOBAL_BASELINE,HF9g-P5,,,,X 全窗基线 · 不参与实体赏罚,6879993,688,A168_HF9F_20260827_0900,2026-08-27 09:00:00
2026-07-04,147668235,1623,0,200.0000000000,-200.0000000000,-200.0000000000,0E-7,1,1,0.49324550000000000,0.493245500000,-0.9865810262130424,-0.9865810262130424,-0.9865810262130424,0E-17,ELIGIBLE,R03b_20260811_FULL_v1,L1_ELIGIBILITY,v2026-08-11,2026-03-21..2026-08-06,baccarat_bet02_101_all_pairs_incl_sentinel,round_win = game_pnl > 0 (decisive only),COMPATIBILITY_ONLY_NOT_PRODUCTION,7544.0000,6144.0000,169.0000,34,29,-0.02240191,,-0.02240191,-0.02240191,-169.0000,7544.0000,OK,0.0000,6.7600,4.0000,96.0000,AG03-UNRESOLVED,ALL5_LEVELS_bet23_to_bet27,6.7600,6.7600,6.7600,6.7600,6.7600,4.000000,4.000000,4.000000,4.000000,4.000000,96.000000,96.000000,96.000000,96.000000,96.000000,5.0,33.8000,31.202,135.2000,137.798,PENDING_AG03,FALSE,NOT_FOR_ENFORCEMENT,162.2400,5898.2400,169.0000,162.2400,6.7600,0.02240191,0.02150583,6.7600,162.2400,0.02150583,6.7600,6.7600,6.7600,6.7600,6.7600,162.2400,0.02150583,33.8000,31.202,135.2000,137.798,0.01792153,0.0182659,0.00089608,221.8824,211.8621,5.8276,84.5000,11.2667,3772.0000,14.5000,,221.8824,80.0,200.0,300.0,500.0,500.0,500.0,175.0,-40.0,2.5,2.5,1.109412,11,13,4,3,0E-8,0.02240191,,0E-8,0.000000,0.814422,0.000000,,2026-07-03,2026-07-04,2,15,12,2,1.000000,,,0.000000,,,,,,,,GLOBAL_BASELINE_NO_ENTITY_RANKING,,,NOT_APPLICABLE_GLOBAL_BASELINE,HF9g-P5,,,,X 全窗基线 · 不参与实体赏罚,6879994,688,A168_HF9F_20260827_0900,2026-08-27 09:00:00
2026-07-04,147668235,1942,0,339.0000000000,-339.0000000000,-339.0000000000,0E-7,1,1,0.50665070000000000,0.506650700000,-1.013391052207602,-1.013391052207602,-1.013391052207602,0E-17,ELIGIBLE,R03b_20260811_FULL_v1,L1_ELIGIBILITY,v2026-08-11,2026-03-21..2026-08-06,baccarat_bet02_101_all_pairs_incl_sentinel,round_win = game_pnl > 0 (decisive only),COMPATIBILITY_ONLY_NOT_PRODUCTION,7544.0000,6144.0000,169.0000,34,29,-0.02240191,,-0.02240191,-0.02240191,-169.0000,7544.0000,OK,0.0000,6.7600,4.0000,96.0000,AG03-UNRESOLVED,ALL5_LEVELS_bet23_to_bet27,6.7600,6.7600,6.7600,6.7600,6.7600,4.000000,4.000000,4.000000,4.000000,4.000000,96.000000,96.000000,96.000000,96.000000,96.000000,5.0,33.8000,31.202,135.2000,137.798,PENDING_AG03,FALSE,NOT_FOR_ENFORCEMENT,162.2400,5898.2400,169.0000,162.2400,6.7600,0.02240191,0.02150583,6.7600,162.2400,0.02150583,6.7600,6.7600,6.7600,6.7600,6.7600,162.2400,0.02150583,33.8000,31.202,135.2000,137.798,0.01792153,0.0182659,0.00089608,221.8824,211.8621,5.8276,84.5000,11.2667,3772.0000,14.5000,,221.8824,80.0,200.0,300.0,500.0,500.0,500.0,175.0,-40.0,2.5,2.5,1.109412,11,13,4,3,0E-8,0.02240191,,0E-8,0.000000,0.814422,0.000000,,2026-07-03,2026-07-04,2,15,12,2,1.000000,,,0.000000,,,,,,,,GLOBAL_BASELINE_NO_ENTITY_RANKING,,,NOT_APPLICABLE_GLOBAL_BASELINE,HF9g-P5,,,,X 全窗基线 · 不参与实体赏罚,6879995,688,A168_HF9F_20260827_0900,2026-08-27 09:00:00
2026-06-20,151816959,-1,1,40.0000000000,38.0000000000,38.0000000000,1.0000000,1,1,0.50665070000000000,0.506650700000,0.9867858985152569,0.9867858985152569,0.9867858985152569,0E-17,SENTINEL_DEALER,R03b_20260811_FULL_v1,L1_ELIGIBILITY,v2026-08-11,2026-03-21..2026-08-06,baccarat_bet02_101_all_pairs_incl_sentinel,round_win = game_pnl > 0 (decisive only),COMPATIBILITY_ONLY_NOT_PRODUCTION,3360.0000,3010.0000,169.0000,110,108,-0.05029762,,-0.05029762,-0.05029762,-169.0000,3360.0000,OK,0.0000,6.7600,4.0000,96.0000,AG03-UNRESOLVED,ALL5_LEVELS_bet23_to_bet27,6.7600,6.7600,7.6050,7.6050,7.6050,4.000000,4.000000,4.500000,4.500000,4.500000,96.000000,96.000000,95.500000,95.500000,95.500000,5.0,36.3350,33.3439,132.6650,135.6561,PENDING_AG03,FALSE,NOT_FOR_ENFORCEMENT,162.2400,2889.6000,169.0000,162.2400,6.7600,0.05029762,0.04828571,6.7600,162.2400,0.04828571,6.7600,6.7600,7.6050,7.6050,7.6050,162.2400,0.04828571,36.3350,33.3439,132.6650,135.6561,0.03948363,0.04037384,0.00201190,30.5455,27.8704,1.5648,169.0000,24.1429,3360.0000,108.0000,,30.5455,30.0,30.0,40.0,40.0,40.0,50.0,30.0,0.0,1.333333,1.666667,1.018182,4,7,1,4,0E-8,0.05029762,,0E-8,0.000000,0.895833,0.000000,,2026-06-20,2026-06-20,1,7,4,1,1.000000,,,0.000000,,,,,,,,GLOBAL_BASELINE_NO_ENTITY_RANKING,,,NOT_APPLICABLE_GLOBAL_BASELINE,HF9g-P5,,,,X 全窗基线 · 不参与实体赏罚,6879996,688,A168_HF9F_20260827_0900,2026-08-27 09:00:00
2026-06-20,151816959,1384,0,130.0000000000,-52.0000000000,-52.0000000000,0.2500000,4,4,0.50329940000000000,0.503299400000,-1.013219660140378,-1.013219660140378,-1.013219660140378,0E-17,ELIGIBLE,R03b_20260811_FULL_v1,L1_ELIGIBILITY,v2026-08-11,2026-03-21..2026-08-06,baccarat_bet02_101_all_pairs_incl_sentinel,round_win = game_pnl > 0 (decisive only),COMPATIBILITY_ONLY_NOT_PRODUCTION,3360.0000,3010.0000,169.0000,110,108,-0.05029762,,-0.05029762,-0.05029762,-169.0000,3360.0000,OK,0.0000,6.7600,4.0000,96.0000,AG03-UNRESOLVED,ALL5_LEVELS_bet23_to_bet27,6.7600,6.7600,7.6050,7.6050,7.6050,4.000000,4.000000,4.500000,4.500000,4.500000,96.000000,96.000000,95.500000,95.500000,95.500000,5.0,36.3350,33.3439,132.6650,135.6561,PENDING_AG03,FALSE,NOT_FOR_ENFORCEMENT,162.2400,2889.6000,169.0000,162.2400,6.7600,0.05029762,0.04828571,6.7600,162.2400,0.04828571,6.7600,6.7600,7.6050,7.6050,7.6050,162.2400,0.04828571,36.3350,33.3439,132.6650,135.6561,0.03948363,0.04037384,0.00201190,30.5455,27.8704,1.5648,169.0000,24.1429,3360.0000,108.0000,,30.5455,30.0,30.0,40.0,40.0,40.0,50.0,30.0,0.0,1.333333,1.666667,1.018182,4,7,1,4,0E-8,0.05029762,,0E-8,0.000000,0.895833,0.000000,,2026-06-20,2026-06-20,1,7,4,1,1.000000,,,0.000000,,,,,,,,GLOBAL_BASELINE_NO_ENTITY_RANKING,,,NOT_APPLICABLE_GLOBAL_BASELINE,HF9g-P5,,,,X 全窗基线 · 不参与实体赏罚,6879997,688,A168_HF9F_20260827_0900,2026-08-27 09:00:00
2026-06-20,151816959,1935,0,200.0000000000,-3.0000000000,-3.0000000000,0.5000000,6,6,0.49994810000000000,0.499948100000,0.00025425703667063243,0.00025425703667063243,0.00025425703667063243,0E-17,ELIGIBLE,R03b_20260811_FULL_v1,L1_ELIGIBILITY,v2026-08-11,2026-03-21..2026-08-06,baccarat_bet02_101_all_pairs_incl_sentinel,round_win = game_pnl > 0 (decisive only),COMPATIBILITY_ONLY_NOT_PRODUCTION,3360.0000,3010.0000,169.0000,110,108,-0.05029762,,-0.05029762,-0.05029762,-169.0000,3360.0000,OK,0.0000,6.7600,4.0000,96.0000,AG03-UNRESOLVED,ALL5_LEVELS_bet23_to_bet27,6.7600,6.7600,7.6050,7.6050,7.6050,4.000000,4.000000,4.500000,4.500000,4.500000,96.000000,96.000000,95.500000,95.500000,95.500000,5.0,36.3350,33.3439,132.6650,135.6561,PENDING_AG03,FALSE,NOT_FOR_ENFORCEMENT,162.2400,2889.6000,169.0000,162.2400,6.7600,0.05029762,0.04828571,6.7600,162.2400,0.04828571,6.7600,6.7600,7.6050,7.6050,7.6050,162.2400,0.04828571,36.3350,33.3439,132.6650,135.6561,0.03948363,0.04037384,0.00201190,30.5455,27.8704,1.5648,169.0000,24.1429,3360.0000,108.0000,,30.5455,30.0,30.0,40.0,40.0,40.0,50.0,30.0,0.0,1.333333,1.666667,1.018182,4,7,1,4,0E-8,0.05029762,,0E-8,0.000000,0.895833,0.000000,,2026-06-20,2026-06-20,1,7,4,1,1.000000,,,0.000000,,,,,,,,GLOBAL_BASELINE_NO_ENTITY_RANKING,,,NOT_APPLICABLE_GLOBAL_BASELINE,HF9g-P5,,,,X 全窗基线 · 不参与实体赏罚,6879998,688,A168_HF9F_20260827_0900,2026-08-27 09:00:00
2026-06-20,151816959,2101,0,1140.0000000000,-108.0000000000,-108.0000000000,0.4400000,33,32,0.49421854687500000,0.491002468750,-0.5422217177006424,-0.5101072862381727,-0.5422217177006424,0.00321607812500000,ELIGIBLE,R03b_20260811_FULL_v1,L1_ELIGIBILITY,v2026-08-11,2026-03-21..2026-08-06,baccarat_bet02_101_all_pairs_incl_sentinel,round_win = game_pnl > 0 (decisive only),COMPATIBILITY_ONLY_NOT_PRODUCTION,3360.0000,3010.0000,169.0000,110,108,-0.05029762,,-0.05029762,-0.05029762,-169.0000,3360.0000,OK,0.0000,6.7600,4.0000,96.0000,AG03-UNRESOLVED,ALL5_LEVELS_bet23_to_bet27,6.7600,6.7600,7.6050,7.6050,7.6050,4.000000,4.000000,4.500000,4.500000,4.500000,96.000000,96.000000,95.500000,95.500000,95.500000,5.0,36.3350,33.3439,132.6650,135.6561,PENDING_AG03,FALSE,NOT_FOR_ENFORCEMENT,162.2400,2889.6000,169.0000,162.2400,6.7600,0.05029762,0.04828571,6.7600,162.2400,0.04828571,6.7600,6.7600,7.6050,7.6050,7.6050,162.2400,0.04828571,36.3350,33.3439,132.6650,135.6561,0.03948363,0.04037384,0.00201190,30.5455,27.8704,1.5648,169.0000,24.1429,3360.0000,108.0000,,30.5455,30.0,30.0,40.0,40.0,40.0,50.0,30.0,0.0,1.333333,1.666667,1.018182,4,7,1,4,0E-8,0.05029762,,0E-8,0.000000,0.895833,0.000000,,2026-06-20,2026-06-20,1,7,4,1,1.000000,,,0.000000,,,,,,,,GLOBAL_BASELINE_NO_ENTITY_RANKING,,,NOT_APPLICABLE_GLOBAL_BASELINE,HF9g-P5,,,,X 全窗基线 · 不参与实体赏罚,6879999,688,A168_HF9F_20260827_0900,2026-08-27 09:00:00
2026-06-20,151816959,2170,0,760.0000000000,-97.0000000000,-97.0000000000,0.4400000,27,27,0.49771390000000000,0.497713900000,-0.5771450326436873,-0.5771450326436873,-0.5771450326436873,0E-17,ELIGIBLE,R03b_20260811_FULL_v1,L1_ELIGIBILITY,v2026-08-11,2026-03-21..2026-08-06,baccarat_bet02_101_all_pairs_incl_sentinel,round_win = game_pnl > 0 (decisive only),COMPATIBILITY_ONLY_NOT_PRODUCTION,3360.0000,3010.0000,169.0000,110,108,-0.05029762,,-0.05029762,-0.05029762,-169.0000,3360.0000,OK,0.0000,6.7600,4.0000,96.0000,AG03-UNRESOLVED,ALL5_LEVELS_bet23_to_bet27,6.7600,6.7600,7.6050,7.6050,7.6050,4.000000,4.000000,4.500000,4.500000,4.500000,96.000000,96.000000,95.500000,95.500000,95.500000,5.0,36.3350,33.3439,132.6650,135.6561,PENDING_AG03,FALSE,NOT_FOR_ENFORCEMENT,162.2400,2889.6000,169.0000,162.2400,6.7600,0.05029762,0.04828571,6.7600,162.2400,0.04828571,6.7600,6.7600,7.6050,7.6050,7.6050,162.2400,0.04828571,36.3350,33.3439,132.6650,135.6561,0.03948363,0.04037384,0.00201190,30.5455,27.8704,1.5648,169.0000,24.1429,3360.0000,108.0000,,30.5455,30.0,30.0,40.0,40.0,40.0,50.0,30.0,0.0,1.333333,1.666667,1.018182,4,7,1,4,0E-8,0.05029762,,0E-8,0.000000,0.895833,0.000000,,2026-06-20,2026-06-20,1,7,4,1,1.000000,,,0.000000,,,,,,,,GLOBAL_BASELINE_NO_ENTITY_RANKING,,,NOT_APPLICABLE_GLOBAL_BASELINE,HF9g-P5,,,,X 全窗基线 · 不参与实体赏罚,6880000,688,A168_HF9F_20260827_0900,2026-08-27 09:00:00
